34-75249,aHR0cDovL3RzaG9wLnIxMHMuanAvbG9jb25kby9jYWJpbmV0L2NvbW1vZGl0eS85MzEvcm8yMDQ3ZXcwMDU2NV8xLmpwZz9maXRpbj03MDA6NzAw,MjQxOS4yMDAw,,44K544Od44O844OE44O744Ki44Km44OI44OJ44KiID4g44OV44Kj44OD44OI44ON44K544O744OI44Os44O844OL44Oz44KwID4g44Km44Kn44KiID4g44Os44OH44Kj44O844K544Km44Kn44KiID4g44OR44Oz44OE,44Ot44Kt44K344O8IFJPWFkg44Os44OH44Kj44O844K5IOODrOOCruODs+OCuSBLRUVQIElUIFJPWFkgTEVHR0lOR1MgUlBUMTcxMjA2,44CQ44GC44GZ5qW944CR44CQ5Lqk5o+b44O76L+U5ZOB5Y+v6IO944CRL+ODleOCo+ODg+ODiOODjeOCuS/jg63jgrPjg7Pjg4kv,4peH6Lqr6ZW3MTYwY20gQjc1IFc1NSBINzkv44Oi44OH44Or552A55So44K144Kk44K6TQoK44Ot44Kt44K344O8IFJPWFkg44Os44OH44Kj44O844K5IOODrOOCruODs+OCuSBLRUVQIElUIFJPWFkgTEVHR0lOR1MgUlBUMTcxMjA244CCCuODlOODg+OCv+ODquOBquiWhOOBmeOBjuOBmuWOmuOBpOOBjuOBquOBhOOCueODiOODrOODg+ODgeaEn+OBjOW/g+WcsOOCiOOBhOODrOOCruODs+OCueOBjOeZu+WgtOOAggrilqDnlJ/nlKPlm706IOS4reWbvQrilqDntKDmnZA6IOOCs+ODg+ODiOODs+ODu+ODneODquOCqOOCueODhuODq+ODu+ODneODquOCpuODrOOCv+ODswoKCuKAu+WVhuWTgeOBrueJueaAp+S4iuOAgeedgOeUqOOBleOCjOOBn+WgtOWQiOOBr+OBlOi/lOWTgeOCkuOBiuWPl+OBkeOBp+OBjeOBvuOBm+OCk+OBruOBp+OBlOazqOaEj+OBj+OBoOOBleOBhOOAggoKMjAxN1NTCgpzcG9ydHNfYnJhbmQKCuavjeOBruaXpeOCruODleODiOOBq+OCguOCquOCueOCueODoeOBp+OBmQo8YnIgLz48YnIgLz48Yj7liKXjgqvjg6njg7zjga/jgZPjgaHjgonvvIEg44OB44Oj44Kz44O844Or44Kw44Os44O8KOOCsOODrOODvCk8L2I+PGJyIC8+PGJyIC8+44O7IOWVhuWTgeeVquWPtzogUk8yMDQ3RVcwMDU2NTxiciAvPuODuyDjg5bjg6njg7Pjg4nllYblk4Hnlarlj7c6IDk0Nzk3MjAwMjcgODcwMDxiciAvPuODuyDjg5bjg6njg7Pjg4nlkI06IFJPWFk8YnIgLz7jg7sg6ImyOiDjg5bjg6njg4Pjgq88YnIgLz48IS0tID09PT09IERFQUwxID09PT09IC0tPgoKPEJyPgo8Q0VOVEVSPgogPGltZyBzcmM9Imh0dHA6Ly9ldmVudC5yYWt1dGVuLmNvLmpwL2ZhdGhlci8yMDE3L2Juci8yMDE3MDYwMV9mYXRoZXJfY2FtcGFpZ25fNjE2eDEyMC5qcGciPgo8L0NFTlRFUj4=,44Ot44Kt44K344O8IFJPWFkg44Os44OH44Kj44O844K5IOODrOOCruODs+OCuSBLRUVQIElUIFJPWFkgTEVHR0lOR1MgUlBUMTcxMjA277yaTE9DT01BTEzvvIjjg63jgrPjg7Pjg4nlhazlvI/jgrnjg4jjgqLvvIk=,6Z2044OQ44OD44Kw6YCa6LKp44K344Ol44O844K644OR44Oz44OX44K544K544OL44O844Kr44O844K144Oz44OA44Or44OW44O844OE44Ot44Kt44K344O8IFJPWFkg44Os44OH44Kj44O844K5IOODrOOCruODs+OCuSBLRUVQIElUIFJPWFkgTEVHR0lOR1MgUlBUMTcxMjA2,44CQ44GC44GZ5qW944CR44CQ5Lqk5o+b44O76L+U5ZOB5Y+v6IO944CRL+ODleOCo+ODg+ODiOODjeOCuS/jg63jgrPjg7Pjg4kv44CC44Ot44Kt44K344O8IFJPWFkg44Os44OH44Kj44O844K5IOODrOOCruODs+OCuSBLRUVQIElUIFJPWFkgTEVHR0lOR1MgUlBUMTcxMjA2[rn]
34-75250,aHR0cDovL3RzaG9wLnIxMHMuanAvbG9jb25kby9jYWJpbmV0L2NvbW1vZGl0eS8xMDUxL3JlMTc1OWV3MTA3ODRfMS5qcGc/Zml0aW49NzAwOjcwMA==,NjAzOS4yMDAw,,44K544Od44O844OE44O744Ki44Km44OI44OJ44KiID4g44OV44Kj44OD44OI44ON44K544O744OI44Os44O844OL44Oz44KwID4g44Km44Kn44KiID4g44Os44OH44Kj44O844K544Km44Kn44KiID4g44OR44Oz44OE,44Oq44O844Oc44OD44KvIFJFRUJPSyDjg6zjg4fjgqPjg7zjgrkg44OV44Kj44OD44OI44ON44K5IOOCq+ODl+ODquODkeODs+ODhCDjg6bjg6vjgrnjg6rjg6Ag44Kw44Op44OV44Kj44OD44Kv44Kr44OX44Oq44OR44Oz44OEIEJDNTE3NA==,44CQ44GC44GZ5qW944CR44CQ5Lqk5o+b44O76L+U5ZOB5Y+v6IO944CRL+ODleOCo+ODg+ODiOODjeOCuS/jg63jgrPjg7Pjg4kv,4peH6Lqr6ZW3MTY1Y20gQjc5IFc1NiBIODQg6IKh5LiLNzgv44Oi44OH44Or552A55So44K144Kk44K6UwoK44Oq44O844Oc44OD44KvIFJFRUJPSyDjg6zjg4fjgqPjg7zjgrkg44OV44Kj44OD44OI44ON44K5IOOCq+ODl+ODquODkeODs+ODhCDjg6bjg6vjgrnjg6rjg6Ag44Kw44Op44OV44Kj44OD44Kv44Kr44OX44Oq44OR44Oz44OE44CCCuOChuOCi+OCueODquODoOOCt+ODquODvOOCuuOBruOCsOODqeODleOCo+ODg+OCr+OCq+ODl+ODquODkeODs+ODhOOBp+OBmeOAggrjgqbjgqjjgrnjg4jjgYvjgonjg5Ljg4Pjg5fjga/jgobjgovjgoHjgavoo77lkajjgorjga/nqIvjgarjgY/jgrnjg6rjg6Djgarjgrfjg6vjgqjjg4Pjg4jjgafjgZnjgIIK44OA44OW44Or44OL44OD44OI57Sg5p2Q44GrU1MxN+OBr+ODkOODs+ODgOODiuafhOOCkuaOoeeUqOOBl+OBvuOBl+OBn+OAggrjgrfjg4Pjgq/jgaflpKfkurrjgarljbDosaHjgavku5XkuIrjgZLjgabjgYTjgb7jgZnjgIIK4pag55Sf55Sj5Zu9OiDkuK3lm70K4pag57Sg5p2QOiDjg53jg6rjgqjjgrnjg4bjg6sxMDAlCgoKMjAxN1NTCjxiciAvPjxiciAvPjxiPuWIpeOCq+ODqeODvOOBr+OBk+OBoeOCie+8gSDjgrDjg6njg5XjgqHjgqTjg4go44Kw44Os44O8KTwvYj48YnIgLz48YnIgLz7jg7sg5ZWG5ZOB55Wq5Y+3OiBSRTE3NTlFVzEwNzg0PGJyIC8+44O7IOODluODqeODs+ODieWVhuWTgeeVquWPtzogMzIyMjYzMDAyNyAzNDAwPGJyIC8+44O7IOODluODqeODs+ODieWQjTogUkVFQk9LPGJyIC8+44O7IOiJsjog44OP44Oz44K/44O844Kw44Oq44O844OzPGJyIC8+44O7IOODluODqeODs+ODieOBrue0ueS7izogMTkwMOW5tOOCpOOCruODquOCueOBp+WJtealreOBleOCjOOBn0rjg7tX44O744OV44Kp44K544K/44O856S+44KS5aeL44G+44KK44Go44GX44CB44K544Od44O844OE55So5ZOB44OW44Op44Oz44OJ44Go44GX44Gm6KqV55Sf44GX44GfUmVlYm9r77yI44Oq44O844Oc44OD44Kv77yJ44CCMTk5MOW5tOS7o+OBruOCueODi+ODvOOCq+ODvOODluODvOODoOOBp+S6uuawl+OBqOOBquOBo+OBn+OCt+ODquODvOOCuuOAgeOAjFRIRSBQVU1QIFRFQ0hOT0xPR1njgI3jgIxJTlNUQSBQVU1QIFNZU1RFTeOAjeOAgeOCqOOCouODreODk+OCr+OCueOCt+ODpeODvOOCuuOAjOODleODquODvOOCueOCv+OCpOODq+OAjeOBquOBqeOBp+azqOebruOCkumbhuOCgeOAgeS4lueVjOeahOOBquODluODqeODs+ODieOBqOOBl+OBpuW6g+OBj+efpeOCieOCjOOCi+OCiOOBhuOBq+OBquOCiuOBvuOBl+OBn+OAgjxiciAvPjwhLS0gPT09PT0gREVBTDEgPT09PT0gLS0+Cgo8QnI+CjxDRU5URVI+CiA8aW1nIHNyYz0iaHR0cDovL2V2ZW50LnJha3V0ZW4uY28uanAvZmF0aGVyLzIwMTcvYm5yLzIwMTcwNjAxX2ZhdGhlcl9jYW1wYWlnbl82MTZ4MTIwLmpwZyI+CjwvQ0VOVEVSPg==,44Oq44O844Oc44OD44KvIFJFRUJPSyDjg6zjg4fjgqPjg7zjgrkg44OV44Kj44OD44OI44ON44K5IOOCq+ODl+ODquODkeODs+ODhCDjg6bjg6vjgrnjg6rjg6Ag44Kw44Op44OV44Kj44OD44Kv44Kr44OX44Oq44OR44Oz44OEIEJDNTE3NO+8mkxPQ09NQUxM77yI44Ot44Kz44Oz44OJ5YWs5byP44K544OI44Ki77yJ,6Z2044OQ44OD44Kw6YCa6LKp44K344Ol44O844K644OR44Oz44OX44K544K544OL44O844Kr44O844K144Oz44OA44Or44OW44O844OE44Oq44O844Oc44OD44KvIFJFRUJPSyDjg6zjg4fjgqPjg7zjgrkg44OV44Kj44OD44OI44ON44K5IOOCq+ODl+ODquODkeODs+ODhCDjg6bjg6vjgrnjg6rjg6Ag44Kw44Op44OV44Kj44OD44Kv44Kr44OX44Oq44OR44Oz44OEIEJDNTE3NA==,44CQ44GC44GZ5qW944CR44CQ5Lqk5o+b44O76L+U5ZOB5Y+v6IO944CRL+ODleOCo+ODg+ODiOODjeOCuS/jg63jgrPjg7Pjg4kv44CC44Oq44O844Oc44OD44KvIFJFRUJPSyDjg6zjg4fjgqPjg7zjgrkg44OV44Kj44OD44OI44ON44K5IOOCq+ODl+ODquODkeODs+ODhCDjg6bjg6vjgrnjg6rjg6Ag44Kw44Op44OV44Kj44OD44Kv44Kr44OX44Oq44OR44Oz44OEIEJDNTE3NA==[rn]
34-75251,aHR0cDovL3RzaG9wLnIxMHMuanAvbG9jb25kby9jYWJpbmV0L2NvbW1vZGl0eS8xMDUxL3JlMTc1OWV3MTA3ODhfMS5qcGc/Zml0aW49NzAwOjcwMA==,NjkwMy4yMDAw,,44K544Od44O844OE44O744Ki44Km44OI44OJ44KiID4g44OV44Kj44OD44OI44ON44K544O744OI44Os44O844OL44Oz44KwID4g44Km44Kn44KiID4g44Os44OH44Kj44O844K544Km44Kn44KiID4g44OR44Oz44OE,44Oq44O844Oc44OD44KvIFJFRUJPSyDjg6zjg4fjgqPjg7zjgrkg44OV44Kj44OD44OI44ON44K5IOODreODs+OCsOODkeODs+ODhCDjg6bjg6vjgrnjg6rjg6Ag44Kw44Op44OV44Kj44OD44Kv44OR44Oz44OEIEJDNTE3NQ==,44CQ44GC44GZ5qW944CR44CQ5Lqk5o+b44O76L+U5ZOB5Y+v6IO944CRL+ODleOCo+ODg+ODiOODjeOCuS/jg63jgrPjg7Pjg4kv,4peH6Lqr6ZW3MTY1Y20gQjc5IFc1NiBIODQg6IKh5LiLNzgv44Oi44OH44Or552A55So44K144Kk44K6TAoK44Oq44O844Oc44OD44KvIFJFRUJPSyDjg6zjg4fjgqPjg7zjgrkg44OV44Kj44OD44OI44ON44K5IOODreODs+OCsOODkeODs+ODhCDjg6bjg6vjgrnjg6rjg6Ag44Kw44Op44OV44Kj44OD44Kv44OR44Oz44OE44CCCuOChuOCi+OCueODquODoOOCt+ODquODvOOCuuOBruOCsOODqeODleOCo+ODg+OCr+ODreODs+OCsOODkeODs+ODhOOBp+OBmeOAggrjgqbjgqjjgrnjg4jjgYvjgonjg5Ljg4Pjg5fjga/jgobjgovjgoHjgavoo77lkajjgorjga/nqIvjgarjgY/jgrnjg6rjg6Djgarjgrfjg6vjgqjjg4Pjg4jjgafjgZnjgIIK44OA44OW44Or44OL44OD44OI57Sg5p2Q44GrU1MxN+OBr+ODkOODs+ODgOODiuafhOOCkuaOoeeUqOOBl+OBvuOBl+OBn+OAguOCt+ODg+OCr+OBp+Wkp+S6uuOBquWNsOixoeOBq+S7leS4iuOBkuOBpuOBhOOBvuOBmeOAggrilqDnlJ/nlKPlm706IOS4reWbvQrilqDntKDmnZA6IOODneODquOCqOOCueODhuODqzEwMCUKCgoyMDE3U1MKCgo8YnIgLz48YnIgLz48Yj7liKXjgqvjg6njg7zjga/jgZPjgaHjgonvvIEg44OP44Oz44K/44O844Kw44Oq44O844OzKOOCpOOCqOODreODvCk8L2I+PGJyIC8+PGJyIC8+44O7IOWVhuWTgeeVquWPtzogUkUxNzU5RVcxMDc4ODxiciAvPuODuyDjg5bjg6njg7Pjg4nllYblk4Hnlarlj7c6IDMyMjA2MzAyMjcgODYwMDxiciAvPuODuyDjg5bjg6njg7Pjg4nlkI06IFJFRUJPSzxiciAvPuODuyDoibI6IOOCsOODqeODleOCoeOCpOODiDxiciAvPuODuyDjg5bjg6njg7Pjg4njga7ntLnku4s6IDE5MDDlubTjgqTjgq7jg6rjgrnjgaflibXmpa3jgZXjgozjgZ9K44O7V+ODu+ODleOCqeOCueOCv+ODvOekvuOCkuWni+OBvuOCiuOBqOOBl+OAgeOCueODneODvOODhOeUqOWTgeODluODqeODs+ODieOBqOOBl+OBpuiqleeUn+OBl+OBn1JlZWJva++8iOODquODvOODnOODg+OCr++8ieOAgjE5OTDlubTku6Pjga7jgrnjg4vjg7zjgqvjg7zjg5bjg7zjg6DjgafkurrmsJfjgajjgarjgaPjgZ/jgrfjg6rjg7zjgrrjgIHjgIxUSEUgUFVNUCBURUNITk9MT0dZ44CN44CMSU5TVEEgUFVNUCBTWVNURU3jgI3jgIHjgqjjgqLjg63jg5Pjgq/jgrnjgrfjg6Xjg7zjgrrjgIzjg5Xjg6rjg7zjgrnjgr/jgqTjg6vjgI3jgarjganjgafms6jnm67jgpLpm4bjgoHjgIHkuJbnlYznmoTjgarjg5bjg6njg7Pjg4njgajjgZfjgabluoPjgY/nn6XjgonjgozjgovjgojjgYbjgavjgarjgorjgb7jgZfjgZ/jgII8YnIgLz48IS0tID09PT09IERFQUwxID09PT09IC0tPgoKPEJyPgo8Q0VOVEVSPgogPGltZyBzcmM9Imh0dHA6Ly9ldmVudC5yYWt1dGVuLmNvLmpwL2ZhdGhlci8yMDE3L2Juci8yMDE3MDYwMV9mYXRoZXJfY2FtcGFpZ25fNjE2eDEyMC5qcGciPgo8L0NFTlRFUj4=,44Oq44O844Oc44OD44KvIFJFRUJPSyDjg6zjg4fjgqPjg7zjgrkg44OV44Kj44OD44OI44ON44K5IOODreODs+OCsOODkeODs+ODhCDjg6bjg6vjgrnjg6rjg6Ag44Kw44Op44OV44Kj44OD44Kv44OR44Oz44OEIEJDNTE3Ne+8mkxPQ09NQUxM77yI44Ot44Kz44Oz44OJ5YWs5byP44K544OI44Ki77yJ,6Z2044OQ44OD44Kw6YCa6LKp44K344Ol44O844K644OR44Oz44OX44K544K544OL44O844Kr44O844K144Oz44OA44Or44OW44O844OE44Oq44O844Oc44OD44KvIFJFRUJPSyDjg6zjg4fjgqPjg7zjgrkg44OV44Kj44OD44OI44ON44K5IOODreODs+OCsOODkeODs+ODhCDjg6bjg6vjgrnjg6rjg6Ag44Kw44Op44OV44Kj44OD44Kv44OR44Oz44OEIEJDNTE3NQ==,44CQ44GC44GZ5qW944CR44CQ5Lqk5o+b44O76L+U5ZOB5Y+v6IO944CRL+ODleOCo+ODg+ODiOODjeOCuS/jg63jgrPjg7Pjg4kv44CC44Oq44O844Oc44OD44KvIFJFRUJPSyDjg6zjg4fjgqPjg7zjgrkg44OV44Kj44OD44OI44ON44K5IOODreODs+OCsOODkeODs+ODhCDjg6bjg6vjgrnjg6rjg6Ag44Kw44Op44OV44Kj44OD44Kv44OR44Oz44OEIEJDNTE3NQ==[rn]
34-75252,aHR0cDovL3RzaG9wLnIxMHMuanAvbG9jb25kby9jYWJpbmV0L2NvbW1vZGl0eS8xMDUxL3JlMTc1OWV3MTA3OTBfMS5qcGc/Zml0aW49NzAwOjcwMA==,NTE3NS4yMDAw,,44K544Od44O844OE44O744Ki44Km44OI44OJ44KiID4g44OV44Kj44OD44OI44ON44K544O744OI44Os44O844OL44Oz44KwID4g44Km44Kn44KiID4g44Os44OH44Kj44O844K544Km44Kn44KiID4g44OR44Oz44OE,44Oq44O844Oc44OD44KvIFJFRUJPSyDjg6zjg4fjgqPjg7zjgrkg44OV44Kj44OD44OI44ON44K5IOOCq+ODl+ODquODkeODs+ODhCDjg6jjgqwg44K444On44OD44OR44O844K644Kr44OX44Oq44OR44Oz44OEIEJDNTE1Mg==,44CQ44GC44GZ5qW944CR44CQ5Lqk5o+b44O76L+U5ZOB5Y+v6IO944CRL+ODleOCo+ODg+ODiOODjeOCuS/jg63jgrPjg7Pjg4kv,4peH6Lqr6ZW3MTY1Y20gQjc5IFc1NiBIODQg6IKh5LiLNzgv44Oi44OH44Or552A55So44K144Kk44K6TAoK44Oq44O844Oc44OD44KvIFJFRUJPSyDjg6zjg4fjgqPjg7zjgrkg44OV44Kj44OD44OI44ON44K5IOOCq+ODl+ODquODkeODs+ODhCDjg6jjgqwg44K444On44OD44OR44O844K644Kr44OX44Oq44OR44Oz44OE44CCCuWumueVquOCouOCpOODhuODoOOBq+WKoOOBiOOBn+OBhOOAgeOCuOODp+ODg+ODkeODvOOCuuOCq+ODl+ODquODkeODs+ODhOOBp+OBmeOAggrlpKrjgoLjgoLpg6jliIbjga/kvZnoo5XjgpLjgoLjgaPjgZ/lpKrjgZXjgIHohp3pg6jliIbjga/jgrnjg6rjg6Djgavku5XkuIrjgZLjgZ/jgrfjg6vjgqjjg4Pjg4jjgafjgZnjgIIK44Km44Ko44K544OI44Gr44GvUmVlYm9r44Ot44K044OG44O844OX44KS5o6h55So44GX44Gm44GE44G+44GZ44CC44OZ44O844K344OD44Kv44Gq44OH44K244Kk44Oz44Gr44GK5omL6aCD44Gq5L6h5qC844Gq44Gu44Gn44CB44OY44OT44O844Ot44O844OG44O844K344On44Oz44GX44Gm44GE44Gf44Gg44GR44KL44Ki44Kk44OG44Og44Gr44Gq44KK44G+44GZ44CCCuKWoOeUn+eUo+WbvTog5Lit5Zu9CuKWoOe0oOadkDog44Od44Oq44Ko44K544OG44OrODglL+ODneODquOCpuODrOOCv+ODszEyJQoKCjIwMTdTUwo8YnIgLz48YnIgLz48Yj7liKXjgqvjg6njg7zjga/jgZPjgaHjgonvvIEg44OR44K344OV44Kj44OD44Kv44OR44O844OX44OrKOODkeODvOODl+ODqykg44OP44Oz44K/44O844Kw44Oq44O844OzKOOCpOOCqOODreODvCk8L2I+PGJyIC8+PGJyIC8+44O7IOWVhuWTgeeVquWPtzogUkUxNzU5RVcxMDc5MDxiciAvPuODuyDjg5bjg6njg7Pjg4nllYblk4Hnlarlj7c6IDMyMjI2MzAxMjcgODcwMDxiciAvPuODuyDjg5bjg6njg7Pjg4nlkI06IFJFRUJPSzxiciAvPuODuyDoibI6IOODluODqeODg+OCrzxiciAvPuODuyDjg5bjg6njg7Pjg4njga7ntLnku4s6IDE5MDDlubTjgqTjgq7jg6rjgrnjgaflibXmpa3jgZXjgozjgZ9K44O7V+ODu+ODleOCqeOCueOCv+ODvOekvuOCkuWni+OBvuOCiuOBqOOBl+OAgeOCueODneODvOODhOeUqOWTgeODluODqeODs+ODieOBqOOBl+OBpuiqleeUn+OBl+OBn1JlZWJva++8iOODquODvOODnOODg+OCr++8ieOAgjE5OTDlubTku6Pjga7jgrnjg4vjg7zjgqvjg7zjg5bjg7zjg6DjgafkurrmsJfjgajjgarjgaPjgZ/jgrfjg6rjg7zjgrrjgIHjgIxUSEUgUFVNUCBURUNITk9MT0dZ44CN44CMSU5TVEEgUFVNUCBTWVNURU3jgI3jgIHjgqjjgqLjg63jg5Pjgq/jgrnjgrfjg6Xjg7zjgrrjgIzjg5Xjg6rjg7zjgrnjgr/jgqTjg6vjgI3jgarjganjgafms6jnm67jgpLpm4bjgoHjgIHkuJbnlYznmoTjgarjg5bjg6njg7Pjg4njgajjgZfjgabluoPjgY/nn6XjgonjgozjgovjgojjgYbjgavjgarjgorjgb7jgZfjgZ/jgII8YnIgLz48IS0tID09PT09IERFQUwxID09PT09IC0tPgoKPEJyPgo8Q0VOVEVSPgogPGltZyBzcmM9Imh0dHA6Ly9ldmVudC5yYWt1dGVuLmNvLmpwL2ZhdGhlci8yMDE3L2Juci8yMDE3MDYwMV9mYXRoZXJfY2FtcGFpZ25fNjE2eDEyMC5qcGciPgo8L0NFTlRFUj4=,44Oq44O844Oc44OD44KvIFJFRUJPSyDjg6zjg4fjgqPjg7zjgrkg44OV44Kj44OD44OI44ON44K5IOOCq+ODl+ODquODkeODs+ODhCDjg6jjgqwg44K444On44OD44OR44O844K644Kr44OX44Oq44OR44Oz44OEIEJDNTE1Mu+8mkxPQ09NQUxM77yI44Ot44Kz44Oz44OJ5YWs5byP44K544OI44Ki77yJ,6Z2044OQ44OD44Kw6YCa6LKp44K344Ol44O844K644OR44Oz44OX44K544K544OL44O844Kr44O844K144Oz44OA44Or44OW44O844OE44Oq44O844Oc44OD44KvIFJFRUJPSyDjg6zjg4fjgqPjg7zjgrkg44OV44Kj44OD44OI44ON44K5IOOCq+ODl+ODquODkeODs+ODhCDjg6jjgqwg44K444On44OD44OR44O844K644Kr44OX44Oq44OR44Oz44OEIEJDNTE1Mg==,44CQ44GC44GZ5qW944CR44CQ5Lqk5o+b44O76L+U5ZOB5Y+v6IO944CRL+ODleOCo+ODg+ODiOODjeOCuS/jg63jgrPjg7Pjg4kv44CC44Oq44O844Oc44OD44KvIFJFRUJPSyDjg6zjg4fjgqPjg7zjgrkg44OV44Kj44OD44OI44ON44K5IOOCq+ODl+ODquODkeODs+ODhCDjg6jjgqwg44K444On44OD44OR44O844K644Kr44OX44Oq44OR44Oz44OEIEJDNTE1Mg==[rn]
34-75253,aHR0cDovL3RzaG9wLnIxMHMuanAvbG9jb25kby9jYWJpbmV0L2NvbW1vZGl0eS8xMDUxL3JlMTc1OWV3MTA3OTRfMS5qcGc/Zml0aW49NzAwOjcwMA==,NjkwMy4yMDAw,,44K544Od44O844OE44O744Ki44Km44OI44OJ44KiID4g44OV44Kj44OD44OI44ON44K544O744OI44Os44O844OL44Oz44KwID4g44Km44Kn44KiID4g44Os44OH44Kj44O844K544Km44Kn44KiID4g44OR44Oz44OE,44Oq44O844Oc44OD44KvIFJFRUJPSyDjg6zjg4fjgqPjg7zjgrkg44OV44Kj44OD44OI44ON44K5IOODreODs+OCsOODkeODs+ODhCDjg6bjg6vjgrnjg6rjg6Ag44Kw44Op44OV44Kj44OD44Kv44OR44Oz44OEIEJDNTE3Nw==,44CQ44GC44GZ5qW944CR44CQ5Lqk5o+b44O76L+U5ZOB5Y+v6IO944CRL+ODleOCo+ODg+ODiOODjeOCuS/jg63jgrPjg7Pjg4kv,4peH6Lqr6ZW3MTY1Y20gQjc5IFc1NiBIODQg6IKh5LiLNzgv44Oi44OH44Or552A55So44K144Kk44K6TAoK44Oq44O844Oc44OD44KvIFJFRUJPSyDjg6zjg4fjgqPjg7zjgrkg44OV44Kj44OD44OI44ON44K5IOODreODs+OCsOODkeODs+ODhCDjg6bjg6vjgrnjg6rjg6Ag44Kw44Op44OV44Kj44OD44Kv44OR44Oz44OE44CCCuOChuOCi+OCueODquODoOOCt+ODquODvOOCuuOBruOCsOODqeODleOCo+ODg+OCr+ODreODs+OCsOODkeODs+ODhOOBp+OBmeOAggrjgqbjgqjjgrnjg4jjgYvjgonjg5Ljg4Pjg5fjga/jgobjgovjgoHjgavoo77lkajjgorjga/nqIvjgarjgY/jgrnjg6rjg6Djgarjgrfjg6vjgqjjg4Pjg4jjgafjgZnjgIIK44OA44OW44Or44OL44OD44OI57Sg5p2Q44GrU1MxN+OBr+ODkOODs+ODgOODiuafhOOCkuaOoeeUqOOBl+OBvuOBl+OBn+OAguOCt+ODg+OCr+OBp+Wkp+S6uuOBquWNsOixoeOBq+S7leS4iuOBkuOBpuOBhOOBvuOBmeOAggrilqDnlJ/nlKPlm706IOS4reWbvQrilqDntKDmnZA6IOODneODquOCqOOCueODhuODqzEwMCUKCgoyMDE3U1MKCgo8YnIgLz48YnIgLz48Yj7liKXjgqvjg6njg7zjga/jgZPjgaHjgonvvIEg44Kw44Op44OV44Kh44Kk44OIKOOCsOODrOODvCk8L2I+PGJyIC8+PGJyIC8+44O7IOWVhuWTgeeVquWPtzogUkUxNzU5RVcxMDc5NDxiciAvPuODuyDjg5bjg6njg7Pjg4nllYblk4Hnlarlj7c6IDMyMjA2MzAyMjcgMzQwMDxiciAvPuODuyDjg5bjg6njg7Pjg4nlkI06IFJFRUJPSzxiciAvPuODuyDoibI6IOODj+ODs+OCv+ODvOOCsOODquODvOODszxiciAvPuODuyDjg5bjg6njg7Pjg4njga7ntLnku4s6IDE5MDDlubTjgqTjgq7jg6rjgrnjgaflibXmpa3jgZXjgozjgZ9K44O7V+ODu+ODleOCqeOCueOCv+ODvOekvuOCkuWni+OBvuOCiuOBqOOBl+OAgeOCueODneODvOODhOeUqOWTgeODluODqeODs+ODieOBqOOBl+OBpuiqleeUn+OBl+OBn1JlZWJva++8iOODquODvOODnOODg+OCr++8ieOAgjE5OTDlubTku6Pjga7jgrnjg4vjg7zjgqvjg7zjg5bjg7zjg6DjgafkurrmsJfjgajjgarjgaPjgZ/jgrfjg6rjg7zjgrrjgIHjgIxUSEUgUFVNUCBURUNITk9MT0dZ44CN44CMSU5TVEEgUFVNUCBTWVNURU3jgI3jgIHjgqjjgqLjg63jg5Pjgq/jgrnjgrfjg6Xjg7zjgrrjgIzjg5Xjg6rjg7zjgrnjgr/jgqTjg6vjgI3jgarjganjgafms6jnm67jgpLpm4bjgoHjgIHkuJbnlYznmoTjgarjg5bjg6njg7Pjg4njgajjgZfjgabluoPjgY/nn6XjgonjgozjgovjgojjgYbjgavjgarjgorjgb7jgZfjgZ/jgII8YnIgLz48IS0tID09PT09IERFQUwxID09PT09IC0tPgoKPEJyPgo8Q0VOVEVSPgogPGltZyBzcmM9Imh0dHA6Ly9ldmVudC5yYWt1dGVuLmNvLmpwL2ZhdGhlci8yMDE3L2Juci8yMDE3MDYwMV9mYXRoZXJfY2FtcGFpZ25fNjE2eDEyMC5qcGciPgo8L0NFTlRFUj4=,44Oq44O844Oc44OD44KvIFJFRUJPSyDjg6zjg4fjgqPjg7zjgrkg44OV44Kj44OD44OI44ON44K5IOODreODs+OCsOODkeODs+ODhCDjg6bjg6vjgrnjg6rjg6Ag44Kw44Op44OV44Kj44OD44Kv44OR44Oz44OEIEJDNTE3N++8mkxPQ09NQUxM77yI44Ot44Kz44Oz44OJ5YWs5byP44K544OI44Ki77yJ,6Z2044OQ44OD44Kw6YCa6LKp44K344Ol44O844K644OR44Oz44OX44K544K544OL44O844Kr44O844K144Oz44OA44Or44OW44O844OE44Oq44O844Oc44OD44KvIFJFRUJPSyDjg6zjg4fjgqPjg7zjgrkg44OV44Kj44OD44OI44ON44K5IOODreODs+OCsOODkeODs+ODhCDjg6bjg6vjgrnjg6rjg6Ag44Kw44Op44OV44Kj44OD44Kv44OR44Oz44OEIEJDNTE3Nw==,44CQ44GC44GZ5qW944CR44CQ5Lqk5o+b44O76L+U5ZOB5Y+v6IO944CRL+ODleOCo+ODg+ODiOODjeOCuS/jg63jgrPjg7Pjg4kv44CC44Oq44O844Oc44OD44KvIFJFRUJPSyDjg6zjg4fjgqPjg7zjgrkg44OV44Kj44OD44OI44ON44K5IOODreODs+OCsOODkeODs+ODhCDjg6bjg6vjgrnjg6rjg6Ag44Kw44Op44OV44Kj44OD44Kv44OR44Oz44OEIEJDNTE3Nw==[rn]
34-75254,aHR0cDovL3RzaG9wLnIxMHMuanAvbG9jb25kby9jYWJpbmV0L2NvbW1vZGl0eS8xMDUxL3JlMTc1OWV3MTA3OThfMS5qcGc/Zml0aW49NzAwOjcwMA==,NTE3NS4yMDAw,,44K544Od44O844OE44O744Ki44Km44OI44OJ44KiID4g44OV44Kj44OD44OI44ON44K544O744OI44Os44O844OL44Oz44KwID4g44Km44Kn44KiID4g44Os44OH44Kj44O844K544Km44Kn44KiID4g44OR44Oz44OE,44Oq44O844Oc44OD44KvIFJFRUJPSyDjg6zjg4fjgqPjg7zjgrkg44OV44Kj44OD44OI44ON44K5IOOCq+ODl+ODquODkeODs+ODhCDjg6jjgqwg44K444On44OD44OR44O844K644Kr44OX44Oq44OR44Oz44OEIEJDNTE1NA==,44CQ44GC44GZ5qW944CR44CQ5Lqk5o+b44O76L+U5ZOB5Y+v6IO944CRL+ODleOCo+ODg+ODiOODjeOCuS/jg63jgrPjg7Pjg4kv,4peH6Lqr6ZW3MTY1Y20gQjc5IFc1NiBIODQg6IKh5LiLNzgv44Oi44OH44Or552A55So44K144Kk44K6TAoK44Oq44O844Oc44OD44KvIFJFRUJPSyDjg6zjg4fjgqPjg7zjgrkg44OV44Kj44OD44OI44ON44K5IOOCq+ODl+ODquODkeODs+ODhCDjg6jjgqwg44K444On44OD44OR44O844K644Kr44OX44Oq44OR44Oz44OE44CCCuWumueVquOCouOCpOODhuODoOOBq+WKoOOBiOOBn+OBhOOAgeOCuOODp+ODg+ODkeODvOOCuuOCq+ODl+ODquODkeODs+ODhOOBp+OBmeOAggrlpKrjgoLjgoLpg6jliIbjga/kvZnoo5XjgpLjgoLjgaPjgZ/lpKrjgZXjgIHohp3pg6jliIbjga/jgrnjg6rjg6Djgavku5XkuIrjgZLjgZ/jgrfjg6vjgqjjg4Pjg4jjgafjgZnjgIIK44Km44Ko44K544OI44Gr44GvUmVlYm9r44Ot44K044OG44O844OX44KS5o6h55So44GX44Gm44GE44G+44GZ44CC44OZ44O844K344OD44Kv44Gq44OH44K244Kk44Oz44Gr44GK5omL6aCD44Gq5L6h5qC844Gq44Gu44Gn44CB44OY44OT44O844Ot44O844OG44O844K344On44Oz44GX44Gm44GE44Gf44Gg44GR44KL44Ki44Kk44OG44Og44Gr44Gq44KK44G+44GZ44CCCuKWoOeUn+eUo+WbvTog5Lit5Zu9CuKWoOe0oOadkDog44Od44Oq44Ko44K544OG44OrODglL+ODneODquOCpuODrOOCv+ODszEyJQoKCjIwMTdTUwo8YnIgLz48YnIgLz48Yj7liKXjgqvjg6njg7zjga/jgZPjgaHjgonvvIEg44OW44Op44OD44KvIOODj+ODs+OCv+ODvOOCsOODquODvOODsyjjgqTjgqjjg63jg7wpPC9iPjxiciAvPjxiciAvPuODuyDllYblk4Hnlarlj7c6IFJFMTc1OUVXMTA3OTg8YnIgLz7jg7sg44OW44Op44Oz44OJ5ZWG5ZOB55Wq5Y+3OiAzMjIyNjMwMTI3IDU1MDA8YnIgLz7jg7sg44OW44Op44Oz44OJ5ZCNOiBSRUVCT0s8YnIgLz7jg7sg6ImyOiDjg5Hjgrfjg5XjgqPjg4Pjgq/jg5Hjg7zjg5fjg6s8YnIgLz7jg7sg44OW44Op44Oz44OJ44Gu57S55LuLOiAxOTAw5bm044Kk44Ku44Oq44K544Gn5Ym15qWt44GV44KM44GfSuODu1fjg7vjg5Xjgqnjgrnjgr/jg7znpL7jgpLlp4vjgb7jgorjgajjgZfjgIHjgrnjg53jg7zjg4TnlKjlk4Hjg5bjg6njg7Pjg4njgajjgZfjgaboqpXnlJ/jgZfjgZ9SZWVib2vvvIjjg6rjg7zjg5zjg4Pjgq/vvInjgIIxOTkw5bm05Luj44Gu44K544OL44O844Kr44O844OW44O844Og44Gn5Lq65rCX44Go44Gq44Gj44Gf44K344Oq44O844K644CB44CMVEhFIFBVTVAgVEVDSE5PTE9HWeOAjeOAjElOU1RBIFBVTVAgU1lTVEVN44CN44CB44Ko44Ki44Ot44OT44Kv44K544K344Ol44O844K644CM44OV44Oq44O844K544K/44Kk44Or44CN44Gq44Gp44Gn5rOo55uu44KS6ZuG44KB44CB5LiW55WM55qE44Gq44OW44Op44Oz44OJ44Go44GX44Gm5bqD44GP55+l44KJ44KM44KL44KI44GG44Gr44Gq44KK44G+44GX44Gf44CCPGJyIC8+PCEtLSA9PT09PSBERUFMMSA9PT09PSAtLT4KCjxCcj4KPENFTlRFUj4KIDxpbWcgc3JjPSJodHRwOi8vZXZlbnQucmFrdXRlbi5jby5qcC9mYXRoZXIvMjAxNy9ibnIvMjAxNzA2MDFfZmF0aGVyX2NhbXBhaWduXzYxNngxMjAuanBnIj4KPC9DRU5URVI+,44Oq44O844Oc44OD44KvIFJFRUJPSyDjg6zjg4fjgqPjg7zjgrkg44OV44Kj44OD44OI44ON44K5IOOCq+ODl+ODquODkeODs+ODhCDjg6jjgqwg44K444On44OD44OR44O844K644Kr44OX44Oq44OR44Oz44OEIEJDNTE1NO+8mkxPQ09NQUxM77yI44Ot44Kz44Oz44OJ5YWs5byP44K544OI44Ki77yJ,6Z2044OQ44OD44Kw6YCa6LKp44K344Ol44O844K644OR44Oz44OX44K544K544OL44O844Kr44O844K144Oz44OA44Or44OW44O844OE44Oq44O844Oc44OD44KvIFJFRUJPSyDjg6zjg4fjgqPjg7zjgrkg44OV44Kj44OD44OI44ON44K5IOOCq+ODl+ODquODkeODs+ODhCDjg6jjgqwg44K444On44OD44OR44O844K644Kr44OX44Oq44OR44Oz44OEIEJDNTE1NA==,44CQ44GC44GZ5qW944CR44CQ5Lqk5o+b44O76L+U5ZOB5Y+v6IO944CRL+ODleOCo+ODg+ODiOODjeOCuS/jg63jgrPjg7Pjg4kv44CC44Oq44O844Oc44OD44KvIFJFRUJPSyDjg6zjg4fjgqPjg7zjgrkg44OV44Kj44OD44OI44ON44K5IOOCq+ODl+ODquODkeODs+ODhCDjg6jjgqwg44K444On44OD44OR44O844K644Kr44OX44Oq44OR44Oz44OEIEJDNTE1NA==[rn]
34-75255,aHR0cDovL3RzaG9wLnIxMHMuanAvbG9jb25kby9jYWJpbmV0L2NvbW1vZGl0eS8xMDUxL3JlMTc1OWV3MTA4MDBfMS5qcGc/Zml0aW49NzAwOjcwMA==,NjAzOS4yMDAw,,44K544Od44O844OE44O744Ki44Km44OI44OJ44KiID4g44OV44Kj44OD44OI44ON44K544O744OI44Os44O844OL44Oz44KwID4g44Km44Kn44KiID4g44Os44OH44Kj44O844K544Km44Kn44KiID4g44OR44Oz44OE,44Oq44O844Oc44OD44KvIFJFRUJPSyDjg6zjg4fjgqPjg7zjgrkg44OV44Kj44OD44OI44ON44K5IOOCq+ODl+ODquODkeODs+ODhCDjg6bjg6vjgrnjg6rjg6Ag44Kw44Op44OV44Kj44OD44Kv44Kr44OX44Oq44OR44Oz44OEIEJDNTE3Mg==,44CQ44GC44GZ5qW944CR44CQ5Lqk5o+b44O76L+U5ZOB5Y+v6IO944CRL+ODleOCo+ODg+ODiOODjeOCuS/jg63jgrPjg7Pjg4kv,4peH6Lqr6ZW3MTY1Y20gQjc5IFc1NiBIODQg6IKh5LiLNzgv44Oi44OH44Or552A55So44K144Kk44K6UwoK44Oq44O844Oc44OD44KvIFJFRUJPSyDjg6zjg4fjgqPjg7zjgrkg44OV44Kj44OD44OI44ON44K5IOOCq+ODl+ODquODkeODs+ODhCDjg6bjg6vjgrnjg6rjg6Ag44Kw44Op44OV44Kj44OD44Kv44Kr44OX44Oq44OR44Oz44OE44CCCuOChuOCi+OCueODquODoOOCt+ODquODvOOCuuOBruOCsOODqeODleOCo+ODg+OCr+OCq+ODl+ODquODkeODs+ODhOOBp+OBmeOAggrjgqbjgqjjgrnjg4jjgYvjgonjg5Ljg4Pjg5fjga/jgobjgovjgoHjgavoo77lkajjgorjga/nqIvjgarjgY/jgrnjg6rjg6Djgarjgrfjg6vjgqjjg4Pjg4jjgafjgZnjgIIK44OA44OW44Or44OL44OD44OI57Sg5p2Q44GrU1MxN+OBr+ODkOODs+ODgOODiuafhOOCkuaOoeeUqOOBl+OBvuOBl+OBn+OAggrjgrfjg4Pjgq/jgaflpKfkurrjgarljbDosaHjgavku5XkuIrjgZLjgabjgYTjgb7jgZnjgIIK4pag55Sf55Sj5Zu9OiDkuK3lm70K4pag57Sg5p2QOiDjg53jg6rjgqjjgrnjg4bjg6sxMDAlCgoKMjAxN1NTCjxiciAvPjxiciAvPjxiPuWIpeOCq+ODqeODvOOBr+OBk+OBoeOCie+8gSDjg4/jg7Pjgr/jg7zjgrDjg6rjg7zjg7Mo44Kk44Ko44Ot44O8KTwvYj48YnIgLz48YnIgLz7jg7sg5ZWG5ZOB55Wq5Y+3OiBSRTE3NTlFVzEwODAwPGJyIC8+44O7IOODluODqeODs+ODieWVhuWTgeeVquWPtzogMzIyMjYzMDAyNyA4NjAwPGJyIC8+44O7IOODluODqeODs+ODieWQjTogUkVFQk9LPGJyIC8+44O7IOiJsjog44Kw44Op44OV44Kh44Kk44OIPGJyIC8+44O7IOODluODqeODs+ODieOBrue0ueS7izogMTkwMOW5tOOCpOOCruODquOCueOBp+WJtealreOBleOCjOOBn0rjg7tX44O744OV44Kp44K544K/44O856S+44KS5aeL44G+44KK44Go44GX44CB44K544Od44O844OE55So5ZOB44OW44Op44Oz44OJ44Go44GX44Gm6KqV55Sf44GX44GfUmVlYm9r77yI44Oq44O844Oc44OD44Kv77yJ44CCMTk5MOW5tOS7o+OBruOCueODi+ODvOOCq+ODvOODluODvOODoOOBp+S6uuawl+OBqOOBquOBo+OBn+OCt+ODquODvOOCuuOAgeOAjFRIRSBQVU1QIFRFQ0hOT0xPR1njgI3jgIxJTlNUQSBQVU1QIFNZU1RFTeOAjeOAgeOCqOOCouODreODk+OCr+OCueOCt+ODpeODvOOCuuOAjOODleODquODvOOCueOCv+OCpOODq+OAjeOBquOBqeOBp+azqOebruOCkumbhuOCgeOAgeS4lueVjOeahOOBquODluODqeODs+ODieOBqOOBl+OBpuW6g+OBj+efpeOCieOCjOOCi+OCiOOBhuOBq+OBquOCiuOBvuOBl+OBn+OAgjxiciAvPjwhLS0gPT09PT0gREVBTDEgPT09PT0gLS0+Cgo8QnI+CjxDRU5URVI+CiA8aW1nIHNyYz0iaHR0cDovL2V2ZW50LnJha3V0ZW4uY28uanAvZmF0aGVyLzIwMTcvYm5yLzIwMTcwNjAxX2ZhdGhlcl9jYW1wYWlnbl82MTZ4MTIwLmpwZyI+CjwvQ0VOVEVSPg==,44Oq44O844Oc44OD44KvIFJFRUJPSyDjg6zjg4fjgqPjg7zjgrkg44OV44Kj44OD44OI44ON44K5IOOCq+ODl+ODquODkeODs+ODhCDjg6bjg6vjgrnjg6rjg6Ag44Kw44Op44OV44Kj44OD44Kv44Kr44OX44Oq44OR44Oz44OEIEJDNTE3Mu+8mkxPQ09NQUxM77yI44Ot44Kz44Oz44OJ5YWs5byP44K544OI44Ki77yJ,6Z2044OQ44OD44Kw6YCa6LKp44K344Ol44O844K644OR44Oz44OX44K544K544OL44O844Kr44O844K144Oz44OA44Or44OW44O844OE44Oq44O844Oc44OD44KvIFJFRUJPSyDjg6zjg4fjgqPjg7zjgrkg44OV44Kj44OD44OI44ON44K5IOOCq+ODl+ODquODkeODs+ODhCDjg6bjg6vjgrnjg6rjg6Ag44Kw44Op44OV44Kj44OD44Kv44Kr44OX44Oq44OR44Oz44OEIEJDNTE3Mg==,44CQ44GC44GZ5qW944CR44CQ5Lqk5o+b44O76L+U5ZOB5Y+v6IO944CRL+ODleOCo+ODg+ODiOODjeOCuS/jg63jgrPjg7Pjg4kv44CC44Oq44O844Oc44OD44KvIFJFRUJPSyDjg6zjg4fjgqPjg7zjgrkg44OV44Kj44OD44OI44ON44K5IOOCq+ODl+ODquODkeODs+ODhCDjg6bjg6vjgrnjg6rjg6Ag44Kw44Op44OV44Kj44OD44Kv44Kr44OX44Oq44OR44Oz44OEIEJDNTE3Mg==[rn]
34-75256,aHR0cDovL3RzaG9wLnIxMHMuanAvbG9jb25kby9jYWJpbmV0L2NvbW1vZGl0eS8xMDUxL3JlMTc1OWV3MTA4MDNfMS5qcGc/Zml0aW49NzAwOjcwMA==,NDMxMS4yMDAw,,44K544Od44O844OE44O744Ki44Km44OI44OJ44KiID4g44OV44Kj44OD44OI44ON44K544O744OI44Os44O844OL44Oz44KwID4g44Km44Kn44KiID4g44Os44OH44Kj44O844K544Km44Kn44KiID4g44OR44Oz44OE,44Oq44O844Oc44OD44KvIFJFRUJPSyDjg6zjg4fjgqPjg7zjgrkg44OV44Kj44OD44OI44ON44K5IOODreODs+OCsOODkeODs+ODhCBFTCBQUklNRSBHUk9VUCBQQU5UIEJLNDA1Nw==,44CQ44GC44GZ5qW944CR44CQ5Lqk5o+b44O76L+U5ZOB5Y+v6IO944CRL+ODleOCo+ODg+ODiOODjeOCuS/jg63jgrPjg7Pjg4kv,4peH6Lqr6ZW3MTY1Y20gQjc5IFc1NiBIODQg6IKh5LiLNzgv44Oi44OH44Or552A55So44K144Kk44K6TAoK44Oq44O844Oc44OD44KvIFJFRUJPSyDjg6zjg4fjgqPjg7zjgrkg44OV44Kj44OD44OI44ON44K5IOODreODs+OCsOODkeODs+ODhCBFTCBQUklNRSBHUk9VUCBQQU5UIOOAggrjgrnjg47jg7zjg5Xjg6zjg7zjgq/jga7jgojjgYbjgarni6znibnjga7pnJzpmY3jgormhJ/jgpLmjIHjgaTjgr3jg5Xjg4jjgarjgrnjgqbjgqfjg4Pjg4jntKDmnZDjgpLkvb/nlKjjgZfjgZ/jg4bjg7zjg5Hjg7zjg4njg5Hjg7Pjg4TjgIIK5bem44K144Kk44OJ44Gr44Gv44OH44Or44K/44Ot44K044KS6YWN44GX44G+44GX44Gf44CC44K544Oq44Og44OV44Kj44OD44OI44CCCuKWoOeUn+eUo+WbvTog44OZ44OI44OK44OgCuKWoOe0oOadkDog57a/NTUlL+ODneODquOCqOOCueODhuODqzQ1JQoKCjIwMTdTUwoKCjxiciAvPjxiciAvPjxiPuWIpeOCq+ODqeODvOOBr+OBk+OBoeOCie+8gSDjg5bjg6njg4Pjgq8o44Kw44Os44O8KTwvYj48YnIgLz48YnIgLz7jg7sg5ZWG5ZOB55Wq5Y+3OiBSRTE3NTlFVzEwODAzPGJyIC8+44O7IOODluODqeODs+ODieWVhuWTgeeVquWPtzogMzIyMDYzMDQyNyA1NDAwPGJyIC8+44O7IOODluODqeODs+ODieWQjTogUkVFQk9LPGJyIC8+44O7IOiJsjog44OR44K344OV44Kj44OD44Kv44OR44O844OX44OrPGJyIC8+44O7IOODluODqeODs+ODieOBrue0ueS7izogMTkwMOW5tOOCpOOCruODquOCueOBp+WJtealreOBleOCjOOBn0rjg7tX44O744OV44Kp44K544K/44O856S+44KS5aeL44G+44KK44Go44GX44CB44K544Od44O844OE55So5ZOB44OW44Op44Oz44OJ44Go44GX44Gm6KqV55Sf44GX44GfUmVlYm9r77yI44Oq44O844Oc44OD44Kv77yJ44CCMTk5MOW5tOS7o+OBruOCueODi+ODvOOCq+ODvOODluODvOODoOOBp+S6uuawl+OBqOOBquOBo+OBn+OCt+ODquODvOOCuuOAgeOAjFRIRSBQVU1QIFRFQ0hOT0xPR1njgI3jgIxJTlNUQSBQVU1QIFNZU1RFTeOAjeOAgeOCqOOCouODreODk+OCr+OCueOCt+ODpeODvOOCuuOAjOODleODquODvOOCueOCv+OCpOODq+OAjeOBquOBqeOBp+azqOebruOCkumbhuOCgeOAgeS4lueVjOeahOOBquODluODqeODs+ODieOBqOOBl+OBpuW6g+OBj+efpeOCieOCjOOCi+OCiOOBhuOBq+OBquOCiuOBvuOBl+OBn+OAgjxiciAvPjwhLS0gPT09PT0gREVBTDEgPT09PT0gLS0+Cgo8QnI+CjxDRU5URVI+CiA8aW1nIHNyYz0iaHR0cDovL2V2ZW50LnJha3V0ZW4uY28uanAvZmF0aGVyLzIwMTcvYm5yLzIwMTcwNjAxX2ZhdGhlcl9jYW1wYWlnbl82MTZ4MTIwLmpwZyI+CjwvQ0VOVEVSPg==,44Oq44O844Oc44OD44KvIFJFRUJPSyDjg6zjg4fjgqPjg7zjgrkg44OV44Kj44OD44OI44ON44K5IOODreODs+OCsOODkeODs+ODhCBFTCBQUklNRSBHUk9VUCBQQU5UIEJLNDA1N++8mkxPQ09NQUxM77yI44Ot44Kz44Oz44OJ5YWs5byP44K544OI44Ki77yJ,6Z2044OQ44OD44Kw6YCa6LKp44K344Ol44O844K644OR44Oz44OX44K544K544OL44O844Kr44O844K144Oz44OA44Or44OW44O844OE44Oq44O844Oc44OD44KvIFJFRUJPSyDjg6zjg4fjgqPjg7zjgrkg44OV44Kj44OD44OI44ON44K5IOODreODs+OCsOODkeODs+ODhCBFTCBQUklNRSBHUk9VUCBQQU5UIEJLNDA1Nw==,44CQ44GC44GZ5qW944CR44CQ5Lqk5o+b44O76L+U5ZOB5Y+v6IO944CRL+ODleOCo+ODg+ODiOODjeOCuS/jg63jgrPjg7Pjg4kv44CC44Oq44O844Oc44OD44KvIFJFRUJPSyDjg6zjg4fjgqPjg7zjgrkg44OV44Kj44OD44OI44ON44K5IOODreODs+OCsOODkeODs+ODhCBFTCBQUklNRSBHUk9VUCBQQU5UIEJLNDA1Nw==[rn]
34-75257,aHR0cDovL3RzaG9wLnIxMHMuanAvZXNwb3J0cy9jYWJpbmV0LzkyMjUtNDIvOTIyNTQyMTQ5Mzk3My5qcGc/Zml0aW49NzAwOjcwMA==,MzcwMS42MDAw,,44K544Od44O844OE44O744Ki44Km44OI44OJ44KiID4g44OV44Kj44OD44OI44ON44K544O744OI44Os44O844OL44Oz44KwID4g44Km44Kn44KiID4g44Os44OH44Kj44O844K544Km44Kn44KiID4g44OI44OD44OX44K5,44OA44Oz44K544Kt44Oz77yIREFOU0tJTu+8iSDjg4fjgqTjg6rjg7zjgqLjgqbjg4jjg5XjgqPjg4Pjg4gvREFJTFkgT1VURklUIDfliIboopZUIFNLL+OCt+OCp+ODq+ODlOODs+OCryBERDc3MTUwIOOAkOOCq+OCuOODpeOCouODq+OCpuOCp+OCoiDjgrnjg53jg7zjg4TjgqbjgqfjgqIg44Os44OH44Kj44O844K544Km44Kn44KiIOOCueODneODvOODhOOCq+OCuOODpeOCouODqyDpgYvli5XjgJE=,,PCEtLWltZ190YWdzLS0+PHRhYmxlIGJvcmRlcj0iMCIgd2lkdGg9IjY1MCI+PFRSPjxURCBhbGlnbj0iY2VudGVyIj48QSBocmVmPSJodHRwOi8vd3d3LnJha3V0ZW4uY28uanAvZXNwb3J0cy9pbmZvMi5odG1sI2RlciI+PElNRyBzcmM9Imh0dHA6Ly93d3cucmFrdXRlbi5uZS5qcC9nb2xkL2VzcG9ydHMvc3VwcG9ydC9zaGlwcGluZzIuZ2lmIiBib3JkZXI9IjAiPjwvQT48QSBocmVmPSJodHRwOi8vd3d3LnJha3V0ZW4ubmUuanAvZ29sZC9lc3BvcnRzL3N1cHBvcnQvZGlzcGF0Y2guaHRtbCI+PElNRyBzcmM9Imh0dHA6Ly93d3cucmFrdXRlbi5uZS5qcC9nb2xkL2VzcG9ydHMvc3VwcG9ydC9kYXlzMi5naWYiIGJvcmRlcj0iMCI+PC9BPjxBIGhyZWY9Imh0dHA6Ly93d3cucmFrdXRlbi5uZS5qcC9nb2xkL2VzcG9ydHMvc3VwcG9ydC9kaXNwYXRjaC5odG1sIj48SU1HIHNyYz0iaHR0cDovL3d3dy5yYWt1dGVuLm5lLmpwL2dvbGQvZXNwb3J0cy9zdXBwb3J0L3BsYWNlMy5naWYiIGJvcmRlcj0iMCI+PC9BPjxBIGhyZWY9Imh0dHA6Ly93d3cucmFrdXRlbi5jby5qcC9lc3BvcnRzL2luZm8yLmh0bWwjYmFjayI+PElNRyBzcmM9Imh0dHA6Ly93d3cucmFrdXRlbi5uZS5qcC9nb2xkL2VzcG9ydHMvc3VwcG9ydC9yZXR1cm4xLmdpZiIgYm9yZGVyPSIwIj48L0E+PC90ZD48L3RyPjwvdGFibGU+PCEtLWltZ190YWdlLS0+PHN0cm9uZz48Zm9udCBjb2xvcj0iIzAwMDBDRCIgc2l6ZT0iNCI+PC9mb250Pjwvc3Ryb25nPjxicj48YnI+PGJyPjxwPjx0YWJsZSBib3JkZXI9IjAiIHdpZHRoPSI5NyUiIGJnY29sb3I9IiNGRkZGRTAiPjx0cj48dGQ+PHN0cm9uZz48Zm9udCBjb2xvcj0iIzAwNjQwMCIgc2l6ZT0iMyI+44CQ6Zai6YCj5ZWG5ZOB44Gv44GT44Gh44KJ44Gn44GZ44CRPC9mb250Pjwvc3Ryb25nPjxicj7il4Yg44Gd44Gu5LuWIOODgOODs+OCueOCreODs++8iERBTlNLSU7vvInjgrnjg53jg7zjg4Tjgqvjgrjjg6XjgqLjg6vjgqbjgqfjgqLjga/jgZPjgaHjgok8YnI+4peGIOWFqOOCq+ODqeODvO+8iOiJsumBleOBhO+8ieOBr+OBk+OBoeOCiTxicj48L3RkPjwvdHI+PC90YWJsZT48IS0tbWtfdGFncy0tPjxQPjxJTUcgc3JjPSJodHRwOi8vd3d3LnJha3V0ZW4ubmUuanAvZ29sZC9lc3BvcnRzL2JuL2p5dWhhdHR5dXU1MjAtNjAuanBnIiB3aWR0aD0iNTIwIiBoZWlnaHQ9IjYwIiBib3JkZXI9IjAiPjwvUD48IS0tbWtfdGFnZS0tPjxicj7il4/nrqHnkIZjb2Rl77yaNzk4Mzg3ODA8IS0tc3BlY190YWdzLS0+PHA+PHN0cm9uZz48Zm9udCBjb2xvcj0iIzAwMDBDRCIgc2l6ZT0iMyI+44CQ5ZWG5ZOB44K544Oa44OD44Kv44CRPC9mb250Pjwvc3Ryb25nPjxicj7il488c3Ryb25nPumBqeW/nOOCteOCpOOCuu+8iGNt77yJPC9zdHJvbmc+IDogPGJyPk3vvJrouqvplbcxNTYtMTY044CB44OQ44K544OINzktODXjgIHjgqbjgqjjgrnjg4g2NC03MOOAgeODkuODg+ODlzg3LTkzPGJyPkzvvJrouqvplbcxNjEtMTY544CB44OQ44K544OIODMtODnjgIHjgqbjgqjjgrnjg4g2OS03N+OAgeODkuODg+ODlzkxLTk3PGJyPlhM77ya6Lqr6ZW3MTY2LTE3NOOAgeODkOOCueODiDg3LTkz44CB44Km44Ko44K544OINzctODXjgIHjg5Ljg4Pjg5c5NS0xMDE8YnI+4pePPHN0cm9uZz7ntKDmnZA8L3N0cm9uZz4gOiA8YnI+Q1Ljg5njgqJL5aSp56u677yI44Kz44OD44OI44OzNTXvvIXjg7vjg6zjg7zjg6jjg7M0MO+8heODu+ODneODquOCpuODrOOCv+ODszXvvIXvvIk8YnI+PCEtLXNwZWNfdGFnZS0tPjxicj48bGluayByZWw9InN0eWxlc2hlZXQiIHR5cGU9InRleHQvY3NzIiBocmVmPSJodHRwOi8vd3d3LnJha3V0ZW4ubmUuanAvZ29sZC9lc3BvcnRzL3Nob3BwaW5nX3BhcnRzLmNzcyI+Cgo8ZGl2IHN0eWxlPSJtYXJnaW4tdG9wOi0yNnB4OyI+PC9kaXY+Cgo8IS0tIOOCu+ODvOODqyA8aW1nIHNyYz0iaHR0cDovL3d3dy5yYWt1dGVuLm5lLmpwL2dvbGQvZXNwb3J0cy9uZXd5ZWFyLXNhbGUvbmV3eWVhci1zYWxlLTc4MC5qcGciIGJvcmRlcj0iMCIgYWx0PSLjgrvjg7zjg6siIHdpZHRoPSI3NzBweCI+PGJyPjxicj4g44K744O844OrIC0tPgoKPCEtLSDjgrnjg7zjg5Hjg7zjgrvjg7zjg6sgPGRpdiBzdHlsZT0id2lkdGggOiA3NTBweDsiPgo8ZGl2IGFsaWduPSJjZW50ZXIiIHN0eWxlPSJtYXJnaW4tYm90dG9tIDogMHB4O2JvcmRlci13aWR0aCA6IDJweDtib3JkZXItc3R5bGUgOiBzb2xpZDtib3JkZXItY29sb3IgOiAjYmMxMTMxOyI+Cgo8L2Rpdj48L2Rpdj48ZGl2IGNsYXNzPSJtYXJnaW41Ij48L2Rpdj48YnI+IOOCueODvOODkeODvOOCu+ODvOODqy0tPgoKPCEtLSDjgrnjg7zjg5Hjg7zjgrvjg7zjg6syIO+8iOODkOODiuODvOOBruOBv++8iTxpbWcgc3JjPSJodHRwOi8vd3d3LnJha3V0ZW4ubmUuanAvZ29sZC9lc3BvcnRzL3Nwc2FsZS9zYWxlLWJuNzgwLmpwZyIgYm9yZGVyPSIwIiBhbHQ9IuOCu+ODvOODqyIgd2lkdGg9Ijc3MHB4Ij48YnI+PGJyPiDjgrnjg7zjg5Hjg7wgLS0+Cgo8ZGl2IGNsYXNzPSJjb250ZW50cyI+PCEtLSDlkYrnn6UgCjxkaXYgc3R5bGU9IndpZHRoOjczNnB4OyBwYWRkaW5nOjE1cHg7IG1hcmdpbjo1cHggMCAxNXB4OyBib3JkZXI6c29saWQgI0U2MkYyRiAycHg7Ij4KPHAgc3R5bGU9ImZvbnQtd2VpZ2h0OmJvbGQ7IGZvbnQtc2l6ZToxN3B4OyB0ZXh0LWFsaWduOmNlbnRlcjsiPuOAkCA8c3BhbiBzdHlsZT0iYm9yZGVyLWJvdHRvbToycHggZG90dGVkICM5OTk7IGZvbnQtc2l6ZToxNXB4OyI+NeaciDI25pelKOmHkSnjga7llrbmpa3jgavjgaTjgYTjgaY8L3NwYW4+IOOAkTwvcD4KPHAgc3R5bGU9ImZvbnQtc2l6ZToxM3B4OyBtYXJnaW4tdG9wOjE1cHg7Ij7oqqDjgavli53miYvjgarjgYzjgok15pyIMjbml6Uo6YeRKeOBr+OAgeekvuWGheeglOS/ruOBruOBn+OCgeOAgeWWtualreaZgumWk+OCkuWNiOWJjTEy77yaMDDjgb7jgafjgajjgZXjgZvjgabjgYTjgZ/jgaDjgY3jgb7jgZnjgILlsJrjgIHjgIzjgYLjgZnmpb3jgI3lr77lv5zlk4HjgavjgaTjgY3jgb7jgZfjgabjga/jgIHpgJrluLjpgJrjgooxMu+8mjAw44G+44Gn44Gu44GU5rOo5paH44KS5b2T5pel55m66YCB44GV44Gb44Gm44GE44Gf44Gg44GN44G+44GZ44CCPC9wPgo8cCBzdHlsZT0iZm9udC1zaXplOjEzcHg7IG1hcmdpbi10b3A6MTVweDsiPuOBiuWuouanmOOBq+OBr+OBlOS4jeS+v+OCkuOBiuaOm+OBkeiHtOOBl+OBvuOBmeOBjOOAgeOBlOeQhuino+OBrueoi+OAgeWunOOBl+OBj+OBiumhmOOBhOiHtOOBl+OBvuOBmeOAgjwvcD4KPC9kaXY+IC0tPgoKCjwhLS0gPGRpdiBzdHlsZT0id2lkdGg6NzM2cHg7IHBhZGRpbmc6MTVweDsgbWFyZ2luOjVweCAwIDE1cHg7IGJvcmRlcjpzb2xpZCAjRTYyRjJGIDJweDsiPgo8cCBzdHlsZT0iZm9udC13ZWlnaHQ6Ym9sZDsgZm9udC1zaXplOjE3cHg7IHRleHQtYWxpZ246Y2VudGVyOyBtYXJnaW46MDsiPuOAkCA8c3BhbiBzdHlsZT0iYm9yZGVyLWJvdHRvbToycHggZG90dGVkICM5OTk7IGZvbnQtc2l6ZToxNXB4OyI+5aSp5YCZ5LiN6Imv44Gu5b2x6Z+/44Gr44KI44KL6YWN6YCB6YGF5bu244Gr44Gk44GE44GmPC9zcGFuPiDjgJE8L3A+CjxwIHN0eWxlPSJmb250LXNpemU6MTNweDsgbWFyZ2luOjE1cHggMCAwOyI+5Y+w6aKo44O76LGq6Zuo562J44Gu5aSp5YCZ5LiN6Imv44Gr5Ly044GE44CB5LiA6YOo5Zyw5Z+f44Gn44GK6I2354mp44Gu44GK5bGK44GR44Gr6YGF44KM44GM55m655Sf44GZ44KL5oGQ44KM44GM44GU44GW44GE44G+44GZ44CCPC9wPgo8cCBzdHlsZT0iZm9udC1zaXplOjEzcHg7IG1hcmdpbjo3cHggMCAwOyI+44G+44Gf44CB5LuK5b6M44Gu5Y+w6aKo44Gu6YCy6Lev44Gr44KI44Gj44Gm44Gv44CB5bqD56+E5Zuy44Gu5Zyw5Z+f44Gn6YGF44KM44GM55Sf44GY44KL5Y+v6IO95oCn44GM44GC44KK44G+44GZ44CC5Zyw5Z+f44KE44K/44Kk44Of44Oz44Kw44Gr44KI44Gj44Gm44CB44GU5biM5pyb44Gu44GK5bGK44GR5pel5pmC44Gr6YWN6YGU44Gn44GN44Gq44GE5aC05ZCI44GM44GU44GW44GE44G+44GZ44CCPC9wPgo8cCBzdHlsZT0iZm9udC1zaXplOjEzcHg7IG1hcmdpbjo3cHggMCAwOyI+44GK5a6i5qeY44Gr44Gv5aSn5aSJ44GU6L+35oOR44KS44GK5o6b44GR6Ie044GX44G+44GZ44GM44CB44GU55CG6Kej44GE44Gf44Gg44GR44G+44GZ44KI44GG44GK6aGY44GE6Ie044GX44G+44GZ44CCPC9wPgo8L2Rpdj4gLS0+CgoKCjwhLS0g5LiA6YOo5Zyw5Z+f44Gn44Gu6YWN6YGU6YGF5bu244Gr44Gk44GN44G+44GX44GmIC0tPgoKCjwhLS0g44Kv44O844Od44OzIAo8aW1nIHNyYz0iaHR0cDovL3d3dy5yYWt1dGVuLm5lLmpwL2dvbGQvZXNwb3J0cy9ibi9jb3Vwb24vY291cG9uNzcwLmdpZiIgYWx0PSIyMDDlhoZPRkbjgq/jg7zjg53jg7MiPiAtLT4KCgoKPCEtLSA8aW1nIHNyYz0iaHR0cDovL3d3dy5yYWt1dGVuLm5lLmpwL2dvbGQvZXNwb3J0cy9ibi9hZGlkYXMvYWRpZGFzLWJuMzU3LmpwZyIgYWx0PSJhZGlkYXPjg53jgqTjg7Pjg4gxNeWAjSI+IC0tPgoKCjxicj4=,44OA44Oz44K544Kt44Oz77yIREFOU0tJTu+8iSDjg4fjgqTjg6rjg7zjgqLjgqbjg4jjg5XjgqPjg4Pjg4gvREFJTFkgT1VURklUIDfliIboopZUIFNLL+OCt+OCp+ODq+ODlOODs+OCryBERDc3MTUwIOOAkOOCq+OCuOODpeOCouODq+OCpuOCp+OCoiDjgrnjg53jg7zjg4TjgqbjgqfjgqIg44Os44OH44Kj44O844K544Km44Kn44KiIOOCueODneODvOODhOOCq+OCuOODpeOCouODqyDpgYvli5XjgJHvvJrvvYXvvLPvvLDvvK/vvLLvvLTvvLPmpb3lpKnmlK/lupc=,44Ki44Km44OI44OJ44Ki44Kt44Oj44Oz44OX44OQ44O844OZ44Kt44Ol44O844OG44Oz44OI44K/44O844OX44OG44O844OW44Or44OB44Kn44Ki44K344Ol44Op44OV44Op44Oz44K/44Oz44Kv44O844Op44O844Oc44OD44Kv44K544Kz44O844Or44Oe44Oz44OO44O844K544OV44Kn44Kk44K544K544Od44O844OE44OV44Kj44OD44OI44ON44K544OA44Kk44Ko44OD44OI44OI44Os44O844OL44Oz44Kw44OX44Ot44OG44Kk44Oz44K144OX44Oq44Oh44Oz44OI44OA44Oz44OZ44Or44K144OD44Kr44O844OA44Oz44K544Kt44Oz77yIREFOU0tJTu+8iSDjg4fjgqTjg6rjg7zjgqLjgqbjg4jjg5XjgqPjg4Pjg4gvREFJTFkgT1VURklUIDfliIboopZUIFNLL+OCt+OCp+ODq+ODlOODs+OCryBERDc3MTUwIOOAkOOCq+OCuOODpeOCouODq+OCpuOCp+OCoiDjgrnjg53jg7zjg4TjgqbjgqfjgqIg44Os44OH44Kj44O844K544Km44Kn44KiIOOCueODneODvOODhOOCq+OCuOODpeOCouODqyDpgYvli5XjgJE=,44OA44Oz44K544Kt44Oz77yIREFOU0tJTu+8iSDjg4fjgqTjg6rjg7zjgqLjgqbjg4jjg5XjgqPjg4Pjg4gvREFJTFkgT1VURklUIDfliIboopZUIFNLL+OCt+OCp+ODq+ODlOODs+OCryBERDc3MTUwIOOAkOOCq+OCuOODpeOCouODq+OCpuOCp+OCoiDjgrnjg53jg7zjg4TjgqbjgqfjgqIg44Os44OH44Kj44O844K544Km44Kn44KiIOOCueODneODvOODhOOCq+OCuOODpeOCouODqyDpgYvli5XjgJE=[rn]
34-75258,aHR0cDovL3RzaG9wLnIxMHMuanAvZXNwb3J0cy9jYWJpbmV0Lzk5ODItMjUvOTk4MjQyMTI5MTAyMi5qcGc/Zml0aW49NzAwOjcwMA==,NTQ0My4yMDAw,,44K544Od44O844OE44O744Ki44Km44OI44OJ44KiID4g44OV44Kj44OD44OI44ON44K544O744OI44Os44O844OL44Oz44KwID4g44Km44Kn44KiID4g44Os44OH44Kj44O844K544Km44Kn44KiID4g44OI44OD44OX44K5,44Of44K644OO77yITUlaVU5P77yJIOODrOODh+OCo+ODvOOCuSDjg6Djg7zjg7Tjgq/jg63jgrnjgrfjg6Pjg4QgMzJKQzYzMzAxNCDjgJDjg4jjg6zjg7zjg4vjg7PjgrDjgqbjgqfjgqIg44K544Od44O844OE44Km44Kn44KiIOmVt+iiliDjgrjjg6PjgrHjg4Pjg4jjgJE=,,PCEtLWltZ190YWdzLS0+PHRhYmxlIGJvcmRlcj0iMCIgd2lkdGg9IjY1MCI+PFRSPjxURCBhbGlnbj0iY2VudGVyIj48QSBocmVmPSJodHRwOi8vd3d3LnJha3V0ZW4uY28uanAvZXNwb3J0cy9pbmZvMi5odG1sI2RlciI+PElNRyBzcmM9Imh0dHA6Ly93d3cucmFrdXRlbi5uZS5qcC9nb2xkL2VzcG9ydHMvc3VwcG9ydC9zaGlwcGluZzIuZ2lmIiBib3JkZXI9IjAiPjwvQT48QSBocmVmPSJodHRwOi8vd3d3LnJha3V0ZW4ubmUuanAvZ29sZC9lc3BvcnRzL3N1cHBvcnQvZGlzcGF0Y2guaHRtbCI+PElNRyBzcmM9Imh0dHA6Ly93d3cucmFrdXRlbi5uZS5qcC9nb2xkL2VzcG9ydHMvc3VwcG9ydC9kYXlzMy5naWYiIGJvcmRlcj0iMCI+PC9BPjxBIGhyZWY9Imh0dHA6Ly93d3cucmFrdXRlbi5uZS5qcC9nb2xkL2VzcG9ydHMvc3VwcG9ydC9kaXNwYXRjaC5odG1sIj48SU1HIHNyYz0iaHR0cDovL3d3dy5yYWt1dGVuLm5lLmpwL2dvbGQvZXNwb3J0cy9zdXBwb3J0L3BsYWNlMy5naWYiIGJvcmRlcj0iMCI+PC9BPjxBIGhyZWY9Imh0dHA6Ly93d3cucmFrdXRlbi5jby5qcC9lc3BvcnRzL2luZm8yLmh0bWwjYmFjayI+PElNRyBzcmM9Imh0dHA6Ly93d3cucmFrdXRlbi5uZS5qcC9nb2xkL2VzcG9ydHMvc3VwcG9ydC9yZXR1cm4yLmdpZiIgYm9yZGVyPSIwIj48L0E+PC90ZD48L3RyPjwvdGFibGU+PCEtLWltZ190YWdlLS0+PHN0cm9uZz48Zm9udCBjb2xvcj0iIzAwMDBDRCIgc2l6ZT0iNCI+44Oc44K/44OL44Kr44Orw5fjg5zjg7zjg4Djg7zjg5/jg4Pjgq/jgrnmn4Tjga48YnI+44Og44O844OW44Kv44Ot44K544Gn5aSP44KS5qW944GX44GP5b2p44KK44G+44GZ77yBPGJyPjwvZm9udD48L3N0cm9uZz48YnI+4pag44Od44Kx44OD44OI44OV44Kh44K544OK44O854Sh44GXPGJyPuKAu+ijveWTgeOBq+OCiOOBo+OBpuafhOOBruimi+OBiOaWueOBjOeVsOOBquOCiuOBvuOBmeOBruOBp+W+oeS6huaJv+S4i+OBleOBhOOAgjxicj48YnI+PGJyPjxzdHJvbmc+44CQ5qmf6IO944CRPC9zdHJvbmc+PGJyPuODu+acgOOCguOCueOCv+ODs+ODgOODvOODieOBquOCt+ODq+OCqOODg+ODiOOAgjxicj7jg7vlkLjmsZfpgJ/kub7mgKfjgYzlhKrjgozjgabjgYTjgovjgZPjgajjgpLnpLrjgZfjgIHmsZfjgpLntKDml6njgY/lkLjlj47jgIHmi6HmlaPjgIHjgqbjgqjjgqLlhoXjgpLlv6vpganjgarnirbmhYvjgavkv53jgaHjgb7jgZnjgII8YnI+44O757Sr5aSW57ea44Kr44OD44OI5oCn44Gr5YSq44KM44Gm44GE44KL44GT44Go44KS56S644GX44CB5pel54S844GR44GL44KJ6IKM44KS5a6I44KK44G+44GZ44CCPGJyPuODu+OCueODiOODrOODg+ODgeaAp+OBjOWEquOCjOOBpuOBhOOCi+OBk+OBqOOCkuekuuOBl+OAgeWLleOBjeOCkuOCiOOCiuOCueODoOODvOOCuuOBq+OBl+OAgeS4jeW/q+OBquOBpOOBo+OBseOCiuaEn+OCkui7vea4m+OBl+OBvuOBmeOAgjxicj7jg7vpgJrmsJfmgKfjgpLogIPmha7jgZfjgZ/jgrnjg4jjg6zjg4Pjg4HntKDmnZDjgafjgaTjgaPjgbHjgormhJ/jgpLou73muJvjgIHjgrnjg6Djg7zjgrrjgaflronlrprmhJ/jga7jgYLjgovli5XjgY3jgpLlj6/og73jgavjgZfjgb7jgZnjgII8YnI+44O755Kw5aKD6YWN5oWu5Z6L5ZWG5ZOB44Gu5paw44GX44GE6KqN5a6a5Z+65rqW44CM44Of44K644OO44Kw44Oq44O844Oz44Kw44Os44O844OJ44CN44OW44Ot44Oz44K644Oh44OA44Or44CCPGJyPjxicj48cD48IS0tbWtfdGFncy0tPjxQPjxJTUcgc3JjPSJodHRwOi8vd3d3LnJha3V0ZW4ubmUuanAvZ29sZC9lc3BvcnRzL2JuL2p5dWhhdHR5dXU1MjAtNjAuanBnIiB3aWR0aD0iNTIwIiBoZWlnaHQ9IjYwIiBib3JkZXI9IjAiPjwvUD48IS0tbWtfdGFnZS0tPjxicj48aW1nIHNyYz0iaHR0cDovL2ltYWdlLnJha3V0ZW4uY28uanAvZXNwb3J0cy9jYWJpbmV0L3NpemUvc3BvcnRzX3NpemUzNzUuZ2lmIiB3aWR0aD0iMzc1cHgiIGhlaWdodD0iOTBweCIgYWx0PSLjgrnjg53jg7zjg4TjgqbjgqfjgqLjgrXjgqTjgrrooagiIGJvcmRlcj0iMCI+PGJyPjxicj7il4/nrqHnkIZjb2Rl77yaNzk4Mzk1OTU8IS0tc3BlY190YWdzLS0+PHA+PHN0cm9uZz48Zm9udCBjb2xvcj0iIzAwMDBDRCIgc2l6ZT0iMyI+44CQ5ZWG5ZOB44K544Oa44OD44Kv44CRPC9mb250Pjwvc3Ryb25nPjxicj7il488c3Ryb25nPuOCteOCpOOCujwvc3Ryb25nPiA6IFPjgIFN44CBTOOAgVhMPGJyPuKXjzxzdHJvbmc+57Sg5p2QPC9zdHJvbmc+IDogPGJyPuOAgOacrOS9k++8muODneODquOCqOOCueODhuODqzEwMO+8hTxicj7jgIDjg5DjgqTjg7Pjg4Djg7zvvJrjg53jg6rjgqjjgrnjg4bjg6s5M++8heOAgeODneODquOCpuODrOOCv+ODszfvvIU8YnI+4pePPHN0cm9uZz7ljp/nlKPlm708L3N0cm9uZz4gOiDjgr/jgqToo708YnI+4pePPHN0cm9uZz7jg6zjg4fjgqPjg7zjgrnjgrXjgqTjgrrvvIhjbe+8iTwvc3Ryb25nPiA6IDxicj7jgIBYUy/ouqvplbcxNDfvvZ4xNTPjgIHjg5Djgrnjg4g3Ne+9njc544CB44Km44Ko44K544OINTbvvZ42MDxicj7jgIBTL+i6q+mVtzE1Mu+9njE1OOOAgeODkOOCueODiDc4772eODLjgIHjgqbjgqjjgrnjg4g1Oe+9njYzPGJyPuOAgE0v6Lqr6ZW3MTU3772eMTYz44CB44OQ44K544OIODHvvZ44NeOAgeOCpuOCqOOCueODiDYy772eNjY8YnI+44CATC/ouqvplbcxNjLvvZ4xNjjjgIHjg5Djgrnjg4g4NO+9njg444CB44Km44Ko44K544OINjXvvZ42OTxicj7jgIBYTC/ouqvplbcxNjfvvZ4xNzPjgIHjg5Djgrnjg4g4N++9njkx44CB44Km44Ko44K544OINjjvvZ43Mjxicj7jgIAyWEwv6Lqr6ZW3MTcy772eMTc444CB44OQ44K544OIOTDvvZ45NOOAgeOCpuOCqOOCueODiDcx772eNzU8YnI+44CAM1hML+i6q+mVtzE3N++9njE4M+OAgeODkOOCueODiDkz772eOTfjgIHjgqbjgqjjgrnjg4g3NO+9njc4PGJyPuKXjzxzdHJvbmc+6KaP5qC844K144Kk44K677yI5a6f5a+477yJ77yIY23vvIk8L3N0cm9uZz4gOiA8YnI+44CA552A5LiI77yaUy82MS4544CBTS82NeOAgUwvNjguMeOAgVhMLzcxLjI8YnI+44CA6IO45Zue44KK77yaUy85N+OAgU0vMTAw44CBTC8xMDPjgIFYTC8xMDY8YnI+44CA6IKp5bmF77yaUy8zNy4444CBTS8zOeOAgUwvNDAuMuOAgVhMLzQxLjQ8YnI+44CA6KOE5LiI77yaUy83Ni4544CBTS83OeOAgUwvODEuMeOAgVhMLzgzLjI8YnI+PCEtLXNwZWNfdGFnZS0tPjxicj48YnI+PGJyPjxmb250IHNpemU9Ii0xIj7jg6Hjg7zjgqvjg7zluIzmnJvlsI/lo7LkvqHmoLzjga/jg6Hjg7zjgqvjg7zjgqvjgr/jg63jgrDjgavln7rjgaXjgYTjgabmjrLovInjgZfjgabjgYTjgb7jgZk8YnI+PC9mb250PjxpbWcgc3JjPSJodHRwOi8vaW1hZ2UucmFrdXRlbi5jby5qcC9lc3BvcnRzL2NhYmluZXQvZXZpZGVuY2UvZXZpZGVuY2UyLmpwZyIgYm9yZGVyPSIwIiBhbHQ9IuOCqOODk+ODh+ODs+OCuSI+PGxpbmsgcmVsPSJzdHlsZXNoZWV0IiB0eXBlPSJ0ZXh0L2NzcyIgaHJlZj0iaHR0cDovL3d3dy5yYWt1dGVuLm5lLmpwL2dvbGQvZXNwb3J0cy9zaG9wcGluZ19wYXJ0cy5jc3MiPgoKPGRpdiBzdHlsZT0ibWFyZ2luLXRvcDotMjZweDsiPjwvZGl2PgoKPCEtLSDjgrvjg7zjg6sgPGltZyBzcmM9Imh0dHA6Ly93d3cucmFrdXRlbi5uZS5qcC9nb2xkL2VzcG9ydHMvbmV3eWVhci1zYWxlL25ld3llYXItc2FsZS03ODAuanBnIiBib3JkZXI9IjAiIGFsdD0i44K744O844OrIiB3aWR0aD0iNzcwcHgiPjxicj48YnI+IOOCu+ODvOODqyAtLT4KCjwhLS0g44K544O844OR44O844K744O844OrIDxkaXYgc3R5bGU9IndpZHRoIDogNzUwcHg7Ij4KPGRpdiBhbGlnbj0iY2VudGVyIiBzdHlsZT0ibWFyZ2luLWJvdHRvbSA6IDBweDtib3JkZXItd2lkdGggOiAycHg7Ym9yZGVyLXN0eWxlIDogc29saWQ7Ym9yZGVyLWNvbG9yIDogI2JjMTEzMTsiPgoKPC9kaXY+PC9kaXY+PGRpdiBjbGFzcz0ibWFyZ2luNSI+PC9kaXY+PGJyPiDjgrnjg7zjg5Hjg7zjgrvjg7zjg6stLT4KCjwhLS0g44K544O844OR44O844K744O844OrMiDvvIjjg5Djg4rjg7zjga7jgb/vvIk8aW1nIHNyYz0iaHR0cDovL3d3dy5yYWt1dGVuLm5lLmpwL2dvbGQvZXNwb3J0cy9zcHNhbGUvc2FsZS1ibjc4MC5qcGciIGJvcmRlcj0iMCIgYWx0PSLjgrvjg7zjg6siIHdpZHRoPSI3NzBweCI+PGJyPjxicj4g44K544O844OR44O8IC0tPgoKPGRpdiBjbGFzcz0iY29udGVudHMiPjwhLS0g5ZGK55+lIAo8ZGl2IHN0eWxlPSJ3aWR0aDo3MzZweDsgcGFkZGluZzoxNXB4OyBtYXJnaW46NXB4IDAgMTVweDsgYm9yZGVyOnNvbGlkICNFNjJGMkYgMnB4OyI+CjxwIHN0eWxlPSJmb250LXdlaWdodDpib2xkOyBmb250LXNpemU6MTdweDsgdGV4dC1hbGlnbjpjZW50ZXI7Ij7jgJAgPHNwYW4gc3R5bGU9ImJvcmRlci1ib3R0b206MnB4IGRvdHRlZCAjOTk5OyBmb250LXNpemU6MTVweDsiPjXmnIgyNuaXpSjph5Ep44Gu5Za25qWt44Gr44Gk44GE44GmPC9zcGFuPiDjgJE8L3A+CjxwIHN0eWxlPSJmb250LXNpemU6MTNweDsgbWFyZ2luLXRvcDoxNXB4OyI+6Kqg44Gr5Yud5omL44Gq44GM44KJNeaciDI25pelKOmHkSnjga/jgIHnpL7lhoXnoJTkv67jga7jgZ/jgoHjgIHllrbmpa3mmYLplpPjgpLljYjliY0xMu+8mjAw44G+44Gn44Go44GV44Gb44Gm44GE44Gf44Gg44GN44G+44GZ44CC5bCa44CB44CM44GC44GZ5qW944CN5a++5b+c5ZOB44Gr44Gk44GN44G+44GX44Gm44Gv44CB6YCa5bi46YCa44KKMTLvvJowMOOBvuOBp+OBruOBlOazqOaWh+OCkuW9k+aXpeeZuumAgeOBleOBm+OBpuOBhOOBn+OBoOOBjeOBvuOBmeOAgjwvcD4KPHAgc3R5bGU9ImZvbnQtc2l6ZToxM3B4OyBtYXJnaW4tdG9wOjE1cHg7Ij7jgYrlrqLmp5jjgavjga/jgZTkuI3kvr/jgpLjgYrmjpvjgZHoh7TjgZfjgb7jgZnjgYzjgIHjgZTnkIbop6Pjga7nqIvjgIHlrpzjgZfjgY/jgYrpoZjjgYToh7TjgZfjgb7jgZnjgII8L3A+CjwvZGl2PiAtLT4KCgo8IS0tIDxkaXYgc3R5bGU9IndpZHRoOjczNnB4OyBwYWRkaW5nOjE1cHg7IG1hcmdpbjo1cHggMCAxNXB4OyBib3JkZXI6c29saWQgI0U2MkYyRiAycHg7Ij4KPHAgc3R5bGU9ImZvbnQtd2VpZ2h0OmJvbGQ7IGZvbnQtc2l6ZToxN3B4OyB0ZXh0LWFsaWduOmNlbnRlcjsgbWFyZ2luOjA7Ij7jgJAgPHNwYW4gc3R5bGU9ImJvcmRlci1ib3R0b206MnB4IGRvdHRlZCAjOTk5OyBmb250LXNpemU6MTVweDsiPuWkqeWAmeS4jeiJr+OBruW9semfv+OBq+OCiOOCi+mFjemAgemBheW7tuOBq+OBpOOBhOOBpjwvc3Bhbj4g44CRPC9wPgo8cCBzdHlsZT0iZm9udC1zaXplOjEzcHg7IG1hcmdpbjoxNXB4IDAgMDsiPuWPsOmiqOODu+ixqumbqOetieOBruWkqeWAmeS4jeiJr+OBq+S8tOOBhOOAgeS4gOmDqOWcsOWfn+OBp+OBiuiNt+eJqeOBruOBiuWxiuOBkeOBq+mBheOCjOOBjOeZuueUn+OBmeOCi+aBkOOCjOOBjOOBlOOBluOBhOOBvuOBmeOAgjwvcD4KPHAgc3R5bGU9ImZvbnQtc2l6ZToxM3B4OyBtYXJnaW46N3B4IDAgMDsiPuOBvuOBn+OAgeS7iuW+jOOBruWPsOmiqOOBrumAsui3r+OBq+OCiOOBo+OBpuOBr+OAgeW6g+evhOWbsuOBruWcsOWfn+OBp+mBheOCjOOBjOeUn+OBmOOCi+WPr+iDveaAp+OBjOOBguOCiuOBvuOBmeOAguWcsOWfn+OChOOCv+OCpOODn+ODs+OCsOOBq+OCiOOBo+OBpuOAgeOBlOW4jOacm+OBruOBiuWxiuOBkeaXpeaZguOBq+mFjemBlOOBp+OBjeOBquOBhOWgtOWQiOOBjOOBlOOBluOBhOOBvuOBmeOAgjwvcD4KPHAgc3R5bGU9ImZvbnQtc2l6ZToxM3B4OyBtYXJnaW46N3B4IDAgMDsiPuOBiuWuouanmOOBq+OBr+Wkp+WkieOBlOi/t+aDkeOCkuOBiuaOm+OBkeiHtOOBl+OBvuOBmeOBjOOAgeOBlOeQhuino+OBhOOBn+OBoOOBkeOBvuOBmeOCiOOBhuOBiumhmOOBhOiHtOOBl+OBvuOBmeOAgjwvcD4KPC9kaXY+IC0tPgoKCgo8IS0tIOS4gOmDqOWcsOWfn+OBp+OBrumFjemBlOmBheW7tuOBq+OBpOOBjeOBvuOBl+OBpiAtLT4KCgo8IS0tIOOCr+ODvOODneODsyAKPGltZyBzcmM9Imh0dHA6Ly93d3cucmFrdXRlbi5uZS5qcC9nb2xkL2VzcG9ydHMvYm4vY291cG9uL2NvdXBvbjc3MC5naWYiIGFsdD0iMjAw5YaGT0ZG44Kv44O844Od44OzIj4gLS0+CgoKCjwhLS0gPGltZyBzcmM9Imh0dHA6Ly93d3cucmFrdXRlbi5uZS5qcC9nb2xkL2VzcG9ydHMvYm4vYWRpZGFzL2FkaWRhcy1ibjM1Ny5qcGciIGFsdD0iYWRpZGFz44Od44Kk44Oz44OIMTXlgI0iPiAtLT4KCgo8YnI+,44Of44K644OO77yITUlaVU5P77yJIOODrOODh+OCo+ODvOOCuSDjg6Djg7zjg7Tjgq/jg63jgrnjgrfjg6Pjg4QgMzJKQzYzMzAxNCDjgJDjg4jjg6zjg7zjg4vjg7PjgrDjgqbjgqfjgqIg44K544Od44O844OE44Km44Kn44KiIOmVt+iiliDjgrjjg6PjgrHjg4Pjg4jjgJHvvJrvvYXvvLPvvLDvvK/vvLLvvLTvvLPmpb3lpKnmlK/lupc=,44Ki44Km44OI44OJ44Ki44Kt44Oj44Oz44OX44OQ44O844OZ44Kt44Ol44O844OG44Oz44OI44K/44O844OX44OG44O844OW44Or44OB44Kn44Ki44K344Ol44Op44OV44Op44Oz44K/44Oz44Kv44O844Op44O844Oc44OD44Kv44K544Kz44O844Or44Oe44Oz44OO44O844K544OV44Kn44Kk44K544K544Od44O844OE44OV44Kj44OD44OI44ON44K544OA44Kk44Ko44OD44OI44OI44Os44O844OL44Oz44Kw44OX44Ot44OG44Kk44Oz44K144OX44Oq44Oh44Oz44OI44OA44Oz44OZ44Or44K144OD44Kr44O844Of44K644OO77yITUlaVU5P77yJIOODrOODh+OCo+ODvOOCuSDjg6Djg7zjg7Tjgq/jg63jgrnjgrfjg6Pjg4QgMzJKQzYzMzAxNCDjgJDjg4jjg6zjg7zjg4vjg7PjgrDjgqbjgqfjgqIg44K544Od44O844OE44Km44Kn44KiIOmVt+iiliDjgrjjg6PjgrHjg4Pjg4jjgJE=,44Of44K644OO77yITUlaVU5P77yJIOODrOODh+OCo+ODvOOCuSDjg6Djg7zjg7Tjgq/jg63jgrnjgrfjg6Pjg4QgMzJKQzYzMzAxNCDjgJDjg4jjg6zjg7zjg4vjg7PjgrDjgqbjgqfjgqIg44K544Od44O844OE44Km44Kn44KiIOmVt+iiliDjgrjjg6PjgrHjg4Pjg4jjgJE=[rn]
34-75259,aHR0cDovL3RzaG9wLnIxMHMuanAvZXNwb3J0cy9jYWJpbmV0Lzk5ODItMjUvOTk4MjQyMTQ5MTQ2NS5qcGc/Zml0aW49NzAwOjcwMA==,Mzc0Mi40MDAw,,44K544Od44O844OE44O744Ki44Km44OI44OJ44KiID4g44OV44Kj44OD44OI44ON44K544O744OI44Os44O844OL44Oz44KwID4g44Km44Kn44KiID4g44Os44OH44Kj44O844K544Km44Kn44KiID4g44OI44OD44OX44K5,44Of44K644OO77yITUlaVU5P77yJIOODrOODh+OCo+ODvOOCuSDjgqbjgqnjg7zjg6DjgqLjg4Pjg5fjgrfjg6Pjg4QgMzJKQzYzMjUxNCDjgJDjgrnjg53jg7zjg4TjgqbjgqfjgqIg44OI44Os44O844OL44Oz44Kw44Km44Kn44KiIOmVt+iiluOAkQ==,,PCEtLWltZ190YWdzLS0+PHRhYmxlIGJvcmRlcj0iMCIgd2lkdGg9IjY1MCI+PFRSPjxURCBhbGlnbj0iY2VudGVyIj48QSBocmVmPSJodHRwOi8vd3d3LnJha3V0ZW4uY28uanAvZXNwb3J0cy9pbmZvMi5odG1sI2RlciI+PElNRyBzcmM9Imh0dHA6Ly93d3cucmFrdXRlbi5uZS5qcC9nb2xkL2VzcG9ydHMvc3VwcG9ydC9zaGlwcGluZzIuZ2lmIiBib3JkZXI9IjAiPjwvQT48QSBocmVmPSJodHRwOi8vd3d3LnJha3V0ZW4ubmUuanAvZ29sZC9lc3BvcnRzL3N1cHBvcnQvZGlzcGF0Y2guaHRtbCI+PElNRyBzcmM9Imh0dHA6Ly93d3cucmFrdXRlbi5uZS5qcC9nb2xkL2VzcG9ydHMvc3VwcG9ydC9kYXlzMy5naWYiIGJvcmRlcj0iMCI+PC9BPjxBIGhyZWY9Imh0dHA6Ly93d3cucmFrdXRlbi5uZS5qcC9nb2xkL2VzcG9ydHMvc3VwcG9ydC9kaXNwYXRjaC5odG1sIj48SU1HIHNyYz0iaHR0cDovL3d3dy5yYWt1dGVuLm5lLmpwL2dvbGQvZXNwb3J0cy9zdXBwb3J0L3BsYWNlMy5naWYiIGJvcmRlcj0iMCI+PC9BPjxBIGhyZWY9Imh0dHA6Ly93d3cucmFrdXRlbi5jby5qcC9lc3BvcnRzL2luZm8yLmh0bWwjYmFjayI+PElNRyBzcmM9Imh0dHA6Ly93d3cucmFrdXRlbi5uZS5qcC9nb2xkL2VzcG9ydHMvc3VwcG9ydC9yZXR1cm4yLmdpZiIgYm9yZGVyPSIwIj48L0E+PC90ZD48L3RyPjwvdGFibGU+PCEtLWltZ190YWdlLS0+PHN0cm9uZz48Zm9udCBjb2xvcj0iIzAwMDBDRCIgc2l6ZT0iNCI+5aWz5oCn55So44K344Oz44OX44Or44Km44Kp44O844Og44Ki44OD44OX44CB44Oq44OL44Ol44O844Ki44Or44CCPGJyPjwvZm9udD48L3N0cm9uZz48YnI+4pag44Od44Kx44OD44OI44OV44Kh44K544OK44O844Gq44GXPGJyPjxicj48YnI+PHN0cm9uZz7jgJDmqZ/og73jgJE8L3N0cm9uZz48YnI+44O75pyA44KC44K544K/44Oz44OA44O844OJ44Gq44K344Or44Ko44OD44OI44CCPGJyPuODu+WQuOaxl+mAn+S5vuaAp+OBjOWEquOCjOOBpuOBhOOCi+OBk+OBqOOCkuekuuOBl+OAgeaxl+OCkue0oOaXqeOBj+WQuOWPjuOAgeaLoeaVo+OAgeOCpuOCqOOCouWGheOCkuW/q+mBqeOBqueKtuaFi+OBq+S/neOBoeOBvuOBmeOAgjxicj7jg7vnkrDlooPphY3mha7lnovllYblk4Hjga7mlrDjgZfjgYToqo3lrprln7rmupbjgIzjg5/jgrrjg47jgrDjg6rjg7zjg7PjgrDjg6zjg7zjg4njgI3jg5bjg63jg7Pjgrrjg6Hjg4Djg6vjgII8YnI+PGJyPjxwPjwhLS1ta190YWdzLS0+PFA+PElNRyBzcmM9Imh0dHA6Ly93d3cucmFrdXRlbi5uZS5qcC9nb2xkL2VzcG9ydHMvYm4vanl1aGF0dHl1dTUyMC02MC5qcGciIHdpZHRoPSI1MjAiIGhlaWdodD0iNjAiIGJvcmRlcj0iMCI+PC9QPjwhLS1ta190YWdlLS0+PGJyPjxpbWcgc3JjPSJodHRwOi8vaW1hZ2UucmFrdXRlbi5jby5qcC9lc3BvcnRzL2NhYmluZXQvc2l6ZS9zcG9ydHNfc2l6ZTM3NS5naWYiIHdpZHRoPSIzNzVweCIgaGVpZ2h0PSI5MHB4IiBhbHQ9IuOCueODneODvOODhOOCpuOCp+OCouOCteOCpOOCuuihqCIgYm9yZGVyPSIwIj48YnI+PGJyPuKXj+euoeeQhmNvZGXvvJo3OTgzOTU5NTwhLS1zcGVjX3RhZ3MtLT48cD48c3Ryb25nPjxmb250IGNvbG9yPSIjMDAwMENEIiBzaXplPSIzIj7jgJDllYblk4Hjgrnjg5rjg4Pjgq/jgJE8L2ZvbnQ+PC9zdHJvbmc+PGJyPuKXjzxzdHJvbmc+44Os44OH44Kj44O844K544K144Kk44K677yIY23vvIk8L3N0cm9uZz4gOiA8YnI+44CAWFMv6Lqr6ZW3MTQ3772eMTUz44CB44OQ44K544OINzXvvZ43OeOAgeOCpuOCqOOCueODiDU2772eNjA8YnI+44CAUy/ouqvplbcxNTLvvZ4xNTjjgIHjg5Djgrnjg4g3OO+9njgy44CB44Km44Ko44K544OINTnvvZ42Mzxicj7jgIBNL+i6q+mVtzE1N++9njE2M+OAgeODkOOCueODiDgx772eODXjgIHjgqbjgqjjgrnjg4g2Mu+9njY2PGJyPuOAgEwv6Lqr6ZW3MTYy772eMTY444CB44OQ44K544OIODTvvZ44OOOAgeOCpuOCqOOCueODiDY1772eNjk8YnI+44CAWEwv6Lqr6ZW3MTY3772eMTcz44CB44OQ44K544OIODfvvZ45MeOAgeOCpuOCqOOCueODiDY4772eNzI8YnI+44CAMlhML+i6q+mVtzE3Mu+9njE3OOOAgeODkOOCueODiDkw772eOTTjgIHjgqbjgqjjgrnjg4g3Me+9njc1PGJyPuOAgDNYTC/ouqvplbcxNzfvvZ4xODPjgIHjg5Djgrnjg4g5M++9njk344CB44Km44Ko44K544OINzTvvZ43ODxicj7il488c3Ryb25nPuimj+agvOOCteOCpOOCuu+8iOWun+WvuO+8ie+8iGNt77yJPC9zdHJvbmc+IDogPGJyPuOAgOedgOS4iO+8mlMvNTcuOeOAgU0vNjDjgIFMLzYyLjHjgIFYTC82NC4yPGJyPuOAgOiDuOWbnuOCiu+8mlMvOTXjgIFNLzk444CBTC8xMDHjgIFYTC8xMDQ8YnI+44CA6IKp5bmF77yaUy8zNC4444CBTS8zNuOAgUwvMzcuMuOAgVhMLzM4LjQ8YnI+44CA6KKW5LiI77yaUy81OC4144CBTS82MOOAgUwvNjEuNeOAgVhMLzYzPGJyPuKXjzxzdHJvbmc+57Sg5p2QPC9zdHJvbmc+IDog44Od44Oq44Ko44K544OG44OrMTAw77yFPGJyPuKXjzxzdHJvbmc+5Y6f55Sj5Zu9PC9zdHJvbmc+IDog5Lit5Zu96KO944O75pel5pys6KO9PGJyPjwhLS1zcGVjX3RhZ2UtLT48YnI+PGJyPjxicj48Zm9udCBzaXplPSItMSI+44Oh44O844Kr44O85biM5pyb5bCP5aOy5L6h5qC844Gv44Oh44O844Kr44O844Kr44K/44Ot44Kw44Gr5Z+644Gl44GE44Gm5o6y6LyJ44GX44Gm44GE44G+44GZPGJyPjwvZm9udD48aW1nIHNyYz0iaHR0cDovL2ltYWdlLnJha3V0ZW4uY28uanAvZXNwb3J0cy9jYWJpbmV0L2V2aWRlbmNlL2V2aWRlbmNlMi5qcGciIGJvcmRlcj0iMCIgYWx0PSLjgqjjg5Pjg4fjg7PjgrkiPjxsaW5rIHJlbD0ic3R5bGVzaGVldCIgdHlwZT0idGV4dC9jc3MiIGhyZWY9Imh0dHA6Ly93d3cucmFrdXRlbi5uZS5qcC9nb2xkL2VzcG9ydHMvc2hvcHBpbmdfcGFydHMuY3NzIj4KCjxkaXYgc3R5bGU9Im1hcmdpbi10b3A6LTI2cHg7Ij48L2Rpdj4KCjwhLS0g44K744O844OrIDxpbWcgc3JjPSJodHRwOi8vd3d3LnJha3V0ZW4ubmUuanAvZ29sZC9lc3BvcnRzL25ld3llYXItc2FsZS9uZXd5ZWFyLXNhbGUtNzgwLmpwZyIgYm9yZGVyPSIwIiBhbHQ9IuOCu+ODvOODqyIgd2lkdGg9Ijc3MHB4Ij48YnI+PGJyPiDjgrvjg7zjg6sgLS0+Cgo8IS0tIOOCueODvOODkeODvOOCu+ODvOODqyA8ZGl2IHN0eWxlPSJ3aWR0aCA6IDc1MHB4OyI+CjxkaXYgYWxpZ249ImNlbnRlciIgc3R5bGU9Im1hcmdpbi1ib3R0b20gOiAwcHg7Ym9yZGVyLXdpZHRoIDogMnB4O2JvcmRlci1zdHlsZSA6IHNvbGlkO2JvcmRlci1jb2xvciA6ICNiYzExMzE7Ij4KCjwvZGl2PjwvZGl2PjxkaXYgY2xhc3M9Im1hcmdpbjUiPjwvZGl2Pjxicj4g44K544O844OR44O844K744O844OrLS0+Cgo8IS0tIOOCueODvOODkeODvOOCu+ODvOODqzIg77yI44OQ44OK44O844Gu44G/77yJPGltZyBzcmM9Imh0dHA6Ly93d3cucmFrdXRlbi5uZS5qcC9nb2xkL2VzcG9ydHMvc3BzYWxlL3NhbGUtYm43ODAuanBnIiBib3JkZXI9IjAiIGFsdD0i44K744O844OrIiB3aWR0aD0iNzcwcHgiPjxicj48YnI+IOOCueODvOODkeODvCAtLT4KCjxkaXYgY2xhc3M9ImNvbnRlbnRzIj48IS0tIOWRiuefpSAKPGRpdiBzdHlsZT0id2lkdGg6NzM2cHg7IHBhZGRpbmc6MTVweDsgbWFyZ2luOjVweCAwIDE1cHg7IGJvcmRlcjpzb2xpZCAjRTYyRjJGIDJweDsiPgo8cCBzdHlsZT0iZm9udC13ZWlnaHQ6Ym9sZDsgZm9udC1zaXplOjE3cHg7IHRleHQtYWxpZ246Y2VudGVyOyI+44CQIDxzcGFuIHN0eWxlPSJib3JkZXItYm90dG9tOjJweCBkb3R0ZWQgIzk5OTsgZm9udC1zaXplOjE1cHg7Ij415pyIMjbml6Uo6YeRKeOBruWWtualreOBq+OBpOOBhOOBpjwvc3Bhbj4g44CRPC9wPgo8cCBzdHlsZT0iZm9udC1zaXplOjEzcHg7IG1hcmdpbi10b3A6MTVweDsiPuiqoOOBq+WLneaJi+OBquOBjOOCiTXmnIgyNuaXpSjph5Ep44Gv44CB56S+5YaF56CU5L+u44Gu44Gf44KB44CB5Za25qWt5pmC6ZaT44KS5Y2I5YmNMTLvvJowMOOBvuOBp+OBqOOBleOBm+OBpuOBhOOBn+OBoOOBjeOBvuOBmeOAguWwmuOAgeOAjOOBguOBmealveOAjeWvvuW/nOWTgeOBq+OBpOOBjeOBvuOBl+OBpuOBr+OAgemAmuW4uOmAmuOCijEy77yaMDDjgb7jgafjga7jgZTms6jmlofjgpLlvZPml6XnmbrpgIHjgZXjgZvjgabjgYTjgZ/jgaDjgY3jgb7jgZnjgII8L3A+CjxwIHN0eWxlPSJmb250LXNpemU6MTNweDsgbWFyZ2luLXRvcDoxNXB4OyI+44GK5a6i5qeY44Gr44Gv44GU5LiN5L6/44KS44GK5o6b44GR6Ie044GX44G+44GZ44GM44CB44GU55CG6Kej44Gu56iL44CB5a6c44GX44GP44GK6aGY44GE6Ie044GX44G+44GZ44CCPC9wPgo8L2Rpdj4gLS0+CgoKPCEtLSA8ZGl2IHN0eWxlPSJ3aWR0aDo3MzZweDsgcGFkZGluZzoxNXB4OyBtYXJnaW46NXB4IDAgMTVweDsgYm9yZGVyOnNvbGlkICNFNjJGMkYgMnB4OyI+CjxwIHN0eWxlPSJmb250LXdlaWdodDpib2xkOyBmb250LXNpemU6MTdweDsgdGV4dC1hbGlnbjpjZW50ZXI7IG1hcmdpbjowOyI+44CQIDxzcGFuIHN0eWxlPSJib3JkZXItYm90dG9tOjJweCBkb3R0ZWQgIzk5OTsgZm9udC1zaXplOjE1cHg7Ij7lpKnlgJnkuI3oia/jga7lvbHpn7/jgavjgojjgovphY3pgIHpgYXlu7bjgavjgaTjgYTjgaY8L3NwYW4+IOOAkTwvcD4KPHAgc3R5bGU9ImZvbnQtc2l6ZToxM3B4OyBtYXJnaW46MTVweCAwIDA7Ij7lj7Dpoqjjg7vosarpm6jnrYnjga7lpKnlgJnkuI3oia/jgavkvLTjgYTjgIHkuIDpg6jlnLDln5/jgafjgYrojbfnianjga7jgYrlsYrjgZHjgavpgYXjgozjgYznmbrnlJ/jgZnjgovmgZDjgozjgYzjgZTjgZbjgYTjgb7jgZnjgII8L3A+CjxwIHN0eWxlPSJmb250LXNpemU6MTNweDsgbWFyZ2luOjdweCAwIDA7Ij7jgb7jgZ/jgIHku4rlvozjga7lj7Dpoqjjga7pgLLot6/jgavjgojjgaPjgabjga/jgIHluoPnr4Tlm7Ljga7lnLDln5/jgafpgYXjgozjgYznlJ/jgZjjgovlj6/og73mgKfjgYzjgYLjgorjgb7jgZnjgILlnLDln5/jgoTjgr/jgqTjg5/jg7PjgrDjgavjgojjgaPjgabjgIHjgZTluIzmnJvjga7jgYrlsYrjgZHml6XmmYLjgavphY3pgZTjgafjgY3jgarjgYTloLTlkIjjgYzjgZTjgZbjgYTjgb7jgZnjgII8L3A+CjxwIHN0eWxlPSJmb250LXNpemU6MTNweDsgbWFyZ2luOjdweCAwIDA7Ij7jgYrlrqLmp5jjgavjga/lpKflpInjgZTov7fmg5HjgpLjgYrmjpvjgZHoh7TjgZfjgb7jgZnjgYzjgIHjgZTnkIbop6PjgYTjgZ/jgaDjgZHjgb7jgZnjgojjgYbjgYrpoZjjgYToh7TjgZfjgb7jgZnjgII8L3A+CjwvZGl2PiAtLT4KCgoKPCEtLSDkuIDpg6jlnLDln5/jgafjga7phY3pgZTpgYXlu7bjgavjgaTjgY3jgb7jgZfjgaYgLS0+CgoKPCEtLSDjgq/jg7zjg53jg7MgCjxpbWcgc3JjPSJodHRwOi8vd3d3LnJha3V0ZW4ubmUuanAvZ29sZC9lc3BvcnRzL2JuL2NvdXBvbi9jb3Vwb243NzAuZ2lmIiBhbHQ9IjIwMOWGhk9GRuOCr+ODvOODneODsyI+IC0tPgoKCgo8IS0tIDxpbWcgc3JjPSJodHRwOi8vd3d3LnJha3V0ZW4ubmUuanAvZ29sZC9lc3BvcnRzL2JuL2FkaWRhcy9hZGlkYXMtYm4zNTcuanBnIiBhbHQ9ImFkaWRhc+ODneOCpOODs+ODiDE15YCNIj4gLS0+CgoKPGJyPg==,44Of44K644OO77yITUlaVU5P77yJIOODrOODh+OCo+ODvOOCuSDjgqbjgqnjg7zjg6DjgqLjg4Pjg5fjgrfjg6Pjg4QgMzJKQzYzMjUxNCDjgJDjgrnjg53jg7zjg4TjgqbjgqfjgqIg44OI44Os44O844OL44Oz44Kw44Km44Kn44KiIOmVt+iiluOAke+8mu+9he+8s++8sO+8r++8su+8tO+8s+alveWkqeaUr+W6lw==,44Ki44Km44OI44OJ44Ki44Kt44Oj44Oz44OX44OQ44O844OZ44Kt44Ol44O844OG44Oz44OI44K/44O844OX44OG44O844OW44Or44OB44Kn44Ki44K344Ol44Op44OV44Op44Oz44K/44Oz44Kv44O844Op44O844Oc44OD44Kv44K544Kz44O844Or44Oe44Oz44OO44O844K544OV44Kn44Kk44K544K544Od44O844OE44OV44Kj44OD44OI44ON44K544OA44Kk44Ko44OD44OI44OI44Os44O844OL44Oz44Kw44OX44Ot44OG44Kk44Oz44K144OX44Oq44Oh44Oz44OI44OA44Oz44OZ44Or44K144OD44Kr44O844Of44K644OO77yITUlaVU5P77yJIOODrOODh+OCo+ODvOOCuSDjgqbjgqnjg7zjg6DjgqLjg4Pjg5fjgrfjg6Pjg4QgMzJKQzYzMjUxNCDjgJDjgrnjg53jg7zjg4TjgqbjgqfjgqIg44OI44Os44O844OL44Oz44Kw44Km44Kn44KiIOmVt+iiluOAkQ==,44Of44K644OO77yITUlaVU5P77yJIOODrOODh+OCo+ODvOOCuSDjgqbjgqnjg7zjg6DjgqLjg4Pjg5fjgrfjg6Pjg4QgMzJKQzYzMjUxNCDjgJDjgrnjg53jg7zjg4TjgqbjgqfjgqIg44OI44Os44O844OL44Oz44Kw44Km44Kn44KiIOmVt+iiluOAkQ==[rn]
34-75260,aHR0cDovL3RzaG9wLnIxMHMuanAvZXNwb3J0cy9jYWJpbmV0Lzk5ODItMjUvOTk4MjQyMTI5MTAyNS5qcGc/Zml0aW49NzAwOjcwMA==,NDc3Ni4wMDAw,,44K544Od44O844OE44O744Ki44Km44OI44OJ44KiID4g44OV44Kj44OD44OI44ON44K544O744OI44Os44O844OL44Oz44KwID4g44Km44Kn44KiID4g44Os44OH44Kj44O844K544Km44Kn44KiID4g44OI44OD44OX44K5,44Of44K644OO77yITUlaVU5P77yJIOODrOODh+OCo+ODvOOCuSDjg6Djg7zjg7Tjgq/jg63jgrnjgrfjg6Pjg4QgMzJKQzYzMzExNCDjgJDjg4jjg6zjg7zjg4vjg7PjgrDjgqbjgqfjgqIg44K544Od44O844OE44Km44Kn44KiIOmVt+iiliDjgrjjg6PjgrHjg4Pjg4jjgJE=,,PCEtLWltZ190YWdzLS0+PHRhYmxlIGJvcmRlcj0iMCIgd2lkdGg9IjY1MCI+PFRSPjxURCBhbGlnbj0iY2VudGVyIj48QSBocmVmPSJodHRwOi8vd3d3LnJha3V0ZW4uY28uanAvZXNwb3J0cy9pbmZvMi5odG1sI2RlciI+PElNRyBzcmM9Imh0dHA6Ly93d3cucmFrdXRlbi5uZS5qcC9nb2xkL2VzcG9ydHMvc3VwcG9ydC9zaGlwcGluZzIuZ2lmIiBib3JkZXI9IjAiPjwvQT48QSBocmVmPSJodHRwOi8vd3d3LnJha3V0ZW4ubmUuanAvZ29sZC9lc3BvcnRzL3N1cHBvcnQvZGlzcGF0Y2guaHRtbCI+PElNRyBzcmM9Imh0dHA6Ly93d3cucmFrdXRlbi5uZS5qcC9nb2xkL2VzcG9ydHMvc3VwcG9ydC9kYXlzMy5naWYiIGJvcmRlcj0iMCI+PC9BPjxBIGhyZWY9Imh0dHA6Ly93d3cucmFrdXRlbi5uZS5qcC9nb2xkL2VzcG9ydHMvc3VwcG9ydC9kaXNwYXRjaC5odG1sIj48SU1HIHNyYz0iaHR0cDovL3d3dy5yYWt1dGVuLm5lLmpwL2dvbGQvZXNwb3J0cy9zdXBwb3J0L3BsYWNlMy5naWYiIGJvcmRlcj0iMCI+PC9BPjxBIGhyZWY9Imh0dHA6Ly93d3cucmFrdXRlbi5jby5qcC9lc3BvcnRzL2luZm8yLmh0bWwjYmFjayI+PElNRyBzcmM9Imh0dHA6Ly93d3cucmFrdXRlbi5uZS5qcC9nb2xkL2VzcG9ydHMvc3VwcG9ydC9yZXR1cm4yLmdpZiIgYm9yZGVyPSIwIj48L0E+PC90ZD48L3RyPjwvdGFibGU+PCEtLWltZ190YWdlLS0+PHN0cm9uZz48Zm9udCBjb2xvcj0iIzAwMDBDRCIgc2l6ZT0iNCI+44Oc44K/44OL44Kr44Orw5fjg5zjg7zjg4Djg7zjg5/jg4Pjgq/jgrnmn4TjgpI8YnI+44Od44Kk44Oz44OI44Gr5Y+W44KK5YWl44KM44Gf44Og44O844OW44Kv44Ot44K544Gn5aSP44KS5qW944GX44GP5b2p44KK44G+44GZ77yBPGJyPjwvZm9udD48L3N0cm9uZz48YnI+4pag44Od44Kx44OD44OI44OV44Kh44K544OK44O854Sh44GXPGJyPuKAu+ijveWTgeOBq+OCiOOBo+OBpuafhOOBruimi+OBiOaWueOBjOeVsOOBquOCiuOBvuOBmeOBruOBp+W+oeS6huaJv+S4i+OBleOBhOOAgjxicj48YnI+PGJyPjxzdHJvbmc+44CQ5qmf6IO944CRPC9zdHJvbmc+PGJyPuODu+acgOOCguOCueOCv+ODs+ODgOODvOODieOBquOCt+ODq+OCqOODg+ODiOOAgjxicj7jg7vlkLjmsZfpgJ/kub7mgKfjgYzlhKrjgozjgabjgYTjgovjgZPjgajjgpLnpLrjgZfjgIHmsZfjgpLntKDml6njgY/lkLjlj47jgIHmi6HmlaPjgIHjgqbjgqjjgqLlhoXjgpLlv6vpganjgarnirbmhYvjgavkv53jgaHjgb7jgZnjgII8YnI+44O757Sr5aSW57ea44Kr44OD44OI5oCn44Gr5YSq44KM44Gm44GE44KL44GT44Go44KS56S644GX44CB5pel54S844GR44GL44KJ6IKM44KS5a6I44KK44G+44GZ44CCPGJyPuODu+OCueODiOODrOODg+ODgeaAp+OBjOWEquOCjOOBpuOBhOOCi+OBk+OBqOOCkuekuuOBl+OAgeWLleOBjeOCkuOCiOOCiuOCueODoOODvOOCuuOBq+OBl+OAgeS4jeW/q+OBquOBpOOBo+OBseOCiuaEn+OCkui7vea4m+OBl+OBvuOBmeOAgjxicj7jg7vpgJrmsJfmgKfjgpLogIPmha7jgZfjgZ/jgrnjg4jjg6zjg4Pjg4HntKDmnZDjgafjgaTjgaPjgbHjgormhJ/jgpLou73muJvjgIHjgrnjg6Djg7zjgrrjgaflronlrprmhJ/jga7jgYLjgovli5XjgY3jgpLlj6/og73jgavjgZfjgb7jgZnjgII8YnI+44O755Kw5aKD6YWN5oWu5Z6L5ZWG5ZOB44Gu5paw44GX44GE6KqN5a6a5Z+65rqW44CM44Of44K644OO44Kw44Oq44O844Oz44Kw44Os44O844OJ44CN44OW44Ot44Oz44K644Oh44OA44Or44CCPGJyPjxicj48cD48IS0tbWtfdGFncy0tPjxQPjxJTUcgc3JjPSJodHRwOi8vd3d3LnJha3V0ZW4ubmUuanAvZ29sZC9lc3BvcnRzL2JuL2p5dWhhdHR5dXU1MjAtNjAuanBnIiB3aWR0aD0iNTIwIiBoZWlnaHQ9IjYwIiBib3JkZXI9IjAiPjwvUD48IS0tbWtfdGFnZS0tPjxicj48aW1nIHNyYz0iaHR0cDovL2ltYWdlLnJha3V0ZW4uY28uanAvZXNwb3J0cy9jYWJpbmV0L3NpemUvc3BvcnRzX3NpemUzNzUuZ2lmIiB3aWR0aD0iMzc1cHgiIGhlaWdodD0iOTBweCIgYWx0PSLjgrnjg53jg7zjg4TjgqbjgqfjgqLjgrXjgqTjgrrooagiIGJvcmRlcj0iMCI+PGJyPjxicj7il4/nrqHnkIZjb2Rl77yaNzk4Mzk1OTU8IS0tc3BlY190YWdzLS0+PHA+PHN0cm9uZz48Zm9udCBjb2xvcj0iIzAwMDBDRCIgc2l6ZT0iMyI+44CQ5ZWG5ZOB44K544Oa44OD44Kv44CRPC9mb250Pjwvc3Ryb25nPjxicj7il488c3Ryb25nPuOCteOCpOOCujwvc3Ryb25nPiA6IFPjgIFN44CBTOOAgVhMPGJyPuKXjzxzdHJvbmc+57Sg5p2QPC9zdHJvbmc+IDogPGJyPuOAgOacrOS9k++8muODneODquOCqOOCueODhuODqzEwMO+8hTxicj7jgIDjg5DjgqTjg7Pjg4Djg7zvvJrjg53jg6rjgqjjgrnjg4bjg6s5M++8heOAgeODneODquOCpuODrOOCv+ODszfvvIU8YnI+4pePPHN0cm9uZz7ljp/nlKPlm708L3N0cm9uZz4gOiDjgr/jgqToo708YnI+4pePPHN0cm9uZz7jg6zjg4fjgqPjg7zjgrnjgrXjgqTjgrrvvIhjbe+8iTwvc3Ryb25nPiA6IDxicj7jgIBYUy/ouqvplbcxNDfvvZ4xNTPjgIHjg5Djgrnjg4g3Ne+9njc544CB44Km44Ko44K544OINTbvvZ42MDxicj7jgIBTL+i6q+mVtzE1Mu+9njE1OOOAgeODkOOCueODiDc4772eODLjgIHjgqbjgqjjgrnjg4g1Oe+9njYzPGJyPuOAgE0v6Lqr6ZW3MTU3772eMTYz44CB44OQ44K544OIODHvvZ44NeOAgeOCpuOCqOOCueODiDYy772eNjY8YnI+44CATC/ouqvplbcxNjLvvZ4xNjjjgIHjg5Djgrnjg4g4NO+9njg444CB44Km44Ko44K544OINjXvvZ42OTxicj7jgIBYTC/ouqvplbcxNjfvvZ4xNzPjgIHjg5Djgrnjg4g4N++9njkx44CB44Km44Ko44K544OINjjvvZ43Mjxicj7jgIAyWEwv6Lqr6ZW3MTcy772eMTc444CB44OQ44K544OIOTDvvZ45NOOAgeOCpuOCqOOCueODiDcx772eNzU8YnI+44CAM1hML+i6q+mVtzE3N++9njE4M+OAgeODkOOCueODiDkz772eOTfjgIHjgqbjgqjjgrnjg4g3NO+9njc4PGJyPuKXjzxzdHJvbmc+6KaP5qC844K144Kk44K677yI5a6f5a+477yJ77yIY23vvIk8L3N0cm9uZz4gOiA8YnI+44CA552A5LiI77yaUy82MS4544CBTS82NeOAgUwvNjguMeOAgVhMLzcxLjI8YnI+44CA6IO45Zue44KK77yaUy85N+OAgU0vMTAw44CBTC8xMDPjgIFYTC8xMDY8YnI+44CA6IKp5bmF77yaUy8zNy4444CBTS8zOeOAgUwvNDAuMuOAgVhMLzQxLjQ8YnI+44CA6KKW5LiI77yaUy81OC4144CBTS82MOOAgUwvNjEuNeOAgVhMLzYzPGJyPjwhLS1zcGVjX3RhZ2UtLT48YnI+PGJyPjxicj48Zm9udCBzaXplPSItMSI+44Oh44O844Kr44O85biM5pyb5bCP5aOy5L6h5qC844Gv44Oh44O844Kr44O844Kr44K/44Ot44Kw44Gr5Z+644Gl44GE44Gm5o6y6LyJ44GX44Gm44GE44G+44GZPGJyPjwvZm9udD48aW1nIHNyYz0iaHR0cDovL2ltYWdlLnJha3V0ZW4uY28uanAvZXNwb3J0cy9jYWJpbmV0L2V2aWRlbmNlL2V2aWRlbmNlMi5qcGciIGJvcmRlcj0iMCIgYWx0PSLjgqjjg5Pjg4fjg7PjgrkiPjxsaW5rIHJlbD0ic3R5bGVzaGVldCIgdHlwZT0idGV4dC9jc3MiIGhyZWY9Imh0dHA6Ly93d3cucmFrdXRlbi5uZS5qcC9nb2xkL2VzcG9ydHMvc2hvcHBpbmdfcGFydHMuY3NzIj4KCjxkaXYgc3R5bGU9Im1hcmdpbi10b3A6LTI2cHg7Ij48L2Rpdj4KCjwhLS0g44K744O844OrIDxpbWcgc3JjPSJodHRwOi8vd3d3LnJha3V0ZW4ubmUuanAvZ29sZC9lc3BvcnRzL25ld3llYXItc2FsZS9uZXd5ZWFyLXNhbGUtNzgwLmpwZyIgYm9yZGVyPSIwIiBhbHQ9IuOCu+ODvOODqyIgd2lkdGg9Ijc3MHB4Ij48YnI+PGJyPiDjgrvjg7zjg6sgLS0+Cgo8IS0tIOOCueODvOODkeODvOOCu+ODvOODqyA8ZGl2IHN0eWxlPSJ3aWR0aCA6IDc1MHB4OyI+CjxkaXYgYWxpZ249ImNlbnRlciIgc3R5bGU9Im1hcmdpbi1ib3R0b20gOiAwcHg7Ym9yZGVyLXdpZHRoIDogMnB4O2JvcmRlci1zdHlsZSA6IHNvbGlkO2JvcmRlci1jb2xvciA6ICNiYzExMzE7Ij4KCjwvZGl2PjwvZGl2PjxkaXYgY2xhc3M9Im1hcmdpbjUiPjwvZGl2Pjxicj4g44K544O844OR44O844K744O844OrLS0+Cgo8IS0tIOOCueODvOODkeODvOOCu+ODvOODqzIg77yI44OQ44OK44O844Gu44G/77yJPGltZyBzcmM9Imh0dHA6Ly93d3cucmFrdXRlbi5uZS5qcC9nb2xkL2VzcG9ydHMvc3BzYWxlL3NhbGUtYm43ODAuanBnIiBib3JkZXI9IjAiIGFsdD0i44K744O844OrIiB3aWR0aD0iNzcwcHgiPjxicj48YnI+IOOCueODvOODkeODvCAtLT4KCjxkaXYgY2xhc3M9ImNvbnRlbnRzIj48IS0tIOWRiuefpSAKPGRpdiBzdHlsZT0id2lkdGg6NzM2cHg7IHBhZGRpbmc6MTVweDsgbWFyZ2luOjVweCAwIDE1cHg7IGJvcmRlcjpzb2xpZCAjRTYyRjJGIDJweDsiPgo8cCBzdHlsZT0iZm9udC13ZWlnaHQ6Ym9sZDsgZm9udC1zaXplOjE3cHg7IHRleHQtYWxpZ246Y2VudGVyOyI+44CQIDxzcGFuIHN0eWxlPSJib3JkZXItYm90dG9tOjJweCBkb3R0ZWQgIzk5OTsgZm9udC1zaXplOjE1cHg7Ij415pyIMjbml6Uo6YeRKeOBruWWtualreOBq+OBpOOBhOOBpjwvc3Bhbj4g44CRPC9wPgo8cCBzdHlsZT0iZm9udC1zaXplOjEzcHg7IG1hcmdpbi10b3A6MTVweDsiPuiqoOOBq+WLneaJi+OBquOBjOOCiTXmnIgyNuaXpSjph5Ep44Gv44CB56S+5YaF56CU5L+u44Gu44Gf44KB44CB5Za25qWt5pmC6ZaT44KS5Y2I5YmNMTLvvJowMOOBvuOBp+OBqOOBleOBm+OBpuOBhOOBn+OBoOOBjeOBvuOBmeOAguWwmuOAgeOAjOOBguOBmealveOAjeWvvuW/nOWTgeOBq+OBpOOBjeOBvuOBl+OBpuOBr+OAgemAmuW4uOmAmuOCijEy77yaMDDjgb7jgafjga7jgZTms6jmlofjgpLlvZPml6XnmbrpgIHjgZXjgZvjgabjgYTjgZ/jgaDjgY3jgb7jgZnjgII8L3A+CjxwIHN0eWxlPSJmb250LXNpemU6MTNweDsgbWFyZ2luLXRvcDoxNXB4OyI+44GK5a6i5qeY44Gr44Gv44GU5LiN5L6/44KS44GK5o6b44GR6Ie044GX44G+44GZ44GM44CB44GU55CG6Kej44Gu56iL44CB5a6c44GX44GP44GK6aGY44GE6Ie044GX44G+44GZ44CCPC9wPgo8L2Rpdj4gLS0+CgoKPCEtLSA8ZGl2IHN0eWxlPSJ3aWR0aDo3MzZweDsgcGFkZGluZzoxNXB4OyBtYXJnaW46NXB4IDAgMTVweDsgYm9yZGVyOnNvbGlkICNFNjJGMkYgMnB4OyI+CjxwIHN0eWxlPSJmb250LXdlaWdodDpib2xkOyBmb250LXNpemU6MTdweDsgdGV4dC1hbGlnbjpjZW50ZXI7IG1hcmdpbjowOyI+44CQIDxzcGFuIHN0eWxlPSJib3JkZXItYm90dG9tOjJweCBkb3R0ZWQgIzk5OTsgZm9udC1zaXplOjE1cHg7Ij7lpKnlgJnkuI3oia/jga7lvbHpn7/jgavjgojjgovphY3pgIHpgYXlu7bjgavjgaTjgYTjgaY8L3NwYW4+IOOAkTwvcD4KPHAgc3R5bGU9ImZvbnQtc2l6ZToxM3B4OyBtYXJnaW46MTVweCAwIDA7Ij7lj7Dpoqjjg7vosarpm6jnrYnjga7lpKnlgJnkuI3oia/jgavkvLTjgYTjgIHkuIDpg6jlnLDln5/jgafjgYrojbfnianjga7jgYrlsYrjgZHjgavpgYXjgozjgYznmbrnlJ/jgZnjgovmgZDjgozjgYzjgZTjgZbjgYTjgb7jgZnjgII8L3A+CjxwIHN0eWxlPSJmb250LXNpemU6MTNweDsgbWFyZ2luOjdweCAwIDA7Ij7jgb7jgZ/jgIHku4rlvozjga7lj7Dpoqjjga7pgLLot6/jgavjgojjgaPjgabjga/jgIHluoPnr4Tlm7Ljga7lnLDln5/jgafpgYXjgozjgYznlJ/jgZjjgovlj6/og73mgKfjgYzjgYLjgorjgb7jgZnjgILlnLDln5/jgoTjgr/jgqTjg5/jg7PjgrDjgavjgojjgaPjgabjgIHjgZTluIzmnJvjga7jgYrlsYrjgZHml6XmmYLjgavphY3pgZTjgafjgY3jgarjgYTloLTlkIjjgYzjgZTjgZbjgYTjgb7jgZnjgII8L3A+CjxwIHN0eWxlPSJmb250LXNpemU6MTNweDsgbWFyZ2luOjdweCAwIDA7Ij7jgYrlrqLmp5jjgavjga/lpKflpInjgZTov7fmg5HjgpLjgYrmjpvjgZHoh7TjgZfjgb7jgZnjgYzjgIHjgZTnkIbop6PjgYTjgZ/jgaDjgZHjgb7jgZnjgojjgYbjgYrpoZjjgYToh7TjgZfjgb7jgZnjgII8L3A+CjwvZGl2PiAtLT4KCgoKPCEtLSDkuIDpg6jlnLDln5/jgafjga7phY3pgZTpgYXlu7bjgavjgaTjgY3jgb7jgZfjgaYgLS0+CgoKPCEtLSDjgq/jg7zjg53jg7MgCjxpbWcgc3JjPSJodHRwOi8vd3d3LnJha3V0ZW4ubmUuanAvZ29sZC9lc3BvcnRzL2JuL2NvdXBvbi9jb3Vwb243NzAuZ2lmIiBhbHQ9IjIwMOWGhk9GRuOCr+ODvOODneODsyI+IC0tPgoKCgo8IS0tIDxpbWcgc3JjPSJodHRwOi8vd3d3LnJha3V0ZW4ubmUuanAvZ29sZC9lc3BvcnRzL2JuL2FkaWRhcy9hZGlkYXMtYm4zNTcuanBnIiBhbHQ9ImFkaWRhc+ODneOCpOODs+ODiDE15YCNIj4gLS0+CgoKPGJyPg==,44Of44K644OO77yITUlaVU5P77yJIOODrOODh+OCo+ODvOOCuSDjg6Djg7zjg7Tjgq/jg63jgrnjgrfjg6Pjg4QgMzJKQzYzMzExNCDjgJDjg4jjg6zjg7zjg4vjg7PjgrDjgqbjgqfjgqIg44K544Od44O844OE44Km44Kn44KiIOmVt+iiliDjgrjjg6PjgrHjg4Pjg4jjgJHvvJrvvYXvvLPvvLDvvK/vvLLvvLTvvLPmpb3lpKnmlK/lupc=,44Ki44Km44OI44OJ44Ki44Kt44Oj44Oz44OX44OQ44O844OZ44Kt44Ol44O844OG44Oz44OI44K/44O844OX44OG44O844OW44Or44OB44Kn44Ki44K344Ol44Op44OV44Op44Oz44K/44Oz44Kv44O844Op44O844Oc44OD44Kv44K544Kz44O844Or44Oe44Oz44OO44O844K544OV44Kn44Kk44K544K544Od44O844OE44OV44Kj44OD44OI44ON44K544OA44Kk44Ko44OD44OI44OI44Os44O844OL44Oz44Kw44OX44Ot44OG44Kk44Oz44K144OX44Oq44Oh44Oz44OI44OA44Oz44OZ44Or44K144OD44Kr44O844Of44K644OO77yITUlaVU5P77yJIOODrOODh+OCo+ODvOOCuSDjg6Djg7zjg7Tjgq/jg63jgrnjgrfjg6Pjg4QgMzJKQzYzMzExNCDjgJDjg4jjg6zjg7zjg4vjg7PjgrDjgqbjgqfjgqIg44K544Od44O844OE44Km44Kn44KiIOmVt+iiliDjgrjjg6PjgrHjg4Pjg4jjgJE=,44Of44K644OO77yITUlaVU5P77yJIOODrOODh+OCo+ODvOOCuSDjg6Djg7zjg7Tjgq/jg63jgrnjgrfjg6Pjg4QgMzJKQzYzMzExNCDjgJDjg4jjg6zjg7zjg4vjg7PjgrDjgqbjgqfjgqIg44K544Od44O844OE44Km44Kn44KiIOmVt+iiliDjgrjjg6PjgrHjg4Pjg4jjgJE=[rn]
34-75261,aHR0cDovL3RzaG9wLnIxMHMuanAvZXNwb3J0cy9jYWJpbmV0Lzk5ODItMjUvOTk4MjQyMTQ5MTM0Ny5qcGc/Zml0aW49NzAwOjcwMA==,MjIzMi4wMDAw,,44K544Od44O844OE44O744Ki44Km44OI44OJ44KiID4g44OV44Kj44OD44OI44ON44K544O744OI44Os44O844OL44Oz44KwID4g44Km44Kn44KiID4g44Os44OH44Kj44O844K544Km44Kn44KiID4g44OI44OD44OX44K5,44Of44K644OO77yITUlaVU5P77yJIFTjgrfjg6Pjg4Qg6ZW36KKWIDMySkE2MTMyMTQg44CQ44K544Od44O844OE44Km44Kn44KiIOODiOODrOODvOODi+ODs+OCsCDjg4jjg4Pjg5fjgrkg44Oh44Oz44K6IOODrOODh+OCo+ODvOOCueOAkQ==,,PCEtLWltZ190YWdzLS0+PHRhYmxlIGJvcmRlcj0iMCIgd2lkdGg9IjY1MCI+PFRSPjxURCBhbGlnbj0iY2VudGVyIj48QSBocmVmPSJodHRwOi8vd3d3LnJha3V0ZW4uY28uanAvZXNwb3J0cy9pbmZvMi5odG1sI2RlciI+PElNRyBzcmM9Imh0dHA6Ly93d3cucmFrdXRlbi5uZS5qcC9nb2xkL2VzcG9ydHMvc3VwcG9ydC9zaGlwcGluZzIuZ2lmIiBib3JkZXI9IjAiPjwvQT48QSBocmVmPSJodHRwOi8vd3d3LnJha3V0ZW4ubmUuanAvZ29sZC9lc3BvcnRzL3N1cHBvcnQvZGlzcGF0Y2guaHRtbCI+PElNRyBzcmM9Imh0dHA6Ly93d3cucmFrdXRlbi5uZS5qcC9nb2xkL2VzcG9ydHMvc3VwcG9ydC9kYXlzMy5naWYiIGJvcmRlcj0iMCI+PC9BPjxBIGhyZWY9Imh0dHA6Ly93d3cucmFrdXRlbi5uZS5qcC9nb2xkL2VzcG9ydHMvc3VwcG9ydC9kaXNwYXRjaC5odG1sIj48SU1HIHNyYz0iaHR0cDovL3d3dy5yYWt1dGVuLm5lLmpwL2dvbGQvZXNwb3J0cy9zdXBwb3J0L3BsYWNlMy5naWYiIGJvcmRlcj0iMCI+PC9BPjxBIGhyZWY9Imh0dHA6Ly93d3cucmFrdXRlbi5jby5qcC9lc3BvcnRzL2luZm8yLmh0bWwjYmFjayI+PElNRyBzcmM9Imh0dHA6Ly93d3cucmFrdXRlbi5uZS5qcC9nb2xkL2VzcG9ydHMvc3VwcG9ydC9yZXR1cm4yLmdpZiIgYm9yZGVyPSIwIj48L0E+PC90ZD48L3RyPjwvdGFibGU+PCEtLWltZ190YWdlLS0+44K344Oz44OX44Or44Gq44Ov44Oz44Od44Kk44Oz44OI6Lui5YaZ44Oe44O844Kv44K344Oq44O844K644CCPGJyPjxicj48YnI+PHN0cm9uZz7jgJDmqZ/og73jgJE8L3N0cm9uZz48YnI+44O75pyA44KC44K544K/44Oz44OA44O844OJ44Gq44K344Or44Ko44OD44OI44CCPGJyPuODu+WQuOaxl+mAn+S5vuaAp+OBjOWEquOCjOOBpuOBhOOCi+OBk+OBqOOCkuekuuOBl+OAgeaxl+OCkue0oOaXqeOBj+WQuOWPjuOAgeaLoeaVo+OAgeOCpuOCqOOCouWGheOCkuW/q+mBqeOBqueKtuaFi+OBq+S/neOBoeOBvuOBmeOAgjxicj7jg7vnkrDlooPphY3mha7lnovllYblk4Hjga7mlrDjgZfjgYToqo3lrprln7rmupbjgIzjg5/jgrrjg47jgrDjg6rjg7zjg7PjgrDjg6zjg7zjg4njgI3jg5bjg63jg7Pjgrrjg6Hjg4Djg6vjgII8YnI+PGJyPjxwPjwhLS1ta190YWdzLS0+PFA+PElNRyBzcmM9Imh0dHA6Ly93d3cucmFrdXRlbi5uZS5qcC9nb2xkL2VzcG9ydHMvYm4vanl1aGF0dHl1dTUyMC02MC5qcGciIHdpZHRoPSI1MjAiIGhlaWdodD0iNjAiIGJvcmRlcj0iMCI+PC9QPjwhLS1ta190YWdlLS0+PGJyPjxpbWcgc3JjPSJodHRwOi8vaW1hZ2UucmFrdXRlbi5jby5qcC9lc3BvcnRzL2NhYmluZXQvc2l6ZS9zcG9ydHNfc2l6ZTM3NS5naWYiIHdpZHRoPSIzNzVweCIgaGVpZ2h0PSI5MHB4IiBhbHQ9IuOCueODneODvOODhOOCpuOCp+OCouOCteOCpOOCuuihqCIgYm9yZGVyPSIwIj48YnI+PGJyPuKXj+euoeeQhmNvZGXvvJo3OTgzOTU5NTwhLS1zcGVjX3RhZ3MtLT48cD48c3Ryb25nPjxmb250IGNvbG9yPSIjMDAwMENEIiBzaXplPSIzIj7jgJDllYblk4Hjgrnjg5rjg4Pjgq/jgJE8L2ZvbnQ+PC9zdHJvbmc+PGJyPuKXjzxzdHJvbmc+44K144Kk44K6PC9zdHJvbmc+IDogU+OAgU3jgIFM44CBWEzjgIEyWEw8YnI+4pePPHN0cm9uZz7opo/moLzjgrXjgqTjgrrvvIjlrp/lr7jvvInvvIhjbe+8iTwvc3Ryb25nPiA6IDxicj7jgIDnnYDkuIjvvJpTLzY044CBTS82NuOAgUwvNjjjgIFYTC83MOOAgTJYTC83Mjxicj7jgIDog7jlm57jgorvvJpTLzEwMuOAgU0vMTA244CBTC8xMTDjgIFYTC8xMTTjgIEyWEwvMTE4PGJyPuOAgOiCqeW5he+8mlMvNDUuMuOAgU0vNDYuNuOAgUwvNDjjgIFYTC80OS4044CBMlhMLzUwLjg8YnI+44CA6KKW5LiI77yaUy81NuOAgU0vNTcuNeOAgUwvNTnjgIFYTC82MC4144CBMlhMLzYyPGJyPuKXjzxzdHJvbmc+57Sg5p2QPC9zdHJvbmc+IDog44Od44Oq44Ko44K544OG44OrMTAw77yFPGJyPuKXjzxzdHJvbmc+5Y6f55Sj5Zu9PC9zdHJvbmc+IDog5Lit5Zu96KO9PGJyPjwhLS1zcGVjX3RhZ2UtLT48YnI+PGJyPjxicj48Zm9udCBzaXplPSItMSI+44Oh44O844Kr44O85biM5pyb5bCP5aOy5L6h5qC844Gv44Oh44O844Kr44O844Kr44K/44Ot44Kw44Gr5Z+644Gl44GE44Gm5o6y6LyJ44GX44Gm44GE44G+44GZPGJyPjwvZm9udD48aW1nIHNyYz0iaHR0cDovL2ltYWdlLnJha3V0ZW4uY28uanAvZXNwb3J0cy9jYWJpbmV0L2V2aWRlbmNlL2V2aWRlbmNlMi5qcGciIGJvcmRlcj0iMCIgYWx0PSLjgqjjg5Pjg4fjg7PjgrkiPjxsaW5rIHJlbD0ic3R5bGVzaGVldCIgdHlwZT0idGV4dC9jc3MiIGhyZWY9Imh0dHA6Ly93d3cucmFrdXRlbi5uZS5qcC9nb2xkL2VzcG9ydHMvc2hvcHBpbmdfcGFydHMuY3NzIj4KCjxkaXYgc3R5bGU9Im1hcmdpbi10b3A6LTI2cHg7Ij48L2Rpdj4KCjwhLS0g44K744O844OrIDxpbWcgc3JjPSJodHRwOi8vd3d3LnJha3V0ZW4ubmUuanAvZ29sZC9lc3BvcnRzL25ld3llYXItc2FsZS9uZXd5ZWFyLXNhbGUtNzgwLmpwZyIgYm9yZGVyPSIwIiBhbHQ9IuOCu+ODvOODqyIgd2lkdGg9Ijc3MHB4Ij48YnI+PGJyPiDjgrvjg7zjg6sgLS0+Cgo8IS0tIOOCueODvOODkeODvOOCu+ODvOODqyA8ZGl2IHN0eWxlPSJ3aWR0aCA6IDc1MHB4OyI+CjxkaXYgYWxpZ249ImNlbnRlciIgc3R5bGU9Im1hcmdpbi1ib3R0b20gOiAwcHg7Ym9yZGVyLXdpZHRoIDogMnB4O2JvcmRlci1zdHlsZSA6IHNvbGlkO2JvcmRlci1jb2xvciA6ICNiYzExMzE7Ij4KCjwvZGl2PjwvZGl2PjxkaXYgY2xhc3M9Im1hcmdpbjUiPjwvZGl2Pjxicj4g44K544O844OR44O844K744O844OrLS0+Cgo8IS0tIOOCueODvOODkeODvOOCu+ODvOODqzIg77yI44OQ44OK44O844Gu44G/77yJPGltZyBzcmM9Imh0dHA6Ly93d3cucmFrdXRlbi5uZS5qcC9nb2xkL2VzcG9ydHMvc3BzYWxlL3NhbGUtYm43ODAuanBnIiBib3JkZXI9IjAiIGFsdD0i44K744O844OrIiB3aWR0aD0iNzcwcHgiPjxicj48YnI+IOOCueODvOODkeODvCAtLT4KCjxkaXYgY2xhc3M9ImNvbnRlbnRzIj48IS0tIOWRiuefpSAKPGRpdiBzdHlsZT0id2lkdGg6NzM2cHg7IHBhZGRpbmc6MTVweDsgbWFyZ2luOjVweCAwIDE1cHg7IGJvcmRlcjpzb2xpZCAjRTYyRjJGIDJweDsiPgo8cCBzdHlsZT0iZm9udC13ZWlnaHQ6Ym9sZDsgZm9udC1zaXplOjE3cHg7IHRleHQtYWxpZ246Y2VudGVyOyI+44CQIDxzcGFuIHN0eWxlPSJib3JkZXItYm90dG9tOjJweCBkb3R0ZWQgIzk5OTsgZm9udC1zaXplOjE1cHg7Ij415pyIMjbml6Uo6YeRKeOBruWWtualreOBq+OBpOOBhOOBpjwvc3Bhbj4g44CRPC9wPgo8cCBzdHlsZT0iZm9udC1zaXplOjEzcHg7IG1hcmdpbi10b3A6MTVweDsiPuiqoOOBq+WLneaJi+OBquOBjOOCiTXmnIgyNuaXpSjph5Ep44Gv44CB56S+5YaF56CU5L+u44Gu44Gf44KB44CB5Za25qWt5pmC6ZaT44KS5Y2I5YmNMTLvvJowMOOBvuOBp+OBqOOBleOBm+OBpuOBhOOBn+OBoOOBjeOBvuOBmeOAguWwmuOAgeOAjOOBguOBmealveOAjeWvvuW/nOWTgeOBq+OBpOOBjeOBvuOBl+OBpuOBr+OAgemAmuW4uOmAmuOCijEy77yaMDDjgb7jgafjga7jgZTms6jmlofjgpLlvZPml6XnmbrpgIHjgZXjgZvjgabjgYTjgZ/jgaDjgY3jgb7jgZnjgII8L3A+CjxwIHN0eWxlPSJmb250LXNpemU6MTNweDsgbWFyZ2luLXRvcDoxNXB4OyI+44GK5a6i5qeY44Gr44Gv44GU5LiN5L6/44KS44GK5o6b44GR6Ie044GX44G+44GZ44GM44CB44GU55CG6Kej44Gu56iL44CB5a6c44GX44GP44GK6aGY44GE6Ie044GX44G+44GZ44CCPC9wPgo8L2Rpdj4gLS0+CgoKPCEtLSA8ZGl2IHN0eWxlPSJ3aWR0aDo3MzZweDsgcGFkZGluZzoxNXB4OyBtYXJnaW46NXB4IDAgMTVweDsgYm9yZGVyOnNvbGlkICNFNjJGMkYgMnB4OyI+CjxwIHN0eWxlPSJmb250LXdlaWdodDpib2xkOyBmb250LXNpemU6MTdweDsgdGV4dC1hbGlnbjpjZW50ZXI7IG1hcmdpbjowOyI+44CQIDxzcGFuIHN0eWxlPSJib3JkZXItYm90dG9tOjJweCBkb3R0ZWQgIzk5OTsgZm9udC1zaXplOjE1cHg7Ij7lpKnlgJnkuI3oia/jga7lvbHpn7/jgavjgojjgovphY3pgIHpgYXlu7bjgavjgaTjgYTjgaY8L3NwYW4+IOOAkTwvcD4KPHAgc3R5bGU9ImZvbnQtc2l6ZToxM3B4OyBtYXJnaW46MTVweCAwIDA7Ij7lj7Dpoqjjg7vosarpm6jnrYnjga7lpKnlgJnkuI3oia/jgavkvLTjgYTjgIHkuIDpg6jlnLDln5/jgafjgYrojbfnianjga7jgYrlsYrjgZHjgavpgYXjgozjgYznmbrnlJ/jgZnjgovmgZDjgozjgYzjgZTjgZbjgYTjgb7jgZnjgII8L3A+CjxwIHN0eWxlPSJmb250LXNpemU6MTNweDsgbWFyZ2luOjdweCAwIDA7Ij7jgb7jgZ/jgIHku4rlvozjga7lj7Dpoqjjga7pgLLot6/jgavjgojjgaPjgabjga/jgIHluoPnr4Tlm7Ljga7lnLDln5/jgafpgYXjgozjgYznlJ/jgZjjgovlj6/og73mgKfjgYzjgYLjgorjgb7jgZnjgILlnLDln5/jgoTjgr/jgqTjg5/jg7PjgrDjgavjgojjgaPjgabjgIHjgZTluIzmnJvjga7jgYrlsYrjgZHml6XmmYLjgavphY3pgZTjgafjgY3jgarjgYTloLTlkIjjgYzjgZTjgZbjgYTjgb7jgZnjgII8L3A+CjxwIHN0eWxlPSJmb250LXNpemU6MTNweDsgbWFyZ2luOjdweCAwIDA7Ij7jgYrlrqLmp5jjgavjga/lpKflpInjgZTov7fmg5HjgpLjgYrmjpvjgZHoh7TjgZfjgb7jgZnjgYzjgIHjgZTnkIbop6PjgYTjgZ/jgaDjgZHjgb7jgZnjgojjgYbjgYrpoZjjgYToh7TjgZfjgb7jgZnjgII8L3A+CjwvZGl2PiAtLT4KCgoKPCEtLSDkuIDpg6jlnLDln5/jgafjga7phY3pgZTpgYXlu7bjgavjgaTjgY3jgb7jgZfjgaYgLS0+CgoKPCEtLSDjgq/jg7zjg53jg7MgCjxpbWcgc3JjPSJodHRwOi8vd3d3LnJha3V0ZW4ubmUuanAvZ29sZC9lc3BvcnRzL2JuL2NvdXBvbi9jb3Vwb243NzAuZ2lmIiBhbHQ9IjIwMOWGhk9GRuOCr+ODvOODneODsyI+IC0tPgoKCgo8IS0tIDxpbWcgc3JjPSJodHRwOi8vd3d3LnJha3V0ZW4ubmUuanAvZ29sZC9lc3BvcnRzL2JuL2FkaWRhcy9hZGlkYXMtYm4zNTcuanBnIiBhbHQ9ImFkaWRhc+ODneOCpOODs+ODiDE15YCNIj4gLS0+CgoKPGJyPg==,44Of44K644OO77yITUlaVU5P77yJIFTjgrfjg6Pjg4Qg6ZW36KKWIDMySkE2MTMyMTQg44CQ44K544Od44O844OE44Km44Kn44KiIOODiOODrOODvOODi+ODs+OCsCDjg4jjg4Pjg5fjgrkg44Oh44Oz44K6IOODrOODh+OCo+ODvOOCueOAke+8mu+9he+8s++8sO+8r++8su+8tO+8s+alveWkqeaUr+W6lw==,44Ki44Km44OI44OJ44Ki44Kt44Oj44Oz44OX44OQ44O844OZ44Kt44Ol44O844OG44Oz44OI44K/44O844OX44OG44O844OW44Or44OB44Kn44Ki44K344Ol44Op44OV44Op44Oz44K/44Oz44Kv44O844Op44O844Oc44OD44Kv44K544Kz44O844Or44Oe44Oz44OO44O844K544OV44Kn44Kk44K544K544Od44O844OE44OV44Kj44OD44OI44ON44K544OA44Kk44Ko44OD44OI44OI44Os44O844OL44Oz44Kw44OX44Ot44OG44Kk44Oz44K144OX44Oq44Oh44Oz44OI44OA44Oz44OZ44Or44K144OD44Kr44O844Of44K644OO77yITUlaVU5P77yJIFTjgrfjg6Pjg4Qg6ZW36KKWIDMySkE2MTMyMTQg44CQ44K544Od44O844OE44Km44Kn44KiIOODiOODrOODvOODi+ODs+OCsCDjg4jjg4Pjg5fjgrkg44Oh44Oz44K6IOODrOODh+OCo+ODvOOCueOAkQ==,44Of44K644OO77yITUlaVU5P77yJIFTjgrfjg6Pjg4Qg6ZW36KKWIDMySkE2MTMyMTQg44CQ44K544Od44O844OE44Km44Kn44KiIOODiOODrOODvOODi+ODs+OCsCDjg4jjg4Pjg5fjgrkg44Oh44Oz44K6IOODrOODh+OCo+ODvOOCueOAkQ==[rn]
34-75262,aHR0cDovL3RzaG9wLnIxMHMuanAvZXNwb3J0cy9jYWJpbmV0Lzk5ODItMjUvOTk4MjQyMTQ5MTMzOS5qcGc/Zml0aW49NzAwOjcwMA==,MTMxMi44MDAw,,44K544Od44O844OE44O744Ki44Km44OI44OJ44KiID4g44OV44Kj44OD44OI44ON44K544O744OI44Os44O844OL44Oz44KwID4g44Km44Kn44KiID4g44Os44OH44Kj44O844K544Km44Kn44KiID4g44OI44OD44OX44K5,44Of44K644OO77yITUlaVU5P77yJIFTjgrfjg6Pjg4ROROmVt+iiliAzMkpBNjEzMDAxIOOAkOOCueODneODvOODhOOCpuOCp+OCoiDjg4jjg6zjg7zjg4vjg7PjgrAg44OI44OD44OX44K5IOODoeODs+OCuiDjg6zjg4fjgqPjg7zjgrnjgJE=,,PCEtLWltZ190YWdzLS0+PHRhYmxlIGJvcmRlcj0iMCIgd2lkdGg9IjY1MCI+PFRSPjxURCBhbGlnbj0iY2VudGVyIj48QSBocmVmPSJodHRwOi8vd3d3LnJha3V0ZW4uY28uanAvZXNwb3J0cy9pbmZvMi5odG1sI2RlciI+PElNRyBzcmM9Imh0dHA6Ly93d3cucmFrdXRlbi5uZS5qcC9nb2xkL2VzcG9ydHMvc3VwcG9ydC9zaGlwcGluZzIuZ2lmIiBib3JkZXI9IjAiPjwvQT48QSBocmVmPSJodHRwOi8vd3d3LnJha3V0ZW4ubmUuanAvZ29sZC9lc3BvcnRzL3N1cHBvcnQvZGlzcGF0Y2guaHRtbCI+PElNRyBzcmM9Imh0dHA6Ly93d3cucmFrdXRlbi5uZS5qcC9nb2xkL2VzcG9ydHMvc3VwcG9ydC9kYXlzMy5naWYiIGJvcmRlcj0iMCI+PC9BPjxBIGhyZWY9Imh0dHA6Ly93d3cucmFrdXRlbi5uZS5qcC9nb2xkL2VzcG9ydHMvc3VwcG9ydC9kaXNwYXRjaC5odG1sIj48SU1HIHNyYz0iaHR0cDovL3d3dy5yYWt1dGVuLm5lLmpwL2dvbGQvZXNwb3J0cy9zdXBwb3J0L3BsYWNlMy5naWYiIGJvcmRlcj0iMCI+PC9BPjxBIGhyZWY9Imh0dHA6Ly93d3cucmFrdXRlbi5jby5qcC9lc3BvcnRzL2luZm8yLmh0bWwjYmFjayI+PElNRyBzcmM9Imh0dHA6Ly93d3cucmFrdXRlbi5uZS5qcC9nb2xkL2VzcG9ydHMvc3VwcG9ydC9yZXR1cm4yLmdpZiIgYm9yZGVyPSIwIj48L0E+PC90ZD48L3RyPjwvdGFibGU+PCEtLWltZ190YWdlLS0+PHA+PCEtLW1rX3RhZ3MtLT48UD48SU1HIHNyYz0iaHR0cDovL3d3dy5yYWt1dGVuLm5lLmpwL2dvbGQvZXNwb3J0cy9ibi9qeXVoYXR0eXV1NTIwLTYwLmpwZyIgd2lkdGg9IjUyMCIgaGVpZ2h0PSI2MCIgYm9yZGVyPSIwIj48L1A+PCEtLW1rX3RhZ2UtLT48YnI+PGltZyBzcmM9Imh0dHA6Ly9pbWFnZS5yYWt1dGVuLmNvLmpwL2VzcG9ydHMvY2FiaW5ldC9zaXplL3Nwb3J0c19zaXplMzc1LmdpZiIgd2lkdGg9IjM3NXB4IiBoZWlnaHQ9IjkwcHgiIGFsdD0i44K544Od44O844OE44Km44Kn44Ki44K144Kk44K66KGoIiBib3JkZXI9IjAiPjxicj48YnI+4peP566h55CGY29kZe+8mjc5ODM5NTk1PCEtLXNwZWNfdGFncy0tPjxwPjxzdHJvbmc+PGZvbnQgY29sb3I9IiMwMDAwQ0QiIHNpemU9IjMiPuOAkOWVhuWTgeOCueODmuODg+OCr+OAkTwvZm9udD48L3N0cm9uZz48YnI+4pePPHN0cm9uZz7jg6Hjg7PjgrrjgrXjgqTjgrrvvIhjbe+8iTwvc3Ryb25nPiA6IDxicj7jgIBYUy/ouqvplbcxNTfvvZ4xNjPjgIHjg5Djgrnjg4g4Me+9njg344CB44Km44Ko44K544OINjfvvZ43Mzxicj7jgIBTL+i6q+mVtzE2Mu+9njE2OOOAgeODkOOCueODiDg1772eOTHjgIHjgqbjgqjjgrnjg4g3Me+9njc3PGJyPuOAgE0v6Lqr6ZW3MTY3772eMTcz44CB44OQ44K544OIODnvvZ45NeOAgeOCpuOCqOOCueODiDc1772eODE8YnI+44CATC/ouqvplbcxNzLvvZ4xNzjjgIHjg5Djgrnjg4g5M++9njk544CB44Km44Ko44K544OINznvvZ44NTxicj7jgIBYTC/ouqvplbcxNzfvvZ4xODPjgIHjg5Djgrnjg4g5N++9njEwM+OAgeOCpuOCqOOCueODiDgz772eODk8YnI+44CAMlhML+i6q+mVtzE4Mu+9njE4OOOAgeODkOOCueODiDEwMe+9njEwN+OAgeOCpuOCqOOCueODiDg3772eOTM8YnI+44CAM1hML+i6q+mVtzE4N++9njE5M+OAgeODkOOCueODiDEwNe+9njExMeOAgeOCpuOCqOOCueODiDkx772eOTc8YnI+44CANFhML+i6q+mVtzE5Mu+9njE5OOOAgeODkOOCueODiDEwOe+9njExNeOAgeOCpuOCqOOCueODiDk1772eMTAxPGJyPuKXjzxzdHJvbmc+44K144Kk44K6PC9zdHJvbmc+IDogU+OAgU3jgIFM44CBWEzjgIEyWEw8YnI+4pePPHN0cm9uZz7ntKDmnZA8L3N0cm9uZz4gOiDjg53jg6rjgqjjgrnjg4bjg6sxMDDvvIU8YnI+4pePPHN0cm9uZz7ljp/nlKPlm708L3N0cm9uZz4gOiDjgr/jgqToo708YnI+PCEtLXNwZWNfdGFnZS0tPjxicj48YnI+PGJyPjxmb250IHNpemU9Ii0xIj7jg6Hjg7zjgqvjg7zluIzmnJvlsI/lo7LkvqHmoLzjga/jg6Hjg7zjgqvjg7zjgqvjgr/jg63jgrDjgavln7rjgaXjgYTjgabmjrLovInjgZfjgabjgYTjgb7jgZk8YnI+PC9mb250PjxpbWcgc3JjPSJodHRwOi8vaW1hZ2UucmFrdXRlbi5jby5qcC9lc3BvcnRzL2NhYmluZXQvZXZpZGVuY2UvZXZpZGVuY2UyLmpwZyIgYm9yZGVyPSIwIiBhbHQ9IuOCqOODk+ODh+ODs+OCuSI+PGxpbmsgcmVsPSJzdHlsZXNoZWV0IiB0eXBlPSJ0ZXh0L2NzcyIgaHJlZj0iaHR0cDovL3d3dy5yYWt1dGVuLm5lLmpwL2dvbGQvZXNwb3J0cy9zaG9wcGluZ19wYXJ0cy5jc3MiPgoKPGRpdiBzdHlsZT0ibWFyZ2luLXRvcDotMjZweDsiPjwvZGl2PgoKPCEtLSDjgrvjg7zjg6sgPGltZyBzcmM9Imh0dHA6Ly93d3cucmFrdXRlbi5uZS5qcC9nb2xkL2VzcG9ydHMvbmV3eWVhci1zYWxlL25ld3llYXItc2FsZS03ODAuanBnIiBib3JkZXI9IjAiIGFsdD0i44K744O844OrIiB3aWR0aD0iNzcwcHgiPjxicj48YnI+IOOCu+ODvOODqyAtLT4KCjwhLS0g44K544O844OR44O844K744O844OrIDxkaXYgc3R5bGU9IndpZHRoIDogNzUwcHg7Ij4KPGRpdiBhbGlnbj0iY2VudGVyIiBzdHlsZT0ibWFyZ2luLWJvdHRvbSA6IDBweDtib3JkZXItd2lkdGggOiAycHg7Ym9yZGVyLXN0eWxlIDogc29saWQ7Ym9yZGVyLWNvbG9yIDogI2JjMTEzMTsiPgoKPC9kaXY+PC9kaXY+PGRpdiBjbGFzcz0ibWFyZ2luNSI+PC9kaXY+PGJyPiDjgrnjg7zjg5Hjg7zjgrvjg7zjg6stLT4KCjwhLS0g44K544O844OR44O844K744O844OrMiDvvIjjg5Djg4rjg7zjga7jgb/vvIk8aW1nIHNyYz0iaHR0cDovL3d3dy5yYWt1dGVuLm5lLmpwL2dvbGQvZXNwb3J0cy9zcHNhbGUvc2FsZS1ibjc4MC5qcGciIGJvcmRlcj0iMCIgYWx0PSLjgrvjg7zjg6siIHdpZHRoPSI3NzBweCI+PGJyPjxicj4g44K544O844OR44O8IC0tPgoKPGRpdiBjbGFzcz0iY29udGVudHMiPjwhLS0g5ZGK55+lIAo8ZGl2IHN0eWxlPSJ3aWR0aDo3MzZweDsgcGFkZGluZzoxNXB4OyBtYXJnaW46NXB4IDAgMTVweDsgYm9yZGVyOnNvbGlkICNFNjJGMkYgMnB4OyI+CjxwIHN0eWxlPSJmb250LXdlaWdodDpib2xkOyBmb250LXNpemU6MTdweDsgdGV4dC1hbGlnbjpjZW50ZXI7Ij7jgJAgPHNwYW4gc3R5bGU9ImJvcmRlci1ib3R0b206MnB4IGRvdHRlZCAjOTk5OyBmb250LXNpemU6MTVweDsiPjXmnIgyNuaXpSjph5Ep44Gu5Za25qWt44Gr44Gk44GE44GmPC9zcGFuPiDjgJE8L3A+CjxwIHN0eWxlPSJmb250LXNpemU6MTNweDsgbWFyZ2luLXRvcDoxNXB4OyI+6Kqg44Gr5Yud5omL44Gq44GM44KJNeaciDI25pelKOmHkSnjga/jgIHnpL7lhoXnoJTkv67jga7jgZ/jgoHjgIHllrbmpa3mmYLplpPjgpLljYjliY0xMu+8mjAw44G+44Gn44Go44GV44Gb44Gm44GE44Gf44Gg44GN44G+44GZ44CC5bCa44CB44CM44GC44GZ5qW944CN5a++5b+c5ZOB44Gr44Gk44GN44G+44GX44Gm44Gv44CB6YCa5bi46YCa44KKMTLvvJowMOOBvuOBp+OBruOBlOazqOaWh+OCkuW9k+aXpeeZuumAgeOBleOBm+OBpuOBhOOBn+OBoOOBjeOBvuOBmeOAgjwvcD4KPHAgc3R5bGU9ImZvbnQtc2l6ZToxM3B4OyBtYXJnaW4tdG9wOjE1cHg7Ij7jgYrlrqLmp5jjgavjga/jgZTkuI3kvr/jgpLjgYrmjpvjgZHoh7TjgZfjgb7jgZnjgYzjgIHjgZTnkIbop6Pjga7nqIvjgIHlrpzjgZfjgY/jgYrpoZjjgYToh7TjgZfjgb7jgZnjgII8L3A+CjwvZGl2PiAtLT4KCgo8IS0tIDxkaXYgc3R5bGU9IndpZHRoOjczNnB4OyBwYWRkaW5nOjE1cHg7IG1hcmdpbjo1cHggMCAxNXB4OyBib3JkZXI6c29saWQgI0U2MkYyRiAycHg7Ij4KPHAgc3R5bGU9ImZvbnQtd2VpZ2h0OmJvbGQ7IGZvbnQtc2l6ZToxN3B4OyB0ZXh0LWFsaWduOmNlbnRlcjsgbWFyZ2luOjA7Ij7jgJAgPHNwYW4gc3R5bGU9ImJvcmRlci1ib3R0b206MnB4IGRvdHRlZCAjOTk5OyBmb250LXNpemU6MTVweDsiPuWkqeWAmeS4jeiJr+OBruW9semfv+OBq+OCiOOCi+mFjemAgemBheW7tuOBq+OBpOOBhOOBpjwvc3Bhbj4g44CRPC9wPgo8cCBzdHlsZT0iZm9udC1zaXplOjEzcHg7IG1hcmdpbjoxNXB4IDAgMDsiPuWPsOmiqOODu+ixqumbqOetieOBruWkqeWAmeS4jeiJr+OBq+S8tOOBhOOAgeS4gOmDqOWcsOWfn+OBp+OBiuiNt+eJqeOBruOBiuWxiuOBkeOBq+mBheOCjOOBjOeZuueUn+OBmeOCi+aBkOOCjOOBjOOBlOOBluOBhOOBvuOBmeOAgjwvcD4KPHAgc3R5bGU9ImZvbnQtc2l6ZToxM3B4OyBtYXJnaW46N3B4IDAgMDsiPuOBvuOBn+OAgeS7iuW+jOOBruWPsOmiqOOBrumAsui3r+OBq+OCiOOBo+OBpuOBr+OAgeW6g+evhOWbsuOBruWcsOWfn+OBp+mBheOCjOOBjOeUn+OBmOOCi+WPr+iDveaAp+OBjOOBguOCiuOBvuOBmeOAguWcsOWfn+OChOOCv+OCpOODn+ODs+OCsOOBq+OCiOOBo+OBpuOAgeOBlOW4jOacm+OBruOBiuWxiuOBkeaXpeaZguOBq+mFjemBlOOBp+OBjeOBquOBhOWgtOWQiOOBjOOBlOOBluOBhOOBvuOBmeOAgjwvcD4KPHAgc3R5bGU9ImZvbnQtc2l6ZToxM3B4OyBtYXJnaW46N3B4IDAgMDsiPuOBiuWuouanmOOBq+OBr+Wkp+WkieOBlOi/t+aDkeOCkuOBiuaOm+OBkeiHtOOBl+OBvuOBmeOBjOOAgeOBlOeQhuino+OBhOOBn+OBoOOBkeOBvuOBmeOCiOOBhuOBiumhmOOBhOiHtOOBl+OBvuOBmeOAgjwvcD4KPC9kaXY+IC0tPgoKCgo8IS0tIOS4gOmDqOWcsOWfn+OBp+OBrumFjemBlOmBheW7tuOBq+OBpOOBjeOBvuOBl+OBpiAtLT4KCgo8IS0tIOOCr+ODvOODneODsyAKPGltZyBzcmM9Imh0dHA6Ly93d3cucmFrdXRlbi5uZS5qcC9nb2xkL2VzcG9ydHMvYm4vY291cG9uL2NvdXBvbjc3MC5naWYiIGFsdD0iMjAw5YaGT0ZG44Kv44O844Od44OzIj4gLS0+CgoKCjwhLS0gPGltZyBzcmM9Imh0dHA6Ly93d3cucmFrdXRlbi5uZS5qcC9nb2xkL2VzcG9ydHMvYm4vYWRpZGFzL2FkaWRhcy1ibjM1Ny5qcGciIGFsdD0iYWRpZGFz44Od44Kk44Oz44OIMTXlgI0iPiAtLT4KCgo8YnI+,44Of44K644OO77yITUlaVU5P77yJIFTjgrfjg6Pjg4ROROmVt+iiliAzMkpBNjEzMDAxIOOAkOOCueODneODvOODhOOCpuOCp+OCoiDjg4jjg6zjg7zjg4vjg7PjgrAg44OI44OD44OX44K5IOODoeODs+OCuiDjg6zjg4fjgqPjg7zjgrnjgJHvvJrvvYXvvLPvvLDvvK/vvLLvvLTvvLPmpb3lpKnmlK/lupc=,44Ki44Km44OI44OJ44Ki44Kt44Oj44Oz44OX44OQ44O844OZ44Kt44Ol44O844OG44Oz44OI44K/44O844OX44OG44O844OW44Or44OB44Kn44Ki44K344Ol44Op44OV44Op44Oz44K/44Oz44Kv44O844Op44O844Oc44OD44Kv44K544Kz44O844Or44Oe44Oz44OO44O844K544OV44Kn44Kk44K544K544Od44O844OE44OV44Kj44OD44OI44ON44K544OA44Kk44Ko44OD44OI44OI44Os44O844OL44Oz44Kw44OX44Ot44OG44Kk44Oz44K144OX44Oq44Oh44Oz44OI44OA44Oz44OZ44Or44K144OD44Kr44O844Of44K644OO77yITUlaVU5P77yJIFTjgrfjg6Pjg4ROROmVt+iiliAzMkpBNjEzMDAxIOOAkOOCueODneODvOODhOOCpuOCp+OCoiDjg4jjg6zjg7zjg4vjg7PjgrAg44OI44OD44OX44K5IOODoeODs+OCuiDjg6zjg4fjgqPjg7zjgrnjgJE=,44Of44K644OO77yITUlaVU5P77yJIFTjgrfjg6Pjg4ROROmVt+iiliAzMkpBNjEzMDAxIOOAkOOCueODneODvOODhOOCpuOCp+OCoiDjg4jjg6zjg7zjg4vjg7PjgrAg44OI44OD44OX44K5IOODoeODs+OCuiDjg6zjg4fjgqPjg7zjgrnjgJE=[rn]
34-75263,aHR0cDovL3RzaG9wLnIxMHMuanAvZXNwb3J0cy9jYWJpbmV0Lzk5ODItMjUvOTk4MjQyMTI5MTAyMy5qcGc/Zml0aW49NzAwOjcwMA==,NTQ0My4yMDAw,,44K544Od44O844OE44O744Ki44Km44OI44OJ44KiID4g44OV44Kj44OD44OI44ON44K544O744OI44Os44O844OL44Oz44KwID4g44Km44Kn44KiID4g44Os44OH44Kj44O844K544Km44Kn44KiID4g44OI44OD44OX44K5,44Of44K644OO77yITUlaVU5P77yJIOODrOODh+OCo+ODvOOCuSDjg6Djg7zjg7Tjgq/jg63jgrnjgrfjg6Pjg4QgMzJKQzYzMzA2NCDjgJDjg4jjg6zjg7zjg4vjg7PjgrDjgqbjgqfjgqIg44K544Od44O844OE44Km44Kn44KiIOmVt+iiliDjgrjjg6PjgrHjg4Pjg4jjgJE=,,PCEtLWltZ190YWdzLS0+PHRhYmxlIGJvcmRlcj0iMCIgd2lkdGg9IjY1MCI+PFRSPjxURCBhbGlnbj0iY2VudGVyIj48QSBocmVmPSJodHRwOi8vd3d3LnJha3V0ZW4uY28uanAvZXNwb3J0cy9pbmZvMi5odG1sI2RlciI+PElNRyBzcmM9Imh0dHA6Ly93d3cucmFrdXRlbi5uZS5qcC9nb2xkL2VzcG9ydHMvc3VwcG9ydC9zaGlwcGluZzIuZ2lmIiBib3JkZXI9IjAiPjwvQT48QSBocmVmPSJodHRwOi8vd3d3LnJha3V0ZW4ubmUuanAvZ29sZC9lc3BvcnRzL3N1cHBvcnQvZGlzcGF0Y2guaHRtbCI+PElNRyBzcmM9Imh0dHA6Ly93d3cucmFrdXRlbi5uZS5qcC9nb2xkL2VzcG9ydHMvc3VwcG9ydC9kYXlzMy5naWYiIGJvcmRlcj0iMCI+PC9BPjxBIGhyZWY9Imh0dHA6Ly93d3cucmFrdXRlbi5uZS5qcC9nb2xkL2VzcG9ydHMvc3VwcG9ydC9kaXNwYXRjaC5odG1sIj48SU1HIHNyYz0iaHR0cDovL3d3dy5yYWt1dGVuLm5lLmpwL2dvbGQvZXNwb3J0cy9zdXBwb3J0L3BsYWNlMy5naWYiIGJvcmRlcj0iMCI+PC9BPjxBIGhyZWY9Imh0dHA6Ly93d3cucmFrdXRlbi5jby5qcC9lc3BvcnRzL2luZm8yLmh0bWwjYmFjayI+PElNRyBzcmM9Imh0dHA6Ly93d3cucmFrdXRlbi5uZS5qcC9nb2xkL2VzcG9ydHMvc3VwcG9ydC9yZXR1cm4yLmdpZiIgYm9yZGVyPSIwIj48L0E+PC90ZD48L3RyPjwvdGFibGU+PCEtLWltZ190YWdlLS0+PHN0cm9uZz48Zm9udCBjb2xvcj0iIzAwMDBDRCIgc2l6ZT0iNCI+44Oc44K/44OL44Kr44Orw5fjg5zjg7zjg4Djg7zjg5/jg4Pjgq/jgrnmn4Tjga48YnI+44Og44O844OW44Kv44Ot44K544Gn5aSP44KS5qW944GX44GP5b2p44KK44G+44GZ77yBPGJyPjwvZm9udD48L3N0cm9uZz48YnI+4pag44Od44Kx44OD44OI44OV44Kh44K544OK44O854Sh44GXPGJyPuKAu+ijveWTgeOBq+OCiOOBo+OBpuafhOOBruimi+OBiOaWueOBjOeVsOOBquOCiuOBvuOBmeOBruOBp+W+oeS6huaJv+S4i+OBleOBhOOAgjxicj48YnI+PGJyPjxzdHJvbmc+44CQ5qmf6IO944CRPC9zdHJvbmc+PGJyPuODu+acgOOCguOCueOCv+ODs+ODgOODvOODieOBquOCt+ODq+OCqOODg+ODiOOAgjxicj7jg7vlkLjmsZfpgJ/kub7mgKfjgYzlhKrjgozjgabjgYTjgovjgZPjgajjgpLnpLrjgZfjgIHmsZfjgpLntKDml6njgY/lkLjlj47jgIHmi6HmlaPjgIHjgqbjgqjjgqLlhoXjgpLlv6vpganjgarnirbmhYvjgavkv53jgaHjgb7jgZnjgII8YnI+44O757Sr5aSW57ea44Kr44OD44OI5oCn44Gr5YSq44KM44Gm44GE44KL44GT44Go44KS56S644GX44CB5pel54S844GR44GL44KJ6IKM44KS5a6I44KK44G+44GZ44CCPGJyPuODu+OCueODiOODrOODg+ODgeaAp+OBjOWEquOCjOOBpuOBhOOCi+OBk+OBqOOCkuekuuOBl+OAgeWLleOBjeOCkuOCiOOCiuOCueODoOODvOOCuuOBq+OBl+OAgeS4jeW/q+OBquOBpOOBo+OBseOCiuaEn+OCkui7vea4m+OBl+OBvuOBmeOAgjxicj7jg7vpgJrmsJfmgKfjgpLogIPmha7jgZfjgZ/jgrnjg4jjg6zjg4Pjg4HntKDmnZDjgafjgaTjgaPjgbHjgormhJ/jgpLou73muJvjgIHjgrnjg6Djg7zjgrrjgaflronlrprmhJ/jga7jgYLjgovli5XjgY3jgpLlj6/og73jgavjgZfjgb7jgZnjgII8YnI+44O755Kw5aKD6YWN5oWu5Z6L5ZWG5ZOB44Gu5paw44GX44GE6KqN5a6a5Z+65rqW44CM44Of44K644OO44Kw44Oq44O844Oz44Kw44Os44O844OJ44CN44OW44Ot44Oz44K644Oh44OA44Or44CCPGJyPjxicj48cD48IS0tbWtfdGFncy0tPjxQPjxJTUcgc3JjPSJodHRwOi8vd3d3LnJha3V0ZW4ubmUuanAvZ29sZC9lc3BvcnRzL2JuL2p5dWhhdHR5dXU1MjAtNjAuanBnIiB3aWR0aD0iNTIwIiBoZWlnaHQ9IjYwIiBib3JkZXI9IjAiPjwvUD48IS0tbWtfdGFnZS0tPjxicj48aW1nIHNyYz0iaHR0cDovL2ltYWdlLnJha3V0ZW4uY28uanAvZXNwb3J0cy9jYWJpbmV0L3NpemUvc3BvcnRzX3NpemUzNzUuZ2lmIiB3aWR0aD0iMzc1cHgiIGhlaWdodD0iOTBweCIgYWx0PSLjgrnjg53jg7zjg4TjgqbjgqfjgqLjgrXjgqTjgrrooagiIGJvcmRlcj0iMCI+PGJyPjxicj7il4/nrqHnkIZjb2Rl77yaNzk4Mzk1OTU8IS0tc3BlY190YWdzLS0+PHA+PHN0cm9uZz48Zm9udCBjb2xvcj0iIzAwMDBDRCIgc2l6ZT0iMyI+44CQ5ZWG5ZOB44K544Oa44OD44Kv44CRPC9mb250Pjwvc3Ryb25nPjxicj7il488c3Ryb25nPuOCteOCpOOCujwvc3Ryb25nPiA6IFPjgIFN44CBTOOAgVhMPGJyPuKXjzxzdHJvbmc+57Sg5p2QPC9zdHJvbmc+IDogPGJyPuOAgOacrOS9k++8muODneODquOCqOOCueODhuODqzEwMO+8hTxicj7jgIDjg5DjgqTjg7Pjg4Djg7zvvJrjg53jg6rjgqjjgrnjg4bjg6s5M++8heOAgeODneODquOCpuODrOOCv+ODszfvvIU8YnI+4pePPHN0cm9uZz7ljp/nlKPlm708L3N0cm9uZz4gOiDjgr/jgqToo708YnI+4pePPHN0cm9uZz7jg6zjg4fjgqPjg7zjgrnjgrXjgqTjgrrvvIhjbe+8iTwvc3Ryb25nPiA6IDxicj7jgIBYUy/ouqvplbcxNDfvvZ4xNTPjgIHjg5Djgrnjg4g3Ne+9njc544CB44Km44Ko44K544OINTbvvZ42MDxicj7jgIBTL+i6q+mVtzE1Mu+9njE1OOOAgeODkOOCueODiDc4772eODLjgIHjgqbjgqjjgrnjg4g1Oe+9njYzPGJyPuOAgE0v6Lqr6ZW3MTU3772eMTYz44CB44OQ44K544OIODHvvZ44NeOAgeOCpuOCqOOCueODiDYy772eNjY8YnI+44CATC/ouqvplbcxNjLvvZ4xNjjjgIHjg5Djgrnjg4g4NO+9njg444CB44Km44Ko44K544OINjXvvZ42OTxicj7jgIBYTC/ouqvplbcxNjfvvZ4xNzPjgIHjg5Djgrnjg4g4N++9njkx44CB44Km44Ko44K544OINjjvvZ43Mjxicj7jgIAyWEwv6Lqr6ZW3MTcy772eMTc444CB44OQ44K544OIOTDvvZ45NOOAgeOCpuOCqOOCueODiDcx772eNzU8YnI+44CAM1hML+i6q+mVtzE3N++9njE4M+OAgeODkOOCueODiDkz772eOTfjgIHjgqbjgqjjgrnjg4g3NO+9njc4PGJyPuKXjzxzdHJvbmc+6KaP5qC844K144Kk44K677yI5a6f5a+477yJ77yIY23vvIk8L3N0cm9uZz4gOiA8YnI+44CA552A5LiI77yaUy82MS4544CBTS82NeOAgUwvNjguMeOAgVhMLzcxLjI8YnI+44CA6IO45Zue44KK77yaUy85N+OAgU0vMTAw44CBTC8xMDPjgIFYTC8xMDY8YnI+44CA6IKp5bmF77yaUy8zNy4444CBTS8zOeOAgUwvNDAuMuOAgVhMLzQxLjQ8YnI+44CA6KOE5LiI77yaUy83Ni4544CBTS83OeOAgUwvODEuMeOAgVhMLzgzLjI8YnI+PCEtLXNwZWNfdGFnZS0tPjxicj48YnI+PGJyPjxmb250IHNpemU9Ii0xIj7jg6Hjg7zjgqvjg7zluIzmnJvlsI/lo7LkvqHmoLzjga/jg6Hjg7zjgqvjg7zjgqvjgr/jg63jgrDjgavln7rjgaXjgYTjgabmjrLovInjgZfjgabjgYTjgb7jgZk8YnI+PC9mb250PjxpbWcgc3JjPSJodHRwOi8vaW1hZ2UucmFrdXRlbi5jby5qcC9lc3BvcnRzL2NhYmluZXQvZXZpZGVuY2UvZXZpZGVuY2UyLmpwZyIgYm9yZGVyPSIwIiBhbHQ9IuOCqOODk+ODh+ODs+OCuSI+PGxpbmsgcmVsPSJzdHlsZXNoZWV0IiB0eXBlPSJ0ZXh0L2NzcyIgaHJlZj0iaHR0cDovL3d3dy5yYWt1dGVuLm5lLmpwL2dvbGQvZXNwb3J0cy9zaG9wcGluZ19wYXJ0cy5jc3MiPgoKPGRpdiBzdHlsZT0ibWFyZ2luLXRvcDotMjZweDsiPjwvZGl2PgoKPCEtLSDjgrvjg7zjg6sgPGltZyBzcmM9Imh0dHA6Ly93d3cucmFrdXRlbi5uZS5qcC9nb2xkL2VzcG9ydHMvbmV3eWVhci1zYWxlL25ld3llYXItc2FsZS03ODAuanBnIiBib3JkZXI9IjAiIGFsdD0i44K744O844OrIiB3aWR0aD0iNzcwcHgiPjxicj48YnI+IOOCu+ODvOODqyAtLT4KCjwhLS0g44K544O844OR44O844K744O844OrIDxkaXYgc3R5bGU9IndpZHRoIDogNzUwcHg7Ij4KPGRpdiBhbGlnbj0iY2VudGVyIiBzdHlsZT0ibWFyZ2luLWJvdHRvbSA6IDBweDtib3JkZXItd2lkdGggOiAycHg7Ym9yZGVyLXN0eWxlIDogc29saWQ7Ym9yZGVyLWNvbG9yIDogI2JjMTEzMTsiPgoKPC9kaXY+PC9kaXY+PGRpdiBjbGFzcz0ibWFyZ2luNSI+PC9kaXY+PGJyPiDjgrnjg7zjg5Hjg7zjgrvjg7zjg6stLT4KCjwhLS0g44K544O844OR44O844K744O844OrMiDvvIjjg5Djg4rjg7zjga7jgb/vvIk8aW1nIHNyYz0iaHR0cDovL3d3dy5yYWt1dGVuLm5lLmpwL2dvbGQvZXNwb3J0cy9zcHNhbGUvc2FsZS1ibjc4MC5qcGciIGJvcmRlcj0iMCIgYWx0PSLjgrvjg7zjg6siIHdpZHRoPSI3NzBweCI+PGJyPjxicj4g44K544O844OR44O8IC0tPgoKPGRpdiBjbGFzcz0iY29udGVudHMiPjwhLS0g5ZGK55+lIAo8ZGl2IHN0eWxlPSJ3aWR0aDo3MzZweDsgcGFkZGluZzoxNXB4OyBtYXJnaW46NXB4IDAgMTVweDsgYm9yZGVyOnNvbGlkICNFNjJGMkYgMnB4OyI+CjxwIHN0eWxlPSJmb250LXdlaWdodDpib2xkOyBmb250LXNpemU6MTdweDsgdGV4dC1hbGlnbjpjZW50ZXI7Ij7jgJAgPHNwYW4gc3R5bGU9ImJvcmRlci1ib3R0b206MnB4IGRvdHRlZCAjOTk5OyBmb250LXNpemU6MTVweDsiPjXmnIgyNuaXpSjph5Ep44Gu5Za25qWt44Gr44Gk44GE44GmPC9zcGFuPiDjgJE8L3A+CjxwIHN0eWxlPSJmb250LXNpemU6MTNweDsgbWFyZ2luLXRvcDoxNXB4OyI+6Kqg44Gr5Yud5omL44Gq44GM44KJNeaciDI25pelKOmHkSnjga/jgIHnpL7lhoXnoJTkv67jga7jgZ/jgoHjgIHllrbmpa3mmYLplpPjgpLljYjliY0xMu+8mjAw44G+44Gn44Go44GV44Gb44Gm44GE44Gf44Gg44GN44G+44GZ44CC5bCa44CB44CM44GC44GZ5qW944CN5a++5b+c5ZOB44Gr44Gk44GN44G+44GX44Gm44Gv44CB6YCa5bi46YCa44KKMTLvvJowMOOBvuOBp+OBruOBlOazqOaWh+OCkuW9k+aXpeeZuumAgeOBleOBm+OBpuOBhOOBn+OBoOOBjeOBvuOBmeOAgjwvcD4KPHAgc3R5bGU9ImZvbnQtc2l6ZToxM3B4OyBtYXJnaW4tdG9wOjE1cHg7Ij7jgYrlrqLmp5jjgavjga/jgZTkuI3kvr/jgpLjgYrmjpvjgZHoh7TjgZfjgb7jgZnjgYzjgIHjgZTnkIbop6Pjga7nqIvjgIHlrpzjgZfjgY/jgYrpoZjjgYToh7TjgZfjgb7jgZnjgII8L3A+CjwvZGl2PiAtLT4KCgo8IS0tIDxkaXYgc3R5bGU9IndpZHRoOjczNnB4OyBwYWRkaW5nOjE1cHg7IG1hcmdpbjo1cHggMCAxNXB4OyBib3JkZXI6c29saWQgI0U2MkYyRiAycHg7Ij4KPHAgc3R5bGU9ImZvbnQtd2VpZ2h0OmJvbGQ7IGZvbnQtc2l6ZToxN3B4OyB0ZXh0LWFsaWduOmNlbnRlcjsgbWFyZ2luOjA7Ij7jgJAgPHNwYW4gc3R5bGU9ImJvcmRlci1ib3R0b206MnB4IGRvdHRlZCAjOTk5OyBmb250LXNpemU6MTVweDsiPuWkqeWAmeS4jeiJr+OBruW9semfv+OBq+OCiOOCi+mFjemAgemBheW7tuOBq+OBpOOBhOOBpjwvc3Bhbj4g44CRPC9wPgo8cCBzdHlsZT0iZm9udC1zaXplOjEzcHg7IG1hcmdpbjoxNXB4IDAgMDsiPuWPsOmiqOODu+ixqumbqOetieOBruWkqeWAmeS4jeiJr+OBq+S8tOOBhOOAgeS4gOmDqOWcsOWfn+OBp+OBiuiNt+eJqeOBruOBiuWxiuOBkeOBq+mBheOCjOOBjOeZuueUn+OBmeOCi+aBkOOCjOOBjOOBlOOBluOBhOOBvuOBmeOAgjwvcD4KPHAgc3R5bGU9ImZvbnQtc2l6ZToxM3B4OyBtYXJnaW46N3B4IDAgMDsiPuOBvuOBn+OAgeS7iuW+jOOBruWPsOmiqOOBrumAsui3r+OBq+OCiOOBo+OBpuOBr+OAgeW6g+evhOWbsuOBruWcsOWfn+OBp+mBheOCjOOBjOeUn+OBmOOCi+WPr+iDveaAp+OBjOOBguOCiuOBvuOBmeOAguWcsOWfn+OChOOCv+OCpOODn+ODs+OCsOOBq+OCiOOBo+OBpuOAgeOBlOW4jOacm+OBruOBiuWxiuOBkeaXpeaZguOBq+mFjemBlOOBp+OBjeOBquOBhOWgtOWQiOOBjOOBlOOBluOBhOOBvuOBmeOAgjwvcD4KPHAgc3R5bGU9ImZvbnQtc2l6ZToxM3B4OyBtYXJnaW46N3B4IDAgMDsiPuOBiuWuouanmOOBq+OBr+Wkp+WkieOBlOi/t+aDkeOCkuOBiuaOm+OBkeiHtOOBl+OBvuOBmeOBjOOAgeOBlOeQhuino+OBhOOBn+OBoOOBkeOBvuOBmeOCiOOBhuOBiumhmOOBhOiHtOOBl+OBvuOBmeOAgjwvcD4KPC9kaXY+IC0tPgoKCgo8IS0tIOS4gOmDqOWcsOWfn+OBp+OBrumFjemBlOmBheW7tuOBq+OBpOOBjeOBvuOBl+OBpiAtLT4KCgo8IS0tIOOCr+ODvOODneODsyAKPGltZyBzcmM9Imh0dHA6Ly93d3cucmFrdXRlbi5uZS5qcC9nb2xkL2VzcG9ydHMvYm4vY291cG9uL2NvdXBvbjc3MC5naWYiIGFsdD0iMjAw5YaGT0ZG44Kv44O844Od44OzIj4gLS0+CgoKCjwhLS0gPGltZyBzcmM9Imh0dHA6Ly93d3cucmFrdXRlbi5uZS5qcC9nb2xkL2VzcG9ydHMvYm4vYWRpZGFzL2FkaWRhcy1ibjM1Ny5qcGciIGFsdD0iYWRpZGFz44Od44Kk44Oz44OIMTXlgI0iPiAtLT4KCgo8YnI+,44Of44K644OO77yITUlaVU5P77yJIOODrOODh+OCo+ODvOOCuSDjg6Djg7zjg7Tjgq/jg63jgrnjgrfjg6Pjg4QgMzJKQzYzMzA2NCDjgJDjg4jjg6zjg7zjg4vjg7PjgrDjgqbjgqfjgqIg44K544Od44O844OE44Km44Kn44KiIOmVt+iiliDjgrjjg6PjgrHjg4Pjg4jjgJHvvJrvvYXvvLPvvLDvvK/vvLLvvLTvvLPmpb3lpKnmlK/lupc=,44Ki44Km44OI44OJ44Ki44Kt44Oj44Oz44OX44OQ44O844OZ44Kt44Ol44O844OG44Oz44OI44K/44O844OX44OG44O844OW44Or44OB44Kn44Ki44K344Ol44Op44OV44Op44Oz44K/44Oz44Kv44O844Op44O844Oc44OD44Kv44K544Kz44O844Or44Oe44Oz44OO44O844K544OV44Kn44Kk44K544K544Od44O844OE44OV44Kj44OD44OI44ON44K544OA44Kk44Ko44OD44OI44OI44Os44O844OL44Oz44Kw44OX44Ot44OG44Kk44Oz44K144OX44Oq44Oh44Oz44OI44OA44Oz44OZ44Or44K144OD44Kr44O844Of44K644OO77yITUlaVU5P77yJIOODrOODh+OCo+ODvOOCuSDjg6Djg7zjg7Tjgq/jg63jgrnjgrfjg6Pjg4QgMzJKQzYzMzA2NCDjgJDjg4jjg6zjg7zjg4vjg7PjgrDjgqbjgqfjgqIg44K544Od44O844OE44Km44Kn44KiIOmVt+iiliDjgrjjg6PjgrHjg4Pjg4jjgJE=,44Of44K644OO77yITUlaVU5P77yJIOODrOODh+OCo+ODvOOCuSDjg6Djg7zjg7Tjgq/jg63jgrnjgrfjg6Pjg4QgMzJKQzYzMzA2NCDjgJDjg4jjg6zjg7zjg4vjg7PjgrDjgqbjgqfjgqIg44K544Od44O844OE44Km44Kn44KiIOmVt+iiliDjgrjjg6PjgrHjg4Pjg4jjgJE=[rn]
34-75264,aHR0cDovL3RzaG9wLnIxMHMuanAvZXNwb3J0cy9jYWJpbmV0Lzk5ODItMjUvOTk4MjQyMTQ5MTQ1OC5qcGc/Zml0aW49NzAwOjcwMA==,NDM4Ny4yMDAw,,44K544Od44O844OE44O744Ki44Km44OI44OJ44KiID4g44OV44Kj44OD44OI44ON44K544O744OI44Os44O844OL44Oz44KwID4g44Km44Kn44KiID4g44Os44OH44Kj44O844K544Km44Kn44KiID4g44OI44OD44OX44K5,44Of44K644OO77yITUlaVU5P77yJIOODrOODh+OCo+ODvOOCuSDjg5/jgrrjg47jgq/jg63jgrnjg4bjgqPjg4Pjgq8g44Og44O844O044Kv44Ot44K544K344Oj44OEIDMySkM2MjMwNjQg44CQ44K544Od44O844OE44Km44Kn44KiIOODiOODrOODvOODi+ODs+OCsOOCpuOCp+OCoiDplbfoopbjgJE=,,PCEtLWltZ190YWdzLS0+PHRhYmxlIGJvcmRlcj0iMCIgd2lkdGg9IjY1MCI+PFRSPjxURCBhbGlnbj0iY2VudGVyIj48QSBocmVmPSJodHRwOi8vd3d3LnJha3V0ZW4uY28uanAvZXNwb3J0cy9pbmZvMi5odG1sI2RlciI+PElNRyBzcmM9Imh0dHA6Ly93d3cucmFrdXRlbi5uZS5qcC9nb2xkL2VzcG9ydHMvc3VwcG9ydC9zaGlwcGluZzIuZ2lmIiBib3JkZXI9IjAiPjwvQT48QSBocmVmPSJodHRwOi8vd3d3LnJha3V0ZW4ubmUuanAvZ29sZC9lc3BvcnRzL3N1cHBvcnQvZGlzcGF0Y2guaHRtbCI+PElNRyBzcmM9Imh0dHA6Ly93d3cucmFrdXRlbi5uZS5qcC9nb2xkL2VzcG9ydHMvc3VwcG9ydC9kYXlzMy5naWYiIGJvcmRlcj0iMCI+PC9BPjxBIGhyZWY9Imh0dHA6Ly93d3cucmFrdXRlbi5uZS5qcC9nb2xkL2VzcG9ydHMvc3VwcG9ydC9kaXNwYXRjaC5odG1sIj48SU1HIHNyYz0iaHR0cDovL3d3dy5yYWt1dGVuLm5lLmpwL2dvbGQvZXNwb3J0cy9zdXBwb3J0L3BsYWNlMy5naWYiIGJvcmRlcj0iMCI+PC9BPjxBIGhyZWY9Imh0dHA6Ly93d3cucmFrdXRlbi5jby5qcC9lc3BvcnRzL2luZm8yLmh0bWwjYmFjayI+PElNRyBzcmM9Imh0dHA6Ly93d3cucmFrdXRlbi5uZS5qcC9nb2xkL2VzcG9ydHMvc3VwcG9ydC9yZXR1cm4yLmdpZiIgYm9yZGVyPSIwIj48L0E+PC90ZD48L3RyPjwvdGFibGU+PCEtLWltZ190YWdlLS0+PHN0cm9uZz48Zm9udCBjb2xvcj0iIzAwMDBDRCIgc2l6ZT0iNCI+44Og44O844OW44Kv44Ot44K544Gn5aSP44KC5b+r6YGp44Gr44K544Od44O844OE44KS5qW944GX44KC44GG77yBPGJyPjwvZm9udD48L3N0cm9uZz48YnI+4pag44Od44Kx44OD44OI44OV44Kh44K544OK44O854Sh44GXPGJyPjxicj48YnI+PHN0cm9uZz7jgJDmqZ/og73jgJE8L3N0cm9uZz48YnI+44O75pyA44KC44K544K/44Oz44OA44O844OJ44Gq44K344Or44Ko44OD44OI44CCPGJyPuODu+WQuOaxl+mAn+S5vuaAp+OBjOWEquOCjOOBpuOBhOOCi+OBk+OBqOOCkuekuuOBl+OAgeaxl+OCkue0oOaXqeOBj+WQuOWPjuOAgeaLoeaVo+OAgeOCpuOCqOOCouWGheOCkuW/q+mBqeOBqueKtuaFi+OBq+S/neOBoeOBvuOBmeOAgjxicj7jg7vntKvlpJbnt5rjgqvjg4Pjg4jmgKfjgavlhKrjgozjgabjgYTjgovjgZPjgajjgpLnpLrjgZfjgIHml6XnhLzjgZHjgYvjgonogozjgpLlrojjgorjgb7jgZnjgII8YnI+44O744K544OI44Os44OD44OB5oCn44GM5YSq44KM44Gm44GE44KL44GT44Go44KS56S644GX44CB5YuV44GN44KS44KI44KK44K544Og44O844K644Gr44GX44CB5LiN5b+r44Gq44Gk44Gj44Gx44KK5oSf44KS6Lu95rib44GX44G+44GZ44CCPGJyPuODu+mAmuawl+aAp+OCkuiAg+aFruOBl+OBn+OCueODiOODrOODg+ODgee0oOadkOOBp+OBpOOBo+OBseOCiuaEn+OCkui7vea4m+OAgeOCueODoOODvOOCuuOBp+WuieWumuaEn+OBruOBguOCi+WLleOBjeOCkuWPr+iDveOBq+OBl+OBvuOBmeOAgjxicj7jg7vnkrDlooPphY3mha7lnovllYblk4Hjga7mlrDjgZfjgYToqo3lrprln7rmupbjgIzjg5/jgrrjg47jgrDjg6rjg7zjg7PjgrDjg6zjg7zjg4njgI3jg5bjg63jg7Pjgrrjg6Hjg4Djg6vjgII8YnI+PGJyPjxwPjwhLS1ta190YWdzLS0+PFA+PElNRyBzcmM9Imh0dHA6Ly93d3cucmFrdXRlbi5uZS5qcC9nb2xkL2VzcG9ydHMvYm4vanl1aGF0dHl1dTUyMC02MC5qcGciIHdpZHRoPSI1MjAiIGhlaWdodD0iNjAiIGJvcmRlcj0iMCI+PC9QPjwhLS1ta190YWdlLS0+PGJyPjxpbWcgc3JjPSJodHRwOi8vaW1hZ2UucmFrdXRlbi5jby5qcC9lc3BvcnRzL2NhYmluZXQvc2l6ZS9zcG9ydHNfc2l6ZTM3NS5naWYiIHdpZHRoPSIzNzVweCIgaGVpZ2h0PSI5MHB4IiBhbHQ9IuOCueODneODvOODhOOCpuOCp+OCouOCteOCpOOCuuihqCIgYm9yZGVyPSIwIj48YnI+PGJyPuKXj+euoeeQhmNvZGXvvJo3OTgzOTU5NTwhLS1zcGVjX3RhZ3MtLT48cD48c3Ryb25nPjxmb250IGNvbG9yPSIjMDAwMENEIiBzaXplPSIzIj7jgJDllYblk4Hjgrnjg5rjg4Pjgq/jgJE8L2ZvbnQ+PC9zdHJvbmc+PGJyPuKXjzxzdHJvbmc+44Os44OH44Kj44O844K544K144Kk44K677yIY23vvIk8L3N0cm9uZz4gOiA8YnI+44CAWFMv6Lqr6ZW3MTQ3772eMTUz44CB44OQ44K544OINzXvvZ43OeOAgeOCpuOCqOOCueODiDU2772eNjA8YnI+44CAUy/ouqvplbcxNTLvvZ4xNTjjgIHjg5Djgrnjg4g3OO+9njgy44CB44Km44Ko44K544OINTnvvZ42Mzxicj7jgIBNL+i6q+mVtzE1N++9njE2M+OAgeODkOOCueODiDgx772eODXjgIHjgqbjgqjjgrnjg4g2Mu+9njY2PGJyPuOAgEwv6Lqr6ZW3MTYy772eMTY444CB44OQ44K544OIODTvvZ44OOOAgeOCpuOCqOOCueODiDY1772eNjk8YnI+44CAWEwv6Lqr6ZW3MTY3772eMTcz44CB44OQ44K544OIODfvvZ45MeOAgeOCpuOCqOOCueODiDY4772eNzI8YnI+44CAMlhML+i6q+mVtzE3Mu+9njE3OOOAgeODkOOCueODiDkw772eOTTjgIHjgqbjgqjjgrnjg4g3Me+9njc1PGJyPuOAgDNYTC/ouqvplbcxNzfvvZ4xODPjgIHjg5Djgrnjg4g5M++9njk344CB44Km44Ko44K544OINzTvvZ43ODxicj7il488c3Ryb25nPuimj+agvOOCteOCpOOCuu+8iOWun+WvuO+8ie+8iGNt77yJPC9zdHJvbmc+IDogPGJyPuOAgOedgOS4iO+8mlMvNjEuOeOAgU0vNjXjgIFMLzY4LjHjgIFYTC83MS4yPGJyPuOAgOiDuOWbnuOCiu+8mlMvOTfjgIFNLzEwMOOAgUwvMTAz44CBWEwvMTA2PGJyPuOAgOiCqeW5he+8mlMvMzcuOOOAgU0vMznjgIFMLzQwLjLjgIFYTC80MS40PGJyPuKXjzxzdHJvbmc+57Sg5p2QPC9zdHJvbmc+IDog44Od44Oq44Ko44K544OG44OrMTAw77yFPGJyPuKXjzxzdHJvbmc+5Y6f55Sj5Zu9PC9zdHJvbmc+IDog5Lit5Zu96KO9PGJyPjwhLS1zcGVjX3RhZ2UtLT48YnI+PGJyPjxicj48Zm9udCBzaXplPSItMSI+44Oh44O844Kr44O85biM5pyb5bCP5aOy5L6h5qC844Gv44Oh44O844Kr44O844Kr44K/44Ot44Kw44Gr5Z+644Gl44GE44Gm5o6y6LyJ44GX44Gm44GE44G+44GZPGJyPjwvZm9udD48aW1nIHNyYz0iaHR0cDovL2ltYWdlLnJha3V0ZW4uY28uanAvZXNwb3J0cy9jYWJpbmV0L2V2aWRlbmNlL2V2aWRlbmNlMi5qcGciIGJvcmRlcj0iMCIgYWx0PSLjgqjjg5Pjg4fjg7PjgrkiPjxsaW5rIHJlbD0ic3R5bGVzaGVldCIgdHlwZT0idGV4dC9jc3MiIGhyZWY9Imh0dHA6Ly93d3cucmFrdXRlbi5uZS5qcC9nb2xkL2VzcG9ydHMvc2hvcHBpbmdfcGFydHMuY3NzIj4KCjxkaXYgc3R5bGU9Im1hcmdpbi10b3A6LTI2cHg7Ij48L2Rpdj4KCjwhLS0g44K744O844OrIDxpbWcgc3JjPSJodHRwOi8vd3d3LnJha3V0ZW4ubmUuanAvZ29sZC9lc3BvcnRzL25ld3llYXItc2FsZS9uZXd5ZWFyLXNhbGUtNzgwLmpwZyIgYm9yZGVyPSIwIiBhbHQ9IuOCu+ODvOODqyIgd2lkdGg9Ijc3MHB4Ij48YnI+PGJyPiDjgrvjg7zjg6sgLS0+Cgo8IS0tIOOCueODvOODkeODvOOCu+ODvOODqyA8ZGl2IHN0eWxlPSJ3aWR0aCA6IDc1MHB4OyI+CjxkaXYgYWxpZ249ImNlbnRlciIgc3R5bGU9Im1hcmdpbi1ib3R0b20gOiAwcHg7Ym9yZGVyLXdpZHRoIDogMnB4O2JvcmRlci1zdHlsZSA6IHNvbGlkO2JvcmRlci1jb2xvciA6ICNiYzExMzE7Ij4KCjwvZGl2PjwvZGl2PjxkaXYgY2xhc3M9Im1hcmdpbjUiPjwvZGl2Pjxicj4g44K544O844OR44O844K744O844OrLS0+Cgo8IS0tIOOCueODvOODkeODvOOCu+ODvOODqzIg77yI44OQ44OK44O844Gu44G/77yJPGltZyBzcmM9Imh0dHA6Ly93d3cucmFrdXRlbi5uZS5qcC9nb2xkL2VzcG9ydHMvc3BzYWxlL3NhbGUtYm43ODAuanBnIiBib3JkZXI9IjAiIGFsdD0i44K744O844OrIiB3aWR0aD0iNzcwcHgiPjxicj48YnI+IOOCueODvOODkeODvCAtLT4KCjxkaXYgY2xhc3M9ImNvbnRlbnRzIj48IS0tIOWRiuefpSAKPGRpdiBzdHlsZT0id2lkdGg6NzM2cHg7IHBhZGRpbmc6MTVweDsgbWFyZ2luOjVweCAwIDE1cHg7IGJvcmRlcjpzb2xpZCAjRTYyRjJGIDJweDsiPgo8cCBzdHlsZT0iZm9udC13ZWlnaHQ6Ym9sZDsgZm9udC1zaXplOjE3cHg7IHRleHQtYWxpZ246Y2VudGVyOyI+44CQIDxzcGFuIHN0eWxlPSJib3JkZXItYm90dG9tOjJweCBkb3R0ZWQgIzk5OTsgZm9udC1zaXplOjE1cHg7Ij415pyIMjbml6Uo6YeRKeOBruWWtualreOBq+OBpOOBhOOBpjwvc3Bhbj4g44CRPC9wPgo8cCBzdHlsZT0iZm9udC1zaXplOjEzcHg7IG1hcmdpbi10b3A6MTVweDsiPuiqoOOBq+WLneaJi+OBquOBjOOCiTXmnIgyNuaXpSjph5Ep44Gv44CB56S+5YaF56CU5L+u44Gu44Gf44KB44CB5Za25qWt5pmC6ZaT44KS5Y2I5YmNMTLvvJowMOOBvuOBp+OBqOOBleOBm+OBpuOBhOOBn+OBoOOBjeOBvuOBmeOAguWwmuOAgeOAjOOBguOBmealveOAjeWvvuW/nOWTgeOBq+OBpOOBjeOBvuOBl+OBpuOBr+OAgemAmuW4uOmAmuOCijEy77yaMDDjgb7jgafjga7jgZTms6jmlofjgpLlvZPml6XnmbrpgIHjgZXjgZvjgabjgYTjgZ/jgaDjgY3jgb7jgZnjgII8L3A+CjxwIHN0eWxlPSJmb250LXNpemU6MTNweDsgbWFyZ2luLXRvcDoxNXB4OyI+44GK5a6i5qeY44Gr44Gv44GU5LiN5L6/44KS44GK5o6b44GR6Ie044GX44G+44GZ44GM44CB44GU55CG6Kej44Gu56iL44CB5a6c44GX44GP44GK6aGY44GE6Ie044GX44G+44GZ44CCPC9wPgo8L2Rpdj4gLS0+CgoKPCEtLSA8ZGl2IHN0eWxlPSJ3aWR0aDo3MzZweDsgcGFkZGluZzoxNXB4OyBtYXJnaW46NXB4IDAgMTVweDsgYm9yZGVyOnNvbGlkICNFNjJGMkYgMnB4OyI+CjxwIHN0eWxlPSJmb250LXdlaWdodDpib2xkOyBmb250LXNpemU6MTdweDsgdGV4dC1hbGlnbjpjZW50ZXI7IG1hcmdpbjowOyI+44CQIDxzcGFuIHN0eWxlPSJib3JkZXItYm90dG9tOjJweCBkb3R0ZWQgIzk5OTsgZm9udC1zaXplOjE1cHg7Ij7lpKnlgJnkuI3oia/jga7lvbHpn7/jgavjgojjgovphY3pgIHpgYXlu7bjgavjgaTjgYTjgaY8L3NwYW4+IOOAkTwvcD4KPHAgc3R5bGU9ImZvbnQtc2l6ZToxM3B4OyBtYXJnaW46MTVweCAwIDA7Ij7lj7Dpoqjjg7vosarpm6jnrYnjga7lpKnlgJnkuI3oia/jgavkvLTjgYTjgIHkuIDpg6jlnLDln5/jgafjgYrojbfnianjga7jgYrlsYrjgZHjgavpgYXjgozjgYznmbrnlJ/jgZnjgovmgZDjgozjgYzjgZTjgZbjgYTjgb7jgZnjgII8L3A+CjxwIHN0eWxlPSJmb250LXNpemU6MTNweDsgbWFyZ2luOjdweCAwIDA7Ij7jgb7jgZ/jgIHku4rlvozjga7lj7Dpoqjjga7pgLLot6/jgavjgojjgaPjgabjga/jgIHluoPnr4Tlm7Ljga7lnLDln5/jgafpgYXjgozjgYznlJ/jgZjjgovlj6/og73mgKfjgYzjgYLjgorjgb7jgZnjgILlnLDln5/jgoTjgr/jgqTjg5/jg7PjgrDjgavjgojjgaPjgabjgIHjgZTluIzmnJvjga7jgYrlsYrjgZHml6XmmYLjgavphY3pgZTjgafjgY3jgarjgYTloLTlkIjjgYzjgZTjgZbjgYTjgb7jgZnjgII8L3A+CjxwIHN0eWxlPSJmb250LXNpemU6MTNweDsgbWFyZ2luOjdweCAwIDA7Ij7jgYrlrqLmp5jjgavjga/lpKflpInjgZTov7fmg5HjgpLjgYrmjpvjgZHoh7TjgZfjgb7jgZnjgYzjgIHjgZTnkIbop6PjgYTjgZ/jgaDjgZHjgb7jgZnjgojjgYbjgYrpoZjjgYToh7TjgZfjgb7jgZnjgII8L3A+CjwvZGl2PiAtLT4KCgoKPCEtLSDkuIDpg6jlnLDln5/jgafjga7phY3pgZTpgYXlu7bjgavjgaTjgY3jgb7jgZfjgaYgLS0+CgoKPCEtLSDjgq/jg7zjg53jg7MgCjxpbWcgc3JjPSJodHRwOi8vd3d3LnJha3V0ZW4ubmUuanAvZ29sZC9lc3BvcnRzL2JuL2NvdXBvbi9jb3Vwb243NzAuZ2lmIiBhbHQ9IjIwMOWGhk9GRuOCr+ODvOODneODsyI+IC0tPgoKCgo8IS0tIDxpbWcgc3JjPSJodHRwOi8vd3d3LnJha3V0ZW4ubmUuanAvZ29sZC9lc3BvcnRzL2JuL2FkaWRhcy9hZGlkYXMtYm4zNTcuanBnIiBhbHQ9ImFkaWRhc+ODneOCpOODs+ODiDE15YCNIj4gLS0+CgoKPGJyPg==,44Of44K644OO77yITUlaVU5P77yJIOODrOODh+OCo+ODvOOCuSDjg5/jgrrjg47jgq/jg63jgrnjg4bjgqPjg4Pjgq8g44Og44O844O044Kv44Ot44K544K344Oj44OEIDMySkM2MjMwNjQg44CQ44K544Od44O844OE44Km44Kn44KiIOODiOODrOODvOODi+ODs+OCsOOCpuOCp+OCoiDplbfoopbjgJHvvJrvvYXvvLPvvLDvvK/vvLLvvLTvvLPmpb3lpKnmlK/lupc=,44Ki44Km44OI44OJ44Ki44Kt44Oj44Oz44OX44OQ44O844OZ44Kt44Ol44O844OG44Oz44OI44K/44O844OX44OG44O844OW44Or44OB44Kn44Ki44K344Ol44Op44OV44Op44Oz44K/44Oz44Kv44O844Op44O844Oc44OD44Kv44K544Kz44O844Or44Oe44Oz44OO44O844K544OV44Kn44Kk44K544K544Od44O844OE44OV44Kj44OD44OI44ON44K544OA44Kk44Ko44OD44OI44OI44Os44O844OL44Oz44Kw44OX44Ot44OG44Kk44Oz44K144OX44Oq44Oh44Oz44OI44OA44Oz44OZ44Or44K144OD44Kr44O844Of44K644OO77yITUlaVU5P77yJIOODrOODh+OCo+ODvOOCuSDjg5/jgrrjg47jgq/jg63jgrnjg4bjgqPjg4Pjgq8g44Og44O844O044Kv44Ot44K544K344Oj44OEIDMySkM2MjMwNjQg44CQ44K544Od44O844OE44Km44Kn44KiIOODiOODrOODvOODi+ODs+OCsOOCpuOCp+OCoiDplbfoopbjgJE=,44Of44K644OO77yITUlaVU5P77yJIOODrOODh+OCo+ODvOOCuSDjg5/jgrrjg47jgq/jg63jgrnjg4bjgqPjg4Pjgq8g44Og44O844O044Kv44Ot44K544K344Oj44OEIDMySkM2MjMwNjQg44CQ44K544Od44O844OE44Km44Kn44KiIOODiOODrOODvOODi+ODs+OCsOOCpuOCp+OCoiDplbfoopbjgJE=[rn]
34-75265,aHR0cDovL3RzaG9wLnIxMHMuanAvZXNwb3J0cy9jYWJpbmV0Lzk5ODItMjUvOTk4MjQyMTQ5MTM0Ni5qcGc/Zml0aW49NzAwOjcwMA==,MjIzMi4wMDAw,,44K544Od44O844OE44O744Ki44Km44OI44OJ44KiID4g44OV44Kj44OD44OI44ON44K544O744OI44Os44O844OL44Oz44KwID4g44Km44Kn44KiID4g44Os44OH44Kj44O844K544Km44Kn44KiID4g44OI44OD44OX44K5,44Of44K644OO77yITUlaVU5P77yJIFTjgrfjg6Pjg4Qg6ZW36KKWIDMySkE2MTMyMDkg44CQ44K544Od44O844OE44Km44Kn44KiIOODiOODrOODvOODi+ODs+OCsCDjg4jjg4Pjg5fjgrkg44Oh44Oz44K6IOODrOODh+OCo+ODvOOCueOAkQ==,,PCEtLWltZ190YWdzLS0+PHRhYmxlIGJvcmRlcj0iMCIgd2lkdGg9IjY1MCI+PFRSPjxURCBhbGlnbj0iY2VudGVyIj48QSBocmVmPSJodHRwOi8vd3d3LnJha3V0ZW4uY28uanAvZXNwb3J0cy9pbmZvMi5odG1sI2RlciI+PElNRyBzcmM9Imh0dHA6Ly93d3cucmFrdXRlbi5uZS5qcC9nb2xkL2VzcG9ydHMvc3VwcG9ydC9zaGlwcGluZzIuZ2lmIiBib3JkZXI9IjAiPjwvQT48QSBocmVmPSJodHRwOi8vd3d3LnJha3V0ZW4ubmUuanAvZ29sZC9lc3BvcnRzL3N1cHBvcnQvZGlzcGF0Y2guaHRtbCI+PElNRyBzcmM9Imh0dHA6Ly93d3cucmFrdXRlbi5uZS5qcC9nb2xkL2VzcG9ydHMvc3VwcG9ydC9kYXlzMy5naWYiIGJvcmRlcj0iMCI+PC9BPjxBIGhyZWY9Imh0dHA6Ly93d3cucmFrdXRlbi5uZS5qcC9nb2xkL2VzcG9ydHMvc3VwcG9ydC9kaXNwYXRjaC5odG1sIj48SU1HIHNyYz0iaHR0cDovL3d3dy5yYWt1dGVuLm5lLmpwL2dvbGQvZXNwb3J0cy9zdXBwb3J0L3BsYWNlMy5naWYiIGJvcmRlcj0iMCI+PC9BPjxBIGhyZWY9Imh0dHA6Ly93d3cucmFrdXRlbi5jby5qcC9lc3BvcnRzL2luZm8yLmh0bWwjYmFjayI+PElNRyBzcmM9Imh0dHA6Ly93d3cucmFrdXRlbi5uZS5qcC9nb2xkL2VzcG9ydHMvc3VwcG9ydC9yZXR1cm4yLmdpZiIgYm9yZGVyPSIwIj48L0E+PC90ZD48L3RyPjwvdGFibGU+PCEtLWltZ190YWdlLS0+44K344Oz44OX44Or44Gq44Ov44Oz44Od44Kk44Oz44OI6Lui5YaZ44Oe44O844Kv44K344Oq44O844K644CCPGJyPjxicj48YnI+PHN0cm9uZz7jgJDmqZ/og73jgJE8L3N0cm9uZz48YnI+44O75pyA44KC44K544K/44Oz44OA44O844OJ44Gq44K344Or44Ko44OD44OI44CCPGJyPuODu+WQuOaxl+mAn+S5vuaAp+OBjOWEquOCjOOBpuOBhOOCi+OBk+OBqOOCkuekuuOBl+OAgeaxl+OCkue0oOaXqeOBj+WQuOWPjuOAgeaLoeaVo+OAgeOCpuOCqOOCouWGheOCkuW/q+mBqeOBqueKtuaFi+OBq+S/neOBoeOBvuOBmeOAgjxicj7jg7vnkrDlooPphY3mha7lnovllYblk4Hjga7mlrDjgZfjgYToqo3lrprln7rmupbjgIzjg5/jgrrjg47jgrDjg6rjg7zjg7PjgrDjg6zjg7zjg4njgI3jg5bjg63jg7Pjgrrjg6Hjg4Djg6vjgII8YnI+PGJyPjxwPjwhLS1ta190YWdzLS0+PFA+PElNRyBzcmM9Imh0dHA6Ly93d3cucmFrdXRlbi5uZS5qcC9nb2xkL2VzcG9ydHMvYm4vanl1aGF0dHl1dTUyMC02MC5qcGciIHdpZHRoPSI1MjAiIGhlaWdodD0iNjAiIGJvcmRlcj0iMCI+PC9QPjwhLS1ta190YWdlLS0+PGJyPjxpbWcgc3JjPSJodHRwOi8vaW1hZ2UucmFrdXRlbi5jby5qcC9lc3BvcnRzL2NhYmluZXQvc2l6ZS9zcG9ydHNfc2l6ZTM3NS5naWYiIHdpZHRoPSIzNzVweCIgaGVpZ2h0PSI5MHB4IiBhbHQ9IuOCueODneODvOODhOOCpuOCp+OCouOCteOCpOOCuuihqCIgYm9yZGVyPSIwIj48YnI+PGJyPuKXj+euoeeQhmNvZGXvvJo3OTgzOTU5NTwhLS1zcGVjX3RhZ3MtLT48cD48c3Ryb25nPjxmb250IGNvbG9yPSIjMDAwMENEIiBzaXplPSIzIj7jgJDllYblk4Hjgrnjg5rjg4Pjgq/jgJE8L2ZvbnQ+PC9zdHJvbmc+PGJyPuKXjzxzdHJvbmc+44K144Kk44K6PC9zdHJvbmc+IDogU+OAgU3jgIFM44CBWEzjgIEyWEw8YnI+4pePPHN0cm9uZz7opo/moLzjgrXjgqTjgrrvvIjlrp/lr7jvvInvvIhjbe+8iTwvc3Ryb25nPiA6IDxicj7jgIDnnYDkuIjvvJpTLzY044CBTS82NuOAgUwvNjjjgIFYTC83MOOAgTJYTC83Mjxicj7jgIDog7jlm57jgorvvJpTLzEwMuOAgU0vMTA244CBTC8xMTDjgIFYTC8xMTTjgIEyWEwvMTE4PGJyPuOAgOiCqeW5he+8mlMvNDUuMuOAgU0vNDYuNuOAgUwvNDjjgIFYTC80OS4044CBMlhMLzUwLjg8YnI+44CA6KKW5LiI77yaUy81NuOAgU0vNTcuNeOAgUwvNTnjgIFYTC82MC4144CBMlhMLzYyPGJyPuKXjzxzdHJvbmc+57Sg5p2QPC9zdHJvbmc+IDog44Od44Oq44Ko44K544OG44OrMTAw77yFPGJyPuKXjzxzdHJvbmc+5Y6f55Sj5Zu9PC9zdHJvbmc+IDog5Lit5Zu96KO9PGJyPjwhLS1zcGVjX3RhZ2UtLT48YnI+PGJyPjxicj48Zm9udCBzaXplPSItMSI+44Oh44O844Kr44O85biM5pyb5bCP5aOy5L6h5qC844Gv44Oh44O844Kr44O844Kr44K/44Ot44Kw44Gr5Z+644Gl44GE44Gm5o6y6LyJ44GX44Gm44GE44G+44GZPGJyPjwvZm9udD48aW1nIHNyYz0iaHR0cDovL2ltYWdlLnJha3V0ZW4uY28uanAvZXNwb3J0cy9jYWJpbmV0L2V2aWRlbmNlL2V2aWRlbmNlMi5qcGciIGJvcmRlcj0iMCIgYWx0PSLjgqjjg5Pjg4fjg7PjgrkiPjxsaW5rIHJlbD0ic3R5bGVzaGVldCIgdHlwZT0idGV4dC9jc3MiIGhyZWY9Imh0dHA6Ly93d3cucmFrdXRlbi5uZS5qcC9nb2xkL2VzcG9ydHMvc2hvcHBpbmdfcGFydHMuY3NzIj4KCjxkaXYgc3R5bGU9Im1hcmdpbi10b3A6LTI2cHg7Ij48L2Rpdj4KCjwhLS0g44K744O844OrIDxpbWcgc3JjPSJodHRwOi8vd3d3LnJha3V0ZW4ubmUuanAvZ29sZC9lc3BvcnRzL25ld3llYXItc2FsZS9uZXd5ZWFyLXNhbGUtNzgwLmpwZyIgYm9yZGVyPSIwIiBhbHQ9IuOCu+ODvOODqyIgd2lkdGg9Ijc3MHB4Ij48YnI+PGJyPiDjgrvjg7zjg6sgLS0+Cgo8IS0tIOOCueODvOODkeODvOOCu+ODvOODqyA8ZGl2IHN0eWxlPSJ3aWR0aCA6IDc1MHB4OyI+CjxkaXYgYWxpZ249ImNlbnRlciIgc3R5bGU9Im1hcmdpbi1ib3R0b20gOiAwcHg7Ym9yZGVyLXdpZHRoIDogMnB4O2JvcmRlci1zdHlsZSA6IHNvbGlkO2JvcmRlci1jb2xvciA6ICNiYzExMzE7Ij4KCjwvZGl2PjwvZGl2PjxkaXYgY2xhc3M9Im1hcmdpbjUiPjwvZGl2Pjxicj4g44K544O844OR44O844K744O844OrLS0+Cgo8IS0tIOOCueODvOODkeODvOOCu+ODvOODqzIg77yI44OQ44OK44O844Gu44G/77yJPGltZyBzcmM9Imh0dHA6Ly93d3cucmFrdXRlbi5uZS5qcC9nb2xkL2VzcG9ydHMvc3BzYWxlL3NhbGUtYm43ODAuanBnIiBib3JkZXI9IjAiIGFsdD0i44K744O844OrIiB3aWR0aD0iNzcwcHgiPjxicj48YnI+IOOCueODvOODkeODvCAtLT4KCjxkaXYgY2xhc3M9ImNvbnRlbnRzIj48IS0tIOWRiuefpSAKPGRpdiBzdHlsZT0id2lkdGg6NzM2cHg7IHBhZGRpbmc6MTVweDsgbWFyZ2luOjVweCAwIDE1cHg7IGJvcmRlcjpzb2xpZCAjRTYyRjJGIDJweDsiPgo8cCBzdHlsZT0iZm9udC13ZWlnaHQ6Ym9sZDsgZm9udC1zaXplOjE3cHg7IHRleHQtYWxpZ246Y2VudGVyOyI+44CQIDxzcGFuIHN0eWxlPSJib3JkZXItYm90dG9tOjJweCBkb3R0ZWQgIzk5OTsgZm9udC1zaXplOjE1cHg7Ij415pyIMjbml6Uo6YeRKeOBruWWtualreOBq+OBpOOBhOOBpjwvc3Bhbj4g44CRPC9wPgo8cCBzdHlsZT0iZm9udC1zaXplOjEzcHg7IG1hcmdpbi10b3A6MTVweDsiPuiqoOOBq+WLneaJi+OBquOBjOOCiTXmnIgyNuaXpSjph5Ep44Gv44CB56S+5YaF56CU5L+u44Gu44Gf44KB44CB5Za25qWt5pmC6ZaT44KS5Y2I5YmNMTLvvJowMOOBvuOBp+OBqOOBleOBm+OBpuOBhOOBn+OBoOOBjeOBvuOBmeOAguWwmuOAgeOAjOOBguOBmealveOAjeWvvuW/nOWTgeOBq+OBpOOBjeOBvuOBl+OBpuOBr+OAgemAmuW4uOmAmuOCijEy77yaMDDjgb7jgafjga7jgZTms6jmlofjgpLlvZPml6XnmbrpgIHjgZXjgZvjgabjgYTjgZ/jgaDjgY3jgb7jgZnjgII8L3A+CjxwIHN0eWxlPSJmb250LXNpemU6MTNweDsgbWFyZ2luLXRvcDoxNXB4OyI+44GK5a6i5qeY44Gr44Gv44GU5LiN5L6/44KS44GK5o6b44GR6Ie044GX44G+44GZ44GM44CB44GU55CG6Kej44Gu56iL44CB5a6c44GX44GP44GK6aGY44GE6Ie044GX44G+44GZ44CCPC9wPgo8L2Rpdj4gLS0+CgoKPCEtLSA8ZGl2IHN0eWxlPSJ3aWR0aDo3MzZweDsgcGFkZGluZzoxNXB4OyBtYXJnaW46NXB4IDAgMTVweDsgYm9yZGVyOnNvbGlkICNFNjJGMkYgMnB4OyI+CjxwIHN0eWxlPSJmb250LXdlaWdodDpib2xkOyBmb250LXNpemU6MTdweDsgdGV4dC1hbGlnbjpjZW50ZXI7IG1hcmdpbjowOyI+44CQIDxzcGFuIHN0eWxlPSJib3JkZXItYm90dG9tOjJweCBkb3R0ZWQgIzk5OTsgZm9udC1zaXplOjE1cHg7Ij7lpKnlgJnkuI3oia/jga7lvbHpn7/jgavjgojjgovphY3pgIHpgYXlu7bjgavjgaTjgYTjgaY8L3NwYW4+IOOAkTwvcD4KPHAgc3R5bGU9ImZvbnQtc2l6ZToxM3B4OyBtYXJnaW46MTVweCAwIDA7Ij7lj7Dpoqjjg7vosarpm6jnrYnjga7lpKnlgJnkuI3oia/jgavkvLTjgYTjgIHkuIDpg6jlnLDln5/jgafjgYrojbfnianjga7jgYrlsYrjgZHjgavpgYXjgozjgYznmbrnlJ/jgZnjgovmgZDjgozjgYzjgZTjgZbjgYTjgb7jgZnjgII8L3A+CjxwIHN0eWxlPSJmb250LXNpemU6MTNweDsgbWFyZ2luOjdweCAwIDA7Ij7jgb7jgZ/jgIHku4rlvozjga7lj7Dpoqjjga7pgLLot6/jgavjgojjgaPjgabjga/jgIHluoPnr4Tlm7Ljga7lnLDln5/jgafpgYXjgozjgYznlJ/jgZjjgovlj6/og73mgKfjgYzjgYLjgorjgb7jgZnjgILlnLDln5/jgoTjgr/jgqTjg5/jg7PjgrDjgavjgojjgaPjgabjgIHjgZTluIzmnJvjga7jgYrlsYrjgZHml6XmmYLjgavphY3pgZTjgafjgY3jgarjgYTloLTlkIjjgYzjgZTjgZbjgYTjgb7jgZnjgII8L3A+CjxwIHN0eWxlPSJmb250LXNpemU6MTNweDsgbWFyZ2luOjdweCAwIDA7Ij7jgYrlrqLmp5jjgavjga/lpKflpInjgZTov7fmg5HjgpLjgYrmjpvjgZHoh7TjgZfjgb7jgZnjgYzjgIHjgZTnkIbop6PjgYTjgZ/jgaDjgZHjgb7jgZnjgojjgYbjgYrpoZjjgYToh7TjgZfjgb7jgZnjgII8L3A+CjwvZGl2PiAtLT4KCgoKPCEtLSDkuIDpg6jlnLDln5/jgafjga7phY3pgZTpgYXlu7bjgavjgaTjgY3jgb7jgZfjgaYgLS0+CgoKPCEtLSDjgq/jg7zjg53jg7MgCjxpbWcgc3JjPSJodHRwOi8vd3d3LnJha3V0ZW4ubmUuanAvZ29sZC9lc3BvcnRzL2JuL2NvdXBvbi9jb3Vwb243NzAuZ2lmIiBhbHQ9IjIwMOWGhk9GRuOCr+ODvOODneODsyI+IC0tPgoKCgo8IS0tIDxpbWcgc3JjPSJodHRwOi8vd3d3LnJha3V0ZW4ubmUuanAvZ29sZC9lc3BvcnRzL2JuL2FkaWRhcy9hZGlkYXMtYm4zNTcuanBnIiBhbHQ9ImFkaWRhc+ODneOCpOODs+ODiDE15YCNIj4gLS0+CgoKPGJyPg==,44Of44K644OO77yITUlaVU5P77yJIFTjgrfjg6Pjg4Qg6ZW36KKWIDMySkE2MTMyMDkg44CQ44K544Od44O844OE44Km44Kn44KiIOODiOODrOODvOODi+ODs+OCsCDjg4jjg4Pjg5fjgrkg44Oh44Oz44K6IOODrOODh+OCo+ODvOOCueOAke+8mu+9he+8s++8sO+8r++8su+8tO+8s+alveWkqeaUr+W6lw==,44Ki44Km44OI44OJ44Ki44Kt44Oj44Oz44OX44OQ44O844OZ44Kt44Ol44O844OG44Oz44OI44K/44O844OX44OG44O844OW44Or44OB44Kn44Ki44K344Ol44Op44OV44Op44Oz44K/44Oz44Kv44O844Op44O844Oc44OD44Kv44K544Kz44O844Or44Oe44Oz44OO44O844K544OV44Kn44Kk44K544K544Od44O844OE44OV44Kj44OD44OI44ON44K544OA44Kk44Ko44OD44OI44OI44Os44O844OL44Oz44Kw44OX44Ot44OG44Kk44Oz44K144OX44Oq44Oh44Oz44OI44OA44Oz44OZ44Or44K144OD44Kr44O844Of44K644OO77yITUlaVU5P77yJIFTjgrfjg6Pjg4Qg6ZW36KKWIDMySkE2MTMyMDkg44CQ44K544Od44O844OE44Km44Kn44KiIOODiOODrOODvOODi+ODs+OCsCDjg4jjg4Pjg5fjgrkg44Oh44Oz44K6IOODrOODh+OCo+ODvOOCueOAkQ==,44Of44K644OO77yITUlaVU5P77yJIFTjgrfjg6Pjg4Qg6ZW36KKWIDMySkE2MTMyMDkg44CQ44K544Od44O844OE44Km44Kn44KiIOODiOODrOODvOODi+ODs+OCsCDjg4jjg4Pjg5fjgrkg44Oh44Oz44K6IOODrOODh+OCo+ODvOOCueOAkQ==[rn]
34-75266,aHR0cDovL3RzaG9wLnIxMHMuanAvZXNwb3J0cy9jYWJpbmV0Lzk5ODItMjUvOTk4MjQyMTI5MTAyNC5qcGc/Zml0aW49NzAwOjcwMA==,NDc3Ni4wMDAw,,44K544Od44O844OE44O744Ki44Km44OI44OJ44KiID4g44OV44Kj44OD44OI44ON44K544O744OI44Os44O844OL44Oz44KwID4g44Km44Kn44KiID4g44Os44OH44Kj44O844K544Km44Kn44KiID4g44OI44OD44OX44K5,44Of44K644OO77yITUlaVU5P77yJIOODrOODh+OCo+ODvOOCuSDjg6Djg7zjg7Tjgq/jg63jgrnjgrfjg6Pjg4QgMzJKQzYzMzEwMSDjgJDjg4jjg6zjg7zjg4vjg7PjgrDjgqbjgqfjgqIg44K544Od44O844OE44Km44Kn44KiIOmVt+iiliDjgrjjg6PjgrHjg4Pjg4jjgJE=,,PCEtLWltZ190YWdzLS0+PHRhYmxlIGJvcmRlcj0iMCIgd2lkdGg9IjY1MCI+PFRSPjxURCBhbGlnbj0iY2VudGVyIj48QSBocmVmPSJodHRwOi8vd3d3LnJha3V0ZW4uY28uanAvZXNwb3J0cy9pbmZvMi5odG1sI2RlciI+PElNRyBzcmM9Imh0dHA6Ly93d3cucmFrdXRlbi5uZS5qcC9nb2xkL2VzcG9ydHMvc3VwcG9ydC9zaGlwcGluZzIuZ2lmIiBib3JkZXI9IjAiPjwvQT48QSBocmVmPSJodHRwOi8vd3d3LnJha3V0ZW4ubmUuanAvZ29sZC9lc3BvcnRzL3N1cHBvcnQvZGlzcGF0Y2guaHRtbCI+PElNRyBzcmM9Imh0dHA6Ly93d3cucmFrdXRlbi5uZS5qcC9nb2xkL2VzcG9ydHMvc3VwcG9ydC9kYXlzMy5naWYiIGJvcmRlcj0iMCI+PC9BPjxBIGhyZWY9Imh0dHA6Ly93d3cucmFrdXRlbi5uZS5qcC9nb2xkL2VzcG9ydHMvc3VwcG9ydC9kaXNwYXRjaC5odG1sIj48SU1HIHNyYz0iaHR0cDovL3d3dy5yYWt1dGVuLm5lLmpwL2dvbGQvZXNwb3J0cy9zdXBwb3J0L3BsYWNlMy5naWYiIGJvcmRlcj0iMCI+PC9BPjxBIGhyZWY9Imh0dHA6Ly93d3cucmFrdXRlbi5jby5qcC9lc3BvcnRzL2luZm8yLmh0bWwjYmFjayI+PElNRyBzcmM9Imh0dHA6Ly93d3cucmFrdXRlbi5uZS5qcC9nb2xkL2VzcG9ydHMvc3VwcG9ydC9yZXR1cm4yLmdpZiIgYm9yZGVyPSIwIj48L0E+PC90ZD48L3RyPjwvdGFibGU+PCEtLWltZ190YWdlLS0+PHN0cm9uZz48Zm9udCBjb2xvcj0iIzAwMDBDRCIgc2l6ZT0iNCI+44Oc44K/44OL44Kr44Orw5fjg5zjg7zjg4Djg7zjg5/jg4Pjgq/jgrnmn4TjgpI8YnI+44Od44Kk44Oz44OI44Gr5Y+W44KK5YWl44KM44Gf44Og44O844OW44Kv44Ot44K544Gn5aSP44KS5qW944GX44GP5b2p44KK44G+44GZ77yBPGJyPjwvZm9udD48L3N0cm9uZz48YnI+4pag44Od44Kx44OD44OI44OV44Kh44K544OK44O854Sh44GXPGJyPuKAu+ijveWTgeOBq+OCiOOBo+OBpuafhOOBruimi+OBiOaWueOBjOeVsOOBquOCiuOBvuOBmeOBruOBp+W+oeS6huaJv+S4i+OBleOBhOOAgjxicj48YnI+PGJyPjxzdHJvbmc+44CQ5qmf6IO944CRPC9zdHJvbmc+PGJyPuODu+acgOOCguOCueOCv+ODs+ODgOODvOODieOBquOCt+ODq+OCqOODg+ODiOOAgjxicj7jg7vlkLjmsZfpgJ/kub7mgKfjgYzlhKrjgozjgabjgYTjgovjgZPjgajjgpLnpLrjgZfjgIHmsZfjgpLntKDml6njgY/lkLjlj47jgIHmi6HmlaPjgIHjgqbjgqjjgqLlhoXjgpLlv6vpganjgarnirbmhYvjgavkv53jgaHjgb7jgZnjgII8YnI+44O757Sr5aSW57ea44Kr44OD44OI5oCn44Gr5YSq44KM44Gm44GE44KL44GT44Go44KS56S644GX44CB5pel54S844GR44GL44KJ6IKM44KS5a6I44KK44G+44GZ44CCPGJyPuODu+OCueODiOODrOODg+ODgeaAp+OBjOWEquOCjOOBpuOBhOOCi+OBk+OBqOOCkuekuuOBl+OAgeWLleOBjeOCkuOCiOOCiuOCueODoOODvOOCuuOBq+OBl+OAgeS4jeW/q+OBquOBpOOBo+OBseOCiuaEn+OCkui7vea4m+OBl+OBvuOBmeOAgjxicj7jg7vpgJrmsJfmgKfjgpLogIPmha7jgZfjgZ/jgrnjg4jjg6zjg4Pjg4HntKDmnZDjgafjgaTjgaPjgbHjgormhJ/jgpLou73muJvjgIHjgrnjg6Djg7zjgrrjgaflronlrprmhJ/jga7jgYLjgovli5XjgY3jgpLlj6/og73jgavjgZfjgb7jgZnjgII8YnI+44O755Kw5aKD6YWN5oWu5Z6L5ZWG5ZOB44Gu5paw44GX44GE6KqN5a6a5Z+65rqW44CM44Of44K644OO44Kw44Oq44O844Oz44Kw44Os44O844OJ44CN44OW44Ot44Oz44K644Oh44OA44Or44CCPGJyPjxicj48cD48IS0tbWtfdGFncy0tPjxQPjxJTUcgc3JjPSJodHRwOi8vd3d3LnJha3V0ZW4ubmUuanAvZ29sZC9lc3BvcnRzL2JuL2p5dWhhdHR5dXU1MjAtNjAuanBnIiB3aWR0aD0iNTIwIiBoZWlnaHQ9IjYwIiBib3JkZXI9IjAiPjwvUD48IS0tbWtfdGFnZS0tPjxicj48aW1nIHNyYz0iaHR0cDovL2ltYWdlLnJha3V0ZW4uY28uanAvZXNwb3J0cy9jYWJpbmV0L3NpemUvc3BvcnRzX3NpemUzNzUuZ2lmIiB3aWR0aD0iMzc1cHgiIGhlaWdodD0iOTBweCIgYWx0PSLjgrnjg53jg7zjg4TjgqbjgqfjgqLjgrXjgqTjgrrooagiIGJvcmRlcj0iMCI+PGJyPjxicj7il4/nrqHnkIZjb2Rl77yaNzk4Mzk1OTU8IS0tc3BlY190YWdzLS0+PHA+PHN0cm9uZz48Zm9udCBjb2xvcj0iIzAwMDBDRCIgc2l6ZT0iMyI+44CQ5ZWG5ZOB44K544Oa44OD44Kv44CRPC9mb250Pjwvc3Ryb25nPjxicj7il488c3Ryb25nPuOCteOCpOOCujwvc3Ryb25nPiA6IFPjgIFN44CBTOOAgVhMPGJyPuKXjzxzdHJvbmc+57Sg5p2QPC9zdHJvbmc+IDogPGJyPuOAgOacrOS9k++8muODneODquOCqOOCueODhuODqzEwMO+8hTxicj7jgIDjg5DjgqTjg7Pjg4Djg7zvvJrjg53jg6rjgqjjgrnjg4bjg6s5M++8heOAgeODneODquOCpuODrOOCv+ODszfvvIU8YnI+4pePPHN0cm9uZz7ljp/nlKPlm708L3N0cm9uZz4gOiDjgr/jgqToo708YnI+4pePPHN0cm9uZz7jg6zjg4fjgqPjg7zjgrnjgrXjgqTjgrrvvIhjbe+8iTwvc3Ryb25nPiA6IDxicj7jgIBYUy/ouqvplbcxNDfvvZ4xNTPjgIHjg5Djgrnjg4g3Ne+9njc544CB44Km44Ko44K544OINTbvvZ42MDxicj7jgIBTL+i6q+mVtzE1Mu+9njE1OOOAgeODkOOCueODiDc4772eODLjgIHjgqbjgqjjgrnjg4g1Oe+9njYzPGJyPuOAgE0v6Lqr6ZW3MTU3772eMTYz44CB44OQ44K544OIODHvvZ44NeOAgeOCpuOCqOOCueODiDYy772eNjY8YnI+44CATC/ouqvplbcxNjLvvZ4xNjjjgIHjg5Djgrnjg4g4NO+9njg444CB44Km44Ko44K544OINjXvvZ42OTxicj7jgIBYTC/ouqvplbcxNjfvvZ4xNzPjgIHjg5Djgrnjg4g4N++9njkx44CB44Km44Ko44K544OINjjvvZ43Mjxicj7jgIAyWEwv6Lqr6ZW3MTcy772eMTc444CB44OQ44K544OIOTDvvZ45NOOAgeOCpuOCqOOCueODiDcx772eNzU8YnI+44CAM1hML+i6q+mVtzE3N++9njE4M+OAgeODkOOCueODiDkz772eOTfjgIHjgqbjgqjjgrnjg4g3NO+9njc4PGJyPuKXjzxzdHJvbmc+6KaP5qC844K144Kk44K677yI5a6f5a+477yJ77yIY23vvIk8L3N0cm9uZz4gOiA8YnI+44CA552A5LiI77yaUy82MS4544CBTS82NeOAgUwvNjguMeOAgVhMLzcxLjI8YnI+44CA6IO45Zue44KK77yaUy85N+OAgU0vMTAw44CBTC8xMDPjgIFYTC8xMDY8YnI+44CA6IKp5bmF77yaUy8zNy4444CBTS8zOeOAgUwvNDAuMuOAgVhMLzQxLjQ8YnI+44CA6KKW5LiI77yaUy81OC4144CBTS82MOOAgUwvNjEuNeOAgVhMLzYzPGJyPjwhLS1zcGVjX3RhZ2UtLT48YnI+PGJyPjxicj48Zm9udCBzaXplPSItMSI+44Oh44O844Kr44O85biM5pyb5bCP5aOy5L6h5qC844Gv44Oh44O844Kr44O844Kr44K/44Ot44Kw44Gr5Z+644Gl44GE44Gm5o6y6LyJ44GX44Gm44GE44G+44GZPGJyPjwvZm9udD48aW1nIHNyYz0iaHR0cDovL2ltYWdlLnJha3V0ZW4uY28uanAvZXNwb3J0cy9jYWJpbmV0L2V2aWRlbmNlL2V2aWRlbmNlMi5qcGciIGJvcmRlcj0iMCIgYWx0PSLjgqjjg5Pjg4fjg7PjgrkiPjxsaW5rIHJlbD0ic3R5bGVzaGVldCIgdHlwZT0idGV4dC9jc3MiIGhyZWY9Imh0dHA6Ly93d3cucmFrdXRlbi5uZS5qcC9nb2xkL2VzcG9ydHMvc2hvcHBpbmdfcGFydHMuY3NzIj4KCjxkaXYgc3R5bGU9Im1hcmdpbi10b3A6LTI2cHg7Ij48L2Rpdj4KCjwhLS0g44K744O844OrIDxpbWcgc3JjPSJodHRwOi8vd3d3LnJha3V0ZW4ubmUuanAvZ29sZC9lc3BvcnRzL25ld3llYXItc2FsZS9uZXd5ZWFyLXNhbGUtNzgwLmpwZyIgYm9yZGVyPSIwIiBhbHQ9IuOCu+ODvOODqyIgd2lkdGg9Ijc3MHB4Ij48YnI+PGJyPiDjgrvjg7zjg6sgLS0+Cgo8IS0tIOOCueODvOODkeODvOOCu+ODvOODqyA8ZGl2IHN0eWxlPSJ3aWR0aCA6IDc1MHB4OyI+CjxkaXYgYWxpZ249ImNlbnRlciIgc3R5bGU9Im1hcmdpbi1ib3R0b20gOiAwcHg7Ym9yZGVyLXdpZHRoIDogMnB4O2JvcmRlci1zdHlsZSA6IHNvbGlkO2JvcmRlci1jb2xvciA6ICNiYzExMzE7Ij4KCjwvZGl2PjwvZGl2PjxkaXYgY2xhc3M9Im1hcmdpbjUiPjwvZGl2Pjxicj4g44K544O844OR44O844K744O844OrLS0+Cgo8IS0tIOOCueODvOODkeODvOOCu+ODvOODqzIg77yI44OQ44OK44O844Gu44G/77yJPGltZyBzcmM9Imh0dHA6Ly93d3cucmFrdXRlbi5uZS5qcC9nb2xkL2VzcG9ydHMvc3BzYWxlL3NhbGUtYm43ODAuanBnIiBib3JkZXI9IjAiIGFsdD0i44K744O844OrIiB3aWR0aD0iNzcwcHgiPjxicj48YnI+IOOCueODvOODkeODvCAtLT4KCjxkaXYgY2xhc3M9ImNvbnRlbnRzIj48IS0tIOWRiuefpSAKPGRpdiBzdHlsZT0id2lkdGg6NzM2cHg7IHBhZGRpbmc6MTVweDsgbWFyZ2luOjVweCAwIDE1cHg7IGJvcmRlcjpzb2xpZCAjRTYyRjJGIDJweDsiPgo8cCBzdHlsZT0iZm9udC13ZWlnaHQ6Ym9sZDsgZm9udC1zaXplOjE3cHg7IHRleHQtYWxpZ246Y2VudGVyOyI+44CQIDxzcGFuIHN0eWxlPSJib3JkZXItYm90dG9tOjJweCBkb3R0ZWQgIzk5OTsgZm9udC1zaXplOjE1cHg7Ij415pyIMjbml6Uo6YeRKeOBruWWtualreOBq+OBpOOBhOOBpjwvc3Bhbj4g44CRPC9wPgo8cCBzdHlsZT0iZm9udC1zaXplOjEzcHg7IG1hcmdpbi10b3A6MTVweDsiPuiqoOOBq+WLneaJi+OBquOBjOOCiTXmnIgyNuaXpSjph5Ep44Gv44CB56S+5YaF56CU5L+u44Gu44Gf44KB44CB5Za25qWt5pmC6ZaT44KS5Y2I5YmNMTLvvJowMOOBvuOBp+OBqOOBleOBm+OBpuOBhOOBn+OBoOOBjeOBvuOBmeOAguWwmuOAgeOAjOOBguOBmealveOAjeWvvuW/nOWTgeOBq+OBpOOBjeOBvuOBl+OBpuOBr+OAgemAmuW4uOmAmuOCijEy77yaMDDjgb7jgafjga7jgZTms6jmlofjgpLlvZPml6XnmbrpgIHjgZXjgZvjgabjgYTjgZ/jgaDjgY3jgb7jgZnjgII8L3A+CjxwIHN0eWxlPSJmb250LXNpemU6MTNweDsgbWFyZ2luLXRvcDoxNXB4OyI+44GK5a6i5qeY44Gr44Gv44GU5LiN5L6/44KS44GK5o6b44GR6Ie044GX44G+44GZ44GM44CB44GU55CG6Kej44Gu56iL44CB5a6c44GX44GP44GK6aGY44GE6Ie044GX44G+44GZ44CCPC9wPgo8L2Rpdj4gLS0+CgoKPCEtLSA8ZGl2IHN0eWxlPSJ3aWR0aDo3MzZweDsgcGFkZGluZzoxNXB4OyBtYXJnaW46NXB4IDAgMTVweDsgYm9yZGVyOnNvbGlkICNFNjJGMkYgMnB4OyI+CjxwIHN0eWxlPSJmb250LXdlaWdodDpib2xkOyBmb250LXNpemU6MTdweDsgdGV4dC1hbGlnbjpjZW50ZXI7IG1hcmdpbjowOyI+44CQIDxzcGFuIHN0eWxlPSJib3JkZXItYm90dG9tOjJweCBkb3R0ZWQgIzk5OTsgZm9udC1zaXplOjE1cHg7Ij7lpKnlgJnkuI3oia/jga7lvbHpn7/jgavjgojjgovphY3pgIHpgYXlu7bjgavjgaTjgYTjgaY8L3NwYW4+IOOAkTwvcD4KPHAgc3R5bGU9ImZvbnQtc2l6ZToxM3B4OyBtYXJnaW46MTVweCAwIDA7Ij7lj7Dpoqjjg7vosarpm6jnrYnjga7lpKnlgJnkuI3oia/jgavkvLTjgYTjgIHkuIDpg6jlnLDln5/jgafjgYrojbfnianjga7jgYrlsYrjgZHjgavpgYXjgozjgYznmbrnlJ/jgZnjgovmgZDjgozjgYzjgZTjgZbjgYTjgb7jgZnjgII8L3A+CjxwIHN0eWxlPSJmb250LXNpemU6MTNweDsgbWFyZ2luOjdweCAwIDA7Ij7jgb7jgZ/jgIHku4rlvozjga7lj7Dpoqjjga7pgLLot6/jgavjgojjgaPjgabjga/jgIHluoPnr4Tlm7Ljga7lnLDln5/jgafpgYXjgozjgYznlJ/jgZjjgovlj6/og73mgKfjgYzjgYLjgorjgb7jgZnjgILlnLDln5/jgoTjgr/jgqTjg5/jg7PjgrDjgavjgojjgaPjgabjgIHjgZTluIzmnJvjga7jgYrlsYrjgZHml6XmmYLjgavphY3pgZTjgafjgY3jgarjgYTloLTlkIjjgYzjgZTjgZbjgYTjgb7jgZnjgII8L3A+CjxwIHN0eWxlPSJmb250LXNpemU6MTNweDsgbWFyZ2luOjdweCAwIDA7Ij7jgYrlrqLmp5jjgavjga/lpKflpInjgZTov7fmg5HjgpLjgYrmjpvjgZHoh7TjgZfjgb7jgZnjgYzjgIHjgZTnkIbop6PjgYTjgZ/jgaDjgZHjgb7jgZnjgojjgYbjgYrpoZjjgYToh7TjgZfjgb7jgZnjgII8L3A+CjwvZGl2PiAtLT4KCgoKPCEtLSDkuIDpg6jlnLDln5/jgafjga7phY3pgZTpgYXlu7bjgavjgaTjgY3jgb7jgZfjgaYgLS0+CgoKPCEtLSDjgq/jg7zjg53jg7MgCjxpbWcgc3JjPSJodHRwOi8vd3d3LnJha3V0ZW4ubmUuanAvZ29sZC9lc3BvcnRzL2JuL2NvdXBvbi9jb3Vwb243NzAuZ2lmIiBhbHQ9IjIwMOWGhk9GRuOCr+ODvOODneODsyI+IC0tPgoKCgo8IS0tIDxpbWcgc3JjPSJodHRwOi8vd3d3LnJha3V0ZW4ubmUuanAvZ29sZC9lc3BvcnRzL2JuL2FkaWRhcy9hZGlkYXMtYm4zNTcuanBnIiBhbHQ9ImFkaWRhc+ODneOCpOODs+ODiDE15YCNIj4gLS0+CgoKPGJyPg==,44Of44K644OO77yITUlaVU5P77yJIOODrOODh+OCo+ODvOOCuSDjg6Djg7zjg7Tjgq/jg63jgrnjgrfjg6Pjg4QgMzJKQzYzMzEwMSDjgJDjg4jjg6zjg7zjg4vjg7PjgrDjgqbjgqfjgqIg44K544Od44O844OE44Km44Kn44KiIOmVt+iiliDjgrjjg6PjgrHjg4Pjg4jjgJHvvJrvvYXvvLPvvLDvvK/vvLLvvLTvvLPmpb3lpKnmlK/lupc=,44Ki44Km44OI44OJ44Ki44Kt44Oj44Oz44OX44OQ44O844OZ44Kt44Ol44O844OG44Oz44OI44K/44O844OX44OG44O844OW44Or44OB44Kn44Ki44K344Ol44Op44OV44Op44Oz44K/44Oz44Kv44O844Op44O844Oc44OD44Kv44K544Kz44O844Or44Oe44Oz44OO44O844K544OV44Kn44Kk44K544K544Od44O844OE44OV44Kj44OD44OI44ON44K544OA44Kk44Ko44OD44OI44OI44Os44O844OL44Oz44Kw44OX44Ot44OG44Kk44Oz44K144OX44Oq44Oh44Oz44OI44OA44Oz44OZ44Or44K144OD44Kr44O844Of44K644OO77yITUlaVU5P77yJIOODrOODh+OCo+ODvOOCuSDjg6Djg7zjg7Tjgq/jg63jgrnjgrfjg6Pjg4QgMzJKQzYzMzEwMSDjgJDjg4jjg6zjg7zjg4vjg7PjgrDjgqbjgqfjgqIg44K544Od44O844OE44Km44Kn44KiIOmVt+iiliDjgrjjg6PjgrHjg4Pjg4jjgJE=,44Of44K644OO77yITUlaVU5P77yJIOODrOODh+OCo+ODvOOCuSDjg6Djg7zjg7Tjgq/jg63jgrnjgrfjg6Pjg4QgMzJKQzYzMzEwMSDjgJDjg4jjg6zjg7zjg4vjg7PjgrDjgqbjgqfjgqIg44K544Od44O844OE44Km44Kn44KiIOmVt+iiliDjgrjjg6PjgrHjg4Pjg4jjgJE=[rn]
34-75267,aHR0cDovL3RzaG9wLnIxMHMuanAvZXNwb3J0cy9jYWJpbmV0Lzk5ODItMjUvOTk4MjQyMTQ5MTM0Mi5qcGc/Zml0aW49NzAwOjcwMA==,MTMxMi44MDAw,,44K544Od44O844OE44O744Ki44Km44OI44OJ44KiID4g44OV44Kj44OD44OI44ON44K544O744OI44Os44O844OL44Oz44KwID4g44Km44Kn44KiID4g44Os44OH44Kj44O844K544Km44Kn44KiID4g44OI44OD44OX44K5,44Of44K644OO77yITUlaVU5P77yJIFTjgrfjg6Pjg4ROROmVt+iiliAzMkpBNjEzMDE0IOOAkOOCueODneODvOODhOOCpuOCp+OCoiDjg4jjg6zjg7zjg4vjg7PjgrAg44OI44OD44OX44K5IOODoeODs+OCuiDjg6zjg4fjgqPjg7zjgrnjgJE=,,PCEtLWltZ190YWdzLS0+PHRhYmxlIGJvcmRlcj0iMCIgd2lkdGg9IjY1MCI+PFRSPjxURCBhbGlnbj0iY2VudGVyIj48QSBocmVmPSJodHRwOi8vd3d3LnJha3V0ZW4uY28uanAvZXNwb3J0cy9pbmZvMi5odG1sI2RlciI+PElNRyBzcmM9Imh0dHA6Ly93d3cucmFrdXRlbi5uZS5qcC9nb2xkL2VzcG9ydHMvc3VwcG9ydC9zaGlwcGluZzIuZ2lmIiBib3JkZXI9IjAiPjwvQT48QSBocmVmPSJodHRwOi8vd3d3LnJha3V0ZW4ubmUuanAvZ29sZC9lc3BvcnRzL3N1cHBvcnQvZGlzcGF0Y2guaHRtbCI+PElNRyBzcmM9Imh0dHA6Ly93d3cucmFrdXRlbi5uZS5qcC9nb2xkL2VzcG9ydHMvc3VwcG9ydC9kYXlzMy5naWYiIGJvcmRlcj0iMCI+PC9BPjxBIGhyZWY9Imh0dHA6Ly93d3cucmFrdXRlbi5uZS5qcC9nb2xkL2VzcG9ydHMvc3VwcG9ydC9kaXNwYXRjaC5odG1sIj48SU1HIHNyYz0iaHR0cDovL3d3dy5yYWt1dGVuLm5lLmpwL2dvbGQvZXNwb3J0cy9zdXBwb3J0L3BsYWNlMy5naWYiIGJvcmRlcj0iMCI+PC9BPjxBIGhyZWY9Imh0dHA6Ly93d3cucmFrdXRlbi5jby5qcC9lc3BvcnRzL2luZm8yLmh0bWwjYmFjayI+PElNRyBzcmM9Imh0dHA6Ly93d3cucmFrdXRlbi5uZS5qcC9nb2xkL2VzcG9ydHMvc3VwcG9ydC9yZXR1cm4yLmdpZiIgYm9yZGVyPSIwIj48L0E+PC90ZD48L3RyPjwvdGFibGU+PCEtLWltZ190YWdlLS0+PHA+PCEtLW1rX3RhZ3MtLT48UD48SU1HIHNyYz0iaHR0cDovL3d3dy5yYWt1dGVuLm5lLmpwL2dvbGQvZXNwb3J0cy9ibi9qeXVoYXR0eXV1NTIwLTYwLmpwZyIgd2lkdGg9IjUyMCIgaGVpZ2h0PSI2MCIgYm9yZGVyPSIwIj48L1A+PCEtLW1rX3RhZ2UtLT48YnI+PGltZyBzcmM9Imh0dHA6Ly9pbWFnZS5yYWt1dGVuLmNvLmpwL2VzcG9ydHMvY2FiaW5ldC9zaXplL3Nwb3J0c19zaXplMzc1LmdpZiIgd2lkdGg9IjM3NXB4IiBoZWlnaHQ9IjkwcHgiIGFsdD0i44K544Od44O844OE44Km44Kn44Ki44K144Kk44K66KGoIiBib3JkZXI9IjAiPjxicj48YnI+4peP566h55CGY29kZe+8mjc5ODM5NTk1PCEtLXNwZWNfdGFncy0tPjxwPjxzdHJvbmc+PGZvbnQgY29sb3I9IiMwMDAwQ0QiIHNpemU9IjMiPuOAkOWVhuWTgeOCueODmuODg+OCr+OAkTwvZm9udD48L3N0cm9uZz48YnI+4pePPHN0cm9uZz7jg6Hjg7PjgrrjgrXjgqTjgrrvvIhjbe+8iTwvc3Ryb25nPiA6IDxicj7jgIBYUy/ouqvplbcxNTfvvZ4xNjPjgIHjg5Djgrnjg4g4Me+9njg344CB44Km44Ko44K544OINjfvvZ43Mzxicj7jgIBTL+i6q+mVtzE2Mu+9njE2OOOAgeODkOOCueODiDg1772eOTHjgIHjgqbjgqjjgrnjg4g3Me+9njc3PGJyPuOAgE0v6Lqr6ZW3MTY3772eMTcz44CB44OQ44K544OIODnvvZ45NeOAgeOCpuOCqOOCueODiDc1772eODE8YnI+44CATC/ouqvplbcxNzLvvZ4xNzjjgIHjg5Djgrnjg4g5M++9njk544CB44Km44Ko44K544OINznvvZ44NTxicj7jgIBYTC/ouqvplbcxNzfvvZ4xODPjgIHjg5Djgrnjg4g5N++9njEwM+OAgeOCpuOCqOOCueODiDgz772eODk8YnI+44CAMlhML+i6q+mVtzE4Mu+9njE4OOOAgeODkOOCueODiDEwMe+9njEwN+OAgeOCpuOCqOOCueODiDg3772eOTM8YnI+44CAM1hML+i6q+mVtzE4N++9njE5M+OAgeODkOOCueODiDEwNe+9njExMeOAgeOCpuOCqOOCueODiDkx772eOTc8YnI+44CANFhML+i6q+mVtzE5Mu+9njE5OOOAgeODkOOCueODiDEwOe+9njExNeOAgeOCpuOCqOOCueODiDk1772eMTAxPGJyPuKXjzxzdHJvbmc+44K144Kk44K6PC9zdHJvbmc+IDogU+OAgU3jgIFM44CBWEzjgIEyWEw8YnI+4pePPHN0cm9uZz7ntKDmnZA8L3N0cm9uZz4gOiDjg53jg6rjgqjjgrnjg4bjg6sxMDDvvIU8YnI+4pePPHN0cm9uZz7ljp/nlKPlm708L3N0cm9uZz4gOiDjgr/jgqToo708YnI+PCEtLXNwZWNfdGFnZS0tPjxicj48YnI+PGJyPjxmb250IHNpemU9Ii0xIj7jg6Hjg7zjgqvjg7zluIzmnJvlsI/lo7LkvqHmoLzjga/jg6Hjg7zjgqvjg7zjgqvjgr/jg63jgrDjgavln7rjgaXjgYTjgabmjrLovInjgZfjgabjgYTjgb7jgZk8YnI+PC9mb250PjxpbWcgc3JjPSJodHRwOi8vaW1hZ2UucmFrdXRlbi5jby5qcC9lc3BvcnRzL2NhYmluZXQvZXZpZGVuY2UvZXZpZGVuY2UyLmpwZyIgYm9yZGVyPSIwIiBhbHQ9IuOCqOODk+ODh+ODs+OCuSI+PGxpbmsgcmVsPSJzdHlsZXNoZWV0IiB0eXBlPSJ0ZXh0L2NzcyIgaHJlZj0iaHR0cDovL3d3dy5yYWt1dGVuLm5lLmpwL2dvbGQvZXNwb3J0cy9zaG9wcGluZ19wYXJ0cy5jc3MiPgoKPGRpdiBzdHlsZT0ibWFyZ2luLXRvcDotMjZweDsiPjwvZGl2PgoKPCEtLSDjgrvjg7zjg6sgPGltZyBzcmM9Imh0dHA6Ly93d3cucmFrdXRlbi5uZS5qcC9nb2xkL2VzcG9ydHMvbmV3eWVhci1zYWxlL25ld3llYXItc2FsZS03ODAuanBnIiBib3JkZXI9IjAiIGFsdD0i44K744O844OrIiB3aWR0aD0iNzcwcHgiPjxicj48YnI+IOOCu+ODvOODqyAtLT4KCjwhLS0g44K544O844OR44O844K744O844OrIDxkaXYgc3R5bGU9IndpZHRoIDogNzUwcHg7Ij4KPGRpdiBhbGlnbj0iY2VudGVyIiBzdHlsZT0ibWFyZ2luLWJvdHRvbSA6IDBweDtib3JkZXItd2lkdGggOiAycHg7Ym9yZGVyLXN0eWxlIDogc29saWQ7Ym9yZGVyLWNvbG9yIDogI2JjMTEzMTsiPgoKPC9kaXY+PC9kaXY+PGRpdiBjbGFzcz0ibWFyZ2luNSI+PC9kaXY+PGJyPiDjgrnjg7zjg5Hjg7zjgrvjg7zjg6stLT4KCjwhLS0g44K544O844OR44O844K744O844OrMiDvvIjjg5Djg4rjg7zjga7jgb/vvIk8aW1nIHNyYz0iaHR0cDovL3d3dy5yYWt1dGVuLm5lLmpwL2dvbGQvZXNwb3J0cy9zcHNhbGUvc2FsZS1ibjc4MC5qcGciIGJvcmRlcj0iMCIgYWx0PSLjgrvjg7zjg6siIHdpZHRoPSI3NzBweCI+PGJyPjxicj4g44K544O844OR44O8IC0tPgoKPGRpdiBjbGFzcz0iY29udGVudHMiPjwhLS0g5ZGK55+lIAo8ZGl2IHN0eWxlPSJ3aWR0aDo3MzZweDsgcGFkZGluZzoxNXB4OyBtYXJnaW46NXB4IDAgMTVweDsgYm9yZGVyOnNvbGlkICNFNjJGMkYgMnB4OyI+CjxwIHN0eWxlPSJmb250LXdlaWdodDpib2xkOyBmb250LXNpemU6MTdweDsgdGV4dC1hbGlnbjpjZW50ZXI7Ij7jgJAgPHNwYW4gc3R5bGU9ImJvcmRlci1ib3R0b206MnB4IGRvdHRlZCAjOTk5OyBmb250LXNpemU6MTVweDsiPjXmnIgyNuaXpSjph5Ep44Gu5Za25qWt44Gr44Gk44GE44GmPC9zcGFuPiDjgJE8L3A+CjxwIHN0eWxlPSJmb250LXNpemU6MTNweDsgbWFyZ2luLXRvcDoxNXB4OyI+6Kqg44Gr5Yud5omL44Gq44GM44KJNeaciDI25pelKOmHkSnjga/jgIHnpL7lhoXnoJTkv67jga7jgZ/jgoHjgIHllrbmpa3mmYLplpPjgpLljYjliY0xMu+8mjAw44G+44Gn44Go44GV44Gb44Gm44GE44Gf44Gg44GN44G+44GZ44CC5bCa44CB44CM44GC44GZ5qW944CN5a++5b+c5ZOB44Gr44Gk44GN44G+44GX44Gm44Gv44CB6YCa5bi46YCa44KKMTLvvJowMOOBvuOBp+OBruOBlOazqOaWh+OCkuW9k+aXpeeZuumAgeOBleOBm+OBpuOBhOOBn+OBoOOBjeOBvuOBmeOAgjwvcD4KPHAgc3R5bGU9ImZvbnQtc2l6ZToxM3B4OyBtYXJnaW4tdG9wOjE1cHg7Ij7jgYrlrqLmp5jjgavjga/jgZTkuI3kvr/jgpLjgYrmjpvjgZHoh7TjgZfjgb7jgZnjgYzjgIHjgZTnkIbop6Pjga7nqIvjgIHlrpzjgZfjgY/jgYrpoZjjgYToh7TjgZfjgb7jgZnjgII8L3A+CjwvZGl2PiAtLT4KCgo8IS0tIDxkaXYgc3R5bGU9IndpZHRoOjczNnB4OyBwYWRkaW5nOjE1cHg7IG1hcmdpbjo1cHggMCAxNXB4OyBib3JkZXI6c29saWQgI0U2MkYyRiAycHg7Ij4KPHAgc3R5bGU9ImZvbnQtd2VpZ2h0OmJvbGQ7IGZvbnQtc2l6ZToxN3B4OyB0ZXh0LWFsaWduOmNlbnRlcjsgbWFyZ2luOjA7Ij7jgJAgPHNwYW4gc3R5bGU9ImJvcmRlci1ib3R0b206MnB4IGRvdHRlZCAjOTk5OyBmb250LXNpemU6MTVweDsiPuWkqeWAmeS4jeiJr+OBruW9semfv+OBq+OCiOOCi+mFjemAgemBheW7tuOBq+OBpOOBhOOBpjwvc3Bhbj4g44CRPC9wPgo8cCBzdHlsZT0iZm9udC1zaXplOjEzcHg7IG1hcmdpbjoxNXB4IDAgMDsiPuWPsOmiqOODu+ixqumbqOetieOBruWkqeWAmeS4jeiJr+OBq+S8tOOBhOOAgeS4gOmDqOWcsOWfn+OBp+OBiuiNt+eJqeOBruOBiuWxiuOBkeOBq+mBheOCjOOBjOeZuueUn+OBmeOCi+aBkOOCjOOBjOOBlOOBluOBhOOBvuOBmeOAgjwvcD4KPHAgc3R5bGU9ImZvbnQtc2l6ZToxM3B4OyBtYXJnaW46N3B4IDAgMDsiPuOBvuOBn+OAgeS7iuW+jOOBruWPsOmiqOOBrumAsui3r+OBq+OCiOOBo+OBpuOBr+OAgeW6g+evhOWbsuOBruWcsOWfn+OBp+mBheOCjOOBjOeUn+OBmOOCi+WPr+iDveaAp+OBjOOBguOCiuOBvuOBmeOAguWcsOWfn+OChOOCv+OCpOODn+ODs+OCsOOBq+OCiOOBo+OBpuOAgeOBlOW4jOacm+OBruOBiuWxiuOBkeaXpeaZguOBq+mFjemBlOOBp+OBjeOBquOBhOWgtOWQiOOBjOOBlOOBluOBhOOBvuOBmeOAgjwvcD4KPHAgc3R5bGU9ImZvbnQtc2l6ZToxM3B4OyBtYXJnaW46N3B4IDAgMDsiPuOBiuWuouanmOOBq+OBr+Wkp+WkieOBlOi/t+aDkeOCkuOBiuaOm+OBkeiHtOOBl+OBvuOBmeOBjOOAgeOBlOeQhuino+OBhOOBn+OBoOOBkeOBvuOBmeOCiOOBhuOBiumhmOOBhOiHtOOBl+OBvuOBmeOAgjwvcD4KPC9kaXY+IC0tPgoKCgo8IS0tIOS4gOmDqOWcsOWfn+OBp+OBrumFjemBlOmBheW7tuOBq+OBpOOBjeOBvuOBl+OBpiAtLT4KCgo8IS0tIOOCr+ODvOODneODsyAKPGltZyBzcmM9Imh0dHA6Ly93d3cucmFrdXRlbi5uZS5qcC9nb2xkL2VzcG9ydHMvYm4vY291cG9uL2NvdXBvbjc3MC5naWYiIGFsdD0iMjAw5YaGT0ZG44Kv44O844Od44OzIj4gLS0+CgoKCjwhLS0gPGltZyBzcmM9Imh0dHA6Ly93d3cucmFrdXRlbi5uZS5qcC9nb2xkL2VzcG9ydHMvYm4vYWRpZGFzL2FkaWRhcy1ibjM1Ny5qcGciIGFsdD0iYWRpZGFz44Od44Kk44Oz44OIMTXlgI0iPiAtLT4KCgo8YnI+,44Of44K644OO77yITUlaVU5P77yJIFTjgrfjg6Pjg4ROROmVt+iiliAzMkpBNjEzMDE0IOOAkOOCueODneODvOODhOOCpuOCp+OCoiDjg4jjg6zjg7zjg4vjg7PjgrAg44OI44OD44OX44K5IOODoeODs+OCuiDjg6zjg4fjgqPjg7zjgrnjgJHvvJrvvYXvvLPvvLDvvK/vvLLvvLTvvLPmpb3lpKnmlK/lupc=,44Ki44Km44OI44OJ44Ki44Kt44Oj44Oz44OX44OQ44O844OZ44Kt44Ol44O844OG44Oz44OI44K/44O844OX44OG44O844OW44Or44OB44Kn44Ki44K344Ol44Op44OV44Op44Oz44K/44Oz44Kv44O844Op44O844Oc44OD44Kv44K544Kz44O844Or44Oe44Oz44OO44O844K544OV44Kn44Kk44K544K544Od44O844OE44OV44Kj44OD44OI44ON44K544OA44Kk44Ko44OD44OI44OI44Os44O844OL44Oz44Kw44OX44Ot44OG44Kk44Oz44K144OX44Oq44Oh44Oz44OI44OA44Oz44OZ44Or44K144OD44Kr44O844Of44K644OO77yITUlaVU5P77yJIFTjgrfjg6Pjg4ROROmVt+iiliAzMkpBNjEzMDE0IOOAkOOCueODneODvOODhOOCpuOCp+OCoiDjg4jjg6zjg7zjg4vjg7PjgrAg44OI44OD44OX44K5IOODoeODs+OCuiDjg6zjg4fjgqPjg7zjgrnjgJE=,44Of44K644OO77yITUlaVU5P77yJIFTjgrfjg6Pjg4ROROmVt+iiliAzMkpBNjEzMDE0IOOAkOOCueODneODvOODhOOCpuOCp+OCoiDjg4jjg6zjg7zjg4vjg7PjgrAg44OI44OD44OX44K5IOODoeODs+OCuiDjg6zjg4fjgqPjg7zjgrnjgJE=[rn]
34-75268,aHR0cDovL3RzaG9wLnIxMHMuanAvZXNwb3J0cy9jYWJpbmV0Lzk5ODItMjUvOTk4MjQyMTQ5MTM0My5qcGc/Zml0aW49NzAwOjcwMA==,MTMxMi44MDAw,,44K544Od44O844OE44O744Ki44Km44OI44OJ44KiID4g44OV44Kj44OD44OI44ON44K544O744OI44Os44O844OL44Oz44KwID4g44Km44Kn44KiID4g44Os44OH44Kj44O844K544Km44Kn44KiID4g44OI44OD44OX44K5,44Of44K644OO77yITUlaVU5P77yJIFTjgrfjg6Pjg4ROROmVt+iiliAzMkpBNjEzMDc0IOOAkOOCueODneODvOODhOOCpuOCp+OCoiDjg4jjg6zjg7zjg4vjg7PjgrAg44OI44OD44OX44K5IOODoeODs+OCuiDjg6zjg4fjgqPjg7zjgrnjgJE=,,PCEtLWltZ190YWdzLS0+PHRhYmxlIGJvcmRlcj0iMCIgd2lkdGg9IjY1MCI+PFRSPjxURCBhbGlnbj0iY2VudGVyIj48QSBocmVmPSJodHRwOi8vd3d3LnJha3V0ZW4uY28uanAvZXNwb3J0cy9pbmZvMi5odG1sI2RlciI+PElNRyBzcmM9Imh0dHA6Ly93d3cucmFrdXRlbi5uZS5qcC9nb2xkL2VzcG9ydHMvc3VwcG9ydC9zaGlwcGluZzIuZ2lmIiBib3JkZXI9IjAiPjwvQT48QSBocmVmPSJodHRwOi8vd3d3LnJha3V0ZW4ubmUuanAvZ29sZC9lc3BvcnRzL3N1cHBvcnQvZGlzcGF0Y2guaHRtbCI+PElNRyBzcmM9Imh0dHA6Ly93d3cucmFrdXRlbi5uZS5qcC9nb2xkL2VzcG9ydHMvc3VwcG9ydC9kYXlzMy5naWYiIGJvcmRlcj0iMCI+PC9BPjxBIGhyZWY9Imh0dHA6Ly93d3cucmFrdXRlbi5uZS5qcC9nb2xkL2VzcG9ydHMvc3VwcG9ydC9kaXNwYXRjaC5odG1sIj48SU1HIHNyYz0iaHR0cDovL3d3dy5yYWt1dGVuLm5lLmpwL2dvbGQvZXNwb3J0cy9zdXBwb3J0L3BsYWNlMy5naWYiIGJvcmRlcj0iMCI+PC9BPjxBIGhyZWY9Imh0dHA6Ly93d3cucmFrdXRlbi5jby5qcC9lc3BvcnRzL2luZm8yLmh0bWwjYmFjayI+PElNRyBzcmM9Imh0dHA6Ly93d3cucmFrdXRlbi5uZS5qcC9nb2xkL2VzcG9ydHMvc3VwcG9ydC9yZXR1cm4yLmdpZiIgYm9yZGVyPSIwIj48L0E+PC90ZD48L3RyPjwvdGFibGU+PCEtLWltZ190YWdlLS0+PHA+PCEtLW1rX3RhZ3MtLT48UD48SU1HIHNyYz0iaHR0cDovL3d3dy5yYWt1dGVuLm5lLmpwL2dvbGQvZXNwb3J0cy9ibi9qeXVoYXR0eXV1NTIwLTYwLmpwZyIgd2lkdGg9IjUyMCIgaGVpZ2h0PSI2MCIgYm9yZGVyPSIwIj48L1A+PCEtLW1rX3RhZ2UtLT48YnI+PGltZyBzcmM9Imh0dHA6Ly9pbWFnZS5yYWt1dGVuLmNvLmpwL2VzcG9ydHMvY2FiaW5ldC9zaXplL3Nwb3J0c19zaXplMzc1LmdpZiIgd2lkdGg9IjM3NXB4IiBoZWlnaHQ9IjkwcHgiIGFsdD0i44K544Od44O844OE44Km44Kn44Ki44K144Kk44K66KGoIiBib3JkZXI9IjAiPjxicj48YnI+4peP566h55CGY29kZe+8mjc5ODM5NTk1PCEtLXNwZWNfdGFncy0tPjxwPjxzdHJvbmc+PGZvbnQgY29sb3I9IiMwMDAwQ0QiIHNpemU9IjMiPuOAkOWVhuWTgeOCueODmuODg+OCr+OAkTwvZm9udD48L3N0cm9uZz48YnI+4pePPHN0cm9uZz7jg6Hjg7PjgrrjgrXjgqTjgrrvvIhjbe+8iTwvc3Ryb25nPiA6IDxicj7jgIBYUy/ouqvplbcxNTfvvZ4xNjPjgIHjg5Djgrnjg4g4Me+9njg344CB44Km44Ko44K544OINjfvvZ43Mzxicj7jgIBTL+i6q+mVtzE2Mu+9njE2OOOAgeODkOOCueODiDg1772eOTHjgIHjgqbjgqjjgrnjg4g3Me+9njc3PGJyPuOAgE0v6Lqr6ZW3MTY3772eMTcz44CB44OQ44K544OIODnvvZ45NeOAgeOCpuOCqOOCueODiDc1772eODE8YnI+44CATC/ouqvplbcxNzLvvZ4xNzjjgIHjg5Djgrnjg4g5M++9njk544CB44Km44Ko44K544OINznvvZ44NTxicj7jgIBYTC/ouqvplbcxNzfvvZ4xODPjgIHjg5Djgrnjg4g5N++9njEwM+OAgeOCpuOCqOOCueODiDgz772eODk8YnI+44CAMlhML+i6q+mVtzE4Mu+9njE4OOOAgeODkOOCueODiDEwMe+9njEwN+OAgeOCpuOCqOOCueODiDg3772eOTM8YnI+44CAM1hML+i6q+mVtzE4N++9njE5M+OAgeODkOOCueODiDEwNe+9njExMeOAgeOCpuOCqOOCueODiDkx772eOTc8YnI+44CANFhML+i6q+mVtzE5Mu+9njE5OOOAgeODkOOCueODiDEwOe+9njExNeOAgeOCpuOCqOOCueODiDk1772eMTAxPGJyPuKXjzxzdHJvbmc+44K144Kk44K6PC9zdHJvbmc+IDogU+OAgU3jgIFM44CBWEzjgIEyWEw8YnI+4pePPHN0cm9uZz7ntKDmnZA8L3N0cm9uZz4gOiDjg53jg6rjgqjjgrnjg4bjg6sxMDDvvIU8YnI+4pePPHN0cm9uZz7ljp/nlKPlm708L3N0cm9uZz4gOiDjgr/jgqToo708YnI+PCEtLXNwZWNfdGFnZS0tPjxicj48YnI+PGJyPjxmb250IHNpemU9Ii0xIj7jg6Hjg7zjgqvjg7zluIzmnJvlsI/lo7LkvqHmoLzjga/jg6Hjg7zjgqvjg7zjgqvjgr/jg63jgrDjgavln7rjgaXjgYTjgabmjrLovInjgZfjgabjgYTjgb7jgZk8YnI+PC9mb250PjxpbWcgc3JjPSJodHRwOi8vaW1hZ2UucmFrdXRlbi5jby5qcC9lc3BvcnRzL2NhYmluZXQvZXZpZGVuY2UvZXZpZGVuY2UyLmpwZyIgYm9yZGVyPSIwIiBhbHQ9IuOCqOODk+ODh+ODs+OCuSI+PGxpbmsgcmVsPSJzdHlsZXNoZWV0IiB0eXBlPSJ0ZXh0L2NzcyIgaHJlZj0iaHR0cDovL3d3dy5yYWt1dGVuLm5lLmpwL2dvbGQvZXNwb3J0cy9zaG9wcGluZ19wYXJ0cy5jc3MiPgoKPGRpdiBzdHlsZT0ibWFyZ2luLXRvcDotMjZweDsiPjwvZGl2PgoKPCEtLSDjgrvjg7zjg6sgPGltZyBzcmM9Imh0dHA6Ly93d3cucmFrdXRlbi5uZS5qcC9nb2xkL2VzcG9ydHMvbmV3eWVhci1zYWxlL25ld3llYXItc2FsZS03ODAuanBnIiBib3JkZXI9IjAiIGFsdD0i44K744O844OrIiB3aWR0aD0iNzcwcHgiPjxicj48YnI+IOOCu+ODvOODqyAtLT4KCjwhLS0g44K544O844OR44O844K744O844OrIDxkaXYgc3R5bGU9IndpZHRoIDogNzUwcHg7Ij4KPGRpdiBhbGlnbj0iY2VudGVyIiBzdHlsZT0ibWFyZ2luLWJvdHRvbSA6IDBweDtib3JkZXItd2lkdGggOiAycHg7Ym9yZGVyLXN0eWxlIDogc29saWQ7Ym9yZGVyLWNvbG9yIDogI2JjMTEzMTsiPgoKPC9kaXY+PC9kaXY+PGRpdiBjbGFzcz0ibWFyZ2luNSI+PC9kaXY+PGJyPiDjgrnjg7zjg5Hjg7zjgrvjg7zjg6stLT4KCjwhLS0g44K544O844OR44O844K744O844OrMiDvvIjjg5Djg4rjg7zjga7jgb/vvIk8aW1nIHNyYz0iaHR0cDovL3d3dy5yYWt1dGVuLm5lLmpwL2dvbGQvZXNwb3J0cy9zcHNhbGUvc2FsZS1ibjc4MC5qcGciIGJvcmRlcj0iMCIgYWx0PSLjgrvjg7zjg6siIHdpZHRoPSI3NzBweCI+PGJyPjxicj4g44K544O844OR44O8IC0tPgoKPGRpdiBjbGFzcz0iY29udGVudHMiPjwhLS0g5ZGK55+lIAo8ZGl2IHN0eWxlPSJ3aWR0aDo3MzZweDsgcGFkZGluZzoxNXB4OyBtYXJnaW46NXB4IDAgMTVweDsgYm9yZGVyOnNvbGlkICNFNjJGMkYgMnB4OyI+CjxwIHN0eWxlPSJmb250LXdlaWdodDpib2xkOyBmb250LXNpemU6MTdweDsgdGV4dC1hbGlnbjpjZW50ZXI7Ij7jgJAgPHNwYW4gc3R5bGU9ImJvcmRlci1ib3R0b206MnB4IGRvdHRlZCAjOTk5OyBmb250LXNpemU6MTVweDsiPjXmnIgyNuaXpSjph5Ep44Gu5Za25qWt44Gr44Gk44GE44GmPC9zcGFuPiDjgJE8L3A+CjxwIHN0eWxlPSJmb250LXNpemU6MTNweDsgbWFyZ2luLXRvcDoxNXB4OyI+6Kqg44Gr5Yud5omL44Gq44GM44KJNeaciDI25pelKOmHkSnjga/jgIHnpL7lhoXnoJTkv67jga7jgZ/jgoHjgIHllrbmpa3mmYLplpPjgpLljYjliY0xMu+8mjAw44G+44Gn44Go44GV44Gb44Gm44GE44Gf44Gg44GN44G+44GZ44CC5bCa44CB44CM44GC44GZ5qW944CN5a++5b+c5ZOB44Gr44Gk44GN44G+44GX44Gm44Gv44CB6YCa5bi46YCa44KKMTLvvJowMOOBvuOBp+OBruOBlOazqOaWh+OCkuW9k+aXpeeZuumAgeOBleOBm+OBpuOBhOOBn+OBoOOBjeOBvuOBmeOAgjwvcD4KPHAgc3R5bGU9ImZvbnQtc2l6ZToxM3B4OyBtYXJnaW4tdG9wOjE1cHg7Ij7jgYrlrqLmp5jjgavjga/jgZTkuI3kvr/jgpLjgYrmjpvjgZHoh7TjgZfjgb7jgZnjgYzjgIHjgZTnkIbop6Pjga7nqIvjgIHlrpzjgZfjgY/jgYrpoZjjgYToh7TjgZfjgb7jgZnjgII8L3A+CjwvZGl2PiAtLT4KCgo8IS0tIDxkaXYgc3R5bGU9IndpZHRoOjczNnB4OyBwYWRkaW5nOjE1cHg7IG1hcmdpbjo1cHggMCAxNXB4OyBib3JkZXI6c29saWQgI0U2MkYyRiAycHg7Ij4KPHAgc3R5bGU9ImZvbnQtd2VpZ2h0OmJvbGQ7IGZvbnQtc2l6ZToxN3B4OyB0ZXh0LWFsaWduOmNlbnRlcjsgbWFyZ2luOjA7Ij7jgJAgPHNwYW4gc3R5bGU9ImJvcmRlci1ib3R0b206MnB4IGRvdHRlZCAjOTk5OyBmb250LXNpemU6MTVweDsiPuWkqeWAmeS4jeiJr+OBruW9semfv+OBq+OCiOOCi+mFjemAgemBheW7tuOBq+OBpOOBhOOBpjwvc3Bhbj4g44CRPC9wPgo8cCBzdHlsZT0iZm9udC1zaXplOjEzcHg7IG1hcmdpbjoxNXB4IDAgMDsiPuWPsOmiqOODu+ixqumbqOetieOBruWkqeWAmeS4jeiJr+OBq+S8tOOBhOOAgeS4gOmDqOWcsOWfn+OBp+OBiuiNt+eJqeOBruOBiuWxiuOBkeOBq+mBheOCjOOBjOeZuueUn+OBmeOCi+aBkOOCjOOBjOOBlOOBluOBhOOBvuOBmeOAgjwvcD4KPHAgc3R5bGU9ImZvbnQtc2l6ZToxM3B4OyBtYXJnaW46N3B4IDAgMDsiPuOBvuOBn+OAgeS7iuW+jOOBruWPsOmiqOOBrumAsui3r+OBq+OCiOOBo+OBpuOBr+OAgeW6g+evhOWbsuOBruWcsOWfn+OBp+mBheOCjOOBjOeUn+OBmOOCi+WPr+iDveaAp+OBjOOBguOCiuOBvuOBmeOAguWcsOWfn+OChOOCv+OCpOODn+ODs+OCsOOBq+OCiOOBo+OBpuOAgeOBlOW4jOacm+OBruOBiuWxiuOBkeaXpeaZguOBq+mFjemBlOOBp+OBjeOBquOBhOWgtOWQiOOBjOOBlOOBluOBhOOBvuOBmeOAgjwvcD4KPHAgc3R5bGU9ImZvbnQtc2l6ZToxM3B4OyBtYXJnaW46N3B4IDAgMDsiPuOBiuWuouanmOOBq+OBr+Wkp+WkieOBlOi/t+aDkeOCkuOBiuaOm+OBkeiHtOOBl+OBvuOBmeOBjOOAgeOBlOeQhuino+OBhOOBn+OBoOOBkeOBvuOBmeOCiOOBhuOBiumhmOOBhOiHtOOBl+OBvuOBmeOAgjwvcD4KPC9kaXY+IC0tPgoKCgo8IS0tIOS4gOmDqOWcsOWfn+OBp+OBrumFjemBlOmBheW7tuOBq+OBpOOBjeOBvuOBl+OBpiAtLT4KCgo8IS0tIOOCr+ODvOODneODsyAKPGltZyBzcmM9Imh0dHA6Ly93d3cucmFrdXRlbi5uZS5qcC9nb2xkL2VzcG9ydHMvYm4vY291cG9uL2NvdXBvbjc3MC5naWYiIGFsdD0iMjAw5YaGT0ZG44Kv44O844Od44OzIj4gLS0+CgoKCjwhLS0gPGltZyBzcmM9Imh0dHA6Ly93d3cucmFrdXRlbi5uZS5qcC9nb2xkL2VzcG9ydHMvYm4vYWRpZGFzL2FkaWRhcy1ibjM1Ny5qcGciIGFsdD0iYWRpZGFz44Od44Kk44Oz44OIMTXlgI0iPiAtLT4KCgo8YnI+,44Of44K644OO77yITUlaVU5P77yJIFTjgrfjg6Pjg4ROROmVt+iiliAzMkpBNjEzMDc0IOOAkOOCueODneODvOODhOOCpuOCp+OCoiDjg4jjg6zjg7zjg4vjg7PjgrAg44OI44OD44OX44K5IOODoeODs+OCuiDjg6zjg4fjgqPjg7zjgrnjgJHvvJrvvYXvvLPvvLDvvK/vvLLvvLTvvLPmpb3lpKnmlK/lupc=,44Ki44Km44OI44OJ44Ki44Kt44Oj44Oz44OX44OQ44O844OZ44Kt44Ol44O844OG44Oz44OI44K/44O844OX44OG44O844OW44Or44OB44Kn44Ki44K344Ol44Op44OV44Op44Oz44K/44Oz44Kv44O844Op44O844Oc44OD44Kv44K544Kz44O844Or44Oe44Oz44OO44O844K544OV44Kn44Kk44K544K544Od44O844OE44OV44Kj44OD44OI44ON44K544OA44Kk44Ko44OD44OI44OI44Os44O844OL44Oz44Kw44OX44Ot44OG44Kk44Oz44K144OX44Oq44Oh44Oz44OI44OA44Oz44OZ44Or44K144OD44Kr44O844Of44K644OO77yITUlaVU5P77yJIFTjgrfjg6Pjg4ROROmVt+iiliAzMkpBNjEzMDc0IOOAkOOCueODneODvOODhOOCpuOCp+OCoiDjg4jjg6zjg7zjg4vjg7PjgrAg44OI44OD44OX44K5IOODoeODs+OCuiDjg6zjg4fjgqPjg7zjgrnjgJE=,44Of44K644OO77yITUlaVU5P77yJIFTjgrfjg6Pjg4ROROmVt+iiliAzMkpBNjEzMDc0IOOAkOOCueODneODvOODhOOCpuOCp+OCoiDjg4jjg6zjg7zjg4vjg7PjgrAg44OI44OD44OX44K5IOODoeODs+OCuiDjg6zjg4fjgqPjg7zjgrnjgJE=[rn]
34-75269,aHR0cDovL3RzaG9wLnIxMHMuanAvZXNwb3J0cy9jYWJpbmV0Lzk5ODItMjUvOTk4MjQyMTQ5MTM0MS5qcGc/Zml0aW49NzAwOjcwMA==,MTMxMi44MDAw,,44K544Od44O844OE44O744Ki44Km44OI44OJ44KiID4g44OV44Kj44OD44OI44ON44K544O744OI44Os44O844OL44Oz44KwID4g44Km44Kn44KiID4g44Os44OH44Kj44O844K544Km44Kn44KiID4g44OI44OD44OX44K5,44Of44K644OO77yITUlaVU5P77yJIFTjgrfjg6Pjg4ROROmVt+iiliAzMkpBNjEzMDA5IOOAkOOCueODneODvOODhOOCpuOCp+OCoiDjg4jjg6zjg7zjg4vjg7PjgrAg44OI44OD44OX44K5IOODoeODs+OCuiDjg6zjg4fjgqPjg7zjgrnjgJE=,,PCEtLWltZ190YWdzLS0+PHRhYmxlIGJvcmRlcj0iMCIgd2lkdGg9IjY1MCI+PFRSPjxURCBhbGlnbj0iY2VudGVyIj48QSBocmVmPSJodHRwOi8vd3d3LnJha3V0ZW4uY28uanAvZXNwb3J0cy9pbmZvMi5odG1sI2RlciI+PElNRyBzcmM9Imh0dHA6Ly93d3cucmFrdXRlbi5uZS5qcC9nb2xkL2VzcG9ydHMvc3VwcG9ydC9zaGlwcGluZzIuZ2lmIiBib3JkZXI9IjAiPjwvQT48QSBocmVmPSJodHRwOi8vd3d3LnJha3V0ZW4ubmUuanAvZ29sZC9lc3BvcnRzL3N1cHBvcnQvZGlzcGF0Y2guaHRtbCI+PElNRyBzcmM9Imh0dHA6Ly93d3cucmFrdXRlbi5uZS5qcC9nb2xkL2VzcG9ydHMvc3VwcG9ydC9kYXlzMy5naWYiIGJvcmRlcj0iMCI+PC9BPjxBIGhyZWY9Imh0dHA6Ly93d3cucmFrdXRlbi5uZS5qcC9nb2xkL2VzcG9ydHMvc3VwcG9ydC9kaXNwYXRjaC5odG1sIj48SU1HIHNyYz0iaHR0cDovL3d3dy5yYWt1dGVuLm5lLmpwL2dvbGQvZXNwb3J0cy9zdXBwb3J0L3BsYWNlMy5naWYiIGJvcmRlcj0iMCI+PC9BPjxBIGhyZWY9Imh0dHA6Ly93d3cucmFrdXRlbi5jby5qcC9lc3BvcnRzL2luZm8yLmh0bWwjYmFjayI+PElNRyBzcmM9Imh0dHA6Ly93d3cucmFrdXRlbi5uZS5qcC9nb2xkL2VzcG9ydHMvc3VwcG9ydC9yZXR1cm4yLmdpZiIgYm9yZGVyPSIwIj48L0E+PC90ZD48L3RyPjwvdGFibGU+PCEtLWltZ190YWdlLS0+PHA+PCEtLW1rX3RhZ3MtLT48UD48SU1HIHNyYz0iaHR0cDovL3d3dy5yYWt1dGVuLm5lLmpwL2dvbGQvZXNwb3J0cy9ibi9qeXVoYXR0eXV1NTIwLTYwLmpwZyIgd2lkdGg9IjUyMCIgaGVpZ2h0PSI2MCIgYm9yZGVyPSIwIj48L1A+PCEtLW1rX3RhZ2UtLT48YnI+PGltZyBzcmM9Imh0dHA6Ly9pbWFnZS5yYWt1dGVuLmNvLmpwL2VzcG9ydHMvY2FiaW5ldC9zaXplL3Nwb3J0c19zaXplMzc1LmdpZiIgd2lkdGg9IjM3NXB4IiBoZWlnaHQ9IjkwcHgiIGFsdD0i44K544Od44O844OE44Km44Kn44Ki44K144Kk44K66KGoIiBib3JkZXI9IjAiPjxicj48YnI+4peP566h55CGY29kZe+8mjc5ODM5NTk1PCEtLXNwZWNfdGFncy0tPjxwPjxzdHJvbmc+PGZvbnQgY29sb3I9IiMwMDAwQ0QiIHNpemU9IjMiPuOAkOWVhuWTgeOCueODmuODg+OCr+OAkTwvZm9udD48L3N0cm9uZz48YnI+4pePPHN0cm9uZz7jg6Hjg7PjgrrjgrXjgqTjgrrvvIhjbe+8iTwvc3Ryb25nPiA6IDxicj7jgIBYUy/ouqvplbcxNTfvvZ4xNjPjgIHjg5Djgrnjg4g4Me+9njg344CB44Km44Ko44K544OINjfvvZ43Mzxicj7jgIBTL+i6q+mVtzE2Mu+9njE2OOOAgeODkOOCueODiDg1772eOTHjgIHjgqbjgqjjgrnjg4g3Me+9njc3PGJyPuOAgE0v6Lqr6ZW3MTY3772eMTcz44CB44OQ44K544OIODnvvZ45NeOAgeOCpuOCqOOCueODiDc1772eODE8YnI+44CATC/ouqvplbcxNzLvvZ4xNzjjgIHjg5Djgrnjg4g5M++9njk544CB44Km44Ko44K544OINznvvZ44NTxicj7jgIBYTC/ouqvplbcxNzfvvZ4xODPjgIHjg5Djgrnjg4g5N++9njEwM+OAgeOCpuOCqOOCueODiDgz772eODk8YnI+44CAMlhML+i6q+mVtzE4Mu+9njE4OOOAgeODkOOCueODiDEwMe+9njEwN+OAgeOCpuOCqOOCueODiDg3772eOTM8YnI+44CAM1hML+i6q+mVtzE4N++9njE5M+OAgeODkOOCueODiDEwNe+9njExMeOAgeOCpuOCqOOCueODiDkx772eOTc8YnI+44CANFhML+i6q+mVtzE5Mu+9njE5OOOAgeODkOOCueODiDEwOe+9njExNeOAgeOCpuOCqOOCueODiDk1772eMTAxPGJyPuKXjzxzdHJvbmc+44K144Kk44K6PC9zdHJvbmc+IDogU+OAgU3jgIFM44CBWEzjgIEyWEw8YnI+4pePPHN0cm9uZz7ntKDmnZA8L3N0cm9uZz4gOiDjg53jg6rjgqjjgrnjg4bjg6sxMDDvvIU8YnI+4pePPHN0cm9uZz7ljp/nlKPlm708L3N0cm9uZz4gOiDjgr/jgqToo708YnI+PCEtLXNwZWNfdGFnZS0tPjxicj48YnI+PGJyPjxmb250IHNpemU9Ii0xIj7jg6Hjg7zjgqvjg7zluIzmnJvlsI/lo7LkvqHmoLzjga/jg6Hjg7zjgqvjg7zjgqvjgr/jg63jgrDjgavln7rjgaXjgYTjgabmjrLovInjgZfjgabjgYTjgb7jgZk8YnI+PC9mb250PjxpbWcgc3JjPSJodHRwOi8vaW1hZ2UucmFrdXRlbi5jby5qcC9lc3BvcnRzL2NhYmluZXQvZXZpZGVuY2UvZXZpZGVuY2UyLmpwZyIgYm9yZGVyPSIwIiBhbHQ9IuOCqOODk+ODh+ODs+OCuSI+PGxpbmsgcmVsPSJzdHlsZXNoZWV0IiB0eXBlPSJ0ZXh0L2NzcyIgaHJlZj0iaHR0cDovL3d3dy5yYWt1dGVuLm5lLmpwL2dvbGQvZXNwb3J0cy9zaG9wcGluZ19wYXJ0cy5jc3MiPgoKPGRpdiBzdHlsZT0ibWFyZ2luLXRvcDotMjZweDsiPjwvZGl2PgoKPCEtLSDjgrvjg7zjg6sgPGltZyBzcmM9Imh0dHA6Ly93d3cucmFrdXRlbi5uZS5qcC9nb2xkL2VzcG9ydHMvbmV3eWVhci1zYWxlL25ld3llYXItc2FsZS03ODAuanBnIiBib3JkZXI9IjAiIGFsdD0i44K744O844OrIiB3aWR0aD0iNzcwcHgiPjxicj48YnI+IOOCu+ODvOODqyAtLT4KCjwhLS0g44K544O844OR44O844K744O844OrIDxkaXYgc3R5bGU9IndpZHRoIDogNzUwcHg7Ij4KPGRpdiBhbGlnbj0iY2VudGVyIiBzdHlsZT0ibWFyZ2luLWJvdHRvbSA6IDBweDtib3JkZXItd2lkdGggOiAycHg7Ym9yZGVyLXN0eWxlIDogc29saWQ7Ym9yZGVyLWNvbG9yIDogI2JjMTEzMTsiPgoKPC9kaXY+PC9kaXY+PGRpdiBjbGFzcz0ibWFyZ2luNSI+PC9kaXY+PGJyPiDjgrnjg7zjg5Hjg7zjgrvjg7zjg6stLT4KCjwhLS0g44K544O844OR44O844K744O844OrMiDvvIjjg5Djg4rjg7zjga7jgb/vvIk8aW1nIHNyYz0iaHR0cDovL3d3dy5yYWt1dGVuLm5lLmpwL2dvbGQvZXNwb3J0cy9zcHNhbGUvc2FsZS1ibjc4MC5qcGciIGJvcmRlcj0iMCIgYWx0PSLjgrvjg7zjg6siIHdpZHRoPSI3NzBweCI+PGJyPjxicj4g44K544O844OR44O8IC0tPgoKPGRpdiBjbGFzcz0iY29udGVudHMiPjwhLS0g5ZGK55+lIAo8ZGl2IHN0eWxlPSJ3aWR0aDo3MzZweDsgcGFkZGluZzoxNXB4OyBtYXJnaW46NXB4IDAgMTVweDsgYm9yZGVyOnNvbGlkICNFNjJGMkYgMnB4OyI+CjxwIHN0eWxlPSJmb250LXdlaWdodDpib2xkOyBmb250LXNpemU6MTdweDsgdGV4dC1hbGlnbjpjZW50ZXI7Ij7jgJAgPHNwYW4gc3R5bGU9ImJvcmRlci1ib3R0b206MnB4IGRvdHRlZCAjOTk5OyBmb250LXNpemU6MTVweDsiPjXmnIgyNuaXpSjph5Ep44Gu5Za25qWt44Gr44Gk44GE44GmPC9zcGFuPiDjgJE8L3A+CjxwIHN0eWxlPSJmb250LXNpemU6MTNweDsgbWFyZ2luLXRvcDoxNXB4OyI+6Kqg44Gr5Yud5omL44Gq44GM44KJNeaciDI25pelKOmHkSnjga/jgIHnpL7lhoXnoJTkv67jga7jgZ/jgoHjgIHllrbmpa3mmYLplpPjgpLljYjliY0xMu+8mjAw44G+44Gn44Go44GV44Gb44Gm44GE44Gf44Gg44GN44G+44GZ44CC5bCa44CB44CM44GC44GZ5qW944CN5a++5b+c5ZOB44Gr44Gk44GN44G+44GX44Gm44Gv44CB6YCa5bi46YCa44KKMTLvvJowMOOBvuOBp+OBruOBlOazqOaWh+OCkuW9k+aXpeeZuumAgeOBleOBm+OBpuOBhOOBn+OBoOOBjeOBvuOBmeOAgjwvcD4KPHAgc3R5bGU9ImZvbnQtc2l6ZToxM3B4OyBtYXJnaW4tdG9wOjE1cHg7Ij7jgYrlrqLmp5jjgavjga/jgZTkuI3kvr/jgpLjgYrmjpvjgZHoh7TjgZfjgb7jgZnjgYzjgIHjgZTnkIbop6Pjga7nqIvjgIHlrpzjgZfjgY/jgYrpoZjjgYToh7TjgZfjgb7jgZnjgII8L3A+CjwvZGl2PiAtLT4KCgo8IS0tIDxkaXYgc3R5bGU9IndpZHRoOjczNnB4OyBwYWRkaW5nOjE1cHg7IG1hcmdpbjo1cHggMCAxNXB4OyBib3JkZXI6c29saWQgI0U2MkYyRiAycHg7Ij4KPHAgc3R5bGU9ImZvbnQtd2VpZ2h0OmJvbGQ7IGZvbnQtc2l6ZToxN3B4OyB0ZXh0LWFsaWduOmNlbnRlcjsgbWFyZ2luOjA7Ij7jgJAgPHNwYW4gc3R5bGU9ImJvcmRlci1ib3R0b206MnB4IGRvdHRlZCAjOTk5OyBmb250LXNpemU6MTVweDsiPuWkqeWAmeS4jeiJr+OBruW9semfv+OBq+OCiOOCi+mFjemAgemBheW7tuOBq+OBpOOBhOOBpjwvc3Bhbj4g44CRPC9wPgo8cCBzdHlsZT0iZm9udC1zaXplOjEzcHg7IG1hcmdpbjoxNXB4IDAgMDsiPuWPsOmiqOODu+ixqumbqOetieOBruWkqeWAmeS4jeiJr+OBq+S8tOOBhOOAgeS4gOmDqOWcsOWfn+OBp+OBiuiNt+eJqeOBruOBiuWxiuOBkeOBq+mBheOCjOOBjOeZuueUn+OBmeOCi+aBkOOCjOOBjOOBlOOBluOBhOOBvuOBmeOAgjwvcD4KPHAgc3R5bGU9ImZvbnQtc2l6ZToxM3B4OyBtYXJnaW46N3B4IDAgMDsiPuOBvuOBn+OAgeS7iuW+jOOBruWPsOmiqOOBrumAsui3r+OBq+OCiOOBo+OBpuOBr+OAgeW6g+evhOWbsuOBruWcsOWfn+OBp+mBheOCjOOBjOeUn+OBmOOCi+WPr+iDveaAp+OBjOOBguOCiuOBvuOBmeOAguWcsOWfn+OChOOCv+OCpOODn+ODs+OCsOOBq+OCiOOBo+OBpuOAgeOBlOW4jOacm+OBruOBiuWxiuOBkeaXpeaZguOBq+mFjemBlOOBp+OBjeOBquOBhOWgtOWQiOOBjOOBlOOBluOBhOOBvuOBmeOAgjwvcD4KPHAgc3R5bGU9ImZvbnQtc2l6ZToxM3B4OyBtYXJnaW46N3B4IDAgMDsiPuOBiuWuouanmOOBq+OBr+Wkp+WkieOBlOi/t+aDkeOCkuOBiuaOm+OBkeiHtOOBl+OBvuOBmeOBjOOAgeOBlOeQhuino+OBhOOBn+OBoOOBkeOBvuOBmeOCiOOBhuOBiumhmOOBhOiHtOOBl+OBvuOBmeOAgjwvcD4KPC9kaXY+IC0tPgoKCgo8IS0tIOS4gOmDqOWcsOWfn+OBp+OBrumFjemBlOmBheW7tuOBq+OBpOOBjeOBvuOBl+OBpiAtLT4KCgo8IS0tIOOCr+ODvOODneODsyAKPGltZyBzcmM9Imh0dHA6Ly93d3cucmFrdXRlbi5uZS5qcC9nb2xkL2VzcG9ydHMvYm4vY291cG9uL2NvdXBvbjc3MC5naWYiIGFsdD0iMjAw5YaGT0ZG44Kv44O844Od44OzIj4gLS0+CgoKCjwhLS0gPGltZyBzcmM9Imh0dHA6Ly93d3cucmFrdXRlbi5uZS5qcC9nb2xkL2VzcG9ydHMvYm4vYWRpZGFzL2FkaWRhcy1ibjM1Ny5qcGciIGFsdD0iYWRpZGFz44Od44Kk44Oz44OIMTXlgI0iPiAtLT4KCgo8YnI+,44Of44K644OO77yITUlaVU5P77yJIFTjgrfjg6Pjg4ROROmVt+iiliAzMkpBNjEzMDA5IOOAkOOCueODneODvOODhOOCpuOCp+OCoiDjg4jjg6zjg7zjg4vjg7PjgrAg44OI44OD44OX44K5IOODoeODs+OCuiDjg6zjg4fjgqPjg7zjgrnjgJHvvJrvvYXvvLPvvLDvvK/vvLLvvLTvvLPmpb3lpKnmlK/lupc=,44Ki44Km44OI44OJ44Ki44Kt44Oj44Oz44OX44OQ44O844OZ44Kt44Ol44O844OG44Oz44OI44K/44O844OX44OG44O844OW44Or44OB44Kn44Ki44K344Ol44Op44OV44Op44Oz44K/44Oz44Kv44O844Op44O844Oc44OD44Kv44K544Kz44O844Or44Oe44Oz44OO44O844K544OV44Kn44Kk44K544K544Od44O844OE44OV44Kj44OD44OI44ON44K544OA44Kk44Ko44OD44OI44OI44Os44O844OL44Oz44Kw44OX44Ot44OG44Kk44Oz44K144OX44Oq44Oh44Oz44OI44OA44Oz44OZ44Or44K144OD44Kr44O844Of44K644OO77yITUlaVU5P77yJIFTjgrfjg6Pjg4ROROmVt+iiliAzMkpBNjEzMDA5IOOAkOOCueODneODvOODhOOCpuOCp+OCoiDjg4jjg6zjg7zjg4vjg7PjgrAg44OI44OD44OX44K5IOODoeODs+OCuiDjg6zjg4fjgqPjg7zjgrnjgJE=,44Of44K644OO77yITUlaVU5P77yJIFTjgrfjg6Pjg4ROROmVt+iiliAzMkpBNjEzMDA5IOOAkOOCueODneODvOODhOOCpuOCp+OCoiDjg4jjg6zjg7zjg4vjg7PjgrAg44OI44OD44OX44K5IOODoeODs+OCuiDjg6zjg4fjgqPjg7zjgrnjgJE=[rn]
34-75270,aHR0cDovL3RzaG9wLnIxMHMuanAvZXNwb3J0cy9jYWJpbmV0Lzk5ODItMjUvOTk4MjQyMTQ5MTM0NS5qcGc/Zml0aW49NzAwOjcwMA==,MjIzMi4wMDAw,,44K544Od44O844OE44O744Ki44Km44OI44OJ44KiID4g44OV44Kj44OD44OI44ON44K544O744OI44Os44O844OL44Oz44KwID4g44Km44Kn44KiID4g44Os44OH44Kj44O844K544Km44Kn44KiID4g44OI44OD44OX44K5,44Of44K644OO77yITUlaVU5P77yJIFTjgrfjg6Pjg4Qg6ZW36KKWIDMySkE2MTMyMDEg44CQ44K544Od44O844OE44Km44Kn44KiIOODiOODrOODvOODi+ODs+OCsCDjg4jjg4Pjg5fjgrkg44Oh44Oz44K6IOODrOODh+OCo+ODvOOCueOAkQ==,,PCEtLWltZ190YWdzLS0+PHRhYmxlIGJvcmRlcj0iMCIgd2lkdGg9IjY1MCI+PFRSPjxURCBhbGlnbj0iY2VudGVyIj48QSBocmVmPSJodHRwOi8vd3d3LnJha3V0ZW4uY28uanAvZXNwb3J0cy9pbmZvMi5odG1sI2RlciI+PElNRyBzcmM9Imh0dHA6Ly93d3cucmFrdXRlbi5uZS5qcC9nb2xkL2VzcG9ydHMvc3VwcG9ydC9zaGlwcGluZzIuZ2lmIiBib3JkZXI9IjAiPjwvQT48QSBocmVmPSJodHRwOi8vd3d3LnJha3V0ZW4ubmUuanAvZ29sZC9lc3BvcnRzL3N1cHBvcnQvZGlzcGF0Y2guaHRtbCI+PElNRyBzcmM9Imh0dHA6Ly93d3cucmFrdXRlbi5uZS5qcC9nb2xkL2VzcG9ydHMvc3VwcG9ydC9kYXlzMy5naWYiIGJvcmRlcj0iMCI+PC9BPjxBIGhyZWY9Imh0dHA6Ly93d3cucmFrdXRlbi5uZS5qcC9nb2xkL2VzcG9ydHMvc3VwcG9ydC9kaXNwYXRjaC5odG1sIj48SU1HIHNyYz0iaHR0cDovL3d3dy5yYWt1dGVuLm5lLmpwL2dvbGQvZXNwb3J0cy9zdXBwb3J0L3BsYWNlMy5naWYiIGJvcmRlcj0iMCI+PC9BPjxBIGhyZWY9Imh0dHA6Ly93d3cucmFrdXRlbi5jby5qcC9lc3BvcnRzL2luZm8yLmh0bWwjYmFjayI+PElNRyBzcmM9Imh0dHA6Ly93d3cucmFrdXRlbi5uZS5qcC9nb2xkL2VzcG9ydHMvc3VwcG9ydC9yZXR1cm4yLmdpZiIgYm9yZGVyPSIwIj48L0E+PC90ZD48L3RyPjwvdGFibGU+PCEtLWltZ190YWdlLS0+44K344Oz44OX44Or44Gq44Ov44Oz44Od44Kk44Oz44OI6Lui5YaZ44Oe44O844Kv44K344Oq44O844K644CCPGJyPjxicj48YnI+PHN0cm9uZz7jgJDmqZ/og73jgJE8L3N0cm9uZz48YnI+44O75pyA44KC44K544K/44Oz44OA44O844OJ44Gq44K344Or44Ko44OD44OI44CCPGJyPuODu+WQuOaxl+mAn+S5vuaAp+OBjOWEquOCjOOBpuOBhOOCi+OBk+OBqOOCkuekuuOBl+OAgeaxl+OCkue0oOaXqeOBj+WQuOWPjuOAgeaLoeaVo+OAgeOCpuOCqOOCouWGheOCkuW/q+mBqeOBqueKtuaFi+OBq+S/neOBoeOBvuOBmeOAgjxicj7jg7vnkrDlooPphY3mha7lnovllYblk4Hjga7mlrDjgZfjgYToqo3lrprln7rmupbjgIzjg5/jgrrjg47jgrDjg6rjg7zjg7PjgrDjg6zjg7zjg4njgI3jg5bjg63jg7Pjgrrjg6Hjg4Djg6vjgII8YnI+PGJyPjxwPjwhLS1ta190YWdzLS0+PFA+PElNRyBzcmM9Imh0dHA6Ly93d3cucmFrdXRlbi5uZS5qcC9nb2xkL2VzcG9ydHMvYm4vanl1aGF0dHl1dTUyMC02MC5qcGciIHdpZHRoPSI1MjAiIGhlaWdodD0iNjAiIGJvcmRlcj0iMCI+PC9QPjwhLS1ta190YWdlLS0+PGJyPjxpbWcgc3JjPSJodHRwOi8vaW1hZ2UucmFrdXRlbi5jby5qcC9lc3BvcnRzL2NhYmluZXQvc2l6ZS9zcG9ydHNfc2l6ZTM3NS5naWYiIHdpZHRoPSIzNzVweCIgaGVpZ2h0PSI5MHB4IiBhbHQ9IuOCueODneODvOODhOOCpuOCp+OCouOCteOCpOOCuuihqCIgYm9yZGVyPSIwIj48YnI+PGJyPuKXj+euoeeQhmNvZGXvvJo3OTgzOTU5NTwhLS1zcGVjX3RhZ3MtLT48cD48c3Ryb25nPjxmb250IGNvbG9yPSIjMDAwMENEIiBzaXplPSIzIj7jgJDllYblk4Hjgrnjg5rjg4Pjgq/jgJE8L2ZvbnQ+PC9zdHJvbmc+PGJyPuKXjzxzdHJvbmc+44K144Kk44K6PC9zdHJvbmc+IDogU+OAgU3jgIFM44CBWEzjgIEyWEw8YnI+4pePPHN0cm9uZz7opo/moLzjgrXjgqTjgrrvvIjlrp/lr7jvvInvvIhjbe+8iTwvc3Ryb25nPiA6IDxicj7jgIDnnYDkuIjvvJpTLzY044CBTS82NuOAgUwvNjjjgIFYTC83MOOAgTJYTC83Mjxicj7jgIDog7jlm57jgorvvJpTLzEwMuOAgU0vMTA244CBTC8xMTDjgIFYTC8xMTTjgIEyWEwvMTE4PGJyPuOAgOiCqeW5he+8mlMvNDUuMuOAgU0vNDYuNuOAgUwvNDjjgIFYTC80OS4044CBMlhMLzUwLjg8YnI+44CA6KKW5LiI77yaUy81NuOAgU0vNTcuNeOAgUwvNTnjgIFYTC82MC4144CBMlhMLzYyPGJyPuKXjzxzdHJvbmc+57Sg5p2QPC9zdHJvbmc+IDog44Od44Oq44Ko44K544OG44OrMTAw77yFPGJyPuKXjzxzdHJvbmc+5Y6f55Sj5Zu9PC9zdHJvbmc+IDog5Lit5Zu96KO9PGJyPjwhLS1zcGVjX3RhZ2UtLT48YnI+PGJyPjxicj48Zm9udCBzaXplPSItMSI+44Oh44O844Kr44O85biM5pyb5bCP5aOy5L6h5qC844Gv44Oh44O844Kr44O844Kr44K/44Ot44Kw44Gr5Z+644Gl44GE44Gm5o6y6LyJ44GX44Gm44GE44G+44GZPGJyPjwvZm9udD48aW1nIHNyYz0iaHR0cDovL2ltYWdlLnJha3V0ZW4uY28uanAvZXNwb3J0cy9jYWJpbmV0L2V2aWRlbmNlL2V2aWRlbmNlMi5qcGciIGJvcmRlcj0iMCIgYWx0PSLjgqjjg5Pjg4fjg7PjgrkiPjxsaW5rIHJlbD0ic3R5bGVzaGVldCIgdHlwZT0idGV4dC9jc3MiIGhyZWY9Imh0dHA6Ly93d3cucmFrdXRlbi5uZS5qcC9nb2xkL2VzcG9ydHMvc2hvcHBpbmdfcGFydHMuY3NzIj4KCjxkaXYgc3R5bGU9Im1hcmdpbi10b3A6LTI2cHg7Ij48L2Rpdj4KCjwhLS0g44K744O844OrIDxpbWcgc3JjPSJodHRwOi8vd3d3LnJha3V0ZW4ubmUuanAvZ29sZC9lc3BvcnRzL25ld3llYXItc2FsZS9uZXd5ZWFyLXNhbGUtNzgwLmpwZyIgYm9yZGVyPSIwIiBhbHQ9IuOCu+ODvOODqyIgd2lkdGg9Ijc3MHB4Ij48YnI+PGJyPiDjgrvjg7zjg6sgLS0+Cgo8IS0tIOOCueODvOODkeODvOOCu+ODvOODqyA8ZGl2IHN0eWxlPSJ3aWR0aCA6IDc1MHB4OyI+CjxkaXYgYWxpZ249ImNlbnRlciIgc3R5bGU9Im1hcmdpbi1ib3R0b20gOiAwcHg7Ym9yZGVyLXdpZHRoIDogMnB4O2JvcmRlci1zdHlsZSA6IHNvbGlkO2JvcmRlci1jb2xvciA6ICNiYzExMzE7Ij4KCjwvZGl2PjwvZGl2PjxkaXYgY2xhc3M9Im1hcmdpbjUiPjwvZGl2Pjxicj4g44K544O844OR44O844K744O844OrLS0+Cgo8IS0tIOOCueODvOODkeODvOOCu+ODvOODqzIg77yI44OQ44OK44O844Gu44G/77yJPGltZyBzcmM9Imh0dHA6Ly93d3cucmFrdXRlbi5uZS5qcC9nb2xkL2VzcG9ydHMvc3BzYWxlL3NhbGUtYm43ODAuanBnIiBib3JkZXI9IjAiIGFsdD0i44K744O844OrIiB3aWR0aD0iNzcwcHgiPjxicj48YnI+IOOCueODvOODkeODvCAtLT4KCjxkaXYgY2xhc3M9ImNvbnRlbnRzIj48IS0tIOWRiuefpSAKPGRpdiBzdHlsZT0id2lkdGg6NzM2cHg7IHBhZGRpbmc6MTVweDsgbWFyZ2luOjVweCAwIDE1cHg7IGJvcmRlcjpzb2xpZCAjRTYyRjJGIDJweDsiPgo8cCBzdHlsZT0iZm9udC13ZWlnaHQ6Ym9sZDsgZm9udC1zaXplOjE3cHg7IHRleHQtYWxpZ246Y2VudGVyOyI+44CQIDxzcGFuIHN0eWxlPSJib3JkZXItYm90dG9tOjJweCBkb3R0ZWQgIzk5OTsgZm9udC1zaXplOjE1cHg7Ij415pyIMjbml6Uo6YeRKeOBruWWtualreOBq+OBpOOBhOOBpjwvc3Bhbj4g44CRPC9wPgo8cCBzdHlsZT0iZm9udC1zaXplOjEzcHg7IG1hcmdpbi10b3A6MTVweDsiPuiqoOOBq+WLneaJi+OBquOBjOOCiTXmnIgyNuaXpSjph5Ep44Gv44CB56S+5YaF56CU5L+u44Gu44Gf44KB44CB5Za25qWt5pmC6ZaT44KS5Y2I5YmNMTLvvJowMOOBvuOBp+OBqOOBleOBm+OBpuOBhOOBn+OBoOOBjeOBvuOBmeOAguWwmuOAgeOAjOOBguOBmealveOAjeWvvuW/nOWTgeOBq+OBpOOBjeOBvuOBl+OBpuOBr+OAgemAmuW4uOmAmuOCijEy77yaMDDjgb7jgafjga7jgZTms6jmlofjgpLlvZPml6XnmbrpgIHjgZXjgZvjgabjgYTjgZ/jgaDjgY3jgb7jgZnjgII8L3A+CjxwIHN0eWxlPSJmb250LXNpemU6MTNweDsgbWFyZ2luLXRvcDoxNXB4OyI+44GK5a6i5qeY44Gr44Gv44GU5LiN5L6/44KS44GK5o6b44GR6Ie044GX44G+44GZ44GM44CB44GU55CG6Kej44Gu56iL44CB5a6c44GX44GP44GK6aGY44GE6Ie044GX44G+44GZ44CCPC9wPgo8L2Rpdj4gLS0+CgoKPCEtLSA8ZGl2IHN0eWxlPSJ3aWR0aDo3MzZweDsgcGFkZGluZzoxNXB4OyBtYXJnaW46NXB4IDAgMTVweDsgYm9yZGVyOnNvbGlkICNFNjJGMkYgMnB4OyI+CjxwIHN0eWxlPSJmb250LXdlaWdodDpib2xkOyBmb250LXNpemU6MTdweDsgdGV4dC1hbGlnbjpjZW50ZXI7IG1hcmdpbjowOyI+44CQIDxzcGFuIHN0eWxlPSJib3JkZXItYm90dG9tOjJweCBkb3R0ZWQgIzk5OTsgZm9udC1zaXplOjE1cHg7Ij7lpKnlgJnkuI3oia/jga7lvbHpn7/jgavjgojjgovphY3pgIHpgYXlu7bjgavjgaTjgYTjgaY8L3NwYW4+IOOAkTwvcD4KPHAgc3R5bGU9ImZvbnQtc2l6ZToxM3B4OyBtYXJnaW46MTVweCAwIDA7Ij7lj7Dpoqjjg7vosarpm6jnrYnjga7lpKnlgJnkuI3oia/jgavkvLTjgYTjgIHkuIDpg6jlnLDln5/jgafjgYrojbfnianjga7jgYrlsYrjgZHjgavpgYXjgozjgYznmbrnlJ/jgZnjgovmgZDjgozjgYzjgZTjgZbjgYTjgb7jgZnjgII8L3A+CjxwIHN0eWxlPSJmb250LXNpemU6MTNweDsgbWFyZ2luOjdweCAwIDA7Ij7jgb7jgZ/jgIHku4rlvozjga7lj7Dpoqjjga7pgLLot6/jgavjgojjgaPjgabjga/jgIHluoPnr4Tlm7Ljga7lnLDln5/jgafpgYXjgozjgYznlJ/jgZjjgovlj6/og73mgKfjgYzjgYLjgorjgb7jgZnjgILlnLDln5/jgoTjgr/jgqTjg5/jg7PjgrDjgavjgojjgaPjgabjgIHjgZTluIzmnJvjga7jgYrlsYrjgZHml6XmmYLjgavphY3pgZTjgafjgY3jgarjgYTloLTlkIjjgYzjgZTjgZbjgYTjgb7jgZnjgII8L3A+CjxwIHN0eWxlPSJmb250LXNpemU6MTNweDsgbWFyZ2luOjdweCAwIDA7Ij7jgYrlrqLmp5jjgavjga/lpKflpInjgZTov7fmg5HjgpLjgYrmjpvjgZHoh7TjgZfjgb7jgZnjgYzjgIHjgZTnkIbop6PjgYTjgZ/jgaDjgZHjgb7jgZnjgojjgYbjgYrpoZjjgYToh7TjgZfjgb7jgZnjgII8L3A+CjwvZGl2PiAtLT4KCgoKPCEtLSDkuIDpg6jlnLDln5/jgafjga7phY3pgZTpgYXlu7bjgavjgaTjgY3jgb7jgZfjgaYgLS0+CgoKPCEtLSDjgq/jg7zjg53jg7MgCjxpbWcgc3JjPSJodHRwOi8vd3d3LnJha3V0ZW4ubmUuanAvZ29sZC9lc3BvcnRzL2JuL2NvdXBvbi9jb3Vwb243NzAuZ2lmIiBhbHQ9IjIwMOWGhk9GRuOCr+ODvOODneODsyI+IC0tPgoKCgo8IS0tIDxpbWcgc3JjPSJodHRwOi8vd3d3LnJha3V0ZW4ubmUuanAvZ29sZC9lc3BvcnRzL2JuL2FkaWRhcy9hZGlkYXMtYm4zNTcuanBnIiBhbHQ9ImFkaWRhc+ODneOCpOODs+ODiDE15YCNIj4gLS0+CgoKPGJyPg==,44Of44K644OO77yITUlaVU5P77yJIFTjgrfjg6Pjg4Qg6ZW36KKWIDMySkE2MTMyMDEg44CQ44K544Od44O844OE44Km44Kn44KiIOODiOODrOODvOODi+ODs+OCsCDjg4jjg4Pjg5fjgrkg44Oh44Oz44K6IOODrOODh+OCo+ODvOOCueOAke+8mu+9he+8s++8sO+8r++8su+8tO+8s+alveWkqeaUr+W6lw==,44Ki44Km44OI44OJ44Ki44Kt44Oj44Oz44OX44OQ44O844OZ44Kt44Ol44O844OG44Oz44OI44K/44O844OX44OG44O844OW44Or44OB44Kn44Ki44K344Ol44Op44OV44Op44Oz44K/44Oz44Kv44O844Op44O844Oc44OD44Kv44K544Kz44O844Or44Oe44Oz44OO44O844K544OV44Kn44Kk44K544K544Od44O844OE44OV44Kj44OD44OI44ON44K544OA44Kk44Ko44OD44OI44OI44Os44O844OL44Oz44Kw44OX44Ot44OG44Kk44Oz44K144OX44Oq44Oh44Oz44OI44OA44Oz44OZ44Or44K144OD44Kr44O844Of44K644OO77yITUlaVU5P77yJIFTjgrfjg6Pjg4Qg6ZW36KKWIDMySkE2MTMyMDEg44CQ44K544Od44O844OE44Km44Kn44KiIOODiOODrOODvOODi+ODs+OCsCDjg4jjg4Pjg5fjgrkg44Oh44Oz44K6IOODrOODh+OCo+ODvOOCueOAkQ==,44Of44K644OO77yITUlaVU5P77yJIFTjgrfjg6Pjg4Qg6ZW36KKWIDMySkE2MTMyMDEg44CQ44K544Od44O844OE44Km44Kn44KiIOODiOODrOODvOODi+ODs+OCsCDjg4jjg4Pjg5fjgrkg44Oh44Oz44K6IOODrOODh+OCo+ODvOOCueOAkQ==[rn]
34-75271,aHR0cDovL3RzaG9wLnIxMHMuanAvZXNwb3J0cy9jYWJpbmV0Lzk5ODItMjUvOTk4MjQyMTQ5MTM0NC5qcGc/Zml0aW49NzAwOjcwMA==,MTMxMi44MDAw,,44K544Od44O844OE44O744Ki44Km44OI44OJ44KiID4g44OV44Kj44OD44OI44ON44K544O744OI44Os44O844OL44Oz44KwID4g44Km44Kn44KiID4g44Os44OH44Kj44O844K544Km44Kn44KiID4g44OI44OD44OX44K5,44Of44K644OO77yITUlaVU5P77yJIFTjgrfjg6Pjg4ROROmVt+iiliAzMkpBNjEzMDkwIOOAkOOCueODneODvOODhOOCpuOCp+OCoiDjg4jjg6zjg7zjg4vjg7PjgrAg44OI44OD44OX44K5IOODoeODs+OCuiDjg6zjg4fjgqPjg7zjgrnjgJE=,,PCEtLWltZ190YWdzLS0+PHRhYmxlIGJvcmRlcj0iMCIgd2lkdGg9IjY1MCI+PFRSPjxURCBhbGlnbj0iY2VudGVyIj48QSBocmVmPSJodHRwOi8vd3d3LnJha3V0ZW4uY28uanAvZXNwb3J0cy9pbmZvMi5odG1sI2RlciI+PElNRyBzcmM9Imh0dHA6Ly93d3cucmFrdXRlbi5uZS5qcC9nb2xkL2VzcG9ydHMvc3VwcG9ydC9zaGlwcGluZzIuZ2lmIiBib3JkZXI9IjAiPjwvQT48QSBocmVmPSJodHRwOi8vd3d3LnJha3V0ZW4ubmUuanAvZ29sZC9lc3BvcnRzL3N1cHBvcnQvZGlzcGF0Y2guaHRtbCI+PElNRyBzcmM9Imh0dHA6Ly93d3cucmFrdXRlbi5uZS5qcC9nb2xkL2VzcG9ydHMvc3VwcG9ydC9kYXlzMy5naWYiIGJvcmRlcj0iMCI+PC9BPjxBIGhyZWY9Imh0dHA6Ly93d3cucmFrdXRlbi5uZS5qcC9nb2xkL2VzcG9ydHMvc3VwcG9ydC9kaXNwYXRjaC5odG1sIj48SU1HIHNyYz0iaHR0cDovL3d3dy5yYWt1dGVuLm5lLmpwL2dvbGQvZXNwb3J0cy9zdXBwb3J0L3BsYWNlMy5naWYiIGJvcmRlcj0iMCI+PC9BPjxBIGhyZWY9Imh0dHA6Ly93d3cucmFrdXRlbi5jby5qcC9lc3BvcnRzL2luZm8yLmh0bWwjYmFjayI+PElNRyBzcmM9Imh0dHA6Ly93d3cucmFrdXRlbi5uZS5qcC9nb2xkL2VzcG9ydHMvc3VwcG9ydC9yZXR1cm4yLmdpZiIgYm9yZGVyPSIwIj48L0E+PC90ZD48L3RyPjwvdGFibGU+PCEtLWltZ190YWdlLS0+PHA+PCEtLW1rX3RhZ3MtLT48UD48SU1HIHNyYz0iaHR0cDovL3d3dy5yYWt1dGVuLm5lLmpwL2dvbGQvZXNwb3J0cy9ibi9qeXVoYXR0eXV1NTIwLTYwLmpwZyIgd2lkdGg9IjUyMCIgaGVpZ2h0PSI2MCIgYm9yZGVyPSIwIj48L1A+PCEtLW1rX3RhZ2UtLT48YnI+PGltZyBzcmM9Imh0dHA6Ly9pbWFnZS5yYWt1dGVuLmNvLmpwL2VzcG9ydHMvY2FiaW5ldC9zaXplL3Nwb3J0c19zaXplMzc1LmdpZiIgd2lkdGg9IjM3NXB4IiBoZWlnaHQ9IjkwcHgiIGFsdD0i44K544Od44O844OE44Km44Kn44Ki44K144Kk44K66KGoIiBib3JkZXI9IjAiPjxicj48YnI+4peP566h55CGY29kZe+8mjc5ODM5NTk1PCEtLXNwZWNfdGFncy0tPjxwPjxzdHJvbmc+PGZvbnQgY29sb3I9IiMwMDAwQ0QiIHNpemU9IjMiPuOAkOWVhuWTgeOCueODmuODg+OCr+OAkTwvZm9udD48L3N0cm9uZz48YnI+4pePPHN0cm9uZz7jg6Hjg7PjgrrjgrXjgqTjgrrvvIhjbe+8iTwvc3Ryb25nPiA6IDxicj7jgIBYUy/ouqvplbcxNTfvvZ4xNjPjgIHjg5Djgrnjg4g4Me+9njg344CB44Km44Ko44K544OINjfvvZ43Mzxicj7jgIBTL+i6q+mVtzE2Mu+9njE2OOOAgeODkOOCueODiDg1772eOTHjgIHjgqbjgqjjgrnjg4g3Me+9njc3PGJyPuOAgE0v6Lqr6ZW3MTY3772eMTcz44CB44OQ44K544OIODnvvZ45NeOAgeOCpuOCqOOCueODiDc1772eODE8YnI+44CATC/ouqvplbcxNzLvvZ4xNzjjgIHjg5Djgrnjg4g5M++9njk544CB44Km44Ko44K544OINznvvZ44NTxicj7jgIBYTC/ouqvplbcxNzfvvZ4xODPjgIHjg5Djgrnjg4g5N++9njEwM+OAgeOCpuOCqOOCueODiDgz772eODk8YnI+44CAMlhML+i6q+mVtzE4Mu+9njE4OOOAgeODkOOCueODiDEwMe+9njEwN+OAgeOCpuOCqOOCueODiDg3772eOTM8YnI+44CAM1hML+i6q+mVtzE4N++9njE5M+OAgeODkOOCueODiDEwNe+9njExMeOAgeOCpuOCqOOCueODiDkx772eOTc8YnI+44CANFhML+i6q+mVtzE5Mu+9njE5OOOAgeODkOOCueODiDEwOe+9njExNeOAgeOCpuOCqOOCueODiDk1772eMTAxPGJyPuKXjzxzdHJvbmc+44K144Kk44K6PC9zdHJvbmc+IDogU+OAgU3jgIFM44CBWEzjgIEyWEw8YnI+4pePPHN0cm9uZz7ntKDmnZA8L3N0cm9uZz4gOiDjg53jg6rjgqjjgrnjg4bjg6sxMDDvvIU8YnI+4pePPHN0cm9uZz7ljp/nlKPlm708L3N0cm9uZz4gOiDjgr/jgqToo708YnI+PCEtLXNwZWNfdGFnZS0tPjxicj48YnI+PGJyPjxmb250IHNpemU9Ii0xIj7jg6Hjg7zjgqvjg7zluIzmnJvlsI/lo7LkvqHmoLzjga/jg6Hjg7zjgqvjg7zjgqvjgr/jg63jgrDjgavln7rjgaXjgYTjgabmjrLovInjgZfjgabjgYTjgb7jgZk8YnI+PC9mb250PjxpbWcgc3JjPSJodHRwOi8vaW1hZ2UucmFrdXRlbi5jby5qcC9lc3BvcnRzL2NhYmluZXQvZXZpZGVuY2UvZXZpZGVuY2UyLmpwZyIgYm9yZGVyPSIwIiBhbHQ9IuOCqOODk+ODh+ODs+OCuSI+PGxpbmsgcmVsPSJzdHlsZXNoZWV0IiB0eXBlPSJ0ZXh0L2NzcyIgaHJlZj0iaHR0cDovL3d3dy5yYWt1dGVuLm5lLmpwL2dvbGQvZXNwb3J0cy9zaG9wcGluZ19wYXJ0cy5jc3MiPgoKPGRpdiBzdHlsZT0ibWFyZ2luLXRvcDotMjZweDsiPjwvZGl2PgoKPCEtLSDjgrvjg7zjg6sgPGltZyBzcmM9Imh0dHA6Ly93d3cucmFrdXRlbi5uZS5qcC9nb2xkL2VzcG9ydHMvbmV3eWVhci1zYWxlL25ld3llYXItc2FsZS03ODAuanBnIiBib3JkZXI9IjAiIGFsdD0i44K744O844OrIiB3aWR0aD0iNzcwcHgiPjxicj48YnI+IOOCu+ODvOODqyAtLT4KCjwhLS0g44K544O844OR44O844K744O844OrIDxkaXYgc3R5bGU9IndpZHRoIDogNzUwcHg7Ij4KPGRpdiBhbGlnbj0iY2VudGVyIiBzdHlsZT0ibWFyZ2luLWJvdHRvbSA6IDBweDtib3JkZXItd2lkdGggOiAycHg7Ym9yZGVyLXN0eWxlIDogc29saWQ7Ym9yZGVyLWNvbG9yIDogI2JjMTEzMTsiPgoKPC9kaXY+PC9kaXY+PGRpdiBjbGFzcz0ibWFyZ2luNSI+PC9kaXY+PGJyPiDjgrnjg7zjg5Hjg7zjgrvjg7zjg6stLT4KCjwhLS0g44K544O844OR44O844K744O844OrMiDvvIjjg5Djg4rjg7zjga7jgb/vvIk8aW1nIHNyYz0iaHR0cDovL3d3dy5yYWt1dGVuLm5lLmpwL2dvbGQvZXNwb3J0cy9zcHNhbGUvc2FsZS1ibjc4MC5qcGciIGJvcmRlcj0iMCIgYWx0PSLjgrvjg7zjg6siIHdpZHRoPSI3NzBweCI+PGJyPjxicj4g44K544O844OR44O8IC0tPgoKPGRpdiBjbGFzcz0iY29udGVudHMiPjwhLS0g5ZGK55+lIAo8ZGl2IHN0eWxlPSJ3aWR0aDo3MzZweDsgcGFkZGluZzoxNXB4OyBtYXJnaW46NXB4IDAgMTVweDsgYm9yZGVyOnNvbGlkICNFNjJGMkYgMnB4OyI+CjxwIHN0eWxlPSJmb250LXdlaWdodDpib2xkOyBmb250LXNpemU6MTdweDsgdGV4dC1hbGlnbjpjZW50ZXI7Ij7jgJAgPHNwYW4gc3R5bGU9ImJvcmRlci1ib3R0b206MnB4IGRvdHRlZCAjOTk5OyBmb250LXNpemU6MTVweDsiPjXmnIgyNuaXpSjph5Ep44Gu5Za25qWt44Gr44Gk44GE44GmPC9zcGFuPiDjgJE8L3A+CjxwIHN0eWxlPSJmb250LXNpemU6MTNweDsgbWFyZ2luLXRvcDoxNXB4OyI+6Kqg44Gr5Yud5omL44Gq44GM44KJNeaciDI25pelKOmHkSnjga/jgIHnpL7lhoXnoJTkv67jga7jgZ/jgoHjgIHllrbmpa3mmYLplpPjgpLljYjliY0xMu+8mjAw44G+44Gn44Go44GV44Gb44Gm44GE44Gf44Gg44GN44G+44GZ44CC5bCa44CB44CM44GC44GZ5qW944CN5a++5b+c5ZOB44Gr44Gk44GN44G+44GX44Gm44Gv44CB6YCa5bi46YCa44KKMTLvvJowMOOBvuOBp+OBruOBlOazqOaWh+OCkuW9k+aXpeeZuumAgeOBleOBm+OBpuOBhOOBn+OBoOOBjeOBvuOBmeOAgjwvcD4KPHAgc3R5bGU9ImZvbnQtc2l6ZToxM3B4OyBtYXJnaW4tdG9wOjE1cHg7Ij7jgYrlrqLmp5jjgavjga/jgZTkuI3kvr/jgpLjgYrmjpvjgZHoh7TjgZfjgb7jgZnjgYzjgIHjgZTnkIbop6Pjga7nqIvjgIHlrpzjgZfjgY/jgYrpoZjjgYToh7TjgZfjgb7jgZnjgII8L3A+CjwvZGl2PiAtLT4KCgo8IS0tIDxkaXYgc3R5bGU9IndpZHRoOjczNnB4OyBwYWRkaW5nOjE1cHg7IG1hcmdpbjo1cHggMCAxNXB4OyBib3JkZXI6c29saWQgI0U2MkYyRiAycHg7Ij4KPHAgc3R5bGU9ImZvbnQtd2VpZ2h0OmJvbGQ7IGZvbnQtc2l6ZToxN3B4OyB0ZXh0LWFsaWduOmNlbnRlcjsgbWFyZ2luOjA7Ij7jgJAgPHNwYW4gc3R5bGU9ImJvcmRlci1ib3R0b206MnB4IGRvdHRlZCAjOTk5OyBmb250LXNpemU6MTVweDsiPuWkqeWAmeS4jeiJr+OBruW9semfv+OBq+OCiOOCi+mFjemAgemBheW7tuOBq+OBpOOBhOOBpjwvc3Bhbj4g44CRPC9wPgo8cCBzdHlsZT0iZm9udC1zaXplOjEzcHg7IG1hcmdpbjoxNXB4IDAgMDsiPuWPsOmiqOODu+ixqumbqOetieOBruWkqeWAmeS4jeiJr+OBq+S8tOOBhOOAgeS4gOmDqOWcsOWfn+OBp+OBiuiNt+eJqeOBruOBiuWxiuOBkeOBq+mBheOCjOOBjOeZuueUn+OBmeOCi+aBkOOCjOOBjOOBlOOBluOBhOOBvuOBmeOAgjwvcD4KPHAgc3R5bGU9ImZvbnQtc2l6ZToxM3B4OyBtYXJnaW46N3B4IDAgMDsiPuOBvuOBn+OAgeS7iuW+jOOBruWPsOmiqOOBrumAsui3r+OBq+OCiOOBo+OBpuOBr+OAgeW6g+evhOWbsuOBruWcsOWfn+OBp+mBheOCjOOBjOeUn+OBmOOCi+WPr+iDveaAp+OBjOOBguOCiuOBvuOBmeOAguWcsOWfn+OChOOCv+OCpOODn+ODs+OCsOOBq+OCiOOBo+OBpuOAgeOBlOW4jOacm+OBruOBiuWxiuOBkeaXpeaZguOBq+mFjemBlOOBp+OBjeOBquOBhOWgtOWQiOOBjOOBlOOBluOBhOOBvuOBmeOAgjwvcD4KPHAgc3R5bGU9ImZvbnQtc2l6ZToxM3B4OyBtYXJnaW46N3B4IDAgMDsiPuOBiuWuouanmOOBq+OBr+Wkp+WkieOBlOi/t+aDkeOCkuOBiuaOm+OBkeiHtOOBl+OBvuOBmeOBjOOAgeOBlOeQhuino+OBhOOBn+OBoOOBkeOBvuOBmeOCiOOBhuOBiumhmOOBhOiHtOOBl+OBvuOBmeOAgjwvcD4KPC9kaXY+IC0tPgoKCgo8IS0tIOS4gOmDqOWcsOWfn+OBp+OBrumFjemBlOmBheW7tuOBq+OBpOOBjeOBvuOBl+OBpiAtLT4KCgo8IS0tIOOCr+ODvOODneODsyAKPGltZyBzcmM9Imh0dHA6Ly93d3cucmFrdXRlbi5uZS5qcC9nb2xkL2VzcG9ydHMvYm4vY291cG9uL2NvdXBvbjc3MC5naWYiIGFsdD0iMjAw5YaGT0ZG44Kv44O844Od44OzIj4gLS0+CgoKCjwhLS0gPGltZyBzcmM9Imh0dHA6Ly93d3cucmFrdXRlbi5uZS5qcC9nb2xkL2VzcG9ydHMvYm4vYWRpZGFzL2FkaWRhcy1ibjM1Ny5qcGciIGFsdD0iYWRpZGFz44Od44Kk44Oz44OIMTXlgI0iPiAtLT4KCgo8YnI+,44Of44K644OO77yITUlaVU5P77yJIFTjgrfjg6Pjg4ROROmVt+iiliAzMkpBNjEzMDkwIOOAkOOCueODneODvOODhOOCpuOCp+OCoiDjg4jjg6zjg7zjg4vjg7PjgrAg44OI44OD44OX44K5IOODoeODs+OCuiDjg6zjg4fjgqPjg7zjgrnjgJHvvJrvvYXvvLPvvLDvvK/vvLLvvLTvvLPmpb3lpKnmlK/lupc=,44Ki44Km44OI44OJ44Ki44Kt44Oj44Oz44OX44OQ44O844OZ44Kt44Ol44O844OG44Oz44OI44K/44O844OX44OG44O844OW44Or44OB44Kn44Ki44K344Ol44Op44OV44Op44Oz44K/44Oz44Kv44O844Op44O844Oc44OD44Kv44K544Kz44O844Or44Oe44Oz44OO44O844K544OV44Kn44Kk44K544K544Od44O844OE44OV44Kj44OD44OI44ON44K544OA44Kk44Ko44OD44OI44OI44Os44O844OL44Oz44Kw44OX44Ot44OG44Kk44Oz44K144OX44Oq44Oh44Oz44OI44OA44Oz44OZ44Or44K144OD44Kr44O844Of44K644OO77yITUlaVU5P77yJIFTjgrfjg6Pjg4ROROmVt+iiliAzMkpBNjEzMDkwIOOAkOOCueODneODvOODhOOCpuOCp+OCoiDjg4jjg6zjg7zjg4vjg7PjgrAg44OI44OD44OX44K5IOODoeODs+OCuiDjg6zjg4fjgqPjg7zjgrnjgJE=,44Of44K644OO77yITUlaVU5P77yJIFTjgrfjg6Pjg4ROROmVt+iiliAzMkpBNjEzMDkwIOOAkOOCueODneODvOODhOOCpuOCp+OCoiDjg4jjg6zjg7zjg4vjg7PjgrAg44OI44OD44OX44K5IOODoeODs+OCuiDjg6zjg4fjgqPjg7zjgrnjgJE=[rn]
34-75272,aHR0cDovL3RzaG9wLnIxMHMuanAvZXNwb3J0cy9jYWJpbmV0Lzk5ODItMjUvOTk4MjQyMTQ5MTQ2My5qcGc/Zml0aW49NzAwOjcwMA==,Mzc0Mi40MDAw,,44K544Od44O844OE44O744Ki44Km44OI44OJ44KiID4g44OV44Kj44OD44OI44ON44K544O744OI44Os44O844OL44Oz44KwID4g44Km44Kn44KiID4g44Os44OH44Kj44O844K544Km44Kn44KiID4g44OI44OD44OX44K5,44Of44K644OO77yITUlaVU5P77yJIOODrOODh+OCo+ODvOOCuSDjgqbjgqnjg7zjg6DjgqLjg4Pjg5fjgrfjg6Pjg4QgMzJKQzYzMjUwNyBN44K144Kk44K6IOOAkOOCueODneODvOODhOOCpuOCp+OCoiDjg4jjg6zjg7zjg4vjg7PjgrDjgqbjgqfjgqIg6ZW36KKW44CR,,PCEtLWltZ190YWdzLS0+PHRhYmxlIGJvcmRlcj0iMCIgd2lkdGg9IjY1MCI+PFRSPjxURCBhbGlnbj0iY2VudGVyIj48QSBocmVmPSJodHRwOi8vd3d3LnJha3V0ZW4uY28uanAvZXNwb3J0cy9pbmZvMi5odG1sI2RlciI+PElNRyBzcmM9Imh0dHA6Ly93d3cucmFrdXRlbi5uZS5qcC9nb2xkL2VzcG9ydHMvc3VwcG9ydC9zaGlwcGluZzIuZ2lmIiBib3JkZXI9IjAiPjwvQT48QSBocmVmPSJodHRwOi8vd3d3LnJha3V0ZW4ubmUuanAvZ29sZC9lc3BvcnRzL3N1cHBvcnQvZGlzcGF0Y2guaHRtbCI+PElNRyBzcmM9Imh0dHA6Ly93d3cucmFrdXRlbi5uZS5qcC9nb2xkL2VzcG9ydHMvc3VwcG9ydC9kYXlzMy5naWYiIGJvcmRlcj0iMCI+PC9BPjxBIGhyZWY9Imh0dHA6Ly93d3cucmFrdXRlbi5uZS5qcC9nb2xkL2VzcG9ydHMvc3VwcG9ydC9kaXNwYXRjaC5odG1sIj48SU1HIHNyYz0iaHR0cDovL3d3dy5yYWt1dGVuLm5lLmpwL2dvbGQvZXNwb3J0cy9zdXBwb3J0L3BsYWNlMy5naWYiIGJvcmRlcj0iMCI+PC9BPjxBIGhyZWY9Imh0dHA6Ly93d3cucmFrdXRlbi5jby5qcC9lc3BvcnRzL2luZm8yLmh0bWwjYmFjayI+PElNRyBzcmM9Imh0dHA6Ly93d3cucmFrdXRlbi5uZS5qcC9nb2xkL2VzcG9ydHMvc3VwcG9ydC9yZXR1cm4yLmdpZiIgYm9yZGVyPSIwIj48L0E+PC90ZD48L3RyPjwvdGFibGU+PCEtLWltZ190YWdlLS0+PHN0cm9uZz48Zm9udCBjb2xvcj0iIzAwMDBDRCIgc2l6ZT0iNCI+5aWz5oCn55So44K344Oz44OX44Or44Km44Kp44O844Og44Ki44OD44OX44CB44Oq44OL44Ol44O844Ki44Or44CCPGJyPjwvZm9udD48L3N0cm9uZz48YnI+4pag44Od44Kx44OD44OI44OV44Kh44K544OK44O844Gq44GXPGJyPjxicj48YnI+PHN0cm9uZz7jgJDmqZ/og73jgJE8L3N0cm9uZz48YnI+44O75pyA44KC44K544K/44Oz44OA44O844OJ44Gq44K344Or44Ko44OD44OI44CCPGJyPuODu+WQuOaxl+mAn+S5vuaAp+OBjOWEquOCjOOBpuOBhOOCi+OBk+OBqOOCkuekuuOBl+OAgeaxl+OCkue0oOaXqeOBj+WQuOWPjuOAgeaLoeaVo+OAgeOCpuOCqOOCouWGheOCkuW/q+mBqeOBqueKtuaFi+OBq+S/neOBoeOBvuOBmeOAgjxicj7jg7vnkrDlooPphY3mha7lnovllYblk4Hjga7mlrDjgZfjgYToqo3lrprln7rmupbjgIzjg5/jgrrjg47jgrDjg6rjg7zjg7PjgrDjg6zjg7zjg4njgI3jg5bjg63jg7Pjgrrjg6Hjg4Djg6vjgII8YnI+PGJyPjxwPjwhLS1ta190YWdzLS0+PFA+PElNRyBzcmM9Imh0dHA6Ly93d3cucmFrdXRlbi5uZS5qcC9nb2xkL2VzcG9ydHMvYm4vanl1aGF0dHl1dTUyMC02MC5qcGciIHdpZHRoPSI1MjAiIGhlaWdodD0iNjAiIGJvcmRlcj0iMCI+PC9QPjwhLS1ta190YWdlLS0+PGJyPjxpbWcgc3JjPSJodHRwOi8vaW1hZ2UucmFrdXRlbi5jby5qcC9lc3BvcnRzL2NhYmluZXQvc2l6ZS9zcG9ydHNfc2l6ZTM3NS5naWYiIHdpZHRoPSIzNzVweCIgaGVpZ2h0PSI5MHB4IiBhbHQ9IuOCueODneODvOODhOOCpuOCp+OCouOCteOCpOOCuuihqCIgYm9yZGVyPSIwIj48YnI+PGJyPuKXj+euoeeQhmNvZGXvvJo3OTgzOTU5NTwhLS1zcGVjX3RhZ3MtLT48cD48c3Ryb25nPjxmb250IGNvbG9yPSIjMDAwMENEIiBzaXplPSIzIj7jgJDllYblk4Hjgrnjg5rjg4Pjgq/jgJE8L2ZvbnQ+PC9zdHJvbmc+PGJyPuKXjzxzdHJvbmc+44Os44OH44Kj44O844K544K144Kk44K677yIY23vvIk8L3N0cm9uZz4gOiA8YnI+44CAWFMv6Lqr6ZW3MTQ3772eMTUz44CB44OQ44K544OINzXvvZ43OeOAgeOCpuOCqOOCueODiDU2772eNjA8YnI+44CAUy/ouqvplbcxNTLvvZ4xNTjjgIHjg5Djgrnjg4g3OO+9njgy44CB44Km44Ko44K544OINTnvvZ42Mzxicj7jgIBNL+i6q+mVtzE1N++9njE2M+OAgeODkOOCueODiDgx772eODXjgIHjgqbjgqjjgrnjg4g2Mu+9njY2PGJyPuOAgEwv6Lqr6ZW3MTYy772eMTY444CB44OQ44K544OIODTvvZ44OOOAgeOCpuOCqOOCueODiDY1772eNjk8YnI+44CAWEwv6Lqr6ZW3MTY3772eMTcz44CB44OQ44K544OIODfvvZ45MeOAgeOCpuOCqOOCueODiDY4772eNzI8YnI+44CAMlhML+i6q+mVtzE3Mu+9njE3OOOAgeODkOOCueODiDkw772eOTTjgIHjgqbjgqjjgrnjg4g3Me+9njc1PGJyPuOAgDNYTC/ouqvplbcxNzfvvZ4xODPjgIHjg5Djgrnjg4g5M++9njk344CB44Km44Ko44K544OINzTvvZ43ODxicj7il488c3Ryb25nPuimj+agvOOCteOCpOOCuu+8iOWun+WvuO+8ie+8iGNt77yJPC9zdHJvbmc+IDogPGJyPuOAgOedgOS4iO+8mlMvNTcuOeOAgU0vNjDjgIFMLzYyLjHjgIFYTC82NC4yPGJyPuOAgOiDuOWbnuOCiu+8mlMvOTXjgIFNLzk444CBTC8xMDHjgIFYTC8xMDQ8YnI+44CA6IKp5bmF77yaUy8zNC4444CBTS8zNuOAgUwvMzcuMuOAgVhMLzM4LjQ8YnI+44CA6KKW5LiI77yaUy81OC4144CBTS82MOOAgUwvNjEuNeOAgVhMLzYzPGJyPuKXjzxzdHJvbmc+57Sg5p2QPC9zdHJvbmc+IDog44Od44Oq44Ko44K544OG44OrMTAw77yFPGJyPuKXjzxzdHJvbmc+5Y6f55Sj5Zu9PC9zdHJvbmc+IDog5Lit5Zu96KO944O75pel5pys6KO9PGJyPjwhLS1zcGVjX3RhZ2UtLT48YnI+PGJyPjxicj48Zm9udCBzaXplPSItMSI+44Oh44O844Kr44O85biM5pyb5bCP5aOy5L6h5qC844Gv44Oh44O844Kr44O844Kr44K/44Ot44Kw44Gr5Z+644Gl44GE44Gm5o6y6LyJ44GX44Gm44GE44G+44GZPGJyPjwvZm9udD48aW1nIHNyYz0iaHR0cDovL2ltYWdlLnJha3V0ZW4uY28uanAvZXNwb3J0cy9jYWJpbmV0L2V2aWRlbmNlL2V2aWRlbmNlMi5qcGciIGJvcmRlcj0iMCIgYWx0PSLjgqjjg5Pjg4fjg7PjgrkiPjxsaW5rIHJlbD0ic3R5bGVzaGVldCIgdHlwZT0idGV4dC9jc3MiIGhyZWY9Imh0dHA6Ly93d3cucmFrdXRlbi5uZS5qcC9nb2xkL2VzcG9ydHMvc2hvcHBpbmdfcGFydHMuY3NzIj4KCjxkaXYgc3R5bGU9Im1hcmdpbi10b3A6LTI2cHg7Ij48L2Rpdj4KCjwhLS0g44K744O844OrIDxpbWcgc3JjPSJodHRwOi8vd3d3LnJha3V0ZW4ubmUuanAvZ29sZC9lc3BvcnRzL25ld3llYXItc2FsZS9uZXd5ZWFyLXNhbGUtNzgwLmpwZyIgYm9yZGVyPSIwIiBhbHQ9IuOCu+ODvOODqyIgd2lkdGg9Ijc3MHB4Ij48YnI+PGJyPiDjgrvjg7zjg6sgLS0+Cgo8IS0tIOOCueODvOODkeODvOOCu+ODvOODqyA8ZGl2IHN0eWxlPSJ3aWR0aCA6IDc1MHB4OyI+CjxkaXYgYWxpZ249ImNlbnRlciIgc3R5bGU9Im1hcmdpbi1ib3R0b20gOiAwcHg7Ym9yZGVyLXdpZHRoIDogMnB4O2JvcmRlci1zdHlsZSA6IHNvbGlkO2JvcmRlci1jb2xvciA6ICNiYzExMzE7Ij4KCjwvZGl2PjwvZGl2PjxkaXYgY2xhc3M9Im1hcmdpbjUiPjwvZGl2Pjxicj4g44K544O844OR44O844K744O844OrLS0+Cgo8IS0tIOOCueODvOODkeODvOOCu+ODvOODqzIg77yI44OQ44OK44O844Gu44G/77yJPGltZyBzcmM9Imh0dHA6Ly93d3cucmFrdXRlbi5uZS5qcC9nb2xkL2VzcG9ydHMvc3BzYWxlL3NhbGUtYm43ODAuanBnIiBib3JkZXI9IjAiIGFsdD0i44K744O844OrIiB3aWR0aD0iNzcwcHgiPjxicj48YnI+IOOCueODvOODkeODvCAtLT4KCjxkaXYgY2xhc3M9ImNvbnRlbnRzIj48IS0tIOWRiuefpSAKPGRpdiBzdHlsZT0id2lkdGg6NzM2cHg7IHBhZGRpbmc6MTVweDsgbWFyZ2luOjVweCAwIDE1cHg7IGJvcmRlcjpzb2xpZCAjRTYyRjJGIDJweDsiPgo8cCBzdHlsZT0iZm9udC13ZWlnaHQ6Ym9sZDsgZm9udC1zaXplOjE3cHg7IHRleHQtYWxpZ246Y2VudGVyOyI+44CQIDxzcGFuIHN0eWxlPSJib3JkZXItYm90dG9tOjJweCBkb3R0ZWQgIzk5OTsgZm9udC1zaXplOjE1cHg7Ij415pyIMjbml6Uo6YeRKeOBruWWtualreOBq+OBpOOBhOOBpjwvc3Bhbj4g44CRPC9wPgo8cCBzdHlsZT0iZm9udC1zaXplOjEzcHg7IG1hcmdpbi10b3A6MTVweDsiPuiqoOOBq+WLneaJi+OBquOBjOOCiTXmnIgyNuaXpSjph5Ep44Gv44CB56S+5YaF56CU5L+u44Gu44Gf44KB44CB5Za25qWt5pmC6ZaT44KS5Y2I5YmNMTLvvJowMOOBvuOBp+OBqOOBleOBm+OBpuOBhOOBn+OBoOOBjeOBvuOBmeOAguWwmuOAgeOAjOOBguOBmealveOAjeWvvuW/nOWTgeOBq+OBpOOBjeOBvuOBl+OBpuOBr+OAgemAmuW4uOmAmuOCijEy77yaMDDjgb7jgafjga7jgZTms6jmlofjgpLlvZPml6XnmbrpgIHjgZXjgZvjgabjgYTjgZ/jgaDjgY3jgb7jgZnjgII8L3A+CjxwIHN0eWxlPSJmb250LXNpemU6MTNweDsgbWFyZ2luLXRvcDoxNXB4OyI+44GK5a6i5qeY44Gr44Gv44GU5LiN5L6/44KS44GK5o6b44GR6Ie044GX44G+44GZ44GM44CB44GU55CG6Kej44Gu56iL44CB5a6c44GX44GP44GK6aGY44GE6Ie044GX44G+44GZ44CCPC9wPgo8L2Rpdj4gLS0+CgoKPCEtLSA8ZGl2IHN0eWxlPSJ3aWR0aDo3MzZweDsgcGFkZGluZzoxNXB4OyBtYXJnaW46NXB4IDAgMTVweDsgYm9yZGVyOnNvbGlkICNFNjJGMkYgMnB4OyI+CjxwIHN0eWxlPSJmb250LXdlaWdodDpib2xkOyBmb250LXNpemU6MTdweDsgdGV4dC1hbGlnbjpjZW50ZXI7IG1hcmdpbjowOyI+44CQIDxzcGFuIHN0eWxlPSJib3JkZXItYm90dG9tOjJweCBkb3R0ZWQgIzk5OTsgZm9udC1zaXplOjE1cHg7Ij7lpKnlgJnkuI3oia/jga7lvbHpn7/jgavjgojjgovphY3pgIHpgYXlu7bjgavjgaTjgYTjgaY8L3NwYW4+IOOAkTwvcD4KPHAgc3R5bGU9ImZvbnQtc2l6ZToxM3B4OyBtYXJnaW46MTVweCAwIDA7Ij7lj7Dpoqjjg7vosarpm6jnrYnjga7lpKnlgJnkuI3oia/jgavkvLTjgYTjgIHkuIDpg6jlnLDln5/jgafjgYrojbfnianjga7jgYrlsYrjgZHjgavpgYXjgozjgYznmbrnlJ/jgZnjgovmgZDjgozjgYzjgZTjgZbjgYTjgb7jgZnjgII8L3A+CjxwIHN0eWxlPSJmb250LXNpemU6MTNweDsgbWFyZ2luOjdweCAwIDA7Ij7jgb7jgZ/jgIHku4rlvozjga7lj7Dpoqjjga7pgLLot6/jgavjgojjgaPjgabjga/jgIHluoPnr4Tlm7Ljga7lnLDln5/jgafpgYXjgozjgYznlJ/jgZjjgovlj6/og73mgKfjgYzjgYLjgorjgb7jgZnjgILlnLDln5/jgoTjgr/jgqTjg5/jg7PjgrDjgavjgojjgaPjgabjgIHjgZTluIzmnJvjga7jgYrlsYrjgZHml6XmmYLjgavphY3pgZTjgafjgY3jgarjgYTloLTlkIjjgYzjgZTjgZbjgYTjgb7jgZnjgII8L3A+CjxwIHN0eWxlPSJmb250LXNpemU6MTNweDsgbWFyZ2luOjdweCAwIDA7Ij7jgYrlrqLmp5jjgavjga/lpKflpInjgZTov7fmg5HjgpLjgYrmjpvjgZHoh7TjgZfjgb7jgZnjgYzjgIHjgZTnkIbop6PjgYTjgZ/jgaDjgZHjgb7jgZnjgojjgYbjgYrpoZjjgYToh7TjgZfjgb7jgZnjgII8L3A+CjwvZGl2PiAtLT4KCgoKPCEtLSDkuIDpg6jlnLDln5/jgafjga7phY3pgZTpgYXlu7bjgavjgaTjgY3jgb7jgZfjgaYgLS0+CgoKPCEtLSDjgq/jg7zjg53jg7MgCjxpbWcgc3JjPSJodHRwOi8vd3d3LnJha3V0ZW4ubmUuanAvZ29sZC9lc3BvcnRzL2JuL2NvdXBvbi9jb3Vwb243NzAuZ2lmIiBhbHQ9IjIwMOWGhk9GRuOCr+ODvOODneODsyI+IC0tPgoKCgo8IS0tIDxpbWcgc3JjPSJodHRwOi8vd3d3LnJha3V0ZW4ubmUuanAvZ29sZC9lc3BvcnRzL2JuL2FkaWRhcy9hZGlkYXMtYm4zNTcuanBnIiBhbHQ9ImFkaWRhc+ODneOCpOODs+ODiDE15YCNIj4gLS0+CgoKPGJyPg==,44Of44K644OO77yITUlaVU5P77yJIOODrOODh+OCo+ODvOOCuSDjgqbjgqnjg7zjg6DjgqLjg4Pjg5fjgrfjg6Pjg4QgMzJKQzYzMjUwNyBN44K144Kk44K6IOOAkOOCueODneODvOODhOOCpuOCp+OCoiDjg4jjg6zjg7zjg4vjg7PjgrDjgqbjgqfjgqIg6ZW36KKW44CR77ya772F77yz77yw77yv77yy77y077yz5qW95aSp5pSv5bqX,44Ki44Km44OI44OJ44Ki44Kt44Oj44Oz44OX44OQ44O844OZ44Kt44Ol44O844OG44Oz44OI44K/44O844OX44OG44O844OW44Or44OB44Kn44Ki44K344Ol44Op44OV44Op44Oz44K/44Oz44Kv44O844Op44O844Oc44OD44Kv44K544Kz44O844Or44Oe44Oz44OO44O844K544OV44Kn44Kk44K544K544Od44O844OE44OV44Kj44OD44OI44ON44K544OA44Kk44Ko44OD44OI44OI44Os44O844OL44Oz44Kw44OX44Ot44OG44Kk44Oz44K144OX44Oq44Oh44Oz44OI44OA44Oz44OZ44Or44K144OD44Kr44O844Of44K644OO77yITUlaVU5P77yJIOODrOODh+OCo+ODvOOCuSDjgqbjgqnjg7zjg6DjgqLjg4Pjg5fjgrfjg6Pjg4QgMzJKQzYzMjUwNyBN44K144Kk44K6IOOAkOOCueODneODvOODhOOCpuOCp+OCoiDjg4jjg6zjg7zjg4vjg7PjgrDjgqbjgqfjgqIg6ZW36KKW44CR,44Of44K644OO77yITUlaVU5P77yJIOODrOODh+OCo+ODvOOCuSDjgqbjgqnjg7zjg6DjgqLjg4Pjg5fjgrfjg6Pjg4QgMzJKQzYzMjUwNyBN44K144Kk44K6IOOAkOOCueODneODvOODhOOCpuOCp+OCoiDjg4jjg6zjg7zjg4vjg7PjgrDjgqbjgqfjgqIg6ZW36KKW44CR[rn]
34-75273,aHR0cDovL3RzaG9wLnIxMHMuanAvZXNwb3J0cy9jYWJpbmV0Lzk5ODItMjUvOTk4MjQyMTQ5MTQ1Ni5qcGc/Zml0aW49NzAwOjcwMA==,NDM4Ny4yMDAw,,44K544Od44O844OE44O744Ki44Km44OI44OJ44KiID4g44OV44Kj44OD44OI44ON44K544O744OI44Os44O844OL44Oz44KwID4g44Km44Kn44KiID4g44Os44OH44Kj44O844K544Km44Kn44KiID4g44OI44OD44OX44K5,44Of44K644OO77yITUlaVU5P77yJIOODrOODh+OCo+ODvOOCuSDjg5/jgrrjg47jgq/jg63jgrnjg4bjgqPjg4Pjgq8g44Og44O844O044Kv44Ot44K544K344Oj44OEIDMySkM2MjMwMDEg44CQ44K544Od44O844OE44Km44Kn44KiIOODiOODrOODvOODi+ODs+OCsOOCpuOCp+OCoiDplbfoopbjgJE=,,PCEtLWltZ190YWdzLS0+PHRhYmxlIGJvcmRlcj0iMCIgd2lkdGg9IjY1MCI+PFRSPjxURCBhbGlnbj0iY2VudGVyIj48QSBocmVmPSJodHRwOi8vd3d3LnJha3V0ZW4uY28uanAvZXNwb3J0cy9pbmZvMi5odG1sI2RlciI+PElNRyBzcmM9Imh0dHA6Ly93d3cucmFrdXRlbi5uZS5qcC9nb2xkL2VzcG9ydHMvc3VwcG9ydC9zaGlwcGluZzIuZ2lmIiBib3JkZXI9IjAiPjwvQT48QSBocmVmPSJodHRwOi8vd3d3LnJha3V0ZW4ubmUuanAvZ29sZC9lc3BvcnRzL3N1cHBvcnQvZGlzcGF0Y2guaHRtbCI+PElNRyBzcmM9Imh0dHA6Ly93d3cucmFrdXRlbi5uZS5qcC9nb2xkL2VzcG9ydHMvc3VwcG9ydC9kYXlzMy5naWYiIGJvcmRlcj0iMCI+PC9BPjxBIGhyZWY9Imh0dHA6Ly93d3cucmFrdXRlbi5uZS5qcC9nb2xkL2VzcG9ydHMvc3VwcG9ydC9kaXNwYXRjaC5odG1sIj48SU1HIHNyYz0iaHR0cDovL3d3dy5yYWt1dGVuLm5lLmpwL2dvbGQvZXNwb3J0cy9zdXBwb3J0L3BsYWNlMy5naWYiIGJvcmRlcj0iMCI+PC9BPjxBIGhyZWY9Imh0dHA6Ly93d3cucmFrdXRlbi5jby5qcC9lc3BvcnRzL2luZm8yLmh0bWwjYmFjayI+PElNRyBzcmM9Imh0dHA6Ly93d3cucmFrdXRlbi5uZS5qcC9nb2xkL2VzcG9ydHMvc3VwcG9ydC9yZXR1cm4yLmdpZiIgYm9yZGVyPSIwIj48L0E+PC90ZD48L3RyPjwvdGFibGU+PCEtLWltZ190YWdlLS0+PHN0cm9uZz48Zm9udCBjb2xvcj0iIzAwMDBDRCIgc2l6ZT0iNCI+44Og44O844OW44Kv44Ot44K544Gn5aSP44KC5b+r6YGp44Gr44K544Od44O844OE44KS5qW944GX44KC44GG77yBPGJyPjwvZm9udD48L3N0cm9uZz48YnI+4pag44Od44Kx44OD44OI44OV44Kh44K544OK44O854Sh44GXPGJyPjxicj48YnI+PHN0cm9uZz7jgJDmqZ/og73jgJE8L3N0cm9uZz48YnI+44O75pyA44KC44K544K/44Oz44OA44O844OJ44Gq44K344Or44Ko44OD44OI44CCPGJyPuODu+WQuOaxl+mAn+S5vuaAp+OBjOWEquOCjOOBpuOBhOOCi+OBk+OBqOOCkuekuuOBl+OAgeaxl+OCkue0oOaXqeOBj+WQuOWPjuOAgeaLoeaVo+OAgeOCpuOCqOOCouWGheOCkuW/q+mBqeOBqueKtuaFi+OBq+S/neOBoeOBvuOBmeOAgjxicj7jg7vntKvlpJbnt5rjgqvjg4Pjg4jmgKfjgavlhKrjgozjgabjgYTjgovjgZPjgajjgpLnpLrjgZfjgIHml6XnhLzjgZHjgYvjgonogozjgpLlrojjgorjgb7jgZnjgII8YnI+44O744K544OI44Os44OD44OB5oCn44GM5YSq44KM44Gm44GE44KL44GT44Go44KS56S644GX44CB5YuV44GN44KS44KI44KK44K544Og44O844K644Gr44GX44CB5LiN5b+r44Gq44Gk44Gj44Gx44KK5oSf44KS6Lu95rib44GX44G+44GZ44CCPGJyPuODu+mAmuawl+aAp+OCkuiAg+aFruOBl+OBn+OCueODiOODrOODg+ODgee0oOadkOOBp+OBpOOBo+OBseOCiuaEn+OCkui7vea4m+OAgeOCueODoOODvOOCuuOBp+WuieWumuaEn+OBruOBguOCi+WLleOBjeOCkuWPr+iDveOBq+OBl+OBvuOBmeOAgjxicj7jg7vnkrDlooPphY3mha7lnovllYblk4Hjga7mlrDjgZfjgYToqo3lrprln7rmupbjgIzjg5/jgrrjg47jgrDjg6rjg7zjg7PjgrDjg6zjg7zjg4njgI3jg5bjg63jg7Pjgrrjg6Hjg4Djg6vjgII8YnI+PGJyPjxwPjwhLS1ta190YWdzLS0+PFA+PElNRyBzcmM9Imh0dHA6Ly93d3cucmFrdXRlbi5uZS5qcC9nb2xkL2VzcG9ydHMvYm4vanl1aGF0dHl1dTUyMC02MC5qcGciIHdpZHRoPSI1MjAiIGhlaWdodD0iNjAiIGJvcmRlcj0iMCI+PC9QPjwhLS1ta190YWdlLS0+PGJyPjxpbWcgc3JjPSJodHRwOi8vaW1hZ2UucmFrdXRlbi5jby5qcC9lc3BvcnRzL2NhYmluZXQvc2l6ZS9zcG9ydHNfc2l6ZTM3NS5naWYiIHdpZHRoPSIzNzVweCIgaGVpZ2h0PSI5MHB4IiBhbHQ9IuOCueODneODvOODhOOCpuOCp+OCouOCteOCpOOCuuihqCIgYm9yZGVyPSIwIj48YnI+PGJyPuKXj+euoeeQhmNvZGXvvJo3OTgzOTU5NTwhLS1zcGVjX3RhZ3MtLT48cD48c3Ryb25nPjxmb250IGNvbG9yPSIjMDAwMENEIiBzaXplPSIzIj7jgJDllYblk4Hjgrnjg5rjg4Pjgq/jgJE8L2ZvbnQ+PC9zdHJvbmc+PGJyPuKXjzxzdHJvbmc+44Os44OH44Kj44O844K544K144Kk44K677yIY23vvIk8L3N0cm9uZz4gOiA8YnI+44CAWFMv6Lqr6ZW3MTQ3772eMTUz44CB44OQ44K544OINzXvvZ43OeOAgeOCpuOCqOOCueODiDU2772eNjA8YnI+44CAUy/ouqvplbcxNTLvvZ4xNTjjgIHjg5Djgrnjg4g3OO+9njgy44CB44Km44Ko44K544OINTnvvZ42Mzxicj7jgIBNL+i6q+mVtzE1N++9njE2M+OAgeODkOOCueODiDgx772eODXjgIHjgqbjgqjjgrnjg4g2Mu+9njY2PGJyPuOAgEwv6Lqr6ZW3MTYy772eMTY444CB44OQ44K544OIODTvvZ44OOOAgeOCpuOCqOOCueODiDY1772eNjk8YnI+44CAWEwv6Lqr6ZW3MTY3772eMTcz44CB44OQ44K544OIODfvvZ45MeOAgeOCpuOCqOOCueODiDY4772eNzI8YnI+44CAMlhML+i6q+mVtzE3Mu+9njE3OOOAgeODkOOCueODiDkw772eOTTjgIHjgqbjgqjjgrnjg4g3Me+9njc1PGJyPuOAgDNYTC/ouqvplbcxNzfvvZ4xODPjgIHjg5Djgrnjg4g5M++9njk344CB44Km44Ko44K544OINzTvvZ43ODxicj7il488c3Ryb25nPuimj+agvOOCteOCpOOCuu+8iOWun+WvuO+8ie+8iGNt77yJPC9zdHJvbmc+IDogPGJyPuOAgOedgOS4iO+8mlMvNjEuOeOAgU0vNjXjgIFMLzY4LjHjgIFYTC83MS4yPGJyPuOAgOiDuOWbnuOCiu+8mlMvOTfjgIFNLzEwMOOAgUwvMTAz44CBWEwvMTA2PGJyPuOAgOiCqeW5he+8mlMvMzcuOOOAgU0vMznjgIFMLzQwLjLjgIFYTC80MS40PGJyPuKXjzxzdHJvbmc+57Sg5p2QPC9zdHJvbmc+IDog44Od44Oq44Ko44K544OG44OrMTAw77yFPGJyPuKXjzxzdHJvbmc+5Y6f55Sj5Zu9PC9zdHJvbmc+IDog5Lit5Zu96KO9PGJyPjwhLS1zcGVjX3RhZ2UtLT48YnI+PGJyPjxicj48Zm9udCBzaXplPSItMSI+44Oh44O844Kr44O85biM5pyb5bCP5aOy5L6h5qC844Gv44Oh44O844Kr44O844Kr44K/44Ot44Kw44Gr5Z+644Gl44GE44Gm5o6y6LyJ44GX44Gm44GE44G+44GZPGJyPjwvZm9udD48aW1nIHNyYz0iaHR0cDovL2ltYWdlLnJha3V0ZW4uY28uanAvZXNwb3J0cy9jYWJpbmV0L2V2aWRlbmNlL2V2aWRlbmNlMi5qcGciIGJvcmRlcj0iMCIgYWx0PSLjgqjjg5Pjg4fjg7PjgrkiPjxsaW5rIHJlbD0ic3R5bGVzaGVldCIgdHlwZT0idGV4dC9jc3MiIGhyZWY9Imh0dHA6Ly93d3cucmFrdXRlbi5uZS5qcC9nb2xkL2VzcG9ydHMvc2hvcHBpbmdfcGFydHMuY3NzIj4KCjxkaXYgc3R5bGU9Im1hcmdpbi10b3A6LTI2cHg7Ij48L2Rpdj4KCjwhLS0g44K744O844OrIDxpbWcgc3JjPSJodHRwOi8vd3d3LnJha3V0ZW4ubmUuanAvZ29sZC9lc3BvcnRzL25ld3llYXItc2FsZS9uZXd5ZWFyLXNhbGUtNzgwLmpwZyIgYm9yZGVyPSIwIiBhbHQ9IuOCu+ODvOODqyIgd2lkdGg9Ijc3MHB4Ij48YnI+PGJyPiDjgrvjg7zjg6sgLS0+Cgo8IS0tIOOCueODvOODkeODvOOCu+ODvOODqyA8ZGl2IHN0eWxlPSJ3aWR0aCA6IDc1MHB4OyI+CjxkaXYgYWxpZ249ImNlbnRlciIgc3R5bGU9Im1hcmdpbi1ib3R0b20gOiAwcHg7Ym9yZGVyLXdpZHRoIDogMnB4O2JvcmRlci1zdHlsZSA6IHNvbGlkO2JvcmRlci1jb2xvciA6ICNiYzExMzE7Ij4KCjwvZGl2PjwvZGl2PjxkaXYgY2xhc3M9Im1hcmdpbjUiPjwvZGl2Pjxicj4g44K544O844OR44O844K744O844OrLS0+Cgo8IS0tIOOCueODvOODkeODvOOCu+ODvOODqzIg77yI44OQ44OK44O844Gu44G/77yJPGltZyBzcmM9Imh0dHA6Ly93d3cucmFrdXRlbi5uZS5qcC9nb2xkL2VzcG9ydHMvc3BzYWxlL3NhbGUtYm43ODAuanBnIiBib3JkZXI9IjAiIGFsdD0i44K744O844OrIiB3aWR0aD0iNzcwcHgiPjxicj48YnI+IOOCueODvOODkeODvCAtLT4KCjxkaXYgY2xhc3M9ImNvbnRlbnRzIj48IS0tIOWRiuefpSAKPGRpdiBzdHlsZT0id2lkdGg6NzM2cHg7IHBhZGRpbmc6MTVweDsgbWFyZ2luOjVweCAwIDE1cHg7IGJvcmRlcjpzb2xpZCAjRTYyRjJGIDJweDsiPgo8cCBzdHlsZT0iZm9udC13ZWlnaHQ6Ym9sZDsgZm9udC1zaXplOjE3cHg7IHRleHQtYWxpZ246Y2VudGVyOyI+44CQIDxzcGFuIHN0eWxlPSJib3JkZXItYm90dG9tOjJweCBkb3R0ZWQgIzk5OTsgZm9udC1zaXplOjE1cHg7Ij415pyIMjbml6Uo6YeRKeOBruWWtualreOBq+OBpOOBhOOBpjwvc3Bhbj4g44CRPC9wPgo8cCBzdHlsZT0iZm9udC1zaXplOjEzcHg7IG1hcmdpbi10b3A6MTVweDsiPuiqoOOBq+WLneaJi+OBquOBjOOCiTXmnIgyNuaXpSjph5Ep44Gv44CB56S+5YaF56CU5L+u44Gu44Gf44KB44CB5Za25qWt5pmC6ZaT44KS5Y2I5YmNMTLvvJowMOOBvuOBp+OBqOOBleOBm+OBpuOBhOOBn+OBoOOBjeOBvuOBmeOAguWwmuOAgeOAjOOBguOBmealveOAjeWvvuW/nOWTgeOBq+OBpOOBjeOBvuOBl+OBpuOBr+OAgemAmuW4uOmAmuOCijEy77yaMDDjgb7jgafjga7jgZTms6jmlofjgpLlvZPml6XnmbrpgIHjgZXjgZvjgabjgYTjgZ/jgaDjgY3jgb7jgZnjgII8L3A+CjxwIHN0eWxlPSJmb250LXNpemU6MTNweDsgbWFyZ2luLXRvcDoxNXB4OyI+44GK5a6i5qeY44Gr44Gv44GU5LiN5L6/44KS44GK5o6b44GR6Ie044GX44G+44GZ44GM44CB44GU55CG6Kej44Gu56iL44CB5a6c44GX44GP44GK6aGY44GE6Ie044GX44G+44GZ44CCPC9wPgo8L2Rpdj4gLS0+CgoKPCEtLSA8ZGl2IHN0eWxlPSJ3aWR0aDo3MzZweDsgcGFkZGluZzoxNXB4OyBtYXJnaW46NXB4IDAgMTVweDsgYm9yZGVyOnNvbGlkICNFNjJGMkYgMnB4OyI+CjxwIHN0eWxlPSJmb250LXdlaWdodDpib2xkOyBmb250LXNpemU6MTdweDsgdGV4dC1hbGlnbjpjZW50ZXI7IG1hcmdpbjowOyI+44CQIDxzcGFuIHN0eWxlPSJib3JkZXItYm90dG9tOjJweCBkb3R0ZWQgIzk5OTsgZm9udC1zaXplOjE1cHg7Ij7lpKnlgJnkuI3oia/jga7lvbHpn7/jgavjgojjgovphY3pgIHpgYXlu7bjgavjgaTjgYTjgaY8L3NwYW4+IOOAkTwvcD4KPHAgc3R5bGU9ImZvbnQtc2l6ZToxM3B4OyBtYXJnaW46MTVweCAwIDA7Ij7lj7Dpoqjjg7vosarpm6jnrYnjga7lpKnlgJnkuI3oia/jgavkvLTjgYTjgIHkuIDpg6jlnLDln5/jgafjgYrojbfnianjga7jgYrlsYrjgZHjgavpgYXjgozjgYznmbrnlJ/jgZnjgovmgZDjgozjgYzjgZTjgZbjgYTjgb7jgZnjgII8L3A+CjxwIHN0eWxlPSJmb250LXNpemU6MTNweDsgbWFyZ2luOjdweCAwIDA7Ij7jgb7jgZ/jgIHku4rlvozjga7lj7Dpoqjjga7pgLLot6/jgavjgojjgaPjgabjga/jgIHluoPnr4Tlm7Ljga7lnLDln5/jgafpgYXjgozjgYznlJ/jgZjjgovlj6/og73mgKfjgYzjgYLjgorjgb7jgZnjgILlnLDln5/jgoTjgr/jgqTjg5/jg7PjgrDjgavjgojjgaPjgabjgIHjgZTluIzmnJvjga7jgYrlsYrjgZHml6XmmYLjgavphY3pgZTjgafjgY3jgarjgYTloLTlkIjjgYzjgZTjgZbjgYTjgb7jgZnjgII8L3A+CjxwIHN0eWxlPSJmb250LXNpemU6MTNweDsgbWFyZ2luOjdweCAwIDA7Ij7jgYrlrqLmp5jjgavjga/lpKflpInjgZTov7fmg5HjgpLjgYrmjpvjgZHoh7TjgZfjgb7jgZnjgYzjgIHjgZTnkIbop6PjgYTjgZ/jgaDjgZHjgb7jgZnjgojjgYbjgYrpoZjjgYToh7TjgZfjgb7jgZnjgII8L3A+CjwvZGl2PiAtLT4KCgoKPCEtLSDkuIDpg6jlnLDln5/jgafjga7phY3pgZTpgYXlu7bjgavjgaTjgY3jgb7jgZfjgaYgLS0+CgoKPCEtLSDjgq/jg7zjg53jg7MgCjxpbWcgc3JjPSJodHRwOi8vd3d3LnJha3V0ZW4ubmUuanAvZ29sZC9lc3BvcnRzL2JuL2NvdXBvbi9jb3Vwb243NzAuZ2lmIiBhbHQ9IjIwMOWGhk9GRuOCr+ODvOODneODsyI+IC0tPgoKCgo8IS0tIDxpbWcgc3JjPSJodHRwOi8vd3d3LnJha3V0ZW4ubmUuanAvZ29sZC9lc3BvcnRzL2JuL2FkaWRhcy9hZGlkYXMtYm4zNTcuanBnIiBhbHQ9ImFkaWRhc+ODneOCpOODs+ODiDE15YCNIj4gLS0+CgoKPGJyPg==,44Of44K644OO77yITUlaVU5P77yJIOODrOODh+OCo+ODvOOCuSDjg5/jgrrjg47jgq/jg63jgrnjg4bjgqPjg4Pjgq8g44Og44O844O044Kv44Ot44K544K344Oj44OEIDMySkM2MjMwMDEg44CQ44K544Od44O844OE44Km44Kn44KiIOODiOODrOODvOODi+ODs+OCsOOCpuOCp+OCoiDplbfoopbjgJHvvJrvvYXvvLPvvLDvvK/vvLLvvLTvvLPmpb3lpKnmlK/lupc=,44Ki44Km44OI44OJ44Ki44Kt44Oj44Oz44OX44OQ44O844OZ44Kt44Ol44O844OG44Oz44OI44K/44O844OX44OG44O844OW44Or44OB44Kn44Ki44K344Ol44Op44OV44Op44Oz44K/44Oz44Kv44O844Op44O844Oc44OD44Kv44K544Kz44O844Or44Oe44Oz44OO44O844K544OV44Kn44Kk44K544K544Od44O844OE44OV44Kj44OD44OI44ON44K544OA44Kk44Ko44OD44OI44OI44Os44O844OL44Oz44Kw44OX44Ot44OG44Kk44Oz44K144OX44Oq44Oh44Oz44OI44OA44Oz44OZ44Or44K144OD44Kr44O844Of44K644OO77yITUlaVU5P77yJIOODrOODh+OCo+ODvOOCuSDjg5/jgrrjg47jgq/jg63jgrnjg4bjgqPjg4Pjgq8g44Og44O844O044Kv44Ot44K544K344Oj44OEIDMySkM2MjMwMDEg44CQ44K544Od44O844OE44Km44Kn44KiIOODiOODrOODvOODi+ODs+OCsOOCpuOCp+OCoiDplbfoopbjgJE=,44Of44K644OO77yITUlaVU5P77yJIOODrOODh+OCo+ODvOOCuSDjg5/jgrrjg47jgq/jg63jgrnjg4bjgqPjg4Pjgq8g44Og44O844O044Kv44Ot44K544K344Oj44OEIDMySkM2MjMwMDEg44CQ44K544Od44O844OE44Km44Kn44KiIOODiOODrOODvOODi+ODs+OCsOOCpuOCp+OCoiDplbfoopbjgJE=[rn]
34-75274,aHR0cDovL3RzaG9wLnIxMHMuanAvZXNwb3J0cy9jYWJpbmV0Lzk5ODItMjUvOTk4MjQyMTQ5MTQ1Ny5qcGc/Zml0aW49NzAwOjcwMA==,NDM4Ny4yMDAw,,44K544Od44O844OE44O744Ki44Km44OI44OJ44KiID4g44OV44Kj44OD44OI44ON44K544O744OI44Os44O844OL44Oz44KwID4g44Km44Kn44KiID4g44Os44OH44Kj44O844K544Km44Kn44KiID4g44OI44OD44OX44K5,44Of44K644OO77yITUlaVU5P77yJIOODrOODh+OCo+ODvOOCuSDjg5/jgrrjg47jgq/jg63jgrnjg4bjgqPjg4Pjgq8g44Og44O844O044Kv44Ot44K544K344Oj44OEIDMySkM2MjMwMTQg44CQ44K544Od44O844OE44Km44Kn44KiIOODiOODrOODvOODi+ODs+OCsOOCpuOCp+OCoiDplbfoopbjgJE=,,PCEtLWltZ190YWdzLS0+PHRhYmxlIGJvcmRlcj0iMCIgd2lkdGg9IjY1MCI+PFRSPjxURCBhbGlnbj0iY2VudGVyIj48QSBocmVmPSJodHRwOi8vd3d3LnJha3V0ZW4uY28uanAvZXNwb3J0cy9pbmZvMi5odG1sI2RlciI+PElNRyBzcmM9Imh0dHA6Ly93d3cucmFrdXRlbi5uZS5qcC9nb2xkL2VzcG9ydHMvc3VwcG9ydC9zaGlwcGluZzIuZ2lmIiBib3JkZXI9IjAiPjwvQT48QSBocmVmPSJodHRwOi8vd3d3LnJha3V0ZW4ubmUuanAvZ29sZC9lc3BvcnRzL3N1cHBvcnQvZGlzcGF0Y2guaHRtbCI+PElNRyBzcmM9Imh0dHA6Ly93d3cucmFrdXRlbi5uZS5qcC9nb2xkL2VzcG9ydHMvc3VwcG9ydC9kYXlzMy5naWYiIGJvcmRlcj0iMCI+PC9BPjxBIGhyZWY9Imh0dHA6Ly93d3cucmFrdXRlbi5uZS5qcC9nb2xkL2VzcG9ydHMvc3VwcG9ydC9kaXNwYXRjaC5odG1sIj48SU1HIHNyYz0iaHR0cDovL3d3dy5yYWt1dGVuLm5lLmpwL2dvbGQvZXNwb3J0cy9zdXBwb3J0L3BsYWNlMy5naWYiIGJvcmRlcj0iMCI+PC9BPjxBIGhyZWY9Imh0dHA6Ly93d3cucmFrdXRlbi5jby5qcC9lc3BvcnRzL2luZm8yLmh0bWwjYmFjayI+PElNRyBzcmM9Imh0dHA6Ly93d3cucmFrdXRlbi5uZS5qcC9nb2xkL2VzcG9ydHMvc3VwcG9ydC9yZXR1cm4yLmdpZiIgYm9yZGVyPSIwIj48L0E+PC90ZD48L3RyPjwvdGFibGU+PCEtLWltZ190YWdlLS0+PHN0cm9uZz48Zm9udCBjb2xvcj0iIzAwMDBDRCIgc2l6ZT0iNCI+44Og44O844OW44Kv44Ot44K544Gn5aSP44KC5b+r6YGp44Gr44K544Od44O844OE44KS5qW944GX44KC44GG77yBPGJyPjwvZm9udD48L3N0cm9uZz48YnI+4pag44Od44Kx44OD44OI44OV44Kh44K544OK44O854Sh44GXPGJyPjxicj48YnI+PHN0cm9uZz7jgJDmqZ/og73jgJE8L3N0cm9uZz48YnI+44O75pyA44KC44K544K/44Oz44OA44O844OJ44Gq44K344Or44Ko44OD44OI44CCPGJyPuODu+WQuOaxl+mAn+S5vuaAp+OBjOWEquOCjOOBpuOBhOOCi+OBk+OBqOOCkuekuuOBl+OAgeaxl+OCkue0oOaXqeOBj+WQuOWPjuOAgeaLoeaVo+OAgeOCpuOCqOOCouWGheOCkuW/q+mBqeOBqueKtuaFi+OBq+S/neOBoeOBvuOBmeOAgjxicj7jg7vntKvlpJbnt5rjgqvjg4Pjg4jmgKfjgavlhKrjgozjgabjgYTjgovjgZPjgajjgpLnpLrjgZfjgIHml6XnhLzjgZHjgYvjgonogozjgpLlrojjgorjgb7jgZnjgII8YnI+44O744K544OI44Os44OD44OB5oCn44GM5YSq44KM44Gm44GE44KL44GT44Go44KS56S644GX44CB5YuV44GN44KS44KI44KK44K544Og44O844K644Gr44GX44CB5LiN5b+r44Gq44Gk44Gj44Gx44KK5oSf44KS6Lu95rib44GX44G+44GZ44CCPGJyPuODu+mAmuawl+aAp+OCkuiAg+aFruOBl+OBn+OCueODiOODrOODg+ODgee0oOadkOOBp+OBpOOBo+OBseOCiuaEn+OCkui7vea4m+OAgeOCueODoOODvOOCuuOBp+WuieWumuaEn+OBruOBguOCi+WLleOBjeOCkuWPr+iDveOBq+OBl+OBvuOBmeOAgjxicj7jg7vnkrDlooPphY3mha7lnovllYblk4Hjga7mlrDjgZfjgYToqo3lrprln7rmupbjgIzjg5/jgrrjg47jgrDjg6rjg7zjg7PjgrDjg6zjg7zjg4njgI3jg5bjg63jg7Pjgrrjg6Hjg4Djg6vjgII8YnI+PGJyPjxwPjwhLS1ta190YWdzLS0+PFA+PElNRyBzcmM9Imh0dHA6Ly93d3cucmFrdXRlbi5uZS5qcC9nb2xkL2VzcG9ydHMvYm4vanl1aGF0dHl1dTUyMC02MC5qcGciIHdpZHRoPSI1MjAiIGhlaWdodD0iNjAiIGJvcmRlcj0iMCI+PC9QPjwhLS1ta190YWdlLS0+PGJyPjxpbWcgc3JjPSJodHRwOi8vaW1hZ2UucmFrdXRlbi5jby5qcC9lc3BvcnRzL2NhYmluZXQvc2l6ZS9zcG9ydHNfc2l6ZTM3NS5naWYiIHdpZHRoPSIzNzVweCIgaGVpZ2h0PSI5MHB4IiBhbHQ9IuOCueODneODvOODhOOCpuOCp+OCouOCteOCpOOCuuihqCIgYm9yZGVyPSIwIj48YnI+PGJyPuKXj+euoeeQhmNvZGXvvJo3OTgzOTU5NTwhLS1zcGVjX3RhZ3MtLT48cD48c3Ryb25nPjxmb250IGNvbG9yPSIjMDAwMENEIiBzaXplPSIzIj7jgJDllYblk4Hjgrnjg5rjg4Pjgq/jgJE8L2ZvbnQ+PC9zdHJvbmc+PGJyPuKXjzxzdHJvbmc+44Os44OH44Kj44O844K544K144Kk44K677yIY23vvIk8L3N0cm9uZz4gOiA8YnI+44CAWFMv6Lqr6ZW3MTQ3772eMTUz44CB44OQ44K544OINzXvvZ43OeOAgeOCpuOCqOOCueODiDU2772eNjA8YnI+44CAUy/ouqvplbcxNTLvvZ4xNTjjgIHjg5Djgrnjg4g3OO+9njgy44CB44Km44Ko44K544OINTnvvZ42Mzxicj7jgIBNL+i6q+mVtzE1N++9njE2M+OAgeODkOOCueODiDgx772eODXjgIHjgqbjgqjjgrnjg4g2Mu+9njY2PGJyPuOAgEwv6Lqr6ZW3MTYy772eMTY444CB44OQ44K544OIODTvvZ44OOOAgeOCpuOCqOOCueODiDY1772eNjk8YnI+44CAWEwv6Lqr6ZW3MTY3772eMTcz44CB44OQ44K544OIODfvvZ45MeOAgeOCpuOCqOOCueODiDY4772eNzI8YnI+44CAMlhML+i6q+mVtzE3Mu+9njE3OOOAgeODkOOCueODiDkw772eOTTjgIHjgqbjgqjjgrnjg4g3Me+9njc1PGJyPuOAgDNYTC/ouqvplbcxNzfvvZ4xODPjgIHjg5Djgrnjg4g5M++9njk344CB44Km44Ko44K544OINzTvvZ43ODxicj7il488c3Ryb25nPuimj+agvOOCteOCpOOCuu+8iOWun+WvuO+8ie+8iGNt77yJPC9zdHJvbmc+IDogPGJyPuOAgOedgOS4iO+8mlMvNjEuOeOAgU0vNjXjgIFMLzY4LjHjgIFYTC83MS4yPGJyPuOAgOiDuOWbnuOCiu+8mlMvOTfjgIFNLzEwMOOAgUwvMTAz44CBWEwvMTA2PGJyPuOAgOiCqeW5he+8mlMvMzcuOOOAgU0vMznjgIFMLzQwLjLjgIFYTC80MS40PGJyPuKXjzxzdHJvbmc+57Sg5p2QPC9zdHJvbmc+IDog44Od44Oq44Ko44K544OG44OrMTAw77yFPGJyPuKXjzxzdHJvbmc+5Y6f55Sj5Zu9PC9zdHJvbmc+IDog5Lit5Zu96KO9PGJyPjwhLS1zcGVjX3RhZ2UtLT48YnI+PGJyPjxicj48Zm9udCBzaXplPSItMSI+44Oh44O844Kr44O85biM5pyb5bCP5aOy5L6h5qC844Gv44Oh44O844Kr44O844Kr44K/44Ot44Kw44Gr5Z+644Gl44GE44Gm5o6y6LyJ44GX44Gm44GE44G+44GZPGJyPjwvZm9udD48aW1nIHNyYz0iaHR0cDovL2ltYWdlLnJha3V0ZW4uY28uanAvZXNwb3J0cy9jYWJpbmV0L2V2aWRlbmNlL2V2aWRlbmNlMi5qcGciIGJvcmRlcj0iMCIgYWx0PSLjgqjjg5Pjg4fjg7PjgrkiPjxsaW5rIHJlbD0ic3R5bGVzaGVldCIgdHlwZT0idGV4dC9jc3MiIGhyZWY9Imh0dHA6Ly93d3cucmFrdXRlbi5uZS5qcC9nb2xkL2VzcG9ydHMvc2hvcHBpbmdfcGFydHMuY3NzIj4KCjxkaXYgc3R5bGU9Im1hcmdpbi10b3A6LTI2cHg7Ij48L2Rpdj4KCjwhLS0g44K744O844OrIDxpbWcgc3JjPSJodHRwOi8vd3d3LnJha3V0ZW4ubmUuanAvZ29sZC9lc3BvcnRzL25ld3llYXItc2FsZS9uZXd5ZWFyLXNhbGUtNzgwLmpwZyIgYm9yZGVyPSIwIiBhbHQ9IuOCu+ODvOODqyIgd2lkdGg9Ijc3MHB4Ij48YnI+PGJyPiDjgrvjg7zjg6sgLS0+Cgo8IS0tIOOCueODvOODkeODvOOCu+ODvOODqyA8ZGl2IHN0eWxlPSJ3aWR0aCA6IDc1MHB4OyI+CjxkaXYgYWxpZ249ImNlbnRlciIgc3R5bGU9Im1hcmdpbi1ib3R0b20gOiAwcHg7Ym9yZGVyLXdpZHRoIDogMnB4O2JvcmRlci1zdHlsZSA6IHNvbGlkO2JvcmRlci1jb2xvciA6ICNiYzExMzE7Ij4KCjwvZGl2PjwvZGl2PjxkaXYgY2xhc3M9Im1hcmdpbjUiPjwvZGl2Pjxicj4g44K544O844OR44O844K744O844OrLS0+Cgo8IS0tIOOCueODvOODkeODvOOCu+ODvOODqzIg77yI44OQ44OK44O844Gu44G/77yJPGltZyBzcmM9Imh0dHA6Ly93d3cucmFrdXRlbi5uZS5qcC9nb2xkL2VzcG9ydHMvc3BzYWxlL3NhbGUtYm43ODAuanBnIiBib3JkZXI9IjAiIGFsdD0i44K744O844OrIiB3aWR0aD0iNzcwcHgiPjxicj48YnI+IOOCueODvOODkeODvCAtLT4KCjxkaXYgY2xhc3M9ImNvbnRlbnRzIj48IS0tIOWRiuefpSAKPGRpdiBzdHlsZT0id2lkdGg6NzM2cHg7IHBhZGRpbmc6MTVweDsgbWFyZ2luOjVweCAwIDE1cHg7IGJvcmRlcjpzb2xpZCAjRTYyRjJGIDJweDsiPgo8cCBzdHlsZT0iZm9udC13ZWlnaHQ6Ym9sZDsgZm9udC1zaXplOjE3cHg7IHRleHQtYWxpZ246Y2VudGVyOyI+44CQIDxzcGFuIHN0eWxlPSJib3JkZXItYm90dG9tOjJweCBkb3R0ZWQgIzk5OTsgZm9udC1zaXplOjE1cHg7Ij415pyIMjbml6Uo6YeRKeOBruWWtualreOBq+OBpOOBhOOBpjwvc3Bhbj4g44CRPC9wPgo8cCBzdHlsZT0iZm9udC1zaXplOjEzcHg7IG1hcmdpbi10b3A6MTVweDsiPuiqoOOBq+WLneaJi+OBquOBjOOCiTXmnIgyNuaXpSjph5Ep44Gv44CB56S+5YaF56CU5L+u44Gu44Gf44KB44CB5Za25qWt5pmC6ZaT44KS5Y2I5YmNMTLvvJowMOOBvuOBp+OBqOOBleOBm+OBpuOBhOOBn+OBoOOBjeOBvuOBmeOAguWwmuOAgeOAjOOBguOBmealveOAjeWvvuW/nOWTgeOBq+OBpOOBjeOBvuOBl+OBpuOBr+OAgemAmuW4uOmAmuOCijEy77yaMDDjgb7jgafjga7jgZTms6jmlofjgpLlvZPml6XnmbrpgIHjgZXjgZvjgabjgYTjgZ/jgaDjgY3jgb7jgZnjgII8L3A+CjxwIHN0eWxlPSJmb250LXNpemU6MTNweDsgbWFyZ2luLXRvcDoxNXB4OyI+44GK5a6i5qeY44Gr44Gv44GU5LiN5L6/44KS44GK5o6b44GR6Ie044GX44G+44GZ44GM44CB44GU55CG6Kej44Gu56iL44CB5a6c44GX44GP44GK6aGY44GE6Ie044GX44G+44GZ44CCPC9wPgo8L2Rpdj4gLS0+CgoKPCEtLSA8ZGl2IHN0eWxlPSJ3aWR0aDo3MzZweDsgcGFkZGluZzoxNXB4OyBtYXJnaW46NXB4IDAgMTVweDsgYm9yZGVyOnNvbGlkICNFNjJGMkYgMnB4OyI+CjxwIHN0eWxlPSJmb250LXdlaWdodDpib2xkOyBmb250LXNpemU6MTdweDsgdGV4dC1hbGlnbjpjZW50ZXI7IG1hcmdpbjowOyI+44CQIDxzcGFuIHN0eWxlPSJib3JkZXItYm90dG9tOjJweCBkb3R0ZWQgIzk5OTsgZm9udC1zaXplOjE1cHg7Ij7lpKnlgJnkuI3oia/jga7lvbHpn7/jgavjgojjgovphY3pgIHpgYXlu7bjgavjgaTjgYTjgaY8L3NwYW4+IOOAkTwvcD4KPHAgc3R5bGU9ImZvbnQtc2l6ZToxM3B4OyBtYXJnaW46MTVweCAwIDA7Ij7lj7Dpoqjjg7vosarpm6jnrYnjga7lpKnlgJnkuI3oia/jgavkvLTjgYTjgIHkuIDpg6jlnLDln5/jgafjgYrojbfnianjga7jgYrlsYrjgZHjgavpgYXjgozjgYznmbrnlJ/jgZnjgovmgZDjgozjgYzjgZTjgZbjgYTjgb7jgZnjgII8L3A+CjxwIHN0eWxlPSJmb250LXNpemU6MTNweDsgbWFyZ2luOjdweCAwIDA7Ij7jgb7jgZ/jgIHku4rlvozjga7lj7Dpoqjjga7pgLLot6/jgavjgojjgaPjgabjga/jgIHluoPnr4Tlm7Ljga7lnLDln5/jgafpgYXjgozjgYznlJ/jgZjjgovlj6/og73mgKfjgYzjgYLjgorjgb7jgZnjgILlnLDln5/jgoTjgr/jgqTjg5/jg7PjgrDjgavjgojjgaPjgabjgIHjgZTluIzmnJvjga7jgYrlsYrjgZHml6XmmYLjgavphY3pgZTjgafjgY3jgarjgYTloLTlkIjjgYzjgZTjgZbjgYTjgb7jgZnjgII8L3A+CjxwIHN0eWxlPSJmb250LXNpemU6MTNweDsgbWFyZ2luOjdweCAwIDA7Ij7jgYrlrqLmp5jjgavjga/lpKflpInjgZTov7fmg5HjgpLjgYrmjpvjgZHoh7TjgZfjgb7jgZnjgYzjgIHjgZTnkIbop6PjgYTjgZ/jgaDjgZHjgb7jgZnjgojjgYbjgYrpoZjjgYToh7TjgZfjgb7jgZnjgII8L3A+CjwvZGl2PiAtLT4KCgoKPCEtLSDkuIDpg6jlnLDln5/jgafjga7phY3pgZTpgYXlu7bjgavjgaTjgY3jgb7jgZfjgaYgLS0+CgoKPCEtLSDjgq/jg7zjg53jg7MgCjxpbWcgc3JjPSJodHRwOi8vd3d3LnJha3V0ZW4ubmUuanAvZ29sZC9lc3BvcnRzL2JuL2NvdXBvbi9jb3Vwb243NzAuZ2lmIiBhbHQ9IjIwMOWGhk9GRuOCr+ODvOODneODsyI+IC0tPgoKCgo8IS0tIDxpbWcgc3JjPSJodHRwOi8vd3d3LnJha3V0ZW4ubmUuanAvZ29sZC9lc3BvcnRzL2JuL2FkaWRhcy9hZGlkYXMtYm4zNTcuanBnIiBhbHQ9ImFkaWRhc+ODneOCpOODs+ODiDE15YCNIj4gLS0+CgoKPGJyPg==,44Of44K644OO77yITUlaVU5P77yJIOODrOODh+OCo+ODvOOCuSDjg5/jgrrjg47jgq/jg63jgrnjg4bjgqPjg4Pjgq8g44Og44O844O044Kv44Ot44K544K344Oj44OEIDMySkM2MjMwMTQg44CQ44K544Od44O844OE44Km44Kn44KiIOODiOODrOODvOODi+ODs+OCsOOCpuOCp+OCoiDplbfoopbjgJHvvJrvvYXvvLPvvLDvvK/vvLLvvLTvvLPmpb3lpKnmlK/lupc=,44Ki44Km44OI44OJ44Ki44Kt44Oj44Oz44OX44OQ44O844OZ44Kt44Ol44O844OG44Oz44OI44K/44O844OX44OG44O844OW44Or44OB44Kn44Ki44K344Ol44Op44OV44Op44Oz44K/44Oz44Kv44O844Op44O844Oc44OD44Kv44K544Kz44O844Or44Oe44Oz44OO44O844K544OV44Kn44Kk44K544K544Od44O844OE44OV44Kj44OD44OI44ON44K544OA44Kk44Ko44OD44OI44OI44Os44O844OL44Oz44Kw44OX44Ot44OG44Kk44Oz44K144OX44Oq44Oh44Oz44OI44OA44Oz44OZ44Or44K144OD44Kr44O844Of44K644OO77yITUlaVU5P77yJIOODrOODh+OCo+ODvOOCuSDjg5/jgrrjg47jgq/jg63jgrnjg4bjgqPjg4Pjgq8g44Og44O844O044Kv44Ot44K544K344Oj44OEIDMySkM2MjMwMTQg44CQ44K544Od44O844OE44Km44Kn44KiIOODiOODrOODvOODi+ODs+OCsOOCpuOCp+OCoiDplbfoopbjgJE=,44Of44K644OO77yITUlaVU5P77yJIOODrOODh+OCo+ODvOOCuSDjg5/jgrrjg47jgq/jg63jgrnjg4bjgqPjg4Pjgq8g44Og44O844O044Kv44Ot44K544K344Oj44OEIDMySkM2MjMwMTQg44CQ44K544Od44O844OE44Km44Kn44KiIOODiOODrOODvOODi+ODs+OCsOOCpuOCp+OCoiDplbfoopbjgJE=[rn]
34-75275,aHR0cDovL3RzaG9wLnIxMHMuanAvZXNwb3J0cy9jYWJpbmV0Lzk5ODItMjUvOTk4MjQyMTI5MTAyNi5qcGc/Zml0aW49NzAwOjcwMA==,NDc3Ni4wMDAw,,44K544Od44O844OE44O744Ki44Km44OI44OJ44KiID4g44OV44Kj44OD44OI44ON44K544O744OI44Os44O844OL44Oz44KwID4g44Km44Kn44KiID4g44Os44OH44Kj44O844K544Km44Kn44KiID4g44OI44OD44OX44K5,44Of44K644OO77yITUlaVU5P77yJIOODrOODh+OCo+ODvOOCuSDjg6Djg7zjg7Tjgq/jg63jgrnjgrfjg6Pjg4QgMzJKQzYzMzE2NCDjgJDjg4jjg6zjg7zjg4vjg7PjgrDjgqbjgqfjgqIg44K544Od44O844OE44Km44Kn44KiIOmVt+iiliDjgrjjg6PjgrHjg4Pjg4jjgJE=,,PCEtLWltZ190YWdzLS0+PHRhYmxlIGJvcmRlcj0iMCIgd2lkdGg9IjY1MCI+PFRSPjxURCBhbGlnbj0iY2VudGVyIj48QSBocmVmPSJodHRwOi8vd3d3LnJha3V0ZW4uY28uanAvZXNwb3J0cy9pbmZvMi5odG1sI2RlciI+PElNRyBzcmM9Imh0dHA6Ly93d3cucmFrdXRlbi5uZS5qcC9nb2xkL2VzcG9ydHMvc3VwcG9ydC9zaGlwcGluZzIuZ2lmIiBib3JkZXI9IjAiPjwvQT48QSBocmVmPSJodHRwOi8vd3d3LnJha3V0ZW4ubmUuanAvZ29sZC9lc3BvcnRzL3N1cHBvcnQvZGlzcGF0Y2guaHRtbCI+PElNRyBzcmM9Imh0dHA6Ly93d3cucmFrdXRlbi5uZS5qcC9nb2xkL2VzcG9ydHMvc3VwcG9ydC9kYXlzMy5naWYiIGJvcmRlcj0iMCI+PC9BPjxBIGhyZWY9Imh0dHA6Ly93d3cucmFrdXRlbi5uZS5qcC9nb2xkL2VzcG9ydHMvc3VwcG9ydC9kaXNwYXRjaC5odG1sIj48SU1HIHNyYz0iaHR0cDovL3d3dy5yYWt1dGVuLm5lLmpwL2dvbGQvZXNwb3J0cy9zdXBwb3J0L3BsYWNlMy5naWYiIGJvcmRlcj0iMCI+PC9BPjxBIGhyZWY9Imh0dHA6Ly93d3cucmFrdXRlbi5jby5qcC9lc3BvcnRzL2luZm8yLmh0bWwjYmFjayI+PElNRyBzcmM9Imh0dHA6Ly93d3cucmFrdXRlbi5uZS5qcC9nb2xkL2VzcG9ydHMvc3VwcG9ydC9yZXR1cm4yLmdpZiIgYm9yZGVyPSIwIj48L0E+PC90ZD48L3RyPjwvdGFibGU+PCEtLWltZ190YWdlLS0+PHN0cm9uZz48Zm9udCBjb2xvcj0iIzAwMDBDRCIgc2l6ZT0iNCI+44Oc44K/44OL44Kr44Orw5fjg5zjg7zjg4Djg7zjg5/jg4Pjgq/jgrnmn4TjgpI8YnI+44Od44Kk44Oz44OI44Gr5Y+W44KK5YWl44KM44Gf44Og44O844OW44Kv44Ot44K544Gn5aSP44KS5qW944GX44GP5b2p44KK44G+44GZ77yBPGJyPjwvZm9udD48L3N0cm9uZz48YnI+4pag44Od44Kx44OD44OI44OV44Kh44K544OK44O854Sh44GXPGJyPuKAu+ijveWTgeOBq+OCiOOBo+OBpuafhOOBruimi+OBiOaWueOBjOeVsOOBquOCiuOBvuOBmeOBruOBp+W+oeS6huaJv+S4i+OBleOBhOOAgjxicj48YnI+PGJyPjxzdHJvbmc+44CQ5qmf6IO944CRPC9zdHJvbmc+PGJyPuODu+acgOOCguOCueOCv+ODs+ODgOODvOODieOBquOCt+ODq+OCqOODg+ODiOOAgjxicj7jg7vlkLjmsZfpgJ/kub7mgKfjgYzlhKrjgozjgabjgYTjgovjgZPjgajjgpLnpLrjgZfjgIHmsZfjgpLntKDml6njgY/lkLjlj47jgIHmi6HmlaPjgIHjgqbjgqjjgqLlhoXjgpLlv6vpganjgarnirbmhYvjgavkv53jgaHjgb7jgZnjgII8YnI+44O757Sr5aSW57ea44Kr44OD44OI5oCn44Gr5YSq44KM44Gm44GE44KL44GT44Go44KS56S644GX44CB5pel54S844GR44GL44KJ6IKM44KS5a6I44KK44G+44GZ44CCPGJyPuODu+OCueODiOODrOODg+ODgeaAp+OBjOWEquOCjOOBpuOBhOOCi+OBk+OBqOOCkuekuuOBl+OAgeWLleOBjeOCkuOCiOOCiuOCueODoOODvOOCuuOBq+OBl+OAgeS4jeW/q+OBquOBpOOBo+OBseOCiuaEn+OCkui7vea4m+OBl+OBvuOBmeOAgjxicj7jg7vpgJrmsJfmgKfjgpLogIPmha7jgZfjgZ/jgrnjg4jjg6zjg4Pjg4HntKDmnZDjgafjgaTjgaPjgbHjgormhJ/jgpLou73muJvjgIHjgrnjg6Djg7zjgrrjgaflronlrprmhJ/jga7jgYLjgovli5XjgY3jgpLlj6/og73jgavjgZfjgb7jgZnjgII8YnI+44O755Kw5aKD6YWN5oWu5Z6L5ZWG5ZOB44Gu5paw44GX44GE6KqN5a6a5Z+65rqW44CM44Of44K644OO44Kw44Oq44O844Oz44Kw44Os44O844OJ44CN44OW44Ot44Oz44K644Oh44OA44Or44CCPGJyPjxicj48cD48IS0tbWtfdGFncy0tPjxQPjxJTUcgc3JjPSJodHRwOi8vd3d3LnJha3V0ZW4ubmUuanAvZ29sZC9lc3BvcnRzL2JuL2p5dWhhdHR5dXU1MjAtNjAuanBnIiB3aWR0aD0iNTIwIiBoZWlnaHQ9IjYwIiBib3JkZXI9IjAiPjwvUD48IS0tbWtfdGFnZS0tPjxicj48aW1nIHNyYz0iaHR0cDovL2ltYWdlLnJha3V0ZW4uY28uanAvZXNwb3J0cy9jYWJpbmV0L3NpemUvc3BvcnRzX3NpemUzNzUuZ2lmIiB3aWR0aD0iMzc1cHgiIGhlaWdodD0iOTBweCIgYWx0PSLjgrnjg53jg7zjg4TjgqbjgqfjgqLjgrXjgqTjgrrooagiIGJvcmRlcj0iMCI+PGJyPjxicj7il4/nrqHnkIZjb2Rl77yaNzk4Mzk1OTU8IS0tc3BlY190YWdzLS0+PHA+PHN0cm9uZz48Zm9udCBjb2xvcj0iIzAwMDBDRCIgc2l6ZT0iMyI+44CQ5ZWG5ZOB44K544Oa44OD44Kv44CRPC9mb250Pjwvc3Ryb25nPjxicj7il488c3Ryb25nPuOCteOCpOOCujwvc3Ryb25nPiA6IFPjgIFN44CBTOOAgVhMPGJyPuKXjzxzdHJvbmc+57Sg5p2QPC9zdHJvbmc+IDogPGJyPuOAgOacrOS9k++8muODneODquOCqOOCueODhuODqzEwMO+8hTxicj7jgIDjg5DjgqTjg7Pjg4Djg7zvvJrjg53jg6rjgqjjgrnjg4bjg6s5M++8heOAgeODneODquOCpuODrOOCv+ODszfvvIU8YnI+4pePPHN0cm9uZz7ljp/nlKPlm708L3N0cm9uZz4gOiDjgr/jgqToo708YnI+4pePPHN0cm9uZz7jg6zjg4fjgqPjg7zjgrnjgrXjgqTjgrrvvIhjbe+8iTwvc3Ryb25nPiA6IDxicj7jgIBYUy/ouqvplbcxNDfvvZ4xNTPjgIHjg5Djgrnjg4g3Ne+9njc544CB44Km44Ko44K544OINTbvvZ42MDxicj7jgIBTL+i6q+mVtzE1Mu+9njE1OOOAgeODkOOCueODiDc4772eODLjgIHjgqbjgqjjgrnjg4g1Oe+9njYzPGJyPuOAgE0v6Lqr6ZW3MTU3772eMTYz44CB44OQ44K544OIODHvvZ44NeOAgeOCpuOCqOOCueODiDYy772eNjY8YnI+44CATC/ouqvplbcxNjLvvZ4xNjjjgIHjg5Djgrnjg4g4NO+9njg444CB44Km44Ko44K544OINjXvvZ42OTxicj7jgIBYTC/ouqvplbcxNjfvvZ4xNzPjgIHjg5Djgrnjg4g4N++9njkx44CB44Km44Ko44K544OINjjvvZ43Mjxicj7jgIAyWEwv6Lqr6ZW3MTcy772eMTc444CB44OQ44K544OIOTDvvZ45NOOAgeOCpuOCqOOCueODiDcx772eNzU8YnI+44CAM1hML+i6q+mVtzE3N++9njE4M+OAgeODkOOCueODiDkz772eOTfjgIHjgqbjgqjjgrnjg4g3NO+9njc4PGJyPuKXjzxzdHJvbmc+6KaP5qC844K144Kk44K677yI5a6f5a+477yJ77yIY23vvIk8L3N0cm9uZz4gOiA8YnI+44CA552A5LiI77yaUy82MS4544CBTS82NeOAgUwvNjguMeOAgVhMLzcxLjI8YnI+44CA6IO45Zue44KK77yaUy85N+OAgU0vMTAw44CBTC8xMDPjgIFYTC8xMDY8YnI+44CA6IKp5bmF77yaUy8zNy4444CBTS8zOeOAgUwvNDAuMuOAgVhMLzQxLjQ8YnI+44CA6KKW5LiI77yaUy81OC4144CBTS82MOOAgUwvNjEuNeOAgVhMLzYzPGJyPjwhLS1zcGVjX3RhZ2UtLT48YnI+PGJyPjxicj48Zm9udCBzaXplPSItMSI+44Oh44O844Kr44O85biM5pyb5bCP5aOy5L6h5qC844Gv44Oh44O844Kr44O844Kr44K/44Ot44Kw44Gr5Z+644Gl44GE44Gm5o6y6LyJ44GX44Gm44GE44G+44GZPGJyPjwvZm9udD48aW1nIHNyYz0iaHR0cDovL2ltYWdlLnJha3V0ZW4uY28uanAvZXNwb3J0cy9jYWJpbmV0L2V2aWRlbmNlL2V2aWRlbmNlMi5qcGciIGJvcmRlcj0iMCIgYWx0PSLjgqjjg5Pjg4fjg7PjgrkiPjxsaW5rIHJlbD0ic3R5bGVzaGVldCIgdHlwZT0idGV4dC9jc3MiIGhyZWY9Imh0dHA6Ly93d3cucmFrdXRlbi5uZS5qcC9nb2xkL2VzcG9ydHMvc2hvcHBpbmdfcGFydHMuY3NzIj4KCjxkaXYgc3R5bGU9Im1hcmdpbi10b3A6LTI2cHg7Ij48L2Rpdj4KCjwhLS0g44K744O844OrIDxpbWcgc3JjPSJodHRwOi8vd3d3LnJha3V0ZW4ubmUuanAvZ29sZC9lc3BvcnRzL25ld3llYXItc2FsZS9uZXd5ZWFyLXNhbGUtNzgwLmpwZyIgYm9yZGVyPSIwIiBhbHQ9IuOCu+ODvOODqyIgd2lkdGg9Ijc3MHB4Ij48YnI+PGJyPiDjgrvjg7zjg6sgLS0+Cgo8IS0tIOOCueODvOODkeODvOOCu+ODvOODqyA8ZGl2IHN0eWxlPSJ3aWR0aCA6IDc1MHB4OyI+CjxkaXYgYWxpZ249ImNlbnRlciIgc3R5bGU9Im1hcmdpbi1ib3R0b20gOiAwcHg7Ym9yZGVyLXdpZHRoIDogMnB4O2JvcmRlci1zdHlsZSA6IHNvbGlkO2JvcmRlci1jb2xvciA6ICNiYzExMzE7Ij4KCjwvZGl2PjwvZGl2PjxkaXYgY2xhc3M9Im1hcmdpbjUiPjwvZGl2Pjxicj4g44K544O844OR44O844K744O844OrLS0+Cgo8IS0tIOOCueODvOODkeODvOOCu+ODvOODqzIg77yI44OQ44OK44O844Gu44G/77yJPGltZyBzcmM9Imh0dHA6Ly93d3cucmFrdXRlbi5uZS5qcC9nb2xkL2VzcG9ydHMvc3BzYWxlL3NhbGUtYm43ODAuanBnIiBib3JkZXI9IjAiIGFsdD0i44K744O844OrIiB3aWR0aD0iNzcwcHgiPjxicj48YnI+IOOCueODvOODkeODvCAtLT4KCjxkaXYgY2xhc3M9ImNvbnRlbnRzIj48IS0tIOWRiuefpSAKPGRpdiBzdHlsZT0id2lkdGg6NzM2cHg7IHBhZGRpbmc6MTVweDsgbWFyZ2luOjVweCAwIDE1cHg7IGJvcmRlcjpzb2xpZCAjRTYyRjJGIDJweDsiPgo8cCBzdHlsZT0iZm9udC13ZWlnaHQ6Ym9sZDsgZm9udC1zaXplOjE3cHg7IHRleHQtYWxpZ246Y2VudGVyOyI+44CQIDxzcGFuIHN0eWxlPSJib3JkZXItYm90dG9tOjJweCBkb3R0ZWQgIzk5OTsgZm9udC1zaXplOjE1cHg7Ij415pyIMjbml6Uo6YeRKeOBruWWtualreOBq+OBpOOBhOOBpjwvc3Bhbj4g44CRPC9wPgo8cCBzdHlsZT0iZm9udC1zaXplOjEzcHg7IG1hcmdpbi10b3A6MTVweDsiPuiqoOOBq+WLneaJi+OBquOBjOOCiTXmnIgyNuaXpSjph5Ep44Gv44CB56S+5YaF56CU5L+u44Gu44Gf44KB44CB5Za25qWt5pmC6ZaT44KS5Y2I5YmNMTLvvJowMOOBvuOBp+OBqOOBleOBm+OBpuOBhOOBn+OBoOOBjeOBvuOBmeOAguWwmuOAgeOAjOOBguOBmealveOAjeWvvuW/nOWTgeOBq+OBpOOBjeOBvuOBl+OBpuOBr+OAgemAmuW4uOmAmuOCijEy77yaMDDjgb7jgafjga7jgZTms6jmlofjgpLlvZPml6XnmbrpgIHjgZXjgZvjgabjgYTjgZ/jgaDjgY3jgb7jgZnjgII8L3A+CjxwIHN0eWxlPSJmb250LXNpemU6MTNweDsgbWFyZ2luLXRvcDoxNXB4OyI+44GK5a6i5qeY44Gr44Gv44GU5LiN5L6/44KS44GK5o6b44GR6Ie044GX44G+44GZ44GM44CB44GU55CG6Kej44Gu56iL44CB5a6c44GX44GP44GK6aGY44GE6Ie044GX44G+44GZ44CCPC9wPgo8L2Rpdj4gLS0+CgoKPCEtLSA8ZGl2IHN0eWxlPSJ3aWR0aDo3MzZweDsgcGFkZGluZzoxNXB4OyBtYXJnaW46NXB4IDAgMTVweDsgYm9yZGVyOnNvbGlkICNFNjJGMkYgMnB4OyI+CjxwIHN0eWxlPSJmb250LXdlaWdodDpib2xkOyBmb250LXNpemU6MTdweDsgdGV4dC1hbGlnbjpjZW50ZXI7IG1hcmdpbjowOyI+44CQIDxzcGFuIHN0eWxlPSJib3JkZXItYm90dG9tOjJweCBkb3R0ZWQgIzk5OTsgZm9udC1zaXplOjE1cHg7Ij7lpKnlgJnkuI3oia/jga7lvbHpn7/jgavjgojjgovphY3pgIHpgYXlu7bjgavjgaTjgYTjgaY8L3NwYW4+IOOAkTwvcD4KPHAgc3R5bGU9ImZvbnQtc2l6ZToxM3B4OyBtYXJnaW46MTVweCAwIDA7Ij7lj7Dpoqjjg7vosarpm6jnrYnjga7lpKnlgJnkuI3oia/jgavkvLTjgYTjgIHkuIDpg6jlnLDln5/jgafjgYrojbfnianjga7jgYrlsYrjgZHjgavpgYXjgozjgYznmbrnlJ/jgZnjgovmgZDjgozjgYzjgZTjgZbjgYTjgb7jgZnjgII8L3A+CjxwIHN0eWxlPSJmb250LXNpemU6MTNweDsgbWFyZ2luOjdweCAwIDA7Ij7jgb7jgZ/jgIHku4rlvozjga7lj7Dpoqjjga7pgLLot6/jgavjgojjgaPjgabjga/jgIHluoPnr4Tlm7Ljga7lnLDln5/jgafpgYXjgozjgYznlJ/jgZjjgovlj6/og73mgKfjgYzjgYLjgorjgb7jgZnjgILlnLDln5/jgoTjgr/jgqTjg5/jg7PjgrDjgavjgojjgaPjgabjgIHjgZTluIzmnJvjga7jgYrlsYrjgZHml6XmmYLjgavphY3pgZTjgafjgY3jgarjgYTloLTlkIjjgYzjgZTjgZbjgYTjgb7jgZnjgII8L3A+CjxwIHN0eWxlPSJmb250LXNpemU6MTNweDsgbWFyZ2luOjdweCAwIDA7Ij7jgYrlrqLmp5jjgavjga/lpKflpInjgZTov7fmg5HjgpLjgYrmjpvjgZHoh7TjgZfjgb7jgZnjgYzjgIHjgZTnkIbop6PjgYTjgZ/jgaDjgZHjgb7jgZnjgojjgYbjgYrpoZjjgYToh7TjgZfjgb7jgZnjgII8L3A+CjwvZGl2PiAtLT4KCgoKPCEtLSDkuIDpg6jlnLDln5/jgafjga7phY3pgZTpgYXlu7bjgavjgaTjgY3jgb7jgZfjgaYgLS0+CgoKPCEtLSDjgq/jg7zjg53jg7MgCjxpbWcgc3JjPSJodHRwOi8vd3d3LnJha3V0ZW4ubmUuanAvZ29sZC9lc3BvcnRzL2JuL2NvdXBvbi9jb3Vwb243NzAuZ2lmIiBhbHQ9IjIwMOWGhk9GRuOCr+ODvOODneODsyI+IC0tPgoKCgo8IS0tIDxpbWcgc3JjPSJodHRwOi8vd3d3LnJha3V0ZW4ubmUuanAvZ29sZC9lc3BvcnRzL2JuL2FkaWRhcy9hZGlkYXMtYm4zNTcuanBnIiBhbHQ9ImFkaWRhc+ODneOCpOODs+ODiDE15YCNIj4gLS0+CgoKPGJyPg==,44Of44K644OO77yITUlaVU5P77yJIOODrOODh+OCo+ODvOOCuSDjg6Djg7zjg7Tjgq/jg63jgrnjgrfjg6Pjg4QgMzJKQzYzMzE2NCDjgJDjg4jjg6zjg7zjg4vjg7PjgrDjgqbjgqfjgqIg44K544Od44O844OE44Km44Kn44KiIOmVt+iiliDjgrjjg6PjgrHjg4Pjg4jjgJHvvJrvvYXvvLPvvLDvvK/vvLLvvLTvvLPmpb3lpKnmlK/lupc=,44Ki44Km44OI44OJ44Ki44Kt44Oj44Oz44OX44OQ44O844OZ44Kt44Ol44O844OG44Oz44OI44K/44O844OX44OG44O844OW44Or44OB44Kn44Ki44K344Ol44Op44OV44Op44Oz44K/44Oz44Kv44O844Op44O844Oc44OD44Kv44K544Kz44O844Or44Oe44Oz44OO44O844K544OV44Kn44Kk44K544K544Od44O844OE44OV44Kj44OD44OI44ON44K544OA44Kk44Ko44OD44OI44OI44Os44O844OL44Oz44Kw44OX44Ot44OG44Kk44Oz44K144OX44Oq44Oh44Oz44OI44OA44Oz44OZ44Or44K144OD44Kr44O844Of44K644OO77yITUlaVU5P77yJIOODrOODh+OCo+ODvOOCuSDjg6Djg7zjg7Tjgq/jg63jgrnjgrfjg6Pjg4QgMzJKQzYzMzE2NCDjgJDjg4jjg6zjg7zjg4vjg7PjgrDjgqbjgqfjgqIg44K544Od44O844OE44Km44Kn44KiIOmVt+iiliDjgrjjg6PjgrHjg4Pjg4jjgJE=,44Of44K644OO77yITUlaVU5P77yJIOODrOODh+OCo+ODvOOCuSDjg6Djg7zjg7Tjgq/jg63jgrnjgrfjg6Pjg4QgMzJKQzYzMzE2NCDjgJDjg4jjg6zjg7zjg4vjg7PjgrDjgqbjgqfjgqIg44K544Od44O844OE44Km44Kn44KiIOmVt+iiliDjgrjjg6PjgrHjg4Pjg4jjgJE=[rn]
34-75276,aHR0cDovL3RzaG9wLnIxMHMuanAvZXNwb3J0cy9jYWJpbmV0Lzk5ODItMjUvOTk4MjQyMTQ5MTQ2Ni5qcGc/Zml0aW49NzAwOjcwMA==,NDAxNi4wMDAw,,44K544Od44O844OE44O744Ki44Km44OI44OJ44KiID4g44OV44Kj44OD44OI44ON44K544O744OI44Os44O844OL44Oz44KwID4g44Km44Kn44KiID4g44Os44OH44Kj44O844K544Km44Kn44KiID4g44OI44OD44OX44K5,44Of44K644OO77yITUlaVU5P77yJIOODrOODh+OCo+ODvOOCuSDjgqbjgqnjg7zjg6DjgqLjg4Pjg5fjgrfjg6Pjg4QgWEzjgrXjgqTjgrogMzJKQzYzMjU4NiDjgJDjgrnjg53jg7zjg4TjgqbjgqfjgqIg44OI44Os44O844OL44Oz44Kw44Km44Kn44KiIOmVt+iiluOAkQ==,,PCEtLWltZ190YWdzLS0+PHRhYmxlIGJvcmRlcj0iMCIgd2lkdGg9IjY1MCI+PFRSPjxURCBhbGlnbj0iY2VudGVyIj48QSBocmVmPSJodHRwOi8vd3d3LnJha3V0ZW4uY28uanAvZXNwb3J0cy9pbmZvMi5odG1sI2RlciI+PElNRyBzcmM9Imh0dHA6Ly93d3cucmFrdXRlbi5uZS5qcC9nb2xkL2VzcG9ydHMvc3VwcG9ydC9zaGlwcGluZzIuZ2lmIiBib3JkZXI9IjAiPjwvQT48QSBocmVmPSJodHRwOi8vd3d3LnJha3V0ZW4ubmUuanAvZ29sZC9lc3BvcnRzL3N1cHBvcnQvZGlzcGF0Y2guaHRtbCI+PElNRyBzcmM9Imh0dHA6Ly93d3cucmFrdXRlbi5uZS5qcC9nb2xkL2VzcG9ydHMvc3VwcG9ydC9kYXlzMy5naWYiIGJvcmRlcj0iMCI+PC9BPjxBIGhyZWY9Imh0dHA6Ly93d3cucmFrdXRlbi5uZS5qcC9nb2xkL2VzcG9ydHMvc3VwcG9ydC9kaXNwYXRjaC5odG1sIj48SU1HIHNyYz0iaHR0cDovL3d3dy5yYWt1dGVuLm5lLmpwL2dvbGQvZXNwb3J0cy9zdXBwb3J0L3BsYWNlMy5naWYiIGJvcmRlcj0iMCI+PC9BPjxBIGhyZWY9Imh0dHA6Ly93d3cucmFrdXRlbi5jby5qcC9lc3BvcnRzL2luZm8yLmh0bWwjYmFjayI+PElNRyBzcmM9Imh0dHA6Ly93d3cucmFrdXRlbi5uZS5qcC9nb2xkL2VzcG9ydHMvc3VwcG9ydC9yZXR1cm4yLmdpZiIgYm9yZGVyPSIwIj48L0E+PC90ZD48L3RyPjwvdGFibGU+PCEtLWltZ190YWdlLS0+PHN0cm9uZz48Zm9udCBjb2xvcj0iIzAwMDBDRCIgc2l6ZT0iNCI+5aWz5oCn55So44K344Oz44OX44Or44Km44Kp44O844Og44Ki44OD44OX44CB44Oq44OL44Ol44O844Ki44Or44CCPGJyPjwvZm9udD48L3N0cm9uZz48YnI+4pag44Od44Kx44OD44OI44OV44Kh44K544OK44O844Gq44GXPGJyPjxicj48YnI+PHN0cm9uZz7jgJDmqZ/og73jgJE8L3N0cm9uZz48YnI+44O75pyA44KC44K544K/44Oz44OA44O844OJ44Gq44K344Or44Ko44OD44OI44CCPGJyPuODu+WQuOaxl+mAn+S5vuaAp+OBjOWEquOCjOOBpuOBhOOCi+OBk+OBqOOCkuekuuOBl+OAgeaxl+OCkue0oOaXqeOBj+WQuOWPjuOAgeaLoeaVo+OAgeOCpuOCqOOCouWGheOCkuW/q+mBqeOBqueKtuaFi+OBq+S/neOBoeOBvuOBmeOAgjxicj7jg7vnkrDlooPphY3mha7lnovllYblk4Hjga7mlrDjgZfjgYToqo3lrprln7rmupbjgIzjg5/jgrrjg47jgrDjg6rjg7zjg7PjgrDjg6zjg7zjg4njgI3jg5bjg63jg7Pjgrrjg6Hjg4Djg6vjgII8YnI+PGJyPjxwPjwhLS1ta190YWdzLS0+PFA+PElNRyBzcmM9Imh0dHA6Ly93d3cucmFrdXRlbi5uZS5qcC9nb2xkL2VzcG9ydHMvYm4vanl1aGF0dHl1dTUyMC02MC5qcGciIHdpZHRoPSI1MjAiIGhlaWdodD0iNjAiIGJvcmRlcj0iMCI+PC9QPjwhLS1ta190YWdlLS0+PGJyPjxpbWcgc3JjPSJodHRwOi8vaW1hZ2UucmFrdXRlbi5jby5qcC9lc3BvcnRzL2NhYmluZXQvc2l6ZS9zcG9ydHNfc2l6ZTM3NS5naWYiIHdpZHRoPSIzNzVweCIgaGVpZ2h0PSI5MHB4IiBhbHQ9IuOCueODneODvOODhOOCpuOCp+OCouOCteOCpOOCuuihqCIgYm9yZGVyPSIwIj48YnI+PGJyPuKXj+euoeeQhmNvZGXvvJo3OTgzOTU5NTwhLS1zcGVjX3RhZ3MtLT48cD48c3Ryb25nPjxmb250IGNvbG9yPSIjMDAwMENEIiBzaXplPSIzIj7jgJDllYblk4Hjgrnjg5rjg4Pjgq/jgJE8L2ZvbnQ+PC9zdHJvbmc+PGJyPuKXjzxzdHJvbmc+44Os44OH44Kj44O844K544K144Kk44K677yIY23vvIk8L3N0cm9uZz4gOiA8YnI+44CAWFMv6Lqr6ZW3MTQ3772eMTUz44CB44OQ44K544OINzXvvZ43OeOAgeOCpuOCqOOCueODiDU2772eNjA8YnI+44CAUy/ouqvplbcxNTLvvZ4xNTjjgIHjg5Djgrnjg4g3OO+9njgy44CB44Km44Ko44K544OINTnvvZ42Mzxicj7jgIBNL+i6q+mVtzE1N++9njE2M+OAgeODkOOCueODiDgx772eODXjgIHjgqbjgqjjgrnjg4g2Mu+9njY2PGJyPuOAgEwv6Lqr6ZW3MTYy772eMTY444CB44OQ44K544OIODTvvZ44OOOAgeOCpuOCqOOCueODiDY1772eNjk8YnI+44CAWEwv6Lqr6ZW3MTY3772eMTcz44CB44OQ44K544OIODfvvZ45MeOAgeOCpuOCqOOCueODiDY4772eNzI8YnI+44CAMlhML+i6q+mVtzE3Mu+9njE3OOOAgeODkOOCueODiDkw772eOTTjgIHjgqbjgqjjgrnjg4g3Me+9njc1PGJyPuOAgDNYTC/ouqvplbcxNzfvvZ4xODPjgIHjg5Djgrnjg4g5M++9njk344CB44Km44Ko44K544OINzTvvZ43ODxicj7il488c3Ryb25nPuimj+agvOOCteOCpOOCuu+8iOWun+WvuO+8ie+8iGNt77yJPC9zdHJvbmc+IDogPGJyPuOAgOedgOS4iO+8mlMvNTcuOeOAgU0vNjDjgIFMLzYyLjHjgIFYTC82NC4yPGJyPuOAgOiDuOWbnuOCiu+8mlMvOTXjgIFNLzk444CBTC8xMDHjgIFYTC8xMDQ8YnI+44CA6IKp5bmF77yaUy8zNC4444CBTS8zNuOAgUwvMzcuMuOAgVhMLzM4LjQ8YnI+44CA6KKW5LiI77yaUy81OC4144CBTS82MOOAgUwvNjEuNeOAgVhMLzYzPGJyPuKXjzxzdHJvbmc+57Sg5p2QPC9zdHJvbmc+IDog44Od44Oq44Ko44K544OG44OrMTAw77yFPGJyPuKXjzxzdHJvbmc+5Y6f55Sj5Zu9PC9zdHJvbmc+IDog5Lit5Zu96KO944O75pel5pys6KO9PGJyPjwhLS1zcGVjX3RhZ2UtLT48YnI+PGJyPjxicj48Zm9udCBzaXplPSItMSI+44Oh44O844Kr44O85biM5pyb5bCP5aOy5L6h5qC844Gv44Oh44O844Kr44O844Kr44K/44Ot44Kw44Gr5Z+644Gl44GE44Gm5o6y6LyJ44GX44Gm44GE44G+44GZPGJyPjwvZm9udD48aW1nIHNyYz0iaHR0cDovL2ltYWdlLnJha3V0ZW4uY28uanAvZXNwb3J0cy9jYWJpbmV0L2V2aWRlbmNlL2V2aWRlbmNlMi5qcGciIGJvcmRlcj0iMCIgYWx0PSLjgqjjg5Pjg4fjg7PjgrkiPjxsaW5rIHJlbD0ic3R5bGVzaGVldCIgdHlwZT0idGV4dC9jc3MiIGhyZWY9Imh0dHA6Ly93d3cucmFrdXRlbi5uZS5qcC9nb2xkL2VzcG9ydHMvc2hvcHBpbmdfcGFydHMuY3NzIj4KCjxkaXYgc3R5bGU9Im1hcmdpbi10b3A6LTI2cHg7Ij48L2Rpdj4KCjwhLS0g44K744O844OrIDxpbWcgc3JjPSJodHRwOi8vd3d3LnJha3V0ZW4ubmUuanAvZ29sZC9lc3BvcnRzL25ld3llYXItc2FsZS9uZXd5ZWFyLXNhbGUtNzgwLmpwZyIgYm9yZGVyPSIwIiBhbHQ9IuOCu+ODvOODqyIgd2lkdGg9Ijc3MHB4Ij48YnI+PGJyPiDjgrvjg7zjg6sgLS0+Cgo8IS0tIOOCueODvOODkeODvOOCu+ODvOODqyA8ZGl2IHN0eWxlPSJ3aWR0aCA6IDc1MHB4OyI+CjxkaXYgYWxpZ249ImNlbnRlciIgc3R5bGU9Im1hcmdpbi1ib3R0b20gOiAwcHg7Ym9yZGVyLXdpZHRoIDogMnB4O2JvcmRlci1zdHlsZSA6IHNvbGlkO2JvcmRlci1jb2xvciA6ICNiYzExMzE7Ij4KCjwvZGl2PjwvZGl2PjxkaXYgY2xhc3M9Im1hcmdpbjUiPjwvZGl2Pjxicj4g44K544O844OR44O844K744O844OrLS0+Cgo8IS0tIOOCueODvOODkeODvOOCu+ODvOODqzIg77yI44OQ44OK44O844Gu44G/77yJPGltZyBzcmM9Imh0dHA6Ly93d3cucmFrdXRlbi5uZS5qcC9nb2xkL2VzcG9ydHMvc3BzYWxlL3NhbGUtYm43ODAuanBnIiBib3JkZXI9IjAiIGFsdD0i44K744O844OrIiB3aWR0aD0iNzcwcHgiPjxicj48YnI+IOOCueODvOODkeODvCAtLT4KCjxkaXYgY2xhc3M9ImNvbnRlbnRzIj48IS0tIOWRiuefpSAKPGRpdiBzdHlsZT0id2lkdGg6NzM2cHg7IHBhZGRpbmc6MTVweDsgbWFyZ2luOjVweCAwIDE1cHg7IGJvcmRlcjpzb2xpZCAjRTYyRjJGIDJweDsiPgo8cCBzdHlsZT0iZm9udC13ZWlnaHQ6Ym9sZDsgZm9udC1zaXplOjE3cHg7IHRleHQtYWxpZ246Y2VudGVyOyI+44CQIDxzcGFuIHN0eWxlPSJib3JkZXItYm90dG9tOjJweCBkb3R0ZWQgIzk5OTsgZm9udC1zaXplOjE1cHg7Ij415pyIMjbml6Uo6YeRKeOBruWWtualreOBq+OBpOOBhOOBpjwvc3Bhbj4g44CRPC9wPgo8cCBzdHlsZT0iZm9udC1zaXplOjEzcHg7IG1hcmdpbi10b3A6MTVweDsiPuiqoOOBq+WLneaJi+OBquOBjOOCiTXmnIgyNuaXpSjph5Ep44Gv44CB56S+5YaF56CU5L+u44Gu44Gf44KB44CB5Za25qWt5pmC6ZaT44KS5Y2I5YmNMTLvvJowMOOBvuOBp+OBqOOBleOBm+OBpuOBhOOBn+OBoOOBjeOBvuOBmeOAguWwmuOAgeOAjOOBguOBmealveOAjeWvvuW/nOWTgeOBq+OBpOOBjeOBvuOBl+OBpuOBr+OAgemAmuW4uOmAmuOCijEy77yaMDDjgb7jgafjga7jgZTms6jmlofjgpLlvZPml6XnmbrpgIHjgZXjgZvjgabjgYTjgZ/jgaDjgY3jgb7jgZnjgII8L3A+CjxwIHN0eWxlPSJmb250LXNpemU6MTNweDsgbWFyZ2luLXRvcDoxNXB4OyI+44GK5a6i5qeY44Gr44Gv44GU5LiN5L6/44KS44GK5o6b44GR6Ie044GX44G+44GZ44GM44CB44GU55CG6Kej44Gu56iL44CB5a6c44GX44GP44GK6aGY44GE6Ie044GX44G+44GZ44CCPC9wPgo8L2Rpdj4gLS0+CgoKPCEtLSA8ZGl2IHN0eWxlPSJ3aWR0aDo3MzZweDsgcGFkZGluZzoxNXB4OyBtYXJnaW46NXB4IDAgMTVweDsgYm9yZGVyOnNvbGlkICNFNjJGMkYgMnB4OyI+CjxwIHN0eWxlPSJmb250LXdlaWdodDpib2xkOyBmb250LXNpemU6MTdweDsgdGV4dC1hbGlnbjpjZW50ZXI7IG1hcmdpbjowOyI+44CQIDxzcGFuIHN0eWxlPSJib3JkZXItYm90dG9tOjJweCBkb3R0ZWQgIzk5OTsgZm9udC1zaXplOjE1cHg7Ij7lpKnlgJnkuI3oia/jga7lvbHpn7/jgavjgojjgovphY3pgIHpgYXlu7bjgavjgaTjgYTjgaY8L3NwYW4+IOOAkTwvcD4KPHAgc3R5bGU9ImZvbnQtc2l6ZToxM3B4OyBtYXJnaW46MTVweCAwIDA7Ij7lj7Dpoqjjg7vosarpm6jnrYnjga7lpKnlgJnkuI3oia/jgavkvLTjgYTjgIHkuIDpg6jlnLDln5/jgafjgYrojbfnianjga7jgYrlsYrjgZHjgavpgYXjgozjgYznmbrnlJ/jgZnjgovmgZDjgozjgYzjgZTjgZbjgYTjgb7jgZnjgII8L3A+CjxwIHN0eWxlPSJmb250LXNpemU6MTNweDsgbWFyZ2luOjdweCAwIDA7Ij7jgb7jgZ/jgIHku4rlvozjga7lj7Dpoqjjga7pgLLot6/jgavjgojjgaPjgabjga/jgIHluoPnr4Tlm7Ljga7lnLDln5/jgafpgYXjgozjgYznlJ/jgZjjgovlj6/og73mgKfjgYzjgYLjgorjgb7jgZnjgILlnLDln5/jgoTjgr/jgqTjg5/jg7PjgrDjgavjgojjgaPjgabjgIHjgZTluIzmnJvjga7jgYrlsYrjgZHml6XmmYLjgavphY3pgZTjgafjgY3jgarjgYTloLTlkIjjgYzjgZTjgZbjgYTjgb7jgZnjgII8L3A+CjxwIHN0eWxlPSJmb250LXNpemU6MTNweDsgbWFyZ2luOjdweCAwIDA7Ij7jgYrlrqLmp5jjgavjga/lpKflpInjgZTov7fmg5HjgpLjgYrmjpvjgZHoh7TjgZfjgb7jgZnjgYzjgIHjgZTnkIbop6PjgYTjgZ/jgaDjgZHjgb7jgZnjgojjgYbjgYrpoZjjgYToh7TjgZfjgb7jgZnjgII8L3A+CjwvZGl2PiAtLT4KCgoKPCEtLSDkuIDpg6jlnLDln5/jgafjga7phY3pgZTpgYXlu7bjgavjgaTjgY3jgb7jgZfjgaYgLS0+CgoKPCEtLSDjgq/jg7zjg53jg7MgCjxpbWcgc3JjPSJodHRwOi8vd3d3LnJha3V0ZW4ubmUuanAvZ29sZC9lc3BvcnRzL2JuL2NvdXBvbi9jb3Vwb243NzAuZ2lmIiBhbHQ9IjIwMOWGhk9GRuOCr+ODvOODneODsyI+IC0tPgoKCgo8IS0tIDxpbWcgc3JjPSJodHRwOi8vd3d3LnJha3V0ZW4ubmUuanAvZ29sZC9lc3BvcnRzL2JuL2FkaWRhcy9hZGlkYXMtYm4zNTcuanBnIiBhbHQ9ImFkaWRhc+ODneOCpOODs+ODiDE15YCNIj4gLS0+CgoKPGJyPg==,44Of44K644OO77yITUlaVU5P77yJIOODrOODh+OCo+ODvOOCuSDjgqbjgqnjg7zjg6DjgqLjg4Pjg5fjgrfjg6Pjg4QgWEzjgrXjgqTjgrogMzJKQzYzMjU4NiDjgJDjgrnjg53jg7zjg4TjgqbjgqfjgqIg44OI44Os44O844OL44Oz44Kw44Km44Kn44KiIOmVt+iiluOAke+8mu+9he+8s++8sO+8r++8su+8tO+8s+alveWkqeaUr+W6lw==,44Ki44Km44OI44OJ44Ki44Kt44Oj44Oz44OX44OQ44O844OZ44Kt44Ol44O844OG44Oz44OI44K/44O844OX44OG44O844OW44Or44OB44Kn44Ki44K344Ol44Op44OV44Op44Oz44K/44Oz44Kv44O844Op44O844Oc44OD44Kv44K544Kz44O844Or44Oe44Oz44OO44O844K544OV44Kn44Kk44K544K544Od44O844OE44OV44Kj44OD44OI44ON44K544OA44Kk44Ko44OD44OI44OI44Os44O844OL44Oz44Kw44OX44Ot44OG44Kk44Oz44K144OX44Oq44Oh44Oz44OI44OA44Oz44OZ44Or44K144OD44Kr44O844Of44K644OO77yITUlaVU5P77yJIOODrOODh+OCo+ODvOOCuSDjgqbjgqnjg7zjg6DjgqLjg4Pjg5fjgrfjg6Pjg4QgWEzjgrXjgqTjgrogMzJKQzYzMjU4NiDjgJDjgrnjg53jg7zjg4TjgqbjgqfjgqIg44OI44Os44O844OL44Oz44Kw44Km44Kn44KiIOmVt+iiluOAkQ==,44Of44K644OO77yITUlaVU5P77yJIOODrOODh+OCo+ODvOOCuSDjgqbjgqnjg7zjg6DjgqLjg4Pjg5fjgrfjg6Pjg4QgWEzjgrXjgqTjgrogMzJKQzYzMjU4NiDjgJDjgrnjg53jg7zjg4TjgqbjgqfjgqIg44OI44Os44O844OL44Oz44Kw44Km44Kn44KiIOmVt+iiluOAkQ==[rn]
34-75277,aHR0cDovL3RzaG9wLnIxMHMuanAvZXNwb3J0cy9jYWJpbmV0Lzk5ODItMjUvOTk4MjQyMTQ5MTQ2NC5qcGc/Zml0aW49NzAwOjcwMA==,NDE4OC44MDAw,,44K544Od44O844OE44O744Ki44Km44OI44OJ44KiID4g44OV44Kj44OD44OI44ON44K544O744OI44Os44O844OL44Oz44KwID4g44Km44Kn44KiID4g44Os44OH44Kj44O844K544Km44Kn44KiID4g44OI44OD44OX44K5,44Of44K644OO77yITUlaVU5P77yJIOODrOODh+OCo+ODvOOCuSDjgqbjgqnjg7zjg6DjgqLjg4Pjg5fjgrfjg6Pjg4QgMzJKQzYzMjUwOSDjgJDjgrnjg53jg7zjg4TjgqbjgqfjgqIg44OI44Os44O844OL44Oz44Kw44Km44Kn44KiIOmVt+iiluOAkQ==,,PCEtLWltZ190YWdzLS0+PHRhYmxlIGJvcmRlcj0iMCIgd2lkdGg9IjY1MCI+PFRSPjxURCBhbGlnbj0iY2VudGVyIj48QSBocmVmPSJodHRwOi8vd3d3LnJha3V0ZW4uY28uanAvZXNwb3J0cy9pbmZvMi5odG1sI2RlciI+PElNRyBzcmM9Imh0dHA6Ly93d3cucmFrdXRlbi5uZS5qcC9nb2xkL2VzcG9ydHMvc3VwcG9ydC9zaGlwcGluZzIuZ2lmIiBib3JkZXI9IjAiPjwvQT48QSBocmVmPSJodHRwOi8vd3d3LnJha3V0ZW4ubmUuanAvZ29sZC9lc3BvcnRzL3N1cHBvcnQvZGlzcGF0Y2guaHRtbCI+PElNRyBzcmM9Imh0dHA6Ly93d3cucmFrdXRlbi5uZS5qcC9nb2xkL2VzcG9ydHMvc3VwcG9ydC9kYXlzMy5naWYiIGJvcmRlcj0iMCI+PC9BPjxBIGhyZWY9Imh0dHA6Ly93d3cucmFrdXRlbi5uZS5qcC9nb2xkL2VzcG9ydHMvc3VwcG9ydC9kaXNwYXRjaC5odG1sIj48SU1HIHNyYz0iaHR0cDovL3d3dy5yYWt1dGVuLm5lLmpwL2dvbGQvZXNwb3J0cy9zdXBwb3J0L3BsYWNlMy5naWYiIGJvcmRlcj0iMCI+PC9BPjxBIGhyZWY9Imh0dHA6Ly93d3cucmFrdXRlbi5jby5qcC9lc3BvcnRzL2luZm8yLmh0bWwjYmFjayI+PElNRyBzcmM9Imh0dHA6Ly93d3cucmFrdXRlbi5uZS5qcC9nb2xkL2VzcG9ydHMvc3VwcG9ydC9yZXR1cm4yLmdpZiIgYm9yZGVyPSIwIj48L0E+PC90ZD48L3RyPjwvdGFibGU+PCEtLWltZ190YWdlLS0+PHN0cm9uZz48Zm9udCBjb2xvcj0iIzAwMDBDRCIgc2l6ZT0iNCI+5aWz5oCn55So44K344Oz44OX44Or44Km44Kp44O844Og44Ki44OD44OX44CB44Oq44OL44Ol44O844Ki44Or44CCPGJyPjwvZm9udD48L3N0cm9uZz48YnI+4pag44Od44Kx44OD44OI44OV44Kh44K544OK44O844Gq44GXPGJyPjxicj48YnI+PHN0cm9uZz7jgJDmqZ/og73jgJE8L3N0cm9uZz48YnI+44O75pyA44KC44K544K/44Oz44OA44O844OJ44Gq44K344Or44Ko44OD44OI44CCPGJyPuODu+WQuOaxl+mAn+S5vuaAp+OBjOWEquOCjOOBpuOBhOOCi+OBk+OBqOOCkuekuuOBl+OAgeaxl+OCkue0oOaXqeOBj+WQuOWPjuOAgeaLoeaVo+OAgeOCpuOCqOOCouWGheOCkuW/q+mBqeOBqueKtuaFi+OBq+S/neOBoeOBvuOBmeOAgjxicj7jg7vnkrDlooPphY3mha7lnovllYblk4Hjga7mlrDjgZfjgYToqo3lrprln7rmupbjgIzjg5/jgrrjg47jgrDjg6rjg7zjg7PjgrDjg6zjg7zjg4njgI3jg5bjg63jg7Pjgrrjg6Hjg4Djg6vjgII8YnI+PGJyPjxwPjwhLS1ta190YWdzLS0+PFA+PElNRyBzcmM9Imh0dHA6Ly93d3cucmFrdXRlbi5uZS5qcC9nb2xkL2VzcG9ydHMvYm4vanl1aGF0dHl1dTUyMC02MC5qcGciIHdpZHRoPSI1MjAiIGhlaWdodD0iNjAiIGJvcmRlcj0iMCI+PC9QPjwhLS1ta190YWdlLS0+PGJyPjxpbWcgc3JjPSJodHRwOi8vaW1hZ2UucmFrdXRlbi5jby5qcC9lc3BvcnRzL2NhYmluZXQvc2l6ZS9zcG9ydHNfc2l6ZTM3NS5naWYiIHdpZHRoPSIzNzVweCIgaGVpZ2h0PSI5MHB4IiBhbHQ9IuOCueODneODvOODhOOCpuOCp+OCouOCteOCpOOCuuihqCIgYm9yZGVyPSIwIj48YnI+PGJyPuKXj+euoeeQhmNvZGXvvJo3OTgzOTU5NTwhLS1zcGVjX3RhZ3MtLT48cD48c3Ryb25nPjxmb250IGNvbG9yPSIjMDAwMENEIiBzaXplPSIzIj7jgJDllYblk4Hjgrnjg5rjg4Pjgq/jgJE8L2ZvbnQ+PC9zdHJvbmc+PGJyPuKXjzxzdHJvbmc+44Os44OH44Kj44O844K544K144Kk44K677yIY23vvIk8L3N0cm9uZz4gOiA8YnI+44CAWFMv6Lqr6ZW3MTQ3772eMTUz44CB44OQ44K544OINzXvvZ43OeOAgeOCpuOCqOOCueODiDU2772eNjA8YnI+44CAUy/ouqvplbcxNTLvvZ4xNTjjgIHjg5Djgrnjg4g3OO+9njgy44CB44Km44Ko44K544OINTnvvZ42Mzxicj7jgIBNL+i6q+mVtzE1N++9njE2M+OAgeODkOOCueODiDgx772eODXjgIHjgqbjgqjjgrnjg4g2Mu+9njY2PGJyPuOAgEwv6Lqr6ZW3MTYy772eMTY444CB44OQ44K544OIODTvvZ44OOOAgeOCpuOCqOOCueODiDY1772eNjk8YnI+44CAWEwv6Lqr6ZW3MTY3772eMTcz44CB44OQ44K544OIODfvvZ45MeOAgeOCpuOCqOOCueODiDY4772eNzI8YnI+44CAMlhML+i6q+mVtzE3Mu+9njE3OOOAgeODkOOCueODiDkw772eOTTjgIHjgqbjgqjjgrnjg4g3Me+9njc1PGJyPuOAgDNYTC/ouqvplbcxNzfvvZ4xODPjgIHjg5Djgrnjg4g5M++9njk344CB44Km44Ko44K544OINzTvvZ43ODxicj7il488c3Ryb25nPuimj+agvOOCteOCpOOCuu+8iOWun+WvuO+8ie+8iGNt77yJPC9zdHJvbmc+IDogPGJyPuOAgOedgOS4iO+8mlMvNTcuOeOAgU0vNjDjgIFMLzYyLjHjgIFYTC82NC4yPGJyPuOAgOiDuOWbnuOCiu+8mlMvOTXjgIFNLzk444CBTC8xMDHjgIFYTC8xMDQ8YnI+44CA6IKp5bmF77yaUy8zNC4444CBTS8zNuOAgUwvMzcuMuOAgVhMLzM4LjQ8YnI+44CA6KKW5LiI77yaUy81OC4144CBTS82MOOAgUwvNjEuNeOAgVhMLzYzPGJyPuKXjzxzdHJvbmc+57Sg5p2QPC9zdHJvbmc+IDog44Od44Oq44Ko44K544OG44OrMTAw77yFPGJyPuKXjzxzdHJvbmc+5Y6f55Sj5Zu9PC9zdHJvbmc+IDog5Lit5Zu96KO944O75pel5pys6KO9PGJyPjwhLS1zcGVjX3RhZ2UtLT48YnI+PGJyPjxicj48Zm9udCBzaXplPSItMSI+44Oh44O844Kr44O85biM5pyb5bCP5aOy5L6h5qC844Gv44Oh44O844Kr44O844Kr44K/44Ot44Kw44Gr5Z+644Gl44GE44Gm5o6y6LyJ44GX44Gm44GE44G+44GZPGJyPjwvZm9udD48aW1nIHNyYz0iaHR0cDovL2ltYWdlLnJha3V0ZW4uY28uanAvZXNwb3J0cy9jYWJpbmV0L2V2aWRlbmNlL2V2aWRlbmNlMi5qcGciIGJvcmRlcj0iMCIgYWx0PSLjgqjjg5Pjg4fjg7PjgrkiPjxsaW5rIHJlbD0ic3R5bGVzaGVldCIgdHlwZT0idGV4dC9jc3MiIGhyZWY9Imh0dHA6Ly93d3cucmFrdXRlbi5uZS5qcC9nb2xkL2VzcG9ydHMvc2hvcHBpbmdfcGFydHMuY3NzIj4KCjxkaXYgc3R5bGU9Im1hcmdpbi10b3A6LTI2cHg7Ij48L2Rpdj4KCjwhLS0g44K744O844OrIDxpbWcgc3JjPSJodHRwOi8vd3d3LnJha3V0ZW4ubmUuanAvZ29sZC9lc3BvcnRzL25ld3llYXItc2FsZS9uZXd5ZWFyLXNhbGUtNzgwLmpwZyIgYm9yZGVyPSIwIiBhbHQ9IuOCu+ODvOODqyIgd2lkdGg9Ijc3MHB4Ij48YnI+PGJyPiDjgrvjg7zjg6sgLS0+Cgo8IS0tIOOCueODvOODkeODvOOCu+ODvOODqyA8ZGl2IHN0eWxlPSJ3aWR0aCA6IDc1MHB4OyI+CjxkaXYgYWxpZ249ImNlbnRlciIgc3R5bGU9Im1hcmdpbi1ib3R0b20gOiAwcHg7Ym9yZGVyLXdpZHRoIDogMnB4O2JvcmRlci1zdHlsZSA6IHNvbGlkO2JvcmRlci1jb2xvciA6ICNiYzExMzE7Ij4KCjwvZGl2PjwvZGl2PjxkaXYgY2xhc3M9Im1hcmdpbjUiPjwvZGl2Pjxicj4g44K544O844OR44O844K744O844OrLS0+Cgo8IS0tIOOCueODvOODkeODvOOCu+ODvOODqzIg77yI44OQ44OK44O844Gu44G/77yJPGltZyBzcmM9Imh0dHA6Ly93d3cucmFrdXRlbi5uZS5qcC9nb2xkL2VzcG9ydHMvc3BzYWxlL3NhbGUtYm43ODAuanBnIiBib3JkZXI9IjAiIGFsdD0i44K744O844OrIiB3aWR0aD0iNzcwcHgiPjxicj48YnI+IOOCueODvOODkeODvCAtLT4KCjxkaXYgY2xhc3M9ImNvbnRlbnRzIj48IS0tIOWRiuefpSAKPGRpdiBzdHlsZT0id2lkdGg6NzM2cHg7IHBhZGRpbmc6MTVweDsgbWFyZ2luOjVweCAwIDE1cHg7IGJvcmRlcjpzb2xpZCAjRTYyRjJGIDJweDsiPgo8cCBzdHlsZT0iZm9udC13ZWlnaHQ6Ym9sZDsgZm9udC1zaXplOjE3cHg7IHRleHQtYWxpZ246Y2VudGVyOyI+44CQIDxzcGFuIHN0eWxlPSJib3JkZXItYm90dG9tOjJweCBkb3R0ZWQgIzk5OTsgZm9udC1zaXplOjE1cHg7Ij415pyIMjbml6Uo6YeRKeOBruWWtualreOBq+OBpOOBhOOBpjwvc3Bhbj4g44CRPC9wPgo8cCBzdHlsZT0iZm9udC1zaXplOjEzcHg7IG1hcmdpbi10b3A6MTVweDsiPuiqoOOBq+WLneaJi+OBquOBjOOCiTXmnIgyNuaXpSjph5Ep44Gv44CB56S+5YaF56CU5L+u44Gu44Gf44KB44CB5Za25qWt5pmC6ZaT44KS5Y2I5YmNMTLvvJowMOOBvuOBp+OBqOOBleOBm+OBpuOBhOOBn+OBoOOBjeOBvuOBmeOAguWwmuOAgeOAjOOBguOBmealveOAjeWvvuW/nOWTgeOBq+OBpOOBjeOBvuOBl+OBpuOBr+OAgemAmuW4uOmAmuOCijEy77yaMDDjgb7jgafjga7jgZTms6jmlofjgpLlvZPml6XnmbrpgIHjgZXjgZvjgabjgYTjgZ/jgaDjgY3jgb7jgZnjgII8L3A+CjxwIHN0eWxlPSJmb250LXNpemU6MTNweDsgbWFyZ2luLXRvcDoxNXB4OyI+44GK5a6i5qeY44Gr44Gv44GU5LiN5L6/44KS44GK5o6b44GR6Ie044GX44G+44GZ44GM44CB44GU55CG6Kej44Gu56iL44CB5a6c44GX44GP44GK6aGY44GE6Ie044GX44G+44GZ44CCPC9wPgo8L2Rpdj4gLS0+CgoKPCEtLSA8ZGl2IHN0eWxlPSJ3aWR0aDo3MzZweDsgcGFkZGluZzoxNXB4OyBtYXJnaW46NXB4IDAgMTVweDsgYm9yZGVyOnNvbGlkICNFNjJGMkYgMnB4OyI+CjxwIHN0eWxlPSJmb250LXdlaWdodDpib2xkOyBmb250LXNpemU6MTdweDsgdGV4dC1hbGlnbjpjZW50ZXI7IG1hcmdpbjowOyI+44CQIDxzcGFuIHN0eWxlPSJib3JkZXItYm90dG9tOjJweCBkb3R0ZWQgIzk5OTsgZm9udC1zaXplOjE1cHg7Ij7lpKnlgJnkuI3oia/jga7lvbHpn7/jgavjgojjgovphY3pgIHpgYXlu7bjgavjgaTjgYTjgaY8L3NwYW4+IOOAkTwvcD4KPHAgc3R5bGU9ImZvbnQtc2l6ZToxM3B4OyBtYXJnaW46MTVweCAwIDA7Ij7lj7Dpoqjjg7vosarpm6jnrYnjga7lpKnlgJnkuI3oia/jgavkvLTjgYTjgIHkuIDpg6jlnLDln5/jgafjgYrojbfnianjga7jgYrlsYrjgZHjgavpgYXjgozjgYznmbrnlJ/jgZnjgovmgZDjgozjgYzjgZTjgZbjgYTjgb7jgZnjgII8L3A+CjxwIHN0eWxlPSJmb250LXNpemU6MTNweDsgbWFyZ2luOjdweCAwIDA7Ij7jgb7jgZ/jgIHku4rlvozjga7lj7Dpoqjjga7pgLLot6/jgavjgojjgaPjgabjga/jgIHluoPnr4Tlm7Ljga7lnLDln5/jgafpgYXjgozjgYznlJ/jgZjjgovlj6/og73mgKfjgYzjgYLjgorjgb7jgZnjgILlnLDln5/jgoTjgr/jgqTjg5/jg7PjgrDjgavjgojjgaPjgabjgIHjgZTluIzmnJvjga7jgYrlsYrjgZHml6XmmYLjgavphY3pgZTjgafjgY3jgarjgYTloLTlkIjjgYzjgZTjgZbjgYTjgb7jgZnjgII8L3A+CjxwIHN0eWxlPSJmb250LXNpemU6MTNweDsgbWFyZ2luOjdweCAwIDA7Ij7jgYrlrqLmp5jjgavjga/lpKflpInjgZTov7fmg5HjgpLjgYrmjpvjgZHoh7TjgZfjgb7jgZnjgYzjgIHjgZTnkIbop6PjgYTjgZ/jgaDjgZHjgb7jgZnjgojjgYbjgYrpoZjjgYToh7TjgZfjgb7jgZnjgII8L3A+CjwvZGl2PiAtLT4KCgoKPCEtLSDkuIDpg6jlnLDln5/jgafjga7phY3pgZTpgYXlu7bjgavjgaTjgY3jgb7jgZfjgaYgLS0+CgoKPCEtLSDjgq/jg7zjg53jg7MgCjxpbWcgc3JjPSJodHRwOi8vd3d3LnJha3V0ZW4ubmUuanAvZ29sZC9lc3BvcnRzL2JuL2NvdXBvbi9jb3Vwb243NzAuZ2lmIiBhbHQ9IjIwMOWGhk9GRuOCr+ODvOODneODsyI+IC0tPgoKCgo8IS0tIDxpbWcgc3JjPSJodHRwOi8vd3d3LnJha3V0ZW4ubmUuanAvZ29sZC9lc3BvcnRzL2JuL2FkaWRhcy9hZGlkYXMtYm4zNTcuanBnIiBhbHQ9ImFkaWRhc+ODneOCpOODs+ODiDE15YCNIj4gLS0+CgoKPGJyPg==,44Of44K644OO77yITUlaVU5P77yJIOODrOODh+OCo+ODvOOCuSDjgqbjgqnjg7zjg6DjgqLjg4Pjg5fjgrfjg6Pjg4QgMzJKQzYzMjUwOSDjgJDjgrnjg53jg7zjg4TjgqbjgqfjgqIg44OI44Os44O844OL44Oz44Kw44Km44Kn44KiIOmVt+iiluOAke+8mu+9he+8s++8sO+8r++8su+8tO+8s+alveWkqeaUr+W6lw==,44Ki44Km44OI44OJ44Ki44Kt44Oj44Oz44OX44OQ44O844OZ44Kt44Ol44O844OG44Oz44OI44K/44O844OX44OG44O844OW44Or44OB44Kn44Ki44K344Ol44Op44OV44Op44Oz44K/44Oz44Kv44O844Op44O844Oc44OD44Kv44K544Kz44O844Or44Oe44Oz44OO44O844K544OV44Kn44Kk44K544K544Od44O844OE44OV44Kj44OD44OI44ON44K544OA44Kk44Ko44OD44OI44OI44Os44O844OL44Oz44Kw44OX44Ot44OG44Kk44Oz44K144OX44Oq44Oh44Oz44OI44OA44Oz44OZ44Or44K144OD44Kr44O844Of44K644OO77yITUlaVU5P77yJIOODrOODh+OCo+ODvOOCuSDjgqbjgqnjg7zjg6DjgqLjg4Pjg5fjgrfjg6Pjg4QgMzJKQzYzMjUwOSDjgJDjgrnjg53jg7zjg4TjgqbjgqfjgqIg44OI44Os44O844OL44Oz44Kw44Km44Kn44KiIOmVt+iiluOAkQ==,44Of44K644OO77yITUlaVU5P77yJIOODrOODh+OCo+ODvOOCuSDjgqbjgqnjg7zjg6DjgqLjg4Pjg5fjgrfjg6Pjg4QgMzJKQzYzMjUwOSDjgJDjgrnjg53jg7zjg4TjgqbjgqfjgqIg44OI44Os44O844OL44Oz44Kw44Km44Kn44KiIOmVt+iiluOAkQ==[rn]
34-75278,aHR0cDovL3RzaG9wLnIxMHMuanAvZXNwb3J0cy9jYWJpbmV0Lzk5ODItMjUvOTk4MjQyMTQ5MTQ2Ny5qcGc/Zml0aW49NzAwOjcwMA==,Mzc0Mi40MDAw,,44K544Od44O844OE44O744Ki44Km44OI44OJ44KiID4g44OV44Kj44OD44OI44ON44K544O744OI44Os44O844OL44Oz44KwID4g44Km44Kn44KiID4g44Os44OH44Kj44O844K544Km44Kn44KiID4g44OI44OD44OX44K5,44Of44K644OO77yITUlaVU5P77yJIOODrOODh+OCo+ODvOOCuSDjgqbjgqnjg7zjg6DjgqLjg4Pjg5fjgrfjg6Pjg4QgMzJKQzYzMjU5NiDjgJDjgrnjg53jg7zjg4TjgqbjgqfjgqIg44OI44Os44O844OL44Oz44Kw44Km44Kn44KiIOmVt+iiluOAkQ==,,PCEtLWltZ190YWdzLS0+PHRhYmxlIGJvcmRlcj0iMCIgd2lkdGg9IjY1MCI+PFRSPjxURCBhbGlnbj0iY2VudGVyIj48QSBocmVmPSJodHRwOi8vd3d3LnJha3V0ZW4uY28uanAvZXNwb3J0cy9pbmZvMi5odG1sI2RlciI+PElNRyBzcmM9Imh0dHA6Ly93d3cucmFrdXRlbi5uZS5qcC9nb2xkL2VzcG9ydHMvc3VwcG9ydC9zaGlwcGluZzIuZ2lmIiBib3JkZXI9IjAiPjwvQT48QSBocmVmPSJodHRwOi8vd3d3LnJha3V0ZW4ubmUuanAvZ29sZC9lc3BvcnRzL3N1cHBvcnQvZGlzcGF0Y2guaHRtbCI+PElNRyBzcmM9Imh0dHA6Ly93d3cucmFrdXRlbi5uZS5qcC9nb2xkL2VzcG9ydHMvc3VwcG9ydC9kYXlzMy5naWYiIGJvcmRlcj0iMCI+PC9BPjxBIGhyZWY9Imh0dHA6Ly93d3cucmFrdXRlbi5uZS5qcC9nb2xkL2VzcG9ydHMvc3VwcG9ydC9kaXNwYXRjaC5odG1sIj48SU1HIHNyYz0iaHR0cDovL3d3dy5yYWt1dGVuLm5lLmpwL2dvbGQvZXNwb3J0cy9zdXBwb3J0L3BsYWNlMy5naWYiIGJvcmRlcj0iMCI+PC9BPjxBIGhyZWY9Imh0dHA6Ly93d3cucmFrdXRlbi5jby5qcC9lc3BvcnRzL2luZm8yLmh0bWwjYmFjayI+PElNRyBzcmM9Imh0dHA6Ly93d3cucmFrdXRlbi5uZS5qcC9nb2xkL2VzcG9ydHMvc3VwcG9ydC9yZXR1cm4yLmdpZiIgYm9yZGVyPSIwIj48L0E+PC90ZD48L3RyPjwvdGFibGU+PCEtLWltZ190YWdlLS0+PHN0cm9uZz48Zm9udCBjb2xvcj0iIzAwMDBDRCIgc2l6ZT0iNCI+5aWz5oCn55So44K344Oz44OX44Or44Km44Kp44O844Og44Ki44OD44OX44CB44Oq44OL44Ol44O844Ki44Or44CCPGJyPjwvZm9udD48L3N0cm9uZz48YnI+4pag44Od44Kx44OD44OI44OV44Kh44K544OK44O844Gq44GXPGJyPjxicj48YnI+PHN0cm9uZz7jgJDmqZ/og73jgJE8L3N0cm9uZz48YnI+44O75pyA44KC44K544K/44Oz44OA44O844OJ44Gq44K344Or44Ko44OD44OI44CCPGJyPuODu+WQuOaxl+mAn+S5vuaAp+OBjOWEquOCjOOBpuOBhOOCi+OBk+OBqOOCkuekuuOBl+OAgeaxl+OCkue0oOaXqeOBj+WQuOWPjuOAgeaLoeaVo+OAgeOCpuOCqOOCouWGheOCkuW/q+mBqeOBqueKtuaFi+OBq+S/neOBoeOBvuOBmeOAgjxicj7jg7vnkrDlooPphY3mha7lnovllYblk4Hjga7mlrDjgZfjgYToqo3lrprln7rmupbjgIzjg5/jgrrjg47jgrDjg6rjg7zjg7PjgrDjg6zjg7zjg4njgI3jg5bjg63jg7Pjgrrjg6Hjg4Djg6vjgII8YnI+PGJyPjxwPjwhLS1ta190YWdzLS0+PFA+PElNRyBzcmM9Imh0dHA6Ly93d3cucmFrdXRlbi5uZS5qcC9nb2xkL2VzcG9ydHMvYm4vanl1aGF0dHl1dTUyMC02MC5qcGciIHdpZHRoPSI1MjAiIGhlaWdodD0iNjAiIGJvcmRlcj0iMCI+PC9QPjwhLS1ta190YWdlLS0+PGJyPjxpbWcgc3JjPSJodHRwOi8vaW1hZ2UucmFrdXRlbi5jby5qcC9lc3BvcnRzL2NhYmluZXQvc2l6ZS9zcG9ydHNfc2l6ZTM3NS5naWYiIHdpZHRoPSIzNzVweCIgaGVpZ2h0PSI5MHB4IiBhbHQ9IuOCueODneODvOODhOOCpuOCp+OCouOCteOCpOOCuuihqCIgYm9yZGVyPSIwIj48YnI+PGJyPuKXj+euoeeQhmNvZGXvvJo3OTgzOTU5NTwhLS1zcGVjX3RhZ3MtLT48cD48c3Ryb25nPjxmb250IGNvbG9yPSIjMDAwMENEIiBzaXplPSIzIj7jgJDllYblk4Hjgrnjg5rjg4Pjgq/jgJE8L2ZvbnQ+PC9zdHJvbmc+PGJyPuKXjzxzdHJvbmc+44Os44OH44Kj44O844K544K144Kk44K677yIY23vvIk8L3N0cm9uZz4gOiA8YnI+44CAWFMv6Lqr6ZW3MTQ3772eMTUz44CB44OQ44K544OINzXvvZ43OeOAgeOCpuOCqOOCueODiDU2772eNjA8YnI+44CAUy/ouqvplbcxNTLvvZ4xNTjjgIHjg5Djgrnjg4g3OO+9njgy44CB44Km44Ko44K544OINTnvvZ42Mzxicj7jgIBNL+i6q+mVtzE1N++9njE2M+OAgeODkOOCueODiDgx772eODXjgIHjgqbjgqjjgrnjg4g2Mu+9njY2PGJyPuOAgEwv6Lqr6ZW3MTYy772eMTY444CB44OQ44K544OIODTvvZ44OOOAgeOCpuOCqOOCueODiDY1772eNjk8YnI+44CAWEwv6Lqr6ZW3MTY3772eMTcz44CB44OQ44K544OIODfvvZ45MeOAgeOCpuOCqOOCueODiDY4772eNzI8YnI+44CAMlhML+i6q+mVtzE3Mu+9njE3OOOAgeODkOOCueODiDkw772eOTTjgIHjgqbjgqjjgrnjg4g3Me+9njc1PGJyPuOAgDNYTC/ouqvplbcxNzfvvZ4xODPjgIHjg5Djgrnjg4g5M++9njk344CB44Km44Ko44K544OINzTvvZ43ODxicj7il488c3Ryb25nPuimj+agvOOCteOCpOOCuu+8iOWun+WvuO+8ie+8iGNt77yJPC9zdHJvbmc+IDogPGJyPuOAgOedgOS4iO+8mlMvNTcuOeOAgU0vNjDjgIFMLzYyLjHjgIFYTC82NC4yPGJyPuOAgOiDuOWbnuOCiu+8mlMvOTXjgIFNLzk444CBTC8xMDHjgIFYTC8xMDQ8YnI+44CA6IKp5bmF77yaUy8zNC4444CBTS8zNuOAgUwvMzcuMuOAgVhMLzM4LjQ8YnI+44CA6KKW5LiI77yaUy81OC4144CBTS82MOOAgUwvNjEuNeOAgVhMLzYzPGJyPuKXjzxzdHJvbmc+57Sg5p2QPC9zdHJvbmc+IDog44Od44Oq44Ko44K544OG44OrMTAw77yFPGJyPuKXjzxzdHJvbmc+5Y6f55Sj5Zu9PC9zdHJvbmc+IDog5Lit5Zu96KO944O75pel5pys6KO9PGJyPjwhLS1zcGVjX3RhZ2UtLT48YnI+PGJyPjxicj48Zm9udCBzaXplPSItMSI+44Oh44O844Kr44O85biM5pyb5bCP5aOy5L6h5qC844Gv44Oh44O844Kr44O844Kr44K/44Ot44Kw44Gr5Z+644Gl44GE44Gm5o6y6LyJ44GX44Gm44GE44G+44GZPGJyPjwvZm9udD48aW1nIHNyYz0iaHR0cDovL2ltYWdlLnJha3V0ZW4uY28uanAvZXNwb3J0cy9jYWJpbmV0L2V2aWRlbmNlL2V2aWRlbmNlMi5qcGciIGJvcmRlcj0iMCIgYWx0PSLjgqjjg5Pjg4fjg7PjgrkiPjxsaW5rIHJlbD0ic3R5bGVzaGVldCIgdHlwZT0idGV4dC9jc3MiIGhyZWY9Imh0dHA6Ly93d3cucmFrdXRlbi5uZS5qcC9nb2xkL2VzcG9ydHMvc2hvcHBpbmdfcGFydHMuY3NzIj4KCjxkaXYgc3R5bGU9Im1hcmdpbi10b3A6LTI2cHg7Ij48L2Rpdj4KCjwhLS0g44K744O844OrIDxpbWcgc3JjPSJodHRwOi8vd3d3LnJha3V0ZW4ubmUuanAvZ29sZC9lc3BvcnRzL25ld3llYXItc2FsZS9uZXd5ZWFyLXNhbGUtNzgwLmpwZyIgYm9yZGVyPSIwIiBhbHQ9IuOCu+ODvOODqyIgd2lkdGg9Ijc3MHB4Ij48YnI+PGJyPiDjgrvjg7zjg6sgLS0+Cgo8IS0tIOOCueODvOODkeODvOOCu+ODvOODqyA8ZGl2IHN0eWxlPSJ3aWR0aCA6IDc1MHB4OyI+CjxkaXYgYWxpZ249ImNlbnRlciIgc3R5bGU9Im1hcmdpbi1ib3R0b20gOiAwcHg7Ym9yZGVyLXdpZHRoIDogMnB4O2JvcmRlci1zdHlsZSA6IHNvbGlkO2JvcmRlci1jb2xvciA6ICNiYzExMzE7Ij4KCjwvZGl2PjwvZGl2PjxkaXYgY2xhc3M9Im1hcmdpbjUiPjwvZGl2Pjxicj4g44K544O844OR44O844K744O844OrLS0+Cgo8IS0tIOOCueODvOODkeODvOOCu+ODvOODqzIg77yI44OQ44OK44O844Gu44G/77yJPGltZyBzcmM9Imh0dHA6Ly93d3cucmFrdXRlbi5uZS5qcC9nb2xkL2VzcG9ydHMvc3BzYWxlL3NhbGUtYm43ODAuanBnIiBib3JkZXI9IjAiIGFsdD0i44K744O844OrIiB3aWR0aD0iNzcwcHgiPjxicj48YnI+IOOCueODvOODkeODvCAtLT4KCjxkaXYgY2xhc3M9ImNvbnRlbnRzIj48IS0tIOWRiuefpSAKPGRpdiBzdHlsZT0id2lkdGg6NzM2cHg7IHBhZGRpbmc6MTVweDsgbWFyZ2luOjVweCAwIDE1cHg7IGJvcmRlcjpzb2xpZCAjRTYyRjJGIDJweDsiPgo8cCBzdHlsZT0iZm9udC13ZWlnaHQ6Ym9sZDsgZm9udC1zaXplOjE3cHg7IHRleHQtYWxpZ246Y2VudGVyOyI+44CQIDxzcGFuIHN0eWxlPSJib3JkZXItYm90dG9tOjJweCBkb3R0ZWQgIzk5OTsgZm9udC1zaXplOjE1cHg7Ij415pyIMjbml6Uo6YeRKeOBruWWtualreOBq+OBpOOBhOOBpjwvc3Bhbj4g44CRPC9wPgo8cCBzdHlsZT0iZm9udC1zaXplOjEzcHg7IG1hcmdpbi10b3A6MTVweDsiPuiqoOOBq+WLneaJi+OBquOBjOOCiTXmnIgyNuaXpSjph5Ep44Gv44CB56S+5YaF56CU5L+u44Gu44Gf44KB44CB5Za25qWt5pmC6ZaT44KS5Y2I5YmNMTLvvJowMOOBvuOBp+OBqOOBleOBm+OBpuOBhOOBn+OBoOOBjeOBvuOBmeOAguWwmuOAgeOAjOOBguOBmealveOAjeWvvuW/nOWTgeOBq+OBpOOBjeOBvuOBl+OBpuOBr+OAgemAmuW4uOmAmuOCijEy77yaMDDjgb7jgafjga7jgZTms6jmlofjgpLlvZPml6XnmbrpgIHjgZXjgZvjgabjgYTjgZ/jgaDjgY3jgb7jgZnjgII8L3A+CjxwIHN0eWxlPSJmb250LXNpemU6MTNweDsgbWFyZ2luLXRvcDoxNXB4OyI+44GK5a6i5qeY44Gr44Gv44GU5LiN5L6/44KS44GK5o6b44GR6Ie044GX44G+44GZ44GM44CB44GU55CG6Kej44Gu56iL44CB5a6c44GX44GP44GK6aGY44GE6Ie044GX44G+44GZ44CCPC9wPgo8L2Rpdj4gLS0+CgoKPCEtLSA8ZGl2IHN0eWxlPSJ3aWR0aDo3MzZweDsgcGFkZGluZzoxNXB4OyBtYXJnaW46NXB4IDAgMTVweDsgYm9yZGVyOnNvbGlkICNFNjJGMkYgMnB4OyI+CjxwIHN0eWxlPSJmb250LXdlaWdodDpib2xkOyBmb250LXNpemU6MTdweDsgdGV4dC1hbGlnbjpjZW50ZXI7IG1hcmdpbjowOyI+44CQIDxzcGFuIHN0eWxlPSJib3JkZXItYm90dG9tOjJweCBkb3R0ZWQgIzk5OTsgZm9udC1zaXplOjE1cHg7Ij7lpKnlgJnkuI3oia/jga7lvbHpn7/jgavjgojjgovphY3pgIHpgYXlu7bjgavjgaTjgYTjgaY8L3NwYW4+IOOAkTwvcD4KPHAgc3R5bGU9ImZvbnQtc2l6ZToxM3B4OyBtYXJnaW46MTVweCAwIDA7Ij7lj7Dpoqjjg7vosarpm6jnrYnjga7lpKnlgJnkuI3oia/jgavkvLTjgYTjgIHkuIDpg6jlnLDln5/jgafjgYrojbfnianjga7jgYrlsYrjgZHjgavpgYXjgozjgYznmbrnlJ/jgZnjgovmgZDjgozjgYzjgZTjgZbjgYTjgb7jgZnjgII8L3A+CjxwIHN0eWxlPSJmb250LXNpemU6MTNweDsgbWFyZ2luOjdweCAwIDA7Ij7jgb7jgZ/jgIHku4rlvozjga7lj7Dpoqjjga7pgLLot6/jgavjgojjgaPjgabjga/jgIHluoPnr4Tlm7Ljga7lnLDln5/jgafpgYXjgozjgYznlJ/jgZjjgovlj6/og73mgKfjgYzjgYLjgorjgb7jgZnjgILlnLDln5/jgoTjgr/jgqTjg5/jg7PjgrDjgavjgojjgaPjgabjgIHjgZTluIzmnJvjga7jgYrlsYrjgZHml6XmmYLjgavphY3pgZTjgafjgY3jgarjgYTloLTlkIjjgYzjgZTjgZbjgYTjgb7jgZnjgII8L3A+CjxwIHN0eWxlPSJmb250LXNpemU6MTNweDsgbWFyZ2luOjdweCAwIDA7Ij7jgYrlrqLmp5jjgavjga/lpKflpInjgZTov7fmg5HjgpLjgYrmjpvjgZHoh7TjgZfjgb7jgZnjgYzjgIHjgZTnkIbop6PjgYTjgZ/jgaDjgZHjgb7jgZnjgojjgYbjgYrpoZjjgYToh7TjgZfjgb7jgZnjgII8L3A+CjwvZGl2PiAtLT4KCgoKPCEtLSDkuIDpg6jlnLDln5/jgafjga7phY3pgZTpgYXlu7bjgavjgaTjgY3jgb7jgZfjgaYgLS0+CgoKPCEtLSDjgq/jg7zjg53jg7MgCjxpbWcgc3JjPSJodHRwOi8vd3d3LnJha3V0ZW4ubmUuanAvZ29sZC9lc3BvcnRzL2JuL2NvdXBvbi9jb3Vwb243NzAuZ2lmIiBhbHQ9IjIwMOWGhk9GRuOCr+ODvOODneODsyI+IC0tPgoKCgo8IS0tIDxpbWcgc3JjPSJodHRwOi8vd3d3LnJha3V0ZW4ubmUuanAvZ29sZC9lc3BvcnRzL2JuL2FkaWRhcy9hZGlkYXMtYm4zNTcuanBnIiBhbHQ9ImFkaWRhc+ODneOCpOODs+ODiDE15YCNIj4gLS0+CgoKPGJyPg==,44Of44K644OO77yITUlaVU5P77yJIOODrOODh+OCo+ODvOOCuSDjgqbjgqnjg7zjg6DjgqLjg4Pjg5fjgrfjg6Pjg4QgMzJKQzYzMjU5NiDjgJDjgrnjg53jg7zjg4TjgqbjgqfjgqIg44OI44Os44O844OL44Oz44Kw44Km44Kn44KiIOmVt+iiluOAke+8mu+9he+8s++8sO+8r++8su+8tO+8s+alveWkqeaUr+W6lw==,44Ki44Km44OI44OJ44Ki44Kt44Oj44Oz44OX44OQ44O844OZ44Kt44Ol44O844OG44Oz44OI44K/44O844OX44OG44O844OW44Or44OB44Kn44Ki44K344Ol44Op44OV44Op44Oz44K/44Oz44Kv44O844Op44O844Oc44OD44Kv44K544Kz44O844Or44Oe44Oz44OO44O844K544OV44Kn44Kk44K544K544Od44O844OE44OV44Kj44OD44OI44ON44K544OA44Kk44Ko44OD44OI44OI44Os44O844OL44Oz44Kw44OX44Ot44OG44Kk44Oz44K144OX44Oq44Oh44Oz44OI44OA44Oz44OZ44Or44K144OD44Kr44O844Of44K644OO77yITUlaVU5P77yJIOODrOODh+OCo+ODvOOCuSDjgqbjgqnjg7zjg6DjgqLjg4Pjg5fjgrfjg6Pjg4QgMzJKQzYzMjU5NiDjgJDjgrnjg53jg7zjg4TjgqbjgqfjgqIg44OI44Os44O844OL44Oz44Kw44Km44Kn44KiIOmVt+iiluOAkQ==,44Of44K644OO77yITUlaVU5P77yJIOODrOODh+OCo+ODvOOCuSDjgqbjgqnjg7zjg6DjgqLjg4Pjg5fjgrfjg6Pjg4QgMzJKQzYzMjU5NiDjgJDjgrnjg53jg7zjg4TjgqbjgqfjgqIg44OI44Os44O844OL44Oz44Kw44Km44Kn44KiIOmVt+iiluOAkQ==[rn]
34-75279,aHR0cDovL3RzaG9wLnIxMHMuanAvZXNwb3J0cy9jYWJpbmV0Lzk5ODItMjUvOTk4MjQyMTQ5MTUxMS5qcGc/Zml0aW49NzAwOjcwMA==,MjE2NS42MDAw,,44K544Od44O844OE44O744Ki44Km44OI44OJ44KiID4g44OV44Kj44OD44OI44ON44K544O744OI44Os44O844OL44Oz44KwID4g44Km44Kn44KiID4g44Os44OH44Kj44O844K544Km44Kn44KiID4g44OI44OD44OX44K5,44Of44K644OO77yITUlaVU5P77yJIOODrOODh+OCo+ODvOOCuSBU44K344Oj44OEIOOCveODvOODqeODvOOCq+ODg+ODiCAzMk1BNjMxMTE0IOOAkOOCueODneODvOODhOOCpuOCp+OCoiDjg4jjg6zjg7zjg4vjg7PjgrDjgqbjgqfjgqIg44OI44OD44OX44K544CR,,PCEtLWltZ190YWdzLS0+PHRhYmxlIGJvcmRlcj0iMCIgd2lkdGg9IjY1MCI+PFRSPjxURCBhbGlnbj0iY2VudGVyIj48QSBocmVmPSJodHRwOi8vd3d3LnJha3V0ZW4uY28uanAvZXNwb3J0cy9pbmZvMi5odG1sI2RlciI+PElNRyBzcmM9Imh0dHA6Ly93d3cucmFrdXRlbi5uZS5qcC9nb2xkL2VzcG9ydHMvc3VwcG9ydC9zaGlwcGluZzIuZ2lmIiBib3JkZXI9IjAiPjwvQT48QSBocmVmPSJodHRwOi8vd3d3LnJha3V0ZW4ubmUuanAvZ29sZC9lc3BvcnRzL3N1cHBvcnQvZGlzcGF0Y2guaHRtbCI+PElNRyBzcmM9Imh0dHA6Ly93d3cucmFrdXRlbi5uZS5qcC9nb2xkL2VzcG9ydHMvc3VwcG9ydC9kYXlzMy5naWYiIGJvcmRlcj0iMCI+PC9BPjxBIGhyZWY9Imh0dHA6Ly93d3cucmFrdXRlbi5uZS5qcC9nb2xkL2VzcG9ydHMvc3VwcG9ydC9kaXNwYXRjaC5odG1sIj48SU1HIHNyYz0iaHR0cDovL3d3dy5yYWt1dGVuLm5lLmpwL2dvbGQvZXNwb3J0cy9zdXBwb3J0L3BsYWNlMy5naWYiIGJvcmRlcj0iMCI+PC9BPjxBIGhyZWY9Imh0dHA6Ly93d3cucmFrdXRlbi5jby5qcC9lc3BvcnRzL2luZm8yLmh0bWwjYmFjayI+PElNRyBzcmM9Imh0dHA6Ly93d3cucmFrdXRlbi5uZS5qcC9nb2xkL2VzcG9ydHMvc3VwcG9ydC9yZXR1cm4yLmdpZiIgYm9yZGVyPSIwIj48L0E+PC90ZD48L3RyPjwvdGFibGU+PCEtLWltZ190YWdlLS0+44K944O844Op44O844Kr44OD44OI44K344Oj44OE44Gn44CB5aSP44Gu5oi45aSW44KC5b+r6YGp44Gr77yB77yBPGJyPjxicj48c3Ryb25nPuOAkOapn+iDveOAkTwvc3Ryb25nPjxicj7jg7vmnIDjgoLjgrnjgr/jg7Pjg4Djg7zjg4njgarjgrfjg6vjgqjjg4Pjg4jjgII8YnI+44O75aSq6Zm95YWJ44KS6YGu5pat44GX44Gm6KGj5pyN5YaF44KS5b+r6YGp44Gr5L+d44Gk44Go44GE44GG44CB5paw44GX44GE5aSP44Gu5b+r6YGp57Sg5p2Q44Gn44GZ44CCPGJyPuODu+e0q+Wklue3muOCq+ODg+ODiOaAp+OBq+WEquOCjOOBpuOBhOOCi+OBk+OBqOOCkuekuuOBl+OAgeaXpeeEvOOBkeOBi+OCieiCjOOCkuWuiOOCiuOBvuOBmeOAgjxicj7jg7sxMOWIhuOBp+iCjOOBjOi1pOOBj+OBquOCiuOBr+OBmOOCgeOCi+WgtOWQiOOAgeOBneOBruaZgumWk+OCkjUwMOWIhuS7peS4iuOBq+mBheOCieOBm+OCi+OBk+OBqOOBjOWPr+iDveOBquaVsOWApOOBjFVQRjUw77yL44CCPGJyPuODu+eSsOWig+mFjeaFruWei+WVhuWTgeOBruaWsOOBl+OBhOiqjeWumuWfuua6luOAjOODn+OCuuODjuOCsOODquODvOODs+OCsOODrOODvOODieOAjeODluODreODs+OCuuODoeODgOODq+OAgjxicj48YnI+PHA+PCEtLW1rX3RhZ3MtLT48UD48SU1HIHNyYz0iaHR0cDovL3d3dy5yYWt1dGVuLm5lLmpwL2dvbGQvZXNwb3J0cy9ibi9qeXVoYXR0eXV1NTIwLTYwLmpwZyIgd2lkdGg9IjUyMCIgaGVpZ2h0PSI2MCIgYm9yZGVyPSIwIj48L1A+PCEtLW1rX3RhZ2UtLT48YnI+PGltZyBzcmM9Imh0dHA6Ly9pbWFnZS5yYWt1dGVuLmNvLmpwL2VzcG9ydHMvY2FiaW5ldC9zaXplL3Nwb3J0c19zaXplMzc1LmdpZiIgd2lkdGg9IjM3NXB4IiBoZWlnaHQ9IjkwcHgiIGFsdD0i44K544Od44O844OE44Km44Kn44Ki44K144Kk44K66KGoIiBib3JkZXI9IjAiPjxicj48YnI+4peP566h55CGY29kZe+8mjc5ODM5NTk1PCEtLXNwZWNfdGFncy0tPjxwPjxzdHJvbmc+PGZvbnQgY29sb3I9IiMwMDAwQ0QiIHNpemU9IjMiPuOAkOWVhuWTgeOCueODmuODg+OCr+OAkTwvZm9udD48L3N0cm9uZz48YnI+4pePPHN0cm9uZz7jg6zjg4fjgqPjg7zjgrnjgrXjgqTjgrrvvIhjbe+8iTwvc3Ryb25nPiA6IDxicj7jgIBYUy/ouqvplbcxNDfvvZ4xNTPjgIHjg5Djgrnjg4g3Ne+9njc544CB44Km44Ko44K544OINTbvvZ42MDxicj7jgIBTL+i6q+mVtzE1Mu+9njE1OOOAgeODkOOCueODiDc4772eODLjgIHjgqbjgqjjgrnjg4g1Oe+9njYzPGJyPuOAgE0v6Lqr6ZW3MTU3772eMTYz44CB44OQ44K544OIODHvvZ44NeOAgeOCpuOCqOOCueODiDYy772eNjY8YnI+44CATC/ouqvplbcxNjLvvZ4xNjjjgIHjg5Djgrnjg4g4NO+9njg444CB44Km44Ko44K544OINjXvvZ42OTxicj7jgIBYTC/ouqvplbcxNjfvvZ4xNzPjgIHjg5Djgrnjg4g4N++9njkx44CB44Km44Ko44K544OINjjvvZ43Mjxicj7jgIAyWEwv6Lqr6ZW3MTcy772eMTc444CB44OQ44K544OIOTDvvZ45NOOAgeOCpuOCqOOCueODiDcx772eNzU8YnI+44CAM1hML+i6q+mVtzE3N++9njE4M+OAgeODkOOCueODiDkz772eOTfjgIHjgqbjgqjjgrnjg4g3NO+9njc4PGJyPuKXjzxzdHJvbmc+6KaP5qC844K144Kk44K677yI5a6f5a+477yJ77yIY23vvIk8L3N0cm9uZz4gOiA8YnI+44CA552A5LiI77yaUy82MOOAgU0vNjLjgIFMLzY044CBWEwvNjY8YnI+44CA6IO45Zue44KK77yaUy85MeOAgU0vOTTjgIFMLzk344CBWEwvMTAwPGJyPuOAgOiCqeW5he+8mlMvMzQuOOOAgU0vMzbjgIFMLzM3LjLjgIFYTC8zOC40PGJyPuOAgOiiluS4iO+8mlMvMTTjgIFNLzE144CBTC8xNuOAgVhMLzE3PGJyPuKXjzxzdHJvbmc+57Sg5p2QPC9zdHJvbmc+IDog44Od44Oq44Ko44K544OG44OrMTAw77yFPGJyPuKXjzxzdHJvbmc+5Y6f55Sj5Zu9PC9zdHJvbmc+IDog44Kk44Oz44OJ44ON44K344Ki6KO9PGJyPjwhLS1zcGVjX3RhZ2UtLT48YnI+PGJyPjxicj48Zm9udCBzaXplPSItMSI+44Oh44O844Kr44O85biM5pyb5bCP5aOy5L6h5qC844Gv44Oh44O844Kr44O844Kr44K/44Ot44Kw44Gr5Z+644Gl44GE44Gm5o6y6LyJ44GX44Gm44GE44G+44GZPGJyPjwvZm9udD48aW1nIHNyYz0iaHR0cDovL2ltYWdlLnJha3V0ZW4uY28uanAvZXNwb3J0cy9jYWJpbmV0L2V2aWRlbmNlL2V2aWRlbmNlMi5qcGciIGJvcmRlcj0iMCIgYWx0PSLjgqjjg5Pjg4fjg7PjgrkiPjxsaW5rIHJlbD0ic3R5bGVzaGVldCIgdHlwZT0idGV4dC9jc3MiIGhyZWY9Imh0dHA6Ly93d3cucmFrdXRlbi5uZS5qcC9nb2xkL2VzcG9ydHMvc2hvcHBpbmdfcGFydHMuY3NzIj4KCjxkaXYgc3R5bGU9Im1hcmdpbi10b3A6LTI2cHg7Ij48L2Rpdj4KCjwhLS0g44K744O844OrIDxpbWcgc3JjPSJodHRwOi8vd3d3LnJha3V0ZW4ubmUuanAvZ29sZC9lc3BvcnRzL25ld3llYXItc2FsZS9uZXd5ZWFyLXNhbGUtNzgwLmpwZyIgYm9yZGVyPSIwIiBhbHQ9IuOCu+ODvOODqyIgd2lkdGg9Ijc3MHB4Ij48YnI+PGJyPiDjgrvjg7zjg6sgLS0+Cgo8IS0tIOOCueODvOODkeODvOOCu+ODvOODqyA8ZGl2IHN0eWxlPSJ3aWR0aCA6IDc1MHB4OyI+CjxkaXYgYWxpZ249ImNlbnRlciIgc3R5bGU9Im1hcmdpbi1ib3R0b20gOiAwcHg7Ym9yZGVyLXdpZHRoIDogMnB4O2JvcmRlci1zdHlsZSA6IHNvbGlkO2JvcmRlci1jb2xvciA6ICNiYzExMzE7Ij4KCjwvZGl2PjwvZGl2PjxkaXYgY2xhc3M9Im1hcmdpbjUiPjwvZGl2Pjxicj4g44K544O844OR44O844K744O844OrLS0+Cgo8IS0tIOOCueODvOODkeODvOOCu+ODvOODqzIg77yI44OQ44OK44O844Gu44G/77yJPGltZyBzcmM9Imh0dHA6Ly93d3cucmFrdXRlbi5uZS5qcC9nb2xkL2VzcG9ydHMvc3BzYWxlL3NhbGUtYm43ODAuanBnIiBib3JkZXI9IjAiIGFsdD0i44K744O844OrIiB3aWR0aD0iNzcwcHgiPjxicj48YnI+IOOCueODvOODkeODvCAtLT4KCjxkaXYgY2xhc3M9ImNvbnRlbnRzIj48IS0tIOWRiuefpSAKPGRpdiBzdHlsZT0id2lkdGg6NzM2cHg7IHBhZGRpbmc6MTVweDsgbWFyZ2luOjVweCAwIDE1cHg7IGJvcmRlcjpzb2xpZCAjRTYyRjJGIDJweDsiPgo8cCBzdHlsZT0iZm9udC13ZWlnaHQ6Ym9sZDsgZm9udC1zaXplOjE3cHg7IHRleHQtYWxpZ246Y2VudGVyOyI+44CQIDxzcGFuIHN0eWxlPSJib3JkZXItYm90dG9tOjJweCBkb3R0ZWQgIzk5OTsgZm9udC1zaXplOjE1cHg7Ij415pyIMjbml6Uo6YeRKeOBruWWtualreOBq+OBpOOBhOOBpjwvc3Bhbj4g44CRPC9wPgo8cCBzdHlsZT0iZm9udC1zaXplOjEzcHg7IG1hcmdpbi10b3A6MTVweDsiPuiqoOOBq+WLneaJi+OBquOBjOOCiTXmnIgyNuaXpSjph5Ep44Gv44CB56S+5YaF56CU5L+u44Gu44Gf44KB44CB5Za25qWt5pmC6ZaT44KS5Y2I5YmNMTLvvJowMOOBvuOBp+OBqOOBleOBm+OBpuOBhOOBn+OBoOOBjeOBvuOBmeOAguWwmuOAgeOAjOOBguOBmealveOAjeWvvuW/nOWTgeOBq+OBpOOBjeOBvuOBl+OBpuOBr+OAgemAmuW4uOmAmuOCijEy77yaMDDjgb7jgafjga7jgZTms6jmlofjgpLlvZPml6XnmbrpgIHjgZXjgZvjgabjgYTjgZ/jgaDjgY3jgb7jgZnjgII8L3A+CjxwIHN0eWxlPSJmb250LXNpemU6MTNweDsgbWFyZ2luLXRvcDoxNXB4OyI+44GK5a6i5qeY44Gr44Gv44GU5LiN5L6/44KS44GK5o6b44GR6Ie044GX44G+44GZ44GM44CB44GU55CG6Kej44Gu56iL44CB5a6c44GX44GP44GK6aGY44GE6Ie044GX44G+44GZ44CCPC9wPgo8L2Rpdj4gLS0+CgoKPCEtLSA8ZGl2IHN0eWxlPSJ3aWR0aDo3MzZweDsgcGFkZGluZzoxNXB4OyBtYXJnaW46NXB4IDAgMTVweDsgYm9yZGVyOnNvbGlkICNFNjJGMkYgMnB4OyI+CjxwIHN0eWxlPSJmb250LXdlaWdodDpib2xkOyBmb250LXNpemU6MTdweDsgdGV4dC1hbGlnbjpjZW50ZXI7IG1hcmdpbjowOyI+44CQIDxzcGFuIHN0eWxlPSJib3JkZXItYm90dG9tOjJweCBkb3R0ZWQgIzk5OTsgZm9udC1zaXplOjE1cHg7Ij7lpKnlgJnkuI3oia/jga7lvbHpn7/jgavjgojjgovphY3pgIHpgYXlu7bjgavjgaTjgYTjgaY8L3NwYW4+IOOAkTwvcD4KPHAgc3R5bGU9ImZvbnQtc2l6ZToxM3B4OyBtYXJnaW46MTVweCAwIDA7Ij7lj7Dpoqjjg7vosarpm6jnrYnjga7lpKnlgJnkuI3oia/jgavkvLTjgYTjgIHkuIDpg6jlnLDln5/jgafjgYrojbfnianjga7jgYrlsYrjgZHjgavpgYXjgozjgYznmbrnlJ/jgZnjgovmgZDjgozjgYzjgZTjgZbjgYTjgb7jgZnjgII8L3A+CjxwIHN0eWxlPSJmb250LXNpemU6MTNweDsgbWFyZ2luOjdweCAwIDA7Ij7jgb7jgZ/jgIHku4rlvozjga7lj7Dpoqjjga7pgLLot6/jgavjgojjgaPjgabjga/jgIHluoPnr4Tlm7Ljga7lnLDln5/jgafpgYXjgozjgYznlJ/jgZjjgovlj6/og73mgKfjgYzjgYLjgorjgb7jgZnjgILlnLDln5/jgoTjgr/jgqTjg5/jg7PjgrDjgavjgojjgaPjgabjgIHjgZTluIzmnJvjga7jgYrlsYrjgZHml6XmmYLjgavphY3pgZTjgafjgY3jgarjgYTloLTlkIjjgYzjgZTjgZbjgYTjgb7jgZnjgII8L3A+CjxwIHN0eWxlPSJmb250LXNpemU6MTNweDsgbWFyZ2luOjdweCAwIDA7Ij7jgYrlrqLmp5jjgavjga/lpKflpInjgZTov7fmg5HjgpLjgYrmjpvjgZHoh7TjgZfjgb7jgZnjgYzjgIHjgZTnkIbop6PjgYTjgZ/jgaDjgZHjgb7jgZnjgojjgYbjgYrpoZjjgYToh7TjgZfjgb7jgZnjgII8L3A+CjwvZGl2PiAtLT4KCgoKPCEtLSDkuIDpg6jlnLDln5/jgafjga7phY3pgZTpgYXlu7bjgavjgaTjgY3jgb7jgZfjgaYgLS0+CgoKPCEtLSDjgq/jg7zjg53jg7MgCjxpbWcgc3JjPSJodHRwOi8vd3d3LnJha3V0ZW4ubmUuanAvZ29sZC9lc3BvcnRzL2JuL2NvdXBvbi9jb3Vwb243NzAuZ2lmIiBhbHQ9IjIwMOWGhk9GRuOCr+ODvOODneODsyI+IC0tPgoKCgo8IS0tIDxpbWcgc3JjPSJodHRwOi8vd3d3LnJha3V0ZW4ubmUuanAvZ29sZC9lc3BvcnRzL2JuL2FkaWRhcy9hZGlkYXMtYm4zNTcuanBnIiBhbHQ9ImFkaWRhc+ODneOCpOODs+ODiDE15YCNIj4gLS0+CgoKPGJyPg==,44Of44K644OO77yITUlaVU5P77yJIOODrOODh+OCo+ODvOOCuSBU44K344Oj44OEIOOCveODvOODqeODvOOCq+ODg+ODiCAzMk1BNjMxMTE0IOOAkOOCueODneODvOODhOOCpuOCp+OCoiDjg4jjg6zjg7zjg4vjg7PjgrDjgqbjgqfjgqIg44OI44OD44OX44K544CR77ya772F77yz77yw77yv77yy77y077yz5qW95aSp5pSv5bqX,44Ki44Km44OI44OJ44Ki44Kt44Oj44Oz44OX44OQ44O844OZ44Kt44Ol44O844OG44Oz44OI44K/44O844OX44OG44O844OW44Or44OB44Kn44Ki44K344Ol44Op44OV44Op44Oz44K/44Oz44Kv44O844Op44O844Oc44OD44Kv44K544Kz44O844Or44Oe44Oz44OO44O844K544OV44Kn44Kk44K544K544Od44O844OE44OV44Kj44OD44OI44ON44K544OA44Kk44Ko44OD44OI44OI44Os44O844OL44Oz44Kw44OX44Ot44OG44Kk44Oz44K144OX44Oq44Oh44Oz44OI44OA44Oz44OZ44Or44K144OD44Kr44O844Of44K644OO77yITUlaVU5P77yJIOODrOODh+OCo+ODvOOCuSBU44K344Oj44OEIOOCveODvOODqeODvOOCq+ODg+ODiCAzMk1BNjMxMTE0IOOAkOOCueODneODvOODhOOCpuOCp+OCoiDjg4jjg6zjg7zjg4vjg7PjgrDjgqbjgqfjgqIg44OI44OD44OX44K544CR,44Of44K644OO77yITUlaVU5P77yJIOODrOODh+OCo+ODvOOCuSBU44K344Oj44OEIOOCveODvOODqeODvOOCq+ODg+ODiCAzMk1BNjMxMTE0IOOAkOOCueODneODvOODhOOCpuOCp+OCoiDjg4jjg6zjg7zjg4vjg7PjgrDjgqbjgqfjgqIg44OI44OD44OX44K544CR[rn]
34-75280,aHR0cDovL3RzaG9wLnIxMHMuanAvZXNwb3J0cy9jYWJpbmV0Lzk1NjctNS85NTY3NTIzMDkxNDAzLmpwZz9maXRpbj03MDA6NzAw,NjkxMi4wMDAw,,44K544Od44O844OE44O744Ki44Km44OI44OJ44KiID4g44OV44Kj44OD44OI44ON44K544O744OI44Os44O844OL44Oz44KwID4g44Km44Kn44KiID4g44Os44OH44Kj44O844K544Km44Kn44KiID4g44OI44OD44OX44K5,44CQ6YCB5paZ54Sh5paZ44CR44K344O844K544Oq44O844OV44Kj44OD44OI77yIQzNmaXTvvIkg44K344Oj44O844OX44OG44OD44Kv44OV44O844OH44Kj44O8IFdPTUVO4oCZUyDjg5bjg6njg4Pjgq8gM0ZXMzYxMDUg44CQ44Os44OH44Kj44O844K544Km44Kn44KiIOOCpuOCo+ODoeODs+OCuiDjg4jjg6zjg7zjg4vjg7PjgrDjgqbjgqfjgqIg44K544Od44O844OEIOODkeODvOOCq+ODvOOAkQ==,4piF6YCB5paZ54Sh5paZ4piF,PCEtLWltZ190YWdzLS0+PHRhYmxlIGJvcmRlcj0iMCIgd2lkdGg9IjY1MCI+PFRSPjxURCBhbGlnbj0iY2VudGVyIj48QSBocmVmPSJodHRwOi8vd3d3LnJha3V0ZW4uY28uanAvZXNwb3J0cy9pbmZvMi5odG1sI2RlciI+PElNRyBzcmM9Imh0dHA6Ly93d3cucmFrdXRlbi5uZS5qcC9nb2xkL2VzcG9ydHMvc3VwcG9ydC9zaGlwcGluZzIuZ2lmIiBib3JkZXI9IjAiPjwvQT48QSBocmVmPSJodHRwOi8vd3d3LnJha3V0ZW4ubmUuanAvZ29sZC9lc3BvcnRzL3N1cHBvcnQvZGlzcGF0Y2guaHRtbCI+PElNRyBzcmM9Imh0dHA6Ly93d3cucmFrdXRlbi5uZS5qcC9nb2xkL2VzcG9ydHMvc3VwcG9ydC9kYXlzMS5naWYiIGJvcmRlcj0iMCI+PC9BPjxBIGhyZWY9Imh0dHA6Ly93d3cucmFrdXRlbi5uZS5qcC9nb2xkL2VzcG9ydHMvc3VwcG9ydC9kaXNwYXRjaC5odG1sIj48SU1HIHNyYz0iaHR0cDovL3d3dy5yYWt1dGVuLm5lLmpwL2dvbGQvZXNwb3J0cy9zdXBwb3J0L3BsYWNlMy5naWYiIGJvcmRlcj0iMCI+PC9BPjxBIGhyZWY9Imh0dHA6Ly93d3cucmFrdXRlbi5jby5qcC9lc3BvcnRzL2luZm8yLmh0bWwjYmFjayI+PElNRyBzcmM9Imh0dHA6Ly93d3cucmFrdXRlbi5uZS5qcC9nb2xkL2VzcG9ydHMvc3VwcG9ydC9yZXR1cm4xLmdpZiIgYm9yZGVyPSIwIj48L0E+PC90ZD48L3RyPjwvdGFibGU+PCEtLWltZ190YWdlLS0+PHN0cm9uZz48Zm9udCBjb2xvcj0iIzAwMDBDRCIgc2l6ZT0iNCI+PC9mb250Pjwvc3Ryb25nPjxicj7ou73ph4/mgKfjgIHlkLjmsZfpgJ/kub7mgKfjgIHjgrnjg4jjg6zjg4Pjg4HmgKfjgavlhKrjgozjgZ/jg4jjg6zjg7zjg4vjg7PjgrDjgrjjg6Pjg7zjgrjjgII8YnI+57Sw6Lqr44Gu44K344Or44Ko44OD44OI44GM6Lu95b+r44Gq5YuV44GN44KS5a6f54++44GX44G+44GZ44CCPGJyPjxicj48cD48dGFibGUgYm9yZGVyPSIwIiB3aWR0aD0iOTclIiBiZ2NvbG9yPSIjRkZGRkUwIj48dHI+PHRkPjxzdHJvbmc+PGZvbnQgY29sb3I9IiMwMDY0MDAiIHNpemU9IjMiPuOAkOmWoumAo+WVhuWTgeOBr+OBk+OBoeOCieOBp+OBmeOAkTwvZm9udD48L3N0cm9uZz48YnI+4peGIOOBneOBruS7liDjgrfjg7zjgrnjg6rjg7zjg5XjgqPjg4Pjg4jvvIhDM2ZpdO+8ieODrOODh+OCo+ODvOOCueOCpuOCp+OCouOBr+OBk+OBoeOCiTxicj7il4Yg5YWo44Kr44Op44O844Gv44GT44Gh44KJPGJyPjwvdGQ+PC90cj48L3RhYmxlPjwhLS1ta190YWdzLS0+PFA+PElNRyBzcmM9Imh0dHA6Ly93d3cucmFrdXRlbi5uZS5qcC9nb2xkL2VzcG9ydHMvYm4vanl1aGF0dHl1dTUyMC02MC5qcGciIHdpZHRoPSI1MjAiIGhlaWdodD0iNjAiIGJvcmRlcj0iMCI+PC9QPjwhLS1ta190YWdlLS0+PGJyPuKXj+euoeeQhmNvZGXvvJo3OTgzODc3OTwhLS1zcGVjX3RhZ3MtLT48cD48c3Ryb25nPjxmb250IGNvbG9yPSIjMDAwMENEIiBzaXplPSIzIj7jgJDllYblk4Hjgrnjg5rjg4Pjgq/jgJE8L2ZvbnQ+PC9zdHJvbmc+PGJyPuKXjzxzdHJvbmc+5a6f5a+444K144Kk44K677yIY23vvIk8L3N0cm9uZz4gOiA8YnI+U++8muedgOS4iDYz44CB6Lqr5bmFNDTjgIHogqnluYUzNuOAgeiiluS4iDU444CB6KO+5bmFNDU8YnI+Te+8muedgOS4iDY144CB6Lqr5bmFNDbjgIHogqnluYUzOOOAgeiiluS4iDYx44CB6KO+5bmFNDc8YnI+TO+8muedgOS4iDY344CB6Lqr5bmFNDjjgIHogqnluYUzOeOAgeiiluS4iDYz44CB6KO+5bmFNDk8YnI+4pePPHN0cm9uZz7pganlkIjjgrXjgqTjgrrvvIhjbe+8iTwvc3Ryb25nPiA6IDxicj5T77ya6Lqr6ZW3MTUwLTE2MOOAgeODkOOCueODiDc3LTgz44CB44Km44Ko44K544OINTgtNjQ8YnI+Te+8mui6q+mVtzE1NS0xNjXjgIHjg5Djgrnjg4g4MC04NuOAgeOCpuOCqOOCueODiDYxLTY3PGJyPkzvvJrouqvplbcxNjAtMTcw44CB44OQ44K544OIODMtODnjgIHjgqbjgqjjgrnjg4g2NC03MDxicj7il488c3Ryb25nPue0oOadkDwvc3Ryb25nPiA6IOODneODquOCqOOCueODhuODqzEwMO+8hTxicj7il488c3Ryb25nPuWOn+eUo+WbvTwvc3Ryb25nPiA6IOS4reWbvTxicj48IS0tc3BlY190YWdlLS0+PGJyPjxsaW5rIHJlbD0ic3R5bGVzaGVldCIgdHlwZT0idGV4dC9jc3MiIGhyZWY9Imh0dHA6Ly93d3cucmFrdXRlbi5uZS5qcC9nb2xkL2VzcG9ydHMvc2hvcHBpbmdfcGFydHMuY3NzIj4KCjxkaXYgc3R5bGU9Im1hcmdpbi10b3A6LTI2cHg7Ij48L2Rpdj4KCjwhLS0g44K744O844OrIDxpbWcgc3JjPSJodHRwOi8vd3d3LnJha3V0ZW4ubmUuanAvZ29sZC9lc3BvcnRzL25ld3llYXItc2FsZS9uZXd5ZWFyLXNhbGUtNzgwLmpwZyIgYm9yZGVyPSIwIiBhbHQ9IuOCu+ODvOODqyIgd2lkdGg9Ijc3MHB4Ij48YnI+PGJyPiDjgrvjg7zjg6sgLS0+Cgo8IS0tIOOCueODvOODkeODvOOCu+ODvOODqyA8ZGl2IHN0eWxlPSJ3aWR0aCA6IDc1MHB4OyI+CjxkaXYgYWxpZ249ImNlbnRlciIgc3R5bGU9Im1hcmdpbi1ib3R0b20gOiAwcHg7Ym9yZGVyLXdpZHRoIDogMnB4O2JvcmRlci1zdHlsZSA6IHNvbGlkO2JvcmRlci1jb2xvciA6ICNiYzExMzE7Ij4KCjwvZGl2PjwvZGl2PjxkaXYgY2xhc3M9Im1hcmdpbjUiPjwvZGl2Pjxicj4g44K544O844OR44O844K744O844OrLS0+Cgo8IS0tIOOCueODvOODkeODvOOCu+ODvOODqzIg77yI44OQ44OK44O844Gu44G/77yJPGltZyBzcmM9Imh0dHA6Ly93d3cucmFrdXRlbi5uZS5qcC9nb2xkL2VzcG9ydHMvc3BzYWxlL3NhbGUtYm43ODAuanBnIiBib3JkZXI9IjAiIGFsdD0i44K744O844OrIiB3aWR0aD0iNzcwcHgiPjxicj48YnI+IOOCueODvOODkeODvCAtLT4KCjxkaXYgY2xhc3M9ImNvbnRlbnRzIj48IS0tIOWRiuefpSAKPGRpdiBzdHlsZT0id2lkdGg6NzM2cHg7IHBhZGRpbmc6MTVweDsgbWFyZ2luOjVweCAwIDE1cHg7IGJvcmRlcjpzb2xpZCAjRTYyRjJGIDJweDsiPgo8cCBzdHlsZT0iZm9udC13ZWlnaHQ6Ym9sZDsgZm9udC1zaXplOjE3cHg7IHRleHQtYWxpZ246Y2VudGVyOyI+44CQIDxzcGFuIHN0eWxlPSJib3JkZXItYm90dG9tOjJweCBkb3R0ZWQgIzk5OTsgZm9udC1zaXplOjE1cHg7Ij415pyIMjbml6Uo6YeRKeOBruWWtualreOBq+OBpOOBhOOBpjwvc3Bhbj4g44CRPC9wPgo8cCBzdHlsZT0iZm9udC1zaXplOjEzcHg7IG1hcmdpbi10b3A6MTVweDsiPuiqoOOBq+WLneaJi+OBquOBjOOCiTXmnIgyNuaXpSjph5Ep44Gv44CB56S+5YaF56CU5L+u44Gu44Gf44KB44CB5Za25qWt5pmC6ZaT44KS5Y2I5YmNMTLvvJowMOOBvuOBp+OBqOOBleOBm+OBpuOBhOOBn+OBoOOBjeOBvuOBmeOAguWwmuOAgeOAjOOBguOBmealveOAjeWvvuW/nOWTgeOBq+OBpOOBjeOBvuOBl+OBpuOBr+OAgemAmuW4uOmAmuOCijEy77yaMDDjgb7jgafjga7jgZTms6jmlofjgpLlvZPml6XnmbrpgIHjgZXjgZvjgabjgYTjgZ/jgaDjgY3jgb7jgZnjgII8L3A+CjxwIHN0eWxlPSJmb250LXNpemU6MTNweDsgbWFyZ2luLXRvcDoxNXB4OyI+44GK5a6i5qeY44Gr44Gv44GU5LiN5L6/44KS44GK5o6b44GR6Ie044GX44G+44GZ44GM44CB44GU55CG6Kej44Gu56iL44CB5a6c44GX44GP44GK6aGY44GE6Ie044GX44G+44GZ44CCPC9wPgo8L2Rpdj4gLS0+CgoKPCEtLSA8ZGl2IHN0eWxlPSJ3aWR0aDo3MzZweDsgcGFkZGluZzoxNXB4OyBtYXJnaW46NXB4IDAgMTVweDsgYm9yZGVyOnNvbGlkICNFNjJGMkYgMnB4OyI+CjxwIHN0eWxlPSJmb250LXdlaWdodDpib2xkOyBmb250LXNpemU6MTdweDsgdGV4dC1hbGlnbjpjZW50ZXI7IG1hcmdpbjowOyI+44CQIDxzcGFuIHN0eWxlPSJib3JkZXItYm90dG9tOjJweCBkb3R0ZWQgIzk5OTsgZm9udC1zaXplOjE1cHg7Ij7lpKnlgJnkuI3oia/jga7lvbHpn7/jgavjgojjgovphY3pgIHpgYXlu7bjgavjgaTjgYTjgaY8L3NwYW4+IOOAkTwvcD4KPHAgc3R5bGU9ImZvbnQtc2l6ZToxM3B4OyBtYXJnaW46MTVweCAwIDA7Ij7lj7Dpoqjjg7vosarpm6jnrYnjga7lpKnlgJnkuI3oia/jgavkvLTjgYTjgIHkuIDpg6jlnLDln5/jgafjgYrojbfnianjga7jgYrlsYrjgZHjgavpgYXjgozjgYznmbrnlJ/jgZnjgovmgZDjgozjgYzjgZTjgZbjgYTjgb7jgZnjgII8L3A+CjxwIHN0eWxlPSJmb250LXNpemU6MTNweDsgbWFyZ2luOjdweCAwIDA7Ij7jgb7jgZ/jgIHku4rlvozjga7lj7Dpoqjjga7pgLLot6/jgavjgojjgaPjgabjga/jgIHluoPnr4Tlm7Ljga7lnLDln5/jgafpgYXjgozjgYznlJ/jgZjjgovlj6/og73mgKfjgYzjgYLjgorjgb7jgZnjgILlnLDln5/jgoTjgr/jgqTjg5/jg7PjgrDjgavjgojjgaPjgabjgIHjgZTluIzmnJvjga7jgYrlsYrjgZHml6XmmYLjgavphY3pgZTjgafjgY3jgarjgYTloLTlkIjjgYzjgZTjgZbjgYTjgb7jgZnjgII8L3A+CjxwIHN0eWxlPSJmb250LXNpemU6MTNweDsgbWFyZ2luOjdweCAwIDA7Ij7jgYrlrqLmp5jjgavjga/lpKflpInjgZTov7fmg5HjgpLjgYrmjpvjgZHoh7TjgZfjgb7jgZnjgYzjgIHjgZTnkIbop6PjgYTjgZ/jgaDjgZHjgb7jgZnjgojjgYbjgYrpoZjjgYToh7TjgZfjgb7jgZnjgII8L3A+CjwvZGl2PiAtLT4KCgoKPCEtLSDkuIDpg6jlnLDln5/jgafjga7phY3pgZTpgYXlu7bjgavjgaTjgY3jgb7jgZfjgaYgLS0+CgoKPCEtLSDjgq/jg7zjg53jg7MgCjxpbWcgc3JjPSJodHRwOi8vd3d3LnJha3V0ZW4ubmUuanAvZ29sZC9lc3BvcnRzL2JuL2NvdXBvbi9jb3Vwb243NzAuZ2lmIiBhbHQ9IjIwMOWGhk9GRuOCr+ODvOODneODsyI+IC0tPgoKCgo8IS0tIDxpbWcgc3JjPSJodHRwOi8vd3d3LnJha3V0ZW4ubmUuanAvZ29sZC9lc3BvcnRzL2JuL2FkaWRhcy9hZGlkYXMtYm4zNTcuanBnIiBhbHQ9ImFkaWRhc+ODneOCpOODs+ODiDE15YCNIj4gLS0+CgoKPGJyPg==,44CQ6YCB5paZ54Sh5paZ44CR44K344O844K544Oq44O844OV44Kj44OD44OI77yIQzNmaXTvvIkg44K344Oj44O844OX44OG44OD44Kv44OV44O844OH44Kj44O8IFdPTUVOJnJzcXVvO1Mg44OW44Op44OD44KvIDNGVzM2MTA1IOOAkOODrOODh+OCo+ODvOOCueOCpuOCp+OCoiDjgqbjgqPjg6Hjg7Pjgrog44OI44Os44O844OL44Oz44Kw44Km44Kn44KiIOOCueODneODvOODhCDjg5Hjg7zjgqvjg7zjgJHvvJrvvYXvvLPvvLDvvK/vvLLvvLTvvLPmpb3lpKnmlK/lupc=,44Ki44Km44OI44OJ44Ki44Kt44Oj44Oz44OX44OQ44O844OZ44Kt44Ol44O844OG44Oz44OI44K/44O844OX44OG44O844OW44Or44OB44Kn44Ki44K344Ol44Op44OV44Op44Oz44K/44Oz44Kv44O844Op44O844Oc44OD44Kv44K544Kz44O844Or44Oe44Oz44OO44O844K544OV44Kn44Kk44K544K544Od44O844OE44OV44Kj44OD44OI44ON44K544OA44Kk44Ko44OD44OI44OI44Os44O844OL44Oz44Kw44OX44Ot44OG44Kk44Oz44K144OX44Oq44Oh44Oz44OI44OA44Oz44OZ44Or44K144OD44Kr44O844CQ6YCB5paZ54Sh5paZ44CR44K344O844K544Oq44O844OV44Kj44OD44OI77yIQzNmaXTvvIkg44K344Oj44O844OX44OG44OD44Kv44OV44O844OH44Kj44O8IFdPTUVOJnJzcXVvO1Mg44OW44Op44OD44KvIDNGVzM2MTA1IOOAkOODrOODh+OCo+ODvOOCueOCpuOCp+OCoiDjgqbjgqPjg6Hjg7Pjgrog44OI44Os44O844OL44Oz44Kw44Km44Kn44KiIOOCueODneODvOODhCDjg5Hjg7zjgqvjg7zjgJE=,4piF6YCB5paZ54Sh5paZ4piF44CC44CQ6YCB5paZ54Sh5paZ44CR44K344O844K544Oq44O844OV44Kj44OD44OI77yIQzNmaXTvvIkg44K344Oj44O844OX44OG44OD44Kv44OV44O844OH44Kj44O8IFdPTUVOJnJzcXVvO1Mg44OW44Op44OD44KvIDNGVzM2MTA1IOOAkOODrOODh+OCo+ODvOOCueOCpuOCp+OCoiDjgqbjgqPjg6Hjg7Pjgrog44OI44Os44O844OL44Oz44Kw44Km44Kn44KiIOOCueODneODvOODhCDjg5Hjg7zjgqvjg7zjgJE=[rn]
34-75281,aHR0cDovL3RzaG9wLnIxMHMuanAvZXNwb3J0cy9jYWJpbmV0Lzk1NjctNS85NTY3NTIzMDkxNDExLmpwZz9maXRpbj03MDA6NzAw,MjY3Mi4wMDAw,,44K544Od44O844OE44O744Ki44Km44OI44OJ44KiID4g44OV44Kj44OD44OI44ON44K544O744OI44Os44O844OL44Oz44KwID4g44Km44Kn44KiID4g44Os44OH44Kj44O844K544Km44Kn44KiID4g44OI44OD44OX44K5,44K344O844K544Oq44O844OV44Kj44OD44OI77yIQzNmaXTvvIkg44K544OI44Oq44O844Og44OV44Kj44OD44OI44OG44Kj44O8IFdPTUVO4oCZUyDjg5bjg6njg4Pjgq8gM0ZXNDYxMDEg44CQ44Os44OH44Kj44O844K544Km44Kn44KiIOOCpuOCo+ODoeODs+OCuiDjg4jjg6zjg7zjg4vjg7PjgrDjgqbjgqfjgqIg44K544Od44O844OEIOODqeODs+ODi+ODs+OCsOOAkQ==,,PCEtLWltZ190YWdzLS0+PHRhYmxlIGJvcmRlcj0iMCIgd2lkdGg9IjY1MCI+PFRSPjxURCBhbGlnbj0iY2VudGVyIj48QSBocmVmPSJodHRwOi8vd3d3LnJha3V0ZW4uY28uanAvZXNwb3J0cy9pbmZvMi5odG1sI2RlciI+PElNRyBzcmM9Imh0dHA6Ly93d3cucmFrdXRlbi5uZS5qcC9nb2xkL2VzcG9ydHMvc3VwcG9ydC9zaGlwcGluZzIuZ2lmIiBib3JkZXI9IjAiPjwvQT48QSBocmVmPSJodHRwOi8vd3d3LnJha3V0ZW4ubmUuanAvZ29sZC9lc3BvcnRzL3N1cHBvcnQvZGlzcGF0Y2guaHRtbCI+PElNRyBzcmM9Imh0dHA6Ly93d3cucmFrdXRlbi5uZS5qcC9nb2xkL2VzcG9ydHMvc3VwcG9ydC9kYXlzMS5naWYiIGJvcmRlcj0iMCI+PC9BPjxBIGhyZWY9Imh0dHA6Ly93d3cucmFrdXRlbi5uZS5qcC9nb2xkL2VzcG9ydHMvc3VwcG9ydC9kaXNwYXRjaC5odG1sIj48SU1HIHNyYz0iaHR0cDovL3d3dy5yYWt1dGVuLm5lLmpwL2dvbGQvZXNwb3J0cy9zdXBwb3J0L3BsYWNlMy5naWYiIGJvcmRlcj0iMCI+PC9BPjxBIGhyZWY9Imh0dHA6Ly93d3cucmFrdXRlbi5jby5qcC9lc3BvcnRzL2luZm8yLmh0bWwjYmFjayI+PElNRyBzcmM9Imh0dHA6Ly93d3cucmFrdXRlbi5uZS5qcC9nb2xkL2VzcG9ydHMvc3VwcG9ydC9yZXR1cm4xLmdpZiIgYm9yZGVyPSIwIj48L0E+PC90ZD48L3RyPjwvdGFibGU+PCEtLWltZ190YWdlLS0+PHN0cm9uZz48Zm9udCBjb2xvcj0iIzAwMDBDRCIgc2l6ZT0iNCI+PC9mb250Pjwvc3Ryb25nPjxicj7jg6njg7Pjg4rjg7zjga7ngrrjga4y5p6a55uu44Gu6IKM44CCPGJyPuWQuOawtOaLoeaVo+aAp+OBq+WEquOCjOOCi+OAjEFMUEhBRFJZ44CN44KS5L2/55So44CCPGJyPuOAjEFMUEhBRFJZ44CN55Sf5Zyw44Gr5L2/55So44GX44Gm44GE44KL57mK57at44Gv44CB5LiA6Iis55qE44Gq5ZCI5oiQ57mK57at44Go5q+U44G544Gm57SEOOWAjeOBruihqOmdouepjeOCkuaMgeOBoeOAgeS5vueHpeadkOOBruOCiOOBhuOBquWDjeOBjeOCkuOBmeOCi+a0u+aAp+eykuWtkOOBjOOAgei6q+S9k+OBruihqOmdouOBi+OCiee0oOaXqeOBj+WKueeOh+OCiOOBj+axl+OCkuWPluOCiumZpOOBjeOBvuOBmeOAgjxicj7jg5Xjg6vjg5Xjg6njg4Pjg4jjgavjgarjgaPjgabjgYTjgovjga7jgafjgIHlq4zjgarnuKvjgYTnm67jga7jgYLjgZ/jgorjgYzmsJfjgavjgarjgorjgb7jgZvjgpPjgII8YnI+PGJyPjxwPjx0YWJsZSBib3JkZXI9IjAiIHdpZHRoPSI5NyUiIGJnY29sb3I9IiNGRkZGRTAiPjx0cj48dGQ+PHN0cm9uZz48Zm9udCBjb2xvcj0iIzAwNjQwMCIgc2l6ZT0iMyI+44CQ6Zai6YCj5ZWG5ZOB44Gv44GT44Gh44KJ44Gn44GZ44CRPC9mb250Pjwvc3Ryb25nPjxicj7il4Yg44Gd44Gu5LuWIOOCt+ODvOOCueODquODvOODleOCo+ODg+ODiO+8iEMzZml077yJ44Os44OH44Kj44O844K544Km44Kn44Ki44Gv44GT44Gh44KJPGJyPuKXhiDlhajjgqvjg6njg7zjga/jgZPjgaHjgok8YnI+PC90ZD48L3RyPjwvdGFibGU+PCEtLW1rX3RhZ3MtLT48UD48SU1HIHNyYz0iaHR0cDovL3d3dy5yYWt1dGVuLm5lLmpwL2dvbGQvZXNwb3J0cy9ibi9qeXVoYXR0eXV1NTIwLTYwLmpwZyIgd2lkdGg9IjUyMCIgaGVpZ2h0PSI2MCIgYm9yZGVyPSIwIj48L1A+PCEtLW1rX3RhZ2UtLT48YnI+4peP566h55CGY29kZe+8mjc5ODM4Nzc5PCEtLXNwZWNfdGFncy0tPjxwPjxzdHJvbmc+PGZvbnQgY29sb3I9IiMwMDAwQ0QiIHNpemU9IjMiPuOAkOWVhuWTgeOCueODmuODg+OCr+OAkTwvZm9udD48L3N0cm9uZz48YnI+4pePPHN0cm9uZz7lrp/lr7jjgrXjgqTjgrrvvIhjbe+8iTwvc3Ryb25nPiA6IDxicj5T77ya552A5LiINjDjgIHouqvluYU0MuOAgeijhOS4iDMw44CB6KO+5bmFNDU8YnI+Te+8muedgOS4iDYy44CB6Lqr5bmFNDTjgIHoo4TkuIgzMuOAgeijvuW5hTQ3PGJyPkzvvJrnnYDkuIg2NOOAgei6q+W5hTQ244CB6KOE5LiIMzTjgIHoo77luYU0OTxicj7il488c3Ryb25nPumBqeWQiOOCteOCpOOCuu+8iGNt77yJPC9zdHJvbmc+IDogPGJyPlPvvJrouqvplbcxNTAtMTYw44CB44OB44Kn44K544OINzYtODTjgIHjg5Ljg4Pjg5c4NC05Mjxicj5N77ya6Lqr6ZW3MTU1LTE2NeOAgeODgeOCp+OCueODiDc5LTg344CB44OS44OD44OXODctOTU8YnI+TO+8mui6q+mVtzE2MC0xNzDjgIHjg4Hjgqfjgrnjg4g4NS05M+OAgeODkuODg+ODlzkwLTk4PGJyPuKXjzxzdHJvbmc+57Sg5p2QPC9zdHJvbmc+IDog44Od44Oq44Ko44K544OG44OrOTbvvIXjg7vjgq3jg6Xjg5fjg6k077yFPGJyPuKXjzxzdHJvbmc+5Y6f55Sj5Zu9PC9zdHJvbmc+IDog5pel5pysPGJyPjwhLS1zcGVjX3RhZ2UtLT48YnI+PGxpbmsgcmVsPSJzdHlsZXNoZWV0IiB0eXBlPSJ0ZXh0L2NzcyIgaHJlZj0iaHR0cDovL3d3dy5yYWt1dGVuLm5lLmpwL2dvbGQvZXNwb3J0cy9zaG9wcGluZ19wYXJ0cy5jc3MiPgoKPGRpdiBzdHlsZT0ibWFyZ2luLXRvcDotMjZweDsiPjwvZGl2PgoKPCEtLSDjgrvjg7zjg6sgPGltZyBzcmM9Imh0dHA6Ly93d3cucmFrdXRlbi5uZS5qcC9nb2xkL2VzcG9ydHMvbmV3eWVhci1zYWxlL25ld3llYXItc2FsZS03ODAuanBnIiBib3JkZXI9IjAiIGFsdD0i44K744O844OrIiB3aWR0aD0iNzcwcHgiPjxicj48YnI+IOOCu+ODvOODqyAtLT4KCjwhLS0g44K544O844OR44O844K744O844OrIDxkaXYgc3R5bGU9IndpZHRoIDogNzUwcHg7Ij4KPGRpdiBhbGlnbj0iY2VudGVyIiBzdHlsZT0ibWFyZ2luLWJvdHRvbSA6IDBweDtib3JkZXItd2lkdGggOiAycHg7Ym9yZGVyLXN0eWxlIDogc29saWQ7Ym9yZGVyLWNvbG9yIDogI2JjMTEzMTsiPgoKPC9kaXY+PC9kaXY+PGRpdiBjbGFzcz0ibWFyZ2luNSI+PC9kaXY+PGJyPiDjgrnjg7zjg5Hjg7zjgrvjg7zjg6stLT4KCjwhLS0g44K544O844OR44O844K744O844OrMiDvvIjjg5Djg4rjg7zjga7jgb/vvIk8aW1nIHNyYz0iaHR0cDovL3d3dy5yYWt1dGVuLm5lLmpwL2dvbGQvZXNwb3J0cy9zcHNhbGUvc2FsZS1ibjc4MC5qcGciIGJvcmRlcj0iMCIgYWx0PSLjgrvjg7zjg6siIHdpZHRoPSI3NzBweCI+PGJyPjxicj4g44K544O844OR44O8IC0tPgoKPGRpdiBjbGFzcz0iY29udGVudHMiPjwhLS0g5ZGK55+lIAo8ZGl2IHN0eWxlPSJ3aWR0aDo3MzZweDsgcGFkZGluZzoxNXB4OyBtYXJnaW46NXB4IDAgMTVweDsgYm9yZGVyOnNvbGlkICNFNjJGMkYgMnB4OyI+CjxwIHN0eWxlPSJmb250LXdlaWdodDpib2xkOyBmb250LXNpemU6MTdweDsgdGV4dC1hbGlnbjpjZW50ZXI7Ij7jgJAgPHNwYW4gc3R5bGU9ImJvcmRlci1ib3R0b206MnB4IGRvdHRlZCAjOTk5OyBmb250LXNpemU6MTVweDsiPjXmnIgyNuaXpSjph5Ep44Gu5Za25qWt44Gr44Gk44GE44GmPC9zcGFuPiDjgJE8L3A+CjxwIHN0eWxlPSJmb250LXNpemU6MTNweDsgbWFyZ2luLXRvcDoxNXB4OyI+6Kqg44Gr5Yud5omL44Gq44GM44KJNeaciDI25pelKOmHkSnjga/jgIHnpL7lhoXnoJTkv67jga7jgZ/jgoHjgIHllrbmpa3mmYLplpPjgpLljYjliY0xMu+8mjAw44G+44Gn44Go44GV44Gb44Gm44GE44Gf44Gg44GN44G+44GZ44CC5bCa44CB44CM44GC44GZ5qW944CN5a++5b+c5ZOB44Gr44Gk44GN44G+44GX44Gm44Gv44CB6YCa5bi46YCa44KKMTLvvJowMOOBvuOBp+OBruOBlOazqOaWh+OCkuW9k+aXpeeZuumAgeOBleOBm+OBpuOBhOOBn+OBoOOBjeOBvuOBmeOAgjwvcD4KPHAgc3R5bGU9ImZvbnQtc2l6ZToxM3B4OyBtYXJnaW4tdG9wOjE1cHg7Ij7jgYrlrqLmp5jjgavjga/jgZTkuI3kvr/jgpLjgYrmjpvjgZHoh7TjgZfjgb7jgZnjgYzjgIHjgZTnkIbop6Pjga7nqIvjgIHlrpzjgZfjgY/jgYrpoZjjgYToh7TjgZfjgb7jgZnjgII8L3A+CjwvZGl2PiAtLT4KCgo8IS0tIDxkaXYgc3R5bGU9IndpZHRoOjczNnB4OyBwYWRkaW5nOjE1cHg7IG1hcmdpbjo1cHggMCAxNXB4OyBib3JkZXI6c29saWQgI0U2MkYyRiAycHg7Ij4KPHAgc3R5bGU9ImZvbnQtd2VpZ2h0OmJvbGQ7IGZvbnQtc2l6ZToxN3B4OyB0ZXh0LWFsaWduOmNlbnRlcjsgbWFyZ2luOjA7Ij7jgJAgPHNwYW4gc3R5bGU9ImJvcmRlci1ib3R0b206MnB4IGRvdHRlZCAjOTk5OyBmb250LXNpemU6MTVweDsiPuWkqeWAmeS4jeiJr+OBruW9semfv+OBq+OCiOOCi+mFjemAgemBheW7tuOBq+OBpOOBhOOBpjwvc3Bhbj4g44CRPC9wPgo8cCBzdHlsZT0iZm9udC1zaXplOjEzcHg7IG1hcmdpbjoxNXB4IDAgMDsiPuWPsOmiqOODu+ixqumbqOetieOBruWkqeWAmeS4jeiJr+OBq+S8tOOBhOOAgeS4gOmDqOWcsOWfn+OBp+OBiuiNt+eJqeOBruOBiuWxiuOBkeOBq+mBheOCjOOBjOeZuueUn+OBmeOCi+aBkOOCjOOBjOOBlOOBluOBhOOBvuOBmeOAgjwvcD4KPHAgc3R5bGU9ImZvbnQtc2l6ZToxM3B4OyBtYXJnaW46N3B4IDAgMDsiPuOBvuOBn+OAgeS7iuW+jOOBruWPsOmiqOOBrumAsui3r+OBq+OCiOOBo+OBpuOBr+OAgeW6g+evhOWbsuOBruWcsOWfn+OBp+mBheOCjOOBjOeUn+OBmOOCi+WPr+iDveaAp+OBjOOBguOCiuOBvuOBmeOAguWcsOWfn+OChOOCv+OCpOODn+ODs+OCsOOBq+OCiOOBo+OBpuOAgeOBlOW4jOacm+OBruOBiuWxiuOBkeaXpeaZguOBq+mFjemBlOOBp+OBjeOBquOBhOWgtOWQiOOBjOOBlOOBluOBhOOBvuOBmeOAgjwvcD4KPHAgc3R5bGU9ImZvbnQtc2l6ZToxM3B4OyBtYXJnaW46N3B4IDAgMDsiPuOBiuWuouanmOOBq+OBr+Wkp+WkieOBlOi/t+aDkeOCkuOBiuaOm+OBkeiHtOOBl+OBvuOBmeOBjOOAgeOBlOeQhuino+OBhOOBn+OBoOOBkeOBvuOBmeOCiOOBhuOBiumhmOOBhOiHtOOBl+OBvuOBmeOAgjwvcD4KPC9kaXY+IC0tPgoKCgo8IS0tIOS4gOmDqOWcsOWfn+OBp+OBrumFjemBlOmBheW7tuOBq+OBpOOBjeOBvuOBl+OBpiAtLT4KCgo8IS0tIOOCr+ODvOODneODsyAKPGltZyBzcmM9Imh0dHA6Ly93d3cucmFrdXRlbi5uZS5qcC9nb2xkL2VzcG9ydHMvYm4vY291cG9uL2NvdXBvbjc3MC5naWYiIGFsdD0iMjAw5YaGT0ZG44Kv44O844Od44OzIj4gLS0+CgoKCjwhLS0gPGltZyBzcmM9Imh0dHA6Ly93d3cucmFrdXRlbi5uZS5qcC9nb2xkL2VzcG9ydHMvYm4vYWRpZGFzL2FkaWRhcy1ibjM1Ny5qcGciIGFsdD0iYWRpZGFz44Od44Kk44Oz44OIMTXlgI0iPiAtLT4KCgo8YnI+,44K344O844K544Oq44O844OV44Kj44OD44OI77yIQzNmaXTvvIkg44K544OI44Oq44O844Og44OV44Kj44OD44OI44OG44Kj44O8IFdPTUVOJnJzcXVvO1Mg44OW44Op44OD44KvIDNGVzQ2MTAxIOOAkOODrOODh+OCo+ODvOOCueOCpuOCp+OCoiDjgqbjgqPjg6Hjg7Pjgrog44OI44Os44O844OL44Oz44Kw44Km44Kn44KiIOOCueODneODvOODhCDjg6njg7Pjg4vjg7PjgrDjgJHvvJrvvYXvvLPvvLDvvK/vvLLvvLTvvLPmpb3lpKnmlK/lupc=,44Ki44Km44OI44OJ44Ki44Kt44Oj44Oz44OX44OQ44O844OZ44Kt44Ol44O844OG44Oz44OI44K/44O844OX44OG44O844OW44Or44OB44Kn44Ki44K344Ol44Op44OV44Op44Oz44K/44Oz44Kv44O844Op44O844Oc44OD44Kv44K544Kz44O844Or44Oe44Oz44OO44O844K544OV44Kn44Kk44K544K544Od44O844OE44OV44Kj44OD44OI44ON44K544OA44Kk44Ko44OD44OI44OI44Os44O844OL44Oz44Kw44OX44Ot44OG44Kk44Oz44K144OX44Oq44Oh44Oz44OI44OA44Oz44OZ44Or44K144OD44Kr44O844K344O844K544Oq44O844OV44Kj44OD44OI77yIQzNmaXTvvIkg44K544OI44Oq44O844Og44OV44Kj44OD44OI44OG44Kj44O8IFdPTUVOJnJzcXVvO1Mg44OW44Op44OD44KvIDNGVzQ2MTAxIOOAkOODrOODh+OCo+ODvOOCueOCpuOCp+OCoiDjgqbjgqPjg6Hjg7Pjgrog44OI44Os44O844OL44Oz44Kw44Km44Kn44KiIOOCueODneODvOODhCDjg6njg7Pjg4vjg7PjgrDjgJE=,44K344O844K544Oq44O844OV44Kj44OD44OI77yIQzNmaXTvvIkg44K544OI44Oq44O844Og44OV44Kj44OD44OI44OG44Kj44O8IFdPTUVOJnJzcXVvO1Mg44OW44Op44OD44KvIDNGVzQ2MTAxIOOAkOODrOODh+OCo+ODvOOCueOCpuOCp+OCoiDjgqbjgqPjg6Hjg7Pjgrog44OI44Os44O844OL44Oz44Kw44Km44Kn44KiIOOCueODneODvOODhCDjg6njg7Pjg4vjg7PjgrDjgJE=[rn]
34-75282,aHR0cDovL3RzaG9wLnIxMHMuanAvZXNwb3J0cy9jYWJpbmV0Lzk5NTgtMjMvOTk1ODQyMTE5MTIwMS5qcGc/Zml0aW49NzAwOjcwMA==,MjY4MC4wMDAw,,44K544Od44O844OE44O744Ki44Km44OI44OJ44KiID4g44OV44Kj44OD44OI44ON44K544O744OI44Os44O844OL44Oz44KwID4g44Km44Kn44KiID4g44Os44OH44Kj44O844K544Km44Kn44KiID4g44OI44OD44OX44K5,44OK44Kk44Kt77yITklLRe+8iSDjgqbjgqPjg6Hjg7Pjgrog44Oe44Kk44Op44O8MiBVViBML1Mg44OI44OD44OXIOODluODqeODg+OCryA2ODY5MDUgMDEwIOOAkOODleOCo+ODg+ODiOODjeOCueOCpuOCp+OCoiDplbfoopbjgrfjg6Pjg4Qg44Os44OH44Kj44O844K5IOODiOODg+ODl+OCueOAkQ==,,PCEtLWltZ190YWdzLS0+PHRhYmxlIGJvcmRlcj0iMCIgd2lkdGg9IjY1MCI+PFRSPjxURCBhbGlnbj0iY2VudGVyIj48QSBocmVmPSJodHRwOi8vd3d3LnJha3V0ZW4uY28uanAvZXNwb3J0cy9pbmZvMi5odG1sI2RlciI+PElNRyBzcmM9Imh0dHA6Ly93d3cucmFrdXRlbi5uZS5qcC9nb2xkL2VzcG9ydHMvc3VwcG9ydC9zaGlwcGluZzIuZ2lmIiBib3JkZXI9IjAiPjwvQT48QSBocmVmPSJodHRwOi8vd3d3LnJha3V0ZW4ubmUuanAvZ29sZC9lc3BvcnRzL3N1cHBvcnQvZGlzcGF0Y2guaHRtbCI+PElNRyBzcmM9Imh0dHA6Ly93d3cucmFrdXRlbi5uZS5qcC9nb2xkL2VzcG9ydHMvc3VwcG9ydC9kYXlzMi5naWYiIGJvcmRlcj0iMCI+PC9BPjxBIGhyZWY9Imh0dHA6Ly93d3cucmFrdXRlbi5uZS5qcC9nb2xkL2VzcG9ydHMvc3VwcG9ydC9kaXNwYXRjaC5odG1sIj48SU1HIHNyYz0iaHR0cDovL3d3dy5yYWt1dGVuLm5lLmpwL2dvbGQvZXNwb3J0cy9zdXBwb3J0L3BsYWNlMy5naWYiIGJvcmRlcj0iMCI+PC9BPjxBIGhyZWY9Imh0dHA6Ly93d3cucmFrdXRlbi5jby5qcC9lc3BvcnRzL2luZm8yLmh0bWwjYmFjayI+PElNRyBzcmM9Imh0dHA6Ly93d3cucmFrdXRlbi5uZS5qcC9nb2xkL2VzcG9ydHMvc3VwcG9ydC9yZXR1cm4xLmdpZiIgYm9yZGVyPSIwIj48L0E+PC90ZD48L3RyPjwvdGFibGU+PCEtLWltZ190YWdlLS0+5YWo5L2T44GM6YCf5Lm+5oCn44Gu6auY44GE44Kr44OQ44O85Yqb44Gn5b+r6YGp44Gq44Op44Oz44KS5a6f54++44GX44CB6ZW36Led6Zui44Gr44KC5a++5b+c44CCPGJyPuOBleOCieOCiuOBqOW/q+mBqeOBquedgOW/g+WcsOOCkuS/neOBpOmAn+S5vuaAp0RSSS1GSVTntKDmnZDjgII8YnI+6aaW44Gu5b6M44KN44Gr44OG44O844OU44Oz44Kw44KS5pa944GX44CB6IKM44Gr5oq15oqX44Gq44GE44K544Og44O844K644Gq5YuV44GN44KS5a6f54++44CCPGJyPuODleODqeODg+ODiOODreODg+OCr+OCt+ODvOODoOOBjOODqeODs+ODi+ODs+OCsOS4reOBrue5sOOCiui/lOOBl+OBruWLleOBjeOBi+OCieOCguS4jeW/q+aEn+OCkuS9jua4m+OAgjxicj7nt6DjgoHku5jjgZHmhJ/jgarjgY/jg5XjgqPjg4Pjg4jjgZnjgovjgq/jg6vjg7zjg43jg4Pjgq/jg4fjgrbjgqTjg7PjgII8YnI+PGJyPjxwPjwhLS1ta190YWdzLS0+PFA+PElNRyBzcmM9Imh0dHA6Ly93d3cucmFrdXRlbi5uZS5qcC9nb2xkL2VzcG9ydHMvYm4vanl1aGF0dHl1dTUyMC02MC5qcGciIHdpZHRoPSI1MjAiIGhlaWdodD0iNjAiIGJvcmRlcj0iMCI+PC9QPjwhLS1ta190YWdlLS0+PGJyPjxpbWcgc3JjPSJodHRwOi8vaW1hZ2UucmFrdXRlbi5jby5qcC9lc3BvcnRzL2NhYmluZXQvc2l6ZS9zcG9ydHNfc2l6ZTM3NS5naWYiIHdpZHRoPSIzNzVweCIgaGVpZ2h0PSI5MHB4IiBhbHQ9IuOCueODneODvOODhOOCpuOCp+OCouOCteOCpOOCuuihqCIgYm9yZGVyPSIwIj48YnI+PGJyPuKXj+euoeeQhmNvZGXvvJo3OTgzOTU3MjwhLS1zcGVjX3RhZ3MtLT48cD48c3Ryb25nPjxmb250IGNvbG9yPSIjMDAwMENEIiBzaXplPSIzIj7jgJDllYblk4Hjgrnjg5rjg4Pjgq/jgJE8L2ZvbnQ+PC9zdHJvbmc+PGJyPuKXjzxzdHJvbmc+5Y+C6ICD44Ki44K444Ki44Oz44OV44Kj44OD44OI44K144Kk44K677yIY23vvIk8L3N0cm9uZz4gOiA8YnI+WFPvvJrjg5Djgrnjg4g3Nu+9njgw44CB44Km44Ko44K544OINjTvvZ42OOOAgeODkuODg+ODlzg2772eOTA8YnI+U++8muODkOOCueODiDgw772eODTjgIHjgqbjgqjjgrnjg4g2OO+9njcy44CB44OS44OD44OXOTDvvZ45NDxicj5N77ya44OQ44K544OIODTvvZ44OC4144CB44Km44Ko44K544OINzLvvZ43Ni4144CB44OS44OD44OXOTTvvZ45OC41PGJyPkzvvJrjg5Djgrnjg4g4OC41772eOTMuNeOAgeOCpuOCqOOCueODiDc2LjXvvZ44MS4144CB44OS44OD44OXOTguNe+9njEwMy41PGJyPlhM77ya44OQ44K544OIOTMuNe+9njk4LjXjgIHjgqbjgqjjgrnjg4g4MS41772eODYuNeOAgeODkuODg+ODlzEwMy41772eMTA4LjU8YnI+4pePPHN0cm9uZz7ntKDmnZA8L3N0cm9uZz4gOiDmnKzkvZPvvJpEUkktRklU44OL44OD44OIVVbjg5fjg63jg4bjgq/jg4bjgqPjg5bvvIjjg53jg6rjgqjjgrnjg4bjg6sxMDDvvIXvvIk8YnI+4pePPHN0cm9uZz7ljp/nlKPlm708L3N0cm9uZz4gOiDjgr/jgqQ8YnI+PCEtLXNwZWNfdGFnZS0tPjxicj48bGluayByZWw9InN0eWxlc2hlZXQiIHR5cGU9InRleHQvY3NzIiBocmVmPSJodHRwOi8vd3d3LnJha3V0ZW4ubmUuanAvZ29sZC9lc3BvcnRzL3Nob3BwaW5nX3BhcnRzLmNzcyI+Cgo8ZGl2IHN0eWxlPSJtYXJnaW4tdG9wOi0yNnB4OyI+PC9kaXY+Cgo8IS0tIOOCu+ODvOODqyA8aW1nIHNyYz0iaHR0cDovL3d3dy5yYWt1dGVuLm5lLmpwL2dvbGQvZXNwb3J0cy9uZXd5ZWFyLXNhbGUvbmV3eWVhci1zYWxlLTc4MC5qcGciIGJvcmRlcj0iMCIgYWx0PSLjgrvjg7zjg6siIHdpZHRoPSI3NzBweCI+PGJyPjxicj4g44K744O844OrIC0tPgoKPCEtLSDjgrnjg7zjg5Hjg7zjgrvjg7zjg6sgPGRpdiBzdHlsZT0id2lkdGggOiA3NTBweDsiPgo8ZGl2IGFsaWduPSJjZW50ZXIiIHN0eWxlPSJtYXJnaW4tYm90dG9tIDogMHB4O2JvcmRlci13aWR0aCA6IDJweDtib3JkZXItc3R5bGUgOiBzb2xpZDtib3JkZXItY29sb3IgOiAjYmMxMTMxOyI+Cgo8L2Rpdj48L2Rpdj48ZGl2IGNsYXNzPSJtYXJnaW41Ij48L2Rpdj48YnI+IOOCueODvOODkeODvOOCu+ODvOODqy0tPgoKPCEtLSDjgrnjg7zjg5Hjg7zjgrvjg7zjg6syIO+8iOODkOODiuODvOOBruOBv++8iTxpbWcgc3JjPSJodHRwOi8vd3d3LnJha3V0ZW4ubmUuanAvZ29sZC9lc3BvcnRzL3Nwc2FsZS9zYWxlLWJuNzgwLmpwZyIgYm9yZGVyPSIwIiBhbHQ9IuOCu+ODvOODqyIgd2lkdGg9Ijc3MHB4Ij48YnI+PGJyPiDjgrnjg7zjg5Hjg7wgLS0+Cgo8ZGl2IGNsYXNzPSJjb250ZW50cyI+PCEtLSDlkYrnn6UgCjxkaXYgc3R5bGU9IndpZHRoOjczNnB4OyBwYWRkaW5nOjE1cHg7IG1hcmdpbjo1cHggMCAxNXB4OyBib3JkZXI6c29saWQgI0U2MkYyRiAycHg7Ij4KPHAgc3R5bGU9ImZvbnQtd2VpZ2h0OmJvbGQ7IGZvbnQtc2l6ZToxN3B4OyB0ZXh0LWFsaWduOmNlbnRlcjsiPuOAkCA8c3BhbiBzdHlsZT0iYm9yZGVyLWJvdHRvbToycHggZG90dGVkICM5OTk7IGZvbnQtc2l6ZToxNXB4OyI+NeaciDI25pelKOmHkSnjga7llrbmpa3jgavjgaTjgYTjgaY8L3NwYW4+IOOAkTwvcD4KPHAgc3R5bGU9ImZvbnQtc2l6ZToxM3B4OyBtYXJnaW4tdG9wOjE1cHg7Ij7oqqDjgavli53miYvjgarjgYzjgok15pyIMjbml6Uo6YeRKeOBr+OAgeekvuWGheeglOS/ruOBruOBn+OCgeOAgeWWtualreaZgumWk+OCkuWNiOWJjTEy77yaMDDjgb7jgafjgajjgZXjgZvjgabjgYTjgZ/jgaDjgY3jgb7jgZnjgILlsJrjgIHjgIzjgYLjgZnmpb3jgI3lr77lv5zlk4HjgavjgaTjgY3jgb7jgZfjgabjga/jgIHpgJrluLjpgJrjgooxMu+8mjAw44G+44Gn44Gu44GU5rOo5paH44KS5b2T5pel55m66YCB44GV44Gb44Gm44GE44Gf44Gg44GN44G+44GZ44CCPC9wPgo8cCBzdHlsZT0iZm9udC1zaXplOjEzcHg7IG1hcmdpbi10b3A6MTVweDsiPuOBiuWuouanmOOBq+OBr+OBlOS4jeS+v+OCkuOBiuaOm+OBkeiHtOOBl+OBvuOBmeOBjOOAgeOBlOeQhuino+OBrueoi+OAgeWunOOBl+OBj+OBiumhmOOBhOiHtOOBl+OBvuOBmeOAgjwvcD4KPC9kaXY+IC0tPgoKCjwhLS0gPGRpdiBzdHlsZT0id2lkdGg6NzM2cHg7IHBhZGRpbmc6MTVweDsgbWFyZ2luOjVweCAwIDE1cHg7IGJvcmRlcjpzb2xpZCAjRTYyRjJGIDJweDsiPgo8cCBzdHlsZT0iZm9udC13ZWlnaHQ6Ym9sZDsgZm9udC1zaXplOjE3cHg7IHRleHQtYWxpZ246Y2VudGVyOyBtYXJnaW46MDsiPuOAkCA8c3BhbiBzdHlsZT0iYm9yZGVyLWJvdHRvbToycHggZG90dGVkICM5OTk7IGZvbnQtc2l6ZToxNXB4OyI+5aSp5YCZ5LiN6Imv44Gu5b2x6Z+/44Gr44KI44KL6YWN6YCB6YGF5bu244Gr44Gk44GE44GmPC9zcGFuPiDjgJE8L3A+CjxwIHN0eWxlPSJmb250LXNpemU6MTNweDsgbWFyZ2luOjE1cHggMCAwOyI+5Y+w6aKo44O76LGq6Zuo562J44Gu5aSp5YCZ5LiN6Imv44Gr5Ly044GE44CB5LiA6YOo5Zyw5Z+f44Gn44GK6I2354mp44Gu44GK5bGK44GR44Gr6YGF44KM44GM55m655Sf44GZ44KL5oGQ44KM44GM44GU44GW44GE44G+44GZ44CCPC9wPgo8cCBzdHlsZT0iZm9udC1zaXplOjEzcHg7IG1hcmdpbjo3cHggMCAwOyI+44G+44Gf44CB5LuK5b6M44Gu5Y+w6aKo44Gu6YCy6Lev44Gr44KI44Gj44Gm44Gv44CB5bqD56+E5Zuy44Gu5Zyw5Z+f44Gn6YGF44KM44GM55Sf44GY44KL5Y+v6IO95oCn44GM44GC44KK44G+44GZ44CC5Zyw5Z+f44KE44K/44Kk44Of44Oz44Kw44Gr44KI44Gj44Gm44CB44GU5biM5pyb44Gu44GK5bGK44GR5pel5pmC44Gr6YWN6YGU44Gn44GN44Gq44GE5aC05ZCI44GM44GU44GW44GE44G+44GZ44CCPC9wPgo8cCBzdHlsZT0iZm9udC1zaXplOjEzcHg7IG1hcmdpbjo3cHggMCAwOyI+44GK5a6i5qeY44Gr44Gv5aSn5aSJ44GU6L+35oOR44KS44GK5o6b44GR6Ie044GX44G+44GZ44GM44CB44GU55CG6Kej44GE44Gf44Gg44GR44G+44GZ44KI44GG44GK6aGY44GE6Ie044GX44G+44GZ44CCPC9wPgo8L2Rpdj4gLS0+CgoKCjwhLS0g5LiA6YOo5Zyw5Z+f44Gn44Gu6YWN6YGU6YGF5bu244Gr44Gk44GN44G+44GX44GmIC0tPgoKCjwhLS0g44Kv44O844Od44OzIAo8aW1nIHNyYz0iaHR0cDovL3d3dy5yYWt1dGVuLm5lLmpwL2dvbGQvZXNwb3J0cy9ibi9jb3Vwb24vY291cG9uNzcwLmdpZiIgYWx0PSIyMDDlhoZPRkbjgq/jg7zjg53jg7MiPiAtLT4KCgoKPCEtLSA8aW1nIHNyYz0iaHR0cDovL3d3dy5yYWt1dGVuLm5lLmpwL2dvbGQvZXNwb3J0cy9ibi9hZGlkYXMvYWRpZGFzLWJuMzU3LmpwZyIgYWx0PSJhZGlkYXPjg53jgqTjg7Pjg4gxNeWAjSI+IC0tPgoKCjxicj4=,44OK44Kk44Kt77yITklLRe+8iSDjgqbjgqPjg6Hjg7Pjgrog44Oe44Kk44Op44O8MiBVViBML1Mg44OI44OD44OXIOODluODqeODg+OCryA2ODY5MDUgMDEwIOOAkOODleOCo+ODg+ODiOODjeOCueOCpuOCp+OCoiDplbfoopbjgrfjg6Pjg4Qg44Os44OH44Kj44O844K5IOODiOODg+ODl+OCueOAke+8mu+9he+8s++8sO+8r++8su+8tO+8s+alveWkqeaUr+W6lw==,44Ki44Km44OI44OJ44Ki44Kt44Oj44Oz44OX44OQ44O844OZ44Kt44Ol44O844OG44Oz44OI44K/44O844OX44OG44O844OW44Or44OB44Kn44Ki44K344Ol44Op44OV44Op44Oz44K/44Oz44Kv44O844Op44O844Oc44OD44Kv44K544Kz44O844Or44Oe44Oz44OO44O844K544OV44Kn44Kk44K544K544Od44O844OE44OV44Kj44OD44OI44ON44K544OA44Kk44Ko44OD44OI44OI44Os44O844OL44Oz44Kw44OX44Ot44OG44Kk44Oz44K144OX44Oq44Oh44Oz44OI44OA44Oz44OZ44Or44K144OD44Kr44O844OK44Kk44Kt77yITklLRe+8iSDjgqbjgqPjg6Hjg7Pjgrog44Oe44Kk44Op44O8MiBVViBML1Mg44OI44OD44OXIOODluODqeODg+OCryA2ODY5MDUgMDEwIOOAkOODleOCo+ODg+ODiOODjeOCueOCpuOCp+OCoiDplbfoopbjgrfjg6Pjg4Qg44Os44OH44Kj44O844K5IOODiOODg+ODl+OCueOAkQ==,44OK44Kk44Kt77yITklLRe+8iSDjgqbjgqPjg6Hjg7Pjgrog44Oe44Kk44Op44O8MiBVViBML1Mg44OI44OD44OXIOODluODqeODg+OCryA2ODY5MDUgMDEwIOOAkOODleOCo+ODg+ODiOODjeOCueOCpuOCp+OCoiDplbfoopbjgrfjg6Pjg4Qg44Os44OH44Kj44O844K5IOODiOODg+ODl+OCueOAkQ==[rn]
34-75283,aHR0cDovL3RzaG9wLnIxMHMuanAvZXNwb3J0cy9jYWJpbmV0Lzk1NjctNS85NTY3NTIzMDkxNDA1LmpwZz9maXRpbj03MDA6NzAw,NjkxMi4wMDAw,,44K544Od44O844OE44O744Ki44Km44OI44OJ44KiID4g44OV44Kj44OD44OI44ON44K544O744OI44Os44O844OL44Oz44KwID4g44Km44Kn44KiID4g44Os44OH44Kj44O844K544Km44Kn44KiID4g44OI44OD44OX44K5,44CQ6YCB5paZ54Sh5paZ44CR44K344O844K544Oq44O844OV44Kj44OD44OI77yIQzNmaXTvvIkg44K344Oj44O844OX44OG44OD44Kv44OV44O844OH44Kj44O8IFdPTUVO4oCZUyDjg6zjg4Pjg4kgM0ZXMzYxMDUg44CQ44Os44OH44Kj44O844K544Km44Kn44KiIOOCpuOCo+ODoeODs+OCuiDjg4jjg6zjg7zjg4vjg7PjgrDjgqbjgqfjgqIg44K544Od44O844OEIOODkeODvOOCq+ODvOOAkQ==,4piF6YCB5paZ54Sh5paZ4piF,PCEtLWltZ190YWdzLS0+PHRhYmxlIGJvcmRlcj0iMCIgd2lkdGg9IjY1MCI+PFRSPjxURCBhbGlnbj0iY2VudGVyIj48QSBocmVmPSJodHRwOi8vd3d3LnJha3V0ZW4uY28uanAvZXNwb3J0cy9pbmZvMi5odG1sI2RlciI+PElNRyBzcmM9Imh0dHA6Ly93d3cucmFrdXRlbi5uZS5qcC9nb2xkL2VzcG9ydHMvc3VwcG9ydC9zaGlwcGluZzIuZ2lmIiBib3JkZXI9IjAiPjwvQT48QSBocmVmPSJodHRwOi8vd3d3LnJha3V0ZW4ubmUuanAvZ29sZC9lc3BvcnRzL3N1cHBvcnQvZGlzcGF0Y2guaHRtbCI+PElNRyBzcmM9Imh0dHA6Ly93d3cucmFrdXRlbi5uZS5qcC9nb2xkL2VzcG9ydHMvc3VwcG9ydC9kYXlzMS5naWYiIGJvcmRlcj0iMCI+PC9BPjxBIGhyZWY9Imh0dHA6Ly93d3cucmFrdXRlbi5uZS5qcC9nb2xkL2VzcG9ydHMvc3VwcG9ydC9kaXNwYXRjaC5odG1sIj48SU1HIHNyYz0iaHR0cDovL3d3dy5yYWt1dGVuLm5lLmpwL2dvbGQvZXNwb3J0cy9zdXBwb3J0L3BsYWNlMy5naWYiIGJvcmRlcj0iMCI+PC9BPjxBIGhyZWY9Imh0dHA6Ly93d3cucmFrdXRlbi5jby5qcC9lc3BvcnRzL2luZm8yLmh0bWwjYmFjayI+PElNRyBzcmM9Imh0dHA6Ly93d3cucmFrdXRlbi5uZS5qcC9nb2xkL2VzcG9ydHMvc3VwcG9ydC9yZXR1cm4xLmdpZiIgYm9yZGVyPSIwIj48L0E+PC90ZD48L3RyPjwvdGFibGU+PCEtLWltZ190YWdlLS0+PHN0cm9uZz48Zm9udCBjb2xvcj0iIzAwMDBDRCIgc2l6ZT0iNCI+PC9mb250Pjwvc3Ryb25nPjxicj7ou73ph4/mgKfjgIHlkLjmsZfpgJ/kub7mgKfjgIHjgrnjg4jjg6zjg4Pjg4HmgKfjgavlhKrjgozjgZ/jg4jjg6zjg7zjg4vjg7PjgrDjgrjjg6Pjg7zjgrjjgII8YnI+57Sw6Lqr44Gu44K344Or44Ko44OD44OI44GM6Lu95b+r44Gq5YuV44GN44KS5a6f54++44GX44G+44GZ44CCPGJyPjxicj48cD48dGFibGUgYm9yZGVyPSIwIiB3aWR0aD0iOTclIiBiZ2NvbG9yPSIjRkZGRkUwIj48dHI+PHRkPjxzdHJvbmc+PGZvbnQgY29sb3I9IiMwMDY0MDAiIHNpemU9IjMiPuOAkOmWoumAo+WVhuWTgeOBr+OBk+OBoeOCieOBp+OBmeOAkTwvZm9udD48L3N0cm9uZz48YnI+4peGIOOBneOBruS7liDjgrfjg7zjgrnjg6rjg7zjg5XjgqPjg4Pjg4jvvIhDM2ZpdO+8ieODrOODh+OCo+ODvOOCueOCpuOCp+OCouOBr+OBk+OBoeOCiTxicj7il4Yg5YWo44Kr44Op44O844Gv44GT44Gh44KJPGJyPjwvdGQ+PC90cj48L3RhYmxlPjwhLS1ta190YWdzLS0+PFA+PElNRyBzcmM9Imh0dHA6Ly93d3cucmFrdXRlbi5uZS5qcC9nb2xkL2VzcG9ydHMvYm4vanl1aGF0dHl1dTUyMC02MC5qcGciIHdpZHRoPSI1MjAiIGhlaWdodD0iNjAiIGJvcmRlcj0iMCI+PC9QPjwhLS1ta190YWdlLS0+PGJyPuKXj+euoeeQhmNvZGXvvJo3OTgzODc3OTwhLS1zcGVjX3RhZ3MtLT48cD48c3Ryb25nPjxmb250IGNvbG9yPSIjMDAwMENEIiBzaXplPSIzIj7jgJDllYblk4Hjgrnjg5rjg4Pjgq/jgJE8L2ZvbnQ+PC9zdHJvbmc+PGJyPuKXjzxzdHJvbmc+5a6f5a+444K144Kk44K677yIY23vvIk8L3N0cm9uZz4gOiA8YnI+U++8muedgOS4iDYz44CB6Lqr5bmFNDTjgIHogqnluYUzNuOAgeiiluS4iDU444CB6KO+5bmFNDU8YnI+Te+8muedgOS4iDY144CB6Lqr5bmFNDbjgIHogqnluYUzOOOAgeiiluS4iDYx44CB6KO+5bmFNDc8YnI+TO+8muedgOS4iDY344CB6Lqr5bmFNDjjgIHogqnluYUzOeOAgeiiluS4iDYz44CB6KO+5bmFNDk8YnI+4pePPHN0cm9uZz7pganlkIjjgrXjgqTjgrrvvIhjbe+8iTwvc3Ryb25nPiA6IDxicj5T77ya6Lqr6ZW3MTUwLTE2MOOAgeODkOOCueODiDc3LTgz44CB44Km44Ko44K544OINTgtNjQ8YnI+Te+8mui6q+mVtzE1NS0xNjXjgIHjg5Djgrnjg4g4MC04NuOAgeOCpuOCqOOCueODiDYxLTY3PGJyPkzvvJrouqvplbcxNjAtMTcw44CB44OQ44K544OIODMtODnjgIHjgqbjgqjjgrnjg4g2NC03MDxicj7il488c3Ryb25nPue0oOadkDwvc3Ryb25nPiA6IOODneODquOCqOOCueODhuODqzEwMO+8hTxicj7il488c3Ryb25nPuWOn+eUo+WbvTwvc3Ryb25nPiA6IOS4reWbvTxicj48IS0tc3BlY190YWdlLS0+PGJyPjxsaW5rIHJlbD0ic3R5bGVzaGVldCIgdHlwZT0idGV4dC9jc3MiIGhyZWY9Imh0dHA6Ly93d3cucmFrdXRlbi5uZS5qcC9nb2xkL2VzcG9ydHMvc2hvcHBpbmdfcGFydHMuY3NzIj4KCjxkaXYgc3R5bGU9Im1hcmdpbi10b3A6LTI2cHg7Ij48L2Rpdj4KCjwhLS0g44K744O844OrIDxpbWcgc3JjPSJodHRwOi8vd3d3LnJha3V0ZW4ubmUuanAvZ29sZC9lc3BvcnRzL25ld3llYXItc2FsZS9uZXd5ZWFyLXNhbGUtNzgwLmpwZyIgYm9yZGVyPSIwIiBhbHQ9IuOCu+ODvOODqyIgd2lkdGg9Ijc3MHB4Ij48YnI+PGJyPiDjgrvjg7zjg6sgLS0+Cgo8IS0tIOOCueODvOODkeODvOOCu+ODvOODqyA8ZGl2IHN0eWxlPSJ3aWR0aCA6IDc1MHB4OyI+CjxkaXYgYWxpZ249ImNlbnRlciIgc3R5bGU9Im1hcmdpbi1ib3R0b20gOiAwcHg7Ym9yZGVyLXdpZHRoIDogMnB4O2JvcmRlci1zdHlsZSA6IHNvbGlkO2JvcmRlci1jb2xvciA6ICNiYzExMzE7Ij4KCjwvZGl2PjwvZGl2PjxkaXYgY2xhc3M9Im1hcmdpbjUiPjwvZGl2Pjxicj4g44K544O844OR44O844K744O844OrLS0+Cgo8IS0tIOOCueODvOODkeODvOOCu+ODvOODqzIg77yI44OQ44OK44O844Gu44G/77yJPGltZyBzcmM9Imh0dHA6Ly93d3cucmFrdXRlbi5uZS5qcC9nb2xkL2VzcG9ydHMvc3BzYWxlL3NhbGUtYm43ODAuanBnIiBib3JkZXI9IjAiIGFsdD0i44K744O844OrIiB3aWR0aD0iNzcwcHgiPjxicj48YnI+IOOCueODvOODkeODvCAtLT4KCjxkaXYgY2xhc3M9ImNvbnRlbnRzIj48IS0tIOWRiuefpSAKPGRpdiBzdHlsZT0id2lkdGg6NzM2cHg7IHBhZGRpbmc6MTVweDsgbWFyZ2luOjVweCAwIDE1cHg7IGJvcmRlcjpzb2xpZCAjRTYyRjJGIDJweDsiPgo8cCBzdHlsZT0iZm9udC13ZWlnaHQ6Ym9sZDsgZm9udC1zaXplOjE3cHg7IHRleHQtYWxpZ246Y2VudGVyOyI+44CQIDxzcGFuIHN0eWxlPSJib3JkZXItYm90dG9tOjJweCBkb3R0ZWQgIzk5OTsgZm9udC1zaXplOjE1cHg7Ij415pyIMjbml6Uo6YeRKeOBruWWtualreOBq+OBpOOBhOOBpjwvc3Bhbj4g44CRPC9wPgo8cCBzdHlsZT0iZm9udC1zaXplOjEzcHg7IG1hcmdpbi10b3A6MTVweDsiPuiqoOOBq+WLneaJi+OBquOBjOOCiTXmnIgyNuaXpSjph5Ep44Gv44CB56S+5YaF56CU5L+u44Gu44Gf44KB44CB5Za25qWt5pmC6ZaT44KS5Y2I5YmNMTLvvJowMOOBvuOBp+OBqOOBleOBm+OBpuOBhOOBn+OBoOOBjeOBvuOBmeOAguWwmuOAgeOAjOOBguOBmealveOAjeWvvuW/nOWTgeOBq+OBpOOBjeOBvuOBl+OBpuOBr+OAgemAmuW4uOmAmuOCijEy77yaMDDjgb7jgafjga7jgZTms6jmlofjgpLlvZPml6XnmbrpgIHjgZXjgZvjgabjgYTjgZ/jgaDjgY3jgb7jgZnjgII8L3A+CjxwIHN0eWxlPSJmb250LXNpemU6MTNweDsgbWFyZ2luLXRvcDoxNXB4OyI+44GK5a6i5qeY44Gr44Gv44GU5LiN5L6/44KS44GK5o6b44GR6Ie044GX44G+44GZ44GM44CB44GU55CG6Kej44Gu56iL44CB5a6c44GX44GP44GK6aGY44GE6Ie044GX44G+44GZ44CCPC9wPgo8L2Rpdj4gLS0+CgoKPCEtLSA8ZGl2IHN0eWxlPSJ3aWR0aDo3MzZweDsgcGFkZGluZzoxNXB4OyBtYXJnaW46NXB4IDAgMTVweDsgYm9yZGVyOnNvbGlkICNFNjJGMkYgMnB4OyI+CjxwIHN0eWxlPSJmb250LXdlaWdodDpib2xkOyBmb250LXNpemU6MTdweDsgdGV4dC1hbGlnbjpjZW50ZXI7IG1hcmdpbjowOyI+44CQIDxzcGFuIHN0eWxlPSJib3JkZXItYm90dG9tOjJweCBkb3R0ZWQgIzk5OTsgZm9udC1zaXplOjE1cHg7Ij7lpKnlgJnkuI3oia/jga7lvbHpn7/jgavjgojjgovphY3pgIHpgYXlu7bjgavjgaTjgYTjgaY8L3NwYW4+IOOAkTwvcD4KPHAgc3R5bGU9ImZvbnQtc2l6ZToxM3B4OyBtYXJnaW46MTVweCAwIDA7Ij7lj7Dpoqjjg7vosarpm6jnrYnjga7lpKnlgJnkuI3oia/jgavkvLTjgYTjgIHkuIDpg6jlnLDln5/jgafjgYrojbfnianjga7jgYrlsYrjgZHjgavpgYXjgozjgYznmbrnlJ/jgZnjgovmgZDjgozjgYzjgZTjgZbjgYTjgb7jgZnjgII8L3A+CjxwIHN0eWxlPSJmb250LXNpemU6MTNweDsgbWFyZ2luOjdweCAwIDA7Ij7jgb7jgZ/jgIHku4rlvozjga7lj7Dpoqjjga7pgLLot6/jgavjgojjgaPjgabjga/jgIHluoPnr4Tlm7Ljga7lnLDln5/jgafpgYXjgozjgYznlJ/jgZjjgovlj6/og73mgKfjgYzjgYLjgorjgb7jgZnjgILlnLDln5/jgoTjgr/jgqTjg5/jg7PjgrDjgavjgojjgaPjgabjgIHjgZTluIzmnJvjga7jgYrlsYrjgZHml6XmmYLjgavphY3pgZTjgafjgY3jgarjgYTloLTlkIjjgYzjgZTjgZbjgYTjgb7jgZnjgII8L3A+CjxwIHN0eWxlPSJmb250LXNpemU6MTNweDsgbWFyZ2luOjdweCAwIDA7Ij7jgYrlrqLmp5jjgavjga/lpKflpInjgZTov7fmg5HjgpLjgYrmjpvjgZHoh7TjgZfjgb7jgZnjgYzjgIHjgZTnkIbop6PjgYTjgZ/jgaDjgZHjgb7jgZnjgojjgYbjgYrpoZjjgYToh7TjgZfjgb7jgZnjgII8L3A+CjwvZGl2PiAtLT4KCgoKPCEtLSDkuIDpg6jlnLDln5/jgafjga7phY3pgZTpgYXlu7bjgavjgaTjgY3jgb7jgZfjgaYgLS0+CgoKPCEtLSDjgq/jg7zjg53jg7MgCjxpbWcgc3JjPSJodHRwOi8vd3d3LnJha3V0ZW4ubmUuanAvZ29sZC9lc3BvcnRzL2JuL2NvdXBvbi9jb3Vwb243NzAuZ2lmIiBhbHQ9IjIwMOWGhk9GRuOCr+ODvOODneODsyI+IC0tPgoKCgo8IS0tIDxpbWcgc3JjPSJodHRwOi8vd3d3LnJha3V0ZW4ubmUuanAvZ29sZC9lc3BvcnRzL2JuL2FkaWRhcy9hZGlkYXMtYm4zNTcuanBnIiBhbHQ9ImFkaWRhc+ODneOCpOODs+ODiDE15YCNIj4gLS0+CgoKPGJyPg==,44CQ6YCB5paZ54Sh5paZ44CR44K344O844K544Oq44O844OV44Kj44OD44OI77yIQzNmaXTvvIkg44K344Oj44O844OX44OG44OD44Kv44OV44O844OH44Kj44O8IFdPTUVOJnJzcXVvO1Mg44Os44OD44OJIDNGVzM2MTA1IOOAkOODrOODh+OCo+ODvOOCueOCpuOCp+OCoiDjgqbjgqPjg6Hjg7Pjgrog44OI44Os44O844OL44Oz44Kw44Km44Kn44KiIOOCueODneODvOODhCDjg5Hjg7zjgqvjg7zjgJHvvJrvvYXvvLPvvLDvvK/vvLLvvLTvvLPmpb3lpKnmlK/lupc=,44Ki44Km44OI44OJ44Ki44Kt44Oj44Oz44OX44OQ44O844OZ44Kt44Ol44O844OG44Oz44OI44K/44O844OX44OG44O844OW44Or44OB44Kn44Ki44K344Ol44Op44OV44Op44Oz44K/44Oz44Kv44O844Op44O844Oc44OD44Kv44K544Kz44O844Or44Oe44Oz44OO44O844K544OV44Kn44Kk44K544K544Od44O844OE44OV44Kj44OD44OI44ON44K544OA44Kk44Ko44OD44OI44OI44Os44O844OL44Oz44Kw44OX44Ot44OG44Kk44Oz44K144OX44Oq44Oh44Oz44OI44OA44Oz44OZ44Or44K144OD44Kr44O844CQ6YCB5paZ54Sh5paZ44CR44K344O844K544Oq44O844OV44Kj44OD44OI77yIQzNmaXTvvIkg44K344Oj44O844OX44OG44OD44Kv44OV44O844OH44Kj44O8IFdPTUVOJnJzcXVvO1Mg44Os44OD44OJIDNGVzM2MTA1IOOAkOODrOODh+OCo+ODvOOCueOCpuOCp+OCoiDjgqbjgqPjg6Hjg7Pjgrog44OI44Os44O844OL44Oz44Kw44Km44Kn44KiIOOCueODneODvOODhCDjg5Hjg7zjgqvjg7zjgJE=,4piF6YCB5paZ54Sh5paZ4piF44CC44CQ6YCB5paZ54Sh5paZ44CR44K344O844K544Oq44O844OV44Kj44OD44OI77yIQzNmaXTvvIkg44K344Oj44O844OX44OG44OD44Kv44OV44O844OH44Kj44O8IFdPTUVOJnJzcXVvO1Mg44Os44OD44OJIDNGVzM2MTA1IOOAkOODrOODh+OCo+ODvOOCueOCpuOCp+OCoiDjgqbjgqPjg6Hjg7Pjgrog44OI44Os44O844OL44Oz44Kw44Km44Kn44KiIOOCueODneODvOODhCDjg5Hjg7zjgqvjg7zjgJE=[rn]
34-75284,aHR0cDovL3RzaG9wLnIxMHMuanAvZXNwb3J0cy9jYWJpbmV0Lzk5ODAtNDIvOTk4MDQyMTM5MDkzOS5qcGc/Zml0aW49NzAwOjcwMA==,MjM4NC4wMDAw,,44K544Od44O844OE44O744Ki44Km44OI44OJ44KiID4g44OV44Kj44OD44OI44ON44K544O744OI44Os44O844OL44Oz44KwID4g44Km44Kn44KiID4g44Os44OH44Kj44O844K544Km44Kn44KiID4g44OI44OD44OX44K5,44Ki44OH44Kj44OA44K577yIYWRpZGFz77yJIE5FTyDjgqLjg4fjgqPjg4Djgrnjg43jgqogU1RSIDfliIboopbjg4/jgqTjg43jg4Pjgq/jgrjjg6Pjg7zjgrggVyDjgqvjg6zjg4Pjgrjjg43jgqTjg5Pjg7wgREtKOTkgQlMwODYzIOOAkOODrOODh+OCo+ODvOOCueOCpuOCp+OCoiDjg4jjg6zjg7zjg4vjg7PjgrDjgqbjgqfjgqIg44K544Od44O844OE44Km44Kn44KiIOmDqOa0uyDjg6njg7Pjg4vjg7PjgrDjgJE=,4peG44GC44GZ5qW94peG,PCEtLWltZ190YWdzLS0+PHRhYmxlIGJvcmRlcj0iMCIgd2lkdGg9IjY1MCI+PFRSPjxURCBhbGlnbj0iY2VudGVyIj48QSBocmVmPSJodHRwOi8vd3d3LnJha3V0ZW4uY28uanAvZXNwb3J0cy9pbmZvMi5odG1sI2RlciI+PElNRyBzcmM9Imh0dHA6Ly93d3cucmFrdXRlbi5uZS5qcC9nb2xkL2VzcG9ydHMvc3VwcG9ydC9zaGlwcGluZzIuZ2lmIiBib3JkZXI9IjAiPjwvQT48QSBocmVmPSJodHRwOi8vd3d3LnJha3V0ZW4ubmUuanAvZ29sZC9lc3BvcnRzL3N1cHBvcnQvZGlzcGF0Y2guaHRtbCI+PElNRyBzcmM9Imh0dHA6Ly93d3cucmFrdXRlbi5uZS5qcC9nb2xkL2VzcG9ydHMvc3VwcG9ydC9kYXlzNi5naWYiIGJvcmRlcj0iMCI+PC9BPjxBIGhyZWY9Imh0dHA6Ly93d3cucmFrdXRlbi5uZS5qcC9nb2xkL2VzcG9ydHMvc3VwcG9ydC9kaXNwYXRjaC5odG1sIj48SU1HIHNyYz0iaHR0cDovL3d3dy5yYWt1dGVuLm5lLmpwL2dvbGQvZXNwb3J0cy9zdXBwb3J0L3BsYWNlMS5naWYiIGJvcmRlcj0iMCI+PC9BPjxBIGhyZWY9Imh0dHA6Ly93d3cucmFrdXRlbi5jby5qcC9lc3BvcnRzL2luZm8yLmh0bWwjYmFjayI+PElNRyBzcmM9Imh0dHA6Ly93d3cucmFrdXRlbi5uZS5qcC9nb2xkL2VzcG9ydHMvc3VwcG9ydC9yZXR1cm4xLmdpZiIgYm9yZGVyPSIwIj48L0E+PC90ZD48L3RyPjwvdGFibGU+PCEtLWltZ190YWdlLS0+PCEtLXNva3VfdGFncy0tPjx0YWJsZSBib3JkZXI9IjAiPjxUUj48VEQ+PEEgaHJlZj0iaHR0cDovL3d3dy5yYWt1dGVuLm5lLmpwL2dvbGQvZXNwb3J0cy9hc3VyYWt1L2FzdXJha3UuaHRtbCIgdGFyZ2V0PSJfYmxhbmsiPjxJTUcgc3JjPSJodHRwOi8vd3d3LnJha3V0ZW4ubmUuanAvZ29sZC9lc3BvcnRzL2JuL2FzdXJha3UvYXN1cmFrdS5naWYiIGJvcmRlcj0iMCI+PC9BPjwvVEQ+PC90cj48L3RhYmxlPjwhLS1zb2t1X3RhZ2UtLT7jgrnjg4jjg6rjg7zjg4jjga7jg4jjg6zjg7Pjg4njgpLjg6Ljg4Djg7PjgavjgqLjg6zjg7PjgrjjgZfjgZ/vvLtTVFJFRVTvvL3jgrfjg6rjg7zjgrrjgII8YnI+44K544Od44O844OG44Kj44O844Gq44Kr44OO44Kz44Gu55uu6Z2i44Gu44K444Oj44O844K457Sg5p2Q44KS5L2/55So44CCPGJyPuODj+OCpOODjeODg+OCr+OBruiln+OBq+ODnOODg+OCr+OCueOBruOCr+ODreODg+ODl+ODieS4iOS7leanmOOAgjxicj7nnYDjgovjgaDjgZHjgafjg4jjg6zjg7Pjg4njga7jgrnjgr/jgqTjg6vjgpLkvZzjgozjgovkuIDmnprjgafjgZnjgII8YnI+REtLMDDjgajjgrvjg4Pjg4jjgqLjg4Pjg5fjgafjga7jgrPjg7zjg4fjgqPjg43jg7zjg4jjgYzjgqrjgrnjgrnjg6HjgafjgZnjgII8YnI+PGJyPjxwPjx0YWJsZSBib3JkZXI9IjAiIHdpZHRoPSI5NyUiIGJnY29sb3I9IiNGRkZGRTAiPjx0cj48dGQ+PHN0cm9uZz48Zm9udCBjb2xvcj0iIzAwNjQwMCIgc2l6ZT0iMyI+44CQ6Zai6YCj5ZWG5ZOB44Gv44GT44Gh44KJ44Gn44GZ44CRPC9mb250Pjwvc3Ryb25nPjxicj7il4Yg44Gd44Gu5LuWIOOCouODh+OCo+ODgOOCue+8iGFkaWRhc++8ieODrOODh+OCo+ODvOOCueOCuOODo+ODvOOCuOOBr+OBk+OBoeOCiTxicj7il4Yg5YWo44Kr44Op44O844Gv44GT44Gh44KJPGJyPuKXhiDjgZ3jga7ku5bjgIFhZGlkYXNuZW/jga/jgZPjgaHjgok8YnI+PC90ZD48L3RyPjwvdGFibGU+PGJyPjxpbWcgc3JjPSJodHRwOi8vaW1hZ2UucmFrdXRlbi5jby5qcC9lc3BvcnRzL2NhYmluZXQvc2l6ZS9zcG9ydHNfc2l6ZTM3NS5naWYiIHdpZHRoPSIzNzVweCIgaGVpZ2h0PSI5MHB4IiBhbHQ9IuOCueODneODvOODhOOCpuOCp+OCouOCteOCpOOCuuihqCIgYm9yZGVyPSIwIj48YnI+PGJyPuKXj+euoeeQhmNvZGXvvJo3OTgzODc5OTxicj48aW1nIHNyYz0iaHR0cDovL2ltYWdlLnJha3V0ZW4uY28uanAvZXNwb3J0cy9jYWJpbmV0L2FkaWRhcy8xNy9hZGlkYXMtYm41MDAuanBnIiBhbHQ9ImFkaWRhc+eJuembhiIgYm9yZGVyPSIwIj48YnI+PCEtLXNwZWNfdGFncy0tPjxwPjxzdHJvbmc+PGZvbnQgY29sb3I9IiMwMDAwQ0QiIHNpemU9IjMiPuOAkOWVhuWTgeOCueODmuODg+OCr+OAkTwvZm9udD48L3N0cm9uZz48YnI+4pePPHN0cm9uZz7ntKDmnZA8L3N0cm9uZz4gOiA8YnI+44CA44OA44OW44Or44OL44OD44OIPGJyPuOAgOe2vzUy77yFL+ODneODquOCqOOCueODhuODqzQ477yFPGJyPuKXjzxzdHJvbmc+44K144Kk44K644O744Os44OH44Kj44O844K577yIY23vvIk8L3N0cm9uZz4gOiA8YnI+44CASi9T77ya6Lqr6ZW3MTUy772eMTU444CB6IO45ZuyNzjvvZ44MuOAgeOCpuOCqOOCueODiDU5772eNjM8YnI+44CASi9N77ya6Lqr6ZW3MTU3772eMTYz44CB6IO45ZuyODHvvZ44NeOAgeOCpuOCqOOCueODiDYy772eNjY8YnI+44CASi9M77ya6Lqr6ZW3MTYy772eMTY444CB6IO45ZuyODTvvZ44OOOAgeOCpuOCqOOCueODiDY1772eNjk8YnI+PCEtLXNwZWNfdGFnZS0tPjxicj48bGluayByZWw9InN0eWxlc2hlZXQiIHR5cGU9InRleHQvY3NzIiBocmVmPSJodHRwOi8vd3d3LnJha3V0ZW4ubmUuanAvZ29sZC9lc3BvcnRzL3Nob3BwaW5nX3BhcnRzLmNzcyI+Cgo8ZGl2IHN0eWxlPSJtYXJnaW4tdG9wOi0yNnB4OyI+PC9kaXY+Cgo8IS0tIOOCu+ODvOODqyA8aW1nIHNyYz0iaHR0cDovL3d3dy5yYWt1dGVuLm5lLmpwL2dvbGQvZXNwb3J0cy9uZXd5ZWFyLXNhbGUvbmV3eWVhci1zYWxlLTc4MC5qcGciIGJvcmRlcj0iMCIgYWx0PSLjgrvjg7zjg6siIHdpZHRoPSI3NzBweCI+PGJyPjxicj4g44K744O844OrIC0tPgoKPCEtLSDjgrnjg7zjg5Hjg7zjgrvjg7zjg6sgPGRpdiBzdHlsZT0id2lkdGggOiA3NTBweDsiPgo8ZGl2IGFsaWduPSJjZW50ZXIiIHN0eWxlPSJtYXJnaW4tYm90dG9tIDogMHB4O2JvcmRlci13aWR0aCA6IDJweDtib3JkZXItc3R5bGUgOiBzb2xpZDtib3JkZXItY29sb3IgOiAjYmMxMTMxOyI+Cgo8L2Rpdj48L2Rpdj48ZGl2IGNsYXNzPSJtYXJnaW41Ij48L2Rpdj48YnI+IOOCueODvOODkeODvOOCu+ODvOODqy0tPgoKPCEtLSDjgrnjg7zjg5Hjg7zjgrvjg7zjg6syIO+8iOODkOODiuODvOOBruOBv++8iTxpbWcgc3JjPSJodHRwOi8vd3d3LnJha3V0ZW4ubmUuanAvZ29sZC9lc3BvcnRzL3Nwc2FsZS9zYWxlLWJuNzgwLmpwZyIgYm9yZGVyPSIwIiBhbHQ9IuOCu+ODvOODqyIgd2lkdGg9Ijc3MHB4Ij48YnI+PGJyPiDjgrnjg7zjg5Hjg7wgLS0+Cgo8ZGl2IGNsYXNzPSJjb250ZW50cyI+PCEtLSDlkYrnn6UgCjxkaXYgc3R5bGU9IndpZHRoOjczNnB4OyBwYWRkaW5nOjE1cHg7IG1hcmdpbjo1cHggMCAxNXB4OyBib3JkZXI6c29saWQgI0U2MkYyRiAycHg7Ij4KPHAgc3R5bGU9ImZvbnQtd2VpZ2h0OmJvbGQ7IGZvbnQtc2l6ZToxN3B4OyB0ZXh0LWFsaWduOmNlbnRlcjsiPuOAkCA8c3BhbiBzdHlsZT0iYm9yZGVyLWJvdHRvbToycHggZG90dGVkICM5OTk7IGZvbnQtc2l6ZToxNXB4OyI+NeaciDI25pelKOmHkSnjga7llrbmpa3jgavjgaTjgYTjgaY8L3NwYW4+IOOAkTwvcD4KPHAgc3R5bGU9ImZvbnQtc2l6ZToxM3B4OyBtYXJnaW4tdG9wOjE1cHg7Ij7oqqDjgavli53miYvjgarjgYzjgok15pyIMjbml6Uo6YeRKeOBr+OAgeekvuWGheeglOS/ruOBruOBn+OCgeOAgeWWtualreaZgumWk+OCkuWNiOWJjTEy77yaMDDjgb7jgafjgajjgZXjgZvjgabjgYTjgZ/jgaDjgY3jgb7jgZnjgILlsJrjgIHjgIzjgYLjgZnmpb3jgI3lr77lv5zlk4HjgavjgaTjgY3jgb7jgZfjgabjga/jgIHpgJrluLjpgJrjgooxMu+8mjAw44G+44Gn44Gu44GU5rOo5paH44KS5b2T5pel55m66YCB44GV44Gb44Gm44GE44Gf44Gg44GN44G+44GZ44CCPC9wPgo8cCBzdHlsZT0iZm9udC1zaXplOjEzcHg7IG1hcmdpbi10b3A6MTVweDsiPuOBiuWuouanmOOBq+OBr+OBlOS4jeS+v+OCkuOBiuaOm+OBkeiHtOOBl+OBvuOBmeOBjOOAgeOBlOeQhuino+OBrueoi+OAgeWunOOBl+OBj+OBiumhmOOBhOiHtOOBl+OBvuOBmeOAgjwvcD4KPC9kaXY+IC0tPgoKCjwhLS0gPGRpdiBzdHlsZT0id2lkdGg6NzM2cHg7IHBhZGRpbmc6MTVweDsgbWFyZ2luOjVweCAwIDE1cHg7IGJvcmRlcjpzb2xpZCAjRTYyRjJGIDJweDsiPgo8cCBzdHlsZT0iZm9udC13ZWlnaHQ6Ym9sZDsgZm9udC1zaXplOjE3cHg7IHRleHQtYWxpZ246Y2VudGVyOyBtYXJnaW46MDsiPuOAkCA8c3BhbiBzdHlsZT0iYm9yZGVyLWJvdHRvbToycHggZG90dGVkICM5OTk7IGZvbnQtc2l6ZToxNXB4OyI+5aSp5YCZ5LiN6Imv44Gu5b2x6Z+/44Gr44KI44KL6YWN6YCB6YGF5bu244Gr44Gk44GE44GmPC9zcGFuPiDjgJE8L3A+CjxwIHN0eWxlPSJmb250LXNpemU6MTNweDsgbWFyZ2luOjE1cHggMCAwOyI+5Y+w6aKo44O76LGq6Zuo562J44Gu5aSp5YCZ5LiN6Imv44Gr5Ly044GE44CB5LiA6YOo5Zyw5Z+f44Gn44GK6I2354mp44Gu44GK5bGK44GR44Gr6YGF44KM44GM55m655Sf44GZ44KL5oGQ44KM44GM44GU44GW44GE44G+44GZ44CCPC9wPgo8cCBzdHlsZT0iZm9udC1zaXplOjEzcHg7IG1hcmdpbjo3cHggMCAwOyI+44G+44Gf44CB5LuK5b6M44Gu5Y+w6aKo44Gu6YCy6Lev44Gr44KI44Gj44Gm44Gv44CB5bqD56+E5Zuy44Gu5Zyw5Z+f44Gn6YGF44KM44GM55Sf44GY44KL5Y+v6IO95oCn44GM44GC44KK44G+44GZ44CC5Zyw5Z+f44KE44K/44Kk44Of44Oz44Kw44Gr44KI44Gj44Gm44CB44GU5biM5pyb44Gu44GK5bGK44GR5pel5pmC44Gr6YWN6YGU44Gn44GN44Gq44GE5aC05ZCI44GM44GU44GW44GE44G+44GZ44CCPC9wPgo8cCBzdHlsZT0iZm9udC1zaXplOjEzcHg7IG1hcmdpbjo3cHggMCAwOyI+44GK5a6i5qeY44Gr44Gv5aSn5aSJ44GU6L+35oOR44KS44GK5o6b44GR6Ie044GX44G+44GZ44GM44CB44GU55CG6Kej44GE44Gf44Gg44GR44G+44GZ44KI44GG44GK6aGY44GE6Ie044GX44G+44GZ44CCPC9wPgo8L2Rpdj4gLS0+CgoKCjwhLS0g5LiA6YOo5Zyw5Z+f44Gn44Gu6YWN6YGU6YGF5bu244Gr44Gk44GN44G+44GX44GmIC0tPgoKCjwhLS0g44Kv44O844Od44OzIAo8aW1nIHNyYz0iaHR0cDovL3d3dy5yYWt1dGVuLm5lLmpwL2dvbGQvZXNwb3J0cy9ibi9jb3Vwb24vY291cG9uNzcwLmdpZiIgYWx0PSIyMDDlhoZPRkbjgq/jg7zjg53jg7MiPiAtLT4KCgoKPCEtLSA8aW1nIHNyYz0iaHR0cDovL3d3dy5yYWt1dGVuLm5lLmpwL2dvbGQvZXNwb3J0cy9ibi9hZGlkYXMvYWRpZGFzLWJuMzU3LmpwZyIgYWx0PSJhZGlkYXPjg53jgqTjg7Pjg4gxNeWAjSI+IC0tPgoKCjxicj4=,44Ki44OH44Kj44OA44K577yIYWRpZGFz77yJIE5FTyDjgqLjg4fjgqPjg4Djgrnjg43jgqogU1RSIDfliIboopbjg4/jgqTjg43jg4Pjgq/jgrjjg6Pjg7zjgrggVyDjgqvjg6zjg4Pjgrjjg43jgqTjg5Pjg7wgREtKOTkgQlMwODYzIOOAkOODrOODh+OCo+ODvOOCueOCpuOCp+OCoiDjg4jjg6zjg7zjg4vjg7PjgrDjgqbjgqfjgqIg44K544Od44O844OE44Km44Kn44KiIOmDqOa0uyDjg6njg7Pjg4vjg7PjgrDjgJHvvJrvvYXvvLPvvLDvvK/vvLLvvLTvvLPmpb3lpKnmlK/lupc=,44Ki44Km44OI44OJ44Ki44Kt44Oj44Oz44OX44OQ44O844OZ44Kt44Ol44O844OG44Oz44OI44K/44O844OX44OG44O844OW44Or44OB44Kn44Ki44K344Ol44Op44OV44Op44Oz44K/44Oz44Kv44O844Op44O844Oc44OD44Kv44K544Kz44O844Or44Oe44Oz44OO44O844K544OV44Kn44Kk44K544K544Od44O844OE44OV44Kj44OD44OI44ON44K544OA44Kk44Ko44OD44OI44OI44Os44O844OL44Oz44Kw44OX44Ot44OG44Kk44Oz44K144OX44Oq44Oh44Oz44OI44OA44Oz44OZ44Or44K144OD44Kr44O844Ki44OH44Kj44OA44K577yIYWRpZGFz77yJIE5FTyDjgqLjg4fjgqPjg4Djgrnjg43jgqogU1RSIDfliIboopbjg4/jgqTjg43jg4Pjgq/jgrjjg6Pjg7zjgrggVyDjgqvjg6zjg4Pjgrjjg43jgqTjg5Pjg7wgREtKOTkgQlMwODYzIOOAkOODrOODh+OCo+ODvOOCueOCpuOCp+OCoiDjg4jjg6zjg7zjg4vjg7PjgrDjgqbjgqfjgqIg44K544Od44O844OE44Km44Kn44KiIOmDqOa0uyDjg6njg7Pjg4vjg7PjgrDjgJE=,4peG44GC44GZ5qW94peG44CC44Ki44OH44Kj44OA44K577yIYWRpZGFz77yJIE5FTyDjgqLjg4fjgqPjg4Djgrnjg43jgqogU1RSIDfliIboopbjg4/jgqTjg43jg4Pjgq/jgrjjg6Pjg7zjgrggVyDjgqvjg6zjg4Pjgrjjg43jgqTjg5Pjg7wgREtKOTkgQlMwODYzIOOAkOODrOODh+OCo+ODvOOCueOCpuOCp+OCoiDjg4jjg6zjg7zjg4vjg7PjgrDjgqbjgqfjgqIg44K544Od44O844OE44Km44Kn44KiIOmDqOa0uyDjg6njg7Pjg4vjg7PjgrDjgJE=[rn]
34-75285,aHR0cDovL3RzaG9wLnIxMHMuanAvY29vbGJlYW5zL2NhYmluZXQvMDM5NDc3MDUvaW1ncmMwMDY2OTcwODM4LmpwZz9maXRpbj03MDA6NzAw,MTAzMC40MDAw,,44K544Od44O844OE44O744Ki44Km44OI44OJ44KiID4g44Oo44Ks44O744OU44Op44OG44Kj44K5ID4g44Km44Kn44KiID4g44OR44Oz44OE,44Oo44Ks44OR44Oz44OEIOODrOODh+OCo+ODvOOCuSDjgrfjg6fjg7zjg4gg44K144Or44Ko44OrIOODm+ODg+ODiOODqOOCrCDnvo7ohJog44K544Od44O844OEIOOCouODqeOCuOODs+ODkeODs+ODhCDjg6rjg6njg4Pjgq/jgrnjgrjjg6Pjg7zjgrgg44Ko44Kv44K144K144Kk44K6IOODgOODs+OCuSDjg4jjg6zjg7zjg4vjg7PjgrAg44K444OgIOmAn+S5vuaApyDkvLjnuK7mgKcg44Ob44OD44OI44Oo44KsIOWupOWGheOCpuOCqOOCoiDvvJfliIbkuIgg44Od44Kx44OD44OI5LuYIDIw6Imy,,PGRpdiBjbGFzcz0nZ2g1c3B3cnAnPjxzdHlsZT48IS0tLmdoNXNwd3JwIGRpdiwuZ2g1c3B3cnAgaW1nLC5naDVzcHdycCB0YWJsZSwuZ2g1c3B3cnAgdHIsLmdoNXNwd3JwIHRke3dpZHRoOmF1dG87aGVpZ2h0OmF1dG87cGFkZGluZzowO21hcmdpbjowO292ZXJmbG93OmhpZGRlbn0uZ2g1c3B3cnAgdGR7ZmxvYXQ6bm9uZSAhaW1wb3J0YW50fS5naDVzcHdycCwuZ2g1c3B3cnAgZGl2LC5naDVzcHdycCBkaXYgaDMsLmdoNXNwd3JwIGRpdiBwe2Rpc3BsYXk6YmxvY2t9LmdoNXNwd3JwIGRpdiB0YWJsZXtkaXNwbGF5OnRhYmxlO3dpZHRoOmF1dG87aGVpZ2h0OmF1dG87cGFkZGluZzowO21hcmdpbjowO2JvcmRlci1zcGFjaW5nOjB9LmdoNXNwd3JwIGRpdiB0YWJsZSB0ciwuZ2g1c3B3cnAgZGl2IHRhYmxlIHRib2R5IHRye2Rpc3BsYXk6dGFibGUtcm93fS5naDVzcHdycCBkaXYgdGFibGUgdHIgdGQsLmdoNXNwd3JwIGRpdiB0YWJsZSB0Ym9keSB0ciB0ZHtkaXNwbGF5OnRhYmxlLWNlbGw7ZmxvYXQ6bm9uZSAhaW1wb3J0YW50O3ZlcnRpY2FsLWFsaWduOnRvcH0uZ2g1c3B3cnAgdGFibGUgdGFibGV7d2lkdGg6MTAwJX0uZ2g1c3B3cnAsLmdoNXNwd3JwIHRoLC5naDVzcHdycCB0ZHtjb2xvcjojMDAwMDAwO2ZvbnQtc2l6ZToxNnB4ICFpbXBvcnRhbnQ7Zm9udC1mYW1pbHk6J+ODkuODqeOCruODjuinkuOCtCBQcm8gVzMnLCdIaXJhZ2lubyBLYWt1IEdvdGhpYyBQcm8nLOODoeOCpOODquOCqixNZWlyeW8sT3Nha2EsJ++8re+8syDvvLDjgrTjgrfjg4Pjgq8nLCdNUyBQR290aGljJyxzYW5zLXNlcmlmO3RleHQtYWxpZ246Y2VudGVyfS5naDVzcHdycCBkaXYgaDMsLmdoNXNwd3JwIGRpdiBwLC5naDVzcHdycCBzdHJvbmd7d29yZC13cmFwOmJyZWFrLXdvcmQ7d29yZC1icmVhazpicmVhay1hbGw7cGFkZGluZzowO21hcmdpbi10b3A6MC41ZW07bWFyZ2luLWJvdHRvbTowLjVlbTtsaW5lLWhlaWdodDoxLjQ7dGV4dC1hbGlnbjpsZWZ0O292ZXJmbG93OnZpc2libGV9LmdoNXNwd3JwIGRpdiBoMywuZ2g1c3B3cnAgc3Ryb25ne2ZvbnQtc2l6ZToxMTclO30uZ2g1c3BpbXt2ZXJ0aWNhbC1hbGlnbjp0b3B9LmdoNXNwd3JwIGRpdi5naDVzcGlte21hcmdpbi1sZWZ0OmF1dG87bWFyZ2luLXJpZ2h0OmF1dG87dGV4dC1hbGlnbjpjZW50ZXJ9LmdoNXNwd3JwIHAuZ2g1c3BpbXt0ZXh0LWFsaWduOmNlbnRlcn0uZ2g1c3B3cnAgZGl2IGltZywuZ2g1c3B3cnAgZGl2IGEgaW1ne2JvcmRlcjpub25lO3ZlcnRpY2FsLWFsaWduOmJvdHRvbX0uZ2g1c3B3cnAgZGl2LC5naDVzcHdycCB0YWJsZSB7aGVpZ2h0OmF1dG99LmdoNXNwd3JwIGRpdntvdmVyZmxvdzpoaWRkZW59LmdoNXNwd3JwIGRpdiBkaXZ7b3ZlcmZsb3c6dmlzaWJsZX0uZ2g1c3B3cnAgPiBkaXY6YWZ0ZXIsLmdoNXNwd3JwID4gdGFibGU6YWZ0ZXIge2NvbnRlbnQ6IiI7ZGlzcGxheTpibG9jaztoZWlnaHQ6MDtjbGVhcjpib3RoO3Zpc2liaWxpdHk6aGlkZGVufS5naDVzcHdycHt3aWR0aDo3MTBweDtoZWlnaHQ6YXV0bztiYWNrZ3JvdW5kOiNmZmZmZmY7bWFyZ2luLWxlZnQ6YXV0bzttYXJnaW4tcmlnaHQ6YXV0bztwYWRkaW5nOjB9I2doNXNwYjAsI2doNXNwYjEsI2doNXNwYjIsI2doNXNwYjMsI2doNXNwYjQsI2doNXNwYjUsI2doNXNwYjYsI2doNXNwYjcsI2doNXNwYjh7YmFja2dyb3VuZDp0cmFuc3BhcmVudDtwYWRkaW5nOjVweCAwfSNnaDVzcGIwIHRhYmxlLCNnaDVzcGIxIHRhYmxlLCNnaDVzcGIyIHRhYmxlLCNnaDVzcGIzIHRhYmxlLCNnaDVzcGI0IHRhYmxlLCNnaDVzcGI1IHRhYmxlLCNnaDVzcGI2IHRhYmxlLCNnaDVzcGI3IHRhYmxlLCNnaDVzcGI4IHRhYmxle2JvcmRlci1zcGFjaW5nOjEwcHg7bWFyZ2luOi0xMHB4O3dpZHRoOjczMHB4fSNnaDVzcGMwLCNnaDVzcGMxLCNnaDVzcGMyLCNnaDVzcGMzLCNnaDVzcGM0LCNnaDVzcGM1LCNnaDVzcGM2LCNnaDVzcGM3LCNnaDVzcGM4e3dpZHRoOjcxMHB4O2JhY2tncm91bmQ6dHJhbnNwYXJlbnQ7Ym9yZGVyOnNvbGlkICMwMDAwMDAgMDtwYWRkaW5nOjB9LmdoNXNwaW17d2lkdGg6MTAwJTtoZWlnaHQ6YXV0b30tLT48L3N0eWxlPjwhLS1baWYgZ3RlIElFIDYuMF0+PHN0eWxlPi5naDVzcHdycCwuZ2g1c3B3cnAgZGl2LC5naDVzcHdycCBoMywuZ2g1c3B3cnAgcCwuZ2g1c3B3cnAgdGgsLmdoNXNwd3JwIHRke3pvb206MX0uZ2g1c3B3cnAsLmdoNXNwd3JwIHRoLC5naDVzcHdycCB0ZHtmb250LXNpemU6MTZweCAhaW1wb3J0YW50fS5naDVzcHdycHt3aWR0aDo3MTBweH0jZ2g1c3BjMCwjZ2g1c3BjMSwjZ2g1c3BjMiwjZ2g1c3BjMywjZ2g1c3BjNCwjZ2g1c3BjNSwjZ2g1c3BjNiwjZ2g1c3BjNywjZ2g1c3BjOHt3aWR0aDo3MTBweH08L3N0eWxlPjwhW2VuZGlmXS0tPjxkaXYgaWQ9ImdoNXNwYjAiPjx0YWJsZSBjZWxsc3BhY2luZz0iMTAiPjx0cj48dGQgaWQ9ImdoNXNwYzAiPjxkaXYgY2xhc3M9ImdoNXNwaW0iPjxpbWcgc3JjPSJjb29sYmVhbnMvY2FiaW5ldC80cnJrNTEuanBnIj48L2Rpdj48L3RhYmxlPjwvZGl2PjxkaXYgaWQ9ImdoNXNwYjEiPjx0YWJsZSBjZWxsc3BhY2luZz0iMTAiPjx0cj48dGQgaWQ9ImdoNXNwYzEiPjxkaXYgY2xhc3M9ImdoNXNwaW0iPjxpbWcgc3JjPSJjb29sYmVhbnMvY2FiaW5ldC80cnJrNTIuanBnIj48L2Rpdj48L3RhYmxlPjwvZGl2PjxkaXYgaWQ9ImdoNXNwYjIiPjx0YWJsZSBjZWxsc3BhY2luZz0iMTAiPjx0cj48dGQgaWQ9ImdoNXNwYzIiPjxkaXYgY2xhc3M9ImdoNXNwaW0iPjxpbWcgc3JjPSJjb29sYmVhbnMvY2FiaW5ldC80cnJrNTMuanBnIj48L2Rpdj48L3RhYmxlPjwvZGl2PjxkaXYgaWQ9ImdoNXNwYjMiPjx0YWJsZSBjZWxsc3BhY2luZz0iMTAiPjx0cj48dGQgaWQ9ImdoNXNwYzMiPjxkaXYgY2xhc3M9ImdoNXNwaW0iPjxpbWcgc3JjPSJjb29sYmVhbnMvY2FiaW5ldC80cnJrNTQuanBnIj48L2Rpdj48L3RhYmxlPjwvZGl2PjxkaXYgaWQ9ImdoNXNwYjQiPjx0YWJsZSBjZWxsc3BhY2luZz0iMTAiPjx0cj48dGQgaWQ9ImdoNXNwYzQiPjxkaXYgY2xhc3M9ImdoNXNwaW0iPjxpbWcgc3JjPSJjb29sYmVhbnMvY2FiaW5ldC80cnJrNTUuanBnIj48L2Rpdj48L3RhYmxlPjwvZGl2PjxkaXYgaWQ9ImdoNXNwYjUiPjx0YWJsZSBjZWxsc3BhY2luZz0iMTAiPjx0cj48dGQgaWQ9ImdoNXNwYzUiPjxkaXYgY2xhc3M9ImdoNXNwaW0iPjxpbWcgc3JjPSJjb29sYmVhbnMvY2FiaW5ldC80cnJrNWkuanBnIj48L2Rpdj48L3RhYmxlPjwvZGl2PjxkaXYgaWQ9ImdoNXNwYjYiPjx0YWJsZSBjZWxsc3BhY2luZz0iMTAiPjx0cj48dGQgaWQ9ImdoNXNwYzYiPjxkaXYgY2xhc3M9ImdoNXNwaW0iPjxpbWcgc3JjPSJjb29sYmVhbnMvY2FiaW5ldC80cnJrNTYuanBnIj48L2Rpdj48L3RhYmxlPjwvZGl2PjxkaXYgaWQ9ImdoNXNwYjciPjx0YWJsZSBjZWxsc3BhY2luZz0iMTAiPjx0cj48dGQgaWQ9ImdoNXNwYzciPjxkaXYgY2xhc3M9ImdoNXNwaW0iPjxpbWcgc3JjPSJjb29sYmVhbnMvY2FiaW5ldC80cnJrNTcuanBnIj48L2Rpdj48L3RhYmxlPjwvZGl2PjxkaXYgaWQ9ImdoNXNwYjgiPjx0YWJsZSBjZWxsc3BhY2luZz0iMTAiPjx0cj48dGQgaWQ9ImdoNXNwYzgiPjxkaXYgY2xhc3M9ImdoNXNwaW0iPjxpbWcgc3JjPSJjb29sYmVhbnMvY2FiaW5ldC80cnJrNTguanBnIj48L2Rpdj48L3RhYmxlPjwvZGl2PjwvZGl2PuOAkOWVhuWTgeaDheWgseOAkTxCUj4K4pag5ZWG5ZOB5ZCN77ya44Oo44Ks44OR44Oz44OEL+OCteODq+OCqOODq+ODkeODs+ODhDxCUj4K4pag57Sg5p2Q77ya44Os44O844Oo44OzIGV0YzxCUj4K4pag5YWoMjDoibLvvJrjg5bjg6njg4Pjgq8v44OW44Or44O8L+ODluODqeOCpuODsy/jg4Djg7zjgq/jg5bjg6vjg7wv44OA44O844Kv44OR44O844OX44OrL+OCsOODrOODvC/jg5vjg4Pjg4jjg5Tjg7Pjgq8v44Kq44Os44Oz44K4L+ODouOCueOCsOODquODvOODsy/jg43jgqTjg5Pjg7wv44ON44Kq44Oz44Kw44Oq44O844OzL+ODlOODs+OCry/jgr/jg7zjgrPjgqTjgrov44OQ44Kk44Kq44Os44OD44OIL+ODm+ODr+OCpOODiC/jg6/jgqTjg7Pjg6zjg4Pjg4kv44Kk44Ko44Ot44O8L+ODm+ODr+OCpOODiOOCsOODrOODvC/jg6njgqTjg4jjgrDjg6zjg7wv5q2q44Kw44Os44O8PEJSPgrilqDjgrXjgqTjgrrvvJrjg5Xjg6rjg7wo6IWw5bmFIOe0hDMwY23vvZ41MGNtIC8g6IKh5LiLIOe0hDQ2Y20pCjxCUj4K4pag6YeN44GV77yaMjkwZ+WJjeW+jDxCUj4KCjxCUj48QlI+PGZvbnQgY29sb3I9IiMwMDAwZmYiPgrjgI7jgrnjgr/jg4Pjg5XjgrPjg6Hjg7Pjg4jjgI88L2ZvbnQ+PEJSPuODhuODreODhuODree0oOadkOOBp+iCjOinpuOCiuOBjOiJr+OBj+ODq+ODvOODoOOCpuOCqOOCouOBqOOBl+OBpuOCguS9v+OBiOOBvuOBmeKZqjxCUj7jg53jgrHjg4Pjg4jjgYzku5jjgYTjgabjgovjga7jgafjgajjgaPjgabjgoLkvr/liKnjgafjgZnjgII8QlI+44GT44Gh44KJ44Gu5ZWG5ZOB44Gv55S35aWz5YW855So44Go44Gq44Gj44Gm44GE44G+44GZ44CCPEJSPjxCUj4KCjxmb250IHNpemU9IjMiPjxmb250IGNvbG9yPSIjRkYwMDAwIj7imIbjgrnjg53jg7zjg4Qv44Oo44Ks55So5ZOB4piFPC9mb250PjwvZm9udD48QlI+CgrjgrXjg6vjgqjjg6sv44Oo44Ks44OR44Oz44OE5YWl6I236Ie044GX44G+44GX44Gf77yBPEJSPgrkvLjnuK7mgKfjgYzjgYLjgorogozjgavlhKrjgZfjgYTnlJ/lnLDjgafjgIHjgobjgaPjgZ/jgorjgajkvb/nlKjjgZfjgabpoILjgZHjgb7jgZnimao8QlI+CuOBvuOBn+mAn+S5vuaAp+OAgeWQuOawtOaAp+OBq+OCguWEquOCjOOBpuOBhOOCi+OBruOBp+mBi+WLleaZguW/q+mBqeOBq+S9v+eUqOOBp+OBjeOBvuOBmeOAgjxCUj4K44Oo44Ks44CB44K544OI44Os44OD44OB44CB44Ko44Kv44K144K144Kk44K644Gq44Gp44Gr5pyA6YGp44Gq77yX5YiG5LiI44Gn44GZ44CCPEJSPjxCUj4K5q+b546J44KC5Ye65p2l44Gr44GP44GE44Gu44Gn44GU6Ieq5a6F44Gn57Ch5Y2Y44Gr5rSX5r+v5Ye65p2l44G+44GZ44CCPEJSPgrjg4bjg6zjg5PjgoRXaWlmaXTjgpLjgZfjgarjgYzjgonmpb3jgZfjgY/jg6jjgqzjgoTjgqjjgq/jgrXjgrXjgqTjgrrjgarjgpPjgabjganjgYbjgafjgZnjgYvimaoKPEJSPjxCUj4KCjxCUj7igLvliJ3jgoHjgabjga7mtJfmv6/jga7pmpvjga/oibLokL3jgaHjgavjgZTms6jmhI/kuIvjgZXjgYTjgII8QlI+4oC744GT44Gh44KJ44Gu5ZWG5ZOB44Gv44KG44GG44OR44Kx44OD44OI44Gu55m66YCB44Go44Gq44KK44G+44GZ44CCPEJSPgrjgYrmmYLplpPmjIflrprjgIHku6PlvJXjgY3nmbrpgIHjga/jgZTliKnnlKjpoILjgZHjgb7jgZvjgpPjgII8QlI+CuOChuOBhuODkeOCseODg+ODiOeZuumAgeOBruWVhuWTgeWIsOedgOOBr++8k+aXpeWJjeW+jOOBi+OBi+OCiuOBvuOBmSjlnLDln5/jgavjgojjgornlbDjgarjgorjgb7jgZkpPEJSPgrigLvku6PlvJXjgY3nmbrpgIHjgoTjgIHjgYrmmYLplpPmjIflrprjgpLjgZTluIzmnJvjga7jgYrlrqLmp5jjga/lroXmgKXkvr/jgpLjgZTliKnnlKjkuIvjgZXjgYQo5pyJ5paZKQoKPEJSPjxCUj4KPGZvbnQgc2l6ZT0iMyI+PGZvbnQgY29sb3I9IiNmZjAwZmYiPuKYhuW9k+OCt+ODp+ODg+ODl+OBruOCquOCueOCueODoeODkeODs+ODhO+8geKYhTwvZm9udD48L2ZvbnQ+CjxCUj48QlI+CuWkp+S6uuawl+ODqOOCrOODkeODs+ODhOOBq+OCv+OCpOODgOOCpOOCq+ODqeODvOOBjOaWsOeZu+WgtO+8ge+8gQoKPEJSPjxCUj4K5b2T44K344On44OD44OX44Gu44Ki44Op44K444Oz44Oo44Ks44OR44Oz44OE44GT44Gh44KJ44GL44KJ77yBCjxCUj4KPEJSPgrlvZPjgrfjg6fjg4Pjg5fjga7jg63jg7PjgrDkuIjjg6jjgqzjg5Hjg7Pjg4TjgZPjgaHjgonjgYvjgonvvIE8QlI+PEJSPgrlvZPjgrfjg6fjg4Pjg5fjga7jg6jjgqzjgrnjg53jg7zjg4Tjg5bjg6njga/jgZPjgaHjgonjgYvjgonvvIE8aW1nIHNyYz0iaHR0cHM6Ly9pbWFnZS5yYWt1dGVuLmNvLmpwL2Nvb2xiZWFucy9jYWJpbmV0LzA1MTk5Mjk0L2ltZ3JjMDA2NzExNzMxOS5qcGciPgo8YnI+CgoKCgoKPGltZyBzcmM9Imh0dHBzOi8vaW1hZ2UucmFrdXRlbi5jby5qcC9jb29sYmVhbnMvY2FiaW5ldC8wNTE5OTI5NC9pbWdyYzAwNjcxMDk0OTguanBnIj4KPGJyPg==,44Oo44Ks44OR44Oz44OEIOODrOODh+OCo+ODvOOCuSDjgrfjg6fjg7zjg4gg44K144Or44Ko44OrIOODm+ODg+ODiOODqOOCrCDnvo7ohJog44K544Od44O844OEIOOCouODqeOCuOODs+ODkeODs+ODhCDjg6rjg6njg4Pjgq/jgrnjgrjjg6Pjg7zjgrgg44Ko44Kv44K144K144Kk44K6IOODgOODs+OCuSDjg4jjg6zjg7zjg4vjg7PjgrAg44K444OgIOmAn+S5vuaApyDkvLjnuK7mgKcg44Ob44OD44OI44Oo44KsIOWupOWGheOCpuOCqOOCoiDvvJfliIbkuIgg44Od44Kx44OD44OI5LuYIDIw6Imy77yaY29vbCBiZWFucw==,44Ki44Km44OI44OJ44Ki6Ziy54G95Zyw6ZyH5a++562W44Oo44Ks44OV44Kh44OD44OI44ON44K55a+d6KKL44K344Ol44Op44OV44Oo44Ks44Km44Kn44Ki44Oo44Ks44OR44Oz44OE6LKh5biD44Kk44K/44Oq44Ki44Oz44Os44K244O844OR44Kk44K944Oz6JuH6Z2p44Op44Km44Oz44OJ44OV44Kh44K544OK44O855m75bGx44Oq44Ol44OD44Kv44Oe44Of44O85Z6L5bCB562S5Z6L57695q+b44Oo44Ks44OR44Oz44OEIOODrOODh+OCo+ODvOOCuSDjgrfjg6fjg7zjg4gg44K144Or44Ko44OrIOODm+ODg+ODiOODqOOCrCDnvo7ohJog44K544Od44O844OEIOOCouODqeOCuOODs+ODkeODs+ODhCDjg6rjg6njg4Pjgq/jgrnjgrjjg6Pjg7zjgrgg44Ko44Kv44K144K144Kk44K6IOODgOODs+OCuSDjg4jjg6zjg7zjg4vjg7PjgrAg44K444OgIOmAn+S5vuaApyDkvLjnuK7mgKcg44Ob44OD44OI44Oo44KsIOWupOWGheOCpuOCqOOCoiDvvJfliIbkuIgg44Od44Kx44OD44OI5LuYIDIw6Imy,44Oo44Ks44OR44Oz44OEIOODrOODh+OCo+ODvOOCuSDjgrfjg6fjg7zjg4gg44K144Or44Ko44OrIOODm+ODg+ODiOODqOOCrCDnvo7ohJog44K544Od44O844OEIOOCouODqeOCuOODs+ODkeODs+ODhCDjg6rjg6njg4Pjgq/jgrnjgrjjg6Pjg7zjgrgg44Ko44Kv44K144K144Kk44K6IOODgOODs+OCuSDjg4jjg6zjg7zjg4vjg7PjgrAg44K444OgIOmAn+S5vuaApyDkvLjnuK7mgKcg44Ob44OD44OI44Oo44KsIOWupOWGheOCpuOCqOOCoiDvvJfliIbkuIgg44Od44Kx44OD44OI5LuYIDIw6Imy[rn]
34-75286,aHR0cDovL3RzaG9wLnIxMHMuanAvY29vbGJlYW5zL2NhYmluZXQvMDQwMjIzNzAvMDUwNzAzMjgvaW1ncmMwMDY2NjcwMzI4LmpwZz9maXRpbj03MDA6NzAw,MTE4NC4wMDAw,,44K544Od44O844OE44O744Ki44Km44OI44OJ44KiID4g44Oo44Ks44O744OU44Op44OG44Kj44K5ID4g44Km44Kn44KiID4g44OR44Oz44OE,44Oo44Ks44OR44Oz44OEIOODrOODh+OCo+ODvOOCuSDjg63jg7PjgrAg44K144Or44Ko44Or44OR44Oz44OEIOe+juiEmiDjg6rjg6njg4Pjgq/jgrnjgrjjg6Pjg7zjgrgg44K544Od44O844OEIOOCouODqeOCuOODs+ODkeODs+ODhCDjgqjjgq/jgrXjgrXjgqTjgrog44OA44Oz44K5IOODmeODquODvOODgOODs+OCuSDjg4jjg6zjg7zjg4vjg7PjgrAg44K444OgIOmAn+S5vuaApyDkvLjnuK7mgKcg44Ob44OD44OI44Oo44KsIOWupOWGheOCpuOCqOOCog==,,PCEtLSBza2V0Y2hpZF9GMTAwMDAgLS0+PGRpdiBjbGFzcz0nZHk1c3B3cnAnPjxzdHlsZT48IS0tLmR5NXNwd3JwIGRpdiwuZHk1c3B3cnAgaW1nLC5keTVzcHdycCB0YWJsZSwuZHk1c3B3cnAgdHIsLmR5NXNwd3JwIHRke3dpZHRoOmF1dG87aGVpZ2h0OmF1dG87cGFkZGluZzowO21hcmdpbjowO292ZXJmbG93OmhpZGRlbn0uZHk1c3B3cnAgdGR7ZmxvYXQ6bm9uZSAhaW1wb3J0YW50fS5keTVzcHdycCwuZHk1c3B3cnAgZGl2LC5keTVzcHdycCBkaXYgaDMsLmR5NXNwd3JwIGRpdiBwe2Rpc3BsYXk6YmxvY2t9LmR5NXNwd3JwIGRpdiB0YWJsZXtkaXNwbGF5OnRhYmxlO3dpZHRoOmF1dG87aGVpZ2h0OmF1dG87cGFkZGluZzowO21hcmdpbjowO2JvcmRlci1zcGFjaW5nOjB9LmR5NXNwd3JwIGRpdiB0YWJsZSB0ciwuZHk1c3B3cnAgZGl2IHRhYmxlIHRib2R5IHRye2Rpc3BsYXk6dGFibGUtcm93fS5keTVzcHdycCBkaXYgdGFibGUgdHIgdGQsLmR5NXNwd3JwIGRpdiB0YWJsZSB0Ym9keSB0ciB0ZHtkaXNwbGF5OnRhYmxlLWNlbGw7ZmxvYXQ6bm9uZSAhaW1wb3J0YW50O3ZlcnRpY2FsLWFsaWduOnRvcH0uZHk1c3B3cnAgdGFibGUgdGFibGV7d2lkdGg6MTAwJX0uZHk1c3B3cnAsLmR5NXNwd3JwIHRoLC5keTVzcHdycCB0ZHtjb2xvcjojMDAwMDAwO2ZvbnQtc2l6ZToxNnB4ICFpbXBvcnRhbnQ7Zm9udC1mYW1pbHk6J+ODkuODqeOCruODjuinkuOCtCBQcm8gVzMnLCdIaXJhZ2lubyBLYWt1IEdvdGhpYyBQcm8nLOODoeOCpOODquOCqixNZWlyeW8sT3Nha2EsJ++8re+8syDvvLDjgrTjgrfjg4Pjgq8nLCdNUyBQR290aGljJyxzYW5zLXNlcmlmO3RleHQtYWxpZ246Y2VudGVyfS5keTVzcHdycCBkaXYgaDMsLmR5NXNwd3JwIGRpdiBwLC5keTVzcHdycCBzdHJvbmd7d29yZC13cmFwOmJyZWFrLXdvcmQ7d29yZC1icmVhazpicmVhay1hbGw7cGFkZGluZzowO21hcmdpbi10b3A6MC41ZW07bWFyZ2luLWJvdHRvbTowLjVlbTtsaW5lLWhlaWdodDoxLjQ7dGV4dC1hbGlnbjpsZWZ0O292ZXJmbG93OnZpc2libGV9LmR5NXNwd3JwIGRpdiBoMywuZHk1c3B3cnAgc3Ryb25ne2ZvbnQtc2l6ZToxMTclO30uZHk1c3BpbXt2ZXJ0aWNhbC1hbGlnbjp0b3B9LmR5NXNwd3JwIGRpdi5keTVzcGlte21hcmdpbi1sZWZ0OmF1dG87bWFyZ2luLXJpZ2h0OmF1dG87dGV4dC1hbGlnbjpjZW50ZXJ9LmR5NXNwd3JwIHAuZHk1c3BpbXt0ZXh0LWFsaWduOmNlbnRlcn0uZHk1c3B3cnAgZGl2IGltZywuZHk1c3B3cnAgZGl2IGEgaW1ne2JvcmRlcjpub25lO3ZlcnRpY2FsLWFsaWduOmJvdHRvbX0uZHk1c3B3cnAgZGl2LC5keTVzcHdycCB0YWJsZSB7aGVpZ2h0OmF1dG99LmR5NXNwd3JwIGRpdntvdmVyZmxvdzpoaWRkZW59LmR5NXNwd3JwIGRpdiBkaXZ7b3ZlcmZsb3c6dmlzaWJsZX0uZHk1c3B3cnAgPiBkaXY6YWZ0ZXIsLmR5NXNwd3JwID4gdGFibGU6YWZ0ZXIge2NvbnRlbnQ6IiI7ZGlzcGxheTpibG9jaztoZWlnaHQ6MDtjbGVhcjpib3RoO3Zpc2liaWxpdHk6aGlkZGVufS5keTVzcHdycHt3aWR0aDo3MTBweDtoZWlnaHQ6YXV0bztiYWNrZ3JvdW5kOiNmZmZmZmY7bWFyZ2luLWxlZnQ6YXV0bzttYXJnaW4tcmlnaHQ6YXV0bztwYWRkaW5nOjB9I2R5NXNwYjAsI2R5NXNwYjEsI2R5NXNwYjIsI2R5NXNwYjMsI2R5NXNwYjQsI2R5NXNwYjUsI2R5NXNwYjYsI2R5NXNwYjcsI2R5NXNwYjgsI2R5NXNwYjl7YmFja2dyb3VuZDp0cmFuc3BhcmVudDtwYWRkaW5nOjVweCAwfSNkeTVzcGIwIHRhYmxlLCNkeTVzcGIxIHRhYmxlLCNkeTVzcGIyIHRhYmxlLCNkeTVzcGIzIHRhYmxlLCNkeTVzcGI0IHRhYmxlLCNkeTVzcGI1IHRhYmxlLCNkeTVzcGI2IHRhYmxlLCNkeTVzcGI3IHRhYmxlLCNkeTVzcGI4IHRhYmxlLCNkeTVzcGI5IHRhYmxle2JvcmRlci1zcGFjaW5nOjEwcHg7bWFyZ2luOi0xMHB4O3dpZHRoOjczMHB4fSNkeTVzcGMwLCNkeTVzcGMxLCNkeTVzcGMyLCNkeTVzcGMzLCNkeTVzcGM0LCNkeTVzcGM1LCNkeTVzcGM2LCNkeTVzcGM3LCNkeTVzcGM4LCNkeTVzcGM5e3dpZHRoOjcxMHB4O2JhY2tncm91bmQ6dHJhbnNwYXJlbnQ7Ym9yZGVyOnNvbGlkICMwMDAwMDAgMDtwYWRkaW5nOjB9LmR5NXNwaW17d2lkdGg6MTAwJTtoZWlnaHQ6YXV0b30tLT48L3N0eWxlPjwhLS1baWYgZ3RlIElFIDYuMF0+PHN0eWxlPi5keTVzcHdycCwuZHk1c3B3cnAgZGl2LC5keTVzcHdycCBoMywuZHk1c3B3cnAgcCwuZHk1c3B3cnAgdGgsLmR5NXNwd3JwIHRke3pvb206MX0uZHk1c3B3cnAsLmR5NXNwd3JwIHRoLC5keTVzcHdycCB0ZHtmb250LXNpemU6MTZweCAhaW1wb3J0YW50fS5keTVzcHdycHt3aWR0aDo3MTBweH0jZHk1c3BjMCwjZHk1c3BjMSwjZHk1c3BjMiwjZHk1c3BjMywjZHk1c3BjNCwjZHk1c3BjNSwjZHk1c3BjNiwjZHk1c3BjNywjZHk1c3BjOCwjZHk1c3BjOXt3aWR0aDo3MTBweH08L3N0eWxlPjwhW2VuZGlmXS0tPjxkaXYgaWQ9ImR5NXNwYjAiPjx0YWJsZSBjZWxsc3BhY2luZz0iMTAiPjx0cj48dGQgaWQ9ImR5NXNwYzAiPjxkaXYgY2xhc3M9ImR5NXNwaW0iPjxpbWcgc3JjPSJjb29sYmVhbnMvY2FiaW5ldC8zMHJrNTEuanBnIj48L2Rpdj48L3RhYmxlPjwvZGl2PjxkaXYgaWQ9ImR5NXNwYjEiPjx0YWJsZSBjZWxsc3BhY2luZz0iMTAiPjx0cj48dGQgaWQ9ImR5NXNwYzEiPjxkaXYgY2xhc3M9ImR5NXNwaW0iPjxpbWcgc3JjPSJjb29sYmVhbnMvY2FiaW5ldC8zMHJrNTIuanBnIj48L2Rpdj48L3RhYmxlPjwvZGl2PjxkaXYgaWQ9ImR5NXNwYjIiPjx0YWJsZSBjZWxsc3BhY2luZz0iMTAiPjx0cj48dGQgaWQ9ImR5NXNwYzIiPjxkaXYgY2xhc3M9ImR5NXNwaW0iPjxpbWcgc3JjPSJjb29sYmVhbnMvY2FiaW5ldC8zMHJrNTMuanBnIj48L2Rpdj48L3RhYmxlPjwvZGl2PjxkaXYgaWQ9ImR5NXNwYjMiPjx0YWJsZSBjZWxsc3BhY2luZz0iMTAiPjx0cj48dGQgaWQ9ImR5NXNwYzMiPjxkaXYgY2xhc3M9ImR5NXNwaW0iPjxpbWcgc3JjPSJjb29sYmVhbnMvY2FiaW5ldC8zMHJrNWkuanBnIj48L2Rpdj48L3RhYmxlPjwvZGl2PjxkaXYgaWQ9ImR5NXNwYjQiPjx0YWJsZSBjZWxsc3BhY2luZz0iMTAiPjx0cj48dGQgaWQ9ImR5NXNwYzQiPjxkaXYgY2xhc3M9ImR5NXNwaW0iPjxpbWcgc3JjPSJjb29sYmVhbnMvY2FiaW5ldC8zMHJrNWsuanBnIj48L2Rpdj48L3RhYmxlPjwvZGl2PjxkaXYgaWQ9ImR5NXNwYjUiPjx0YWJsZSBjZWxsc3BhY2luZz0iMTAiPjx0cj48dGQgaWQ9ImR5NXNwYzUiPjxkaXYgY2xhc3M9ImR5NXNwaW0iPjxpbWcgc3JjPSJjb29sYmVhbnMvY2FiaW5ldC8zMHJrNTQuanBnIj48L2Rpdj48L3RhYmxlPjwvZGl2PjxkaXYgaWQ9ImR5NXNwYjYiPjx0YWJsZSBjZWxsc3BhY2luZz0iMTAiPjx0cj48dGQgaWQ9ImR5NXNwYzYiPjxkaXYgY2xhc3M9ImR5NXNwaW0iPjxpbWcgc3JjPSJjb29sYmVhbnMvY2FiaW5ldC8zMHJrNTUuanBnIj48L2Rpdj48L3RhYmxlPjwvZGl2PjxkaXYgaWQ9ImR5NXNwYjciPjx0YWJsZSBjZWxsc3BhY2luZz0iMTAiPjx0cj48dGQgaWQ9ImR5NXNwYzciPjxkaXYgY2xhc3M9ImR5NXNwaW0iPjxpbWcgc3JjPSJjb29sYmVhbnMvY2FiaW5ldC8zMHJrNTYuanBnIj48L2Rpdj48L3RhYmxlPjwvZGl2PjxkaXYgaWQ9ImR5NXNwYjgiPjx0YWJsZSBjZWxsc3BhY2luZz0iMTAiPjx0cj48dGQgaWQ9ImR5NXNwYzgiPjxkaXYgY2xhc3M9ImR5NXNwaW0iPjxpbWcgc3JjPSJjb29sYmVhbnMvY2FiaW5ldC8zMHJrNTcuanBnIj48L2Rpdj48L3RhYmxlPjwvZGl2PjxkaXYgaWQ9ImR5NXNwYjkiPjx0YWJsZSBjZWxsc3BhY2luZz0iMTAiPjx0cj48dGQgaWQ9ImR5NXNwYzkiPjxkaXYgY2xhc3M9ImR5NXNwaW0iPjxpbWcgc3JjPSJjb29sYmVhbnMvY2FiaW5ldC8zMHJrNTguanBnIj48L2Rpdj48L3RhYmxlPjwvZGl2PjwvZGl2PuOAkOWVhuWTgeaDheWgseOAkTxCUj4K4pag5ZWG5ZOB5ZCN77ya44Oo44Ks44OR44Oz44OEIOODreODs+OCsOS4iDxCUj4K4pag57Sg5p2Q77ya44Os44O844Oo44OzIGV0YzxCUj4K4pag6Imy77ya44OW44Op44OD44KvL+ODjeOCpOODk+ODvC/jg5Hjg7zjg5fjg6sv44Kw44Os44O8L+ODm+ODr+OCpOODiC/jg6/jgqTjg7Pjg6zjg4Pjg4kv44OW44Op44Km44OzL+atquOCsOODrOODvDxCUj4K4pag44K144Kk44K677ya44OV44Oq44O844K144Kk44K6KOe3j+S4iO+8mue0hDk2Y20gLyDjgqbjgqjjgrnjg4jvvJrntIQ2MO+9njkwY20gKSAv44Oi44OH44Or6Lqr6ZW3OjE2N2NtCjxCUj4KCgo8QlI+PEJSPjxmb250IGNvbG9yPSIjMDAwMGZmIj4K44CO44K544K/44OD44OV44Kz44Oh44Oz44OI44CPPC9mb250PjxCUj7jg4bjg63jg4bjg63ntKDmnZDjgafogozop6bjgorjgYzoia/jgY/oh6rlroXjgoTml4XlhYjjga7jg6vjg7zjg6DjgqbjgqjjgqLjgajjgZfjgabjgoLimao8QlI+44Od44Kx44OD44OI44GM5LuY44GE44Gm44KL44Gu44Gn44Go44Gj44Gm44KC5L6/5Yip44Gn44GZ44CCPEJSPuOBk+OBoeOCieOBruWVhuWTgeOBr+eUt+Wls+WFvOeUqOOBqOOBquOBo+OBpuOBhOOBvuOBmeOAgjxCUj48QlI+Cgo8Zm9udCBzaXplPSIzIj48Zm9udCBjb2xvcj0iI0ZGMDAwMCI+4piGTkVXIOODqOOCrOODkeODs+ODhOODreODs+OCsOKYhTwvZm9udD48L2ZvbnQ+PEJSPgoKTkVX44Ot44Oz44Kw5LiI44Oo44Ks44OR44Oz44OE5YWl6I236Ie044GX44G+44GX44Gf77yBPEJSPgrkvLjnuK7mgKfjgYzjgYLjgorogozjgavlhKrjgZfjgYTnlJ/lnLDjgafjgIHjgobjgaPjgZ/jgorjgajkvb/nlKjjgZfjgabpoILjgZHjgb7jgZnimao8QlI+CuOBvuOBn+mAn+S5vuaAp+OAgeWQuOawtOaAp+OBq+OCguWEquOCjOOBpuOBhOOCi+OBruOBp+mBi+WLleaZguW/q+mBqeOBq+S9v+eUqOOBp+OBjeOBvuOBmeOAgjxCUj4K56qu5bGI44GV44GM44Gq44GE44Gu44Gn44Oo44Ks44CB44K544OI44Os44OD44OB44Gq44Gp44Gr44KC5pyA6YGp44Gn44GZ44CCPEJSPjxCUj4K5q+b546J44KC5Ye65p2l44Gr44GP44GE44Gu44Gn44GU6Ieq5a6F44Gn57Ch5Y2Y44Gr5rSX5r+v5Ye65p2l44G+44GZ44CCPEJSPgrjg4bjg6zjg5PjgoRXaWlmaXTjgpLjgZfjgarjgYzjgonmpb3jgZfjgY/jg6jjgqzjgoTjgqjjgq/jgrXjgrXjgqTjgrrjgarjgpPjgabjganjgYbjgafjgZnjgYvimaoKPEJSPjxCUj4KCjxCUj7igLvliJ3jgoHjgabjga7mtJfmv6/jga7pmpvjga/oibLokL3jgaHjgavjgZTms6jmhI/kuIvjgZXjgYTjgII8QlI+4oC744GT44Gh44KJ44Gu5ZWG5ZOB44Gv44KG44GG44OR44Kx44OD44OI44Gu55m66YCB44Go44Gq44KK44G+44GZ44CCPEJSPgrjgYrmmYLplpPmjIflrprjgIHku6PlvJXjgY3nmbrpgIHjga/jgZTliKnnlKjpoILjgZHjgb7jgZvjgpPjgII8QlI+CuOChuOBhuODkeOCseODg+ODiOeZuumAgeOBruWVhuWTgeWIsOedgOOBr++8k+aXpeWJjeW+jOOBi+OBi+OCiuOBvuOBmSjlnLDln5/jgavjgojjgornlbDjgarjgorjgb7jgZkpPEJSPgrigLvku6PlvJXjgY3nmbrpgIHjgoTjgIHjgYrmmYLplpPmjIflrprjgpLjgZTluIzmnJvjga7jgYrlrqLmp5jjga/lroXmgKXkvr/jgpLjgZTliKnnlKjkuIvjgZXjgYQo5pyJ5paZKQoKPEJSPjxCUj4KPGZvbnQgc2l6ZT0iMyI+PGZvbnQgY29sb3I9IiNmZjAwZmYiPuKYhuOBlOS4gOe3kuOBq+OBqeOBhuOBp+OBmeOBiyE/77yB4piFPC9mb250PjwvZm9udD4KPEJSPgrlvZPjgrfjg6fjg4Pjg5fjga7jgqLjg6njgrjjg7Pjg6jjgqzjg5Hjg7Pjg4TjgZPjgaHjgonjgYvjgonvvIEKPEJSPgo8QlI+CuW9k+OCt+ODp+ODg+ODl+OBruODreODs+OCsOS4iOODqOOCrOODkeODs+ODhOOBk+OBoeOCieOBi+OCie+8gTxCUj48QlI+CuW9k+OCt+ODp+ODg+ODl+OBruODqOOCrOOCueODneODvOODhOODluODqeOBr+OBk+OBoeOCieOBi+OCie+8gTxpbWcgc3JjPSJodHRwczovL2ltYWdlLnJha3V0ZW4uY28uanAvY29vbGJlYW5zL2NhYmluZXQvMDUxOTkyOTQvaW1ncmMwMDY3MTE3MzE5LmpwZyI+Cjxicj4KCgoKCgo8aW1nIHNyYz0iaHR0cHM6Ly9pbWFnZS5yYWt1dGVuLmNvLmpwL2Nvb2xiZWFucy9jYWJpbmV0LzA1MTk5Mjk0L2ltZ3JjMDA2NzEwOTQ5OC5qcGciPgo8YnI+,44Oo44Ks44OR44Oz44OEIOODrOODh+OCo+ODvOOCuSDjg63jg7PjgrAg44K144Or44Ko44Or44OR44Oz44OEIOe+juiEmiDjg6rjg6njg4Pjgq/jgrnjgrjjg6Pjg7zjgrgg44K544Od44O844OEIOOCouODqeOCuOODs+ODkeODs+ODhCDjgqjjgq/jgrXjgrXjgqTjgrog44OA44Oz44K5IOODmeODquODvOODgOODs+OCuSDjg4jjg6zjg7zjg4vjg7PjgrAg44K444OgIOmAn+S5vuaApyDkvLjnuK7mgKcg44Ob44OD44OI44Oo44KsIOWupOWGheOCpuOCqOOCou+8mmNvb2wgYmVhbnM=,44Ki44Km44OI44OJ44Ki6Ziy54G95Zyw6ZyH5a++562W44Oo44Ks44OV44Kh44OD44OI44ON44K55a+d6KKL44K344Ol44Op44OV44Oo44Ks44Km44Kn44Ki44Oo44Ks44OR44Oz44OE6LKh5biD44Kk44K/44Oq44Ki44Oz44Os44K244O844OR44Kk44K944Oz6JuH6Z2p44Op44Km44Oz44OJ44OV44Kh44K544OK44O855m75bGx44Oq44Ol44OD44Kv44Oe44Of44O85Z6L5bCB562S5Z6L57695q+b44Oo44Ks44OR44Oz44OEIOODrOODh+OCo+ODvOOCuSDjg63jg7PjgrAg44K144Or44Ko44Or44OR44Oz44OEIOe+juiEmiDjg6rjg6njg4Pjgq/jgrnjgrjjg6Pjg7zjgrgg44K544Od44O844OEIOOCouODqeOCuOODs+ODkeODs+ODhCDjgqjjgq/jgrXjgrXjgqTjgrog44OA44Oz44K5IOODmeODquODvOODgOODs+OCuSDjg4jjg6zjg7zjg4vjg7PjgrAg44K444OgIOmAn+S5vuaApyDkvLjnuK7mgKcg44Ob44OD44OI44Oo44KsIOWupOWGheOCpuOCqOOCog==,44Oo44Ks44OR44Oz44OEIOODrOODh+OCo+ODvOOCuSDjg63jg7PjgrAg44K144Or44Ko44Or44OR44Oz44OEIOe+juiEmiDjg6rjg6njg4Pjgq/jgrnjgrjjg6Pjg7zjgrgg44K544Od44O844OEIOOCouODqeOCuOODs+ODkeODs+ODhCDjgqjjgq/jgrXjgrXjgqTjgrog44OA44Oz44K5IOODmeODquODvOODgOODs+OCuSDjg4jjg6zjg7zjg4vjg7PjgrAg44K444OgIOmAn+S5vuaApyDkvLjnuK7mgKcg44Ob44OD44OI44Oo44KsIOWupOWGheOCpuOCqOOCog==[rn]
34-75287,aHR0cDovL3RzaG9wLnIxMHMuanAvcGFuZXRvbmUvY2FiaW5ldC95b2dhL2JyMjgwOF90b3AuanBnP2ZpdGluPTcwMDo3MDA=,MTcyOC4wMDAw,,44K544Od44O844OE44O744Ki44Km44OI44OJ44KiID4g44Oo44Ks44O744OU44Op44OG44Kj44K5ID4g44Km44Kn44KiID4g44OR44Oz44OE,44CQ6YCB5paZ54Sh5paZIOOChuOBhuODkeOCseODg+ODiOOAkeODrOODh+OCo+ODvOOCuSDjg6jjgqzjg5Hjg7Pjg4Qg44K144Or44Ko44Or44OR44Oz44OEIOODqOOCrCDjg6jjgqzjgqbjgqfjgqIg44GL44KP44GE44GEIOODm+ODg+ODiOODqOOCrCDjg5Tjg6njg4bjgqPjgrkg44OV44Kj44OD44OI44ON44K5IOODgOODs+OCuSDjgobjgaPjgZ/jgoogR1lN44K144Or44Ko44Or44OR44Oz44OEIFtwMWluXQ==,44Oo44KsIOODqOOCrOOCpuOCp+OCoiDjgYvjgo/jgYTjgYQg44Oo44Ks44OR44Oz44OEIOODm+ODg+ODiOODqOOCrA==,PHN0eWxlIHR5cGU9InRleHQvY3NzIj4KdGFibGUjc3BlYyB7ICAgIGZvbnQtc2l6ZTogOTAlOwpsaW5lLWhlaWdodDoxNDAlOwp9Cjwvc3R5bGU+Cjx0YWJsZSB3aWR0aD0iNzAwIiBib3JkZXI9IjAiIGNlbGxzcGFjaW5nPSIwIiBjZWxscGFkZGluZz0iMCI+Cjx0cj4KPHRkPjxpbWcgc3JjPSJodHRwczovL2ltYWdlLnJha3V0ZW4uY28uanAvcGFuZXRvbmUvY2FiaW5ldC95b2dhL2JyMjgwOF90b3AuanBnIiBhbHQ9IiIgd2lkdGg9IjcwMCIgLz48L3RkPgo8L3RyPgo8dHI+Cjx0ZD4mbmJzcDs8L3RkPgo8L3RyPgo8dHI+Cjx0ZD48aW1nIHNyYz0iaHR0cHM6Ly9pbWFnZS5yYWt1dGVuLmNvLmpwL3BhbmV0b25lL2NhYmluZXQveW9nYS9icjI4MDhfMW0uanBnIiBhbHQ9IiIgd2lkdGg9IjcwMCIgLz48L3RkPgo8L3RyPgo8dHI+Cjx0ZD4mbmJzcDs8L3RkPgo8L3RyPgo8dHI+Cjx0ZD48aW1nIHNyYz0iaHR0cHM6Ly9pbWFnZS5yYWt1dGVuLmNvLmpwL3BhbmV0b25lL2NhYmluZXQveW9nYS9icjI4MDhfMjJfMDEuanBnIiBhbHQ9IiIgd2lkdGg9IjcwMCIgLz48L3RkPgo8L3RyPgo8dHI+Cjx0ZD4mbmJzcDs8L3RkPgo8L3RyPgo8dHI+Cjx0ZD48aW1nIHNyYz0iaHR0cHM6Ly9pbWFnZS5yYWt1dGVuLmNvLmpwL3BhbmV0b25lL2NhYmluZXQveW9nYS9icjI4MDhfMjUuanBnIiBhbHQ9IiIgd2lkdGg9IjcwMCIgLz48L3RkPgo8L3RyPgo8dHI+Cjx0ZD4mbmJzcDs8L3RkPgo8L3RyPgo8dHI+Cjx0ZD48aW1nIHNyYz0iaHR0cHM6Ly9pbWFnZS5yYWt1dGVuLmNvLmpwL3BhbmV0b25lL2NhYmluZXQveW9nYS9icjI4MDhfMjMuanBnIiBhbHQ9IiIgd2lkdGg9IjcwMCIgLz48L3RkPgo8L3RyPgo8dHI+Cjx0ZD4mbmJzcDs8L3RkPgo8L3RyPgo8dHI+Cjx0ZD48aW1nIHNyYz0iaHR0cHM6Ly9pbWFnZS5yYWt1dGVuLmNvLmpwL3BhbmV0b25lL2NhYmluZXQveW9nYS9icjI4MDhfMjQuanBnIiBhbHQ9IiIgd2lkdGg9IjcwMCIgLz48L3RkPgo8L3RyPgo8dHI+Cjx0ZD4mbmJzcDs8L3RkPgo8L3RyPgo8dHI+Cjx0ZD48aW1nIHNyYz0iaHR0cHM6Ly9pbWFnZS5yYWt1dGVuLmNvLmpwL3BhbmV0b25lL2NhYmluZXQveW9nYS9icjI4MDhfMTkuanBnIiBhbHQ9IiIgd2lkdGg9IjcwMCIgLz48L3RkPgo8L3RyPgo8dHI+Cjx0ZD4mbmJzcDs8L3RkPgo8L3RyPgo8dHI+Cjx0ZD48aW1nIHNyYz0iaHR0cHM6Ly9pbWFnZS5yYWt1dGVuLmNvLmpwL3BhbmV0b25lL2NhYmluZXQveW9nYS9icjI4MDhfMjBfMDEuanBnIiBhbHQ9IiIgd2lkdGg9IjcwMCIgLz48L3RkPgo8L3RyPgo8dHI+Cjx0ZD4mbmJzcDs8L3RkPgo8L3RyPgo8dHI+Cjx0ZD48aW1nIHNyYz0iaHR0cHM6Ly9pbWFnZS5yYWt1dGVuLmNvLmpwL3BhbmV0b25lL2NhYmluZXQveW9nYS9icjI4MDhfMjEuanBnIiBhbHQ9IiIgd2lkdGg9IjcwMCIgLz48L3RkPgo8L3RyPgo8dHI+Cjx0ZD4mbmJzcDs8L3RkPgo8L3RyPgo8dHI+Cjx0ZD48aW1nIHNyYz0iaHR0cHM6Ly9pbWFnZS5yYWt1dGVuLmNvLmpwL3BhbmV0b25lL2NhYmluZXQveW9nYS9icjI4MDhfMm0uanBnIiBhbHQ9IiIgd2lkdGg9IjcwMCIgLz48L3RkPgo8L3RyPgo8dHI+Cjx0ZD4mbmJzcDs8L3RkPgo8L3RyPgo8dHI+Cjx0ZD48aW1nIHNyYz0iaHR0cHM6Ly9pbWFnZS5yYWt1dGVuLmNvLmpwL3BhbmV0b25lL2NhYmluZXQveW9nYS9icjI4MDh0b3BfNW0uanBnIiBhbHQ9IiIgd2lkdGg9IjcwMCIgLz48L3RkPgo8L3RyPgo8dHI+Cjx0ZD4mbmJzcDs8L3RkPgo8L3RyPgo8dHI+Cjx0ZD48aW1nIHNyYz0iaHR0cHM6Ly9pbWFnZS5yYWt1dGVuLmNvLmpwL3BhbmV0b25lL2NhYmluZXQveW9nYS9icjI4MDhfM20uanBnIiBhbHQ9IiIgd2lkdGg9IjcwMCIgLz48L3RkPgo8L3RyPgo8dHI+Cjx0ZD4mbmJzcDs8L3RkPgo8L3RyPgo8dHI+Cjx0ZD48aW1nIHNyYz0iaHR0cHM6Ly9pbWFnZS5yYWt1dGVuLmNvLmpwL3BhbmV0b25lL2NhYmluZXQveW9nYS9icjI4MDhfNG0uanBnIiBhbHQ9IiIgd2lkdGg9IjcwMCIgLz48L3RkPgo8L3RyPgo8dHI+Cjx0ZD4mbmJzcDs8L3RkPgo8L3RyPgo8dHI+Cjx0ZD48aW1nIHNyYz0iaHR0cHM6Ly9pbWFnZS5yYWt1dGVuLmNvLmpwL3BhbmV0b25lL2NhYmluZXQveW9nYS9icjI4MDhfNW1fMDEuanBnIiB3aWR0aD0iNzAwIiAvPjwvdGQ+CjwvdHI+Cjx0cj4KPHRkPiZuYnNwOzwvdGQ+CjwvdHI+Cjx0cj4KPHRkPjxpbWcgc3JjPSJodHRwczovL2ltYWdlLnJha3V0ZW4uY28uanAvcGFuZXRvbmUvY2FiaW5ldC95b2dhL2JyMjgwOF8xMV8wMS5qcGciIGFsdD0iIiB3aWR0aD0iNzAwIiAvPjwvdGQ+CjwvdHI+Cjx0cj4KPHRkPiZuYnNwOzwvdGQ+CjwvdHI+Cjx0cj4KPHRkPjxpbWcgc3JjPSJodHRwczovL2ltYWdlLnJha3V0ZW4uY28uanAvcGFuZXRvbmUvY2FiaW5ldC95b2dhL2JyMjgwOF8zXzAyLmpwZyIgd2lkdGg9IjcwMCIgLz48L3RkPgo8L3RyPgo8dHI+Cjx0ZD4mbmJzcDs8L3RkPgo8L3RyPgo8dHI+Cjx0ZD48aW1nIHNyYz0iaHR0cHM6Ly9pbWFnZS5yYWt1dGVuLmNvLmpwL3BhbmV0b25lL2NhYmluZXQveW9nYS9icjI4MDhfNF8wMS5qcGciIHdpZHRoPSI3MDAiIC8+PC90ZD4KPC90cj4KPHRyPgo8dGQ+Jm5ic3A7PC90ZD4KPC90cj4KPHRyPgo8dGQ+PGltZyBzcmM9Imh0dHBzOi8vaW1hZ2UucmFrdXRlbi5jby5qcC9wYW5ldG9uZS9jYWJpbmV0L3lvZ2EvYnIyODA4XzEwXzAxLmpwZyIgYWx0PSIiIHdpZHRoPSI3MDAiIC8+PC90ZD4KPC90cj4KPHRyPgo8dGQ+Jm5ic3A7PC90ZD4KPC90cj4KPHRyPgo8dGQ+PGltZyBzcmM9Imh0dHBzOi8vaW1hZ2UucmFrdXRlbi5jby5qcC9wYW5ldG9uZS9jYWJpbmV0L3lvZ2EvYnIyODA4XzVfMDEuanBnIiBhbHQ9IiIgd2lkdGg9IjcwMCIgLz48L3RkPgo8L3RyPgo8dHI+Cjx0ZD4mbmJzcDs8L3RkPgo8L3RyPgo8dHI+Cjx0ZD48aW1nIHNyYz0iaHR0cHM6Ly9pbWFnZS5yYWt1dGVuLmNvLmpwL3BhbmV0b25lL2NhYmluZXQveW9nYS9icjI4MDhfNi5qcGciIHdpZHRoPSI3MDAiIC8+PC90ZD4KPC90cj4KPHRyPgo8dGQ+Jm5ic3A7PC90ZD4KPC90cj4KPHRyPgo8dGQ+PGltZyBzcmM9Imh0dHBzOi8vaW1hZ2UucmFrdXRlbi5jby5qcC9wYW5ldG9uZS9jYWJpbmV0L3lvZ2EvYnIyODA4XzcuanBnIiBhbHQ9IiIgd2lkdGg9IjcwMCIgLz48L3RkPgo8L3RyPgo8dHI+Cjx0ZD4mbmJzcDs8L3RkPgo8L3RyPgo8dHI+Cjx0ZD48aW1nIHNyYz0iaHR0cHM6Ly9pbWFnZS5yYWt1dGVuLmNvLmpwL3BhbmV0b25lL2NhYmluZXQveW9nYS9icjI4MDhfOC5qcGciIHdpZHRoPSI3MDAiIC8+PC90ZD4KPC90cj4KPHRyPgo8dGQ+Jm5ic3A7PC90ZD4KPC90cj4KPC90YWJsZT4KPHRhYmxlIHdpZHRoPSI3MDAiIGJvcmRlcj0iMCIgY2VsbHNwYWNpbmc9IjAiIGNlbGxwYWRkaW5nPSIwIj4KPHRyPgo8dGQgYmdjb2xvcj0iI0NDQ0NDQyI+PHRhYmxlIGlkPSJzcGVjIiB3aWR0aD0iNzAwIiBjZWxscGFkZGluZz0iOCIgY2VsbHNwYWNpbmc9IjEiPgo8dHI+Cjx0ZCB3aWR0aD0iMTAwIiBhbGlnbj0iY2VudGVyIiB2YWxpZ249Im1pZGRsZSIgYmdjb2xvcj0iI0YwRjBGMCI+44K144Kk44K6PC90ZD4KPHRkIHdpZHRoPSI2MDAiIGJnY29sb3I9IiNGRkZGRkYiPjxwPk3vvZ5MPGJyPgrjgqbjgqjjgrnjg4jluYXvvJrntIQ2NO+9njc3Y23jgIAg6IKh5LiK77ya57SENDBjbeOAgOe3j+S4iO+8mue0hDgyY208YnI+CuKAu+W5s+e9ruOBjeaOoeWvuOOBp+OBmTwvcD48L3RkPgo8L3RyPgo8dHI+Cjx0ZCBhbGlnbj0iY2VudGVyIiB2YWxpZ249Im1pZGRsZSIgYmdjb2xvcj0iI0YwRjBGMCI+44Kr44Op44O8PC90ZD4KPHRkIGJnY29sb3I9IiNGRkZGRkYiPuOCouODs+ODhuOCo+ODvOOCr0bjg5Tjg7Pjgq/jgIHjgqLjg7Pjg4bjgqPjg7zjgq9G44ON44Kk44OT44O844CB44Oc44K/44OL44Kr44Or44OW44Op44OD44Kv44CB44Oa44Kk44K644Oq44O844OR44O844OX44Or44CB44OI44Ot44OU44Kr44Or44Oq44O844OV44OW44Op44OD44Kv44CB44OI44Ot44OU44Kr44Or44Oq44O844OV44OW44Or44O844CB44Ki44O844OIRuODluODqeODg+OCr+OAgeODmuOCpOOCuuODquODvOODkOOCpOOCquODrOODg+ODiOOAgeODiOODreODlOOCq+ODq+ODquODvOODleODjeOCpOODk+ODvOOAgeOCpuOCqeODvOOCv+ODvOODquODg+ODl+ODq+OAgeOCouOCtuODrOOCouODm+ODr+OCpOODiOOAgeOCpuOCqeODvOOCv+ODvOOCq+ODqeODvEbjg5Tjg7Pjgq/jgIHjgqbjgqnjg7zjgr/jg7zjgqvjg6njg7xG44Kk44Ko44Ot44O844CB44OQ44Kk44Kv44Ot44O844Og44ON44Kk44OT44O844CB44OQ44Kk44Kv44Ot44O844Og44OU44Oz44Kv44CB44Ki44Op44OZ44K544Kv44Ob44Ov44Kk44OI44CB5ZC45rGX6Lu96YeP44OW44Op44OD44Kv44CB5ZC45rGX6Lu96YeP44ON44Kk44OT44O844CB5ZC45rGX6Lu96YeP44OA44O844Kv44Kw44Os44O844CB5ZC45rGX6Lu96YeP44Kr44O844KtPGJyPgrigLvvvIjnibnjgavlpKfjgY3jgarmn4Tjga7llYblk4Hjga/vvInoo4Hmlq3pg6jliIbjgavjgojjgaPjgabmn4Tjga7opovjgYjmlrnjgYznlbDjgarjgorjgb7jgZk8YnI+CuKAu+eUn+WcsOOBrueJueaAp+S4iuOAgeODqeODs+ODgOODoOOBq+iWhOOBj+aoque3muOBjOWFpeOBo+OBpuOBiuOCiuOBvuOBmeOAgiA8YnI+CuKAu+WkmuWwkemAj+OBkeaEn+OBjOOBguOCiuOBvuOBmTwvdGQ+CjwvdHI+Cjx0cj4KPHRkIGFsaWduPSJjZW50ZXIiIHZhbGlnbj0ibWlkZGxlIiBiZ2NvbG9yPSIjRjBGMEYwIj7ntKDmnZA8L3RkPgo8dGQgYmdjb2xvcj0iI0ZGRkZGRiI+44Od44Oq44Ko44K544OG44OrOTXvvIUg44Od44Oq44Km44Os44K/44OzNe+8he+8iOWQuOaxl+OCueODiOODrOODg+ODge+8iTxicj4K5YiH5pu/6YOo5YiG44CA44Os44O844Oo44OzOTAlIOODneODquOCpuODrOOCv+ODszEwJTwvdGQ+CjwvdHI+Cjx0cj4KPHRkIGFsaWduPSJjZW50ZXIiIHZhbGlnbj0ibWlkZGxlIiBiZ2NvbG9yPSIjRjBGMEYwIj7kvLjnuK7mgKc8L3RkPgo8dGQgYmdjb2xvcj0iI0ZGRkZGRiI+44GC44KKPC90ZD4KPC90cj4KPHRyPgo8dGQgYWxpZ249ImNlbnRlciIgdmFsaWduPSJtaWRkbGUiIGJnY29sb3I9IiNGMEYwRjAiPueUn+eUo+WbvTwvdGQ+Cjx0ZCBiZ2NvbG9yPSIjRkZGRkZGIj7kuK3lm73oo73vvIjkvIHnlLvjg7vjg4fjgrbjgqTjg7Pjga/ml6XmnKzvvIk8L3RkPgo8L3RyPgo8dHI+Cjx0ZCBhbGlnbj0iY2VudGVyIiB2YWxpZ249Im1pZGRsZSIgYmdjb2xvcj0iI0YwRjBGMCI+44K544K/44OD44OV44GuPGJyIC8+CuOCs+ODoeODs+ODiDwvdGQ+Cjx0ZCBiZ2NvbG9yPSIjRkZGRkZGIj7jgr/jg4Pjgq3jg7zjgrnjgr/jgqTjg6vjgYzjg4jjg6zjg7Pjg4njga7ku4rjgIHjg6jjgqzjga7otoXlrprnlarjgqLjgqTjg4bjg6DjgIHjgrXjg6vjgqjjg6vjgoLmn4Tjgr/jgqTjg5fjgYzml6zvvIHjg4rjg4Hjg6Xjg6njg6vmn4Tjga7jg5fjg6rjg7Pjg4jjgrXjg6vjgqjjg6vjga/jgIHjgajjgaPjgabjgoLnnYDjgZPjgarjgZfjgavlj5bjgorlhaXjgozjgoTjgZnjgYTvvIE8YnI+CuWkquOCguOCgumDqOWIhuOBjOOChuOBo+OBn+OCiuOBl+OBpuOBhOOCi+OBruOBp+OAgeS9k+ezu+OCq+ODkOODvOOCguODkOODg+ODgeODquKYhjxicj4K6LaF6Lu96YeP44Gu5ZC45rGX44OJ44Op44Kk57Sg5p2Q44Gn44CB44Oo44Ks44O744OV44Kj44OD44OI44ON44K544KC5b+r6YGp44Gr44GK5qW944GX44G/44GE44Gf44Gg44GR44G+44GZ44CCPC90ZD4KPC90cj4KPHRyPgo8dGQgYWxpZ249ImNlbnRlciIgdmFsaWduPSJtaWRkbGUiIGJnY29sb3I9IiNGMEYwRjAiPuazqOaEj+eCuTwvdGQ+Cjx0ZCBiZ2NvbG9yPSIjRkZGRkZGIj7il4boibLlkIjjgYTjga/jg6Ljg4vjgr/jg7znkrDlooPjgavjgojjgoroi6XlubLjga7oqqTlt67jgYzlh7rjgb7jgZnjgII8YnIgLz4K4peG44K144Kk44K66KGo6KiY44Gv5omL5L2c5qWt44Gr44Gm6KGM44Gj44Gm44GK44KK44G+44GZ44Gu44Gn44CBIOWun+eJqeOBqOiLpeW5suOBruiqpOW3ruOBjOeUn+OBmOOCi+WgtOWQiOOBjOOBguOCiuOBvuOBmeOAgjxiciAvPgril4bjgr/jg7Pjg5bjg6njg7zvvIjlm57ou6LlvI/kub7nh6XmqZ/vvInjga7jgZTkvb/nlKjjga/jgYrpgb/jgZHkuIvjgZXjgYTjgII8YnIgLz4K4peG6Imy44Gu6YGV44GG54mp44Go5LiA57eS44Gr44Gk44GR572u44GN44KE5rSX5r+v44KS44GX44Gq44GE44Gn5LiL44GV44GE44CCPGJyIC8+CuKXhua8gueZveWJpOOBruS9v+eUqOOBr+OBiumBv+OBkeS4i+OBleOBhDxiciAvPgril4bjgYrmtJfmv6/jga7pmpvjga/llYblk4Hjga7jgr/jgrDjgaflk4Hos6rooajnpLrjgpLnorroqo3jgZfjgabpoILjgY3jgIHjgYrmiYvlhaXjgozjgZfjgabpoILjgY3jgb7jgZnjgojjgYbjgYrpoZjjgYToh7TjgZfjgb7jgZnjgII8YnIgLz4K4peG5b2T5ZWG5ZOB44Gv5qmf5qKw44Gr44KI44KL55Sf55Sj44Gu6YGO56iL5LiK44CB44Gp44GG44GX44Gm44KC44CM55Sf5Zyw44KS57mU44KL6Zqb44Gu57O444Gu57aZ44GO55uu44CN44KE5aSa5bCR44Gu44CM44G744Gk44KM44CN44CB55Sf5Zyw44Gu57mU44KK44Gr5LuW57mK57at44GM44CM5re357Sh44CN44GX44Gm44GE44KL44Gq44Gp44GM55Sf44GY44Gm44GE44KL5aC05ZCI44GM44GU44GW44GE44G+44GZ44GM44CB5ZOB6LOq5LiK44Gu5ZWP6aGM44Gn44Gv44GU44GW44GE44G+44Gb44KT44CCPC90ZD4KPC90cj4KPC90YWJsZT48L3RkPgo8L3RyPgo8L3RhYmxlPgo8IS0tIOOCq+ODhuOCtOODquODvOODiuODkyAtLT4KPCEtLeOCueODneODvOODhOWbnumBiumWi+WniyAtLT4gCjx0YWJsZSB3aWR0aD0iNzEwIiBib3JkZXI9IjAiIGNlbGxzcGFjaW5nPSIwIiBjZWxscGFkZGluZz0iMCI+Cjx0cj4KPHRkPjxpZnJhbWUgc3JjPSJodHRwczovL3d3dy5yYWt1dGVuLm5lLmpwL2dvbGQvcGFuZXRvbmUvcl9rYWl5dXVfc3BvcnRzLmh0bWwiIHdpZHRoPSI3MDAiIGhlaWdodD0iMTI1MCIgc2Nyb2xsaW5nPSJubyIgbWFyZ2lud2lkdGg9IjAiIGZyYW1lYm9yZGVyPSIwIj48L2lmcmFtZT48L3RkPgo8L3RyPgo8L3RhYmxlPgo8IS0t44K544Od44O844OE5Zue6YGK57WC5LqGIC0tPiA8YnI+CjxpbWcgc3JjPSJodHRwczovL2ltYWdlLnJha3V0ZW4uY28uanAvcGFuZXRvbmUvY2FiaW5ldC9ibl9jcF9wb3N0YWdlMS5qcGciIGFsdD0iIj48YnI+CjxpbWcgc3JjPSJodHRwczovL2ltYWdlLnJha3V0ZW4uY28uanAvcGFuZXRvbmUvY2FiaW5ldC9ibl9jYXJ0X2tva3VjaGkuanBnIj48YnI+PGJyPgo8Zm9udCBjb2xvcj0iI0ZGMDAwMCI+4oC75Y2z5pel55m66YCB77yI5Zyf5pel56Wd6Zmk44GP77yJPC9mb250Pg==,44CQ6YCB5paZ54Sh5paZIOOChuOBhuODkeOCseODg+ODiOOAkeODrOODh+OCo+ODvOOCuSDjg6jjgqzjg5Hjg7Pjg4Qg44K144Or44Ko44Or44OR44Oz44OEIOODqOOCrCDjg6jjgqzjgqbjgqfjgqIg44GL44KP44GE44GEIOODm+ODg+ODiOODqOOCrCDjg5Tjg6njg4bjgqPjgrkg44OV44Kj44OD44OI44ON44K5IOODgOODs+OCuSDjgobjgaPjgZ/jgoogR1lN44K144Or44Ko44Or44OR44Oz44OEIFtwMWluXe+8muODkeODjeODg+ODiOODr+ODs3BhbmXvvIh077yJb25l,44CQ6YCB5paZ54Sh5paZIOOChuOBhuODkeOCseODg+ODiOOAkeODrOODh+OCo+ODvOOCuSDjg6jjgqzjg5Hjg7Pjg4Qg44K144Or44Ko44Or44OR44Oz44OEIOODqOOCrCDjg6jjgqzjgqbjgqfjgqIg44GL44KP44GE44GEIOODm+ODg+ODiOODqOOCrCDjg5Tjg6njg4bjgqPjgrkg44OV44Kj44OD44OI44ON44K5IOODgOODs+OCuSDjgobjgaPjgZ/jgoogR1lN44K144Or44Ko44Or44OR44Oz44OEIFtwMWluXQ==,44Oo44KsIOODqOOCrOOCpuOCp+OCoiDjgYvjgo/jgYTjgYQg44Oo44Ks44OR44Oz44OEIOODm+ODg+ODiOODqOOCrOOAguOAkOmAgeaWmeeEoeaWmSDjgobjgYbjg5HjgrHjg4Pjg4jjgJHjg6zjg4fjgqPjg7zjgrkg44Oo44Ks44OR44Oz44OEIOOCteODq+OCqOODq+ODkeODs+ODhCDjg6jjgqwg44Oo44Ks44Km44Kn44KiIOOBi+OCj+OBhOOBhCDjg5vjg4Pjg4jjg6jjgqwg44OU44Op44OG44Kj44K5IOODleOCo+ODg+ODiOODjeOCuSDjg4Djg7Pjgrkg44KG44Gj44Gf44KKIEdZTeOCteODq+OCqOODq+ODkeODs+ODhCBbcDFpbl0=[rn]
34-75288,aHR0cDovL3RzaG9wLnIxMHMuanAvcmFiaWU4OS9jYWJpbmV0L3RzMDNzcDE2ZGVjL2ltZ3JjMDA2OTQzNDQ3NS5qcGc/Zml0aW49NzAwOjcwMA==,MjM4NC4wMDAw,,44K544Od44O844OE44O744Ki44Km44OI44OJ44KiID4g44Oo44Ks44O744OU44Op44OG44Kj44K5ID4g44Km44Kn44KiID4g44OR44Oz44OE,44CQ6YCB5paZ54Sh5paZ44CR44K544Od44O844OE44Km44Kn44KiIDPngrnjgrvjg4Pjg4gg44Os44OH44Kj44O844K5IOS4iuS4i+OCu+ODg+ODiOOAgOODiOODg+ODl+OCueOAgOOCueODneODvOODhOOCs+ODvOODiOOAgOODqOOCrOOAgOS4gOS9k+Wei+ODrOOCruODs+OCuSDjgrnjg53jg7zjg4Tjg5bjg6kg44Op44Oz44OL44Oz44Kw44Km44Kn44Ki44CA5ZC45rGX6YCf5Lm+IOmAmuawl+aAp+aKnOe+pOOAgOS9k+Wei+OCq+ODkOODvOOAgOOCueOCpOODoOOCpuOCp+OCog==,6ZW36KKWL+S9k+Wei+OCq+ODkOODvC/jg6zjgq7jg7Pjgrnku5jjgY0v44K544Od44O844OE44OW44Op,PGRpdiBzdHlsZT0ibWFyZ2luLWxlZnQ6MjAwcHg7Ij48aWZyYW1lIHNyYz0iaHR0cHM6Ly93d3cucmFrdXRlbi5uZS5qcC9nb2xkL3JhYmllODkvaW5kZXgxX3RzMDNzcDE2ZGVjMDEvaW5kZXhfMS5odG1sIiB3aWR0aD0iNjUwIiBoZWlnaHQ9IjcwMTAiIG1hcmdpbmhlaWdodD0iMCIgbWFyZ2lud2lkdGg9IjAiIGZyYW1lYm9yZGVyPSIwIiBzY3JvbGxpbmc9Im5vIj48L2lmcmFtZT48L2Rpdj7jgJDllYblk4HoqbPntLDjgJE8YnI+CuOCs+ODvOODiO+8muedgOS4iOOAgOODkOOCueODiOOAgOOCpuOCqOOCueODiOOAgOijvjxicj4KIFMoQ00pOiA1OSAgICA3MiAgICAgICA3MiAgICAgIDcyPGJyPgogTShDTSk6IDYxICAgIDc3ICAgICAgIDc3ICAgICAgNzc8YnI+CiBMKENNKTogNjMgICAgODIgICAgICAgODIgICAgICA4Mjxicj4KPGJyPgrjg5Hjg7Pjg4TvvJrjg5Hjg7Pjg4TkuIggIOOCpuOCqOOCueODiCAg44OS44OD44OXPGJyPgogUyhDTSk6ICA3OSAgICAgICA2MiAgICAgICA4MCAgIDxicj4KIE0oQ00pOiAgODEgICAgICAgNjUgICAgICAgODQ8YnI+CiBMKENNKTogIDg1ICAgICAgIDcwICAgICAgIDkyPGJyPgo8YnI+CuOCueODneODvOODhOODluODqe+8miDjgqrjgrnjgrnjg6Hjgqvjg4Pjg5c8YnI+CiBT77yaNjVBIDY1QiA2NUMgNzBBIDcwQiA3MEMgNzVBPGJyPgogTTogNzVCIDc1QyA4MEEgODBCIDgwQyA4MEQ8YnI+CiBMOiA4NUEgODVCIDg1QyA4NUQgOTBBIDkwQiA5MEM8YnI+Cjxicj4K44Kz44O844OI77yaPGJyPgrntKDmnZDvvJog44Od44Oq44Ko44K544OG44OrMzPvvIXjgIDjg53jg6rjgqbjg6zjgr/jg7My77yF44CA44OK44Kk44Ot44OzNjXvvIU8YnI+CuOCq+ODqeODvO+8muOCsOODrOODvOOAgOODreODvOOCuuOAgOODluODq+ODvOOAgOOCsOODquODvOODs+OAgOODkeODvOODl+ODqzxicj4K55Sf55Sj5Zu977yaIOS4reWbveijvTxicj4K44K144Kk44K677yaUy9NL0w8YnI+CuODneOCseODg+ODiO+8muOBguOCijxicj4K5Ly457iu5oCn77ya44GC44KKPGJyPgrljprjgZXvvJrmma7pgJo8YnI+Cjxicj4K44OR44Oz44OE77yaPGJyPgrntKDmnZDvvJog44Od44Oq44Ko44K544OG44OrOTLvvIXjgIDjg53jg6rjgqbjg6zjgr/jg7M477yF44CAPGJyPgrnlJ/nlKPlm73vvJog5Lit5Zu96KO9PGJyPgrjgrXjgqTjgrrvvJpTL00vTDxicj4K5Ly457iu5oCn77ya44GC44KKPGJyPgo8YnI+CuOCueODneODvOODhOODluODqe+8mjxicj4K57Sg5p2Q77yaIOODneODquOCqOOCueODhuODqzkw77yF44CA44Od44Oq44Km44Os44K/44OzMTDvvIXjgIA8YnI+CueUn+eUo+Wbve+8miDkuK3lm73oo708YnI+CuOCteOCpOOCuu+8mlMvTS9MPGJyPgrkvLjnuK7mgKfvvJrjgYLjgoo8YnI+CuWOmuOBle+8muaZrumAmjxicj4KPGJyPgrjgJDjgZTms6jmhI/jgJE8YnI+CuKXj+a/g+iJsuOBrueUn+WcsOOCkuOBl+OBn+ijveWTgeOBrueJueaAp+S4iuOAgeiJsuiQveOBoeOBmeOCi+WgtOWQiOOBjOOBguOCiuOBvuOBmeOAgjxicj4K4peP44GU5L2/55So5YmN44Gv552A55So5YmN44Gr5b+F44Ga5Y2Y54us44Gn5pWw5Zue5rC05rSX44GE44KS44GX44Gm44GP44Gg44GV44GE44CC5pWw5Zue56iL5bqm44CB6Imy6JC944Gh44GZ44KL5Y+v6IO95oCn44GM44GC44KK44G+44GZ44Gu44Gn44CB5LuW44Gu6KO95ZOB44Go5LiA57eS44Gr5rSX44KP44Gq44GE44KI44GG44Gr44GX44Gm44GP44Gg44GV44GE44CCPGJyPgrjgZPjga7kvb/nlKjliY3jgqzjgqTjg4njgavlvpPjgo/jgZrku5boo73lk4HjgavoibLnp7vjgorjgZfjgZ/pmpvjga7osqzku7vjga/osqDjgYTjgYvjga3jgb7jgZnjgILjgZTkuobmib/jgY/jgaDjgZXjgYTjgb7jgZvjgII8YnI+CuKXj+edgOeUqOW+jOOAgea/oeOCjOOBn+OBvuOBvuS7luOBrueJqeOBqOWQjOOBmOODk+ODi+ODvOODq+etieOBq+WFpeOCjOmVt+aZgumWk+aUvue9ruOBl+OBvuOBmeOBqOOAgeS7luOBruijveWTgeOBq+iJsuenu+OCiuOBmeOCi+OBk+OBqOOBjOOBguOCiuOBvuOBmeOBruOBp+OAgeOBlOazqOaEj+OBj+OBoOOBleOBhOOAgjxicj4K4peP44K/44Oz44OW44Or5Lm+54el77yI5Lm+54el5qmf77yJ44Gv44GK6YG/44GR5LiL44GV44GE44CCPGJyPgril4/jgqbjgqnjg7zjgr/jg7zjgrnjg6njgqTjg4Djg7zvvIjmu5Hjgorlj7DvvInjga/mu5HjgovjgajjgY3jga7mkanmk6bnhrHjgafnlJ/lnLDjgpLlgrfjgoHjgb7jgZnjgII8YnI+,44CQ6YCB5paZ54Sh5paZ44CR44K544Od44O844OE44Km44Kn44KiIDPngrnjgrvjg4Pjg4gg44Os44OH44Kj44O844K5IOS4iuS4i+OCu+ODg+ODiOOAgOODiOODg+ODl+OCueOAgOOCueODneODvOODhOOCs+ODvOODiOOAgOODqOOCrOOAgOS4gOS9k+Wei+ODrOOCruODs+OCuSDjgrnjg53jg7zjg4Tjg5bjg6kg44Op44Oz44OL44Oz44Kw44Km44Kn44Ki44CA5ZC45rGX6YCf5Lm+IOmAmuawl+aAp+aKnOe+pOOAgOS9k+Wei+OCq+ODkOODvOOAgOOCueOCpOODoOOCpuOCp+OCou+8muODqeODk+OCqA==,6KOc5q2j5LiL552A44O744Ks44O844OJ44Or44OW44Op44OW44Op44K744OD44OI44O7My8044OV44Or44Kr44OD44OX5o6I5Lmz44OW44Op44Oc44OH44Kj44K344Kn44Kk44OR44O844Km44Kn44K544OI44OL44OD44OR44OW44Op44K444Oj44O86aqo55uk44Ks44O844OJ44Or6IKM552A44Km44Ko44K544OI44K344Kn44Kk44OR44O844Kz44Or44K744OD44OI5aSn44GN44GE44K144Kk44K644OW44Op44K744OD44OI44Oc44OH44Kj44K544O844OE44Kk44Oz44OK44O844OQ44K544OI44Ki44OD44OX44K344Kn44Kk44OR44O844Oc44OH44Kj44Km44Kn44Ki44OP44Kk44Km44Ko44K544OI5byV44GN57eg44KB44CQ6YCB5paZ54Sh5paZ44CR44K544Od44O844OE44Km44Kn44KiIDPngrnjgrvjg4Pjg4gg44Os44OH44Kj44O844K5IOS4iuS4i+OCu+ODg+ODiOOAgOODiOODg+ODl+OCueOAgOOCueODneODvOODhOOCs+ODvOODiOOAgOODqOOCrOOAgOS4gOS9k+Wei+ODrOOCruODs+OCuSDjgrnjg53jg7zjg4Tjg5bjg6kg44Op44Oz44OL44Oz44Kw44Km44Kn44Ki44CA5ZC45rGX6YCf5Lm+IOmAmuawl+aAp+aKnOe+pOOAgOS9k+Wei+OCq+ODkOODvOOAgOOCueOCpOODoOOCpuOCp+OCog==,6ZW36KKWL+S9k+Wei+OCq+ODkOODvC/jg6zjgq7jg7Pjgrnku5jjgY0v44K544Od44O844OE44OW44Op44CC44CQ6YCB5paZ54Sh5paZ44CR44K544Od44O844OE44Km44Kn44KiIDPngrnjgrvjg4Pjg4gg44Os44OH44Kj44O844K5IOS4iuS4i+OCu+ODg+ODiOOAgOODiOODg+ODl+OCueOAgOOCueODneODvOODhOOCs+ODvOODiOOAgOODqOOCrOOAgOS4gOS9k+Wei+ODrOOCruODs+OCuSDjgrnjg53jg7zjg4Tjg5bjg6kg44Op44Oz44OL44Oz44Kw44Km44Kn44Ki44CA5ZC45rGX6YCf5Lm+IOmAmuawl+aAp+aKnOe+pOOAgOS9k+Wei+OCq+ODkOODvOOAgOOCueOCpOODoOOCpuOCp+OCog==[rn]
34-75289,aHR0cDovL3RzaG9wLnIxMHMuanAvcGFuZXRvbmUvY2FiaW5ldC95b2dhL213czFfdG9wLmpwZz9maXRpbj03MDA6NzAw,MTEwNC4wMDAw,,44K544Od44O844OE44O744Ki44Km44OI44OJ44KiID4g44Oo44Ks44O744OU44Op44OG44Kj44K5ID4g44Km44Kn44KiID4g44OR44Oz44OE,44CQ6YCB5paZ54Sh5paZIOOChuOBhuODkeOCseODg+ODiOOAkeODrOODh+OCo+ODvOOCuSDjg6Hjg7Pjgrog44OR44Oz44OEIOODqOOCrOODkeODs+ODhCDjg4Djg7Pjgrnjg5Hjg7Pjg4Qg44K544Od44O844OE44Km44Kn44KiIOODqOOCrOOCpuOCp+OCoiDjg4Djg7PjgrnjgqbjgqfjgqIg44OS44OD44OX44Ob44OD44OXIOOCqOOCouODreODk+OCr+OCuSDjgrnjg4jjg6zjg4Pjg4Hjg5Hjg7Pjg4Qg5aSn44GN44GE44K144Kk44K6IOODleOCo+ODg+ODiOODjeOCuSDjgrnjg7zjg5Hjg7zjgrnjg4jjg6zjg4Pjg4Eg44OA44Oz44K544Kr44OX44Oq44OR44Oz44OEIFtwMWluXQ==,44Oo44KsIOODqOOCrOOCpuOCp+OCoiDjgYvjgo/jgYTjgYQg44Oo44Ks44OR44Oz44OE,PHN0eWxlPgp0YWJsZSNzcGVjIHsKICAgIGZvbnQtc2l6ZTogOTAlOwpsaW5lLWhlaWdodDoxNDAlOwp9Cjwvc3R5bGU+Cjx0YWJsZSB3aWR0aD0iNzAwIiBib3JkZXI9IjAiIGNlbGxzcGFjaW5nPSIwIiBjZWxscGFkZGluZz0iMCI+Cjx0cj4KPHRkPjxpbWcgc3JjPSJodHRwczovL2ltYWdlLnJha3V0ZW4uY28uanAvcGFuZXRvbmUvY2FiaW5ldC95b2dhL213czFfdG9wLmpwZyIgYWx0PSIiIHdpZHRoPSI3MDAiIGhlaWdodD0iNzAwIiBib3JkZXI9IjAiPjwvdGQ+CjwvdHI+Cjx0cj4KPHRkPiZuYnNwOzwvdGQ+CjwvdHI+Cjx0cj4KPHRkPjxpbWcgc3JjPSJodHRwczovL2ltYWdlLnJha3V0ZW4uY28uanAvcGFuZXRvbmUvY2FiaW5ldC95b2dhLzI2OF8zLmpwZyIgYWx0PSIiIHdpZHRoPSI3MDAiIGhlaWdodD0iNzAwIiBib3JkZXI9IjAiPjwvdGQ+CjwvdHI+Cjx0cj4KPHRkPiZuYnNwOzwvdGQ+CjwvdHI+Cjx0cj4KPHRkPjxpbWcgc3JjPSJodHRwczovL2ltYWdlLnJha3V0ZW4uY28uanAvcGFuZXRvbmUvY2FiaW5ldC95b2dhLzI2OF80LmpwZyIgYWx0PSIiIHdpZHRoPSI3MDAiIGhlaWdodD0iNzAwIiBib3JkZXI9IjAiPjwvdGQ+CjwvdHI+Cjx0cj4KPHRkPiZuYnNwOzwvdGQ+CjwvdHI+Cjx0cj4KPHRkPjxpbWcgc3JjPSJodHRwczovL2ltYWdlLnJha3V0ZW4uY28uanAvcGFuZXRvbmUvY2FiaW5ldC95b2dhLzI2OF82XzAxLmpwZyIgYWx0PSIiIHdpZHRoPSI3MDAiIGhlaWdodD0iNzAwIiBib3JkZXI9IjAiIC8+PC90ZD4KPC90cj4KPHRyPgo8dGQ+Jm5ic3A7PC90ZD4KPC90cj4KPHRyPgo8dGQ+PGltZyBzcmM9Imh0dHBzOi8vaW1hZ2UucmFrdXRlbi5jby5qcC9wYW5ldG9uZS9jYWJpbmV0L3BhcnRzL2diX2V4cGxhaW43MDAuanBnIiBhbHQ9IiIgd2lkdGg9IjcwMCIgYm9yZGVyPSIwIiAvPjwvdGQ+CjwvdHI+Cjx0cj4KPHRkPiZuYnNwOzwvdGQ+CjwvdHI+Cjx0cj4KPHRkPjxpbWcgc3JjPSJodHRwczovL2ltYWdlLnJha3V0ZW4uY28uanAvcGFuZXRvbmUvY2FiaW5ldC95b2dhLzI2OF81LmpwZyIgYWx0PSIiIHdpZHRoPSI3MDAiIGhlaWdodD0iNzAwIiBib3JkZXI9IjAiPjwvdGQ+CjwvdHI+Cjx0cj4KPHRkPiZuYnNwOzwvdGQ+CjwvdHI+Cjx0cj4KPHRkPjxpbWcgc3JjPSJodHRwczovL2ltYWdlLnJha3V0ZW4uY28uanAvcGFuZXRvbmUvY2FiaW5ldC95b2dhLzI2OF8yLmpwZyIgYWx0PSIiIHdpZHRoPSI3MDAiIGhlaWdodD0iNzAwIiBib3JkZXI9IjAiPjwvdGQ+CjwvdHI+Cjx0cj4KPHRkPiZuYnNwOzwvdGQ+CjwvdHI+Cjx0cj4KPHRkIGJnY29sb3I9IiNDQ0NDQ0MiPjx0YWJsZSBpZD0ic3BlYyIgd2lkdGg9IjcwMCIgY2VsbHBhZGRpbmc9IjgiIGNlbGxzcGFjaW5nPSIxIj4KPHRyPgo8dGQgd2lkdGg9IjEwMCIgYWxpZ249ImNlbnRlciIgdmFsaWduPSJtaWRkbGUiIGJnY29sb3I9IiNGMEYwRjAiPuOCteOCpOOCujwvdGQ+Cjx0ZCB3aWR0aD0iNjAwIiBiZ2NvbG9yPSIjRkZGRkZGIj7vvK3vvZ7vvKzvvIjjg6zjg4fjgqPjgrnvvIlT77yI44Oh44Oz44K677yJPGJyPgrjgqbjgqjjgrnjg4g2NO+9njc3Y20g44OS44OD44OXODXvvZ45OGNtIOOCj+OBn+OCiuW5hTI4Y20g6IKh5LiKMjRjbSDogqHkuIs0NWNtIOijvuW5hTIyY208YnIgLz4KPGJyPgrvvKzvvZ7vvKzvvKzvvIjjg6zjg4fjgqPjgrlN77yI44Oh44Oz44K677yJPGJyIC8+CuOCpuOCqOOCueODiDY5772eODVjbSDjg5Ljg4Pjg5c5MO+9njEwM2NtIOOCj+OBn+OCiuW5hTMwY20g6IKh5LiKMjZjbSDogqHkuIs0N2NtIOijvuW5hTI0Y208YnI+CuKAu+OCteOCpOOCuuOBr+W5s+e9ruOBjeOCteOCpOOCuuOBp+OBmTwvdGQ+CjwvdHI+Cjx0cj4KPHRkIGFsaWduPSJjZW50ZXIiIHZhbGlnbj0ibWlkZGxlIiBiZ2NvbG9yPSIjRjBGMEYwIj7jgqvjg6njg7w8L3RkPgo8dGQgYmdjb2xvcj0iI0ZGRkZGRiI+44OW44Op44OD44Kv44CB44OU44Oz44Kv44CB44Kr44O844Kt44CB44ON44Kk44OT44O844CB44Kw44Os44O844OW44Op44Km44Oz44CB44OW44Or44O844CB44Kk44Ko44Ot44O844CB44Ob44Ov44Kk44OIPGJyIC8+CuKAu+ODlOODs+OCr+OAgeODluODq+ODvOOAgeOCpOOCqOODreODvOOAgeODm+ODr+OCpOODiOOBru+8lOiJsuOBr+iLpeW5suOBrumAj+OBkeaEn+OBjOOBguOCiuOBvuOBmeOAgjwvdGQ+CjwvdHI+Cjx0cj4KPHRkIGFsaWduPSJjZW50ZXIiIHZhbGlnbj0ibWlkZGxlIiBiZ2NvbG9yPSIjRjBGMEYwIj7ntKDmnZA8L3RkPgo8dGQgYmdjb2xvcj0iI0ZGRkZGRiI+44Od44Oq44Ko44K544OG44OrOTDvvIXjg53jg6rjgqbjg6zjgr/jg7MxMO+8he+8iOWQuOawtOmAn+S5vuOCueODiOODrOODg+ODgeeUn+WcsO+8iTwvdGQ+CjwvdHI+Cjx0cj4KPHRkIGFsaWduPSJjZW50ZXIiIHZhbGlnbj0ibWlkZGxlIiBiZ2NvbG9yPSIjRjBGMEYwIj7kvLjnuK7mgKc8L3RkPgo8dGQgYmdjb2xvcj0iI0ZGRkZGRiI+44GC44KKPC90ZD4KPC90cj4KPHRyPgo8dGQgYWxpZ249ImNlbnRlciIgdmFsaWduPSJtaWRkbGUiIGJnY29sb3I9IiNGMEYwRjAiPueUn+eUo+WbvTwvdGQ+Cjx0ZCBiZ2NvbG9yPSIjRkZGRkZGIj7kuK3lm73oo73vvIjkvIHnlLvjg7vjg4fjgrbjgqTjg7Pjga/ml6XmnKzvvIk8L3RkPgo8L3RyPgo8dHI+Cjx0ZCBhbGlnbj0iY2VudGVyIiB2YWxpZ249Im1pZGRsZSIgYmdjb2xvcj0iI0YwRjBGMCI+44K544K/44OD44OV44GuPGJyPgrjgrPjg6Hjg7Pjg4g8L3RkPgo8dGQgYmdjb2xvcj0iI0ZGRkZGRiI+5qW95aSp44Op44Oz44Kt44Oz44KwMeS9jeeNsuW+l+KYhuODpuODi+OCu+ODg+OCr+OCueWvvuW/nDxiciAvPgrotoXkurrmsJfvvIHjgrnjg7zjg5Hjg7zjgrnjg4jjg6zjg4Pjg4HntKDmnZDjgadDT09M44Gq44K344Or44Ko44OD44OI44Gu44OA44Oz44K544K544OI44Os44OD44OB44OR44Oz44OE4pmqPGJyIC8+CuWQuOawtOmAn+S5vuaAp+OBruOBguOCi+OCueODiOODrOODg+ODgeeUn+WcsOOCkuS9v+eUqOOBl+OBpuOBhOOCi+OBruOBpzxiciAvPgrjg6jjgqzjg7vjg5XjgqPjg4Pjg4jjg43jgrnjg7vjgqbjgqrjg7zjgq3jg7PjgrDjgarjganjgZXjgb7jgZbjgb7jgarjgrnjg53jg7zjg4TjgpLlv6vpganjgavmpb3jgZfjgoDkuovjgYzjgafjgY3jgb7jgZnimIY8YnIgLz4K44Or44O844Og44Km44Ko44Ki44KE44OV44Kh44OD44K344On44Oz44Ki44Kk44OG44Og44Go44GX44Gm44KC44Kq44K544K544Oh4piGPGJyIC8+CuW5heW6g+OCt+ODq+OCqOODg+ODiOOBr+Wls+aAp+OBoOOBkeOBp+OBquOBj+eUt+aAp+OBq+OCguedgOeUqOmgguOBkeOCi+OBruODneOCpOODs+ODiOOBp+OBmeKYhjxiciAvPgrjgJDlpKfjgY3jgYTjgrXjgqTjgrrjg7vvvKzvvKzjgrXjgqTjgrrjgavlr77lv5zlj6/og73jgJE8L3RkPgo8L3RyPgo8dHI+Cjx0ZCBhbGlnbj0iY2VudGVyIiB2YWxpZ249Im1pZGRsZSIgYmdjb2xvcj0iI0YwRjBGMCI+5rOo5oSP54K5PC90ZD4KPHRkIGJnY29sb3I9IiNGRkZGRkYiPuKXhuiJsuWQiOOBhOOBr+ODouODi+OCv+ODvOeSsOWig+OBq+OCiOOCiuiLpeW5suOBruiqpOW3ruOBjOWHuuOBvuOBmeOAgjxicj4K4peG44K144Kk44K66KGo6KiY44Gv5omL5L2c5qWt44Gr44Gm6KGM44Gj44Gm44GK44KK44G+44GZ44Gu44Gn44CBIOWun+eJqeOBqOiLpeW5suOBruiqpOW3ruOBjOeUn+OBmOOCi+WgtOWQiOOBjOOBguOCiuOBvuOBmeOAgjxicj4K4peG44K/44Oz44OW44Op44O877yI5Zue6Lui5byP5Lm+54el5qmf77yJ44Gu44GU5L2/55So44Gv44GK6YG/44GR5LiL44GV44GE44CCPGJyPgril4boibLjga7pgZXjgYbnianjgajkuIDnt5LjgavjgaTjgZHnva7jgY3jgoTmtJfmv6/jgpLjgZfjgarjgYTjgafkuIvjgZXjgYTjgII8YnI+CuKXhua8gueZveWJpOOBruS9v+eUqOOBr+OBiumBv+OBkeS4i+OBleOBhDxicj4K4peG44GK5rSX5r+v44Gu6Zqb44Gv5ZWG5ZOB44Gu44K/44Kw44Gn5ZOB6LOq6KGo56S644KS56K66KqN44GX44Gm6aCC44GN44CB44GK5omL5YWl44KM44GX44Gm6aCC44GN44G+44GZ44KI44GG44GK6aGY44GE6Ie044GX44G+44GZ44CCPGJyPgril4blvZPllYblk4Hjga/mqZ/morDjgavjgojjgovnlJ/nlKPjga7pgY7nqIvkuIrjgIHjganjgYbjgZfjgabjgoLjgIznlJ/lnLDjgpLnuZTjgovpmpvjga7ns7jjga7ntpnjgY7nm67jgI3jgoTlpJrlsJHjga7jgIzjgbvjgaTjgozjgI3jgIHnlJ/lnLDjga7nuZTjgorjgavku5bnuYrntq3jgYzjgIzmt7fntKHjgI3jgZfjgabjgYTjgovjgarjganjgYznlJ/jgZjjgabjgYTjgovloLTlkIjjgYzjgZTjgZbjgYTjgb7jgZnjgYzjgIHlk4Hos6rkuIrjga7llY/poYzjgafjga/jgZTjgZbjgYTjgb7jgZvjgpPjgII8L3RkPgo8L3RyPgo8L3RhYmxlPjwvdGQ+CjwvdHI+Cjx0cj4KPHRkPiZuYnNwOzwvdGQ+CjwvdHI+Cjx0cj4KPHRkPjxpbWcgc3JjPSJodHRwczovL2ltYWdlLnJha3V0ZW4uY28uanAvcGFuZXRvbmUvY2FiaW5ldC95b2dhL3JhbmsxXzI2OF8wMS5qcGciIGFsdD0iIiB3aWR0aD0iNzAwIiBib3JkZXI9IjAiIC8+PC90ZD4KPC90cj4KPHRyPgo8dGQ+Jm5ic3A7PC90ZD4KPC90cj4KPC90YWJsZT4KCjwhLS3jgrnjg53jg7zjg4Tlm57pgYrplovlp4sgLS0+IAo8dGFibGUgd2lkdGg9IjcxMCIgYm9yZGVyPSIwIiBjZWxsc3BhY2luZz0iMCIgY2VsbHBhZGRpbmc9IjAiPgo8dHI+Cjx0ZD48aWZyYW1lIHNyYz0iaHR0cHM6Ly93d3cucmFrdXRlbi5uZS5qcC9nb2xkL3BhbmV0b25lL3Jfa2FpeXV1X3Nwb3J0cy5odG1sIiB3aWR0aD0iNzAwIiBoZWlnaHQ9IjEyNTAiIHNjcm9sbGluZz0ibm8iIG1hcmdpbndpZHRoPSIwIiBmcmFtZWJvcmRlcj0iMCI+PC9pZnJhbWU+PC90ZD4KPC90cj4KPC90YWJsZT4KPCEtLeOCueODneODvOODhOWbnumBiue1guS6hiAtLT4gPGJyPgo8aW1nIHNyYz0iaHR0cHM6Ly9pbWFnZS5yYWt1dGVuLmNvLmpwL3BhbmV0b25lL2NhYmluZXQvYm5fY3BfcG9zdGFnZTEuanBnIiBhbHQ9IiI+PGJyPgo8aW1nIHNyYz0iaHR0cHM6Ly9pbWFnZS5yYWt1dGVuLmNvLmpwL3BhbmV0b25lL2NhYmluZXQvYm5fY2FydF9rb2t1Y2hpLmpwZyI+PGJyPjxicj4KPGZvbnQgY29sb3I9IiNGRjAwMDAiPuKAu+WNs+aXpeeZuumAge+8iOWcn+aXpeelnemZpOOBj++8iTwvZm9udD4=,44CQ6YCB5paZ54Sh5paZIOOChuOBhuODkeOCseODg+ODiOOAkeODrOODh+OCo+ODvOOCuSDjg6Hjg7Pjgrog44OR44Oz44OEIOODqOOCrOODkeODs+ODhCDjg4Djg7Pjgrnjg5Hjg7Pjg4Qg44K544Od44O844OE44Km44Kn44KiIOODqOOCrOOCpuOCp+OCoiDjg4Djg7PjgrnjgqbjgqfjgqIg44OS44OD44OX44Ob44OD44OXIOOCqOOCouODreODk+OCr+OCuSDjgrnjg4jjg6zjg4Pjg4Hjg5Hjg7Pjg4Qg5aSn44GN44GE44K144Kk44K6IOODleOCo+ODg+ODiOODjeOCuSDjgrnjg7zjg5Hjg7zjgrnjg4jjg6zjg4Pjg4Eg44OA44Oz44K544Kr44OX44Oq44OR44Oz44OEIFtwMWluXe+8muODkeODjeODg+ODiOODr+ODs3BhbmXvvIh077yJb25l,44CQ6YCB5paZ54Sh5paZIOOChuOBhuODkeOCseODg+ODiOOAkeODrOODh+OCo+ODvOOCuSDjg6Hjg7Pjgrog44OR44Oz44OEIOODqOOCrOODkeODs+ODhCDjg4Djg7Pjgrnjg5Hjg7Pjg4Qg44K544Od44O844OE44Km44Kn44KiIOODqOOCrOOCpuOCp+OCoiDjg4Djg7PjgrnjgqbjgqfjgqIg44OS44OD44OX44Ob44OD44OXIOOCqOOCouODreODk+OCr+OCuSDjgrnjg4jjg6zjg4Pjg4Hjg5Hjg7Pjg4Qg5aSn44GN44GE44K144Kk44K6IOODleOCo+ODg+ODiOODjeOCuSDjgrnjg7zjg5Hjg7zjgrnjg4jjg6zjg4Pjg4Eg44OA44Oz44K544Kr44OX44Oq44OR44Oz44OEIFtwMWluXQ==,44Oo44KsIOODqOOCrOOCpuOCp+OCoiDjgYvjgo/jgYTjgYQg44Oo44Ks44OR44Oz44OEIOOAguOAkOmAgeaWmeeEoeaWmSDjgobjgYbjg5HjgrHjg4Pjg4jjgJHjg6zjg4fjgqPjg7zjgrkg44Oh44Oz44K6IOODkeODs+ODhCDjg6jjgqzjg5Hjg7Pjg4Qg44OA44Oz44K544OR44Oz44OEIOOCueODneODvOODhOOCpuOCp+OCoiDjg6jjgqzjgqbjgqfjgqIg44OA44Oz44K544Km44Kn44KiIOODkuODg+ODl+ODm+ODg+ODlyDjgqjjgqLjg63jg5Pjgq/jgrkg44K544OI44Os44OD44OB44OR44Oz44OEIOWkp+OBjeOBhOOCteOCpOOCuiDjg5XjgqPjg4Pjg4jjg43jgrkg44K544O844OR44O844K544OI44Os44OD44OBIOODgOODs+OCueOCq+ODl+ODquODkeODs+ODhCBbcDFpbl0=[rn]
34-75290,aHR0cDovL3RzaG9wLnIxMHMuanAvZXNwb3J0cy9jYWJpbmV0Lzk5ODAtNDEvOTk4MDQyMTU5MDY3NS5qcGc/Zml0aW49NzAwOjcwMA==,NDE0MC4wMDAw,,44K544Od44O844OE44O744Ki44Km44OI44OJ44KiID4g44Oo44Ks44O744OU44Op44OG44Kj44K5ID4g44Km44Kn44KiID4g44OR44Oz44OE,44Oq44O844Oc44OD44Kv77yIUmVlYm9r77yJIOODpuODq+OCueODquODoCDjgrDjg6njg5XjgqPjg4Pjgq/jgqvjg5fjg6rjg5Hjg7Pjg4Qg44OW44Op44OD44KvIExDQzA2IEJDMTI2NyDjgJDjg6zjg4fjgqPjg7zjgrkg44Oo44Ks44Km44Kn44KiIOODleOCo+ODg+ODiOODjeOCueOCpuOCp+OCoiDjg4jjg6zjg7zjg4vjg7PjgrAg44Oc44OI44Og44K544CR,,PCEtLWltZ190YWdzLS0+PHRhYmxlIGJvcmRlcj0iMCIgd2lkdGg9IjY1MCI+PFRSPjxURCBhbGlnbj0iY2VudGVyIj48QSBocmVmPSJodHRwOi8vd3d3LnJha3V0ZW4uY28uanAvZXNwb3J0cy9pbmZvMi5odG1sI2RlciI+PElNRyBzcmM9Imh0dHA6Ly93d3cucmFrdXRlbi5uZS5qcC9nb2xkL2VzcG9ydHMvc3VwcG9ydC9zaGlwcGluZzIuZ2lmIiBib3JkZXI9IjAiPjwvQT48QSBocmVmPSJodHRwOi8vd3d3LnJha3V0ZW4ubmUuanAvZ29sZC9lc3BvcnRzL3N1cHBvcnQvZGlzcGF0Y2guaHRtbCI+PElNRyBzcmM9Imh0dHA6Ly93d3cucmFrdXRlbi5uZS5qcC9nb2xkL2VzcG9ydHMvc3VwcG9ydC9kYXlzMi5naWYiIGJvcmRlcj0iMCI+PC9BPjxBIGhyZWY9Imh0dHA6Ly93d3cucmFrdXRlbi5uZS5qcC9nb2xkL2VzcG9ydHMvc3VwcG9ydC9kaXNwYXRjaC5odG1sIj48SU1HIHNyYz0iaHR0cDovL3d3dy5yYWt1dGVuLm5lLmpwL2dvbGQvZXNwb3J0cy9zdXBwb3J0L3BsYWNlMy5naWYiIGJvcmRlcj0iMCI+PC9BPjxBIGhyZWY9Imh0dHA6Ly93d3cucmFrdXRlbi5jby5qcC9lc3BvcnRzL2luZm8yLmh0bWwjYmFjayI+PElNRyBzcmM9Imh0dHA6Ly93d3cucmFrdXRlbi5uZS5qcC9nb2xkL2VzcG9ydHMvc3VwcG9ydC9yZXR1cm4xLmdpZiIgYm9yZGVyPSIwIj48L0E+PC90ZD48L3RyPjwvdGFibGU+PCEtLWltZ190YWdlLS0+PHN0cm9uZz48Zm9udCBjb2xvcj0iIzAwMDBDRCIgc2l6ZT0iNCI+PC9mb250Pjwvc3Ryb25nPjxicj7jgobjgovjgrnjg6rjg6Djgrfjg6rjg7zjgrrjga7jgrDjg6njg5XjgqPjg4Pjgq/jg63jg7PjgrDjg5Hjg7Pjg4TjgII8YnI+44Km44Ko44K544OI44GL44KJ44OS44OD44OX44Gv44KG44KL44KB44Gr6KO+5ZGo44KK44Gv56iL44Gq44GP44K544Oq44Og44Gq44K344Or44Ko44OD44OI44Gn44GZ44CCPGJyPjxicj5TUzE244GL44KJ57aZ57aa44Gu57Sg5p2Q44KS5o6h55So44CB44Kr44K444Ol44Ki44Or5oSf44GC44KL55Sf5Zyw44GrRlcxNuOBr+aYn+afhOOCkuODgeODp+OCpOOCueOBl+OBvuOBl+OBn+OAgjxicj5GVzE244GL44KJ44Km44Ko44K544OI6YOo5YiG44KS44CB44KI44KK44K544OI44Os44OD44OB5oCn44GM6auY44GE44OH44K244Kk44Oz44Gr5pS56Imv44CCPGJyPuWkp+S6uuOBo+OBveOBj+edgOOBk+OBquOBm+OCi+OCiOOBhuebrueri+OBn+OBquOBhOOCq+ODqeODvOOBp+aYn+afhOOCkuihqOePvuOBl+OBpuOBhOOBvuOBmeOAgjxicj48YnI+PHA+PGJyPuKXj+euoeeQhmNvZGXvvJo3OTgzODg4OTwhLS1ta190YWdzLS0+PFA+PElNRyBzcmM9Imh0dHA6Ly93d3cucmFrdXRlbi5uZS5qcC9nb2xkL2VzcG9ydHMvYm4vanl1aGF0dHl1dTUyMC02MC5qcGciIHdpZHRoPSI1MjAiIGhlaWdodD0iNjAiIGJvcmRlcj0iMCI+PC9QPjwhLS1ta190YWdlLS0+PCEtLXNwZWNfdGFncy0tPjxwPjxzdHJvbmc+PGZvbnQgY29sb3I9IiMwMDAwQ0QiIHNpemU9IjMiPuOAkOWVhuWTgeOCueODmuODg+OCr+OAkTwvZm9udD48L3N0cm9uZz48YnI+4pePPHN0cm9uZz7ntKDmnZA8L3N0cm9uZz4gOiDntr82Me+8heOAgeODneODquOCqOOCueODhuODqzM577yFPGJyPuKXjzxzdHJvbmc+5re3546HPC9zdHJvbmc+IDog44K444Oj44Ks44O844OJPGJyPuKXjzxzdHJvbmc+55Sf55Sj5Zu9PC9zdHJvbmc+IDog5Lit5Zu9PGJyPjwhLS1zcGVjX3RhZ2UtLT48YnI+PGxpbmsgcmVsPSJzdHlsZXNoZWV0IiB0eXBlPSJ0ZXh0L2NzcyIgaHJlZj0iaHR0cDovL3d3dy5yYWt1dGVuLm5lLmpwL2dvbGQvZXNwb3J0cy9zaG9wcGluZ19wYXJ0cy5jc3MiPgoKPGRpdiBzdHlsZT0ibWFyZ2luLXRvcDotMjZweDsiPjwvZGl2PgoKPGltZyBzcmM9Imh0dHA6Ly93d3cucmFrdXRlbi5uZS5qcC9nb2xkL2VzcG9ydHMvYm4vcG9pbnQvcG9pbnRfYmJiLmpwZyIgYWx0PSIzMDAw5YaG5Lul5LiK44Gn44Od44Kk44Oz44OI77yT5YCNIiBib3JkZXI9IjAiIHdpZHRoPSI3NTBweCI+Cgo8IS0tIOOCu+ODvOODqyA8aW1nIHNyYz0iaHR0cDovL3d3dy5yYWt1dGVuLm5lLmpwL2dvbGQvZXNwb3J0cy9uZXd5ZWFyLXNhbGUvbmV3eWVhci1zYWxlLTc4MC5qcGciIGJvcmRlcj0iMCIgYWx0PSLjgrvjg7zjg6siIHdpZHRoPSI3NzBweCI+PGJyPjxicj4g44K744O844OrIC0tPgoKPCEtLSDjgrnjg7zjg5Hjg7zjgrvjg7zjg6sgPGRpdiBzdHlsZT0id2lkdGggOiA3NTBweDsiPgo8ZGl2IGFsaWduPSJjZW50ZXIiIHN0eWxlPSJtYXJnaW4tYm90dG9tIDogMHB4O2JvcmRlci13aWR0aCA6IDJweDtib3JkZXItc3R5bGUgOiBzb2xpZDtib3JkZXItY29sb3IgOiAjYmMxMTMxOyI+Cgo8L2Rpdj48L2Rpdj48ZGl2IGNsYXNzPSJtYXJnaW41Ij48L2Rpdj48YnI+IOOCueODvOODkeODvOOCu+ODvOODqy0tPgoKPCEtLSDjgrnjg7zjg5Hjg7zjgrvjg7zjg6syIO+8iOODkOODiuODvOOBruOBv++8iTxpbWcgc3JjPSJodHRwOi8vd3d3LnJha3V0ZW4ubmUuanAvZ29sZC9lc3BvcnRzL3Nwc2FsZS9zYWxlLWJuNzgwLmpwZyIgYm9yZGVyPSIwIiBhbHQ9IuOCu+ODvOODqyIgd2lkdGg9Ijc3MHB4Ij48YnI+PGJyPiDjgrnjg7zjg5Hjg7wgLS0+Cgo8ZGl2IGNsYXNzPSJjb250ZW50cyI+PCEtLSDlkYrnn6UgCjxkaXYgc3R5bGU9IndpZHRoOjczNnB4OyBwYWRkaW5nOjE1cHg7IG1hcmdpbjo1cHggMCAxNXB4OyBib3JkZXI6c29saWQgI0U2MkYyRiAycHg7Ij4KPHAgc3R5bGU9ImZvbnQtd2VpZ2h0OmJvbGQ7IGZvbnQtc2l6ZToxN3B4OyB0ZXh0LWFsaWduOmNlbnRlcjsiPuOAkCA8c3BhbiBzdHlsZT0iYm9yZGVyLWJvdHRvbToycHggZG90dGVkICM5OTk7IGZvbnQtc2l6ZToxNXB4OyI+NeaciDI25pelKOmHkSnjga7llrbmpa3jgavjgaTjgYTjgaY8L3NwYW4+IOOAkTwvcD4KPHAgc3R5bGU9ImZvbnQtc2l6ZToxM3B4OyBtYXJnaW4tdG9wOjE1cHg7Ij7oqqDjgavli53miYvjgarjgYzjgok15pyIMjbml6Uo6YeRKeOBr+OAgeekvuWGheeglOS/ruOBruOBn+OCgeOAgeWWtualreaZgumWk+OCkuWNiOWJjTEy77yaMDDjgb7jgafjgajjgZXjgZvjgabjgYTjgZ/jgaDjgY3jgb7jgZnjgILlsJrjgIHjgIzjgYLjgZnmpb3jgI3lr77lv5zlk4HjgavjgaTjgY3jgb7jgZfjgabjga/jgIHpgJrluLjpgJrjgooxMu+8mjAw44G+44Gn44Gu44GU5rOo5paH44KS5b2T5pel55m66YCB44GV44Gb44Gm44GE44Gf44Gg44GN44G+44GZ44CCPC9wPgo8cCBzdHlsZT0iZm9udC1zaXplOjEzcHg7IG1hcmdpbi10b3A6MTVweDsiPuOBiuWuouanmOOBq+OBr+OBlOS4jeS+v+OCkuOBiuaOm+OBkeiHtOOBl+OBvuOBmeOBjOOAgeOBlOeQhuino+OBrueoi+OAgeWunOOBl+OBj+OBiumhmOOBhOiHtOOBl+OBvuOBmeOAgjwvcD4KPC9kaXY+IC0tPgoKCjwhLS0gPGRpdiBzdHlsZT0id2lkdGg6NzM2cHg7IHBhZGRpbmc6MTVweDsgbWFyZ2luOjVweCAwIDE1cHg7IGJvcmRlcjpzb2xpZCAjRTYyRjJGIDJweDsiPgo8cCBzdHlsZT0iZm9udC13ZWlnaHQ6Ym9sZDsgZm9udC1zaXplOjE3cHg7IHRleHQtYWxpZ246Y2VudGVyOyBtYXJnaW46MDsiPuOAkCA8c3BhbiBzdHlsZT0iYm9yZGVyLWJvdHRvbToycHggZG90dGVkICM5OTk7IGZvbnQtc2l6ZToxNXB4OyI+5aSp5YCZ5LiN6Imv44Gu5b2x6Z+/44Gr44KI44KL6YWN6YCB6YGF5bu244Gr44Gk44GE44GmPC9zcGFuPiDjgJE8L3A+CjxwIHN0eWxlPSJmb250LXNpemU6MTNweDsgbWFyZ2luOjE1cHggMCAwOyI+5Y+w6aKo44O76LGq6Zuo562J44Gu5aSp5YCZ5LiN6Imv44Gr5Ly044GE44CB5LiA6YOo5Zyw5Z+f44Gn44GK6I2354mp44Gu44GK5bGK44GR44Gr6YGF44KM44GM55m655Sf44GZ44KL5oGQ44KM44GM44GU44GW44GE44G+44GZ44CCPC9wPgo8cCBzdHlsZT0iZm9udC1zaXplOjEzcHg7IG1hcmdpbjo3cHggMCAwOyI+44G+44Gf44CB5LuK5b6M44Gu5Y+w6aKo44Gu6YCy6Lev44Gr44KI44Gj44Gm44Gv44CB5bqD56+E5Zuy44Gu5Zyw5Z+f44Gn6YGF44KM44GM55Sf44GY44KL5Y+v6IO95oCn44GM44GC44KK44G+44GZ44CC5Zyw5Z+f44KE44K/44Kk44Of44Oz44Kw44Gr44KI44Gj44Gm44CB44GU5biM5pyb44Gu44GK5bGK44GR5pel5pmC44Gr6YWN6YGU44Gn44GN44Gq44GE5aC05ZCI44GM44GU44GW44GE44G+44GZ44CCPC9wPgo8cCBzdHlsZT0iZm9udC1zaXplOjEzcHg7IG1hcmdpbjo3cHggMCAwOyI+44GK5a6i5qeY44Gr44Gv5aSn5aSJ44GU6L+35oOR44KS44GK5o6b44GR6Ie044GX44G+44GZ44GM44CB44GU55CG6Kej44GE44Gf44Gg44GR44G+44GZ44KI44GG44GK6aGY44GE6Ie044GX44G+44GZ44CCPC9wPgo8L2Rpdj4gLS0+CgoKCjwhLS0g5LiA6YOo5Zyw5Z+f44Gn44Gu6YWN6YGU6YGF5bu244Gr44Gk44GN44G+44GX44GmIC0tPgoKCjwhLS0g44Kv44O844Od44OzIAo8aW1nIHNyYz0iaHR0cDovL3d3dy5yYWt1dGVuLm5lLmpwL2dvbGQvZXNwb3J0cy9ibi9jb3Vwb24vY291cG9uNzcwLmdpZiIgYWx0PSIyMDDlhoZPRkbjgq/jg7zjg53jg7MiPiAtLT4KCgoKPCEtLSA8aW1nIHNyYz0iaHR0cDovL3d3dy5yYWt1dGVuLm5lLmpwL2dvbGQvZXNwb3J0cy9ibi9hZGlkYXMvYWRpZGFzLWJuMzU3LmpwZyIgYWx0PSJhZGlkYXPjg53jgqTjg7Pjg4gxNeWAjSI+IC0tPgoKCjxicj4=,44Oq44O844Oc44OD44Kv77yIUmVlYm9r77yJIOODpuODq+OCueODquODoCDjgrDjg6njg5XjgqPjg4Pjgq/jgqvjg5fjg6rjg5Hjg7Pjg4Qg44OW44Op44OD44KvIExDQzA2IEJDMTI2NyDjgJDjg6zjg4fjgqPjg7zjgrkg44Oo44Ks44Km44Kn44KiIOODleOCo+ODg+ODiOODjeOCueOCpuOCp+OCoiDjg4jjg6zjg7zjg4vjg7PjgrAg44Oc44OI44Og44K544CR77ya772F77yz77yw77yv77yy77y077yz5qW95aSp5pSv5bqX,44Ki44Km44OI44OJ44Ki44Kt44Oj44Oz44OX44OQ44O844OZ44Kt44Ol44O844OG44Oz44OI44K/44O844OX44OG44O844OW44Or44OB44Kn44Ki44K344Ol44Op44OV44Op44Oz44K/44Oz44Kv44O844Op44O844Oc44OD44Kv44K544Kz44O844Or44Oe44Oz44OO44O844K544OV44Kn44Kk44K544K544Od44O844OE44OV44Kj44OD44OI44ON44K544OA44Kk44Ko44OD44OI44OI44Os44O844OL44Oz44Kw44OX44Ot44OG44Kk44Oz44K144OX44Oq44Oh44Oz44OI44OA44Oz44OZ44Or44K144OD44Kr44O844Oq44O844Oc44OD44Kv77yIUmVlYm9r77yJIOODpuODq+OCueODquODoCDjgrDjg6njg5XjgqPjg4Pjgq/jgqvjg5fjg6rjg5Hjg7Pjg4Qg44OW44Op44OD44KvIExDQzA2IEJDMTI2NyDjgJDjg6zjg4fjgqPjg7zjgrkg44Oo44Ks44Km44Kn44KiIOODleOCo+ODg+ODiOODjeOCueOCpuOCp+OCoiDjg4jjg6zjg7zjg4vjg7PjgrAg44Oc44OI44Og44K544CR,44Oq44O844Oc44OD44Kv77yIUmVlYm9r77yJIOODpuODq+OCueODquODoCDjgrDjg6njg5XjgqPjg4Pjgq/jgqvjg5fjg6rjg5Hjg7Pjg4Qg44OW44Op44OD44KvIExDQzA2IEJDMTI2NyDjgJDjg6zjg4fjgqPjg7zjgrkg44Oo44Ks44Km44Kn44KiIOODleOCo+ODg+ODiOODjeOCueOCpuOCp+OCoiDjg4jjg6zjg7zjg4vjg7PjgrAg44Oc44OI44Og44K544CR[rn]
34-75291,aHR0cDovL3RzaG9wLnIxMHMuanAvZXNwb3J0cy9jYWJpbmV0LzkyMjUtNDIvOTIyNTQyMTU5MjE3Ny5qcGc/Zml0aW49NzAwOjcwMA==,NjI5My42MDAw,,44K544Od44O844OE44O744Ki44Km44OI44OJ44KiID4g44Oo44Ks44O744OU44Op44OG44Kj44K5ID4g44Km44Kn44KiID4g44OR44Oz44OE,44CQ6YCB5paZ54Sh5paZ44CR44OA44Oz44K544Kt44Oz77yIREFOU0tJTu+8iSDjg6jjgqwvWU9HQSDjg63jg7PjgrDjg5Hjg7Pjg4QgV0sv44Km44Kp44OD44K344Ol44OW44Op44OD44KvIERZNjcxMzMg44CQ44Oo44Ks44Km44Kn44KiIOODrOODh+OCo+ODvOOCueOCpuOCp+OCoiDjg5XjgqPjg4Pjg4jjg43jgrkg44OI44Os44O844OL44Oz44KwIOOCueODneODvOODhOOAkQ==,4piF6YCB5paZ54Sh5paZ4piF,PCEtLWltZ190YWdzLS0+PHRhYmxlIGJvcmRlcj0iMCIgd2lkdGg9IjY1MCI+PFRSPjxURCBhbGlnbj0iY2VudGVyIj48QSBocmVmPSJodHRwOi8vd3d3LnJha3V0ZW4uY28uanAvZXNwb3J0cy9pbmZvMi5odG1sI2RlciI+PElNRyBzcmM9Imh0dHA6Ly93d3cucmFrdXRlbi5uZS5qcC9nb2xkL2VzcG9ydHMvc3VwcG9ydC9zaGlwcGluZzIuZ2lmIiBib3JkZXI9IjAiPjwvQT48QSBocmVmPSJodHRwOi8vd3d3LnJha3V0ZW4ubmUuanAvZ29sZC9lc3BvcnRzL3N1cHBvcnQvZGlzcGF0Y2guaHRtbCI+PElNRyBzcmM9Imh0dHA6Ly93d3cucmFrdXRlbi5uZS5qcC9nb2xkL2VzcG9ydHMvc3VwcG9ydC9kYXlzMi5naWYiIGJvcmRlcj0iMCI+PC9BPjxBIGhyZWY9Imh0dHA6Ly93d3cucmFrdXRlbi5uZS5qcC9nb2xkL2VzcG9ydHMvc3VwcG9ydC9kaXNwYXRjaC5odG1sIj48SU1HIHNyYz0iaHR0cDovL3d3dy5yYWt1dGVuLm5lLmpwL2dvbGQvZXNwb3J0cy9zdXBwb3J0L3BsYWNlMy5naWYiIGJvcmRlcj0iMCI+PC9BPjxBIGhyZWY9Imh0dHA6Ly93d3cucmFrdXRlbi5jby5qcC9lc3BvcnRzL2luZm8yLmh0bWwjYmFjayI+PElNRyBzcmM9Imh0dHA6Ly93d3cucmFrdXRlbi5uZS5qcC9nb2xkL2VzcG9ydHMvc3VwcG9ydC9yZXR1cm4xLmdpZiIgYm9yZGVyPSIwIj48L0E+PC90ZD48L3RyPjwvdGFibGU+PCEtLWltZ190YWdlLS0+PHN0cm9uZz48Zm9udCBjb2xvcj0iIzAwMDBDRCIgc2l6ZT0iNCI+PC9mb250Pjwvc3Ryb25nPjxicj48YnI+PGJyPjxwPjx0YWJsZSBib3JkZXI9IjAiIHdpZHRoPSI5NyUiIGJnY29sb3I9IiNGRkZGRTAiPjx0cj48dGQ+PHN0cm9uZz48Zm9udCBjb2xvcj0iIzAwNjQwMCIgc2l6ZT0iMyI+44CQ6Zai6YCj5ZWG5ZOB44Gv44GT44Gh44KJ44Gn44GZ44CRPC9mb250Pjwvc3Ryb25nPjxicj7il4Yg44Gd44Gu5LuWIOODqOOCrOmWoumAo+OCpuOCp+OCouOBr+OBk+OBoeOCiTxicj7il4Yg5YWo44Kr44Op44O877yI6Imy6YGV44GE77yJ44Gv44GT44Gh44KJPGJyPjwvdGQ+PC90cj48L3RhYmxlPjwhLS1ta190YWdzLS0+PFA+PElNRyBzcmM9Imh0dHA6Ly93d3cucmFrdXRlbi5uZS5qcC9nb2xkL2VzcG9ydHMvYm4vanl1aGF0dHl1dTUyMC02MC5qcGciIHdpZHRoPSI1MjAiIGhlaWdodD0iNjAiIGJvcmRlcj0iMCI+PC9QPjwhLS1ta190YWdlLS0+PGJyPuKXj+euoeeQhmNvZGXvvJo3OTgzODc4MDwhLS1zcGVjX3RhZ3MtLT48cD48c3Ryb25nPjxmb250IGNvbG9yPSIjMDAwMENEIiBzaXplPSIzIj7jgJDllYblk4Hjgrnjg5rjg4Pjgq/jgJE8L2ZvbnQ+PC9zdHJvbmc+PGJyPuKXjzxzdHJvbmc+6YGp5b+c44K144Kk44K677yIY23vvIk8L3N0cm9uZz4gOiA8YnI+U++8mui6q+mVtzE1MS0xNTnjgIHjg5Djgrnjg4g3NS04MeOAgeOCpuOCqOOCueODiDU4LTY044CB44OS44OD44OXODMtODk8YnI+Te+8mui6q+mVtzE1Ni0xNjTjgIHjg5Djgrnjg4g3OS04NeOAgeOCpuOCqOOCueODiDY0LTcw44CB44OS44OD44OXODctOTM8YnI+TO+8mui6q+mVtzE2MS0xNjnjgIHjg5Djgrnjg4g4My04OeOAgeOCpuOCqOOCueODiDY5LTc344CB44OS44OD44OXOTEtOTc8YnI+4pePPHN0cm9uZz7ogqHkuIvjgrXjgqTjgro8L3N0cm9uZz4gOiBT77yaNjhjbeOAgU3vvJo3MGNt44CBTO+8mjcyY208YnI+4pePPHN0cm9uZz7ntKDmnZA8L3N0cm9uZz4gOiBEUlnjgrjjg6Pjg7zjgrjvvIjjg53jg6rjgqjjgrnjg4bjg6sxMDDvvIXvvIk8YnI+PCEtLXNwZWNfdGFnZS0tPjxicj48bGluayByZWw9InN0eWxlc2hlZXQiIHR5cGU9InRleHQvY3NzIiBocmVmPSJodHRwOi8vd3d3LnJha3V0ZW4ubmUuanAvZ29sZC9lc3BvcnRzL3Nob3BwaW5nX3BhcnRzLmNzcyI+Cgo8ZGl2IHN0eWxlPSJtYXJnaW4tdG9wOi0yNnB4OyI+PC9kaXY+Cgo8aW1nIHNyYz0iaHR0cDovL3d3dy5yYWt1dGVuLm5lLmpwL2dvbGQvZXNwb3J0cy9ibi9wb2ludC9wb2ludF9iYmIuanBnIiBhbHQ9IjMwMDDlhobku6XkuIrjgafjg53jgqTjg7Pjg4jvvJPlgI0iIGJvcmRlcj0iMCIgd2lkdGg9Ijc1MHB4Ij4KCjwhLS0g44K744O844OrIDxpbWcgc3JjPSJodHRwOi8vd3d3LnJha3V0ZW4ubmUuanAvZ29sZC9lc3BvcnRzL25ld3llYXItc2FsZS9uZXd5ZWFyLXNhbGUtNzgwLmpwZyIgYm9yZGVyPSIwIiBhbHQ9IuOCu+ODvOODqyIgd2lkdGg9Ijc3MHB4Ij48YnI+PGJyPiDjgrvjg7zjg6sgLS0+Cgo8IS0tIOOCueODvOODkeODvOOCu+ODvOODqyA8ZGl2IHN0eWxlPSJ3aWR0aCA6IDc1MHB4OyI+CjxkaXYgYWxpZ249ImNlbnRlciIgc3R5bGU9Im1hcmdpbi1ib3R0b20gOiAwcHg7Ym9yZGVyLXdpZHRoIDogMnB4O2JvcmRlci1zdHlsZSA6IHNvbGlkO2JvcmRlci1jb2xvciA6ICNiYzExMzE7Ij4KCjwvZGl2PjwvZGl2PjxkaXYgY2xhc3M9Im1hcmdpbjUiPjwvZGl2Pjxicj4g44K544O844OR44O844K744O844OrLS0+Cgo8IS0tIOOCueODvOODkeODvOOCu+ODvOODqzIg77yI44OQ44OK44O844Gu44G/77yJPGltZyBzcmM9Imh0dHA6Ly93d3cucmFrdXRlbi5uZS5qcC9nb2xkL2VzcG9ydHMvc3BzYWxlL3NhbGUtYm43ODAuanBnIiBib3JkZXI9IjAiIGFsdD0i44K744O844OrIiB3aWR0aD0iNzcwcHgiPjxicj48YnI+IOOCueODvOODkeODvCAtLT4KCjxkaXYgY2xhc3M9ImNvbnRlbnRzIj48IS0tIOWRiuefpSAKPGRpdiBzdHlsZT0id2lkdGg6NzM2cHg7IHBhZGRpbmc6MTVweDsgbWFyZ2luOjVweCAwIDE1cHg7IGJvcmRlcjpzb2xpZCAjRTYyRjJGIDJweDsiPgo8cCBzdHlsZT0iZm9udC13ZWlnaHQ6Ym9sZDsgZm9udC1zaXplOjE3cHg7IHRleHQtYWxpZ246Y2VudGVyOyI+44CQIDxzcGFuIHN0eWxlPSJib3JkZXItYm90dG9tOjJweCBkb3R0ZWQgIzk5OTsgZm9udC1zaXplOjE1cHg7Ij415pyIMjbml6Uo6YeRKeOBruWWtualreOBq+OBpOOBhOOBpjwvc3Bhbj4g44CRPC9wPgo8cCBzdHlsZT0iZm9udC1zaXplOjEzcHg7IG1hcmdpbi10b3A6MTVweDsiPuiqoOOBq+WLneaJi+OBquOBjOOCiTXmnIgyNuaXpSjph5Ep44Gv44CB56S+5YaF56CU5L+u44Gu44Gf44KB44CB5Za25qWt5pmC6ZaT44KS5Y2I5YmNMTLvvJowMOOBvuOBp+OBqOOBleOBm+OBpuOBhOOBn+OBoOOBjeOBvuOBmeOAguWwmuOAgeOAjOOBguOBmealveOAjeWvvuW/nOWTgeOBq+OBpOOBjeOBvuOBl+OBpuOBr+OAgemAmuW4uOmAmuOCijEy77yaMDDjgb7jgafjga7jgZTms6jmlofjgpLlvZPml6XnmbrpgIHjgZXjgZvjgabjgYTjgZ/jgaDjgY3jgb7jgZnjgII8L3A+CjxwIHN0eWxlPSJmb250LXNpemU6MTNweDsgbWFyZ2luLXRvcDoxNXB4OyI+44GK5a6i5qeY44Gr44Gv44GU5LiN5L6/44KS44GK5o6b44GR6Ie044GX44G+44GZ44GM44CB44GU55CG6Kej44Gu56iL44CB5a6c44GX44GP44GK6aGY44GE6Ie044GX44G+44GZ44CCPC9wPgo8L2Rpdj4gLS0+CgoKPCEtLSA8ZGl2IHN0eWxlPSJ3aWR0aDo3MzZweDsgcGFkZGluZzoxNXB4OyBtYXJnaW46NXB4IDAgMTVweDsgYm9yZGVyOnNvbGlkICNFNjJGMkYgMnB4OyI+CjxwIHN0eWxlPSJmb250LXdlaWdodDpib2xkOyBmb250LXNpemU6MTdweDsgdGV4dC1hbGlnbjpjZW50ZXI7IG1hcmdpbjowOyI+44CQIDxzcGFuIHN0eWxlPSJib3JkZXItYm90dG9tOjJweCBkb3R0ZWQgIzk5OTsgZm9udC1zaXplOjE1cHg7Ij7lpKnlgJnkuI3oia/jga7lvbHpn7/jgavjgojjgovphY3pgIHpgYXlu7bjgavjgaTjgYTjgaY8L3NwYW4+IOOAkTwvcD4KPHAgc3R5bGU9ImZvbnQtc2l6ZToxM3B4OyBtYXJnaW46MTVweCAwIDA7Ij7lj7Dpoqjjg7vosarpm6jnrYnjga7lpKnlgJnkuI3oia/jgavkvLTjgYTjgIHkuIDpg6jlnLDln5/jgafjgYrojbfnianjga7jgYrlsYrjgZHjgavpgYXjgozjgYznmbrnlJ/jgZnjgovmgZDjgozjgYzjgZTjgZbjgYTjgb7jgZnjgII8L3A+CjxwIHN0eWxlPSJmb250LXNpemU6MTNweDsgbWFyZ2luOjdweCAwIDA7Ij7jgb7jgZ/jgIHku4rlvozjga7lj7Dpoqjjga7pgLLot6/jgavjgojjgaPjgabjga/jgIHluoPnr4Tlm7Ljga7lnLDln5/jgafpgYXjgozjgYznlJ/jgZjjgovlj6/og73mgKfjgYzjgYLjgorjgb7jgZnjgILlnLDln5/jgoTjgr/jgqTjg5/jg7PjgrDjgavjgojjgaPjgabjgIHjgZTluIzmnJvjga7jgYrlsYrjgZHml6XmmYLjgavphY3pgZTjgafjgY3jgarjgYTloLTlkIjjgYzjgZTjgZbjgYTjgb7jgZnjgII8L3A+CjxwIHN0eWxlPSJmb250LXNpemU6MTNweDsgbWFyZ2luOjdweCAwIDA7Ij7jgYrlrqLmp5jjgavjga/lpKflpInjgZTov7fmg5HjgpLjgYrmjpvjgZHoh7TjgZfjgb7jgZnjgYzjgIHjgZTnkIbop6PjgYTjgZ/jgaDjgZHjgb7jgZnjgojjgYbjgYrpoZjjgYToh7TjgZfjgb7jgZnjgII8L3A+CjwvZGl2PiAtLT4KCgoKPCEtLSDkuIDpg6jlnLDln5/jgafjga7phY3pgZTpgYXlu7bjgavjgaTjgY3jgb7jgZfjgaYgLS0+CgoKPCEtLSDjgq/jg7zjg53jg7MgCjxpbWcgc3JjPSJodHRwOi8vd3d3LnJha3V0ZW4ubmUuanAvZ29sZC9lc3BvcnRzL2JuL2NvdXBvbi9jb3Vwb243NzAuZ2lmIiBhbHQ9IjIwMOWGhk9GRuOCr+ODvOODneODsyI+IC0tPgoKCgo8IS0tIDxpbWcgc3JjPSJodHRwOi8vd3d3LnJha3V0ZW4ubmUuanAvZ29sZC9lc3BvcnRzL2JuL2FkaWRhcy9hZGlkYXMtYm4zNTcuanBnIiBhbHQ9ImFkaWRhc+ODneOCpOODs+ODiDE15YCNIj4gLS0+CgoKPGJyPg==,44CQ6YCB5paZ54Sh5paZ44CR44OA44Oz44K544Kt44Oz77yIREFOU0tJTu+8iSDjg6jjgqwvWU9HQSDjg63jg7PjgrDjg5Hjg7Pjg4QgV0sv44Km44Kp44OD44K344Ol44OW44Op44OD44KvIERZNjcxMzMg44CQ44Oo44Ks44Km44Kn44KiIOODrOODh+OCo+ODvOOCueOCpuOCp+OCoiDjg5XjgqPjg4Pjg4jjg43jgrkg44OI44Os44O844OL44Oz44KwIOOCueODneODvOODhOOAke+8mu+9he+8s++8sO+8r++8su+8tO+8s+alveWkqeaUr+W6lw==,44Ki44Km44OI44OJ44Ki44Kt44Oj44Oz44OX44OQ44O844OZ44Kt44Ol44O844OG44Oz44OI44K/44O844OX44OG44O844OW44Or44OB44Kn44Ki44K344Ol44Op44OV44Op44Oz44K/44Oz44Kv44O844Op44O844Oc44OD44Kv44K544Kz44O844Or44Oe44Oz44OO44O844K544OV44Kn44Kk44K544K544Od44O844OE44OV44Kj44OD44OI44ON44K544OA44Kk44Ko44OD44OI44OI44Os44O844OL44Oz44Kw44OX44Ot44OG44Kk44Oz44K144OX44Oq44Oh44Oz44OI44OA44Oz44OZ44Or44K144OD44Kr44O844CQ6YCB5paZ54Sh5paZ44CR44OA44Oz44K544Kt44Oz77yIREFOU0tJTu+8iSDjg6jjgqwvWU9HQSDjg63jg7PjgrDjg5Hjg7Pjg4QgV0sv44Km44Kp44OD44K344Ol44OW44Op44OD44KvIERZNjcxMzMg44CQ44Oo44Ks44Km44Kn44KiIOODrOODh+OCo+ODvOOCueOCpuOCp+OCoiDjg5XjgqPjg4Pjg4jjg43jgrkg44OI44Os44O844OL44Oz44KwIOOCueODneODvOODhOOAkQ==,4piF6YCB5paZ54Sh5paZ4piF44CC44CQ6YCB5paZ54Sh5paZ44CR44OA44Oz44K544Kt44Oz77yIREFOU0tJTu+8iSDjg6jjgqwvWU9HQSDjg63jg7PjgrDjg5Hjg7Pjg4QgV0sv44Km44Kp44OD44K344Ol44OW44Op44OD44KvIERZNjcxMzMg44CQ44Oo44Ks44Km44Kn44KiIOODrOODh+OCo+ODvOOCueOCpuOCp+OCoiDjg5XjgqPjg4Pjg4jjg43jgrkg44OI44Os44O844OL44Oz44KwIOOCueODneODvOODhOOAkQ==[rn]
34-75292,aHR0cDovL3RzaG9wLnIxMHMuanAvYmVzdG1hdGNoL2NhYmluZXQvYXV0b3VwbG9hZC8yMDE3MDIwNzEyMzA0Ny84ZmIxYmFlZWVlYzI0OGI2YmUuanBnP2ZpdGluPTcwMDo3MDA=,NjA2NC4wMDAw,,44K544Od44O844OE44O744Ki44Km44OI44OJ44KiID4g44Oo44Ks44O744OU44Op44OG44Kj44K5ID4g44Km44Kn44KiID4g44OR44Oz44OE,VElUSUtBIOODqOOCrOOCpuOCqOOCoiDjg6zjg4fjgqPjg7zjgrkg552A44KE44GbIOi7veOBj+OBpuW/q+mBqSDjgr/jgqTjg4Qg6YGL5YuVIOOCpuOCp+OCoiDjg6njg7Pjg4vjg7PjgrAg6YCf5Lm+IOODleOCo+ODg+ODiOODjeOCuSDjg6jjgqzjg5Hjg7Pjg4Qg44K544OI44Os44OD44OBIOODqeODs+ODi+ODs+OCsC/jg6jjgqwv6YGL5YuV55SoIOOCquODquODvOODluODoeODvOODq+S+v+mFjemAgeS4jeWPrw==,44Oo44Ks44Km44Ko44KiIOODrOODh+OCo+ODvOOCuSDnnYDjgoTjgZsg6Lu944GP44Gm5b+r6YGpIOOCv+OCpOODhCDpgYvli5Ug44Km44Kn44Ki,PGlmcmFtZSB3aWR0aD0nOTcwcHgnIGZyYW1lYm9yZGVyPScwJyBzY3JvbGxpbmc9J25vJyBzcmM9J2h0dHA6Ly93d3cucmFrdXRlbi5uZS5qcC9nb2xkL2Jlc3RtYXRjaC90ZXN0MDQvZGV0YWlscGFnZS9kZXNjcmlwdGlvbi9lMDAxNS5odG1sJyBoZWlnaHQ9Jzg4NHB4Jz48L2lmcmFtZT48YnIvPjxici8+PHN0eWxlIHR5cGU9InRleHQvY3NzIj4uYmFubmVyVGl0bGV7IGZvbnQtd2VpZ2h0OmJvbGQ7IGhlaWdodDoyM3B4OyBmb250LXNpemU6MTRweDsgd2lkdGg6MTAwJTtiYWNrZ3JvdW5kLWNvbG9yOiNEOUVERjc7IHBhZGRpbmctdG9wOjVweDt9LmRpc3BsYXlUaXRsZXtmb250LXdlaWdodDpib2xkOyBoZWlnaHQ6MjNweDsgZm9udC1zaXplOjE0cHg7IHdpZHRoOjEwMCU7IHBhZGRpbmctdG9wOjVweDsgfS5hdHRySXRlbXN7cGFkZGluZy1sZWZ0OjEwcHg7IGxpbmUtaGVpZ2h0OjE2MCU7IGZvbnQtc2l6ZToxM3B4O30uYXR0ckl0ZW17ZmxvYXQ6bGVmdDsgbWFyZ2luLXJpZ2h0OjNweDt9PC9zdHlsZT48ZGl2IHN0eWxlPSJ3aWR0aDo0OThweDtib3JkZXI6c29saWQgMXB4ICNEREREREQ7Ij48ZGl2IGNsYXNzPSJiYW5uZXJUaXRsZSI+Jm5ic3A75ZWG5ZOB6Kqs5piOPC9kaXY+PGRpdiBjbGFzcz0iYXR0ckl0ZW1zIj48ZGl2IGNsYXNzPSJhdHRySXRlbSI+4pePPC9kaXY+44OS44OD44OX44Ki44OD44OX77yM5a6M55Kn44Gq5L2T5b2i77yM57Sg5pm044KJ44GX44GE5L2T6aiT44CCPGJyIC8+PGRpdiBjbGFzcz0iYXR0ckl0ZW0iPuKXjzwvZGl2PuS8uOe4ruaAp+OBruOBguOCi+e0oOadkOOCkuS9v+OBo+OBn+OCueODiOODrOODg+ODgeODkeODs+ODhOOAgjxiciAvPjxkaXYgY2xhc3M9ImF0dHJJdGVtIj7il488L2Rpdj7nlJ/lnLDjga/jgZXjgonjgZXjgonvvIbjgarjgoHjgonjgYvntKDmnZDjgafjgIEg5b+r6YGp44Gq552A5b+D5Zyw44Gn44GZ44CCPGJyIC8+PGRpdiBjbGFzcz0iYXR0ckl0ZW0iPuKXjzwvZGl2PuODqOOCrOOAgeODleOCo+ODg+ODiOODjeOCueOBquOBqeanmOOAheOBquOCt+ODvOODs+OBp+OBiuS9v+OBhOOBhOOBn+OBoOOBkeOBvuOBmeOAgjxiciAvPjxkaXYgY2xhc3M9ImF0dHJJdGVtIj7il488L2Rpdj7jg5Djg4Pjgq/jg53jgrHjg4Pjg4gg5LuY77yM6Y2144Gq44Gp44Gu5bCP54mp44KS5Y+O57SN5L6/5Yip44Gr44Gf44KB44CB44K544Od44O844OE5pu044Gr6Ieq55Sx44CCPGJyIC8+PGRpdiBjbGFzcz0iYXR0ckl0ZW0iPuKXjzwvZGl2PuWQuOaxl+mAn+S5vuOBq+WEquOCjOOBpuOBhOOCi+OBn+OCgeOAgeaxl+OBq+OCiOOCi+iCjOOBruODmeOCv+OBpOOBjeOCkui7vea4m+OBl+OAgeOBleOCieOCiuOBqOOBl+OBn+edgOW/g+WcsOOAgjxiciAvPjwvZGl2PjxkaXYgY2xhc3M9ImJhbm5lclRpdGxlIj4mbmJzcDvllYblk4Hku5Xmp5g8L2Rpdj48ZGl2IGNsYXNzPSJhdHRySXRlbXMiPjxkaXYgY2xhc3M9ImF0dHJJdGVtIj7igLs8L2Rpdj7jg5bjg6njg7Pjg4nvvJpUSVRJS0E8YnIgLz48ZGl2IGNsYXNzPSJhdHRySXRlbSI+4oC7PC9kaXY+5Y6a44GV77ya6YGp5YiHPGJyIC8+PGRpdiBjbGFzcz0iYXR0ckl0ZW0iPuKAuzwvZGl2PuaflOOCieOBi+OBle+8muavlOi8g+eahOaflOOCieOBi+OBhDxiciAvPjxkaXYgY2xhc3M9ImF0dHJJdGVtIj7igLs8L2Rpdj7lvL7lipvvvJrlvL7lipvjgYzjgYLjgos8YnIgLz48ZGl2IGNsYXNzPSJhdHRySXRlbSI+4oC7PC9kaXY+5aSn44GN44GV77ya44GN44Gj44Gh44KKPGJyIC8+PGRpdiBjbGFzcz0iYXR0ckl0ZW0iPuKAuzwvZGl2PumBqeeUqOevhOWbsu+8muWkluWHuu+8jOWutuW6reeUqO+8jOOCq+OCuOODpeOCouODq++8jOmBi+WLle+8jDxiciAvPjxkaXYgY2xhc3M9ImF0dHJJdGVtIj7igLs8L2Rpdj7mnI3oo4XnibnlvrTvvJrpgJ/kub7vvIzlkLjmub/vvIzmjpLmsZfvvIzlm5vpnaLlvL7lipvvvIw8YnIgLz48ZGl2IGNsYXNzPSJhdHRySXRlbSI+4oC7PC9kaXY+6YGp55So6ICF77ya5aWz5oCnPGJyIC8+PC9kaXY+PGRpdiBjbGFzcz0iYmFubmVyVGl0bGUiPiZuYnNwO+OBneOBruS7luOBruS7leanmDwvZGl2PjxkaXYgY2xhc3M9ImF0dHJJdGVtcyI+PGRpdiBjbGFzcz0iYXR0ckl0ZW0iPuKWoDwvZGl2PuWVhuWTgeWQje+8mlRJVElLQSDjg6jjgqzjgqbjgqjjgqIg44Os44OH44Kj44O844K5IOedgOOChOOBmyDou73jgY/jgablv6vpgakg44K/44Kk44OEIOmBi+WLlSDjgqbjgqfjgqIg44Op44Oz44OL44Oz44KwIOmAn+S5viDjg5XjgqPjg4Pjg4jjg43jgrkg44Oo44Ks44OR44Oz44OEIOOCueODiOODrOODg+ODgSDjg6njg7Pjg4vjg7PjgrAv44Oo44KsL+mBi+WLleeUqCDjgqrjg6rjg7zjg5Y8YnIgLz48ZGl2IGNsYXNzPSJhdHRySXRlbSI+4pagPC9kaXY+5ZWG5ZOB5p2Q6LOq77yaODYl44OK44Kk44Ot44OzKzE0JeODneODquOCpuODrOOCv+ODszxiciAvPjxkaXYgY2xhc3M9ImF0dHJJdGVtIj7ilqA8L2Rpdj7llYblk4HjgrXjgqTjgrooY20p77yaMzPDlzI0w5cyLjg8YnIgLz48ZGl2IGNsYXNzPSJhdHRySXRlbSI+4pagPC9kaXY+44OR44OD44Kx44O844K444K144Kk44K6KGNtKe+8mjM2w5cyNsOXNDxiciAvPjxkaXYgY2xhc3M9ImF0dHJJdGVtIj7ilqA8L2Rpdj7llYblk4Hph43ph48oZynvvJoyNjIuNjxiciAvPjxkaXYgY2xhc3M9ImF0dHJJdGVtIj7ilqA8L2Rpdj7nmbrpgIHph43ph48oZynvvJo0OTUuNTxiciAvPjwvZGl2PjxkaXYgY2xhc3M9ImJhbm5lclRpdGxlIj4mbmJzcDvlhY3osqzkuovpoIU8L2Rpdj48ZGl2IGNsYXNzPSJhdHRySXRlbXMiPuOAkOOBlOazqOaEj+OAkSDmnKzlk4Hjga/ljLvnmYLnlKjjgafjga/jgZTjgZbjgYTjgb7jgZvjgpPjgII8YnI+CuS8uOOBs+e4ruOBv+OBl+OBvuOBmeOBruOBp+OAgeOCteOCpOOCuuOBr+ebruWuieOBp+OBmeOAguOBlOiHqui6q+OBq+OBguOBo+OBn+OCguOBruOCkuOBiumBuOOBs+OBj+OBoOOBleOBhOOAgjxicj4K44OH44Oq44Kx44O844OI44Gq44GK6IKM44Gu5pa544Gv44GL44KG44G/562J44KS5oSf44GY44KL5aC05ZCI44GM44GU44GW44GE44G+44GZ44CC6YGV5ZKM5oSf44KS5oSf44GY44KL5aC05ZCI44Gv44GU5L2/55So44KS44GK5o6n44GI44GP44Gg44GV44GE44CCPGJyPgrmub/nlrnjgIHjgYLjgZvjgoLjgIHlgrfnrYnjgYzjgYLjgovloLTlkIjlj4rjgbPjgIHjgYvjgobjgb/jgIHnmbrnlrnjgIHnl5vjgb/nrYnjga7nlbDluLjjgpLmhJ/jgZjjgZ/pmpvjga/jgZTkvb/nlKjjgpLkuK3mraLjgZfjgabjgY/jgaDjgZXjgYTjgII8YnI+CuedgOeUqOS4reOAgeedgOeUqOW+jOOBq+awl+WIhuOBjOaCquOBj+OBquOBo+OBn+WgtOWQiOOBr+OBlOS9v+eUqOOCkuS4reatouOBl+OBpuOBj+OBoOOBleOBhOOAgjxicj4K6IKM44Gr55Sf5Zyw44Gu6Leh44GM5q6L44KL5aC05ZCI44GM44GU44GW44GE44G+44GZ44CC6Leh44Gu5raI44GI44Gr44GP44GE5pa544Gv6ZW35pmC6ZaT44Gu6YCj57aa5L2/55SoKOWwseWvneS4reOCkuWQq+OCgCnjga/jgYrpgb/jgZHjgY/jgaDjgZXjgYTjgII8YnI+CuedgOeUqOW+jOOBrui/lOWTgeOBr+OBiuWPl+OBkeOBp+OBjeOBvuOBm+OCk+OAgjxicj4K44CQ44GK5rSX5r+v5pa55rOV44CRPGJyPgrmtJfmv6/ooajnpLrjgpLjgZTnorroqo3jga7kuIrjgIHmraPjgZfjgY/jgYrmtJfmv6/jgY/jgaDjgZXjgYTjgII8YnI+CuiJsuenu+OCiuOBmeOCi+aBkOOCjOOBjOOBguOCi+OBn+OCgeOAgeS7luOBruOCguOBruOBqOOBrua3t+WQiOa0l+OBhOOBr+mBv+OBkeOBpuOBj+OBoOOBleOBhOOAgjxicj4K44OQ44K544OI44OR44OD44OJ44Gv5Z6L5bSp44KM44KE56C05pCN6Ziy5q2i44Gu44Gf44KB44CB5Y+W44KK5aSW44GX44Gm5rSX5r+v44GX44Gm44GP44Gg44GV44GE44CCPGJyPgrmsLTjgoTmsZfnrYnjgafmub/jgaPjgZ/nirbmhYvjgaflvLfjgYTmkanmk6bjgpLlj5fjgZHjgovjgajjgIHku5bjga7jgoLjga7jgavoibLnp7vjgorjgZnjgovjgYrjgZ3jgozjgYzjgYLjgorjgb7jgZnjgII8YnI+CuKAu+S4h+S4gOiJsuenu+OCiuOBl+OBn+WgtOWQiOOBr+aXqeOCgeOBq+OBiua0l+a/r+OBj+OBoOOBleOBhOOAgjxicj4K5rSX5r+v5qmf44Gn5rSX44GG5aC05ZCI44Gv44ON44OD44OI44KS5L2/55So44GX44Gm44GP44Gg44GV44GE44CCPGJyPgrmtrLmuKnjga80MOKEg+OCkumZkOW6puOBqOOBl+OAgea0l+a/r+apn+OBruW8seawtOa1geWPiOOBr+W8seOBhOaJi+a0l+OBhOOBq+OBl+OBpuOBj+OBoOOBleOBhOOAgjxicj4K6ZW35pmC6ZaT44Gu5rys44GR572u44GN44Gv6YG/44GR44CB5rSX5r+v5b6M44Gv5pS+572u44Gb44Ga5b2i44KS5pW044GI44Gm55u044Gh44Gr5bmy44GX44Gm44GP44Gg44GV44GE44CCPGJyPgrloanntKDns7vmvILnmb3liaTjga/kvb/nlKjjgZfjgarjgYTjgafjgY/jgaDjgZXjgYTjgII8YnI+Cua3oeiJsuOBruOCguOBruOBr+ibjeWFieWil+eZveWJpOWFpeOCiuOBrua0l+WJpOOBruOBlOS9v+eUqOOBr+OBiumBv+OBkeOBj+OBoOOBleOBhOOAgjxicj4K5Lm+54el5qmf44Gu44GU5L2/55So44Gv44GK6YG/44GR44GP44Gg44GV44GE44CCPGJyPgrkub7nh6XjgZXjgZvjgovpmpvjga/jgIHlv4XjgZrpoqjpgJrjgZfjga7jgojjgYTmiYDjgafpmbDlubLjgZfjgZfjgabjgY/jgaDjgZXjgYTjgILjgb7jgZ/nm7TlsITml6XlhYnjga7lvZPjgZ/jgovloLTmiYDjgavmnKzlk4HjgpLnva7jgYvjgarjgYTjgafjgY/jgaDjgZXjgYTjgII8YnI+CuOCouOCpOODreODs+aOm+OBkeOBr+OBp+OBjeOBvuOBm+OCk+OAgjxicj4K44OJ44Op44Kk44Kv44Oq44O844OL44Oz44Kw44Gv44Gn44GN44G+44Gb44KT44CCPGJyPjwvZGl2PjwvZGl2Pg==,VElUSUtBIOODqOOCrOOCpuOCqOOCoiDjg6zjg4fjgqPjg7zjgrkg552A44KE44GbIOi7veOBj+OBpuW/q+mBqSDjgr/jgqTjg4Qg6YGL5YuVIOOCpuOCp+OCoiDjg6njg7Pjg4vjg7PjgrAg6YCf5Lm+IOODleOCo+ODg+ODiOODjeOCuSDjg6jjgqzjg5Hjg7Pjg4Qg44K544OI44Os44OD44OBIOODqeODs+ODi+ODs+OCsC/jg6jjgqwv6YGL5YuV55SoIOOCquODquODvOODluODoeODvOODq+S+v+mFjemAgeS4jeWPr++8mkJlc3QgTWF0Y2g=,QkVTVCBNQVRDSOODouODkOOCpOODq+ODkOODg+ODhuODquODl+ODreOCuOOCp+OCr+OCv+ODvOODqeODs+ODl+OCv+ODluODrOODg+ODiFBD44Os44K244O844Kx44O844K5UElTRU7jg5Tjg7Pjgrvjg7PmsY7nlKjjg5fjg63jgrjjgqfjgq/jgr/jg7zjg6njg7Pjg5fmsY7nlKjjg6njg7Pjg5fjg5njgrnjg4jjg57jg4Pjg4Hjg5njgrnjg4jjg57jg4Pjg4Eg5qW95aSpYmVzdG1hdGNoVElUSUtBIOODqOOCrOOCpuOCqOOCoiDjg6zjg4fjgqPjg7zjgrkg552A44KE44GbIOi7veOBj+OBpuW/q+mBqSDjgr/jgqTjg4Qg6YGL5YuVIOOCpuOCp+OCoiDjg6njg7Pjg4vjg7PjgrAg6YCf5Lm+IOODleOCo+ODg+ODiOODjeOCuSDjg6jjgqzjg5Hjg7Pjg4Qg44K544OI44Os44OD44OBIOODqeODs+ODi+ODs+OCsC/jg6jjgqwv6YGL5YuV55SoIOOCquODquODvOODluODoeODvOODq+S+v+mFjemAgeS4jeWPrw==,44Oo44Ks44Km44Ko44KiIOODrOODh+OCo+ODvOOCuSDnnYDjgoTjgZsg6Lu944GP44Gm5b+r6YGpIOOCv+OCpOODhCDpgYvli5Ug44Km44Kn44KiIOOAglRJVElLQSDjg6jjgqzjgqbjgqjjgqIg44Os44OH44Kj44O844K5IOedgOOChOOBmyDou73jgY/jgablv6vpgakg44K/44Kk44OEIOmBi+WLlSDjgqbjgqfjgqIg44Op44Oz44OL44Oz44KwIOmAn+S5viDjg5XjgqPjg4Pjg4jjg43jgrkg44Oo44Ks44OR44Oz44OEIOOCueODiOODrOODg+ODgSDjg6njg7Pjg4vjg7PjgrAv44Oo44KsL+mBi+WLleeUqCDjgqrjg6rjg7zjg5bjg6Hjg7zjg6vkvr/phY3pgIHkuI3lj68=[rn]
34-75293,aHR0cDovL3RzaG9wLnIxMHMuanAvYmVzdG1hdGNoL2NhYmluZXQvYXV0b3VwbG9hZC8yMDE3MDEyMDE5NDAyOS9hZWM4ZTQyN2FjNjg0Mjk3YjIuanBnP2ZpdGluPTcwMDo3MDA=,NjQwMC4wMDAw,,44K544Od44O844OE44O744Ki44Km44OI44OJ44KiID4g44Oo44Ks44O744OU44Op44OG44Kj44K5ID4g44Km44Kn44KiID4g44OR44Oz44OE,VElUSUtB44OH44Kj44O844K5IOOBiuOBl+OCg+OCjCDjg6zjgq7jg7Pjgrkg44OP44Kk44Km44Ko44K544OIIOODqeODs+ODi+ODs+OCsCDjg5XjgqPjg4Pjg4jjg43jgrkg44K544OR44OD44OEIOOCv+OCpOODhCDjg6zjg4fjgqPjg7zjgrkg44K544Od44O844OEIOODqOOCrCDlkLjmsZfpgJ/kub7jg6Hjg7zjg6vkvr/phY3pgIHkuI3lj68=,44K644Oc44OzIOODrOODh+OCo+ODvOOCuSDjg4/jgqTjgqbjgqjjgrnjg4gg44Op44Oz44OL44Oz44KwIOODleOCo+ODg+ODiOODjeOCuSDjg6njg7M=,PGltZyBzcmM9Imh0dHA6Ly9pbWFnZS5yYWt1dGVuLmNvLmpwL2Jlc3RtYXRjaC9jYWJpbmV0L2F1dG91cGxvYWQvMjAxNzAxMjAxOTQwMjkvYWVjOGU0MjdhYzY4NDI5N2IyLmpwZyIgd2lkdGg9IjgwMCIvPjxici8+PGltZyBzcmM9Imh0dHA6Ly9pbWFnZS5yYWt1dGVuLmNvLmpwL2Jlc3RtYXRjaC9jYWJpbmV0L2F1dG91cGxvYWQvMjAxNzAxMjAxOTQwMjkvZTQ3ODZlZWRjNDMyNDg4YWJlLmpwZyIgd2lkdGg9IjgwMCIvPjxici8+PGltZyBzcmM9Imh0dHA6Ly9pbWFnZS5yYWt1dGVuLmNvLmpwL2Jlc3RtYXRjaC9jYWJpbmV0L2F1dG91cGxvYWQvMjAxNzAxMjAxOTQwMjkvNzhlMmI2MTdlYjIwNGRjOWE3LmpwZyIgd2lkdGg9IjgwMCIvPjxici8+PGltZyBzcmM9Imh0dHA6Ly9pbWFnZS5yYWt1dGVuLmNvLmpwL2Jlc3RtYXRjaC9jYWJpbmV0L2F1dG91cGxvYWQvMjAxNzAxMjAxOTQwMjkvMTQ2YzNmZjY3ODYzNDgzMWEyLmpwZyIgd2lkdGg9IjgwMCIvPjxici8+PGltZyBzcmM9Imh0dHA6Ly9pbWFnZS5yYWt1dGVuLmNvLmpwL2Jlc3RtYXRjaC9jYWJpbmV0L2F1dG91cGxvYWQvMjAxNzAxMjAxOTQwMjkvMjNkNTVjNGZjZjg1NDk3NWIyLmpwZyIgd2lkdGg9IjgwMCIvPjxici8+PGltZyBzcmM9Imh0dHA6Ly9pbWFnZS5yYWt1dGVuLmNvLmpwL2Jlc3RtYXRjaC9jYWJpbmV0L2F1dG91cGxvYWQvMjAxNzAxMjAxOTQwMjkvY2I1M2FlMTA2NDZlNDFkMmFjLmpwZyIgd2lkdGg9IjgwMCIvPjxici8+PGltZyBzcmM9Imh0dHA6Ly9pbWFnZS5yYWt1dGVuLmNvLmpwL2Jlc3RtYXRjaC9jYWJpbmV0L2F1dG91cGxvYWQvMjAxNzAxMjAxOTQwMjkvYzBjM2E3ODRmNGE4NDA0NGE3LmpwZyIgd2lkdGg9IjgwMCIvPjxici8+PGltZyBzcmM9Imh0dHA6Ly9pbWFnZS5yYWt1dGVuLmNvLmpwL2Jlc3RtYXRjaC9jYWJpbmV0L2F1dG91cGxvYWQvMjAxNzAxMjAxOTQwMjkvMWMzN2IyMTEzZjMxNGRhYWIzLmpwZyIgd2lkdGg9IjgwMCIvPjxici8+PGJyLz48YnIvPjxzdHlsZSB0eXBlPSJ0ZXh0L2NzcyI+LmJhbm5lclRpdGxleyBmb250LXdlaWdodDpib2xkOyBoZWlnaHQ6MjNweDsgZm9udC1zaXplOjE0cHg7IHdpZHRoOjEwMCU7YmFja2dyb3VuZC1jb2xvcjojRDlFREY3OyBwYWRkaW5nLXRvcDo1cHg7fS5kaXNwbGF5VGl0bGV7Zm9udC13ZWlnaHQ6Ym9sZDsgaGVpZ2h0OjIzcHg7IGZvbnQtc2l6ZToxNHB4OyB3aWR0aDoxMDAlOyBwYWRkaW5nLXRvcDo1cHg7IH0uYXR0ckl0ZW1ze3BhZGRpbmctbGVmdDoxMHB4OyBsaW5lLWhlaWdodDoxNjAlOyBmb250LXNpemU6MTNweDt9LmF0dHJJdGVte2Zsb2F0OmxlZnQ7IG1hcmdpbi1yaWdodDozcHg7fTwvc3R5bGU+PGRpdiBzdHlsZT0id2lkdGg6NDk4cHg7Ym9yZGVyOnNvbGlkIDFweCAjREREREREOyI+PGRpdiBjbGFzcz0iYmFubmVyVGl0bGUiPiZuYnNwO+WVhuWTgeiqrOaYjjwvZGl2PjxkaXYgY2xhc3M9ImF0dHJJdGVtcyI+PGRpdiBjbGFzcz0iYXR0ckl0ZW0iPuKXjzwvZGl2PuOCpuOCp+OCueODiOODkOODs+ODieOBq+ODn+ODi+ODneODg+OCseODiOOBjOS7mOOBhOOBpuOBiuOCiuOAgemNteOChOePvumHkeOBquOBqeOBruWwj+eJqeOCkuWFpeOCjOOCi+OBq+OBr+S+v+WIqeOBp+OBme+8gTxiciAvPjxkaXYgY2xhc3M9ImF0dHJJdGVtIj7il488L2Rpdj7pgJrmsJfmgKc/5ZC45rGX6YCf5Lm+5oCn5oqc576k44Gu6Lu96YeP57Sg5p2Q44CB44GE44Gk44Gn44KC44GZ44GM44GZ44GM44GX44GP44Gm44GV44KJ44Gj44Go44GX44Gf5bGl44GN5b+D5Zyw44Gn44GZ77yBPGJyIC8+PGRpdiBjbGFzcz0iYXR0ckl0ZW0iPuKXjzwvZGl2PuWEquOCjOOBn+S8uOe4ruaAp+OBp+i6q+S9k+OCkuWEquOBl+OBj+WMheOBv+i+vOOCgOOAgeOCouOCr+ODhuOCo+ODluOBquWLleOBjeOBp+OCguOCueODiOODrOOCueOBquOBj+WLleOBjeOChOOBmeOBhOOBp+OBme+8gTxiciAvPjxkaXYgY2xhc3M9ImF0dHJJdGVtIj7il488L2Rpdj7jg6njg7Pjg4vjg7PjgrDjgIHjgrjjg6fjgq7jg7PjgrDjgIHjg57jg6njgr3jg7PjgIHjg5XjgqPjg4Pjg4jjg43jgrnjgarjganmp5jjgIXjgarjgrnjg53jg7zjg4TvvIbjg5XjgqPjg4Pjg4jjg43jgrnjgavlr77lv5zjgZnjgovjgrnjg53jg7zjg4Tjgr/jgqTjg4TvvIE8YnIgLz48ZGl2IGNsYXNzPSJhdHRySXRlbSI+4pePPC9kaXY+5Ly457iu5oCn44Gu44GC44KL44Ot44Oz44Kw44K/44Kk44OE44CC44Oo44Ks44CB44Op44Oz44OL44Oz44Kw44Gq44Gp44Gu6YGL5YuV44Gr5pyA6YGp77yB6YCa5rCX5oCn44GM44GC44KK44CB44Kr44Op44OV44Or44Gq44OQ44Oq44Ko44O844K344On44Oz44Gn5aWz5oCn44Gr5aSn5Lq65rCX44Gu6YC45ZOB44Gn44GZ77yBIDxiciAvPjwvZGl2PjxkaXYgY2xhc3M9ImJhbm5lclRpdGxlIj4mbmJzcDvllYblk4Hku5Xmp5g8L2Rpdj48ZGl2IGNsYXNzPSJhdHRySXRlbXMiPjxkaXYgY2xhc3M9ImF0dHJJdGVtIj7igLs8L2Rpdj7jg5bjg6njg7Pjg4nvvJpUSVRJS0E8YnIgLz48ZGl2IGNsYXNzPSJhdHRySXRlbSI+4oC7PC9kaXY+5Y6a44GV77ya6YGp5YiHPGJyIC8+PGRpdiBjbGFzcz0iYXR0ckl0ZW0iPuKAuzwvZGl2PuaflOOCieOBi+OBle+8muaflOOCieOBi+OBhDxiciAvPjxkaXYgY2xhc3M9ImF0dHJJdGVtIj7igLs8L2Rpdj7lvL7lipvvvJrmr5TovIPnmoTlvL7lipvjgYzjgYLjgos8YnIgLz48ZGl2IGNsYXNzPSJhdHRySXRlbSI+4oC7PC9kaXY+5aSn44GN44GV77ya44G044Gj44Gf44KKPGJyIC8+PGRpdiBjbGFzcz0iYXR0ckl0ZW0iPuKAuzwvZGl2PumBqeeUqOevhOWbsu+8muWkluWHuu+8jOS7leS6i++8jOWutuW6reeUqO+8jOOCq+OCuOODpeOCouODq++8jOmBi+WLle+8jDxiciAvPjxkaXYgY2xhc3M9ImF0dHJJdGVtIj7igLs8L2Rpdj7mnI3oo4XnibnlvrTvvJrpgJ/kub7vvIzjg5XjgqPjg4Pjg4jjgrnjgr/jgqTjg6vvvIzlkLjmub/vvIzmjpLmsZfvvIzpgJrmsJfvvIzlm5vpnaLlvL7lipvvvIzogJDno6jmgKfjgYzpq5jjgYTvvIzntKvlpJbnt5rpmLLmraLvvIw8YnIgLz48ZGl2IGNsYXNzPSJhdHRySXRlbSI+4oC7PC9kaXY+6YGp55So6ICF77ya5aWz5oCnPGJyIC8+PC9kaXY+PGRpdiBjbGFzcz0iYmFubmVyVGl0bGUiPiZuYnNwO+OBneOBruS7luOBruS7leanmDwvZGl2PjxkaXYgY2xhc3M9ImF0dHJJdGVtcyI+PGRpdiBjbGFzcz0iYXR0ckl0ZW0iPuKWoDwvZGl2PuWVhuWTgeWQje+8mlRJVElLQeODh+OCo+ODvOOCuSDjgYrjgZfjgoPjgowg44Os44Ku44Oz44K5IOODj+OCpOOCpuOCqOOCueODiCDjg6njg7Pjg4vjg7PjgrAg44OV44Kj44OD44OI44ON44K5IOOCueODkeODg+ODhCDjgr/jgqTjg4Qg44Os44OH44Kj44O844K5IOOCueODneODvOODhCDjg6jjgqwg5ZC45rGX6YCf5Lm+PGJyIC8+PGRpdiBjbGFzcz0iYXR0ckl0ZW0iPuKWoDwvZGl2PuWVhuWTgeadkOizqu+8mjgyJeODneODquOCqOOCueODhuODq+e5ij8rMTjvvIXjg53jg6rjgqbjg6zjgr/jg7M8YnIgLz48ZGl2IGNsYXNzPSJhdHRySXRlbSI+4pagPC9kaXY+5ZWG5ZOB44K144Kk44K6KGNtKe+8mjMzw5cyNMOXMi44PGJyIC8+PGRpdiBjbGFzcz0iYXR0ckl0ZW0iPuKWoDwvZGl2PuODkeODg+OCseODvOOCuOOCteOCpOOCuihjbSnvvJozNsOXMjbDlzQ8YnIgLz48ZGl2IGNsYXNzPSJhdHRySXRlbSI+4pagPC9kaXY+5ZWG5ZOB6YeN6YePKGcp77yaMjA0LjI8YnIgLz48ZGl2IGNsYXNzPSJhdHRySXRlbSI+4pagPC9kaXY+55m66YCB6YeN6YePKGcp77yaNDM3LjE8YnIgLz48L2Rpdj48ZGl2IGNsYXNzPSJiYW5uZXJUaXRsZSI+Jm5ic3A75YWN6LKs5LqL6aCFPC9kaXY+PGRpdiBjbGFzcz0iYXR0ckl0ZW1zIj7jgYrmiYvlhaXjgozmmYLjga/jgIHoo4/ov5TjgZfjgabmtJfmv6/mqZ/jga7lvLHoqK3lrprjgIHlhrfmsLTjgafmtJfjgaPjgabjgY/jgaDjgZXjgYTjgII8YnI+CuS5vuOBi+OBmemam+OBr+WQiuOCi+OBl+OBpuiHqueEtuS5vueHpeOBleOBm+OBpuOBj+OBoOOBleOBhOOAgjxicj4K44Ki44Kk44Ot44Oz44Go5ryC55m95Ymk44KS5ZCr44KA5rSX5Ymk44Gu44GU5L2/55So44Gv44GK6YG/44GR5LiL44GV44GE44CCPGJyPgrnnYDnlKjlvozjga7ov5Tlk4Hjga/jgYrlj5fjgZHjgafjgY3jgb7jgZvjgpPjgII8YnI+CuS8uOOBs+e4ruOBv+OBl+OBvuOBmeOBruOBp+OAgeOCteOCpOOCuuOBr+ebruWuieOBp+OBmeOAguOBlOiHqui6q+OBq+OBguOBo+OBn+OCguOBruOCkuOBiumBuOOBs+OBj+OBoOOBleOBhOOAgjxicj4K44GK5rSX5r+v44Gu6Zqb44Gv5ZWG5ZOB44Gu44K/44Kw44Gn5ZOB6LOq6KGo56S644KS56K66KqN44GX44Gm6aCC44GN44CB6Imy44Gu6YGV44GG54mp44Go5LiA57eS44Gr44Gk44GR572u44GN44KE5rSX5r+v44KS44GX44Gq44GE44Gn44GP44Gg44GV44GE44CCPGJyPgrjgr/jg7Pjg5bjg6njg7zvvIjlm57ou6LlvI/kub7nh6XmqZ/vvInjga7jgZTkvb/nlKjjga/jgYrpgb/jgZHkuIvjgZXjgYQg44CCPGJyPgrjgafjgY3jgovpmZDjgormtbjnva7jgY3mtJfmv6/jgpLpgb/jgZHjgIHpgYvli5XmnI3jga/liIbjgZHjgabmtJfmv6/jgZfjgabjgY/jgaDjgZXjgYTjgII8YnI+CueUn+WcsOOBrue5iue2reOCkuWjiuOBleOBquOBhOOCiOOBhuOAgeWQuOa5v+aOkuaxl+OBq+W9semfv+OBl+OBquOBhOOCiOOBhuOBq+OAgeOCv+OCquODq+mhnuOBqOS4gOe3kuOBq+a0l+a/r+OBmeOCi+OBk+OBqOOBjOOBp+OBjeOBvuOBm+OCk+OAgjxicj4K4oC75YaZ55yf5pKu5b2x5pmC44Gu54Wn5piO44Gu5YW35ZCI44KE44OR44K944Kz44Oz55S76Z2i44Gu6Kit5a6a562J44Gu6Zai5L+C44Gn44CBIOiJsuOChOe0oOadkOaEn+OBjOePvueJqeOBqOOBr+eVsOOBquOCi+WgtOWQiOOBjOOBlOOBluOBhOOBvuOBmeOAgiDjgYLjgonjgYvjgZjjgoHjgZTkuobmib/jgY/jgaDjgZXjgYTjgII8YnI+6LKp5aOy44GX44Gm44KL44Gu44Gv44K544Od44O844OE44K644Oc44Oz44Gg44GR44Gn44GZ44CC5LqI44KB44GU5om/55+l44GP44Gg44GV44GE44CCPGJyPgrmnKzllYblk4HjgYzkuK3lm73jgafoo73pgKDjgZXjgozjgb7jgZnjga7jgafjgIHmsJfjgavjgarjgovmlrnjga/jgZTmhY7ph43jgavos7zlhaXjgZfjgabjgY/jgaDjgZXjgYTjgII8YnI+PC9kaXY+PC9kaXY+,VElUSUtB44OH44Kj44O844K5IOOBiuOBl+OCg+OCjCDjg6zjgq7jg7Pjgrkg44OP44Kk44Km44Ko44K544OIIOODqeODs+ODi+ODs+OCsCDjg5XjgqPjg4Pjg4jjg43jgrkg44K544OR44OD44OEIOOCv+OCpOODhCDjg6zjg4fjgqPjg7zjgrkg44K544Od44O844OEIOODqOOCrCDlkLjmsZfpgJ/kub7jg6Hjg7zjg6vkvr/phY3pgIHkuI3lj6/vvJpCZXN0IE1hdGNo,QkVTVCBNQVRDSOODouODkOOCpOODq+ODkOODg+ODhuODquODl+ODreOCuOOCp+OCr+OCv+ODvOODqeODs+ODl+OCv+ODluODrOODg+ODiFBD44Os44K244O844Kx44O844K5UElTRU7jg5Tjg7Pjgrvjg7PmsY7nlKjjg5fjg63jgrjjgqfjgq/jgr/jg7zjg6njg7Pjg5fmsY7nlKjjg6njg7Pjg5fjg5njgrnjg4jjg57jg4Pjg4Hjg5njgrnjg4jjg57jg4Pjg4Eg5qW95aSpYmVzdG1hdGNoVElUSUtB44OH44Kj44O844K5IOOBiuOBl+OCg+OCjCDjg6zjgq7jg7Pjgrkg44OP44Kk44Km44Ko44K544OIIOODqeODs+ODi+ODs+OCsCDjg5XjgqPjg4Pjg4jjg43jgrkg44K544OR44OD44OEIOOCv+OCpOODhCDjg6zjg4fjgqPjg7zjgrkg44K544Od44O844OEIOODqOOCrCDlkLjmsZfpgJ/kub7jg6Hjg7zjg6vkvr/phY3pgIHkuI3lj68=,44K644Oc44OzIOODrOODh+OCo+ODvOOCuSDjg4/jgqTjgqbjgqjjgrnjg4gg44Op44Oz44OL44Oz44KwIOODleOCo+ODg+ODiOODjeOCuSDjg6njg7PjgIJUSVRJS0Hjg4fjgqPjg7zjgrkg44GK44GX44KD44KMIOODrOOCruODs+OCuSDjg4/jgqTjgqbjgqjjgrnjg4gg44Op44Oz44OL44Oz44KwIOODleOCo+ODg+ODiOODjeOCuSDjgrnjg5Hjg4Pjg4Qg44K/44Kk44OEIOODrOODh+OCo+ODvOOCuSDjgrnjg53jg7zjg4Qg44Oo44KsIOWQuOaxl+mAn+S5vuODoeODvOODq+S+v+mFjemAgeS4jeWPrw==[rn]
34-75294,aHR0cDovL3RzaG9wLnIxMHMuanAvaGFwcHlzaG9wL2NhYmluZXQvMDEyNDgwNzcvMDIyNzA4MDUvYmFubmVyL3lvZ2FwYW50cy0xLTEzMDYwMy0wLmpwZz9maXRpbj03MDA6NzAw,MTE4NC4wMDAw,,44K544Od44O844OE44O744Ki44Km44OI44OJ44KiID4g44Oo44Ks44O744OU44Op44OG44Kj44K5ID4g44Km44Kn44KiID4g44OR44Oz44OE,44CQ44Oh44O844Or5L6/44CB6YCB5paZ54Sh5paZ44CR4piF44CQ6LWk5a2X6Kaa5oKf44CR4piF44Oq44Op44OD44Kv44K544K544K/44Kk44Or4pmq44Ov44Kk44OJ44OV44Os44Ki44OR44Oz44OEIOODleODrOOCouODkeODs+ODhOODqOOCrOODkeODs+ODhOOCrOOCpuODgeODp+ODkeODs+ODhOODnuOCv+ODi+ODhuOCo+ODlOODqeODhuOCo+OCueOCuuODs+ODkOOCuOODoOODkeODs+ODhEdZTeOAgeODreODs+OCsCDjgqTjg7Pjg5Ljg7zjg6vjgrnjg4vjg7zjgqvjg7zjg6/jgqTjg4njg5Hjg7Pjg4TvvIzjgrnjgqvjg7zjg4Hjg6fvvIzjgrnjgqvjg7Pjg4Q=,4piF44Oq44Op44OD44Kv44K544K544K/44Kk44Or4pmq44Ov44Kk44OJ44OV44Os44Ki44OR44Oz44OE,PHRhYmxlIHdpZHRoPSI3MjAiIGJvcmRlcj0iMCIgYWxpZ249ImNlbnRlciIgY2VsbHBhZGRpbmc9IjAiIGNlbGxzcGFjaW5nPSIwIj4KPHRyPiA8dGQgYWxpZ249ImNlbnRlciIgdmFsaWduPSJtaWRkbGUiPgo8aW1nIHNyYz0iaHR0cDovL2ltYWdlLnJha3V0ZW4uY28uanAvaGFwcHlzaG9wL2NhYmluZXQvMDEyNDgwNzcvMDIyNzA4MDUvYmFubmVyL3JhbmtpbmcxXzE2MDMyNl8xLmpwZyIgd2lkdGg9IjcwMCIgYWxpZ249Im1pZGRsZSI+PGJyPjwvdGQ+PC90cj4KPHRyPiA8dGQgYWxpZ249ImNlbnRlciIgdmFsaWduPSJtaWRkbGUiPgo8aW1nIHNyYz0iaHR0cDovL2ltYWdlLnJha3V0ZW4uY28uanAvaGFwcHlzaG9wL2NhYmluZXQvMDEyNDgwNzcvMDIyNzA4MDUvYmFubmVyL3JhbmtpbmcxXzEyMDYxNV8xLmpwZyIgd2lkdGg9IjcwMCIgYWxpZ249Im1pZGRsZSI+PGJyPjwvdGQ+PC90cj4KPHRyPiA8dGQgYWxpZ249ImNlbnRlciIgdmFsaWduPSJtaWRkbGUiPgo8aW1nIHNyYz0iaHR0cDovL2ltYWdlLnJha3V0ZW4uY28uanAvaGFwcHlzaG9wL2NhYmluZXQvMDEyNDgwNzcvMDIyNzA4MDUvbGFkeS95b2dhLXBhbnRzLWNvbG9yLW0wMS5qcGciIHdpZHRoPSI3MDAiIGFsaWduPSJtaWRkbGUiPjxicj48L3RkPjwvdHI+Cjx0cj4gPHRkIGFsaWduPSJjZW50ZXIiIHZhbGlnbj0ibWlkZGxlIj4KPGltZyBzcmM9Imh0dHA6Ly9pbWFnZS5yYWt1dGVuLmNvLmpwL2hhcHB5c2hvcC9jYWJpbmV0LzAxMjQ4MDc3LzAyMjcwODA1L2xhZHkva21iMDAwMS15b2dhMi5qcGciIHdpZHRoPSI3MDAiIGFsaWduPSJtaWRkbGUiPjxicj48L3RkPjwvdHI+Cjx0cj4gPHRkIGFsaWduPSJjZW50ZXIiIHZhbGlnbj0ibWlkZGxlIj4KPGltZyBzcmM9Imh0dHA6Ly9pbWFnZS5yYWt1dGVuLmNvLmpwL2hhcHB5c2hvcC9jYWJpbmV0LzAxMjQ4MDc3LzAyMjcwODA1L2xhZHkveW9nYV9wYW50c19pbWc2LmpwZyIgd2lkdGg9IjcwMCIgYWxpZ249Im1pZGRsZSI+PGJyPjwvdGQ+PC90cj4KPHRyPiA8dGQgYWxpZ249ImNlbnRlciIgdmFsaWduPSJtaWRkbGUiPgo8aW1nIHNyYz0iaHR0cDovL2ltYWdlLnJha3V0ZW4uY28uanAvaGFwcHlzaG9wL2NhYmluZXQvMDEyNDgwNzcvMDIyNzA4MDUvbGFkeS95b2dhX3BhbnRzX2ltZzcuanBnIiB3aWR0aD0iNzAwIiBhbGlnbj0ibWlkZGxlIj48YnI+PC90ZD48L3RyPgo8dHI+IDx0ZCBhbGlnbj0iY2VudGVyIiB2YWxpZ249Im1pZGRsZSI+CjxpbWcgc3JjPSJodHRwOi8vaW1hZ2UucmFrdXRlbi5jby5qcC9oYXBweXNob3AvY2FiaW5ldC8wMTI0ODA3Ny8wMjI3MDgwNS9sYWR5L3lvZ2FfcGFudHNfaW1nOC5qcGciIHdpZHRoPSI3MDAiIGFsaWduPSJtaWRkbGUiPjxicj48L3RkPjwvdHI+Cjx0cj4gPHRkIGFsaWduPSJjZW50ZXIiIHZhbGlnbj0ibWlkZGxlIj4KPGltZyBzcmM9Imh0dHA6Ly9pbWFnZS5yYWt1dGVuLmNvLmpwL2hhcHB5c2hvcC9jYWJpbmV0LzAxMjQ4MDc3LzAyMjcwODA1L2ttYi95b2dhX3BhbnRzX2ltZzkuanBnIiB3aWR0aD0iNzAwIiBhbGlnbj0ibWlkZGxlIj48YnI+PC90ZD48L3RyPgo8dHI+IDx0ZCBhbGlnbj0iY2VudGVyIiB2YWxpZ249Im1pZGRsZSI+PGJyPgo8aW1nIHNyYz0iaHR0cDovL2ltYWdlLnJha3V0ZW4uY28uanAvaGFwcHlzaG9wL2NhYmluZXQvMDEyNDgwNzcvMDIyNzA4MDUva21iL3lvZ2FfcGFudHNfaW1nMTAuanBnIiBhbHQ9IiIgd2lkdGg9IjcwMCIgYWxpZ249Im1pZGRsZSI+PC90ZD48L3RyPgo8dHI+IDx0ZCBhbGlnbj0iY2VudGVyIiB2YWxpZ249Im1pZGRsZSI+PGltZyBzcmM9Imh0dHA6Ly9pbWFnZS5yYWt1dGVuLmNvLmpwL2hhcHB5c2hvcC9jYWJpbmV0LzAxMjQ4MDc3LzAyMjcwODA1L2xhZHkveW9nYV9wYW50c19pbWc5LmpwZyIgYWx0PSIiIHdpZHRoPSI3MDAiIGFsaWduPSJtaWRkbGUiPjwvdGQ+PC90cj4KIDwvdGFibGU+IAo8IS0t5ZWG5ZOB5oOF5aCx44OG44O844OW44Orc3RhcnQtLT4KCgo8ZGl2IGlkPSJJdGVtaW5mbyI+CjxkaXYgc3R5bGU9Im1hcmdpbjozMHB4IDBweCAzMHB4IDBweDsgY29sb3I6I2ZmZmZmZjsgYmFja2dyb3VuZC1jb2xvcjojZmY2Njk5OyBwYWRkaW5nOjVweDsgbGluZS1oZWlnaHQ6OHB4OyB0ZXh0LWFsaWduOmNlbnRlcjsgZm9udC13ZWlnaHQ6bm9ybWFsOyB3aWR0aDo3MjBweDsiPjxzdHJvbmc+5ZWG5ZOB5oOF5aCxKOWun+WvuOOCteOCpOOCuik8L3N0cm9uZz48L2Rpdj4KPGZvbnQgc2l6ZT0iLTEiPjxzdHJvbmc+4pag5ZWG5ZOB5ZCNL+iqrOaYjjwvc3Ryb25nPiDvvJrimIXjg6/jgqTjg4njg5Xjg6zjgqLjg5Hjg7Pjg4QKPGhyIHdpZHRoPSI3MjAiIGFsaWduPSJsZWZ0Ij4KPHN0cm9uZz7ilqDjgrXjgqTjgro8L3N0cm9uZz4KPGhyIHdpZHRoPSI3NDAiIGFsaWduPSJsZWZ0Ij4K4peP44K144Kk44K644CQ77yhL+ODnuOCreOCt+S4iOOAkee0hGNtPGJyIC8+CuOCpuOCqOOCueODiO+8mjMyY208YnIgLz4K44OS44OD44OX77yaNDhjbTxiciAvPgrogqHkuIrvvJoyM++9njM4Y208YnIgLz4K44KC44KC5bmF77yaMzBjbTxiciAvPgroo77luYXvvJo0OO+9njU0Y208YnIgLz4K552A5LiI77yaOTgtMTA1Y208YnIgLz48YnIgLz4KIOKXj+OCteOCpOOCuuOAkO+8oi835YiG5LiI44CR57SEY208YnIgLz4K44Km44Ko44K544OI77yaMzJjbTxiciAvPgrjg5Ljg4Pjg5fvvJo0OGNtPGJyIC8+CuiCoeS4iu+8mjIz772eMzhjbTxiciAvPgrjgoLjgoLluYXvvJozMGNtPGJyIC8+CuijvuW5he+8mjQ1772eNDhjbTxiciAvPgrnnYDkuIjvvJo4MO+9njg1Y208YnIgLz4KPGhyIHdpZHRoPSI3MjAiIGFsaWduPSJsZWZ0Ij4K4peP5a6f5a+444K144Kk44K644Go44OM44O844OJ44K144Kk44K644Gu6YGV44GEPGJyPjxiciAvPgrlrp/lr7jjgrXjgqTjgrrvvJrllYblk4HjgpLlubPnva7jgY3jgavjgZflpJblgbTjgojjgormjqHlr7jjgZfjgZ/jgrXjgqTjgrogKOODoeOCuOODo+ODvOOBq+OCiOOCi+Wun+WvuOOBrueCuuOAgeiLpeW5suOBruiqpOW3ruOBjOWHuuOCi+WgtOWQiOOBjOOBlOOBluOBhOOBvuOBmeOAgik8YnIgLz48YnIgLz4K44OM44O844OJ44K144Kk44K677ya44GK5a6i5qeY44Gu44Oc44OH44Kj44K144Kk44K6PGJyIC8+PGJyIC8+CjxociB3aWR0aD0iNzIwIiBhbGlnbj0ibGVmdCI+CjxzdHJvbmc+4pag57Sg5p2Q562JPC9zdHJvbmc+CjxociB3aWR0aD0iNzIwIiBhbGlnbj0ibGVmdCI+CiAq6KO96YCg44Ot44OD44OI44GU44Go44Gr57Sg5p2Q44GMMuODkeOCv+ODvOODs+OBlOOBluOBhOOBvuOBmeOAguS6iOOCgeOBlOS6huaJv+OBj+OBoOOBleOBhOOAgjxiciAvPiAK4oaT4oaT4oaTCjxiciAvPgril47ntKDmnZA8YnI+CuODneODquOCqOOCueODhuODqzYw77yF44CB44Os44O844Oo44OzMzXvvIXjgIHjg53jg6rjgqbjg6zjgr/jg7M177yF77yc5pen44K/44Kk44OX77yePGJyIC8+CuODneODquOCqOOCueODhuODqzUw77yF44CB44Ki44Kv44Oq44OrNTDvvIXvvJzmlrDjgr/jgqTjg5fvvJ48YnIgLz4KPGJyIC8+CuKXj+mHjemHj++8mue0hDI3MO+9hzxicj48YnIgLz4K4peP55Sf55Sj77ya6Z+T5Zu9PGJyPjxiciAvPgo8aHIgd2lkdGg9IjcyMCIgYWxpZ249ImxlZnQiPgoKPGhyIHdpZHRoPSI3MjAiIGFsaWduPSJsZWZ0Ij4KCjxociB3aWR0aD0iNzIwIiBhbGlnbj0ibGVmdCI+CjwvZm9udD4KPGZvbnQgc2l6ZT0iLTEiPiAgPHN0cm9uZz7ilqDmtJfmv6/mlrnms5U8L3N0cm9uZz4KPGhyIHdpZHRoPSI3MjAiIGFsaWduPSJsZWZ0Ij4KPGltZyBzcmM9Imh0dHA6Ly9pbWFnZS5yYWt1dGVuLmNvLmpwL2hhcHB5c2hvcC9jYWJpbmV0L21hbnVhbC9jbGVhbmluZy1pY29uL3RlYXJhaS0zMC5naWYiIGFsdD0iIj48aW1nIHNyYz0iaHR0cDovL2ltYWdlLnJha3V0ZW4uY28uanAvaGFwcHlzaG9wL2NhYmluZXQvbWFudWFsL2NsZWFuaW5nLWljb24vZW5zby1zYXJhc2ktZGFtZS5naWYiIC8+IDxpbWcgc3JjPSJodHRwOi8vaW1hZ2UucmFrdXRlbi5jby5qcC9oYXBweXNob3AvY2FiaW5ldC9tYW51YWwvY2xlYW5pbmctaWNvbi9oYW5nZXIwMS5naWYiIC8+IDxpbWcgc3JjPSJodHRwOi8vaW1hZ2UucmFrdXRlbi5jby5qcC9oYXBweXNob3AvY2FiaW5ldC9tYW51YWwvY2xlYW5pbmctaWNvbi9pcm9uMDQuZ2lmIiAvPgo8aHIgd2lkdGg9IjcyMCIgYWxpZ249ImxlZnQiPgo8c3Ryb25nPuKWoOazqOaEj+KWoDwvc3Ryb25nPgo8aHIgd2lkdGg9IjcyMCIgYWxpZ249ImxlZnQiPgrvvIrjgrXjgqTjgrrjga/lubPnva7jgY3oqIjmuKzjgajjgarjgaPjgabjgYrjgorjgb7jgZnjga7jgafjgIEx772eMmNt44Gu6Kqk5beu44GM55Sf44GY44KL5aC05ZCI44GM44GU44GW44GE44G+44GZ44CCIDxiciAvPgrvvIrmqZ/oo4HjgavjgojjgovnlJ/nlKPpgY7nqIvjgavjgYrjgYTjgabjgIHjganjgYbjgZfjgabjgoLnlJ/lnLDjgpLnuZTjgovpmpvjga7ns7jjga7ntpnjgY7nm67jgoTlpJrlsJHjga7jgbvjgaTjgozjgarjganjgYznlJ/jgZjjgabjgYTjgovloLTlkIjjgYzjgZTjgZbjgYTjgb7jgZnjgIIgPGJyIC8+Cu+8iuODouODi+OCv+ODvOOBrueSsOWig+OCiOOCiuWun+mam+OBruOCguOBruOBqOe0oOadkOaEn+ODu+iJsuOBjOeVsOOBquOBo+OBpuimi+OBiOOCi+WgtOWQiOOBjOOBlOOBluOBhOOBvuOBmeOBruOBp+OAgeOBlOS6huaJv+OBj+OBoOOBleOBhOOAggo8YnI+CjxociB3aWR0aD0iNzIwIiBhbGlnbj0ibGVmdCI+CjxzdHJvbmc+PGEgaHJlZj0iaHR0cDovL2l0ZW0ucmFrdXRlbi5jby5qcC9oYXBweXNob3AvYy8wMDAwMDAwNjE0LyIgdGFyZ2V0PSJfYmxhbmsiPuKWoOedgOeUqOODouODh+ODq+OCteOCpOOCuuOBq+OBpOOBhOOBpuKWoDwvYT48L3N0cm9uZz4KPGhyIHdpZHRoPSI3MjAiIGFsaWduPSJsZWZ0Ij4KPGJyIC8+CjwvZm9udD4KPC9kaXY+Cgo8IS0t5ZWG5ZOB5oOF5aCx44OG44O844OW44OrZW5kLS0+Cjx0cj4KPHRkIGhlaWdodD0iMTUiPjx0cj48dGQgaGVpZ2h0PSIxNSIgYWxpZ249ImNlbnRlciIgY2xhc3M9InN0eWxlMTJlYiI+PGJyPjwhLS0g4pagLS0+PGJyPiAgCjx0cj4KICA8dGQgaGVpZ2h0PSIiPjx0cj4KPHRkIGhlaWdodD0iMTUiIGFsaWduPSJjZW50ZXIiIGNsYXNzPSJzdHlsZTEyZWIiPgo8aW1nIHNyYz0iaHR0cDovL3d3dy5yYWt1dGVuLm5lLmpwL2dvbGQvaGFwcHlzaG9wL2ltZy9wYWdlLWluLWJuL25vdGljZS0xNjA4MTAtMS5naWYiIHdpZHRoPSI0MDAiPjxicj48YnI+CiDjg6rjg6njg4Pjgq/jgrnjgrnjgr/jgqTjg6vimarjg6/jgqTjg4njg5Xjg6zjgqLjg5Hjg7Pjg4Q8YnI+CiDjg5Xjg6zjgqLjg5Hjg7Pjg4Qs44Oo44Ks44OR44Oz44OELOOCrOOCpuODgeODp+ODkeODs+ODhCzjg57jgr/jg4vjg4bjgqMs44OU44Op44OG44Kj44K5PGJyPgog44OV44Os44Ki44OR44Oz44OE5q6/5aCCLCDjgqTjg7Pjg5Ljg7zjg6vjgrnjg4vjg7zjgqvjg7ws44Oe44K/44OL44OG44Kj44O8LOODnuOCv+ODi+ODhuOCoyzjg6/jgqTjg4njg5Hjg7Pjg4Q8YnI+PGJyPgoo77yhL+ODnuOCreOCt+S4iCnntIRjbTxicj4K44O744Km44Ko44K544OI77yaMzJjbTxicj4K44O744OS44OD44OX77yaNDhjbTxicj4K44O76IKh5LiK77yaMjPvvZ4zOGNtPGJyPgrjg7vjgoLjgoLluYXvvJozMGNtPGJyPgrjg7voo77luYXvvJo0OO+9njU0Y208YnI+CuODu+edgOS4iO+8mjk4772eMTA1Y208YnI+Cjxicj4KKO+8oi835YiG5LiIKee0hGNtPGJyPgrjg7vjgqbjgqjjgrnjg4jvvJozMmNtPGJyPgrjg7vjg5Ljg4Pjg5fvvJo0OGNtPGJyPgrjg7vogqHkuIrvvJoyM++9njM4Y208YnI+CuODu+OCguOCguW5he+8mjMwY208YnI+CuODu+ijvuW5he+8mjQ1772eNDhjbTxicj4K44O7552A5LiI77yaODDvvZ44NWNtPGJyPgo8aHI+Ciroo73pgKDjg63jg4Pjg4jjgZTjgajjgavntKDmnZDjgYwy44OR44K/44O844Oz44GU44GW44GE44G+44GZ44CC5LqI44KB44GU5LqG5om/44GP44Gg44GV44GE44CCPGJyIC8+IArihpPihpPihpMKPGJyIC8+CuKXjue0oOadkDxicj4K44Od44Oq44Ko44K544OG44OrNjDvvIXjgIHjg6zjg7zjg6jjg7MzNe+8heOAgeODneODquOCpuODrOOCv+ODszXvvIXvvJzml6fjgr/jgqTjg5fvvJ48YnIgLz4K44Od44Oq44Ko44K544OG44OrNTDvvIXjgIHjgqLjgq/jg6rjg6s1MO+8he+8nOaWsOOCv+OCpOODl++8njxiciAvPgo8YnIgLz48YnI+CuKXj+mHjemHj++8mjI3MGc8YnI+44KI44GP5Ly444Gz44KL54us6Ieq44Gu55Sf5Zyw44KS5L2/55So44GX44Gm44GE44KL44Gu44Gn44CBPGJyPgrjgqbjgqjjgrnjg4jvvZ7jg5Ljg4Pjg5fjg6njgqTjg7Pjgavjg5XjgqPjg4Pjg4jjgZfjgb7jgZnjgII8YnI+CuOCtOODoOOCkuS9v+eUqOOBl+OBpuOBhOOBquOBhOOBruOBp+OAgeOBjeOBpOOBhOe3oOOCgeS7mOOBkeOBjOOBquOBj+OAgTxicj4K44G144KT44KP44KK44K544Kr44O844OI44Gu44KI44GG44Gq5bqD44GM44KK44GM44GC44KL44Gu44Gn44CBPGJyPgrkuIvljYrouqvjga7jg6njgqTjg7PjgpLmsJfjgavjgZnjgovmlrnjgavjgoIhPGJyPgrjg6vjg7zjg6DjgqbjgqfjgqLjgavjgZfjgabjgoLjg6jjgqzjg5Hjg7Pjg4TjgZfjgabjgoLoia/jgZchPGJyPgrjgrvjg6zjg5bmsJfliIbjgaflpJblh7rnnYDjgavjgZfjgabjgoI8YnI+CuS6iOaDs+WkluOBp+OBmeOBjOOAgeODnuOCv+ODi+ODhuOCo+OBqOOBl+OBpuWkp+WlveiplTxicj48YnI+CuKZquWHuuiNt+adoeS7tjo8YnI+PGZvbnQgY29sb3I9IiNGRjAwMDAiPjwvYj48L2ZvbnQ+Cjx0YWJsZSBib3JkZXI9IjAiIGNlbGxzcGFjaW5nPSIwIiBjZWxscGFkZGluZz0iMCIgc3R5bGU9Im1hcmdpbjoyMHB4IDA7Ij4KICA8dHI+PHRkIGJnY29sb3I9IiNmYTYwYTIiPjxpbWcgc3JjPSJodHRwOi8vd3d3LnJha3V0ZW4ubmUuanAvZ29sZC9oYXBweXNob3AvaW1nL2hlbm5waW4tdG9yaWtlc2ktYmFyMS5naWYiIHdpZHRoPSIzMDAiPjwvdGQ+PC90cj4KPHRyPjx0ZCBhbGlnbj0ibGVmdCIgc3R5bGU9ImJvcmRlcjpzb2xpZCAycHggI2ZhNjBhMjsiPjxkaXYgc3R5bGU9Im92ZXJmbG93LXk6c2Nyb2xsOyB3aWR0aDo3MCU7IGhlaWdodDoxMDBweDsiPgogIAo8L2Rpdj48L3RkPjwvdHI+PC90YWJsZT4KPCEtLeKWsui/lOWTgeODu+S6pOaPm+ODu+WPlua2iC0tPjwhLS3ilqAtLT48Zm9udCBzaXplPSItMSI+PGJyPjwvZm9udD48YnI+PHN0eWxlIFRZUEU9InRleHQvY3NzIj4KPCEtLQp0ZC5pbnZlbnRvcnkgZm9udHtmb250LXNpemU6MTBweDtjb2xvcjojODk4OTg5O30KdGQuaW52ZW50b3J5e3dvcmQtd3JhcDpicmVhay13b3JkO3dpZHRoOjE1MHB4O30KLS0+Cjwvc3R5bGU+Cgo8dGFibGUgd2lkdGg9Ijc0MCIgYm9yZGVyPSIxIiBjZWxsc3BhY2luZz0iMCIgY2VsbHBhZGRpbmc9IjEiIGJvcmRlcmNvbG9yPSIjY2NjY2NjIj4gCgk8dHI+Cgk8dGQgY29sc3Bhbj0iMyIgYWxpZ249ImNlbnRlciI+PGZvbnQgc2l6ZT0iLTEiIGNvbG9yPSIjMzMzMzMzIj7imIVCRVNUIElURU3imIU8L2ZvbnQ+PC90ZD4KCTwvdHI+ICAKCTx0cj4KCTx0ZD48aW1nIHNyYz0iaHR0cDovL2ltYWdlLnJha3V0ZW4uY28uanAvaGFwcHlzaG9wL2NhYmluZXQvMjAxNzA0L2NoLTY2NTM5MC0wLmpwZyIgYWx0PSIiIHdpZHRoPSIyNDUiIGhlaWdodD0iMjQ1IiBib3JkZXI9IjAiIC8+PC90ZD4KCTx0ZD48aW1nIHNyYz0iaHR0cHM6Ly9pbWFnZS5yYWt1dGVuLmNvLmpwL2hhcHB5c2hvcC9jYWJpbmV0LzIwMTcwNS9jaC02OTc0ODItMDAuanBnIiBhbHQ9IiIgd2lkdGg9IjI0NSIgaGVpZ2h0PSIyNDUiIGJvcmRlcj0iMCIgLz48L3RkPgoJPHRkPjxpbWcgc3JjPSJodHRwOi8vd3d3LnJha3V0ZW4ubmUuanAvZ29sZC9oYXBweXNob3Avc3lvaGluX2ltZy9jaC8yMDE2MDQvY2gtNjI0MjYyLTAwMC5qcGciIGFsdD0iIiB3aWR0aD0iMjQ1IiBoZWlnaHQ9IjI0NSIgYm9yZGVyPSIwIiAvPjwvdGQ+ICAgICAgICAgICAgICAgICAgICAgICAgICAgICAgICAKCTwvdHI+ICAKICAgICAgCiAgPHRyPgoJPHRkIGFsaWduPSJjZW50ZXIiIGJnY29sb3I9IiNmZmZmZmYiPjxmb250IHNpemU9Ii0xIiBjb2xvcj0iIzMzMzMzMyI+VuODjeODg+OCr+ODrOODvOOCueODluODqeOCpuOCuTwvZm9udD48L3RkPgoJPHRkIGFsaWduPSJjZW50ZXIiIGJnY29sb3I9IiNmZmZmZmYiPjxmb250IHNpemU9Ii0xIiBjb2xvcj0iIzMzMzMzMyI+6KKW44Os44O844K544OV44Oq44Or44OI44OD44OX44K5PC9mb250PjwvdGQ+Cgk8dGQgYWxpZ249ImNlbnRlciIgYmdjb2xvcj0iI2ZmZmZmZiI+PGZvbnQgc2l6ZT0iLTEiIGNvbG9yPSIjMzMzMzMzIj7oirHmn4Tjg6zjg7zjgrnjg5bjg6njgqbjgrk8L2ZvbnQ+PC90ZD4gICAgICAgICAgICAgICAgICAgICAgICAgICAgICAgIAogIDwvdHI+ICAgCgogIAk8dHI+Cgk8dGQ+PGltZyBzcmM9Imh0dHA6Ly93d3cucmFrdXRlbi5uZS5qcC9nb2xkL2hhcHB5c2hvcC9pbWcva3lvdHUtYmlnL2t5b3R1LWJpZy0xNzA0MTItNS5qcGciIGFsdD0iIiB3aWR0aD0iMjQ1IiBoZWlnaHQ9IjI0NSIgYm9yZGVyPSIwIiAvPjwvdGQ+Cgk8dGQ+PGltZyBzcmM9Imh0dHA6Ly93d3cucmFrdXRlbi5uZS5qcC9nb2xkL2hhcHB5c2hvcC9pbWcva3lvdHUtYmlnL2t5b3R1LWJpZy0xNzA0MTItNi5qcGciIGFsdD0iIiB3aWR0aD0iMjQ1IiBoZWlnaHQ9IjI0NSIgYm9yZGVyPSIwIiAvPjwvdGQ+Cgk8dGQ+PGltZyBzcmM9Imh0dHBzOi8vdGh1bWJuYWlsLmltYWdlLnJha3V0ZW4uY28uanAvQDBfbWFsbC9oYXBweXNob3AvY2FiaW5ldC8yMDE2MDcvY2gtNjI0NTk1XzAuanBnIiBhbHQ9IiIgd2lkdGg9IjI0NSIgaGVpZ2h0PSIyNDUiIGJvcmRlcj0iMCIgLz48L3RkPiAgICAgICAgICAgICAgICAgICAgICAgICAgICAgICAgCgk8L3RyPiAgCiAgICAgIAogIDx0cj4KCTx0ZCBhbGlnbj0iY2VudGVyIiBiZ2NvbG9yPSIjZmZmZmZmIj48cD48Zm9udCBzaXplPSItMSIgY29sb3I9IiMzMzMzMzMiPua3se+8tuODjeODg+OCr+ODleODrOOCouODr+ODs+ODlOODvOOCuTwvZm9udD48YnIgLz4KICAgIDwvcD48L3RkPgoJPHRkIGFsaWduPSJjZW50ZXIiIGJnY29sb3I9IiNmZmZmZmYiPjxmb250IHNpemU9Ii0xIiBjb2xvcj0iIzMzMzMzMyI+44Op44OD44OX44OH44K244Kk44Oz6Iqx5p+E44Ov44Oz44OU44O844K5PC9mb250PjwvdGQ+Cgk8dGQgYWxpZ249ImNlbnRlciIgYmdjb2xvcj0iI2ZmZmZmZiI+PGZvbnQgc2l6ZT0iLTEiIGNvbG9yPSIjMzMzMzMzIj7oo77jg5Xjg6rjg6vliIfjgormm7/jg6rjg43jg7Pjg6/jg7Pjg5Tjg7zjgrk8L2ZvbnQ+PC90ZD4gICAgICAgICAgICAgICAgICAgICAgICAgICAgICAgIAogIDwvdHI+ICAKICAJPHRyPgoJPHRkPjxpbWcgc3JjPSJodHRwOi8vaW1hZ2UucmFrdXRlbi5jby5qcC9oYXBweXNob3AvY2FiaW5ldC8yMDE3MDQvbnMteWwyNzY2LTAwLmpwZyIgYWx0PSIiIHdpZHRoPSIyNDUiIGhlaWdodD0iMjQ1IiBib3JkZXI9IjAiIC8+PC90ZD4KCTx0ZD48aW1nIHNyYz0iaHR0cHM6Ly9pbWFnZS5yYWt1dGVuLmNvLmpwL2hhcHB5c2hvcC9jYWJpbmV0LzIwMTYwNi9zcy1tYWtpc2ktMjAxMzA1bWIwMC5qcGciIGFsdD0iIiB3aWR0aD0iMjQ1IiBoZWlnaHQ9IjI0NSIgYm9yZGVyPSIwIiAvPjwvdGQ+Cgk8dGQ+PGltZyBzcmM9Imh0dHA6Ly9pbWFnZS5yYWt1dGVuLmNvLmpwL2hhcHB5c2hvcC9jYWJpbmV0LzIwMTcwMDQvY2gtNjY4MDk3LTAwMC5qcGciIGFsdD0iIiB3aWR0aD0iMjQ1IiBoZWlnaHQ9IjI0NSIgYm9yZGVyPSIwIiAvPjwvdGQ+ICAgICAgICAgICAgICAgICAgICAgICAgICAgICAgICAKCTwvdHI+ICAKICAgICAgCiAgPHRyPgoJPHRkIGFsaWduPSJjZW50ZXIiIGJnY29sb3I9IiNmZmZmZmYiPjxwPjxmb250IHNpemU9Ii0xIiBjb2xvcj0iIzMzMzMzMyI+5YiH5pu/44K344OV44Kp44Oz44Ov44Oz44OU44O844K54piFUy00WEwgPC9mb250PjxiciAvPgogICAgPC9wPjwvdGQ+Cgk8dGQgYWxpZ249ImNlbnRlciIgYmdjb2xvcj0iI2ZmZmZmZiI+PGZvbnQgc2l6ZT0iLTEiIGNvbG9yPSIjMzMzMzMzIj7pgbjjgbnjgovjgr/jgqTjg5fimIXliIfmm7/jg57jgq3jgrfjg6/jg7Pjg5Tjg7zjgrk8L2ZvbnQ+PC90ZD4KCTx0ZCBhbGlnbj0iY2VudGVyIiBiZ2NvbG9yPSIjZmZmZmZmIj48Zm9udCBzaXplPSItMSIgY29sb3I9IiMzMzMzMzMiPuODm+ODq+OCv+ODvOODjeODg+OCr+ODnuOCreOCt+ODr+ODs+ODlOODvOOCuTwvZm9udD48L3RkPiAgICAgICAgICAgICAgICAgICAgICAgICAgICAgICAgCiAgPC90cj4gICAgCiAgICAgIAogIAk8dHI+Cgk8dGQ+PGltZyBzcmM9Imh0dHA6Ly9pbWFnZS5yYWt1dGVuLmNvLmpwL2hhcHB5c2hvcC9jYWJpbmV0LzIwMTcwMDQvbnMtZnoxMjMzLTAuanBnIiBhbHQ9IiIgd2lkdGg9IjI0NSIgaGVpZ2h0PSIyNDUiIGJvcmRlcj0iMCIgLz48L3RkPgoJPHRkPjxpbWcgc3JjPSJodHRwOi8vaW1hZ2UucmFrdXRlbi5jby5qcC9oYXBweXNob3AvY2FiaW5ldC8yMDE3MDQva21iMDAwMV8wMDAwLmpwZyIgYWx0PSIiIHdpZHRoPSIyNDUiIGhlaWdodD0iMjQ1IiBib3JkZXI9IjAiIC8+PC90ZD4KCTx0ZD48aW1nIHNyYz0iaHR0cHM6Ly90aHVtYm5haWwuaW1hZ2UucmFrdXRlbi5jby5qcC9AMF9tYWxsL2hhcHB5c2hvcC9jYWJpbmV0LzAxMjQ4MDc3LzAyMjcwODA1L2xhZHkvNDk3MjIxX21iX2xpbWUuanBnIiBhbHQ9IiIgd2lkdGg9IjI0NSIgaGVpZ2h0PSIyNDUiIGJvcmRlcj0iMCIgLz48L3RkPiAgICAgICAgICAgICAgICAgICAgICAgICAgICAgICAgCgk8L3RyPiAgCiAgICAgIAogIDx0cj4KCTx0ZCBhbGlnbj0iY2VudGVyIiBiZ2NvbG9yPSIjZmZmZmZmIj48cD48Zm9udCBzaXplPSItMSIgY29sb3I9IiMzMzMzMzMiPjfliIbkuIjjgrfjg7Pjg5fjg6vjg6njgqTjg7Pjg5Hjg7Pjg4TimIVTLVhYTDwvZm9udD48YnIgLz4KICAgIDwvcD48L3RkPgoJPHRkIGFsaWduPSJjZW50ZXIiIGJnY29sb3I9IiNmZmZmZmYiPjxmb250IHNpemU9Ii0xIiBjb2xvcj0iIzMzMzMzMyI+44Ov44Kk44OJ44OV44Os44Ki44OR44Oz44OEPC9mb250PjwvdGQ+Cgk8dGQgYWxpZ249ImNlbnRlciIgYmdjb2xvcj0iI2ZmZmZmZiI+PGZvbnQgc2l6ZT0iLTEiIGNvbG9yPSIjMzMzMzMzIj4g6KO+44OV44Oq44Or5YiH44KK5pu/44Oq44ON44Oz44Ov44Oz44OU44O844K5PC9mb250PjwvdGQ+ICAgICAgICAgICAgICAgICAgICAgICAgICAgICAgICAKICA8L3RyPiAgICAKICAgICAgICAgICAgCjwvdGFibGU+,44CQ44Oh44O844Or5L6/44CB6YCB5paZ54Sh5paZ44CR4piF44CQ6LWk5a2X6Kaa5oKf44CR4piF44Oq44Op44OD44Kv44K544K544K/44Kk44Or4pmq44Ov44Kk44OJ44OV44Os44Ki44OR44Oz44OEIOODleODrOOCouODkeODs+ODhOODqOOCrOODkeODs+ODhOOCrOOCpuODgeODp+ODkeODs+ODhOODnuOCv+ODi+ODhuOCo+ODlOODqeODhuOCo+OCueOCuuODs+ODkOOCuOODoOODkeODs+ODhEdZTeOAgeODreODs+OCsCDjgqTjg7Pjg5Ljg7zjg6vjgrnjg4vjg7zjgqvjg7zjg6/jgqTjg4njg5Hjg7Pjg4TvvIzjgrnjgqvjg7zjg4Hjg6fvvIzjgrnjgqvjg7Pjg4TvvJpoYXBweXNob3A=,44Oe44Kt44K344Ov44Oz44OU44Oa44Oz44K344Or44K544Kr44O844OI44K544Od44O844OE44K944OD44Kv44K544Kr44Os44OD44K444Ks44O844Or44K644Kz44K544OR5pyN44GW44Gj44GP44KK44OL44OD44OI44Os44Ku44OR44Oz44Oi44OO44OI44O844Oz44OL44OD44OI5bi95a2Q44OT44O844OB44K344OG44Kj44Ks44O844Or44Ks44Km44OB44On44OR44Oz44OE44Kt44Or44OG44Kj44Oz44Kw5Y6a5bqV44Ot44O844OV44Kh44O844OB44Kn44OD44Kv44K344Oj44OE44GW44Gj44GP44KK44OL44OD44OI44Kr44O844OH44Kj44Ks44Oz44K444Oj44Oz44K544Kr44OA44O844Oq44Oz44OL44OD44OI44K/44Kk44OI44K544Kr44O844OI5rC0552A77yn44K444Oj44Oz44CQ44Oh44O844Or5L6/44CB6YCB5paZ54Sh5paZ44CR4piF44CQ6LWk5a2X6Kaa5oKf44CR4piF44Oq44Op44OD44Kv44K544K544K/44Kk44Or4pmq44Ov44Kk44OJ44OV44Os44Ki44OR44Oz44OEIOODleODrOOCouODkeODs+ODhOODqOOCrOODkeODs+ODhOOCrOOCpuODgeODp+ODkeODs+ODhOODnuOCv+ODi+ODhuOCo+ODlOODqeODhuOCo+OCueOCuuODs+ODkOOCuOODoOODkeODs+ODhEdZTeOAgeODreODs+OCsCDjgqTjg7Pjg5Ljg7zjg6vjgrnjg4vjg7zjgqvjg7zjg6/jgqTjg4njg5Hjg7Pjg4TvvIzjgrnjgqvjg7zjg4Hjg6fvvIzjgrnjgqvjg7Pjg4Q=,4piF44Oq44Op44OD44Kv44K544K544K/44Kk44Or4pmq44Ov44Kk44OJ44OV44Os44Ki44OR44Oz44OE44CC44CQ44Oh44O844Or5L6/44CB6YCB5paZ54Sh5paZ44CR4piF44CQ6LWk5a2X6Kaa5oKf44CR4piF44Oq44Op44OD44Kv44K544K544K/44Kk44Or4pmq44Ov44Kk44OJ44OV44Os44Ki44OR44Oz44OEIOODleODrOOCouODkeODs+ODhOODqOOCrOODkeODs+ODhOOCrOOCpuODgeODp+ODkeODs+ODhOODnuOCv+ODi+ODhuOCo+ODlOODqeODhuOCo+OCueOCuuODs+ODkOOCuOODoOODkeODs+ODhEdZTeOAgeODreODs+OCsCDjgqTjg7Pjg5Ljg7zjg6vjgrnjg4vjg7zjgqvjg7zjg6/jgqTjg4njg5Hjg7Pjg4TvvIzjgrnjgqvjg7zjg4Hjg6fvvIzjgrnjgqvjg7Pjg4Q=[rn]
34-75295,aHR0cDovL3RzaG9wLnIxMHMuanAvYXJpYWZyZXJlL2NhYmluZXQvMDM2Mjg3MjUvMDQzNDU4MTMvaW1ncmMwMDY4MjM2MTIxLmpwZz9maXRpbj03MDA6NzAw,MTAzNi44MDAw,,44K544Od44O844OE44O744Ki44Km44OI44OJ44KiID4g44Oo44Ks44O744OU44Op44OG44Kj44K5ID4g44Km44Kn44KiID4g44OR44Oz44OE,44CQ44Oh44O844Or5L6/6YCB5paZ54Sh5paZ44CR44CQ44K144Or44Ko44Or44Oo44Ks44OR44Oz44OE44CRIOODqOOCrCDjgqjjgq/jgrXjgrXjgqTjgrog44OA44Oz44K5IOODmeODquODvCDjg6rjg6njg4Pjgq/jgrkg44K144Or44Ko44Or44CA44OR44Oz44OEIOOCpuOCqOOCoiDjgrjjg6Pjg7zjgrgg44Ki44Op44K444Oz44OR44Oz44OEIOOChuOCi+ODkeODsyDjg63jg4Pjg5fjg4kgN+WIhuS4iOOAkC1CLeOAkQ==,44Oh44O844Or5L6/6YCB5paZ54Sh5paZ77yB44GK5rSS6JC944Gq44K144Or44Ko44Or44OR44Oz44OE44CC44Oo44Ks44CB44OA44Oz44K544Gr77yB,PGltZyBzcmM9Imh0dHA6Ly9pbWFnZS5yYWt1dGVuLmNvLmpwL2FyaWFmcmVyZS9jYWJpbmV0LzAzNjI4NzI1LzA0MzQ1ODEzL2ltZ3JjMDA2ODIzNjEyMS5qcGciPjxicj48YnI+CjxpbWcgc3JjPSJodHRwOi8vaW1hZ2UucmFrdXRlbi5jby5qcC9hcmlhZnJlcmUvY2FiaW5ldC8wMzYyODcyNS8wNDM0NTgxMy9pbWdyYzAwNjgyMzYxMjIuanBnIj48YnI+PGJyPgo8aW1nIHNyYz0iaHR0cDovL2ltYWdlLnJha3V0ZW4uY28uanAvYXJpYWZyZXJlL2NhYmluZXQvMDM2Mjg3MjUvMDQzNDU4MTMvaW1ncmMwMDY4MjM2MTIzLmpwZyI+PGJyPjxicj4KPGltZyBzcmM9Imh0dHA6Ly9pbWFnZS5yYWt1dGVuLmNvLmpwL2FyaWFmcmVyZS9jYWJpbmV0LzAzNjI4NzI1LzA0MzQ1ODEzL2ltZ3JjMDA2ODIzNjEyNC5qcGciPjxicj48YnI+CjxpbWcgc3JjPSJodHRwOi8vaW1hZ2UucmFrdXRlbi5jby5qcC9hcmlhZnJlcmUvY2FiaW5ldC8wMzYyODcyNS8wNDM0NTgxMy9pbWdyYzAwNjgyMzYxMjUuanBnIj48YnI+PGJyPgo8aW1nIHNyYz0iaHR0cDovL2ltYWdlLnJha3V0ZW4uY28uanAvYXJpYWZyZXJlL2NhYmluZXQvMDMwMjE3MTYvaW1ncmMwMDY0Mzc1ODg5LmpwZyI+PGJyPjxicj4KCgoKPGEgaHJlZj0iaHR0cDovL2V2ZW50LnJha3V0ZW4uY28uanAvYXN1cmFrdS9hYm91dC8iPjxpbWcKc3JjPSJodHRwOi8vaW1hZ2UucmFrdXRlbi5jby5qcC9jb20vaW1nL3Jtcy9jYWJpbmV0L3JlY29tbWVuZF9uZXcvaW1nMDAwMDA0MTIuanBnIiBib3JkZXI9IjAiIHdpZHRoPSI3MTAiIGhlaWdodD0iMTI3IiA+PC9hPjxicj48YnI+Cgo8YSBocmVmPSJodHRwOi8vcmV2aWV3LnJha3V0ZW4uY28uanAvaG93dG8vd3JpdGUvIj48aW1nCnNyYz0iaHR0cDovL2ltYWdlLnJha3V0ZW4uY28uanAvYXJpYWZyZXJlL2NhYmluZXQvMDMwMjE3MTYvaW1nNjMyOTc1NzAuZ2lmIiBib3JkZXI9IjAiICA+PC9hPjxicj4KPGZvbnQgY29sb3I9IiNGRjAwMDAiPuKAu+OBk+OBoeOCieOBruWVhuWTgeOBr+ODqeODg+ODlOODs+OCsOOBr+OBiuWPl+OBkeOBp+OBjeOBvuOBm+OCk+OBruOBp+S6iOOCgeOBlOS6huaJv+OBj+OBoOOBleOBhOOAgjwvZm9udD48YnI+PGJyPgrjgJDjg6Hjg7zjg6vkvr/phY3pgIHjgarjgonpgIHmlpnnhKHmlpnjgJHjgJDlhagxMeiJsuOBi+OCiemBuOOBueOCi+OCteODq+OCqOODq+ODqOOCrOODkeODs+ODhOOAkTxicj4K44Oo44Ks44CB44Ob44OD44OI44Oo44Ks44CB44OI44Os44O844OL44Oz44Kw44Gr5omL6Lu944Gr552A44KM44KL44Oo44Ks44OR44Oz44OE44Gn44GZ44CC6YCf5Lm+5oCn44CB5ZC45Y+O5oCn5oqc576k44CB44Os44O844Oo44Oz57Sg5p2Q44Gn6IKM6Kem44KK44GM6Imv44GP44Od44Kx44OD44OI44GM5LuY44GE44Gm44KL44Gu44Gn44Or44O844Og44Km44Ko44Ki44Go44GX44Gm44KC5L2/44GI44G+44GZ4pmqPGJyPjxicj4KCuKWoOiJsuOAgCDjgIDjgIDjgIDlhagxMeiJsjxicj4K4pag44K144Kk44K644CA44CAIOODleODquODvOOCteOCpOOCujxicj4K44CA44CA44CA44CA44CA44CAIOiFsOW5hSDntIQzMGNt772eNTBjbe+8iOW5s+e9ruWvuOazle+8iTxicj4K44CA44CA44CA44CA44CA44CAIOiCoeS4iyDntIQ0NmNtPGJyPgrilqDphY3pgIHmlrnms5XjgIAg44Oh44O844Or5L6/44Gr44Gm6YWN6YCB44GE44Gf44GX44G+44GZ44CCCuKAu+WuhemFjeS+v+OChOS7o+W8leaxuua4iOOCkuOBlOW4jOacm+OBruWgtOWQiOOBr+OAgeWIpemAlOmAgeaWmeWPiuOBs+aJi+aVsOaWmeOBjOeZuueUn+OBhOOBn+OBl+OBvuOBmeOAgjxicj4K4pag55Sf55Sj5Zu944CA44CAIOOCv+OCpDxicj48YnI+CgoK4oC744GK5a6i5qeY44Gu44GU6Kan44Gr44Gq44KJ44KM44G+44GZ44CB44OR44K944Kz44Oz5qmf5Zmo5Y+K44Gz44Oi44OL44K/44O844Gq44Gp44Gu6YGV44GE44Gr44KI44KK44CB5a6f6Zqb44Gu5ZWG5ZOB44Gu44GK6Imy44Go5aSa5bCR44Gu55u46YGV44GM55Sf44GY44KL5aC05ZCI44GM44GU44GW44GE44G+44GZ44CCPGJyPgrigLvliJ3jgoHjgabjga7mtJfmv6/jga7pmpvjga/jgIHoibLokL3jgaHjgZnjgovloLTlkIjjgYzjgZTjgZbjgYTjgb7jgZnjga7jgafljYHliIbjgavjgZTms6jmhI/kuIvjgZXjgYTjgII8IS0tLy8g44GK44GZ44GZ44KB44OQ44OK44O8IC8vLS0+CjxpbWcgc3JjPSJodHRwOi8vaW1hZ2UucmFrdXRlbi5jby5qcC9hcmlhZnJlcmUvY2FiaW5ldC8wMzAyMTcxNi9pbWdyYzAwNjU2NjczOTMuanBnIj4=,44CQ44Oh44O844Or5L6/6YCB5paZ54Sh5paZ44CR44CQ44K144Or44Ko44Or44Oo44Ks44OR44Oz44OE44CRIOODqOOCrCDjgqjjgq/jgrXjgrXjgqTjgrog44OA44Oz44K5IOODmeODquODvCDjg6rjg6njg4Pjgq/jgrkg44K144Or44Ko44Or44CA44OR44Oz44OEIOOCpuOCqOOCoiDjgrjjg6Pjg7zjgrgg44Ki44Op44K444Oz44OR44Oz44OEIOOChuOCi+ODkeODsyDjg63jg4Pjg5fjg4kgN+WIhuS4iOOAkC1CLeOAke+8mmFyaWEgZnJlcmU=,44Os44K244O844Km44Kp44Os44OD44OI44Op44Kk44OA44O844K544Km44Kp44Os44OD44OI44OQ44Kk44Kr44O844K644Km44Kp44Os44OD44OI44Km44Kp44Os44OD44OI6Z2p6LKh5biD44Km44Kp44Os44OD44OI44Ot44O844OX44Km44Kp44Os44OD44OI44OB44Kn44O844Oz5pys6Z2p54mb44Kr44O844OT44Oz44Kw44OR44Kk44K944Oz44Kv44Ot44Kz44OA44Kk44Or44Oq44K244O844OJ44Kq44O844K544OI44Oq44OD44OB44K344Or44OQ44O844Ki44Kv44K744K144Oq44O844Oh44Oz44K66ZW36LKh5biD44OI44Os44OD44Kt44Oz44Kw5a+d6KKL44Ki44Km44OI44OJ44Ki44CQ44Oh44O844Or5L6/6YCB5paZ54Sh5paZ44CR44CQ44K144Or44Ko44Or44Oo44Ks44OR44Oz44OE44CRIOODqOOCrCDjgqjjgq/jgrXjgrXjgqTjgrog44OA44Oz44K5IOODmeODquODvCDjg6rjg6njg4Pjgq/jgrkg44K144Or44Ko44Or44CA44OR44Oz44OEIOOCpuOCqOOCoiDjgrjjg6Pjg7zjgrgg44Ki44Op44K444Oz44OR44Oz44OEIOOChuOCi+ODkeODsyDjg63jg4Pjg5fjg4kgN+WIhuS4iOOAkC1CLeOAkQ==,44Oh44O844Or5L6/6YCB5paZ54Sh5paZ77yB44GK5rSS6JC944Gq44K144Or44Ko44Or44OR44Oz44OE44CC44Oo44Ks44CB44OA44Oz44K544Gr77yB44CC44CQ44Oh44O844Or5L6/6YCB5paZ54Sh5paZ44CR44CQ44K144Or44Ko44Or44Oo44Ks44OR44Oz44OE44CRIOODqOOCrCDjgqjjgq/jgrXjgrXjgqTjgrog44OA44Oz44K5IOODmeODquODvCDjg6rjg6njg4Pjgq/jgrkg44K144Or44Ko44Or44CA44OR44Oz44OEIOOCpuOCqOOCoiDjgrjjg6Pjg7zjgrgg44Ki44Op44K444Oz44OR44Oz44OEIOOChuOCi+ODkeODsyDjg63jg4Pjg5fjg4kgN+WIhuS4iOOAkC1CLeOAkQ==[rn]
34-75296,aHR0cDovL3RzaG9wLnIxMHMuanAvdGhldXNhc3VyZi9jYWJpbmV0L2ltZzQ5L29uemllMDAxLmpwZz9maXRpbj03MDA6NzAw,NTE4NC4wMDAw,,44K544Od44O844OE44O744Ki44Km44OI44OJ44KiID4g44Oo44Ks44O744OU44Op44OG44Kj44K5ID4g44Km44Kn44KiID4g44OR44Oz44OE,44Oo44Ks44OR44Oz44OEIDfliIbkuIgg44Os44OH44Kj44O844K5WU9HQSBQQU5UU+OAgE9OWklFIOOCquODs+OCuOODvOOAgDIwMiBDYXByaSBQYW5044CA44OU44Op44OG44Kj44K5IOODm+ODg+ODiOODqOOCrCDjg5XjgqPjg4Pjg4jjg43jgrkg44K644Oz44OQIOOCueODiOODrOODg+ODgSDpgJ/kub4g44Kr44OX44Oq44OR44Oz44OE,44Oo44KsIOODkeODs+ODhOOAgExB44Gn5aSn5Lq65rCX44GuWU9HQeOCouODkeODrOODq++8gQ==,PGltZyBib3JkZXI9MCBhbHQ9T05aSUUgc3JjPSJodHRwOi8vaW1hZ2UucmFrdXRlbi5jby5qcC90aGV1c2FzdXJmL2NhYmluZXQvaW1nMDQvb256aWVfaW1hZ2UuanBnIj4KPEJSPjxCUj48QlI+PGNlbnRlcj48Zm9udCBjb2xvcj0jMDAwMDAwIHNpemU9ND48Yj5PTlpJRTwvYj4g44OW44Op44Oz44OJ44K544OI44O844Oq44O8CjwvZm9udD48L2NlbnRlcj48YnI+PGZvbnQgY29sb3I9IzAwMDAwMCBzaXplPTM+44K544Od44O844OE5aW944GN44Gu5aWz5oCn44Gu54K644Gr6ZaL55m644GV44KM44Gf44Oo44Ks44Km44Kn44Ki44CBT05aSUXjga/jg4fjgrbjgqTjg7Pjga7nmbrmg7PjgYvjgonnlJ/nlKPjgb7jgafjga7lhajpgY7nqIvjgpLjg63jgrXjg7Pjgrzjg6vjgrnjgafooYzjgYbmi5jjgorjgpLmjIHjgaPjgabjgYTjgb7jgZnjgILku4rjgb7jgafjga7jg6jjgqzjgqbjgqfjgqLjgavjga/jgarjgYTmlqzmlrDjgarjg4fjgrbjgqTjg7PjgIHlv6vpganjgarnnYDlv4PlnLDjgYvjgonjgIHku4rjgqvjg6rjg5Xjgqnjg6vjg4vjgqLjgafkuIDnlapIT1Tjgarjg6jjgqzjg5bjg6njg7Pjg4njgajjgZfjgabms6jnm67jgpLmtbTjgbPjgabjgYTjgb7jgZnjgIIK5LiI5aSr44Gn6YCa5rCX5oCn44GM6Imv44GP6YCf5Lm+5oCn44Gr5YSq44KM44Gf57Sg5p2Q44KS5L2/55So44GX44Gm44GE44KL44Gf44KB44CB5aSn6YeP44Gr5rGX44KS44GL44GP44K544Od44O844OE77yI44Ob44OD44OI44Oo44Ks44CB44OU44Op44OG44Kj44K544CB44OV44Kj44OD44OI44ON44K577yJ44Gr44Kq44K544K544Oh44Gn44GZ44CCPC9mb250PjwvY2VudGVyPjxCUj48QlI+PEJSPgo8aW1nIGJvcmRlcj0wIGFsdD1PTlpJRSBzcmM9Imh0dHA6Ly9pbWFnZS5yYWt1dGVuLmNvLmpwL3RoZXVzYXN1cmYvY2FiaW5ldC9pbWcwNC9vbnppZTAyLmpwZyI+PEJSPjxCUj48QlI+CjxpbWcgYm9yZGVyPTAgYWx0PU9OWklFIHNyYz0iaHR0cDovL2ltYWdlLnJha3V0ZW4uY28uanAvdGhldXNhc3VyZi9jYWJpbmV0L2ltZzA0L29uemllMDEuanBnIj48QlI+PEJSPjxCUj4KPGltZyBib3JkZXI9MCBhbHQ9T05aSUUgc3JjPSJodHRwOi8vaW1hZ2UucmFrdXRlbi5jby5qcC90aGV1c2FzdXJmL2NhYmluZXQvaW1nNDkvb256aWUwMDFfNzgwXzEuanBnIj4KPGltZyBib3JkZXI9MCBhbHQ9T05aSUUgc3JjPSJodHRwOi8vaW1hZ2UucmFrdXRlbi5jby5qcC90aGV1c2FzdXJmL2NhYmluZXQvaW1nNDkvb256aWUwMDFfNzgwXzIuanBnIj4KPGltZyBib3JkZXI9MCBhbHQ9T05aSUUgc3JjPSJodHRwOi8vaW1hZ2UucmFrdXRlbi5jby5qcC90aGV1c2FzdXJmL2NhYmluZXQvaW1nNDkvb256aWUwMDFfNzgwXzMuanBnIj48QlI+PEJSPuKXj0xB44Gn5aSn5Lq65rCX44GuWU9HQeOCouODkeODrOODq+OAgU9OWklF44Gu44Oo44Ks44OR44Oz44OE44Gn44GZ44CCPEJSPuOCueODvOODkeODvOOCueODiOODrOODg+ODgee0oOadkOOBruOBn+OCgeOAgemdnuW4uOOBq+S8uOe4ruaAp+OBq+WEquOCjOOBpuOBiuOCiuOAgea/gOOBl+OBhOmBi+WLleOBq+OCguWNgeWIhuOBq+WvvuW/nOOAgjxCUj7ogozop6bjgorjga7oia/jgYTjg6njgqTjgq/jg6nntKDmnZDjga7mn5TjgonjgYvjgarnlJ/lnLDjgYzjgIHnt6DjgoHku5jjgZHmhJ/jga7jgarjgYTjgrnjg4jjg6zjgrnjg5Xjg6rjg7zjgarlsaXjgY3lv4PlnLDjgpLlrp/nj77jgZfjgabjgYTjgb7jgZnjgII8QlI+PEJSPuKXj+awtOOBq+W8t+OBhOmAn+S5vuaAp+OBrue0oOadkOOBquOBruOBp+OAgemBi+WLleS4reOCgua2vOOBl+OBj+W/q+mBqeOBq+mBjuOBlOOBm+OBvuOBmeOAgjxCUj5PTlpJReOBruODqOOCrOODkeODs+ODhOOBr+ODm+ODg+ODiOODqOOCrOOBq+OBr+eUs+OBl+WIhuOBguOCiuOBvuOBm+OCk+OBjOOAgeawtOazs+OAgeOCteODvOODleOCo+ODs+OAgeODqeODs+ODi+ODs+OCsOOAgeODgOODs+OCueOBquOBqeS7luOBruOCueODneODvOODhOOBq+OCgumBqeOBl+OBpuOBiuOCiuOBvuOBmeOAguOBvuOBn+ODleOCoeODg+OCt+ODp+ODiuODluODq+OBquODh+OCtuOCpOODs+OBqOeEoemnhOOBruOBquOBhOe+juOBl+OBhOOCt+ODq+OCqOODg+ODiOOBruOBn+OCgeOAgeaZruauteedgOOBqOOBl+OBpuOCguedgOeUqOOBp+OBjeOCi+OBruOBjOWsieOBl+OBhOODneOCpOODs+ODiOOAgjxCUj48QlI+4peP57Sg5p2Q44CA44Oc44OH44Kj77yaODAl44OK44Kk44Ot44OzIDIwJeOCueODkeODs+ODh+ODg+OCr+OCueOAgOOAgOODqeOCpOODiuODvO+8mjEwMCXjg53jg6rjgqjjgrnjg4bjg6s8QlI+4peP5Y6f55Sj5Zu944CA57Gz5Zu9PEJSPuKXj+OCteOCpOOCuu+8iGNt77yJ77yK44Km44Ko44K544OI44Go5rih44KK44GvMuWAjeOBruaVsOWApDxCUj7jgqbjgqjjgrnjg4jDl+ODkuODg+ODl8OX6IKh5LiKw5fogqHkuIvDl+a4oeOCisOX6KO+5bmFPEJSPlhT44CAJm5ic3A7IDYyw5c3NsOXMjHDlzUww5c0OMOXMTIuNTxCUj5TL03jgIA2NsOXODLDlzIyw5c1MsOXNTDDlzE0PEJSPk0vTOOAgDcyw5c4OMOXMjLDlzUyw5c1MsOXMTQuNTxCUj48QlI+4oC76KGo6KiY44K144Kk44K644Gv5LiA6YOo44Gu5ZWG5ZOB44KS5o6h5a+444GX44Gf57WQ5p6c44Gn44GZ44CC5ZWG5ZOB44Gr44KI44Gj44Gm44Gv5aSa5bCR44Gu6Kqk5beu44GM44Gn44KL5LqL44GM44GU44GW44GE44G+44GZ44Gu44Gn44CB44GU5LqG5om/44GP44Gg44GV44GE44CCPGltZyBzcmM9Imh0dHA6Ly9pbWFnZS5yYWt1dGVuLmNvLmpwL3RoZXVzYXN1cmYvY2FiaW5ldC9pbm5lci9yZXZpZXctMDMuanBnIiBib3JkZXI9IjAiPgo8YnI+Cjxicj4KCjwhLS3jgZPjgZPjgYvjgonmpb3lpKrpg44tLT4KPGRpdiBzdHlsZT0id2lkdGg6NzgwcHg7IG92ZXJmbG93OmhpZGRlbiIgYWxpZ249ImNlbnRlciI+CiAgPHAgc3R5bGU9ImNvbG9yOiMwMDAwMDA7IGZvbnQtc2l6ZToxNnB4OyBmb250LXdlaWdodDpib2xkOyBtYXJnaW46MDsgbGluZS1oZWlnaHQ6MjVweDsgdGV4dC1hbGlnbjpjZW50ZXI7IGJhY2tncm91bmQtY29sb3I6I0Q5RTNFQzsgYm9yZGVyOjFweCBzb2xpZCAjQ0JDQ0NFOyBsZXR0ZXItc3BhY2luZzoycHgiPlRIQU5LIFlPVSBGT1IgVEhFIE9SREVSPC9wPgogIDxkaXYgc3R5bGU9ImJhY2tncm91bmQtY29sb3I6I2U4ZThlODsgbWFyZ2luOjA7IHBhZGRpbmc6NHB4IDAgMCAwOyBoZWlnaHQ6MjUzcHg7Ij4KICAgIAogIDwvZGl2Pgo8L2Rpdj4KPGJyPgogPCEtLeOBk+OBk+OBvuOBp+alveWkqumDji0tPgoKPCEtLeOBk+OBk+OBi+OCiealveWkqumDji0tPgo8dGFibGUgYWxpZ249ImNlbnRlciIgd2lkdGg9Ijc4MCIgYm9yZGVyPSIwIiBjZWxscGFkZGluZz0iMCIgY2VsbHNwYWNpbmc9IjAiIGJnY29sb3I9IiNGRkZGRkYiPgo8dHI+Cjx0ZCBhbGlnbj0iY2VudGVyIiB2YWxpZ249ImJvdHRvbSIgYmdjb2xvcj0iI2NjY2NjYyI+PGltZyBzcmM9Imh0dHA6Ly93d3cucmFrdXRlbi5uZS5qcC9nb2xkL3RoZXVzYXN1cmYvcmV2aWV3X3RpdGxlLmpwZyIgc3R5bGU9Im1heC13aWR0aDo3ODA7IiBpZD0icmV2X2hlYWQiIC8+PC90ZD4KPC90cj4KPC90YWJsZT4KPHRhYmxlIGFsaWduPSJjZW50ZXIiIHdpZHRoPSI3ODAiIGJvcmRlcj0iMCIgY2VsbHBhZGRpbmc9IjAiIGNlbGxzcGFjaW5nPSIxIiBiZ2NvbG9yPSIjQ0NDQ0NDIj4KPHRyPgo8dGQgYWxpZ249ImNlbnRlciIgYmdjb2xvcj0iI0ZGRkZGRiI+,44Oo44Ks44OR44Oz44OEIDfliIbkuIgg44Os44OH44Kj44O844K5WU9HQSBQQU5UU+OAgE9OWklFIOOCquODs+OCuOODvOOAgDIwMiBDYXByaSBQYW5044CA44OU44Op44OG44Kj44K5IOODm+ODg+ODiOODqOOCrCDjg5XjgqPjg4Pjg4jjg43jgrkg44K644Oz44OQIOOCueODiOODrOODg+ODgSDpgJ/kub4g44Kr44OX44Oq44OR44Oz44OE77ya77y077yo77yl44CA77y177yz77yh44CA77yz77y177yy77ym,SFVSTEVZ44OP44O844Os44O8IHTjgrfjg6Pjg4Tjgrnjg47jg7zjg5zjg7zjg4nmsLTnnYAg44Oh44Oz44K644Op44OD44K344Ol44Ks44O844OJTklLRSBTQuODoeODs+OCuuawtOedgCDjgqvjg4PjgrPjgYTjgYTjg5Pjg7zjg4Hjgq/jg6vjg7zjgrbjg7xST1hZUkVFRuOCueODquODg+ODneODs+OCpuOCqOODg+ODiOOCueODvOODhOawtOedgOmAmuiyqURD44K344Ol44O844K644K144O844OV44OR44Oz44OE5rC0552A5L2T5Z6L44Kr44OQ44O8UVVJS1NJTFZFUuODj+ODvOOCt+OCp+ODq+ODiOODoOOCuuOCtOODvOOCsOODqyDjgrnjg47jg5zjg6jjgqzjg5Hjg7Pjg4QgN+WIhuS4iCDjg6zjg4fjgqPjg7zjgrlZT0dBIFBBTlRT44CAT05aSUUg44Kq44Oz44K444O844CAMjAyIENhcHJpIFBhbnTjgIDjg5Tjg6njg4bjgqPjgrkg44Ob44OD44OI44Oo44KsIOODleOCo+ODg+ODiOODjeOCuSDjgrrjg7Pjg5Ag44K544OI44Os44OD44OBIOmAn+S5viDjgqvjg5fjg6rjg5Hjg7Pjg4Q=,44Oo44KsIOODkeODs+ODhOOAgExB44Gn5aSn5Lq65rCX44GuWU9HQeOCouODkeODrOODq++8geOAguODqOOCrOODkeODs+ODhCA35YiG5LiIIOODrOODh+OCo+ODvOOCuVlPR0EgUEFOVFPjgIBPTlpJRSDjgqrjg7Pjgrjjg7zjgIAyMDIgQ2FwcmkgUGFudOOAgOODlOODqeODhuOCo+OCuSDjg5vjg4Pjg4jjg6jjgqwg44OV44Kj44OD44OI44ON44K5IOOCuuODs+ODkCDjgrnjg4jjg6zjg4Pjg4Eg6YCf5Lm+IOOCq+ODl+ODquODkeODs+ODhA==[rn]
34-75297,aHR0cDovL3RzaG9wLnIxMHMuanAvZWxyYWdhcmRlbi9jYWJpbmV0LzA1MDQ2MDU5L2ltZ3JjMDA3MDExODAyNi5qcGc/Zml0aW49NzAwOjcwMA==,NzQzMC40MDAw,,44K544Od44O844OE44O744Ki44Km44OI44OJ44KiID4g44Oo44Ks44O744OU44Op44OG44Kj44K5ID4g44Km44Kn44KiID4g44OR44Oz44OE,44Km44Or44Km44OIIOODkOOCpCDjgrfjgrvjgqTjgrnjg4gg44Ot44Oz44Kw44OR44Oz44OEIFVST1VURSBieSBzaGlzZWlzdCDjg4fjgrXjg7Pjg4gg44Op44OV44Kj44OK44OzIOW4neS6uuOAkOmAgeaWmeeEoeaWmeOAkQ==,44Km44Or44Km44OIIOODkOOCpCDjgrfjgrvjgqTjgrnjg4gg44Ot44Oz44Kw44OR44Oz44OEIOODh+OCteODs+ODiA==,PHN0eWxlPgoubW9qaXsKZm9udC1mYW1pbHk6ICLjg5Ljg6njgq7jg47op5LjgrQgUHJvIFczIiwgIkhpcmFnaW5vIEtha3UgR290aGljIFBybyIsICLjg6HjgqTjg6rjgqoiLCBNZWlyeW8sIE9zYWthLCLvvK3vvLMg77yw44K044K344OD44KvIiwgIk1TIFBHb3RoaWMiLCBzYW5zLXNlcmlmOwpsZXR0ZXItc3BhY2luZzowLjhwdDsKbGluZS1oZWlnaHQ6MTYwJTsKIH0KIC5tb2ppMnsKZm9udC1mYW1pbHk6ICLjg5Ljg6njgq7jg47op5LjgrQgUHJvIFczIiwgIkhpcmFnaW5vIEtha3UgR290aGljIFBybyIsICLjg6HjgqTjg6rjgqoiLCBNZWlyeW8sIE9zYWthLCLvvK3vvLMg77yw44K044K344OD44KvIiwgIk1TIFBHb3RoaWMiLCBzYW5zLXNlcmlmOwpsZXR0ZXItc3BhY2luZzowLjhwdDsKIH0KCjwvc3R5bGU+Cjx0YWJsZSB3aWR0aD0iNzA5IiBib3JkZXI9IjAiIGNlbGxzcGFjaW5nPSIwIiBjZWxscGFkZGluZz0iMCI+CiAgPHRyPgogICAgPHRkIGhlaWdodD0iNTAiIGNvbHNwYW49IjIiIGFsaWduPSJjZW50ZXIiIGNsYXNzPSJtb2ppMiI+44Km44Or44Km44OIIOODkOOCpCDjgrfjgrvjgqTjgrnjg4gg44Ot44Oz44Kw44OR44Oz44OEIFVST1VURSBieSBzaGlzZWlzdCDjg4fjgrXjg7Pjg4g8L2ZvbnQ+PC90ZD4KICA8L3RyPgogIDx0cj4KICAgIDx0ZCBoZWlnaHQ9IjEwMyIgY29sc3Bhbj0iMiIgYWxpZ249InJpZ2h0Ij48cD48aW1nIHNyYz0iaHR0cDovL2ltYWdlLnJha3V0ZW4uY28uanAvZWxyYWdhcmRlbi9jYWJpbmV0LzA1MDQ2MDU5L2ltZ3JjMDA3MDExODAyNy5qcGciIGFsdD0iIi8+PC9wPjwvdGQ+CiAgPC90cj4KICA8dHI+CiAgICA8dGQgaGVpZ2h0PSI1OSIgY29sc3Bhbj0iMiI+Jm5ic3A7PC90ZD4KICA8L3RyPgogIDx0cj4KICAgIDx0ZCBoZWlnaHQ9IjcxIiBjb2xzcGFuPSIyIj48c3BhbiBjbGFzcz0ibW9qaSI+44K/44Kk44OI44Gr552A55So44GZ44KLMTDliIbkuIjjga7jg63jg7PjgrDjg5Hjg7Pjg4Tjgr/jgqTjg5fjgafjgZnjgII8YnIgLz4KICAgICAg6IKM44Gr5a+G552A44GZ44KL6YOo5YiG44GM5aSa44GP44CB44GK6IKM44Gr44Gv44KK44O744OE44Ok44O744GG44KL44GK44GE44KS5LiO44GI44G+44GZ44CCPGJyIC8+CiAgICA8L3NwYW4+PC90ZD4KICA8L3RyPgogIDx0cj4KICAgIDx0ZCBoZWlnaHQ9IjU4IiBjb2xzcGFuPSIyIj4mbmJzcDs8L3RkPgogIDwvdHI+CiAgPHRyPgogICAgPHRkIGhlaWdodD0iMzciIGNvbHNwYW49IjIiIGFsaWduPSJsZWZ0IiBjbGFzcz0ibW9qaSI+PGltZyBzcmM9Imh0dHA6Ly9pbWFnZS5yYWt1dGVuLmNvLmpwL2VscmFnYXJkZW4vY2FiaW5ldC8wNTA0NjA1OS9pbWdyYzAwNzAxMTgwMjUuanBnIiBhbHQ9IiIgYm9yZGVyPSIwIiAvPjwvdGQ+CiAgPC90cj4KICA8dHI+CiAgICA8dGQgaGVpZ2h0PSIzNSIgY29sc3Bhbj0iMiIgYWxpZ249ImxlZnQiPiZuYnNwOzwvdGQ+CiAgPC90cj4KICA8dHI+CiAgICA8dGQgaGVpZ2h0PSIzNSIgY29sc3Bhbj0iMiIgYWxpZ249ImxlZnQiPjxzcGFuIGNsYXNzPSJtb2ppIj7ml6XluLjnlJ/mtLvjgYvjgonnvo7jgajlgaXlurfjgpLlv5zmj7TjgZnjgovjgIzjgrfjgrvjgqTjgrnjg4jjgI3jg5bjg6njg7Pjg4njga48YnIgLz4K5paw44Gf44Gq44Kr44OG44K044Oq44O844CMVVJPVVRFIGJ5IHNoaXNlaXN077yI44Km44Or44Km44OI44OQ44Kk44K344K744Kk44K544OI77yJ44CN44Ki44Kk44OG44Og44CCPGJyIC8+CuaXpeacrOWIneODu+OCpuOCp+OCoualreeVjOWIneOBruWMlueyp+WTgeOCpuOCqOOCouOBp+OBmeOAgjxiciAvPgrjgqbjgqfjgqLjgavphY3lkIjjgZXjgozjgZ/lvLHphbjmgKfmiJDliIbjga7jg6rjg7PjgrTphbjvvIjigLsx77yJ44GM44GK6IKM44Go6Kem44KM5ZCI44GG44GT44Go44Gn44CB44GK6IKM44Gr44Gv44KK44O744OE44Ok44O744GG44KL44GK44GE44KS5LiO44GI44G+44GZ44CCPGJyIC8+CuOBguOCiuOBneOBhuOBp+OBquOBi+OBo+OBn+OAgeedgOOBpue+juiCjOWPtuOBiOOCi+WMlueyp+WTgeOBp+OBmeOAgjxiciAvPgo8YnIgLz4KPGZvbnQgc2l6ZT0iMiI+4oC7MSDjga/jgorjg7vjg4Tjg6Tjg7vjgYbjgovjgYrjgYTjgpLkuI7jgYjjgovmiJDliIY8L2ZvbnQ+PGJyIC8+CiAgICA8L3NwYW4+PC90ZD4KICA8L3RyPgogIDx0cj4KICAgIDx0ZCBoZWlnaHQ9IjU4IiBjb2xzcGFuPSIyIiBhbGlnbj0ibGVmdCI+Jm5ic3A7PC90ZD4KICA8L3RyPgogIDx0cj4KICAgIDx0ZCBoZWlnaHQ9IjU4IiBjb2xzcGFuPSIyIiBhbGlnbj0iY2VudGVyIj48c3BhbiBjbGFzcz0ibW9qaSI+PGltZyBzcmM9Imh0dHA6Ly9pbWFnZS5yYWt1dGVuLmNvLmpwL2VscmFnYXJkZW4vY2FiaW5ldC8wNTA0NjA1OS9pbWdyYzAwNzAxMTQ2MDIuanBnIiBhbHQ9IiIgYm9yZGVyPSIwIiAvPjwvc3Bhbj48L3RkPgogIDwvdHI+CiAgPHRyPgogICAgPHRkIGhlaWdodD0iNTgiIGNvbHNwYW49IjIiIGFsaWduPSJsZWZ0Ij48c3BhbiBjbGFzcz0ibW9qaSI+PGltZyBzcmM9Imh0dHA6Ly9pbWFnZS5yYWt1dGVuLmNvLmpwL2VscmFnYXJkZW4vY2FiaW5ldC8wNTA0NjA1OS9pbWdyYzAwNzAxMTQ2MDMuanBnIiBhbHQ9IiIgYm9yZGVyPSIwIiAvPjwvc3Bhbj48L3RkPgogIDwvdHI+CiAgPHRyPgogICAgPHRkIGhlaWdodD0iNTgiIGNvbHNwYW49IjIiIGFsaWduPSJsZWZ0Ij4mbmJzcDs8L3RkPgogIDwvdHI+CiAgPHRyPgogICAgPHRkIGhlaWdodD0iMzgiIGNvbHNwYW49IjIiIGFsaWduPSJyaWdodCI+PGZvbnQgc2l6ZT0iMiIgY2xhc3M9Im1vamkiPuKGk+OCr+ODquODg+OCr+OBp+aLoeWkp+eUu+WDj+OCkuOBlOimp+OBhOOBn+OBoOOBkeOBvuOBmTwvZm9udD48L3RkPgogIDwvdHI+CiAgPHRyPgogICAgPHRkIHdpZHRoPSI0MDAiIGhlaWdodD0iMzgiIGFsaWduPSJjZW50ZXIiPjxhIGhyZWY9Imh0dHA6Ly9pbWFnZS5yYWt1dGVuLmNvLmpwL2VscmFnYXJkZW4vY2FiaW5ldC8wNTA0NjA1OS9pbWdyYzAwNzAxMTgwODQuanBnIiB0YXJnZXQ9Il9ibGFuayI+PGltZyBzcmM9Imh0dHA6Ly9pbWFnZS5yYWt1dGVuLmNvLmpwL2VscmFnYXJkZW4vY2FiaW5ldC8wNTA0NjA1OS9pbWdyYzAwNzAxMTgwODQuanBnIiBhbHQ9IiIgd2lkdGg9IjM4MCIgYm9yZGVyPSIwIiAvPjwvYT48L3RkPgogICAgPHRkIHdpZHRoPSI0MDAiIGhlaWdodD0iMzgiIGFsaWduPSJjZW50ZXIiPjxhIGhyZWY9Imh0dHA6Ly9pbWFnZS5yYWt1dGVuLmNvLmpwL2VscmFnYXJkZW4vY2FiaW5ldC8wNTA0NjA1OS9pbWdyYzAwNzAxMTgwODMuanBnIiB0YXJnZXQ9Il9ibGFuayI+PGltZyBzcmM9Imh0dHA6Ly9pbWFnZS5yYWt1dGVuLmNvLmpwL2VscmFnYXJkZW4vY2FiaW5ldC8wNTA0NjA1OS9pbWdyYzAwNzAxMTgwODMuanBnIiBhbHQ9IiIgd2lkdGg9IjM4MCIgYm9yZGVyPSIwIiAvPjwvYT48L3RkPgogIDwvdHI+CiAgPHRyPgogICAgPHRkIGhlaWdodD0iMTA5IiBjb2xzcGFuPSIyIiBhbGlnbj0icmlnaHQiIGNsYXNzPSJtb2ppIj4mbmJzcDs8L3RkPgogIDwvdHI+CiAgPHRyPgogICAgPHRkIGhlaWdodD0iMTA5IiBjb2xzcGFuPSIyIiBhbGlnbj0iY2VudGVyIiBjbGFzcz0ibW9qaSI+PGltZyBzcmM9Imh0dHA6Ly9pbWFnZS5yYWt1dGVuLmNvLmpwL2VscmFnYXJkZW4vY2FiaW5ldC8wNTA0NjA1OS9pbWdyYzAwNzAyMTMwMjIuanBnIiBib3JkZXI9IjAiIC8+PC90ZD4KICA8L3RyPgogIDx0cj4KICAgIDx0ZCBoZWlnaHQ9IjI3IiBjb2xzcGFuPSIyIiBhbGlnbj0icmlnaHQiIGNsYXNzPSJtb2ppIj48Zm9udCBzaXplPSIyIj7igLvllYblk4Hjga7nibnmgKfkuIrjgIHjg5Hjg4PjgrHjg7zjgrjplovlsIHlvozjga7ov5Tlk4Hjg7vkuqTmj5vjga/jgYrlj5fjgZHjgafjgY3jgb7jgZvjgpPjga7jgafjgIHjgZTkuobmib/jgY/jgaDjgZXjgYTjgIIgPC9mb250PjwvdGQ+CiAgPC90cj4KICA8dHI+CiAgICA8dGQgaGVpZ2h0PSIxMDkiIGNvbHNwYW49IjIiIGFsaWduPSJyaWdodCIgY2xhc3M9Im1vamkiPiZuYnNwOzwvdGQ+CiAgPC90cj4KICA8dHI+CiAgICA8dGQgaGVpZ2h0PSI2MyIgY29sc3Bhbj0iMiIgYWxpZ249ImNlbnRlciI+PGltZyBzcmM9Imh0dHA6Ly9pbWFnZS5yYWt1dGVuLmNvLmpwL2VscmFnYXJkZW4vY2FiaW5ldC8wMzM2NTI0My9pbWc2MTQ4Njg0MC5qcGciIGFsdD0iIiB3aWR0aD0iNjkwIiBoZWlnaHQ9IjYwIiAvPjwvdGQ+CiAgPC90cj4KICA8dHI+CiAgICA8dGQgaGVpZ2h0PSIzMCIgY29sc3Bhbj0iMiIgYWxpZ249InJpZ2h0IiBjbGFzcz0ibW9qaSI+Jm5ic3A7PC90ZD4KICA8L3RyPgogIDx0cj4KICAgIDx0ZCBoZWlnaHQ9IjMwIiBjb2xzcGFuPSIyIiBhbGlnbj0icmlnaHQiIGNsYXNzPSJtb2ppIj48dGFibGUgd2lkdGg9Ijc5OSIgYm9yZGVyPSIwIiBjZWxsc3BhY2luZz0iMCIgY2VsbHBhZGRpbmc9IjAiPgogICAgICA8dHI+CiAgICAgICAgPHRkPjxpbWcgc3JjPSJodHRwOi8vaW1hZ2UucmFrdXRlbi5jby5qcC9lbHJhZ2FyZGVuL2NhYmluZXQvMDUwNDYwNTkvaW1ncmMwMDcwMTE4MDg1LmpwZyIgYm9yZGVyPSIwIiAvPjwvdGQ+CiAgICAgICAgPC90cj4KICAgICAgPHRyPgogICAgICAgIDx0ZCBoZWlnaHQ9IjQ5IiBhbGlnbj0iY2VudGVyIiBjbGFzcz0ibW9qaSI+5bem77ya5p2i44ON44Kk44OT44O844CA44CA44CA44CA44CA44CA5Y+z77ya5p2i44Kw44Os44O8PC90ZD4KICAgICAgPC90cj4KICAgIDwvdGFibGU+PC90ZD4KICA8L3RyPgogIDx0cj4KICAgIDx0ZCBoZWlnaHQ9IjExNyIgY29sc3Bhbj0iMiIgYWxpZ249ImNlbnRlciI+Jm5ic3A7PC90ZD4KICA8L3RyPgogIDx0cj4KICAgIDx0ZCBoZWlnaHQ9IjExNyIgY29sc3Bhbj0iMiIgYWxpZ249ImNlbnRlciI+PHRhYmxlIHdpZHRoPSI3MDAiIGJvcmRlcj0iMSIgY2VsbHNwYWNpbmc9IjAiIGNlbGxwYWRkaW5nPSI1IiBib3JkZXJjb2xvcj0iI2RjZGNkYyIgY2xhc3M9Im1vamkyIj4KICAgICAgPHRyPgogICAgICAgIDx0ZCBoZWlnaHQ9IjI3IiBjb2xzcGFuPSIyIiBiZ2NvbG9yPSIjZWJlYmViIj48Zm9udCBjb2xvcj0iIzAwMCIgc2l6ZT0iMiI+44CA5ZWG5ZOB44K544Oa44OD44KvPC9mb250PjwvdGQ+CiAgICAgIDwvdHI+CiAgICAgIDx0cj4KICAgICAgICA8dGQgaGVpZ2h0PSIzNyIgYWxpZ249ImNlbnRlciIgYmdjb2xvcj0iI2ViZWJlYiI+PGZvbnQgc2l6ZT0iMiI+5ZOB55WqPC9mb250PjwvdGQ+CiAgICAgICAgPHRkPjxmb250IHNpemU9IjIiPlNTVC0yMDNCVTwvZm9udD48L3RkPgogICAgICA8L3RyPgogICAgICA8dHI+CiAgICAgICAgPHRkIHdpZHRoPSI5OCIgaGVpZ2h0PSIzNyIgYWxpZ249ImNlbnRlciIgYmdjb2xvcj0iI2ViZWJlYiI+PGZvbnQgc2l6ZT0iMiI+5ZWG5ZOB5ZCNPC9mb250PjwvdGQ+CiAgICAgICAgPHRkIHdpZHRoPSI0OTYiPjxmb250IHNpemU9IjIiPuOCpuODq+OCpuODiCDjg5DjgqQg44K344K744Kk44K544OIIOODreODs+OCsOODkeODs+ODhCBVUk9VVEUgYnkgc2hpc2Vpc3Qg44OH44K144Oz44OIPC9mb250PjwvdGQ+CiAgICAgIDwvdHI+CiAgICAgIDx0cj4KICAgICAgICA8dGQgaGVpZ2h0PSIzNyIgYWxpZ249ImNlbnRlciIgYmdjb2xvcj0iI2ViZWJlYiI+PGZvbnQgc2l6ZT0iMiI+44K144Kk44K6PC9mb250PjwvdGQ+CiAgICAgICAgPHRkPjxwPjxmb250IHNpemU9IjIiPk08YnIgLz4K44Km44Ko44K544OI77yaNjQtNzA8YnIgLz4KTDxiciAvPgog44Km44Ko44K544OI77yaNjktNzc8L2ZvbnQ+CiAgICAgICAgPC9wPjwvdGQ+CiAgICAgIDwvdHI+CiAgICAgIDx0cj4KICAgICAgICA8dGQgaGVpZ2h0PSIzNyIgYWxpZ249ImNlbnRlciIgYmdjb2xvcj0iI2ViZWJlYiI+PGZvbnQgc2l6ZT0iMiI+57Sg5p2QPC9mb250PjwvdGQ+CiAgICAgICAgPHRkPjxmb250IHNpemU9IjIiPuacrOS9kyDjg53jg6rjgqjjgrnjg4bjg6sgODglIOODneODquOCpuODrOOCv+ODsyAxMiU8L2ZvbnQ+PC90ZD4KICAgICAgPC90cj4KICAgICAgPHRyPgogICAgICAgIDx0ZCBoZWlnaHQ9IjM3IiBhbGlnbj0iY2VudGVyIiBiZ2NvbG9yPSIjZWJlYmViIj48Zm9udCBzaXplPSIyIj7nlJ/nlKPlm708L2ZvbnQ+PC90ZD4KICAgICAgICA8dGQ+PGZvbnQgc2l6ZT0iMiI+5Lit5Zu9PC9mb250PjwvdGQ+CiAgICAgIDwvdHI+CiAgICAgIDx0cj4KICAgICAgICA8dGQgaGVpZ2h0PSIzNyIgYWxpZ249ImNlbnRlciIgYmdjb2xvcj0iI2ViZWJlYiI+PGZvbnQgc2l6ZT0iMiI+44GU5rOo5oSPPC9mb250PjwvdGQ+CiAgICAgICAgPHRkPjxmb250IHNpemU9IjIiPuWVhuWTgeOBrueJueaAp+S4iuOAgeODkeODg+OCseODvOOCuOmWi+WwgeW+jOOBrui/lOWTgeODu+S6pOaPm+OBr+OBiuWPl+OBkeOBp+OBjeOBvuOBm+OCk+OBruOBp+OAgeOBlOS6huaJv+OBj+OBoOOBleOBhOOAgiAKICA8L2ZvbnQ+PC90ZD4KICAgICAgPC90cj4KICAgIDwvdGFibGU+PC90ZD4KICA8L3RyPgogIDx0cj4KICAgIDx0ZCBoZWlnaHQ9IjEyMyIgY29sc3Bhbj0iMiIgYWxpZ249ImNlbnRlciI+Jm5ic3A7PC90ZD4KICA8L3RyPgogIDx0cj4KICAgIDx0ZCBjb2xzcGFuPSIyIiBhbGlnbj0iY2VudGVyIj48aW1nIHNyYz0iaHR0cDovL2ltYWdlLnJha3V0ZW4uY28uanAvZWxyYWdhcmRlbi9jYWJpbmV0LzAzMzY0NjIyL2ltZ3JjMDA2OTkzNTM3OC5qcGciIGFsdD0iIiBib3JkZXI9IjAiLz48L3RkPgogIDwvdHI+CiAgPHRyPgogICAgPHRkIGNvbHNwYW49IjIiIGFsaWduPSJjZW50ZXIiIGJnY29sb3I9IiNmZmZlZWMiPjxhIGhyZWY9Imh0dHA6Ly9pdGVtLnJha3V0ZW4uY28uanAvZWxyYWdhcmRlbi9jLzAwMDAwMDAxNzYvIj48aW1nIHNyYz0iaHR0cDovL2ltYWdlLnJha3V0ZW4uY28uanAvZWxyYWdhcmRlbi9jYWJpbmV0LzAzMzY1MjQzL2ltZ3JjMDA2OTM1Mzg4Ni5qcGciIGFsdD0iIiBib3JkZXI9IjAiLz48L2E+PC90ZD4KICA8L3RyPgogIDx0cj4KICAgIDx0ZCBoZWlnaHQ9IjQ5IiBjb2xzcGFuPSIyIiBhbGlnbj0iY2VudGVyIiBiZ2NvbG9yPSIjZmZmZWVjIj4mbmJzcDs8L3RkPgogIDwvdHI+CiAgPHRyPgogICAgPHRkIGhlaWdodD0iNDkiIGNvbHNwYW49IjIiIGFsaWduPSJjZW50ZXIiPiZuYnNwOzwvdGQ+CiAgPC90cj4KICA8dHI+CiAgICA8dGQgY29sc3Bhbj0iMiIgYWxpZ249ImNlbnRlciI+PGEgaHJlZj0iaHR0cDovL2V2ZW50LnJha3V0ZW4uY28uanAvYXN1cmFrdS9hYm91dC9hbnNoaW4vIiB0YXJnZXQ9Il9ibGFuayI+PGltZyBzcmM9Imh0dHA6Ly9pbWFnZS5yYWt1dGVuLmNvLmpwL2VscmFnYXJkZW4vY2FiaW5ldC9pbWdyYzAwNjQ4MTc3MTIuZ2lmIiBhbHQ9IiIgYm9yZGVyPSIwIi8+PC9hPjwvdGQ+CiAgPC90cj4KICA8dHI+CiAgICA8dGQgY29sc3Bhbj0iMiIgYWxpZ249ImNlbnRlciI+PC90ZD4KICA8L3RyPgo8L3RhYmxlPjx0YWJsZSB3aWR0aD0iNDgwIiBib3JkZXI9IjAiIGNlbGxzcGFjaW5nPSIwIiBjZWxscGFkZGluZz0iMCI+CiAgPHRyPgogICAgPHRkIGhlaWdodD0iNDkiIGFsaWduPSJjZW50ZXIiPjx0YWJsZSB3aWR0aD0iMzk3IiBib3JkZXI9IjEiIGJvcmRlcmNvbG9yPSIjRUQ4MzFGIiBjZWxsc3BhY2luZz0iMCIgY2VsbHBhZGRpbmc9IjAiPgogICAgICA8dHI+CiAgICAgICAgPHRkIHdpZHRoPSIzOTMiIGhlaWdodD0iMzMxIj48dGFibGUgd2lkdGg9IjM5NSIgYm9yZGVyPSIwIiBjZWxsc3BhY2luZz0iNSIgY2VsbHBhZGRpbmc9IjAiPgogICAgICAgICAgPHRyPgogICAgICAgICAgICA8dGQgaGVpZ2h0PSIyOCIgY29sc3Bhbj0iMyIgYWxpZ249ImNlbnRlciIgYmdjb2xvcj0iI0VEODMxRiI+PHRhYmxlIHdpZHRoPSIzNTAiIGJvcmRlcj0iMCIgY2VsbHNwYWNpbmc9IjAiIGNlbGxwYWRkaW5nPSIwIj4KICAgICAgICAgICAgICA8dHI+CiAgICAgICAgICAgICAgICA8dGQgaGVpZ2h0PSIxNyIgYmdjb2xvcj0iI0VEODMxRiI+PGZvbnQgc2l6ZT0iMiIgY29sb3I9IiNGRkZGRkYiPjxzdHJvbmc+44Kz44Os44KC44Od44OB44OD44Go4pmqICZndDsmZ3Q7PC9zdHJvbmc+PC9mb250PjwvdGQ+CiAgICAgICAgICAgICAgPC90cj4KICAgICAgICAgICAgPC90YWJsZT48L3RkPgogICAgICAgICAgPC90cj4KICAgICAgICAgIDx0cj4KICAgICAgICAgICAgPHRkIHdpZHRoPSIxMjUiPjxpbWcgc3JjPSJodHRwOi8vaW1hZ2UucmFrdXRlbi5jby5qcC9lbHJhZ2FyZGVuL2NhYmluZXQvMDQ3Njk1MDMvMDQ3NzI1MTEvaW1ncmMwMDY3MjQ4MjYzLmpwZyIgd2lkdGg9IjEyNSIgaGVpZ2h0PSIxODAiIGJvcmRlcj0iMCIgLz48L3RkPgogICAgICAgICAgICA8dGQgd2lkdGg9IjEyNSIgaGVpZ2h0PSIxOTMiPjxpbWcgc3JjPSJodHRwOi8vaW1hZ2UucmFrdXRlbi5jby5qcC9lbHJhZ2FyZGVuL2NhYmluZXQvMDQ3Njk1MDMvMDQ3NzI1MTEvaW1ncmMwMDY3MjI0MzU4LmpwZyIgd2lkdGg9IjEyNSIgaGVpZ2h0PSIxODAiIGJvcmRlcj0iMCIgLz48L3RkPgogICAgICAgICAgICA8dGQgd2lkdGg9IjEyNSI+PGltZyBzcmM9Imh0dHA6Ly9pbWFnZS5yYWt1dGVuLmNvLmpwL2VscmFnYXJkZW4vY2FiaW5ldC8wNDc2OTUwMy8wNDc3MjUxMS9pbWdyYzAwNjg3NjM5MDQuanBnIiB3aWR0aD0iMTI1IiBoZWlnaHQ9IjE4MCIgYm9yZGVyPSIwIiAvPjwvdGQ+CiAgICAgICAgICA8L3RyPgogICAgICAgICAgPHRyPgogICAgICAgICAgICA8dGQgYWxpZ249ImNlbnRlciI+PGZvbnQgc2l6ZT0iMiI+44OH44Kk44Oq44O85L2/44GE44Gu44KJ44GP44Gh44KT44OW44Op44CC44K544Od44O844OE44OW44Op44CA44OH44Kk44Oq44O844K544K/44Kk44OrPC9mb250PjwvdGQ+CiAgICAgICAgICAgIDx0ZCBoZWlnaHQ9IjI3IiBhbGlnbj0iY2VudGVyIj48Zm9udCBzaXplPSIyIj7oloTjgY/jgabou73jgYTjgIE8YnIgLz4K44K544Od44O844OE44K344On44O844OEPC9mb250PjwvdGQ+CiAgICAgICAgICAgIDx0ZCBhbGlnbj0iY2VudGVyIj48Zm9udCBzaXplPSIyIj7jgrfjg6vjgq/jgqbjg7zjg6sy6YeN57eo44G/44K944OD44Kv44K5PC9mb250PjwvdGQ+CiAgICAgICAgICA8L3RyPgogICAgICAgIDwvdGFibGU+CiAgICAgICAgICA8dGFibGUgd2lkdGg9IjM5NSIgYm9yZGVyPSIwIiBjZWxsc3BhY2luZz0iMTAiIGNlbGxwYWRkaW5nPSIwIj4KICAgICAgICAgICAgPHRyPgogICAgICAgICAgICAgIDx0ZCB3aWR0aD0iMTgzIiBoZWlnaHQ9IjgyIiBhbGlnbj0iY2VudGVyIj48aW1nIHNyYz0iaHR0cDovL2ltYWdlLnJha3V0ZW4uY28uanAvZWxyYWdhcmRlbi9jYWJpbmV0LzA0NzY5NTAzL2ltZ3JjMDA2NzIyNDM5My5qcGciIGFsdD0i44Or44O844Og44Km44Kn44Ki5LiK5LiL44K744OD44OIIiB3aWR0aD0iMTgyIiBoZWlnaHQ9IjgyIiBib3JkZXI9IjAiIC8+PC90ZD4KICAgICAgICAgICAgICA8dGQgd2lkdGg9IjE4MiIgaGVpZ2h0PSI4MiIgYWxpZ249ImNlbnRlciI+PGltZyBzcmM9Imh0dHA6Ly9pbWFnZS5yYWt1dGVuLmNvLmpwL2VscmFnYXJkZW4vY2FiaW5ldC8wNDc2OTUwMy9pbWdyYzAwNzAyMTM2MDIuanBnIiBhbHQ9IuODiuODq+OCqOODvOOBqOODquODquODvOODkeODrOODg+ODiCIgd2lkdGg9IjE4MiIgaGVpZ2h0PSI4MiIgYm9yZGVyPSIwIiAvPjwvdGQ+CiAgICAgICAgICAgIDwvdHI+CiAgICAgICAgICA8L3RhYmxlPjwvdGQ+CiAgICAgIDwvdHI+CiAgICA8L3RhYmxlPjwvdGQ+CiAgPC90cj4KICA8dHI+CiAgICA8dGQgaGVpZ2h0PSIzMyI+Jm5ic3A7PC90ZD4KICA8L3RyPgogIDx0cj4KICAgIDx0ZCBoZWlnaHQ9IjQ5IiBhbGlnbj0iY2VudGVyIj48aW1nIHNyYz0iaHR0cDovL2ltYWdlLnJha3V0ZW4uY28uanAvZWxyYWdhcmRlbi9jYWJpbmV0LzA0NzY5NTAzL2ltZ3JjMDA2NzIyMzk1Ni5qcGciIGFsdD0i6LSI44KK54mp44KE44OX44Os44K844Oz44OI44Gr44Ku44OV44OI44Op44OD44OU44Oz44Kw44KS44GK5Y+X44GR44GX44Gm44GK44KK44G+44GZ44CC44Ku44OV44OI44Oc44OD44Kv44K544KE44Ku44OV44OI44OQ44OD44Kw44GM44GU44GW44GE44G+44GZ44CCIiB3aWR0aD0iMzk3IiBoZWlnaHQ9IjYwIiAvPjwvdGQ+CiAgPC90cj4KICA8dHI+CiAgICA8dGQgaGVpZ2h0PSIxNiI+Jm5ic3A7PC90ZD4KICA8L3RyPgogIDx0cj4KICAgIDx0ZCBoZWlnaHQ9IjQ5IiBhbGlnbj0iY2VudGVyIj48aW1nIHNyYz0iaHR0cDovL2ltYWdlLnJha3V0ZW4uY28uanAvZWxyYWdhcmRlbi9jYWJpbmV0LzA0NzY5NTAzL2ltZ3JjMDA2NzIyMzAzMC5qcGciIGFsdD0i44Ko44Or44Op44Ks44Or44OH44Oz44Gu44GK5b6X44Gq44K144O844OT44K577yBNCwwMDDlhobku6XkuIrjgaflroXphY3kvr/pgIHmlpnnhKHmlpnjgoTjgIExNOaZguOBvuOBp+OBruOBlOazqOaWh+OBr+W9k+aXpeeZuumAgeOAgeW9k+aXpemFjemAgeOAgeWNs+aXpeWHuuiNt++8geOBiuaUr+aJleOBhOaWueazleOCguOAgeOCr+ODrOOCuOODg+ODiOOCq+ODvOODieOChOS7o+mHkeW8leaPm+OAgealveWkqUVkeeaxuua4iOOBquOBqeOBlOOBluOBhOOBvuOBmSIgd2lkdGg9IjQxMCIgaGVpZ2h0PSIyMTIiIGJvcmRlcj0iMCIgLz48L3RkPgogIDwvdHI+CiAgPHRyPgogICAgPHRkIGhlaWdodD0iMjIiPiZuYnNwOzwvdGQ+CiAgPC90cj4KICA8dHI+CiAgICA8dGQgYWxpZ249ImNlbnRlciI+PGltZyBzcmM9Imh0dHA6Ly9pbWFnZS5yYWt1dGVuLmNvLmpwL2VscmFnYXJkZW4vY2FiaW5ldC8wNDc2OTUwMy9pbWdyYzAwNjc3MDIxNTUuanBnIiBhbHQ9Iua1t+WklumFjemAgeaJv+OCiuOBvuOBme+8gSIgd2lkdGg9IjQxMCIgLz48L3RkPgogIDwvdHI+CiAgPHRyPgogICAgPHRkIGFsaWduPSJjZW50ZXIiPiZuYnNwOzwvdGQ+CiAgPC90cj4KICA8dHI+CiAgICA8dGQgYWxpZ249ImNlbnRlciI+PGltZyBzcmM9Imh0dHA6Ly9pbWFnZS5yYWt1dGVuLmNvLmpwL2VscmFnYXJkZW4vY2FiaW5ldC9pbWdyYzAwNzA4MTU0ODkuZ2lmIiBhbHQ9Iua1t+WklueZuumAgS/lm73pmpvphY3pgIHjgrXjg7zjg5Pjgrnjga7ou6LpgIHjgrPjg6AiIHdpZHRoPSI0MTAiIC8+PC90ZD4KICA8L3RyPgogIDx0cj4KICAgIDx0ZCBhbGlnbj0iY2VudGVyIj4mbmJzcDs8L3RkPgogIDwvdHI+CiAgPHRyPgogICAgPHRkIGFsaWduPSJjZW50ZXIiPjxpbWcgc3JjPSJodHRwOi8vaW1hZ2UucmFrdXRlbi5jby5qcC9lbHJhZ2FyZGVuL2NhYmluZXQvMDQ3Njk1MDMvaW1ncmMwMDY3MjQ2MTI5LmpwZyIgYWx0PSLjgYLjgZnmpb3lr77lv5zllYblk4HjgafjgZkiIHdpZHRoPSI0MTAiIC8+PC90ZD4KICA8L3RyPgogIDx0cj4KICAgIDx0ZCBoZWlnaHQ9IjM4IiBhbGlnbj0iY2VudGVyIj4mbmJzcDs8L3RkPgogIDwvdHI+CiAgPHRyPgogICAgPHRkIGFsaWduPSJjZW50ZXIiPjxmb250IHNpemU9IjIiIGNvbG9yPSIjMWEwZGFiIj7jg6Hjg7zjgqvjg7zluIzmnJvlsI/lo7LkvqHmoLzjga/jg6Hjg7zjgqvjg7zllYblk4Hjgr/jgrDjgavln7rjgaXjgYTjgabmjrLovInjgZfjgabjgYTjgb7jgZk8L2ZvbnQ+PC90ZD4KICA8L3RyPgo8L3RhYmxlPjxzdHlsZSB0eXBlPSJ0ZXh0L2NzcyI+Ci8q6LK344GE54mp44GL44GU44Gr5YWl44KM44KL44Oc44K/44OzKi8KI3Jha3V0ZW5MaW1pdGVkSWRfYXJvdW5kQ2FydCBpbnB1dFt2YWx1ZT0i6LK344GE54mp44GL44GU44Gr5YWl44KM44KLIl17CmJhY2tncm91bmQ6IHVybCgiaHR0cDovL2ltYWdlLnJha3V0ZW4uY28uanAvZWxyYWdhcmRlbi9jYWJpbmV0L2ltZ3JjMDA2NjQwMzQ5My5naWYiKSBsZWZ0IHRvcCBuby1yZXBlYXQ7CndpZHRoOjIwMHB4OwpoZWlnaHQ6MTAwcHg7CnRleHQtaW5kZW50OjEwMCU7CndoaXRlLXNwYWNlOm5vd3JhcDsKb3ZlcmZsb3c6aGlkZGVuOwpib3JkZXI6IG5vbmU7CnBhZGRpbmc6MDsKbWFyZ2luLXRvcDo1cHggMDsKY3Vyc29yOnBvaW50ZXI7Cn0KI3Jha3V0ZW5MaW1pdGVkSWRfYXJvdW5kQ2FydCB0Ym9keSB0ciB0ZCBpbnB1dDpob3ZlcnsKYWxwaGEob3BhY2l0eT04KTsKLW1vei1vcGFjaXR5OjAuODsKb3BhY2l0eTowLjg7CmN1cnNvcjpwb2ludGVyOwp9Cjwvc3R5bGU+CgoKCjxzdHlsZSB0eXBlPSJ0ZXh0L2NzcyI+CjwhLS0gCmE6aG92ZXIgaW1newpvcGFjaXR5OjAuODsKZmlsdGVyOmFscGhhKG9wYWNpdHk9ODApOwotbXMtZmlsdGVyOiAiYWxwaGEoIG9wYWNpdHk9ODAgKSI7Cn0KLS0+Cjwvc3R5bGU+CgoKPHN0eWxlIHR5cGU9InRleHQvY3NzIj4KPCEtLQoKLml0ZW1fbmFtZSB7CmRpc3BsYXk6YmxvY2s7Cm1hcmdpbi1ib3R0b206MTVweDsKfQoKLmNhdGNoX2NvcHkgewpkaXNwbGF5OmJsb2NrOwptYXJnaW4tYm90dG9tOjE1cHg7Cn0KCi0tPgo8L3N0eWxlPgoKCgo8IS0t57SN5pyf5oOF5aCxLS0+Cgo8c3R5bGUgVFlQRT0idGV4dC9jc3MiPgo8IS0tCnRkLmludmVudG9yeSBmb250e2ZvbnQtc2l6ZToxMHB4O2NvbG9yOiM2NjY2NjY7fQoKLS0+Ci8qIOODhuODvOODluODq+W5hQorKysrKysrKysrKysrKysrKysrKysrKysrKysrKysrKysg4pa9ICovCgp0ZC5pbnZlbnRvcnlfY2hvaWNlX25hbWUgewogICAgcGFkZGluZzoxMHB4IDEwcHg7CiAgICBtYXJnaW46MTBweCAwcHg7Cn0KdGQuaW52ZW50b3J5X2Nob2ljZV9uYW1lIHsKICAgIGJhY2tncm91bmQtY29sb3I6ICNGMEYwRjA7Cn0KPC9zdHlsZT4=,44Km44Or44Km44OIIOODkOOCpCDjgrfjgrvjgqTjgrnjg4gg44Ot44Oz44Kw44OR44Oz44OEIFVST1VURSBieSBzaGlzZWlzdCDjg4fjgrXjg7Pjg4gg44Op44OV44Kj44OK44OzIOW4neS6uuOAkOmAgeaWmeeEoeaWmeOAke+8muOCqOODq+ODqeOCrOODq+ODh+ODsw==,44Kt44Oj44Oz44Oa44O844Oz5a6f5pa95Lit44Gn44GZ44CCMjYwZOOBruODj+OCpOODkeODr+ODvOezuOOBp+OAgeWKueaenOeahOOBq+i2s+mmluOBi+OCieOBteOBj+OCieOBr+OBjuOBvuOBp+edgOWcp+OCkue3qeOChOOBi+OBq+OBmeOCi+autemajuWcp+WKm+ioreioiOOBp+OBmeOAguW/q+mBqeOBq+edgOeUqOOBp+OBjeOCi+e2v+a3t+edgOWcp+OCveODg+OCr+OCueOBp+OBmeOAgueri+OBoeS7leS6i+OChOODh+OCueOCr+ODr+ODvOOCr+OAgemVt+aZgumWk+OBrumjm+ihjOapn+OChOmbu+i7iuOBp+OBruenu+WLleOAgeOBlOaXheihjOOChOOBlOWHuuW8teOBquOBqeOBq+OCguWkp+a0u+i6jeOBp+OBmeOAgiAgICAgICAg44OV44Kj44OD44OI44ON44K544OW44Op44CB44Op44Oz44OL44Oz44Kw44OW44Op44Go44GX44Gm5b+r6YGp44Gq552A5b+D5Zyw44Gu44CB44O044Kj44K544Od44K544Ki44Kv44OG44Kj44OW44K544Od44O844OE44OW44Op44CA44Op44Kk44OI44K544K/44Kk44Or44Gv44CB5qW95aSp44Op44Oz44Kt44Oz44Kw44Gn44KC44CB56ysMeS9jeOCkueNsuW+l+OBmeOCi+OBquOBqeWkp+S6uuawl+OBp+OBmeOAguODqOOCrOOChOOAgeODh+OCpOODquODvOS9v+OBhOOBp+OCguOAgea0u+i6jeOBl+OBpuOBj+OCjOOBvuOBmeOAguOBguOBo+OBn+OBi+OCpOODs+ODiuODvOOAgOODiuODgeODpeODqeODquODtOaXpeacrOijvSDntr/mt7fnnYDlnKfjgr3jg4Pjgq/jgrkg44OK44O844K544Ob44Ov44Kk44OI44OX44OG44Kj44Ki44K344Ol44K344Ol44CA5Lmd6ay844GV44KT44Gu5oCd44GE44KE44KK44Gv44KT44KC44Gj44GP44K344Oq44O844K65rGX5Y+W44KK44Kk44Oz44OK44O86ISH5rGX44K544Od44O844OE44OW44Op44OK44Or44Ko44O8IOODkeOCuOODo+ODnue2vzEwMOODr+OCreaxl+S4gOiIrOWMu+eZguapn+WZqOOCpuODq+OCpuODiCDjg5DjgqQg44K344K744Kk44K544OIIOODreODs+OCsOODkeODs+ODhCBVUk9VVEUgYnkgc2hpc2Vpc3Qg44OH44K144Oz44OIIOODqeODleOCo+ODiuODsyDluJ3kurrjgJDpgIHmlpnnhKHmlpnjgJE=,44Km44Or44Km44OIIOODkOOCpCDjgrfjgrvjgqTjgrnjg4gg44Ot44Oz44Kw44OR44Oz44OEIOODh+OCteODs+ODiOOAguOCpuODq+OCpuODiCDjg5DjgqQg44K344K744Kk44K544OIIOODreODs+OCsOODkeODs+ODhCBVUk9VVEUgYnkgc2hpc2Vpc3Qg44OH44K144Oz44OIIOODqeODleOCo+ODiuODsyDluJ3kurrjgJDpgIHmlpnnhKHmlpnjgJE=[rn]
34-75298,aHR0cDovL3RzaG9wLnIxMHMuanAvZWxyYWdhcmRlbi9jYWJpbmV0LzA1MDQ2MDU5L2ltZ3JjMDA3MDExNjU2Mi5qcGc/Zml0aW49NzAwOjcwMA==,ODI5NC40MDAw,,44K544Od44O844OE44O744Ki44Km44OI44OJ44KiID4g44Oo44Ks44O744OU44Op44OG44Kj44K5ID4g44Km44Kn44KiID4g44OR44Oz44OE,44Km44Or44Km44OIIOODkOOCpCDjgrfjgrvjgqTjgrnjg4gg44Kv44Ot44OD44OX44OJ44OR44Oz44OEIFVST1VURSBieSBzaGlzZWlzdCDjg4fjgrXjg7Pjg4gg44Op44OV44Kj44OK44OzIOW4neS6uuOAkOmAgeaWmeeEoeaWmeOAkQ==,44Km44Or44Km44OIIOODkOOCpCDjgrfjgrvjgqTjgrnjg4gg44Kv44Ot44OD44OX44OJ44OR44Oz44OEIOODh+OCteODs+ODiA==,PHN0eWxlPgoubW9qaXsKZm9udC1mYW1pbHk6ICLjg5Ljg6njgq7jg47op5LjgrQgUHJvIFczIiwgIkhpcmFnaW5vIEtha3UgR290aGljIFBybyIsICLjg6HjgqTjg6rjgqoiLCBNZWlyeW8sIE9zYWthLCLvvK3vvLMg77yw44K044K344OD44KvIiwgIk1TIFBHb3RoaWMiLCBzYW5zLXNlcmlmOwpsZXR0ZXItc3BhY2luZzowLjhwdDsKbGluZS1oZWlnaHQ6MTYwJTsKIH0KIC5tb2ppMnsKZm9udC1mYW1pbHk6ICLjg5Ljg6njgq7jg47op5LjgrQgUHJvIFczIiwgIkhpcmFnaW5vIEtha3UgR290aGljIFBybyIsICLjg6HjgqTjg6rjgqoiLCBNZWlyeW8sIE9zYWthLCLvvK3vvLMg77yw44K044K344OD44KvIiwgIk1TIFBHb3RoaWMiLCBzYW5zLXNlcmlmOwpsZXR0ZXItc3BhY2luZzowLjhwdDsKIH0KCjwvc3R5bGU+Cjx0YWJsZSB3aWR0aD0iODA3IiBib3JkZXI9IjAiIGNlbGxzcGFjaW5nPSIwIiBjZWxscGFkZGluZz0iMCI+CiAgPHRyPgogICAgPHRkIGhlaWdodD0iNTAiIGNvbHNwYW49IjIiIGFsaWduPSJjZW50ZXIiIGNsYXNzPSJtb2ppMiI+44Km44Or44Km44OIIOODkOOCpCDjgrfjgrvjgqTjgrnjg4gg44Kv44Ot44OD44OX44OJ44OR44Oz44OEIFVST1VURSBieSBzaGlzZWlzdCDjg4fjgrXjg7Pjg4g8L2ZvbnQ+PC90ZD4KICA8L3RyPgogIDx0cj4KICAgIDx0ZCBoZWlnaHQ9IjEwMyIgY29sc3Bhbj0iMiIgYWxpZ249InJpZ2h0Ij48cD48aW1nIHNyYz0iaHR0cDovL2ltYWdlLnJha3V0ZW4uY28uanAvZWxyYWdhcmRlbi9jYWJpbmV0LzA1MDQ2MDU5L2ltZ3JjMDA3MDExNjU2MS5qcGciIGFsdD0iIi8+PC9wPjwvdGQ+CiAgPC90cj4KICA8dHI+CiAgICA8dGQgaGVpZ2h0PSI1OSIgY29sc3Bhbj0iMiI+Jm5ic3A7PC90ZD4KICA8L3RyPgogIDx0cj4KICAgIDx0ZCBoZWlnaHQ9IjcxIiBjb2xzcGFuPSIyIj48c3BhbiBjbGFzcz0ibW9qaSI+44GK5bC744GL44KJ5aSq44KC44KC44Gr44GL44GR44Gm44KG44Gj44Gf44KK44GX44Gm44GE44KL44Gu44Gn44CB5LiL5Y2K6Lqr44Gu44K344Or44Ko44OD44OI44GM5rCX44Gr44Gq44KL5pa544Gr44GK44GZ44GZ44KB44Gn44GZ44CCPGJyIC8+CiAgICAgIOijvuOBruODquODluOBp+S4iOaEn+OCkuiqv+evgOOBl+OBquOBjOOCieOAgeOBiuOBl+OCg+OCjOOBquedgOOBk+OBquOBl+OCkualveOBl+OCgeOBvuOBmeOAgjxiciAvPgogICAgPC9zcGFuPjwvdGQ+CiAgPC90cj4KICA8dHI+CiAgICA8dGQgaGVpZ2h0PSI1OCIgY29sc3Bhbj0iMiI+Jm5ic3A7PC90ZD4KICA8L3RyPgogIDx0cj4KICAgIDx0ZCBoZWlnaHQ9IjM3IiBjb2xzcGFuPSIyIiBhbGlnbj0ibGVmdCIgY2xhc3M9Im1vamkiPjxpbWcgc3JjPSJodHRwOi8vaW1hZ2UucmFrdXRlbi5jby5qcC9lbHJhZ2FyZGVuL2NhYmluZXQvMDUwNDYwNTkvaW1ncmMwMDcwMTE2NTYzLmpwZyIgYWx0PSIiIGJvcmRlcj0iMCIgLz48L3RkPgogIDwvdHI+CiAgPHRyPgogICAgPHRkIGhlaWdodD0iMzUiIGNvbHNwYW49IjIiIGFsaWduPSJsZWZ0Ij4mbmJzcDs8L3RkPgogIDwvdHI+CiAgPHRyPgogICAgPHRkIGhlaWdodD0iMzUiIGNvbHNwYW49IjIiIGFsaWduPSJsZWZ0Ij48c3BhbiBjbGFzcz0ibW9qaSI+5pel5bi455Sf5rS744GL44KJ576O44Go5YGl5bq344KS5b+c5o+044GZ44KL44CM44K344K744Kk44K544OI44CN44OW44Op44Oz44OJ44GuPGJyIC8+CuaWsOOBn+OBquOCq+ODhuOCtOODquODvOOAjFVST1VURSBieSBzaGlzZWlzdO+8iOOCpuODq+OCpuODiOODkOOCpOOCt+OCu+OCpOOCueODiO+8ieOAjeOCouOCpOODhuODoOOAgjxiciAvPgrml6XmnKzliJ3jg7vjgqbjgqfjgqLmpa3nlYzliJ3jga7ljJbnsqflk4HjgqbjgqjjgqLjgafjgZnjgII8YnIgLz4K44Km44Kn44Ki44Gr6YWN5ZCI44GV44KM44Gf5byx6YW45oCn5oiQ5YiG44Gu44Oq44Oz44K06YW477yI4oC7Me+8ieOBjOOBiuiCjOOBqOinpuOCjOWQiOOBhuOBk+OBqOOBp+OAgeOBiuiCjOOBq+OBr+OCiuODu+ODhOODpOODu+OBhuOCi+OBiuOBhOOCkuS4juOBiOOBvuOBmeOAgjxiciAvPgrjgYLjgorjgZ3jgYbjgafjgarjgYvjgaPjgZ/jgIHnnYDjgabnvo7ogozlj7bjgYjjgovljJbnsqflk4HjgafjgZnjgII8YnIgLz4KPGJyIC8+Cjxmb250IHNpemU9IjIiPuKAuzEg44Gv44KK44O744OE44Ok44O744GG44KL44GK44GE44KS5LiO44GI44KL5oiQ5YiGPC9mb250PjxiciAvPgogICAgPC9zcGFuPjwvdGQ+CiAgPC90cj4KICA8dHI+CiAgICA8dGQgaGVpZ2h0PSI1OCIgY29sc3Bhbj0iMiIgYWxpZ249ImxlZnQiPiZuYnNwOzwvdGQ+CiAgPC90cj4KICA8dHI+CiAgICA8dGQgaGVpZ2h0PSI1OCIgY29sc3Bhbj0iMiIgYWxpZ249ImNlbnRlciI+PHNwYW4gY2xhc3M9Im1vamkiPjxpbWcgc3JjPSJodHRwOi8vaW1hZ2UucmFrdXRlbi5jby5qcC9lbHJhZ2FyZGVuL2NhYmluZXQvMDUwNDYwNTkvaW1ncmMwMDcwMTE0NjAyLmpwZyIgYWx0PSIiIGJvcmRlcj0iMCIgLz48L3NwYW4+PC90ZD4KICA8L3RyPgogIDx0cj4KICAgIDx0ZCBoZWlnaHQ9IjU4IiBjb2xzcGFuPSIyIiBhbGlnbj0ibGVmdCI+PHNwYW4gY2xhc3M9Im1vamkiPjxpbWcgc3JjPSJodHRwOi8vaW1hZ2UucmFrdXRlbi5jby5qcC9lbHJhZ2FyZGVuL2NhYmluZXQvMDUwNDYwNTkvaW1ncmMwMDcwMTE0NjAzLmpwZyIgYWx0PSIiIGJvcmRlcj0iMCIgLz48L3NwYW4+PC90ZD4KICA8L3RyPgogIDx0cj4KICAgIDx0ZCBoZWlnaHQ9IjU4IiBjb2xzcGFuPSIyIiBhbGlnbj0ibGVmdCI+Jm5ic3A7PC90ZD4KICA8L3RyPgogIDx0cj4KICAgIDx0ZCBoZWlnaHQ9IjM4IiBjb2xzcGFuPSIyIiBhbGlnbj0icmlnaHQiPjxmb250IHNpemU9IjIiIGNsYXNzPSJtb2ppIj7ihpPjgq/jg6rjg4Pjgq/jgafmi6HlpKfnlLvlg4/jgpLjgZTopqfjgYTjgZ/jgaDjgZHjgb7jgZk8L2ZvbnQ+PC90ZD4KICA8L3RyPgogIDx0cj4KICAgIDx0ZCB3aWR0aD0iNDAxIiBoZWlnaHQ9IjM4IiBhbGlnbj0iY2VudGVyIj48YSBocmVmPSJodHRwOi8vaW1hZ2UucmFrdXRlbi5jby5qcC9lbHJhZ2FyZGVuL2NhYmluZXQvMDUwNDYwNTkvaW1ncmMwMDcwMTE2NjQ2LmpwZyIgdGFyZ2V0PSJfYmxhbmsiPjxpbWcgc3JjPSJodHRwOi8vaW1hZ2UucmFrdXRlbi5jby5qcC9lbHJhZ2FyZGVuL2NhYmluZXQvMDUwNDYwNTkvaW1ncmMwMDcwMTE2NjQ2LmpwZyIgYWx0PSIiIHdpZHRoPSIzODAiIGJvcmRlcj0iMCIgLz48L2E+PC90ZD4KICAgIDx0ZCB3aWR0aD0iNDA2IiBoZWlnaHQ9IjM4IiBhbGlnbj0iY2VudGVyIj48YSBocmVmPSJodHRwOi8vaW1hZ2UucmFrdXRlbi5jby5qcC9lbHJhZ2FyZGVuL2NhYmluZXQvMDUwNDYwNTkvaW1ncmMwMDcwMTE2NjQ1LmpwZyIgdGFyZ2V0PSJfYmxhbmsiPjxpbWcgc3JjPSJodHRwOi8vaW1hZ2UucmFrdXRlbi5jby5qcC9lbHJhZ2FyZGVuL2NhYmluZXQvMDUwNDYwNTkvaW1ncmMwMDcwMTE2NjQ1LmpwZyIgYWx0PSIiIHdpZHRoPSIzODAiIGJvcmRlcj0iMCIgLz48L2E+PC90ZD4KICA8L3RyPgogIDx0cj4KICAgIDx0ZCBoZWlnaHQ9IjM4IiBhbGlnbj0iY2VudGVyIiBjbGFzcz0ibW9qaSI+Jm5ic3A7PC90ZD4KICAgIDx0ZCBoZWlnaHQ9IjM4IiBhbGlnbj0iY2VudGVyIiBjbGFzcz0ibW9qaSI+Jm5ic3A7PC90ZD4KICA8L3RyPgogIDx0cj4KICAgIDx0ZCBoZWlnaHQ9IjM4IiBhbGlnbj0iY2VudGVyIj48Zm9udCBjb2xvcj0iIzY2NjY2NiIgc2l6ZT0iMiI+PGEgaHJlZj0iaHR0cDovL2ltYWdlLnJha3V0ZW4uY28uanAvZWxyYWdhcmRlbi9jYWJpbmV0LzA1MDQ2MDU5L2ltZ3JjMDA3MDExNjY1NC5qcGciIHRhcmdldD0iX2JsYW5rIj48aW1nIHNyYz0iaHR0cDovL2ltYWdlLnJha3V0ZW4uY28uanAvZWxyYWdhcmRlbi9jYWJpbmV0LzA1MDQ2MDU5L2ltZ3JjMDA3MDExNjY1NC5qcGciIGFsdD0iIiB3aWR0aD0iMzgwIiBib3JkZXI9IjAiIC8+PC9hPjwvZm9udD48L3RkPgogICAgPHRkIGhlaWdodD0iMzgiIGFsaWduPSJjZW50ZXIiPjxmb250IGNvbG9yPSIjNjY2NjY2IiBzaXplPSIyIj48YSBocmVmPSJodHRwOi8vaW1hZ2UucmFrdXRlbi5jby5qcC9lbHJhZ2FyZGVuL2NhYmluZXQvMDUwNDYwNTkvaW1ncmMwMDcwMTE2NjU1LmpwZyIgdGFyZ2V0PSJfYmxhbmsiPjxpbWcgc3JjPSJodHRwOi8vaW1hZ2UucmFrdXRlbi5jby5qcC9lbHJhZ2FyZGVuL2NhYmluZXQvMDUwNDYwNTkvaW1ncmMwMDcwMTE2NjU1LmpwZyIgYWx0PSIiIHdpZHRoPSIzODAiIGJvcmRlcj0iMCIgLz48L2E+PC9mb250PjwvdGQ+CiAgPC90cj4KICA8dHI+CiAgICA8dGQgaGVpZ2h0PSIxMDkiIGNvbHNwYW49IjIiIGFsaWduPSJyaWdodCIgY2xhc3M9Im1vamkiPiZuYnNwOzwvdGQ+CiAgPC90cj4KICA8dHI+CiAgICA8dGQgaGVpZ2h0PSIxMDkiIGNvbHNwYW49IjIiIGFsaWduPSJyaWdodCIgY2xhc3M9Im1vamkiPjxpbWcgc3JjPSJodHRwOi8vaW1hZ2UucmFrdXRlbi5jby5qcC9lbHJhZ2FyZGVuL2NhYmluZXQvMDUwNDYwNTkvaW1ncmMwMDcwMTE2MzI1LmpwZyIgYm9yZGVyPSIwIiAvPjwvdGQ+CiAgPC90cj4KICA8dHI+CiAgICA8dGQgaGVpZ2h0PSIzOCIgY29sc3Bhbj0iMiIgYWxpZ249InJpZ2h0IiBjbGFzcz0ibW9qaSI+TW9kZWzouqvplbfvvJoxNjJjbTwvdGQ+CiAgPC90cj4KICA8dHI+CiAgICA8dGQgaGVpZ2h0PSIxMDkiIGNvbHNwYW49IjIiIGFsaWduPSJyaWdodCIgY2xhc3M9Im1vamkiPiZuYnNwOzwvdGQ+CiAgPC90cj4KICA8dHI+CiAgICA8dGQgaGVpZ2h0PSIxMDkiIGNvbHNwYW49IjIiIGFsaWduPSJjZW50ZXIiIGNsYXNzPSJtb2ppIj48aW1nIHNyYz0iaHR0cDovL2ltYWdlLnJha3V0ZW4uY28uanAvZWxyYWdhcmRlbi9jYWJpbmV0LzA1MDQ2MDU5L2ltZ3JjMDA3MDIxMzAyMi5qcGciIGFsdD0iIiBib3JkZXI9IjAiIC8+PC90ZD4KICA8L3RyPgogIDx0cj4KICAgIDx0ZCBoZWlnaHQ9IjE2IiBjb2xzcGFuPSIyIiBhbGlnbj0icmlnaHQiIGNsYXNzPSJtb2ppIj48Zm9udCBzaXplPSIyIj7igLvllYblk4Hjga7nibnmgKfkuIrjgIHjg5Hjg4PjgrHjg7zjgrjplovlsIHlvozjga7ov5Tlk4Hjg7vkuqTmj5vjga/jgYrlj5fjgZHjgafjgY3jgb7jgZvjgpPjga7jgafjgIHjgZTkuobmib/jgY/jgaDjgZXjgYTjgIIgPC9mb250PjwvdGQ+CiAgPC90cj4KICA8dHI+CiAgICA8dGQgaGVpZ2h0PSIxMDkiIGNvbHNwYW49IjIiIGFsaWduPSJyaWdodCIgY2xhc3M9Im1vamkiPiZuYnNwOzwvdGQ+CiAgPC90cj4KICA8dHI+CiAgICA8dGQgaGVpZ2h0PSI2MyIgY29sc3Bhbj0iMiIgYWxpZ249ImNlbnRlciI+PGltZyBzcmM9Imh0dHA6Ly9pbWFnZS5yYWt1dGVuLmNvLmpwL2VscmFnYXJkZW4vY2FiaW5ldC8wMzM2NTI0My9pbWc2MTQ4Njg0MC5qcGciIGFsdD0iIiB3aWR0aD0iNjkwIiBoZWlnaHQ9IjYwIiAvPjwvdGQ+CiAgPC90cj4KICA8dHI+CiAgICA8dGQgaGVpZ2h0PSIzMCIgY29sc3Bhbj0iMiIgYWxpZ249InJpZ2h0IiBjbGFzcz0ibW9qaSI+Jm5ic3A7PC90ZD4KICA8L3RyPgogIDx0cj4KICAgIDx0ZCBoZWlnaHQ9IjMwIiBjb2xzcGFuPSIyIiBhbGlnbj0icmlnaHQiIGNsYXNzPSJtb2ppIj48dGFibGUgd2lkdGg9Ijc5OSIgYm9yZGVyPSIwIiBjZWxsc3BhY2luZz0iMCIgY2VsbHBhZGRpbmc9IjAiPgogICAgICA8dHI+CiAgICAgICAgPHRkPjxpbWcgc3JjPSJodHRwOi8vaW1hZ2UucmFrdXRlbi5jby5qcC9lbHJhZ2FyZGVuL2NhYmluZXQvMDUwNDYwNTkvaW1ncmMwMDcwMTE2NjQ0LmpwZyIgYm9yZGVyPSIwIiAvPjwvdGQ+CiAgICAgICAgPC90cj4KICAgICAgPHRyPgogICAgICAgIDx0ZCBoZWlnaHQ9IjQ5IiBhbGlnbj0iY2VudGVyIiBjbGFzcz0ibW9qaSI+5bem77ya5p2i44ON44Kk44OT44O844CA44CA44CA44CA44CA44CA5Y+z77ya5p2i44Kw44Os44O8PC90ZD4KICAgICAgPC90cj4KICAgIDwvdGFibGU+PC90ZD4KICA8L3RyPgogIDx0cj4KICAgIDx0ZCBoZWlnaHQ9IjExNyIgY29sc3Bhbj0iMiIgYWxpZ249ImNlbnRlciI+Jm5ic3A7PC90ZD4KICA8L3RyPgogIDx0cj4KICAgIDx0ZCBoZWlnaHQ9IjExNyIgY29sc3Bhbj0iMiIgYWxpZ249ImNlbnRlciI+PHRhYmxlIHdpZHRoPSI3MDAiIGJvcmRlcj0iMSIgY2VsbHNwYWNpbmc9IjAiIGNlbGxwYWRkaW5nPSI1IiBib3JkZXJjb2xvcj0iI2RjZGNkYyIgY2xhc3M9Im1vamkyIj4KICAgICAgPHRyPgogICAgICAgIDx0ZCBoZWlnaHQ9IjI3IiBjb2xzcGFuPSIyIiBiZ2NvbG9yPSIjZWJlYmViIj48Zm9udCBjb2xvcj0iIzAwMCIgc2l6ZT0iMiI+44CA5ZWG5ZOB44K544Oa44OD44KvPC9mb250PjwvdGQ+CiAgICAgIDwvdHI+CiAgICAgIDx0cj4KICAgICAgICA8dGQgaGVpZ2h0PSIzNyIgYWxpZ249ImNlbnRlciIgYmdjb2xvcj0iI2ViZWJlYiI+PGZvbnQgc2l6ZT0iMiI+5ZOB55WqPC9mb250PjwvdGQ+CiAgICAgICAgPHRkPjxmb250IHNpemU9IjIiPlNTVC0yMDRCVTwvZm9udD48L3RkPgogICAgICA8L3RyPgogICAgICA8dHI+CiAgICAgICAgPHRkIHdpZHRoPSI5OCIgaGVpZ2h0PSIzNyIgYWxpZ249ImNlbnRlciIgYmdjb2xvcj0iI2ViZWJlYiI+PGZvbnQgc2l6ZT0iMiI+5ZWG5ZOB5ZCNPC9mb250PjwvdGQ+CiAgICAgICAgPHRkIHdpZHRoPSI0OTYiPjxmb250IHNpemU9IjIiPuOCpuODq+OCpuODiCDjg5DjgqQg44K344K744Kk44K544OIIOOCr+ODreODg+ODl+ODieODkeODs+ODhCBVUk9VVEUgYnkgc2hpc2Vpc3Qg44OH44K144Oz44OIPC9mb250PjwvdGQ+CiAgICAgIDwvdHI+CiAgICAgIDx0cj4KICAgICAgICA8dGQgaGVpZ2h0PSIzNyIgYWxpZ249ImNlbnRlciIgYmdjb2xvcj0iI2ViZWJlYiI+PGZvbnQgc2l6ZT0iMiI+44K144Kk44K6PC9mb250PjwvdGQ+CiAgICAgICAgPHRkPjxwPjxmb250IHNpemU9IjIiPk08YnIgLz4K44Km44Ko44K544OI77yaNjQtNzA8YnIgLz4KTDxiciAvPgog44Km44Ko44K544OI77yaODYtOTQ8L2ZvbnQ+CiAgICAgICAgPC9wPjwvdGQ+CiAgICAgIDwvdHI+CiAgICAgIDx0cj4KICAgICAgICA8dGQgaGVpZ2h0PSIzNyIgYWxpZ249ImNlbnRlciIgYmdjb2xvcj0iI2ViZWJlYiI+PGZvbnQgc2l6ZT0iMiI+57Sg5p2QPC9mb250PjwvdGQ+CiAgICAgICAgPHRkPjxmb250IHNpemU9IjIiPuacrOS9kyDjg53jg6rjgqjjgrnjg4bjg6sgODglIOODneODquOCpuODrOOCv+ODsyAxMiUg6KO+6YOoOiDjg53jg6rjgqjjgrnjg4bjg6sgMTAwJTwvZm9udD48L3RkPgogICAgICA8L3RyPgogICAgICA8dHI+CiAgICAgICAgPHRkIGhlaWdodD0iMzciIGFsaWduPSJjZW50ZXIiIGJnY29sb3I9IiNlYmViZWIiPjxmb250IHNpemU9IjIiPueUn+eUo+WbvTwvZm9udD48L3RkPgogICAgICAgIDx0ZD48Zm9udCBzaXplPSIyIj7kuK3lm708L2ZvbnQ+PC90ZD4KICAgICAgPC90cj4KICAgICAgPHRyPgogICAgICAgIDx0ZCBoZWlnaHQ9IjM3IiBhbGlnbj0iY2VudGVyIiBiZ2NvbG9yPSIjZWJlYmViIj48Zm9udCBzaXplPSIyIj7jgZTms6jmhI88L2ZvbnQ+PC90ZD4KICAgICAgICA8dGQ+PGZvbnQgc2l6ZT0iMiI+5ZWG5ZOB44Gu54m55oCn5LiK44CB44OR44OD44Kx44O844K46ZaL5bCB5b6M44Gu6L+U5ZOB44O75Lqk5o+b44Gv44GK5Y+X44GR44Gn44GN44G+44Gb44KT44Gu44Gn44CB44GU5LqG5om/44GP44Gg44GV44GE44CCIAogIDwvZm9udD48L3RkPgogICAgICA8L3RyPgogICAgPC90YWJsZT48L3RkPgogIDwvdHI+CiAgPHRyPgogICAgPHRkIGhlaWdodD0iMTIzIiBjb2xzcGFuPSIyIiBhbGlnbj0iY2VudGVyIj4mbmJzcDs8L3RkPgogIDwvdHI+CiAgPHRyPgogICAgPHRkIGNvbHNwYW49IjIiIGFsaWduPSJjZW50ZXIiPjxpbWcgc3JjPSJodHRwOi8vaW1hZ2UucmFrdXRlbi5jby5qcC9lbHJhZ2FyZGVuL2NhYmluZXQvMDMzNjQ2MjIvaW1ncmMwMDY5OTM1Mzc4LmpwZyIgYWx0PSIiIGJvcmRlcj0iMCIvPjwvdGQ+CiAgPC90cj4KICA8dHI+CiAgICA8dGQgY29sc3Bhbj0iMiIgYWxpZ249ImNlbnRlciIgYmdjb2xvcj0iI2ZmZmVlYyI+PGEgaHJlZj0iaHR0cDovL2l0ZW0ucmFrdXRlbi5jby5qcC9lbHJhZ2FyZGVuL2MvMDAwMDAwMDE3Ni8iPjxpbWcgc3JjPSJodHRwOi8vaW1hZ2UucmFrdXRlbi5jby5qcC9lbHJhZ2FyZGVuL2NhYmluZXQvMDMzNjUyNDMvaW1ncmMwMDY5MzUzODg2LmpwZyIgYWx0PSIiIGJvcmRlcj0iMCIvPjwvYT48L3RkPgogIDwvdHI+CiAgPHRyPgogICAgPHRkIGhlaWdodD0iNDkiIGNvbHNwYW49IjIiIGFsaWduPSJjZW50ZXIiIGJnY29sb3I9IiNmZmZlZWMiPiZuYnNwOzwvdGQ+CiAgPC90cj4KICA8dHI+CiAgICA8dGQgaGVpZ2h0PSI0OSIgY29sc3Bhbj0iMiIgYWxpZ249ImNlbnRlciI+Jm5ic3A7PC90ZD4KICA8L3RyPgogIDx0cj4KICAgIDx0ZCBjb2xzcGFuPSIyIiBhbGlnbj0iY2VudGVyIj48YSBocmVmPSJodHRwOi8vZXZlbnQucmFrdXRlbi5jby5qcC9hc3VyYWt1L2Fib3V0L2Fuc2hpbi8iIHRhcmdldD0iX2JsYW5rIj48aW1nIHNyYz0iaHR0cDovL2ltYWdlLnJha3V0ZW4uY28uanAvZWxyYWdhcmRlbi9jYWJpbmV0L2ltZ3JjMDA2NDgxNzcxMi5naWYiIGFsdD0iIiBib3JkZXI9IjAiLz48L2E+PC90ZD4KICA8L3RyPgogIDx0cj4KICAgIDx0ZCBjb2xzcGFuPSIyIiBhbGlnbj0iY2VudGVyIj48L3RkPgogIDwvdHI+CjwvdGFibGU+PHRhYmxlIHdpZHRoPSI0ODAiIGJvcmRlcj0iMCIgY2VsbHNwYWNpbmc9IjAiIGNlbGxwYWRkaW5nPSIwIj4KICA8dHI+CiAgICA8dGQgaGVpZ2h0PSI0OSIgYWxpZ249ImNlbnRlciI+PHRhYmxlIHdpZHRoPSIzOTciIGJvcmRlcj0iMSIgYm9yZGVyY29sb3I9IiNFRDgzMUYiIGNlbGxzcGFjaW5nPSIwIiBjZWxscGFkZGluZz0iMCI+CiAgICAgIDx0cj4KICAgICAgICA8dGQgd2lkdGg9IjM5MyIgaGVpZ2h0PSIzMzEiPjx0YWJsZSB3aWR0aD0iMzk1IiBib3JkZXI9IjAiIGNlbGxzcGFjaW5nPSI1IiBjZWxscGFkZGluZz0iMCI+CiAgICAgICAgICA8dHI+CiAgICAgICAgICAgIDx0ZCBoZWlnaHQ9IjI4IiBjb2xzcGFuPSIzIiBhbGlnbj0iY2VudGVyIiBiZ2NvbG9yPSIjRUQ4MzFGIj48dGFibGUgd2lkdGg9IjM1MCIgYm9yZGVyPSIwIiBjZWxsc3BhY2luZz0iMCIgY2VsbHBhZGRpbmc9IjAiPgogICAgICAgICAgICAgIDx0cj4KICAgICAgICAgICAgICAgIDx0ZCBoZWlnaHQ9IjE3IiBiZ2NvbG9yPSIjRUQ4MzFGIj48Zm9udCBzaXplPSIyIiBjb2xvcj0iI0ZGRkZGRiI+PHN0cm9uZz7jgrPjg6zjgoLjg53jg4Hjg4PjgajimaogJmd0OyZndDs8L3N0cm9uZz48L2ZvbnQ+PC90ZD4KICAgICAgICAgICAgICA8L3RyPgogICAgICAgICAgICA8L3RhYmxlPjwvdGQ+CiAgICAgICAgICA8L3RyPgogICAgICAgICAgPHRyPgogICAgICAgICAgICA8dGQgd2lkdGg9IjEyNSI+PGltZyBzcmM9Imh0dHA6Ly9pbWFnZS5yYWt1dGVuLmNvLmpwL2VscmFnYXJkZW4vY2FiaW5ldC8wNDc2OTUwMy8wNDc3MjUxMS9pbWdyYzAwNjcyNDgyNjMuanBnIiB3aWR0aD0iMTI1IiBoZWlnaHQ9IjE4MCIgYm9yZGVyPSIwIiAvPjwvdGQ+CiAgICAgICAgICAgIDx0ZCB3aWR0aD0iMTI1IiBoZWlnaHQ9IjE5MyI+PGltZyBzcmM9Imh0dHA6Ly9pbWFnZS5yYWt1dGVuLmNvLmpwL2VscmFnYXJkZW4vY2FiaW5ldC8wNDc2OTUwMy8wNDc3MjUxMS9pbWdyYzAwNjcyMjQzNTguanBnIiB3aWR0aD0iMTI1IiBoZWlnaHQ9IjE4MCIgYm9yZGVyPSIwIiAvPjwvdGQ+CiAgICAgICAgICAgIDx0ZCB3aWR0aD0iMTI1Ij48aW1nIHNyYz0iaHR0cDovL2ltYWdlLnJha3V0ZW4uY28uanAvZWxyYWdhcmRlbi9jYWJpbmV0LzA0NzY5NTAzLzA0NzcyNTExL2ltZ3JjMDA2ODc2MzkwNC5qcGciIHdpZHRoPSIxMjUiIGhlaWdodD0iMTgwIiBib3JkZXI9IjAiIC8+PC90ZD4KICAgICAgICAgIDwvdHI+CiAgICAgICAgICA8dHI+CiAgICAgICAgICAgIDx0ZCBhbGlnbj0iY2VudGVyIj48Zm9udCBzaXplPSIyIj7jg4fjgqTjg6rjg7zkvb/jgYTjga7jgonjgY/jgaHjgpPjg5bjg6njgILjgrnjg53jg7zjg4Tjg5bjg6njgIDjg4fjgqTjg6rjg7zjgrnjgr/jgqTjg6s8L2ZvbnQ+PC90ZD4KICAgICAgICAgICAgPHRkIGhlaWdodD0iMjciIGFsaWduPSJjZW50ZXIiPjxmb250IHNpemU9IjIiPuiWhOOBj+OBpui7veOBhOOAgTxiciAvPgrjgrnjg53jg7zjg4Tjgrfjg6fjg7zjg4Q8L2ZvbnQ+PC90ZD4KICAgICAgICAgICAgPHRkIGFsaWduPSJjZW50ZXIiPjxmb250IHNpemU9IjIiPuOCt+ODq+OCr+OCpuODvOODqzLph43nt6jjgb/jgr3jg4Pjgq/jgrk8L2ZvbnQ+PC90ZD4KICAgICAgICAgIDwvdHI+CiAgICAgICAgPC90YWJsZT4KICAgICAgICAgIDx0YWJsZSB3aWR0aD0iMzk1IiBib3JkZXI9IjAiIGNlbGxzcGFjaW5nPSIxMCIgY2VsbHBhZGRpbmc9IjAiPgogICAgICAgICAgICA8dHI+CiAgICAgICAgICAgICAgPHRkIHdpZHRoPSIxODMiIGhlaWdodD0iODIiIGFsaWduPSJjZW50ZXIiPjxpbWcgc3JjPSJodHRwOi8vaW1hZ2UucmFrdXRlbi5jby5qcC9lbHJhZ2FyZGVuL2NhYmluZXQvMDQ3Njk1MDMvaW1ncmMwMDY3MjI0MzkzLmpwZyIgYWx0PSLjg6vjg7zjg6DjgqbjgqfjgqLkuIrkuIvjgrvjg4Pjg4giIHdpZHRoPSIxODIiIGhlaWdodD0iODIiIGJvcmRlcj0iMCIgLz48L3RkPgogICAgICAgICAgICAgIDx0ZCB3aWR0aD0iMTgyIiBoZWlnaHQ9IjgyIiBhbGlnbj0iY2VudGVyIj48aW1nIHNyYz0iaHR0cDovL2ltYWdlLnJha3V0ZW4uY28uanAvZWxyYWdhcmRlbi9jYWJpbmV0LzA0NzY5NTAzL2ltZ3JjMDA3MDIxMzYwMi5qcGciIGFsdD0i44OK44Or44Ko44O844Go44Oq44Oq44O844OR44Os44OD44OIIiB3aWR0aD0iMTgyIiBoZWlnaHQ9IjgyIiBib3JkZXI9IjAiIC8+PC90ZD4KICAgICAgICAgICAgPC90cj4KICAgICAgICAgIDwvdGFibGU+PC90ZD4KICAgICAgPC90cj4KICAgIDwvdGFibGU+PC90ZD4KICA8L3RyPgogIDx0cj4KICAgIDx0ZCBoZWlnaHQ9IjMzIj4mbmJzcDs8L3RkPgogIDwvdHI+CiAgPHRyPgogICAgPHRkIGhlaWdodD0iNDkiIGFsaWduPSJjZW50ZXIiPjxpbWcgc3JjPSJodHRwOi8vaW1hZ2UucmFrdXRlbi5jby5qcC9lbHJhZ2FyZGVuL2NhYmluZXQvMDQ3Njk1MDMvaW1ncmMwMDY3MjIzOTU2LmpwZyIgYWx0PSLotIjjgornianjgoTjg5fjg6zjgrzjg7Pjg4jjgavjgq7jg5Xjg4jjg6njg4Pjg5Tjg7PjgrDjgpLjgYrlj5fjgZHjgZfjgabjgYrjgorjgb7jgZnjgILjgq7jg5Xjg4jjg5zjg4Pjgq/jgrnjgoTjgq7jg5Xjg4jjg5Djg4PjgrDjgYzjgZTjgZbjgYTjgb7jgZnjgIIiIHdpZHRoPSIzOTciIGhlaWdodD0iNjAiIC8+PC90ZD4KICA8L3RyPgogIDx0cj4KICAgIDx0ZCBoZWlnaHQ9IjE2Ij4mbmJzcDs8L3RkPgogIDwvdHI+CiAgPHRyPgogICAgPHRkIGhlaWdodD0iNDkiIGFsaWduPSJjZW50ZXIiPjxpbWcgc3JjPSJodHRwOi8vaW1hZ2UucmFrdXRlbi5jby5qcC9lbHJhZ2FyZGVuL2NhYmluZXQvMDQ3Njk1MDMvaW1ncmMwMDY3MjIzMDMwLmpwZyIgYWx0PSLjgqjjg6vjg6njgqzjg6vjg4fjg7Pjga7jgYrlvpfjgarjgrXjg7zjg5PjgrnvvIE0LDAwMOWGhuS7peS4iuOBp+WuhemFjeS+v+mAgeaWmeeEoeaWmeOChOOAgTE05pmC44G+44Gn44Gu44GU5rOo5paH44Gv5b2T5pel55m66YCB44CB5b2T5pel6YWN6YCB44CB5Y2z5pel5Ye66I2377yB44GK5pSv5omV44GE5pa55rOV44KC44CB44Kv44Os44K444OD44OI44Kr44O844OJ44KE5Luj6YeR5byV5o+b44CB5qW95aSpRWR55rG65riI44Gq44Gp44GU44GW44GE44G+44GZIiB3aWR0aD0iNDEwIiBoZWlnaHQ9IjIxMiIgYm9yZGVyPSIwIiAvPjwvdGQ+CiAgPC90cj4KICA8dHI+CiAgICA8dGQgaGVpZ2h0PSIyMiI+Jm5ic3A7PC90ZD4KICA8L3RyPgogIDx0cj4KICAgIDx0ZCBhbGlnbj0iY2VudGVyIj48aW1nIHNyYz0iaHR0cDovL2ltYWdlLnJha3V0ZW4uY28uanAvZWxyYWdhcmRlbi9jYWJpbmV0LzA0NzY5NTAzL2ltZ3JjMDA2NzcwMjE1NS5qcGciIGFsdD0i5rW35aSW6YWN6YCB5om/44KK44G+44GZ77yBIiB3aWR0aD0iNDEwIiAvPjwvdGQ+CiAgPC90cj4KICA8dHI+CiAgICA8dGQgYWxpZ249ImNlbnRlciI+Jm5ic3A7PC90ZD4KICA8L3RyPgogIDx0cj4KICAgIDx0ZCBhbGlnbj0iY2VudGVyIj48aW1nIHNyYz0iaHR0cDovL2ltYWdlLnJha3V0ZW4uY28uanAvZWxyYWdhcmRlbi9jYWJpbmV0L2ltZ3JjMDA3MDgxNTQ4OS5naWYiIGFsdD0i5rW35aSW55m66YCBL+Wbvemam+mFjemAgeOCteODvOODk+OCueOBrui7oumAgeOCs+ODoCIgd2lkdGg9IjQxMCIgLz48L3RkPgogIDwvdHI+CiAgPHRyPgogICAgPHRkIGFsaWduPSJjZW50ZXIiPiZuYnNwOzwvdGQ+CiAgPC90cj4KICA8dHI+CiAgICA8dGQgYWxpZ249ImNlbnRlciI+PGltZyBzcmM9Imh0dHA6Ly9pbWFnZS5yYWt1dGVuLmNvLmpwL2VscmFnYXJkZW4vY2FiaW5ldC8wNDc2OTUwMy9pbWdyYzAwNjcyNDYxMjkuanBnIiBhbHQ9IuOBguOBmealveWvvuW/nOWVhuWTgeOBp+OBmSIgd2lkdGg9IjQxMCIgLz48L3RkPgogIDwvdHI+CiAgPHRyPgogICAgPHRkIGhlaWdodD0iMzgiIGFsaWduPSJjZW50ZXIiPiZuYnNwOzwvdGQ+CiAgPC90cj4KICA8dHI+CiAgICA8dGQgYWxpZ249ImNlbnRlciI+PGZvbnQgc2l6ZT0iMiIgY29sb3I9IiMxYTBkYWIiPuODoeODvOOCq+ODvOW4jOacm+Wwj+WjsuS+oeagvOOBr+ODoeODvOOCq+ODvOWVhuWTgeOCv+OCsOOBq+WfuuOBpeOBhOOBpuaOsui8ieOBl+OBpuOBhOOBvuOBmTwvZm9udD48L3RkPgogIDwvdHI+CjwvdGFibGU+PHN0eWxlIHR5cGU9InRleHQvY3NzIj4KLyrosrfjgYTnianjgYvjgZTjgavlhaXjgozjgovjg5zjgr/jg7MqLwojcmFrdXRlbkxpbWl0ZWRJZF9hcm91bmRDYXJ0IGlucHV0W3ZhbHVlPSLosrfjgYTnianjgYvjgZTjgavlhaXjgozjgosiXXsKYmFja2dyb3VuZDogdXJsKCJodHRwOi8vaW1hZ2UucmFrdXRlbi5jby5qcC9lbHJhZ2FyZGVuL2NhYmluZXQvaW1ncmMwMDY2NDAzNDkzLmdpZiIpIGxlZnQgdG9wIG5vLXJlcGVhdDsKd2lkdGg6MjAwcHg7CmhlaWdodDoxMDBweDsKdGV4dC1pbmRlbnQ6MTAwJTsKd2hpdGUtc3BhY2U6bm93cmFwOwpvdmVyZmxvdzpoaWRkZW47CmJvcmRlcjogbm9uZTsKcGFkZGluZzowOwptYXJnaW4tdG9wOjVweCAwOwpjdXJzb3I6cG9pbnRlcjsKfQojcmFrdXRlbkxpbWl0ZWRJZF9hcm91bmRDYXJ0IHRib2R5IHRyIHRkIGlucHV0OmhvdmVyewphbHBoYShvcGFjaXR5PTgpOwotbW96LW9wYWNpdHk6MC44OwpvcGFjaXR5OjAuODsKY3Vyc29yOnBvaW50ZXI7Cn0KPC9zdHlsZT4KCgoKPHN0eWxlIHR5cGU9InRleHQvY3NzIj4KPCEtLSAKYTpob3ZlciBpbWd7Cm9wYWNpdHk6MC44OwpmaWx0ZXI6YWxwaGEob3BhY2l0eT04MCk7Ci1tcy1maWx0ZXI6ICJhbHBoYSggb3BhY2l0eT04MCApIjsKfQotLT4KPC9zdHlsZT4KCgo8c3R5bGUgdHlwZT0idGV4dC9jc3MiPgo8IS0tCgouaXRlbV9uYW1lIHsKZGlzcGxheTpibG9jazsKbWFyZ2luLWJvdHRvbToxNXB4Owp9CgouY2F0Y2hfY29weSB7CmRpc3BsYXk6YmxvY2s7Cm1hcmdpbi1ib3R0b206MTVweDsKfQoKLS0+Cjwvc3R5bGU+CgoKCjwhLS3ntI3mnJ/mg4XloLEtLT4KCjxzdHlsZSBUWVBFPSJ0ZXh0L2NzcyI+CjwhLS0KdGQuaW52ZW50b3J5IGZvbnR7Zm9udC1zaXplOjEwcHg7Y29sb3I6IzY2NjY2Njt9CgotLT4KLyog44OG44O844OW44Or5bmFCisrKysrKysrKysrKysrKysrKysrKysrKysrKysrKysrKyDilr0gKi8KCnRkLmludmVudG9yeV9jaG9pY2VfbmFtZSB7CiAgICBwYWRkaW5nOjEwcHggMTBweDsKICAgIG1hcmdpbjoxMHB4IDBweDsKfQp0ZC5pbnZlbnRvcnlfY2hvaWNlX25hbWUgewogICAgYmFja2dyb3VuZC1jb2xvcjogI0YwRjBGMDsKfQo8L3N0eWxlPg==,44Km44Or44Km44OIIOODkOOCpCDjgrfjgrvjgqTjgrnjg4gg44Kv44Ot44OD44OX44OJ44OR44Oz44OEIFVST1VURSBieSBzaGlzZWlzdCDjg4fjgrXjg7Pjg4gg44Op44OV44Kj44OK44OzIOW4neS6uuOAkOmAgeaWmeeEoeaWmeOAke+8muOCqOODq+ODqeOCrOODq+ODh+ODsw==,44Kt44Oj44Oz44Oa44O844Oz5a6f5pa95Lit44Gn44GZ44CCMjYwZOOBruODj+OCpOODkeODr+ODvOezuOOBp+OAgeWKueaenOeahOOBq+i2s+mmluOBi+OCieOBteOBj+OCieOBr+OBjuOBvuOBp+edgOWcp+OCkue3qeOChOOBi+OBq+OBmeOCi+autemajuWcp+WKm+ioreioiOOBp+OBmeOAguW/q+mBqeOBq+edgOeUqOOBp+OBjeOCi+e2v+a3t+edgOWcp+OCveODg+OCr+OCueOBp+OBmeOAgueri+OBoeS7leS6i+OChOODh+OCueOCr+ODr+ODvOOCr+OAgemVt+aZgumWk+OBrumjm+ihjOapn+OChOmbu+i7iuOBp+OBruenu+WLleOAgeOBlOaXheihjOOChOOBlOWHuuW8teOBquOBqeOBq+OCguWkp+a0u+i6jeOBp+OBmeOAgiAgICAgICAg44OV44Kj44OD44OI44ON44K544OW44Op44CB44Op44Oz44OL44Oz44Kw44OW44Op44Go44GX44Gm5b+r6YGp44Gq552A5b+D5Zyw44Gu44CB44O044Kj44K544Od44K544Ki44Kv44OG44Kj44OW44K544Od44O844OE44OW44Op44CA44Op44Kk44OI44K544K/44Kk44Or44Gv44CB5qW95aSp44Op44Oz44Kt44Oz44Kw44Gn44KC44CB56ysMeS9jeOCkueNsuW+l+OBmeOCi+OBquOBqeWkp+S6uuawl+OBp+OBmeOAguODqOOCrOOChOOAgeODh+OCpOODquODvOS9v+OBhOOBp+OCguOAgea0u+i6jeOBl+OBpuOBj+OCjOOBvuOBmeOAguOBguOBo+OBn+OBi+OCpOODs+ODiuODvOOAgOODiuODgeODpeODqeODquODtOaXpeacrOijvSDntr/mt7fnnYDlnKfjgr3jg4Pjgq/jgrkg44OK44O844K544Ob44Ov44Kk44OI44OX44OG44Kj44Ki44K344Ol44K344Ol44CA5Lmd6ay844GV44KT44Gu5oCd44GE44KE44KK44Gv44KT44KC44Gj44GP44K344Oq44O844K65rGX5Y+W44KK44Kk44Oz44OK44O86ISH5rGX44K544Od44O844OE44OW44Op44OK44Or44Ko44O8IOODkeOCuOODo+ODnue2vzEwMOODr+OCreaxl+S4gOiIrOWMu+eZguapn+WZqOOCpuODq+OCpuODiCDjg5DjgqQg44K344K744Kk44K544OIIOOCr+ODreODg+ODl+ODieODkeODs+ODhCBVUk9VVEUgYnkgc2hpc2Vpc3Qg44OH44K144Oz44OIIOODqeODleOCo+ODiuODsyDluJ3kurrjgJDpgIHmlpnnhKHmlpnjgJE=,44Km44Or44Km44OIIOODkOOCpCDjgrfjgrvjgqTjgrnjg4gg44Kv44Ot44OD44OX44OJ44OR44Oz44OEIOODh+OCteODs+ODiOOAguOCpuODq+OCpuODiCDjg5DjgqQg44K344K744Kk44K544OIIOOCr+ODreODg+ODl+ODieODkeODs+ODhCBVUk9VVEUgYnkgc2hpc2Vpc3Qg44OH44K144Oz44OIIOODqeODleOCo+ODiuODsyDluJ3kurrjgJDpgIHmlpnnhKHmlpnjgJE=[rn]
34-75299,aHR0cDovL3RzaG9wLnIxMHMuanAvZXNwb3J0cy9jYWJpbmV0Lzk5NDQtMy85OTQ0MzEwNDkwMjUxLmpwZz9maXRpbj03MDA6NzAw,MTExMC40MDAw,,44K544Od44O844OE44O744Ki44Km44OI44OJ44KiID4g44Ki44Km44OI44OJ44KiID4g44Kt44Oj44Oz44OX55So6aOf5ZmoID4g44Kr44OD44OX,44Ko44OQ44OL44Ol44O877yIRVZFUk5FV++8iSDjgrvjg6njg5/jg4Pjgq/jgrPjg7zjg4jjgrfjgqfjg6njgqvjg4Pjg5dNIOOCquODrOODs+OCuCBFQlkzMzIg44CQ44K344Kn44Op44Kr44OD44OXIOmjn+WZqOOAkQ==,4piFMjAxNOODouODh+ODq+KYhQ==,PCEtLWltZ190YWdzLS0+PHRhYmxlIGJvcmRlcj0iMCIgd2lkdGg9IjY1MCI+PFRSPjxURCBhbGlnbj0iY2VudGVyIj48QSBocmVmPSJodHRwOi8vd3d3LnJha3V0ZW4uY28uanAvZXNwb3J0cy9pbmZvMi5odG1sI2RlciI+PElNRyBzcmM9Imh0dHA6Ly93d3cucmFrdXRlbi5uZS5qcC9nb2xkL2VzcG9ydHMvc3VwcG9ydC9zaGlwcGluZzIuZ2lmIiBib3JkZXI9IjAiPjwvQT48QSBocmVmPSJodHRwOi8vd3d3LnJha3V0ZW4ubmUuanAvZ29sZC9lc3BvcnRzL3N1cHBvcnQvZGlzcGF0Y2guaHRtbCI+PElNRyBzcmM9Imh0dHA6Ly93d3cucmFrdXRlbi5uZS5qcC9nb2xkL2VzcG9ydHMvc3VwcG9ydC9kYXlzMi5naWYiIGJvcmRlcj0iMCI+PC9BPjxBIGhyZWY9Imh0dHA6Ly93d3cucmFrdXRlbi5uZS5qcC9nb2xkL2VzcG9ydHMvc3VwcG9ydC9kaXNwYXRjaC5odG1sIj48SU1HIHNyYz0iaHR0cDovL3d3dy5yYWt1dGVuLm5lLmpwL2dvbGQvZXNwb3J0cy9zdXBwb3J0L3BsYWNlMi5naWYiIGJvcmRlcj0iMCI+PC9BPjxBIGhyZWY9Imh0dHA6Ly93d3cucmFrdXRlbi5jby5qcC9lc3BvcnRzL2luZm8yLmh0bWwjYmFjayI+PElNRyBzcmM9Imh0dHA6Ly93d3cucmFrdXRlbi5uZS5qcC9nb2xkL2VzcG9ydHMvc3VwcG9ydC9yZXR1cm4xLmdpZiIgYm9yZGVyPSIwIj48L0E+PC90ZD48L3RyPjwvdGFibGU+PCEtLWltZ190YWdlLS0+PHN0cm9uZz48Zm9udCBjb2xvcj0iIzAwMDBDRCIgc2l6ZT0iNCI+PC9mb250Pjwvc3Ryb25nPjxicj7il4/jgrXjgqTjgrrvvJ3lvoQxMu+8jjLDl+a3seOBlTTvvI41Y23vvI/lrrnph48zMDBtbDxicj7il4/os6rph4/vvJ03MGc8YnI+4peP57Sg5p2Q77yd44Ki44Or44Of44OL44Km44Og77yP44K744Op44Of44OD44Kv54S844GN5LuY44GR44Kz44O844OIPGJyPjxicj48cD48dGFibGUgYm9yZGVyPSIwIiB3aWR0aD0iOTclIiBiZ2NvbG9yPSIjRkZGRkUwIj48dHI+PHRkPjxzdHJvbmc+PGZvbnQgY29sb3I9IiMwMDY0MDAiIHNpemU9IjMiPuOAkOmWoumAo+WVhuWTgeOBr+OBk+OBoeOCieOBp+OBmeOAkTwvZm9udD48L3N0cm9uZz48YnI+4peGIOOBneOBruS7luOBruOCqOODkOODi+ODpeODvOijveWTgeOBr+OCs+ODgeODqTxicj48L3RkPjwvdHI+PC90YWJsZT48IS0tbWtfdGFncy0tPjxQPjxJTUcgc3JjPSJodHRwOi8vd3d3LnJha3V0ZW4ubmUuanAvZ29sZC9lc3BvcnRzL2JuL2p5dWhhdHR5dXU1MjAtNjAuanBnIiB3aWR0aD0iNTIwIiBoZWlnaHQ9IjYwIiBib3JkZXI9IjAiPjwvUD48IS0tbWtfdGFnZS0tPjxicj48bGluayByZWw9InN0eWxlc2hlZXQiIHR5cGU9InRleHQvY3NzIiBocmVmPSJodHRwOi8vd3d3LnJha3V0ZW4ubmUuanAvZ29sZC9lc3BvcnRzL3Nob3BwaW5nX3BhcnRzLmNzcyI+Cgo8ZGl2IHN0eWxlPSJtYXJnaW4tdG9wOi0yNnB4OyI+PC9kaXY+Cgo8aW1nIHNyYz0iaHR0cDovL3d3dy5yYWt1dGVuLm5lLmpwL2dvbGQvZXNwb3J0cy9ibi9wb2ludC9wb2ludF9iYmIuanBnIiBhbHQ9IjMwMDDlhobku6XkuIrjgafjg53jgqTjg7Pjg4jvvJPlgI0iIGJvcmRlcj0iMCIgd2lkdGg9Ijc1MHB4Ij4KCjwhLS0g44K744O844OrIDxpbWcgc3JjPSJodHRwOi8vd3d3LnJha3V0ZW4ubmUuanAvZ29sZC9lc3BvcnRzL25ld3llYXItc2FsZS9uZXd5ZWFyLXNhbGUtNzgwLmpwZyIgYm9yZGVyPSIwIiBhbHQ9IuOCu+ODvOODqyIgd2lkdGg9Ijc3MHB4Ij48YnI+PGJyPiDjgrvjg7zjg6sgLS0+Cgo8IS0tIOOCueODvOODkeODvOOCu+ODvOODqyA8ZGl2IHN0eWxlPSJ3aWR0aCA6IDc1MHB4OyI+CjxkaXYgYWxpZ249ImNlbnRlciIgc3R5bGU9Im1hcmdpbi1ib3R0b20gOiAwcHg7Ym9yZGVyLXdpZHRoIDogMnB4O2JvcmRlci1zdHlsZSA6IHNvbGlkO2JvcmRlci1jb2xvciA6ICNiYzExMzE7Ij4KCjwvZGl2PjwvZGl2PjxkaXYgY2xhc3M9Im1hcmdpbjUiPjwvZGl2Pjxicj4g44K544O844OR44O844K744O844OrLS0+Cgo8IS0tIOOCueODvOODkeODvOOCu+ODvOODqzIg77yI44OQ44OK44O844Gu44G/77yJPGltZyBzcmM9Imh0dHA6Ly93d3cucmFrdXRlbi5uZS5qcC9nb2xkL2VzcG9ydHMvc3BzYWxlL3NhbGUtYm43ODAuanBnIiBib3JkZXI9IjAiIGFsdD0i44K744O844OrIiB3aWR0aD0iNzcwcHgiPjxicj48YnI+IOOCueODvOODkeODvCAtLT4KCjxkaXYgY2xhc3M9ImNvbnRlbnRzIj48IS0tIOWRiuefpSAKPGRpdiBzdHlsZT0id2lkdGg6NzM2cHg7IHBhZGRpbmc6MTVweDsgbWFyZ2luOjVweCAwIDE1cHg7IGJvcmRlcjpzb2xpZCAjRTYyRjJGIDJweDsiPgo8cCBzdHlsZT0iZm9udC13ZWlnaHQ6Ym9sZDsgZm9udC1zaXplOjE3cHg7IHRleHQtYWxpZ246Y2VudGVyOyI+44CQIDxzcGFuIHN0eWxlPSJib3JkZXItYm90dG9tOjJweCBkb3R0ZWQgIzk5OTsgZm9udC1zaXplOjE1cHg7Ij415pyIMjbml6Uo6YeRKeOBruWWtualreOBq+OBpOOBhOOBpjwvc3Bhbj4g44CRPC9wPgo8cCBzdHlsZT0iZm9udC1zaXplOjEzcHg7IG1hcmdpbi10b3A6MTVweDsiPuiqoOOBq+WLneaJi+OBquOBjOOCiTXmnIgyNuaXpSjph5Ep44Gv44CB56S+5YaF56CU5L+u44Gu44Gf44KB44CB5Za25qWt5pmC6ZaT44KS5Y2I5YmNMTLvvJowMOOBvuOBp+OBqOOBleOBm+OBpuOBhOOBn+OBoOOBjeOBvuOBmeOAguWwmuOAgeOAjOOBguOBmealveOAjeWvvuW/nOWTgeOBq+OBpOOBjeOBvuOBl+OBpuOBr+OAgemAmuW4uOmAmuOCijEy77yaMDDjgb7jgafjga7jgZTms6jmlofjgpLlvZPml6XnmbrpgIHjgZXjgZvjgabjgYTjgZ/jgaDjgY3jgb7jgZnjgII8L3A+CjxwIHN0eWxlPSJmb250LXNpemU6MTNweDsgbWFyZ2luLXRvcDoxNXB4OyI+44GK5a6i5qeY44Gr44Gv44GU5LiN5L6/44KS44GK5o6b44GR6Ie044GX44G+44GZ44GM44CB44GU55CG6Kej44Gu56iL44CB5a6c44GX44GP44GK6aGY44GE6Ie044GX44G+44GZ44CCPC9wPgo8L2Rpdj4gLS0+CgoKPCEtLSA8ZGl2IHN0eWxlPSJ3aWR0aDo3MzZweDsgcGFkZGluZzoxNXB4OyBtYXJnaW46NXB4IDAgMTVweDsgYm9yZGVyOnNvbGlkICNFNjJGMkYgMnB4OyI+CjxwIHN0eWxlPSJmb250LXdlaWdodDpib2xkOyBmb250LXNpemU6MTdweDsgdGV4dC1hbGlnbjpjZW50ZXI7IG1hcmdpbjowOyI+44CQIDxzcGFuIHN0eWxlPSJib3JkZXItYm90dG9tOjJweCBkb3R0ZWQgIzk5OTsgZm9udC1zaXplOjE1cHg7Ij7lpKnlgJnkuI3oia/jga7lvbHpn7/jgavjgojjgovphY3pgIHpgYXlu7bjgavjgaTjgYTjgaY8L3NwYW4+IOOAkTwvcD4KPHAgc3R5bGU9ImZvbnQtc2l6ZToxM3B4OyBtYXJnaW46MTVweCAwIDA7Ij7lj7Dpoqjjg7vosarpm6jnrYnjga7lpKnlgJnkuI3oia/jgavkvLTjgYTjgIHkuIDpg6jlnLDln5/jgafjgYrojbfnianjga7jgYrlsYrjgZHjgavpgYXjgozjgYznmbrnlJ/jgZnjgovmgZDjgozjgYzjgZTjgZbjgYTjgb7jgZnjgII8L3A+CjxwIHN0eWxlPSJmb250LXNpemU6MTNweDsgbWFyZ2luOjdweCAwIDA7Ij7jgb7jgZ/jgIHku4rlvozjga7lj7Dpoqjjga7pgLLot6/jgavjgojjgaPjgabjga/jgIHluoPnr4Tlm7Ljga7lnLDln5/jgafpgYXjgozjgYznlJ/jgZjjgovlj6/og73mgKfjgYzjgYLjgorjgb7jgZnjgILlnLDln5/jgoTjgr/jgqTjg5/jg7PjgrDjgavjgojjgaPjgabjgIHjgZTluIzmnJvjga7jgYrlsYrjgZHml6XmmYLjgavphY3pgZTjgafjgY3jgarjgYTloLTlkIjjgYzjgZTjgZbjgYTjgb7jgZnjgII8L3A+CjxwIHN0eWxlPSJmb250LXNpemU6MTNweDsgbWFyZ2luOjdweCAwIDA7Ij7jgYrlrqLmp5jjgavjga/lpKflpInjgZTov7fmg5HjgpLjgYrmjpvjgZHoh7TjgZfjgb7jgZnjgYzjgIHjgZTnkIbop6PjgYTjgZ/jgaDjgZHjgb7jgZnjgojjgYbjgYrpoZjjgYToh7TjgZfjgb7jgZnjgII8L3A+CjwvZGl2PiAtLT4KCgoKPCEtLSDkuIDpg6jlnLDln5/jgafjga7phY3pgZTpgYXlu7bjgavjgaTjgY3jgb7jgZfjgaYgLS0+CgoKPCEtLSDjgq/jg7zjg53jg7MgCjxpbWcgc3JjPSJodHRwOi8vd3d3LnJha3V0ZW4ubmUuanAvZ29sZC9lc3BvcnRzL2JuL2NvdXBvbi9jb3Vwb243NzAuZ2lmIiBhbHQ9IjIwMOWGhk9GRuOCr+ODvOODneODsyI+IC0tPgoKCgo8IS0tIDxpbWcgc3JjPSJodHRwOi8vd3d3LnJha3V0ZW4ubmUuanAvZ29sZC9lc3BvcnRzL2JuL2FkaWRhcy9hZGlkYXMtYm4zNTcuanBnIiBhbHQ9ImFkaWRhc+ODneOCpOODs+ODiDE15YCNIj4gLS0+CgoKPGJyPg==,44Ko44OQ44OL44Ol44O877yIRVZFUk5FV++8iSDjgrvjg6njg5/jg4Pjgq/jgrPjg7zjg4jjgrfjgqfjg6njgqvjg4Pjg5dNIOOCquODrOODs+OCuCBFQlkzMzIg44CQ44K344Kn44Op44Kr44OD44OXIOmjn+WZqOOAke+8mu+9he+8s++8sO+8r++8su+8tO+8s+alveWkqeaUr+W6lw==,44Ki44Km44OI44OJ44Ki44Kt44Oj44Oz44OX44OQ44O844OZ44Kt44Ol44O844OG44Oz44OI44K/44O844OX44OG44O844OW44Or44OB44Kn44Ki44K344Ol44Op44OV44Op44Oz44K/44Oz44Kv44O844Op44O844Oc44OD44Kv44K544Kz44O844Or44Oe44Oz44OO44O844K544OV44Kn44Kk44K544K544Od44O844OE44OV44Kj44OD44OI44ON44K544OA44Kk44Ko44OD44OI44OI44Os44O844OL44Oz44Kw44OX44Ot44OG44Kk44Oz44K144OX44Oq44Oh44Oz44OI44OA44Oz44OZ44Or44K144OD44Kr44O844Ko44OQ44OL44Ol44O877yIRVZFUk5FV++8iSDjgrvjg6njg5/jg4Pjgq/jgrPjg7zjg4jjgrfjgqfjg6njgqvjg4Pjg5dNIOOCquODrOODs+OCuCBFQlkzMzIg44CQ44K344Kn44Op44Kr44OD44OXIOmjn+WZqOOAkQ==,4piFMjAxNOODouODh+ODq+KYheOAguOCqOODkOODi+ODpeODvO+8iEVWRVJORVfvvIkg44K744Op44Of44OD44Kv44Kz44O844OI44K344Kn44Op44Kr44OD44OXTSDjgqrjg6zjg7PjgrggRUJZMzMyIOOAkOOCt+OCp+ODqeOCq+ODg+ODlyDpo5/lmajjgJE=[rn]
34-75300,aHR0cDovL3RzaG9wLnIxMHMuanAvZXNwb3J0cy9jYWJpbmV0LzkyMzcvOTIzNzMxMDQ5MDI3NC5qcGc/Zml0aW49NzAwOjcwMA==,MTgxNC40MDAw,,44K544Od44O844OE44O744Ki44Km44OI44OJ44KiID4g44Ki44Km44OI44OJ44KiID4g44Kt44Oj44Oz44OX55So6aOf5ZmoID4g44Kr44OD44OX,44OB44OM44O844Kv77yIQ0hJTk9PS++8iSDjg4bjgqPjg7Pjg5Djg7zjg6njgqTjg7Pjg57jgrAgNDUwbWwgNDIxMTYg44CQ44Kz44OD44OXIOOCq+ODg+ODlyDjgrDjg6njgrkg44Kt44Oj44Oz44OXIOOCouOCpuODiOODieOCouOAkQ==,,PCEtLWltZ190YWdzLS0+PHRhYmxlIGJvcmRlcj0iMCIgd2lkdGg9IjY1MCI+PFRSPjxURCBhbGlnbj0iY2VudGVyIj48QSBocmVmPSJodHRwOi8vd3d3LnJha3V0ZW4uY28uanAvZXNwb3J0cy9pbmZvMi5odG1sI2RlciI+PElNRyBzcmM9Imh0dHA6Ly93d3cucmFrdXRlbi5uZS5qcC9nb2xkL2VzcG9ydHMvc3VwcG9ydC9zaGlwcGluZzIuZ2lmIiBib3JkZXI9IjAiPjwvQT48QSBocmVmPSJodHRwOi8vd3d3LnJha3V0ZW4ubmUuanAvZ29sZC9lc3BvcnRzL3N1cHBvcnQvZGlzcGF0Y2guaHRtbCI+PElNRyBzcmM9Imh0dHA6Ly93d3cucmFrdXRlbi5uZS5qcC9nb2xkL2VzcG9ydHMvc3VwcG9ydC9kYXlzMi5naWYiIGJvcmRlcj0iMCI+PC9BPjxBIGhyZWY9Imh0dHA6Ly93d3cucmFrdXRlbi5uZS5qcC9nb2xkL2VzcG9ydHMvc3VwcG9ydC9kaXNwYXRjaC5odG1sIj48SU1HIHNyYz0iaHR0cDovL3d3dy5yYWt1dGVuLm5lLmpwL2dvbGQvZXNwb3J0cy9zdXBwb3J0L3BsYWNlMy5naWYiIGJvcmRlcj0iMCI+PC9BPjxBIGhyZWY9Imh0dHA6Ly93d3cucmFrdXRlbi5jby5qcC9lc3BvcnRzL2luZm8yLmh0bWwjYmFjayI+PElNRyBzcmM9Imh0dHA6Ly93d3cucmFrdXRlbi5uZS5qcC9nb2xkL2VzcG9ydHMvc3VwcG9ydC9yZXR1cm4xLmdpZiIgYm9yZGVyPSIwIj48L0E+PC90ZD48L3RyPjwvdGFibGU+PCEtLWltZ190YWdlLS0+PHN0cm9uZz48Zm9udCBjb2xvcj0iIzAwMDBDRCIgc2l6ZT0iNCI+PC9mb250Pjwvc3Ryb25nPjxicj7poJHkuIjjgarjgrnjg4bjg7Pjg6zjgrnjgpLkvb/nlKjjgZfjgIHkuozph43mp4vpgKDjgavliqDjgYjjgIHok4vku5jjgarjga7jgafkv53muKnjgavjgoLlhKrjgozjgabjgYTjgb7jgZnjgII8YnI+PGJyPjxwPjwhLS1ta190YWdzLS0+PFA+PElNRyBzcmM9Imh0dHA6Ly93d3cucmFrdXRlbi5uZS5qcC9nb2xkL2VzcG9ydHMvYm4vanl1aGF0dHl1dTUyMC02MC5qcGciIHdpZHRoPSI1MjAiIGhlaWdodD0iNjAiIGJvcmRlcj0iMCI+PC9QPjwhLS1ta190YWdlLS0+PGJyPuKXj+euoeeQhmNvZGXvvJo3OTg0ODc4NDwhLS1zcGVjX3RhZ3MtLT48cD48c3Ryb25nPjxmb250IGNvbG9yPSIjMDAwMENEIiBzaXplPSIzIj7jgJDllYblk4Hjgrnjg5rjg4Pjgq/jgJE8L2ZvbnQ+PC9zdHJvbmc+PGJyPuKXjzxzdHJvbmc+5p2Q6LOqPC9zdHJvbmc+IDogMTgtOOOCueODhuODs+ODrOOCuTxicj7il488c3Ryb25nPuWuuemHjzwvc3Ryb25nPiA6IOe0hDQ1MG1sPGJyPjwhLS1zcGVjX3RhZ2UtLT48YnI+PGxpbmsgcmVsPSJzdHlsZXNoZWV0IiB0eXBlPSJ0ZXh0L2NzcyIgaHJlZj0iaHR0cDovL3d3dy5yYWt1dGVuLm5lLmpwL2dvbGQvZXNwb3J0cy9zaG9wcGluZ19wYXJ0cy5jc3MiPgoKPGRpdiBzdHlsZT0ibWFyZ2luLXRvcDotMjZweDsiPjwvZGl2PgoKPGltZyBzcmM9Imh0dHA6Ly93d3cucmFrdXRlbi5uZS5qcC9nb2xkL2VzcG9ydHMvYm4vcG9pbnQvcG9pbnRfYmJiLmpwZyIgYWx0PSIzMDAw5YaG5Lul5LiK44Gn44Od44Kk44Oz44OI77yT5YCNIiBib3JkZXI9IjAiIHdpZHRoPSI3NTBweCI+Cgo8IS0tIOOCu+ODvOODqyA8aW1nIHNyYz0iaHR0cDovL3d3dy5yYWt1dGVuLm5lLmpwL2dvbGQvZXNwb3J0cy9uZXd5ZWFyLXNhbGUvbmV3eWVhci1zYWxlLTc4MC5qcGciIGJvcmRlcj0iMCIgYWx0PSLjgrvjg7zjg6siIHdpZHRoPSI3NzBweCI+PGJyPjxicj4g44K744O844OrIC0tPgoKPCEtLSDjgrnjg7zjg5Hjg7zjgrvjg7zjg6sgPGRpdiBzdHlsZT0id2lkdGggOiA3NTBweDsiPgo8ZGl2IGFsaWduPSJjZW50ZXIiIHN0eWxlPSJtYXJnaW4tYm90dG9tIDogMHB4O2JvcmRlci13aWR0aCA6IDJweDtib3JkZXItc3R5bGUgOiBzb2xpZDtib3JkZXItY29sb3IgOiAjYmMxMTMxOyI+Cgo8L2Rpdj48L2Rpdj48ZGl2IGNsYXNzPSJtYXJnaW41Ij48L2Rpdj48YnI+IOOCueODvOODkeODvOOCu+ODvOODqy0tPgoKPCEtLSDjgrnjg7zjg5Hjg7zjgrvjg7zjg6syIO+8iOODkOODiuODvOOBruOBv++8iTxpbWcgc3JjPSJodHRwOi8vd3d3LnJha3V0ZW4ubmUuanAvZ29sZC9lc3BvcnRzL3Nwc2FsZS9zYWxlLWJuNzgwLmpwZyIgYm9yZGVyPSIwIiBhbHQ9IuOCu+ODvOODqyIgd2lkdGg9Ijc3MHB4Ij48YnI+PGJyPiDjgrnjg7zjg5Hjg7wgLS0+Cgo8ZGl2IGNsYXNzPSJjb250ZW50cyI+PCEtLSDlkYrnn6UgCjxkaXYgc3R5bGU9IndpZHRoOjczNnB4OyBwYWRkaW5nOjE1cHg7IG1hcmdpbjo1cHggMCAxNXB4OyBib3JkZXI6c29saWQgI0U2MkYyRiAycHg7Ij4KPHAgc3R5bGU9ImZvbnQtd2VpZ2h0OmJvbGQ7IGZvbnQtc2l6ZToxN3B4OyB0ZXh0LWFsaWduOmNlbnRlcjsiPuOAkCA8c3BhbiBzdHlsZT0iYm9yZGVyLWJvdHRvbToycHggZG90dGVkICM5OTk7IGZvbnQtc2l6ZToxNXB4OyI+NeaciDI25pelKOmHkSnjga7llrbmpa3jgavjgaTjgYTjgaY8L3NwYW4+IOOAkTwvcD4KPHAgc3R5bGU9ImZvbnQtc2l6ZToxM3B4OyBtYXJnaW4tdG9wOjE1cHg7Ij7oqqDjgavli53miYvjgarjgYzjgok15pyIMjbml6Uo6YeRKeOBr+OAgeekvuWGheeglOS/ruOBruOBn+OCgeOAgeWWtualreaZgumWk+OCkuWNiOWJjTEy77yaMDDjgb7jgafjgajjgZXjgZvjgabjgYTjgZ/jgaDjgY3jgb7jgZnjgILlsJrjgIHjgIzjgYLjgZnmpb3jgI3lr77lv5zlk4HjgavjgaTjgY3jgb7jgZfjgabjga/jgIHpgJrluLjpgJrjgooxMu+8mjAw44G+44Gn44Gu44GU5rOo5paH44KS5b2T5pel55m66YCB44GV44Gb44Gm44GE44Gf44Gg44GN44G+44GZ44CCPC9wPgo8cCBzdHlsZT0iZm9udC1zaXplOjEzcHg7IG1hcmdpbi10b3A6MTVweDsiPuOBiuWuouanmOOBq+OBr+OBlOS4jeS+v+OCkuOBiuaOm+OBkeiHtOOBl+OBvuOBmeOBjOOAgeOBlOeQhuino+OBrueoi+OAgeWunOOBl+OBj+OBiumhmOOBhOiHtOOBl+OBvuOBmeOAgjwvcD4KPC9kaXY+IC0tPgoKCjwhLS0gPGRpdiBzdHlsZT0id2lkdGg6NzM2cHg7IHBhZGRpbmc6MTVweDsgbWFyZ2luOjVweCAwIDE1cHg7IGJvcmRlcjpzb2xpZCAjRTYyRjJGIDJweDsiPgo8cCBzdHlsZT0iZm9udC13ZWlnaHQ6Ym9sZDsgZm9udC1zaXplOjE3cHg7IHRleHQtYWxpZ246Y2VudGVyOyBtYXJnaW46MDsiPuOAkCA8c3BhbiBzdHlsZT0iYm9yZGVyLWJvdHRvbToycHggZG90dGVkICM5OTk7IGZvbnQtc2l6ZToxNXB4OyI+5aSp5YCZ5LiN6Imv44Gu5b2x6Z+/44Gr44KI44KL6YWN6YCB6YGF5bu244Gr44Gk44GE44GmPC9zcGFuPiDjgJE8L3A+CjxwIHN0eWxlPSJmb250LXNpemU6MTNweDsgbWFyZ2luOjE1cHggMCAwOyI+5Y+w6aKo44O76LGq6Zuo562J44Gu5aSp5YCZ5LiN6Imv44Gr5Ly044GE44CB5LiA6YOo5Zyw5Z+f44Gn44GK6I2354mp44Gu44GK5bGK44GR44Gr6YGF44KM44GM55m655Sf44GZ44KL5oGQ44KM44GM44GU44GW44GE44G+44GZ44CCPC9wPgo8cCBzdHlsZT0iZm9udC1zaXplOjEzcHg7IG1hcmdpbjo3cHggMCAwOyI+44G+44Gf44CB5LuK5b6M44Gu5Y+w6aKo44Gu6YCy6Lev44Gr44KI44Gj44Gm44Gv44CB5bqD56+E5Zuy44Gu5Zyw5Z+f44Gn6YGF44KM44GM55Sf44GY44KL5Y+v6IO95oCn44GM44GC44KK44G+44GZ44CC5Zyw5Z+f44KE44K/44Kk44Of44Oz44Kw44Gr44KI44Gj44Gm44CB44GU5biM5pyb44Gu44GK5bGK44GR5pel5pmC44Gr6YWN6YGU44Gn44GN44Gq44GE5aC05ZCI44GM44GU44GW44GE44G+44GZ44CCPC9wPgo8cCBzdHlsZT0iZm9udC1zaXplOjEzcHg7IG1hcmdpbjo3cHggMCAwOyI+44GK5a6i5qeY44Gr44Gv5aSn5aSJ44GU6L+35oOR44KS44GK5o6b44GR6Ie044GX44G+44GZ44GM44CB44GU55CG6Kej44GE44Gf44Gg44GR44G+44GZ44KI44GG44GK6aGY44GE6Ie044GX44G+44GZ44CCPC9wPgo8L2Rpdj4gLS0+CgoKCjwhLS0g5LiA6YOo5Zyw5Z+f44Gn44Gu6YWN6YGU6YGF5bu244Gr44Gk44GN44G+44GX44GmIC0tPgoKCjwhLS0g44Kv44O844Od44OzIAo8aW1nIHNyYz0iaHR0cDovL3d3dy5yYWt1dGVuLm5lLmpwL2dvbGQvZXNwb3J0cy9ibi9jb3Vwb24vY291cG9uNzcwLmdpZiIgYWx0PSIyMDDlhoZPRkbjgq/jg7zjg53jg7MiPiAtLT4KCgoKPCEtLSA8aW1nIHNyYz0iaHR0cDovL3d3dy5yYWt1dGVuLm5lLmpwL2dvbGQvZXNwb3J0cy9ibi9hZGlkYXMvYWRpZGFzLWJuMzU3LmpwZyIgYWx0PSJhZGlkYXPjg53jgqTjg7Pjg4gxNeWAjSI+IC0tPgoKCjxicj4=,44OB44OM44O844Kv77yIQ0hJTk9PS++8iSDjg4bjgqPjg7Pjg5Djg7zjg6njgqTjg7Pjg57jgrAgNDUwbWwgNDIxMTYg44CQ44Kz44OD44OXIOOCq+ODg+ODlyDjgrDjg6njgrkg44Kt44Oj44Oz44OXIOOCouOCpuODiOODieOCouOAke+8mu+9he+8s++8sO+8r++8su+8tO+8s+alveWkqeaUr+W6lw==,44Ki44Km44OI44OJ44Ki44Kt44Oj44Oz44OX44OQ44O844OZ44Kt44Ol44O844OG44Oz44OI44K/44O844OX44OG44O844OW44Or44OB44Kn44Ki44K344Ol44Op44OV44Op44Oz44K/44Oz44Kv44O844Op44O844Oc44OD44Kv44K544Kz44O844Or44Oe44Oz44OO44O844K544OV44Kn44Kk44K544K544Od44O844OE44OV44Kj44OD44OI44ON44K544OA44Kk44Ko44OD44OI44OI44Os44O844OL44Oz44Kw44OX44Ot44OG44Kk44Oz44K144OX44Oq44Oh44Oz44OI44OA44Oz44OZ44Or44K144OD44Kr44O844OB44OM44O844Kv77yIQ0hJTk9PS++8iSDjg4bjgqPjg7Pjg5Djg7zjg6njgqTjg7Pjg57jgrAgNDUwbWwgNDIxMTYg44CQ44Kz44OD44OXIOOCq+ODg+ODlyDjgrDjg6njgrkg44Kt44Oj44Oz44OXIOOCouOCpuODiOODieOCouOAkQ==,44OB44OM44O844Kv77yIQ0hJTk9PS++8iSDjg4bjgqPjg7Pjg5Djg7zjg6njgqTjg7Pjg57jgrAgNDUwbWwgNDIxMTYg44CQ44Kz44OD44OXIOOCq+ODg+ODlyDjgrDjg6njgrkg44Kt44Oj44Oz44OXIOOCouOCpuODiOODieOCouOAkQ==[rn]
34-75301,aHR0cDovL3RzaG9wLnIxMHMuanAvZXNwb3J0cy9jYWJpbmV0Lzk5NDYvOTk0NjMxMDI5MDkwNC5qcGc/Zml0aW49NzAwOjcwMA==,MTQzMS4yMDAw,,44K544Od44O844OE44O744Ki44Km44OI44OJ44KiID4g44Ki44Km44OI44OJ44KiID4g44Kt44Oj44Oz44OX55So6aOf5ZmoID4g44Kr44OD44OX,44Kt44Oj44OX44OG44Oz44K544K/44OD44Kw77yIQ0FQVEFJTlNUQUfvvIkg44OA44OW44Or44K544OG44Oz44Os44K5IOODreODg+OCr+OCsOODqeOCuTMzMCBVRS0zMjI5IOOAkOOCq+ODg+ODlyDjgrPjg4Pjg5cg44OQ44O844OZ44Kt44Ol44O8IOOCreODo+ODs+ODlyDjgqLjgqbjg4jjg4njgqLjgJE=,,PCEtLWltZ190YWdzLS0+PHRhYmxlIGJvcmRlcj0iMCIgd2lkdGg9IjY1MCI+PFRSPjxURCBhbGlnbj0iY2VudGVyIj48QSBocmVmPSJodHRwOi8vd3d3LnJha3V0ZW4uY28uanAvZXNwb3J0cy9pbmZvMi5odG1sI2RlciI+PElNRyBzcmM9Imh0dHA6Ly93d3cucmFrdXRlbi5uZS5qcC9nb2xkL2VzcG9ydHMvc3VwcG9ydC9zaGlwcGluZzIuZ2lmIiBib3JkZXI9IjAiPjwvQT48QSBocmVmPSJodHRwOi8vd3d3LnJha3V0ZW4ubmUuanAvZ29sZC9lc3BvcnRzL3N1cHBvcnQvZGlzcGF0Y2guaHRtbCI+PElNRyBzcmM9Imh0dHA6Ly93d3cucmFrdXRlbi5uZS5qcC9nb2xkL2VzcG9ydHMvc3VwcG9ydC9kYXlzMS5naWYiIGJvcmRlcj0iMCI+PC9BPjxBIGhyZWY9Imh0dHA6Ly93d3cucmFrdXRlbi5uZS5qcC9nb2xkL2VzcG9ydHMvc3VwcG9ydC9kaXNwYXRjaC5odG1sIj48SU1HIHNyYz0iaHR0cDovL3d3dy5yYWt1dGVuLm5lLmpwL2dvbGQvZXNwb3J0cy9zdXBwb3J0L3BsYWNlMi5naWYiIGJvcmRlcj0iMCI+PC9BPjxBIGhyZWY9Imh0dHA6Ly93d3cucmFrdXRlbi5jby5qcC9lc3BvcnRzL2luZm8yLmh0bWwjYmFjayI+PElNRyBzcmM9Imh0dHA6Ly93d3cucmFrdXRlbi5uZS5qcC9nb2xkL2VzcG9ydHMvc3VwcG9ydC9yZXR1cm4xLmdpZiIgYm9yZGVyPSIwIj48L0E+PC90ZD48L3RyPjwvdGFibGU+PCEtLWltZ190YWdlLS0+55yf56m65LqM6YeN5qeL6YCg44CCPGJyPjxicj48cD48IS0tbWtfdGFncy0tPjxQPjxJTUcgc3JjPSJodHRwOi8vd3d3LnJha3V0ZW4ubmUuanAvZ29sZC9lc3BvcnRzL2JuL2p5dWhhdHR5dXU1MjAtNjAuanBnIiB3aWR0aD0iNTIwIiBoZWlnaHQ9IjYwIiBib3JkZXI9IjAiPjwvUD48IS0tbWtfdGFnZS0tPjxicj48YnI+PCEtLXNwZWNfdGFncy0tPjxwPjxzdHJvbmc+PGZvbnQgY29sb3I9IiMwMDAwQ0QiIHNpemU9IjMiPuOAkOWVhuWTgeOCueODmuODg+OCr+OAkTwvZm9udD48L3N0cm9uZz48YnI+4pePPHN0cm9uZz7jgrXjgqTjgrrvvIjntITvvIk8L3N0cm9uZz4gOiDlpJblvoQ5MMOX6auY44GVMTEwbW08YnI+4pePPHN0cm9uZz7lrrnph4/vvIjntITvvIk8L3N0cm9uZz4gOiAzMzBtbDxicj7il488c3Ryb25nPuadkOizqjwvc3Ryb25nPiA6IDxicj7mnKzkvZPlhoXlgbTvvJrjgrnjg4bjg7Pjg6zjgrnpi7zjgIHmnKzkvZPlpJblgbTvvJrjgrnjg4bjg7Pjg6zjgrnpi7w8YnI+4pePPHN0cm9uZz7ljp/nlKPlm708L3N0cm9uZz4gOiDkuK3lm708YnI+PGJyPuKXj+aknOe0oueUqO+8mumBi+WLleS8mjxicj48YnI+PCEtLXNwZWNfdGFnZS0tPjxicj48YnI+PGJyPjxmb250IHNpemU9Ii0xIj7jg6Hjg7zjgqvjg7zluIzmnJvlsI/lo7LkvqHmoLzjga/jg6Hjg7zjgqvjg7zjgqvjgr/jg63jgrDjgavln7rjgaXjgYTjgabmjrLovInjgZfjgabjgYTjgb7jgZk8YnI+PC9mb250PjxpbWcgc3JjPSJodHRwOi8vaW1hZ2UucmFrdXRlbi5jby5qcC9lc3BvcnRzL2NhYmluZXQvZXZpZGVuY2UvZXZpZGVuY2UyLmpwZyIgYm9yZGVyPSIwIiBhbHQ9IuOCqOODk+ODh+ODs+OCuSI+PGxpbmsgcmVsPSJzdHlsZXNoZWV0IiB0eXBlPSJ0ZXh0L2NzcyIgaHJlZj0iaHR0cDovL3d3dy5yYWt1dGVuLm5lLmpwL2dvbGQvZXNwb3J0cy9zaG9wcGluZ19wYXJ0cy5jc3MiPgoKPGRpdiBzdHlsZT0ibWFyZ2luLXRvcDotMjZweDsiPjwvZGl2PgoKPGltZyBzcmM9Imh0dHA6Ly93d3cucmFrdXRlbi5uZS5qcC9nb2xkL2VzcG9ydHMvYm4vcG9pbnQvcG9pbnRfYmJiLmpwZyIgYWx0PSIzMDAw5YaG5Lul5LiK44Gn44Od44Kk44Oz44OI77yT5YCNIiBib3JkZXI9IjAiIHdpZHRoPSI3NTBweCI+Cgo8IS0tIOOCu+ODvOODqyA8aW1nIHNyYz0iaHR0cDovL3d3dy5yYWt1dGVuLm5lLmpwL2dvbGQvZXNwb3J0cy9uZXd5ZWFyLXNhbGUvbmV3eWVhci1zYWxlLTc4MC5qcGciIGJvcmRlcj0iMCIgYWx0PSLjgrvjg7zjg6siIHdpZHRoPSI3NzBweCI+PGJyPjxicj4g44K744O844OrIC0tPgoKPCEtLSDjgrnjg7zjg5Hjg7zjgrvjg7zjg6sgPGRpdiBzdHlsZT0id2lkdGggOiA3NTBweDsiPgo8ZGl2IGFsaWduPSJjZW50ZXIiIHN0eWxlPSJtYXJnaW4tYm90dG9tIDogMHB4O2JvcmRlci13aWR0aCA6IDJweDtib3JkZXItc3R5bGUgOiBzb2xpZDtib3JkZXItY29sb3IgOiAjYmMxMTMxOyI+Cgo8L2Rpdj48L2Rpdj48ZGl2IGNsYXNzPSJtYXJnaW41Ij48L2Rpdj48YnI+IOOCueODvOODkeODvOOCu+ODvOODqy0tPgoKPCEtLSDjgrnjg7zjg5Hjg7zjgrvjg7zjg6syIO+8iOODkOODiuODvOOBruOBv++8iTxpbWcgc3JjPSJodHRwOi8vd3d3LnJha3V0ZW4ubmUuanAvZ29sZC9lc3BvcnRzL3Nwc2FsZS9zYWxlLWJuNzgwLmpwZyIgYm9yZGVyPSIwIiBhbHQ9IuOCu+ODvOODqyIgd2lkdGg9Ijc3MHB4Ij48YnI+PGJyPiDjgrnjg7zjg5Hjg7wgLS0+Cgo8ZGl2IGNsYXNzPSJjb250ZW50cyI+PCEtLSDlkYrnn6UgCjxkaXYgc3R5bGU9IndpZHRoOjczNnB4OyBwYWRkaW5nOjE1cHg7IG1hcmdpbjo1cHggMCAxNXB4OyBib3JkZXI6c29saWQgI0U2MkYyRiAycHg7Ij4KPHAgc3R5bGU9ImZvbnQtd2VpZ2h0OmJvbGQ7IGZvbnQtc2l6ZToxN3B4OyB0ZXh0LWFsaWduOmNlbnRlcjsiPuOAkCA8c3BhbiBzdHlsZT0iYm9yZGVyLWJvdHRvbToycHggZG90dGVkICM5OTk7IGZvbnQtc2l6ZToxNXB4OyI+NeaciDI25pelKOmHkSnjga7llrbmpa3jgavjgaTjgYTjgaY8L3NwYW4+IOOAkTwvcD4KPHAgc3R5bGU9ImZvbnQtc2l6ZToxM3B4OyBtYXJnaW4tdG9wOjE1cHg7Ij7oqqDjgavli53miYvjgarjgYzjgok15pyIMjbml6Uo6YeRKeOBr+OAgeekvuWGheeglOS/ruOBruOBn+OCgeOAgeWWtualreaZgumWk+OCkuWNiOWJjTEy77yaMDDjgb7jgafjgajjgZXjgZvjgabjgYTjgZ/jgaDjgY3jgb7jgZnjgILlsJrjgIHjgIzjgYLjgZnmpb3jgI3lr77lv5zlk4HjgavjgaTjgY3jgb7jgZfjgabjga/jgIHpgJrluLjpgJrjgooxMu+8mjAw44G+44Gn44Gu44GU5rOo5paH44KS5b2T5pel55m66YCB44GV44Gb44Gm44GE44Gf44Gg44GN44G+44GZ44CCPC9wPgo8cCBzdHlsZT0iZm9udC1zaXplOjEzcHg7IG1hcmdpbi10b3A6MTVweDsiPuOBiuWuouanmOOBq+OBr+OBlOS4jeS+v+OCkuOBiuaOm+OBkeiHtOOBl+OBvuOBmeOBjOOAgeOBlOeQhuino+OBrueoi+OAgeWunOOBl+OBj+OBiumhmOOBhOiHtOOBl+OBvuOBmeOAgjwvcD4KPC9kaXY+IC0tPgoKCjwhLS0gPGRpdiBzdHlsZT0id2lkdGg6NzM2cHg7IHBhZGRpbmc6MTVweDsgbWFyZ2luOjVweCAwIDE1cHg7IGJvcmRlcjpzb2xpZCAjRTYyRjJGIDJweDsiPgo8cCBzdHlsZT0iZm9udC13ZWlnaHQ6Ym9sZDsgZm9udC1zaXplOjE3cHg7IHRleHQtYWxpZ246Y2VudGVyOyBtYXJnaW46MDsiPuOAkCA8c3BhbiBzdHlsZT0iYm9yZGVyLWJvdHRvbToycHggZG90dGVkICM5OTk7IGZvbnQtc2l6ZToxNXB4OyI+5aSp5YCZ5LiN6Imv44Gu5b2x6Z+/44Gr44KI44KL6YWN6YCB6YGF5bu244Gr44Gk44GE44GmPC9zcGFuPiDjgJE8L3A+CjxwIHN0eWxlPSJmb250LXNpemU6MTNweDsgbWFyZ2luOjE1cHggMCAwOyI+5Y+w6aKo44O76LGq6Zuo562J44Gu5aSp5YCZ5LiN6Imv44Gr5Ly044GE44CB5LiA6YOo5Zyw5Z+f44Gn44GK6I2354mp44Gu44GK5bGK44GR44Gr6YGF44KM44GM55m655Sf44GZ44KL5oGQ44KM44GM44GU44GW44GE44G+44GZ44CCPC9wPgo8cCBzdHlsZT0iZm9udC1zaXplOjEzcHg7IG1hcmdpbjo3cHggMCAwOyI+44G+44Gf44CB5LuK5b6M44Gu5Y+w6aKo44Gu6YCy6Lev44Gr44KI44Gj44Gm44Gv44CB5bqD56+E5Zuy44Gu5Zyw5Z+f44Gn6YGF44KM44GM55Sf44GY44KL5Y+v6IO95oCn44GM44GC44KK44G+44GZ44CC5Zyw5Z+f44KE44K/44Kk44Of44Oz44Kw44Gr44KI44Gj44Gm44CB44GU5biM5pyb44Gu44GK5bGK44GR5pel5pmC44Gr6YWN6YGU44Gn44GN44Gq44GE5aC05ZCI44GM44GU44GW44GE44G+44GZ44CCPC9wPgo8cCBzdHlsZT0iZm9udC1zaXplOjEzcHg7IG1hcmdpbjo3cHggMCAwOyI+44GK5a6i5qeY44Gr44Gv5aSn5aSJ44GU6L+35oOR44KS44GK5o6b44GR6Ie044GX44G+44GZ44GM44CB44GU55CG6Kej44GE44Gf44Gg44GR44G+44GZ44KI44GG44GK6aGY44GE6Ie044GX44G+44GZ44CCPC9wPgo8L2Rpdj4gLS0+CgoKCjwhLS0g5LiA6YOo5Zyw5Z+f44Gn44Gu6YWN6YGU6YGF5bu244Gr44Gk44GN44G+44GX44GmIC0tPgoKCjwhLS0g44Kv44O844Od44OzIAo8aW1nIHNyYz0iaHR0cDovL3d3dy5yYWt1dGVuLm5lLmpwL2dvbGQvZXNwb3J0cy9ibi9jb3Vwb24vY291cG9uNzcwLmdpZiIgYWx0PSIyMDDlhoZPRkbjgq/jg7zjg53jg7MiPiAtLT4KCgoKPCEtLSA8aW1nIHNyYz0iaHR0cDovL3d3dy5yYWt1dGVuLm5lLmpwL2dvbGQvZXNwb3J0cy9ibi9hZGlkYXMvYWRpZGFzLWJuMzU3LmpwZyIgYWx0PSJhZGlkYXPjg53jgqTjg7Pjg4gxNeWAjSI+IC0tPgoKCjxicj4=,44Kt44Oj44OX44OG44Oz44K544K/44OD44Kw77yIQ0FQVEFJTlNUQUfvvIkg44OA44OW44Or44K544OG44Oz44Os44K5IOODreODg+OCr+OCsOODqeOCuTMzMCBVRS0zMjI5IOOAkOOCq+ODg+ODlyDjgrPjg4Pjg5cg44OQ44O844OZ44Kt44Ol44O8IOOCreODo+ODs+ODlyDjgqLjgqbjg4jjg4njgqLjgJHvvJrvvYXvvLPvvLDvvK/vvLLvvLTvvLPmpb3lpKnmlK/lupc=,44Ki44Km44OI44OJ44Ki44Kt44Oj44Oz44OX44OQ44O844OZ44Kt44Ol44O844OG44Oz44OI44K/44O844OX44OG44O844OW44Or44OB44Kn44Ki44K344Ol44Op44OV44Op44Oz44K/44Oz44Kv44O844Op44O844Oc44OD44Kv44K544Kz44O844Or44Oe44Oz44OO44O844K544OV44Kn44Kk44K544K544Od44O844OE44OV44Kj44OD44OI44ON44K544OA44Kk44Ko44OD44OI44OI44Os44O844OL44Oz44Kw44OX44Ot44OG44Kk44Oz44K144OX44Oq44Oh44Oz44OI44OA44Oz44OZ44Or44K144OD44Kr44O844Kt44Oj44OX44OG44Oz44K544K/44OD44Kw77yIQ0FQVEFJTlNUQUfvvIkg44OA44OW44Or44K544OG44Oz44Os44K5IOODreODg+OCr+OCsOODqeOCuTMzMCBVRS0zMjI5IOOAkOOCq+ODg+ODlyDjgrPjg4Pjg5cg44OQ44O844OZ44Kt44Ol44O8IOOCreODo+ODs+ODlyDjgqLjgqbjg4jjg4njgqLjgJE=,44Kt44Oj44OX44OG44Oz44K544K/44OD44Kw77yIQ0FQVEFJTlNUQUfvvIkg44OA44OW44Or44K544OG44Oz44Os44K5IOODreODg+OCr+OCsOODqeOCuTMzMCBVRS0zMjI5IOOAkOOCq+ODg+ODlyDjgrPjg4Pjg5cg44OQ44O844OZ44Kt44Ol44O8IOOCreODo+ODs+ODlyDjgqLjgqbjg4jjg4njgqLjgJE=[rn]
34-75302,aHR0cDovL3RzaG9wLnIxMHMuanAvZXNwb3J0cy9jYWJpbmV0LzkyNjEtMy85MjYxMzEwNDkwMTI1LmpwZz9maXRpbj03MDA6NzAw,NjczLjYwMDA=,,44K544Od44O844OE44O744Ki44Km44OI44OJ44KiID4g44Ki44Km44OI44OJ44KiID4g44Kt44Oj44Oz44OX55So6aOf5ZmoID4g44Kr44OD44OX,44Kz44O844Or44Oe44Oz77yIQ29sZW1hbu+8iSDjg6njg4bjgqPjgrnjg57jgrDvvIjjg5vjg6/jgqTjg4jvvIkgMjAwMDAyNjc3NiDjgJDjgq3jg6Pjg7Pjg5cg6aOf5ZmoIOODl+ODrOODvOODiCDjgqLjgqbjg4jjg4njgqLjgJE=,4peG44GC44GZ5qW94peG,PCEtLWltZ190YWdzLS0+PHRhYmxlIGJvcmRlcj0iMCIgd2lkdGg9IjY1MCI+PFRSPjxURCBhbGlnbj0iY2VudGVyIj48QSBocmVmPSJodHRwOi8vd3d3LnJha3V0ZW4uY28uanAvZXNwb3J0cy9pbmZvMi5odG1sI2RlciI+PElNRyBzcmM9Imh0dHA6Ly93d3cucmFrdXRlbi5uZS5qcC9nb2xkL2VzcG9ydHMvc3VwcG9ydC9zaGlwcGluZzIuZ2lmIiBib3JkZXI9IjAiPjwvQT48QSBocmVmPSJodHRwOi8vd3d3LnJha3V0ZW4ubmUuanAvZ29sZC9lc3BvcnRzL3N1cHBvcnQvZGlzcGF0Y2guaHRtbCI+PElNRyBzcmM9Imh0dHA6Ly93d3cucmFrdXRlbi5uZS5qcC9nb2xkL2VzcG9ydHMvc3VwcG9ydC9kYXlzNi5naWYiIGJvcmRlcj0iMCI+PC9BPjxBIGhyZWY9Imh0dHA6Ly93d3cucmFrdXRlbi5uZS5qcC9nb2xkL2VzcG9ydHMvc3VwcG9ydC9kaXNwYXRjaC5odG1sIj48SU1HIHNyYz0iaHR0cDovL3d3dy5yYWt1dGVuLm5lLmpwL2dvbGQvZXNwb3J0cy9zdXBwb3J0L3BsYWNlMS5naWYiIGJvcmRlcj0iMCI+PC9BPjwvdGQ+PC90cj48L3RhYmxlPjwhLS1pbWdfdGFnZS0tPjwhLS1zb2t1X3RhZ3MtLT48dGFibGUgYm9yZGVyPSIwIj48VFI+PFREPjxBIGhyZWY9Imh0dHA6Ly93d3cucmFrdXRlbi5uZS5qcC9nb2xkL2VzcG9ydHMvYXN1cmFrdS9hc3VyYWt1Lmh0bWwiIHRhcmdldD0iX2JsYW5rIj48SU1HIHNyYz0iaHR0cDovL3d3dy5yYWt1dGVuLm5lLmpwL2dvbGQvZXNwb3J0cy9ibi9hc3VyYWt1L2FzdXJha3UuZ2lmIiBib3JkZXI9IjAiPjwvQT48L1REPjwvdHI+PC90YWJsZT48IS0tc29rdV90YWdlLS0+PHN0cm9uZz48Zm9udCBjb2xvcj0iIzAwMDBDRCIgc2l6ZT0iNCI+56u557mK57at44KS5re344Gc6L6844KT44Gg44Ko44Kz44Gq44OH44Kj44OD44K344Ol44Km44Kn44Ki44CCPGJyPuOCueODvOODl+OBq+OCguS+v+WIqeOBquW6g+WPo+ODnuOCsOOCq+ODg+ODl+OAgjxicj48L2ZvbnQ+PC9zdHJvbmc+PGJyPuKWoOOCueOCv+ODg+OCreODs+OCsOOBp+OBjeOBpuOCs+ODs+ODkeOCr+ODiOOBq+WPjue0jTxicj7ilqDmjIHjgaHjgoTjgZnjgYTjg4/jg7Pjg4njg6vlvaLnirY8YnI+PGJyPjxwPjxicj48YnI+PGltZyBzcmM9Imh0dHA6Ly9pbWFnZS5yYWt1dGVuLmNvLmpwL2VzcG9ydHMvY2FiaW5ldC9ibi9jb2xlbWFuLTQwYW52LmpwZyIgYWx0PSLjgrPjg7zjg6vjg57jg7M0MOWRqOW5tOiomOW/tSIgYm9yZGVyPSIwIj48YnI+PGJyPjxpbWcgc3JjPSJodHRwOi8vaW1hZ2UucmFrdXRlbi5jby5qcC9lc3BvcnRzL2NhYmluZXQvYm4vY29sZW1hbi1hbWUtdmluLmpwZyIgYWx0PSLjgrPjg7zjg6vjg57jg7PjgqLjg6Hjg6rjgqvjg7Pjg7TjgqPjg7Pjg4bjg7zjgrgiIGJvcmRlcj0iMCI+PGJyPjxicj48aW1nIHNyYz0iaHR0cDovL2ltYWdlLnJha3V0ZW4uY28uanAvZXNwb3J0cy9jYWJpbmV0L2NvbGVtYW4xNy9jb2xlbWFuMjAxN181MDAuanBnIiBhbHQ9IuOCs+ODvOODq+ODnuODszIwMTfmlrDllYblk4Hnibnpm4YiIGJvcmRlcj0iMCI+PGJyPuKXj+euoeeQhmNvZGXvvJo3OTgzOTg4NzwhLS1zcGVjX3RhZ3MtLT48cD48c3Ryb25nPjxmb250IGNvbG9yPSIjMDAwMENEIiBzaXplPSIzIj7jgJDllYblk4Hjgrnjg5rjg4Pjgq/jgJE8L2ZvbnQ+PC9zdHJvbmc+PGJyPuKXjzxzdHJvbmc+44K144Kk44K6PC9zdHJvbmc+IDog57SEzqY5LjXDlzbvvIho77yJY208YnI+4pePPHN0cm9uZz7ph43ph488L3N0cm9uZz4gOiDntIQxMDBnPGJyPuKXjzxzdHJvbmc+5p2Q6LOqPC9zdHJvbmc+IDog44Oh44Op44Of44Oz44CB56u557mK57atPGJyPuKXjzxzdHJvbmc+6ICQ54ax5rip5bqmPC9zdHJvbmc+IDog57SEMTAw4oSDPGJyPjwhLS1zcGVjX3RhZ2UtLT48YnI+PGxpbmsgcmVsPSJzdHlsZXNoZWV0IiB0eXBlPSJ0ZXh0L2NzcyIgaHJlZj0iaHR0cDovL3d3dy5yYWt1dGVuLm5lLmpwL2dvbGQvZXNwb3J0cy9zaG9wcGluZ19wYXJ0cy5jc3MiPgoKPGRpdiBzdHlsZT0ibWFyZ2luLXRvcDotMjZweDsiPjwvZGl2PgoKPGltZyBzcmM9Imh0dHA6Ly93d3cucmFrdXRlbi5uZS5qcC9nb2xkL2VzcG9ydHMvYm4vcG9pbnQvcG9pbnRfYmJiLmpwZyIgYWx0PSIzMDAw5YaG5Lul5LiK44Gn44Od44Kk44Oz44OI77yT5YCNIiBib3JkZXI9IjAiIHdpZHRoPSI3NTBweCI+Cgo8IS0tIOOCu+ODvOODqyA8aW1nIHNyYz0iaHR0cDovL3d3dy5yYWt1dGVuLm5lLmpwL2dvbGQvZXNwb3J0cy9uZXd5ZWFyLXNhbGUvbmV3eWVhci1zYWxlLTc4MC5qcGciIGJvcmRlcj0iMCIgYWx0PSLjgrvjg7zjg6siIHdpZHRoPSI3NzBweCI+PGJyPjxicj4g44K744O844OrIC0tPgoKPCEtLSDjgrnjg7zjg5Hjg7zjgrvjg7zjg6sgPGRpdiBzdHlsZT0id2lkdGggOiA3NTBweDsiPgo8ZGl2IGFsaWduPSJjZW50ZXIiIHN0eWxlPSJtYXJnaW4tYm90dG9tIDogMHB4O2JvcmRlci13aWR0aCA6IDJweDtib3JkZXItc3R5bGUgOiBzb2xpZDtib3JkZXItY29sb3IgOiAjYmMxMTMxOyI+Cgo8L2Rpdj48L2Rpdj48ZGl2IGNsYXNzPSJtYXJnaW41Ij48L2Rpdj48YnI+IOOCueODvOODkeODvOOCu+ODvOODqy0tPgoKPCEtLSDjgrnjg7zjg5Hjg7zjgrvjg7zjg6syIO+8iOODkOODiuODvOOBruOBv++8iTxpbWcgc3JjPSJodHRwOi8vd3d3LnJha3V0ZW4ubmUuanAvZ29sZC9lc3BvcnRzL3Nwc2FsZS9zYWxlLWJuNzgwLmpwZyIgYm9yZGVyPSIwIiBhbHQ9IuOCu+ODvOODqyIgd2lkdGg9Ijc3MHB4Ij48YnI+PGJyPiDjgrnjg7zjg5Hjg7wgLS0+Cgo8ZGl2IGNsYXNzPSJjb250ZW50cyI+PCEtLSDlkYrnn6UgCjxkaXYgc3R5bGU9IndpZHRoOjczNnB4OyBwYWRkaW5nOjE1cHg7IG1hcmdpbjo1cHggMCAxNXB4OyBib3JkZXI6c29saWQgI0U2MkYyRiAycHg7Ij4KPHAgc3R5bGU9ImZvbnQtd2VpZ2h0OmJvbGQ7IGZvbnQtc2l6ZToxN3B4OyB0ZXh0LWFsaWduOmNlbnRlcjsiPuOAkCA8c3BhbiBzdHlsZT0iYm9yZGVyLWJvdHRvbToycHggZG90dGVkICM5OTk7IGZvbnQtc2l6ZToxNXB4OyI+NeaciDI25pelKOmHkSnjga7llrbmpa3jgavjgaTjgYTjgaY8L3NwYW4+IOOAkTwvcD4KPHAgc3R5bGU9ImZvbnQtc2l6ZToxM3B4OyBtYXJnaW4tdG9wOjE1cHg7Ij7oqqDjgavli53miYvjgarjgYzjgok15pyIMjbml6Uo6YeRKeOBr+OAgeekvuWGheeglOS/ruOBruOBn+OCgeOAgeWWtualreaZgumWk+OCkuWNiOWJjTEy77yaMDDjgb7jgafjgajjgZXjgZvjgabjgYTjgZ/jgaDjgY3jgb7jgZnjgILlsJrjgIHjgIzjgYLjgZnmpb3jgI3lr77lv5zlk4HjgavjgaTjgY3jgb7jgZfjgabjga/jgIHpgJrluLjpgJrjgooxMu+8mjAw44G+44Gn44Gu44GU5rOo5paH44KS5b2T5pel55m66YCB44GV44Gb44Gm44GE44Gf44Gg44GN44G+44GZ44CCPC9wPgo8cCBzdHlsZT0iZm9udC1zaXplOjEzcHg7IG1hcmdpbi10b3A6MTVweDsiPuOBiuWuouanmOOBq+OBr+OBlOS4jeS+v+OCkuOBiuaOm+OBkeiHtOOBl+OBvuOBmeOBjOOAgeOBlOeQhuino+OBrueoi+OAgeWunOOBl+OBj+OBiumhmOOBhOiHtOOBl+OBvuOBmeOAgjwvcD4KPC9kaXY+IC0tPgoKCjwhLS0gPGRpdiBzdHlsZT0id2lkdGg6NzM2cHg7IHBhZGRpbmc6MTVweDsgbWFyZ2luOjVweCAwIDE1cHg7IGJvcmRlcjpzb2xpZCAjRTYyRjJGIDJweDsiPgo8cCBzdHlsZT0iZm9udC13ZWlnaHQ6Ym9sZDsgZm9udC1zaXplOjE3cHg7IHRleHQtYWxpZ246Y2VudGVyOyBtYXJnaW46MDsiPuOAkCA8c3BhbiBzdHlsZT0iYm9yZGVyLWJvdHRvbToycHggZG90dGVkICM5OTk7IGZvbnQtc2l6ZToxNXB4OyI+5aSp5YCZ5LiN6Imv44Gu5b2x6Z+/44Gr44KI44KL6YWN6YCB6YGF5bu244Gr44Gk44GE44GmPC9zcGFuPiDjgJE8L3A+CjxwIHN0eWxlPSJmb250LXNpemU6MTNweDsgbWFyZ2luOjE1cHggMCAwOyI+5Y+w6aKo44O76LGq6Zuo562J44Gu5aSp5YCZ5LiN6Imv44Gr5Ly044GE44CB5LiA6YOo5Zyw5Z+f44Gn44GK6I2354mp44Gu44GK5bGK44GR44Gr6YGF44KM44GM55m655Sf44GZ44KL5oGQ44KM44GM44GU44GW44GE44G+44GZ44CCPC9wPgo8cCBzdHlsZT0iZm9udC1zaXplOjEzcHg7IG1hcmdpbjo3cHggMCAwOyI+44G+44Gf44CB5LuK5b6M44Gu5Y+w6aKo44Gu6YCy6Lev44Gr44KI44Gj44Gm44Gv44CB5bqD56+E5Zuy44Gu5Zyw5Z+f44Gn6YGF44KM44GM55Sf44GY44KL5Y+v6IO95oCn44GM44GC44KK44G+44GZ44CC5Zyw5Z+f44KE44K/44Kk44Of44Oz44Kw44Gr44KI44Gj44Gm44CB44GU5biM5pyb44Gu44GK5bGK44GR5pel5pmC44Gr6YWN6YGU44Gn44GN44Gq44GE5aC05ZCI44GM44GU44GW44GE44G+44GZ44CCPC9wPgo8cCBzdHlsZT0iZm9udC1zaXplOjEzcHg7IG1hcmdpbjo3cHggMCAwOyI+44GK5a6i5qeY44Gr44Gv5aSn5aSJ44GU6L+35oOR44KS44GK5o6b44GR6Ie044GX44G+44GZ44GM44CB44GU55CG6Kej44GE44Gf44Gg44GR44G+44GZ44KI44GG44GK6aGY44GE6Ie044GX44G+44GZ44CCPC9wPgo8L2Rpdj4gLS0+CgoKCjwhLS0g5LiA6YOo5Zyw5Z+f44Gn44Gu6YWN6YGU6YGF5bu244Gr44Gk44GN44G+44GX44GmIC0tPgoKCjwhLS0g44Kv44O844Od44OzIAo8aW1nIHNyYz0iaHR0cDovL3d3dy5yYWt1dGVuLm5lLmpwL2dvbGQvZXNwb3J0cy9ibi9jb3Vwb24vY291cG9uNzcwLmdpZiIgYWx0PSIyMDDlhoZPRkbjgq/jg7zjg53jg7MiPiAtLT4KCgoKPCEtLSA8aW1nIHNyYz0iaHR0cDovL3d3dy5yYWt1dGVuLm5lLmpwL2dvbGQvZXNwb3J0cy9ibi9hZGlkYXMvYWRpZGFzLWJuMzU3LmpwZyIgYWx0PSJhZGlkYXPjg53jgqTjg7Pjg4gxNeWAjSI+IC0tPgoKCjxicj4=,44Kz44O844Or44Oe44Oz77yIQ29sZW1hbu+8iSDjg6njg4bjgqPjgrnjg57jgrDvvIjjg5vjg6/jgqTjg4jvvIkgMjAwMDAyNjc3NiDjgJDjgq3jg6Pjg7Pjg5cg6aOf5ZmoIOODl+ODrOODvOODiCDjgqLjgqbjg4jjg4njgqLjgJHvvJrvvYXvvLPvvLDvvK/vvLLvvLTvvLPmpb3lpKnmlK/lupc=,44Ki44Km44OI44OJ44Ki44Kt44Oj44Oz44OX44OQ44O844OZ44Kt44Ol44O844OG44Oz44OI44K/44O844OX44OG44O844OW44Or44OB44Kn44Ki44K344Ol44Op44OV44Op44Oz44K/44Oz44Kv44O844Op44O844Oc44OD44Kv44K544Kz44O844Or44Oe44Oz44OO44O844K544OV44Kn44Kk44K544K544Od44O844OE44OV44Kj44OD44OI44ON44K544OA44Kk44Ko44OD44OI44OI44Os44O844OL44Oz44Kw44OX44Ot44OG44Kk44Oz44K144OX44Oq44Oh44Oz44OI44OA44Oz44OZ44Or44K144OD44Kr44O844Kz44O844Or44Oe44Oz77yIQ29sZW1hbu+8iSDjg6njg4bjgqPjgrnjg57jgrDvvIjjg5vjg6/jgqTjg4jvvIkgMjAwMDAyNjc3NiDjgJDjgq3jg6Pjg7Pjg5cg6aOf5ZmoIOODl+ODrOODvOODiCDjgqLjgqbjg4jjg4njgqLjgJE=,4peG44GC44GZ5qW94peG44CC44Kz44O844Or44Oe44Oz77yIQ29sZW1hbu+8iSDjg6njg4bjgqPjgrnjg57jgrDvvIjjg5vjg6/jgqTjg4jvvIkgMjAwMDAyNjc3NiDjgJDjgq3jg6Pjg7Pjg5cg6aOf5ZmoIOODl+ODrOODvOODiCDjgqLjgqbjg4jjg4njgqLjgJE=[rn]
34-75303,aHR0cDovL3RzaG9wLnIxMHMuanAvZXNwb3J0cy9jYWJpbmV0LzkyODMtMi85MjgzMzMwODkwMDI0LmpwZz9maXRpbj03MDA6NzAw,MTIwOS42MDAw,,44K544Od44O844OE44O744Ki44Km44OI44OJ44KiID4g44Ki44Km44OI44OJ44KiID4g44Kt44Oj44Oz44OX55So6aOf5ZmoID4g44Kr44OD44OX,44OA44Kk44ON44OD44Kv44K577yIRElORVjvvIkg44Oe44Kw44Kr44OD44OXIDggb3ouIE1VRyBTZXQgQkxBQ0sgMuWAi+OCu+ODg+ODiCDjgJDjgqLjgqbjg4jjg4njgqIg44Kt44Oj44Oz44OXIOeZu+WxsSDjgrPjg4Pjg5cg44OQ44O844OZ44Kt44Ol44O844CR,,PCEtLWltZ190YWdzLS0+PHRhYmxlIGJvcmRlcj0iMCIgd2lkdGg9IjY1MCI+PFRSPjxURCBhbGlnbj0iY2VudGVyIj48QSBocmVmPSJodHRwOi8vd3d3LnJha3V0ZW4uY28uanAvZXNwb3J0cy9pbmZvMi5odG1sI2RlciI+PElNRyBzcmM9Imh0dHA6Ly93d3cucmFrdXRlbi5uZS5qcC9nb2xkL2VzcG9ydHMvc3VwcG9ydC9zaGlwcGluZzIuZ2lmIiBib3JkZXI9IjAiPjwvQT48QSBocmVmPSJodHRwOi8vd3d3LnJha3V0ZW4ubmUuanAvZ29sZC9lc3BvcnRzL3N1cHBvcnQvZGlzcGF0Y2guaHRtbCI+PElNRyBzcmM9Imh0dHA6Ly93d3cucmFrdXRlbi5uZS5qcC9nb2xkL2VzcG9ydHMvc3VwcG9ydC9kYXlzMi5naWYiIGJvcmRlcj0iMCI+PC9BPjxBIGhyZWY9Imh0dHA6Ly93d3cucmFrdXRlbi5uZS5qcC9nb2xkL2VzcG9ydHMvc3VwcG9ydC9kaXNwYXRjaC5odG1sIj48SU1HIHNyYz0iaHR0cDovL3d3dy5yYWt1dGVuLm5lLmpwL2dvbGQvZXNwb3J0cy9zdXBwb3J0L3BsYWNlMy5naWYiIGJvcmRlcj0iMCI+PC9BPjxBIGhyZWY9Imh0dHA6Ly93d3cucmFrdXRlbi5jby5qcC9lc3BvcnRzL2luZm8yLmh0bWwjYmFjayI+PElNRyBzcmM9Imh0dHA6Ly93d3cucmFrdXRlbi5uZS5qcC9nb2xkL2VzcG9ydHMvc3VwcG9ydC9yZXR1cm4xLmdpZiIgYm9yZGVyPSIwIj48L0E+PC90ZD48L3RyPjwvdGFibGU+PCEtLWltZ190YWdlLS0+PHN0cm9uZz48Zm9udCBjb2xvcj0iIzAwMDBDRCIgc2l6ZT0iNCI+44Kt44Oj44Oz44OX44KE44OQ44O844OZ44Kt44Ol44O844Gr44KC5pyA6YGp44CCPGJyPjwvZm9udD48L3N0cm9uZz48YnI+44KC44Go44KC44Go55m75bGx55So44Go44GX44Gm5L2c44KJ44KM54K644CB6Lu944GP44Gm6auY5qmf6IO944CCPGJyPuWkluWBtOOBqOWGheWBtOOBruS6jOmHjeani+mAoOWjge+8iOODgOODluODq+OCpuOCqeODvOODq+ani+mAoO+8ieOBrumWk+OBq+OCpuODrOOCv+ODs+adkOOBjOWFpeOBo+OBn+mrmOOBhOaWreeGseWKueaenOOBjOeJueW+tOOAgjxicj48YnI+4oC75ZWG5ZOB6Imy44Gv44GU6Kan44Gr44Gq44KL44Oi44OL44K/44O844Gu54m55oCn44Gr44KI44KK5a6f54mp44Gu6Imy44Go5aSa5bCR55Ww44Gq44KK44G+44GZ44CCPGJyPuKAu+S7leanmOWkieabtOOBq+OCiOOCiuS6iOWRiuOBquOBj+e0oOadkOOChOW9oueKtuOBjOWkieabtOOBqOOBquOCi+WgtOWQiOOBjOOBguOCiuOBvuOBmeOAgjxicj7jgYLjgonjgYvjgZjjgoHjgZTkuobmib/jgY/jgaDjgZXjgYTjgII8YnI+PGJyPjxicj7il4sxOTg15bm05Ym15qWt44Gu44OG44O844OW44Or44Km44Kn44Ki44Oh44O844Kr44O844CMRElORVjjgI3jgII8YnI+5L+d5rip5oCn44Gu6auY44GV44Go5LiI5aSr44GV44CB6aO944GN44Gu44GT44Gq44GE44OH44K244Kk44Oz44GM54m55b6044Gu44OW44Op44Oz44OJ44CCPGJyPjxicj48cD48dGFibGUgYm9yZGVyPSIwIiB3aWR0aD0iOTclIiBiZ2NvbG9yPSIjRkZGRkUwIj48dHI+PHRkPjxzdHJvbmc+PGZvbnQgY29sb3I9IiMwMDY0MDAiIHNpemU9IjMiPuOAkOmWoumAo+WVhuWTgeOBr+OBk+OBoeOCieOBp+OBmeOAkTwvZm9udD48L3N0cm9uZz48YnI+4peGIOWFqOOCq+ODqeODvDxicj48L3RkPjwvdHI+PC90YWJsZT48IS0tbWtfdGFncy0tPjxQPjxJTUcgc3JjPSJodHRwOi8vd3d3LnJha3V0ZW4ubmUuanAvZ29sZC9lc3BvcnRzL2JuL2p5dWhhdHR5dXU1MjAtNjAuanBnIiB3aWR0aD0iNTIwIiBoZWlnaHQ9IjYwIiBib3JkZXI9IjAiPjwvUD48IS0tbWtfdGFnZS0tPjxicj7il4/nrqHnkIZjb2Rl77yaNzk4NDg4OTU8IS0tc3BlY190YWdzLS0+PHA+PHN0cm9uZz48Zm9udCBjb2xvcj0iIzAwMDBDRCIgc2l6ZT0iMyI+44CQ5ZWG5ZOB44K544Oa44OD44Kv44CRPC9mb250Pjwvc3Ryb25nPjxicj7il488c3Ryb25nPuOCteOCpOOCujwvc3Ryb25nPiA6IOmrmOOBlTljbcOX5bmFMTFjbcOX5aWl6KGMOGNtPGJyPuKXjzxzdHJvbmc+6LOq6YePPC9zdHJvbmc+IDogMC4wOGtnPGJyPuKXjzxzdHJvbmc+5a656YePPC9zdHJvbmc+IDogMjI2bWw8YnI+4pePPHN0cm9uZz7ntKDmnZA8L3N0cm9uZz4gOiDjg53jg6rjg5fjg63jg5Tjg6zjg7M8YnI+4pePPHN0cm9uZz7nlJ/nlKPlm708L3N0cm9uZz4gOiDjgqLjg6Hjg6rjgqs8YnI+PCEtLXNwZWNfdGFnZS0tPjxicj48bGluayByZWw9InN0eWxlc2hlZXQiIHR5cGU9InRleHQvY3NzIiBocmVmPSJodHRwOi8vd3d3LnJha3V0ZW4ubmUuanAvZ29sZC9lc3BvcnRzL3Nob3BwaW5nX3BhcnRzLmNzcyI+Cgo8ZGl2IHN0eWxlPSJtYXJnaW4tdG9wOi0yNnB4OyI+PC9kaXY+Cgo8aW1nIHNyYz0iaHR0cDovL3d3dy5yYWt1dGVuLm5lLmpwL2dvbGQvZXNwb3J0cy9ibi9wb2ludC9wb2ludF9iYmIuanBnIiBhbHQ9IjMwMDDlhobku6XkuIrjgafjg53jgqTjg7Pjg4jvvJPlgI0iIGJvcmRlcj0iMCIgd2lkdGg9Ijc1MHB4Ij4KCjwhLS0g44K744O844OrIDxpbWcgc3JjPSJodHRwOi8vd3d3LnJha3V0ZW4ubmUuanAvZ29sZC9lc3BvcnRzL25ld3llYXItc2FsZS9uZXd5ZWFyLXNhbGUtNzgwLmpwZyIgYm9yZGVyPSIwIiBhbHQ9IuOCu+ODvOODqyIgd2lkdGg9Ijc3MHB4Ij48YnI+PGJyPiDjgrvjg7zjg6sgLS0+Cgo8IS0tIOOCueODvOODkeODvOOCu+ODvOODqyA8ZGl2IHN0eWxlPSJ3aWR0aCA6IDc1MHB4OyI+CjxkaXYgYWxpZ249ImNlbnRlciIgc3R5bGU9Im1hcmdpbi1ib3R0b20gOiAwcHg7Ym9yZGVyLXdpZHRoIDogMnB4O2JvcmRlci1zdHlsZSA6IHNvbGlkO2JvcmRlci1jb2xvciA6ICNiYzExMzE7Ij4KCjwvZGl2PjwvZGl2PjxkaXYgY2xhc3M9Im1hcmdpbjUiPjwvZGl2Pjxicj4g44K544O844OR44O844K744O844OrLS0+Cgo8IS0tIOOCueODvOODkeODvOOCu+ODvOODqzIg77yI44OQ44OK44O844Gu44G/77yJPGltZyBzcmM9Imh0dHA6Ly93d3cucmFrdXRlbi5uZS5qcC9nb2xkL2VzcG9ydHMvc3BzYWxlL3NhbGUtYm43ODAuanBnIiBib3JkZXI9IjAiIGFsdD0i44K744O844OrIiB3aWR0aD0iNzcwcHgiPjxicj48YnI+IOOCueODvOODkeODvCAtLT4KCjxkaXYgY2xhc3M9ImNvbnRlbnRzIj48IS0tIOWRiuefpSAKPGRpdiBzdHlsZT0id2lkdGg6NzM2cHg7IHBhZGRpbmc6MTVweDsgbWFyZ2luOjVweCAwIDE1cHg7IGJvcmRlcjpzb2xpZCAjRTYyRjJGIDJweDsiPgo8cCBzdHlsZT0iZm9udC13ZWlnaHQ6Ym9sZDsgZm9udC1zaXplOjE3cHg7IHRleHQtYWxpZ246Y2VudGVyOyI+44CQIDxzcGFuIHN0eWxlPSJib3JkZXItYm90dG9tOjJweCBkb3R0ZWQgIzk5OTsgZm9udC1zaXplOjE1cHg7Ij415pyIMjbml6Uo6YeRKeOBruWWtualreOBq+OBpOOBhOOBpjwvc3Bhbj4g44CRPC9wPgo8cCBzdHlsZT0iZm9udC1zaXplOjEzcHg7IG1hcmdpbi10b3A6MTVweDsiPuiqoOOBq+WLneaJi+OBquOBjOOCiTXmnIgyNuaXpSjph5Ep44Gv44CB56S+5YaF56CU5L+u44Gu44Gf44KB44CB5Za25qWt5pmC6ZaT44KS5Y2I5YmNMTLvvJowMOOBvuOBp+OBqOOBleOBm+OBpuOBhOOBn+OBoOOBjeOBvuOBmeOAguWwmuOAgeOAjOOBguOBmealveOAjeWvvuW/nOWTgeOBq+OBpOOBjeOBvuOBl+OBpuOBr+OAgemAmuW4uOmAmuOCijEy77yaMDDjgb7jgafjga7jgZTms6jmlofjgpLlvZPml6XnmbrpgIHjgZXjgZvjgabjgYTjgZ/jgaDjgY3jgb7jgZnjgII8L3A+CjxwIHN0eWxlPSJmb250LXNpemU6MTNweDsgbWFyZ2luLXRvcDoxNXB4OyI+44GK5a6i5qeY44Gr44Gv44GU5LiN5L6/44KS44GK5o6b44GR6Ie044GX44G+44GZ44GM44CB44GU55CG6Kej44Gu56iL44CB5a6c44GX44GP44GK6aGY44GE6Ie044GX44G+44GZ44CCPC9wPgo8L2Rpdj4gLS0+CgoKPCEtLSA8ZGl2IHN0eWxlPSJ3aWR0aDo3MzZweDsgcGFkZGluZzoxNXB4OyBtYXJnaW46NXB4IDAgMTVweDsgYm9yZGVyOnNvbGlkICNFNjJGMkYgMnB4OyI+CjxwIHN0eWxlPSJmb250LXdlaWdodDpib2xkOyBmb250LXNpemU6MTdweDsgdGV4dC1hbGlnbjpjZW50ZXI7IG1hcmdpbjowOyI+44CQIDxzcGFuIHN0eWxlPSJib3JkZXItYm90dG9tOjJweCBkb3R0ZWQgIzk5OTsgZm9udC1zaXplOjE1cHg7Ij7lpKnlgJnkuI3oia/jga7lvbHpn7/jgavjgojjgovphY3pgIHpgYXlu7bjgavjgaTjgYTjgaY8L3NwYW4+IOOAkTwvcD4KPHAgc3R5bGU9ImZvbnQtc2l6ZToxM3B4OyBtYXJnaW46MTVweCAwIDA7Ij7lj7Dpoqjjg7vosarpm6jnrYnjga7lpKnlgJnkuI3oia/jgavkvLTjgYTjgIHkuIDpg6jlnLDln5/jgafjgYrojbfnianjga7jgYrlsYrjgZHjgavpgYXjgozjgYznmbrnlJ/jgZnjgovmgZDjgozjgYzjgZTjgZbjgYTjgb7jgZnjgII8L3A+CjxwIHN0eWxlPSJmb250LXNpemU6MTNweDsgbWFyZ2luOjdweCAwIDA7Ij7jgb7jgZ/jgIHku4rlvozjga7lj7Dpoqjjga7pgLLot6/jgavjgojjgaPjgabjga/jgIHluoPnr4Tlm7Ljga7lnLDln5/jgafpgYXjgozjgYznlJ/jgZjjgovlj6/og73mgKfjgYzjgYLjgorjgb7jgZnjgILlnLDln5/jgoTjgr/jgqTjg5/jg7PjgrDjgavjgojjgaPjgabjgIHjgZTluIzmnJvjga7jgYrlsYrjgZHml6XmmYLjgavphY3pgZTjgafjgY3jgarjgYTloLTlkIjjgYzjgZTjgZbjgYTjgb7jgZnjgII8L3A+CjxwIHN0eWxlPSJmb250LXNpemU6MTNweDsgbWFyZ2luOjdweCAwIDA7Ij7jgYrlrqLmp5jjgavjga/lpKflpInjgZTov7fmg5HjgpLjgYrmjpvjgZHoh7TjgZfjgb7jgZnjgYzjgIHjgZTnkIbop6PjgYTjgZ/jgaDjgZHjgb7jgZnjgojjgYbjgYrpoZjjgYToh7TjgZfjgb7jgZnjgII8L3A+CjwvZGl2PiAtLT4KCgoKPCEtLSDkuIDpg6jlnLDln5/jgafjga7phY3pgZTpgYXlu7bjgavjgaTjgY3jgb7jgZfjgaYgLS0+CgoKPCEtLSDjgq/jg7zjg53jg7MgCjxpbWcgc3JjPSJodHRwOi8vd3d3LnJha3V0ZW4ubmUuanAvZ29sZC9lc3BvcnRzL2JuL2NvdXBvbi9jb3Vwb243NzAuZ2lmIiBhbHQ9IjIwMOWGhk9GRuOCr+ODvOODneODsyI+IC0tPgoKCgo8IS0tIDxpbWcgc3JjPSJodHRwOi8vd3d3LnJha3V0ZW4ubmUuanAvZ29sZC9lc3BvcnRzL2JuL2FkaWRhcy9hZGlkYXMtYm4zNTcuanBnIiBhbHQ9ImFkaWRhc+ODneOCpOODs+ODiDE15YCNIj4gLS0+CgoKPGJyPg==,44OA44Kk44ON44OD44Kv44K577yIRElORVjvvIkg44Oe44Kw44Kr44OD44OXIDggb3ouIE1VRyBTZXQgQkxBQ0sgMuWAi+OCu+ODg+ODiCDjgJDjgqLjgqbjg4jjg4njgqIg44Kt44Oj44Oz44OXIOeZu+WxsSDjgrPjg4Pjg5cg44OQ44O844OZ44Kt44Ol44O844CR77ya772F77yz77yw77yv77yy77y077yz5qW95aSp5pSv5bqX,44Ki44Km44OI44OJ44Ki44Kt44Oj44Oz44OX44OQ44O844OZ44Kt44Ol44O844OG44Oz44OI44K/44O844OX44OG44O844OW44Or44OB44Kn44Ki44K344Ol44Op44OV44Op44Oz44K/44Oz44Kv44O844Op44O844Oc44OD44Kv44K544Kz44O844Or44Oe44Oz44OO44O844K544OV44Kn44Kk44K544K544Od44O844OE44OV44Kj44OD44OI44ON44K544OA44Kk44Ko44OD44OI44OI44Os44O844OL44Oz44Kw44OX44Ot44OG44Kk44Oz44K144OX44Oq44Oh44Oz44OI44OA44Oz44OZ44Or44K144OD44Kr44O844OA44Kk44ON44OD44Kv44K577yIRElORVjvvIkg44Oe44Kw44Kr44OD44OXIDggb3ouIE1VRyBTZXQgQkxBQ0sgMuWAi+OCu+ODg+ODiCDjgJDjgqLjgqbjg4jjg4njgqIg44Kt44Oj44Oz44OXIOeZu+WxsSDjgrPjg4Pjg5cg44OQ44O844OZ44Kt44Ol44O844CR,44OA44Kk44ON44OD44Kv44K577yIRElORVjvvIkg44Oe44Kw44Kr44OD44OXIDggb3ouIE1VRyBTZXQgQkxBQ0sgMuWAi+OCu+ODg+ODiCDjgJDjgqLjgqbjg4jjg4njgqIg44Kt44Oj44Oz44OXIOeZu+WxsSDjgrPjg4Pjg5cg44OQ44O844OZ44Kt44Ol44O844CR[rn]
34-75304,aHR0cDovL3RzaG9wLnIxMHMuanAvZXNwb3J0cy9jYWJpbmV0LzkyMzcvOTIzNzMxMDQ5MDE0NS5qcGc/Zml0aW49NzAwOjcwMA==,MTQyNC4wMDAw,,44K544Od44O844OE44O744Ki44Km44OI44OJ44KiID4g44Ki44Km44OI44OJ44KiID4g44Kt44Oj44Oz44OX55So6aOf5ZmoID4g44Kr44OD44OX,44OZ44Or44Oi44Oz44OI77yIYmVsbW9udO+8iSDjg4Hjgr/jg7Pjgrfjg7PjgrDjg6vjg57jgrAzMDBGSCBsb2dvIEJNLTMxNCDjgJDjg57jgrDjgqvjg4Pjg5cg44Kz44OD44OXIOOCreODo+ODs+ODlyDjgqLjgqbjg4jjg4njgqLjgJE=,,PCEtLWltZ190YWdzLS0+PHRhYmxlIGJvcmRlcj0iMCIgd2lkdGg9IjY1MCI+PFRSPjxURCBhbGlnbj0iY2VudGVyIj48QSBocmVmPSJodHRwOi8vd3d3LnJha3V0ZW4uY28uanAvZXNwb3J0cy9pbmZvMi5odG1sI2RlciI+PElNRyBzcmM9Imh0dHA6Ly93d3cucmFrdXRlbi5uZS5qcC9nb2xkL2VzcG9ydHMvc3VwcG9ydC9zaGlwcGluZzIuZ2lmIiBib3JkZXI9IjAiPjwvQT48QSBocmVmPSJodHRwOi8vd3d3LnJha3V0ZW4ubmUuanAvZ29sZC9lc3BvcnRzL3N1cHBvcnQvZGlzcGF0Y2guaHRtbCI+PElNRyBzcmM9Imh0dHA6Ly93d3cucmFrdXRlbi5uZS5qcC9nb2xkL2VzcG9ydHMvc3VwcG9ydC9kYXlzMi5naWYiIGJvcmRlcj0iMCI+PC9BPjxBIGhyZWY9Imh0dHA6Ly93d3cucmFrdXRlbi5uZS5qcC9nb2xkL2VzcG9ydHMvc3VwcG9ydC9kaXNwYXRjaC5odG1sIj48SU1HIHNyYz0iaHR0cDovL3d3dy5yYWt1dGVuLm5lLmpwL2dvbGQvZXNwb3J0cy9zdXBwb3J0L3BsYWNlMy5naWYiIGJvcmRlcj0iMCI+PC9BPjxBIGhyZWY9Imh0dHA6Ly93d3cucmFrdXRlbi5jby5qcC9lc3BvcnRzL2luZm8yLmh0bWwjYmFjayI+PElNRyBzcmM9Imh0dHA6Ly93d3cucmFrdXRlbi5uZS5qcC9nb2xkL2VzcG9ydHMvc3VwcG9ydC9yZXR1cm4xLmdpZiIgYm9yZGVyPSIwIj48L0E+PC90ZD48L3RyPjwvdGFibGU+PCEtLWltZ190YWdlLS0+PHN0cm9uZz48Zm9udCBjb2xvcj0iIzAwMDBDRCIgc2l6ZT0iNCI+6Lu96YeP44Gq44OB44K/44Oz6KO944Gu44K344Oz44Kw44Or44Oe44Kw44CCPGJyPjwvZm9udD48L3N0cm9uZz48YnI+44OP44Oz44OJ44Or44Gv5oqY44KK44Gf44Gf44KA44GT44Go44GM44Gn44GN44G+44GZ44CCPGJyPjxicj48cD48IS0tbWtfdGFncy0tPjxQPjxJTUcgc3JjPSJodHRwOi8vd3d3LnJha3V0ZW4ubmUuanAvZ29sZC9lc3BvcnRzL2JuL2p5dWhhdHR5dXU1MjAtNjAuanBnIiB3aWR0aD0iNTIwIiBoZWlnaHQ9IjYwIiBib3JkZXI9IjAiPjwvUD48IS0tbWtfdGFnZS0tPjxicj7il4/nrqHnkIZjb2Rl77yaNzk4NDg4NzU8IS0tc3BlY190YWdzLS0+PHA+PHN0cm9uZz48Zm9udCBjb2xvcj0iIzAwMDBDRCIgc2l6ZT0iMyI+44CQ5ZWG5ZOB44K544Oa44OD44Kv44CRPC9mb250Pjwvc3Ryb25nPjxicj7il488c3Ryb25nPuadkOizqjwvc3Ryb25nPiA6IOODgeOCv+ODi+OCpuODoDxicj7il488c3Ryb25nPuOCteOCpOOCujwvc3Ryb25nPiA6IM6mNzTDlzc5bW3vvIjlrrnph48zMDBtbO+8iTxicj7il488c3Ryb25nPumHjemHjzwvc3Ryb25nPiA6IDUyZzxicj7il488c3Ryb25nPuWOn+eUo+WbvTwvc3Ryb25nPiA6IOaXpeacrDxicj48IS0tc3BlY190YWdlLS0+PGJyPjxsaW5rIHJlbD0ic3R5bGVzaGVldCIgdHlwZT0idGV4dC9jc3MiIGhyZWY9Imh0dHA6Ly93d3cucmFrdXRlbi5uZS5qcC9nb2xkL2VzcG9ydHMvc2hvcHBpbmdfcGFydHMuY3NzIj4KCjxkaXYgc3R5bGU9Im1hcmdpbi10b3A6LTI2cHg7Ij48L2Rpdj4KCjxpbWcgc3JjPSJodHRwOi8vd3d3LnJha3V0ZW4ubmUuanAvZ29sZC9lc3BvcnRzL2JuL3BvaW50L3BvaW50X2JiYi5qcGciIGFsdD0iMzAwMOWGhuS7peS4iuOBp+ODneOCpOODs+ODiO+8k+WAjSIgYm9yZGVyPSIwIiB3aWR0aD0iNzUwcHgiPgoKPCEtLSDjgrvjg7zjg6sgPGltZyBzcmM9Imh0dHA6Ly93d3cucmFrdXRlbi5uZS5qcC9nb2xkL2VzcG9ydHMvbmV3eWVhci1zYWxlL25ld3llYXItc2FsZS03ODAuanBnIiBib3JkZXI9IjAiIGFsdD0i44K744O844OrIiB3aWR0aD0iNzcwcHgiPjxicj48YnI+IOOCu+ODvOODqyAtLT4KCjwhLS0g44K544O844OR44O844K744O844OrIDxkaXYgc3R5bGU9IndpZHRoIDogNzUwcHg7Ij4KPGRpdiBhbGlnbj0iY2VudGVyIiBzdHlsZT0ibWFyZ2luLWJvdHRvbSA6IDBweDtib3JkZXItd2lkdGggOiAycHg7Ym9yZGVyLXN0eWxlIDogc29saWQ7Ym9yZGVyLWNvbG9yIDogI2JjMTEzMTsiPgoKPC9kaXY+PC9kaXY+PGRpdiBjbGFzcz0ibWFyZ2luNSI+PC9kaXY+PGJyPiDjgrnjg7zjg5Hjg7zjgrvjg7zjg6stLT4KCjwhLS0g44K544O844OR44O844K744O844OrMiDvvIjjg5Djg4rjg7zjga7jgb/vvIk8aW1nIHNyYz0iaHR0cDovL3d3dy5yYWt1dGVuLm5lLmpwL2dvbGQvZXNwb3J0cy9zcHNhbGUvc2FsZS1ibjc4MC5qcGciIGJvcmRlcj0iMCIgYWx0PSLjgrvjg7zjg6siIHdpZHRoPSI3NzBweCI+PGJyPjxicj4g44K544O844OR44O8IC0tPgoKPGRpdiBjbGFzcz0iY29udGVudHMiPjwhLS0g5ZGK55+lIAo8ZGl2IHN0eWxlPSJ3aWR0aDo3MzZweDsgcGFkZGluZzoxNXB4OyBtYXJnaW46NXB4IDAgMTVweDsgYm9yZGVyOnNvbGlkICNFNjJGMkYgMnB4OyI+CjxwIHN0eWxlPSJmb250LXdlaWdodDpib2xkOyBmb250LXNpemU6MTdweDsgdGV4dC1hbGlnbjpjZW50ZXI7Ij7jgJAgPHNwYW4gc3R5bGU9ImJvcmRlci1ib3R0b206MnB4IGRvdHRlZCAjOTk5OyBmb250LXNpemU6MTVweDsiPjXmnIgyNuaXpSjph5Ep44Gu5Za25qWt44Gr44Gk44GE44GmPC9zcGFuPiDjgJE8L3A+CjxwIHN0eWxlPSJmb250LXNpemU6MTNweDsgbWFyZ2luLXRvcDoxNXB4OyI+6Kqg44Gr5Yud5omL44Gq44GM44KJNeaciDI25pelKOmHkSnjga/jgIHnpL7lhoXnoJTkv67jga7jgZ/jgoHjgIHllrbmpa3mmYLplpPjgpLljYjliY0xMu+8mjAw44G+44Gn44Go44GV44Gb44Gm44GE44Gf44Gg44GN44G+44GZ44CC5bCa44CB44CM44GC44GZ5qW944CN5a++5b+c5ZOB44Gr44Gk44GN44G+44GX44Gm44Gv44CB6YCa5bi46YCa44KKMTLvvJowMOOBvuOBp+OBruOBlOazqOaWh+OCkuW9k+aXpeeZuumAgeOBleOBm+OBpuOBhOOBn+OBoOOBjeOBvuOBmeOAgjwvcD4KPHAgc3R5bGU9ImZvbnQtc2l6ZToxM3B4OyBtYXJnaW4tdG9wOjE1cHg7Ij7jgYrlrqLmp5jjgavjga/jgZTkuI3kvr/jgpLjgYrmjpvjgZHoh7TjgZfjgb7jgZnjgYzjgIHjgZTnkIbop6Pjga7nqIvjgIHlrpzjgZfjgY/jgYrpoZjjgYToh7TjgZfjgb7jgZnjgII8L3A+CjwvZGl2PiAtLT4KCgo8IS0tIDxkaXYgc3R5bGU9IndpZHRoOjczNnB4OyBwYWRkaW5nOjE1cHg7IG1hcmdpbjo1cHggMCAxNXB4OyBib3JkZXI6c29saWQgI0U2MkYyRiAycHg7Ij4KPHAgc3R5bGU9ImZvbnQtd2VpZ2h0OmJvbGQ7IGZvbnQtc2l6ZToxN3B4OyB0ZXh0LWFsaWduOmNlbnRlcjsgbWFyZ2luOjA7Ij7jgJAgPHNwYW4gc3R5bGU9ImJvcmRlci1ib3R0b206MnB4IGRvdHRlZCAjOTk5OyBmb250LXNpemU6MTVweDsiPuWkqeWAmeS4jeiJr+OBruW9semfv+OBq+OCiOOCi+mFjemAgemBheW7tuOBq+OBpOOBhOOBpjwvc3Bhbj4g44CRPC9wPgo8cCBzdHlsZT0iZm9udC1zaXplOjEzcHg7IG1hcmdpbjoxNXB4IDAgMDsiPuWPsOmiqOODu+ixqumbqOetieOBruWkqeWAmeS4jeiJr+OBq+S8tOOBhOOAgeS4gOmDqOWcsOWfn+OBp+OBiuiNt+eJqeOBruOBiuWxiuOBkeOBq+mBheOCjOOBjOeZuueUn+OBmeOCi+aBkOOCjOOBjOOBlOOBluOBhOOBvuOBmeOAgjwvcD4KPHAgc3R5bGU9ImZvbnQtc2l6ZToxM3B4OyBtYXJnaW46N3B4IDAgMDsiPuOBvuOBn+OAgeS7iuW+jOOBruWPsOmiqOOBrumAsui3r+OBq+OCiOOBo+OBpuOBr+OAgeW6g+evhOWbsuOBruWcsOWfn+OBp+mBheOCjOOBjOeUn+OBmOOCi+WPr+iDveaAp+OBjOOBguOCiuOBvuOBmeOAguWcsOWfn+OChOOCv+OCpOODn+ODs+OCsOOBq+OCiOOBo+OBpuOAgeOBlOW4jOacm+OBruOBiuWxiuOBkeaXpeaZguOBq+mFjemBlOOBp+OBjeOBquOBhOWgtOWQiOOBjOOBlOOBluOBhOOBvuOBmeOAgjwvcD4KPHAgc3R5bGU9ImZvbnQtc2l6ZToxM3B4OyBtYXJnaW46N3B4IDAgMDsiPuOBiuWuouanmOOBq+OBr+Wkp+WkieOBlOi/t+aDkeOCkuOBiuaOm+OBkeiHtOOBl+OBvuOBmeOBjOOAgeOBlOeQhuino+OBhOOBn+OBoOOBkeOBvuOBmeOCiOOBhuOBiumhmOOBhOiHtOOBl+OBvuOBmeOAgjwvcD4KPC9kaXY+IC0tPgoKCgo8IS0tIOS4gOmDqOWcsOWfn+OBp+OBrumFjemBlOmBheW7tuOBq+OBpOOBjeOBvuOBl+OBpiAtLT4KCgo8IS0tIOOCr+ODvOODneODsyAKPGltZyBzcmM9Imh0dHA6Ly93d3cucmFrdXRlbi5uZS5qcC9nb2xkL2VzcG9ydHMvYm4vY291cG9uL2NvdXBvbjc3MC5naWYiIGFsdD0iMjAw5YaGT0ZG44Kv44O844Od44OzIj4gLS0+CgoKCjwhLS0gPGltZyBzcmM9Imh0dHA6Ly93d3cucmFrdXRlbi5uZS5qcC9nb2xkL2VzcG9ydHMvYm4vYWRpZGFzL2FkaWRhcy1ibjM1Ny5qcGciIGFsdD0iYWRpZGFz44Od44Kk44Oz44OIMTXlgI0iPiAtLT4KCgo8YnI+,44OZ44Or44Oi44Oz44OI77yIYmVsbW9udO+8iSDjg4Hjgr/jg7Pjgrfjg7PjgrDjg6vjg57jgrAzMDBGSCBsb2dvIEJNLTMxNCDjgJDjg57jgrDjgqvjg4Pjg5cg44Kz44OD44OXIOOCreODo+ODs+ODlyDjgqLjgqbjg4jjg4njgqLjgJHvvJrvvYXvvLPvvLDvvK/vvLLvvLTvvLPmpb3lpKnmlK/lupc=,44Ki44Km44OI44OJ44Ki44Kt44Oj44Oz44OX44OQ44O844OZ44Kt44Ol44O844OG44Oz44OI44K/44O844OX44OG44O844OW44Or44OB44Kn44Ki44K344Ol44Op44OV44Op44Oz44K/44Oz44Kv44O844Op44O844Oc44OD44Kv44K544Kz44O844Or44Oe44Oz44OO44O844K544OV44Kn44Kk44K544K544Od44O844OE44OV44Kj44OD44OI44ON44K544OA44Kk44Ko44OD44OI44OI44Os44O844OL44Oz44Kw44OX44Ot44OG44Kk44Oz44K144OX44Oq44Oh44Oz44OI44OA44Oz44OZ44Or44K144OD44Kr44O844OZ44Or44Oi44Oz44OI77yIYmVsbW9udO+8iSDjg4Hjgr/jg7Pjgrfjg7PjgrDjg6vjg57jgrAzMDBGSCBsb2dvIEJNLTMxNCDjgJDjg57jgrDjgqvjg4Pjg5cg44Kz44OD44OXIOOCreODo+ODs+ODlyDjgqLjgqbjg4jjg4njgqLjgJE=,44OZ44Or44Oi44Oz44OI77yIYmVsbW9udO+8iSDjg4Hjgr/jg7Pjgrfjg7PjgrDjg6vjg57jgrAzMDBGSCBsb2dvIEJNLTMxNCDjgJDjg57jgrDjgqvjg4Pjg5cg44Kz44OD44OXIOOCreODo+ODs+ODlyDjgqLjgqbjg4jjg4njgqLjgJE=[rn]
34-75305,aHR0cDovL3RzaG9wLnIxMHMuanAvZXNwb3J0cy9jYWJpbmV0LzkyODMtMi85MjgzMzMwODkwMDMwLmpwZz9maXRpbj03MDA6NzAw,MTIwOS42MDAw,,44K544Od44O844OE44O744Ki44Km44OI44OJ44KiID4g44Ki44Km44OI44OJ44KiID4g44Kt44Oj44Oz44OX55So6aOf5ZmoID4g44Kr44OD44OX,44OA44Kk44ON44OD44Kv44K577yIRElORVjvvIkg44Oe44Kw44Kr44OD44OXIDggb3ouIE1VRyBTZXQgWUVMTE9XIDLlgIvjgrvjg4Pjg4gg44CQ44Ki44Km44OI44OJ44KiIOOCreODo+ODs+ODlyDnmbvlsbEg44Kz44OD44OXIOODkOODvOODmeOCreODpeODvOOAkQ==,,PCEtLWltZ190YWdzLS0+PHRhYmxlIGJvcmRlcj0iMCIgd2lkdGg9IjY1MCI+PFRSPjxURCBhbGlnbj0iY2VudGVyIj48QSBocmVmPSJodHRwOi8vd3d3LnJha3V0ZW4uY28uanAvZXNwb3J0cy9pbmZvMi5odG1sI2RlciI+PElNRyBzcmM9Imh0dHA6Ly93d3cucmFrdXRlbi5uZS5qcC9nb2xkL2VzcG9ydHMvc3VwcG9ydC9zaGlwcGluZzIuZ2lmIiBib3JkZXI9IjAiPjwvQT48QSBocmVmPSJodHRwOi8vd3d3LnJha3V0ZW4ubmUuanAvZ29sZC9lc3BvcnRzL3N1cHBvcnQvZGlzcGF0Y2guaHRtbCI+PElNRyBzcmM9Imh0dHA6Ly93d3cucmFrdXRlbi5uZS5qcC9nb2xkL2VzcG9ydHMvc3VwcG9ydC9kYXlzMi5naWYiIGJvcmRlcj0iMCI+PC9BPjxBIGhyZWY9Imh0dHA6Ly93d3cucmFrdXRlbi5uZS5qcC9nb2xkL2VzcG9ydHMvc3VwcG9ydC9kaXNwYXRjaC5odG1sIj48SU1HIHNyYz0iaHR0cDovL3d3dy5yYWt1dGVuLm5lLmpwL2dvbGQvZXNwb3J0cy9zdXBwb3J0L3BsYWNlMy5naWYiIGJvcmRlcj0iMCI+PC9BPjxBIGhyZWY9Imh0dHA6Ly93d3cucmFrdXRlbi5jby5qcC9lc3BvcnRzL2luZm8yLmh0bWwjYmFjayI+PElNRyBzcmM9Imh0dHA6Ly93d3cucmFrdXRlbi5uZS5qcC9nb2xkL2VzcG9ydHMvc3VwcG9ydC9yZXR1cm4xLmdpZiIgYm9yZGVyPSIwIj48L0E+PC90ZD48L3RyPjwvdGFibGU+PCEtLWltZ190YWdlLS0+PHN0cm9uZz48Zm9udCBjb2xvcj0iIzAwMDBDRCIgc2l6ZT0iNCI+44Kt44Oj44Oz44OX44KE44OQ44O844OZ44Kt44Ol44O844Gr44KC5pyA6YGp44CCPGJyPjwvZm9udD48L3N0cm9uZz48YnI+44KC44Go44KC44Go55m75bGx55So44Go44GX44Gm5L2c44KJ44KM54K644CB6Lu944GP44Gm6auY5qmf6IO944CCPGJyPuWkluWBtOOBqOWGheWBtOOBruS6jOmHjeani+mAoOWjge+8iOODgOODluODq+OCpuOCqeODvOODq+ani+mAoO+8ieOBrumWk+OBq+OCpuODrOOCv+ODs+adkOOBjOWFpeOBo+OBn+mrmOOBhOaWreeGseWKueaenOOBjOeJueW+tOOAgjxicj48YnI+4oC75ZWG5ZOB6Imy44Gv44GU6Kan44Gr44Gq44KL44Oi44OL44K/44O844Gu54m55oCn44Gr44KI44KK5a6f54mp44Gu6Imy44Go5aSa5bCR55Ww44Gq44KK44G+44GZ44CCPGJyPuKAu+S7leanmOWkieabtOOBq+OCiOOCiuS6iOWRiuOBquOBj+e0oOadkOOChOW9oueKtuOBjOWkieabtOOBqOOBquOCi+WgtOWQiOOBjOOBguOCiuOBvuOBmeOAgjxicj7jgYLjgonjgYvjgZjjgoHjgZTkuobmib/jgY/jgaDjgZXjgYTjgII8YnI+PGJyPjxicj7il4sxOTg15bm05Ym15qWt44Gu44OG44O844OW44Or44Km44Kn44Ki44Oh44O844Kr44O844CMRElORVjjgI3jgII8YnI+5L+d5rip5oCn44Gu6auY44GV44Go5LiI5aSr44GV44CB6aO944GN44Gu44GT44Gq44GE44OH44K244Kk44Oz44GM54m55b6044Gu44OW44Op44Oz44OJ44CCPGJyPjxicj48cD48dGFibGUgYm9yZGVyPSIwIiB3aWR0aD0iOTclIiBiZ2NvbG9yPSIjRkZGRkUwIj48dHI+PHRkPjxzdHJvbmc+PGZvbnQgY29sb3I9IiMwMDY0MDAiIHNpemU9IjMiPuOAkOmWoumAo+WVhuWTgeOBr+OBk+OBoeOCieOBp+OBmeOAkTwvZm9udD48L3N0cm9uZz48YnI+4peGIOWFqOOCq+ODqeODvDxicj48L3RkPjwvdHI+PC90YWJsZT48IS0tbWtfdGFncy0tPjxQPjxJTUcgc3JjPSJodHRwOi8vd3d3LnJha3V0ZW4ubmUuanAvZ29sZC9lc3BvcnRzL2JuL2p5dWhhdHR5dXU1MjAtNjAuanBnIiB3aWR0aD0iNTIwIiBoZWlnaHQ9IjYwIiBib3JkZXI9IjAiPjwvUD48IS0tbWtfdGFnZS0tPjxicj7il4/nrqHnkIZjb2Rl77yaNzk4NDg4OTU8IS0tc3BlY190YWdzLS0+PHA+PHN0cm9uZz48Zm9udCBjb2xvcj0iIzAwMDBDRCIgc2l6ZT0iMyI+44CQ5ZWG5ZOB44K544Oa44OD44Kv44CRPC9mb250Pjwvc3Ryb25nPjxicj7il488c3Ryb25nPuOCteOCpOOCujwvc3Ryb25nPiA6IOmrmOOBlTljbcOX5bmFMTFjbcOX5aWl6KGMOGNtPGJyPuKXjzxzdHJvbmc+6LOq6YePPC9zdHJvbmc+IDogMC4wOGtnPGJyPuKXjzxzdHJvbmc+5a656YePPC9zdHJvbmc+IDogMjI2bWw8YnI+4pePPHN0cm9uZz7ntKDmnZA8L3N0cm9uZz4gOiDjg53jg6rjg5fjg63jg5Tjg6zjg7M8YnI+4pePPHN0cm9uZz7nlJ/nlKPlm708L3N0cm9uZz4gOiDjgqLjg6Hjg6rjgqs8YnI+PCEtLXNwZWNfdGFnZS0tPjxicj48bGluayByZWw9InN0eWxlc2hlZXQiIHR5cGU9InRleHQvY3NzIiBocmVmPSJodHRwOi8vd3d3LnJha3V0ZW4ubmUuanAvZ29sZC9lc3BvcnRzL3Nob3BwaW5nX3BhcnRzLmNzcyI+Cgo8ZGl2IHN0eWxlPSJtYXJnaW4tdG9wOi0yNnB4OyI+PC9kaXY+Cgo8aW1nIHNyYz0iaHR0cDovL3d3dy5yYWt1dGVuLm5lLmpwL2dvbGQvZXNwb3J0cy9ibi9wb2ludC9wb2ludF9iYmIuanBnIiBhbHQ9IjMwMDDlhobku6XkuIrjgafjg53jgqTjg7Pjg4jvvJPlgI0iIGJvcmRlcj0iMCIgd2lkdGg9Ijc1MHB4Ij4KCjwhLS0g44K744O844OrIDxpbWcgc3JjPSJodHRwOi8vd3d3LnJha3V0ZW4ubmUuanAvZ29sZC9lc3BvcnRzL25ld3llYXItc2FsZS9uZXd5ZWFyLXNhbGUtNzgwLmpwZyIgYm9yZGVyPSIwIiBhbHQ9IuOCu+ODvOODqyIgd2lkdGg9Ijc3MHB4Ij48YnI+PGJyPiDjgrvjg7zjg6sgLS0+Cgo8IS0tIOOCueODvOODkeODvOOCu+ODvOODqyA8ZGl2IHN0eWxlPSJ3aWR0aCA6IDc1MHB4OyI+CjxkaXYgYWxpZ249ImNlbnRlciIgc3R5bGU9Im1hcmdpbi1ib3R0b20gOiAwcHg7Ym9yZGVyLXdpZHRoIDogMnB4O2JvcmRlci1zdHlsZSA6IHNvbGlkO2JvcmRlci1jb2xvciA6ICNiYzExMzE7Ij4KCjwvZGl2PjwvZGl2PjxkaXYgY2xhc3M9Im1hcmdpbjUiPjwvZGl2Pjxicj4g44K544O844OR44O844K744O844OrLS0+Cgo8IS0tIOOCueODvOODkeODvOOCu+ODvOODqzIg77yI44OQ44OK44O844Gu44G/77yJPGltZyBzcmM9Imh0dHA6Ly93d3cucmFrdXRlbi5uZS5qcC9nb2xkL2VzcG9ydHMvc3BzYWxlL3NhbGUtYm43ODAuanBnIiBib3JkZXI9IjAiIGFsdD0i44K744O844OrIiB3aWR0aD0iNzcwcHgiPjxicj48YnI+IOOCueODvOODkeODvCAtLT4KCjxkaXYgY2xhc3M9ImNvbnRlbnRzIj48IS0tIOWRiuefpSAKPGRpdiBzdHlsZT0id2lkdGg6NzM2cHg7IHBhZGRpbmc6MTVweDsgbWFyZ2luOjVweCAwIDE1cHg7IGJvcmRlcjpzb2xpZCAjRTYyRjJGIDJweDsiPgo8cCBzdHlsZT0iZm9udC13ZWlnaHQ6Ym9sZDsgZm9udC1zaXplOjE3cHg7IHRleHQtYWxpZ246Y2VudGVyOyI+44CQIDxzcGFuIHN0eWxlPSJib3JkZXItYm90dG9tOjJweCBkb3R0ZWQgIzk5OTsgZm9udC1zaXplOjE1cHg7Ij415pyIMjbml6Uo6YeRKeOBruWWtualreOBq+OBpOOBhOOBpjwvc3Bhbj4g44CRPC9wPgo8cCBzdHlsZT0iZm9udC1zaXplOjEzcHg7IG1hcmdpbi10b3A6MTVweDsiPuiqoOOBq+WLneaJi+OBquOBjOOCiTXmnIgyNuaXpSjph5Ep44Gv44CB56S+5YaF56CU5L+u44Gu44Gf44KB44CB5Za25qWt5pmC6ZaT44KS5Y2I5YmNMTLvvJowMOOBvuOBp+OBqOOBleOBm+OBpuOBhOOBn+OBoOOBjeOBvuOBmeOAguWwmuOAgeOAjOOBguOBmealveOAjeWvvuW/nOWTgeOBq+OBpOOBjeOBvuOBl+OBpuOBr+OAgemAmuW4uOmAmuOCijEy77yaMDDjgb7jgafjga7jgZTms6jmlofjgpLlvZPml6XnmbrpgIHjgZXjgZvjgabjgYTjgZ/jgaDjgY3jgb7jgZnjgII8L3A+CjxwIHN0eWxlPSJmb250LXNpemU6MTNweDsgbWFyZ2luLXRvcDoxNXB4OyI+44GK5a6i5qeY44Gr44Gv44GU5LiN5L6/44KS44GK5o6b44GR6Ie044GX44G+44GZ44GM44CB44GU55CG6Kej44Gu56iL44CB5a6c44GX44GP44GK6aGY44GE6Ie044GX44G+44GZ44CCPC9wPgo8L2Rpdj4gLS0+CgoKPCEtLSA8ZGl2IHN0eWxlPSJ3aWR0aDo3MzZweDsgcGFkZGluZzoxNXB4OyBtYXJnaW46NXB4IDAgMTVweDsgYm9yZGVyOnNvbGlkICNFNjJGMkYgMnB4OyI+CjxwIHN0eWxlPSJmb250LXdlaWdodDpib2xkOyBmb250LXNpemU6MTdweDsgdGV4dC1hbGlnbjpjZW50ZXI7IG1hcmdpbjowOyI+44CQIDxzcGFuIHN0eWxlPSJib3JkZXItYm90dG9tOjJweCBkb3R0ZWQgIzk5OTsgZm9udC1zaXplOjE1cHg7Ij7lpKnlgJnkuI3oia/jga7lvbHpn7/jgavjgojjgovphY3pgIHpgYXlu7bjgavjgaTjgYTjgaY8L3NwYW4+IOOAkTwvcD4KPHAgc3R5bGU9ImZvbnQtc2l6ZToxM3B4OyBtYXJnaW46MTVweCAwIDA7Ij7lj7Dpoqjjg7vosarpm6jnrYnjga7lpKnlgJnkuI3oia/jgavkvLTjgYTjgIHkuIDpg6jlnLDln5/jgafjgYrojbfnianjga7jgYrlsYrjgZHjgavpgYXjgozjgYznmbrnlJ/jgZnjgovmgZDjgozjgYzjgZTjgZbjgYTjgb7jgZnjgII8L3A+CjxwIHN0eWxlPSJmb250LXNpemU6MTNweDsgbWFyZ2luOjdweCAwIDA7Ij7jgb7jgZ/jgIHku4rlvozjga7lj7Dpoqjjga7pgLLot6/jgavjgojjgaPjgabjga/jgIHluoPnr4Tlm7Ljga7lnLDln5/jgafpgYXjgozjgYznlJ/jgZjjgovlj6/og73mgKfjgYzjgYLjgorjgb7jgZnjgILlnLDln5/jgoTjgr/jgqTjg5/jg7PjgrDjgavjgojjgaPjgabjgIHjgZTluIzmnJvjga7jgYrlsYrjgZHml6XmmYLjgavphY3pgZTjgafjgY3jgarjgYTloLTlkIjjgYzjgZTjgZbjgYTjgb7jgZnjgII8L3A+CjxwIHN0eWxlPSJmb250LXNpemU6MTNweDsgbWFyZ2luOjdweCAwIDA7Ij7jgYrlrqLmp5jjgavjga/lpKflpInjgZTov7fmg5HjgpLjgYrmjpvjgZHoh7TjgZfjgb7jgZnjgYzjgIHjgZTnkIbop6PjgYTjgZ/jgaDjgZHjgb7jgZnjgojjgYbjgYrpoZjjgYToh7TjgZfjgb7jgZnjgII8L3A+CjwvZGl2PiAtLT4KCgoKPCEtLSDkuIDpg6jlnLDln5/jgafjga7phY3pgZTpgYXlu7bjgavjgaTjgY3jgb7jgZfjgaYgLS0+CgoKPCEtLSDjgq/jg7zjg53jg7MgCjxpbWcgc3JjPSJodHRwOi8vd3d3LnJha3V0ZW4ubmUuanAvZ29sZC9lc3BvcnRzL2JuL2NvdXBvbi9jb3Vwb243NzAuZ2lmIiBhbHQ9IjIwMOWGhk9GRuOCr+ODvOODneODsyI+IC0tPgoKCgo8IS0tIDxpbWcgc3JjPSJodHRwOi8vd3d3LnJha3V0ZW4ubmUuanAvZ29sZC9lc3BvcnRzL2JuL2FkaWRhcy9hZGlkYXMtYm4zNTcuanBnIiBhbHQ9ImFkaWRhc+ODneOCpOODs+ODiDE15YCNIj4gLS0+CgoKPGJyPg==,44OA44Kk44ON44OD44Kv44K577yIRElORVjvvIkg44Oe44Kw44Kr44OD44OXIDggb3ouIE1VRyBTZXQgWUVMTE9XIDLlgIvjgrvjg4Pjg4gg44CQ44Ki44Km44OI44OJ44KiIOOCreODo+ODs+ODlyDnmbvlsbEg44Kz44OD44OXIOODkOODvOODmeOCreODpeODvOOAke+8mu+9he+8s++8sO+8r++8su+8tO+8s+alveWkqeaUr+W6lw==,44Ki44Km44OI44OJ44Ki44Kt44Oj44Oz44OX44OQ44O844OZ44Kt44Ol44O844OG44Oz44OI44K/44O844OX44OG44O844OW44Or44OB44Kn44Ki44K344Ol44Op44OV44Op44Oz44K/44Oz44Kv44O844Op44O844Oc44OD44Kv44K544Kz44O844Or44Oe44Oz44OO44O844K544OV44Kn44Kk44K544K544Od44O844OE44OV44Kj44OD44OI44ON44K544OA44Kk44Ko44OD44OI44OI44Os44O844OL44Oz44Kw44OX44Ot44OG44Kk44Oz44K144OX44Oq44Oh44Oz44OI44OA44Oz44OZ44Or44K144OD44Kr44O844OA44Kk44ON44OD44Kv44K577yIRElORVjvvIkg44Oe44Kw44Kr44OD44OXIDggb3ouIE1VRyBTZXQgWUVMTE9XIDLlgIvjgrvjg4Pjg4gg44CQ44Ki44Km44OI44OJ44KiIOOCreODo+ODs+ODlyDnmbvlsbEg44Kz44OD44OXIOODkOODvOODmeOCreODpeODvOOAkQ==,44OA44Kk44ON44OD44Kv44K577yIRElORVjvvIkg44Oe44Kw44Kr44OD44OXIDggb3ouIE1VRyBTZXQgWUVMTE9XIDLlgIvjgrvjg4Pjg4gg44CQ44Ki44Km44OI44OJ44KiIOOCreODo+ODs+ODlyDnmbvlsbEg44Kz44OD44OXIOODkOODvOODmeOCreODpeODvOOAkQ==[rn]
34-75306,aHR0cDovL3RzaG9wLnIxMHMuanAvZXNwb3J0cy9jYWJpbmV0Lzk0NjMvOTQ2MzEwNDAwMDQ1Mi5qcGc/Zml0aW49NzAwOjcwMA==,OTEwLjQwMDA=,,44K544Od44O844OE44O744Ki44Km44OI44OJ44KiID4g44Ki44Km44OI44OJ44KiID4g44Kt44Oj44Oz44OX55So6aOf5ZmoID4g44Kr44OD44OX,44Kt44Oj44OX44OG44Oz44K544K/44OD44Kw77yIQ0FQVEFJTlNUQUfvvIkg44OR44Op44KqIOODgOODluODq+OCueODhuODs+ODnuOCsOOCq+ODg+ODlzMxMG1sIE0tMTI1MCDjgJDjgq3jg6Pjg7Pjg5cg44Ki44Km44OI44OJ44KiIOOCs+ODg+ODlyDjg4njg6rjg7Pjgq8g44GK6Iqx6KaL44CR,,PCEtLWltZ190YWdzLS0+PHRhYmxlIGJvcmRlcj0iMCIgd2lkdGg9IjY1MCI+PFRSPjxURCBhbGlnbj0iY2VudGVyIj48QSBocmVmPSJodHRwOi8vd3d3LnJha3V0ZW4uY28uanAvZXNwb3J0cy9pbmZvMi5odG1sI2RlciI+PElNRyBzcmM9Imh0dHA6Ly93d3cucmFrdXRlbi5uZS5qcC9nb2xkL2VzcG9ydHMvc3VwcG9ydC9zaGlwcGluZzIuZ2lmIiBib3JkZXI9IjAiPjwvQT48QSBocmVmPSJodHRwOi8vd3d3LnJha3V0ZW4ubmUuanAvZ29sZC9lc3BvcnRzL3N1cHBvcnQvZGlzcGF0Y2guaHRtbCI+PElNRyBzcmM9Imh0dHA6Ly93d3cucmFrdXRlbi5uZS5qcC9nb2xkL2VzcG9ydHMvc3VwcG9ydC9kYXlzMi5naWYiIGJvcmRlcj0iMCI+PC9BPjxBIGhyZWY9Imh0dHA6Ly93d3cucmFrdXRlbi5uZS5qcC9nb2xkL2VzcG9ydHMvc3VwcG9ydC9kaXNwYXRjaC5odG1sIj48SU1HIHNyYz0iaHR0cDovL3d3dy5yYWt1dGVuLm5lLmpwL2dvbGQvZXNwb3J0cy9zdXBwb3J0L3BsYWNlMi5naWYiIGJvcmRlcj0iMCI+PC9BPjxBIGhyZWY9Imh0dHA6Ly93d3cucmFrdXRlbi5jby5qcC9lc3BvcnRzL2luZm8yLmh0bWwjYmFjayI+PElNRyBzcmM9Imh0dHA6Ly93d3cucmFrdXRlbi5uZS5qcC9nb2xkL2VzcG9ydHMvc3VwcG9ydC9yZXR1cm4xLmdpZiIgYm9yZGVyPSIwIj48L0E+PC90ZD48L3RyPjwvdGFibGU+PCEtLWltZ190YWdlLS0+5LiA5Y+j44Gr44Oe44Kw44Kr44OD44OX44Go44GE44Gj44Gm44KC44CB5p2Q6LOq44GL44KJ5b2i54q244G+44Gn56iu6aGe44Gv6LGK5a+M44CCPGJyPuOBiuawl+OBq+WFpeOCiuOBruS4gOWTgeOCkumBuOOBtuOBk+OBqOOBi+OCieOCreODo+ODs+ODl+OBrualveOBl+OBv+OBjOWni+OBvuOCiuOBvuOBmeOAgjxicj48cD48YnI+PGJyPjxpbWcgc3JjPSJodHRwOi8vaW1hZ2UucmFrdXRlbi5jby5qcC9lc3BvcnRzL2NhYmluZXQvYm4vZmlyZWdyaWxsNTAwLmdpZiIgYWx0PSLjg5XjgqHjgqTjgqLjgrDjg6rjg6vvvIHjgYrlvpfjgarjgq3jg6Pjg6rjg7zjg5Djg4PjgrDjgrvjg4Pjg4jvvIEiIGJvcmRlcj0iMCI+PGJyPjxicj48IS0tbWtfdGFncy0tPjxQPjxJTUcgc3JjPSJodHRwOi8vd3d3LnJha3V0ZW4ubmUuanAvZ29sZC9lc3BvcnRzL2JuL2p5dWhhdHR5dXU1MjAtNjAuanBnIiB3aWR0aD0iNTIwIiBoZWlnaHQ9IjYwIiBib3JkZXI9IjAiPjwvUD48IS0tbWtfdGFnZS0tPjwhLS1zcGVjX3RhZ3MtLT48cD48dGFibGUgYm9yZGVyPTEgd2lkdGg9IjUyMCIgYm9yZGVyY29sb3I9I0VPRUVFRT48dHI+PHRkIGFsaWduPWNlbnRlciB2YWxpZ249bWlkZGxlIHdpZHRoPTQwJSBoZWlnaHQ9MjUgYmdjb2xvcj0jRk9GRkZGPjxzdHJvbmc+PGZvbnQgY29sb3I9IzNBNUZDRD7jgrXjgqTjgro8L2ZvbnQ+PC9zdHJvbmc+PC90ZD48dGQgd2lkdGg9NjAlPuOAgOKWoO+8iOe0hO+8ieWkluW+hDc3w5fpq5jjgZU4Nm1t77yI5pys5L2T44Gu44G/77yJPC90ZD48L3RyPjx0cj48dGQgYWxpZ249Y2VudGVyIHZhbGlnbj1taWRkbGUgd2lkdGg9NDAlIGhlaWdodD0yNSBiZ2NvbG9yPSNGT0ZGRkY+PHN0cm9uZz48Zm9udCBjb2xvcj0jM0E1RkNEPuWuuemHjzwvZm9udD48L3N0cm9uZz48L3RkPjx0ZCB3aWR0aD02MCU+44CA4pag5rqA5rC05a656YeP77ya77yI57SE77yJMzEwbWw8L3RkPjwvdHI+PHRyPjx0ZCBhbGlnbj1jZW50ZXIgdmFsaWduPW1pZGRsZSB3aWR0aD00MCUgaGVpZ2h0PTI1IGJnY29sb3I9I0ZPRkZGRj48c3Ryb25nPjxmb250IGNvbG9yPSMzQTVGQ0Q+5p2Q6LOqPC9mb250Pjwvc3Ryb25nPjwvdGQ+PHRkIHdpZHRoPTYwJT7jgIDilqAxOC0444K544OG44Oz44Os44K56Yu8PC90ZD48L3RyPjwvdGFibGU+PGJyPuKXj+aknOe0oueUqO+8mumBi+WLleS8mjxicj48YnI+PCEtLXNwZWNfdGFnZS0tPjxicj48YnI+PGJyPjxmb250IHNpemU9Ii0xIj7jg6Hjg7zjgqvjg7zluIzmnJvlsI/lo7LkvqHmoLzjga/jg6Hjg7zjgqvjg7zjgqvjgr/jg63jgrDjgavln7rjgaXjgYTjgabmjrLovInjgZfjgabjgYTjgb7jgZk8YnI+PC9mb250PjxpbWcgc3JjPSJodHRwOi8vaW1hZ2UucmFrdXRlbi5jby5qcC9lc3BvcnRzL2NhYmluZXQvZXZpZGVuY2UvZXZpZGVuY2UyLmpwZyIgYm9yZGVyPSIwIiBhbHQ9IuOCqOODk+ODh+ODs+OCuSI+PGxpbmsgcmVsPSJzdHlsZXNoZWV0IiB0eXBlPSJ0ZXh0L2NzcyIgaHJlZj0iaHR0cDovL3d3dy5yYWt1dGVuLm5lLmpwL2dvbGQvZXNwb3J0cy9zaG9wcGluZ19wYXJ0cy5jc3MiPgoKPGRpdiBzdHlsZT0ibWFyZ2luLXRvcDotMjZweDsiPjwvZGl2PgoKPGltZyBzcmM9Imh0dHA6Ly93d3cucmFrdXRlbi5uZS5qcC9nb2xkL2VzcG9ydHMvYm4vcG9pbnQvcG9pbnRfYmJiLmpwZyIgYWx0PSIzMDAw5YaG5Lul5LiK44Gn44Od44Kk44Oz44OI77yT5YCNIiBib3JkZXI9IjAiIHdpZHRoPSI3NTBweCI+Cgo8IS0tIOOCu+ODvOODqyA8aW1nIHNyYz0iaHR0cDovL3d3dy5yYWt1dGVuLm5lLmpwL2dvbGQvZXNwb3J0cy9uZXd5ZWFyLXNhbGUvbmV3eWVhci1zYWxlLTc4MC5qcGciIGJvcmRlcj0iMCIgYWx0PSLjgrvjg7zjg6siIHdpZHRoPSI3NzBweCI+PGJyPjxicj4g44K744O844OrIC0tPgoKPCEtLSDjgrnjg7zjg5Hjg7zjgrvjg7zjg6sgPGRpdiBzdHlsZT0id2lkdGggOiA3NTBweDsiPgo8ZGl2IGFsaWduPSJjZW50ZXIiIHN0eWxlPSJtYXJnaW4tYm90dG9tIDogMHB4O2JvcmRlci13aWR0aCA6IDJweDtib3JkZXItc3R5bGUgOiBzb2xpZDtib3JkZXItY29sb3IgOiAjYmMxMTMxOyI+Cgo8L2Rpdj48L2Rpdj48ZGl2IGNsYXNzPSJtYXJnaW41Ij48L2Rpdj48YnI+IOOCueODvOODkeODvOOCu+ODvOODqy0tPgoKPCEtLSDjgrnjg7zjg5Hjg7zjgrvjg7zjg6syIO+8iOODkOODiuODvOOBruOBv++8iTxpbWcgc3JjPSJodHRwOi8vd3d3LnJha3V0ZW4ubmUuanAvZ29sZC9lc3BvcnRzL3Nwc2FsZS9zYWxlLWJuNzgwLmpwZyIgYm9yZGVyPSIwIiBhbHQ9IuOCu+ODvOODqyIgd2lkdGg9Ijc3MHB4Ij48YnI+PGJyPiDjgrnjg7zjg5Hjg7wgLS0+Cgo8ZGl2IGNsYXNzPSJjb250ZW50cyI+PCEtLSDlkYrnn6UgCjxkaXYgc3R5bGU9IndpZHRoOjczNnB4OyBwYWRkaW5nOjE1cHg7IG1hcmdpbjo1cHggMCAxNXB4OyBib3JkZXI6c29saWQgI0U2MkYyRiAycHg7Ij4KPHAgc3R5bGU9ImZvbnQtd2VpZ2h0OmJvbGQ7IGZvbnQtc2l6ZToxN3B4OyB0ZXh0LWFsaWduOmNlbnRlcjsiPuOAkCA8c3BhbiBzdHlsZT0iYm9yZGVyLWJvdHRvbToycHggZG90dGVkICM5OTk7IGZvbnQtc2l6ZToxNXB4OyI+NeaciDI25pelKOmHkSnjga7llrbmpa3jgavjgaTjgYTjgaY8L3NwYW4+IOOAkTwvcD4KPHAgc3R5bGU9ImZvbnQtc2l6ZToxM3B4OyBtYXJnaW4tdG9wOjE1cHg7Ij7oqqDjgavli53miYvjgarjgYzjgok15pyIMjbml6Uo6YeRKeOBr+OAgeekvuWGheeglOS/ruOBruOBn+OCgeOAgeWWtualreaZgumWk+OCkuWNiOWJjTEy77yaMDDjgb7jgafjgajjgZXjgZvjgabjgYTjgZ/jgaDjgY3jgb7jgZnjgILlsJrjgIHjgIzjgYLjgZnmpb3jgI3lr77lv5zlk4HjgavjgaTjgY3jgb7jgZfjgabjga/jgIHpgJrluLjpgJrjgooxMu+8mjAw44G+44Gn44Gu44GU5rOo5paH44KS5b2T5pel55m66YCB44GV44Gb44Gm44GE44Gf44Gg44GN44G+44GZ44CCPC9wPgo8cCBzdHlsZT0iZm9udC1zaXplOjEzcHg7IG1hcmdpbi10b3A6MTVweDsiPuOBiuWuouanmOOBq+OBr+OBlOS4jeS+v+OCkuOBiuaOm+OBkeiHtOOBl+OBvuOBmeOBjOOAgeOBlOeQhuino+OBrueoi+OAgeWunOOBl+OBj+OBiumhmOOBhOiHtOOBl+OBvuOBmeOAgjwvcD4KPC9kaXY+IC0tPgoKCjwhLS0gPGRpdiBzdHlsZT0id2lkdGg6NzM2cHg7IHBhZGRpbmc6MTVweDsgbWFyZ2luOjVweCAwIDE1cHg7IGJvcmRlcjpzb2xpZCAjRTYyRjJGIDJweDsiPgo8cCBzdHlsZT0iZm9udC13ZWlnaHQ6Ym9sZDsgZm9udC1zaXplOjE3cHg7IHRleHQtYWxpZ246Y2VudGVyOyBtYXJnaW46MDsiPuOAkCA8c3BhbiBzdHlsZT0iYm9yZGVyLWJvdHRvbToycHggZG90dGVkICM5OTk7IGZvbnQtc2l6ZToxNXB4OyI+5aSp5YCZ5LiN6Imv44Gu5b2x6Z+/44Gr44KI44KL6YWN6YCB6YGF5bu244Gr44Gk44GE44GmPC9zcGFuPiDjgJE8L3A+CjxwIHN0eWxlPSJmb250LXNpemU6MTNweDsgbWFyZ2luOjE1cHggMCAwOyI+5Y+w6aKo44O76LGq6Zuo562J44Gu5aSp5YCZ5LiN6Imv44Gr5Ly044GE44CB5LiA6YOo5Zyw5Z+f44Gn44GK6I2354mp44Gu44GK5bGK44GR44Gr6YGF44KM44GM55m655Sf44GZ44KL5oGQ44KM44GM44GU44GW44GE44G+44GZ44CCPC9wPgo8cCBzdHlsZT0iZm9udC1zaXplOjEzcHg7IG1hcmdpbjo3cHggMCAwOyI+44G+44Gf44CB5LuK5b6M44Gu5Y+w6aKo44Gu6YCy6Lev44Gr44KI44Gj44Gm44Gv44CB5bqD56+E5Zuy44Gu5Zyw5Z+f44Gn6YGF44KM44GM55Sf44GY44KL5Y+v6IO95oCn44GM44GC44KK44G+44GZ44CC5Zyw5Z+f44KE44K/44Kk44Of44Oz44Kw44Gr44KI44Gj44Gm44CB44GU5biM5pyb44Gu44GK5bGK44GR5pel5pmC44Gr6YWN6YGU44Gn44GN44Gq44GE5aC05ZCI44GM44GU44GW44GE44G+44GZ44CCPC9wPgo8cCBzdHlsZT0iZm9udC1zaXplOjEzcHg7IG1hcmdpbjo3cHggMCAwOyI+44GK5a6i5qeY44Gr44Gv5aSn5aSJ44GU6L+35oOR44KS44GK5o6b44GR6Ie044GX44G+44GZ44GM44CB44GU55CG6Kej44GE44Gf44Gg44GR44G+44GZ44KI44GG44GK6aGY44GE6Ie044GX44G+44GZ44CCPC9wPgo8L2Rpdj4gLS0+CgoKCjwhLS0g5LiA6YOo5Zyw5Z+f44Gn44Gu6YWN6YGU6YGF5bu244Gr44Gk44GN44G+44GX44GmIC0tPgoKCjwhLS0g44Kv44O844Od44OzIAo8aW1nIHNyYz0iaHR0cDovL3d3dy5yYWt1dGVuLm5lLmpwL2dvbGQvZXNwb3J0cy9ibi9jb3Vwb24vY291cG9uNzcwLmdpZiIgYWx0PSIyMDDlhoZPRkbjgq/jg7zjg53jg7MiPiAtLT4KCgoKPCEtLSA8aW1nIHNyYz0iaHR0cDovL3d3dy5yYWt1dGVuLm5lLmpwL2dvbGQvZXNwb3J0cy9ibi9hZGlkYXMvYWRpZGFzLWJuMzU3LmpwZyIgYWx0PSJhZGlkYXPjg53jgqTjg7Pjg4gxNeWAjSI+IC0tPgoKCjxicj4=,44Kt44Oj44OX44OG44Oz44K544K/44OD44Kw77yIQ0FQVEFJTlNUQUfvvIkg44OR44Op44KqIOODgOODluODq+OCueODhuODs+ODnuOCsOOCq+ODg+ODlzMxMG1sIE0tMTI1MCDjgJDjgq3jg6Pjg7Pjg5cg44Ki44Km44OI44OJ44KiIOOCs+ODg+ODlyDjg4njg6rjg7Pjgq8g44GK6Iqx6KaL44CR77ya772F77yz77yw77yv77yy77y077yz5qW95aSp5pSv5bqX,44Ki44Km44OI44OJ44Ki44Kt44Oj44Oz44OX44OQ44O844OZ44Kt44Ol44O844OG44Oz44OI44K/44O844OX44OG44O844OW44Or44OB44Kn44Ki44K344Ol44Op44OV44Op44Oz44K/44Oz44Kv44O844Op44O844Oc44OD44Kv44K544Kz44O844Or44Oe44Oz44OO44O844K544OV44Kn44Kk44K544K544Od44O844OE44OV44Kj44OD44OI44ON44K544OA44Kk44Ko44OD44OI44OI44Os44O844OL44Oz44Kw44OX44Ot44OG44Kk44Oz44K144OX44Oq44Oh44Oz44OI44OA44Oz44OZ44Or44K144OD44Kr44O844Kt44Oj44OX44OG44Oz44K544K/44OD44Kw77yIQ0FQVEFJTlNUQUfvvIkg44OR44Op44KqIOODgOODluODq+OCueODhuODs+ODnuOCsOOCq+ODg+ODlzMxMG1sIE0tMTI1MCDjgJDjgq3jg6Pjg7Pjg5cg44Ki44Km44OI44OJ44KiIOOCs+ODg+ODlyDjg4njg6rjg7Pjgq8g44GK6Iqx6KaL44CR,44Kt44Oj44OX44OG44Oz44K544K/44OD44Kw77yIQ0FQVEFJTlNUQUfvvIkg44OR44Op44KqIOODgOODluODq+OCueODhuODs+ODnuOCsOOCq+ODg+ODlzMxMG1sIE0tMTI1MCDjgJDjgq3jg6Pjg7Pjg5cg44Ki44Km44OI44OJ44KiIOOCs+ODg+ODlyDjg4njg6rjg7Pjgq8g44GK6Iqx6KaL44CR[rn]
34-75307,aHR0cDovL3RzaG9wLnIxMHMuanAvZXNwb3J0cy9jYWJpbmV0LzkyMzcvOTIzNzMxMDQ5MDMxMC5qcGc/Zml0aW49NzAwOjcwMA==,MzYyOC44MDAw,,44K544Od44O844OE44O744Ki44Km44OI44OJ44KiID4g44Ki44Km44OI44OJ44KiID4g44Kt44Oj44Oz44OX55So6aOf5ZmoID4g44Kr44OD44OX,44K544K/44Oz44Os44O877yIU1RBTkxFWe+8iSDjgq/jg6njgrfjg4Pjgq/jg5HjgqTjg7Pjg4gwLjQ3TOOCsOODquODvOODsyAwMTcwNC0wMjMg44CQ44Kz44OD44OXIOOCq+ODg+ODlyDkv53muKkg5L+d5Ya344CR,,PCEtLWltZ190YWdzLS0+PHRhYmxlIGJvcmRlcj0iMCIgd2lkdGg9IjY1MCI+PFRSPjxURCBhbGlnbj0iY2VudGVyIj48QSBocmVmPSJodHRwOi8vd3d3LnJha3V0ZW4uY28uanAvZXNwb3J0cy9pbmZvMi5odG1sI2RlciI+PElNRyBzcmM9Imh0dHA6Ly93d3cucmFrdXRlbi5uZS5qcC9nb2xkL2VzcG9ydHMvc3VwcG9ydC9zaGlwcGluZzIuZ2lmIiBib3JkZXI9IjAiPjwvQT48QSBocmVmPSJodHRwOi8vd3d3LnJha3V0ZW4ubmUuanAvZ29sZC9lc3BvcnRzL3N1cHBvcnQvZGlzcGF0Y2guaHRtbCI+PElNRyBzcmM9Imh0dHA6Ly93d3cucmFrdXRlbi5uZS5qcC9nb2xkL2VzcG9ydHMvc3VwcG9ydC9kYXlzMi5naWYiIGJvcmRlcj0iMCI+PC9BPjxBIGhyZWY9Imh0dHA6Ly93d3cucmFrdXRlbi5uZS5qcC9nb2xkL2VzcG9ydHMvc3VwcG9ydC9kaXNwYXRjaC5odG1sIj48SU1HIHNyYz0iaHR0cDovL3d3dy5yYWt1dGVuLm5lLmpwL2dvbGQvZXNwb3J0cy9zdXBwb3J0L3BsYWNlMy5naWYiIGJvcmRlcj0iMCI+PC9BPjxBIGhyZWY9Imh0dHA6Ly93d3cucmFrdXRlbi5jby5qcC9lc3BvcnRzL2luZm8yLmh0bWwjYmFjayI+PElNRyBzcmM9Imh0dHA6Ly93d3cucmFrdXRlbi5uZS5qcC9nb2xkL2VzcG9ydHMvc3VwcG9ydC9yZXR1cm4xLmdpZiIgYm9yZGVyPSIwIj48L0E+PC90ZD48L3RyPjwvdGFibGU+PCEtLWltZ190YWdlLS0+PHN0cm9uZz48Zm9udCBjb2xvcj0iIzAwMDBDRCIgc2l6ZT0iNCI+44OT44O844Or44Gv44KC44Gh44KN44KT44CB44Kz44O844Op44KE44OV44Os44OD44K344Ol44K444Ol44O844K544CB44Ob44OD44OI44OG44Kj44O844Gq44GpPGJyPuOBguOCieOChuOCi+mjsuOBv+eJqeOBq+OBiuS9v+OBhOOBq+OBquOCjOOBvuOBmeOAgjxicj48L2ZvbnQ+PC9zdHJvbmc+PGJyPumjsuOBv+WPo+OBjOWkp+OBjeOBj+OAgeOBiuaJi+WFpeOCjOOCguewoeWNmOOAgjxicj7lhrfjgZ/jgYTpo7Ljgb/nianjgoLntZDpnLLjgZvjgZrjgavpo7LjgoHjgb7jgZnjgII8YnI+44OR44OD44Kt44Oz5LuY44GN44Gu44OV44K/44Gr44Gv5qCT5oqc44GN44GM5LuY5bGe44GX44Gm44GE44G+44GZ44CCPGJyPjxicj48cD48IS0tbWtfdGFncy0tPjxQPjxJTUcgc3JjPSJodHRwOi8vd3d3LnJha3V0ZW4ubmUuanAvZ29sZC9lc3BvcnRzL2JuL2p5dWhhdHR5dXU1MjAtNjAuanBnIiB3aWR0aD0iNTIwIiBoZWlnaHQ9IjYwIiBib3JkZXI9IjAiPjwvUD48IS0tbWtfdGFnZS0tPjxicj7il4/nrqHnkIZjb2Rl77yaNzk4NDg3ODQ8IS0tc3BlY190YWdzLS0+PHA+PHN0cm9uZz48Zm9udCBjb2xvcj0iIzAwMDBDRCIgc2l6ZT0iMyI+44CQ5ZWG5ZOB44K544Oa44OD44Kv44CRPC9mb250Pjwvc3Ryb25nPjxicj7il488c3Ryb25nPuOCteOCpOOCujwvc3Ryb25nPiA6IDE3MMOXOTdtbTxicj7il488c3Ryb25nPuadkOizqjwvc3Ryb25nPiA6IDxicj7jgIDmnKzkvZPjg7vmoJPmipzjgY3vvJrjgrnjg4bjg7Pjg6zjgrk8YnI+44CA44OV44K/77ya44Od44Oq44OX44Ot44OU44Os44OzPGJyPuOAgOODkeODg+OCreODs++8muOCt+ODquOCs+ODszxicj7il488c3Ryb25nPumHjemHjzwvc3Ryb25nPiA6IDM4OGc8YnI+4pePPHN0cm9uZz7lrrnph488L3N0cm9uZz4gOiAwLjQ3TDxicj7il488c3Ryb25nPuS7leanmDwvc3Ryb25nPiA6IDxicj7jgIDkv53muKnlipvnm67lronvvJrvvLsxLjXmmYLplpPvvL02MOW6puS7peS4ijxicj7jgIDkv53lhrflipvnm67lronvvJrvvLs0LjXmmYLplpPvvL0xMOW6puS7peS4izxicj7jgIDpo5/mtJfmqZ/kvb/nlKjlj688YnI+PCEtLXNwZWNfdGFnZS0tPjxicj48bGluayByZWw9InN0eWxlc2hlZXQiIHR5cGU9InRleHQvY3NzIiBocmVmPSJodHRwOi8vd3d3LnJha3V0ZW4ubmUuanAvZ29sZC9lc3BvcnRzL3Nob3BwaW5nX3BhcnRzLmNzcyI+Cgo8ZGl2IHN0eWxlPSJtYXJnaW4tdG9wOi0yNnB4OyI+PC9kaXY+Cgo8aW1nIHNyYz0iaHR0cDovL3d3dy5yYWt1dGVuLm5lLmpwL2dvbGQvZXNwb3J0cy9ibi9wb2ludC9wb2ludF9iYmIuanBnIiBhbHQ9IjMwMDDlhobku6XkuIrjgafjg53jgqTjg7Pjg4jvvJPlgI0iIGJvcmRlcj0iMCIgd2lkdGg9Ijc1MHB4Ij4KCjwhLS0g44K744O844OrIDxpbWcgc3JjPSJodHRwOi8vd3d3LnJha3V0ZW4ubmUuanAvZ29sZC9lc3BvcnRzL25ld3llYXItc2FsZS9uZXd5ZWFyLXNhbGUtNzgwLmpwZyIgYm9yZGVyPSIwIiBhbHQ9IuOCu+ODvOODqyIgd2lkdGg9Ijc3MHB4Ij48YnI+PGJyPiDjgrvjg7zjg6sgLS0+Cgo8IS0tIOOCueODvOODkeODvOOCu+ODvOODqyA8ZGl2IHN0eWxlPSJ3aWR0aCA6IDc1MHB4OyI+CjxkaXYgYWxpZ249ImNlbnRlciIgc3R5bGU9Im1hcmdpbi1ib3R0b20gOiAwcHg7Ym9yZGVyLXdpZHRoIDogMnB4O2JvcmRlci1zdHlsZSA6IHNvbGlkO2JvcmRlci1jb2xvciA6ICNiYzExMzE7Ij4KCjwvZGl2PjwvZGl2PjxkaXYgY2xhc3M9Im1hcmdpbjUiPjwvZGl2Pjxicj4g44K544O844OR44O844K744O844OrLS0+Cgo8IS0tIOOCueODvOODkeODvOOCu+ODvOODqzIg77yI44OQ44OK44O844Gu44G/77yJPGltZyBzcmM9Imh0dHA6Ly93d3cucmFrdXRlbi5uZS5qcC9nb2xkL2VzcG9ydHMvc3BzYWxlL3NhbGUtYm43ODAuanBnIiBib3JkZXI9IjAiIGFsdD0i44K744O844OrIiB3aWR0aD0iNzcwcHgiPjxicj48YnI+IOOCueODvOODkeODvCAtLT4KCjxkaXYgY2xhc3M9ImNvbnRlbnRzIj48IS0tIOWRiuefpSAKPGRpdiBzdHlsZT0id2lkdGg6NzM2cHg7IHBhZGRpbmc6MTVweDsgbWFyZ2luOjVweCAwIDE1cHg7IGJvcmRlcjpzb2xpZCAjRTYyRjJGIDJweDsiPgo8cCBzdHlsZT0iZm9udC13ZWlnaHQ6Ym9sZDsgZm9udC1zaXplOjE3cHg7IHRleHQtYWxpZ246Y2VudGVyOyI+44CQIDxzcGFuIHN0eWxlPSJib3JkZXItYm90dG9tOjJweCBkb3R0ZWQgIzk5OTsgZm9udC1zaXplOjE1cHg7Ij415pyIMjbml6Uo6YeRKeOBruWWtualreOBq+OBpOOBhOOBpjwvc3Bhbj4g44CRPC9wPgo8cCBzdHlsZT0iZm9udC1zaXplOjEzcHg7IG1hcmdpbi10b3A6MTVweDsiPuiqoOOBq+WLneaJi+OBquOBjOOCiTXmnIgyNuaXpSjph5Ep44Gv44CB56S+5YaF56CU5L+u44Gu44Gf44KB44CB5Za25qWt5pmC6ZaT44KS5Y2I5YmNMTLvvJowMOOBvuOBp+OBqOOBleOBm+OBpuOBhOOBn+OBoOOBjeOBvuOBmeOAguWwmuOAgeOAjOOBguOBmealveOAjeWvvuW/nOWTgeOBq+OBpOOBjeOBvuOBl+OBpuOBr+OAgemAmuW4uOmAmuOCijEy77yaMDDjgb7jgafjga7jgZTms6jmlofjgpLlvZPml6XnmbrpgIHjgZXjgZvjgabjgYTjgZ/jgaDjgY3jgb7jgZnjgII8L3A+CjxwIHN0eWxlPSJmb250LXNpemU6MTNweDsgbWFyZ2luLXRvcDoxNXB4OyI+44GK5a6i5qeY44Gr44Gv44GU5LiN5L6/44KS44GK5o6b44GR6Ie044GX44G+44GZ44GM44CB44GU55CG6Kej44Gu56iL44CB5a6c44GX44GP44GK6aGY44GE6Ie044GX44G+44GZ44CCPC9wPgo8L2Rpdj4gLS0+CgoKPCEtLSA8ZGl2IHN0eWxlPSJ3aWR0aDo3MzZweDsgcGFkZGluZzoxNXB4OyBtYXJnaW46NXB4IDAgMTVweDsgYm9yZGVyOnNvbGlkICNFNjJGMkYgMnB4OyI+CjxwIHN0eWxlPSJmb250LXdlaWdodDpib2xkOyBmb250LXNpemU6MTdweDsgdGV4dC1hbGlnbjpjZW50ZXI7IG1hcmdpbjowOyI+44CQIDxzcGFuIHN0eWxlPSJib3JkZXItYm90dG9tOjJweCBkb3R0ZWQgIzk5OTsgZm9udC1zaXplOjE1cHg7Ij7lpKnlgJnkuI3oia/jga7lvbHpn7/jgavjgojjgovphY3pgIHpgYXlu7bjgavjgaTjgYTjgaY8L3NwYW4+IOOAkTwvcD4KPHAgc3R5bGU9ImZvbnQtc2l6ZToxM3B4OyBtYXJnaW46MTVweCAwIDA7Ij7lj7Dpoqjjg7vosarpm6jnrYnjga7lpKnlgJnkuI3oia/jgavkvLTjgYTjgIHkuIDpg6jlnLDln5/jgafjgYrojbfnianjga7jgYrlsYrjgZHjgavpgYXjgozjgYznmbrnlJ/jgZnjgovmgZDjgozjgYzjgZTjgZbjgYTjgb7jgZnjgII8L3A+CjxwIHN0eWxlPSJmb250LXNpemU6MTNweDsgbWFyZ2luOjdweCAwIDA7Ij7jgb7jgZ/jgIHku4rlvozjga7lj7Dpoqjjga7pgLLot6/jgavjgojjgaPjgabjga/jgIHluoPnr4Tlm7Ljga7lnLDln5/jgafpgYXjgozjgYznlJ/jgZjjgovlj6/og73mgKfjgYzjgYLjgorjgb7jgZnjgILlnLDln5/jgoTjgr/jgqTjg5/jg7PjgrDjgavjgojjgaPjgabjgIHjgZTluIzmnJvjga7jgYrlsYrjgZHml6XmmYLjgavphY3pgZTjgafjgY3jgarjgYTloLTlkIjjgYzjgZTjgZbjgYTjgb7jgZnjgII8L3A+CjxwIHN0eWxlPSJmb250LXNpemU6MTNweDsgbWFyZ2luOjdweCAwIDA7Ij7jgYrlrqLmp5jjgavjga/lpKflpInjgZTov7fmg5HjgpLjgYrmjpvjgZHoh7TjgZfjgb7jgZnjgYzjgIHjgZTnkIbop6PjgYTjgZ/jgaDjgZHjgb7jgZnjgojjgYbjgYrpoZjjgYToh7TjgZfjgb7jgZnjgII8L3A+CjwvZGl2PiAtLT4KCgoKPCEtLSDkuIDpg6jlnLDln5/jgafjga7phY3pgZTpgYXlu7bjgavjgaTjgY3jgb7jgZfjgaYgLS0+CgoKPCEtLSDjgq/jg7zjg53jg7MgCjxpbWcgc3JjPSJodHRwOi8vd3d3LnJha3V0ZW4ubmUuanAvZ29sZC9lc3BvcnRzL2JuL2NvdXBvbi9jb3Vwb243NzAuZ2lmIiBhbHQ9IjIwMOWGhk9GRuOCr+ODvOODneODsyI+IC0tPgoKCgo8IS0tIDxpbWcgc3JjPSJodHRwOi8vd3d3LnJha3V0ZW4ubmUuanAvZ29sZC9lc3BvcnRzL2JuL2FkaWRhcy9hZGlkYXMtYm4zNTcuanBnIiBhbHQ9ImFkaWRhc+ODneOCpOODs+ODiDE15YCNIj4gLS0+CgoKPGJyPg==,44K544K/44Oz44Os44O877yIU1RBTkxFWe+8iSDjgq/jg6njgrfjg4Pjgq/jg5HjgqTjg7Pjg4gwLjQ3TOOCsOODquODvOODsyAwMTcwNC0wMjMg44CQ44Kz44OD44OXIOOCq+ODg+ODlyDkv53muKkg5L+d5Ya344CR77ya772F77yz77yw77yv77yy77y077yz5qW95aSp5pSv5bqX,44Ki44Km44OI44OJ44Ki44Kt44Oj44Oz44OX44OQ44O844OZ44Kt44Ol44O844OG44Oz44OI44K/44O844OX44OG44O844OW44Or44OB44Kn44Ki44K344Ol44Op44OV44Op44Oz44K/44Oz44Kv44O844Op44O844Oc44OD44Kv44K544Kz44O844Or44Oe44Oz44OO44O844K544OV44Kn44Kk44K544K544Od44O844OE44OV44Kj44OD44OI44ON44K544OA44Kk44Ko44OD44OI44OI44Os44O844OL44Oz44Kw44OX44Ot44OG44Kk44Oz44K144OX44Oq44Oh44Oz44OI44OA44Oz44OZ44Or44K144OD44Kr44O844K544K/44Oz44Os44O877yIU1RBTkxFWe+8iSDjgq/jg6njgrfjg4Pjgq/jg5HjgqTjg7Pjg4gwLjQ3TOOCsOODquODvOODsyAwMTcwNC0wMjMg44CQ44Kz44OD44OXIOOCq+ODg+ODlyDkv53muKkg5L+d5Ya344CR,44K544K/44Oz44Os44O877yIU1RBTkxFWe+8iSDjgq/jg6njgrfjg4Pjgq/jg5HjgqTjg7Pjg4gwLjQ3TOOCsOODquODvOODsyAwMTcwNC0wMjMg44CQ44Kz44OD44OXIOOCq+ODg+ODlyDkv53muKkg5L+d5Ya344CR[rn]
34-75308,aHR0cDovL3RzaG9wLnIxMHMuanAvZXNwb3J0cy9jYWJpbmV0LzkyMzcvOTIzNzMxMDQ5MDA5Mi5qcGc/Zml0aW49NzAwOjcwMA==,MTQ0MC4wMDAw,,44K544Od44O844OE44O744Ki44Km44OI44OJ44KiID4g44Ki44Km44OI44OJ44KiID4g44Kt44Oj44Oz44OX55So6aOf5ZmoID4g44Kr44OD44OX,44Om44OL44OV44Os44O844Og77yIVU5JRkxBTUXvvIkgVUbjgrfjgqfjg6njgqvjg4Pjg5cg44OX44Op44K5IDQyMCA2NjgwODUg44CQ44Kv44OD44KvIOOCreODg+ODgeODsyDjg5Djg7zjg5njgq3jg6Xjg7wg44Kt44Oj44Oz44OXIOiqv+eQhuOAkQ==,,PCEtLWltZ190YWdzLS0+PHRhYmxlIGJvcmRlcj0iMCIgd2lkdGg9IjY1MCI+PFRSPjxURCBhbGlnbj0iY2VudGVyIj48QSBocmVmPSJodHRwOi8vd3d3LnJha3V0ZW4uY28uanAvZXNwb3J0cy9pbmZvMi5odG1sI2RlciI+PElNRyBzcmM9Imh0dHA6Ly93d3cucmFrdXRlbi5uZS5qcC9nb2xkL2VzcG9ydHMvc3VwcG9ydC9zaGlwcGluZzIuZ2lmIiBib3JkZXI9IjAiPjwvQT48QSBocmVmPSJodHRwOi8vd3d3LnJha3V0ZW4ubmUuanAvZ29sZC9lc3BvcnRzL3N1cHBvcnQvZGlzcGF0Y2guaHRtbCI+PElNRyBzcmM9Imh0dHA6Ly93d3cucmFrdXRlbi5uZS5qcC9nb2xkL2VzcG9ydHMvc3VwcG9ydC9kYXlzMi5naWYiIGJvcmRlcj0iMCI+PC9BPjxBIGhyZWY9Imh0dHA6Ly93d3cucmFrdXRlbi5uZS5qcC9nb2xkL2VzcG9ydHMvc3VwcG9ydC9kaXNwYXRjaC5odG1sIj48SU1HIHNyYz0iaHR0cDovL3d3dy5yYWt1dGVuLm5lLmpwL2dvbGQvZXNwb3J0cy9zdXBwb3J0L3BsYWNlMy5naWYiIGJvcmRlcj0iMCI+PC9BPjxBIGhyZWY9Imh0dHA6Ly93d3cucmFrdXRlbi5jby5qcC9lc3BvcnRzL2luZm8yLmh0bWwjYmFjayI+PElNRyBzcmM9Imh0dHA6Ly93d3cucmFrdXRlbi5uZS5qcC9nb2xkL2VzcG9ydHMvc3VwcG9ydC9yZXR1cm4xLmdpZiIgYm9yZGVyPSIwIj48L0E+PC90ZD48L3RyPjwvdGFibGU+PCEtLWltZ190YWdlLS0+PHN0cm9uZz48Zm9udCBjb2xvcj0iIzAwMDBDRCIgc2l6ZT0iNCI+55yf6Y2u6KO944Gn6KaL44Gf55uu44Gr576O44GX44GE44CB55uu55ub5LuY44K344Kn44Op44Kr44OD44OX44CCPGJyPjwvZm9udD48L3N0cm9uZz48YnI+PGJyPjxicj48cD48dGFibGUgYm9yZGVyPSIwIiB3aWR0aD0iOTclIiBiZ2NvbG9yPSIjRkZGRkUwIj48dHI+PHRkPjxzdHJvbmc+PGZvbnQgY29sb3I9IiMwMDY0MDAiIHNpemU9IjMiPuOAkOmWoumAo+WVhuWTgeOBr+OBk+OBoeOCieOBp+OBmeOAkTwvZm9udD48L3N0cm9uZz48YnI+4peGIOOBneOBruS7luOBruODpuODi+ODleODrOODvOODoO+8iFVOSUZMQU1F77yJ44Gu5ZWG5ZOB44Gv44Kz44OB44OpPGJyPjwvdGQ+PC90cj48L3RhYmxlPjwhLS1ta190YWdzLS0+PFA+PElNRyBzcmM9Imh0dHA6Ly93d3cucmFrdXRlbi5uZS5qcC9nb2xkL2VzcG9ydHMvYm4vanl1aGF0dHl1dTUyMC02MC5qcGciIHdpZHRoPSI1MjAiIGhlaWdodD0iNjAiIGJvcmRlcj0iMCI+PC9QPjwhLS1ta190YWdlLS0+PCEtLXNwZWNfdGFncy0tPjxwPjxzdHJvbmc+PGZvbnQgY29sb3I9IiMwMDAwQ0QiIHNpemU9IjMiPuOAkOWVhuWTgeOCueODmuODg+OCr+OAkTwvZm9udD48L3N0cm9uZz48YnI+4pePPHN0cm9uZz7jgrXjgqTjgro8L3N0cm9uZz4gOiDntITPhjEyOcOXMTkww5c1MG1tPGJyPuKXjzxzdHJvbmc+5p2Q6LOqPC9zdHJvbmc+IDog5pys5L2T77ya55yf6Y2u44CB44OP44Oz44OJ44Or77ya44K544OG44Oz44Os44K56Yu8PGJyPuKXjzxzdHJvbmc+6YeN6YePPC9zdHJvbmc+IDog57SEOTVnPGJyPuKXjzxzdHJvbmc+5rqA5rC05a656YePPC9zdHJvbmc+IDog57SENDIwbWw8YnI+PCEtLXNwZWNfdGFnZS0tPjxicj48bGluayByZWw9InN0eWxlc2hlZXQiIHR5cGU9InRleHQvY3NzIiBocmVmPSJodHRwOi8vd3d3LnJha3V0ZW4ubmUuanAvZ29sZC9lc3BvcnRzL3Nob3BwaW5nX3BhcnRzLmNzcyI+Cgo8ZGl2IHN0eWxlPSJtYXJnaW4tdG9wOi0yNnB4OyI+PC9kaXY+Cgo8aW1nIHNyYz0iaHR0cDovL3d3dy5yYWt1dGVuLm5lLmpwL2dvbGQvZXNwb3J0cy9ibi9wb2ludC9wb2ludF9iYmIuanBnIiBhbHQ9IjMwMDDlhobku6XkuIrjgafjg53jgqTjg7Pjg4jvvJPlgI0iIGJvcmRlcj0iMCIgd2lkdGg9Ijc1MHB4Ij4KCjwhLS0g44K744O844OrIDxpbWcgc3JjPSJodHRwOi8vd3d3LnJha3V0ZW4ubmUuanAvZ29sZC9lc3BvcnRzL25ld3llYXItc2FsZS9uZXd5ZWFyLXNhbGUtNzgwLmpwZyIgYm9yZGVyPSIwIiBhbHQ9IuOCu+ODvOODqyIgd2lkdGg9Ijc3MHB4Ij48YnI+PGJyPiDjgrvjg7zjg6sgLS0+Cgo8IS0tIOOCueODvOODkeODvOOCu+ODvOODqyA8ZGl2IHN0eWxlPSJ3aWR0aCA6IDc1MHB4OyI+CjxkaXYgYWxpZ249ImNlbnRlciIgc3R5bGU9Im1hcmdpbi1ib3R0b20gOiAwcHg7Ym9yZGVyLXdpZHRoIDogMnB4O2JvcmRlci1zdHlsZSA6IHNvbGlkO2JvcmRlci1jb2xvciA6ICNiYzExMzE7Ij4KCjwvZGl2PjwvZGl2PjxkaXYgY2xhc3M9Im1hcmdpbjUiPjwvZGl2Pjxicj4g44K544O844OR44O844K744O844OrLS0+Cgo8IS0tIOOCueODvOODkeODvOOCu+ODvOODqzIg77yI44OQ44OK44O844Gu44G/77yJPGltZyBzcmM9Imh0dHA6Ly93d3cucmFrdXRlbi5uZS5qcC9nb2xkL2VzcG9ydHMvc3BzYWxlL3NhbGUtYm43ODAuanBnIiBib3JkZXI9IjAiIGFsdD0i44K744O844OrIiB3aWR0aD0iNzcwcHgiPjxicj48YnI+IOOCueODvOODkeODvCAtLT4KCjxkaXYgY2xhc3M9ImNvbnRlbnRzIj48IS0tIOWRiuefpSAKPGRpdiBzdHlsZT0id2lkdGg6NzM2cHg7IHBhZGRpbmc6MTVweDsgbWFyZ2luOjVweCAwIDE1cHg7IGJvcmRlcjpzb2xpZCAjRTYyRjJGIDJweDsiPgo8cCBzdHlsZT0iZm9udC13ZWlnaHQ6Ym9sZDsgZm9udC1zaXplOjE3cHg7IHRleHQtYWxpZ246Y2VudGVyOyI+44CQIDxzcGFuIHN0eWxlPSJib3JkZXItYm90dG9tOjJweCBkb3R0ZWQgIzk5OTsgZm9udC1zaXplOjE1cHg7Ij415pyIMjbml6Uo6YeRKeOBruWWtualreOBq+OBpOOBhOOBpjwvc3Bhbj4g44CRPC9wPgo8cCBzdHlsZT0iZm9udC1zaXplOjEzcHg7IG1hcmdpbi10b3A6MTVweDsiPuiqoOOBq+WLneaJi+OBquOBjOOCiTXmnIgyNuaXpSjph5Ep44Gv44CB56S+5YaF56CU5L+u44Gu44Gf44KB44CB5Za25qWt5pmC6ZaT44KS5Y2I5YmNMTLvvJowMOOBvuOBp+OBqOOBleOBm+OBpuOBhOOBn+OBoOOBjeOBvuOBmeOAguWwmuOAgeOAjOOBguOBmealveOAjeWvvuW/nOWTgeOBq+OBpOOBjeOBvuOBl+OBpuOBr+OAgemAmuW4uOmAmuOCijEy77yaMDDjgb7jgafjga7jgZTms6jmlofjgpLlvZPml6XnmbrpgIHjgZXjgZvjgabjgYTjgZ/jgaDjgY3jgb7jgZnjgII8L3A+CjxwIHN0eWxlPSJmb250LXNpemU6MTNweDsgbWFyZ2luLXRvcDoxNXB4OyI+44GK5a6i5qeY44Gr44Gv44GU5LiN5L6/44KS44GK5o6b44GR6Ie044GX44G+44GZ44GM44CB44GU55CG6Kej44Gu56iL44CB5a6c44GX44GP44GK6aGY44GE6Ie044GX44G+44GZ44CCPC9wPgo8L2Rpdj4gLS0+CgoKPCEtLSA8ZGl2IHN0eWxlPSJ3aWR0aDo3MzZweDsgcGFkZGluZzoxNXB4OyBtYXJnaW46NXB4IDAgMTVweDsgYm9yZGVyOnNvbGlkICNFNjJGMkYgMnB4OyI+CjxwIHN0eWxlPSJmb250LXdlaWdodDpib2xkOyBmb250LXNpemU6MTdweDsgdGV4dC1hbGlnbjpjZW50ZXI7IG1hcmdpbjowOyI+44CQIDxzcGFuIHN0eWxlPSJib3JkZXItYm90dG9tOjJweCBkb3R0ZWQgIzk5OTsgZm9udC1zaXplOjE1cHg7Ij7lpKnlgJnkuI3oia/jga7lvbHpn7/jgavjgojjgovphY3pgIHpgYXlu7bjgavjgaTjgYTjgaY8L3NwYW4+IOOAkTwvcD4KPHAgc3R5bGU9ImZvbnQtc2l6ZToxM3B4OyBtYXJnaW46MTVweCAwIDA7Ij7lj7Dpoqjjg7vosarpm6jnrYnjga7lpKnlgJnkuI3oia/jgavkvLTjgYTjgIHkuIDpg6jlnLDln5/jgafjgYrojbfnianjga7jgYrlsYrjgZHjgavpgYXjgozjgYznmbrnlJ/jgZnjgovmgZDjgozjgYzjgZTjgZbjgYTjgb7jgZnjgII8L3A+CjxwIHN0eWxlPSJmb250LXNpemU6MTNweDsgbWFyZ2luOjdweCAwIDA7Ij7jgb7jgZ/jgIHku4rlvozjga7lj7Dpoqjjga7pgLLot6/jgavjgojjgaPjgabjga/jgIHluoPnr4Tlm7Ljga7lnLDln5/jgafpgYXjgozjgYznlJ/jgZjjgovlj6/og73mgKfjgYzjgYLjgorjgb7jgZnjgILlnLDln5/jgoTjgr/jgqTjg5/jg7PjgrDjgavjgojjgaPjgabjgIHjgZTluIzmnJvjga7jgYrlsYrjgZHml6XmmYLjgavphY3pgZTjgafjgY3jgarjgYTloLTlkIjjgYzjgZTjgZbjgYTjgb7jgZnjgII8L3A+CjxwIHN0eWxlPSJmb250LXNpemU6MTNweDsgbWFyZ2luOjdweCAwIDA7Ij7jgYrlrqLmp5jjgavjga/lpKflpInjgZTov7fmg5HjgpLjgYrmjpvjgZHoh7TjgZfjgb7jgZnjgYzjgIHjgZTnkIbop6PjgYTjgZ/jgaDjgZHjgb7jgZnjgojjgYbjgYrpoZjjgYToh7TjgZfjgb7jgZnjgII8L3A+CjwvZGl2PiAtLT4KCgoKPCEtLSDkuIDpg6jlnLDln5/jgafjga7phY3pgZTpgYXlu7bjgavjgaTjgY3jgb7jgZfjgaYgLS0+CgoKPCEtLSDjgq/jg7zjg53jg7MgCjxpbWcgc3JjPSJodHRwOi8vd3d3LnJha3V0ZW4ubmUuanAvZ29sZC9lc3BvcnRzL2JuL2NvdXBvbi9jb3Vwb243NzAuZ2lmIiBhbHQ9IjIwMOWGhk9GRuOCr+ODvOODneODsyI+IC0tPgoKCgo8IS0tIDxpbWcgc3JjPSJodHRwOi8vd3d3LnJha3V0ZW4ubmUuanAvZ29sZC9lc3BvcnRzL2JuL2FkaWRhcy9hZGlkYXMtYm4zNTcuanBnIiBhbHQ9ImFkaWRhc+ODneOCpOODs+ODiDE15YCNIj4gLS0+CgoKPGJyPg==,44Om44OL44OV44Os44O844Og77yIVU5JRkxBTUXvvIkgVUbjgrfjgqfjg6njgqvjg4Pjg5cg44OX44Op44K5IDQyMCA2NjgwODUg44CQ44Kv44OD44KvIOOCreODg+ODgeODsyDjg5Djg7zjg5njgq3jg6Xjg7wg44Kt44Oj44Oz44OXIOiqv+eQhuOAke+8mu+9he+8s++8sO+8r++8su+8tO+8s+alveWkqeaUr+W6lw==,44Ki44Km44OI44OJ44Ki44Kt44Oj44Oz44OX44OQ44O844OZ44Kt44Ol44O844OG44Oz44OI44K/44O844OX44OG44O844OW44Or44OB44Kn44Ki44K344Ol44Op44OV44Op44Oz44K/44Oz44Kv44O844Op44O844Oc44OD44Kv44K544Kz44O844Or44Oe44Oz44OO44O844K544OV44Kn44Kk44K544K544Od44O844OE44OV44Kj44OD44OI44ON44K544OA44Kk44Ko44OD44OI44OI44Os44O844OL44Oz44Kw44OX44Ot44OG44Kk44Oz44K144OX44Oq44Oh44Oz44OI44OA44Oz44OZ44Or44K144OD44Kr44O844Om44OL44OV44Os44O844Og77yIVU5JRkxBTUXvvIkgVUbjgrfjgqfjg6njgqvjg4Pjg5cg44OX44Op44K5IDQyMCA2NjgwODUg44CQ44Kv44OD44KvIOOCreODg+ODgeODsyDjg5Djg7zjg5njgq3jg6Xjg7wg44Kt44Oj44Oz44OXIOiqv+eQhuOAkQ==,44Om44OL44OV44Os44O844Og77yIVU5JRkxBTUXvvIkgVUbjgrfjgqfjg6njgqvjg4Pjg5cg44OX44Op44K5IDQyMCA2NjgwODUg44CQ44Kv44OD44KvIOOCreODg+ODgeODsyDjg5Djg7zjg5njgq3jg6Xjg7wg44Kt44Oj44Oz44OXIOiqv+eQhuOAkQ==[rn]
34-75309,aHR0cDovL3RzaG9wLnIxMHMuanAvZXNwb3J0cy9jYWJpbmV0LzkxMDktNC85MTA5MzEwNDkwMjU1LmpwZz9maXRpbj03MDA6NzAw,MTk4Ny4yMDAw,,44K544Od44O844OE44O744Ki44Km44OI44OJ44KiID4g44Ki44Km44OI44OJ44KiID4g44Kt44Oj44Oz44OX55So6aOf5ZmoID4g44Kr44OD44OX,44Ot44K044K5KExPR09TKSDjg5fjg6rjg6HjgqTjg6Tjg7znnJ/nqbrjg57jgrA0MjAo44Os44OD44OJKSA4MTI4NTIwMiDjgJDjgrPjg4Pjg5cg44Kt44Oj44Oz44OXIOODnuOCsOOCq+ODg+ODl+OAkeOAkDIwMTRMb+OAkQ==,,PCEtLWltZ190YWdzLS0+PHRhYmxlIGJvcmRlcj0iMCIgd2lkdGg9IjY1MCI+PFRSPjxURCBhbGlnbj0iY2VudGVyIj48QSBocmVmPSJodHRwOi8vd3d3LnJha3V0ZW4uY28uanAvZXNwb3J0cy9pbmZvMi5odG1sI2RlciI+PElNRyBzcmM9Imh0dHA6Ly93d3cucmFrdXRlbi5uZS5qcC9nb2xkL2VzcG9ydHMvc3VwcG9ydC9zaGlwcGluZzIuZ2lmIiBib3JkZXI9IjAiPjwvQT48QSBocmVmPSJodHRwOi8vd3d3LnJha3V0ZW4ubmUuanAvZ29sZC9lc3BvcnRzL3N1cHBvcnQvZGlzcGF0Y2guaHRtbCI+PElNRyBzcmM9Imh0dHA6Ly93d3cucmFrdXRlbi5uZS5qcC9nb2xkL2VzcG9ydHMvc3VwcG9ydC9kYXlzMi5naWYiIGJvcmRlcj0iMCI+PC9BPjxBIGhyZWY9Imh0dHA6Ly93d3cucmFrdXRlbi5uZS5qcC9nb2xkL2VzcG9ydHMvc3VwcG9ydC9kaXNwYXRjaC5odG1sIj48SU1HIHNyYz0iaHR0cDovL3d3dy5yYWt1dGVuLm5lLmpwL2dvbGQvZXNwb3J0cy9zdXBwb3J0L3BsYWNlMy5naWYiIGJvcmRlcj0iMCI+PC9BPjxBIGhyZWY9Imh0dHA6Ly93d3cucmFrdXRlbi5jby5qcC9lc3BvcnRzL2luZm8yLmh0bWwjYmFjayI+PElNRyBzcmM9Imh0dHA6Ly93d3cucmFrdXRlbi5uZS5qcC9nb2xkL2VzcG9ydHMvc3VwcG9ydC9yZXR1cm4xLmdpZiIgYm9yZGVyPSIwIj48L0E+PC90ZD48L3RyPjwvdGFibGU+PCEtLWltZ190YWdlLS0+PHN0cm9uZz48Zm9udCBjb2xvcj0iIzAwMDBDRCIgc2l6ZT0iNCI+TE9HT1Pni6znibnjga7jg5fjg6vjgr/jg5blvI/jgac8YnI+44Ov44Oz44Ki44Kv44K344On44Oz44Kq44O844OX44Oz44CCPGJyPjwvZm9udD48L3N0cm9uZz48YnI+57eP6YeN6YeP77ya77yI57SE77yJMzAwZ+WuuemHj++8mu+8iOe0hO+8iTQyMG1sPGJyPuOCteOCpOOCuu+8mu+8iOe0hO+8ieW5hTEzw5flpaXooYw4LjfDl+mrmOOBlTE0Y208YnI+5Li757Sg5p2Q77ya44K544OG44Oz44Os44K544CB44Od44Oq44OX44Ot44OU44Os44Oz44CBVFBFPGJyPjxicj7il4/nnJ/nqbrmp4vpgKDjgafkv53lhrfjgIHkv53muKnjgIDlhbHjgavplbfmjIHjgaHjgII8YnI+4peP5aSP44Gv5Ya344Gf44GP44CB5Yas44Gv5pqW44GL44GP44CB5Ya344KB44Gr44GP44GE44Oe44Kw44Kr44OD44OX44Gn44GZ44CCPGJyPuKXj+iTi+OCkuOBl+OBpuOBiuOBkeOBsOiqpOOBo+OBpui7ouWAkuOBl+OBpuOCguWuieW/gzxicj7il4/po7Ljgb/lj6Pjga/jg6/jg7PjgqLjgq/jgrfjg6fjg7PvvIFMT0dPU+OBqOOBhOOBiOOBsOODl+ODq+OCv+ODluW8jzxicj7igLvmkLrluK/nlKjjgafjga/jgYLjgorjgb7jgZvjgpM8YnI+PGJyPjxwPjx0YWJsZSBib3JkZXI9IjAiIHdpZHRoPSI5NyUiIGJnY29sb3I9IiNGRkZGRTAiPjx0cj48dGQ+PHN0cm9uZz48Zm9udCBjb2xvcj0iIzAwNjQwMCIgc2l6ZT0iMyI+44CQ6Zai6YCj5ZWG5ZOB44Gv44GT44Gh44KJ44Gn44GZ44CRPC9mb250Pjwvc3Ryb25nPjxicj7il4Yg4piG44Ot44K044K544Gu44GK6LK344GE5b6X44K744OD44OI44Gv44GT44Gh44KJ77yBPGJyPuKXhiDjg63jgrTjgrkgMjAxNOW5tOaWsOWVhuWTgeOBr+OBk+OBoeOCie+8gTxicj48L3RkPjwvdHI+PC90YWJsZT48YnI+PGJyPjxpbWcgc3JjPSJodHRwOi8vaW1hZ2UucmFrdXRlbi5jby5qcC9lc3BvcnRzL2NhYmluZXQvYm4vZmlyZWdyaWxsNTAwLmdpZiIgYWx0PSLjg5XjgqHjgqTjgqLjgrDjg6rjg6vvvIHjgYrlvpfjgarjgq3jg6Pjg6rjg7zjg5Djg4PjgrDjgrvjg4Pjg4jvvIEiIGJvcmRlcj0iMCI+PGJyPjxicj48IS0tbWtfdGFncy0tPjxQPjxJTUcgc3JjPSJodHRwOi8vd3d3LnJha3V0ZW4ubmUuanAvZ29sZC9lc3BvcnRzL2JuL2p5dWhhdHR5dXU1MjAtNjAuanBnIiB3aWR0aD0iNTIwIiBoZWlnaHQ9IjYwIiBib3JkZXI9IjAiIGFsdD0i5Y+X55m65rOo44Gu5ZWG5ZOB44Gr6Zai44GX44GmIj48L1A+PCEtLW1rX3RhZ2UtLT48YnI+PGxpbmsgcmVsPSJzdHlsZXNoZWV0IiB0eXBlPSJ0ZXh0L2NzcyIgaHJlZj0iaHR0cDovL3d3dy5yYWt1dGVuLm5lLmpwL2dvbGQvZXNwb3J0cy9zaG9wcGluZ19wYXJ0cy5jc3MiPgoKPGRpdiBzdHlsZT0ibWFyZ2luLXRvcDotMjZweDsiPjwvZGl2PgoKPGltZyBzcmM9Imh0dHA6Ly93d3cucmFrdXRlbi5uZS5qcC9nb2xkL2VzcG9ydHMvYm4vcG9pbnQvcG9pbnRfYmJiLmpwZyIgYWx0PSIzMDAw5YaG5Lul5LiK44Gn44Od44Kk44Oz44OI77yT5YCNIiBib3JkZXI9IjAiIHdpZHRoPSI3NTBweCI+Cgo8IS0tIOOCu+ODvOODqyA8aW1nIHNyYz0iaHR0cDovL3d3dy5yYWt1dGVuLm5lLmpwL2dvbGQvZXNwb3J0cy9uZXd5ZWFyLXNhbGUvbmV3eWVhci1zYWxlLTc4MC5qcGciIGJvcmRlcj0iMCIgYWx0PSLjgrvjg7zjg6siIHdpZHRoPSI3NzBweCI+PGJyPjxicj4g44K744O844OrIC0tPgoKPCEtLSDjgrnjg7zjg5Hjg7zjgrvjg7zjg6sgPGRpdiBzdHlsZT0id2lkdGggOiA3NTBweDsiPgo8ZGl2IGFsaWduPSJjZW50ZXIiIHN0eWxlPSJtYXJnaW4tYm90dG9tIDogMHB4O2JvcmRlci13aWR0aCA6IDJweDtib3JkZXItc3R5bGUgOiBzb2xpZDtib3JkZXItY29sb3IgOiAjYmMxMTMxOyI+Cgo8L2Rpdj48L2Rpdj48ZGl2IGNsYXNzPSJtYXJnaW41Ij48L2Rpdj48YnI+IOOCueODvOODkeODvOOCu+ODvOODqy0tPgoKPCEtLSDjgrnjg7zjg5Hjg7zjgrvjg7zjg6syIO+8iOODkOODiuODvOOBruOBv++8iTxpbWcgc3JjPSJodHRwOi8vd3d3LnJha3V0ZW4ubmUuanAvZ29sZC9lc3BvcnRzL3Nwc2FsZS9zYWxlLWJuNzgwLmpwZyIgYm9yZGVyPSIwIiBhbHQ9IuOCu+ODvOODqyIgd2lkdGg9Ijc3MHB4Ij48YnI+PGJyPiDjgrnjg7zjg5Hjg7wgLS0+Cgo8ZGl2IGNsYXNzPSJjb250ZW50cyI+PCEtLSDlkYrnn6UgCjxkaXYgc3R5bGU9IndpZHRoOjczNnB4OyBwYWRkaW5nOjE1cHg7IG1hcmdpbjo1cHggMCAxNXB4OyBib3JkZXI6c29saWQgI0U2MkYyRiAycHg7Ij4KPHAgc3R5bGU9ImZvbnQtd2VpZ2h0OmJvbGQ7IGZvbnQtc2l6ZToxN3B4OyB0ZXh0LWFsaWduOmNlbnRlcjsiPuOAkCA8c3BhbiBzdHlsZT0iYm9yZGVyLWJvdHRvbToycHggZG90dGVkICM5OTk7IGZvbnQtc2l6ZToxNXB4OyI+NeaciDI25pelKOmHkSnjga7llrbmpa3jgavjgaTjgYTjgaY8L3NwYW4+IOOAkTwvcD4KPHAgc3R5bGU9ImZvbnQtc2l6ZToxM3B4OyBtYXJnaW4tdG9wOjE1cHg7Ij7oqqDjgavli53miYvjgarjgYzjgok15pyIMjbml6Uo6YeRKeOBr+OAgeekvuWGheeglOS/ruOBruOBn+OCgeOAgeWWtualreaZgumWk+OCkuWNiOWJjTEy77yaMDDjgb7jgafjgajjgZXjgZvjgabjgYTjgZ/jgaDjgY3jgb7jgZnjgILlsJrjgIHjgIzjgYLjgZnmpb3jgI3lr77lv5zlk4HjgavjgaTjgY3jgb7jgZfjgabjga/jgIHpgJrluLjpgJrjgooxMu+8mjAw44G+44Gn44Gu44GU5rOo5paH44KS5b2T5pel55m66YCB44GV44Gb44Gm44GE44Gf44Gg44GN44G+44GZ44CCPC9wPgo8cCBzdHlsZT0iZm9udC1zaXplOjEzcHg7IG1hcmdpbi10b3A6MTVweDsiPuOBiuWuouanmOOBq+OBr+OBlOS4jeS+v+OCkuOBiuaOm+OBkeiHtOOBl+OBvuOBmeOBjOOAgeOBlOeQhuino+OBrueoi+OAgeWunOOBl+OBj+OBiumhmOOBhOiHtOOBl+OBvuOBmeOAgjwvcD4KPC9kaXY+IC0tPgoKCjwhLS0gPGRpdiBzdHlsZT0id2lkdGg6NzM2cHg7IHBhZGRpbmc6MTVweDsgbWFyZ2luOjVweCAwIDE1cHg7IGJvcmRlcjpzb2xpZCAjRTYyRjJGIDJweDsiPgo8cCBzdHlsZT0iZm9udC13ZWlnaHQ6Ym9sZDsgZm9udC1zaXplOjE3cHg7IHRleHQtYWxpZ246Y2VudGVyOyBtYXJnaW46MDsiPuOAkCA8c3BhbiBzdHlsZT0iYm9yZGVyLWJvdHRvbToycHggZG90dGVkICM5OTk7IGZvbnQtc2l6ZToxNXB4OyI+5aSp5YCZ5LiN6Imv44Gu5b2x6Z+/44Gr44KI44KL6YWN6YCB6YGF5bu244Gr44Gk44GE44GmPC9zcGFuPiDjgJE8L3A+CjxwIHN0eWxlPSJmb250LXNpemU6MTNweDsgbWFyZ2luOjE1cHggMCAwOyI+5Y+w6aKo44O76LGq6Zuo562J44Gu5aSp5YCZ5LiN6Imv44Gr5Ly044GE44CB5LiA6YOo5Zyw5Z+f44Gn44GK6I2354mp44Gu44GK5bGK44GR44Gr6YGF44KM44GM55m655Sf44GZ44KL5oGQ44KM44GM44GU44GW44GE44G+44GZ44CCPC9wPgo8cCBzdHlsZT0iZm9udC1zaXplOjEzcHg7IG1hcmdpbjo3cHggMCAwOyI+44G+44Gf44CB5LuK5b6M44Gu5Y+w6aKo44Gu6YCy6Lev44Gr44KI44Gj44Gm44Gv44CB5bqD56+E5Zuy44Gu5Zyw5Z+f44Gn6YGF44KM44GM55Sf44GY44KL5Y+v6IO95oCn44GM44GC44KK44G+44GZ44CC5Zyw5Z+f44KE44K/44Kk44Of44Oz44Kw44Gr44KI44Gj44Gm44CB44GU5biM5pyb44Gu44GK5bGK44GR5pel5pmC44Gr6YWN6YGU44Gn44GN44Gq44GE5aC05ZCI44GM44GU44GW44GE44G+44GZ44CCPC9wPgo8cCBzdHlsZT0iZm9udC1zaXplOjEzcHg7IG1hcmdpbjo3cHggMCAwOyI+44GK5a6i5qeY44Gr44Gv5aSn5aSJ44GU6L+35oOR44KS44GK5o6b44GR6Ie044GX44G+44GZ44GM44CB44GU55CG6Kej44GE44Gf44Gg44GR44G+44GZ44KI44GG44GK6aGY44GE6Ie044GX44G+44GZ44CCPC9wPgo8L2Rpdj4gLS0+CgoKCjwhLS0g5LiA6YOo5Zyw5Z+f44Gn44Gu6YWN6YGU6YGF5bu244Gr44Gk44GN44G+44GX44GmIC0tPgoKCjwhLS0g44Kv44O844Od44OzIAo8aW1nIHNyYz0iaHR0cDovL3d3dy5yYWt1dGVuLm5lLmpwL2dvbGQvZXNwb3J0cy9ibi9jb3Vwb24vY291cG9uNzcwLmdpZiIgYWx0PSIyMDDlhoZPRkbjgq/jg7zjg53jg7MiPiAtLT4KCgoKPCEtLSA8aW1nIHNyYz0iaHR0cDovL3d3dy5yYWt1dGVuLm5lLmpwL2dvbGQvZXNwb3J0cy9ibi9hZGlkYXMvYWRpZGFzLWJuMzU3LmpwZyIgYWx0PSJhZGlkYXPjg53jgqTjg7Pjg4gxNeWAjSI+IC0tPgoKCjxicj4=,44Ot44K044K5KExPR09TKSDjg5fjg6rjg6HjgqTjg6Tjg7znnJ/nqbrjg57jgrA0MjAo44Os44OD44OJKSA4MTI4NTIwMiDjgJDjgrPjg4Pjg5cg44Kt44Oj44Oz44OXIOODnuOCsOOCq+ODg+ODl+OAkeOAkDIwMTRMb+OAke+8mu+9he+8s++8sO+8r++8su+8tO+8s+alveWkqeaUr+W6lw==,44Ki44Km44OI44OJ44Ki44Kt44Oj44Oz44OX44OQ44O844OZ44Kt44Ol44O844OG44Oz44OI44K/44O844OX44OG44O844OW44Or44OB44Kn44Ki44K344Ol44Op44OV44Op44Oz44K/44Oz44Kv44O844Op44O844Oc44OD44Kv44K544Kz44O844Or44Oe44Oz44OO44O844K544OV44Kn44Kk44K544K544Od44O844OE44OV44Kj44OD44OI44ON44K544OA44Kk44Ko44OD44OI44OI44Os44O844OL44Oz44Kw44OX44Ot44OG44Kk44Oz44K144OX44Oq44Oh44Oz44OI44OA44Oz44OZ44Or44K144OD44Kr44O844Ot44K044K5KExPR09TKSDjg5fjg6rjg6HjgqTjg6Tjg7znnJ/nqbrjg57jgrA0MjAo44Os44OD44OJKSA4MTI4NTIwMiDjgJDjgrPjg4Pjg5cg44Kt44Oj44Oz44OXIOODnuOCsOOCq+ODg+ODl+OAkeOAkDIwMTRMb+OAkQ==,44Ot44K044K5KExPR09TKSDjg5fjg6rjg6HjgqTjg6Tjg7znnJ/nqbrjg57jgrA0MjAo44Os44OD44OJKSA4MTI4NTIwMiDjgJDjgrPjg4Pjg5cg44Kt44Oj44Oz44OXIOODnuOCsOOCq+ODg+ODl+OAkeOAkDIwMTRMb+OAkQ==[rn]
34-75310,aHR0cDovL3RzaG9wLnIxMHMuanAvZXNwb3J0cy9jYWJpbmV0LzkxNDEtMi85MTQxMzEwNDkwMDAzLmpwZz9maXRpbj03MDA6NzAw,MTk4Ny4yMDAw,,44K544Od44O844OE44O744Ki44Km44OI44OJ44KiID4g44Ki44Km44OI44OJ44KiID4g44Kt44Oj44Oz44OX55So6aOf5ZmoID4g44Kr44OD44OX,44Oi44OB44OF44Kt77yITW9jaGl6dWtp77yJIOOCq+ODqeODk+ODiuOCq+ODg+ODlyDjgrDjg6rjg7zjg7MgMTA2MDIg44CQ44Kz44OD44OXIOODnuOCsOOCq+ODg+ODlyDjgqLjgqbjg4jjg4njgqIg44OI44Os44OD44Kt44Oz44KwIOeZu+WxseOAkQ==,,PCEtLWltZ190YWdzLS0+PHRhYmxlIGJvcmRlcj0iMCIgd2lkdGg9IjY1MCI+PFRSPjxURCBhbGlnbj0iY2VudGVyIj48QSBocmVmPSJodHRwOi8vd3d3LnJha3V0ZW4uY28uanAvZXNwb3J0cy9pbmZvMi5odG1sI2RlciI+PElNRyBzcmM9Imh0dHA6Ly93d3cucmFrdXRlbi5uZS5qcC9nb2xkL2VzcG9ydHMvc3VwcG9ydC9zaGlwcGluZzIuZ2lmIiBib3JkZXI9IjAiPjwvQT48QSBocmVmPSJodHRwOi8vd3d3LnJha3V0ZW4ubmUuanAvZ29sZC9lc3BvcnRzL3N1cHBvcnQvZGlzcGF0Y2guaHRtbCI+PElNRyBzcmM9Imh0dHA6Ly93d3cucmFrdXRlbi5uZS5qcC9nb2xkL2VzcG9ydHMvc3VwcG9ydC9kYXlzMS5naWYiIGJvcmRlcj0iMCI+PC9BPjxBIGhyZWY9Imh0dHA6Ly93d3cucmFrdXRlbi5uZS5qcC9nb2xkL2VzcG9ydHMvc3VwcG9ydC9kaXNwYXRjaC5odG1sIj48SU1HIHNyYz0iaHR0cDovL3d3dy5yYWt1dGVuLm5lLmpwL2dvbGQvZXNwb3J0cy9zdXBwb3J0L3BsYWNlMi5naWYiIGJvcmRlcj0iMCI+PC9BPjxBIGhyZWY9Imh0dHA6Ly93d3cucmFrdXRlbi5jby5qcC9lc3BvcnRzL2luZm8yLmh0bWwjYmFjayI+PElNRyBzcmM9Imh0dHA6Ly93d3cucmFrdXRlbi5uZS5qcC9nb2xkL2VzcG9ydHMvc3VwcG9ydC9yZXR1cm4xLmdpZiIgYm9yZGVyPSIwIj48L0E+PC90ZD48L3RyPjwvdGFibGU+PCEtLWltZ190YWdlLS0+PHN0cm9uZz48Zm9udCBjb2xvcj0iIzAwMDBDRCIgc2l6ZT0iNCI+44OP44Oz44OJ44Or44GM44Kr44Op44OT44OK44Gr44Gq44Gj44Gf44Om44OL44O844Kv44Gq44Kr44OD44OX44CCPGJyPjwvZm9udD48L3N0cm9uZz48YnI+44OQ44OD44Kv44OR44OD44Kv44Gr5aSW5LuY44GR44GX44Gm44GK44GR44Gw44CB5rC044KS44GV44Gj44Go5rGy44KT44Gn44K044Kv44K044Kv6aOy44KB44G+44GZ44CCPGJyPuOCueODhuODs+ODrOOCueOBruODgOODluODq+ani+mAoOOBp+OBmeOAgjxicj48YnI+PHA+PCEtLW1rX3RhZ3MtLT48UD48SU1HIHNyYz0iaHR0cDovL3d3dy5yYWt1dGVuLm5lLmpwL2dvbGQvZXNwb3J0cy9ibi9qeXVoYXR0eXV1NTIwLTYwLmpwZyIgd2lkdGg9IjUyMCIgaGVpZ2h0PSI2MCIgYm9yZGVyPSIwIj48L1A+PCEtLW1rX3RhZ2UtLT48YnI+4peP566h55CGY29kZe+8mjc5ODI5Nzc5PCEtLXNwZWNfdGFncy0tPjxwPjxzdHJvbmc+PGZvbnQgY29sb3I9IiMwMDAwQ0QiIHNpemU9IjMiPuOAkOWVhuWTgeOCueODmuODg+OCr+OAkTwvZm9udD48L3N0cm9uZz48YnI+4pePPHN0cm9uZz7jgrXjgqTjgro8L3N0cm9uZz4gOiA4LjLDl8+GN2NtPGJyPuKXjzxzdHJvbmc+5a656YePPC9zdHJvbmc+IDogMjQwbWw8YnI+4pePPHN0cm9uZz7ph43ph488L3N0cm9uZz4gOiAxNDZnPGJyPuKXjzxzdHJvbmc+5p2Q6LOqPC9zdHJvbmc+IDog44K544OG44Oz44Os44K544CB44Ki44Or44OfPGJyPjwhLS1zcGVjX3RhZ2UtLT48YnI+PGxpbmsgcmVsPSJzdHlsZXNoZWV0IiB0eXBlPSJ0ZXh0L2NzcyIgaHJlZj0iaHR0cDovL3d3dy5yYWt1dGVuLm5lLmpwL2dvbGQvZXNwb3J0cy9zaG9wcGluZ19wYXJ0cy5jc3MiPgoKPGRpdiBzdHlsZT0ibWFyZ2luLXRvcDotMjZweDsiPjwvZGl2PgoKPGltZyBzcmM9Imh0dHA6Ly93d3cucmFrdXRlbi5uZS5qcC9nb2xkL2VzcG9ydHMvYm4vcG9pbnQvcG9pbnRfYmJiLmpwZyIgYWx0PSIzMDAw5YaG5Lul5LiK44Gn44Od44Kk44Oz44OI77yT5YCNIiBib3JkZXI9IjAiIHdpZHRoPSI3NTBweCI+Cgo8IS0tIOOCu+ODvOODqyA8aW1nIHNyYz0iaHR0cDovL3d3dy5yYWt1dGVuLm5lLmpwL2dvbGQvZXNwb3J0cy9uZXd5ZWFyLXNhbGUvbmV3eWVhci1zYWxlLTc4MC5qcGciIGJvcmRlcj0iMCIgYWx0PSLjgrvjg7zjg6siIHdpZHRoPSI3NzBweCI+PGJyPjxicj4g44K744O844OrIC0tPgoKPCEtLSDjgrnjg7zjg5Hjg7zjgrvjg7zjg6sgPGRpdiBzdHlsZT0id2lkdGggOiA3NTBweDsiPgo8ZGl2IGFsaWduPSJjZW50ZXIiIHN0eWxlPSJtYXJnaW4tYm90dG9tIDogMHB4O2JvcmRlci13aWR0aCA6IDJweDtib3JkZXItc3R5bGUgOiBzb2xpZDtib3JkZXItY29sb3IgOiAjYmMxMTMxOyI+Cgo8L2Rpdj48L2Rpdj48ZGl2IGNsYXNzPSJtYXJnaW41Ij48L2Rpdj48YnI+IOOCueODvOODkeODvOOCu+ODvOODqy0tPgoKPCEtLSDjgrnjg7zjg5Hjg7zjgrvjg7zjg6syIO+8iOODkOODiuODvOOBruOBv++8iTxpbWcgc3JjPSJodHRwOi8vd3d3LnJha3V0ZW4ubmUuanAvZ29sZC9lc3BvcnRzL3Nwc2FsZS9zYWxlLWJuNzgwLmpwZyIgYm9yZGVyPSIwIiBhbHQ9IuOCu+ODvOODqyIgd2lkdGg9Ijc3MHB4Ij48YnI+PGJyPiDjgrnjg7zjg5Hjg7wgLS0+Cgo8ZGl2IGNsYXNzPSJjb250ZW50cyI+PCEtLSDlkYrnn6UgCjxkaXYgc3R5bGU9IndpZHRoOjczNnB4OyBwYWRkaW5nOjE1cHg7IG1hcmdpbjo1cHggMCAxNXB4OyBib3JkZXI6c29saWQgI0U2MkYyRiAycHg7Ij4KPHAgc3R5bGU9ImZvbnQtd2VpZ2h0OmJvbGQ7IGZvbnQtc2l6ZToxN3B4OyB0ZXh0LWFsaWduOmNlbnRlcjsiPuOAkCA8c3BhbiBzdHlsZT0iYm9yZGVyLWJvdHRvbToycHggZG90dGVkICM5OTk7IGZvbnQtc2l6ZToxNXB4OyI+NeaciDI25pelKOmHkSnjga7llrbmpa3jgavjgaTjgYTjgaY8L3NwYW4+IOOAkTwvcD4KPHAgc3R5bGU9ImZvbnQtc2l6ZToxM3B4OyBtYXJnaW4tdG9wOjE1cHg7Ij7oqqDjgavli53miYvjgarjgYzjgok15pyIMjbml6Uo6YeRKeOBr+OAgeekvuWGheeglOS/ruOBruOBn+OCgeOAgeWWtualreaZgumWk+OCkuWNiOWJjTEy77yaMDDjgb7jgafjgajjgZXjgZvjgabjgYTjgZ/jgaDjgY3jgb7jgZnjgILlsJrjgIHjgIzjgYLjgZnmpb3jgI3lr77lv5zlk4HjgavjgaTjgY3jgb7jgZfjgabjga/jgIHpgJrluLjpgJrjgooxMu+8mjAw44G+44Gn44Gu44GU5rOo5paH44KS5b2T5pel55m66YCB44GV44Gb44Gm44GE44Gf44Gg44GN44G+44GZ44CCPC9wPgo8cCBzdHlsZT0iZm9udC1zaXplOjEzcHg7IG1hcmdpbi10b3A6MTVweDsiPuOBiuWuouanmOOBq+OBr+OBlOS4jeS+v+OCkuOBiuaOm+OBkeiHtOOBl+OBvuOBmeOBjOOAgeOBlOeQhuino+OBrueoi+OAgeWunOOBl+OBj+OBiumhmOOBhOiHtOOBl+OBvuOBmeOAgjwvcD4KPC9kaXY+IC0tPgoKCjwhLS0gPGRpdiBzdHlsZT0id2lkdGg6NzM2cHg7IHBhZGRpbmc6MTVweDsgbWFyZ2luOjVweCAwIDE1cHg7IGJvcmRlcjpzb2xpZCAjRTYyRjJGIDJweDsiPgo8cCBzdHlsZT0iZm9udC13ZWlnaHQ6Ym9sZDsgZm9udC1zaXplOjE3cHg7IHRleHQtYWxpZ246Y2VudGVyOyBtYXJnaW46MDsiPuOAkCA8c3BhbiBzdHlsZT0iYm9yZGVyLWJvdHRvbToycHggZG90dGVkICM5OTk7IGZvbnQtc2l6ZToxNXB4OyI+5aSp5YCZ5LiN6Imv44Gu5b2x6Z+/44Gr44KI44KL6YWN6YCB6YGF5bu244Gr44Gk44GE44GmPC9zcGFuPiDjgJE8L3A+CjxwIHN0eWxlPSJmb250LXNpemU6MTNweDsgbWFyZ2luOjE1cHggMCAwOyI+5Y+w6aKo44O76LGq6Zuo562J44Gu5aSp5YCZ5LiN6Imv44Gr5Ly044GE44CB5LiA6YOo5Zyw5Z+f44Gn44GK6I2354mp44Gu44GK5bGK44GR44Gr6YGF44KM44GM55m655Sf44GZ44KL5oGQ44KM44GM44GU44GW44GE44G+44GZ44CCPC9wPgo8cCBzdHlsZT0iZm9udC1zaXplOjEzcHg7IG1hcmdpbjo3cHggMCAwOyI+44G+44Gf44CB5LuK5b6M44Gu5Y+w6aKo44Gu6YCy6Lev44Gr44KI44Gj44Gm44Gv44CB5bqD56+E5Zuy44Gu5Zyw5Z+f44Gn6YGF44KM44GM55Sf44GY44KL5Y+v6IO95oCn44GM44GC44KK44G+44GZ44CC5Zyw5Z+f44KE44K/44Kk44Of44Oz44Kw44Gr44KI44Gj44Gm44CB44GU5biM5pyb44Gu44GK5bGK44GR5pel5pmC44Gr6YWN6YGU44Gn44GN44Gq44GE5aC05ZCI44GM44GU44GW44GE44G+44GZ44CCPC9wPgo8cCBzdHlsZT0iZm9udC1zaXplOjEzcHg7IG1hcmdpbjo3cHggMCAwOyI+44GK5a6i5qeY44Gr44Gv5aSn5aSJ44GU6L+35oOR44KS44GK5o6b44GR6Ie044GX44G+44GZ44GM44CB44GU55CG6Kej44GE44Gf44Gg44GR44G+44GZ44KI44GG44GK6aGY44GE6Ie044GX44G+44GZ44CCPC9wPgo8L2Rpdj4gLS0+CgoKCjwhLS0g5LiA6YOo5Zyw5Z+f44Gn44Gu6YWN6YGU6YGF5bu244Gr44Gk44GN44G+44GX44GmIC0tPgoKCjwhLS0g44Kv44O844Od44OzIAo8aW1nIHNyYz0iaHR0cDovL3d3dy5yYWt1dGVuLm5lLmpwL2dvbGQvZXNwb3J0cy9ibi9jb3Vwb24vY291cG9uNzcwLmdpZiIgYWx0PSIyMDDlhoZPRkbjgq/jg7zjg53jg7MiPiAtLT4KCgoKPCEtLSA8aW1nIHNyYz0iaHR0cDovL3d3dy5yYWt1dGVuLm5lLmpwL2dvbGQvZXNwb3J0cy9ibi9hZGlkYXMvYWRpZGFzLWJuMzU3LmpwZyIgYWx0PSJhZGlkYXPjg53jgqTjg7Pjg4gxNeWAjSI+IC0tPgoKCjxicj4=,44Oi44OB44OF44Kt77yITW9jaGl6dWtp77yJIOOCq+ODqeODk+ODiuOCq+ODg+ODlyDjgrDjg6rjg7zjg7MgMTA2MDIg44CQ44Kz44OD44OXIOODnuOCsOOCq+ODg+ODlyDjgqLjgqbjg4jjg4njgqIg44OI44Os44OD44Kt44Oz44KwIOeZu+WxseOAke+8mu+9he+8s++8sO+8r++8su+8tO+8s+alveWkqeaUr+W6lw==,44Ki44Km44OI44OJ44Ki44Kt44Oj44Oz44OX44OQ44O844OZ44Kt44Ol44O844OG44Oz44OI44K/44O844OX44OG44O844OW44Or44OB44Kn44Ki44K344Ol44Op44OV44Op44Oz44K/44Oz44Kv44O844Op44O844Oc44OD44Kv44K544Kz44O844Or44Oe44Oz44OO44O844K544OV44Kn44Kk44K544K544Od44O844OE44OV44Kj44OD44OI44ON44K544OA44Kk44Ko44OD44OI44OI44Os44O844OL44Oz44Kw44OX44Ot44OG44Kk44Oz44K144OX44Oq44Oh44Oz44OI44OA44Oz44OZ44Or44K144OD44Kr44O844Oi44OB44OF44Kt77yITW9jaGl6dWtp77yJIOOCq+ODqeODk+ODiuOCq+ODg+ODlyDjgrDjg6rjg7zjg7MgMTA2MDIg44CQ44Kz44OD44OXIOODnuOCsOOCq+ODg+ODlyDjgqLjgqbjg4jjg4njgqIg44OI44Os44OD44Kt44Oz44KwIOeZu+WxseOAkQ==,44Oi44OB44OF44Kt77yITW9jaGl6dWtp77yJIOOCq+ODqeODk+ODiuOCq+ODg+ODlyDjgrDjg6rjg7zjg7MgMTA2MDIg44CQ44Kz44OD44OXIOODnuOCsOOCq+ODg+ODlyDjgqLjgqbjg4jjg4njgqIg44OI44Os44OD44Kt44Oz44KwIOeZu+WxseOAkQ==[rn]
34-75311,aHR0cDovL3RzaG9wLnIxMHMuanAvZXNwb3J0cy9jYWJpbmV0LzkxNDEtMi85MTQxMzEwNDkwMDA1LmpwZz9maXRpbj03MDA6NzAw,MTk4Ny4yMDAw,,44K544Od44O844OE44O744Ki44Km44OI44OJ44KiID4g44Ki44Km44OI44OJ44KiID4g44Kt44Oj44Oz44OX55So6aOf5ZmoID4g44Kr44OD44OX,44Oi44OB44OF44Kt77yITW9jaGl6dWtp77yJIOOCq+ODqeODk+ODiuOCq+ODg+ODlyDjgrfjg6vjg5Djg7wgMTA2MDQg44CQ44Kz44OD44OXIOODnuOCsOOCq+ODg+ODlyDjgqLjgqbjg4jjg4njgqIg44OI44Os44OD44Kt44Oz44KwIOeZu+WxseOAkQ==,,PCEtLWltZ190YWdzLS0+PHRhYmxlIGJvcmRlcj0iMCIgd2lkdGg9IjY1MCI+PFRSPjxURCBhbGlnbj0iY2VudGVyIj48QSBocmVmPSJodHRwOi8vd3d3LnJha3V0ZW4uY28uanAvZXNwb3J0cy9pbmZvMi5odG1sI2RlciI+PElNRyBzcmM9Imh0dHA6Ly93d3cucmFrdXRlbi5uZS5qcC9nb2xkL2VzcG9ydHMvc3VwcG9ydC9zaGlwcGluZzIuZ2lmIiBib3JkZXI9IjAiPjwvQT48QSBocmVmPSJodHRwOi8vd3d3LnJha3V0ZW4ubmUuanAvZ29sZC9lc3BvcnRzL3N1cHBvcnQvZGlzcGF0Y2guaHRtbCI+PElNRyBzcmM9Imh0dHA6Ly93d3cucmFrdXRlbi5uZS5qcC9nb2xkL2VzcG9ydHMvc3VwcG9ydC9kYXlzMS5naWYiIGJvcmRlcj0iMCI+PC9BPjxBIGhyZWY9Imh0dHA6Ly93d3cucmFrdXRlbi5uZS5qcC9nb2xkL2VzcG9ydHMvc3VwcG9ydC9kaXNwYXRjaC5odG1sIj48SU1HIHNyYz0iaHR0cDovL3d3dy5yYWt1dGVuLm5lLmpwL2dvbGQvZXNwb3J0cy9zdXBwb3J0L3BsYWNlMi5naWYiIGJvcmRlcj0iMCI+PC9BPjxBIGhyZWY9Imh0dHA6Ly93d3cucmFrdXRlbi5jby5qcC9lc3BvcnRzL2luZm8yLmh0bWwjYmFjayI+PElNRyBzcmM9Imh0dHA6Ly93d3cucmFrdXRlbi5uZS5qcC9nb2xkL2VzcG9ydHMvc3VwcG9ydC9yZXR1cm4xLmdpZiIgYm9yZGVyPSIwIj48L0E+PC90ZD48L3RyPjwvdGFibGU+PCEtLWltZ190YWdlLS0+PHN0cm9uZz48Zm9udCBjb2xvcj0iIzAwMDBDRCIgc2l6ZT0iNCI+44OP44Oz44OJ44Or44GM44Kr44Op44OT44OK44Gr44Gq44Gj44Gf44Om44OL44O844Kv44Gq44Kr44OD44OX44CCPGJyPjwvZm9udD48L3N0cm9uZz48YnI+44OQ44OD44Kv44OR44OD44Kv44Gr5aSW5LuY44GR44GX44Gm44GK44GR44Gw44CB5rC044KS44GV44Gj44Go5rGy44KT44Gn44K044Kv44K044Kv6aOy44KB44G+44GZ44CCPGJyPuOCueODhuODs+ODrOOCueOBruODgOODluODq+ani+mAoOOBp+OBmeOAgjxicj48YnI+PHA+PCEtLW1rX3RhZ3MtLT48UD48SU1HIHNyYz0iaHR0cDovL3d3dy5yYWt1dGVuLm5lLmpwL2dvbGQvZXNwb3J0cy9ibi9qeXVoYXR0eXV1NTIwLTYwLmpwZyIgd2lkdGg9IjUyMCIgaGVpZ2h0PSI2MCIgYm9yZGVyPSIwIj48L1A+PCEtLW1rX3RhZ2UtLT48YnI+4peP566h55CGY29kZe+8mjc5ODI5Nzc5PCEtLXNwZWNfdGFncy0tPjxwPjxzdHJvbmc+PGZvbnQgY29sb3I9IiMwMDAwQ0QiIHNpemU9IjMiPuOAkOWVhuWTgeOCueODmuODg+OCr+OAkTwvZm9udD48L3N0cm9uZz48YnI+4pePPHN0cm9uZz7jgrXjgqTjgro8L3N0cm9uZz4gOiA4LjLDl8+GN2NtPGJyPuKXjzxzdHJvbmc+5a656YePPC9zdHJvbmc+IDogMjQwbWw8YnI+4pePPHN0cm9uZz7ph43ph488L3N0cm9uZz4gOiAxNDZnPGJyPuKXjzxzdHJvbmc+5p2Q6LOqPC9zdHJvbmc+IDog44K544OG44Oz44Os44K544CB44Ki44Or44OfPGJyPjwhLS1zcGVjX3RhZ2UtLT48YnI+PGxpbmsgcmVsPSJzdHlsZXNoZWV0IiB0eXBlPSJ0ZXh0L2NzcyIgaHJlZj0iaHR0cDovL3d3dy5yYWt1dGVuLm5lLmpwL2dvbGQvZXNwb3J0cy9zaG9wcGluZ19wYXJ0cy5jc3MiPgoKPGRpdiBzdHlsZT0ibWFyZ2luLXRvcDotMjZweDsiPjwvZGl2PgoKPGltZyBzcmM9Imh0dHA6Ly93d3cucmFrdXRlbi5uZS5qcC9nb2xkL2VzcG9ydHMvYm4vcG9pbnQvcG9pbnRfYmJiLmpwZyIgYWx0PSIzMDAw5YaG5Lul5LiK44Gn44Od44Kk44Oz44OI77yT5YCNIiBib3JkZXI9IjAiIHdpZHRoPSI3NTBweCI+Cgo8IS0tIOOCu+ODvOODqyA8aW1nIHNyYz0iaHR0cDovL3d3dy5yYWt1dGVuLm5lLmpwL2dvbGQvZXNwb3J0cy9uZXd5ZWFyLXNhbGUvbmV3eWVhci1zYWxlLTc4MC5qcGciIGJvcmRlcj0iMCIgYWx0PSLjgrvjg7zjg6siIHdpZHRoPSI3NzBweCI+PGJyPjxicj4g44K744O844OrIC0tPgoKPCEtLSDjgrnjg7zjg5Hjg7zjgrvjg7zjg6sgPGRpdiBzdHlsZT0id2lkdGggOiA3NTBweDsiPgo8ZGl2IGFsaWduPSJjZW50ZXIiIHN0eWxlPSJtYXJnaW4tYm90dG9tIDogMHB4O2JvcmRlci13aWR0aCA6IDJweDtib3JkZXItc3R5bGUgOiBzb2xpZDtib3JkZXItY29sb3IgOiAjYmMxMTMxOyI+Cgo8L2Rpdj48L2Rpdj48ZGl2IGNsYXNzPSJtYXJnaW41Ij48L2Rpdj48YnI+IOOCueODvOODkeODvOOCu+ODvOODqy0tPgoKPCEtLSDjgrnjg7zjg5Hjg7zjgrvjg7zjg6syIO+8iOODkOODiuODvOOBruOBv++8iTxpbWcgc3JjPSJodHRwOi8vd3d3LnJha3V0ZW4ubmUuanAvZ29sZC9lc3BvcnRzL3Nwc2FsZS9zYWxlLWJuNzgwLmpwZyIgYm9yZGVyPSIwIiBhbHQ9IuOCu+ODvOODqyIgd2lkdGg9Ijc3MHB4Ij48YnI+PGJyPiDjgrnjg7zjg5Hjg7wgLS0+Cgo8ZGl2IGNsYXNzPSJjb250ZW50cyI+PCEtLSDlkYrnn6UgCjxkaXYgc3R5bGU9IndpZHRoOjczNnB4OyBwYWRkaW5nOjE1cHg7IG1hcmdpbjo1cHggMCAxNXB4OyBib3JkZXI6c29saWQgI0U2MkYyRiAycHg7Ij4KPHAgc3R5bGU9ImZvbnQtd2VpZ2h0OmJvbGQ7IGZvbnQtc2l6ZToxN3B4OyB0ZXh0LWFsaWduOmNlbnRlcjsiPuOAkCA8c3BhbiBzdHlsZT0iYm9yZGVyLWJvdHRvbToycHggZG90dGVkICM5OTk7IGZvbnQtc2l6ZToxNXB4OyI+NeaciDI25pelKOmHkSnjga7llrbmpa3jgavjgaTjgYTjgaY8L3NwYW4+IOOAkTwvcD4KPHAgc3R5bGU9ImZvbnQtc2l6ZToxM3B4OyBtYXJnaW4tdG9wOjE1cHg7Ij7oqqDjgavli53miYvjgarjgYzjgok15pyIMjbml6Uo6YeRKeOBr+OAgeekvuWGheeglOS/ruOBruOBn+OCgeOAgeWWtualreaZgumWk+OCkuWNiOWJjTEy77yaMDDjgb7jgafjgajjgZXjgZvjgabjgYTjgZ/jgaDjgY3jgb7jgZnjgILlsJrjgIHjgIzjgYLjgZnmpb3jgI3lr77lv5zlk4HjgavjgaTjgY3jgb7jgZfjgabjga/jgIHpgJrluLjpgJrjgooxMu+8mjAw44G+44Gn44Gu44GU5rOo5paH44KS5b2T5pel55m66YCB44GV44Gb44Gm44GE44Gf44Gg44GN44G+44GZ44CCPC9wPgo8cCBzdHlsZT0iZm9udC1zaXplOjEzcHg7IG1hcmdpbi10b3A6MTVweDsiPuOBiuWuouanmOOBq+OBr+OBlOS4jeS+v+OCkuOBiuaOm+OBkeiHtOOBl+OBvuOBmeOBjOOAgeOBlOeQhuino+OBrueoi+OAgeWunOOBl+OBj+OBiumhmOOBhOiHtOOBl+OBvuOBmeOAgjwvcD4KPC9kaXY+IC0tPgoKCjwhLS0gPGRpdiBzdHlsZT0id2lkdGg6NzM2cHg7IHBhZGRpbmc6MTVweDsgbWFyZ2luOjVweCAwIDE1cHg7IGJvcmRlcjpzb2xpZCAjRTYyRjJGIDJweDsiPgo8cCBzdHlsZT0iZm9udC13ZWlnaHQ6Ym9sZDsgZm9udC1zaXplOjE3cHg7IHRleHQtYWxpZ246Y2VudGVyOyBtYXJnaW46MDsiPuOAkCA8c3BhbiBzdHlsZT0iYm9yZGVyLWJvdHRvbToycHggZG90dGVkICM5OTk7IGZvbnQtc2l6ZToxNXB4OyI+5aSp5YCZ5LiN6Imv44Gu5b2x6Z+/44Gr44KI44KL6YWN6YCB6YGF5bu244Gr44Gk44GE44GmPC9zcGFuPiDjgJE8L3A+CjxwIHN0eWxlPSJmb250LXNpemU6MTNweDsgbWFyZ2luOjE1cHggMCAwOyI+5Y+w6aKo44O76LGq6Zuo562J44Gu5aSp5YCZ5LiN6Imv44Gr5Ly044GE44CB5LiA6YOo5Zyw5Z+f44Gn44GK6I2354mp44Gu44GK5bGK44GR44Gr6YGF44KM44GM55m655Sf44GZ44KL5oGQ44KM44GM44GU44GW44GE44G+44GZ44CCPC9wPgo8cCBzdHlsZT0iZm9udC1zaXplOjEzcHg7IG1hcmdpbjo3cHggMCAwOyI+44G+44Gf44CB5LuK5b6M44Gu5Y+w6aKo44Gu6YCy6Lev44Gr44KI44Gj44Gm44Gv44CB5bqD56+E5Zuy44Gu5Zyw5Z+f44Gn6YGF44KM44GM55Sf44GY44KL5Y+v6IO95oCn44GM44GC44KK44G+44GZ44CC5Zyw5Z+f44KE44K/44Kk44Of44Oz44Kw44Gr44KI44Gj44Gm44CB44GU5biM5pyb44Gu44GK5bGK44GR5pel5pmC44Gr6YWN6YGU44Gn44GN44Gq44GE5aC05ZCI44GM44GU44GW44GE44G+44GZ44CCPC9wPgo8cCBzdHlsZT0iZm9udC1zaXplOjEzcHg7IG1hcmdpbjo3cHggMCAwOyI+44GK5a6i5qeY44Gr44Gv5aSn5aSJ44GU6L+35oOR44KS44GK5o6b44GR6Ie044GX44G+44GZ44GM44CB44GU55CG6Kej44GE44Gf44Gg44GR44G+44GZ44KI44GG44GK6aGY44GE6Ie044GX44G+44GZ44CCPC9wPgo8L2Rpdj4gLS0+CgoKCjwhLS0g5LiA6YOo5Zyw5Z+f44Gn44Gu6YWN6YGU6YGF5bu244Gr44Gk44GN44G+44GX44GmIC0tPgoKCjwhLS0g44Kv44O844Od44OzIAo8aW1nIHNyYz0iaHR0cDovL3d3dy5yYWt1dGVuLm5lLmpwL2dvbGQvZXNwb3J0cy9ibi9jb3Vwb24vY291cG9uNzcwLmdpZiIgYWx0PSIyMDDlhoZPRkbjgq/jg7zjg53jg7MiPiAtLT4KCgoKPCEtLSA8aW1nIHNyYz0iaHR0cDovL3d3dy5yYWt1dGVuLm5lLmpwL2dvbGQvZXNwb3J0cy9ibi9hZGlkYXMvYWRpZGFzLWJuMzU3LmpwZyIgYWx0PSJhZGlkYXPjg53jgqTjg7Pjg4gxNeWAjSI+IC0tPgoKCjxicj4=,44Oi44OB44OF44Kt77yITW9jaGl6dWtp77yJIOOCq+ODqeODk+ODiuOCq+ODg+ODlyDjgrfjg6vjg5Djg7wgMTA2MDQg44CQ44Kz44OD44OXIOODnuOCsOOCq+ODg+ODlyDjgqLjgqbjg4jjg4njgqIg44OI44Os44OD44Kt44Oz44KwIOeZu+WxseOAke+8mu+9he+8s++8sO+8r++8su+8tO+8s+alveWkqeaUr+W6lw==,44Ki44Km44OI44OJ44Ki44Kt44Oj44Oz44OX44OQ44O844OZ44Kt44Ol44O844OG44Oz44OI44K/44O844OX44OG44O844OW44Or44OB44Kn44Ki44K344Ol44Op44OV44Op44Oz44K/44Oz44Kv44O844Op44O844Oc44OD44Kv44K544Kz44O844Or44Oe44Oz44OO44O844K544OV44Kn44Kk44K544K544Od44O844OE44OV44Kj44OD44OI44ON44K544OA44Kk44Ko44OD44OI44OI44Os44O844OL44Oz44Kw44OX44Ot44OG44Kk44Oz44K144OX44Oq44Oh44Oz44OI44OA44Oz44OZ44Or44K144OD44Kr44O844Oi44OB44OF44Kt77yITW9jaGl6dWtp77yJIOOCq+ODqeODk+ODiuOCq+ODg+ODlyDjgrfjg6vjg5Djg7wgMTA2MDQg44CQ44Kz44OD44OXIOODnuOCsOOCq+ODg+ODlyDjgqLjgqbjg4jjg4njgqIg44OI44Os44OD44Kt44Oz44KwIOeZu+WxseOAkQ==,44Oi44OB44OF44Kt77yITW9jaGl6dWtp77yJIOOCq+ODqeODk+ODiuOCq+ODg+ODlyDjgrfjg6vjg5Djg7wgMTA2MDQg44CQ44Kz44OD44OXIOODnuOCsOOCq+ODg+ODlyDjgqLjgqbjg4jjg4njgqIg44OI44Os44OD44Kt44Oz44KwIOeZu+WxseOAkQ==[rn]
34-75312,aHR0cDovL3RzaG9wLnIxMHMuanAvZXNwb3J0cy9jYWJpbmV0Lzk3MDMvOTcwMzEwNDAwMDExNi5qcGc/Zml0aW49NzAwOjcwMA==,ODIwLjgwMDA=,,44K544Od44O844OE44O744Ki44Km44OI44OJ44KiID4g44Ki44Km44OI44OJ44KiID4g44Kt44Oj44Oz44OX55So6aOf5ZmoID4g44Kr44OD44OX,44K544OO44O844OU44O844KvIHNub3dwZWFrIOOCt+OCp+ODqeOCq+ODg+ODlyBFLTEwM+OAkOOCt+OCp+ODqeOCq+ODg+ODl+OAkQ==,,PCEtLWltZ190YWdzLS0+PHRhYmxlIGJvcmRlcj0iMCIgd2lkdGg9IjY1MCI+PFRSPjxURCBhbGlnbj0iY2VudGVyIj48QSBocmVmPSJodHRwOi8vd3d3LnJha3V0ZW4uY28uanAvZXNwb3J0cy9pbmZvMi5odG1sI2RlciI+PElNRyBzcmM9Imh0dHA6Ly93d3cucmFrdXRlbi5uZS5qcC9nb2xkL2VzcG9ydHMvc3VwcG9ydC9zaGlwcGluZzIuZ2lmIiBib3JkZXI9IjAiPjwvQT48QSBocmVmPSJodHRwOi8vd3d3LnJha3V0ZW4ubmUuanAvZ29sZC9lc3BvcnRzL3N1cHBvcnQvZGlzcGF0Y2guaHRtbCI+PElNRyBzcmM9Imh0dHA6Ly93d3cucmFrdXRlbi5uZS5qcC9nb2xkL2VzcG9ydHMvc3VwcG9ydC9kYXlzMi5naWYiIGJvcmRlcj0iMCI+PC9BPjxBIGhyZWY9Imh0dHA6Ly93d3cucmFrdXRlbi5uZS5qcC9nb2xkL2VzcG9ydHMvc3VwcG9ydC9kaXNwYXRjaC5odG1sIj48SU1HIHNyYz0iaHR0cDovL3d3dy5yYWt1dGVuLm5lLmpwL2dvbGQvZXNwb3J0cy9zdXBwb3J0L3BsYWNlMy5naWYiIGJvcmRlcj0iMCI+PC9BPjwvdGQ+PC90cj48L3RhYmxlPjwhLS1pbWdfdGFnZS0tPuOCouOCpuODiOODieOCoueUqOOCq+ODg+ODl+OBruWumueVquOAgeOCt+OCp+ODqeOCq+ODg+ODlzxicj48YnI+4peL44K544OO44O844OU44O844Kv44Gu44K344Kn44Op44Kr44OD44OX44Gv5YaF5YG044Gr44Oh44Oi44Oq44GM552A44GE44Gm44GE44KL44Gu44Gn44CB6Kq/55CG5pmC44Gr6Lu96YeP44Kr44OD44OX44Go44GX44Gm44KC5L2/55So44Gn44GN44G+44GZ44CCPEJSPuKXi+ODj+ODs+ODieODq+OBr+OAgeaMgeOBoeOChOOBmeOBleOCkui/veaxguOBl+OBpueUn+OBvuOCjOOBn+OCueODjuODvOODlOODvOOCr+ODh+OCtuOCpOODs+OBp+OBmeOAgjxicj48YnI+PGltZyBzcmM9Imh0dHA6Ly9pbWFnZS5yYWt1dGVuLmNvLmpwL2VzcG9ydHMvY2FiaW5ldC9ibi9maXJlZ3JpbGw1MDAuZ2lmIiBhbHQ9IuODleOCoeOCpOOCouOCsOODquODq++8geOBiuW+l+OBquOCreODo+ODquODvOODkOODg+OCsOOCu+ODg+ODiO+8gSIgYm9yZGVyPSIwIj48IS0tbWtfdGFncy0tPjxQPjxJTUcgc3JjPSJodHRwOi8vd3d3LnJha3V0ZW4ubmUuanAvZ29sZC9lc3BvcnRzL2JuL2p5dWhhdHR5dXU1MjAtNjAuanBnIiB3aWR0aD0iNTIwIiBoZWlnaHQ9IjYwIiBib3JkZXI9IjAiPjwvUD48IS0tbWtfdGFnZS0tPjxwPjx0YWJsZSBib3JkZXI9MSB3aWR0aD01NDAgYm9yZGVyY29sb3I9I0VPRUVFRT48dHI+PHRkIGFsaWduPWNlbnRlciB2YWxpZ249bWlkZGxlIHdpZHRoPTQwJSBoZWlnaHQ9MjUgYmdjb2xvcj0jRk9GRkZGPjxzdHJvbmc+PGZvbnQgY29sb3I9IzNBNUZDRD7jgrXjgqTjgro8L2ZvbnQ+PC9zdHJvbmc+PC90ZD48dGQgd2lkdGg9NjAlPuOAgOebtOW+hDEyMsOXNDVtbTwvdGQ+PC90cj48dHI+PHRkIGFsaWduPWNlbnRlciB2YWxpZ249bWlkZGxlIHdpZHRoPTQwJSBoZWlnaHQ9MjUgYmdjb2xvcj0jRk9GRkZGPjxzdHJvbmc+PGZvbnQgY29sb3I9IzNBNUZDRD7lrrnph488L2ZvbnQ+PC9zdHJvbmc+PC90ZD48dGQgd2lkdGg9NjAlPuOAgDMxMG1sPC90ZD48L3RyPjx0cj48dGQgYWxpZ249Y2VudGVyIHZhbGlnbj1taWRkbGUgd2lkdGg9NDAlIGhlaWdodD0yNSBiZ2NvbG9yPSNGT0ZGRkY+PHN0cm9uZz48Zm9udCBjb2xvcj0jM0E1RkNEPumHjemHjzwvZm9udD48L3N0cm9uZz48L3RkPjx0ZCB3aWR0aD02MCU+44CAMTA4LjVnPC90ZD48L3RyPjx0cj48dGQgYWxpZ249Y2VudGVyIHZhbGlnbj1taWRkbGUgd2lkdGg9NDAlIGhlaWdodD0yNSBiZ2NvbG9yPSNGT0ZGRkY+PHN0cm9uZz48Zm9udCBjb2xvcj0jM0E1RkNEPuadkOizqjwvZm9udD48L3N0cm9uZz48L3RkPjx0ZCB3aWR0aD02MCU+44CAU1VTMzA0PC90ZD48L3RyPjwvdGFibGU+PGJyPjxsaW5rIHJlbD0ic3R5bGVzaGVldCIgdHlwZT0idGV4dC9jc3MiIGhyZWY9Imh0dHA6Ly93d3cucmFrdXRlbi5uZS5qcC9nb2xkL2VzcG9ydHMvc2hvcHBpbmdfcGFydHMuY3NzIj4KCjxkaXYgc3R5bGU9Im1hcmdpbi10b3A6LTI2cHg7Ij48L2Rpdj4KCjxpbWcgc3JjPSJodHRwOi8vd3d3LnJha3V0ZW4ubmUuanAvZ29sZC9lc3BvcnRzL2JuL3BvaW50L3BvaW50X2JiYi5qcGciIGFsdD0iMzAwMOWGhuS7peS4iuOBp+ODneOCpOODs+ODiO+8k+WAjSIgYm9yZGVyPSIwIiB3aWR0aD0iNzUwcHgiPgoKPCEtLSDjgrvjg7zjg6sgPGltZyBzcmM9Imh0dHA6Ly93d3cucmFrdXRlbi5uZS5qcC9nb2xkL2VzcG9ydHMvbmV3eWVhci1zYWxlL25ld3llYXItc2FsZS03ODAuanBnIiBib3JkZXI9IjAiIGFsdD0i44K744O844OrIiB3aWR0aD0iNzcwcHgiPjxicj48YnI+IOOCu+ODvOODqyAtLT4KCjwhLS0g44K544O844OR44O844K744O844OrIDxkaXYgc3R5bGU9IndpZHRoIDogNzUwcHg7Ij4KPGRpdiBhbGlnbj0iY2VudGVyIiBzdHlsZT0ibWFyZ2luLWJvdHRvbSA6IDBweDtib3JkZXItd2lkdGggOiAycHg7Ym9yZGVyLXN0eWxlIDogc29saWQ7Ym9yZGVyLWNvbG9yIDogI2JjMTEzMTsiPgoKPC9kaXY+PC9kaXY+PGRpdiBjbGFzcz0ibWFyZ2luNSI+PC9kaXY+PGJyPiDjgrnjg7zjg5Hjg7zjgrvjg7zjg6stLT4KCjwhLS0g44K544O844OR44O844K744O844OrMiDvvIjjg5Djg4rjg7zjga7jgb/vvIk8aW1nIHNyYz0iaHR0cDovL3d3dy5yYWt1dGVuLm5lLmpwL2dvbGQvZXNwb3J0cy9zcHNhbGUvc2FsZS1ibjc4MC5qcGciIGJvcmRlcj0iMCIgYWx0PSLjgrvjg7zjg6siIHdpZHRoPSI3NzBweCI+PGJyPjxicj4g44K544O844OR44O8IC0tPgoKPGRpdiBjbGFzcz0iY29udGVudHMiPjwhLS0g5ZGK55+lIAo8ZGl2IHN0eWxlPSJ3aWR0aDo3MzZweDsgcGFkZGluZzoxNXB4OyBtYXJnaW46NXB4IDAgMTVweDsgYm9yZGVyOnNvbGlkICNFNjJGMkYgMnB4OyI+CjxwIHN0eWxlPSJmb250LXdlaWdodDpib2xkOyBmb250LXNpemU6MTdweDsgdGV4dC1hbGlnbjpjZW50ZXI7Ij7jgJAgPHNwYW4gc3R5bGU9ImJvcmRlci1ib3R0b206MnB4IGRvdHRlZCAjOTk5OyBmb250LXNpemU6MTVweDsiPjXmnIgyNuaXpSjph5Ep44Gu5Za25qWt44Gr44Gk44GE44GmPC9zcGFuPiDjgJE8L3A+CjxwIHN0eWxlPSJmb250LXNpemU6MTNweDsgbWFyZ2luLXRvcDoxNXB4OyI+6Kqg44Gr5Yud5omL44Gq44GM44KJNeaciDI25pelKOmHkSnjga/jgIHnpL7lhoXnoJTkv67jga7jgZ/jgoHjgIHllrbmpa3mmYLplpPjgpLljYjliY0xMu+8mjAw44G+44Gn44Go44GV44Gb44Gm44GE44Gf44Gg44GN44G+44GZ44CC5bCa44CB44CM44GC44GZ5qW944CN5a++5b+c5ZOB44Gr44Gk44GN44G+44GX44Gm44Gv44CB6YCa5bi46YCa44KKMTLvvJowMOOBvuOBp+OBruOBlOazqOaWh+OCkuW9k+aXpeeZuumAgeOBleOBm+OBpuOBhOOBn+OBoOOBjeOBvuOBmeOAgjwvcD4KPHAgc3R5bGU9ImZvbnQtc2l6ZToxM3B4OyBtYXJnaW4tdG9wOjE1cHg7Ij7jgYrlrqLmp5jjgavjga/jgZTkuI3kvr/jgpLjgYrmjpvjgZHoh7TjgZfjgb7jgZnjgYzjgIHjgZTnkIbop6Pjga7nqIvjgIHlrpzjgZfjgY/jgYrpoZjjgYToh7TjgZfjgb7jgZnjgII8L3A+CjwvZGl2PiAtLT4KCgo8IS0tIDxkaXYgc3R5bGU9IndpZHRoOjczNnB4OyBwYWRkaW5nOjE1cHg7IG1hcmdpbjo1cHggMCAxNXB4OyBib3JkZXI6c29saWQgI0U2MkYyRiAycHg7Ij4KPHAgc3R5bGU9ImZvbnQtd2VpZ2h0OmJvbGQ7IGZvbnQtc2l6ZToxN3B4OyB0ZXh0LWFsaWduOmNlbnRlcjsgbWFyZ2luOjA7Ij7jgJAgPHNwYW4gc3R5bGU9ImJvcmRlci1ib3R0b206MnB4IGRvdHRlZCAjOTk5OyBmb250LXNpemU6MTVweDsiPuWkqeWAmeS4jeiJr+OBruW9semfv+OBq+OCiOOCi+mFjemAgemBheW7tuOBq+OBpOOBhOOBpjwvc3Bhbj4g44CRPC9wPgo8cCBzdHlsZT0iZm9udC1zaXplOjEzcHg7IG1hcmdpbjoxNXB4IDAgMDsiPuWPsOmiqOODu+ixqumbqOetieOBruWkqeWAmeS4jeiJr+OBq+S8tOOBhOOAgeS4gOmDqOWcsOWfn+OBp+OBiuiNt+eJqeOBruOBiuWxiuOBkeOBq+mBheOCjOOBjOeZuueUn+OBmeOCi+aBkOOCjOOBjOOBlOOBluOBhOOBvuOBmeOAgjwvcD4KPHAgc3R5bGU9ImZvbnQtc2l6ZToxM3B4OyBtYXJnaW46N3B4IDAgMDsiPuOBvuOBn+OAgeS7iuW+jOOBruWPsOmiqOOBrumAsui3r+OBq+OCiOOBo+OBpuOBr+OAgeW6g+evhOWbsuOBruWcsOWfn+OBp+mBheOCjOOBjOeUn+OBmOOCi+WPr+iDveaAp+OBjOOBguOCiuOBvuOBmeOAguWcsOWfn+OChOOCv+OCpOODn+ODs+OCsOOBq+OCiOOBo+OBpuOAgeOBlOW4jOacm+OBruOBiuWxiuOBkeaXpeaZguOBq+mFjemBlOOBp+OBjeOBquOBhOWgtOWQiOOBjOOBlOOBluOBhOOBvuOBmeOAgjwvcD4KPHAgc3R5bGU9ImZvbnQtc2l6ZToxM3B4OyBtYXJnaW46N3B4IDAgMDsiPuOBiuWuouanmOOBq+OBr+Wkp+WkieOBlOi/t+aDkeOCkuOBiuaOm+OBkeiHtOOBl+OBvuOBmeOBjOOAgeOBlOeQhuino+OBhOOBn+OBoOOBkeOBvuOBmeOCiOOBhuOBiumhmOOBhOiHtOOBl+OBvuOBmeOAgjwvcD4KPC9kaXY+IC0tPgoKCgo8IS0tIOS4gOmDqOWcsOWfn+OBp+OBrumFjemBlOmBheW7tuOBq+OBpOOBjeOBvuOBl+OBpiAtLT4KCgo8IS0tIOOCr+ODvOODneODsyAKPGltZyBzcmM9Imh0dHA6Ly93d3cucmFrdXRlbi5uZS5qcC9nb2xkL2VzcG9ydHMvYm4vY291cG9uL2NvdXBvbjc3MC5naWYiIGFsdD0iMjAw5YaGT0ZG44Kv44O844Od44OzIj4gLS0+CgoKCjwhLS0gPGltZyBzcmM9Imh0dHA6Ly93d3cucmFrdXRlbi5uZS5qcC9nb2xkL2VzcG9ydHMvYm4vYWRpZGFzL2FkaWRhcy1ibjM1Ny5qcGciIGFsdD0iYWRpZGFz44Od44Kk44Oz44OIMTXlgI0iPiAtLT4KCgo8YnI+,44K544OO44O844OU44O844KvIHNub3dwZWFrIOOCt+OCp+ODqeOCq+ODg+ODlyBFLTEwM+OAkOOCt+OCp+ODqeOCq+ODg+ODl+OAke+8mu+9he+8s++8sO+8r++8su+8tO+8s+alveWkqeaUr+W6lw==,44Ki44Km44OI44OJ44Ki44Kt44Oj44Oz44OX44OQ44O844OZ44Kt44Ol44O844OG44Oz44OI44K/44O844OX44OG44O844OW44Or44OB44Kn44Ki44K344Ol44Op44OV44Op44Oz44K/44Oz44Kv44O844Op44O844Oc44OD44Kv44K544Kz44O844Or44Oe44Oz44OO44O844K544OV44Kn44Kk44K544K544Od44O844OE44OV44Kj44OD44OI44ON44K544OA44Kk44Ko44OD44OI44OI44Os44O844OL44Oz44Kw44OX44Ot44OG44Kk44Oz44K144OX44Oq44Oh44Oz44OI44OA44Oz44OZ44Or44K144OD44Kr44O844K544OO44O844OU44O844KvIHNub3dwZWFrIOOCt+OCp+ODqeOCq+ODg+ODlyBFLTEwM+OAkOOCt+OCp+ODqeOCq+ODg+ODl+OAkQ==,44K544OO44O844OU44O844KvIHNub3dwZWFrIOOCt+OCp+ODqeOCq+ODg+ODlyBFLTEwM+OAkOOCt+OCp+ODqeOCq+ODg+ODl+OAkQ==[rn]
34-75313,aHR0cDovL3RzaG9wLnIxMHMuanAvZXNwb3J0cy9jYWJpbmV0LzkyMzcvOTIzNzMxMDQ5MDMyNS5qcGc/Zml0aW49NzAwOjcwMA==,MTY0MS42MDAw,,44K544Od44O844OE44O744Ki44Km44OI44OJ44KiID4g44Ki44Km44OI44OJ44KiID4g44Kt44Oj44Oz44OX55So6aOf5ZmoID4g44Kr44OD44OX,44OB44OM44O844Kv77yIQ0hJTk9PS++8iSDjg4bjgqPjg7Pjg5Djg7zjg6njgqTjg7Pjg57jgrB3aXRo44OV44Kp44O844Or44OH44Kj44Oz44Kw44OP44Oz44OJ44OrIDIyMG1sIDQyMTIwIOOAkOOCs+ODg+ODlyDjgqvjg4Pjg5cg44Kt44Oj44Oz44OXIOOCouOCpuODiOODieOCouOAkQ==,,PCEtLWltZ190YWdzLS0+PHRhYmxlIGJvcmRlcj0iMCIgd2lkdGg9IjY1MCI+PFRSPjxURCBhbGlnbj0iY2VudGVyIj48QSBocmVmPSJodHRwOi8vd3d3LnJha3V0ZW4uY28uanAvZXNwb3J0cy9pbmZvMi5odG1sI2RlciI+PElNRyBzcmM9Imh0dHA6Ly93d3cucmFrdXRlbi5uZS5qcC9nb2xkL2VzcG9ydHMvc3VwcG9ydC9zaGlwcGluZzIuZ2lmIiBib3JkZXI9IjAiPjwvQT48QSBocmVmPSJodHRwOi8vd3d3LnJha3V0ZW4ubmUuanAvZ29sZC9lc3BvcnRzL3N1cHBvcnQvZGlzcGF0Y2guaHRtbCI+PElNRyBzcmM9Imh0dHA6Ly93d3cucmFrdXRlbi5uZS5qcC9nb2xkL2VzcG9ydHMvc3VwcG9ydC9kYXlzMi5naWYiIGJvcmRlcj0iMCI+PC9BPjxBIGhyZWY9Imh0dHA6Ly93d3cucmFrdXRlbi5uZS5qcC9nb2xkL2VzcG9ydHMvc3VwcG9ydC9kaXNwYXRjaC5odG1sIj48SU1HIHNyYz0iaHR0cDovL3d3dy5yYWt1dGVuLm5lLmpwL2dvbGQvZXNwb3J0cy9zdXBwb3J0L3BsYWNlMy5naWYiIGJvcmRlcj0iMCI+PC9BPjxBIGhyZWY9Imh0dHA6Ly93d3cucmFrdXRlbi5jby5qcC9lc3BvcnRzL2luZm8yLmh0bWwjYmFjayI+PElNRyBzcmM9Imh0dHA6Ly93d3cucmFrdXRlbi5uZS5qcC9nb2xkL2VzcG9ydHMvc3VwcG9ydC9yZXR1cm4xLmdpZiIgYm9yZGVyPSIwIj48L0E+PC90ZD48L3RyPjwvdGFibGU+PCEtLWltZ190YWdlLS0+PHN0cm9uZz48Zm9udCBjb2xvcj0iIzAwMDBDRCIgc2l6ZT0iNCI+PC9mb250Pjwvc3Ryb25nPjxicj7kuozph43mp4vpgKDjgavjgojjgorpq5jjgYTkv53muKnlirnmnpzjgpLlrp/nj77jgII8YnI+44OP44Oz44OJ44Or44GM5oqY44KK55Wz44G/5byP44Gq44Gu44Gn44Kz44Oz44OR44Kv44OI44Gq5Y+O57SN44GM5Y+v6IO944CCPGJyPjxicj48cD48IS0tbWtfdGFncy0tPjxQPjxJTUcgc3JjPSJodHRwOi8vd3d3LnJha3V0ZW4ubmUuanAvZ29sZC9lc3BvcnRzL2JuL2p5dWhhdHR5dXU1MjAtNjAuanBnIiB3aWR0aD0iNTIwIiBoZWlnaHQ9IjYwIiBib3JkZXI9IjAiPjwvUD48IS0tbWtfdGFnZS0tPjxicj7il4/nrqHnkIZjb2Rl77yaNzk4NDg3ODQ8IS0tc3BlY190YWdzLS0+PHA+PHN0cm9uZz48Zm9udCBjb2xvcj0iIzAwMDBDRCIgc2l6ZT0iMyI+44CQ5ZWG5ZOB44K544Oa44OD44Kv44CRPC9mb250Pjwvc3Ryb25nPjxicj7il488c3Ryb25nPuadkOizqjwvc3Ryb25nPiA6IDE4LTjjgrnjg4bjg7Pjg6zjgrk8YnI+PCEtLXNwZWNfdGFnZS0tPjxicj48bGluayByZWw9InN0eWxlc2hlZXQiIHR5cGU9InRleHQvY3NzIiBocmVmPSJodHRwOi8vd3d3LnJha3V0ZW4ubmUuanAvZ29sZC9lc3BvcnRzL3Nob3BwaW5nX3BhcnRzLmNzcyI+Cgo8ZGl2IHN0eWxlPSJtYXJnaW4tdG9wOi0yNnB4OyI+PC9kaXY+Cgo8aW1nIHNyYz0iaHR0cDovL3d3dy5yYWt1dGVuLm5lLmpwL2dvbGQvZXNwb3J0cy9ibi9wb2ludC9wb2ludF9iYmIuanBnIiBhbHQ9IjMwMDDlhobku6XkuIrjgafjg53jgqTjg7Pjg4jvvJPlgI0iIGJvcmRlcj0iMCIgd2lkdGg9Ijc1MHB4Ij4KCjwhLS0g44K744O844OrIDxpbWcgc3JjPSJodHRwOi8vd3d3LnJha3V0ZW4ubmUuanAvZ29sZC9lc3BvcnRzL25ld3llYXItc2FsZS9uZXd5ZWFyLXNhbGUtNzgwLmpwZyIgYm9yZGVyPSIwIiBhbHQ9IuOCu+ODvOODqyIgd2lkdGg9Ijc3MHB4Ij48YnI+PGJyPiDjgrvjg7zjg6sgLS0+Cgo8IS0tIOOCueODvOODkeODvOOCu+ODvOODqyA8ZGl2IHN0eWxlPSJ3aWR0aCA6IDc1MHB4OyI+CjxkaXYgYWxpZ249ImNlbnRlciIgc3R5bGU9Im1hcmdpbi1ib3R0b20gOiAwcHg7Ym9yZGVyLXdpZHRoIDogMnB4O2JvcmRlci1zdHlsZSA6IHNvbGlkO2JvcmRlci1jb2xvciA6ICNiYzExMzE7Ij4KCjwvZGl2PjwvZGl2PjxkaXYgY2xhc3M9Im1hcmdpbjUiPjwvZGl2Pjxicj4g44K544O844OR44O844K744O844OrLS0+Cgo8IS0tIOOCueODvOODkeODvOOCu+ODvOODqzIg77yI44OQ44OK44O844Gu44G/77yJPGltZyBzcmM9Imh0dHA6Ly93d3cucmFrdXRlbi5uZS5qcC9nb2xkL2VzcG9ydHMvc3BzYWxlL3NhbGUtYm43ODAuanBnIiBib3JkZXI9IjAiIGFsdD0i44K744O844OrIiB3aWR0aD0iNzcwcHgiPjxicj48YnI+IOOCueODvOODkeODvCAtLT4KCjxkaXYgY2xhc3M9ImNvbnRlbnRzIj48IS0tIOWRiuefpSAKPGRpdiBzdHlsZT0id2lkdGg6NzM2cHg7IHBhZGRpbmc6MTVweDsgbWFyZ2luOjVweCAwIDE1cHg7IGJvcmRlcjpzb2xpZCAjRTYyRjJGIDJweDsiPgo8cCBzdHlsZT0iZm9udC13ZWlnaHQ6Ym9sZDsgZm9udC1zaXplOjE3cHg7IHRleHQtYWxpZ246Y2VudGVyOyI+44CQIDxzcGFuIHN0eWxlPSJib3JkZXItYm90dG9tOjJweCBkb3R0ZWQgIzk5OTsgZm9udC1zaXplOjE1cHg7Ij415pyIMjbml6Uo6YeRKeOBruWWtualreOBq+OBpOOBhOOBpjwvc3Bhbj4g44CRPC9wPgo8cCBzdHlsZT0iZm9udC1zaXplOjEzcHg7IG1hcmdpbi10b3A6MTVweDsiPuiqoOOBq+WLneaJi+OBquOBjOOCiTXmnIgyNuaXpSjph5Ep44Gv44CB56S+5YaF56CU5L+u44Gu44Gf44KB44CB5Za25qWt5pmC6ZaT44KS5Y2I5YmNMTLvvJowMOOBvuOBp+OBqOOBleOBm+OBpuOBhOOBn+OBoOOBjeOBvuOBmeOAguWwmuOAgeOAjOOBguOBmealveOAjeWvvuW/nOWTgeOBq+OBpOOBjeOBvuOBl+OBpuOBr+OAgemAmuW4uOmAmuOCijEy77yaMDDjgb7jgafjga7jgZTms6jmlofjgpLlvZPml6XnmbrpgIHjgZXjgZvjgabjgYTjgZ/jgaDjgY3jgb7jgZnjgII8L3A+CjxwIHN0eWxlPSJmb250LXNpemU6MTNweDsgbWFyZ2luLXRvcDoxNXB4OyI+44GK5a6i5qeY44Gr44Gv44GU5LiN5L6/44KS44GK5o6b44GR6Ie044GX44G+44GZ44GM44CB44GU55CG6Kej44Gu56iL44CB5a6c44GX44GP44GK6aGY44GE6Ie044GX44G+44GZ44CCPC9wPgo8L2Rpdj4gLS0+CgoKPCEtLSA8ZGl2IHN0eWxlPSJ3aWR0aDo3MzZweDsgcGFkZGluZzoxNXB4OyBtYXJnaW46NXB4IDAgMTVweDsgYm9yZGVyOnNvbGlkICNFNjJGMkYgMnB4OyI+CjxwIHN0eWxlPSJmb250LXdlaWdodDpib2xkOyBmb250LXNpemU6MTdweDsgdGV4dC1hbGlnbjpjZW50ZXI7IG1hcmdpbjowOyI+44CQIDxzcGFuIHN0eWxlPSJib3JkZXItYm90dG9tOjJweCBkb3R0ZWQgIzk5OTsgZm9udC1zaXplOjE1cHg7Ij7lpKnlgJnkuI3oia/jga7lvbHpn7/jgavjgojjgovphY3pgIHpgYXlu7bjgavjgaTjgYTjgaY8L3NwYW4+IOOAkTwvcD4KPHAgc3R5bGU9ImZvbnQtc2l6ZToxM3B4OyBtYXJnaW46MTVweCAwIDA7Ij7lj7Dpoqjjg7vosarpm6jnrYnjga7lpKnlgJnkuI3oia/jgavkvLTjgYTjgIHkuIDpg6jlnLDln5/jgafjgYrojbfnianjga7jgYrlsYrjgZHjgavpgYXjgozjgYznmbrnlJ/jgZnjgovmgZDjgozjgYzjgZTjgZbjgYTjgb7jgZnjgII8L3A+CjxwIHN0eWxlPSJmb250LXNpemU6MTNweDsgbWFyZ2luOjdweCAwIDA7Ij7jgb7jgZ/jgIHku4rlvozjga7lj7Dpoqjjga7pgLLot6/jgavjgojjgaPjgabjga/jgIHluoPnr4Tlm7Ljga7lnLDln5/jgafpgYXjgozjgYznlJ/jgZjjgovlj6/og73mgKfjgYzjgYLjgorjgb7jgZnjgILlnLDln5/jgoTjgr/jgqTjg5/jg7PjgrDjgavjgojjgaPjgabjgIHjgZTluIzmnJvjga7jgYrlsYrjgZHml6XmmYLjgavphY3pgZTjgafjgY3jgarjgYTloLTlkIjjgYzjgZTjgZbjgYTjgb7jgZnjgII8L3A+CjxwIHN0eWxlPSJmb250LXNpemU6MTNweDsgbWFyZ2luOjdweCAwIDA7Ij7jgYrlrqLmp5jjgavjga/lpKflpInjgZTov7fmg5HjgpLjgYrmjpvjgZHoh7TjgZfjgb7jgZnjgYzjgIHjgZTnkIbop6PjgYTjgZ/jgaDjgZHjgb7jgZnjgojjgYbjgYrpoZjjgYToh7TjgZfjgb7jgZnjgII8L3A+CjwvZGl2PiAtLT4KCgoKPCEtLSDkuIDpg6jlnLDln5/jgafjga7phY3pgZTpgYXlu7bjgavjgaTjgY3jgb7jgZfjgaYgLS0+CgoKPCEtLSDjgq/jg7zjg53jg7MgCjxpbWcgc3JjPSJodHRwOi8vd3d3LnJha3V0ZW4ubmUuanAvZ29sZC9lc3BvcnRzL2JuL2NvdXBvbi9jb3Vwb243NzAuZ2lmIiBhbHQ9IjIwMOWGhk9GRuOCr+ODvOODneODsyI+IC0tPgoKCgo8IS0tIDxpbWcgc3JjPSJodHRwOi8vd3d3LnJha3V0ZW4ubmUuanAvZ29sZC9lc3BvcnRzL2JuL2FkaWRhcy9hZGlkYXMtYm4zNTcuanBnIiBhbHQ9ImFkaWRhc+ODneOCpOODs+ODiDE15YCNIj4gLS0+CgoKPGJyPg==,44OB44OM44O844Kv77yIQ0hJTk9PS++8iSDjg4bjgqPjg7Pjg5Djg7zjg6njgqTjg7Pjg57jgrB3aXRo44OV44Kp44O844Or44OH44Kj44Oz44Kw44OP44Oz44OJ44OrIDIyMG1sIDQyMTIwIOOAkOOCs+ODg+ODlyDjgqvjg4Pjg5cg44Kt44Oj44Oz44OXIOOCouOCpuODiOODieOCouOAke+8mu+9he+8s++8sO+8r++8su+8tO+8s+alveWkqeaUr+W6lw==,44Ki44Km44OI44OJ44Ki44Kt44Oj44Oz44OX44OQ44O844OZ44Kt44Ol44O844OG44Oz44OI44K/44O844OX44OG44O844OW44Or44OB44Kn44Ki44K344Ol44Op44OV44Op44Oz44K/44Oz44Kv44O844Op44O844Oc44OD44Kv44K544Kz44O844Or44Oe44Oz44OO44O844K544OV44Kn44Kk44K544K544Od44O844OE44OV44Kj44OD44OI44ON44K544OA44Kk44Ko44OD44OI44OI44Os44O844OL44Oz44Kw44OX44Ot44OG44Kk44Oz44K144OX44Oq44Oh44Oz44OI44OA44Oz44OZ44Or44K144OD44Kr44O844OB44OM44O844Kv77yIQ0hJTk9PS++8iSDjg4bjgqPjg7Pjg5Djg7zjg6njgqTjg7Pjg57jgrB3aXRo44OV44Kp44O844Or44OH44Kj44Oz44Kw44OP44Oz44OJ44OrIDIyMG1sIDQyMTIwIOOAkOOCs+ODg+ODlyDjgqvjg4Pjg5cg44Kt44Oj44Oz44OXIOOCouOCpuODiOODieOCouOAkQ==,44OB44OM44O844Kv77yIQ0hJTk9PS++8iSDjg4bjgqPjg7Pjg5Djg7zjg6njgqTjg7Pjg57jgrB3aXRo44OV44Kp44O844Or44OH44Kj44Oz44Kw44OP44Oz44OJ44OrIDIyMG1sIDQyMTIwIOOAkOOCs+ODg+ODlyDjgqvjg4Pjg5cg44Kt44Oj44Oz44OXIOOCouOCpuODiOODieOCouOAkQ==[rn]
34-75314,aHR0cDovL3RzaG9wLnIxMHMuanAvZXNwb3J0cy9jYWJpbmV0Lzk0MzAtMy85NDMwMzEwNDkwMzc1LmpwZz9maXRpbj03MDA6NzAw,MTI4MzAuNDAwMA==,,44K544Od44O844OE44O744Ki44Km44OI44OJ44KiID4g44Ki44Km44OI44OJ44KiID4g44OQ44O844G544Kt44Ol44O844O744Kv44OD44Kt44Oz44Kw55So5ZOBID4g44OA44OD44OB44Kq44O844OW44Oz,44CQ6YCB5paZ54Sh5paZ44CR44Ot44OD44K477yITE9ER0XvvIkgTERH44Ko44OK44Oh44Or44OA44OD44OB44Kq44O844O044OzM3F044Kw44Oq44O844OzRUMzRDUzIDE5MjQwMTY0MDA4MDAzIOOAkOOCouOCpuODiOODieOCoiDjgq3jg6Pjg7Pjg5cg44OA44OD44OB44Kq44O844OW44OzIOaWmeeQhiDpjYvjgJE=,4piF6YCB5paZ54Sh5paZ4piF,PCEtLWltZ190YWdzLS0+PHRhYmxlIGJvcmRlcj0iMCIgd2lkdGg9IjY1MCI+PFRSPjxURCBhbGlnbj0iY2VudGVyIj48QSBocmVmPSJodHRwOi8vd3d3LnJha3V0ZW4uY28uanAvZXNwb3J0cy9pbmZvMi5odG1sI2RlciI+PElNRyBzcmM9Imh0dHA6Ly93d3cucmFrdXRlbi5uZS5qcC9nb2xkL2VzcG9ydHMvc3VwcG9ydC9zaGlwcGluZzIuZ2lmIiBib3JkZXI9IjAiPjwvQT48QSBocmVmPSJodHRwOi8vd3d3LnJha3V0ZW4ubmUuanAvZ29sZC9lc3BvcnRzL3N1cHBvcnQvZGlzcGF0Y2guaHRtbCI+PElNRyBzcmM9Imh0dHA6Ly93d3cucmFrdXRlbi5uZS5qcC9nb2xkL2VzcG9ydHMvc3VwcG9ydC9kYXlzMy5naWYiIGJvcmRlcj0iMCI+PC9BPjxBIGhyZWY9Imh0dHA6Ly93d3cucmFrdXRlbi5uZS5qcC9nb2xkL2VzcG9ydHMvc3VwcG9ydC9kaXNwYXRjaC5odG1sIj48SU1HIHNyYz0iaHR0cDovL3d3dy5yYWt1dGVuLm5lLmpwL2dvbGQvZXNwb3J0cy9zdXBwb3J0L3BsYWNlMy5naWYiIGJvcmRlcj0iMCI+PC9BPjxBIGhyZWY9Imh0dHA6Ly93d3cucmFrdXRlbi5jby5qcC9lc3BvcnRzL2luZm8yLmh0bWwjYmFjayI+PElNRyBzcmM9Imh0dHA6Ly93d3cucmFrdXRlbi5uZS5qcC9nb2xkL2VzcG9ydHMvc3VwcG9ydC9yZXR1cm4xLmdpZiIgYm9yZGVyPSIwIj48L0E+PC90ZD48L3RyPjwvdGFibGU+PCEtLWltZ190YWdlLS0+PHN0cm9uZz48Zm9udCBjb2xvcj0iIzAwMDBDRCIgc2l6ZT0iNCI+6Yuz6YmE6KO944Gu6Y2L44Gr44Ko44OK44Oh44Or44Kz44O844OG44Kj44Oz44Kw44Gu44Kr44Op44OV44Or44Gq6Y2L44CCPGJyPjwvZm9udD48L3N0cm9uZz48YnI+5pys5p2l44Gu6YeN5Y6a44Gq6Yuz6YmE6KO944Gu6Y2L44Gr44CB44Ko44OK44Oh44Or44Kz44O844OG44Kj44Oz44Kw44KS5pa944GX44Gf44K344Oq44O844K644CCPGJyPjLlsaTjgavjgqzjg6njgrnjgrPjg7zjg4bjgqPjg7PjgrDjgZXjgozjgZ/jgqjjg4rjg6Hjg6vjg4Djg4Pjg4Hjgqrjg7zjg7Tjg7Pjga/miYvlhaXjgozjga7jgZfjgoTjgZnjgZXjgaDjgZHjgafjgarjgY/jgIE8YnI+54ax5Lyd5bCO44Go5L+d5rip5oCn44Gn44GC44Gq44Gf44Gu44Kt44OD44OB44Oz44Op44Kk44OV44KS5qW944GX44GE44KC44Gu44Gr44GX44Gm44GP44KM44G+44GZ44CCPGJyPjxicj7jgJDjgYrlj5bjgormibHjgYTkuIrjga7ms6jmhI/jgJE8YnI+44O756m644Gg44GN44KS44GX44Gq44GE44Gn44GP44Gg44GV44GE44CCPGJyPuODu+S9v+eUqOW+jOOBr+OAgeOCiOOBj+a0l+OBo+OBpuWNgeWIhuOBq+S5vueHpeOBleOBm+OBpuOBj+OBoOOBleOBhOOAgjxicj7jg7vlj5bjgaPmiYvjga7pg6jliIbjgYznhrHjgY/jgarjgovjgZPjgajjgYzjgYLjgorjgb7jgZnjgILlv4XjgZrpjYvjgaTjgYvjgb/jgpLjgZTkvb/nlKjjgY/jgaDjgZXjgYTjgII8YnI+44O757iB44G+44Gn5rC044Gq44Gp44KS5rqA44Gf44GX44Gf54q25oWL44Gn5L2/55So44GX44Gq44GE44Gn44GP44Gg44GV44GE44CCPGJyPuODu+OCueODgeODvOODq+OBn+OCj+OBl+OAgeejqOOBjeeyieOBquOBqeOCkuS9v+eUqOOBl+OBquOBhOOBp+OBj+OBoOOBleOBhOOAgjxicj7jg7vjgZPjgZLjgaTjgY3jgarjganjgpLokL3jgajjgZnpmpvjga/jgIHph5HlsZ7oo73jga7lm7rjgYTjgoLjga7jgpLkvb/nlKjjgZfjgarjgYTjgafjgY/jgaDjgZXjgYTjgII8YnI+44O744Ot44OD44K456S+44Gu44Ob44O844Ot44O86KO95ZOB44Gv44CB6Yuz54mp44Gu6KGo6Z2i44Gr44Ks44Op44K56LOq44KS6auY5rip44Gn54S844GN44Gk44GR44Gf44KC44Gu44Gn44GZ44CCPGJyPuOAgOW8t+OBhOihneaSg+OCkuS4juOBiOOBn+OCiuOAgeepuuOBoOOBjeOCkuOBl+OBn+WgtOWQiOOBq+awtOetieOCkuOBi+OBkeOBpuaApeWGt+OBl+OBn+WgtOWQiOOBqzxicj7jgIDjg5vjg7zjg63jg7zpg6jliIbjgYzmrKDjgZHjgovloLTlkIjjgYzjgYLjgorjgb7jgZnjga7jgafjgIHkvb/nlKjjgavjga/ljYHliIbjgZTms6jmhI/jgY/jgaDjgZXjgYTjgII8YnI+44O7SUjlr77lv5w8YnI+44O76Zu75a2Q44Os44Oz44K444Gr44Gv44GU5L2/55So44Gn44GN44G+44Gb44KT44CCPGJyPuODu+mNi+ODleOCv+OBruODhOODnuODn+OCkuWQq+OCgeOAgTIwMOKEg+OBvuOBp+OBruiAkOeGseaAp+OCkuaMgeOBoeOAgeOCquODvOODluODs+OBq+OCguWvvuW/nOWPr+iDveOAgjxicj7jg7vpo5/lmajmtJfjgYTmqZ/jgavjga/jgZTkvb/nlKjjgafjgY3jgb7jgZvjgpPjgII8YnI+PGJyPjxwPjx0YWJsZSBib3JkZXI9IjAiIHdpZHRoPSI5NyUiIGJnY29sb3I9IiNGRkZGRTAiPjx0cj48dGQ+PHN0cm9uZz48Zm9udCBjb2xvcj0iIzAwNjQwMCIgc2l6ZT0iMyI+44CQ6Zai6YCj5ZWG5ZOB44Gv44GT44Gh44KJ44Gn44GZ44CRPC9mb250Pjwvc3Ryb25nPjxicj7il4Yg44Gd44Gu5LuW44Ot44OD44K477yITE9ER0XvvInllYblk4Hjga/jgZPjgaHjgok8YnI+PC90ZD48L3RyPjwvdGFibGU+PCEtLW1rX3RhZ3MtLT48UD48SU1HIHNyYz0iaHR0cDovL3d3dy5yYWt1dGVuLm5lLmpwL2dvbGQvZXNwb3J0cy9ibi9qeXVoYXR0eXV1NTIwLTYwLmpwZyIgd2lkdGg9IjUyMCIgaGVpZ2h0PSI2MCIgYm9yZGVyPSIwIj48L1A+PCEtLW1rX3RhZ2UtLT48YnI+4peP566h55CGY29kZe+8mjc5ODI5NTk0PCEtLXNwZWNfdGFncy0tPjxwPjxzdHJvbmc+PGZvbnQgY29sb3I9IiMwMDAwQ0QiIHNpemU9IjMiPuOAkOWVhuWTgeOCueODmuODg+OCr+OAkTwvZm9udD48L3N0cm9uZz48YnI+4pePPHN0cm9uZz7jgrXjgqTjgro8L3N0cm9uZz4gOiDlhoXlvoQyNWNtPGJyPuKXjzxzdHJvbmc+5rex44GVPC9zdHJvbmc+IDog57SEN2NtPGJyPuKXjzxzdHJvbmc+6YeN6YePPC9zdHJvbmc+IDogNWtnPGJyPuKXjzxzdHJvbmc+5rqA5rC05a656YePPC9zdHJvbmc+IDogMi44TDxicj7il488c3Ryb25nPue0oOadkDwvc3Ryb25nPiA6IOmLs+mJhOODm+ODvOODreODvDxicj7il488c3Ryb25nPueUn+eUo+WbvTwvc3Ryb25nPiA6IOS4reWbvTxicj48IS0tc3BlY190YWdlLS0+PGJyPjxsaW5rIHJlbD0ic3R5bGVzaGVldCIgdHlwZT0idGV4dC9jc3MiIGhyZWY9Imh0dHA6Ly93d3cucmFrdXRlbi5uZS5qcC9nb2xkL2VzcG9ydHMvc2hvcHBpbmdfcGFydHMuY3NzIj4KCjxkaXYgc3R5bGU9Im1hcmdpbi10b3A6LTI2cHg7Ij48L2Rpdj4KCjxpbWcgc3JjPSJodHRwOi8vd3d3LnJha3V0ZW4ubmUuanAvZ29sZC9lc3BvcnRzL2JuL3BvaW50L3BvaW50X2JiYi5qcGciIGFsdD0iMzAwMOWGhuS7peS4iuOBp+ODneOCpOODs+ODiO+8k+WAjSIgYm9yZGVyPSIwIiB3aWR0aD0iNzUwcHgiPgoKPCEtLSDjgrvjg7zjg6sgPGltZyBzcmM9Imh0dHA6Ly93d3cucmFrdXRlbi5uZS5qcC9nb2xkL2VzcG9ydHMvbmV3eWVhci1zYWxlL25ld3llYXItc2FsZS03ODAuanBnIiBib3JkZXI9IjAiIGFsdD0i44K744O844OrIiB3aWR0aD0iNzcwcHgiPjxicj48YnI+IOOCu+ODvOODqyAtLT4KCjwhLS0g44K544O844OR44O844K744O844OrIDxkaXYgc3R5bGU9IndpZHRoIDogNzUwcHg7Ij4KPGRpdiBhbGlnbj0iY2VudGVyIiBzdHlsZT0ibWFyZ2luLWJvdHRvbSA6IDBweDtib3JkZXItd2lkdGggOiAycHg7Ym9yZGVyLXN0eWxlIDogc29saWQ7Ym9yZGVyLWNvbG9yIDogI2JjMTEzMTsiPgoKPC9kaXY+PC9kaXY+PGRpdiBjbGFzcz0ibWFyZ2luNSI+PC9kaXY+PGJyPiDjgrnjg7zjg5Hjg7zjgrvjg7zjg6stLT4KCjwhLS0g44K544O844OR44O844K744O844OrMiDvvIjjg5Djg4rjg7zjga7jgb/vvIk8aW1nIHNyYz0iaHR0cDovL3d3dy5yYWt1dGVuLm5lLmpwL2dvbGQvZXNwb3J0cy9zcHNhbGUvc2FsZS1ibjc4MC5qcGciIGJvcmRlcj0iMCIgYWx0PSLjgrvjg7zjg6siIHdpZHRoPSI3NzBweCI+PGJyPjxicj4g44K544O844OR44O8IC0tPgoKPGRpdiBjbGFzcz0iY29udGVudHMiPjwhLS0g5ZGK55+lIAo8ZGl2IHN0eWxlPSJ3aWR0aDo3MzZweDsgcGFkZGluZzoxNXB4OyBtYXJnaW46NXB4IDAgMTVweDsgYm9yZGVyOnNvbGlkICNFNjJGMkYgMnB4OyI+CjxwIHN0eWxlPSJmb250LXdlaWdodDpib2xkOyBmb250LXNpemU6MTdweDsgdGV4dC1hbGlnbjpjZW50ZXI7Ij7jgJAgPHNwYW4gc3R5bGU9ImJvcmRlci1ib3R0b206MnB4IGRvdHRlZCAjOTk5OyBmb250LXNpemU6MTVweDsiPjXmnIgyNuaXpSjph5Ep44Gu5Za25qWt44Gr44Gk44GE44GmPC9zcGFuPiDjgJE8L3A+CjxwIHN0eWxlPSJmb250LXNpemU6MTNweDsgbWFyZ2luLXRvcDoxNXB4OyI+6Kqg44Gr5Yud5omL44Gq44GM44KJNeaciDI25pelKOmHkSnjga/jgIHnpL7lhoXnoJTkv67jga7jgZ/jgoHjgIHllrbmpa3mmYLplpPjgpLljYjliY0xMu+8mjAw44G+44Gn44Go44GV44Gb44Gm44GE44Gf44Gg44GN44G+44GZ44CC5bCa44CB44CM44GC44GZ5qW944CN5a++5b+c5ZOB44Gr44Gk44GN44G+44GX44Gm44Gv44CB6YCa5bi46YCa44KKMTLvvJowMOOBvuOBp+OBruOBlOazqOaWh+OCkuW9k+aXpeeZuumAgeOBleOBm+OBpuOBhOOBn+OBoOOBjeOBvuOBmeOAgjwvcD4KPHAgc3R5bGU9ImZvbnQtc2l6ZToxM3B4OyBtYXJnaW4tdG9wOjE1cHg7Ij7jgYrlrqLmp5jjgavjga/jgZTkuI3kvr/jgpLjgYrmjpvjgZHoh7TjgZfjgb7jgZnjgYzjgIHjgZTnkIbop6Pjga7nqIvjgIHlrpzjgZfjgY/jgYrpoZjjgYToh7TjgZfjgb7jgZnjgII8L3A+CjwvZGl2PiAtLT4KCgo8IS0tIDxkaXYgc3R5bGU9IndpZHRoOjczNnB4OyBwYWRkaW5nOjE1cHg7IG1hcmdpbjo1cHggMCAxNXB4OyBib3JkZXI6c29saWQgI0U2MkYyRiAycHg7Ij4KPHAgc3R5bGU9ImZvbnQtd2VpZ2h0OmJvbGQ7IGZvbnQtc2l6ZToxN3B4OyB0ZXh0LWFsaWduOmNlbnRlcjsgbWFyZ2luOjA7Ij7jgJAgPHNwYW4gc3R5bGU9ImJvcmRlci1ib3R0b206MnB4IGRvdHRlZCAjOTk5OyBmb250LXNpemU6MTVweDsiPuWkqeWAmeS4jeiJr+OBruW9semfv+OBq+OCiOOCi+mFjemAgemBheW7tuOBq+OBpOOBhOOBpjwvc3Bhbj4g44CRPC9wPgo8cCBzdHlsZT0iZm9udC1zaXplOjEzcHg7IG1hcmdpbjoxNXB4IDAgMDsiPuWPsOmiqOODu+ixqumbqOetieOBruWkqeWAmeS4jeiJr+OBq+S8tOOBhOOAgeS4gOmDqOWcsOWfn+OBp+OBiuiNt+eJqeOBruOBiuWxiuOBkeOBq+mBheOCjOOBjOeZuueUn+OBmeOCi+aBkOOCjOOBjOOBlOOBluOBhOOBvuOBmeOAgjwvcD4KPHAgc3R5bGU9ImZvbnQtc2l6ZToxM3B4OyBtYXJnaW46N3B4IDAgMDsiPuOBvuOBn+OAgeS7iuW+jOOBruWPsOmiqOOBrumAsui3r+OBq+OCiOOBo+OBpuOBr+OAgeW6g+evhOWbsuOBruWcsOWfn+OBp+mBheOCjOOBjOeUn+OBmOOCi+WPr+iDveaAp+OBjOOBguOCiuOBvuOBmeOAguWcsOWfn+OChOOCv+OCpOODn+ODs+OCsOOBq+OCiOOBo+OBpuOAgeOBlOW4jOacm+OBruOBiuWxiuOBkeaXpeaZguOBq+mFjemBlOOBp+OBjeOBquOBhOWgtOWQiOOBjOOBlOOBluOBhOOBvuOBmeOAgjwvcD4KPHAgc3R5bGU9ImZvbnQtc2l6ZToxM3B4OyBtYXJnaW46N3B4IDAgMDsiPuOBiuWuouanmOOBq+OBr+Wkp+WkieOBlOi/t+aDkeOCkuOBiuaOm+OBkeiHtOOBl+OBvuOBmeOBjOOAgeOBlOeQhuino+OBhOOBn+OBoOOBkeOBvuOBmeOCiOOBhuOBiumhmOOBhOiHtOOBl+OBvuOBmeOAgjwvcD4KPC9kaXY+IC0tPgoKCgo8IS0tIOS4gOmDqOWcsOWfn+OBp+OBrumFjemBlOmBheW7tuOBq+OBpOOBjeOBvuOBl+OBpiAtLT4KCgo8IS0tIOOCr+ODvOODneODsyAKPGltZyBzcmM9Imh0dHA6Ly93d3cucmFrdXRlbi5uZS5qcC9nb2xkL2VzcG9ydHMvYm4vY291cG9uL2NvdXBvbjc3MC5naWYiIGFsdD0iMjAw5YaGT0ZG44Kv44O844Od44OzIj4gLS0+CgoKCjwhLS0gPGltZyBzcmM9Imh0dHA6Ly93d3cucmFrdXRlbi5uZS5qcC9nb2xkL2VzcG9ydHMvYm4vYWRpZGFzL2FkaWRhcy1ibjM1Ny5qcGciIGFsdD0iYWRpZGFz44Od44Kk44Oz44OIMTXlgI0iPiAtLT4KCgo8YnI+,44CQ6YCB5paZ54Sh5paZ44CR44Ot44OD44K477yITE9ER0XvvIkgTERH44Ko44OK44Oh44Or44OA44OD44OB44Kq44O844O044OzM3F044Kw44Oq44O844OzRUMzRDUzIDE5MjQwMTY0MDA4MDAzIOOAkOOCouOCpuODiOODieOCoiDjgq3jg6Pjg7Pjg5cg44OA44OD44OB44Kq44O844OW44OzIOaWmeeQhiDpjYvjgJHvvJrvvYXvvLPvvLDvvK/vvLLvvLTvvLPmpb3lpKnmlK/lupc=,44Ki44Km44OI44OJ44Ki44Kt44Oj44Oz44OX44OQ44O844OZ44Kt44Ol44O844OG44Oz44OI44K/44O844OX44OG44O844OW44Or44OB44Kn44Ki44K344Ol44Op44OV44Op44Oz44K/44Oz44Kv44O844Op44O844Oc44OD44Kv44K544Kz44O844Or44Oe44Oz44OO44O844K544OV44Kn44Kk44K544K544Od44O844OE44OV44Kj44OD44OI44ON44K544OA44Kk44Ko44OD44OI44OI44Os44O844OL44Oz44Kw44OX44Ot44OG44Kk44Oz44K144OX44Oq44Oh44Oz44OI44OA44Oz44OZ44Or44K144OD44Kr44O844CQ6YCB5paZ54Sh5paZ44CR44Ot44OD44K477yITE9ER0XvvIkgTERH44Ko44OK44Oh44Or44OA44OD44OB44Kq44O844O044OzM3F044Kw44Oq44O844OzRUMzRDUzIDE5MjQwMTY0MDA4MDAzIOOAkOOCouOCpuODiOODieOCoiDjgq3jg6Pjg7Pjg5cg44OA44OD44OB44Kq44O844OW44OzIOaWmeeQhiDpjYvjgJE=,4piF6YCB5paZ54Sh5paZ4piF44CC44CQ6YCB5paZ54Sh5paZ44CR44Ot44OD44K477yITE9ER0XvvIkgTERH44Ko44OK44Oh44Or44OA44OD44OB44Kq44O844O044OzM3F044Kw44Oq44O844OzRUMzRDUzIDE5MjQwMTY0MDA4MDAzIOOAkOOCouOCpuODiOODieOCoiDjgq3jg6Pjg7Pjg5cg44OA44OD44OB44Kq44O844OW44OzIOaWmeeQhiDpjYvjgJE=[rn]
34-75315,aHR0cDovL3RzaG9wLnIxMHMuanAvZXNwb3J0cy9jYWJpbmV0Lzk0MzAtMi85NDMwMzEwMzkwMDgzLmpwZz9maXRpbj03MDA6NzAw,ODI2Ni40MDAw,,44K544Od44O844OE44O744Ki44Km44OI44OJ44KiID4g44Ki44Km44OI44OJ44KiID4g44OQ44O844G544Kt44Ol44O844O744Kv44OD44Kt44Oz44Kw55So5ZOBID4g44OA44OD44OB44Kq44O844OW44Oz,44CQ6YCB5paZ54Sh5paZ44CR44Ot44OD44K477yITE9ER0XvvIkg44OA44OW44Or44OA44OD44OB44Kq44O844O044OzIEw4REQzIOOAkOmLs+mJhCDjgqLjgqbjg4jjg4njgqIg44OQ44O844OZ44Kt44Ol44O844CR,4piF6YCB5paZ54Sh5paZ4piF,PCEtLWltZ190YWdzLS0+PHRhYmxlIGJvcmRlcj0iMCIgd2lkdGg9IjY1MCI+PFRSPjxURCBhbGlnbj0iY2VudGVyIj48QSBocmVmPSJodHRwOi8vd3d3LnJha3V0ZW4uY28uanAvZXNwb3J0cy9pbmZvMi5odG1sI2RlciI+PElNRyBzcmM9Imh0dHA6Ly93d3cucmFrdXRlbi5uZS5qcC9nb2xkL2VzcG9ydHMvc3VwcG9ydC9zaGlwcGluZzIuZ2lmIiBib3JkZXI9IjAiPjwvQT48QSBocmVmPSJodHRwOi8vd3d3LnJha3V0ZW4ubmUuanAvZ29sZC9lc3BvcnRzL3N1cHBvcnQvZGlzcGF0Y2guaHRtbCI+PElNRyBzcmM9Imh0dHA6Ly93d3cucmFrdXRlbi5uZS5qcC9nb2xkL2VzcG9ydHMvc3VwcG9ydC9kYXlzMi5naWYiIGJvcmRlcj0iMCI+PC9BPjxBIGhyZWY9Imh0dHA6Ly93d3cucmFrdXRlbi5uZS5qcC9nb2xkL2VzcG9ydHMvc3VwcG9ydC9kaXNwYXRjaC5odG1sIj48SU1HIHNyYz0iaHR0cDovL3d3dy5yYWt1dGVuLm5lLmpwL2dvbGQvZXNwb3J0cy9zdXBwb3J0L3BsYWNlMy5naWYiIGJvcmRlcj0iMCI+PC9BPjxBIGhyZWY9Imh0dHA6Ly93d3cucmFrdXRlbi5jby5qcC9lc3BvcnRzL2luZm8yLmh0bWwjYmFjayI+PElNRyBzcmM9Imh0dHA6Ly93d3cucmFrdXRlbi5uZS5qcC9nb2xkL2VzcG9ydHMvc3VwcG9ydC9yZXR1cm4xLmdpZiIgYm9yZGVyPSIwIj48L0E+PC90ZD48L3RyPjwvdGFibGU+PCEtLWltZ190YWdlLS0+PHN0cm9uZz48Zm9udCBjb2xvcj0iIzAwMDBDRCIgc2l6ZT0iNCI+44Kt44OD44OB44Oz44Kq44O844OW44Oz44Or44O844OX44OP44Oz44OJ44Or44Gu6JOL5YG044GM5rex5Z6L44Gr44Gq44KK44OP44Oz44OJ44Or44KC5LuY44GE44Gf44Oi44OH44Or44Gn44GZ44CCPGJyPjwvZm9udD48L3N0cm9uZz48YnI+TE9ER0Ug44Ot44OD44K4IOODreOCuOODg+OCryDjg4Djg5bjg6vjg4Djg4Pjg4Hjgqrjg7zjg7Tjg7Pjga88YnI+44Kt44OD44OB44Oz44Kq44O844OW44Oz44Or44O844OX44OP44Oz44OJ44Or44Gu6JOL5YG044GM5rex5Z6L44Gr44Gq44KK44OP44Oz44OJ44Or44KC5LuY44GE44Gf44Oi44OH44Or44Gn44GZ44CCPGJyPuiTi+OBr+OCueOCreODrOODg+ODiOOBqOOBl+OBpuOCguS9v+OBiOOBvuOBmeOAgjxicj7jgrnjg53jg7PjgrjjgrHjg7zjgq3jgoTjgbXjgY3oiovjgpLjgZPjgo3jgYzjgZfjgZ/jgorjgIHjgZ3jga7jgb7jgb7jgbLjgaPjgY/jgorov5TjgZvjgbDkuKHpnaLnhLzjgY3jga7mlpnnkIbjgoLnsKHljZjjgafjgZnjgII8YnI+PGJyPjxwPjwhLS1ta190YWdzLS0+PFA+PElNRyBzcmM9Imh0dHA6Ly93d3cucmFrdXRlbi5uZS5qcC9nb2xkL2VzcG9ydHMvYm4vanl1aGF0dHl1dTUyMC02MC5qcGciIHdpZHRoPSI1MjAiIGhlaWdodD0iNjAiIGJvcmRlcj0iMCI+PC9QPjwhLS1ta190YWdlLS0+PGJyPuKXj+euoeeQhmNvZGXvvJo3OTg0OTE4MDwhLS1zcGVjX3RhZ3MtLT48cD48c3Ryb25nPjxmb250IGNvbG9yPSIjMDAwMENEIiBzaXplPSIzIj7jgJDllYblk4Hjgrnjg5rjg4Pjgq/jgJE8L2ZvbnQ+PC9zdHJvbmc+PGJyPuKXjzxzdHJvbmc+6Y2L6YOoPC9zdHJvbmc+IDog5YaF5b6E77yaMjUuNc+GY208YnI+4pePPHN0cm9uZz7mt7HjgZU8L3N0cm9uZz4gOiAxMGNtPGJyPuKXjzxzdHJvbmc+6JOLPC9zdHJvbmc+IDog5YaF5b6E77yaMjQuNc+GY208YnI+4pePPHN0cm9uZz7lhajkvZM8L3N0cm9uZz4gOiDlpJblvoTvvJoyNi41z4ZjbTxicj7il488c3Ryb25nPumHjeOBlTwvc3Ryb25nPiA6IDUuNWtnPGJyPuKXjzxzdHJvbmc+55Sf55Sj5Zu9PC9zdHJvbmc+IDog44Ki44Oh44Oq44KrPGJyPjwhLS1zcGVjX3RhZ2UtLT48YnI+PGxpbmsgcmVsPSJzdHlsZXNoZWV0IiB0eXBlPSJ0ZXh0L2NzcyIgaHJlZj0iaHR0cDovL3d3dy5yYWt1dGVuLm5lLmpwL2dvbGQvZXNwb3J0cy9zaG9wcGluZ19wYXJ0cy5jc3MiPgoKPGRpdiBzdHlsZT0ibWFyZ2luLXRvcDotMjZweDsiPjwvZGl2PgoKPGltZyBzcmM9Imh0dHA6Ly93d3cucmFrdXRlbi5uZS5qcC9nb2xkL2VzcG9ydHMvYm4vcG9pbnQvcG9pbnRfYmJiLmpwZyIgYWx0PSIzMDAw5YaG5Lul5LiK44Gn44Od44Kk44Oz44OI77yT5YCNIiBib3JkZXI9IjAiIHdpZHRoPSI3NTBweCI+Cgo8IS0tIOOCu+ODvOODqyA8aW1nIHNyYz0iaHR0cDovL3d3dy5yYWt1dGVuLm5lLmpwL2dvbGQvZXNwb3J0cy9uZXd5ZWFyLXNhbGUvbmV3eWVhci1zYWxlLTc4MC5qcGciIGJvcmRlcj0iMCIgYWx0PSLjgrvjg7zjg6siIHdpZHRoPSI3NzBweCI+PGJyPjxicj4g44K744O844OrIC0tPgoKPCEtLSDjgrnjg7zjg5Hjg7zjgrvjg7zjg6sgPGRpdiBzdHlsZT0id2lkdGggOiA3NTBweDsiPgo8ZGl2IGFsaWduPSJjZW50ZXIiIHN0eWxlPSJtYXJnaW4tYm90dG9tIDogMHB4O2JvcmRlci13aWR0aCA6IDJweDtib3JkZXItc3R5bGUgOiBzb2xpZDtib3JkZXItY29sb3IgOiAjYmMxMTMxOyI+Cgo8L2Rpdj48L2Rpdj48ZGl2IGNsYXNzPSJtYXJnaW41Ij48L2Rpdj48YnI+IOOCueODvOODkeODvOOCu+ODvOODqy0tPgoKPCEtLSDjgrnjg7zjg5Hjg7zjgrvjg7zjg6syIO+8iOODkOODiuODvOOBruOBv++8iTxpbWcgc3JjPSJodHRwOi8vd3d3LnJha3V0ZW4ubmUuanAvZ29sZC9lc3BvcnRzL3Nwc2FsZS9zYWxlLWJuNzgwLmpwZyIgYm9yZGVyPSIwIiBhbHQ9IuOCu+ODvOODqyIgd2lkdGg9Ijc3MHB4Ij48YnI+PGJyPiDjgrnjg7zjg5Hjg7wgLS0+Cgo8ZGl2IGNsYXNzPSJjb250ZW50cyI+PCEtLSDlkYrnn6UgCjxkaXYgc3R5bGU9IndpZHRoOjczNnB4OyBwYWRkaW5nOjE1cHg7IG1hcmdpbjo1cHggMCAxNXB4OyBib3JkZXI6c29saWQgI0U2MkYyRiAycHg7Ij4KPHAgc3R5bGU9ImZvbnQtd2VpZ2h0OmJvbGQ7IGZvbnQtc2l6ZToxN3B4OyB0ZXh0LWFsaWduOmNlbnRlcjsiPuOAkCA8c3BhbiBzdHlsZT0iYm9yZGVyLWJvdHRvbToycHggZG90dGVkICM5OTk7IGZvbnQtc2l6ZToxNXB4OyI+NeaciDI25pelKOmHkSnjga7llrbmpa3jgavjgaTjgYTjgaY8L3NwYW4+IOOAkTwvcD4KPHAgc3R5bGU9ImZvbnQtc2l6ZToxM3B4OyBtYXJnaW4tdG9wOjE1cHg7Ij7oqqDjgavli53miYvjgarjgYzjgok15pyIMjbml6Uo6YeRKeOBr+OAgeekvuWGheeglOS/ruOBruOBn+OCgeOAgeWWtualreaZgumWk+OCkuWNiOWJjTEy77yaMDDjgb7jgafjgajjgZXjgZvjgabjgYTjgZ/jgaDjgY3jgb7jgZnjgILlsJrjgIHjgIzjgYLjgZnmpb3jgI3lr77lv5zlk4HjgavjgaTjgY3jgb7jgZfjgabjga/jgIHpgJrluLjpgJrjgooxMu+8mjAw44G+44Gn44Gu44GU5rOo5paH44KS5b2T5pel55m66YCB44GV44Gb44Gm44GE44Gf44Gg44GN44G+44GZ44CCPC9wPgo8cCBzdHlsZT0iZm9udC1zaXplOjEzcHg7IG1hcmdpbi10b3A6MTVweDsiPuOBiuWuouanmOOBq+OBr+OBlOS4jeS+v+OCkuOBiuaOm+OBkeiHtOOBl+OBvuOBmeOBjOOAgeOBlOeQhuino+OBrueoi+OAgeWunOOBl+OBj+OBiumhmOOBhOiHtOOBl+OBvuOBmeOAgjwvcD4KPC9kaXY+IC0tPgoKCjwhLS0gPGRpdiBzdHlsZT0id2lkdGg6NzM2cHg7IHBhZGRpbmc6MTVweDsgbWFyZ2luOjVweCAwIDE1cHg7IGJvcmRlcjpzb2xpZCAjRTYyRjJGIDJweDsiPgo8cCBzdHlsZT0iZm9udC13ZWlnaHQ6Ym9sZDsgZm9udC1zaXplOjE3cHg7IHRleHQtYWxpZ246Y2VudGVyOyBtYXJnaW46MDsiPuOAkCA8c3BhbiBzdHlsZT0iYm9yZGVyLWJvdHRvbToycHggZG90dGVkICM5OTk7IGZvbnQtc2l6ZToxNXB4OyI+5aSp5YCZ5LiN6Imv44Gu5b2x6Z+/44Gr44KI44KL6YWN6YCB6YGF5bu244Gr44Gk44GE44GmPC9zcGFuPiDjgJE8L3A+CjxwIHN0eWxlPSJmb250LXNpemU6MTNweDsgbWFyZ2luOjE1cHggMCAwOyI+5Y+w6aKo44O76LGq6Zuo562J44Gu5aSp5YCZ5LiN6Imv44Gr5Ly044GE44CB5LiA6YOo5Zyw5Z+f44Gn44GK6I2354mp44Gu44GK5bGK44GR44Gr6YGF44KM44GM55m655Sf44GZ44KL5oGQ44KM44GM44GU44GW44GE44G+44GZ44CCPC9wPgo8cCBzdHlsZT0iZm9udC1zaXplOjEzcHg7IG1hcmdpbjo3cHggMCAwOyI+44G+44Gf44CB5LuK5b6M44Gu5Y+w6aKo44Gu6YCy6Lev44Gr44KI44Gj44Gm44Gv44CB5bqD56+E5Zuy44Gu5Zyw5Z+f44Gn6YGF44KM44GM55Sf44GY44KL5Y+v6IO95oCn44GM44GC44KK44G+44GZ44CC5Zyw5Z+f44KE44K/44Kk44Of44Oz44Kw44Gr44KI44Gj44Gm44CB44GU5biM5pyb44Gu44GK5bGK44GR5pel5pmC44Gr6YWN6YGU44Gn44GN44Gq44GE5aC05ZCI44GM44GU44GW44GE44G+44GZ44CCPC9wPgo8cCBzdHlsZT0iZm9udC1zaXplOjEzcHg7IG1hcmdpbjo3cHggMCAwOyI+44GK5a6i5qeY44Gr44Gv5aSn5aSJ44GU6L+35oOR44KS44GK5o6b44GR6Ie044GX44G+44GZ44GM44CB44GU55CG6Kej44GE44Gf44Gg44GR44G+44GZ44KI44GG44GK6aGY44GE6Ie044GX44G+44GZ44CCPC9wPgo8L2Rpdj4gLS0+CgoKCjwhLS0g5LiA6YOo5Zyw5Z+f44Gn44Gu6YWN6YGU6YGF5bu244Gr44Gk44GN44G+44GX44GmIC0tPgoKCjwhLS0g44Kv44O844Od44OzIAo8aW1nIHNyYz0iaHR0cDovL3d3dy5yYWt1dGVuLm5lLmpwL2dvbGQvZXNwb3J0cy9ibi9jb3Vwb24vY291cG9uNzcwLmdpZiIgYWx0PSIyMDDlhoZPRkbjgq/jg7zjg53jg7MiPiAtLT4KCgoKPCEtLSA8aW1nIHNyYz0iaHR0cDovL3d3dy5yYWt1dGVuLm5lLmpwL2dvbGQvZXNwb3J0cy9ibi9hZGlkYXMvYWRpZGFzLWJuMzU3LmpwZyIgYWx0PSJhZGlkYXPjg53jgqTjg7Pjg4gxNeWAjSI+IC0tPgoKCjxicj4=,44CQ6YCB5paZ54Sh5paZ44CR44Ot44OD44K477yITE9ER0XvvIkg44OA44OW44Or44OA44OD44OB44Kq44O844O044OzIEw4REQzIOOAkOmLs+mJhCDjgqLjgqbjg4jjg4njgqIg44OQ44O844OZ44Kt44Ol44O844CR77ya772F77yz77yw77yv77yy77y077yz5qW95aSp5pSv5bqX,44Ki44Km44OI44OJ44Ki44Kt44Oj44Oz44OX44OQ44O844OZ44Kt44Ol44O844OG44Oz44OI44K/44O844OX44OG44O844OW44Or44OB44Kn44Ki44K344Ol44Op44OV44Op44Oz44K/44Oz44Kv44O844Op44O844Oc44OD44Kv44K544Kz44O844Or44Oe44Oz44OO44O844K544OV44Kn44Kk44K544K544Od44O844OE44OV44Kj44OD44OI44ON44K544OA44Kk44Ko44OD44OI44OI44Os44O844OL44Oz44Kw44OX44Ot44OG44Kk44Oz44K144OX44Oq44Oh44Oz44OI44OA44Oz44OZ44Or44K144OD44Kr44O844CQ6YCB5paZ54Sh5paZ44CR44Ot44OD44K477yITE9ER0XvvIkg44OA44OW44Or44OA44OD44OB44Kq44O844O044OzIEw4REQzIOOAkOmLs+mJhCDjgqLjgqbjg4jjg4njgqIg44OQ44O844OZ44Kt44Ol44O844CR,4piF6YCB5paZ54Sh5paZ4piF44CC44CQ6YCB5paZ54Sh5paZ44CR44Ot44OD44K477yITE9ER0XvvIkg44OA44OW44Or44OA44OD44OB44Kq44O844O044OzIEw4REQzIOOAkOmLs+mJhCDjgqLjgqbjg4jjg4njgqIg44OQ44O844OZ44Kt44Ol44O844CR[rn]
34-75316,aHR0cDovL3RzaG9wLnIxMHMuanAvZXNwb3J0cy9jYWJpbmV0LzkxMDkvOTEwOTMxMDM5MDM5OS5qcGc/Zml0aW49NzAwOjcwMA==,MTU0NjQuMDAwMA==,,44K544Od44O844OE44O744Ki44Km44OI44OJ44KiID4g44Ki44Km44OI44OJ44KiID4g44OQ44O844G544Kt44Ol44O844O744Kv44OD44Kt44Oz44Kw55So5ZOBID4g44OA44OD44OB44Kq44O844OW44Oz,44CQ6YCB5paZ54Sh5paZ44CR5paw5a+M5aOr44OQ44O844OK44O877yI44K944OIIFNPVE/vvIkg44K544OG44Oz44Os44K5IOODgOODg+ODgeOCquODvOODluODsyA444Kk44Oz44OBIFNULTkwOCDjgJDpjYsg44Kt44Oj44Oz44OXIOOCouOCpuODiOODieOCoiDjg5Djg7zjg5njgq3jg6Xjg7wg44OA44OD44OB44Kq44O844OW44Oz5pys5L2T44CR,4peG44GC44GZ5qW94peG4piF6YCB5paZ54Sh5paZ4piF4piF5bCC55So44Kx44O844K55LuY44GN4piF,PGRpdiBhbGlnbj0iY2VudGVyIj48SU1HIHNyYz0iaHR0cDovL2ltYWdlLnJha3V0ZW4uY28uanAvZXNwb3J0cy9jYWJpbmV0L3NvdG8tc3Qvc290by1zdC5qcGciIGJvcmRlcj0iMCIgYWx0PSLjgr3jg4hTT1RPIOOCueODhuODs+ODrOOCuSDjg4Djg4Pjg4Hjgqrjg7zjg5bjg7MiPjxicj48SU1HIHNyYz0iaHR0cDovL2ltYWdlLnJha3V0ZW4uY28uanAvZXNwb3J0cy9jYWJpbmV0L3NvdG8tc3Qvc290by1zdDEtMS5qcGciIGJvcmRlcj0iMCIgYWx0PSI444Kk44Oz44OBIFNULTkwOCI+PGJyPjxJTUcgc3JjPSJodHRwOi8vaW1hZ2UucmFrdXRlbi5jby5qcC9lc3BvcnRzL2NhYmluZXQvc290by1zdC9zb3RvLXN0MS0yLmpwZyIgYm9yZGVyPSIwIiBhbHQ9IuODneOCpOODs+ODiDEiPjxicj48VEFCTEUgYm9yZGVyPSIwIiB3aWR0aD0iNzIyIiBjZWxscGFkZGluZz0iMCIgY2VsbHNwYWNpbmc9IjAiPjxUUj48VEQ+PEEgaHJlZj0iaHR0cDovL2l0ZW0ucmFrdXRlbi5jby5qcC9lc3BvcnRzLzkxMDkzMTAzOTAzOTkvIj48SU1HIHNyYz0iaHR0cDovL2ltYWdlLnJha3V0ZW4uY28uanAvZXNwb3J0cy9jYWJpbmV0L3NvdG8tc3Qvc290by1zdDEtMy5qcGciIHdpZHRoPSIyMDciIGhlaWdodD0iNDk1IiBib3JkZXI9IjAiIGFsdD0iOOOCpOODs+ODgSBTVC05MDgiPjwvQT48L1REPjxURD48QSBocmVmPSJodHRwOi8vaXRlbS5yYWt1dGVuLmNvLmpwL2VzcG9ydHMvOTEwOTMxMDM5MDM5OC8iPjxJTUcgc3JjPSJodHRwOi8vaW1hZ2UucmFrdXRlbi5jby5qcC9lc3BvcnRzL2NhYmluZXQvc290by1zdC9zb3RvLXN0MS00LmpwZyIgd2lkdGg9IjI0OCIgaGVpZ2h0PSI0OTciIGJvcmRlcj0iMCIgYWx0PSIxMOOCpOODs+ODgSBTVC05MTAiPjwvQT48L1REPjxURD48QSBocmVmPSJodHRwOi8vaXRlbS5yYWt1dGVuLmNvLmpwL2VzcG9ydHMvOTEwOTMxMDM5MDQwMC8iPjxJTUcgc3JjPSJodHRwOi8vaW1hZ2UucmFrdXRlbi5jby5qcC9lc3BvcnRzL2NhYmluZXQvc290by1zdC9zb3RvLXN0MS01LmpwZyIgd2lkdGg9IjI2NyIgaGVpZ2h0PSI0OTciIGJvcmRlcj0iMCIgYWx0PSIxMuOCpOODs+ODgSBTVC05MTIiPjwvQT48L1REPjwvVFI+PFRSPjxURCBzdHlsZT0icGFkZGluZy1sZWZ0OjIwcHg7Ij48RElWIHN0eWxlPSJmb250LXNpemU6OTUlOyI+PEEgaHJlZj0iaHR0cDovL2l0ZW0ucmFrdXRlbi5jby5qcC9lc3BvcnRzLzkxMDkzMTAzOTAzOTkvIj7jgrnjg4bjg7Pjg6zjgrkg44OA44OD44OB44Kq44O844OW44OzPEJSPjjjgqTjg7Pjg4EgU1QtOTA4PC9BPjwvRElWPjxGT05UIHNpemU9Ii0xIj7ntYTnq4vjgrXjgqTjgrogPEJSPuW5hcOX5aWl6KGMw5fpq5jjgZXvvIjntITvvInvvJo8QlI+55u05b6EMjU5w5fmt7HjgZUxMTVtbSA8QlI+77yI5YaF5a+477yJ5bmFMzUww5flpaXooYwyODDDlzE2MG1tIDxCUj7vvIjlpJblvaLvvInmuoDmsLTlrrnph4/ntIQ1LjLvvKwgPEJSPuacrOS9k+mHjemHj++8iOe0hO+8ie+8mjUuMu+9i++9hzxCUj7kuLvntKDmnZDvvJrjgrnjg4bjg7Pjg6zjgrkgPEJSPuS7mOWxnuWTge+8muW6lee2su+8iOOCueODhuODs+ODrOOCue+8iSA8QlI+5Y6f55Sj5Zu977ya5pel5pysPC9GT05UPjwvVEQ+PFREIHN0eWxlPSJwYWRkaW5nLWxlZnQ6NTBweDsiIHZhbGlnbj0idG9wIj48RElWIHN0eWxlPSJmb250LXNpemU6OTUlOyI+PEEgaHJlZj0iaHR0cDovL2l0ZW0ucmFrdXRlbi5jby5qcC9lc3BvcnRzLzkxMDkzMTAzOTAzOTgvIj7jgrnjg4bjg7Pjg6zjgrkg44OA44OD44OB44Kq44O844OW44OzPEJSPjEw44Kk44Oz44OBIFNULTkxMDwvQT48L0RJVj48Rk9OVCBzaXplPSItMSI+57WE56uL44K144Kk44K6IDxCUj7luYXDl+WlpeihjMOX6auY44GV77yI57SE77yJ77yaPEJSPuebtOW+hDI1OcOX5rex44GVMTE1bW0gPEJSPu+8iOWGheWvuO+8ieW5hTM1MMOX5aWl6KGMMjgww5cxNjBtbSA8QlI+77yI5aSW5b2i77yJ5rqA5rC05a656YeP57SENS4y77ysPEJSPuacrOS9k+mHjemHj++8iOe0hO+8ie+8mjUuMu+9i++9hzxCUj7kuLvntKDmnZDvvJrjgrnjg4bjg7Pjg6zjgrk8QlI+5LuY5bGe5ZOB77ya5bqV57ay77yI44K544OG44Oz44Os44K577yJPEJSPuWOn+eUo+Wbve+8muaXpeacrCA8L0ZPTlQ+PC9URD48VEQgc3R5bGU9InBhZGRpbmctbGVmdDo1MHB4OyIgdmFsaWduPSJ0b3AiPjxESVYgc3R5bGU9ImZvbnQtc2l6ZTo5NSU7Ij48QSBocmVmPSJodHRwOi8vaXRlbS5yYWt1dGVuLmNvLmpwL2VzcG9ydHMvOTEwOTMxMDM5MDQwMC8iPuOCueODhuODs+ODrOOCuSDjg4Djg4Pjg4Hjgqrjg7zjg5bjg7MgPEJSPjEy44Kk44Oz44OBIFNULTkxMjwvQT48L0RJVj48Rk9OVCBzaXplPSItMSI+57WE56uL44K144Kk44K6PEJSPuW5hcOX5aWl6KGMw5fpq5jjgZXvvIjntITvvInvvJo8QlI+55u05b6EMjU5w5fmt7HjgZUxMTVtbTxCUj7vvIjlhoXlr7jvvInluYUzNTDDl+WlpeihjDI4MMOXMTYwbW0gPEJSPu+8iOWkluW9ou+8ieOAgOa6gOawtOWuuemHj+e0hDUuMu+8rDxCUj7mnKzkvZPph43ph4/vvIjntITvvInvvJo1LjLvvYvvvYc8QlI+5Li757Sg5p2Q77ya44K544OG44Oz44Os44K5PEJSPuS7mOWxnuWTge+8muW6lee2su+8iOOCueODhuODs+ODrOOCue+8iTxCUj7ljp/nlKPlm73vvJrml6XmnKw8L0ZPTlQ+PC9URD48L1RSPjwvVEFCTEU+PGJyPjxUQUJMRSBib3JkZXI9IjAiIHdpZHRoPSI3MjIiIGNlbGxwYWRkaW5nPSIwIiBjZWxsc3BhY2luZz0iMCI+PFRSPjxURD48SU1HIHNyYz0iaHR0cDovL2ltYWdlLnJha3V0ZW4uY28uanAvZXNwb3J0cy9jYWJpbmV0L3NvdG8tc3Qvc290by1zdDEtOC5qcGciIHdpZHRoPSI1MjIiIGhlaWdodD0iMjYwIiBib3JkZXI9IjAiIGFsdD0iMTDjgqTjg7Pjg4Hjg4/jg7zjg5UgU1QtOTEwSEYiPjwvVEQ+PFREPjxESVYgc3R5bGU9ImZvbnQtc2l6ZTo5NSU7Ij48QSBocmVmPSJodHRwOi8vaXRlbS5yYWt1dGVuLmNvLmpwL2VzcG9ydHMvOTEwOTMxMDM5MDQwMS8iPuOCueODhuODs+ODrOOCuSDjg4Djg4Pjg4Hjgqrjg7zjg5bjg7M8QlI+MTDjgqTjg7Pjg4Hjg4/jg7zjg5UgU1QtOTEwSEY8L0E+PC9ESVY+PEZPTlQgc2l6ZT0iLTEiPue1hOeri+OCteOCpOOCuiA8QlI+5bmFw5flpaXooYzDl+mrmOOBle+8iOe0hO+8ie+8mjxCUj7nm7TlvoQyNTnDl+a3seOBlTc4bW0gPEJSPu+8iOWGheWvuO+8ieW5hTM2NcOX5aWl6KGMMzMww5cxMDVtbSA8QlI+77yI5aSW5b2i77yJ5rqA5rC05a656YeP57SEMy4177ysIDxCUj7mnKzkvZPph43ph4/vvIjntITvvInvvJo1LjHvvYvvvYcgPEJSPuS4u+e0oOadkO+8muOCueODhuODs+ODrOOCuSA8QlI+5LuY5bGe5ZOB77ya5bqV57ay77yI44K544OG44Oz44Os44K577yJPEJSPuWOn+eUo+Wbve+8muaXpeacrDwvRk9OVD48YnI+PEEgaHJlZj0iaHR0cDovL2l0ZW0ucmFrdXRlbi5jby5qcC9lc3BvcnRzLzkxMDkzMTAzOTA0MDEvIj48SU1HIHNyYz0iaHR0cDovL2ltYWdlLnJha3V0ZW4uY28uanAvZXNwb3J0cy9jYWJpbmV0L3NvdG8tc3Qvc290by1zdDEtMTAuanBnIiB3aWR0aD0iMjAwIiBoZWlnaHQ9IjcwIiBib3JkZXI9IjAiPjwvQT48L1REPjwvVFI+PC9UQUJMRT48YnI+PElNRyBzcmM9Imh0dHA6Ly9pbWFnZS5yYWt1dGVuLmNvLmpwL2VzcG9ydHMvY2FiaW5ldC9zb3RvLXN0L3NvdG8tc3QxLTExLmpwZyIgYm9yZGVyPSIwIiBhbHQ9IuOCteODk+OBq+OBj+OBj+mpmuOBj+OBu+OBqeOBruiAkOS5heaApyI+PC9kaXY+PCEtLWltZ190YWdzLS0+PHRhYmxlIGJvcmRlcj0iMCIgd2lkdGg9IjY1MCI+PFRSPjxURCBhbGlnbj0iY2VudGVyIj48QSBocmVmPSJodHRwOi8vd3d3LnJha3V0ZW4uY28uanAvZXNwb3J0cy9pbmZvMi5odG1sI2RlciI+PElNRyBzcmM9Imh0dHA6Ly93d3cucmFrdXRlbi5uZS5qcC9nb2xkL2VzcG9ydHMvc3VwcG9ydC9zaGlwcGluZzIuZ2lmIiBib3JkZXI9IjAiPjwvQT48QSBocmVmPSJodHRwOi8vd3d3LnJha3V0ZW4ubmUuanAvZ29sZC9lc3BvcnRzL3N1cHBvcnQvZGlzcGF0Y2guaHRtbCI+PElNRyBzcmM9Imh0dHA6Ly93d3cucmFrdXRlbi5uZS5qcC9nb2xkL2VzcG9ydHMvc3VwcG9ydC9kYXlzNi5naWYiIGJvcmRlcj0iMCI+PC9BPjxBIGhyZWY9Imh0dHA6Ly93d3cucmFrdXRlbi5uZS5qcC9nb2xkL2VzcG9ydHMvc3VwcG9ydC9kaXNwYXRjaC5odG1sIj48SU1HIHNyYz0iaHR0cDovL3d3dy5yYWt1dGVuLm5lLmpwL2dvbGQvZXNwb3J0cy9zdXBwb3J0L3BsYWNlMS5naWYiIGJvcmRlcj0iMCI+PC9BPjxBIGhyZWY9Imh0dHA6Ly93d3cucmFrdXRlbi5jby5qcC9lc3BvcnRzL2luZm8yLmh0bWwjYmFjayI+PElNRyBzcmM9Imh0dHA6Ly93d3cucmFrdXRlbi5uZS5qcC9nb2xkL2VzcG9ydHMvc3VwcG9ydC9yZXR1cm4yLmdpZiIgYm9yZGVyPSIwIiBhbHQ9Iui/lOWTgeODu+S6pOaPm+OBr+acqumWi+WwgeWTgeOBq+mZkOOCiyI+PC9BPjwvdGQ+PC90cj48L3RhYmxlPjwhLS1pbWdfdGFnZS0tPjwhLS1zb2t1X3RhZ3MtLT48dGFibGUgYm9yZGVyPSIwIj48VFI+PFREPjxBIGhyZWY9Imh0dHA6Ly93d3cucmFrdXRlbi5uZS5qcC9nb2xkL2VzcG9ydHMvYXN1cmFrdS9hc3VyYWt1Lmh0bWwiIHRhcmdldD0iX2JsYW5rIj48SU1HIHNyYz0iaHR0cDovL3d3dy5yYWt1dGVuLm5lLmpwL2dvbGQvZXNwb3J0cy9ibi9hc3VyYWt1L2FzdXJha3UuZ2lmIiBib3JkZXI9IjAiPjwvQT48L1REPjwvdHI+PC90YWJsZT48IS0tc29rdV90YWdlLS0+PHN0cm9uZz48Zm9udCBjb2xvcj0iIzAwMDBDRCIgc2l6ZT0iNCI+44CQ44K744OD44OI5YaF5a6544CRPC9mb250Pjwvc3Ryb25nPjxicj7jg7vmlrDlr4zlo6vjg5Djg7zjg4rjg7zvvIjjgr3jg4ggU09UT++8ieOCueODhuODs+ODrOOCueODgOODg+ODgeOCquODvOODluODsyA444Kk44Oz44OBIFNULTkwOOOAgMOX44CAMTxicj7jg7vmlrDlr4zlo6vjg5Djg7zjg4rjg7zvvIjjgr3jg4ggU09UT++8ieOCueODhuODs+ODrOOCueODgOODg+ODgeOCquODvOODluODsyA444Kk44Oz44OB55So5Y+O57SN44Kx44O844K5IFNULTkwOENT44CAw5fjgIAxPGJyPjxicj48YnI+PGJyPjxzdHJvbmc+5paw5a+M5aOr44OQ44O844OK44O877yI44K944OIIFNPVE/vvInjgrnjg4bjg7Pjg6zjgrnjg4Djg4Pjg4Hjgqrjg7zjg5bjg7MgOOOCpOODs+ODgSBTVC05MDg8L3N0cm9uZz48YnI+44O744CM5LiN6YyG6YmE77yI44K544OG44Oz44Os44K577yJ44GM44OA44OD44OB44Kq44O844OW44Oz44Gu5bi46K2Y44KS5aSJ44GI44Gf77yB44CNPGJyPuOBlOWutuW6reOBruOCreODg+ODgeODs+OBp+OCguS9v+OBhOOChOOBmeOBhO+8gTxicj7jg7vjgrnjg4bjg7Pjg6zjgrnoo73jgarjga7jgafjgIHkvb/jgYTlp4vjgoHjga7mhaPjgonjgZfkvZzmpa3vvIjjgrfjg7zjgrrjg4vjg7PjgrDvvInjgYzkuI3nlKjjgafjgZnjgII8YnI+44O76KGd5pKD44Gr5by344GP44CB44K144OT44Gr5by344GE77yB44GU5a625bqt44Gn44KC5L2/44GI44G+44GZ44CCPGJyPjxicj48c3Ryb25nPuaWsOWvjOWjq+ODkOODvOODiuODvO+8iOOCveODiCBTT1RP77yJ44K544OG44Oz44Os44K544OA44OD44OB44Kq44O844OW44OzIDjjgqTjg7Pjg4HnlKjlj47ntI3jgrHjg7zjgrkgU1QtOTA4Q1M8L3N0cm9uZz48YnI+44O75oyB44Gh6YGL44Gz44CB5Y+O57SN44Gr44Go44Gm44KC5L6/5Yip44Gn44GZ44CCPGJyPuODu+OCueODhuODs+ODrOOCueODgOODg+ODgeOCquODvOODluODszjjgqTjg7Pjg4Hlj47ntI3jgrHjg7zjgrnjgII8YnI+PGJyPjxicj48YnI+PHN0cm9uZz48Zm9udCBjb2xvcj0iIzAwMDBDRCIgc2l6ZT0iMyI+5paw5a+M5aOr44OQ44O844OK44O877yI44K944OIIFNPVE/vvInjgrnjg4bjg7Pjg6zjgrnjg4Djg4Pjg4Hjgqrjg7zjg5bjg7MgOOOCpOODs+ODgSBTVC05MDg8L2ZvbnQ+PC9zdHJvbmc+PGJyPuKXj+e1hOeri+OCteOCpOOCuu+8j+W5hcOX5aWl6KGMw5fpq5jjgZXvvIjntITvvInvvJrnm7TlvoQyNTnDl+a3seOBlTExNW1t77yI5YaF5a+477yJ5bmFMzUww5flpaXooYwyODDDlzE2MG1t77yI5aSW5b2i77yJ44CA5rqA5rC05a656YeP57SENS4y77ysPGJyPuKXj+acrOS9k+mHjemHj++8iOe0hO+8ie+8mjUuMu+9i++9hzxicj7il4/kuLvntKDmnZDvvJrjgrnjg4bjg7Pjg6zjgrk8YnI+4peP5LuY5bGe5ZOB77ya5bqV57ay77yI44K544OG44Oz44Os44K577yJPGJyPuKXj+WOn+eUo+Wbve+8muaXpeacrDxicj48YnI+PHN0cm9uZz48Zm9udCBjb2xvcj0iIzAwMDBDRCIgc2l6ZT0iMyI+5paw5a+M5aOr44OQ44O844OK44O877yI44K944OIIFNPVE/vvInjgrnjg4bjg7Pjg6zjgrnjg4Djg4Pjg4Hjgqrjg7zjg5bjg7MgOOOCpOODs+ODgeeUqOWPjue0jeOCseODvOOCuSBTVC05MDhDUzwvZm9udD48L3N0cm9uZz48YnI+4peP57WE56uL44K144Kk44K677yP5bmFw5flpaXooYzDl+mrmOOBle+8iOe0hO+8ie+8muW5hTMyMMOX5aWl6KGMMjQww5fpq5jjgZUxNDBtbTxicj7il4/mnKzkvZPph43ph4/vvIjntITvvInvvJo0MjDvvYc8YnI+4peP5Li757Sg5p2Q77ya5aSW5YG077ya44Od44Oq44Ko44K544OG44Or44CA5YaF5YG044O75bqV5biD77ya77yw77y277yj44CA5oyB44Gh5omL77ya44Od44Oq44OX44Ot44OU44Os44Oz44CAPGJyPuKXj+WOn+eUo+Wbve+8muaXpeacrDxicj48YnI+PHRhYmxlIGJvcmRlcj0iMCIgd2lkdGg9Ijk3JSIgYmdjb2xvcj0iI0ZGRkZFMCI+PHRyPjx0ZD48c3Ryb25nPjxmb250IGNvbG9yPSIjMDA2NDAwIiBzaXplPSIzIj7jgJDplqLpgKPllYblk4Hjga/jgZPjgaHjgonjgafjgZnjgJE8L2ZvbnQ+PC9zdHJvbmc+PGJyPuKXhiDimIbjg63jgrTjgrnjga7jgYrosrfjgYTlvpfjgrvjg4Pjg4jjga/jgZPjgaHjgonvvIE8YnI+4peGIOKYhklI5a++5b+c77yB44GK5b6X44Gq44Kt44Oj44Oq44O844OQ44OD44Kw5LuY44GN77yBU0zjg4Djg4Pjg4Hjgqrjg7zjg5bjg7Pjga/jgZPjgaHjgonvvIE8YnI+4peGIOKYhuWIneOCgeOBpuOBruODgOODg+ODgeOCquODvOODluODs+OBq+acgOmBqe+8geODgOODg+ODgeOCquODvOODluODsyDjg5Pjgq7jg4rjg7wg44K744OD44OIPGJyPuKXhiDimIbkv53muKnjgajoqr/nkIbjgYzlkIzmmYLjgavlh7rmnaXjgovvvIHmlrDplovnmbrvvIHjgrXjg7zjg6Ig44OV44O844OJIOOCueOCv+ODg+OCq+ODvDxicj7il4Yg44Gd44Gu5LuW44OA44OD44OB44Kq44O844OW44Oz44Gv44GT44Gh44KJPGJyPjwvdGQ+PC90cj48L3RhYmxlPjxwPjxicj48YnI+PGltZyBzcmM9Imh0dHA6Ly9pbWFnZS5yYWt1dGVuLmNvLmpwL2VzcG9ydHMvY2FiaW5ldC9ibi9maXJlZ3JpbGw1MDAuZ2lmIiBhbHQ9IuODleOCoeOCpOOCouOCsOODquODq++8geOBiuW+l+OBquOCreODo+ODquODvOODkOODg+OCsOOCu+ODg+ODiO+8gSIgYm9yZGVyPSIwIj48YnI+PGJyPjxicj48YnI+5qSc57Si44Kt44O844Ov44O844OJ77ya56aP6KKLPGJyPjxsaW5rIHJlbD0ic3R5bGVzaGVldCIgdHlwZT0idGV4dC9jc3MiIGhyZWY9Imh0dHA6Ly93d3cucmFrdXRlbi5uZS5qcC9nb2xkL2VzcG9ydHMvc2hvcHBpbmdfcGFydHMuY3NzIj4KCjxkaXYgc3R5bGU9Im1hcmdpbi10b3A6LTI2cHg7Ij48L2Rpdj4KCjxpbWcgc3JjPSJodHRwOi8vd3d3LnJha3V0ZW4ubmUuanAvZ29sZC9lc3BvcnRzL2JuL3BvaW50L3BvaW50X2JiYi5qcGciIGFsdD0iMzAwMOWGhuS7peS4iuOBp+ODneOCpOODs+ODiO+8k+WAjSIgYm9yZGVyPSIwIiB3aWR0aD0iNzUwcHgiPgoKPCEtLSDjgrvjg7zjg6sgPGltZyBzcmM9Imh0dHA6Ly93d3cucmFrdXRlbi5uZS5qcC9nb2xkL2VzcG9ydHMvbmV3eWVhci1zYWxlL25ld3llYXItc2FsZS03ODAuanBnIiBib3JkZXI9IjAiIGFsdD0i44K744O844OrIiB3aWR0aD0iNzcwcHgiPjxicj48YnI+IOOCu+ODvOODqyAtLT4KCjwhLS0g44K544O844OR44O844K744O844OrIDxkaXYgc3R5bGU9IndpZHRoIDogNzUwcHg7Ij4KPGRpdiBhbGlnbj0iY2VudGVyIiBzdHlsZT0ibWFyZ2luLWJvdHRvbSA6IDBweDtib3JkZXItd2lkdGggOiAycHg7Ym9yZGVyLXN0eWxlIDogc29saWQ7Ym9yZGVyLWNvbG9yIDogI2JjMTEzMTsiPgoKPC9kaXY+PC9kaXY+PGRpdiBjbGFzcz0ibWFyZ2luNSI+PC9kaXY+PGJyPiDjgrnjg7zjg5Hjg7zjgrvjg7zjg6stLT4KCjwhLS0g44K544O844OR44O844K744O844OrMiDvvIjjg5Djg4rjg7zjga7jgb/vvIk8aW1nIHNyYz0iaHR0cDovL3d3dy5yYWt1dGVuLm5lLmpwL2dvbGQvZXNwb3J0cy9zcHNhbGUvc2FsZS1ibjc4MC5qcGciIGJvcmRlcj0iMCIgYWx0PSLjgrvjg7zjg6siIHdpZHRoPSI3NzBweCI+PGJyPjxicj4g44K544O844OR44O8IC0tPgoKPGRpdiBjbGFzcz0iY29udGVudHMiPjwhLS0g5ZGK55+lIAo8ZGl2IHN0eWxlPSJ3aWR0aDo3MzZweDsgcGFkZGluZzoxNXB4OyBtYXJnaW46NXB4IDAgMTVweDsgYm9yZGVyOnNvbGlkICNFNjJGMkYgMnB4OyI+CjxwIHN0eWxlPSJmb250LXdlaWdodDpib2xkOyBmb250LXNpemU6MTdweDsgdGV4dC1hbGlnbjpjZW50ZXI7Ij7jgJAgPHNwYW4gc3R5bGU9ImJvcmRlci1ib3R0b206MnB4IGRvdHRlZCAjOTk5OyBmb250LXNpemU6MTVweDsiPjXmnIgyNuaXpSjph5Ep44Gu5Za25qWt44Gr44Gk44GE44GmPC9zcGFuPiDjgJE8L3A+CjxwIHN0eWxlPSJmb250LXNpemU6MTNweDsgbWFyZ2luLXRvcDoxNXB4OyI+6Kqg44Gr5Yud5omL44Gq44GM44KJNeaciDI25pelKOmHkSnjga/jgIHnpL7lhoXnoJTkv67jga7jgZ/jgoHjgIHllrbmpa3mmYLplpPjgpLljYjliY0xMu+8mjAw44G+44Gn44Go44GV44Gb44Gm44GE44Gf44Gg44GN44G+44GZ44CC5bCa44CB44CM44GC44GZ5qW944CN5a++5b+c5ZOB44Gr44Gk44GN44G+44GX44Gm44Gv44CB6YCa5bi46YCa44KKMTLvvJowMOOBvuOBp+OBruOBlOazqOaWh+OCkuW9k+aXpeeZuumAgeOBleOBm+OBpuOBhOOBn+OBoOOBjeOBvuOBmeOAgjwvcD4KPHAgc3R5bGU9ImZvbnQtc2l6ZToxM3B4OyBtYXJnaW4tdG9wOjE1cHg7Ij7jgYrlrqLmp5jjgavjga/jgZTkuI3kvr/jgpLjgYrmjpvjgZHoh7TjgZfjgb7jgZnjgYzjgIHjgZTnkIbop6Pjga7nqIvjgIHlrpzjgZfjgY/jgYrpoZjjgYToh7TjgZfjgb7jgZnjgII8L3A+CjwvZGl2PiAtLT4KCgo8IS0tIDxkaXYgc3R5bGU9IndpZHRoOjczNnB4OyBwYWRkaW5nOjE1cHg7IG1hcmdpbjo1cHggMCAxNXB4OyBib3JkZXI6c29saWQgI0U2MkYyRiAycHg7Ij4KPHAgc3R5bGU9ImZvbnQtd2VpZ2h0OmJvbGQ7IGZvbnQtc2l6ZToxN3B4OyB0ZXh0LWFsaWduOmNlbnRlcjsgbWFyZ2luOjA7Ij7jgJAgPHNwYW4gc3R5bGU9ImJvcmRlci1ib3R0b206MnB4IGRvdHRlZCAjOTk5OyBmb250LXNpemU6MTVweDsiPuWkqeWAmeS4jeiJr+OBruW9semfv+OBq+OCiOOCi+mFjemAgemBheW7tuOBq+OBpOOBhOOBpjwvc3Bhbj4g44CRPC9wPgo8cCBzdHlsZT0iZm9udC1zaXplOjEzcHg7IG1hcmdpbjoxNXB4IDAgMDsiPuWPsOmiqOODu+ixqumbqOetieOBruWkqeWAmeS4jeiJr+OBq+S8tOOBhOOAgeS4gOmDqOWcsOWfn+OBp+OBiuiNt+eJqeOBruOBiuWxiuOBkeOBq+mBheOCjOOBjOeZuueUn+OBmeOCi+aBkOOCjOOBjOOBlOOBluOBhOOBvuOBmeOAgjwvcD4KPHAgc3R5bGU9ImZvbnQtc2l6ZToxM3B4OyBtYXJnaW46N3B4IDAgMDsiPuOBvuOBn+OAgeS7iuW+jOOBruWPsOmiqOOBrumAsui3r+OBq+OCiOOBo+OBpuOBr+OAgeW6g+evhOWbsuOBruWcsOWfn+OBp+mBheOCjOOBjOeUn+OBmOOCi+WPr+iDveaAp+OBjOOBguOCiuOBvuOBmeOAguWcsOWfn+OChOOCv+OCpOODn+ODs+OCsOOBq+OCiOOBo+OBpuOAgeOBlOW4jOacm+OBruOBiuWxiuOBkeaXpeaZguOBq+mFjemBlOOBp+OBjeOBquOBhOWgtOWQiOOBjOOBlOOBluOBhOOBvuOBmeOAgjwvcD4KPHAgc3R5bGU9ImZvbnQtc2l6ZToxM3B4OyBtYXJnaW46N3B4IDAgMDsiPuOBiuWuouanmOOBq+OBr+Wkp+WkieOBlOi/t+aDkeOCkuOBiuaOm+OBkeiHtOOBl+OBvuOBmeOBjOOAgeOBlOeQhuino+OBhOOBn+OBoOOBkeOBvuOBmeOCiOOBhuOBiumhmOOBhOiHtOOBl+OBvuOBmeOAgjwvcD4KPC9kaXY+IC0tPgoKCgo8IS0tIOS4gOmDqOWcsOWfn+OBp+OBrumFjemBlOmBheW7tuOBq+OBpOOBjeOBvuOBl+OBpiAtLT4KCgo8IS0tIOOCr+ODvOODneODsyAKPGltZyBzcmM9Imh0dHA6Ly93d3cucmFrdXRlbi5uZS5qcC9nb2xkL2VzcG9ydHMvYm4vY291cG9uL2NvdXBvbjc3MC5naWYiIGFsdD0iMjAw5YaGT0ZG44Kv44O844Od44OzIj4gLS0+CgoKCjwhLS0gPGltZyBzcmM9Imh0dHA6Ly93d3cucmFrdXRlbi5uZS5qcC9nb2xkL2VzcG9ydHMvYm4vYWRpZGFzL2FkaWRhcy1ibjM1Ny5qcGciIGFsdD0iYWRpZGFz44Od44Kk44Oz44OIMTXlgI0iPiAtLT4KCgo8YnI+,44CQ6YCB5paZ54Sh5paZ44CR5paw5a+M5aOr44OQ44O844OK44O877yI44K944OIIFNPVE/vvIkg44K544OG44Oz44Os44K5IOODgOODg+ODgeOCquODvOODluODsyA444Kk44Oz44OBIFNULTkwOCDjgJDpjYsg44Kt44Oj44Oz44OXIOOCouOCpuODiOODieOCoiDjg5Djg7zjg5njgq3jg6Xjg7wg44OA44OD44OB44Kq44O844OW44Oz5pys5L2T44CR77ya772F77yz77yw77yv77yy77y077yz5qW95aSp5pSv5bqX,44Ki44Km44OI44OJ44Ki44Kt44Oj44Oz44OX44OQ44O844OZ44Kt44Ol44O844OG44Oz44OI44K/44O844OX44OG44O844OW44Or44OB44Kn44Ki44K344Ol44Op44OV44Op44Oz44K/44Oz44Kv44O844Op44O844Oc44OD44Kv44K544Kz44O844Or44Oe44Oz44OO44O844K544OV44Kn44Kk44K544K544Od44O844OE44OV44Kj44OD44OI44ON44K544OA44Kk44Ko44OD44OI44OI44Os44O844OL44Oz44Kw44OX44Ot44OG44Kk44Oz44K144OX44Oq44Oh44Oz44OI44OA44Oz44OZ44Or44K144OD44Kr44O844CQ6YCB5paZ54Sh5paZ44CR5paw5a+M5aOr44OQ44O844OK44O877yI44K944OIIFNPVE/vvIkg44K544OG44Oz44Os44K5IOODgOODg+ODgeOCquODvOODluODsyA444Kk44Oz44OBIFNULTkwOCDjgJDpjYsg44Kt44Oj44Oz44OXIOOCouOCpuODiOODieOCoiDjg5Djg7zjg5njgq3jg6Xjg7wg44OA44OD44OB44Kq44O844OW44Oz5pys5L2T44CR,4peG44GC44GZ5qW94peG4piF6YCB5paZ54Sh5paZ4piF4piF5bCC55So44Kx44O844K55LuY44GN4piF44CC44CQ6YCB5paZ54Sh5paZ44CR5paw5a+M5aOr44OQ44O844OK44O877yI44K944OIIFNPVE/vvIkg44K544OG44Oz44Os44K5IOODgOODg+ODgeOCquODvOODluODsyA444Kk44Oz44OBIFNULTkwOCDjgJDpjYsg44Kt44Oj44Oz44OXIOOCouOCpuODiOODieOCoiDjg5Djg7zjg5njgq3jg6Xjg7wg44OA44OD44OB44Kq44O844OW44Oz5pys5L2T44CR[rn]
34-75317,aHR0cDovL3RzaG9wLnIxMHMuanAvZXNwb3J0cy9jYWJpbmV0Lzk0MzAtMi85NDMwMzEwMzkwMDUzLmpwZz9maXRpbj03MDA6NzAw,NjQ1My42MDAw,,44K544Od44O844OE44O744Ki44Km44OI44OJ44KiID4g44Ki44Km44OI44OJ44KiID4g44OQ44O844G544Kt44Ol44O844O744Kv44OD44Kt44Oz44Kw55So5ZOBID4g44OA44OD44OB44Kq44O844OW44Oz,44CQ6YCB5paZ54Sh5paZ44CR44Ot44OD44K477yITE9ER0XvvIkg44Ko44OK44Oh44Or44Of44OL44Kz44Kz44OD44OI5qWV5YaGUkQgMuWAiyBFQ01DTzQzIOOAkOmNiyDjgq3jg6Pjg7Pjg5cg44Ki44Km44OI44OJ44KiIOODkOODvOODmeOCreODpeODvCDjg4Djg4Pjg4Hjgqrjg7zjg5bjg7PmnKzkvZPjgJE=,4piF6YCB5paZ54Sh5paZ4piF,PCEtLWltZ190YWdzLS0+PHRhYmxlIGJvcmRlcj0iMCIgd2lkdGg9IjY1MCI+PFRSPjxURCBhbGlnbj0iY2VudGVyIj48QSBocmVmPSJodHRwOi8vd3d3LnJha3V0ZW4uY28uanAvZXNwb3J0cy9pbmZvMi5odG1sI2RlciI+PElNRyBzcmM9Imh0dHA6Ly93d3cucmFrdXRlbi5uZS5qcC9nb2xkL2VzcG9ydHMvc3VwcG9ydC9zaGlwcGluZzIuZ2lmIiBib3JkZXI9IjAiPjwvQT48QSBocmVmPSJodHRwOi8vd3d3LnJha3V0ZW4ubmUuanAvZ29sZC9lc3BvcnRzL3N1cHBvcnQvZGlzcGF0Y2guaHRtbCI+PElNRyBzcmM9Imh0dHA6Ly93d3cucmFrdXRlbi5uZS5qcC9nb2xkL2VzcG9ydHMvc3VwcG9ydC9kYXlzMi5naWYiIGJvcmRlcj0iMCI+PC9BPjxBIGhyZWY9Imh0dHA6Ly93d3cucmFrdXRlbi5uZS5qcC9nb2xkL2VzcG9ydHMvc3VwcG9ydC9kaXNwYXRjaC5odG1sIj48SU1HIHNyYz0iaHR0cDovL3d3dy5yYWt1dGVuLm5lLmpwL2dvbGQvZXNwb3J0cy9zdXBwb3J0L3BsYWNlMy5naWYiIGJvcmRlcj0iMCI+PC9BPjxBIGhyZWY9Imh0dHA6Ly93d3cucmFrdXRlbi5jby5qcC9lc3BvcnRzL2luZm8yLmh0bWwjYmFjayI+PElNRyBzcmM9Imh0dHA6Ly93d3cucmFrdXRlbi5uZS5qcC9nb2xkL2VzcG9ydHMvc3VwcG9ydC9yZXR1cm4xLmdpZiIgYm9yZGVyPSIwIj48L0E+PC90ZD48L3RyPjwvdGFibGU+PCEtLWltZ190YWdlLS0+PHN0cm9uZz48Zm9udCBjb2xvcj0iIzAwMDBDRCIgc2l6ZT0iNCI+6aOf5Y2T44Gr44KC5pig44GI44KL44CB576O44GX44GE44Kz44O844OG44Kj44Oz44Kw5Yqg5bel44KS5pa944GX44Gf44Kz44Kz44OD44OIMuWAi+e1hOOAgjxicj48L2ZvbnQ+PC9zdHJvbmc+PGJyPkxPREdFIOODreODg+OCuCDjgqjjg4rjg6Hjg6vjg5/jg4vjgrPjgrPjg4Pjg4ggMuWAi+OCu+ODg+ODiCDmpZXlhoblnovjga88YnI+5Ym15qWtMTAw5L2Z5bm044Gu5Lyd57Wx55qE44GqTE9ER0Xjga7pi7PpiYToo73ms5XjgpLjgoLjgajjgavkvZzjgonjgozjgZ88YnI+576O44GX44GE44Ko44OK44Oh44Or44Kz44O844OG44Kj44Oz44Kw44Go44OW44Op44OD44Kv44Oe44OD44OI44Kz44O844OG44Kj44Oz44Kw44Gu44Kz44Kz44OD44OI44Gn44GZ44CCPGJyPuiThOeGseaAp+OBjOmrmOOBhOOBn+OCgeS/nea4qeWKm+OAgeS/neWGt+WKm+OBq+WEquOCjOeFrui+vOOBv+aWmeeQhuOBi+OCieODnuODquODjeOBvuOBp+OAgTxicj7oqr/nkIbjga7jgb7jgb7jgq3jg4Pjg4Hjg7PjgYvjgonpgYvjgbPjg4bjg7zjg5bjg6vjgafmpb3jgZfjgpPjgafjgYTjgZ/jgaDjgY/jgZPjgajjgYzlh7rmnaXjgb7jgZnjgII8YnI+6JOL44Gu5oyB44Gh5omL44Gv6ICQ54ax5rip5bqmMjYw4oSD44Gu44K544OG44Oz44Os44K56KO944Gn44GZ44Gu44Gn6JOL44KS44GX44Gf44G+44G+44Kq44O844OW44Oz44Gr5YWl44KM44KJ44KM44G+44GZ44CCPGJyPjLlgIvjgrvjg4Pjg4jjgII8YnI+PGJyPjxzdHJvbmc+4oC744GK5L2/44GE44GuSUjmqZ/nqK7jgavjgojjgaPjgabjga/kvb/nlKjjgafjgY3jgarjgYTloLTlkIjjgYzjgZTjgZbjgYTjgb7jgZnjga7jgafjgIHjgZTms6jmhI/jgY/jgaDjgZXjgYTjgII8L3N0cm9uZz48YnI+PGJyPjxwPjx0YWJsZSBib3JkZXI9IjAiIHdpZHRoPSI5NyUiIGJnY29sb3I9IiNGRkZGRTAiPjx0cj48dGQ+PHN0cm9uZz48Zm9udCBjb2xvcj0iIzAwNjQwMCIgc2l6ZT0iMyI+44CQ6Zai6YCj5ZWG5ZOB44Gv44GT44Gh44KJ44Gn44GZ44CRPC9mb250Pjwvc3Ryb25nPjxicj7il4Yg44Gd44Gu5LuW44OA44OD44OB44Kq44O844OW44Oz44Gv44GT44Gh44KJPGJyPjwvdGQ+PC90cj48L3RhYmxlPjxicj48YnI+PCEtLW1rX3RhZ3MtLT48UD48SU1HIHNyYz0iaHR0cDovL3d3dy5yYWt1dGVuLm5lLmpwL2dvbGQvZXNwb3J0cy9ibi9qeXVoYXR0eXV1NTIwLTYwLmpwZyIgd2lkdGg9IjUyMCIgaGVpZ2h0PSI2MCIgYm9yZGVyPSIwIj48L1A+PCEtLW1rX3RhZ2UtLT48YnI+4peP566h55CGY29kZe+8mjc5ODQ5MTgwPCEtLXNwZWNfdGFncy0tPjxwPjxzdHJvbmc+PGZvbnQgY29sb3I9IiMwMDAwQ0QiIHNpemU9IjMiPuOAkOWVhuWTgeOCueODmuODg+OCr+OAkTwvZm9udD48L3N0cm9uZz48YnI+4pePPHN0cm9uZz7jgrXjgqTjgro8L3N0cm9uZz4gOiAxMsOXOGNtPGJyPuKXjzxzdHJvbmc+5rex44GVPC9zdHJvbmc+IDogNC41Y208YnI+4pePPHN0cm9uZz7ph43jgZU8L3N0cm9uZz4gOiDntIQ5OTBnPGJyPuKXjzxzdHJvbmc+44K744OD44OI5YaF5a65PC9zdHJvbmc+IDogMuWAi+OCu+ODg+ODiDxicj48IS0tc3BlY190YWdlLS0+PGJyPjxsaW5rIHJlbD0ic3R5bGVzaGVldCIgdHlwZT0idGV4dC9jc3MiIGhyZWY9Imh0dHA6Ly93d3cucmFrdXRlbi5uZS5qcC9nb2xkL2VzcG9ydHMvc2hvcHBpbmdfcGFydHMuY3NzIj4KCjxkaXYgc3R5bGU9Im1hcmdpbi10b3A6LTI2cHg7Ij48L2Rpdj4KCjxpbWcgc3JjPSJodHRwOi8vd3d3LnJha3V0ZW4ubmUuanAvZ29sZC9lc3BvcnRzL2JuL3BvaW50L3BvaW50X2JiYi5qcGciIGFsdD0iMzAwMOWGhuS7peS4iuOBp+ODneOCpOODs+ODiO+8k+WAjSIgYm9yZGVyPSIwIiB3aWR0aD0iNzUwcHgiPgoKPCEtLSDjgrvjg7zjg6sgPGltZyBzcmM9Imh0dHA6Ly93d3cucmFrdXRlbi5uZS5qcC9nb2xkL2VzcG9ydHMvbmV3eWVhci1zYWxlL25ld3llYXItc2FsZS03ODAuanBnIiBib3JkZXI9IjAiIGFsdD0i44K744O844OrIiB3aWR0aD0iNzcwcHgiPjxicj48YnI+IOOCu+ODvOODqyAtLT4KCjwhLS0g44K544O844OR44O844K744O844OrIDxkaXYgc3R5bGU9IndpZHRoIDogNzUwcHg7Ij4KPGRpdiBhbGlnbj0iY2VudGVyIiBzdHlsZT0ibWFyZ2luLWJvdHRvbSA6IDBweDtib3JkZXItd2lkdGggOiAycHg7Ym9yZGVyLXN0eWxlIDogc29saWQ7Ym9yZGVyLWNvbG9yIDogI2JjMTEzMTsiPgoKPC9kaXY+PC9kaXY+PGRpdiBjbGFzcz0ibWFyZ2luNSI+PC9kaXY+PGJyPiDjgrnjg7zjg5Hjg7zjgrvjg7zjg6stLT4KCjwhLS0g44K544O844OR44O844K744O844OrMiDvvIjjg5Djg4rjg7zjga7jgb/vvIk8aW1nIHNyYz0iaHR0cDovL3d3dy5yYWt1dGVuLm5lLmpwL2dvbGQvZXNwb3J0cy9zcHNhbGUvc2FsZS1ibjc4MC5qcGciIGJvcmRlcj0iMCIgYWx0PSLjgrvjg7zjg6siIHdpZHRoPSI3NzBweCI+PGJyPjxicj4g44K544O844OR44O8IC0tPgoKPGRpdiBjbGFzcz0iY29udGVudHMiPjwhLS0g5ZGK55+lIAo8ZGl2IHN0eWxlPSJ3aWR0aDo3MzZweDsgcGFkZGluZzoxNXB4OyBtYXJnaW46NXB4IDAgMTVweDsgYm9yZGVyOnNvbGlkICNFNjJGMkYgMnB4OyI+CjxwIHN0eWxlPSJmb250LXdlaWdodDpib2xkOyBmb250LXNpemU6MTdweDsgdGV4dC1hbGlnbjpjZW50ZXI7Ij7jgJAgPHNwYW4gc3R5bGU9ImJvcmRlci1ib3R0b206MnB4IGRvdHRlZCAjOTk5OyBmb250LXNpemU6MTVweDsiPjXmnIgyNuaXpSjph5Ep44Gu5Za25qWt44Gr44Gk44GE44GmPC9zcGFuPiDjgJE8L3A+CjxwIHN0eWxlPSJmb250LXNpemU6MTNweDsgbWFyZ2luLXRvcDoxNXB4OyI+6Kqg44Gr5Yud5omL44Gq44GM44KJNeaciDI25pelKOmHkSnjga/jgIHnpL7lhoXnoJTkv67jga7jgZ/jgoHjgIHllrbmpa3mmYLplpPjgpLljYjliY0xMu+8mjAw44G+44Gn44Go44GV44Gb44Gm44GE44Gf44Gg44GN44G+44GZ44CC5bCa44CB44CM44GC44GZ5qW944CN5a++5b+c5ZOB44Gr44Gk44GN44G+44GX44Gm44Gv44CB6YCa5bi46YCa44KKMTLvvJowMOOBvuOBp+OBruOBlOazqOaWh+OCkuW9k+aXpeeZuumAgeOBleOBm+OBpuOBhOOBn+OBoOOBjeOBvuOBmeOAgjwvcD4KPHAgc3R5bGU9ImZvbnQtc2l6ZToxM3B4OyBtYXJnaW4tdG9wOjE1cHg7Ij7jgYrlrqLmp5jjgavjga/jgZTkuI3kvr/jgpLjgYrmjpvjgZHoh7TjgZfjgb7jgZnjgYzjgIHjgZTnkIbop6Pjga7nqIvjgIHlrpzjgZfjgY/jgYrpoZjjgYToh7TjgZfjgb7jgZnjgII8L3A+CjwvZGl2PiAtLT4KCgo8IS0tIDxkaXYgc3R5bGU9IndpZHRoOjczNnB4OyBwYWRkaW5nOjE1cHg7IG1hcmdpbjo1cHggMCAxNXB4OyBib3JkZXI6c29saWQgI0U2MkYyRiAycHg7Ij4KPHAgc3R5bGU9ImZvbnQtd2VpZ2h0OmJvbGQ7IGZvbnQtc2l6ZToxN3B4OyB0ZXh0LWFsaWduOmNlbnRlcjsgbWFyZ2luOjA7Ij7jgJAgPHNwYW4gc3R5bGU9ImJvcmRlci1ib3R0b206MnB4IGRvdHRlZCAjOTk5OyBmb250LXNpemU6MTVweDsiPuWkqeWAmeS4jeiJr+OBruW9semfv+OBq+OCiOOCi+mFjemAgemBheW7tuOBq+OBpOOBhOOBpjwvc3Bhbj4g44CRPC9wPgo8cCBzdHlsZT0iZm9udC1zaXplOjEzcHg7IG1hcmdpbjoxNXB4IDAgMDsiPuWPsOmiqOODu+ixqumbqOetieOBruWkqeWAmeS4jeiJr+OBq+S8tOOBhOOAgeS4gOmDqOWcsOWfn+OBp+OBiuiNt+eJqeOBruOBiuWxiuOBkeOBq+mBheOCjOOBjOeZuueUn+OBmeOCi+aBkOOCjOOBjOOBlOOBluOBhOOBvuOBmeOAgjwvcD4KPHAgc3R5bGU9ImZvbnQtc2l6ZToxM3B4OyBtYXJnaW46N3B4IDAgMDsiPuOBvuOBn+OAgeS7iuW+jOOBruWPsOmiqOOBrumAsui3r+OBq+OCiOOBo+OBpuOBr+OAgeW6g+evhOWbsuOBruWcsOWfn+OBp+mBheOCjOOBjOeUn+OBmOOCi+WPr+iDveaAp+OBjOOBguOCiuOBvuOBmeOAguWcsOWfn+OChOOCv+OCpOODn+ODs+OCsOOBq+OCiOOBo+OBpuOAgeOBlOW4jOacm+OBruOBiuWxiuOBkeaXpeaZguOBq+mFjemBlOOBp+OBjeOBquOBhOWgtOWQiOOBjOOBlOOBluOBhOOBvuOBmeOAgjwvcD4KPHAgc3R5bGU9ImZvbnQtc2l6ZToxM3B4OyBtYXJnaW46N3B4IDAgMDsiPuOBiuWuouanmOOBq+OBr+Wkp+WkieOBlOi/t+aDkeOCkuOBiuaOm+OBkeiHtOOBl+OBvuOBmeOBjOOAgeOBlOeQhuino+OBhOOBn+OBoOOBkeOBvuOBmeOCiOOBhuOBiumhmOOBhOiHtOOBl+OBvuOBmeOAgjwvcD4KPC9kaXY+IC0tPgoKCgo8IS0tIOS4gOmDqOWcsOWfn+OBp+OBrumFjemBlOmBheW7tuOBq+OBpOOBjeOBvuOBl+OBpiAtLT4KCgo8IS0tIOOCr+ODvOODneODsyAKPGltZyBzcmM9Imh0dHA6Ly93d3cucmFrdXRlbi5uZS5qcC9nb2xkL2VzcG9ydHMvYm4vY291cG9uL2NvdXBvbjc3MC5naWYiIGFsdD0iMjAw5YaGT0ZG44Kv44O844Od44OzIj4gLS0+CgoKCjwhLS0gPGltZyBzcmM9Imh0dHA6Ly93d3cucmFrdXRlbi5uZS5qcC9nb2xkL2VzcG9ydHMvYm4vYWRpZGFzL2FkaWRhcy1ibjM1Ny5qcGciIGFsdD0iYWRpZGFz44Od44Kk44Oz44OIMTXlgI0iPiAtLT4KCgo8YnI+,44CQ6YCB5paZ54Sh5paZ44CR44Ot44OD44K477yITE9ER0XvvIkg44Ko44OK44Oh44Or44Of44OL44Kz44Kz44OD44OI5qWV5YaGUkQgMuWAiyBFQ01DTzQzIOOAkOmNiyDjgq3jg6Pjg7Pjg5cg44Ki44Km44OI44OJ44KiIOODkOODvOODmeOCreODpeODvCDjg4Djg4Pjg4Hjgqrjg7zjg5bjg7PmnKzkvZPjgJHvvJrvvYXvvLPvvLDvvK/vvLLvvLTvvLPmpb3lpKnmlK/lupc=,44Ki44Km44OI44OJ44Ki44Kt44Oj44Oz44OX44OQ44O844OZ44Kt44Ol44O844OG44Oz44OI44K/44O844OX44OG44O844OW44Or44OB44Kn44Ki44K344Ol44Op44OV44Op44Oz44K/44Oz44Kv44O844Op44O844Oc44OD44Kv44K544Kz44O844Or44Oe44Oz44OO44O844K544OV44Kn44Kk44K544K544Od44O844OE44OV44Kj44OD44OI44ON44K544OA44Kk44Ko44OD44OI44OI44Os44O844OL44Oz44Kw44OX44Ot44OG44Kk44Oz44K144OX44Oq44Oh44Oz44OI44OA44Oz44OZ44Or44K144OD44Kr44O844CQ6YCB5paZ54Sh5paZ44CR44Ot44OD44K477yITE9ER0XvvIkg44Ko44OK44Oh44Or44Of44OL44Kz44Kz44OD44OI5qWV5YaGUkQgMuWAiyBFQ01DTzQzIOOAkOmNiyDjgq3jg6Pjg7Pjg5cg44Ki44Km44OI44OJ44KiIOODkOODvOODmeOCreODpeODvCDjg4Djg4Pjg4Hjgqrjg7zjg5bjg7PmnKzkvZPjgJE=,4piF6YCB5paZ54Sh5paZ4piF44CC44CQ6YCB5paZ54Sh5paZ44CR44Ot44OD44K477yITE9ER0XvvIkg44Ko44OK44Oh44Or44Of44OL44Kz44Kz44OD44OI5qWV5YaGUkQgMuWAiyBFQ01DTzQzIOOAkOmNiyDjgq3jg6Pjg7Pjg5cg44Ki44Km44OI44OJ44KiIOODkOODvOODmeOCreODpeODvCDjg4Djg4Pjg4Hjgqrjg7zjg5bjg7PmnKzkvZPjgJE=[rn]
34-75318,aHR0cDovL3RzaG9wLnIxMHMuanAvZXNwb3J0cy9jYWJpbmV0Lzk1MDcvOTUwNzMxMDQ5MDI0Mi5qcGc/Zml0aW49NzAwOjcwMA==,MjA5OS4yMDAw,,44K544Od44O844OE44O744Ki44Km44OI44OJ44KiID4g44Ki44Km44OI44OJ44KiID4g44OQ44O844G544Kt44Ol44O844O744Kv44OD44Kt44Oz44Kw55So5ZOBID4g44OA44OD44OB44Kq44O844OW44Oz,44Oa44OI44Ot44Oe44OD44Kv44K577yIUGV0cm9tYXjvvIkg44Kt44Oj44K544OI44Ki44Kk44Ki44Oz44OI44Op44Kk44OZ44OD44OIIDEyNjgyIOOAkOOCreODo+ODs+ODlyDpjYsg44OA44OD44OB44Kq44O844OW44OzIOaWmeeQhuOAkQ==,,PCEtLWltZ190YWdzLS0+PHRhYmxlIGJvcmRlcj0iMCIgd2lkdGg9IjY1MCI+PFRSPjxURCBhbGlnbj0iY2VudGVyIj48QSBocmVmPSJodHRwOi8vd3d3LnJha3V0ZW4uY28uanAvZXNwb3J0cy9pbmZvMi5odG1sI2RlciI+PElNRyBzcmM9Imh0dHA6Ly93d3cucmFrdXRlbi5uZS5qcC9nb2xkL2VzcG9ydHMvc3VwcG9ydC9zaGlwcGluZzIuZ2lmIiBib3JkZXI9IjAiPjwvQT48QSBocmVmPSJodHRwOi8vd3d3LnJha3V0ZW4ubmUuanAvZ29sZC9lc3BvcnRzL3N1cHBvcnQvZGlzcGF0Y2guaHRtbCI+PElNRyBzcmM9Imh0dHA6Ly93d3cucmFrdXRlbi5uZS5qcC9nb2xkL2VzcG9ydHMvc3VwcG9ydC9kYXlzMi5naWYiIGJvcmRlcj0iMCI+PC9BPjxBIGhyZWY9Imh0dHA6Ly93d3cucmFrdXRlbi5uZS5qcC9nb2xkL2VzcG9ydHMvc3VwcG9ydC9kaXNwYXRjaC5odG1sIj48SU1HIHNyYz0iaHR0cDovL3d3dy5yYWt1dGVuLm5lLmpwL2dvbGQvZXNwb3J0cy9zdXBwb3J0L3BsYWNlMy5naWYiIGJvcmRlcj0iMCI+PC9BPjxBIGhyZWY9Imh0dHA6Ly93d3cucmFrdXRlbi5jby5qcC9lc3BvcnRzL2luZm8yLmh0bWwjYmFjayI+PElNRyBzcmM9Imh0dHA6Ly93d3cucmFrdXRlbi5uZS5qcC9nb2xkL2VzcG9ydHMvc3VwcG9ydC9yZXR1cm4xLmdpZiIgYm9yZGVyPSIwIj48L0E+PC90ZD48L3RyPjwvdGFibGU+PCEtLWltZ190YWdlLS0+PHN0cm9uZz48Zm9udCBjb2xvcj0iIzAwMDBDRCIgc2l6ZT0iNCI+PC9mb250Pjwvc3Ryb25nPjxicj7po5/mnZDjga7nhKbjgZLku5jjgY3pmLLmraLjgavjgII8YnI+4oC744Oa44OI44Ot44Oe44OD44Kv44K544OA44OD44OB44Kq44O844OW44OzZnQ244O7ZnQ544O7ZnQxMueUqDxicj48YnI+PHA+PGltZyBzcmM9Imh0dHA6Ly9pbWFnZS5yYWt1dGVuLmNvLmpwL2VzcG9ydHMvY2FiaW5ldC9wZXRyb21heC9wZXRyb21heDUwMC5qcGciIGJvcmRlcj0iMCIgYWx0PSLjg5rjg4jjg63jg57jg4Pjgq/jgrnvvIhQZXRyb21heO+8iSI+PGJyPjxicj48IS0tbWtfdGFncy0tPjxQPjxJTUcgc3JjPSJodHRwOi8vd3d3LnJha3V0ZW4ubmUuanAvZ29sZC9lc3BvcnRzL2JuL2p5dWhhdHR5dXU1MjAtNjAuanBnIiB3aWR0aD0iNTIwIiBoZWlnaHQ9IjYwIiBib3JkZXI9IjAiPjwvUD48IS0tbWtfdGFnZS0tPjxicj7il4/nrqHnkIZjb2Rl77yaNzk4Mzk4NzE8IS0tc3BlY190YWdzLS0+PHA+PHN0cm9uZz48Zm9udCBjb2xvcj0iIzAwMDBDRCIgc2l6ZT0iMyI+44CQ5ZWG5ZOB44K544Oa44OD44Kv44CRPC9mb250Pjwvc3Ryb25nPjxicj7il488c3Ryb25nPuOCteOCpOOCujwvc3Ryb25nPiA6IOebtOW+hDIzY23jgIHpq5jjgZUwLjhjbTxicj7il488c3Ryb25nPumHjemHjzwvc3Ryb25nPiA6IDFrZzxicj48IS0tc3BlY190YWdlLS0+PGJyPjxsaW5rIHJlbD0ic3R5bGVzaGVldCIgdHlwZT0idGV4dC9jc3MiIGhyZWY9Imh0dHA6Ly93d3cucmFrdXRlbi5uZS5qcC9nb2xkL2VzcG9ydHMvc2hvcHBpbmdfcGFydHMuY3NzIj4KCjxkaXYgc3R5bGU9Im1hcmdpbi10b3A6LTI2cHg7Ij48L2Rpdj4KCjxpbWcgc3JjPSJodHRwOi8vd3d3LnJha3V0ZW4ubmUuanAvZ29sZC9lc3BvcnRzL2JuL3BvaW50L3BvaW50X2JiYi5qcGciIGFsdD0iMzAwMOWGhuS7peS4iuOBp+ODneOCpOODs+ODiO+8k+WAjSIgYm9yZGVyPSIwIiB3aWR0aD0iNzUwcHgiPgoKPCEtLSDjgrvjg7zjg6sgPGltZyBzcmM9Imh0dHA6Ly93d3cucmFrdXRlbi5uZS5qcC9nb2xkL2VzcG9ydHMvbmV3eWVhci1zYWxlL25ld3llYXItc2FsZS03ODAuanBnIiBib3JkZXI9IjAiIGFsdD0i44K744O844OrIiB3aWR0aD0iNzcwcHgiPjxicj48YnI+IOOCu+ODvOODqyAtLT4KCjwhLS0g44K544O844OR44O844K744O844OrIDxkaXYgc3R5bGU9IndpZHRoIDogNzUwcHg7Ij4KPGRpdiBhbGlnbj0iY2VudGVyIiBzdHlsZT0ibWFyZ2luLWJvdHRvbSA6IDBweDtib3JkZXItd2lkdGggOiAycHg7Ym9yZGVyLXN0eWxlIDogc29saWQ7Ym9yZGVyLWNvbG9yIDogI2JjMTEzMTsiPgoKPC9kaXY+PC9kaXY+PGRpdiBjbGFzcz0ibWFyZ2luNSI+PC9kaXY+PGJyPiDjgrnjg7zjg5Hjg7zjgrvjg7zjg6stLT4KCjwhLS0g44K544O844OR44O844K744O844OrMiDvvIjjg5Djg4rjg7zjga7jgb/vvIk8aW1nIHNyYz0iaHR0cDovL3d3dy5yYWt1dGVuLm5lLmpwL2dvbGQvZXNwb3J0cy9zcHNhbGUvc2FsZS1ibjc4MC5qcGciIGJvcmRlcj0iMCIgYWx0PSLjgrvjg7zjg6siIHdpZHRoPSI3NzBweCI+PGJyPjxicj4g44K544O844OR44O8IC0tPgoKPGRpdiBjbGFzcz0iY29udGVudHMiPjwhLS0g5ZGK55+lIAo8ZGl2IHN0eWxlPSJ3aWR0aDo3MzZweDsgcGFkZGluZzoxNXB4OyBtYXJnaW46NXB4IDAgMTVweDsgYm9yZGVyOnNvbGlkICNFNjJGMkYgMnB4OyI+CjxwIHN0eWxlPSJmb250LXdlaWdodDpib2xkOyBmb250LXNpemU6MTdweDsgdGV4dC1hbGlnbjpjZW50ZXI7Ij7jgJAgPHNwYW4gc3R5bGU9ImJvcmRlci1ib3R0b206MnB4IGRvdHRlZCAjOTk5OyBmb250LXNpemU6MTVweDsiPjXmnIgyNuaXpSjph5Ep44Gu5Za25qWt44Gr44Gk44GE44GmPC9zcGFuPiDjgJE8L3A+CjxwIHN0eWxlPSJmb250LXNpemU6MTNweDsgbWFyZ2luLXRvcDoxNXB4OyI+6Kqg44Gr5Yud5omL44Gq44GM44KJNeaciDI25pelKOmHkSnjga/jgIHnpL7lhoXnoJTkv67jga7jgZ/jgoHjgIHllrbmpa3mmYLplpPjgpLljYjliY0xMu+8mjAw44G+44Gn44Go44GV44Gb44Gm44GE44Gf44Gg44GN44G+44GZ44CC5bCa44CB44CM44GC44GZ5qW944CN5a++5b+c5ZOB44Gr44Gk44GN44G+44GX44Gm44Gv44CB6YCa5bi46YCa44KKMTLvvJowMOOBvuOBp+OBruOBlOazqOaWh+OCkuW9k+aXpeeZuumAgeOBleOBm+OBpuOBhOOBn+OBoOOBjeOBvuOBmeOAgjwvcD4KPHAgc3R5bGU9ImZvbnQtc2l6ZToxM3B4OyBtYXJnaW4tdG9wOjE1cHg7Ij7jgYrlrqLmp5jjgavjga/jgZTkuI3kvr/jgpLjgYrmjpvjgZHoh7TjgZfjgb7jgZnjgYzjgIHjgZTnkIbop6Pjga7nqIvjgIHlrpzjgZfjgY/jgYrpoZjjgYToh7TjgZfjgb7jgZnjgII8L3A+CjwvZGl2PiAtLT4KCgo8IS0tIDxkaXYgc3R5bGU9IndpZHRoOjczNnB4OyBwYWRkaW5nOjE1cHg7IG1hcmdpbjo1cHggMCAxNXB4OyBib3JkZXI6c29saWQgI0U2MkYyRiAycHg7Ij4KPHAgc3R5bGU9ImZvbnQtd2VpZ2h0OmJvbGQ7IGZvbnQtc2l6ZToxN3B4OyB0ZXh0LWFsaWduOmNlbnRlcjsgbWFyZ2luOjA7Ij7jgJAgPHNwYW4gc3R5bGU9ImJvcmRlci1ib3R0b206MnB4IGRvdHRlZCAjOTk5OyBmb250LXNpemU6MTVweDsiPuWkqeWAmeS4jeiJr+OBruW9semfv+OBq+OCiOOCi+mFjemAgemBheW7tuOBq+OBpOOBhOOBpjwvc3Bhbj4g44CRPC9wPgo8cCBzdHlsZT0iZm9udC1zaXplOjEzcHg7IG1hcmdpbjoxNXB4IDAgMDsiPuWPsOmiqOODu+ixqumbqOetieOBruWkqeWAmeS4jeiJr+OBq+S8tOOBhOOAgeS4gOmDqOWcsOWfn+OBp+OBiuiNt+eJqeOBruOBiuWxiuOBkeOBq+mBheOCjOOBjOeZuueUn+OBmeOCi+aBkOOCjOOBjOOBlOOBluOBhOOBvuOBmeOAgjwvcD4KPHAgc3R5bGU9ImZvbnQtc2l6ZToxM3B4OyBtYXJnaW46N3B4IDAgMDsiPuOBvuOBn+OAgeS7iuW+jOOBruWPsOmiqOOBrumAsui3r+OBq+OCiOOBo+OBpuOBr+OAgeW6g+evhOWbsuOBruWcsOWfn+OBp+mBheOCjOOBjOeUn+OBmOOCi+WPr+iDveaAp+OBjOOBguOCiuOBvuOBmeOAguWcsOWfn+OChOOCv+OCpOODn+ODs+OCsOOBq+OCiOOBo+OBpuOAgeOBlOW4jOacm+OBruOBiuWxiuOBkeaXpeaZguOBq+mFjemBlOOBp+OBjeOBquOBhOWgtOWQiOOBjOOBlOOBluOBhOOBvuOBmeOAgjwvcD4KPHAgc3R5bGU9ImZvbnQtc2l6ZToxM3B4OyBtYXJnaW46N3B4IDAgMDsiPuOBiuWuouanmOOBq+OBr+Wkp+WkieOBlOi/t+aDkeOCkuOBiuaOm+OBkeiHtOOBl+OBvuOBmeOBjOOAgeOBlOeQhuino+OBhOOBn+OBoOOBkeOBvuOBmeOCiOOBhuOBiumhmOOBhOiHtOOBl+OBvuOBmeOAgjwvcD4KPC9kaXY+IC0tPgoKCgo8IS0tIOS4gOmDqOWcsOWfn+OBp+OBrumFjemBlOmBheW7tuOBq+OBpOOBjeOBvuOBl+OBpiAtLT4KCgo8IS0tIOOCr+ODvOODneODsyAKPGltZyBzcmM9Imh0dHA6Ly93d3cucmFrdXRlbi5uZS5qcC9nb2xkL2VzcG9ydHMvYm4vY291cG9uL2NvdXBvbjc3MC5naWYiIGFsdD0iMjAw5YaGT0ZG44Kv44O844Od44OzIj4gLS0+CgoKCjwhLS0gPGltZyBzcmM9Imh0dHA6Ly93d3cucmFrdXRlbi5uZS5qcC9nb2xkL2VzcG9ydHMvYm4vYWRpZGFzL2FkaWRhcy1ibjM1Ny5qcGciIGFsdD0iYWRpZGFz44Od44Kk44Oz44OIMTXlgI0iPiAtLT4KCgo8YnI+,44Oa44OI44Ot44Oe44OD44Kv44K577yIUGV0cm9tYXjvvIkg44Kt44Oj44K544OI44Ki44Kk44Ki44Oz44OI44Op44Kk44OZ44OD44OIIDEyNjgyIOOAkOOCreODo+ODs+ODlyDpjYsg44OA44OD44OB44Kq44O844OW44OzIOaWmeeQhuOAke+8mu+9he+8s++8sO+8r++8su+8tO+8s+alveWkqeaUr+W6lw==,44Ki44Km44OI44OJ44Ki44Kt44Oj44Oz44OX44OQ44O844OZ44Kt44Ol44O844OG44Oz44OI44K/44O844OX44OG44O844OW44Or44OB44Kn44Ki44K344Ol44Op44OV44Op44Oz44K/44Oz44Kv44O844Op44O844Oc44OD44Kv44K544Kz44O844Or44Oe44Oz44OO44O844K544OV44Kn44Kk44K544K544Od44O844OE44OV44Kj44OD44OI44ON44K544OA44Kk44Ko44OD44OI44OI44Os44O844OL44Oz44Kw44OX44Ot44OG44Kk44Oz44K144OX44Oq44Oh44Oz44OI44OA44Oz44OZ44Or44K144OD44Kr44O844Oa44OI44Ot44Oe44OD44Kv44K577yIUGV0cm9tYXjvvIkg44Kt44Oj44K544OI44Ki44Kk44Ki44Oz44OI44Op44Kk44OZ44OD44OIIDEyNjgyIOOAkOOCreODo+ODs+ODlyDpjYsg44OA44OD44OB44Kq44O844OW44OzIOaWmeeQhuOAkQ==,44Oa44OI44Ot44Oe44OD44Kv44K577yIUGV0cm9tYXjvvIkg44Kt44Oj44K544OI44Ki44Kk44Ki44Oz44OI44Op44Kk44OZ44OD44OIIDEyNjgyIOOAkOOCreODo+ODs+ODlyDpjYsg44OA44OD44OB44Kq44O844OW44OzIOaWmeeQhuOAkQ==[rn]
34-75319,aHR0cDovL3RzaG9wLnIxMHMuanAvZXNwb3J0cy9jYWJpbmV0Lzk5NDQvOTk0NDMyMDQ5MDAyMi5qcGc/Zml0aW49NzAwOjcwMA==,MzExMC40MDAw,,44K544Od44O844OE44O744Ki44Km44OI44OJ44KiID4g44Ki44Km44OI44OJ44KiID4g44OQ44O844G544Kt44Ol44O844O744Kv44OD44Kt44Oz44Kw55So5ZOBID4g44OA44OD44OB44Kq44O844OW44Oz,44Ko44OQ44OL44Ol44O877yIRVZFUk5FV++8iSDljZfpg6jpiYTlmagg44K344OB44Ol44O844OR44OzIOOCquODvOODkOODqyBDVC0xMSBFQ04xMzUg44CQ44Ki44Km44OI44OJ44KiIOmNiyDoqr/nkIblmajlhbfjgJE=,,PCEtLWltZ190YWdzLS0+PHRhYmxlIGJvcmRlcj0iMCIgd2lkdGg9IjY1MCI+PFRSPjxURCBhbGlnbj0iY2VudGVyIj48QSBocmVmPSJodHRwOi8vd3d3LnJha3V0ZW4uY28uanAvZXNwb3J0cy9pbmZvMi5odG1sI2RlciI+PElNRyBzcmM9Imh0dHA6Ly93d3cucmFrdXRlbi5uZS5qcC9nb2xkL2VzcG9ydHMvc3VwcG9ydC9zaGlwcGluZzIuZ2lmIiBib3JkZXI9IjAiPjwvQT48QSBocmVmPSJodHRwOi8vd3d3LnJha3V0ZW4ubmUuanAvZ29sZC9lc3BvcnRzL3N1cHBvcnQvZGlzcGF0Y2guaHRtbCI+PElNRyBzcmM9Imh0dHA6Ly93d3cucmFrdXRlbi5uZS5qcC9nb2xkL2VzcG9ydHMvc3VwcG9ydC9kYXlzMi5naWYiIGJvcmRlcj0iMCI+PC9BPjxBIGhyZWY9Imh0dHA6Ly93d3cucmFrdXRlbi5uZS5qcC9nb2xkL2VzcG9ydHMvc3VwcG9ydC9kaXNwYXRjaC5odG1sIj48SU1HIHNyYz0iaHR0cDovL3d3dy5yYWt1dGVuLm5lLmpwL2dvbGQvZXNwb3J0cy9zdXBwb3J0L3BsYWNlMi5naWYiIGJvcmRlcj0iMCI+PC9BPjxBIGhyZWY9Imh0dHA6Ly93d3cucmFrdXRlbi5jby5qcC9lc3BvcnRzL2luZm8yLmh0bWwjYmFjayI+PElNRyBzcmM9Imh0dHA6Ly93d3cucmFrdXRlbi5uZS5qcC9nb2xkL2VzcG9ydHMvc3VwcG9ydC9yZXR1cm4xLmdpZiIgYm9yZGVyPSIwIj48L0E+PC90ZD48L3RyPjwvdGFibGU+PCEtLWltZ190YWdlLS0+5bCP44GV44GP44Gm44GL44KP44GE44GE44K344OB44Ol44O844OR44Oz44Gv5a625bqt44Gn44KC44Ki44Km44OI44OJ44Ki44Gn44KC55uu44KS5byV44GN44G+44GZ44CCPGJyPuODleOCv+OBq+iSuOawl+aKnOOBjeOBrueptOOBjOOBguOCiuOBvuOBmeOAgjxicj48YnI+PHA+PHRhYmxlIGJvcmRlcj0iMCIgd2lkdGg9Ijk3JSIgYmdjb2xvcj0iI0ZGRkZFMCI+PHRyPjx0ZD48c3Ryb25nPjxmb250IGNvbG9yPSIjMDA2NDAwIiBzaXplPSIzIj7jgJDplqLpgKPllYblk4Hjga/jgZPjgaHjgonjgafjgZnjgJE8L2ZvbnQ+PC9zdHJvbmc+PGJyPuKXhiDjgqjjg5Djg4vjg6Xjg7zvvIhFVkVSTkVX77yJ44Gu44Gd44Gu5LuW5ZWG5ZOB44Gv44Kz44OB44OpPGJyPjwvdGQ+PC90cj48L3RhYmxlPjwhLS1ta190YWdzLS0+PFA+PElNRyBzcmM9Imh0dHA6Ly93d3cucmFrdXRlbi5uZS5qcC9nb2xkL2VzcG9ydHMvYm4vanl1aGF0dHl1dTUyMC02MC5qcGciIHdpZHRoPSI1MjAiIGhlaWdodD0iNjAiIGJvcmRlcj0iMCI+PC9QPjwhLS1ta190YWdlLS0+PCEtLXNwZWNfdGFncy0tPjxwPjxzdHJvbmc+PGZvbnQgY29sb3I9IiMwMDAwQ0QiIHNpemU9IjMiPuOAkOWVhuWTgeOCueODmuODg+OCr+OAkTwvZm9udD48L3N0cm9uZz48YnI+4pePPHN0cm9uZz7lhoXlr7g8L3N0cm9uZz4gOiDntIQxN8OXMTQuNcOX5rex44GVNC41Y208YnI+4pePPHN0cm9uZz7lpJblr7g8L3N0cm9uZz4gOiDntIQyMsOXMTXDl+mrmOOBlTkuNWNt77yI44OV44K/5ZCr44KA77yJPGJyPuKXjzxzdHJvbmc+6LOq6YePPC9zdHJvbmc+IDog57SEMS41NGtnPGJyPuKXjzxzdHJvbmc+5Y6f55Sj5Zu9PC9zdHJvbmc+IDog5pel5pysPGJyPjwhLS1zcGVjX3RhZ2UtLT48YnI+PGxpbmsgcmVsPSJzdHlsZXNoZWV0IiB0eXBlPSJ0ZXh0L2NzcyIgaHJlZj0iaHR0cDovL3d3dy5yYWt1dGVuLm5lLmpwL2dvbGQvZXNwb3J0cy9zaG9wcGluZ19wYXJ0cy5jc3MiPgoKPGRpdiBzdHlsZT0ibWFyZ2luLXRvcDotMjZweDsiPjwvZGl2PgoKPGltZyBzcmM9Imh0dHA6Ly93d3cucmFrdXRlbi5uZS5qcC9nb2xkL2VzcG9ydHMvYm4vcG9pbnQvcG9pbnRfYmJiLmpwZyIgYWx0PSIzMDAw5YaG5Lul5LiK44Gn44Od44Kk44Oz44OI77yT5YCNIiBib3JkZXI9IjAiIHdpZHRoPSI3NTBweCI+Cgo8IS0tIOOCu+ODvOODqyA8aW1nIHNyYz0iaHR0cDovL3d3dy5yYWt1dGVuLm5lLmpwL2dvbGQvZXNwb3J0cy9uZXd5ZWFyLXNhbGUvbmV3eWVhci1zYWxlLTc4MC5qcGciIGJvcmRlcj0iMCIgYWx0PSLjgrvjg7zjg6siIHdpZHRoPSI3NzBweCI+PGJyPjxicj4g44K744O844OrIC0tPgoKPCEtLSDjgrnjg7zjg5Hjg7zjgrvjg7zjg6sgPGRpdiBzdHlsZT0id2lkdGggOiA3NTBweDsiPgo8ZGl2IGFsaWduPSJjZW50ZXIiIHN0eWxlPSJtYXJnaW4tYm90dG9tIDogMHB4O2JvcmRlci13aWR0aCA6IDJweDtib3JkZXItc3R5bGUgOiBzb2xpZDtib3JkZXItY29sb3IgOiAjYmMxMTMxOyI+Cgo8L2Rpdj48L2Rpdj48ZGl2IGNsYXNzPSJtYXJnaW41Ij48L2Rpdj48YnI+IOOCueODvOODkeODvOOCu+ODvOODqy0tPgoKPCEtLSDjgrnjg7zjg5Hjg7zjgrvjg7zjg6syIO+8iOODkOODiuODvOOBruOBv++8iTxpbWcgc3JjPSJodHRwOi8vd3d3LnJha3V0ZW4ubmUuanAvZ29sZC9lc3BvcnRzL3Nwc2FsZS9zYWxlLWJuNzgwLmpwZyIgYm9yZGVyPSIwIiBhbHQ9IuOCu+ODvOODqyIgd2lkdGg9Ijc3MHB4Ij48YnI+PGJyPiDjgrnjg7zjg5Hjg7wgLS0+Cgo8ZGl2IGNsYXNzPSJjb250ZW50cyI+PCEtLSDlkYrnn6UgCjxkaXYgc3R5bGU9IndpZHRoOjczNnB4OyBwYWRkaW5nOjE1cHg7IG1hcmdpbjo1cHggMCAxNXB4OyBib3JkZXI6c29saWQgI0U2MkYyRiAycHg7Ij4KPHAgc3R5bGU9ImZvbnQtd2VpZ2h0OmJvbGQ7IGZvbnQtc2l6ZToxN3B4OyB0ZXh0LWFsaWduOmNlbnRlcjsiPuOAkCA8c3BhbiBzdHlsZT0iYm9yZGVyLWJvdHRvbToycHggZG90dGVkICM5OTk7IGZvbnQtc2l6ZToxNXB4OyI+NeaciDI25pelKOmHkSnjga7llrbmpa3jgavjgaTjgYTjgaY8L3NwYW4+IOOAkTwvcD4KPHAgc3R5bGU9ImZvbnQtc2l6ZToxM3B4OyBtYXJnaW4tdG9wOjE1cHg7Ij7oqqDjgavli53miYvjgarjgYzjgok15pyIMjbml6Uo6YeRKeOBr+OAgeekvuWGheeglOS/ruOBruOBn+OCgeOAgeWWtualreaZgumWk+OCkuWNiOWJjTEy77yaMDDjgb7jgafjgajjgZXjgZvjgabjgYTjgZ/jgaDjgY3jgb7jgZnjgILlsJrjgIHjgIzjgYLjgZnmpb3jgI3lr77lv5zlk4HjgavjgaTjgY3jgb7jgZfjgabjga/jgIHpgJrluLjpgJrjgooxMu+8mjAw44G+44Gn44Gu44GU5rOo5paH44KS5b2T5pel55m66YCB44GV44Gb44Gm44GE44Gf44Gg44GN44G+44GZ44CCPC9wPgo8cCBzdHlsZT0iZm9udC1zaXplOjEzcHg7IG1hcmdpbi10b3A6MTVweDsiPuOBiuWuouanmOOBq+OBr+OBlOS4jeS+v+OCkuOBiuaOm+OBkeiHtOOBl+OBvuOBmeOBjOOAgeOBlOeQhuino+OBrueoi+OAgeWunOOBl+OBj+OBiumhmOOBhOiHtOOBl+OBvuOBmeOAgjwvcD4KPC9kaXY+IC0tPgoKCjwhLS0gPGRpdiBzdHlsZT0id2lkdGg6NzM2cHg7IHBhZGRpbmc6MTVweDsgbWFyZ2luOjVweCAwIDE1cHg7IGJvcmRlcjpzb2xpZCAjRTYyRjJGIDJweDsiPgo8cCBzdHlsZT0iZm9udC13ZWlnaHQ6Ym9sZDsgZm9udC1zaXplOjE3cHg7IHRleHQtYWxpZ246Y2VudGVyOyBtYXJnaW46MDsiPuOAkCA8c3BhbiBzdHlsZT0iYm9yZGVyLWJvdHRvbToycHggZG90dGVkICM5OTk7IGZvbnQtc2l6ZToxNXB4OyI+5aSp5YCZ5LiN6Imv44Gu5b2x6Z+/44Gr44KI44KL6YWN6YCB6YGF5bu244Gr44Gk44GE44GmPC9zcGFuPiDjgJE8L3A+CjxwIHN0eWxlPSJmb250LXNpemU6MTNweDsgbWFyZ2luOjE1cHggMCAwOyI+5Y+w6aKo44O76LGq6Zuo562J44Gu5aSp5YCZ5LiN6Imv44Gr5Ly044GE44CB5LiA6YOo5Zyw5Z+f44Gn44GK6I2354mp44Gu44GK5bGK44GR44Gr6YGF44KM44GM55m655Sf44GZ44KL5oGQ44KM44GM44GU44GW44GE44G+44GZ44CCPC9wPgo8cCBzdHlsZT0iZm9udC1zaXplOjEzcHg7IG1hcmdpbjo3cHggMCAwOyI+44G+44Gf44CB5LuK5b6M44Gu5Y+w6aKo44Gu6YCy6Lev44Gr44KI44Gj44Gm44Gv44CB5bqD56+E5Zuy44Gu5Zyw5Z+f44Gn6YGF44KM44GM55Sf44GY44KL5Y+v6IO95oCn44GM44GC44KK44G+44GZ44CC5Zyw5Z+f44KE44K/44Kk44Of44Oz44Kw44Gr44KI44Gj44Gm44CB44GU5biM5pyb44Gu44GK5bGK44GR5pel5pmC44Gr6YWN6YGU44Gn44GN44Gq44GE5aC05ZCI44GM44GU44GW44GE44G+44GZ44CCPC9wPgo8cCBzdHlsZT0iZm9udC1zaXplOjEzcHg7IG1hcmdpbjo3cHggMCAwOyI+44GK5a6i5qeY44Gr44Gv5aSn5aSJ44GU6L+35oOR44KS44GK5o6b44GR6Ie044GX44G+44GZ44GM44CB44GU55CG6Kej44GE44Gf44Gg44GR44G+44GZ44KI44GG44GK6aGY44GE6Ie044GX44G+44GZ44CCPC9wPgo8L2Rpdj4gLS0+CgoKCjwhLS0g5LiA6YOo5Zyw5Z+f44Gn44Gu6YWN6YGU6YGF5bu244Gr44Gk44GN44G+44GX44GmIC0tPgoKCjwhLS0g44Kv44O844Od44OzIAo8aW1nIHNyYz0iaHR0cDovL3d3dy5yYWt1dGVuLm5lLmpwL2dvbGQvZXNwb3J0cy9ibi9jb3Vwb24vY291cG9uNzcwLmdpZiIgYWx0PSIyMDDlhoZPRkbjgq/jg7zjg53jg7MiPiAtLT4KCgoKPCEtLSA8aW1nIHNyYz0iaHR0cDovL3d3dy5yYWt1dGVuLm5lLmpwL2dvbGQvZXNwb3J0cy9ibi9hZGlkYXMvYWRpZGFzLWJuMzU3LmpwZyIgYWx0PSJhZGlkYXPjg53jgqTjg7Pjg4gxNeWAjSI+IC0tPgoKCjxicj4=,44Ko44OQ44OL44Ol44O877yIRVZFUk5FV++8iSDljZfpg6jpiYTlmagg44K344OB44Ol44O844OR44OzIOOCquODvOODkOODqyBDVC0xMSBFQ04xMzUg44CQ44Ki44Km44OI44OJ44KiIOmNiyDoqr/nkIblmajlhbfjgJHvvJrvvYXvvLPvvLDvvK/vvLLvvLTvvLPmpb3lpKnmlK/lupc=,44Ki44Km44OI44OJ44Ki44Kt44Oj44Oz44OX44OQ44O844OZ44Kt44Ol44O844OG44Oz44OI44K/44O844OX44OG44O844OW44Or44OB44Kn44Ki44K344Ol44Op44OV44Op44Oz44K/44Oz44Kv44O844Op44O844Oc44OD44Kv44K544Kz44O844Or44Oe44Oz44OO44O844K544OV44Kn44Kk44K544K544Od44O844OE44OV44Kj44OD44OI44ON44K544OA44Kk44Ko44OD44OI44OI44Os44O844OL44Oz44Kw44OX44Ot44OG44Kk44Oz44K144OX44Oq44Oh44Oz44OI44OA44Oz44OZ44Or44K144OD44Kr44O844Ko44OQ44OL44Ol44O877yIRVZFUk5FV++8iSDljZfpg6jpiYTlmagg44K344OB44Ol44O844OR44OzIOOCquODvOODkOODqyBDVC0xMSBFQ04xMzUg44CQ44Ki44Km44OI44OJ44KiIOmNiyDoqr/nkIblmajlhbfjgJE=,44Ko44OQ44OL44Ol44O877yIRVZFUk5FV++8iSDljZfpg6jpiYTlmagg44K344OB44Ol44O844OR44OzIOOCquODvOODkOODqyBDVC0xMSBFQ04xMzUg44CQ44Ki44Km44OI44OJ44KiIOmNiyDoqr/nkIblmajlhbfjgJE=[rn]
34-75320,aHR0cDovL3RzaG9wLnIxMHMuanAvZXNwb3J0cy9jYWJpbmV0Lzk5NjkvOTk2OTMxMDQ5MDE4MS5qcGc/Zml0aW49NzAwOjcwMA==,MTM1MjAuMDAwMA==,,44K544Od44O844OE44O744Ki44Km44OI44OJ44KiID4g44Ki44Km44OI44OJ44KiID4g44OQ44O844G544Kt44Ol44O844O744Kv44OD44Kt44Oz44Kw55So5ZOBID4g44OA44OD44OB44Kq44O844OW44Oz,44CQ6YCB5paZ54Sh5paZ44CR44Om44OL44OV44Os44O844OgIFVOSUZMQU1FIOODgOODg+ODgeOCquODvOODluODszEy44Kk44Oz44OB44K544O844OR44O844OH44Kj44O844OXIDY2MDk2NiDjgJDpjYsg44Kt44Oj44Oz44OXIOOCouOCpuODiOODieOCoiDjg5Djg7zjg5njgq3jg6Xjg7wg44OA44OD44OB44Kq44O844OW44Oz5pys5L2T44CR44CQVEswM+OAkQ==,4peG44GC44GZ5qW94peG4piF6YCB5paZ54Sh5paZ4piF,PGltZyBzcmM9Imh0dHA6Ly9pbWFnZS5yYWt1dGVuLmNvLmpwL2VzcG9ydHMvY2FiaW5ldC91bmlmbGFtZS91bmlmbGFtZTY2MDk2Nl8wMS5qcGciIGFsdD0i44OA44OD44OB44Kq44O844OW44OzMTIiIGJvcmRlcj0iMCI+PGJyPjxpbWcgc3JjPSJodHRwOi8vaW1hZ2UucmFrdXRlbi5jby5qcC9lc3BvcnRzL2NhYmluZXQvdW5pZmxhbWUvdW5pZmxhbWU2NjA5NjZfMDIuanBnIiBhbHQ9Ium7kuearumJhOadvyIgYm9yZGVyPSIwIj48YnI+PGltZyBzcmM9Imh0dHA6Ly9pbWFnZS5yYWt1dGVuLmNvLmpwL2VzcG9ydHMvY2FiaW5ldC91bmlmbGFtZS91bmlmbGFtZTY2MDk2Nl8wMy5qcGciIGFsdD0i54m55b60IiBib3JkZXI9IjAiPjxicj48aW1nIHNyYz0iaHR0cDovL2ltYWdlLnJha3V0ZW4uY28uanAvZXNwb3J0cy9jYWJpbmV0L3VuaWZsYW1lL3VuaWZsYW1lNjYwOTY2XzA0LmpwZyIgYWx0PSLku5jlsZ7lk4EiIGJvcmRlcj0iMCI+PGJyPjxpbWcgc3JjPSJodHRwOi8vaW1hZ2UucmFrdXRlbi5jby5qcC9lc3BvcnRzL2NhYmluZXQvdW5pZmxhbWUvdW5pZmxhbWU2NjA5NjZfMDUuanBnIiBhbHQ9IuOCt+ODvOOCuuODi+ODs+OCsCIgYm9yZGVyPSIwIj48YnI+PCEtLWltZ190YWdzLS0+PHRhYmxlIGJvcmRlcj0iMCIgd2lkdGg9IjY1MCI+PFRSPjxURCBhbGlnbj0iY2VudGVyIj48QSBocmVmPSJodHRwOi8vd3d3LnJha3V0ZW4uY28uanAvZXNwb3J0cy9pbmZvMi5odG1sI2RlciI+PElNRyBzcmM9Imh0dHA6Ly93d3cucmFrdXRlbi5uZS5qcC9nb2xkL2VzcG9ydHMvc3VwcG9ydC9zaGlwcGluZzEuZ2lmIiBib3JkZXI9IjAiPjwvQT48QSBocmVmPSJodHRwOi8vd3d3LnJha3V0ZW4ubmUuanAvZ29sZC9lc3BvcnRzL3N1cHBvcnQvZGlzcGF0Y2guaHRtbCI+PElNRyBzcmM9Imh0dHA6Ly93d3cucmFrdXRlbi5uZS5qcC9nb2xkL2VzcG9ydHMvc3VwcG9ydC9kYXlzNi5naWYiIGJvcmRlcj0iMCI+PC9BPjxBIGhyZWY9Imh0dHA6Ly93d3cucmFrdXRlbi5uZS5qcC9nb2xkL2VzcG9ydHMvc3VwcG9ydC9kaXNwYXRjaC5odG1sIj48SU1HIHNyYz0iaHR0cDovL3d3dy5yYWt1dGVuLm5lLmpwL2dvbGQvZXNwb3J0cy9zdXBwb3J0L3BsYWNlMS5naWYiIGJvcmRlcj0iMCI+PC9BPjwvdGQ+PC90cj48L3RhYmxlPjwhLS1pbWdfdGFnZS0tPjwhLS1zb2t1X3RhZ3MtLT48dGFibGUgYm9yZGVyPSIwIj48VFI+PFREPjxBIGhyZWY9Imh0dHA6Ly93d3cucmFrdXRlbi5uZS5qcC9nb2xkL2VzcG9ydHMvYXN1cmFrdS9hc3VyYWt1Lmh0bWwiIHRhcmdldD0iX2JsYW5rIj48SU1HIHNyYz0iaHR0cDovL3d3dy5yYWt1dGVuLm5lLmpwL2dvbGQvZXNwb3J0cy9ibi9hc3VyYWt1L2FzdXJha3UuZ2lmIiBib3JkZXI9IjAiPjwvQT48L1REPjwvdHI+PC90YWJsZT48IS0tc29rdV90YWdlLS0+5qiZ5rqW6KOF5YKZ5ZOB44KS44CB44GT44KM44G+44Gn44Gu5LiJ6KeS44K044OI44Kv44GL44KJ44KI44KK5L2/44GE5Yud5omL44Gu6Imv44GE44OA44OD44OB44K544K/44Oz44OJ44Gr5aSJ5pu044GX44G+44GX44Gf44CCPGJyPjxicj7lpKfjgY3jgoHjga7lnLDpto/jgoTkuLjjgZTjgajjga7jgqvjg4vjgoJPS++8geixquW/q+OBquaWmeeQhuOChOWkp+WLouOBrumjn+assuOCkua6gOOBn+OBmeODk+ODg+OCsOOCteOCpOOCuuOBrjEy44Kk44Oz44OB44K544O844OR44O844OH44Kj44O844OX44CCPGJyPjxicj7pi7PpiYToo73jga7jg4Djg4Pjg4Hjgqrjg7zjg5bjg7PjgajpgZXjgYTjgIHokL3jgZfjgabjgoLlibLjgozjgZrjgIHmgKXliqDnhrHjg7vmgKXlhrfljbTvvJ3jg5Ljg7zjg4jjgrfjg6fjg4Pjgq/jgavjgoLlvLfjgYTjgII8YnI+5pys5L2T44O744OV44K/44Gu5o6l5Zyw6Z2i44Gu44GL44G/5ZCI44KP44Gb44Gv44CB5Zyn5Yqb44GM5o6b44GL44KL44OA44OD44OB44Kq44O844OW44Oz5paZ55CG44Gr44Gv5LiA55Wq6YeN6KaB44Gq6YOo5YiG44CC5qmf5qKw5Yqg5bel44Gr44KI44KK5Z2H5LiA44Gn44OV44Op44OD44OI44Gr5LuV5LiK44GS44CB44OZ44K544OI44Gq44GL44G/5ZCI44KP44Gb44KS5a6f54++44CC5pys5L2T44Go44OV44K/44Go54ax5Lyd5bCO44KC5byV44GN5Ye644GX44CB44Og44Op44Gq44GP5LuV5LiK44GM44KK44G+44GZ44CCPGJyPuS4oeaWueOBq+OCgumWi+OBkeOAgeeJh+WBtOOBq+OCguOBvuOBqOOBvuOCi+eLrOiHquOBruOCr+ODreOCueODj+ODs+ODieODq+ODh+OCtuOCpOODs+OAgumHjeOBhOODgOODg+ODgeOCquODvOODluODs+OCkuWuieWFqOOBq+aMgeOBoemBi+OBueOBvuOBmeOAgjxicj7nhKbjgZLjgoTjgZnjgYTjgqrjg7zjg5bjg7Poqr/nkIbjgavnhKHjgY/jgabjga/jgarjgonjgarjgYTlupXntrLjgajjg5Xjgr/nva7jgY3jgavjgoLjgafjgY3jgovop5Lluqboh6rlnKjjga7jgrnjgr/jg7Pjg4njgII8YnI+44K144OT44Gr44GP44GE6buS55qu6YmE5p2/44Gv5Lit6I+v6Y2L44KE44OV44Op44Kk44OR44Oz44Go5ZCM44GY6KaB6aCY44Gn44CB44K344O844K644OL44Oz44Kw44KC44Oh44Oz44OG44OK44Oz44K544KC57Ch5Y2Y44Op44Kv44Op44Kv44CCPGJyPuWBtOmdouOBq+OCgueGseOBjOS8neOCj+OCiuOChOOBmeOBj+OAgeeBq+WKoOa4m+OBruiqv+aVtOOCguOBl+OChOOBmeOBhOOBruOBp+ODreODvOOCueODiOODgeOCreODs+OChOODkeODs+eEvOOBjeOBjOW+l+aEj+OBp+OBmeOAgjxicj7ph43jgYTjg5Xjgr/jga7lnKflipvjgafjgZfjgaPjgYvjgornhrHjgpLpgJrjgZnjga7jgafjgIHnha7jg5bjgr/jgoLjgoTjgo/jgonjgYvjgY/jgIHjg5Xjg6njgqTjg4njg4Hjgq3jg7Pjga/lsJHjgarjgYTmsrnjgadPS++8gTxicj7po5/mnZDjgpLlhaXjgozjgabjgoLmsrnjga7muKnluqbjgYzkuIvjgYzjgorjgavjgY/jgY/jgIHkuLLmj5rjgZLjgoTjgqvjg6rjg4PjgajjgZfjgZ/lpKnjgbfjgonjgoLlvpfmhI/jgafjgZnjgII8YnI+6aOf5p2Q44GM5oyB44Gk5rC05YiG44Gg44GR44Gn6Kq/55CG44Gn44GN44CB576O5ZGz44GX44GV44KS6YCD44GM44GV44Gq44GE44Gu44Gn44CB44Go44GG44KC44KN44GT44GX44KE54S844GN44Kk44Oi44KS44OA44Kk44OK44Of44OD44Kv44Gr5qW944GX44KB44G+44GZ44CCPGJyPuW6leOBq+ODgeODg+ODl+OCkue9ruOBhOOBpueGseOBmeOCjOOBsOOAgeaJi+i7veOBqueHu+ijveOBjOalveOBl+OCgeOBvuOBmeOAgjxwPjxpbWcgc3JjPSJodHRwOi8vaW1hZ2UucmFrdXRlbi5jby5qcC9lc3BvcnRzL2NhYmluZXQvOTk2OS85OTY5MzEwNDkwMTgxLWEuZ2lmIiB3aWR0aD0iNTI4IiBoZWlnaHQ9IjMwMiI+PGJyPjxicj48YnI+PGJyPjxpbWcgc3JjPSJodHRwOi8vaW1hZ2UucmFrdXRlbi5jby5qcC9lc3BvcnRzL2NhYmluZXQvYm4vZmlyZWdyaWxsNTAwLmdpZiIgYWx0PSLjg5XjgqHjgqTjgqLjgrDjg6rjg6vvvIHjgYrlvpfjgarjgq3jg6Pjg6rjg7zjg5Djg4PjgrDjgrvjg4Pjg4jvvIEiIGJvcmRlcj0iMCI+PHA+PHRhYmxlIGJvcmRlcj0iMSIgd2lkdGg9IjU0MCIgY2VsbHNwYWNpbmc9IjAiIGNlbGxwYWRkaW5nPSI1IiBib3JkZXJjb2xvcj0iI2NiZWRmZSI+PHRyPjx0ZCBhbGlnbj0iY2VudGVyIiB3aWR0aD0iMjE2IiBiZ2NvbG9yPSIjZm9mZmZmIj48Yj48Zm9udCBjb2xvcj0iIzAwMDBmZiI+57Sg5p2QPC9mb250PjwvYj48L3RkPjx0ZCB3aWR0aD0iMzI0Ij7mnKzkvZPvvJrpu5Lnmq7piYTmnb80LjVtbeWOmu+8iOOCr+ODquOCouODqeODg+OCq+ODvOeEvOS7mOWhl+ijhe+8iTxicj7jg4Tjg6vjg7vku5jlsZ7lk4HvvJrjgrnjg4bjg7Pjg6zjgrnpi7w8L3RkPjwvdHI+PHRyPjx0ZCBhbGlnbj0iY2VudGVyIiB3aWR0aD0iMjE2IiBiZ2NvbG9yPSIjZm9mZmZmIj48Yj48Zm9udCBjb2xvcj0iIzAwMDBmZiI+44K144Kk44K677yI57SE77yJPC9mb250PjwvYj48L3RkPjx0ZCB3aWR0aD0iMzI0Ij7vvIjlhoXlr7jvvInpjYvlvoQzMC41Y23Dl+a3seOBlTEzY208L3RkPjwvdHI+PHRyPjx0ZCBhbGlnbj0iY2VudGVyIiB3aWR0aD0iMjE2IiBiZ2NvbG9yPSIjZm9mZmZmIj48Yj48Zm9udCBjb2xvcj0iIzAwMDBmZiI+6YeN6YeP77yI57SE77yJPC9mb250PjwvYj48L3RkPjx0ZCB3aWR0aD0iMzI0Ij44LjhrZzwvdGQ+PC90cj48dHI+PHRkIGFsaWduPSJjZW50ZXIiIHdpZHRoPSIyMTYiIGJnY29sb3I9IiNmb2ZmZmYiPjxiPjxmb250IGNvbG9yPSIjMDAwMGZmIj7muoDmsLTlrrnph4/vvIjntITvvIk8L2ZvbnQ+PC9iPjwvdGQ+PHRkIHdpZHRoPSIzMjQiPjguMkw8L3RkPjwvdHI+PHRyPjx0ZCBhbGlnbj0iY2VudGVyIiB3aWR0aD0iMjE2IiBiZ2NvbG9yPSIjZm9mZmZmIj48Yj48Zm9udCBjb2xvcj0iIzAwMDBmZiI+6YGp5q2j54KK6aOv6YePPC9mb250PjwvYj48L3RkPjx0ZCB3aWR0aD0iMzI0Ij4y772eMTLlkIg8L3RkPjwvdHI+PHRyPjx0ZCBhbGlnbj0iY2VudGVyIiB3aWR0aD0iMjE2IiBiZ2NvbG9yPSIjZm9mZmZmIj48Yj48Zm9udCBjb2xvcj0iIzAwMDBmZiI+5LuY5bGe5ZOBPC9mb250PjwvYj48L3RkPjx0ZCB3aWR0aD0iMzI0Ij7jgrnjgr/jg7Pjg4njgIHlupXntrLjgIHjg6zjgrfjg5Tjg5bjg4Pjgq88L3RkPjwvdHI+PC90YWJsZT48dGFibGUgYm9yZGVyPSIwIiB3aWR0aD0iOTclIiBiZ2NvbG9yPSIjRkZGRkUwIj48dHI+PHRkPjxzdHJvbmc+PGZvbnQgY29sb3I9IiMwMDY0MDAiIHNpemU9IjMiPuOAkOmWoumAo+WVhuWTgeOBr+OBk+OBoeOCieOBp+OBmeOAkTwvZm9udD48L3N0cm9uZz48YnI+4peGIOOCteOCpOOCuumBleOBhO+8geODgOODg+ODgeOCquODvOODluODszEw44Kk44Oz44OB44K544O844OR44O844OH44Kj44O844OXIOOBr+OBk+OBoeOCie+8gTxicj7il4Yg44K144Kk44K66YGV44GE77yB44OA44OD44OB44Kq44O844OW44OzIDEy44Kk44Oz44OBIOODj+ODvOODlSDjga/jgZPjgaHjgonvvIE8YnI+4peGIOOCteOCpOOCuumBleOBhO+8geODgOODg+ODgeOCquODvOODluODsyAxMOOCpOODs+ODgSDjg4/jg7zjg5Ug44Gv44GT44Gh44KJ77yBPGJyPuKXhiDotoXkvr/liKnvvIEg44Om44OL44OV44Os44O844OgIOeEmuOBjeeBq+ODhuODvOODluODq+OAgOOCguOBlOS4gOe3kuOBq+OBqeOBhuOBnu+8gTxicj7il4Yg44Gd44Gu5LuW44OA44OD44OB44Kq44O844OW44Oz44Gv44GT44Gh44KJPGJyPjwvdGQ+PC90cj48L3RhYmxlPiA8YnI+PGxpbmsgcmVsPSJzdHlsZXNoZWV0IiB0eXBlPSJ0ZXh0L2NzcyIgaHJlZj0iaHR0cDovL3d3dy5yYWt1dGVuLm5lLmpwL2dvbGQvZXNwb3J0cy9zaG9wcGluZ19wYXJ0cy5jc3MiPgoKPGRpdiBzdHlsZT0ibWFyZ2luLXRvcDotMjZweDsiPjwvZGl2PgoKPGltZyBzcmM9Imh0dHA6Ly93d3cucmFrdXRlbi5uZS5qcC9nb2xkL2VzcG9ydHMvYm4vcG9pbnQvcG9pbnRfYmJiLmpwZyIgYWx0PSIzMDAw5YaG5Lul5LiK44Gn44Od44Kk44Oz44OI77yT5YCNIiBib3JkZXI9IjAiIHdpZHRoPSI3NTBweCI+Cgo8IS0tIOOCu+ODvOODqyA8aW1nIHNyYz0iaHR0cDovL3d3dy5yYWt1dGVuLm5lLmpwL2dvbGQvZXNwb3J0cy9uZXd5ZWFyLXNhbGUvbmV3eWVhci1zYWxlLTc4MC5qcGciIGJvcmRlcj0iMCIgYWx0PSLjgrvjg7zjg6siIHdpZHRoPSI3NzBweCI+PGJyPjxicj4g44K744O844OrIC0tPgoKPCEtLSDjgrnjg7zjg5Hjg7zjgrvjg7zjg6sgPGRpdiBzdHlsZT0id2lkdGggOiA3NTBweDsiPgo8ZGl2IGFsaWduPSJjZW50ZXIiIHN0eWxlPSJtYXJnaW4tYm90dG9tIDogMHB4O2JvcmRlci13aWR0aCA6IDJweDtib3JkZXItc3R5bGUgOiBzb2xpZDtib3JkZXItY29sb3IgOiAjYmMxMTMxOyI+Cgo8L2Rpdj48L2Rpdj48ZGl2IGNsYXNzPSJtYXJnaW41Ij48L2Rpdj48YnI+IOOCueODvOODkeODvOOCu+ODvOODqy0tPgoKPCEtLSDjgrnjg7zjg5Hjg7zjgrvjg7zjg6syIO+8iOODkOODiuODvOOBruOBv++8iTxpbWcgc3JjPSJodHRwOi8vd3d3LnJha3V0ZW4ubmUuanAvZ29sZC9lc3BvcnRzL3Nwc2FsZS9zYWxlLWJuNzgwLmpwZyIgYm9yZGVyPSIwIiBhbHQ9IuOCu+ODvOODqyIgd2lkdGg9Ijc3MHB4Ij48YnI+PGJyPiDjgrnjg7zjg5Hjg7wgLS0+Cgo8ZGl2IGNsYXNzPSJjb250ZW50cyI+PCEtLSDlkYrnn6UgCjxkaXYgc3R5bGU9IndpZHRoOjczNnB4OyBwYWRkaW5nOjE1cHg7IG1hcmdpbjo1cHggMCAxNXB4OyBib3JkZXI6c29saWQgI0U2MkYyRiAycHg7Ij4KPHAgc3R5bGU9ImZvbnQtd2VpZ2h0OmJvbGQ7IGZvbnQtc2l6ZToxN3B4OyB0ZXh0LWFsaWduOmNlbnRlcjsiPuOAkCA8c3BhbiBzdHlsZT0iYm9yZGVyLWJvdHRvbToycHggZG90dGVkICM5OTk7IGZvbnQtc2l6ZToxNXB4OyI+NeaciDI25pelKOmHkSnjga7llrbmpa3jgavjgaTjgYTjgaY8L3NwYW4+IOOAkTwvcD4KPHAgc3R5bGU9ImZvbnQtc2l6ZToxM3B4OyBtYXJnaW4tdG9wOjE1cHg7Ij7oqqDjgavli53miYvjgarjgYzjgok15pyIMjbml6Uo6YeRKeOBr+OAgeekvuWGheeglOS/ruOBruOBn+OCgeOAgeWWtualreaZgumWk+OCkuWNiOWJjTEy77yaMDDjgb7jgafjgajjgZXjgZvjgabjgYTjgZ/jgaDjgY3jgb7jgZnjgILlsJrjgIHjgIzjgYLjgZnmpb3jgI3lr77lv5zlk4HjgavjgaTjgY3jgb7jgZfjgabjga/jgIHpgJrluLjpgJrjgooxMu+8mjAw44G+44Gn44Gu44GU5rOo5paH44KS5b2T5pel55m66YCB44GV44Gb44Gm44GE44Gf44Gg44GN44G+44GZ44CCPC9wPgo8cCBzdHlsZT0iZm9udC1zaXplOjEzcHg7IG1hcmdpbi10b3A6MTVweDsiPuOBiuWuouanmOOBq+OBr+OBlOS4jeS+v+OCkuOBiuaOm+OBkeiHtOOBl+OBvuOBmeOBjOOAgeOBlOeQhuino+OBrueoi+OAgeWunOOBl+OBj+OBiumhmOOBhOiHtOOBl+OBvuOBmeOAgjwvcD4KPC9kaXY+IC0tPgoKCjwhLS0gPGRpdiBzdHlsZT0id2lkdGg6NzM2cHg7IHBhZGRpbmc6MTVweDsgbWFyZ2luOjVweCAwIDE1cHg7IGJvcmRlcjpzb2xpZCAjRTYyRjJGIDJweDsiPgo8cCBzdHlsZT0iZm9udC13ZWlnaHQ6Ym9sZDsgZm9udC1zaXplOjE3cHg7IHRleHQtYWxpZ246Y2VudGVyOyBtYXJnaW46MDsiPuOAkCA8c3BhbiBzdHlsZT0iYm9yZGVyLWJvdHRvbToycHggZG90dGVkICM5OTk7IGZvbnQtc2l6ZToxNXB4OyI+5aSp5YCZ5LiN6Imv44Gu5b2x6Z+/44Gr44KI44KL6YWN6YCB6YGF5bu244Gr44Gk44GE44GmPC9zcGFuPiDjgJE8L3A+CjxwIHN0eWxlPSJmb250LXNpemU6MTNweDsgbWFyZ2luOjE1cHggMCAwOyI+5Y+w6aKo44O76LGq6Zuo562J44Gu5aSp5YCZ5LiN6Imv44Gr5Ly044GE44CB5LiA6YOo5Zyw5Z+f44Gn44GK6I2354mp44Gu44GK5bGK44GR44Gr6YGF44KM44GM55m655Sf44GZ44KL5oGQ44KM44GM44GU44GW44GE44G+44GZ44CCPC9wPgo8cCBzdHlsZT0iZm9udC1zaXplOjEzcHg7IG1hcmdpbjo3cHggMCAwOyI+44G+44Gf44CB5LuK5b6M44Gu5Y+w6aKo44Gu6YCy6Lev44Gr44KI44Gj44Gm44Gv44CB5bqD56+E5Zuy44Gu5Zyw5Z+f44Gn6YGF44KM44GM55Sf44GY44KL5Y+v6IO95oCn44GM44GC44KK44G+44GZ44CC5Zyw5Z+f44KE44K/44Kk44Of44Oz44Kw44Gr44KI44Gj44Gm44CB44GU5biM5pyb44Gu44GK5bGK44GR5pel5pmC44Gr6YWN6YGU44Gn44GN44Gq44GE5aC05ZCI44GM44GU44GW44GE44G+44GZ44CCPC9wPgo8cCBzdHlsZT0iZm9udC1zaXplOjEzcHg7IG1hcmdpbjo3cHggMCAwOyI+44GK5a6i5qeY44Gr44Gv5aSn5aSJ44GU6L+35oOR44KS44GK5o6b44GR6Ie044GX44G+44GZ44GM44CB44GU55CG6Kej44GE44Gf44Gg44GR44G+44GZ44KI44GG44GK6aGY44GE6Ie044GX44G+44GZ44CCPC9wPgo8L2Rpdj4gLS0+CgoKCjwhLS0g5LiA6YOo5Zyw5Z+f44Gn44Gu6YWN6YGU6YGF5bu244Gr44Gk44GN44G+44GX44GmIC0tPgoKCjwhLS0g44Kv44O844Od44OzIAo8aW1nIHNyYz0iaHR0cDovL3d3dy5yYWt1dGVuLm5lLmpwL2dvbGQvZXNwb3J0cy9ibi9jb3Vwb24vY291cG9uNzcwLmdpZiIgYWx0PSIyMDDlhoZPRkbjgq/jg7zjg53jg7MiPiAtLT4KCgoKPCEtLSA8aW1nIHNyYz0iaHR0cDovL3d3dy5yYWt1dGVuLm5lLmpwL2dvbGQvZXNwb3J0cy9ibi9hZGlkYXMvYWRpZGFzLWJuMzU3LmpwZyIgYWx0PSJhZGlkYXPjg53jgqTjg7Pjg4gxNeWAjSI+IC0tPgoKCjxicj4=,44CQ6YCB5paZ54Sh5paZ44CR44Om44OL44OV44Os44O844OgIFVOSUZMQU1FIOODgOODg+ODgeOCquODvOODluODszEy44Kk44Oz44OB44K544O844OR44O844OH44Kj44O844OXIDY2MDk2NiDjgJDpjYsg44Kt44Oj44Oz44OXIOOCouOCpuODiOODieOCoiDjg5Djg7zjg5njgq3jg6Xjg7wg44OA44OD44OB44Kq44O844OW44Oz5pys5L2T44CR44CQVEswM+OAke+8mu+9he+8s++8sO+8r++8su+8tO+8s+alveWkqeaUr+W6lw==,44Ki44Km44OI44OJ44Ki44Kt44Oj44Oz44OX44OQ44O844OZ44Kt44Ol44O844OG44Oz44OI44K/44O844OX44OG44O844OW44Or44OB44Kn44Ki44K344Ol44Op44OV44Op44Oz44K/44Oz44Kv44O844Op44O844Oc44OD44Kv44K544Kz44O844Or44Oe44Oz44OO44O844K544OV44Kn44Kk44K544K544Od44O844OE44OV44Kj44OD44OI44ON44K544OA44Kk44Ko44OD44OI44OI44Os44O844OL44Oz44Kw44OX44Ot44OG44Kk44Oz44K144OX44Oq44Oh44Oz44OI44OA44Oz44OZ44Or44K144OD44Kr44O844CQ6YCB5paZ54Sh5paZ44CR44Om44OL44OV44Os44O844OgIFVOSUZMQU1FIOODgOODg+ODgeOCquODvOODluODszEy44Kk44Oz44OB44K544O844OR44O844OH44Kj44O844OXIDY2MDk2NiDjgJDpjYsg44Kt44Oj44Oz44OXIOOCouOCpuODiOODieOCoiDjg5Djg7zjg5njgq3jg6Xjg7wg44OA44OD44OB44Kq44O844OW44Oz5pys5L2T44CR44CQVEswM+OAkQ==,4peG44GC44GZ5qW94peG4piF6YCB5paZ54Sh5paZ4piF44CC44CQ6YCB5paZ54Sh5paZ44CR44Om44OL44OV44Os44O844OgIFVOSUZMQU1FIOODgOODg+ODgeOCquODvOODluODszEy44Kk44Oz44OB44K544O844OR44O844OH44Kj44O844OXIDY2MDk2NiDjgJDpjYsg44Kt44Oj44Oz44OXIOOCouOCpuODiOODieOCoiDjg5Djg7zjg5njgq3jg6Xjg7wg44OA44OD44OB44Kq44O844OW44Oz5pys5L2T44CR44CQVEswM+OAkQ==[rn]
34-75321,aHR0cDovL3RzaG9wLnIxMHMuanAvZXNwb3J0cy9jYWJpbmV0Lzk5NDYtMi85OTQ2MzEwNDkwODcyLmpwZz9maXRpbj03MDA6NzAw,NDA1NC40MDAw,,44K544Od44O844OE44O744Ki44Km44OI44OJ44KiID4g44Ki44Km44OI44OJ44KiID4g44OQ44O844G544Kt44Ol44O844O744Kv44OD44Kt44Oz44Kw55So5ZOBID4g44OA44OD44OB44Kq44O844OW44Oz,44Kt44Oj44OX44OG44Oz44K544K/44OD44Kw77yIQ0FQVEFJTlNUQUfvvIkg44OA44OD44OB44Kq44O844OW44Oz44K744OD44OI77yIMjVjbe+8iSBNLTU1Mjgg44CQ44Kt44Oj44Oz44OXIOmNiyDoqr/nkIYg44OQ44O844OZ44Kt44Ol44O844CR44CQVEswM+OAkQ==,,PCEtLWltZ190YWdzLS0+PHRhYmxlIGJvcmRlcj0iMCIgd2lkdGg9IjY1MCI+PFRSPjxURCBhbGlnbj0iY2VudGVyIj48QSBocmVmPSJodHRwOi8vd3d3LnJha3V0ZW4uY28uanAvZXNwb3J0cy9pbmZvMi5odG1sI2RlciI+PElNRyBzcmM9Imh0dHA6Ly93d3cucmFrdXRlbi5uZS5qcC9nb2xkL2VzcG9ydHMvc3VwcG9ydC9zaGlwcGluZzIuZ2lmIiBib3JkZXI9IjAiPjwvQT48QSBocmVmPSJodHRwOi8vd3d3LnJha3V0ZW4ubmUuanAvZ29sZC9lc3BvcnRzL3N1cHBvcnQvZGlzcGF0Y2guaHRtbCI+PElNRyBzcmM9Imh0dHA6Ly93d3cucmFrdXRlbi5uZS5qcC9nb2xkL2VzcG9ydHMvc3VwcG9ydC9kYXlzMi5naWYiIGJvcmRlcj0iMCI+PC9BPjxBIGhyZWY9Imh0dHA6Ly93d3cucmFrdXRlbi5uZS5qcC9nb2xkL2VzcG9ydHMvc3VwcG9ydC9kaXNwYXRjaC5odG1sIj48SU1HIHNyYz0iaHR0cDovL3d3dy5yYWt1dGVuLm5lLmpwL2dvbGQvZXNwb3J0cy9zdXBwb3J0L3BsYWNlMi5naWYiIGJvcmRlcj0iMCI+PC9BPjxBIGhyZWY9Imh0dHA6Ly93d3cucmFrdXRlbi5jby5qcC9lc3BvcnRzL2luZm8yLmh0bWwjYmFjayI+PElNRyBzcmM9Imh0dHA6Ly93d3cucmFrdXRlbi5uZS5qcC9nb2xkL2VzcG9ydHMvc3VwcG9ydC9yZXR1cm4xLmdpZiIgYm9yZGVyPSIwIj48L0E+PC90ZD48L3RyPjwvdGFibGU+PCEtLWltZ190YWdlLS0+PHRhYmxlIGJvcmRlcj0iMCIgd2lkdGg9Ijk3JSIgYmdjb2xvcj0iI0ZGRkZFMCI+PHRyPjx0ZD48c3Ryb25nPjxmb250IGNvbG9yPSIjMDA2NDAwIiBzaXplPSIzIj7jgJDplqLpgKPllYblk4Hjga/jgZPjgaHjgonjgafjgZnjgJE8L2ZvbnQ+PC9zdHJvbmc+PGJyPuKXhiBDQVBUQUlOU1RBR++8iOOCreODo+ODl+ODhuODs+OCueOCv+ODg+OCsO+8iSDjg4Djg4Pjg4Hjgqrjg7zjg5bjg7Pjgrvjg4Pjg4jjgIgzMGNt44CJPGJyPjwvdGQ+PC90cj48L3RhYmxlPjxicj48YnI+PGltZyBzcmM9Imh0dHA6Ly9pbWFnZS5yYWt1dGVuLmNvLmpwL2VzcG9ydHMvY2FiaW5ldC9ibi9maXJlZ3JpbGw1MDAuZ2lmIiBhbHQ9IuODleOCoeOCpOOCouOCsOODquODq++8geOBiuW+l+OBquOCreODo+ODquODvOODkOODg+OCsOOCu+ODg+ODiO+8gSIgYm9yZGVyPSIwIj48YnI+PGJyPjwhLS1ta190YWdzLS0+PFA+PElNRyBzcmM9Imh0dHA6Ly93d3cucmFrdXRlbi5uZS5qcC9nb2xkL2VzcG9ydHMvYm4vanl1aGF0dHl1dTUyMC02MC5qcGciIHdpZHRoPSI1MjAiIGhlaWdodD0iNjAiIGJvcmRlcj0iMCI+PC9QPjwhLS1ta190YWdlLS0+PCEtLXNwZWNfdGFncy0tPjxwPjxzdHJvbmc+PGZvbnQgY29sb3I9IiMwMDAwQ0QiIHNpemU9IjMiPuOAkOWVhuWTgeOCueODmuODg+OCr+OAkTwvZm9udD48L3N0cm9uZz48YnI+4pePPHN0cm9uZz7jgrvjg4Pjg4jnrrHjgrXjgqTjgrrvvIjntITvvIk8L3N0cm9uZz4gOiDluYUyODDDl+WlpeihjDI4MMOX6auY44GVMTQwbW08YnI+4pePPHN0cm9uZz7jgrvjg4Pjg4jlhoXlrrk8L3N0cm9uZz4gOiDjg4Djg4Pjg4Hjgqrjg7zjg5bjg7MyNWNtw5cx44CB44Oq44OD44OJ44Oq44OV44K/44O8w5cx44CB44OA44OD44OB44Kq44O844OW44Oz55So5Y+O57SN44OQ44OD44Kww5cxPGJyPuKXjzxzdHJvbmc+5p2Q6LOqPC9zdHJvbmc+IDogPGJyPuODgOODg+ODgeOCquODvOODluODs++8mumLs+mJhO+8iOOCt+ODquOCs+ODs+aoueiEguWhl+ijhe+8iTxicj7jg6rjg4Pjg4njg6rjg5Xjgr/jg7zvvJrpiYTvvIjjg6Hjg6njg5/jg7PnhLzku5jloZfoo4XvvIk8YnI+44OA44OD44OB44Kq44O844OW44Oz55So5Y+O57SN44OQ44OD44Kw77ya44Od44Oq44Ko44K544OG44OrPGJyPjxicj7il4/mpJzntKLnlKjvvJrpgYvli5XkvJo8YnI+PGJyPjwhLS1zcGVjX3RhZ2UtLT48YnI+PGJyPjxicj48Zm9udCBzaXplPSItMSI+44Oh44O844Kr44O85biM5pyb5bCP5aOy5L6h5qC844Gv44Oh44O844Kr44O844Kr44K/44Ot44Kw44Gr5Z+644Gl44GE44Gm5o6y6LyJ44GX44Gm44GE44G+44GZPGJyPjwvZm9udD48aW1nIHNyYz0iaHR0cDovL2ltYWdlLnJha3V0ZW4uY28uanAvZXNwb3J0cy9jYWJpbmV0L2V2aWRlbmNlL2V2aWRlbmNlMi5qcGciIGJvcmRlcj0iMCIgYWx0PSLjgqjjg5Pjg4fjg7PjgrkiPjxsaW5rIHJlbD0ic3R5bGVzaGVldCIgdHlwZT0idGV4dC9jc3MiIGhyZWY9Imh0dHA6Ly93d3cucmFrdXRlbi5uZS5qcC9nb2xkL2VzcG9ydHMvc2hvcHBpbmdfcGFydHMuY3NzIj4KCjxkaXYgc3R5bGU9Im1hcmdpbi10b3A6LTI2cHg7Ij48L2Rpdj4KCjxpbWcgc3JjPSJodHRwOi8vd3d3LnJha3V0ZW4ubmUuanAvZ29sZC9lc3BvcnRzL2JuL3BvaW50L3BvaW50X2JiYi5qcGciIGFsdD0iMzAwMOWGhuS7peS4iuOBp+ODneOCpOODs+ODiO+8k+WAjSIgYm9yZGVyPSIwIiB3aWR0aD0iNzUwcHgiPgoKPCEtLSDjgrvjg7zjg6sgPGltZyBzcmM9Imh0dHA6Ly93d3cucmFrdXRlbi5uZS5qcC9nb2xkL2VzcG9ydHMvbmV3eWVhci1zYWxlL25ld3llYXItc2FsZS03ODAuanBnIiBib3JkZXI9IjAiIGFsdD0i44K744O844OrIiB3aWR0aD0iNzcwcHgiPjxicj48YnI+IOOCu+ODvOODqyAtLT4KCjwhLS0g44K544O844OR44O844K744O844OrIDxkaXYgc3R5bGU9IndpZHRoIDogNzUwcHg7Ij4KPGRpdiBhbGlnbj0iY2VudGVyIiBzdHlsZT0ibWFyZ2luLWJvdHRvbSA6IDBweDtib3JkZXItd2lkdGggOiAycHg7Ym9yZGVyLXN0eWxlIDogc29saWQ7Ym9yZGVyLWNvbG9yIDogI2JjMTEzMTsiPgoKPC9kaXY+PC9kaXY+PGRpdiBjbGFzcz0ibWFyZ2luNSI+PC9kaXY+PGJyPiDjgrnjg7zjg5Hjg7zjgrvjg7zjg6stLT4KCjwhLS0g44K544O844OR44O844K744O844OrMiDvvIjjg5Djg4rjg7zjga7jgb/vvIk8aW1nIHNyYz0iaHR0cDovL3d3dy5yYWt1dGVuLm5lLmpwL2dvbGQvZXNwb3J0cy9zcHNhbGUvc2FsZS1ibjc4MC5qcGciIGJvcmRlcj0iMCIgYWx0PSLjgrvjg7zjg6siIHdpZHRoPSI3NzBweCI+PGJyPjxicj4g44K544O844OR44O8IC0tPgoKPGRpdiBjbGFzcz0iY29udGVudHMiPjwhLS0g5ZGK55+lIAo8ZGl2IHN0eWxlPSJ3aWR0aDo3MzZweDsgcGFkZGluZzoxNXB4OyBtYXJnaW46NXB4IDAgMTVweDsgYm9yZGVyOnNvbGlkICNFNjJGMkYgMnB4OyI+CjxwIHN0eWxlPSJmb250LXdlaWdodDpib2xkOyBmb250LXNpemU6MTdweDsgdGV4dC1hbGlnbjpjZW50ZXI7Ij7jgJAgPHNwYW4gc3R5bGU9ImJvcmRlci1ib3R0b206MnB4IGRvdHRlZCAjOTk5OyBmb250LXNpemU6MTVweDsiPjXmnIgyNuaXpSjph5Ep44Gu5Za25qWt44Gr44Gk44GE44GmPC9zcGFuPiDjgJE8L3A+CjxwIHN0eWxlPSJmb250LXNpemU6MTNweDsgbWFyZ2luLXRvcDoxNXB4OyI+6Kqg44Gr5Yud5omL44Gq44GM44KJNeaciDI25pelKOmHkSnjga/jgIHnpL7lhoXnoJTkv67jga7jgZ/jgoHjgIHllrbmpa3mmYLplpPjgpLljYjliY0xMu+8mjAw44G+44Gn44Go44GV44Gb44Gm44GE44Gf44Gg44GN44G+44GZ44CC5bCa44CB44CM44GC44GZ5qW944CN5a++5b+c5ZOB44Gr44Gk44GN44G+44GX44Gm44Gv44CB6YCa5bi46YCa44KKMTLvvJowMOOBvuOBp+OBruOBlOazqOaWh+OCkuW9k+aXpeeZuumAgeOBleOBm+OBpuOBhOOBn+OBoOOBjeOBvuOBmeOAgjwvcD4KPHAgc3R5bGU9ImZvbnQtc2l6ZToxM3B4OyBtYXJnaW4tdG9wOjE1cHg7Ij7jgYrlrqLmp5jjgavjga/jgZTkuI3kvr/jgpLjgYrmjpvjgZHoh7TjgZfjgb7jgZnjgYzjgIHjgZTnkIbop6Pjga7nqIvjgIHlrpzjgZfjgY/jgYrpoZjjgYToh7TjgZfjgb7jgZnjgII8L3A+CjwvZGl2PiAtLT4KCgo8IS0tIDxkaXYgc3R5bGU9IndpZHRoOjczNnB4OyBwYWRkaW5nOjE1cHg7IG1hcmdpbjo1cHggMCAxNXB4OyBib3JkZXI6c29saWQgI0U2MkYyRiAycHg7Ij4KPHAgc3R5bGU9ImZvbnQtd2VpZ2h0OmJvbGQ7IGZvbnQtc2l6ZToxN3B4OyB0ZXh0LWFsaWduOmNlbnRlcjsgbWFyZ2luOjA7Ij7jgJAgPHNwYW4gc3R5bGU9ImJvcmRlci1ib3R0b206MnB4IGRvdHRlZCAjOTk5OyBmb250LXNpemU6MTVweDsiPuWkqeWAmeS4jeiJr+OBruW9semfv+OBq+OCiOOCi+mFjemAgemBheW7tuOBq+OBpOOBhOOBpjwvc3Bhbj4g44CRPC9wPgo8cCBzdHlsZT0iZm9udC1zaXplOjEzcHg7IG1hcmdpbjoxNXB4IDAgMDsiPuWPsOmiqOODu+ixqumbqOetieOBruWkqeWAmeS4jeiJr+OBq+S8tOOBhOOAgeS4gOmDqOWcsOWfn+OBp+OBiuiNt+eJqeOBruOBiuWxiuOBkeOBq+mBheOCjOOBjOeZuueUn+OBmeOCi+aBkOOCjOOBjOOBlOOBluOBhOOBvuOBmeOAgjwvcD4KPHAgc3R5bGU9ImZvbnQtc2l6ZToxM3B4OyBtYXJnaW46N3B4IDAgMDsiPuOBvuOBn+OAgeS7iuW+jOOBruWPsOmiqOOBrumAsui3r+OBq+OCiOOBo+OBpuOBr+OAgeW6g+evhOWbsuOBruWcsOWfn+OBp+mBheOCjOOBjOeUn+OBmOOCi+WPr+iDveaAp+OBjOOBguOCiuOBvuOBmeOAguWcsOWfn+OChOOCv+OCpOODn+ODs+OCsOOBq+OCiOOBo+OBpuOAgeOBlOW4jOacm+OBruOBiuWxiuOBkeaXpeaZguOBq+mFjemBlOOBp+OBjeOBquOBhOWgtOWQiOOBjOOBlOOBluOBhOOBvuOBmeOAgjwvcD4KPHAgc3R5bGU9ImZvbnQtc2l6ZToxM3B4OyBtYXJnaW46N3B4IDAgMDsiPuOBiuWuouanmOOBq+OBr+Wkp+WkieOBlOi/t+aDkeOCkuOBiuaOm+OBkeiHtOOBl+OBvuOBmeOBjOOAgeOBlOeQhuino+OBhOOBn+OBoOOBkeOBvuOBmeOCiOOBhuOBiumhmOOBhOiHtOOBl+OBvuOBmeOAgjwvcD4KPC9kaXY+IC0tPgoKCgo8IS0tIOS4gOmDqOWcsOWfn+OBp+OBrumFjemBlOmBheW7tuOBq+OBpOOBjeOBvuOBl+OBpiAtLT4KCgo8IS0tIOOCr+ODvOODneODsyAKPGltZyBzcmM9Imh0dHA6Ly93d3cucmFrdXRlbi5uZS5qcC9nb2xkL2VzcG9ydHMvYm4vY291cG9uL2NvdXBvbjc3MC5naWYiIGFsdD0iMjAw5YaGT0ZG44Kv44O844Od44OzIj4gLS0+CgoKCjwhLS0gPGltZyBzcmM9Imh0dHA6Ly93d3cucmFrdXRlbi5uZS5qcC9nb2xkL2VzcG9ydHMvYm4vYWRpZGFzL2FkaWRhcy1ibjM1Ny5qcGciIGFsdD0iYWRpZGFz44Od44Kk44Oz44OIMTXlgI0iPiAtLT4KCgo8YnI+,44Kt44Oj44OX44OG44Oz44K544K/44OD44Kw77yIQ0FQVEFJTlNUQUfvvIkg44OA44OD44OB44Kq44O844OW44Oz44K744OD44OI77yIMjVjbe+8iSBNLTU1Mjgg44CQ44Kt44Oj44Oz44OXIOmNiyDoqr/nkIYg44OQ44O844OZ44Kt44Ol44O844CR44CQVEswM+OAke+8mu+9he+8s++8sO+8r++8su+8tO+8s+alveWkqeaUr+W6lw==,44Ki44Km44OI44OJ44Ki44Kt44Oj44Oz44OX44OQ44O844OZ44Kt44Ol44O844OG44Oz44OI44K/44O844OX44OG44O844OW44Or44OB44Kn44Ki44K344Ol44Op44OV44Op44Oz44K/44Oz44Kv44O844Op44O844Oc44OD44Kv44K544Kz44O844Or44Oe44Oz44OO44O844K544OV44Kn44Kk44K544K544Od44O844OE44OV44Kj44OD44OI44ON44K544OA44Kk44Ko44OD44OI44OI44Os44O844OL44Oz44Kw44OX44Ot44OG44Kk44Oz44K144OX44Oq44Oh44Oz44OI44OA44Oz44OZ44Or44K144OD44Kr44O844Kt44Oj44OX44OG44Oz44K544K/44OD44Kw77yIQ0FQVEFJTlNUQUfvvIkg44OA44OD44OB44Kq44O844OW44Oz44K744OD44OI77yIMjVjbe+8iSBNLTU1Mjgg44CQ44Kt44Oj44Oz44OXIOmNiyDoqr/nkIYg44OQ44O844OZ44Kt44Ol44O844CR44CQVEswM+OAkQ==,44Kt44Oj44OX44OG44Oz44K544K/44OD44Kw77yIQ0FQVEFJTlNUQUfvvIkg44OA44OD44OB44Kq44O844OW44Oz44K744OD44OI77yIMjVjbe+8iSBNLTU1Mjgg44CQ44Kt44Oj44Oz44OXIOmNiyDoqr/nkIYg44OQ44O844OZ44Kt44Ol44O844CR44CQVEswM+OAkQ==[rn]
34-75322,aHR0cDovL3RzaG9wLnIxMHMuanAvZXNwb3J0cy9jYWJpbmV0LzkyMzcvOTIzNzMxMDQ5MDAxMC5qcGc/Zml0aW49NzAwOjcwMA==,NTU4NC4wMDAw,,44K544Od44O844OE44O744Ki44Km44OI44OJ44KiID4g44Ki44Km44OI44OJ44KiID4g44OQ44O844G544Kt44Ol44O844O744Kv44OD44Kt44Oz44Kw55So5ZOBID4g44OA44OD44OB44Kq44O844OW44Oz,44CQ6YCB5paZ54Sh5paZ44CRIOODpuODi+ODleODrOODvOODoCBVTklGTEFNRSDjg4Djg4Pjg4Hjgqrjg7zjg5bjg7MgMTDjgqTjg7Pjg4Eg44OP44O844OVIE5vLjY2MTA5MyDjgJDnhJrngavlj7Ag54Sa44GN54Gr5Y+w44Kw44OD44K644CR44CQVEswM+OAkQ==,4peG44GC44GZ5qW94peG4piF6YCB5paZ54Sh5paZ4piF,PCEtLWltZ190YWdzLS0+PHRhYmxlIGJvcmRlcj0iMCIgd2lkdGg9IjY1MCI+PFRSPjxURCBhbGlnbj0iY2VudGVyIj48QSBocmVmPSJodHRwOi8vd3d3LnJha3V0ZW4uY28uanAvZXNwb3J0cy9pbmZvMi5odG1sI2RlciI+PElNRyBzcmM9Imh0dHA6Ly93d3cucmFrdXRlbi5uZS5qcC9nb2xkL2VzcG9ydHMvc3VwcG9ydC9zaGlwcGluZzEuZ2lmIiBib3JkZXI9IjAiPjwvQT48QSBocmVmPSJodHRwOi8vd3d3LnJha3V0ZW4ubmUuanAvZ29sZC9lc3BvcnRzL3N1cHBvcnQvZGlzcGF0Y2guaHRtbCI+PElNRyBzcmM9Imh0dHA6Ly93d3cucmFrdXRlbi5uZS5qcC9nb2xkL2VzcG9ydHMvc3VwcG9ydC9kYXlzNi5naWYiIGJvcmRlcj0iMCI+PC9BPjxBIGhyZWY9Imh0dHA6Ly93d3cucmFrdXRlbi5uZS5qcC9nb2xkL2VzcG9ydHMvc3VwcG9ydC9kaXNwYXRjaC5odG1sIj48SU1HIHNyYz0iaHR0cDovL3d3dy5yYWt1dGVuLm5lLmpwL2dvbGQvZXNwb3J0cy9zdXBwb3J0L3BsYWNlMS5naWYiIGJvcmRlcj0iMCI+PC9BPjwvdGQ+PC90cj48L3RhYmxlPjwhLS1pbWdfdGFnZS0tPjwhLS1zb2t1X3RhZ3MtLT48dGFibGUgYm9yZGVyPSIwIj48VFI+PFREPjxBIGhyZWY9Imh0dHA6Ly93d3cucmFrdXRlbi5uZS5qcC9nb2xkL2VzcG9ydHMvYXN1cmFrdS9hc3VyYWt1Lmh0bWwiIHRhcmdldD0iX2JsYW5rIj48SU1HIHNyYz0iaHR0cDovL3d3dy5yYWt1dGVuLm5lLmpwL2dvbGQvZXNwb3J0cy9ibi9hc3VyYWt1L2FzdXJha3UuZ2lmIiBib3JkZXI9IjAiPjwvQT48L1REPjwvdHI+PC90YWJsZT48IS0tc29rdV90YWdlLS0+PHN0cm9uZz48Zm9udCBjb2xvcj0iIzAwMDBDRCIgc2l6ZT0iNCI+5rWF44GE44G744GG44GM6Kq/55CG44GX44KE44GZ44GE5paZ55CG44Gr44Kq44K544K544Oh44CCPGJyPjwvZm9udD48L3N0cm9uZz48YnI+44Gd44Gu5ZCN44Gu6YCa44KK44OA44OD44OB44Kq44O844OW44Oz77yR77yQ44Kk44Oz44OB44K544O844OR44O844OH44Kj44O844OX44Gu57SE5Y2K5YiG44Gu5rex44GV44Gu5rWF5Z6L44OA44OD44OB44Kq44O844OW44Oz44CCPGJyPjxicj7il4/jg5Hjgqjjg6rjgqLjgIHjgrDjg6njgr/jg7PjgIHjg5TjgrbjgIHjgarjganjgarjganmtYXjgYTjgbvjgYbjgYzoqr/nkIbjgZfjgoTjgZnjgYTmlpnnkIbjgavjgYrli6fjgoHjgafjgZnjgII8YnI+4peP44OV44K/44KS5oyB44Gh5LiK44GS44KL44Oq44OV44K/44O844KS44K744OD44OI44CC5pys5L2T44KS5oyB44Gh5LiK44GS44KL44GT44Go44KC44Gn44GN44G+44GZ44CCPGJyPuKXj+iTi+OAgeODquODg+ODieODquODleOCv+ODvOOAgeW6lee2suOCkuOCu+ODg+ODiOOAgjxicj7il4/jg6rjg4Pjg4nvvIjjg5Xjgr/vvInjgpLjg5Xjg6njgqTjg5Hjg7PjgajjgZfjgabkvb/jgaPjgZ/oqr/nkIbjgoLlj6/og73jgafjgZnjgII8YnI+4peP44OV44K/5aSp6Z2i77yaVU5JRkxBTUUgRFVUQ0ggT1ZFTuODreOCtOWIu+WNsOOBguOCiuOAgjxicj48YnI+PHA+PHRhYmxlIGJvcmRlcj0iMCIgd2lkdGg9Ijk3JSIgYmdjb2xvcj0iI0ZGRkZFMCI+PHRyPjx0ZD48c3Ryb25nPjxmb250IGNvbG9yPSIjMDA2NDAwIiBzaXplPSIzIj7jgJDplqLpgKPllYblk4Hjga/jgZPjgaHjgonjgafjgZnjgJE8L2ZvbnQ+PC9zdHJvbmc+PGJyPuKXhiDjgrXjgqTjgrrpgZXjgYTvvIHjg4Djg4Pjg4Hjgqrjg7zjg5bjg7MgMTLjgqTjg7Pjg4Eg44OP44O844OVIOOBr+OBk+OBoeOCie+8gTxicj7il4Yg44K144Kk44K66YGV44GE77yB44OA44OD44OB44Kq44O844OW44OzMTLjgqTjg7Pjg4Hjgrnjg7zjg5Hjg7zjg4fjgqPjg7zjg5cg44Gv44GT44Gh44KJ77yBPGJyPuKXhiDjgrXjgqTjgrrpgZXjgYTvvIHjg4Djg4Pjg4Hjgqrjg7zjg5bjg7MxMOOCpOODs+ODgeOCueODvOODkeODvOODh+OCo+ODvOODlyDjga/jgZPjgaHjgonvvIE8YnI+4peGIOi2heS+v+WIqe+8gSDjg6bjg4vjg5Xjg6zjg7zjg6Ag54Sa44GN54Gr44OG44O844OW44Or44CA44KC44GU5LiA57eS44Gr44Gp44GG44Ge77yBPGJyPjwvdGQ+PC90cj48L3RhYmxlPjxicj48YnI+PGltZyBzcmM9Imh0dHA6Ly9pbWFnZS5yYWt1dGVuLmNvLmpwL2VzcG9ydHMvY2FiaW5ldC9ibi9maXJlZ3JpbGw1MDAuZ2lmIiBhbHQ9IuODleOCoeOCpOOCouOCsOODquODq++8geOBiuW+l+OBquOCreODo+ODquODvOODkOODg+OCsOOCu+ODg+ODiO+8gSIgYm9yZGVyPSIwIj48IS0tc3BlY190YWdzLS0+PHA+PHN0cm9uZz48Zm9udCBjb2xvcj0iIzAwMDBDRCIgc2l6ZT0iMyI+44CQ5ZWG5ZOB44K544Oa44OD44Kv44CRPC9mb250Pjwvc3Ryb25nPjxicj7il488c3Ryb25nPuOCteOCpOOCujwvc3Ryb25nPiA6IDxicj7jgIDjg7vpjYvlvoTvvIjlhoXlr7jvvIkyNi4ww5fmt7HjgZXvvIjlhoXlr7jvvIk2LjVjbTxicj7jgIDjg7vok4vlvoQyNi41w5fmt7HjgZUyLjhjbTxicj7il488c3Ryb25nPuadkOizqjwvc3Ryb25nPiA6IDxicj7jgIDjg7vmnKzkvZPvvJrpu5Lnmq7piYTmnb8zLjJtbeWOmjxicj7jgIDjg7vlupXntrLjg7vjg6rjg4Pjg4njg6rjg5Xjgr/jg7zvvJrjgrnjg4bjg7Pjg6zjgrk8YnI+4pePPHN0cm9uZz7lrrnph488L3N0cm9uZz4gOiAzLjHjg6rjg4Pjg4jjg6s8YnI+4pePPHN0cm9uZz7ph43ph488L3N0cm9uZz4gOiA0LjNrZzxicj7il488c3Ryb25nPuS7mOWxnuWTgTwvc3Ryb25nPiA6IOW6lee2su+8iM6mMjIwbW3vvInjg7vjg6rjg4Pjg4njg6rjg5Xjgr/jg7w8YnI+PCEtLXNwZWNfdGFnZS0tPjxicj48bGluayByZWw9InN0eWxlc2hlZXQiIHR5cGU9InRleHQvY3NzIiBocmVmPSJodHRwOi8vd3d3LnJha3V0ZW4ubmUuanAvZ29sZC9lc3BvcnRzL3Nob3BwaW5nX3BhcnRzLmNzcyI+Cgo8ZGl2IHN0eWxlPSJtYXJnaW4tdG9wOi0yNnB4OyI+PC9kaXY+Cgo8aW1nIHNyYz0iaHR0cDovL3d3dy5yYWt1dGVuLm5lLmpwL2dvbGQvZXNwb3J0cy9ibi9wb2ludC9wb2ludF9iYmIuanBnIiBhbHQ9IjMwMDDlhobku6XkuIrjgafjg53jgqTjg7Pjg4jvvJPlgI0iIGJvcmRlcj0iMCIgd2lkdGg9Ijc1MHB4Ij4KCjwhLS0g44K744O844OrIDxpbWcgc3JjPSJodHRwOi8vd3d3LnJha3V0ZW4ubmUuanAvZ29sZC9lc3BvcnRzL25ld3llYXItc2FsZS9uZXd5ZWFyLXNhbGUtNzgwLmpwZyIgYm9yZGVyPSIwIiBhbHQ9IuOCu+ODvOODqyIgd2lkdGg9Ijc3MHB4Ij48YnI+PGJyPiDjgrvjg7zjg6sgLS0+Cgo8IS0tIOOCueODvOODkeODvOOCu+ODvOODqyA8ZGl2IHN0eWxlPSJ3aWR0aCA6IDc1MHB4OyI+CjxkaXYgYWxpZ249ImNlbnRlciIgc3R5bGU9Im1hcmdpbi1ib3R0b20gOiAwcHg7Ym9yZGVyLXdpZHRoIDogMnB4O2JvcmRlci1zdHlsZSA6IHNvbGlkO2JvcmRlci1jb2xvciA6ICNiYzExMzE7Ij4KCjwvZGl2PjwvZGl2PjxkaXYgY2xhc3M9Im1hcmdpbjUiPjwvZGl2Pjxicj4g44K544O844OR44O844K744O844OrLS0+Cgo8IS0tIOOCueODvOODkeODvOOCu+ODvOODqzIg77yI44OQ44OK44O844Gu44G/77yJPGltZyBzcmM9Imh0dHA6Ly93d3cucmFrdXRlbi5uZS5qcC9nb2xkL2VzcG9ydHMvc3BzYWxlL3NhbGUtYm43ODAuanBnIiBib3JkZXI9IjAiIGFsdD0i44K744O844OrIiB3aWR0aD0iNzcwcHgiPjxicj48YnI+IOOCueODvOODkeODvCAtLT4KCjxkaXYgY2xhc3M9ImNvbnRlbnRzIj48IS0tIOWRiuefpSAKPGRpdiBzdHlsZT0id2lkdGg6NzM2cHg7IHBhZGRpbmc6MTVweDsgbWFyZ2luOjVweCAwIDE1cHg7IGJvcmRlcjpzb2xpZCAjRTYyRjJGIDJweDsiPgo8cCBzdHlsZT0iZm9udC13ZWlnaHQ6Ym9sZDsgZm9udC1zaXplOjE3cHg7IHRleHQtYWxpZ246Y2VudGVyOyI+44CQIDxzcGFuIHN0eWxlPSJib3JkZXItYm90dG9tOjJweCBkb3R0ZWQgIzk5OTsgZm9udC1zaXplOjE1cHg7Ij415pyIMjbml6Uo6YeRKeOBruWWtualreOBq+OBpOOBhOOBpjwvc3Bhbj4g44CRPC9wPgo8cCBzdHlsZT0iZm9udC1zaXplOjEzcHg7IG1hcmdpbi10b3A6MTVweDsiPuiqoOOBq+WLneaJi+OBquOBjOOCiTXmnIgyNuaXpSjph5Ep44Gv44CB56S+5YaF56CU5L+u44Gu44Gf44KB44CB5Za25qWt5pmC6ZaT44KS5Y2I5YmNMTLvvJowMOOBvuOBp+OBqOOBleOBm+OBpuOBhOOBn+OBoOOBjeOBvuOBmeOAguWwmuOAgeOAjOOBguOBmealveOAjeWvvuW/nOWTgeOBq+OBpOOBjeOBvuOBl+OBpuOBr+OAgemAmuW4uOmAmuOCijEy77yaMDDjgb7jgafjga7jgZTms6jmlofjgpLlvZPml6XnmbrpgIHjgZXjgZvjgabjgYTjgZ/jgaDjgY3jgb7jgZnjgII8L3A+CjxwIHN0eWxlPSJmb250LXNpemU6MTNweDsgbWFyZ2luLXRvcDoxNXB4OyI+44GK5a6i5qeY44Gr44Gv44GU5LiN5L6/44KS44GK5o6b44GR6Ie044GX44G+44GZ44GM44CB44GU55CG6Kej44Gu56iL44CB5a6c44GX44GP44GK6aGY44GE6Ie044GX44G+44GZ44CCPC9wPgo8L2Rpdj4gLS0+CgoKPCEtLSA8ZGl2IHN0eWxlPSJ3aWR0aDo3MzZweDsgcGFkZGluZzoxNXB4OyBtYXJnaW46NXB4IDAgMTVweDsgYm9yZGVyOnNvbGlkICNFNjJGMkYgMnB4OyI+CjxwIHN0eWxlPSJmb250LXdlaWdodDpib2xkOyBmb250LXNpemU6MTdweDsgdGV4dC1hbGlnbjpjZW50ZXI7IG1hcmdpbjowOyI+44CQIDxzcGFuIHN0eWxlPSJib3JkZXItYm90dG9tOjJweCBkb3R0ZWQgIzk5OTsgZm9udC1zaXplOjE1cHg7Ij7lpKnlgJnkuI3oia/jga7lvbHpn7/jgavjgojjgovphY3pgIHpgYXlu7bjgavjgaTjgYTjgaY8L3NwYW4+IOOAkTwvcD4KPHAgc3R5bGU9ImZvbnQtc2l6ZToxM3B4OyBtYXJnaW46MTVweCAwIDA7Ij7lj7Dpoqjjg7vosarpm6jnrYnjga7lpKnlgJnkuI3oia/jgavkvLTjgYTjgIHkuIDpg6jlnLDln5/jgafjgYrojbfnianjga7jgYrlsYrjgZHjgavpgYXjgozjgYznmbrnlJ/jgZnjgovmgZDjgozjgYzjgZTjgZbjgYTjgb7jgZnjgII8L3A+CjxwIHN0eWxlPSJmb250LXNpemU6MTNweDsgbWFyZ2luOjdweCAwIDA7Ij7jgb7jgZ/jgIHku4rlvozjga7lj7Dpoqjjga7pgLLot6/jgavjgojjgaPjgabjga/jgIHluoPnr4Tlm7Ljga7lnLDln5/jgafpgYXjgozjgYznlJ/jgZjjgovlj6/og73mgKfjgYzjgYLjgorjgb7jgZnjgILlnLDln5/jgoTjgr/jgqTjg5/jg7PjgrDjgavjgojjgaPjgabjgIHjgZTluIzmnJvjga7jgYrlsYrjgZHml6XmmYLjgavphY3pgZTjgafjgY3jgarjgYTloLTlkIjjgYzjgZTjgZbjgYTjgb7jgZnjgII8L3A+CjxwIHN0eWxlPSJmb250LXNpemU6MTNweDsgbWFyZ2luOjdweCAwIDA7Ij7jgYrlrqLmp5jjgavjga/lpKflpInjgZTov7fmg5HjgpLjgYrmjpvjgZHoh7TjgZfjgb7jgZnjgYzjgIHjgZTnkIbop6PjgYTjgZ/jgaDjgZHjgb7jgZnjgojjgYbjgYrpoZjjgYToh7TjgZfjgb7jgZnjgII8L3A+CjwvZGl2PiAtLT4KCgoKPCEtLSDkuIDpg6jlnLDln5/jgafjga7phY3pgZTpgYXlu7bjgavjgaTjgY3jgb7jgZfjgaYgLS0+CgoKPCEtLSDjgq/jg7zjg53jg7MgCjxpbWcgc3JjPSJodHRwOi8vd3d3LnJha3V0ZW4ubmUuanAvZ29sZC9lc3BvcnRzL2JuL2NvdXBvbi9jb3Vwb243NzAuZ2lmIiBhbHQ9IjIwMOWGhk9GRuOCr+ODvOODneODsyI+IC0tPgoKCgo8IS0tIDxpbWcgc3JjPSJodHRwOi8vd3d3LnJha3V0ZW4ubmUuanAvZ29sZC9lc3BvcnRzL2JuL2FkaWRhcy9hZGlkYXMtYm4zNTcuanBnIiBhbHQ9ImFkaWRhc+ODneOCpOODs+ODiDE15YCNIj4gLS0+CgoKPGJyPg==,44CQ6YCB5paZ54Sh5paZ44CRIOODpuODi+ODleODrOODvOODoCBVTklGTEFNRSDjg4Djg4Pjg4Hjgqrjg7zjg5bjg7MgMTDjgqTjg7Pjg4Eg44OP44O844OVIE5vLjY2MTA5MyDjgJDnhJrngavlj7Ag54Sa44GN54Gr5Y+w44Kw44OD44K644CR44CQVEswM+OAke+8mu+9he+8s++8sO+8r++8su+8tO+8s+alveWkqeaUr+W6lw==,44Ki44Km44OI44OJ44Ki44Kt44Oj44Oz44OX44OQ44O844OZ44Kt44Ol44O844OG44Oz44OI44K/44O844OX44OG44O844OW44Or44OB44Kn44Ki44K344Ol44Op44OV44Op44Oz44K/44Oz44Kv44O844Op44O844Oc44OD44Kv44K544Kz44O844Or44Oe44Oz44OO44O844K544OV44Kn44Kk44K544K544Od44O844OE44OV44Kj44OD44OI44ON44K544OA44Kk44Ko44OD44OI44OI44Os44O844OL44Oz44Kw44OX44Ot44OG44Kk44Oz44K144OX44Oq44Oh44Oz44OI44OA44Oz44OZ44Or44K144OD44Kr44O844CQ6YCB5paZ54Sh5paZ44CRIOODpuODi+ODleODrOODvOODoCBVTklGTEFNRSDjg4Djg4Pjg4Hjgqrjg7zjg5bjg7MgMTDjgqTjg7Pjg4Eg44OP44O844OVIE5vLjY2MTA5MyDjgJDnhJrngavlj7Ag54Sa44GN54Gr5Y+w44Kw44OD44K644CR44CQVEswM+OAkQ==,4peG44GC44GZ5qW94peG4piF6YCB5paZ54Sh5paZ4piF44CC44CQ6YCB5paZ54Sh5paZ44CRIOODpuODi+ODleODrOODvOODoCBVTklGTEFNRSDjg4Djg4Pjg4Hjgqrjg7zjg5bjg7MgMTDjgqTjg7Pjg4Eg44OP44O844OVIE5vLjY2MTA5MyDjgJDnhJrngavlj7Ag54Sa44GN54Gr5Y+w44Kw44OD44K644CR44CQVEswM+OAkQ==[rn]
34-75323,aHR0cDovL3RzaG9wLnIxMHMuanAvZXNwb3J0cy9jYWJpbmV0LzkxMDktNS85MTA5MzExNzkwNDA3LmpwZz9maXRpbj03MDA6NzAw,ODYzMS4yMDAw,,44K544Od44O844OE44O744Ki44Km44OI44OJ44KiID4g44Ki44Km44OI44OJ44KiID4g44OQ44O844G544Kt44Ol44O844O744Kv44OD44Kt44Oz44Kw55So5ZOBID4g44OA44OD44OB44Kq44O844OW44Oz,44CQ6YCB5paZ54Sh5paZ44CR44Ot44K044K577yITE9HT1PvvIkgU0wg44OA44OD44OB44Kq44O844OW44OzIDEwaW5jaCDjg4fjgqPjg7zjg5cg77yI44OQ44OD44Kw5LuY77yJIDgxMDYyMjI5IO+8hiBCQlEg6ICQ54axIOODrOOCtuODvOOCsOODreODvOODliBSMTRBRzAzNiDoqIgy54K544K744OD44OIIOOAkOOCouOCpuODiOODieOCoiDjgq3jg6Pjg7Pjg5cg5paZ55CGIOmNiyDogJDngavmiYvooovjgJE=,4peG44GC44GZ5qW94peG4piF6YCB5paZ54Sh5paZ4piF,PCEtLWltZ190YWdzLS0+PHRhYmxlIGJvcmRlcj0iMCIgd2lkdGg9IjY1MCI+PFRSPjxURCBhbGlnbj0iY2VudGVyIj48QSBocmVmPSJodHRwOi8vd3d3LnJha3V0ZW4uY28uanAvZXNwb3J0cy9pbmZvMi5odG1sI2RlciI+PElNRyBzcmM9Imh0dHA6Ly93d3cucmFrdXRlbi5uZS5qcC9nb2xkL2VzcG9ydHMvc3VwcG9ydC9zaGlwcGluZzIuZ2lmIiBib3JkZXI9IjAiPjwvQT48QSBocmVmPSJodHRwOi8vd3d3LnJha3V0ZW4ubmUuanAvZ29sZC9lc3BvcnRzL3N1cHBvcnQvZGlzcGF0Y2guaHRtbCI+PElNRyBzcmM9Imh0dHA6Ly93d3cucmFrdXRlbi5uZS5qcC9nb2xkL2VzcG9ydHMvc3VwcG9ydC9kYXlzNi5naWYiIGJvcmRlcj0iMCI+PC9BPjxBIGhyZWY9Imh0dHA6Ly93d3cucmFrdXRlbi5uZS5qcC9nb2xkL2VzcG9ydHMvc3VwcG9ydC9kaXNwYXRjaC5odG1sIj48SU1HIHNyYz0iaHR0cDovL3d3dy5yYWt1dGVuLm5lLmpwL2dvbGQvZXNwb3J0cy9zdXBwb3J0L3BsYWNlMS5naWYiIGJvcmRlcj0iMCI+PC9BPjwvdGQ+PC90cj48L3RhYmxlPjwhLS1pbWdfdGFnZS0tPjwhLS1zb2t1X3RhZ3MtLT48dGFibGUgYm9yZGVyPSIwIj48VFI+PFREPjxBIGhyZWY9Imh0dHA6Ly93d3cucmFrdXRlbi5uZS5qcC9nb2xkL2VzcG9ydHMvYXN1cmFrdS9hc3VyYWt1Lmh0bWwiIHRhcmdldD0iX2JsYW5rIj48SU1HIHNyYz0iaHR0cDovL3d3dy5yYWt1dGVuLm5lLmpwL2dvbGQvZXNwb3J0cy9ibi9hc3VyYWt1L2FzdXJha3UuZ2lmIiBib3JkZXI9IjAiPjwvQT48L1REPjwvdHI+PC90YWJsZT48IS0tc29rdV90YWdlLS0+PHN0cm9uZz48Zm9udCBjb2xvcj0iIzAwMDBDRCIgc2l6ZT0iNCI+PC9mb250Pjwvc3Ryb25nPjxicj48c3Ryb25nPjxmb250IGNvbG9yPSIjMDAwMENEIiBzaXplPSI0Ij7jgJDjgrvjg4Pjg4jlhoXlrrnjgJE8L2ZvbnQ+PC9zdHJvbmc+PGJyPuODu+ODreOCtOOCue+8iExPR09T77yJIFNMIOODgOODg+ODgeOCquODvOODluODsyAxMGluY2gg44OH44Kj44O844OXIO+8iOODkOODg+OCsOS7mO+8iSA4MTA2MjIyOSDDlyAxPGJyPuODu+ODreOCtOOCue+8iExPR09T77yJIEJCUSDogJDnhrEg44Os44K244O844Kw44Ot44O844OWIDgxMDkwOTIwIMOXIDE8YnI+PGJyPjxicj48c3Ryb25nPjxmb250IGNvbG9yPSIjMDAwMENEIiBzaXplPSI0Ij7jg4Djg4Pjg4Hjgqrjg7zjg5bjg7M8L2ZvbnQ+PC9zdHJvbmc+PGJyPjxicj7jgZnjgZDjgavkvb/jgYjjgovjgrfjg7zjgrrjg4vjg7PjgrDkuI3opoHvvIHmlpnnkIbjga7luYXjgYzluoPjgYzjgovmt7HlnotJSOWvvuW/nO+8gTxicj48YnI+44O76Z2i5YCS44Gq44K344O844K644OL44Oz44Kw44GM5LiN6KaB44Gq44OA44OD44OB44Kq44O844OW44Oz44CCPGJyPuODu+aWmeeQhuOBruW5heOBjOW6g+OBjOOCi+a3seWei+OAgjxicj7jg7vjgq3jg4Pjg4Hjg7PjgafjgoLkvb/jgYjjgovohJrnhKHjgZfjgr/jgqTjg5fjgII8YnI+44O7SUjlr77lv5zjgII8YnI+44O744Kt44Oj44Oq44O844OQ44OD44Kw5LuY44GN44CCPGJyPjxicj7il4/nt4/ph43ph4/vvJrvvIjntITvvIk1LjVrZzxicj7il4/jgrXjgqTjgrrvvJrvvIjntITvvInnm7TlvoQyNsOX6auY44GVMTMuNWNtPGJyPuKXj+WGheWvuO+8mu+8iOe0hO+8ieebtOW+hDIzLjfvvIgyMe+8icOX5rex44GVMTAuNWNtPGJyPuKXj+WPjue0jeOCteOCpOOCuu+8mu+8iOe0hO+8ieebtOW+hDMwLjXDl+mrmOOBlTE3LjVjbTxicj7il4/kuLvntKDmnZDvvJrpi7PpiYTjgIHjg53jg6rjgqjjgrnjg4bjg6s8YnI+PGJyPjxicj48c3Ryb25nPjxmb250IGNvbG9yPSIjMDAwMENEIiBzaXplPSI0Ij7jg6zjgrbjg7zjgrDjg63jg7zjg5Y8L2ZvbnQ+PC9zdHJvbmc+PGJyPjxicj7nmq7oo73jgafogJDnhrHmgKfjgavlhKrjgozjgabjgYTjgovjgYvjgonngavlgrfnrYnjgYvjgonmiYvjgpLlrojjgaPjgabjgY/jgozjgb7jgZnjgII8YnI+44OV44Kh44Kk44Ki44O844Oe44Oz44Gu5b+F6ZyA5ZOB44Gn44GZ44CCPGJyPjxicj7il4/nt4/ph43ph4/vvJrvvIjntITvvIkyMDBnPGJyPuKXj+OCteOCpOOCuu+8muODleODquODvDxicj7il4/kuLvntKDmnZDvvJrniZvpnak8YnI+PGJyPjxicj7jgJDjg63jgrTjgrnjgYvjgonjga7jgYrpoZjjgYTjgJE8YnI+44CM44Oe44OK44O844KS5a6I44Gj44Gm44CB5qW944GX44GE44OQ44O844G544Kt44Ol44O844CN44CCPGJyPuiHqueEtueSsOWig+OCkuWuiOOCi+OBn+OCgeOBq+ODkOODvOODmeOCreODpeODvOOBruOBguOBqOOBr+OAgeacqOeCreOBr+WujOWFqOOBq+a2iOeBq+OBl+aMgeOBoeW4sOOCiuOBvuOBl+OCh+OBhuOAgjxicj7nlKjlhbfjgoLlronlhajjgpLnorrjgYvjgoHjgabnlJ/jgrTjg5/jg7vnqbrjgY3nvLbjg7vntJnjgrPjg4Pjg5fjgarjganjgajjgajjgoLjgavjgY3jgaHjgpPjgajlkIToh6rjgafmjIHjgaHluLDjgorjgb7jgZfjgofjgYbjgII8YnI+PGJyPjxwPjx0YWJsZSBib3JkZXI9IjAiIHdpZHRoPSI5NyUiIGJnY29sb3I9IiNGRkZGRTAiPjx0cj48dGQ+PHN0cm9uZz48Zm9udCBjb2xvcj0iIzAwNjQwMCIgc2l6ZT0iMyI+44CQ6Zai6YCj5ZWG5ZOB44Gv44GT44Gh44KJ44Gn44GZ44CRPC9mb250Pjwvc3Ryb25nPjxicj7il4Yg44Gd44Gu5LuW44Ot44K044K55ZWG5ZOB44Gv44GT44Gh44KJPGJyPjwvdGQ+PC90cj48L3RhYmxlPjxicj7il4/nrqHnkIZjb2Rl77yaNzk4Mjk2ODQ8YnI+PGxpbmsgcmVsPSJzdHlsZXNoZWV0IiB0eXBlPSJ0ZXh0L2NzcyIgaHJlZj0iaHR0cDovL3d3dy5yYWt1dGVuLm5lLmpwL2dvbGQvZXNwb3J0cy9zaG9wcGluZ19wYXJ0cy5jc3MiPgoKPGRpdiBzdHlsZT0ibWFyZ2luLXRvcDotMjZweDsiPjwvZGl2PgoKPGltZyBzcmM9Imh0dHA6Ly93d3cucmFrdXRlbi5uZS5qcC9nb2xkL2VzcG9ydHMvYm4vcG9pbnQvcG9pbnRfYmJiLmpwZyIgYWx0PSIzMDAw5YaG5Lul5LiK44Gn44Od44Kk44Oz44OI77yT5YCNIiBib3JkZXI9IjAiIHdpZHRoPSI3NTBweCI+Cgo8IS0tIOOCu+ODvOODqyA8aW1nIHNyYz0iaHR0cDovL3d3dy5yYWt1dGVuLm5lLmpwL2dvbGQvZXNwb3J0cy9uZXd5ZWFyLXNhbGUvbmV3eWVhci1zYWxlLTc4MC5qcGciIGJvcmRlcj0iMCIgYWx0PSLjgrvjg7zjg6siIHdpZHRoPSI3NzBweCI+PGJyPjxicj4g44K744O844OrIC0tPgoKPCEtLSDjgrnjg7zjg5Hjg7zjgrvjg7zjg6sgPGRpdiBzdHlsZT0id2lkdGggOiA3NTBweDsiPgo8ZGl2IGFsaWduPSJjZW50ZXIiIHN0eWxlPSJtYXJnaW4tYm90dG9tIDogMHB4O2JvcmRlci13aWR0aCA6IDJweDtib3JkZXItc3R5bGUgOiBzb2xpZDtib3JkZXItY29sb3IgOiAjYmMxMTMxOyI+Cgo8L2Rpdj48L2Rpdj48ZGl2IGNsYXNzPSJtYXJnaW41Ij48L2Rpdj48YnI+IOOCueODvOODkeODvOOCu+ODvOODqy0tPgoKPCEtLSDjgrnjg7zjg5Hjg7zjgrvjg7zjg6syIO+8iOODkOODiuODvOOBruOBv++8iTxpbWcgc3JjPSJodHRwOi8vd3d3LnJha3V0ZW4ubmUuanAvZ29sZC9lc3BvcnRzL3Nwc2FsZS9zYWxlLWJuNzgwLmpwZyIgYm9yZGVyPSIwIiBhbHQ9IuOCu+ODvOODqyIgd2lkdGg9Ijc3MHB4Ij48YnI+PGJyPiDjgrnjg7zjg5Hjg7wgLS0+Cgo8ZGl2IGNsYXNzPSJjb250ZW50cyI+PCEtLSDlkYrnn6UgCjxkaXYgc3R5bGU9IndpZHRoOjczNnB4OyBwYWRkaW5nOjE1cHg7IG1hcmdpbjo1cHggMCAxNXB4OyBib3JkZXI6c29saWQgI0U2MkYyRiAycHg7Ij4KPHAgc3R5bGU9ImZvbnQtd2VpZ2h0OmJvbGQ7IGZvbnQtc2l6ZToxN3B4OyB0ZXh0LWFsaWduOmNlbnRlcjsiPuOAkCA8c3BhbiBzdHlsZT0iYm9yZGVyLWJvdHRvbToycHggZG90dGVkICM5OTk7IGZvbnQtc2l6ZToxNXB4OyI+NeaciDI25pelKOmHkSnjga7llrbmpa3jgavjgaTjgYTjgaY8L3NwYW4+IOOAkTwvcD4KPHAgc3R5bGU9ImZvbnQtc2l6ZToxM3B4OyBtYXJnaW4tdG9wOjE1cHg7Ij7oqqDjgavli53miYvjgarjgYzjgok15pyIMjbml6Uo6YeRKeOBr+OAgeekvuWGheeglOS/ruOBruOBn+OCgeOAgeWWtualreaZgumWk+OCkuWNiOWJjTEy77yaMDDjgb7jgafjgajjgZXjgZvjgabjgYTjgZ/jgaDjgY3jgb7jgZnjgILlsJrjgIHjgIzjgYLjgZnmpb3jgI3lr77lv5zlk4HjgavjgaTjgY3jgb7jgZfjgabjga/jgIHpgJrluLjpgJrjgooxMu+8mjAw44G+44Gn44Gu44GU5rOo5paH44KS5b2T5pel55m66YCB44GV44Gb44Gm44GE44Gf44Gg44GN44G+44GZ44CCPC9wPgo8cCBzdHlsZT0iZm9udC1zaXplOjEzcHg7IG1hcmdpbi10b3A6MTVweDsiPuOBiuWuouanmOOBq+OBr+OBlOS4jeS+v+OCkuOBiuaOm+OBkeiHtOOBl+OBvuOBmeOBjOOAgeOBlOeQhuino+OBrueoi+OAgeWunOOBl+OBj+OBiumhmOOBhOiHtOOBl+OBvuOBmeOAgjwvcD4KPC9kaXY+IC0tPgoKCjwhLS0gPGRpdiBzdHlsZT0id2lkdGg6NzM2cHg7IHBhZGRpbmc6MTVweDsgbWFyZ2luOjVweCAwIDE1cHg7IGJvcmRlcjpzb2xpZCAjRTYyRjJGIDJweDsiPgo8cCBzdHlsZT0iZm9udC13ZWlnaHQ6Ym9sZDsgZm9udC1zaXplOjE3cHg7IHRleHQtYWxpZ246Y2VudGVyOyBtYXJnaW46MDsiPuOAkCA8c3BhbiBzdHlsZT0iYm9yZGVyLWJvdHRvbToycHggZG90dGVkICM5OTk7IGZvbnQtc2l6ZToxNXB4OyI+5aSp5YCZ5LiN6Imv44Gu5b2x6Z+/44Gr44KI44KL6YWN6YCB6YGF5bu244Gr44Gk44GE44GmPC9zcGFuPiDjgJE8L3A+CjxwIHN0eWxlPSJmb250LXNpemU6MTNweDsgbWFyZ2luOjE1cHggMCAwOyI+5Y+w6aKo44O76LGq6Zuo562J44Gu5aSp5YCZ5LiN6Imv44Gr5Ly044GE44CB5LiA6YOo5Zyw5Z+f44Gn44GK6I2354mp44Gu44GK5bGK44GR44Gr6YGF44KM44GM55m655Sf44GZ44KL5oGQ44KM44GM44GU44GW44GE44G+44GZ44CCPC9wPgo8cCBzdHlsZT0iZm9udC1zaXplOjEzcHg7IG1hcmdpbjo3cHggMCAwOyI+44G+44Gf44CB5LuK5b6M44Gu5Y+w6aKo44Gu6YCy6Lev44Gr44KI44Gj44Gm44Gv44CB5bqD56+E5Zuy44Gu5Zyw5Z+f44Gn6YGF44KM44GM55Sf44GY44KL5Y+v6IO95oCn44GM44GC44KK44G+44GZ44CC5Zyw5Z+f44KE44K/44Kk44Of44Oz44Kw44Gr44KI44Gj44Gm44CB44GU5biM5pyb44Gu44GK5bGK44GR5pel5pmC44Gr6YWN6YGU44Gn44GN44Gq44GE5aC05ZCI44GM44GU44GW44GE44G+44GZ44CCPC9wPgo8cCBzdHlsZT0iZm9udC1zaXplOjEzcHg7IG1hcmdpbjo3cHggMCAwOyI+44GK5a6i5qeY44Gr44Gv5aSn5aSJ44GU6L+35oOR44KS44GK5o6b44GR6Ie044GX44G+44GZ44GM44CB44GU55CG6Kej44GE44Gf44Gg44GR44G+44GZ44KI44GG44GK6aGY44GE6Ie044GX44G+44GZ44CCPC9wPgo8L2Rpdj4gLS0+CgoKCjwhLS0g5LiA6YOo5Zyw5Z+f44Gn44Gu6YWN6YGU6YGF5bu244Gr44Gk44GN44G+44GX44GmIC0tPgoKCjwhLS0g44Kv44O844Od44OzIAo8aW1nIHNyYz0iaHR0cDovL3d3dy5yYWt1dGVuLm5lLmpwL2dvbGQvZXNwb3J0cy9ibi9jb3Vwb24vY291cG9uNzcwLmdpZiIgYWx0PSIyMDDlhoZPRkbjgq/jg7zjg53jg7MiPiAtLT4KCgoKPCEtLSA8aW1nIHNyYz0iaHR0cDovL3d3dy5yYWt1dGVuLm5lLmpwL2dvbGQvZXNwb3J0cy9ibi9hZGlkYXMvYWRpZGFzLWJuMzU3LmpwZyIgYWx0PSJhZGlkYXPjg53jgqTjg7Pjg4gxNeWAjSI+IC0tPgoKCjxicj4=,44CQ6YCB5paZ54Sh5paZ44CR44Ot44K044K577yITE9HT1PvvIkgU0wg44OA44OD44OB44Kq44O844OW44OzIDEwaW5jaCDjg4fjgqPjg7zjg5cg77yI44OQ44OD44Kw5LuY77yJIDgxMDYyMjI5IO+8hiBCQlEg6ICQ54axIOODrOOCtuODvOOCsOODreODvOODliBSMTRBRzAzNiDoqIgy54K544K744OD44OIIOOAkOOCouOCpuODiOODieOCoiDjgq3jg6Pjg7Pjg5cg5paZ55CGIOmNiyDogJDngavmiYvooovjgJHvvJrvvYXvvLPvvLDvvK/vvLLvvLTvvLPmpb3lpKnmlK/lupc=,44Ki44Km44OI44OJ44Ki44Kt44Oj44Oz44OX44OQ44O844OZ44Kt44Ol44O844OG44Oz44OI44K/44O844OX44OG44O844OW44Or44OB44Kn44Ki44K344Ol44Op44OV44Op44Oz44K/44Oz44Kv44O844Op44O844Oc44OD44Kv44K544Kz44O844Or44Oe44Oz44OO44O844K544OV44Kn44Kk44K544K544Od44O844OE44OV44Kj44OD44OI44ON44K544OA44Kk44Ko44OD44OI44OI44Os44O844OL44Oz44Kw44OX44Ot44OG44Kk44Oz44K144OX44Oq44Oh44Oz44OI44OA44Oz44OZ44Or44K144OD44Kr44O844CQ6YCB5paZ54Sh5paZ44CR44Ot44K044K577yITE9HT1PvvIkgU0wg44OA44OD44OB44Kq44O844OW44OzIDEwaW5jaCDjg4fjgqPjg7zjg5cg77yI44OQ44OD44Kw5LuY77yJIDgxMDYyMjI5IO+8hiBCQlEg6ICQ54axIOODrOOCtuODvOOCsOODreODvOODliBSMTRBRzAzNiDoqIgy54K544K744OD44OIIOOAkOOCouOCpuODiOODieOCoiDjgq3jg6Pjg7Pjg5cg5paZ55CGIOmNiyDogJDngavmiYvooovjgJE=,4peG44GC44GZ5qW94peG4piF6YCB5paZ54Sh5paZ4piF44CC44CQ6YCB5paZ54Sh5paZ44CR44Ot44K044K577yITE9HT1PvvIkgU0wg44OA44OD44OB44Kq44O844OW44OzIDEwaW5jaCDjg4fjgqPjg7zjg5cg77yI44OQ44OD44Kw5LuY77yJIDgxMDYyMjI5IO+8hiBCQlEg6ICQ54axIOODrOOCtuODvOOCsOODreODvOODliBSMTRBRzAzNiDoqIgy54K544K744OD44OIIOOAkOOCouOCpuODiOODieOCoiDjgq3jg6Pjg7Pjg5cg5paZ55CGIOmNiyDogJDngavmiYvooovjgJE=[rn]
34-75324,aHR0cDovL3RzaG9wLnIxMHMuanAvZXNwb3J0cy9jYWJpbmV0Lzk0NjAvOTQ2MDAwMDAwMDAyNi5qcGc/Zml0aW49NzAwOjcwMA==,MzQzOC40MDAw,,44K544Od44O844OE44O744Ki44Km44OI44OJ44KiID4g44Ki44Km44OI44OJ44KiID4g44OQ44O844G544Kt44Ol44O844O744Kv44OD44Kt44Oz44Kw55So5ZOBID4g44OA44OD44OB44Kq44O844OW44Oz,44Kt44Oj44OX44OG44Oz44K544K/44OD44Kw77yIQ0FQVEFJTlNUQUfvvIkg44OA44OD44OB44Kq44O844OW44OzIOOCs+ODs+ODnOOCr+ODg+OCq+ODvDI1Y20gTS01NTM0IOOAkOmNiyDjgq3jg6Pjg7Pjg5cg44Ki44Km44OI44OJ44KiIOODkOODvOODmeOCreODpeODvCDjg4Djg4Pjg4Hjgqrjg7zjg5bjg7PmnKzkvZPjgJE=,,PCEtLWltZ190YWdzLS0+PHRhYmxlIGJvcmRlcj0iMCIgd2lkdGg9IjY1MCI+PFRSPjxURCBhbGlnbj0iY2VudGVyIj48QSBocmVmPSJodHRwOi8vd3d3LnJha3V0ZW4uY28uanAvZXNwb3J0cy9pbmZvMi5odG1sI2RlciI+PElNRyBzcmM9Imh0dHA6Ly93d3cucmFrdXRlbi5uZS5qcC9nb2xkL2VzcG9ydHMvc3VwcG9ydC9zaGlwcGluZzIuZ2lmIiBib3JkZXI9IjAiPjwvQT48QSBocmVmPSJodHRwOi8vd3d3LnJha3V0ZW4ubmUuanAvZ29sZC9lc3BvcnRzL3N1cHBvcnQvZGlzcGF0Y2guaHRtbCI+PElNRyBzcmM9Imh0dHA6Ly93d3cucmFrdXRlbi5uZS5qcC9nb2xkL2VzcG9ydHMvc3VwcG9ydC9kYXlzMi5naWYiIGJvcmRlcj0iMCI+PC9BPjxBIGhyZWY9Imh0dHA6Ly93d3cucmFrdXRlbi5uZS5qcC9nb2xkL2VzcG9ydHMvc3VwcG9ydC9kaXNwYXRjaC5odG1sIj48SU1HIHNyYz0iaHR0cDovL3d3dy5yYWt1dGVuLm5lLmpwL2dvbGQvZXNwb3J0cy9zdXBwb3J0L3BsYWNlMi5naWYiIGJvcmRlcj0iMCI+PC9BPjxBIGhyZWY9Imh0dHA6Ly93d3cucmFrdXRlbi5jby5qcC9lc3BvcnRzL2luZm8yLmh0bWwjYmFjayI+PElNRyBzcmM9Imh0dHA6Ly93d3cucmFrdXRlbi5uZS5qcC9nb2xkL2VzcG9ydHMvc3VwcG9ydC9yZXR1cm4xLmdpZiIgYm9yZGVyPSIwIj48L0E+PC90ZD48L3RyPjwvdGFibGU+PCEtLWltZ190YWdlLS0+44OV44K/44GM44OV44Op44Kk44OR44Oz44Go44GX44Gm5L2/44GI44KL44Kz44Oz44Oc44Kv44OD44Kr44O844Gn44GZ44CCPHA+PHRhYmxlIGJvcmRlcj0iMCIgd2lkdGg9Ijk3JSIgYmdjb2xvcj0iI0ZGRkZFMCI+PHRyPjx0ZD48c3Ryb25nPjxmb250IGNvbG9yPSIjMDA2NDAwIiBzaXplPSIzIj7jgJDplqLpgKPllYblk4Hjga/jgZPjgaHjgonjgafjgZnjgJE8L2ZvbnQ+PC9zdHJvbmc+PGJyPuKXhiDjgZ3jga7ku5bjg4Djg4Pjg4Hjgqrjg7zjg5bjg7Pjga/jgZPjgaHjgok8YnI+PC90ZD48L3RyPjwvdGFibGU+PGJyPjxicj48aW1nIHNyYz0iaHR0cDovL2ltYWdlLnJha3V0ZW4uY28uanAvZXNwb3J0cy9jYWJpbmV0L2JuL2ZpcmVncmlsbDUwMC5naWYiIGFsdD0i44OV44Kh44Kk44Ki44Kw44Oq44Or77yB44GK5b6X44Gq44Kt44Oj44Oq44O844OQ44OD44Kw44K744OD44OI77yBIiBib3JkZXI9IjAiPjxicj48YnI+PGJyPjxicj48IS0tbWtfdGFncy0tPjxQPjxJTUcgc3JjPSJodHRwOi8vd3d3LnJha3V0ZW4ubmUuanAvZ29sZC9lc3BvcnRzL2JuL2p5dWhhdHR5dXU1MjAtNjAuanBnIiB3aWR0aD0iNTIwIiBoZWlnaHQ9IjYwIiBib3JkZXI9IjAiPjwvUD48IS0tbWtfdGFnZS0tPjwhLS1zcGVjX3RhZ3MtLT48cD48dGFibGUgYm9yZGVyPTEgd2lkdGg9IjUyMCIgYm9yZGVyY29sb3I9I0VPRUVFRT48dHI+PHRkIGFsaWduPWNlbnRlciB2YWxpZ249bWlkZGxlIHdpZHRoPTQwJSBoZWlnaHQ9MjUgYmdjb2xvcj0jRk9GRkZGPjxzdHJvbmc+PGZvbnQgY29sb3I9IzNBNUZDRD7jgrXjgqTjgro8L2ZvbnQ+PC9zdHJvbmc+PC90ZD48dGQgd2lkdGg9NjAlPuacrOS9k++8iOeJh+aJi+mNi++8ie+8muWkluW+hO+8iOe0hO+8iTI1MMOX6auY44GVODVtbcOX5YWo6ZW3MzgwbW08YnI+44G144Gf77yI44OV44Op44Kk44OR44Oz77yJ77ya5aSW5b6E77yI57SE77yJMjUww5fpq5jjgZUzNm1tw5flhajplbczNzVtbTwvdGQ+PC90cj48dHI+PHRkIGFsaWduPWNlbnRlciB2YWxpZ249bWlkZGxlIHdpZHRoPTQwJSBoZWlnaHQ9MjUgYmdjb2xvcj0jRk9GRkZGPjxzdHJvbmc+PGZvbnQgY29sb3I9IzNBNUZDRD7lj47ntI3jgrvjg4Pjg4jjgrXjgqTjgro8L2ZvbnQ+PC9zdHJvbmc+PC90ZD48dGQgd2lkdGg9NjAlPue0hDM4MMOXMjY1w5fpq5jjgZUxMTdtbTwvdGQ+PC90cj48dHI+PHRkIGFsaWduPWNlbnRlciB2YWxpZ249bWlkZGxlIHdpZHRoPTQwJSBoZWlnaHQ9MjUgYmdjb2xvcj0jRk9GRkZGPjxzdHJvbmc+PGZvbnQgY29sb3I9IzNBNUZDRD7jgrvjg4Pjg4jph43ph488L2ZvbnQ+PC9zdHJvbmc+PC90ZD48dGQgd2lkdGg9NjAlPue0hDUuNWtnPC90ZD48L3RyPjx0cj48dGQgYWxpZ249Y2VudGVyIHZhbGlnbj1taWRkbGUgd2lkdGg9NDAlIGhlaWdodD0yNSBiZ2NvbG9yPSNGT0ZGRkY+PHN0cm9uZz48Zm9udCBjb2xvcj0jM0E1RkNEPuWuuemHjzwvZm9udD48L3N0cm9uZz48L3RkPjx0ZCB3aWR0aD02MCU+57SEMy4xTO+8iOeJh+aJi+mNi++8iTwvdGQ+PC90cj48dHI+PHRkIGFsaWduPWNlbnRlciB2YWxpZ249bWlkZGxlIHdpZHRoPTQwJSBoZWlnaHQ9MjUgYmdjb2xvcj0jRk9GRkZGPjxzdHJvbmc+PGZvbnQgY29sb3I9IzNBNUZDRD7mnZDos6o8L2ZvbnQ+PC9zdHJvbmc+PC90ZD48dGQgd2lkdGg9NjAlPuacrOS9k++8iOeJh+aJi+mNi++8ieODu+OBteOBn++8iOODleODqeOCpOODkeODs++8ie+8mumLs+mJhO+8iOOCt+ODquOCs+ODs+aoueiEguWhl+ijhe+8iTwvdGQ+PC90cj48L3RhYmxlPjwhLS1zcGVjX3RhZ2UtLT48YnI+PGJyPjxicj48Zm9udCBzaXplPSItMSI+44Oh44O844Kr44O85biM5pyb5bCP5aOy5L6h5qC844Gv44Oh44O844Kr44O844Kr44K/44Ot44Kw44Gr5Z+644Gl44GE44Gm5o6y6LyJ44GX44Gm44GE44G+44GZPGJyPjwvZm9udD48aW1nIHNyYz0iaHR0cDovL2ltYWdlLnJha3V0ZW4uY28uanAvZXNwb3J0cy9jYWJpbmV0L2V2aWRlbmNlL2V2aWRlbmNlMi5qcGciIGJvcmRlcj0iMCIgYWx0PSLjgqjjg5Pjg4fjg7PjgrkiPjxsaW5rIHJlbD0ic3R5bGVzaGVldCIgdHlwZT0idGV4dC9jc3MiIGhyZWY9Imh0dHA6Ly93d3cucmFrdXRlbi5uZS5qcC9nb2xkL2VzcG9ydHMvc2hvcHBpbmdfcGFydHMuY3NzIj4KCjxkaXYgc3R5bGU9Im1hcmdpbi10b3A6LTI2cHg7Ij48L2Rpdj4KCjxpbWcgc3JjPSJodHRwOi8vd3d3LnJha3V0ZW4ubmUuanAvZ29sZC9lc3BvcnRzL2JuL3BvaW50L3BvaW50X2JiYi5qcGciIGFsdD0iMzAwMOWGhuS7peS4iuOBp+ODneOCpOODs+ODiO+8k+WAjSIgYm9yZGVyPSIwIiB3aWR0aD0iNzUwcHgiPgoKPCEtLSDjgrvjg7zjg6sgPGltZyBzcmM9Imh0dHA6Ly93d3cucmFrdXRlbi5uZS5qcC9nb2xkL2VzcG9ydHMvbmV3eWVhci1zYWxlL25ld3llYXItc2FsZS03ODAuanBnIiBib3JkZXI9IjAiIGFsdD0i44K744O844OrIiB3aWR0aD0iNzcwcHgiPjxicj48YnI+IOOCu+ODvOODqyAtLT4KCjwhLS0g44K544O844OR44O844K744O844OrIDxkaXYgc3R5bGU9IndpZHRoIDogNzUwcHg7Ij4KPGRpdiBhbGlnbj0iY2VudGVyIiBzdHlsZT0ibWFyZ2luLWJvdHRvbSA6IDBweDtib3JkZXItd2lkdGggOiAycHg7Ym9yZGVyLXN0eWxlIDogc29saWQ7Ym9yZGVyLWNvbG9yIDogI2JjMTEzMTsiPgoKPC9kaXY+PC9kaXY+PGRpdiBjbGFzcz0ibWFyZ2luNSI+PC9kaXY+PGJyPiDjgrnjg7zjg5Hjg7zjgrvjg7zjg6stLT4KCjwhLS0g44K544O844OR44O844K744O844OrMiDvvIjjg5Djg4rjg7zjga7jgb/vvIk8aW1nIHNyYz0iaHR0cDovL3d3dy5yYWt1dGVuLm5lLmpwL2dvbGQvZXNwb3J0cy9zcHNhbGUvc2FsZS1ibjc4MC5qcGciIGJvcmRlcj0iMCIgYWx0PSLjgrvjg7zjg6siIHdpZHRoPSI3NzBweCI+PGJyPjxicj4g44K544O844OR44O8IC0tPgoKPGRpdiBjbGFzcz0iY29udGVudHMiPjwhLS0g5ZGK55+lIAo8ZGl2IHN0eWxlPSJ3aWR0aDo3MzZweDsgcGFkZGluZzoxNXB4OyBtYXJnaW46NXB4IDAgMTVweDsgYm9yZGVyOnNvbGlkICNFNjJGMkYgMnB4OyI+CjxwIHN0eWxlPSJmb250LXdlaWdodDpib2xkOyBmb250LXNpemU6MTdweDsgdGV4dC1hbGlnbjpjZW50ZXI7Ij7jgJAgPHNwYW4gc3R5bGU9ImJvcmRlci1ib3R0b206MnB4IGRvdHRlZCAjOTk5OyBmb250LXNpemU6MTVweDsiPjXmnIgyNuaXpSjph5Ep44Gu5Za25qWt44Gr44Gk44GE44GmPC9zcGFuPiDjgJE8L3A+CjxwIHN0eWxlPSJmb250LXNpemU6MTNweDsgbWFyZ2luLXRvcDoxNXB4OyI+6Kqg44Gr5Yud5omL44Gq44GM44KJNeaciDI25pelKOmHkSnjga/jgIHnpL7lhoXnoJTkv67jga7jgZ/jgoHjgIHllrbmpa3mmYLplpPjgpLljYjliY0xMu+8mjAw44G+44Gn44Go44GV44Gb44Gm44GE44Gf44Gg44GN44G+44GZ44CC5bCa44CB44CM44GC44GZ5qW944CN5a++5b+c5ZOB44Gr44Gk44GN44G+44GX44Gm44Gv44CB6YCa5bi46YCa44KKMTLvvJowMOOBvuOBp+OBruOBlOazqOaWh+OCkuW9k+aXpeeZuumAgeOBleOBm+OBpuOBhOOBn+OBoOOBjeOBvuOBmeOAgjwvcD4KPHAgc3R5bGU9ImZvbnQtc2l6ZToxM3B4OyBtYXJnaW4tdG9wOjE1cHg7Ij7jgYrlrqLmp5jjgavjga/jgZTkuI3kvr/jgpLjgYrmjpvjgZHoh7TjgZfjgb7jgZnjgYzjgIHjgZTnkIbop6Pjga7nqIvjgIHlrpzjgZfjgY/jgYrpoZjjgYToh7TjgZfjgb7jgZnjgII8L3A+CjwvZGl2PiAtLT4KCgo8IS0tIDxkaXYgc3R5bGU9IndpZHRoOjczNnB4OyBwYWRkaW5nOjE1cHg7IG1hcmdpbjo1cHggMCAxNXB4OyBib3JkZXI6c29saWQgI0U2MkYyRiAycHg7Ij4KPHAgc3R5bGU9ImZvbnQtd2VpZ2h0OmJvbGQ7IGZvbnQtc2l6ZToxN3B4OyB0ZXh0LWFsaWduOmNlbnRlcjsgbWFyZ2luOjA7Ij7jgJAgPHNwYW4gc3R5bGU9ImJvcmRlci1ib3R0b206MnB4IGRvdHRlZCAjOTk5OyBmb250LXNpemU6MTVweDsiPuWkqeWAmeS4jeiJr+OBruW9semfv+OBq+OCiOOCi+mFjemAgemBheW7tuOBq+OBpOOBhOOBpjwvc3Bhbj4g44CRPC9wPgo8cCBzdHlsZT0iZm9udC1zaXplOjEzcHg7IG1hcmdpbjoxNXB4IDAgMDsiPuWPsOmiqOODu+ixqumbqOetieOBruWkqeWAmeS4jeiJr+OBq+S8tOOBhOOAgeS4gOmDqOWcsOWfn+OBp+OBiuiNt+eJqeOBruOBiuWxiuOBkeOBq+mBheOCjOOBjOeZuueUn+OBmeOCi+aBkOOCjOOBjOOBlOOBluOBhOOBvuOBmeOAgjwvcD4KPHAgc3R5bGU9ImZvbnQtc2l6ZToxM3B4OyBtYXJnaW46N3B4IDAgMDsiPuOBvuOBn+OAgeS7iuW+jOOBruWPsOmiqOOBrumAsui3r+OBq+OCiOOBo+OBpuOBr+OAgeW6g+evhOWbsuOBruWcsOWfn+OBp+mBheOCjOOBjOeUn+OBmOOCi+WPr+iDveaAp+OBjOOBguOCiuOBvuOBmeOAguWcsOWfn+OChOOCv+OCpOODn+ODs+OCsOOBq+OCiOOBo+OBpuOAgeOBlOW4jOacm+OBruOBiuWxiuOBkeaXpeaZguOBq+mFjemBlOOBp+OBjeOBquOBhOWgtOWQiOOBjOOBlOOBluOBhOOBvuOBmeOAgjwvcD4KPHAgc3R5bGU9ImZvbnQtc2l6ZToxM3B4OyBtYXJnaW46N3B4IDAgMDsiPuOBiuWuouanmOOBq+OBr+Wkp+WkieOBlOi/t+aDkeOCkuOBiuaOm+OBkeiHtOOBl+OBvuOBmeOBjOOAgeOBlOeQhuino+OBhOOBn+OBoOOBkeOBvuOBmeOCiOOBhuOBiumhmOOBhOiHtOOBl+OBvuOBmeOAgjwvcD4KPC9kaXY+IC0tPgoKCgo8IS0tIOS4gOmDqOWcsOWfn+OBp+OBrumFjemBlOmBheW7tuOBq+OBpOOBjeOBvuOBl+OBpiAtLT4KCgo8IS0tIOOCr+ODvOODneODsyAKPGltZyBzcmM9Imh0dHA6Ly93d3cucmFrdXRlbi5uZS5qcC9nb2xkL2VzcG9ydHMvYm4vY291cG9uL2NvdXBvbjc3MC5naWYiIGFsdD0iMjAw5YaGT0ZG44Kv44O844Od44OzIj4gLS0+CgoKCjwhLS0gPGltZyBzcmM9Imh0dHA6Ly93d3cucmFrdXRlbi5uZS5qcC9nb2xkL2VzcG9ydHMvYm4vYWRpZGFzL2FkaWRhcy1ibjM1Ny5qcGciIGFsdD0iYWRpZGFz44Od44Kk44Oz44OIMTXlgI0iPiAtLT4KCgo8YnI+,44Kt44Oj44OX44OG44Oz44K544K/44OD44Kw77yIQ0FQVEFJTlNUQUfvvIkg44OA44OD44OB44Kq44O844OW44OzIOOCs+ODs+ODnOOCr+ODg+OCq+ODvDI1Y20gTS01NTM0IOOAkOmNiyDjgq3jg6Pjg7Pjg5cg44Ki44Km44OI44OJ44KiIOODkOODvOODmeOCreODpeODvCDjg4Djg4Pjg4Hjgqrjg7zjg5bjg7PmnKzkvZPjgJHvvJrvvYXvvLPvvLDvvK/vvLLvvLTvvLPmpb3lpKnmlK/lupc=,44Ki44Km44OI44OJ44Ki44Kt44Oj44Oz44OX44OQ44O844OZ44Kt44Ol44O844OG44Oz44OI44K/44O844OX44OG44O844OW44Or44OB44Kn44Ki44K344Ol44Op44OV44Op44Oz44K/44Oz44Kv44O844Op44O844Oc44OD44Kv44K544Kz44O844Or44Oe44Oz44OO44O844K544OV44Kn44Kk44K544K544Od44O844OE44OV44Kj44OD44OI44ON44K544OA44Kk44Ko44OD44OI44OI44Os44O844OL44Oz44Kw44OX44Ot44OG44Kk44Oz44K144OX44Oq44Oh44Oz44OI44OA44Oz44OZ44Or44K144OD44Kr44O844Kt44Oj44OX44OG44Oz44K544K/44OD44Kw77yIQ0FQVEFJTlNUQUfvvIkg44OA44OD44OB44Kq44O844OW44OzIOOCs+ODs+ODnOOCr+ODg+OCq+ODvDI1Y20gTS01NTM0IOOAkOmNiyDjgq3jg6Pjg7Pjg5cg44Ki44Km44OI44OJ44KiIOODkOODvOODmeOCreODpeODvCDjg4Djg4Pjg4Hjgqrjg7zjg5bjg7PmnKzkvZPjgJE=,44Kt44Oj44OX44OG44Oz44K544K/44OD44Kw77yIQ0FQVEFJTlNUQUfvvIkg44OA44OD44OB44Kq44O844OW44OzIOOCs+ODs+ODnOOCr+ODg+OCq+ODvDI1Y20gTS01NTM0IOOAkOmNiyDjgq3jg6Pjg7Pjg5cg44Ki44Km44OI44OJ44KiIOODkOODvOODmeOCreODpeODvCDjg4Djg4Pjg4Hjgqrjg7zjg5bjg7PmnKzkvZPjgJE=[rn]
34-75325,aHR0cDovL3RzaG9wLnIxMHMuanAvZXNwb3J0cy9jYWJpbmV0LzkyNjEvOTI2MTMxMDQ5MDAyOC5qcGc/Zml0aW49NzAwOjcwMA==,ODU2Mi40MDAw,,44K544Od44O844OE44O744Ki44Km44OI44OJ44KiID4g44Ki44Km44OI44OJ44KiID4g44OQ44O844G544Kt44Ol44O844O744Kv44OD44Kt44Oz44Kw55So5ZOBID4g44OA44OD44OB44Kq44O844OW44Oz,44CQ6YCB5paZ54Sh5paZ44CR44Kz44O844Or44Oe44Oz77yIQ29sZW1hbu+8iSDjg4Djg4Pjg4Hjgqrjg7zjg5bjg7NTRu+8iDEy44Kk44Oz44OB77yJIDE3MC05MzkxIOOAkOmNiyDjgq3jg6Pjg7Pjg5cg44Ki44Km44OI44OJ44KiIOODkOODvOODmeOCreODpeODvCDjg4Djg4Pjg4Hjgqrjg7zjg5bjg7PmnKzkvZPjgJHjgJBUSzAz44CR44CQQ0xGVzEz44CR44CQQ09MIFRLMDLjgJE=,4peG44GC44GZ5qW94peG4piF6YCB5paZ54Sh5paZ4piF,PCEtLWltZ190YWdzLS0+PHRhYmxlIGJvcmRlcj0iMCIgd2lkdGg9IjY1MCI+PFRSPjxURCBhbGlnbj0iY2VudGVyIj48QSBocmVmPSJodHRwOi8vd3d3LnJha3V0ZW4uY28uanAvZXNwb3J0cy9pbmZvMi5odG1sI2RlciI+PElNRyBzcmM9Imh0dHA6Ly93d3cucmFrdXRlbi5uZS5qcC9nb2xkL2VzcG9ydHMvc3VwcG9ydC9zaGlwcGluZzEuZ2lmIiBib3JkZXI9IjAiIGFsdD0i6YCB5paZ54Sh5paZIj48L0E+PEEgaHJlZj0iaHR0cDovL3d3dy5yYWt1dGVuLm5lLmpwL2dvbGQvZXNwb3J0cy9zdXBwb3J0L2Rpc3BhdGNoLmh0bWwiPjxJTUcgc3JjPSJodHRwOi8vd3d3LnJha3V0ZW4ubmUuanAvZ29sZC9lc3BvcnRzL3N1cHBvcnQvZGF5czYuZ2lmIiBib3JkZXI9IjAiPjwvQT48QSBocmVmPSJodHRwOi8vd3d3LnJha3V0ZW4ubmUuanAvZ29sZC9lc3BvcnRzL3N1cHBvcnQvZGlzcGF0Y2guaHRtbCI+PElNRyBzcmM9Imh0dHA6Ly93d3cucmFrdXRlbi5uZS5qcC9nb2xkL2VzcG9ydHMvc3VwcG9ydC9wbGFjZTEuZ2lmIiBib3JkZXI9IjAiPjwvQT48L3RkPjwvdHI+PC90YWJsZT48IS0taW1nX3RhZ2UtLT48IS0tc29rdV90YWdzLS0+PHRhYmxlIGJvcmRlcj0iMCI+PFRSPjxURD48QSBocmVmPSJodHRwOi8vd3d3LnJha3V0ZW4ubmUuanAvZ29sZC9lc3BvcnRzL2FzdXJha3UvYXN1cmFrdS5odG1sIiB0YXJnZXQ9Il9ibGFuayI+PElNRyBzcmM9Imh0dHA6Ly93d3cucmFrdXRlbi5uZS5qcC9nb2xkL2VzcG9ydHMvYm4vYXN1cmFrdS9hc3VyYWt1LmdpZiIgYm9yZGVyPSIwIj48L0E+PC9URD48L3RyPjwvdGFibGU+PCEtLXNva3VfdGFnZS0tPjxzdHJvbmc+PGZvbnQgY29sb3I9IiMwMDAwQ0QiIHNpemU9IjQiPuOCouOCpuODiOODieOCouaWmeeQhuOBruS4h+iDvemNi+OAgeODgOODg+ODgeOCquODvOODluODs+OBqzxicj7jgrfjg7zjgrrjg4vjg7PjgrDkuI3opoHjga7mlrDoo73lk4HjgYznmbvloLTvvIHvvIE8L2ZvbnQ+PC9zdHJvbmc+PGJyPuKWoOWkp+OBjeOBquODreODvOOCueODiOODgeOCreODs+OCkuS4uOOBlOOBqOeEvOOBhOOBn+OCiuOAgeWFt+OBoOOBj+OBleOCk+OBrueFrui+vOOBv+aWmeeQhuOBquOBqeODu+ODu+ODu+OAgjxicj7ilqDlpKfkurrmlbDjga7jgrDjg6vjg7zjg5fjgafosarlv6vjgarjg6Hjg4vjg6Xjg7zjgYzmpb3jgZfjgoHjgb7jgZnjgII8YnI+44CQIOOBiuOBmeOBmeOCgeODoeODi+ODpeODvCDjgJE8YnI+44O744Ot44O844K544OI44OB44Kt44Oz44CCPGJyPuODu+OCt+ODgeODpeODvOOBquOBqeeFrui+vOOBv+aWmeeQhuOAgjxicj48YnI+44CQIFBvaW50MSDjgJE8YnI+44O76IWQ6aOf6Ziy5q2i44Go44GX44Gm44CB5Ye66I235pmC44Gr5aGX44KJ44KM44Gm44GE44KL44Ov44OD44Kv44K544KS6JC944Go44GX44Gm44CB6YeO6I+c44GP44Ga44KS54KS44KB44Gm6YeR5bGe6Iet44KS5Y+W44KK44CB5rK544KS6aa05p+T44G+44Gb44KL44K344O844K644OL44Oz44Kw5L2c5qWt44Gu5omL6ZaT44GM5LiA5YiH44GE44KK44G+44Gb44KT77yBPGJyPuOAkCBQb2ludDIg44CRPGJyPuODu+WQhOOCteOCpOOCuuOBq+OBr+ODquODg+ODieODquODleOCv+ODvOOBqOWPjue0jeOCseODvOOCueOBjOS7mOWxnuOBl+OBpuOBhOOBvuOBmeOAgjxicj48YnI+PHA+PHRhYmxlIGJvcmRlcj0iMCIgd2lkdGg9Ijk3JSIgYmdjb2xvcj0iI0ZGRkZFMCI+PHRyPjx0ZD48c3Ryb25nPjxmb250IGNvbG9yPSIjMDA2NDAwIiBzaXplPSIzIj7jgJDplqLpgKPllYblk4Hjga/jgZPjgaHjgonjgafjgZnjgJE8L2ZvbnQ+PC9zdHJvbmc+PGJyPuKXhiBDb2xlbWFuKOOCs+ODvOODq+ODnuODsykg44OA44OD44OB44Kq44O844OW44OzU0bvvIgxMOOCpOODs+ODge+8iSAxNzAtOTM5Mjxicj7il4YgQ29sZW1hbijjgrPjg7zjg6vjg57jg7MpIOODgOODg+ODgeOCquODvOODluODs1NG77yIOOOCpOODs+ODge+8iSAxNzAtOTM5Mzxicj7il4YgQ29sZW1hbijjgrPjg7zjg6vjg57jg7MpIOODgOODg+ODgeOCquODvOODluODs+OCueOCv+ODs+ODiSAxNzAtOTM5Nzxicj7il4Yg44Gd44Gu5LuW44OA44OD44OB44Kq44O844OW44Oz44Gv44GT44Gh44KJPGJyPjwvdGQ+PC90cj48L3RhYmxlPjxicj48YnI+PGltZyBzcmM9Imh0dHA6Ly9pbWFnZS5yYWt1dGVuLmNvLmpwL2VzcG9ydHMvY2FiaW5ldC9ibi9maXJlZ3JpbGw1MDAuZ2lmIiBhbHQ9IuODleOCoeOCpOOCouOCsOODquODq++8geOBiuW+l+OBquOCreODo+ODquODvOODkOODg+OCsOOCu+ODg+ODiO+8gSIgYm9yZGVyPSIwIj48YnI+PGJyPjxpbWcgc3JjPSJodHRwOi8vaW1hZ2UucmFrdXRlbi5jby5qcC9lc3BvcnRzL2NhYmluZXQvYm4vY29sZW1hbi00MGFudi5qcGciIGFsdD0i44Kz44O844Or44Oe44OzNDDlkajlubToqJjlv7UiIGJvcmRlcj0iMCI+PGJyPjxicj48aW1nIHNyYz0iaHR0cDovL2ltYWdlLnJha3V0ZW4uY28uanAvZXNwb3J0cy9jYWJpbmV0L2JuL2NvbGVtYW4tYW1lLXZpbi5qcGciIGFsdD0i44Kz44O844Or44Oe44Oz44Ki44Oh44Oq44Kr44Oz44O044Kj44Oz44OG44O844K4IiBib3JkZXI9IjAiPjxicj48YnI+PGltZyBzcmM9Imh0dHA6Ly9pbWFnZS5yYWt1dGVuLmNvLmpwL2VzcG9ydHMvY2FiaW5ldC9jb2xlbWFuMTcvY29sZW1hbjIwMTdfNTAwLmpwZyIgYWx0PSLjgrPjg7zjg6vjg57jg7MyMDE35paw5ZWG5ZOB54m56ZuGIiBib3JkZXI9IjAiPjwhLS1zcGVjX3RhZ3MtLT48cD48c3Ryb25nPjxmb250IGNvbG9yPSIjMDAwMENEIiBzaXplPSIzIj7jgJDllYblk4Hjgrnjg5rjg4Pjgq/jgJE8L2ZvbnQ+PC9zdHJvbmc+PGJyPuKXjzxzdHJvbmc+5pys5L2T44K144Kk44K6PC9zdHJvbmc+IDog57SEz4YzMcOXMTnvvIho77yJY208YnI+4pePPHN0cm9uZz7lhoXlvoQ8L3N0cm9uZz4gOiDntITPhjI5w5cxMu+8iGjvvIljbTxicj7il488c3Ryb25nPumHjemHjzwvc3Ryb25nPiA6IOe0hDEwa2c8YnI+4pePPHN0cm9uZz7mnZDos6o8L3N0cm9uZz4gOiDpi7PpiYQ8YnI+PCEtLXNwZWNfdGFnZS0tPjxicj48bGluayByZWw9InN0eWxlc2hlZXQiIHR5cGU9InRleHQvY3NzIiBocmVmPSJodHRwOi8vd3d3LnJha3V0ZW4ubmUuanAvZ29sZC9lc3BvcnRzL3Nob3BwaW5nX3BhcnRzLmNzcyI+Cgo8ZGl2IHN0eWxlPSJtYXJnaW4tdG9wOi0yNnB4OyI+PC9kaXY+Cgo8aW1nIHNyYz0iaHR0cDovL3d3dy5yYWt1dGVuLm5lLmpwL2dvbGQvZXNwb3J0cy9ibi9wb2ludC9wb2ludF9iYmIuanBnIiBhbHQ9IjMwMDDlhobku6XkuIrjgafjg53jgqTjg7Pjg4jvvJPlgI0iIGJvcmRlcj0iMCIgd2lkdGg9Ijc1MHB4Ij4KCjwhLS0g44K744O844OrIDxpbWcgc3JjPSJodHRwOi8vd3d3LnJha3V0ZW4ubmUuanAvZ29sZC9lc3BvcnRzL25ld3llYXItc2FsZS9uZXd5ZWFyLXNhbGUtNzgwLmpwZyIgYm9yZGVyPSIwIiBhbHQ9IuOCu+ODvOODqyIgd2lkdGg9Ijc3MHB4Ij48YnI+PGJyPiDjgrvjg7zjg6sgLS0+Cgo8IS0tIOOCueODvOODkeODvOOCu+ODvOODqyA8ZGl2IHN0eWxlPSJ3aWR0aCA6IDc1MHB4OyI+CjxkaXYgYWxpZ249ImNlbnRlciIgc3R5bGU9Im1hcmdpbi1ib3R0b20gOiAwcHg7Ym9yZGVyLXdpZHRoIDogMnB4O2JvcmRlci1zdHlsZSA6IHNvbGlkO2JvcmRlci1jb2xvciA6ICNiYzExMzE7Ij4KCjwvZGl2PjwvZGl2PjxkaXYgY2xhc3M9Im1hcmdpbjUiPjwvZGl2Pjxicj4g44K544O844OR44O844K744O844OrLS0+Cgo8IS0tIOOCueODvOODkeODvOOCu+ODvOODqzIg77yI44OQ44OK44O844Gu44G/77yJPGltZyBzcmM9Imh0dHA6Ly93d3cucmFrdXRlbi5uZS5qcC9nb2xkL2VzcG9ydHMvc3BzYWxlL3NhbGUtYm43ODAuanBnIiBib3JkZXI9IjAiIGFsdD0i44K744O844OrIiB3aWR0aD0iNzcwcHgiPjxicj48YnI+IOOCueODvOODkeODvCAtLT4KCjxkaXYgY2xhc3M9ImNvbnRlbnRzIj48IS0tIOWRiuefpSAKPGRpdiBzdHlsZT0id2lkdGg6NzM2cHg7IHBhZGRpbmc6MTVweDsgbWFyZ2luOjVweCAwIDE1cHg7IGJvcmRlcjpzb2xpZCAjRTYyRjJGIDJweDsiPgo8cCBzdHlsZT0iZm9udC13ZWlnaHQ6Ym9sZDsgZm9udC1zaXplOjE3cHg7IHRleHQtYWxpZ246Y2VudGVyOyI+44CQIDxzcGFuIHN0eWxlPSJib3JkZXItYm90dG9tOjJweCBkb3R0ZWQgIzk5OTsgZm9udC1zaXplOjE1cHg7Ij415pyIMjbml6Uo6YeRKeOBruWWtualreOBq+OBpOOBhOOBpjwvc3Bhbj4g44CRPC9wPgo8cCBzdHlsZT0iZm9udC1zaXplOjEzcHg7IG1hcmdpbi10b3A6MTVweDsiPuiqoOOBq+WLneaJi+OBquOBjOOCiTXmnIgyNuaXpSjph5Ep44Gv44CB56S+5YaF56CU5L+u44Gu44Gf44KB44CB5Za25qWt5pmC6ZaT44KS5Y2I5YmNMTLvvJowMOOBvuOBp+OBqOOBleOBm+OBpuOBhOOBn+OBoOOBjeOBvuOBmeOAguWwmuOAgeOAjOOBguOBmealveOAjeWvvuW/nOWTgeOBq+OBpOOBjeOBvuOBl+OBpuOBr+OAgemAmuW4uOmAmuOCijEy77yaMDDjgb7jgafjga7jgZTms6jmlofjgpLlvZPml6XnmbrpgIHjgZXjgZvjgabjgYTjgZ/jgaDjgY3jgb7jgZnjgII8L3A+CjxwIHN0eWxlPSJmb250LXNpemU6MTNweDsgbWFyZ2luLXRvcDoxNXB4OyI+44GK5a6i5qeY44Gr44Gv44GU5LiN5L6/44KS44GK5o6b44GR6Ie044GX44G+44GZ44GM44CB44GU55CG6Kej44Gu56iL44CB5a6c44GX44GP44GK6aGY44GE6Ie044GX44G+44GZ44CCPC9wPgo8L2Rpdj4gLS0+CgoKPCEtLSA8ZGl2IHN0eWxlPSJ3aWR0aDo3MzZweDsgcGFkZGluZzoxNXB4OyBtYXJnaW46NXB4IDAgMTVweDsgYm9yZGVyOnNvbGlkICNFNjJGMkYgMnB4OyI+CjxwIHN0eWxlPSJmb250LXdlaWdodDpib2xkOyBmb250LXNpemU6MTdweDsgdGV4dC1hbGlnbjpjZW50ZXI7IG1hcmdpbjowOyI+44CQIDxzcGFuIHN0eWxlPSJib3JkZXItYm90dG9tOjJweCBkb3R0ZWQgIzk5OTsgZm9udC1zaXplOjE1cHg7Ij7lpKnlgJnkuI3oia/jga7lvbHpn7/jgavjgojjgovphY3pgIHpgYXlu7bjgavjgaTjgYTjgaY8L3NwYW4+IOOAkTwvcD4KPHAgc3R5bGU9ImZvbnQtc2l6ZToxM3B4OyBtYXJnaW46MTVweCAwIDA7Ij7lj7Dpoqjjg7vosarpm6jnrYnjga7lpKnlgJnkuI3oia/jgavkvLTjgYTjgIHkuIDpg6jlnLDln5/jgafjgYrojbfnianjga7jgYrlsYrjgZHjgavpgYXjgozjgYznmbrnlJ/jgZnjgovmgZDjgozjgYzjgZTjgZbjgYTjgb7jgZnjgII8L3A+CjxwIHN0eWxlPSJmb250LXNpemU6MTNweDsgbWFyZ2luOjdweCAwIDA7Ij7jgb7jgZ/jgIHku4rlvozjga7lj7Dpoqjjga7pgLLot6/jgavjgojjgaPjgabjga/jgIHluoPnr4Tlm7Ljga7lnLDln5/jgafpgYXjgozjgYznlJ/jgZjjgovlj6/og73mgKfjgYzjgYLjgorjgb7jgZnjgILlnLDln5/jgoTjgr/jgqTjg5/jg7PjgrDjgavjgojjgaPjgabjgIHjgZTluIzmnJvjga7jgYrlsYrjgZHml6XmmYLjgavphY3pgZTjgafjgY3jgarjgYTloLTlkIjjgYzjgZTjgZbjgYTjgb7jgZnjgII8L3A+CjxwIHN0eWxlPSJmb250LXNpemU6MTNweDsgbWFyZ2luOjdweCAwIDA7Ij7jgYrlrqLmp5jjgavjga/lpKflpInjgZTov7fmg5HjgpLjgYrmjpvjgZHoh7TjgZfjgb7jgZnjgYzjgIHjgZTnkIbop6PjgYTjgZ/jgaDjgZHjgb7jgZnjgojjgYbjgYrpoZjjgYToh7TjgZfjgb7jgZnjgII8L3A+CjwvZGl2PiAtLT4KCgoKPCEtLSDkuIDpg6jlnLDln5/jgafjga7phY3pgZTpgYXlu7bjgavjgaTjgY3jgb7jgZfjgaYgLS0+CgoKPCEtLSDjgq/jg7zjg53jg7MgCjxpbWcgc3JjPSJodHRwOi8vd3d3LnJha3V0ZW4ubmUuanAvZ29sZC9lc3BvcnRzL2JuL2NvdXBvbi9jb3Vwb243NzAuZ2lmIiBhbHQ9IjIwMOWGhk9GRuOCr+ODvOODneODsyI+IC0tPgoKCgo8IS0tIDxpbWcgc3JjPSJodHRwOi8vd3d3LnJha3V0ZW4ubmUuanAvZ29sZC9lc3BvcnRzL2JuL2FkaWRhcy9hZGlkYXMtYm4zNTcuanBnIiBhbHQ9ImFkaWRhc+ODneOCpOODs+ODiDE15YCNIj4gLS0+CgoKPGJyPg==,44CQ6YCB5paZ54Sh5paZ44CR44Kz44O844Or44Oe44Oz77yIQ29sZW1hbu+8iSDjg4Djg4Pjg4Hjgqrjg7zjg5bjg7NTRu+8iDEy44Kk44Oz44OB77yJIDE3MC05MzkxIOOAkOmNiyDjgq3jg6Pjg7Pjg5cg44Ki44Km44OI44OJ44KiIOODkOODvOODmeOCreODpeODvCDjg4Djg4Pjg4Hjgqrjg7zjg5bjg7PmnKzkvZPjgJHjgJBUSzAz44CR44CQQ0xGVzEz44CR44CQQ09MIFRLMDLjgJHvvJrvvYXvvLPvvLDvvK/vvLLvvLTvvLPmpb3lpKnmlK/lupc=,44Ki44Km44OI44OJ44Ki44Kt44Oj44Oz44OX44OQ44O844OZ44Kt44Ol44O844OG44Oz44OI44K/44O844OX44OG44O844OW44Or44OB44Kn44Ki44K344Ol44Op44OV44Op44Oz44K/44Oz44Kv44O844Op44O844Oc44OD44Kv44K544Kz44O844Or44Oe44Oz44OO44O844K544OV44Kn44Kk44K544K544Od44O844OE44OV44Kj44OD44OI44ON44K544OA44Kk44Ko44OD44OI44OI44Os44O844OL44Oz44Kw44OX44Ot44OG44Kk44Oz44K144OX44Oq44Oh44Oz44OI44OA44Oz44OZ44Or44K144OD44Kr44O844CQ6YCB5paZ54Sh5paZ44CR44Kz44O844Or44Oe44Oz77yIQ29sZW1hbu+8iSDjg4Djg4Pjg4Hjgqrjg7zjg5bjg7NTRu+8iDEy44Kk44Oz44OB77yJIDE3MC05MzkxIOOAkOmNiyDjgq3jg6Pjg7Pjg5cg44Ki44Km44OI44OJ44KiIOODkOODvOODmeOCreODpeODvCDjg4Djg4Pjg4Hjgqrjg7zjg5bjg7PmnKzkvZPjgJHjgJBUSzAz44CR44CQQ0xGVzEz44CR44CQQ09MIFRLMDLjgJE=,4peG44GC44GZ5qW94peG4piF6YCB5paZ54Sh5paZ4piF44CC44CQ6YCB5paZ54Sh5paZ44CR44Kz44O844Or44Oe44Oz77yIQ29sZW1hbu+8iSDjg4Djg4Pjg4Hjgqrjg7zjg5bjg7NTRu+8iDEy44Kk44Oz44OB77yJIDE3MC05MzkxIOOAkOmNiyDjgq3jg6Pjg7Pjg5cg44Ki44Km44OI44OJ44KiIOODkOODvOODmeOCreODpeODvCDjg4Djg4Pjg4Hjgqrjg7zjg5bjg7PmnKzkvZPjgJHjgJBUSzAz44CR44CQQ0xGVzEz44CR44CQQ09MIFRLMDLjgJE=[rn]
34-75326,aHR0cDovL3RzaG9wLnIxMHMuanAvZXNwb3J0cy9jYWJpbmV0Lzk5NDYtMi85OTQ2MzEwNDkwODcxLmpwZz9maXRpbj03MDA6NzAw,NTYzOC40MDAw,,44K544Od44O844OE44O744Ki44Km44OI44OJ44KiID4g44Ki44Km44OI44OJ44KiID4g44OQ44O844G544Kt44Ol44O844O744Kv44OD44Kt44Oz44Kw55So5ZOBID4g44OA44OD44OB44Kq44O844OW44Oz,44Kt44Oj44OX44OG44Oz44K544K/44OD44Kw77yIQ0FQVEFJTlNUQUfvvIkg44OA44OD44OB44Kq44O844OW44Oz44K744OD44OI77yIMzBjbe+8iSBNLTU1Mjcg44CQ44Kt44Oj44Oz44OXIOmNiyDoqr/nkIYg44OQ44O844OZ44Kt44Ol44O844CR44CQVEswM+OAkQ==,,PCEtLWltZ190YWdzLS0+PHRhYmxlIGJvcmRlcj0iMCIgd2lkdGg9IjY1MCI+PFRSPjxURCBhbGlnbj0iY2VudGVyIj48QSBocmVmPSJodHRwOi8vd3d3LnJha3V0ZW4uY28uanAvZXNwb3J0cy9pbmZvMi5odG1sI2RlciI+PElNRyBzcmM9Imh0dHA6Ly93d3cucmFrdXRlbi5uZS5qcC9nb2xkL2VzcG9ydHMvc3VwcG9ydC9zaGlwcGluZzIuZ2lmIiBib3JkZXI9IjAiPjwvQT48QSBocmVmPSJodHRwOi8vd3d3LnJha3V0ZW4ubmUuanAvZ29sZC9lc3BvcnRzL3N1cHBvcnQvZGlzcGF0Y2guaHRtbCI+PElNRyBzcmM9Imh0dHA6Ly93d3cucmFrdXRlbi5uZS5qcC9nb2xkL2VzcG9ydHMvc3VwcG9ydC9kYXlzMi5naWYiIGJvcmRlcj0iMCI+PC9BPjxBIGhyZWY9Imh0dHA6Ly93d3cucmFrdXRlbi5uZS5qcC9nb2xkL2VzcG9ydHMvc3VwcG9ydC9kaXNwYXRjaC5odG1sIj48SU1HIHNyYz0iaHR0cDovL3d3dy5yYWt1dGVuLm5lLmpwL2dvbGQvZXNwb3J0cy9zdXBwb3J0L3BsYWNlMi5naWYiIGJvcmRlcj0iMCI+PC9BPjxBIGhyZWY9Imh0dHA6Ly93d3cucmFrdXRlbi5jby5qcC9lc3BvcnRzL2luZm8yLmh0bWwjYmFjayI+PElNRyBzcmM9Imh0dHA6Ly93d3cucmFrdXRlbi5uZS5qcC9nb2xkL2VzcG9ydHMvc3VwcG9ydC9yZXR1cm4xLmdpZiIgYm9yZGVyPSIwIj48L0E+PC90ZD48L3RyPjwvdGFibGU+PCEtLWltZ190YWdlLS0+PHRhYmxlIGJvcmRlcj0iMCIgd2lkdGg9Ijk3JSIgYmdjb2xvcj0iI0ZGRkZFMCI+PHRyPjx0ZD48c3Ryb25nPjxmb250IGNvbG9yPSIjMDA2NDAwIiBzaXplPSIzIj7jgJDplqLpgKPllYblk4Hjga/jgZPjgaHjgonjgafjgZnjgJE8L2ZvbnQ+PC9zdHJvbmc+PGJyPuKXhiBDQVBUQUlOU1RBR++8iOOCreODo+ODl+ODhuODs+OCueOCv+ODg+OCsO+8iSDjg4Djg4Pjg4Hjgqrjg7zjg5bjg7Pjgrvjg4Pjg4jjgIgyNWNt44CJPGJyPjwvdGQ+PC90cj48L3RhYmxlPjxicj48YnI+PGltZyBzcmM9Imh0dHA6Ly9pbWFnZS5yYWt1dGVuLmNvLmpwL2VzcG9ydHMvY2FiaW5ldC9ibi9maXJlZ3JpbGw1MDAuZ2lmIiBhbHQ9IuODleOCoeOCpOOCouOCsOODquODq++8geOBiuW+l+OBquOCreODo+ODquODvOODkOODg+OCsOOCu+ODg+ODiO+8gSIgYm9yZGVyPSIwIj48YnI+PGJyPjwhLS1ta190YWdzLS0+PFA+PElNRyBzcmM9Imh0dHA6Ly93d3cucmFrdXRlbi5uZS5qcC9nb2xkL2VzcG9ydHMvYm4vanl1aGF0dHl1dTUyMC02MC5qcGciIHdpZHRoPSI1MjAiIGhlaWdodD0iNjAiIGJvcmRlcj0iMCI+PC9QPjwhLS1ta190YWdlLS0+PCEtLXNwZWNfdGFncy0tPjxwPjxzdHJvbmc+PGZvbnQgY29sb3I9IiMwMDAwQ0QiIHNpemU9IjMiPuOAkOWVhuWTgeOCueODmuODg+OCr+OAkTwvZm9udD48L3N0cm9uZz48YnI+4pePPHN0cm9uZz7jgrvjg4Pjg4jnrrHjgrXjgqTjgrrvvIjntITvvIk8L3N0cm9uZz4gOiDluYUzMzDDl+WlpeihjDMzMMOX6auY44GVMTkwbW08YnI+4pePPHN0cm9uZz7jgrvjg4Pjg4jlhoXlrrk8L3N0cm9uZz4gOiDjg4Djgrvjg4Pjg4jlhoXlrrnvvI/jg4Djg4Pjg4Hjgqrjg7zjg5bjg7MzMGNtw5cx44CB44Oq44OD44OJ44Oq44OV44K/44O8w5cx44CB44OA44OD44OB44Kq44O844OW44Oz55So5Y+O57SN44OQ44OD44Kww5cxPGJyPuKXjzxzdHJvbmc+5p2Q6LOqPC9zdHJvbmc+IDogPGJyPuODgOODg+ODgeOCquODvOODluODs++8mumLs+mJhO+8iOOCt+ODquOCs+ODs+aoueiEguWhl+ijhe+8iTxicj7jg6rjg4Pjg4njg6rjg5Xjgr/jg7zvvJrpiYTvvIjjg6Hjg6njg5/jg7PnhLzku5jloZfoo4XvvIk8YnI+44OA44OD44OB44Kq44O844OW44Oz55So5Y+O57SN44OQ44OD44Kw77ya44Od44Oq44Ko44K544OG44OrPGJyPjxicj7il4/mpJzntKLnlKjvvJrpgYvli5XkvJo8YnI+PGJyPjwhLS1zcGVjX3RhZ2UtLT48YnI+PGJyPjxicj48Zm9udCBzaXplPSItMSI+44Oh44O844Kr44O85biM5pyb5bCP5aOy5L6h5qC844Gv44Oh44O844Kr44O844Kr44K/44Ot44Kw44Gr5Z+644Gl44GE44Gm5o6y6LyJ44GX44Gm44GE44G+44GZPGJyPjwvZm9udD48aW1nIHNyYz0iaHR0cDovL2ltYWdlLnJha3V0ZW4uY28uanAvZXNwb3J0cy9jYWJpbmV0L2V2aWRlbmNlL2V2aWRlbmNlMi5qcGciIGJvcmRlcj0iMCIgYWx0PSLjgqjjg5Pjg4fjg7PjgrkiPjxsaW5rIHJlbD0ic3R5bGVzaGVldCIgdHlwZT0idGV4dC9jc3MiIGhyZWY9Imh0dHA6Ly93d3cucmFrdXRlbi5uZS5qcC9nb2xkL2VzcG9ydHMvc2hvcHBpbmdfcGFydHMuY3NzIj4KCjxkaXYgc3R5bGU9Im1hcmdpbi10b3A6LTI2cHg7Ij48L2Rpdj4KCjxpbWcgc3JjPSJodHRwOi8vd3d3LnJha3V0ZW4ubmUuanAvZ29sZC9lc3BvcnRzL2JuL3BvaW50L3BvaW50X2JiYi5qcGciIGFsdD0iMzAwMOWGhuS7peS4iuOBp+ODneOCpOODs+ODiO+8k+WAjSIgYm9yZGVyPSIwIiB3aWR0aD0iNzUwcHgiPgoKPCEtLSDjgrvjg7zjg6sgPGltZyBzcmM9Imh0dHA6Ly93d3cucmFrdXRlbi5uZS5qcC9nb2xkL2VzcG9ydHMvbmV3eWVhci1zYWxlL25ld3llYXItc2FsZS03ODAuanBnIiBib3JkZXI9IjAiIGFsdD0i44K744O844OrIiB3aWR0aD0iNzcwcHgiPjxicj48YnI+IOOCu+ODvOODqyAtLT4KCjwhLS0g44K544O844OR44O844K744O844OrIDxkaXYgc3R5bGU9IndpZHRoIDogNzUwcHg7Ij4KPGRpdiBhbGlnbj0iY2VudGVyIiBzdHlsZT0ibWFyZ2luLWJvdHRvbSA6IDBweDtib3JkZXItd2lkdGggOiAycHg7Ym9yZGVyLXN0eWxlIDogc29saWQ7Ym9yZGVyLWNvbG9yIDogI2JjMTEzMTsiPgoKPC9kaXY+PC9kaXY+PGRpdiBjbGFzcz0ibWFyZ2luNSI+PC9kaXY+PGJyPiDjgrnjg7zjg5Hjg7zjgrvjg7zjg6stLT4KCjwhLS0g44K544O844OR44O844K744O844OrMiDvvIjjg5Djg4rjg7zjga7jgb/vvIk8aW1nIHNyYz0iaHR0cDovL3d3dy5yYWt1dGVuLm5lLmpwL2dvbGQvZXNwb3J0cy9zcHNhbGUvc2FsZS1ibjc4MC5qcGciIGJvcmRlcj0iMCIgYWx0PSLjgrvjg7zjg6siIHdpZHRoPSI3NzBweCI+PGJyPjxicj4g44K544O844OR44O8IC0tPgoKPGRpdiBjbGFzcz0iY29udGVudHMiPjwhLS0g5ZGK55+lIAo8ZGl2IHN0eWxlPSJ3aWR0aDo3MzZweDsgcGFkZGluZzoxNXB4OyBtYXJnaW46NXB4IDAgMTVweDsgYm9yZGVyOnNvbGlkICNFNjJGMkYgMnB4OyI+CjxwIHN0eWxlPSJmb250LXdlaWdodDpib2xkOyBmb250LXNpemU6MTdweDsgdGV4dC1hbGlnbjpjZW50ZXI7Ij7jgJAgPHNwYW4gc3R5bGU9ImJvcmRlci1ib3R0b206MnB4IGRvdHRlZCAjOTk5OyBmb250LXNpemU6MTVweDsiPjXmnIgyNuaXpSjph5Ep44Gu5Za25qWt44Gr44Gk44GE44GmPC9zcGFuPiDjgJE8L3A+CjxwIHN0eWxlPSJmb250LXNpemU6MTNweDsgbWFyZ2luLXRvcDoxNXB4OyI+6Kqg44Gr5Yud5omL44Gq44GM44KJNeaciDI25pelKOmHkSnjga/jgIHnpL7lhoXnoJTkv67jga7jgZ/jgoHjgIHllrbmpa3mmYLplpPjgpLljYjliY0xMu+8mjAw44G+44Gn44Go44GV44Gb44Gm44GE44Gf44Gg44GN44G+44GZ44CC5bCa44CB44CM44GC44GZ5qW944CN5a++5b+c5ZOB44Gr44Gk44GN44G+44GX44Gm44Gv44CB6YCa5bi46YCa44KKMTLvvJowMOOBvuOBp+OBruOBlOazqOaWh+OCkuW9k+aXpeeZuumAgeOBleOBm+OBpuOBhOOBn+OBoOOBjeOBvuOBmeOAgjwvcD4KPHAgc3R5bGU9ImZvbnQtc2l6ZToxM3B4OyBtYXJnaW4tdG9wOjE1cHg7Ij7jgYrlrqLmp5jjgavjga/jgZTkuI3kvr/jgpLjgYrmjpvjgZHoh7TjgZfjgb7jgZnjgYzjgIHjgZTnkIbop6Pjga7nqIvjgIHlrpzjgZfjgY/jgYrpoZjjgYToh7TjgZfjgb7jgZnjgII8L3A+CjwvZGl2PiAtLT4KCgo8IS0tIDxkaXYgc3R5bGU9IndpZHRoOjczNnB4OyBwYWRkaW5nOjE1cHg7IG1hcmdpbjo1cHggMCAxNXB4OyBib3JkZXI6c29saWQgI0U2MkYyRiAycHg7Ij4KPHAgc3R5bGU9ImZvbnQtd2VpZ2h0OmJvbGQ7IGZvbnQtc2l6ZToxN3B4OyB0ZXh0LWFsaWduOmNlbnRlcjsgbWFyZ2luOjA7Ij7jgJAgPHNwYW4gc3R5bGU9ImJvcmRlci1ib3R0b206MnB4IGRvdHRlZCAjOTk5OyBmb250LXNpemU6MTVweDsiPuWkqeWAmeS4jeiJr+OBruW9semfv+OBq+OCiOOCi+mFjemAgemBheW7tuOBq+OBpOOBhOOBpjwvc3Bhbj4g44CRPC9wPgo8cCBzdHlsZT0iZm9udC1zaXplOjEzcHg7IG1hcmdpbjoxNXB4IDAgMDsiPuWPsOmiqOODu+ixqumbqOetieOBruWkqeWAmeS4jeiJr+OBq+S8tOOBhOOAgeS4gOmDqOWcsOWfn+OBp+OBiuiNt+eJqeOBruOBiuWxiuOBkeOBq+mBheOCjOOBjOeZuueUn+OBmeOCi+aBkOOCjOOBjOOBlOOBluOBhOOBvuOBmeOAgjwvcD4KPHAgc3R5bGU9ImZvbnQtc2l6ZToxM3B4OyBtYXJnaW46N3B4IDAgMDsiPuOBvuOBn+OAgeS7iuW+jOOBruWPsOmiqOOBrumAsui3r+OBq+OCiOOBo+OBpuOBr+OAgeW6g+evhOWbsuOBruWcsOWfn+OBp+mBheOCjOOBjOeUn+OBmOOCi+WPr+iDveaAp+OBjOOBguOCiuOBvuOBmeOAguWcsOWfn+OChOOCv+OCpOODn+ODs+OCsOOBq+OCiOOBo+OBpuOAgeOBlOW4jOacm+OBruOBiuWxiuOBkeaXpeaZguOBq+mFjemBlOOBp+OBjeOBquOBhOWgtOWQiOOBjOOBlOOBluOBhOOBvuOBmeOAgjwvcD4KPHAgc3R5bGU9ImZvbnQtc2l6ZToxM3B4OyBtYXJnaW46N3B4IDAgMDsiPuOBiuWuouanmOOBq+OBr+Wkp+WkieOBlOi/t+aDkeOCkuOBiuaOm+OBkeiHtOOBl+OBvuOBmeOBjOOAgeOBlOeQhuino+OBhOOBn+OBoOOBkeOBvuOBmeOCiOOBhuOBiumhmOOBhOiHtOOBl+OBvuOBmeOAgjwvcD4KPC9kaXY+IC0tPgoKCgo8IS0tIOS4gOmDqOWcsOWfn+OBp+OBrumFjemBlOmBheW7tuOBq+OBpOOBjeOBvuOBl+OBpiAtLT4KCgo8IS0tIOOCr+ODvOODneODsyAKPGltZyBzcmM9Imh0dHA6Ly93d3cucmFrdXRlbi5uZS5qcC9nb2xkL2VzcG9ydHMvYm4vY291cG9uL2NvdXBvbjc3MC5naWYiIGFsdD0iMjAw5YaGT0ZG44Kv44O844Od44OzIj4gLS0+CgoKCjwhLS0gPGltZyBzcmM9Imh0dHA6Ly93d3cucmFrdXRlbi5uZS5qcC9nb2xkL2VzcG9ydHMvYm4vYWRpZGFzL2FkaWRhcy1ibjM1Ny5qcGciIGFsdD0iYWRpZGFz44Od44Kk44Oz44OIMTXlgI0iPiAtLT4KCgo8YnI+,44Kt44Oj44OX44OG44Oz44K544K/44OD44Kw77yIQ0FQVEFJTlNUQUfvvIkg44OA44OD44OB44Kq44O844OW44Oz44K744OD44OI77yIMzBjbe+8iSBNLTU1Mjcg44CQ44Kt44Oj44Oz44OXIOmNiyDoqr/nkIYg44OQ44O844OZ44Kt44Ol44O844CR44CQVEswM+OAke+8mu+9he+8s++8sO+8r++8su+8tO+8s+alveWkqeaUr+W6lw==,44Ki44Km44OI44OJ44Ki44Kt44Oj44Oz44OX44OQ44O844OZ44Kt44Ol44O844OG44Oz44OI44K/44O844OX44OG44O844OW44Or44OB44Kn44Ki44K344Ol44Op44OV44Op44Oz44K/44Oz44Kv44O844Op44O844Oc44OD44Kv44K544Kz44O844Or44Oe44Oz44OO44O844K544OV44Kn44Kk44K544K544Od44O844OE44OV44Kj44OD44OI44ON44K544OA44Kk44Ko44OD44OI44OI44Os44O844OL44Oz44Kw44OX44Ot44OG44Kk44Oz44K144OX44Oq44Oh44Oz44OI44OA44Oz44OZ44Or44K144OD44Kr44O844Kt44Oj44OX44OG44Oz44K544K/44OD44Kw77yIQ0FQVEFJTlNUQUfvvIkg44OA44OD44OB44Kq44O844OW44Oz44K744OD44OI77yIMzBjbe+8iSBNLTU1Mjcg44CQ44Kt44Oj44Oz44OXIOmNiyDoqr/nkIYg44OQ44O844OZ44Kt44Ol44O844CR44CQVEswM+OAkQ==,44Kt44Oj44OX44OG44Oz44K544K/44OD44Kw77yIQ0FQVEFJTlNUQUfvvIkg44OA44OD44OB44Kq44O844OW44Oz44K744OD44OI77yIMzBjbe+8iSBNLTU1Mjcg44CQ44Kt44Oj44Oz44OXIOmNiyDoqr/nkIYg44OQ44O844OZ44Kt44Ol44O844CR44CQVEswM+OAkQ==[rn]
34-75327,aHR0cDovL3RzaG9wLnIxMHMuanAvZXNwb3J0cy9jYWJpbmV0Lzk0MzAtMi85NDMwMzEwMzkwMDk3LmpwZz9maXRpbj03MDA6NzAw,Nzc3Ni4wMDAw,,44K544Od44O844OE44O744Ki44Km44OI44OJ44KiID4g44Ki44Km44OI44OJ44KiID4g44OQ44O844G544Kt44Ol44O844O744Kv44OD44Kt44Oz44Kw55So5ZOBID4g44OA44OD44OB44Kq44O844OW44Oz,44CQ6YCB5paZ54Sh5paZ44CR44Ot44OD44K477yITE9ER0XvvIkgLlBSTyBMR0Pjg4Djg4Pjg4Hjgqrjg7zjg7Tjg7MxMCBQMTBEMyDjgJDpi7PpiYQg44Ki44Km44OI44OJ44KiIOODkOODvOODmeOCreODpeODvOOAkQ==,4piF6YCB5paZ54Sh5paZ4piF,PCEtLWltZ190YWdzLS0+PHRhYmxlIGJvcmRlcj0iMCIgd2lkdGg9IjY1MCI+PFRSPjxURCBhbGlnbj0iY2VudGVyIj48QSBocmVmPSJodHRwOi8vd3d3LnJha3V0ZW4uY28uanAvZXNwb3J0cy9pbmZvMi5odG1sI2RlciI+PElNRyBzcmM9Imh0dHA6Ly93d3cucmFrdXRlbi5uZS5qcC9nb2xkL2VzcG9ydHMvc3VwcG9ydC9zaGlwcGluZzIuZ2lmIiBib3JkZXI9IjAiPjwvQT48QSBocmVmPSJodHRwOi8vd3d3LnJha3V0ZW4ubmUuanAvZ29sZC9lc3BvcnRzL3N1cHBvcnQvZGlzcGF0Y2guaHRtbCI+PElNRyBzcmM9Imh0dHA6Ly93d3cucmFrdXRlbi5uZS5qcC9nb2xkL2VzcG9ydHMvc3VwcG9ydC9kYXlzMi5naWYiIGJvcmRlcj0iMCI+PC9BPjxBIGhyZWY9Imh0dHA6Ly93d3cucmFrdXRlbi5uZS5qcC9nb2xkL2VzcG9ydHMvc3VwcG9ydC9kaXNwYXRjaC5odG1sIj48SU1HIHNyYz0iaHR0cDovL3d3dy5yYWt1dGVuLm5lLmpwL2dvbGQvZXNwb3J0cy9zdXBwb3J0L3BsYWNlMy5naWYiIGJvcmRlcj0iMCI+PC9BPjxBIGhyZWY9Imh0dHA6Ly93d3cucmFrdXRlbi5jby5qcC9lc3BvcnRzL2luZm8yLmh0bWwjYmFjayI+PElNRyBzcmM9Imh0dHA6Ly93d3cucmFrdXRlbi5uZS5qcC9nb2xkL2VzcG9ydHMvc3VwcG9ydC9yZXR1cm4xLmdpZiIgYm9yZGVyPSIwIj48L0E+PC90ZD48L3RyPjwvdGFibGU+PCEtLWltZ190YWdlLS0+PHN0cm9uZz48Zm9udCBjb2xvcj0iIzAwMDBDRCIgc2l6ZT0iNCI+5by35Zu644Gn5Z2H5LiA44Gq44Kq44Kk44Or44Kr44O844Oc44Oz55qu6Iac44GM5pei44Gr5pa944GV44KM44Gf44Ot44K444OD44Kv44K344Oq44O844K644Gr44CB44OX44Ot44Oi44OH44Or44GM6KqV55Sf44GX44G+44GX44Gf44CCPGJyPjwvZm9udD48L3N0cm9uZz48YnI+TE9ER0Ug44Ot44OD44K4IOODl+ODreODreOCuOODg+OCryDjg4Djg4Pjg4Hjgqrjg7zjg7Tjg7MgMTDjgqTjg7Pjg4Hjga88YnI+5by35Zu644Gn5Z2H5LiA44Gq44Kq44Kk44Or44Kr44O844Oc44Oz55qu6Iac44GM5pei44Gr5pa944GV44KM44GfTE9HSUPjgrfjg6rjg7zjgrrjga7jg5fjg63jg6Ljg4fjg6vjgafjgZnjgII8YnI+5omx44GE44KE44GZ44GE44OP44Oz44OJ44Or44OH44K244Kk44Oz44Gr44CB44Ki44K344K544OI44OP44Oz44OJ44Or44GM6L+95Yqg44GV44KM44CBPGJyPumgu+e5geOBq+mVt+aZgumWk+S9v+OBhuOCqOOCreOCueODkeODvOODiOOBq+WQkeOBhOOBpuOBhOOBvuOBmeOAgjxicj48YnI+PHA+PCEtLW1rX3RhZ3MtLT48UD48SU1HIHNyYz0iaHR0cDovL3d3dy5yYWt1dGVuLm5lLmpwL2dvbGQvZXNwb3J0cy9ibi9qeXVoYXR0eXV1NTIwLTYwLmpwZyIgd2lkdGg9IjUyMCIgaGVpZ2h0PSI2MCIgYm9yZGVyPSIwIj48L1A+PCEtLW1rX3RhZ2UtLT48YnI+4peP566h55CGY29kZe+8mjc5ODQ5MTgwPCEtLXNwZWNfdGFncy0tPjxwPjxzdHJvbmc+PGZvbnQgY29sb3I9IiMwMDAwQ0QiIHNpemU9IjMiPuOAkOWVhuWTgeOCueODmuODg+OCr+OAkTwvZm9udD48L3N0cm9uZz48YnI+4pePPHN0cm9uZz7jgrXjgqTjgro8L3N0cm9uZz4gOiAyNM+GY208YnI+4pePPHN0cm9uZz7ph43ph488L3N0cm9uZz4gOiA1LjNrZzxicj7il488c3Ryb25nPua3seOBlTwvc3Ryb25nPiA6IDEwY208YnI+4pePPHN0cm9uZz7nlJ/nlKPlm708L3N0cm9uZz4gOiDjgqLjg6Hjg6rjgqs8YnI+PCEtLXNwZWNfdGFnZS0tPjxicj48bGluayByZWw9InN0eWxlc2hlZXQiIHR5cGU9InRleHQvY3NzIiBocmVmPSJodHRwOi8vd3d3LnJha3V0ZW4ubmUuanAvZ29sZC9lc3BvcnRzL3Nob3BwaW5nX3BhcnRzLmNzcyI+Cgo8ZGl2IHN0eWxlPSJtYXJnaW4tdG9wOi0yNnB4OyI+PC9kaXY+Cgo8aW1nIHNyYz0iaHR0cDovL3d3dy5yYWt1dGVuLm5lLmpwL2dvbGQvZXNwb3J0cy9ibi9wb2ludC9wb2ludF9iYmIuanBnIiBhbHQ9IjMwMDDlhobku6XkuIrjgafjg53jgqTjg7Pjg4jvvJPlgI0iIGJvcmRlcj0iMCIgd2lkdGg9Ijc1MHB4Ij4KCjwhLS0g44K744O844OrIDxpbWcgc3JjPSJodHRwOi8vd3d3LnJha3V0ZW4ubmUuanAvZ29sZC9lc3BvcnRzL25ld3llYXItc2FsZS9uZXd5ZWFyLXNhbGUtNzgwLmpwZyIgYm9yZGVyPSIwIiBhbHQ9IuOCu+ODvOODqyIgd2lkdGg9Ijc3MHB4Ij48YnI+PGJyPiDjgrvjg7zjg6sgLS0+Cgo8IS0tIOOCueODvOODkeODvOOCu+ODvOODqyA8ZGl2IHN0eWxlPSJ3aWR0aCA6IDc1MHB4OyI+CjxkaXYgYWxpZ249ImNlbnRlciIgc3R5bGU9Im1hcmdpbi1ib3R0b20gOiAwcHg7Ym9yZGVyLXdpZHRoIDogMnB4O2JvcmRlci1zdHlsZSA6IHNvbGlkO2JvcmRlci1jb2xvciA6ICNiYzExMzE7Ij4KCjwvZGl2PjwvZGl2PjxkaXYgY2xhc3M9Im1hcmdpbjUiPjwvZGl2Pjxicj4g44K544O844OR44O844K744O844OrLS0+Cgo8IS0tIOOCueODvOODkeODvOOCu+ODvOODqzIg77yI44OQ44OK44O844Gu44G/77yJPGltZyBzcmM9Imh0dHA6Ly93d3cucmFrdXRlbi5uZS5qcC9nb2xkL2VzcG9ydHMvc3BzYWxlL3NhbGUtYm43ODAuanBnIiBib3JkZXI9IjAiIGFsdD0i44K744O844OrIiB3aWR0aD0iNzcwcHgiPjxicj48YnI+IOOCueODvOODkeODvCAtLT4KCjxkaXYgY2xhc3M9ImNvbnRlbnRzIj48IS0tIOWRiuefpSAKPGRpdiBzdHlsZT0id2lkdGg6NzM2cHg7IHBhZGRpbmc6MTVweDsgbWFyZ2luOjVweCAwIDE1cHg7IGJvcmRlcjpzb2xpZCAjRTYyRjJGIDJweDsiPgo8cCBzdHlsZT0iZm9udC13ZWlnaHQ6Ym9sZDsgZm9udC1zaXplOjE3cHg7IHRleHQtYWxpZ246Y2VudGVyOyI+44CQIDxzcGFuIHN0eWxlPSJib3JkZXItYm90dG9tOjJweCBkb3R0ZWQgIzk5OTsgZm9udC1zaXplOjE1cHg7Ij415pyIMjbml6Uo6YeRKeOBruWWtualreOBq+OBpOOBhOOBpjwvc3Bhbj4g44CRPC9wPgo8cCBzdHlsZT0iZm9udC1zaXplOjEzcHg7IG1hcmdpbi10b3A6MTVweDsiPuiqoOOBq+WLneaJi+OBquOBjOOCiTXmnIgyNuaXpSjph5Ep44Gv44CB56S+5YaF56CU5L+u44Gu44Gf44KB44CB5Za25qWt5pmC6ZaT44KS5Y2I5YmNMTLvvJowMOOBvuOBp+OBqOOBleOBm+OBpuOBhOOBn+OBoOOBjeOBvuOBmeOAguWwmuOAgeOAjOOBguOBmealveOAjeWvvuW/nOWTgeOBq+OBpOOBjeOBvuOBl+OBpuOBr+OAgemAmuW4uOmAmuOCijEy77yaMDDjgb7jgafjga7jgZTms6jmlofjgpLlvZPml6XnmbrpgIHjgZXjgZvjgabjgYTjgZ/jgaDjgY3jgb7jgZnjgII8L3A+CjxwIHN0eWxlPSJmb250LXNpemU6MTNweDsgbWFyZ2luLXRvcDoxNXB4OyI+44GK5a6i5qeY44Gr44Gv44GU5LiN5L6/44KS44GK5o6b44GR6Ie044GX44G+44GZ44GM44CB44GU55CG6Kej44Gu56iL44CB5a6c44GX44GP44GK6aGY44GE6Ie044GX44G+44GZ44CCPC9wPgo8L2Rpdj4gLS0+CgoKPCEtLSA8ZGl2IHN0eWxlPSJ3aWR0aDo3MzZweDsgcGFkZGluZzoxNXB4OyBtYXJnaW46NXB4IDAgMTVweDsgYm9yZGVyOnNvbGlkICNFNjJGMkYgMnB4OyI+CjxwIHN0eWxlPSJmb250LXdlaWdodDpib2xkOyBmb250LXNpemU6MTdweDsgdGV4dC1hbGlnbjpjZW50ZXI7IG1hcmdpbjowOyI+44CQIDxzcGFuIHN0eWxlPSJib3JkZXItYm90dG9tOjJweCBkb3R0ZWQgIzk5OTsgZm9udC1zaXplOjE1cHg7Ij7lpKnlgJnkuI3oia/jga7lvbHpn7/jgavjgojjgovphY3pgIHpgYXlu7bjgavjgaTjgYTjgaY8L3NwYW4+IOOAkTwvcD4KPHAgc3R5bGU9ImZvbnQtc2l6ZToxM3B4OyBtYXJnaW46MTVweCAwIDA7Ij7lj7Dpoqjjg7vosarpm6jnrYnjga7lpKnlgJnkuI3oia/jgavkvLTjgYTjgIHkuIDpg6jlnLDln5/jgafjgYrojbfnianjga7jgYrlsYrjgZHjgavpgYXjgozjgYznmbrnlJ/jgZnjgovmgZDjgozjgYzjgZTjgZbjgYTjgb7jgZnjgII8L3A+CjxwIHN0eWxlPSJmb250LXNpemU6MTNweDsgbWFyZ2luOjdweCAwIDA7Ij7jgb7jgZ/jgIHku4rlvozjga7lj7Dpoqjjga7pgLLot6/jgavjgojjgaPjgabjga/jgIHluoPnr4Tlm7Ljga7lnLDln5/jgafpgYXjgozjgYznlJ/jgZjjgovlj6/og73mgKfjgYzjgYLjgorjgb7jgZnjgILlnLDln5/jgoTjgr/jgqTjg5/jg7PjgrDjgavjgojjgaPjgabjgIHjgZTluIzmnJvjga7jgYrlsYrjgZHml6XmmYLjgavphY3pgZTjgafjgY3jgarjgYTloLTlkIjjgYzjgZTjgZbjgYTjgb7jgZnjgII8L3A+CjxwIHN0eWxlPSJmb250LXNpemU6MTNweDsgbWFyZ2luOjdweCAwIDA7Ij7jgYrlrqLmp5jjgavjga/lpKflpInjgZTov7fmg5HjgpLjgYrmjpvjgZHoh7TjgZfjgb7jgZnjgYzjgIHjgZTnkIbop6PjgYTjgZ/jgaDjgZHjgb7jgZnjgojjgYbjgYrpoZjjgYToh7TjgZfjgb7jgZnjgII8L3A+CjwvZGl2PiAtLT4KCgoKPCEtLSDkuIDpg6jlnLDln5/jgafjga7phY3pgZTpgYXlu7bjgavjgaTjgY3jgb7jgZfjgaYgLS0+CgoKPCEtLSDjgq/jg7zjg53jg7MgCjxpbWcgc3JjPSJodHRwOi8vd3d3LnJha3V0ZW4ubmUuanAvZ29sZC9lc3BvcnRzL2JuL2NvdXBvbi9jb3Vwb243NzAuZ2lmIiBhbHQ9IjIwMOWGhk9GRuOCr+ODvOODneODsyI+IC0tPgoKCgo8IS0tIDxpbWcgc3JjPSJodHRwOi8vd3d3LnJha3V0ZW4ubmUuanAvZ29sZC9lc3BvcnRzL2JuL2FkaWRhcy9hZGlkYXMtYm4zNTcuanBnIiBhbHQ9ImFkaWRhc+ODneOCpOODs+ODiDE15YCNIj4gLS0+CgoKPGJyPg==,44CQ6YCB5paZ54Sh5paZ44CR44Ot44OD44K477yITE9ER0XvvIkgLlBSTyBMR0Pjg4Djg4Pjg4Hjgqrjg7zjg7Tjg7MxMCBQMTBEMyDjgJDpi7PpiYQg44Ki44Km44OI44OJ44KiIOODkOODvOODmeOCreODpeODvOOAke+8mu+9he+8s++8sO+8r++8su+8tO+8s+alveWkqeaUr+W6lw==,44Ki44Km44OI44OJ44Ki44Kt44Oj44Oz44OX44OQ44O844OZ44Kt44Ol44O844OG44Oz44OI44K/44O844OX44OG44O844OW44Or44OB44Kn44Ki44K344Ol44Op44OV44Op44Oz44K/44Oz44Kv44O844Op44O844Oc44OD44Kv44K544Kz44O844Or44Oe44Oz44OO44O844K544OV44Kn44Kk44K544K544Od44O844OE44OV44Kj44OD44OI44ON44K544OA44Kk44Ko44OD44OI44OI44Os44O844OL44Oz44Kw44OX44Ot44OG44Kk44Oz44K144OX44Oq44Oh44Oz44OI44OA44Oz44OZ44Or44K144OD44Kr44O844CQ6YCB5paZ54Sh5paZ44CR44Ot44OD44K477yITE9ER0XvvIkgLlBSTyBMR0Pjg4Djg4Pjg4Hjgqrjg7zjg7Tjg7MxMCBQMTBEMyDjgJDpi7PpiYQg44Ki44Km44OI44OJ44KiIOODkOODvOODmeOCreODpeODvOOAkQ==,4piF6YCB5paZ54Sh5paZ4piF44CC44CQ6YCB5paZ54Sh5paZ44CR44Ot44OD44K477yITE9ER0XvvIkgLlBSTyBMR0Pjg4Djg4Pjg4Hjgqrjg7zjg7Tjg7MxMCBQMTBEMyDjgJDpi7PpiYQg44Ki44Km44OI44OJ44KiIOODkOODvOODmeOCreODpeODvOOAkQ==[rn]
34-75328,aHR0cDovL3RzaG9wLnIxMHMuanAvZXNwb3J0cy9jYWJpbmV0Lzk0MzAtMy85NDMwMzEwNDkwMzc2LmpwZz9maXRpbj03MDA6NzAw,MTUzOTYuMDAwMA==,,44K544Od44O844OE44O744Ki44Km44OI44OJ44KiID4g44Ki44Km44OI44OJ44KiID4g44OQ44O844G544Kt44Ol44O844O744Kv44OD44Kt44Oz44Kw55So5ZOBID4g44OA44OD44OB44Kq44O844OW44Oz,44CQ6YCB5paZ54Sh5paZ44CR44Ot44OD44K477yITE9ER0XvvIkgTERHIOOCouODg+ODl+ODq+ODneODg+ODiDMuNXF0IFJEIEUzQVA0MCAxOTI0MDE4NjAwNDAwMyDjgJDjgqLjgqbjg4jjg4njgqIg44Kt44Oj44Oz44OXIOODgOODg+ODgeOCquODvOODluODsyDmlpnnkIYg6Y2L44CR,4piF6YCB5paZ54Sh5paZ4piF,PCEtLWltZ190YWdzLS0+PHRhYmxlIGJvcmRlcj0iMCIgd2lkdGg9IjY1MCI+PFRSPjxURCBhbGlnbj0iY2VudGVyIj48QSBocmVmPSJodHRwOi8vd3d3LnJha3V0ZW4uY28uanAvZXNwb3J0cy9pbmZvMi5odG1sI2RlciI+PElNRyBzcmM9Imh0dHA6Ly93d3cucmFrdXRlbi5uZS5qcC9nb2xkL2VzcG9ydHMvc3VwcG9ydC9zaGlwcGluZzIuZ2lmIiBib3JkZXI9IjAiPjwvQT48QSBocmVmPSJodHRwOi8vd3d3LnJha3V0ZW4ubmUuanAvZ29sZC9lc3BvcnRzL3N1cHBvcnQvZGlzcGF0Y2guaHRtbCI+PElNRyBzcmM9Imh0dHA6Ly93d3cucmFrdXRlbi5uZS5qcC9nb2xkL2VzcG9ydHMvc3VwcG9ydC9kYXlzMy5naWYiIGJvcmRlcj0iMCI+PC9BPjxBIGhyZWY9Imh0dHA6Ly93d3cucmFrdXRlbi5uZS5qcC9nb2xkL2VzcG9ydHMvc3VwcG9ydC9kaXNwYXRjaC5odG1sIj48SU1HIHNyYz0iaHR0cDovL3d3dy5yYWt1dGVuLm5lLmpwL2dvbGQvZXNwb3J0cy9zdXBwb3J0L3BsYWNlMy5naWYiIGJvcmRlcj0iMCI+PC9BPjxBIGhyZWY9Imh0dHA6Ly93d3cucmFrdXRlbi5jby5qcC9lc3BvcnRzL2luZm8yLmh0bWwjYmFjayI+PElNRyBzcmM9Imh0dHA6Ly93d3cucmFrdXRlbi5uZS5qcC9nb2xkL2VzcG9ydHMvc3VwcG9ydC9yZXR1cm4xLmdpZiIgYm9yZGVyPSIwIj48L0E+PC90ZD48L3RyPjwvdGFibGU+PCEtLWltZ190YWdlLS0+PHN0cm9uZz48Zm9udCBjb2xvcj0iIzAwMDBDRCIgc2l6ZT0iNCI+44GL44KP44GE44GE44Oq44Oz44K05Z6L44Gu6Yuz6YmE6KO944Od44OD44OI44Gn44GZ44CCPGJyPjwvZm9udD48L3N0cm9uZz48YnI+6Yuz6YmE6KO944Gn44GT44Gu44Od44OD44OI44KS5L2/44Gj44Gm44CB5paZ55CG44Gu5rqW5YKZ44KS44GX44Gf44KK44CB44G+44Gf5Lit44Gr6aOf5p2Q44KS5YWl44KM44Gm5o+Q5L6b44GX44Gf44KK44CB44Kv44OD44Kt44O844K444Oj44O844Gq44Gp5qeY44CF44Gq5L2/44GE5pa544GM44Gn44GN44G+44GZ44CCPGJyPuS9v+OCj+OBquOBhOaZguOBr+OCreODg+ODgeODs+OBq+mjvuOBo+OBpuOBiuOBj+OBoOOBkeOBp+OCguOBi+OCj+OBhOOBhOe9rueJqeOBq+OBquOCiuOBvuOBmeOAgjxicj48YnI+44CQ44GK5Y+W44KK5omx44GE5LiK44Gu5rOo5oSP44CRPGJyPuODu+epuuOBoOOBjeOCkuOBl+OBquOBhOOBp+OBj+OBoOOBleOBhOOAgjxicj7jg7vkvb/nlKjlvozjga/jgIHjgojjgY/mtJfjgaPjgabljYHliIbjgavkub7nh6XjgZXjgZvjgabjgY/jgaDjgZXjgYTjgII8YnI+44O75Y+W44Gj5omL44Gu6YOo5YiG44GM54ax44GP44Gq44KL44GT44Go44GM44GC44KK44G+44GZ44CC5b+F44Ga6Y2L44Gk44GL44G/44KS44GU5L2/55So44GP44Gg44GV44GE44CCPGJyPuODu+e4geOBvuOBp+awtOOBquOBqeOCkua6gOOBn+OBl+OBn+eKtuaFi+OBp+S9v+eUqOOBl+OBquOBhOOBp+OBj+OBoOOBleOBhOOAgjxicj7jg7vjgrnjg4Hjg7zjg6vjgZ/jgo/jgZfjgIHno6jjgY3nsonjgarjganjgpLkvb/nlKjjgZfjgarjgYTjgafjgY/jgaDjgZXjgYTjgII8YnI+44O744GT44GS44Gk44GN44Gq44Gp44KS6JC944Go44GZ6Zqb44Gv44CB6YeR5bGe6KO944Gu5Zu644GE44KC44Gu44KS5L2/55So44GX44Gq44GE44Gn44GP44Gg44GV44GE44CCPGJyPuODu+ODreODg+OCuOekvuOBruODm+ODvOODreODvOijveWTgeOBr+OAgemLs+eJqeOBruihqOmdouOBq+OCrOODqeOCueizquOCkumrmOa4qeOBp+eEvOOBjeOBpOOBkeOBn+OCguOBruOBp+OBmeOAgjxicj7jgIDlvLfjgYTooZ3mkoPjgpLkuI7jgYjjgZ/jgorjgIHnqbrjgaDjgY3jgpLjgZfjgZ/loLTlkIjjgavmsLTnrYnjgpLjgYvjgZHjgabmgKXlhrfjgZfjgZ/loLTlkIjjgas8YnI+44CA44Ob44O844Ot44O86YOo5YiG44GM5qyg44GR44KL5aC05ZCI44GM44GC44KK44G+44GZ44Gu44Gn44CB5L2/55So44Gr44Gv5Y2B5YiG44GU5rOo5oSP44GP44Gg44GV44GE44CCPGJyPuODu0lI5a++5b+cL+apn+eoruOBq+OCiOOCiuiqv+eQhuOBjOOBhuOBvuOBj+OBp+OBjeOBquOBhOWgtOWQiOOBjOOBlOOBluOBhOOBvuOBmeOAgjxicj7jg7vpm7vlrZDjg6zjg7Pjgrjjgavjga/jgZTkvb/nlKjjgafjgY3jgb7jgZvjgpPjgII8YnI+44O76Y2L44OV44K/44Gu44OE44Oe44Of44KS5ZCr44KB44CBMjAw4oSD44G+44Gn44Gu6ICQ54ax5oCn44KS5oyB44Gh44CB44Kq44O844OW44Oz44Gr44KC5a++5b+c5Y+v6IO944CCPGJyPuODu+mjn+WZqOa0l+OBhOapn+OBq+OBr+OBlOS9v+eUqOOBp+OBjeOBvuOBm+OCk+OAgjxicj48YnI+PHA+PHRhYmxlIGJvcmRlcj0iMCIgd2lkdGg9Ijk3JSIgYmdjb2xvcj0iI0ZGRkZFMCI+PHRyPjx0ZD48c3Ryb25nPjxmb250IGNvbG9yPSIjMDA2NDAwIiBzaXplPSIzIj7jgJDplqLpgKPllYblk4Hjga/jgZPjgaHjgonjgafjgZnjgJE8L2ZvbnQ+PC9zdHJvbmc+PGJyPuKXhiDjgZ3jga7ku5bjg63jg4PjgrjvvIhMT0RHRe+8ieWVhuWTgeOBr+OBk+OBoeOCiTxicj48L3RkPjwvdHI+PC90YWJsZT48IS0tbWtfdGFncy0tPjxQPjxJTUcgc3JjPSJodHRwOi8vd3d3LnJha3V0ZW4ubmUuanAvZ29sZC9lc3BvcnRzL2JuL2p5dWhhdHR5dXU1MjAtNjAuanBnIiB3aWR0aD0iNTIwIiBoZWlnaHQ9IjYwIiBib3JkZXI9IjAiPjwvUD48IS0tbWtfdGFnZS0tPjxicj7il4/nrqHnkIZjb2Rl77yaNzk4Mjk1OTQ8IS0tc3BlY190YWdzLS0+PHA+PHN0cm9uZz48Zm9udCBjb2xvcj0iIzAwMDBDRCIgc2l6ZT0iMyI+44CQ5ZWG5ZOB44K544Oa44OD44Kv44CRPC9mb250Pjwvc3Ryb25nPjxicj7il488c3Ryb25nPuWGheW+hDwvc3Ryb25nPiA6IOe0hDIxY208YnI+4pePPHN0cm9uZz7mt7HjgZU8L3N0cm9uZz4gOiDntIQxMmNtPGJyPjwhLS1zcGVjX3RhZ2UtLT48YnI+PGxpbmsgcmVsPSJzdHlsZXNoZWV0IiB0eXBlPSJ0ZXh0L2NzcyIgaHJlZj0iaHR0cDovL3d3dy5yYWt1dGVuLm5lLmpwL2dvbGQvZXNwb3J0cy9zaG9wcGluZ19wYXJ0cy5jc3MiPgoKPGRpdiBzdHlsZT0ibWFyZ2luLXRvcDotMjZweDsiPjwvZGl2PgoKPGltZyBzcmM9Imh0dHA6Ly93d3cucmFrdXRlbi5uZS5qcC9nb2xkL2VzcG9ydHMvYm4vcG9pbnQvcG9pbnRfYmJiLmpwZyIgYWx0PSIzMDAw5YaG5Lul5LiK44Gn44Od44Kk44Oz44OI77yT5YCNIiBib3JkZXI9IjAiIHdpZHRoPSI3NTBweCI+Cgo8IS0tIOOCu+ODvOODqyA8aW1nIHNyYz0iaHR0cDovL3d3dy5yYWt1dGVuLm5lLmpwL2dvbGQvZXNwb3J0cy9uZXd5ZWFyLXNhbGUvbmV3eWVhci1zYWxlLTc4MC5qcGciIGJvcmRlcj0iMCIgYWx0PSLjgrvjg7zjg6siIHdpZHRoPSI3NzBweCI+PGJyPjxicj4g44K744O844OrIC0tPgoKPCEtLSDjgrnjg7zjg5Hjg7zjgrvjg7zjg6sgPGRpdiBzdHlsZT0id2lkdGggOiA3NTBweDsiPgo8ZGl2IGFsaWduPSJjZW50ZXIiIHN0eWxlPSJtYXJnaW4tYm90dG9tIDogMHB4O2JvcmRlci13aWR0aCA6IDJweDtib3JkZXItc3R5bGUgOiBzb2xpZDtib3JkZXItY29sb3IgOiAjYmMxMTMxOyI+Cgo8L2Rpdj48L2Rpdj48ZGl2IGNsYXNzPSJtYXJnaW41Ij48L2Rpdj48YnI+IOOCueODvOODkeODvOOCu+ODvOODqy0tPgoKPCEtLSDjgrnjg7zjg5Hjg7zjgrvjg7zjg6syIO+8iOODkOODiuODvOOBruOBv++8iTxpbWcgc3JjPSJodHRwOi8vd3d3LnJha3V0ZW4ubmUuanAvZ29sZC9lc3BvcnRzL3Nwc2FsZS9zYWxlLWJuNzgwLmpwZyIgYm9yZGVyPSIwIiBhbHQ9IuOCu+ODvOODqyIgd2lkdGg9Ijc3MHB4Ij48YnI+PGJyPiDjgrnjg7zjg5Hjg7wgLS0+Cgo8ZGl2IGNsYXNzPSJjb250ZW50cyI+PCEtLSDlkYrnn6UgCjxkaXYgc3R5bGU9IndpZHRoOjczNnB4OyBwYWRkaW5nOjE1cHg7IG1hcmdpbjo1cHggMCAxNXB4OyBib3JkZXI6c29saWQgI0U2MkYyRiAycHg7Ij4KPHAgc3R5bGU9ImZvbnQtd2VpZ2h0OmJvbGQ7IGZvbnQtc2l6ZToxN3B4OyB0ZXh0LWFsaWduOmNlbnRlcjsiPuOAkCA8c3BhbiBzdHlsZT0iYm9yZGVyLWJvdHRvbToycHggZG90dGVkICM5OTk7IGZvbnQtc2l6ZToxNXB4OyI+NeaciDI25pelKOmHkSnjga7llrbmpa3jgavjgaTjgYTjgaY8L3NwYW4+IOOAkTwvcD4KPHAgc3R5bGU9ImZvbnQtc2l6ZToxM3B4OyBtYXJnaW4tdG9wOjE1cHg7Ij7oqqDjgavli53miYvjgarjgYzjgok15pyIMjbml6Uo6YeRKeOBr+OAgeekvuWGheeglOS/ruOBruOBn+OCgeOAgeWWtualreaZgumWk+OCkuWNiOWJjTEy77yaMDDjgb7jgafjgajjgZXjgZvjgabjgYTjgZ/jgaDjgY3jgb7jgZnjgILlsJrjgIHjgIzjgYLjgZnmpb3jgI3lr77lv5zlk4HjgavjgaTjgY3jgb7jgZfjgabjga/jgIHpgJrluLjpgJrjgooxMu+8mjAw44G+44Gn44Gu44GU5rOo5paH44KS5b2T5pel55m66YCB44GV44Gb44Gm44GE44Gf44Gg44GN44G+44GZ44CCPC9wPgo8cCBzdHlsZT0iZm9udC1zaXplOjEzcHg7IG1hcmdpbi10b3A6MTVweDsiPuOBiuWuouanmOOBq+OBr+OBlOS4jeS+v+OCkuOBiuaOm+OBkeiHtOOBl+OBvuOBmeOBjOOAgeOBlOeQhuino+OBrueoi+OAgeWunOOBl+OBj+OBiumhmOOBhOiHtOOBl+OBvuOBmeOAgjwvcD4KPC9kaXY+IC0tPgoKCjwhLS0gPGRpdiBzdHlsZT0id2lkdGg6NzM2cHg7IHBhZGRpbmc6MTVweDsgbWFyZ2luOjVweCAwIDE1cHg7IGJvcmRlcjpzb2xpZCAjRTYyRjJGIDJweDsiPgo8cCBzdHlsZT0iZm9udC13ZWlnaHQ6Ym9sZDsgZm9udC1zaXplOjE3cHg7IHRleHQtYWxpZ246Y2VudGVyOyBtYXJnaW46MDsiPuOAkCA8c3BhbiBzdHlsZT0iYm9yZGVyLWJvdHRvbToycHggZG90dGVkICM5OTk7IGZvbnQtc2l6ZToxNXB4OyI+5aSp5YCZ5LiN6Imv44Gu5b2x6Z+/44Gr44KI44KL6YWN6YCB6YGF5bu244Gr44Gk44GE44GmPC9zcGFuPiDjgJE8L3A+CjxwIHN0eWxlPSJmb250LXNpemU6MTNweDsgbWFyZ2luOjE1cHggMCAwOyI+5Y+w6aKo44O76LGq6Zuo562J44Gu5aSp5YCZ5LiN6Imv44Gr5Ly044GE44CB5LiA6YOo5Zyw5Z+f44Gn44GK6I2354mp44Gu44GK5bGK44GR44Gr6YGF44KM44GM55m655Sf44GZ44KL5oGQ44KM44GM44GU44GW44GE44G+44GZ44CCPC9wPgo8cCBzdHlsZT0iZm9udC1zaXplOjEzcHg7IG1hcmdpbjo3cHggMCAwOyI+44G+44Gf44CB5LuK5b6M44Gu5Y+w6aKo44Gu6YCy6Lev44Gr44KI44Gj44Gm44Gv44CB5bqD56+E5Zuy44Gu5Zyw5Z+f44Gn6YGF44KM44GM55Sf44GY44KL5Y+v6IO95oCn44GM44GC44KK44G+44GZ44CC5Zyw5Z+f44KE44K/44Kk44Of44Oz44Kw44Gr44KI44Gj44Gm44CB44GU5biM5pyb44Gu44GK5bGK44GR5pel5pmC44Gr6YWN6YGU44Gn44GN44Gq44GE5aC05ZCI44GM44GU44GW44GE44G+44GZ44CCPC9wPgo8cCBzdHlsZT0iZm9udC1zaXplOjEzcHg7IG1hcmdpbjo3cHggMCAwOyI+44GK5a6i5qeY44Gr44Gv5aSn5aSJ44GU6L+35oOR44KS44GK5o6b44GR6Ie044GX44G+44GZ44GM44CB44GU55CG6Kej44GE44Gf44Gg44GR44G+44GZ44KI44GG44GK6aGY44GE6Ie044GX44G+44GZ44CCPC9wPgo8L2Rpdj4gLS0+CgoKCjwhLS0g5LiA6YOo5Zyw5Z+f44Gn44Gu6YWN6YGU6YGF5bu244Gr44Gk44GN44G+44GX44GmIC0tPgoKCjwhLS0g44Kv44O844Od44OzIAo8aW1nIHNyYz0iaHR0cDovL3d3dy5yYWt1dGVuLm5lLmpwL2dvbGQvZXNwb3J0cy9ibi9jb3Vwb24vY291cG9uNzcwLmdpZiIgYWx0PSIyMDDlhoZPRkbjgq/jg7zjg53jg7MiPiAtLT4KCgoKPCEtLSA8aW1nIHNyYz0iaHR0cDovL3d3dy5yYWt1dGVuLm5lLmpwL2dvbGQvZXNwb3J0cy9ibi9hZGlkYXMvYWRpZGFzLWJuMzU3LmpwZyIgYWx0PSJhZGlkYXPjg53jgqTjg7Pjg4gxNeWAjSI+IC0tPgoKCjxicj4=,44CQ6YCB5paZ54Sh5paZ44CR44Ot44OD44K477yITE9ER0XvvIkgTERHIOOCouODg+ODl+ODq+ODneODg+ODiDMuNXF0IFJEIEUzQVA0MCAxOTI0MDE4NjAwNDAwMyDjgJDjgqLjgqbjg4jjg4njgqIg44Kt44Oj44Oz44OXIOODgOODg+ODgeOCquODvOODluODsyDmlpnnkIYg6Y2L44CR77ya772F77yz77yw77yv77yy77y077yz5qW95aSp5pSv5bqX,44Ki44Km44OI44OJ44Ki44Kt44Oj44Oz44OX44OQ44O844OZ44Kt44Ol44O844OG44Oz44OI44K/44O844OX44OG44O844OW44Or44OB44Kn44Ki44K344Ol44Op44OV44Op44Oz44K/44Oz44Kv44O844Op44O844Oc44OD44Kv44K544Kz44O844Or44Oe44Oz44OO44O844K544OV44Kn44Kk44K544K544Od44O844OE44OV44Kj44OD44OI44ON44K544OA44Kk44Ko44OD44OI44OI44Os44O844OL44Oz44Kw44OX44Ot44OG44Kk44Oz44K144OX44Oq44Oh44Oz44OI44OA44Oz44OZ44Or44K144OD44Kr44O844CQ6YCB5paZ54Sh5paZ44CR44Ot44OD44K477yITE9ER0XvvIkgTERHIOOCouODg+ODl+ODq+ODneODg+ODiDMuNXF0IFJEIEUzQVA0MCAxOTI0MDE4NjAwNDAwMyDjgJDjgqLjgqbjg4jjg4njgqIg44Kt44Oj44Oz44OXIOODgOODg+ODgeOCquODvOODluODsyDmlpnnkIYg6Y2L44CR,4piF6YCB5paZ54Sh5paZ4piF44CC44CQ6YCB5paZ54Sh5paZ44CR44Ot44OD44K477yITE9ER0XvvIkgTERHIOOCouODg+ODl+ODq+ODneODg+ODiDMuNXF0IFJEIEUzQVA0MCAxOTI0MDE4NjAwNDAwMyDjgJDjgqLjgqbjg4jjg4njgqIg44Kt44Oj44Oz44OXIOODgOODg+ODgeOCquODvOODluODsyDmlpnnkIYg6Y2L44CR[rn]
34-75329,aHR0cDovL3RzaG9wLnIxMHMuanAvZXNwb3J0cy9jYWJpbmV0Lzk0MzAtMy85NDMwMzEwNDkwMzY5LmpwZz9maXRpbj03MDA6NzAw,Mzg4OC4wMDAw,,44K544Od44O844OE44O744Ki44Km44OI44OJ44KiID4g44Ki44Km44OI44OJ44KiID4g44OQ44O844G544Kt44Ol44O844O744Kv44OD44Kt44Oz44Kw55So5ZOBID4g44OA44OD44OB44Kq44O844OW44Oz,44Ot44OD44K477yITE9ER0XvvIkgTERHIEhF44Kq44O844OQ44Or44K144O844OT44Oz44Kw44OH44Kj44OD44K344OlMzJIT1NEIDE5MjQwMDg2MDAwMDM2IOOAkOOCouOCpuODiOODieOCoiDjgq3jg6Pjg7Pjg5cg44K544Kt44Os44OD44OIIOaWmeeQhiDjgq/jg4Pjgq3jg7PjgrDjgJE=,,PCEtLWltZ190YWdzLS0+PHRhYmxlIGJvcmRlcj0iMCIgd2lkdGg9IjY1MCI+PFRSPjxURCBhbGlnbj0iY2VudGVyIj48QSBocmVmPSJodHRwOi8vd3d3LnJha3V0ZW4uY28uanAvZXNwb3J0cy9pbmZvMi5odG1sI2RlciI+PElNRyBzcmM9Imh0dHA6Ly93d3cucmFrdXRlbi5uZS5qcC9nb2xkL2VzcG9ydHMvc3VwcG9ydC9zaGlwcGluZzIuZ2lmIiBib3JkZXI9IjAiPjwvQT48QSBocmVmPSJodHRwOi8vd3d3LnJha3V0ZW4ubmUuanAvZ29sZC9lc3BvcnRzL3N1cHBvcnQvZGlzcGF0Y2guaHRtbCI+PElNRyBzcmM9Imh0dHA6Ly93d3cucmFrdXRlbi5uZS5qcC9nb2xkL2VzcG9ydHMvc3VwcG9ydC9kYXlzMy5naWYiIGJvcmRlcj0iMCI+PC9BPjxBIGhyZWY9Imh0dHA6Ly93d3cucmFrdXRlbi5uZS5qcC9nb2xkL2VzcG9ydHMvc3VwcG9ydC9kaXNwYXRjaC5odG1sIj48SU1HIHNyYz0iaHR0cDovL3d3dy5yYWt1dGVuLm5lLmpwL2dvbGQvZXNwb3J0cy9zdXBwb3J0L3BsYWNlMy5naWYiIGJvcmRlcj0iMCI+PC9BPjxBIGhyZWY9Imh0dHA6Ly93d3cucmFrdXRlbi5jby5qcC9lc3BvcnRzL2luZm8yLmh0bWwjYmFjayI+PElNRyBzcmM9Imh0dHA6Ly93d3cucmFrdXRlbi5uZS5qcC9nb2xkL2VzcG9ydHMvc3VwcG9ydC9yZXR1cm4xLmdpZiIgYm9yZGVyPSIwIj48L0E+PC90ZD48L3RyPjwvdGFibGU+PCEtLWltZ190YWdlLS0+PHN0cm9uZz48Zm9udCBjb2xvcj0iIzAwMDBDRCIgc2l6ZT0iNCI+54ax5by35YyW5Yem55CG44KS5pa944GX44Gf5aSn44GN44KB5qWV5YaG5Z6L44Gu44Of44OL44K144O844OQ44O844CCPGJyPjwvZm9udD48L3N0cm9uZz48YnI+6Yuz6YmE44Gn5L2c44KJ44KM44Gm44GE44KL44Gf44KB44CB6Kq/55CG44GX44Gf44KC44Gu44KS44Gd44Gu44G+44G+44OG44O844OW44Or44Gr5Lim44G544Gm44KC44CB5L+d5rip5oCn6IO944GM6auY44GP57at5oyB44GX44Gm44GP44KM44G+44GZ44CCPGJyPjxicj7il49IRe+8nUhFQVQtRU5IQU5DRUQgU0VSSUVT77yI44OS44O844OI44Ko44Oz44OP44Oz44K544OJIOOCt+ODquODvOOCuu+8ieOBq+mWouOBl+OBpjxicj7jg5Ljg7zjg4jjgqjjg7Pjg4/jg7Pjgrnjg4njgajjga/pq5jmuKnjgavjgojjgorpiYTooajpnaLjgpLliIblrZDjg6zjg5njg6vjgaflpInljJbjgZXjgZvjgovnhrHlh6bnkIbjg5fjg63jgrvjgrnjgafjgZnjgII8YnI+44GT44Gu5Yqg5bel44Gr44KI44KK6YmE6KGo6Z2i44Gr44Kq44Kk44Or44Kz44O844OG44Kj44Oz44Kw44KS44GX44Gq44GP44Gm44KC6YyG44Gz44Gr44GP44GP44GZ44KL44GT44Go44GM44Gn44GN44G+44GZ44CCPGJyPuOBk+OCjOOBr+WNiuawuOS5heeahOOBq+e2mee2muOBl+OAgemJhOihqOmdouOCkumFuOWMluOBi+OCieWuiOOCiuOBvuOBmeOAgjxicj7jg7vjg5Ljg7zjg4jjgqjjg7Pjg4/jg7Pjgrnjg4njga/pgJrluLjjgojjgorjgoLpjIbjgbPjgavjgY/jgYTliqDlt6Xjgajjgarjgorjgb7jgZnjgYzjgIHlrozlhajjgavpmLLmraLjgZnjgovjgoLjga7jgafjga/jgarjgYTjgZ/jgoHkvb/nlKjlvozjga/oia/jgY/kub7nh6XjgZXjgZvjgabjgY/jgaDjgZXjgYTjgII8YnI+44O76aOf5Zmo5rSX5rWE5qmf5L2/55So5Y+vPGJyPjxicj7il4bnvo7lkbPjgZfjgZXjga7np5jlr4Y8YnI+6Yuz6YmE44Gu5oCn6LOq44Gv54ax5Lyd5bCO546H44Gu6auY44GE6YmE44KI44KK44CB55+z44Gr6L+R44GE44Go44GE44GI44KL44GL44KC44GX44KM44G+44Gb44KT44CCPGJyPuOBleOCieOBqzVtbeOBqOOBhOOBhuiCieizquOBruS9nOOCiuOBjOOBneOBrumHkeWxnueahOeJueaAp+OCkumrmOOCgeOBpuOBhOOBvuOBmeOAgjxicj7jgZPjgozjgYzjgIHku5bjga7oqr/nkIblmajlhbfjgavjga/jgarjgYTmipznvqTjga7nhrHliLblvqHlipvjgpLjgoLjgZ/jgonjgZfjgIHpo5/mnZDjga7ml6jjgb/jgpLoiq/jgYvjgonlvJXjgY3lh7rjgZfjgabjgYTjgY3jgb7jgZnjgII8YnI+PGJyPuKXhuOCt+ODvOOCuuODi+ODs+OCsO+8iOaFo+OCieOBl++8iea4iDxicj7jgZnjgZDjgavkvb/jgYjjgovmhaPjgonjgZfmuIjjgb/jgafjgIHplbflubTkvb/jgYTovrzjgpPjgaDjgoLjga7jga7jgojjgYbjgavooajpnaLjgYzjgrPjg7zjg4bjgqPjg7PjgrDjgZXjgozpoqjmoLzjgYLjgovoo73lk4Hjgavku5XkuIrjgYzjgaPjgabjgYTjgb7jgZnjgII8YnI+5rip5rC044Gn44Gf44KP44GX44Gq44Gp44KS5L2/44GE6Lu944GP5rSX44Gj44Gm44GE44Gf44Gg44GR44G+44GX44Gf44KJ44CB44GZ44GQ44Gr44GU5L2/55So6aCC44GR44G+44GZ44CCPGJyPjxicj7il4ZJSO+8iOmbu+ejgeiqv+eQhuWZqO+8ieWvvuW/nDxicj5JSOiqv+eQhuWZqOOBq+OBiuS9v+OBhOmgguOBkeOBvuOBmeOAgjxicj7jgZ/jgaDjgZflupXpnaLjgarjganjga7lvaLnirbjgoRJSOiqv+eQhuWZqOWFt+OBq+OCiOOCiuOBlOS9v+eUqOOBhOOBn+OBoOOBkeOBquOBhOWVhuWTgeOCguOBlOOBluOBhOOBvuOBmeOBruOBp+OBiuS9v+OBhOOBrklI6Kq/55CG5Zmo44KS44GU56K66KqN44GP44Gg44GV44GE44CCPGJyPjxicj7il4bjg5fjg63jga7mp5jjgarnhLzjgY3kuIrjgYzjgorjgavjg7vjg7vjg7s8YnI+44K544OG44O844Kt44KE44OP44Oz44OQ44O844Kw44GM44OX44Ot44Gu5qeY44Gq54S844GN5LiK44GM44KK44Gr44O744O744O7PGJyPue0oOadkOOBruWRs+OCkuOBmOOCj+OBo+OBqOW8leOBjeWHuuOBmeWOmuOBlTVtbeOBruiCieWOmuOBqumLs+mJhOijveODleODqeOCpOODkeODs+OAgjxicj7mtJfnt7TjgZXjgoznhKHpp4Tjga7jgarjgYTjg4fjgrbjgqTjg7Pjgarjga7jgafjgIHlh7rmnaXkuIrjgYzjgaPjgZ/mlpnnkIbjgpLjgZ3jga7jgb7jgb7jg4bjg7zjg5bjg6vjgavlh7rjgZfjgabjgoLjgYrmtJLokL3jgafjgZnjgII8YnI+PGJyPuKAu+mmtOafk+OCk+OBoOayueOBjOaKnOOBkeOBpuOBl+OBvuOBhueCuuOAgeOBquOCi+OBueOBj+a0l+WJpOOCkuS9v+OCj+OBmuOBq+a0l+OBo+OBpuS4i+OBleOBhOOAgjxicj7jgarjgYrjgIHnhKbjgZLjgoToh63jgYTjgYzmsJfjgavjgarjgovloLTlkIjjga/jgIHph43mm7njgoTmtJfliaTjgafjgYrmiYvlhaXjgozjgpLjgZfjgabjgY/jgaDjgZXjgYTjgII8YnI+44G+44Gf44CB5rSX5Ymk44KS5L2/55So44GX44Gm5rSX44Gj44Gf44GC44Go44Gr44Gv44CB5b+F44Ga6Y2L44KS54Gr44Gr44GL44GR44Gm5a6M5YWo44Gr5rC05YiG44KS6JK455m644GV44Gb44Gm44GL44KJ54ax44GM5Ya344KB44Gq44GE44GG44Gh44Gr6aOf5rK544Gn44K344O844K644OL44Oz44Kw44KS44GX44Gm44GP44Gg44GV44GE44CCPGJyPjxicj48cD48dGFibGUgYm9yZGVyPSIwIiB3aWR0aD0iOTclIiBiZ2NvbG9yPSIjRkZGRkUwIj48dHI+PHRkPjxzdHJvbmc+PGZvbnQgY29sb3I9IiMwMDY0MDAiIHNpemU9IjMiPuOAkOmWoumAo+WVhuWTgeOBr+OBk+OBoeOCieOBp+OBmeOAkTwvZm9udD48L3N0cm9uZz48YnI+4peGIOOBneOBruS7luODreODg+OCuO+8iExPREdF77yJ5ZWG5ZOB44Gv44GT44Gh44KJPGJyPjwvdGQ+PC90cj48L3RhYmxlPjwhLS1ta190YWdzLS0+PFA+PElNRyBzcmM9Imh0dHA6Ly93d3cucmFrdXRlbi5uZS5qcC9nb2xkL2VzcG9ydHMvYm4vanl1aGF0dHl1dTUyMC02MC5qcGciIHdpZHRoPSI1MjAiIGhlaWdodD0iNjAiIGJvcmRlcj0iMCI+PC9QPjwhLS1ta190YWdlLS0+PGJyPuKXj+euoeeQhmNvZGXvvJo3OTgyOTU5NDwhLS1zcGVjX3RhZ3MtLT48cD48c3Ryb25nPjxmb250IGNvbG9yPSIjMDAwMENEIiBzaXplPSIzIj7jgJDllYblk4Hjgrnjg5rjg4Pjgq/jgJE8L2ZvbnQ+PC9zdHJvbmc+PGJyPuKXjzxzdHJvbmc+44K144Kk44K6PC9zdHJvbmc+IDog57SEMzEuN2Nt77yI57im77yJw5fntIQxNy44Y23vvIjmqKrvvInDl+e0hDYuM2Nt77yI6auY44GV77yJPGJyPuKXjzxzdHJvbmc+6YeN6YePPC9zdHJvbmc+IDogMjk2Mmc8YnI+PCEtLXNwZWNfdGFnZS0tPjxicj48bGluayByZWw9InN0eWxlc2hlZXQiIHR5cGU9InRleHQvY3NzIiBocmVmPSJodHRwOi8vd3d3LnJha3V0ZW4ubmUuanAvZ29sZC9lc3BvcnRzL3Nob3BwaW5nX3BhcnRzLmNzcyI+Cgo8ZGl2IHN0eWxlPSJtYXJnaW4tdG9wOi0yNnB4OyI+PC9kaXY+Cgo8aW1nIHNyYz0iaHR0cDovL3d3dy5yYWt1dGVuLm5lLmpwL2dvbGQvZXNwb3J0cy9ibi9wb2ludC9wb2ludF9iYmIuanBnIiBhbHQ9IjMwMDDlhobku6XkuIrjgafjg53jgqTjg7Pjg4jvvJPlgI0iIGJvcmRlcj0iMCIgd2lkdGg9Ijc1MHB4Ij4KCjwhLS0g44K744O844OrIDxpbWcgc3JjPSJodHRwOi8vd3d3LnJha3V0ZW4ubmUuanAvZ29sZC9lc3BvcnRzL25ld3llYXItc2FsZS9uZXd5ZWFyLXNhbGUtNzgwLmpwZyIgYm9yZGVyPSIwIiBhbHQ9IuOCu+ODvOODqyIgd2lkdGg9Ijc3MHB4Ij48YnI+PGJyPiDjgrvjg7zjg6sgLS0+Cgo8IS0tIOOCueODvOODkeODvOOCu+ODvOODqyA8ZGl2IHN0eWxlPSJ3aWR0aCA6IDc1MHB4OyI+CjxkaXYgYWxpZ249ImNlbnRlciIgc3R5bGU9Im1hcmdpbi1ib3R0b20gOiAwcHg7Ym9yZGVyLXdpZHRoIDogMnB4O2JvcmRlci1zdHlsZSA6IHNvbGlkO2JvcmRlci1jb2xvciA6ICNiYzExMzE7Ij4KCjwvZGl2PjwvZGl2PjxkaXYgY2xhc3M9Im1hcmdpbjUiPjwvZGl2Pjxicj4g44K544O844OR44O844K744O844OrLS0+Cgo8IS0tIOOCueODvOODkeODvOOCu+ODvOODqzIg77yI44OQ44OK44O844Gu44G/77yJPGltZyBzcmM9Imh0dHA6Ly93d3cucmFrdXRlbi5uZS5qcC9nb2xkL2VzcG9ydHMvc3BzYWxlL3NhbGUtYm43ODAuanBnIiBib3JkZXI9IjAiIGFsdD0i44K744O844OrIiB3aWR0aD0iNzcwcHgiPjxicj48YnI+IOOCueODvOODkeODvCAtLT4KCjxkaXYgY2xhc3M9ImNvbnRlbnRzIj48IS0tIOWRiuefpSAKPGRpdiBzdHlsZT0id2lkdGg6NzM2cHg7IHBhZGRpbmc6MTVweDsgbWFyZ2luOjVweCAwIDE1cHg7IGJvcmRlcjpzb2xpZCAjRTYyRjJGIDJweDsiPgo8cCBzdHlsZT0iZm9udC13ZWlnaHQ6Ym9sZDsgZm9udC1zaXplOjE3cHg7IHRleHQtYWxpZ246Y2VudGVyOyI+44CQIDxzcGFuIHN0eWxlPSJib3JkZXItYm90dG9tOjJweCBkb3R0ZWQgIzk5OTsgZm9udC1zaXplOjE1cHg7Ij415pyIMjbml6Uo6YeRKeOBruWWtualreOBq+OBpOOBhOOBpjwvc3Bhbj4g44CRPC9wPgo8cCBzdHlsZT0iZm9udC1zaXplOjEzcHg7IG1hcmdpbi10b3A6MTVweDsiPuiqoOOBq+WLneaJi+OBquOBjOOCiTXmnIgyNuaXpSjph5Ep44Gv44CB56S+5YaF56CU5L+u44Gu44Gf44KB44CB5Za25qWt5pmC6ZaT44KS5Y2I5YmNMTLvvJowMOOBvuOBp+OBqOOBleOBm+OBpuOBhOOBn+OBoOOBjeOBvuOBmeOAguWwmuOAgeOAjOOBguOBmealveOAjeWvvuW/nOWTgeOBq+OBpOOBjeOBvuOBl+OBpuOBr+OAgemAmuW4uOmAmuOCijEy77yaMDDjgb7jgafjga7jgZTms6jmlofjgpLlvZPml6XnmbrpgIHjgZXjgZvjgabjgYTjgZ/jgaDjgY3jgb7jgZnjgII8L3A+CjxwIHN0eWxlPSJmb250LXNpemU6MTNweDsgbWFyZ2luLXRvcDoxNXB4OyI+44GK5a6i5qeY44Gr44Gv44GU5LiN5L6/44KS44GK5o6b44GR6Ie044GX44G+44GZ44GM44CB44GU55CG6Kej44Gu56iL44CB5a6c44GX44GP44GK6aGY44GE6Ie044GX44G+44GZ44CCPC9wPgo8L2Rpdj4gLS0+CgoKPCEtLSA8ZGl2IHN0eWxlPSJ3aWR0aDo3MzZweDsgcGFkZGluZzoxNXB4OyBtYXJnaW46NXB4IDAgMTVweDsgYm9yZGVyOnNvbGlkICNFNjJGMkYgMnB4OyI+CjxwIHN0eWxlPSJmb250LXdlaWdodDpib2xkOyBmb250LXNpemU6MTdweDsgdGV4dC1hbGlnbjpjZW50ZXI7IG1hcmdpbjowOyI+44CQIDxzcGFuIHN0eWxlPSJib3JkZXItYm90dG9tOjJweCBkb3R0ZWQgIzk5OTsgZm9udC1zaXplOjE1cHg7Ij7lpKnlgJnkuI3oia/jga7lvbHpn7/jgavjgojjgovphY3pgIHpgYXlu7bjgavjgaTjgYTjgaY8L3NwYW4+IOOAkTwvcD4KPHAgc3R5bGU9ImZvbnQtc2l6ZToxM3B4OyBtYXJnaW46MTVweCAwIDA7Ij7lj7Dpoqjjg7vosarpm6jnrYnjga7lpKnlgJnkuI3oia/jgavkvLTjgYTjgIHkuIDpg6jlnLDln5/jgafjgYrojbfnianjga7jgYrlsYrjgZHjgavpgYXjgozjgYznmbrnlJ/jgZnjgovmgZDjgozjgYzjgZTjgZbjgYTjgb7jgZnjgII8L3A+CjxwIHN0eWxlPSJmb250LXNpemU6MTNweDsgbWFyZ2luOjdweCAwIDA7Ij7jgb7jgZ/jgIHku4rlvozjga7lj7Dpoqjjga7pgLLot6/jgavjgojjgaPjgabjga/jgIHluoPnr4Tlm7Ljga7lnLDln5/jgafpgYXjgozjgYznlJ/jgZjjgovlj6/og73mgKfjgYzjgYLjgorjgb7jgZnjgILlnLDln5/jgoTjgr/jgqTjg5/jg7PjgrDjgavjgojjgaPjgabjgIHjgZTluIzmnJvjga7jgYrlsYrjgZHml6XmmYLjgavphY3pgZTjgafjgY3jgarjgYTloLTlkIjjgYzjgZTjgZbjgYTjgb7jgZnjgII8L3A+CjxwIHN0eWxlPSJmb250LXNpemU6MTNweDsgbWFyZ2luOjdweCAwIDA7Ij7jgYrlrqLmp5jjgavjga/lpKflpInjgZTov7fmg5HjgpLjgYrmjpvjgZHoh7TjgZfjgb7jgZnjgYzjgIHjgZTnkIbop6PjgYTjgZ/jgaDjgZHjgb7jgZnjgojjgYbjgYrpoZjjgYToh7TjgZfjgb7jgZnjgII8L3A+CjwvZGl2PiAtLT4KCgoKPCEtLSDkuIDpg6jlnLDln5/jgafjga7phY3pgZTpgYXlu7bjgavjgaTjgY3jgb7jgZfjgaYgLS0+CgoKPCEtLSDjgq/jg7zjg53jg7MgCjxpbWcgc3JjPSJodHRwOi8vd3d3LnJha3V0ZW4ubmUuanAvZ29sZC9lc3BvcnRzL2JuL2NvdXBvbi9jb3Vwb243NzAuZ2lmIiBhbHQ9IjIwMOWGhk9GRuOCr+ODvOODneODsyI+IC0tPgoKCgo8IS0tIDxpbWcgc3JjPSJodHRwOi8vd3d3LnJha3V0ZW4ubmUuanAvZ29sZC9lc3BvcnRzL2JuL2FkaWRhcy9hZGlkYXMtYm4zNTcuanBnIiBhbHQ9ImFkaWRhc+ODneOCpOODs+ODiDE15YCNIj4gLS0+CgoKPGJyPg==,44Ot44OD44K477yITE9ER0XvvIkgTERHIEhF44Kq44O844OQ44Or44K144O844OT44Oz44Kw44OH44Kj44OD44K344OlMzJIT1NEIDE5MjQwMDg2MDAwMDM2IOOAkOOCouOCpuODiOODieOCoiDjgq3jg6Pjg7Pjg5cg44K544Kt44Os44OD44OIIOaWmeeQhiDjgq/jg4Pjgq3jg7PjgrDjgJHvvJrvvYXvvLPvvLDvvK/vvLLvvLTvvLPmpb3lpKnmlK/lupc=,44Ki44Km44OI44OJ44Ki44Kt44Oj44Oz44OX44OQ44O844OZ44Kt44Ol44O844OG44Oz44OI44K/44O844OX44OG44O844OW44Or44OB44Kn44Ki44K344Ol44Op44OV44Op44Oz44K/44Oz44Kv44O844Op44O844Oc44OD44Kv44K544Kz44O844Or44Oe44Oz44OO44O844K544OV44Kn44Kk44K544K544Od44O844OE44OV44Kj44OD44OI44ON44K544OA44Kk44Ko44OD44OI44OI44Os44O844OL44Oz44Kw44OX44Ot44OG44Kk44Oz44K144OX44Oq44Oh44Oz44OI44OA44Oz44OZ44Or44K144OD44Kr44O844Ot44OD44K477yITE9ER0XvvIkgTERHIEhF44Kq44O844OQ44Or44K144O844OT44Oz44Kw44OH44Kj44OD44K344OlMzJIT1NEIDE5MjQwMDg2MDAwMDM2IOOAkOOCouOCpuODiOODieOCoiDjgq3jg6Pjg7Pjg5cg44K544Kt44Os44OD44OIIOaWmeeQhiDjgq/jg4Pjgq3jg7PjgrDjgJE=,44Ot44OD44K477yITE9ER0XvvIkgTERHIEhF44Kq44O844OQ44Or44K144O844OT44Oz44Kw44OH44Kj44OD44K344OlMzJIT1NEIDE5MjQwMDg2MDAwMDM2IOOAkOOCouOCpuODiOODieOCoiDjgq3jg6Pjg7Pjg5cg44K544Kt44Os44OD44OIIOaWmeeQhiDjgq/jg4Pjgq3jg7PjgrDjgJE=[rn]
34-75330,aHR0cDovL3RzaG9wLnIxMHMuanAvZXNwb3J0cy9jYWJpbmV0Lzk0MzAtMi85NDMwMzEwMzkwMDc1LmpwZz9maXRpbj03MDA6NzAw,MjQ0NC4wMDAw,,44K544Od44O844OE44O744Ki44Km44OI44OJ44KiID4g44Ki44Km44OI44OJ44KiID4g44OQ44O844G544Kt44Ol44O844O744Kv44OD44Kt44Oz44Kw55So5ZOBID4g44Kv44OD44Kr44O8,44Ot44OD44K477yITE9ER0XvvIkg44K544Kt44Os44OD44OI44Kr44OQ44O8IDggTDVJQzMg44CQ44OV44Op44Kk44OR44OzIOODleOCvyDpi7PpiYQg44Ki44Km44OI44OJ44KiIOODkOODvOODmeOCreODpeODvOOAkQ==,,PCEtLWltZ190YWdzLS0+PHRhYmxlIGJvcmRlcj0iMCIgd2lkdGg9IjY1MCI+PFRSPjxURCBhbGlnbj0iY2VudGVyIj48QSBocmVmPSJodHRwOi8vd3d3LnJha3V0ZW4uY28uanAvZXNwb3J0cy9pbmZvMi5odG1sI2RlciI+PElNRyBzcmM9Imh0dHA6Ly93d3cucmFrdXRlbi5uZS5qcC9nb2xkL2VzcG9ydHMvc3VwcG9ydC9zaGlwcGluZzIuZ2lmIiBib3JkZXI9IjAiPjwvQT48QSBocmVmPSJodHRwOi8vd3d3LnJha3V0ZW4ubmUuanAvZ29sZC9lc3BvcnRzL3N1cHBvcnQvZGlzcGF0Y2guaHRtbCI+PElNRyBzcmM9Imh0dHA6Ly93d3cucmFrdXRlbi5uZS5qcC9nb2xkL2VzcG9ydHMvc3VwcG9ydC9kYXlzMi5naWYiIGJvcmRlcj0iMCI+PC9BPjxBIGhyZWY9Imh0dHA6Ly93d3cucmFrdXRlbi5uZS5qcC9nb2xkL2VzcG9ydHMvc3VwcG9ydC9kaXNwYXRjaC5odG1sIj48SU1HIHNyYz0iaHR0cDovL3d3dy5yYWt1dGVuLm5lLmpwL2dvbGQvZXNwb3J0cy9zdXBwb3J0L3BsYWNlMy5naWYiIGJvcmRlcj0iMCI+PC9BPjxBIGhyZWY9Imh0dHA6Ly93d3cucmFrdXRlbi5jby5qcC9lc3BvcnRzL2luZm8yLmh0bWwjYmFjayI+PElNRyBzcmM9Imh0dHA6Ly93d3cucmFrdXRlbi5uZS5qcC9nb2xkL2VzcG9ydHMvc3VwcG9ydC9yZXR1cm4xLmdpZiIgYm9yZGVyPSIwIj48L0E+PC90ZD48L3RyPjwvdGFibGU+PCEtLWltZ190YWdlLS0+PHN0cm9uZz48Zm9udCBjb2xvcj0iIzAwMDBDRCIgc2l6ZT0iNCI+44Ot44OD44K456S+44Gu5aSa5bm044Gr44KP44Gf44KL56CU56m244Gr44KI44KK44CBPGJyPuOBmeOBkOOBq+S9v+OBiOOCi+aFo+OCieOBl+a4iOOBv+WVhuWTgeOAjOODreODg+OCuOODreOCuOODg+OCr+OAjeOAgjxicj48L2ZvbnQ+PC9zdHJvbmc+PGJyPjxzdHJvbmc+4oC755S75YOP44Gv44Kk44Oh44O844K444Gn44GZ44CCPGJyPjwvc3Ryb25nPjxicj48YnI+TE9ER0Ug44Ot44OD44K4IOODreOCuOODg+OCryDjgrnjgq3jg6zjg4Pjg4jjgqvjg5Djg7wgOOOCpOODs+ODgSBMNUlDM+OBrzxicj7jg63jg4PjgrjnpL7jga7lpJrlubTjgavjgo/jgZ/jgovnoJTnqbbjgavjgojjgorjgIE8YnI+44GZ44GQ44Gr5L2/44GI44KL5oWj44KJ44GX5riI44G/5ZWG5ZOB44CM44Ot44OD44K444Ot44K444OD44Kv44CNPGJyPumVt+W5tOS9v+OBhOi+vOOCk+OBoOOCguOBruOBruOCiOOBhuOBq+ihqOmdouOBjOOCs+ODvOODhuOCo+ODs+OCsOOBleOCjOmiqOagvOOBguOCi+ijveWTgeOBq+S7leS4iuOBjOOBo+OBpuOBhOOBvuOBmeOAgjxicj7jgrnjgq3jg6zjg4Pjg4jjgqvjg5Djg7zjga/jgrnjgq3jg6zjg4Pjg4jmnKzkvZPjgajlkIzjgZjlvaLnirbjgpLjgZfjgabjgYTjgovjga7jgafjgbTjgaPjgZ/jgorjg5Xjgr/jgZnjgovjgZPjgajjgYzjgafjgY3jgovliKXlo7Ljgorjga7jg5Xjgr/jgafjgZnjgII8YnI+6KOP6Z2i44Gu56qB6LW344Gv6JK455m644GX44Gf5rC05YiG44GM5paZ55CG44Gr6JC944Gh44Gm5peo44G/44KS6YCD44GV44Gq44GE5bel5aSr44GM44GC44KK44G+44GZ44CCPGJyPjxicj48cD48IS0tbWtfdGFncy0tPjxQPjxJTUcgc3JjPSJodHRwOi8vd3d3LnJha3V0ZW4ubmUuanAvZ29sZC9lc3BvcnRzL2JuL2p5dWhhdHR5dXU1MjAtNjAuanBnIiB3aWR0aD0iNTIwIiBoZWlnaHQ9IjYwIiBib3JkZXI9IjAiPjwvUD48IS0tbWtfdGFnZS0tPjxicj7il4/nrqHnkIZjb2Rl77yaNzk4NDkxODA8IS0tc3BlY190YWdzLS0+PHA+PHN0cm9uZz48Zm9udCBjb2xvcj0iIzAwMDBDRCIgc2l6ZT0iMyI+44CQ5ZWG5ZOB44K544Oa44OD44Kv44CRPC9mb250Pjwvc3Ryb25nPjxicj7il488c3Ryb25nPumHjemHj++8iDjjgqTjg7Pjg4HvvIk8L3N0cm9uZz4gOiAxLjA2a2c8YnI+4pePPHN0cm9uZz7nlJ/nlKPlm708L3N0cm9uZz4gOiDjgqLjg6Hjg6rjgqs8YnI+PCEtLXNwZWNfdGFnZS0tPjxicj48bGluayByZWw9InN0eWxlc2hlZXQiIHR5cGU9InRleHQvY3NzIiBocmVmPSJodHRwOi8vd3d3LnJha3V0ZW4ubmUuanAvZ29sZC9lc3BvcnRzL3Nob3BwaW5nX3BhcnRzLmNzcyI+Cgo8ZGl2IHN0eWxlPSJtYXJnaW4tdG9wOi0yNnB4OyI+PC9kaXY+Cgo8aW1nIHNyYz0iaHR0cDovL3d3dy5yYWt1dGVuLm5lLmpwL2dvbGQvZXNwb3J0cy9ibi9wb2ludC9wb2ludF9iYmIuanBnIiBhbHQ9IjMwMDDlhobku6XkuIrjgafjg53jgqTjg7Pjg4jvvJPlgI0iIGJvcmRlcj0iMCIgd2lkdGg9Ijc1MHB4Ij4KCjwhLS0g44K744O844OrIDxpbWcgc3JjPSJodHRwOi8vd3d3LnJha3V0ZW4ubmUuanAvZ29sZC9lc3BvcnRzL25ld3llYXItc2FsZS9uZXd5ZWFyLXNhbGUtNzgwLmpwZyIgYm9yZGVyPSIwIiBhbHQ9IuOCu+ODvOODqyIgd2lkdGg9Ijc3MHB4Ij48YnI+PGJyPiDjgrvjg7zjg6sgLS0+Cgo8IS0tIOOCueODvOODkeODvOOCu+ODvOODqyA8ZGl2IHN0eWxlPSJ3aWR0aCA6IDc1MHB4OyI+CjxkaXYgYWxpZ249ImNlbnRlciIgc3R5bGU9Im1hcmdpbi1ib3R0b20gOiAwcHg7Ym9yZGVyLXdpZHRoIDogMnB4O2JvcmRlci1zdHlsZSA6IHNvbGlkO2JvcmRlci1jb2xvciA6ICNiYzExMzE7Ij4KCjwvZGl2PjwvZGl2PjxkaXYgY2xhc3M9Im1hcmdpbjUiPjwvZGl2Pjxicj4g44K544O844OR44O844K744O844OrLS0+Cgo8IS0tIOOCueODvOODkeODvOOCu+ODvOODqzIg77yI44OQ44OK44O844Gu44G/77yJPGltZyBzcmM9Imh0dHA6Ly93d3cucmFrdXRlbi5uZS5qcC9nb2xkL2VzcG9ydHMvc3BzYWxlL3NhbGUtYm43ODAuanBnIiBib3JkZXI9IjAiIGFsdD0i44K744O844OrIiB3aWR0aD0iNzcwcHgiPjxicj48YnI+IOOCueODvOODkeODvCAtLT4KCjxkaXYgY2xhc3M9ImNvbnRlbnRzIj48IS0tIOWRiuefpSAKPGRpdiBzdHlsZT0id2lkdGg6NzM2cHg7IHBhZGRpbmc6MTVweDsgbWFyZ2luOjVweCAwIDE1cHg7IGJvcmRlcjpzb2xpZCAjRTYyRjJGIDJweDsiPgo8cCBzdHlsZT0iZm9udC13ZWlnaHQ6Ym9sZDsgZm9udC1zaXplOjE3cHg7IHRleHQtYWxpZ246Y2VudGVyOyI+44CQIDxzcGFuIHN0eWxlPSJib3JkZXItYm90dG9tOjJweCBkb3R0ZWQgIzk5OTsgZm9udC1zaXplOjE1cHg7Ij415pyIMjbml6Uo6YeRKeOBruWWtualreOBq+OBpOOBhOOBpjwvc3Bhbj4g44CRPC9wPgo8cCBzdHlsZT0iZm9udC1zaXplOjEzcHg7IG1hcmdpbi10b3A6MTVweDsiPuiqoOOBq+WLneaJi+OBquOBjOOCiTXmnIgyNuaXpSjph5Ep44Gv44CB56S+5YaF56CU5L+u44Gu44Gf44KB44CB5Za25qWt5pmC6ZaT44KS5Y2I5YmNMTLvvJowMOOBvuOBp+OBqOOBleOBm+OBpuOBhOOBn+OBoOOBjeOBvuOBmeOAguWwmuOAgeOAjOOBguOBmealveOAjeWvvuW/nOWTgeOBq+OBpOOBjeOBvuOBl+OBpuOBr+OAgemAmuW4uOmAmuOCijEy77yaMDDjgb7jgafjga7jgZTms6jmlofjgpLlvZPml6XnmbrpgIHjgZXjgZvjgabjgYTjgZ/jgaDjgY3jgb7jgZnjgII8L3A+CjxwIHN0eWxlPSJmb250LXNpemU6MTNweDsgbWFyZ2luLXRvcDoxNXB4OyI+44GK5a6i5qeY44Gr44Gv44GU5LiN5L6/44KS44GK5o6b44GR6Ie044GX44G+44GZ44GM44CB44GU55CG6Kej44Gu56iL44CB5a6c44GX44GP44GK6aGY44GE6Ie044GX44G+44GZ44CCPC9wPgo8L2Rpdj4gLS0+CgoKPCEtLSA8ZGl2IHN0eWxlPSJ3aWR0aDo3MzZweDsgcGFkZGluZzoxNXB4OyBtYXJnaW46NXB4IDAgMTVweDsgYm9yZGVyOnNvbGlkICNFNjJGMkYgMnB4OyI+CjxwIHN0eWxlPSJmb250LXdlaWdodDpib2xkOyBmb250LXNpemU6MTdweDsgdGV4dC1hbGlnbjpjZW50ZXI7IG1hcmdpbjowOyI+44CQIDxzcGFuIHN0eWxlPSJib3JkZXItYm90dG9tOjJweCBkb3R0ZWQgIzk5OTsgZm9udC1zaXplOjE1cHg7Ij7lpKnlgJnkuI3oia/jga7lvbHpn7/jgavjgojjgovphY3pgIHpgYXlu7bjgavjgaTjgYTjgaY8L3NwYW4+IOOAkTwvcD4KPHAgc3R5bGU9ImZvbnQtc2l6ZToxM3B4OyBtYXJnaW46MTVweCAwIDA7Ij7lj7Dpoqjjg7vosarpm6jnrYnjga7lpKnlgJnkuI3oia/jgavkvLTjgYTjgIHkuIDpg6jlnLDln5/jgafjgYrojbfnianjga7jgYrlsYrjgZHjgavpgYXjgozjgYznmbrnlJ/jgZnjgovmgZDjgozjgYzjgZTjgZbjgYTjgb7jgZnjgII8L3A+CjxwIHN0eWxlPSJmb250LXNpemU6MTNweDsgbWFyZ2luOjdweCAwIDA7Ij7jgb7jgZ/jgIHku4rlvozjga7lj7Dpoqjjga7pgLLot6/jgavjgojjgaPjgabjga/jgIHluoPnr4Tlm7Ljga7lnLDln5/jgafpgYXjgozjgYznlJ/jgZjjgovlj6/og73mgKfjgYzjgYLjgorjgb7jgZnjgILlnLDln5/jgoTjgr/jgqTjg5/jg7PjgrDjgavjgojjgaPjgabjgIHjgZTluIzmnJvjga7jgYrlsYrjgZHml6XmmYLjgavphY3pgZTjgafjgY3jgarjgYTloLTlkIjjgYzjgZTjgZbjgYTjgb7jgZnjgII8L3A+CjxwIHN0eWxlPSJmb250LXNpemU6MTNweDsgbWFyZ2luOjdweCAwIDA7Ij7jgYrlrqLmp5jjgavjga/lpKflpInjgZTov7fmg5HjgpLjgYrmjpvjgZHoh7TjgZfjgb7jgZnjgYzjgIHjgZTnkIbop6PjgYTjgZ/jgaDjgZHjgb7jgZnjgojjgYbjgYrpoZjjgYToh7TjgZfjgb7jgZnjgII8L3A+CjwvZGl2PiAtLT4KCgoKPCEtLSDkuIDpg6jlnLDln5/jgafjga7phY3pgZTpgYXlu7bjgavjgaTjgY3jgb7jgZfjgaYgLS0+CgoKPCEtLSDjgq/jg7zjg53jg7MgCjxpbWcgc3JjPSJodHRwOi8vd3d3LnJha3V0ZW4ubmUuanAvZ29sZC9lc3BvcnRzL2JuL2NvdXBvbi9jb3Vwb243NzAuZ2lmIiBhbHQ9IjIwMOWGhk9GRuOCr+ODvOODneODsyI+IC0tPgoKCgo8IS0tIDxpbWcgc3JjPSJodHRwOi8vd3d3LnJha3V0ZW4ubmUuanAvZ29sZC9lc3BvcnRzL2JuL2FkaWRhcy9hZGlkYXMtYm4zNTcuanBnIiBhbHQ9ImFkaWRhc+ODneOCpOODs+ODiDE15YCNIj4gLS0+CgoKPGJyPg==,44Ot44OD44K477yITE9ER0XvvIkg44K544Kt44Os44OD44OI44Kr44OQ44O8IDggTDVJQzMg44CQ44OV44Op44Kk44OR44OzIOODleOCvyDpi7PpiYQg44Ki44Km44OI44OJ44KiIOODkOODvOODmeOCreODpeODvOOAke+8mu+9he+8s++8sO+8r++8su+8tO+8s+alveWkqeaUr+W6lw==,44Ki44Km44OI44OJ44Ki44Kt44Oj44Oz44OX44OQ44O844OZ44Kt44Ol44O844OG44Oz44OI44K/44O844OX44OG44O844OW44Or44OB44Kn44Ki44K344Ol44Op44OV44Op44Oz44K/44Oz44Kv44O844Op44O844Oc44OD44Kv44K544Kz44O844Or44Oe44Oz44OO44O844K544OV44Kn44Kk44K544K544Od44O844OE44OV44Kj44OD44OI44ON44K544OA44Kk44Ko44OD44OI44OI44Os44O844OL44Oz44Kw44OX44Ot44OG44Kk44Oz44K144OX44Oq44Oh44Oz44OI44OA44Oz44OZ44Or44K144OD44Kr44O844Ot44OD44K477yITE9ER0XvvIkg44K544Kt44Os44OD44OI44Kr44OQ44O8IDggTDVJQzMg44CQ44OV44Op44Kk44OR44OzIOODleOCvyDpi7PpiYQg44Ki44Km44OI44OJ44KiIOODkOODvOODmeOCreODpeODvOOAkQ==,44Ot44OD44K477yITE9ER0XvvIkg44K544Kt44Os44OD44OI44Kr44OQ44O8IDggTDVJQzMg44CQ44OV44Op44Kk44OR44OzIOODleOCvyDpi7PpiYQg44Ki44Km44OI44OJ44KiIOODkOODvOODmeOCreODpeODvOOAkQ==[rn]
34-75331,aHR0cDovL3RzaG9wLnIxMHMuanAvZXNwb3J0cy9jYWJpbmV0Lzk5NDYvOTk0NjMxMDQ5MTM1Ni5qcGc/Zml0aW49NzAwOjcwMA==,MTY5Mi44MDAw,,44K544Od44O844OE44O744Ki44Km44OI44OJ44KiID4g44Ki44Km44OI44OJ44KiID4g44OQ44O844G544Kt44Ol44O844O744Kv44OD44Kt44Oz44Kw55So5ZOBID4g44Kv44OD44Kr44O8,44Kt44Oj44OX44OG44Oz44K544K/44OD44Kw77yIQ0FQVEFJTlNUQUfvvIkg44K544OG44Oz44Os44K554mH5omL6Y2LMTJjbe+8iOS4reeav+S7mO+8iSBVSC00MjA3IOOAkOOCreODo+ODs+ODlyDjgqLjgqbjg4jjg4njgqIg44Kv44OD44Kr44O8IOiqv+eQhuWZqOWFtyDmlpnnkIbjgJE=,,PCEtLWltZ190YWdzLS0+PHRhYmxlIGJvcmRlcj0iMCIgd2lkdGg9IjY1MCI+PFRSPjxURCBhbGlnbj0iY2VudGVyIj48QSBocmVmPSJodHRwOi8vd3d3LnJha3V0ZW4uY28uanAvZXNwb3J0cy9pbmZvMi5odG1sI2RlciI+PElNRyBzcmM9Imh0dHA6Ly93d3cucmFrdXRlbi5uZS5qcC9nb2xkL2VzcG9ydHMvc3VwcG9ydC9zaGlwcGluZzIuZ2lmIiBib3JkZXI9IjAiPjwvQT48QSBocmVmPSJodHRwOi8vd3d3LnJha3V0ZW4ubmUuanAvZ29sZC9lc3BvcnRzL3N1cHBvcnQvZGlzcGF0Y2guaHRtbCI+PElNRyBzcmM9Imh0dHA6Ly93d3cucmFrdXRlbi5uZS5qcC9nb2xkL2VzcG9ydHMvc3VwcG9ydC9kYXlzMi5naWYiIGJvcmRlcj0iMCI+PC9BPjxBIGhyZWY9Imh0dHA6Ly93d3cucmFrdXRlbi5uZS5qcC9nb2xkL2VzcG9ydHMvc3VwcG9ydC9kaXNwYXRjaC5odG1sIj48SU1HIHNyYz0iaHR0cDovL3d3dy5yYWt1dGVuLm5lLmpwL2dvbGQvZXNwb3J0cy9zdXBwb3J0L3BsYWNlMi5naWYiIGJvcmRlcj0iMCI+PC9BPjxBIGhyZWY9Imh0dHA6Ly93d3cucmFrdXRlbi5jby5qcC9lc3BvcnRzL2luZm8yLmh0bWwjYmFjayI+PElNRyBzcmM9Imh0dHA6Ly93d3cucmFrdXRlbi5uZS5qcC9nb2xkL2VzcG9ydHMvc3VwcG9ydC9yZXR1cm4xLmdpZiIgYm9yZGVyPSIwIj48L0E+PC90ZD48L3RyPjwvdGFibGU+PCEtLWltZ190YWdlLS0+PHN0cm9uZz48Zm9udCBjb2xvcj0iIzAwMDBDRCIgc2l6ZT0iNCI+6YeR54mp44Gu44G+44Gh44CB54eV5LiJ5p2h44Gn55Sf55Sj44GX44Gm44GE44G+44GZ44CCPGJyPjwvZm9udD48L3N0cm9uZz48YnI+6Y2L44Gv576O44GX44GP44CB5LiI5aSr44Gn6YyG44Gz44Gr44GP44GE44K544OG44Oz44Os44K56KO977yBPGJyPuacrOS9k+OBq+WPjuOBvuOCi+S4reeav+S7mO+8geaQuuW4r+OBq+S+v+WIqeOBqueJh+aJi+mNi++8gTxicj48YnI+PHA+PCEtLW1rX3RhZ3MtLT48UD48SU1HIHNyYz0iaHR0cDovL3d3dy5yYWt1dGVuLm5lLmpwL2dvbGQvZXNwb3J0cy9ibi9qeXVoYXR0eXV1NTIwLTYwLmpwZyIgd2lkdGg9IjUyMCIgaGVpZ2h0PSI2MCIgYm9yZGVyPSIwIj48L1A+PCEtLW1rX3RhZ2UtLT48YnI+4peP566h55CGY29kZe+8mjc5ODM4ODk2PCEtLXNwZWNfdGFncy0tPjxwPjxzdHJvbmc+PGZvbnQgY29sb3I9IiMwMDAwQ0QiIHNpemU9IjMiPuOAkOWVhuWTgeOCueODmuODg+OCr+OAkTwvZm9udD48L3N0cm9uZz48YnI+4pePPHN0cm9uZz7jgrvjg4Pjg4jlhoXlrrk8L3N0cm9uZz4gOiAxMmNt6Y2Lw5cx44CB5Lit55q/w5cxPGJyPuKXjzxzdHJvbmc+44K144Kk44K677yI57SE77yJPC9zdHJvbmc+IDogPGJyPjEyY23pjYvvvJrlpJblvoQxMjXDl+mrmOOBlTY0bW3vvIjmnKzkvZPjga7jgb/vvIk8YnI+5Lit55q/77ya5aSW5b6EMTI0w5fpq5jjgZUyN21tPGJyPuKXjzxzdHJvbmc+5Y+O57SN44K144Kk44K677yI57SE77yJPC9zdHJvbmc+IDog5aSW5b6EMTI1w5fpq5jjgZU3MG1tPGJyPuKXjzxzdHJvbmc+44K744OD44OI6YeN6YeP77yI57SE77yJPC9zdHJvbmc+IDogMjY1Zzxicj7il488c3Ryb25nPuadkOizqjwvc3Ryb25nPiA6IDxicj4xMmNt6Y2L77ya44K544OG44Oz44Os44K56Yu877yI44Kv44Ot44OgMTPvvIXvvInvvIjlupXjga7ljprjgZUwLjRtbe+8iTxicj7kuK3nmr/vvJrjgrnjg4bjg7Pjg6zjgrnpi7zvvIjjgq/jg63jg6AxM++8he+8iTxicj7jgbXjgZ/jg7vlj5bjgaPmiYvvvJrjgrnjg4bjg7Pjg6zjgrnpi7zjgIHjgaTjgb7jgb/vvJrlpKnnhLbmnKg8YnI+4pePPHN0cm9uZz7ljp/nlKPlm708L3N0cm9uZz4gOiDml6XmnKw8YnI+PCEtLXNwZWNfdGFnZS0tPjxicj48bGluayByZWw9InN0eWxlc2hlZXQiIHR5cGU9InRleHQvY3NzIiBocmVmPSJodHRwOi8vd3d3LnJha3V0ZW4ubmUuanAvZ29sZC9lc3BvcnRzL3Nob3BwaW5nX3BhcnRzLmNzcyI+Cgo8ZGl2IHN0eWxlPSJtYXJnaW4tdG9wOi0yNnB4OyI+PC9kaXY+Cgo8aW1nIHNyYz0iaHR0cDovL3d3dy5yYWt1dGVuLm5lLmpwL2dvbGQvZXNwb3J0cy9ibi9wb2ludC9wb2ludF9iYmIuanBnIiBhbHQ9IjMwMDDlhobku6XkuIrjgafjg53jgqTjg7Pjg4jvvJPlgI0iIGJvcmRlcj0iMCIgd2lkdGg9Ijc1MHB4Ij4KCjwhLS0g44K744O844OrIDxpbWcgc3JjPSJodHRwOi8vd3d3LnJha3V0ZW4ubmUuanAvZ29sZC9lc3BvcnRzL25ld3llYXItc2FsZS9uZXd5ZWFyLXNhbGUtNzgwLmpwZyIgYm9yZGVyPSIwIiBhbHQ9IuOCu+ODvOODqyIgd2lkdGg9Ijc3MHB4Ij48YnI+PGJyPiDjgrvjg7zjg6sgLS0+Cgo8IS0tIOOCueODvOODkeODvOOCu+ODvOODqyA8ZGl2IHN0eWxlPSJ3aWR0aCA6IDc1MHB4OyI+CjxkaXYgYWxpZ249ImNlbnRlciIgc3R5bGU9Im1hcmdpbi1ib3R0b20gOiAwcHg7Ym9yZGVyLXdpZHRoIDogMnB4O2JvcmRlci1zdHlsZSA6IHNvbGlkO2JvcmRlci1jb2xvciA6ICNiYzExMzE7Ij4KCjwvZGl2PjwvZGl2PjxkaXYgY2xhc3M9Im1hcmdpbjUiPjwvZGl2Pjxicj4g44K544O844OR44O844K744O844OrLS0+Cgo8IS0tIOOCueODvOODkeODvOOCu+ODvOODqzIg77yI44OQ44OK44O844Gu44G/77yJPGltZyBzcmM9Imh0dHA6Ly93d3cucmFrdXRlbi5uZS5qcC9nb2xkL2VzcG9ydHMvc3BzYWxlL3NhbGUtYm43ODAuanBnIiBib3JkZXI9IjAiIGFsdD0i44K744O844OrIiB3aWR0aD0iNzcwcHgiPjxicj48YnI+IOOCueODvOODkeODvCAtLT4KCjxkaXYgY2xhc3M9ImNvbnRlbnRzIj48IS0tIOWRiuefpSAKPGRpdiBzdHlsZT0id2lkdGg6NzM2cHg7IHBhZGRpbmc6MTVweDsgbWFyZ2luOjVweCAwIDE1cHg7IGJvcmRlcjpzb2xpZCAjRTYyRjJGIDJweDsiPgo8cCBzdHlsZT0iZm9udC13ZWlnaHQ6Ym9sZDsgZm9udC1zaXplOjE3cHg7IHRleHQtYWxpZ246Y2VudGVyOyI+44CQIDxzcGFuIHN0eWxlPSJib3JkZXItYm90dG9tOjJweCBkb3R0ZWQgIzk5OTsgZm9udC1zaXplOjE1cHg7Ij415pyIMjbml6Uo6YeRKeOBruWWtualreOBq+OBpOOBhOOBpjwvc3Bhbj4g44CRPC9wPgo8cCBzdHlsZT0iZm9udC1zaXplOjEzcHg7IG1hcmdpbi10b3A6MTVweDsiPuiqoOOBq+WLneaJi+OBquOBjOOCiTXmnIgyNuaXpSjph5Ep44Gv44CB56S+5YaF56CU5L+u44Gu44Gf44KB44CB5Za25qWt5pmC6ZaT44KS5Y2I5YmNMTLvvJowMOOBvuOBp+OBqOOBleOBm+OBpuOBhOOBn+OBoOOBjeOBvuOBmeOAguWwmuOAgeOAjOOBguOBmealveOAjeWvvuW/nOWTgeOBq+OBpOOBjeOBvuOBl+OBpuOBr+OAgemAmuW4uOmAmuOCijEy77yaMDDjgb7jgafjga7jgZTms6jmlofjgpLlvZPml6XnmbrpgIHjgZXjgZvjgabjgYTjgZ/jgaDjgY3jgb7jgZnjgII8L3A+CjxwIHN0eWxlPSJmb250LXNpemU6MTNweDsgbWFyZ2luLXRvcDoxNXB4OyI+44GK5a6i5qeY44Gr44Gv44GU5LiN5L6/44KS44GK5o6b44GR6Ie044GX44G+44GZ44GM44CB44GU55CG6Kej44Gu56iL44CB5a6c44GX44GP44GK6aGY44GE6Ie044GX44G+44GZ44CCPC9wPgo8L2Rpdj4gLS0+CgoKPCEtLSA8ZGl2IHN0eWxlPSJ3aWR0aDo3MzZweDsgcGFkZGluZzoxNXB4OyBtYXJnaW46NXB4IDAgMTVweDsgYm9yZGVyOnNvbGlkICNFNjJGMkYgMnB4OyI+CjxwIHN0eWxlPSJmb250LXdlaWdodDpib2xkOyBmb250LXNpemU6MTdweDsgdGV4dC1hbGlnbjpjZW50ZXI7IG1hcmdpbjowOyI+44CQIDxzcGFuIHN0eWxlPSJib3JkZXItYm90dG9tOjJweCBkb3R0ZWQgIzk5OTsgZm9udC1zaXplOjE1cHg7Ij7lpKnlgJnkuI3oia/jga7lvbHpn7/jgavjgojjgovphY3pgIHpgYXlu7bjgavjgaTjgYTjgaY8L3NwYW4+IOOAkTwvcD4KPHAgc3R5bGU9ImZvbnQtc2l6ZToxM3B4OyBtYXJnaW46MTVweCAwIDA7Ij7lj7Dpoqjjg7vosarpm6jnrYnjga7lpKnlgJnkuI3oia/jgavkvLTjgYTjgIHkuIDpg6jlnLDln5/jgafjgYrojbfnianjga7jgYrlsYrjgZHjgavpgYXjgozjgYznmbrnlJ/jgZnjgovmgZDjgozjgYzjgZTjgZbjgYTjgb7jgZnjgII8L3A+CjxwIHN0eWxlPSJmb250LXNpemU6MTNweDsgbWFyZ2luOjdweCAwIDA7Ij7jgb7jgZ/jgIHku4rlvozjga7lj7Dpoqjjga7pgLLot6/jgavjgojjgaPjgabjga/jgIHluoPnr4Tlm7Ljga7lnLDln5/jgafpgYXjgozjgYznlJ/jgZjjgovlj6/og73mgKfjgYzjgYLjgorjgb7jgZnjgILlnLDln5/jgoTjgr/jgqTjg5/jg7PjgrDjgavjgojjgaPjgabjgIHjgZTluIzmnJvjga7jgYrlsYrjgZHml6XmmYLjgavphY3pgZTjgafjgY3jgarjgYTloLTlkIjjgYzjgZTjgZbjgYTjgb7jgZnjgII8L3A+CjxwIHN0eWxlPSJmb250LXNpemU6MTNweDsgbWFyZ2luOjdweCAwIDA7Ij7jgYrlrqLmp5jjgavjga/lpKflpInjgZTov7fmg5HjgpLjgYrmjpvjgZHoh7TjgZfjgb7jgZnjgYzjgIHjgZTnkIbop6PjgYTjgZ/jgaDjgZHjgb7jgZnjgojjgYbjgYrpoZjjgYToh7TjgZfjgb7jgZnjgII8L3A+CjwvZGl2PiAtLT4KCgoKPCEtLSDkuIDpg6jlnLDln5/jgafjga7phY3pgZTpgYXlu7bjgavjgaTjgY3jgb7jgZfjgaYgLS0+CgoKPCEtLSDjgq/jg7zjg53jg7MgCjxpbWcgc3JjPSJodHRwOi8vd3d3LnJha3V0ZW4ubmUuanAvZ29sZC9lc3BvcnRzL2JuL2NvdXBvbi9jb3Vwb243NzAuZ2lmIiBhbHQ9IjIwMOWGhk9GRuOCr+ODvOODneODsyI+IC0tPgoKCgo8IS0tIDxpbWcgc3JjPSJodHRwOi8vd3d3LnJha3V0ZW4ubmUuanAvZ29sZC9lc3BvcnRzL2JuL2FkaWRhcy9hZGlkYXMtYm4zNTcuanBnIiBhbHQ9ImFkaWRhc+ODneOCpOODs+ODiDE15YCNIj4gLS0+CgoKPGJyPg==,44Kt44Oj44OX44OG44Oz44K544K/44OD44Kw77yIQ0FQVEFJTlNUQUfvvIkg44K544OG44Oz44Os44K554mH5omL6Y2LMTJjbe+8iOS4reeav+S7mO+8iSBVSC00MjA3IOOAkOOCreODo+ODs+ODlyDjgqLjgqbjg4jjg4njgqIg44Kv44OD44Kr44O8IOiqv+eQhuWZqOWFtyDmlpnnkIbjgJHvvJrvvYXvvLPvvLDvvK/vvLLvvLTvvLPmpb3lpKnmlK/lupc=,44Ki44Km44OI44OJ44Ki44Kt44Oj44Oz44OX44OQ44O844OZ44Kt44Ol44O844OG44Oz44OI44K/44O844OX44OG44O844OW44Or44OB44Kn44Ki44K344Ol44Op44OV44Op44Oz44K/44Oz44Kv44O844Op44O844Oc44OD44Kv44K544Kz44O844Or44Oe44Oz44OO44O844K544OV44Kn44Kk44K544K544Od44O844OE44OV44Kj44OD44OI44ON44K544OA44Kk44Ko44OD44OI44OI44Os44O844OL44Oz44Kw44OX44Ot44OG44Kk44Oz44K144OX44Oq44Oh44Oz44OI44OA44Oz44OZ44Or44K144OD44Kr44O844Kt44Oj44OX44OG44Oz44K544K/44OD44Kw77yIQ0FQVEFJTlNUQUfvvIkg44K544OG44Oz44Os44K554mH5omL6Y2LMTJjbe+8iOS4reeav+S7mO+8iSBVSC00MjA3IOOAkOOCreODo+ODs+ODlyDjgqLjgqbjg4jjg4njgqIg44Kv44OD44Kr44O8IOiqv+eQhuWZqOWFtyDmlpnnkIbjgJE=,44Kt44Oj44OX44OG44Oz44K544K/44OD44Kw77yIQ0FQVEFJTlNUQUfvvIkg44K544OG44Oz44Os44K554mH5omL6Y2LMTJjbe+8iOS4reeav+S7mO+8iSBVSC00MjA3IOOAkOOCreODo+ODs+ODlyDjgqLjgqbjg4jjg4njgqIg44Kv44OD44Kr44O8IOiqv+eQhuWZqOWFtyDmlpnnkIbjgJE=[rn]
34-75332,aHR0cDovL3RzaG9wLnIxMHMuanAvZXNwb3J0cy9jYWJpbmV0LzkyMTMvOTIxMzMxMDQ5MDAxOS5qcGc/Zml0aW49NzAwOjcwMA==,Mzk3NC40MDAw,,44K544Od44O844OE44O744Ki44Km44OI44OJ44KiID4g44Ki44Km44OI44OJ44KiID4g44OQ44O844G544Kt44Ol44O844O744Kv44OD44Kt44Oz44Kw55So5ZOBID4g44Kv44OD44Kr44O8,44Ko44Og44Ko44K544Ki44O844Or77yITVNS77yJIEFMUElORTHjg6rjg4Pjg4jjg6vjg4bjgqPjg7zjg53jg4Pjg4ggMzkxMTgg44CQ44Kv44OD44Kr44O844CR44CQTVNSMzLjgJE=,,PCEtLWltZ190YWdzLS0+PHRhYmxlIGJvcmRlcj0iMCIgd2lkdGg9IjY1MCI+PFRSPjxURCBhbGlnbj0iY2VudGVyIj48QSBocmVmPSJodHRwOi8vd3d3LnJha3V0ZW4uY28uanAvZXNwb3J0cy9pbmZvMi5odG1sI2RlciI+PElNRyBzcmM9Imh0dHA6Ly93d3cucmFrdXRlbi5uZS5qcC9nb2xkL2VzcG9ydHMvc3VwcG9ydC9zaGlwcGluZzIuZ2lmIiBib3JkZXI9IjAiPjwvQT48QSBocmVmPSJodHRwOi8vd3d3LnJha3V0ZW4ubmUuanAvZ29sZC9lc3BvcnRzL3N1cHBvcnQvZGlzcGF0Y2guaHRtbCI+PElNRyBzcmM9Imh0dHA6Ly93d3cucmFrdXRlbi5uZS5qcC9nb2xkL2VzcG9ydHMvc3VwcG9ydC9kYXlzMS5naWYiIGJvcmRlcj0iMCI+PC9BPjxBIGhyZWY9Imh0dHA6Ly93d3cucmFrdXRlbi5uZS5qcC9nb2xkL2VzcG9ydHMvc3VwcG9ydC9kaXNwYXRjaC5odG1sIj48SU1HIHNyYz0iaHR0cDovL3d3dy5yYWt1dGVuLm5lLmpwL2dvbGQvZXNwb3J0cy9zdXBwb3J0L3BsYWNlMi5naWYiIGJvcmRlcj0iMCI+PC9BPjwvdGQ+PC90cj48L3RhYmxlPjwhLS1pbWdfdGFnZS0tPuOBk+OBruODhuOCo+ODvOODneODg+ODiOOBr+OAgeaWmeeQhuOBqOaOg+mZpOOBjOewoeWNmOOBquW6g+WPo+OBjOeJueiJsuOBp+OAgTEuNeODquODg+ODiOODq+mNi+OBruWGhemDqOOBq+WPjue0jeOBp+OBjeOBvuOBmeOAgjxicj48YnI+PGI+4piGQUxQSU5F77yI44Ki44Or44OR44Kk44Oz77yJ4piGPC9iPjxicj7ojZLjgaPjgb3jgYTkvb/nlKjjgavjgoLogJDjgYjjgonjgozjgovjgojjgYbjgavpoJHkuIjjgavpgKDjgonjgozjgabjgYTjgovjgqLjg6vjg5HjgqTjg7Pjg7vjgrfjg6rjg7zjgrrjga/jgYTjgaTjgb7jgafjgoLkvb/jgYjjgb7jgZnjgILlpKfkurrmlbDjga7jg5njg7zjgrnjgq3jg6Pjg7Pjg5fjgafjga7oqr/nkIblkJHjgY3jgafjgZnjgILigLvmraPopo/lj5bmibHlk4HjgafjgZnjgYzjgIHliJ3mnJ/kuI3oia/jgpLpmaTjgY3jgIHjg6Hjg7zjgqvjg7zkv53oqLzjgYzlj5fjgZHjgonjgozjgarjgYTloLTlkIjjgoLjgZTjgZbjgYTjgb7jgZnjgII8YnI+PGJyPjwhLS1ta190YWdzLS0+PFA+PElNRyBzcmM9Imh0dHA6Ly93d3cucmFrdXRlbi5uZS5qcC9nb2xkL2VzcG9ydHMvYm4vanl1aGF0dHl1dTUyMC02MC5qcGciIHdpZHRoPSI1MjAiIGhlaWdodD0iNjAiIGJvcmRlcj0iMCI+PC9QPjwhLS1ta190YWdlLS0+PHA+PHRhYmxlIGJvcmRlcj0iMSIgd2lkdGg9IjU0MCIgY2VsbHNwYWNpbmc9IjAiIGNlbGxwYWRkaW5nPSI1IiBib3JkZXJjb2xvcj0iI2NiZWRmZSI+PHRyPjx0ZCBhbGlnbj0iY2VudGVyIiB3aWR0aD0iMjE2IiBiZ2NvbG9yPSIjZm9mZmZmIj48Yj48Zm9udCBjb2xvcj0iIzAwMDBmZiI+6YeN6YeP77yI57SE77yJPC9mb250PjwvYj48L3RkPjx0ZCB3aWR0aD0iMzI0Ij4yNTNnPC90ZD48L3RyPjwvdGFibGU+PGJyPjxsaW5rIHJlbD0ic3R5bGVzaGVldCIgdHlwZT0idGV4dC9jc3MiIGhyZWY9Imh0dHA6Ly93d3cucmFrdXRlbi5uZS5qcC9nb2xkL2VzcG9ydHMvc2hvcHBpbmdfcGFydHMuY3NzIj4KCjxkaXYgc3R5bGU9Im1hcmdpbi10b3A6LTI2cHg7Ij48L2Rpdj4KCjxpbWcgc3JjPSJodHRwOi8vd3d3LnJha3V0ZW4ubmUuanAvZ29sZC9lc3BvcnRzL2JuL3BvaW50L3BvaW50X2JiYi5qcGciIGFsdD0iMzAwMOWGhuS7peS4iuOBp+ODneOCpOODs+ODiO+8k+WAjSIgYm9yZGVyPSIwIiB3aWR0aD0iNzUwcHgiPgoKPCEtLSDjgrvjg7zjg6sgPGltZyBzcmM9Imh0dHA6Ly93d3cucmFrdXRlbi5uZS5qcC9nb2xkL2VzcG9ydHMvbmV3eWVhci1zYWxlL25ld3llYXItc2FsZS03ODAuanBnIiBib3JkZXI9IjAiIGFsdD0i44K744O844OrIiB3aWR0aD0iNzcwcHgiPjxicj48YnI+IOOCu+ODvOODqyAtLT4KCjwhLS0g44K544O844OR44O844K744O844OrIDxkaXYgc3R5bGU9IndpZHRoIDogNzUwcHg7Ij4KPGRpdiBhbGlnbj0iY2VudGVyIiBzdHlsZT0ibWFyZ2luLWJvdHRvbSA6IDBweDtib3JkZXItd2lkdGggOiAycHg7Ym9yZGVyLXN0eWxlIDogc29saWQ7Ym9yZGVyLWNvbG9yIDogI2JjMTEzMTsiPgoKPC9kaXY+PC9kaXY+PGRpdiBjbGFzcz0ibWFyZ2luNSI+PC9kaXY+PGJyPiDjgrnjg7zjg5Hjg7zjgrvjg7zjg6stLT4KCjwhLS0g44K544O844OR44O844K744O844OrMiDvvIjjg5Djg4rjg7zjga7jgb/vvIk8aW1nIHNyYz0iaHR0cDovL3d3dy5yYWt1dGVuLm5lLmpwL2dvbGQvZXNwb3J0cy9zcHNhbGUvc2FsZS1ibjc4MC5qcGciIGJvcmRlcj0iMCIgYWx0PSLjgrvjg7zjg6siIHdpZHRoPSI3NzBweCI+PGJyPjxicj4g44K544O844OR44O8IC0tPgoKPGRpdiBjbGFzcz0iY29udGVudHMiPjwhLS0g5ZGK55+lIAo8ZGl2IHN0eWxlPSJ3aWR0aDo3MzZweDsgcGFkZGluZzoxNXB4OyBtYXJnaW46NXB4IDAgMTVweDsgYm9yZGVyOnNvbGlkICNFNjJGMkYgMnB4OyI+CjxwIHN0eWxlPSJmb250LXdlaWdodDpib2xkOyBmb250LXNpemU6MTdweDsgdGV4dC1hbGlnbjpjZW50ZXI7Ij7jgJAgPHNwYW4gc3R5bGU9ImJvcmRlci1ib3R0b206MnB4IGRvdHRlZCAjOTk5OyBmb250LXNpemU6MTVweDsiPjXmnIgyNuaXpSjph5Ep44Gu5Za25qWt44Gr44Gk44GE44GmPC9zcGFuPiDjgJE8L3A+CjxwIHN0eWxlPSJmb250LXNpemU6MTNweDsgbWFyZ2luLXRvcDoxNXB4OyI+6Kqg44Gr5Yud5omL44Gq44GM44KJNeaciDI25pelKOmHkSnjga/jgIHnpL7lhoXnoJTkv67jga7jgZ/jgoHjgIHllrbmpa3mmYLplpPjgpLljYjliY0xMu+8mjAw44G+44Gn44Go44GV44Gb44Gm44GE44Gf44Gg44GN44G+44GZ44CC5bCa44CB44CM44GC44GZ5qW944CN5a++5b+c5ZOB44Gr44Gk44GN44G+44GX44Gm44Gv44CB6YCa5bi46YCa44KKMTLvvJowMOOBvuOBp+OBruOBlOazqOaWh+OCkuW9k+aXpeeZuumAgeOBleOBm+OBpuOBhOOBn+OBoOOBjeOBvuOBmeOAgjwvcD4KPHAgc3R5bGU9ImZvbnQtc2l6ZToxM3B4OyBtYXJnaW4tdG9wOjE1cHg7Ij7jgYrlrqLmp5jjgavjga/jgZTkuI3kvr/jgpLjgYrmjpvjgZHoh7TjgZfjgb7jgZnjgYzjgIHjgZTnkIbop6Pjga7nqIvjgIHlrpzjgZfjgY/jgYrpoZjjgYToh7TjgZfjgb7jgZnjgII8L3A+CjwvZGl2PiAtLT4KCgo8IS0tIDxkaXYgc3R5bGU9IndpZHRoOjczNnB4OyBwYWRkaW5nOjE1cHg7IG1hcmdpbjo1cHggMCAxNXB4OyBib3JkZXI6c29saWQgI0U2MkYyRiAycHg7Ij4KPHAgc3R5bGU9ImZvbnQtd2VpZ2h0OmJvbGQ7IGZvbnQtc2l6ZToxN3B4OyB0ZXh0LWFsaWduOmNlbnRlcjsgbWFyZ2luOjA7Ij7jgJAgPHNwYW4gc3R5bGU9ImJvcmRlci1ib3R0b206MnB4IGRvdHRlZCAjOTk5OyBmb250LXNpemU6MTVweDsiPuWkqeWAmeS4jeiJr+OBruW9semfv+OBq+OCiOOCi+mFjemAgemBheW7tuOBq+OBpOOBhOOBpjwvc3Bhbj4g44CRPC9wPgo8cCBzdHlsZT0iZm9udC1zaXplOjEzcHg7IG1hcmdpbjoxNXB4IDAgMDsiPuWPsOmiqOODu+ixqumbqOetieOBruWkqeWAmeS4jeiJr+OBq+S8tOOBhOOAgeS4gOmDqOWcsOWfn+OBp+OBiuiNt+eJqeOBruOBiuWxiuOBkeOBq+mBheOCjOOBjOeZuueUn+OBmeOCi+aBkOOCjOOBjOOBlOOBluOBhOOBvuOBmeOAgjwvcD4KPHAgc3R5bGU9ImZvbnQtc2l6ZToxM3B4OyBtYXJnaW46N3B4IDAgMDsiPuOBvuOBn+OAgeS7iuW+jOOBruWPsOmiqOOBrumAsui3r+OBq+OCiOOBo+OBpuOBr+OAgeW6g+evhOWbsuOBruWcsOWfn+OBp+mBheOCjOOBjOeUn+OBmOOCi+WPr+iDveaAp+OBjOOBguOCiuOBvuOBmeOAguWcsOWfn+OChOOCv+OCpOODn+ODs+OCsOOBq+OCiOOBo+OBpuOAgeOBlOW4jOacm+OBruOBiuWxiuOBkeaXpeaZguOBq+mFjemBlOOBp+OBjeOBquOBhOWgtOWQiOOBjOOBlOOBluOBhOOBvuOBmeOAgjwvcD4KPHAgc3R5bGU9ImZvbnQtc2l6ZToxM3B4OyBtYXJnaW46N3B4IDAgMDsiPuOBiuWuouanmOOBq+OBr+Wkp+WkieOBlOi/t+aDkeOCkuOBiuaOm+OBkeiHtOOBl+OBvuOBmeOBjOOAgeOBlOeQhuino+OBhOOBn+OBoOOBkeOBvuOBmeOCiOOBhuOBiumhmOOBhOiHtOOBl+OBvuOBmeOAgjwvcD4KPC9kaXY+IC0tPgoKCgo8IS0tIOS4gOmDqOWcsOWfn+OBp+OBrumFjemBlOmBheW7tuOBq+OBpOOBjeOBvuOBl+OBpiAtLT4KCgo8IS0tIOOCr+ODvOODneODsyAKPGltZyBzcmM9Imh0dHA6Ly93d3cucmFrdXRlbi5uZS5qcC9nb2xkL2VzcG9ydHMvYm4vY291cG9uL2NvdXBvbjc3MC5naWYiIGFsdD0iMjAw5YaGT0ZG44Kv44O844Od44OzIj4gLS0+CgoKCjwhLS0gPGltZyBzcmM9Imh0dHA6Ly93d3cucmFrdXRlbi5uZS5qcC9nb2xkL2VzcG9ydHMvYm4vYWRpZGFzL2FkaWRhcy1ibjM1Ny5qcGciIGFsdD0iYWRpZGFz44Od44Kk44Oz44OIMTXlgI0iPiAtLT4KCgo8YnI+,44Ko44Og44Ko44K544Ki44O844Or77yITVNS77yJIEFMUElORTHjg6rjg4Pjg4jjg6vjg4bjgqPjg7zjg53jg4Pjg4ggMzkxMTgg44CQ44Kv44OD44Kr44O844CR44CQTVNSMzLjgJHvvJrvvYXvvLPvvLDvvK/vvLLvvLTvvLPmpb3lpKnmlK/lupc=,44Ki44Km44OI44OJ44Ki44Kt44Oj44Oz44OX44OQ44O844OZ44Kt44Ol44O844OG44Oz44OI44K/44O844OX44OG44O844OW44Or44OB44Kn44Ki44K344Ol44Op44OV44Op44Oz44K/44Oz44Kv44O844Op44O844Oc44OD44Kv44K544Kz44O844Or44Oe44Oz44OO44O844K544OV44Kn44Kk44K544K544Od44O844OE44OV44Kj44OD44OI44ON44K544OA44Kk44Ko44OD44OI44OI44Os44O844OL44Oz44Kw44OX44Ot44OG44Kk44Oz44K144OX44Oq44Oh44Oz44OI44OA44Oz44OZ44Or44K144OD44Kr44O844Ko44Og44Ko44K544Ki44O844Or77yITVNS77yJIEFMUElORTHjg6rjg4Pjg4jjg6vjg4bjgqPjg7zjg53jg4Pjg4ggMzkxMTgg44CQ44Kv44OD44Kr44O844CR44CQTVNSMzLjgJE=,44Ko44Og44Ko44K544Ki44O844Or77yITVNS77yJIEFMUElORTHjg6rjg4Pjg4jjg6vjg4bjgqPjg7zjg53jg4Pjg4ggMzkxMTgg44CQ44Kv44OD44Kr44O844CR44CQTVNSMzLjgJE=[rn]
34-75333,aHR0cDovL3RzaG9wLnIxMHMuanAvZXNwb3J0cy9jYWJpbmV0Lzk5NzAvOTk3MDMxMDQ5MDE4NC5qcGc/Zml0aW49NzAwOjcwMA==,MTAxOTUuMjAwMA==,,44K544Od44O844OE44O744Ki44Km44OI44OJ44KiID4g44Ki44Km44OI44OJ44KiID4g44OQ44O844G544Kt44Ol44O844O744Kv44OD44Kt44Oz44Kw55So5ZOBID4g44Kv44OD44Kr44O8,44CQ6YCB5paZ54Sh5paZ44CR44K544OO44O844OU44O844Kv77yIc25vd3BlYWvvvIkg44OV44Kj44O844Or44OJ44OQ44Oq44K544K/IOOCseODiOODqyBDUy0xMTUg44CQ44Ki44Km44OI44OJ44KiIOOCreODo+ODs+ODlyDjgoTjgYvjgpMg44Od44OD44OIIOOCr+ODg+OCq+ODvOOAkQ==,4piF6YCB5paZ54Sh5paZ4piF,PCEtLWltZ190YWdzLS0+PHRhYmxlIGJvcmRlcj0iMCIgd2lkdGg9IjY1MCI+PFRSPjxURCBhbGlnbj0iY2VudGVyIj48QSBocmVmPSJodHRwOi8vd3d3LnJha3V0ZW4uY28uanAvZXNwb3J0cy9pbmZvMi5odG1sI2RlciI+PElNRyBzcmM9Imh0dHA6Ly93d3cucmFrdXRlbi5uZS5qcC9nb2xkL2VzcG9ydHMvc3VwcG9ydC9zaGlwcGluZzIuZ2lmIiBib3JkZXI9IjAiPjwvQT48QSBocmVmPSJodHRwOi8vd3d3LnJha3V0ZW4ubmUuanAvZ29sZC9lc3BvcnRzL3N1cHBvcnQvZGlzcGF0Y2guaHRtbCI+PElNRyBzcmM9Imh0dHA6Ly93d3cucmFrdXRlbi5uZS5qcC9nb2xkL2VzcG9ydHMvc3VwcG9ydC9kYXlzMi5naWYiIGJvcmRlcj0iMCI+PC9BPjxBIGhyZWY9Imh0dHA6Ly93d3cucmFrdXRlbi5uZS5qcC9nb2xkL2VzcG9ydHMvc3VwcG9ydC9kaXNwYXRjaC5odG1sIj48SU1HIHNyYz0iaHR0cDovL3d3dy5yYWt1dGVuLm5lLmpwL2dvbGQvZXNwb3J0cy9zdXBwb3J0L3BsYWNlMy5naWYiIGJvcmRlcj0iMCI+PC9BPjxBIGhyZWY9Imh0dHA6Ly93d3cucmFrdXRlbi5jby5qcC9lc3BvcnRzL2luZm8yLmh0bWwjYmFjayI+PElNRyBzcmM9Imh0dHA6Ly93d3cucmFrdXRlbi5uZS5qcC9nb2xkL2VzcG9ydHMvc3VwcG9ydC9yZXR1cm4xLmdpZiIgYm9yZGVyPSIwIj48L0E+PC90ZD48L3RyPjwvdGFibGU+PCEtLWltZ190YWdlLS0+PHN0cm9uZz48Zm9udCBjb2xvcj0iIzAwMDBDRCIgc2l6ZT0iNCI+44OQ44Oq44K544K/44K344Oq44O844K644Gn576O5ZGz44GX44GE44Kz44O844OS44O844KS44OV44Kj44O844Or44OJ44Gn5qW944GX44KA44CCPGJyPjwvZm9udD48L3N0cm9uZz48YnI+5rOo44GO44KE44GZ44GV44Go44Kt44Oj44Oq44Oz44Kw5oCn44KS5YW844Gt5YKZ44GI44Gf5rOo44GO5Y+j5b2i54q244CCPGJyPuODj+ODs+ODieODq+OBr+edgOiEseWPr+iDveOBp+OBmeOAgjxicj7jg4/jg7Pjg4njg6vjgajjg5/jg6vjg7vjg4njg6rjg4Pjg5Hjg7zjgpLjgrnjg6rjg6Djgavlj47ntI3jgII8YnI+PGJyPjxwPjwhLS1ta190YWdzLS0+PFA+PElNRyBzcmM9Imh0dHA6Ly93d3cucmFrdXRlbi5uZS5qcC9nb2xkL2VzcG9ydHMvYm4vanl1aGF0dHl1dTUyMC02MC5qcGciIHdpZHRoPSI1MjAiIGhlaWdodD0iNjAiIGJvcmRlcj0iMCI+PC9QPjwhLS1ta190YWdlLS0+PGJyPuKXj+euoeeQhmNvZGXvvJo3OTgyOTc4MzwhLS1zcGVjX3RhZ3MtLT48cD48c3Ryb25nPjxmb250IGNvbG9yPSIjMDAwMENEIiBzaXplPSIzIj7jgJDllYblk4Hjgrnjg5rjg4Pjgq/jgJE8L2ZvbnQ+PC9zdHJvbmc+PGJyPuKXjzxzdHJvbmc+44K744OD44OI5YaF5a65PC9zdHJvbmc+IDog5pys5L2T44CB5Y+O57SN44Kx44O844K5PGJyPuKXjzxzdHJvbmc+44K144Kk44K6PC9zdHJvbmc+IDogMjMww5cxMzDDlzE5MO+8iGjvvIltbTxicj7il488c3Ryb25nPuWPjue0jeOCteOCpOOCujwvc3Ryb25nPiA6IDE5MMOXMTMww5cxOTDvvIho77yJbW08YnI+4pePPHN0cm9uZz7ph43ph488L3N0cm9uZz4gOiA2MDBnPGJyPuKXjzxzdHJvbmc+5a656YePPC9zdHJvbmc+IDogMS4wTDxicj7il488c3Ryb25nPuadkOizqjwvc3Ryb25nPiA6IOOCueODhuODs+ODrOOCueOAgeODluODqeOCueOAgeWkqeeEtuacqDxicj48IS0tc3BlY190YWdlLS0+PGJyPjxsaW5rIHJlbD0ic3R5bGVzaGVldCIgdHlwZT0idGV4dC9jc3MiIGhyZWY9Imh0dHA6Ly93d3cucmFrdXRlbi5uZS5qcC9nb2xkL2VzcG9ydHMvc2hvcHBpbmdfcGFydHMuY3NzIj4KCjxkaXYgc3R5bGU9Im1hcmdpbi10b3A6LTI2cHg7Ij48L2Rpdj4KCjxpbWcgc3JjPSJodHRwOi8vd3d3LnJha3V0ZW4ubmUuanAvZ29sZC9lc3BvcnRzL2JuL3BvaW50L3BvaW50X2JiYi5qcGciIGFsdD0iMzAwMOWGhuS7peS4iuOBp+ODneOCpOODs+ODiO+8k+WAjSIgYm9yZGVyPSIwIiB3aWR0aD0iNzUwcHgiPgoKPCEtLSDjgrvjg7zjg6sgPGltZyBzcmM9Imh0dHA6Ly93d3cucmFrdXRlbi5uZS5qcC9nb2xkL2VzcG9ydHMvbmV3eWVhci1zYWxlL25ld3llYXItc2FsZS03ODAuanBnIiBib3JkZXI9IjAiIGFsdD0i44K744O844OrIiB3aWR0aD0iNzcwcHgiPjxicj48YnI+IOOCu+ODvOODqyAtLT4KCjwhLS0g44K544O844OR44O844K744O844OrIDxkaXYgc3R5bGU9IndpZHRoIDogNzUwcHg7Ij4KPGRpdiBhbGlnbj0iY2VudGVyIiBzdHlsZT0ibWFyZ2luLWJvdHRvbSA6IDBweDtib3JkZXItd2lkdGggOiAycHg7Ym9yZGVyLXN0eWxlIDogc29saWQ7Ym9yZGVyLWNvbG9yIDogI2JjMTEzMTsiPgoKPC9kaXY+PC9kaXY+PGRpdiBjbGFzcz0ibWFyZ2luNSI+PC9kaXY+PGJyPiDjgrnjg7zjg5Hjg7zjgrvjg7zjg6stLT4KCjwhLS0g44K544O844OR44O844K744O844OrMiDvvIjjg5Djg4rjg7zjga7jgb/vvIk8aW1nIHNyYz0iaHR0cDovL3d3dy5yYWt1dGVuLm5lLmpwL2dvbGQvZXNwb3J0cy9zcHNhbGUvc2FsZS1ibjc4MC5qcGciIGJvcmRlcj0iMCIgYWx0PSLjgrvjg7zjg6siIHdpZHRoPSI3NzBweCI+PGJyPjxicj4g44K544O844OR44O8IC0tPgoKPGRpdiBjbGFzcz0iY29udGVudHMiPjwhLS0g5ZGK55+lIAo8ZGl2IHN0eWxlPSJ3aWR0aDo3MzZweDsgcGFkZGluZzoxNXB4OyBtYXJnaW46NXB4IDAgMTVweDsgYm9yZGVyOnNvbGlkICNFNjJGMkYgMnB4OyI+CjxwIHN0eWxlPSJmb250LXdlaWdodDpib2xkOyBmb250LXNpemU6MTdweDsgdGV4dC1hbGlnbjpjZW50ZXI7Ij7jgJAgPHNwYW4gc3R5bGU9ImJvcmRlci1ib3R0b206MnB4IGRvdHRlZCAjOTk5OyBmb250LXNpemU6MTVweDsiPjXmnIgyNuaXpSjph5Ep44Gu5Za25qWt44Gr44Gk44GE44GmPC9zcGFuPiDjgJE8L3A+CjxwIHN0eWxlPSJmb250LXNpemU6MTNweDsgbWFyZ2luLXRvcDoxNXB4OyI+6Kqg44Gr5Yud5omL44Gq44GM44KJNeaciDI25pelKOmHkSnjga/jgIHnpL7lhoXnoJTkv67jga7jgZ/jgoHjgIHllrbmpa3mmYLplpPjgpLljYjliY0xMu+8mjAw44G+44Gn44Go44GV44Gb44Gm44GE44Gf44Gg44GN44G+44GZ44CC5bCa44CB44CM44GC44GZ5qW944CN5a++5b+c5ZOB44Gr44Gk44GN44G+44GX44Gm44Gv44CB6YCa5bi46YCa44KKMTLvvJowMOOBvuOBp+OBruOBlOazqOaWh+OCkuW9k+aXpeeZuumAgeOBleOBm+OBpuOBhOOBn+OBoOOBjeOBvuOBmeOAgjwvcD4KPHAgc3R5bGU9ImZvbnQtc2l6ZToxM3B4OyBtYXJnaW4tdG9wOjE1cHg7Ij7jgYrlrqLmp5jjgavjga/jgZTkuI3kvr/jgpLjgYrmjpvjgZHoh7TjgZfjgb7jgZnjgYzjgIHjgZTnkIbop6Pjga7nqIvjgIHlrpzjgZfjgY/jgYrpoZjjgYToh7TjgZfjgb7jgZnjgII8L3A+CjwvZGl2PiAtLT4KCgo8IS0tIDxkaXYgc3R5bGU9IndpZHRoOjczNnB4OyBwYWRkaW5nOjE1cHg7IG1hcmdpbjo1cHggMCAxNXB4OyBib3JkZXI6c29saWQgI0U2MkYyRiAycHg7Ij4KPHAgc3R5bGU9ImZvbnQtd2VpZ2h0OmJvbGQ7IGZvbnQtc2l6ZToxN3B4OyB0ZXh0LWFsaWduOmNlbnRlcjsgbWFyZ2luOjA7Ij7jgJAgPHNwYW4gc3R5bGU9ImJvcmRlci1ib3R0b206MnB4IGRvdHRlZCAjOTk5OyBmb250LXNpemU6MTVweDsiPuWkqeWAmeS4jeiJr+OBruW9semfv+OBq+OCiOOCi+mFjemAgemBheW7tuOBq+OBpOOBhOOBpjwvc3Bhbj4g44CRPC9wPgo8cCBzdHlsZT0iZm9udC1zaXplOjEzcHg7IG1hcmdpbjoxNXB4IDAgMDsiPuWPsOmiqOODu+ixqumbqOetieOBruWkqeWAmeS4jeiJr+OBq+S8tOOBhOOAgeS4gOmDqOWcsOWfn+OBp+OBiuiNt+eJqeOBruOBiuWxiuOBkeOBq+mBheOCjOOBjOeZuueUn+OBmeOCi+aBkOOCjOOBjOOBlOOBluOBhOOBvuOBmeOAgjwvcD4KPHAgc3R5bGU9ImZvbnQtc2l6ZToxM3B4OyBtYXJnaW46N3B4IDAgMDsiPuOBvuOBn+OAgeS7iuW+jOOBruWPsOmiqOOBrumAsui3r+OBq+OCiOOBo+OBpuOBr+OAgeW6g+evhOWbsuOBruWcsOWfn+OBp+mBheOCjOOBjOeUn+OBmOOCi+WPr+iDveaAp+OBjOOBguOCiuOBvuOBmeOAguWcsOWfn+OChOOCv+OCpOODn+ODs+OCsOOBq+OCiOOBo+OBpuOAgeOBlOW4jOacm+OBruOBiuWxiuOBkeaXpeaZguOBq+mFjemBlOOBp+OBjeOBquOBhOWgtOWQiOOBjOOBlOOBluOBhOOBvuOBmeOAgjwvcD4KPHAgc3R5bGU9ImZvbnQtc2l6ZToxM3B4OyBtYXJnaW46N3B4IDAgMDsiPuOBiuWuouanmOOBq+OBr+Wkp+WkieOBlOi/t+aDkeOCkuOBiuaOm+OBkeiHtOOBl+OBvuOBmeOBjOOAgeOBlOeQhuino+OBhOOBn+OBoOOBkeOBvuOBmeOCiOOBhuOBiumhmOOBhOiHtOOBl+OBvuOBmeOAgjwvcD4KPC9kaXY+IC0tPgoKCgo8IS0tIOS4gOmDqOWcsOWfn+OBp+OBrumFjemBlOmBheW7tuOBq+OBpOOBjeOBvuOBl+OBpiAtLT4KCgo8IS0tIOOCr+ODvOODneODsyAKPGltZyBzcmM9Imh0dHA6Ly93d3cucmFrdXRlbi5uZS5qcC9nb2xkL2VzcG9ydHMvYm4vY291cG9uL2NvdXBvbjc3MC5naWYiIGFsdD0iMjAw5YaGT0ZG44Kv44O844Od44OzIj4gLS0+CgoKCjwhLS0gPGltZyBzcmM9Imh0dHA6Ly93d3cucmFrdXRlbi5uZS5qcC9nb2xkL2VzcG9ydHMvYm4vYWRpZGFzL2FkaWRhcy1ibjM1Ny5qcGciIGFsdD0iYWRpZGFz44Od44Kk44Oz44OIMTXlgI0iPiAtLT4KCgo8YnI+,44CQ6YCB5paZ54Sh5paZ44CR44K544OO44O844OU44O844Kv77yIc25vd3BlYWvvvIkg44OV44Kj44O844Or44OJ44OQ44Oq44K544K/IOOCseODiOODqyBDUy0xMTUg44CQ44Ki44Km44OI44OJ44KiIOOCreODo+ODs+ODlyDjgoTjgYvjgpMg44Od44OD44OIIOOCr+ODg+OCq+ODvOOAke+8mu+9he+8s++8sO+8r++8su+8tO+8s+alveWkqeaUr+W6lw==,44Ki44Km44OI44OJ44Ki44Kt44Oj44Oz44OX44OQ44O844OZ44Kt44Ol44O844OG44Oz44OI44K/44O844OX44OG44O844OW44Or44OB44Kn44Ki44K344Ol44Op44OV44Op44Oz44K/44Oz44Kv44O844Op44O844Oc44OD44Kv44K544Kz44O844Or44Oe44Oz44OO44O844K544OV44Kn44Kk44K544K544Od44O844OE44OV44Kj44OD44OI44ON44K544OA44Kk44Ko44OD44OI44OI44Os44O844OL44Oz44Kw44OX44Ot44OG44Kk44Oz44K144OX44Oq44Oh44Oz44OI44OA44Oz44OZ44Or44K144OD44Kr44O844CQ6YCB5paZ54Sh5paZ44CR44K544OO44O844OU44O844Kv77yIc25vd3BlYWvvvIkg44OV44Kj44O844Or44OJ44OQ44Oq44K544K/IOOCseODiOODqyBDUy0xMTUg44CQ44Ki44Km44OI44OJ44KiIOOCreODo+ODs+ODlyDjgoTjgYvjgpMg44Od44OD44OIIOOCr+ODg+OCq+ODvOOAkQ==,4piF6YCB5paZ54Sh5paZ4piF44CC44CQ6YCB5paZ54Sh5paZ44CR44K544OO44O844OU44O844Kv77yIc25vd3BlYWvvvIkg44OV44Kj44O844Or44OJ44OQ44Oq44K544K/IOOCseODiOODqyBDUy0xMTUg44CQ44Ki44Km44OI44OJ44KiIOOCreODo+ODs+ODlyDjgoTjgYvjgpMg44Od44OD44OIIOOCr+ODg+OCq+ODvOOAkQ==[rn]
34-75334,aHR0cDovL3RzaG9wLnIxMHMuanAvZXNwb3J0cy9jYWJpbmV0LzkyMzcvOTIzNzMxMDQ5MDAyMy5qcGc/Zml0aW49NzAwOjcwMA==,MTYwMC4wMDAw,,44K544Od44O844OE44O744Ki44Km44OI44OJ44KiID4g44Ki44Km44OI44OJ44KiID4g44OQ44O844G544Kt44Ol44O844O744Kv44OD44Kt44Oz44Kw55So5ZOBID4g44Kv44OD44Kr44O8,44Om44OL44OV44Os44O844OgIFVOSUZMQU1FIOODneODg+ODiDkwMCBOby42Njc2Njgg44CQ6aOf5Zmo44CR44CQ6Kq/55CG5Zmo5YW344CR44CQ6Y2L44CR44CQ44Kv44OD44Kr44O844CR,4peG44GC44GZ5qW94peG,PCEtLWltZ190YWdzLS0+PHRhYmxlIGJvcmRlcj0iMCIgd2lkdGg9IjY1MCI+PFRSPjxURCBhbGlnbj0iY2VudGVyIj48QSBocmVmPSJodHRwOi8vd3d3LnJha3V0ZW4uY28uanAvZXNwb3J0cy9pbmZvMi5odG1sI2RlciI+PElNRyBzcmM9Imh0dHA6Ly93d3cucmFrdXRlbi5uZS5qcC9nb2xkL2VzcG9ydHMvc3VwcG9ydC9zaGlwcGluZzIuZ2lmIiBib3JkZXI9IjAiPjwvQT48QSBocmVmPSJodHRwOi8vd3d3LnJha3V0ZW4ubmUuanAvZ29sZC9lc3BvcnRzL3N1cHBvcnQvZGlzcGF0Y2guaHRtbCI+PElNRyBzcmM9Imh0dHA6Ly93d3cucmFrdXRlbi5uZS5qcC9nb2xkL2VzcG9ydHMvc3VwcG9ydC9kYXlzNi5naWYiIGJvcmRlcj0iMCI+PC9BPjxBIGhyZWY9Imh0dHA6Ly93d3cucmFrdXRlbi5uZS5qcC9nb2xkL2VzcG9ydHMvc3VwcG9ydC9kaXNwYXRjaC5odG1sIj48SU1HIHNyYz0iaHR0cDovL3d3dy5yYWt1dGVuLm5lLmpwL2dvbGQvZXNwb3J0cy9zdXBwb3J0L3BsYWNlMS5naWYiIGJvcmRlcj0iMCI+PC9BPjwvdGQ+PC90cj48L3RhYmxlPjwhLS1pbWdfdGFnZS0tPjwhLS1zb2t1X3RhZ3MtLT48dGFibGUgYm9yZGVyPSIwIj48VFI+PFREPjxBIGhyZWY9Imh0dHA6Ly93d3cucmFrdXRlbi5uZS5qcC9nb2xkL2VzcG9ydHMvYXN1cmFrdS9hc3VyYWt1Lmh0bWwiIHRhcmdldD0iX2JsYW5rIj48SU1HIHNyYz0iaHR0cDovL3d3dy5yYWt1dGVuLm5lLmpwL2dvbGQvZXNwb3J0cy9ibi9hc3VyYWt1L2FzdXJha3UuZ2lmIiBib3JkZXI9IjAiPjwvQT48L1REPjwvdHI+PC90YWJsZT48IS0tc29rdV90YWdlLS0+44Op44O844Oh44Oz44KS5L2c44KL44Gf44KB44Gr55Sf44G+44KM44Gf44Op44O844Oh44Oz44Kv44OD44Kr44O844CCPGJyPjxicj7il4/jg6njg7zjg6Hjg7PlkJHjgY3ou73ph4/jgqLjg6vjg5/jgq/jg4Pjgqvjg7zjgII8YnI+4peP5Y+O57SN44Kx44O844K55LuY44GN44CCPGJyPjxicj48YnI+PGJyPjxpbWcgc3JjPSJodHRwOi8vaW1hZ2UucmFrdXRlbi5jby5qcC9lc3BvcnRzL2NhYmluZXQvYm4vZmlyZWdyaWxsNTAwLmdpZiIgYWx0PSLjg5XjgqHjgqTjgqLjgrDjg6rjg6vvvIHjgYrlvpfjgarjgq3jg6Pjg6rjg7zjg5Djg4PjgrDjgrvjg4Pjg4jvvIEiIGJvcmRlcj0iMCI+PCEtLXNwZWNfdGFncy0tPjxwPjxzdHJvbmc+PGZvbnQgY29sb3I9IiMwMDAwQ0QiIHNpemU9IjMiPuOAkOWVhuWTgeOCueODmuODg+OCr+OAkTwvZm9udD48L3N0cm9uZz48YnI+4pePPHN0cm9uZz7jgrXjgqTjgro8L3N0cm9uZz4gOiDOpjEyMMOXODBtbTxicj7il488c3Ryb25nPuWuuemHjzwvc3Ryb25nPiA6IDkwMG1sPGJyPuKXjzxzdHJvbmc+5p2Q6LOqPC9zdHJvbmc+IDogPGJyPuOAgOODu+acrOS9k+ODu+ODleOCv++8muOCouODq+ODn+ODi+OCpuODoDxicj7jgIDjg7vjg4/jg7Pjg4njg6vvvJrjgrnjg4bjg7Pjg6zjgrnpi7w8YnI+44CA44O744OE44Oe44Of77ya44OV44Kn44OO44O844Or5qi56ISCPGJyPuKXjzxzdHJvbmc+6YeN6YePPC9zdHJvbmc+IDogMTUzZzxicj48IS0tc3BlY190YWdlLS0+PGJyPjxsaW5rIHJlbD0ic3R5bGVzaGVldCIgdHlwZT0idGV4dC9jc3MiIGhyZWY9Imh0dHA6Ly93d3cucmFrdXRlbi5uZS5qcC9nb2xkL2VzcG9ydHMvc2hvcHBpbmdfcGFydHMuY3NzIj4KCjxkaXYgc3R5bGU9Im1hcmdpbi10b3A6LTI2cHg7Ij48L2Rpdj4KCjxpbWcgc3JjPSJodHRwOi8vd3d3LnJha3V0ZW4ubmUuanAvZ29sZC9lc3BvcnRzL2JuL3BvaW50L3BvaW50X2JiYi5qcGciIGFsdD0iMzAwMOWGhuS7peS4iuOBp+ODneOCpOODs+ODiO+8k+WAjSIgYm9yZGVyPSIwIiB3aWR0aD0iNzUwcHgiPgoKPCEtLSDjgrvjg7zjg6sgPGltZyBzcmM9Imh0dHA6Ly93d3cucmFrdXRlbi5uZS5qcC9nb2xkL2VzcG9ydHMvbmV3eWVhci1zYWxlL25ld3llYXItc2FsZS03ODAuanBnIiBib3JkZXI9IjAiIGFsdD0i44K744O844OrIiB3aWR0aD0iNzcwcHgiPjxicj48YnI+IOOCu+ODvOODqyAtLT4KCjwhLS0g44K544O844OR44O844K744O844OrIDxkaXYgc3R5bGU9IndpZHRoIDogNzUwcHg7Ij4KPGRpdiBhbGlnbj0iY2VudGVyIiBzdHlsZT0ibWFyZ2luLWJvdHRvbSA6IDBweDtib3JkZXItd2lkdGggOiAycHg7Ym9yZGVyLXN0eWxlIDogc29saWQ7Ym9yZGVyLWNvbG9yIDogI2JjMTEzMTsiPgoKPC9kaXY+PC9kaXY+PGRpdiBjbGFzcz0ibWFyZ2luNSI+PC9kaXY+PGJyPiDjgrnjg7zjg5Hjg7zjgrvjg7zjg6stLT4KCjwhLS0g44K544O844OR44O844K744O844OrMiDvvIjjg5Djg4rjg7zjga7jgb/vvIk8aW1nIHNyYz0iaHR0cDovL3d3dy5yYWt1dGVuLm5lLmpwL2dvbGQvZXNwb3J0cy9zcHNhbGUvc2FsZS1ibjc4MC5qcGciIGJvcmRlcj0iMCIgYWx0PSLjgrvjg7zjg6siIHdpZHRoPSI3NzBweCI+PGJyPjxicj4g44K544O844OR44O8IC0tPgoKPGRpdiBjbGFzcz0iY29udGVudHMiPjwhLS0g5ZGK55+lIAo8ZGl2IHN0eWxlPSJ3aWR0aDo3MzZweDsgcGFkZGluZzoxNXB4OyBtYXJnaW46NXB4IDAgMTVweDsgYm9yZGVyOnNvbGlkICNFNjJGMkYgMnB4OyI+CjxwIHN0eWxlPSJmb250LXdlaWdodDpib2xkOyBmb250LXNpemU6MTdweDsgdGV4dC1hbGlnbjpjZW50ZXI7Ij7jgJAgPHNwYW4gc3R5bGU9ImJvcmRlci1ib3R0b206MnB4IGRvdHRlZCAjOTk5OyBmb250LXNpemU6MTVweDsiPjXmnIgyNuaXpSjph5Ep44Gu5Za25qWt44Gr44Gk44GE44GmPC9zcGFuPiDjgJE8L3A+CjxwIHN0eWxlPSJmb250LXNpemU6MTNweDsgbWFyZ2luLXRvcDoxNXB4OyI+6Kqg44Gr5Yud5omL44Gq44GM44KJNeaciDI25pelKOmHkSnjga/jgIHnpL7lhoXnoJTkv67jga7jgZ/jgoHjgIHllrbmpa3mmYLplpPjgpLljYjliY0xMu+8mjAw44G+44Gn44Go44GV44Gb44Gm44GE44Gf44Gg44GN44G+44GZ44CC5bCa44CB44CM44GC44GZ5qW944CN5a++5b+c5ZOB44Gr44Gk44GN44G+44GX44Gm44Gv44CB6YCa5bi46YCa44KKMTLvvJowMOOBvuOBp+OBruOBlOazqOaWh+OCkuW9k+aXpeeZuumAgeOBleOBm+OBpuOBhOOBn+OBoOOBjeOBvuOBmeOAgjwvcD4KPHAgc3R5bGU9ImZvbnQtc2l6ZToxM3B4OyBtYXJnaW4tdG9wOjE1cHg7Ij7jgYrlrqLmp5jjgavjga/jgZTkuI3kvr/jgpLjgYrmjpvjgZHoh7TjgZfjgb7jgZnjgYzjgIHjgZTnkIbop6Pjga7nqIvjgIHlrpzjgZfjgY/jgYrpoZjjgYToh7TjgZfjgb7jgZnjgII8L3A+CjwvZGl2PiAtLT4KCgo8IS0tIDxkaXYgc3R5bGU9IndpZHRoOjczNnB4OyBwYWRkaW5nOjE1cHg7IG1hcmdpbjo1cHggMCAxNXB4OyBib3JkZXI6c29saWQgI0U2MkYyRiAycHg7Ij4KPHAgc3R5bGU9ImZvbnQtd2VpZ2h0OmJvbGQ7IGZvbnQtc2l6ZToxN3B4OyB0ZXh0LWFsaWduOmNlbnRlcjsgbWFyZ2luOjA7Ij7jgJAgPHNwYW4gc3R5bGU9ImJvcmRlci1ib3R0b206MnB4IGRvdHRlZCAjOTk5OyBmb250LXNpemU6MTVweDsiPuWkqeWAmeS4jeiJr+OBruW9semfv+OBq+OCiOOCi+mFjemAgemBheW7tuOBq+OBpOOBhOOBpjwvc3Bhbj4g44CRPC9wPgo8cCBzdHlsZT0iZm9udC1zaXplOjEzcHg7IG1hcmdpbjoxNXB4IDAgMDsiPuWPsOmiqOODu+ixqumbqOetieOBruWkqeWAmeS4jeiJr+OBq+S8tOOBhOOAgeS4gOmDqOWcsOWfn+OBp+OBiuiNt+eJqeOBruOBiuWxiuOBkeOBq+mBheOCjOOBjOeZuueUn+OBmeOCi+aBkOOCjOOBjOOBlOOBluOBhOOBvuOBmeOAgjwvcD4KPHAgc3R5bGU9ImZvbnQtc2l6ZToxM3B4OyBtYXJnaW46N3B4IDAgMDsiPuOBvuOBn+OAgeS7iuW+jOOBruWPsOmiqOOBrumAsui3r+OBq+OCiOOBo+OBpuOBr+OAgeW6g+evhOWbsuOBruWcsOWfn+OBp+mBheOCjOOBjOeUn+OBmOOCi+WPr+iDveaAp+OBjOOBguOCiuOBvuOBmeOAguWcsOWfn+OChOOCv+OCpOODn+ODs+OCsOOBq+OCiOOBo+OBpuOAgeOBlOW4jOacm+OBruOBiuWxiuOBkeaXpeaZguOBq+mFjemBlOOBp+OBjeOBquOBhOWgtOWQiOOBjOOBlOOBluOBhOOBvuOBmeOAgjwvcD4KPHAgc3R5bGU9ImZvbnQtc2l6ZToxM3B4OyBtYXJnaW46N3B4IDAgMDsiPuOBiuWuouanmOOBq+OBr+Wkp+WkieOBlOi/t+aDkeOCkuOBiuaOm+OBkeiHtOOBl+OBvuOBmeOBjOOAgeOBlOeQhuino+OBhOOBn+OBoOOBkeOBvuOBmeOCiOOBhuOBiumhmOOBhOiHtOOBl+OBvuOBmeOAgjwvcD4KPC9kaXY+IC0tPgoKCgo8IS0tIOS4gOmDqOWcsOWfn+OBp+OBrumFjemBlOmBheW7tuOBq+OBpOOBjeOBvuOBl+OBpiAtLT4KCgo8IS0tIOOCr+ODvOODneODsyAKPGltZyBzcmM9Imh0dHA6Ly93d3cucmFrdXRlbi5uZS5qcC9nb2xkL2VzcG9ydHMvYm4vY291cG9uL2NvdXBvbjc3MC5naWYiIGFsdD0iMjAw5YaGT0ZG44Kv44O844Od44OzIj4gLS0+CgoKCjwhLS0gPGltZyBzcmM9Imh0dHA6Ly93d3cucmFrdXRlbi5uZS5qcC9nb2xkL2VzcG9ydHMvYm4vYWRpZGFzL2FkaWRhcy1ibjM1Ny5qcGciIGFsdD0iYWRpZGFz44Od44Kk44Oz44OIMTXlgI0iPiAtLT4KCgo8YnI+,44Om44OL44OV44Os44O844OgIFVOSUZMQU1FIOODneODg+ODiDkwMCBOby42Njc2Njgg44CQ6aOf5Zmo44CR44CQ6Kq/55CG5Zmo5YW344CR44CQ6Y2L44CR44CQ44Kv44OD44Kr44O844CR77ya772F77yz77yw77yv77yy77y077yz5qW95aSp5pSv5bqX,44Ki44Km44OI44OJ44Ki44Kt44Oj44Oz44OX44OQ44O844OZ44Kt44Ol44O844OG44Oz44OI44K/44O844OX44OG44O844OW44Or44OB44Kn44Ki44K344Ol44Op44OV44Op44Oz44K/44Oz44Kv44O844Op44O844Oc44OD44Kv44K544Kz44O844Or44Oe44Oz44OO44O844K544OV44Kn44Kk44K544K544Od44O844OE44OV44Kj44OD44OI44ON44K544OA44Kk44Ko44OD44OI44OI44Os44O844OL44Oz44Kw44OX44Ot44OG44Kk44Oz44K144OX44Oq44Oh44Oz44OI44OA44Oz44OZ44Or44K144OD44Kr44O844Om44OL44OV44Os44O844OgIFVOSUZMQU1FIOODneODg+ODiDkwMCBOby42Njc2Njgg44CQ6aOf5Zmo44CR44CQ6Kq/55CG5Zmo5YW344CR44CQ6Y2L44CR44CQ44Kv44OD44Kr44O844CR,4peG44GC44GZ5qW94peG44CC44Om44OL44OV44Os44O844OgIFVOSUZMQU1FIOODneODg+ODiDkwMCBOby42Njc2Njgg44CQ6aOf5Zmo44CR44CQ6Kq/55CG5Zmo5YW344CR44CQ6Y2L44CR44CQ44Kv44OD44Kr44O844CR[rn]
34-75335,aHR0cDovL3RzaG9wLnIxMHMuanAvZXNwb3J0cy9jYWJpbmV0Lzk0MzAtMy85NDMwMzEwNDkwMzYwLmpwZz9maXRpbj03MDA6NzAw,NTI4Ny4yMDAw,,44K544Od44O844OE44O744Ki44Km44OI44OJ44KiID4g44Ki44Km44OI44OJ44KiID4g44OQ44O844G544Kt44Ol44O844O744Kv44OD44Kt44Oz44Kw55So5ZOBID4g44Kv44OD44Kr44O8,44Ot44OD44K477yITE9ER0XvvIkgTERHIOODh+OCo+ODvOODl+OCueOCreODrOODg+ODiDEwLTEvNCBMOERTSzMgMTkyNDAwMTcwMDAwMTAg44CQ44Ki44Km44OI44OJ44KiIOOCreODo+ODs+ODlyDjgrnjgq3jg6zjg4Pjg4gg44OV44Op44Kk44OR44OzIOaWmeeQhuOAkQ==,,PCEtLWltZ190YWdzLS0+PHRhYmxlIGJvcmRlcj0iMCIgd2lkdGg9IjY1MCI+PFRSPjxURCBhbGlnbj0iY2VudGVyIj48QSBocmVmPSJodHRwOi8vd3d3LnJha3V0ZW4uY28uanAvZXNwb3J0cy9pbmZvMi5odG1sI2RlciI+PElNRyBzcmM9Imh0dHA6Ly93d3cucmFrdXRlbi5uZS5qcC9nb2xkL2VzcG9ydHMvc3VwcG9ydC9zaGlwcGluZzIuZ2lmIiBib3JkZXI9IjAiPjwvQT48QSBocmVmPSJodHRwOi8vd3d3LnJha3V0ZW4ubmUuanAvZ29sZC9lc3BvcnRzL3N1cHBvcnQvZGlzcGF0Y2guaHRtbCI+PElNRyBzcmM9Imh0dHA6Ly93d3cucmFrdXRlbi5uZS5qcC9nb2xkL2VzcG9ydHMvc3VwcG9ydC9kYXlzMy5naWYiIGJvcmRlcj0iMCI+PC9BPjxBIGhyZWY9Imh0dHA6Ly93d3cucmFrdXRlbi5uZS5qcC9nb2xkL2VzcG9ydHMvc3VwcG9ydC9kaXNwYXRjaC5odG1sIj48SU1HIHNyYz0iaHR0cDovL3d3dy5yYWt1dGVuLm5lLmpwL2dvbGQvZXNwb3J0cy9zdXBwb3J0L3BsYWNlMy5naWYiIGJvcmRlcj0iMCI+PC9BPjxBIGhyZWY9Imh0dHA6Ly93d3cucmFrdXRlbi5jby5qcC9lc3BvcnRzL2luZm8yLmh0bWwjYmFjayI+PElNRyBzcmM9Imh0dHA6Ly93d3cucmFrdXRlbi5uZS5qcC9nb2xkL2VzcG9ydHMvc3VwcG9ydC9yZXR1cm4xLmdpZiIgYm9yZGVyPSIwIj48L0E+PC90ZD48L3RyPjwvdGFibGU+PCEtLWltZ190YWdlLS0+PHN0cm9uZz48Zm9udCBjb2xvcj0iIzAwMDBDRCIgc2l6ZT0iNCI+44Ot44Oz44Kw44K744Op44O844Gu44K544Kt44Os44OD44OIMTAgMS8044Gu5rex44GV44KS5aKX44GX44Gf44OH44Kj44O844OX44K/44Kk44OX44Gu44K544Kt44Os44OD44OI44Gn44GZ44CCPGJyPjwvZm9udD48L3N0cm9uZz48YnI+4peG576O5ZGz44GX44GV44Gu56eY5a+GPGJyPumLs+mJhOOBruaAp+izquOBr+eGseS8neWwjueOh+OBrumrmOOBhOmJhOOCiOOCiuOAgeefs+OBq+i/keOBhOOBqOOBhOOBiOOCi+OBi+OCguOBl+OCjOOBvuOBm+OCk+OAgjxicj7jgZXjgonjgas1bW3jgajjgYTjgYbogonos6rjga7kvZzjgorjgYzjgZ3jga7ph5HlsZ7nmoTnibnmgKfjgpLpq5jjgoHjgabjgYTjgb7jgZnjgII8YnI+44GT44KM44GM44CB5LuW44Gu6Kq/55CG5Zmo5YW344Gr44Gv44Gq44GE5oqc576k44Gu54ax5Yi25b6h5Yqb44KS44KC44Gf44KJ44GX44CB6aOf5p2Q44Gu5peo44G/44KS6Iqv44GL44KJ5byV44GN5Ye644GX44Gm44GE44GN44G+44GZ44CCPGJyPjxicj7il4bjgrfjg7zjgrrjg4vjg7PjgrDvvIjmhaPjgonjgZfvvInmuIg8YnI+44GZ44GQ44Gr5L2/44GI44KL5oWj44KJ44GX5riI44G/44Gn44CB6ZW35bm05L2/44GE6L6844KT44Gg44KC44Gu44Gu44KI44GG44Gr6KGo6Z2i44GM44Kz44O844OG44Kj44Oz44Kw44GV44KM6aKo5qC844GC44KL6KO95ZOB44Gr5LuV5LiK44GM44Gj44Gm44GE44G+44GZ44CCPGJyPua4qeawtOOBp+OBn+OCj+OBl+OBquOBqeOCkuS9v+OBhOi7veOBj+a0l+OBo+OBpuOBhOOBn+OBoOOBkeOBvuOBl+OBn+OCieOAgeOBmeOBkOOBq+OBlOS9v+eUqOmgguOBkeOBvuOBmeOAgjxicj48YnI+4peGSUjvvIjpm7vno4Hoqr/nkIblmajvvInlr77lv5w8YnI+SUjoqr/nkIblmajjgavjgYrkvb/jgYTpoILjgZHjgb7jgZnjgII8YnI+44Gf44Gg44GX5bqV6Z2i44Gq44Gp44Gu5b2i54q244KESUjoqr/nkIblmajlhbfjgavjgojjgorjgZTkvb/nlKjjgYTjgZ/jgaDjgZHjgarjgYTllYblk4HjgoLjgZTjgZbjgYTjgb7jgZnjga7jgafjgYrkvb/jgYTjga5JSOiqv+eQhuWZqOOCkuOBlOeiuuiqjeOBj+OBoOOBleOBhOOAgjxicj48YnI+4peG44OX44Ot44Gu5qeY44Gq54S844GN5LiK44GM44KK44Gr44O744O744O7PGJyPuOCueODhuODvOOCreOChOODj+ODs+ODkOODvOOCsOOBjOODl+ODreOBruanmOOBqueEvOOBjeS4iuOBjOOCiuOBq+ODu+ODu+ODuzxicj7ntKDmnZDjga7lkbPjgpLjgZjjgo/jgaPjgajlvJXjgY3lh7rjgZnljprjgZU1bW3jga7ogonljprjgarpi7PpiYToo73jg5Xjg6njgqTjg5Hjg7PjgII8YnI+5rSX57e044GV44KM54Sh6aeE44Gu44Gq44GE44OH44K244Kk44Oz44Gq44Gu44Gn44CB5Ye65p2l5LiK44GM44Gj44Gf5paZ55CG44KS44Gd44Gu44G+44G+44OG44O844OW44Or44Gr5Ye644GX44Gm44KC44GK5rSS6JC944Gn44GZ44CCPGJyPjxicj7igLvpprTmn5PjgpPjgaDmsrnjgYzmipzjgZHjgabjgZfjgb7jgYbngrrjgIHjgarjgovjgbnjgY/mtJfliaTjgpLkvb/jgo/jgZrjgavmtJfjgaPjgabkuIvjgZXjgYTjgII8YnI+44Gq44GK44CB54Sm44GS44KE6Iet44GE44GM5rCX44Gr44Gq44KL5aC05ZCI44Gv44CB6YeN5pu544KE5rSX5Ymk44Gn44GK5omL5YWl44KM44KS44GX44Gm44GP44Gg44GV44GE44CCPGJyPuOBvuOBn+OAgea0l+WJpOOCkuS9v+eUqOOBl+OBpua0l+OBo+OBn+OBguOBqOOBq+OBr+OAgeW/heOBmumNi+OCkueBq+OBq+OBi+OBkeOBpuWujOWFqOOBq+awtOWIhuOCkuiSuOeZuuOBleOBm+OBpuOBi+OCieeGseOBjOWGt+OCgeOBquOBhOOBhuOBoeOBq+mjn+ayueOBp+OCt+ODvOOCuuODi+ODs+OCsOOCkuOBl+OBpuOBj+OBoOOBleOBhOOAgjxicj48YnI+PHA+PHRhYmxlIGJvcmRlcj0iMCIgd2lkdGg9Ijk3JSIgYmdjb2xvcj0iI0ZGRkZFMCI+PHRyPjx0ZD48c3Ryb25nPjxmb250IGNvbG9yPSIjMDA2NDAwIiBzaXplPSIzIj7jgJDplqLpgKPllYblk4Hjga/jgZPjgaHjgonjgafjgZnjgJE8L2ZvbnQ+PC9zdHJvbmc+PGJyPuKXhiDjgZ3jga7ku5bjg63jg4PjgrjvvIhMT0RHRe+8ieWVhuWTgeOBr+OBk+OBoeOCiTxicj48L3RkPjwvdHI+PC90YWJsZT48IS0tbWtfdGFncy0tPjxQPjxJTUcgc3JjPSJodHRwOi8vd3d3LnJha3V0ZW4ubmUuanAvZ29sZC9lc3BvcnRzL2JuL2p5dWhhdHR5dXU1MjAtNjAuanBnIiB3aWR0aD0iNTIwIiBoZWlnaHQ9IjYwIiBib3JkZXI9IjAiPjwvUD48IS0tbWtfdGFnZS0tPjxicj7il4/nrqHnkIZjb2Rl77yaNzk4Mjk1OTQ8IS0tc3BlY190YWdzLS0+PHA+PHN0cm9uZz48Zm9udCBjb2xvcj0iIzAwMDBDRCIgc2l6ZT0iMyI+44CQ5ZWG5ZOB44K544Oa44OD44Kv44CRPC9mb250Pjwvc3Ryb25nPjxicj7il488c3Ryb25nPuOCteOCpOOCujwvc3Ryb25nPiA6IOe4pjQwLjljbcOX5qiqMjZjbcOX6auY44GVOC4yY208YnI+4pePPHN0cm9uZz7ph43ph488L3N0cm9uZz4gOiAyOTYyZzxicj48IS0tc3BlY190YWdlLS0+PGJyPjxsaW5rIHJlbD0ic3R5bGVzaGVldCIgdHlwZT0idGV4dC9jc3MiIGhyZWY9Imh0dHA6Ly93d3cucmFrdXRlbi5uZS5qcC9nb2xkL2VzcG9ydHMvc2hvcHBpbmdfcGFydHMuY3NzIj4KCjxkaXYgc3R5bGU9Im1hcmdpbi10b3A6LTI2cHg7Ij48L2Rpdj4KCjxpbWcgc3JjPSJodHRwOi8vd3d3LnJha3V0ZW4ubmUuanAvZ29sZC9lc3BvcnRzL2JuL3BvaW50L3BvaW50X2JiYi5qcGciIGFsdD0iMzAwMOWGhuS7peS4iuOBp+ODneOCpOODs+ODiO+8k+WAjSIgYm9yZGVyPSIwIiB3aWR0aD0iNzUwcHgiPgoKPCEtLSDjgrvjg7zjg6sgPGltZyBzcmM9Imh0dHA6Ly93d3cucmFrdXRlbi5uZS5qcC9nb2xkL2VzcG9ydHMvbmV3eWVhci1zYWxlL25ld3llYXItc2FsZS03ODAuanBnIiBib3JkZXI9IjAiIGFsdD0i44K744O844OrIiB3aWR0aD0iNzcwcHgiPjxicj48YnI+IOOCu+ODvOODqyAtLT4KCjwhLS0g44K544O844OR44O844K744O844OrIDxkaXYgc3R5bGU9IndpZHRoIDogNzUwcHg7Ij4KPGRpdiBhbGlnbj0iY2VudGVyIiBzdHlsZT0ibWFyZ2luLWJvdHRvbSA6IDBweDtib3JkZXItd2lkdGggOiAycHg7Ym9yZGVyLXN0eWxlIDogc29saWQ7Ym9yZGVyLWNvbG9yIDogI2JjMTEzMTsiPgoKPC9kaXY+PC9kaXY+PGRpdiBjbGFzcz0ibWFyZ2luNSI+PC9kaXY+PGJyPiDjgrnjg7zjg5Hjg7zjgrvjg7zjg6stLT4KCjwhLS0g44K544O844OR44O844K744O844OrMiDvvIjjg5Djg4rjg7zjga7jgb/vvIk8aW1nIHNyYz0iaHR0cDovL3d3dy5yYWt1dGVuLm5lLmpwL2dvbGQvZXNwb3J0cy9zcHNhbGUvc2FsZS1ibjc4MC5qcGciIGJvcmRlcj0iMCIgYWx0PSLjgrvjg7zjg6siIHdpZHRoPSI3NzBweCI+PGJyPjxicj4g44K544O844OR44O8IC0tPgoKPGRpdiBjbGFzcz0iY29udGVudHMiPjwhLS0g5ZGK55+lIAo8ZGl2IHN0eWxlPSJ3aWR0aDo3MzZweDsgcGFkZGluZzoxNXB4OyBtYXJnaW46NXB4IDAgMTVweDsgYm9yZGVyOnNvbGlkICNFNjJGMkYgMnB4OyI+CjxwIHN0eWxlPSJmb250LXdlaWdodDpib2xkOyBmb250LXNpemU6MTdweDsgdGV4dC1hbGlnbjpjZW50ZXI7Ij7jgJAgPHNwYW4gc3R5bGU9ImJvcmRlci1ib3R0b206MnB4IGRvdHRlZCAjOTk5OyBmb250LXNpemU6MTVweDsiPjXmnIgyNuaXpSjph5Ep44Gu5Za25qWt44Gr44Gk44GE44GmPC9zcGFuPiDjgJE8L3A+CjxwIHN0eWxlPSJmb250LXNpemU6MTNweDsgbWFyZ2luLXRvcDoxNXB4OyI+6Kqg44Gr5Yud5omL44Gq44GM44KJNeaciDI25pelKOmHkSnjga/jgIHnpL7lhoXnoJTkv67jga7jgZ/jgoHjgIHllrbmpa3mmYLplpPjgpLljYjliY0xMu+8mjAw44G+44Gn44Go44GV44Gb44Gm44GE44Gf44Gg44GN44G+44GZ44CC5bCa44CB44CM44GC44GZ5qW944CN5a++5b+c5ZOB44Gr44Gk44GN44G+44GX44Gm44Gv44CB6YCa5bi46YCa44KKMTLvvJowMOOBvuOBp+OBruOBlOazqOaWh+OCkuW9k+aXpeeZuumAgeOBleOBm+OBpuOBhOOBn+OBoOOBjeOBvuOBmeOAgjwvcD4KPHAgc3R5bGU9ImZvbnQtc2l6ZToxM3B4OyBtYXJnaW4tdG9wOjE1cHg7Ij7jgYrlrqLmp5jjgavjga/jgZTkuI3kvr/jgpLjgYrmjpvjgZHoh7TjgZfjgb7jgZnjgYzjgIHjgZTnkIbop6Pjga7nqIvjgIHlrpzjgZfjgY/jgYrpoZjjgYToh7TjgZfjgb7jgZnjgII8L3A+CjwvZGl2PiAtLT4KCgo8IS0tIDxkaXYgc3R5bGU9IndpZHRoOjczNnB4OyBwYWRkaW5nOjE1cHg7IG1hcmdpbjo1cHggMCAxNXB4OyBib3JkZXI6c29saWQgI0U2MkYyRiAycHg7Ij4KPHAgc3R5bGU9ImZvbnQtd2VpZ2h0OmJvbGQ7IGZvbnQtc2l6ZToxN3B4OyB0ZXh0LWFsaWduOmNlbnRlcjsgbWFyZ2luOjA7Ij7jgJAgPHNwYW4gc3R5bGU9ImJvcmRlci1ib3R0b206MnB4IGRvdHRlZCAjOTk5OyBmb250LXNpemU6MTVweDsiPuWkqeWAmeS4jeiJr+OBruW9semfv+OBq+OCiOOCi+mFjemAgemBheW7tuOBq+OBpOOBhOOBpjwvc3Bhbj4g44CRPC9wPgo8cCBzdHlsZT0iZm9udC1zaXplOjEzcHg7IG1hcmdpbjoxNXB4IDAgMDsiPuWPsOmiqOODu+ixqumbqOetieOBruWkqeWAmeS4jeiJr+OBq+S8tOOBhOOAgeS4gOmDqOWcsOWfn+OBp+OBiuiNt+eJqeOBruOBiuWxiuOBkeOBq+mBheOCjOOBjOeZuueUn+OBmeOCi+aBkOOCjOOBjOOBlOOBluOBhOOBvuOBmeOAgjwvcD4KPHAgc3R5bGU9ImZvbnQtc2l6ZToxM3B4OyBtYXJnaW46N3B4IDAgMDsiPuOBvuOBn+OAgeS7iuW+jOOBruWPsOmiqOOBrumAsui3r+OBq+OCiOOBo+OBpuOBr+OAgeW6g+evhOWbsuOBruWcsOWfn+OBp+mBheOCjOOBjOeUn+OBmOOCi+WPr+iDveaAp+OBjOOBguOCiuOBvuOBmeOAguWcsOWfn+OChOOCv+OCpOODn+ODs+OCsOOBq+OCiOOBo+OBpuOAgeOBlOW4jOacm+OBruOBiuWxiuOBkeaXpeaZguOBq+mFjemBlOOBp+OBjeOBquOBhOWgtOWQiOOBjOOBlOOBluOBhOOBvuOBmeOAgjwvcD4KPHAgc3R5bGU9ImZvbnQtc2l6ZToxM3B4OyBtYXJnaW46N3B4IDAgMDsiPuOBiuWuouanmOOBq+OBr+Wkp+WkieOBlOi/t+aDkeOCkuOBiuaOm+OBkeiHtOOBl+OBvuOBmeOBjOOAgeOBlOeQhuino+OBhOOBn+OBoOOBkeOBvuOBmeOCiOOBhuOBiumhmOOBhOiHtOOBl+OBvuOBmeOAgjwvcD4KPC9kaXY+IC0tPgoKCgo8IS0tIOS4gOmDqOWcsOWfn+OBp+OBrumFjemBlOmBheW7tuOBq+OBpOOBjeOBvuOBl+OBpiAtLT4KCgo8IS0tIOOCr+ODvOODneODsyAKPGltZyBzcmM9Imh0dHA6Ly93d3cucmFrdXRlbi5uZS5qcC9nb2xkL2VzcG9ydHMvYm4vY291cG9uL2NvdXBvbjc3MC5naWYiIGFsdD0iMjAw5YaGT0ZG44Kv44O844Od44OzIj4gLS0+CgoKCjwhLS0gPGltZyBzcmM9Imh0dHA6Ly93d3cucmFrdXRlbi5uZS5qcC9nb2xkL2VzcG9ydHMvYm4vYWRpZGFzL2FkaWRhcy1ibjM1Ny5qcGciIGFsdD0iYWRpZGFz44Od44Kk44Oz44OIMTXlgI0iPiAtLT4KCgo8YnI+,44Ot44OD44K477yITE9ER0XvvIkgTERHIOODh+OCo+ODvOODl+OCueOCreODrOODg+ODiDEwLTEvNCBMOERTSzMgMTkyNDAwMTcwMDAwMTAg44CQ44Ki44Km44OI44OJ44KiIOOCreODo+ODs+ODlyDjgrnjgq3jg6zjg4Pjg4gg44OV44Op44Kk44OR44OzIOaWmeeQhuOAke+8mu+9he+8s++8sO+8r++8su+8tO+8s+alveWkqeaUr+W6lw==,44Ki44Km44OI44OJ44Ki44Kt44Oj44Oz44OX44OQ44O844OZ44Kt44Ol44O844OG44Oz44OI44K/44O844OX44OG44O844OW44Or44OB44Kn44Ki44K344Ol44Op44OV44Op44Oz44K/44Oz44Kv44O844Op44O844Oc44OD44Kv44K544Kz44O844Or44Oe44Oz44OO44O844K544OV44Kn44Kk44K544K544Od44O844OE44OV44Kj44OD44OI44ON44K544OA44Kk44Ko44OD44OI44OI44Os44O844OL44Oz44Kw44OX44Ot44OG44Kk44Oz44K144OX44Oq44Oh44Oz44OI44OA44Oz44OZ44Or44K144OD44Kr44O844Ot44OD44K477yITE9ER0XvvIkgTERHIOODh+OCo+ODvOODl+OCueOCreODrOODg+ODiDEwLTEvNCBMOERTSzMgMTkyNDAwMTcwMDAwMTAg44CQ44Ki44Km44OI44OJ44KiIOOCreODo+ODs+ODlyDjgrnjgq3jg6zjg4Pjg4gg44OV44Op44Kk44OR44OzIOaWmeeQhuOAkQ==,44Ot44OD44K477yITE9ER0XvvIkgTERHIOODh+OCo+ODvOODl+OCueOCreODrOODg+ODiDEwLTEvNCBMOERTSzMgMTkyNDAwMTcwMDAwMTAg44CQ44Ki44Km44OI44OJ44KiIOOCreODo+ODs+ODlyDjgrnjgq3jg6zjg4Pjg4gg44OV44Op44Kk44OR44OzIOaWmeeQhuOAkQ==[rn]
34-75336,aHR0cDovL3RzaG9wLnIxMHMuanAvZXNwb3J0cy9jYWJpbmV0Lzk0MzAtMi85NDMwMzEwMzkwMDU4LmpwZz9maXRpbj03MDA6NzAw,MTU1NS4yMDAw,,44K544Od44O844OE44O744Ki44Km44OI44OJ44KiID4g44Ki44Km44OI44OJ44KiID4g44OQ44O844G544Kt44Ol44O844O744Kv44OD44Kt44Oz44Kw55So5ZOBID4g44Kv44OD44Kr44O8,44Ot44OD44K477yITE9ER0XvvIkgSEUg44K544Kt44Os44OD44OI44Kr44OQ44O8IDUgSDVNSUMg44CQ44OV44Op44Kk44OR44OzIOODleOCvyDpi7PpiYQg44Ki44Km44OI44OJ44KiIOODkOODvOODmeOCreODpeODvOOAkQ==,,PCEtLWltZ190YWdzLS0+PHRhYmxlIGJvcmRlcj0iMCIgd2lkdGg9IjY1MCI+PFRSPjxURCBhbGlnbj0iY2VudGVyIj48QSBocmVmPSJodHRwOi8vd3d3LnJha3V0ZW4uY28uanAvZXNwb3J0cy9pbmZvMi5odG1sI2RlciI+PElNRyBzcmM9Imh0dHA6Ly93d3cucmFrdXRlbi5uZS5qcC9nb2xkL2VzcG9ydHMvc3VwcG9ydC9zaGlwcGluZzIuZ2lmIiBib3JkZXI9IjAiPjwvQT48QSBocmVmPSJodHRwOi8vd3d3LnJha3V0ZW4ubmUuanAvZ29sZC9lc3BvcnRzL3N1cHBvcnQvZGlzcGF0Y2guaHRtbCI+PElNRyBzcmM9Imh0dHA6Ly93d3cucmFrdXRlbi5uZS5qcC9nb2xkL2VzcG9ydHMvc3VwcG9ydC9kYXlzMi5naWYiIGJvcmRlcj0iMCI+PC9BPjxBIGhyZWY9Imh0dHA6Ly93d3cucmFrdXRlbi5uZS5qcC9nb2xkL2VzcG9ydHMvc3VwcG9ydC9kaXNwYXRjaC5odG1sIj48SU1HIHNyYz0iaHR0cDovL3d3dy5yYWt1dGVuLm5lLmpwL2dvbGQvZXNwb3J0cy9zdXBwb3J0L3BsYWNlMy5naWYiIGJvcmRlcj0iMCI+PC9BPjxBIGhyZWY9Imh0dHA6Ly93d3cucmFrdXRlbi5jby5qcC9lc3BvcnRzL2luZm8yLmh0bWwjYmFjayI+PElNRyBzcmM9Imh0dHA6Ly93d3cucmFrdXRlbi5uZS5qcC9nb2xkL2VzcG9ydHMvc3VwcG9ydC9yZXR1cm4xLmdpZiIgYm9yZGVyPSIwIj48L0E+PC90ZD48L3RyPjwvdGFibGU+PCEtLWltZ190YWdlLS0+PHN0cm9uZz48Zm9udCBjb2xvcj0iIzAwMDBDRCIgc2l6ZT0iNCI+54ax5by35YyW5Yem55CG44KS5pa944GX44Gf44K544Kt44Os44OD44OI44Kr44OQ44O844CCPGJyPjwvZm9udD48L3N0cm9uZz48YnI+TE9ER0Ug44Ot44OD44K4IEhFIOOCueOCreODrOODg+ODiOOCq+ODkOODvCA144Kk44Oz44OBIEg1TUlD44GvPGJyPueGseW8t+WMluWHpueQhuOCkuaWveOBl+OBn+OCueOCreODrOODg+ODiOOCq+ODkOODvOOBp+OBmeOAgjxicj7nhrHlvLfljJblh6bnkIbjgajjga/jgIE8YnI+5LiW55WM44Gn44KC5pyA6Imv44Gu6Yuz6YmE6Kq/55CG5Zmo5YW344KSMeS4lue0gOS7peS4iuihjOOBo+OBpuOBjeOBnzxicj5MT0RHRe+8iOODreODg+OCuO+8ieekvuOBruaWsOOBn+OBqjHmranjgajjgZfjgabpjIbjgpLnpoHjgZjjgovmlrDjgZ/jgarnhrHlh6bnkIbjg5fjg63jgrvjgrnjgafjgZnjgII8YnI+44GT44KM44Gv44CB44Kz44O844OG44Kj44Oz44Kw44Gn44Gv44Gq44GP6YW45YyW44GV44Gb44Gq44GP44GZ44KL54K644Gr6YmE44Gu6KGo6Z2i44Gr5YiG5a2Q44Gu5b2i44KS5aSJ5pu044GZ44KL44OX44Ot44K744K544Gn44CBPGJyPuawuOS5heeahOOBq+e2mee2muOBleOCjOOBvuOBmeOAgjxicj48YnI+PHA+PCEtLW1rX3RhZ3MtLT48UD48SU1HIHNyYz0iaHR0cDovL3d3dy5yYWt1dGVuLm5lLmpwL2dvbGQvZXNwb3J0cy9ibi9qeXVoYXR0eXV1NTIwLTYwLmpwZyIgd2lkdGg9IjUyMCIgaGVpZ2h0PSI2MCIgYm9yZGVyPSIwIj48L1A+PCEtLW1rX3RhZ2UtLT48YnI+4peP566h55CGY29kZe+8mjc5ODQ5MTgwPCEtLXNwZWNfdGFncy0tPjxwPjxzdHJvbmc+PGZvbnQgY29sb3I9IiMwMDAwQ0QiIHNpemU9IjMiPuOAkOWVhuWTgeOCueODmuODg+OCr+OAkTwvZm9udD48L3N0cm9uZz48YnI+4pePPHN0cm9uZz7lhoXlvoTvvIg144Kk44Oz44OB77yJPC9zdHJvbmc+IDogMTEuN2NtPGJyPuKXjzxzdHJvbmc+6YeN6YeP77yINeOCpOODs+ODge+8iTwvc3Ryb25nPiA6IDAuNWtnPGJyPjwhLS1zcGVjX3RhZ2UtLT48YnI+PGxpbmsgcmVsPSJzdHlsZXNoZWV0IiB0eXBlPSJ0ZXh0L2NzcyIgaHJlZj0iaHR0cDovL3d3dy5yYWt1dGVuLm5lLmpwL2dvbGQvZXNwb3J0cy9zaG9wcGluZ19wYXJ0cy5jc3MiPgoKPGRpdiBzdHlsZT0ibWFyZ2luLXRvcDotMjZweDsiPjwvZGl2PgoKPGltZyBzcmM9Imh0dHA6Ly93d3cucmFrdXRlbi5uZS5qcC9nb2xkL2VzcG9ydHMvYm4vcG9pbnQvcG9pbnRfYmJiLmpwZyIgYWx0PSIzMDAw5YaG5Lul5LiK44Gn44Od44Kk44Oz44OI77yT5YCNIiBib3JkZXI9IjAiIHdpZHRoPSI3NTBweCI+Cgo8IS0tIOOCu+ODvOODqyA8aW1nIHNyYz0iaHR0cDovL3d3dy5yYWt1dGVuLm5lLmpwL2dvbGQvZXNwb3J0cy9uZXd5ZWFyLXNhbGUvbmV3eWVhci1zYWxlLTc4MC5qcGciIGJvcmRlcj0iMCIgYWx0PSLjgrvjg7zjg6siIHdpZHRoPSI3NzBweCI+PGJyPjxicj4g44K744O844OrIC0tPgoKPCEtLSDjgrnjg7zjg5Hjg7zjgrvjg7zjg6sgPGRpdiBzdHlsZT0id2lkdGggOiA3NTBweDsiPgo8ZGl2IGFsaWduPSJjZW50ZXIiIHN0eWxlPSJtYXJnaW4tYm90dG9tIDogMHB4O2JvcmRlci13aWR0aCA6IDJweDtib3JkZXItc3R5bGUgOiBzb2xpZDtib3JkZXItY29sb3IgOiAjYmMxMTMxOyI+Cgo8L2Rpdj48L2Rpdj48ZGl2IGNsYXNzPSJtYXJnaW41Ij48L2Rpdj48YnI+IOOCueODvOODkeODvOOCu+ODvOODqy0tPgoKPCEtLSDjgrnjg7zjg5Hjg7zjgrvjg7zjg6syIO+8iOODkOODiuODvOOBruOBv++8iTxpbWcgc3JjPSJodHRwOi8vd3d3LnJha3V0ZW4ubmUuanAvZ29sZC9lc3BvcnRzL3Nwc2FsZS9zYWxlLWJuNzgwLmpwZyIgYm9yZGVyPSIwIiBhbHQ9IuOCu+ODvOODqyIgd2lkdGg9Ijc3MHB4Ij48YnI+PGJyPiDjgrnjg7zjg5Hjg7wgLS0+Cgo8ZGl2IGNsYXNzPSJjb250ZW50cyI+PCEtLSDlkYrnn6UgCjxkaXYgc3R5bGU9IndpZHRoOjczNnB4OyBwYWRkaW5nOjE1cHg7IG1hcmdpbjo1cHggMCAxNXB4OyBib3JkZXI6c29saWQgI0U2MkYyRiAycHg7Ij4KPHAgc3R5bGU9ImZvbnQtd2VpZ2h0OmJvbGQ7IGZvbnQtc2l6ZToxN3B4OyB0ZXh0LWFsaWduOmNlbnRlcjsiPuOAkCA8c3BhbiBzdHlsZT0iYm9yZGVyLWJvdHRvbToycHggZG90dGVkICM5OTk7IGZvbnQtc2l6ZToxNXB4OyI+NeaciDI25pelKOmHkSnjga7llrbmpa3jgavjgaTjgYTjgaY8L3NwYW4+IOOAkTwvcD4KPHAgc3R5bGU9ImZvbnQtc2l6ZToxM3B4OyBtYXJnaW4tdG9wOjE1cHg7Ij7oqqDjgavli53miYvjgarjgYzjgok15pyIMjbml6Uo6YeRKeOBr+OAgeekvuWGheeglOS/ruOBruOBn+OCgeOAgeWWtualreaZgumWk+OCkuWNiOWJjTEy77yaMDDjgb7jgafjgajjgZXjgZvjgabjgYTjgZ/jgaDjgY3jgb7jgZnjgILlsJrjgIHjgIzjgYLjgZnmpb3jgI3lr77lv5zlk4HjgavjgaTjgY3jgb7jgZfjgabjga/jgIHpgJrluLjpgJrjgooxMu+8mjAw44G+44Gn44Gu44GU5rOo5paH44KS5b2T5pel55m66YCB44GV44Gb44Gm44GE44Gf44Gg44GN44G+44GZ44CCPC9wPgo8cCBzdHlsZT0iZm9udC1zaXplOjEzcHg7IG1hcmdpbi10b3A6MTVweDsiPuOBiuWuouanmOOBq+OBr+OBlOS4jeS+v+OCkuOBiuaOm+OBkeiHtOOBl+OBvuOBmeOBjOOAgeOBlOeQhuino+OBrueoi+OAgeWunOOBl+OBj+OBiumhmOOBhOiHtOOBl+OBvuOBmeOAgjwvcD4KPC9kaXY+IC0tPgoKCjwhLS0gPGRpdiBzdHlsZT0id2lkdGg6NzM2cHg7IHBhZGRpbmc6MTVweDsgbWFyZ2luOjVweCAwIDE1cHg7IGJvcmRlcjpzb2xpZCAjRTYyRjJGIDJweDsiPgo8cCBzdHlsZT0iZm9udC13ZWlnaHQ6Ym9sZDsgZm9udC1zaXplOjE3cHg7IHRleHQtYWxpZ246Y2VudGVyOyBtYXJnaW46MDsiPuOAkCA8c3BhbiBzdHlsZT0iYm9yZGVyLWJvdHRvbToycHggZG90dGVkICM5OTk7IGZvbnQtc2l6ZToxNXB4OyI+5aSp5YCZ5LiN6Imv44Gu5b2x6Z+/44Gr44KI44KL6YWN6YCB6YGF5bu244Gr44Gk44GE44GmPC9zcGFuPiDjgJE8L3A+CjxwIHN0eWxlPSJmb250LXNpemU6MTNweDsgbWFyZ2luOjE1cHggMCAwOyI+5Y+w6aKo44O76LGq6Zuo562J44Gu5aSp5YCZ5LiN6Imv44Gr5Ly044GE44CB5LiA6YOo5Zyw5Z+f44Gn44GK6I2354mp44Gu44GK5bGK44GR44Gr6YGF44KM44GM55m655Sf44GZ44KL5oGQ44KM44GM44GU44GW44GE44G+44GZ44CCPC9wPgo8cCBzdHlsZT0iZm9udC1zaXplOjEzcHg7IG1hcmdpbjo3cHggMCAwOyI+44G+44Gf44CB5LuK5b6M44Gu5Y+w6aKo44Gu6YCy6Lev44Gr44KI44Gj44Gm44Gv44CB5bqD56+E5Zuy44Gu5Zyw5Z+f44Gn6YGF44KM44GM55Sf44GY44KL5Y+v6IO95oCn44GM44GC44KK44G+44GZ44CC5Zyw5Z+f44KE44K/44Kk44Of44Oz44Kw44Gr44KI44Gj44Gm44CB44GU5biM5pyb44Gu44GK5bGK44GR5pel5pmC44Gr6YWN6YGU44Gn44GN44Gq44GE5aC05ZCI44GM44GU44GW44GE44G+44GZ44CCPC9wPgo8cCBzdHlsZT0iZm9udC1zaXplOjEzcHg7IG1hcmdpbjo3cHggMCAwOyI+44GK5a6i5qeY44Gr44Gv5aSn5aSJ44GU6L+35oOR44KS44GK5o6b44GR6Ie044GX44G+44GZ44GM44CB44GU55CG6Kej44GE44Gf44Gg44GR44G+44GZ44KI44GG44GK6aGY44GE6Ie044GX44G+44GZ44CCPC9wPgo8L2Rpdj4gLS0+CgoKCjwhLS0g5LiA6YOo5Zyw5Z+f44Gn44Gu6YWN6YGU6YGF5bu244Gr44Gk44GN44G+44GX44GmIC0tPgoKCjwhLS0g44Kv44O844Od44OzIAo8aW1nIHNyYz0iaHR0cDovL3d3dy5yYWt1dGVuLm5lLmpwL2dvbGQvZXNwb3J0cy9ibi9jb3Vwb24vY291cG9uNzcwLmdpZiIgYWx0PSIyMDDlhoZPRkbjgq/jg7zjg53jg7MiPiAtLT4KCgoKPCEtLSA8aW1nIHNyYz0iaHR0cDovL3d3dy5yYWt1dGVuLm5lLmpwL2dvbGQvZXNwb3J0cy9ibi9hZGlkYXMvYWRpZGFzLWJuMzU3LmpwZyIgYWx0PSJhZGlkYXPjg53jgqTjg7Pjg4gxNeWAjSI+IC0tPgoKCjxicj4=,44Ot44OD44K477yITE9ER0XvvIkgSEUg44K544Kt44Os44OD44OI44Kr44OQ44O8IDUgSDVNSUMg44CQ44OV44Op44Kk44OR44OzIOODleOCvyDpi7PpiYQg44Ki44Km44OI44OJ44KiIOODkOODvOODmeOCreODpeODvOOAke+8mu+9he+8s++8sO+8r++8su+8tO+8s+alveWkqeaUr+W6lw==,44Ki44Km44OI44OJ44Ki44Kt44Oj44Oz44OX44OQ44O844OZ44Kt44Ol44O844OG44Oz44OI44K/44O844OX44OG44O844OW44Or44OB44Kn44Ki44K344Ol44Op44OV44Op44Oz44K/44Oz44Kv44O844Op44O844Oc44OD44Kv44K544Kz44O844Or44Oe44Oz44OO44O844K544OV44Kn44Kk44K544K544Od44O844OE44OV44Kj44OD44OI44ON44K544OA44Kk44Ko44OD44OI44OI44Os44O844OL44Oz44Kw44OX44Ot44OG44Kk44Oz44K144OX44Oq44Oh44Oz44OI44OA44Oz44OZ44Or44K144OD44Kr44O844Ot44OD44K477yITE9ER0XvvIkgSEUg44K544Kt44Os44OD44OI44Kr44OQ44O8IDUgSDVNSUMg44CQ44OV44Op44Kk44OR44OzIOODleOCvyDpi7PpiYQg44Ki44Km44OI44OJ44KiIOODkOODvOODmeOCreODpeODvOOAkQ==,44Ot44OD44K477yITE9ER0XvvIkgSEUg44K544Kt44Os44OD44OI44Kr44OQ44O8IDUgSDVNSUMg44CQ44OV44Op44Kk44OR44OzIOODleOCvyDpi7PpiYQg44Ki44Km44OI44OJ44KiIOODkOODvOODmeOCreODpeODvOOAkQ==[rn]
34-75337,aHR0cDovL3RzaG9wLnIxMHMuanAvZXNwb3J0cy9jYWJpbmV0Lzk0NjMvOTQ2MzEwNDAwMDEyNi5qcGc/Zml0aW49NzAwOjcwMA==,MzkwNC44MDAw,,44K544Od44O844OE44O744Ki44Km44OI44OJ44KiID4g44Ki44Km44OI44OJ44KiID4g44OQ44O844G544Kt44Ol44O844O744Kv44OD44Kt44Oz44Kw55So5ZOBID4g44Kv44OD44Kr44O8,44Kt44Oj44OX44OG44Oz44K544K/44OD44Kw77yIQ0FQVEFJTlNUQUfvvIkgM+WxpOmLvOOBlOOBr+OCk+eCiuOBjeOCr+ODg+OCq+ODvO+8iDXlkIjvvIkgTS04NjEwIOOAkOOCreODo+ODs+ODlyDjgqLjgqbjg4jjg4njgqIg5paZ55CG44CR,,PCEtLWltZ190YWdzLS0+PHRhYmxlIGJvcmRlcj0iMCIgd2lkdGg9IjY1MCI+PFRSPjxURCBhbGlnbj0iY2VudGVyIj48QSBocmVmPSJodHRwOi8vd3d3LnJha3V0ZW4uY28uanAvZXNwb3J0cy9pbmZvMi5odG1sI2RlciI+PElNRyBzcmM9Imh0dHA6Ly93d3cucmFrdXRlbi5uZS5qcC9nb2xkL2VzcG9ydHMvc3VwcG9ydC9zaGlwcGluZzIuZ2lmIiBib3JkZXI9IjAiPjwvQT48QSBocmVmPSJodHRwOi8vd3d3LnJha3V0ZW4ubmUuanAvZ29sZC9lc3BvcnRzL3N1cHBvcnQvZGlzcGF0Y2guaHRtbCI+PElNRyBzcmM9Imh0dHA6Ly93d3cucmFrdXRlbi5uZS5qcC9nb2xkL2VzcG9ydHMvc3VwcG9ydC9kYXlzMi5naWYiIGJvcmRlcj0iMCI+PC9BPjxBIGhyZWY9Imh0dHA6Ly93d3cucmFrdXRlbi5uZS5qcC9nb2xkL2VzcG9ydHMvc3VwcG9ydC9kaXNwYXRjaC5odG1sIj48SU1HIHNyYz0iaHR0cDovL3d3dy5yYWt1dGVuLm5lLmpwL2dvbGQvZXNwb3J0cy9zdXBwb3J0L3BsYWNlMi5naWYiIGJvcmRlcj0iMCI+PC9BPjxBIGhyZWY9Imh0dHA6Ly93d3cucmFrdXRlbi5jby5qcC9lc3BvcnRzL2luZm8yLmh0bWwjYmFjayI+PElNRyBzcmM9Imh0dHA6Ly93d3cucmFrdXRlbi5uZS5qcC9nb2xkL2VzcG9ydHMvc3VwcG9ydC9yZXR1cm4xLmdpZiIgYm9yZGVyPSIwIj48L0E+PC90ZD48L3RyPjwvdGFibGU+PCEtLWltZ190YWdlLS0+55CG5oOz55qE44Gr54ax44KS5Lyd44GI44KL6Luf6YmE44KS44CB6ICQ6aOf5oCn44Gr5YSq44KM44GfMTjvvI0xMOOCueODhuODs+ODrOOCueOBp+OBr+OBleOCk+OBoDPlsaTpi7zvvIg15bGk5qeL6YCg77yJ44CCPGJyPuaKnOe+pOOBrueGseWKueeOh+OBqOWEquOCjOOBn+iAkOS5heaAp+OCkuiqh+OCiuOAgeeBq+WKm+OBruW8t+OBhOeEmueBq+OChOOAgeOBvuOBmeOBvuOBmeW8t+WKm+WMluOBmeOCi+OCrOOCueODkOODvOODiuODvOOBq+OCguOBl+OBo+OBi+OCiuWvvuW/nOOBl+OBpuOBhOOBvuOBmeOAgjxicj7lnLDpnaLjgavokL3jgajjgZfjgZ/jgorjgIHpgYvmkKzmmYLjgarjganjgavjgbbjgaTjgZHjgovjgajjgYTjgaPjgZ/lsJHjgZfjgY/jgonjgYTjga7ooZ3mkoPjgavjgoLogJDjgYjjgb7jgZnjgII8YnI+5Y+O57SN44K544K/44Kk44Or44Gv44KC44Gh44KN44KT44CB56mN44G/6YeN44Gt44Gm44Kz44Oz44OR44Kv44OI44Gr44CCPGJyPjxicj48aW1nIHNyYz0iaHR0cDovL2ltYWdlLnJha3V0ZW4uY28uanAvZXNwb3J0cy9jYWJpbmV0L2JuL2ZpcmVncmlsbDUwMC5naWYiIGFsdD0i44OV44Kh44Kk44Ki44Kw44Oq44Or77yB44GK5b6X44Gq44Kt44Oj44Oq44O844OQ44OD44Kw44K744OD44OI77yBIiBib3JkZXI9IjAiPjxicj48YnI+PCEtLW1rX3RhZ3MtLT48UD48SU1HIHNyYz0iaHR0cDovL3d3dy5yYWt1dGVuLm5lLmpwL2dvbGQvZXNwb3J0cy9ibi9qeXVoYXR0eXV1NTIwLTYwLmpwZyIgd2lkdGg9IjUyMCIgaGVpZ2h0PSI2MCIgYm9yZGVyPSIwIj48L1A+PCEtLW1rX3RhZ2UtLT48IS0tc3BlY190YWdzLS0+PHA+PHRhYmxlIGJvcmRlcj0xIHdpZHRoPTU0MCBib3JkZXJjb2xvcj0jRU9FRUVFPjx0cj48dGQgYWxpZ249Y2VudGVyIHZhbGlnbj1taWRkbGUgd2lkdGg9NDAlIGhlaWdodD0yNSBiZ2NvbG9yPSNGT0ZGRkY+PHN0cm9uZz48Zm9udCBjb2xvcj0jM0E1RkNEPuOCteOCpOOCujwvZm9udD48L3N0cm9uZz48L3RkPjx0ZCB3aWR0aD02MCU+44CA4pag77yI57SE77yJ5aSW5b6EMTc1w5fpq5jjgZUxNDBtbe+8iOacrOS9k+OBruOBv++8iTwvdGQ+PC90cj48dHI+PHRkIGFsaWduPWNlbnRlciB2YWxpZ249bWlkZGxlIHdpZHRoPTQwJSBoZWlnaHQ9MjUgYmdjb2xvcj0jRk9GRkZGPjxzdHJvbmc+PGZvbnQgY29sb3I9IzNBNUZDRD7ph43ph488L2ZvbnQ+PC9zdHJvbmc+PC90ZD48dGQgd2lkdGg9NjAlPuOAgOKWoO+8iOe0hO+8iTgxMGc8L3RkPjwvdHI+PHRyPjx0ZCBhbGlnbj1jZW50ZXIgdmFsaWduPW1pZGRsZSB3aWR0aD00MCUgaGVpZ2h0PTI1IGJnY29sb3I9I0ZPRkZGRj48c3Ryb25nPjxmb250IGNvbG9yPSMzQTVGQ0Q+5a656YePPC9mb250Pjwvc3Ryb25nPjwvdGQ+PHRkIHdpZHRoPTYwJT7jgIDilqDvvIjntITvvIkyLjVMPC90ZD48L3RyPjx0cj48dGQgYWxpZ249Y2VudGVyIHZhbGlnbj1taWRkbGUgd2lkdGg9NDAlIGhlaWdodD0yNSBiZ2NvbG9yPSNGT0ZGRkY+PHN0cm9uZz48Zm9udCBjb2xvcj0jM0E1RkNEPuadkOizqjwvZm9udD48L3N0cm9uZz48L3RkPjx0ZCB3aWR0aD02MCU+44CA4pag5pys5L2T77ya44K544OG44Oz44Os44K56Yu877yI44Kv44Ot44OgMTjvvIXjg7vjg4vjg4PjgrHjg6s8YnI+44CA44CAMTDvvIXvvInjg7vpiYQ8YnI+44CA4pag44Gk44KL44O744G144Gf77yaMTgtOOOCueODhuODs+ODrOOCuemLvDxicj7jgIDilqDjgaTjgb7jgb/vvJrlpKnnhLbmnKg8L3RkPjwvdHI+PC90YWJsZT48YnI+4peP5qSc57Si55So77ya6YGL5YuV5LyaPGJyPjxicj48IS0tc3BlY190YWdlLS0+PGJyPjxicj48YnI+PGZvbnQgc2l6ZT0iLTEiPuODoeODvOOCq+ODvOW4jOacm+Wwj+WjsuS+oeagvOOBr+ODoeODvOOCq+ODvOOCq+OCv+ODreOCsOOBq+WfuuOBpeOBhOOBpuaOsui8ieOBl+OBpuOBhOOBvuOBmTxicj48L2ZvbnQ+PGltZyBzcmM9Imh0dHA6Ly9pbWFnZS5yYWt1dGVuLmNvLmpwL2VzcG9ydHMvY2FiaW5ldC9ldmlkZW5jZS9ldmlkZW5jZTIuanBnIiBib3JkZXI9IjAiIGFsdD0i44Ko44OT44OH44Oz44K5Ij48bGluayByZWw9InN0eWxlc2hlZXQiIHR5cGU9InRleHQvY3NzIiBocmVmPSJodHRwOi8vd3d3LnJha3V0ZW4ubmUuanAvZ29sZC9lc3BvcnRzL3Nob3BwaW5nX3BhcnRzLmNzcyI+Cgo8ZGl2IHN0eWxlPSJtYXJnaW4tdG9wOi0yNnB4OyI+PC9kaXY+Cgo8aW1nIHNyYz0iaHR0cDovL3d3dy5yYWt1dGVuLm5lLmpwL2dvbGQvZXNwb3J0cy9ibi9wb2ludC9wb2ludF9iYmIuanBnIiBhbHQ9IjMwMDDlhobku6XkuIrjgafjg53jgqTjg7Pjg4jvvJPlgI0iIGJvcmRlcj0iMCIgd2lkdGg9Ijc1MHB4Ij4KCjwhLS0g44K744O844OrIDxpbWcgc3JjPSJodHRwOi8vd3d3LnJha3V0ZW4ubmUuanAvZ29sZC9lc3BvcnRzL25ld3llYXItc2FsZS9uZXd5ZWFyLXNhbGUtNzgwLmpwZyIgYm9yZGVyPSIwIiBhbHQ9IuOCu+ODvOODqyIgd2lkdGg9Ijc3MHB4Ij48YnI+PGJyPiDjgrvjg7zjg6sgLS0+Cgo8IS0tIOOCueODvOODkeODvOOCu+ODvOODqyA8ZGl2IHN0eWxlPSJ3aWR0aCA6IDc1MHB4OyI+CjxkaXYgYWxpZ249ImNlbnRlciIgc3R5bGU9Im1hcmdpbi1ib3R0b20gOiAwcHg7Ym9yZGVyLXdpZHRoIDogMnB4O2JvcmRlci1zdHlsZSA6IHNvbGlkO2JvcmRlci1jb2xvciA6ICNiYzExMzE7Ij4KCjwvZGl2PjwvZGl2PjxkaXYgY2xhc3M9Im1hcmdpbjUiPjwvZGl2Pjxicj4g44K544O844OR44O844K744O844OrLS0+Cgo8IS0tIOOCueODvOODkeODvOOCu+ODvOODqzIg77yI44OQ44OK44O844Gu44G/77yJPGltZyBzcmM9Imh0dHA6Ly93d3cucmFrdXRlbi5uZS5qcC9nb2xkL2VzcG9ydHMvc3BzYWxlL3NhbGUtYm43ODAuanBnIiBib3JkZXI9IjAiIGFsdD0i44K744O844OrIiB3aWR0aD0iNzcwcHgiPjxicj48YnI+IOOCueODvOODkeODvCAtLT4KCjxkaXYgY2xhc3M9ImNvbnRlbnRzIj48IS0tIOWRiuefpSAKPGRpdiBzdHlsZT0id2lkdGg6NzM2cHg7IHBhZGRpbmc6MTVweDsgbWFyZ2luOjVweCAwIDE1cHg7IGJvcmRlcjpzb2xpZCAjRTYyRjJGIDJweDsiPgo8cCBzdHlsZT0iZm9udC13ZWlnaHQ6Ym9sZDsgZm9udC1zaXplOjE3cHg7IHRleHQtYWxpZ246Y2VudGVyOyI+44CQIDxzcGFuIHN0eWxlPSJib3JkZXItYm90dG9tOjJweCBkb3R0ZWQgIzk5OTsgZm9udC1zaXplOjE1cHg7Ij415pyIMjbml6Uo6YeRKeOBruWWtualreOBq+OBpOOBhOOBpjwvc3Bhbj4g44CRPC9wPgo8cCBzdHlsZT0iZm9udC1zaXplOjEzcHg7IG1hcmdpbi10b3A6MTVweDsiPuiqoOOBq+WLneaJi+OBquOBjOOCiTXmnIgyNuaXpSjph5Ep44Gv44CB56S+5YaF56CU5L+u44Gu44Gf44KB44CB5Za25qWt5pmC6ZaT44KS5Y2I5YmNMTLvvJowMOOBvuOBp+OBqOOBleOBm+OBpuOBhOOBn+OBoOOBjeOBvuOBmeOAguWwmuOAgeOAjOOBguOBmealveOAjeWvvuW/nOWTgeOBq+OBpOOBjeOBvuOBl+OBpuOBr+OAgemAmuW4uOmAmuOCijEy77yaMDDjgb7jgafjga7jgZTms6jmlofjgpLlvZPml6XnmbrpgIHjgZXjgZvjgabjgYTjgZ/jgaDjgY3jgb7jgZnjgII8L3A+CjxwIHN0eWxlPSJmb250LXNpemU6MTNweDsgbWFyZ2luLXRvcDoxNXB4OyI+44GK5a6i5qeY44Gr44Gv44GU5LiN5L6/44KS44GK5o6b44GR6Ie044GX44G+44GZ44GM44CB44GU55CG6Kej44Gu56iL44CB5a6c44GX44GP44GK6aGY44GE6Ie044GX44G+44GZ44CCPC9wPgo8L2Rpdj4gLS0+CgoKPCEtLSA8ZGl2IHN0eWxlPSJ3aWR0aDo3MzZweDsgcGFkZGluZzoxNXB4OyBtYXJnaW46NXB4IDAgMTVweDsgYm9yZGVyOnNvbGlkICNFNjJGMkYgMnB4OyI+CjxwIHN0eWxlPSJmb250LXdlaWdodDpib2xkOyBmb250LXNpemU6MTdweDsgdGV4dC1hbGlnbjpjZW50ZXI7IG1hcmdpbjowOyI+44CQIDxzcGFuIHN0eWxlPSJib3JkZXItYm90dG9tOjJweCBkb3R0ZWQgIzk5OTsgZm9udC1zaXplOjE1cHg7Ij7lpKnlgJnkuI3oia/jga7lvbHpn7/jgavjgojjgovphY3pgIHpgYXlu7bjgavjgaTjgYTjgaY8L3NwYW4+IOOAkTwvcD4KPHAgc3R5bGU9ImZvbnQtc2l6ZToxM3B4OyBtYXJnaW46MTVweCAwIDA7Ij7lj7Dpoqjjg7vosarpm6jnrYnjga7lpKnlgJnkuI3oia/jgavkvLTjgYTjgIHkuIDpg6jlnLDln5/jgafjgYrojbfnianjga7jgYrlsYrjgZHjgavpgYXjgozjgYznmbrnlJ/jgZnjgovmgZDjgozjgYzjgZTjgZbjgYTjgb7jgZnjgII8L3A+CjxwIHN0eWxlPSJmb250LXNpemU6MTNweDsgbWFyZ2luOjdweCAwIDA7Ij7jgb7jgZ/jgIHku4rlvozjga7lj7Dpoqjjga7pgLLot6/jgavjgojjgaPjgabjga/jgIHluoPnr4Tlm7Ljga7lnLDln5/jgafpgYXjgozjgYznlJ/jgZjjgovlj6/og73mgKfjgYzjgYLjgorjgb7jgZnjgILlnLDln5/jgoTjgr/jgqTjg5/jg7PjgrDjgavjgojjgaPjgabjgIHjgZTluIzmnJvjga7jgYrlsYrjgZHml6XmmYLjgavphY3pgZTjgafjgY3jgarjgYTloLTlkIjjgYzjgZTjgZbjgYTjgb7jgZnjgII8L3A+CjxwIHN0eWxlPSJmb250LXNpemU6MTNweDsgbWFyZ2luOjdweCAwIDA7Ij7jgYrlrqLmp5jjgavjga/lpKflpInjgZTov7fmg5HjgpLjgYrmjpvjgZHoh7TjgZfjgb7jgZnjgYzjgIHjgZTnkIbop6PjgYTjgZ/jgaDjgZHjgb7jgZnjgojjgYbjgYrpoZjjgYToh7TjgZfjgb7jgZnjgII8L3A+CjwvZGl2PiAtLT4KCgoKPCEtLSDkuIDpg6jlnLDln5/jgafjga7phY3pgZTpgYXlu7bjgavjgaTjgY3jgb7jgZfjgaYgLS0+CgoKPCEtLSDjgq/jg7zjg53jg7MgCjxpbWcgc3JjPSJodHRwOi8vd3d3LnJha3V0ZW4ubmUuanAvZ29sZC9lc3BvcnRzL2JuL2NvdXBvbi9jb3Vwb243NzAuZ2lmIiBhbHQ9IjIwMOWGhk9GRuOCr+ODvOODneODsyI+IC0tPgoKCgo8IS0tIDxpbWcgc3JjPSJodHRwOi8vd3d3LnJha3V0ZW4ubmUuanAvZ29sZC9lc3BvcnRzL2JuL2FkaWRhcy9hZGlkYXMtYm4zNTcuanBnIiBhbHQ9ImFkaWRhc+ODneOCpOODs+ODiDE15YCNIj4gLS0+CgoKPGJyPg==,44Kt44Oj44OX44OG44Oz44K544K/44OD44Kw77yIQ0FQVEFJTlNUQUfvvIkgM+WxpOmLvOOBlOOBr+OCk+eCiuOBjeOCr+ODg+OCq+ODvO+8iDXlkIjvvIkgTS04NjEwIOOAkOOCreODo+ODs+ODlyDjgqLjgqbjg4jjg4njgqIg5paZ55CG44CR77ya772F77yz77yw77yv77yy77y077yz5qW95aSp5pSv5bqX,44Ki44Km44OI44OJ44Ki44Kt44Oj44Oz44OX44OQ44O844OZ44Kt44Ol44O844OG44Oz44OI44K/44O844OX44OG44O844OW44Or44OB44Kn44Ki44K344Ol44Op44OV44Op44Oz44K/44Oz44Kv44O844Op44O844Oc44OD44Kv44K544Kz44O844Or44Oe44Oz44OO44O844K544OV44Kn44Kk44K544K544Od44O844OE44OV44Kj44OD44OI44ON44K544OA44Kk44Ko44OD44OI44OI44Os44O844OL44Oz44Kw44OX44Ot44OG44Kk44Oz44K144OX44Oq44Oh44Oz44OI44OA44Oz44OZ44Or44K144OD44Kr44O844Kt44Oj44OX44OG44Oz44K544K/44OD44Kw77yIQ0FQVEFJTlNUQUfvvIkgM+WxpOmLvOOBlOOBr+OCk+eCiuOBjeOCr+ODg+OCq+ODvO+8iDXlkIjvvIkgTS04NjEwIOOAkOOCreODo+ODs+ODlyDjgqLjgqbjg4jjg4njgqIg5paZ55CG44CR,44Kt44Oj44OX44OG44Oz44K544K/44OD44Kw77yIQ0FQVEFJTlNUQUfvvIkgM+WxpOmLvOOBlOOBr+OCk+eCiuOBjeOCr+ODg+OCq+ODvO+8iDXlkIjvvIkgTS04NjEwIOOAkOOCreODo+ODs+ODlyDjgqLjgqbjg4jjg4njgqIg5paZ55CG44CR[rn]
34-75338,aHR0cDovL3RzaG9wLnIxMHMuanAvZXNwb3J0cy9jYWJpbmV0LzkyMTMvOTIxMzMxMDQ5MDAyMy5qcGc/Zml0aW49NzAwOjcwMA==,MjUwNS42MDAw,,44K544Od44O844OE44O744Ki44Km44OI44OJ44KiID4g44Ki44Km44OI44OJ44KiID4g44OQ44O844G544Kt44Ol44O844O744Kv44OD44Kt44Oz44Kw55So5ZOBID4g44Kv44OD44Kr44O8,44Ko44Og44Ko44K544Ki44O844Or77yITVNS77yJIEFMUElOReOCueODiOOCouOCpuOCp+OCpOODneODg+ODiDc3NWNjIDM5MTA4IOOAkOOCr+ODg+OCq+ODvOOAkeOAkE1TUjMy44CR,,PCEtLWltZ190YWdzLS0+PHRhYmxlIGJvcmRlcj0iMCIgd2lkdGg9IjY1MCI+PFRSPjxURCBhbGlnbj0iY2VudGVyIj48QSBocmVmPSJodHRwOi8vd3d3LnJha3V0ZW4uY28uanAvZXNwb3J0cy9pbmZvMi5odG1sI2RlciI+PElNRyBzcmM9Imh0dHA6Ly93d3cucmFrdXRlbi5uZS5qcC9nb2xkL2VzcG9ydHMvc3VwcG9ydC9zaGlwcGluZzIuZ2lmIiBib3JkZXI9IjAiPjwvQT48QSBocmVmPSJodHRwOi8vd3d3LnJha3V0ZW4ubmUuanAvZ29sZC9lc3BvcnRzL3N1cHBvcnQvZGlzcGF0Y2guaHRtbCI+PElNRyBzcmM9Imh0dHA6Ly93d3cucmFrdXRlbi5uZS5qcC9nb2xkL2VzcG9ydHMvc3VwcG9ydC9kYXlzMS5naWYiIGJvcmRlcj0iMCI+PC9BPjxBIGhyZWY9Imh0dHA6Ly93d3cucmFrdXRlbi5uZS5qcC9nb2xkL2VzcG9ydHMvc3VwcG9ydC9kaXNwYXRjaC5odG1sIj48SU1HIHNyYz0iaHR0cDovL3d3dy5yYWt1dGVuLm5lLmpwL2dvbGQvZXNwb3J0cy9zdXBwb3J0L3BsYWNlMi5naWYiIGJvcmRlcj0iMCI+PC9BPjxBIGhyZWY9Imh0dHA6Ly93d3cucmFrdXRlbi5jby5qcC9lc3BvcnRzL2luZm8yLmh0bWwjYmFjayI+PElNRyBzcmM9Imh0dHA6Ly93d3cucmFrdXRlbi5uZS5qcC9nb2xkL2VzcG9ydHMvc3VwcG9ydC9yZXR1cm4xLmdpZiIgYm9yZGVyPSIwIj48L0E+PC90ZD48L3RyPjwvdGFibGU+PCEtLWltZ190YWdlLS0+6Kq/55CG44Go6aOf5paZ44Gu5L+d5a2Y44Gr5pyA6YGp44CC44GT44KM44KJ44Gu5aSa55So6YCU6Y2L44Gv44CB5oyB44Gh5LiK44GS44GM57Ch5Y2Y44Gn5L+d566h44GM5a6J5YWo44Gq44CB44OS44Oz44K45byP5Y+W44Gj5omL44GM54m56Imy44Gn44GZ44CCPGJyPjxicj48Yj7imIZBTFBJTkXvvIjjgqLjg6vjg5HjgqTjg7PvvInimIY8L2I+PGJyPuiNkuOBo+OBveOBhOS9v+eUqOOBq+OCguiAkOOBiOOCieOCjOOCi+OCiOOBhuOBq+mgkeS4iOOBq+mAoOOCieOCjOOBpuOBhOOCi+OCouODq+ODkeOCpOODs+ODu+OCt+ODquODvOOCuuOBr+OBhOOBpOOBvuOBp+OCguS9v+OBiOOBvuOBmeOAguWkp+S6uuaVsOOBruODmeODvOOCueOCreODo+ODs+ODl+OBp+OBruiqv+eQhuWQkeOBjeOBp+OBmeOAguKAu+ato+imj+WPluaJseWTgeOBp+OBmeOBjOOAgeWIneacn+S4jeiJr+OCkumZpOOBjeOAgeODoeODvOOCq+ODvOS/neiovOOBjOWPl+OBkeOCieOCjOOBquOBhOWgtOWQiOOCguOBlOOBluOBhOOBvuOBmeOAgjxicj48YnI+PCEtLW1rX3RhZ3MtLT48UD48SU1HIHNyYz0iaHR0cDovL3d3dy5yYWt1dGVuLm5lLmpwL2dvbGQvZXNwb3J0cy9ibi9qeXVoYXR0eXV1NTIwLTYwLmpwZyIgd2lkdGg9IjUyMCIgaGVpZ2h0PSI2MCIgYm9yZGVyPSIwIj48L1A+PCEtLW1rX3RhZ2UtLT48cD48dGFibGUgYm9yZGVyPSIxIiB3aWR0aD0iNTQwIiBjZWxsc3BhY2luZz0iMCIgY2VsbHBhZGRpbmc9IjUiIGJvcmRlcmNvbG9yPSIjY2JlZGZlIj48dHI+PHRkIGFsaWduPSJjZW50ZXIiIHdpZHRoPSIyMTYiIGJnY29sb3I9IiNmb2ZmZmYiPjxiPjxmb250IGNvbG9yPSIjMDAwMGZmIj7ph43ph4/vvIjntITvvIk8L2ZvbnQ+PC9iPjwvdGQ+PHRkIHdpZHRoPSIzMjQiPjM2NWc8L3RkPjwvdHI+PHRyPjx0ZCBhbGlnbj0iY2VudGVyIiB3aWR0aD0iMjE2IiBiZ2NvbG9yPSIjZm9mZmZmIj48Yj48Zm9udCBjb2xvcj0iIzAwMDBmZiI+5a656YeP77yI57SE77yJPC9mb250PjwvYj48L3RkPjx0ZCB3aWR0aD0iMzI0Ij43NzVjYzwvdGQ+PC90cj48dHI+PHRkIGFsaWduPSJjZW50ZXIiIHdpZHRoPSIyMTYiIGJnY29sb3I9IiNmb2ZmZmYiPjxiPjxmb250IGNvbG9yPSIjMDAwMGZmIj7jgrvjg4Pjg4jlhoXlrrk8L2ZvbnQ+PC9iPjwvdGQ+PHRkIHdpZHRoPSIzMjQiPumNi+OAgeiTizwvdGQ+PC90cj48L3RhYmxlPjxicj48bGluayByZWw9InN0eWxlc2hlZXQiIHR5cGU9InRleHQvY3NzIiBocmVmPSJodHRwOi8vd3d3LnJha3V0ZW4ubmUuanAvZ29sZC9lc3BvcnRzL3Nob3BwaW5nX3BhcnRzLmNzcyI+Cgo8ZGl2IHN0eWxlPSJtYXJnaW4tdG9wOi0yNnB4OyI+PC9kaXY+Cgo8aW1nIHNyYz0iaHR0cDovL3d3dy5yYWt1dGVuLm5lLmpwL2dvbGQvZXNwb3J0cy9ibi9wb2ludC9wb2ludF9iYmIuanBnIiBhbHQ9IjMwMDDlhobku6XkuIrjgafjg53jgqTjg7Pjg4jvvJPlgI0iIGJvcmRlcj0iMCIgd2lkdGg9Ijc1MHB4Ij4KCjwhLS0g44K744O844OrIDxpbWcgc3JjPSJodHRwOi8vd3d3LnJha3V0ZW4ubmUuanAvZ29sZC9lc3BvcnRzL25ld3llYXItc2FsZS9uZXd5ZWFyLXNhbGUtNzgwLmpwZyIgYm9yZGVyPSIwIiBhbHQ9IuOCu+ODvOODqyIgd2lkdGg9Ijc3MHB4Ij48YnI+PGJyPiDjgrvjg7zjg6sgLS0+Cgo8IS0tIOOCueODvOODkeODvOOCu+ODvOODqyA8ZGl2IHN0eWxlPSJ3aWR0aCA6IDc1MHB4OyI+CjxkaXYgYWxpZ249ImNlbnRlciIgc3R5bGU9Im1hcmdpbi1ib3R0b20gOiAwcHg7Ym9yZGVyLXdpZHRoIDogMnB4O2JvcmRlci1zdHlsZSA6IHNvbGlkO2JvcmRlci1jb2xvciA6ICNiYzExMzE7Ij4KCjwvZGl2PjwvZGl2PjxkaXYgY2xhc3M9Im1hcmdpbjUiPjwvZGl2Pjxicj4g44K544O844OR44O844K744O844OrLS0+Cgo8IS0tIOOCueODvOODkeODvOOCu+ODvOODqzIg77yI44OQ44OK44O844Gu44G/77yJPGltZyBzcmM9Imh0dHA6Ly93d3cucmFrdXRlbi5uZS5qcC9nb2xkL2VzcG9ydHMvc3BzYWxlL3NhbGUtYm43ODAuanBnIiBib3JkZXI9IjAiIGFsdD0i44K744O844OrIiB3aWR0aD0iNzcwcHgiPjxicj48YnI+IOOCueODvOODkeODvCAtLT4KCjxkaXYgY2xhc3M9ImNvbnRlbnRzIj48IS0tIOWRiuefpSAKPGRpdiBzdHlsZT0id2lkdGg6NzM2cHg7IHBhZGRpbmc6MTVweDsgbWFyZ2luOjVweCAwIDE1cHg7IGJvcmRlcjpzb2xpZCAjRTYyRjJGIDJweDsiPgo8cCBzdHlsZT0iZm9udC13ZWlnaHQ6Ym9sZDsgZm9udC1zaXplOjE3cHg7IHRleHQtYWxpZ246Y2VudGVyOyI+44CQIDxzcGFuIHN0eWxlPSJib3JkZXItYm90dG9tOjJweCBkb3R0ZWQgIzk5OTsgZm9udC1zaXplOjE1cHg7Ij415pyIMjbml6Uo6YeRKeOBruWWtualreOBq+OBpOOBhOOBpjwvc3Bhbj4g44CRPC9wPgo8cCBzdHlsZT0iZm9udC1zaXplOjEzcHg7IG1hcmdpbi10b3A6MTVweDsiPuiqoOOBq+WLneaJi+OBquOBjOOCiTXmnIgyNuaXpSjph5Ep44Gv44CB56S+5YaF56CU5L+u44Gu44Gf44KB44CB5Za25qWt5pmC6ZaT44KS5Y2I5YmNMTLvvJowMOOBvuOBp+OBqOOBleOBm+OBpuOBhOOBn+OBoOOBjeOBvuOBmeOAguWwmuOAgeOAjOOBguOBmealveOAjeWvvuW/nOWTgeOBq+OBpOOBjeOBvuOBl+OBpuOBr+OAgemAmuW4uOmAmuOCijEy77yaMDDjgb7jgafjga7jgZTms6jmlofjgpLlvZPml6XnmbrpgIHjgZXjgZvjgabjgYTjgZ/jgaDjgY3jgb7jgZnjgII8L3A+CjxwIHN0eWxlPSJmb250LXNpemU6MTNweDsgbWFyZ2luLXRvcDoxNXB4OyI+44GK5a6i5qeY44Gr44Gv44GU5LiN5L6/44KS44GK5o6b44GR6Ie044GX44G+44GZ44GM44CB44GU55CG6Kej44Gu56iL44CB5a6c44GX44GP44GK6aGY44GE6Ie044GX44G+44GZ44CCPC9wPgo8L2Rpdj4gLS0+CgoKPCEtLSA8ZGl2IHN0eWxlPSJ3aWR0aDo3MzZweDsgcGFkZGluZzoxNXB4OyBtYXJnaW46NXB4IDAgMTVweDsgYm9yZGVyOnNvbGlkICNFNjJGMkYgMnB4OyI+CjxwIHN0eWxlPSJmb250LXdlaWdodDpib2xkOyBmb250LXNpemU6MTdweDsgdGV4dC1hbGlnbjpjZW50ZXI7IG1hcmdpbjowOyI+44CQIDxzcGFuIHN0eWxlPSJib3JkZXItYm90dG9tOjJweCBkb3R0ZWQgIzk5OTsgZm9udC1zaXplOjE1cHg7Ij7lpKnlgJnkuI3oia/jga7lvbHpn7/jgavjgojjgovphY3pgIHpgYXlu7bjgavjgaTjgYTjgaY8L3NwYW4+IOOAkTwvcD4KPHAgc3R5bGU9ImZvbnQtc2l6ZToxM3B4OyBtYXJnaW46MTVweCAwIDA7Ij7lj7Dpoqjjg7vosarpm6jnrYnjga7lpKnlgJnkuI3oia/jgavkvLTjgYTjgIHkuIDpg6jlnLDln5/jgafjgYrojbfnianjga7jgYrlsYrjgZHjgavpgYXjgozjgYznmbrnlJ/jgZnjgovmgZDjgozjgYzjgZTjgZbjgYTjgb7jgZnjgII8L3A+CjxwIHN0eWxlPSJmb250LXNpemU6MTNweDsgbWFyZ2luOjdweCAwIDA7Ij7jgb7jgZ/jgIHku4rlvozjga7lj7Dpoqjjga7pgLLot6/jgavjgojjgaPjgabjga/jgIHluoPnr4Tlm7Ljga7lnLDln5/jgafpgYXjgozjgYznlJ/jgZjjgovlj6/og73mgKfjgYzjgYLjgorjgb7jgZnjgILlnLDln5/jgoTjgr/jgqTjg5/jg7PjgrDjgavjgojjgaPjgabjgIHjgZTluIzmnJvjga7jgYrlsYrjgZHml6XmmYLjgavphY3pgZTjgafjgY3jgarjgYTloLTlkIjjgYzjgZTjgZbjgYTjgb7jgZnjgII8L3A+CjxwIHN0eWxlPSJmb250LXNpemU6MTNweDsgbWFyZ2luOjdweCAwIDA7Ij7jgYrlrqLmp5jjgavjga/lpKflpInjgZTov7fmg5HjgpLjgYrmjpvjgZHoh7TjgZfjgb7jgZnjgYzjgIHjgZTnkIbop6PjgYTjgZ/jgaDjgZHjgb7jgZnjgojjgYbjgYrpoZjjgYToh7TjgZfjgb7jgZnjgII8L3A+CjwvZGl2PiAtLT4KCgoKPCEtLSDkuIDpg6jlnLDln5/jgafjga7phY3pgZTpgYXlu7bjgavjgaTjgY3jgb7jgZfjgaYgLS0+CgoKPCEtLSDjgq/jg7zjg53jg7MgCjxpbWcgc3JjPSJodHRwOi8vd3d3LnJha3V0ZW4ubmUuanAvZ29sZC9lc3BvcnRzL2JuL2NvdXBvbi9jb3Vwb243NzAuZ2lmIiBhbHQ9IjIwMOWGhk9GRuOCr+ODvOODneODsyI+IC0tPgoKCgo8IS0tIDxpbWcgc3JjPSJodHRwOi8vd3d3LnJha3V0ZW4ubmUuanAvZ29sZC9lc3BvcnRzL2JuL2FkaWRhcy9hZGlkYXMtYm4zNTcuanBnIiBhbHQ9ImFkaWRhc+ODneOCpOODs+ODiDE15YCNIj4gLS0+CgoKPGJyPg==,44Ko44Og44Ko44K544Ki44O844Or77yITVNS77yJIEFMUElOReOCueODiOOCouOCpuOCp+OCpOODneODg+ODiDc3NWNjIDM5MTA4IOOAkOOCr+ODg+OCq+ODvOOAkeOAkE1TUjMy44CR77ya772F77yz77yw77yv77yy77y077yz5qW95aSp5pSv5bqX,44Ki44Km44OI44OJ44Ki44Kt44Oj44Oz44OX44OQ44O844OZ44Kt44Ol44O844OG44Oz44OI44K/44O844OX44OG44O844OW44Or44OB44Kn44Ki44K344Ol44Op44OV44Op44Oz44K/44Oz44Kv44O844Op44O844Oc44OD44Kv44K544Kz44O844Or44Oe44Oz44OO44O844K544OV44Kn44Kk44K544K544Od44O844OE44OV44Kj44OD44OI44ON44K544OA44Kk44Ko44OD44OI44OI44Os44O844OL44Oz44Kw44OX44Ot44OG44Kk44Oz44K144OX44Oq44Oh44Oz44OI44OA44Oz44OZ44Or44K144OD44Kr44O844Ko44Og44Ko44K544Ki44O844Or77yITVNS77yJIEFMUElOReOCueODiOOCouOCpuOCp+OCpOODneODg+ODiDc3NWNjIDM5MTA4IOOAkOOCr+ODg+OCq+ODvOOAkeOAkE1TUjMy44CR,44Ko44Og44Ko44K544Ki44O844Or77yITVNS77yJIEFMUElOReOCueODiOOCouOCpuOCp+OCpOODneODg+ODiDc3NWNjIDM5MTA4IOOAkOOCr+ODg+OCq+ODvOOAkeOAkE1TUjMy44CR[rn]
34-75339,aHR0cDovL3RzaG9wLnIxMHMuanAvZXNwb3J0cy9jYWJpbmV0Lzk0MzAtMy85NDMwMzEwNDkwMzgwLmpwZz9maXRpbj03MDA6NzAw,NTkwOS42MDAw,,44K544Od44O844OE44O744Ki44Km44OI44OJ44KiID4g44Ki44Km44OI44OJ44KiID4g44OQ44O844G544Kt44Ol44O844O744Kv44OD44Kt44Oz44Kw55So5ZOBID4g44Kv44OD44Kr44O8,44Ot44OD44K477yITE9ER0XvvIkgTERHIOOCueODgeODvOODq+OCueOCreODrOODg+ODiOODq+ODvOODlyA4IENSUzhETEggMTkyNDAyMTkwMDAwMDAg44CQ44Ki44Km44OI44OJ44KiIOOCreODo+ODs+ODlyDjgrnjgq3jg6zjg4Pjg4gg44OV44Op44Kk44OR44OzIOaWmeeQhuOAkQ==,,PCEtLWltZ190YWdzLS0+PHRhYmxlIGJvcmRlcj0iMCIgd2lkdGg9IjY1MCI+PFRSPjxURCBhbGlnbj0iY2VudGVyIj48QSBocmVmPSJodHRwOi8vd3d3LnJha3V0ZW4uY28uanAvZXNwb3J0cy9pbmZvMi5odG1sI2RlciI+PElNRyBzcmM9Imh0dHA6Ly93d3cucmFrdXRlbi5uZS5qcC9nb2xkL2VzcG9ydHMvc3VwcG9ydC9zaGlwcGluZzIuZ2lmIiBib3JkZXI9IjAiPjwvQT48QSBocmVmPSJodHRwOi8vd3d3LnJha3V0ZW4ubmUuanAvZ29sZC9lc3BvcnRzL3N1cHBvcnQvZGlzcGF0Y2guaHRtbCI+PElNRyBzcmM9Imh0dHA6Ly93d3cucmFrdXRlbi5uZS5qcC9nb2xkL2VzcG9ydHMvc3VwcG9ydC9kYXlzMy5naWYiIGJvcmRlcj0iMCI+PC9BPjxBIGhyZWY9Imh0dHA6Ly93d3cucmFrdXRlbi5uZS5qcC9nb2xkL2VzcG9ydHMvc3VwcG9ydC9kaXNwYXRjaC5odG1sIj48SU1HIHNyYz0iaHR0cDovL3d3dy5yYWt1dGVuLm5lLmpwL2dvbGQvZXNwb3J0cy9zdXBwb3J0L3BsYWNlMy5naWYiIGJvcmRlcj0iMCI+PC9BPjxBIGhyZWY9Imh0dHA6Ly93d3cucmFrdXRlbi5jby5qcC9lc3BvcnRzL2luZm8yLmh0bWwjYmFjayI+PElNRyBzcmM9Imh0dHA6Ly93d3cucmFrdXRlbi5uZS5qcC9nb2xkL2VzcG9ydHMvc3VwcG9ydC9yZXR1cm4xLmdpZiIgYm9yZGVyPSIwIj48L0E+PC90ZD48L3RyPjwvdGFibGU+PCEtLWltZ190YWdlLS0+PHN0cm9uZz48Zm9udCBjb2xvcj0iIzAwMDBDRCIgc2l6ZT0iNCI+44Kr44O844Oc44Oz44K544OB44O844Or6KO944Gu44K544Kt44Os44OD44OI44Gr5L2/44GE44KE44GZ44GE44Or44O844OX44OP44Oz44OJ44Or44GM55m75aC044CCPGJyPjwvZm9udD48L3N0cm9uZz48YnI+4oC76aa05p+T44KT44Gg5rK544GM5oqc44GR44Gm44GX44G+44GG54K644CB44Gq44KL44G544GP5rSX5Ymk44KS5L2/44KP44Ga44Gr5rSX44Gj44Gm5LiL44GV44GE44CCPGJyPuOBquOBiuOAgeeEpuOBkuOChOiHreOBhOOBjOawl+OBq+OBquOCi+WgtOWQiOOBr+OAgemHjeabueOChOa0l+WJpOOBp+OBiuaJi+WFpeOCjOOCkuOBl+OBpuOBj+OBoOOBleOBhOOAgjxicj7jgb7jgZ/jgIHmtJfliaTjgpLkvb/nlKjjgZfjgabmtJfjgaPjgZ/jgYLjgajjgavjga/jgIHlv4XjgZrpjYvjgpLngavjgavjgYvjgZHjgablrozlhajjgavmsLTliIbjgpLokrjnmbrjgZXjgZvjgabjgYvjgonnhrHjgYzlhrfjgoHjgarjgYTjgYbjgaHjgavpo5/msrnjgafjgrfjg7zjgrrjg4vjg7PjgrDjgpLjgZfjgabjgY/jgaDjgZXjgYTjgII8YnI+PGJyPjxwPjx0YWJsZSBib3JkZXI9IjAiIHdpZHRoPSI5NyUiIGJnY29sb3I9IiNGRkZGRTAiPjx0cj48dGQ+PHN0cm9uZz48Zm9udCBjb2xvcj0iIzAwNjQwMCIgc2l6ZT0iMyI+44CQ6Zai6YCj5ZWG5ZOB44Gv44GT44Gh44KJ44Gn44GZ44CRPC9mb250Pjwvc3Ryb25nPjxicj7il4Yg44Gd44Gu5LuW44Ot44OD44K477yITE9ER0XvvInllYblk4Hjga/jgZPjgaHjgok8YnI+PC90ZD48L3RyPjwvdGFibGU+PCEtLW1rX3RhZ3MtLT48UD48SU1HIHNyYz0iaHR0cDovL3d3dy5yYWt1dGVuLm5lLmpwL2dvbGQvZXNwb3J0cy9ibi9qeXVoYXR0eXV1NTIwLTYwLmpwZyIgd2lkdGg9IjUyMCIgaGVpZ2h0PSI2MCIgYm9yZGVyPSIwIj48L1A+PCEtLW1rX3RhZ2UtLT48YnI+4peP566h55CGY29kZe+8mjc5ODI5NTk0PCEtLXNwZWNfdGFncy0tPjxwPjxzdHJvbmc+PGZvbnQgY29sb3I9IiMwMDAwQ0QiIHNpemU9IjMiPuOAkOWVhuWTgeOCueODmuODg+OCr+OAkTwvZm9udD48L3N0cm9uZz48YnI+4pePPHN0cm9uZz7jgrXjgqTjgro8L3N0cm9uZz4gOiBINmNtw5dXMjcuM8OXz4YyMC4zMmNtPGJyPuKXjzxzdHJvbmc+6YeN6YePPC9zdHJvbmc+IDogOTQ4Zzxicj7il488c3Ryb25nPuadkOizqjwvc3Ryb25nPiA6IOOCq+ODvOODnOODs+OCueODgeODvOODqzxicj48IS0tc3BlY190YWdlLS0+PGJyPjxsaW5rIHJlbD0ic3R5bGVzaGVldCIgdHlwZT0idGV4dC9jc3MiIGhyZWY9Imh0dHA6Ly93d3cucmFrdXRlbi5uZS5qcC9nb2xkL2VzcG9ydHMvc2hvcHBpbmdfcGFydHMuY3NzIj4KCjxkaXYgc3R5bGU9Im1hcmdpbi10b3A6LTI2cHg7Ij48L2Rpdj4KCjxpbWcgc3JjPSJodHRwOi8vd3d3LnJha3V0ZW4ubmUuanAvZ29sZC9lc3BvcnRzL2JuL3BvaW50L3BvaW50X2JiYi5qcGciIGFsdD0iMzAwMOWGhuS7peS4iuOBp+ODneOCpOODs+ODiO+8k+WAjSIgYm9yZGVyPSIwIiB3aWR0aD0iNzUwcHgiPgoKPCEtLSDjgrvjg7zjg6sgPGltZyBzcmM9Imh0dHA6Ly93d3cucmFrdXRlbi5uZS5qcC9nb2xkL2VzcG9ydHMvbmV3eWVhci1zYWxlL25ld3llYXItc2FsZS03ODAuanBnIiBib3JkZXI9IjAiIGFsdD0i44K744O844OrIiB3aWR0aD0iNzcwcHgiPjxicj48YnI+IOOCu+ODvOODqyAtLT4KCjwhLS0g44K544O844OR44O844K744O844OrIDxkaXYgc3R5bGU9IndpZHRoIDogNzUwcHg7Ij4KPGRpdiBhbGlnbj0iY2VudGVyIiBzdHlsZT0ibWFyZ2luLWJvdHRvbSA6IDBweDtib3JkZXItd2lkdGggOiAycHg7Ym9yZGVyLXN0eWxlIDogc29saWQ7Ym9yZGVyLWNvbG9yIDogI2JjMTEzMTsiPgoKPC9kaXY+PC9kaXY+PGRpdiBjbGFzcz0ibWFyZ2luNSI+PC9kaXY+PGJyPiDjgrnjg7zjg5Hjg7zjgrvjg7zjg6stLT4KCjwhLS0g44K544O844OR44O844K744O844OrMiDvvIjjg5Djg4rjg7zjga7jgb/vvIk8aW1nIHNyYz0iaHR0cDovL3d3dy5yYWt1dGVuLm5lLmpwL2dvbGQvZXNwb3J0cy9zcHNhbGUvc2FsZS1ibjc4MC5qcGciIGJvcmRlcj0iMCIgYWx0PSLjgrvjg7zjg6siIHdpZHRoPSI3NzBweCI+PGJyPjxicj4g44K544O844OR44O8IC0tPgoKPGRpdiBjbGFzcz0iY29udGVudHMiPjwhLS0g5ZGK55+lIAo8ZGl2IHN0eWxlPSJ3aWR0aDo3MzZweDsgcGFkZGluZzoxNXB4OyBtYXJnaW46NXB4IDAgMTVweDsgYm9yZGVyOnNvbGlkICNFNjJGMkYgMnB4OyI+CjxwIHN0eWxlPSJmb250LXdlaWdodDpib2xkOyBmb250LXNpemU6MTdweDsgdGV4dC1hbGlnbjpjZW50ZXI7Ij7jgJAgPHNwYW4gc3R5bGU9ImJvcmRlci1ib3R0b206MnB4IGRvdHRlZCAjOTk5OyBmb250LXNpemU6MTVweDsiPjXmnIgyNuaXpSjph5Ep44Gu5Za25qWt44Gr44Gk44GE44GmPC9zcGFuPiDjgJE8L3A+CjxwIHN0eWxlPSJmb250LXNpemU6MTNweDsgbWFyZ2luLXRvcDoxNXB4OyI+6Kqg44Gr5Yud5omL44Gq44GM44KJNeaciDI25pelKOmHkSnjga/jgIHnpL7lhoXnoJTkv67jga7jgZ/jgoHjgIHllrbmpa3mmYLplpPjgpLljYjliY0xMu+8mjAw44G+44Gn44Go44GV44Gb44Gm44GE44Gf44Gg44GN44G+44GZ44CC5bCa44CB44CM44GC44GZ5qW944CN5a++5b+c5ZOB44Gr44Gk44GN44G+44GX44Gm44Gv44CB6YCa5bi46YCa44KKMTLvvJowMOOBvuOBp+OBruOBlOazqOaWh+OCkuW9k+aXpeeZuumAgeOBleOBm+OBpuOBhOOBn+OBoOOBjeOBvuOBmeOAgjwvcD4KPHAgc3R5bGU9ImZvbnQtc2l6ZToxM3B4OyBtYXJnaW4tdG9wOjE1cHg7Ij7jgYrlrqLmp5jjgavjga/jgZTkuI3kvr/jgpLjgYrmjpvjgZHoh7TjgZfjgb7jgZnjgYzjgIHjgZTnkIbop6Pjga7nqIvjgIHlrpzjgZfjgY/jgYrpoZjjgYToh7TjgZfjgb7jgZnjgII8L3A+CjwvZGl2PiAtLT4KCgo8IS0tIDxkaXYgc3R5bGU9IndpZHRoOjczNnB4OyBwYWRkaW5nOjE1cHg7IG1hcmdpbjo1cHggMCAxNXB4OyBib3JkZXI6c29saWQgI0U2MkYyRiAycHg7Ij4KPHAgc3R5bGU9ImZvbnQtd2VpZ2h0OmJvbGQ7IGZvbnQtc2l6ZToxN3B4OyB0ZXh0LWFsaWduOmNlbnRlcjsgbWFyZ2luOjA7Ij7jgJAgPHNwYW4gc3R5bGU9ImJvcmRlci1ib3R0b206MnB4IGRvdHRlZCAjOTk5OyBmb250LXNpemU6MTVweDsiPuWkqeWAmeS4jeiJr+OBruW9semfv+OBq+OCiOOCi+mFjemAgemBheW7tuOBq+OBpOOBhOOBpjwvc3Bhbj4g44CRPC9wPgo8cCBzdHlsZT0iZm9udC1zaXplOjEzcHg7IG1hcmdpbjoxNXB4IDAgMDsiPuWPsOmiqOODu+ixqumbqOetieOBruWkqeWAmeS4jeiJr+OBq+S8tOOBhOOAgeS4gOmDqOWcsOWfn+OBp+OBiuiNt+eJqeOBruOBiuWxiuOBkeOBq+mBheOCjOOBjOeZuueUn+OBmeOCi+aBkOOCjOOBjOOBlOOBluOBhOOBvuOBmeOAgjwvcD4KPHAgc3R5bGU9ImZvbnQtc2l6ZToxM3B4OyBtYXJnaW46N3B4IDAgMDsiPuOBvuOBn+OAgeS7iuW+jOOBruWPsOmiqOOBrumAsui3r+OBq+OCiOOBo+OBpuOBr+OAgeW6g+evhOWbsuOBruWcsOWfn+OBp+mBheOCjOOBjOeUn+OBmOOCi+WPr+iDveaAp+OBjOOBguOCiuOBvuOBmeOAguWcsOWfn+OChOOCv+OCpOODn+ODs+OCsOOBq+OCiOOBo+OBpuOAgeOBlOW4jOacm+OBruOBiuWxiuOBkeaXpeaZguOBq+mFjemBlOOBp+OBjeOBquOBhOWgtOWQiOOBjOOBlOOBluOBhOOBvuOBmeOAgjwvcD4KPHAgc3R5bGU9ImZvbnQtc2l6ZToxM3B4OyBtYXJnaW46N3B4IDAgMDsiPuOBiuWuouanmOOBq+OBr+Wkp+WkieOBlOi/t+aDkeOCkuOBiuaOm+OBkeiHtOOBl+OBvuOBmeOBjOOAgeOBlOeQhuino+OBhOOBn+OBoOOBkeOBvuOBmeOCiOOBhuOBiumhmOOBhOiHtOOBl+OBvuOBmeOAgjwvcD4KPC9kaXY+IC0tPgoKCgo8IS0tIOS4gOmDqOWcsOWfn+OBp+OBrumFjemBlOmBheW7tuOBq+OBpOOBjeOBvuOBl+OBpiAtLT4KCgo8IS0tIOOCr+ODvOODneODsyAKPGltZyBzcmM9Imh0dHA6Ly93d3cucmFrdXRlbi5uZS5qcC9nb2xkL2VzcG9ydHMvYm4vY291cG9uL2NvdXBvbjc3MC5naWYiIGFsdD0iMjAw5YaGT0ZG44Kv44O844Od44OzIj4gLS0+CgoKCjwhLS0gPGltZyBzcmM9Imh0dHA6Ly93d3cucmFrdXRlbi5uZS5qcC9nb2xkL2VzcG9ydHMvYm4vYWRpZGFzL2FkaWRhcy1ibjM1Ny5qcGciIGFsdD0iYWRpZGFz44Od44Kk44Oz44OIMTXlgI0iPiAtLT4KCgo8YnI+,44Ot44OD44K477yITE9ER0XvvIkgTERHIOOCueODgeODvOODq+OCueOCreODrOODg+ODiOODq+ODvOODlyA4IENSUzhETEggMTkyNDAyMTkwMDAwMDAg44CQ44Ki44Km44OI44OJ44KiIOOCreODo+ODs+ODlyDjgrnjgq3jg6zjg4Pjg4gg44OV44Op44Kk44OR44OzIOaWmeeQhuOAke+8mu+9he+8s++8sO+8r++8su+8tO+8s+alveWkqeaUr+W6lw==,44Ki44Km44OI44OJ44Ki44Kt44Oj44Oz44OX44OQ44O844OZ44Kt44Ol44O844OG44Oz44OI44K/44O844OX44OG44O844OW44Or44OB44Kn44Ki44K344Ol44Op44OV44Op44Oz44K/44Oz44Kv44O844Op44O844Oc44OD44Kv44K544Kz44O844Or44Oe44Oz44OO44O844K544OV44Kn44Kk44K544K544Od44O844OE44OV44Kj44OD44OI44ON44K544OA44Kk44Ko44OD44OI44OI44Os44O844OL44Oz44Kw44OX44Ot44OG44Kk44Oz44K144OX44Oq44Oh44Oz44OI44OA44Oz44OZ44Or44K144OD44Kr44O844Ot44OD44K477yITE9ER0XvvIkgTERHIOOCueODgeODvOODq+OCueOCreODrOODg+ODiOODq+ODvOODlyA4IENSUzhETEggMTkyNDAyMTkwMDAwMDAg44CQ44Ki44Km44OI44OJ44KiIOOCreODo+ODs+ODlyDjgrnjgq3jg6zjg4Pjg4gg44OV44Op44Kk44OR44OzIOaWmeeQhuOAkQ==,44Ot44OD44K477yITE9ER0XvvIkgTERHIOOCueODgeODvOODq+OCueOCreODrOODg+ODiOODq+ODvOODlyA4IENSUzhETEggMTkyNDAyMTkwMDAwMDAg44CQ44Ki44Km44OI44OJ44KiIOOCreODo+ODs+ODlyDjgrnjgq3jg6zjg4Pjg4gg44OV44Op44Kk44OR44OzIOaWmeeQhuOAkQ==[rn]
34-75340,aHR0cDovL3RzaG9wLnIxMHMuanAvZXNwb3J0cy9jYWJpbmV0Lzk0MzAtMi85NDMwMzEwMzkwMDQ3LmpwZz9maXRpbj03MDA6NzAw,NjQ1My42MDAw,,44K544Od44O844OE44O744Ki44Km44OI44OJ44KiID4g44Ki44Km44OI44OJ44KiID4g44OQ44O844G544Kt44Ol44O844O744Kv44OD44Kt44Oz44Kw55So5ZOBID4g44Kv44OD44Kr44O8,44CQ6YCB5paZ54Sh5paZ44CR44Ot44OD44K477yITE9ER0XvvIkg44K344O844K644Oz44K544OB44O844OrIOOCueOCreODrOODg+ODiCAxMiBDUlMxMiDjgJDpiYQg44OV44Op44Kk44OR44OzIOOCouOCpuODiOODieOCoiDjg5Djg7zjg5njgq3jg6Xjg7zjgJE=,4piF6YCB5paZ54Sh5paZ4piF,PCEtLWltZ190YWdzLS0+PHRhYmxlIGJvcmRlcj0iMCIgd2lkdGg9IjY1MCI+PFRSPjxURCBhbGlnbj0iY2VudGVyIj48QSBocmVmPSJodHRwOi8vd3d3LnJha3V0ZW4uY28uanAvZXNwb3J0cy9pbmZvMi5odG1sI2RlciI+PElNRyBzcmM9Imh0dHA6Ly93d3cucmFrdXRlbi5uZS5qcC9nb2xkL2VzcG9ydHMvc3VwcG9ydC9zaGlwcGluZzIuZ2lmIiBib3JkZXI9IjAiPjwvQT48QSBocmVmPSJodHRwOi8vd3d3LnJha3V0ZW4ubmUuanAvZ29sZC9lc3BvcnRzL3N1cHBvcnQvZGlzcGF0Y2guaHRtbCI+PElNRyBzcmM9Imh0dHA6Ly93d3cucmFrdXRlbi5uZS5qcC9nb2xkL2VzcG9ydHMvc3VwcG9ydC9kYXlzMi5naWYiIGJvcmRlcj0iMCI+PC9BPjxBIGhyZWY9Imh0dHA6Ly93d3cucmFrdXRlbi5uZS5qcC9nb2xkL2VzcG9ydHMvc3VwcG9ydC9kaXNwYXRjaC5odG1sIj48SU1HIHNyYz0iaHR0cDovL3d3dy5yYWt1dGVuLm5lLmpwL2dvbGQvZXNwb3J0cy9zdXBwb3J0L3BsYWNlMy5naWYiIGJvcmRlcj0iMCI+PC9BPjxBIGhyZWY9Imh0dHA6Ly93d3cucmFrdXRlbi5jby5qcC9lc3BvcnRzL2luZm8yLmh0bWwjYmFjayI+PElNRyBzcmM9Imh0dHA6Ly93d3cucmFrdXRlbi5uZS5qcC9nb2xkL2VzcG9ydHMvc3VwcG9ydC9yZXR1cm4xLmdpZiIgYm9yZGVyPSIwIj48L0E+PC90ZD48L3RyPjwvdGFibGU+PCEtLWltZ190YWdlLS0+PHN0cm9uZz48Zm9udCBjb2xvcj0iIzAwMDBDRCIgc2l6ZT0iNCI+44Kr44O844Oc44Oz44K544OB44O844Or44Gn5L2c44KJ44KM44Gf5Lyd57Wx55qE44Gq44Ki44Oh44Oq44Kr44Oz44K544K/44Kk44Or44Gu44K344O844K644OL44Oz44Kw5riI44G/44K544Kt44Os44OD44OI44CCPGJyPjwvZm9udD48L3N0cm9uZz48YnI+44GT44Gu57Gz5Zu96KO9TE9ER0Ug44Ot44OD44K4IOOCt+ODvOOCuuODs+OCueODgeODvOODqyDjgrnjgq3jg6zjg4Pjg4ggMTLjgqTjg7Pjg4EgQ1JTMTLjga88YnI+5oyB44Gh5omL44GM6ZW344GP44Kt44OD44OB44Oz44GL44KJ44Kt44Oj44Oz44OU44Oz44Kw44KE54Sa44GN54Gr44Gq44Gp44Gn44KC5bmF5bqD44GP44GU5L2/55So44GE44Gf44Gg44GR44G+44GZ44CCPGJyPuOBvuOBn+OCreODo+OCueODiOOCouOCpOOCouODs+OBqOi8g+OBuei7veOBj+OAgTxicj7ml6njgY/nhrHjgZnjgovjgZPjgajjgYzlh7rmnaXjgb7jgZnjga7jgaflnYfnrYnjgarnhrHjgpLjgZnjgbDjgoTjgY/po5/mnZDjgavkvJ3jgYjjgovjgZPjgajjgYzlj6/og73jgafjgZnjgII8YnI+PGJyPklI77yI6Zu756OB6Kq/55CG5Zmo77yJ5a++5b+c44CCPGJyPjxicj48cD48IS0tbWtfdGFncy0tPjxQPjxJTUcgc3JjPSJodHRwOi8vd3d3LnJha3V0ZW4ubmUuanAvZ29sZC9lc3BvcnRzL2JuL2p5dWhhdHR5dXU1MjAtNjAuanBnIiB3aWR0aD0iNTIwIiBoZWlnaHQ9IjYwIiBib3JkZXI9IjAiPjwvUD48IS0tbWtfdGFnZS0tPjxicj7il4/nrqHnkIZjb2Rl77yaNzk4NDkxODA8IS0tc3BlY190YWdzLS0+PHA+PHN0cm9uZz48Zm9udCBjb2xvcj0iIzAwMDBDRCIgc2l6ZT0iMyI+44CQ5ZWG5ZOB44K544Oa44OD44Kv44CRPC9mb250Pjwvc3Ryb25nPjxicj7il488c3Ryb25nPuOCteOCpOOCuu+8iDEy44Kk44Oz44OB77yJPC9zdHJvbmc+IDogPGJyPuOAgOWFqOmVt++8mjUxY208YnI+44CA55u05b6E77ya57SEMzBjbTxicj7jgIDph43jgZXvvJoyLjFrPGJyPuKXjzxzdHJvbmc+55Sf55Sj5Zu9PC9zdHJvbmc+IDog44Ki44Oh44Oq44KrPGJyPjwhLS1zcGVjX3RhZ2UtLT48YnI+PGxpbmsgcmVsPSJzdHlsZXNoZWV0IiB0eXBlPSJ0ZXh0L2NzcyIgaHJlZj0iaHR0cDovL3d3dy5yYWt1dGVuLm5lLmpwL2dvbGQvZXNwb3J0cy9zaG9wcGluZ19wYXJ0cy5jc3MiPgoKPGRpdiBzdHlsZT0ibWFyZ2luLXRvcDotMjZweDsiPjwvZGl2PgoKPGltZyBzcmM9Imh0dHA6Ly93d3cucmFrdXRlbi5uZS5qcC9nb2xkL2VzcG9ydHMvYm4vcG9pbnQvcG9pbnRfYmJiLmpwZyIgYWx0PSIzMDAw5YaG5Lul5LiK44Gn44Od44Kk44Oz44OI77yT5YCNIiBib3JkZXI9IjAiIHdpZHRoPSI3NTBweCI+Cgo8IS0tIOOCu+ODvOODqyA8aW1nIHNyYz0iaHR0cDovL3d3dy5yYWt1dGVuLm5lLmpwL2dvbGQvZXNwb3J0cy9uZXd5ZWFyLXNhbGUvbmV3eWVhci1zYWxlLTc4MC5qcGciIGJvcmRlcj0iMCIgYWx0PSLjgrvjg7zjg6siIHdpZHRoPSI3NzBweCI+PGJyPjxicj4g44K744O844OrIC0tPgoKPCEtLSDjgrnjg7zjg5Hjg7zjgrvjg7zjg6sgPGRpdiBzdHlsZT0id2lkdGggOiA3NTBweDsiPgo8ZGl2IGFsaWduPSJjZW50ZXIiIHN0eWxlPSJtYXJnaW4tYm90dG9tIDogMHB4O2JvcmRlci13aWR0aCA6IDJweDtib3JkZXItc3R5bGUgOiBzb2xpZDtib3JkZXItY29sb3IgOiAjYmMxMTMxOyI+Cgo8L2Rpdj48L2Rpdj48ZGl2IGNsYXNzPSJtYXJnaW41Ij48L2Rpdj48YnI+IOOCueODvOODkeODvOOCu+ODvOODqy0tPgoKPCEtLSDjgrnjg7zjg5Hjg7zjgrvjg7zjg6syIO+8iOODkOODiuODvOOBruOBv++8iTxpbWcgc3JjPSJodHRwOi8vd3d3LnJha3V0ZW4ubmUuanAvZ29sZC9lc3BvcnRzL3Nwc2FsZS9zYWxlLWJuNzgwLmpwZyIgYm9yZGVyPSIwIiBhbHQ9IuOCu+ODvOODqyIgd2lkdGg9Ijc3MHB4Ij48YnI+PGJyPiDjgrnjg7zjg5Hjg7wgLS0+Cgo8ZGl2IGNsYXNzPSJjb250ZW50cyI+PCEtLSDlkYrnn6UgCjxkaXYgc3R5bGU9IndpZHRoOjczNnB4OyBwYWRkaW5nOjE1cHg7IG1hcmdpbjo1cHggMCAxNXB4OyBib3JkZXI6c29saWQgI0U2MkYyRiAycHg7Ij4KPHAgc3R5bGU9ImZvbnQtd2VpZ2h0OmJvbGQ7IGZvbnQtc2l6ZToxN3B4OyB0ZXh0LWFsaWduOmNlbnRlcjsiPuOAkCA8c3BhbiBzdHlsZT0iYm9yZGVyLWJvdHRvbToycHggZG90dGVkICM5OTk7IGZvbnQtc2l6ZToxNXB4OyI+NeaciDI25pelKOmHkSnjga7llrbmpa3jgavjgaTjgYTjgaY8L3NwYW4+IOOAkTwvcD4KPHAgc3R5bGU9ImZvbnQtc2l6ZToxM3B4OyBtYXJnaW4tdG9wOjE1cHg7Ij7oqqDjgavli53miYvjgarjgYzjgok15pyIMjbml6Uo6YeRKeOBr+OAgeekvuWGheeglOS/ruOBruOBn+OCgeOAgeWWtualreaZgumWk+OCkuWNiOWJjTEy77yaMDDjgb7jgafjgajjgZXjgZvjgabjgYTjgZ/jgaDjgY3jgb7jgZnjgILlsJrjgIHjgIzjgYLjgZnmpb3jgI3lr77lv5zlk4HjgavjgaTjgY3jgb7jgZfjgabjga/jgIHpgJrluLjpgJrjgooxMu+8mjAw44G+44Gn44Gu44GU5rOo5paH44KS5b2T5pel55m66YCB44GV44Gb44Gm44GE44Gf44Gg44GN44G+44GZ44CCPC9wPgo8cCBzdHlsZT0iZm9udC1zaXplOjEzcHg7IG1hcmdpbi10b3A6MTVweDsiPuOBiuWuouanmOOBq+OBr+OBlOS4jeS+v+OCkuOBiuaOm+OBkeiHtOOBl+OBvuOBmeOBjOOAgeOBlOeQhuino+OBrueoi+OAgeWunOOBl+OBj+OBiumhmOOBhOiHtOOBl+OBvuOBmeOAgjwvcD4KPC9kaXY+IC0tPgoKCjwhLS0gPGRpdiBzdHlsZT0id2lkdGg6NzM2cHg7IHBhZGRpbmc6MTVweDsgbWFyZ2luOjVweCAwIDE1cHg7IGJvcmRlcjpzb2xpZCAjRTYyRjJGIDJweDsiPgo8cCBzdHlsZT0iZm9udC13ZWlnaHQ6Ym9sZDsgZm9udC1zaXplOjE3cHg7IHRleHQtYWxpZ246Y2VudGVyOyBtYXJnaW46MDsiPuOAkCA8c3BhbiBzdHlsZT0iYm9yZGVyLWJvdHRvbToycHggZG90dGVkICM5OTk7IGZvbnQtc2l6ZToxNXB4OyI+5aSp5YCZ5LiN6Imv44Gu5b2x6Z+/44Gr44KI44KL6YWN6YCB6YGF5bu244Gr44Gk44GE44GmPC9zcGFuPiDjgJE8L3A+CjxwIHN0eWxlPSJmb250LXNpemU6MTNweDsgbWFyZ2luOjE1cHggMCAwOyI+5Y+w6aKo44O76LGq6Zuo562J44Gu5aSp5YCZ5LiN6Imv44Gr5Ly044GE44CB5LiA6YOo5Zyw5Z+f44Gn44GK6I2354mp44Gu44GK5bGK44GR44Gr6YGF44KM44GM55m655Sf44GZ44KL5oGQ44KM44GM44GU44GW44GE44G+44GZ44CCPC9wPgo8cCBzdHlsZT0iZm9udC1zaXplOjEzcHg7IG1hcmdpbjo3cHggMCAwOyI+44G+44Gf44CB5LuK5b6M44Gu5Y+w6aKo44Gu6YCy6Lev44Gr44KI44Gj44Gm44Gv44CB5bqD56+E5Zuy44Gu5Zyw5Z+f44Gn6YGF44KM44GM55Sf44GY44KL5Y+v6IO95oCn44GM44GC44KK44G+44GZ44CC5Zyw5Z+f44KE44K/44Kk44Of44Oz44Kw44Gr44KI44Gj44Gm44CB44GU5biM5pyb44Gu44GK5bGK44GR5pel5pmC44Gr6YWN6YGU44Gn44GN44Gq44GE5aC05ZCI44GM44GU44GW44GE44G+44GZ44CCPC9wPgo8cCBzdHlsZT0iZm9udC1zaXplOjEzcHg7IG1hcmdpbjo3cHggMCAwOyI+44GK5a6i5qeY44Gr44Gv5aSn5aSJ44GU6L+35oOR44KS44GK5o6b44GR6Ie044GX44G+44GZ44GM44CB44GU55CG6Kej44GE44Gf44Gg44GR44G+44GZ44KI44GG44GK6aGY44GE6Ie044GX44G+44GZ44CCPC9wPgo8L2Rpdj4gLS0+CgoKCjwhLS0g5LiA6YOo5Zyw5Z+f44Gn44Gu6YWN6YGU6YGF5bu244Gr44Gk44GN44G+44GX44GmIC0tPgoKCjwhLS0g44Kv44O844Od44OzIAo8aW1nIHNyYz0iaHR0cDovL3d3dy5yYWt1dGVuLm5lLmpwL2dvbGQvZXNwb3J0cy9ibi9jb3Vwb24vY291cG9uNzcwLmdpZiIgYWx0PSIyMDDlhoZPRkbjgq/jg7zjg53jg7MiPiAtLT4KCgoKPCEtLSA8aW1nIHNyYz0iaHR0cDovL3d3dy5yYWt1dGVuLm5lLmpwL2dvbGQvZXNwb3J0cy9ibi9hZGlkYXMvYWRpZGFzLWJuMzU3LmpwZyIgYWx0PSJhZGlkYXPjg53jgqTjg7Pjg4gxNeWAjSI+IC0tPgoKCjxicj4=,44CQ6YCB5paZ54Sh5paZ44CR44Ot44OD44K477yITE9ER0XvvIkg44K344O844K644Oz44K544OB44O844OrIOOCueOCreODrOODg+ODiCAxMiBDUlMxMiDjgJDpiYQg44OV44Op44Kk44OR44OzIOOCouOCpuODiOODieOCoiDjg5Djg7zjg5njgq3jg6Xjg7zjgJHvvJrvvYXvvLPvvLDvvK/vvLLvvLTvvLPmpb3lpKnmlK/lupc=,44Ki44Km44OI44OJ44Ki44Kt44Oj44Oz44OX44OQ44O844OZ44Kt44Ol44O844OG44Oz44OI44K/44O844OX44OG44O844OW44Or44OB44Kn44Ki44K344Ol44Op44OV44Op44Oz44K/44Oz44Kv44O844Op44O844Oc44OD44Kv44K544Kz44O844Or44Oe44Oz44OO44O844K544OV44Kn44Kk44K544K544Od44O844OE44OV44Kj44OD44OI44ON44K544OA44Kk44Ko44OD44OI44OI44Os44O844OL44Oz44Kw44OX44Ot44OG44Kk44Oz44K144OX44Oq44Oh44Oz44OI44OA44Oz44OZ44Or44K144OD44Kr44O844CQ6YCB5paZ54Sh5paZ44CR44Ot44OD44K477yITE9ER0XvvIkg44K344O844K644Oz44K544OB44O844OrIOOCueOCreODrOODg+ODiCAxMiBDUlMxMiDjgJDpiYQg44OV44Op44Kk44OR44OzIOOCouOCpuODiOODieOCoiDjg5Djg7zjg5njgq3jg6Xjg7zjgJE=,4piF6YCB5paZ54Sh5paZ4piF44CC44CQ6YCB5paZ54Sh5paZ44CR44Ot44OD44K477yITE9ER0XvvIkg44K344O844K644Oz44K544OB44O844OrIOOCueOCreODrOODg+ODiCAxMiBDUlMxMiDjgJDpiYQg44OV44Op44Kk44OR44OzIOOCouOCpuODiOODieOCoiDjg5Djg7zjg5njgq3jg6Xjg7zjgJE=[rn]
34-75341,aHR0cDovL3RzaG9wLnIxMHMuanAvZXNwb3J0cy9jYWJpbmV0LzkyODQvOTI4NDMxMDQ5MDAyMS5qcGc/Zml0aW49NzAwOjcwMA==,MTY3OTEuMjAwMA==,,44K544Od44O844OE44O744Ki44Km44OI44OJ44KiID4g44Ki44Km44OI44OJ44KiID4g44OQ44O844G544Kt44Ol44O844O744Kv44OD44Kt44Oz44Kw55So5ZOBID4g44Kv44OD44Kr44O8,44CQ6YCB5paZ54Sh5paZ44CR44OV44Kh44Kk44Ok44O844K144Kk44OJ77yIRklSRVNJREXvvIkg44K/44O844KvIOOCr+ODqeOCt+ODg+OCr+ODleODqeOCpOODkeODsyAyNOOCu+ODs+ODgSBUVTY1NTI0IOOAkOiqv+eQhiDmlpnnkIYg44Ki44Km44OI44OJ44KiIOOCreODo+ODs+ODlyDpjZvpgKDjgJE=,4piF6YCB5paZ54Sh5paZ4piF,PCEtLWltZ190YWdzLS0+PHRhYmxlIGJvcmRlcj0iMCIgd2lkdGg9IjY1MCI+PFRSPjxURCBhbGlnbj0iY2VudGVyIj48QSBocmVmPSJodHRwOi8vd3d3LnJha3V0ZW4uY28uanAvZXNwb3J0cy9pbmZvMi5odG1sI2RlciI+PElNRyBzcmM9Imh0dHA6Ly93d3cucmFrdXRlbi5uZS5qcC9nb2xkL2VzcG9ydHMvc3VwcG9ydC9zaGlwcGluZzIuZ2lmIiBib3JkZXI9IjAiPjwvQT48QSBocmVmPSJodHRwOi8vd3d3LnJha3V0ZW4ubmUuanAvZ29sZC9lc3BvcnRzL3N1cHBvcnQvZGlzcGF0Y2guaHRtbCI+PElNRyBzcmM9Imh0dHA6Ly93d3cucmFrdXRlbi5uZS5qcC9nb2xkL2VzcG9ydHMvc3VwcG9ydC9kYXlzMi5naWYiIGJvcmRlcj0iMCI+PC9BPjxBIGhyZWY9Imh0dHA6Ly93d3cucmFrdXRlbi5uZS5qcC9nb2xkL2VzcG9ydHMvc3VwcG9ydC9kaXNwYXRjaC5odG1sIj48SU1HIHNyYz0iaHR0cDovL3d3dy5yYWt1dGVuLm5lLmpwL2dvbGQvZXNwb3J0cy9zdXBwb3J0L3BsYWNlMi5naWYiIGJvcmRlcj0iMCI+PC9BPjxBIGhyZWY9Imh0dHA6Ly93d3cucmFrdXRlbi5jby5qcC9lc3BvcnRzL2luZm8yLmh0bWwjYmFjayI+PElNRyBzcmM9Imh0dHA6Ly93d3cucmFrdXRlbi5uZS5qcC9nb2xkL2VzcG9ydHMvc3VwcG9ydC9yZXR1cm4xLmdpZiIgYm9yZGVyPSIwIj48L0E+PC90ZD48L3RyPjwvdGFibGU+PCEtLWltZ190YWdlLS0+PHN0cm9uZz48Zm9udCBjb2xvcj0iIzAwMDBDRCIgc2l6ZT0iNCI+MTUw5bm05Lul5LiK5aSJ44KP44KJ44Gs5oqA5rOVPGJyPuODieOCpOODhOOBruiqh+OCiumrmOOBjeOCr+ODqeODleODiOODnuODs+OCt+ODg+ODl+OBjOOBk+OBk+OBq+OBguOCi+OAgjxicj48L2ZvbnQ+PC9zdHJvbmc+PGJyPuOCr+ODqeODleODiOODnuODs+OCt+ODg+ODl+OBjOiEiOOAheOBqOWPl+OBkee2meOBjOOCjOOCi+WbveOAgeODieOCpOODhOOAgjxicj7oqofjgorpq5jjgY3ogbfkurrjgavjgojjgooxNTDlubTku6XkuIrjgoLjga7plpPjgIE8YnI+5aSJ44KP44KJ44Gs5omL5rOV44Gn6YCg44KJ44KM44Gm44GE44KL44Gu44GM44K/44O844Kv56S+44Gu44OV44Op44Kk44OR44Oz44Gn44GZ44CCPGJyPjxicj7jgIzjgq/jg6njgrfjg4Pjgq8g44OV44Op44Kk44OR44Oz44CN44Gv44CB6YmE44Gu5aGK77yI6YqR6YmE77yJ44KS6auY5rip44Gn54ax44GX44CBPGJyPuS9leW6puOCguOBn+OBn+OBjeS4iuOBkumNm+mAoOOBmeOCi+OBk+OBqOOBp+WgheWJm+OBquS4gOaemuadv+OCkumAoOOCiuOAgTxicj7mmYLplpPjgpLjgYvjgZHjgablvaLmiJDjgZfjgabjgYTjgY3jgb7jgZnjgII8YnI+44Gd44Gu44Gf44KB5rq25o6l566H5omA44GM5LiA5YiH44Gq44GP44CB5YSq44KM44Gf6ICQ5LmF5oCn44KS6KqH44KK44G+44GZ44CCPGJyPjxicj7jg4njgqTjg4Tjgafjga/jg5fjg63jga7mlpnnkIbkurrjgoLmhJvnlKjjgII8YnI+5oqc576k44Gu54ax5Lyd5bCO44Go54ax5L+d5oyB44CB44Og44Op44Gu44Gq44GE54Gr44Gu44G+44KP44KKLi4uPGJyPuOBk+OBruODleODqeOCpOODkeODs+OCkuS9v+OBiOOBsOOBhOOBpOOCguOBruaWmeeQhuOCguODr+ODs+ODqeODs+OCr+OCouODg+ODl+OBl+OBn+WRs+OCj+OBhOOBq+OBquOCiuOBvuOBmeOAgjxicj7nhKHpp4Tjga7jgarjgYTjgrfjg7Pjg5fjg6vjgarpgKDjgorjgajlrp/nlKjmgKfjga7pq5jjgZXjgII8YnI+44OJ44Kk44OE44Gu6IG35Lq66a2C44GM5a6/44KL6YmE44Gu6YC45ZOB44Gn44GZ44CCPGJyPjxicj48YnI+4oC76Jaq44K544OI44O844OW44CB44Ks44K544CBSUjjgrPjg7Pjg63jgafkvb/nlKjjgafjgY3jgb7jgZnjgII8YnI+4oC76IG35Lq644GM5LiA5ZOB5LiA5ZOB5omL5L2c44KK44GX44Gm44GE44KL44Gf44KB44CB44K144Kk44K644KE6YeN6YeP44GM6KGo6KiY44Go55Ww44Gq44KL5aC05ZCI44GM44GC44KK44G+44GZ44CCPGJyPuKAu+OCt+ODvOODq+OBjOOBpOOBhOOBpuOBhOOBquOBhOWgtOWQiOOBjOOBguOCiuOBvuOBmeOAgjxicj48YnI+PHA+PCEtLW1rX3RhZ3MtLT48UD48SU1HIHNyYz0iaHR0cDovL3d3dy5yYWt1dGVuLm5lLmpwL2dvbGQvZXNwb3J0cy9ibi9qeXVoYXR0eXV1NTIwLTYwLmpwZyIgd2lkdGg9IjUyMCIgaGVpZ2h0PSI2MCIgYm9yZGVyPSIwIj48L1A+PCEtLW1rX3RhZ2UtLT48YnI+4peP566h55CGY29kZe+8mjc5ODM4ODgzPCEtLXNwZWNfdGFncy0tPjxwPjxzdHJvbmc+PGZvbnQgY29sb3I9IiMwMDAwQ0QiIHNpemU9IjMiPuOAkOWVhuWTgeOCueODmuODg+OCr+OAkTwvZm9udD48L3N0cm9uZz48YnI+4pePPHN0cm9uZz7jgrXjgqTjgro8L3N0cm9uZz4gOiDjg4jjg4Pjg5fnm7TlvoQyNDDDl+ODnOODiOODoOebtOW+hDE3MMOX5rex44GVMzJtbTxicj7il488c3Ryb25nPumHjemHjzwvc3Ryb25nPiA6IDEuM2tnPGJyPuKXjzxzdHJvbmc+5p2Q6LOqPC9zdHJvbmc+IDog6Y2b6YmEPGJyPuKXjzxzdHJvbmc+55Sf55Sj5Zu9PC9zdHJvbmc+IDog44OJ44Kk44OEPGJyPjwhLS1zcGVjX3RhZ2UtLT48YnI+PGxpbmsgcmVsPSJzdHlsZXNoZWV0IiB0eXBlPSJ0ZXh0L2NzcyIgaHJlZj0iaHR0cDovL3d3dy5yYWt1dGVuLm5lLmpwL2dvbGQvZXNwb3J0cy9zaG9wcGluZ19wYXJ0cy5jc3MiPgoKPGRpdiBzdHlsZT0ibWFyZ2luLXRvcDotMjZweDsiPjwvZGl2PgoKPGltZyBzcmM9Imh0dHA6Ly93d3cucmFrdXRlbi5uZS5qcC9nb2xkL2VzcG9ydHMvYm4vcG9pbnQvcG9pbnRfYmJiLmpwZyIgYWx0PSIzMDAw5YaG5Lul5LiK44Gn44Od44Kk44Oz44OI77yT5YCNIiBib3JkZXI9IjAiIHdpZHRoPSI3NTBweCI+Cgo8IS0tIOOCu+ODvOODqyA8aW1nIHNyYz0iaHR0cDovL3d3dy5yYWt1dGVuLm5lLmpwL2dvbGQvZXNwb3J0cy9uZXd5ZWFyLXNhbGUvbmV3eWVhci1zYWxlLTc4MC5qcGciIGJvcmRlcj0iMCIgYWx0PSLjgrvjg7zjg6siIHdpZHRoPSI3NzBweCI+PGJyPjxicj4g44K744O844OrIC0tPgoKPCEtLSDjgrnjg7zjg5Hjg7zjgrvjg7zjg6sgPGRpdiBzdHlsZT0id2lkdGggOiA3NTBweDsiPgo8ZGl2IGFsaWduPSJjZW50ZXIiIHN0eWxlPSJtYXJnaW4tYm90dG9tIDogMHB4O2JvcmRlci13aWR0aCA6IDJweDtib3JkZXItc3R5bGUgOiBzb2xpZDtib3JkZXItY29sb3IgOiAjYmMxMTMxOyI+Cgo8L2Rpdj48L2Rpdj48ZGl2IGNsYXNzPSJtYXJnaW41Ij48L2Rpdj48YnI+IOOCueODvOODkeODvOOCu+ODvOODqy0tPgoKPCEtLSDjgrnjg7zjg5Hjg7zjgrvjg7zjg6syIO+8iOODkOODiuODvOOBruOBv++8iTxpbWcgc3JjPSJodHRwOi8vd3d3LnJha3V0ZW4ubmUuanAvZ29sZC9lc3BvcnRzL3Nwc2FsZS9zYWxlLWJuNzgwLmpwZyIgYm9yZGVyPSIwIiBhbHQ9IuOCu+ODvOODqyIgd2lkdGg9Ijc3MHB4Ij48YnI+PGJyPiDjgrnjg7zjg5Hjg7wgLS0+Cgo8ZGl2IGNsYXNzPSJjb250ZW50cyI+PCEtLSDlkYrnn6UgCjxkaXYgc3R5bGU9IndpZHRoOjczNnB4OyBwYWRkaW5nOjE1cHg7IG1hcmdpbjo1cHggMCAxNXB4OyBib3JkZXI6c29saWQgI0U2MkYyRiAycHg7Ij4KPHAgc3R5bGU9ImZvbnQtd2VpZ2h0OmJvbGQ7IGZvbnQtc2l6ZToxN3B4OyB0ZXh0LWFsaWduOmNlbnRlcjsiPuOAkCA8c3BhbiBzdHlsZT0iYm9yZGVyLWJvdHRvbToycHggZG90dGVkICM5OTk7IGZvbnQtc2l6ZToxNXB4OyI+NeaciDI25pelKOmHkSnjga7llrbmpa3jgavjgaTjgYTjgaY8L3NwYW4+IOOAkTwvcD4KPHAgc3R5bGU9ImZvbnQtc2l6ZToxM3B4OyBtYXJnaW4tdG9wOjE1cHg7Ij7oqqDjgavli53miYvjgarjgYzjgok15pyIMjbml6Uo6YeRKeOBr+OAgeekvuWGheeglOS/ruOBruOBn+OCgeOAgeWWtualreaZgumWk+OCkuWNiOWJjTEy77yaMDDjgb7jgafjgajjgZXjgZvjgabjgYTjgZ/jgaDjgY3jgb7jgZnjgILlsJrjgIHjgIzjgYLjgZnmpb3jgI3lr77lv5zlk4HjgavjgaTjgY3jgb7jgZfjgabjga/jgIHpgJrluLjpgJrjgooxMu+8mjAw44G+44Gn44Gu44GU5rOo5paH44KS5b2T5pel55m66YCB44GV44Gb44Gm44GE44Gf44Gg44GN44G+44GZ44CCPC9wPgo8cCBzdHlsZT0iZm9udC1zaXplOjEzcHg7IG1hcmdpbi10b3A6MTVweDsiPuOBiuWuouanmOOBq+OBr+OBlOS4jeS+v+OCkuOBiuaOm+OBkeiHtOOBl+OBvuOBmeOBjOOAgeOBlOeQhuino+OBrueoi+OAgeWunOOBl+OBj+OBiumhmOOBhOiHtOOBl+OBvuOBmeOAgjwvcD4KPC9kaXY+IC0tPgoKCjwhLS0gPGRpdiBzdHlsZT0id2lkdGg6NzM2cHg7IHBhZGRpbmc6MTVweDsgbWFyZ2luOjVweCAwIDE1cHg7IGJvcmRlcjpzb2xpZCAjRTYyRjJGIDJweDsiPgo8cCBzdHlsZT0iZm9udC13ZWlnaHQ6Ym9sZDsgZm9udC1zaXplOjE3cHg7IHRleHQtYWxpZ246Y2VudGVyOyBtYXJnaW46MDsiPuOAkCA8c3BhbiBzdHlsZT0iYm9yZGVyLWJvdHRvbToycHggZG90dGVkICM5OTk7IGZvbnQtc2l6ZToxNXB4OyI+5aSp5YCZ5LiN6Imv44Gu5b2x6Z+/44Gr44KI44KL6YWN6YCB6YGF5bu244Gr44Gk44GE44GmPC9zcGFuPiDjgJE8L3A+CjxwIHN0eWxlPSJmb250LXNpemU6MTNweDsgbWFyZ2luOjE1cHggMCAwOyI+5Y+w6aKo44O76LGq6Zuo562J44Gu5aSp5YCZ5LiN6Imv44Gr5Ly044GE44CB5LiA6YOo5Zyw5Z+f44Gn44GK6I2354mp44Gu44GK5bGK44GR44Gr6YGF44KM44GM55m655Sf44GZ44KL5oGQ44KM44GM44GU44GW44GE44G+44GZ44CCPC9wPgo8cCBzdHlsZT0iZm9udC1zaXplOjEzcHg7IG1hcmdpbjo3cHggMCAwOyI+44G+44Gf44CB5LuK5b6M44Gu5Y+w6aKo44Gu6YCy6Lev44Gr44KI44Gj44Gm44Gv44CB5bqD56+E5Zuy44Gu5Zyw5Z+f44Gn6YGF44KM44GM55Sf44GY44KL5Y+v6IO95oCn44GM44GC44KK44G+44GZ44CC5Zyw5Z+f44KE44K/44Kk44Of44Oz44Kw44Gr44KI44Gj44Gm44CB44GU5biM5pyb44Gu44GK5bGK44GR5pel5pmC44Gr6YWN6YGU44Gn44GN44Gq44GE5aC05ZCI44GM44GU44GW44GE44G+44GZ44CCPC9wPgo8cCBzdHlsZT0iZm9udC1zaXplOjEzcHg7IG1hcmdpbjo3cHggMCAwOyI+44GK5a6i5qeY44Gr44Gv5aSn5aSJ44GU6L+35oOR44KS44GK5o6b44GR6Ie044GX44G+44GZ44GM44CB44GU55CG6Kej44GE44Gf44Gg44GR44G+44GZ44KI44GG44GK6aGY44GE6Ie044GX44G+44GZ44CCPC9wPgo8L2Rpdj4gLS0+CgoKCjwhLS0g5LiA6YOo5Zyw5Z+f44Gn44Gu6YWN6YGU6YGF5bu244Gr44Gk44GN44G+44GX44GmIC0tPgoKCjwhLS0g44Kv44O844Od44OzIAo8aW1nIHNyYz0iaHR0cDovL3d3dy5yYWt1dGVuLm5lLmpwL2dvbGQvZXNwb3J0cy9ibi9jb3Vwb24vY291cG9uNzcwLmdpZiIgYWx0PSIyMDDlhoZPRkbjgq/jg7zjg53jg7MiPiAtLT4KCgoKPCEtLSA8aW1nIHNyYz0iaHR0cDovL3d3dy5yYWt1dGVuLm5lLmpwL2dvbGQvZXNwb3J0cy9ibi9hZGlkYXMvYWRpZGFzLWJuMzU3LmpwZyIgYWx0PSJhZGlkYXPjg53jgqTjg7Pjg4gxNeWAjSI+IC0tPgoKCjxicj4=,44CQ6YCB5paZ54Sh5paZ44CR44OV44Kh44Kk44Ok44O844K144Kk44OJ77yIRklSRVNJREXvvIkg44K/44O844KvIOOCr+ODqeOCt+ODg+OCr+ODleODqeOCpOODkeODsyAyNOOCu+ODs+ODgSBUVTY1NTI0IOOAkOiqv+eQhiDmlpnnkIYg44Ki44Km44OI44OJ44KiIOOCreODo+ODs+ODlyDpjZvpgKDjgJHvvJrvvYXvvLPvvLDvvK/vvLLvvLTvvLPmpb3lpKnmlK/lupc=,44Ki44Km44OI44OJ44Ki44Kt44Oj44Oz44OX44OQ44O844OZ44Kt44Ol44O844OG44Oz44OI44K/44O844OX44OG44O844OW44Or44OB44Kn44Ki44K344Ol44Op44OV44Op44Oz44K/44Oz44Kv44O844Op44O844Oc44OD44Kv44K544Kz44O844Or44Oe44Oz44OO44O844K544OV44Kn44Kk44K544K544Od44O844OE44OV44Kj44OD44OI44ON44K544OA44Kk44Ko44OD44OI44OI44Os44O844OL44Oz44Kw44OX44Ot44OG44Kk44Oz44K144OX44Oq44Oh44Oz44OI44OA44Oz44OZ44Or44K144OD44Kr44O844CQ6YCB5paZ54Sh5paZ44CR44OV44Kh44Kk44Ok44O844K144Kk44OJ77yIRklSRVNJREXvvIkg44K/44O844KvIOOCr+ODqeOCt+ODg+OCr+ODleODqeOCpOODkeODsyAyNOOCu+ODs+ODgSBUVTY1NTI0IOOAkOiqv+eQhiDmlpnnkIYg44Ki44Km44OI44OJ44KiIOOCreODo+ODs+ODlyDpjZvpgKDjgJE=,4piF6YCB5paZ54Sh5paZ4piF44CC44CQ6YCB5paZ54Sh5paZ44CR44OV44Kh44Kk44Ok44O844K144Kk44OJ77yIRklSRVNJREXvvIkg44K/44O844KvIOOCr+ODqeOCt+ODg+OCr+ODleODqeOCpOODkeODsyAyNOOCu+ODs+ODgSBUVTY1NTI0IOOAkOiqv+eQhiDmlpnnkIYg44Ki44Km44OI44OJ44KiIOOCreODo+ODs+ODlyDpjZvpgKDjgJE=[rn]
34-75342,aHR0cDovL3RzaG9wLnIxMHMuanAvZXNwb3J0cy9jYWJpbmV0Lzk0MzAtMi85NDMwMzEwMzkwMDkwLmpwZz9maXRpbj03MDA6NzAw,MzI1OC40MDAw,,44K544Od44O844OE44O744Ki44Km44OI44OJ44KiID4g44Ki44Km44OI44OJ44KiID4g44OQ44O844G544Kt44Ol44O844O744Kv44OD44Kt44Oz44Kw55So5ZOBID4g44Kv44OD44Kr44O8,44Ot44OD44K477yITE9ER0XvvIkg44Op44Km44Oz44OJ44Kw44Oq44OJ44OrIEw5T0czIOOAkOODleODqeOCpOODkeODsyDpi7PpiYQg44Ki44Km44OI44OJ44KiIOODkOODvOODmeOCreODpeODvOOAkQ==,,PCEtLWltZ190YWdzLS0+PHRhYmxlIGJvcmRlcj0iMCIgd2lkdGg9IjY1MCI+PFRSPjxURCBhbGlnbj0iY2VudGVyIj48QSBocmVmPSJodHRwOi8vd3d3LnJha3V0ZW4uY28uanAvZXNwb3J0cy9pbmZvMi5odG1sI2RlciI+PElNRyBzcmM9Imh0dHA6Ly93d3cucmFrdXRlbi5uZS5qcC9nb2xkL2VzcG9ydHMvc3VwcG9ydC9zaGlwcGluZzIuZ2lmIiBib3JkZXI9IjAiPjwvQT48QSBocmVmPSJodHRwOi8vd3d3LnJha3V0ZW4ubmUuanAvZ29sZC9lc3BvcnRzL3N1cHBvcnQvZGlzcGF0Y2guaHRtbCI+PElNRyBzcmM9Imh0dHA6Ly93d3cucmFrdXRlbi5uZS5qcC9nb2xkL2VzcG9ydHMvc3VwcG9ydC9kYXlzMi5naWYiIGJvcmRlcj0iMCI+PC9BPjxBIGhyZWY9Imh0dHA6Ly93d3cucmFrdXRlbi5uZS5qcC9nb2xkL2VzcG9ydHMvc3VwcG9ydC9kaXNwYXRjaC5odG1sIj48SU1HIHNyYz0iaHR0cDovL3d3dy5yYWt1dGVuLm5lLmpwL2dvbGQvZXNwb3J0cy9zdXBwb3J0L3BsYWNlMy5naWYiIGJvcmRlcj0iMCI+PC9BPjxBIGhyZWY9Imh0dHA6Ly93d3cucmFrdXRlbi5jby5qcC9lc3BvcnRzL2luZm8yLmh0bWwjYmFjayI+PElNRyBzcmM9Imh0dHA6Ly93d3cucmFrdXRlbi5uZS5qcC9nb2xkL2VzcG9ydHMvc3VwcG9ydC9yZXR1cm4xLmdpZiIgYm9yZGVyPSIwIj48L0E+PC90ZD48L3RyPjwvdGFibGU+PCEtLWltZ190YWdlLS0+PHN0cm9uZz48Zm9udCBjb2xvcj0iIzAwMDBDRCIgc2l6ZT0iNCI+6JaE5Z6L44K544Kt44Os44OD44OI44CCPGJyPjwvZm9udD48L3N0cm9uZz48YnI+TE9ER0Ug44Ot44OD44K4IOODqeOCpuODs+ODieOCsOODquODieODqyBMOTBHMyAxMCAxLzLjga88YnI+44Kv44Os44O844OX44KE44GK5aW944G/54S844GN44Gv5Yu/6KuW44CB44OP44Oz44OQ44O844Kw44KS44GC44Gk44GC44Gk44Gn44K144O844OW44Gn44GN44KL6JaE5Z6L44K544Kt44Os44OD44OI44Gn44GZ44CCPGJyPuiWquOCueODiOODvOODluOBp+OBp+OBjeOBn+OBpuODlOOCtuOCgualveOBl+OCgeOBvuOBmeOAgjxicj48YnI+PHA+PCEtLW1rX3RhZ3MtLT48UD48SU1HIHNyYz0iaHR0cDovL3d3dy5yYWt1dGVuLm5lLmpwL2dvbGQvZXNwb3J0cy9ibi9qeXVoYXR0eXV1NTIwLTYwLmpwZyIgd2lkdGg9IjUyMCIgaGVpZ2h0PSI2MCIgYm9yZGVyPSIwIj48L1A+PCEtLW1rX3RhZ2UtLT48YnI+4peP566h55CGY29kZe+8mjc5ODQ5MTgwPCEtLXNwZWNfdGFncy0tPjxwPjxzdHJvbmc+PGZvbnQgY29sb3I9IiMwMDAwQ0QiIHNpemU9IjMiPuOAkOWVhuWTgeOCueODmuODg+OCr+OAkTwvZm9udD48L3N0cm9uZz48YnI+4pePPHN0cm9uZz7jgrXjgqTjgro8L3N0cm9uZz4gOiAyNmNt77yIMTAgMS8y44Kk44Oz44OB77yJPGJyPuKXjzxzdHJvbmc+5rex44GVPC9zdHJvbmc+IDogMS41Y208YnI+4pePPHN0cm9uZz7ph43ph488L3N0cm9uZz4gOiAya2c8YnI+PCEtLXNwZWNfdGFnZS0tPjxicj48bGluayByZWw9InN0eWxlc2hlZXQiIHR5cGU9InRleHQvY3NzIiBocmVmPSJodHRwOi8vd3d3LnJha3V0ZW4ubmUuanAvZ29sZC9lc3BvcnRzL3Nob3BwaW5nX3BhcnRzLmNzcyI+Cgo8ZGl2IHN0eWxlPSJtYXJnaW4tdG9wOi0yNnB4OyI+PC9kaXY+Cgo8aW1nIHNyYz0iaHR0cDovL3d3dy5yYWt1dGVuLm5lLmpwL2dvbGQvZXNwb3J0cy9ibi9wb2ludC9wb2ludF9iYmIuanBnIiBhbHQ9IjMwMDDlhobku6XkuIrjgafjg53jgqTjg7Pjg4jvvJPlgI0iIGJvcmRlcj0iMCIgd2lkdGg9Ijc1MHB4Ij4KCjwhLS0g44K744O844OrIDxpbWcgc3JjPSJodHRwOi8vd3d3LnJha3V0ZW4ubmUuanAvZ29sZC9lc3BvcnRzL25ld3llYXItc2FsZS9uZXd5ZWFyLXNhbGUtNzgwLmpwZyIgYm9yZGVyPSIwIiBhbHQ9IuOCu+ODvOODqyIgd2lkdGg9Ijc3MHB4Ij48YnI+PGJyPiDjgrvjg7zjg6sgLS0+Cgo8IS0tIOOCueODvOODkeODvOOCu+ODvOODqyA8ZGl2IHN0eWxlPSJ3aWR0aCA6IDc1MHB4OyI+CjxkaXYgYWxpZ249ImNlbnRlciIgc3R5bGU9Im1hcmdpbi1ib3R0b20gOiAwcHg7Ym9yZGVyLXdpZHRoIDogMnB4O2JvcmRlci1zdHlsZSA6IHNvbGlkO2JvcmRlci1jb2xvciA6ICNiYzExMzE7Ij4KCjwvZGl2PjwvZGl2PjxkaXYgY2xhc3M9Im1hcmdpbjUiPjwvZGl2Pjxicj4g44K544O844OR44O844K744O844OrLS0+Cgo8IS0tIOOCueODvOODkeODvOOCu+ODvOODqzIg77yI44OQ44OK44O844Gu44G/77yJPGltZyBzcmM9Imh0dHA6Ly93d3cucmFrdXRlbi5uZS5qcC9nb2xkL2VzcG9ydHMvc3BzYWxlL3NhbGUtYm43ODAuanBnIiBib3JkZXI9IjAiIGFsdD0i44K744O844OrIiB3aWR0aD0iNzcwcHgiPjxicj48YnI+IOOCueODvOODkeODvCAtLT4KCjxkaXYgY2xhc3M9ImNvbnRlbnRzIj48IS0tIOWRiuefpSAKPGRpdiBzdHlsZT0id2lkdGg6NzM2cHg7IHBhZGRpbmc6MTVweDsgbWFyZ2luOjVweCAwIDE1cHg7IGJvcmRlcjpzb2xpZCAjRTYyRjJGIDJweDsiPgo8cCBzdHlsZT0iZm9udC13ZWlnaHQ6Ym9sZDsgZm9udC1zaXplOjE3cHg7IHRleHQtYWxpZ246Y2VudGVyOyI+44CQIDxzcGFuIHN0eWxlPSJib3JkZXItYm90dG9tOjJweCBkb3R0ZWQgIzk5OTsgZm9udC1zaXplOjE1cHg7Ij415pyIMjbml6Uo6YeRKeOBruWWtualreOBq+OBpOOBhOOBpjwvc3Bhbj4g44CRPC9wPgo8cCBzdHlsZT0iZm9udC1zaXplOjEzcHg7IG1hcmdpbi10b3A6MTVweDsiPuiqoOOBq+WLneaJi+OBquOBjOOCiTXmnIgyNuaXpSjph5Ep44Gv44CB56S+5YaF56CU5L+u44Gu44Gf44KB44CB5Za25qWt5pmC6ZaT44KS5Y2I5YmNMTLvvJowMOOBvuOBp+OBqOOBleOBm+OBpuOBhOOBn+OBoOOBjeOBvuOBmeOAguWwmuOAgeOAjOOBguOBmealveOAjeWvvuW/nOWTgeOBq+OBpOOBjeOBvuOBl+OBpuOBr+OAgemAmuW4uOmAmuOCijEy77yaMDDjgb7jgafjga7jgZTms6jmlofjgpLlvZPml6XnmbrpgIHjgZXjgZvjgabjgYTjgZ/jgaDjgY3jgb7jgZnjgII8L3A+CjxwIHN0eWxlPSJmb250LXNpemU6MTNweDsgbWFyZ2luLXRvcDoxNXB4OyI+44GK5a6i5qeY44Gr44Gv44GU5LiN5L6/44KS44GK5o6b44GR6Ie044GX44G+44GZ44GM44CB44GU55CG6Kej44Gu56iL44CB5a6c44GX44GP44GK6aGY44GE6Ie044GX44G+44GZ44CCPC9wPgo8L2Rpdj4gLS0+CgoKPCEtLSA8ZGl2IHN0eWxlPSJ3aWR0aDo3MzZweDsgcGFkZGluZzoxNXB4OyBtYXJnaW46NXB4IDAgMTVweDsgYm9yZGVyOnNvbGlkICNFNjJGMkYgMnB4OyI+CjxwIHN0eWxlPSJmb250LXdlaWdodDpib2xkOyBmb250LXNpemU6MTdweDsgdGV4dC1hbGlnbjpjZW50ZXI7IG1hcmdpbjowOyI+44CQIDxzcGFuIHN0eWxlPSJib3JkZXItYm90dG9tOjJweCBkb3R0ZWQgIzk5OTsgZm9udC1zaXplOjE1cHg7Ij7lpKnlgJnkuI3oia/jga7lvbHpn7/jgavjgojjgovphY3pgIHpgYXlu7bjgavjgaTjgYTjgaY8L3NwYW4+IOOAkTwvcD4KPHAgc3R5bGU9ImZvbnQtc2l6ZToxM3B4OyBtYXJnaW46MTVweCAwIDA7Ij7lj7Dpoqjjg7vosarpm6jnrYnjga7lpKnlgJnkuI3oia/jgavkvLTjgYTjgIHkuIDpg6jlnLDln5/jgafjgYrojbfnianjga7jgYrlsYrjgZHjgavpgYXjgozjgYznmbrnlJ/jgZnjgovmgZDjgozjgYzjgZTjgZbjgYTjgb7jgZnjgII8L3A+CjxwIHN0eWxlPSJmb250LXNpemU6MTNweDsgbWFyZ2luOjdweCAwIDA7Ij7jgb7jgZ/jgIHku4rlvozjga7lj7Dpoqjjga7pgLLot6/jgavjgojjgaPjgabjga/jgIHluoPnr4Tlm7Ljga7lnLDln5/jgafpgYXjgozjgYznlJ/jgZjjgovlj6/og73mgKfjgYzjgYLjgorjgb7jgZnjgILlnLDln5/jgoTjgr/jgqTjg5/jg7PjgrDjgavjgojjgaPjgabjgIHjgZTluIzmnJvjga7jgYrlsYrjgZHml6XmmYLjgavphY3pgZTjgafjgY3jgarjgYTloLTlkIjjgYzjgZTjgZbjgYTjgb7jgZnjgII8L3A+CjxwIHN0eWxlPSJmb250LXNpemU6MTNweDsgbWFyZ2luOjdweCAwIDA7Ij7jgYrlrqLmp5jjgavjga/lpKflpInjgZTov7fmg5HjgpLjgYrmjpvjgZHoh7TjgZfjgb7jgZnjgYzjgIHjgZTnkIbop6PjgYTjgZ/jgaDjgZHjgb7jgZnjgojjgYbjgYrpoZjjgYToh7TjgZfjgb7jgZnjgII8L3A+CjwvZGl2PiAtLT4KCgoKPCEtLSDkuIDpg6jlnLDln5/jgafjga7phY3pgZTpgYXlu7bjgavjgaTjgY3jgb7jgZfjgaYgLS0+CgoKPCEtLSDjgq/jg7zjg53jg7MgCjxpbWcgc3JjPSJodHRwOi8vd3d3LnJha3V0ZW4ubmUuanAvZ29sZC9lc3BvcnRzL2JuL2NvdXBvbi9jb3Vwb243NzAuZ2lmIiBhbHQ9IjIwMOWGhk9GRuOCr+ODvOODneODsyI+IC0tPgoKCgo8IS0tIDxpbWcgc3JjPSJodHRwOi8vd3d3LnJha3V0ZW4ubmUuanAvZ29sZC9lc3BvcnRzL2JuL2FkaWRhcy9hZGlkYXMtYm4zNTcuanBnIiBhbHQ9ImFkaWRhc+ODneOCpOODs+ODiDE15YCNIj4gLS0+CgoKPGJyPg==,44Ot44OD44K477yITE9ER0XvvIkg44Op44Km44Oz44OJ44Kw44Oq44OJ44OrIEw5T0czIOOAkOODleODqeOCpOODkeODsyDpi7PpiYQg44Ki44Km44OI44OJ44KiIOODkOODvOODmeOCreODpeODvOOAke+8mu+9he+8s++8sO+8r++8su+8tO+8s+alveWkqeaUr+W6lw==,44Ki44Km44OI44OJ44Ki44Kt44Oj44Oz44OX44OQ44O844OZ44Kt44Ol44O844OG44Oz44OI44K/44O844OX44OG44O844OW44Or44OB44Kn44Ki44K344Ol44Op44OV44Op44Oz44K/44Oz44Kv44O844Op44O844Oc44OD44Kv44K544Kz44O844Or44Oe44Oz44OO44O844K544OV44Kn44Kk44K544K544Od44O844OE44OV44Kj44OD44OI44ON44K544OA44Kk44Ko44OD44OI44OI44Os44O844OL44Oz44Kw44OX44Ot44OG44Kk44Oz44K144OX44Oq44Oh44Oz44OI44OA44Oz44OZ44Or44K144OD44Kr44O844Ot44OD44K477yITE9ER0XvvIkg44Op44Km44Oz44OJ44Kw44Oq44OJ44OrIEw5T0czIOOAkOODleODqeOCpOODkeODsyDpi7PpiYQg44Ki44Km44OI44OJ44KiIOODkOODvOODmeOCreODpeODvOOAkQ==,44Ot44OD44K477yITE9ER0XvvIkg44Op44Km44Oz44OJ44Kw44Oq44OJ44OrIEw5T0czIOOAkOODleODqeOCpOODkeODsyDpi7PpiYQg44Ki44Km44OI44OJ44KiIOODkOODvOODmeOCreODpeODvOOAkQ==[rn]
34-75343,aHR0cDovL3RzaG9wLnIxMHMuanAvZXNwb3J0cy9jYWJpbmV0LzkyMzcvOTIzNzMxMDQ5MDAyMi5qcGc/Zml0aW49NzAwOjcwMA==,MjMyMC4wMDAw,,44K544Od44O844OE44O744Ki44Km44OI44OJ44KiID4g44Ki44Km44OI44OJ44KiID4g44OQ44O844G544Kt44Ol44O844O744Kv44OD44Kt44Oz44Kw55So5ZOBID4g44Kv44OD44Kr44O8,44Om44OL44OV44Os44O844OgIFVOSUZMQU1FIEbjg5Hjg7MgMTdjbSBOby42Njc2NTEg44CQ6aOf5Zmo44CR44CQ6Kq/55CG5Zmo5YW344CR44CQ6Y2LIOODleODqeOCpOODkeODs+OAkeOAkOOCr+ODg+OCq+ODvOOAkQ==,4peG44GC44GZ5qW94peG,PCEtLWltZ190YWdzLS0+PHRhYmxlIGJvcmRlcj0iMCIgd2lkdGg9IjY1MCI+PFRSPjxURCBhbGlnbj0iY2VudGVyIj48QSBocmVmPSJodHRwOi8vd3d3LnJha3V0ZW4uY28uanAvZXNwb3J0cy9pbmZvMi5odG1sI2RlciI+PElNRyBzcmM9Imh0dHA6Ly93d3cucmFrdXRlbi5uZS5qcC9nb2xkL2VzcG9ydHMvc3VwcG9ydC9zaGlwcGluZzIuZ2lmIiBib3JkZXI9IjAiPjwvQT48QSBocmVmPSJodHRwOi8vd3d3LnJha3V0ZW4ubmUuanAvZ29sZC9lc3BvcnRzL3N1cHBvcnQvZGlzcGF0Y2guaHRtbCI+PElNRyBzcmM9Imh0dHA6Ly93d3cucmFrdXRlbi5uZS5qcC9nb2xkL2VzcG9ydHMvc3VwcG9ydC9kYXlzNi5naWYiIGJvcmRlcj0iMCI+PC9BPjxBIGhyZWY9Imh0dHA6Ly93d3cucmFrdXRlbi5uZS5qcC9nb2xkL2VzcG9ydHMvc3VwcG9ydC9kaXNwYXRjaC5odG1sIj48SU1HIHNyYz0iaHR0cDovL3d3dy5yYWt1dGVuLm5lLmpwL2dvbGQvZXNwb3J0cy9zdXBwb3J0L3BsYWNlMS5naWYiIGJvcmRlcj0iMCI+PC9BPjwvdGQ+PC90cj48L3RhYmxlPjwhLS1pbWdfdGFnZS0tPjwhLS1zb2t1X3RhZ3MtLT48dGFibGUgYm9yZGVyPSIwIj48VFI+PFREPjxBIGhyZWY9Imh0dHA6Ly93d3cucmFrdXRlbi5uZS5qcC9nb2xkL2VzcG9ydHMvYXN1cmFrdS9hc3VyYWt1Lmh0bWwiIHRhcmdldD0iX2JsYW5rIj48SU1HIHNyYz0iaHR0cDovL3d3dy5yYWt1dGVuLm5lLmpwL2dvbGQvZXNwb3J0cy9ibi9hc3VyYWt1L2FzdXJha3UuZ2lmIiBib3JkZXI9IjAiPjwvQT48L1REPjwvdHI+PC90YWJsZT48IS0tc29rdV90YWdlLS0+6Lu96YeP44Ki44Or44Of44OV44Op44Kk44OR44Oz44CCPGJyPjxicj7il4/lj47ntI3jgrHjg7zjgrnku5jjgY3jgII8YnI+4peP44GK5omL5YWl44KM44KJ44GP44KJ44GP44OV44OD57Sg5Yqg5bel44CCPGJyPjxicj48YnI+PGJyPjxpbWcgc3JjPSJodHRwOi8vaW1hZ2UucmFrdXRlbi5jby5qcC9lc3BvcnRzL2NhYmluZXQvYm4vZmlyZWdyaWxsNTAwLmdpZiIgYWx0PSLjg5XjgqHjgqTjgqLjgrDjg6rjg6vvvIHjgYrlvpfjgarjgq3jg6Pjg6rjg7zjg5Djg4PjgrDjgrvjg4Pjg4jvvIEiIGJvcmRlcj0iMCI+PCEtLXNwZWNfdGFncy0tPjxwPjxzdHJvbmc+PGZvbnQgY29sb3I9IiMwMDAwQ0QiIHNpemU9IjMiPuOAkOWVhuWTgeOCueODmuODg+OCr+OAkTwvZm9udD48L3N0cm9uZz48YnI+4pePPHN0cm9uZz7jgrXjgqTjgro8L3N0cm9uZz4gOiDOpjE2N8OXNDBtbTxicj7il488c3Ryb25nPuWuuemHjzwvc3Ryb25nPiA6IDgwMG1sPGJyPuKXjzxzdHJvbmc+5p2Q6LOqPC9zdHJvbmc+IDogPGJyPuOAgOODu+acrOS9k++8muOCouODq+ODn+ODi+OCpuODoOODu+ODleODg+e0oOaoueiEguWKoOW3pTxicj7jgIDjg7vjg4/jg7Pjg4njg6vvvJrjgrnjg4bjg7Pjg6zjgrnpi7w8YnI+4pePPHN0cm9uZz7ph43ph488L3N0cm9uZz4gOiAxNzVnPGJyPjwhLS1zcGVjX3RhZ2UtLT48YnI+PGxpbmsgcmVsPSJzdHlsZXNoZWV0IiB0eXBlPSJ0ZXh0L2NzcyIgaHJlZj0iaHR0cDovL3d3dy5yYWt1dGVuLm5lLmpwL2dvbGQvZXNwb3J0cy9zaG9wcGluZ19wYXJ0cy5jc3MiPgoKPGRpdiBzdHlsZT0ibWFyZ2luLXRvcDotMjZweDsiPjwvZGl2PgoKPGltZyBzcmM9Imh0dHA6Ly93d3cucmFrdXRlbi5uZS5qcC9nb2xkL2VzcG9ydHMvYm4vcG9pbnQvcG9pbnRfYmJiLmpwZyIgYWx0PSIzMDAw5YaG5Lul5LiK44Gn44Od44Kk44Oz44OI77yT5YCNIiBib3JkZXI9IjAiIHdpZHRoPSI3NTBweCI+Cgo8IS0tIOOCu+ODvOODqyA8aW1nIHNyYz0iaHR0cDovL3d3dy5yYWt1dGVuLm5lLmpwL2dvbGQvZXNwb3J0cy9uZXd5ZWFyLXNhbGUvbmV3eWVhci1zYWxlLTc4MC5qcGciIGJvcmRlcj0iMCIgYWx0PSLjgrvjg7zjg6siIHdpZHRoPSI3NzBweCI+PGJyPjxicj4g44K744O844OrIC0tPgoKPCEtLSDjgrnjg7zjg5Hjg7zjgrvjg7zjg6sgPGRpdiBzdHlsZT0id2lkdGggOiA3NTBweDsiPgo8ZGl2IGFsaWduPSJjZW50ZXIiIHN0eWxlPSJtYXJnaW4tYm90dG9tIDogMHB4O2JvcmRlci13aWR0aCA6IDJweDtib3JkZXItc3R5bGUgOiBzb2xpZDtib3JkZXItY29sb3IgOiAjYmMxMTMxOyI+Cgo8L2Rpdj48L2Rpdj48ZGl2IGNsYXNzPSJtYXJnaW41Ij48L2Rpdj48YnI+IOOCueODvOODkeODvOOCu+ODvOODqy0tPgoKPCEtLSDjgrnjg7zjg5Hjg7zjgrvjg7zjg6syIO+8iOODkOODiuODvOOBruOBv++8iTxpbWcgc3JjPSJodHRwOi8vd3d3LnJha3V0ZW4ubmUuanAvZ29sZC9lc3BvcnRzL3Nwc2FsZS9zYWxlLWJuNzgwLmpwZyIgYm9yZGVyPSIwIiBhbHQ9IuOCu+ODvOODqyIgd2lkdGg9Ijc3MHB4Ij48YnI+PGJyPiDjgrnjg7zjg5Hjg7wgLS0+Cgo8ZGl2IGNsYXNzPSJjb250ZW50cyI+PCEtLSDlkYrnn6UgCjxkaXYgc3R5bGU9IndpZHRoOjczNnB4OyBwYWRkaW5nOjE1cHg7IG1hcmdpbjo1cHggMCAxNXB4OyBib3JkZXI6c29saWQgI0U2MkYyRiAycHg7Ij4KPHAgc3R5bGU9ImZvbnQtd2VpZ2h0OmJvbGQ7IGZvbnQtc2l6ZToxN3B4OyB0ZXh0LWFsaWduOmNlbnRlcjsiPuOAkCA8c3BhbiBzdHlsZT0iYm9yZGVyLWJvdHRvbToycHggZG90dGVkICM5OTk7IGZvbnQtc2l6ZToxNXB4OyI+NeaciDI25pelKOmHkSnjga7llrbmpa3jgavjgaTjgYTjgaY8L3NwYW4+IOOAkTwvcD4KPHAgc3R5bGU9ImZvbnQtc2l6ZToxM3B4OyBtYXJnaW4tdG9wOjE1cHg7Ij7oqqDjgavli53miYvjgarjgYzjgok15pyIMjbml6Uo6YeRKeOBr+OAgeekvuWGheeglOS/ruOBruOBn+OCgeOAgeWWtualreaZgumWk+OCkuWNiOWJjTEy77yaMDDjgb7jgafjgajjgZXjgZvjgabjgYTjgZ/jgaDjgY3jgb7jgZnjgILlsJrjgIHjgIzjgYLjgZnmpb3jgI3lr77lv5zlk4HjgavjgaTjgY3jgb7jgZfjgabjga/jgIHpgJrluLjpgJrjgooxMu+8mjAw44G+44Gn44Gu44GU5rOo5paH44KS5b2T5pel55m66YCB44GV44Gb44Gm44GE44Gf44Gg44GN44G+44GZ44CCPC9wPgo8cCBzdHlsZT0iZm9udC1zaXplOjEzcHg7IG1hcmdpbi10b3A6MTVweDsiPuOBiuWuouanmOOBq+OBr+OBlOS4jeS+v+OCkuOBiuaOm+OBkeiHtOOBl+OBvuOBmeOBjOOAgeOBlOeQhuino+OBrueoi+OAgeWunOOBl+OBj+OBiumhmOOBhOiHtOOBl+OBvuOBmeOAgjwvcD4KPC9kaXY+IC0tPgoKCjwhLS0gPGRpdiBzdHlsZT0id2lkdGg6NzM2cHg7IHBhZGRpbmc6MTVweDsgbWFyZ2luOjVweCAwIDE1cHg7IGJvcmRlcjpzb2xpZCAjRTYyRjJGIDJweDsiPgo8cCBzdHlsZT0iZm9udC13ZWlnaHQ6Ym9sZDsgZm9udC1zaXplOjE3cHg7IHRleHQtYWxpZ246Y2VudGVyOyBtYXJnaW46MDsiPuOAkCA8c3BhbiBzdHlsZT0iYm9yZGVyLWJvdHRvbToycHggZG90dGVkICM5OTk7IGZvbnQtc2l6ZToxNXB4OyI+5aSp5YCZ5LiN6Imv44Gu5b2x6Z+/44Gr44KI44KL6YWN6YCB6YGF5bu244Gr44Gk44GE44GmPC9zcGFuPiDjgJE8L3A+CjxwIHN0eWxlPSJmb250LXNpemU6MTNweDsgbWFyZ2luOjE1cHggMCAwOyI+5Y+w6aKo44O76LGq6Zuo562J44Gu5aSp5YCZ5LiN6Imv44Gr5Ly044GE44CB5LiA6YOo5Zyw5Z+f44Gn44GK6I2354mp44Gu44GK5bGK44GR44Gr6YGF44KM44GM55m655Sf44GZ44KL5oGQ44KM44GM44GU44GW44GE44G+44GZ44CCPC9wPgo8cCBzdHlsZT0iZm9udC1zaXplOjEzcHg7IG1hcmdpbjo3cHggMCAwOyI+44G+44Gf44CB5LuK5b6M44Gu5Y+w6aKo44Gu6YCy6Lev44Gr44KI44Gj44Gm44Gv44CB5bqD56+E5Zuy44Gu5Zyw5Z+f44Gn6YGF44KM44GM55Sf44GY44KL5Y+v6IO95oCn44GM44GC44KK44G+44GZ44CC5Zyw5Z+f44KE44K/44Kk44Of44Oz44Kw44Gr44KI44Gj44Gm44CB44GU5biM5pyb44Gu44GK5bGK44GR5pel5pmC44Gr6YWN6YGU44Gn44GN44Gq44GE5aC05ZCI44GM44GU44GW44GE44G+44GZ44CCPC9wPgo8cCBzdHlsZT0iZm9udC1zaXplOjEzcHg7IG1hcmdpbjo3cHggMCAwOyI+44GK5a6i5qeY44Gr44Gv5aSn5aSJ44GU6L+35oOR44KS44GK5o6b44GR6Ie044GX44G+44GZ44GM44CB44GU55CG6Kej44GE44Gf44Gg44GR44G+44GZ44KI44GG44GK6aGY44GE6Ie044GX44G+44GZ44CCPC9wPgo8L2Rpdj4gLS0+CgoKCjwhLS0g5LiA6YOo5Zyw5Z+f44Gn44Gu6YWN6YGU6YGF5bu244Gr44Gk44GN44G+44GX44GmIC0tPgoKCjwhLS0g44Kv44O844Od44OzIAo8aW1nIHNyYz0iaHR0cDovL3d3dy5yYWt1dGVuLm5lLmpwL2dvbGQvZXNwb3J0cy9ibi9jb3Vwb24vY291cG9uNzcwLmdpZiIgYWx0PSIyMDDlhoZPRkbjgq/jg7zjg53jg7MiPiAtLT4KCgoKPCEtLSA8aW1nIHNyYz0iaHR0cDovL3d3dy5yYWt1dGVuLm5lLmpwL2dvbGQvZXNwb3J0cy9ibi9hZGlkYXMvYWRpZGFzLWJuMzU3LmpwZyIgYWx0PSJhZGlkYXPjg53jgqTjg7Pjg4gxNeWAjSI+IC0tPgoKCjxicj4=,44Om44OL44OV44Os44O844OgIFVOSUZMQU1FIEbjg5Hjg7MgMTdjbSBOby42Njc2NTEg44CQ6aOf5Zmo44CR44CQ6Kq/55CG5Zmo5YW344CR44CQ6Y2LIOODleODqeOCpOODkeODs+OAkeOAkOOCr+ODg+OCq+ODvOOAke+8mu+9he+8s++8sO+8r++8su+8tO+8s+alveWkqeaUr+W6lw==,44Ki44Km44OI44OJ44Ki44Kt44Oj44Oz44OX44OQ44O844OZ44Kt44Ol44O844OG44Oz44OI44K/44O844OX44OG44O844OW44Or44OB44Kn44Ki44K344Ol44Op44OV44Op44Oz44K/44Oz44Kv44O844Op44O844Oc44OD44Kv44K544Kz44O844Or44Oe44Oz44OO44O844K544OV44Kn44Kk44K544K544Od44O844OE44OV44Kj44OD44OI44ON44K544OA44Kk44Ko44OD44OI44OI44Os44O844OL44Oz44Kw44OX44Ot44OG44Kk44Oz44K144OX44Oq44Oh44Oz44OI44OA44Oz44OZ44Or44K144OD44Kr44O844Om44OL44OV44Os44O844OgIFVOSUZMQU1FIEbjg5Hjg7MgMTdjbSBOby42Njc2NTEg44CQ6aOf5Zmo44CR44CQ6Kq/55CG5Zmo5YW344CR44CQ6Y2LIOODleODqeOCpOODkeODs+OAkeOAkOOCr+ODg+OCq+ODvOOAkQ==,4peG44GC44GZ5qW94peG44CC44Om44OL44OV44Os44O844OgIFVOSUZMQU1FIEbjg5Hjg7MgMTdjbSBOby42Njc2NTEg44CQ6aOf5Zmo44CR44CQ6Kq/55CG5Zmo5YW344CR44CQ6Y2LIOODleODqeOCpOODkeODs+OAkeOAkOOCr+ODg+OCq+ODvOOAkQ==[rn]
34-75344,aHR0cDovL3RzaG9wLnIxMHMuanAvZXNwb3J0cy9jYWJpbmV0Lzk0MzAvOTQzMDMxMDQ5MDIyOS5qcGc/Zml0aW49NzAwOjcwMA==,MjMzMi44MDAw,,44K544Od44O844OE44O744Ki44Km44OI44OJ44KiID4g44Ki44Km44OI44OJ44KiID4g44OQ44O844G544Kt44Ol44O844O744Kv44OD44Kt44Oz44Kw55So5ZOBID4g44Kv44OD44Kr44O8,44Ot44OD44K477yITE9ER0XvvIkgTEdDIOODqeOCpuODs+ODieOCsOODquODqyA4IDMvOCBMNk9HMyAxOTI0MDIwMjAwMDAwMCDjgJDjgq3jg6Pjg7Pjg5cg44Ki44Km44OI44OJ44KiIOODleODqeOCpOODkeODsyDjg4Djg4Pjg4Hjgqrjg7zjg5bjg7Mg6Kq/55CG44CR,,PCEtLWltZ190YWdzLS0+PHRhYmxlIGJvcmRlcj0iMCIgd2lkdGg9IjY1MCI+PFRSPjxURCBhbGlnbj0iY2VudGVyIj48QSBocmVmPSJodHRwOi8vd3d3LnJha3V0ZW4uY28uanAvZXNwb3J0cy9pbmZvMi5odG1sI2RlciI+PElNRyBzcmM9Imh0dHA6Ly93d3cucmFrdXRlbi5uZS5qcC9nb2xkL2VzcG9ydHMvc3VwcG9ydC9zaGlwcGluZzIuZ2lmIiBib3JkZXI9IjAiPjwvQT48QSBocmVmPSJodHRwOi8vd3d3LnJha3V0ZW4ubmUuanAvZ29sZC9lc3BvcnRzL3N1cHBvcnQvZGlzcGF0Y2guaHRtbCI+PElNRyBzcmM9Imh0dHA6Ly93d3cucmFrdXRlbi5uZS5qcC9nb2xkL2VzcG9ydHMvc3VwcG9ydC9kYXlzMi5naWYiIGJvcmRlcj0iMCI+PC9BPjxBIGhyZWY9Imh0dHA6Ly93d3cucmFrdXRlbi5uZS5qcC9nb2xkL2VzcG9ydHMvc3VwcG9ydC9kaXNwYXRjaC5odG1sIj48SU1HIHNyYz0iaHR0cDovL3d3dy5yYWt1dGVuLm5lLmpwL2dvbGQvZXNwb3J0cy9zdXBwb3J0L3BsYWNlMy5naWYiIGJvcmRlcj0iMCI+PC9BPjxBIGhyZWY9Imh0dHA6Ly93d3cucmFrdXRlbi5jby5qcC9lc3BvcnRzL2luZm8yLmh0bWwjYmFjayI+PElNRyBzcmM9Imh0dHA6Ly93d3cucmFrdXRlbi5uZS5qcC9nb2xkL2VzcG9ydHMvc3VwcG9ydC9yZXR1cm4xLmdpZiIgYm9yZGVyPSIwIj48L0E+PC90ZD48L3RyPjwvdGFibGU+PCEtLWltZ190YWdlLS0+PHN0cm9uZz48Zm9udCBjb2xvcj0iIzAwMDBDRCIgc2l6ZT0iNCI+44Kv44Os44O844OX44KE44GK5aW944G/54S844GN44CB44OU44K244KC5L2c44KM44KL5rWF5Z6L44K544Kt44Os44OD44OI44CCPGJyPjwvZm9udD48L3N0cm9uZz48YnI+44Kv44Os44O844OX44KE44GK5aW944G/54S844GN44Gv44KC44Gh44KN44KT44CBPGJyPuODj+ODs+ODkOODvOOCsOOBquOBqeOCkuOBguOBpOOBguOBpOOBp+OCteODvOODluOBp+OBjeOCi+a1heWei+OCueOCreODrOODg+ODiOOBp+OBmeOAgjxicj7olqrjgrnjg4jjg7zjg5bjgafjgafjgY3jgZ/jgabjg5TjgrbjgoLmpb3jgZfjgoHjgb7jgZnjgII8YnI+PGJyPjxwPjwhLS1ta190YWdzLS0+PFA+PElNRyBzcmM9Imh0dHA6Ly93d3cucmFrdXRlbi5uZS5qcC9nb2xkL2VzcG9ydHMvYm4vanl1aGF0dHl1dTUyMC02MC5qcGciIHdpZHRoPSI1MjAiIGhlaWdodD0iNjAiIGJvcmRlcj0iMCI+PC9QPjwhLS1ta190YWdlLS0+PGJyPuKXj+euoeeQhmNvZGXvvJo3OTg0ODg4MTwhLS1zcGVjX3RhZ3MtLT48cD48c3Ryb25nPjxmb250IGNvbG9yPSIjMDAwMENEIiBzaXplPSIzIj7jgJDllYblk4Hjgrnjg5rjg4Pjgq/jgJE8L2ZvbnQ+PC9zdHJvbmc+PGJyPuKXjzxzdHJvbmc+5YaF5b6EPC9zdHJvbmc+IDogMjAuMmNt77yIOC0zLzjjgqTjg7Pjg4HvvIk8YnI+4pePPHN0cm9uZz7ph43ph488L3N0cm9uZz4gOiAxLjJrZzxicj7il488c3Ryb25nPua3seOBlTwvc3Ryb25nPiA6IDEuNWNtPGJyPuKXjzxzdHJvbmc+55Sf55Sj5Zu9PC9zdHJvbmc+IDog44Ki44Oh44Oq44KrPGJyPjwhLS1zcGVjX3RhZ2UtLT48YnI+PGxpbmsgcmVsPSJzdHlsZXNoZWV0IiB0eXBlPSJ0ZXh0L2NzcyIgaHJlZj0iaHR0cDovL3d3dy5yYWt1dGVuLm5lLmpwL2dvbGQvZXNwb3J0cy9zaG9wcGluZ19wYXJ0cy5jc3MiPgoKPGRpdiBzdHlsZT0ibWFyZ2luLXRvcDotMjZweDsiPjwvZGl2PgoKPGltZyBzcmM9Imh0dHA6Ly93d3cucmFrdXRlbi5uZS5qcC9nb2xkL2VzcG9ydHMvYm4vcG9pbnQvcG9pbnRfYmJiLmpwZyIgYWx0PSIzMDAw5YaG5Lul5LiK44Gn44Od44Kk44Oz44OI77yT5YCNIiBib3JkZXI9IjAiIHdpZHRoPSI3NTBweCI+Cgo8IS0tIOOCu+ODvOODqyA8aW1nIHNyYz0iaHR0cDovL3d3dy5yYWt1dGVuLm5lLmpwL2dvbGQvZXNwb3J0cy9uZXd5ZWFyLXNhbGUvbmV3eWVhci1zYWxlLTc4MC5qcGciIGJvcmRlcj0iMCIgYWx0PSLjgrvjg7zjg6siIHdpZHRoPSI3NzBweCI+PGJyPjxicj4g44K744O844OrIC0tPgoKPCEtLSDjgrnjg7zjg5Hjg7zjgrvjg7zjg6sgPGRpdiBzdHlsZT0id2lkdGggOiA3NTBweDsiPgo8ZGl2IGFsaWduPSJjZW50ZXIiIHN0eWxlPSJtYXJnaW4tYm90dG9tIDogMHB4O2JvcmRlci13aWR0aCA6IDJweDtib3JkZXItc3R5bGUgOiBzb2xpZDtib3JkZXItY29sb3IgOiAjYmMxMTMxOyI+Cgo8L2Rpdj48L2Rpdj48ZGl2IGNsYXNzPSJtYXJnaW41Ij48L2Rpdj48YnI+IOOCueODvOODkeODvOOCu+ODvOODqy0tPgoKPCEtLSDjgrnjg7zjg5Hjg7zjgrvjg7zjg6syIO+8iOODkOODiuODvOOBruOBv++8iTxpbWcgc3JjPSJodHRwOi8vd3d3LnJha3V0ZW4ubmUuanAvZ29sZC9lc3BvcnRzL3Nwc2FsZS9zYWxlLWJuNzgwLmpwZyIgYm9yZGVyPSIwIiBhbHQ9IuOCu+ODvOODqyIgd2lkdGg9Ijc3MHB4Ij48YnI+PGJyPiDjgrnjg7zjg5Hjg7wgLS0+Cgo8ZGl2IGNsYXNzPSJjb250ZW50cyI+PCEtLSDlkYrnn6UgCjxkaXYgc3R5bGU9IndpZHRoOjczNnB4OyBwYWRkaW5nOjE1cHg7IG1hcmdpbjo1cHggMCAxNXB4OyBib3JkZXI6c29saWQgI0U2MkYyRiAycHg7Ij4KPHAgc3R5bGU9ImZvbnQtd2VpZ2h0OmJvbGQ7IGZvbnQtc2l6ZToxN3B4OyB0ZXh0LWFsaWduOmNlbnRlcjsiPuOAkCA8c3BhbiBzdHlsZT0iYm9yZGVyLWJvdHRvbToycHggZG90dGVkICM5OTk7IGZvbnQtc2l6ZToxNXB4OyI+NeaciDI25pelKOmHkSnjga7llrbmpa3jgavjgaTjgYTjgaY8L3NwYW4+IOOAkTwvcD4KPHAgc3R5bGU9ImZvbnQtc2l6ZToxM3B4OyBtYXJnaW4tdG9wOjE1cHg7Ij7oqqDjgavli53miYvjgarjgYzjgok15pyIMjbml6Uo6YeRKeOBr+OAgeekvuWGheeglOS/ruOBruOBn+OCgeOAgeWWtualreaZgumWk+OCkuWNiOWJjTEy77yaMDDjgb7jgafjgajjgZXjgZvjgabjgYTjgZ/jgaDjgY3jgb7jgZnjgILlsJrjgIHjgIzjgYLjgZnmpb3jgI3lr77lv5zlk4HjgavjgaTjgY3jgb7jgZfjgabjga/jgIHpgJrluLjpgJrjgooxMu+8mjAw44G+44Gn44Gu44GU5rOo5paH44KS5b2T5pel55m66YCB44GV44Gb44Gm44GE44Gf44Gg44GN44G+44GZ44CCPC9wPgo8cCBzdHlsZT0iZm9udC1zaXplOjEzcHg7IG1hcmdpbi10b3A6MTVweDsiPuOBiuWuouanmOOBq+OBr+OBlOS4jeS+v+OCkuOBiuaOm+OBkeiHtOOBl+OBvuOBmeOBjOOAgeOBlOeQhuino+OBrueoi+OAgeWunOOBl+OBj+OBiumhmOOBhOiHtOOBl+OBvuOBmeOAgjwvcD4KPC9kaXY+IC0tPgoKCjwhLS0gPGRpdiBzdHlsZT0id2lkdGg6NzM2cHg7IHBhZGRpbmc6MTVweDsgbWFyZ2luOjVweCAwIDE1cHg7IGJvcmRlcjpzb2xpZCAjRTYyRjJGIDJweDsiPgo8cCBzdHlsZT0iZm9udC13ZWlnaHQ6Ym9sZDsgZm9udC1zaXplOjE3cHg7IHRleHQtYWxpZ246Y2VudGVyOyBtYXJnaW46MDsiPuOAkCA8c3BhbiBzdHlsZT0iYm9yZGVyLWJvdHRvbToycHggZG90dGVkICM5OTk7IGZvbnQtc2l6ZToxNXB4OyI+5aSp5YCZ5LiN6Imv44Gu5b2x6Z+/44Gr44KI44KL6YWN6YCB6YGF5bu244Gr44Gk44GE44GmPC9zcGFuPiDjgJE8L3A+CjxwIHN0eWxlPSJmb250LXNpemU6MTNweDsgbWFyZ2luOjE1cHggMCAwOyI+5Y+w6aKo44O76LGq6Zuo562J44Gu5aSp5YCZ5LiN6Imv44Gr5Ly044GE44CB5LiA6YOo5Zyw5Z+f44Gn44GK6I2354mp44Gu44GK5bGK44GR44Gr6YGF44KM44GM55m655Sf44GZ44KL5oGQ44KM44GM44GU44GW44GE44G+44GZ44CCPC9wPgo8cCBzdHlsZT0iZm9udC1zaXplOjEzcHg7IG1hcmdpbjo3cHggMCAwOyI+44G+44Gf44CB5LuK5b6M44Gu5Y+w6aKo44Gu6YCy6Lev44Gr44KI44Gj44Gm44Gv44CB5bqD56+E5Zuy44Gu5Zyw5Z+f44Gn6YGF44KM44GM55Sf44GY44KL5Y+v6IO95oCn44GM44GC44KK44G+44GZ44CC5Zyw5Z+f44KE44K/44Kk44Of44Oz44Kw44Gr44KI44Gj44Gm44CB44GU5biM5pyb44Gu44GK5bGK44GR5pel5pmC44Gr6YWN6YGU44Gn44GN44Gq44GE5aC05ZCI44GM44GU44GW44GE44G+44GZ44CCPC9wPgo8cCBzdHlsZT0iZm9udC1zaXplOjEzcHg7IG1hcmdpbjo3cHggMCAwOyI+44GK5a6i5qeY44Gr44Gv5aSn5aSJ44GU6L+35oOR44KS44GK5o6b44GR6Ie044GX44G+44GZ44GM44CB44GU55CG6Kej44GE44Gf44Gg44GR44G+44GZ44KI44GG44GK6aGY44GE6Ie044GX44G+44GZ44CCPC9wPgo8L2Rpdj4gLS0+CgoKCjwhLS0g5LiA6YOo5Zyw5Z+f44Gn44Gu6YWN6YGU6YGF5bu244Gr44Gk44GN44G+44GX44GmIC0tPgoKCjwhLS0g44Kv44O844Od44OzIAo8aW1nIHNyYz0iaHR0cDovL3d3dy5yYWt1dGVuLm5lLmpwL2dvbGQvZXNwb3J0cy9ibi9jb3Vwb24vY291cG9uNzcwLmdpZiIgYWx0PSIyMDDlhoZPRkbjgq/jg7zjg53jg7MiPiAtLT4KCgoKPCEtLSA8aW1nIHNyYz0iaHR0cDovL3d3dy5yYWt1dGVuLm5lLmpwL2dvbGQvZXNwb3J0cy9ibi9hZGlkYXMvYWRpZGFzLWJuMzU3LmpwZyIgYWx0PSJhZGlkYXPjg53jgqTjg7Pjg4gxNeWAjSI+IC0tPgoKCjxicj4=,44Ot44OD44K477yITE9ER0XvvIkgTEdDIOODqeOCpuODs+ODieOCsOODquODqyA4IDMvOCBMNk9HMyAxOTI0MDIwMjAwMDAwMCDjgJDjgq3jg6Pjg7Pjg5cg44Ki44Km44OI44OJ44KiIOODleODqeOCpOODkeODsyDjg4Djg4Pjg4Hjgqrjg7zjg5bjg7Mg6Kq/55CG44CR77ya772F77yz77yw77yv77yy77y077yz5qW95aSp5pSv5bqX,44Ki44Km44OI44OJ44Ki44Kt44Oj44Oz44OX44OQ44O844OZ44Kt44Ol44O844OG44Oz44OI44K/44O844OX44OG44O844OW44Or44OB44Kn44Ki44K344Ol44Op44OV44Op44Oz44K/44Oz44Kv44O844Op44O844Oc44OD44Kv44K544Kz44O844Or44Oe44Oz44OO44O844K544OV44Kn44Kk44K544K544Od44O844OE44OV44Kj44OD44OI44ON44K544OA44Kk44Ko44OD44OI44OI44Os44O844OL44Oz44Kw44OX44Ot44OG44Kk44Oz44K144OX44Oq44Oh44Oz44OI44OA44Oz44OZ44Or44K144OD44Kr44O844Ot44OD44K477yITE9ER0XvvIkgTEdDIOODqeOCpuODs+ODieOCsOODquODqyA4IDMvOCBMNk9HMyAxOTI0MDIwMjAwMDAwMCDjgJDjgq3jg6Pjg7Pjg5cg44Ki44Km44OI44OJ44KiIOODleODqeOCpOODkeODsyDjg4Djg4Pjg4Hjgqrjg7zjg5bjg7Mg6Kq/55CG44CR,44Ot44OD44K477yITE9ER0XvvIkgTEdDIOODqeOCpuODs+ODieOCsOODquODqyA4IDMvOCBMNk9HMyAxOTI0MDIwMjAwMDAwMCDjgJDjgq3jg6Pjg7Pjg5cg44Ki44Km44OI44OJ44KiIOODleODqeOCpOODkeODsyDjg4Djg4Pjg4Hjgqrjg7zjg5bjg7Mg6Kq/55CG44CR[rn]
34-75345,aHR0cDovL3RzaG9wLnIxMHMuanAvZXNwb3J0cy9jYWJpbmV0LzkyMzcvOTIzNzMxMDQ5MDMxNC5qcGc/Zml0aW49NzAwOjcwMA==,Mjc2NC44MDAw,,44K544Od44O844OE44O744Ki44Km44OI44OJ44KiID4g44Ki44Km44OI44OJ44KiID4g44OQ44O844G544Kt44Ol44O844O744Kv44OD44Kt44Oz44Kw55So5ZOBID4g44Kv44OD44Kr44O8,44OB44OM44O844Kv77yIQ0hJTk9PS++8iSDjg4jjg6zjg4Pjgqvjg7wg44OP44O844OJ44Ki44OO44OA44Kk44K644OJIOODleODqeOCpOODkeODsyA4LjXjgqTjg7Pjg4EgNDE0ODMg44CQ44Kt44Oj44Oz44OXIOOCouOCpuODiOODieOCoiDoqr/nkIYg5paZ55CG44CR,,PCEtLWltZ190YWdzLS0+PHRhYmxlIGJvcmRlcj0iMCIgd2lkdGg9IjY1MCI+PFRSPjxURCBhbGlnbj0iY2VudGVyIj48QSBocmVmPSJodHRwOi8vd3d3LnJha3V0ZW4uY28uanAvZXNwb3J0cy9pbmZvMi5odG1sI2RlciI+PElNRyBzcmM9Imh0dHA6Ly93d3cucmFrdXRlbi5uZS5qcC9nb2xkL2VzcG9ydHMvc3VwcG9ydC9zaGlwcGluZzIuZ2lmIiBib3JkZXI9IjAiPjwvQT48QSBocmVmPSJodHRwOi8vd3d3LnJha3V0ZW4ubmUuanAvZ29sZC9lc3BvcnRzL3N1cHBvcnQvZGlzcGF0Y2guaHRtbCI+PElNRyBzcmM9Imh0dHA6Ly93d3cucmFrdXRlbi5uZS5qcC9nb2xkL2VzcG9ydHMvc3VwcG9ydC9kYXlzMi5naWYiIGJvcmRlcj0iMCI+PC9BPjxBIGhyZWY9Imh0dHA6Ly93d3cucmFrdXRlbi5uZS5qcC9nb2xkL2VzcG9ydHMvc3VwcG9ydC9kaXNwYXRjaC5odG1sIj48SU1HIHNyYz0iaHR0cDovL3d3dy5yYWt1dGVuLm5lLmpwL2dvbGQvZXNwb3J0cy9zdXBwb3J0L3BsYWNlMy5naWYiIGJvcmRlcj0iMCI+PC9BPjxBIGhyZWY9Imh0dHA6Ly93d3cucmFrdXRlbi5jby5qcC9lc3BvcnRzL2luZm8yLmh0bWwjYmFjayI+PElNRyBzcmM9Imh0dHA6Ly93d3cucmFrdXRlbi5uZS5qcC9nb2xkL2VzcG9ydHMvc3VwcG9ydC9yZXR1cm4xLmdpZiIgYm9yZGVyPSIwIj48L0E+PC90ZD48L3RyPjwvdGFibGU+PCEtLWltZ190YWdlLS0+PHN0cm9uZz48Zm9udCBjb2xvcj0iIzAwMDBDRCIgc2l6ZT0iNCI+54Sm44GS5LuY44GN44KS6Ziy44GQ44OO44Oz44K544OG44Kj44OD44Kv5Yqg5bel44CCPGJyPjwvZm9udD48L3N0cm9uZz48YnI+54ax5Lyd5bCO44Gr5YSq44KM44CB57Sg5pep44GP6Kq/55CG5Y+v6IO944CCPGJyPuODj+ODs+ODieODq+OBr+aKmOOCiueVs+OBv+W8j+OAgjxicj7lj47ntI3jgrXjg4Pjgq/ku5jjgII8YnI+PGJyPjxwPjwhLS1ta190YWdzLS0+PFA+PElNRyBzcmM9Imh0dHA6Ly93d3cucmFrdXRlbi5uZS5qcC9nb2xkL2VzcG9ydHMvYm4vanl1aGF0dHl1dTUyMC02MC5qcGciIHdpZHRoPSI1MjAiIGhlaWdodD0iNjAiIGJvcmRlcj0iMCI+PC9QPjwhLS1ta190YWdlLS0+PGJyPuKXj+euoeeQhmNvZGXvvJo3OTg0ODc4NDwhLS1zcGVjX3RhZ3MtLT48cD48c3Ryb25nPjxmb250IGNvbG9yPSIjMDAwMENEIiBzaXplPSIzIj7jgJDllYblk4Hjgrnjg5rjg4Pjgq/jgJE8L2ZvbnQ+PC9zdHJvbmc+PGJyPuKXjzxzdHJvbmc+5p2Q6LOqPC9zdHJvbmc+IDog44OP44O844OJ44Ki44OO44OA44Kk44K644OJ44O744Ki44Or44Of44OL44Km44OgPGJyPuKXjzxzdHJvbmc+44K144Kk44K6PC9zdHJvbmc+IDogOC4144Kk44Oz44OB77yIMjEuNWNt77yJPGJyPjwhLS1zcGVjX3RhZ2UtLT48YnI+PGxpbmsgcmVsPSJzdHlsZXNoZWV0IiB0eXBlPSJ0ZXh0L2NzcyIgaHJlZj0iaHR0cDovL3d3dy5yYWt1dGVuLm5lLmpwL2dvbGQvZXNwb3J0cy9zaG9wcGluZ19wYXJ0cy5jc3MiPgoKPGRpdiBzdHlsZT0ibWFyZ2luLXRvcDotMjZweDsiPjwvZGl2PgoKPGltZyBzcmM9Imh0dHA6Ly93d3cucmFrdXRlbi5uZS5qcC9nb2xkL2VzcG9ydHMvYm4vcG9pbnQvcG9pbnRfYmJiLmpwZyIgYWx0PSIzMDAw5YaG5Lul5LiK44Gn44Od44Kk44Oz44OI77yT5YCNIiBib3JkZXI9IjAiIHdpZHRoPSI3NTBweCI+Cgo8IS0tIOOCu+ODvOODqyA8aW1nIHNyYz0iaHR0cDovL3d3dy5yYWt1dGVuLm5lLmpwL2dvbGQvZXNwb3J0cy9uZXd5ZWFyLXNhbGUvbmV3eWVhci1zYWxlLTc4MC5qcGciIGJvcmRlcj0iMCIgYWx0PSLjgrvjg7zjg6siIHdpZHRoPSI3NzBweCI+PGJyPjxicj4g44K744O844OrIC0tPgoKPCEtLSDjgrnjg7zjg5Hjg7zjgrvjg7zjg6sgPGRpdiBzdHlsZT0id2lkdGggOiA3NTBweDsiPgo8ZGl2IGFsaWduPSJjZW50ZXIiIHN0eWxlPSJtYXJnaW4tYm90dG9tIDogMHB4O2JvcmRlci13aWR0aCA6IDJweDtib3JkZXItc3R5bGUgOiBzb2xpZDtib3JkZXItY29sb3IgOiAjYmMxMTMxOyI+Cgo8L2Rpdj48L2Rpdj48ZGl2IGNsYXNzPSJtYXJnaW41Ij48L2Rpdj48YnI+IOOCueODvOODkeODvOOCu+ODvOODqy0tPgoKPCEtLSDjgrnjg7zjg5Hjg7zjgrvjg7zjg6syIO+8iOODkOODiuODvOOBruOBv++8iTxpbWcgc3JjPSJodHRwOi8vd3d3LnJha3V0ZW4ubmUuanAvZ29sZC9lc3BvcnRzL3Nwc2FsZS9zYWxlLWJuNzgwLmpwZyIgYm9yZGVyPSIwIiBhbHQ9IuOCu+ODvOODqyIgd2lkdGg9Ijc3MHB4Ij48YnI+PGJyPiDjgrnjg7zjg5Hjg7wgLS0+Cgo8ZGl2IGNsYXNzPSJjb250ZW50cyI+PCEtLSDlkYrnn6UgCjxkaXYgc3R5bGU9IndpZHRoOjczNnB4OyBwYWRkaW5nOjE1cHg7IG1hcmdpbjo1cHggMCAxNXB4OyBib3JkZXI6c29saWQgI0U2MkYyRiAycHg7Ij4KPHAgc3R5bGU9ImZvbnQtd2VpZ2h0OmJvbGQ7IGZvbnQtc2l6ZToxN3B4OyB0ZXh0LWFsaWduOmNlbnRlcjsiPuOAkCA8c3BhbiBzdHlsZT0iYm9yZGVyLWJvdHRvbToycHggZG90dGVkICM5OTk7IGZvbnQtc2l6ZToxNXB4OyI+NeaciDI25pelKOmHkSnjga7llrbmpa3jgavjgaTjgYTjgaY8L3NwYW4+IOOAkTwvcD4KPHAgc3R5bGU9ImZvbnQtc2l6ZToxM3B4OyBtYXJnaW4tdG9wOjE1cHg7Ij7oqqDjgavli53miYvjgarjgYzjgok15pyIMjbml6Uo6YeRKeOBr+OAgeekvuWGheeglOS/ruOBruOBn+OCgeOAgeWWtualreaZgumWk+OCkuWNiOWJjTEy77yaMDDjgb7jgafjgajjgZXjgZvjgabjgYTjgZ/jgaDjgY3jgb7jgZnjgILlsJrjgIHjgIzjgYLjgZnmpb3jgI3lr77lv5zlk4HjgavjgaTjgY3jgb7jgZfjgabjga/jgIHpgJrluLjpgJrjgooxMu+8mjAw44G+44Gn44Gu44GU5rOo5paH44KS5b2T5pel55m66YCB44GV44Gb44Gm44GE44Gf44Gg44GN44G+44GZ44CCPC9wPgo8cCBzdHlsZT0iZm9udC1zaXplOjEzcHg7IG1hcmdpbi10b3A6MTVweDsiPuOBiuWuouanmOOBq+OBr+OBlOS4jeS+v+OCkuOBiuaOm+OBkeiHtOOBl+OBvuOBmeOBjOOAgeOBlOeQhuino+OBrueoi+OAgeWunOOBl+OBj+OBiumhmOOBhOiHtOOBl+OBvuOBmeOAgjwvcD4KPC9kaXY+IC0tPgoKCjwhLS0gPGRpdiBzdHlsZT0id2lkdGg6NzM2cHg7IHBhZGRpbmc6MTVweDsgbWFyZ2luOjVweCAwIDE1cHg7IGJvcmRlcjpzb2xpZCAjRTYyRjJGIDJweDsiPgo8cCBzdHlsZT0iZm9udC13ZWlnaHQ6Ym9sZDsgZm9udC1zaXplOjE3cHg7IHRleHQtYWxpZ246Y2VudGVyOyBtYXJnaW46MDsiPuOAkCA8c3BhbiBzdHlsZT0iYm9yZGVyLWJvdHRvbToycHggZG90dGVkICM5OTk7IGZvbnQtc2l6ZToxNXB4OyI+5aSp5YCZ5LiN6Imv44Gu5b2x6Z+/44Gr44KI44KL6YWN6YCB6YGF5bu244Gr44Gk44GE44GmPC9zcGFuPiDjgJE8L3A+CjxwIHN0eWxlPSJmb250LXNpemU6MTNweDsgbWFyZ2luOjE1cHggMCAwOyI+5Y+w6aKo44O76LGq6Zuo562J44Gu5aSp5YCZ5LiN6Imv44Gr5Ly044GE44CB5LiA6YOo5Zyw5Z+f44Gn44GK6I2354mp44Gu44GK5bGK44GR44Gr6YGF44KM44GM55m655Sf44GZ44KL5oGQ44KM44GM44GU44GW44GE44G+44GZ44CCPC9wPgo8cCBzdHlsZT0iZm9udC1zaXplOjEzcHg7IG1hcmdpbjo3cHggMCAwOyI+44G+44Gf44CB5LuK5b6M44Gu5Y+w6aKo44Gu6YCy6Lev44Gr44KI44Gj44Gm44Gv44CB5bqD56+E5Zuy44Gu5Zyw5Z+f44Gn6YGF44KM44GM55Sf44GY44KL5Y+v6IO95oCn44GM44GC44KK44G+44GZ44CC5Zyw5Z+f44KE44K/44Kk44Of44Oz44Kw44Gr44KI44Gj44Gm44CB44GU5biM5pyb44Gu44GK5bGK44GR5pel5pmC44Gr6YWN6YGU44Gn44GN44Gq44GE5aC05ZCI44GM44GU44GW44GE44G+44GZ44CCPC9wPgo8cCBzdHlsZT0iZm9udC1zaXplOjEzcHg7IG1hcmdpbjo3cHggMCAwOyI+44GK5a6i5qeY44Gr44Gv5aSn5aSJ44GU6L+35oOR44KS44GK5o6b44GR6Ie044GX44G+44GZ44GM44CB44GU55CG6Kej44GE44Gf44Gg44GR44G+44GZ44KI44GG44GK6aGY44GE6Ie044GX44G+44GZ44CCPC9wPgo8L2Rpdj4gLS0+CgoKCjwhLS0g5LiA6YOo5Zyw5Z+f44Gn44Gu6YWN6YGU6YGF5bu244Gr44Gk44GN44G+44GX44GmIC0tPgoKCjwhLS0g44Kv44O844Od44OzIAo8aW1nIHNyYz0iaHR0cDovL3d3dy5yYWt1dGVuLm5lLmpwL2dvbGQvZXNwb3J0cy9ibi9jb3Vwb24vY291cG9uNzcwLmdpZiIgYWx0PSIyMDDlhoZPRkbjgq/jg7zjg53jg7MiPiAtLT4KCgoKPCEtLSA8aW1nIHNyYz0iaHR0cDovL3d3dy5yYWt1dGVuLm5lLmpwL2dvbGQvZXNwb3J0cy9ibi9hZGlkYXMvYWRpZGFzLWJuMzU3LmpwZyIgYWx0PSJhZGlkYXPjg53jgqTjg7Pjg4gxNeWAjSI+IC0tPgoKCjxicj4=,44OB44OM44O844Kv77yIQ0hJTk9PS++8iSDjg4jjg6zjg4Pjgqvjg7wg44OP44O844OJ44Ki44OO44OA44Kk44K644OJIOODleODqeOCpOODkeODsyA4LjXjgqTjg7Pjg4EgNDE0ODMg44CQ44Kt44Oj44Oz44OXIOOCouOCpuODiOODieOCoiDoqr/nkIYg5paZ55CG44CR77ya772F77yz77yw77yv77yy77y077yz5qW95aSp5pSv5bqX,44Ki44Km44OI44OJ44Ki44Kt44Oj44Oz44OX44OQ44O844OZ44Kt44Ol44O844OG44Oz44OI44K/44O844OX44OG44O844OW44Or44OB44Kn44Ki44K344Ol44Op44OV44Op44Oz44K/44Oz44Kv44O844Op44O844Oc44OD44Kv44K544Kz44O844Or44Oe44Oz44OO44O844K544OV44Kn44Kk44K544K544Od44O844OE44OV44Kj44OD44OI44ON44K544OA44Kk44Ko44OD44OI44OI44Os44O844OL44Oz44Kw44OX44Ot44OG44Kk44Oz44K144OX44Oq44Oh44Oz44OI44OA44Oz44OZ44Or44K144OD44Kr44O844OB44OM44O844Kv77yIQ0hJTk9PS++8iSDjg4jjg6zjg4Pjgqvjg7wg44OP44O844OJ44Ki44OO44OA44Kk44K644OJIOODleODqeOCpOODkeODsyA4LjXjgqTjg7Pjg4EgNDE0ODMg44CQ44Kt44Oj44Oz44OXIOOCouOCpuODiOODieOCoiDoqr/nkIYg5paZ55CG44CR,44OB44OM44O844Kv77yIQ0hJTk9PS++8iSDjg4jjg6zjg4Pjgqvjg7wg44OP44O844OJ44Ki44OO44OA44Kk44K644OJIOODleODqeOCpOODkeODsyA4LjXjgqTjg7Pjg4EgNDE0ODMg44CQ44Kt44Oj44Oz44OXIOOCouOCpuODiOODieOCoiDoqr/nkIYg5paZ55CG44CR[rn]
34-75346,aHR0cDovL3RzaG9wLnIxMHMuanAvZXNwb3J0cy9jYWJpbmV0LzkyMzcvOTIzNzMxMDQ5MDI2NC5qcGc/Zml0aW49NzAwOjcwMA==,NDMyMC4wMDAw,,44K544Od44O844OE44O744Ki44Km44OI44OJ44KiID4g44Ki44Km44OI44OJ44KiID4g44OQ44O844G544Kt44Ol44O844O744Kv44OD44Kt44Oz44Kw55So5ZOBID4g44Kv44OD44Kr44O8,44OI44Op44Oz44Ku44Ki77yIVFJBTkdJQe+8iSDjg5Pjg6rjg7zjgrPjg4Pjg5jjg6sgMi41IOODjuODs+OCueODhuOCo+ODg+OCryBUUi01MDIyNTMg44CQ44Kt44Oj44Oz44OXIOOCr+ODg+OCq+ODvCDpjYsg44Ki44Km44OI44OJ44Ki44CR,,PCEtLWltZ190YWdzLS0+PHRhYmxlIGJvcmRlcj0iMCIgd2lkdGg9IjY1MCI+PFRSPjxURCBhbGlnbj0iY2VudGVyIj48QSBocmVmPSJodHRwOi8vd3d3LnJha3V0ZW4uY28uanAvZXNwb3J0cy9pbmZvMi5odG1sI2RlciI+PElNRyBzcmM9Imh0dHA6Ly93d3cucmFrdXRlbi5uZS5qcC9nb2xkL2VzcG9ydHMvc3VwcG9ydC9zaGlwcGluZzIuZ2lmIiBib3JkZXI9IjAiPjwvQT48QSBocmVmPSJodHRwOi8vd3d3LnJha3V0ZW4ubmUuanAvZ29sZC9lc3BvcnRzL3N1cHBvcnQvZGlzcGF0Y2guaHRtbCI+PElNRyBzcmM9Imh0dHA6Ly93d3cucmFrdXRlbi5uZS5qcC9nb2xkL2VzcG9ydHMvc3VwcG9ydC9kYXlzMi5naWYiIGJvcmRlcj0iMCI+PC9BPjxBIGhyZWY9Imh0dHA6Ly93d3cucmFrdXRlbi5uZS5qcC9nb2xkL2VzcG9ydHMvc3VwcG9ydC9kaXNwYXRjaC5odG1sIj48SU1HIHNyYz0iaHR0cDovL3d3dy5yYWt1dGVuLm5lLmpwL2dvbGQvZXNwb3J0cy9zdXBwb3J0L3BsYWNlMy5naWYiIGJvcmRlcj0iMCI+PC9BPjxBIGhyZWY9Imh0dHA6Ly93d3cucmFrdXRlbi5jby5qcC9lc3BvcnRzL2luZm8yLmh0bWwjYmFjayI+PElNRyBzcmM9Imh0dHA6Ly93d3cucmFrdXRlbi5uZS5qcC9nb2xkL2VzcG9ydHMvc3VwcG9ydC9yZXR1cm4xLmdpZiIgYm9yZGVyPSIwIj48L0E+PC90ZD48L3RyPjwvdGFibGU+PCEtLWltZ190YWdlLS0+PHN0cm9uZz48Zm9udCBjb2xvcj0iIzAwMDBDRCIgc2l6ZT0iNCI+44Ki44Or44Of6KO944Gn54ax5Lyd5bCO546H44Gr5YSq44KM44Gf6Y2L44Gu44K744OD44OI44Gn44GZ44CCPGJyPuOCt+OCueODhuODnuODgeODg+OCr+OBq+WPjue0jeOBjOOBp+OBjeOAgeaMgeOBoemBi+OBs+OBq+S+v+WIqeOBp+OBmeOAgjxicj48L2ZvbnQ+PC9zdHJvbmc+PGJyPjIuNUzjg5Pjg6rjg7zjgrPjg4Pjg5jjg6vjgavjga/jgrnjg4jjg7zjg6Djgq/jg4Pjgqvjg7xT44CBPGJyPuOBvuOBn+OBr+ODhOODs+ODieODqTPjga7jgr3jg7zjgrnjg5Hjg7PvvIjpjYvvvInjgpLlj47ntI3jgafjgY3jgb7jgZnjgII8YnI+Mi41TOODk+ODquODvOOCs+ODg+ODmOODqyDjg47jg7Pjgrnjg4bjgqPjg4Pjgq/jga7lupXpg6jjgavjga88YnI+44Kr44O844OW44KS5o+P44GE44Gf5pS+5bCE57ea54q244Gr44OO44Oz44K544Oq44OD44OX5Yqg5bel44GM5pa944GV44KM44Gm44GE44G+44GZ44CCPGJyPjxicj48cD48IS0tbWtfdGFncy0tPjxQPjxJTUcgc3JjPSJodHRwOi8vd3d3LnJha3V0ZW4ubmUuanAvZ29sZC9lc3BvcnRzL2JuL2p5dWhhdHR5dXU1MjAtNjAuanBnIiB3aWR0aD0iNTIwIiBoZWlnaHQ9IjYwIiBib3JkZXI9IjAiPjwvUD48IS0tbWtfdGFnZS0tPjxicj7il4/nrqHnkIZjb2Rl77yaNzk4NDg3OTY8IS0tc3BlY190YWdzLS0+PHA+PHN0cm9uZz48Zm9udCBjb2xvcj0iIzAwMDBDRCIgc2l6ZT0iMyI+44CQ5ZWG5ZOB44K544Oa44OD44Kv44CRPC9mb250Pjwvc3Ryb25nPjxicj7il488c3Ryb25nPumHjemHjzwvc3Ryb25nPiA6IDM5OWc8YnI+4pePPHN0cm9uZz7lrrnph488L3N0cm9uZz4gOiAyLjVMPGJyPuKXjzxzdHJvbmc+5Y+O57SN44K144Kk44K6PC9zdHJvbmc+IDogzqYyMS41w5dIMTMuMmNtPGJyPuKXjzxzdHJvbmc+5p2Q6LOqPC9zdHJvbmc+IDogPGJyPuODneODg+ODiO+8muOCouODq+ODn+ijve+8iOODjuODs+OCueODhuOCo+ODg+OCr+WKoOW3pea4iO+8iTxicj7jg5Xjgr/vvJrjgqLjg6vjg5/oo73vvIjnhKHlnqLvvIk8YnI+PCEtLXNwZWNfdGFnZS0tPjxicj48bGluayByZWw9InN0eWxlc2hlZXQiIHR5cGU9InRleHQvY3NzIiBocmVmPSJodHRwOi8vd3d3LnJha3V0ZW4ubmUuanAvZ29sZC9lc3BvcnRzL3Nob3BwaW5nX3BhcnRzLmNzcyI+Cgo8ZGl2IHN0eWxlPSJtYXJnaW4tdG9wOi0yNnB4OyI+PC9kaXY+Cgo8aW1nIHNyYz0iaHR0cDovL3d3dy5yYWt1dGVuLm5lLmpwL2dvbGQvZXNwb3J0cy9ibi9wb2ludC9wb2ludF9iYmIuanBnIiBhbHQ9IjMwMDDlhobku6XkuIrjgafjg53jgqTjg7Pjg4jvvJPlgI0iIGJvcmRlcj0iMCIgd2lkdGg9Ijc1MHB4Ij4KCjwhLS0g44K744O844OrIDxpbWcgc3JjPSJodHRwOi8vd3d3LnJha3V0ZW4ubmUuanAvZ29sZC9lc3BvcnRzL25ld3llYXItc2FsZS9uZXd5ZWFyLXNhbGUtNzgwLmpwZyIgYm9yZGVyPSIwIiBhbHQ9IuOCu+ODvOODqyIgd2lkdGg9Ijc3MHB4Ij48YnI+PGJyPiDjgrvjg7zjg6sgLS0+Cgo8IS0tIOOCueODvOODkeODvOOCu+ODvOODqyA8ZGl2IHN0eWxlPSJ3aWR0aCA6IDc1MHB4OyI+CjxkaXYgYWxpZ249ImNlbnRlciIgc3R5bGU9Im1hcmdpbi1ib3R0b20gOiAwcHg7Ym9yZGVyLXdpZHRoIDogMnB4O2JvcmRlci1zdHlsZSA6IHNvbGlkO2JvcmRlci1jb2xvciA6ICNiYzExMzE7Ij4KCjwvZGl2PjwvZGl2PjxkaXYgY2xhc3M9Im1hcmdpbjUiPjwvZGl2Pjxicj4g44K544O844OR44O844K744O844OrLS0+Cgo8IS0tIOOCueODvOODkeODvOOCu+ODvOODqzIg77yI44OQ44OK44O844Gu44G/77yJPGltZyBzcmM9Imh0dHA6Ly93d3cucmFrdXRlbi5uZS5qcC9nb2xkL2VzcG9ydHMvc3BzYWxlL3NhbGUtYm43ODAuanBnIiBib3JkZXI9IjAiIGFsdD0i44K744O844OrIiB3aWR0aD0iNzcwcHgiPjxicj48YnI+IOOCueODvOODkeODvCAtLT4KCjxkaXYgY2xhc3M9ImNvbnRlbnRzIj48IS0tIOWRiuefpSAKPGRpdiBzdHlsZT0id2lkdGg6NzM2cHg7IHBhZGRpbmc6MTVweDsgbWFyZ2luOjVweCAwIDE1cHg7IGJvcmRlcjpzb2xpZCAjRTYyRjJGIDJweDsiPgo8cCBzdHlsZT0iZm9udC13ZWlnaHQ6Ym9sZDsgZm9udC1zaXplOjE3cHg7IHRleHQtYWxpZ246Y2VudGVyOyI+44CQIDxzcGFuIHN0eWxlPSJib3JkZXItYm90dG9tOjJweCBkb3R0ZWQgIzk5OTsgZm9udC1zaXplOjE1cHg7Ij415pyIMjbml6Uo6YeRKeOBruWWtualreOBq+OBpOOBhOOBpjwvc3Bhbj4g44CRPC9wPgo8cCBzdHlsZT0iZm9udC1zaXplOjEzcHg7IG1hcmdpbi10b3A6MTVweDsiPuiqoOOBq+WLneaJi+OBquOBjOOCiTXmnIgyNuaXpSjph5Ep44Gv44CB56S+5YaF56CU5L+u44Gu44Gf44KB44CB5Za25qWt5pmC6ZaT44KS5Y2I5YmNMTLvvJowMOOBvuOBp+OBqOOBleOBm+OBpuOBhOOBn+OBoOOBjeOBvuOBmeOAguWwmuOAgeOAjOOBguOBmealveOAjeWvvuW/nOWTgeOBq+OBpOOBjeOBvuOBl+OBpuOBr+OAgemAmuW4uOmAmuOCijEy77yaMDDjgb7jgafjga7jgZTms6jmlofjgpLlvZPml6XnmbrpgIHjgZXjgZvjgabjgYTjgZ/jgaDjgY3jgb7jgZnjgII8L3A+CjxwIHN0eWxlPSJmb250LXNpemU6MTNweDsgbWFyZ2luLXRvcDoxNXB4OyI+44GK5a6i5qeY44Gr44Gv44GU5LiN5L6/44KS44GK5o6b44GR6Ie044GX44G+44GZ44GM44CB44GU55CG6Kej44Gu56iL44CB5a6c44GX44GP44GK6aGY44GE6Ie044GX44G+44GZ44CCPC9wPgo8L2Rpdj4gLS0+CgoKPCEtLSA8ZGl2IHN0eWxlPSJ3aWR0aDo3MzZweDsgcGFkZGluZzoxNXB4OyBtYXJnaW46NXB4IDAgMTVweDsgYm9yZGVyOnNvbGlkICNFNjJGMkYgMnB4OyI+CjxwIHN0eWxlPSJmb250LXdlaWdodDpib2xkOyBmb250LXNpemU6MTdweDsgdGV4dC1hbGlnbjpjZW50ZXI7IG1hcmdpbjowOyI+44CQIDxzcGFuIHN0eWxlPSJib3JkZXItYm90dG9tOjJweCBkb3R0ZWQgIzk5OTsgZm9udC1zaXplOjE1cHg7Ij7lpKnlgJnkuI3oia/jga7lvbHpn7/jgavjgojjgovphY3pgIHpgYXlu7bjgavjgaTjgYTjgaY8L3NwYW4+IOOAkTwvcD4KPHAgc3R5bGU9ImZvbnQtc2l6ZToxM3B4OyBtYXJnaW46MTVweCAwIDA7Ij7lj7Dpoqjjg7vosarpm6jnrYnjga7lpKnlgJnkuI3oia/jgavkvLTjgYTjgIHkuIDpg6jlnLDln5/jgafjgYrojbfnianjga7jgYrlsYrjgZHjgavpgYXjgozjgYznmbrnlJ/jgZnjgovmgZDjgozjgYzjgZTjgZbjgYTjgb7jgZnjgII8L3A+CjxwIHN0eWxlPSJmb250LXNpemU6MTNweDsgbWFyZ2luOjdweCAwIDA7Ij7jgb7jgZ/jgIHku4rlvozjga7lj7Dpoqjjga7pgLLot6/jgavjgojjgaPjgabjga/jgIHluoPnr4Tlm7Ljga7lnLDln5/jgafpgYXjgozjgYznlJ/jgZjjgovlj6/og73mgKfjgYzjgYLjgorjgb7jgZnjgILlnLDln5/jgoTjgr/jgqTjg5/jg7PjgrDjgavjgojjgaPjgabjgIHjgZTluIzmnJvjga7jgYrlsYrjgZHml6XmmYLjgavphY3pgZTjgafjgY3jgarjgYTloLTlkIjjgYzjgZTjgZbjgYTjgb7jgZnjgII8L3A+CjxwIHN0eWxlPSJmb250LXNpemU6MTNweDsgbWFyZ2luOjdweCAwIDA7Ij7jgYrlrqLmp5jjgavjga/lpKflpInjgZTov7fmg5HjgpLjgYrmjpvjgZHoh7TjgZfjgb7jgZnjgYzjgIHjgZTnkIbop6PjgYTjgZ/jgaDjgZHjgb7jgZnjgojjgYbjgYrpoZjjgYToh7TjgZfjgb7jgZnjgII8L3A+CjwvZGl2PiAtLT4KCgoKPCEtLSDkuIDpg6jlnLDln5/jgafjga7phY3pgZTpgYXlu7bjgavjgaTjgY3jgb7jgZfjgaYgLS0+CgoKPCEtLSDjgq/jg7zjg53jg7MgCjxpbWcgc3JjPSJodHRwOi8vd3d3LnJha3V0ZW4ubmUuanAvZ29sZC9lc3BvcnRzL2JuL2NvdXBvbi9jb3Vwb243NzAuZ2lmIiBhbHQ9IjIwMOWGhk9GRuOCr+ODvOODneODsyI+IC0tPgoKCgo8IS0tIDxpbWcgc3JjPSJodHRwOi8vd3d3LnJha3V0ZW4ubmUuanAvZ29sZC9lc3BvcnRzL2JuL2FkaWRhcy9hZGlkYXMtYm4zNTcuanBnIiBhbHQ9ImFkaWRhc+ODneOCpOODs+ODiDE15YCNIj4gLS0+CgoKPGJyPg==,44OI44Op44Oz44Ku44Ki77yIVFJBTkdJQe+8iSDjg5Pjg6rjg7zjgrPjg4Pjg5jjg6sgMi41IOODjuODs+OCueODhuOCo+ODg+OCryBUUi01MDIyNTMg44CQ44Kt44Oj44Oz44OXIOOCr+ODg+OCq+ODvCDpjYsg44Ki44Km44OI44OJ44Ki44CR77ya772F77yz77yw77yv77yy77y077yz5qW95aSp5pSv5bqX,44Ki44Km44OI44OJ44Ki44Kt44Oj44Oz44OX44OQ44O844OZ44Kt44Ol44O844OG44Oz44OI44K/44O844OX44OG44O844OW44Or44OB44Kn44Ki44K344Ol44Op44OV44Op44Oz44K/44Oz44Kv44O844Op44O844Oc44OD44Kv44K544Kz44O844Or44Oe44Oz44OO44O844K544OV44Kn44Kk44K544K544Od44O844OE44OV44Kj44OD44OI44ON44K544OA44Kk44Ko44OD44OI44OI44Os44O844OL44Oz44Kw44OX44Ot44OG44Kk44Oz44K144OX44Oq44Oh44Oz44OI44OA44Oz44OZ44Or44K144OD44Kr44O844OI44Op44Oz44Ku44Ki77yIVFJBTkdJQe+8iSDjg5Pjg6rjg7zjgrPjg4Pjg5jjg6sgMi41IOODjuODs+OCueODhuOCo+ODg+OCryBUUi01MDIyNTMg44CQ44Kt44Oj44Oz44OXIOOCr+ODg+OCq+ODvCDpjYsg44Ki44Km44OI44OJ44Ki44CR,44OI44Op44Oz44Ku44Ki77yIVFJBTkdJQe+8iSDjg5Pjg6rjg7zjgrPjg4Pjg5jjg6sgMi41IOODjuODs+OCueODhuOCo+ODg+OCryBUUi01MDIyNTMg44CQ44Kt44Oj44Oz44OXIOOCr+ODg+OCq+ODvCDpjYsg44Ki44Km44OI44OJ44Ki44CR[rn]
34-75347,aHR0cDovL3RzaG9wLnIxMHMuanAvZXNwb3J0cy9jYWJpbmV0Lzk1MDcvOTUwNzMxMDQ5MDIyMS5qcGc/Zml0aW49NzAwOjcwMA==,NDU4Ny4yMDAw,,44K544Od44O844OE44O744Ki44Km44OI44OJ44KiID4g44Ki44Km44OI44OJ44KiID4g44OQ44O844G544Kt44Ol44O844O744Kv44OD44Kt44Oz44Kw55So5ZOBID4g44Kv44OD44Kr44O8,44Oa44OI44Ot44Oe44OD44Kv44K577yIUGV0cm9tYXjvvIkg44K344Ol44Of44O844OH44Ki44Kk44K844OzIOODleODqeOCpOODkeODsyBzcDI0IDEyNTQ1IOOAkOOCouOCpuODiOODieOCoiDjgqLjgqbjg4jjg4njgqLnlKjlk4Eg6Kq/55CG5Zmo5YW3IOOCouOCpuODiOODieOCouOCu+ODg+ODiOOAkQ==,,PCEtLWltZ190YWdzLS0+PHRhYmxlIGJvcmRlcj0iMCIgd2lkdGg9IjY1MCI+PFRSPjxURCBhbGlnbj0iY2VudGVyIj48QSBocmVmPSJodHRwOi8vd3d3LnJha3V0ZW4uY28uanAvZXNwb3J0cy9pbmZvMi5odG1sI2RlciI+PElNRyBzcmM9Imh0dHA6Ly93d3cucmFrdXRlbi5uZS5qcC9nb2xkL2VzcG9ydHMvc3VwcG9ydC9zaGlwcGluZzIuZ2lmIiBib3JkZXI9IjAiPjwvQT48QSBocmVmPSJodHRwOi8vd3d3LnJha3V0ZW4ubmUuanAvZ29sZC9lc3BvcnRzL3N1cHBvcnQvZGlzcGF0Y2guaHRtbCI+PElNRyBzcmM9Imh0dHA6Ly93d3cucmFrdXRlbi5uZS5qcC9nb2xkL2VzcG9ydHMvc3VwcG9ydC9kYXlzMi5naWYiIGJvcmRlcj0iMCI+PC9BPjxBIGhyZWY9Imh0dHA6Ly93d3cucmFrdXRlbi5uZS5qcC9nb2xkL2VzcG9ydHMvc3VwcG9ydC9kaXNwYXRjaC5odG1sIj48SU1HIHNyYz0iaHR0cDovL3d3dy5yYWt1dGVuLm5lLmpwL2dvbGQvZXNwb3J0cy9zdXBwb3J0L3BsYWNlMy5naWYiIGJvcmRlcj0iMCI+PC9BPjxBIGhyZWY9Imh0dHA6Ly93d3cucmFrdXRlbi5jby5qcC9lc3BvcnRzL2luZm8yLmh0bWwjYmFjayI+PElNRyBzcmM9Imh0dHA6Ly93d3cucmFrdXRlbi5uZS5qcC9nb2xkL2VzcG9ydHMvc3VwcG9ydC9yZXR1cm4xLmdpZiIgYm9yZGVyPSIwIj48L0E+PC90ZD48L3RyPjwvdGFibGU+PCEtLWltZ190YWdlLS0+4oC744GK5bGK44GR44Gv44CM44K344Ol44Of44O844OH44Ki44Kk44K844OzIOODleODqeOCpOODkeODsyBzcDI044CN44Gu44G/44Gn44GZ44CCPGJyPjxicj7jgrfjg6Xjg5/jg7zjg4fjgqLjgqTjgrzjg7Pjgajjga/jg4njgqTjg4Toqp7jgafjgIzpjZvjgYjjgonjgozjgZ/piYTjgI3jgajjgYTjgYbmhI/lkbPjgafjgZnjgII8YnI+5piU44Gq44GM44KJ44Gu6Y2b6YCg6KO95rOV44Gn44CB54ax44GX44Gf6YmE44KS5Y+p44GN44CB44Gu44Gw44GX44Gm44OV44Op44Kk44OR44Oz44Gr5LuV5LiK44GS44Gm44GE44GN44G+44GZ44CCPGJyPuOBmeOBueOBpuOBjOmJhOOBp+OBp+OBjeOBpuOBhOOCi+OBruOBp+OBmuOBo+OBl+OCiuOBqOOBl+OBn+mHjemHj+aEn+OBjOOBguOCiuOAgeOBqOOBpuOCguW8t+mdreOBp+OAgeeEmuOBjeeBq+OChOiWquOCueODiOODvOODluOBruS4reOBq+OBneOBruOBvuOBvuWFpeOCjOOBpuS9v+OBhuOBk+OBqOOBjOOBp+OBjeOBvuOBmeOAgjxicj7lhKrjgozjgZ/nhrHkvJ3lsI7jgajmipznvqTjga7nhrHkv53mjIHlipvjgpLjgoLjgaHjgIHjgZXjgonjgavooajpnaLjgavjga/ntrLnm67nirbjga7mup3jgYzjgaTjgYTjgabjgYTjgovjga7jgafmsrnjgoTogonmsYHjgpLmtYHjgozjgoTjgZnjgY/jgZfjgabmlpnnkIbjga7nhKbjgZLku5jjgY3jgpLmipHjgYjjgb7jgZnjgII8YnI+PGJyPjxwPjxpbWcgc3JjPSJodHRwOi8vaW1hZ2UucmFrdXRlbi5jby5qcC9lc3BvcnRzL2NhYmluZXQvcGV0cm9tYXgvcGV0cm9tYXg1MDAuanBnIiBib3JkZXI9IjAiIGFsdD0i44Oa44OI44Ot44Oe44OD44Kv44K577yIUGV0cm9tYXjvvIkiPjxicj48YnI+PCEtLW1rX3RhZ3MtLT48UD48SU1HIHNyYz0iaHR0cDovL3d3dy5yYWt1dGVuLm5lLmpwL2dvbGQvZXNwb3J0cy9ibi9qeXVoYXR0eXV1NTIwLTYwLmpwZyIgd2lkdGg9IjUyMCIgaGVpZ2h0PSI2MCIgYm9yZGVyPSIwIj48L1A+PCEtLW1rX3RhZ2UtLT48IS0tc3BlY190YWdzLS0+PHA+PHN0cm9uZz48Zm9udCBjb2xvcj0iIzAwMDBDRCIgc2l6ZT0iMyI+44CQ5ZWG5ZOB44K544Oa44OD44Kv44CRPC9mb250Pjwvc3Ryb25nPjxicj7il488c3Ryb25nPuebtOW+hDwvc3Ryb25nPiA6IDI0Y208YnI+4pePPHN0cm9uZz7ph43ph488L3N0cm9uZz4gOiAxMTY1Zzxicj48IS0tc3BlY190YWdlLS0+PGJyPjxicj48YnI+PGZvbnQgc2l6ZT0iLTEiPuODoeODvOOCq+ODvOW4jOacm+Wwj+WjsuS+oeagvOOBr+ODoeODvOOCq+ODvOOCq+OCv+ODreOCsOOBq+WfuuOBpeOBhOOBpuaOsui8ieOBl+OBpuOBhOOBvuOBmTxicj48L2ZvbnQ+PGltZyBzcmM9Imh0dHA6Ly9pbWFnZS5yYWt1dGVuLmNvLmpwL2VzcG9ydHMvY2FiaW5ldC9ldmlkZW5jZS9ldmlkZW5jZTIuanBnIiBib3JkZXI9IjAiIGFsdD0i44Ko44OT44OH44Oz44K5Ij48bGluayByZWw9InN0eWxlc2hlZXQiIHR5cGU9InRleHQvY3NzIiBocmVmPSJodHRwOi8vd3d3LnJha3V0ZW4ubmUuanAvZ29sZC9lc3BvcnRzL3Nob3BwaW5nX3BhcnRzLmNzcyI+Cgo8ZGl2IHN0eWxlPSJtYXJnaW4tdG9wOi0yNnB4OyI+PC9kaXY+Cgo8aW1nIHNyYz0iaHR0cDovL3d3dy5yYWt1dGVuLm5lLmpwL2dvbGQvZXNwb3J0cy9ibi9wb2ludC9wb2ludF9iYmIuanBnIiBhbHQ9IjMwMDDlhobku6XkuIrjgafjg53jgqTjg7Pjg4jvvJPlgI0iIGJvcmRlcj0iMCIgd2lkdGg9Ijc1MHB4Ij4KCjwhLS0g44K744O844OrIDxpbWcgc3JjPSJodHRwOi8vd3d3LnJha3V0ZW4ubmUuanAvZ29sZC9lc3BvcnRzL25ld3llYXItc2FsZS9uZXd5ZWFyLXNhbGUtNzgwLmpwZyIgYm9yZGVyPSIwIiBhbHQ9IuOCu+ODvOODqyIgd2lkdGg9Ijc3MHB4Ij48YnI+PGJyPiDjgrvjg7zjg6sgLS0+Cgo8IS0tIOOCueODvOODkeODvOOCu+ODvOODqyA8ZGl2IHN0eWxlPSJ3aWR0aCA6IDc1MHB4OyI+CjxkaXYgYWxpZ249ImNlbnRlciIgc3R5bGU9Im1hcmdpbi1ib3R0b20gOiAwcHg7Ym9yZGVyLXdpZHRoIDogMnB4O2JvcmRlci1zdHlsZSA6IHNvbGlkO2JvcmRlci1jb2xvciA6ICNiYzExMzE7Ij4KCjwvZGl2PjwvZGl2PjxkaXYgY2xhc3M9Im1hcmdpbjUiPjwvZGl2Pjxicj4g44K544O844OR44O844K744O844OrLS0+Cgo8IS0tIOOCueODvOODkeODvOOCu+ODvOODqzIg77yI44OQ44OK44O844Gu44G/77yJPGltZyBzcmM9Imh0dHA6Ly93d3cucmFrdXRlbi5uZS5qcC9nb2xkL2VzcG9ydHMvc3BzYWxlL3NhbGUtYm43ODAuanBnIiBib3JkZXI9IjAiIGFsdD0i44K744O844OrIiB3aWR0aD0iNzcwcHgiPjxicj48YnI+IOOCueODvOODkeODvCAtLT4KCjxkaXYgY2xhc3M9ImNvbnRlbnRzIj48IS0tIOWRiuefpSAKPGRpdiBzdHlsZT0id2lkdGg6NzM2cHg7IHBhZGRpbmc6MTVweDsgbWFyZ2luOjVweCAwIDE1cHg7IGJvcmRlcjpzb2xpZCAjRTYyRjJGIDJweDsiPgo8cCBzdHlsZT0iZm9udC13ZWlnaHQ6Ym9sZDsgZm9udC1zaXplOjE3cHg7IHRleHQtYWxpZ246Y2VudGVyOyI+44CQIDxzcGFuIHN0eWxlPSJib3JkZXItYm90dG9tOjJweCBkb3R0ZWQgIzk5OTsgZm9udC1zaXplOjE1cHg7Ij415pyIMjbml6Uo6YeRKeOBruWWtualreOBq+OBpOOBhOOBpjwvc3Bhbj4g44CRPC9wPgo8cCBzdHlsZT0iZm9udC1zaXplOjEzcHg7IG1hcmdpbi10b3A6MTVweDsiPuiqoOOBq+WLneaJi+OBquOBjOOCiTXmnIgyNuaXpSjph5Ep44Gv44CB56S+5YaF56CU5L+u44Gu44Gf44KB44CB5Za25qWt5pmC6ZaT44KS5Y2I5YmNMTLvvJowMOOBvuOBp+OBqOOBleOBm+OBpuOBhOOBn+OBoOOBjeOBvuOBmeOAguWwmuOAgeOAjOOBguOBmealveOAjeWvvuW/nOWTgeOBq+OBpOOBjeOBvuOBl+OBpuOBr+OAgemAmuW4uOmAmuOCijEy77yaMDDjgb7jgafjga7jgZTms6jmlofjgpLlvZPml6XnmbrpgIHjgZXjgZvjgabjgYTjgZ/jgaDjgY3jgb7jgZnjgII8L3A+CjxwIHN0eWxlPSJmb250LXNpemU6MTNweDsgbWFyZ2luLXRvcDoxNXB4OyI+44GK5a6i5qeY44Gr44Gv44GU5LiN5L6/44KS44GK5o6b44GR6Ie044GX44G+44GZ44GM44CB44GU55CG6Kej44Gu56iL44CB5a6c44GX44GP44GK6aGY44GE6Ie044GX44G+44GZ44CCPC9wPgo8L2Rpdj4gLS0+CgoKPCEtLSA8ZGl2IHN0eWxlPSJ3aWR0aDo3MzZweDsgcGFkZGluZzoxNXB4OyBtYXJnaW46NXB4IDAgMTVweDsgYm9yZGVyOnNvbGlkICNFNjJGMkYgMnB4OyI+CjxwIHN0eWxlPSJmb250LXdlaWdodDpib2xkOyBmb250LXNpemU6MTdweDsgdGV4dC1hbGlnbjpjZW50ZXI7IG1hcmdpbjowOyI+44CQIDxzcGFuIHN0eWxlPSJib3JkZXItYm90dG9tOjJweCBkb3R0ZWQgIzk5OTsgZm9udC1zaXplOjE1cHg7Ij7lpKnlgJnkuI3oia/jga7lvbHpn7/jgavjgojjgovphY3pgIHpgYXlu7bjgavjgaTjgYTjgaY8L3NwYW4+IOOAkTwvcD4KPHAgc3R5bGU9ImZvbnQtc2l6ZToxM3B4OyBtYXJnaW46MTVweCAwIDA7Ij7lj7Dpoqjjg7vosarpm6jnrYnjga7lpKnlgJnkuI3oia/jgavkvLTjgYTjgIHkuIDpg6jlnLDln5/jgafjgYrojbfnianjga7jgYrlsYrjgZHjgavpgYXjgozjgYznmbrnlJ/jgZnjgovmgZDjgozjgYzjgZTjgZbjgYTjgb7jgZnjgII8L3A+CjxwIHN0eWxlPSJmb250LXNpemU6MTNweDsgbWFyZ2luOjdweCAwIDA7Ij7jgb7jgZ/jgIHku4rlvozjga7lj7Dpoqjjga7pgLLot6/jgavjgojjgaPjgabjga/jgIHluoPnr4Tlm7Ljga7lnLDln5/jgafpgYXjgozjgYznlJ/jgZjjgovlj6/og73mgKfjgYzjgYLjgorjgb7jgZnjgILlnLDln5/jgoTjgr/jgqTjg5/jg7PjgrDjgavjgojjgaPjgabjgIHjgZTluIzmnJvjga7jgYrlsYrjgZHml6XmmYLjgavphY3pgZTjgafjgY3jgarjgYTloLTlkIjjgYzjgZTjgZbjgYTjgb7jgZnjgII8L3A+CjxwIHN0eWxlPSJmb250LXNpemU6MTNweDsgbWFyZ2luOjdweCAwIDA7Ij7jgYrlrqLmp5jjgavjga/lpKflpInjgZTov7fmg5HjgpLjgYrmjpvjgZHoh7TjgZfjgb7jgZnjgYzjgIHjgZTnkIbop6PjgYTjgZ/jgaDjgZHjgb7jgZnjgojjgYbjgYrpoZjjgYToh7TjgZfjgb7jgZnjgII8L3A+CjwvZGl2PiAtLT4KCgoKPCEtLSDkuIDpg6jlnLDln5/jgafjga7phY3pgZTpgYXlu7bjgavjgaTjgY3jgb7jgZfjgaYgLS0+CgoKPCEtLSDjgq/jg7zjg53jg7MgCjxpbWcgc3JjPSJodHRwOi8vd3d3LnJha3V0ZW4ubmUuanAvZ29sZC9lc3BvcnRzL2JuL2NvdXBvbi9jb3Vwb243NzAuZ2lmIiBhbHQ9IjIwMOWGhk9GRuOCr+ODvOODneODsyI+IC0tPgoKCgo8IS0tIDxpbWcgc3JjPSJodHRwOi8vd3d3LnJha3V0ZW4ubmUuanAvZ29sZC9lc3BvcnRzL2JuL2FkaWRhcy9hZGlkYXMtYm4zNTcuanBnIiBhbHQ9ImFkaWRhc+ODneOCpOODs+ODiDE15YCNIj4gLS0+CgoKPGJyPg==,44Oa44OI44Ot44Oe44OD44Kv44K577yIUGV0cm9tYXjvvIkg44K344Ol44Of44O844OH44Ki44Kk44K844OzIOODleODqeOCpOODkeODsyBzcDI0IDEyNTQ1IOOAkOOCouOCpuODiOODieOCoiDjgqLjgqbjg4jjg4njgqLnlKjlk4Eg6Kq/55CG5Zmo5YW3IOOCouOCpuODiOODieOCouOCu+ODg+ODiOOAke+8mu+9he+8s++8sO+8r++8su+8tO+8s+alveWkqeaUr+W6lw==,44Ki44Km44OI44OJ44Ki44Kt44Oj44Oz44OX44OQ44O844OZ44Kt44Ol44O844OG44Oz44OI44K/44O844OX44OG44O844OW44Or44OB44Kn44Ki44K344Ol44Op44OV44Op44Oz44K/44Oz44Kv44O844Op44O844Oc44OD44Kv44K544Kz44O844Or44Oe44Oz44OO44O844K544OV44Kn44Kk44K544K544Od44O844OE44OV44Kj44OD44OI44ON44K544OA44Kk44Ko44OD44OI44OI44Os44O844OL44Oz44Kw44OX44Ot44OG44Kk44Oz44K144OX44Oq44Oh44Oz44OI44OA44Oz44OZ44Or44K144OD44Kr44O844Oa44OI44Ot44Oe44OD44Kv44K577yIUGV0cm9tYXjvvIkg44K344Ol44Of44O844OH44Ki44Kk44K844OzIOODleODqeOCpOODkeODsyBzcDI0IDEyNTQ1IOOAkOOCouOCpuODiOODieOCoiDjgqLjgqbjg4jjg4njgqLnlKjlk4Eg6Kq/55CG5Zmo5YW3IOOCouOCpuODiOODieOCouOCu+ODg+ODiOOAkQ==,44Oa44OI44Ot44Oe44OD44Kv44K577yIUGV0cm9tYXjvvIkg44K344Ol44Of44O844OH44Ki44Kk44K844OzIOODleODqeOCpOODkeODsyBzcDI0IDEyNTQ1IOOAkOOCouOCpuODiOODieOCoiDjgqLjgqbjg4jjg4njgqLnlKjlk4Eg6Kq/55CG5Zmo5YW3IOOCouOCpuODiOODieOCouOCu+ODg+ODiOOAkQ==[rn]
34-75348,aHR0cDovL3RzaG9wLnIxMHMuanAvZXNwb3J0cy9jYWJpbmV0Lzk0MzAtMy85NDMwMzEwNDkwMzYxLmpwZz9maXRpbj03MDA6NzAw,Mzg4OC4wMDAw,,44K544Od44O844OE44O744Ki44Km44OI44OJ44KiID4g44Ki44Km44OI44OJ44KiID4g44OQ44O844G544Kt44Ol44O844O744Kv44OD44Kt44Oz44Kw55So5ZOBID4g44Kv44OD44Kr44O8,44Ot44OD44K477yITE9ER0XvvIkgTERHIOOCsOODqeOCueOCq+ODkOODvCAxMiBHQzEyIDE5MjQwMDMxMDAwMDEyIOOAkOOCouOCpuODiOODieOCoiDjgq3jg6Pjg7Pjg5cg6Y2L6JOL44CR,,PCEtLWltZ190YWdzLS0+PHRhYmxlIGJvcmRlcj0iMCIgd2lkdGg9IjY1MCI+PFRSPjxURCBhbGlnbj0iY2VudGVyIj48QSBocmVmPSJodHRwOi8vd3d3LnJha3V0ZW4uY28uanAvZXNwb3J0cy9pbmZvMi5odG1sI2RlciI+PElNRyBzcmM9Imh0dHA6Ly93d3cucmFrdXRlbi5uZS5qcC9nb2xkL2VzcG9ydHMvc3VwcG9ydC9zaGlwcGluZzIuZ2lmIiBib3JkZXI9IjAiPjwvQT48QSBocmVmPSJodHRwOi8vd3d3LnJha3V0ZW4ubmUuanAvZ29sZC9lc3BvcnRzL3N1cHBvcnQvZGlzcGF0Y2guaHRtbCI+PElNRyBzcmM9Imh0dHA6Ly93d3cucmFrdXRlbi5uZS5qcC9nb2xkL2VzcG9ydHMvc3VwcG9ydC9kYXlzMy5naWYiIGJvcmRlcj0iMCI+PC9BPjxBIGhyZWY9Imh0dHA6Ly93d3cucmFrdXRlbi5uZS5qcC9nb2xkL2VzcG9ydHMvc3VwcG9ydC9kaXNwYXRjaC5odG1sIj48SU1HIHNyYz0iaHR0cDovL3d3dy5yYWt1dGVuLm5lLmpwL2dvbGQvZXNwb3J0cy9zdXBwb3J0L3BsYWNlMy5naWYiIGJvcmRlcj0iMCI+PC9BPjxBIGhyZWY9Imh0dHA6Ly93d3cucmFrdXRlbi5jby5qcC9lc3BvcnRzL2luZm8yLmh0bWwjYmFjayI+PElNRyBzcmM9Imh0dHA6Ly93d3cucmFrdXRlbi5uZS5qcC9nb2xkL2VzcG9ydHMvc3VwcG9ydC9yZXR1cm4xLmdpZiIgYm9yZGVyPSIwIj48L0E+PC90ZD48L3RyPjwvdGFibGU+PCEtLWltZ190YWdlLS0+PHN0cm9uZz48Zm9udCBjb2xvcj0iIzAwMDBDRCIgc2l6ZT0iNCI+44K544Kt44Os44OD44OIMTLjgqTjg7Pjg4HnlKjjga7jgqzjg6njgrnoo73jga7ok4vjgafjgZnjgII8YnI+PC9mb250Pjwvc3Ryb25nPjxicj7jgYrmjIHjgaHjga7jgrnjgq3jg6zjg4Pjg4jjga7jgqLjg4Pjg5fjgrDjg6zjg7zjg4njgavoqr/nkIbkuK3jga7po5/mnZDjgYznorroqo3jgZfjgoTjgZnjgYTjgrDjg6njgrnjgqvjg5Djg7zjga/jgYTjgYvjgYzjgafjgZfjgofjgYbjgYvjgII8YnI+6JOL5pys5L2T44Gv5by35YyW44Ks44Op44K544CB5Y+W44Gj5omL44Gv6ICQ54ax5rip5bqmMjQw4oSD44Gu44OV44Kn44OO44O844Or5qi56ISC6KO944Gn44GZ44CCPGJyPjxicj7jgJDlj5bmibHkuIrjga7ms6jmhI/jgJE8YnI+44O75oCl5r+A44Gq6KGd5pKD44KS5LiO44GI44Gf44KK5YK344GM5LuY44GP44KI44GG44Gq5Y+W5omx44GE44Gv6YG/44GR44Gm44GP44Gg44GV44GE44CCPGJyPuODu+asoOOBkeOBn+OCiumDqOWIhueahOOBq+S6gOijguOBjOWFpeOBo+OBn+OCguOBruOBr+S9v+eUqOOBl+OBquOBhOOBp+OBj+OBoOOBleOBhOOAgjxicj7jg7vnoLTmkI3jgZfjgZ/loLTlkIjjgavjgIHnoLTniYfjgYzmv4DjgZfjgY/po5vmlaPjgZnjgovjgYrjgZ3jgozjgYzjgYLjgorjgb7jgZnjga7jgafjgIHjgZTms6jmhI/jgY/jgaDjgZXjgYTjgII8YnI+44O744Gq44G544Gu5aSn44GN44GV44Gr5ZCI44Gj44Gf44KC44Gu44KS5L2/55So44GX44Gm44CB44G144Gf44GM55u05o6l54ax44Gb44KJ44KM44Gq44GE44KI44GG44Gr44GX44Gm44GP44Gg44GV44GE44CCPGJyPuODu+mrmOa4qeOBrueKtuaFi+OBp+awtOOBq+WFpeOCjOOBn+OCiuOAgeawtOOCkuOBi+OBkeOBn+OCiuOBmeOCi+OBqOWJsuOCjOOChOOBmeOBj+OBquOCiuOBvuOBmeOAguWNgeWIhuWGt+OBiOOBpuOBi+OCiea0l+OBo+OBpuOBj+OBoOOBleOBhOOAgjxicj7jg7vmtJfmtYTjga7pmpvjgavjgIHjgqzjg6njgrnjgpLlgrfjgaTjgZHjgovjgYrjgZ3jgozjga7jgYLjgovjgq/jg6zjg7Pjgrbjg7zjgoTph5HlsZ7oo73jgr/jg6/jgrfjgarjganjga/kvb/nlKjjgZfjgarjgYTjgafjgY/jgaDjgZXjgYTjgII8YnI+44O76aOf5rSX5qmf44KC44GU5Yip55So44GE44Gf44Gg44GR44G+44GZ44CCPGJyPjxicj48cD48dGFibGUgYm9yZGVyPSIwIiB3aWR0aD0iOTclIiBiZ2NvbG9yPSIjRkZGRkUwIj48dHI+PHRkPjxzdHJvbmc+PGZvbnQgY29sb3I9IiMwMDY0MDAiIHNpemU9IjMiPuOAkOmWoumAo+WVhuWTgeOBr+OBk+OBoeOCieOBp+OBmeOAkTwvZm9udD48L3N0cm9uZz48YnI+4peGIOOBneOBruS7luODreODg+OCuO+8iExPREdF77yJ5ZWG5ZOB44Gv44GT44Gh44KJPGJyPjwvdGQ+PC90cj48L3RhYmxlPjwhLS1ta190YWdzLS0+PFA+PElNRyBzcmM9Imh0dHA6Ly93d3cucmFrdXRlbi5uZS5qcC9nb2xkL2VzcG9ydHMvYm4vanl1aGF0dHl1dTUyMC02MC5qcGciIHdpZHRoPSI1MjAiIGhlaWdodD0iNjAiIGJvcmRlcj0iMCI+PC9QPjwhLS1ta190YWdlLS0+PGJyPuKXj+euoeeQhmNvZGXvvJo3OTgyOTU5NDwhLS1zcGVjX3RhZ3MtLT48cD48c3Ryb25nPjxmb250IGNvbG9yPSIjMDAwMENEIiBzaXplPSIzIj7jgJDllYblk4Hjgrnjg5rjg4Pjgq/jgJE8L2ZvbnQ+PC9zdHJvbmc+PGJyPuKXjzxzdHJvbmc+55u05b6EPC9zdHJvbmc+IDogMjkuOc+GY23vvIgxMuOCpOODs+ODge+8iTxicj7il488c3Ryb25nPumHjemHjzwvc3Ryb25nPiA6IDExMjRnPGJyPuKXjzxzdHJvbmc+5ZOB5ZCNPC9zdHJvbmc+IDog5by35YyW44Ks44Op44K55Zmo5YW3PGJyPuKXjzxzdHJvbmc+5by35YyW44Gu56iu6aGePC9zdHJvbmc+IDog5YWo6Z2i54mp55CG5by35YyWPGJyPuKXjzxzdHJvbmc+44Ks44Op44K56YOo5p2Q6LOqPC9zdHJvbmc+IDog5by35YyW44Ks44Op44K5PGJyPuKXjzxzdHJvbmc+44OV44Os44O844Og5p2Q6LOqPC9zdHJvbmc+IDog44K544OG44Oz44Os44K56Yu8PGJyPuKXjzxzdHJvbmc+44Gk44G+44G/5p2Q6LOqPC9zdHJvbmc+IDog44OV44Kn44OO44O844Or5qi56ISCPGJyPjwhLS1zcGVjX3RhZ2UtLT48YnI+PGxpbmsgcmVsPSJzdHlsZXNoZWV0IiB0eXBlPSJ0ZXh0L2NzcyIgaHJlZj0iaHR0cDovL3d3dy5yYWt1dGVuLm5lLmpwL2dvbGQvZXNwb3J0cy9zaG9wcGluZ19wYXJ0cy5jc3MiPgoKPGRpdiBzdHlsZT0ibWFyZ2luLXRvcDotMjZweDsiPjwvZGl2PgoKPGltZyBzcmM9Imh0dHA6Ly93d3cucmFrdXRlbi5uZS5qcC9nb2xkL2VzcG9ydHMvYm4vcG9pbnQvcG9pbnRfYmJiLmpwZyIgYWx0PSIzMDAw5YaG5Lul5LiK44Gn44Od44Kk44Oz44OI77yT5YCNIiBib3JkZXI9IjAiIHdpZHRoPSI3NTBweCI+Cgo8IS0tIOOCu+ODvOODqyA8aW1nIHNyYz0iaHR0cDovL3d3dy5yYWt1dGVuLm5lLmpwL2dvbGQvZXNwb3J0cy9uZXd5ZWFyLXNhbGUvbmV3eWVhci1zYWxlLTc4MC5qcGciIGJvcmRlcj0iMCIgYWx0PSLjgrvjg7zjg6siIHdpZHRoPSI3NzBweCI+PGJyPjxicj4g44K744O844OrIC0tPgoKPCEtLSDjgrnjg7zjg5Hjg7zjgrvjg7zjg6sgPGRpdiBzdHlsZT0id2lkdGggOiA3NTBweDsiPgo8ZGl2IGFsaWduPSJjZW50ZXIiIHN0eWxlPSJtYXJnaW4tYm90dG9tIDogMHB4O2JvcmRlci13aWR0aCA6IDJweDtib3JkZXItc3R5bGUgOiBzb2xpZDtib3JkZXItY29sb3IgOiAjYmMxMTMxOyI+Cgo8L2Rpdj48L2Rpdj48ZGl2IGNsYXNzPSJtYXJnaW41Ij48L2Rpdj48YnI+IOOCueODvOODkeODvOOCu+ODvOODqy0tPgoKPCEtLSDjgrnjg7zjg5Hjg7zjgrvjg7zjg6syIO+8iOODkOODiuODvOOBruOBv++8iTxpbWcgc3JjPSJodHRwOi8vd3d3LnJha3V0ZW4ubmUuanAvZ29sZC9lc3BvcnRzL3Nwc2FsZS9zYWxlLWJuNzgwLmpwZyIgYm9yZGVyPSIwIiBhbHQ9IuOCu+ODvOODqyIgd2lkdGg9Ijc3MHB4Ij48YnI+PGJyPiDjgrnjg7zjg5Hjg7wgLS0+Cgo8ZGl2IGNsYXNzPSJjb250ZW50cyI+PCEtLSDlkYrnn6UgCjxkaXYgc3R5bGU9IndpZHRoOjczNnB4OyBwYWRkaW5nOjE1cHg7IG1hcmdpbjo1cHggMCAxNXB4OyBib3JkZXI6c29saWQgI0U2MkYyRiAycHg7Ij4KPHAgc3R5bGU9ImZvbnQtd2VpZ2h0OmJvbGQ7IGZvbnQtc2l6ZToxN3B4OyB0ZXh0LWFsaWduOmNlbnRlcjsiPuOAkCA8c3BhbiBzdHlsZT0iYm9yZGVyLWJvdHRvbToycHggZG90dGVkICM5OTk7IGZvbnQtc2l6ZToxNXB4OyI+NeaciDI25pelKOmHkSnjga7llrbmpa3jgavjgaTjgYTjgaY8L3NwYW4+IOOAkTwvcD4KPHAgc3R5bGU9ImZvbnQtc2l6ZToxM3B4OyBtYXJnaW4tdG9wOjE1cHg7Ij7oqqDjgavli53miYvjgarjgYzjgok15pyIMjbml6Uo6YeRKeOBr+OAgeekvuWGheeglOS/ruOBruOBn+OCgeOAgeWWtualreaZgumWk+OCkuWNiOWJjTEy77yaMDDjgb7jgafjgajjgZXjgZvjgabjgYTjgZ/jgaDjgY3jgb7jgZnjgILlsJrjgIHjgIzjgYLjgZnmpb3jgI3lr77lv5zlk4HjgavjgaTjgY3jgb7jgZfjgabjga/jgIHpgJrluLjpgJrjgooxMu+8mjAw44G+44Gn44Gu44GU5rOo5paH44KS5b2T5pel55m66YCB44GV44Gb44Gm44GE44Gf44Gg44GN44G+44GZ44CCPC9wPgo8cCBzdHlsZT0iZm9udC1zaXplOjEzcHg7IG1hcmdpbi10b3A6MTVweDsiPuOBiuWuouanmOOBq+OBr+OBlOS4jeS+v+OCkuOBiuaOm+OBkeiHtOOBl+OBvuOBmeOBjOOAgeOBlOeQhuino+OBrueoi+OAgeWunOOBl+OBj+OBiumhmOOBhOiHtOOBl+OBvuOBmeOAgjwvcD4KPC9kaXY+IC0tPgoKCjwhLS0gPGRpdiBzdHlsZT0id2lkdGg6NzM2cHg7IHBhZGRpbmc6MTVweDsgbWFyZ2luOjVweCAwIDE1cHg7IGJvcmRlcjpzb2xpZCAjRTYyRjJGIDJweDsiPgo8cCBzdHlsZT0iZm9udC13ZWlnaHQ6Ym9sZDsgZm9udC1zaXplOjE3cHg7IHRleHQtYWxpZ246Y2VudGVyOyBtYXJnaW46MDsiPuOAkCA8c3BhbiBzdHlsZT0iYm9yZGVyLWJvdHRvbToycHggZG90dGVkICM5OTk7IGZvbnQtc2l6ZToxNXB4OyI+5aSp5YCZ5LiN6Imv44Gu5b2x6Z+/44Gr44KI44KL6YWN6YCB6YGF5bu244Gr44Gk44GE44GmPC9zcGFuPiDjgJE8L3A+CjxwIHN0eWxlPSJmb250LXNpemU6MTNweDsgbWFyZ2luOjE1cHggMCAwOyI+5Y+w6aKo44O76LGq6Zuo562J44Gu5aSp5YCZ5LiN6Imv44Gr5Ly044GE44CB5LiA6YOo5Zyw5Z+f44Gn44GK6I2354mp44Gu44GK5bGK44GR44Gr6YGF44KM44GM55m655Sf44GZ44KL5oGQ44KM44GM44GU44GW44GE44G+44GZ44CCPC9wPgo8cCBzdHlsZT0iZm9udC1zaXplOjEzcHg7IG1hcmdpbjo3cHggMCAwOyI+44G+44Gf44CB5LuK5b6M44Gu5Y+w6aKo44Gu6YCy6Lev44Gr44KI44Gj44Gm44Gv44CB5bqD56+E5Zuy44Gu5Zyw5Z+f44Gn6YGF44KM44GM55Sf44GY44KL5Y+v6IO95oCn44GM44GC44KK44G+44GZ44CC5Zyw5Z+f44KE44K/44Kk44Of44Oz44Kw44Gr44KI44Gj44Gm44CB44GU5biM5pyb44Gu44GK5bGK44GR5pel5pmC44Gr6YWN6YGU44Gn44GN44Gq44GE5aC05ZCI44GM44GU44GW44GE44G+44GZ44CCPC9wPgo8cCBzdHlsZT0iZm9udC1zaXplOjEzcHg7IG1hcmdpbjo3cHggMCAwOyI+44GK5a6i5qeY44Gr44Gv5aSn5aSJ44GU6L+35oOR44KS44GK5o6b44GR6Ie044GX44G+44GZ44GM44CB44GU55CG6Kej44GE44Gf44Gg44GR44G+44GZ44KI44GG44GK6aGY44GE6Ie044GX44G+44GZ44CCPC9wPgo8L2Rpdj4gLS0+CgoKCjwhLS0g5LiA6YOo5Zyw5Z+f44Gn44Gu6YWN6YGU6YGF5bu244Gr44Gk44GN44G+44GX44GmIC0tPgoKCjwhLS0g44Kv44O844Od44OzIAo8aW1nIHNyYz0iaHR0cDovL3d3dy5yYWt1dGVuLm5lLmpwL2dvbGQvZXNwb3J0cy9ibi9jb3Vwb24vY291cG9uNzcwLmdpZiIgYWx0PSIyMDDlhoZPRkbjgq/jg7zjg53jg7MiPiAtLT4KCgoKPCEtLSA8aW1nIHNyYz0iaHR0cDovL3d3dy5yYWt1dGVuLm5lLmpwL2dvbGQvZXNwb3J0cy9ibi9hZGlkYXMvYWRpZGFzLWJuMzU3LmpwZyIgYWx0PSJhZGlkYXPjg53jgqTjg7Pjg4gxNeWAjSI+IC0tPgoKCjxicj4=,44Ot44OD44K477yITE9ER0XvvIkgTERHIOOCsOODqeOCueOCq+ODkOODvCAxMiBHQzEyIDE5MjQwMDMxMDAwMDEyIOOAkOOCouOCpuODiOODieOCoiDjgq3jg6Pjg7Pjg5cg6Y2L6JOL44CR77ya772F77yz77yw77yv77yy77y077yz5qW95aSp5pSv5bqX,44Ki44Km44OI44OJ44Ki44Kt44Oj44Oz44OX44OQ44O844OZ44Kt44Ol44O844OG44Oz44OI44K/44O844OX44OG44O844OW44Or44OB44Kn44Ki44K344Ol44Op44OV44Op44Oz44K/44Oz44Kv44O844Op44O844Oc44OD44Kv44K544Kz44O844Or44Oe44Oz44OO44O844K544OV44Kn44Kk44K544K544Od44O844OE44OV44Kj44OD44OI44ON44K544OA44Kk44Ko44OD44OI44OI44Os44O844OL44Oz44Kw44OX44Ot44OG44Kk44Oz44K144OX44Oq44Oh44Oz44OI44OA44Oz44OZ44Or44K144OD44Kr44O844Ot44OD44K477yITE9ER0XvvIkgTERHIOOCsOODqeOCueOCq+ODkOODvCAxMiBHQzEyIDE5MjQwMDMxMDAwMDEyIOOAkOOCouOCpuODiOODieOCoiDjgq3jg6Pjg7Pjg5cg6Y2L6JOL44CR,44Ot44OD44K477yITE9ER0XvvIkgTERHIOOCsOODqeOCueOCq+ODkOODvCAxMiBHQzEyIDE5MjQwMDMxMDAwMDEyIOOAkOOCouOCpuODiOODieOCoiDjgq3jg6Pjg7Pjg5cg6Y2L6JOL44CR[rn]
