34-95749,aHR0cDovL3RzaG9wLnIxMHMuanAvdGlyZXN0YWdlL2NhYmluZXQvYnJpZGdlc3RvbmUvaW1ncmMwMDkxNDk3MTkyLmpwZz9maXRpbj03MDA6NzAw,MjI2NzEuMjAwMA==,,6LuK55So5ZOB44O744OQ44Kk44Kv55So5ZOBID4g44Kr44O855So5ZOBID4g44K144Oe44O844K/44Kk44Ok,QlJJREdFU1RPTkUgMjY1LzYwUjE4IDExMFYgQUxFTlpBIDAwMSDjgqLjg6zjg7PjgrYwMDE=,44CQ6YCB5paZ54Sh5paZ44CM5rKW57iE77yM6Zui5bO244Gv6Zmk44GP44CN44CR,44CA5Zyo5bqr44Gv5bqX6IiX44Go6YCj5YuV44GX44Gm44GK44KK44G+44GZ44CC44GU5rOo5paH44GE44Gf44Gg44GE44Gf6Zqb44Gr5Zyo5bqr5YiH44KM44Gu5aC05ZCI44Gv44GK5pmC6ZaT44KS44GE44Gf44Gg44GP44GT44Go44GM44GU44GW44GE44G+44GZ44CC5Zyo5bqr56K66KqN44Gq44Gp44GK5rCX6Lu944Gr44GK5ZWP5ZCI44Gb5LiL44GV44GE44CCPGJyPjxiPumAgeaWmeeEoeaWmeOCteODvOODk+OCueOBr+aylue4hOODu+mbouWztuOBr+WvvuixoeWkluOBqOOBleOBm+OBpuOBhOOBn+OBoOOBjeOBvuOBmeOAgjwvYj4KPGZvbnQgY29sb3I9IiNGRjMzMzMiPjxicj7mspbnuITjgIHpm6Lls7bjga7loLTlkIjjga/jgIHkuK3ntpnmlpnph5HjgYzliKXpgJTlv4XopoHjgajjgarjgorjgb7jgZnjgII8YnI+5Lit57aZ5paZ6YeR44Gr44Gk44GN44G+44GX44Gm44Gv44CB5b2T5bqX44K544K/44OD44OV44G+44Gn44GK5rCX6Lu944Gr44GK5ZWP44GE5ZCI44KP44Gb44GP44Gg44GV44GE44G+44Gb44CC,QlJJREdFU1RPTkUgMjY1LzYwUjE4IDExMFYgQUxFTlpBIDAwMSDjgqLjg6zjg7PjgrYwMDHvvJrjgr/jgqTjg6Tjgrnjg4bjg7zjgrjjgIDmuZjljZfjgIDmpb3lpKnluILloLTlupc=,QlJJREdFU1RPTkUgMjY1LzYwUjE4IDExMFYgQUxFTlpBIDAwMSDjgqLjg6zjg7PjgrYwMDE=,44CQ6YCB5paZ54Sh5paZ44CM5rKW57iE77yM6Zui5bO244Gv6Zmk44GP44CN44CR44CCQlJJREdFU1RPTkUgMjY1LzYwUjE4IDExMFYgQUxFTlpBIDAwMSDjgqLjg6zjg7PjgrYwMDE=[rn]
34-95750,aHR0cDovL3RzaG9wLnIxMHMuanAvdGlyZXN0YWdlL2NhYmluZXQvYnJpZGdlc3RvbmUvZHVlbGVyL2ltZzYxMTA5NDQ2LmpwZz9maXRpbj03MDA6NzAw,MTcyMDguMDAwMA==,,6LuK55So5ZOB44O744OQ44Kk44Kv55So5ZOBID4g44Kr44O855So5ZOBID4g44K144Oe44O844K/44Kk44Ok,QlJJREdFU1RPTkUg44OW44Oq44OC44K544OI44OzIERVRUxFUiBIL0w4NTAgMjE1LzYwUjE3IDk2SA==,44CQ6YCB5paZ54Sh5paZ44CM5rKW57iE77yM6Zui5bO244Gv6Zmk44GP44CN44CR,44CA5Zyo5bqr44Gv5bqX6IiX44Go6YCj5YuV44GX44Gm44GK44KK44G+44GZ44CC44GU5rOo5paH44GE44Gf44Gg44GE44Gf6Zqb44Gr5Zyo5bqr5YiH44KM44Gu5aC05ZCI44Gv44GK5pmC6ZaT44KS44GE44Gf44Gg44GP44GT44Go44GM44GU44GW44GE44G+44GZ44CC5Zyo5bqr56K66KqN44Gq44Gp44GK5rCX6Lu944Gr44GK5ZWP5ZCI44Gb5LiL44GV44GE44CCPGJyPjxiPumAgeaWmeeEoeaWmeOCteODvOODk+OCueOBr+aylue4hOODu+mbouWztuOBr+WvvuixoeWkluOBqOOBleOBm+OBpuOBhOOBn+OBoOOBjeOBvuOBmeOAgjwvYj4KPGZvbnQgY29sb3I9IiNGRjMzMzMiPjxicj7mspbnuITjgIHpm6Lls7bjga7loLTlkIjjga/jgIHkuK3ntpnmlpnph5HjgYzliKXpgJTlv4XopoHjgajjgarjgorjgb7jgZnjgII8YnI+5Lit57aZ5paZ6YeR44Gr44Gk44GN44G+44GX44Gm44Gv44CB5b2T5bqX44K544K/44OD44OV44G+44Gn44GK5rCX6Lu944Gr44GK5ZWP44GE5ZCI44KP44Gb44GP44Gg44GV44GE44G+44Gb44CC,QlJJREdFU1RPTkUg44OW44Oq44OC44K544OI44OzIERVRUxFUiBIL0w4NTAgMjE1LzYwUjE3IDk2SO+8muOCv+OCpOODpOOCueODhuODvOOCuOOAgOa5mOWNl+OAgOalveWkqeW4guWgtOW6lw==,QlJJREdFU1RPTkUg44OW44Oq44OC44K544OI44OzIERVRUxFUiBIL0w4NTAgMjE1LzYwUjE3IDk2SA==,44CQ6YCB5paZ54Sh5paZ44CM5rKW57iE77yM6Zui5bO244Gv6Zmk44GP44CN44CR44CCQlJJREdFU1RPTkUg44OW44Oq44OC44K544OI44OzIERVRUxFUiBIL0w4NTAgMjE1LzYwUjE3IDk2SA==[rn]
34-95751,aHR0cDovL3RzaG9wLnIxMHMuanAvdGlyZXN0YWdlL2NhYmluZXQvYnJpZGdlc3RvbmUvaW1ncmMwMDY0NDQxMTA3LmpwZz9maXRpbj03MDA6NzAw,MzA3MTUuMjAwMA==,,6LuK55So5ZOB44O744OQ44Kk44Kv55So5ZOBID4g44Kr44O855So5ZOBID4g44K144Oe44O844K/44Kk44Ok,QlJJREdFU1RPTkUgUE9URU5aQSBSRS03MVIgMjU1LzM1UjE4IDk0VyBYTCDjg5bjg6rjg4Ljgrnjg4jjg7Mg44Od44OG44Oz44K2IFJFNzFS,44CQ6YCB5paZ54Sh5paZ44CM5rKW57iE77yM6Zui5bO244Gv6Zmk44GP44CN44CR,44CA5Zyo5bqr44Gv5bqX6IiX44Go6YCj5YuV44GX44Gm44GK44KK44G+44GZ44CC44GU5rOo5paH44GE44Gf44Gg44GE44Gf6Zqb44Gr5Zyo5bqr5YiH44KM44Gu5aC05ZCI44Gv44GK5pmC6ZaT44KS44GE44Gf44Gg44GP44GT44Go44GM44GU44GW44GE44G+44GZ44CC5Zyo5bqr56K66KqN44Gq44Gp44Gv44GK5rCX6Lu944Gr44GK5ZWP44GE5ZCI44KP44Gb44GP44Gg44GV44GE44CCPGJyPjxiPumAgeaWmeeEoeaWmeOCteODvOODk+OCueOBr+aylue4hOODu+mbouWztuOBr+WvvuixoeWkluOBqOOBleOBm+OBpuOBhOOBn+OBoOOBjeOBvuOBmeOAgjwvYj4KPGZvbnQgY29sb3I9IiNGRjMzMzMiPjxicj7mspbnuITjgIHpm6Lls7bjga7loLTlkIjjga/jgIHkuK3ntpnmlpnph5HjgYzliKXpgJTlv4XopoHjgajjgarjgorjgb7jgZnjgII8YnI+5Lit57aZ5paZ6YeR44Gr44Gk44GN44G+44GX44Gm44Gv44CB5b2T5bqX44K544K/44OD44OV44G+44Gn44GK5rCX6Lu944Gr44GK5ZWP44GE5ZCI44KP44Gb44GP44Gg44GV44GE44G+44Gb44CC,QlJJREdFU1RPTkUgUE9URU5aQSBSRS03MVIgMjU1LzM1UjE4IDk0VyBYTCDjg5bjg6rjg4Ljgrnjg4jjg7Mg44Od44OG44Oz44K2IFJFNzFS77ya44K/44Kk44Ok44K544OG44O844K444CA5rmY5Y2X44CA5qW95aSp5biC5aC05bqX,QlJJREdFU1RPTkUgUE9URU5aQSBSRS03MVIgMjU1LzM1UjE4IDk0VyBYTCDjg5bjg6rjg4Ljgrnjg4jjg7Mg44Od44OG44Oz44K2IFJFNzFS,44CQ6YCB5paZ54Sh5paZ44CM5rKW57iE77yM6Zui5bO244Gv6Zmk44GP44CN44CR44CCQlJJREdFU1RPTkUgUE9URU5aQSBSRS03MVIgMjU1LzM1UjE4IDk0VyBYTCDjg5bjg6rjg4Ljgrnjg4jjg7Mg44Od44OG44Oz44K2IFJFNzFS[rn]
34-95752,aHR0cDovL3RzaG9wLnIxMHMuanAvdGlyZXN0YWdlL2NhYmluZXQvYnJpZGdlc3RvbmUvaW1ncmMwMDY0NDQxMTA3LmpwZz9maXRpbj03MDA6NzAw,MzE4MjAuODAwMA==,,6LuK55So5ZOB44O744OQ44Kk44Kv55So5ZOBID4g44Kr44O855So5ZOBID4g44K144Oe44O844K/44Kk44Ok,QlJJREdFU1RPTkUgUE9URU5aQSBSRS03MVIgMjQ1LzQwUjE5IDk4VyBYTCDjg5bjg6rjg4Ljgrnjg4jjg7Mg44Od44OG44Oz44K2IFJFNzFS,44CQ6YCB5paZ54Sh5paZ44CM5rKW57iE77yM6Zui5bO244Gv6Zmk44GP44CN44CR,44CA5Zyo5bqr44Gv5bqX6IiX44Go6YCj5YuV44GX44Gm44GK44KK44G+44GZ44CC44GU5rOo5paH44GE44Gf44Gg44GE44Gf6Zqb44Gr5Zyo5bqr5YiH44KM44Gu5aC05ZCI44Gv44GK5pmC6ZaT44KS44GE44Gf44Gg44GP44GT44Go44GM44GU44GW44GE44G+44GZ44CC5Zyo5bqr56K66KqN44Gq44Gp44Gv44GK5rCX6Lu944Gr44GK5ZWP44GE5ZCI44KP44Gb44GP44Gg44GV44GE44CCPGJyPjxiPumAgeaWmeeEoeaWmeOCteODvOODk+OCueOBr+aylue4hOODu+mbouWztuOBr+WvvuixoeWkluOBqOOBleOBm+OBpuOBhOOBn+OBoOOBjeOBvuOBmeOAgjwvYj4KPGZvbnQgY29sb3I9IiNGRjMzMzMiPjxicj7mspbnuITjgIHpm6Lls7bjga7loLTlkIjjga/jgIHkuK3ntpnmlpnph5HjgYzliKXpgJTlv4XopoHjgajjgarjgorjgb7jgZnjgII8YnI+5Lit57aZ5paZ6YeR44Gr44Gk44GN44G+44GX44Gm44Gv44CB5b2T5bqX44K544K/44OD44OV44G+44Gn44GK5rCX6Lu944Gr44GK5ZWP44GE5ZCI44KP44Gb44GP44Gg44GV44GE44G+44Gb44CC,QlJJREdFU1RPTkUgUE9URU5aQSBSRS03MVIgMjQ1LzQwUjE5IDk4VyBYTCDjg5bjg6rjg4Ljgrnjg4jjg7Mg44Od44OG44Oz44K2IFJFNzFS77ya44K/44Kk44Ok44K544OG44O844K444CA5rmY5Y2X44CA5qW95aSp5biC5aC05bqX,QlJJREdFU1RPTkUgUE9URU5aQSBSRS03MVIgMjQ1LzQwUjE5IDk4VyBYTCDjg5bjg6rjg4Ljgrnjg4jjg7Mg44Od44OG44Oz44K2IFJFNzFS,44CQ6YCB5paZ54Sh5paZ44CM5rKW57iE77yM6Zui5bO244Gv6Zmk44GP44CN44CR44CCQlJJREdFU1RPTkUgUE9URU5aQSBSRS03MVIgMjQ1LzQwUjE5IDk4VyBYTCDjg5bjg6rjg4Ljgrnjg4jjg7Mg44Od44OG44Oz44K2IFJFNzFS[rn]
34-95753,aHR0cDovL3RzaG9wLnIxMHMuanAvdGlyZXN0YWdlL2NhYmluZXQvYnJpZGdlc3RvbmUvZWNvcGlhL2Vjb3BpYXB6LXhjLTEuanBnP2ZpdGluPTcwMDo3MDA=,OTEyOC4wMDAw,,6LuK55So5ZOB44O744OQ44Kk44Kv55So5ZOBID4g44Kr44O855So5ZOBID4g44K144Oe44O844K/44Kk44Ok,QlJJREdFU1RPTkUg44OW44Oq44OC44K544OI44OzIEVDT1BJQSBQWi1YQyAxNjUvNTBSMTUgNzNWIOOCqOOCs+ODlOOColBaWEM=,44CQ6YCB5paZ54Sh5paZ44CM5rKW57iE77yM6Zui5bO244Gv6Zmk44GP44CN44CR,44CA5Zyo5bqr44Gv5bqX6IiX44Go6YCj5YuV44GX44Gm44GK44KK44G+44GZ44CC44GU5rOo5paH44GE44Gf44Gg44GE44Gf6Zqb44Gr5Zyo5bqr5YiH44KM44Gu5aC05ZCI44Gv44GK5pmC6ZaT44KS44GE44Gf44Gg44GP44GT44Go44GM44GU44GW44GE44G+44GZ44CC5Zyo5bqr56K66KqN44Gq44Gp44GK5rCX6Lu944Gr44GK5ZWP5ZCI44Gb5LiL44GV44GE44CCPGJyPjxiPumAgeaWmeeEoeaWmeOCteODvOODk+OCueOBr+aylue4hOODu+mbouWztuOBr+WvvuixoeWkluOBqOOBleOBm+OBpuOBhOOBn+OBoOOBjeOBvuOBmeOAgjwvYj4KPGZvbnQgY29sb3I9IiNGRjMzMzMiPjxicj7mspbnuITjgIHpm6Lls7bjga7loLTlkIjjga/jgIHkuK3ntpnmlpnph5HjgYzliKXpgJTlv4XopoHjgajjgarjgorjgb7jgZnjgII8YnI+5Lit57aZ5paZ6YeR44Gr44Gk44GN44G+44GX44Gm44Gv44CB5b2T5bqX44K544K/44OD44OV44G+44Gn44GK5rCX6Lu944Gr44GK5ZWP44GE5ZCI44KP44Gb44GP44Gg44GV44GE44G+44Gb44CC,QlJJREdFU1RPTkUg44OW44Oq44OC44K544OI44OzIEVDT1BJQSBQWi1YQyAxNjUvNTBSMTUgNzNWIOOCqOOCs+ODlOOColBaWEPvvJrjgr/jgqTjg6Tjgrnjg4bjg7zjgrjjgIDmuZjljZfjgIDmpb3lpKnluILloLTlupc=,QlJJREdFU1RPTkUg44OW44Oq44OC44K544OI44OzIEVDT1BJQSBQWi1YQyAxNjUvNTBSMTUgNzNWIOOCqOOCs+ODlOOColBaWEM=,44CQ6YCB5paZ54Sh5paZ44CM5rKW57iE77yM6Zui5bO244Gv6Zmk44GP44CN44CR44CCQlJJREdFU1RPTkUg44OW44Oq44OC44K544OI44OzIEVDT1BJQSBQWi1YQyAxNjUvNTBSMTUgNzNWIOOCqOOCs+ODlOOColBaWEM=[rn]
34-95754,aHR0cDovL3RzaG9wLnIxMHMuanAvdGlyZXN0YWdlL2NhYmluZXQvYnJpZGdlc3RvbmUvcmVnbm8vaW1ncmMwMDY0MzI1NTU4LmpwZz9maXRpbj03MDA6NzAw,MTc4ODQuODAwMA==,,6LuK55So5ZOB44O744OQ44Kk44Kv55So5ZOBID4g44Kr44O855So5ZOBID4g44K144Oe44O844K/44Kk44Ok,QlJJREdFU1RPTkUgUkVHTk8gR1ItWEkgMjM1LzU1UjE3IDk5VyDjg5bjg6rjg4Ljgrnjg4jjg7Mg44Os44Kw44OO,44CQ6YCB5paZ54Sh5paZ44CM5rKW57iE77yM6Zui5bO244Gv6Zmk44GP44CN44CR,44CA5Zyo5bqr44Gv5bqX6IiX44Go6YCj5YuV44GX44Gm44GK44KK44G+44GZ44CC44GU5rOo5paH44GE44Gf44Gg44GE44Gf6Zqb44Gr5Zyo5bqr5YiH44KM44Gu5aC05ZCI44Gv44GK5pmC6ZaT44KS44GE44Gf44Gg44GP44GT44Go44GM44GU44GW44GE44G+44GZ44CC5Zyo5bqr56K66KqN44Gq44Gp44GK5rCX6Lu944Gr44GK5ZWP5ZCI44Gb5LiL44GV44GE44CCPGJyPjxiPumAgeaWmeeEoeaWmeOCteODvOODk+OCueOBr+aylue4hOODu+mbouWztuOBr+WvvuixoeWkluOBqOOBleOBm+OBpuOBhOOBn+OBoOOBjeOBvuOBmeOAgjwvYj4KPGZvbnQgY29sb3I9IiNGRjMzMzMiPjxicj7mspbnuITjgIHpm6Lls7bjga7loLTlkIjjga/jgIHkuK3ntpnmlpnph5HjgYzliKXpgJTlv4XopoHjgajjgarjgorjgb7jgZnjgII8YnI+5Lit57aZ5paZ6YeR44Gr44Gk44GN44G+44GX44Gm44Gv44CB5b2T5bqX44K544K/44OD44OV44G+44Gn44GK5rCX6Lu944Gr44GK5ZWP44GE5ZCI44KP44Gb44GP44Gg44GV44GE44G+44Gb44CC,QlJJREdFU1RPTkUgUkVHTk8gR1ItWEkgMjM1LzU1UjE3IDk5VyDjg5bjg6rjg4Ljgrnjg4jjg7Mg44Os44Kw44OO77ya44K/44Kk44Ok44K544OG44O844K444CA5rmY5Y2X44CA5qW95aSp5biC5aC05bqX,QlJJREdFU1RPTkUgUkVHTk8gR1ItWEkgMjM1LzU1UjE3IDk5VyDjg5bjg6rjg4Ljgrnjg4jjg7Mg44Os44Kw44OO,44CQ6YCB5paZ54Sh5paZ44CM5rKW57iE77yM6Zui5bO244Gv6Zmk44GP44CN44CR44CCQlJJREdFU1RPTkUgUkVHTk8gR1ItWEkgMjM1LzU1UjE3IDk5VyDjg5bjg6rjg4Ljgrnjg4jjg7Mg44Os44Kw44OO[rn]
34-95755,aHR0cDovL3RzaG9wLnIxMHMuanAvdGlyZXN0YWdlL2NhYmluZXQvYnJpZGdlc3RvbmUvcGxheXovaW1ncmMwMDgxODUxODE0LmpwZz9maXRpbj03MDA6NzAw,MTg4MDAuMDAwMA==,,6LuK55So5ZOB44O744OQ44Kk44Kv55So5ZOBID4g44Kr44O855So5ZOBID4g44K144Oe44O844K/44Kk44Ok,QlJJREdFU1RPTkUgUGxheXogUFggMjE1LzQwUjE3IDg3VyBYTCDjg5bjg6rjg4Ljgrnjg4jjg7Mg44OX44Os44Kk44K6IFBY,44CQ6YCB5paZ54Sh5paZ44CM5rKW57iE77yM6Zui5bO244Gv6Zmk44GP44CN44CR,44CA5Zyo5bqr44Gv5bqX6IiX44Go6YCj5YuV44GX44Gm44GK44KK44G+44GZ44CC44GU5rOo5paH44GE44Gf44Gg44GE44Gf6Zqb44Gr5Zyo5bqr5YiH44KM44Gu5aC05ZCI44Gv44GK5pmC6ZaT44KS44GE44Gf44Gg44GP44GT44Go44GM44GU44GW44GE44G+44GZ44CC5Zyo5bqr56K66KqN44Gq44Gp44GK5rCX6Lu944Gr44GK5ZWP5ZCI44Gb5LiL44GV44GE44CCPGJyPjxiPumAgeaWmeeEoeaWmeOCteODvOODk+OCueOBr+aylue4hOODu+mbouWztuOBr+WvvuixoeWkluOBqOOBleOBm+OBpuOBhOOBn+OBoOOBjeOBvuOBmeOAgjwvYj4KPGZvbnQgY29sb3I9IiNGRjMzMzMiPjxicj7mspbnuITjgIHpm6Lls7bjga7loLTlkIjjga/jgIHkuK3ntpnmlpnph5HjgYzliKXpgJTlv4XopoHjgajjgarjgorjgb7jgZnjgII8YnI+5Lit57aZ5paZ6YeR44Gr44Gk44GN44G+44GX44Gm44Gv44CB5b2T5bqX44K544K/44OD44OV44G+44Gn44GK5rCX6Lu944Gr44GK5ZWP44GE5ZCI44KP44Gb44GP44Gg44GV44GE44G+44Gb44CC,QlJJREdFU1RPTkUgUGxheXogUFggMjE1LzQwUjE3IDg3VyBYTCDjg5bjg6rjg4Ljgrnjg4jjg7Mg44OX44Os44Kk44K6IFBY77ya44K/44Kk44Ok44K544OG44O844K444CA5rmY5Y2X44CA5qW95aSp5biC5aC05bqX,QlJJREdFU1RPTkUgUGxheXogUFggMjE1LzQwUjE3IDg3VyBYTCDjg5bjg6rjg4Ljgrnjg4jjg7Mg44OX44Os44Kk44K6IFBY,44CQ6YCB5paZ54Sh5paZ44CM5rKW57iE77yM6Zui5bO244Gv6Zmk44GP44CN44CR44CCQlJJREdFU1RPTkUgUGxheXogUFggMjE1LzQwUjE3IDg3VyBYTCDjg5bjg6rjg4Ljgrnjg4jjg7Mg44OX44Os44Kk44K6IFBY[rn]
34-95756,aHR0cDovL3RzaG9wLnIxMHMuanAvdGlyZXN0YWdlL2NhYmluZXQvYnJpZGdlc3RvbmUvaW1ncmMwMDY0NTEyNTU0LmpwZz9maXRpbj03MDA6NzAw,OTc3Mi4wMDAw,,6LuK55So5ZOB44O744OQ44Kk44Kv55So5ZOBID4g44Kr44O855So5ZOBID4g44K144Oe44O844K/44Kk44Ok,QlJJREdFU1RPTkUgUE9URU5aQSBBZHJlbmFsaW4gUkUwMDMgMTk1LzU1UjE1IDg1VyDjg5bjg6rjg4Ljgrnjg4jjg7Mg44Od44OG44Oz44K2IOOCouODieODrOODiuODquODsw==,44CQ6YCB5paZ54Sh5paZ44CM5rKW57iE77yM6Zui5bO244Gv6Zmk44GP44CN44CR,44CA5Zyo5bqr44Gv5bqX6IiX44Go6YCj5YuV44GX44Gm44GK44KK44G+44GZ44CC44GU5rOo5paH44GE44Gf44Gg44GE44Gf6Zqb44Gr5Zyo5bqr5YiH44KM44Gu5aC05ZCI44Gv44GK5pmC6ZaT44KS44GE44Gf44Gg44GP44GT44Go44GM44GU44GW44GE44G+44GZ44CC5Zyo5bqr56K66KqN44Gq44Gp44Gv44GK5rCX6Lu944Gr44GK5ZWP44GE5ZCI44KP44Gb44GP44Gg44GV44GE44CCPGJyPjxiPumAgeaWmeeEoeaWmeOCteODvOODk+OCueOBr+aylue4hOODu+mbouWztuOBr+WvvuixoeWkluOBqOOBleOBm+OBpuOBhOOBn+OBoOOBjeOBvuOBmeOAgjwvYj4KPGZvbnQgY29sb3I9IiNGRjMzMzMiPjxicj7mspbnuITjgIHpm6Lls7bjga7loLTlkIjjga/jgIHkuK3ntpnmlpnph5HjgYzliKXpgJTlv4XopoHjgajjgarjgorjgb7jgZnjgII8YnI+5Lit57aZ5paZ6YeR44Gr44Gk44GN44G+44GX44Gm44Gv44CB5b2T5bqX44K544K/44OD44OV44G+44Gn44GK5rCX6Lu944Gr44GK5ZWP44GE5ZCI44KP44Gb44GP44Gg44GV44GE44G+44Gb44CC,QlJJREdFU1RPTkUgUE9URU5aQSBBZHJlbmFsaW4gUkUwMDMgMTk1LzU1UjE1IDg1VyDjg5bjg6rjg4Ljgrnjg4jjg7Mg44Od44OG44Oz44K2IOOCouODieODrOODiuODquODs++8muOCv+OCpOODpOOCueODhuODvOOCuOOAgOa5mOWNl+OAgOalveWkqeW4guWgtOW6lw==,QlJJREdFU1RPTkUgUE9URU5aQSBBZHJlbmFsaW4gUkUwMDMgMTk1LzU1UjE1IDg1VyDjg5bjg6rjg4Ljgrnjg4jjg7Mg44Od44OG44Oz44K2IOOCouODieODrOODiuODquODsw==,44CQ6YCB5paZ54Sh5paZ44CM5rKW57iE77yM6Zui5bO244Gv6Zmk44GP44CN44CR44CCQlJJREdFU1RPTkUgUE9URU5aQSBBZHJlbmFsaW4gUkUwMDMgMTk1LzU1UjE1IDg1VyDjg5bjg6rjg4Ljgrnjg4jjg7Mg44Od44OG44Oz44K2IOOCouODieODrOODiuODquODsw==[rn]
34-95757,aHR0cDovL3RzaG9wLnIxMHMuanAvdGlyZXN0YWdlL2NhYmluZXQvYnJpZGdlc3RvbmUvcG90ZW56YS9wb3RlbnphcmUwNDByZnQtMS5qcGc/Zml0aW49NzAwOjcwMA==,MzQ5MDQuMDAwMA==,,6LuK55So5ZOB44O744OQ44Kk44Kv55So5ZOBID4g44Kr44O855So5ZOBID4g44K144Oe44O844K/44Kk44Ok,QlJJREdFU1RPTkUg44OW44Oq44OC44K544OI44OzIFBPVEVOWkEgUkUwNDBSRlTvvIjjg6njg7Pjg5Xjg6njg4Pjg4jvvIkgMjQ1LzQwWlIxOCBSRlQ=,44CQ6YCB5paZ54Sh5paZ44CM5rKW57iE77yM6Zui5bO244Gv6Zmk44GP44CN44CR,44CA5Zyo5bqr44Gv5bqX6IiX44Go6YCj5YuV44GX44Gm44GK44KK44G+44GZ44CC44GU5rOo5paH44GE44Gf44Gg44GE44Gf6Zqb44Gr5Zyo5bqr5YiH44KM44Gu5aC05ZCI44Gv44GK5pmC6ZaT44KS44GE44Gf44Gg44GP44GT44Go44GM44GU44GW44GE44G+44GZ44CC5Zyo5bqr56K66KqN44Gq44Gp44GK5rCX6Lu944Gr44GK5ZWP5ZCI44Gb5LiL44GV44GE44CCPGJyPjxiPumAgeaWmeeEoeaWmeOCteODvOODk+OCueOBr+aylue4hOODu+mbouWztuOBr+WvvuixoeWkluOBqOOBleOBm+OBpuOBhOOBn+OBoOOBjeOBvuOBmeOAgjwvYj4KPGZvbnQgY29sb3I9IiNGRjMzMzMiPjxicj7mspbnuITjgIHpm6Lls7bjga7loLTlkIjjga/jgIHkuK3ntpnmlpnph5HjgYzliKXpgJTlv4XopoHjgajjgarjgorjgb7jgZnjgII8YnI+5Lit57aZ5paZ6YeR44Gr44Gk44GN44G+44GX44Gm44Gv44CB5b2T5bqX44K544K/44OD44OV44G+44Gn44GK5rCX6Lu944Gr44GK5ZWP44GE5ZCI44KP44Gb44GP44Gg44GV44GE44G+44Gb44CC,QlJJREdFU1RPTkUg44OW44Oq44OC44K544OI44OzIFBPVEVOWkEgUkUwNDBSRlTvvIjjg6njg7Pjg5Xjg6njg4Pjg4jvvIkgMjQ1LzQwWlIxOCBSRlTvvJrjgr/jgqTjg6Tjgrnjg4bjg7zjgrjjgIDmuZjljZfjgIDmpb3lpKnluILloLTlupc=,QlJJREdFU1RPTkUg44OW44Oq44OC44K544OI44OzIFBPVEVOWkEgUkUwNDBSRlTvvIjjg6njg7Pjg5Xjg6njg4Pjg4jvvIkgMjQ1LzQwWlIxOCBSRlQ=,44CQ6YCB5paZ54Sh5paZ44CM5rKW57iE77yM6Zui5bO244Gv6Zmk44GP44CN44CR44CCQlJJREdFU1RPTkUg44OW44Oq44OC44K544OI44OzIFBPVEVOWkEgUkUwNDBSRlTvvIjjg6njg7Pjg5Xjg6njg4Pjg4jvvIkgMjQ1LzQwWlIxOCBSRlQ=[rn]
34-95758,aHR0cDovL3RzaG9wLnIxMHMuanAvdGlyZXN0YWdlL2NhYmluZXQvZWotaXRfYnJpZGdlc3RvbmUvc25lYWtlcl8wMDEuanBnP2ZpdGluPTcwMDo3MDA=,NTYxNi4wMDAw,,6LuK55So5ZOB44O744OQ44Kk44Kv55So5ZOBID4g44Kr44O855So5ZOBID4g44K144Oe44O844K/44Kk44Ok,QlJJREdFU1RPTkUg44OW44Oq44OC44K544OI44OzIFNuZWFrZXIgMTg1LzcwUjEzIDg2Uw==,44CQ6YCB5paZ54Sh5paZ44CM5rKW57iE77yM6Zui5bO244Gv6Zmk44GP44CN44CR,44CA5Zyo5bqr44Gv5bqX6IiX44Go6YCj5YuV44GX44Gm44GK44KK44G+44GZ44CC44GU5rOo5paH44GE44Gf44Gg44GE44Gf6Zqb44Gr5Zyo5bqr5YiH44KM44Gu5aC05ZCI44Gv44GK5pmC6ZaT44KS44GE44Gf44Gg44GP44GT44Go44GM44GU44GW44GE44G+44GZ44CC5Zyo5bqr56K66KqN44Gq44Gp44GK5rCX6Lu944Gr44GK5ZWP5ZCI44Gb5LiL44GV44GE44CCPGJyPjxiPumAgeaWmeeEoeaWmeOCteODvOODk+OCueOBr+aylue4hOODu+mbouWztuOBr+WvvuixoeWkluOBqOOBleOBm+OBpuOBhOOBn+OBoOOBjeOBvuOBmeOAgjwvYj4KPGZvbnQgY29sb3I9IiNGRjMzMzMiPjxicj7mspbnuITjgIHpm6Lls7bjga7loLTlkIjjga/jgIHkuK3ntpnmlpnph5HjgYzliKXpgJTlv4XopoHjgajjgarjgorjgb7jgZnjgII8YnI+5Lit57aZ5paZ6YeR44Gr44Gk44GN44G+44GX44Gm44Gv44CB5b2T5bqX44K544K/44OD44OV44G+44Gn44GK5rCX6Lu944Gr44GK5ZWP44GE5ZCI44KP44Gb44GP44Gg44GV44GE44G+44Gb44CC,QlJJREdFU1RPTkUg44OW44Oq44OC44K544OI44OzIFNuZWFrZXIgMTg1LzcwUjEzIDg2U++8muOCv+OCpOODpOOCueODhuODvOOCuOOAgOa5mOWNl+OAgOalveWkqeW4guWgtOW6lw==,QlJJREdFU1RPTkUg44OW44Oq44OC44K544OI44OzIFNuZWFrZXIgMTg1LzcwUjEzIDg2Uw==,44CQ6YCB5paZ54Sh5paZ44CM5rKW57iE77yM6Zui5bO244Gv6Zmk44GP44CN44CR44CCQlJJREdFU1RPTkUg44OW44Oq44OC44K544OI44OzIFNuZWFrZXIgMTg1LzcwUjEzIDg2Uw==[rn]
34-95759,aHR0cDovL3RzaG9wLnIxMHMuanAvdGlyZXN0YWdlL2NhYmluZXQvYnJpZGdlc3RvbmUvcG90ZW56YS9pbWdyYzAwODE4Nzc2ODUuanBnP2ZpdGluPTcwMDo3MDA=,MjI3NDguODAwMA==,,6LuK55So5ZOB44O744OQ44Kk44Kv55So5ZOBID4g44Kr44O855So5ZOBID4g44K144Oe44O844K/44Kk44Ok,QlJJREdFU1RPTkUg44OW44Oq44OC44K544OI44OzIFBPVEVOWkEgUzAwMVJGVO+8iOODqeODs+ODleODqeODg+ODiO+8iSAyNDUvNTBSMTggIDEwMFkgUkZU,44CQ6YCB5paZ54Sh5paZ44CM5rKW57iE77yM6Zui5bO244Gv6Zmk44GP44CN44CR,44CA5Zyo5bqr44Gv5bqX6IiX44Go6YCj5YuV44GX44Gm44GK44KK44G+44GZ44CC44GU5rOo5paH44GE44Gf44Gg44GE44Gf6Zqb44Gr5Zyo5bqr5YiH44KM44Gu5aC05ZCI44Gv44GK5pmC6ZaT44KS44GE44Gf44Gg44GP44GT44Go44GM44GU44GW44GE44G+44GZ44CC5Zyo5bqr56K66KqN44Gq44Gp44GK5rCX6Lu944Gr44GK5ZWP5ZCI44Gb5LiL44GV44GE44CCPGJyPjxiPumAgeaWmeeEoeaWmeOCteODvOODk+OCueOBr+aylue4hOODu+mbouWztuOBr+WvvuixoeWkluOBqOOBleOBm+OBpuOBhOOBn+OBoOOBjeOBvuOBmeOAgjwvYj4KPGZvbnQgY29sb3I9IiNGRjMzMzMiPjxicj7mspbnuITjgIHpm6Lls7bjga7loLTlkIjjga/jgIHkuK3ntpnmlpnph5HjgYzliKXpgJTlv4XopoHjgajjgarjgorjgb7jgZnjgII8YnI+5Lit57aZ5paZ6YeR44Gr44Gk44GN44G+44GX44Gm44Gv44CB5b2T5bqX44K544K/44OD44OV44G+44Gn44GK5rCX6Lu944Gr44GK5ZWP44GE5ZCI44KP44Gb44GP44Gg44GV44GE44G+44Gb44CC,QlJJREdFU1RPTkUg44OW44Oq44OC44K544OI44OzIFBPVEVOWkEgUzAwMVJGVO+8iOODqeODs+ODleODqeODg+ODiO+8iSAyNDUvNTBSMTggIDEwMFkgUkZU77ya44K/44Kk44Ok44K544OG44O844K444CA5rmY5Y2X44CA5qW95aSp5biC5aC05bqX,QlJJREdFU1RPTkUg44OW44Oq44OC44K544OI44OzIFBPVEVOWkEgUzAwMVJGVO+8iOODqeODs+ODleODqeODg+ODiO+8iSAyNDUvNTBSMTggIDEwMFkgUkZU,44CQ6YCB5paZ54Sh5paZ44CM5rKW57iE77yM6Zui5bO244Gv6Zmk44GP44CN44CR44CCQlJJREdFU1RPTkUg44OW44Oq44OC44K544OI44OzIFBPVEVOWkEgUzAwMVJGVO+8iOODqeODs+ODleODqeODg+ODiO+8iSAyNDUvNTBSMTggIDEwMFkgUkZU[rn]
34-95760,aHR0cDovL3RzaG9wLnIxMHMuanAvdGlyZXN0YWdlL2NhYmluZXQvYnJpZGdlc3RvbmUvZWNvcGlhL2Vjb3BpYXB6LXhjLTEuanBnP2ZpdGluPTcwMDo3MDA=,MTEwNTYuMDAwMA==,,6LuK55So5ZOB44O744OQ44Kk44Kv55So5ZOBID4g44Kr44O855So5ZOBID4g44K144Oe44O844K/44Kk44Ok,QlJJREdFU1RPTkUg44OW44Oq44OC44K544OI44OzIEVDT1BJQSBQWi1YQyAxNjUvNTBSMTYgNzVWIOOCqOOCs+ODlOOColBaWEM=,44CQ6YCB5paZ54Sh5paZ44CM5rKW57iE77yM6Zui5bO244Gv6Zmk44GP44CN44CR,44CA5Zyo5bqr44Gv5bqX6IiX44Go6YCj5YuV44GX44Gm44GK44KK44G+44GZ44CC44GU5rOo5paH44GE44Gf44Gg44GE44Gf6Zqb44Gr5Zyo5bqr5YiH44KM44Gu5aC05ZCI44Gv44GK5pmC6ZaT44KS44GE44Gf44Gg44GP44GT44Go44GM44GU44GW44GE44G+44GZ44CC5Zyo5bqr56K66KqN44Gq44Gp44GK5rCX6Lu944Gr44GK5ZWP5ZCI44Gb5LiL44GV44GE44CCPGJyPjxiPumAgeaWmeeEoeaWmeOCteODvOODk+OCueOBr+aylue4hOODu+mbouWztuOBr+WvvuixoeWkluOBqOOBleOBm+OBpuOBhOOBn+OBoOOBjeOBvuOBmeOAgjwvYj4KPGZvbnQgY29sb3I9IiNGRjMzMzMiPjxicj7mspbnuITjgIHpm6Lls7bjga7loLTlkIjjga/jgIHkuK3ntpnmlpnph5HjgYzliKXpgJTlv4XopoHjgajjgarjgorjgb7jgZnjgII8YnI+5Lit57aZ5paZ6YeR44Gr44Gk44GN44G+44GX44Gm44Gv44CB5b2T5bqX44K544K/44OD44OV44G+44Gn44GK5rCX6Lu944Gr44GK5ZWP44GE5ZCI44KP44Gb44GP44Gg44GV44GE44G+44Gb44CC,QlJJREdFU1RPTkUg44OW44Oq44OC44K544OI44OzIEVDT1BJQSBQWi1YQyAxNjUvNTBSMTYgNzVWIOOCqOOCs+ODlOOColBaWEPvvJrjgr/jgqTjg6Tjgrnjg4bjg7zjgrjjgIDmuZjljZfjgIDmpb3lpKnluILloLTlupc=,QlJJREdFU1RPTkUg44OW44Oq44OC44K544OI44OzIEVDT1BJQSBQWi1YQyAxNjUvNTBSMTYgNzVWIOOCqOOCs+ODlOOColBaWEM=,44CQ6YCB5paZ54Sh5paZ44CM5rKW57iE77yM6Zui5bO244Gv6Zmk44GP44CN44CR44CCQlJJREdFU1RPTkUg44OW44Oq44OC44K544OI44OzIEVDT1BJQSBQWi1YQyAxNjUvNTBSMTYgNzVWIOOCqOOCs+ODlOOColBaWEM=[rn]
34-95761,aHR0cDovL3RzaG9wLnIxMHMuanAvdGlyZXN0YWdlL2NhYmluZXQvYnJpZGdlc3RvbmUvZHVlbGVyL2R1ZWxlcmhwc3BvcnQtMS5qcGc/Zml0aW49NzAwOjcwMA==,MjcyMTYuMDAwMA==,,6LuK55So5ZOB44O744OQ44Kk44Kv55So5ZOBID4g44Kr44O855So5ZOBID4g44K144Oe44O844K/44Kk44Ok,QlJJREdFU1RPTkUg44OW44Oq44OC44K544OI44OzIERVRUxFUiBIL1AgU1BPUlQgMjg1LzU1UjE4IDExM1Y=,44CQ6YCB5paZ54Sh5paZ44CM5rKW57iE77yM6Zui5bO244Gv6Zmk44GP44CN44CR,44CA5Zyo5bqr44Gv5bqX6IiX44Go6YCj5YuV44GX44Gm44GK44KK44G+44GZ44CC44GU5rOo5paH44GE44Gf44Gg44GE44Gf6Zqb44Gr5Zyo5bqr5YiH44KM44Gu5aC05ZCI44Gv44GK5pmC6ZaT44KS44GE44Gf44Gg44GP44GT44Go44GM44GU44GW44GE44G+44GZ44CC5Zyo5bqr56K66KqN44Gq44Gp44GK5rCX6Lu944Gr44GK5ZWP5ZCI44Gb5LiL44GV44GE44CCPGJyPjxiPumAgeaWmeeEoeaWmeOCteODvOODk+OCueOBr+aylue4hOODu+mbouWztuOBr+WvvuixoeWkluOBqOOBleOBm+OBpuOBhOOBn+OBoOOBjeOBvuOBmeOAgjwvYj4KPGZvbnQgY29sb3I9IiNGRjMzMzMiPjxicj7mspbnuITjgIHpm6Lls7bjga7loLTlkIjjga/jgIHkuK3ntpnmlpnph5HjgYzliKXpgJTlv4XopoHjgajjgarjgorjgb7jgZnjgII8YnI+5Lit57aZ5paZ6YeR44Gr44Gk44GN44G+44GX44Gm44Gv44CB5b2T5bqX44K544K/44OD44OV44G+44Gn44GK5rCX6Lu944Gr44GK5ZWP44GE5ZCI44KP44Gb44GP44Gg44GV44GE44G+44Gb44CC,QlJJREdFU1RPTkUg44OW44Oq44OC44K544OI44OzIERVRUxFUiBIL1AgU1BPUlQgMjg1LzU1UjE4IDExM1bvvJrjgr/jgqTjg6Tjgrnjg4bjg7zjgrjjgIDmuZjljZfjgIDmpb3lpKnluILloLTlupc=,QlJJREdFU1RPTkUg44OW44Oq44OC44K544OI44OzIERVRUxFUiBIL1AgU1BPUlQgMjg1LzU1UjE4IDExM1Y=,44CQ6YCB5paZ54Sh5paZ44CM5rKW57iE77yM6Zui5bO244Gv6Zmk44GP44CN44CR44CCQlJJREdFU1RPTkUg44OW44Oq44OC44K544OI44OzIERVRUxFUiBIL1AgU1BPUlQgMjg1LzU1UjE4IDExM1Y=[rn]
34-95762,aHR0cDovL3RzaG9wLnIxMHMuanAvdGlyZXN0YWdlL2NhYmluZXQvYnJpZGdlc3RvbmUvaW1nNjEyNDYzNTguanBnP2ZpdGluPTcwMDo3MDA=,NTk3Ni4wMDAw,,6LuK55So5ZOB44O744OQ44Kk44Kv55So5ZOBID4g44Kr44O855So5ZOBID4g44K144Oe44O844K/44Kk44Ok,QlJJREdFU1RPTkUg44OW44Oq44OC44K544OI44OzIE5FWFRSWSDjg43jgq/jgrnjg4jjg6rjg7wgMTg1LzY1UjE0IDg2Uw==,44CQ6YCB5paZ54Sh5paZ44CM5rKW57iE77yM6Zui5bO244Gv6Zmk44GP44CN44CR,44CA5Zyo5bqr44Gv5bqX6IiX44Go6YCj5YuV44GX44Gm44GK44KK44G+44GZ44CC44GU5rOo5paH44GE44Gf44Gg44GE44Gf6Zqb44Gr5Zyo5bqr5YiH44KM44Gu5aC05ZCI44Gv44GK5pmC6ZaT44KS44GE44Gf44Gg44GP44GT44Go44GM44GU44GW44GE44G+44GZ44CC5Zyo5bqr56K66KqN44Gq44Gp44GK5rCX6Lu944Gr44GK5ZWP5ZCI44Gb5LiL44GV44GE44CCPGJyPjxiPumAgeaWmeeEoeaWmeOCteODvOODk+OCueOBr+aylue4hOODu+mbouWztuOBr+WvvuixoeWkluOBqOOBleOBm+OBpuOBhOOBn+OBoOOBjeOBvuOBmeOAgjwvYj4KPGZvbnQgY29sb3I9IiNGRjMzMzMiPjxicj7mspbnuITjgIHpm6Lls7bjga7loLTlkIjjga/jgIHkuK3ntpnmlpnph5HjgYzliKXpgJTlv4XopoHjgajjgarjgorjgb7jgZnjgII8YnI+5Lit57aZ5paZ6YeR44Gr44Gk44GN44G+44GX44Gm44Gv44CB5b2T5bqX44K544K/44OD44OV44G+44Gn44GK5rCX6Lu944Gr44GK5ZWP44GE5ZCI44KP44Gb44GP44Gg44GV44GE44G+44Gb44CC,QlJJREdFU1RPTkUg44OW44Oq44OC44K544OI44OzIE5FWFRSWSDjg43jgq/jgrnjg4jjg6rjg7wgMTg1LzY1UjE0IDg2U++8muOCv+OCpOODpOOCueODhuODvOOCuOOAgOa5mOWNl+OAgOalveWkqeW4guWgtOW6lw==,QlJJREdFU1RPTkUg44OW44Oq44OC44K544OI44OzIE5FWFRSWSDjg43jgq/jgrnjg4jjg6rjg7wgMTg1LzY1UjE0IDg2Uw==,44CQ6YCB5paZ54Sh5paZ44CM5rKW57iE77yM6Zui5bO244Gv6Zmk44GP44CN44CR44CCQlJJREdFU1RPTkUg44OW44Oq44OC44K544OI44OzIE5FWFRSWSDjg43jgq/jgrnjg4jjg6rjg7wgMTg1LzY1UjE0IDg2Uw==[rn]
34-95763,aHR0cDovL3RzaG9wLnIxMHMuanAvdGlyZXN0YWdlL2NhYmluZXQvYnJpZGdlc3RvbmUvaW1nNjEyNDYzNTguanBnP2ZpdGluPTcwMDo3MDA=,NDM1NC40MDAw,,6LuK55So5ZOB44O744OQ44Kk44Kv55So5ZOBID4g44Kr44O855So5ZOBID4g44K144Oe44O844K/44Kk44Ok,QlJJREdFU1RPTkUg44OW44Oq44OC44K544OI44OzIE5FWFRSWSDjg43jgq/jgrnjg4jjg6rjg7wgIDE0NS82NVIxNSA3MlM=,44CQ6YCB5paZ54Sh5paZ44CM5rKW57iE77yM6Zui5bO244Gv6Zmk44GP44CN44CR,44CA5Zyo5bqr44Gv5bqX6IiX44Go6YCj5YuV44GX44Gm44GK44KK44G+44GZ44CC44GU5rOo5paH44GE44Gf44Gg44GE44Gf6Zqb44Gr5Zyo5bqr5YiH44KM44Gu5aC05ZCI44Gv44GK5pmC6ZaT44KS44GE44Gf44Gg44GP44GT44Go44GM44GU44GW44GE44G+44GZ44CC5Zyo5bqr56K66KqN44Gq44Gp44GK5rCX6Lu944Gr44GK5ZWP5ZCI44Gb5LiL44GV44GE44CCPGJyPjxiPumAgeaWmeeEoeaWmeOCteODvOODk+OCueOBr+aylue4hOODu+mbouWztuOBr+WvvuixoeWkluOBqOOBleOBm+OBpuOBhOOBn+OBoOOBjeOBvuOBmeOAgjwvYj4KPGZvbnQgY29sb3I9IiNGRjMzMzMiPjxicj7mspbnuITjgIHpm6Lls7bjga7loLTlkIjjga/jgIHkuK3ntpnmlpnph5HjgYzliKXpgJTlv4XopoHjgajjgarjgorjgb7jgZnjgII8YnI+5Lit57aZ5paZ6YeR44Gr44Gk44GN44G+44GX44Gm44Gv44CB5b2T5bqX44K544K/44OD44OV44G+44Gn44GK5rCX6Lu944Gr44GK5ZWP44GE5ZCI44KP44Gb44GP44Gg44GV44GE44G+44Gb44CC,QlJJREdFU1RPTkUg44OW44Oq44OC44K544OI44OzIE5FWFRSWSDjg43jgq/jgrnjg4jjg6rjg7wgIDE0NS82NVIxNSA3MlPvvJrjgr/jgqTjg6Tjgrnjg4bjg7zjgrjjgIDmuZjljZfjgIDmpb3lpKnluILloLTlupc=,QlJJREdFU1RPTkUg44OW44Oq44OC44K544OI44OzIE5FWFRSWSDjg43jgq/jgrnjg4jjg6rjg7wgIDE0NS82NVIxNSA3MlM=,44CQ6YCB5paZ54Sh5paZ44CM5rKW57iE77yM6Zui5bO244Gv6Zmk44GP44CN44CR44CCQlJJREdFU1RPTkUg44OW44Oq44OC44K544OI44OzIE5FWFRSWSDjg43jgq/jgrnjg4jjg6rjg7wgIDE0NS82NVIxNSA3MlM=[rn]
34-95764,aHR0cDovL3RzaG9wLnIxMHMuanAvdGlyZXN0YWdlL2NhYmluZXQvZHVubG9wL2xlbWFucy9pbWdyYzAwOTE0MTE0NzMuanBnP2ZpdGluPTcwMDo3MDA=,NzE5Ni44MDAw,,6LuK55So5ZOB44O744OQ44Kk44Kv55So5ZOBID4g44Kr44O855So5ZOBID4g44K144Oe44O844K/44Kk44Ok,RFVOTE9QICAxNjUvNTVSMTUgNzVWIExFIE1BTlMgVuOAgOODgOODs+ODreODg+ODlyDjg6vjg57jg7Mg44OV44Kh44Kk44OW44CATEUgTUFOUyA1,44CQ6YCB5paZ54Sh5paZ44CM5rKW57iE77yM6Zui5bO244Gv6Zmk44GP44CN44CR,44CA5Zyo5bqr44Gv5bqX6IiX44Go6YCj5YuV44GX44Gm44GK44KK44G+44GZ44CC44GU5rOo5paH44GE44Gf44Gg44GE44Gf6Zqb44Gr5Zyo5bqr5YiH44KM44Gu5aC05ZCI44Gv44GK5pmC6ZaT44KS44GE44Gf44Gg44GP44GT44Go44GM44GU44GW44GE44G+44GZ44CC5Zyo5bqr56K66KqN44Gq44Gp44GK5rCX6Lu944Gr44GK5ZWP5ZCI44Gb5LiL44GV44GE44CCPGJyPjxiPumAgeaWmeeEoeaWmeOCteODvOODk+OCueOBr+aylue4hOODu+mbouWztuOBr+WvvuixoeWkluOBqOOBleOBm+OBpuOBhOOBn+OBoOOBjeOBvuOBmeOAgjwvYj4KPGZvbnQgY29sb3I9IiNGRjMzMzMiPjxicj7mspbnuITjgIHpm6Lls7bjga7loLTlkIjjga/jgIHkuK3ntpnmlpnph5HjgYzliKXpgJTlv4XopoHjgajjgarjgorjgb7jgZnjgII8YnI+5Lit57aZ5paZ6YeR44Gr44Gk44GN44G+44GX44Gm44Gv44CB5b2T5bqX44K544K/44OD44OV44G+44Gn44GK5rCX6Lu944Gr44GK5ZWP44GE5ZCI44KP44Gb44GP44Gg44GV44GE44G+44Gb44CC,RFVOTE9QICAxNjUvNTVSMTUgNzVWIExFIE1BTlMgVuOAgOODgOODs+ODreODg+ODlyDjg6vjg57jg7Mg44OV44Kh44Kk44OW44CATEUgTUFOUyA177ya44K/44Kk44Ok44K544OG44O844K444CA5rmY5Y2X44CA5qW95aSp5biC5aC05bqX,RFVOTE9QICAxNjUvNTVSMTUgNzVWIExFIE1BTlMgVuOAgOODgOODs+ODreODg+ODlyDjg6vjg57jg7Mg44OV44Kh44Kk44OW44CATEUgTUFOUyA1,44CQ6YCB5paZ54Sh5paZ44CM5rKW57iE77yM6Zui5bO244Gv6Zmk44GP44CN44CR44CCRFVOTE9QICAxNjUvNTVSMTUgNzVWIExFIE1BTlMgVuOAgOODgOODs+ODreODg+ODlyDjg6vjg57jg7Mg44OV44Kh44Kk44OW44CATEUgTUFOUyA1[rn]
34-95765,aHR0cDovL3RzaG9wLnIxMHMuanAvdGlyZXN0YWdlL2NhYmluZXQvZWotaXRkdW5sb3AvaW1nNjEwOTU2MzAuanBnP2ZpdGluPTcwMDo3MDA=,NjgzMi4wMDAw,,6LuK55So5ZOB44O744OQ44Kk44Kv55So5ZOBID4g44Kr44O855So5ZOBID4g44K144Oe44O844K/44Kk44Ok,44OA44Oz44Ot44OD44OXIOOCqOODiuOCu+ODvOODliBFQzIwMyBEVU5MT1AgMTc1LzU1UjE1IDc3Vg==,44CQ6YCB5paZ54Sh5paZ44CM5rKW57iE77yM6Zui5bO244Gv6Zmk44GP44CN44CR,44CA5Zyo5bqr44Gv5bqX6IiX44Go6YCj5YuV44GX44Gm44GK44KK44G+44GZ44CC44GU5rOo5paH44GE44Gf44Gg44GE44Gf6Zqb44Gr5Zyo5bqr5YiH44KM44Gu5aC05ZCI44Gv44GK5pmC6ZaT44KS44GE44Gf44Gg44GP44GT44Go44GM44GU44GW44GE44G+44GZ44CC5Zyo5bqr56K66KqN44Gq44Gp44GK5rCX6Lu944Gr44GK5ZWP5ZCI44Gb5LiL44GV44GE44CCPGJyPjxiPumAgeaWmeeEoeaWmeOCteODvOODk+OCueOBr+aylue4hOODu+mbouWztuOBr+WvvuixoeWkluOBqOOBleOBm+OBpuOBhOOBn+OBoOOBjeOBvuOBmeOAgjwvYj4KPGZvbnQgY29sb3I9IiNGRjMzMzMiPjxicj7mspbnuITjgIHpm6Lls7bjga7loLTlkIjjga/jgIHkuK3ntpnmlpnph5HjgYzliKXpgJTlv4XopoHjgajjgarjgorjgb7jgZnjgII8YnI+5Lit57aZ5paZ6YeR44Gr44Gk44GN44G+44GX44Gm44Gv44CB5b2T5bqX44K544K/44OD44OV44G+44Gn44GK5rCX6Lu944Gr44GK5ZWP44GE5ZCI44KP44Gb44GP44Gg44GV44GE44G+44Gb44CC,44OA44Oz44Ot44OD44OXIOOCqOODiuOCu+ODvOODliBFQzIwMyBEVU5MT1AgMTc1LzU1UjE1IDc3Vu+8muOCv+OCpOODpOOCueODhuODvOOCuOOAgOa5mOWNl+OAgOalveWkqeW4guWgtOW6lw==,44OA44Oz44Ot44OD44OXIOOCqOODiuOCu+ODvOODliBFQzIwMyBEVU5MT1AgMTc1LzU1UjE1IDc3Vg==,44CQ6YCB5paZ54Sh5paZ44CM5rKW57iE77yM6Zui5bO244Gv6Zmk44GP44CN44CR44CC44OA44Oz44Ot44OD44OXIOOCqOODiuOCu+ODvOODliBFQzIwMyBEVU5MT1AgMTc1LzU1UjE1IDc3Vg==[rn]
34-95766,aHR0cDovL3RzaG9wLnIxMHMuanAvdGlyZXN0YWdlL2NhYmluZXQvdG95by90cmFucGF0aC9pbWc2MTY2ODAxMy5qcGc/Zml0aW49NzAwOjcwMA==,NzAxNi4wMDAw,,6LuK55So5ZOB44O744OQ44Kk44Kv55So5ZOBID4g44Kr44O855So5ZOBID4g44K144Oe44O844K/44Kk44Ok,44OI44O844Oo44O8IOODiOODqeODs+ODkeOCuSBUT1lPIFRSQU5QQVRIIEx1SyAxNjUvNTBSMTYgNzVWIOOCqOODq+ODpuODvOOCseODvA==,44CQ6YCB5paZ54Sh5paZ44CM5rKW57iE77yM6Zui5bO244Gv6Zmk44GP44CN44CR,44CA5Zyo5bqr44Gv5bqX6IiX44Go6YCj5YuV44GX44Gm44GK44KK44G+44GZ44CC44GU5rOo5paH44GE44Gf44Gg44GE44Gf6Zqb44Gr5Zyo5bqr5YiH44KM44Gu5aC05ZCI44Gv44GK5pmC6ZaT44KS44GE44Gf44Gg44GP44GT44Go44GM44GU44GW44GE44G+44GZ44CC5Zyo5bqr56K66KqN44Gq44Gp44GK5rCX6Lu944Gr44GK5ZWP5ZCI44Gb5LiL44GV44GE44CCPGJyPjxiPumAgeaWmeeEoeaWmeOCteODvOODk+OCueOBr+aylue4hOODu+mbouWztuOBr+WvvuixoeWkluOBqOOBleOBm+OBpuOBhOOBn+OBoOOBjeOBvuOBmeOAgjwvYj4KPGZvbnQgY29sb3I9IiNGRjMzMzMiPjxicj7mspbnuITjgIHpm6Lls7bjga7loLTlkIjjga/jgIHkuK3ntpnmlpnph5HjgYzliKXpgJTlv4XopoHjgajjgarjgorjgb7jgZnjgII8YnI+5Lit57aZ5paZ6YeR44Gr44Gk44GN44G+44GX44Gm44Gv44CB5b2T5bqX44K544K/44OD44OV44G+44Gn44GK5rCX6Lu944Gr44GK5ZWP44GE5ZCI44KP44Gb44GP44Gg44GV44GE44G+44Gb44CC,44OI44O844Oo44O8IOODiOODqeODs+ODkeOCuSBUT1lPIFRSQU5QQVRIIEx1SyAxNjUvNTBSMTYgNzVWIOOCqOODq+ODpuODvOOCseODvO+8muOCv+OCpOODpOOCueODhuODvOOCuOOAgOa5mOWNl+OAgOalveWkqeW4guWgtOW6lw==,44OI44O844Oo44O8IOODiOODqeODs+ODkeOCuSBUT1lPIFRSQU5QQVRIIEx1SyAxNjUvNTBSMTYgNzVWIOOCqOODq+ODpuODvOOCseODvA==,44CQ6YCB5paZ54Sh5paZ44CM5rKW57iE77yM6Zui5bO244Gv6Zmk44GP44CN44CR44CC44OI44O844Oo44O8IOODiOODqeODs+ODkeOCuSBUT1lPIFRSQU5QQVRIIEx1SyAxNjUvNTBSMTYgNzVWIOOCqOODq+ODpuODvOOCseODvA==[rn]
34-95767,aHR0cDovL3RzaG9wLnIxMHMuanAvdGlyZXN0YWdlL2NhYmluZXQvZWotaXRkdW5sb3AvaW1nNjEwOTU2MzAuanBnP2ZpdGluPTcwMDo3MDA=,NTg1Ni4wMDAw,,6LuK55So5ZOB44O744OQ44Kk44Kv55So5ZOBID4g44Kr44O855So5ZOBID4g44K144Oe44O844K/44Kk44Ok,44OA44Oz44Ot44OD44OXIOOCqOODiuOCu+ODvOODliBFQzIwMyBEVU5MT1AgMTY1LzUwUjE1IDczVg==,44CQ6YCB5paZ54Sh5paZ44CM5rKW57iE77yM6Zui5bO244Gv6Zmk44GP44CN44CR,44CA5Zyo5bqr44Gv5bqX6IiX44Go6YCj5YuV44GX44Gm44GK44KK44G+44GZ44CC44GU5rOo5paH44GE44Gf44Gg44GE44Gf6Zqb44Gr5Zyo5bqr5YiH44KM44Gu5aC05ZCI44Gv44GK5pmC6ZaT44KS44GE44Gf44Gg44GP44GT44Go44GM44GU44GW44GE44G+44GZ44CC5Zyo5bqr56K66KqN44Gq44Gp44GK5rCX6Lu944Gr44GK5ZWP5ZCI44Gb5LiL44GV44GE44CCPGJyPjxiPumAgeaWmeeEoeaWmeOCteODvOODk+OCueOBr+aylue4hOODu+mbouWztuOBr+WvvuixoeWkluOBqOOBleOBm+OBpuOBhOOBn+OBoOOBjeOBvuOBmeOAgjwvYj4KPGZvbnQgY29sb3I9IiNGRjMzMzMiPjxicj7mspbnuITjgIHpm6Lls7bjga7loLTlkIjjga/jgIHkuK3ntpnmlpnph5HjgYzliKXpgJTlv4XopoHjgajjgarjgorjgb7jgZnjgII8YnI+5Lit57aZ5paZ6YeR44Gr44Gk44GN44G+44GX44Gm44Gv44CB5b2T5bqX44K544K/44OD44OV44G+44Gn44GK5rCX6Lu944Gr44GK5ZWP44GE5ZCI44KP44Gb44GP44Gg44GV44GE44G+44Gb44CC,44OA44Oz44Ot44OD44OXIOOCqOODiuOCu+ODvOODliBFQzIwMyBEVU5MT1AgMTY1LzUwUjE1IDczVu+8muOCv+OCpOODpOOCueODhuODvOOCuOOAgOa5mOWNl+OAgOalveWkqeW4guWgtOW6lw==,44OA44Oz44Ot44OD44OXIOOCqOODiuOCu+ODvOODliBFQzIwMyBEVU5MT1AgMTY1LzUwUjE1IDczVg==,44CQ6YCB5paZ54Sh5paZ44CM5rKW57iE77yM6Zui5bO244Gv6Zmk44GP44CN44CR44CC44OA44Oz44Ot44OD44OXIOOCqOODiuOCu+ODvOODliBFQzIwMyBEVU5MT1AgMTY1LzUwUjE1IDczVg==[rn]
34-95768,aHR0cDovL3RzaG9wLnIxMHMuanAvdGlyZXN0YWdlL2NhYmluZXQvZHVubG9wL2RpcmV6emEvaW1ncmMwMDkxNDk2NzQ2LmpwZz9maXRpbj03MDA6NzAw,ODQyNC4wMDAw,,6LuK55So5ZOB44O744OQ44Kk44Kv55So5ZOBID4g44Kr44O855So5ZOBID4g44K144Oe44O844K/44Kk44Ok,RFVOTE9QIERJUkVaWkEgWklJSSAgMTY1LzU1UjE0IDcyViDjg4Djg7Pjg63jg4Pjg5fjgIDjg4fjgqPjg6zjg4Pjg4TjgqEg44K644Kj44O844K544Oq44O8IERJUkVaWkEgWjM=,44CQ6YCB5paZ54Sh5paZ44CM5rKW57iE77yM6Zui5bO244Gv6Zmk44GP44CN44CR,44CA5Zyo5bqr44Gv5bqX6IiX44Go6YCj5YuV44GX44Gm44GK44KK44G+44GZ44CC44GU5rOo5paH44GE44Gf44Gg44GE44Gf6Zqb44Gr5Zyo5bqr5YiH44KM44Gu5aC05ZCI44Gv44GK5pmC6ZaT44KS44GE44Gf44Gg44GP44GT44Go44GM44GU44GW44GE44G+44GZ44CC5Zyo5bqr56K66KqN44Gq44Gp44GK5rCX6Lu944Gr44GK5ZWP5ZCI44Gb5LiL44GV44GE44CCPGJyPjxiPumAgeaWmeeEoeaWmeOCteODvOODk+OCueOBr+aylue4hOODu+mbouWztuOBr+WvvuixoeWkluOBqOOBleOBm+OBpuOBhOOBn+OBoOOBjeOBvuOBmeOAgjwvYj4KPGZvbnQgY29sb3I9IiNGRjMzMzMiPjxicj7mspbnuITjgIHpm6Lls7bjga7loLTlkIjjga/jgIHkuK3ntpnmlpnph5HjgYzliKXpgJTlv4XopoHjgajjgarjgorjgb7jgZnjgII8YnI+5Lit57aZ5paZ6YeR44Gr44Gk44GN44G+44GX44Gm44Gv44CB5b2T5bqX44K544K/44OD44OV44G+44Gn44GK5rCX6Lu944Gr44GK5ZWP44GE5ZCI44KP44Gb44GP44Gg44GV44GE44G+44Gb44CC,RFVOTE9QIERJUkVaWkEgWklJSSAgMTY1LzU1UjE0IDcyViDjg4Djg7Pjg63jg4Pjg5fjgIDjg4fjgqPjg6zjg4Pjg4TjgqEg44K644Kj44O844K544Oq44O8IERJUkVaWkEgWjPvvJrjgr/jgqTjg6Tjgrnjg4bjg7zjgrjjgIDmuZjljZfjgIDmpb3lpKnluILloLTlupc=,RFVOTE9QIERJUkVaWkEgWklJSSAgMTY1LzU1UjE0IDcyViDjg4Djg7Pjg63jg4Pjg5fjgIDjg4fjgqPjg6zjg4Pjg4TjgqEg44K644Kj44O844K544Oq44O8IERJUkVaWkEgWjM=,44CQ6YCB5paZ54Sh5paZ44CM5rKW57iE77yM6Zui5bO244Gv6Zmk44GP44CN44CR44CCRFVOTE9QIERJUkVaWkEgWklJSSAgMTY1LzU1UjE0IDcyViDjg4Djg7Pjg63jg4Pjg5fjgIDjg4fjgqPjg6zjg4Pjg4TjgqEg44K644Kj44O844K544Oq44O8IERJUkVaWkEgWjM=[rn]
34-95769,aHR0cDovL3RzaG9wLnIxMHMuanAvdGlyZXN0YWdlL2NhYmluZXQvZWotdG9wL2ltZ3JjMDA4MTg5ODA4OC5qcGc/Zml0aW49NzAwOjcwMA==,MjM2OC4wMDAw,,6LuK55So5ZOB44O744OQ44Kk44Kv55So5ZOBID4g44Kr44O855So5ZOBID4g44K144Oe44O844K/44Kk44Ok,RkFMS0VOIOODleOCoeODq+OCseODsyBTSU5DRVJBIFNOODA3IDE0NS84MFIxMCA2OVM=,44CQ6YCB5paZ54Sh5paZ44CM5rKW57iE77yM6Zui5bO244Gv6Zmk44GP44CN44CR,44CA5Zyo5bqr44Gv5bqX6IiX44Go6YCj5YuV44GX44Gm44GK44KK44G+44GZ44CC44GU5rOo5paH44GE44Gf44Gg44GE44Gf6Zqb44Gr5Zyo5bqr5YiH44KM44Gu5aC05ZCI44Gv44GK5pmC6ZaT44KS44GE44Gf44Gg44GP44GT44Go44GM44GU44GW44GE44G+44GZ44CC5Zyo5bqr56K66KqN44Gq44Gp44GK5rCX6Lu944Gr44GK5ZWP5ZCI44Gb5LiL44GV44GE44CCPGJyPjxiPumAgeaWmeeEoeaWmeOCteODvOODk+OCueOBr+aylue4hOODu+mbouWztuOBr+WvvuixoeWkluOBqOOBleOBm+OBpuOBhOOBn+OBoOOBjeOBvuOBmeOAgjwvYj4KPGZvbnQgY29sb3I9IiNGRjMzMzMiPjxicj7mspbnuITjgIHpm6Lls7bjga7loLTlkIjjga/jgIHkuK3ntpnmlpnph5HjgYzliKXpgJTlv4XopoHjgajjgarjgorjgb7jgZnjgII8YnI+5Lit57aZ5paZ6YeR44Gr44Gk44GN44G+44GX44Gm44Gv44CB5b2T5bqX44K544K/44OD44OV44G+44Gn44GK5rCX6Lu944Gr44GK5ZWP44GE5ZCI44KP44Gb44GP44Gg44GV44GE44G+44Gb44CC,RkFMS0VOIOODleOCoeODq+OCseODsyBTSU5DRVJBIFNOODA3IDE0NS84MFIxMCA2OVPvvJrjgr/jgqTjg6Tjgrnjg4bjg7zjgrjjgIDmuZjljZfjgIDmpb3lpKnluILloLTlupc=,RkFMS0VOIOODleOCoeODq+OCseODsyBTSU5DRVJBIFNOODA3IDE0NS84MFIxMCA2OVM=,44CQ6YCB5paZ54Sh5paZ44CM5rKW57iE77yM6Zui5bO244Gv6Zmk44GP44CN44CR44CCRkFMS0VOIOODleOCoeODq+OCseODsyBTSU5DRVJBIFNOODA3IDE0NS84MFIxMCA2OVM=[rn]
34-95770,aHR0cDovL3RzaG9wLnIxMHMuanAvdGlyZXN0YWdlL2NhYmluZXQvZWotaXRfeW9rb2hhbWEvZG5hX2Vjb3MtMS5qcGc/Zml0aW49NzAwOjcwMA==,Mjc2OC4wMDAw,,6LuK55So5ZOB44O744OQ44Kk44Kv55So5ZOBID4g44Kr44O855So5ZOBID4g44K144Oe44O844K/44Kk44Ok,WU9LT0hBTUEg44Oo44Kz44OP44OeIOOCqOOCs+OCuSBETkEgRUNPUyBFUzMwMCAxNTUvNzBSMTIgNzNT,44CQ6YCB5paZ54Sh5paZ44CM5rKW57iE77yM6Zui5bO244Gv6Zmk44GP44CN44CR,44CA5Zyo5bqr44Gv5bqX6IiX44Go6YCj5YuV44GX44Gm44GK44KK44G+44GZ44CC44GU5rOo5paH44GE44Gf44Gg44GE44Gf6Zqb44Gr5Zyo5bqr5YiH44KM44Gu5aC05ZCI44Gv44GK5pmC6ZaT44KS44GE44Gf44Gg44GP44GT44Go44GM44GU44GW44GE44G+44GZ44CC5Zyo5bqr56K66KqN44Gq44Gp44GK5rCX6Lu944Gr44GK5ZWP5ZCI44Gb5LiL44GV44GE44CCPGJyPjxiPumAgeaWmeeEoeaWmeOCteODvOODk+OCueOBr+aylue4hOODu+mbouWztuOBr+WvvuixoeWkluOBqOOBleOBm+OBpuOBhOOBn+OBoOOBjeOBvuOBmeOAgjwvYj4KPGZvbnQgY29sb3I9IiNGRjMzMzMiPjxicj7mspbnuITjgIHpm6Lls7bjga7loLTlkIjjga/jgIHkuK3ntpnmlpnph5HjgYzliKXpgJTlv4XopoHjgajjgarjgorjgb7jgZnjgII8YnI+5Lit57aZ5paZ6YeR44Gr44Gk44GN44G+44GX44Gm44Gv44CB5b2T5bqX44K544K/44OD44OV44G+44Gn44GK5rCX6Lu944Gr44GK5ZWP44GE5ZCI44KP44Gb44GP44Gg44GV44GE44G+44Gb44CC,WU9LT0hBTUEg44Oo44Kz44OP44OeIOOCqOOCs+OCuSBETkEgRUNPUyBFUzMwMCAxNTUvNzBSMTIgNzNT77ya44K/44Kk44Ok44K544OG44O844K444CA5rmY5Y2X44CA5qW95aSp5biC5aC05bqX,WU9LT0hBTUEg44Oo44Kz44OP44OeIOOCqOOCs+OCuSBETkEgRUNPUyBFUzMwMCAxNTUvNzBSMTIgNzNT,44CQ6YCB5paZ54Sh5paZ44CM5rKW57iE77yM6Zui5bO244Gv6Zmk44GP44CN44CR44CCWU9LT0hBTUEg44Oo44Kz44OP44OeIOOCqOOCs+OCuSBETkEgRUNPUyBFUzMwMCAxNTUvNzBSMTIgNzNT[rn]
34-95771,aHR0cDovL3RzaG9wLnIxMHMuanAvdGlyZXN0YWdlL2NhYmluZXQvZWotaXRfeW9rb2hhbWEvam9iX3J5NTItMS5qcGc/Zml0aW49NzAwOjcwMA==,NTQ0MC4wMDAw,,6LuK55So5ZOB44O744OQ44Kk44Kv55So5ZOBID4g44Kr44O855So5ZOBID4g44K144Oe44O844K/44Kk44Ok,WU9LT0hBTUEg44Oo44Kz44OP44OeIFJZNTIgMTU1UjEyIDZQUg==,44CQ6YCB5paZ54Sh5paZ44CM5rKW57iE77yM6Zui5bO244Gv6Zmk44GP44CN44CR,44CA5Zyo5bqr44Gv5bqX6IiX44Go6YCj5YuV44GX44Gm44GK44KK44G+44GZ44CC44GU5rOo5paH44GE44Gf44Gg44GE44Gf6Zqb44Gr5Zyo5bqr5YiH44KM44Gu5aC05ZCI44Gv44GK5pmC6ZaT44KS44GE44Gf44Gg44GP44GT44Go44GM44GU44GW44GE44G+44GZ44CC5Zyo5bqr56K66KqN44Gq44Gp44GK5rCX6Lu944Gr44GK5ZWP5ZCI44Gb5LiL44GV44GE44CCPGJyPjxiPumAgeaWmeeEoeaWmeOCteODvOODk+OCueOBr+aylue4hOODu+mbouWztuOBr+WvvuixoeWkluOBqOOBleOBm+OBpuOBhOOBn+OBoOOBjeOBvuOBmeOAgjwvYj4KPGZvbnQgY29sb3I9IiNGRjMzMzMiPjxicj7mspbnuITjgIHpm6Lls7bjga7loLTlkIjjga/jgIHkuK3ntpnmlpnph5HjgYzliKXpgJTlv4XopoHjgajjgarjgorjgb7jgZnjgII8YnI+5Lit57aZ5paZ6YeR44Gr44Gk44GN44G+44GX44Gm44Gv44CB5b2T5bqX44K544K/44OD44OV44G+44Gn44GK5rCX6Lu944Gr44GK5ZWP44GE5ZCI44KP44Gb44GP44Gg44GV44GE44G+44Gb44CC,WU9LT0hBTUEg44Oo44Kz44OP44OeIFJZNTIgMTU1UjEyIDZQUu+8muOCv+OCpOODpOOCueODhuODvOOCuOOAgOa5mOWNl+OAgOalveWkqeW4guWgtOW6lw==,WU9LT0hBTUEg44Oo44Kz44OP44OeIFJZNTIgMTU1UjEyIDZQUg==,44CQ6YCB5paZ54Sh5paZ44CM5rKW57iE77yM6Zui5bO244Gv6Zmk44GP44CN44CR44CCWU9LT0hBTUEg44Oo44Kz44OP44OeIFJZNTIgMTU1UjEyIDZQUg==[rn]
34-95772,aHR0cDovL3RzaG9wLnIxMHMuanAvdGlyZXN0YWdlL2NhYmluZXQvZWotaXRfeW9rb2hhbWEvZG5hX2Vjb3MtMS5qcGc/Zml0aW49NzAwOjcwMA==,MzM2OC4wMDAw,,6LuK55So5ZOB44O744OQ44Kk44Kv55So5ZOBID4g44Kr44O855So5ZOBID4g44K144Oe44O844K/44Kk44Ok,WU9LT0hBTUEg44Oo44Kz44OP44OeIOOCqOOCs+OCuSBETkEgRUNPUyBFUzMwMCAxNTUvNzBSMTMgNzVT,44CQ6YCB5paZ54Sh5paZ44CM5rKW57iE77yM6Zui5bO244Gv6Zmk44GP44CN44CR,44CA5Zyo5bqr44Gv5bqX6IiX44Go6YCj5YuV44GX44Gm44GK44KK44G+44GZ44CC44GU5rOo5paH44GE44Gf44Gg44GE44Gf6Zqb44Gr5Zyo5bqr5YiH44KM44Gu5aC05ZCI44Gv44GK5pmC6ZaT44KS44GE44Gf44Gg44GP44GT44Go44GM44GU44GW44GE44G+44GZ44CC5Zyo5bqr56K66KqN44Gq44Gp44GK5rCX6Lu944Gr44GK5ZWP5ZCI44Gb5LiL44GV44GE44CCPGJyPjxiPumAgeaWmeeEoeaWmeOCteODvOODk+OCueOBr+aylue4hOODu+mbouWztuOBr+WvvuixoeWkluOBqOOBleOBm+OBpuOBhOOBn+OBoOOBjeOBvuOBmeOAgjwvYj4KPGZvbnQgY29sb3I9IiNGRjMzMzMiPjxicj7mspbnuITjgIHpm6Lls7bjga7loLTlkIjjga/jgIHkuK3ntpnmlpnph5HjgYzliKXpgJTlv4XopoHjgajjgarjgorjgb7jgZnjgII8YnI+5Lit57aZ5paZ6YeR44Gr44Gk44GN44G+44GX44Gm44Gv44CB5b2T5bqX44K544K/44OD44OV44G+44Gn44GK5rCX6Lu944Gr44GK5ZWP44GE5ZCI44KP44Gb44GP44Gg44GV44GE44G+44Gb44CC,WU9LT0hBTUEg44Oo44Kz44OP44OeIOOCqOOCs+OCuSBETkEgRUNPUyBFUzMwMCAxNTUvNzBSMTMgNzVT77ya44K/44Kk44Ok44K544OG44O844K444CA5rmY5Y2X44CA5qW95aSp5biC5aC05bqX,WU9LT0hBTUEg44Oo44Kz44OP44OeIOOCqOOCs+OCuSBETkEgRUNPUyBFUzMwMCAxNTUvNzBSMTMgNzVT,44CQ6YCB5paZ54Sh5paZ44CM5rKW57iE77yM6Zui5bO244Gv6Zmk44GP44CN44CR44CCWU9LT0hBTUEg44Oo44Kz44OP44OeIOOCqOOCs+OCuSBETkEgRUNPUyBFUzMwMCAxNTUvNzBSMTMgNzVT[rn]
34-95773,aHR0cDovL3RzaG9wLnIxMHMuanAvdGlyZXN0YWdlL2NhYmluZXQvZWotaXRfeW9rb2hhbWEvam9iX3J5NTItMS5qcGc/Zml0aW49NzAwOjcwMA==,NTcwNC4wMDAw,,6LuK55So5ZOB44O744OQ44Kk44Kv55So5ZOBID4g44Kr44O855So5ZOBID4g44K144Oe44O844K/44Kk44Ok,WU9LT0hBTUEg44Oo44Kz44OP44OeIFJZNTIgMTU1UjEyIDhQUg==,44CQ6YCB5paZ54Sh5paZ44CM5rKW57iE77yM6Zui5bO244Gv6Zmk44GP44CN44CR,44CA5Zyo5bqr44Gv5bqX6IiX44Go6YCj5YuV44GX44Gm44GK44KK44G+44GZ44CC44GU5rOo5paH44GE44Gf44Gg44GE44Gf6Zqb44Gr5Zyo5bqr5YiH44KM44Gu5aC05ZCI44Gv44GK5pmC6ZaT44KS44GE44Gf44Gg44GP44GT44Go44GM44GU44GW44GE44G+44GZ44CC5Zyo5bqr56K66KqN44Gq44Gp44GK5rCX6Lu944Gr44GK5ZWP5ZCI44Gb5LiL44GV44GE44CCPGJyPjxiPumAgeaWmeeEoeaWmeOCteODvOODk+OCueOBr+aylue4hOODu+mbouWztuOBr+WvvuixoeWkluOBqOOBleOBm+OBpuOBhOOBn+OBoOOBjeOBvuOBmeOAgjwvYj4KPGZvbnQgY29sb3I9IiNGRjMzMzMiPjxicj7mspbnuITjgIHpm6Lls7bjga7loLTlkIjjga/jgIHkuK3ntpnmlpnph5HjgYzliKXpgJTlv4XopoHjgajjgarjgorjgb7jgZnjgII8YnI+5Lit57aZ5paZ6YeR44Gr44Gk44GN44G+44GX44Gm44Gv44CB5b2T5bqX44K544K/44OD44OV44G+44Gn44GK5rCX6Lu944Gr44GK5ZWP44GE5ZCI44KP44Gb44GP44Gg44GV44GE44G+44Gb44CC,WU9LT0hBTUEg44Oo44Kz44OP44OeIFJZNTIgMTU1UjEyIDhQUu+8muOCv+OCpOODpOOCueODhuODvOOCuOOAgOa5mOWNl+OAgOalveWkqeW4guWgtOW6lw==,WU9LT0hBTUEg44Oo44Kz44OP44OeIFJZNTIgMTU1UjEyIDhQUg==,44CQ6YCB5paZ54Sh5paZ44CM5rKW57iE77yM6Zui5bO244Gv6Zmk44GP44CN44CR44CCWU9LT0hBTUEg44Oo44Kz44OP44OeIFJZNTIgMTU1UjEyIDhQUg==[rn]
34-95774,aHR0cDovL3RzaG9wLnIxMHMuanAvdGlyZXN0YWdlL2NhYmluZXQvZWotaXRkdW5sb3AvaW1nNjEwOTU2MzAuanBnP2ZpdGluPTcwMDo3MDA=,NTE2MC4wMDAw,,6LuK55So5ZOB44O744OQ44Kk44Kv55So5ZOBID4g44Kr44O855So5ZOBID4g44K144Oe44O844K/44Kk44Ok,44OA44Oz44Ot44OD44OXIOOCqOODiuOCu+ODvOODliBFQzIwMyBEVU5MT1AgMTY1LzU1UjE0IDcyViDou73oh6rli5Xou4o=,44CQ6YCB5paZ54Sh5paZ44CM5rKW57iE77yM6Zui5bO244Gv6Zmk44GP44CN44CR,44CA5Zyo5bqr44Gv5bqX6IiX44Go6YCj5YuV44GX44Gm44GK44KK44G+44GZ44CC44GU5rOo5paH44GE44Gf44Gg44GE44Gf6Zqb44Gr5Zyo5bqr5YiH44KM44Gu5aC05ZCI44Gv44GK5pmC6ZaT44KS44GE44Gf44Gg44GP44GT44Go44GM44GU44GW44GE44G+44GZ44CC5Zyo5bqr56K66KqN44Gq44Gp44GK5rCX6Lu944Gr44GK5ZWP5ZCI44Gb5LiL44GV44GE44CCPGJyPjxiPumAgeaWmeeEoeaWmeOCteODvOODk+OCueOBr+aylue4hOODu+mbouWztuOBr+WvvuixoeWkluOBqOOBleOBm+OBpuOBhOOBn+OBoOOBjeOBvuOBmeOAgjwvYj4KPGZvbnQgY29sb3I9IiNGRjMzMzMiPjxicj7mspbnuITjgIHpm6Lls7bjga7loLTlkIjjga/jgIHkuK3ntpnmlpnph5HjgYzliKXpgJTlv4XopoHjgajjgarjgorjgb7jgZnjgII8YnI+5Lit57aZ5paZ6YeR44Gr44Gk44GN44G+44GX44Gm44Gv44CB5b2T5bqX44K544K/44OD44OV44G+44Gn44GK5rCX6Lu944Gr44GK5ZWP44GE5ZCI44KP44Gb44GP44Gg44GV44GE44G+44Gb44CC,44OA44Oz44Ot44OD44OXIOOCqOODiuOCu+ODvOODliBFQzIwMyBEVU5MT1AgMTY1LzU1UjE0IDcyViDou73oh6rli5Xou4rvvJrjgr/jgqTjg6Tjgrnjg4bjg7zjgrjjgIDmuZjljZfjgIDmpb3lpKnluILloLTlupc=,44OA44Oz44Ot44OD44OXIOOCqOODiuOCu+ODvOODliBFQzIwMyBEVU5MT1AgMTY1LzU1UjE0IDcyViDou73oh6rli5Xou4o=,44CQ6YCB5paZ54Sh5paZ44CM5rKW57iE77yM6Zui5bO244Gv6Zmk44GP44CN44CR44CC44OA44Oz44Ot44OD44OXIOOCqOODiuOCu+ODvOODliBFQzIwMyBEVU5MT1AgMTY1LzU1UjE0IDcyViDou73oh6rli5Xou4o=[rn]
34-95775,aHR0cDovL3RzaG9wLnIxMHMuanAvdGlyZXN0YWdlL2NhYmluZXQvZWotaXRkdW5sb3AvaW1nNjEwOTU2MzAuanBnP2ZpdGluPTcwMDo3MDA=,NDk2OC4wMDAw,,6LuK55So5ZOB44O744OQ44Kk44Kv55So5ZOBID4g44Kr44O855So5ZOBID4g44K144Oe44O844K/44Kk44Ok,44OA44Oz44Ot44OD44OXIOOCqOODiuOCu+ODvOODliBFQzIwMyBEVU5MT1AgMTY1LzYwUjE0IDc1SA==,44CQ6YCB5paZ54Sh5paZ44CM5rKW57iE77yM6Zui5bO244Gv6Zmk44GP44CN44CR,44CA5Zyo5bqr44Gv5bqX6IiX44Go6YCj5YuV44GX44Gm44GK44KK44G+44GZ44CC44GU5rOo5paH44GE44Gf44Gg44GE44Gf6Zqb44Gr5Zyo5bqr5YiH44KM44Gu5aC05ZCI44Gv44GK5pmC6ZaT44KS44GE44Gf44Gg44GP44GT44Go44GM44GU44GW44GE44G+44GZ44CC5Zyo5bqr56K66KqN44Gq44Gp44GK5rCX6Lu944Gr44GK5ZWP5ZCI44Gb5LiL44GV44GE44CCPGJyPjxiPumAgeaWmeeEoeaWmeOCteODvOODk+OCueOBr+aylue4hOODu+mbouWztuOBr+WvvuixoeWkluOBqOOBleOBm+OBpuOBhOOBn+OBoOOBjeOBvuOBmeOAgjwvYj4KPGZvbnQgY29sb3I9IiNGRjMzMzMiPjxicj7mspbnuITjgIHpm6Lls7bjga7loLTlkIjjga/jgIHkuK3ntpnmlpnph5HjgYzliKXpgJTlv4XopoHjgajjgarjgorjgb7jgZnjgII8YnI+5Lit57aZ5paZ6YeR44Gr44Gk44GN44G+44GX44Gm44Gv44CB5b2T5bqX44K544K/44OD44OV44G+44Gn44GK5rCX6Lu944Gr44GK5ZWP44GE5ZCI44KP44Gb44GP44Gg44GV44GE44G+44Gb44CC,44OA44Oz44Ot44OD44OXIOOCqOODiuOCu+ODvOODliBFQzIwMyBEVU5MT1AgMTY1LzYwUjE0IDc1SO+8muOCv+OCpOODpOOCueODhuODvOOCuOOAgOa5mOWNl+OAgOalveWkqeW4guWgtOW6lw==,44OA44Oz44Ot44OD44OXIOOCqOODiuOCu+ODvOODliBFQzIwMyBEVU5MT1AgMTY1LzYwUjE0IDc1SA==,44CQ6YCB5paZ54Sh5paZ44CM5rKW57iE77yM6Zui5bO244Gv6Zmk44GP44CN44CR44CC44OA44Oz44Ot44OD44OXIOOCqOODiuOCu+ODvOODliBFQzIwMyBEVU5MT1AgMTY1LzYwUjE0IDc1SA==[rn]
34-95776,aHR0cDovL3RzaG9wLnIxMHMuanAvdGlyZXN0YWdlL2NhYmluZXQvZWotaXR0b3lvL25hbm9lbmVyZ3kzXzAwMS5qcGc/Zml0aW49NzAwOjcwMA==,MzU3Ni44MDAw,,6LuK55So5ZOB44O744OQ44Kk44Kv55So5ZOBID4g44Kr44O855So5ZOBID4g44K144Oe44O844K/44Kk44Ok,44OI44O844Oo44O8IFRPWU8gTkFOTyBFTkVSR1kzIDE1NS82NVIxNCA3NVMg44OK44OO44Ko44OK44K444O8Mw==,44CQ6YCB5paZ54Sh5paZ44CM5rKW57iE77yM6Zui5bO244Gv6Zmk44GP44CN44CR,44CA5Zyo5bqr44Gv5bqX6IiX44Go6YCj5YuV44GX44Gm44GK44KK44G+44GZ44CC44GU5rOo5paH44GE44Gf44Gg44GE44Gf6Zqb44Gr5Zyo5bqr5YiH44KM44Gu5aC05ZCI44Gv44GK5pmC6ZaT44KS44GE44Gf44Gg44GP44GT44Go44GM44GU44GW44GE44G+44GZ44CC5Zyo5bqr56K66KqN44Gq44Gp44GK5rCX6Lu944Gr44GK5ZWP5ZCI44Gb5LiL44GV44GE44CCPGJyPjxiPumAgeaWmeeEoeaWmeOCteODvOODk+OCueOBr+aylue4hOODu+mbouWztuOBr+WvvuixoeWkluOBqOOBleOBm+OBpuOBhOOBn+OBoOOBjeOBvuOBmeOAgjwvYj4KPGZvbnQgY29sb3I9IiNGRjMzMzMiPjxicj7mspbnuITjgIHpm6Lls7bjga7loLTlkIjjga/jgIHkuK3ntpnmlpnph5HjgYzliKXpgJTlv4XopoHjgajjgarjgorjgb7jgZnjgII8YnI+5Lit57aZ5paZ6YeR44Gr44Gk44GN44G+44GX44Gm44Gv44CB5b2T5bqX44K544K/44OD44OV44G+44Gn44GK5rCX6Lu944Gr44GK5ZWP44GE5ZCI44KP44Gb44GP44Gg44GV44GE44G+44Gb44CC,44OI44O844Oo44O8IFRPWU8gTkFOTyBFTkVSR1kzIDE1NS82NVIxNCA3NVMg44OK44OO44Ko44OK44K444O8M++8muOCv+OCpOODpOOCueODhuODvOOCuOOAgOa5mOWNl+OAgOalveWkqeW4guWgtOW6lw==,44OI44O844Oo44O8IFRPWU8gTkFOTyBFTkVSR1kzIDE1NS82NVIxNCA3NVMg44OK44OO44Ko44OK44K444O8Mw==,44CQ6YCB5paZ54Sh5paZ44CM5rKW57iE77yM6Zui5bO244Gv6Zmk44GP44CN44CR44CC44OI44O844Oo44O8IFRPWU8gTkFOTyBFTkVSR1kzIDE1NS82NVIxNCA3NVMg44OK44OO44Ko44OK44K444O8Mw==[rn]
34-95777,aHR0cDovL3RzaG9wLnIxMHMuanAvdGlyZXN0YWdlL2NhYmluZXQvZWotaXRfeW9rb2hhbWEvZG5hX2Vjb3MtMS5qcGc/Zml0aW49NzAwOjcwMA==,Mjc2OC4wMDAw,,6LuK55So5ZOB44O744OQ44Kk44Kv55So5ZOBID4g44Kr44O855So5ZOBID4g44K144Oe44O844K/44Kk44Ok,WU9LT0hBTUEg44Oo44Kz44OP44OeIOOCqOOCs+OCuSBETkEgRUNPUyBFUzMwMCAxNDUvODBSMTIgNzRT,44CQ6YCB5paZ54Sh5paZ44CM5rKW57iE77yM6Zui5bO244Gv6Zmk44GP44CN44CR,44CA5Zyo5bqr44Gv5bqX6IiX44Go6YCj5YuV44GX44Gm44GK44KK44G+44GZ44CC44GU5rOo5paH44GE44Gf44Gg44GE44Gf6Zqb44Gr5Zyo5bqr5YiH44KM44Gu5aC05ZCI44Gv44GK5pmC6ZaT44KS44GE44Gf44Gg44GP44GT44Go44GM44GU44GW44GE44G+44GZ44CC5Zyo5bqr56K66KqN44Gq44Gp44GK5rCX6Lu944Gr44GK5ZWP5ZCI44Gb5LiL44GV44GE44CCPGJyPjxiPumAgeaWmeeEoeaWmeOCteODvOODk+OCueOBr+aylue4hOODu+mbouWztuOBr+WvvuixoeWkluOBqOOBleOBm+OBpuOBhOOBn+OBoOOBjeOBvuOBmeOAgjwvYj4KPGZvbnQgY29sb3I9IiNGRjMzMzMiPjxicj7mspbnuITjgIHpm6Lls7bjga7loLTlkIjjga/jgIHkuK3ntpnmlpnph5HjgYzliKXpgJTlv4XopoHjgajjgarjgorjgb7jgZnjgII8YnI+5Lit57aZ5paZ6YeR44Gr44Gk44GN44G+44GX44Gm44Gv44CB5b2T5bqX44K544K/44OD44OV44G+44Gn44GK5rCX6Lu944Gr44GK5ZWP44GE5ZCI44KP44Gb44GP44Gg44GV44GE44G+44Gb44CC,WU9LT0hBTUEg44Oo44Kz44OP44OeIOOCqOOCs+OCuSBETkEgRUNPUyBFUzMwMCAxNDUvODBSMTIgNzRT77ya44K/44Kk44Ok44K544OG44O844K444CA5rmY5Y2X44CA5qW95aSp5biC5aC05bqX,WU9LT0hBTUEg44Oo44Kz44OP44OeIOOCqOOCs+OCuSBETkEgRUNPUyBFUzMwMCAxNDUvODBSMTIgNzRT,44CQ6YCB5paZ54Sh5paZ44CM5rKW57iE77yM6Zui5bO244Gv6Zmk44GP44CN44CR44CCWU9LT0hBTUEg44Oo44Kz44OP44OeIOOCqOOCs+OCuSBETkEgRUNPUyBFUzMwMCAxNDUvODBSMTIgNzRT[rn]
34-95778,aHR0cDovL3RzaG9wLnIxMHMuanAvdGlyZXN0YWdlL2NhYmluZXQvZmFsa2VuL3NpbmNlcmEvc2luY2VyYXNuODI4LTEuanBnP2ZpdGluPTcwMDo3MDA=,MTkzNi4wMDAw,,6LuK55So5ZOB44O744OQ44Kk44Kv55So5ZOBID4g44Kr44O855So5ZOBID4g44K144Oe44O844K/44Kk44Ok,RkFMS0VOIOODleOCoeODq+OCseODsyBTSU5DRVJBIFNOODI4IDEzNS84MFIxMiA2OFM=,44CQ6YCB5paZ54Sh5paZ44CM5rKW57iE77yM6Zui5bO244Gv6Zmk44GP44CN44CR,44CA5Zyo5bqr44Gv5bqX6IiX44Go6YCj5YuV44GX44Gm44GK44KK44G+44GZ44CC44GU5rOo5paH44GE44Gf44Gg44GE44Gf6Zqb44Gr5Zyo5bqr5YiH44KM44Gu5aC05ZCI44Gv44GK5pmC6ZaT44KS44GE44Gf44Gg44GP44GT44Go44GM44GU44GW44GE44G+44GZ44CC5Zyo5bqr56K66KqN44Gq44Gp44GK5rCX6Lu944Gr44GK5ZWP5ZCI44Gb5LiL44GV44GE44CCPGJyPjxiPumAgeaWmeeEoeaWmeOCteODvOODk+OCueOBr+aylue4hOODu+mbouWztuOBr+WvvuixoeWkluOBqOOBleOBm+OBpuOBhOOBn+OBoOOBjeOBvuOBmeOAgjwvYj4KPGZvbnQgY29sb3I9IiNGRjMzMzMiPjxicj7mspbnuITjgIHpm6Lls7bjga7loLTlkIjjga/jgIHkuK3ntpnmlpnph5HjgYzliKXpgJTlv4XopoHjgajjgarjgorjgb7jgZnjgII8YnI+5Lit57aZ5paZ6YeR44Gr44Gk44GN44G+44GX44Gm44Gv44CB5b2T5bqX44K544K/44OD44OV44G+44Gn44GK5rCX6Lu944Gr44GK5ZWP44GE5ZCI44KP44Gb44GP44Gg44GV44GE44G+44Gb44CC,RkFMS0VOIOODleOCoeODq+OCseODsyBTSU5DRVJBIFNOODI4IDEzNS84MFIxMiA2OFPvvJrjgr/jgqTjg6Tjgrnjg4bjg7zjgrjjgIDmuZjljZfjgIDmpb3lpKnluILloLTlupc=,RkFMS0VOIOODleOCoeODq+OCseODsyBTSU5DRVJBIFNOODI4IDEzNS84MFIxMiA2OFM=,44CQ6YCB5paZ54Sh5paZ44CM5rKW57iE77yM6Zui5bO244Gv6Zmk44GP44CN44CR44CCRkFMS0VOIOODleOCoeODq+OCseODsyBTSU5DRVJBIFNOODI4IDEzNS84MFIxMiA2OFM=[rn]
34-95779,aHR0cDovL3RzaG9wLnIxMHMuanAvdGlyZXN0YWdlL2NhYmluZXQvZmFsa2VuL3plaXgvemVpeHplOTEyLTEuanBnP2ZpdGluPTcwMDo3MDA=,NDY1Ni4wMDAw,,6LuK55So5ZOB44O744OQ44Kk44Kv55So5ZOBID4g44Kr44O855So5ZOBID4g44K144Oe44O844K/44Kk44Ok,RkFMS0VOIOODleOCoeODq+OCseODsyBaRUlYIFpFOTEyIDE3NS82MFIxNCA3OUg=,44CQ6YCB5paZ54Sh5paZ44CM5rKW57iE77yM6Zui5bO244Gv6Zmk44GP44CN44CR,44CA5Zyo5bqr44Gv5bqX6IiX44Go6YCj5YuV44GX44Gm44GK44KK44G+44GZ44CC44GU5rOo5paH44GE44Gf44Gg44GE44Gf6Zqb44Gr5Zyo5bqr5YiH44KM44Gu5aC05ZCI44Gv44GK5pmC6ZaT44KS44GE44Gf44Gg44GP44GT44Go44GM44GU44GW44GE44G+44GZ44CC5Zyo5bqr56K66KqN44Gq44Gp44GK5rCX6Lu944Gr44GK5ZWP5ZCI44Gb5LiL44GV44GE44CCPGJyPjxiPumAgeaWmeeEoeaWmeOCteODvOODk+OCueOBr+aylue4hOODu+mbouWztuOBr+WvvuixoeWkluOBqOOBleOBm+OBpuOBhOOBn+OBoOOBjeOBvuOBmeOAgjwvYj4KPGZvbnQgY29sb3I9IiNGRjMzMzMiPjxicj7mspbnuITjgIHpm6Lls7bjga7loLTlkIjjga/jgIHkuK3ntpnmlpnph5HjgYzliKXpgJTlv4XopoHjgajjgarjgorjgb7jgZnjgII8YnI+5Lit57aZ5paZ6YeR44Gr44Gk44GN44G+44GX44Gm44Gv44CB5b2T5bqX44K544K/44OD44OV44G+44Gn44GK5rCX6Lu944Gr44GK5ZWP44GE5ZCI44KP44Gb44GP44Gg44GV44GE44G+44Gb44CC,RkFMS0VOIOODleOCoeODq+OCseODsyBaRUlYIFpFOTEyIDE3NS82MFIxNCA3OUjvvJrjgr/jgqTjg6Tjgrnjg4bjg7zjgrjjgIDmuZjljZfjgIDmpb3lpKnluILloLTlupc=,RkFMS0VOIOODleOCoeODq+OCseODsyBaRUlYIFpFOTEyIDE3NS82MFIxNCA3OUg=,44CQ6YCB5paZ54Sh5paZ44CM5rKW57iE77yM6Zui5bO244Gv6Zmk44GP44CN44CR44CCRkFMS0VOIOODleOCoeODq+OCseODsyBaRUlYIFpFOTEyIDE3NS82MFIxNCA3OUg=[rn]
34-95780,aHR0cDovL3RzaG9wLnIxMHMuanAvdGlyZXN0YWdlL2NhYmluZXQvYnJpZGdlc3RvbmUvaW1nNjEyNDYzNTguanBnP2ZpdGluPTcwMDo3MDA=,NDMzNi4wMDAw,,6LuK55So5ZOB44O744OQ44Kk44Kv55So5ZOBID4g44Kr44O855So5ZOBID4g44K144Oe44O844K/44Kk44Ok,QlJJREdFU1RPTkUg44OW44Oq44OC44K544OI44OzIE5FWFRSWSDjg43jgq/jgrnjg4jjg6rjg7wgIDE1NS84MFIxMyA3OVM=,44CQ6YCB5paZ54Sh5paZ44CM5rKW57iE77yM6Zui5bO244Gv6Zmk44GP44CN44CR,44CA5Zyo5bqr44Gv5bqX6IiX44Go6YCj5YuV44GX44Gm44GK44KK44G+44GZ44CC44GU5rOo5paH44GE44Gf44Gg44GE44Gf6Zqb44Gr5Zyo5bqr5YiH44KM44Gu5aC05ZCI44Gv44GK5pmC6ZaT44KS44GE44Gf44Gg44GP44GT44Go44GM44GU44GW44GE44G+44GZ44CC5Zyo5bqr56K66KqN44Gq44Gp44GK5rCX6Lu944Gr44GK5ZWP5ZCI44Gb5LiL44GV44GE44CCPGJyPjxiPumAgeaWmeeEoeaWmeOCteODvOODk+OCueOBr+aylue4hOODu+mbouWztuOBr+WvvuixoeWkluOBqOOBleOBm+OBpuOBhOOBn+OBoOOBjeOBvuOBmeOAgjwvYj4KPGZvbnQgY29sb3I9IiNGRjMzMzMiPjxicj7mspbnuITjgIHpm6Lls7bjga7loLTlkIjjga/jgIHkuK3ntpnmlpnph5HjgYzliKXpgJTlv4XopoHjgajjgarjgorjgb7jgZnjgII8YnI+5Lit57aZ5paZ6YeR44Gr44Gk44GN44G+44GX44Gm44Gv44CB5b2T5bqX44K544K/44OD44OV44G+44Gn44GK5rCX6Lu944Gr44GK5ZWP44GE5ZCI44KP44Gb44GP44Gg44GV44GE44G+44Gb44CC,QlJJREdFU1RPTkUg44OW44Oq44OC44K544OI44OzIE5FWFRSWSDjg43jgq/jgrnjg4jjg6rjg7wgIDE1NS84MFIxMyA3OVPvvJrjgr/jgqTjg6Tjgrnjg4bjg7zjgrjjgIDmuZjljZfjgIDmpb3lpKnluILloLTlupc=,QlJJREdFU1RPTkUg44OW44Oq44OC44K544OI44OzIE5FWFRSWSDjg43jgq/jgrnjg4jjg6rjg7wgIDE1NS84MFIxMyA3OVM=,44CQ6YCB5paZ54Sh5paZ44CM5rKW57iE77yM6Zui5bO244Gv6Zmk44GP44CN44CR44CCQlJJREdFU1RPTkUg44OW44Oq44OC44K544OI44OzIE5FWFRSWSDjg43jgq/jgrnjg4jjg6rjg7wgIDE1NS84MFIxMyA3OVM=[rn]
34-95781,aHR0cDovL3RzaG9wLnIxMHMuanAvdGlyZXN0YWdlL2NhYmluZXQvYnJpZGdlc3RvbmUvaW1nNjEyNDYzNTguanBnP2ZpdGluPTcwMDo3MDA=,NDEzNi4wMDAw,,6LuK55So5ZOB44O744OQ44Kk44Kv55So5ZOBID4g44Kr44O855So5ZOBID4g44K144Oe44O844K/44Kk44Ok,QlJJREdFU1RPTkUg44OW44Oq44OC44K544OI44OzIE5FWFRSWSDjg43jgq/jgrnjg4jjg6rjg7wgIDE2NS83MFIxMyA3OVM=,44CQ6YCB5paZ54Sh5paZ44CM5rKW57iE77yM6Zui5bO244Gv6Zmk44GP44CN44CR,44CA5Zyo5bqr44Gv5bqX6IiX44Go6YCj5YuV44GX44Gm44GK44KK44G+44GZ44CC44GU5rOo5paH44GE44Gf44Gg44GE44Gf6Zqb44Gr5Zyo5bqr5YiH44KM44Gu5aC05ZCI44Gv44GK5pmC6ZaT44KS44GE44Gf44Gg44GP44GT44Go44GM44GU44GW44GE44G+44GZ44CC5Zyo5bqr56K66KqN44Gq44Gp44GK5rCX6Lu944Gr44GK5ZWP5ZCI44Gb5LiL44GV44GE44CCPGJyPjxiPumAgeaWmeeEoeaWmeOCteODvOODk+OCueOBr+aylue4hOODu+mbouWztuOBr+WvvuixoeWkluOBqOOBleOBm+OBpuOBhOOBn+OBoOOBjeOBvuOBmeOAgjwvYj4KPGZvbnQgY29sb3I9IiNGRjMzMzMiPjxicj7mspbnuITjgIHpm6Lls7bjga7loLTlkIjjga/jgIHkuK3ntpnmlpnph5HjgYzliKXpgJTlv4XopoHjgajjgarjgorjgb7jgZnjgII8YnI+5Lit57aZ5paZ6YeR44Gr44Gk44GN44G+44GX44Gm44Gv44CB5b2T5bqX44K544K/44OD44OV44G+44Gn44GK5rCX6Lu944Gr44GK5ZWP44GE5ZCI44KP44Gb44GP44Gg44GV44GE44G+44Gb44CC,QlJJREdFU1RPTkUg44OW44Oq44OC44K544OI44OzIE5FWFRSWSDjg43jgq/jgrnjg4jjg6rjg7wgIDE2NS83MFIxMyA3OVPvvJrjgr/jgqTjg6Tjgrnjg4bjg7zjgrjjgIDmuZjljZfjgIDmpb3lpKnluILloLTlupc=,QlJJREdFU1RPTkUg44OW44Oq44OC44K544OI44OzIE5FWFRSWSDjg43jgq/jgrnjg4jjg6rjg7wgIDE2NS83MFIxMyA3OVM=,44CQ6YCB5paZ54Sh5paZ44CM5rKW57iE77yM6Zui5bO244Gv6Zmk44GP44CN44CR44CCQlJJREdFU1RPTkUg44OW44Oq44OC44K544OI44OzIE5FWFRSWSDjg43jgq/jgrnjg4jjg6rjg7wgIDE2NS83MFIxMyA3OVM=[rn]
34-95782,aHR0cDovL3RzaG9wLnIxMHMuanAvdGlyZXN0YWdlL2NhYmluZXQvYnJpZGdlc3RvbmUvaW1nNjEyNDYzNTguanBnP2ZpdGluPTcwMDo3MDA=,NDY2NC4wMDAw,,6LuK55So5ZOB44O744OQ44Kk44Kv55So5ZOBID4g44Kr44O855So5ZOBID4g44K144Oe44O844K/44Kk44Ok,QlJJREdFU1RPTkUg44OW44Oq44OC44K544OI44OzIE5FWFRSWSDjg43jgq/jgrnjg4jjg6rjg7wgIDE2NS82NVIxMyA3N1M=,44CQ6YCB5paZ54Sh5paZ44CM5rKW57iE77yM6Zui5bO244Gv6Zmk44GP44CN44CR,44CA5Zyo5bqr44Gv5bqX6IiX44Go6YCj5YuV44GX44Gm44GK44KK44G+44GZ44CC44GU5rOo5paH44GE44Gf44Gg44GE44Gf6Zqb44Gr5Zyo5bqr5YiH44KM44Gu5aC05ZCI44Gv44GK5pmC6ZaT44KS44GE44Gf44Gg44GP44GT44Go44GM44GU44GW44GE44G+44GZ44CC5Zyo5bqr56K66KqN44Gq44Gp44GK5rCX6Lu944Gr44GK5ZWP5ZCI44Gb5LiL44GV44GE44CCPGJyPjxiPumAgeaWmeeEoeaWmeOCteODvOODk+OCueOBr+aylue4hOODu+mbouWztuOBr+WvvuixoeWkluOBqOOBleOBm+OBpuOBhOOBn+OBoOOBjeOBvuOBmeOAgjwvYj4KPGZvbnQgY29sb3I9IiNGRjMzMzMiPjxicj7mspbnuITjgIHpm6Lls7bjga7loLTlkIjjga/jgIHkuK3ntpnmlpnph5HjgYzliKXpgJTlv4XopoHjgajjgarjgorjgb7jgZnjgII8YnI+5Lit57aZ5paZ6YeR44Gr44Gk44GN44G+44GX44Gm44Gv44CB5b2T5bqX44K544K/44OD44OV44G+44Gn44GK5rCX6Lu944Gr44GK5ZWP44GE5ZCI44KP44Gb44GP44Gg44GV44GE44G+44Gb44CC,QlJJREdFU1RPTkUg44OW44Oq44OC44K544OI44OzIE5FWFRSWSDjg43jgq/jgrnjg4jjg6rjg7wgIDE2NS82NVIxMyA3N1PvvJrjgr/jgqTjg6Tjgrnjg4bjg7zjgrjjgIDmuZjljZfjgIDmpb3lpKnluILloLTlupc=,QlJJREdFU1RPTkUg44OW44Oq44OC44K544OI44OzIE5FWFRSWSDjg43jgq/jgrnjg4jjg6rjg7wgIDE2NS82NVIxMyA3N1M=,44CQ6YCB5paZ54Sh5paZ44CM5rKW57iE77yM6Zui5bO244Gv6Zmk44GP44CN44CR44CCQlJJREdFU1RPTkUg44OW44Oq44OC44K544OI44OzIE5FWFRSWSDjg43jgq/jgrnjg4jjg6rjg7wgIDE2NS82NVIxMyA3N1M=[rn]
34-95783,aHR0cDovL3RzaG9wLnIxMHMuanAvdGlyZXN0YWdlL2NhYmluZXQvYnJpZGdlc3RvbmUvaW1nNjEyNDYzNTguanBnP2ZpdGluPTcwMDo3MDA=,NDY2NC4wMDAw,,6LuK55So5ZOB44O744OQ44Kk44Kv55So5ZOBID4g44Kr44O855So5ZOBID4g44K144Oe44O844K/44Kk44Ok,QlJJREdFU1RPTkUg44OW44Oq44OC44K544OI44OzIE5FWFRSWSDjg43jgq/jgrnjg4jjg6rjg7wgIDE2NS84MFIxMyA4M1M=,44CQ6YCB5paZ54Sh5paZ44CM5rKW57iE77yM6Zui5bO244Gv6Zmk44GP44CN44CR,44CA5Zyo5bqr44Gv5bqX6IiX44Go6YCj5YuV44GX44Gm44GK44KK44G+44GZ44CC44GU5rOo5paH44GE44Gf44Gg44GE44Gf6Zqb44Gr5Zyo5bqr5YiH44KM44Gu5aC05ZCI44Gv44GK5pmC6ZaT44KS44GE44Gf44Gg44GP44GT44Go44GM44GU44GW44GE44G+44GZ44CC5Zyo5bqr56K66KqN44Gq44Gp44GK5rCX6Lu944Gr44GK5ZWP5ZCI44Gb5LiL44GV44GE44CCPGJyPjxiPumAgeaWmeeEoeaWmeOCteODvOODk+OCueOBr+aylue4hOODu+mbouWztuOBr+WvvuixoeWkluOBqOOBleOBm+OBpuOBhOOBn+OBoOOBjeOBvuOBmeOAgjwvYj4KPGZvbnQgY29sb3I9IiNGRjMzMzMiPjxicj7mspbnuITjgIHpm6Lls7bjga7loLTlkIjjga/jgIHkuK3ntpnmlpnph5HjgYzliKXpgJTlv4XopoHjgajjgarjgorjgb7jgZnjgII8YnI+5Lit57aZ5paZ6YeR44Gr44Gk44GN44G+44GX44Gm44Gv44CB5b2T5bqX44K544K/44OD44OV44G+44Gn44GK5rCX6Lu944Gr44GK5ZWP44GE5ZCI44KP44Gb44GP44Gg44GV44GE44G+44Gb44CC,QlJJREdFU1RPTkUg44OW44Oq44OC44K544OI44OzIE5FWFRSWSDjg43jgq/jgrnjg4jjg6rjg7wgIDE2NS84MFIxMyA4M1PvvJrjgr/jgqTjg6Tjgrnjg4bjg7zjgrjjgIDmuZjljZfjgIDmpb3lpKnluILloLTlupc=,QlJJREdFU1RPTkUg44OW44Oq44OC44K544OI44OzIE5FWFRSWSDjg43jgq/jgrnjg4jjg6rjg7wgIDE2NS84MFIxMyA4M1M=,44CQ6YCB5paZ54Sh5paZ44CM5rKW57iE77yM6Zui5bO244Gv6Zmk44GP44CN44CR44CCQlJJREdFU1RPTkUg44OW44Oq44OC44K544OI44OzIE5FWFRSWSDjg43jgq/jgrnjg4jjg6rjg7wgIDE2NS84MFIxMyA4M1M=[rn]
34-95784,aHR0cDovL3RzaG9wLnIxMHMuanAvdGlyZXN0YWdlL2NhYmluZXQvYnJpZGdlc3RvbmUvaW1nNjEyNDYzNTguanBnP2ZpdGluPTcwMDo3MDA=,NDEzNi4wMDAw,,6LuK55So5ZOB44O744OQ44Kk44Kv55So5ZOBID4g44Kr44O855So5ZOBID4g44K144Oe44O844K/44Kk44Ok,QlJJREdFU1RPTkUg44OW44Oq44OC44K544OI44OzIE5FWFRSWSDjg43jgq/jgrnjg4jjg6rjg7wgIDE1NS83MFIxMyA3NVM=,44CQ6YCB5paZ54Sh5paZ44CM5rKW57iE77yM6Zui5bO244Gv6Zmk44GP44CN44CR,44CA5Zyo5bqr44Gv5bqX6IiX44Go6YCj5YuV44GX44Gm44GK44KK44G+44GZ44CC44GU5rOo5paH44GE44Gf44Gg44GE44Gf6Zqb44Gr5Zyo5bqr5YiH44KM44Gu5aC05ZCI44Gv44GK5pmC6ZaT44KS44GE44Gf44Gg44GP44GT44Go44GM44GU44GW44GE44G+44GZ44CC5Zyo5bqr56K66KqN44Gq44Gp44GK5rCX6Lu944Gr44GK5ZWP5ZCI44Gb5LiL44GV44GE44CCPGJyPjxiPumAgeaWmeeEoeaWmeOCteODvOODk+OCueOBr+aylue4hOODu+mbouWztuOBr+WvvuixoeWkluOBqOOBleOBm+OBpuOBhOOBn+OBoOOBjeOBvuOBmeOAgjwvYj4KPGZvbnQgY29sb3I9IiNGRjMzMzMiPjxicj7mspbnuITjgIHpm6Lls7bjga7loLTlkIjjga/jgIHkuK3ntpnmlpnph5HjgYzliKXpgJTlv4XopoHjgajjgarjgorjgb7jgZnjgII8YnI+5Lit57aZ5paZ6YeR44Gr44Gk44GN44G+44GX44Gm44Gv44CB5b2T5bqX44K544K/44OD44OV44G+44Gn44GK5rCX6Lu944Gr44GK5ZWP44GE5ZCI44KP44Gb44GP44Gg44GV44GE44G+44Gb44CC,QlJJREdFU1RPTkUg44OW44Oq44OC44K544OI44OzIE5FWFRSWSDjg43jgq/jgrnjg4jjg6rjg7wgIDE1NS83MFIxMyA3NVPvvJrjgr/jgqTjg6Tjgrnjg4bjg7zjgrjjgIDmuZjljZfjgIDmpb3lpKnluILloLTlupc=,QlJJREdFU1RPTkUg44OW44Oq44OC44K544OI44OzIE5FWFRSWSDjg43jgq/jgrnjg4jjg6rjg7wgIDE1NS83MFIxMyA3NVM=,44CQ6YCB5paZ54Sh5paZ44CM5rKW57iE77yM6Zui5bO244Gv6Zmk44GP44CN44CR44CCQlJJREdFU1RPTkUg44OW44Oq44OC44K544OI44OzIE5FWFRSWSDjg43jgq/jgrnjg4jjg6rjg7wgIDE1NS83MFIxMyA3NVM=[rn]
34-95785,aHR0cDovL3RzaG9wLnIxMHMuanAvdGlyZXN0YWdlL2NhYmluZXQvYnJpZGdlc3RvbmUvaW1nNjEyNDYzNTguanBnP2ZpdGluPTcwMDo3MDA=,NDc5Mi4wMDAw,,6LuK55So5ZOB44O744OQ44Kk44Kv55So5ZOBID4g44Kr44O855So5ZOBID4g44K144Oe44O844K/44Kk44Ok,QlJJREdFU1RPTkUg44OW44Oq44OC44K544OI44OzIE5FWFRSWSDjg43jgq/jgrnjg4jjg6rjg7wgMTc1LzcwUjEzIDgyUw==,44CQ6YCB5paZ54Sh5paZ44CM5rKW57iE77yM6Zui5bO244Gv6Zmk44GP44CN44CR,44CA5Zyo5bqr44Gv5bqX6IiX44Go6YCj5YuV44GX44Gm44GK44KK44G+44GZ44CC44GU5rOo5paH44GE44Gf44Gg44GE44Gf6Zqb44Gr5Zyo5bqr5YiH44KM44Gu5aC05ZCI44Gv44GK5pmC6ZaT44KS44GE44Gf44Gg44GP44GT44Go44GM44GU44GW44GE44G+44GZ44CC5Zyo5bqr56K66KqN44Gq44Gp44GK5rCX6Lu944Gr44GK5ZWP5ZCI44Gb5LiL44GV44GE44CCPGJyPjxiPumAgeaWmeeEoeaWmeOCteODvOODk+OCueOBr+aylue4hOODu+mbouWztuOBr+WvvuixoeWkluOBqOOBleOBm+OBpuOBhOOBn+OBoOOBjeOBvuOBmeOAgjwvYj4KPGZvbnQgY29sb3I9IiNGRjMzMzMiPjxicj7mspbnuITjgIHpm6Lls7bjga7loLTlkIjjga/jgIHkuK3ntpnmlpnph5HjgYzliKXpgJTlv4XopoHjgajjgarjgorjgb7jgZnjgII8YnI+5Lit57aZ5paZ6YeR44Gr44Gk44GN44G+44GX44Gm44Gv44CB5b2T5bqX44K544K/44OD44OV44G+44Gn44GK5rCX6Lu944Gr44GK5ZWP44GE5ZCI44KP44Gb44GP44Gg44GV44GE44G+44Gb44CC,QlJJREdFU1RPTkUg44OW44Oq44OC44K544OI44OzIE5FWFRSWSDjg43jgq/jgrnjg4jjg6rjg7wgMTc1LzcwUjEzIDgyU++8muOCv+OCpOODpOOCueODhuODvOOCuOOAgOa5mOWNl+OAgOalveWkqeW4guWgtOW6lw==,QlJJREdFU1RPTkUg44OW44Oq44OC44K544OI44OzIE5FWFRSWSDjg43jgq/jgrnjg4jjg6rjg7wgMTc1LzcwUjEzIDgyUw==,44CQ6YCB5paZ54Sh5paZ44CM5rKW57iE77yM6Zui5bO244Gv6Zmk44GP44CN44CR44CCQlJJREdFU1RPTkUg44OW44Oq44OC44K544OI44OzIE5FWFRSWSDjg43jgq/jgrnjg4jjg6rjg7wgMTc1LzcwUjEzIDgyUw==[rn]
34-95786,aHR0cDovL3RzaG9wLnIxMHMuanAvdGlyZXN0YWdlL2NhYmluZXQvYnJpZGdlc3RvbmUvZWNvcGlhL2Vjb3BpYXI2ODAtMS5qcGc/Zml0aW49NzAwOjcwMA==,NjEzNi4wMDAw,,6LuK55So5ZOB44O744OQ44Kk44Kv55So5ZOBID4g44Kr44O855So5ZOBID4g44K144Oe44O844K/44Kk44Ok,QlJJREdFU1RPTkUg44OW44Oq44OC44K544OI44OzIEVDT1BJQSBSNjgwIDE1NVIxMiA4UFI=,44CQ6YCB5paZ54Sh5paZ44CM5rKW57iE77yM6Zui5bO244Gv6Zmk44GP44CN44CR,44CA5Zyo5bqr44Gv5bqX6IiX44Go6YCj5YuV44GX44Gm44GK44KK44G+44GZ44CC44GU5rOo5paH44GE44Gf44Gg44GE44Gf6Zqb44Gr5Zyo5bqr5YiH44KM44Gu5aC05ZCI44Gv44GK5pmC6ZaT44KS44GE44Gf44Gg44GP44GT44Go44GM44GU44GW44GE44G+44GZ44CC5Zyo5bqr56K66KqN44Gq44Gp44GK5rCX6Lu944Gr44GK5ZWP5ZCI44Gb5LiL44GV44GE44CCPGJyPjxiPumAgeaWmeeEoeaWmeOCteODvOODk+OCueOBr+aylue4hOODu+mbouWztuOBr+WvvuixoeWkluOBqOOBleOBm+OBpuOBhOOBn+OBoOOBjeOBvuOBmeOAgjwvYj4KPGZvbnQgY29sb3I9IiNGRjMzMzMiPjxicj7mspbnuITjgIHpm6Lls7bjga7loLTlkIjjga/jgIHkuK3ntpnmlpnph5HjgYzliKXpgJTlv4XopoHjgajjgarjgorjgb7jgZnjgII8YnI+5Lit57aZ5paZ6YeR44Gr44Gk44GN44G+44GX44Gm44Gv44CB5b2T5bqX44K544K/44OD44OV44G+44Gn44GK5rCX6Lu944Gr44GK5ZWP44GE5ZCI44KP44Gb44GP44Gg44GV44GE44G+44Gb44CC,QlJJREdFU1RPTkUg44OW44Oq44OC44K544OI44OzIEVDT1BJQSBSNjgwIDE1NVIxMiA4UFLvvJrjgr/jgqTjg6Tjgrnjg4bjg7zjgrjjgIDmuZjljZfjgIDmpb3lpKnluILloLTlupc=,QlJJREdFU1RPTkUg44OW44Oq44OC44K544OI44OzIEVDT1BJQSBSNjgwIDE1NVIxMiA4UFI=,44CQ6YCB5paZ54Sh5paZ44CM5rKW57iE77yM6Zui5bO244Gv6Zmk44GP44CN44CR44CCQlJJREdFU1RPTkUg44OW44Oq44OC44K544OI44OzIEVDT1BJQSBSNjgwIDE1NVIxMiA4UFI=[rn]
34-95787,aHR0cDovL3RzaG9wLnIxMHMuanAvdGlyZXN0YWdlL2NhYmluZXQvZWotaXRfYnJpZGdlc3RvbmUvc25lYWtlcnNuazJfMDAxLmpwZz9maXRpbj03MDA6NzAw,NDU3Ni4wMDAw,,6LuK55So5ZOB44O744OQ44Kk44Kv55So5ZOBID4g44Kr44O855So5ZOBID4g44K144Oe44O844K/44Kk44Ok,QlJJREdFU1RPTkUg44OW44Oq44OC44K544OI44OzIFNORUFLRVIgU05LMiAxNTUvODBSMTIgNzdT,44CQ6YCB5paZ54Sh5paZ44CM5rKW57iE77yM6Zui5bO244Gv6Zmk44GP44CN44CR,44CA5Zyo5bqr44Gv5bqX6IiX44Go6YCj5YuV44GX44Gm44GK44KK44G+44GZ44CC44GU5rOo5paH44GE44Gf44Gg44GE44Gf6Zqb44Gr5Zyo5bqr5YiH44KM44Gu5aC05ZCI44Gv44GK5pmC6ZaT44KS44GE44Gf44Gg44GP44GT44Go44GM44GU44GW44GE44G+44GZ44CC5Zyo5bqr56K66KqN44Gq44Gp44GK5rCX6Lu944Gr44GK5ZWP5ZCI44Gb5LiL44GV44GE44CCPGJyPjxiPumAgeaWmeeEoeaWmeOCteODvOODk+OCueOBr+aylue4hOODu+mbouWztuOBr+WvvuixoeWkluOBqOOBleOBm+OBpuOBhOOBn+OBoOOBjeOBvuOBmeOAgjwvYj4KPGZvbnQgY29sb3I9IiNGRjMzMzMiPjxicj7mspbnuITjgIHpm6Lls7bjga7loLTlkIjjga/jgIHkuK3ntpnmlpnph5HjgYzliKXpgJTlv4XopoHjgajjgarjgorjgb7jgZnjgII8YnI+5Lit57aZ5paZ6YeR44Gr44Gk44GN44G+44GX44Gm44Gv44CB5b2T5bqX44K544K/44OD44OV44G+44Gn44GK5rCX6Lu944Gr44GK5ZWP44GE5ZCI44KP44Gb44GP44Gg44GV44GE44G+44Gb44CC,QlJJREdFU1RPTkUg44OW44Oq44OC44K544OI44OzIFNORUFLRVIgU05LMiAxNTUvODBSMTIgNzdT77ya44K/44Kk44Ok44K544OG44O844K444CA5rmY5Y2X44CA5qW95aSp5biC5aC05bqX,QlJJREdFU1RPTkUg44OW44Oq44OC44K544OI44OzIFNORUFLRVIgU05LMiAxNTUvODBSMTIgNzdT,44CQ6YCB5paZ54Sh5paZ44CM5rKW57iE77yM6Zui5bO244Gv6Zmk44GP44CN44CR44CCQlJJREdFU1RPTkUg44OW44Oq44OC44K544OI44OzIFNORUFLRVIgU05LMiAxNTUvODBSMTIgNzdT[rn]
34-95788,aHR0cDovL3RzaG9wLnIxMHMuanAvdGlyZXN0YWdlL2NhYmluZXQvYnJpZGdlc3RvbmUvcGxheXovcGxheXpwei14Yy0xLmpwZz9maXRpbj03MDA6NzAw,OTMyOC4wMDAw,,6LuK55So5ZOB44O744OQ44Kk44Kv55So5ZOBID4g44Kr44O855So5ZOBID4g44K144Oe44O844K/44Kk44Ok,QlJJREdFU1RPTkUg44OW44Oq44OC44K544OI44OzIFBsYXl6IFBaLVhDIDE1NS82MFIxNSA3NEg=,44CQ6YCB5paZ54Sh5paZ44CM5rKW57iE77yM6Zui5bO244Gv6Zmk44GP44CN44CR,44CA5Zyo5bqr44Gv5bqX6IiX44Go6YCj5YuV44GX44Gm44GK44KK44G+44GZ44CC44GU5rOo5paH44GE44Gf44Gg44GE44Gf6Zqb44Gr5Zyo5bqr5YiH44KM44Gu5aC05ZCI44Gv44GK5pmC6ZaT44KS44GE44Gf44Gg44GP44GT44Go44GM44GU44GW44GE44G+44GZ44CC5Zyo5bqr56K66KqN44Gq44Gp44GK5rCX6Lu944Gr44GK5ZWP5ZCI44Gb5LiL44GV44GE44CCPGJyPjxiPumAgeaWmeeEoeaWmeOCteODvOODk+OCueOBr+aylue4hOODu+mbouWztuOBr+WvvuixoeWkluOBqOOBleOBm+OBpuOBhOOBn+OBoOOBjeOBvuOBmeOAgjwvYj4KPGZvbnQgY29sb3I9IiNGRjMzMzMiPjxicj7mspbnuITjgIHpm6Lls7bjga7loLTlkIjjga/jgIHkuK3ntpnmlpnph5HjgYzliKXpgJTlv4XopoHjgajjgarjgorjgb7jgZnjgII8YnI+5Lit57aZ5paZ6YeR44Gr44Gk44GN44G+44GX44Gm44Gv44CB5b2T5bqX44K544K/44OD44OV44G+44Gn44GK5rCX6Lu944Gr44GK5ZWP44GE5ZCI44KP44Gb44GP44Gg44GV44GE44G+44Gb44CC,QlJJREdFU1RPTkUg44OW44Oq44OC44K544OI44OzIFBsYXl6IFBaLVhDIDE1NS82MFIxNSA3NEjvvJrjgr/jgqTjg6Tjgrnjg4bjg7zjgrjjgIDmuZjljZfjgIDmpb3lpKnluILloLTlupc=,QlJJREdFU1RPTkUg44OW44Oq44OC44K544OI44OzIFBsYXl6IFBaLVhDIDE1NS82MFIxNSA3NEg=,44CQ6YCB5paZ54Sh5paZ44CM5rKW57iE77yM6Zui5bO244Gv6Zmk44GP44CN44CR44CCQlJJREdFU1RPTkUg44OW44Oq44OC44K544OI44OzIFBsYXl6IFBaLVhDIDE1NS82MFIxNSA3NEg=[rn]
34-95789,aHR0cDovL3RzaG9wLnIxMHMuanAvdGlyZXN0YWdlL2NhYmluZXQvYnJpZGdlc3RvbmUvZWNvcGlhL2ltZ3JjMDA5MTQ5NjQ5Mi5qcGc/Zml0aW49NzAwOjcwMA==,OTAyMC4wMDAw,,6LuK55So5ZOB44O744OQ44Kk44Kv55So5ZOBID4g44Kr44O855So5ZOBID4g44K144Oe44O844K/44Kk44Ok,QlJJREdFU1RPTkUg44OW44Oq44OC44K544OI44OzIEVDT1BJQSBOSDEwMCBDIDE2NS81NVIxNSA3NVYg44Ko44Kz44OU44KiIE5IMTAwIEM=,44CQ6YCB5paZ54Sh5paZ44CM5rKW57iE77yM6Zui5bO244Gv6Zmk44GP44CN44CR,44CA5Zyo5bqr44Gv5bqX6IiX44Go6YCj5YuV44GX44Gm44GK44KK44G+44GZ44CC44GU5rOo5paH44GE44Gf44Gg44GE44Gf6Zqb44Gr5Zyo5bqr5YiH44KM44Gu5aC05ZCI44Gv44GK5pmC6ZaT44KS44GE44Gf44Gg44GP44GT44Go44GM44GU44GW44GE44G+44GZ44CC5Zyo5bqr56K66KqN44Gq44Gp44GK5rCX6Lu944Gr44GK5ZWP5ZCI44Gb5LiL44GV44GE44CCPGJyPjxiPumAgeaWmeeEoeaWmeOCteODvOODk+OCueOBr+aylue4hOODu+mbouWztuOBr+WvvuixoeWkluOBqOOBleOBm+OBpuOBhOOBn+OBoOOBjeOBvuOBmeOAgjwvYj4KPGZvbnQgY29sb3I9IiNGRjMzMzMiPjxicj7mspbnuITjgIHpm6Lls7bjga7loLTlkIjjga/jgIHkuK3ntpnmlpnph5HjgYzliKXpgJTlv4XopoHjgajjgarjgorjgb7jgZnjgII8YnI+5Lit57aZ5paZ6YeR44Gr44Gk44GN44G+44GX44Gm44Gv44CB5b2T5bqX44K544K/44OD44OV44G+44Gn44GK5rCX6Lu944Gr44GK5ZWP44GE5ZCI44KP44Gb44GP44Gg44GV44GE44G+44Gb44CC,QlJJREdFU1RPTkUg44OW44Oq44OC44K544OI44OzIEVDT1BJQSBOSDEwMCBDIDE2NS81NVIxNSA3NVYg44Ko44Kz44OU44KiIE5IMTAwIEPvvJrjgr/jgqTjg6Tjgrnjg4bjg7zjgrjjgIDmuZjljZfjgIDmpb3lpKnluILloLTlupc=,QlJJREdFU1RPTkUg44OW44Oq44OC44K544OI44OzIEVDT1BJQSBOSDEwMCBDIDE2NS81NVIxNSA3NVYg44Ko44Kz44OU44KiIE5IMTAwIEM=,44CQ6YCB5paZ54Sh5paZ44CM5rKW57iE77yM6Zui5bO244Gv6Zmk44GP44CN44CR44CCQlJJREdFU1RPTkUg44OW44Oq44OC44K544OI44OzIEVDT1BJQSBOSDEwMCBDIDE2NS81NVIxNSA3NVYg44Ko44Kz44OU44KiIE5IMTAwIEM=[rn]
34-95790,aHR0cDovL3RzaG9wLnIxMHMuanAvdGlyZXN0YWdlL2NhYmluZXQvZmFsa2VuL3plaXgvaW1ncmMwMDgxNDk0Mzg4LmpwZz9maXRpbj03MDA6NzAw,NTI2MS42MDAw,,6LuK55So5ZOB44O744OQ44Kk44Kv55So5ZOBID4g44Kr44O855So5ZOBID4g44K144Oe44O844K/44Kk44Ok,RkFMS0VOIFpFSVggWkU5MTRGIDE2NS81MFIxNSA3M1Yg44OV44Kh44Or44Kx44OzIOOCuOODvOOCr+OCuQ==,44CQ6YCB5paZ54Sh5paZ44CM5rKW57iE77yM6Zui5bO244Gv6Zmk44GP44CN44CR,44CA5Zyo5bqr44Gv5bqX6IiX44Go6YCj5YuV44GX44Gm44GK44KK44G+44GZ44CC44GU5rOo5paH44GE44Gf44Gg44GE44Gf6Zqb44Gr5Zyo5bqr5YiH44KM44Gu5aC05ZCI44Gv44GK5pmC6ZaT44KS44GE44Gf44Gg44GP44GT44Go44GM44GU44GW44GE44G+44GZ44CC5Zyo5bqr56K66KqN44Gq44Gp44GK5rCX6Lu944Gr44GK5ZWP5ZCI44Gb5LiL44GV44GE44CCPGJyPjxiPumAgeaWmeeEoeaWmeOCteODvOODk+OCueOBr+aylue4hOODu+mbouWztuOBr+WvvuixoeWkluOBqOOBleOBm+OBpuOBhOOBn+OBoOOBjeOBvuOBmeOAgjwvYj4KPGZvbnQgY29sb3I9IiNGRjMzMzMiPjxicj7mspbnuITjgIHpm6Lls7bjga7loLTlkIjjga/jgIHkuK3ntpnmlpnph5HjgYzliKXpgJTlv4XopoHjgajjgarjgorjgb7jgZnjgII8YnI+5Lit57aZ5paZ6YeR44Gr44Gk44GN44G+44GX44Gm44Gv44CB5b2T5bqX44K544K/44OD44OV44G+44Gn44GK5rCX6Lu944Gr44GK5ZWP44GE5ZCI44KP44Gb44GP44Gg44GV44GE44G+44Gb44CC,RkFMS0VOIFpFSVggWkU5MTRGIDE2NS81MFIxNSA3M1Yg44OV44Kh44Or44Kx44OzIOOCuOODvOOCr+OCue+8muOCv+OCpOODpOOCueODhuODvOOCuOOAgOa5mOWNl+OAgOalveWkqeW4guWgtOW6lw==,RkFMS0VOIFpFSVggWkU5MTRGIDE2NS81MFIxNSA3M1Yg44OV44Kh44Or44Kx44OzIOOCuOODvOOCr+OCuQ==,44CQ6YCB5paZ54Sh5paZ44CM5rKW57iE77yM6Zui5bO244Gv6Zmk44GP44CN44CR44CCRkFMS0VOIFpFSVggWkU5MTRGIDE2NS81MFIxNSA3M1Yg44OV44Kh44Or44Kx44OzIOOCuOODvOOCr+OCuQ==[rn]
34-95791,aHR0cDovL3RzaG9wLnIxMHMuanAvdGlyZXN0YWdlL2NhYmluZXQvZWotaXRfYnJpZGdlc3RvbmUvc25lYWtlcl8wMDEuanBnP2ZpdGluPTcwMDo3MDA=,NDQ5Ni4wMDAw,,6LuK55So5ZOB44O744OQ44Kk44Kv55So5ZOBID4g44Kr44O855So5ZOBID4g44K144Oe44O844K/44Kk44Ok,QlJJREdFU1RPTkUg44OW44Oq44OC44K544OI44OzIFNuZWFrZXIgMTY1LzcwUjEyIDc3Uw==,44CQ6YCB5paZ54Sh5paZ44CM5rKW57iE77yM6Zui5bO244Gv6Zmk44GP44CN44CR,44CA5Zyo5bqr44Gv5bqX6IiX44Go6YCj5YuV44GX44Gm44GK44KK44G+44GZ44CC44GU5rOo5paH44GE44Gf44Gg44GE44Gf6Zqb44Gr5Zyo5bqr5YiH44KM44Gu5aC05ZCI44Gv44GK5pmC6ZaT44KS44GE44Gf44Gg44GP44GT44Go44GM44GU44GW44GE44G+44GZ44CC5Zyo5bqr56K66KqN44Gq44Gp44GK5rCX6Lu944Gr44GK5ZWP5ZCI44Gb5LiL44GV44GE44CCPGJyPjxiPumAgeaWmeeEoeaWmeOCteODvOODk+OCueOBr+aylue4hOODu+mbouWztuOBr+WvvuixoeWkluOBqOOBleOBm+OBpuOBhOOBn+OBoOOBjeOBvuOBmeOAgjwvYj4KPGZvbnQgY29sb3I9IiNGRjMzMzMiPjxicj7mspbnuITjgIHpm6Lls7bjga7loLTlkIjjga/jgIHkuK3ntpnmlpnph5HjgYzliKXpgJTlv4XopoHjgajjgarjgorjgb7jgZnjgII8YnI+5Lit57aZ5paZ6YeR44Gr44Gk44GN44G+44GX44Gm44Gv44CB5b2T5bqX44K544K/44OD44OV44G+44Gn44GK5rCX6Lu944Gr44GK5ZWP44GE5ZCI44KP44Gb44GP44Gg44GV44GE44G+44Gb44CC,QlJJREdFU1RPTkUg44OW44Oq44OC44K544OI44OzIFNuZWFrZXIgMTY1LzcwUjEyIDc3U++8muOCv+OCpOODpOOCueODhuODvOOCuOOAgOa5mOWNl+OAgOalveWkqeW4guWgtOW6lw==,QlJJREdFU1RPTkUg44OW44Oq44OC44K544OI44OzIFNuZWFrZXIgMTY1LzcwUjEyIDc3Uw==,44CQ6YCB5paZ54Sh5paZ44CM5rKW57iE77yM6Zui5bO244Gv6Zmk44GP44CN44CR44CCQlJJREdFU1RPTkUg44OW44Oq44OC44K544OI44OzIFNuZWFrZXIgMTY1LzcwUjEyIDc3Uw==[rn]
34-95792,aHR0cDovL3RzaG9wLnIxMHMuanAvdGlyZXN0YWdlL2NhYmluZXQvZWotaXRfYnJpZGdlc3RvbmUvc25lYWtlcnNuazJfMDAxLmpwZz9maXRpbj03MDA6NzAw,MzQ1Ni4wMDAw,,6LuK55So5ZOB44O744OQ44Kk44Kv55So5ZOBID4g44Kr44O855So5ZOBID4g44K144Oe44O844K/44Kk44Ok,QlJJREdFU1RPTkUg44OW44Oq44OC44K544OI44OzIFNORUFLRVIgU05LMiAxNTUvNzBSMTIgNzNT,44CQ6YCB5paZ54Sh5paZ44CM5rKW57iE77yM6Zui5bO244Gv6Zmk44GP44CN44CR,44CA5Zyo5bqr44Gv5bqX6IiX44Go6YCj5YuV44GX44Gm44GK44KK44G+44GZ44CC44GU5rOo5paH44GE44Gf44Gg44GE44Gf6Zqb44Gr5Zyo5bqr5YiH44KM44Gu5aC05ZCI44Gv44GK5pmC6ZaT44KS44GE44Gf44Gg44GP44GT44Go44GM44GU44GW44GE44G+44GZ44CC5Zyo5bqr56K66KqN44Gq44Gp44GK5rCX6Lu944Gr44GK5ZWP5ZCI44Gb5LiL44GV44GE44CCPGJyPjxiPumAgeaWmeeEoeaWmeOCteODvOODk+OCueOBr+aylue4hOODu+mbouWztuOBr+WvvuixoeWkluOBqOOBleOBm+OBpuOBhOOBn+OBoOOBjeOBvuOBmeOAgjwvYj4KPGZvbnQgY29sb3I9IiNGRjMzMzMiPjxicj7mspbnuITjgIHpm6Lls7bjga7loLTlkIjjga/jgIHkuK3ntpnmlpnph5HjgYzliKXpgJTlv4XopoHjgajjgarjgorjgb7jgZnjgII8YnI+5Lit57aZ5paZ6YeR44Gr44Gk44GN44G+44GX44Gm44Gv44CB5b2T5bqX44K544K/44OD44OV44G+44Gn44GK5rCX6Lu944Gr44GK5ZWP44GE5ZCI44KP44Gb44GP44Gg44GV44GE44G+44Gb44CC,QlJJREdFU1RPTkUg44OW44Oq44OC44K544OI44OzIFNORUFLRVIgU05LMiAxNTUvNzBSMTIgNzNT77ya44K/44Kk44Ok44K544OG44O844K444CA5rmY5Y2X44CA5qW95aSp5biC5aC05bqX,QlJJREdFU1RPTkUg44OW44Oq44OC44K544OI44OzIFNORUFLRVIgU05LMiAxNTUvNzBSMTIgNzNT,44CQ6YCB5paZ54Sh5paZ44CM5rKW57iE77yM6Zui5bO244Gv6Zmk44GP44CN44CR44CCQlJJREdFU1RPTkUg44OW44Oq44OC44K544OI44OzIFNORUFLRVIgU05LMiAxNTUvNzBSMTIgNzNT[rn]
34-95793,aHR0cDovL3RzaG9wLnIxMHMuanAvdGlyZXN0YWdlL2NhYmluZXQvYnJpZGdlc3RvbmUvZWNvcGlhL2Vjb3BpYXB6LXhjLTEuanBnP2ZpdGluPTcwMDo3MDA=,ODE2MC4wMDAw,,6LuK55So5ZOB44O744OQ44Kk44Kv55So5ZOBID4g44Kr44O855So5ZOBID4g44K144Oe44O844K/44Kk44Ok,QlJJREdFU1RPTkUg44OW44Oq44OC44K544OI44OzIEVDT1BJQSBQWi1YQyAxNjUvNTVSMTQgNzlTIOOCqOOCs+ODlOOColBaWEM=,44CQ6YCB5paZ54Sh5paZ44CM5rKW57iE77yM6Zui5bO244Gv6Zmk44GP44CN44CR,44CA5Zyo5bqr44Gv5bqX6IiX44Go6YCj5YuV44GX44Gm44GK44KK44G+44GZ44CC44GU5rOo5paH44GE44Gf44Gg44GE44Gf6Zqb44Gr5Zyo5bqr5YiH44KM44Gu5aC05ZCI44Gv44GK5pmC6ZaT44KS44GE44Gf44Gg44GP44GT44Go44GM44GU44GW44GE44G+44GZ44CC5Zyo5bqr56K66KqN44Gq44Gp44GK5rCX6Lu944Gr44GK5ZWP5ZCI44Gb5LiL44GV44GE44CCPGJyPjxiPumAgeaWmeeEoeaWmeOCteODvOODk+OCueOBr+aylue4hOODu+mbouWztuOBr+WvvuixoeWkluOBqOOBleOBm+OBpuOBhOOBn+OBoOOBjeOBvuOBmeOAgjwvYj4KPGZvbnQgY29sb3I9IiNGRjMzMzMiPjxicj7mspbnuITjgIHpm6Lls7bjga7loLTlkIjjga/jgIHkuK3ntpnmlpnph5HjgYzliKXpgJTlv4XopoHjgajjgarjgorjgb7jgZnjgII8YnI+5Lit57aZ5paZ6YeR44Gr44Gk44GN44G+44GX44Gm44Gv44CB5b2T5bqX44K544K/44OD44OV44G+44Gn44GK5rCX6Lu944Gr44GK5ZWP44GE5ZCI44KP44Gb44GP44Gg44GV44GE44G+44Gb44CC,QlJJREdFU1RPTkUg44OW44Oq44OC44K544OI44OzIEVDT1BJQSBQWi1YQyAxNjUvNTVSMTQgNzlTIOOCqOOCs+ODlOOColBaWEPvvJrjgr/jgqTjg6Tjgrnjg4bjg7zjgrjjgIDmuZjljZfjgIDmpb3lpKnluILloLTlupc=,QlJJREdFU1RPTkUg44OW44Oq44OC44K544OI44OzIEVDT1BJQSBQWi1YQyAxNjUvNTVSMTQgNzlTIOOCqOOCs+ODlOOColBaWEM=,44CQ6YCB5paZ54Sh5paZ44CM5rKW57iE77yM6Zui5bO244Gv6Zmk44GP44CN44CR44CCQlJJREdFU1RPTkUg44OW44Oq44OC44K544OI44OzIEVDT1BJQSBQWi1YQyAxNjUvNTVSMTQgNzlTIOOCqOOCs+ODlOOColBaWEM=[rn]
34-95794,aHR0cDovL3RzaG9wLnIxMHMuanAvdGlyZXN0YWdlL2NhYmluZXQvYnJpZGdlc3RvbmUvZHVlbGVyL2ltZ3JjMDA5MTUwMjk0My5qcGc/Zml0aW49NzAwOjcwMA==,ODg0Ny4yMDAw,,6LuK55So5ZOB44O744OQ44Kk44Kv55So5ZOBID4g44Kr44O855So5ZOBID4g44K144Oe44O844K/44Kk44Ok,QlJJREdFU1RPTkUg44OW44Oq44OC44K544OI44OzIERVRUxFUiBBL1QwMDEgMTc1LzgwUjE1IDkwUyBSQkwg44OH44Ol44O844Op44O8,44CQ6YCB5paZ54Sh5paZ44CM5rKW57iE77yM6Zui5bO244Gv6Zmk44GP44CN44CR,44CA5Zyo5bqr44Gv5bqX6IiX44Go6YCj5YuV44GX44Gm44GK44KK44G+44GZ44CC44GU5rOo5paH44GE44Gf44Gg44GE44Gf6Zqb44Gr5Zyo5bqr5YiH44KM44Gu5aC05ZCI44Gv44GK5pmC6ZaT44KS44GE44Gf44Gg44GP44GT44Go44GM44GU44GW44GE44G+44GZ44CC5Zyo5bqr56K66KqN44Gq44Gp44GK5rCX6Lu944Gr44GK5ZWP5ZCI44Gb5LiL44GV44GE44CCPGJyPjxiPumAgeaWmeeEoeaWmeOCteODvOODk+OCueOBr+aylue4hOODu+mbouWztuOBr+WvvuixoeWkluOBqOOBleOBm+OBpuOBhOOBn+OBoOOBjeOBvuOBmeOAgjwvYj4KPGZvbnQgY29sb3I9IiNGRjMzMzMiPjxicj7mspbnuITjgIHpm6Lls7bjga7loLTlkIjjga/jgIHkuK3ntpnmlpnph5HjgYzliKXpgJTlv4XopoHjgajjgarjgorjgb7jgZnjgII8YnI+5Lit57aZ5paZ6YeR44Gr44Gk44GN44G+44GX44Gm44Gv44CB5b2T5bqX44K544K/44OD44OV44G+44Gn44GK5rCX6Lu944Gr44GK5ZWP44GE5ZCI44KP44Gb44GP44Gg44GV44GE44G+44Gb44CC,QlJJREdFU1RPTkUg44OW44Oq44OC44K544OI44OzIERVRUxFUiBBL1QwMDEgMTc1LzgwUjE1IDkwUyBSQkwg44OH44Ol44O844Op44O877ya44K/44Kk44Ok44K544OG44O844K444CA5rmY5Y2X44CA5qW95aSp5biC5aC05bqX,QlJJREdFU1RPTkUg44OW44Oq44OC44K544OI44OzIERVRUxFUiBBL1QwMDEgMTc1LzgwUjE1IDkwUyBSQkwg44OH44Ol44O844Op44O8,44CQ6YCB5paZ54Sh5paZ44CM5rKW57iE77yM6Zui5bO244Gv6Zmk44GP44CN44CR44CCQlJJREdFU1RPTkUg44OW44Oq44OC44K544OI44OzIERVRUxFUiBBL1QwMDEgMTc1LzgwUjE1IDkwUyBSQkwg44OH44Ol44O844Op44O8[rn]
34-95795,aHR0cDovL3RzaG9wLnIxMHMuanAvdGlyZXN0YWdlL2NhYmluZXQvZmFsa2VuL3plaXgvaW1ncmMwMDgxNDk0Mzg4LmpwZz9maXRpbj03MDA6NzAw,NTI2MS42MDAw,,6LuK55So5ZOB44O744OQ44Kk44Kv55So5ZOBID4g44Kr44O855So5ZOBID4g44K144Oe44O844K/44Kk44Ok,RkFMS0VOIFpFSVggWkU5MTRGIDE2NS81NVIxNSA3NVYg44OV44Kh44Or44Kx44OzIOOCuOODvOOCr+OCuQ==,44CQ6YCB5paZ54Sh5paZ44CM5rKW57iE77yM6Zui5bO244Gv6Zmk44GP44CN44CR,44CA5Zyo5bqr44Gv5bqX6IiX44Go6YCj5YuV44GX44Gm44GK44KK44G+44GZ44CC44GU5rOo5paH44GE44Gf44Gg44GE44Gf6Zqb44Gr5Zyo5bqr5YiH44KM44Gu5aC05ZCI44Gv44GK5pmC6ZaT44KS44GE44Gf44Gg44GP44GT44Go44GM44GU44GW44GE44G+44GZ44CC5Zyo5bqr56K66KqN44Gq44Gp44GK5rCX6Lu944Gr44GK5ZWP5ZCI44Gb5LiL44GV44GE44CCPGJyPjxiPumAgeaWmeeEoeaWmeOCteODvOODk+OCueOBr+aylue4hOODu+mbouWztuOBr+WvvuixoeWkluOBqOOBleOBm+OBpuOBhOOBn+OBoOOBjeOBvuOBmeOAgjwvYj4KPGZvbnQgY29sb3I9IiNGRjMzMzMiPjxicj7mspbnuITjgIHpm6Lls7bjga7loLTlkIjjga/jgIHkuK3ntpnmlpnph5HjgYzliKXpgJTlv4XopoHjgajjgarjgorjgb7jgZnjgII8YnI+5Lit57aZ5paZ6YeR44Gr44Gk44GN44G+44GX44Gm44Gv44CB5b2T5bqX44K544K/44OD44OV44G+44Gn44GK5rCX6Lu944Gr44GK5ZWP44GE5ZCI44KP44Gb44GP44Gg44GV44GE44G+44Gb44CC,RkFMS0VOIFpFSVggWkU5MTRGIDE2NS81NVIxNSA3NVYg44OV44Kh44Or44Kx44OzIOOCuOODvOOCr+OCue+8muOCv+OCpOODpOOCueODhuODvOOCuOOAgOa5mOWNl+OAgOalveWkqeW4guWgtOW6lw==,RkFMS0VOIFpFSVggWkU5MTRGIDE2NS81NVIxNSA3NVYg44OV44Kh44Or44Kx44OzIOOCuOODvOOCr+OCuQ==,44CQ6YCB5paZ54Sh5paZ44CM5rKW57iE77yM6Zui5bO244Gv6Zmk44GP44CN44CR44CCRkFMS0VOIFpFSVggWkU5MTRGIDE2NS81NVIxNSA3NVYg44OV44Kh44Or44Kx44OzIOOCuOODvOOCr+OCuQ==[rn]
34-95796,aHR0cDovL3RzaG9wLnIxMHMuanAvdGlyZXN0YWdlL2NhYmluZXQvYnJpZGdlc3RvbmUvcGxheXovaW1ncmMwMDgxNTAxNzU4LmpwZz9maXRpbj03MDA6NzAw,NjM5My42MDAw,,6LuK55So5ZOB44O744OQ44Kk44Kv55So5ZOBID4g44Kr44O855So5ZOBID4g44K144Oe44O844K/44Kk44Ok,QlJJREdFU1RPTkUgUGxheXogUFgtQyAxNjUvNjVSMTQgNzlTIOODluODquODguOCueODiOODsyDjg5fjg6zjgqTjgrogUFgtQw==,44CQ6YCB5paZ54Sh5paZ44CM5rKW57iE77yM6Zui5bO244Gv6Zmk44GP44CN44CR,44CA5Zyo5bqr44Gv5bqX6IiX44Go6YCj5YuV44GX44Gm44GK44KK44G+44GZ44CC44GU5rOo5paH44GE44Gf44Gg44GE44Gf6Zqb44Gr5Zyo5bqr5YiH44KM44Gu5aC05ZCI44Gv44GK5pmC6ZaT44KS44GE44Gf44Gg44GP44GT44Go44GM44GU44GW44GE44G+44GZ44CC5Zyo5bqr56K66KqN44Gq44Gp44GK5rCX6Lu944Gr44GK5ZWP5ZCI44Gb5LiL44GV44GE44CCPGJyPjxiPumAgeaWmeeEoeaWmeOCteODvOODk+OCueOBr+aylue4hOODu+mbouWztuOBr+WvvuixoeWkluOBqOOBleOBm+OBpuOBhOOBn+OBoOOBjeOBvuOBmeOAgjwvYj4KPGZvbnQgY29sb3I9IiNGRjMzMzMiPjxicj7mspbnuITjgIHpm6Lls7bjga7loLTlkIjjga/jgIHkuK3ntpnmlpnph5HjgYzliKXpgJTlv4XopoHjgajjgarjgorjgb7jgZnjgII8YnI+5Lit57aZ5paZ6YeR44Gr44Gk44GN44G+44GX44Gm44Gv44CB5b2T5bqX44K544K/44OD44OV44G+44Gn44GK5rCX6Lu944Gr44GK5ZWP44GE5ZCI44KP44Gb44GP44Gg44GV44GE44G+44Gb44CC,QlJJREdFU1RPTkUgUGxheXogUFgtQyAxNjUvNjVSMTQgNzlTIOODluODquODguOCueODiOODsyDjg5fjg6zjgqTjgrogUFgtQ++8muOCv+OCpOODpOOCueODhuODvOOCuOOAgOa5mOWNl+OAgOalveWkqeW4guWgtOW6lw==,QlJJREdFU1RPTkUgUGxheXogUFgtQyAxNjUvNjVSMTQgNzlTIOODluODquODguOCueODiOODsyDjg5fjg6zjgqTjgrogUFgtQw==,44CQ6YCB5paZ54Sh5paZ44CM5rKW57iE77yM6Zui5bO244Gv6Zmk44GP44CN44CR44CCQlJJREdFU1RPTkUgUGxheXogUFgtQyAxNjUvNjVSMTQgNzlTIOODluODquODguOCueODiOODsyDjg5fjg6zjgqTjgrogUFgtQw==[rn]
34-95797,aHR0cDovL3RzaG9wLnIxMHMuanAvc3R5bGVtYXJrZXQvY2FiaW5ldC9tYW5hZ2VkL2ltZzEyLzEyNTI5LmpwZz9maXRpbj03MDA6NzAw,NTEyOC4wMDAw,,6LuK55So5ZOB44O744OQ44Kk44Kv55So5ZOBID4g44Kr44O855So5ZOBID4g44K544K/44OD44OJ44Os44K544K/44Kk44Ok,44K544K/44OD44OJ44Os44K544K/44Kk44OkIOODluODquODguOCueODiOODsyBCTElaWkFLIFJFVk8gOTY5IDE0NVIxMiA2UFI=,44CQMTQ1UjEyIDZQUuOAkQ==,PHA+PGltZyBzcmM9Imh0dHA6Ly93d3cucmFrdXRlbi5uZS5qcC9nb2xkL3N0eWxlbWFya2V0L3dwLWNvbnRlbnQvdGhlbWVzL3N0eWxlbWFya2V0L2ltYWdlcy9zaG9wL3Jha3V0ZW5fZGV0YWlsX3RpcmVjb3Vwb25fZGV0YWlsLmpwZyI+PC9wPjxwPjxpbWcgc3JjPSJodHRwOi8vaW1hZ2UucmFrdXRlbi5jby5qcC9zdHlsZW1hcmtldC9jYWJpbmV0L21hbmFnZWQvaW1nMTIvMTI1MjkuanBnIj48L3A+PHN0cm9uZyBjbGFzcz0iYmctb3JhbmdlbGluZSI+5ZWG5ZOB6Kqs5piOPC9zdHJvbmc+PHA+PGI+5rC36Lev6Z2i44Gr54mZ44GM5Yq544GP44CC44OT44K444ON44K544K344O844Oz44KS5pSv44GI44KL44OQ44Oz44O75bCP5Z6L44OI44Op44OD44Kv55So44K544K/44OD44OJ44Os44K544CCPC9iPjxicj7pmaTmsLfjgajniZnjgYzjgIHmsLfkuIrjgavlirnjgY/jgILjgIxMVOWwgueUqOODrOODnOeZuuegsuOCtOODoOOAjeaOoeeUqOOAgjxicj7jg5DjgqTjg4jnspLlrZDjgYzmsLfot6/pnaLjgavlkqzjgb/jgaTjgY/jgII8YnI+44OA44OW44Or44Gu44K144Kk44OX44Gn5Yq544GP44CC44CMM0TjgrPjg7Pjg5Pjg43jg7zjgrfjg6fjg7PjgrXjgqTjg5fjgI08L3A+PHN0cm9uZyBjbGFzcz0iYmctb3JhbmdlbGluZSI+6KO95ZOB5LuV5qeYPC9zdHJvbmc+PHA+44Oh44O844Kr44O877yaQlJJREdFU1RPTkXvvIjjg5bjg6rjg4Ljgrnjg4jjg7PvvIk8YnI+44OR44K/44O844Oz77yaQkxJWlpBSyBSRVZPIDk2Oe+8iOODluODquOCtuODg+OCryDjg6zjg5zjgq3jg6Xjg7zjg63jgq/jgq3jg6Xjg7zvvIk8YnI+44K144Kk44K677yaMTQ1UjEyIDZQUu+8iOODgeODpeODvOODluODrOOCueOCv+OCpOODl++8iTwvcD48c3Ryb25nIGNsYXNzPSJiZy1vcmFuZ2VsaW5lIj7jgrnjgr/jg4Pjg5XjgrPjg6Hjg7Pjg4g8L3N0cm9uZz48cD7jg5Djg7Pjg7vlsI/lnovjg4jjg6njg4Pjgq/lsILnlKjjgavoqK3oqIjjgZXjgozjgZ/pq5jmgKfog73jgrnjgr/jg4Pjg4njg6zjgrnjgr/jgqTjg6TjgafjgZnjgII8L3A+PHN0cm9uZyBjbGFzcz0iYmctb3JhbmdlbGluZSI+44Gd44Gu5LuWPC9zdHJvbmc+PHA+PGZvbnQgY29sb3I9Im9yYW5nZSI+PGI+44GK5a6i5qeY44KI44KK44GT44KT44Gq44GK5ZWP44GE5ZCI44KP44Gb44KS44GE44Gf44Gg44GN44G+44GX44GfPC9iPjwvZm9udD48YnI+PGJyPjxiPlE66KO96YCg5bm044Gv5oyH5a6a44Gn44GN44G+44GZ44GL77yfPC9iPjxicj48Zm9udCBjb2xvcj0ib3JhbmdlIj48Yj5BOjwvYj48L2ZvbnQ+44GK5a6i5qeY44G444Gu44K144O844OT44K544Gu5LiA55Kw44Go44GX44Gm44Kv44O844Od44Oz44KS44GU55So5oSP6Ie044GX44G+44GX44Gf44CCPGJyPuOCr+ODvOODneODs+OBqOS4gOe3kuOBq+OCv+OCpOODpOOCkuOBlOazqOaWh+OBhOOBn+OBoOOBj+OBk+OBqOOBp+OAgeWuieW/g+OBl+OBpuaWsOOBl+OBhOOCv+OCpOODpOOBruOBiuWxiuOBkeOCkuOBiuW+heOBoeS4i+OBleOBhOOAgjxicj48YnI+PGI+UTox5pys44Gu5L6h5qC844Gn44GZ44GL77yfPC9iPjxicj48Zm9udCBjb2xvcj0ib3JhbmdlIj48Yj5BOjwvYj48L2ZvbnQ+44Gv44GE44CC44K/44Kk44OkMeacrOOBruS+oeagvOOBqOOBquOCiuOBvuOBmeOAgjxicj405pys44GU5rOo5paH44Gu5aC05ZCI44Gv44CO6KGo56S65L6h5qC8w5c044CP44Gr44Gq44KK44G+44GZ44CCPGJyPjxicj48Yj5ROuODm+OCpOODvOODq+OBr+S7mOWxnuOBl+OBvuOBmeOBi++8nzwvYj48YnI+PGZvbnQgY29sb3I9Im9yYW5nZSI+PGI+QTo8L2I+PC9mb250PuihqOekuuS+oeagvOOBr+aWsOWTgeOCv+OCpOODpDHmnKzjga7kvqHmoLzjgajjgarjgorjgIHjg5vjgqTjg7zjg6vjga/ku5jlsZ7jgZfjgb7jgZvjgpPjgII8YnI+44Ob44Kk44O844Or44KS44GU5biM5pyb44Gu44GK5a6i5qeY44Gr44Gv5Yil6YCU44GK6KaL56mN44KC44KK44KS44GE44Gf44GX44G+44GZ44Gu44Gn44CB6LuK56iu44CB5bm05byP44CB5Z6L5byP44CB44K/44Kk44Ok44K144Kk44K644KS6KiY6LyJ44Gu5LiK44CB44GK5ZWP44GE5ZCI44KP44Gb44GP44Gg44GV44GE44G+44Gb44CCPGJyPjxicj48Yj5ROuS7iumgvOOCk+OBoOOCieOBhOOBpOWxiuOBjeOBvuOBmeOBi++8nzwvYj48YnI+PGZvbnQgY29sb3I9Im9yYW5nZSI+PGI+QTo8L2I+PC9mb250Puaxuua4iOOBjOeiuuiqjeOBp+OBjeOCjOOBsOOAgeOBlOazqOaWh+aXpeOBi+OCiTLllrbmpa3ml6Xku6XlhoXjgavntIQ5MCXjga7jgZTms6jmlofjga7llYblk4HjgpLnmbrpgIHjgafjgY3jgabjgYTjgb7jgZnjgII8YnI+5q6L44KK44Gu57SEOCXjga8xMOWWtualreaXpeS7peWGheOAgeasoOWTgeOBp+e0jeacn+OBruebruWHpuOBjOeri+OBn+OBmuOBq+OBiuWxiuOBkeOBp+OBjeOBquOBhOOCguOBruOBrzIl5byx44Go44Gq44Gj44Gm44GK44KK44G+44GZ44CCPGJyPjxicj48Yj5ROumAgeaWmeOBr+OBhOOBj+OCieOBp+OBmeOBi++8nzwvYj48YnI+PGZvbnQgY29sb3I9Im9yYW5nZSI+PGI+QTo8L2I+PC9mb250PuW/heimgeacrOaVsOOBq+W/nOOBmOOBn+aWmemHkeihqOOBjOOBlOOBluOBhOOBvuOBmeOBruOBp+OAgeOBneOBoeOCieOCkuOBlOeiuuiqjeS4i+OBleOBhOOAgjxicj48YnI+PGI+UTrnqI7ovrzjgb/jgafjgZnjgYvvvJ88L2I+PGJyPjxmb250IGNvbG9yPSJvcmFuZ2UiPjxiPkE6PC9iPjwvZm9udD7nqI7ovrzkvqHmoLzjgafooajnpLrjgZfjgabjgYrjgorjgb7jgZnjgII8YnI+5YaF56iO44Gn44GZ44Gu44Gn44CB5a6J5b+D44GX44Gm44GK6LK344GE5rGC44KB5LiL44GV44GE44CCPC9wPjxwPjxpbWcgc3JjPSJodHRwOi8vd3d3LnJha3V0ZW4ubmUuanAvZ29sZC9zdHlsZW1hcmtldC93cC1jb250ZW50L3RoZW1lcy9zdHlsZW1hcmtldC9pbWFnZXMvc2hvcC9kZXRhaWxfaWNvbl9wYWNrX29rLmdpZiIgYWx0PSLlkIzmorHlj68iPjxpbWcgc3JjPSJodHRwOi8vd3d3LnJha3V0ZW4ubmUuanAvZ29sZC9zdHlsZW1hcmtldC93cC1jb250ZW50L3RoZW1lcy9zdHlsZW1hcmtldC9pbWFnZXMvc2hvcC9kZXRhaWxfaWNvbl9naWZ0X25nLmdpZiIgYWx0PSLjg6njg4Pjg5Tjg7PjgrDkuI3lj68iPjxpbWcgc3JjPSJodHRwOi8vd3d3LnJha3V0ZW4ubmUuanAvZ29sZC9zdHlsZW1hcmtldC93cC1jb250ZW50L3RoZW1lcy9zdHlsZW1hcmtldC9pbWFnZXMvc2hvcC9kZXRhaWxfaWNvbl96YWlrb19vci5naWYiIGFsdD0i44Oh44O844Kr44O85Y+W5a+EIj48aW1nIHNyYz0iaHR0cDovL3d3dy5yYWt1dGVuLm5lLmpwL2dvbGQvc3R5bGVtYXJrZXQvd3AtY29udGVudC90aGVtZXMvc3R5bGVtYXJrZXQvaW1hZ2VzL3Nob3AvZGV0YWlsX2ljb25fc2l0ZWlfbmcuZ2lmIiBhbHQ9IuaXpeaZguaMh+WumuWkieWLleOBguOCiiI+PGltZyBzcmM9Imh0dHA6Ly93d3cucmFrdXRlbi5uZS5qcC9nb2xkL3N0eWxlbWFya2V0L3dwLWNvbnRlbnQvdGhlbWVzL3N0eWxlbWFya2V0L2ltYWdlcy9zaG9wL2RldGFpbF9pY29uX3BheW1lbnRfYmFuay5naWYiIGFsdD0i6YqA6KGM5oyv6L68Ij48aW1nIHNyYz0iaHR0cDovL3d3dy5yYWt1dGVuLm5lLmpwL2dvbGQvc3R5bGVtYXJrZXQvd3AtY29udGVudC90aGVtZXMvc3R5bGVtYXJrZXQvaW1hZ2VzL3Nob3AvZGV0YWlsX2ljb25fcGF5bWVudF9kYWliaWtpLmdpZiIgYWx0PSLku6Pph5HlvJXmj5siPjxpbWcgc3JjPSJodHRwOi8vd3d3LnJha3V0ZW4ubmUuanAvZ29sZC9zdHlsZW1hcmtldC93cC1jb250ZW50L3RoZW1lcy9zdHlsZW1hcmtldC9pbWFnZXMvc2hvcC9kZXRhaWxfaWNvbl9zb3VyeW91X3NwLmdpZiIgYWx0PSLnibnmrorpgIHmlpkiPjxicj48aW1nIHNyYz0iaHR0cDovL3d3dy5yYWt1dGVuLm5lLmpwL2dvbGQvc3R5bGVtYXJrZXQvd3AtY29udGVudC90aGVtZXMvc3R5bGVtYXJrZXQvaW1hZ2VzL3Nob3AvZGV0YWlsX2ljb25feWFqaXJ1c2kuZ2lmIj7jgqLjgqTjgrPjg7Pjga7oqqzmmI7jga/jgZPjgaHjgok8L3A+,44K544K/44OD44OJ44Os44K544K/44Kk44OkIOODluODquODguOCueODiOODsyBCTElaWkFLIFJFVk8gOTY5IDE0NVIxMiA2UFLvvJrjgrnjgr/jgqTjg6vjg57jg7zjgrHjg4Pjg4jjgIDmpb3lpKnluILloLTlupc=,5r+A5a6J44K/44Kk44Ok5Lit5Y+k44Kr44O855So5ZOB44Kr44O844OR44O844OE44Kr44O844OK44OT44Ky44O844K344On44Oz5a6J44GEQ0FS44Kr44O844Kq44O844OH44Kj44Kq6LuK44Ki44Km44OI44Os44OD44OI44Ob44Kk44Or44K544OG44OD44OX44Ov44K044Oz44K344O844OI44Kr44OQ44O844K544K/44OD44OJ44Os44K544OY44Or44Oh44OD44OI6LKp5aOy44Oe44OV44Op44O844K144K544Oa44Oz44K344On44Oz44Kq44O844OI44Ko44Ki44Ot44OR44O844OE44K544K/44OD44OJ44Os44K544K/44Kk44OkIOODluODquODguOCueODiOODsyBCTElaWkFLIFJFVk8gOTY5IDE0NVIxMiA2UFI=,44CQMTQ1UjEyIDZQUuOAkeOAguOCueOCv+ODg+ODieODrOOCueOCv+OCpOODpCDjg5bjg6rjg4Ljgrnjg4jjg7MgQkxJWlpBSyBSRVZPIDk2OSAxNDVSMTIgNlBS[rn]
34-95798,aHR0cDovL3RzaG9wLnIxMHMuanAvc3R5bGVtYXJrZXQvY2FiaW5ldC9tYW5hZ2VkL2ltZzE0LzE0MDA1LmpwZz9maXRpbj03MDA6NzAw,MzgwOC4wMDAw,,6LuK55So5ZOB44O744OQ44Kk44Kv55So5ZOBID4g44Kr44O855So5ZOBID4g44K544K/44OD44OJ44Os44K544K/44Kk44Ok,44K544K/44OD44OJ44Os44K544K/44Kk44OkIOODqOOCs+ODj+ODniBpY2UgR1VBUkQgNSBpRzUwIDE0NS84MFIxMiA3NFE=,44CQMTQ1LzgwUjEyIDc0UeOAkQ==,PHA+PGltZyBzcmM9Imh0dHA6Ly93d3cucmFrdXRlbi5uZS5qcC9nb2xkL3N0eWxlbWFya2V0L3dwLWNvbnRlbnQvdGhlbWVzL3N0eWxlbWFya2V0L2ltYWdlcy9zaG9wL3Jha3V0ZW5fZGV0YWlsX3RpcmVjb3Vwb25fZGV0YWlsLmpwZyI+PC9wPjxwPjxpbWcgc3JjPSJodHRwOi8vaW1hZ2UucmFrdXRlbi5jby5qcC9zdHlsZW1hcmtldC9jYWJpbmV0L21hbmFnZWQvaW1nMTQvMTQwMDUuanBnIj48L3A+PHN0cm9uZyBjbGFzcz0iYmctb3JhbmdlbGluZSI+5ZWG5ZOB6Kqs5piOPC9zdHJvbmc+PHA+PGI+5YSq44KM44Gf5rC35LiK5oCn6IO944KS44GV44KJ44Gr5ZCR5LiK44GV44Gb44GfWU9LT0hBTUHjga7mnIDpq5jlgpHkvZw8L2I+PGJyPuODuzgl55+t44GP5q2i44G+44KL44CCPGJyPuOCueODvOODkeODvOWQuOawtOOCtOODoOOBqOmdnuWvvuensOODkeOCv+ODvOODs+OBruebuOS5l+WKueaenOOBp+awt+S4iuWItuWLleaAp+iDveOBjDgl5ZCR5LiK44CCPGJyPuODu+e0hDPlubTlvozjgoLpq5jjg6zjg5njg6vjga7msLfkuIrjgrDjg6rjg4Pjg5flips8YnI+57SEM+W5tOW+jOOBruawt+S4iuejqOiAl+aMh+aVsOOBruS9juS4i+WJsuWQiOOBr+OAgeOCouOCpOOCueOCrOODvOODieODiOODquODl+ODq+ODl+ODqeOCueOBrue0hDEvM+OAgjxicj7jg7vjgZPjgo3jgYzjgormirXmipfntIQ177yF5L2O5rib44CCPGJyPuOCv+OCpOODpOODl+ODreODleOCoeOCpOODq+OBruimi+ebtOOBl+etieOBp+eZuueGseOBq+OCiOOCi+OCqOODjeODq+OCruODvOODreOCueOCkuaUueWWhDxicj7jgZPjgo3jgYzjgormirXmipfjga7kvY7muJvjga/nh4Posrvjga7mlLnlloTjgavosqLnjK7jgZfjgb7jgZnjgII8L3A+PHN0cm9uZyBjbGFzcz0iYmctb3JhbmdlbGluZSI+6KO95ZOB5LuV5qeYPC9zdHJvbmc+PHA+44Oh44O844Kr44O877yaWU9LT0hBTUHvvIjjg6jjgrPjg4/jg57vvIk8YnI+44OR44K/44O844Oz77yaaWNlIEdVQVJEIDUgaUc1MO+8iOOCouOCpOOCueOCrOODvOODiSDjg5XjgqHjgqTjg5Yg44Ki44Kk44K444O844K044K444Ol44Km77yJPGJyPuOCteOCpOOCuu+8mjE0NS84MFIxMiA3NFE8L3A+PHN0cm9uZyBjbGFzcz0iYmctb3JhbmdlbGluZSI+44K544K/44OD44OV44Kz44Oh44Oz44OIPC9zdHJvbmc+PHA+44GV44G+44GW44G+44Gq5YeN57WQ6Lev6Z2i44Gr44KC5Yq544GP44CCWU9LT0hBTUHjga7mnIDpq5jlgpHkvZzjgYzoqpXnlJ/jgZfjgb7jgZfjgZ/jgII8L3A+PHN0cm9uZyBjbGFzcz0iYmctb3JhbmdlbGluZSI+44Gd44Gu5LuWPC9zdHJvbmc+PHA+PGZvbnQgY29sb3I9Im9yYW5nZSI+PGI+44GK5a6i5qeY44KI44KK44GT44KT44Gq44GK5ZWP44GE5ZCI44KP44Gb44KS44GE44Gf44Gg44GN44G+44GX44GfPC9iPjwvZm9udD48YnI+PGJyPjxiPlE66KO96YCg5bm044Gv5oyH5a6a44Gn44GN44G+44GZ44GL77yfPC9iPjxicj48Zm9udCBjb2xvcj0ib3JhbmdlIj48Yj5BOjwvYj48L2ZvbnQ+44GK5a6i5qeY44G444Gu44K144O844OT44K544Gu5LiA55Kw44Go44GX44Gm44Kv44O844Od44Oz44KS44GU55So5oSP6Ie044GX44G+44GX44Gf44CCPGJyPuOCr+ODvOODneODs+OBqOS4gOe3kuOBq+OCv+OCpOODpOOCkuOBlOazqOaWh+OBhOOBn+OBoOOBj+OBk+OBqOOBp+OAgeWuieW/g+OBl+OBpuaWsOOBl+OBhOOCv+OCpOODpOOBruOBiuWxiuOBkeOCkuOBiuW+heOBoeS4i+OBleOBhOOAgjxicj48YnI+PGI+UTox5pys44Gu5L6h5qC844Gn44GZ44GL77yfPC9iPjxicj48Zm9udCBjb2xvcj0ib3JhbmdlIj48Yj5BOjwvYj48L2ZvbnQ+44Gv44GE44CC44K/44Kk44OkMeacrOOBruS+oeagvOOBqOOBquOCiuOBvuOBmeOAgjxicj405pys44GU5rOo5paH44Gu5aC05ZCI44Gv44CO6KGo56S65L6h5qC8w5c044CP44Gr44Gq44KK44G+44GZ44CCPGJyPjxicj48Yj5ROuODm+OCpOODvOODq+OBr+S7mOWxnuOBl+OBvuOBmeOBi++8nzwvYj48YnI+PGZvbnQgY29sb3I9Im9yYW5nZSI+PGI+QTo8L2I+PC9mb250PuihqOekuuS+oeagvOOBr+aWsOWTgeOCv+OCpOODpDHmnKzjga7kvqHmoLzjgajjgarjgorjgIHjg5vjgqTjg7zjg6vjga/ku5jlsZ7jgZfjgb7jgZvjgpPjgII8YnI+44Ob44Kk44O844Or44KS44GU5biM5pyb44Gu44GK5a6i5qeY44Gr44Gv5Yil6YCU44GK6KaL56mN44KC44KK44KS44GE44Gf44GX44G+44GZ44Gu44Gn44CB6LuK56iu44CB5bm05byP44CB5Z6L5byP44CB44K/44Kk44Ok44K144Kk44K644KS6KiY6LyJ44Gu5LiK44CB44GK5ZWP44GE5ZCI44KP44Gb44GP44Gg44GV44GE44G+44Gb44CCPGJyPjxicj48Yj5ROuS7iumgvOOCk+OBoOOCieOBhOOBpOWxiuOBjeOBvuOBmeOBi++8nzwvYj48YnI+PGZvbnQgY29sb3I9Im9yYW5nZSI+PGI+QTo8L2I+PC9mb250Puaxuua4iOOBjOeiuuiqjeOBp+OBjeOCjOOBsOOAgeOBlOazqOaWh+aXpeOBi+OCiTLllrbmpa3ml6Xku6XlhoXjgavntIQ5MCXjga7jgZTms6jmlofjga7llYblk4HjgpLnmbrpgIHjgafjgY3jgabjgYTjgb7jgZnjgII8YnI+5q6L44KK44Gu57SEOCXjga8xMOWWtualreaXpeS7peWGheOAgeasoOWTgeOBp+e0jeacn+OBruebruWHpuOBjOeri+OBn+OBmuOBq+OBiuWxiuOBkeOBp+OBjeOBquOBhOOCguOBruOBrzIl5byx44Go44Gq44Gj44Gm44GK44KK44G+44GZ44CCPGJyPjxicj48Yj5ROumAgeaWmeOBr+OBhOOBj+OCieOBp+OBmeOBi++8nzwvYj48YnI+PGZvbnQgY29sb3I9Im9yYW5nZSI+PGI+QTo8L2I+PC9mb250PuW/heimgeacrOaVsOOBq+W/nOOBmOOBn+aWmemHkeihqOOBjOOBlOOBluOBhOOBvuOBmeOBruOBp+OAgeOBneOBoeOCieOCkuOBlOeiuuiqjeS4i+OBleOBhOOAgjxicj48YnI+PGI+UTrnqI7ovrzjgb/jgafjgZnjgYvvvJ88L2I+PGJyPjxmb250IGNvbG9yPSJvcmFuZ2UiPjxiPkE6PC9iPjwvZm9udD7nqI7ovrzkvqHmoLzjgafooajnpLrjgZfjgabjgYrjgorjgb7jgZnjgII8YnI+5YaF56iO44Gn44GZ44Gu44Gn44CB5a6J5b+D44GX44Gm44GK6LK344GE5rGC44KB5LiL44GV44GE44CCPC9wPjxwPjxpbWcgc3JjPSJodHRwOi8vd3d3LnJha3V0ZW4ubmUuanAvZ29sZC9zdHlsZW1hcmtldC93cC1jb250ZW50L3RoZW1lcy9zdHlsZW1hcmtldC9pbWFnZXMvc2hvcC9kZXRhaWxfaWNvbl9wYWNrX29rLmdpZiIgYWx0PSLlkIzmorHlj68iPjxpbWcgc3JjPSJodHRwOi8vd3d3LnJha3V0ZW4ubmUuanAvZ29sZC9zdHlsZW1hcmtldC93cC1jb250ZW50L3RoZW1lcy9zdHlsZW1hcmtldC9pbWFnZXMvc2hvcC9kZXRhaWxfaWNvbl9naWZ0X25nLmdpZiIgYWx0PSLjg6njg4Pjg5Tjg7PjgrDkuI3lj68iPjxpbWcgc3JjPSJodHRwOi8vd3d3LnJha3V0ZW4ubmUuanAvZ29sZC9zdHlsZW1hcmtldC93cC1jb250ZW50L3RoZW1lcy9zdHlsZW1hcmtldC9pbWFnZXMvc2hvcC9kZXRhaWxfaWNvbl96YWlrb19vci5naWYiIGFsdD0i44Oh44O844Kr44O85Y+W5a+EIj48aW1nIHNyYz0iaHR0cDovL3d3dy5yYWt1dGVuLm5lLmpwL2dvbGQvc3R5bGVtYXJrZXQvd3AtY29udGVudC90aGVtZXMvc3R5bGVtYXJrZXQvaW1hZ2VzL3Nob3AvZGV0YWlsX2ljb25fc2l0ZWlfbmcuZ2lmIiBhbHQ9IuaXpeaZguaMh+WumuWkieWLleOBguOCiiI+PGltZyBzcmM9Imh0dHA6Ly93d3cucmFrdXRlbi5uZS5qcC9nb2xkL3N0eWxlbWFya2V0L3dwLWNvbnRlbnQvdGhlbWVzL3N0eWxlbWFya2V0L2ltYWdlcy9zaG9wL2RldGFpbF9pY29uX3BheW1lbnRfYmFuay5naWYiIGFsdD0i6YqA6KGM5oyv6L68Ij48aW1nIHNyYz0iaHR0cDovL3d3dy5yYWt1dGVuLm5lLmpwL2dvbGQvc3R5bGVtYXJrZXQvd3AtY29udGVudC90aGVtZXMvc3R5bGVtYXJrZXQvaW1hZ2VzL3Nob3AvZGV0YWlsX2ljb25fcGF5bWVudF9kYWliaWtpLmdpZiIgYWx0PSLku6Pph5HlvJXmj5siPjxpbWcgc3JjPSJodHRwOi8vd3d3LnJha3V0ZW4ubmUuanAvZ29sZC9zdHlsZW1hcmtldC93cC1jb250ZW50L3RoZW1lcy9zdHlsZW1hcmtldC9pbWFnZXMvc2hvcC9kZXRhaWxfaWNvbl9zb3VyeW91X3NwLmdpZiIgYWx0PSLnibnmrorpgIHmlpkiPjxicj48aW1nIHNyYz0iaHR0cDovL3d3dy5yYWt1dGVuLm5lLmpwL2dvbGQvc3R5bGVtYXJrZXQvd3AtY29udGVudC90aGVtZXMvc3R5bGVtYXJrZXQvaW1hZ2VzL3Nob3AvZGV0YWlsX2ljb25feWFqaXJ1c2kuZ2lmIj7jgqLjgqTjgrPjg7Pjga7oqqzmmI7jga/jgZPjgaHjgok8L3A+,44K544K/44OD44OJ44Os44K544K/44Kk44OkIOODqOOCs+ODj+ODniBpY2UgR1VBUkQgNSBpRzUwIDE0NS84MFIxMiA3NFHvvJrjgrnjgr/jgqTjg6vjg57jg7zjgrHjg4Pjg4jjgIDmpb3lpKnluILloLTlupc=,5r+A5a6J44K/44Kk44Ok5Lit5Y+k44Kr44O855So5ZOB44Kr44O844OR44O844OE44Kr44O844OK44OT44Ky44O844K344On44Oz5a6J44GEQ0FS44Kr44O844Kq44O844OH44Kj44Kq6LuK44Ki44Km44OI44Os44OD44OI44Ob44Kk44Or44K544OG44OD44OX44Ov44K044Oz44K344O844OI44Kr44OQ44O844K544K/44OD44OJ44Os44K544OY44Or44Oh44OD44OI6LKp5aOy44Oe44OV44Op44O844K144K544Oa44Oz44K344On44Oz44Kq44O844OI44Ko44Ki44Ot44OR44O844OE44K544K/44OD44OJ44Os44K544K/44Kk44OkIOODqOOCs+ODj+ODniBpY2UgR1VBUkQgNSBpRzUwIDE0NS84MFIxMiA3NFE=,44CQMTQ1LzgwUjEyIDc0UeOAkeOAguOCueOCv+ODg+ODieODrOOCueOCv+OCpOODpCDjg6jjgrPjg4/jg54gaWNlIEdVQVJEIDUgaUc1MCAxNDUvODBSMTIgNzRR[rn]
34-95799,aHR0cDovL3RzaG9wLnIxMHMuanAvc3R5bGVtYXJrZXQvY2FiaW5ldC9tYW5hZ2VkL2ltZzEzLzEzOTg5LmpwZz9maXRpbj03MDA6NzAw,MzIwOC4wMDAw,,6LuK55So5ZOB44O744OQ44Kk44Kv55So5ZOBID4g44Kr44O855So5ZOBID4g44K544K/44OD44OJ44Os44K544K/44Kk44Ok,44K544K/44OD44OJ44Os44K544K/44Kk44OkIOODqOOCs+ODj+ODniBpY2UgR1VBUkQgVFJJUExFIFBMVVMgaUczMCAxNDUvODBSMTIgNzRR,44CQMTQ1LzgwUjEyIDc0UeOAkQ==,PHA+PGltZyBzcmM9Imh0dHA6Ly93d3cucmFrdXRlbi5uZS5qcC9nb2xkL3N0eWxlbWFya2V0L3dwLWNvbnRlbnQvdGhlbWVzL3N0eWxlbWFya2V0L2ltYWdlcy9zaG9wL3Jha3V0ZW5fZGV0YWlsX3RpcmVjb3Vwb25fZGV0YWlsLmpwZyI+PC9wPjxwPjxpbWcgc3JjPSJodHRwOi8vaW1hZ2UucmFrdXRlbi5jby5qcC9zdHlsZW1hcmtldC9jYWJpbmV0L21hbmFnZWQvaW1nMTMvMTM5ODkuanBnIj48YnI+PGltZyBzcmM9Imh0dHA6Ly9pbWFnZS5yYWt1dGVuLmNvLmpwL3N0eWxlbWFya2V0L2NhYmluZXQvbWFuYWdlZC9pbWcxMy8xMzk5MC5qcGciPjxicj48aW1nIHNyYz0iaHR0cDovL2ltYWdlLnJha3V0ZW4uY28uanAvc3R5bGVtYXJrZXQvY2FiaW5ldC9tYW5hZ2VkL2ltZzEzLzEzOTkxLmpwZyI+PC9wPjxzdHJvbmcgY2xhc3M9ImJnLW9yYW5nZWxpbmUiPuWVhuWTgeiqrOaYjjwvc3Ryb25nPjxwPjxiPllPS09IQU1B44K544K/44OD44OJ44Os44K544K/44Kk44Ok5Y+y5LiK5pyA6auY44Gu5rC35LiK5oCn6IO944Gr55yB54eD6LK75oCn6IO944KS44OX44Op44K5PC9iPjxicj7jg7tZT0tPSEFNQeOCueOCv+ODg+ODieODrOOCueOCv+OCpOODpOWPsuS4iuacgOmrmOOBruawt+S4iuaAp+iDvTxicj5pY2UgR1VBUkQgQkxBQ0sgaUcyMOOBq+avlOOBueOBpuWEquOCjOOBn+awt+S4iuWItuWLleaAp+iDveOCkueZuuaPruOBl+OBn2ljZSBHVUFSRCBUUklQTEUgaUczMOOAgjxicj5pY2UgR1VBUkQgVFJJUExFIFBMVVMgaUczMOOCgllPS09IQU1B44K544K/44OD44OJ44Os44K544K/44Kk44Ok5Y+y5LiK5pyA6auY44Gu5rC35LiK5oCn6IO944KS5L+d5pyJ44CCPGJyPuODu+ODluODqeODg+OCr+ODneODquODnuODvDLmjqHnlKjvvIjjgrnjgr/jg4Pjg4njg6zjgrnjgr/jgqTjg6TmgKfog73jga7ntq3mjIHjgavosqLnjK7vvIk8YnI+44K/44Kk44Ok44Gv44CM44K044Og44Gu5p+U44KJ44GL44GV44CN44KS5L+d44Gk44Kq44Kk44Or44GM5oqc44GR44KL44Go56Gs44GP44Gq44KL44CCPGJyPuODluODqeODg+OCr+ODneODquODnuODvDLjga/liIblrZDjgYzlpKfjgY3jgY/jgIHjgqrjgqTjg6vjgavmr5TjgbnjgabmipzjgZHjgavjgY/jgYTjgII8YnI+44Gg44GL44KJ44CM5rC444GP5Yq544GP44CN44CCPGJyPuODu+OBk+OCjeOBjOOCiuaKteaKl+e0hDTvvIXkvY7muJvvvIjjgZPjgo3jgYzjgormirXmipfjga7kvY7muJvjga/nh4Posrvjga7mlLnlloTjgavosqLnjK7vvIk8YnI+aWNlIEdVQVJEIFRSSVBMRSBQTFVTIGlHMzDjga/jgr/jgqTjg6Tmp4vpgKDjga7opovnm7TjgZfjgavjgojjgorjgIHjgZPjgo3jgYzjgormirXmipfjgpLntIQ077yF5L2O5rib44GX44G+44GX44Gf44CCPC9wPjxzdHJvbmcgY2xhc3M9ImJnLW9yYW5nZWxpbmUiPuijveWTgeS7leanmDwvc3Ryb25nPjxwPuODoeODvOOCq+ODvO+8mllPS09IQU1B77yI44Oo44Kz44OP44Oe77yJPGJyPuODkeOCv+ODvOODs++8mmljZSBHVUFSRCBUUklQTEUgUExVUyBpRzMw77yI44Ki44Kk44K544Ks44O844OJIOODiOODquODl+ODq+ODl+ODqeOCuSDjgqLjgqTjgrjjg7zjgrXjg7Pjgrjjg6XjgqbvvIk8YnI+44K144Kk44K677yaMTQ1LzgwUjEyIDc0UTwvcD48c3Ryb25nIGNsYXNzPSJiZy1vcmFuZ2VsaW5lIj7jgrnjgr/jg4Pjg5XjgrPjg6Hjg7Pjg4g8L3N0cm9uZz48cD7jgrTjg6Djga7noazjgZXjgpLjgZXjgonjgavjgrPjg7Pjg4jjg63jg7zjg6vjgZfjgabmgKfog73jgpLlkJHkuIrvvIHkurrmsJfjga7muKnluqblr77lv5zjgrnjgr/jg4Pjg4njg6zjgrnjgYzjgZXjgonjgavpgLLljJbjgZfjgb7jgZfjgZ/jgII8L3A+PHN0cm9uZyBjbGFzcz0iYmctb3JhbmdlbGluZSI+44Gd44Gu5LuWPC9zdHJvbmc+PHA+PGZvbnQgY29sb3I9Im9yYW5nZSI+PGI+44GK5a6i5qeY44KI44KK44GT44KT44Gq44GK5ZWP44GE5ZCI44KP44Gb44KS44GE44Gf44Gg44GN44G+44GX44GfPC9iPjwvZm9udD48YnI+PGJyPjxiPlE66KO96YCg5bm044Gv5oyH5a6a44Gn44GN44G+44GZ44GL77yfPC9iPjxicj48Zm9udCBjb2xvcj0ib3JhbmdlIj48Yj5BOjwvYj48L2ZvbnQ+44GK5a6i5qeY44G444Gu44K144O844OT44K544Gu5LiA55Kw44Go44GX44Gm44Kv44O844Od44Oz44KS44GU55So5oSP6Ie044GX44G+44GX44Gf44CCPGJyPuOCr+ODvOODneODs+OBqOS4gOe3kuOBq+OCv+OCpOODpOOCkuOBlOazqOaWh+OBhOOBn+OBoOOBj+OBk+OBqOOBp+OAgeWuieW/g+OBl+OBpuaWsOOBl+OBhOOCv+OCpOODpOOBruOBiuWxiuOBkeOCkuOBiuW+heOBoeS4i+OBleOBhOOAgjxicj48YnI+PGI+UTox5pys44Gu5L6h5qC844Gn44GZ44GL77yfPC9iPjxicj48Zm9udCBjb2xvcj0ib3JhbmdlIj48Yj5BOjwvYj48L2ZvbnQ+44Gv44GE44CC44K/44Kk44OkMeacrOOBruS+oeagvOOBqOOBquOCiuOBvuOBmeOAgjxicj405pys44GU5rOo5paH44Gu5aC05ZCI44Gv44CO6KGo56S65L6h5qC8w5c044CP44Gr44Gq44KK44G+44GZ44CCPGJyPjxicj48Yj5ROuODm+OCpOODvOODq+OBr+S7mOWxnuOBl+OBvuOBmeOBi++8nzwvYj48YnI+PGZvbnQgY29sb3I9Im9yYW5nZSI+PGI+QTo8L2I+PC9mb250PuihqOekuuS+oeagvOOBr+aWsOWTgeOCv+OCpOODpDHmnKzjga7kvqHmoLzjgajjgarjgorjgIHjg5vjgqTjg7zjg6vjga/ku5jlsZ7jgZfjgb7jgZvjgpPjgII8YnI+44Ob44Kk44O844Or44KS44GU5biM5pyb44Gu44GK5a6i5qeY44Gr44Gv5Yil6YCU44GK6KaL56mN44KC44KK44KS44GE44Gf44GX44G+44GZ44Gu44Gn44CB6LuK56iu44CB5bm05byP44CB5Z6L5byP44CB44K/44Kk44Ok44K144Kk44K644KS6KiY6LyJ44Gu5LiK44CB44GK5ZWP44GE5ZCI44KP44Gb44GP44Gg44GV44GE44G+44Gb44CCPGJyPjxicj48Yj5ROuS7iumgvOOCk+OBoOOCieOBhOOBpOWxiuOBjeOBvuOBmeOBi++8nzwvYj48YnI+PGZvbnQgY29sb3I9Im9yYW5nZSI+PGI+QTo8L2I+PC9mb250Puaxuua4iOOBjOeiuuiqjeOBp+OBjeOCjOOBsOOAgeOBlOazqOaWh+aXpeOBi+OCiTLllrbmpa3ml6Xku6XlhoXjgavntIQ5MCXjga7jgZTms6jmlofjga7llYblk4HjgpLnmbrpgIHjgafjgY3jgabjgYTjgb7jgZnjgII8YnI+5q6L44KK44Gu57SEOCXjga8xMOWWtualreaXpeS7peWGheOAgeasoOWTgeOBp+e0jeacn+OBruebruWHpuOBjOeri+OBn+OBmuOBq+OBiuWxiuOBkeOBp+OBjeOBquOBhOOCguOBruOBrzIl5byx44Go44Gq44Gj44Gm44GK44KK44G+44GZ44CCPGJyPjxicj48Yj5ROumAgeaWmeOBr+OBhOOBj+OCieOBp+OBmeOBi++8nzwvYj48YnI+PGZvbnQgY29sb3I9Im9yYW5nZSI+PGI+QTo8L2I+PC9mb250PuW/heimgeacrOaVsOOBq+W/nOOBmOOBn+aWmemHkeihqOOBjOOBlOOBluOBhOOBvuOBmeOBruOBp+OAgeOBneOBoeOCieOCkuOBlOeiuuiqjeS4i+OBleOBhOOAgjxicj48YnI+PGI+UTrnqI7ovrzjgb/jgafjgZnjgYvvvJ88L2I+PGJyPjxmb250IGNvbG9yPSJvcmFuZ2UiPjxiPkE6PC9iPjwvZm9udD7nqI7ovrzkvqHmoLzjgafooajnpLrjgZfjgabjgYrjgorjgb7jgZnjgII8YnI+5YaF56iO44Gn44GZ44Gu44Gn44CB5a6J5b+D44GX44Gm44GK6LK344GE5rGC44KB5LiL44GV44GE44CCPC9wPjxwPjxiPuKAu+OBiuWxiuOBkeOBq+mWouOBl+OBpjwvYj48YnI+44GU5rOo5paH44KS6aCC44GP5bqm44Gr44Oh44O844Kr44O844KI44KK5Y+W44KK5a+E44Gb44KS44GX44G+44GZ44CCPGJyPuOBneOBrueCuuOBlOazqOaWh+OBi+OCiTLvvZ4z5pel44G744Gp44Gn5Ye66I235Y+v6IO944Gn44GZ44CCPGJyPuOBvuOBn+OAgeODoeODvOOCq+ODvOOBq+OBiuOBhOOBpuWcqOW6q+WIh+OCjOOBruWgtOWQiOOBr+eZuumAgeOBvuOBp+OBqzLvvZ4z5pel5Lul5LiK44Gu44GK5pmC6ZaT6aCC44GP5aC05ZCI44GM44GU44GW44GE44G+44GZ44CCPGJyPuiqoOOBq+aBkOOCjOWFpeOCiuOBvuOBmeOBjOOAgeOBiuaApeOBjuOBruWgtOWQiOOBr+OBlOazqOaWh+WJjeOBruWcqOW6q+eiuuiqjeOCkuOBiumhmOOBhOeUs+OBl+S4iuOBkuOBvuOBmeOAgjwvcD48cD48aW1nIHNyYz0iaHR0cDovL3d3dy5yYWt1dGVuLm5lLmpwL2dvbGQvc3R5bGVtYXJrZXQvd3AtY29udGVudC90aGVtZXMvc3R5bGVtYXJrZXQvaW1hZ2VzL3Nob3AvZGV0YWlsX2ljb25fcGFja19vay5naWYiIGFsdD0i5ZCM5qKx5Y+vIj48aW1nIHNyYz0iaHR0cDovL3d3dy5yYWt1dGVuLm5lLmpwL2dvbGQvc3R5bGVtYXJrZXQvd3AtY29udGVudC90aGVtZXMvc3R5bGVtYXJrZXQvaW1hZ2VzL3Nob3AvZGV0YWlsX2ljb25fZ2lmdF9uZy5naWYiIGFsdD0i44Op44OD44OU44Oz44Kw5LiN5Y+vIj48aW1nIHNyYz0iaHR0cDovL3d3dy5yYWt1dGVuLm5lLmpwL2dvbGQvc3R5bGVtYXJrZXQvd3AtY29udGVudC90aGVtZXMvc3R5bGVtYXJrZXQvaW1hZ2VzL3Nob3AvZGV0YWlsX2ljb25femFpa29fb3IuZ2lmIiBhbHQ9IuODoeODvOOCq+ODvOWPluWvhCI+PGltZyBzcmM9Imh0dHA6Ly93d3cucmFrdXRlbi5uZS5qcC9nb2xkL3N0eWxlbWFya2V0L3dwLWNvbnRlbnQvdGhlbWVzL3N0eWxlbWFya2V0L2ltYWdlcy9zaG9wL2RldGFpbF9pY29uX3NpdGVpX25nLmdpZiIgYWx0PSLml6XmmYLmjIflrprlpInli5XjgYLjgooiPjxpbWcgc3JjPSJodHRwOi8vd3d3LnJha3V0ZW4ubmUuanAvZ29sZC9zdHlsZW1hcmtldC93cC1jb250ZW50L3RoZW1lcy9zdHlsZW1hcmtldC9pbWFnZXMvc2hvcC9kZXRhaWxfaWNvbl9wYXltZW50X2JhbmsuZ2lmIiBhbHQ9IumKgOihjOaMr+i+vCI+PGltZyBzcmM9Imh0dHA6Ly93d3cucmFrdXRlbi5uZS5qcC9nb2xkL3N0eWxlbWFya2V0L3dwLWNvbnRlbnQvdGhlbWVzL3N0eWxlbWFya2V0L2ltYWdlcy9zaG9wL2RldGFpbF9pY29uX3BheW1lbnRfZGFpYmlraS5naWYiIGFsdD0i5Luj6YeR5byV5o+bIj48aW1nIHNyYz0iaHR0cDovL3d3dy5yYWt1dGVuLm5lLmpwL2dvbGQvc3R5bGVtYXJrZXQvd3AtY29udGVudC90aGVtZXMvc3R5bGVtYXJrZXQvaW1hZ2VzL3Nob3AvZGV0YWlsX2ljb25fc291cnlvdV9zcC5naWYiIGFsdD0i54m55q6K6YCB5paZIj48YnI+PGltZyBzcmM9Imh0dHA6Ly93d3cucmFrdXRlbi5uZS5qcC9nb2xkL3N0eWxlbWFya2V0L3dwLWNvbnRlbnQvdGhlbWVzL3N0eWxlbWFya2V0L2ltYWdlcy9zaG9wL2RldGFpbF9pY29uX3lhamlydXNpLmdpZiI+44Ki44Kk44Kz44Oz44Gu6Kqs5piO44Gv44GT44Gh44KJPC9wPg==,44K544K/44OD44OJ44Os44K544K/44Kk44OkIOODqOOCs+ODj+ODniBpY2UgR1VBUkQgVFJJUExFIFBMVVMgaUczMCAxNDUvODBSMTIgNzRR77ya44K544K/44Kk44Or44Oe44O844Kx44OD44OI44CA5qW95aSp5biC5aC05bqX,5r+A5a6J44K/44Kk44Ok5Lit5Y+k44Kr44O855So5ZOB44Kr44O844OR44O844OE44Kr44O844OK44OT44Ky44O844K344On44Oz5a6J44GEQ0FS44Kr44O844Kq44O844OH44Kj44Kq6LuK44Ki44Km44OI44Os44OD44OI44Ob44Kk44Or44K544OG44OD44OX44Ov44K044Oz44K344O844OI44Kr44OQ44O844K544K/44OD44OJ44Os44K544OY44Or44Oh44OD44OI6LKp5aOy44Oe44OV44Op44O844K144K544Oa44Oz44K344On44Oz44Kq44O844OI44Ko44Ki44Ot44OR44O844OE44K544K/44OD44OJ44Os44K544K/44Kk44OkIOODqOOCs+ODj+ODniBpY2UgR1VBUkQgVFJJUExFIFBMVVMgaUczMCAxNDUvODBSMTIgNzRR,44CQMTQ1LzgwUjEyIDc0UeOAkeOAguOCueOCv+ODg+ODieODrOOCueOCv+OCpOODpCDjg6jjgrPjg4/jg54gaWNlIEdVQVJEIFRSSVBMRSBQTFVTIGlHMzAgMTQ1LzgwUjEyIDc0UQ==[rn]
34-95800,aHR0cDovL3RzaG9wLnIxMHMuanAvc3R5bGVtYXJrZXQvY2FiaW5ldC9tYW5hZ2VkL2ltZzEyLzEyNDgxLmpwZz9maXRpbj03MDA6NzAw,NDUyMC4wMDAw,,6LuK55So5ZOB44O744OQ44Kk44Kv55So5ZOBID4g44Kr44O855So5ZOBID4g44K544K/44OD44OJ44Os44K544K/44Kk44Ok,44K544K/44OD44OJ44Os44K544K/44Kk44OkIOODluODquODguOCueODiOODsyBCTElaWkFLIFJFVk8yIDE0NS84MFIxMiA3NFE=,44CQMTQ1LzgwUjEyIDc0UeOAkQ==,PHA+PGltZyBzcmM9Imh0dHA6Ly93d3cucmFrdXRlbi5uZS5qcC9nb2xkL3N0eWxlbWFya2V0L3dwLWNvbnRlbnQvdGhlbWVzL3N0eWxlbWFya2V0L2ltYWdlcy9zaG9wL3Jha3V0ZW5fZGV0YWlsX3RpcmVjb3Vwb25fZGV0YWlsLmpwZyI+PC9wPjxwPjxpbWcgc3JjPSJodHRwOi8vaW1hZ2UucmFrdXRlbi5jby5qcC9zdHlsZW1hcmtldC9jYWJpbmV0L21hbmFnZWQvaW1nMTIvMTI0ODEuanBnIj48YnI+PGltZyBzcmM9Imh0dHA6Ly9pbWFnZS5yYWt1dGVuLmNvLmpwL3N0eWxlbWFya2V0L2NhYmluZXQvbWFuYWdlZC9pbWcxMi8xMjQ4Mi5qcGciPjwvcD48c3Ryb25nIGNsYXNzPSJiZy1vcmFuZ2VsaW5lIj7llYblk4HoqqzmmI48L3N0cm9uZz48cD48Yj7jg6zjg5znmbrnoLLjgrTjg6Ba44Go44Oe44Or44OBWuODkeOCv+ODs+OAgeWGrOOBrui3r+mdouOCkumBuOOBsOOBquOBhOODoeOCuOODo+ODvOODluODquOCtuODg+OCr+OAgjwvYj48YnI+57SENeWAjeOBq+Wil+OBiOOBn+WkquOBhOawtOi3r+OBjOawt+OBruS4iuOBruawtOOBruiGnOOCkuOBleOCieOBq+WKueaenOeahOOBq+mZpOWOu+OAgjxicj7ntIQ15YCN44Gr5aKX44GI44Gf44OQ44Kk44OI57KS5a2Q44GM5rC344KS5ZKs44KA44CCPGJyPuODnuODq+ODgVrjgrDjg6vjg7zjg5bjgYzlpJrmlrnlkJHjgavlqIHlipvjgpLnmbrmj67jgII8L3A+PHN0cm9uZyBjbGFzcz0iYmctb3JhbmdlbGluZSI+6KO95ZOB5LuV5qeYPC9zdHJvbmc+PHA+44Oh44O844Kr44O877yaQlJJREdFU1RPTkXvvIjjg5bjg6rjg4Ljgrnjg4jjg7PvvIk8YnI+44OR44K/44O844Oz77yaQkxJWlpBSyBSRVZPMu+8iOODluODquOCtuODg+OCryDjg6zjg5zjg4Tjg7zvvIk8YnI+44K144Kk44K677yaMTQ1LzgwUjEyIDc0UTwvcD48c3Ryb25nIGNsYXNzPSJiZy1vcmFuZ2VsaW5lIj7jgrnjgr/jg4Pjg5XjgrPjg6Hjg7Pjg4g8L3N0cm9uZz48cD7msLfkuIrjgIHpm6rkuIrjgIHkub7jgYTjgZ/ot6/pnaLjgIHmv6HjgozjgZ/ot6/pnaLjgarjganjgIHjgZXjgb7jgZbjgb7jgarlhqzpgZPjgavlirnjgY/jgrnjgr/jg4Pjg4njg6zjgrnjgr/jgqTjg6TjgafjgZnjgII8L3A+PHN0cm9uZyBjbGFzcz0iYmctb3JhbmdlbGluZSI+44Gd44Gu5LuWPC9zdHJvbmc+PHA+PGZvbnQgY29sb3I9Im9yYW5nZSI+PGI+44GK5a6i5qeY44KI44KK44GT44KT44Gq44GK5ZWP44GE5ZCI44KP44Gb44KS44GE44Gf44Gg44GN44G+44GX44GfPC9iPjwvZm9udD48YnI+PGJyPjxiPlE66KO96YCg5bm044Gv5oyH5a6a44Gn44GN44G+44GZ44GL77yfPC9iPjxicj48Zm9udCBjb2xvcj0ib3JhbmdlIj48Yj5BOjwvYj48L2ZvbnQ+44GK5a6i5qeY44G444Gu44K144O844OT44K544Gu5LiA55Kw44Go44GX44Gm44Kv44O844Od44Oz44KS44GU55So5oSP6Ie044GX44G+44GX44Gf44CCPGJyPuOCr+ODvOODneODs+OBqOS4gOe3kuOBq+OCv+OCpOODpOOCkuOBlOazqOaWh+OBhOOBn+OBoOOBj+OBk+OBqOOBp+OAgeWuieW/g+OBl+OBpuaWsOOBl+OBhOOCv+OCpOODpOOBruOBiuWxiuOBkeOCkuOBiuW+heOBoeS4i+OBleOBhOOAgjxicj48YnI+PGI+UTox5pys44Gu5L6h5qC844Gn44GZ44GL77yfPC9iPjxicj48Zm9udCBjb2xvcj0ib3JhbmdlIj48Yj5BOjwvYj48L2ZvbnQ+44Gv44GE44CC44K/44Kk44OkMeacrOOBruS+oeagvOOBqOOBquOCiuOBvuOBmeOAgjxicj405pys44GU5rOo5paH44Gu5aC05ZCI44Gv44CO6KGo56S65L6h5qC8w5c044CP44Gr44Gq44KK44G+44GZ44CCPGJyPjxicj48Yj5ROuODm+OCpOODvOODq+OBr+S7mOWxnuOBl+OBvuOBmeOBi++8nzwvYj48YnI+PGZvbnQgY29sb3I9Im9yYW5nZSI+PGI+QTo8L2I+PC9mb250PuihqOekuuS+oeagvOOBr+aWsOWTgeOCv+OCpOODpDHmnKzjga7kvqHmoLzjgajjgarjgorjgIHjg5vjgqTjg7zjg6vjga/ku5jlsZ7jgZfjgb7jgZvjgpPjgII8YnI+44Ob44Kk44O844Or44KS44GU5biM5pyb44Gu44GK5a6i5qeY44Gr44Gv5Yil6YCU44GK6KaL56mN44KC44KK44KS44GE44Gf44GX44G+44GZ44Gu44Gn44CB6LuK56iu44CB5bm05byP44CB5Z6L5byP44CB44K/44Kk44Ok44K144Kk44K644KS6KiY6LyJ44Gu5LiK44CB44GK5ZWP44GE5ZCI44KP44Gb44GP44Gg44GV44GE44G+44Gb44CCPGJyPjxicj48Yj5ROuS7iumgvOOCk+OBoOOCieOBhOOBpOWxiuOBjeOBvuOBmeOBi++8nzwvYj48YnI+PGZvbnQgY29sb3I9Im9yYW5nZSI+PGI+QTo8L2I+PC9mb250Puaxuua4iOOBjOeiuuiqjeOBp+OBjeOCjOOBsOOAgeOBlOazqOaWh+aXpeOBi+OCiTLllrbmpa3ml6Xku6XlhoXjgavntIQ5MCXjga7jgZTms6jmlofjga7llYblk4HjgpLnmbrpgIHjgafjgY3jgabjgYTjgb7jgZnjgII8YnI+5q6L44KK44Gu57SEOCXjga8xMOWWtualreaXpeS7peWGheOAgeasoOWTgeOBp+e0jeacn+OBruebruWHpuOBjOeri+OBn+OBmuOBq+OBiuWxiuOBkeOBp+OBjeOBquOBhOOCguOBruOBrzIl5byx44Go44Gq44Gj44Gm44GK44KK44G+44GZ44CCPGJyPjxicj48Yj5ROumAgeaWmeOBr+OBhOOBj+OCieOBp+OBmeOBi++8nzwvYj48YnI+PGZvbnQgY29sb3I9Im9yYW5nZSI+PGI+QTo8L2I+PC9mb250PuW/heimgeacrOaVsOOBq+W/nOOBmOOBn+aWmemHkeihqOOBjOOBlOOBluOBhOOBvuOBmeOBruOBp+OAgeOBneOBoeOCieOCkuOBlOeiuuiqjeS4i+OBleOBhOOAgjxicj48YnI+PGI+UTrnqI7ovrzjgb/jgafjgZnjgYvvvJ88L2I+PGJyPjxmb250IGNvbG9yPSJvcmFuZ2UiPjxiPkE6PC9iPjwvZm9udD7nqI7ovrzkvqHmoLzjgafooajnpLrjgZfjgabjgYrjgorjgb7jgZnjgII8YnI+5YaF56iO44Gn44GZ44Gu44Gn44CB5a6J5b+D44GX44Gm44GK6LK344GE5rGC44KB5LiL44GV44GE44CCPC9wPjxwPjxpbWcgc3JjPSJodHRwOi8vd3d3LnJha3V0ZW4ubmUuanAvZ29sZC9zdHlsZW1hcmtldC93cC1jb250ZW50L3RoZW1lcy9zdHlsZW1hcmtldC9pbWFnZXMvc2hvcC9kZXRhaWxfaWNvbl9wYWNrX29rLmdpZiIgYWx0PSLlkIzmorHlj68iPjxpbWcgc3JjPSJodHRwOi8vd3d3LnJha3V0ZW4ubmUuanAvZ29sZC9zdHlsZW1hcmtldC93cC1jb250ZW50L3RoZW1lcy9zdHlsZW1hcmtldC9pbWFnZXMvc2hvcC9kZXRhaWxfaWNvbl9naWZ0X25nLmdpZiIgYWx0PSLjg6njg4Pjg5Tjg7PjgrDkuI3lj68iPjxpbWcgc3JjPSJodHRwOi8vd3d3LnJha3V0ZW4ubmUuanAvZ29sZC9zdHlsZW1hcmtldC93cC1jb250ZW50L3RoZW1lcy9zdHlsZW1hcmtldC9pbWFnZXMvc2hvcC9kZXRhaWxfaWNvbl96YWlrb19vci5naWYiIGFsdD0i44Oh44O844Kr44O85Y+W5a+EIj48aW1nIHNyYz0iaHR0cDovL3d3dy5yYWt1dGVuLm5lLmpwL2dvbGQvc3R5bGVtYXJrZXQvd3AtY29udGVudC90aGVtZXMvc3R5bGVtYXJrZXQvaW1hZ2VzL3Nob3AvZGV0YWlsX2ljb25fc2l0ZWlfbmcuZ2lmIiBhbHQ9IuaXpeaZguaMh+WumuWkieWLleOBguOCiiI+PGltZyBzcmM9Imh0dHA6Ly93d3cucmFrdXRlbi5uZS5qcC9nb2xkL3N0eWxlbWFya2V0L3dwLWNvbnRlbnQvdGhlbWVzL3N0eWxlbWFya2V0L2ltYWdlcy9zaG9wL2RldGFpbF9pY29uX3BheW1lbnRfYmFuay5naWYiIGFsdD0i6YqA6KGM5oyv6L68Ij48aW1nIHNyYz0iaHR0cDovL3d3dy5yYWt1dGVuLm5lLmpwL2dvbGQvc3R5bGVtYXJrZXQvd3AtY29udGVudC90aGVtZXMvc3R5bGVtYXJrZXQvaW1hZ2VzL3Nob3AvZGV0YWlsX2ljb25fcGF5bWVudF9kYWliaWtpLmdpZiIgYWx0PSLku6Pph5HlvJXmj5siPjxpbWcgc3JjPSJodHRwOi8vd3d3LnJha3V0ZW4ubmUuanAvZ29sZC9zdHlsZW1hcmtldC93cC1jb250ZW50L3RoZW1lcy9zdHlsZW1hcmtldC9pbWFnZXMvc2hvcC9kZXRhaWxfaWNvbl9zb3VyeW91X3NwLmdpZiIgYWx0PSLnibnmrorpgIHmlpkiPjxicj48aW1nIHNyYz0iaHR0cDovL3d3dy5yYWt1dGVuLm5lLmpwL2dvbGQvc3R5bGVtYXJrZXQvd3AtY29udGVudC90aGVtZXMvc3R5bGVtYXJrZXQvaW1hZ2VzL3Nob3AvZGV0YWlsX2ljb25feWFqaXJ1c2kuZ2lmIj7jgqLjgqTjgrPjg7Pjga7oqqzmmI7jga/jgZPjgaHjgok8L3A+,44K544K/44OD44OJ44Os44K544K/44Kk44OkIOODluODquODguOCueODiOODsyBCTElaWkFLIFJFVk8yIDE0NS84MFIxMiA3NFHvvJrjgrnjgr/jgqTjg6vjg57jg7zjgrHjg4Pjg4jjgIDmpb3lpKnluILloLTlupc=,5r+A5a6J44K/44Kk44Ok5Lit5Y+k44Kr44O855So5ZOB44Kr44O844OR44O844OE44Kr44O844OK44OT44Ky44O844K344On44Oz5a6J44GEQ0FS44Kr44O844Kq44O844OH44Kj44Kq6LuK44Ki44Km44OI44Os44OD44OI44Ob44Kk44Or44K544OG44OD44OX44Ov44K044Oz44K344O844OI44Kr44OQ44O844K544K/44OD44OJ44Os44K544OY44Or44Oh44OD44OI6LKp5aOy44Oe44OV44Op44O844K144K544Oa44Oz44K344On44Oz44Kq44O844OI44Ko44Ki44Ot44OR44O844OE44K544K/44OD44OJ44Os44K544K/44Kk44OkIOODluODquODguOCueODiOODsyBCTElaWkFLIFJFVk8yIDE0NS84MFIxMiA3NFE=,44CQMTQ1LzgwUjEyIDc0UeOAkeOAguOCueOCv+ODg+ODieODrOOCueOCv+OCpOODpCDjg5bjg6rjg4Ljgrnjg4jjg7MgQkxJWlpBSyBSRVZPMiAxNDUvODBSMTIgNzRR[rn]
34-95801,aHR0cDovL3RzaG9wLnIxMHMuanAvc3R5bGVtYXJrZXQvY2FiaW5ldC9tYW5hZ2VkL2ltZzE0LzE0MDA1LmpwZz9maXRpbj03MDA6NzAw,MzQ0OC4wMDAw,,6LuK55So5ZOB44O744OQ44Kk44Kv55So5ZOBID4g44Kr44O855So5ZOBID4g44K544K/44OD44OJ44Os44K544K/44Kk44Ok,44K544K/44OD44OJ44Os44K544K/44Kk44OkIOODqOOCs+ODj+ODniBpY2UgR1VBUkQgNSBpRzUwIDEzNS84MFIxMiA2OFE=,44CQMTM1LzgwUjEyIDY4UeOAkQ==,PHA+PGltZyBzcmM9Imh0dHA6Ly93d3cucmFrdXRlbi5uZS5qcC9nb2xkL3N0eWxlbWFya2V0L3dwLWNvbnRlbnQvdGhlbWVzL3N0eWxlbWFya2V0L2ltYWdlcy9zaG9wL3Jha3V0ZW5fZGV0YWlsX3RpcmVjb3Vwb25fZGV0YWlsLmpwZyI+PC9wPjxwPjxpbWcgc3JjPSJodHRwOi8vaW1hZ2UucmFrdXRlbi5jby5qcC9zdHlsZW1hcmtldC9jYWJpbmV0L21hbmFnZWQvaW1nMTQvMTQwMDUuanBnIj48L3A+PHN0cm9uZyBjbGFzcz0iYmctb3JhbmdlbGluZSI+5ZWG5ZOB6Kqs5piOPC9zdHJvbmc+PHA+PGI+5YSq44KM44Gf5rC35LiK5oCn6IO944KS44GV44KJ44Gr5ZCR5LiK44GV44Gb44GfWU9LT0hBTUHjga7mnIDpq5jlgpHkvZw8L2I+PGJyPuODuzgl55+t44GP5q2i44G+44KL44CCPGJyPuOCueODvOODkeODvOWQuOawtOOCtOODoOOBqOmdnuWvvuensOODkeOCv+ODvOODs+OBruebuOS5l+WKueaenOOBp+awt+S4iuWItuWLleaAp+iDveOBjDgl5ZCR5LiK44CCPGJyPuODu+e0hDPlubTlvozjgoLpq5jjg6zjg5njg6vjga7msLfkuIrjgrDjg6rjg4Pjg5flips8YnI+57SEM+W5tOW+jOOBruawt+S4iuejqOiAl+aMh+aVsOOBruS9juS4i+WJsuWQiOOBr+OAgeOCouOCpOOCueOCrOODvOODieODiOODquODl+ODq+ODl+ODqeOCueOBrue0hDEvM+OAgjxicj7jg7vjgZPjgo3jgYzjgormirXmipfntIQ177yF5L2O5rib44CCPGJyPuOCv+OCpOODpOODl+ODreODleOCoeOCpOODq+OBruimi+ebtOOBl+etieOBp+eZuueGseOBq+OCiOOCi+OCqOODjeODq+OCruODvOODreOCueOCkuaUueWWhDxicj7jgZPjgo3jgYzjgormirXmipfjga7kvY7muJvjga/nh4Posrvjga7mlLnlloTjgavosqLnjK7jgZfjgb7jgZnjgII8L3A+PHN0cm9uZyBjbGFzcz0iYmctb3JhbmdlbGluZSI+6KO95ZOB5LuV5qeYPC9zdHJvbmc+PHA+44Oh44O844Kr44O877yaWU9LT0hBTUHvvIjjg6jjgrPjg4/jg57vvIk8YnI+44OR44K/44O844Oz77yaaWNlIEdVQVJEIDUgaUc1MO+8iOOCouOCpOOCueOCrOODvOODiSDjg5XjgqHjgqTjg5Yg44Ki44Kk44K444O844K044K444Ol44Km77yJPGJyPuOCteOCpOOCuu+8mjEzNS84MFIxMiA2OFE8L3A+PHN0cm9uZyBjbGFzcz0iYmctb3JhbmdlbGluZSI+44K544K/44OD44OV44Kz44Oh44Oz44OIPC9zdHJvbmc+PHA+44GV44G+44GW44G+44Gq5YeN57WQ6Lev6Z2i44Gr44KC5Yq544GP44CCWU9LT0hBTUHjga7mnIDpq5jlgpHkvZzjgYzoqpXnlJ/jgZfjgb7jgZfjgZ/jgII8L3A+PHN0cm9uZyBjbGFzcz0iYmctb3JhbmdlbGluZSI+44Gd44Gu5LuWPC9zdHJvbmc+PHA+PGZvbnQgY29sb3I9Im9yYW5nZSI+PGI+44GK5a6i5qeY44KI44KK44GT44KT44Gq44GK5ZWP44GE5ZCI44KP44Gb44KS44GE44Gf44Gg44GN44G+44GX44GfPC9iPjwvZm9udD48YnI+PGJyPjxiPlE66KO96YCg5bm044Gv5oyH5a6a44Gn44GN44G+44GZ44GL77yfPC9iPjxicj48Zm9udCBjb2xvcj0ib3JhbmdlIj48Yj5BOjwvYj48L2ZvbnQ+44GK5a6i5qeY44G444Gu44K144O844OT44K544Gu5LiA55Kw44Go44GX44Gm44Kv44O844Od44Oz44KS44GU55So5oSP6Ie044GX44G+44GX44Gf44CCPGJyPuOCr+ODvOODneODs+OBqOS4gOe3kuOBq+OCv+OCpOODpOOCkuOBlOazqOaWh+OBhOOBn+OBoOOBj+OBk+OBqOOBp+OAgeWuieW/g+OBl+OBpuaWsOOBl+OBhOOCv+OCpOODpOOBruOBiuWxiuOBkeOCkuOBiuW+heOBoeS4i+OBleOBhOOAgjxicj48YnI+PGI+UTox5pys44Gu5L6h5qC844Gn44GZ44GL77yfPC9iPjxicj48Zm9udCBjb2xvcj0ib3JhbmdlIj48Yj5BOjwvYj48L2ZvbnQ+44Gv44GE44CC44K/44Kk44OkMeacrOOBruS+oeagvOOBqOOBquOCiuOBvuOBmeOAgjxicj405pys44GU5rOo5paH44Gu5aC05ZCI44Gv44CO6KGo56S65L6h5qC8w5c044CP44Gr44Gq44KK44G+44GZ44CCPGJyPjxicj48Yj5ROuODm+OCpOODvOODq+OBr+S7mOWxnuOBl+OBvuOBmeOBi++8nzwvYj48YnI+PGZvbnQgY29sb3I9Im9yYW5nZSI+PGI+QTo8L2I+PC9mb250PuihqOekuuS+oeagvOOBr+aWsOWTgeOCv+OCpOODpDHmnKzjga7kvqHmoLzjgajjgarjgorjgIHjg5vjgqTjg7zjg6vjga/ku5jlsZ7jgZfjgb7jgZvjgpPjgII8YnI+44Ob44Kk44O844Or44KS44GU5biM5pyb44Gu44GK5a6i5qeY44Gr44Gv5Yil6YCU44GK6KaL56mN44KC44KK44KS44GE44Gf44GX44G+44GZ44Gu44Gn44CB6LuK56iu44CB5bm05byP44CB5Z6L5byP44CB44K/44Kk44Ok44K144Kk44K644KS6KiY6LyJ44Gu5LiK44CB44GK5ZWP44GE5ZCI44KP44Gb44GP44Gg44GV44GE44G+44Gb44CCPGJyPjxicj48Yj5ROuS7iumgvOOCk+OBoOOCieOBhOOBpOWxiuOBjeOBvuOBmeOBi++8nzwvYj48YnI+PGZvbnQgY29sb3I9Im9yYW5nZSI+PGI+QTo8L2I+PC9mb250Puaxuua4iOOBjOeiuuiqjeOBp+OBjeOCjOOBsOOAgeOBlOazqOaWh+aXpeOBi+OCiTLllrbmpa3ml6Xku6XlhoXjgavntIQ5MCXjga7jgZTms6jmlofjga7llYblk4HjgpLnmbrpgIHjgafjgY3jgabjgYTjgb7jgZnjgII8YnI+5q6L44KK44Gu57SEOCXjga8xMOWWtualreaXpeS7peWGheOAgeasoOWTgeOBp+e0jeacn+OBruebruWHpuOBjOeri+OBn+OBmuOBq+OBiuWxiuOBkeOBp+OBjeOBquOBhOOCguOBruOBrzIl5byx44Go44Gq44Gj44Gm44GK44KK44G+44GZ44CCPGJyPjxicj48Yj5ROumAgeaWmeOBr+OBhOOBj+OCieOBp+OBmeOBi++8nzwvYj48YnI+PGZvbnQgY29sb3I9Im9yYW5nZSI+PGI+QTo8L2I+PC9mb250PuW/heimgeacrOaVsOOBq+W/nOOBmOOBn+aWmemHkeihqOOBjOOBlOOBluOBhOOBvuOBmeOBruOBp+OAgeOBneOBoeOCieOCkuOBlOeiuuiqjeS4i+OBleOBhOOAgjxicj48YnI+PGI+UTrnqI7ovrzjgb/jgafjgZnjgYvvvJ88L2I+PGJyPjxmb250IGNvbG9yPSJvcmFuZ2UiPjxiPkE6PC9iPjwvZm9udD7nqI7ovrzkvqHmoLzjgafooajnpLrjgZfjgabjgYrjgorjgb7jgZnjgII8YnI+5YaF56iO44Gn44GZ44Gu44Gn44CB5a6J5b+D44GX44Gm44GK6LK344GE5rGC44KB5LiL44GV44GE44CCPC9wPjxwPjxpbWcgc3JjPSJodHRwOi8vd3d3LnJha3V0ZW4ubmUuanAvZ29sZC9zdHlsZW1hcmtldC93cC1jb250ZW50L3RoZW1lcy9zdHlsZW1hcmtldC9pbWFnZXMvc2hvcC9kZXRhaWxfaWNvbl9wYWNrX29rLmdpZiIgYWx0PSLlkIzmorHlj68iPjxpbWcgc3JjPSJodHRwOi8vd3d3LnJha3V0ZW4ubmUuanAvZ29sZC9zdHlsZW1hcmtldC93cC1jb250ZW50L3RoZW1lcy9zdHlsZW1hcmtldC9pbWFnZXMvc2hvcC9kZXRhaWxfaWNvbl9naWZ0X25nLmdpZiIgYWx0PSLjg6njg4Pjg5Tjg7PjgrDkuI3lj68iPjxpbWcgc3JjPSJodHRwOi8vd3d3LnJha3V0ZW4ubmUuanAvZ29sZC9zdHlsZW1hcmtldC93cC1jb250ZW50L3RoZW1lcy9zdHlsZW1hcmtldC9pbWFnZXMvc2hvcC9kZXRhaWxfaWNvbl96YWlrb19vci5naWYiIGFsdD0i44Oh44O844Kr44O85Y+W5a+EIj48aW1nIHNyYz0iaHR0cDovL3d3dy5yYWt1dGVuLm5lLmpwL2dvbGQvc3R5bGVtYXJrZXQvd3AtY29udGVudC90aGVtZXMvc3R5bGVtYXJrZXQvaW1hZ2VzL3Nob3AvZGV0YWlsX2ljb25fc2l0ZWlfbmcuZ2lmIiBhbHQ9IuaXpeaZguaMh+WumuWkieWLleOBguOCiiI+PGltZyBzcmM9Imh0dHA6Ly93d3cucmFrdXRlbi5uZS5qcC9nb2xkL3N0eWxlbWFya2V0L3dwLWNvbnRlbnQvdGhlbWVzL3N0eWxlbWFya2V0L2ltYWdlcy9zaG9wL2RldGFpbF9pY29uX3BheW1lbnRfYmFuay5naWYiIGFsdD0i6YqA6KGM5oyv6L68Ij48aW1nIHNyYz0iaHR0cDovL3d3dy5yYWt1dGVuLm5lLmpwL2dvbGQvc3R5bGVtYXJrZXQvd3AtY29udGVudC90aGVtZXMvc3R5bGVtYXJrZXQvaW1hZ2VzL3Nob3AvZGV0YWlsX2ljb25fcGF5bWVudF9kYWliaWtpLmdpZiIgYWx0PSLku6Pph5HlvJXmj5siPjxpbWcgc3JjPSJodHRwOi8vd3d3LnJha3V0ZW4ubmUuanAvZ29sZC9zdHlsZW1hcmtldC93cC1jb250ZW50L3RoZW1lcy9zdHlsZW1hcmtldC9pbWFnZXMvc2hvcC9kZXRhaWxfaWNvbl9zb3VyeW91X3NwLmdpZiIgYWx0PSLnibnmrorpgIHmlpkiPjxicj48aW1nIHNyYz0iaHR0cDovL3d3dy5yYWt1dGVuLm5lLmpwL2dvbGQvc3R5bGVtYXJrZXQvd3AtY29udGVudC90aGVtZXMvc3R5bGVtYXJrZXQvaW1hZ2VzL3Nob3AvZGV0YWlsX2ljb25feWFqaXJ1c2kuZ2lmIj7jgqLjgqTjgrPjg7Pjga7oqqzmmI7jga/jgZPjgaHjgok8L3A+,44K544K/44OD44OJ44Os44K544K/44Kk44OkIOODqOOCs+ODj+ODniBpY2UgR1VBUkQgNSBpRzUwIDEzNS84MFIxMiA2OFHvvJrjgrnjgr/jgqTjg6vjg57jg7zjgrHjg4Pjg4jjgIDmpb3lpKnluILloLTlupc=,5r+A5a6J44K/44Kk44Ok5Lit5Y+k44Kr44O855So5ZOB44Kr44O844OR44O844OE44Kr44O844OK44OT44Ky44O844K344On44Oz5a6J44GEQ0FS44Kr44O844Kq44O844OH44Kj44Kq6LuK44Ki44Km44OI44Os44OD44OI44Ob44Kk44Or44K544OG44OD44OX44Ov44K044Oz44K344O844OI44Kr44OQ44O844K544K/44OD44OJ44Os44K544OY44Or44Oh44OD44OI6LKp5aOy44Oe44OV44Op44O844K144K544Oa44Oz44K344On44Oz44Kq44O844OI44Ko44Ki44Ot44OR44O844OE44K544K/44OD44OJ44Os44K544K/44Kk44OkIOODqOOCs+ODj+ODniBpY2UgR1VBUkQgNSBpRzUwIDEzNS84MFIxMiA2OFE=,44CQMTM1LzgwUjEyIDY4UeOAkeOAguOCueOCv+ODg+ODieODrOOCueOCv+OCpOODpCDjg6jjgrPjg4/jg54gaWNlIEdVQVJEIDUgaUc1MCAxMzUvODBSMTIgNjhR[rn]
34-95802,aHR0cDovL3RzaG9wLnIxMHMuanAvc3R5bGVtYXJrZXQvY2FiaW5ldC9tYW5hZ2VkL2ltZzEyLzEyNTAyLmpwZz9maXRpbj03MDA6NzAw,NDU3Ni4wMDAw,,6LuK55So5ZOB44O744OQ44Kk44Kv55So5ZOBID4g44Kr44O855So5ZOBID4g44K544K/44OD44OJ44Os44K544K/44Kk44Ok,44K544K/44OD44OJ44Os44K544K/44Kk44OkIOODluODquODguOCueODiOODsyBCTElaWkFLIFJFVk8gR1ogMTU1LzcwUjEyIDczUQ==,44CQMTU1LzcwUjEyIDczUeOAkQ==,PHA+PGltZyBzcmM9Imh0dHA6Ly93d3cucmFrdXRlbi5uZS5qcC9nb2xkL3N0eWxlbWFya2V0L3dwLWNvbnRlbnQvdGhlbWVzL3N0eWxlbWFya2V0L2ltYWdlcy9zaG9wL3Jha3V0ZW5fZGV0YWlsX3RpcmVjb3Vwb25fZGV0YWlsLmpwZyI+PC9wPjxwPjxpbWcgc3JjPSJodHRwOi8vaW1hZ2UucmFrdXRlbi5jby5qcC9zdHlsZW1hcmtldC9jYWJpbmV0L21hbmFnZWQvaW1nMTIvMTI1MDIuanBnIj48YnI+PGltZyBzcmM9Imh0dHA6Ly9pbWFnZS5yYWt1dGVuLmNvLmpwL3N0eWxlbWFya2V0L2NhYmluZXQvbWFuYWdlZC9pbWcxMi8xMjUwMy5qcGciPjxicj48aW1nIHNyYz0iaHR0cDovL2ltYWdlLnJha3V0ZW4uY28uanAvc3R5bGVtYXJrZXQvY2FiaW5ldC9tYW5hZ2VkL2ltZzEyLzEyNTA0LmpwZyI+PC9wPjxzdHJvbmcgY2xhc3M9ImJnLW9yYW5nZWxpbmUiPuWVhuWTgeiqrOaYjjwvc3Ryb25nPjxwPjxiPuODluODquOCtuODg+OCr+OBp+OBhOOBoeOBsOOCk+atouOBvuOCi+OAguOBneOBrueQhueUseOBr+OAgTTjgaTjga7mlrDmioDooZPjgII8L2I+PGJyPuODu+aWsOOCs+ODs+ODkeOCpuODs+ODieOBjOOAgeawt+S4iuOBq+WKueOBj++8gTxicj7mlrDntKDmnZDphY3lkIjjga7jg6zjg5znmbrms6HjgrTjg6BHWuOBjOOAgeawt+S4iuOBp+OBruWKueOBjeOCkuOBleOCieOBq+mAsuWMluOAgjxicj7jg7vmlrDjg5Hjgr/jg7PjgYzjgIHjgZXjgb7jgZbjgb7jgarlhqzpgZPjgavlirnjgY/vvIE8YnI+44K/44Kk44Ok44Gu5o6l5Zyw44KS56eR5a2m44GX44Gf6Z2e5a++56ew44OR44K/44Oz44GM44CB57im44Gr5Yq544GP44CB5qiq44Gr5Yq544GP44CB44GV44G+44GW44G+44Gq5Yas6YGT44Gr5Yq544GP44CCPGJyPuODu+aWsOW9oueKtuOBp+OAgeebtOmAsuWuieWumuaAp+WQkeS4iu+8gTxicj5SRUdOT++8hlBsYXl65pCt6LyJ44Gu6Z2e5a++56ew5b2i54q244GM55u06YCy5a6J5a6a5oCn5ZCR5LiK44KS5a6f54++44CCPGJyPuODu+aWsOioree9ruioreioiOOBjOOAgVNOT1fjg7tXRVTjgavlirnjgY/vvIE8YnI+5paw6Kit6KiI44CM44K544Oq44Og77yG44Ot44Oz44Kw44Kz44Oz44K/44Kv44OI44CN44GM44CBU05PV+ODu1dFVOOBq+WKueOBj+OAgjwvcD48c3Ryb25nIGNsYXNzPSJiZy1vcmFuZ2VsaW5lIj7oo73lk4Hku5Xmp5g8L3N0cm9uZz48cD7jg6Hjg7zjgqvjg7zvvJpCUklER0VTVE9ORe+8iOODluODquODguOCueODiOODs++8iTxicj7jg5Hjgr/jg7zjg7PvvJpCTElaWkFLIFJFVk8gR1rvvIjjg5bjg6rjgrbjg4Pjgq8g44Os44OcIOOCuOODvOOCvOODg+ODiO+8iTxicj7jgrXjgqTjgrrvvJoxNTUvNzBSMTIgNzNRPC9wPjxzdHJvbmcgY2xhc3M9ImJnLW9yYW5nZWxpbmUiPuOCueOCv+ODg+ODleOCs+ODoeODs+ODiDwvc3Ryb25nPjxwPuWMl+WbveOBq+e1tuWkp+OBquaUr+aMgeOCkuiqh+OCi+ODluODquODguOCueODiOODs+OCueOCv+ODg+ODieODrOOCueOAgjwvcD48c3Ryb25nIGNsYXNzPSJiZy1vcmFuZ2VsaW5lIj7jgZ3jga7ku5Y8L3N0cm9uZz48cD48Zm9udCBjb2xvcj0ib3JhbmdlIj48Yj7jgYrlrqLmp5jjgojjgorjgZPjgpPjgarjgYrllY/jgYTlkIjjgo/jgZvjgpLjgYTjgZ/jgaDjgY3jgb7jgZfjgZ88L2I+PC9mb250Pjxicj48YnI+PGI+UTroo73pgKDlubTjga/mjIflrprjgafjgY3jgb7jgZnjgYvvvJ88L2I+PGJyPjxmb250IGNvbG9yPSJvcmFuZ2UiPjxiPkE6PC9iPjwvZm9udD7jgYrlrqLmp5jjgbjjga7jgrXjg7zjg5Pjgrnjga7kuIDnkrDjgajjgZfjgabjgq/jg7zjg53jg7PjgpLjgZTnlKjmhI/oh7TjgZfjgb7jgZfjgZ/jgII8YnI+44Kv44O844Od44Oz44Go5LiA57eS44Gr44K/44Kk44Ok44KS44GU5rOo5paH44GE44Gf44Gg44GP44GT44Go44Gn44CB5a6J5b+D44GX44Gm5paw44GX44GE44K/44Kk44Ok44Gu44GK5bGK44GR44KS44GK5b6F44Gh5LiL44GV44GE44CCPGJyPjxicj48Yj5ROjHmnKzjga7kvqHmoLzjgafjgZnjgYvvvJ88L2I+PGJyPjxmb250IGNvbG9yPSJvcmFuZ2UiPjxiPkE6PC9iPjwvZm9udD7jga/jgYTjgILjgr/jgqTjg6Qx5pys44Gu5L6h5qC844Go44Gq44KK44G+44GZ44CCPGJyPjTmnKzjgZTms6jmlofjga7loLTlkIjjga/jgI7ooajnpLrkvqHmoLzDlzTjgI/jgavjgarjgorjgb7jgZnjgII8YnI+PGJyPjxiPlE644Ob44Kk44O844Or44Gv5LuY5bGe44GX44G+44GZ44GL77yfPC9iPjxicj48Zm9udCBjb2xvcj0ib3JhbmdlIj48Yj5BOjwvYj48L2ZvbnQ+6KGo56S65L6h5qC844Gv5paw5ZOB44K/44Kk44OkMeacrOOBruS+oeagvOOBqOOBquOCiuOAgeODm+OCpOODvOODq+OBr+S7mOWxnuOBl+OBvuOBm+OCk+OAgjxicj7jg5vjgqTjg7zjg6vjgpLjgZTluIzmnJvjga7jgYrlrqLmp5jjgavjga/liKXpgJTjgYropovnqY3jgoLjgorjgpLjgYTjgZ/jgZfjgb7jgZnjga7jgafjgIHou4rnqK7jgIHlubTlvI/jgIHlnovlvI/jgIHjgr/jgqTjg6TjgrXjgqTjgrrjgpLoqJjovInjga7kuIrjgIHjgYrllY/jgYTlkIjjgo/jgZvjgY/jgaDjgZXjgYTjgb7jgZvjgII8YnI+PGJyPjxiPlE65LuK6aC844KT44Gg44KJ44GE44Gk5bGK44GN44G+44GZ44GL77yfPC9iPjxicj48Zm9udCBjb2xvcj0ib3JhbmdlIj48Yj5BOjwvYj48L2ZvbnQ+5rG65riI44GM56K66KqN44Gn44GN44KM44Gw44CB44GU5rOo5paH5pel44GL44KJMuWWtualreaXpeS7peWGheOBq+e0hDkwJeOBruOBlOazqOaWh+OBruWVhuWTgeOCkueZuumAgeOBp+OBjeOBpuOBhOOBvuOBmeOAgjxicj7mrovjgorjga7ntIQ4JeOBrzEw5Za25qWt5pel5Lul5YaF44CB5qyg5ZOB44Gn57SN5pyf44Gu55uu5Yem44GM56uL44Gf44Ga44Gr44GK5bGK44GR44Gn44GN44Gq44GE44KC44Gu44GvMiXlvLHjgajjgarjgaPjgabjgYrjgorjgb7jgZnjgII8YnI+PGJyPjxiPlE66YCB5paZ44Gv44GE44GP44KJ44Gn44GZ44GL77yfPC9iPjxicj48Zm9udCBjb2xvcj0ib3JhbmdlIj48Yj5BOjwvYj48L2ZvbnQ+5b+F6KaB5pys5pWw44Gr5b+c44GY44Gf5paZ6YeR6KGo44GM44GU44GW44GE44G+44GZ44Gu44Gn44CB44Gd44Gh44KJ44KS44GU56K66KqN5LiL44GV44GE44CCPGJyPjxicj48Yj5ROueojui+vOOBv+OBp+OBmeOBi++8nzwvYj48YnI+PGZvbnQgY29sb3I9Im9yYW5nZSI+PGI+QTo8L2I+PC9mb250Pueojui+vOS+oeagvOOBp+ihqOekuuOBl+OBpuOBiuOCiuOBvuOBmeOAgjxicj7lhoXnqI7jgafjgZnjga7jgafjgIHlronlv4PjgZfjgabjgYrosrfjgYTmsYLjgoHkuIvjgZXjgYTjgII8L3A+PHA+PGI+4oC744GK5bGK44GR44Gr6Zai44GX44GmPC9iPjxicj7jgZTms6jmlofjgpLpoILjgY/luqbjgavjg6Hjg7zjgqvjg7zjgojjgorlj5bjgorlr4TjgZvjgpLjgZfjgb7jgZnjgII8YnI+44Gd44Gu54K644GU5rOo5paH44GL44KJMu+9njPml6Xjgbvjganjgaflh7rojbflj6/og73jgafjgZnjgII8YnI+44G+44Gf44CB44Oh44O844Kr44O844Gr44GK44GE44Gm5Zyo5bqr5YiH44KM44Gu5aC05ZCI44Gv55m66YCB44G+44Gn44GrMu+9njPml6Xku6XkuIrjga7jgYrmmYLplpPpoILjgY/loLTlkIjjgYzjgZTjgZbjgYTjgb7jgZnjgII8YnI+6Kqg44Gr5oGQ44KM5YWl44KK44G+44GZ44GM44CB44GK5oCl44GO44Gu5aC05ZCI44Gv44GU5rOo5paH5YmN44Gu5Zyo5bqr56K66KqN44KS44GK6aGY44GE55Sz44GX5LiK44GS44G+44GZ44CCPC9wPjxwPjxpbWcgc3JjPSJodHRwOi8vd3d3LnJha3V0ZW4ubmUuanAvZ29sZC9zdHlsZW1hcmtldC93cC1jb250ZW50L3RoZW1lcy9zdHlsZW1hcmtldC9pbWFnZXMvc2hvcC9kZXRhaWxfaWNvbl9wYWNrX29rLmdpZiIgYWx0PSLlkIzmorHlj68iPjxpbWcgc3JjPSJodHRwOi8vd3d3LnJha3V0ZW4ubmUuanAvZ29sZC9zdHlsZW1hcmtldC93cC1jb250ZW50L3RoZW1lcy9zdHlsZW1hcmtldC9pbWFnZXMvc2hvcC9kZXRhaWxfaWNvbl9naWZ0X25nLmdpZiIgYWx0PSLjg6njg4Pjg5Tjg7PjgrDkuI3lj68iPjxpbWcgc3JjPSJodHRwOi8vd3d3LnJha3V0ZW4ubmUuanAvZ29sZC9zdHlsZW1hcmtldC93cC1jb250ZW50L3RoZW1lcy9zdHlsZW1hcmtldC9pbWFnZXMvc2hvcC9kZXRhaWxfaWNvbl96YWlrb19vci5naWYiIGFsdD0i44Oh44O844Kr44O85Y+W5a+EIj48aW1nIHNyYz0iaHR0cDovL3d3dy5yYWt1dGVuLm5lLmpwL2dvbGQvc3R5bGVtYXJrZXQvd3AtY29udGVudC90aGVtZXMvc3R5bGVtYXJrZXQvaW1hZ2VzL3Nob3AvZGV0YWlsX2ljb25fc2l0ZWlfbmcuZ2lmIiBhbHQ9IuaXpeaZguaMh+WumuWkieWLleOBguOCiiI+PGltZyBzcmM9Imh0dHA6Ly93d3cucmFrdXRlbi5uZS5qcC9nb2xkL3N0eWxlbWFya2V0L3dwLWNvbnRlbnQvdGhlbWVzL3N0eWxlbWFya2V0L2ltYWdlcy9zaG9wL2RldGFpbF9pY29uX3BheW1lbnRfYmFuay5naWYiIGFsdD0i6YqA6KGM5oyv6L68Ij48aW1nIHNyYz0iaHR0cDovL3d3dy5yYWt1dGVuLm5lLmpwL2dvbGQvc3R5bGVtYXJrZXQvd3AtY29udGVudC90aGVtZXMvc3R5bGVtYXJrZXQvaW1hZ2VzL3Nob3AvZGV0YWlsX2ljb25fcGF5bWVudF9kYWliaWtpLmdpZiIgYWx0PSLku6Pph5HlvJXmj5siPjxpbWcgc3JjPSJodHRwOi8vd3d3LnJha3V0ZW4ubmUuanAvZ29sZC9zdHlsZW1hcmtldC93cC1jb250ZW50L3RoZW1lcy9zdHlsZW1hcmtldC9pbWFnZXMvc2hvcC9kZXRhaWxfaWNvbl9zb3VyeW91X3NwLmdpZiIgYWx0PSLnibnmrorpgIHmlpkiPjxicj48aW1nIHNyYz0iaHR0cDovL3d3dy5yYWt1dGVuLm5lLmpwL2dvbGQvc3R5bGVtYXJrZXQvd3AtY29udGVudC90aGVtZXMvc3R5bGVtYXJrZXQvaW1hZ2VzL3Nob3AvZGV0YWlsX2ljb25feWFqaXJ1c2kuZ2lmIj7jgqLjgqTjgrPjg7Pjga7oqqzmmI7jga/jgZPjgaHjgok8L3A+,44K544K/44OD44OJ44Os44K544K/44Kk44OkIOODluODquODguOCueODiOODsyBCTElaWkFLIFJFVk8gR1ogMTU1LzcwUjEyIDczUe+8muOCueOCv+OCpOODq+ODnuODvOOCseODg+ODiOOAgOalveWkqeW4guWgtOW6lw==,5r+A5a6J44K/44Kk44Ok5Lit5Y+k44Kr44O855So5ZOB44Kr44O844OR44O844OE44Kr44O844OK44OT44Ky44O844K344On44Oz5a6J44GEQ0FS44Kr44O844Kq44O844OH44Kj44Kq6LuK44Ki44Km44OI44Os44OD44OI44Ob44Kk44Or44K544OG44OD44OX44Ov44K044Oz44K344O844OI44Kr44OQ44O844K544K/44OD44OJ44Os44K544OY44Or44Oh44OD44OI6LKp5aOy44Oe44OV44Op44O844K144K544Oa44Oz44K344On44Oz44Kq44O844OI44Ko44Ki44Ot44OR44O844OE44K544K/44OD44OJ44Os44K544K/44Kk44OkIOODluODquODguOCueODiOODsyBCTElaWkFLIFJFVk8gR1ogMTU1LzcwUjEyIDczUQ==,44CQMTU1LzcwUjEyIDczUeOAkeOAguOCueOCv+ODg+ODieODrOOCueOCv+OCpOODpCDjg5bjg6rjg4Ljgrnjg4jjg7MgQkxJWlpBSyBSRVZPIEdaIDE1NS83MFIxMiA3M1E=[rn]
34-95803,aHR0cDovL3RzaG9wLnIxMHMuanAvc3R5bGVtYXJrZXQvY2FiaW5ldC9tYW5hZ2VkL2ltZzEyLzEyNTAyLmpwZz9maXRpbj03MDA6NzAw,NDEyMC4wMDAw,,6LuK55So5ZOB44O744OQ44Kk44Kv55So5ZOBID4g44Kr44O855So5ZOBID4g44K544K/44OD44OJ44Os44K544K/44Kk44Ok,44K544K/44OD44OJ44Os44K544K/44Kk44OkIOODluODquODguOCueODiOODsyBCTElaWkFLIFJFVk8gR1ogMTQ1LzgwUjEyIDc0UQ==,44CQMTQ1LzgwUjEyIDc0UeOAkQ==,PHA+PGltZyBzcmM9Imh0dHA6Ly93d3cucmFrdXRlbi5uZS5qcC9nb2xkL3N0eWxlbWFya2V0L3dwLWNvbnRlbnQvdGhlbWVzL3N0eWxlbWFya2V0L2ltYWdlcy9zaG9wL3Jha3V0ZW5fZGV0YWlsX3RpcmVjb3Vwb25fZGV0YWlsLmpwZyI+PC9wPjxwPjxpbWcgc3JjPSJodHRwOi8vaW1hZ2UucmFrdXRlbi5jby5qcC9zdHlsZW1hcmtldC9jYWJpbmV0L21hbmFnZWQvaW1nMTIvMTI1MDIuanBnIj48YnI+PGltZyBzcmM9Imh0dHA6Ly9pbWFnZS5yYWt1dGVuLmNvLmpwL3N0eWxlbWFya2V0L2NhYmluZXQvbWFuYWdlZC9pbWcxMi8xMjUwMy5qcGciPjxicj48aW1nIHNyYz0iaHR0cDovL2ltYWdlLnJha3V0ZW4uY28uanAvc3R5bGVtYXJrZXQvY2FiaW5ldC9tYW5hZ2VkL2ltZzEyLzEyNTA0LmpwZyI+PC9wPjxzdHJvbmcgY2xhc3M9ImJnLW9yYW5nZWxpbmUiPuWVhuWTgeiqrOaYjjwvc3Ryb25nPjxwPjxiPuODluODquOCtuODg+OCr+OBp+OBhOOBoeOBsOOCk+atouOBvuOCi+OAguOBneOBrueQhueUseOBr+OAgTTjgaTjga7mlrDmioDooZPjgII8L2I+PGJyPuODu+aWsOOCs+ODs+ODkeOCpuODs+ODieOBjOOAgeawt+S4iuOBq+WKueOBj++8gTxicj7mlrDntKDmnZDphY3lkIjjga7jg6zjg5znmbrms6HjgrTjg6BHWuOBjOOAgeawt+S4iuOBp+OBruWKueOBjeOCkuOBleOCieOBq+mAsuWMluOAgjxicj7jg7vmlrDjg5Hjgr/jg7PjgYzjgIHjgZXjgb7jgZbjgb7jgarlhqzpgZPjgavlirnjgY/vvIE8YnI+44K/44Kk44Ok44Gu5o6l5Zyw44KS56eR5a2m44GX44Gf6Z2e5a++56ew44OR44K/44Oz44GM44CB57im44Gr5Yq544GP44CB5qiq44Gr5Yq544GP44CB44GV44G+44GW44G+44Gq5Yas6YGT44Gr5Yq544GP44CCPGJyPuODu+aWsOW9oueKtuOBp+OAgeebtOmAsuWuieWumuaAp+WQkeS4iu+8gTxicj5SRUdOT++8hlBsYXl65pCt6LyJ44Gu6Z2e5a++56ew5b2i54q244GM55u06YCy5a6J5a6a5oCn5ZCR5LiK44KS5a6f54++44CCPGJyPuODu+aWsOioree9ruioreioiOOBjOOAgVNOT1fjg7tXRVTjgavlirnjgY/vvIE8YnI+5paw6Kit6KiI44CM44K544Oq44Og77yG44Ot44Oz44Kw44Kz44Oz44K/44Kv44OI44CN44GM44CBU05PV+ODu1dFVOOBq+WKueOBj+OAgjwvcD48c3Ryb25nIGNsYXNzPSJiZy1vcmFuZ2VsaW5lIj7oo73lk4Hku5Xmp5g8L3N0cm9uZz48cD7jg6Hjg7zjgqvjg7zvvJpCUklER0VTVE9ORe+8iOODluODquODguOCueODiOODs++8iTxicj7jg5Hjgr/jg7zjg7PvvJpCTElaWkFLIFJFVk8gR1rvvIjjg5bjg6rjgrbjg4Pjgq8g44Os44OcIOOCuOODvOOCvOODg+ODiO+8iTxicj7jgrXjgqTjgrrvvJoxNDUvODBSMTIgNzRRPC9wPjxzdHJvbmcgY2xhc3M9ImJnLW9yYW5nZWxpbmUiPuOCueOCv+ODg+ODleOCs+ODoeODs+ODiDwvc3Ryb25nPjxwPuWMl+WbveOBq+e1tuWkp+OBquaUr+aMgeOCkuiqh+OCi+ODluODquODguOCueODiOODs+OCueOCv+ODg+ODieODrOOCueOAgjwvcD48c3Ryb25nIGNsYXNzPSJiZy1vcmFuZ2VsaW5lIj7jgZ3jga7ku5Y8L3N0cm9uZz48cD48Zm9udCBjb2xvcj0ib3JhbmdlIj48Yj7jgYrlrqLmp5jjgojjgorjgZPjgpPjgarjgYrllY/jgYTlkIjjgo/jgZvjgpLjgYTjgZ/jgaDjgY3jgb7jgZfjgZ88L2I+PC9mb250Pjxicj48YnI+PGI+UTroo73pgKDlubTjga/mjIflrprjgafjgY3jgb7jgZnjgYvvvJ88L2I+PGJyPjxmb250IGNvbG9yPSJvcmFuZ2UiPjxiPkE6PC9iPjwvZm9udD7jgYrlrqLmp5jjgbjjga7jgrXjg7zjg5Pjgrnjga7kuIDnkrDjgajjgZfjgabjgq/jg7zjg53jg7PjgpLjgZTnlKjmhI/oh7TjgZfjgb7jgZfjgZ/jgII8YnI+44Kv44O844Od44Oz44Go5LiA57eS44Gr44K/44Kk44Ok44KS44GU5rOo5paH44GE44Gf44Gg44GP44GT44Go44Gn44CB5a6J5b+D44GX44Gm5paw44GX44GE44K/44Kk44Ok44Gu44GK5bGK44GR44KS44GK5b6F44Gh5LiL44GV44GE44CCPGJyPjxicj48Yj5ROjHmnKzjga7kvqHmoLzjgafjgZnjgYvvvJ88L2I+PGJyPjxmb250IGNvbG9yPSJvcmFuZ2UiPjxiPkE6PC9iPjwvZm9udD7jga/jgYTjgILjgr/jgqTjg6Qx5pys44Gu5L6h5qC844Go44Gq44KK44G+44GZ44CCPGJyPjTmnKzjgZTms6jmlofjga7loLTlkIjjga/jgI7ooajnpLrkvqHmoLzDlzTjgI/jgavjgarjgorjgb7jgZnjgII8YnI+PGJyPjxiPlE644Ob44Kk44O844Or44Gv5LuY5bGe44GX44G+44GZ44GL77yfPC9iPjxicj48Zm9udCBjb2xvcj0ib3JhbmdlIj48Yj5BOjwvYj48L2ZvbnQ+6KGo56S65L6h5qC844Gv5paw5ZOB44K/44Kk44OkMeacrOOBruS+oeagvOOBqOOBquOCiuOAgeODm+OCpOODvOODq+OBr+S7mOWxnuOBl+OBvuOBm+OCk+OAgjxicj7jg5vjgqTjg7zjg6vjgpLjgZTluIzmnJvjga7jgYrlrqLmp5jjgavjga/liKXpgJTjgYropovnqY3jgoLjgorjgpLjgYTjgZ/jgZfjgb7jgZnjga7jgafjgIHou4rnqK7jgIHlubTlvI/jgIHlnovlvI/jgIHjgr/jgqTjg6TjgrXjgqTjgrrjgpLoqJjovInjga7kuIrjgIHjgYrllY/jgYTlkIjjgo/jgZvjgY/jgaDjgZXjgYTjgb7jgZvjgII8YnI+PGJyPjxiPlE65LuK6aC844KT44Gg44KJ44GE44Gk5bGK44GN44G+44GZ44GL77yfPC9iPjxicj48Zm9udCBjb2xvcj0ib3JhbmdlIj48Yj5BOjwvYj48L2ZvbnQ+5rG65riI44GM56K66KqN44Gn44GN44KM44Gw44CB44GU5rOo5paH5pel44GL44KJMuWWtualreaXpeS7peWGheOBq+e0hDkwJeOBruOBlOazqOaWh+OBruWVhuWTgeOCkueZuumAgeOBp+OBjeOBpuOBhOOBvuOBmeOAgjxicj7mrovjgorjga7ntIQ4JeOBrzEw5Za25qWt5pel5Lul5YaF44CB5qyg5ZOB44Gn57SN5pyf44Gu55uu5Yem44GM56uL44Gf44Ga44Gr44GK5bGK44GR44Gn44GN44Gq44GE44KC44Gu44GvMiXlvLHjgajjgarjgaPjgabjgYrjgorjgb7jgZnjgII8YnI+PGJyPjxiPlE66YCB5paZ44Gv44GE44GP44KJ44Gn44GZ44GL77yfPC9iPjxicj48Zm9udCBjb2xvcj0ib3JhbmdlIj48Yj5BOjwvYj48L2ZvbnQ+5b+F6KaB5pys5pWw44Gr5b+c44GY44Gf5paZ6YeR6KGo44GM44GU44GW44GE44G+44GZ44Gu44Gn44CB44Gd44Gh44KJ44KS44GU56K66KqN5LiL44GV44GE44CCPGJyPjxicj48Yj5ROueojui+vOOBv+OBp+OBmeOBi++8nzwvYj48YnI+PGZvbnQgY29sb3I9Im9yYW5nZSI+PGI+QTo8L2I+PC9mb250Pueojui+vOS+oeagvOOBp+ihqOekuuOBl+OBpuOBiuOCiuOBvuOBmeOAgjxicj7lhoXnqI7jgafjgZnjga7jgafjgIHlronlv4PjgZfjgabjgYrosrfjgYTmsYLjgoHkuIvjgZXjgYTjgII8L3A+PHA+PGI+4oC744GK5bGK44GR44Gr6Zai44GX44GmPC9iPjxicj7jgZTms6jmlofjgpLpoILjgY/luqbjgavjg6Hjg7zjgqvjg7zjgojjgorlj5bjgorlr4TjgZvjgpLjgZfjgb7jgZnjgII8YnI+44Gd44Gu54K644GU5rOo5paH44GL44KJMu+9njPml6Xjgbvjganjgaflh7rojbflj6/og73jgafjgZnjgII8YnI+44G+44Gf44CB44Oh44O844Kr44O844Gr44GK44GE44Gm5Zyo5bqr5YiH44KM44Gu5aC05ZCI44Gv55m66YCB44G+44Gn44GrMu+9njPml6Xku6XkuIrjga7jgYrmmYLplpPpoILjgY/loLTlkIjjgYzjgZTjgZbjgYTjgb7jgZnjgII8YnI+6Kqg44Gr5oGQ44KM5YWl44KK44G+44GZ44GM44CB44GK5oCl44GO44Gu5aC05ZCI44Gv44GU5rOo5paH5YmN44Gu5Zyo5bqr56K66KqN44KS44GK6aGY44GE55Sz44GX5LiK44GS44G+44GZ44CCPC9wPjxwPjxpbWcgc3JjPSJodHRwOi8vd3d3LnJha3V0ZW4ubmUuanAvZ29sZC9zdHlsZW1hcmtldC93cC1jb250ZW50L3RoZW1lcy9zdHlsZW1hcmtldC9pbWFnZXMvc2hvcC9kZXRhaWxfaWNvbl9wYWNrX29rLmdpZiIgYWx0PSLlkIzmorHlj68iPjxpbWcgc3JjPSJodHRwOi8vd3d3LnJha3V0ZW4ubmUuanAvZ29sZC9zdHlsZW1hcmtldC93cC1jb250ZW50L3RoZW1lcy9zdHlsZW1hcmtldC9pbWFnZXMvc2hvcC9kZXRhaWxfaWNvbl9naWZ0X25nLmdpZiIgYWx0PSLjg6njg4Pjg5Tjg7PjgrDkuI3lj68iPjxpbWcgc3JjPSJodHRwOi8vd3d3LnJha3V0ZW4ubmUuanAvZ29sZC9zdHlsZW1hcmtldC93cC1jb250ZW50L3RoZW1lcy9zdHlsZW1hcmtldC9pbWFnZXMvc2hvcC9kZXRhaWxfaWNvbl96YWlrb19vci5naWYiIGFsdD0i44Oh44O844Kr44O85Y+W5a+EIj48aW1nIHNyYz0iaHR0cDovL3d3dy5yYWt1dGVuLm5lLmpwL2dvbGQvc3R5bGVtYXJrZXQvd3AtY29udGVudC90aGVtZXMvc3R5bGVtYXJrZXQvaW1hZ2VzL3Nob3AvZGV0YWlsX2ljb25fc2l0ZWlfbmcuZ2lmIiBhbHQ9IuaXpeaZguaMh+WumuWkieWLleOBguOCiiI+PGltZyBzcmM9Imh0dHA6Ly93d3cucmFrdXRlbi5uZS5qcC9nb2xkL3N0eWxlbWFya2V0L3dwLWNvbnRlbnQvdGhlbWVzL3N0eWxlbWFya2V0L2ltYWdlcy9zaG9wL2RldGFpbF9pY29uX3BheW1lbnRfYmFuay5naWYiIGFsdD0i6YqA6KGM5oyv6L68Ij48aW1nIHNyYz0iaHR0cDovL3d3dy5yYWt1dGVuLm5lLmpwL2dvbGQvc3R5bGVtYXJrZXQvd3AtY29udGVudC90aGVtZXMvc3R5bGVtYXJrZXQvaW1hZ2VzL3Nob3AvZGV0YWlsX2ljb25fcGF5bWVudF9kYWliaWtpLmdpZiIgYWx0PSLku6Pph5HlvJXmj5siPjxpbWcgc3JjPSJodHRwOi8vd3d3LnJha3V0ZW4ubmUuanAvZ29sZC9zdHlsZW1hcmtldC93cC1jb250ZW50L3RoZW1lcy9zdHlsZW1hcmtldC9pbWFnZXMvc2hvcC9kZXRhaWxfaWNvbl9zb3VyeW91X3NwLmdpZiIgYWx0PSLnibnmrorpgIHmlpkiPjxicj48aW1nIHNyYz0iaHR0cDovL3d3dy5yYWt1dGVuLm5lLmpwL2dvbGQvc3R5bGVtYXJrZXQvd3AtY29udGVudC90aGVtZXMvc3R5bGVtYXJrZXQvaW1hZ2VzL3Nob3AvZGV0YWlsX2ljb25feWFqaXJ1c2kuZ2lmIj7jgqLjgqTjgrPjg7Pjga7oqqzmmI7jga/jgZPjgaHjgok8L3A+,44K544K/44OD44OJ44Os44K544K/44Kk44OkIOODluODquODguOCueODiOODsyBCTElaWkFLIFJFVk8gR1ogMTQ1LzgwUjEyIDc0Ue+8muOCueOCv+OCpOODq+ODnuODvOOCseODg+ODiOOAgOalveWkqeW4guWgtOW6lw==,5r+A5a6J44K/44Kk44Ok5Lit5Y+k44Kr44O855So5ZOB44Kr44O844OR44O844OE44Kr44O844OK44OT44Ky44O844K344On44Oz5a6J44GEQ0FS44Kr44O844Kq44O844OH44Kj44Kq6LuK44Ki44Km44OI44Os44OD44OI44Ob44Kk44Or44K544OG44OD44OX44Ov44K044Oz44K344O844OI44Kr44OQ44O844K544K/44OD44OJ44Os44K544OY44Or44Oh44OD44OI6LKp5aOy44Oe44OV44Op44O844K144K544Oa44Oz44K344On44Oz44Kq44O844OI44Ko44Ki44Ot44OR44O844OE44K544K/44OD44OJ44Os44K544K/44Kk44OkIOODluODquODguOCueODiOODsyBCTElaWkFLIFJFVk8gR1ogMTQ1LzgwUjEyIDc0UQ==,44CQMTQ1LzgwUjEyIDc0UeOAkeOAguOCueOCv+ODg+ODieODrOOCueOCv+OCpOODpCDjg5bjg6rjg4Ljgrnjg4jjg7MgQkxJWlpBSyBSRVZPIEdaIDE0NS84MFIxMiA3NFE=[rn]
34-95804,aHR0cDovL3RzaG9wLnIxMHMuanAvc3R5bGVtYXJrZXQvY2FiaW5ldC9tYW5hZ2VkL2ltZzE1LzE1MTI2LmpwZz9maXRpbj03MDA6NzAw,MzgzMi4wMDAw,,6LuK55So5ZOB44O744OQ44Kk44Kv55So5ZOBID4g44Kr44O855So5ZOBID4g44K544K/44OD44OJ44Os44K544K/44Kk44Ok,44K544K/44OD44OJ44Os44K544K/44Kk44OkIOODgOODs+ODreODg+ODlyBEU1gtMiAxNDUvODBSMTIgNzRR,44CQMTQ1LzgwUjEyIDc0UeOAkQ==,PHA+PGltZyBzcmM9Imh0dHA6Ly93d3cucmFrdXRlbi5uZS5qcC9nb2xkL3N0eWxlbWFya2V0L3dwLWNvbnRlbnQvdGhlbWVzL3N0eWxlbWFya2V0L2ltYWdlcy9zaG9wL3Jha3V0ZW5fZGV0YWlsX3RpcmVjb3Vwb25fZGV0YWlsLmpwZyI+PC9wPjxwPjxpbWcgc3JjPSJodHRwOi8vaW1hZ2UucmFrdXRlbi5jby5qcC9zdHlsZW1hcmtldC9jYWJpbmV0L21hbmFnZWQvaW1nMTUvMTUxMjYuanBnIj48YnI+PGltZyBzcmM9Imh0dHA6Ly9pbWFnZS5yYWt1dGVuLmNvLmpwL3N0eWxlbWFya2V0L2NhYmluZXQvbWFuYWdlZC9pbWcxNS8xNTEyNy5qcGciPjwvcD48c3Ryb25nIGNsYXNzPSJiZy1vcmFuZ2VsaW5lIj7llYblk4HoqqzmmI48L3N0cm9uZz48cD48Yj7msLfjga7pgZPjga7lronlhajjgavjgIHjgZbjgonjgZbjgonjgYzjgq7jg6Xjg4PjgajlirnjgY/jgII8L2I+PGJyPuOBluOCieOBluOCieOBjOOCouOCpOOCueODkOODvOODs+OBq+WKueOBj+OAguOBneOBruenmOWvhuOBr+OAgeODn+OCr+ODreOBqOODiuODjuOBruODgOODluODq+OBsuOBo+OBi+OBjeWKueaenOOAgjxicj7jg5/jgq/jg63jga7jgbLjgaPjgYvjgY3jgIzjg5Pjg4PjgrDjgrDjg6njgrnjg5XjgqHjgqTjg5Djg7zjgI3jgajjg4rjg47jga7jgbLjgaPjgYvjgY3jgIzjg4/jgqTjg5Hjg7zjg4bjg4jjg6njg5Tjg4Pjgq/jgI3jgpLphY3lkIjjgZfjgZ/jg4Djg7Pjg63jg4Pjg5fni6zoh6rjga7jgrPjg7Pjg5Hjgqbjg7Pjg4njga7mjqHnlKjjgavjgojjgorjgIHlvLflipvjgarjgqLjgqTjgrnjg5Djg7zjg7PjgrDjg6rjg4Pjg5fjgpLnmbrmj67jgZnjgovkuZfnlKjou4rnlKjjg4/jgqTjg7vjgrnjg5rjg4Pjgq/jgrnjgr/jg4Pjg4njg6zjgrnjgII8L3A+PHN0cm9uZyBjbGFzcz0iYmctb3JhbmdlbGluZSI+6KO95ZOB5LuV5qeYPC9zdHJvbmc+PHA+44Oh44O844Kr44O877yaRFVOTE9Q77yI44OA44Oz44Ot44OD44OX77yJPGJyPuODkeOCv+ODvOODs++8mkRTWC0y77yI44OH44Kj44O844Ko44K544Ko44OD44Kv44K5IOODhOODvO+8iTxicj7jgrXjgqTjgrrvvJoxNDUvODBSMTIgNzRRPC9wPjxzdHJvbmcgY2xhc3M9ImJnLW9yYW5nZWxpbmUiPuOCueOCv+ODg+ODleOCs+ODoeODs+ODiDwvc3Ryb25nPjxwPkRTWOOBi+OCieaAp+iDveOCouODg+ODl++8geawt+OBrumBk+OBq+W8t+OBhOOBluOCieOBluOCieODhuODiOODqeODlOODg+OCr+OBjOeJueW+tO+8gTwvcD48c3Ryb25nIGNsYXNzPSJiZy1vcmFuZ2VsaW5lIj7jgZ3jga7ku5Y8L3N0cm9uZz48cD48Zm9udCBjb2xvcj0ib3JhbmdlIj48Yj7jgYrlrqLmp5jjgojjgorjgZPjgpPjgarjgYrllY/jgYTlkIjjgo/jgZvjgpLjgYTjgZ/jgaDjgY3jgb7jgZfjgZ88L2I+PC9mb250Pjxicj48YnI+PGI+UTroo73pgKDlubTjga/mjIflrprjgafjgY3jgb7jgZnjgYvvvJ88L2I+PGJyPjxmb250IGNvbG9yPSJvcmFuZ2UiPjxiPkE6PC9iPjwvZm9udD7jgYrlrqLmp5jjgbjjga7jgrXjg7zjg5Pjgrnjga7kuIDnkrDjgajjgZfjgabjgq/jg7zjg53jg7PjgpLjgZTnlKjmhI/oh7TjgZfjgb7jgZfjgZ/jgII8YnI+44Kv44O844Od44Oz44Go5LiA57eS44Gr44K/44Kk44Ok44KS44GU5rOo5paH44GE44Gf44Gg44GP44GT44Go44Gn44CB5a6J5b+D44GX44Gm5paw44GX44GE44K/44Kk44Ok44Gu44GK5bGK44GR44KS44GK5b6F44Gh5LiL44GV44GE44CCPGJyPjxicj48Yj5ROjHmnKzjga7kvqHmoLzjgafjgZnjgYvvvJ88L2I+PGJyPjxmb250IGNvbG9yPSJvcmFuZ2UiPjxiPkE6PC9iPjwvZm9udD7jga/jgYTjgILjgr/jgqTjg6Qx5pys44Gu5L6h5qC844Go44Gq44KK44G+44GZ44CCPGJyPjTmnKzjgZTms6jmlofjga7loLTlkIjjga/jgI7ooajnpLrkvqHmoLzDlzTjgI/jgavjgarjgorjgb7jgZnjgII8YnI+PGJyPjxiPlE644Ob44Kk44O844Or44Gv5LuY5bGe44GX44G+44GZ44GL77yfPC9iPjxicj48Zm9udCBjb2xvcj0ib3JhbmdlIj48Yj5BOjwvYj48L2ZvbnQ+6KGo56S65L6h5qC844Gv5paw5ZOB44K/44Kk44OkMeacrOOBruS+oeagvOOBqOOBquOCiuOAgeODm+OCpOODvOODq+OBr+S7mOWxnuOBl+OBvuOBm+OCk+OAgjxicj7jg5vjgqTjg7zjg6vjgpLjgZTluIzmnJvjga7jgYrlrqLmp5jjgavjga/liKXpgJTjgYropovnqY3jgoLjgorjgpLjgYTjgZ/jgZfjgb7jgZnjga7jgafjgIHou4rnqK7jgIHlubTlvI/jgIHlnovlvI/jgIHjgr/jgqTjg6TjgrXjgqTjgrrjgpLoqJjovInjga7kuIrjgIHjgYrllY/jgYTlkIjjgo/jgZvjgY/jgaDjgZXjgYTjgb7jgZvjgII8YnI+PGJyPjxiPlE65LuK6aC844KT44Gg44KJ44GE44Gk5bGK44GN44G+44GZ44GL77yfPC9iPjxicj48Zm9udCBjb2xvcj0ib3JhbmdlIj48Yj5BOjwvYj48L2ZvbnQ+5rG65riI44GM56K66KqN44Gn44GN44KM44Gw44CB44GU5rOo5paH5pel44GL44KJMuWWtualreaXpeS7peWGheOBq+e0hDkwJeOBruOBlOazqOaWh+OBruWVhuWTgeOCkueZuumAgeOBp+OBjeOBpuOBhOOBvuOBmeOAgjxicj7mrovjgorjga7ntIQ4JeOBrzEw5Za25qWt5pel5Lul5YaF44CB5qyg5ZOB44Gn57SN5pyf44Gu55uu5Yem44GM56uL44Gf44Ga44Gr44GK5bGK44GR44Gn44GN44Gq44GE44KC44Gu44GvMiXlvLHjgajjgarjgaPjgabjgYrjgorjgb7jgZnjgII8YnI+PGJyPjxiPlE66YCB5paZ44Gv44GE44GP44KJ44Gn44GZ44GL77yfPC9iPjxicj48Zm9udCBjb2xvcj0ib3JhbmdlIj48Yj5BOjwvYj48L2ZvbnQ+5b+F6KaB5pys5pWw44Gr5b+c44GY44Gf5paZ6YeR6KGo44GM44GU44GW44GE44G+44GZ44Gu44Gn44CB44Gd44Gh44KJ44KS44GU56K66KqN5LiL44GV44GE44CCPGJyPjxicj48Yj5ROueojui+vOOBv+OBp+OBmeOBi++8nzwvYj48YnI+PGZvbnQgY29sb3I9Im9yYW5nZSI+PGI+QTo8L2I+PC9mb250Pueojui+vOS+oeagvOOBp+ihqOekuuOBl+OBpuOBiuOCiuOBvuOBmeOAgjxicj7lhoXnqI7jgafjgZnjga7jgafjgIHlronlv4PjgZfjgabjgYrosrfjgYTmsYLjgoHkuIvjgZXjgYTjgII8L3A+PHA+PGI+4oC744GK5bGK44GR44Gr6Zai44GX44GmPC9iPjxicj7jgZTms6jmlofjgpLpoILjgY/luqbjgavjg6Hjg7zjgqvjg7zjgojjgorlj5bjgorlr4TjgZvjgpLjgZfjgb7jgZnjgII8YnI+44Gd44Gu54K644GU5rOo5paH44GL44KJMu+9njPml6Xjgbvjganjgaflh7rojbflj6/og73jgafjgZnjgII8YnI+44G+44Gf44CB44Oh44O844Kr44O844Gr44GK44GE44Gm5Zyo5bqr5YiH44KM44Gu5aC05ZCI44Gv55m66YCB44G+44Gn44GrMu+9njPml6Xku6XkuIrjga7jgYrmmYLplpPpoILjgY/loLTlkIjjgYzjgZTjgZbjgYTjgb7jgZnjgII8YnI+6Kqg44Gr5oGQ44KM5YWl44KK44G+44GZ44GM44CB44GK5oCl44GO44Gu5aC05ZCI44Gv44GU5rOo5paH5YmN44Gu5Zyo5bqr56K66KqN44KS44GK6aGY44GE55Sz44GX5LiK44GS44G+44GZ44CCPC9wPjxwPjxpbWcgc3JjPSJodHRwOi8vd3d3LnJha3V0ZW4ubmUuanAvZ29sZC9zdHlsZW1hcmtldC93cC1jb250ZW50L3RoZW1lcy9zdHlsZW1hcmtldC9pbWFnZXMvc2hvcC9kZXRhaWxfaWNvbl9wYWNrX29rLmdpZiIgYWx0PSLlkIzmorHlj68iPjxpbWcgc3JjPSJodHRwOi8vd3d3LnJha3V0ZW4ubmUuanAvZ29sZC9zdHlsZW1hcmtldC93cC1jb250ZW50L3RoZW1lcy9zdHlsZW1hcmtldC9pbWFnZXMvc2hvcC9kZXRhaWxfaWNvbl9naWZ0X25nLmdpZiIgYWx0PSLjg6njg4Pjg5Tjg7PjgrDkuI3lj68iPjxpbWcgc3JjPSJodHRwOi8vd3d3LnJha3V0ZW4ubmUuanAvZ29sZC9zdHlsZW1hcmtldC93cC1jb250ZW50L3RoZW1lcy9zdHlsZW1hcmtldC9pbWFnZXMvc2hvcC9kZXRhaWxfaWNvbl96YWlrb19vci5naWYiIGFsdD0i44Oh44O844Kr44O85Y+W5a+EIj48aW1nIHNyYz0iaHR0cDovL3d3dy5yYWt1dGVuLm5lLmpwL2dvbGQvc3R5bGVtYXJrZXQvd3AtY29udGVudC90aGVtZXMvc3R5bGVtYXJrZXQvaW1hZ2VzL3Nob3AvZGV0YWlsX2ljb25fc2l0ZWlfbmcuZ2lmIiBhbHQ9IuaXpeaZguaMh+WumuWkieWLleOBguOCiiI+PGltZyBzcmM9Imh0dHA6Ly93d3cucmFrdXRlbi5uZS5qcC9nb2xkL3N0eWxlbWFya2V0L3dwLWNvbnRlbnQvdGhlbWVzL3N0eWxlbWFya2V0L2ltYWdlcy9zaG9wL2RldGFpbF9pY29uX3BheW1lbnRfYmFuay5naWYiIGFsdD0i6YqA6KGM5oyv6L68Ij48aW1nIHNyYz0iaHR0cDovL3d3dy5yYWt1dGVuLm5lLmpwL2dvbGQvc3R5bGVtYXJrZXQvd3AtY29udGVudC90aGVtZXMvc3R5bGVtYXJrZXQvaW1hZ2VzL3Nob3AvZGV0YWlsX2ljb25fcGF5bWVudF9kYWliaWtpLmdpZiIgYWx0PSLku6Pph5HlvJXmj5siPjxpbWcgc3JjPSJodHRwOi8vd3d3LnJha3V0ZW4ubmUuanAvZ29sZC9zdHlsZW1hcmtldC93cC1jb250ZW50L3RoZW1lcy9zdHlsZW1hcmtldC9pbWFnZXMvc2hvcC9kZXRhaWxfaWNvbl9zb3VyeW91X3NwLmdpZiIgYWx0PSLnibnmrorpgIHmlpkiPjxicj48aW1nIHNyYz0iaHR0cDovL3d3dy5yYWt1dGVuLm5lLmpwL2dvbGQvc3R5bGVtYXJrZXQvd3AtY29udGVudC90aGVtZXMvc3R5bGVtYXJrZXQvaW1hZ2VzL3Nob3AvZGV0YWlsX2ljb25feWFqaXJ1c2kuZ2lmIj7jgqLjgqTjgrPjg7Pjga7oqqzmmI7jga/jgZPjgaHjgok8L3A+,44K544K/44OD44OJ44Os44K544K/44Kk44OkIOODgOODs+ODreODg+ODlyBEU1gtMiAxNDUvODBSMTIgNzRR77ya44K544K/44Kk44Or44Oe44O844Kx44OD44OI44CA5qW95aSp5biC5aC05bqX,5r+A5a6J44K/44Kk44Ok5Lit5Y+k44Kr44O855So5ZOB44Kr44O844OR44O844OE44Kr44O844OK44OT44Ky44O844K344On44Oz5a6J44GEQ0FS44Kr44O844Kq44O844OH44Kj44Kq6LuK44Ki44Km44OI44Os44OD44OI44Ob44Kk44Or44K544OG44OD44OX44Ov44K044Oz44K344O844OI44Kr44OQ44O844K544K/44OD44OJ44Os44K544OY44Or44Oh44OD44OI6LKp5aOy44Oe44OV44Op44O844K144K544Oa44Oz44K344On44Oz44Kq44O844OI44Ko44Ki44Ot44OR44O844OE44K544K/44OD44OJ44Os44K544K/44Kk44OkIOODgOODs+ODreODg+ODlyBEU1gtMiAxNDUvODBSMTIgNzRR,44CQMTQ1LzgwUjEyIDc0UeOAkeOAguOCueOCv+ODg+ODieODrOOCueOCv+OCpOODpCDjg4Djg7Pjg63jg4Pjg5cgRFNYLTIgMTQ1LzgwUjEyIDc0UQ==[rn]
34-95805,aHR0cDovL3RzaG9wLnIxMHMuanAvc3R5bGVtYXJrZXQvY2FiaW5ldC9tYW5hZ2VkL2ltZzEyLzEyNDcyLmpwZz9maXRpbj03MDA6NzAw,NjY1Ni4wMDAw,,6LuK55So5ZOB44O744OQ44Kk44Kv55So5ZOBID4g44Kr44O855So5ZOBID4g44K544K/44OD44OJ44Os44K544K/44Kk44Ok,44K544K/44OD44OJ44Os44K544K/44Kk44OkIOODluODquODguOCueODiOODsyBCTElaWkFLIFZMMSAxNDVSMTIgOFBS,44CQMTQ1UjEyIDhQUuOAkQ==,PHA+PGltZyBzcmM9Imh0dHA6Ly93d3cucmFrdXRlbi5uZS5qcC9nb2xkL3N0eWxlbWFya2V0L3dwLWNvbnRlbnQvdGhlbWVzL3N0eWxlbWFya2V0L2ltYWdlcy9zaG9wL3Jha3V0ZW5fZGV0YWlsX3RpcmVjb3Vwb25fZGV0YWlsLmpwZyI+PC9wPjxwPjxpbWcgc3JjPSJodHRwOi8vaW1hZ2UucmFrdXRlbi5jby5qcC9zdHlsZW1hcmtldC9jYWJpbmV0L21hbmFnZWQvaW1nMTIvMTI0NzIuanBnIj48L3A+PHN0cm9uZyBjbGFzcz0iYmctb3JhbmdlbGluZSI+5ZWG5ZOB6Kqs5piOPC9zdHJvbmc+PHA+PGI+44Ot44Oz44Kw44Op44Kk44OV44Gu6L+95rGC44Go44CB5aSJ44KP44KJ44Gq44GE44CM5Yq544GN44CN44CCPC9iPjxicj7jg7vpq5jjgYTotbDooYzmgKfog73jgajno6jogJfjg6njgqTjg5XjgpLkuKHnq4vjgIFMVOWwgueUqOODoeOCrOeZuuegsuOCtOODoElJPGJyPuODu+WkieOCj+OCieOBquOBhOOAjOWKueOBjeOAjeOCkueZuuaPruOAgTNE44Kz44Oz44OT44ON44O844K344On44Oz44K144Kk44OX44CCPC9wPjxzdHJvbmcgY2xhc3M9ImJnLW9yYW5nZWxpbmUiPuijveWTgeS7leanmDwvc3Ryb25nPjxwPuODoeODvOOCq+ODvO+8mkJSSURHRVNUT05F77yI44OW44Oq44OC44K544OI44Oz77yJPGJyPuODkeOCv+ODvOODs++8mkJMSVpaQUsgVkwx77yI44OW44Oq44K244OD44KvIOODluOCpOOCqOODq+ODr+ODs++8iTxicj7jgrXjgqTjgrrvvJoxNDVSMTIgOFBS77yI44OB44Ol44O844OW44Os44K544K/44Kk44OX77yJPC9wPjxzdHJvbmcgY2xhc3M9ImJnLW9yYW5nZWxpbmUiPuOCueOCv+ODg+ODleOCs+ODoeODs+ODiDwvc3Ryb25nPjxwPuODluODquOCtuODg+OCr+OBrueSsOWig+WvvuW/nOWVhuWTgeOAgueHg+iyu+WQkeS4iuOBq+OCguiyoueMruOBmeOCi+OCueOCv+ODg+ODieODrOOCueOCv+OCpOODpOOAgjwvcD48c3Ryb25nIGNsYXNzPSJiZy1vcmFuZ2VsaW5lIj7jgZ3jga7ku5Y8L3N0cm9uZz48cD48Zm9udCBjb2xvcj0ib3JhbmdlIj48Yj7jgYrlrqLmp5jjgojjgorjgZPjgpPjgarjgYrllY/jgYTlkIjjgo/jgZvjgpLjgYTjgZ/jgaDjgY3jgb7jgZfjgZ88L2I+PC9mb250Pjxicj48YnI+PGI+UTroo73pgKDlubTjga/mjIflrprjgafjgY3jgb7jgZnjgYvvvJ88L2I+PGJyPjxmb250IGNvbG9yPSJvcmFuZ2UiPjxiPkE6PC9iPjwvZm9udD7jgYrlrqLmp5jjgbjjga7jgrXjg7zjg5Pjgrnjga7kuIDnkrDjgajjgZfjgabjgq/jg7zjg53jg7PjgpLjgZTnlKjmhI/oh7TjgZfjgb7jgZfjgZ/jgII8YnI+44Kv44O844Od44Oz44Go5LiA57eS44Gr44K/44Kk44Ok44KS44GU5rOo5paH44GE44Gf44Gg44GP44GT44Go44Gn44CB5a6J5b+D44GX44Gm5paw44GX44GE44K/44Kk44Ok44Gu44GK5bGK44GR44KS44GK5b6F44Gh5LiL44GV44GE44CCPGJyPjxicj48Yj5ROjHmnKzjga7kvqHmoLzjgafjgZnjgYvvvJ88L2I+PGJyPjxmb250IGNvbG9yPSJvcmFuZ2UiPjxiPkE6PC9iPjwvZm9udD7jga/jgYTjgILjgr/jgqTjg6Qx5pys44Gu5L6h5qC844Go44Gq44KK44G+44GZ44CCPGJyPjTmnKzjgZTms6jmlofjga7loLTlkIjjga/jgI7ooajnpLrkvqHmoLzDlzTjgI/jgavjgarjgorjgb7jgZnjgII8YnI+PGJyPjxiPlE644Ob44Kk44O844Or44Gv5LuY5bGe44GX44G+44GZ44GL77yfPC9iPjxicj48Zm9udCBjb2xvcj0ib3JhbmdlIj48Yj5BOjwvYj48L2ZvbnQ+6KGo56S65L6h5qC844Gv5paw5ZOB44K/44Kk44OkMeacrOOBruS+oeagvOOBqOOBquOCiuOAgeODm+OCpOODvOODq+OBr+S7mOWxnuOBl+OBvuOBm+OCk+OAgjxicj7jg5vjgqTjg7zjg6vjgpLjgZTluIzmnJvjga7jgYrlrqLmp5jjgavjga/liKXpgJTjgYropovnqY3jgoLjgorjgpLjgYTjgZ/jgZfjgb7jgZnjga7jgafjgIHou4rnqK7jgIHlubTlvI/jgIHlnovlvI/jgIHjgr/jgqTjg6TjgrXjgqTjgrrjgpLoqJjovInjga7kuIrjgIHjgYrllY/jgYTlkIjjgo/jgZvjgY/jgaDjgZXjgYTjgb7jgZvjgII8YnI+PGJyPjxiPlE65LuK6aC844KT44Gg44KJ44GE44Gk5bGK44GN44G+44GZ44GL77yfPC9iPjxicj48Zm9udCBjb2xvcj0ib3JhbmdlIj48Yj5BOjwvYj48L2ZvbnQ+5rG65riI44GM56K66KqN44Gn44GN44KM44Gw44CB44GU5rOo5paH5pel44GL44KJMuWWtualreaXpeS7peWGheOBq+e0hDkwJeOBruOBlOazqOaWh+OBruWVhuWTgeOCkueZuumAgeOBp+OBjeOBpuOBhOOBvuOBmeOAgjxicj7mrovjgorjga7ntIQ4JeOBrzEw5Za25qWt5pel5Lul5YaF44CB5qyg5ZOB44Gn57SN5pyf44Gu55uu5Yem44GM56uL44Gf44Ga44Gr44GK5bGK44GR44Gn44GN44Gq44GE44KC44Gu44GvMiXlvLHjgajjgarjgaPjgabjgYrjgorjgb7jgZnjgII8YnI+PGJyPjxiPlE66YCB5paZ44Gv44GE44GP44KJ44Gn44GZ44GL77yfPC9iPjxicj48Zm9udCBjb2xvcj0ib3JhbmdlIj48Yj5BOjwvYj48L2ZvbnQ+5b+F6KaB5pys5pWw44Gr5b+c44GY44Gf5paZ6YeR6KGo44GM44GU44GW44GE44G+44GZ44Gu44Gn44CB44Gd44Gh44KJ44KS44GU56K66KqN5LiL44GV44GE44CCPGJyPjxicj48Yj5ROueojui+vOOBv+OBp+OBmeOBi++8nzwvYj48YnI+PGZvbnQgY29sb3I9Im9yYW5nZSI+PGI+QTo8L2I+PC9mb250Pueojui+vOS+oeagvOOBp+ihqOekuuOBl+OBpuOBiuOCiuOBvuOBmeOAgjxicj7lhoXnqI7jgafjgZnjga7jgafjgIHlronlv4PjgZfjgabjgYrosrfjgYTmsYLjgoHkuIvjgZXjgYTjgII8L3A+PHA+PGI+4oC744GK5bGK44GR44Gr6Zai44GX44GmPC9iPjxicj7jgZTms6jmlofjgpLpoILjgY/luqbjgavjg6Hjg7zjgqvjg7zjgojjgorlj5bjgorlr4TjgZvjgpLjgZfjgb7jgZnjgII8YnI+44Gd44Gu54K644GU5rOo5paH44GL44KJMu+9njPml6Xjgbvjganjgaflh7rojbflj6/og73jgafjgZnjgII8YnI+44G+44Gf44CB44Oh44O844Kr44O844Gr44GK44GE44Gm5Zyo5bqr5YiH44KM44Gu5aC05ZCI44Gv55m66YCB44G+44Gn44GrMu+9njPml6Xku6XkuIrjga7jgYrmmYLplpPpoILjgY/loLTlkIjjgYzjgZTjgZbjgYTjgb7jgZnjgII8YnI+6Kqg44Gr5oGQ44KM5YWl44KK44G+44GZ44GM44CB44GK5oCl44GO44Gu5aC05ZCI44Gv44GU5rOo5paH5YmN44Gu5Zyo5bqr56K66KqN44KS44GK6aGY44GE55Sz44GX5LiK44GS44G+44GZ44CCPC9wPjxwPjxpbWcgc3JjPSJodHRwOi8vd3d3LnJha3V0ZW4ubmUuanAvZ29sZC9zdHlsZW1hcmtldC93cC1jb250ZW50L3RoZW1lcy9zdHlsZW1hcmtldC9pbWFnZXMvc2hvcC9kZXRhaWxfaWNvbl9wYWNrX29rLmdpZiIgYWx0PSLlkIzmorHlj68iPjxpbWcgc3JjPSJodHRwOi8vd3d3LnJha3V0ZW4ubmUuanAvZ29sZC9zdHlsZW1hcmtldC93cC1jb250ZW50L3RoZW1lcy9zdHlsZW1hcmtldC9pbWFnZXMvc2hvcC9kZXRhaWxfaWNvbl9naWZ0X25nLmdpZiIgYWx0PSLjg6njg4Pjg5Tjg7PjgrDkuI3lj68iPjxpbWcgc3JjPSJodHRwOi8vd3d3LnJha3V0ZW4ubmUuanAvZ29sZC9zdHlsZW1hcmtldC93cC1jb250ZW50L3RoZW1lcy9zdHlsZW1hcmtldC9pbWFnZXMvc2hvcC9kZXRhaWxfaWNvbl96YWlrb19vci5naWYiIGFsdD0i44Oh44O844Kr44O85Y+W5a+EIj48aW1nIHNyYz0iaHR0cDovL3d3dy5yYWt1dGVuLm5lLmpwL2dvbGQvc3R5bGVtYXJrZXQvd3AtY29udGVudC90aGVtZXMvc3R5bGVtYXJrZXQvaW1hZ2VzL3Nob3AvZGV0YWlsX2ljb25fc2l0ZWlfbmcuZ2lmIiBhbHQ9IuaXpeaZguaMh+WumuWkieWLleOBguOCiiI+PGltZyBzcmM9Imh0dHA6Ly93d3cucmFrdXRlbi5uZS5qcC9nb2xkL3N0eWxlbWFya2V0L3dwLWNvbnRlbnQvdGhlbWVzL3N0eWxlbWFya2V0L2ltYWdlcy9zaG9wL2RldGFpbF9pY29uX3BheW1lbnRfYmFuay5naWYiIGFsdD0i6YqA6KGM5oyv6L68Ij48aW1nIHNyYz0iaHR0cDovL3d3dy5yYWt1dGVuLm5lLmpwL2dvbGQvc3R5bGVtYXJrZXQvd3AtY29udGVudC90aGVtZXMvc3R5bGVtYXJrZXQvaW1hZ2VzL3Nob3AvZGV0YWlsX2ljb25fcGF5bWVudF9kYWliaWtpLmdpZiIgYWx0PSLku6Pph5HlvJXmj5siPjxpbWcgc3JjPSJodHRwOi8vd3d3LnJha3V0ZW4ubmUuanAvZ29sZC9zdHlsZW1hcmtldC93cC1jb250ZW50L3RoZW1lcy9zdHlsZW1hcmtldC9pbWFnZXMvc2hvcC9kZXRhaWxfaWNvbl9zb3VyeW91X3NwLmdpZiIgYWx0PSLnibnmrorpgIHmlpkiPjxicj48aW1nIHNyYz0iaHR0cDovL3d3dy5yYWt1dGVuLm5lLmpwL2dvbGQvc3R5bGVtYXJrZXQvd3AtY29udGVudC90aGVtZXMvc3R5bGVtYXJrZXQvaW1hZ2VzL3Nob3AvZGV0YWlsX2ljb25feWFqaXJ1c2kuZ2lmIj7jgqLjgqTjgrPjg7Pjga7oqqzmmI7jga/jgZPjgaHjgok8L3A+,44K544K/44OD44OJ44Os44K544K/44Kk44OkIOODluODquODguOCueODiOODsyBCTElaWkFLIFZMMSAxNDVSMTIgOFBS77ya44K544K/44Kk44Or44Oe44O844Kx44OD44OI44CA5qW95aSp5biC5aC05bqX,5r+A5a6J44K/44Kk44Ok5Lit5Y+k44Kr44O855So5ZOB44Kr44O844OR44O844OE44Kr44O844OK44OT44Ky44O844K344On44Oz5a6J44GEQ0FS44Kr44O844Kq44O844OH44Kj44Kq6LuK44Ki44Km44OI44Os44OD44OI44Ob44Kk44Or44K544OG44OD44OX44Ov44K044Oz44K344O844OI44Kr44OQ44O844K544K/44OD44OJ44Os44K544OY44Or44Oh44OD44OI6LKp5aOy44Oe44OV44Op44O844K144K544Oa44Oz44K344On44Oz44Kq44O844OI44Ko44Ki44Ot44OR44O844OE44K544K/44OD44OJ44Os44K544K/44Kk44OkIOODluODquODguOCueODiOODsyBCTElaWkFLIFZMMSAxNDVSMTIgOFBS,44CQMTQ1UjEyIDhQUuOAkeOAguOCueOCv+ODg+ODieODrOOCueOCv+OCpOODpCDjg5bjg6rjg4Ljgrnjg4jjg7MgQkxJWlpBSyBWTDEgMTQ1UjEyIDhQUg==[rn]
34-95806,aHR0cDovL3RzaG9wLnIxMHMuanAvc3R5bGVtYXJrZXQvY2FiaW5ldC9tYW5hZ2VkL2ltZzEyLzEyNDgxLmpwZz9maXRpbj03MDA6NzAw,NDA5Ni4wMDAw,,6LuK55So5ZOB44O744OQ44Kk44Kv55So5ZOBID4g44Kr44O855So5ZOBID4g44K544K/44OD44OJ44Os44K544K/44Kk44Ok,44K544K/44OD44OJ44Os44K544K/44Kk44OkIOODluODquODguOCueODiOODsyBCTElaWkFLIFJFVk8yIDEzNS84MFIxMiA2OFE=,44CQMTM1LzgwUjEyIDY4UeOAkQ==,PHA+PGltZyBzcmM9Imh0dHA6Ly93d3cucmFrdXRlbi5uZS5qcC9nb2xkL3N0eWxlbWFya2V0L3dwLWNvbnRlbnQvdGhlbWVzL3N0eWxlbWFya2V0L2ltYWdlcy9zaG9wL3Jha3V0ZW5fZGV0YWlsX3RpcmVjb3Vwb25fZGV0YWlsLmpwZyI+PC9wPjxwPjxpbWcgc3JjPSJodHRwOi8vaW1hZ2UucmFrdXRlbi5jby5qcC9zdHlsZW1hcmtldC9jYWJpbmV0L21hbmFnZWQvaW1nMTIvMTI0ODEuanBnIj48YnI+PGltZyBzcmM9Imh0dHA6Ly9pbWFnZS5yYWt1dGVuLmNvLmpwL3N0eWxlbWFya2V0L2NhYmluZXQvbWFuYWdlZC9pbWcxMi8xMjQ4Mi5qcGciPjwvcD48c3Ryb25nIGNsYXNzPSJiZy1vcmFuZ2VsaW5lIj7llYblk4HoqqzmmI48L3N0cm9uZz48cD48Yj7jg6zjg5znmbrnoLLjgrTjg6Ba44Go44Oe44Or44OBWuODkeOCv+ODs+OAgeWGrOOBrui3r+mdouOCkumBuOOBsOOBquOBhOODoeOCuOODo+ODvOODluODquOCtuODg+OCr+OAgjwvYj48YnI+57SENeWAjeOBq+Wil+OBiOOBn+WkquOBhOawtOi3r+OBjOawt+OBruS4iuOBruawtOOBruiGnOOCkuOBleOCieOBq+WKueaenOeahOOBq+mZpOWOu+OAgjxicj7ntIQ15YCN44Gr5aKX44GI44Gf44OQ44Kk44OI57KS5a2Q44GM5rC344KS5ZKs44KA44CCPGJyPuODnuODq+ODgVrjgrDjg6vjg7zjg5bjgYzlpJrmlrnlkJHjgavlqIHlipvjgpLnmbrmj67jgII8L3A+PHN0cm9uZyBjbGFzcz0iYmctb3JhbmdlbGluZSI+6KO95ZOB5LuV5qeYPC9zdHJvbmc+PHA+44Oh44O844Kr44O877yaQlJJREdFU1RPTkXvvIjjg5bjg6rjg4Ljgrnjg4jjg7PvvIk8YnI+44OR44K/44O844Oz77yaQkxJWlpBSyBSRVZPMu+8iOODluODquOCtuODg+OCryDjg6zjg5zjg4Tjg7zvvIk8YnI+44K144Kk44K677yaMTM1LzgwUjEyIDY4UTwvcD48c3Ryb25nIGNsYXNzPSJiZy1vcmFuZ2VsaW5lIj7jgrnjgr/jg4Pjg5XjgrPjg6Hjg7Pjg4g8L3N0cm9uZz48cD7msLfkuIrjgIHpm6rkuIrjgIHkub7jgYTjgZ/ot6/pnaLjgIHmv6HjgozjgZ/ot6/pnaLjgarjganjgIHjgZXjgb7jgZbjgb7jgarlhqzpgZPjgavlirnjgY/jgrnjgr/jg4Pjg4njg6zjgrnjgr/jgqTjg6TjgafjgZnjgII8L3A+PHN0cm9uZyBjbGFzcz0iYmctb3JhbmdlbGluZSI+44Gd44Gu5LuWPC9zdHJvbmc+PHA+PGZvbnQgY29sb3I9Im9yYW5nZSI+PGI+44GK5a6i5qeY44KI44KK44GT44KT44Gq44GK5ZWP44GE5ZCI44KP44Gb44KS44GE44Gf44Gg44GN44G+44GX44GfPC9iPjwvZm9udD48YnI+PGJyPjxiPlE66KO96YCg5bm044Gv5oyH5a6a44Gn44GN44G+44GZ44GL77yfPC9iPjxicj48Zm9udCBjb2xvcj0ib3JhbmdlIj48Yj5BOjwvYj48L2ZvbnQ+44GK5a6i5qeY44G444Gu44K144O844OT44K544Gu5LiA55Kw44Go44GX44Gm44Kv44O844Od44Oz44KS44GU55So5oSP6Ie044GX44G+44GX44Gf44CCPGJyPuOCr+ODvOODneODs+OBqOS4gOe3kuOBq+OCv+OCpOODpOOCkuOBlOazqOaWh+OBhOOBn+OBoOOBj+OBk+OBqOOBp+OAgeWuieW/g+OBl+OBpuaWsOOBl+OBhOOCv+OCpOODpOOBruOBiuWxiuOBkeOCkuOBiuW+heOBoeS4i+OBleOBhOOAgjxicj48YnI+PGI+UTox5pys44Gu5L6h5qC844Gn44GZ44GL77yfPC9iPjxicj48Zm9udCBjb2xvcj0ib3JhbmdlIj48Yj5BOjwvYj48L2ZvbnQ+44Gv44GE44CC44K/44Kk44OkMeacrOOBruS+oeagvOOBqOOBquOCiuOBvuOBmeOAgjxicj405pys44GU5rOo5paH44Gu5aC05ZCI44Gv44CO6KGo56S65L6h5qC8w5c044CP44Gr44Gq44KK44G+44GZ44CCPGJyPjxicj48Yj5ROuODm+OCpOODvOODq+OBr+S7mOWxnuOBl+OBvuOBmeOBi++8nzwvYj48YnI+PGZvbnQgY29sb3I9Im9yYW5nZSI+PGI+QTo8L2I+PC9mb250PuihqOekuuS+oeagvOOBr+aWsOWTgeOCv+OCpOODpDHmnKzjga7kvqHmoLzjgajjgarjgorjgIHjg5vjgqTjg7zjg6vjga/ku5jlsZ7jgZfjgb7jgZvjgpPjgII8YnI+44Ob44Kk44O844Or44KS44GU5biM5pyb44Gu44GK5a6i5qeY44Gr44Gv5Yil6YCU44GK6KaL56mN44KC44KK44KS44GE44Gf44GX44G+44GZ44Gu44Gn44CB6LuK56iu44CB5bm05byP44CB5Z6L5byP44CB44K/44Kk44Ok44K144Kk44K644KS6KiY6LyJ44Gu5LiK44CB44GK5ZWP44GE5ZCI44KP44Gb44GP44Gg44GV44GE44G+44Gb44CCPGJyPjxicj48Yj5ROuS7iumgvOOCk+OBoOOCieOBhOOBpOWxiuOBjeOBvuOBmeOBi++8nzwvYj48YnI+PGZvbnQgY29sb3I9Im9yYW5nZSI+PGI+QTo8L2I+PC9mb250Puaxuua4iOOBjOeiuuiqjeOBp+OBjeOCjOOBsOOAgeOBlOazqOaWh+aXpeOBi+OCiTLllrbmpa3ml6Xku6XlhoXjgavntIQ5MCXjga7jgZTms6jmlofjga7llYblk4HjgpLnmbrpgIHjgafjgY3jgabjgYTjgb7jgZnjgII8YnI+5q6L44KK44Gu57SEOCXjga8xMOWWtualreaXpeS7peWGheOAgeasoOWTgeOBp+e0jeacn+OBruebruWHpuOBjOeri+OBn+OBmuOBq+OBiuWxiuOBkeOBp+OBjeOBquOBhOOCguOBruOBrzIl5byx44Go44Gq44Gj44Gm44GK44KK44G+44GZ44CCPGJyPjxicj48Yj5ROumAgeaWmeOBr+OBhOOBj+OCieOBp+OBmeOBi++8nzwvYj48YnI+PGZvbnQgY29sb3I9Im9yYW5nZSI+PGI+QTo8L2I+PC9mb250PuW/heimgeacrOaVsOOBq+W/nOOBmOOBn+aWmemHkeihqOOBjOOBlOOBluOBhOOBvuOBmeOBruOBp+OAgeOBneOBoeOCieOCkuOBlOeiuuiqjeS4i+OBleOBhOOAgjxicj48YnI+PGI+UTrnqI7ovrzjgb/jgafjgZnjgYvvvJ88L2I+PGJyPjxmb250IGNvbG9yPSJvcmFuZ2UiPjxiPkE6PC9iPjwvZm9udD7nqI7ovrzkvqHmoLzjgafooajnpLrjgZfjgabjgYrjgorjgb7jgZnjgII8YnI+5YaF56iO44Gn44GZ44Gu44Gn44CB5a6J5b+D44GX44Gm44GK6LK344GE5rGC44KB5LiL44GV44GE44CCPC9wPjxwPjxpbWcgc3JjPSJodHRwOi8vd3d3LnJha3V0ZW4ubmUuanAvZ29sZC9zdHlsZW1hcmtldC93cC1jb250ZW50L3RoZW1lcy9zdHlsZW1hcmtldC9pbWFnZXMvc2hvcC9kZXRhaWxfaWNvbl9wYWNrX29rLmdpZiIgYWx0PSLlkIzmorHlj68iPjxpbWcgc3JjPSJodHRwOi8vd3d3LnJha3V0ZW4ubmUuanAvZ29sZC9zdHlsZW1hcmtldC93cC1jb250ZW50L3RoZW1lcy9zdHlsZW1hcmtldC9pbWFnZXMvc2hvcC9kZXRhaWxfaWNvbl9naWZ0X25nLmdpZiIgYWx0PSLjg6njg4Pjg5Tjg7PjgrDkuI3lj68iPjxpbWcgc3JjPSJodHRwOi8vd3d3LnJha3V0ZW4ubmUuanAvZ29sZC9zdHlsZW1hcmtldC93cC1jb250ZW50L3RoZW1lcy9zdHlsZW1hcmtldC9pbWFnZXMvc2hvcC9kZXRhaWxfaWNvbl96YWlrb19vci5naWYiIGFsdD0i44Oh44O844Kr44O85Y+W5a+EIj48aW1nIHNyYz0iaHR0cDovL3d3dy5yYWt1dGVuLm5lLmpwL2dvbGQvc3R5bGVtYXJrZXQvd3AtY29udGVudC90aGVtZXMvc3R5bGVtYXJrZXQvaW1hZ2VzL3Nob3AvZGV0YWlsX2ljb25fc2l0ZWlfbmcuZ2lmIiBhbHQ9IuaXpeaZguaMh+WumuWkieWLleOBguOCiiI+PGltZyBzcmM9Imh0dHA6Ly93d3cucmFrdXRlbi5uZS5qcC9nb2xkL3N0eWxlbWFya2V0L3dwLWNvbnRlbnQvdGhlbWVzL3N0eWxlbWFya2V0L2ltYWdlcy9zaG9wL2RldGFpbF9pY29uX3BheW1lbnRfYmFuay5naWYiIGFsdD0i6YqA6KGM5oyv6L68Ij48aW1nIHNyYz0iaHR0cDovL3d3dy5yYWt1dGVuLm5lLmpwL2dvbGQvc3R5bGVtYXJrZXQvd3AtY29udGVudC90aGVtZXMvc3R5bGVtYXJrZXQvaW1hZ2VzL3Nob3AvZGV0YWlsX2ljb25fcGF5bWVudF9kYWliaWtpLmdpZiIgYWx0PSLku6Pph5HlvJXmj5siPjxpbWcgc3JjPSJodHRwOi8vd3d3LnJha3V0ZW4ubmUuanAvZ29sZC9zdHlsZW1hcmtldC93cC1jb250ZW50L3RoZW1lcy9zdHlsZW1hcmtldC9pbWFnZXMvc2hvcC9kZXRhaWxfaWNvbl9zb3VyeW91X3NwLmdpZiIgYWx0PSLnibnmrorpgIHmlpkiPjxicj48aW1nIHNyYz0iaHR0cDovL3d3dy5yYWt1dGVuLm5lLmpwL2dvbGQvc3R5bGVtYXJrZXQvd3AtY29udGVudC90aGVtZXMvc3R5bGVtYXJrZXQvaW1hZ2VzL3Nob3AvZGV0YWlsX2ljb25feWFqaXJ1c2kuZ2lmIj7jgqLjgqTjgrPjg7Pjga7oqqzmmI7jga/jgZPjgaHjgok8L3A+,44K544K/44OD44OJ44Os44K544K/44Kk44OkIOODluODquODguOCueODiOODsyBCTElaWkFLIFJFVk8yIDEzNS84MFIxMiA2OFHvvJrjgrnjgr/jgqTjg6vjg57jg7zjgrHjg4Pjg4jjgIDmpb3lpKnluILloLTlupc=,5r+A5a6J44K/44Kk44Ok5Lit5Y+k44Kr44O855So5ZOB44Kr44O844OR44O844OE44Kr44O844OK44OT44Ky44O844K344On44Oz5a6J44GEQ0FS44Kr44O844Kq44O844OH44Kj44Kq6LuK44Ki44Km44OI44Os44OD44OI44Ob44Kk44Or44K544OG44OD44OX44Ov44K044Oz44K344O844OI44Kr44OQ44O844K544K/44OD44OJ44Os44K544OY44Or44Oh44OD44OI6LKp5aOy44Oe44OV44Op44O844K144K544Oa44Oz44K344On44Oz44Kq44O844OI44Ko44Ki44Ot44OR44O844OE44K544K/44OD44OJ44Os44K544K/44Kk44OkIOODluODquODguOCueODiOODsyBCTElaWkFLIFJFVk8yIDEzNS84MFIxMiA2OFE=,44CQMTM1LzgwUjEyIDY4UeOAkeOAguOCueOCv+ODg+ODieODrOOCueOCv+OCpOODpCDjg5bjg6rjg4Ljgrnjg4jjg7MgQkxJWlpBSyBSRVZPMiAxMzUvODBSMTIgNjhR[rn]
34-95807,aHR0cDovL3RzaG9wLnIxMHMuanAvc3R5bGVtYXJrZXQvY2FiaW5ldC9tYW5hZ2VkL2ltZzEyLzEyNDcyLmpwZz9maXRpbj03MDA6NzAw,NzU1Mi4wMDAw,,6LuK55So5ZOB44O744OQ44Kk44Kv55So5ZOBID4g44Kr44O855So5ZOBID4g44K544K/44OD44OJ44Os44K544K/44Kk44Ok,44K544K/44OD44OJ44Os44K544K/44Kk44OkIOODluODquODguOCueODiOODsyBCTElaWkFLIFZMMSAxNTVSMTIgOFBS,44CQMTU1UjEyIDhQUuOAkQ==,PHA+PGltZyBzcmM9Imh0dHA6Ly93d3cucmFrdXRlbi5uZS5qcC9nb2xkL3N0eWxlbWFya2V0L3dwLWNvbnRlbnQvdGhlbWVzL3N0eWxlbWFya2V0L2ltYWdlcy9zaG9wL3Jha3V0ZW5fZGV0YWlsX3RpcmVjb3Vwb25fZGV0YWlsLmpwZyI+PC9wPjxwPjxpbWcgc3JjPSJodHRwOi8vaW1hZ2UucmFrdXRlbi5jby5qcC9zdHlsZW1hcmtldC9jYWJpbmV0L21hbmFnZWQvaW1nMTIvMTI0NzIuanBnIj48L3A+PHN0cm9uZyBjbGFzcz0iYmctb3JhbmdlbGluZSI+5ZWG5ZOB6Kqs5piOPC9zdHJvbmc+PHA+PGI+44Ot44Oz44Kw44Op44Kk44OV44Gu6L+95rGC44Go44CB5aSJ44KP44KJ44Gq44GE44CM5Yq544GN44CN44CCPC9iPjxicj7jg7vpq5jjgYTotbDooYzmgKfog73jgajno6jogJfjg6njgqTjg5XjgpLkuKHnq4vjgIFMVOWwgueUqOODoeOCrOeZuuegsuOCtOODoElJPGJyPuODu+WkieOCj+OCieOBquOBhOOAjOWKueOBjeOAjeOCkueZuuaPruOAgTNE44Kz44Oz44OT44ON44O844K344On44Oz44K144Kk44OX44CCPC9wPjxzdHJvbmcgY2xhc3M9ImJnLW9yYW5nZWxpbmUiPuijveWTgeS7leanmDwvc3Ryb25nPjxwPuODoeODvOOCq+ODvO+8mkJSSURHRVNUT05F77yI44OW44Oq44OC44K544OI44Oz77yJPGJyPuODkeOCv+ODvOODs++8mkJMSVpaQUsgVkwx77yI44OW44Oq44K244OD44KvIOODluOCpOOCqOODq+ODr+ODs++8iTxicj7jgrXjgqTjgrrvvJoxNTVSMTIgOFBS77yI44OB44Ol44O844OW44Os44K544K/44Kk44OX77yJPC9wPjxzdHJvbmcgY2xhc3M9ImJnLW9yYW5nZWxpbmUiPuOCueOCv+ODg+ODleOCs+ODoeODs+ODiDwvc3Ryb25nPjxwPuODluODquOCtuODg+OCr+OBrueSsOWig+WvvuW/nOWVhuWTgeOAgueHg+iyu+WQkeS4iuOBq+OCguiyoueMruOBmeOCi+OCueOCv+ODg+ODieODrOOCueOCv+OCpOODpOOAgjwvcD48c3Ryb25nIGNsYXNzPSJiZy1vcmFuZ2VsaW5lIj7jgZ3jga7ku5Y8L3N0cm9uZz48cD48Zm9udCBjb2xvcj0ib3JhbmdlIj48Yj7jgYrlrqLmp5jjgojjgorjgZPjgpPjgarjgYrllY/jgYTlkIjjgo/jgZvjgpLjgYTjgZ/jgaDjgY3jgb7jgZfjgZ88L2I+PC9mb250Pjxicj48YnI+PGI+UTroo73pgKDlubTjga/mjIflrprjgafjgY3jgb7jgZnjgYvvvJ88L2I+PGJyPjxmb250IGNvbG9yPSJvcmFuZ2UiPjxiPkE6PC9iPjwvZm9udD7jgYrlrqLmp5jjgbjjga7jgrXjg7zjg5Pjgrnjga7kuIDnkrDjgajjgZfjgabjgq/jg7zjg53jg7PjgpLjgZTnlKjmhI/oh7TjgZfjgb7jgZfjgZ/jgII8YnI+44Kv44O844Od44Oz44Go5LiA57eS44Gr44K/44Kk44Ok44KS44GU5rOo5paH44GE44Gf44Gg44GP44GT44Go44Gn44CB5a6J5b+D44GX44Gm5paw44GX44GE44K/44Kk44Ok44Gu44GK5bGK44GR44KS44GK5b6F44Gh5LiL44GV44GE44CCPGJyPjxicj48Yj5ROjHmnKzjga7kvqHmoLzjgafjgZnjgYvvvJ88L2I+PGJyPjxmb250IGNvbG9yPSJvcmFuZ2UiPjxiPkE6PC9iPjwvZm9udD7jga/jgYTjgILjgr/jgqTjg6Qx5pys44Gu5L6h5qC844Go44Gq44KK44G+44GZ44CCPGJyPjTmnKzjgZTms6jmlofjga7loLTlkIjjga/jgI7ooajnpLrkvqHmoLzDlzTjgI/jgavjgarjgorjgb7jgZnjgII8YnI+PGJyPjxiPlE644Ob44Kk44O844Or44Gv5LuY5bGe44GX44G+44GZ44GL77yfPC9iPjxicj48Zm9udCBjb2xvcj0ib3JhbmdlIj48Yj5BOjwvYj48L2ZvbnQ+6KGo56S65L6h5qC844Gv5paw5ZOB44K/44Kk44OkMeacrOOBruS+oeagvOOBqOOBquOCiuOAgeODm+OCpOODvOODq+OBr+S7mOWxnuOBl+OBvuOBm+OCk+OAgjxicj7jg5vjgqTjg7zjg6vjgpLjgZTluIzmnJvjga7jgYrlrqLmp5jjgavjga/liKXpgJTjgYropovnqY3jgoLjgorjgpLjgYTjgZ/jgZfjgb7jgZnjga7jgafjgIHou4rnqK7jgIHlubTlvI/jgIHlnovlvI/jgIHjgr/jgqTjg6TjgrXjgqTjgrrjgpLoqJjovInjga7kuIrjgIHjgYrllY/jgYTlkIjjgo/jgZvjgY/jgaDjgZXjgYTjgb7jgZvjgII8YnI+PGJyPjxiPlE65LuK6aC844KT44Gg44KJ44GE44Gk5bGK44GN44G+44GZ44GL77yfPC9iPjxicj48Zm9udCBjb2xvcj0ib3JhbmdlIj48Yj5BOjwvYj48L2ZvbnQ+5rG65riI44GM56K66KqN44Gn44GN44KM44Gw44CB44GU5rOo5paH5pel44GL44KJMuWWtualreaXpeS7peWGheOBq+e0hDkwJeOBruOBlOazqOaWh+OBruWVhuWTgeOCkueZuumAgeOBp+OBjeOBpuOBhOOBvuOBmeOAgjxicj7mrovjgorjga7ntIQ4JeOBrzEw5Za25qWt5pel5Lul5YaF44CB5qyg5ZOB44Gn57SN5pyf44Gu55uu5Yem44GM56uL44Gf44Ga44Gr44GK5bGK44GR44Gn44GN44Gq44GE44KC44Gu44GvMiXlvLHjgajjgarjgaPjgabjgYrjgorjgb7jgZnjgII8YnI+PGJyPjxiPlE66YCB5paZ44Gv44GE44GP44KJ44Gn44GZ44GL77yfPC9iPjxicj48Zm9udCBjb2xvcj0ib3JhbmdlIj48Yj5BOjwvYj48L2ZvbnQ+5b+F6KaB5pys5pWw44Gr5b+c44GY44Gf5paZ6YeR6KGo44GM44GU44GW44GE44G+44GZ44Gu44Gn44CB44Gd44Gh44KJ44KS44GU56K66KqN5LiL44GV44GE44CCPGJyPjxicj48Yj5ROueojui+vOOBv+OBp+OBmeOBi++8nzwvYj48YnI+PGZvbnQgY29sb3I9Im9yYW5nZSI+PGI+QTo8L2I+PC9mb250Pueojui+vOS+oeagvOOBp+ihqOekuuOBl+OBpuOBiuOCiuOBvuOBmeOAgjxicj7lhoXnqI7jgafjgZnjga7jgafjgIHlronlv4PjgZfjgabjgYrosrfjgYTmsYLjgoHkuIvjgZXjgYTjgII8L3A+PHA+PGI+4oC744GK5bGK44GR44Gr6Zai44GX44GmPC9iPjxicj7jgZTms6jmlofjgpLpoILjgY/luqbjgavjg6Hjg7zjgqvjg7zjgojjgorlj5bjgorlr4TjgZvjgpLjgZfjgb7jgZnjgII8YnI+44Gd44Gu54K644GU5rOo5paH44GL44KJMu+9njPml6Xjgbvjganjgaflh7rojbflj6/og73jgafjgZnjgII8YnI+44G+44Gf44CB44Oh44O844Kr44O844Gr44GK44GE44Gm5Zyo5bqr5YiH44KM44Gu5aC05ZCI44Gv55m66YCB44G+44Gn44GrMu+9njPml6Xku6XkuIrjga7jgYrmmYLplpPpoILjgY/loLTlkIjjgYzjgZTjgZbjgYTjgb7jgZnjgII8YnI+6Kqg44Gr5oGQ44KM5YWl44KK44G+44GZ44GM44CB44GK5oCl44GO44Gu5aC05ZCI44Gv44GU5rOo5paH5YmN44Gu5Zyo5bqr56K66KqN44KS44GK6aGY44GE55Sz44GX5LiK44GS44G+44GZ44CCPC9wPjxwPjxpbWcgc3JjPSJodHRwOi8vd3d3LnJha3V0ZW4ubmUuanAvZ29sZC9zdHlsZW1hcmtldC93cC1jb250ZW50L3RoZW1lcy9zdHlsZW1hcmtldC9pbWFnZXMvc2hvcC9kZXRhaWxfaWNvbl9wYWNrX29rLmdpZiIgYWx0PSLlkIzmorHlj68iPjxpbWcgc3JjPSJodHRwOi8vd3d3LnJha3V0ZW4ubmUuanAvZ29sZC9zdHlsZW1hcmtldC93cC1jb250ZW50L3RoZW1lcy9zdHlsZW1hcmtldC9pbWFnZXMvc2hvcC9kZXRhaWxfaWNvbl9naWZ0X25nLmdpZiIgYWx0PSLjg6njg4Pjg5Tjg7PjgrDkuI3lj68iPjxpbWcgc3JjPSJodHRwOi8vd3d3LnJha3V0ZW4ubmUuanAvZ29sZC9zdHlsZW1hcmtldC93cC1jb250ZW50L3RoZW1lcy9zdHlsZW1hcmtldC9pbWFnZXMvc2hvcC9kZXRhaWxfaWNvbl96YWlrb19vci5naWYiIGFsdD0i44Oh44O844Kr44O85Y+W5a+EIj48aW1nIHNyYz0iaHR0cDovL3d3dy5yYWt1dGVuLm5lLmpwL2dvbGQvc3R5bGVtYXJrZXQvd3AtY29udGVudC90aGVtZXMvc3R5bGVtYXJrZXQvaW1hZ2VzL3Nob3AvZGV0YWlsX2ljb25fc2l0ZWlfbmcuZ2lmIiBhbHQ9IuaXpeaZguaMh+WumuWkieWLleOBguOCiiI+PGltZyBzcmM9Imh0dHA6Ly93d3cucmFrdXRlbi5uZS5qcC9nb2xkL3N0eWxlbWFya2V0L3dwLWNvbnRlbnQvdGhlbWVzL3N0eWxlbWFya2V0L2ltYWdlcy9zaG9wL2RldGFpbF9pY29uX3BheW1lbnRfYmFuay5naWYiIGFsdD0i6YqA6KGM5oyv6L68Ij48aW1nIHNyYz0iaHR0cDovL3d3dy5yYWt1dGVuLm5lLmpwL2dvbGQvc3R5bGVtYXJrZXQvd3AtY29udGVudC90aGVtZXMvc3R5bGVtYXJrZXQvaW1hZ2VzL3Nob3AvZGV0YWlsX2ljb25fcGF5bWVudF9kYWliaWtpLmdpZiIgYWx0PSLku6Pph5HlvJXmj5siPjxpbWcgc3JjPSJodHRwOi8vd3d3LnJha3V0ZW4ubmUuanAvZ29sZC9zdHlsZW1hcmtldC93cC1jb250ZW50L3RoZW1lcy9zdHlsZW1hcmtldC9pbWFnZXMvc2hvcC9kZXRhaWxfaWNvbl9zb3VyeW91X3NwLmdpZiIgYWx0PSLnibnmrorpgIHmlpkiPjxicj48aW1nIHNyYz0iaHR0cDovL3d3dy5yYWt1dGVuLm5lLmpwL2dvbGQvc3R5bGVtYXJrZXQvd3AtY29udGVudC90aGVtZXMvc3R5bGVtYXJrZXQvaW1hZ2VzL3Nob3AvZGV0YWlsX2ljb25feWFqaXJ1c2kuZ2lmIj7jgqLjgqTjgrPjg7Pjga7oqqzmmI7jga/jgZPjgaHjgok8L3A+,44K544K/44OD44OJ44Os44K544K/44Kk44OkIOODluODquODguOCueODiOODsyBCTElaWkFLIFZMMSAxNTVSMTIgOFBS77ya44K544K/44Kk44Or44Oe44O844Kx44OD44OI44CA5qW95aSp5biC5aC05bqX,5r+A5a6J44K/44Kk44Ok5Lit5Y+k44Kr44O855So5ZOB44Kr44O844OR44O844OE44Kr44O844OK44OT44Ky44O844K344On44Oz5a6J44GEQ0FS44Kr44O844Kq44O844OH44Kj44Kq6LuK44Ki44Km44OI44Os44OD44OI44Ob44Kk44Or44K544OG44OD44OX44Ov44K044Oz44K344O844OI44Kr44OQ44O844K544K/44OD44OJ44Os44K544OY44Or44Oh44OD44OI6LKp5aOy44Oe44OV44Op44O844K144K544Oa44Oz44K344On44Oz44Kq44O844OI44Ko44Ki44Ot44OR44O844OE44K544K/44OD44OJ44Os44K544K/44Kk44OkIOODluODquODguOCueODiOODsyBCTElaWkFLIFZMMSAxNTVSMTIgOFBS,44CQMTU1UjEyIDhQUuOAkeOAguOCueOCv+ODg+ODieODrOOCueOCv+OCpOODpCDjg5bjg6rjg4Ljgrnjg4jjg7MgQkxJWlpBSyBWTDEgMTU1UjEyIDhQUg==[rn]
34-95808,aHR0cDovL3RzaG9wLnIxMHMuanAvc3R5bGVtYXJrZXQvY2FiaW5ldC9tYW5hZ2VkL2ltZzEyLzEyNDUzLmpwZz9maXRpbj03MDA6NzAw,MjM4NC4wMDAw,,6LuK55So5ZOB44O744OQ44Kk44Kv55So5ZOBID4g44Kr44O855So5ZOBID4g44K544K/44OD44OJ44Os44K544K/44Kk44Ok,44K544K/44OD44OJ44Os44K544K/44Kk44OkIOODluODquODguOCueODiOODsyBXMzAwIDE0NVIxMiA2UFI=,44CQMTQ1UjEyIDZQUuOAkQ==,PHA+PGltZyBzcmM9Imh0dHA6Ly93d3cucmFrdXRlbi5uZS5qcC9nb2xkL3N0eWxlbWFya2V0L3dwLWNvbnRlbnQvdGhlbWVzL3N0eWxlbWFya2V0L2ltYWdlcy9zaG9wL3Jha3V0ZW5fZGV0YWlsX3RpcmVjb3Vwb25fZGV0YWlsLmpwZyI+PC9wPjxwPjxpbWcgc3JjPSJodHRwOi8vaW1hZ2UucmFrdXRlbi5jby5qcC9zdHlsZW1hcmtldC9jYWJpbmV0L21hbmFnZWQvaW1nMTIvMTI0NTMuanBnIj48L3A+PHN0cm9uZyBjbGFzcz0iYmctb3JhbmdlbGluZSI+5ZWG5ZOB6Kqs5piOPC9zdHJvbmc+PHA+PGI+6Lu95ZWG55So6LuK44Gr5rGC44KB44KJ44KM44KL5Z+65pys5oCn6IO944KS6L+95rGC44GX44Gf44K544K/44OD44OJ44Os44K544CCPC9iPjwvcD48c3Ryb25nIGNsYXNzPSJiZy1vcmFuZ2VsaW5lIj7oo73lk4Hku5Xmp5g8L3N0cm9uZz48cD7jg6Hjg7zjgqvjg7zvvJpCUklER0VTVE9ORe+8iOODluODquODguOCueODiOODs++8iTxicj7jg5Hjgr/jg7zjg7PvvJpXMzAw77yI44OA44OW44Oq44OlIOOCteODs+ODk+ODo+OCr++8iTxicj7jgrXjgqTjgrrvvJoxNDVSMTIgNlBSPC9wPjxzdHJvbmcgY2xhc3M9ImJnLW9yYW5nZWxpbmUiPuOCueOCv+ODg+ODleOCs+ODoeODs+ODiDwvc3Ryb25nPjxwPui7veODiOODqeODg+OCr+OBr+WfuuacrOOBjOWkp+S6i+OAgjwvcD48c3Ryb25nIGNsYXNzPSJiZy1vcmFuZ2VsaW5lIj7jgZ3jga7ku5Y8L3N0cm9uZz48cD48Zm9udCBjb2xvcj0ib3JhbmdlIj48Yj7jgYrlrqLmp5jjgojjgorjgZPjgpPjgarjgYrllY/jgYTlkIjjgo/jgZvjgpLjgYTjgZ/jgaDjgY3jgb7jgZfjgZ88L2I+PC9mb250Pjxicj48YnI+PGI+UTroo73pgKDlubTjga/mjIflrprjgafjgY3jgb7jgZnjgYvvvJ88L2I+PGJyPjxmb250IGNvbG9yPSJvcmFuZ2UiPjxiPkE6PC9iPjwvZm9udD7jgYrlrqLmp5jjgbjjga7jgrXjg7zjg5Pjgrnjga7kuIDnkrDjgajjgZfjgabjgq/jg7zjg53jg7PjgpLjgZTnlKjmhI/oh7TjgZfjgb7jgZfjgZ/jgII8YnI+44Kv44O844Od44Oz44Go5LiA57eS44Gr44K/44Kk44Ok44KS44GU5rOo5paH44GE44Gf44Gg44GP44GT44Go44Gn44CB5a6J5b+D44GX44Gm5paw44GX44GE44K/44Kk44Ok44Gu44GK5bGK44GR44KS44GK5b6F44Gh5LiL44GV44GE44CCPGJyPjxicj48Yj5ROjHmnKzjga7kvqHmoLzjgafjgZnjgYvvvJ88L2I+PGJyPjxmb250IGNvbG9yPSJvcmFuZ2UiPjxiPkE6PC9iPjwvZm9udD7jga/jgYTjgILjgr/jgqTjg6Qx5pys44Gu5L6h5qC844Go44Gq44KK44G+44GZ44CCPGJyPjTmnKzjgZTms6jmlofjga7loLTlkIjjga/jgI7ooajnpLrkvqHmoLzDlzTjgI/jgavjgarjgorjgb7jgZnjgII8YnI+PGJyPjxiPlE644Ob44Kk44O844Or44Gv5LuY5bGe44GX44G+44GZ44GL77yfPC9iPjxicj48Zm9udCBjb2xvcj0ib3JhbmdlIj48Yj5BOjwvYj48L2ZvbnQ+6KGo56S65L6h5qC844Gv5paw5ZOB44K/44Kk44OkMeacrOOBruS+oeagvOOBqOOBquOCiuOAgeODm+OCpOODvOODq+OBr+S7mOWxnuOBl+OBvuOBm+OCk+OAgjxicj7jg5vjgqTjg7zjg6vjgpLjgZTluIzmnJvjga7jgYrlrqLmp5jjgavjga/liKXpgJTjgYropovnqY3jgoLjgorjgpLjgYTjgZ/jgZfjgb7jgZnjga7jgafjgIHou4rnqK7jgIHlubTlvI/jgIHlnovlvI/jgIHjgr/jgqTjg6TjgrXjgqTjgrrjgpLoqJjovInjga7kuIrjgIHjgYrllY/jgYTlkIjjgo/jgZvjgY/jgaDjgZXjgYTjgb7jgZvjgII8YnI+PGJyPjxiPlE65LuK6aC844KT44Gg44KJ44GE44Gk5bGK44GN44G+44GZ44GL77yfPC9iPjxicj48Zm9udCBjb2xvcj0ib3JhbmdlIj48Yj5BOjwvYj48L2ZvbnQ+5rG65riI44GM56K66KqN44Gn44GN44KM44Gw44CB44GU5rOo5paH5pel44GL44KJMuWWtualreaXpeS7peWGheOBq+e0hDkwJeOBruOBlOazqOaWh+OBruWVhuWTgeOCkueZuumAgeOBp+OBjeOBpuOBhOOBvuOBmeOAgjxicj7mrovjgorjga7ntIQ4JeOBrzEw5Za25qWt5pel5Lul5YaF44CB5qyg5ZOB44Gn57SN5pyf44Gu55uu5Yem44GM56uL44Gf44Ga44Gr44GK5bGK44GR44Gn44GN44Gq44GE44KC44Gu44GvMiXlvLHjgajjgarjgaPjgabjgYrjgorjgb7jgZnjgII8YnI+PGJyPjxiPlE66YCB5paZ44Gv44GE44GP44KJ44Gn44GZ44GL77yfPC9iPjxicj48Zm9udCBjb2xvcj0ib3JhbmdlIj48Yj5BOjwvYj48L2ZvbnQ+5b+F6KaB5pys5pWw44Gr5b+c44GY44Gf5paZ6YeR6KGo44GM44GU44GW44GE44G+44GZ44Gu44Gn44CB44Gd44Gh44KJ44KS44GU56K66KqN5LiL44GV44GE44CCPGJyPjxicj48Yj5ROueojui+vOOBv+OBp+OBmeOBi++8nzwvYj48YnI+PGZvbnQgY29sb3I9Im9yYW5nZSI+PGI+QTo8L2I+PC9mb250Pueojui+vOS+oeagvOOBp+ihqOekuuOBl+OBpuOBiuOCiuOBvuOBmeOAgjxicj7lhoXnqI7jgafjgZnjga7jgafjgIHlronlv4PjgZfjgabjgYrosrfjgYTmsYLjgoHkuIvjgZXjgYTjgII8L3A+PHA+PGltZyBzcmM9Imh0dHA6Ly93d3cucmFrdXRlbi5uZS5qcC9nb2xkL3N0eWxlbWFya2V0L3dwLWNvbnRlbnQvdGhlbWVzL3N0eWxlbWFya2V0L2ltYWdlcy9zaG9wL2RldGFpbF9pY29uX3BhY2tfb2suZ2lmIiBhbHQ9IuWQjOaiseWPryI+PGltZyBzcmM9Imh0dHA6Ly93d3cucmFrdXRlbi5uZS5qcC9nb2xkL3N0eWxlbWFya2V0L3dwLWNvbnRlbnQvdGhlbWVzL3N0eWxlbWFya2V0L2ltYWdlcy9zaG9wL2RldGFpbF9pY29uX2dpZnRfbmcuZ2lmIiBhbHQ9IuODqeODg+ODlOODs+OCsOS4jeWPryI+PGltZyBzcmM9Imh0dHA6Ly93d3cucmFrdXRlbi5uZS5qcC9nb2xkL3N0eWxlbWFya2V0L3dwLWNvbnRlbnQvdGhlbWVzL3N0eWxlbWFya2V0L2ltYWdlcy9zaG9wL2RldGFpbF9pY29uX3phaWtvX29yLmdpZiIgYWx0PSLjg6Hjg7zjgqvjg7zlj5blr4QiPjxpbWcgc3JjPSJodHRwOi8vd3d3LnJha3V0ZW4ubmUuanAvZ29sZC9zdHlsZW1hcmtldC93cC1jb250ZW50L3RoZW1lcy9zdHlsZW1hcmtldC9pbWFnZXMvc2hvcC9kZXRhaWxfaWNvbl9zaXRlaV9uZy5naWYiIGFsdD0i5pel5pmC5oyH5a6a5aSJ5YuV44GC44KKIj48aW1nIHNyYz0iaHR0cDovL3d3dy5yYWt1dGVuLm5lLmpwL2dvbGQvc3R5bGVtYXJrZXQvd3AtY29udGVudC90aGVtZXMvc3R5bGVtYXJrZXQvaW1hZ2VzL3Nob3AvZGV0YWlsX2ljb25fcGF5bWVudF9iYW5rLmdpZiIgYWx0PSLpioDooYzmjK/ovrwiPjxpbWcgc3JjPSJodHRwOi8vd3d3LnJha3V0ZW4ubmUuanAvZ29sZC9zdHlsZW1hcmtldC93cC1jb250ZW50L3RoZW1lcy9zdHlsZW1hcmtldC9pbWFnZXMvc2hvcC9kZXRhaWxfaWNvbl9wYXltZW50X2RhaWJpa2kuZ2lmIiBhbHQ9IuS7o+mHkeW8leaPmyI+PGltZyBzcmM9Imh0dHA6Ly93d3cucmFrdXRlbi5uZS5qcC9nb2xkL3N0eWxlbWFya2V0L3dwLWNvbnRlbnQvdGhlbWVzL3N0eWxlbWFya2V0L2ltYWdlcy9zaG9wL2RldGFpbF9pY29uX3NvdXJ5b3Vfc3AuZ2lmIiBhbHQ9IueJueauiumAgeaWmSI+PGJyPjxpbWcgc3JjPSJodHRwOi8vd3d3LnJha3V0ZW4ubmUuanAvZ29sZC9zdHlsZW1hcmtldC93cC1jb250ZW50L3RoZW1lcy9zdHlsZW1hcmtldC9pbWFnZXMvc2hvcC9kZXRhaWxfaWNvbl95YWppcnVzaS5naWYiPuOCouOCpOOCs+ODs+OBruiqrOaYjuOBr+OBk+OBoeOCiTwvcD4=,44K544K/44OD44OJ44Os44K544K/44Kk44OkIOODluODquODguOCueODiOODsyBXMzAwIDE0NVIxMiA2UFLvvJrjgrnjgr/jgqTjg6vjg57jg7zjgrHjg4Pjg4jjgIDmpb3lpKnluILloLTlupc=,5r+A5a6J44K/44Kk44Ok5Lit5Y+k44Kr44O855So5ZOB44Kr44O844OR44O844OE44Kr44O844OK44OT44Ky44O844K344On44Oz5a6J44GEQ0FS44Kr44O844Kq44O844OH44Kj44Kq6LuK44Ki44Km44OI44Os44OD44OI44Ob44Kk44Or44K544OG44OD44OX44Ov44K044Oz44K344O844OI44Kr44OQ44O844K544K/44OD44OJ44Os44K544OY44Or44Oh44OD44OI6LKp5aOy44Oe44OV44Op44O844K144K544Oa44Oz44K344On44Oz44Kq44O844OI44Ko44Ki44Ot44OR44O844OE44K544K/44OD44OJ44Os44K544K/44Kk44OkIOODluODquODguOCueODiOODsyBXMzAwIDE0NVIxMiA2UFI=,44CQMTQ1UjEyIDZQUuOAkeOAguOCueOCv+ODg+ODieODrOOCueOCv+OCpOODpCDjg5bjg6rjg4Ljgrnjg4jjg7MgVzMwMCAxNDVSMTIgNlBS[rn]
34-95809,aHR0cDovL3RzaG9wLnIxMHMuanAvc3R5bGVtYXJrZXQvY2FiaW5ldC9tYW5hZ2VkL2ltZzEyLzEyNTI5LmpwZz9maXRpbj03MDA6NzAw,NjY1Ni4wMDAw,,6LuK55So5ZOB44O744OQ44Kk44Kv55So5ZOBID4g44Kr44O855So5ZOBID4g44K544K/44OD44OJ44Os44K544K/44Kk44Ok,44K544K/44OD44OJ44Os44K544K/44Kk44OkIOODluODquODguOCueODiOODsyBCTElaWkFLIFJFVk8gOTY5IDE0NVIxMiA4UFI=,44CQMTQ1UjEyIDhQUuOAkQ==,PHA+PGltZyBzcmM9Imh0dHA6Ly93d3cucmFrdXRlbi5uZS5qcC9nb2xkL3N0eWxlbWFya2V0L3dwLWNvbnRlbnQvdGhlbWVzL3N0eWxlbWFya2V0L2ltYWdlcy9zaG9wL3Jha3V0ZW5fZGV0YWlsX3RpcmVjb3Vwb25fZGV0YWlsLmpwZyI+PC9wPjxwPjxpbWcgc3JjPSJodHRwOi8vaW1hZ2UucmFrdXRlbi5jby5qcC9zdHlsZW1hcmtldC9jYWJpbmV0L21hbmFnZWQvaW1nMTIvMTI1MjkuanBnIj48L3A+PHN0cm9uZyBjbGFzcz0iYmctb3JhbmdlbGluZSI+5ZWG5ZOB6Kqs5piOPC9zdHJvbmc+PHA+PGI+5rC36Lev6Z2i44Gr54mZ44GM5Yq544GP44CC44OT44K444ON44K544K344O844Oz44KS5pSv44GI44KL44OQ44Oz44O75bCP5Z6L44OI44Op44OD44Kv55So44K544K/44OD44OJ44Os44K544CCPC9iPjxicj7pmaTmsLfjgajniZnjgYzjgIHmsLfkuIrjgavlirnjgY/jgILjgIxMVOWwgueUqOODrOODnOeZuuegsuOCtOODoOOAjeaOoeeUqOOAgjxicj7jg5DjgqTjg4jnspLlrZDjgYzmsLfot6/pnaLjgavlkqzjgb/jgaTjgY/jgII8YnI+44OA44OW44Or44Gu44K144Kk44OX44Gn5Yq544GP44CC44CMM0TjgrPjg7Pjg5Pjg43jg7zjgrfjg6fjg7PjgrXjgqTjg5fjgI08L3A+PHN0cm9uZyBjbGFzcz0iYmctb3JhbmdlbGluZSI+6KO95ZOB5LuV5qeYPC9zdHJvbmc+PHA+44Oh44O844Kr44O877yaQlJJREdFU1RPTkXvvIjjg5bjg6rjg4Ljgrnjg4jjg7PvvIk8YnI+44OR44K/44O844Oz77yaQkxJWlpBSyBSRVZPIDk2Oe+8iOODluODquOCtuODg+OCryDjg6zjg5zjgq3jg6Xjg7zjg63jgq/jgq3jg6Xjg7zvvIk8YnI+44K144Kk44K677yaMTQ1UjEyIDhQUu+8iOODgeODpeODvOODluODrOOCueOCv+OCpOODl++8iTwvcD48c3Ryb25nIGNsYXNzPSJiZy1vcmFuZ2VsaW5lIj7jgrnjgr/jg4Pjg5XjgrPjg6Hjg7Pjg4g8L3N0cm9uZz48cD7jg5Djg7Pjg7vlsI/lnovjg4jjg6njg4Pjgq/lsILnlKjjgavoqK3oqIjjgZXjgozjgZ/pq5jmgKfog73jgrnjgr/jg4Pjg4njg6zjgrnjgr/jgqTjg6TjgafjgZnjgII8L3A+PHN0cm9uZyBjbGFzcz0iYmctb3JhbmdlbGluZSI+44Gd44Gu5LuWPC9zdHJvbmc+PHA+PGZvbnQgY29sb3I9Im9yYW5nZSI+PGI+44GK5a6i5qeY44KI44KK44GT44KT44Gq44GK5ZWP44GE5ZCI44KP44Gb44KS44GE44Gf44Gg44GN44G+44GX44GfPC9iPjwvZm9udD48YnI+PGJyPjxiPlE66KO96YCg5bm044Gv5oyH5a6a44Gn44GN44G+44GZ44GL77yfPC9iPjxicj48Zm9udCBjb2xvcj0ib3JhbmdlIj48Yj5BOjwvYj48L2ZvbnQ+44GK5a6i5qeY44G444Gu44K144O844OT44K544Gu5LiA55Kw44Go44GX44Gm44Kv44O844Od44Oz44KS44GU55So5oSP6Ie044GX44G+44GX44Gf44CCPGJyPuOCr+ODvOODneODs+OBqOS4gOe3kuOBq+OCv+OCpOODpOOCkuOBlOazqOaWh+OBhOOBn+OBoOOBj+OBk+OBqOOBp+OAgeWuieW/g+OBl+OBpuaWsOOBl+OBhOOCv+OCpOODpOOBruOBiuWxiuOBkeOCkuOBiuW+heOBoeS4i+OBleOBhOOAgjxicj48YnI+PGI+UTox5pys44Gu5L6h5qC844Gn44GZ44GL77yfPC9iPjxicj48Zm9udCBjb2xvcj0ib3JhbmdlIj48Yj5BOjwvYj48L2ZvbnQ+44Gv44GE44CC44K/44Kk44OkMeacrOOBruS+oeagvOOBqOOBquOCiuOBvuOBmeOAgjxicj405pys44GU5rOo5paH44Gu5aC05ZCI44Gv44CO6KGo56S65L6h5qC8w5c044CP44Gr44Gq44KK44G+44GZ44CCPGJyPjxicj48Yj5ROuODm+OCpOODvOODq+OBr+S7mOWxnuOBl+OBvuOBmeOBi++8nzwvYj48YnI+PGZvbnQgY29sb3I9Im9yYW5nZSI+PGI+QTo8L2I+PC9mb250PuihqOekuuS+oeagvOOBr+aWsOWTgeOCv+OCpOODpDHmnKzjga7kvqHmoLzjgajjgarjgorjgIHjg5vjgqTjg7zjg6vjga/ku5jlsZ7jgZfjgb7jgZvjgpPjgII8YnI+44Ob44Kk44O844Or44KS44GU5biM5pyb44Gu44GK5a6i5qeY44Gr44Gv5Yil6YCU44GK6KaL56mN44KC44KK44KS44GE44Gf44GX44G+44GZ44Gu44Gn44CB6LuK56iu44CB5bm05byP44CB5Z6L5byP44CB44K/44Kk44Ok44K144Kk44K644KS6KiY6LyJ44Gu5LiK44CB44GK5ZWP44GE5ZCI44KP44Gb44GP44Gg44GV44GE44G+44Gb44CCPGJyPjxicj48Yj5ROuS7iumgvOOCk+OBoOOCieOBhOOBpOWxiuOBjeOBvuOBmeOBi++8nzwvYj48YnI+PGZvbnQgY29sb3I9Im9yYW5nZSI+PGI+QTo8L2I+PC9mb250Puaxuua4iOOBjOeiuuiqjeOBp+OBjeOCjOOBsOOAgeOBlOazqOaWh+aXpeOBi+OCiTLllrbmpa3ml6Xku6XlhoXjgavntIQ5MCXjga7jgZTms6jmlofjga7llYblk4HjgpLnmbrpgIHjgafjgY3jgabjgYTjgb7jgZnjgII8YnI+5q6L44KK44Gu57SEOCXjga8xMOWWtualreaXpeS7peWGheOAgeasoOWTgeOBp+e0jeacn+OBruebruWHpuOBjOeri+OBn+OBmuOBq+OBiuWxiuOBkeOBp+OBjeOBquOBhOOCguOBruOBrzIl5byx44Go44Gq44Gj44Gm44GK44KK44G+44GZ44CCPGJyPjxicj48Yj5ROumAgeaWmeOBr+OBhOOBj+OCieOBp+OBmeOBi++8nzwvYj48YnI+PGZvbnQgY29sb3I9Im9yYW5nZSI+PGI+QTo8L2I+PC9mb250PuW/heimgeacrOaVsOOBq+W/nOOBmOOBn+aWmemHkeihqOOBjOOBlOOBluOBhOOBvuOBmeOBruOBp+OAgeOBneOBoeOCieOCkuOBlOeiuuiqjeS4i+OBleOBhOOAgjxicj48YnI+PGI+UTrnqI7ovrzjgb/jgafjgZnjgYvvvJ88L2I+PGJyPjxmb250IGNvbG9yPSJvcmFuZ2UiPjxiPkE6PC9iPjwvZm9udD7nqI7ovrzkvqHmoLzjgafooajnpLrjgZfjgabjgYrjgorjgb7jgZnjgII8YnI+5YaF56iO44Gn44GZ44Gu44Gn44CB5a6J5b+D44GX44Gm44GK6LK344GE5rGC44KB5LiL44GV44GE44CCPC9wPjxwPjxpbWcgc3JjPSJodHRwOi8vd3d3LnJha3V0ZW4ubmUuanAvZ29sZC9zdHlsZW1hcmtldC93cC1jb250ZW50L3RoZW1lcy9zdHlsZW1hcmtldC9pbWFnZXMvc2hvcC9kZXRhaWxfaWNvbl9wYWNrX29rLmdpZiIgYWx0PSLlkIzmorHlj68iPjxpbWcgc3JjPSJodHRwOi8vd3d3LnJha3V0ZW4ubmUuanAvZ29sZC9zdHlsZW1hcmtldC93cC1jb250ZW50L3RoZW1lcy9zdHlsZW1hcmtldC9pbWFnZXMvc2hvcC9kZXRhaWxfaWNvbl9naWZ0X25nLmdpZiIgYWx0PSLjg6njg4Pjg5Tjg7PjgrDkuI3lj68iPjxpbWcgc3JjPSJodHRwOi8vd3d3LnJha3V0ZW4ubmUuanAvZ29sZC9zdHlsZW1hcmtldC93cC1jb250ZW50L3RoZW1lcy9zdHlsZW1hcmtldC9pbWFnZXMvc2hvcC9kZXRhaWxfaWNvbl96YWlrb19vci5naWYiIGFsdD0i44Oh44O844Kr44O85Y+W5a+EIj48aW1nIHNyYz0iaHR0cDovL3d3dy5yYWt1dGVuLm5lLmpwL2dvbGQvc3R5bGVtYXJrZXQvd3AtY29udGVudC90aGVtZXMvc3R5bGVtYXJrZXQvaW1hZ2VzL3Nob3AvZGV0YWlsX2ljb25fc2l0ZWlfbmcuZ2lmIiBhbHQ9IuaXpeaZguaMh+WumuWkieWLleOBguOCiiI+PGltZyBzcmM9Imh0dHA6Ly93d3cucmFrdXRlbi5uZS5qcC9nb2xkL3N0eWxlbWFya2V0L3dwLWNvbnRlbnQvdGhlbWVzL3N0eWxlbWFya2V0L2ltYWdlcy9zaG9wL2RldGFpbF9pY29uX3BheW1lbnRfYmFuay5naWYiIGFsdD0i6YqA6KGM5oyv6L68Ij48aW1nIHNyYz0iaHR0cDovL3d3dy5yYWt1dGVuLm5lLmpwL2dvbGQvc3R5bGVtYXJrZXQvd3AtY29udGVudC90aGVtZXMvc3R5bGVtYXJrZXQvaW1hZ2VzL3Nob3AvZGV0YWlsX2ljb25fcGF5bWVudF9kYWliaWtpLmdpZiIgYWx0PSLku6Pph5HlvJXmj5siPjxpbWcgc3JjPSJodHRwOi8vd3d3LnJha3V0ZW4ubmUuanAvZ29sZC9zdHlsZW1hcmtldC93cC1jb250ZW50L3RoZW1lcy9zdHlsZW1hcmtldC9pbWFnZXMvc2hvcC9kZXRhaWxfaWNvbl9zb3VyeW91X3NwLmdpZiIgYWx0PSLnibnmrorpgIHmlpkiPjxicj48aW1nIHNyYz0iaHR0cDovL3d3dy5yYWt1dGVuLm5lLmpwL2dvbGQvc3R5bGVtYXJrZXQvd3AtY29udGVudC90aGVtZXMvc3R5bGVtYXJrZXQvaW1hZ2VzL3Nob3AvZGV0YWlsX2ljb25feWFqaXJ1c2kuZ2lmIj7jgqLjgqTjgrPjg7Pjga7oqqzmmI7jga/jgZPjgaHjgok8L3A+,44K544K/44OD44OJ44Os44K544K/44Kk44OkIOODluODquODguOCueODiOODsyBCTElaWkFLIFJFVk8gOTY5IDE0NVIxMiA4UFLvvJrjgrnjgr/jgqTjg6vjg57jg7zjgrHjg4Pjg4jjgIDmpb3lpKnluILloLTlupc=,5r+A5a6J44K/44Kk44Ok5Lit5Y+k44Kr44O855So5ZOB44Kr44O844OR44O844OE44Kr44O844OK44OT44Ky44O844K344On44Oz5a6J44GEQ0FS44Kr44O844Kq44O844OH44Kj44Kq6LuK44Ki44Km44OI44Os44OD44OI44Ob44Kk44Or44K544OG44OD44OX44Ov44K044Oz44K344O844OI44Kr44OQ44O844K544K/44OD44OJ44Os44K544OY44Or44Oh44OD44OI6LKp5aOy44Oe44OV44Op44O844K144K544Oa44Oz44K344On44Oz44Kq44O844OI44Ko44Ki44Ot44OR44O844OE44K544K/44OD44OJ44Os44K544K/44Kk44OkIOODluODquODguOCueODiOODsyBCTElaWkFLIFJFVk8gOTY5IDE0NVIxMiA4UFI=,44CQMTQ1UjEyIDhQUuOAkeOAguOCueOCv+ODg+ODieODrOOCueOCv+OCpOODpCDjg5bjg6rjg4Ljgrnjg4jjg7MgQkxJWlpBSyBSRVZPIDk2OSAxNDVSMTIgOFBS[rn]
34-95810,aHR0cDovL3RzaG9wLnIxMHMuanAvc3R5bGVtYXJrZXQvY2FiaW5ldC9tYW5hZ2VkL2ltZzEzLzEzOTg5LmpwZz9maXRpbj03MDA6NzAw,Mjg0OC4wMDAw,,6LuK55So5ZOB44O744OQ44Kk44Kv55So5ZOBID4g44Kr44O855So5ZOBID4g44K544K/44OD44OJ44Os44K544K/44Kk44Ok,44K544K/44OD44OJ44Os44K544K/44Kk44OkIOODqOOCs+ODj+ODniBpY2UgR1VBUkQgVFJJUExFIFBMVVMgaUczMCAxMzUvODBSMTIgNjhR,44CQMTM1LzgwUjEyIDY4UeOAkQ==,PHA+PGltZyBzcmM9Imh0dHA6Ly93d3cucmFrdXRlbi5uZS5qcC9nb2xkL3N0eWxlbWFya2V0L3dwLWNvbnRlbnQvdGhlbWVzL3N0eWxlbWFya2V0L2ltYWdlcy9zaG9wL3Jha3V0ZW5fZGV0YWlsX3RpcmVjb3Vwb25fZGV0YWlsLmpwZyI+PC9wPjxwPjxpbWcgc3JjPSJodHRwOi8vaW1hZ2UucmFrdXRlbi5jby5qcC9zdHlsZW1hcmtldC9jYWJpbmV0L21hbmFnZWQvaW1nMTMvMTM5ODkuanBnIj48YnI+PGltZyBzcmM9Imh0dHA6Ly9pbWFnZS5yYWt1dGVuLmNvLmpwL3N0eWxlbWFya2V0L2NhYmluZXQvbWFuYWdlZC9pbWcxMy8xMzk5MC5qcGciPjxicj48aW1nIHNyYz0iaHR0cDovL2ltYWdlLnJha3V0ZW4uY28uanAvc3R5bGVtYXJrZXQvY2FiaW5ldC9tYW5hZ2VkL2ltZzEzLzEzOTkxLmpwZyI+PC9wPjxzdHJvbmcgY2xhc3M9ImJnLW9yYW5nZWxpbmUiPuWVhuWTgeiqrOaYjjwvc3Ryb25nPjxwPjxiPllPS09IQU1B44K544K/44OD44OJ44Os44K544K/44Kk44Ok5Y+y5LiK5pyA6auY44Gu5rC35LiK5oCn6IO944Gr55yB54eD6LK75oCn6IO944KS44OX44Op44K5PC9iPjxicj7jg7tZT0tPSEFNQeOCueOCv+ODg+ODieODrOOCueOCv+OCpOODpOWPsuS4iuacgOmrmOOBruawt+S4iuaAp+iDvTxicj5pY2UgR1VBUkQgQkxBQ0sgaUcyMOOBq+avlOOBueOBpuWEquOCjOOBn+awt+S4iuWItuWLleaAp+iDveOCkueZuuaPruOBl+OBn2ljZSBHVUFSRCBUUklQTEUgaUczMOOAgjxicj5pY2UgR1VBUkQgVFJJUExFIFBMVVMgaUczMOOCgllPS09IQU1B44K544K/44OD44OJ44Os44K544K/44Kk44Ok5Y+y5LiK5pyA6auY44Gu5rC35LiK5oCn6IO944KS5L+d5pyJ44CCPGJyPuODu+ODluODqeODg+OCr+ODneODquODnuODvDLmjqHnlKjvvIjjgrnjgr/jg4Pjg4njg6zjgrnjgr/jgqTjg6TmgKfog73jga7ntq3mjIHjgavosqLnjK7vvIk8YnI+44K/44Kk44Ok44Gv44CM44K044Og44Gu5p+U44KJ44GL44GV44CN44KS5L+d44Gk44Kq44Kk44Or44GM5oqc44GR44KL44Go56Gs44GP44Gq44KL44CCPGJyPuODluODqeODg+OCr+ODneODquODnuODvDLjga/liIblrZDjgYzlpKfjgY3jgY/jgIHjgqrjgqTjg6vjgavmr5TjgbnjgabmipzjgZHjgavjgY/jgYTjgII8YnI+44Gg44GL44KJ44CM5rC444GP5Yq544GP44CN44CCPGJyPuODu+OBk+OCjeOBjOOCiuaKteaKl+e0hDTvvIXkvY7muJvvvIjjgZPjgo3jgYzjgormirXmipfjga7kvY7muJvjga/nh4Posrvjga7mlLnlloTjgavosqLnjK7vvIk8YnI+aWNlIEdVQVJEIFRSSVBMRSBQTFVTIGlHMzDjga/jgr/jgqTjg6Tmp4vpgKDjga7opovnm7TjgZfjgavjgojjgorjgIHjgZPjgo3jgYzjgormirXmipfjgpLntIQ077yF5L2O5rib44GX44G+44GX44Gf44CCPC9wPjxzdHJvbmcgY2xhc3M9ImJnLW9yYW5nZWxpbmUiPuijveWTgeS7leanmDwvc3Ryb25nPjxwPuODoeODvOOCq+ODvO+8mllPS09IQU1B77yI44Oo44Kz44OP44Oe77yJPGJyPuODkeOCv+ODvOODs++8mmljZSBHVUFSRCBUUklQTEUgUExVUyBpRzMw77yI44Ki44Kk44K544Ks44O844OJIOODiOODquODl+ODq+ODl+ODqeOCuSDjgqLjgqTjgrjjg7zjgrXjg7Pjgrjjg6XjgqbvvIk8YnI+44K144Kk44K677yaMTM1LzgwUjEyIDY4UTwvcD48c3Ryb25nIGNsYXNzPSJiZy1vcmFuZ2VsaW5lIj7jgrnjgr/jg4Pjg5XjgrPjg6Hjg7Pjg4g8L3N0cm9uZz48cD7jgrTjg6Djga7noazjgZXjgpLjgZXjgonjgavjgrPjg7Pjg4jjg63jg7zjg6vjgZfjgabmgKfog73jgpLlkJHkuIrvvIHkurrmsJfjga7muKnluqblr77lv5zjgrnjgr/jg4Pjg4njg6zjgrnjgYzjgZXjgonjgavpgLLljJbjgZfjgb7jgZfjgZ/jgII8L3A+PHN0cm9uZyBjbGFzcz0iYmctb3JhbmdlbGluZSI+44Gd44Gu5LuWPC9zdHJvbmc+PHA+PGZvbnQgY29sb3I9Im9yYW5nZSI+PGI+44GK5a6i5qeY44KI44KK44GT44KT44Gq44GK5ZWP44GE5ZCI44KP44Gb44KS44GE44Gf44Gg44GN44G+44GX44GfPC9iPjwvZm9udD48YnI+PGJyPjxiPlE66KO96YCg5bm044Gv5oyH5a6a44Gn44GN44G+44GZ44GL77yfPC9iPjxicj48Zm9udCBjb2xvcj0ib3JhbmdlIj48Yj5BOjwvYj48L2ZvbnQ+44GK5a6i5qeY44G444Gu44K144O844OT44K544Gu5LiA55Kw44Go44GX44Gm44Kv44O844Od44Oz44KS44GU55So5oSP6Ie044GX44G+44GX44Gf44CCPGJyPuOCr+ODvOODneODs+OBqOS4gOe3kuOBq+OCv+OCpOODpOOCkuOBlOazqOaWh+OBhOOBn+OBoOOBj+OBk+OBqOOBp+OAgeWuieW/g+OBl+OBpuaWsOOBl+OBhOOCv+OCpOODpOOBruOBiuWxiuOBkeOCkuOBiuW+heOBoeS4i+OBleOBhOOAgjxicj48YnI+PGI+UTox5pys44Gu5L6h5qC844Gn44GZ44GL77yfPC9iPjxicj48Zm9udCBjb2xvcj0ib3JhbmdlIj48Yj5BOjwvYj48L2ZvbnQ+44Gv44GE44CC44K/44Kk44OkMeacrOOBruS+oeagvOOBqOOBquOCiuOBvuOBmeOAgjxicj405pys44GU5rOo5paH44Gu5aC05ZCI44Gv44CO6KGo56S65L6h5qC8w5c044CP44Gr44Gq44KK44G+44GZ44CCPGJyPjxicj48Yj5ROuODm+OCpOODvOODq+OBr+S7mOWxnuOBl+OBvuOBmeOBi++8nzwvYj48YnI+PGZvbnQgY29sb3I9Im9yYW5nZSI+PGI+QTo8L2I+PC9mb250PuihqOekuuS+oeagvOOBr+aWsOWTgeOCv+OCpOODpDHmnKzjga7kvqHmoLzjgajjgarjgorjgIHjg5vjgqTjg7zjg6vjga/ku5jlsZ7jgZfjgb7jgZvjgpPjgII8YnI+44Ob44Kk44O844Or44KS44GU5biM5pyb44Gu44GK5a6i5qeY44Gr44Gv5Yil6YCU44GK6KaL56mN44KC44KK44KS44GE44Gf44GX44G+44GZ44Gu44Gn44CB6LuK56iu44CB5bm05byP44CB5Z6L5byP44CB44K/44Kk44Ok44K144Kk44K644KS6KiY6LyJ44Gu5LiK44CB44GK5ZWP44GE5ZCI44KP44Gb44GP44Gg44GV44GE44G+44Gb44CCPGJyPjxicj48Yj5ROuS7iumgvOOCk+OBoOOCieOBhOOBpOWxiuOBjeOBvuOBmeOBi++8nzwvYj48YnI+PGZvbnQgY29sb3I9Im9yYW5nZSI+PGI+QTo8L2I+PC9mb250Puaxuua4iOOBjOeiuuiqjeOBp+OBjeOCjOOBsOOAgeOBlOazqOaWh+aXpeOBi+OCiTLllrbmpa3ml6Xku6XlhoXjgavntIQ5MCXjga7jgZTms6jmlofjga7llYblk4HjgpLnmbrpgIHjgafjgY3jgabjgYTjgb7jgZnjgII8YnI+5q6L44KK44Gu57SEOCXjga8xMOWWtualreaXpeS7peWGheOAgeasoOWTgeOBp+e0jeacn+OBruebruWHpuOBjOeri+OBn+OBmuOBq+OBiuWxiuOBkeOBp+OBjeOBquOBhOOCguOBruOBrzIl5byx44Go44Gq44Gj44Gm44GK44KK44G+44GZ44CCPGJyPjxicj48Yj5ROumAgeaWmeOBr+OBhOOBj+OCieOBp+OBmeOBi++8nzwvYj48YnI+PGZvbnQgY29sb3I9Im9yYW5nZSI+PGI+QTo8L2I+PC9mb250PuW/heimgeacrOaVsOOBq+W/nOOBmOOBn+aWmemHkeihqOOBjOOBlOOBluOBhOOBvuOBmeOBruOBp+OAgeOBneOBoeOCieOCkuOBlOeiuuiqjeS4i+OBleOBhOOAgjxicj48YnI+PGI+UTrnqI7ovrzjgb/jgafjgZnjgYvvvJ88L2I+PGJyPjxmb250IGNvbG9yPSJvcmFuZ2UiPjxiPkE6PC9iPjwvZm9udD7nqI7ovrzkvqHmoLzjgafooajnpLrjgZfjgabjgYrjgorjgb7jgZnjgII8YnI+5YaF56iO44Gn44GZ44Gu44Gn44CB5a6J5b+D44GX44Gm44GK6LK344GE5rGC44KB5LiL44GV44GE44CCPC9wPjxwPjxiPuKAu+OBiuWxiuOBkeOBq+mWouOBl+OBpjwvYj48YnI+44GU5rOo5paH44KS6aCC44GP5bqm44Gr44Oh44O844Kr44O844KI44KK5Y+W44KK5a+E44Gb44KS44GX44G+44GZ44CCPGJyPuOBneOBrueCuuOBlOazqOaWh+OBi+OCiTLvvZ4z5pel44G744Gp44Gn5Ye66I235Y+v6IO944Gn44GZ44CCPGJyPuOBvuOBn+OAgeODoeODvOOCq+ODvOOBq+OBiuOBhOOBpuWcqOW6q+WIh+OCjOOBruWgtOWQiOOBr+eZuumAgeOBvuOBp+OBqzLvvZ4z5pel5Lul5LiK44Gu44GK5pmC6ZaT6aCC44GP5aC05ZCI44GM44GU44GW44GE44G+44GZ44CCPGJyPuiqoOOBq+aBkOOCjOWFpeOCiuOBvuOBmeOBjOOAgeOBiuaApeOBjuOBruWgtOWQiOOBr+OBlOazqOaWh+WJjeOBruWcqOW6q+eiuuiqjeOCkuOBiumhmOOBhOeUs+OBl+S4iuOBkuOBvuOBmeOAgjwvcD48cD48aW1nIHNyYz0iaHR0cDovL3d3dy5yYWt1dGVuLm5lLmpwL2dvbGQvc3R5bGVtYXJrZXQvd3AtY29udGVudC90aGVtZXMvc3R5bGVtYXJrZXQvaW1hZ2VzL3Nob3AvZGV0YWlsX2ljb25fcGFja19vay5naWYiIGFsdD0i5ZCM5qKx5Y+vIj48aW1nIHNyYz0iaHR0cDovL3d3dy5yYWt1dGVuLm5lLmpwL2dvbGQvc3R5bGVtYXJrZXQvd3AtY29udGVudC90aGVtZXMvc3R5bGVtYXJrZXQvaW1hZ2VzL3Nob3AvZGV0YWlsX2ljb25fZ2lmdF9uZy5naWYiIGFsdD0i44Op44OD44OU44Oz44Kw5LiN5Y+vIj48aW1nIHNyYz0iaHR0cDovL3d3dy5yYWt1dGVuLm5lLmpwL2dvbGQvc3R5bGVtYXJrZXQvd3AtY29udGVudC90aGVtZXMvc3R5bGVtYXJrZXQvaW1hZ2VzL3Nob3AvZGV0YWlsX2ljb25femFpa29fb3IuZ2lmIiBhbHQ9IuODoeODvOOCq+ODvOWPluWvhCI+PGltZyBzcmM9Imh0dHA6Ly93d3cucmFrdXRlbi5uZS5qcC9nb2xkL3N0eWxlbWFya2V0L3dwLWNvbnRlbnQvdGhlbWVzL3N0eWxlbWFya2V0L2ltYWdlcy9zaG9wL2RldGFpbF9pY29uX3NpdGVpX25nLmdpZiIgYWx0PSLml6XmmYLmjIflrprlpInli5XjgYLjgooiPjxpbWcgc3JjPSJodHRwOi8vd3d3LnJha3V0ZW4ubmUuanAvZ29sZC9zdHlsZW1hcmtldC93cC1jb250ZW50L3RoZW1lcy9zdHlsZW1hcmtldC9pbWFnZXMvc2hvcC9kZXRhaWxfaWNvbl9wYXltZW50X2JhbmsuZ2lmIiBhbHQ9IumKgOihjOaMr+i+vCI+PGltZyBzcmM9Imh0dHA6Ly93d3cucmFrdXRlbi5uZS5qcC9nb2xkL3N0eWxlbWFya2V0L3dwLWNvbnRlbnQvdGhlbWVzL3N0eWxlbWFya2V0L2ltYWdlcy9zaG9wL2RldGFpbF9pY29uX3BheW1lbnRfZGFpYmlraS5naWYiIGFsdD0i5Luj6YeR5byV5o+bIj48aW1nIHNyYz0iaHR0cDovL3d3dy5yYWt1dGVuLm5lLmpwL2dvbGQvc3R5bGVtYXJrZXQvd3AtY29udGVudC90aGVtZXMvc3R5bGVtYXJrZXQvaW1hZ2VzL3Nob3AvZGV0YWlsX2ljb25fc291cnlvdV9zcC5naWYiIGFsdD0i54m55q6K6YCB5paZIj48YnI+PGltZyBzcmM9Imh0dHA6Ly93d3cucmFrdXRlbi5uZS5qcC9nb2xkL3N0eWxlbWFya2V0L3dwLWNvbnRlbnQvdGhlbWVzL3N0eWxlbWFya2V0L2ltYWdlcy9zaG9wL2RldGFpbF9pY29uX3lhamlydXNpLmdpZiI+44Ki44Kk44Kz44Oz44Gu6Kqs5piO44Gv44GT44Gh44KJPC9wPg==,44K544K/44OD44OJ44Os44K544K/44Kk44OkIOODqOOCs+ODj+ODniBpY2UgR1VBUkQgVFJJUExFIFBMVVMgaUczMCAxMzUvODBSMTIgNjhR77ya44K544K/44Kk44Or44Oe44O844Kx44OD44OI44CA5qW95aSp5biC5aC05bqX,5r+A5a6J44K/44Kk44Ok5Lit5Y+k44Kr44O855So5ZOB44Kr44O844OR44O844OE44Kr44O844OK44OT44Ky44O844K344On44Oz5a6J44GEQ0FS44Kr44O844Kq44O844OH44Kj44Kq6LuK44Ki44Km44OI44Os44OD44OI44Ob44Kk44Or44K544OG44OD44OX44Ov44K044Oz44K344O844OI44Kr44OQ44O844K544K/44OD44OJ44Os44K544OY44Or44Oh44OD44OI6LKp5aOy44Oe44OV44Op44O844K144K544Oa44Oz44K344On44Oz44Kq44O844OI44Ko44Ki44Ot44OR44O844OE44K544K/44OD44OJ44Os44K544K/44Kk44OkIOODqOOCs+ODj+ODniBpY2UgR1VBUkQgVFJJUExFIFBMVVMgaUczMCAxMzUvODBSMTIgNjhR,44CQMTM1LzgwUjEyIDY4UeOAkeOAguOCueOCv+ODg+ODieODrOOCueOCv+OCpOODpCDjg6jjgrPjg4/jg54gaWNlIEdVQVJEIFRSSVBMRSBQTFVTIGlHMzAgMTM1LzgwUjEyIDY4UQ==[rn]
34-95811,aHR0cDovL3RzaG9wLnIxMHMuanAvc3R5bGVtYXJrZXQvY2FiaW5ldC9tYW5hZ2VkL2ltZzEyLzEyNTAyLmpwZz9maXRpbj03MDA6NzAw,MzY3Mi4wMDAw,,6LuK55So5ZOB44O744OQ44Kk44Kv55So5ZOBID4g44Kr44O855So5ZOBID4g44K544K/44OD44OJ44Os44K544K/44Kk44Ok,44K544K/44OD44OJ44Os44K544K/44Kk44OkIOODluODquODguOCueODiOODsyBCTElaWkFLIFJFVk8gR1ogMTM1LzgwUjEyIDY4UQ==,44CQMTM1LzgwUjEyIDY4UeOAkQ==,PHA+PGltZyBzcmM9Imh0dHA6Ly93d3cucmFrdXRlbi5uZS5qcC9nb2xkL3N0eWxlbWFya2V0L3dwLWNvbnRlbnQvdGhlbWVzL3N0eWxlbWFya2V0L2ltYWdlcy9zaG9wL3Jha3V0ZW5fZGV0YWlsX3RpcmVjb3Vwb25fZGV0YWlsLmpwZyI+PC9wPjxwPjxpbWcgc3JjPSJodHRwOi8vaW1hZ2UucmFrdXRlbi5jby5qcC9zdHlsZW1hcmtldC9jYWJpbmV0L21hbmFnZWQvaW1nMTIvMTI1MDIuanBnIj48YnI+PGltZyBzcmM9Imh0dHA6Ly9pbWFnZS5yYWt1dGVuLmNvLmpwL3N0eWxlbWFya2V0L2NhYmluZXQvbWFuYWdlZC9pbWcxMi8xMjUwMy5qcGciPjxicj48aW1nIHNyYz0iaHR0cDovL2ltYWdlLnJha3V0ZW4uY28uanAvc3R5bGVtYXJrZXQvY2FiaW5ldC9tYW5hZ2VkL2ltZzEyLzEyNTA0LmpwZyI+PC9wPjxzdHJvbmcgY2xhc3M9ImJnLW9yYW5nZWxpbmUiPuWVhuWTgeiqrOaYjjwvc3Ryb25nPjxwPjxiPuODluODquOCtuODg+OCr+OBp+OBhOOBoeOBsOOCk+atouOBvuOCi+OAguOBneOBrueQhueUseOBr+OAgTTjgaTjga7mlrDmioDooZPjgII8L2I+PGJyPuODu+aWsOOCs+ODs+ODkeOCpuODs+ODieOBjOOAgeawt+S4iuOBq+WKueOBj++8gTxicj7mlrDntKDmnZDphY3lkIjjga7jg6zjg5znmbrms6HjgrTjg6BHWuOBjOOAgeawt+S4iuOBp+OBruWKueOBjeOCkuOBleOCieOBq+mAsuWMluOAgjxicj7jg7vmlrDjg5Hjgr/jg7PjgYzjgIHjgZXjgb7jgZbjgb7jgarlhqzpgZPjgavlirnjgY/vvIE8YnI+44K/44Kk44Ok44Gu5o6l5Zyw44KS56eR5a2m44GX44Gf6Z2e5a++56ew44OR44K/44Oz44GM44CB57im44Gr5Yq544GP44CB5qiq44Gr5Yq544GP44CB44GV44G+44GW44G+44Gq5Yas6YGT44Gr5Yq544GP44CCPGJyPuODu+aWsOW9oueKtuOBp+OAgeebtOmAsuWuieWumuaAp+WQkeS4iu+8gTxicj5SRUdOT++8hlBsYXl65pCt6LyJ44Gu6Z2e5a++56ew5b2i54q244GM55u06YCy5a6J5a6a5oCn5ZCR5LiK44KS5a6f54++44CCPGJyPuODu+aWsOioree9ruioreioiOOBjOOAgVNOT1fjg7tXRVTjgavlirnjgY/vvIE8YnI+5paw6Kit6KiI44CM44K544Oq44Og77yG44Ot44Oz44Kw44Kz44Oz44K/44Kv44OI44CN44GM44CBU05PV+ODu1dFVOOBq+WKueOBj+OAgjwvcD48c3Ryb25nIGNsYXNzPSJiZy1vcmFuZ2VsaW5lIj7oo73lk4Hku5Xmp5g8L3N0cm9uZz48cD7jg6Hjg7zjgqvjg7zvvJpCUklER0VTVE9ORe+8iOODluODquODguOCueODiOODs++8iTxicj7jg5Hjgr/jg7zjg7PvvJpCTElaWkFLIFJFVk8gR1rvvIjjg5bjg6rjgrbjg4Pjgq8g44Os44OcIOOCuOODvOOCvOODg+ODiO+8iTxicj7jgrXjgqTjgrrvvJoxMzUvODBSMTIgNjhRPC9wPjxzdHJvbmcgY2xhc3M9ImJnLW9yYW5nZWxpbmUiPuOCueOCv+ODg+ODleOCs+ODoeODs+ODiDwvc3Ryb25nPjxwPuWMl+WbveOBq+e1tuWkp+OBquaUr+aMgeOCkuiqh+OCi+ODluODquODguOCueODiOODs+OCueOCv+ODg+ODieODrOOCueOAgjwvcD48c3Ryb25nIGNsYXNzPSJiZy1vcmFuZ2VsaW5lIj7jgZ3jga7ku5Y8L3N0cm9uZz48cD48Zm9udCBjb2xvcj0ib3JhbmdlIj48Yj7jgYrlrqLmp5jjgojjgorjgZPjgpPjgarjgYrllY/jgYTlkIjjgo/jgZvjgpLjgYTjgZ/jgaDjgY3jgb7jgZfjgZ88L2I+PC9mb250Pjxicj48YnI+PGI+UTroo73pgKDlubTjga/mjIflrprjgafjgY3jgb7jgZnjgYvvvJ88L2I+PGJyPjxmb250IGNvbG9yPSJvcmFuZ2UiPjxiPkE6PC9iPjwvZm9udD7jgYrlrqLmp5jjgbjjga7jgrXjg7zjg5Pjgrnjga7kuIDnkrDjgajjgZfjgabjgq/jg7zjg53jg7PjgpLjgZTnlKjmhI/oh7TjgZfjgb7jgZfjgZ/jgII8YnI+44Kv44O844Od44Oz44Go5LiA57eS44Gr44K/44Kk44Ok44KS44GU5rOo5paH44GE44Gf44Gg44GP44GT44Go44Gn44CB5a6J5b+D44GX44Gm5paw44GX44GE44K/44Kk44Ok44Gu44GK5bGK44GR44KS44GK5b6F44Gh5LiL44GV44GE44CCPGJyPjxicj48Yj5ROjHmnKzjga7kvqHmoLzjgafjgZnjgYvvvJ88L2I+PGJyPjxmb250IGNvbG9yPSJvcmFuZ2UiPjxiPkE6PC9iPjwvZm9udD7jga/jgYTjgILjgr/jgqTjg6Qx5pys44Gu5L6h5qC844Go44Gq44KK44G+44GZ44CCPGJyPjTmnKzjgZTms6jmlofjga7loLTlkIjjga/jgI7ooajnpLrkvqHmoLzDlzTjgI/jgavjgarjgorjgb7jgZnjgII8YnI+PGJyPjxiPlE644Ob44Kk44O844Or44Gv5LuY5bGe44GX44G+44GZ44GL77yfPC9iPjxicj48Zm9udCBjb2xvcj0ib3JhbmdlIj48Yj5BOjwvYj48L2ZvbnQ+6KGo56S65L6h5qC844Gv5paw5ZOB44K/44Kk44OkMeacrOOBruS+oeagvOOBqOOBquOCiuOAgeODm+OCpOODvOODq+OBr+S7mOWxnuOBl+OBvuOBm+OCk+OAgjxicj7jg5vjgqTjg7zjg6vjgpLjgZTluIzmnJvjga7jgYrlrqLmp5jjgavjga/liKXpgJTjgYropovnqY3jgoLjgorjgpLjgYTjgZ/jgZfjgb7jgZnjga7jgafjgIHou4rnqK7jgIHlubTlvI/jgIHlnovlvI/jgIHjgr/jgqTjg6TjgrXjgqTjgrrjgpLoqJjovInjga7kuIrjgIHjgYrllY/jgYTlkIjjgo/jgZvjgY/jgaDjgZXjgYTjgb7jgZvjgII8YnI+PGJyPjxiPlE65LuK6aC844KT44Gg44KJ44GE44Gk5bGK44GN44G+44GZ44GL77yfPC9iPjxicj48Zm9udCBjb2xvcj0ib3JhbmdlIj48Yj5BOjwvYj48L2ZvbnQ+5rG65riI44GM56K66KqN44Gn44GN44KM44Gw44CB44GU5rOo5paH5pel44GL44KJMuWWtualreaXpeS7peWGheOBq+e0hDkwJeOBruOBlOazqOaWh+OBruWVhuWTgeOCkueZuumAgeOBp+OBjeOBpuOBhOOBvuOBmeOAgjxicj7mrovjgorjga7ntIQ4JeOBrzEw5Za25qWt5pel5Lul5YaF44CB5qyg5ZOB44Gn57SN5pyf44Gu55uu5Yem44GM56uL44Gf44Ga44Gr44GK5bGK44GR44Gn44GN44Gq44GE44KC44Gu44GvMiXlvLHjgajjgarjgaPjgabjgYrjgorjgb7jgZnjgII8YnI+PGJyPjxiPlE66YCB5paZ44Gv44GE44GP44KJ44Gn44GZ44GL77yfPC9iPjxicj48Zm9udCBjb2xvcj0ib3JhbmdlIj48Yj5BOjwvYj48L2ZvbnQ+5b+F6KaB5pys5pWw44Gr5b+c44GY44Gf5paZ6YeR6KGo44GM44GU44GW44GE44G+44GZ44Gu44Gn44CB44Gd44Gh44KJ44KS44GU56K66KqN5LiL44GV44GE44CCPGJyPjxicj48Yj5ROueojui+vOOBv+OBp+OBmeOBi++8nzwvYj48YnI+PGZvbnQgY29sb3I9Im9yYW5nZSI+PGI+QTo8L2I+PC9mb250Pueojui+vOS+oeagvOOBp+ihqOekuuOBl+OBpuOBiuOCiuOBvuOBmeOAgjxicj7lhoXnqI7jgafjgZnjga7jgafjgIHlronlv4PjgZfjgabjgYrosrfjgYTmsYLjgoHkuIvjgZXjgYTjgII8L3A+PHA+PGI+4oC744GK5bGK44GR44Gr6Zai44GX44GmPC9iPjxicj7jgZTms6jmlofjgpLpoILjgY/luqbjgavjg6Hjg7zjgqvjg7zjgojjgorlj5bjgorlr4TjgZvjgpLjgZfjgb7jgZnjgII8YnI+44Gd44Gu54K644GU5rOo5paH44GL44KJMu+9njPml6Xjgbvjganjgaflh7rojbflj6/og73jgafjgZnjgII8YnI+44G+44Gf44CB44Oh44O844Kr44O844Gr44GK44GE44Gm5Zyo5bqr5YiH44KM44Gu5aC05ZCI44Gv55m66YCB44G+44Gn44GrMu+9njPml6Xku6XkuIrjga7jgYrmmYLplpPpoILjgY/loLTlkIjjgYzjgZTjgZbjgYTjgb7jgZnjgII8YnI+6Kqg44Gr5oGQ44KM5YWl44KK44G+44GZ44GM44CB44GK5oCl44GO44Gu5aC05ZCI44Gv44GU5rOo5paH5YmN44Gu5Zyo5bqr56K66KqN44KS44GK6aGY44GE55Sz44GX5LiK44GS44G+44GZ44CCPC9wPjxwPjxpbWcgc3JjPSJodHRwOi8vd3d3LnJha3V0ZW4ubmUuanAvZ29sZC9zdHlsZW1hcmtldC93cC1jb250ZW50L3RoZW1lcy9zdHlsZW1hcmtldC9pbWFnZXMvc2hvcC9kZXRhaWxfaWNvbl9wYWNrX29rLmdpZiIgYWx0PSLlkIzmorHlj68iPjxpbWcgc3JjPSJodHRwOi8vd3d3LnJha3V0ZW4ubmUuanAvZ29sZC9zdHlsZW1hcmtldC93cC1jb250ZW50L3RoZW1lcy9zdHlsZW1hcmtldC9pbWFnZXMvc2hvcC9kZXRhaWxfaWNvbl9naWZ0X25nLmdpZiIgYWx0PSLjg6njg4Pjg5Tjg7PjgrDkuI3lj68iPjxpbWcgc3JjPSJodHRwOi8vd3d3LnJha3V0ZW4ubmUuanAvZ29sZC9zdHlsZW1hcmtldC93cC1jb250ZW50L3RoZW1lcy9zdHlsZW1hcmtldC9pbWFnZXMvc2hvcC9kZXRhaWxfaWNvbl96YWlrb19vci5naWYiIGFsdD0i44Oh44O844Kr44O85Y+W5a+EIj48aW1nIHNyYz0iaHR0cDovL3d3dy5yYWt1dGVuLm5lLmpwL2dvbGQvc3R5bGVtYXJrZXQvd3AtY29udGVudC90aGVtZXMvc3R5bGVtYXJrZXQvaW1hZ2VzL3Nob3AvZGV0YWlsX2ljb25fc2l0ZWlfbmcuZ2lmIiBhbHQ9IuaXpeaZguaMh+WumuWkieWLleOBguOCiiI+PGltZyBzcmM9Imh0dHA6Ly93d3cucmFrdXRlbi5uZS5qcC9nb2xkL3N0eWxlbWFya2V0L3dwLWNvbnRlbnQvdGhlbWVzL3N0eWxlbWFya2V0L2ltYWdlcy9zaG9wL2RldGFpbF9pY29uX3BheW1lbnRfYmFuay5naWYiIGFsdD0i6YqA6KGM5oyv6L68Ij48aW1nIHNyYz0iaHR0cDovL3d3dy5yYWt1dGVuLm5lLmpwL2dvbGQvc3R5bGVtYXJrZXQvd3AtY29udGVudC90aGVtZXMvc3R5bGVtYXJrZXQvaW1hZ2VzL3Nob3AvZGV0YWlsX2ljb25fcGF5bWVudF9kYWliaWtpLmdpZiIgYWx0PSLku6Pph5HlvJXmj5siPjxpbWcgc3JjPSJodHRwOi8vd3d3LnJha3V0ZW4ubmUuanAvZ29sZC9zdHlsZW1hcmtldC93cC1jb250ZW50L3RoZW1lcy9zdHlsZW1hcmtldC9pbWFnZXMvc2hvcC9kZXRhaWxfaWNvbl9zb3VyeW91X3NwLmdpZiIgYWx0PSLnibnmrorpgIHmlpkiPjxicj48aW1nIHNyYz0iaHR0cDovL3d3dy5yYWt1dGVuLm5lLmpwL2dvbGQvc3R5bGVtYXJrZXQvd3AtY29udGVudC90aGVtZXMvc3R5bGVtYXJrZXQvaW1hZ2VzL3Nob3AvZGV0YWlsX2ljb25feWFqaXJ1c2kuZ2lmIj7jgqLjgqTjgrPjg7Pjga7oqqzmmI7jga/jgZPjgaHjgok8L3A+,44K544K/44OD44OJ44Os44K544K/44Kk44OkIOODluODquODguOCueODiOODsyBCTElaWkFLIFJFVk8gR1ogMTM1LzgwUjEyIDY4Ue+8muOCueOCv+OCpOODq+ODnuODvOOCseODg+ODiOOAgOalveWkqeW4guWgtOW6lw==,5r+A5a6J44K/44Kk44Ok5Lit5Y+k44Kr44O855So5ZOB44Kr44O844OR44O844OE44Kr44O844OK44OT44Ky44O844K344On44Oz5a6J44GEQ0FS44Kr44O844Kq44O844OH44Kj44Kq6LuK44Ki44Km44OI44Os44OD44OI44Ob44Kk44Or44K544OG44OD44OX44Ov44K044Oz44K344O844OI44Kr44OQ44O844K544K/44OD44OJ44Os44K544OY44Or44Oh44OD44OI6LKp5aOy44Oe44OV44Op44O844K144K544Oa44Oz44K344On44Oz44Kq44O844OI44Ko44Ki44Ot44OR44O844OE44K544K/44OD44OJ44Os44K544K/44Kk44OkIOODluODquODguOCueODiOODsyBCTElaWkFLIFJFVk8gR1ogMTM1LzgwUjEyIDY4UQ==,44CQMTM1LzgwUjEyIDY4UeOAkeOAguOCueOCv+ODg+ODieODrOOCueOCv+OCpOODpCDjg5bjg6rjg4Ljgrnjg4jjg7MgQkxJWlpBSyBSRVZPIEdaIDEzNS84MFIxMiA2OFE=[rn]
34-95812,aHR0cDovL3RzaG9wLnIxMHMuanAvc3R5bGVtYXJrZXQvY2FiaW5ldC9tYW5hZ2VkL2ltZzEyLzEyNDgxLmpwZz9maXRpbj03MDA6NzAw,NDU3Ni4wMDAw,,6LuK55So5ZOB44O744OQ44Kk44Kv55So5ZOBID4g44Kr44O855So5ZOBID4g44K544K/44OD44OJ44Os44K544K/44Kk44Ok,44K544K/44OD44OJ44Os44K544K/44Kk44OkIOODluODquODguOCueODiOODsyBCTElaWkFLIFJFVk8yIDE0NS83MFIxMiA2OVE=,44CQMTQ1LzcwUjEyIDY5UeOAkQ==,PHA+PGltZyBzcmM9Imh0dHA6Ly93d3cucmFrdXRlbi5uZS5qcC9nb2xkL3N0eWxlbWFya2V0L3dwLWNvbnRlbnQvdGhlbWVzL3N0eWxlbWFya2V0L2ltYWdlcy9zaG9wL3Jha3V0ZW5fZGV0YWlsX3RpcmVjb3Vwb25fZGV0YWlsLmpwZyI+PC9wPjxwPjxpbWcgc3JjPSJodHRwOi8vaW1hZ2UucmFrdXRlbi5jby5qcC9zdHlsZW1hcmtldC9jYWJpbmV0L21hbmFnZWQvaW1nMTIvMTI0ODEuanBnIj48YnI+PGltZyBzcmM9Imh0dHA6Ly9pbWFnZS5yYWt1dGVuLmNvLmpwL3N0eWxlbWFya2V0L2NhYmluZXQvbWFuYWdlZC9pbWcxMi8xMjQ4Mi5qcGciPjwvcD48c3Ryb25nIGNsYXNzPSJiZy1vcmFuZ2VsaW5lIj7llYblk4HoqqzmmI48L3N0cm9uZz48cD48Yj7jg6zjg5znmbrnoLLjgrTjg6Ba44Go44Oe44Or44OBWuODkeOCv+ODs+OAgeWGrOOBrui3r+mdouOCkumBuOOBsOOBquOBhOODoeOCuOODo+ODvOODluODquOCtuODg+OCr+OAgjwvYj48YnI+57SENeWAjeOBq+Wil+OBiOOBn+WkquOBhOawtOi3r+OBjOawt+OBruS4iuOBruawtOOBruiGnOOCkuOBleOCieOBq+WKueaenOeahOOBq+mZpOWOu+OAgjxicj7ntIQ15YCN44Gr5aKX44GI44Gf44OQ44Kk44OI57KS5a2Q44GM5rC344KS5ZKs44KA44CCPGJyPuODnuODq+ODgVrjgrDjg6vjg7zjg5bjgYzlpJrmlrnlkJHjgavlqIHlipvjgpLnmbrmj67jgII8L3A+PHN0cm9uZyBjbGFzcz0iYmctb3JhbmdlbGluZSI+6KO95ZOB5LuV5qeYPC9zdHJvbmc+PHA+44Oh44O844Kr44O877yaQlJJREdFU1RPTkXvvIjjg5bjg6rjg4Ljgrnjg4jjg7PvvIk8YnI+44OR44K/44O844Oz77yaQkxJWlpBSyBSRVZPMu+8iOODluODquOCtuODg+OCryDjg6zjg5zjg4Tjg7zvvIk8YnI+44K144Kk44K677yaMTQ1LzcwUjEyIDY5UTwvcD48c3Ryb25nIGNsYXNzPSJiZy1vcmFuZ2VsaW5lIj7jgrnjgr/jg4Pjg5XjgrPjg6Hjg7Pjg4g8L3N0cm9uZz48cD7msLfkuIrjgIHpm6rkuIrjgIHkub7jgYTjgZ/ot6/pnaLjgIHmv6HjgozjgZ/ot6/pnaLjgarjganjgIHjgZXjgb7jgZbjgb7jgarlhqzpgZPjgavlirnjgY/jgrnjgr/jg4Pjg4njg6zjgrnjgr/jgqTjg6TjgafjgZnjgII8L3A+PHN0cm9uZyBjbGFzcz0iYmctb3JhbmdlbGluZSI+44Gd44Gu5LuWPC9zdHJvbmc+PHA+PGZvbnQgY29sb3I9Im9yYW5nZSI+PGI+44GK5a6i5qeY44KI44KK44GT44KT44Gq44GK5ZWP44GE5ZCI44KP44Gb44KS44GE44Gf44Gg44GN44G+44GX44GfPC9iPjwvZm9udD48YnI+PGJyPjxiPlE66KO96YCg5bm044Gv5oyH5a6a44Gn44GN44G+44GZ44GL77yfPC9iPjxicj48Zm9udCBjb2xvcj0ib3JhbmdlIj48Yj5BOjwvYj48L2ZvbnQ+44GK5a6i5qeY44G444Gu44K144O844OT44K544Gu5LiA55Kw44Go44GX44Gm44Kv44O844Od44Oz44KS44GU55So5oSP6Ie044GX44G+44GX44Gf44CCPGJyPuOCr+ODvOODneODs+OBqOS4gOe3kuOBq+OCv+OCpOODpOOCkuOBlOazqOaWh+OBhOOBn+OBoOOBj+OBk+OBqOOBp+OAgeWuieW/g+OBl+OBpuaWsOOBl+OBhOOCv+OCpOODpOOBruOBiuWxiuOBkeOCkuOBiuW+heOBoeS4i+OBleOBhOOAgjxicj48YnI+PGI+UTox5pys44Gu5L6h5qC844Gn44GZ44GL77yfPC9iPjxicj48Zm9udCBjb2xvcj0ib3JhbmdlIj48Yj5BOjwvYj48L2ZvbnQ+44Gv44GE44CC44K/44Kk44OkMeacrOOBruS+oeagvOOBqOOBquOCiuOBvuOBmeOAgjxicj405pys44GU5rOo5paH44Gu5aC05ZCI44Gv44CO6KGo56S65L6h5qC8w5c044CP44Gr44Gq44KK44G+44GZ44CCPGJyPjxicj48Yj5ROuODm+OCpOODvOODq+OBr+S7mOWxnuOBl+OBvuOBmeOBi++8nzwvYj48YnI+PGZvbnQgY29sb3I9Im9yYW5nZSI+PGI+QTo8L2I+PC9mb250PuihqOekuuS+oeagvOOBr+aWsOWTgeOCv+OCpOODpDHmnKzjga7kvqHmoLzjgajjgarjgorjgIHjg5vjgqTjg7zjg6vjga/ku5jlsZ7jgZfjgb7jgZvjgpPjgII8YnI+44Ob44Kk44O844Or44KS44GU5biM5pyb44Gu44GK5a6i5qeY44Gr44Gv5Yil6YCU44GK6KaL56mN44KC44KK44KS44GE44Gf44GX44G+44GZ44Gu44Gn44CB6LuK56iu44CB5bm05byP44CB5Z6L5byP44CB44K/44Kk44Ok44K144Kk44K644KS6KiY6LyJ44Gu5LiK44CB44GK5ZWP44GE5ZCI44KP44Gb44GP44Gg44GV44GE44G+44Gb44CCPGJyPjxicj48Yj5ROuS7iumgvOOCk+OBoOOCieOBhOOBpOWxiuOBjeOBvuOBmeOBi++8nzwvYj48YnI+PGZvbnQgY29sb3I9Im9yYW5nZSI+PGI+QTo8L2I+PC9mb250Puaxuua4iOOBjOeiuuiqjeOBp+OBjeOCjOOBsOOAgeOBlOazqOaWh+aXpeOBi+OCiTLllrbmpa3ml6Xku6XlhoXjgavntIQ5MCXjga7jgZTms6jmlofjga7llYblk4HjgpLnmbrpgIHjgafjgY3jgabjgYTjgb7jgZnjgII8YnI+5q6L44KK44Gu57SEOCXjga8xMOWWtualreaXpeS7peWGheOAgeasoOWTgeOBp+e0jeacn+OBruebruWHpuOBjOeri+OBn+OBmuOBq+OBiuWxiuOBkeOBp+OBjeOBquOBhOOCguOBruOBrzIl5byx44Go44Gq44Gj44Gm44GK44KK44G+44GZ44CCPGJyPjxicj48Yj5ROumAgeaWmeOBr+OBhOOBj+OCieOBp+OBmeOBi++8nzwvYj48YnI+PGZvbnQgY29sb3I9Im9yYW5nZSI+PGI+QTo8L2I+PC9mb250PuW/heimgeacrOaVsOOBq+W/nOOBmOOBn+aWmemHkeihqOOBjOOBlOOBluOBhOOBvuOBmeOBruOBp+OAgeOBneOBoeOCieOCkuOBlOeiuuiqjeS4i+OBleOBhOOAgjxicj48YnI+PGI+UTrnqI7ovrzjgb/jgafjgZnjgYvvvJ88L2I+PGJyPjxmb250IGNvbG9yPSJvcmFuZ2UiPjxiPkE6PC9iPjwvZm9udD7nqI7ovrzkvqHmoLzjgafooajnpLrjgZfjgabjgYrjgorjgb7jgZnjgII8YnI+5YaF56iO44Gn44GZ44Gu44Gn44CB5a6J5b+D44GX44Gm44GK6LK344GE5rGC44KB5LiL44GV44GE44CCPC9wPjxwPjxpbWcgc3JjPSJodHRwOi8vd3d3LnJha3V0ZW4ubmUuanAvZ29sZC9zdHlsZW1hcmtldC93cC1jb250ZW50L3RoZW1lcy9zdHlsZW1hcmtldC9pbWFnZXMvc2hvcC9kZXRhaWxfaWNvbl9wYWNrX29rLmdpZiIgYWx0PSLlkIzmorHlj68iPjxpbWcgc3JjPSJodHRwOi8vd3d3LnJha3V0ZW4ubmUuanAvZ29sZC9zdHlsZW1hcmtldC93cC1jb250ZW50L3RoZW1lcy9zdHlsZW1hcmtldC9pbWFnZXMvc2hvcC9kZXRhaWxfaWNvbl9naWZ0X25nLmdpZiIgYWx0PSLjg6njg4Pjg5Tjg7PjgrDkuI3lj68iPjxpbWcgc3JjPSJodHRwOi8vd3d3LnJha3V0ZW4ubmUuanAvZ29sZC9zdHlsZW1hcmtldC93cC1jb250ZW50L3RoZW1lcy9zdHlsZW1hcmtldC9pbWFnZXMvc2hvcC9kZXRhaWxfaWNvbl96YWlrb19vci5naWYiIGFsdD0i44Oh44O844Kr44O85Y+W5a+EIj48aW1nIHNyYz0iaHR0cDovL3d3dy5yYWt1dGVuLm5lLmpwL2dvbGQvc3R5bGVtYXJrZXQvd3AtY29udGVudC90aGVtZXMvc3R5bGVtYXJrZXQvaW1hZ2VzL3Nob3AvZGV0YWlsX2ljb25fc2l0ZWlfbmcuZ2lmIiBhbHQ9IuaXpeaZguaMh+WumuWkieWLleOBguOCiiI+PGltZyBzcmM9Imh0dHA6Ly93d3cucmFrdXRlbi5uZS5qcC9nb2xkL3N0eWxlbWFya2V0L3dwLWNvbnRlbnQvdGhlbWVzL3N0eWxlbWFya2V0L2ltYWdlcy9zaG9wL2RldGFpbF9pY29uX3BheW1lbnRfYmFuay5naWYiIGFsdD0i6YqA6KGM5oyv6L68Ij48aW1nIHNyYz0iaHR0cDovL3d3dy5yYWt1dGVuLm5lLmpwL2dvbGQvc3R5bGVtYXJrZXQvd3AtY29udGVudC90aGVtZXMvc3R5bGVtYXJrZXQvaW1hZ2VzL3Nob3AvZGV0YWlsX2ljb25fcGF5bWVudF9kYWliaWtpLmdpZiIgYWx0PSLku6Pph5HlvJXmj5siPjxpbWcgc3JjPSJodHRwOi8vd3d3LnJha3V0ZW4ubmUuanAvZ29sZC9zdHlsZW1hcmtldC93cC1jb250ZW50L3RoZW1lcy9zdHlsZW1hcmtldC9pbWFnZXMvc2hvcC9kZXRhaWxfaWNvbl9zb3VyeW91X3NwLmdpZiIgYWx0PSLnibnmrorpgIHmlpkiPjxicj48aW1nIHNyYz0iaHR0cDovL3d3dy5yYWt1dGVuLm5lLmpwL2dvbGQvc3R5bGVtYXJrZXQvd3AtY29udGVudC90aGVtZXMvc3R5bGVtYXJrZXQvaW1hZ2VzL3Nob3AvZGV0YWlsX2ljb25feWFqaXJ1c2kuZ2lmIj7jgqLjgqTjgrPjg7Pjga7oqqzmmI7jga/jgZPjgaHjgok8L3A+,44K544K/44OD44OJ44Os44K544K/44Kk44OkIOODluODquODguOCueODiOODsyBCTElaWkFLIFJFVk8yIDE0NS83MFIxMiA2OVHvvJrjgrnjgr/jgqTjg6vjg57jg7zjgrHjg4Pjg4jjgIDmpb3lpKnluILloLTlupc=,5r+A5a6J44K/44Kk44Ok5Lit5Y+k44Kr44O855So5ZOB44Kr44O844OR44O844OE44Kr44O844OK44OT44Ky44O844K344On44Oz5a6J44GEQ0FS44Kr44O844Kq44O844OH44Kj44Kq6LuK44Ki44Km44OI44Os44OD44OI44Ob44Kk44Or44K544OG44OD44OX44Ov44K044Oz44K344O844OI44Kr44OQ44O844K544K/44OD44OJ44Os44K544OY44Or44Oh44OD44OI6LKp5aOy44Oe44OV44Op44O844K144K544Oa44Oz44K344On44Oz44Kq44O844OI44Ko44Ki44Ot44OR44O844OE44K544K/44OD44OJ44Os44K544K/44Kk44OkIOODluODquODguOCueODiOODsyBCTElaWkFLIFJFVk8yIDE0NS83MFIxMiA2OVE=,44CQMTQ1LzcwUjEyIDY5UeOAkeOAguOCueOCv+ODg+ODieODrOOCueOCv+OCpOODpCDjg5bjg6rjg4Ljgrnjg4jjg7MgQkxJWlpBSyBSRVZPMiAxNDUvNzBSMTIgNjlR[rn]
34-95813,aHR0cDovL3RzaG9wLnIxMHMuanAvc3R5bGVtYXJrZXQvY2FiaW5ldC9tYW5hZ2VkL2ltZzEyLzEyNDczLmpwZz9maXRpbj03MDA6NzAw,NTIwMC4wMDAw,,6LuK55So5ZOB44O744OQ44Kk44Kv55So5ZOBID4g44Kr44O855So5ZOBID4g44K544K/44OD44OJ44Os44K544K/44Kk44Ok,44K544K/44OD44OJ44Os44K544K/44Kk44OkIOODluODquODguOCueODiOODsyBCTElaWkFLIFZSWCAxNDUvODBSMTIgNzRR,44CQMTQ1LzgwUjEyIDc0UeOAkQ==,PHA+PGltZyBzcmM9Imh0dHA6Ly93d3cucmFrdXRlbi5uZS5qcC9nb2xkL3N0eWxlbWFya2V0L3dwLWNvbnRlbnQvdGhlbWVzL3N0eWxlbWFya2V0L2ltYWdlcy9zaG9wL3Jha3V0ZW5fZGV0YWlsX3RpcmVjb3Vwb25fZGV0YWlsLmpwZyI+PC9wPjxwPjxpbWcgc3JjPSJodHRwOi8vaW1hZ2UucmFrdXRlbi5jby5qcC9zdHlsZW1hcmtldC9jYWJpbmV0L21hbmFnZWQvaW1nMTIvMTI0NzMuanBnIj48L3A+PHN0cm9uZyBjbGFzcz0iYmctb3JhbmdlbGluZSI+5ZWG5ZOB6Kqs5piOPC9zdHJvbmc+PHA+PGI+44OW44Oq44K244OD44Kv5Y+y5LiK5pyA6auY44Gu5oCn6IO944KS6KqH44KL5paw5qyh5YWD44K544K/44OD44OJ44Os44K544CB5paw55m75aC044CCPC9iPjxicj7jg7vjgqLjgq/jg4bjgqPjg5bnmbrnoLLjgrTjg6DjgafmraLjgb7jgovjgII8YnI+6ama44GN44Gu5Yq544GN44Gu56eY5a+G44Gv44CB5paw6ZaL55m644Ki44Kv44OG44Kj44OW55m656Cy44K044Og44CCPGJyPuODu+aWsOmdnuWvvuensOODkeOCv+ODs+OBp+atouOBvuOCi+OAgjxicj7lvq7lsI/jgarlh7nlh7jjgavjgZfjgaPjgYvjgormjqXlnLDjgIHjg4jjg6zjg4Pjg4njg5Hjgr/jg7PjgILotbDooYzmgKfog73jgpLpq5jjgoHjgovjgIEzROODm+ODvOODq+ODieOCueOCr+ODqeODoOOCteOCpOODl+OAgjxicj7jg7vmlrDpnZ7lr77np7DjgrXjgqTjg4nlvaLnirbjgaflronlv4PmhJ9VUOOAgjxicj7mp5jjgIXjgarpm6rpgZPjgaflronlhajjgavjgIHjgbXjgonjgaTjgY3ou73muJvmgKfog73jgILjgrnjgr/jg4Pjg4njg6zjgrnjga7mnqDjgpLotoXjgYjjgovjgIHlhKrjgozjgZ/nkrDlooPmgKfog73jgII8L3A+PHN0cm9uZyBjbGFzcz0iYmctb3JhbmdlbGluZSI+6KO95ZOB5LuV5qeYPC9zdHJvbmc+PHA+44Oh44O844Kr44O877yaQlJJREdFU1RPTkXvvIjjg5bjg6rjg4Ljgrnjg4jjg7PvvIk8YnI+44OR44K/44O844Oz77yaQkxJWlpBSyBWUljvvIjjg5bjg6rjgrbjg4Pjgq8g44OW44Kk44Ki44O844Or44Ko44OD44Kv44K577yJPGJyPuOCteOCpOOCuu+8mjE0NS84MFIxMiA3NFE8L3A+PHN0cm9uZyBjbGFzcz0iYmctb3JhbmdlbGluZSI+44K544K/44OD44OV44Kz44Oh44Oz44OIPC9zdHJvbmc+PHA+5paw5qyh5YWD44Gu5q2i44G+44KK5pa544G444CCPC9wPjxzdHJvbmcgY2xhc3M9ImJnLW9yYW5nZWxpbmUiPuOBneOBruS7ljwvc3Ryb25nPjxwPjxmb250IGNvbG9yPSJvcmFuZ2UiPjxiPuOBiuWuouanmOOCiOOCiuOBk+OCk+OBquOBiuWVj+OBhOWQiOOCj+OBm+OCkuOBhOOBn+OBoOOBjeOBvuOBl+OBnzwvYj48L2ZvbnQ+PGJyPjxicj48Yj5ROuijvemAoOW5tOOBr+aMh+WumuOBp+OBjeOBvuOBmeOBi++8nzwvYj48YnI+PGZvbnQgY29sb3I9Im9yYW5nZSI+PGI+QTo8L2I+PC9mb250PuOBiuWuouanmOOBuOOBruOCteODvOODk+OCueOBruS4gOeSsOOBqOOBl+OBpuOCr+ODvOODneODs+OCkuOBlOeUqOaEj+iHtOOBl+OBvuOBl+OBn+OAgjxicj7jgq/jg7zjg53jg7PjgajkuIDnt5Ljgavjgr/jgqTjg6TjgpLjgZTms6jmlofjgYTjgZ/jgaDjgY/jgZPjgajjgafjgIHlronlv4PjgZfjgabmlrDjgZfjgYTjgr/jgqTjg6Tjga7jgYrlsYrjgZHjgpLjgYrlvoXjgaHkuIvjgZXjgYTjgII8YnI+PGJyPjxiPlE6MeacrOOBruS+oeagvOOBp+OBmeOBi++8nzwvYj48YnI+PGZvbnQgY29sb3I9Im9yYW5nZSI+PGI+QTo8L2I+PC9mb250PuOBr+OBhOOAguOCv+OCpOODpDHmnKzjga7kvqHmoLzjgajjgarjgorjgb7jgZnjgII8YnI+NOacrOOBlOazqOaWh+OBruWgtOWQiOOBr+OAjuihqOekuuS+oeagvMOXNOOAj+OBq+OBquOCiuOBvuOBmeOAgjxicj48YnI+PGI+UTrjg5vjgqTjg7zjg6vjga/ku5jlsZ7jgZfjgb7jgZnjgYvvvJ88L2I+PGJyPjxmb250IGNvbG9yPSJvcmFuZ2UiPjxiPkE6PC9iPjwvZm9udD7ooajnpLrkvqHmoLzjga/mlrDlk4Hjgr/jgqTjg6Qx5pys44Gu5L6h5qC844Go44Gq44KK44CB44Ob44Kk44O844Or44Gv5LuY5bGe44GX44G+44Gb44KT44CCPGJyPuODm+OCpOODvOODq+OCkuOBlOW4jOacm+OBruOBiuWuouanmOOBq+OBr+WIpemAlOOBiuimi+epjeOCguOCiuOCkuOBhOOBn+OBl+OBvuOBmeOBruOBp+OAgei7iueoruOAgeW5tOW8j+OAgeWei+W8j+OAgeOCv+OCpOODpOOCteOCpOOCuuOCkuiomOi8ieOBruS4iuOAgeOBiuWVj+OBhOWQiOOCj+OBm+OBj+OBoOOBleOBhOOBvuOBm+OAgjxicj48YnI+PGI+UTrku4rpoLzjgpPjgaDjgonjgYTjgaTlsYrjgY3jgb7jgZnjgYvvvJ88L2I+PGJyPjxmb250IGNvbG9yPSJvcmFuZ2UiPjxiPkE6PC9iPjwvZm9udD7msbrmuIjjgYznorroqo3jgafjgY3jgozjgbDjgIHjgZTms6jmlofml6XjgYvjgoky5Za25qWt5pel5Lul5YaF44Gr57SEOTAl44Gu44GU5rOo5paH44Gu5ZWG5ZOB44KS55m66YCB44Gn44GN44Gm44GE44G+44GZ44CCPGJyPuaui+OCiuOBrue0hDgl44GvMTDllrbmpa3ml6Xku6XlhoXjgIHmrKDlk4HjgafntI3mnJ/jga7nm67lh6bjgYznq4vjgZ/jgZrjgavjgYrlsYrjgZHjgafjgY3jgarjgYTjgoLjga7jga8yJeW8seOBqOOBquOBo+OBpuOBiuOCiuOBvuOBmeOAgjxicj48YnI+PGI+UTrpgIHmlpnjga/jgYTjgY/jgonjgafjgZnjgYvvvJ88L2I+PGJyPjxmb250IGNvbG9yPSJvcmFuZ2UiPjxiPkE6PC9iPjwvZm9udD7lv4XopoHmnKzmlbDjgavlv5zjgZjjgZ/mlpnph5HooajjgYzjgZTjgZbjgYTjgb7jgZnjga7jgafjgIHjgZ3jgaHjgonjgpLjgZTnorroqo3kuIvjgZXjgYTjgII8YnI+PGJyPjxiPlE656iO6L6844G/44Gn44GZ44GL77yfPC9iPjxicj48Zm9udCBjb2xvcj0ib3JhbmdlIj48Yj5BOjwvYj48L2ZvbnQ+56iO6L685L6h5qC844Gn6KGo56S644GX44Gm44GK44KK44G+44GZ44CCPGJyPuWGheeojuOBp+OBmeOBruOBp+OAgeWuieW/g+OBl+OBpuOBiuiyt+OBhOaxguOCgeS4i+OBleOBhOOAgjwvcD48cD48Yj7igLvjgYrlsYrjgZHjgavplqLjgZfjgaY8L2I+PGJyPuOBlOazqOaWh+OCkumgguOBj+W6puOBq+ODoeODvOOCq+ODvOOCiOOCiuWPluOCiuWvhOOBm+OCkuOBl+OBvuOBmeOAgjxicj7jgZ3jga7ngrrjgZTms6jmlofjgYvjgoky772eM+aXpeOBu+OBqeOBp+WHuuiNt+WPr+iDveOBp+OBmeOAgjxicj7jgb7jgZ/jgIHjg6Hjg7zjgqvjg7zjgavjgYrjgYTjgablnKjluqvliIfjgozjga7loLTlkIjjga/nmbrpgIHjgb7jgafjgasy772eM+aXpeS7peS4iuOBruOBiuaZgumWk+mgguOBj+WgtOWQiOOBjOOBlOOBluOBhOOBvuOBmeOAgjxicj7oqqDjgavmgZDjgozlhaXjgorjgb7jgZnjgYzjgIHjgYrmgKXjgY7jga7loLTlkIjjga/jgZTms6jmlofliY3jga7lnKjluqvnorroqo3jgpLjgYrpoZjjgYTnlLPjgZfkuIrjgZLjgb7jgZnjgII8L3A+PHA+PGltZyBzcmM9Imh0dHA6Ly93d3cucmFrdXRlbi5uZS5qcC9nb2xkL3N0eWxlbWFya2V0L3dwLWNvbnRlbnQvdGhlbWVzL3N0eWxlbWFya2V0L2ltYWdlcy9zaG9wL2RldGFpbF9pY29uX3BhY2tfb2suZ2lmIiBhbHQ9IuWQjOaiseWPryI+PGltZyBzcmM9Imh0dHA6Ly93d3cucmFrdXRlbi5uZS5qcC9nb2xkL3N0eWxlbWFya2V0L3dwLWNvbnRlbnQvdGhlbWVzL3N0eWxlbWFya2V0L2ltYWdlcy9zaG9wL2RldGFpbF9pY29uX2dpZnRfbmcuZ2lmIiBhbHQ9IuODqeODg+ODlOODs+OCsOS4jeWPryI+PGltZyBzcmM9Imh0dHA6Ly93d3cucmFrdXRlbi5uZS5qcC9nb2xkL3N0eWxlbWFya2V0L3dwLWNvbnRlbnQvdGhlbWVzL3N0eWxlbWFya2V0L2ltYWdlcy9zaG9wL2RldGFpbF9pY29uX3phaWtvX29yLmdpZiIgYWx0PSLjg6Hjg7zjgqvjg7zlj5blr4QiPjxpbWcgc3JjPSJodHRwOi8vd3d3LnJha3V0ZW4ubmUuanAvZ29sZC9zdHlsZW1hcmtldC93cC1jb250ZW50L3RoZW1lcy9zdHlsZW1hcmtldC9pbWFnZXMvc2hvcC9kZXRhaWxfaWNvbl9zaXRlaV9uZy5naWYiIGFsdD0i5pel5pmC5oyH5a6a5aSJ5YuV44GC44KKIj48aW1nIHNyYz0iaHR0cDovL3d3dy5yYWt1dGVuLm5lLmpwL2dvbGQvc3R5bGVtYXJrZXQvd3AtY29udGVudC90aGVtZXMvc3R5bGVtYXJrZXQvaW1hZ2VzL3Nob3AvZGV0YWlsX2ljb25fcGF5bWVudF9iYW5rLmdpZiIgYWx0PSLpioDooYzmjK/ovrwiPjxpbWcgc3JjPSJodHRwOi8vd3d3LnJha3V0ZW4ubmUuanAvZ29sZC9zdHlsZW1hcmtldC93cC1jb250ZW50L3RoZW1lcy9zdHlsZW1hcmtldC9pbWFnZXMvc2hvcC9kZXRhaWxfaWNvbl9wYXltZW50X2RhaWJpa2kuZ2lmIiBhbHQ9IuS7o+mHkeW8leaPmyI+PGltZyBzcmM9Imh0dHA6Ly93d3cucmFrdXRlbi5uZS5qcC9nb2xkL3N0eWxlbWFya2V0L3dwLWNvbnRlbnQvdGhlbWVzL3N0eWxlbWFya2V0L2ltYWdlcy9zaG9wL2RldGFpbF9pY29uX3NvdXJ5b3Vfc3AuZ2lmIiBhbHQ9IueJueauiumAgeaWmSI+PGJyPjxpbWcgc3JjPSJodHRwOi8vd3d3LnJha3V0ZW4ubmUuanAvZ29sZC9zdHlsZW1hcmtldC93cC1jb250ZW50L3RoZW1lcy9zdHlsZW1hcmtldC9pbWFnZXMvc2hvcC9kZXRhaWxfaWNvbl95YWppcnVzaS5naWYiPuOCouOCpOOCs+ODs+OBruiqrOaYjuOBr+OBk+OBoeOCiTwvcD4=,44K544K/44OD44OJ44Os44K544K/44Kk44OkIOODluODquODguOCueODiOODsyBCTElaWkFLIFZSWCAxNDUvODBSMTIgNzRR77ya44K544K/44Kk44Or44Oe44O844Kx44OD44OI44CA5qW95aSp5biC5aC05bqX,5r+A5a6J44K/44Kk44Ok5Lit5Y+k44Kr44O855So5ZOB44Kr44O844OR44O844OE44Kr44O844OK44OT44Ky44O844K344On44Oz5a6J44GEQ0FS44Kr44O844Kq44O844OH44Kj44Kq6LuK44Ki44Km44OI44Os44OD44OI44Ob44Kk44Or44K544OG44OD44OX44Ov44K044Oz44K344O844OI44Kr44OQ44O844K544K/44OD44OJ44Os44K544OY44Or44Oh44OD44OI6LKp5aOy44Oe44OV44Op44O844K144K544Oa44Oz44K344On44Oz44Kq44O844OI44Ko44Ki44Ot44OR44O844OE44K544K/44OD44OJ44Os44K544K/44Kk44OkIOODluODquODguOCueODiOODsyBCTElaWkFLIFZSWCAxNDUvODBSMTIgNzRR,44CQMTQ1LzgwUjEyIDc0UeOAkeOAguOCueOCv+ODg+ODieODrOOCueOCv+OCpOODpCDjg5bjg6rjg4Ljgrnjg4jjg7MgQkxJWlpBSyBWUlggMTQ1LzgwUjEyIDc0UQ==[rn]
34-95814,aHR0cDovL3RzaG9wLnIxMHMuanAvc3R5bGVtYXJrZXQvY2FiaW5ldC9tYW5hZ2VkL2ltZzEyLzEyNDcyLmpwZz9maXRpbj03MDA6NzAw,NzI4MC4wMDAw,,6LuK55So5ZOB44O744OQ44Kk44Kv55So5ZOBID4g44Kr44O855So5ZOBID4g44K544K/44OD44OJ44Os44K544K/44Kk44Ok,44K544K/44OD44OJ44Os44K544K/44Kk44OkIOODluODquODguOCueODiOODsyBCTElaWkFLIFZMMSAxNTVSMTIgNlBS,44CQMTU1UjEyIDZQUuOAkQ==,PHA+PGltZyBzcmM9Imh0dHA6Ly93d3cucmFrdXRlbi5uZS5qcC9nb2xkL3N0eWxlbWFya2V0L3dwLWNvbnRlbnQvdGhlbWVzL3N0eWxlbWFya2V0L2ltYWdlcy9zaG9wL3Jha3V0ZW5fZGV0YWlsX3RpcmVjb3Vwb25fZGV0YWlsLmpwZyI+PC9wPjxwPjxpbWcgc3JjPSJodHRwOi8vaW1hZ2UucmFrdXRlbi5jby5qcC9zdHlsZW1hcmtldC9jYWJpbmV0L21hbmFnZWQvaW1nMTIvMTI0NzIuanBnIj48L3A+PHN0cm9uZyBjbGFzcz0iYmctb3JhbmdlbGluZSI+5ZWG5ZOB6Kqs5piOPC9zdHJvbmc+PHA+PGI+44Ot44Oz44Kw44Op44Kk44OV44Gu6L+95rGC44Go44CB5aSJ44KP44KJ44Gq44GE44CM5Yq544GN44CN44CCPC9iPjxicj7jg7vpq5jjgYTotbDooYzmgKfog73jgajno6jogJfjg6njgqTjg5XjgpLkuKHnq4vjgIFMVOWwgueUqOODoeOCrOeZuuegsuOCtOODoElJPGJyPuODu+WkieOCj+OCieOBquOBhOOAjOWKueOBjeOAjeOCkueZuuaPruOAgTNE44Kz44Oz44OT44ON44O844K344On44Oz44K144Kk44OX44CCPC9wPjxzdHJvbmcgY2xhc3M9ImJnLW9yYW5nZWxpbmUiPuijveWTgeS7leanmDwvc3Ryb25nPjxwPuODoeODvOOCq+ODvO+8mkJSSURHRVNUT05F77yI44OW44Oq44OC44K544OI44Oz77yJPGJyPuODkeOCv+ODvOODs++8mkJMSVpaQUsgVkwx77yI44OW44Oq44K244OD44KvIOODluOCpOOCqOODq+ODr+ODs++8iTxicj7jgrXjgqTjgrrvvJoxNTVSMTIgNlBS77yI44OB44Ol44O844OW44Os44K544K/44Kk44OX77yJPC9wPjxzdHJvbmcgY2xhc3M9ImJnLW9yYW5nZWxpbmUiPuOCueOCv+ODg+ODleOCs+ODoeODs+ODiDwvc3Ryb25nPjxwPuODluODquOCtuODg+OCr+OBrueSsOWig+WvvuW/nOWVhuWTgeOAgueHg+iyu+WQkeS4iuOBq+OCguiyoueMruOBmeOCi+OCueOCv+ODg+ODieODrOOCueOCv+OCpOODpOOAgjwvcD48c3Ryb25nIGNsYXNzPSJiZy1vcmFuZ2VsaW5lIj7jgZ3jga7ku5Y8L3N0cm9uZz48cD48Zm9udCBjb2xvcj0ib3JhbmdlIj48Yj7jgYrlrqLmp5jjgojjgorjgZPjgpPjgarjgYrllY/jgYTlkIjjgo/jgZvjgpLjgYTjgZ/jgaDjgY3jgb7jgZfjgZ88L2I+PC9mb250Pjxicj48YnI+PGI+UTroo73pgKDlubTjga/mjIflrprjgafjgY3jgb7jgZnjgYvvvJ88L2I+PGJyPjxmb250IGNvbG9yPSJvcmFuZ2UiPjxiPkE6PC9iPjwvZm9udD7jgYrlrqLmp5jjgbjjga7jgrXjg7zjg5Pjgrnjga7kuIDnkrDjgajjgZfjgabjgq/jg7zjg53jg7PjgpLjgZTnlKjmhI/oh7TjgZfjgb7jgZfjgZ/jgII8YnI+44Kv44O844Od44Oz44Go5LiA57eS44Gr44K/44Kk44Ok44KS44GU5rOo5paH44GE44Gf44Gg44GP44GT44Go44Gn44CB5a6J5b+D44GX44Gm5paw44GX44GE44K/44Kk44Ok44Gu44GK5bGK44GR44KS44GK5b6F44Gh5LiL44GV44GE44CCPGJyPjxicj48Yj5ROjHmnKzjga7kvqHmoLzjgafjgZnjgYvvvJ88L2I+PGJyPjxmb250IGNvbG9yPSJvcmFuZ2UiPjxiPkE6PC9iPjwvZm9udD7jga/jgYTjgILjgr/jgqTjg6Qx5pys44Gu5L6h5qC844Go44Gq44KK44G+44GZ44CCPGJyPjTmnKzjgZTms6jmlofjga7loLTlkIjjga/jgI7ooajnpLrkvqHmoLzDlzTjgI/jgavjgarjgorjgb7jgZnjgII8YnI+PGJyPjxiPlE644Ob44Kk44O844Or44Gv5LuY5bGe44GX44G+44GZ44GL77yfPC9iPjxicj48Zm9udCBjb2xvcj0ib3JhbmdlIj48Yj5BOjwvYj48L2ZvbnQ+6KGo56S65L6h5qC844Gv5paw5ZOB44K/44Kk44OkMeacrOOBruS+oeagvOOBqOOBquOCiuOAgeODm+OCpOODvOODq+OBr+S7mOWxnuOBl+OBvuOBm+OCk+OAgjxicj7jg5vjgqTjg7zjg6vjgpLjgZTluIzmnJvjga7jgYrlrqLmp5jjgavjga/liKXpgJTjgYropovnqY3jgoLjgorjgpLjgYTjgZ/jgZfjgb7jgZnjga7jgafjgIHou4rnqK7jgIHlubTlvI/jgIHlnovlvI/jgIHjgr/jgqTjg6TjgrXjgqTjgrrjgpLoqJjovInjga7kuIrjgIHjgYrllY/jgYTlkIjjgo/jgZvjgY/jgaDjgZXjgYTjgb7jgZvjgII8YnI+PGJyPjxiPlE65LuK6aC844KT44Gg44KJ44GE44Gk5bGK44GN44G+44GZ44GL77yfPC9iPjxicj48Zm9udCBjb2xvcj0ib3JhbmdlIj48Yj5BOjwvYj48L2ZvbnQ+5rG65riI44GM56K66KqN44Gn44GN44KM44Gw44CB44GU5rOo5paH5pel44GL44KJMuWWtualreaXpeS7peWGheOBq+e0hDkwJeOBruOBlOazqOaWh+OBruWVhuWTgeOCkueZuumAgeOBp+OBjeOBpuOBhOOBvuOBmeOAgjxicj7mrovjgorjga7ntIQ4JeOBrzEw5Za25qWt5pel5Lul5YaF44CB5qyg5ZOB44Gn57SN5pyf44Gu55uu5Yem44GM56uL44Gf44Ga44Gr44GK5bGK44GR44Gn44GN44Gq44GE44KC44Gu44GvMiXlvLHjgajjgarjgaPjgabjgYrjgorjgb7jgZnjgII8YnI+PGJyPjxiPlE66YCB5paZ44Gv44GE44GP44KJ44Gn44GZ44GL77yfPC9iPjxicj48Zm9udCBjb2xvcj0ib3JhbmdlIj48Yj5BOjwvYj48L2ZvbnQ+5b+F6KaB5pys5pWw44Gr5b+c44GY44Gf5paZ6YeR6KGo44GM44GU44GW44GE44G+44GZ44Gu44Gn44CB44Gd44Gh44KJ44KS44GU56K66KqN5LiL44GV44GE44CCPGJyPjxicj48Yj5ROueojui+vOOBv+OBp+OBmeOBi++8nzwvYj48YnI+PGZvbnQgY29sb3I9Im9yYW5nZSI+PGI+QTo8L2I+PC9mb250Pueojui+vOS+oeagvOOBp+ihqOekuuOBl+OBpuOBiuOCiuOBvuOBmeOAgjxicj7lhoXnqI7jgafjgZnjga7jgafjgIHlronlv4PjgZfjgabjgYrosrfjgYTmsYLjgoHkuIvjgZXjgYTjgII8L3A+PHA+PGI+4oC744GK5bGK44GR44Gr6Zai44GX44GmPC9iPjxicj7jgZTms6jmlofjgpLpoILjgY/luqbjgavjg6Hjg7zjgqvjg7zjgojjgorlj5bjgorlr4TjgZvjgpLjgZfjgb7jgZnjgII8YnI+44Gd44Gu54K644GU5rOo5paH44GL44KJMu+9njPml6Xjgbvjganjgaflh7rojbflj6/og73jgafjgZnjgII8YnI+44G+44Gf44CB44Oh44O844Kr44O844Gr44GK44GE44Gm5Zyo5bqr5YiH44KM44Gu5aC05ZCI44Gv55m66YCB44G+44Gn44GrMu+9njPml6Xku6XkuIrjga7jgYrmmYLplpPpoILjgY/loLTlkIjjgYzjgZTjgZbjgYTjgb7jgZnjgII8YnI+6Kqg44Gr5oGQ44KM5YWl44KK44G+44GZ44GM44CB44GK5oCl44GO44Gu5aC05ZCI44Gv44GU5rOo5paH5YmN44Gu5Zyo5bqr56K66KqN44KS44GK6aGY44GE55Sz44GX5LiK44GS44G+44GZ44CCPC9wPjxwPjxpbWcgc3JjPSJodHRwOi8vd3d3LnJha3V0ZW4ubmUuanAvZ29sZC9zdHlsZW1hcmtldC93cC1jb250ZW50L3RoZW1lcy9zdHlsZW1hcmtldC9pbWFnZXMvc2hvcC9kZXRhaWxfaWNvbl9wYWNrX29rLmdpZiIgYWx0PSLlkIzmorHlj68iPjxpbWcgc3JjPSJodHRwOi8vd3d3LnJha3V0ZW4ubmUuanAvZ29sZC9zdHlsZW1hcmtldC93cC1jb250ZW50L3RoZW1lcy9zdHlsZW1hcmtldC9pbWFnZXMvc2hvcC9kZXRhaWxfaWNvbl9naWZ0X25nLmdpZiIgYWx0PSLjg6njg4Pjg5Tjg7PjgrDkuI3lj68iPjxpbWcgc3JjPSJodHRwOi8vd3d3LnJha3V0ZW4ubmUuanAvZ29sZC9zdHlsZW1hcmtldC93cC1jb250ZW50L3RoZW1lcy9zdHlsZW1hcmtldC9pbWFnZXMvc2hvcC9kZXRhaWxfaWNvbl96YWlrb19vci5naWYiIGFsdD0i44Oh44O844Kr44O85Y+W5a+EIj48aW1nIHNyYz0iaHR0cDovL3d3dy5yYWt1dGVuLm5lLmpwL2dvbGQvc3R5bGVtYXJrZXQvd3AtY29udGVudC90aGVtZXMvc3R5bGVtYXJrZXQvaW1hZ2VzL3Nob3AvZGV0YWlsX2ljb25fc2l0ZWlfbmcuZ2lmIiBhbHQ9IuaXpeaZguaMh+WumuWkieWLleOBguOCiiI+PGltZyBzcmM9Imh0dHA6Ly93d3cucmFrdXRlbi5uZS5qcC9nb2xkL3N0eWxlbWFya2V0L3dwLWNvbnRlbnQvdGhlbWVzL3N0eWxlbWFya2V0L2ltYWdlcy9zaG9wL2RldGFpbF9pY29uX3BheW1lbnRfYmFuay5naWYiIGFsdD0i6YqA6KGM5oyv6L68Ij48aW1nIHNyYz0iaHR0cDovL3d3dy5yYWt1dGVuLm5lLmpwL2dvbGQvc3R5bGVtYXJrZXQvd3AtY29udGVudC90aGVtZXMvc3R5bGVtYXJrZXQvaW1hZ2VzL3Nob3AvZGV0YWlsX2ljb25fcGF5bWVudF9kYWliaWtpLmdpZiIgYWx0PSLku6Pph5HlvJXmj5siPjxpbWcgc3JjPSJodHRwOi8vd3d3LnJha3V0ZW4ubmUuanAvZ29sZC9zdHlsZW1hcmtldC93cC1jb250ZW50L3RoZW1lcy9zdHlsZW1hcmtldC9pbWFnZXMvc2hvcC9kZXRhaWxfaWNvbl9zb3VyeW91X3NwLmdpZiIgYWx0PSLnibnmrorpgIHmlpkiPjxicj48aW1nIHNyYz0iaHR0cDovL3d3dy5yYWt1dGVuLm5lLmpwL2dvbGQvc3R5bGVtYXJrZXQvd3AtY29udGVudC90aGVtZXMvc3R5bGVtYXJrZXQvaW1hZ2VzL3Nob3AvZGV0YWlsX2ljb25feWFqaXJ1c2kuZ2lmIj7jgqLjgqTjgrPjg7Pjga7oqqzmmI7jga/jgZPjgaHjgok8L3A+,44K544K/44OD44OJ44Os44K544K/44Kk44OkIOODluODquODguOCueODiOODsyBCTElaWkFLIFZMMSAxNTVSMTIgNlBS77ya44K544K/44Kk44Or44Oe44O844Kx44OD44OI44CA5qW95aSp5biC5aC05bqX,5r+A5a6J44K/44Kk44Ok5Lit5Y+k44Kr44O855So5ZOB44Kr44O844OR44O844OE44Kr44O844OK44OT44Ky44O844K344On44Oz5a6J44GEQ0FS44Kr44O844Kq44O844OH44Kj44Kq6LuK44Ki44Km44OI44Os44OD44OI44Ob44Kk44Or44K544OG44OD44OX44Ov44K044Oz44K344O844OI44Kr44OQ44O844K544K/44OD44OJ44Os44K544OY44Or44Oh44OD44OI6LKp5aOy44Oe44OV44Op44O844K144K544Oa44Oz44K344On44Oz44Kq44O844OI44Ko44Ki44Ot44OR44O844OE44K544K/44OD44OJ44Os44K544K/44Kk44OkIOODluODquODguOCueODiOODsyBCTElaWkFLIFZMMSAxNTVSMTIgNlBS,44CQMTU1UjEyIDZQUuOAkeOAguOCueOCv+ODg+ODieODrOOCueOCv+OCpOODpCDjg5bjg6rjg4Ljgrnjg4jjg7MgQkxJWlpBSyBWTDEgMTU1UjEyIDZQUg==[rn]
34-95815,aHR0cDovL3RzaG9wLnIxMHMuanAvc3R5bGVtYXJrZXQvY2FiaW5ldC9tYW5hZ2VkL2ltZzEyLzEyNDc2LmpwZz9maXRpbj03MDA6NzAw,NTA4MC4wMDAw,,6LuK55So5ZOB44O744OQ44Kk44Kv55So5ZOBID4g44Kr44O855So5ZOBID4g44K544K/44OD44OJ44Os44K544K/44Kk44Ok,44K544K/44OD44OJ44Os44K544K/44Kk44OkIOODgOODs+ODreODg+ODlyBXSU5URVIgTUFYWCBTVjAxIDE0NS84MFIxMiA4Ni84NE4=,44CQMTQ1LzgwUjEyIDg2Lzg0TuOAkQ==,PHA+PGltZyBzcmM9Imh0dHA6Ly93d3cucmFrdXRlbi5uZS5qcC9nb2xkL3N0eWxlbWFya2V0L3dwLWNvbnRlbnQvdGhlbWVzL3N0eWxlbWFya2V0L2ltYWdlcy9zaG9wL3Jha3V0ZW5fZGV0YWlsX3RpcmVjb3Vwb25fZGV0YWlsLmpwZyI+PC9wPjxwPjxpbWcgc3JjPSJodHRwOi8vaW1hZ2UucmFrdXRlbi5jby5qcC9zdHlsZW1hcmtldC9jYWJpbmV0L21hbmFnZWQvaW1nMTIvMTI0NzYuanBnIj48L3A+PHN0cm9uZyBjbGFzcz0iYmctb3JhbmdlbGluZSI+5ZWG5ZOB6Kqs5piOPC9zdHJvbmc+PHA+5rC35LiK5oCn6IO944Gu6auY44GV44GM5aSn5aW96KmV44GuV0lOVEVSIE1BWFjjga7jgrPjgqLjg4bjgq/jg47jg63jgrjjg7zjgIxNQVhY44K344Oj44O844OX44Ko44OD44K444CN44Go44CM44OK44OO44OV44Kj44OD44OI44K044Og44CN44KS5o6h55So44CCPGJyPuawt+S4iuaAp+iDveOBrumrmOOBleOCkuW+ueW6lei/veaxguOBmeOCi+OBqOOBqOOCguOBq+ODqeOCpOODleaAp+iDveOCguWQjOaZguOBq+S4oeeri+OAgjxicj7jgb7jgZ/jgIHmjqXlnLDpnaLnqY3jga7mi6HlpKfjgafllYbnlKjou4rjgavmsYLjgoHjgonjgozjgovmk43nuKblronlrprmgKfog73jgpLlkJHkuIrjgZXjgZvjgZ/llYbnlKjou4rnlKjjgrnjgr/jg4Pjg4njg6zjgrnjgr/jgqTjg6TjgII8L3A+PHN0cm9uZyBjbGFzcz0iYmctb3JhbmdlbGluZSI+6KO95ZOB5LuV5qeYPC9zdHJvbmc+PHA+44Oh44O844Kr44O877yaRFVOTE9Q77yI44OA44Oz44Ot44OD44OX77yJPGJyPuODkeOCv+ODvOODs++8mldJTlRFUiBNQVhYIFNWMDHvvIjjgqbjgqTjg7Pjgr/jg7zjg57jg4Pjgq/jgrkg44Ko44K544OW44Kk44K844Ot44Ov44Oz77yJPGJyPuOCteOCpOOCuu+8mjE0NS84MFIxMiA4Ni84NE48L3A+PHN0cm9uZyBjbGFzcz0iYmctb3JhbmdlbGluZSI+44K544K/44OD44OV44Kz44Oh44Oz44OIPC9zdHJvbmc+PHA+44GT44KM44GM44CM5a+G552A44CN44Gu5aiB5Yqb77yBPC9wPjxzdHJvbmcgY2xhc3M9ImJnLW9yYW5nZWxpbmUiPuOBneOBruS7ljwvc3Ryb25nPjxwPjxmb250IGNvbG9yPSJvcmFuZ2UiPjxiPuOBiuWuouanmOOCiOOCiuOBk+OCk+OBquOBiuWVj+OBhOWQiOOCj+OBm+OCkuOBhOOBn+OBoOOBjeOBvuOBl+OBnzwvYj48L2ZvbnQ+PGJyPjxicj48Yj5ROuijvemAoOW5tOOBr+aMh+WumuOBp+OBjeOBvuOBmeOBi++8nzwvYj48YnI+PGZvbnQgY29sb3I9Im9yYW5nZSI+PGI+QTo8L2I+PC9mb250PuOBiuWuouanmOOBuOOBruOCteODvOODk+OCueOBruS4gOeSsOOBqOOBl+OBpuOCr+ODvOODneODs+OCkuOBlOeUqOaEj+iHtOOBl+OBvuOBl+OBn+OAgjxicj7jgq/jg7zjg53jg7PjgajkuIDnt5Ljgavjgr/jgqTjg6TjgpLjgZTms6jmlofjgYTjgZ/jgaDjgY/jgZPjgajjgafjgIHlronlv4PjgZfjgabmlrDjgZfjgYTjgr/jgqTjg6Tjga7jgYrlsYrjgZHjgpLjgYrlvoXjgaHkuIvjgZXjgYTjgII8YnI+PGJyPjxiPlE6MeacrOOBruS+oeagvOOBp+OBmeOBi++8nzwvYj48YnI+PGZvbnQgY29sb3I9Im9yYW5nZSI+PGI+QTo8L2I+PC9mb250PuOBr+OBhOOAguOCv+OCpOODpDHmnKzjga7kvqHmoLzjgajjgarjgorjgb7jgZnjgII8YnI+NOacrOOBlOazqOaWh+OBruWgtOWQiOOBr+OAjuihqOekuuS+oeagvMOXNOOAj+OBq+OBquOCiuOBvuOBmeOAgjxicj48YnI+PGI+UTrjg5vjgqTjg7zjg6vjga/ku5jlsZ7jgZfjgb7jgZnjgYvvvJ88L2I+PGJyPjxmb250IGNvbG9yPSJvcmFuZ2UiPjxiPkE6PC9iPjwvZm9udD7ooajnpLrkvqHmoLzjga/mlrDlk4Hjgr/jgqTjg6Qx5pys44Gu5L6h5qC844Go44Gq44KK44CB44Ob44Kk44O844Or44Gv5LuY5bGe44GX44G+44Gb44KT44CCPGJyPuODm+OCpOODvOODq+OCkuOBlOW4jOacm+OBruOBiuWuouanmOOBq+OBr+WIpemAlOOBiuimi+epjeOCguOCiuOCkuOBhOOBn+OBl+OBvuOBmeOBruOBp+OAgei7iueoruOAgeW5tOW8j+OAgeWei+W8j+OAgeOCv+OCpOODpOOCteOCpOOCuuOCkuiomOi8ieOBruS4iuOAgeOBiuWVj+OBhOWQiOOCj+OBm+OBj+OBoOOBleOBhOOBvuOBm+OAgjxicj48YnI+PGI+UTrku4rpoLzjgpPjgaDjgonjgYTjgaTlsYrjgY3jgb7jgZnjgYvvvJ88L2I+PGJyPjxmb250IGNvbG9yPSJvcmFuZ2UiPjxiPkE6PC9iPjwvZm9udD7msbrmuIjjgYznorroqo3jgafjgY3jgozjgbDjgIHjgZTms6jmlofml6XjgYvjgoky5Za25qWt5pel5Lul5YaF44Gr57SEOTAl44Gu44GU5rOo5paH44Gu5ZWG5ZOB44KS55m66YCB44Gn44GN44Gm44GE44G+44GZ44CCPGJyPuaui+OCiuOBrue0hDgl44GvMTDllrbmpa3ml6Xku6XlhoXjgIHmrKDlk4HjgafntI3mnJ/jga7nm67lh6bjgYznq4vjgZ/jgZrjgavjgYrlsYrjgZHjgafjgY3jgarjgYTjgoLjga7jga8yJeW8seOBqOOBquOBo+OBpuOBiuOCiuOBvuOBmeOAgjxicj48YnI+PGI+UTrpgIHmlpnjga/jgYTjgY/jgonjgafjgZnjgYvvvJ88L2I+PGJyPjxmb250IGNvbG9yPSJvcmFuZ2UiPjxiPkE6PC9iPjwvZm9udD7lv4XopoHmnKzmlbDjgavlv5zjgZjjgZ/mlpnph5HooajjgYzjgZTjgZbjgYTjgb7jgZnjga7jgafjgIHjgZ3jgaHjgonjgpLjgZTnorroqo3kuIvjgZXjgYTjgII8YnI+PGJyPjxiPlE656iO6L6844G/44Gn44GZ44GL77yfPC9iPjxicj48Zm9udCBjb2xvcj0ib3JhbmdlIj48Yj5BOjwvYj48L2ZvbnQ+56iO6L685L6h5qC844Gn6KGo56S644GX44Gm44GK44KK44G+44GZ44CCPGJyPuWGheeojuOBp+OBmeOBruOBp+OAgeWuieW/g+OBl+OBpuOBiuiyt+OBhOaxguOCgeS4i+OBleOBhOOAgjwvcD48cD48Yj7igLvjgYrlsYrjgZHjgavplqLjgZfjgaY8L2I+PGJyPuOBlOazqOaWh+OCkumgguOBj+W6puOBq+ODoeODvOOCq+ODvOOCiOOCiuWPluOCiuWvhOOBm+OCkuOBl+OBvuOBmeOAgjxicj7jgZ3jga7ngrrjgZTms6jmlofjgYvjgoky772eM+aXpeOBu+OBqeOBp+WHuuiNt+WPr+iDveOBp+OBmeOAgjxicj7jgb7jgZ/jgIHjg6Hjg7zjgqvjg7zjgavjgYrjgYTjgablnKjluqvliIfjgozjga7loLTlkIjjga/nmbrpgIHjgb7jgafjgasy772eM+aXpeS7peS4iuOBruOBiuaZgumWk+mgguOBj+WgtOWQiOOBjOOBlOOBluOBhOOBvuOBmeOAgjxicj7oqqDjgavmgZDjgozlhaXjgorjgb7jgZnjgYzjgIHjgYrmgKXjgY7jga7loLTlkIjjga/jgZTms6jmlofliY3jga7lnKjluqvnorroqo3jgpLjgYrpoZjjgYTnlLPjgZfkuIrjgZLjgb7jgZnjgII8L3A+PHA+PGltZyBzcmM9Imh0dHA6Ly93d3cucmFrdXRlbi5uZS5qcC9nb2xkL3N0eWxlbWFya2V0L3dwLWNvbnRlbnQvdGhlbWVzL3N0eWxlbWFya2V0L2ltYWdlcy9zaG9wL2RldGFpbF9pY29uX3BhY2tfb2suZ2lmIiBhbHQ9IuWQjOaiseWPryI+PGltZyBzcmM9Imh0dHA6Ly93d3cucmFrdXRlbi5uZS5qcC9nb2xkL3N0eWxlbWFya2V0L3dwLWNvbnRlbnQvdGhlbWVzL3N0eWxlbWFya2V0L2ltYWdlcy9zaG9wL2RldGFpbF9pY29uX2dpZnRfbmcuZ2lmIiBhbHQ9IuODqeODg+ODlOODs+OCsOS4jeWPryI+PGltZyBzcmM9Imh0dHA6Ly93d3cucmFrdXRlbi5uZS5qcC9nb2xkL3N0eWxlbWFya2V0L3dwLWNvbnRlbnQvdGhlbWVzL3N0eWxlbWFya2V0L2ltYWdlcy9zaG9wL2RldGFpbF9pY29uX3phaWtvX29yLmdpZiIgYWx0PSLjg6Hjg7zjgqvjg7zlj5blr4QiPjxpbWcgc3JjPSJodHRwOi8vd3d3LnJha3V0ZW4ubmUuanAvZ29sZC9zdHlsZW1hcmtldC93cC1jb250ZW50L3RoZW1lcy9zdHlsZW1hcmtldC9pbWFnZXMvc2hvcC9kZXRhaWxfaWNvbl9zaXRlaV9uZy5naWYiIGFsdD0i5pel5pmC5oyH5a6a5aSJ5YuV44GC44KKIj48aW1nIHNyYz0iaHR0cDovL3d3dy5yYWt1dGVuLm5lLmpwL2dvbGQvc3R5bGVtYXJrZXQvd3AtY29udGVudC90aGVtZXMvc3R5bGVtYXJrZXQvaW1hZ2VzL3Nob3AvZGV0YWlsX2ljb25fcGF5bWVudF9iYW5rLmdpZiIgYWx0PSLpioDooYzmjK/ovrwiPjxpbWcgc3JjPSJodHRwOi8vd3d3LnJha3V0ZW4ubmUuanAvZ29sZC9zdHlsZW1hcmtldC93cC1jb250ZW50L3RoZW1lcy9zdHlsZW1hcmtldC9pbWFnZXMvc2hvcC9kZXRhaWxfaWNvbl9wYXltZW50X2RhaWJpa2kuZ2lmIiBhbHQ9IuS7o+mHkeW8leaPmyI+PGltZyBzcmM9Imh0dHA6Ly93d3cucmFrdXRlbi5uZS5qcC9nb2xkL3N0eWxlbWFya2V0L3dwLWNvbnRlbnQvdGhlbWVzL3N0eWxlbWFya2V0L2ltYWdlcy9zaG9wL2RldGFpbF9pY29uX3NvdXJ5b3Vfc3AuZ2lmIiBhbHQ9IueJueauiumAgeaWmSI+PGJyPjxpbWcgc3JjPSJodHRwOi8vd3d3LnJha3V0ZW4ubmUuanAvZ29sZC9zdHlsZW1hcmtldC93cC1jb250ZW50L3RoZW1lcy9zdHlsZW1hcmtldC9pbWFnZXMvc2hvcC9kZXRhaWxfaWNvbl95YWppcnVzaS5naWYiPuOCouOCpOOCs+ODs+OBruiqrOaYjuOBr+OBk+OBoeOCiTwvcD4=,44K544K/44OD44OJ44Os44K544K/44Kk44OkIOODgOODs+ODreODg+ODlyBXSU5URVIgTUFYWCBTVjAxIDE0NS84MFIxMiA4Ni84NE7vvJrjgrnjgr/jgqTjg6vjg57jg7zjgrHjg4Pjg4jjgIDmpb3lpKnluILloLTlupc=,5r+A5a6J44K/44Kk44Ok5Lit5Y+k44Kr44O855So5ZOB44Kr44O844OR44O844OE44Kr44O844OK44OT44Ky44O844K344On44Oz5a6J44GEQ0FS44Kr44O844Kq44O844OH44Kj44Kq6LuK44Ki44Km44OI44Os44OD44OI44Ob44Kk44Or44K544OG44OD44OX44Ov44K044Oz44K344O844OI44Kr44OQ44O844K544K/44OD44OJ44Os44K544OY44Or44Oh44OD44OI6LKp5aOy44Oe44OV44Op44O844K144K544Oa44Oz44K344On44Oz44Kq44O844OI44Ko44Ki44Ot44OR44O844OE44K544K/44OD44OJ44Os44K544K/44Kk44OkIOODgOODs+ODreODg+ODlyBXSU5URVIgTUFYWCBTVjAxIDE0NS84MFIxMiA4Ni84NE4=,44CQMTQ1LzgwUjEyIDg2Lzg0TuOAkeOAguOCueOCv+ODg+ODieODrOOCueOCv+OCpOODpCDjg4Djg7Pjg63jg4Pjg5cgV0lOVEVSIE1BWFggU1YwMSAxNDUvODBSMTIgODYvODRO[rn]
34-95816,aHR0cDovL3RzaG9wLnIxMHMuanAvc3R5bGVtYXJrZXQvY2FiaW5ldC9tYW5hZ2VkL2ltZzEyLzEyNDc2LmpwZz9maXRpbj03MDA6NzAw,MjMwNC4wMDAw,,6LuK55So5ZOB44O744OQ44Kk44Kv55So5ZOBID4g44Kr44O855So5ZOBID4g44K544K/44OD44OJ44Os44K544K/44Kk44Ok,44K544K/44OD44OJ44Os44K544K/44Kk44OkIOODgOODs+ODreODg+ODlyBXSU5URVIgTUFYWCBTVjAxIDE0NVIxMiA2UFI=,44CQMTQ1UjEyIDZQUuOAkQ==,PHA+PGltZyBzcmM9Imh0dHA6Ly93d3cucmFrdXRlbi5uZS5qcC9nb2xkL3N0eWxlbWFya2V0L3dwLWNvbnRlbnQvdGhlbWVzL3N0eWxlbWFya2V0L2ltYWdlcy9zaG9wL3Jha3V0ZW5fZGV0YWlsX3RpcmVjb3Vwb25fZGV0YWlsLmpwZyI+PC9wPjxwPjxpbWcgc3JjPSJodHRwOi8vaW1hZ2UucmFrdXRlbi5jby5qcC9zdHlsZW1hcmtldC9jYWJpbmV0L21hbmFnZWQvaW1nMTIvMTI0NzYuanBnIj48L3A+PHN0cm9uZyBjbGFzcz0iYmctb3JhbmdlbGluZSI+5ZWG5ZOB6Kqs5piOPC9zdHJvbmc+PHA+5rC35LiK5oCn6IO944Gu6auY44GV44GM5aSn5aW96KmV44GuV0lOVEVSIE1BWFjjga7jgrPjgqLjg4bjgq/jg47jg63jgrjjg7zjgIxNQVhY44K344Oj44O844OX44Ko44OD44K444CN44Go44CM44OK44OO44OV44Kj44OD44OI44K044Og44CN44KS5o6h55So44CCPGJyPuawt+S4iuaAp+iDveOBrumrmOOBleOCkuW+ueW6lei/veaxguOBmeOCi+OBqOOBqOOCguOBq+ODqeOCpOODleaAp+iDveOCguWQjOaZguOBq+S4oeeri+OAgjxicj7jgb7jgZ/jgIHmjqXlnLDpnaLnqY3jga7mi6HlpKfjgafllYbnlKjou4rjgavmsYLjgoHjgonjgozjgovmk43nuKblronlrprmgKfog73jgpLlkJHkuIrjgZXjgZvjgZ/llYbnlKjou4rnlKjjgrnjgr/jg4Pjg4njg6zjgrnjgr/jgqTjg6TjgII8L3A+PHN0cm9uZyBjbGFzcz0iYmctb3JhbmdlbGluZSI+6KO95ZOB5LuV5qeYPC9zdHJvbmc+PHA+44Oh44O844Kr44O877yaRFVOTE9Q77yI44OA44Oz44Ot44OD44OX77yJPGJyPuODkeOCv+ODvOODs++8mldJTlRFUiBNQVhYIFNWMDHvvIjjgqbjgqTjg7Pjgr/jg7zjg57jg4Pjgq/jgrkg44Ko44K544OW44Kk44K844Ot44Ov44Oz77yJPGJyPuOCteOCpOOCuu+8mjE0NVIxMiA2UFI8L3A+PHN0cm9uZyBjbGFzcz0iYmctb3JhbmdlbGluZSI+44K544K/44OD44OV44Kz44Oh44Oz44OIPC9zdHJvbmc+PHA+44GT44KM44GM44CM5a+G552A44CN44Gu5aiB5Yqb77yBPC9wPjxzdHJvbmcgY2xhc3M9ImJnLW9yYW5nZWxpbmUiPuOBneOBruS7ljwvc3Ryb25nPjxwPjxmb250IGNvbG9yPSJvcmFuZ2UiPjxiPuOBiuWuouanmOOCiOOCiuOBk+OCk+OBquOBiuWVj+OBhOWQiOOCj+OBm+OCkuOBhOOBn+OBoOOBjeOBvuOBl+OBnzwvYj48L2ZvbnQ+PGJyPjxicj48Yj5ROuijvemAoOW5tOOBr+aMh+WumuOBp+OBjeOBvuOBmeOBi++8nzwvYj48YnI+PGZvbnQgY29sb3I9Im9yYW5nZSI+PGI+QTo8L2I+PC9mb250PuOBiuWuouanmOOBuOOBruOCteODvOODk+OCueOBruS4gOeSsOOBqOOBl+OBpuOCr+ODvOODneODs+OCkuOBlOeUqOaEj+iHtOOBl+OBvuOBl+OBn+OAgjxicj7jgq/jg7zjg53jg7PjgajkuIDnt5Ljgavjgr/jgqTjg6TjgpLjgZTms6jmlofjgYTjgZ/jgaDjgY/jgZPjgajjgafjgIHlronlv4PjgZfjgabmlrDjgZfjgYTjgr/jgqTjg6Tjga7jgYrlsYrjgZHjgpLjgYrlvoXjgaHkuIvjgZXjgYTjgII8YnI+PGJyPjxiPlE6MeacrOOBruS+oeagvOOBp+OBmeOBi++8nzwvYj48YnI+PGZvbnQgY29sb3I9Im9yYW5nZSI+PGI+QTo8L2I+PC9mb250PuOBr+OBhOOAguOCv+OCpOODpDHmnKzjga7kvqHmoLzjgajjgarjgorjgb7jgZnjgII8YnI+NOacrOOBlOazqOaWh+OBruWgtOWQiOOBr+OAjuihqOekuuS+oeagvMOXNOOAj+OBq+OBquOCiuOBvuOBmeOAgjxicj48YnI+PGI+UTrjg5vjgqTjg7zjg6vjga/ku5jlsZ7jgZfjgb7jgZnjgYvvvJ88L2I+PGJyPjxmb250IGNvbG9yPSJvcmFuZ2UiPjxiPkE6PC9iPjwvZm9udD7ooajnpLrkvqHmoLzjga/mlrDlk4Hjgr/jgqTjg6Qx5pys44Gu5L6h5qC844Go44Gq44KK44CB44Ob44Kk44O844Or44Gv5LuY5bGe44GX44G+44Gb44KT44CCPGJyPuODm+OCpOODvOODq+OCkuOBlOW4jOacm+OBruOBiuWuouanmOOBq+OBr+WIpemAlOOBiuimi+epjeOCguOCiuOCkuOBhOOBn+OBl+OBvuOBmeOBruOBp+OAgei7iueoruOAgeW5tOW8j+OAgeWei+W8j+OAgeOCv+OCpOODpOOCteOCpOOCuuOCkuiomOi8ieOBruS4iuOAgeOBiuWVj+OBhOWQiOOCj+OBm+OBj+OBoOOBleOBhOOBvuOBm+OAgjxicj48YnI+PGI+UTrku4rpoLzjgpPjgaDjgonjgYTjgaTlsYrjgY3jgb7jgZnjgYvvvJ88L2I+PGJyPjxmb250IGNvbG9yPSJvcmFuZ2UiPjxiPkE6PC9iPjwvZm9udD7msbrmuIjjgYznorroqo3jgafjgY3jgozjgbDjgIHjgZTms6jmlofml6XjgYvjgoky5Za25qWt5pel5Lul5YaF44Gr57SEOTAl44Gu44GU5rOo5paH44Gu5ZWG5ZOB44KS55m66YCB44Gn44GN44Gm44GE44G+44GZ44CCPGJyPuaui+OCiuOBrue0hDgl44GvMTDllrbmpa3ml6Xku6XlhoXjgIHmrKDlk4HjgafntI3mnJ/jga7nm67lh6bjgYznq4vjgZ/jgZrjgavjgYrlsYrjgZHjgafjgY3jgarjgYTjgoLjga7jga8yJeW8seOBqOOBquOBo+OBpuOBiuOCiuOBvuOBmeOAgjxicj48YnI+PGI+UTrpgIHmlpnjga/jgYTjgY/jgonjgafjgZnjgYvvvJ88L2I+PGJyPjxmb250IGNvbG9yPSJvcmFuZ2UiPjxiPkE6PC9iPjwvZm9udD7lv4XopoHmnKzmlbDjgavlv5zjgZjjgZ/mlpnph5HooajjgYzjgZTjgZbjgYTjgb7jgZnjga7jgafjgIHjgZ3jgaHjgonjgpLjgZTnorroqo3kuIvjgZXjgYTjgII8YnI+PGJyPjxiPlE656iO6L6844G/44Gn44GZ44GL77yfPC9iPjxicj48Zm9udCBjb2xvcj0ib3JhbmdlIj48Yj5BOjwvYj48L2ZvbnQ+56iO6L685L6h5qC844Gn6KGo56S644GX44Gm44GK44KK44G+44GZ44CCPGJyPuWGheeojuOBp+OBmeOBruOBp+OAgeWuieW/g+OBl+OBpuOBiuiyt+OBhOaxguOCgeS4i+OBleOBhOOAgjwvcD48cD48Yj7igLvjgYrlsYrjgZHjgavplqLjgZfjgaY8L2I+PGJyPuOBlOazqOaWh+OCkumgguOBj+W6puOBq+ODoeODvOOCq+ODvOOCiOOCiuWPluOCiuWvhOOBm+OCkuOBl+OBvuOBmeOAgjxicj7jgZ3jga7ngrrjgZTms6jmlofjgYvjgoky772eM+aXpeOBu+OBqeOBp+WHuuiNt+WPr+iDveOBp+OBmeOAgjxicj7jgb7jgZ/jgIHjg6Hjg7zjgqvjg7zjgavjgYrjgYTjgablnKjluqvliIfjgozjga7loLTlkIjjga/nmbrpgIHjgb7jgafjgasy772eM+aXpeS7peS4iuOBruOBiuaZgumWk+mgguOBj+WgtOWQiOOBjOOBlOOBluOBhOOBvuOBmeOAgjxicj7oqqDjgavmgZDjgozlhaXjgorjgb7jgZnjgYzjgIHjgYrmgKXjgY7jga7loLTlkIjjga/jgZTms6jmlofliY3jga7lnKjluqvnorroqo3jgpLjgYrpoZjjgYTnlLPjgZfkuIrjgZLjgb7jgZnjgII8L3A+PHA+PGltZyBzcmM9Imh0dHA6Ly93d3cucmFrdXRlbi5uZS5qcC9nb2xkL3N0eWxlbWFya2V0L3dwLWNvbnRlbnQvdGhlbWVzL3N0eWxlbWFya2V0L2ltYWdlcy9zaG9wL2RldGFpbF9pY29uX3BhY2tfb2suZ2lmIiBhbHQ9IuWQjOaiseWPryI+PGltZyBzcmM9Imh0dHA6Ly93d3cucmFrdXRlbi5uZS5qcC9nb2xkL3N0eWxlbWFya2V0L3dwLWNvbnRlbnQvdGhlbWVzL3N0eWxlbWFya2V0L2ltYWdlcy9zaG9wL2RldGFpbF9pY29uX2dpZnRfbmcuZ2lmIiBhbHQ9IuODqeODg+ODlOODs+OCsOS4jeWPryI+PGltZyBzcmM9Imh0dHA6Ly93d3cucmFrdXRlbi5uZS5qcC9nb2xkL3N0eWxlbWFya2V0L3dwLWNvbnRlbnQvdGhlbWVzL3N0eWxlbWFya2V0L2ltYWdlcy9zaG9wL2RldGFpbF9pY29uX3phaWtvX29yLmdpZiIgYWx0PSLjg6Hjg7zjgqvjg7zlj5blr4QiPjxpbWcgc3JjPSJodHRwOi8vd3d3LnJha3V0ZW4ubmUuanAvZ29sZC9zdHlsZW1hcmtldC93cC1jb250ZW50L3RoZW1lcy9zdHlsZW1hcmtldC9pbWFnZXMvc2hvcC9kZXRhaWxfaWNvbl9zaXRlaV9uZy5naWYiIGFsdD0i5pel5pmC5oyH5a6a5aSJ5YuV44GC44KKIj48aW1nIHNyYz0iaHR0cDovL3d3dy5yYWt1dGVuLm5lLmpwL2dvbGQvc3R5bGVtYXJrZXQvd3AtY29udGVudC90aGVtZXMvc3R5bGVtYXJrZXQvaW1hZ2VzL3Nob3AvZGV0YWlsX2ljb25fcGF5bWVudF9iYW5rLmdpZiIgYWx0PSLpioDooYzmjK/ovrwiPjxpbWcgc3JjPSJodHRwOi8vd3d3LnJha3V0ZW4ubmUuanAvZ29sZC9zdHlsZW1hcmtldC93cC1jb250ZW50L3RoZW1lcy9zdHlsZW1hcmtldC9pbWFnZXMvc2hvcC9kZXRhaWxfaWNvbl9wYXltZW50X2RhaWJpa2kuZ2lmIiBhbHQ9IuS7o+mHkeW8leaPmyI+PGltZyBzcmM9Imh0dHA6Ly93d3cucmFrdXRlbi5uZS5qcC9nb2xkL3N0eWxlbWFya2V0L3dwLWNvbnRlbnQvdGhlbWVzL3N0eWxlbWFya2V0L2ltYWdlcy9zaG9wL2RldGFpbF9pY29uX3NvdXJ5b3Vfc3AuZ2lmIiBhbHQ9IueJueauiumAgeaWmSI+PGJyPjxpbWcgc3JjPSJodHRwOi8vd3d3LnJha3V0ZW4ubmUuanAvZ29sZC9zdHlsZW1hcmtldC93cC1jb250ZW50L3RoZW1lcy9zdHlsZW1hcmtldC9pbWFnZXMvc2hvcC9kZXRhaWxfaWNvbl95YWppcnVzaS5naWYiPuOCouOCpOOCs+ODs+OBruiqrOaYjuOBr+OBk+OBoeOCiTwvcD4=,44K544K/44OD44OJ44Os44K544K/44Kk44OkIOODgOODs+ODreODg+ODlyBXSU5URVIgTUFYWCBTVjAxIDE0NVIxMiA2UFLvvJrjgrnjgr/jgqTjg6vjg57jg7zjgrHjg4Pjg4jjgIDmpb3lpKnluILloLTlupc=,5r+A5a6J44K/44Kk44Ok5Lit5Y+k44Kr44O855So5ZOB44Kr44O844OR44O844OE44Kr44O844OK44OT44Ky44O844K344On44Oz5a6J44GEQ0FS44Kr44O844Kq44O844OH44Kj44Kq6LuK44Ki44Km44OI44Os44OD44OI44Ob44Kk44Or44K544OG44OD44OX44Ov44K044Oz44K344O844OI44Kr44OQ44O844K544K/44OD44OJ44Os44K544OY44Or44Oh44OD44OI6LKp5aOy44Oe44OV44Op44O844K144K544Oa44Oz44K344On44Oz44Kq44O844OI44Ko44Ki44Ot44OR44O844OE44K544K/44OD44OJ44Os44K544K/44Kk44OkIOODgOODs+ODreODg+ODlyBXSU5URVIgTUFYWCBTVjAxIDE0NVIxMiA2UFI=,44CQMTQ1UjEyIDZQUuOAkeOAguOCueOCv+ODg+ODieODrOOCueOCv+OCpOODpCDjg4Djg7Pjg63jg4Pjg5cgV0lOVEVSIE1BWFggU1YwMSAxNDVSMTIgNlBS[rn]
34-95817,aHR0cDovL3RzaG9wLnIxMHMuanAvc3R5bGVtYXJrZXQvY2FiaW5ldC9tYW5hZ2VkL2ltZzEyLzEyNDc2LmpwZz9maXRpbj03MDA6NzAw,NTA4MC4wMDAw,,6LuK55So5ZOB44O744OQ44Kk44Kv55So5ZOBID4g44Kr44O855So5ZOBID4g44K544K/44OD44OJ44Os44K544K/44Kk44Ok,44K544K/44OD44OJ44Os44K544K/44Kk44OkIOODgOODs+ODreODg+ODlyBXSU5URVIgTUFYWCBTVjAxIDE0NVIxMiA4UFI=,44CQMTQ1UjEyIDhQUuOAkQ==,PHA+PGltZyBzcmM9Imh0dHA6Ly93d3cucmFrdXRlbi5uZS5qcC9nb2xkL3N0eWxlbWFya2V0L3dwLWNvbnRlbnQvdGhlbWVzL3N0eWxlbWFya2V0L2ltYWdlcy9zaG9wL3Jha3V0ZW5fZGV0YWlsX3RpcmVjb3Vwb25fZGV0YWlsLmpwZyI+PC9wPjxwPjxpbWcgc3JjPSJodHRwOi8vaW1hZ2UucmFrdXRlbi5jby5qcC9zdHlsZW1hcmtldC9jYWJpbmV0L21hbmFnZWQvaW1nMTIvMTI0NzYuanBnIj48L3A+PHN0cm9uZyBjbGFzcz0iYmctb3JhbmdlbGluZSI+5ZWG5ZOB6Kqs5piOPC9zdHJvbmc+PHA+5rC35LiK5oCn6IO944Gu6auY44GV44GM5aSn5aW96KmV44GuV0lOVEVSIE1BWFjjga7jgrPjgqLjg4bjgq/jg47jg63jgrjjg7zjgIxNQVhY44K344Oj44O844OX44Ko44OD44K444CN44Go44CM44OK44OO44OV44Kj44OD44OI44K044Og44CN44KS5o6h55So44CCPGJyPuawt+S4iuaAp+iDveOBrumrmOOBleOCkuW+ueW6lei/veaxguOBmeOCi+OBqOOBqOOCguOBq+ODqeOCpOODleaAp+iDveOCguWQjOaZguOBq+S4oeeri+OAgjxicj7jgb7jgZ/jgIHmjqXlnLDpnaLnqY3jga7mi6HlpKfjgafllYbnlKjou4rjgavmsYLjgoHjgonjgozjgovmk43nuKblronlrprmgKfog73jgpLlkJHkuIrjgZXjgZvjgZ/llYbnlKjou4rnlKjjgrnjgr/jg4Pjg4njg6zjgrnjgr/jgqTjg6TjgII8L3A+PHN0cm9uZyBjbGFzcz0iYmctb3JhbmdlbGluZSI+6KO95ZOB5LuV5qeYPC9zdHJvbmc+PHA+44Oh44O844Kr44O877yaRFVOTE9Q77yI44OA44Oz44Ot44OD44OX77yJPGJyPuODkeOCv+ODvOODs++8mldJTlRFUiBNQVhYIFNWMDHvvIjjgqbjgqTjg7Pjgr/jg7zjg57jg4Pjgq/jgrkg44Ko44K544OW44Kk44K844Ot44Ov44Oz77yJPGJyPuOCteOCpOOCuu+8mjE0NVIxMiA4UFI8L3A+PHN0cm9uZyBjbGFzcz0iYmctb3JhbmdlbGluZSI+44K544K/44OD44OV44Kz44Oh44Oz44OIPC9zdHJvbmc+PHA+44GT44KM44GM44CM5a+G552A44CN44Gu5aiB5Yqb77yBPC9wPjxzdHJvbmcgY2xhc3M9ImJnLW9yYW5nZWxpbmUiPuOBneOBruS7ljwvc3Ryb25nPjxwPjxmb250IGNvbG9yPSJvcmFuZ2UiPjxiPuOBiuWuouanmOOCiOOCiuOBk+OCk+OBquOBiuWVj+OBhOWQiOOCj+OBm+OCkuOBhOOBn+OBoOOBjeOBvuOBl+OBnzwvYj48L2ZvbnQ+PGJyPjxicj48Yj5ROuijvemAoOW5tOOBr+aMh+WumuOBp+OBjeOBvuOBmeOBi++8nzwvYj48YnI+PGZvbnQgY29sb3I9Im9yYW5nZSI+PGI+QTo8L2I+PC9mb250PuOBiuWuouanmOOBuOOBruOCteODvOODk+OCueOBruS4gOeSsOOBqOOBl+OBpuOCr+ODvOODneODs+OCkuOBlOeUqOaEj+iHtOOBl+OBvuOBl+OBn+OAgjxicj7jgq/jg7zjg53jg7PjgajkuIDnt5Ljgavjgr/jgqTjg6TjgpLjgZTms6jmlofjgYTjgZ/jgaDjgY/jgZPjgajjgafjgIHlronlv4PjgZfjgabmlrDjgZfjgYTjgr/jgqTjg6Tjga7jgYrlsYrjgZHjgpLjgYrlvoXjgaHkuIvjgZXjgYTjgII8YnI+PGJyPjxiPlE6MeacrOOBruS+oeagvOOBp+OBmeOBi++8nzwvYj48YnI+PGZvbnQgY29sb3I9Im9yYW5nZSI+PGI+QTo8L2I+PC9mb250PuOBr+OBhOOAguOCv+OCpOODpDHmnKzjga7kvqHmoLzjgajjgarjgorjgb7jgZnjgII8YnI+NOacrOOBlOazqOaWh+OBruWgtOWQiOOBr+OAjuihqOekuuS+oeagvMOXNOOAj+OBq+OBquOCiuOBvuOBmeOAgjxicj48YnI+PGI+UTrjg5vjgqTjg7zjg6vjga/ku5jlsZ7jgZfjgb7jgZnjgYvvvJ88L2I+PGJyPjxmb250IGNvbG9yPSJvcmFuZ2UiPjxiPkE6PC9iPjwvZm9udD7ooajnpLrkvqHmoLzjga/mlrDlk4Hjgr/jgqTjg6Qx5pys44Gu5L6h5qC844Go44Gq44KK44CB44Ob44Kk44O844Or44Gv5LuY5bGe44GX44G+44Gb44KT44CCPGJyPuODm+OCpOODvOODq+OCkuOBlOW4jOacm+OBruOBiuWuouanmOOBq+OBr+WIpemAlOOBiuimi+epjeOCguOCiuOCkuOBhOOBn+OBl+OBvuOBmeOBruOBp+OAgei7iueoruOAgeW5tOW8j+OAgeWei+W8j+OAgeOCv+OCpOODpOOCteOCpOOCuuOCkuiomOi8ieOBruS4iuOAgeOBiuWVj+OBhOWQiOOCj+OBm+OBj+OBoOOBleOBhOOBvuOBm+OAgjxicj48YnI+PGI+UTrku4rpoLzjgpPjgaDjgonjgYTjgaTlsYrjgY3jgb7jgZnjgYvvvJ88L2I+PGJyPjxmb250IGNvbG9yPSJvcmFuZ2UiPjxiPkE6PC9iPjwvZm9udD7msbrmuIjjgYznorroqo3jgafjgY3jgozjgbDjgIHjgZTms6jmlofml6XjgYvjgoky5Za25qWt5pel5Lul5YaF44Gr57SEOTAl44Gu44GU5rOo5paH44Gu5ZWG5ZOB44KS55m66YCB44Gn44GN44Gm44GE44G+44GZ44CCPGJyPuaui+OCiuOBrue0hDgl44GvMTDllrbmpa3ml6Xku6XlhoXjgIHmrKDlk4HjgafntI3mnJ/jga7nm67lh6bjgYznq4vjgZ/jgZrjgavjgYrlsYrjgZHjgafjgY3jgarjgYTjgoLjga7jga8yJeW8seOBqOOBquOBo+OBpuOBiuOCiuOBvuOBmeOAgjxicj48YnI+PGI+UTrpgIHmlpnjga/jgYTjgY/jgonjgafjgZnjgYvvvJ88L2I+PGJyPjxmb250IGNvbG9yPSJvcmFuZ2UiPjxiPkE6PC9iPjwvZm9udD7lv4XopoHmnKzmlbDjgavlv5zjgZjjgZ/mlpnph5HooajjgYzjgZTjgZbjgYTjgb7jgZnjga7jgafjgIHjgZ3jgaHjgonjgpLjgZTnorroqo3kuIvjgZXjgYTjgII8YnI+PGJyPjxiPlE656iO6L6844G/44Gn44GZ44GL77yfPC9iPjxicj48Zm9udCBjb2xvcj0ib3JhbmdlIj48Yj5BOjwvYj48L2ZvbnQ+56iO6L685L6h5qC844Gn6KGo56S644GX44Gm44GK44KK44G+44GZ44CCPGJyPuWGheeojuOBp+OBmeOBruOBp+OAgeWuieW/g+OBl+OBpuOBiuiyt+OBhOaxguOCgeS4i+OBleOBhOOAgjwvcD48cD48Yj7igLvjgYrlsYrjgZHjgavplqLjgZfjgaY8L2I+PGJyPuOBlOazqOaWh+OCkumgguOBj+W6puOBq+ODoeODvOOCq+ODvOOCiOOCiuWPluOCiuWvhOOBm+OCkuOBl+OBvuOBmeOAgjxicj7jgZ3jga7ngrrjgZTms6jmlofjgYvjgoky772eM+aXpeOBu+OBqeOBp+WHuuiNt+WPr+iDveOBp+OBmeOAgjxicj7jgb7jgZ/jgIHjg6Hjg7zjgqvjg7zjgavjgYrjgYTjgablnKjluqvliIfjgozjga7loLTlkIjjga/nmbrpgIHjgb7jgafjgasy772eM+aXpeS7peS4iuOBruOBiuaZgumWk+mgguOBj+WgtOWQiOOBjOOBlOOBluOBhOOBvuOBmeOAgjxicj7oqqDjgavmgZDjgozlhaXjgorjgb7jgZnjgYzjgIHjgYrmgKXjgY7jga7loLTlkIjjga/jgZTms6jmlofliY3jga7lnKjluqvnorroqo3jgpLjgYrpoZjjgYTnlLPjgZfkuIrjgZLjgb7jgZnjgII8L3A+PHA+PGltZyBzcmM9Imh0dHA6Ly93d3cucmFrdXRlbi5uZS5qcC9nb2xkL3N0eWxlbWFya2V0L3dwLWNvbnRlbnQvdGhlbWVzL3N0eWxlbWFya2V0L2ltYWdlcy9zaG9wL2RldGFpbF9pY29uX3BhY2tfb2suZ2lmIiBhbHQ9IuWQjOaiseWPryI+PGltZyBzcmM9Imh0dHA6Ly93d3cucmFrdXRlbi5uZS5qcC9nb2xkL3N0eWxlbWFya2V0L3dwLWNvbnRlbnQvdGhlbWVzL3N0eWxlbWFya2V0L2ltYWdlcy9zaG9wL2RldGFpbF9pY29uX2dpZnRfbmcuZ2lmIiBhbHQ9IuODqeODg+ODlOODs+OCsOS4jeWPryI+PGltZyBzcmM9Imh0dHA6Ly93d3cucmFrdXRlbi5uZS5qcC9nb2xkL3N0eWxlbWFya2V0L3dwLWNvbnRlbnQvdGhlbWVzL3N0eWxlbWFya2V0L2ltYWdlcy9zaG9wL2RldGFpbF9pY29uX3phaWtvX29yLmdpZiIgYWx0PSLjg6Hjg7zjgqvjg7zlj5blr4QiPjxpbWcgc3JjPSJodHRwOi8vd3d3LnJha3V0ZW4ubmUuanAvZ29sZC9zdHlsZW1hcmtldC93cC1jb250ZW50L3RoZW1lcy9zdHlsZW1hcmtldC9pbWFnZXMvc2hvcC9kZXRhaWxfaWNvbl9zaXRlaV9uZy5naWYiIGFsdD0i5pel5pmC5oyH5a6a5aSJ5YuV44GC44KKIj48aW1nIHNyYz0iaHR0cDovL3d3dy5yYWt1dGVuLm5lLmpwL2dvbGQvc3R5bGVtYXJrZXQvd3AtY29udGVudC90aGVtZXMvc3R5bGVtYXJrZXQvaW1hZ2VzL3Nob3AvZGV0YWlsX2ljb25fcGF5bWVudF9iYW5rLmdpZiIgYWx0PSLpioDooYzmjK/ovrwiPjxpbWcgc3JjPSJodHRwOi8vd3d3LnJha3V0ZW4ubmUuanAvZ29sZC9zdHlsZW1hcmtldC93cC1jb250ZW50L3RoZW1lcy9zdHlsZW1hcmtldC9pbWFnZXMvc2hvcC9kZXRhaWxfaWNvbl9wYXltZW50X2RhaWJpa2kuZ2lmIiBhbHQ9IuS7o+mHkeW8leaPmyI+PGltZyBzcmM9Imh0dHA6Ly93d3cucmFrdXRlbi5uZS5qcC9nb2xkL3N0eWxlbWFya2V0L3dwLWNvbnRlbnQvdGhlbWVzL3N0eWxlbWFya2V0L2ltYWdlcy9zaG9wL2RldGFpbF9pY29uX3NvdXJ5b3Vfc3AuZ2lmIiBhbHQ9IueJueauiumAgeaWmSI+PGJyPjxpbWcgc3JjPSJodHRwOi8vd3d3LnJha3V0ZW4ubmUuanAvZ29sZC9zdHlsZW1hcmtldC93cC1jb250ZW50L3RoZW1lcy9zdHlsZW1hcmtldC9pbWFnZXMvc2hvcC9kZXRhaWxfaWNvbl95YWppcnVzaS5naWYiPuOCouOCpOOCs+ODs+OBruiqrOaYjuOBr+OBk+OBoeOCiTwvcD4=,44K544K/44OD44OJ44Os44K544K/44Kk44OkIOODgOODs+ODreODg+ODlyBXSU5URVIgTUFYWCBTVjAxIDE0NVIxMiA4UFLvvJrjgrnjgr/jgqTjg6vjg57jg7zjgrHjg4Pjg4jjgIDmpb3lpKnluILloLTlupc=,5r+A5a6J44K/44Kk44Ok5Lit5Y+k44Kr44O855So5ZOB44Kr44O844OR44O844OE44Kr44O844OK44OT44Ky44O844K344On44Oz5a6J44GEQ0FS44Kr44O844Kq44O844OH44Kj44Kq6LuK44Ki44Km44OI44Os44OD44OI44Ob44Kk44Or44K544OG44OD44OX44Ov44K044Oz44K344O844OI44Kr44OQ44O844K544K/44OD44OJ44Os44K544OY44Or44Oh44OD44OI6LKp5aOy44Oe44OV44Op44O844K144K544Oa44Oz44K344On44Oz44Kq44O844OI44Ko44Ki44Ot44OR44O844OE44K544K/44OD44OJ44Os44K544K/44Kk44OkIOODgOODs+ODreODg+ODlyBXSU5URVIgTUFYWCBTVjAxIDE0NVIxMiA4UFI=,44CQMTQ1UjEyIDhQUuOAkeOAguOCueOCv+ODg+ODieODrOOCueOCv+OCpOODpCDjg4Djg7Pjg63jg4Pjg5cgV0lOVEVSIE1BWFggU1YwMSAxNDVSMTIgOFBS[rn]
34-95818,aHR0cDovL3RzaG9wLnIxMHMuanAvc3R5bGVtYXJrZXQvY2FiaW5ldC9tYW5hZ2VkL2ltZzEzLzEzOTg5LmpwZz9maXRpbj03MDA6NzAw,MzI1Ni4wMDAw,,6LuK55So5ZOB44O744OQ44Kk44Kv55So5ZOBID4g44Kr44O855So5ZOBID4g44K544K/44OD44OJ44Os44K544K/44Kk44Ok,44K544K/44OD44OJ44Os44K544K/44Kk44OkIOODqOOCs+ODj+ODniBpY2UgR1VBUkQgVFJJUExFIFBMVVMgaUczMCAxNDUvNzBSMTIgNjlR,44CQMTQ1LzcwUjEyIDY5UeOAkQ==,PHA+PGltZyBzcmM9Imh0dHA6Ly93d3cucmFrdXRlbi5uZS5qcC9nb2xkL3N0eWxlbWFya2V0L3dwLWNvbnRlbnQvdGhlbWVzL3N0eWxlbWFya2V0L2ltYWdlcy9zaG9wL3Jha3V0ZW5fZGV0YWlsX3RpcmVjb3Vwb25fZGV0YWlsLmpwZyI+PC9wPjxwPjxpbWcgc3JjPSJodHRwOi8vaW1hZ2UucmFrdXRlbi5jby5qcC9zdHlsZW1hcmtldC9jYWJpbmV0L21hbmFnZWQvaW1nMTMvMTM5ODkuanBnIj48YnI+PGltZyBzcmM9Imh0dHA6Ly9pbWFnZS5yYWt1dGVuLmNvLmpwL3N0eWxlbWFya2V0L2NhYmluZXQvbWFuYWdlZC9pbWcxMy8xMzk5MC5qcGciPjxicj48aW1nIHNyYz0iaHR0cDovL2ltYWdlLnJha3V0ZW4uY28uanAvc3R5bGVtYXJrZXQvY2FiaW5ldC9tYW5hZ2VkL2ltZzEzLzEzOTkxLmpwZyI+PC9wPjxzdHJvbmcgY2xhc3M9ImJnLW9yYW5nZWxpbmUiPuWVhuWTgeiqrOaYjjwvc3Ryb25nPjxwPjxiPllPS09IQU1B44K544K/44OD44OJ44Os44K544K/44Kk44Ok5Y+y5LiK5pyA6auY44Gu5rC35LiK5oCn6IO944Gr55yB54eD6LK75oCn6IO944KS44OX44Op44K5PC9iPjxicj7jg7tZT0tPSEFNQeOCueOCv+ODg+ODieODrOOCueOCv+OCpOODpOWPsuS4iuacgOmrmOOBruawt+S4iuaAp+iDvTxicj5pY2UgR1VBUkQgQkxBQ0sgaUcyMOOBq+avlOOBueOBpuWEquOCjOOBn+awt+S4iuWItuWLleaAp+iDveOCkueZuuaPruOBl+OBn2ljZSBHVUFSRCBUUklQTEUgaUczMOOAgjxicj5pY2UgR1VBUkQgVFJJUExFIFBMVVMgaUczMOOCgllPS09IQU1B44K544K/44OD44OJ44Os44K544K/44Kk44Ok5Y+y5LiK5pyA6auY44Gu5rC35LiK5oCn6IO944KS5L+d5pyJ44CCPGJyPuODu+ODluODqeODg+OCr+ODneODquODnuODvDLmjqHnlKjvvIjjgrnjgr/jg4Pjg4njg6zjgrnjgr/jgqTjg6TmgKfog73jga7ntq3mjIHjgavosqLnjK7vvIk8YnI+44K/44Kk44Ok44Gv44CM44K044Og44Gu5p+U44KJ44GL44GV44CN44KS5L+d44Gk44Kq44Kk44Or44GM5oqc44GR44KL44Go56Gs44GP44Gq44KL44CCPGJyPuODluODqeODg+OCr+ODneODquODnuODvDLjga/liIblrZDjgYzlpKfjgY3jgY/jgIHjgqrjgqTjg6vjgavmr5TjgbnjgabmipzjgZHjgavjgY/jgYTjgII8YnI+44Gg44GL44KJ44CM5rC444GP5Yq544GP44CN44CCPGJyPuODu+OBk+OCjeOBjOOCiuaKteaKl+e0hDTvvIXkvY7muJvvvIjjgZPjgo3jgYzjgormirXmipfjga7kvY7muJvjga/nh4Posrvjga7mlLnlloTjgavosqLnjK7vvIk8YnI+aWNlIEdVQVJEIFRSSVBMRSBQTFVTIGlHMzDjga/jgr/jgqTjg6Tmp4vpgKDjga7opovnm7TjgZfjgavjgojjgorjgIHjgZPjgo3jgYzjgormirXmipfjgpLntIQ077yF5L2O5rib44GX44G+44GX44Gf44CCPC9wPjxzdHJvbmcgY2xhc3M9ImJnLW9yYW5nZWxpbmUiPuijveWTgeS7leanmDwvc3Ryb25nPjxwPuODoeODvOOCq+ODvO+8mllPS09IQU1B77yI44Oo44Kz44OP44Oe77yJPGJyPuODkeOCv+ODvOODs++8mmljZSBHVUFSRCBUUklQTEUgUExVUyBpRzMw77yI44Ki44Kk44K544Ks44O844OJIOODiOODquODl+ODq+ODl+ODqeOCuSDjgqLjgqTjgrjjg7zjgrXjg7Pjgrjjg6XjgqbvvIk8YnI+44K144Kk44K677yaMTQ1LzcwUjEyIDY5UTwvcD48c3Ryb25nIGNsYXNzPSJiZy1vcmFuZ2VsaW5lIj7jgrnjgr/jg4Pjg5XjgrPjg6Hjg7Pjg4g8L3N0cm9uZz48cD7jgrTjg6Djga7noazjgZXjgpLjgZXjgonjgavjgrPjg7Pjg4jjg63jg7zjg6vjgZfjgabmgKfog73jgpLlkJHkuIrvvIHkurrmsJfjga7muKnluqblr77lv5zjgrnjgr/jg4Pjg4njg6zjgrnjgYzjgZXjgonjgavpgLLljJbjgZfjgb7jgZfjgZ/jgII8L3A+PHN0cm9uZyBjbGFzcz0iYmctb3JhbmdlbGluZSI+44Gd44Gu5LuWPC9zdHJvbmc+PHA+PGZvbnQgY29sb3I9Im9yYW5nZSI+PGI+44GK5a6i5qeY44KI44KK44GT44KT44Gq44GK5ZWP44GE5ZCI44KP44Gb44KS44GE44Gf44Gg44GN44G+44GX44GfPC9iPjwvZm9udD48YnI+PGJyPjxiPlE66KO96YCg5bm044Gv5oyH5a6a44Gn44GN44G+44GZ44GL77yfPC9iPjxicj48Zm9udCBjb2xvcj0ib3JhbmdlIj48Yj5BOjwvYj48L2ZvbnQ+44GK5a6i5qeY44G444Gu44K144O844OT44K544Gu5LiA55Kw44Go44GX44Gm44Kv44O844Od44Oz44KS44GU55So5oSP6Ie044GX44G+44GX44Gf44CCPGJyPuOCr+ODvOODneODs+OBqOS4gOe3kuOBq+OCv+OCpOODpOOCkuOBlOazqOaWh+OBhOOBn+OBoOOBj+OBk+OBqOOBp+OAgeWuieW/g+OBl+OBpuaWsOOBl+OBhOOCv+OCpOODpOOBruOBiuWxiuOBkeOCkuOBiuW+heOBoeS4i+OBleOBhOOAgjxicj48YnI+PGI+UTox5pys44Gu5L6h5qC844Gn44GZ44GL77yfPC9iPjxicj48Zm9udCBjb2xvcj0ib3JhbmdlIj48Yj5BOjwvYj48L2ZvbnQ+44Gv44GE44CC44K/44Kk44OkMeacrOOBruS+oeagvOOBqOOBquOCiuOBvuOBmeOAgjxicj405pys44GU5rOo5paH44Gu5aC05ZCI44Gv44CO6KGo56S65L6h5qC8w5c044CP44Gr44Gq44KK44G+44GZ44CCPGJyPjxicj48Yj5ROuODm+OCpOODvOODq+OBr+S7mOWxnuOBl+OBvuOBmeOBi++8nzwvYj48YnI+PGZvbnQgY29sb3I9Im9yYW5nZSI+PGI+QTo8L2I+PC9mb250PuihqOekuuS+oeagvOOBr+aWsOWTgeOCv+OCpOODpDHmnKzjga7kvqHmoLzjgajjgarjgorjgIHjg5vjgqTjg7zjg6vjga/ku5jlsZ7jgZfjgb7jgZvjgpPjgII8YnI+44Ob44Kk44O844Or44KS44GU5biM5pyb44Gu44GK5a6i5qeY44Gr44Gv5Yil6YCU44GK6KaL56mN44KC44KK44KS44GE44Gf44GX44G+44GZ44Gu44Gn44CB6LuK56iu44CB5bm05byP44CB5Z6L5byP44CB44K/44Kk44Ok44K144Kk44K644KS6KiY6LyJ44Gu5LiK44CB44GK5ZWP44GE5ZCI44KP44Gb44GP44Gg44GV44GE44G+44Gb44CCPGJyPjxicj48Yj5ROuS7iumgvOOCk+OBoOOCieOBhOOBpOWxiuOBjeOBvuOBmeOBi++8nzwvYj48YnI+PGZvbnQgY29sb3I9Im9yYW5nZSI+PGI+QTo8L2I+PC9mb250Puaxuua4iOOBjOeiuuiqjeOBp+OBjeOCjOOBsOOAgeOBlOazqOaWh+aXpeOBi+OCiTLllrbmpa3ml6Xku6XlhoXjgavntIQ5MCXjga7jgZTms6jmlofjga7llYblk4HjgpLnmbrpgIHjgafjgY3jgabjgYTjgb7jgZnjgII8YnI+5q6L44KK44Gu57SEOCXjga8xMOWWtualreaXpeS7peWGheOAgeasoOWTgeOBp+e0jeacn+OBruebruWHpuOBjOeri+OBn+OBmuOBq+OBiuWxiuOBkeOBp+OBjeOBquOBhOOCguOBruOBrzIl5byx44Go44Gq44Gj44Gm44GK44KK44G+44GZ44CCPGJyPjxicj48Yj5ROumAgeaWmeOBr+OBhOOBj+OCieOBp+OBmeOBi++8nzwvYj48YnI+PGZvbnQgY29sb3I9Im9yYW5nZSI+PGI+QTo8L2I+PC9mb250PuW/heimgeacrOaVsOOBq+W/nOOBmOOBn+aWmemHkeihqOOBjOOBlOOBluOBhOOBvuOBmeOBruOBp+OAgeOBneOBoeOCieOCkuOBlOeiuuiqjeS4i+OBleOBhOOAgjxicj48YnI+PGI+UTrnqI7ovrzjgb/jgafjgZnjgYvvvJ88L2I+PGJyPjxmb250IGNvbG9yPSJvcmFuZ2UiPjxiPkE6PC9iPjwvZm9udD7nqI7ovrzkvqHmoLzjgafooajnpLrjgZfjgabjgYrjgorjgb7jgZnjgII8YnI+5YaF56iO44Gn44GZ44Gu44Gn44CB5a6J5b+D44GX44Gm44GK6LK344GE5rGC44KB5LiL44GV44GE44CCPC9wPjxwPjxiPuKAu+OBiuWxiuOBkeOBq+mWouOBl+OBpjwvYj48YnI+44GU5rOo5paH44KS6aCC44GP5bqm44Gr44Oh44O844Kr44O844KI44KK5Y+W44KK5a+E44Gb44KS44GX44G+44GZ44CCPGJyPuOBneOBrueCuuOBlOazqOaWh+OBi+OCiTLvvZ4z5pel44G744Gp44Gn5Ye66I235Y+v6IO944Gn44GZ44CCPGJyPuOBvuOBn+OAgeODoeODvOOCq+ODvOOBq+OBiuOBhOOBpuWcqOW6q+WIh+OCjOOBruWgtOWQiOOBr+eZuumAgeOBvuOBp+OBqzLvvZ4z5pel5Lul5LiK44Gu44GK5pmC6ZaT6aCC44GP5aC05ZCI44GM44GU44GW44GE44G+44GZ44CCPGJyPuiqoOOBq+aBkOOCjOWFpeOCiuOBvuOBmeOBjOOAgeOBiuaApeOBjuOBruWgtOWQiOOBr+OBlOazqOaWh+WJjeOBruWcqOW6q+eiuuiqjeOCkuOBiumhmOOBhOeUs+OBl+S4iuOBkuOBvuOBmeOAgjwvcD48cD48aW1nIHNyYz0iaHR0cDovL3d3dy5yYWt1dGVuLm5lLmpwL2dvbGQvc3R5bGVtYXJrZXQvd3AtY29udGVudC90aGVtZXMvc3R5bGVtYXJrZXQvaW1hZ2VzL3Nob3AvZGV0YWlsX2ljb25fcGFja19vay5naWYiIGFsdD0i5ZCM5qKx5Y+vIj48aW1nIHNyYz0iaHR0cDovL3d3dy5yYWt1dGVuLm5lLmpwL2dvbGQvc3R5bGVtYXJrZXQvd3AtY29udGVudC90aGVtZXMvc3R5bGVtYXJrZXQvaW1hZ2VzL3Nob3AvZGV0YWlsX2ljb25fZ2lmdF9uZy5naWYiIGFsdD0i44Op44OD44OU44Oz44Kw5LiN5Y+vIj48aW1nIHNyYz0iaHR0cDovL3d3dy5yYWt1dGVuLm5lLmpwL2dvbGQvc3R5bGVtYXJrZXQvd3AtY29udGVudC90aGVtZXMvc3R5bGVtYXJrZXQvaW1hZ2VzL3Nob3AvZGV0YWlsX2ljb25femFpa29fb3IuZ2lmIiBhbHQ9IuODoeODvOOCq+ODvOWPluWvhCI+PGltZyBzcmM9Imh0dHA6Ly93d3cucmFrdXRlbi5uZS5qcC9nb2xkL3N0eWxlbWFya2V0L3dwLWNvbnRlbnQvdGhlbWVzL3N0eWxlbWFya2V0L2ltYWdlcy9zaG9wL2RldGFpbF9pY29uX3NpdGVpX25nLmdpZiIgYWx0PSLml6XmmYLmjIflrprlpInli5XjgYLjgooiPjxpbWcgc3JjPSJodHRwOi8vd3d3LnJha3V0ZW4ubmUuanAvZ29sZC9zdHlsZW1hcmtldC93cC1jb250ZW50L3RoZW1lcy9zdHlsZW1hcmtldC9pbWFnZXMvc2hvcC9kZXRhaWxfaWNvbl9wYXltZW50X2JhbmsuZ2lmIiBhbHQ9IumKgOihjOaMr+i+vCI+PGltZyBzcmM9Imh0dHA6Ly93d3cucmFrdXRlbi5uZS5qcC9nb2xkL3N0eWxlbWFya2V0L3dwLWNvbnRlbnQvdGhlbWVzL3N0eWxlbWFya2V0L2ltYWdlcy9zaG9wL2RldGFpbF9pY29uX3BheW1lbnRfZGFpYmlraS5naWYiIGFsdD0i5Luj6YeR5byV5o+bIj48aW1nIHNyYz0iaHR0cDovL3d3dy5yYWt1dGVuLm5lLmpwL2dvbGQvc3R5bGVtYXJrZXQvd3AtY29udGVudC90aGVtZXMvc3R5bGVtYXJrZXQvaW1hZ2VzL3Nob3AvZGV0YWlsX2ljb25fc291cnlvdV9zcC5naWYiIGFsdD0i54m55q6K6YCB5paZIj48YnI+PGltZyBzcmM9Imh0dHA6Ly93d3cucmFrdXRlbi5uZS5qcC9nb2xkL3N0eWxlbWFya2V0L3dwLWNvbnRlbnQvdGhlbWVzL3N0eWxlbWFya2V0L2ltYWdlcy9zaG9wL2RldGFpbF9pY29uX3lhamlydXNpLmdpZiI+44Ki44Kk44Kz44Oz44Gu6Kqs5piO44Gv44GT44Gh44KJPC9wPg==,44K544K/44OD44OJ44Os44K544K/44Kk44OkIOODqOOCs+ODj+ODniBpY2UgR1VBUkQgVFJJUExFIFBMVVMgaUczMCAxNDUvNzBSMTIgNjlR77ya44K544K/44Kk44Or44Oe44O844Kx44OD44OI44CA5qW95aSp5biC5aC05bqX,5r+A5a6J44K/44Kk44Ok5Lit5Y+k44Kr44O855So5ZOB44Kr44O844OR44O844OE44Kr44O844OK44OT44Ky44O844K344On44Oz5a6J44GEQ0FS44Kr44O844Kq44O844OH44Kj44Kq6LuK44Ki44Km44OI44Os44OD44OI44Ob44Kk44Or44K544OG44OD44OX44Ov44K044Oz44K344O844OI44Kr44OQ44O844K544K/44OD44OJ44Os44K544OY44Or44Oh44OD44OI6LKp5aOy44Oe44OV44Op44O844K144K544Oa44Oz44K344On44Oz44Kq44O844OI44Ko44Ki44Ot44OR44O844OE44K544K/44OD44OJ44Os44K544K/44Kk44OkIOODqOOCs+ODj+ODniBpY2UgR1VBUkQgVFJJUExFIFBMVVMgaUczMCAxNDUvNzBSMTIgNjlR,44CQMTQ1LzcwUjEyIDY5UeOAkeOAguOCueOCv+ODg+ODieODrOOCueOCv+OCpOODpCDjg6jjgrPjg4/jg54gaWNlIEdVQVJEIFRSSVBMRSBQTFVTIGlHMzAgMTQ1LzcwUjEyIDY5UQ==[rn]
34-95819,aHR0cDovL3RzaG9wLnIxMHMuanAvc3R5bGVtYXJrZXQvY2FiaW5ldC9tYW5hZ2VkL2ltZzEyLzEyNDc2LmpwZz9maXRpbj03MDA6NzAw,NTcyMC4wMDAw,,6LuK55So5ZOB44O744OQ44Kk44Kv55So5ZOBID4g44Kr44O855So5ZOBID4g44K544K/44OD44OJ44Os44K544K/44Kk44Ok,44K544K/44OD44OJ44Os44K544K/44Kk44OkIOODgOODs+ODreODg+ODlyBXSU5URVIgTUFYWCBTVjAxIDE1NVIxMiA4UFI=,44CQMTU1UjEyIDhQUuOAkQ==,PHA+PGltZyBzcmM9Imh0dHA6Ly93d3cucmFrdXRlbi5uZS5qcC9nb2xkL3N0eWxlbWFya2V0L3dwLWNvbnRlbnQvdGhlbWVzL3N0eWxlbWFya2V0L2ltYWdlcy9zaG9wL3Jha3V0ZW5fZGV0YWlsX3RpcmVjb3Vwb25fZGV0YWlsLmpwZyI+PC9wPjxwPjxpbWcgc3JjPSJodHRwOi8vaW1hZ2UucmFrdXRlbi5jby5qcC9zdHlsZW1hcmtldC9jYWJpbmV0L21hbmFnZWQvaW1nMTIvMTI0NzYuanBnIj48L3A+PHN0cm9uZyBjbGFzcz0iYmctb3JhbmdlbGluZSI+5ZWG5ZOB6Kqs5piOPC9zdHJvbmc+PHA+5rC35LiK5oCn6IO944Gu6auY44GV44GM5aSn5aW96KmV44GuV0lOVEVSIE1BWFjjga7jgrPjgqLjg4bjgq/jg47jg63jgrjjg7zjgIxNQVhY44K344Oj44O844OX44Ko44OD44K444CN44Go44CM44OK44OO44OV44Kj44OD44OI44K044Og44CN44KS5o6h55So44CCPGJyPuawt+S4iuaAp+iDveOBrumrmOOBleOCkuW+ueW6lei/veaxguOBmeOCi+OBqOOBqOOCguOBq+ODqeOCpOODleaAp+iDveOCguWQjOaZguOBq+S4oeeri+OAgjxicj7jgb7jgZ/jgIHmjqXlnLDpnaLnqY3jga7mi6HlpKfjgafllYbnlKjou4rjgavmsYLjgoHjgonjgozjgovmk43nuKblronlrprmgKfog73jgpLlkJHkuIrjgZXjgZvjgZ/llYbnlKjou4rnlKjjgrnjgr/jg4Pjg4njg6zjgrnjgr/jgqTjg6TjgII8L3A+PHN0cm9uZyBjbGFzcz0iYmctb3JhbmdlbGluZSI+6KO95ZOB5LuV5qeYPC9zdHJvbmc+PHA+44Oh44O844Kr44O877yaRFVOTE9Q77yI44OA44Oz44Ot44OD44OX77yJPGJyPuODkeOCv+ODvOODs++8mldJTlRFUiBNQVhYIFNWMDHvvIjjgqbjgqTjg7Pjgr/jg7zjg57jg4Pjgq/jgrkg44Ko44K544OW44Kk44K844Ot44Ov44Oz77yJPGJyPuOCteOCpOOCuu+8mjE1NVIxMiA4UFI8L3A+PHN0cm9uZyBjbGFzcz0iYmctb3JhbmdlbGluZSI+44K544K/44OD44OV44Kz44Oh44Oz44OIPC9zdHJvbmc+PHA+44GT44KM44GM44CM5a+G552A44CN44Gu5aiB5Yqb77yBPC9wPjxzdHJvbmcgY2xhc3M9ImJnLW9yYW5nZWxpbmUiPuOBneOBruS7ljwvc3Ryb25nPjxwPjxmb250IGNvbG9yPSJvcmFuZ2UiPjxiPuOBiuWuouanmOOCiOOCiuOBk+OCk+OBquOBiuWVj+OBhOWQiOOCj+OBm+OCkuOBhOOBn+OBoOOBjeOBvuOBl+OBnzwvYj48L2ZvbnQ+PGJyPjxicj48Yj5ROuijvemAoOW5tOOBr+aMh+WumuOBp+OBjeOBvuOBmeOBi++8nzwvYj48YnI+PGZvbnQgY29sb3I9Im9yYW5nZSI+PGI+QTo8L2I+PC9mb250PuOBiuWuouanmOOBuOOBruOCteODvOODk+OCueOBruS4gOeSsOOBqOOBl+OBpuOCr+ODvOODneODs+OCkuOBlOeUqOaEj+iHtOOBl+OBvuOBl+OBn+OAgjxicj7jgq/jg7zjg53jg7PjgajkuIDnt5Ljgavjgr/jgqTjg6TjgpLjgZTms6jmlofjgYTjgZ/jgaDjgY/jgZPjgajjgafjgIHlronlv4PjgZfjgabmlrDjgZfjgYTjgr/jgqTjg6Tjga7jgYrlsYrjgZHjgpLjgYrlvoXjgaHkuIvjgZXjgYTjgII8YnI+PGJyPjxiPlE6MeacrOOBruS+oeagvOOBp+OBmeOBi++8nzwvYj48YnI+PGZvbnQgY29sb3I9Im9yYW5nZSI+PGI+QTo8L2I+PC9mb250PuOBr+OBhOOAguOCv+OCpOODpDHmnKzjga7kvqHmoLzjgajjgarjgorjgb7jgZnjgII8YnI+NOacrOOBlOazqOaWh+OBruWgtOWQiOOBr+OAjuihqOekuuS+oeagvMOXNOOAj+OBq+OBquOCiuOBvuOBmeOAgjxicj48YnI+PGI+UTrjg5vjgqTjg7zjg6vjga/ku5jlsZ7jgZfjgb7jgZnjgYvvvJ88L2I+PGJyPjxmb250IGNvbG9yPSJvcmFuZ2UiPjxiPkE6PC9iPjwvZm9udD7ooajnpLrkvqHmoLzjga/mlrDlk4Hjgr/jgqTjg6Qx5pys44Gu5L6h5qC844Go44Gq44KK44CB44Ob44Kk44O844Or44Gv5LuY5bGe44GX44G+44Gb44KT44CCPGJyPuODm+OCpOODvOODq+OCkuOBlOW4jOacm+OBruOBiuWuouanmOOBq+OBr+WIpemAlOOBiuimi+epjeOCguOCiuOCkuOBhOOBn+OBl+OBvuOBmeOBruOBp+OAgei7iueoruOAgeW5tOW8j+OAgeWei+W8j+OAgeOCv+OCpOODpOOCteOCpOOCuuOCkuiomOi8ieOBruS4iuOAgeOBiuWVj+OBhOWQiOOCj+OBm+OBj+OBoOOBleOBhOOBvuOBm+OAgjxicj48YnI+PGI+UTrku4rpoLzjgpPjgaDjgonjgYTjgaTlsYrjgY3jgb7jgZnjgYvvvJ88L2I+PGJyPjxmb250IGNvbG9yPSJvcmFuZ2UiPjxiPkE6PC9iPjwvZm9udD7msbrmuIjjgYznorroqo3jgafjgY3jgozjgbDjgIHjgZTms6jmlofml6XjgYvjgoky5Za25qWt5pel5Lul5YaF44Gr57SEOTAl44Gu44GU5rOo5paH44Gu5ZWG5ZOB44KS55m66YCB44Gn44GN44Gm44GE44G+44GZ44CCPGJyPuaui+OCiuOBrue0hDgl44GvMTDllrbmpa3ml6Xku6XlhoXjgIHmrKDlk4HjgafntI3mnJ/jga7nm67lh6bjgYznq4vjgZ/jgZrjgavjgYrlsYrjgZHjgafjgY3jgarjgYTjgoLjga7jga8yJeW8seOBqOOBquOBo+OBpuOBiuOCiuOBvuOBmeOAgjxicj48YnI+PGI+UTrpgIHmlpnjga/jgYTjgY/jgonjgafjgZnjgYvvvJ88L2I+PGJyPjxmb250IGNvbG9yPSJvcmFuZ2UiPjxiPkE6PC9iPjwvZm9udD7lv4XopoHmnKzmlbDjgavlv5zjgZjjgZ/mlpnph5HooajjgYzjgZTjgZbjgYTjgb7jgZnjga7jgafjgIHjgZ3jgaHjgonjgpLjgZTnorroqo3kuIvjgZXjgYTjgII8YnI+PGJyPjxiPlE656iO6L6844G/44Gn44GZ44GL77yfPC9iPjxicj48Zm9udCBjb2xvcj0ib3JhbmdlIj48Yj5BOjwvYj48L2ZvbnQ+56iO6L685L6h5qC844Gn6KGo56S644GX44Gm44GK44KK44G+44GZ44CCPGJyPuWGheeojuOBp+OBmeOBruOBp+OAgeWuieW/g+OBl+OBpuOBiuiyt+OBhOaxguOCgeS4i+OBleOBhOOAgjwvcD48cD48Yj7igLvjgYrlsYrjgZHjgavplqLjgZfjgaY8L2I+PGJyPuOBlOazqOaWh+OCkumgguOBj+W6puOBq+ODoeODvOOCq+ODvOOCiOOCiuWPluOCiuWvhOOBm+OCkuOBl+OBvuOBmeOAgjxicj7jgZ3jga7ngrrjgZTms6jmlofjgYvjgoky772eM+aXpeOBu+OBqeOBp+WHuuiNt+WPr+iDveOBp+OBmeOAgjxicj7jgb7jgZ/jgIHjg6Hjg7zjgqvjg7zjgavjgYrjgYTjgablnKjluqvliIfjgozjga7loLTlkIjjga/nmbrpgIHjgb7jgafjgasy772eM+aXpeS7peS4iuOBruOBiuaZgumWk+mgguOBj+WgtOWQiOOBjOOBlOOBluOBhOOBvuOBmeOAgjxicj7oqqDjgavmgZDjgozlhaXjgorjgb7jgZnjgYzjgIHjgYrmgKXjgY7jga7loLTlkIjjga/jgZTms6jmlofliY3jga7lnKjluqvnorroqo3jgpLjgYrpoZjjgYTnlLPjgZfkuIrjgZLjgb7jgZnjgII8L3A+PHA+PGltZyBzcmM9Imh0dHA6Ly93d3cucmFrdXRlbi5uZS5qcC9nb2xkL3N0eWxlbWFya2V0L3dwLWNvbnRlbnQvdGhlbWVzL3N0eWxlbWFya2V0L2ltYWdlcy9zaG9wL2RldGFpbF9pY29uX3BhY2tfb2suZ2lmIiBhbHQ9IuWQjOaiseWPryI+PGltZyBzcmM9Imh0dHA6Ly93d3cucmFrdXRlbi5uZS5qcC9nb2xkL3N0eWxlbWFya2V0L3dwLWNvbnRlbnQvdGhlbWVzL3N0eWxlbWFya2V0L2ltYWdlcy9zaG9wL2RldGFpbF9pY29uX2dpZnRfbmcuZ2lmIiBhbHQ9IuODqeODg+ODlOODs+OCsOS4jeWPryI+PGltZyBzcmM9Imh0dHA6Ly93d3cucmFrdXRlbi5uZS5qcC9nb2xkL3N0eWxlbWFya2V0L3dwLWNvbnRlbnQvdGhlbWVzL3N0eWxlbWFya2V0L2ltYWdlcy9zaG9wL2RldGFpbF9pY29uX3phaWtvX29yLmdpZiIgYWx0PSLjg6Hjg7zjgqvjg7zlj5blr4QiPjxpbWcgc3JjPSJodHRwOi8vd3d3LnJha3V0ZW4ubmUuanAvZ29sZC9zdHlsZW1hcmtldC93cC1jb250ZW50L3RoZW1lcy9zdHlsZW1hcmtldC9pbWFnZXMvc2hvcC9kZXRhaWxfaWNvbl9zaXRlaV9uZy5naWYiIGFsdD0i5pel5pmC5oyH5a6a5aSJ5YuV44GC44KKIj48aW1nIHNyYz0iaHR0cDovL3d3dy5yYWt1dGVuLm5lLmpwL2dvbGQvc3R5bGVtYXJrZXQvd3AtY29udGVudC90aGVtZXMvc3R5bGVtYXJrZXQvaW1hZ2VzL3Nob3AvZGV0YWlsX2ljb25fcGF5bWVudF9iYW5rLmdpZiIgYWx0PSLpioDooYzmjK/ovrwiPjxpbWcgc3JjPSJodHRwOi8vd3d3LnJha3V0ZW4ubmUuanAvZ29sZC9zdHlsZW1hcmtldC93cC1jb250ZW50L3RoZW1lcy9zdHlsZW1hcmtldC9pbWFnZXMvc2hvcC9kZXRhaWxfaWNvbl9wYXltZW50X2RhaWJpa2kuZ2lmIiBhbHQ9IuS7o+mHkeW8leaPmyI+PGltZyBzcmM9Imh0dHA6Ly93d3cucmFrdXRlbi5uZS5qcC9nb2xkL3N0eWxlbWFya2V0L3dwLWNvbnRlbnQvdGhlbWVzL3N0eWxlbWFya2V0L2ltYWdlcy9zaG9wL2RldGFpbF9pY29uX3NvdXJ5b3Vfc3AuZ2lmIiBhbHQ9IueJueauiumAgeaWmSI+PGJyPjxpbWcgc3JjPSJodHRwOi8vd3d3LnJha3V0ZW4ubmUuanAvZ29sZC9zdHlsZW1hcmtldC93cC1jb250ZW50L3RoZW1lcy9zdHlsZW1hcmtldC9pbWFnZXMvc2hvcC9kZXRhaWxfaWNvbl95YWppcnVzaS5naWYiPuOCouOCpOOCs+ODs+OBruiqrOaYjuOBr+OBk+OBoeOCiTwvcD4=,44K544K/44OD44OJ44Os44K544K/44Kk44OkIOODgOODs+ODreODg+ODlyBXSU5URVIgTUFYWCBTVjAxIDE1NVIxMiA4UFLvvJrjgrnjgr/jgqTjg6vjg57jg7zjgrHjg4Pjg4jjgIDmpb3lpKnluILloLTlupc=,5r+A5a6J44K/44Kk44Ok5Lit5Y+k44Kr44O855So5ZOB44Kr44O844OR44O844OE44Kr44O844OK44OT44Ky44O844K344On44Oz5a6J44GEQ0FS44Kr44O844Kq44O844OH44Kj44Kq6LuK44Ki44Km44OI44Os44OD44OI44Ob44Kk44Or44K544OG44OD44OX44Ov44K044Oz44K344O844OI44Kr44OQ44O844K544K/44OD44OJ44Os44K544OY44Or44Oh44OD44OI6LKp5aOy44Oe44OV44Op44O844K144K544Oa44Oz44K344On44Oz44Kq44O844OI44Ko44Ki44Ot44OR44O844OE44K544K/44OD44OJ44Os44K544K/44Kk44OkIOODgOODs+ODreODg+ODlyBXSU5URVIgTUFYWCBTVjAxIDE1NVIxMiA4UFI=,44CQMTU1UjEyIDhQUuOAkeOAguOCueOCv+ODg+ODieODrOOCueOCv+OCpOODpCDjg4Djg7Pjg63jg4Pjg5cgV0lOVEVSIE1BWFggU1YwMSAxNTVSMTIgOFBS[rn]
34-95820,aHR0cDovL3RzaG9wLnIxMHMuanAvc3R5bGVtYXJrZXQvY2FiaW5ldC9tYW5hZ2VkL2ltZzEyLzEyNjA4LmpwZz9maXRpbj03MDA6NzAw,NTg0OC4wMDAw,,6LuK55So5ZOB44O744OQ44Kk44Kv55So5ZOBID4g44Kr44O855So5ZOBID4g44K544K/44OD44OJ44Os44K544K/44Kk44Ok,44K544K/44OD44OJ44Os44K544K/44Kk44OkIOODqOOCs+ODj+ODniBpY2UgR1VBUkQgaUc5MSBmb3IgVkFOIDE1NS84MFIxMiA4My84MU4=,44CQMTU1LzgwUjEyIDgzLzgxTuOAkQ==,PHA+PGltZyBzcmM9Imh0dHA6Ly93d3cucmFrdXRlbi5uZS5qcC9nb2xkL3N0eWxlbWFya2V0L3dwLWNvbnRlbnQvdGhlbWVzL3N0eWxlbWFya2V0L2ltYWdlcy9zaG9wL3Jha3V0ZW5fZGV0YWlsX3RpcmVjb3Vwb25fZGV0YWlsLmpwZyI+PC9wPjxwPjxpbWcgc3JjPSJodHRwOi8vaW1hZ2UucmFrdXRlbi5jby5qcC9zdHlsZW1hcmtldC9jYWJpbmV0L21hbmFnZWQvaW1nMTIvMTI2MDguanBnIj48L3A+PHN0cm9uZyBjbGFzcz0iYmctb3JhbmdlbGluZSI+5ZWG5ZOB6Kqs5piOPC9zdHJvbmc+PHA+44GV44G+44GW44G+44Gq5Yas44Gu6Lev6Z2i44Gr5a++5b+c44GZ44KL44CB44OI44Os44OD44OJ44OR44K/44O844OzPGJyPuWEquOCjOOBn+aOpeWcsOOBqOOBl+OBo+OBi+OCiuaEn+OBp+ODieODqeOCpOODu+OCpuOCp+ODg+ODiOi3r+mdouOBq+WKueOBjzxicj7ooajpnaLjga7ntLDjgYvjgYTjgrnjg6rjg4Pjg4jjgYzjgIHmjqXnnYDliJ3mnJ/jga7msLfkuIrmgKfog73jgpLnmbrmj648YnI+44GT44KN44GM44KK5oq15oqX5L2O5rib44Gn44CB54eD6LK75pS55ZaE44Gr44KC6LKi54yuPC9wPjxzdHJvbmcgY2xhc3M9ImJnLW9yYW5nZWxpbmUiPuijveWTgeS7leanmDwvc3Ryb25nPjxwPuODoeODvOOCq+ODvO+8mllPS09IQU1B77yI44Oo44Kz44OP44Oe77yJPGJyPuODkeOCv+ODvOODs++8mmljZSBHVUFSRCBpRzkxIGZvciBWQU7vvIjjgqLjgqTjgrnjgqzjg7zjg4kg44Ki44Kk44K444O844Kt44Ol44Km44Kk44OBIOODleOCqeODreODvOODkOODs++8iTxicj7jgrXjgqTjgrrvvJoxNTUvODBSMTIgODMvODFO77yI44OB44Ol44O844OW44Os44K544K/44Kk44OX77yJPC9wPjxzdHJvbmcgY2xhc3M9ImJnLW9yYW5nZWxpbmUiPuOCueOCv+ODg+ODleOCs+ODoeODs+ODiDwvc3Ryb25nPjxwPuWEquOCjOOBn+awt+S4iuaAp+iDveOBqOOAgeeiuuOBi+OBquiAkOS5heaAp+ODu+iAkOaRqeiAl+aAp+OAguODkOODs+ODu+Wwj+Wei+ODiOODqeODg+OCr+WwgueUqOOCueOCv+ODg+ODieODrOOCueOCv+OCpOODpOOAgjwvcD48c3Ryb25nIGNsYXNzPSJiZy1vcmFuZ2VsaW5lIj7jgZ3jga7ku5Y8L3N0cm9uZz48cD48Zm9udCBjb2xvcj0ib3JhbmdlIj48Yj7jgYrlrqLmp5jjgojjgorjgZPjgpPjgarjgYrllY/jgYTlkIjjgo/jgZvjgpLjgYTjgZ/jgaDjgY3jgb7jgZfjgZ88L2I+PC9mb250Pjxicj48YnI+PGI+UTroo73pgKDlubTjga/mjIflrprjgafjgY3jgb7jgZnjgYvvvJ88L2I+PGJyPjxmb250IGNvbG9yPSJvcmFuZ2UiPjxiPkE6PC9iPjwvZm9udD7jgYrlrqLmp5jjgbjjga7jgrXjg7zjg5Pjgrnjga7kuIDnkrDjgajjgZfjgabjgq/jg7zjg53jg7PjgpLjgZTnlKjmhI/oh7TjgZfjgb7jgZfjgZ/jgII8YnI+44Kv44O844Od44Oz44Go5LiA57eS44Gr44K/44Kk44Ok44KS44GU5rOo5paH44GE44Gf44Gg44GP44GT44Go44Gn44CB5a6J5b+D44GX44Gm5paw44GX44GE44K/44Kk44Ok44Gu44GK5bGK44GR44KS44GK5b6F44Gh5LiL44GV44GE44CCPGJyPjxicj48Yj5ROjHmnKzjga7kvqHmoLzjgafjgZnjgYvvvJ88L2I+PGJyPjxmb250IGNvbG9yPSJvcmFuZ2UiPjxiPkE6PC9iPjwvZm9udD7jga/jgYTjgILjgr/jgqTjg6Qx5pys44Gu5L6h5qC844Go44Gq44KK44G+44GZ44CCPGJyPjTmnKzjgZTms6jmlofjga7loLTlkIjjga/jgI7ooajnpLrkvqHmoLzDlzTjgI/jgavjgarjgorjgb7jgZnjgII8YnI+PGJyPjxiPlE644Ob44Kk44O844Or44Gv5LuY5bGe44GX44G+44GZ44GL77yfPC9iPjxicj48Zm9udCBjb2xvcj0ib3JhbmdlIj48Yj5BOjwvYj48L2ZvbnQ+6KGo56S65L6h5qC844Gv5paw5ZOB44K/44Kk44OkMeacrOOBruS+oeagvOOBqOOBquOCiuOAgeODm+OCpOODvOODq+OBr+S7mOWxnuOBl+OBvuOBm+OCk+OAgjxicj7jg5vjgqTjg7zjg6vjgpLjgZTluIzmnJvjga7jgYrlrqLmp5jjgavjga/liKXpgJTjgYropovnqY3jgoLjgorjgpLjgYTjgZ/jgZfjgb7jgZnjga7jgafjgIHou4rnqK7jgIHlubTlvI/jgIHlnovlvI/jgIHjgr/jgqTjg6TjgrXjgqTjgrrjgpLoqJjovInjga7kuIrjgIHjgYrllY/jgYTlkIjjgo/jgZvjgY/jgaDjgZXjgYTjgb7jgZvjgII8YnI+PGJyPjxiPlE65LuK6aC844KT44Gg44KJ44GE44Gk5bGK44GN44G+44GZ44GL77yfPC9iPjxicj48Zm9udCBjb2xvcj0ib3JhbmdlIj48Yj5BOjwvYj48L2ZvbnQ+5rG65riI44GM56K66KqN44Gn44GN44KM44Gw44CB44GU5rOo5paH5pel44GL44KJMuWWtualreaXpeS7peWGheOBq+e0hDkwJeOBruOBlOazqOaWh+OBruWVhuWTgeOCkueZuumAgeOBp+OBjeOBpuOBhOOBvuOBmeOAgjxicj7mrovjgorjga7ntIQ4JeOBrzEw5Za25qWt5pel5Lul5YaF44CB5qyg5ZOB44Gn57SN5pyf44Gu55uu5Yem44GM56uL44Gf44Ga44Gr44GK5bGK44GR44Gn44GN44Gq44GE44KC44Gu44GvMiXlvLHjgajjgarjgaPjgabjgYrjgorjgb7jgZnjgII8YnI+PGJyPjxiPlE66YCB5paZ44Gv44GE44GP44KJ44Gn44GZ44GL77yfPC9iPjxicj48Zm9udCBjb2xvcj0ib3JhbmdlIj48Yj5BOjwvYj48L2ZvbnQ+5b+F6KaB5pys5pWw44Gr5b+c44GY44Gf5paZ6YeR6KGo44GM44GU44GW44GE44G+44GZ44Gu44Gn44CB44Gd44Gh44KJ44KS44GU56K66KqN5LiL44GV44GE44CCPGJyPjxicj48Yj5ROueojui+vOOBv+OBp+OBmeOBi++8nzwvYj48YnI+PGZvbnQgY29sb3I9Im9yYW5nZSI+PGI+QTo8L2I+PC9mb250Pueojui+vOS+oeagvOOBp+ihqOekuuOBl+OBpuOBiuOCiuOBvuOBmeOAgjxicj7lhoXnqI7jgafjgZnjga7jgafjgIHlronlv4PjgZfjgabjgYrosrfjgYTmsYLjgoHkuIvjgZXjgYTjgII8L3A+PHA+PGI+4oC744GK5bGK44GR44Gr6Zai44GX44GmPC9iPjxicj7jgZTms6jmlofjgpLpoILjgY/luqbjgavjg6Hjg7zjgqvjg7zjgojjgorlj5bjgorlr4TjgZvjgpLjgZfjgb7jgZnjgII8YnI+44Gd44Gu54K644GU5rOo5paH44GL44KJMu+9njPml6Xjgbvjganjgaflh7rojbflj6/og73jgafjgZnjgII8YnI+44G+44Gf44CB44Oh44O844Kr44O844Gr44GK44GE44Gm5Zyo5bqr5YiH44KM44Gu5aC05ZCI44Gv55m66YCB44G+44Gn44GrMu+9njPml6Xku6XkuIrjga7jgYrmmYLplpPpoILjgY/loLTlkIjjgYzjgZTjgZbjgYTjgb7jgZnjgII8YnI+6Kqg44Gr5oGQ44KM5YWl44KK44G+44GZ44GM44CB44GK5oCl44GO44Gu5aC05ZCI44Gv44GU5rOo5paH5YmN44Gu5Zyo5bqr56K66KqN44KS44GK6aGY44GE55Sz44GX5LiK44GS44G+44GZ44CCPC9wPjxwPjxpbWcgc3JjPSJodHRwOi8vd3d3LnJha3V0ZW4ubmUuanAvZ29sZC9zdHlsZW1hcmtldC93cC1jb250ZW50L3RoZW1lcy9zdHlsZW1hcmtldC9pbWFnZXMvc2hvcC9kZXRhaWxfaWNvbl9wYWNrX29rLmdpZiIgYWx0PSLlkIzmorHlj68iPjxpbWcgc3JjPSJodHRwOi8vd3d3LnJha3V0ZW4ubmUuanAvZ29sZC9zdHlsZW1hcmtldC93cC1jb250ZW50L3RoZW1lcy9zdHlsZW1hcmtldC9pbWFnZXMvc2hvcC9kZXRhaWxfaWNvbl9naWZ0X25nLmdpZiIgYWx0PSLjg6njg4Pjg5Tjg7PjgrDkuI3lj68iPjxpbWcgc3JjPSJodHRwOi8vd3d3LnJha3V0ZW4ubmUuanAvZ29sZC9zdHlsZW1hcmtldC93cC1jb250ZW50L3RoZW1lcy9zdHlsZW1hcmtldC9pbWFnZXMvc2hvcC9kZXRhaWxfaWNvbl96YWlrb19vci5naWYiIGFsdD0i44Oh44O844Kr44O85Y+W5a+EIj48aW1nIHNyYz0iaHR0cDovL3d3dy5yYWt1dGVuLm5lLmpwL2dvbGQvc3R5bGVtYXJrZXQvd3AtY29udGVudC90aGVtZXMvc3R5bGVtYXJrZXQvaW1hZ2VzL3Nob3AvZGV0YWlsX2ljb25fc2l0ZWlfbmcuZ2lmIiBhbHQ9IuaXpeaZguaMh+WumuWkieWLleOBguOCiiI+PGltZyBzcmM9Imh0dHA6Ly93d3cucmFrdXRlbi5uZS5qcC9nb2xkL3N0eWxlbWFya2V0L3dwLWNvbnRlbnQvdGhlbWVzL3N0eWxlbWFya2V0L2ltYWdlcy9zaG9wL2RldGFpbF9pY29uX3BheW1lbnRfYmFuay5naWYiIGFsdD0i6YqA6KGM5oyv6L68Ij48aW1nIHNyYz0iaHR0cDovL3d3dy5yYWt1dGVuLm5lLmpwL2dvbGQvc3R5bGVtYXJrZXQvd3AtY29udGVudC90aGVtZXMvc3R5bGVtYXJrZXQvaW1hZ2VzL3Nob3AvZGV0YWlsX2ljb25fcGF5bWVudF9kYWliaWtpLmdpZiIgYWx0PSLku6Pph5HlvJXmj5siPjxpbWcgc3JjPSJodHRwOi8vd3d3LnJha3V0ZW4ubmUuanAvZ29sZC9zdHlsZW1hcmtldC93cC1jb250ZW50L3RoZW1lcy9zdHlsZW1hcmtldC9pbWFnZXMvc2hvcC9kZXRhaWxfaWNvbl9zb3VyeW91X3NwLmdpZiIgYWx0PSLnibnmrorpgIHmlpkiPjxicj48aW1nIHNyYz0iaHR0cDovL3d3dy5yYWt1dGVuLm5lLmpwL2dvbGQvc3R5bGVtYXJrZXQvd3AtY29udGVudC90aGVtZXMvc3R5bGVtYXJrZXQvaW1hZ2VzL3Nob3AvZGV0YWlsX2ljb25feWFqaXJ1c2kuZ2lmIj7jgqLjgqTjgrPjg7Pjga7oqqzmmI7jga/jgZPjgaHjgok8L3A+,44K544K/44OD44OJ44Os44K544K/44Kk44OkIOODqOOCs+ODj+ODniBpY2UgR1VBUkQgaUc5MSBmb3IgVkFOIDE1NS84MFIxMiA4My84MU7vvJrjgrnjgr/jgqTjg6vjg57jg7zjgrHjg4Pjg4jjgIDmpb3lpKnluILloLTlupc=,5r+A5a6J44K/44Kk44Ok5Lit5Y+k44Kr44O855So5ZOB44Kr44O844OR44O844OE44Kr44O844OK44OT44Ky44O844K344On44Oz5a6J44GEQ0FS44Kr44O844Kq44O844OH44Kj44Kq6LuK44Ki44Km44OI44Os44OD44OI44Ob44Kk44Or44K544OG44OD44OX44Ov44K044Oz44K344O844OI44Kr44OQ44O844K544K/44OD44OJ44Os44K544OY44Or44Oh44OD44OI6LKp5aOy44Oe44OV44Op44O844K144K544Oa44Oz44K344On44Oz44Kq44O844OI44Ko44Ki44Ot44OR44O844OE44K544K/44OD44OJ44Os44K544K/44Kk44OkIOODqOOCs+ODj+ODniBpY2UgR1VBUkQgaUc5MSBmb3IgVkFOIDE1NS84MFIxMiA4My84MU4=,44CQMTU1LzgwUjEyIDgzLzgxTuOAkeOAguOCueOCv+ODg+ODieODrOOCueOCv+OCpOODpCDjg6jjgrPjg4/jg54gaWNlIEdVQVJEIGlHOTEgZm9yIFZBTiAxNTUvODBSMTIgODMvODFO[rn]
34-95821,aHR0cDovL3RzaG9wLnIxMHMuanAvc3R5bGVtYXJrZXQvY2FiaW5ldC9tYW5hZ2VkL2ltZzEyLzEyNDczLmpwZz9maXRpbj03MDA6NzAw,NTgyNC4wMDAw,,6LuK55So5ZOB44O744OQ44Kk44Kv55So5ZOBID4g44Kr44O855So5ZOBID4g44K544K/44OD44OJ44Os44K544K/44Kk44Ok,44K544K/44OD44OJ44Os44K544K/44Kk44OkIOODluODquODguOCueODiOODsyBCTElaWkFLIFZSWCAxNTUvNzBSMTIgNzNR,44CQMTU1LzcwUjEyIDczUeOAkQ==,PHA+PGltZyBzcmM9Imh0dHA6Ly93d3cucmFrdXRlbi5uZS5qcC9nb2xkL3N0eWxlbWFya2V0L3dwLWNvbnRlbnQvdGhlbWVzL3N0eWxlbWFya2V0L2ltYWdlcy9zaG9wL3Jha3V0ZW5fZGV0YWlsX3RpcmVjb3Vwb25fZGV0YWlsLmpwZyI+PC9wPjxwPjxpbWcgc3JjPSJodHRwOi8vaW1hZ2UucmFrdXRlbi5jby5qcC9zdHlsZW1hcmtldC9jYWJpbmV0L21hbmFnZWQvaW1nMTIvMTI0NzMuanBnIj48L3A+PHN0cm9uZyBjbGFzcz0iYmctb3JhbmdlbGluZSI+5ZWG5ZOB6Kqs5piOPC9zdHJvbmc+PHA+PGI+44OW44Oq44K244OD44Kv5Y+y5LiK5pyA6auY44Gu5oCn6IO944KS6KqH44KL5paw5qyh5YWD44K544K/44OD44OJ44Os44K544CB5paw55m75aC044CCPC9iPjxicj7jg7vjgqLjgq/jg4bjgqPjg5bnmbrnoLLjgrTjg6DjgafmraLjgb7jgovjgII8YnI+6ama44GN44Gu5Yq544GN44Gu56eY5a+G44Gv44CB5paw6ZaL55m644Ki44Kv44OG44Kj44OW55m656Cy44K044Og44CCPGJyPuODu+aWsOmdnuWvvuensOODkeOCv+ODs+OBp+atouOBvuOCi+OAgjxicj7lvq7lsI/jgarlh7nlh7jjgavjgZfjgaPjgYvjgormjqXlnLDjgIHjg4jjg6zjg4Pjg4njg5Hjgr/jg7PjgILotbDooYzmgKfog73jgpLpq5jjgoHjgovjgIEzROODm+ODvOODq+ODieOCueOCr+ODqeODoOOCteOCpOODl+OAgjxicj7jg7vmlrDpnZ7lr77np7DjgrXjgqTjg4nlvaLnirbjgaflronlv4PmhJ9VUOOAgjxicj7mp5jjgIXjgarpm6rpgZPjgaflronlhajjgavjgIHjgbXjgonjgaTjgY3ou73muJvmgKfog73jgILjgrnjgr/jg4Pjg4njg6zjgrnjga7mnqDjgpLotoXjgYjjgovjgIHlhKrjgozjgZ/nkrDlooPmgKfog73jgII8L3A+PHN0cm9uZyBjbGFzcz0iYmctb3JhbmdlbGluZSI+6KO95ZOB5LuV5qeYPC9zdHJvbmc+PHA+44Oh44O844Kr44O877yaQlJJREdFU1RPTkXvvIjjg5bjg6rjg4Ljgrnjg4jjg7PvvIk8YnI+44OR44K/44O844Oz77yaQkxJWlpBSyBWUljvvIjjg5bjg6rjgrbjg4Pjgq8g44OW44Kk44Ki44O844Or44Ko44OD44Kv44K577yJPGJyPuOCteOCpOOCuu+8mjE1NS83MFIxMiA3M1E8L3A+PHN0cm9uZyBjbGFzcz0iYmctb3JhbmdlbGluZSI+44K544K/44OD44OV44Kz44Oh44Oz44OIPC9zdHJvbmc+PHA+5paw5qyh5YWD44Gu5q2i44G+44KK5pa544G444CCPC9wPjxzdHJvbmcgY2xhc3M9ImJnLW9yYW5nZWxpbmUiPuOBneOBruS7ljwvc3Ryb25nPjxwPjxmb250IGNvbG9yPSJvcmFuZ2UiPjxiPuOBiuWuouanmOOCiOOCiuOBk+OCk+OBquOBiuWVj+OBhOWQiOOCj+OBm+OCkuOBhOOBn+OBoOOBjeOBvuOBl+OBnzwvYj48L2ZvbnQ+PGJyPjxicj48Yj5ROuijvemAoOW5tOOBr+aMh+WumuOBp+OBjeOBvuOBmeOBi++8nzwvYj48YnI+PGZvbnQgY29sb3I9Im9yYW5nZSI+PGI+QTo8L2I+PC9mb250PuOBiuWuouanmOOBuOOBruOCteODvOODk+OCueOBruS4gOeSsOOBqOOBl+OBpuOCr+ODvOODneODs+OCkuOBlOeUqOaEj+iHtOOBl+OBvuOBl+OBn+OAgjxicj7jgq/jg7zjg53jg7PjgajkuIDnt5Ljgavjgr/jgqTjg6TjgpLjgZTms6jmlofjgYTjgZ/jgaDjgY/jgZPjgajjgafjgIHlronlv4PjgZfjgabmlrDjgZfjgYTjgr/jgqTjg6Tjga7jgYrlsYrjgZHjgpLjgYrlvoXjgaHkuIvjgZXjgYTjgII8YnI+PGJyPjxiPlE6MeacrOOBruS+oeagvOOBp+OBmeOBi++8nzwvYj48YnI+PGZvbnQgY29sb3I9Im9yYW5nZSI+PGI+QTo8L2I+PC9mb250PuOBr+OBhOOAguOCv+OCpOODpDHmnKzjga7kvqHmoLzjgajjgarjgorjgb7jgZnjgII8YnI+NOacrOOBlOazqOaWh+OBruWgtOWQiOOBr+OAjuihqOekuuS+oeagvMOXNOOAj+OBq+OBquOCiuOBvuOBmeOAgjxicj48YnI+PGI+UTrjg5vjgqTjg7zjg6vjga/ku5jlsZ7jgZfjgb7jgZnjgYvvvJ88L2I+PGJyPjxmb250IGNvbG9yPSJvcmFuZ2UiPjxiPkE6PC9iPjwvZm9udD7ooajnpLrkvqHmoLzjga/mlrDlk4Hjgr/jgqTjg6Qx5pys44Gu5L6h5qC844Go44Gq44KK44CB44Ob44Kk44O844Or44Gv5LuY5bGe44GX44G+44Gb44KT44CCPGJyPuODm+OCpOODvOODq+OCkuOBlOW4jOacm+OBruOBiuWuouanmOOBq+OBr+WIpemAlOOBiuimi+epjeOCguOCiuOCkuOBhOOBn+OBl+OBvuOBmeOBruOBp+OAgei7iueoruOAgeW5tOW8j+OAgeWei+W8j+OAgeOCv+OCpOODpOOCteOCpOOCuuOCkuiomOi8ieOBruS4iuOAgeOBiuWVj+OBhOWQiOOCj+OBm+OBj+OBoOOBleOBhOOBvuOBm+OAgjxicj48YnI+PGI+UTrku4rpoLzjgpPjgaDjgonjgYTjgaTlsYrjgY3jgb7jgZnjgYvvvJ88L2I+PGJyPjxmb250IGNvbG9yPSJvcmFuZ2UiPjxiPkE6PC9iPjwvZm9udD7msbrmuIjjgYznorroqo3jgafjgY3jgozjgbDjgIHjgZTms6jmlofml6XjgYvjgoky5Za25qWt5pel5Lul5YaF44Gr57SEOTAl44Gu44GU5rOo5paH44Gu5ZWG5ZOB44KS55m66YCB44Gn44GN44Gm44GE44G+44GZ44CCPGJyPuaui+OCiuOBrue0hDgl44GvMTDllrbmpa3ml6Xku6XlhoXjgIHmrKDlk4HjgafntI3mnJ/jga7nm67lh6bjgYznq4vjgZ/jgZrjgavjgYrlsYrjgZHjgafjgY3jgarjgYTjgoLjga7jga8yJeW8seOBqOOBquOBo+OBpuOBiuOCiuOBvuOBmeOAgjxicj48YnI+PGI+UTrpgIHmlpnjga/jgYTjgY/jgonjgafjgZnjgYvvvJ88L2I+PGJyPjxmb250IGNvbG9yPSJvcmFuZ2UiPjxiPkE6PC9iPjwvZm9udD7lv4XopoHmnKzmlbDjgavlv5zjgZjjgZ/mlpnph5HooajjgYzjgZTjgZbjgYTjgb7jgZnjga7jgafjgIHjgZ3jgaHjgonjgpLjgZTnorroqo3kuIvjgZXjgYTjgII8YnI+PGJyPjxiPlE656iO6L6844G/44Gn44GZ44GL77yfPC9iPjxicj48Zm9udCBjb2xvcj0ib3JhbmdlIj48Yj5BOjwvYj48L2ZvbnQ+56iO6L685L6h5qC844Gn6KGo56S644GX44Gm44GK44KK44G+44GZ44CCPGJyPuWGheeojuOBp+OBmeOBruOBp+OAgeWuieW/g+OBl+OBpuOBiuiyt+OBhOaxguOCgeS4i+OBleOBhOOAgjwvcD48cD48Yj7igLvjgYrlsYrjgZHjgavplqLjgZfjgaY8L2I+PGJyPuOBlOazqOaWh+OCkumgguOBj+W6puOBq+ODoeODvOOCq+ODvOOCiOOCiuWPluOCiuWvhOOBm+OCkuOBl+OBvuOBmeOAgjxicj7jgZ3jga7ngrrjgZTms6jmlofjgYvjgoky772eM+aXpeOBu+OBqeOBp+WHuuiNt+WPr+iDveOBp+OBmeOAgjxicj7jgb7jgZ/jgIHjg6Hjg7zjgqvjg7zjgavjgYrjgYTjgablnKjluqvliIfjgozjga7loLTlkIjjga/nmbrpgIHjgb7jgafjgasy772eM+aXpeS7peS4iuOBruOBiuaZgumWk+mgguOBj+WgtOWQiOOBjOOBlOOBluOBhOOBvuOBmeOAgjxicj7oqqDjgavmgZDjgozlhaXjgorjgb7jgZnjgYzjgIHjgYrmgKXjgY7jga7loLTlkIjjga/jgZTms6jmlofliY3jga7lnKjluqvnorroqo3jgpLjgYrpoZjjgYTnlLPjgZfkuIrjgZLjgb7jgZnjgII8L3A+PHA+PGltZyBzcmM9Imh0dHA6Ly93d3cucmFrdXRlbi5uZS5qcC9nb2xkL3N0eWxlbWFya2V0L3dwLWNvbnRlbnQvdGhlbWVzL3N0eWxlbWFya2V0L2ltYWdlcy9zaG9wL2RldGFpbF9pY29uX3BhY2tfb2suZ2lmIiBhbHQ9IuWQjOaiseWPryI+PGltZyBzcmM9Imh0dHA6Ly93d3cucmFrdXRlbi5uZS5qcC9nb2xkL3N0eWxlbWFya2V0L3dwLWNvbnRlbnQvdGhlbWVzL3N0eWxlbWFya2V0L2ltYWdlcy9zaG9wL2RldGFpbF9pY29uX2dpZnRfbmcuZ2lmIiBhbHQ9IuODqeODg+ODlOODs+OCsOS4jeWPryI+PGltZyBzcmM9Imh0dHA6Ly93d3cucmFrdXRlbi5uZS5qcC9nb2xkL3N0eWxlbWFya2V0L3dwLWNvbnRlbnQvdGhlbWVzL3N0eWxlbWFya2V0L2ltYWdlcy9zaG9wL2RldGFpbF9pY29uX3phaWtvX29yLmdpZiIgYWx0PSLjg6Hjg7zjgqvjg7zlj5blr4QiPjxpbWcgc3JjPSJodHRwOi8vd3d3LnJha3V0ZW4ubmUuanAvZ29sZC9zdHlsZW1hcmtldC93cC1jb250ZW50L3RoZW1lcy9zdHlsZW1hcmtldC9pbWFnZXMvc2hvcC9kZXRhaWxfaWNvbl9zaXRlaV9uZy5naWYiIGFsdD0i5pel5pmC5oyH5a6a5aSJ5YuV44GC44KKIj48aW1nIHNyYz0iaHR0cDovL3d3dy5yYWt1dGVuLm5lLmpwL2dvbGQvc3R5bGVtYXJrZXQvd3AtY29udGVudC90aGVtZXMvc3R5bGVtYXJrZXQvaW1hZ2VzL3Nob3AvZGV0YWlsX2ljb25fcGF5bWVudF9iYW5rLmdpZiIgYWx0PSLpioDooYzmjK/ovrwiPjxpbWcgc3JjPSJodHRwOi8vd3d3LnJha3V0ZW4ubmUuanAvZ29sZC9zdHlsZW1hcmtldC93cC1jb250ZW50L3RoZW1lcy9zdHlsZW1hcmtldC9pbWFnZXMvc2hvcC9kZXRhaWxfaWNvbl9wYXltZW50X2RhaWJpa2kuZ2lmIiBhbHQ9IuS7o+mHkeW8leaPmyI+PGltZyBzcmM9Imh0dHA6Ly93d3cucmFrdXRlbi5uZS5qcC9nb2xkL3N0eWxlbWFya2V0L3dwLWNvbnRlbnQvdGhlbWVzL3N0eWxlbWFya2V0L2ltYWdlcy9zaG9wL2RldGFpbF9pY29uX3NvdXJ5b3Vfc3AuZ2lmIiBhbHQ9IueJueauiumAgeaWmSI+PGJyPjxpbWcgc3JjPSJodHRwOi8vd3d3LnJha3V0ZW4ubmUuanAvZ29sZC9zdHlsZW1hcmtldC93cC1jb250ZW50L3RoZW1lcy9zdHlsZW1hcmtldC9pbWFnZXMvc2hvcC9kZXRhaWxfaWNvbl95YWppcnVzaS5naWYiPuOCouOCpOOCs+ODs+OBruiqrOaYjuOBr+OBk+OBoeOCiTwvcD4=,44K544K/44OD44OJ44Os44K544K/44Kk44OkIOODluODquODguOCueODiOODsyBCTElaWkFLIFZSWCAxNTUvNzBSMTIgNzNR77ya44K544K/44Kk44Or44Oe44O844Kx44OD44OI44CA5qW95aSp5biC5aC05bqX,5r+A5a6J44K/44Kk44Ok5Lit5Y+k44Kr44O855So5ZOB44Kr44O844OR44O844OE44Kr44O844OK44OT44Ky44O844K344On44Oz5a6J44GEQ0FS44Kr44O844Kq44O844OH44Kj44Kq6LuK44Ki44Km44OI44Os44OD44OI44Ob44Kk44Or44K544OG44OD44OX44Ov44K044Oz44K344O844OI44Kr44OQ44O844K544K/44OD44OJ44Os44K544OY44Or44Oh44OD44OI6LKp5aOy44Oe44OV44Op44O844K144K544Oa44Oz44K344On44Oz44Kq44O844OI44Ko44Ki44Ot44OR44O844OE44K544K/44OD44OJ44Os44K544K/44Kk44OkIOODluODquODguOCueODiOODsyBCTElaWkFLIFZSWCAxNTUvNzBSMTIgNzNR,44CQMTU1LzcwUjEyIDczUeOAkeOAguOCueOCv+ODg+ODieODrOOCueOCv+OCpOODpCDjg5bjg6rjg4Ljgrnjg4jjg7MgQkxJWlpBSyBWUlggMTU1LzcwUjEyIDczUQ==[rn]
34-95822,aHR0cDovL3RzaG9wLnIxMHMuanAvc3R5bGVtYXJrZXQvY2FiaW5ldC9tYW5hZ2VkL2ltZzEyLzEyNDc2LmpwZz9maXRpbj03MDA6NzAw,NDEyMC4wMDAw,,6LuK55So5ZOB44O744OQ44Kk44Kv55So5ZOBID4g44Kr44O855So5ZOBID4g44K544K/44OD44OJ44Os44K544K/44Kk44Ok,44K544K/44OD44OJ44Os44K544K/44Kk44OkIOODgOODs+ODreODg+ODlyBXSU5URVIgTUFYWCBTVjAxIDE0NS84MFIxMiA4MC83OE4=,44CQMTQ1LzgwUjEyIDgwLzc4TuOAkQ==,PHA+PGltZyBzcmM9Imh0dHA6Ly93d3cucmFrdXRlbi5uZS5qcC9nb2xkL3N0eWxlbWFya2V0L3dwLWNvbnRlbnQvdGhlbWVzL3N0eWxlbWFya2V0L2ltYWdlcy9zaG9wL3Jha3V0ZW5fZGV0YWlsX3RpcmVjb3Vwb25fZGV0YWlsLmpwZyI+PC9wPjxwPjxpbWcgc3JjPSJodHRwOi8vaW1hZ2UucmFrdXRlbi5jby5qcC9zdHlsZW1hcmtldC9jYWJpbmV0L21hbmFnZWQvaW1nMTIvMTI0NzYuanBnIj48L3A+PHN0cm9uZyBjbGFzcz0iYmctb3JhbmdlbGluZSI+5ZWG5ZOB6Kqs5piOPC9zdHJvbmc+PHA+5rC35LiK5oCn6IO944Gu6auY44GV44GM5aSn5aW96KmV44GuV0lOVEVSIE1BWFjjga7jgrPjgqLjg4bjgq/jg47jg63jgrjjg7zjgIxNQVhY44K344Oj44O844OX44Ko44OD44K444CN44Go44CM44OK44OO44OV44Kj44OD44OI44K044Og44CN44KS5o6h55So44CCPGJyPuawt+S4iuaAp+iDveOBrumrmOOBleOCkuW+ueW6lei/veaxguOBmeOCi+OBqOOBqOOCguOBq+ODqeOCpOODleaAp+iDveOCguWQjOaZguOBq+S4oeeri+OAgjxicj7jgb7jgZ/jgIHmjqXlnLDpnaLnqY3jga7mi6HlpKfjgafllYbnlKjou4rjgavmsYLjgoHjgonjgozjgovmk43nuKblronlrprmgKfog73jgpLlkJHkuIrjgZXjgZvjgZ/llYbnlKjou4rnlKjjgrnjgr/jg4Pjg4njg6zjgrnjgr/jgqTjg6TjgII8L3A+PHN0cm9uZyBjbGFzcz0iYmctb3JhbmdlbGluZSI+6KO95ZOB5LuV5qeYPC9zdHJvbmc+PHA+44Oh44O844Kr44O877yaRFVOTE9Q77yI44OA44Oz44Ot44OD44OX77yJPGJyPuODkeOCv+ODvOODs++8mldJTlRFUiBNQVhYIFNWMDHvvIjjgqbjgqTjg7Pjgr/jg7zjg57jg4Pjgq/jgrkg44Ko44K544OW44Kk44K844Ot44Ov44Oz77yJPGJyPuOCteOCpOOCuu+8mjE0NS84MFIxMiA4MC83OE48L3A+PHN0cm9uZyBjbGFzcz0iYmctb3JhbmdlbGluZSI+44K544K/44OD44OV44Kz44Oh44Oz44OIPC9zdHJvbmc+PHA+44GT44KM44GM44CM5a+G552A44CN44Gu5aiB5Yqb77yBPC9wPjxzdHJvbmcgY2xhc3M9ImJnLW9yYW5nZWxpbmUiPuOBneOBruS7ljwvc3Ryb25nPjxwPjxmb250IGNvbG9yPSJvcmFuZ2UiPjxiPuOBiuWuouanmOOCiOOCiuOBk+OCk+OBquOBiuWVj+OBhOWQiOOCj+OBm+OCkuOBhOOBn+OBoOOBjeOBvuOBl+OBnzwvYj48L2ZvbnQ+PGJyPjxicj48Yj5ROuijvemAoOW5tOOBr+aMh+WumuOBp+OBjeOBvuOBmeOBi++8nzwvYj48YnI+PGZvbnQgY29sb3I9Im9yYW5nZSI+PGI+QTo8L2I+PC9mb250PuOBiuWuouanmOOBuOOBruOCteODvOODk+OCueOBruS4gOeSsOOBqOOBl+OBpuOCr+ODvOODneODs+OCkuOBlOeUqOaEj+iHtOOBl+OBvuOBl+OBn+OAgjxicj7jgq/jg7zjg53jg7PjgajkuIDnt5Ljgavjgr/jgqTjg6TjgpLjgZTms6jmlofjgYTjgZ/jgaDjgY/jgZPjgajjgafjgIHlronlv4PjgZfjgabmlrDjgZfjgYTjgr/jgqTjg6Tjga7jgYrlsYrjgZHjgpLjgYrlvoXjgaHkuIvjgZXjgYTjgII8YnI+PGJyPjxiPlE6MeacrOOBruS+oeagvOOBp+OBmeOBi++8nzwvYj48YnI+PGZvbnQgY29sb3I9Im9yYW5nZSI+PGI+QTo8L2I+PC9mb250PuOBr+OBhOOAguOCv+OCpOODpDHmnKzjga7kvqHmoLzjgajjgarjgorjgb7jgZnjgII8YnI+NOacrOOBlOazqOaWh+OBruWgtOWQiOOBr+OAjuihqOekuuS+oeagvMOXNOOAj+OBq+OBquOCiuOBvuOBmeOAgjxicj48YnI+PGI+UTrjg5vjgqTjg7zjg6vjga/ku5jlsZ7jgZfjgb7jgZnjgYvvvJ88L2I+PGJyPjxmb250IGNvbG9yPSJvcmFuZ2UiPjxiPkE6PC9iPjwvZm9udD7ooajnpLrkvqHmoLzjga/mlrDlk4Hjgr/jgqTjg6Qx5pys44Gu5L6h5qC844Go44Gq44KK44CB44Ob44Kk44O844Or44Gv5LuY5bGe44GX44G+44Gb44KT44CCPGJyPuODm+OCpOODvOODq+OCkuOBlOW4jOacm+OBruOBiuWuouanmOOBq+OBr+WIpemAlOOBiuimi+epjeOCguOCiuOCkuOBhOOBn+OBl+OBvuOBmeOBruOBp+OAgei7iueoruOAgeW5tOW8j+OAgeWei+W8j+OAgeOCv+OCpOODpOOCteOCpOOCuuOCkuiomOi8ieOBruS4iuOAgeOBiuWVj+OBhOWQiOOCj+OBm+OBj+OBoOOBleOBhOOBvuOBm+OAgjxicj48YnI+PGI+UTrku4rpoLzjgpPjgaDjgonjgYTjgaTlsYrjgY3jgb7jgZnjgYvvvJ88L2I+PGJyPjxmb250IGNvbG9yPSJvcmFuZ2UiPjxiPkE6PC9iPjwvZm9udD7msbrmuIjjgYznorroqo3jgafjgY3jgozjgbDjgIHjgZTms6jmlofml6XjgYvjgoky5Za25qWt5pel5Lul5YaF44Gr57SEOTAl44Gu44GU5rOo5paH44Gu5ZWG5ZOB44KS55m66YCB44Gn44GN44Gm44GE44G+44GZ44CCPGJyPuaui+OCiuOBrue0hDgl44GvMTDllrbmpa3ml6Xku6XlhoXjgIHmrKDlk4HjgafntI3mnJ/jga7nm67lh6bjgYznq4vjgZ/jgZrjgavjgYrlsYrjgZHjgafjgY3jgarjgYTjgoLjga7jga8yJeW8seOBqOOBquOBo+OBpuOBiuOCiuOBvuOBmeOAgjxicj48YnI+PGI+UTrpgIHmlpnjga/jgYTjgY/jgonjgafjgZnjgYvvvJ88L2I+PGJyPjxmb250IGNvbG9yPSJvcmFuZ2UiPjxiPkE6PC9iPjwvZm9udD7lv4XopoHmnKzmlbDjgavlv5zjgZjjgZ/mlpnph5HooajjgYzjgZTjgZbjgYTjgb7jgZnjga7jgafjgIHjgZ3jgaHjgonjgpLjgZTnorroqo3kuIvjgZXjgYTjgII8YnI+PGJyPjxiPlE656iO6L6844G/44Gn44GZ44GL77yfPC9iPjxicj48Zm9udCBjb2xvcj0ib3JhbmdlIj48Yj5BOjwvYj48L2ZvbnQ+56iO6L685L6h5qC844Gn6KGo56S644GX44Gm44GK44KK44G+44GZ44CCPGJyPuWGheeojuOBp+OBmeOBruOBp+OAgeWuieW/g+OBl+OBpuOBiuiyt+OBhOaxguOCgeS4i+OBleOBhOOAgjwvcD48cD48Yj7igLvjgYrlsYrjgZHjgavplqLjgZfjgaY8L2I+PGJyPuOBlOazqOaWh+OCkumgguOBj+W6puOBq+ODoeODvOOCq+ODvOOCiOOCiuWPluOCiuWvhOOBm+OCkuOBl+OBvuOBmeOAgjxicj7jgZ3jga7ngrrjgZTms6jmlofjgYvjgoky772eM+aXpeOBu+OBqeOBp+WHuuiNt+WPr+iDveOBp+OBmeOAgjxicj7jgb7jgZ/jgIHjg6Hjg7zjgqvjg7zjgavjgYrjgYTjgablnKjluqvliIfjgozjga7loLTlkIjjga/nmbrpgIHjgb7jgafjgasy772eM+aXpeS7peS4iuOBruOBiuaZgumWk+mgguOBj+WgtOWQiOOBjOOBlOOBluOBhOOBvuOBmeOAgjxicj7oqqDjgavmgZDjgozlhaXjgorjgb7jgZnjgYzjgIHjgYrmgKXjgY7jga7loLTlkIjjga/jgZTms6jmlofliY3jga7lnKjluqvnorroqo3jgpLjgYrpoZjjgYTnlLPjgZfkuIrjgZLjgb7jgZnjgII8L3A+PHA+PGltZyBzcmM9Imh0dHA6Ly93d3cucmFrdXRlbi5uZS5qcC9nb2xkL3N0eWxlbWFya2V0L3dwLWNvbnRlbnQvdGhlbWVzL3N0eWxlbWFya2V0L2ltYWdlcy9zaG9wL2RldGFpbF9pY29uX3BhY2tfb2suZ2lmIiBhbHQ9IuWQjOaiseWPryI+PGltZyBzcmM9Imh0dHA6Ly93d3cucmFrdXRlbi5uZS5qcC9nb2xkL3N0eWxlbWFya2V0L3dwLWNvbnRlbnQvdGhlbWVzL3N0eWxlbWFya2V0L2ltYWdlcy9zaG9wL2RldGFpbF9pY29uX2dpZnRfbmcuZ2lmIiBhbHQ9IuODqeODg+ODlOODs+OCsOS4jeWPryI+PGltZyBzcmM9Imh0dHA6Ly93d3cucmFrdXRlbi5uZS5qcC9nb2xkL3N0eWxlbWFya2V0L3dwLWNvbnRlbnQvdGhlbWVzL3N0eWxlbWFya2V0L2ltYWdlcy9zaG9wL2RldGFpbF9pY29uX3phaWtvX29yLmdpZiIgYWx0PSLjg6Hjg7zjgqvjg7zlj5blr4QiPjxpbWcgc3JjPSJodHRwOi8vd3d3LnJha3V0ZW4ubmUuanAvZ29sZC9zdHlsZW1hcmtldC93cC1jb250ZW50L3RoZW1lcy9zdHlsZW1hcmtldC9pbWFnZXMvc2hvcC9kZXRhaWxfaWNvbl9zaXRlaV9uZy5naWYiIGFsdD0i5pel5pmC5oyH5a6a5aSJ5YuV44GC44KKIj48aW1nIHNyYz0iaHR0cDovL3d3dy5yYWt1dGVuLm5lLmpwL2dvbGQvc3R5bGVtYXJrZXQvd3AtY29udGVudC90aGVtZXMvc3R5bGVtYXJrZXQvaW1hZ2VzL3Nob3AvZGV0YWlsX2ljb25fcGF5bWVudF9iYW5rLmdpZiIgYWx0PSLpioDooYzmjK/ovrwiPjxpbWcgc3JjPSJodHRwOi8vd3d3LnJha3V0ZW4ubmUuanAvZ29sZC9zdHlsZW1hcmtldC93cC1jb250ZW50L3RoZW1lcy9zdHlsZW1hcmtldC9pbWFnZXMvc2hvcC9kZXRhaWxfaWNvbl9wYXltZW50X2RhaWJpa2kuZ2lmIiBhbHQ9IuS7o+mHkeW8leaPmyI+PGltZyBzcmM9Imh0dHA6Ly93d3cucmFrdXRlbi5uZS5qcC9nb2xkL3N0eWxlbWFya2V0L3dwLWNvbnRlbnQvdGhlbWVzL3N0eWxlbWFya2V0L2ltYWdlcy9zaG9wL2RldGFpbF9pY29uX3NvdXJ5b3Vfc3AuZ2lmIiBhbHQ9IueJueauiumAgeaWmSI+PGJyPjxpbWcgc3JjPSJodHRwOi8vd3d3LnJha3V0ZW4ubmUuanAvZ29sZC9zdHlsZW1hcmtldC93cC1jb250ZW50L3RoZW1lcy9zdHlsZW1hcmtldC9pbWFnZXMvc2hvcC9kZXRhaWxfaWNvbl95YWppcnVzaS5naWYiPuOCouOCpOOCs+ODs+OBruiqrOaYjuOBr+OBk+OBoeOCiTwvcD4=,44K544K/44OD44OJ44Os44K544K/44Kk44OkIOODgOODs+ODreODg+ODlyBXSU5URVIgTUFYWCBTVjAxIDE0NS84MFIxMiA4MC83OE7vvJrjgrnjgr/jgqTjg6vjg57jg7zjgrHjg4Pjg4jjgIDmpb3lpKnluILloLTlupc=,5r+A5a6J44K/44Kk44Ok5Lit5Y+k44Kr44O855So5ZOB44Kr44O844OR44O844OE44Kr44O844OK44OT44Ky44O844K344On44Oz5a6J44GEQ0FS44Kr44O844Kq44O844OH44Kj44Kq6LuK44Ki44Km44OI44Os44OD44OI44Ob44Kk44Or44K544OG44OD44OX44Ov44K044Oz44K344O844OI44Kr44OQ44O844K544K/44OD44OJ44Os44K544OY44Or44Oh44OD44OI6LKp5aOy44Oe44OV44Op44O844K144K544Oa44Oz44K344On44Oz44Kq44O844OI44Ko44Ki44Ot44OR44O844OE44K544K/44OD44OJ44Os44K544K/44Kk44OkIOODgOODs+ODreODg+ODlyBXSU5URVIgTUFYWCBTVjAxIDE0NS84MFIxMiA4MC83OE4=,44CQMTQ1LzgwUjEyIDgwLzc4TuOAkeOAguOCueOCv+ODg+ODieODrOOCueOCv+OCpOODpCDjg4Djg7Pjg63jg4Pjg5cgV0lOVEVSIE1BWFggU1YwMSAxNDUvODBSMTIgODAvNzhO[rn]
34-95823,aHR0cDovL3RzaG9wLnIxMHMuanAvc3R5bGVtYXJrZXQvY2FiaW5ldC9tYW5hZ2VkL2ltZzEyLzEyNDc2LmpwZz9maXRpbj03MDA6NzAw,NTQ1Ni4wMDAw,,6LuK55So5ZOB44O744OQ44Kk44Kv55So5ZOBID4g44Kr44O855So5ZOBID4g44K544K/44OD44OJ44Os44K544K/44Kk44Ok,44K544K/44OD44OJ44Os44K544K/44Kk44OkIOODgOODs+ODreODg+ODlyBXSU5URVIgTUFYWCBTVjAxIDE1NVIxMiA2UFI=,44CQMTU1UjEyIDZQUuOAkQ==,PHA+PGltZyBzcmM9Imh0dHA6Ly93d3cucmFrdXRlbi5uZS5qcC9nb2xkL3N0eWxlbWFya2V0L3dwLWNvbnRlbnQvdGhlbWVzL3N0eWxlbWFya2V0L2ltYWdlcy9zaG9wL3Jha3V0ZW5fZGV0YWlsX3RpcmVjb3Vwb25fZGV0YWlsLmpwZyI+PC9wPjxwPjxpbWcgc3JjPSJodHRwOi8vaW1hZ2UucmFrdXRlbi5jby5qcC9zdHlsZW1hcmtldC9jYWJpbmV0L21hbmFnZWQvaW1nMTIvMTI0NzYuanBnIj48L3A+PHN0cm9uZyBjbGFzcz0iYmctb3JhbmdlbGluZSI+5ZWG5ZOB6Kqs5piOPC9zdHJvbmc+PHA+5rC35LiK5oCn6IO944Gu6auY44GV44GM5aSn5aW96KmV44GuV0lOVEVSIE1BWFjjga7jgrPjgqLjg4bjgq/jg47jg63jgrjjg7zjgIxNQVhY44K344Oj44O844OX44Ko44OD44K444CN44Go44CM44OK44OO44OV44Kj44OD44OI44K044Og44CN44KS5o6h55So44CCPGJyPuawt+S4iuaAp+iDveOBrumrmOOBleOCkuW+ueW6lei/veaxguOBmeOCi+OBqOOBqOOCguOBq+ODqeOCpOODleaAp+iDveOCguWQjOaZguOBq+S4oeeri+OAgjxicj7jgb7jgZ/jgIHmjqXlnLDpnaLnqY3jga7mi6HlpKfjgafllYbnlKjou4rjgavmsYLjgoHjgonjgozjgovmk43nuKblronlrprmgKfog73jgpLlkJHkuIrjgZXjgZvjgZ/llYbnlKjou4rnlKjjgrnjgr/jg4Pjg4njg6zjgrnjgr/jgqTjg6TjgII8L3A+PHN0cm9uZyBjbGFzcz0iYmctb3JhbmdlbGluZSI+6KO95ZOB5LuV5qeYPC9zdHJvbmc+PHA+44Oh44O844Kr44O877yaRFVOTE9Q77yI44OA44Oz44Ot44OD44OX77yJPGJyPuODkeOCv+ODvOODs++8mldJTlRFUiBNQVhYIFNWMDHvvIjjgqbjgqTjg7Pjgr/jg7zjg57jg4Pjgq/jgrkg44Ko44K544OW44Kk44K844Ot44Ov44Oz77yJPGJyPuOCteOCpOOCuu+8mjE1NVIxMiA2UFI8L3A+PHN0cm9uZyBjbGFzcz0iYmctb3JhbmdlbGluZSI+44K544K/44OD44OV44Kz44Oh44Oz44OIPC9zdHJvbmc+PHA+44GT44KM44GM44CM5a+G552A44CN44Gu5aiB5Yqb77yBPC9wPjxzdHJvbmcgY2xhc3M9ImJnLW9yYW5nZWxpbmUiPuOBneOBruS7ljwvc3Ryb25nPjxwPjxmb250IGNvbG9yPSJvcmFuZ2UiPjxiPuOBiuWuouanmOOCiOOCiuOBk+OCk+OBquOBiuWVj+OBhOWQiOOCj+OBm+OCkuOBhOOBn+OBoOOBjeOBvuOBl+OBnzwvYj48L2ZvbnQ+PGJyPjxicj48Yj5ROuijvemAoOW5tOOBr+aMh+WumuOBp+OBjeOBvuOBmeOBi++8nzwvYj48YnI+PGZvbnQgY29sb3I9Im9yYW5nZSI+PGI+QTo8L2I+PC9mb250PuOBiuWuouanmOOBuOOBruOCteODvOODk+OCueOBruS4gOeSsOOBqOOBl+OBpuOCr+ODvOODneODs+OCkuOBlOeUqOaEj+iHtOOBl+OBvuOBl+OBn+OAgjxicj7jgq/jg7zjg53jg7PjgajkuIDnt5Ljgavjgr/jgqTjg6TjgpLjgZTms6jmlofjgYTjgZ/jgaDjgY/jgZPjgajjgafjgIHlronlv4PjgZfjgabmlrDjgZfjgYTjgr/jgqTjg6Tjga7jgYrlsYrjgZHjgpLjgYrlvoXjgaHkuIvjgZXjgYTjgII8YnI+PGJyPjxiPlE6MeacrOOBruS+oeagvOOBp+OBmeOBi++8nzwvYj48YnI+PGZvbnQgY29sb3I9Im9yYW5nZSI+PGI+QTo8L2I+PC9mb250PuOBr+OBhOOAguOCv+OCpOODpDHmnKzjga7kvqHmoLzjgajjgarjgorjgb7jgZnjgII8YnI+NOacrOOBlOazqOaWh+OBruWgtOWQiOOBr+OAjuihqOekuuS+oeagvMOXNOOAj+OBq+OBquOCiuOBvuOBmeOAgjxicj48YnI+PGI+UTrjg5vjgqTjg7zjg6vjga/ku5jlsZ7jgZfjgb7jgZnjgYvvvJ88L2I+PGJyPjxmb250IGNvbG9yPSJvcmFuZ2UiPjxiPkE6PC9iPjwvZm9udD7ooajnpLrkvqHmoLzjga/mlrDlk4Hjgr/jgqTjg6Qx5pys44Gu5L6h5qC844Go44Gq44KK44CB44Ob44Kk44O844Or44Gv5LuY5bGe44GX44G+44Gb44KT44CCPGJyPuODm+OCpOODvOODq+OCkuOBlOW4jOacm+OBruOBiuWuouanmOOBq+OBr+WIpemAlOOBiuimi+epjeOCguOCiuOCkuOBhOOBn+OBl+OBvuOBmeOBruOBp+OAgei7iueoruOAgeW5tOW8j+OAgeWei+W8j+OAgeOCv+OCpOODpOOCteOCpOOCuuOCkuiomOi8ieOBruS4iuOAgeOBiuWVj+OBhOWQiOOCj+OBm+OBj+OBoOOBleOBhOOBvuOBm+OAgjxicj48YnI+PGI+UTrku4rpoLzjgpPjgaDjgonjgYTjgaTlsYrjgY3jgb7jgZnjgYvvvJ88L2I+PGJyPjxmb250IGNvbG9yPSJvcmFuZ2UiPjxiPkE6PC9iPjwvZm9udD7msbrmuIjjgYznorroqo3jgafjgY3jgozjgbDjgIHjgZTms6jmlofml6XjgYvjgoky5Za25qWt5pel5Lul5YaF44Gr57SEOTAl44Gu44GU5rOo5paH44Gu5ZWG5ZOB44KS55m66YCB44Gn44GN44Gm44GE44G+44GZ44CCPGJyPuaui+OCiuOBrue0hDgl44GvMTDllrbmpa3ml6Xku6XlhoXjgIHmrKDlk4HjgafntI3mnJ/jga7nm67lh6bjgYznq4vjgZ/jgZrjgavjgYrlsYrjgZHjgafjgY3jgarjgYTjgoLjga7jga8yJeW8seOBqOOBquOBo+OBpuOBiuOCiuOBvuOBmeOAgjxicj48YnI+PGI+UTrpgIHmlpnjga/jgYTjgY/jgonjgafjgZnjgYvvvJ88L2I+PGJyPjxmb250IGNvbG9yPSJvcmFuZ2UiPjxiPkE6PC9iPjwvZm9udD7lv4XopoHmnKzmlbDjgavlv5zjgZjjgZ/mlpnph5HooajjgYzjgZTjgZbjgYTjgb7jgZnjga7jgafjgIHjgZ3jgaHjgonjgpLjgZTnorroqo3kuIvjgZXjgYTjgII8YnI+PGJyPjxiPlE656iO6L6844G/44Gn44GZ44GL77yfPC9iPjxicj48Zm9udCBjb2xvcj0ib3JhbmdlIj48Yj5BOjwvYj48L2ZvbnQ+56iO6L685L6h5qC844Gn6KGo56S644GX44Gm44GK44KK44G+44GZ44CCPGJyPuWGheeojuOBp+OBmeOBruOBp+OAgeWuieW/g+OBl+OBpuOBiuiyt+OBhOaxguOCgeS4i+OBleOBhOOAgjwvcD48cD48Yj7igLvjgYrlsYrjgZHjgavplqLjgZfjgaY8L2I+PGJyPuOBlOazqOaWh+OCkumgguOBj+W6puOBq+ODoeODvOOCq+ODvOOCiOOCiuWPluOCiuWvhOOBm+OCkuOBl+OBvuOBmeOAgjxicj7jgZ3jga7ngrrjgZTms6jmlofjgYvjgoky772eM+aXpeOBu+OBqeOBp+WHuuiNt+WPr+iDveOBp+OBmeOAgjxicj7jgb7jgZ/jgIHjg6Hjg7zjgqvjg7zjgavjgYrjgYTjgablnKjluqvliIfjgozjga7loLTlkIjjga/nmbrpgIHjgb7jgafjgasy772eM+aXpeS7peS4iuOBruOBiuaZgumWk+mgguOBj+WgtOWQiOOBjOOBlOOBluOBhOOBvuOBmeOAgjxicj7oqqDjgavmgZDjgozlhaXjgorjgb7jgZnjgYzjgIHjgYrmgKXjgY7jga7loLTlkIjjga/jgZTms6jmlofliY3jga7lnKjluqvnorroqo3jgpLjgYrpoZjjgYTnlLPjgZfkuIrjgZLjgb7jgZnjgII8L3A+PHA+PGltZyBzcmM9Imh0dHA6Ly93d3cucmFrdXRlbi5uZS5qcC9nb2xkL3N0eWxlbWFya2V0L3dwLWNvbnRlbnQvdGhlbWVzL3N0eWxlbWFya2V0L2ltYWdlcy9zaG9wL2RldGFpbF9pY29uX3BhY2tfb2suZ2lmIiBhbHQ9IuWQjOaiseWPryI+PGltZyBzcmM9Imh0dHA6Ly93d3cucmFrdXRlbi5uZS5qcC9nb2xkL3N0eWxlbWFya2V0L3dwLWNvbnRlbnQvdGhlbWVzL3N0eWxlbWFya2V0L2ltYWdlcy9zaG9wL2RldGFpbF9pY29uX2dpZnRfbmcuZ2lmIiBhbHQ9IuODqeODg+ODlOODs+OCsOS4jeWPryI+PGltZyBzcmM9Imh0dHA6Ly93d3cucmFrdXRlbi5uZS5qcC9nb2xkL3N0eWxlbWFya2V0L3dwLWNvbnRlbnQvdGhlbWVzL3N0eWxlbWFya2V0L2ltYWdlcy9zaG9wL2RldGFpbF9pY29uX3phaWtvX29yLmdpZiIgYWx0PSLjg6Hjg7zjgqvjg7zlj5blr4QiPjxpbWcgc3JjPSJodHRwOi8vd3d3LnJha3V0ZW4ubmUuanAvZ29sZC9zdHlsZW1hcmtldC93cC1jb250ZW50L3RoZW1lcy9zdHlsZW1hcmtldC9pbWFnZXMvc2hvcC9kZXRhaWxfaWNvbl9zaXRlaV9uZy5naWYiIGFsdD0i5pel5pmC5oyH5a6a5aSJ5YuV44GC44KKIj48aW1nIHNyYz0iaHR0cDovL3d3dy5yYWt1dGVuLm5lLmpwL2dvbGQvc3R5bGVtYXJrZXQvd3AtY29udGVudC90aGVtZXMvc3R5bGVtYXJrZXQvaW1hZ2VzL3Nob3AvZGV0YWlsX2ljb25fcGF5bWVudF9iYW5rLmdpZiIgYWx0PSLpioDooYzmjK/ovrwiPjxpbWcgc3JjPSJodHRwOi8vd3d3LnJha3V0ZW4ubmUuanAvZ29sZC9zdHlsZW1hcmtldC93cC1jb250ZW50L3RoZW1lcy9zdHlsZW1hcmtldC9pbWFnZXMvc2hvcC9kZXRhaWxfaWNvbl9wYXltZW50X2RhaWJpa2kuZ2lmIiBhbHQ9IuS7o+mHkeW8leaPmyI+PGltZyBzcmM9Imh0dHA6Ly93d3cucmFrdXRlbi5uZS5qcC9nb2xkL3N0eWxlbWFya2V0L3dwLWNvbnRlbnQvdGhlbWVzL3N0eWxlbWFya2V0L2ltYWdlcy9zaG9wL2RldGFpbF9pY29uX3NvdXJ5b3Vfc3AuZ2lmIiBhbHQ9IueJueauiumAgeaWmSI+PGJyPjxpbWcgc3JjPSJodHRwOi8vd3d3LnJha3V0ZW4ubmUuanAvZ29sZC9zdHlsZW1hcmtldC93cC1jb250ZW50L3RoZW1lcy9zdHlsZW1hcmtldC9pbWFnZXMvc2hvcC9kZXRhaWxfaWNvbl95YWppcnVzaS5naWYiPuOCouOCpOOCs+ODs+OBruiqrOaYjuOBr+OBk+OBoeOCiTwvcD4=,44K544K/44OD44OJ44Os44K544K/44Kk44OkIOODgOODs+ODreODg+ODlyBXSU5URVIgTUFYWCBTVjAxIDE1NVIxMiA2UFLvvJrjgrnjgr/jgqTjg6vjg57jg7zjgrHjg4Pjg4jjgIDmpb3lpKnluILloLTlupc=,5r+A5a6J44K/44Kk44Ok5Lit5Y+k44Kr44O855So5ZOB44Kr44O844OR44O844OE44Kr44O844OK44OT44Ky44O844K344On44Oz5a6J44GEQ0FS44Kr44O844Kq44O844OH44Kj44Kq6LuK44Ki44Km44OI44Os44OD44OI44Ob44Kk44Or44K544OG44OD44OX44Ov44K044Oz44K344O844OI44Kr44OQ44O844K544K/44OD44OJ44Os44K544OY44Or44Oh44OD44OI6LKp5aOy44Oe44OV44Op44O844K144K544Oa44Oz44K344On44Oz44Kq44O844OI44Ko44Ki44Ot44OR44O844OE44K544K/44OD44OJ44Os44K544K/44Kk44OkIOODgOODs+ODreODg+ODlyBXSU5URVIgTUFYWCBTVjAxIDE1NVIxMiA2UFI=,44CQMTU1UjEyIDZQUuOAkeOAguOCueOCv+ODg+ODieODrOOCueOCv+OCpOODpCDjg4Djg7Pjg63jg4Pjg5cgV0lOVEVSIE1BWFggU1YwMSAxNTVSMTIgNlBS[rn]
34-95824,aHR0cDovL3RzaG9wLnIxMHMuanAvc3R5bGVtYXJrZXQvY2FiaW5ldC9tYW5hZ2VkL2ltZzEzLzEzOTg5LmpwZz9maXRpbj03MDA6NzAw,MzYxNi4wMDAw,,6LuK55So5ZOB44O744OQ44Kk44Kv55So5ZOBID4g44Kr44O855So5ZOBID4g44K544K/44OD44OJ44Os44K544K/44Kk44Ok,44K544K/44OD44OJ44Os44K544K/44Kk44OkIOODqOOCs+ODj+ODniBpY2UgR1VBUkQgVFJJUExFIFBMVVMgaUczMCAxNTUvNzBSMTIgNzNR,44CQMTU1LzcwUjEyIDczUeOAkQ==,PHA+PGltZyBzcmM9Imh0dHA6Ly93d3cucmFrdXRlbi5uZS5qcC9nb2xkL3N0eWxlbWFya2V0L3dwLWNvbnRlbnQvdGhlbWVzL3N0eWxlbWFya2V0L2ltYWdlcy9zaG9wL3Jha3V0ZW5fZGV0YWlsX3RpcmVjb3Vwb25fZGV0YWlsLmpwZyI+PC9wPjxwPjxpbWcgc3JjPSJodHRwOi8vaW1hZ2UucmFrdXRlbi5jby5qcC9zdHlsZW1hcmtldC9jYWJpbmV0L21hbmFnZWQvaW1nMTMvMTM5ODkuanBnIj48YnI+PGltZyBzcmM9Imh0dHA6Ly9pbWFnZS5yYWt1dGVuLmNvLmpwL3N0eWxlbWFya2V0L2NhYmluZXQvbWFuYWdlZC9pbWcxMy8xMzk5MC5qcGciPjxicj48aW1nIHNyYz0iaHR0cDovL2ltYWdlLnJha3V0ZW4uY28uanAvc3R5bGVtYXJrZXQvY2FiaW5ldC9tYW5hZ2VkL2ltZzEzLzEzOTkxLmpwZyI+PC9wPjxzdHJvbmcgY2xhc3M9ImJnLW9yYW5nZWxpbmUiPuWVhuWTgeiqrOaYjjwvc3Ryb25nPjxwPjxiPllPS09IQU1B44K544K/44OD44OJ44Os44K544K/44Kk44Ok5Y+y5LiK5pyA6auY44Gu5rC35LiK5oCn6IO944Gr55yB54eD6LK75oCn6IO944KS44OX44Op44K5PC9iPjxicj7jg7tZT0tPSEFNQeOCueOCv+ODg+ODieODrOOCueOCv+OCpOODpOWPsuS4iuacgOmrmOOBruawt+S4iuaAp+iDvTxicj5pY2UgR1VBUkQgQkxBQ0sgaUcyMOOBq+avlOOBueOBpuWEquOCjOOBn+awt+S4iuWItuWLleaAp+iDveOCkueZuuaPruOBl+OBn2ljZSBHVUFSRCBUUklQTEUgaUczMOOAgjxicj5pY2UgR1VBUkQgVFJJUExFIFBMVVMgaUczMOOCgllPS09IQU1B44K544K/44OD44OJ44Os44K544K/44Kk44Ok5Y+y5LiK5pyA6auY44Gu5rC35LiK5oCn6IO944KS5L+d5pyJ44CCPGJyPuODu+ODluODqeODg+OCr+ODneODquODnuODvDLmjqHnlKjvvIjjgrnjgr/jg4Pjg4njg6zjgrnjgr/jgqTjg6TmgKfog73jga7ntq3mjIHjgavosqLnjK7vvIk8YnI+44K/44Kk44Ok44Gv44CM44K044Og44Gu5p+U44KJ44GL44GV44CN44KS5L+d44Gk44Kq44Kk44Or44GM5oqc44GR44KL44Go56Gs44GP44Gq44KL44CCPGJyPuODluODqeODg+OCr+ODneODquODnuODvDLjga/liIblrZDjgYzlpKfjgY3jgY/jgIHjgqrjgqTjg6vjgavmr5TjgbnjgabmipzjgZHjgavjgY/jgYTjgII8YnI+44Gg44GL44KJ44CM5rC444GP5Yq544GP44CN44CCPGJyPuODu+OBk+OCjeOBjOOCiuaKteaKl+e0hDTvvIXkvY7muJvvvIjjgZPjgo3jgYzjgormirXmipfjga7kvY7muJvjga/nh4Posrvjga7mlLnlloTjgavosqLnjK7vvIk8YnI+aWNlIEdVQVJEIFRSSVBMRSBQTFVTIGlHMzDjga/jgr/jgqTjg6Tmp4vpgKDjga7opovnm7TjgZfjgavjgojjgorjgIHjgZPjgo3jgYzjgormirXmipfjgpLntIQ077yF5L2O5rib44GX44G+44GX44Gf44CCPC9wPjxzdHJvbmcgY2xhc3M9ImJnLW9yYW5nZWxpbmUiPuijveWTgeS7leanmDwvc3Ryb25nPjxwPuODoeODvOOCq+ODvO+8mllPS09IQU1B77yI44Oo44Kz44OP44Oe77yJPGJyPuODkeOCv+ODvOODs++8mmljZSBHVUFSRCBUUklQTEUgUExVUyBpRzMw77yI44Ki44Kk44K544Ks44O844OJIOODiOODquODl+ODq+ODl+ODqeOCuSDjgqLjgqTjgrjjg7zjgrXjg7Pjgrjjg6XjgqbvvIk8YnI+44K144Kk44K677yaMTU1LzcwUjEyIDczUTwvcD48c3Ryb25nIGNsYXNzPSJiZy1vcmFuZ2VsaW5lIj7jgrnjgr/jg4Pjg5XjgrPjg6Hjg7Pjg4g8L3N0cm9uZz48cD7jgrTjg6Djga7noazjgZXjgpLjgZXjgonjgavjgrPjg7Pjg4jjg63jg7zjg6vjgZfjgabmgKfog73jgpLlkJHkuIrvvIHkurrmsJfjga7muKnluqblr77lv5zjgrnjgr/jg4Pjg4njg6zjgrnjgYzjgZXjgonjgavpgLLljJbjgZfjgb7jgZfjgZ/jgII8L3A+PHN0cm9uZyBjbGFzcz0iYmctb3JhbmdlbGluZSI+44Gd44Gu5LuWPC9zdHJvbmc+PHA+PGZvbnQgY29sb3I9Im9yYW5nZSI+PGI+44GK5a6i5qeY44KI44KK44GT44KT44Gq44GK5ZWP44GE5ZCI44KP44Gb44KS44GE44Gf44Gg44GN44G+44GX44GfPC9iPjwvZm9udD48YnI+PGJyPjxiPlE66KO96YCg5bm044Gv5oyH5a6a44Gn44GN44G+44GZ44GL77yfPC9iPjxicj48Zm9udCBjb2xvcj0ib3JhbmdlIj48Yj5BOjwvYj48L2ZvbnQ+44GK5a6i5qeY44G444Gu44K144O844OT44K544Gu5LiA55Kw44Go44GX44Gm44Kv44O844Od44Oz44KS44GU55So5oSP6Ie044GX44G+44GX44Gf44CCPGJyPuOCr+ODvOODneODs+OBqOS4gOe3kuOBq+OCv+OCpOODpOOCkuOBlOazqOaWh+OBhOOBn+OBoOOBj+OBk+OBqOOBp+OAgeWuieW/g+OBl+OBpuaWsOOBl+OBhOOCv+OCpOODpOOBruOBiuWxiuOBkeOCkuOBiuW+heOBoeS4i+OBleOBhOOAgjxicj48YnI+PGI+UTox5pys44Gu5L6h5qC844Gn44GZ44GL77yfPC9iPjxicj48Zm9udCBjb2xvcj0ib3JhbmdlIj48Yj5BOjwvYj48L2ZvbnQ+44Gv44GE44CC44K/44Kk44OkMeacrOOBruS+oeagvOOBqOOBquOCiuOBvuOBmeOAgjxicj405pys44GU5rOo5paH44Gu5aC05ZCI44Gv44CO6KGo56S65L6h5qC8w5c044CP44Gr44Gq44KK44G+44GZ44CCPGJyPjxicj48Yj5ROuODm+OCpOODvOODq+OBr+S7mOWxnuOBl+OBvuOBmeOBi++8nzwvYj48YnI+PGZvbnQgY29sb3I9Im9yYW5nZSI+PGI+QTo8L2I+PC9mb250PuihqOekuuS+oeagvOOBr+aWsOWTgeOCv+OCpOODpDHmnKzjga7kvqHmoLzjgajjgarjgorjgIHjg5vjgqTjg7zjg6vjga/ku5jlsZ7jgZfjgb7jgZvjgpPjgII8YnI+44Ob44Kk44O844Or44KS44GU5biM5pyb44Gu44GK5a6i5qeY44Gr44Gv5Yil6YCU44GK6KaL56mN44KC44KK44KS44GE44Gf44GX44G+44GZ44Gu44Gn44CB6LuK56iu44CB5bm05byP44CB5Z6L5byP44CB44K/44Kk44Ok44K144Kk44K644KS6KiY6LyJ44Gu5LiK44CB44GK5ZWP44GE5ZCI44KP44Gb44GP44Gg44GV44GE44G+44Gb44CCPGJyPjxicj48Yj5ROuS7iumgvOOCk+OBoOOCieOBhOOBpOWxiuOBjeOBvuOBmeOBi++8nzwvYj48YnI+PGZvbnQgY29sb3I9Im9yYW5nZSI+PGI+QTo8L2I+PC9mb250Puaxuua4iOOBjOeiuuiqjeOBp+OBjeOCjOOBsOOAgeOBlOazqOaWh+aXpeOBi+OCiTLllrbmpa3ml6Xku6XlhoXjgavntIQ5MCXjga7jgZTms6jmlofjga7llYblk4HjgpLnmbrpgIHjgafjgY3jgabjgYTjgb7jgZnjgII8YnI+5q6L44KK44Gu57SEOCXjga8xMOWWtualreaXpeS7peWGheOAgeasoOWTgeOBp+e0jeacn+OBruebruWHpuOBjOeri+OBn+OBmuOBq+OBiuWxiuOBkeOBp+OBjeOBquOBhOOCguOBruOBrzIl5byx44Go44Gq44Gj44Gm44GK44KK44G+44GZ44CCPGJyPjxicj48Yj5ROumAgeaWmeOBr+OBhOOBj+OCieOBp+OBmeOBi++8nzwvYj48YnI+PGZvbnQgY29sb3I9Im9yYW5nZSI+PGI+QTo8L2I+PC9mb250PuW/heimgeacrOaVsOOBq+W/nOOBmOOBn+aWmemHkeihqOOBjOOBlOOBluOBhOOBvuOBmeOBruOBp+OAgeOBneOBoeOCieOCkuOBlOeiuuiqjeS4i+OBleOBhOOAgjxicj48YnI+PGI+UTrnqI7ovrzjgb/jgafjgZnjgYvvvJ88L2I+PGJyPjxmb250IGNvbG9yPSJvcmFuZ2UiPjxiPkE6PC9iPjwvZm9udD7nqI7ovrzkvqHmoLzjgafooajnpLrjgZfjgabjgYrjgorjgb7jgZnjgII8YnI+5YaF56iO44Gn44GZ44Gu44Gn44CB5a6J5b+D44GX44Gm44GK6LK344GE5rGC44KB5LiL44GV44GE44CCPC9wPjxwPjxiPuKAu+OBiuWxiuOBkeOBq+mWouOBl+OBpjwvYj48YnI+44GU5rOo5paH44KS6aCC44GP5bqm44Gr44Oh44O844Kr44O844KI44KK5Y+W44KK5a+E44Gb44KS44GX44G+44GZ44CCPGJyPuOBneOBrueCuuOBlOazqOaWh+OBi+OCiTLvvZ4z5pel44G744Gp44Gn5Ye66I235Y+v6IO944Gn44GZ44CCPGJyPuOBvuOBn+OAgeODoeODvOOCq+ODvOOBq+OBiuOBhOOBpuWcqOW6q+WIh+OCjOOBruWgtOWQiOOBr+eZuumAgeOBvuOBp+OBqzLvvZ4z5pel5Lul5LiK44Gu44GK5pmC6ZaT6aCC44GP5aC05ZCI44GM44GU44GW44GE44G+44GZ44CCPGJyPuiqoOOBq+aBkOOCjOWFpeOCiuOBvuOBmeOBjOOAgeOBiuaApeOBjuOBruWgtOWQiOOBr+OBlOazqOaWh+WJjeOBruWcqOW6q+eiuuiqjeOCkuOBiumhmOOBhOeUs+OBl+S4iuOBkuOBvuOBmeOAgjwvcD48cD48aW1nIHNyYz0iaHR0cDovL3d3dy5yYWt1dGVuLm5lLmpwL2dvbGQvc3R5bGVtYXJrZXQvd3AtY29udGVudC90aGVtZXMvc3R5bGVtYXJrZXQvaW1hZ2VzL3Nob3AvZGV0YWlsX2ljb25fcGFja19vay5naWYiIGFsdD0i5ZCM5qKx5Y+vIj48aW1nIHNyYz0iaHR0cDovL3d3dy5yYWt1dGVuLm5lLmpwL2dvbGQvc3R5bGVtYXJrZXQvd3AtY29udGVudC90aGVtZXMvc3R5bGVtYXJrZXQvaW1hZ2VzL3Nob3AvZGV0YWlsX2ljb25fZ2lmdF9uZy5naWYiIGFsdD0i44Op44OD44OU44Oz44Kw5LiN5Y+vIj48aW1nIHNyYz0iaHR0cDovL3d3dy5yYWt1dGVuLm5lLmpwL2dvbGQvc3R5bGVtYXJrZXQvd3AtY29udGVudC90aGVtZXMvc3R5bGVtYXJrZXQvaW1hZ2VzL3Nob3AvZGV0YWlsX2ljb25femFpa29fb3IuZ2lmIiBhbHQ9IuODoeODvOOCq+ODvOWPluWvhCI+PGltZyBzcmM9Imh0dHA6Ly93d3cucmFrdXRlbi5uZS5qcC9nb2xkL3N0eWxlbWFya2V0L3dwLWNvbnRlbnQvdGhlbWVzL3N0eWxlbWFya2V0L2ltYWdlcy9zaG9wL2RldGFpbF9pY29uX3NpdGVpX25nLmdpZiIgYWx0PSLml6XmmYLmjIflrprlpInli5XjgYLjgooiPjxpbWcgc3JjPSJodHRwOi8vd3d3LnJha3V0ZW4ubmUuanAvZ29sZC9zdHlsZW1hcmtldC93cC1jb250ZW50L3RoZW1lcy9zdHlsZW1hcmtldC9pbWFnZXMvc2hvcC9kZXRhaWxfaWNvbl9wYXltZW50X2JhbmsuZ2lmIiBhbHQ9IumKgOihjOaMr+i+vCI+PGltZyBzcmM9Imh0dHA6Ly93d3cucmFrdXRlbi5uZS5qcC9nb2xkL3N0eWxlbWFya2V0L3dwLWNvbnRlbnQvdGhlbWVzL3N0eWxlbWFya2V0L2ltYWdlcy9zaG9wL2RldGFpbF9pY29uX3BheW1lbnRfZGFpYmlraS5naWYiIGFsdD0i5Luj6YeR5byV5o+bIj48aW1nIHNyYz0iaHR0cDovL3d3dy5yYWt1dGVuLm5lLmpwL2dvbGQvc3R5bGVtYXJrZXQvd3AtY29udGVudC90aGVtZXMvc3R5bGVtYXJrZXQvaW1hZ2VzL3Nob3AvZGV0YWlsX2ljb25fc291cnlvdV9zcC5naWYiIGFsdD0i54m55q6K6YCB5paZIj48YnI+PGltZyBzcmM9Imh0dHA6Ly93d3cucmFrdXRlbi5uZS5qcC9nb2xkL3N0eWxlbWFya2V0L3dwLWNvbnRlbnQvdGhlbWVzL3N0eWxlbWFya2V0L2ltYWdlcy9zaG9wL2RldGFpbF9pY29uX3lhamlydXNpLmdpZiI+44Ki44Kk44Kz44Oz44Gu6Kqs5piO44Gv44GT44Gh44KJPC9wPg==,44K544K/44OD44OJ44Os44K544K/44Kk44OkIOODqOOCs+ODj+ODniBpY2UgR1VBUkQgVFJJUExFIFBMVVMgaUczMCAxNTUvNzBSMTIgNzNR77ya44K544K/44Kk44Or44Oe44O844Kx44OD44OI44CA5qW95aSp5biC5aC05bqX,5r+A5a6J44K/44Kk44Ok5Lit5Y+k44Kr44O855So5ZOB44Kr44O844OR44O844OE44Kr44O844OK44OT44Ky44O844K344On44Oz5a6J44GEQ0FS44Kr44O844Kq44O844OH44Kj44Kq6LuK44Ki44Km44OI44Os44OD44OI44Ob44Kk44Or44K544OG44OD44OX44Ov44K044Oz44K344O844OI44Kr44OQ44O844K544K/44OD44OJ44Os44K544OY44Or44Oh44OD44OI6LKp5aOy44Oe44OV44Op44O844K144K544Oa44Oz44K344On44Oz44Kq44O844OI44Ko44Ki44Ot44OR44O844OE44K544K/44OD44OJ44Os44K544K/44Kk44OkIOODqOOCs+ODj+ODniBpY2UgR1VBUkQgVFJJUExFIFBMVVMgaUczMCAxNTUvNzBSMTIgNzNR,44CQMTU1LzcwUjEyIDczUeOAkeOAguOCueOCv+ODg+ODieODrOOCueOCv+OCpOODpCDjg6jjgrPjg4/jg54gaWNlIEdVQVJEIFRSSVBMRSBQTFVTIGlHMzAgMTU1LzcwUjEyIDczUQ==[rn]
34-95825,aHR0cDovL3RzaG9wLnIxMHMuanAvc3R5bGVtYXJrZXQvY2FiaW5ldC9tYW5hZ2VkL2ltZzEyLzEyNDgxLmpwZz9maXRpbj03MDA6NzAw,NTA1Ni4wMDAw,,6LuK55So5ZOB44O744OQ44Kk44Kv55So5ZOBID4g44Kr44O855So5ZOBID4g44K544K/44OD44OJ44Os44K544K/44Kk44Ok,44K544K/44OD44OJ44Os44K544K/44Kk44OkIOODluODquODguOCueODiOODsyBCTElaWkFLIFJFVk8yIDE1NS83MFIxMiA3M1E=,44CQMTU1LzcwUjEyIDczUeOAkQ==,PHA+PGltZyBzcmM9Imh0dHA6Ly93d3cucmFrdXRlbi5uZS5qcC9nb2xkL3N0eWxlbWFya2V0L3dwLWNvbnRlbnQvdGhlbWVzL3N0eWxlbWFya2V0L2ltYWdlcy9zaG9wL3Jha3V0ZW5fZGV0YWlsX3RpcmVjb3Vwb25fZGV0YWlsLmpwZyI+PC9wPjxwPjxpbWcgc3JjPSJodHRwOi8vaW1hZ2UucmFrdXRlbi5jby5qcC9zdHlsZW1hcmtldC9jYWJpbmV0L21hbmFnZWQvaW1nMTIvMTI0ODEuanBnIj48YnI+PGltZyBzcmM9Imh0dHA6Ly9pbWFnZS5yYWt1dGVuLmNvLmpwL3N0eWxlbWFya2V0L2NhYmluZXQvbWFuYWdlZC9pbWcxMi8xMjQ4Mi5qcGciPjwvcD48c3Ryb25nIGNsYXNzPSJiZy1vcmFuZ2VsaW5lIj7llYblk4HoqqzmmI48L3N0cm9uZz48cD48Yj7jg6zjg5znmbrnoLLjgrTjg6Ba44Go44Oe44Or44OBWuODkeOCv+ODs+OAgeWGrOOBrui3r+mdouOCkumBuOOBsOOBquOBhOODoeOCuOODo+ODvOODluODquOCtuODg+OCr+OAgjwvYj48YnI+57SENeWAjeOBq+Wil+OBiOOBn+WkquOBhOawtOi3r+OBjOawt+OBruS4iuOBruawtOOBruiGnOOCkuOBleOCieOBq+WKueaenOeahOOBq+mZpOWOu+OAgjxicj7ntIQ15YCN44Gr5aKX44GI44Gf44OQ44Kk44OI57KS5a2Q44GM5rC344KS5ZKs44KA44CCPGJyPuODnuODq+ODgVrjgrDjg6vjg7zjg5bjgYzlpJrmlrnlkJHjgavlqIHlipvjgpLnmbrmj67jgII8L3A+PHN0cm9uZyBjbGFzcz0iYmctb3JhbmdlbGluZSI+6KO95ZOB5LuV5qeYPC9zdHJvbmc+PHA+44Oh44O844Kr44O877yaQlJJREdFU1RPTkXvvIjjg5bjg6rjg4Ljgrnjg4jjg7PvvIk8YnI+44OR44K/44O844Oz77yaQkxJWlpBSyBSRVZPMu+8iOODluODquOCtuODg+OCryDjg6zjg5zjg4Tjg7zvvIk8YnI+44K144Kk44K677yaMTU1LzcwUjEyIDczUTwvcD48c3Ryb25nIGNsYXNzPSJiZy1vcmFuZ2VsaW5lIj7jgrnjgr/jg4Pjg5XjgrPjg6Hjg7Pjg4g8L3N0cm9uZz48cD7msLfkuIrjgIHpm6rkuIrjgIHkub7jgYTjgZ/ot6/pnaLjgIHmv6HjgozjgZ/ot6/pnaLjgarjganjgIHjgZXjgb7jgZbjgb7jgarlhqzpgZPjgavlirnjgY/jgrnjgr/jg4Pjg4njg6zjgrnjgr/jgqTjg6TjgafjgZnjgII8L3A+PHN0cm9uZyBjbGFzcz0iYmctb3JhbmdlbGluZSI+44Gd44Gu5LuWPC9zdHJvbmc+PHA+PGZvbnQgY29sb3I9Im9yYW5nZSI+PGI+44GK5a6i5qeY44KI44KK44GT44KT44Gq44GK5ZWP44GE5ZCI44KP44Gb44KS44GE44Gf44Gg44GN44G+44GX44GfPC9iPjwvZm9udD48YnI+PGJyPjxiPlE66KO96YCg5bm044Gv5oyH5a6a44Gn44GN44G+44GZ44GL77yfPC9iPjxicj48Zm9udCBjb2xvcj0ib3JhbmdlIj48Yj5BOjwvYj48L2ZvbnQ+44GK5a6i5qeY44G444Gu44K144O844OT44K544Gu5LiA55Kw44Go44GX44Gm44Kv44O844Od44Oz44KS44GU55So5oSP6Ie044GX44G+44GX44Gf44CCPGJyPuOCr+ODvOODneODs+OBqOS4gOe3kuOBq+OCv+OCpOODpOOCkuOBlOazqOaWh+OBhOOBn+OBoOOBj+OBk+OBqOOBp+OAgeWuieW/g+OBl+OBpuaWsOOBl+OBhOOCv+OCpOODpOOBruOBiuWxiuOBkeOCkuOBiuW+heOBoeS4i+OBleOBhOOAgjxicj48YnI+PGI+UTox5pys44Gu5L6h5qC844Gn44GZ44GL77yfPC9iPjxicj48Zm9udCBjb2xvcj0ib3JhbmdlIj48Yj5BOjwvYj48L2ZvbnQ+44Gv44GE44CC44K/44Kk44OkMeacrOOBruS+oeagvOOBqOOBquOCiuOBvuOBmeOAgjxicj405pys44GU5rOo5paH44Gu5aC05ZCI44Gv44CO6KGo56S65L6h5qC8w5c044CP44Gr44Gq44KK44G+44GZ44CCPGJyPjxicj48Yj5ROuODm+OCpOODvOODq+OBr+S7mOWxnuOBl+OBvuOBmeOBi++8nzwvYj48YnI+PGZvbnQgY29sb3I9Im9yYW5nZSI+PGI+QTo8L2I+PC9mb250PuihqOekuuS+oeagvOOBr+aWsOWTgeOCv+OCpOODpDHmnKzjga7kvqHmoLzjgajjgarjgorjgIHjg5vjgqTjg7zjg6vjga/ku5jlsZ7jgZfjgb7jgZvjgpPjgII8YnI+44Ob44Kk44O844Or44KS44GU5biM5pyb44Gu44GK5a6i5qeY44Gr44Gv5Yil6YCU44GK6KaL56mN44KC44KK44KS44GE44Gf44GX44G+44GZ44Gu44Gn44CB6LuK56iu44CB5bm05byP44CB5Z6L5byP44CB44K/44Kk44Ok44K144Kk44K644KS6KiY6LyJ44Gu5LiK44CB44GK5ZWP44GE5ZCI44KP44Gb44GP44Gg44GV44GE44G+44Gb44CCPGJyPjxicj48Yj5ROuS7iumgvOOCk+OBoOOCieOBhOOBpOWxiuOBjeOBvuOBmeOBi++8nzwvYj48YnI+PGZvbnQgY29sb3I9Im9yYW5nZSI+PGI+QTo8L2I+PC9mb250Puaxuua4iOOBjOeiuuiqjeOBp+OBjeOCjOOBsOOAgeOBlOazqOaWh+aXpeOBi+OCiTLllrbmpa3ml6Xku6XlhoXjgavntIQ5MCXjga7jgZTms6jmlofjga7llYblk4HjgpLnmbrpgIHjgafjgY3jgabjgYTjgb7jgZnjgII8YnI+5q6L44KK44Gu57SEOCXjga8xMOWWtualreaXpeS7peWGheOAgeasoOWTgeOBp+e0jeacn+OBruebruWHpuOBjOeri+OBn+OBmuOBq+OBiuWxiuOBkeOBp+OBjeOBquOBhOOCguOBruOBrzIl5byx44Go44Gq44Gj44Gm44GK44KK44G+44GZ44CCPGJyPjxicj48Yj5ROumAgeaWmeOBr+OBhOOBj+OCieOBp+OBmeOBi++8nzwvYj48YnI+PGZvbnQgY29sb3I9Im9yYW5nZSI+PGI+QTo8L2I+PC9mb250PuW/heimgeacrOaVsOOBq+W/nOOBmOOBn+aWmemHkeihqOOBjOOBlOOBluOBhOOBvuOBmeOBruOBp+OAgeOBneOBoeOCieOCkuOBlOeiuuiqjeS4i+OBleOBhOOAgjxicj48YnI+PGI+UTrnqI7ovrzjgb/jgafjgZnjgYvvvJ88L2I+PGJyPjxmb250IGNvbG9yPSJvcmFuZ2UiPjxiPkE6PC9iPjwvZm9udD7nqI7ovrzkvqHmoLzjgafooajnpLrjgZfjgabjgYrjgorjgb7jgZnjgII8YnI+5YaF56iO44Gn44GZ44Gu44Gn44CB5a6J5b+D44GX44Gm44GK6LK344GE5rGC44KB5LiL44GV44GE44CCPC9wPjxwPjxpbWcgc3JjPSJodHRwOi8vd3d3LnJha3V0ZW4ubmUuanAvZ29sZC9zdHlsZW1hcmtldC93cC1jb250ZW50L3RoZW1lcy9zdHlsZW1hcmtldC9pbWFnZXMvc2hvcC9kZXRhaWxfaWNvbl9wYWNrX29rLmdpZiIgYWx0PSLlkIzmorHlj68iPjxpbWcgc3JjPSJodHRwOi8vd3d3LnJha3V0ZW4ubmUuanAvZ29sZC9zdHlsZW1hcmtldC93cC1jb250ZW50L3RoZW1lcy9zdHlsZW1hcmtldC9pbWFnZXMvc2hvcC9kZXRhaWxfaWNvbl9naWZ0X25nLmdpZiIgYWx0PSLjg6njg4Pjg5Tjg7PjgrDkuI3lj68iPjxpbWcgc3JjPSJodHRwOi8vd3d3LnJha3V0ZW4ubmUuanAvZ29sZC9zdHlsZW1hcmtldC93cC1jb250ZW50L3RoZW1lcy9zdHlsZW1hcmtldC9pbWFnZXMvc2hvcC9kZXRhaWxfaWNvbl96YWlrb19vci5naWYiIGFsdD0i44Oh44O844Kr44O85Y+W5a+EIj48aW1nIHNyYz0iaHR0cDovL3d3dy5yYWt1dGVuLm5lLmpwL2dvbGQvc3R5bGVtYXJrZXQvd3AtY29udGVudC90aGVtZXMvc3R5bGVtYXJrZXQvaW1hZ2VzL3Nob3AvZGV0YWlsX2ljb25fc2l0ZWlfbmcuZ2lmIiBhbHQ9IuaXpeaZguaMh+WumuWkieWLleOBguOCiiI+PGltZyBzcmM9Imh0dHA6Ly93d3cucmFrdXRlbi5uZS5qcC9nb2xkL3N0eWxlbWFya2V0L3dwLWNvbnRlbnQvdGhlbWVzL3N0eWxlbWFya2V0L2ltYWdlcy9zaG9wL2RldGFpbF9pY29uX3BheW1lbnRfYmFuay5naWYiIGFsdD0i6YqA6KGM5oyv6L68Ij48aW1nIHNyYz0iaHR0cDovL3d3dy5yYWt1dGVuLm5lLmpwL2dvbGQvc3R5bGVtYXJrZXQvd3AtY29udGVudC90aGVtZXMvc3R5bGVtYXJrZXQvaW1hZ2VzL3Nob3AvZGV0YWlsX2ljb25fcGF5bWVudF9kYWliaWtpLmdpZiIgYWx0PSLku6Pph5HlvJXmj5siPjxpbWcgc3JjPSJodHRwOi8vd3d3LnJha3V0ZW4ubmUuanAvZ29sZC9zdHlsZW1hcmtldC93cC1jb250ZW50L3RoZW1lcy9zdHlsZW1hcmtldC9pbWFnZXMvc2hvcC9kZXRhaWxfaWNvbl9zb3VyeW91X3NwLmdpZiIgYWx0PSLnibnmrorpgIHmlpkiPjxicj48aW1nIHNyYz0iaHR0cDovL3d3dy5yYWt1dGVuLm5lLmpwL2dvbGQvc3R5bGVtYXJrZXQvd3AtY29udGVudC90aGVtZXMvc3R5bGVtYXJrZXQvaW1hZ2VzL3Nob3AvZGV0YWlsX2ljb25feWFqaXJ1c2kuZ2lmIj7jgqLjgqTjgrPjg7Pjga7oqqzmmI7jga/jgZPjgaHjgok8L3A+,44K544K/44OD44OJ44Os44K544K/44Kk44OkIOODluODquODguOCueODiOODsyBCTElaWkFLIFJFVk8yIDE1NS83MFIxMiA3M1HvvJrjgrnjgr/jgqTjg6vjg57jg7zjgrHjg4Pjg4jjgIDmpb3lpKnluILloLTlupc=,5r+A5a6J44K/44Kk44Ok5Lit5Y+k44Kr44O855So5ZOB44Kr44O844OR44O844OE44Kr44O844OK44OT44Ky44O844K344On44Oz5a6J44GEQ0FS44Kr44O844Kq44O844OH44Kj44Kq6LuK44Ki44Km44OI44Os44OD44OI44Ob44Kk44Or44K544OG44OD44OX44Ov44K044Oz44K344O844OI44Kr44OQ44O844K544K/44OD44OJ44Os44K544OY44Or44Oh44OD44OI6LKp5aOy44Oe44OV44Op44O844K144K544Oa44Oz44K344On44Oz44Kq44O844OI44Ko44Ki44Ot44OR44O844OE44K544K/44OD44OJ44Os44K544K/44Kk44OkIOODluODquODguOCueODiOODsyBCTElaWkFLIFJFVk8yIDE1NS83MFIxMiA3M1E=,44CQMTU1LzcwUjEyIDczUeOAkeOAguOCueOCv+ODg+ODieODrOOCueOCv+OCpOODpCDjg5bjg6rjg4Ljgrnjg4jjg7MgQkxJWlpBSyBSRVZPMiAxNTUvNzBSMTIgNzNR[rn]
34-95826,aHR0cDovL3RzaG9wLnIxMHMuanAvc3R5bGVtYXJrZXQvY2FiaW5ldC9tYW5hZ2VkL2ltZzEyLzEyNDczLmpwZz9maXRpbj03MDA6NzAw,NTIwMC4wMDAw,,6LuK55So5ZOB44O744OQ44Kk44Kv55So5ZOBID4g44Kr44O855So5ZOBID4g44K544K/44OD44OJ44Os44K544K/44Kk44Ok,44K544K/44OD44OJ44Os44K544K/44Kk44OkIOODluODquODguOCueODiOODsyBCTElaWkFLIFZSWCAxNDUvNzBSMTIgNjlR,44CQMTQ1LzcwUjEyIDY5UeOAkQ==,PHA+PGltZyBzcmM9Imh0dHA6Ly93d3cucmFrdXRlbi5uZS5qcC9nb2xkL3N0eWxlbWFya2V0L3dwLWNvbnRlbnQvdGhlbWVzL3N0eWxlbWFya2V0L2ltYWdlcy9zaG9wL3Jha3V0ZW5fZGV0YWlsX3RpcmVjb3Vwb25fZGV0YWlsLmpwZyI+PC9wPjxwPjxpbWcgc3JjPSJodHRwOi8vaW1hZ2UucmFrdXRlbi5jby5qcC9zdHlsZW1hcmtldC9jYWJpbmV0L21hbmFnZWQvaW1nMTIvMTI0NzMuanBnIj48L3A+PHN0cm9uZyBjbGFzcz0iYmctb3JhbmdlbGluZSI+5ZWG5ZOB6Kqs5piOPC9zdHJvbmc+PHA+PGI+44OW44Oq44K244OD44Kv5Y+y5LiK5pyA6auY44Gu5oCn6IO944KS6KqH44KL5paw5qyh5YWD44K544K/44OD44OJ44Os44K544CB5paw55m75aC044CCPC9iPjxicj7jg7vjgqLjgq/jg4bjgqPjg5bnmbrnoLLjgrTjg6DjgafmraLjgb7jgovjgII8YnI+6ama44GN44Gu5Yq544GN44Gu56eY5a+G44Gv44CB5paw6ZaL55m644Ki44Kv44OG44Kj44OW55m656Cy44K044Og44CCPGJyPuODu+aWsOmdnuWvvuensOODkeOCv+ODs+OBp+atouOBvuOCi+OAgjxicj7lvq7lsI/jgarlh7nlh7jjgavjgZfjgaPjgYvjgormjqXlnLDjgIHjg4jjg6zjg4Pjg4njg5Hjgr/jg7PjgILotbDooYzmgKfog73jgpLpq5jjgoHjgovjgIEzROODm+ODvOODq+ODieOCueOCr+ODqeODoOOCteOCpOODl+OAgjxicj7jg7vmlrDpnZ7lr77np7DjgrXjgqTjg4nlvaLnirbjgaflronlv4PmhJ9VUOOAgjxicj7mp5jjgIXjgarpm6rpgZPjgaflronlhajjgavjgIHjgbXjgonjgaTjgY3ou73muJvmgKfog73jgILjgrnjgr/jg4Pjg4njg6zjgrnjga7mnqDjgpLotoXjgYjjgovjgIHlhKrjgozjgZ/nkrDlooPmgKfog73jgII8L3A+PHN0cm9uZyBjbGFzcz0iYmctb3JhbmdlbGluZSI+6KO95ZOB5LuV5qeYPC9zdHJvbmc+PHA+44Oh44O844Kr44O877yaQlJJREdFU1RPTkXvvIjjg5bjg6rjg4Ljgrnjg4jjg7PvvIk8YnI+44OR44K/44O844Oz77yaQkxJWlpBSyBWUljvvIjjg5bjg6rjgrbjg4Pjgq8g44OW44Kk44Ki44O844Or44Ko44OD44Kv44K577yJPGJyPuOCteOCpOOCuu+8mjE0NS83MFIxMiA2OVE8L3A+PHN0cm9uZyBjbGFzcz0iYmctb3JhbmdlbGluZSI+44K544K/44OD44OV44Kz44Oh44Oz44OIPC9zdHJvbmc+PHA+5paw5qyh5YWD44Gu5q2i44G+44KK5pa544G444CCPC9wPjxzdHJvbmcgY2xhc3M9ImJnLW9yYW5nZWxpbmUiPuOBneOBruS7ljwvc3Ryb25nPjxwPjxmb250IGNvbG9yPSJvcmFuZ2UiPjxiPuOBiuWuouanmOOCiOOCiuOBk+OCk+OBquOBiuWVj+OBhOWQiOOCj+OBm+OCkuOBhOOBn+OBoOOBjeOBvuOBl+OBnzwvYj48L2ZvbnQ+PGJyPjxicj48Yj5ROuijvemAoOW5tOOBr+aMh+WumuOBp+OBjeOBvuOBmeOBi++8nzwvYj48YnI+PGZvbnQgY29sb3I9Im9yYW5nZSI+PGI+QTo8L2I+PC9mb250PuOBiuWuouanmOOBuOOBruOCteODvOODk+OCueOBruS4gOeSsOOBqOOBl+OBpuOCr+ODvOODneODs+OCkuOBlOeUqOaEj+iHtOOBl+OBvuOBl+OBn+OAgjxicj7jgq/jg7zjg53jg7PjgajkuIDnt5Ljgavjgr/jgqTjg6TjgpLjgZTms6jmlofjgYTjgZ/jgaDjgY/jgZPjgajjgafjgIHlronlv4PjgZfjgabmlrDjgZfjgYTjgr/jgqTjg6Tjga7jgYrlsYrjgZHjgpLjgYrlvoXjgaHkuIvjgZXjgYTjgII8YnI+PGJyPjxiPlE6MeacrOOBruS+oeagvOOBp+OBmeOBi++8nzwvYj48YnI+PGZvbnQgY29sb3I9Im9yYW5nZSI+PGI+QTo8L2I+PC9mb250PuOBr+OBhOOAguOCv+OCpOODpDHmnKzjga7kvqHmoLzjgajjgarjgorjgb7jgZnjgII8YnI+NOacrOOBlOazqOaWh+OBruWgtOWQiOOBr+OAjuihqOekuuS+oeagvMOXNOOAj+OBq+OBquOCiuOBvuOBmeOAgjxicj48YnI+PGI+UTrjg5vjgqTjg7zjg6vjga/ku5jlsZ7jgZfjgb7jgZnjgYvvvJ88L2I+PGJyPjxmb250IGNvbG9yPSJvcmFuZ2UiPjxiPkE6PC9iPjwvZm9udD7ooajnpLrkvqHmoLzjga/mlrDlk4Hjgr/jgqTjg6Qx5pys44Gu5L6h5qC844Go44Gq44KK44CB44Ob44Kk44O844Or44Gv5LuY5bGe44GX44G+44Gb44KT44CCPGJyPuODm+OCpOODvOODq+OCkuOBlOW4jOacm+OBruOBiuWuouanmOOBq+OBr+WIpemAlOOBiuimi+epjeOCguOCiuOCkuOBhOOBn+OBl+OBvuOBmeOBruOBp+OAgei7iueoruOAgeW5tOW8j+OAgeWei+W8j+OAgeOCv+OCpOODpOOCteOCpOOCuuOCkuiomOi8ieOBruS4iuOAgeOBiuWVj+OBhOWQiOOCj+OBm+OBj+OBoOOBleOBhOOBvuOBm+OAgjxicj48YnI+PGI+UTrku4rpoLzjgpPjgaDjgonjgYTjgaTlsYrjgY3jgb7jgZnjgYvvvJ88L2I+PGJyPjxmb250IGNvbG9yPSJvcmFuZ2UiPjxiPkE6PC9iPjwvZm9udD7msbrmuIjjgYznorroqo3jgafjgY3jgozjgbDjgIHjgZTms6jmlofml6XjgYvjgoky5Za25qWt5pel5Lul5YaF44Gr57SEOTAl44Gu44GU5rOo5paH44Gu5ZWG5ZOB44KS55m66YCB44Gn44GN44Gm44GE44G+44GZ44CCPGJyPuaui+OCiuOBrue0hDgl44GvMTDllrbmpa3ml6Xku6XlhoXjgIHmrKDlk4HjgafntI3mnJ/jga7nm67lh6bjgYznq4vjgZ/jgZrjgavjgYrlsYrjgZHjgafjgY3jgarjgYTjgoLjga7jga8yJeW8seOBqOOBquOBo+OBpuOBiuOCiuOBvuOBmeOAgjxicj48YnI+PGI+UTrpgIHmlpnjga/jgYTjgY/jgonjgafjgZnjgYvvvJ88L2I+PGJyPjxmb250IGNvbG9yPSJvcmFuZ2UiPjxiPkE6PC9iPjwvZm9udD7lv4XopoHmnKzmlbDjgavlv5zjgZjjgZ/mlpnph5HooajjgYzjgZTjgZbjgYTjgb7jgZnjga7jgafjgIHjgZ3jgaHjgonjgpLjgZTnorroqo3kuIvjgZXjgYTjgII8YnI+PGJyPjxiPlE656iO6L6844G/44Gn44GZ44GL77yfPC9iPjxicj48Zm9udCBjb2xvcj0ib3JhbmdlIj48Yj5BOjwvYj48L2ZvbnQ+56iO6L685L6h5qC844Gn6KGo56S644GX44Gm44GK44KK44G+44GZ44CCPGJyPuWGheeojuOBp+OBmeOBruOBp+OAgeWuieW/g+OBl+OBpuOBiuiyt+OBhOaxguOCgeS4i+OBleOBhOOAgjwvcD48cD48Yj7igLvjgYrlsYrjgZHjgavplqLjgZfjgaY8L2I+PGJyPuOBlOazqOaWh+OCkumgguOBj+W6puOBq+ODoeODvOOCq+ODvOOCiOOCiuWPluOCiuWvhOOBm+OCkuOBl+OBvuOBmeOAgjxicj7jgZ3jga7ngrrjgZTms6jmlofjgYvjgoky772eM+aXpeOBu+OBqeOBp+WHuuiNt+WPr+iDveOBp+OBmeOAgjxicj7jgb7jgZ/jgIHjg6Hjg7zjgqvjg7zjgavjgYrjgYTjgablnKjluqvliIfjgozjga7loLTlkIjjga/nmbrpgIHjgb7jgafjgasy772eM+aXpeS7peS4iuOBruOBiuaZgumWk+mgguOBj+WgtOWQiOOBjOOBlOOBluOBhOOBvuOBmeOAgjxicj7oqqDjgavmgZDjgozlhaXjgorjgb7jgZnjgYzjgIHjgYrmgKXjgY7jga7loLTlkIjjga/jgZTms6jmlofliY3jga7lnKjluqvnorroqo3jgpLjgYrpoZjjgYTnlLPjgZfkuIrjgZLjgb7jgZnjgII8L3A+PHA+PGltZyBzcmM9Imh0dHA6Ly93d3cucmFrdXRlbi5uZS5qcC9nb2xkL3N0eWxlbWFya2V0L3dwLWNvbnRlbnQvdGhlbWVzL3N0eWxlbWFya2V0L2ltYWdlcy9zaG9wL2RldGFpbF9pY29uX3BhY2tfb2suZ2lmIiBhbHQ9IuWQjOaiseWPryI+PGltZyBzcmM9Imh0dHA6Ly93d3cucmFrdXRlbi5uZS5qcC9nb2xkL3N0eWxlbWFya2V0L3dwLWNvbnRlbnQvdGhlbWVzL3N0eWxlbWFya2V0L2ltYWdlcy9zaG9wL2RldGFpbF9pY29uX2dpZnRfbmcuZ2lmIiBhbHQ9IuODqeODg+ODlOODs+OCsOS4jeWPryI+PGltZyBzcmM9Imh0dHA6Ly93d3cucmFrdXRlbi5uZS5qcC9nb2xkL3N0eWxlbWFya2V0L3dwLWNvbnRlbnQvdGhlbWVzL3N0eWxlbWFya2V0L2ltYWdlcy9zaG9wL2RldGFpbF9pY29uX3phaWtvX29yLmdpZiIgYWx0PSLjg6Hjg7zjgqvjg7zlj5blr4QiPjxpbWcgc3JjPSJodHRwOi8vd3d3LnJha3V0ZW4ubmUuanAvZ29sZC9zdHlsZW1hcmtldC93cC1jb250ZW50L3RoZW1lcy9zdHlsZW1hcmtldC9pbWFnZXMvc2hvcC9kZXRhaWxfaWNvbl9zaXRlaV9uZy5naWYiIGFsdD0i5pel5pmC5oyH5a6a5aSJ5YuV44GC44KKIj48aW1nIHNyYz0iaHR0cDovL3d3dy5yYWt1dGVuLm5lLmpwL2dvbGQvc3R5bGVtYXJrZXQvd3AtY29udGVudC90aGVtZXMvc3R5bGVtYXJrZXQvaW1hZ2VzL3Nob3AvZGV0YWlsX2ljb25fcGF5bWVudF9iYW5rLmdpZiIgYWx0PSLpioDooYzmjK/ovrwiPjxpbWcgc3JjPSJodHRwOi8vd3d3LnJha3V0ZW4ubmUuanAvZ29sZC9zdHlsZW1hcmtldC93cC1jb250ZW50L3RoZW1lcy9zdHlsZW1hcmtldC9pbWFnZXMvc2hvcC9kZXRhaWxfaWNvbl9wYXltZW50X2RhaWJpa2kuZ2lmIiBhbHQ9IuS7o+mHkeW8leaPmyI+PGltZyBzcmM9Imh0dHA6Ly93d3cucmFrdXRlbi5uZS5qcC9nb2xkL3N0eWxlbWFya2V0L3dwLWNvbnRlbnQvdGhlbWVzL3N0eWxlbWFya2V0L2ltYWdlcy9zaG9wL2RldGFpbF9pY29uX3NvdXJ5b3Vfc3AuZ2lmIiBhbHQ9IueJueauiumAgeaWmSI+PGJyPjxpbWcgc3JjPSJodHRwOi8vd3d3LnJha3V0ZW4ubmUuanAvZ29sZC9zdHlsZW1hcmtldC93cC1jb250ZW50L3RoZW1lcy9zdHlsZW1hcmtldC9pbWFnZXMvc2hvcC9kZXRhaWxfaWNvbl95YWppcnVzaS5naWYiPuOCouOCpOOCs+ODs+OBruiqrOaYjuOBr+OBk+OBoeOCiTwvcD4=,44K544K/44OD44OJ44Os44K544K/44Kk44OkIOODluODquODguOCueODiOODsyBCTElaWkFLIFZSWCAxNDUvNzBSMTIgNjlR77ya44K544K/44Kk44Or44Oe44O844Kx44OD44OI44CA5qW95aSp5biC5aC05bqX,5r+A5a6J44K/44Kk44Ok5Lit5Y+k44Kr44O855So5ZOB44Kr44O844OR44O844OE44Kr44O844OK44OT44Ky44O844K344On44Oz5a6J44GEQ0FS44Kr44O844Kq44O844OH44Kj44Kq6LuK44Ki44Km44OI44Os44OD44OI44Ob44Kk44Or44K544OG44OD44OX44Ov44K044Oz44K344O844OI44Kr44OQ44O844K544K/44OD44OJ44Os44K544OY44Or44Oh44OD44OI6LKp5aOy44Oe44OV44Op44O844K144K544Oa44Oz44K344On44Oz44Kq44O844OI44Ko44Ki44Ot44OR44O844OE44K544K/44OD44OJ44Os44K544K/44Kk44OkIOODluODquODguOCueODiOODsyBCTElaWkFLIFZSWCAxNDUvNzBSMTIgNjlR,44CQMTQ1LzcwUjEyIDY5UeOAkeOAguOCueOCv+ODg+ODieODrOOCueOCv+OCpOODpCDjg5bjg6rjg4Ljgrnjg4jjg7MgQkxJWlpBSyBWUlggMTQ1LzcwUjEyIDY5UQ==[rn]
34-95827,aHR0cDovL3RzaG9wLnIxMHMuanAvc3R5bGVtYXJrZXQvY2FiaW5ldC9tYW5hZ2VkL2ltZzE1LzE1MTQxLmpwZz9maXRpbj03MDA6NzAw,MTQ2MzIuMDAwMA==,,6LuK55So5ZOB44O744OQ44Kk44Kv55So5ZOBID4g44Kr44O855So5ZOBID4g44K544K/44OD44OJ44Os44K544K/44Kk44Ok,44K544K/44OD44OJ44Os44K544K/44Kk44OkIOODgOODs+ODreODg+ODlyBXSU5URVIgTUFYWCBXTTAxIDIyNS82MFIxNyA5OVE=,44CQMjI1LzYwUjE3IDk5UeOAkQ==,PHA+PGltZyBzcmM9Imh0dHA6Ly93d3cucmFrdXRlbi5uZS5qcC9nb2xkL3N0eWxlbWFya2V0L3dwLWNvbnRlbnQvdGhlbWVzL3N0eWxlbWFya2V0L2ltYWdlcy9zaG9wL3Jha3V0ZW5fZGV0YWlsX3RpcmVjb3Vwb25fZGV0YWlsLmpwZyI+PC9wPjxwPjxpbWcgc3JjPSJodHRwOi8vaW1hZ2UucmFrdXRlbi5jby5qcC9zdHlsZW1hcmtldC9jYWJpbmV0L21hbmFnZWQvaW1nMTUvMTUxNDEuanBnIj48L3A+PHN0cm9uZyBjbGFzcz0iYmctb3JhbmdlbGluZSI+5ZWG5ZOB6Kqs5piOPC9zdHJvbmc+PHA+PGI+44OA44Oz44Ot44OD44OX5Y+y5LiK44CB5rC35LiK5oCn6IO944KSTUFYWOOBq+alteOCgeOBn+OAgjwvYj48YnI+44OW44Ot44OD44Kv44Gu5YCS44KM44GT44G/44KS5oqR5Yi244GX44Ki44Kk44K544OQ44O844Oz44KS44GX44Gj44GL44KK5byV44Gj44GL44GP44CMTUFYWOOCt+ODo+ODvOODl+OCqOODg+OCuOOAjeOBqOOAgeihqOmdouOBr+aflOOCieOBi+OBj+ODluODreODg+OCr+WFqOS9k+OBp+OBr+WJm+aAp+OBjOmrmOOBhOaAp+iDveOCkuaMgeOBpOOAjOODiuODjuODleOCo+ODg+ODiOOCtOODoOOAjeOCkuaWsOmWi+eZuuOAgjxicj7msLfooajpnaLjga7lvq7lsI/jgarlh7nlh7jjgavjgoLjgZfjgaPjgYvjgorlr4bnnYDjgZfjgIHjgqLjgqTjgrnjg5Djg7zjg7Pjgafjga7lvLflipvjgarjg5bjg6zjg7zjgq3mgKfog73jgpLlrp/nj77jgZfjgZ/kuZfnlKjou4rnlKjjg4/jgqTjg7vjgrnjg5rjg4Pjgq/jgrnjgr/jg4Pjg4njg6zjgrnjgII8L3A+PHN0cm9uZyBjbGFzcz0iYmctb3JhbmdlbGluZSI+6KO95ZOB5LuV5qeYPC9zdHJvbmc+PHA+44Oh44O844Kr44O877yaRFVOTE9Q77yI44OA44Oz44Ot44OD44OX77yJPGJyPuODkeOCv+ODvOODs++8mldJTlRFUiBNQVhYIFdNMDHvvIjjgqbjgqTjg7Pjgr/jg7zjg57jg4Pjgq/jgrkg44OA44OW44Or44Ko44OgIOOCvOODreODr+ODs++8iTxicj7jgrXjgqTjgrrvvJoyMjUvNjBSMTcgOTlRPC9wPjxzdHJvbmcgY2xhc3M9ImJnLW9yYW5nZWxpbmUiPuOCueOCv+ODg+ODleOCs+ODoeODs+ODiDwvc3Ryb25nPjxwPldJTlRFUiBNQVhY44Gv44CB5by35Yqb44Gq44Ki44Kk44K544OQ44O844Oz5oCn6IO944KS55m65o+u44GX44Gq44GM44KJ44KC44CB54eD6LK744Gu5oyH5qiZ44Go44Gq44KL6Lui44GM44KK5oq15oqX5L+C5pWw44Gv44CB5b2T56S+5b6T5p2l5ZOB44CMRUMyMDHjgI3jgpLkuIrjgb7jgo/jgorjgb7jgZnjgII8YnI+5rC36Lev44Gn44Gu5a6J5b+D44Go44CB6IiX6KOF6Lev44Gn44Gu57WM5riI5oCn44KS5Lih56uL44GV44Gb44Gm44GE44G+44GZ44CCPC9wPjxzdHJvbmcgY2xhc3M9ImJnLW9yYW5nZWxpbmUiPuOBneOBruS7ljwvc3Ryb25nPjxwPjxmb250IGNvbG9yPSJvcmFuZ2UiPjxiPuOBiuWuouanmOOCiOOCiuOBk+OCk+OBquOBiuWVj+OBhOWQiOOCj+OBm+OCkuOBhOOBn+OBoOOBjeOBvuOBl+OBnzwvYj48L2ZvbnQ+PGJyPjxicj48Yj5ROuijvemAoOW5tOOBr+aMh+WumuOBp+OBjeOBvuOBmeOBi++8nzwvYj48YnI+PGZvbnQgY29sb3I9Im9yYW5nZSI+PGI+QTo8L2I+PC9mb250PuOBiuWuouanmOOBuOOBruOCteODvOODk+OCueOBruS4gOeSsOOBqOOBl+OBpuOCr+ODvOODneODs+OCkuOBlOeUqOaEj+iHtOOBl+OBvuOBl+OBn+OAgjxicj7jgq/jg7zjg53jg7PjgajkuIDnt5Ljgavjgr/jgqTjg6TjgpLjgZTms6jmlofjgYTjgZ/jgaDjgY/jgZPjgajjgafjgIHlronlv4PjgZfjgabmlrDjgZfjgYTjgr/jgqTjg6Tjga7jgYrlsYrjgZHjgpLjgYrlvoXjgaHkuIvjgZXjgYTjgII8YnI+PGJyPjxiPlE6MeacrOOBruS+oeagvOOBp+OBmeOBi++8nzwvYj48YnI+PGZvbnQgY29sb3I9Im9yYW5nZSI+PGI+QTo8L2I+PC9mb250PuOBr+OBhOOAguOCv+OCpOODpDHmnKzjga7kvqHmoLzjgajjgarjgorjgb7jgZnjgII8YnI+NOacrOOBlOazqOaWh+OBruWgtOWQiOOBr+OAjuihqOekuuS+oeagvMOXNOOAj+OBq+OBquOCiuOBvuOBmeOAgjxicj48YnI+PGI+UTrjg5vjgqTjg7zjg6vjga/ku5jlsZ7jgZfjgb7jgZnjgYvvvJ88L2I+PGJyPjxmb250IGNvbG9yPSJvcmFuZ2UiPjxiPkE6PC9iPjwvZm9udD7ooajnpLrkvqHmoLzjga/mlrDlk4Hjgr/jgqTjg6Qx5pys44Gu5L6h5qC844Go44Gq44KK44CB44Ob44Kk44O844Or44Gv5LuY5bGe44GX44G+44Gb44KT44CCPGJyPuODm+OCpOODvOODq+OCkuOBlOW4jOacm+OBruOBiuWuouanmOOBq+OBr+WIpemAlOOBiuimi+epjeOCguOCiuOCkuOBhOOBn+OBl+OBvuOBmeOBruOBp+OAgei7iueoruOAgeW5tOW8j+OAgeWei+W8j+OAgeOCv+OCpOODpOOCteOCpOOCuuOCkuiomOi8ieOBruS4iuOAgeOBiuWVj+OBhOWQiOOCj+OBm+OBj+OBoOOBleOBhOOBvuOBm+OAgjxicj48YnI+PGI+UTrku4rpoLzjgpPjgaDjgonjgYTjgaTlsYrjgY3jgb7jgZnjgYvvvJ88L2I+PGJyPjxmb250IGNvbG9yPSJvcmFuZ2UiPjxiPkE6PC9iPjwvZm9udD7msbrmuIjjgYznorroqo3jgafjgY3jgozjgbDjgIHjgZTms6jmlofml6XjgYvjgoky5Za25qWt5pel5Lul5YaF44Gr57SEOTAl44Gu44GU5rOo5paH44Gu5ZWG5ZOB44KS55m66YCB44Gn44GN44Gm44GE44G+44GZ44CCPGJyPuaui+OCiuOBrue0hDgl44GvMTDllrbmpa3ml6Xku6XlhoXjgIHmrKDlk4HjgafntI3mnJ/jga7nm67lh6bjgYznq4vjgZ/jgZrjgavjgYrlsYrjgZHjgafjgY3jgarjgYTjgoLjga7jga8yJeW8seOBqOOBquOBo+OBpuOBiuOCiuOBvuOBmeOAgjxicj48YnI+PGI+UTrpgIHmlpnjga/jgYTjgY/jgonjgafjgZnjgYvvvJ88L2I+PGJyPjxmb250IGNvbG9yPSJvcmFuZ2UiPjxiPkE6PC9iPjwvZm9udD7lv4XopoHmnKzmlbDjgavlv5zjgZjjgZ/mlpnph5HooajjgYzjgZTjgZbjgYTjgb7jgZnjga7jgafjgIHjgZ3jgaHjgonjgpLjgZTnorroqo3kuIvjgZXjgYTjgII8YnI+PGJyPjxiPlE656iO6L6844G/44Gn44GZ44GL77yfPC9iPjxicj48Zm9udCBjb2xvcj0ib3JhbmdlIj48Yj5BOjwvYj48L2ZvbnQ+56iO6L685L6h5qC844Gn6KGo56S644GX44Gm44GK44KK44G+44GZ44CCPGJyPuWGheeojuOBp+OBmeOBruOBp+OAgeWuieW/g+OBl+OBpuOBiuiyt+OBhOaxguOCgeS4i+OBleOBhOOAgjwvcD48cD48Yj7igLvjgYrlsYrjgZHjgavplqLjgZfjgaY8L2I+PGJyPuOBlOazqOaWh+OCkumgguOBj+W6puOBq+ODoeODvOOCq+ODvOOCiOOCiuWPluOCiuWvhOOBm+OCkuOBl+OBvuOBmeOAgjxicj7jgZ3jga7ngrrjgZTms6jmlofjgYvjgoky772eM+aXpeOBu+OBqeOBp+WHuuiNt+WPr+iDveOBp+OBmeOAgjxicj7jgb7jgZ/jgIHjg6Hjg7zjgqvjg7zjgavjgYrjgYTjgablnKjluqvliIfjgozjga7loLTlkIjjga/nmbrpgIHjgb7jgafjgasy772eM+aXpeS7peS4iuOBruOBiuaZgumWk+mgguOBj+WgtOWQiOOBjOOBlOOBluOBhOOBvuOBmeOAgjxicj7oqqDjgavmgZDjgozlhaXjgorjgb7jgZnjgYzjgIHjgYrmgKXjgY7jga7loLTlkIjjga/jgZTms6jmlofliY3jga7lnKjluqvnorroqo3jgpLjgYrpoZjjgYTnlLPjgZfkuIrjgZLjgb7jgZnjgII8L3A+PHA+PGltZyBzcmM9Imh0dHA6Ly93d3cucmFrdXRlbi5uZS5qcC9nb2xkL3N0eWxlbWFya2V0L3dwLWNvbnRlbnQvdGhlbWVzL3N0eWxlbWFya2V0L2ltYWdlcy9zaG9wL2RldGFpbF9pY29uX3BhY2tfb2suZ2lmIiBhbHQ9IuWQjOaiseWPryI+PGltZyBzcmM9Imh0dHA6Ly93d3cucmFrdXRlbi5uZS5qcC9nb2xkL3N0eWxlbWFya2V0L3dwLWNvbnRlbnQvdGhlbWVzL3N0eWxlbWFya2V0L2ltYWdlcy9zaG9wL2RldGFpbF9pY29uX2dpZnRfbmcuZ2lmIiBhbHQ9IuODqeODg+ODlOODs+OCsOS4jeWPryI+PGltZyBzcmM9Imh0dHA6Ly93d3cucmFrdXRlbi5uZS5qcC9nb2xkL3N0eWxlbWFya2V0L3dwLWNvbnRlbnQvdGhlbWVzL3N0eWxlbWFya2V0L2ltYWdlcy9zaG9wL2RldGFpbF9pY29uX3phaWtvX29yLmdpZiIgYWx0PSLjg6Hjg7zjgqvjg7zlj5blr4QiPjxpbWcgc3JjPSJodHRwOi8vd3d3LnJha3V0ZW4ubmUuanAvZ29sZC9zdHlsZW1hcmtldC93cC1jb250ZW50L3RoZW1lcy9zdHlsZW1hcmtldC9pbWFnZXMvc2hvcC9kZXRhaWxfaWNvbl9zaXRlaV9uZy5naWYiIGFsdD0i5pel5pmC5oyH5a6a5aSJ5YuV44GC44KKIj48aW1nIHNyYz0iaHR0cDovL3d3dy5yYWt1dGVuLm5lLmpwL2dvbGQvc3R5bGVtYXJrZXQvd3AtY29udGVudC90aGVtZXMvc3R5bGVtYXJrZXQvaW1hZ2VzL3Nob3AvZGV0YWlsX2ljb25fcGF5bWVudF9iYW5rLmdpZiIgYWx0PSLpioDooYzmjK/ovrwiPjxpbWcgc3JjPSJodHRwOi8vd3d3LnJha3V0ZW4ubmUuanAvZ29sZC9zdHlsZW1hcmtldC93cC1jb250ZW50L3RoZW1lcy9zdHlsZW1hcmtldC9pbWFnZXMvc2hvcC9kZXRhaWxfaWNvbl9wYXltZW50X2RhaWJpa2kuZ2lmIiBhbHQ9IuS7o+mHkeW8leaPmyI+PGltZyBzcmM9Imh0dHA6Ly93d3cucmFrdXRlbi5uZS5qcC9nb2xkL3N0eWxlbWFya2V0L3dwLWNvbnRlbnQvdGhlbWVzL3N0eWxlbWFya2V0L2ltYWdlcy9zaG9wL2RldGFpbF9pY29uX3NvdXJ5b3Vfc3AuZ2lmIiBhbHQ9IueJueauiumAgeaWmSI+PGJyPjxpbWcgc3JjPSJodHRwOi8vd3d3LnJha3V0ZW4ubmUuanAvZ29sZC9zdHlsZW1hcmtldC93cC1jb250ZW50L3RoZW1lcy9zdHlsZW1hcmtldC9pbWFnZXMvc2hvcC9kZXRhaWxfaWNvbl95YWppcnVzaS5naWYiPuOCouOCpOOCs+ODs+OBruiqrOaYjuOBr+OBk+OBoeOCiTwvcD4=,44K544K/44OD44OJ44Os44K544K/44Kk44OkIOODgOODs+ODreODg+ODlyBXSU5URVIgTUFYWCBXTTAxIDIyNS82MFIxNyA5OVHvvJrjgrnjgr/jgqTjg6vjg57jg7zjgrHjg4Pjg4jjgIDmpb3lpKnluILloLTlupc=,5r+A5a6J44K/44Kk44Ok5Lit5Y+k44Kr44O855So5ZOB44Kr44O844OR44O844OE44Kr44O844OK44OT44Ky44O844K344On44Oz5a6J44GEQ0FS44Kr44O844Kq44O844OH44Kj44Kq6LuK44Ki44Km44OI44Os44OD44OI44Ob44Kk44Or44K544OG44OD44OX44Ov44K044Oz44K344O844OI44Kr44OQ44O844K544K/44OD44OJ44Os44K544OY44Or44Oh44OD44OI6LKp5aOy44Oe44OV44Op44O844K144K544Oa44Oz44K344On44Oz44Kq44O844OI44Ko44Ki44Ot44OR44O844OE44K544K/44OD44OJ44Os44K544K/44Kk44OkIOODgOODs+ODreODg+ODlyBXSU5URVIgTUFYWCBXTTAxIDIyNS82MFIxNyA5OVE=,44CQMjI1LzYwUjE3IDk5UeOAkeOAguOCueOCv+ODg+ODieODrOOCueOCv+OCpOODpCDjg4Djg7Pjg63jg4Pjg5cgV0lOVEVSIE1BWFggV00wMSAyMjUvNjBSMTcgOTlR[rn]
34-95828,aHR0cDovL3RzaG9wLnIxMHMuanAvc3R5bGVtYXJrZXQvY2FiaW5ldC9tYW5hZ2VkL2ltZzE1LzE1MTQxLmpwZz9maXRpbj03MDA6NzAw,MjQwMDAuMDAwMA==,,6LuK55So5ZOB44O744OQ44Kk44Kv55So5ZOBID4g44Kr44O855So5ZOBID4g44K544K/44OD44OJ44Os44K544K/44Kk44Ok,44K544K/44OD44OJ44Os44K544K/44Kk44OkIOODgOODs+ODreODg+ODlyBXSU5URVIgTUFYWCBXTTAxIDI0NS80MFIxOCA5M1E=,44CQMjQ1LzQwUjE4IDkzUeOAkQ==,PHA+PGltZyBzcmM9Imh0dHA6Ly93d3cucmFrdXRlbi5uZS5qcC9nb2xkL3N0eWxlbWFya2V0L3dwLWNvbnRlbnQvdGhlbWVzL3N0eWxlbWFya2V0L2ltYWdlcy9zaG9wL3Jha3V0ZW5fZGV0YWlsX3RpcmVjb3Vwb25fZGV0YWlsLmpwZyI+PC9wPjxwPjxpbWcgc3JjPSJodHRwOi8vaW1hZ2UucmFrdXRlbi5jby5qcC9zdHlsZW1hcmtldC9jYWJpbmV0L21hbmFnZWQvaW1nMTUvMTUxNDEuanBnIj48L3A+PHN0cm9uZyBjbGFzcz0iYmctb3JhbmdlbGluZSI+5ZWG5ZOB6Kqs5piOPC9zdHJvbmc+PHA+PGI+44OA44Oz44Ot44OD44OX5Y+y5LiK44CB5rC35LiK5oCn6IO944KSTUFYWOOBq+alteOCgeOBn+OAgjwvYj48YnI+44OW44Ot44OD44Kv44Gu5YCS44KM44GT44G/44KS5oqR5Yi244GX44Ki44Kk44K544OQ44O844Oz44KS44GX44Gj44GL44KK5byV44Gj44GL44GP44CMTUFYWOOCt+ODo+ODvOODl+OCqOODg+OCuOOAjeOBqOOAgeihqOmdouOBr+aflOOCieOBi+OBj+ODluODreODg+OCr+WFqOS9k+OBp+OBr+WJm+aAp+OBjOmrmOOBhOaAp+iDveOCkuaMgeOBpOOAjOODiuODjuODleOCo+ODg+ODiOOCtOODoOOAjeOCkuaWsOmWi+eZuuOAgjxicj7msLfooajpnaLjga7lvq7lsI/jgarlh7nlh7jjgavjgoLjgZfjgaPjgYvjgorlr4bnnYDjgZfjgIHjgqLjgqTjgrnjg5Djg7zjg7Pjgafjga7lvLflipvjgarjg5bjg6zjg7zjgq3mgKfog73jgpLlrp/nj77jgZfjgZ/kuZfnlKjou4rnlKjjg4/jgqTjg7vjgrnjg5rjg4Pjgq/jgrnjgr/jg4Pjg4njg6zjgrnjgII8L3A+PHN0cm9uZyBjbGFzcz0iYmctb3JhbmdlbGluZSI+6KO95ZOB5LuV5qeYPC9zdHJvbmc+PHA+44Oh44O844Kr44O877yaRFVOTE9Q77yI44OA44Oz44Ot44OD44OX77yJPGJyPuODkeOCv+ODvOODs++8mldJTlRFUiBNQVhYIFdNMDHvvIjjgqbjgqTjg7Pjgr/jg7zjg57jg4Pjgq/jgrkg44OA44OW44Or44Ko44OgIOOCvOODreODr+ODs++8iTxicj7jgrXjgqTjgrrvvJoyNDUvNDBSMTggOTNRPC9wPjxzdHJvbmcgY2xhc3M9ImJnLW9yYW5nZWxpbmUiPuOCueOCv+ODg+ODleOCs+ODoeODs+ODiDwvc3Ryb25nPjxwPldJTlRFUiBNQVhY44Gv44CB5by35Yqb44Gq44Ki44Kk44K544OQ44O844Oz5oCn6IO944KS55m65o+u44GX44Gq44GM44KJ44KC44CB54eD6LK744Gu5oyH5qiZ44Go44Gq44KL6Lui44GM44KK5oq15oqX5L+C5pWw44Gv44CB5b2T56S+5b6T5p2l5ZOB44CMRUMyMDHjgI3jgpLkuIrjgb7jgo/jgorjgb7jgZnjgII8YnI+5rC36Lev44Gn44Gu5a6J5b+D44Go44CB6IiX6KOF6Lev44Gn44Gu57WM5riI5oCn44KS5Lih56uL44GV44Gb44Gm44GE44G+44GZ44CCPC9wPjxzdHJvbmcgY2xhc3M9ImJnLW9yYW5nZWxpbmUiPuOBneOBruS7ljwvc3Ryb25nPjxwPjxmb250IGNvbG9yPSJvcmFuZ2UiPjxiPuOBiuWuouanmOOCiOOCiuOBk+OCk+OBquOBiuWVj+OBhOWQiOOCj+OBm+OCkuOBhOOBn+OBoOOBjeOBvuOBl+OBnzwvYj48L2ZvbnQ+PGJyPjxicj48Yj5ROuijvemAoOW5tOOBr+aMh+WumuOBp+OBjeOBvuOBmeOBi++8nzwvYj48YnI+PGZvbnQgY29sb3I9Im9yYW5nZSI+PGI+QTo8L2I+PC9mb250PuOBiuWuouanmOOBuOOBruOCteODvOODk+OCueOBruS4gOeSsOOBqOOBl+OBpuOCr+ODvOODneODs+OCkuOBlOeUqOaEj+iHtOOBl+OBvuOBl+OBn+OAgjxicj7jgq/jg7zjg53jg7PjgajkuIDnt5Ljgavjgr/jgqTjg6TjgpLjgZTms6jmlofjgYTjgZ/jgaDjgY/jgZPjgajjgafjgIHlronlv4PjgZfjgabmlrDjgZfjgYTjgr/jgqTjg6Tjga7jgYrlsYrjgZHjgpLjgYrlvoXjgaHkuIvjgZXjgYTjgII8YnI+PGJyPjxiPlE6MeacrOOBruS+oeagvOOBp+OBmeOBi++8nzwvYj48YnI+PGZvbnQgY29sb3I9Im9yYW5nZSI+PGI+QTo8L2I+PC9mb250PuOBr+OBhOOAguOCv+OCpOODpDHmnKzjga7kvqHmoLzjgajjgarjgorjgb7jgZnjgII8YnI+NOacrOOBlOazqOaWh+OBruWgtOWQiOOBr+OAjuihqOekuuS+oeagvMOXNOOAj+OBq+OBquOCiuOBvuOBmeOAgjxicj48YnI+PGI+UTrjg5vjgqTjg7zjg6vjga/ku5jlsZ7jgZfjgb7jgZnjgYvvvJ88L2I+PGJyPjxmb250IGNvbG9yPSJvcmFuZ2UiPjxiPkE6PC9iPjwvZm9udD7ooajnpLrkvqHmoLzjga/mlrDlk4Hjgr/jgqTjg6Qx5pys44Gu5L6h5qC844Go44Gq44KK44CB44Ob44Kk44O844Or44Gv5LuY5bGe44GX44G+44Gb44KT44CCPGJyPuODm+OCpOODvOODq+OCkuOBlOW4jOacm+OBruOBiuWuouanmOOBq+OBr+WIpemAlOOBiuimi+epjeOCguOCiuOCkuOBhOOBn+OBl+OBvuOBmeOBruOBp+OAgei7iueoruOAgeW5tOW8j+OAgeWei+W8j+OAgeOCv+OCpOODpOOCteOCpOOCuuOCkuiomOi8ieOBruS4iuOAgeOBiuWVj+OBhOWQiOOCj+OBm+OBj+OBoOOBleOBhOOBvuOBm+OAgjxicj48YnI+PGI+UTrku4rpoLzjgpPjgaDjgonjgYTjgaTlsYrjgY3jgb7jgZnjgYvvvJ88L2I+PGJyPjxmb250IGNvbG9yPSJvcmFuZ2UiPjxiPkE6PC9iPjwvZm9udD7msbrmuIjjgYznorroqo3jgafjgY3jgozjgbDjgIHjgZTms6jmlofml6XjgYvjgoky5Za25qWt5pel5Lul5YaF44Gr57SEOTAl44Gu44GU5rOo5paH44Gu5ZWG5ZOB44KS55m66YCB44Gn44GN44Gm44GE44G+44GZ44CCPGJyPuaui+OCiuOBrue0hDgl44GvMTDllrbmpa3ml6Xku6XlhoXjgIHmrKDlk4HjgafntI3mnJ/jga7nm67lh6bjgYznq4vjgZ/jgZrjgavjgYrlsYrjgZHjgafjgY3jgarjgYTjgoLjga7jga8yJeW8seOBqOOBquOBo+OBpuOBiuOCiuOBvuOBmeOAgjxicj48YnI+PGI+UTrpgIHmlpnjga/jgYTjgY/jgonjgafjgZnjgYvvvJ88L2I+PGJyPjxmb250IGNvbG9yPSJvcmFuZ2UiPjxiPkE6PC9iPjwvZm9udD7lv4XopoHmnKzmlbDjgavlv5zjgZjjgZ/mlpnph5HooajjgYzjgZTjgZbjgYTjgb7jgZnjga7jgafjgIHjgZ3jgaHjgonjgpLjgZTnorroqo3kuIvjgZXjgYTjgII8YnI+PGJyPjxiPlE656iO6L6844G/44Gn44GZ44GL77yfPC9iPjxicj48Zm9udCBjb2xvcj0ib3JhbmdlIj48Yj5BOjwvYj48L2ZvbnQ+56iO6L685L6h5qC844Gn6KGo56S644GX44Gm44GK44KK44G+44GZ44CCPGJyPuWGheeojuOBp+OBmeOBruOBp+OAgeWuieW/g+OBl+OBpuOBiuiyt+OBhOaxguOCgeS4i+OBleOBhOOAgjwvcD48cD48Yj7igLvjgYrlsYrjgZHjgavplqLjgZfjgaY8L2I+PGJyPuOBlOazqOaWh+OCkumgguOBj+W6puOBq+ODoeODvOOCq+ODvOOCiOOCiuWPluOCiuWvhOOBm+OCkuOBl+OBvuOBmeOAgjxicj7jgZ3jga7ngrrjgZTms6jmlofjgYvjgoky772eM+aXpeOBu+OBqeOBp+WHuuiNt+WPr+iDveOBp+OBmeOAgjxicj7jgb7jgZ/jgIHjg6Hjg7zjgqvjg7zjgavjgYrjgYTjgablnKjluqvliIfjgozjga7loLTlkIjjga/nmbrpgIHjgb7jgafjgasy772eM+aXpeS7peS4iuOBruOBiuaZgumWk+mgguOBj+WgtOWQiOOBjOOBlOOBluOBhOOBvuOBmeOAgjxicj7oqqDjgavmgZDjgozlhaXjgorjgb7jgZnjgYzjgIHjgYrmgKXjgY7jga7loLTlkIjjga/jgZTms6jmlofliY3jga7lnKjluqvnorroqo3jgpLjgYrpoZjjgYTnlLPjgZfkuIrjgZLjgb7jgZnjgII8L3A+PHA+PGltZyBzcmM9Imh0dHA6Ly93d3cucmFrdXRlbi5uZS5qcC9nb2xkL3N0eWxlbWFya2V0L3dwLWNvbnRlbnQvdGhlbWVzL3N0eWxlbWFya2V0L2ltYWdlcy9zaG9wL2RldGFpbF9pY29uX3BhY2tfb2suZ2lmIiBhbHQ9IuWQjOaiseWPryI+PGltZyBzcmM9Imh0dHA6Ly93d3cucmFrdXRlbi5uZS5qcC9nb2xkL3N0eWxlbWFya2V0L3dwLWNvbnRlbnQvdGhlbWVzL3N0eWxlbWFya2V0L2ltYWdlcy9zaG9wL2RldGFpbF9pY29uX2dpZnRfbmcuZ2lmIiBhbHQ9IuODqeODg+ODlOODs+OCsOS4jeWPryI+PGltZyBzcmM9Imh0dHA6Ly93d3cucmFrdXRlbi5uZS5qcC9nb2xkL3N0eWxlbWFya2V0L3dwLWNvbnRlbnQvdGhlbWVzL3N0eWxlbWFya2V0L2ltYWdlcy9zaG9wL2RldGFpbF9pY29uX3phaWtvX29yLmdpZiIgYWx0PSLjg6Hjg7zjgqvjg7zlj5blr4QiPjxpbWcgc3JjPSJodHRwOi8vd3d3LnJha3V0ZW4ubmUuanAvZ29sZC9zdHlsZW1hcmtldC93cC1jb250ZW50L3RoZW1lcy9zdHlsZW1hcmtldC9pbWFnZXMvc2hvcC9kZXRhaWxfaWNvbl9zaXRlaV9uZy5naWYiIGFsdD0i5pel5pmC5oyH5a6a5aSJ5YuV44GC44KKIj48aW1nIHNyYz0iaHR0cDovL3d3dy5yYWt1dGVuLm5lLmpwL2dvbGQvc3R5bGVtYXJrZXQvd3AtY29udGVudC90aGVtZXMvc3R5bGVtYXJrZXQvaW1hZ2VzL3Nob3AvZGV0YWlsX2ljb25fcGF5bWVudF9iYW5rLmdpZiIgYWx0PSLpioDooYzmjK/ovrwiPjxpbWcgc3JjPSJodHRwOi8vd3d3LnJha3V0ZW4ubmUuanAvZ29sZC9zdHlsZW1hcmtldC93cC1jb250ZW50L3RoZW1lcy9zdHlsZW1hcmtldC9pbWFnZXMvc2hvcC9kZXRhaWxfaWNvbl9wYXltZW50X2RhaWJpa2kuZ2lmIiBhbHQ9IuS7o+mHkeW8leaPmyI+PGltZyBzcmM9Imh0dHA6Ly93d3cucmFrdXRlbi5uZS5qcC9nb2xkL3N0eWxlbWFya2V0L3dwLWNvbnRlbnQvdGhlbWVzL3N0eWxlbWFya2V0L2ltYWdlcy9zaG9wL2RldGFpbF9pY29uX3NvdXJ5b3Vfc3AuZ2lmIiBhbHQ9IueJueauiumAgeaWmSI+PGJyPjxpbWcgc3JjPSJodHRwOi8vd3d3LnJha3V0ZW4ubmUuanAvZ29sZC9zdHlsZW1hcmtldC93cC1jb250ZW50L3RoZW1lcy9zdHlsZW1hcmtldC9pbWFnZXMvc2hvcC9kZXRhaWxfaWNvbl95YWppcnVzaS5naWYiPuOCouOCpOOCs+ODs+OBruiqrOaYjuOBr+OBk+OBoeOCiTwvcD4=,44K544K/44OD44OJ44Os44K544K/44Kk44OkIOODgOODs+ODreODg+ODlyBXSU5URVIgTUFYWCBXTTAxIDI0NS80MFIxOCA5M1HvvJrjgrnjgr/jgqTjg6vjg57jg7zjgrHjg4Pjg4jjgIDmpb3lpKnluILloLTlupc=,5r+A5a6J44K/44Kk44Ok5Lit5Y+k44Kr44O855So5ZOB44Kr44O844OR44O844OE44Kr44O844OK44OT44Ky44O844K344On44Oz5a6J44GEQ0FS44Kr44O844Kq44O844OH44Kj44Kq6LuK44Ki44Km44OI44Os44OD44OI44Ob44Kk44Or44K544OG44OD44OX44Ov44K044Oz44K344O844OI44Kr44OQ44O844K544K/44OD44OJ44Os44K544OY44Or44Oh44OD44OI6LKp5aOy44Oe44OV44Op44O844K144K544Oa44Oz44K344On44Oz44Kq44O844OI44Ko44Ki44Ot44OR44O844OE44K544K/44OD44OJ44Os44K544K/44Kk44OkIOODgOODs+ODreODg+ODlyBXSU5URVIgTUFYWCBXTTAxIDI0NS80MFIxOCA5M1E=,44CQMjQ1LzQwUjE4IDkzUeOAkeOAguOCueOCv+ODg+ODieODrOOCueOCv+OCpOODpCDjg4Djg7Pjg63jg4Pjg5cgV0lOVEVSIE1BWFggV00wMSAyNDUvNDBSMTggOTNR[rn]
34-95829,aHR0cDovL3RzaG9wLnIxMHMuanAvc3R5bGVtYXJrZXQvY2FiaW5ldC9tYW5hZ2VkL2ltZzEyLzEyNDk2LmpwZz9maXRpbj03MDA6NzAw,MTIyMjQuMDAwMA==,,6LuK55So5ZOB44O744OQ44Kk44Kv55So5ZOBID4g44Kr44O855So5ZOBID4g44K544K/44OD44OJ44Os44K544K/44Kk44Ok,44K544K/44OD44OJ44Os44K544K/44Kk44OkIOODluODquODguOCueODiOODsyBCTElaWkFLIERNLVYxIDIyNS83MFIxNiAxMDNR,44CQMjI1LzcwUjE2IDEwM1HjgJE=,PHA+PGltZyBzcmM9Imh0dHA6Ly93d3cucmFrdXRlbi5uZS5qcC9nb2xkL3N0eWxlbWFya2V0L3dwLWNvbnRlbnQvdGhlbWVzL3N0eWxlbWFya2V0L2ltYWdlcy9zaG9wL3Jha3V0ZW5fZGV0YWlsX3RpcmVjb3Vwb25fZGV0YWlsLmpwZyI+PC9wPjxwPjxpbWcgc3JjPSJodHRwOi8vaW1hZ2UucmFrdXRlbi5jby5qcC9zdHlsZW1hcmtldC9jYWJpbmV0L21hbmFnZWQvaW1nMTIvMTI0OTYuanBnIj48YnI+PGltZyBzcmM9Imh0dHA6Ly9pbWFnZS5yYWt1dGVuLmNvLmpwL3N0eWxlbWFya2V0L2NhYmluZXQvbWFuYWdlZC9pbWcxMi8xMjQ5Ny5qcGciPjwvcD48c3Ryb25nIGNsYXNzPSJiZy1vcmFuZ2VsaW5lIj7llYblk4HoqqzmmI48L3N0cm9uZz48cD48Yj7jg6zjg5znmbrnoLLjgrTjg6Ba44Go44K744Oz44K/44O844Oe44Or44OBWuODkeOCv+ODs+OAgeOCv+ODleOBquWGrOOCkui1sOegtOOBmeOCi1NVVi80w5c05bCC55So44OW44Oq44K244OD44Kv44CCPC9iPjxicj7lpKflnovljJbjgZfjgZ/msLTot6/jgYzmsLfjga7kuIrjga7msLTjga7ohpzjgpLpmaTljrvjgZnjgovjgII8YnI+44OQ44Kk44OI57KS5a2Q44GM5rC36Lev6Z2i44Gr5ZKs44G/44Gk44GP44CCPGJyPuOCu+ODs+OCv+ODvOODnuODq+ODgVrjgrDjg6vjg7zjg5bjgYzlpJrmlrnlkJHjgavlqIHlipvjgpLnmbrmj67jgII8L3A+PHN0cm9uZyBjbGFzcz0iYmctb3JhbmdlbGluZSI+6KO95ZOB5LuV5qeYPC9zdHJvbmc+PHA+44Oh44O844Kr44O877yaQlJJREdFU1RPTkXvvIjjg5bjg6rjg4Ljgrnjg4jjg7PvvIk8YnI+44OR44K/44O844Oz77yaQkxJWlpBSyBETS1WMe+8iOODluODquOCtuODg+OCryDjg4fjgqPjg7zjgqjjg6Ag44OW44Kk44Ov44Oz77yJPGJyPuOCteOCpOOCuu+8mjIyNS83MFIxNiAxMDNRPC9wPjxzdHJvbmcgY2xhc3M9ImJnLW9yYW5nZWxpbmUiPuOCueOCv+ODg+ODleOCs+ODoeODs+ODiDwvc3Ryb25nPjxwPuawt+S4iuODluODrOODvOOCreaAp+iDvTEx77yF44Ki44OD44OX77yB5pyf5b6F44GuU1VW55So44K544K/44OD44OJ44Os44K544CCPC9wPjxzdHJvbmcgY2xhc3M9ImJnLW9yYW5nZWxpbmUiPuOBneOBruS7ljwvc3Ryb25nPjxwPjxmb250IGNvbG9yPSJvcmFuZ2UiPjxiPuOBiuWuouanmOOCiOOCiuOBk+OCk+OBquOBiuWVj+OBhOWQiOOCj+OBm+OCkuOBhOOBn+OBoOOBjeOBvuOBl+OBnzwvYj48L2ZvbnQ+PGJyPjxicj48Yj5ROuijvemAoOW5tOOBr+aMh+WumuOBp+OBjeOBvuOBmeOBi++8nzwvYj48YnI+PGZvbnQgY29sb3I9Im9yYW5nZSI+PGI+QTo8L2I+PC9mb250PuOBiuWuouanmOOBuOOBruOCteODvOODk+OCueOBruS4gOeSsOOBqOOBl+OBpuOCr+ODvOODneODs+OCkuOBlOeUqOaEj+iHtOOBl+OBvuOBl+OBn+OAgjxicj7jgq/jg7zjg53jg7PjgajkuIDnt5Ljgavjgr/jgqTjg6TjgpLjgZTms6jmlofjgYTjgZ/jgaDjgY/jgZPjgajjgafjgIHlronlv4PjgZfjgabmlrDjgZfjgYTjgr/jgqTjg6Tjga7jgYrlsYrjgZHjgpLjgYrlvoXjgaHkuIvjgZXjgYTjgII8YnI+PGJyPjxiPlE6MeacrOOBruS+oeagvOOBp+OBmeOBi++8nzwvYj48YnI+PGZvbnQgY29sb3I9Im9yYW5nZSI+PGI+QTo8L2I+PC9mb250PuOBr+OBhOOAguOCv+OCpOODpDHmnKzjga7kvqHmoLzjgajjgarjgorjgb7jgZnjgII8YnI+NOacrOOBlOazqOaWh+OBruWgtOWQiOOBr+OAjuihqOekuuS+oeagvMOXNOOAj+OBq+OBquOCiuOBvuOBmeOAgjxicj48YnI+PGI+UTrjg5vjgqTjg7zjg6vjga/ku5jlsZ7jgZfjgb7jgZnjgYvvvJ88L2I+PGJyPjxmb250IGNvbG9yPSJvcmFuZ2UiPjxiPkE6PC9iPjwvZm9udD7ooajnpLrkvqHmoLzjga/mlrDlk4Hjgr/jgqTjg6Qx5pys44Gu5L6h5qC844Go44Gq44KK44CB44Ob44Kk44O844Or44Gv5LuY5bGe44GX44G+44Gb44KT44CCPGJyPuODm+OCpOODvOODq+OCkuOBlOW4jOacm+OBruOBiuWuouanmOOBq+OBr+WIpemAlOOBiuimi+epjeOCguOCiuOCkuOBhOOBn+OBl+OBvuOBmeOBruOBp+OAgei7iueoruOAgeW5tOW8j+OAgeWei+W8j+OAgeOCv+OCpOODpOOCteOCpOOCuuOCkuiomOi8ieOBruS4iuOAgeOBiuWVj+OBhOWQiOOCj+OBm+OBj+OBoOOBleOBhOOBvuOBm+OAgjxicj48YnI+PGI+UTrku4rpoLzjgpPjgaDjgonjgYTjgaTlsYrjgY3jgb7jgZnjgYvvvJ88L2I+PGJyPjxmb250IGNvbG9yPSJvcmFuZ2UiPjxiPkE6PC9iPjwvZm9udD7msbrmuIjjgYznorroqo3jgafjgY3jgozjgbDjgIHjgZTms6jmlofml6XjgYvjgoky5Za25qWt5pel5Lul5YaF44Gr57SEOTAl44Gu44GU5rOo5paH44Gu5ZWG5ZOB44KS55m66YCB44Gn44GN44Gm44GE44G+44GZ44CCPGJyPuaui+OCiuOBrue0hDgl44GvMTDllrbmpa3ml6Xku6XlhoXjgIHmrKDlk4HjgafntI3mnJ/jga7nm67lh6bjgYznq4vjgZ/jgZrjgavjgYrlsYrjgZHjgafjgY3jgarjgYTjgoLjga7jga8yJeW8seOBqOOBquOBo+OBpuOBiuOCiuOBvuOBmeOAgjxicj48YnI+PGI+UTrpgIHmlpnjga/jgYTjgY/jgonjgafjgZnjgYvvvJ88L2I+PGJyPjxmb250IGNvbG9yPSJvcmFuZ2UiPjxiPkE6PC9iPjwvZm9udD7lv4XopoHmnKzmlbDjgavlv5zjgZjjgZ/mlpnph5HooajjgYzjgZTjgZbjgYTjgb7jgZnjga7jgafjgIHjgZ3jgaHjgonjgpLjgZTnorroqo3kuIvjgZXjgYTjgII8YnI+PGJyPjxiPlE656iO6L6844G/44Gn44GZ44GL77yfPC9iPjxicj48Zm9udCBjb2xvcj0ib3JhbmdlIj48Yj5BOjwvYj48L2ZvbnQ+56iO6L685L6h5qC844Gn6KGo56S644GX44Gm44GK44KK44G+44GZ44CCPGJyPuWGheeojuOBp+OBmeOBruOBp+OAgeWuieW/g+OBl+OBpuOBiuiyt+OBhOaxguOCgeS4i+OBleOBhOOAgjwvcD48cD48Yj7igLvjgYrlsYrjgZHjgavplqLjgZfjgaY8L2I+PGJyPuOBlOazqOaWh+OCkumgguOBj+W6puOBq+ODoeODvOOCq+ODvOOCiOOCiuWPluOCiuWvhOOBm+OCkuOBl+OBvuOBmeOAgjxicj7jgZ3jga7ngrrjgZTms6jmlofjgYvjgoky772eM+aXpeOBu+OBqeOBp+WHuuiNt+WPr+iDveOBp+OBmeOAgjxicj7jgb7jgZ/jgIHjg6Hjg7zjgqvjg7zjgavjgYrjgYTjgablnKjluqvliIfjgozjga7loLTlkIjjga/nmbrpgIHjgb7jgafjgasy772eM+aXpeS7peS4iuOBruOBiuaZgumWk+mgguOBj+WgtOWQiOOBjOOBlOOBluOBhOOBvuOBmeOAgjxicj7oqqDjgavmgZDjgozlhaXjgorjgb7jgZnjgYzjgIHjgYrmgKXjgY7jga7loLTlkIjjga/jgZTms6jmlofliY3jga7lnKjluqvnorroqo3jgpLjgYrpoZjjgYTnlLPjgZfkuIrjgZLjgb7jgZnjgII8L3A+PHA+PGltZyBzcmM9Imh0dHA6Ly93d3cucmFrdXRlbi5uZS5qcC9nb2xkL3N0eWxlbWFya2V0L3dwLWNvbnRlbnQvdGhlbWVzL3N0eWxlbWFya2V0L2ltYWdlcy9zaG9wL2RldGFpbF9pY29uX3BhY2tfb2suZ2lmIiBhbHQ9IuWQjOaiseWPryI+PGltZyBzcmM9Imh0dHA6Ly93d3cucmFrdXRlbi5uZS5qcC9nb2xkL3N0eWxlbWFya2V0L3dwLWNvbnRlbnQvdGhlbWVzL3N0eWxlbWFya2V0L2ltYWdlcy9zaG9wL2RldGFpbF9pY29uX2dpZnRfbmcuZ2lmIiBhbHQ9IuODqeODg+ODlOODs+OCsOS4jeWPryI+PGltZyBzcmM9Imh0dHA6Ly93d3cucmFrdXRlbi5uZS5qcC9nb2xkL3N0eWxlbWFya2V0L3dwLWNvbnRlbnQvdGhlbWVzL3N0eWxlbWFya2V0L2ltYWdlcy9zaG9wL2RldGFpbF9pY29uX3phaWtvX29yLmdpZiIgYWx0PSLjg6Hjg7zjgqvjg7zlj5blr4QiPjxpbWcgc3JjPSJodHRwOi8vd3d3LnJha3V0ZW4ubmUuanAvZ29sZC9zdHlsZW1hcmtldC93cC1jb250ZW50L3RoZW1lcy9zdHlsZW1hcmtldC9pbWFnZXMvc2hvcC9kZXRhaWxfaWNvbl9zaXRlaV9uZy5naWYiIGFsdD0i5pel5pmC5oyH5a6a5aSJ5YuV44GC44KKIj48aW1nIHNyYz0iaHR0cDovL3d3dy5yYWt1dGVuLm5lLmpwL2dvbGQvc3R5bGVtYXJrZXQvd3AtY29udGVudC90aGVtZXMvc3R5bGVtYXJrZXQvaW1hZ2VzL3Nob3AvZGV0YWlsX2ljb25fcGF5bWVudF9iYW5rLmdpZiIgYWx0PSLpioDooYzmjK/ovrwiPjxpbWcgc3JjPSJodHRwOi8vd3d3LnJha3V0ZW4ubmUuanAvZ29sZC9zdHlsZW1hcmtldC93cC1jb250ZW50L3RoZW1lcy9zdHlsZW1hcmtldC9pbWFnZXMvc2hvcC9kZXRhaWxfaWNvbl9wYXltZW50X2RhaWJpa2kuZ2lmIiBhbHQ9IuS7o+mHkeW8leaPmyI+PGltZyBzcmM9Imh0dHA6Ly93d3cucmFrdXRlbi5uZS5qcC9nb2xkL3N0eWxlbWFya2V0L3dwLWNvbnRlbnQvdGhlbWVzL3N0eWxlbWFya2V0L2ltYWdlcy9zaG9wL2RldGFpbF9pY29uX3NvdXJ5b3Vfc3AuZ2lmIiBhbHQ9IueJueauiumAgeaWmSI+PGJyPjxpbWcgc3JjPSJodHRwOi8vd3d3LnJha3V0ZW4ubmUuanAvZ29sZC9zdHlsZW1hcmtldC93cC1jb250ZW50L3RoZW1lcy9zdHlsZW1hcmtldC9pbWFnZXMvc2hvcC9kZXRhaWxfaWNvbl95YWppcnVzaS5naWYiPuOCouOCpOOCs+ODs+OBruiqrOaYjuOBr+OBk+OBoeOCiTwvcD4=,44K544K/44OD44OJ44Os44K544K/44Kk44OkIOODluODquODguOCueODiOODsyBCTElaWkFLIERNLVYxIDIyNS83MFIxNiAxMDNR77ya44K544K/44Kk44Or44Oe44O844Kx44OD44OI44CA5qW95aSp5biC5aC05bqX,5r+A5a6J44K/44Kk44Ok5Lit5Y+k44Kr44O855So5ZOB44Kr44O844OR44O844OE44Kr44O844OK44OT44Ky44O844K344On44Oz5a6J44GEQ0FS44Kr44O844Kq44O844OH44Kj44Kq6LuK44Ki44Km44OI44Os44OD44OI44Ob44Kk44Or44K544OG44OD44OX44Ov44K044Oz44K344O844OI44Kr44OQ44O844K544K/44OD44OJ44Os44K544OY44Or44Oh44OD44OI6LKp5aOy44Oe44OV44Op44O844K144K544Oa44Oz44K344On44Oz44Kq44O844OI44Ko44Ki44Ot44OR44O844OE44K544K/44OD44OJ44Os44K544K/44Kk44OkIOODluODquODguOCueODiOODsyBCTElaWkFLIERNLVYxIDIyNS83MFIxNiAxMDNR,44CQMjI1LzcwUjE2IDEwM1HjgJHjgILjgrnjgr/jg4Pjg4njg6zjgrnjgr/jgqTjg6Qg44OW44Oq44OC44K544OI44OzIEJMSVpaQUsgRE0tVjEgMjI1LzcwUjE2IDEwM1E=[rn]
34-95830,aHR0cDovL3RzaG9wLnIxMHMuanAvc3R5bGVtYXJrZXQvY2FiaW5ldC9tYW5hZ2VkL2ltZzEyLzEyNjA3LmpwZz9maXRpbj03MDA6NzAw,MTc4NTYuMDAwMA==,,6LuK55So5ZOB44O744OQ44Kk44Kv55So5ZOBID4g44Kr44O855So5ZOBID4g44K544K/44OD44OJ44Os44K544K/44Kk44Ok,44K544K/44OD44OJ44Os44K544K/44Kk44OkIOODqOOCs+ODj+ODniBpY2UgR1VBUkQgNSBQTFVTIGlHNTBwbHVzIDIyNS81NVIxNiA5OVEgWEw=,44CQMjI1LzU1UjE2IDk5UeOAkQ==,PHA+PGltZyBzcmM9Imh0dHA6Ly93d3cucmFrdXRlbi5uZS5qcC9nb2xkL3N0eWxlbWFya2V0L3dwLWNvbnRlbnQvdGhlbWVzL3N0eWxlbWFya2V0L2ltYWdlcy9zaG9wL3Jha3V0ZW5fZGV0YWlsX3RpcmVjb3Vwb25fZGV0YWlsLmpwZyI+PC9wPjxwPjxpbWcgc3JjPSJodHRwOi8vaW1hZ2UucmFrdXRlbi5jby5qcC9zdHlsZW1hcmtldC9jYWJpbmV0L21hbmFnZWQvaW1nMTIvMTI2MDcuanBnIj48L3A+PHN0cm9uZyBjbGFzcz0iYmctb3JhbmdlbGluZSI+5ZWG5ZOB6Kqs5piOPC9zdHJvbmc+PHA+PGI+MS7msLfjgavlirnjgY88L2I+PGJyPumAsuWMluOBl+OBn+OAjOOCueODvOODkeODvOWQuOawtOOCtOODoOOAjeOBruaOoeeUqOOBp+OAgeawt+S4iuWItuWLleOBjDcl5ZCR5LiK44CCPGJyPjxiPjIu5rC444GP5Yq544GPPC9iPjxicj7jgZrjgaPjgajmn5TjgonjgYvjgYTjgYvjgonlirnjgY/jgILjgaDjgYvjgonmsLfkuIrmgKfog73jgYzjgIHmjIHntprjgZnjgovjgII8YnI+PGI+My7nh4PosrvjgavlirnjgY88L2I+PGJyPui7ouOBjOOCiuaKteaKl+OCkjcl5L2O5rib44CC77yI54eD6LK744Gu5pS55ZaE44Gr6LKi54yu77yJPGJyPjxiPjQu44GV44G+44GW44G+44Gq6Lev6Z2i44Gr5Yq544GPPC9iPjxicj7ljbHpmbrjgarlh43ntZDot6/pnaLjga/jgIHjgbLjgajjgaTjgZjjgoPjgarjgYTjgILlhqzjga7jgZXjgb7jgZbjgb7jgarot6/pnaLjgavlirnjgY/jgIHmuKnluqblr77lv5zmioDooZPjgII8L3A+PHN0cm9uZyBjbGFzcz0iYmctb3JhbmdlbGluZSI+6KO95ZOB5LuV5qeYPC9zdHJvbmc+PHA+44Oh44O844Kr44O877yaWU9LT0hBTUHvvIjjg6jjgrPjg4/jg57vvIk8YnI+44OR44K/44O844Oz77yaaWNlIEdVQVJEIDUgUExVUyBpRzUwcGx1c++8iOOCouOCpOOCueOCrOODvOODiSDjg5XjgqHjgqTjg5Yg44OX44Op44K5IOOCouOCpOOCuOODvOOCtOOCuOODpeOCpuODl+ODqeOCue+8iTxicj7jgrXjgqTjgrrvvJoyMjUvNTVSMTYgOTlRIFhM77yI6LKg6I236IO95Yqb5by35YyW44K/44Kk44OX77yJPC9wPjxzdHJvbmcgY2xhc3M9ImJnLW9yYW5nZWxpbmUiPuOCueOCv+ODg+ODleOCs+ODoeODs+ODiDwvc3Ryb25nPjxwPuOBiuWuouOBleOBvuOBruOAjOWuieW/g+OAjeOCkui/veaxguOBmeOCi+OBk+OBqOOAguWHjee1kOi3r+mdouOBp+OAgeOCguOBo+OBqOeiuuWun+OBq+atouOBvuOCi+OBk+OBqOOAgjwvcD48c3Ryb25nIGNsYXNzPSJiZy1vcmFuZ2VsaW5lIj7jgZ3jga7ku5Y8L3N0cm9uZz48cD48Zm9udCBjb2xvcj0ib3JhbmdlIj48Yj7jgYrlrqLmp5jjgojjgorjgZPjgpPjgarjgYrllY/jgYTlkIjjgo/jgZvjgpLjgYTjgZ/jgaDjgY3jgb7jgZfjgZ88L2I+PC9mb250Pjxicj48YnI+PGI+UTroo73pgKDlubTjga/mjIflrprjgafjgY3jgb7jgZnjgYvvvJ88L2I+PGJyPjxmb250IGNvbG9yPSJvcmFuZ2UiPjxiPkE6PC9iPjwvZm9udD7jgYrlrqLmp5jjgbjjga7jgrXjg7zjg5Pjgrnjga7kuIDnkrDjgajjgZfjgabjgq/jg7zjg53jg7PjgpLjgZTnlKjmhI/oh7TjgZfjgb7jgZfjgZ/jgII8YnI+44Kv44O844Od44Oz44Go5LiA57eS44Gr44K/44Kk44Ok44KS44GU5rOo5paH44GE44Gf44Gg44GP44GT44Go44Gn44CB5a6J5b+D44GX44Gm5paw44GX44GE44K/44Kk44Ok44Gu44GK5bGK44GR44KS44GK5b6F44Gh5LiL44GV44GE44CCPGJyPjxicj48Yj5ROjHmnKzjga7kvqHmoLzjgafjgZnjgYvvvJ88L2I+PGJyPjxmb250IGNvbG9yPSJvcmFuZ2UiPjxiPkE6PC9iPjwvZm9udD7jga/jgYTjgILjgr/jgqTjg6Qx5pys44Gu5L6h5qC844Go44Gq44KK44G+44GZ44CCPGJyPjTmnKzjgZTms6jmlofjga7loLTlkIjjga/jgI7ooajnpLrkvqHmoLzDlzTjgI/jgavjgarjgorjgb7jgZnjgII8YnI+PGJyPjxiPlE644Ob44Kk44O844Or44Gv5LuY5bGe44GX44G+44GZ44GL77yfPC9iPjxicj48Zm9udCBjb2xvcj0ib3JhbmdlIj48Yj5BOjwvYj48L2ZvbnQ+6KGo56S65L6h5qC844Gv5paw5ZOB44K/44Kk44OkMeacrOOBruS+oeagvOOBqOOBquOCiuOAgeODm+OCpOODvOODq+OBr+S7mOWxnuOBl+OBvuOBm+OCk+OAgjxicj7jg5vjgqTjg7zjg6vjgpLjgZTluIzmnJvjga7jgYrlrqLmp5jjgavjga/liKXpgJTjgYropovnqY3jgoLjgorjgpLjgYTjgZ/jgZfjgb7jgZnjga7jgafjgIHou4rnqK7jgIHlubTlvI/jgIHlnovlvI/jgIHjgr/jgqTjg6TjgrXjgqTjgrrjgpLoqJjovInjga7kuIrjgIHjgYrllY/jgYTlkIjjgo/jgZvjgY/jgaDjgZXjgYTjgb7jgZvjgII8YnI+PGJyPjxiPlE65LuK6aC844KT44Gg44KJ44GE44Gk5bGK44GN44G+44GZ44GL77yfPC9iPjxicj48Zm9udCBjb2xvcj0ib3JhbmdlIj48Yj5BOjwvYj48L2ZvbnQ+5rG65riI44GM56K66KqN44Gn44GN44KM44Gw44CB44GU5rOo5paH5pel44GL44KJMuWWtualreaXpeS7peWGheOBq+e0hDkwJeOBruOBlOazqOaWh+OBruWVhuWTgeOCkueZuumAgeOBp+OBjeOBpuOBhOOBvuOBmeOAgjxicj7mrovjgorjga7ntIQ4JeOBrzEw5Za25qWt5pel5Lul5YaF44CB5qyg5ZOB44Gn57SN5pyf44Gu55uu5Yem44GM56uL44Gf44Ga44Gr44GK5bGK44GR44Gn44GN44Gq44GE44KC44Gu44GvMiXlvLHjgajjgarjgaPjgabjgYrjgorjgb7jgZnjgII8YnI+PGJyPjxiPlE66YCB5paZ44Gv44GE44GP44KJ44Gn44GZ44GL77yfPC9iPjxicj48Zm9udCBjb2xvcj0ib3JhbmdlIj48Yj5BOjwvYj48L2ZvbnQ+5b+F6KaB5pys5pWw44Gr5b+c44GY44Gf5paZ6YeR6KGo44GM44GU44GW44GE44G+44GZ44Gu44Gn44CB44Gd44Gh44KJ44KS44GU56K66KqN5LiL44GV44GE44CCPGJyPjxicj48Yj5ROueojui+vOOBv+OBp+OBmeOBi++8nzwvYj48YnI+PGZvbnQgY29sb3I9Im9yYW5nZSI+PGI+QTo8L2I+PC9mb250Pueojui+vOS+oeagvOOBp+ihqOekuuOBl+OBpuOBiuOCiuOBvuOBmeOAgjxicj7lhoXnqI7jgafjgZnjga7jgafjgIHlronlv4PjgZfjgabjgYrosrfjgYTmsYLjgoHkuIvjgZXjgYTjgII8L3A+PHA+PGI+4oC744GK5bGK44GR44Gr6Zai44GX44GmPC9iPjxicj7jgZTms6jmlofjgpLpoILjgY/luqbjgavjg6Hjg7zjgqvjg7zjgojjgorlj5bjgorlr4TjgZvjgpLjgZfjgb7jgZnjgII8YnI+44Gd44Gu54K644GU5rOo5paH44GL44KJMu+9njPml6Xjgbvjganjgaflh7rojbflj6/og73jgafjgZnjgII8YnI+44G+44Gf44CB44Oh44O844Kr44O844Gr44GK44GE44Gm5Zyo5bqr5YiH44KM44Gu5aC05ZCI44Gv55m66YCB44G+44Gn44GrMu+9njPml6Xku6XkuIrjga7jgYrmmYLplpPpoILjgY/loLTlkIjjgYzjgZTjgZbjgYTjgb7jgZnjgII8YnI+6Kqg44Gr5oGQ44KM5YWl44KK44G+44GZ44GM44CB44GK5oCl44GO44Gu5aC05ZCI44Gv44GU5rOo5paH5YmN44Gu5Zyo5bqr56K66KqN44KS44GK6aGY44GE55Sz44GX5LiK44GS44G+44GZ44CCPC9wPjxwPjxpbWcgc3JjPSJodHRwOi8vd3d3LnJha3V0ZW4ubmUuanAvZ29sZC9zdHlsZW1hcmtldC93cC1jb250ZW50L3RoZW1lcy9zdHlsZW1hcmtldC9pbWFnZXMvc2hvcC9kZXRhaWxfaWNvbl9wYWNrX29rLmdpZiIgYWx0PSLlkIzmorHlj68iPjxpbWcgc3JjPSJodHRwOi8vd3d3LnJha3V0ZW4ubmUuanAvZ29sZC9zdHlsZW1hcmtldC93cC1jb250ZW50L3RoZW1lcy9zdHlsZW1hcmtldC9pbWFnZXMvc2hvcC9kZXRhaWxfaWNvbl9naWZ0X25nLmdpZiIgYWx0PSLjg6njg4Pjg5Tjg7PjgrDkuI3lj68iPjxpbWcgc3JjPSJodHRwOi8vd3d3LnJha3V0ZW4ubmUuanAvZ29sZC9zdHlsZW1hcmtldC93cC1jb250ZW50L3RoZW1lcy9zdHlsZW1hcmtldC9pbWFnZXMvc2hvcC9kZXRhaWxfaWNvbl96YWlrb19vci5naWYiIGFsdD0i44Oh44O844Kr44O85Y+W5a+EIj48aW1nIHNyYz0iaHR0cDovL3d3dy5yYWt1dGVuLm5lLmpwL2dvbGQvc3R5bGVtYXJrZXQvd3AtY29udGVudC90aGVtZXMvc3R5bGVtYXJrZXQvaW1hZ2VzL3Nob3AvZGV0YWlsX2ljb25fc2l0ZWlfbmcuZ2lmIiBhbHQ9IuaXpeaZguaMh+WumuWkieWLleOBguOCiiI+PGltZyBzcmM9Imh0dHA6Ly93d3cucmFrdXRlbi5uZS5qcC9nb2xkL3N0eWxlbWFya2V0L3dwLWNvbnRlbnQvdGhlbWVzL3N0eWxlbWFya2V0L2ltYWdlcy9zaG9wL2RldGFpbF9pY29uX3BheW1lbnRfYmFuay5naWYiIGFsdD0i6YqA6KGM5oyv6L68Ij48aW1nIHNyYz0iaHR0cDovL3d3dy5yYWt1dGVuLm5lLmpwL2dvbGQvc3R5bGVtYXJrZXQvd3AtY29udGVudC90aGVtZXMvc3R5bGVtYXJrZXQvaW1hZ2VzL3Nob3AvZGV0YWlsX2ljb25fcGF5bWVudF9kYWliaWtpLmdpZiIgYWx0PSLku6Pph5HlvJXmj5siPjxpbWcgc3JjPSJodHRwOi8vd3d3LnJha3V0ZW4ubmUuanAvZ29sZC9zdHlsZW1hcmtldC93cC1jb250ZW50L3RoZW1lcy9zdHlsZW1hcmtldC9pbWFnZXMvc2hvcC9kZXRhaWxfaWNvbl9zb3VyeW91X3NwLmdpZiIgYWx0PSLnibnmrorpgIHmlpkiPjxicj48aW1nIHNyYz0iaHR0cDovL3d3dy5yYWt1dGVuLm5lLmpwL2dvbGQvc3R5bGVtYXJrZXQvd3AtY29udGVudC90aGVtZXMvc3R5bGVtYXJrZXQvaW1hZ2VzL3Nob3AvZGV0YWlsX2ljb25feWFqaXJ1c2kuZ2lmIj7jgqLjgqTjgrPjg7Pjga7oqqzmmI7jga/jgZPjgaHjgok8L3A+,44K544K/44OD44OJ44Os44K544K/44Kk44OkIOODqOOCs+ODj+ODniBpY2UgR1VBUkQgNSBQTFVTIGlHNTBwbHVzIDIyNS81NVIxNiA5OVEgWEzvvJrjgrnjgr/jgqTjg6vjg57jg7zjgrHjg4Pjg4jjgIDmpb3lpKnluILloLTlupc=,5r+A5a6J44K/44Kk44Ok5Lit5Y+k44Kr44O855So5ZOB44Kr44O844OR44O844OE44Kr44O844OK44OT44Ky44O844K344On44Oz5a6J44GEQ0FS44Kr44O844Kq44O844OH44Kj44Kq6LuK44Ki44Km44OI44Os44OD44OI44Ob44Kk44Or44K544OG44OD44OX44Ov44K044Oz44K344O844OI44Kr44OQ44O844K544K/44OD44OJ44Os44K544OY44Or44Oh44OD44OI6LKp5aOy44Oe44OV44Op44O844K144K544Oa44Oz44K344On44Oz44Kq44O844OI44Ko44Ki44Ot44OR44O844OE44K544K/44OD44OJ44Os44K544K/44Kk44OkIOODqOOCs+ODj+ODniBpY2UgR1VBUkQgNSBQTFVTIGlHNTBwbHVzIDIyNS81NVIxNiA5OVEgWEw=,44CQMjI1LzU1UjE2IDk5UeOAkeOAguOCueOCv+ODg+ODieODrOOCueOCv+OCpOODpCDjg6jjgrPjg4/jg54gaWNlIEdVQVJEIDUgUExVUyBpRzUwcGx1cyAyMjUvNTVSMTYgOTlRIFhM[rn]
34-95831,aHR0cDovL3RzaG9wLnIxMHMuanAvc3R5bGVtYXJrZXQvY2FiaW5ldC9tYW5hZ2VkL2ltZzEzLzEzOTY0LmpwZz9maXRpbj03MDA6NzAw,MTM0ODAuMDAwMA==,,6LuK55So5ZOB44O744OQ44Kk44Kv55So5ZOBID4g44Kr44O855So5ZOBID4g44K544K/44OD44OJ44Os44K544K/44Kk44Ok,44K544K/44OD44OJ44Os44K544K/44Kk44OkIOODqOOCs+ODj+ODniBHRU9MQU5EQVIgSS9UIEcwNzIgMjU1LzY1UjE2IDEwOVE=,44CQMjU1LzY1UjE2IDEwOVHjgJE=,PHA+PGltZyBzcmM9Imh0dHA6Ly93d3cucmFrdXRlbi5uZS5qcC9nb2xkL3N0eWxlbWFya2V0L3dwLWNvbnRlbnQvdGhlbWVzL3N0eWxlbWFya2V0L2ltYWdlcy9zaG9wL3Jha3V0ZW5fZGV0YWlsX3RpcmVjb3Vwb25fZGV0YWlsLmpwZyI+PC9wPjxwPjxpbWcgc3JjPSJodHRwOi8vaW1hZ2UucmFrdXRlbi5jby5qcC9zdHlsZW1hcmtldC9jYWJpbmV0L21hbmFnZWQvaW1nMTMvMTM5NjQuanBnIj48L3A+PHN0cm9uZyBjbGFzcz0iYmctb3JhbmdlbGluZSI+5ZWG5ZOB6Kqs5piOPC9zdHJvbmc+PHA+PGI+5rC35LiK5oCn6IO944Gv44CB5ZC45rC05Yqb44Gn5rG644KB44KL44CCPC9iPjxicj7mlrDntKDmnZDjgIzlkLjmsLTjgqvjg7zjg5zjg7PjgI3jgajjgIzlkLjmsLTjg5Djg6vjg7zjg7PjgI3jga7jg4Djg5bjg6vlkLjmsLTjgafmsLfjgavlkLjnnYDjgII8YnI+5aSa5pWw44Gu44OV44Op44OD44OI6Z2i44KS5bGV6ZaL44GX44Gf5paw44OX44Ot44OV44Kh44Kk44Or44KS5o6h55So44GX44CB5YmN44OR44K/44O844Oz44Gr5q+U44G544Gm5Yi25YuV5oCn44GMMjHvvIXlkJHkuIrjgII8L3A+PHN0cm9uZyBjbGFzcz0iYmctb3JhbmdlbGluZSI+6KO95ZOB5LuV5qeYPC9zdHJvbmc+PHA+44Oh44O844Kr44O877yaWU9LT0hBTUHvvIjjg6jjgrPjg4/jg57vvIk8YnI+44OR44K/44O844Oz77yaR0VPTEFOREFSIEkvVCBHMDcy77yI44K444Kq44Op44Oz44OA44O8IOOCouOCpOODhuOCoyDjgrjjg7zjgrzjg63jg4rjg4rjg4vvvIk8YnI+44K144Kk44K677yaMjU1LzY1UjE2IDEwOVE8L3A+PHN0cm9uZyBjbGFzcz0iYmctb3JhbmdlbGluZSI+44K544K/44OD44OV44Kz44Oh44Oz44OIPC9zdHJvbmc+PHA+WU9LT0hBTUHjga7kurrmsJfjgr/jgqTjg6TjgII8L3A+PHN0cm9uZyBjbGFzcz0iYmctb3JhbmdlbGluZSI+44Gd44Gu5LuWPC9zdHJvbmc+PHA+PGZvbnQgY29sb3I9Im9yYW5nZSI+PGI+44GK5a6i5qeY44KI44KK44GT44KT44Gq44GK5ZWP44GE5ZCI44KP44Gb44KS44GE44Gf44Gg44GN44G+44GX44GfPC9iPjwvZm9udD48YnI+PGJyPjxiPlE66KO96YCg5bm044Gv5oyH5a6a44Gn44GN44G+44GZ44GL77yfPC9iPjxicj48Zm9udCBjb2xvcj0ib3JhbmdlIj48Yj5BOjwvYj48L2ZvbnQ+44GK5a6i5qeY44G444Gu44K144O844OT44K544Gu5LiA55Kw44Go44GX44Gm44Kv44O844Od44Oz44KS44GU55So5oSP6Ie044GX44G+44GX44Gf44CCPGJyPuOCr+ODvOODneODs+OBqOS4gOe3kuOBq+OCv+OCpOODpOOCkuOBlOazqOaWh+OBhOOBn+OBoOOBj+OBk+OBqOOBp+OAgeWuieW/g+OBl+OBpuaWsOOBl+OBhOOCv+OCpOODpOOBruOBiuWxiuOBkeOCkuOBiuW+heOBoeS4i+OBleOBhOOAgjxicj48YnI+PGI+UTox5pys44Gu5L6h5qC844Gn44GZ44GL77yfPC9iPjxicj48Zm9udCBjb2xvcj0ib3JhbmdlIj48Yj5BOjwvYj48L2ZvbnQ+44Gv44GE44CC44K/44Kk44OkMeacrOOBruS+oeagvOOBqOOBquOCiuOBvuOBmeOAgjxicj405pys44GU5rOo5paH44Gu5aC05ZCI44Gv44CO6KGo56S65L6h5qC8w5c044CP44Gr44Gq44KK44G+44GZ44CCPGJyPjxicj48Yj5ROuODm+OCpOODvOODq+OBr+S7mOWxnuOBl+OBvuOBmeOBi++8nzwvYj48YnI+PGZvbnQgY29sb3I9Im9yYW5nZSI+PGI+QTo8L2I+PC9mb250PuihqOekuuS+oeagvOOBr+aWsOWTgeOCv+OCpOODpDHmnKzjga7kvqHmoLzjgajjgarjgorjgIHjg5vjgqTjg7zjg6vjga/ku5jlsZ7jgZfjgb7jgZvjgpPjgII8YnI+44Ob44Kk44O844Or44KS44GU5biM5pyb44Gu44GK5a6i5qeY44Gr44Gv5Yil6YCU44GK6KaL56mN44KC44KK44KS44GE44Gf44GX44G+44GZ44Gu44Gn44CB6LuK56iu44CB5bm05byP44CB5Z6L5byP44CB44K/44Kk44Ok44K144Kk44K644KS6KiY6LyJ44Gu5LiK44CB44GK5ZWP44GE5ZCI44KP44Gb44GP44Gg44GV44GE44G+44Gb44CCPGJyPjxicj48Yj5ROuS7iumgvOOCk+OBoOOCieOBhOOBpOWxiuOBjeOBvuOBmeOBi++8nzwvYj48YnI+PGZvbnQgY29sb3I9Im9yYW5nZSI+PGI+QTo8L2I+PC9mb250Puaxuua4iOOBjOeiuuiqjeOBp+OBjeOCjOOBsOOAgeOBlOazqOaWh+aXpeOBi+OCiTLllrbmpa3ml6Xku6XlhoXjgavntIQ5MCXjga7jgZTms6jmlofjga7llYblk4HjgpLnmbrpgIHjgafjgY3jgabjgYTjgb7jgZnjgII8YnI+5q6L44KK44Gu57SEOCXjga8xMOWWtualreaXpeS7peWGheOAgeasoOWTgeOBp+e0jeacn+OBruebruWHpuOBjOeri+OBn+OBmuOBq+OBiuWxiuOBkeOBp+OBjeOBquOBhOOCguOBruOBrzIl5byx44Go44Gq44Gj44Gm44GK44KK44G+44GZ44CCPGJyPjxicj48Yj5ROumAgeaWmeOBr+OBhOOBj+OCieOBp+OBmeOBi++8nzwvYj48YnI+PGZvbnQgY29sb3I9Im9yYW5nZSI+PGI+QTo8L2I+PC9mb250PuW/heimgeacrOaVsOOBq+W/nOOBmOOBn+aWmemHkeihqOOBjOOBlOOBluOBhOOBvuOBmeOBruOBp+OAgeOBneOBoeOCieOCkuOBlOeiuuiqjeS4i+OBleOBhOOAgjxicj48YnI+PGI+UTrnqI7ovrzjgb/jgafjgZnjgYvvvJ88L2I+PGJyPjxmb250IGNvbG9yPSJvcmFuZ2UiPjxiPkE6PC9iPjwvZm9udD7nqI7ovrzkvqHmoLzjgafooajnpLrjgZfjgabjgYrjgorjgb7jgZnjgII8YnI+5YaF56iO44Gn44GZ44Gu44Gn44CB5a6J5b+D44GX44Gm44GK6LK344GE5rGC44KB5LiL44GV44GE44CCPC9wPjxwPjxiPuKAu+OBiuWxiuOBkeOBq+mWouOBl+OBpjwvYj48YnI+44GU5rOo5paH44KS6aCC44GP5bqm44Gr44Oh44O844Kr44O844KI44KK5Y+W44KK5a+E44Gb44KS44GX44G+44GZ44CCPGJyPuOBneOBrueCuuOBlOazqOaWh+OBi+OCiTLvvZ4z5pel44G744Gp44Gn5Ye66I235Y+v6IO944Gn44GZ44CCPGJyPuOBvuOBn+OAgeODoeODvOOCq+ODvOOBq+OBiuOBhOOBpuWcqOW6q+WIh+OCjOOBruWgtOWQiOOBr+eZuumAgeOBvuOBp+OBqzLvvZ4z5pel5Lul5LiK44Gu44GK5pmC6ZaT6aCC44GP5aC05ZCI44GM44GU44GW44GE44G+44GZ44CCPGJyPuiqoOOBq+aBkOOCjOWFpeOCiuOBvuOBmeOBjOOAgeOBiuaApeOBjuOBruWgtOWQiOOBr+OBlOazqOaWh+WJjeOBruWcqOW6q+eiuuiqjeOCkuOBiumhmOOBhOeUs+OBl+S4iuOBkuOBvuOBmeOAgjwvcD48cD48aW1nIHNyYz0iaHR0cDovL3d3dy5yYWt1dGVuLm5lLmpwL2dvbGQvc3R5bGVtYXJrZXQvd3AtY29udGVudC90aGVtZXMvc3R5bGVtYXJrZXQvaW1hZ2VzL3Nob3AvZGV0YWlsX2ljb25fcGFja19vay5naWYiIGFsdD0i5ZCM5qKx5Y+vIj48aW1nIHNyYz0iaHR0cDovL3d3dy5yYWt1dGVuLm5lLmpwL2dvbGQvc3R5bGVtYXJrZXQvd3AtY29udGVudC90aGVtZXMvc3R5bGVtYXJrZXQvaW1hZ2VzL3Nob3AvZGV0YWlsX2ljb25fZ2lmdF9uZy5naWYiIGFsdD0i44Op44OD44OU44Oz44Kw5LiN5Y+vIj48aW1nIHNyYz0iaHR0cDovL3d3dy5yYWt1dGVuLm5lLmpwL2dvbGQvc3R5bGVtYXJrZXQvd3AtY29udGVudC90aGVtZXMvc3R5bGVtYXJrZXQvaW1hZ2VzL3Nob3AvZGV0YWlsX2ljb25femFpa29fb3IuZ2lmIiBhbHQ9IuODoeODvOOCq+ODvOWPluWvhCI+PGltZyBzcmM9Imh0dHA6Ly93d3cucmFrdXRlbi5uZS5qcC9nb2xkL3N0eWxlbWFya2V0L3dwLWNvbnRlbnQvdGhlbWVzL3N0eWxlbWFya2V0L2ltYWdlcy9zaG9wL2RldGFpbF9pY29uX3NpdGVpX25nLmdpZiIgYWx0PSLml6XmmYLmjIflrprlpInli5XjgYLjgooiPjxpbWcgc3JjPSJodHRwOi8vd3d3LnJha3V0ZW4ubmUuanAvZ29sZC9zdHlsZW1hcmtldC93cC1jb250ZW50L3RoZW1lcy9zdHlsZW1hcmtldC9pbWFnZXMvc2hvcC9kZXRhaWxfaWNvbl9wYXltZW50X2JhbmsuZ2lmIiBhbHQ9IumKgOihjOaMr+i+vCI+PGltZyBzcmM9Imh0dHA6Ly93d3cucmFrdXRlbi5uZS5qcC9nb2xkL3N0eWxlbWFya2V0L3dwLWNvbnRlbnQvdGhlbWVzL3N0eWxlbWFya2V0L2ltYWdlcy9zaG9wL2RldGFpbF9pY29uX3BheW1lbnRfZGFpYmlraS5naWYiIGFsdD0i5Luj6YeR5byV5o+bIj48aW1nIHNyYz0iaHR0cDovL3d3dy5yYWt1dGVuLm5lLmpwL2dvbGQvc3R5bGVtYXJrZXQvd3AtY29udGVudC90aGVtZXMvc3R5bGVtYXJrZXQvaW1hZ2VzL3Nob3AvZGV0YWlsX2ljb25fc291cnlvdV9zcC5naWYiIGFsdD0i54m55q6K6YCB5paZIj48YnI+PGltZyBzcmM9Imh0dHA6Ly93d3cucmFrdXRlbi5uZS5qcC9nb2xkL3N0eWxlbWFya2V0L3dwLWNvbnRlbnQvdGhlbWVzL3N0eWxlbWFya2V0L2ltYWdlcy9zaG9wL2RldGFpbF9pY29uX3lhamlydXNpLmdpZiI+44Ki44Kk44Kz44Oz44Gu6Kqs5piO44Gv44GT44Gh44KJPC9wPg==,44K544K/44OD44OJ44Os44K544K/44Kk44OkIOODqOOCs+ODj+ODniBHRU9MQU5EQVIgSS9UIEcwNzIgMjU1LzY1UjE2IDEwOVHvvJrjgrnjgr/jgqTjg6vjg57jg7zjgrHjg4Pjg4jjgIDmpb3lpKnluILloLTlupc=,5r+A5a6J44K/44Kk44Ok5Lit5Y+k44Kr44O855So5ZOB44Kr44O844OR44O844OE44Kr44O844OK44OT44Ky44O844K344On44Oz5a6J44GEQ0FS44Kr44O844Kq44O844OH44Kj44Kq6LuK44Ki44Km44OI44Os44OD44OI44Ob44Kk44Or44K544OG44OD44OX44Ov44K044Oz44K344O844OI44Kr44OQ44O844K544K/44OD44OJ44Os44K544OY44Or44Oh44OD44OI6LKp5aOy44Oe44OV44Op44O844K144K544Oa44Oz44K344On44Oz44Kq44O844OI44Ko44Ki44Ot44OR44O844OE44K544K/44OD44OJ44Os44K544K/44Kk44OkIOODqOOCs+ODj+ODniBHRU9MQU5EQVIgSS9UIEcwNzIgMjU1LzY1UjE2IDEwOVE=,44CQMjU1LzY1UjE2IDEwOVHjgJHjgILjgrnjgr/jg4Pjg4njg6zjgrnjgr/jgqTjg6Qg44Oo44Kz44OP44OeIEdFT0xBTkRBUiBJL1QgRzA3MiAyNTUvNjVSMTYgMTA5UQ==[rn]
34-95832,aHR0cDovL3RzaG9wLnIxMHMuanAvc3R5bGVtYXJrZXQvY2FiaW5ldC9tYW5hZ2VkL2ltZzEyLzEyNjA3LmpwZz9maXRpbj03MDA6NzAw,MTQ0NjQuMDAwMA==,,6LuK55So5ZOB44O744OQ44Kk44Kv55So5ZOBID4g44Kr44O855So5ZOBID4g44K544K/44OD44OJ44Os44K544K/44Kk44Ok,44K544K/44OD44OJ44Os44K544K/44Kk44OkIOODqOOCs+ODj+ODniBpY2UgR1VBUkQgNSBQTFVTIGlHNTBwbHVzIDIxNS82MFIxNiA5NVE=,44CQMjE1LzYwUjE2IDk1UeOAkQ==,PHA+PGltZyBzcmM9Imh0dHA6Ly93d3cucmFrdXRlbi5uZS5qcC9nb2xkL3N0eWxlbWFya2V0L3dwLWNvbnRlbnQvdGhlbWVzL3N0eWxlbWFya2V0L2ltYWdlcy9zaG9wL3Jha3V0ZW5fZGV0YWlsX3RpcmVjb3Vwb25fZGV0YWlsLmpwZyI+PC9wPjxwPjxpbWcgc3JjPSJodHRwOi8vaW1hZ2UucmFrdXRlbi5jby5qcC9zdHlsZW1hcmtldC9jYWJpbmV0L21hbmFnZWQvaW1nMTIvMTI2MDcuanBnIj48L3A+PHN0cm9uZyBjbGFzcz0iYmctb3JhbmdlbGluZSI+5ZWG5ZOB6Kqs5piOPC9zdHJvbmc+PHA+PGI+MS7msLfjgavlirnjgY88L2I+PGJyPumAsuWMluOBl+OBn+OAjOOCueODvOODkeODvOWQuOawtOOCtOODoOOAjeOBruaOoeeUqOOBp+OAgeawt+S4iuWItuWLleOBjDcl5ZCR5LiK44CCPGJyPjxiPjIu5rC444GP5Yq544GPPC9iPjxicj7jgZrjgaPjgajmn5TjgonjgYvjgYTjgYvjgonlirnjgY/jgILjgaDjgYvjgonmsLfkuIrmgKfog73jgYzjgIHmjIHntprjgZnjgovjgII8YnI+PGI+My7nh4PosrvjgavlirnjgY88L2I+PGJyPui7ouOBjOOCiuaKteaKl+OCkjcl5L2O5rib44CC77yI54eD6LK744Gu5pS55ZaE44Gr6LKi54yu77yJPGJyPjxiPjQu44GV44G+44GW44G+44Gq6Lev6Z2i44Gr5Yq544GPPC9iPjxicj7ljbHpmbrjgarlh43ntZDot6/pnaLjga/jgIHjgbLjgajjgaTjgZjjgoPjgarjgYTjgILlhqzjga7jgZXjgb7jgZbjgb7jgarot6/pnaLjgavlirnjgY/jgIHmuKnluqblr77lv5zmioDooZPjgII8L3A+PHN0cm9uZyBjbGFzcz0iYmctb3JhbmdlbGluZSI+6KO95ZOB5LuV5qeYPC9zdHJvbmc+PHA+44Oh44O844Kr44O877yaWU9LT0hBTUHvvIjjg6jjgrPjg4/jg57vvIk8YnI+44OR44K/44O844Oz77yaaWNlIEdVQVJEIDUgUExVUyBpRzUwcGx1c++8iOOCouOCpOOCueOCrOODvOODiSDjg5XjgqHjgqTjg5Yg44OX44Op44K5IOOCouOCpOOCuOODvOOCtOOCuOODpeOCpuODl+ODqeOCue+8iTxicj7jgrXjgqTjgrrvvJoyMTUvNjBSMTYgOTVRPC9wPjxzdHJvbmcgY2xhc3M9ImJnLW9yYW5nZWxpbmUiPuOCueOCv+ODg+ODleOCs+ODoeODs+ODiDwvc3Ryb25nPjxwPuOBiuWuouOBleOBvuOBruOAjOWuieW/g+OAjeOCkui/veaxguOBmeOCi+OBk+OBqOOAguWHjee1kOi3r+mdouOBp+OAgeOCguOBo+OBqOeiuuWun+OBq+atouOBvuOCi+OBk+OBqOOAgjwvcD48c3Ryb25nIGNsYXNzPSJiZy1vcmFuZ2VsaW5lIj7jgZ3jga7ku5Y8L3N0cm9uZz48cD48Zm9udCBjb2xvcj0ib3JhbmdlIj48Yj7jgYrlrqLmp5jjgojjgorjgZPjgpPjgarjgYrllY/jgYTlkIjjgo/jgZvjgpLjgYTjgZ/jgaDjgY3jgb7jgZfjgZ88L2I+PC9mb250Pjxicj48YnI+PGI+UTroo73pgKDlubTjga/mjIflrprjgafjgY3jgb7jgZnjgYvvvJ88L2I+PGJyPjxmb250IGNvbG9yPSJvcmFuZ2UiPjxiPkE6PC9iPjwvZm9udD7jgYrlrqLmp5jjgbjjga7jgrXjg7zjg5Pjgrnjga7kuIDnkrDjgajjgZfjgabjgq/jg7zjg53jg7PjgpLjgZTnlKjmhI/oh7TjgZfjgb7jgZfjgZ/jgII8YnI+44Kv44O844Od44Oz44Go5LiA57eS44Gr44K/44Kk44Ok44KS44GU5rOo5paH44GE44Gf44Gg44GP44GT44Go44Gn44CB5a6J5b+D44GX44Gm5paw44GX44GE44K/44Kk44Ok44Gu44GK5bGK44GR44KS44GK5b6F44Gh5LiL44GV44GE44CCPGJyPjxicj48Yj5ROjHmnKzjga7kvqHmoLzjgafjgZnjgYvvvJ88L2I+PGJyPjxmb250IGNvbG9yPSJvcmFuZ2UiPjxiPkE6PC9iPjwvZm9udD7jga/jgYTjgILjgr/jgqTjg6Qx5pys44Gu5L6h5qC844Go44Gq44KK44G+44GZ44CCPGJyPjTmnKzjgZTms6jmlofjga7loLTlkIjjga/jgI7ooajnpLrkvqHmoLzDlzTjgI/jgavjgarjgorjgb7jgZnjgII8YnI+PGJyPjxiPlE644Ob44Kk44O844Or44Gv5LuY5bGe44GX44G+44GZ44GL77yfPC9iPjxicj48Zm9udCBjb2xvcj0ib3JhbmdlIj48Yj5BOjwvYj48L2ZvbnQ+6KGo56S65L6h5qC844Gv5paw5ZOB44K/44Kk44OkMeacrOOBruS+oeagvOOBqOOBquOCiuOAgeODm+OCpOODvOODq+OBr+S7mOWxnuOBl+OBvuOBm+OCk+OAgjxicj7jg5vjgqTjg7zjg6vjgpLjgZTluIzmnJvjga7jgYrlrqLmp5jjgavjga/liKXpgJTjgYropovnqY3jgoLjgorjgpLjgYTjgZ/jgZfjgb7jgZnjga7jgafjgIHou4rnqK7jgIHlubTlvI/jgIHlnovlvI/jgIHjgr/jgqTjg6TjgrXjgqTjgrrjgpLoqJjovInjga7kuIrjgIHjgYrllY/jgYTlkIjjgo/jgZvjgY/jgaDjgZXjgYTjgb7jgZvjgII8YnI+PGJyPjxiPlE65LuK6aC844KT44Gg44KJ44GE44Gk5bGK44GN44G+44GZ44GL77yfPC9iPjxicj48Zm9udCBjb2xvcj0ib3JhbmdlIj48Yj5BOjwvYj48L2ZvbnQ+5rG65riI44GM56K66KqN44Gn44GN44KM44Gw44CB44GU5rOo5paH5pel44GL44KJMuWWtualreaXpeS7peWGheOBq+e0hDkwJeOBruOBlOazqOaWh+OBruWVhuWTgeOCkueZuumAgeOBp+OBjeOBpuOBhOOBvuOBmeOAgjxicj7mrovjgorjga7ntIQ4JeOBrzEw5Za25qWt5pel5Lul5YaF44CB5qyg5ZOB44Gn57SN5pyf44Gu55uu5Yem44GM56uL44Gf44Ga44Gr44GK5bGK44GR44Gn44GN44Gq44GE44KC44Gu44GvMiXlvLHjgajjgarjgaPjgabjgYrjgorjgb7jgZnjgII8YnI+PGJyPjxiPlE66YCB5paZ44Gv44GE44GP44KJ44Gn44GZ44GL77yfPC9iPjxicj48Zm9udCBjb2xvcj0ib3JhbmdlIj48Yj5BOjwvYj48L2ZvbnQ+5b+F6KaB5pys5pWw44Gr5b+c44GY44Gf5paZ6YeR6KGo44GM44GU44GW44GE44G+44GZ44Gu44Gn44CB44Gd44Gh44KJ44KS44GU56K66KqN5LiL44GV44GE44CCPGJyPjxicj48Yj5ROueojui+vOOBv+OBp+OBmeOBi++8nzwvYj48YnI+PGZvbnQgY29sb3I9Im9yYW5nZSI+PGI+QTo8L2I+PC9mb250Pueojui+vOS+oeagvOOBp+ihqOekuuOBl+OBpuOBiuOCiuOBvuOBmeOAgjxicj7lhoXnqI7jgafjgZnjga7jgafjgIHlronlv4PjgZfjgabjgYrosrfjgYTmsYLjgoHkuIvjgZXjgYTjgII8L3A+PHA+PGI+4oC744GK5bGK44GR44Gr6Zai44GX44GmPC9iPjxicj7jgZTms6jmlofjgpLpoILjgY/luqbjgavjg6Hjg7zjgqvjg7zjgojjgorlj5bjgorlr4TjgZvjgpLjgZfjgb7jgZnjgII8YnI+44Gd44Gu54K644GU5rOo5paH44GL44KJMu+9njPml6Xjgbvjganjgaflh7rojbflj6/og73jgafjgZnjgII8YnI+44G+44Gf44CB44Oh44O844Kr44O844Gr44GK44GE44Gm5Zyo5bqr5YiH44KM44Gu5aC05ZCI44Gv55m66YCB44G+44Gn44GrMu+9njPml6Xku6XkuIrjga7jgYrmmYLplpPpoILjgY/loLTlkIjjgYzjgZTjgZbjgYTjgb7jgZnjgII8YnI+6Kqg44Gr5oGQ44KM5YWl44KK44G+44GZ44GM44CB44GK5oCl44GO44Gu5aC05ZCI44Gv44GU5rOo5paH5YmN44Gu5Zyo5bqr56K66KqN44KS44GK6aGY44GE55Sz44GX5LiK44GS44G+44GZ44CCPC9wPjxwPjxpbWcgc3JjPSJodHRwOi8vd3d3LnJha3V0ZW4ubmUuanAvZ29sZC9zdHlsZW1hcmtldC93cC1jb250ZW50L3RoZW1lcy9zdHlsZW1hcmtldC9pbWFnZXMvc2hvcC9kZXRhaWxfaWNvbl9wYWNrX29rLmdpZiIgYWx0PSLlkIzmorHlj68iPjxpbWcgc3JjPSJodHRwOi8vd3d3LnJha3V0ZW4ubmUuanAvZ29sZC9zdHlsZW1hcmtldC93cC1jb250ZW50L3RoZW1lcy9zdHlsZW1hcmtldC9pbWFnZXMvc2hvcC9kZXRhaWxfaWNvbl9naWZ0X25nLmdpZiIgYWx0PSLjg6njg4Pjg5Tjg7PjgrDkuI3lj68iPjxpbWcgc3JjPSJodHRwOi8vd3d3LnJha3V0ZW4ubmUuanAvZ29sZC9zdHlsZW1hcmtldC93cC1jb250ZW50L3RoZW1lcy9zdHlsZW1hcmtldC9pbWFnZXMvc2hvcC9kZXRhaWxfaWNvbl96YWlrb19vci5naWYiIGFsdD0i44Oh44O844Kr44O85Y+W5a+EIj48aW1nIHNyYz0iaHR0cDovL3d3dy5yYWt1dGVuLm5lLmpwL2dvbGQvc3R5bGVtYXJrZXQvd3AtY29udGVudC90aGVtZXMvc3R5bGVtYXJrZXQvaW1hZ2VzL3Nob3AvZGV0YWlsX2ljb25fc2l0ZWlfbmcuZ2lmIiBhbHQ9IuaXpeaZguaMh+WumuWkieWLleOBguOCiiI+PGltZyBzcmM9Imh0dHA6Ly93d3cucmFrdXRlbi5uZS5qcC9nb2xkL3N0eWxlbWFya2V0L3dwLWNvbnRlbnQvdGhlbWVzL3N0eWxlbWFya2V0L2ltYWdlcy9zaG9wL2RldGFpbF9pY29uX3BheW1lbnRfYmFuay5naWYiIGFsdD0i6YqA6KGM5oyv6L68Ij48aW1nIHNyYz0iaHR0cDovL3d3dy5yYWt1dGVuLm5lLmpwL2dvbGQvc3R5bGVtYXJrZXQvd3AtY29udGVudC90aGVtZXMvc3R5bGVtYXJrZXQvaW1hZ2VzL3Nob3AvZGV0YWlsX2ljb25fcGF5bWVudF9kYWliaWtpLmdpZiIgYWx0PSLku6Pph5HlvJXmj5siPjxpbWcgc3JjPSJodHRwOi8vd3d3LnJha3V0ZW4ubmUuanAvZ29sZC9zdHlsZW1hcmtldC93cC1jb250ZW50L3RoZW1lcy9zdHlsZW1hcmtldC9pbWFnZXMvc2hvcC9kZXRhaWxfaWNvbl9zb3VyeW91X3NwLmdpZiIgYWx0PSLnibnmrorpgIHmlpkiPjxicj48aW1nIHNyYz0iaHR0cDovL3d3dy5yYWt1dGVuLm5lLmpwL2dvbGQvc3R5bGVtYXJrZXQvd3AtY29udGVudC90aGVtZXMvc3R5bGVtYXJrZXQvaW1hZ2VzL3Nob3AvZGV0YWlsX2ljb25feWFqaXJ1c2kuZ2lmIj7jgqLjgqTjgrPjg7Pjga7oqqzmmI7jga/jgZPjgaHjgok8L3A+,44K544K/44OD44OJ44Os44K544K/44Kk44OkIOODqOOCs+ODj+ODniBpY2UgR1VBUkQgNSBQTFVTIGlHNTBwbHVzIDIxNS82MFIxNiA5NVHvvJrjgrnjgr/jgqTjg6vjg57jg7zjgrHjg4Pjg4jjgIDmpb3lpKnluILloLTlupc=,5r+A5a6J44K/44Kk44Ok5Lit5Y+k44Kr44O855So5ZOB44Kr44O844OR44O844OE44Kr44O844OK44OT44Ky44O844K344On44Oz5a6J44GEQ0FS44Kr44O844Kq44O844OH44Kj44Kq6LuK44Ki44Km44OI44Os44OD44OI44Ob44Kk44Or44K544OG44OD44OX44Ov44K044Oz44K344O844OI44Kr44OQ44O844K544K/44OD44OJ44Os44K544OY44Or44Oh44OD44OI6LKp5aOy44Oe44OV44Op44O844K144K544Oa44Oz44K344On44Oz44Kq44O844OI44Ko44Ki44Ot44OR44O844OE44K544K/44OD44OJ44Os44K544K/44Kk44OkIOODqOOCs+ODj+ODniBpY2UgR1VBUkQgNSBQTFVTIGlHNTBwbHVzIDIxNS82MFIxNiA5NVE=,44CQMjE1LzYwUjE2IDk1UeOAkeOAguOCueOCv+ODg+ODieODrOOCueOCv+OCpOODpCDjg6jjgrPjg4/jg54gaWNlIEdVQVJEIDUgUExVUyBpRzUwcGx1cyAyMTUvNjBSMTYgOTVR[rn]
34-95833,aHR0cDovL3RzaG9wLnIxMHMuanAvc3R5bGVtYXJrZXQvY2FiaW5ldC9tYW5hZ2VkL2ltZzEyLzEyNjMyLmpwZz9maXRpbj03MDA6NzAw,MTMzMDQuMDAwMA==,,6LuK55So5ZOB44O744OQ44Kk44Kv55So5ZOBID4g44Kr44O855So5ZOBID4g44K544K/44OD44OJ44Os44K544K/44Kk44Ok,44K544K/44OD44OJ44Os44K544K/44Kk44OkIOODgOODs+ODreODg+ODlyBXSU5URVIgTUFYWCBXTTAyIDIwNS82NVIxNiA5NVE=,44CQMjA1LzY1UjE2IDk1UeOAkQ==,PHA+PGltZyBzcmM9Imh0dHA6Ly93d3cucmFrdXRlbi5uZS5qcC9nb2xkL3N0eWxlbWFya2V0L3dwLWNvbnRlbnQvdGhlbWVzL3N0eWxlbWFya2V0L2ltYWdlcy9zaG9wL3Jha3V0ZW5fZGV0YWlsX3RpcmVjb3Vwb25fZGV0YWlsLmpwZyI+PC9wPjxwPjxpbWcgc3JjPSJodHRwOi8vaW1hZ2UucmFrdXRlbi5jby5qcC9zdHlsZW1hcmtldC9jYWJpbmV0L21hbmFnZWQvaW1nMTIvMTI2MzIuanBnIj48L3A+PHN0cm9uZyBjbGFzcz0iYmctb3JhbmdlbGluZSI+5ZWG5ZOB6Kqs5piOPC9zdHJvbmc+PHA+44K044Og44Gu5a+G552A5Yqb44KS6auY44KB44Gm5o6l5Zyw6Z2i56mN44KS5aKX5aSn44GZ44KL44CM6LaF5a+G552A44OK44Gu44OV44Kj44OD44OI44K044Og44CN44Go44CB44Ko44OD44K45oiQ5YiG44KS5aKX5Yqg44GX44Gf44CMTUFYWOOCsOODquODg+ODl+ODkeOCv+ODvOODs+OAjeOBruaOoeeUqOOBq+OCiOOCiuOAgeOAjOODgOODs+ODreODg+ODl+WPsuS4ik5vLjHjga7msLfkuIrmgKfog73jgI3jgpLlrp/nj77jgII8YnI+44GV44KJ44Gr44CB6YCy5YyW44GX44Gf44Kz44Oz44OR44Km44Oz44OJ5oqA6KGT44Gu6ZaL55m644Gr44KI44KK44CM5Yq544GN6ZW35oyB44Gh5oCn6IO944CN44Go44CM44Op44Kk44OV6ZW35oyB44Gh5oCn6IO944CN44KS6auY5qyh5YWD44Gn44OQ44Op44Oz44K544GV44Gb44Gf5LmX55So6LuK55So44OP44Kk44K544Oa44OD44Kv44O744K544K/44OD44OJ44Os44K544K/44Kk44Ok44CCPC9wPjxzdHJvbmcgY2xhc3M9ImJnLW9yYW5nZWxpbmUiPuijveWTgeS7leanmDwvc3Ryb25nPjxwPuODoeODvOOCq+ODvO+8mkRVTkxPUO+8iOODgOODs+ODreODg+ODl++8iTxicj7jg5Hjgr/jg7zjg7PvvJpXSU5URVIgTUFYWCBXTTAy77yI44Km44Kk44Oz44K/44O844Oe44OD44Kv44K5IOODgOODluODq+OCqOODoCDjgrzjg63jg4Tjg7zvvIk8YnI+44K144Kk44K677yaMjA1LzY1UjE2IDk1Ue+8iOmHjemHj+i7iuWvvuW/nOOCueODmuODg+OCr++8iTwvcD48c3Ryb25nIGNsYXNzPSJiZy1vcmFuZ2VsaW5lIj7jgrnjgr/jg4Pjg5XjgrPjg6Hjg7Pjg4g8L3N0cm9uZz48cD7jg4Djg7Pjg63jg4Pjg5flj7LkuIrmnIDpq5jlgpHkvZzjgrnjgr/jg4Pjg4njg6zjgrnjgII8L3A+PHN0cm9uZyBjbGFzcz0iYmctb3JhbmdlbGluZSI+44Gd44Gu5LuWPC9zdHJvbmc+PHA+PGZvbnQgY29sb3I9Im9yYW5nZSI+PGI+44GK5a6i5qeY44KI44KK44GT44KT44Gq44GK5ZWP44GE5ZCI44KP44Gb44KS44GE44Gf44Gg44GN44G+44GX44GfPC9iPjwvZm9udD48YnI+PGJyPjxiPlE66KO96YCg5bm044Gv5oyH5a6a44Gn44GN44G+44GZ44GL77yfPC9iPjxicj48Zm9udCBjb2xvcj0ib3JhbmdlIj48Yj5BOjwvYj48L2ZvbnQ+44GK5a6i5qeY44G444Gu44K144O844OT44K544Gu5LiA55Kw44Go44GX44Gm44Kv44O844Od44Oz44KS44GU55So5oSP6Ie044GX44G+44GX44Gf44CCPGJyPuOCr+ODvOODneODs+OBqOS4gOe3kuOBq+OCv+OCpOODpOOCkuOBlOazqOaWh+OBhOOBn+OBoOOBj+OBk+OBqOOBp+OAgeWuieW/g+OBl+OBpuaWsOOBl+OBhOOCv+OCpOODpOOBruOBiuWxiuOBkeOCkuOBiuW+heOBoeS4i+OBleOBhOOAgjxicj48YnI+PGI+UTox5pys44Gu5L6h5qC844Gn44GZ44GL77yfPC9iPjxicj48Zm9udCBjb2xvcj0ib3JhbmdlIj48Yj5BOjwvYj48L2ZvbnQ+44Gv44GE44CC44K/44Kk44OkMeacrOOBruS+oeagvOOBqOOBquOCiuOBvuOBmeOAgjxicj405pys44GU5rOo5paH44Gu5aC05ZCI44Gv44CO6KGo56S65L6h5qC8w5c044CP44Gr44Gq44KK44G+44GZ44CCPGJyPjxicj48Yj5ROuODm+OCpOODvOODq+OBr+S7mOWxnuOBl+OBvuOBmeOBi++8nzwvYj48YnI+PGZvbnQgY29sb3I9Im9yYW5nZSI+PGI+QTo8L2I+PC9mb250PuihqOekuuS+oeagvOOBr+aWsOWTgeOCv+OCpOODpDHmnKzjga7kvqHmoLzjgajjgarjgorjgIHjg5vjgqTjg7zjg6vjga/ku5jlsZ7jgZfjgb7jgZvjgpPjgII8YnI+44Ob44Kk44O844Or44KS44GU5biM5pyb44Gu44GK5a6i5qeY44Gr44Gv5Yil6YCU44GK6KaL56mN44KC44KK44KS44GE44Gf44GX44G+44GZ44Gu44Gn44CB6LuK56iu44CB5bm05byP44CB5Z6L5byP44CB44K/44Kk44Ok44K144Kk44K644KS6KiY6LyJ44Gu5LiK44CB44GK5ZWP44GE5ZCI44KP44Gb44GP44Gg44GV44GE44G+44Gb44CCPGJyPjxicj48Yj5ROuS7iumgvOOCk+OBoOOCieOBhOOBpOWxiuOBjeOBvuOBmeOBi++8nzwvYj48YnI+PGZvbnQgY29sb3I9Im9yYW5nZSI+PGI+QTo8L2I+PC9mb250Puaxuua4iOOBjOeiuuiqjeOBp+OBjeOCjOOBsOOAgeOBlOazqOaWh+aXpeOBi+OCiTLllrbmpa3ml6Xku6XlhoXjgavntIQ5MCXjga7jgZTms6jmlofjga7llYblk4HjgpLnmbrpgIHjgafjgY3jgabjgYTjgb7jgZnjgII8YnI+5q6L44KK44Gu57SEOCXjga8xMOWWtualreaXpeS7peWGheOAgeasoOWTgeOBp+e0jeacn+OBruebruWHpuOBjOeri+OBn+OBmuOBq+OBiuWxiuOBkeOBp+OBjeOBquOBhOOCguOBruOBrzIl5byx44Go44Gq44Gj44Gm44GK44KK44G+44GZ44CCPGJyPjxicj48Yj5ROumAgeaWmeOBr+OBhOOBj+OCieOBp+OBmeOBi++8nzwvYj48YnI+PGZvbnQgY29sb3I9Im9yYW5nZSI+PGI+QTo8L2I+PC9mb250PuW/heimgeacrOaVsOOBq+W/nOOBmOOBn+aWmemHkeihqOOBjOOBlOOBluOBhOOBvuOBmeOBruOBp+OAgeOBneOBoeOCieOCkuOBlOeiuuiqjeS4i+OBleOBhOOAgjxicj48YnI+PGI+UTrnqI7ovrzjgb/jgafjgZnjgYvvvJ88L2I+PGJyPjxmb250IGNvbG9yPSJvcmFuZ2UiPjxiPkE6PC9iPjwvZm9udD7nqI7ovrzkvqHmoLzjgafooajnpLrjgZfjgabjgYrjgorjgb7jgZnjgII8YnI+5YaF56iO44Gn44GZ44Gu44Gn44CB5a6J5b+D44GX44Gm44GK6LK344GE5rGC44KB5LiL44GV44GE44CCPC9wPjxwPjxiPuKAu+OBiuWxiuOBkeOBq+mWouOBl+OBpjwvYj48YnI+44GU5rOo5paH44KS6aCC44GP5bqm44Gr44Oh44O844Kr44O844KI44KK5Y+W44KK5a+E44Gb44KS44GX44G+44GZ44CCPGJyPuOBneOBrueCuuOBlOazqOaWh+OBi+OCiTLvvZ4z5pel44G744Gp44Gn5Ye66I235Y+v6IO944Gn44GZ44CCPGJyPuOBvuOBn+OAgeODoeODvOOCq+ODvOOBq+OBiuOBhOOBpuWcqOW6q+WIh+OCjOOBruWgtOWQiOOBr+eZuumAgeOBvuOBp+OBqzLvvZ4z5pel5Lul5LiK44Gu44GK5pmC6ZaT6aCC44GP5aC05ZCI44GM44GU44GW44GE44G+44GZ44CCPGJyPuiqoOOBq+aBkOOCjOWFpeOCiuOBvuOBmeOBjOOAgeOBiuaApeOBjuOBruWgtOWQiOOBr+OBlOazqOaWh+WJjeOBruWcqOW6q+eiuuiqjeOCkuOBiumhmOOBhOeUs+OBl+S4iuOBkuOBvuOBmeOAgjwvcD48cD48aW1nIHNyYz0iaHR0cDovL3d3dy5yYWt1dGVuLm5lLmpwL2dvbGQvc3R5bGVtYXJrZXQvd3AtY29udGVudC90aGVtZXMvc3R5bGVtYXJrZXQvaW1hZ2VzL3Nob3AvZGV0YWlsX2ljb25fcGFja19vay5naWYiIGFsdD0i5ZCM5qKx5Y+vIj48aW1nIHNyYz0iaHR0cDovL3d3dy5yYWt1dGVuLm5lLmpwL2dvbGQvc3R5bGVtYXJrZXQvd3AtY29udGVudC90aGVtZXMvc3R5bGVtYXJrZXQvaW1hZ2VzL3Nob3AvZGV0YWlsX2ljb25fZ2lmdF9uZy5naWYiIGFsdD0i44Op44OD44OU44Oz44Kw5LiN5Y+vIj48aW1nIHNyYz0iaHR0cDovL3d3dy5yYWt1dGVuLm5lLmpwL2dvbGQvc3R5bGVtYXJrZXQvd3AtY29udGVudC90aGVtZXMvc3R5bGVtYXJrZXQvaW1hZ2VzL3Nob3AvZGV0YWlsX2ljb25femFpa29fb3IuZ2lmIiBhbHQ9IuODoeODvOOCq+ODvOWPluWvhCI+PGltZyBzcmM9Imh0dHA6Ly93d3cucmFrdXRlbi5uZS5qcC9nb2xkL3N0eWxlbWFya2V0L3dwLWNvbnRlbnQvdGhlbWVzL3N0eWxlbWFya2V0L2ltYWdlcy9zaG9wL2RldGFpbF9pY29uX3NpdGVpX25nLmdpZiIgYWx0PSLml6XmmYLmjIflrprlpInli5XjgYLjgooiPjxpbWcgc3JjPSJodHRwOi8vd3d3LnJha3V0ZW4ubmUuanAvZ29sZC9zdHlsZW1hcmtldC93cC1jb250ZW50L3RoZW1lcy9zdHlsZW1hcmtldC9pbWFnZXMvc2hvcC9kZXRhaWxfaWNvbl9wYXltZW50X2JhbmsuZ2lmIiBhbHQ9IumKgOihjOaMr+i+vCI+PGltZyBzcmM9Imh0dHA6Ly93d3cucmFrdXRlbi5uZS5qcC9nb2xkL3N0eWxlbWFya2V0L3dwLWNvbnRlbnQvdGhlbWVzL3N0eWxlbWFya2V0L2ltYWdlcy9zaG9wL2RldGFpbF9pY29uX3BheW1lbnRfZGFpYmlraS5naWYiIGFsdD0i5Luj6YeR5byV5o+bIj48aW1nIHNyYz0iaHR0cDovL3d3dy5yYWt1dGVuLm5lLmpwL2dvbGQvc3R5bGVtYXJrZXQvd3AtY29udGVudC90aGVtZXMvc3R5bGVtYXJrZXQvaW1hZ2VzL3Nob3AvZGV0YWlsX2ljb25fc291cnlvdV9zcC5naWYiIGFsdD0i54m55q6K6YCB5paZIj48YnI+PGltZyBzcmM9Imh0dHA6Ly93d3cucmFrdXRlbi5uZS5qcC9nb2xkL3N0eWxlbWFya2V0L3dwLWNvbnRlbnQvdGhlbWVzL3N0eWxlbWFya2V0L2ltYWdlcy9zaG9wL2RldGFpbF9pY29uX3lhamlydXNpLmdpZiI+44Ki44Kk44Kz44Oz44Gu6Kqs5piO44Gv44GT44Gh44KJPC9wPg==,44K544K/44OD44OJ44Os44K544K/44Kk44OkIOODgOODs+ODreODg+ODlyBXSU5URVIgTUFYWCBXTTAyIDIwNS82NVIxNiA5NVHvvJrjgrnjgr/jgqTjg6vjg57jg7zjgrHjg4Pjg4jjgIDmpb3lpKnluILloLTlupc=,5r+A5a6J44K/44Kk44Ok5Lit5Y+k44Kr44O855So5ZOB44Kr44O844OR44O844OE44Kr44O844OK44OT44Ky44O844K344On44Oz5a6J44GEQ0FS44Kr44O844Kq44O844OH44Kj44Kq6LuK44Ki44Km44OI44Os44OD44OI44Ob44Kk44Or44K544OG44OD44OX44Ov44K044Oz44K344O844OI44Kr44OQ44O844K544K/44OD44OJ44Os44K544OY44Or44Oh44OD44OI6LKp5aOy44Oe44OV44Op44O844K144K544Oa44Oz44K344On44Oz44Kq44O844OI44Ko44Ki44Ot44OR44O844OE44K544K/44OD44OJ44Os44K544K/44Kk44OkIOODgOODs+ODreODg+ODlyBXSU5URVIgTUFYWCBXTTAyIDIwNS82NVIxNiA5NVE=,44CQMjA1LzY1UjE2IDk1UeOAkeOAguOCueOCv+ODg+ODieODrOOCueOCv+OCpOODpCDjg4Djg7Pjg63jg4Pjg5cgV0lOVEVSIE1BWFggV00wMiAyMDUvNjVSMTYgOTVR[rn]
34-95834,aHR0cDovL3RzaG9wLnIxMHMuanAvc3R5bGVtYXJrZXQvY2FiaW5ldC9tYW5hZ2VkL2ltZzEvMTc1MC5qcGc/Zml0aW49NzAwOjcwMA==,MTU1OTIuMDAwMA==,,6LuK55So5ZOB44O744OQ44Kk44Kv55So5ZOBID4g44Kr44O855So5ZOBID4g44K544K/44OD44OJ44Os44K544K/44Kk44Ok,44K544K/44OD44OJ44Os44K544K/44Kk44OkIOODqOOCs+ODj+ODniBTWTAxIDE4NS83MFIxNiAxMDUvMTAzTA==,44CQMTg1LzcwUjE2IDEwNS8xMDNM44CR,PHA+PGltZyBzcmM9Imh0dHA6Ly93d3cucmFrdXRlbi5uZS5qcC9nb2xkL3N0eWxlbWFya2V0L3dwLWNvbnRlbnQvdGhlbWVzL3N0eWxlbWFya2V0L2ltYWdlcy9zaG9wL3Jha3V0ZW5fZGV0YWlsX3RpcmVjb3Vwb25fZGV0YWlsLmpwZyI+PC9wPjxwPjxpbWcgc3JjPSJodHRwOi8vaW1hZ2UucmFrdXRlbi5jby5qcC9zdHlsZW1hcmtldC9jYWJpbmV0L21hbmFnZWQvaW1nMS8xNzUwLmpwZyI+PC9wPjxzdHJvbmcgY2xhc3M9ImJnLW9yYW5nZWxpbmUiPuWVhuWTgeiqrOaYjjwvc3Ryb25nPjxwPjxiPuWGrOOBruW4guihl+WcsOmbhumFjeOBq+axguOCgeOCieOCjOOCi+awt+S4iuaAp+iDveOBqOODreODs+OCsOODqeOCpOODleaAp+OCkuWQkeS4iuOAgjwvYj48YnI+5rC35LiK5Yi25YuV5oCn6IO944GM57SEMjAl5ZCR5LiK44CCPGJyPuejqOiAl+Wvv+WRveOCkue0hDMwJeWQkeS4iuOAgjwvcD48c3Ryb25nIGNsYXNzPSJiZy1vcmFuZ2VsaW5lIj7oo73lk4Hku5Xmp5g8L3N0cm9uZz48cD7jg6Hjg7zjgqvjg7zvvJpZT0tPSEFNQe+8iOODqOOCs+ODj+ODnu+8iTxicj7jg5Hjgr/jg7zjg7PvvJpTWTAx77yI44Ko44K544Ov44Kk44K844Ot44Kk44OB77yJPGJyPuOCteOCpOOCuu+8mjE4NS83MFIxNiAxMDUvMTAzTO+8iOODgeODpeODvOODluODrOOCueOCv+OCpOODl++8iTwvcD48c3Ryb25nIGNsYXNzPSJiZy1vcmFuZ2VsaW5lIj7jgrnjgr/jg4Pjg5XjgrPjg6Hjg7Pjg4g8L3N0cm9uZz48cD7lsI/lnovjg4jjg6njg4Pjgq/nlKjjgrnjgr/jg4Pjg4njg6zjgrnjgr/jgqTjg6TjgII8L3A+PHN0cm9uZyBjbGFzcz0iYmctb3JhbmdlbGluZSI+44Gd44Gu5LuWPC9zdHJvbmc+PHA+PGZvbnQgY29sb3I9Im9yYW5nZSI+PGI+44GK5a6i5qeY44KI44KK44GT44KT44Gq44GK5ZWP44GE5ZCI44KP44Gb44KS44GE44Gf44Gg44GN44G+44GX44GfPC9iPjwvZm9udD48YnI+PGJyPjxiPlE66KO96YCg5bm044Gv5oyH5a6a44Gn44GN44G+44GZ44GL77yfPC9iPjxicj48Zm9udCBjb2xvcj0ib3JhbmdlIj48Yj5BOjwvYj48L2ZvbnQ+44GK5a6i5qeY44G444Gu44K144O844OT44K544Gu5LiA55Kw44Go44GX44Gm44Kv44O844Od44Oz44KS44GU55So5oSP6Ie044GX44G+44GX44Gf44CCPGJyPuOCr+ODvOODneODs+OBqOS4gOe3kuOBq+OCv+OCpOODpOOCkuOBlOazqOaWh+OBhOOBn+OBoOOBj+OBk+OBqOOBp+OAgeWuieW/g+OBl+OBpuaWsOOBl+OBhOOCv+OCpOODpOOBruOBiuWxiuOBkeOCkuOBiuW+heOBoeS4i+OBleOBhOOAgjxicj48YnI+PGI+UTox5pys44Gu5L6h5qC844Gn44GZ44GL77yfPC9iPjxicj48Zm9udCBjb2xvcj0ib3JhbmdlIj48Yj5BOjwvYj48L2ZvbnQ+44Gv44GE44CC44K/44Kk44OkMeacrOOBruS+oeagvOOBqOOBquOCiuOBvuOBmeOAgjxicj405pys44GU5rOo5paH44Gu5aC05ZCI44Gv44CO6KGo56S65L6h5qC8w5c044CP44Gr44Gq44KK44G+44GZ44CCPGJyPjxicj48Yj5ROuODm+OCpOODvOODq+OBr+S7mOWxnuOBl+OBvuOBmeOBi++8nzwvYj48YnI+PGZvbnQgY29sb3I9Im9yYW5nZSI+PGI+QTo8L2I+PC9mb250PuihqOekuuS+oeagvOOBr+aWsOWTgeOCv+OCpOODpDHmnKzjga7kvqHmoLzjgajjgarjgorjgIHjg5vjgqTjg7zjg6vjga/ku5jlsZ7jgZfjgb7jgZvjgpPjgII8YnI+44Ob44Kk44O844Or44KS44GU5biM5pyb44Gu44GK5a6i5qeY44Gr44Gv5Yil6YCU44GK6KaL56mN44KC44KK44KS44GE44Gf44GX44G+44GZ44Gu44Gn44CB6LuK56iu44CB5bm05byP44CB5Z6L5byP44CB44K/44Kk44Ok44K144Kk44K644KS6KiY6LyJ44Gu5LiK44CB44GK5ZWP44GE5ZCI44KP44Gb44GP44Gg44GV44GE44G+44Gb44CCPGJyPjxicj48Yj5ROuS7iumgvOOCk+OBoOOCieOBhOOBpOWxiuOBjeOBvuOBmeOBi++8nzwvYj48YnI+PGZvbnQgY29sb3I9Im9yYW5nZSI+PGI+QTo8L2I+PC9mb250Puaxuua4iOOBjOeiuuiqjeOBp+OBjeOCjOOBsOOAgeOBlOazqOaWh+aXpeOBi+OCiTLllrbmpa3ml6Xku6XlhoXjgavntIQ5MCXjga7jgZTms6jmlofjga7llYblk4HjgpLnmbrpgIHjgafjgY3jgabjgYTjgb7jgZnjgII8YnI+5q6L44KK44Gu57SEOCXjga8xMOWWtualreaXpeS7peWGheOAgeasoOWTgeOBp+e0jeacn+OBruebruWHpuOBjOeri+OBn+OBmuOBq+OBiuWxiuOBkeOBp+OBjeOBquOBhOOCguOBruOBrzIl5byx44Go44Gq44Gj44Gm44GK44KK44G+44GZ44CCPGJyPjxicj48Yj5ROumAgeaWmeOBr+OBhOOBj+OCieOBp+OBmeOBi++8nzwvYj48YnI+PGZvbnQgY29sb3I9Im9yYW5nZSI+PGI+QTo8L2I+PC9mb250PuW/heimgeacrOaVsOOBq+W/nOOBmOOBn+aWmemHkeihqOOBjOOBlOOBluOBhOOBvuOBmeOBruOBp+OAgeOBneOBoeOCieOCkuOBlOeiuuiqjeS4i+OBleOBhOOAgjxicj48YnI+PGI+UTrnqI7ovrzjgb/jgafjgZnjgYvvvJ88L2I+PGJyPjxmb250IGNvbG9yPSJvcmFuZ2UiPjxiPkE6PC9iPjwvZm9udD7nqI7ovrzkvqHmoLzjgafooajnpLrjgZfjgabjgYrjgorjgb7jgZnjgII8YnI+5YaF56iO44Gn44GZ44Gu44Gn44CB5a6J5b+D44GX44Gm44GK6LK344GE5rGC44KB5LiL44GV44GE44CCPC9wPjxwPjxiPuKAu+OBiuWxiuOBkeOBq+mWouOBl+OBpjwvYj48YnI+44GU5rOo5paH44KS6aCC44GP5bqm44Gr44Oh44O844Kr44O844KI44KK5Y+W44KK5a+E44Gb44KS44GX44G+44GZ44CCPGJyPuOBneOBrueCuuOBlOazqOaWh+OBi+OCiTLvvZ4z5pel44G744Gp44Gn5Ye66I235Y+v6IO944Gn44GZ44CCPGJyPuOBvuOBn+OAgeODoeODvOOCq+ODvOOBq+OBiuOBhOOBpuWcqOW6q+WIh+OCjOOBruWgtOWQiOOBr+eZuumAgeOBvuOBp+OBqzLvvZ4z5pel5Lul5LiK44Gu44GK5pmC6ZaT6aCC44GP5aC05ZCI44GM44GU44GW44GE44G+44GZ44CCPGJyPuiqoOOBq+aBkOOCjOWFpeOCiuOBvuOBmeOBjOOAgeOBiuaApeOBjuOBruWgtOWQiOOBr+OBlOazqOaWh+WJjeOBruWcqOW6q+eiuuiqjeOCkuOBiumhmOOBhOeUs+OBl+S4iuOBkuOBvuOBmeOAgjwvcD48cD48aW1nIHNyYz0iaHR0cDovL3d3dy5yYWt1dGVuLm5lLmpwL2dvbGQvc3R5bGVtYXJrZXQvd3AtY29udGVudC90aGVtZXMvc3R5bGVtYXJrZXQvaW1hZ2VzL3Nob3AvZGV0YWlsX2ljb25fcGFja19vay5naWYiIGFsdD0i5ZCM5qKx5Y+vIj48aW1nIHNyYz0iaHR0cDovL3d3dy5yYWt1dGVuLm5lLmpwL2dvbGQvc3R5bGVtYXJrZXQvd3AtY29udGVudC90aGVtZXMvc3R5bGVtYXJrZXQvaW1hZ2VzL3Nob3AvZGV0YWlsX2ljb25fZ2lmdF9uZy5naWYiIGFsdD0i44Op44OD44OU44Oz44Kw5LiN5Y+vIj48aW1nIHNyYz0iaHR0cDovL3d3dy5yYWt1dGVuLm5lLmpwL2dvbGQvc3R5bGVtYXJrZXQvd3AtY29udGVudC90aGVtZXMvc3R5bGVtYXJrZXQvaW1hZ2VzL3Nob3AvZGV0YWlsX2ljb25femFpa29fb3IuZ2lmIiBhbHQ9IuODoeODvOOCq+ODvOWPluWvhCI+PGltZyBzcmM9Imh0dHA6Ly93d3cucmFrdXRlbi5uZS5qcC9nb2xkL3N0eWxlbWFya2V0L3dwLWNvbnRlbnQvdGhlbWVzL3N0eWxlbWFya2V0L2ltYWdlcy9zaG9wL2RldGFpbF9pY29uX3NpdGVpX25nLmdpZiIgYWx0PSLml6XmmYLmjIflrprlpInli5XjgYLjgooiPjxpbWcgc3JjPSJodHRwOi8vd3d3LnJha3V0ZW4ubmUuanAvZ29sZC9zdHlsZW1hcmtldC93cC1jb250ZW50L3RoZW1lcy9zdHlsZW1hcmtldC9pbWFnZXMvc2hvcC9kZXRhaWxfaWNvbl9wYXltZW50X2JhbmsuZ2lmIiBhbHQ9IumKgOihjOaMr+i+vCI+PGltZyBzcmM9Imh0dHA6Ly93d3cucmFrdXRlbi5uZS5qcC9nb2xkL3N0eWxlbWFya2V0L3dwLWNvbnRlbnQvdGhlbWVzL3N0eWxlbWFya2V0L2ltYWdlcy9zaG9wL2RldGFpbF9pY29uX3BheW1lbnRfZGFpYmlraS5naWYiIGFsdD0i5Luj6YeR5byV5o+bIj48aW1nIHNyYz0iaHR0cDovL3d3dy5yYWt1dGVuLm5lLmpwL2dvbGQvc3R5bGVtYXJrZXQvd3AtY29udGVudC90aGVtZXMvc3R5bGVtYXJrZXQvaW1hZ2VzL3Nob3AvZGV0YWlsX2ljb25fc291cnlvdV9zcC5naWYiIGFsdD0i54m55q6K6YCB5paZIj48YnI+PGltZyBzcmM9Imh0dHA6Ly93d3cucmFrdXRlbi5uZS5qcC9nb2xkL3N0eWxlbWFya2V0L3dwLWNvbnRlbnQvdGhlbWVzL3N0eWxlbWFya2V0L2ltYWdlcy9zaG9wL2RldGFpbF9pY29uX3lhamlydXNpLmdpZiI+44Ki44Kk44Kz44Oz44Gu6Kqs5piO44Gv44GT44Gh44KJPC9wPg==,44K544K/44OD44OJ44Os44K544K/44Kk44OkIOODqOOCs+ODj+ODniBTWTAxIDE4NS83MFIxNiAxMDUvMTAzTO+8muOCueOCv+OCpOODq+ODnuODvOOCseODg+ODiOOAgOalveWkqeW4guWgtOW6lw==,5r+A5a6J44K/44Kk44Ok5Lit5Y+k44Kr44O855So5ZOB44Kr44O844OR44O844OE44Kr44O844OK44OT44Ky44O844K344On44Oz5a6J44GEQ0FS44Kr44O844Kq44O844OH44Kj44Kq6LuK44Ki44Km44OI44Os44OD44OI44Ob44Kk44Or44K544OG44OD44OX44Ov44K044Oz44K344O844OI44Kr44OQ44O844K544K/44OD44OJ44Os44K544OY44Or44Oh44OD44OI6LKp5aOy44Oe44OV44Op44O844K144K544Oa44Oz44K344On44Oz44Kq44O844OI44Ko44Ki44Ot44OR44O844OE44K544K/44OD44OJ44Os44K544K/44Kk44OkIOODqOOCs+ODj+ODniBTWTAxIDE4NS83MFIxNiAxMDUvMTAzTA==,44CQMTg1LzcwUjE2IDEwNS8xMDNM44CR44CC44K544K/44OD44OJ44Os44K544K/44Kk44OkIOODqOOCs+ODj+ODniBTWTAxIDE4NS83MFIxNiAxMDUvMTAzTA==[rn]
34-95835,aHR0cDovL3RzaG9wLnIxMHMuanAvc3R5bGVtYXJrZXQvY2FiaW5ldC9tYW5hZ2VkL2ltZzEyLzEyNTA1LmpwZz9maXRpbj03MDA6NzAw,MTUwNDAuMDAwMA==,,6LuK55So5ZOB44O744OQ44Kk44Kv55So5ZOBID4g44Kr44O855So5ZOBID4g44K544K/44OD44OJ44Os44K544K/44Kk44Ok,44K544K/44OD44OJ44Os44K544K/44Kk44OkIOODluODquODguOCueODiOODsyBCTElaWkFLIFc5NjkgNy41MFIxNiAxMlBS,44CQNy41MFIxNiAxMlBS44CR,PHA+PGltZyBzcmM9Imh0dHA6Ly93d3cucmFrdXRlbi5uZS5qcC9nb2xkL3N0eWxlbWFya2V0L3dwLWNvbnRlbnQvdGhlbWVzL3N0eWxlbWFya2V0L2ltYWdlcy9zaG9wL3Jha3V0ZW5fZGV0YWlsX3RpcmVjb3Vwb25fZGV0YWlsLmpwZyI+PC9wPjxwPjxpbWcgc3JjPSJodHRwOi8vaW1hZ2UucmFrdXRlbi5jby5qcC9zdHlsZW1hcmtldC9jYWJpbmV0L21hbmFnZWQvaW1nMTIvMTI1MDUuanBnIj48YnI+PGltZyBzcmM9Imh0dHA6Ly9pbWFnZS5yYWt1dGVuLmNvLmpwL3N0eWxlbWFya2V0L2NhYmluZXQvbWFuYWdlZC9pbWcxMi8xMjUwNi5qcGciPjwvcD48c3Ryb25nIGNsYXNzPSJiZy1vcmFuZ2VsaW5lIj7llYblk4HoqqzmmI48L3N0cm9uZz48cD48Yj7jg5Pjgrjjg43jgrnjgpLmlK/jgYjjgovjgIzlirnjgY3jgI3jgajjgIzlirnjgY3jgYzplbfmjIHjgaHjgI3jgILjgZPjgozjgYzjgIHmlrBMVOWwgueUqOODoeOCrOeZuuegsuOCtOODoOWKueaenOOAgjwvYj48YnI+5pawTFTlsILnlKjjg6HjgqznmbrnoLLjgrTjg6DjgpLmjqHnlKjjgZfjgIHmsLfkuIrmgKfog73jgpLjgZXjgonjgavlvLfljJbvvIE8YnI+5bCC55So5oqA6KGTM0TjgrPjg7Pjg5Pjg43jg7zjgrfjg6fjg7PjgrXjgqTjg5fjgII8L3A+PHN0cm9uZyBjbGFzcz0iYmctb3JhbmdlbGluZSI+6KO95ZOB5LuV5qeYPC9zdHJvbmc+PHA+44Oh44O844Kr44O877yaQlJJREdFU1RPTkXvvIjjg5bjg6rjg4Ljgrnjg4jjg7PvvIk8YnI+44OR44K/44O844Oz77yaQkxJWlpBSyBXOTY577yI44OW44Oq44K244OD44KvIOODgOODluODquODpeOCreODpeODvOODreOCr+OCreODpeODvO+8iTxicj7jgrXjgqTjgrrvvJo3LjUwUjE2IDEyUFLvvIjjg4Hjg6Xjg7zjg5bjgr/jgqTjg5fvvIk8L3A+PHN0cm9uZyBjbGFzcz0iYmctb3JhbmdlbGluZSI+44K544K/44OD44OV44Kz44Oh44Oz44OIPC9zdHJvbmc+PHA+5bCP5Z6L44OI44Op44OD44Kv44O744OQ44K555So44Gr6Kit6KiI44GV44KM44Gf44K544K/44OD44OJ44Os44K544K/44Kk44Ok44Gn44GZ44CCPC9wPjxzdHJvbmcgY2xhc3M9ImJnLW9yYW5nZWxpbmUiPuOBneOBruS7ljwvc3Ryb25nPjxwPjxmb250IGNvbG9yPSJvcmFuZ2UiPjxiPuOBiuWuouanmOOCiOOCiuOBk+OCk+OBquOBiuWVj+OBhOWQiOOCj+OBm+OCkuOBhOOBn+OBoOOBjeOBvuOBl+OBnzwvYj48L2ZvbnQ+PGJyPjxicj48Yj5ROuijvemAoOW5tOOBr+aMh+WumuOBp+OBjeOBvuOBmeOBi++8nzwvYj48YnI+PGZvbnQgY29sb3I9Im9yYW5nZSI+PGI+QTo8L2I+PC9mb250PuOBiuWuouanmOOBuOOBruOCteODvOODk+OCueOBruS4gOeSsOOBqOOBl+OBpuOCr+ODvOODneODs+OCkuOBlOeUqOaEj+iHtOOBl+OBvuOBl+OBn+OAgjxicj7jgq/jg7zjg53jg7PjgajkuIDnt5Ljgavjgr/jgqTjg6TjgpLjgZTms6jmlofjgYTjgZ/jgaDjgY/jgZPjgajjgafjgIHlronlv4PjgZfjgabmlrDjgZfjgYTjgr/jgqTjg6Tjga7jgYrlsYrjgZHjgpLjgYrlvoXjgaHkuIvjgZXjgYTjgII8YnI+PGJyPjxiPlE6MeacrOOBruS+oeagvOOBp+OBmeOBi++8nzwvYj48YnI+PGZvbnQgY29sb3I9Im9yYW5nZSI+PGI+QTo8L2I+PC9mb250PuOBr+OBhOOAguOCv+OCpOODpDHmnKzjga7kvqHmoLzjgajjgarjgorjgb7jgZnjgII8YnI+NOacrOOBlOazqOaWh+OBruWgtOWQiOOBr+OAjuihqOekuuS+oeagvMOXNOOAj+OBq+OBquOCiuOBvuOBmeOAgjxicj48YnI+PGI+UTrjg5vjgqTjg7zjg6vjga/ku5jlsZ7jgZfjgb7jgZnjgYvvvJ88L2I+PGJyPjxmb250IGNvbG9yPSJvcmFuZ2UiPjxiPkE6PC9iPjwvZm9udD7ooajnpLrkvqHmoLzjga/mlrDlk4Hjgr/jgqTjg6Qx5pys44Gu5L6h5qC844Go44Gq44KK44CB44Ob44Kk44O844Or44Gv5LuY5bGe44GX44G+44Gb44KT44CCPGJyPuODm+OCpOODvOODq+OCkuOBlOW4jOacm+OBruOBiuWuouanmOOBq+OBr+WIpemAlOOBiuimi+epjeOCguOCiuOCkuOBhOOBn+OBl+OBvuOBmeOBruOBp+OAgei7iueoruOAgeW5tOW8j+OAgeWei+W8j+OAgeOCv+OCpOODpOOCteOCpOOCuuOCkuiomOi8ieOBruS4iuOAgeOBiuWVj+OBhOWQiOOCj+OBm+OBj+OBoOOBleOBhOOBvuOBm+OAgjxicj48YnI+PGI+UTrku4rpoLzjgpPjgaDjgonjgYTjgaTlsYrjgY3jgb7jgZnjgYvvvJ88L2I+PGJyPjxmb250IGNvbG9yPSJvcmFuZ2UiPjxiPkE6PC9iPjwvZm9udD7msbrmuIjjgYznorroqo3jgafjgY3jgozjgbDjgIHjgZTms6jmlofml6XjgYvjgoky5Za25qWt5pel5Lul5YaF44Gr57SEOTAl44Gu44GU5rOo5paH44Gu5ZWG5ZOB44KS55m66YCB44Gn44GN44Gm44GE44G+44GZ44CCPGJyPuaui+OCiuOBrue0hDgl44GvMTDllrbmpa3ml6Xku6XlhoXjgIHmrKDlk4HjgafntI3mnJ/jga7nm67lh6bjgYznq4vjgZ/jgZrjgavjgYrlsYrjgZHjgafjgY3jgarjgYTjgoLjga7jga8yJeW8seOBqOOBquOBo+OBpuOBiuOCiuOBvuOBmeOAgjxicj48YnI+PGI+UTrpgIHmlpnjga/jgYTjgY/jgonjgafjgZnjgYvvvJ88L2I+PGJyPjxmb250IGNvbG9yPSJvcmFuZ2UiPjxiPkE6PC9iPjwvZm9udD7lv4XopoHmnKzmlbDjgavlv5zjgZjjgZ/mlpnph5HooajjgYzjgZTjgZbjgYTjgb7jgZnjga7jgafjgIHjgZ3jgaHjgonjgpLjgZTnorroqo3kuIvjgZXjgYTjgII8YnI+PGJyPjxiPlE656iO6L6844G/44Gn44GZ44GL77yfPC9iPjxicj48Zm9udCBjb2xvcj0ib3JhbmdlIj48Yj5BOjwvYj48L2ZvbnQ+56iO6L685L6h5qC844Gn6KGo56S644GX44Gm44GK44KK44G+44GZ44CCPGJyPuWGheeojuOBp+OBmeOBruOBp+OAgeWuieW/g+OBl+OBpuOBiuiyt+OBhOaxguOCgeS4i+OBleOBhOOAgjwvcD48cD48Yj7igLvjgYrlsYrjgZHjgavplqLjgZfjgaY8L2I+PGJyPuOBlOazqOaWh+OCkumgguOBj+W6puOBq+ODoeODvOOCq+ODvOOCiOOCiuWPluOCiuWvhOOBm+OCkuOBl+OBvuOBmeOAgjxicj7jgZ3jga7ngrrjgZTms6jmlofjgYvjgoky772eM+aXpeOBu+OBqeOBp+WHuuiNt+WPr+iDveOBp+OBmeOAgjxicj7jgb7jgZ/jgIHjg6Hjg7zjgqvjg7zjgavjgYrjgYTjgablnKjluqvliIfjgozjga7loLTlkIjjga/nmbrpgIHjgb7jgafjgasy772eM+aXpeS7peS4iuOBruOBiuaZgumWk+mgguOBj+WgtOWQiOOBjOOBlOOBluOBhOOBvuOBmeOAgjxicj7oqqDjgavmgZDjgozlhaXjgorjgb7jgZnjgYzjgIHjgYrmgKXjgY7jga7loLTlkIjjga/jgZTms6jmlofliY3jga7lnKjluqvnorroqo3jgpLjgYrpoZjjgYTnlLPjgZfkuIrjgZLjgb7jgZnjgII8L3A+PHA+PGltZyBzcmM9Imh0dHA6Ly93d3cucmFrdXRlbi5uZS5qcC9nb2xkL3N0eWxlbWFya2V0L3dwLWNvbnRlbnQvdGhlbWVzL3N0eWxlbWFya2V0L2ltYWdlcy9zaG9wL2RldGFpbF9pY29uX3BhY2tfb2suZ2lmIiBhbHQ9IuWQjOaiseWPryI+PGltZyBzcmM9Imh0dHA6Ly93d3cucmFrdXRlbi5uZS5qcC9nb2xkL3N0eWxlbWFya2V0L3dwLWNvbnRlbnQvdGhlbWVzL3N0eWxlbWFya2V0L2ltYWdlcy9zaG9wL2RldGFpbF9pY29uX2dpZnRfbmcuZ2lmIiBhbHQ9IuODqeODg+ODlOODs+OCsOS4jeWPryI+PGltZyBzcmM9Imh0dHA6Ly93d3cucmFrdXRlbi5uZS5qcC9nb2xkL3N0eWxlbWFya2V0L3dwLWNvbnRlbnQvdGhlbWVzL3N0eWxlbWFya2V0L2ltYWdlcy9zaG9wL2RldGFpbF9pY29uX3phaWtvX29yLmdpZiIgYWx0PSLjg6Hjg7zjgqvjg7zlj5blr4QiPjxpbWcgc3JjPSJodHRwOi8vd3d3LnJha3V0ZW4ubmUuanAvZ29sZC9zdHlsZW1hcmtldC93cC1jb250ZW50L3RoZW1lcy9zdHlsZW1hcmtldC9pbWFnZXMvc2hvcC9kZXRhaWxfaWNvbl9zaXRlaV9uZy5naWYiIGFsdD0i5pel5pmC5oyH5a6a5aSJ5YuV44GC44KKIj48aW1nIHNyYz0iaHR0cDovL3d3dy5yYWt1dGVuLm5lLmpwL2dvbGQvc3R5bGVtYXJrZXQvd3AtY29udGVudC90aGVtZXMvc3R5bGVtYXJrZXQvaW1hZ2VzL3Nob3AvZGV0YWlsX2ljb25fcGF5bWVudF9iYW5rLmdpZiIgYWx0PSLpioDooYzmjK/ovrwiPjxpbWcgc3JjPSJodHRwOi8vd3d3LnJha3V0ZW4ubmUuanAvZ29sZC9zdHlsZW1hcmtldC93cC1jb250ZW50L3RoZW1lcy9zdHlsZW1hcmtldC9pbWFnZXMvc2hvcC9kZXRhaWxfaWNvbl9wYXltZW50X2RhaWJpa2kuZ2lmIiBhbHQ9IuS7o+mHkeW8leaPmyI+PGltZyBzcmM9Imh0dHA6Ly93d3cucmFrdXRlbi5uZS5qcC9nb2xkL3N0eWxlbWFya2V0L3dwLWNvbnRlbnQvdGhlbWVzL3N0eWxlbWFya2V0L2ltYWdlcy9zaG9wL2RldGFpbF9pY29uX3NvdXJ5b3Vfc3AuZ2lmIiBhbHQ9IueJueauiumAgeaWmSI+PGJyPjxpbWcgc3JjPSJodHRwOi8vd3d3LnJha3V0ZW4ubmUuanAvZ29sZC9zdHlsZW1hcmtldC93cC1jb250ZW50L3RoZW1lcy9zdHlsZW1hcmtldC9pbWFnZXMvc2hvcC9kZXRhaWxfaWNvbl95YWppcnVzaS5naWYiPuOCouOCpOOCs+ODs+OBruiqrOaYjuOBr+OBk+OBoeOCiTwvcD4=,44K544K/44OD44OJ44Os44K544K/44Kk44OkIOODluODquODguOCueODiOODsyBCTElaWkFLIFc5NjkgNy41MFIxNiAxMlBS77ya44K544K/44Kk44Or44Oe44O844Kx44OD44OI44CA5qW95aSp5biC5aC05bqX,5r+A5a6J44K/44Kk44Ok5Lit5Y+k44Kr44O855So5ZOB44Kr44O844OR44O844OE44Kr44O844OK44OT44Ky44O844K344On44Oz5a6J44GEQ0FS44Kr44O844Kq44O844OH44Kj44Kq6LuK44Ki44Km44OI44Os44OD44OI44Ob44Kk44Or44K544OG44OD44OX44Ov44K044Oz44K344O844OI44Kr44OQ44O844K544K/44OD44OJ44Os44K544OY44Or44Oh44OD44OI6LKp5aOy44Oe44OV44Op44O844K144K544Oa44Oz44K344On44Oz44Kq44O844OI44Ko44Ki44Ot44OR44O844OE44K544K/44OD44OJ44Os44K544K/44Kk44OkIOODluODquODguOCueODiOODsyBCTElaWkFLIFc5NjkgNy41MFIxNiAxMlBS,44CQNy41MFIxNiAxMlBS44CR44CC44K544K/44OD44OJ44Os44K544K/44Kk44OkIOODluODquODguOCueODiOODsyBCTElaWkFLIFc5NjkgNy41MFIxNiAxMlBS[rn]
34-95836,aHR0cDovL3RzaG9wLnIxMHMuanAvc3R5bGVtYXJrZXQvY2FiaW5ldC9tYW5hZ2VkL2ltZzEyLzEyNDc3LmpwZz9maXRpbj03MDA6NzAw,MTQxMzYuMDAwMA==,,6LuK55So5ZOB44O744OQ44Kk44Kv55So5ZOBID4g44Kr44O855So5ZOBID4g44K544K/44OD44OJ44Os44K544K/44Kk44Ok,44K544K/44OD44OJ44Os44K544K/44Kk44OkIOODluODquODguOCueODiOODsyBCTElaWkFLIFc5NzkgNy4wMFIxNiAxMFBS,44CQNy4wMFIxNiAxMFBS44CR,PHA+PGltZyBzcmM9Imh0dHA6Ly93d3cucmFrdXRlbi5uZS5qcC9nb2xkL3N0eWxlbWFya2V0L3dwLWNvbnRlbnQvdGhlbWVzL3N0eWxlbWFya2V0L2ltYWdlcy9zaG9wL3Jha3V0ZW5fZGV0YWlsX3RpcmVjb3Vwb25fZGV0YWlsLmpwZyI+PC9wPjxwPjxpbWcgc3JjPSJodHRwOi8vaW1hZ2UucmFrdXRlbi5jby5qcC9zdHlsZW1hcmtldC9jYWJpbmV0L21hbmFnZWQvaW1nMTIvMTI0NzcuanBnIj48L3A+PHN0cm9uZyBjbGFzcz0iYmctb3JhbmdlbGluZSI+5ZWG5ZOB6Kqs5piOPC9zdHJvbmc+PHA+PGI+6auY44GE44Kw44Oq44OD44OX5Yqb44Go44Ot44Oz44Kw44Op44Kk44OV44KS5Lih56uLPC9iPjxicj7mlrDphY3lkIjjgrTjg6DjgpLmjqHnlKjjgZnjgovjgZPjgajjgavjgojjgorjgIHjgrTjg6Dnoazluqbjga7muKnluqbkvp3lrZjmgKfjgpLjgrPjg7Pjg4jjg63jg7zjg6vjgZfjgIHjg4njg6njgqTot6/pnaLvvIjkub7jgYTjgZ/ot6/pnaLvvInjgavjgYrjgZHjgovpq5jjgYTotbDooYzmgKfog73jgajjgIHmkanogJfjg6njgqTjg5XjgpLkuKHnq4vjgII8YnI+5rC36Zuq6Lev44Gr44GK44GE44Gm44Gv44K044Og44GM44KE44KP44KJ44GL44GV44KS5L+d44Gk44GT44Go44Gn44CB44OI44Os44OD44OJ44GM6Lev6Z2i44Gr5a+G552A44GX44CB5rC35LiK44Gn44Gu6auY44GE44Kw44Oq44OD44OX5Yqb44KS56K65L+d44CCPGJyPuOBleOCieOBq+OCs+ODs+ODkeOCpuODs+ODieWGheOBruODn+OCr+ODreOBruawtOi3r+OCkuacgOmBqemFjee9ruOBmeOCi+OBk+OBqOOBp+OAgeWdh+S4gOOBquiAkOaRqeiAl+aAp+OBqOOAgeWuieWumueahOOBqumZpOawtOWKueaenOOCkueZuuaPruOBl+OBvuOBmeOAgjxicj48YnI+PGI+5aSJ44KP44KJ44Gq44GE44CM5Yq544GN44CN44KS55m65o+uPC9iPjxicj7lvpPmnaXlk4Hlr77mr5TjgrXjgqTjg5fmlbDjgpLlopfliqDjgZnjgovjgZPjgajjgafjgIHpq5jjgYTpmaTmsLTmgKfjgpLnorrkv53jgZnjgovjgajjgajjgoLjgavjgIHmlrDjg5Hjgr/jg7Pjgajjga7nm7jkuZfkvZznlKjjgavjgojjgorjgIHlipvlvLfjgYTjgrDjg6rjg4Pjg5fjgpLnlJ/jgoDjgqjjg4PjgrjlirnmnpzjgpLnmbrmj67jgII8YnI+44G+44Gf44OW44Ot44OD44Kv5Ymb5oCn44KS57at5oyB44GZ44KL44CMM0TjgrPjg7Pjg5Pjg43jg7zjgrfjg6fjg7PjgrXjgqTjg5fjgI3jgpLmnIDpganphY3nva7jgZnjgovjgZPjgajjgafjgIHmjqXlnLDmgKfjgpLjgqLjg4Pjg5fjgII8YnI+6auY44GE6ICQ5YGP5pGp6ICX5oCn6IO944Go44CB5rC35LiK5oCn6IO944Gu5ZCR5LiK44KS5a6f54++44GX44G+44GX44Gf44CCPC9wPjxzdHJvbmcgY2xhc3M9ImJnLW9yYW5nZWxpbmUiPuijveWTgeS7leanmDwvc3Ryb25nPjxwPuODoeODvOOCq+ODvO+8mkJSSURHRVNUT05F77yI44OW44Oq44OC44K544OI44Oz77yJPGJyPuODkeOCv+ODvOODs++8mkJMSVpaQUsgVzk3Oe+8iOODluODquOCtuODg+OCryDjg4Djg5bjg6rjg6Xjgq3jg6Xjg7zjg4rjg4rjgq3jg6Xjg7zvvIk8YnI+44K144Kk44K677yaNy4wMFIxNiAxMFBS77yI44OB44Ol44O844OW44K/44Kk44OX77yJPC9wPjxzdHJvbmcgY2xhc3M9ImJnLW9yYW5nZWxpbmUiPuOCueOCv+ODg+ODleOCs+ODoeODs+ODiDwvc3Ryb25nPjxwPuWVhueUqOi7iuOBq+axguOCgeOCieOCjOOCi+OAjOawt+S4iuaAp+iDveOAjeOBqOOAjOODreODs+OCsOODqeOCpOODleOAjeOCkui/veaxguOAgjwvcD48c3Ryb25nIGNsYXNzPSJiZy1vcmFuZ2VsaW5lIj7jgZ3jga7ku5Y8L3N0cm9uZz48cD48Zm9udCBjb2xvcj0ib3JhbmdlIj48Yj7jgYrlrqLmp5jjgojjgorjgZPjgpPjgarjgYrllY/jgYTlkIjjgo/jgZvjgpLjgYTjgZ/jgaDjgY3jgb7jgZfjgZ88L2I+PC9mb250Pjxicj48YnI+PGI+UTroo73pgKDlubTjga/mjIflrprjgafjgY3jgb7jgZnjgYvvvJ88L2I+PGJyPjxmb250IGNvbG9yPSJvcmFuZ2UiPjxiPkE6PC9iPjwvZm9udD7jgYrlrqLmp5jjgbjjga7jgrXjg7zjg5Pjgrnjga7kuIDnkrDjgajjgZfjgabjgq/jg7zjg53jg7PjgpLjgZTnlKjmhI/oh7TjgZfjgb7jgZfjgZ/jgII8YnI+44Kv44O844Od44Oz44Go5LiA57eS44Gr44K/44Kk44Ok44KS44GU5rOo5paH44GE44Gf44Gg44GP44GT44Go44Gn44CB5a6J5b+D44GX44Gm5paw44GX44GE44K/44Kk44Ok44Gu44GK5bGK44GR44KS44GK5b6F44Gh5LiL44GV44GE44CCPGJyPjxicj48Yj5ROjHmnKzjga7kvqHmoLzjgafjgZnjgYvvvJ88L2I+PGJyPjxmb250IGNvbG9yPSJvcmFuZ2UiPjxiPkE6PC9iPjwvZm9udD7jga/jgYTjgILjgr/jgqTjg6Qx5pys44Gu5L6h5qC844Go44Gq44KK44G+44GZ44CCPGJyPjTmnKzjgZTms6jmlofjga7loLTlkIjjga/jgI7ooajnpLrkvqHmoLzDlzTjgI/jgavjgarjgorjgb7jgZnjgII8YnI+PGJyPjxiPlE644Ob44Kk44O844Or44Gv5LuY5bGe44GX44G+44GZ44GL77yfPC9iPjxicj48Zm9udCBjb2xvcj0ib3JhbmdlIj48Yj5BOjwvYj48L2ZvbnQ+6KGo56S65L6h5qC844Gv5paw5ZOB44K/44Kk44OkMeacrOOBruS+oeagvOOBqOOBquOCiuOAgeODm+OCpOODvOODq+OBr+S7mOWxnuOBl+OBvuOBm+OCk+OAgjxicj7jg5vjgqTjg7zjg6vjgpLjgZTluIzmnJvjga7jgYrlrqLmp5jjgavjga/liKXpgJTjgYropovnqY3jgoLjgorjgpLjgYTjgZ/jgZfjgb7jgZnjga7jgafjgIHou4rnqK7jgIHlubTlvI/jgIHlnovlvI/jgIHjgr/jgqTjg6TjgrXjgqTjgrrjgpLoqJjovInjga7kuIrjgIHjgYrllY/jgYTlkIjjgo/jgZvjgY/jgaDjgZXjgYTjgb7jgZvjgII8YnI+PGJyPjxiPlE65LuK6aC844KT44Gg44KJ44GE44Gk5bGK44GN44G+44GZ44GL77yfPC9iPjxicj48Zm9udCBjb2xvcj0ib3JhbmdlIj48Yj5BOjwvYj48L2ZvbnQ+5rG65riI44GM56K66KqN44Gn44GN44KM44Gw44CB44GU5rOo5paH5pel44GL44KJMuWWtualreaXpeS7peWGheOBq+e0hDkwJeOBruOBlOazqOaWh+OBruWVhuWTgeOCkueZuumAgeOBp+OBjeOBpuOBhOOBvuOBmeOAgjxicj7mrovjgorjga7ntIQ4JeOBrzEw5Za25qWt5pel5Lul5YaF44CB5qyg5ZOB44Gn57SN5pyf44Gu55uu5Yem44GM56uL44Gf44Ga44Gr44GK5bGK44GR44Gn44GN44Gq44GE44KC44Gu44GvMiXlvLHjgajjgarjgaPjgabjgYrjgorjgb7jgZnjgII8YnI+PGJyPjxiPlE66YCB5paZ44Gv44GE44GP44KJ44Gn44GZ44GL77yfPC9iPjxicj48Zm9udCBjb2xvcj0ib3JhbmdlIj48Yj5BOjwvYj48L2ZvbnQ+5b+F6KaB5pys5pWw44Gr5b+c44GY44Gf5paZ6YeR6KGo44GM44GU44GW44GE44G+44GZ44Gu44Gn44CB44Gd44Gh44KJ44KS44GU56K66KqN5LiL44GV44GE44CCPGJyPjxicj48Yj5ROueojui+vOOBv+OBp+OBmeOBi++8nzwvYj48YnI+PGZvbnQgY29sb3I9Im9yYW5nZSI+PGI+QTo8L2I+PC9mb250Pueojui+vOS+oeagvOOBp+ihqOekuuOBl+OBpuOBiuOCiuOBvuOBmeOAgjxicj7lhoXnqI7jgafjgZnjga7jgafjgIHlronlv4PjgZfjgabjgYrosrfjgYTmsYLjgoHkuIvjgZXjgYTjgII8L3A+PHA+PGI+4oC744GK5bGK44GR44Gr6Zai44GX44GmPC9iPjxicj7jgZTms6jmlofjgpLpoILjgY/luqbjgavjg6Hjg7zjgqvjg7zjgojjgorlj5bjgorlr4TjgZvjgpLjgZfjgb7jgZnjgII8YnI+44Gd44Gu54K644GU5rOo5paH44GL44KJMu+9njPml6Xjgbvjganjgaflh7rojbflj6/og73jgafjgZnjgII8YnI+44G+44Gf44CB44Oh44O844Kr44O844Gr44GK44GE44Gm5Zyo5bqr5YiH44KM44Gu5aC05ZCI44Gv55m66YCB44G+44Gn44GrMu+9njPml6Xku6XkuIrjga7jgYrmmYLplpPpoILjgY/loLTlkIjjgYzjgZTjgZbjgYTjgb7jgZnjgII8YnI+6Kqg44Gr5oGQ44KM5YWl44KK44G+44GZ44GM44CB44GK5oCl44GO44Gu5aC05ZCI44Gv44GU5rOo5paH5YmN44Gu5Zyo5bqr56K66KqN44KS44GK6aGY44GE55Sz44GX5LiK44GS44G+44GZ44CCPC9wPjxwPjxpbWcgc3JjPSJodHRwOi8vd3d3LnJha3V0ZW4ubmUuanAvZ29sZC9zdHlsZW1hcmtldC93cC1jb250ZW50L3RoZW1lcy9zdHlsZW1hcmtldC9pbWFnZXMvc2hvcC9kZXRhaWxfaWNvbl9wYWNrX29rLmdpZiIgYWx0PSLlkIzmorHlj68iPjxpbWcgc3JjPSJodHRwOi8vd3d3LnJha3V0ZW4ubmUuanAvZ29sZC9zdHlsZW1hcmtldC93cC1jb250ZW50L3RoZW1lcy9zdHlsZW1hcmtldC9pbWFnZXMvc2hvcC9kZXRhaWxfaWNvbl9naWZ0X25nLmdpZiIgYWx0PSLjg6njg4Pjg5Tjg7PjgrDkuI3lj68iPjxpbWcgc3JjPSJodHRwOi8vd3d3LnJha3V0ZW4ubmUuanAvZ29sZC9zdHlsZW1hcmtldC93cC1jb250ZW50L3RoZW1lcy9zdHlsZW1hcmtldC9pbWFnZXMvc2hvcC9kZXRhaWxfaWNvbl96YWlrb19vci5naWYiIGFsdD0i44Oh44O844Kr44O85Y+W5a+EIj48aW1nIHNyYz0iaHR0cDovL3d3dy5yYWt1dGVuLm5lLmpwL2dvbGQvc3R5bGVtYXJrZXQvd3AtY29udGVudC90aGVtZXMvc3R5bGVtYXJrZXQvaW1hZ2VzL3Nob3AvZGV0YWlsX2ljb25fc2l0ZWlfbmcuZ2lmIiBhbHQ9IuaXpeaZguaMh+WumuWkieWLleOBguOCiiI+PGltZyBzcmM9Imh0dHA6Ly93d3cucmFrdXRlbi5uZS5qcC9nb2xkL3N0eWxlbWFya2V0L3dwLWNvbnRlbnQvdGhlbWVzL3N0eWxlbWFya2V0L2ltYWdlcy9zaG9wL2RldGFpbF9pY29uX3BheW1lbnRfYmFuay5naWYiIGFsdD0i6YqA6KGM5oyv6L68Ij48aW1nIHNyYz0iaHR0cDovL3d3dy5yYWt1dGVuLm5lLmpwL2dvbGQvc3R5bGVtYXJrZXQvd3AtY29udGVudC90aGVtZXMvc3R5bGVtYXJrZXQvaW1hZ2VzL3Nob3AvZGV0YWlsX2ljb25fcGF5bWVudF9kYWliaWtpLmdpZiIgYWx0PSLku6Pph5HlvJXmj5siPjxpbWcgc3JjPSJodHRwOi8vd3d3LnJha3V0ZW4ubmUuanAvZ29sZC9zdHlsZW1hcmtldC93cC1jb250ZW50L3RoZW1lcy9zdHlsZW1hcmtldC9pbWFnZXMvc2hvcC9kZXRhaWxfaWNvbl9zb3VyeW91X3NwLmdpZiIgYWx0PSLnibnmrorpgIHmlpkiPjxicj48aW1nIHNyYz0iaHR0cDovL3d3dy5yYWt1dGVuLm5lLmpwL2dvbGQvc3R5bGVtYXJrZXQvd3AtY29udGVudC90aGVtZXMvc3R5bGVtYXJrZXQvaW1hZ2VzL3Nob3AvZGV0YWlsX2ljb25feWFqaXJ1c2kuZ2lmIj7jgqLjgqTjgrPjg7Pjga7oqqzmmI7jga/jgZPjgaHjgok8L3A+,44K544K/44OD44OJ44Os44K544K/44Kk44OkIOODluODquODguOCueODiOODsyBCTElaWkFLIFc5NzkgNy4wMFIxNiAxMFBS77ya44K544K/44Kk44Or44Oe44O844Kx44OD44OI44CA5qW95aSp5biC5aC05bqX,5r+A5a6J44K/44Kk44Ok5Lit5Y+k44Kr44O855So5ZOB44Kr44O844OR44O844OE44Kr44O844OK44OT44Ky44O844K344On44Oz5a6J44GEQ0FS44Kr44O844Kq44O844OH44Kj44Kq6LuK44Ki44Km44OI44Os44OD44OI44Ob44Kk44Or44K544OG44OD44OX44Ov44K044Oz44K344O844OI44Kr44OQ44O844K544K/44OD44OJ44Os44K544OY44Or44Oh44OD44OI6LKp5aOy44Oe44OV44Op44O844K144K544Oa44Oz44K344On44Oz44Kq44O844OI44Ko44Ki44Ot44OR44O844OE44K544K/44OD44OJ44Os44K544K/44Kk44OkIOODluODquODguOCueODiOODsyBCTElaWkFLIFc5NzkgNy4wMFIxNiAxMFBS,44CQNy4wMFIxNiAxMFBS44CR44CC44K544K/44OD44OJ44Os44K544K/44Kk44OkIOODluODquODguOCueODiOODsyBCTElaWkFLIFc5NzkgNy4wMFIxNiAxMFBS[rn]
34-95837,aHR0cDovL3RzaG9wLnIxMHMuanAvc3R5bGVtYXJrZXQvY2FiaW5ldC9tYW5hZ2VkL2ltZzEyLzEyNjMyLmpwZz9maXRpbj03MDA6NzAw,MTM3MjAuMDAwMA==,,6LuK55So5ZOB44O744OQ44Kk44Kv55So5ZOBID4g44Kr44O855So5ZOBID4g44K544K/44OD44OJ44Os44K544K/44Kk44Ok,44K544K/44OD44OJ44Os44K544K/44Kk44OkIOODgOODs+ODreODg+ODlyBXSU5URVIgTUFYWCBXTTAyIDE2NS81MFIxNiA3NVE=,44CQMTY1LzUwUjE2IDc1UeOAkQ==,PHA+PGltZyBzcmM9Imh0dHA6Ly93d3cucmFrdXRlbi5uZS5qcC9nb2xkL3N0eWxlbWFya2V0L3dwLWNvbnRlbnQvdGhlbWVzL3N0eWxlbWFya2V0L2ltYWdlcy9zaG9wL3Jha3V0ZW5fZGV0YWlsX3RpcmVjb3Vwb25fZGV0YWlsLmpwZyI+PC9wPjxwPjxpbWcgc3JjPSJodHRwOi8vaW1hZ2UucmFrdXRlbi5jby5qcC9zdHlsZW1hcmtldC9jYWJpbmV0L21hbmFnZWQvaW1nMTIvMTI2MzIuanBnIj48L3A+PHN0cm9uZyBjbGFzcz0iYmctb3JhbmdlbGluZSI+5ZWG5ZOB6Kqs5piOPC9zdHJvbmc+PHA+44K044Og44Gu5a+G552A5Yqb44KS6auY44KB44Gm5o6l5Zyw6Z2i56mN44KS5aKX5aSn44GZ44KL44CM6LaF5a+G552A44OK44Gu44OV44Kj44OD44OI44K044Og44CN44Go44CB44Ko44OD44K45oiQ5YiG44KS5aKX5Yqg44GX44Gf44CMTUFYWOOCsOODquODg+ODl+ODkeOCv+ODvOODs+OAjeOBruaOoeeUqOOBq+OCiOOCiuOAgeOAjOODgOODs+ODreODg+ODl+WPsuS4ik5vLjHjga7msLfkuIrmgKfog73jgI3jgpLlrp/nj77jgII8YnI+44GV44KJ44Gr44CB6YCy5YyW44GX44Gf44Kz44Oz44OR44Km44Oz44OJ5oqA6KGT44Gu6ZaL55m644Gr44KI44KK44CM5Yq544GN6ZW35oyB44Gh5oCn6IO944CN44Go44CM44Op44Kk44OV6ZW35oyB44Gh5oCn6IO944CN44KS6auY5qyh5YWD44Gn44OQ44Op44Oz44K544GV44Gb44Gf5LmX55So6LuK55So44OP44Kk44K544Oa44OD44Kv44O744K544K/44OD44OJ44Os44K544K/44Kk44Ok44CCPC9wPjxzdHJvbmcgY2xhc3M9ImJnLW9yYW5nZWxpbmUiPuijveWTgeS7leanmDwvc3Ryb25nPjxwPuODoeODvOOCq+ODvO+8mkRVTkxPUO+8iOODgOODs+ODreODg+ODl++8iTxicj7jg5Hjgr/jg7zjg7PvvJpXSU5URVIgTUFYWCBXTTAy77yI44Km44Kk44Oz44K/44O844Oe44OD44Kv44K5IOODgOODluODq+OCqOODoCDjgrzjg63jg4Tjg7zvvIk8YnI+44K144Kk44K677yaMTY1LzUwUjE2IDc1UTwvcD48c3Ryb25nIGNsYXNzPSJiZy1vcmFuZ2VsaW5lIj7jgrnjgr/jg4Pjg5XjgrPjg6Hjg7Pjg4g8L3N0cm9uZz48cD7jg4Djg7Pjg63jg4Pjg5flj7LkuIrmnIDpq5jlgpHkvZzjgrnjgr/jg4Pjg4njg6zjgrnjgII8L3A+PHN0cm9uZyBjbGFzcz0iYmctb3JhbmdlbGluZSI+44Gd44Gu5LuWPC9zdHJvbmc+PHA+PGZvbnQgY29sb3I9Im9yYW5nZSI+PGI+44GK5a6i5qeY44KI44KK44GT44KT44Gq44GK5ZWP44GE5ZCI44KP44Gb44KS44GE44Gf44Gg44GN44G+44GX44GfPC9iPjwvZm9udD48YnI+PGJyPjxiPlE66KO96YCg5bm044Gv5oyH5a6a44Gn44GN44G+44GZ44GL77yfPC9iPjxicj48Zm9udCBjb2xvcj0ib3JhbmdlIj48Yj5BOjwvYj48L2ZvbnQ+44GK5a6i5qeY44G444Gu44K144O844OT44K544Gu5LiA55Kw44Go44GX44Gm44Kv44O844Od44Oz44KS44GU55So5oSP6Ie044GX44G+44GX44Gf44CCPGJyPuOCr+ODvOODneODs+OBqOS4gOe3kuOBq+OCv+OCpOODpOOCkuOBlOazqOaWh+OBhOOBn+OBoOOBj+OBk+OBqOOBp+OAgeWuieW/g+OBl+OBpuaWsOOBl+OBhOOCv+OCpOODpOOBruOBiuWxiuOBkeOCkuOBiuW+heOBoeS4i+OBleOBhOOAgjxicj48YnI+PGI+UTox5pys44Gu5L6h5qC844Gn44GZ44GL77yfPC9iPjxicj48Zm9udCBjb2xvcj0ib3JhbmdlIj48Yj5BOjwvYj48L2ZvbnQ+44Gv44GE44CC44K/44Kk44OkMeacrOOBruS+oeagvOOBqOOBquOCiuOBvuOBmeOAgjxicj405pys44GU5rOo5paH44Gu5aC05ZCI44Gv44CO6KGo56S65L6h5qC8w5c044CP44Gr44Gq44KK44G+44GZ44CCPGJyPjxicj48Yj5ROuODm+OCpOODvOODq+OBr+S7mOWxnuOBl+OBvuOBmeOBi++8nzwvYj48YnI+PGZvbnQgY29sb3I9Im9yYW5nZSI+PGI+QTo8L2I+PC9mb250PuihqOekuuS+oeagvOOBr+aWsOWTgeOCv+OCpOODpDHmnKzjga7kvqHmoLzjgajjgarjgorjgIHjg5vjgqTjg7zjg6vjga/ku5jlsZ7jgZfjgb7jgZvjgpPjgII8YnI+44Ob44Kk44O844Or44KS44GU5biM5pyb44Gu44GK5a6i5qeY44Gr44Gv5Yil6YCU44GK6KaL56mN44KC44KK44KS44GE44Gf44GX44G+44GZ44Gu44Gn44CB6LuK56iu44CB5bm05byP44CB5Z6L5byP44CB44K/44Kk44Ok44K144Kk44K644KS6KiY6LyJ44Gu5LiK44CB44GK5ZWP44GE5ZCI44KP44Gb44GP44Gg44GV44GE44G+44Gb44CCPGJyPjxicj48Yj5ROuS7iumgvOOCk+OBoOOCieOBhOOBpOWxiuOBjeOBvuOBmeOBi++8nzwvYj48YnI+PGZvbnQgY29sb3I9Im9yYW5nZSI+PGI+QTo8L2I+PC9mb250Puaxuua4iOOBjOeiuuiqjeOBp+OBjeOCjOOBsOOAgeOBlOazqOaWh+aXpeOBi+OCiTLllrbmpa3ml6Xku6XlhoXjgavntIQ5MCXjga7jgZTms6jmlofjga7llYblk4HjgpLnmbrpgIHjgafjgY3jgabjgYTjgb7jgZnjgII8YnI+5q6L44KK44Gu57SEOCXjga8xMOWWtualreaXpeS7peWGheOAgeasoOWTgeOBp+e0jeacn+OBruebruWHpuOBjOeri+OBn+OBmuOBq+OBiuWxiuOBkeOBp+OBjeOBquOBhOOCguOBruOBrzIl5byx44Go44Gq44Gj44Gm44GK44KK44G+44GZ44CCPGJyPjxicj48Yj5ROumAgeaWmeOBr+OBhOOBj+OCieOBp+OBmeOBi++8nzwvYj48YnI+PGZvbnQgY29sb3I9Im9yYW5nZSI+PGI+QTo8L2I+PC9mb250PuW/heimgeacrOaVsOOBq+W/nOOBmOOBn+aWmemHkeihqOOBjOOBlOOBluOBhOOBvuOBmeOBruOBp+OAgeOBneOBoeOCieOCkuOBlOeiuuiqjeS4i+OBleOBhOOAgjxicj48YnI+PGI+UTrnqI7ovrzjgb/jgafjgZnjgYvvvJ88L2I+PGJyPjxmb250IGNvbG9yPSJvcmFuZ2UiPjxiPkE6PC9iPjwvZm9udD7nqI7ovrzkvqHmoLzjgafooajnpLrjgZfjgabjgYrjgorjgb7jgZnjgII8YnI+5YaF56iO44Gn44GZ44Gu44Gn44CB5a6J5b+D44GX44Gm44GK6LK344GE5rGC44KB5LiL44GV44GE44CCPC9wPjxwPjxiPuKAu+OBiuWxiuOBkeOBq+mWouOBl+OBpjwvYj48YnI+44GU5rOo5paH44KS6aCC44GP5bqm44Gr44Oh44O844Kr44O844KI44KK5Y+W44KK5a+E44Gb44KS44GX44G+44GZ44CCPGJyPuOBneOBrueCuuOBlOazqOaWh+OBi+OCiTLvvZ4z5pel44G744Gp44Gn5Ye66I235Y+v6IO944Gn44GZ44CCPGJyPuOBvuOBn+OAgeODoeODvOOCq+ODvOOBq+OBiuOBhOOBpuWcqOW6q+WIh+OCjOOBruWgtOWQiOOBr+eZuumAgeOBvuOBp+OBqzLvvZ4z5pel5Lul5LiK44Gu44GK5pmC6ZaT6aCC44GP5aC05ZCI44GM44GU44GW44GE44G+44GZ44CCPGJyPuiqoOOBq+aBkOOCjOWFpeOCiuOBvuOBmeOBjOOAgeOBiuaApeOBjuOBruWgtOWQiOOBr+OBlOazqOaWh+WJjeOBruWcqOW6q+eiuuiqjeOCkuOBiumhmOOBhOeUs+OBl+S4iuOBkuOBvuOBmeOAgjwvcD48cD48aW1nIHNyYz0iaHR0cDovL3d3dy5yYWt1dGVuLm5lLmpwL2dvbGQvc3R5bGVtYXJrZXQvd3AtY29udGVudC90aGVtZXMvc3R5bGVtYXJrZXQvaW1hZ2VzL3Nob3AvZGV0YWlsX2ljb25fcGFja19vay5naWYiIGFsdD0i5ZCM5qKx5Y+vIj48aW1nIHNyYz0iaHR0cDovL3d3dy5yYWt1dGVuLm5lLmpwL2dvbGQvc3R5bGVtYXJrZXQvd3AtY29udGVudC90aGVtZXMvc3R5bGVtYXJrZXQvaW1hZ2VzL3Nob3AvZGV0YWlsX2ljb25fZ2lmdF9uZy5naWYiIGFsdD0i44Op44OD44OU44Oz44Kw5LiN5Y+vIj48aW1nIHNyYz0iaHR0cDovL3d3dy5yYWt1dGVuLm5lLmpwL2dvbGQvc3R5bGVtYXJrZXQvd3AtY29udGVudC90aGVtZXMvc3R5bGVtYXJrZXQvaW1hZ2VzL3Nob3AvZGV0YWlsX2ljb25femFpa29fb3IuZ2lmIiBhbHQ9IuODoeODvOOCq+ODvOWPluWvhCI+PGltZyBzcmM9Imh0dHA6Ly93d3cucmFrdXRlbi5uZS5qcC9nb2xkL3N0eWxlbWFya2V0L3dwLWNvbnRlbnQvdGhlbWVzL3N0eWxlbWFya2V0L2ltYWdlcy9zaG9wL2RldGFpbF9pY29uX3NpdGVpX25nLmdpZiIgYWx0PSLml6XmmYLmjIflrprlpInli5XjgYLjgooiPjxpbWcgc3JjPSJodHRwOi8vd3d3LnJha3V0ZW4ubmUuanAvZ29sZC9zdHlsZW1hcmtldC93cC1jb250ZW50L3RoZW1lcy9zdHlsZW1hcmtldC9pbWFnZXMvc2hvcC9kZXRhaWxfaWNvbl9wYXltZW50X2JhbmsuZ2lmIiBhbHQ9IumKgOihjOaMr+i+vCI+PGltZyBzcmM9Imh0dHA6Ly93d3cucmFrdXRlbi5uZS5qcC9nb2xkL3N0eWxlbWFya2V0L3dwLWNvbnRlbnQvdGhlbWVzL3N0eWxlbWFya2V0L2ltYWdlcy9zaG9wL2RldGFpbF9pY29uX3BheW1lbnRfZGFpYmlraS5naWYiIGFsdD0i5Luj6YeR5byV5o+bIj48aW1nIHNyYz0iaHR0cDovL3d3dy5yYWt1dGVuLm5lLmpwL2dvbGQvc3R5bGVtYXJrZXQvd3AtY29udGVudC90aGVtZXMvc3R5bGVtYXJrZXQvaW1hZ2VzL3Nob3AvZGV0YWlsX2ljb25fc291cnlvdV9zcC5naWYiIGFsdD0i54m55q6K6YCB5paZIj48YnI+PGltZyBzcmM9Imh0dHA6Ly93d3cucmFrdXRlbi5uZS5qcC9nb2xkL3N0eWxlbWFya2V0L3dwLWNvbnRlbnQvdGhlbWVzL3N0eWxlbWFya2V0L2ltYWdlcy9zaG9wL2RldGFpbF9pY29uX3lhamlydXNpLmdpZiI+44Ki44Kk44Kz44Oz44Gu6Kqs5piO44Gv44GT44Gh44KJPC9wPg==,44K544K/44OD44OJ44Os44K544K/44Kk44OkIOODgOODs+ODreODg+ODlyBXSU5URVIgTUFYWCBXTTAyIDE2NS81MFIxNiA3NVHvvJrjgrnjgr/jgqTjg6vjg57jg7zjgrHjg4Pjg4jjgIDmpb3lpKnluILloLTlupc=,5r+A5a6J44K/44Kk44Ok5Lit5Y+k44Kr44O855So5ZOB44Kr44O844OR44O844OE44Kr44O844OK44OT44Ky44O844K344On44Oz5a6J44GEQ0FS44Kr44O844Kq44O844OH44Kj44Kq6LuK44Ki44Km44OI44Os44OD44OI44Ob44Kk44Or44K544OG44OD44OX44Ov44K044Oz44K344O844OI44Kr44OQ44O844K544K/44OD44OJ44Os44K544OY44Or44Oh44OD44OI6LKp5aOy44Oe44OV44Op44O844K144K544Oa44Oz44K344On44Oz44Kq44O844OI44Ko44Ki44Ot44OR44O844OE44K544K/44OD44OJ44Os44K544K/44Kk44OkIOODgOODs+ODreODg+ODlyBXSU5URVIgTUFYWCBXTTAyIDE2NS81MFIxNiA3NVE=,44CQMTY1LzUwUjE2IDc1UeOAkeOAguOCueOCv+ODg+ODieODrOOCueOCv+OCpOODpCDjg4Djg7Pjg63jg4Pjg5cgV0lOVEVSIE1BWFggV00wMiAxNjUvNTBSMTYgNzVR[rn]
34-95838,aHR0cDovL3RzaG9wLnIxMHMuanAvc3R5bGVtYXJrZXQvY2FiaW5ldC9tYW5hZ2VkL2ltZzE1LzE1MTQxLmpwZz9maXRpbj03MDA6NzAw,MTU2MzIuMDAwMA==,,6LuK55So5ZOB44O744OQ44Kk44Kv55So5ZOBID4g44Kr44O855So5ZOBID4g44K544K/44OD44OJ44Os44K544K/44Kk44Ok,44K544K/44OD44OJ44Os44K544K/44Kk44OkIOODgOODs+ODreODg+ODlyBXSU5URVIgTUFYWCBXTTAxIDE5NS81NVJGMTYgODdR,44CQMTk1LzU1UjE2IDg3UeOAkQ==,PHA+PGltZyBzcmM9Imh0dHA6Ly93d3cucmFrdXRlbi5uZS5qcC9nb2xkL3N0eWxlbWFya2V0L3dwLWNvbnRlbnQvdGhlbWVzL3N0eWxlbWFya2V0L2ltYWdlcy9zaG9wL3Jha3V0ZW5fZGV0YWlsX3RpcmVjb3Vwb25fZGV0YWlsLmpwZyI+PC9wPjxwPjxpbWcgc3JjPSJodHRwOi8vaW1hZ2UucmFrdXRlbi5jby5qcC9zdHlsZW1hcmtldC9jYWJpbmV0L21hbmFnZWQvaW1nMTUvMTUxNDEuanBnIj48L3A+PHN0cm9uZyBjbGFzcz0iYmctb3JhbmdlbGluZSI+5ZWG5ZOB6Kqs5piOPC9zdHJvbmc+PHA+PGI+44OA44Oz44Ot44OD44OX5Y+y5LiK44CB5rC35LiK5oCn6IO944KSTUFYWOOBq+alteOCgeOBn+OAgjwvYj48YnI+44OW44Ot44OD44Kv44Gu5YCS44KM44GT44G/44KS5oqR5Yi244GX44Ki44Kk44K544OQ44O844Oz44KS44GX44Gj44GL44KK5byV44Gj44GL44GP44CMTUFYWOOCt+ODo+ODvOODl+OCqOODg+OCuOOAjeOBqOOAgeihqOmdouOBr+aflOOCieOBi+OBj+ODluODreODg+OCr+WFqOS9k+OBp+OBr+WJm+aAp+OBjOmrmOOBhOaAp+iDveOCkuaMgeOBpOOAjOODiuODjuODleOCo+ODg+ODiOOCtOODoOOAjeOCkuaWsOmWi+eZuuOAgjxicj7msLfooajpnaLjga7lvq7lsI/jgarlh7nlh7jjgavjgoLjgZfjgaPjgYvjgorlr4bnnYDjgZfjgIHjgqLjgqTjgrnjg5Djg7zjg7Pjgafjga7lvLflipvjgarjg5bjg6zjg7zjgq3mgKfog73jgpLlrp/nj77jgZfjgZ/kuZfnlKjou4rnlKjjg4/jgqTjg7vjgrnjg5rjg4Pjgq/jgrnjgr/jg4Pjg4njg6zjgrnjgII8L3A+PHN0cm9uZyBjbGFzcz0iYmctb3JhbmdlbGluZSI+6KO95ZOB5LuV5qeYPC9zdHJvbmc+PHA+44Oh44O844Kr44O877yaRFVOTE9Q77yI44OA44Oz44Ot44OD44OX77yJPGJyPuODkeOCv+ODvOODs++8mldJTlRFUiBNQVhYIFdNMDHvvIjjgqbjgqTjg7Pjgr/jg7zjg57jg4Pjgq/jgrkg44OA44OW44Or44Ko44OgIOOCvOODreODr+ODs++8iTxicj7jgrXjgqTjgrrvvJoxOTUvNTVSRjE2IDg3Ue+8iOODqeODs+ODleODqeODg+ODiOOCv+OCpOODpO+8iTwvcD48c3Ryb25nIGNsYXNzPSJiZy1vcmFuZ2VsaW5lIj7jgrnjgr/jg4Pjg5XjgrPjg6Hjg7Pjg4g8L3N0cm9uZz48cD5XSU5URVIgTUFYWOOBr+OAgeW8t+WKm+OBquOCouOCpOOCueODkOODvOODs+aAp+iDveOCkueZuuaPruOBl+OBquOBjOOCieOCguOAgeeHg+iyu+OBruaMh+aomeOBqOOBquOCi+i7ouOBjOOCiuaKteaKl+S/guaVsOOBr+OAgeW9k+ekvuW+k+adpeWTgeOAjEVDMjAx44CN44KS5LiK44G+44KP44KK44G+44GZ44CCPGJyPuawt+i3r+OBp+OBruWuieW/g+OBqOOAgeiIl+ijhei3r+OBp+OBrue1jOa4iOaAp+OCkuS4oeeri+OBleOBm+OBpuOBhOOBvuOBmeOAgjwvcD48c3Ryb25nIGNsYXNzPSJiZy1vcmFuZ2VsaW5lIj7jgZ3jga7ku5Y8L3N0cm9uZz48cD48Zm9udCBjb2xvcj0ib3JhbmdlIj48Yj7jgYrlrqLmp5jjgojjgorjgZPjgpPjgarjgYrllY/jgYTlkIjjgo/jgZvjgpLjgYTjgZ/jgaDjgY3jgb7jgZfjgZ88L2I+PC9mb250Pjxicj48YnI+PGI+UTroo73pgKDlubTjga/mjIflrprjgafjgY3jgb7jgZnjgYvvvJ88L2I+PGJyPjxmb250IGNvbG9yPSJvcmFuZ2UiPjxiPkE6PC9iPjwvZm9udD7jgYrlrqLmp5jjgbjjga7jgrXjg7zjg5Pjgrnjga7kuIDnkrDjgajjgZfjgabjgq/jg7zjg53jg7PjgpLjgZTnlKjmhI/oh7TjgZfjgb7jgZfjgZ/jgII8YnI+44Kv44O844Od44Oz44Go5LiA57eS44Gr44K/44Kk44Ok44KS44GU5rOo5paH44GE44Gf44Gg44GP44GT44Go44Gn44CB5a6J5b+D44GX44Gm5paw44GX44GE44K/44Kk44Ok44Gu44GK5bGK44GR44KS44GK5b6F44Gh5LiL44GV44GE44CCPGJyPjxicj48Yj5ROjHmnKzjga7kvqHmoLzjgafjgZnjgYvvvJ88L2I+PGJyPjxmb250IGNvbG9yPSJvcmFuZ2UiPjxiPkE6PC9iPjwvZm9udD7jga/jgYTjgILjgr/jgqTjg6Qx5pys44Gu5L6h5qC844Go44Gq44KK44G+44GZ44CCPGJyPjTmnKzjgZTms6jmlofjga7loLTlkIjjga/jgI7ooajnpLrkvqHmoLzDlzTjgI/jgavjgarjgorjgb7jgZnjgII8YnI+PGJyPjxiPlE644Ob44Kk44O844Or44Gv5LuY5bGe44GX44G+44GZ44GL77yfPC9iPjxicj48Zm9udCBjb2xvcj0ib3JhbmdlIj48Yj5BOjwvYj48L2ZvbnQ+6KGo56S65L6h5qC844Gv5paw5ZOB44K/44Kk44OkMeacrOOBruS+oeagvOOBqOOBquOCiuOAgeODm+OCpOODvOODq+OBr+S7mOWxnuOBl+OBvuOBm+OCk+OAgjxicj7jg5vjgqTjg7zjg6vjgpLjgZTluIzmnJvjga7jgYrlrqLmp5jjgavjga/liKXpgJTjgYropovnqY3jgoLjgorjgpLjgYTjgZ/jgZfjgb7jgZnjga7jgafjgIHou4rnqK7jgIHlubTlvI/jgIHlnovlvI/jgIHjgr/jgqTjg6TjgrXjgqTjgrrjgpLoqJjovInjga7kuIrjgIHjgYrllY/jgYTlkIjjgo/jgZvjgY/jgaDjgZXjgYTjgb7jgZvjgII8YnI+PGJyPjxiPlE65LuK6aC844KT44Gg44KJ44GE44Gk5bGK44GN44G+44GZ44GL77yfPC9iPjxicj48Zm9udCBjb2xvcj0ib3JhbmdlIj48Yj5BOjwvYj48L2ZvbnQ+5rG65riI44GM56K66KqN44Gn44GN44KM44Gw44CB44GU5rOo5paH5pel44GL44KJMuWWtualreaXpeS7peWGheOBq+e0hDkwJeOBruOBlOazqOaWh+OBruWVhuWTgeOCkueZuumAgeOBp+OBjeOBpuOBhOOBvuOBmeOAgjxicj7mrovjgorjga7ntIQ4JeOBrzEw5Za25qWt5pel5Lul5YaF44CB5qyg5ZOB44Gn57SN5pyf44Gu55uu5Yem44GM56uL44Gf44Ga44Gr44GK5bGK44GR44Gn44GN44Gq44GE44KC44Gu44GvMiXlvLHjgajjgarjgaPjgabjgYrjgorjgb7jgZnjgII8YnI+PGJyPjxiPlE66YCB5paZ44Gv44GE44GP44KJ44Gn44GZ44GL77yfPC9iPjxicj48Zm9udCBjb2xvcj0ib3JhbmdlIj48Yj5BOjwvYj48L2ZvbnQ+5b+F6KaB5pys5pWw44Gr5b+c44GY44Gf5paZ6YeR6KGo44GM44GU44GW44GE44G+44GZ44Gu44Gn44CB44Gd44Gh44KJ44KS44GU56K66KqN5LiL44GV44GE44CCPGJyPjxicj48Yj5ROueojui+vOOBv+OBp+OBmeOBi++8nzwvYj48YnI+PGZvbnQgY29sb3I9Im9yYW5nZSI+PGI+QTo8L2I+PC9mb250Pueojui+vOS+oeagvOOBp+ihqOekuuOBl+OBpuOBiuOCiuOBvuOBmeOAgjxicj7lhoXnqI7jgafjgZnjga7jgafjgIHlronlv4PjgZfjgabjgYrosrfjgYTmsYLjgoHkuIvjgZXjgYTjgII8L3A+PHA+PGI+4oC744GK5bGK44GR44Gr6Zai44GX44GmPC9iPjxicj7jgZTms6jmlofjgpLpoILjgY/luqbjgavjg6Hjg7zjgqvjg7zjgojjgorlj5bjgorlr4TjgZvjgpLjgZfjgb7jgZnjgII8YnI+44Gd44Gu54K644GU5rOo5paH44GL44KJMu+9njPml6Xjgbvjganjgaflh7rojbflj6/og73jgafjgZnjgII8YnI+44G+44Gf44CB44Oh44O844Kr44O844Gr44GK44GE44Gm5Zyo5bqr5YiH44KM44Gu5aC05ZCI44Gv55m66YCB44G+44Gn44GrMu+9njPml6Xku6XkuIrjga7jgYrmmYLplpPpoILjgY/loLTlkIjjgYzjgZTjgZbjgYTjgb7jgZnjgII8YnI+6Kqg44Gr5oGQ44KM5YWl44KK44G+44GZ44GM44CB44GK5oCl44GO44Gu5aC05ZCI44Gv44GU5rOo5paH5YmN44Gu5Zyo5bqr56K66KqN44KS44GK6aGY44GE55Sz44GX5LiK44GS44G+44GZ44CCPC9wPjxwPjxpbWcgc3JjPSJodHRwOi8vd3d3LnJha3V0ZW4ubmUuanAvZ29sZC9zdHlsZW1hcmtldC93cC1jb250ZW50L3RoZW1lcy9zdHlsZW1hcmtldC9pbWFnZXMvc2hvcC9kZXRhaWxfaWNvbl9wYWNrX29rLmdpZiIgYWx0PSLlkIzmorHlj68iPjxpbWcgc3JjPSJodHRwOi8vd3d3LnJha3V0ZW4ubmUuanAvZ29sZC9zdHlsZW1hcmtldC93cC1jb250ZW50L3RoZW1lcy9zdHlsZW1hcmtldC9pbWFnZXMvc2hvcC9kZXRhaWxfaWNvbl9naWZ0X25nLmdpZiIgYWx0PSLjg6njg4Pjg5Tjg7PjgrDkuI3lj68iPjxpbWcgc3JjPSJodHRwOi8vd3d3LnJha3V0ZW4ubmUuanAvZ29sZC9zdHlsZW1hcmtldC93cC1jb250ZW50L3RoZW1lcy9zdHlsZW1hcmtldC9pbWFnZXMvc2hvcC9kZXRhaWxfaWNvbl96YWlrb19vci5naWYiIGFsdD0i44Oh44O844Kr44O85Y+W5a+EIj48aW1nIHNyYz0iaHR0cDovL3d3dy5yYWt1dGVuLm5lLmpwL2dvbGQvc3R5bGVtYXJrZXQvd3AtY29udGVudC90aGVtZXMvc3R5bGVtYXJrZXQvaW1hZ2VzL3Nob3AvZGV0YWlsX2ljb25fc2l0ZWlfbmcuZ2lmIiBhbHQ9IuaXpeaZguaMh+WumuWkieWLleOBguOCiiI+PGltZyBzcmM9Imh0dHA6Ly93d3cucmFrdXRlbi5uZS5qcC9nb2xkL3N0eWxlbWFya2V0L3dwLWNvbnRlbnQvdGhlbWVzL3N0eWxlbWFya2V0L2ltYWdlcy9zaG9wL2RldGFpbF9pY29uX3BheW1lbnRfYmFuay5naWYiIGFsdD0i6YqA6KGM5oyv6L68Ij48aW1nIHNyYz0iaHR0cDovL3d3dy5yYWt1dGVuLm5lLmpwL2dvbGQvc3R5bGVtYXJrZXQvd3AtY29udGVudC90aGVtZXMvc3R5bGVtYXJrZXQvaW1hZ2VzL3Nob3AvZGV0YWlsX2ljb25fcGF5bWVudF9kYWliaWtpLmdpZiIgYWx0PSLku6Pph5HlvJXmj5siPjxpbWcgc3JjPSJodHRwOi8vd3d3LnJha3V0ZW4ubmUuanAvZ29sZC9zdHlsZW1hcmtldC93cC1jb250ZW50L3RoZW1lcy9zdHlsZW1hcmtldC9pbWFnZXMvc2hvcC9kZXRhaWxfaWNvbl9zb3VyeW91X3NwLmdpZiIgYWx0PSLnibnmrorpgIHmlpkiPjxicj48aW1nIHNyYz0iaHR0cDovL3d3dy5yYWt1dGVuLm5lLmpwL2dvbGQvc3R5bGVtYXJrZXQvd3AtY29udGVudC90aGVtZXMvc3R5bGVtYXJrZXQvaW1hZ2VzL3Nob3AvZGV0YWlsX2ljb25feWFqaXJ1c2kuZ2lmIj7jgqLjgqTjgrPjg7Pjga7oqqzmmI7jga/jgZPjgaHjgok8L3A+,44K544K/44OD44OJ44Os44K544K/44Kk44OkIOODgOODs+ODreODg+ODlyBXSU5URVIgTUFYWCBXTTAxIDE5NS81NVJGMTYgODdR77ya44K544K/44Kk44Or44Oe44O844Kx44OD44OI44CA5qW95aSp5biC5aC05bqX,5r+A5a6J44K/44Kk44Ok5Lit5Y+k44Kr44O855So5ZOB44Kr44O844OR44O844OE44Kr44O844OK44OT44Ky44O844K344On44Oz5a6J44GEQ0FS44Kr44O844Kq44O844OH44Kj44Kq6LuK44Ki44Km44OI44Os44OD44OI44Ob44Kk44Or44K544OG44OD44OX44Ov44K044Oz44K344O844OI44Kr44OQ44O844K544K/44OD44OJ44Os44K544OY44Or44Oh44OD44OI6LKp5aOy44Oe44OV44Op44O844K144K544Oa44Oz44K344On44Oz44Kq44O844OI44Ko44Ki44Ot44OR44O844OE44K544K/44OD44OJ44Os44K544K/44Kk44OkIOODgOODs+ODreODg+ODlyBXSU5URVIgTUFYWCBXTTAxIDE5NS81NVJGMTYgODdR,44CQMTk1LzU1UjE2IDg3UeOAkeOAguOCueOCv+ODg+ODieODrOOCueOCv+OCpOODpCDjg4Djg7Pjg63jg4Pjg5cgV0lOVEVSIE1BWFggV00wMSAxOTUvNTVSRjE2IDg3UQ==[rn]
34-95839,aHR0cDovL3RzaG9wLnIxMHMuanAvc3R5bGVtYXJrZXQvY2FiaW5ldC9tYW5hZ2VkL2ltZzEyLzEyNDg3LmpwZz9maXRpbj03MDA6NzAw,MjAzNzYuMDAwMA==,,6LuK55So5ZOB44O744OQ44Kk44Kv55So5ZOBID4g44Kr44O855So5ZOBID4g44K544K/44OD44OJ44Os44K544K/44Kk44Ok,44K544K/44OD44OJ44Os44K544K/44Kk44OkIOODluODquODguOCueODiOODsyBCTElaWkFLIFJGVCAyMDUvNjBSRjE2IDkyUSBSRlQ=,44CQMjA1LzYwUjE2IDkyUeOAkQ==,PHA+PGltZyBzcmM9Imh0dHA6Ly93d3cucmFrdXRlbi5uZS5qcC9nb2xkL3N0eWxlbWFya2V0L3dwLWNvbnRlbnQvdGhlbWVzL3N0eWxlbWFya2V0L2ltYWdlcy9zaG9wL3Jha3V0ZW5fZGV0YWlsX3RpcmVjb3Vwb25fZGV0YWlsLmpwZyI+PC9wPjxwPjxpbWcgc3JjPSJodHRwOi8vaW1hZ2UucmFrdXRlbi5jby5qcC9zdHlsZW1hcmtldC9jYWJpbmV0L21hbmFnZWQvaW1nMTIvMTI0ODcuanBnIj48L3A+PHN0cm9uZyBjbGFzcz0iYmctb3JhbmdlbGluZSI+5ZWG5ZOB6Kqs5piOPC9zdHJvbmc+PHA+PGI+56m65rCX5Zyn44GM44K844Ot44Gr44Gq44Gj44Gm44KC6LWw6KGM5Y+v6IO944Gq44CM44Op44Oz44OV44Op44OD44OI44OG44Kv44OO44Ot44K444O85o6h55So44K/44Kk44Ok44CNPC9iPjxicj7jg6njg7Pjg5Xjg6njg4Pjg4jjg4bjgq/jg47jg63jgrjjg7zmjqHnlKjjgr/jgqTjg6Tjgajjga/jgIHnqbrmsJflnKfjgYzjgrzjg63jgavjgarjgaPjgabjgoLjgIHmiYDlrprjga7jgrnjg5Tjg7zjg4njgafkuIDlrprot53pm6LjgpLotbDooYzjgafjgY3jgovjgr/jgqTjg6TjgII8YnI+4oC744GT44Gu44K/44Kk44Ok44Gv44Op44Oz44OV44Op44OD44OI44K/44Kk44Ok44Gn44GZ44CC44Op44Oz44OV44Op44OD44OI44K/44Kk44Ok44GM5qiZ5rqW6KOF552A44GV44KM44Gm44GE44Gq44GE6LuK5Lih44Gr44Gv6KOF552A44Gn44GN44G+44Gb44KT44CCPC9wPjxzdHJvbmcgY2xhc3M9ImJnLW9yYW5nZWxpbmUiPuijveWTgeS7leanmDwvc3Ryb25nPjxwPuODoeODvOOCq+ODvO+8mkJSSURHRVNUT05F77yI44OW44Oq44OC44K544OI44Oz77yJPGJyPuODkeOCv+ODvOODs++8mkJMSVpaQUsgUkZU77yI44OW44Oq44K244OD44KvIOOCouODvOODq+OCqOODleODhuOCo+ODvO+8iTxicj7jgrXjgqTjgrrvvJoyMDUvNjBSRjE2IDkyUSBSRlTvvIhCTVcgM+OCt+ODquODvOOCuu+8iEYzMCAzMjBk77yJ77yJPC9wPjxzdHJvbmcgY2xhc3M9ImJnLW9yYW5nZWxpbmUiPuOCueOCv+ODg+ODleOCs+ODoeODs+ODiDwvc3Ryb25nPjxwPuODluODquODguOCueODiOODs+OBrumrmOOBhOaKgOihk+OBjOODqeODs+ODleODqeODg+ODiOODhuOCr+ODjuODreOCuOODvOaOoeeUqOOBruOCueOCv+ODg+ODieODrOOCueOCv+OCpOODpOOCkuWun+ePvuOBl+OBn+OAgjwvcD48c3Ryb25nIGNsYXNzPSJiZy1vcmFuZ2VsaW5lIj7jgZ3jga7ku5Y8L3N0cm9uZz48cD48Zm9udCBjb2xvcj0ib3JhbmdlIj48Yj7jgYrlrqLmp5jjgojjgorjgZPjgpPjgarjgYrllY/jgYTlkIjjgo/jgZvjgpLjgYTjgZ/jgaDjgY3jgb7jgZfjgZ88L2I+PC9mb250Pjxicj48YnI+PGI+UTroo73pgKDlubTjga/mjIflrprjgafjgY3jgb7jgZnjgYvvvJ88L2I+PGJyPjxmb250IGNvbG9yPSJvcmFuZ2UiPjxiPkE6PC9iPjwvZm9udD7jgYrlrqLmp5jjgbjjga7jgrXjg7zjg5Pjgrnjga7kuIDnkrDjgajjgZfjgabjgq/jg7zjg53jg7PjgpLjgZTnlKjmhI/oh7TjgZfjgb7jgZfjgZ/jgII8YnI+44Kv44O844Od44Oz44Go5LiA57eS44Gr44K/44Kk44Ok44KS44GU5rOo5paH44GE44Gf44Gg44GP44GT44Go44Gn44CB5a6J5b+D44GX44Gm5paw44GX44GE44K/44Kk44Ok44Gu44GK5bGK44GR44KS44GK5b6F44Gh5LiL44GV44GE44CCPGJyPjxicj48Yj5ROjHmnKzjga7kvqHmoLzjgafjgZnjgYvvvJ88L2I+PGJyPjxmb250IGNvbG9yPSJvcmFuZ2UiPjxiPkE6PC9iPjwvZm9udD7jga/jgYTjgILjgr/jgqTjg6Qx5pys44Gu5L6h5qC844Go44Gq44KK44G+44GZ44CCPGJyPjTmnKzjgZTms6jmlofjga7loLTlkIjjga/jgI7ooajnpLrkvqHmoLzDlzTjgI/jgavjgarjgorjgb7jgZnjgII8YnI+PGJyPjxiPlE644Ob44Kk44O844Or44Gv5LuY5bGe44GX44G+44GZ44GL77yfPC9iPjxicj48Zm9udCBjb2xvcj0ib3JhbmdlIj48Yj5BOjwvYj48L2ZvbnQ+6KGo56S65L6h5qC844Gv5paw5ZOB44K/44Kk44OkMeacrOOBruS+oeagvOOBqOOBquOCiuOAgeODm+OCpOODvOODq+OBr+S7mOWxnuOBl+OBvuOBm+OCk+OAgjxicj7jg5vjgqTjg7zjg6vjgpLjgZTluIzmnJvjga7jgYrlrqLmp5jjgavjga/liKXpgJTjgYropovnqY3jgoLjgorjgpLjgYTjgZ/jgZfjgb7jgZnjga7jgafjgIHou4rnqK7jgIHlubTlvI/jgIHlnovlvI/jgIHjgr/jgqTjg6TjgrXjgqTjgrrjgpLoqJjovInjga7kuIrjgIHjgYrllY/jgYTlkIjjgo/jgZvjgY/jgaDjgZXjgYTjgb7jgZvjgII8YnI+PGJyPjxiPlE65LuK6aC844KT44Gg44KJ44GE44Gk5bGK44GN44G+44GZ44GL77yfPC9iPjxicj48Zm9udCBjb2xvcj0ib3JhbmdlIj48Yj5BOjwvYj48L2ZvbnQ+5rG65riI44GM56K66KqN44Gn44GN44KM44Gw44CB44GU5rOo5paH5pel44GL44KJMuWWtualreaXpeS7peWGheOBq+e0hDkwJeOBruOBlOazqOaWh+OBruWVhuWTgeOCkueZuumAgeOBp+OBjeOBpuOBhOOBvuOBmeOAgjxicj7mrovjgorjga7ntIQ4JeOBrzEw5Za25qWt5pel5Lul5YaF44CB5qyg5ZOB44Gn57SN5pyf44Gu55uu5Yem44GM56uL44Gf44Ga44Gr44GK5bGK44GR44Gn44GN44Gq44GE44KC44Gu44GvMiXlvLHjgajjgarjgaPjgabjgYrjgorjgb7jgZnjgII8YnI+PGJyPjxiPlE66YCB5paZ44Gv44GE44GP44KJ44Gn44GZ44GL77yfPC9iPjxicj48Zm9udCBjb2xvcj0ib3JhbmdlIj48Yj5BOjwvYj48L2ZvbnQ+5b+F6KaB5pys5pWw44Gr5b+c44GY44Gf5paZ6YeR6KGo44GM44GU44GW44GE44G+44GZ44Gu44Gn44CB44Gd44Gh44KJ44KS44GU56K66KqN5LiL44GV44GE44CCPGJyPjxicj48Yj5ROueojui+vOOBv+OBp+OBmeOBi++8nzwvYj48YnI+PGZvbnQgY29sb3I9Im9yYW5nZSI+PGI+QTo8L2I+PC9mb250Pueojui+vOS+oeagvOOBp+ihqOekuuOBl+OBpuOBiuOCiuOBvuOBmeOAgjxicj7lhoXnqI7jgafjgZnjga7jgafjgIHlronlv4PjgZfjgabjgYrosrfjgYTmsYLjgoHkuIvjgZXjgYTjgII8L3A+PHA+PGI+4oC744GK5bGK44GR44Gr6Zai44GX44GmPC9iPjxicj7jgZTms6jmlofjgpLpoILjgY/luqbjgavjg6Hjg7zjgqvjg7zjgojjgorlj5bjgorlr4TjgZvjgpLjgZfjgb7jgZnjgII8YnI+44Gd44Gu54K644GU5rOo5paH44GL44KJMu+9njPml6Xjgbvjganjgaflh7rojbflj6/og73jgafjgZnjgII8YnI+44G+44Gf44CB44Oh44O844Kr44O844Gr44GK44GE44Gm5Zyo5bqr5YiH44KM44Gu5aC05ZCI44Gv55m66YCB44G+44Gn44GrMu+9njPml6Xku6XkuIrjga7jgYrmmYLplpPpoILjgY/loLTlkIjjgYzjgZTjgZbjgYTjgb7jgZnjgII8YnI+6Kqg44Gr5oGQ44KM5YWl44KK44G+44GZ44GM44CB44GK5oCl44GO44Gu5aC05ZCI44Gv44GU5rOo5paH5YmN44Gu5Zyo5bqr56K66KqN44KS44GK6aGY44GE55Sz44GX5LiK44GS44G+44GZ44CCPC9wPjxwPjxpbWcgc3JjPSJodHRwOi8vd3d3LnJha3V0ZW4ubmUuanAvZ29sZC9zdHlsZW1hcmtldC93cC1jb250ZW50L3RoZW1lcy9zdHlsZW1hcmtldC9pbWFnZXMvc2hvcC9kZXRhaWxfaWNvbl9wYWNrX29rLmdpZiIgYWx0PSLlkIzmorHlj68iPjxpbWcgc3JjPSJodHRwOi8vd3d3LnJha3V0ZW4ubmUuanAvZ29sZC9zdHlsZW1hcmtldC93cC1jb250ZW50L3RoZW1lcy9zdHlsZW1hcmtldC9pbWFnZXMvc2hvcC9kZXRhaWxfaWNvbl9naWZ0X25nLmdpZiIgYWx0PSLjg6njg4Pjg5Tjg7PjgrDkuI3lj68iPjxpbWcgc3JjPSJodHRwOi8vd3d3LnJha3V0ZW4ubmUuanAvZ29sZC9zdHlsZW1hcmtldC93cC1jb250ZW50L3RoZW1lcy9zdHlsZW1hcmtldC9pbWFnZXMvc2hvcC9kZXRhaWxfaWNvbl96YWlrb19vci5naWYiIGFsdD0i44Oh44O844Kr44O85Y+W5a+EIj48aW1nIHNyYz0iaHR0cDovL3d3dy5yYWt1dGVuLm5lLmpwL2dvbGQvc3R5bGVtYXJrZXQvd3AtY29udGVudC90aGVtZXMvc3R5bGVtYXJrZXQvaW1hZ2VzL3Nob3AvZGV0YWlsX2ljb25fc2l0ZWlfbmcuZ2lmIiBhbHQ9IuaXpeaZguaMh+WumuWkieWLleOBguOCiiI+PGltZyBzcmM9Imh0dHA6Ly93d3cucmFrdXRlbi5uZS5qcC9nb2xkL3N0eWxlbWFya2V0L3dwLWNvbnRlbnQvdGhlbWVzL3N0eWxlbWFya2V0L2ltYWdlcy9zaG9wL2RldGFpbF9pY29uX3BheW1lbnRfYmFuay5naWYiIGFsdD0i6YqA6KGM5oyv6L68Ij48aW1nIHNyYz0iaHR0cDovL3d3dy5yYWt1dGVuLm5lLmpwL2dvbGQvc3R5bGVtYXJrZXQvd3AtY29udGVudC90aGVtZXMvc3R5bGVtYXJrZXQvaW1hZ2VzL3Nob3AvZGV0YWlsX2ljb25fcGF5bWVudF9kYWliaWtpLmdpZiIgYWx0PSLku6Pph5HlvJXmj5siPjxpbWcgc3JjPSJodHRwOi8vd3d3LnJha3V0ZW4ubmUuanAvZ29sZC9zdHlsZW1hcmtldC93cC1jb250ZW50L3RoZW1lcy9zdHlsZW1hcmtldC9pbWFnZXMvc2hvcC9kZXRhaWxfaWNvbl9zb3VyeW91X3NwLmdpZiIgYWx0PSLnibnmrorpgIHmlpkiPjxicj48aW1nIHNyYz0iaHR0cDovL3d3dy5yYWt1dGVuLm5lLmpwL2dvbGQvc3R5bGVtYXJrZXQvd3AtY29udGVudC90aGVtZXMvc3R5bGVtYXJrZXQvaW1hZ2VzL3Nob3AvZGV0YWlsX2ljb25feWFqaXJ1c2kuZ2lmIj7jgqLjgqTjgrPjg7Pjga7oqqzmmI7jga/jgZPjgaHjgok8L3A+,44K544K/44OD44OJ44Os44K544K/44Kk44OkIOODluODquODguOCueODiOODsyBCTElaWkFLIFJGVCAyMDUvNjBSRjE2IDkyUSBSRlTvvJrjgrnjgr/jgqTjg6vjg57jg7zjgrHjg4Pjg4jjgIDmpb3lpKnluILloLTlupc=,5r+A5a6J44K/44Kk44Ok5Lit5Y+k44Kr44O855So5ZOB44Kr44O844OR44O844OE44Kr44O844OK44OT44Ky44O844K344On44Oz5a6J44GEQ0FS44Kr44O844Kq44O844OH44Kj44Kq6LuK44Ki44Km44OI44Os44OD44OI44Ob44Kk44Or44K544OG44OD44OX44Ov44K044Oz44K344O844OI44Kr44OQ44O844K544K/44OD44OJ44Os44K544OY44Or44Oh44OD44OI6LKp5aOy44Oe44OV44Op44O844K144K544Oa44Oz44K344On44Oz44Kq44O844OI44Ko44Ki44Ot44OR44O844OE44K544K/44OD44OJ44Os44K544K/44Kk44OkIOODluODquODguOCueODiOODsyBCTElaWkFLIFJGVCAyMDUvNjBSRjE2IDkyUSBSRlQ=,44CQMjA1LzYwUjE2IDkyUeOAkeOAguOCueOCv+ODg+ODieODrOOCueOCv+OCpOODpCDjg5bjg6rjg4Ljgrnjg4jjg7MgQkxJWlpBSyBSRlQgMjA1LzYwUkYxNiA5MlEgUkZU[rn]
34-95840,aHR0cDovL3RzaG9wLnIxMHMuanAvc3R5bGVtYXJrZXQvY2FiaW5ldC9tYW5hZ2VkL2ltZzEyLzEyNTA1LmpwZz9maXRpbj03MDA6NzAw,MTQxMzYuMDAwMA==,,6LuK55So5ZOB44O744OQ44Kk44Kv55So5ZOBID4g44Kr44O855So5ZOBID4g44K544K/44OD44OJ44Os44K544K/44Kk44Ok,44K544K/44OD44OJ44Os44K544K/44Kk44OkIOODluODquODguOCueODiOODsyBCTElaWkFLIFc5NjkgNy4wMFIxNiAxMFBS,44CQNy4wMFIxNiAxMFBS44CR,PHA+PGltZyBzcmM9Imh0dHA6Ly93d3cucmFrdXRlbi5uZS5qcC9nb2xkL3N0eWxlbWFya2V0L3dwLWNvbnRlbnQvdGhlbWVzL3N0eWxlbWFya2V0L2ltYWdlcy9zaG9wL3Jha3V0ZW5fZGV0YWlsX3RpcmVjb3Vwb25fZGV0YWlsLmpwZyI+PC9wPjxwPjxpbWcgc3JjPSJodHRwOi8vaW1hZ2UucmFrdXRlbi5jby5qcC9zdHlsZW1hcmtldC9jYWJpbmV0L21hbmFnZWQvaW1nMTIvMTI1MDUuanBnIj48YnI+PGltZyBzcmM9Imh0dHA6Ly9pbWFnZS5yYWt1dGVuLmNvLmpwL3N0eWxlbWFya2V0L2NhYmluZXQvbWFuYWdlZC9pbWcxMi8xMjUwNi5qcGciPjwvcD48c3Ryb25nIGNsYXNzPSJiZy1vcmFuZ2VsaW5lIj7llYblk4HoqqzmmI48L3N0cm9uZz48cD48Yj7jg5Pjgrjjg43jgrnjgpLmlK/jgYjjgovjgIzlirnjgY3jgI3jgajjgIzlirnjgY3jgYzplbfmjIHjgaHjgI3jgILjgZPjgozjgYzjgIHmlrBMVOWwgueUqOODoeOCrOeZuuegsuOCtOODoOWKueaenOOAgjwvYj48YnI+5pawTFTlsILnlKjjg6HjgqznmbrnoLLjgrTjg6DjgpLmjqHnlKjjgZfjgIHmsLfkuIrmgKfog73jgpLjgZXjgonjgavlvLfljJbvvIE8YnI+5bCC55So5oqA6KGTM0TjgrPjg7Pjg5Pjg43jg7zjgrfjg6fjg7PjgrXjgqTjg5fjgII8L3A+PHN0cm9uZyBjbGFzcz0iYmctb3JhbmdlbGluZSI+6KO95ZOB5LuV5qeYPC9zdHJvbmc+PHA+44Oh44O844Kr44O877yaQlJJREdFU1RPTkXvvIjjg5bjg6rjg4Ljgrnjg4jjg7PvvIk8YnI+44OR44K/44O844Oz77yaQkxJWlpBSyBXOTY577yI44OW44Oq44K244OD44KvIOODgOODluODquODpeOCreODpeODvOODreOCr+OCreODpeODvO+8iTxicj7jgrXjgqTjgrrvvJo3LjAwUjE2IDEwUFLvvIjjg4Hjg6Xjg7zjg5bjgr/jgqTjg5fvvIk8L3A+PHN0cm9uZyBjbGFzcz0iYmctb3JhbmdlbGluZSI+44K544K/44OD44OV44Kz44Oh44Oz44OIPC9zdHJvbmc+PHA+5bCP5Z6L44OI44Op44OD44Kv44O744OQ44K555So44Gr6Kit6KiI44GV44KM44Gf44K544K/44OD44OJ44Os44K544K/44Kk44Ok44Gn44GZ44CCPC9wPjxzdHJvbmcgY2xhc3M9ImJnLW9yYW5nZWxpbmUiPuOBneOBruS7ljwvc3Ryb25nPjxwPjxmb250IGNvbG9yPSJvcmFuZ2UiPjxiPuOBiuWuouanmOOCiOOCiuOBk+OCk+OBquOBiuWVj+OBhOWQiOOCj+OBm+OCkuOBhOOBn+OBoOOBjeOBvuOBl+OBnzwvYj48L2ZvbnQ+PGJyPjxicj48Yj5ROuijvemAoOW5tOOBr+aMh+WumuOBp+OBjeOBvuOBmeOBi++8nzwvYj48YnI+PGZvbnQgY29sb3I9Im9yYW5nZSI+PGI+QTo8L2I+PC9mb250PuOBiuWuouanmOOBuOOBruOCteODvOODk+OCueOBruS4gOeSsOOBqOOBl+OBpuOCr+ODvOODneODs+OCkuOBlOeUqOaEj+iHtOOBl+OBvuOBl+OBn+OAgjxicj7jgq/jg7zjg53jg7PjgajkuIDnt5Ljgavjgr/jgqTjg6TjgpLjgZTms6jmlofjgYTjgZ/jgaDjgY/jgZPjgajjgafjgIHlronlv4PjgZfjgabmlrDjgZfjgYTjgr/jgqTjg6Tjga7jgYrlsYrjgZHjgpLjgYrlvoXjgaHkuIvjgZXjgYTjgII8YnI+PGJyPjxiPlE6MeacrOOBruS+oeagvOOBp+OBmeOBi++8nzwvYj48YnI+PGZvbnQgY29sb3I9Im9yYW5nZSI+PGI+QTo8L2I+PC9mb250PuOBr+OBhOOAguOCv+OCpOODpDHmnKzjga7kvqHmoLzjgajjgarjgorjgb7jgZnjgII8YnI+NOacrOOBlOazqOaWh+OBruWgtOWQiOOBr+OAjuihqOekuuS+oeagvMOXNOOAj+OBq+OBquOCiuOBvuOBmeOAgjxicj48YnI+PGI+UTrjg5vjgqTjg7zjg6vjga/ku5jlsZ7jgZfjgb7jgZnjgYvvvJ88L2I+PGJyPjxmb250IGNvbG9yPSJvcmFuZ2UiPjxiPkE6PC9iPjwvZm9udD7ooajnpLrkvqHmoLzjga/mlrDlk4Hjgr/jgqTjg6Qx5pys44Gu5L6h5qC844Go44Gq44KK44CB44Ob44Kk44O844Or44Gv5LuY5bGe44GX44G+44Gb44KT44CCPGJyPuODm+OCpOODvOODq+OCkuOBlOW4jOacm+OBruOBiuWuouanmOOBq+OBr+WIpemAlOOBiuimi+epjeOCguOCiuOCkuOBhOOBn+OBl+OBvuOBmeOBruOBp+OAgei7iueoruOAgeW5tOW8j+OAgeWei+W8j+OAgeOCv+OCpOODpOOCteOCpOOCuuOCkuiomOi8ieOBruS4iuOAgeOBiuWVj+OBhOWQiOOCj+OBm+OBj+OBoOOBleOBhOOBvuOBm+OAgjxicj48YnI+PGI+UTrku4rpoLzjgpPjgaDjgonjgYTjgaTlsYrjgY3jgb7jgZnjgYvvvJ88L2I+PGJyPjxmb250IGNvbG9yPSJvcmFuZ2UiPjxiPkE6PC9iPjwvZm9udD7msbrmuIjjgYznorroqo3jgafjgY3jgozjgbDjgIHjgZTms6jmlofml6XjgYvjgoky5Za25qWt5pel5Lul5YaF44Gr57SEOTAl44Gu44GU5rOo5paH44Gu5ZWG5ZOB44KS55m66YCB44Gn44GN44Gm44GE44G+44GZ44CCPGJyPuaui+OCiuOBrue0hDgl44GvMTDllrbmpa3ml6Xku6XlhoXjgIHmrKDlk4HjgafntI3mnJ/jga7nm67lh6bjgYznq4vjgZ/jgZrjgavjgYrlsYrjgZHjgafjgY3jgarjgYTjgoLjga7jga8yJeW8seOBqOOBquOBo+OBpuOBiuOCiuOBvuOBmeOAgjxicj48YnI+PGI+UTrpgIHmlpnjga/jgYTjgY/jgonjgafjgZnjgYvvvJ88L2I+PGJyPjxmb250IGNvbG9yPSJvcmFuZ2UiPjxiPkE6PC9iPjwvZm9udD7lv4XopoHmnKzmlbDjgavlv5zjgZjjgZ/mlpnph5HooajjgYzjgZTjgZbjgYTjgb7jgZnjga7jgafjgIHjgZ3jgaHjgonjgpLjgZTnorroqo3kuIvjgZXjgYTjgII8YnI+PGJyPjxiPlE656iO6L6844G/44Gn44GZ44GL77yfPC9iPjxicj48Zm9udCBjb2xvcj0ib3JhbmdlIj48Yj5BOjwvYj48L2ZvbnQ+56iO6L685L6h5qC844Gn6KGo56S644GX44Gm44GK44KK44G+44GZ44CCPGJyPuWGheeojuOBp+OBmeOBruOBp+OAgeWuieW/g+OBl+OBpuOBiuiyt+OBhOaxguOCgeS4i+OBleOBhOOAgjwvcD48cD48aW1nIHNyYz0iaHR0cDovL3d3dy5yYWt1dGVuLm5lLmpwL2dvbGQvc3R5bGVtYXJrZXQvd3AtY29udGVudC90aGVtZXMvc3R5bGVtYXJrZXQvaW1hZ2VzL3Nob3AvZGV0YWlsX2ljb25fcGFja19vay5naWYiIGFsdD0i5ZCM5qKx5Y+vIj48aW1nIHNyYz0iaHR0cDovL3d3dy5yYWt1dGVuLm5lLmpwL2dvbGQvc3R5bGVtYXJrZXQvd3AtY29udGVudC90aGVtZXMvc3R5bGVtYXJrZXQvaW1hZ2VzL3Nob3AvZGV0YWlsX2ljb25fZ2lmdF9uZy5naWYiIGFsdD0i44Op44OD44OU44Oz44Kw5LiN5Y+vIj48aW1nIHNyYz0iaHR0cDovL3d3dy5yYWt1dGVuLm5lLmpwL2dvbGQvc3R5bGVtYXJrZXQvd3AtY29udGVudC90aGVtZXMvc3R5bGVtYXJrZXQvaW1hZ2VzL3Nob3AvZGV0YWlsX2ljb25femFpa29fb3IuZ2lmIiBhbHQ9IuODoeODvOOCq+ODvOWPluWvhCI+PGltZyBzcmM9Imh0dHA6Ly93d3cucmFrdXRlbi5uZS5qcC9nb2xkL3N0eWxlbWFya2V0L3dwLWNvbnRlbnQvdGhlbWVzL3N0eWxlbWFya2V0L2ltYWdlcy9zaG9wL2RldGFpbF9pY29uX3NpdGVpX25nLmdpZiIgYWx0PSLml6XmmYLmjIflrprlpInli5XjgYLjgooiPjxpbWcgc3JjPSJodHRwOi8vd3d3LnJha3V0ZW4ubmUuanAvZ29sZC9zdHlsZW1hcmtldC93cC1jb250ZW50L3RoZW1lcy9zdHlsZW1hcmtldC9pbWFnZXMvc2hvcC9kZXRhaWxfaWNvbl9wYXltZW50X2JhbmsuZ2lmIiBhbHQ9IumKgOihjOaMr+i+vCI+PGltZyBzcmM9Imh0dHA6Ly93d3cucmFrdXRlbi5uZS5qcC9nb2xkL3N0eWxlbWFya2V0L3dwLWNvbnRlbnQvdGhlbWVzL3N0eWxlbWFya2V0L2ltYWdlcy9zaG9wL2RldGFpbF9pY29uX3BheW1lbnRfZGFpYmlraS5naWYiIGFsdD0i5Luj6YeR5byV5o+bIj48aW1nIHNyYz0iaHR0cDovL3d3dy5yYWt1dGVuLm5lLmpwL2dvbGQvc3R5bGVtYXJrZXQvd3AtY29udGVudC90aGVtZXMvc3R5bGVtYXJrZXQvaW1hZ2VzL3Nob3AvZGV0YWlsX2ljb25fc291cnlvdV9zcC5naWYiIGFsdD0i54m55q6K6YCB5paZIj48YnI+PGltZyBzcmM9Imh0dHA6Ly93d3cucmFrdXRlbi5uZS5qcC9nb2xkL3N0eWxlbWFya2V0L3dwLWNvbnRlbnQvdGhlbWVzL3N0eWxlbWFya2V0L2ltYWdlcy9zaG9wL2RldGFpbF9pY29uX3lhamlydXNpLmdpZiI+44Ki44Kk44Kz44Oz44Gu6Kqs5piO44Gv44GT44Gh44KJPC9wPg==,44K544K/44OD44OJ44Os44K544K/44Kk44OkIOODluODquODguOCueODiOODsyBCTElaWkFLIFc5NjkgNy4wMFIxNiAxMFBS77ya44K544K/44Kk44Or44Oe44O844Kx44OD44OI44CA5qW95aSp5biC5aC05bqX,5r+A5a6J44K/44Kk44Ok5Lit5Y+k44Kr44O855So5ZOB44Kr44O844OR44O844OE44Kr44O844OK44OT44Ky44O844K344On44Oz5a6J44GEQ0FS44Kr44O844Kq44O844OH44Kj44Kq6LuK44Ki44Km44OI44Os44OD44OI44Ob44Kk44Or44K544OG44OD44OX44Ov44K044Oz44K344O844OI44Kr44OQ44O844K544K/44OD44OJ44Os44K544OY44Or44Oh44OD44OI6LKp5aOy44Oe44OV44Op44O844K144K544Oa44Oz44K344On44Oz44Kq44O844OI44Ko44Ki44Ot44OR44O844OE44K544K/44OD44OJ44Os44K544K/44Kk44OkIOODluODquODguOCueODiOODsyBCTElaWkFLIFc5NjkgNy4wMFIxNiAxMFBS,44CQNy4wMFIxNiAxMFBS44CR44CC44K544K/44OD44OJ44Os44K544K/44Kk44OkIOODluODquODguOCueODiOODsyBCTElaWkFLIFc5NjkgNy4wMFIxNiAxMFBS[rn]
34-95841,aHR0cDovL3RzaG9wLnIxMHMuanAvc3R5bGVtYXJrZXQvY2FiaW5ldC9tYW5hZ2VkL2ltZzEyLzEyNjMyLmpwZz9maXRpbj03MDA6NzAw,MTU2MjQuMDAwMA==,,6LuK55So5ZOB44O744OQ44Kk44Kv55So5ZOBID4g44Kr44O855So5ZOBID4g44K544K/44OD44OJ44Os44K544K/44Kk44Ok,44K544K/44OD44OJ44Os44K544K/44Kk44OkIOODgOODs+ODreODg+ODlyBXSU5URVIgTUFYWCBXTTAyIDIwNS82MFIxNiA5MlE=,44CQMjA1LzYwUjE2IDkyUeOAkQ==,PHA+PGltZyBzcmM9Imh0dHA6Ly93d3cucmFrdXRlbi5uZS5qcC9nb2xkL3N0eWxlbWFya2V0L3dwLWNvbnRlbnQvdGhlbWVzL3N0eWxlbWFya2V0L2ltYWdlcy9zaG9wL3Jha3V0ZW5fZGV0YWlsX3RpcmVjb3Vwb25fZGV0YWlsLmpwZyI+PC9wPjxwPjxpbWcgc3JjPSJodHRwOi8vaW1hZ2UucmFrdXRlbi5jby5qcC9zdHlsZW1hcmtldC9jYWJpbmV0L21hbmFnZWQvaW1nMTIvMTI2MzIuanBnIj48L3A+PHN0cm9uZyBjbGFzcz0iYmctb3JhbmdlbGluZSI+5ZWG5ZOB6Kqs5piOPC9zdHJvbmc+PHA+44K044Og44Gu5a+G552A5Yqb44KS6auY44KB44Gm5o6l5Zyw6Z2i56mN44KS5aKX5aSn44GZ44KL44CM6LaF5a+G552A44OK44Gu44OV44Kj44OD44OI44K044Og44CN44Go44CB44Ko44OD44K45oiQ5YiG44KS5aKX5Yqg44GX44Gf44CMTUFYWOOCsOODquODg+ODl+ODkeOCv+ODvOODs+OAjeOBruaOoeeUqOOBq+OCiOOCiuOAgeOAjOODgOODs+ODreODg+ODl+WPsuS4ik5vLjHjga7msLfkuIrmgKfog73jgI3jgpLlrp/nj77jgII8YnI+44GV44KJ44Gr44CB6YCy5YyW44GX44Gf44Kz44Oz44OR44Km44Oz44OJ5oqA6KGT44Gu6ZaL55m644Gr44KI44KK44CM5Yq544GN6ZW35oyB44Gh5oCn6IO944CN44Go44CM44Op44Kk44OV6ZW35oyB44Gh5oCn6IO944CN44KS6auY5qyh5YWD44Gn44OQ44Op44Oz44K544GV44Gb44Gf5LmX55So6LuK55So44OP44Kk44K544Oa44OD44Kv44O744K544K/44OD44OJ44Os44K544K/44Kk44Ok44CCPC9wPjxzdHJvbmcgY2xhc3M9ImJnLW9yYW5nZWxpbmUiPuijveWTgeS7leanmDwvc3Ryb25nPjxwPuODoeODvOOCq+ODvO+8mkRVTkxPUO+8iOODgOODs+ODreODg+ODl++8iTxicj7jg5Hjgr/jg7zjg7PvvJpXSU5URVIgTUFYWCBXTTAy77yI44Km44Kk44Oz44K/44O844Oe44OD44Kv44K5IOODgOODluODq+OCqOODoCDjgrzjg63jg4Tjg7zvvIk8YnI+44K144Kk44K677yaMjA1LzYwUjE2IDkyUTwvcD48c3Ryb25nIGNsYXNzPSJiZy1vcmFuZ2VsaW5lIj7jgrnjgr/jg4Pjg5XjgrPjg6Hjg7Pjg4g8L3N0cm9uZz48cD7jg4Djg7Pjg63jg4Pjg5flj7LkuIrmnIDpq5jlgpHkvZzjgrnjgr/jg4Pjg4njg6zjgrnjgII8L3A+PHN0cm9uZyBjbGFzcz0iYmctb3JhbmdlbGluZSI+44Gd44Gu5LuWPC9zdHJvbmc+PHA+PGZvbnQgY29sb3I9Im9yYW5nZSI+PGI+44GK5a6i5qeY44KI44KK44GT44KT44Gq44GK5ZWP44GE5ZCI44KP44Gb44KS44GE44Gf44Gg44GN44G+44GX44GfPC9iPjwvZm9udD48YnI+PGJyPjxiPlE66KO96YCg5bm044Gv5oyH5a6a44Gn44GN44G+44GZ44GL77yfPC9iPjxicj48Zm9udCBjb2xvcj0ib3JhbmdlIj48Yj5BOjwvYj48L2ZvbnQ+44GK5a6i5qeY44G444Gu44K144O844OT44K544Gu5LiA55Kw44Go44GX44Gm44Kv44O844Od44Oz44KS44GU55So5oSP6Ie044GX44G+44GX44Gf44CCPGJyPuOCr+ODvOODneODs+OBqOS4gOe3kuOBq+OCv+OCpOODpOOCkuOBlOazqOaWh+OBhOOBn+OBoOOBj+OBk+OBqOOBp+OAgeWuieW/g+OBl+OBpuaWsOOBl+OBhOOCv+OCpOODpOOBruOBiuWxiuOBkeOCkuOBiuW+heOBoeS4i+OBleOBhOOAgjxicj48YnI+PGI+UTox5pys44Gu5L6h5qC844Gn44GZ44GL77yfPC9iPjxicj48Zm9udCBjb2xvcj0ib3JhbmdlIj48Yj5BOjwvYj48L2ZvbnQ+44Gv44GE44CC44K/44Kk44OkMeacrOOBruS+oeagvOOBqOOBquOCiuOBvuOBmeOAgjxicj405pys44GU5rOo5paH44Gu5aC05ZCI44Gv44CO6KGo56S65L6h5qC8w5c044CP44Gr44Gq44KK44G+44GZ44CCPGJyPjxicj48Yj5ROuODm+OCpOODvOODq+OBr+S7mOWxnuOBl+OBvuOBmeOBi++8nzwvYj48YnI+PGZvbnQgY29sb3I9Im9yYW5nZSI+PGI+QTo8L2I+PC9mb250PuihqOekuuS+oeagvOOBr+aWsOWTgeOCv+OCpOODpDHmnKzjga7kvqHmoLzjgajjgarjgorjgIHjg5vjgqTjg7zjg6vjga/ku5jlsZ7jgZfjgb7jgZvjgpPjgII8YnI+44Ob44Kk44O844Or44KS44GU5biM5pyb44Gu44GK5a6i5qeY44Gr44Gv5Yil6YCU44GK6KaL56mN44KC44KK44KS44GE44Gf44GX44G+44GZ44Gu44Gn44CB6LuK56iu44CB5bm05byP44CB5Z6L5byP44CB44K/44Kk44Ok44K144Kk44K644KS6KiY6LyJ44Gu5LiK44CB44GK5ZWP44GE5ZCI44KP44Gb44GP44Gg44GV44GE44G+44Gb44CCPGJyPjxicj48Yj5ROuS7iumgvOOCk+OBoOOCieOBhOOBpOWxiuOBjeOBvuOBmeOBi++8nzwvYj48YnI+PGZvbnQgY29sb3I9Im9yYW5nZSI+PGI+QTo8L2I+PC9mb250Puaxuua4iOOBjOeiuuiqjeOBp+OBjeOCjOOBsOOAgeOBlOazqOaWh+aXpeOBi+OCiTLllrbmpa3ml6Xku6XlhoXjgavntIQ5MCXjga7jgZTms6jmlofjga7llYblk4HjgpLnmbrpgIHjgafjgY3jgabjgYTjgb7jgZnjgII8YnI+5q6L44KK44Gu57SEOCXjga8xMOWWtualreaXpeS7peWGheOAgeasoOWTgeOBp+e0jeacn+OBruebruWHpuOBjOeri+OBn+OBmuOBq+OBiuWxiuOBkeOBp+OBjeOBquOBhOOCguOBruOBrzIl5byx44Go44Gq44Gj44Gm44GK44KK44G+44GZ44CCPGJyPjxicj48Yj5ROumAgeaWmeOBr+OBhOOBj+OCieOBp+OBmeOBi++8nzwvYj48YnI+PGZvbnQgY29sb3I9Im9yYW5nZSI+PGI+QTo8L2I+PC9mb250PuW/heimgeacrOaVsOOBq+W/nOOBmOOBn+aWmemHkeihqOOBjOOBlOOBluOBhOOBvuOBmeOBruOBp+OAgeOBneOBoeOCieOCkuOBlOeiuuiqjeS4i+OBleOBhOOAgjxicj48YnI+PGI+UTrnqI7ovrzjgb/jgafjgZnjgYvvvJ88L2I+PGJyPjxmb250IGNvbG9yPSJvcmFuZ2UiPjxiPkE6PC9iPjwvZm9udD7nqI7ovrzkvqHmoLzjgafooajnpLrjgZfjgabjgYrjgorjgb7jgZnjgII8YnI+5YaF56iO44Gn44GZ44Gu44Gn44CB5a6J5b+D44GX44Gm44GK6LK344GE5rGC44KB5LiL44GV44GE44CCPC9wPjxwPjxiPuKAu+OBiuWxiuOBkeOBq+mWouOBl+OBpjwvYj48YnI+44GU5rOo5paH44KS6aCC44GP5bqm44Gr44Oh44O844Kr44O844KI44KK5Y+W44KK5a+E44Gb44KS44GX44G+44GZ44CCPGJyPuOBneOBrueCuuOBlOazqOaWh+OBi+OCiTLvvZ4z5pel44G744Gp44Gn5Ye66I235Y+v6IO944Gn44GZ44CCPGJyPuOBvuOBn+OAgeODoeODvOOCq+ODvOOBq+OBiuOBhOOBpuWcqOW6q+WIh+OCjOOBruWgtOWQiOOBr+eZuumAgeOBvuOBp+OBqzLvvZ4z5pel5Lul5LiK44Gu44GK5pmC6ZaT6aCC44GP5aC05ZCI44GM44GU44GW44GE44G+44GZ44CCPGJyPuiqoOOBq+aBkOOCjOWFpeOCiuOBvuOBmeOBjOOAgeOBiuaApeOBjuOBruWgtOWQiOOBr+OBlOazqOaWh+WJjeOBruWcqOW6q+eiuuiqjeOCkuOBiumhmOOBhOeUs+OBl+S4iuOBkuOBvuOBmeOAgjwvcD48cD48aW1nIHNyYz0iaHR0cDovL3d3dy5yYWt1dGVuLm5lLmpwL2dvbGQvc3R5bGVtYXJrZXQvd3AtY29udGVudC90aGVtZXMvc3R5bGVtYXJrZXQvaW1hZ2VzL3Nob3AvZGV0YWlsX2ljb25fcGFja19vay5naWYiIGFsdD0i5ZCM5qKx5Y+vIj48aW1nIHNyYz0iaHR0cDovL3d3dy5yYWt1dGVuLm5lLmpwL2dvbGQvc3R5bGVtYXJrZXQvd3AtY29udGVudC90aGVtZXMvc3R5bGVtYXJrZXQvaW1hZ2VzL3Nob3AvZGV0YWlsX2ljb25fZ2lmdF9uZy5naWYiIGFsdD0i44Op44OD44OU44Oz44Kw5LiN5Y+vIj48aW1nIHNyYz0iaHR0cDovL3d3dy5yYWt1dGVuLm5lLmpwL2dvbGQvc3R5bGVtYXJrZXQvd3AtY29udGVudC90aGVtZXMvc3R5bGVtYXJrZXQvaW1hZ2VzL3Nob3AvZGV0YWlsX2ljb25femFpa29fb3IuZ2lmIiBhbHQ9IuODoeODvOOCq+ODvOWPluWvhCI+PGltZyBzcmM9Imh0dHA6Ly93d3cucmFrdXRlbi5uZS5qcC9nb2xkL3N0eWxlbWFya2V0L3dwLWNvbnRlbnQvdGhlbWVzL3N0eWxlbWFya2V0L2ltYWdlcy9zaG9wL2RldGFpbF9pY29uX3NpdGVpX25nLmdpZiIgYWx0PSLml6XmmYLmjIflrprlpInli5XjgYLjgooiPjxpbWcgc3JjPSJodHRwOi8vd3d3LnJha3V0ZW4ubmUuanAvZ29sZC9zdHlsZW1hcmtldC93cC1jb250ZW50L3RoZW1lcy9zdHlsZW1hcmtldC9pbWFnZXMvc2hvcC9kZXRhaWxfaWNvbl9wYXltZW50X2JhbmsuZ2lmIiBhbHQ9IumKgOihjOaMr+i+vCI+PGltZyBzcmM9Imh0dHA6Ly93d3cucmFrdXRlbi5uZS5qcC9nb2xkL3N0eWxlbWFya2V0L3dwLWNvbnRlbnQvdGhlbWVzL3N0eWxlbWFya2V0L2ltYWdlcy9zaG9wL2RldGFpbF9pY29uX3BheW1lbnRfZGFpYmlraS5naWYiIGFsdD0i5Luj6YeR5byV5o+bIj48aW1nIHNyYz0iaHR0cDovL3d3dy5yYWt1dGVuLm5lLmpwL2dvbGQvc3R5bGVtYXJrZXQvd3AtY29udGVudC90aGVtZXMvc3R5bGVtYXJrZXQvaW1hZ2VzL3Nob3AvZGV0YWlsX2ljb25fc291cnlvdV9zcC5naWYiIGFsdD0i54m55q6K6YCB5paZIj48YnI+PGltZyBzcmM9Imh0dHA6Ly93d3cucmFrdXRlbi5uZS5qcC9nb2xkL3N0eWxlbWFya2V0L3dwLWNvbnRlbnQvdGhlbWVzL3N0eWxlbWFya2V0L2ltYWdlcy9zaG9wL2RldGFpbF9pY29uX3lhamlydXNpLmdpZiI+44Ki44Kk44Kz44Oz44Gu6Kqs5piO44Gv44GT44Gh44KJPC9wPg==,44K544K/44OD44OJ44Os44K544K/44Kk44OkIOODgOODs+ODreODg+ODlyBXSU5URVIgTUFYWCBXTTAyIDIwNS82MFIxNiA5MlHvvJrjgrnjgr/jgqTjg6vjg57jg7zjgrHjg4Pjg4jjgIDmpb3lpKnluILloLTlupc=,5r+A5a6J44K/44Kk44Ok5Lit5Y+k44Kr44O855So5ZOB44Kr44O844OR44O844OE44Kr44O844OK44OT44Ky44O844K344On44Oz5a6J44GEQ0FS44Kr44O844Kq44O844OH44Kj44Kq6LuK44Ki44Km44OI44Os44OD44OI44Ob44Kk44Or44K544OG44OD44OX44Ov44K044Oz44K344O844OI44Kr44OQ44O844K544K/44OD44OJ44Os44K544OY44Or44Oh44OD44OI6LKp5aOy44Oe44OV44Op44O844K144K544Oa44Oz44K344On44Oz44Kq44O844OI44Ko44Ki44Ot44OR44O844OE44K544K/44OD44OJ44Os44K544K/44Kk44OkIOODgOODs+ODreODg+ODlyBXSU5URVIgTUFYWCBXTTAyIDIwNS82MFIxNiA5MlE=,44CQMjA1LzYwUjE2IDkyUeOAkeOAguOCueOCv+ODg+ODieODrOOCueOCv+OCpOODpCDjg4Djg7Pjg63jg4Pjg5cgV0lOVEVSIE1BWFggV00wMiAyMDUvNjBSMTYgOTJR[rn]
34-95842,aHR0cDovL3RzaG9wLnIxMHMuanAvc3R5bGVtYXJrZXQvY2FiaW5ldC9tYW5hZ2VkL2ltZzEyLzEyNDczLmpwZz9maXRpbj03MDA6NzAw,MjE3NjAuMDAwMA==,,6LuK55So5ZOB44O744OQ44Kk44Kv55So5ZOBID4g44Kr44O855So5ZOBID4g44K544K/44OD44OJ44Os44K544K/44Kk44Ok,44K544K/44OD44OJ44Os44K544K/44Kk44OkIOODluODquODguOCueODiOODsyBCTElaWkFLIFZSWCAyMDUvNTVSMTYgOTFR,44CQMjA1LzU1UjE2IDkxUeOAkQ==,PHA+PGltZyBzcmM9Imh0dHA6Ly93d3cucmFrdXRlbi5uZS5qcC9nb2xkL3N0eWxlbWFya2V0L3dwLWNvbnRlbnQvdGhlbWVzL3N0eWxlbWFya2V0L2ltYWdlcy9zaG9wL3Jha3V0ZW5fZGV0YWlsX3RpcmVjb3Vwb25fZGV0YWlsLmpwZyI+PC9wPjxwPjxpbWcgc3JjPSJodHRwOi8vaW1hZ2UucmFrdXRlbi5jby5qcC9zdHlsZW1hcmtldC9jYWJpbmV0L21hbmFnZWQvaW1nMTIvMTI0NzMuanBnIj48L3A+PHN0cm9uZyBjbGFzcz0iYmctb3JhbmdlbGluZSI+5ZWG5ZOB6Kqs5piOPC9zdHJvbmc+PHA+PGI+44OW44Oq44K244OD44Kv5Y+y5LiK5pyA6auY44Gu5oCn6IO944KS6KqH44KL5paw5qyh5YWD44K544K/44OD44OJ44Os44K544CB5paw55m75aC044CCPC9iPjxicj7jg7vjgqLjgq/jg4bjgqPjg5bnmbrnoLLjgrTjg6DjgafmraLjgb7jgovjgII8YnI+6ama44GN44Gu5Yq544GN44Gu56eY5a+G44Gv44CB5paw6ZaL55m644Ki44Kv44OG44Kj44OW55m656Cy44K044Og44CCPGJyPuODu+aWsOmdnuWvvuensOODkeOCv+ODs+OBp+atouOBvuOCi+OAgjxicj7lvq7lsI/jgarlh7nlh7jjgavjgZfjgaPjgYvjgormjqXlnLDjgIHjg4jjg6zjg4Pjg4njg5Hjgr/jg7PjgILotbDooYzmgKfog73jgpLpq5jjgoHjgovjgIEzROODm+ODvOODq+ODieOCueOCr+ODqeODoOOCteOCpOODl+OAgjxicj7jg7vmlrDpnZ7lr77np7DjgrXjgqTjg4nlvaLnirbjgaflronlv4PmhJ9VUOOAgjxicj7mp5jjgIXjgarpm6rpgZPjgaflronlhajjgavjgIHjgbXjgonjgaTjgY3ou73muJvmgKfog73jgILjgrnjgr/jg4Pjg4njg6zjgrnjga7mnqDjgpLotoXjgYjjgovjgIHlhKrjgozjgZ/nkrDlooPmgKfog73jgII8L3A+PHN0cm9uZyBjbGFzcz0iYmctb3JhbmdlbGluZSI+6KO95ZOB5LuV5qeYPC9zdHJvbmc+PHA+44Oh44O844Kr44O877yaQlJJREdFU1RPTkXvvIjjg5bjg6rjg4Ljgrnjg4jjg7PvvIk8YnI+44OR44K/44O844Oz77yaQkxJWlpBSyBWUljvvIjjg5bjg6rjgrbjg4Pjgq8g44OW44Kk44Ki44O844Or44Ko44OD44Kv44K577yJPGJyPuOCteOCpOOCuu+8mjIwNS81NVIxNiA5MVE8L3A+PHN0cm9uZyBjbGFzcz0iYmctb3JhbmdlbGluZSI+44K544K/44OD44OV44Kz44Oh44Oz44OIPC9zdHJvbmc+PHA+5paw5qyh5YWD44Gu5q2i44G+44KK5pa544G444CCPC9wPjxzdHJvbmcgY2xhc3M9ImJnLW9yYW5nZWxpbmUiPuOBneOBruS7ljwvc3Ryb25nPjxwPjxmb250IGNvbG9yPSJvcmFuZ2UiPjxiPuOBiuWuouanmOOCiOOCiuOBk+OCk+OBquOBiuWVj+OBhOWQiOOCj+OBm+OCkuOBhOOBn+OBoOOBjeOBvuOBl+OBnzwvYj48L2ZvbnQ+PGJyPjxicj48Yj5ROuijvemAoOW5tOOBr+aMh+WumuOBp+OBjeOBvuOBmeOBi++8nzwvYj48YnI+PGZvbnQgY29sb3I9Im9yYW5nZSI+PGI+QTo8L2I+PC9mb250PuOBiuWuouanmOOBuOOBruOCteODvOODk+OCueOBruS4gOeSsOOBqOOBl+OBpuOCr+ODvOODneODs+OCkuOBlOeUqOaEj+iHtOOBl+OBvuOBl+OBn+OAgjxicj7jgq/jg7zjg53jg7PjgajkuIDnt5Ljgavjgr/jgqTjg6TjgpLjgZTms6jmlofjgYTjgZ/jgaDjgY/jgZPjgajjgafjgIHlronlv4PjgZfjgabmlrDjgZfjgYTjgr/jgqTjg6Tjga7jgYrlsYrjgZHjgpLjgYrlvoXjgaHkuIvjgZXjgYTjgII8YnI+PGJyPjxiPlE6MeacrOOBruS+oeagvOOBp+OBmeOBi++8nzwvYj48YnI+PGZvbnQgY29sb3I9Im9yYW5nZSI+PGI+QTo8L2I+PC9mb250PuOBr+OBhOOAguOCv+OCpOODpDHmnKzjga7kvqHmoLzjgajjgarjgorjgb7jgZnjgII8YnI+NOacrOOBlOazqOaWh+OBruWgtOWQiOOBr+OAjuihqOekuuS+oeagvMOXNOOAj+OBq+OBquOCiuOBvuOBmeOAgjxicj48YnI+PGI+UTrjg5vjgqTjg7zjg6vjga/ku5jlsZ7jgZfjgb7jgZnjgYvvvJ88L2I+PGJyPjxmb250IGNvbG9yPSJvcmFuZ2UiPjxiPkE6PC9iPjwvZm9udD7ooajnpLrkvqHmoLzjga/mlrDlk4Hjgr/jgqTjg6Qx5pys44Gu5L6h5qC844Go44Gq44KK44CB44Ob44Kk44O844Or44Gv5LuY5bGe44GX44G+44Gb44KT44CCPGJyPuODm+OCpOODvOODq+OCkuOBlOW4jOacm+OBruOBiuWuouanmOOBq+OBr+WIpemAlOOBiuimi+epjeOCguOCiuOCkuOBhOOBn+OBl+OBvuOBmeOBruOBp+OAgei7iueoruOAgeW5tOW8j+OAgeWei+W8j+OAgeOCv+OCpOODpOOCteOCpOOCuuOCkuiomOi8ieOBruS4iuOAgeOBiuWVj+OBhOWQiOOCj+OBm+OBj+OBoOOBleOBhOOBvuOBm+OAgjxicj48YnI+PGI+UTrku4rpoLzjgpPjgaDjgonjgYTjgaTlsYrjgY3jgb7jgZnjgYvvvJ88L2I+PGJyPjxmb250IGNvbG9yPSJvcmFuZ2UiPjxiPkE6PC9iPjwvZm9udD7msbrmuIjjgYznorroqo3jgafjgY3jgozjgbDjgIHjgZTms6jmlofml6XjgYvjgoky5Za25qWt5pel5Lul5YaF44Gr57SEOTAl44Gu44GU5rOo5paH44Gu5ZWG5ZOB44KS55m66YCB44Gn44GN44Gm44GE44G+44GZ44CCPGJyPuaui+OCiuOBrue0hDgl44GvMTDllrbmpa3ml6Xku6XlhoXjgIHmrKDlk4HjgafntI3mnJ/jga7nm67lh6bjgYznq4vjgZ/jgZrjgavjgYrlsYrjgZHjgafjgY3jgarjgYTjgoLjga7jga8yJeW8seOBqOOBquOBo+OBpuOBiuOCiuOBvuOBmeOAgjxicj48YnI+PGI+UTrpgIHmlpnjga/jgYTjgY/jgonjgafjgZnjgYvvvJ88L2I+PGJyPjxmb250IGNvbG9yPSJvcmFuZ2UiPjxiPkE6PC9iPjwvZm9udD7lv4XopoHmnKzmlbDjgavlv5zjgZjjgZ/mlpnph5HooajjgYzjgZTjgZbjgYTjgb7jgZnjga7jgafjgIHjgZ3jgaHjgonjgpLjgZTnorroqo3kuIvjgZXjgYTjgII8YnI+PGJyPjxiPlE656iO6L6844G/44Gn44GZ44GL77yfPC9iPjxicj48Zm9udCBjb2xvcj0ib3JhbmdlIj48Yj5BOjwvYj48L2ZvbnQ+56iO6L685L6h5qC844Gn6KGo56S644GX44Gm44GK44KK44G+44GZ44CCPGJyPuWGheeojuOBp+OBmeOBruOBp+OAgeWuieW/g+OBl+OBpuOBiuiyt+OBhOaxguOCgeS4i+OBleOBhOOAgjwvcD48cD48Yj7igLvjgYrlsYrjgZHjgavplqLjgZfjgaY8L2I+PGJyPuOBlOazqOaWh+OCkumgguOBj+W6puOBq+ODoeODvOOCq+ODvOOCiOOCiuWPluOCiuWvhOOBm+OCkuOBl+OBvuOBmeOAgjxicj7jgZ3jga7ngrrjgZTms6jmlofjgYvjgoky772eM+aXpeOBu+OBqeOBp+WHuuiNt+WPr+iDveOBp+OBmeOAgjxicj7jgb7jgZ/jgIHjg6Hjg7zjgqvjg7zjgavjgYrjgYTjgablnKjluqvliIfjgozjga7loLTlkIjjga/nmbrpgIHjgb7jgafjgasy772eM+aXpeS7peS4iuOBruOBiuaZgumWk+mgguOBj+WgtOWQiOOBjOOBlOOBluOBhOOBvuOBmeOAgjxicj7oqqDjgavmgZDjgozlhaXjgorjgb7jgZnjgYzjgIHjgYrmgKXjgY7jga7loLTlkIjjga/jgZTms6jmlofliY3jga7lnKjluqvnorroqo3jgpLjgYrpoZjjgYTnlLPjgZfkuIrjgZLjgb7jgZnjgII8L3A+PHA+PGltZyBzcmM9Imh0dHA6Ly93d3cucmFrdXRlbi5uZS5qcC9nb2xkL3N0eWxlbWFya2V0L3dwLWNvbnRlbnQvdGhlbWVzL3N0eWxlbWFya2V0L2ltYWdlcy9zaG9wL2RldGFpbF9pY29uX3BhY2tfb2suZ2lmIiBhbHQ9IuWQjOaiseWPryI+PGltZyBzcmM9Imh0dHA6Ly93d3cucmFrdXRlbi5uZS5qcC9nb2xkL3N0eWxlbWFya2V0L3dwLWNvbnRlbnQvdGhlbWVzL3N0eWxlbWFya2V0L2ltYWdlcy9zaG9wL2RldGFpbF9pY29uX2dpZnRfbmcuZ2lmIiBhbHQ9IuODqeODg+ODlOODs+OCsOS4jeWPryI+PGltZyBzcmM9Imh0dHA6Ly93d3cucmFrdXRlbi5uZS5qcC9nb2xkL3N0eWxlbWFya2V0L3dwLWNvbnRlbnQvdGhlbWVzL3N0eWxlbWFya2V0L2ltYWdlcy9zaG9wL2RldGFpbF9pY29uX3phaWtvX29yLmdpZiIgYWx0PSLjg6Hjg7zjgqvjg7zlj5blr4QiPjxpbWcgc3JjPSJodHRwOi8vd3d3LnJha3V0ZW4ubmUuanAvZ29sZC9zdHlsZW1hcmtldC93cC1jb250ZW50L3RoZW1lcy9zdHlsZW1hcmtldC9pbWFnZXMvc2hvcC9kZXRhaWxfaWNvbl9zaXRlaV9uZy5naWYiIGFsdD0i5pel5pmC5oyH5a6a5aSJ5YuV44GC44KKIj48aW1nIHNyYz0iaHR0cDovL3d3dy5yYWt1dGVuLm5lLmpwL2dvbGQvc3R5bGVtYXJrZXQvd3AtY29udGVudC90aGVtZXMvc3R5bGVtYXJrZXQvaW1hZ2VzL3Nob3AvZGV0YWlsX2ljb25fcGF5bWVudF9iYW5rLmdpZiIgYWx0PSLpioDooYzmjK/ovrwiPjxpbWcgc3JjPSJodHRwOi8vd3d3LnJha3V0ZW4ubmUuanAvZ29sZC9zdHlsZW1hcmtldC93cC1jb250ZW50L3RoZW1lcy9zdHlsZW1hcmtldC9pbWFnZXMvc2hvcC9kZXRhaWxfaWNvbl9wYXltZW50X2RhaWJpa2kuZ2lmIiBhbHQ9IuS7o+mHkeW8leaPmyI+PGltZyBzcmM9Imh0dHA6Ly93d3cucmFrdXRlbi5uZS5qcC9nb2xkL3N0eWxlbWFya2V0L3dwLWNvbnRlbnQvdGhlbWVzL3N0eWxlbWFya2V0L2ltYWdlcy9zaG9wL2RldGFpbF9pY29uX3NvdXJ5b3Vfc3AuZ2lmIiBhbHQ9IueJueauiumAgeaWmSI+PGJyPjxpbWcgc3JjPSJodHRwOi8vd3d3LnJha3V0ZW4ubmUuanAvZ29sZC9zdHlsZW1hcmtldC93cC1jb250ZW50L3RoZW1lcy9zdHlsZW1hcmtldC9pbWFnZXMvc2hvcC9kZXRhaWxfaWNvbl95YWppcnVzaS5naWYiPuOCouOCpOOCs+ODs+OBruiqrOaYjuOBr+OBk+OBoeOCiTwvcD4=,44K544K/44OD44OJ44Os44K544K/44Kk44OkIOODluODquODguOCueODiOODsyBCTElaWkFLIFZSWCAyMDUvNTVSMTYgOTFR77ya44K544K/44Kk44Or44Oe44O844Kx44OD44OI44CA5qW95aSp5biC5aC05bqX,5r+A5a6J44K/44Kk44Ok5Lit5Y+k44Kr44O855So5ZOB44Kr44O844OR44O844OE44Kr44O844OK44OT44Ky44O844K344On44Oz5a6J44GEQ0FS44Kr44O844Kq44O844OH44Kj44Kq6LuK44Ki44Km44OI44Os44OD44OI44Ob44Kk44Or44K544OG44OD44OX44Ov44K044Oz44K344O844OI44Kr44OQ44O844K544K/44OD44OJ44Os44K544OY44Or44Oh44OD44OI6LKp5aOy44Oe44OV44Op44O844K144K544Oa44Oz44K344On44Oz44Kq44O844OI44Ko44Ki44Ot44OR44O844OE44K544K/44OD44OJ44Os44K544K/44Kk44OkIOODluODquODguOCueODiOODsyBCTElaWkFLIFZSWCAyMDUvNTVSMTYgOTFR,44CQMjA1LzU1UjE2IDkxUeOAkeOAguOCueOCv+ODg+ODieODrOOCueOCv+OCpOODpCDjg5bjg6rjg4Ljgrnjg4jjg7MgQkxJWlpBSyBWUlggMjA1LzU1UjE2IDkxUQ==[rn]
34-95843,aHR0cDovL3RzaG9wLnIxMHMuanAvc3R5bGVtYXJrZXQvY2FiaW5ldC9tYW5hZ2VkL2ltZzEyLzEyNTA1LmpwZz9maXRpbj03MDA6NzAw,MTY4NDAuMDAwMA==,,6LuK55So5ZOB44O744OQ44Kk44Kv55So5ZOBID4g44Kr44O855So5ZOBID4g44K544K/44OD44OJ44Os44K544K/44Kk44Ok,44K544K/44OD44OJ44Os44K544K/44Kk44OkIOODluODquODguOCueODiOODsyBCTElaWkFLIFc5NjkgMjA1Lzc1UjE2IDExMy8xMTFM,44CQMjA1Lzc1UjE2IDExMy8xMTFM44CR,PHA+PGltZyBzcmM9Imh0dHA6Ly93d3cucmFrdXRlbi5uZS5qcC9nb2xkL3N0eWxlbWFya2V0L3dwLWNvbnRlbnQvdGhlbWVzL3N0eWxlbWFya2V0L2ltYWdlcy9zaG9wL3Jha3V0ZW5fZGV0YWlsX3RpcmVjb3Vwb25fZGV0YWlsLmpwZyI+PC9wPjxwPjxpbWcgc3JjPSJodHRwOi8vaW1hZ2UucmFrdXRlbi5jby5qcC9zdHlsZW1hcmtldC9jYWJpbmV0L21hbmFnZWQvaW1nMTIvMTI1MDUuanBnIj48YnI+PGltZyBzcmM9Imh0dHA6Ly9pbWFnZS5yYWt1dGVuLmNvLmpwL3N0eWxlbWFya2V0L2NhYmluZXQvbWFuYWdlZC9pbWcxMi8xMjUwNi5qcGciPjwvcD48c3Ryb25nIGNsYXNzPSJiZy1vcmFuZ2VsaW5lIj7llYblk4HoqqzmmI48L3N0cm9uZz48cD48Yj7jg5Pjgrjjg43jgrnjgpLmlK/jgYjjgovjgIzlirnjgY3jgI3jgajjgIzlirnjgY3jgYzplbfmjIHjgaHjgI3jgILjgZPjgozjgYzjgIHmlrBMVOWwgueUqOODoeOCrOeZuuegsuOCtOODoOWKueaenOOAgjwvYj48YnI+5pawTFTlsILnlKjjg6HjgqznmbrnoLLjgrTjg6DjgpLmjqHnlKjjgZfjgIHmsLfkuIrmgKfog73jgpLjgZXjgonjgavlvLfljJbvvIE8YnI+5bCC55So5oqA6KGTM0TjgrPjg7Pjg5Pjg43jg7zjgrfjg6fjg7PjgrXjgqTjg5fjgII8L3A+PHN0cm9uZyBjbGFzcz0iYmctb3JhbmdlbGluZSI+6KO95ZOB5LuV5qeYPC9zdHJvbmc+PHA+44Oh44O844Kr44O877yaQlJJREdFU1RPTkXvvIjjg5bjg6rjg4Ljgrnjg4jjg7PvvIk8YnI+44OR44K/44O844Oz77yaQkxJWlpBSyBXOTY577yI44OW44Oq44K244OD44KvIOODgOODluODquODpeOCreODpeODvOODreOCr+OCreODpeODvO+8iTxicj7jgrXjgqTjgrrvvJoyMDUvNzVSMTYgMTEzLzExMUzvvIjjg4Hjg6Xjg7zjg5bjg6zjgrnjgr/jgqTjg5fvvIk8L3A+PHN0cm9uZyBjbGFzcz0iYmctb3JhbmdlbGluZSI+44K544K/44OD44OV44Kz44Oh44Oz44OIPC9zdHJvbmc+PHA+5bCP5Z6L44OI44Op44OD44Kv44O744OQ44K555So44Gr6Kit6KiI44GV44KM44Gf44K544K/44OD44OJ44Os44K544K/44Kk44Ok44Gn44GZ44CCPC9wPjxzdHJvbmcgY2xhc3M9ImJnLW9yYW5nZWxpbmUiPuOBneOBruS7ljwvc3Ryb25nPjxwPjxmb250IGNvbG9yPSJvcmFuZ2UiPjxiPuOBiuWuouanmOOCiOOCiuOBk+OCk+OBquOBiuWVj+OBhOWQiOOCj+OBm+OCkuOBhOOBn+OBoOOBjeOBvuOBl+OBnzwvYj48L2ZvbnQ+PGJyPjxicj48Yj5ROuijvemAoOW5tOOBr+aMh+WumuOBp+OBjeOBvuOBmeOBi++8nzwvYj48YnI+PGZvbnQgY29sb3I9Im9yYW5nZSI+PGI+QTo8L2I+PC9mb250PuOBiuWuouanmOOBuOOBruOCteODvOODk+OCueOBruS4gOeSsOOBqOOBl+OBpuOCr+ODvOODneODs+OCkuOBlOeUqOaEj+iHtOOBl+OBvuOBl+OBn+OAgjxicj7jgq/jg7zjg53jg7PjgajkuIDnt5Ljgavjgr/jgqTjg6TjgpLjgZTms6jmlofjgYTjgZ/jgaDjgY/jgZPjgajjgafjgIHlronlv4PjgZfjgabmlrDjgZfjgYTjgr/jgqTjg6Tjga7jgYrlsYrjgZHjgpLjgYrlvoXjgaHkuIvjgZXjgYTjgII8YnI+PGJyPjxiPlE6MeacrOOBruS+oeagvOOBp+OBmeOBi++8nzwvYj48YnI+PGZvbnQgY29sb3I9Im9yYW5nZSI+PGI+QTo8L2I+PC9mb250PuOBr+OBhOOAguOCv+OCpOODpDHmnKzjga7kvqHmoLzjgajjgarjgorjgb7jgZnjgII8YnI+NOacrOOBlOazqOaWh+OBruWgtOWQiOOBr+OAjuihqOekuuS+oeagvMOXNOOAj+OBq+OBquOCiuOBvuOBmeOAgjxicj48YnI+PGI+UTrjg5vjgqTjg7zjg6vjga/ku5jlsZ7jgZfjgb7jgZnjgYvvvJ88L2I+PGJyPjxmb250IGNvbG9yPSJvcmFuZ2UiPjxiPkE6PC9iPjwvZm9udD7ooajnpLrkvqHmoLzjga/mlrDlk4Hjgr/jgqTjg6Qx5pys44Gu5L6h5qC844Go44Gq44KK44CB44Ob44Kk44O844Or44Gv5LuY5bGe44GX44G+44Gb44KT44CCPGJyPuODm+OCpOODvOODq+OCkuOBlOW4jOacm+OBruOBiuWuouanmOOBq+OBr+WIpemAlOOBiuimi+epjeOCguOCiuOCkuOBhOOBn+OBl+OBvuOBmeOBruOBp+OAgei7iueoruOAgeW5tOW8j+OAgeWei+W8j+OAgeOCv+OCpOODpOOCteOCpOOCuuOCkuiomOi8ieOBruS4iuOAgeOBiuWVj+OBhOWQiOOCj+OBm+OBj+OBoOOBleOBhOOBvuOBm+OAgjxicj48YnI+PGI+UTrku4rpoLzjgpPjgaDjgonjgYTjgaTlsYrjgY3jgb7jgZnjgYvvvJ88L2I+PGJyPjxmb250IGNvbG9yPSJvcmFuZ2UiPjxiPkE6PC9iPjwvZm9udD7msbrmuIjjgYznorroqo3jgafjgY3jgozjgbDjgIHjgZTms6jmlofml6XjgYvjgoky5Za25qWt5pel5Lul5YaF44Gr57SEOTAl44Gu44GU5rOo5paH44Gu5ZWG5ZOB44KS55m66YCB44Gn44GN44Gm44GE44G+44GZ44CCPGJyPuaui+OCiuOBrue0hDgl44GvMTDllrbmpa3ml6Xku6XlhoXjgIHmrKDlk4HjgafntI3mnJ/jga7nm67lh6bjgYznq4vjgZ/jgZrjgavjgYrlsYrjgZHjgafjgY3jgarjgYTjgoLjga7jga8yJeW8seOBqOOBquOBo+OBpuOBiuOCiuOBvuOBmeOAgjxicj48YnI+PGI+UTrpgIHmlpnjga/jgYTjgY/jgonjgafjgZnjgYvvvJ88L2I+PGJyPjxmb250IGNvbG9yPSJvcmFuZ2UiPjxiPkE6PC9iPjwvZm9udD7lv4XopoHmnKzmlbDjgavlv5zjgZjjgZ/mlpnph5HooajjgYzjgZTjgZbjgYTjgb7jgZnjga7jgafjgIHjgZ3jgaHjgonjgpLjgZTnorroqo3kuIvjgZXjgYTjgII8YnI+PGJyPjxiPlE656iO6L6844G/44Gn44GZ44GL77yfPC9iPjxicj48Zm9udCBjb2xvcj0ib3JhbmdlIj48Yj5BOjwvYj48L2ZvbnQ+56iO6L685L6h5qC844Gn6KGo56S644GX44Gm44GK44KK44G+44GZ44CCPGJyPuWGheeojuOBp+OBmeOBruOBp+OAgeWuieW/g+OBl+OBpuOBiuiyt+OBhOaxguOCgeS4i+OBleOBhOOAgjwvcD48cD48aW1nIHNyYz0iaHR0cDovL3d3dy5yYWt1dGVuLm5lLmpwL2dvbGQvc3R5bGVtYXJrZXQvd3AtY29udGVudC90aGVtZXMvc3R5bGVtYXJrZXQvaW1hZ2VzL3Nob3AvZGV0YWlsX2ljb25fcGFja19vay5naWYiIGFsdD0i5ZCM5qKx5Y+vIj48aW1nIHNyYz0iaHR0cDovL3d3dy5yYWt1dGVuLm5lLmpwL2dvbGQvc3R5bGVtYXJrZXQvd3AtY29udGVudC90aGVtZXMvc3R5bGVtYXJrZXQvaW1hZ2VzL3Nob3AvZGV0YWlsX2ljb25fZ2lmdF9uZy5naWYiIGFsdD0i44Op44OD44OU44Oz44Kw5LiN5Y+vIj48aW1nIHNyYz0iaHR0cDovL3d3dy5yYWt1dGVuLm5lLmpwL2dvbGQvc3R5bGVtYXJrZXQvd3AtY29udGVudC90aGVtZXMvc3R5bGVtYXJrZXQvaW1hZ2VzL3Nob3AvZGV0YWlsX2ljb25femFpa29fb3IuZ2lmIiBhbHQ9IuODoeODvOOCq+ODvOWPluWvhCI+PGltZyBzcmM9Imh0dHA6Ly93d3cucmFrdXRlbi5uZS5qcC9nb2xkL3N0eWxlbWFya2V0L3dwLWNvbnRlbnQvdGhlbWVzL3N0eWxlbWFya2V0L2ltYWdlcy9zaG9wL2RldGFpbF9pY29uX3NpdGVpX25nLmdpZiIgYWx0PSLml6XmmYLmjIflrprlpInli5XjgYLjgooiPjxpbWcgc3JjPSJodHRwOi8vd3d3LnJha3V0ZW4ubmUuanAvZ29sZC9zdHlsZW1hcmtldC93cC1jb250ZW50L3RoZW1lcy9zdHlsZW1hcmtldC9pbWFnZXMvc2hvcC9kZXRhaWxfaWNvbl9wYXltZW50X2JhbmsuZ2lmIiBhbHQ9IumKgOihjOaMr+i+vCI+PGltZyBzcmM9Imh0dHA6Ly93d3cucmFrdXRlbi5uZS5qcC9nb2xkL3N0eWxlbWFya2V0L3dwLWNvbnRlbnQvdGhlbWVzL3N0eWxlbWFya2V0L2ltYWdlcy9zaG9wL2RldGFpbF9pY29uX3BheW1lbnRfZGFpYmlraS5naWYiIGFsdD0i5Luj6YeR5byV5o+bIj48aW1nIHNyYz0iaHR0cDovL3d3dy5yYWt1dGVuLm5lLmpwL2dvbGQvc3R5bGVtYXJrZXQvd3AtY29udGVudC90aGVtZXMvc3R5bGVtYXJrZXQvaW1hZ2VzL3Nob3AvZGV0YWlsX2ljb25fc291cnlvdV9zcC5naWYiIGFsdD0i54m55q6K6YCB5paZIj48YnI+PGltZyBzcmM9Imh0dHA6Ly93d3cucmFrdXRlbi5uZS5qcC9nb2xkL3N0eWxlbWFya2V0L3dwLWNvbnRlbnQvdGhlbWVzL3N0eWxlbWFya2V0L2ltYWdlcy9zaG9wL2RldGFpbF9pY29uX3lhamlydXNpLmdpZiI+44Ki44Kk44Kz44Oz44Gu6Kqs5piO44Gv44GT44Gh44KJPC9wPg==,44K544K/44OD44OJ44Os44K544K/44Kk44OkIOODluODquODguOCueODiOODsyBCTElaWkFLIFc5NjkgMjA1Lzc1UjE2IDExMy8xMTFM77ya44K544K/44Kk44Or44Oe44O844Kx44OD44OI44CA5qW95aSp5biC5aC05bqX,5r+A5a6J44K/44Kk44Ok5Lit5Y+k44Kr44O855So5ZOB44Kr44O844OR44O844OE44Kr44O844OK44OT44Ky44O844K344On44Oz5a6J44GEQ0FS44Kr44O844Kq44O844OH44Kj44Kq6LuK44Ki44Km44OI44Os44OD44OI44Ob44Kk44Or44K544OG44OD44OX44Ov44K044Oz44K344O844OI44Kr44OQ44O844K544K/44OD44OJ44Os44K544OY44Or44Oh44OD44OI6LKp5aOy44Oe44OV44Op44O844K144K544Oa44Oz44K344On44Oz44Kq44O844OI44Ko44Ki44Ot44OR44O844OE44K544K/44OD44OJ44Os44K544K/44Kk44OkIOODluODquODguOCueODiOODsyBCTElaWkFLIFc5NjkgMjA1Lzc1UjE2IDExMy8xMTFM,44CQMjA1Lzc1UjE2IDExMy8xMTFM44CR44CC44K544K/44OD44OJ44Os44K544K/44Kk44OkIOODluODquODguOCueODiOODsyBCTElaWkFLIFc5NjkgMjA1Lzc1UjE2IDExMy8xMTFM[rn]
34-95844,aHR0cDovL3RzaG9wLnIxMHMuanAvc3R5bGVtYXJrZXQvY2FiaW5ldC9tYW5hZ2VkL2ltZzEyLzEyNjA1LmpwZz9maXRpbj03MDA6NzAw,MTI4MDAuMDAwMA==,,6LuK55So5ZOB44O744OQ44Kk44Kv55So5ZOBID4g44Kr44O855So5ZOBID4g44K544K/44OD44OJ44Os44K544K/44Kk44Ok,44K544K/44OD44OJ44Os44K544K/44Kk44OkIOODgOODs+ODreODg+ODlyBXSU5URVIgTUFYWCBMVDAzIDIwNS84NVIxNiAxMTcvMTE1TA==,44CQMjA1Lzg1UjE2IDExNy8xMTVM44CR,PHA+PGltZyBzcmM9Imh0dHA6Ly93d3cucmFrdXRlbi5uZS5qcC9nb2xkL3N0eWxlbWFya2V0L3dwLWNvbnRlbnQvdGhlbWVzL3N0eWxlbWFya2V0L2ltYWdlcy9zaG9wL3Jha3V0ZW5fZGV0YWlsX3RpcmVjb3Vwb25fZGV0YWlsLmpwZyI+PC9wPjxwPjxpbWcgc3JjPSJodHRwOi8vaW1hZ2UucmFrdXRlbi5jby5qcC9zdHlsZW1hcmtldC9jYWJpbmV0L21hbmFnZWQvaW1nMTIvMTI2MDUuanBnIj48L3A+PHN0cm9uZyBjbGFzcz0iYmctb3JhbmdlbGluZSI+5ZWG5ZOB6Kqs5piOPC9zdHJvbmc+PHA+PGI+TUFYWOOCt+ODo+ODvOODl+OCqOODg+OCuDwvYj48YnI+44OA44Oz44Ot44OD44OX54us6Ieq44Gu44K144Kk44OU44Oz44Kw5oqA6KGT44CM44Of44Km44Op5oqY44KK44K144Kk44OX44CN44Gu44K144Kk44OX5bmF44KS5b2T56S+5b6T5p2l5ZOB44KI44KKMjXvvIXntLDjgY/jgZfjgZ/jgIzmlrDjg5/jgqbjg6nmipjjgorjgrXjgqTjg5fjgI3jgavjgojjgorjgIHjg5bjg63jg4Pjgq/jga7lgJLjgozjgZPjgb/jgpLmipHliLbjgZfjgb7jgZnjgII8YnI+44G+44Gf44CB44K144Kk44OX44Gu5pWw44KC5aKX44KE44GZ44GT44Go44GM44Gn44GN44KL44Gf44KB44CB44K/44Kk44Ok5YWo5L2T44Gu44Ko44OD44K45oiQ5YiG44GM44Ki44OD44OX44GX44CB6Lev6Z2i44G444Gu5byV44Gj44GL44GN5Yq55p6c44KS6auY44KB5rC35LiK44OW44Os44O844Kt5oCn6IO944Go6ICQ5pGp6ICX5oCn6IO944GM5ZCR5LiK44GX44G+44GX44Gf44CCPGJyPjxiPuODiuODjuODleOCo+ODg+ODiOOCtOODoDwvYj48YnI+44OA44Oz44Ot44OD44OX54us6Ieq44Gu5paw5p2Q5paZ6ZaL55m65oqA6KGT44CMNEQgTkFOTyBERVNJR07vvIjjg5Xjgqnjg7zjg4fjgqPjg4rjg47jg4fjgrbjgqTjg7PvvInjgI3jgavjgojjgorjgIHjg4rjg47poJjln5/jgafjga7mn5Tou5/mgKfjgajjgIHjg57jgq/jg63poJjln5/jgafjga7liZvmgKfjgpLkuKHnq4vjgZfjgZ/jgIzjg4rjg47jg5XjgqPjg4Pjg4jjgrTjg6DjgI3jgpLplovnmbrjgZfjgb7jgZfjgZ/jgII8YnI+6Luf5YyW5Ymk44GM44K044Og5YaF6YOo44Gn44Kv44OD44K344On44Oz44Gu5b255Ymy44KS5p6c44Gf44GX44CB44OK44OO6aCY5Z+f44Gu5rC344Gu5Ye55Ye444Gr5p+U6Luf44Gr5aSJ5b2i44GX44CB5by344GP5a+G552A44GZ44KL44GT44Go44Gn44CB5rC35LiK44OW44Os44O844Kt5oCn6IO944Go6ICQ5pGp6ICX5oCn6IO944KS5ZCR5LiK44GV44Gb44Gm44GE44G+44GZ44CCPGJyPuOBvuOBn+OAgeOCt+ODquOCq+OBjOOCtOODoOWGhemDqOOBp+ODjeODg+ODiOODr+ODvOOCr+OCkuani+evieOBmeOCi+OBk+OBqOOBp+OAgeaUr+OBiOWQiOOBhOOAgeODnuOCr+ODremgmOWfn+OBruOCtOODoOOBruWJm+aAp+OCkumrmOOCgeOBpuOBhOOBvuOBmeOAgjxicj7jgZPjgozjgavjgojjgorjg5bjg63jg4Pjgq/jga7lgJLjgozjgZPjgb/jgpLmipHliLbjgZfjgIHjgIxNQVhY44K344Oj44O844OX44Ko44OD44K444CN44Gu5Yq55p6c44KS5pyA5aSn5YyW44GV44Gb44Gm44GE44G+44GZ44CCPGJyPjxiPuWwj+Wei+ODiOODqeODg+OCr+ODu+Wwj+Wei+ODkOOCueeUqOOAjOaWsOODkeOCv+ODvOODs+OAjTwvYj48YnI+5o6l5Zyw5Zyn44Gu6auY44GE44OI44Os44OD44OJ44K744Oz44K/44O86YOo44KS44Oq44OW5YyW44GZ44KL5bCP5Z6L44OI44Op44OD44Kv44O75bCP5Z6L44OQ44K555So44CM5paw44OR44K/44O844Oz44CN44KS5o6h55So44GZ44KL44GT44Go44Gr44KI44KK44K144Kk44OX5pWw44GM5aKX44GI44CB44Ko44OD44K45oiQ5YiG44GMMTjvvIXjgqLjg4Pjg5fjgZnjgovjgZPjgajjgafmsLfkuIrjg5bjg6zjg7zjgq3mgKfog73jgpLmm7Tjgavpq5jjgoHjgb7jgZfjgZ/jgII8L3A+PHN0cm9uZyBjbGFzcz0iYmctb3JhbmdlbGluZSI+6KO95ZOB5LuV5qeYPC9zdHJvbmc+PHA+44Oh44O844Kr44O877yaRFVOTE9Q77yI44OA44Oz44Ot44OD44OX77yJPGJyPuODkeOCv+ODvOODs++8mldJTlRFUiBNQVhYIExUMDPvvIjjgqbjgqTjg7Pjgr/jg7zjg57jg4Pjgq/jgrkg44Ko44Or44OG44Kj44O844K844Ot44K544Oq44O877yJPGJyPuOCteOCpOOCuu+8mjIwNS84NVIxNiAxMTcvMTE1TO+8iOODgeODpeODvOODluODrOOCueOCv+OCpOODl++8iTwvcD48c3Ryb25nIGNsYXNzPSJiZy1vcmFuZ2VsaW5lIj7jgrnjgr/jg4Pjg5XjgrPjg6Hjg7Pjg4g8L3N0cm9uZz48cD7mjqXlnLDpnaLnqY3jgpLlopflpKfjgZXjgZvjgovmlrDjg5/jgqbjg6nmipjjgorjgrXjgqTjg5fjga7jgIxNQVhY44K344Oj44O844OX44Ko44OD44K444CN44KE44CB44Oe44Kv44Ot6aCY5Z+f44Gn44Gu5Ymb5oCn44Go44OK44OO6aCY5Z+f44Gn44Gu5p+U6Luf5oCn44KS5Lih56uL44GX44Gf44CM44OK44OO44OV44Kj44OD44OI44K044Og44CN44Gq44Gp44GuV0lOVEVSIE1BWFjjga7mioDooZPjgpLmkK3ovInjgZnjgovjgZPjgajjgavjgojjgorjgIHpq5jjgYTmsLfkuIrjg5bjg6zjg7zjgq3mgKfog73jgajjg6njgqTjg5XmgKfog73jgpLkuKHnq4vjgZXjgZvjgZ/lsI/lnovjg4jjg6njg4Pjgq/jg7vlsI/lnovjg5DjgrnnlKjjgrnjgr/jg4Pjg4njg6zjgrnjgr/jgqTjg6TjgII8L3A+PHN0cm9uZyBjbGFzcz0iYmctb3JhbmdlbGluZSI+44Gd44Gu5LuWPC9zdHJvbmc+PHA+PGZvbnQgY29sb3I9Im9yYW5nZSI+PGI+44GK5a6i5qeY44KI44KK44GT44KT44Gq44GK5ZWP44GE5ZCI44KP44Gb44KS44GE44Gf44Gg44GN44G+44GX44GfPC9iPjwvZm9udD48YnI+PGJyPjxiPlE66KO96YCg5bm044Gv5oyH5a6a44Gn44GN44G+44GZ44GL77yfPC9iPjxicj48Zm9udCBjb2xvcj0ib3JhbmdlIj48Yj5BOjwvYj48L2ZvbnQ+44GK5a6i5qeY44G444Gu44K144O844OT44K544Gu5LiA55Kw44Go44GX44Gm44Kv44O844Od44Oz44KS44GU55So5oSP6Ie044GX44G+44GX44Gf44CCPGJyPuOCr+ODvOODneODs+OBqOS4gOe3kuOBq+OCv+OCpOODpOOCkuOBlOazqOaWh+OBhOOBn+OBoOOBj+OBk+OBqOOBp+OAgeWuieW/g+OBl+OBpuaWsOOBl+OBhOOCv+OCpOODpOOBruOBiuWxiuOBkeOCkuOBiuW+heOBoeS4i+OBleOBhOOAgjxicj48YnI+PGI+UTox5pys44Gu5L6h5qC844Gn44GZ44GL77yfPC9iPjxicj48Zm9udCBjb2xvcj0ib3JhbmdlIj48Yj5BOjwvYj48L2ZvbnQ+44Gv44GE44CC44K/44Kk44OkMeacrOOBruS+oeagvOOBqOOBquOCiuOBvuOBmeOAgjxicj405pys44GU5rOo5paH44Gu5aC05ZCI44Gv44CO6KGo56S65L6h5qC8w5c044CP44Gr44Gq44KK44G+44GZ44CCPGJyPjxicj48Yj5ROuODm+OCpOODvOODq+OBr+S7mOWxnuOBl+OBvuOBmeOBi++8nzwvYj48YnI+PGZvbnQgY29sb3I9Im9yYW5nZSI+PGI+QTo8L2I+PC9mb250PuihqOekuuS+oeagvOOBr+aWsOWTgeOCv+OCpOODpDHmnKzjga7kvqHmoLzjgajjgarjgorjgIHjg5vjgqTjg7zjg6vjga/ku5jlsZ7jgZfjgb7jgZvjgpPjgII8YnI+44Ob44Kk44O844Or44KS44GU5biM5pyb44Gu44GK5a6i5qeY44Gr44Gv5Yil6YCU44GK6KaL56mN44KC44KK44KS44GE44Gf44GX44G+44GZ44Gu44Gn44CB6LuK56iu44CB5bm05byP44CB5Z6L5byP44CB44K/44Kk44Ok44K144Kk44K644KS6KiY6LyJ44Gu5LiK44CB44GK5ZWP44GE5ZCI44KP44Gb44GP44Gg44GV44GE44G+44Gb44CCPGJyPjxicj48Yj5ROuS7iumgvOOCk+OBoOOCieOBhOOBpOWxiuOBjeOBvuOBmeOBi++8nzwvYj48YnI+PGZvbnQgY29sb3I9Im9yYW5nZSI+PGI+QTo8L2I+PC9mb250Puaxuua4iOOBjOeiuuiqjeOBp+OBjeOCjOOBsOOAgeOBlOazqOaWh+aXpeOBi+OCiTLllrbmpa3ml6Xku6XlhoXjgavntIQ5MCXjga7jgZTms6jmlofjga7llYblk4HjgpLnmbrpgIHjgafjgY3jgabjgYTjgb7jgZnjgII8YnI+5q6L44KK44Gu57SEOCXjga8xMOWWtualreaXpeS7peWGheOAgeasoOWTgeOBp+e0jeacn+OBruebruWHpuOBjOeri+OBn+OBmuOBq+OBiuWxiuOBkeOBp+OBjeOBquOBhOOCguOBruOBrzIl5byx44Go44Gq44Gj44Gm44GK44KK44G+44GZ44CCPGJyPjxicj48Yj5ROumAgeaWmeOBr+OBhOOBj+OCieOBp+OBmeOBi++8nzwvYj48YnI+PGZvbnQgY29sb3I9Im9yYW5nZSI+PGI+QTo8L2I+PC9mb250PuW/heimgeacrOaVsOOBq+W/nOOBmOOBn+aWmemHkeihqOOBjOOBlOOBluOBhOOBvuOBmeOBruOBp+OAgeOBneOBoeOCieOCkuOBlOeiuuiqjeS4i+OBleOBhOOAgjxicj48YnI+PGI+UTrnqI7ovrzjgb/jgafjgZnjgYvvvJ88L2I+PGJyPjxmb250IGNvbG9yPSJvcmFuZ2UiPjxiPkE6PC9iPjwvZm9udD7nqI7ovrzkvqHmoLzjgafooajnpLrjgZfjgabjgYrjgorjgb7jgZnjgII8YnI+5YaF56iO44Gn44GZ44Gu44Gn44CB5a6J5b+D44GX44Gm44GK6LK344GE5rGC44KB5LiL44GV44GE44CCPC9wPjxwPjxiPuKAu+OBiuWxiuOBkeOBq+mWouOBl+OBpjwvYj48YnI+44GU5rOo5paH44KS6aCC44GP5bqm44Gr44Oh44O844Kr44O844KI44KK5Y+W44KK5a+E44Gb44KS44GX44G+44GZ44CCPGJyPuOBneOBrueCuuOBlOazqOaWh+OBi+OCiTLvvZ4z5pel44G744Gp44Gn5Ye66I235Y+v6IO944Gn44GZ44CCPGJyPuOBvuOBn+OAgeODoeODvOOCq+ODvOOBq+OBiuOBhOOBpuWcqOW6q+WIh+OCjOOBruWgtOWQiOOBr+eZuumAgeOBvuOBp+OBqzLvvZ4z5pel5Lul5LiK44Gu44GK5pmC6ZaT6aCC44GP5aC05ZCI44GM44GU44GW44GE44G+44GZ44CCPGJyPuiqoOOBq+aBkOOCjOWFpeOCiuOBvuOBmeOBjOOAgeOBiuaApeOBjuOBruWgtOWQiOOBr+OBlOazqOaWh+WJjeOBruWcqOW6q+eiuuiqjeOCkuOBiumhmOOBhOeUs+OBl+S4iuOBkuOBvuOBmeOAgjwvcD48cD48aW1nIHNyYz0iaHR0cDovL3d3dy5yYWt1dGVuLm5lLmpwL2dvbGQvc3R5bGVtYXJrZXQvd3AtY29udGVudC90aGVtZXMvc3R5bGVtYXJrZXQvaW1hZ2VzL3Nob3AvZGV0YWlsX2ljb25fcGFja19vay5naWYiIGFsdD0i5ZCM5qKx5Y+vIj48aW1nIHNyYz0iaHR0cDovL3d3dy5yYWt1dGVuLm5lLmpwL2dvbGQvc3R5bGVtYXJrZXQvd3AtY29udGVudC90aGVtZXMvc3R5bGVtYXJrZXQvaW1hZ2VzL3Nob3AvZGV0YWlsX2ljb25fZ2lmdF9uZy5naWYiIGFsdD0i44Op44OD44OU44Oz44Kw5LiN5Y+vIj48aW1nIHNyYz0iaHR0cDovL3d3dy5yYWt1dGVuLm5lLmpwL2dvbGQvc3R5bGVtYXJrZXQvd3AtY29udGVudC90aGVtZXMvc3R5bGVtYXJrZXQvaW1hZ2VzL3Nob3AvZGV0YWlsX2ljb25femFpa29fb3IuZ2lmIiBhbHQ9IuODoeODvOOCq+ODvOWPluWvhCI+PGltZyBzcmM9Imh0dHA6Ly93d3cucmFrdXRlbi5uZS5qcC9nb2xkL3N0eWxlbWFya2V0L3dwLWNvbnRlbnQvdGhlbWVzL3N0eWxlbWFya2V0L2ltYWdlcy9zaG9wL2RldGFpbF9pY29uX3NpdGVpX25nLmdpZiIgYWx0PSLml6XmmYLmjIflrprlpInli5XjgYLjgooiPjxpbWcgc3JjPSJodHRwOi8vd3d3LnJha3V0ZW4ubmUuanAvZ29sZC9zdHlsZW1hcmtldC93cC1jb250ZW50L3RoZW1lcy9zdHlsZW1hcmtldC9pbWFnZXMvc2hvcC9kZXRhaWxfaWNvbl9wYXltZW50X2JhbmsuZ2lmIiBhbHQ9IumKgOihjOaMr+i+vCI+PGltZyBzcmM9Imh0dHA6Ly93d3cucmFrdXRlbi5uZS5qcC9nb2xkL3N0eWxlbWFya2V0L3dwLWNvbnRlbnQvdGhlbWVzL3N0eWxlbWFya2V0L2ltYWdlcy9zaG9wL2RldGFpbF9pY29uX3BheW1lbnRfZGFpYmlraS5naWYiIGFsdD0i5Luj6YeR5byV5o+bIj48aW1nIHNyYz0iaHR0cDovL3d3dy5yYWt1dGVuLm5lLmpwL2dvbGQvc3R5bGVtYXJrZXQvd3AtY29udGVudC90aGVtZXMvc3R5bGVtYXJrZXQvaW1hZ2VzL3Nob3AvZGV0YWlsX2ljb25fc291cnlvdV9zcC5naWYiIGFsdD0i54m55q6K6YCB5paZIj48YnI+PGltZyBzcmM9Imh0dHA6Ly93d3cucmFrdXRlbi5uZS5qcC9nb2xkL3N0eWxlbWFya2V0L3dwLWNvbnRlbnQvdGhlbWVzL3N0eWxlbWFya2V0L2ltYWdlcy9zaG9wL2RldGFpbF9pY29uX3lhamlydXNpLmdpZiI+44Ki44Kk44Kz44Oz44Gu6Kqs5piO44Gv44GT44Gh44KJPC9wPg==,44K544K/44OD44OJ44Os44K544K/44Kk44OkIOODgOODs+ODreODg+ODlyBXSU5URVIgTUFYWCBMVDAzIDIwNS84NVIxNiAxMTcvMTE1TO+8muOCueOCv+OCpOODq+ODnuODvOOCseODg+ODiOOAgOalveWkqeW4guWgtOW6lw==,5r+A5a6J44K/44Kk44Ok5Lit5Y+k44Kr44O855So5ZOB44Kr44O844OR44O844OE44Kr44O844OK44OT44Ky44O844K344On44Oz5a6J44GEQ0FS44Kr44O844Kq44O844OH44Kj44Kq6LuK44Ki44Km44OI44Os44OD44OI44Ob44Kk44Or44K544OG44OD44OX44Ov44K044Oz44K344O844OI44Kr44OQ44O844K544K/44OD44OJ44Os44K544OY44Or44Oh44OD44OI6LKp5aOy44Oe44OV44Op44O844K144K544Oa44Oz44K344On44Oz44Kq44O844OI44Ko44Ki44Ot44OR44O844OE44K544K/44OD44OJ44Os44K544K/44Kk44OkIOODgOODs+ODreODg+ODlyBXSU5URVIgTUFYWCBMVDAzIDIwNS84NVIxNiAxMTcvMTE1TA==,44CQMjA1Lzg1UjE2IDExNy8xMTVM44CR44CC44K544K/44OD44OJ44Os44K544K/44Kk44OkIOODgOODs+ODreODg+ODlyBXSU5URVIgTUFYWCBMVDAzIDIwNS84NVIxNiAxMTcvMTE1TA==[rn]
34-95845,aHR0cDovL3RzaG9wLnIxMHMuanAvc3R5bGVtYXJrZXQvY2FiaW5ldC9tYW5hZ2VkL2ltZzEyLzEyNjA3LmpwZz9maXRpbj03MDA6NzAw,MTY3ODQuMDAwMA==,,6LuK55So5ZOB44O744OQ44Kk44Kv55So5ZOBID4g44Kr44O855So5ZOBID4g44K544K/44OD44OJ44Os44K544K/44Kk44Ok,44K544K/44OD44OJ44Os44K544K/44Kk44OkIOODqOOCs+ODj+ODniBpY2UgR1VBUkQgNSBQTFVTIGlHNTBwbHVzIDIxNS81NVIxNiA5M1E=,44CQMjE1LzU1UjE2IDkzUeOAkQ==,PHA+PGltZyBzcmM9Imh0dHA6Ly93d3cucmFrdXRlbi5uZS5qcC9nb2xkL3N0eWxlbWFya2V0L3dwLWNvbnRlbnQvdGhlbWVzL3N0eWxlbWFya2V0L2ltYWdlcy9zaG9wL3Jha3V0ZW5fZGV0YWlsX3RpcmVjb3Vwb25fZGV0YWlsLmpwZyI+PC9wPjxwPjxpbWcgc3JjPSJodHRwOi8vaW1hZ2UucmFrdXRlbi5jby5qcC9zdHlsZW1hcmtldC9jYWJpbmV0L21hbmFnZWQvaW1nMTIvMTI2MDcuanBnIj48L3A+PHN0cm9uZyBjbGFzcz0iYmctb3JhbmdlbGluZSI+5ZWG5ZOB6Kqs5piOPC9zdHJvbmc+PHA+PGI+MS7msLfjgavlirnjgY88L2I+PGJyPumAsuWMluOBl+OBn+OAjOOCueODvOODkeODvOWQuOawtOOCtOODoOOAjeOBruaOoeeUqOOBp+OAgeawt+S4iuWItuWLleOBjDcl5ZCR5LiK44CCPGJyPjxiPjIu5rC444GP5Yq544GPPC9iPjxicj7jgZrjgaPjgajmn5TjgonjgYvjgYTjgYvjgonlirnjgY/jgILjgaDjgYvjgonmsLfkuIrmgKfog73jgYzjgIHmjIHntprjgZnjgovjgII8YnI+PGI+My7nh4PosrvjgavlirnjgY88L2I+PGJyPui7ouOBjOOCiuaKteaKl+OCkjcl5L2O5rib44CC77yI54eD6LK744Gu5pS55ZaE44Gr6LKi54yu77yJPGJyPjxiPjQu44GV44G+44GW44G+44Gq6Lev6Z2i44Gr5Yq544GPPC9iPjxicj7ljbHpmbrjgarlh43ntZDot6/pnaLjga/jgIHjgbLjgajjgaTjgZjjgoPjgarjgYTjgILlhqzjga7jgZXjgb7jgZbjgb7jgarot6/pnaLjgavlirnjgY/jgIHmuKnluqblr77lv5zmioDooZPjgII8L3A+PHN0cm9uZyBjbGFzcz0iYmctb3JhbmdlbGluZSI+6KO95ZOB5LuV5qeYPC9zdHJvbmc+PHA+44Oh44O844Kr44O877yaWU9LT0hBTUHvvIjjg6jjgrPjg4/jg57vvIk8YnI+44OR44K/44O844Oz77yaaWNlIEdVQVJEIDUgUExVUyBpRzUwcGx1c++8iOOCouOCpOOCueOCrOODvOODiSDjg5XjgqHjgqTjg5Yg44OX44Op44K5IOOCouOCpOOCuOODvOOCtOOCuOODpeOCpuODl+ODqeOCue+8iTxicj7jgrXjgqTjgrrvvJoyMTUvNTVSMTYgOTNRPC9wPjxzdHJvbmcgY2xhc3M9ImJnLW9yYW5nZWxpbmUiPuOCueOCv+ODg+ODleOCs+ODoeODs+ODiDwvc3Ryb25nPjxwPuOBiuWuouOBleOBvuOBruOAjOWuieW/g+OAjeOCkui/veaxguOBmeOCi+OBk+OBqOOAguWHjee1kOi3r+mdouOBp+OAgeOCguOBo+OBqOeiuuWun+OBq+atouOBvuOCi+OBk+OBqOOAgjwvcD48c3Ryb25nIGNsYXNzPSJiZy1vcmFuZ2VsaW5lIj7jgZ3jga7ku5Y8L3N0cm9uZz48cD48Zm9udCBjb2xvcj0ib3JhbmdlIj48Yj7jgYrlrqLmp5jjgojjgorjgZPjgpPjgarjgYrllY/jgYTlkIjjgo/jgZvjgpLjgYTjgZ/jgaDjgY3jgb7jgZfjgZ88L2I+PC9mb250Pjxicj48YnI+PGI+UTroo73pgKDlubTjga/mjIflrprjgafjgY3jgb7jgZnjgYvvvJ88L2I+PGJyPjxmb250IGNvbG9yPSJvcmFuZ2UiPjxiPkE6PC9iPjwvZm9udD7jgYrlrqLmp5jjgbjjga7jgrXjg7zjg5Pjgrnjga7kuIDnkrDjgajjgZfjgabjgq/jg7zjg53jg7PjgpLjgZTnlKjmhI/oh7TjgZfjgb7jgZfjgZ/jgII8YnI+44Kv44O844Od44Oz44Go5LiA57eS44Gr44K/44Kk44Ok44KS44GU5rOo5paH44GE44Gf44Gg44GP44GT44Go44Gn44CB5a6J5b+D44GX44Gm5paw44GX44GE44K/44Kk44Ok44Gu44GK5bGK44GR44KS44GK5b6F44Gh5LiL44GV44GE44CCPGJyPjxicj48Yj5ROjHmnKzjga7kvqHmoLzjgafjgZnjgYvvvJ88L2I+PGJyPjxmb250IGNvbG9yPSJvcmFuZ2UiPjxiPkE6PC9iPjwvZm9udD7jga/jgYTjgILjgr/jgqTjg6Qx5pys44Gu5L6h5qC844Go44Gq44KK44G+44GZ44CCPGJyPjTmnKzjgZTms6jmlofjga7loLTlkIjjga/jgI7ooajnpLrkvqHmoLzDlzTjgI/jgavjgarjgorjgb7jgZnjgII8YnI+PGJyPjxiPlE644Ob44Kk44O844Or44Gv5LuY5bGe44GX44G+44GZ44GL77yfPC9iPjxicj48Zm9udCBjb2xvcj0ib3JhbmdlIj48Yj5BOjwvYj48L2ZvbnQ+6KGo56S65L6h5qC844Gv5paw5ZOB44K/44Kk44OkMeacrOOBruS+oeagvOOBqOOBquOCiuOAgeODm+OCpOODvOODq+OBr+S7mOWxnuOBl+OBvuOBm+OCk+OAgjxicj7jg5vjgqTjg7zjg6vjgpLjgZTluIzmnJvjga7jgYrlrqLmp5jjgavjga/liKXpgJTjgYropovnqY3jgoLjgorjgpLjgYTjgZ/jgZfjgb7jgZnjga7jgafjgIHou4rnqK7jgIHlubTlvI/jgIHlnovlvI/jgIHjgr/jgqTjg6TjgrXjgqTjgrrjgpLoqJjovInjga7kuIrjgIHjgYrllY/jgYTlkIjjgo/jgZvjgY/jgaDjgZXjgYTjgb7jgZvjgII8YnI+PGJyPjxiPlE65LuK6aC844KT44Gg44KJ44GE44Gk5bGK44GN44G+44GZ44GL77yfPC9iPjxicj48Zm9udCBjb2xvcj0ib3JhbmdlIj48Yj5BOjwvYj48L2ZvbnQ+5rG65riI44GM56K66KqN44Gn44GN44KM44Gw44CB44GU5rOo5paH5pel44GL44KJMuWWtualreaXpeS7peWGheOBq+e0hDkwJeOBruOBlOazqOaWh+OBruWVhuWTgeOCkueZuumAgeOBp+OBjeOBpuOBhOOBvuOBmeOAgjxicj7mrovjgorjga7ntIQ4JeOBrzEw5Za25qWt5pel5Lul5YaF44CB5qyg5ZOB44Gn57SN5pyf44Gu55uu5Yem44GM56uL44Gf44Ga44Gr44GK5bGK44GR44Gn44GN44Gq44GE44KC44Gu44GvMiXlvLHjgajjgarjgaPjgabjgYrjgorjgb7jgZnjgII8YnI+PGJyPjxiPlE66YCB5paZ44Gv44GE44GP44KJ44Gn44GZ44GL77yfPC9iPjxicj48Zm9udCBjb2xvcj0ib3JhbmdlIj48Yj5BOjwvYj48L2ZvbnQ+5b+F6KaB5pys5pWw44Gr5b+c44GY44Gf5paZ6YeR6KGo44GM44GU44GW44GE44G+44GZ44Gu44Gn44CB44Gd44Gh44KJ44KS44GU56K66KqN5LiL44GV44GE44CCPGJyPjxicj48Yj5ROueojui+vOOBv+OBp+OBmeOBi++8nzwvYj48YnI+PGZvbnQgY29sb3I9Im9yYW5nZSI+PGI+QTo8L2I+PC9mb250Pueojui+vOS+oeagvOOBp+ihqOekuuOBl+OBpuOBiuOCiuOBvuOBmeOAgjxicj7lhoXnqI7jgafjgZnjga7jgafjgIHlronlv4PjgZfjgabjgYrosrfjgYTmsYLjgoHkuIvjgZXjgYTjgII8L3A+PHA+PGI+4oC744GK5bGK44GR44Gr6Zai44GX44GmPC9iPjxicj7jgZTms6jmlofjgpLpoILjgY/luqbjgavjg6Hjg7zjgqvjg7zjgojjgorlj5bjgorlr4TjgZvjgpLjgZfjgb7jgZnjgII8YnI+44Gd44Gu54K644GU5rOo5paH44GL44KJMu+9njPml6Xjgbvjganjgaflh7rojbflj6/og73jgafjgZnjgII8YnI+44G+44Gf44CB44Oh44O844Kr44O844Gr44GK44GE44Gm5Zyo5bqr5YiH44KM44Gu5aC05ZCI44Gv55m66YCB44G+44Gn44GrMu+9njPml6Xku6XkuIrjga7jgYrmmYLplpPpoILjgY/loLTlkIjjgYzjgZTjgZbjgYTjgb7jgZnjgII8YnI+6Kqg44Gr5oGQ44KM5YWl44KK44G+44GZ44GM44CB44GK5oCl44GO44Gu5aC05ZCI44Gv44GU5rOo5paH5YmN44Gu5Zyo5bqr56K66KqN44KS44GK6aGY44GE55Sz44GX5LiK44GS44G+44GZ44CCPC9wPjxwPjxpbWcgc3JjPSJodHRwOi8vd3d3LnJha3V0ZW4ubmUuanAvZ29sZC9zdHlsZW1hcmtldC93cC1jb250ZW50L3RoZW1lcy9zdHlsZW1hcmtldC9pbWFnZXMvc2hvcC9kZXRhaWxfaWNvbl9wYWNrX29rLmdpZiIgYWx0PSLlkIzmorHlj68iPjxpbWcgc3JjPSJodHRwOi8vd3d3LnJha3V0ZW4ubmUuanAvZ29sZC9zdHlsZW1hcmtldC93cC1jb250ZW50L3RoZW1lcy9zdHlsZW1hcmtldC9pbWFnZXMvc2hvcC9kZXRhaWxfaWNvbl9naWZ0X25nLmdpZiIgYWx0PSLjg6njg4Pjg5Tjg7PjgrDkuI3lj68iPjxpbWcgc3JjPSJodHRwOi8vd3d3LnJha3V0ZW4ubmUuanAvZ29sZC9zdHlsZW1hcmtldC93cC1jb250ZW50L3RoZW1lcy9zdHlsZW1hcmtldC9pbWFnZXMvc2hvcC9kZXRhaWxfaWNvbl96YWlrb19vci5naWYiIGFsdD0i44Oh44O844Kr44O85Y+W5a+EIj48aW1nIHNyYz0iaHR0cDovL3d3dy5yYWt1dGVuLm5lLmpwL2dvbGQvc3R5bGVtYXJrZXQvd3AtY29udGVudC90aGVtZXMvc3R5bGVtYXJrZXQvaW1hZ2VzL3Nob3AvZGV0YWlsX2ljb25fc2l0ZWlfbmcuZ2lmIiBhbHQ9IuaXpeaZguaMh+WumuWkieWLleOBguOCiiI+PGltZyBzcmM9Imh0dHA6Ly93d3cucmFrdXRlbi5uZS5qcC9nb2xkL3N0eWxlbWFya2V0L3dwLWNvbnRlbnQvdGhlbWVzL3N0eWxlbWFya2V0L2ltYWdlcy9zaG9wL2RldGFpbF9pY29uX3BheW1lbnRfYmFuay5naWYiIGFsdD0i6YqA6KGM5oyv6L68Ij48aW1nIHNyYz0iaHR0cDovL3d3dy5yYWt1dGVuLm5lLmpwL2dvbGQvc3R5bGVtYXJrZXQvd3AtY29udGVudC90aGVtZXMvc3R5bGVtYXJrZXQvaW1hZ2VzL3Nob3AvZGV0YWlsX2ljb25fcGF5bWVudF9kYWliaWtpLmdpZiIgYWx0PSLku6Pph5HlvJXmj5siPjxpbWcgc3JjPSJodHRwOi8vd3d3LnJha3V0ZW4ubmUuanAvZ29sZC9zdHlsZW1hcmtldC93cC1jb250ZW50L3RoZW1lcy9zdHlsZW1hcmtldC9pbWFnZXMvc2hvcC9kZXRhaWxfaWNvbl9zb3VyeW91X3NwLmdpZiIgYWx0PSLnibnmrorpgIHmlpkiPjxicj48aW1nIHNyYz0iaHR0cDovL3d3dy5yYWt1dGVuLm5lLmpwL2dvbGQvc3R5bGVtYXJrZXQvd3AtY29udGVudC90aGVtZXMvc3R5bGVtYXJrZXQvaW1hZ2VzL3Nob3AvZGV0YWlsX2ljb25feWFqaXJ1c2kuZ2lmIj7jgqLjgqTjgrPjg7Pjga7oqqzmmI7jga/jgZPjgaHjgok8L3A+,44K544K/44OD44OJ44Os44K544K/44Kk44OkIOODqOOCs+ODj+ODniBpY2UgR1VBUkQgNSBQTFVTIGlHNTBwbHVzIDIxNS81NVIxNiA5M1HvvJrjgrnjgr/jgqTjg6vjg57jg7zjgrHjg4Pjg4jjgIDmpb3lpKnluILloLTlupc=,5r+A5a6J44K/44Kk44Ok5Lit5Y+k44Kr44O855So5ZOB44Kr44O844OR44O844OE44Kr44O844OK44OT44Ky44O844K344On44Oz5a6J44GEQ0FS44Kr44O844Kq44O844OH44Kj44Kq6LuK44Ki44Km44OI44Os44OD44OI44Ob44Kk44Or44K544OG44OD44OX44Ov44K044Oz44K344O844OI44Kr44OQ44O844K544K/44OD44OJ44Os44K544OY44Or44Oh44OD44OI6LKp5aOy44Oe44OV44Op44O844K144K544Oa44Oz44K344On44Oz44Kq44O844OI44Ko44Ki44Ot44OR44O844OE44K544K/44OD44OJ44Os44K544K/44Kk44OkIOODqOOCs+ODj+ODniBpY2UgR1VBUkQgNSBQTFVTIGlHNTBwbHVzIDIxNS81NVIxNiA5M1E=,44CQMjE1LzU1UjE2IDkzUeOAkeOAguOCueOCv+ODg+ODieODrOOCueOCv+OCpOODpCDjg6jjgrPjg4/jg54gaWNlIEdVQVJEIDUgUExVUyBpRzUwcGx1cyAyMTUvNTVSMTYgOTNR[rn]
34-95846,aHR0cDovL3RzaG9wLnIxMHMuanAvc3R5bGVtYXJrZXQvY2FiaW5ldC9tYW5hZ2VkL2ltZzEyLzEyNTA1LmpwZz9maXRpbj03MDA6NzAw,MTQ5NjguMDAwMA==,,6LuK55So5ZOB44O744OQ44Kk44Kv55So5ZOBID4g44Kr44O855So5ZOBID4g44K544K/44OD44OJ44Os44K544K/44Kk44Ok,44K544K/44OD44OJ44Os44K544K/44Kk44OkIOODluODquODguOCueODiOODsyBCTElaWkFLIFc5NjkgNy41MFIxNiAxMFBS,44CQNy41MFIxNiAxMFBS44CR,PHA+PGltZyBzcmM9Imh0dHA6Ly93d3cucmFrdXRlbi5uZS5qcC9nb2xkL3N0eWxlbWFya2V0L3dwLWNvbnRlbnQvdGhlbWVzL3N0eWxlbWFya2V0L2ltYWdlcy9zaG9wL3Jha3V0ZW5fZGV0YWlsX3RpcmVjb3Vwb25fZGV0YWlsLmpwZyI+PC9wPjxwPjxpbWcgc3JjPSJodHRwOi8vaW1hZ2UucmFrdXRlbi5jby5qcC9zdHlsZW1hcmtldC9jYWJpbmV0L21hbmFnZWQvaW1nMTIvMTI1MDUuanBnIj48YnI+PGltZyBzcmM9Imh0dHA6Ly9pbWFnZS5yYWt1dGVuLmNvLmpwL3N0eWxlbWFya2V0L2NhYmluZXQvbWFuYWdlZC9pbWcxMi8xMjUwNi5qcGciPjwvcD48c3Ryb25nIGNsYXNzPSJiZy1vcmFuZ2VsaW5lIj7llYblk4HoqqzmmI48L3N0cm9uZz48cD48Yj7jg5Pjgrjjg43jgrnjgpLmlK/jgYjjgovjgIzlirnjgY3jgI3jgajjgIzlirnjgY3jgYzplbfmjIHjgaHjgI3jgILjgZPjgozjgYzjgIHmlrBMVOWwgueUqOODoeOCrOeZuuegsuOCtOODoOWKueaenOOAgjwvYj48YnI+5pawTFTlsILnlKjjg6HjgqznmbrnoLLjgrTjg6DjgpLmjqHnlKjjgZfjgIHmsLfkuIrmgKfog73jgpLjgZXjgonjgavlvLfljJbvvIE8YnI+5bCC55So5oqA6KGTM0TjgrPjg7Pjg5Pjg43jg7zjgrfjg6fjg7PjgrXjgqTjg5fjgII8L3A+PHN0cm9uZyBjbGFzcz0iYmctb3JhbmdlbGluZSI+6KO95ZOB5LuV5qeYPC9zdHJvbmc+PHA+44Oh44O844Kr44O877yaQlJJREdFU1RPTkXvvIjjg5bjg6rjg4Ljgrnjg4jjg7PvvIk8YnI+44OR44K/44O844Oz77yaQkxJWlpBSyBXOTY577yI44OW44Oq44K244OD44KvIOODgOODluODquODpeOCreODpeODvOODreOCr+OCreODpeODvO+8iTxicj7jgrXjgqTjgrrvvJo3LjUwUjE2IDEwUFLvvIjjg4Hjg6Xjg7zjg5bjgr/jgqTjg5fvvIk8L3A+PHN0cm9uZyBjbGFzcz0iYmctb3JhbmdlbGluZSI+44K544K/44OD44OV44Kz44Oh44Oz44OIPC9zdHJvbmc+PHA+5bCP5Z6L44OI44Op44OD44Kv44O744OQ44K555So44Gr6Kit6KiI44GV44KM44Gf44K544K/44OD44OJ44Os44K544K/44Kk44Ok44Gn44GZ44CCPC9wPjxzdHJvbmcgY2xhc3M9ImJnLW9yYW5nZWxpbmUiPuOBneOBruS7ljwvc3Ryb25nPjxwPjxmb250IGNvbG9yPSJvcmFuZ2UiPjxiPuOBiuWuouanmOOCiOOCiuOBk+OCk+OBquOBiuWVj+OBhOWQiOOCj+OBm+OCkuOBhOOBn+OBoOOBjeOBvuOBl+OBnzwvYj48L2ZvbnQ+PGJyPjxicj48Yj5ROuijvemAoOW5tOOBr+aMh+WumuOBp+OBjeOBvuOBmeOBi++8nzwvYj48YnI+PGZvbnQgY29sb3I9Im9yYW5nZSI+PGI+QTo8L2I+PC9mb250PuOBiuWuouanmOOBuOOBruOCteODvOODk+OCueOBruS4gOeSsOOBqOOBl+OBpuOCr+ODvOODneODs+OCkuOBlOeUqOaEj+iHtOOBl+OBvuOBl+OBn+OAgjxicj7jgq/jg7zjg53jg7PjgajkuIDnt5Ljgavjgr/jgqTjg6TjgpLjgZTms6jmlofjgYTjgZ/jgaDjgY/jgZPjgajjgafjgIHlronlv4PjgZfjgabmlrDjgZfjgYTjgr/jgqTjg6Tjga7jgYrlsYrjgZHjgpLjgYrlvoXjgaHkuIvjgZXjgYTjgII8YnI+PGJyPjxiPlE6MeacrOOBruS+oeagvOOBp+OBmeOBi++8nzwvYj48YnI+PGZvbnQgY29sb3I9Im9yYW5nZSI+PGI+QTo8L2I+PC9mb250PuOBr+OBhOOAguOCv+OCpOODpDHmnKzjga7kvqHmoLzjgajjgarjgorjgb7jgZnjgII8YnI+NOacrOOBlOazqOaWh+OBruWgtOWQiOOBr+OAjuihqOekuuS+oeagvMOXNOOAj+OBq+OBquOCiuOBvuOBmeOAgjxicj48YnI+PGI+UTrjg5vjgqTjg7zjg6vjga/ku5jlsZ7jgZfjgb7jgZnjgYvvvJ88L2I+PGJyPjxmb250IGNvbG9yPSJvcmFuZ2UiPjxiPkE6PC9iPjwvZm9udD7ooajnpLrkvqHmoLzjga/mlrDlk4Hjgr/jgqTjg6Qx5pys44Gu5L6h5qC844Go44Gq44KK44CB44Ob44Kk44O844Or44Gv5LuY5bGe44GX44G+44Gb44KT44CCPGJyPuODm+OCpOODvOODq+OCkuOBlOW4jOacm+OBruOBiuWuouanmOOBq+OBr+WIpemAlOOBiuimi+epjeOCguOCiuOCkuOBhOOBn+OBl+OBvuOBmeOBruOBp+OAgei7iueoruOAgeW5tOW8j+OAgeWei+W8j+OAgeOCv+OCpOODpOOCteOCpOOCuuOCkuiomOi8ieOBruS4iuOAgeOBiuWVj+OBhOWQiOOCj+OBm+OBj+OBoOOBleOBhOOBvuOBm+OAgjxicj48YnI+PGI+UTrku4rpoLzjgpPjgaDjgonjgYTjgaTlsYrjgY3jgb7jgZnjgYvvvJ88L2I+PGJyPjxmb250IGNvbG9yPSJvcmFuZ2UiPjxiPkE6PC9iPjwvZm9udD7msbrmuIjjgYznorroqo3jgafjgY3jgozjgbDjgIHjgZTms6jmlofml6XjgYvjgoky5Za25qWt5pel5Lul5YaF44Gr57SEOTAl44Gu44GU5rOo5paH44Gu5ZWG5ZOB44KS55m66YCB44Gn44GN44Gm44GE44G+44GZ44CCPGJyPuaui+OCiuOBrue0hDgl44GvMTDllrbmpa3ml6Xku6XlhoXjgIHmrKDlk4HjgafntI3mnJ/jga7nm67lh6bjgYznq4vjgZ/jgZrjgavjgYrlsYrjgZHjgafjgY3jgarjgYTjgoLjga7jga8yJeW8seOBqOOBquOBo+OBpuOBiuOCiuOBvuOBmeOAgjxicj48YnI+PGI+UTrpgIHmlpnjga/jgYTjgY/jgonjgafjgZnjgYvvvJ88L2I+PGJyPjxmb250IGNvbG9yPSJvcmFuZ2UiPjxiPkE6PC9iPjwvZm9udD7lv4XopoHmnKzmlbDjgavlv5zjgZjjgZ/mlpnph5HooajjgYzjgZTjgZbjgYTjgb7jgZnjga7jgafjgIHjgZ3jgaHjgonjgpLjgZTnorroqo3kuIvjgZXjgYTjgII8YnI+PGJyPjxiPlE656iO6L6844G/44Gn44GZ44GL77yfPC9iPjxicj48Zm9udCBjb2xvcj0ib3JhbmdlIj48Yj5BOjwvYj48L2ZvbnQ+56iO6L685L6h5qC844Gn6KGo56S644GX44Gm44GK44KK44G+44GZ44CCPGJyPuWGheeojuOBp+OBmeOBruOBp+OAgeWuieW/g+OBl+OBpuOBiuiyt+OBhOaxguOCgeS4i+OBleOBhOOAgjwvcD48cD48Yj7igLvjgYrlsYrjgZHjgavplqLjgZfjgaY8L2I+PGJyPuOBlOazqOaWh+OCkumgguOBj+W6puOBq+ODoeODvOOCq+ODvOOCiOOCiuWPluOCiuWvhOOBm+OCkuOBl+OBvuOBmeOAgjxicj7jgZ3jga7ngrrjgZTms6jmlofjgYvjgoky772eM+aXpeOBu+OBqeOBp+WHuuiNt+WPr+iDveOBp+OBmeOAgjxicj7jgb7jgZ/jgIHjg6Hjg7zjgqvjg7zjgavjgYrjgYTjgablnKjluqvliIfjgozjga7loLTlkIjjga/nmbrpgIHjgb7jgafjgasy772eM+aXpeS7peS4iuOBruOBiuaZgumWk+mgguOBj+WgtOWQiOOBjOOBlOOBluOBhOOBvuOBmeOAgjxicj7oqqDjgavmgZDjgozlhaXjgorjgb7jgZnjgYzjgIHjgYrmgKXjgY7jga7loLTlkIjjga/jgZTms6jmlofliY3jga7lnKjluqvnorroqo3jgpLjgYrpoZjjgYTnlLPjgZfkuIrjgZLjgb7jgZnjgII8L3A+PHA+PGltZyBzcmM9Imh0dHA6Ly93d3cucmFrdXRlbi5uZS5qcC9nb2xkL3N0eWxlbWFya2V0L3dwLWNvbnRlbnQvdGhlbWVzL3N0eWxlbWFya2V0L2ltYWdlcy9zaG9wL2RldGFpbF9pY29uX3BhY2tfb2suZ2lmIiBhbHQ9IuWQjOaiseWPryI+PGltZyBzcmM9Imh0dHA6Ly93d3cucmFrdXRlbi5uZS5qcC9nb2xkL3N0eWxlbWFya2V0L3dwLWNvbnRlbnQvdGhlbWVzL3N0eWxlbWFya2V0L2ltYWdlcy9zaG9wL2RldGFpbF9pY29uX2dpZnRfbmcuZ2lmIiBhbHQ9IuODqeODg+ODlOODs+OCsOS4jeWPryI+PGltZyBzcmM9Imh0dHA6Ly93d3cucmFrdXRlbi5uZS5qcC9nb2xkL3N0eWxlbWFya2V0L3dwLWNvbnRlbnQvdGhlbWVzL3N0eWxlbWFya2V0L2ltYWdlcy9zaG9wL2RldGFpbF9pY29uX3phaWtvX29yLmdpZiIgYWx0PSLjg6Hjg7zjgqvjg7zlj5blr4QiPjxpbWcgc3JjPSJodHRwOi8vd3d3LnJha3V0ZW4ubmUuanAvZ29sZC9zdHlsZW1hcmtldC93cC1jb250ZW50L3RoZW1lcy9zdHlsZW1hcmtldC9pbWFnZXMvc2hvcC9kZXRhaWxfaWNvbl9zaXRlaV9uZy5naWYiIGFsdD0i5pel5pmC5oyH5a6a5aSJ5YuV44GC44KKIj48aW1nIHNyYz0iaHR0cDovL3d3dy5yYWt1dGVuLm5lLmpwL2dvbGQvc3R5bGVtYXJrZXQvd3AtY29udGVudC90aGVtZXMvc3R5bGVtYXJrZXQvaW1hZ2VzL3Nob3AvZGV0YWlsX2ljb25fcGF5bWVudF9iYW5rLmdpZiIgYWx0PSLpioDooYzmjK/ovrwiPjxpbWcgc3JjPSJodHRwOi8vd3d3LnJha3V0ZW4ubmUuanAvZ29sZC9zdHlsZW1hcmtldC93cC1jb250ZW50L3RoZW1lcy9zdHlsZW1hcmtldC9pbWFnZXMvc2hvcC9kZXRhaWxfaWNvbl9wYXltZW50X2RhaWJpa2kuZ2lmIiBhbHQ9IuS7o+mHkeW8leaPmyI+PGltZyBzcmM9Imh0dHA6Ly93d3cucmFrdXRlbi5uZS5qcC9nb2xkL3N0eWxlbWFya2V0L3dwLWNvbnRlbnQvdGhlbWVzL3N0eWxlbWFya2V0L2ltYWdlcy9zaG9wL2RldGFpbF9pY29uX3NvdXJ5b3Vfc3AuZ2lmIiBhbHQ9IueJueauiumAgeaWmSI+PGJyPjxpbWcgc3JjPSJodHRwOi8vd3d3LnJha3V0ZW4ubmUuanAvZ29sZC9zdHlsZW1hcmtldC93cC1jb250ZW50L3RoZW1lcy9zdHlsZW1hcmtldC9pbWFnZXMvc2hvcC9kZXRhaWxfaWNvbl95YWppcnVzaS5naWYiPuOCouOCpOOCs+ODs+OBruiqrOaYjuOBr+OBk+OBoeOCiTwvcD4=,44K544K/44OD44OJ44Os44K544K/44Kk44OkIOODluODquODguOCueODiOODsyBCTElaWkFLIFc5NjkgNy41MFIxNiAxMFBS77ya44K544K/44Kk44Or44Oe44O844Kx44OD44OI44CA5qW95aSp5biC5aC05bqX,5r+A5a6J44K/44Kk44Ok5Lit5Y+k44Kr44O855So5ZOB44Kr44O844OR44O844OE44Kr44O844OK44OT44Ky44O844K344On44Oz5a6J44GEQ0FS44Kr44O844Kq44O844OH44Kj44Kq6LuK44Ki44Km44OI44Os44OD44OI44Ob44Kk44Or44K544OG44OD44OX44Ov44K044Oz44K344O844OI44Kr44OQ44O844K544K/44OD44OJ44Os44K544OY44Or44Oh44OD44OI6LKp5aOy44Oe44OV44Op44O844K144K544Oa44Oz44K344On44Oz44Kq44O844OI44Ko44Ki44Ot44OR44O844OE44K544K/44OD44OJ44Os44K544K/44Kk44OkIOODluODquODguOCueODiOODsyBCTElaWkFLIFc5NjkgNy41MFIxNiAxMFBS,44CQNy41MFIxNiAxMFBS44CR44CC44K544K/44OD44OJ44Os44K544K/44Kk44OkIOODluODquODguOCueODiOODsyBCTElaWkFLIFc5NjkgNy41MFIxNiAxMFBS[rn]
34-95847,aHR0cDovL3RzaG9wLnIxMHMuanAvc3R5bGVtYXJrZXQvY2FiaW5ldC9tYW5hZ2VkL2ltZzEzLzEzOTg5LmpwZz9maXRpbj03MDA6NzAw,OTc2MC4wMDAw,,6LuK55So5ZOB44O744OQ44Kk44Kv55So5ZOBID4g44Kr44O855So5ZOBID4g44K544K/44OD44OJ44Os44K544K/44Kk44Ok,44K544K/44OD44OJ44Os44K544K/44Kk44OkIOODqOOCs+ODj+ODniBpY2UgR1VBUkQgVFJJUExFIFBMVVMgaUczMCAyMDUvNjVSMTYgOTVR,44CQMjA1LzY1UjE2IDk1UeOAkQ==,PHA+PGltZyBzcmM9Imh0dHA6Ly93d3cucmFrdXRlbi5uZS5qcC9nb2xkL3N0eWxlbWFya2V0L3dwLWNvbnRlbnQvdGhlbWVzL3N0eWxlbWFya2V0L2ltYWdlcy9zaG9wL3Jha3V0ZW5fZGV0YWlsX3RpcmVjb3Vwb25fZGV0YWlsLmpwZyI+PC9wPjxwPjxpbWcgc3JjPSJodHRwOi8vaW1hZ2UucmFrdXRlbi5jby5qcC9zdHlsZW1hcmtldC9jYWJpbmV0L21hbmFnZWQvaW1nMTMvMTM5ODkuanBnIj48YnI+PGltZyBzcmM9Imh0dHA6Ly9pbWFnZS5yYWt1dGVuLmNvLmpwL3N0eWxlbWFya2V0L2NhYmluZXQvbWFuYWdlZC9pbWcxMy8xMzk5MC5qcGciPjxicj48aW1nIHNyYz0iaHR0cDovL2ltYWdlLnJha3V0ZW4uY28uanAvc3R5bGVtYXJrZXQvY2FiaW5ldC9tYW5hZ2VkL2ltZzEzLzEzOTkxLmpwZyI+PC9wPjxzdHJvbmcgY2xhc3M9ImJnLW9yYW5nZWxpbmUiPuWVhuWTgeiqrOaYjjwvc3Ryb25nPjxwPjxiPllPS09IQU1B44K544K/44OD44OJ44Os44K544K/44Kk44Ok5Y+y5LiK5pyA6auY44Gu5rC35LiK5oCn6IO944Gr55yB54eD6LK75oCn6IO944KS44OX44Op44K5PC9iPjxicj7jg7tZT0tPSEFNQeOCueOCv+ODg+ODieODrOOCueOCv+OCpOODpOWPsuS4iuacgOmrmOOBruawt+S4iuaAp+iDvTxicj5pY2UgR1VBUkQgQkxBQ0sgaUcyMOOBq+avlOOBueOBpuWEquOCjOOBn+awt+S4iuWItuWLleaAp+iDveOCkueZuuaPruOBl+OBn2ljZSBHVUFSRCBUUklQTEUgaUczMOOAgjxicj5pY2UgR1VBUkQgVFJJUExFIFBMVVMgaUczMOOCgllPS09IQU1B44K544K/44OD44OJ44Os44K544K/44Kk44Ok5Y+y5LiK5pyA6auY44Gu5rC35LiK5oCn6IO944KS5L+d5pyJ44CCPGJyPuODu+ODluODqeODg+OCr+ODneODquODnuODvDLmjqHnlKjvvIjjgrnjgr/jg4Pjg4njg6zjgrnjgr/jgqTjg6TmgKfog73jga7ntq3mjIHjgavosqLnjK7vvIk8YnI+44K/44Kk44Ok44Gv44CM44K044Og44Gu5p+U44KJ44GL44GV44CN44KS5L+d44Gk44Kq44Kk44Or44GM5oqc44GR44KL44Go56Gs44GP44Gq44KL44CCPGJyPuODluODqeODg+OCr+ODneODquODnuODvDLjga/liIblrZDjgYzlpKfjgY3jgY/jgIHjgqrjgqTjg6vjgavmr5TjgbnjgabmipzjgZHjgavjgY/jgYTjgII8YnI+44Gg44GL44KJ44CM5rC444GP5Yq544GP44CN44CCPGJyPuODu+OBk+OCjeOBjOOCiuaKteaKl+e0hDTvvIXkvY7muJvvvIjjgZPjgo3jgYzjgormirXmipfjga7kvY7muJvjga/nh4Posrvjga7mlLnlloTjgavosqLnjK7vvIk8YnI+aWNlIEdVQVJEIFRSSVBMRSBQTFVTIGlHMzDjga/jgr/jgqTjg6Tmp4vpgKDjga7opovnm7TjgZfjgavjgojjgorjgIHjgZPjgo3jgYzjgormirXmipfjgpLntIQ077yF5L2O5rib44GX44G+44GX44Gf44CCPC9wPjxzdHJvbmcgY2xhc3M9ImJnLW9yYW5nZWxpbmUiPuijveWTgeS7leanmDwvc3Ryb25nPjxwPuODoeODvOOCq+ODvO+8mllPS09IQU1B77yI44Oo44Kz44OP44Oe77yJPGJyPuODkeOCv+ODvOODs++8mmljZSBHVUFSRCBUUklQTEUgUExVUyBpRzMw77yI44Ki44Kk44K544Ks44O844OJIOODiOODquODl+ODq+ODl+ODqeOCuSDjgqLjgqTjgrjjg7zjgrXjg7Pjgrjjg6XjgqbvvIk8YnI+44K144Kk44K677yaMjA1LzY1UjE2IDk1UTwvcD48c3Ryb25nIGNsYXNzPSJiZy1vcmFuZ2VsaW5lIj7jgrnjgr/jg4Pjg5XjgrPjg6Hjg7Pjg4g8L3N0cm9uZz48cD7jgrTjg6Djga7noazjgZXjgpLjgZXjgonjgavjgrPjg7Pjg4jjg63jg7zjg6vjgZfjgabmgKfog73jgpLlkJHkuIrvvIHkurrmsJfjga7muKnluqblr77lv5zjgrnjgr/jg4Pjg4njg6zjgrnjgYzjgZXjgonjgavpgLLljJbjgZfjgb7jgZfjgZ/jgII8L3A+PHN0cm9uZyBjbGFzcz0iYmctb3JhbmdlbGluZSI+44Gd44Gu5LuWPC9zdHJvbmc+PHA+PGZvbnQgY29sb3I9Im9yYW5nZSI+PGI+44GK5a6i5qeY44KI44KK44GT44KT44Gq44GK5ZWP44GE5ZCI44KP44Gb44KS44GE44Gf44Gg44GN44G+44GX44GfPC9iPjwvZm9udD48YnI+PGJyPjxiPlE66KO96YCg5bm044Gv5oyH5a6a44Gn44GN44G+44GZ44GL77yfPC9iPjxicj48Zm9udCBjb2xvcj0ib3JhbmdlIj48Yj5BOjwvYj48L2ZvbnQ+44GK5a6i5qeY44G444Gu44K144O844OT44K544Gu5LiA55Kw44Go44GX44Gm44Kv44O844Od44Oz44KS44GU55So5oSP6Ie044GX44G+44GX44Gf44CCPGJyPuOCr+ODvOODneODs+OBqOS4gOe3kuOBq+OCv+OCpOODpOOCkuOBlOazqOaWh+OBhOOBn+OBoOOBj+OBk+OBqOOBp+OAgeWuieW/g+OBl+OBpuaWsOOBl+OBhOOCv+OCpOODpOOBruOBiuWxiuOBkeOCkuOBiuW+heOBoeS4i+OBleOBhOOAgjxicj48YnI+PGI+UTox5pys44Gu5L6h5qC844Gn44GZ44GL77yfPC9iPjxicj48Zm9udCBjb2xvcj0ib3JhbmdlIj48Yj5BOjwvYj48L2ZvbnQ+44Gv44GE44CC44K/44Kk44OkMeacrOOBruS+oeagvOOBqOOBquOCiuOBvuOBmeOAgjxicj405pys44GU5rOo5paH44Gu5aC05ZCI44Gv44CO6KGo56S65L6h5qC8w5c044CP44Gr44Gq44KK44G+44GZ44CCPGJyPjxicj48Yj5ROuODm+OCpOODvOODq+OBr+S7mOWxnuOBl+OBvuOBmeOBi++8nzwvYj48YnI+PGZvbnQgY29sb3I9Im9yYW5nZSI+PGI+QTo8L2I+PC9mb250PuihqOekuuS+oeagvOOBr+aWsOWTgeOCv+OCpOODpDHmnKzjga7kvqHmoLzjgajjgarjgorjgIHjg5vjgqTjg7zjg6vjga/ku5jlsZ7jgZfjgb7jgZvjgpPjgII8YnI+44Ob44Kk44O844Or44KS44GU5biM5pyb44Gu44GK5a6i5qeY44Gr44Gv5Yil6YCU44GK6KaL56mN44KC44KK44KS44GE44Gf44GX44G+44GZ44Gu44Gn44CB6LuK56iu44CB5bm05byP44CB5Z6L5byP44CB44K/44Kk44Ok44K144Kk44K644KS6KiY6LyJ44Gu5LiK44CB44GK5ZWP44GE5ZCI44KP44Gb44GP44Gg44GV44GE44G+44Gb44CCPGJyPjxicj48Yj5ROuS7iumgvOOCk+OBoOOCieOBhOOBpOWxiuOBjeOBvuOBmeOBi++8nzwvYj48YnI+PGZvbnQgY29sb3I9Im9yYW5nZSI+PGI+QTo8L2I+PC9mb250Puaxuua4iOOBjOeiuuiqjeOBp+OBjeOCjOOBsOOAgeOBlOazqOaWh+aXpeOBi+OCiTLllrbmpa3ml6Xku6XlhoXjgavntIQ5MCXjga7jgZTms6jmlofjga7llYblk4HjgpLnmbrpgIHjgafjgY3jgabjgYTjgb7jgZnjgII8YnI+5q6L44KK44Gu57SEOCXjga8xMOWWtualreaXpeS7peWGheOAgeasoOWTgeOBp+e0jeacn+OBruebruWHpuOBjOeri+OBn+OBmuOBq+OBiuWxiuOBkeOBp+OBjeOBquOBhOOCguOBruOBrzIl5byx44Go44Gq44Gj44Gm44GK44KK44G+44GZ44CCPGJyPjxicj48Yj5ROumAgeaWmeOBr+OBhOOBj+OCieOBp+OBmeOBi++8nzwvYj48YnI+PGZvbnQgY29sb3I9Im9yYW5nZSI+PGI+QTo8L2I+PC9mb250PuW/heimgeacrOaVsOOBq+W/nOOBmOOBn+aWmemHkeihqOOBjOOBlOOBluOBhOOBvuOBmeOBruOBp+OAgeOBneOBoeOCieOCkuOBlOeiuuiqjeS4i+OBleOBhOOAgjxicj48YnI+PGI+UTrnqI7ovrzjgb/jgafjgZnjgYvvvJ88L2I+PGJyPjxmb250IGNvbG9yPSJvcmFuZ2UiPjxiPkE6PC9iPjwvZm9udD7nqI7ovrzkvqHmoLzjgafooajnpLrjgZfjgabjgYrjgorjgb7jgZnjgII8YnI+5YaF56iO44Gn44GZ44Gu44Gn44CB5a6J5b+D44GX44Gm44GK6LK344GE5rGC44KB5LiL44GV44GE44CCPC9wPjxwPjxiPuKAu+OBiuWxiuOBkeOBq+mWouOBl+OBpjwvYj48YnI+44GU5rOo5paH44KS6aCC44GP5bqm44Gr44Oh44O844Kr44O844KI44KK5Y+W44KK5a+E44Gb44KS44GX44G+44GZ44CCPGJyPuOBneOBrueCuuOBlOazqOaWh+OBi+OCiTLvvZ4z5pel44G744Gp44Gn5Ye66I235Y+v6IO944Gn44GZ44CCPGJyPuOBvuOBn+OAgeODoeODvOOCq+ODvOOBq+OBiuOBhOOBpuWcqOW6q+WIh+OCjOOBruWgtOWQiOOBr+eZuumAgeOBvuOBp+OBqzLvvZ4z5pel5Lul5LiK44Gu44GK5pmC6ZaT6aCC44GP5aC05ZCI44GM44GU44GW44GE44G+44GZ44CCPGJyPuiqoOOBq+aBkOOCjOWFpeOCiuOBvuOBmeOBjOOAgeOBiuaApeOBjuOBruWgtOWQiOOBr+OBlOazqOaWh+WJjeOBruWcqOW6q+eiuuiqjeOCkuOBiumhmOOBhOeUs+OBl+S4iuOBkuOBvuOBmeOAgjwvcD48cD48aW1nIHNyYz0iaHR0cDovL3d3dy5yYWt1dGVuLm5lLmpwL2dvbGQvc3R5bGVtYXJrZXQvd3AtY29udGVudC90aGVtZXMvc3R5bGVtYXJrZXQvaW1hZ2VzL3Nob3AvZGV0YWlsX2ljb25fcGFja19vay5naWYiIGFsdD0i5ZCM5qKx5Y+vIj48aW1nIHNyYz0iaHR0cDovL3d3dy5yYWt1dGVuLm5lLmpwL2dvbGQvc3R5bGVtYXJrZXQvd3AtY29udGVudC90aGVtZXMvc3R5bGVtYXJrZXQvaW1hZ2VzL3Nob3AvZGV0YWlsX2ljb25fZ2lmdF9uZy5naWYiIGFsdD0i44Op44OD44OU44Oz44Kw5LiN5Y+vIj48aW1nIHNyYz0iaHR0cDovL3d3dy5yYWt1dGVuLm5lLmpwL2dvbGQvc3R5bGVtYXJrZXQvd3AtY29udGVudC90aGVtZXMvc3R5bGVtYXJrZXQvaW1hZ2VzL3Nob3AvZGV0YWlsX2ljb25femFpa29fb3IuZ2lmIiBhbHQ9IuODoeODvOOCq+ODvOWPluWvhCI+PGltZyBzcmM9Imh0dHA6Ly93d3cucmFrdXRlbi5uZS5qcC9nb2xkL3N0eWxlbWFya2V0L3dwLWNvbnRlbnQvdGhlbWVzL3N0eWxlbWFya2V0L2ltYWdlcy9zaG9wL2RldGFpbF9pY29uX3NpdGVpX25nLmdpZiIgYWx0PSLml6XmmYLmjIflrprlpInli5XjgYLjgooiPjxpbWcgc3JjPSJodHRwOi8vd3d3LnJha3V0ZW4ubmUuanAvZ29sZC9zdHlsZW1hcmtldC93cC1jb250ZW50L3RoZW1lcy9zdHlsZW1hcmtldC9pbWFnZXMvc2hvcC9kZXRhaWxfaWNvbl9wYXltZW50X2JhbmsuZ2lmIiBhbHQ9IumKgOihjOaMr+i+vCI+PGltZyBzcmM9Imh0dHA6Ly93d3cucmFrdXRlbi5uZS5qcC9nb2xkL3N0eWxlbWFya2V0L3dwLWNvbnRlbnQvdGhlbWVzL3N0eWxlbWFya2V0L2ltYWdlcy9zaG9wL2RldGFpbF9pY29uX3BheW1lbnRfZGFpYmlraS5naWYiIGFsdD0i5Luj6YeR5byV5o+bIj48aW1nIHNyYz0iaHR0cDovL3d3dy5yYWt1dGVuLm5lLmpwL2dvbGQvc3R5bGVtYXJrZXQvd3AtY29udGVudC90aGVtZXMvc3R5bGVtYXJrZXQvaW1hZ2VzL3Nob3AvZGV0YWlsX2ljb25fc291cnlvdV9zcC5naWYiIGFsdD0i54m55q6K6YCB5paZIj48YnI+PGltZyBzcmM9Imh0dHA6Ly93d3cucmFrdXRlbi5uZS5qcC9nb2xkL3N0eWxlbWFya2V0L3dwLWNvbnRlbnQvdGhlbWVzL3N0eWxlbWFya2V0L2ltYWdlcy9zaG9wL2RldGFpbF9pY29uX3lhamlydXNpLmdpZiI+44Ki44Kk44Kz44Oz44Gu6Kqs5piO44Gv44GT44Gh44KJPC9wPg==,44K544K/44OD44OJ44Os44K544K/44Kk44OkIOODqOOCs+ODj+ODniBpY2UgR1VBUkQgVFJJUExFIFBMVVMgaUczMCAyMDUvNjVSMTYgOTVR77ya44K544K/44Kk44Or44Oe44O844Kx44OD44OI44CA5qW95aSp5biC5aC05bqX,5r+A5a6J44K/44Kk44Ok5Lit5Y+k44Kr44O855So5ZOB44Kr44O844OR44O844OE44Kr44O844OK44OT44Ky44O844K344On44Oz5a6J44GEQ0FS44Kr44O844Kq44O844OH44Kj44Kq6LuK44Ki44Km44OI44Os44OD44OI44Ob44Kk44Or44K544OG44OD44OX44Ov44K044Oz44K344O844OI44Kr44OQ44O844K544K/44OD44OJ44Os44K544OY44Or44Oh44OD44OI6LKp5aOy44Oe44OV44Op44O844K144K544Oa44Oz44K344On44Oz44Kq44O844OI44Ko44Ki44Ot44OR44O844OE44K544K/44OD44OJ44Os44K544K/44Kk44OkIOODqOOCs+ODj+ODniBpY2UgR1VBUkQgVFJJUExFIFBMVVMgaUczMCAyMDUvNjVSMTYgOTVR,44CQMjA1LzY1UjE2IDk1UeOAkeOAguOCueOCv+ODg+ODieODrOOCueOCv+OCpOODpCDjg6jjgrPjg4/jg54gaWNlIEdVQVJEIFRSSVBMRSBQTFVTIGlHMzAgMjA1LzY1UjE2IDk1UQ==[rn]
34-95848,aHR0cDovL3RzaG9wLnIxMHMuanAvc3R5bGVtYXJrZXQvY2FiaW5ldC9tYW5hZ2VkL2ltZzEyLzEyNjA3LmpwZz9maXRpbj03MDA6NzAw,MTM0ODAuMDAwMA==,,6LuK55So5ZOB44O744OQ44Kk44Kv55So5ZOBID4g44Kr44O855So5ZOBID4g44K544K/44OD44OJ44Os44K544K/44Kk44Ok,44K544K/44OD44OJ44Os44K544K/44Kk44OkIOODqOOCs+ODj+ODniBpY2UgR1VBUkQgNSBQTFVTIGlHNTBwbHVzIDIxNS82NVIxNiA5OFE=,44CQMjE1LzY1UjE2IDk4UeOAkQ==,PHA+PGltZyBzcmM9Imh0dHA6Ly93d3cucmFrdXRlbi5uZS5qcC9nb2xkL3N0eWxlbWFya2V0L3dwLWNvbnRlbnQvdGhlbWVzL3N0eWxlbWFya2V0L2ltYWdlcy9zaG9wL3Jha3V0ZW5fZGV0YWlsX3RpcmVjb3Vwb25fZGV0YWlsLmpwZyI+PC9wPjxwPjxpbWcgc3JjPSJodHRwOi8vaW1hZ2UucmFrdXRlbi5jby5qcC9zdHlsZW1hcmtldC9jYWJpbmV0L21hbmFnZWQvaW1nMTIvMTI2MDcuanBnIj48L3A+PHN0cm9uZyBjbGFzcz0iYmctb3JhbmdlbGluZSI+5ZWG5ZOB6Kqs5piOPC9zdHJvbmc+PHA+PGI+MS7msLfjgavlirnjgY88L2I+PGJyPumAsuWMluOBl+OBn+OAjOOCueODvOODkeODvOWQuOawtOOCtOODoOOAjeOBruaOoeeUqOOBp+OAgeawt+S4iuWItuWLleOBjDcl5ZCR5LiK44CCPGJyPjxiPjIu5rC444GP5Yq544GPPC9iPjxicj7jgZrjgaPjgajmn5TjgonjgYvjgYTjgYvjgonlirnjgY/jgILjgaDjgYvjgonmsLfkuIrmgKfog73jgYzjgIHmjIHntprjgZnjgovjgII8YnI+PGI+My7nh4PosrvjgavlirnjgY88L2I+PGJyPui7ouOBjOOCiuaKteaKl+OCkjcl5L2O5rib44CC77yI54eD6LK744Gu5pS55ZaE44Gr6LKi54yu77yJPGJyPjxiPjQu44GV44G+44GW44G+44Gq6Lev6Z2i44Gr5Yq544GPPC9iPjxicj7ljbHpmbrjgarlh43ntZDot6/pnaLjga/jgIHjgbLjgajjgaTjgZjjgoPjgarjgYTjgILlhqzjga7jgZXjgb7jgZbjgb7jgarot6/pnaLjgavlirnjgY/jgIHmuKnluqblr77lv5zmioDooZPjgII8L3A+PHN0cm9uZyBjbGFzcz0iYmctb3JhbmdlbGluZSI+6KO95ZOB5LuV5qeYPC9zdHJvbmc+PHA+44Oh44O844Kr44O877yaWU9LT0hBTUHvvIjjg6jjgrPjg4/jg57vvIk8YnI+44OR44K/44O844Oz77yaaWNlIEdVQVJEIDUgUExVUyBpRzUwcGx1c++8iOOCouOCpOOCueOCrOODvOODiSDjg5XjgqHjgqTjg5Yg44OX44Op44K5IOOCouOCpOOCuOODvOOCtOOCuOODpeOCpuODl+ODqeOCue+8iTxicj7jgrXjgqTjgrrvvJoyMTUvNjVSMTYgOThRPC9wPjxzdHJvbmcgY2xhc3M9ImJnLW9yYW5nZWxpbmUiPuOCueOCv+ODg+ODleOCs+ODoeODs+ODiDwvc3Ryb25nPjxwPuOBiuWuouOBleOBvuOBruOAjOWuieW/g+OAjeOCkui/veaxguOBmeOCi+OBk+OBqOOAguWHjee1kOi3r+mdouOBp+OAgeOCguOBo+OBqOeiuuWun+OBq+atouOBvuOCi+OBk+OBqOOAgjwvcD48c3Ryb25nIGNsYXNzPSJiZy1vcmFuZ2VsaW5lIj7jgZ3jga7ku5Y8L3N0cm9uZz48cD48Zm9udCBjb2xvcj0ib3JhbmdlIj48Yj7jgYrlrqLmp5jjgojjgorjgZPjgpPjgarjgYrllY/jgYTlkIjjgo/jgZvjgpLjgYTjgZ/jgaDjgY3jgb7jgZfjgZ88L2I+PC9mb250Pjxicj48YnI+PGI+UTroo73pgKDlubTjga/mjIflrprjgafjgY3jgb7jgZnjgYvvvJ88L2I+PGJyPjxmb250IGNvbG9yPSJvcmFuZ2UiPjxiPkE6PC9iPjwvZm9udD7jgYrlrqLmp5jjgbjjga7jgrXjg7zjg5Pjgrnjga7kuIDnkrDjgajjgZfjgabjgq/jg7zjg53jg7PjgpLjgZTnlKjmhI/oh7TjgZfjgb7jgZfjgZ/jgII8YnI+44Kv44O844Od44Oz44Go5LiA57eS44Gr44K/44Kk44Ok44KS44GU5rOo5paH44GE44Gf44Gg44GP44GT44Go44Gn44CB5a6J5b+D44GX44Gm5paw44GX44GE44K/44Kk44Ok44Gu44GK5bGK44GR44KS44GK5b6F44Gh5LiL44GV44GE44CCPGJyPjxicj48Yj5ROjHmnKzjga7kvqHmoLzjgafjgZnjgYvvvJ88L2I+PGJyPjxmb250IGNvbG9yPSJvcmFuZ2UiPjxiPkE6PC9iPjwvZm9udD7jga/jgYTjgILjgr/jgqTjg6Qx5pys44Gu5L6h5qC844Go44Gq44KK44G+44GZ44CCPGJyPjTmnKzjgZTms6jmlofjga7loLTlkIjjga/jgI7ooajnpLrkvqHmoLzDlzTjgI/jgavjgarjgorjgb7jgZnjgII8YnI+PGJyPjxiPlE644Ob44Kk44O844Or44Gv5LuY5bGe44GX44G+44GZ44GL77yfPC9iPjxicj48Zm9udCBjb2xvcj0ib3JhbmdlIj48Yj5BOjwvYj48L2ZvbnQ+6KGo56S65L6h5qC844Gv5paw5ZOB44K/44Kk44OkMeacrOOBruS+oeagvOOBqOOBquOCiuOAgeODm+OCpOODvOODq+OBr+S7mOWxnuOBl+OBvuOBm+OCk+OAgjxicj7jg5vjgqTjg7zjg6vjgpLjgZTluIzmnJvjga7jgYrlrqLmp5jjgavjga/liKXpgJTjgYropovnqY3jgoLjgorjgpLjgYTjgZ/jgZfjgb7jgZnjga7jgafjgIHou4rnqK7jgIHlubTlvI/jgIHlnovlvI/jgIHjgr/jgqTjg6TjgrXjgqTjgrrjgpLoqJjovInjga7kuIrjgIHjgYrllY/jgYTlkIjjgo/jgZvjgY/jgaDjgZXjgYTjgb7jgZvjgII8YnI+PGJyPjxiPlE65LuK6aC844KT44Gg44KJ44GE44Gk5bGK44GN44G+44GZ44GL77yfPC9iPjxicj48Zm9udCBjb2xvcj0ib3JhbmdlIj48Yj5BOjwvYj48L2ZvbnQ+5rG65riI44GM56K66KqN44Gn44GN44KM44Gw44CB44GU5rOo5paH5pel44GL44KJMuWWtualreaXpeS7peWGheOBq+e0hDkwJeOBruOBlOazqOaWh+OBruWVhuWTgeOCkueZuumAgeOBp+OBjeOBpuOBhOOBvuOBmeOAgjxicj7mrovjgorjga7ntIQ4JeOBrzEw5Za25qWt5pel5Lul5YaF44CB5qyg5ZOB44Gn57SN5pyf44Gu55uu5Yem44GM56uL44Gf44Ga44Gr44GK5bGK44GR44Gn44GN44Gq44GE44KC44Gu44GvMiXlvLHjgajjgarjgaPjgabjgYrjgorjgb7jgZnjgII8YnI+PGJyPjxiPlE66YCB5paZ44Gv44GE44GP44KJ44Gn44GZ44GL77yfPC9iPjxicj48Zm9udCBjb2xvcj0ib3JhbmdlIj48Yj5BOjwvYj48L2ZvbnQ+5b+F6KaB5pys5pWw44Gr5b+c44GY44Gf5paZ6YeR6KGo44GM44GU44GW44GE44G+44GZ44Gu44Gn44CB44Gd44Gh44KJ44KS44GU56K66KqN5LiL44GV44GE44CCPGJyPjxicj48Yj5ROueojui+vOOBv+OBp+OBmeOBi++8nzwvYj48YnI+PGZvbnQgY29sb3I9Im9yYW5nZSI+PGI+QTo8L2I+PC9mb250Pueojui+vOS+oeagvOOBp+ihqOekuuOBl+OBpuOBiuOCiuOBvuOBmeOAgjxicj7lhoXnqI7jgafjgZnjga7jgafjgIHlronlv4PjgZfjgabjgYrosrfjgYTmsYLjgoHkuIvjgZXjgYTjgII8L3A+PHA+PGI+4oC744GK5bGK44GR44Gr6Zai44GX44GmPC9iPjxicj7jgZTms6jmlofjgpLpoILjgY/luqbjgavjg6Hjg7zjgqvjg7zjgojjgorlj5bjgorlr4TjgZvjgpLjgZfjgb7jgZnjgII8YnI+44Gd44Gu54K644GU5rOo5paH44GL44KJMu+9njPml6Xjgbvjganjgaflh7rojbflj6/og73jgafjgZnjgII8YnI+44G+44Gf44CB44Oh44O844Kr44O844Gr44GK44GE44Gm5Zyo5bqr5YiH44KM44Gu5aC05ZCI44Gv55m66YCB44G+44Gn44GrMu+9njPml6Xku6XkuIrjga7jgYrmmYLplpPpoILjgY/loLTlkIjjgYzjgZTjgZbjgYTjgb7jgZnjgII8YnI+6Kqg44Gr5oGQ44KM5YWl44KK44G+44GZ44GM44CB44GK5oCl44GO44Gu5aC05ZCI44Gv44GU5rOo5paH5YmN44Gu5Zyo5bqr56K66KqN44KS44GK6aGY44GE55Sz44GX5LiK44GS44G+44GZ44CCPC9wPjxwPjxpbWcgc3JjPSJodHRwOi8vd3d3LnJha3V0ZW4ubmUuanAvZ29sZC9zdHlsZW1hcmtldC93cC1jb250ZW50L3RoZW1lcy9zdHlsZW1hcmtldC9pbWFnZXMvc2hvcC9kZXRhaWxfaWNvbl9wYWNrX29rLmdpZiIgYWx0PSLlkIzmorHlj68iPjxpbWcgc3JjPSJodHRwOi8vd3d3LnJha3V0ZW4ubmUuanAvZ29sZC9zdHlsZW1hcmtldC93cC1jb250ZW50L3RoZW1lcy9zdHlsZW1hcmtldC9pbWFnZXMvc2hvcC9kZXRhaWxfaWNvbl9naWZ0X25nLmdpZiIgYWx0PSLjg6njg4Pjg5Tjg7PjgrDkuI3lj68iPjxpbWcgc3JjPSJodHRwOi8vd3d3LnJha3V0ZW4ubmUuanAvZ29sZC9zdHlsZW1hcmtldC93cC1jb250ZW50L3RoZW1lcy9zdHlsZW1hcmtldC9pbWFnZXMvc2hvcC9kZXRhaWxfaWNvbl96YWlrb19vci5naWYiIGFsdD0i44Oh44O844Kr44O85Y+W5a+EIj48aW1nIHNyYz0iaHR0cDovL3d3dy5yYWt1dGVuLm5lLmpwL2dvbGQvc3R5bGVtYXJrZXQvd3AtY29udGVudC90aGVtZXMvc3R5bGVtYXJrZXQvaW1hZ2VzL3Nob3AvZGV0YWlsX2ljb25fc2l0ZWlfbmcuZ2lmIiBhbHQ9IuaXpeaZguaMh+WumuWkieWLleOBguOCiiI+PGltZyBzcmM9Imh0dHA6Ly93d3cucmFrdXRlbi5uZS5qcC9nb2xkL3N0eWxlbWFya2V0L3dwLWNvbnRlbnQvdGhlbWVzL3N0eWxlbWFya2V0L2ltYWdlcy9zaG9wL2RldGFpbF9pY29uX3BheW1lbnRfYmFuay5naWYiIGFsdD0i6YqA6KGM5oyv6L68Ij48aW1nIHNyYz0iaHR0cDovL3d3dy5yYWt1dGVuLm5lLmpwL2dvbGQvc3R5bGVtYXJrZXQvd3AtY29udGVudC90aGVtZXMvc3R5bGVtYXJrZXQvaW1hZ2VzL3Nob3AvZGV0YWlsX2ljb25fcGF5bWVudF9kYWliaWtpLmdpZiIgYWx0PSLku6Pph5HlvJXmj5siPjxpbWcgc3JjPSJodHRwOi8vd3d3LnJha3V0ZW4ubmUuanAvZ29sZC9zdHlsZW1hcmtldC93cC1jb250ZW50L3RoZW1lcy9zdHlsZW1hcmtldC9pbWFnZXMvc2hvcC9kZXRhaWxfaWNvbl9zb3VyeW91X3NwLmdpZiIgYWx0PSLnibnmrorpgIHmlpkiPjxicj48aW1nIHNyYz0iaHR0cDovL3d3dy5yYWt1dGVuLm5lLmpwL2dvbGQvc3R5bGVtYXJrZXQvd3AtY29udGVudC90aGVtZXMvc3R5bGVtYXJrZXQvaW1hZ2VzL3Nob3AvZGV0YWlsX2ljb25feWFqaXJ1c2kuZ2lmIj7jgqLjgqTjgrPjg7Pjga7oqqzmmI7jga/jgZPjgaHjgok8L3A+,44K544K/44OD44OJ44Os44K544K/44Kk44OkIOODqOOCs+ODj+ODniBpY2UgR1VBUkQgNSBQTFVTIGlHNTBwbHVzIDIxNS82NVIxNiA5OFHvvJrjgrnjgr/jgqTjg6vjg57jg7zjgrHjg4Pjg4jjgIDmpb3lpKnluILloLTlupc=,5r+A5a6J44K/44Kk44Ok5Lit5Y+k44Kr44O855So5ZOB44Kr44O844OR44O844OE44Kr44O844OK44OT44Ky44O844K344On44Oz5a6J44GEQ0FS44Kr44O844Kq44O844OH44Kj44Kq6LuK44Ki44Km44OI44Os44OD44OI44Ob44Kk44Or44K544OG44OD44OX44Ov44K044Oz44K344O844OI44Kr44OQ44O844K544K/44OD44OJ44Os44K544OY44Or44Oh44OD44OI6LKp5aOy44Oe44OV44Op44O844K144K544Oa44Oz44K344On44Oz44Kq44O844OI44Ko44Ki44Ot44OR44O844OE44K544K/44OD44OJ44Os44K544K/44Kk44OkIOODqOOCs+ODj+ODniBpY2UgR1VBUkQgNSBQTFVTIGlHNTBwbHVzIDIxNS82NVIxNiA5OFE=,44CQMjE1LzY1UjE2IDk4UeOAkeOAguOCueOCv+ODg+ODieODrOOCueOCv+OCpOODpCDjg6jjgrPjg4/jg54gaWNlIEdVQVJEIDUgUExVUyBpRzUwcGx1cyAyMTUvNjVSMTYgOThR[rn]
