19-18301,aHR0cDovL3RzaG9wLnIxMHMuanAvYWtpYmFtYWMvY2FiaW5ldC8wMzg2OTczOC80OTAyOTAxNDQyODAzLmpwZz9maXRpbj03MDA6NzAw,NzQwLjgwMDA=,,5pel55So5ZOB6ZuR6LKo44O75paH5oi/5YW344O75omL6Iq4ID4g5o6D6Zmk55So5YW3ID4g44Gd44Gu5LuW,5LiJ6I+x6Zu75qmfIOe1puawl+ODpuODi+ODg+ODiOeUqOS6pOaPm+eUqOmZpOWhteODleOCo+ODq+OCv+ODvCBQLTA4UFFGIChQMDhQUUYp,,44CQ5a++5b+c5qmf56iu44CRIOe1puawl+eUqOODkeOCpOODl+ODleOCoeODs1YtMDhQUUYy44K/44Kk44OX,5LiJ6I+x6Zu75qmfIOe1puawl+ODpuODi+ODg+ODiOeUqOS6pOaPm+eUqOmZpOWhteODleOCo+ODq+OCv+ODvCBQLTA4UFFGIChQMDhQUUYp77ya44K944OV44Oe44OD44OX44CA44OH44K444K/44Or44Kz44Os44Kv44K344On44Oz,44K944OV44Oe44OD44OXIOODh+OCuOOCv+ODq+OCs+ODrOOCr+OCt+ODp+ODs1NvZm1hcCBEaWdpdGFsIENvbGxlY3Rpb27jg5Hjgr3jgrPjg7Pjgr/jg5bjg6zjg4Pjg4hQQ0hEROOCouOCu+ODs+ODluODquODkeODvOODhOODkeOCveOCs+ODs+ODkeODvOODhOODhuODrOODk+OCsuODvOODoOODluODq+ODvOODrOOCpOOCveODleODiERWROOCveODleODiOa2suaZtuODhuODrOODk+ODluODq+ODvOODrOOCpOODh+OCo+OCueOCr+ODrOOCs+ODvOODgOODvOODh+OCuOOCv+ODq+S4gOecvOODrOODleOCq+ODoeODqeODh+OCuOOCv+ODq+OCq+ODoeODqeWutumbu+aZguioiOS4reWPpOOAgOOCveODleODiOOCouOCpuODiOODrOODg+ODiOS4reWPpOODjuODvOODiOODkeOCveOCs+ODs+S4reWPpOODkeOCveOCs+ODs+S4ieiPsembu+apnyDntabmsJfjg6bjg4vjg4Pjg4jnlKjkuqTmj5vnlKjpmaTlobXjg5XjgqPjg6vjgr/jg7wgUC0wOFBRRiAoUDA4UFFGKQ==,5LiJ6I+x6Zu75qmfIOe1puawl+ODpuODi+ODg+ODiOeUqOS6pOaPm+eUqOmZpOWhteODleOCo+ODq+OCv+ODvCBQLTA4UFFGIChQMDhQUUYp[rn]
19-18302,aHR0cDovL3RzaG9wLnIxMHMuanAvYWtpYmFtYWMvY2FiaW5ldC8wNDUyNTcyNi80OTA0MTQwMjE0NDcwLmpwZz9maXRpbj03MDA6NzAw,MTYxLjYwMDA=,,5pel55So5ZOB6ZuR6LKo44O75paH5oi/5YW344O75omL6Iq4ID4g5o6D6Zmk55So5YW3ID4g44Gd44Gu5LuW,44OL44OI44Og44K644K544Oa44Ki44OG44O844OX44Kx44O844K/44Kk44Kz44Ot44Kz44Ot5rSL5pyN55SoIDLlt7vlhaUgQzA0NDc=,,77y75a++5b+c5qmf56iu77y9IOOCseODvOOCv+OCpOOCs+ODreOCs+ODrea0i+acjeeUqA==,44OL44OI44Og44K644K544Oa44Ki44OG44O844OX44Kx44O844K/44Kk44Kz44Ot44Kz44Ot5rSL5pyN55SoIDLlt7vlhaUgQzA0NDfvvJrjgr3jg5Xjg57jg4Pjg5fjgIDjg4fjgrjjgr/jg6vjgrPjg6zjgq/jgrfjg6fjg7M=,44K944OV44Oe44OD44OXIOODh+OCuOOCv+ODq+OCs+ODrOOCr+OCt+ODp+ODs1NvZm1hcCBEaWdpdGFsIENvbGxlY3Rpb27jg5Hjgr3jgrPjg7Pjgr/jg5bjg6zjg4Pjg4hQQ0hEROOCouOCu+ODs+ODluODquODkeODvOODhOODkeOCveOCs+ODs+ODkeODvOODhOODhuODrOODk+OCsuODvOODoOODluODq+ODvOODrOOCpOOCveODleODiERWROOCveODleODiOa2suaZtuODhuODrOODk+ODluODq+ODvOODrOOCpOODh+OCo+OCueOCr+ODrOOCs+ODvOODgOODvOODh+OCuOOCv+ODq+S4gOecvOODrOODleOCq+ODoeODqeODh+OCuOOCv+ODq+OCq+ODoeODqeWutumbu+aZguioiOS4reWPpOOAgOOCveODleODiOOCouOCpuODiOODrOODg+ODiOS4reWPpOODjuODvOODiOODkeOCveOCs+ODs+S4reWPpOODkeOCveOCs+ODs+ODi+ODiOODoOOCuuOCueODmuOCouODhuODvOODl+OCseODvOOCv+OCpOOCs+ODreOCs+ODrea0i+acjeeUqCAy5be75YWlIEMwNDQ3,44OL44OI44Og44K644K544Oa44Ki44OG44O844OX44Kx44O844K/44Kk44Kz44Ot44Kz44Ot5rSL5pyN55SoIDLlt7vlhaUgQzA0NDc=[rn]
19-18303,aHR0cDovL3RzaG9wLnIxMHMuanAvYWtpYmFtYWMvY2FiaW5ldC8wNDUyNTcyNi80OTc2NDA0MzM0MjAwLmpwZz9maXRpbj03MDA6NzAw,MTk2LjgwMDA=,,5pel55So5ZOB6ZuR6LKo44O75paH5oi/5YW344O75omL6Iq4ID4g5o6D6Zmk55So5YW3ID4g44Gd44Gu5LuW,44Oe44O844OK44OL44Ol44O844K544Oq44OgIOibh+WPo+OBvuOCj+OCiuOBruawtOWeouiQveOBqOOBlyBXMzQyIOOAkOaXpeacrOijveOAkQ==,,44Gq44GL44Gq44GL44GK5o6D6Zmk44GX44Gl44KJ44GE6JuH5Y+j44Gu6KOP5YG044Gr44GX44Gj44GL44KK5bGK44GN44G+44GZ44CCIOOBleOCieOBq+OAgeWxseaKmOOCiuOCueODhuODg+ODgeOBjOOBkOOBhOOBkOOBhOWFpeOCiuOBk+OCk+OBp+axmuOCjOOCkuOBi+OBjeWHuuOBl+OBvuOBmeOAgiDmlrDjg4/jg7zjg4nmqLnohILliqDlt6XjgavjgojjgormtJfliaTkuI3opoHjgafjgZnjgaPjgY3jgorjgq3jg6zjgqTjgII=,44Oe44O844OK44OL44Ol44O844K544Oq44OgIOibh+WPo+OBvuOCj+OCiuOBruawtOWeouiQveOBqOOBlyBXMzQyIOOAkOaXpeacrOijveOAke+8muOCveODleODnuODg+ODl+OAgOODh+OCuOOCv+ODq+OCs+ODrOOCr+OCt+ODp+ODsw==,44K944OV44Oe44OD44OXIOODh+OCuOOCv+ODq+OCs+ODrOOCr+OCt+ODp+ODs1NvZm1hcCBEaWdpdGFsIENvbGxlY3Rpb27jg5Hjgr3jgrPjg7Pjgr/jg5bjg6zjg4Pjg4hQQ0hEROOCouOCu+ODs+ODluODquODkeODvOODhOODkeOCveOCs+ODs+ODkeODvOODhOODhuODrOODk+OCsuODvOODoOODluODq+ODvOODrOOCpOOCveODleODiERWROOCveODleODiOa2suaZtuODhuODrOODk+ODluODq+ODvOODrOOCpOODh+OCo+OCueOCr+ODrOOCs+ODvOODgOODvOODh+OCuOOCv+ODq+S4gOecvOODrOODleOCq+ODoeODqeODh+OCuOOCv+ODq+OCq+ODoeODqeWutumbu+aZguioiOS4reWPpOOAgOOCveODleODiOOCouOCpuODiOODrOODg+ODiOS4reWPpOODjuODvOODiOODkeOCveOCs+ODs+S4reWPpOODkeOCveOCs+ODs+ODnuODvOODiuODi+ODpeODvOOCueODquODoCDom4flj6Pjgb7jgo/jgorjga7msLTlnqLokL3jgajjgZcgVzM0MiDjgJDml6XmnKzoo73jgJE=,44Oe44O844OK44OL44Ol44O844K544Oq44OgIOibh+WPo+OBvuOCj+OCiuOBruawtOWeouiQveOBqOOBlyBXMzQyIOOAkOaXpeacrOijveOAkQ==[rn]
19-18304,aHR0cDovL3RzaG9wLnIxMHMuanAvYWtpYmFtYWMvY2FiaW5ldC8wNDUyNTcyNi80OTc2NDA0MzEyMTQ3LmpwZz9maXRpbj03MDA6NzAw,MjY0LjAwMDA=,,5pel55So5ZOB6ZuR6LKo44O75paH5oi/5YW344O75omL6Iq4ID4g5o6D6Zmk55So5YW3ID4g44Gd44Gu5LuW,44Oe44O844OK5o6D6Zmk44Gu6YGU5Lq6IOOBmeOBv+OBo+OBk+ODluODqeOCt++8iOODluODq+ODvO+8iSBXMTIxQiDjgJDml6XmnKzoo73jgJE=,,44OP44OW44Op44K344GK5o6D6Zmk5rS+44Gu5Lq65rOo55uuIeOCguOBo+OBqOWFpeOCiuOBk+OCk+OBp+OCguOBo+OBqOOCreODrOOCpOOBq+OBquOCi+ODluODqeOCt+OAguWxiuOBjeOBq+OBj+OBhOOBmeOBv+OBo+OBk+OBi+OCieaxmuOCjOOCkuOBi+OBjeWHuuOBl+OBvuOBmeOAguOBleOCieOBq+WGheWBtOOBq+WGheiUteOBleOCjOOBpuOCi+Wwj+OBleOBquODluODqeOCt+OBr+OCguOBo+OBqOe0sOOBi+OBqumDqOWIhuOBq09LIemaoOOCjOOBn+axmuOCjOOCgumAg+OBjOOBleOBmuOCreODo+ODg+ODgeOAgg==,44Oe44O844OK5o6D6Zmk44Gu6YGU5Lq6IOOBmeOBv+OBo+OBk+ODluODqeOCt++8iOODluODq+ODvO+8iSBXMTIxQiDjgJDml6XmnKzoo73jgJHvvJrjgr3jg5Xjg57jg4Pjg5fjgIDjg4fjgrjjgr/jg6vjgrPjg6zjgq/jgrfjg6fjg7M=,44K944OV44Oe44OD44OXIOODh+OCuOOCv+ODq+OCs+ODrOOCr+OCt+ODp+ODs1NvZm1hcCBEaWdpdGFsIENvbGxlY3Rpb27jg5Hjgr3jgrPjg7Pjgr/jg5bjg6zjg4Pjg4hQQ0hEROOCouOCu+ODs+ODluODquODkeODvOODhOODkeOCveOCs+ODs+ODkeODvOODhOODhuODrOODk+OCsuODvOODoOODluODq+ODvOODrOOCpOOCveODleODiERWROOCveODleODiOa2suaZtuODhuODrOODk+ODluODq+ODvOODrOOCpOODh+OCo+OCueOCr+ODrOOCs+ODvOODgOODvOODh+OCuOOCv+ODq+S4gOecvOODrOODleOCq+ODoeODqeODh+OCuOOCv+ODq+OCq+ODoeODqeWutumbu+aZguioiOS4reWPpOOAgOOCveODleODiOOCouOCpuODiOODrOODg+ODiOS4reWPpOODjuODvOODiOODkeOCveOCs+ODs+S4reWPpOODkeOCveOCs+ODs+ODnuODvOODiuaOg+mZpOOBrumBlOS6uiDjgZnjgb/jgaPjgZPjg5bjg6njgrfvvIjjg5bjg6vjg7zvvIkgVzEyMUIg44CQ5pel5pys6KO944CR,44Oe44O844OK5o6D6Zmk44Gu6YGU5Lq6IOOBmeOBv+OBo+OBk+ODluODqeOCt++8iOODluODq+ODvO+8iSBXMTIxQiDjgJDml6XmnKzoo73jgJE=[rn]
19-18305,aHR0cDovL3RzaG9wLnIxMHMuanAvYWtpYmFtYWMvY2FiaW5ldC8wNDA4MjcwOS80OTAzMzIwNTg0NTI1LmpwZz9maXRpbj03MDA6NzAw,MTY4LjgwMDA=,,5pel55So5ZOB6ZuR6LKo44O75paH5oi/5YW344O75omL6Iq4ID4g5o6D6Zmk55So5YW3ID4g44Gd44Gu5LuW,44Os44OD44Kv44Ki44Of5oi444Gu5r+A6JC944Gh44GP44KTSUnvvIjjgrnjg5rjgqLvvIkgUy0yOTUgKFMyOTUp,,44OJ44Kk44OE55Sf44G+44KM44Gu5paw57Sg5p2Q44Oh44Op44Of44Oz44Kv44Oq44O844OK44O844CC5rC044KS44Gk44GR44Gm6Lu944GP44GT44GZ44KL44Gg44GR44CC44CM44Ki44Of5oi444Gu5r+A6JC944Gh44GP44KTSUnjgI3jgrnjg5rjgqLnlKjjgII=,44Os44OD44Kv44Ki44Of5oi444Gu5r+A6JC944Gh44GP44KTSUnvvIjjgrnjg5rjgqLvvIkgUy0yOTUgKFMyOTUp77ya44K944OV44Oe44OD44OX44CA44OH44K444K/44Or44Kz44Os44Kv44K344On44Oz,44K944OV44Oe44OD44OXIOODh+OCuOOCv+ODq+OCs+ODrOOCr+OCt+ODp+ODs1NvZm1hcCBEaWdpdGFsIENvbGxlY3Rpb27jg5Hjgr3jgrPjg7Pjgr/jg5bjg6zjg4Pjg4hQQ0hEROOCouOCu+ODs+ODluODquODkeODvOODhOODkeOCveOCs+ODs+ODkeODvOODhOODhuODrOODk+OCsuODvOODoOODluODq+ODvOODrOOCpOOCveODleODiERWROOCveODleODiOa2suaZtuODhuODrOODk+ODluODq+ODvOODrOOCpOODh+OCo+OCueOCr+ODrOOCs+ODvOODgOODvOODh+OCuOOCv+ODq+S4gOecvOODrOODleOCq+ODoeODqeODh+OCuOOCv+ODq+OCq+ODoeODqeWutumbu+aZguioiOS4reWPpOOAgOOCveODleODiOOCouOCpuODiOODrOODg+ODiOS4reWPpOODjuODvOODiOODkeOCveOCs+ODs+S4reWPpOODkeOCveOCs+ODs+ODrOODg+OCr+OCouODn+aIuOOBrua/gOiQveOBoeOBj+OCk0lJ77yI44K544Oa44Ki77yJIFMtMjk1IChTMjk1KQ==,44Os44OD44Kv44Ki44Of5oi444Gu5r+A6JC944Gh44GP44KTSUnvvIjjgrnjg5rjgqLvvIkgUy0yOTUgKFMyOTUp[rn]
19-18306,aHR0cDovL3RzaG9wLnIxMHMuanAvYWtpYmFtYWMvY2FiaW5ldC8wNDUyNTcyNi80OTc2NDA0MzE3OTA2LmpwZz9maXRpbj03MDA6NzAw,Mjc1LjIwMDA=,,5pel55So5ZOB6ZuR6LKo44O75paH5oi/5YW344O75omL6Iq4ID4g5o6D6Zmk55So5YW3ID4g44Gd44Gu5LuW,44Oe44O844OK44OL44Ol44O844K544Oq44OgIOawtOWeouOBqOOCiuOCueODneODs+OCuO+8iDHlgIvlhaXjgorvvIkgVzE3OSDjgJDml6XmnKzoo73jgJE=,,44K144OD44Go44Gy44Go5out44GN44GX44Gm5rC05Z6i44KS5q6L44GV44Gq44GE44GK5o6D6Zmk44K544Od44Oz44K444CC5paw44OP44O844OJ5qi56ISC5Yqg5bel44Gr44KI44KK44GX44Gk44GT44GE5rC05Z6i44KS5rSX5Ymk44Gq44GX44Gn44GT44Gd44GS6JC944Go44GX44G+44GZ44CC44OQ44K544K/44OW44KE5rSX6Z2i5Y+w44Gq44Gp5rC044G+44KP44KK44Gu44GK5o6D6Zmk44Gr44CC,44Oe44O844OK44OL44Ol44O844K544Oq44OgIOawtOWeouOBqOOCiuOCueODneODs+OCuO+8iDHlgIvlhaXjgorvvIkgVzE3OSDjgJDml6XmnKzoo73jgJHvvJrjgr3jg5Xjg57jg4Pjg5fjgIDjg4fjgrjjgr/jg6vjgrPjg6zjgq/jgrfjg6fjg7M=,44K944OV44Oe44OD44OXIOODh+OCuOOCv+ODq+OCs+ODrOOCr+OCt+ODp+ODs1NvZm1hcCBEaWdpdGFsIENvbGxlY3Rpb27jg5Hjgr3jgrPjg7Pjgr/jg5bjg6zjg4Pjg4hQQ0hEROOCouOCu+ODs+ODluODquODkeODvOODhOODkeOCveOCs+ODs+ODkeODvOODhOODhuODrOODk+OCsuODvOODoOODluODq+ODvOODrOOCpOOCveODleODiERWROOCveODleODiOa2suaZtuODhuODrOODk+ODluODq+ODvOODrOOCpOODh+OCo+OCueOCr+ODrOOCs+ODvOODgOODvOODh+OCuOOCv+ODq+S4gOecvOODrOODleOCq+ODoeODqeODh+OCuOOCv+ODq+OCq+ODoeODqeWutumbu+aZguioiOS4reWPpOOAgOOCveODleODiOOCouOCpuODiOODrOODg+ODiOS4reWPpOODjuODvOODiOODkeOCveOCs+ODs+S4reWPpOODkeOCveOCs+ODs+ODnuODvOODiuODi+ODpeODvOOCueODquODoCDmsLTlnqLjgajjgorjgrnjg53jg7PjgrjvvIgx5YCL5YWl44KK77yJIFcxNzkg44CQ5pel5pys6KO944CR,44Oe44O844OK44OL44Ol44O844K544Oq44OgIOawtOWeouOBqOOCiuOCueODneODs+OCuO+8iDHlgIvlhaXjgorvvIkgVzE3OSDjgJDml6XmnKzoo73jgJE=[rn]
19-18307,aHR0cDovL3RzaG9wLnIxMHMuanAvYWtpYmFtYWMvY2FiaW5ldC8wNDUyNTcyNi80OTAzMTgwNTE0ODkyLmpwZz9maXRpbj03MDA6NzAw,MjIyLjQwMDA=,,5pel55So5ZOB6ZuR6LKo44O75paH5oi/5YW344O75omL6Iq4ID4g5o6D6Zmk55So5YW3ID4g44Gd44Gu5LuW,44Ok44Oe44K244Kt44Kz44Oz44OJ44OrIOOBguOCk+OBl+OCk+OCpuOCqOODg+ODiOOCt+ODvOODiCAyMOaemuWFpSAoSyk=,,44Ki44Or44Kr44Oq44Kk44Kq44Oz5rC044Gn5rGa44KM44KS5out44GN5Y+W44KL44Gu44Gn5rSX5Ymk44KS5L2/44GE44Gf44GP44Gq44GE5aC05omA44Gn5pyA6YGp44CC5rK55rGa44KM44KC5rWu44GL44GX44Gm5Y+W44KM44G+44GZ44CC,44Ok44Oe44K244Kt44Kz44Oz44OJ44OrIOOBguOCk+OBl+OCk+OCpuOCqOODg+ODiOOCt+ODvOODiCAyMOaemuWFpSAoSynvvJrjgr3jg5Xjg57jg4Pjg5fjgIDjg4fjgrjjgr/jg6vjgrPjg6zjgq/jgrfjg6fjg7M=,44K944OV44Oe44OD44OXIOODh+OCuOOCv+ODq+OCs+ODrOOCr+OCt+ODp+ODs1NvZm1hcCBEaWdpdGFsIENvbGxlY3Rpb27jg5Hjgr3jgrPjg7Pjgr/jg5bjg6zjg4Pjg4hQQ0hEROOCouOCu+ODs+ODluODquODkeODvOODhOODkeOCveOCs+ODs+ODkeODvOODhOODhuODrOODk+OCsuODvOODoOODluODq+ODvOODrOOCpOOCveODleODiERWROOCveODleODiOa2suaZtuODhuODrOODk+ODluODq+ODvOODrOOCpOODh+OCo+OCueOCr+ODrOOCs+ODvOODgOODvOODh+OCuOOCv+ODq+S4gOecvOODrOODleOCq+ODoeODqeODh+OCuOOCv+ODq+OCq+ODoeODqeWutumbu+aZguioiOS4reWPpOOAgOOCveODleODiOOCouOCpuODiOODrOODg+ODiOS4reWPpOODjuODvOODiOODkeOCveOCs+ODs+S4reWPpOODkeOCveOCs+ODs+ODpOODnuOCtuOCreOCs+ODs+ODieODqyDjgYLjgpPjgZfjgpPjgqbjgqjjg4Pjg4jjgrfjg7zjg4ggMjDmnprlhaUgKEsp,44Ok44Oe44K244Kt44Kz44Oz44OJ44OrIOOBguOCk+OBl+OCk+OCpuOCqOODg+ODiOOCt+ODvOODiCAyMOaemuWFpSAoSyk=[rn]
19-18308,aHR0cDovL3RzaG9wLnIxMHMuanAvYWtpYmFtYWMvY2FiaW5ldC8wNDUyNTcyNi80OTc2NDA0MzM0MDQwLmpwZz9maXRpbj03MDA6NzAw,Mjg4LjgwMDA=,,5pel55So5ZOB6ZuR6LKo44O75paH5oi/5YW344O75omL6Iq4ID4g5o6D6Zmk55So5YW3ID4g44Gd44Gu5LuW,44Oe44O844OK44KP44KT44Gx44GP44K344Ol44O844K644OW44Op44K377yI44OW44Or44O877yJIFczNDBC,,V+akjeavm+OBp+azoeaMgeOBoeaKnOe+pOOBruODluODqeOCt+OBqOOAgee0sOmDqOOCkuOBl+OBo+OBi+OCiua0l+OBiOOCi+OBi+OBjeWHuuOBl+ODluODqeOCt+OBp+OCrOODs+OCs+OBquaxmuOCjOOCguOBmeOBo+OBjeOCiuOCreODrOOCpOOBq+OAguafhOOBq+OBr+WKm+OCkuWFpeOCjOOChOOBmeOBhOOCiOOBhuOAgeaMh+OCueODiOODg+ODkeODvOOBjOOBpOOBhOOBpuOBvuOBmeOAgumdtOW6leOBruegguWIqeiQveOBqOOBl+OCgk9LIQ==,44Oe44O844OK44KP44KT44Gx44GP44K344Ol44O844K644OW44Op44K377yI44OW44Or44O877yJIFczNDBC77ya44K944OV44Oe44OD44OX44CA44OH44K444K/44Or44Kz44Os44Kv44K344On44Oz,44K944OV44Oe44OD44OXIOODh+OCuOOCv+ODq+OCs+ODrOOCr+OCt+ODp+ODs1NvZm1hcCBEaWdpdGFsIENvbGxlY3Rpb27jg5Hjgr3jgrPjg7Pjgr/jg5bjg6zjg4Pjg4hQQ0hEROOCouOCu+ODs+ODluODquODkeODvOODhOODkeOCveOCs+ODs+ODkeODvOODhOODhuODrOODk+OCsuODvOODoOODluODq+ODvOODrOOCpOOCveODleODiERWROOCveODleODiOa2suaZtuODhuODrOODk+ODluODq+ODvOODrOOCpOODh+OCo+OCueOCr+ODrOOCs+ODvOODgOODvOODh+OCuOOCv+ODq+S4gOecvOODrOODleOCq+ODoeODqeODh+OCuOOCv+ODq+OCq+ODoeODqeWutumbu+aZguioiOS4reWPpOOAgOOCveODleODiOOCouOCpuODiOODrOODg+ODiOS4reWPpOODjuODvOODiOODkeOCveOCs+ODs+S4reWPpOODkeOCveOCs+ODs+ODnuODvOODiuOCj+OCk+OBseOBj+OCt+ODpeODvOOCuuODluODqeOCt++8iOODluODq+ODvO+8iSBXMzQwQg==,44Oe44O844OK44KP44KT44Gx44GP44K344Ol44O844K644OW44Op44K377yI44OW44Or44O877yJIFczNDBC[rn]
19-18309,aHR0cDovL3RzaG9wLnIxMHMuanAvZmlyc3RtYXJrZXQvY2FiaW5ldC8wMzc5ODczOC8yMDE1MTJzYW11bmVpcnUvaW1ncmMwMDcwMDk0MzMxLmpwZz9maXRpbj03MDA6NzAw,Nzg0LjAwMDA=,,5pel55So5ZOB6ZuR6LKo44O75paH5oi/5YW344O75omL6Iq4ID4g5o6D6Zmk55So5YW3ID4g44Gd44Gu5LuW,44CQ5YWo5ZOBNeWAjVDnpa0gNC8xNCAxMDowMO+9njQvMTcgMDk6NTnjgJHljZPkuIog44Of44OL44Kv44Oq44O844OK44O8IOODj+ODs+ODh+OCo+OCr+ODquODvOODiuODvCDjgrPjg7zjg4njg6zjgrkg6Zu75rGgIOOBhOOBoeOBlCDmjoPpmaTmqZ8g44Kz44Oz44OR44Kv44OIIOWwj+WeiyDjgYvjgo/jgYTjgYQg44Kv44Oq44O844OK44O8IOODj+ODs+ODh+OCo+ODvOOCr+ODquODvOODiuODvCDjg4/jg7Pjg4njgq/jg6rjg7zjg4rjg7wg44OP44Oz44OH44KjIOODn+ODiyDjgqTjg4HjgrQg6Iu6,5Y2T5LiKIOODn+ODi+OCr+ODquODvOODiuODvCDjg4/jg7Pjg4fjgqPjgq/jg6rjg7zjg4rjg7wg44Kz44O844OJ44Os44K5IOmbu+axoA==,PCEtLSDllYblk4HoqbPntLDnlLvlg48gLS0+CjxwPjxpbWcgc3JjPSJodHRwOi8vd3d3LnJha3V0ZW4ubmUuanAvZ29sZC9maXJzdG1hcmtldC9nb29kcy1pbWcvY2gwNzY4LmpwZyIgd2lkdGg9IjEwMCUiIGFsdD0i5ZWG5ZOB6Kmz57SwIiAvPjwvcD4KCgoK4pag44OR44K944Kz44Oz44KE44OH44K544Kv44G+44KP44KK44Gu44G744GT44KK44CB5raI44GX44K044Og44GL44GZ44CB6aOf44G554mp44Gu44GL44GZ44Gq44Gp44KS57Ch5Y2Y44Gr5o6D6Zmk44GZ44KL44GT44Go44GM44Gn44GN44KL44CB44Go44Gj44Gm44KC5L6/5Yip44Gq44OP44Oz44OH44Kj44Kv44Oq44O844OK44O844Gn44GZ44CCPGJyPjxicj4K4pag44Kk44OB44K044Gu44GL44KP44GE44GE44OH44K244Kk44Oz44GM5Lq65rCX4pmqPGJyPjxicj4K44CQ5ZWG5ZOB5LuV5qeY44CRPGJyPgrpm7vmupDvvJrljZjkuInpm7vmsaAy5pys77yI5Yil5aOy44KK77yJPGJyPgrjgrXjgqTjgrrvvJo4KjEwKjZjbTxicj4K6YeN44GV77ya57SEMTIyZ++8iOmbu+axoOWQq+OBvuOBmu+8iTxicj4K57Sg5p2Q77yaUFZDPGJyPgrnlJ/nlKPlnLDvvJrkuK3lm708YnI+CuKAu+aXpeacrOiqnuOBruiqrOaYjuabuOOBr+S7mOWxnuOBl+OBvuOBm+OCk+OAgjxicj48YnI+PGJyPuOAkOS/neiovOOAkTxicj7jgZPjgaHjgonjga7llYblk4Hjga/jgIHmtbflpJbjgYvjgonjga7kuKbooYzovLjlhaXlk4Hjga7jgZ/jgoHjg6Hjg7zjgqvjg7zkv53oqLzjgYzku5jlsZ7jgZfjgb7jgZvjgpPjgII8YnI+44Gd44Gu44Gf44KB44CB5b2T5bqX44Gn44Gu5L+u55CG562J44Gu44K144Od44O844OI44Gv44GK5Y+X44GR44Gn44GN44G+44Gb44KT44Gu44Gn5L2V5Y2S44GU5LqG5om/44GP44Gg44GV44GE44CCPGJyPuWIneacn+S4jeiJr+OBr+OAgeWVhuWTgeWIsOedgOaXpeOCiOOCijEw5pel6ZaT44Gu44GU5a++5b+c5pyf6ZaT44Go44Gq44KK44G+44GZ44CCPGJyPjxicj4KPGltZyBzcmM9Imh0dHA6Ly9pbWFnZS5yYWt1dGVuLmNvLmpwL2ZpcnN0bWFya2V0L2NhYmluZXQvMDM5ODE1MjAvY2gwNzY4LXJldi5qcGcid2lkdGg9IjEwMCUiIGFsdD0i44Os44OT44Ol44O8IiAvPgo8YnI+PGJyPgo8aW1nIHNyYz0iaHR0cDovL3d3dy5yYWt1dGVuLm5lLmpwL2dvbGQvZmlyc3RtYXJrZXQvZ29vZHMtaW1nL3lvdW1haWxfYmFubmVyLmpwZyIgIFdpZHRoPSIxMDAlIiAvPg==,44CQ5YWo5ZOBNeWAjVDnpa0gNC8xNCAxMDowMO+9njQvMTcgMDk6NTnjgJHljZPkuIog44Of44OL44Kv44Oq44O844OK44O8IOODj+ODs+ODh+OCo+OCr+ODquODvOODiuODvCDjgrPjg7zjg4njg6zjgrkg6Zu75rGgIOOBhOOBoeOBlCDmjoPpmaTmqZ8g44Kz44Oz44OR44Kv44OIIOWwj+WeiyDjgYvjgo/jgYTjgYQg44Kv44Oq44O844OK44O8IOODj+ODs+ODh+OCo+ODvOOCr+ODquODvOODiuODvCDjg4/jg7Pjg4njgq/jg6rjg7zjg4rjg7wg44OP44Oz44OH44KjIOODn+ODiyDjgqTjg4HjgrQg6Iu677ya44OV44Kh44O844K544OI44Oe44O844Kx44OD44OI,44CQ5YWo5ZOBNeWAjVDnpa0gNC8xNCAxMDowMO+9njQvMTcgMDk6NTnjgJHljZPkuIog44Of44OL44Kv44Oq44O844OK44O8IOODj+ODs+ODh+OCo+OCr+ODquODvOODiuODvCDjgrPjg7zjg4njg6zjgrkg6Zu75rGgIOOBhOOBoeOBlCDmjoPpmaTmqZ8g44Kz44Oz44OR44Kv44OIIOWwj+WeiyDjgYvjgo/jgYTjgYQg44Kv44Oq44O844OK44O8IOODj+ODs+ODh+OCo+ODvOOCr+ODquODvOODiuODvCDjg4/jg7Pjg4njgq/jg6rjg7zjg4rjg7wg44OP44Oz44OH44KjIOODn+ODiyDjgqTjg4HjgrQg6Iu6,5Y2T5LiKIOODn+ODi+OCr+ODquODvOODiuODvCDjg4/jg7Pjg4fjgqPjgq/jg6rjg7zjg4rjg7wg44Kz44O844OJ44Os44K5IOmbu+axoOOAguOAkOWFqOWTgTXlgI1Q56WtIDQvMTQgMTA6MDDvvZ40LzE3IDA5OjU544CR5Y2T5LiKIOODn+ODi+OCr+ODquODvOODiuODvCDjg4/jg7Pjg4fjgqPjgq/jg6rjg7zjg4rjg7wg44Kz44O844OJ44Os44K5IOmbu+axoCDjgYTjgaHjgZQg5o6D6Zmk5qmfIOOCs+ODs+ODkeOCr+ODiCDlsI/lnosg44GL44KP44GE44GEIOOCr+ODquODvOODiuODvCDjg4/jg7Pjg4fjgqPjg7zjgq/jg6rjg7zjg4rjg7wg44OP44Oz44OJ44Kv44Oq44O844OK44O8IOODj+ODs+ODh+OCoyDjg5/jg4sg44Kk44OB44K0IOiLug==[rn]
19-18310,aHR0cDovL3RzaG9wLnIxMHMuanAvZS1rdXJhc2hpL2NhYmluZXQvbWFpbi0wMDEvMDA3L21haW4teDI3MjcuanBnP2ZpdGluPTcwMDo3MDA=,NTMxMi4wMDAw,,5pel55So5ZOB6ZuR6LKo44O75paH5oi/5YW344O75omL6Iq4ID4g5o6D6Zmk55So5YW3ID4g44Gd44Gu5LuW,44CQ44GC44GZ5qW944CRIOODnuODquODs+WVhuS6iyDlhYXpm7vlvI/jg5Djgrnjg53jg6rjg4Pjgrfjg6Pjg7wgRUwtNDAwODUg6Zu75YuV44OQ44K544Od44Oq44OD44K344Oj44O8IOWFhembu+ODkOOCueODneODquODg+OCt+ODo+ODvCDjg5bjg6njgrcg5o6D6ZmkIOafhOS7mOOBjSDpoqjlkYIg44CQ6YCB5paZ54Sh5paZ44CR,44CQ5pyf6ZaT6ZmQ5a6aNe+8hU9GRuOAkQ==,77yeIOOCq+ODhuOCtOODquODiOODg+ODlzxicj48YnI+77yeIOOCreODg+ODgeODs+ODu+aXpeeUqOWTgTxicj48YnI+77yeIOaOg+mZpOODu+a0l+a/r+eUqOWTgTxicj48YnI+77yeIOaOg+mZpOeUqOWTgTxicj48YnI+PHA+PGltZyBzcmM9Imh0dHA6Ly9pbWFnZS5yYWt1dGVuLmNvLmpwL2Uta3VyYXNoaS9jYWJpbmV0L3BjX3N1Yi8wMjQveDI3MjctMDEuanBnIiB3aWR0aD0iMTAwJSI+PC9wPjxicj48YnI+CjxwPjxpbWcgc3JjPSJodHRwOi8vaW1hZ2UucmFrdXRlbi5jby5qcC9lLWt1cmFzaGkvY2FiaW5ldC9wY19zdWIvMDI0L3gyNzI3LTAyX3QuanBnIiB3aWR0aD0iMTAwJSI+PC9wPjxjZW50ZXI+PGJyPjx0YWJsZSB3aWR0aD0iODUlIj48dHIgYmdjb2xvcj0iI2JmMDAwMCI+PHRkIGhlaWdodD0iNTAiIGFsaWduPSJjZW50ZXIiPjxiPjxmb250IGNvbG9yPSIjZmZmZmZmIiBzaXplPSIrMiI+44OR44K944Kz44Oz54mI44Gn6Kmz57Sw56K66KqN4oeSPC9mb250PjwvYj48L3RkPjwvdHI+PC90YWJsZT48YnI+PC9jZW50ZXI+PGNlbnRlcj4KPHRhYmxlIHdpZHRoPSIxMDAlIiBjZWxscGFkZGluZz0iNCIgY2VsbHNwYWNpbmc9IjEiIGJnY29sb3I9IiM2NjAwMzMiPgo8dHIgYmdjb2xvcj0iI0ZGRkZGRiI+Cjx0ZCB3aWR0aD0iMTAwJSIgY29sc3Bhbj0iMiI+PGZvbnQgc2l6ZT0iMiIgY29sb3I9IiM2NjAwMzMiPuODnuODquODs+WVhuS6iyA8YnI+5YWF6Zu75byP44OQ44K544Od44Oq44OD44K344Oj44O8IDxicj5FTC00MDA4NTwvZm9udD48L3RkPgo8L3RyPgo8dHIgYmdjb2xvcj0iI0ZGRkZGRiI+Cjx0ZCB3aWR0aD0iMjAlIiBiZ2NvbG9yPSIjQzc5ODU4Ij48Zm9udCBzaXplPSIyIiBjb2xvcj0iI0ZGRkZGRiI+5pys5L2T44K144Kk44K6PC9mb250PjwvdGQ+Cjx0ZCB3aWR0aD0iNzUlIj48Zm9udCBzaXplPSIyIiBjb2xvcj0iIzY2MDAzMyI+5bmFMTHDl+WlpeihjDYuM8OX6auY44GVNTktMTA3Y23jgIDph43ph484MDBnPC9mb250PjwvdGQ+CjwvdHI+Cjx0ciBiZ2NvbG9yPSIjRkZGRkZGIj4KPHRkIHdpZHRoPSIyMCUiIGJnY29sb3I9IiNDNzk4NTgiPjxmb250IHNpemU9IjIiIGNvbG9yPSIjRkZGRkZGIj7mnZDos6o8L2ZvbnQ+PC90ZD4KPHRkIHdpZHRoPSI3NSUiPjxmb250IHNpemU9IjIiIGNvbG9yPSIjNjYwMDMzIj5BQlPmqLnohILjgIHjg53jg6rjg5fjg63jg5Tjg6zjg7PjgIHjg4rjgqTjg63jg7PjgIHjg53jg6rjgqjjgrnjg4bjg6s8L2ZvbnQ+PC90ZD4KPC90cj4KPHRyIGJnY29sb3I9IiNGRkZGRkYiPgo8dGQgd2lkdGg9IjIwJSIgYmdjb2xvcj0iI0M3OTg1OCI+PGZvbnQgc2l6ZT0iMiIgY29sb3I9IiNGRkZGRkYiPuWVhuWTgeiqrOaYjjwvZm9udD48L3RkPgo8dGQgd2lkdGg9Ijc1JSI+PGZvbnQgc2l6ZT0iMiIgY29sb3I9IiM2NjAwMzMiPuKXj+OCu+ODg+ODiOWGheWuue+8muODkOOCueODluODqeOCt+Wkp+OAgeODkOOCueODluODqeOCt+Wwj+OAgeODneOCpOODs+ODiOODluODqeOCt+OAgeOCueODneODs+OCuOODluODqeOCt+OAgeWFhembu+eUqOODleODg+OCr+OAgUFD44Ki44OA44OX44K/44O8PGJyPuKXj+mbu+a6kO+8mkFDMTAwVjxicj7il4/jgrPjg7zjg4nplbfjgZXvvJoxLjhtPGJyPuKXj+iFsOOCkuabsuOBkuOBmuOBq+eri+OBo+OBn+OBvuOBvua1tOanveOBrumaheOAheOBvuOBp+ODqeOCr+ODqeOCr+OBiuaOg+mZpDxicj7il4/lhYXpm7vlvI/jgarjga7jgafjgrDjg7zjg7Pjgajmpb3jgavmjoPpmaTlj6/og708YnI+4peP44K544OG44Kj44OD44Kv44CB44OP44Oz44OH44Kj44Go5L2/44GE5YiG44GR44Gm44Op44Kv44Op44Kv44GK5o6D6ZmkPGJyPuKXjzTnqK7poZ7jga7jg5bjg6njgrfjgpLkvb/jgYTliIbjgZHjgabmtJfjgYTjgavjgY/jgYTloLTmiYDjgoLjg6njgq/jg6njgq/jgYrmjoPpmaQ8YnI+4peP57SEOOaZgumWk+OBruWFhembu+OBp+OAgee0hDMw5YiG5L2/55So44Gn44GN44G+44GZPGJyPuKXj+S9v+eUqOaZguOBruOCteOCpOOCujxicj7jgrnjg4bjgqPjg4Pjgq/jgr/jgqTjg5fplbfjgZXvvJoxMTJjbSjigLvjg5bjg6njgrflpKfoo4XnnYDmmYIpPGJyPuODj+ODs+ODh+OCo+OCv+OCpOODl++8mumVt+OBlTY0LjVjbSjigLvjg5bjg6njgrflpKfoo4XnnYDmmYIpPC9mb250PjwvdGQ+CjwvdHI+Cjx0ciBiZ2NvbG9yPSIjRkZGRkZGIj4KPHRkIGJnY29sb3I9IiNDNzk4NTgiPjxmb250IHNpemU9IjIiIGNvbG9yPSIjRkZGRkZGIj7llYblk4E8YnI+6KOc6Laz6Kqs5piOPC9mb250PjwvdGQ+Cjx0ZD48Zm9udCBzaXplPSIyIiBjb2xvcj0iIzY2MDAzMyI+WUFNQVpFTiDjg6Tjg57jgrzjg7Mg5bGx5ZaEIOmAmuiyqSDjg57jg6rjg7PllYbkuosg6aKo5ZGC5o6D6ZmkIOODleODreOBneOBhuOBmCDlpKfmjoPpmaQg5p+E5LuY44GNIOaOg+mZpOeUqOWTgSDmjoPpmaTpgZPlhbcg5o6D6Zmk55So5YW3IOmbu+WLleODkOOCueODneODquODg+OCt+ODo+ODvCDjg5bjg6njgrc8L2ZvbnQ+PC90ZD4KPC90cj4KPC90YWJsZT4KPC9jZW50ZXI+PGJyPjxicj48YnI+PGJyPjxpbWcgc3JjPSJodHRwOi8vd3d3LnJha3V0ZW4ubmUuanAvZ29sZC9lLWt1cmFzaGkvc3AuZ2lmIiBoZWlnaHQ9IjAiPgo8YnI+PGNlbnRlcj48cD48aW1nIHNyYz0iaHR0cDovL3d3dy5yYWt1dGVuLm5lLmpwL2dvbGQvZS1rdXJhc2hpL2FzdV9pbWcvc3BfYXN1cmFrdS5qcGciIHdpZHRoPSIxMDAlIj48L3A+PC9jZW50ZXI+,44CQ44GC44GZ5qW944CRIOODnuODquODs+WVhuS6iyDlhYXpm7vlvI/jg5Djgrnjg53jg6rjg4Pjgrfjg6Pjg7wgRUwtNDAwODUg6Zu75YuV44OQ44K544Od44Oq44OD44K344Oj44O8IOWFhembu+ODkOOCueODneODquODg+OCt+ODo+ODvCDjg5bjg6njgrcg5o6D6ZmkIOafhOS7mOOBjSDpoqjlkYIg44CQ6YCB5paZ54Sh5paZ44CR77ya44GP44KJ44GX44Gu772F44K344On44OD44OX,6YCB5paZ54Sh5paZ6YCa6LKp5pqu44KJ44GX44GuZeOCt+ODp+ODg+ODl+OBk+OBn+OBpOODm+ODg+ODiOOCq+ODvOODmuODg+ODiOmbu+awl+avm+W4g+aJh+miqOapn+ODj+ODs+OCrOODvOODqeODg+OCr+OCq+ODvOODnOODs+ODkuODvOOCv+ODvOODmeODg+ODieaaruOBl+OBrmXjgrfjg6fjg4Pjg5fmmq7jgonjgZfjga5lLXNob3Djgq/jg63jg7zjgrzjg4Pjg4jmmq7jgZfjga5lLXNob3DmnKzmo5rjgY/jgonjgZfjga5lLXNob3Djgrvjg6njg5/jg4Pjgq/jg5Ljg7zjgr/jg7zjg4bjg7Pjg4jluqfmpIXlrZDlsbHlloTjgJDjgYLjgZnmpb3jgJEg44Oe44Oq44Oz5ZWG5LqLIOWFhembu+W8j+ODkOOCueODneODquODg+OCt+ODo+ODvCBFTC00MDA4NSDpm7vli5Xjg5Djgrnjg53jg6rjg4Pjgrfjg6Pjg7wg5YWF6Zu744OQ44K544Od44Oq44OD44K344Oj44O8IOODluODqeOCtyDmjoPpmaQg5p+E5LuY44GNIOmiqOWRgiDjgJDpgIHmlpnnhKHmlpnjgJE=,44CQ5pyf6ZaT6ZmQ5a6aNe+8hU9GRuOAkeOAguOAkOOBguOBmealveOAkSDjg57jg6rjg7PllYbkuosg5YWF6Zu75byP44OQ44K544Od44Oq44OD44K344Oj44O8IEVMLTQwMDg1IOmbu+WLleODkOOCueODneODquODg+OCt+ODo+ODvCDlhYXpm7vjg5Djgrnjg53jg6rjg4Pjgrfjg6Pjg7wg44OW44Op44K3IOaOg+mZpCDmn4Tku5jjgY0g6aKo5ZGCIOOAkOmAgeaWmeeEoeaWmeOAkQ==[rn]
19-18311,aHR0cDovL3RzaG9wLnIxMHMuanAvaWktc2FrdXJhL2NhYmluZXQvbm9iZS03L2F2Zi1zLmpwZz9maXRpbj03MDA6NzAw,MTA2NC44MDAw,,5pel55So5ZOB6ZuR6LKo44O75paH5oi/5YW344O75omL6Iq4ID4g5o6D6Zmk55So5YW3ID4g44Gd44Gu5LuW,4peG5Y+w5pWw6ZmQ5a6aL+W5s+aXpSjmnIjvvZ7ph5Hjg7vnpZ3npa3ml6XpmaTjgY8p57+M5pel5Ye66I23T0vvvIHilqDjgJIzTS/jgrnjg6rjg7zjgqjjg6DjgJBBVkYtU+OAkeODleOCo+ODq+OCv+ODrOODg+ODiOepuuawl+a4hea1hOODleOCo+ODq+OCv+ODvA==,5o+b5rCX5omHXDNNL+OCueODquODvOOCqOODoFzjg5XjgqPjg6vjgr/jg7w=,4oC75Zub6KeS5b2i44Gu57Wm5rCX5Y+j44Gr44Gv5a++5b+c44GX44Gm44GK44KK44G+44Gb44KT44CCCuKAu+eUu+WDj+OBr+OCpOODoeODvOOCuOOBp+OBmeOAguKXj+S7leanmArjgqvjg5Djg7wgMeOCswrjg5njg7zjgrnvvIhT44K144Kk44K677yJIDHjgrMK44OP44Kk44Kw44Os44O844OJ44OV44Kj44Or44K/44O8IDLmnpoK4peP44OV44Kj44Or44K/44O844K144Kk44K6CuebtOW+hDE2Y20K77yI5a++5b+c57Wm5rCX5Y+j44K144Kk44K677ya55u05b6EMTItMTVjbe+8iQril4/mnZDos6oK4pag44Kr44OQ44O8CkFCU+aoueiEggrilqDjg5njg7zjgrkKQUJT5qi56ISC44CB44Ki44Kv44Oq44Or57O75Lih6Z2i44OG44O844OXCuKWoOODleOCo+ODq+OCv+ODvArjg53jg6rjg5fjg63jg5Tjg6zjg7MK44OV44Kh44Kk44OQ44O8PGltZyBzcmM9Imh0dHA6Ly9pbWFnZS5yYWt1dGVuLmNvLmpwL2Nsb3Zlcjk2MDgvY2FiaW5ldC9ub2JlLTgvM20tMS0xLmpwZyIgPjxpbWcgc3JjPSJodHRwOi8vaW1hZ2UucmFrdXRlbi5jby5qcC9jbG92ZXI5NjA4L2NhYmluZXQvbm9iZS04LzNtLTItMS5qcGciID4=,4peG5Y+w5pWw6ZmQ5a6aL+W5s+aXpSjmnIjvvZ7ph5Hjg7vnpZ3npa3ml6XpmaTjgY8p57+M5pel5Ye66I23T0vvvIHilqDjgJIzTS/jgrnjg6rjg7zjgqjjg6DjgJBBVkYtU+OAkeODleOCo+ODq+OCv+ODrOODg+ODiOepuuawl+a4hea1hOODleOCo+ODq+OCv+ODvO+8muOBguOBhOOBguOBhOOCt+ODp+ODg+ODl+OBleOBj+OCiQ==,4peG5Y+w5pWw6ZmQ5a6aL+W5s+aXpSjmnIjvvZ7ph5Hjg7vnpZ3npa3ml6XpmaTjgY8p57+M5pel5Ye66I23T0vvvIHilqDjgJIzTS/jgrnjg6rjg7zjgqjjg6DjgJBBVkYtU+OAkeODleOCo+ODq+OCv+ODrOODg+ODiOepuuawl+a4hea1hOODleOCo+ODq+OCv+ODvA==,5o+b5rCX5omHXDNNL+OCueODquODvOOCqOODoFzjg5XjgqPjg6vjgr/jg7zjgILil4blj7DmlbDpmZDlrpov5bmz5pelKOaciO+9numHkeODu+elneelreaXpemZpOOBjynnv4zml6Xlh7rojbdPS++8geKWoOOAkjNNL+OCueODquODvOOCqOODoOOAkEFWRi1T44CR44OV44Kj44Or44K/44Os44OD44OI56m65rCX5riF5rWE44OV44Kj44Or44K/44O8[rn]
19-18312,aHR0cDovL3RzaG9wLnIxMHMuanAvYWtpYmFtYWMvY2FiaW5ldC8wNTI2NDA2OS80OTAwMzA5MDE2ODg2LmpwZz9maXRpbj03MDA6NzAw,NTE4LjQwMDA=,,5pel55So5ZOB6ZuR6LKo44O75paH5oi/5YW344O75omL6Iq4ID4g5pel55So5ZOB44O755Sf5rS76ZuR6LKoID4g6KKLID4g44Gd44Gu5LuW,44Ki44O844Or44OI44Op44OZ44Or55So6KGj6aGe55So5Zyn57iu6KKLIExM77yIMuaemuWFpe+8iSBGLTIwMDggKEYyMDA4KQ==,,4pag44OA44Km44OzODDvvIXku6XkuIrjga7jg4Djgqbjg7Pjgrjjg6PjgrHjg4Pjg4jjgoLlnKfnuK5PS++8gTxicj7ilqDnqbrmsJfjga7pgIbmtYHjgpLpmLLjgZDlvIHku5jjgY3jgafjgZfjgaPjgYvjgorkv53lrZjjgII8YnI+4pag5a+G5bCB5Zyn57iu44GZ44KL44GT44Go44Gr44KI44Gj44Gm44CB44OA44OL44O744Kr44OT44O75rm/5rCX44Gu5L615YWl44KS6Ziy44GE44Gn6KGj6aGe44KS5riF5r2U44Gr5L+d566h44GX44G+44GX44KH44GG44CC,44Ki44O844Or44OI44Op44OZ44Or55So6KGj6aGe55So5Zyn57iu6KKLIExM77yIMuaemuWFpe+8iSBGLTIwMDggKEYyMDA4Ke+8muOCveODleODnuODg+ODl+OAgOODh+OCuOOCv+ODq+OCs+ODrOOCr+OCt+ODp+ODsw==,44K944OV44Oe44OD44OXIOODh+OCuOOCv+ODq+OCs+ODrOOCr+OCt+ODp+ODs1NvZm1hcCBEaWdpdGFsIENvbGxlY3Rpb27jg5Hjgr3jgrPjg7Pjgr/jg5bjg6zjg4Pjg4hQQ0hEROOCouOCu+ODs+ODluODquODkeODvOODhOODkeOCveOCs+ODs+ODkeODvOODhOODhuODrOODk+OCsuODvOODoOODluODq+ODvOODrOOCpOOCveODleODiERWROOCveODleODiOa2suaZtuODhuODrOODk+ODluODq+ODvOODrOOCpOODh+OCo+OCueOCr+ODrOOCs+ODvOODgOODvOODh+OCuOOCv+ODq+S4gOecvOODrOODleOCq+ODoeODqeODh+OCuOOCv+ODq+OCq+ODoeODqeWutumbu+aZguioiOS4reWPpOOAgOOCveODleODiOOCouOCpuODiOODrOODg+ODiOS4reWPpOODjuODvOODiOODkeOCveOCs+ODs+S4reWPpOODkeOCveOCs+ODs+OCouODvOODq+ODiOODqeODmeODq+eUqOiho+mhnueUqOWcp+e4ruiiiyBMTO+8iDLmnprlhaXvvIkgRi0yMDA4IChGMjAwOCk=,44Ki44O844Or44OI44Op44OZ44Or55So6KGj6aGe55So5Zyn57iu6KKLIExM77yIMuaemuWFpe+8iSBGLTIwMDggKEYyMDA4KQ==[rn]
19-18313,aHR0cDovL3RzaG9wLnIxMHMuanAvbWFtYWJhYnkvY2FiaW5ldC9za2F0ZXIyLzk0NzQxMDQtZS5qcGc/Zml0aW49NzAwOjcwMA==,MzYwLjAwMDA=,,5pel55So5ZOB6ZuR6LKo44O75paH5oi/5YW344O75omL6Iq4ID4g5pel55So5ZOB44O755Sf5rS76ZuR6LKoID4g6KKLID4g44Gd44Gu5LuW,44OB44Oj44OD44Kv5LuY44OX44OB6KKLMzDmnprlhaXjgoog44Od44Kx44OD44OI44Oi44Oz44K544K/44O8IOODmeOCueODiOOCpuOCpOODg+OCt+ODpSBDUEYzMFvmlrDnlJ/mtLvjg7vmlrDlhaXlrabjg7vlhaXlnJLjg7vjgq3jg6Pjg6nlvIHjg7vjgYrlvIHlvZPooovjg7vjgYrlvIHlvZPnrrHjg7vjg5Tjgq/jg4vjg4Pjgq/jg7vjg6njg7Pjg4Hjg5zjg4Pjgq/jgrkg44O744Kt44Oj44Op44Kv44K/44O844O76Kq/55CG6Zai6YCj44Kw44OD44K644O76YGg6LazXVvjgrnjgrHjg7zjgr/jg7xd44CQ5qW944Ku44OVX+WMheijheOAkeOAkETjgJHjgJBSQ1DjgJHjgJAwMlAzME1heTE144CR,5bqX5YaF5LiA6YOo5ZWG5ZOB44Od44Kk44Oz44OIVVDimIbmnIDlpKcxMOWAje+8gQ==,PCEtLeKWvOOCq+OCtOS4i+ODkOODiuODvC0tPjxjZW50ZXI+PGZvbnQgY29sb3I9IiNmZjE0OTMiIHNpemU9IjYiPjxiPi0t5Lq65rCX5oCl5LiK5piH44Ki44Kk44OG44OgLS08L2I+PC9jZW50ZXI+PC9mb250PjxpZnJhbWUgc3JjPSJodHRwOi8vd3d3LnJha3V0ZW4ubmUuanAvZ29sZC9tYW1hYmFieS9jYXJ0Lmh0bWwiIHdpZHRoPSIxMDAlIiBoZWlnaHQ9IjQwMCIgc2Nyb2xsaW5nPSJubyIgZnJhbWVib3JkZXI9IjAiID0iIj48L2lmcmFtZSDjgIA+PGJyPjwhLS3ilrLjgqvjgrTkuIvjg5Djg4rjg7wtLT4KPGI+PGZvbnQgY29sb3I9IkRvZGdlckJsdWUiPjPjgaTjga7jgrXjgqTjgrrjgafjgajjgaPjgabjgoLkvr/liKnimarimao8L2ZvbnQ+PC9iPjxicj48YnI+Cgoz44K144Kk44K644Gu6KKL44GM5ZCEMTDmnprjgZrjgaTlhaXjgaPjgabjgYTjgb7jgZnimarimao8YnI+CuODgeODo+ODg+OCr+S7mOOBquOBruOBp+OAgeaVtOeQhuaVtOmgk+OBq+acgOmBqeOBp+OBme+8gTxicj48YnI+Cgril4/llYblk4HjgrXjgqTjgrrvvIjntITvvIk8YnI+CiDjgIDlpKfvvJrnuKYxMsOX5qiqOC43Y208YnI+CiDjgIDkuK3vvJrnuKY5LjjDl+aoqjcuMWNtPGJyPgog44CA5bCP77ya57imOC42w5fmqKo2LjFjbTxicj4K4peP5Y6a44GV77yaMC4wN21tCgo8YnI+PGJyPjxiPuKGk+KGk+OBiueuuOODu+OCueODl+ODvOODs+ODu+ODleOCqeODvOOCr+OBquOBqeKZquKZqjwvYj48YnI+CjxiPuKYheOCueODl+ODvOODsyDjg53jgrHjg4Pjg4jjg6Ljg7Pjgrnjgr/jg7wg44OZ44K544OI44Km44Kk44OD44K344OlIFM5PC9iPjxicj4KPGI+4piF44OV44Kp44O844KvIOODneOCseODg+ODiOODouODs+OCueOCv+ODvCDjg5njgrnjg4jjgqbjgqTjg4Pjgrfjg6UgRjk8L2I+PGJyPgo8Yj7imIXjgrnjg6njgqTjg4nnrrjvvIbnrrjnrrHjgrvjg4Pjg4gg44Od44Kx44OD44OI44Oi44Oz44K544K/44O8IOODmeOCueODiOOCpuOCpOODg+OCt+ODpSBBQlMyQTwvYj48YnI+CjxiPuKYheOCueODqeOCpOODieW8j+ODiOODquOCquOCu+ODg+ODiCDjg53jgrHjg4Pjg4jjg6Ljg7Pjgrnjgr/jg7wg44OZ44K544OI44Km44Kk44OD44K344OlIFRDUzFBPC9iPjxicj4KPGI+4oaT4oaT44Kz44OD44OX44Gq44Gp4pmq4pmqPC9iPjxicj4KPGI+4piF44OX44Op44Kz44OD44OXIOODneOCseODg+ODiOODouODs+OCueOCv+ODvCDjg5njgrnjg4jjgqbjgqTjg4Pjgrfjg6UgS0U0QTwvYj48YnI+CjxiPuKYheOCs+ODg+ODl+iiiyDjg53jgrHjg4Pjg4jjg6Ljg7Pjgrnjgr/jg7wg44OZ44K544OI44Km44Kk44OD44K344OlIEtCNjI8L2I+PGJyPgo8Yj7ihpPihpPjg6njg7Pjg4Hjg5zjg4Pjgq/jgrnimarimao8L2I+PGJyPgo8Yj7imIXjgr/jgqTjg4jjg6njg7Pjg4Hjg5zjg4Pjgq/jgrnop5Llnosg44Od44Kx44OD44OI44Oi44Oz44K544K/44O8IOODmeOCueODiOOCpuOCpOODg+OCt+ODpSBSQjNBPC9iPjxicj4KPGI+4piF44K/44Kk44OI44Op44Oz44OB44Oc44OD44Kv44K55bCP5YikIOODneOCseODg+ODiOODouODs+OCueOCv+ODvCDjg5njgrnjg4jjgqbjgqTjg4Pjgrfjg6UgUUEyQkE8L2I+PGJyPgo8Yj7imIXjgqLjg6vjg5/lvIHlvZPnrrEgMzcwbWwg44Od44Kx44OD44OI44Oi44Oz44K544K/44O8IOODmeOCueODiOOCpuOCpOODg+OCt+ODpSBBTEI1TlY8L2I+PGJyPgo8Yj7imIXjgrfjg7zjg6vlrrnlmagzUOOCu+ODg+ODiCDjg53jgrHjg4Pjg4jjg6Ljg7Pjgrnjgr/jg7wg44OZ44K544OI44Km44Kk44OD44K344OlIFNSUzNTPC9iPjxicj4KPGI+4piFMuauteODlOOCr+ODi+ODg+OCr+ODnOODg+OCr+OCuSDjg53jgrHjg4Pjg4jjg6Ljg7Pjgrnjgr/jg7wg44OZ44K544OI44Km44Kk44OD44K344OlIFAyNTwvYj48YnI+CjxiPuKGk+KGk+OBneOBruS7luOBiuW8geW9k+eUqOWTgeKZquKZqjwvYj48YnI+CjxiPuKYheODqeODs+ODgeOCr+ODreOCuSDjg53jgrHjg4Pjg4jjg6Ljg7Pjgrnjgr/jg7wg44OZ44K544OI44Km44Kk44OD44K344OlIEtCNDwvYj48YnI+CjxiPuKYheODqeODs+ODgeW3vuedgCDjg53jgrHjg4Pjg4jjg6Ljg7Pjgrnjgr/jg7wg44OZ44K544OI44Km44Kk44OD44K344OlIEtCNzwvYj48YnI+CjxiPuKYheODqeODs+ODgeODp+ODs+ODnuODg+ODiCDjg53jgrHjg4Pjg4jjg6Ljg7Pjgrnjgr/jg7wg44OZ44K544OI44Km44Kk44OD44K344OlIExUUDI8L2I+PGJyPgo8Yj7imIXjgYrjgZfjgbzjgorjgrvjg4Pjg4gg44Od44Kx44OD44OI44Oi44Oz44K544K/44O8IOODmeOCueODiOOCpuOCpOODg+OCt+ODpSBPQTQ8L2I+PGJyPgo8Yj7imIXjg6zjgrjjg6Pjg7zjgrfjg7zjg4hTIOODneOCseODg+ODiOODouODs+OCueOCv+ODvCDjg5njgrnjg4jjgqbjgqTjg4Pjgrfjg6UgVlMxPC9iPjxicj4KPGI+4piF44Os44K444Oj44O844K344O844OIKOODleODvOODieS7mCkg44Od44Kx44OD44OI44Oi44Oz44K544K/44O8IOODmeOCueODiOOCpuOCpOODg+OCt+ODpSBWU1IxPC9iPjxicj4KPGI+4piF44OB44Oj44OD44Kv5LuY44OX44OB6KKLMzDmnprlhaXjgoog44Od44Kx44OD44OI44Oi44Oz44K544K/44O8IOODmeOCueODiOOCpuOCpOODg+OCt+ODpSBDUEYzMDwvYj48YnI+,44OB44Oj44OD44Kv5LuY44OX44OB6KKLMzDmnprlhaXjgoog44Od44Kx44OD44OI44Oi44Oz44K544K/44O8IOODmeOCueODiOOCpuOCpOODg+OCt+ODpSBDUEYzMFvmlrDnlJ/mtLvjg7vmlrDlhaXlrabjg7vlhaXlnJLjg7vjgq3jg6Pjg6nlvIHjg7vjgYrlvIHlvZPooovjg7vjgYrlvIHlvZPnrrHjg7vjg5Tjgq/jg4vjg4Pjgq/jg7vjg6njg7Pjg4Hjg5zjg4Pjgq/jgrkg44O744Kt44Oj44Op44Kv44K/44O844O76Kq/55CG6Zai6YCj44Kw44OD44K644O76YGg6LazXVvjgrnjgrHjg7zjgr/jg7xd44CQ5qW944Ku44OVX+WMheijheOAkeOAkETjgJHjgJBSQ1DjgJHjgJAwMlAzME1heTE144CR77ya5a2Q6IKy44Gm44Oe44Oe44Gu5bqX44CA44OZ44OT44O844O744Kt44OD44K6,44Kt44OD44K644OB44Kn44K544OI44OZ44OT44O85a2Q5L6b44GK44KC44Gh44KD5Y+O57SN5a2Q5L6b6YOo5bGL5Y+O57SN44GK44KA44Gk44OH44Kj44K644OL44O844OZ44OT44O844Kr44O844OB44Oj44Kk44Or44OJ44K344O844OI5Ye655Sj44OZ44OT44O844Ku44OV44OI44Kt44OD44K644GT44Gp44KC44OZ44OT44O844OB44Kn44Ki44OZ44OT44O844OI44Kk44Os44Kt44OD44K644Or44O844Og5q2p6KGM5Zmo54mp5bmy44GX44Of44Or44Kv44OB44Oj44OD44Kv5LuY44OX44OB6KKLMzDmnprlhaXjgoog44Od44Kx44OD44OI44Oi44Oz44K544K/44O8IOODmeOCueODiOOCpuOCpOODg+OCt+ODpSBDUEYzMFvmlrDnlJ/mtLvjg7vmlrDlhaXlrabjg7vlhaXlnJLjg7vjgq3jg6Pjg6nlvIHjg7vjgYrlvIHlvZPooovjg7vjgYrlvIHlvZPnrrHjg7vjg5Tjgq/jg4vjg4Pjgq/jg7vjg6njg7Pjg4Hjg5zjg4Pjgq/jgrkg44O744Kt44Oj44Op44Kv44K/44O844O76Kq/55CG6Zai6YCj44Kw44OD44K644O76YGg6LazXVvjgrnjgrHjg7zjgr/jg7xd44CQ5qW944Ku44OVX+WMheijheOAkeOAkETjgJHjgJBSQ1DjgJHjgJAwMlAzME1heTE144CR,5bqX5YaF5LiA6YOo5ZWG5ZOB44Od44Kk44Oz44OIVVDimIbmnIDlpKcxMOWAje+8geOAguODgeODo+ODg+OCr+S7mOODl+ODgeiiizMw5p6a5YWl44KKIOODneOCseODg+ODiOODouODs+OCueOCv+ODvCDjg5njgrnjg4jjgqbjgqTjg4Pjgrfjg6UgQ1BGMzBb5paw55Sf5rS744O75paw5YWl5a2m44O75YWl5ZyS44O744Kt44Oj44Op5byB44O744GK5byB5b2T6KKL44O744GK5byB5b2T566x44O744OU44Kv44OL44OD44Kv44O744Op44Oz44OB44Oc44OD44Kv44K5IOODu+OCreODo+ODqeOCr+OCv+ODvOODu+iqv+eQhumWoumAo+OCsOODg+OCuuODu+mBoOi2s11b44K544Kx44O844K/44O8XeOAkOalveOCruODlV/ljIXoo4XjgJHjgJBE44CR44CQUkNQ44CR44CQMDJQMzBNYXkxNeOAkQ==[rn]
19-18314,aHR0cDovL3RzaG9wLnIxMHMuanAva3VyYXNoaWtlbmtvdS9jYWJpbmV0L29rYWJlLzk1MjE0MDEuanBnP2ZpdGluPTcwMDo3MDA=,MTE5LjIwMDA=,,5pel55So5ZOB6ZuR6LKo44O75paH5oi/5YW344O75omL6Iq4ID4g5pel55So5ZOB44O755Sf5rS76ZuR6LKoID4g6KKLID4g44Gd44Gu5LuW,5pel5pys44K144OL44OR44OD44Kv44GN44Gj44Gh44KT44Gw44Gf44GRIOS/neWtmOiiiyDkuK0gNTDmnprlhaVGLTE344CQVEPjgJE=,44CQ56iO6L68Mzk5MOWGhuS7peS4iuOBp+mAgeaWmeeEoeaWmeOAkQ==,PCEtLeKWvOOCq+OCtOS4i+ODkOODiuODvC0tPjxjZW50ZXI+PGZvbnQgY29sb3I9IiNmZjE0OTMiIHNpemU9IjYiPjwvY2VudGVyPjwvZm9udD48aWZyYW1lIHNyYz0iaHR0cDovL3d3dy5yYWt1dGVuLm5lLmpwL2dvbGQva3VyYXNoaWtlbmtvdS9jYXJ0XzE2MTAxOC5odG1sIiB3aWR0aD0iMTAwJSIgaGVpZ2h0PSI2NzAiIHNjcm9sbGluZz0ibm8iIGZyYW1lYm9yZGVyPSIwIiA9IiI+PC9pZnJhbWUg44CAPjwhLS3ilrLjgqvjgrTkuIvjg5Djg4rjg7wtLT48YnI+CgoKCgoKCgoKCgoKCgoKCgoKCgrjgq3jg4Pjg4Hjg7PjgaflpKfmtLvouo3vvIE8YnI+IOS9leOBi+OBqOS9v+OBiOOCi+ODneODquiii+OBp+OBmTxicj7jg6zjg6Ljg7PjgYw044Gk5YWl44KL44K144Kk44K644Gn44GZPGJyPuacrOWTgeOBr+ODneODquOCqOODgeODrOODs+ijveOBp+OBmeOBruOBp+eEvOWNtOOBl+OBpuOCguacieavkuOCrOOCueOBr+eZuueUn+OBl+OBvuOBm+OCkzxicj48YnI+4peP5ZWG5ZOB44K144Kk44K677yI57SE77yJ77ya5qiqMjXDl+e4pjM1Y208YnI+4peP5ZWG5ZOB6YeN6YeP77yI57SE77yJ77yaMTY1Zzxicj7il4/mnZDos6rvvJrjg53jg6rjgqjjg4Hjg6zjg7PvvIjpgI/mmI7vvIk8YnI+4peP44K744OD44OI5YaF5a6577yaNTDmnprlhaU8YnI+4peP6KKL44Gu5Y6a44G/77yaMC4wMm1tPGJyPuKXj+iAkOWGt+a4qeW6pu+8mi0zMOW6pjxicj7il4/jg6Hjg7zjgqvjg7zvvJrml6XmnKzjgrXjg4vjg5Hjg4Pjgq88YnI+,5pel5pys44K144OL44OR44OD44Kv44GN44Gj44Gh44KT44Gw44Gf44GRIOS/neWtmOiiiyDkuK0gNTDmnprlhaVGLTE344CQVEPjgJHvvJrmmq7jgonjgZflgaXlurfjg43jg4Pjg4jppKg=,44Kt44OD44OB44Oz44OQ44K56Kq/55CG5Zmo5YW35rSX5Ymk44Kv44Oq44K544K/44Or44Ks44Kk44K244O8NTAwbWzmn5Tou5/liaTlrqTlhoXnianlubLjgZfnianlubLjgZflgaXlurfpo5/lk4HjgqLjgqTjg6rjgrnjgqrjg7zjg6Tjg57mjoPpmaTjg4/jg7Pjgqzjg7zmtJfmv6/lj47ntI3nsbPjg4DjgqTjgqjjg4Pjg4jmsLTjg4Djgqbjg4vjg7zjg5Xjg6njgqTjg5Hjg7PnibnojLbml6XmnKzjgrXjg4vjg5Hjg4Pjgq/jgY3jgaPjgaHjgpPjgbDjgZ/jgZEg5L+d5a2Y6KKLIOS4rSA1MOaemuWFpUYtMTfjgJBUQ+OAkQ==,44CQ56iO6L68Mzk5MOWGhuS7peS4iuOBp+mAgeaWmeeEoeaWmeOAkeOAguaXpeacrOOCteODi+ODkeODg+OCr+OBjeOBo+OBoeOCk+OBsOOBn+OBkSDkv53lrZjooosg5LitIDUw5p6a5YWlRi0xN+OAkFRD44CR[rn]
19-18315,aHR0cDovL3RzaG9wLnIxMHMuanAva3VyYXNoaWtlbmtvdS9jYWJpbmV0L29rYWJlLzk1MjE0MDQuanBnP2ZpdGluPTcwMDo3MDA=,MTMyLjAwMDA=,,5pel55So5ZOB6ZuR6LKo44O75paH5oi/5YW344O75omL6Iq4ID4g5pel55So5ZOB44O755Sf5rS76ZuR6LKoID4g6KKLID4g44Gd44Gu5LuW,5pel5pys44K144OL44OR44OD44Kv44Kt44OD44OB44Oz44OR44OD44Kt44O844OKIOS/neWtmOiiiyDkuK0gNTDmnprlhaUg5Y2K6YCP5piOSy0wMuOAkFRD44CR,44CQ56iO6L68Mzk5MOWGhuS7peS4iuOBp+mAgeaWmeeEoeaWmeOAkQ==,PCEtLeKWvOOCq+OCtOS4i+ODkOODiuODvC0tPjxjZW50ZXI+PGZvbnQgY29sb3I9IiNmZjE0OTMiIHNpemU9IjYiPjwvY2VudGVyPjwvZm9udD48aWZyYW1lIHNyYz0iaHR0cDovL3d3dy5yYWt1dGVuLm5lLmpwL2dvbGQva3VyYXNoaWtlbmtvdS9jYXJ0XzE2MTAxOC5odG1sIiB3aWR0aD0iMTAwJSIgaGVpZ2h0PSI2NzAiIHNjcm9sbGluZz0ibm8iIGZyYW1lYm9yZGVyPSIwIiA9IiI+PC9pZnJhbWUg44CAPjwhLS3ilrLjgqvjgrTkuIvjg5Djg4rjg7wtLT48YnI+CgoKCgoKCgoKCgoKCgoKCgoKCgrjgq3jg4Pjg4Hjg7PjgaflpKfmtLvouo3jga7po5/lk4Hkv53lrZjnlKjjg53jg6rooovvvIE8YnI+44K1772e44OD44GoMeaemuOBmuOBpOWPluOCiuWHuuOBm+OBvuOBmTxicj7ph47oj5zjg7vmnpznianjgIHlhrfolLXkv53lrZjjgIHjg6zjg7Pjgrjop6Plh43jgavjgoLjgYrkvb/jgYTjgYTjgZ/jgaDjgZHjgb7jgZk8YnI+44K144Kk44K644Gu55uu5a6J44Gv44CB44Oq44Oz44K044GMMu+9njPlgIvlhaXjgovlpKfjgY3jgZXjgafjgZk8YnI+5pys5ZOB5a655Zmo44Gv44CB54S85Y2044GX44Gm44KC5pyJ5a6z44Gq44Ks44K544KS55m655Sf44GX44G+44Gb44KTPGJyPjxicj7il4/llYblk4HjgrXjgqTjgrrvvIjntITvvInvvJrmqKoyNcOX57imMzVjbTxicj7il4/llYblk4Hph43ph4/vvIjntITvvInvvJoxMDBnPGJyPuKXj+adkOizqu+8muODneODquOCqOODgeODrOODs++8iOWNiumAj+aYju+8iTxicj7il4/jgrvjg4Pjg4jlhoXlrrnvvJo1MOaemuWFpTxicj7il4/ooovjga7ljprjgb/vvJowLjAxbW08YnI+4peP6ICQ5Ya35rip5bqm77yaLTMw5bqmPGJyPuKXj+ijveWTgeS7leanmO+8muODnuODgeS7mOOBjTxicj7il4/jg6Hjg7zjgqvjg7zvvJrml6XmnKzjgrXjg4vjg5Hjg4Pjgq88YnI+,5pel5pys44K144OL44OR44OD44Kv44Kt44OD44OB44Oz44OR44OD44Kt44O844OKIOS/neWtmOiiiyDkuK0gNTDmnprlhaUg5Y2K6YCP5piOSy0wMuOAkFRD44CR77ya5pqu44KJ44GX5YGl5bq344ON44OD44OI6aSo,44Kt44OD44OB44Oz44OQ44K56Kq/55CG5Zmo5YW35rSX5Ymk44Kv44Oq44K544K/44Or44Ks44Kk44K244O8NTAwbWzmn5Tou5/liaTlrqTlhoXnianlubLjgZfnianlubLjgZflgaXlurfpo5/lk4HjgqLjgqTjg6rjgrnjgqrjg7zjg6Tjg57mjoPpmaTjg4/jg7Pjgqzjg7zmtJfmv6/lj47ntI3nsbPjg4DjgqTjgqjjg4Pjg4jmsLTjg4Djgqbjg4vjg7zjg5Xjg6njgqTjg5Hjg7PnibnojLbml6XmnKzjgrXjg4vjg5Hjg4Pjgq/jgq3jg4Pjg4Hjg7Pjg5Hjg4Pjgq3jg7zjg4og5L+d5a2Y6KKLIOS4rSA1MOaemuWFpSDljYrpgI/mmI5LLTAy44CQVEPjgJE=,44CQ56iO6L68Mzk5MOWGhuS7peS4iuOBp+mAgeaWmeeEoeaWmeOAkeOAguaXpeacrOOCteODi+ODkeODg+OCr+OCreODg+ODgeODs+ODkeODg+OCreODvOODiiDkv53lrZjooosg5LitIDUw5p6a5YWlIOWNiumAj+aYjkstMDLjgJBUQ+OAkQ==[rn]
19-18316,aHR0cDovL3RzaG9wLnIxMHMuanAva3VyYXNoaWtlbmtvdS9jYWJpbmV0L29rYWJlLzk1MjE0MDAuanBnP2ZpdGluPTcwMDo3MDA=,MTEwLjQwMDA=,,5pel55So5ZOB6ZuR6LKo44O75paH5oi/5YW344O75omL6Iq4ID4g5pel55So5ZOB44O755Sf5rS76ZuR6LKoID4g6KKLID4g44Gd44Gu5LuW,5pel5pys44K144OL44OR44OD44Kv44GN44Gj44Gh44KT44Gw44Gf44GRIOS/neWtmOiiiyDlsI8gNTDmnprlhaVGLTE244CQVEPjgJE=,44CQ56iO6L68Mzk5MOWGhuS7peS4iuOBp+mAgeaWmeeEoeaWmeOAkQ==,PCEtLeKWvOOCq+OCtOS4i+ODkOODiuODvC0tPjxjZW50ZXI+PGZvbnQgY29sb3I9IiNmZjE0OTMiIHNpemU9IjYiPjwvY2VudGVyPjwvZm9udD48aWZyYW1lIHNyYz0iaHR0cDovL3d3dy5yYWt1dGVuLm5lLmpwL2dvbGQva3VyYXNoaWtlbmtvdS9jYXJ0XzE2MTAxOC5odG1sIiB3aWR0aD0iMTAwJSIgaGVpZ2h0PSI2NzAiIHNjcm9sbGluZz0ibm8iIGZyYW1lYm9yZGVyPSIwIiA9IiI+PC9pZnJhbWUg44CAPjwhLS3ilrLjgqvjgrTkuIvjg5Djg4rjg7wtLT48YnI+CgoKCgoKCgoKCgoKCgoKCgoKCgrkvZXjgYvjgajkvb/jgYjjgovjg53jg6rooovjgafjgZk8YnI+5bCP54mp44KS44G+44Go44KB44KL44Gu44Gr5L6/5Yip44Gq44K144Kk44K644Gn44GZPGJyPuacrOWTgeOBr+ODneODquOCqOODgeODrOODs+ijveOBp+OBmeOBruOBp+eEvOWNtOOBl+OBpuOCguacieavkuOCrOOCueOBr+eZuueUn+OBl+OBvuOBm+OCkzxicj48YnI+4peP5ZWG5ZOB44K144Kk44K677yI57SE77yJ77ya5qiqMTjDl+e4pjI1Y208YnI+4peP5ZWG5ZOB6YeN6YeP77yI57SE77yJ77yaOTBnPGJyPuKXj+adkOizqu+8muODneODquOCqOODgeODrOODs++8iOmAj+aYju+8iTxicj7il4/jgrvjg4Pjg4jlhoXlrrnvvJo1MOaemuWFpTxicj7il4/ooovjga7ljprjgb/vvJowLjAybW08YnI+4peP6ICQ5Ya35rip5bqm77yaLTMw5bqmPGJyPuKXj+ODoeODvOOCq+ODvO+8muaXpeacrOOCteODi+ODkeODg+OCrzxicj4=,5pel5pys44K144OL44OR44OD44Kv44GN44Gj44Gh44KT44Gw44Gf44GRIOS/neWtmOiiiyDlsI8gNTDmnprlhaVGLTE244CQVEPjgJHvvJrmmq7jgonjgZflgaXlurfjg43jg4Pjg4jppKg=,44Kt44OD44OB44Oz44OQ44K56Kq/55CG5Zmo5YW35rSX5Ymk44Kv44Oq44K544K/44Or44Ks44Kk44K244O8NTAwbWzmn5Tou5/liaTlrqTlhoXnianlubLjgZfnianlubLjgZflgaXlurfpo5/lk4HjgqLjgqTjg6rjgrnjgqrjg7zjg6Tjg57mjoPpmaTjg4/jg7Pjgqzjg7zmtJfmv6/lj47ntI3nsbPjg4DjgqTjgqjjg4Pjg4jmsLTjg4Djgqbjg4vjg7zjg5Xjg6njgqTjg5Hjg7PnibnojLbml6XmnKzjgrXjg4vjg5Hjg4Pjgq/jgY3jgaPjgaHjgpPjgbDjgZ/jgZEg5L+d5a2Y6KKLIOWwjyA1MOaemuWFpUYtMTbjgJBUQ+OAkQ==,44CQ56iO6L68Mzk5MOWGhuS7peS4iuOBp+mAgeaWmeeEoeaWmeOAkeOAguaXpeacrOOCteODi+ODkeODg+OCr+OBjeOBo+OBoeOCk+OBsOOBn+OBkSDkv53lrZjooosg5bCPIDUw5p6a5YWlRi0xNuOAkFRD44CR[rn]
19-18317,aHR0cDovL3RzaG9wLnIxMHMuanAva3VyYXNoaWtlbmtvdS9jYWJpbmV0L29rYWJlLzk1MjE0MDIuanBnP2ZpdGluPTcwMDo3MDA=,MTcwLjQwMDA=,,5pel55So5ZOB6ZuR6LKo44O75paH5oi/5YW344O75omL6Iq4ID4g5pel55So5ZOB44O755Sf5rS76ZuR6LKoID4g6KKLID4g44Gd44Gu5LuW,5pel5pys44K144OL44OR44OD44Kv44GN44Gj44Gh44KT44Gw44Gf44GRIOS/neWtmOiiiyDlpKcgNTDmnprlhaVGLTE444CQVEPjgJE=,44CQ56iO6L68Mzk5MOWGhuS7peS4iuOBp+mAgeaWmeeEoeaWmeOAkQ==,PCEtLeKWvOOCq+OCtOS4i+ODkOODiuODvC0tPjxjZW50ZXI+PGZvbnQgY29sb3I9IiNmZjE0OTMiIHNpemU9IjYiPjwvY2VudGVyPjwvZm9udD48aWZyYW1lIHNyYz0iaHR0cDovL3d3dy5yYWt1dGVuLm5lLmpwL2dvbGQva3VyYXNoaWtlbmtvdS9jYXJ0XzE2MTAxOC5odG1sIiB3aWR0aD0iMTAwJSIgaGVpZ2h0PSI2NzAiIHNjcm9sbGluZz0ibm8iIGZyYW1lYm9yZGVyPSIwIiA9IiI+PC9pZnJhbWUg44CAPjwhLS3ilrLjgqvjgrTkuIvjg5Djg4rjg7wtLT48YnI+CgoKCgoKCgoKCgoKCgoKCgoKCgrjgq3jg4Pjg4Hjg7PjgaflpKfmtLvouo3vvIE8YnI+IOS9leOBi+OBqOS9v+OBiOOCi+ODneODquiii+OBp+OBmTxicj7lpKfjgY3jgoHjga7jgqvjg5zjg4Hjg6PjgYzjgZ3jga7jgb7jgb7lhaXjgovjgrXjgqTjgrrjgafjgZk8YnI+5pys5ZOB44Gv44Od44Oq44Ko44OB44Os44Oz6KO944Gn44GZ44Gu44Gn54S85Y2044GX44Gm44KC5pyJ5q+S44Ks44K544Gv55m655Sf44GX44G+44Gb44KTPGJyPjxicj7il4/llYblk4HjgrXjgqTjgrrvvIjntITvvInvvJrmqKozMsOX57imMzhjbTxicj7il4/llYblk4Hph43ph4/vvIjntITvvInvvJoyNDVnPGJyPuKXj+adkOizqu+8muODneODquOCqOODgeODrOODs++8iOmAj+aYju+8iTxicj7il4/jgrvjg4Pjg4jlhoXlrrnvvJo1MOaemuWFpTxicj7il4/ooovjga7ljprjgb/vvJowLjAybW08YnI+4peP6ICQ5Ya35rip5bqm77yaLTMw5bqmPGJyPuKXj+ODoeODvOOCq+ODvO+8muaXpeacrOOCteODi+ODkeODg+OCrzxicj4=,5pel5pys44K144OL44OR44OD44Kv44GN44Gj44Gh44KT44Gw44Gf44GRIOS/neWtmOiiiyDlpKcgNTDmnprlhaVGLTE444CQVEPjgJHvvJrmmq7jgonjgZflgaXlurfjg43jg4Pjg4jppKg=,44Kt44OD44OB44Oz44OQ44K56Kq/55CG5Zmo5YW35rSX5Ymk44Kv44Oq44K544K/44Or44Ks44Kk44K244O8NTAwbWzmn5Tou5/liaTlrqTlhoXnianlubLjgZfnianlubLjgZflgaXlurfpo5/lk4HjgqLjgqTjg6rjgrnjgqrjg7zjg6Tjg57mjoPpmaTjg4/jg7Pjgqzjg7zmtJfmv6/lj47ntI3nsbPjg4DjgqTjgqjjg4Pjg4jmsLTjg4Djgqbjg4vjg7zjg5Xjg6njgqTjg5Hjg7PnibnojLbml6XmnKzjgrXjg4vjg5Hjg4Pjgq/jgY3jgaPjgaHjgpPjgbDjgZ/jgZEg5L+d5a2Y6KKLIOWkpyA1MOaemuWFpUYtMTjjgJBUQ+OAkQ==,44CQ56iO6L68Mzk5MOWGhuS7peS4iuOBp+mAgeaWmeeEoeaWmeOAkeOAguaXpeacrOOCteODi+ODkeODg+OCr+OBjeOBo+OBoeOCk+OBsOOBn+OBkSDkv53lrZjooosg5aSnIDUw5p6a5YWlRi0xOOOAkFRD44CR[rn]
19-18318,aHR0cDovL3RzaG9wLnIxMHMuanAvdGFraXN5by9jYWJpbmV0LzAxMjExODY2LzAxMzM4ODYzL2ltZzU3MTMwMDY3LmpwZz9maXRpbj03MDA6NzAw,MTQ0MDAuMDAwMA==,,5pel55So5ZOB6ZuR6LKo44O75paH5oi/5YW344O75omL6Iq4ID4g5pel55So5ZOB44O755Sf5rS76ZuR6LKoID4g6KKLID4g44Gd44Gu5LuW,44OB44Oj44OD44Kv5LuY44GN44Od44Oq6KKLIOODpuODi+ODkeODg+OCryBFLTTjgIAx44Kx44O844K5MjAw5p6aw5c0MOiii+WFpeOAkHNtdGItbXPjgJE=,6YCB5paZ54Sh5paZ44OB44Oj44OD44Kv44Gn5a+G6ZaJ44CB44K144Kk44K644GE44KN44GE44KN44Om44OL44OR44OD44Kv,44OB44Oj44OD44Kv5LiLMTQww5fooovlt74xMDDDl+WOmuOBvzAuMDRtbTxicj4K5YWl5pWw44CAMjAw5p6aw5c0MOiiiw==,44OB44Oj44OD44Kv5LuY44GN44Od44Oq6KKLIOODpuODi+ODkeODg+OCryBFLTTjgIAx44Kx44O844K5MjAw5p6aJnRpbWVzOzQw6KKL5YWl44CQc210Yi1tc+OAke+8mueAp+WVhuW6lw==,5bGL5aSW54Wn5piO6L6y5qWt55So5ZOB6L6y5qmf5YW36Jek5qOa44G244Gp44GG5qOa44OR44O844K044Op5ZyS6Iq455So5ZOB5a625bqt6I+c5ZyS44Of44K944OO5YyF5LiB5rip5a6k44OQ44O844OZ44Kt44Ol44O844Kz44Oz44Ot5rip5a6k44OP44Op44OD44Kv44K544K/44Kr44K344On44O844OU44Kr6Ziy6I2J44K344O844OI44K244OQ44O844Oz6Zmk6I2J5Ymk44OB44Oj44OD44Kv5LuY44GN44Od44Oq6KKLIOODpuODi+ODkeODg+OCryBFLTTjgIAx44Kx44O844K5MjAw5p6aJnRpbWVzOzQw6KKL5YWl44CQc210Yi1tc+OAkQ==,6YCB5paZ54Sh5paZ44OB44Oj44OD44Kv44Gn5a+G6ZaJ44CB44K144Kk44K644GE44KN44GE44KN44Om44OL44OR44OD44Kv44CC44OB44Oj44OD44Kv5LuY44GN44Od44Oq6KKLIOODpuODi+ODkeODg+OCryBFLTTjgIAx44Kx44O844K5MjAw5p6aJnRpbWVzOzQw6KKL5YWl44CQc210Yi1tc+OAkQ==[rn]
19-18319,aHR0cDovL3RzaG9wLnIxMHMuanAvdGFraXN5by9jYWJpbmV0LzAxMjExODY2LzAxMzM4ODYzL2ltZzU3MTMwMDY3LmpwZz9maXRpbj03MDA6NzAw,MTMzMzMuNjAwMA==,,5pel55So5ZOB6ZuR6LKo44O75paH5oi/5YW344O75omL6Iq4ID4g5pel55So5ZOB44O755Sf5rS76ZuR6LKoID4g6KKLID4g44Gd44Gu5LuW,44OB44Oj44OD44Kv5LuY44GN44Od44Oq6KKLIOODpuODi+ODkeODg+OCryBGLTTjgIAx44Kx44O844K5MTAw5p6aw5c2MOiii+WFpeOAkHNtdGItbXPjgJE=,6YCB5paZ54Sh5paZ44OB44Oj44OD44Kv44Gn5a+G6ZaJ44CB44K144Kk44K644GE44KN44GE44KN44Om44OL44OR44OD44Kv,44OB44Oj44OD44Kv5LiLMTcww5fooovlt74xMjDDl+WOmuOBvzAuMDRtbTxicj4K5YWl5pWw44CAMTAw5p6aw5c2MOiiiw==,44OB44Oj44OD44Kv5LuY44GN44Od44Oq6KKLIOODpuODi+ODkeODg+OCryBGLTTjgIAx44Kx44O844K5MTAw5p6aJnRpbWVzOzYw6KKL5YWl44CQc210Yi1tc+OAke+8mueAp+WVhuW6lw==,5bGL5aSW54Wn5piO6L6y5qWt55So5ZOB6L6y5qmf5YW36Jek5qOa44G244Gp44GG5qOa44OR44O844K044Op5ZyS6Iq455So5ZOB5a625bqt6I+c5ZyS44Of44K944OO5YyF5LiB5rip5a6k44OQ44O844OZ44Kt44Ol44O844Kz44Oz44Ot5rip5a6k44OP44Op44OD44Kv44K544K/44Kr44K344On44O844OU44Kr6Ziy6I2J44K344O844OI44K244OQ44O844Oz6Zmk6I2J5Ymk44OB44Oj44OD44Kv5LuY44GN44Od44Oq6KKLIOODpuODi+ODkeODg+OCryBGLTTjgIAx44Kx44O844K5MTAw5p6aJnRpbWVzOzYw6KKL5YWl44CQc210Yi1tc+OAkQ==,6YCB5paZ54Sh5paZ44OB44Oj44OD44Kv44Gn5a+G6ZaJ44CB44K144Kk44K644GE44KN44GE44KN44Om44OL44OR44OD44Kv44CC44OB44Oj44OD44Kv5LuY44GN44Od44Oq6KKLIOODpuODi+ODkeODg+OCryBGLTTjgIAx44Kx44O844K5MTAw5p6aJnRpbWVzOzYw6KKL5YWl44CQc210Yi1tc+OAkQ==[rn]
19-18320,aHR0cDovL3RzaG9wLnIxMHMuanAvdGFraXN5by9jYWJpbmV0LzAxMjExODY2LzAxMzM4ODYzL2ltZzU3MTMwMDY3LmpwZz9maXRpbj03MDA6NzAw,MTM3MDQuMDAwMA==,,5pel55So5ZOB6ZuR6LKo44O75paH5oi/5YW344O75omL6Iq4ID4g5pel55So5ZOB44O755Sf5rS76ZuR6LKoID4g6KKLID4g44Gd44Gu5LuW,44OB44Oj44OD44Kv5LuY44GN44Od44Oq6KKLIOODpuODi+ODkeODg+OCryBHLTTjgIAx44Kx44O844K5MTAw5p6aw5c1MOiii+WFpeOAkHNtdGItbXPjgJE=,6YCB5paZ54Sh5paZ44OB44Oj44OD44Kv44Gn5a+G6ZaJ44CB44K144Kk44K644GE44KN44GE44KN44Om44OL44OR44OD44Kv,44OB44Oj44OD44Kv5LiLMjAww5fooovlt74xNDDDl+WOmuOBvzAuMDRtbTxicj4K5YWl5pWw44CAMTAw5p6aw5c1MOiiiw==,44OB44Oj44OD44Kv5LuY44GN44Od44Oq6KKLIOODpuODi+ODkeODg+OCryBHLTTjgIAx44Kx44O844K5MTAw5p6aJnRpbWVzOzUw6KKL5YWl44CQc210Yi1tc+OAke+8mueAp+WVhuW6lw==,5bGL5aSW54Wn5piO6L6y5qWt55So5ZOB6L6y5qmf5YW36Jek5qOa44G244Gp44GG5qOa44OR44O844K044Op5ZyS6Iq455So5ZOB5a625bqt6I+c5ZyS44Of44K944OO5YyF5LiB5rip5a6k44OQ44O844OZ44Kt44Ol44O844Kz44Oz44Ot5rip5a6k44OP44Op44OD44Kv44K544K/44Kr44K344On44O844OU44Kr6Ziy6I2J44K344O844OI44K244OQ44O844Oz6Zmk6I2J5Ymk44OB44Oj44OD44Kv5LuY44GN44Od44Oq6KKLIOODpuODi+ODkeODg+OCryBHLTTjgIAx44Kx44O844K5MTAw5p6aJnRpbWVzOzUw6KKL5YWl44CQc210Yi1tc+OAkQ==,6YCB5paZ54Sh5paZ44OB44Oj44OD44Kv44Gn5a+G6ZaJ44CB44K144Kk44K644GE44KN44GE44KN44Om44OL44OR44OD44Kv44CC44OB44Oj44OD44Kv5LuY44GN44Od44Oq6KKLIOODpuODi+ODkeODg+OCryBHLTTjgIAx44Kx44O844K5MTAw5p6aJnRpbWVzOzUw6KKL5YWl44CQc210Yi1tc+OAkQ==[rn]
19-18321,aHR0cDovL3RzaG9wLnIxMHMuanAvdGFraXN5by9jYWJpbmV0LzAxMjExODY2LzAxMzM4ODYzL2ltZzU3MTMwMDY3LmpwZz9maXRpbj03MDA6NzAw,MTI1MzMuNjAwMA==,,5pel55So5ZOB6ZuR6LKo44O75paH5oi/5YW344O75omL6Iq4ID4g5pel55So5ZOB44O755Sf5rS76ZuR6LKoID4g6KKLID4g44Gd44Gu5LuW,44OB44Oj44OD44Kv5LuY44GN44Od44Oq6KKLIOODpuODi+ODkeODg+OCr0gtNOOAgDHjgrHjg7zjgrkxMDDmnprDlzM16KKL5YWl44CQc210Yi1tc+OAkQ==,44OB44Oj44OD44Kv44Gn5a+G6ZaJ44CB44K144Kk44K644GE44KN44GE44KN44Om44OL44OR44OD44Kv,44OB44Oj44OD44Kv5LiLMjQww5fooovlt74xNzDDl+WOmuOBvzAuMDRtbTxicj4K5YWl5pWw44CAMTAw5p6aw5czNeiiiw==,44OB44Oj44OD44Kv5LuY44GN44Od44Oq6KKLIOODpuODi+ODkeODg+OCr0gtNOOAgDHjgrHjg7zjgrkxMDDmnpomdGltZXM7MzXooovlhaXjgJBzbXRiLW1z44CR77ya54Cn5ZWG5bqX,5bGL5aSW54Wn5piO6L6y5qWt55So5ZOB6L6y5qmf5YW36Jek5qOa44G244Gp44GG5qOa44OR44O844K044Op5ZyS6Iq455So5ZOB5a625bqt6I+c5ZyS44Of44K944OO5YyF5LiB5rip5a6k44OQ44O844OZ44Kt44Ol44O844Kz44Oz44Ot5rip5a6k44OP44Op44OD44Kv44K544K/44Kr44K344On44O844OU44Kr6Ziy6I2J44K344O844OI44K244OQ44O844Oz6Zmk6I2J5Ymk44OB44Oj44OD44Kv5LuY44GN44Od44Oq6KKLIOODpuODi+ODkeODg+OCr0gtNOOAgDHjgrHjg7zjgrkxMDDmnpomdGltZXM7MzXooovlhaXjgJBzbXRiLW1z44CR,44OB44Oj44OD44Kv44Gn5a+G6ZaJ44CB44K144Kk44K644GE44KN44GE44KN44Om44OL44OR44OD44Kv44CC44OB44Oj44OD44Kv5LuY44GN44Od44Oq6KKLIOODpuODi+ODkeODg+OCr0gtNOOAgDHjgrHjg7zjgrkxMDDmnpomdGltZXM7MzXooovlhaXjgJBzbXRiLW1z44CR[rn]
19-18322,aHR0cDovL3RzaG9wLnIxMHMuanAvcC10YW5vL2NhYmluZXQvc2hvaGluMTAwXzAyLzExOS04OTI4LmpwZz9maXRpbj03MDA6NzAw,ODIxLjYwMDA=,,5pel55So5ZOB6ZuR6LKo44O75paH5oi/5YW344O75omL6Iq4ID4g5pel55So5ZOB44O755Sf5rS76ZuR6LKoID4g6KKLID4g44Gd44Gu5LuW,44K744Kk44OL44OB44CA44OB44Oj44OD44Kv5LuY6KKL44CA44Om44OL44OR44OD44Kv44CA44Oo44Kz77yS77yU77yQw5fjgr/jg4bvvJPvvJTvvJDDl+WOmuOBv++8kC7vvJDvvJTvvY3vvY3jgIDvvKrvvI3vvJTjgIDvvJHjg5Hjg4Pjgq/vvIjvvJHvvJDvvJDmnprvvIk=,,4pePMjQww5czNDBtbeOBruODgeODo+ODg+OCr+S7mOODneODquiii+OBp+OBmeOAgjxCUj7il4/lronlv4Pjga7ml6XmnKzoo73vvIHvvIE8QlI+4peP6aOf5ZOB6KGb55Sf5rOV6KaP5qC85Z+65rqW6YGp5ZCI5ZOB44CCPGJyPuKXj+S7leanmO+8j++8oe+8lDxCUj7il4/luYXDl+ODgeODo+ODg+OCr+S4i++8j++8ku+8lO+8kMOX77yT77yU77yQ772N772NPEJSPuKXj+WOmuOBle+8j++8kO+8ju+8kO+8lO+9je+9jTxCUj7il4/mnZDos6rvvI/jg53jg6rjgqjjg4Hjg6zjg7PvvIjvvKzvvKTvvLDvvKXvvIk8QlI+4peP77yR44OR44OD44Kv77yd77yR77yQ77yQ5p6a5YWlPEJSPuKAu+ijvemAoOS4iuOAgeWvuOazleODu+WOmuOBleOBq+iLpeW5suOBruODkOODqeOBpOOBjeOBjOOBguOCi+WgtOWQiOOBjOOBlOOBluOBhOOBvuOBmeOAgjxicj7il4/jg6Hjg7zjgqvjg7zvvI/jgrvjgqTjg4vjg4E8YnI+4peP5Z6L55Wq77yP776V776G776K776f776C7724Si00PGJyPuKXj0pBTuOCs+ODvOODie+8jzQ5MDk3NjcxMTIxMDk8YnI+PGJyPuKAu+ODoeODvOOCq+ODvOmDveWQiOOBq+OCiOOCiuODkeODg+OCseODvOOCuOODu+S7leanmOetieOBjOS6iOWRiuOBquOBj+WkieabtOOBleOCjOOCi+WgtOWQiOOBjOOBlOOBluOBhOOBvuOBmeOAguOBlOS6huaJv+OBj+OBoOOBleOBhOOAgjxicj48YnI+5pys5ZWG5ZOB44Gv6Ieq56S+44K144Kk44OI44Gn44KC6LKp5aOy44GX44Gm44GE44KL44Gf44KB44CB44GU5rOo5paH44Gu44K/44Kk44Of44Oz44Kw44Gr44KI44KK44CB55m66YCB44G+44Gn44Gr44GK5pmC6ZaT44KS44GE44Gf44Gg44GE44Gf44KK44CB44KE44KA44KS44GI44Ga44Kt44Oj44Oz44K744Or44GV44Gb44Gm44GE44Gf44Gg44GP5aC05ZCI44GM44GU44GW44GE44G+44GZ44CCPGJyPjxicj7igLvmspbnuITjgbjjga7jgYrlsYrjgZHjga/liKXpgJQxNjIw5YaGKOeojui+vCnjga7pgIHmlpnjgYzjgYvjgYvjgorjgb7jgZnjgII=,44K744Kk44OL44OB44CA44OB44Oj44OD44Kv5LuY6KKL44CA44Om44OL44OR44OD44Kv44CA44Oo44Kz77yS77yU77yQJnRpbWVzO+OCv+ODhu+8k++8lO+8kCZ0aW1lczvljprjgb/vvJAu77yQ77yU772N772N44CA77yqJm1pbnVzO++8lOOAgO+8keODkeODg+OCr++8iO+8ke+8kO+8kOaemu+8ie+8muOBseODvOOBneOBquOCi+OBn+OBruOCgeODvOOCiw==,44K744Kk44OL44OB44CA44OB44Oj44OD44Kv5LuY6KKL44CA44Om44OL44OR44OD44Kv44CA44Oo44Kz77yS77yU77yQJnRpbWVzO+OCv+ODhu+8k++8lO+8kCZ0aW1lczvljprjgb/vvJAu77yQ77yU772N772N44CA77yqJm1pbnVzO++8lOOAgO+8keODkeODg+OCr++8iO+8ke+8kO+8kOaemu+8iQ==,44K744Kk44OL44OB44CA44OB44Oj44OD44Kv5LuY6KKL44CA44Om44OL44OR44OD44Kv44CA44Oo44Kz77yS77yU77yQJnRpbWVzO+OCv+ODhu+8k++8lO+8kCZ0aW1lczvljprjgb/vvJAu77yQ77yU772N772N44CA77yqJm1pbnVzO++8lOOAgO+8keODkeODg+OCr++8iO+8ke+8kO+8kOaemu+8iQ==[rn]
19-18323,aHR0cDovL3RzaG9wLnIxMHMuanAveW1pbmZvL2NhYmluZXQvMDAwNDU0ODEvaW1nNTU4ODk0NDAuanBnP2ZpdGluPTcwMDo3MDA=,MTYwMC4wMDAw,,5pel55So5ZOB6ZuR6LKo44O75paH5oi/5YW344O75omL6Iq4ID4g5pel55So5ZOB44O755Sf5rS76ZuR6LKoID4g6KKLID4g44Gd44Gu5LuW,44KE44GL44KT5LiA5p2v5YiG44Gu5bCR6YeP44OI44K/44Oz5rmv44Gf44KT44G9bWluaeOBvuOCi++8iOOBv+OBq+OBvuOCi++8iee0hDEuMu+8rOWwgueUqOiii+ODu+OBiua5r+OBjOWFpeOCjOOChOOBmeOBhOODn+ODi+OBmOOCh+OBhuOBlOS7mA==,44Kr44Op44OV44Or44Gn44Go44Gj44Gm44KC44GL44KP44GE44GE77yB,,44KE44GL44KT5LiA5p2v5YiG44Gu5bCR6YeP44OI44K/44Oz5rmv44Gf44KT44G9bWluaeOBvuOCi++8iOOBv+OBq+OBvuOCi++8iee0hDEuMu+8rOWwgueUqOiii+ODu+OBiua5r+OBjOWFpeOCjOOChOOBmeOBhOODn+ODi+OBmOOCh+OBhuOBlOS7mO+8muadkeOBrumNm+WGtuWxiw==,5ruR6LuK5YyF5LiB44K344Kn44Or44OV44Oa44Kw44Ko44Ki44O844Kz44Oz44OX44Os44OD44K144O844OQ44O844OZ44Kt44Ol44O86Zmk6I+M44Kv44O844Op44O844Oc44OD44Kv44K544K544OG44Oz44Os44K544Ov44Kk44Ok44O85qCX44KA44GN44OZ44OT44O844K544Oq44Oz44Kw5p2R44Gu6Y2b5Ya25bGL44K544OX44Os44O844Ks44Oz44OV44Op44Ov44O844Ki44O844OB44K544Oi44O844Kr44O86Ziy5rC044K544OX44Os44O844Kz44K344OS44Kr44Oq5ZCI576944Kq44OZ44Oq44K544Kv44Oq44Oz44Kw44KE44GL44KT5LiA5p2v5YiG44Gu5bCR6YeP44OI44K/44Oz5rmv44Gf44KT44G9bWluaeOBvuOCi++8iOOBv+OBq+OBvuOCi++8iee0hDEuMu+8rOWwgueUqOiii+ODu+OBiua5r+OBjOWFpeOCjOOChOOBmeOBhOODn+ODi+OBmOOCh+OBhuOBlOS7mA==,44Kr44Op44OV44Or44Gn44Go44Gj44Gm44KC44GL44KP44GE44GE77yB44CC44KE44GL44KT5LiA5p2v5YiG44Gu5bCR6YeP44OI44K/44Oz5rmv44Gf44KT44G9bWluaeOBvuOCi++8iOOBv+OBq+OBvuOCi++8iee0hDEuMu+8rOWwgueUqOiii+ODu+OBiua5r+OBjOWFpeOCjOOChOOBmeOBhOODn+ODi+OBmOOCh+OBhuOBlOS7mA==[rn]
19-18324,aHR0cDovL3RzaG9wLnIxMHMuanAveW1pbmZvL2NhYmluZXQvMDAwNDU0ODEvaW1nNTYwNjI5MjAuanBnP2ZpdGluPTcwMDo3MDA=,ODAwMC4wMDAw,,5pel55So5ZOB6ZuR6LKo44O75paH5oi/5YW344O75omL6Iq4ID4g5pel55So5ZOB44O755Sf5rS76ZuR6LKoID4g6KKLID4g44Gd44Gu5LuW,44CQc210Yi1US+OAkeOAkOmgkeW8teOBo+OBpumAgeaWmeeEoeaWme+8geOAkee0lOmKheijvea5r+OBn+OCk+OBveOAgDIuNuODquODg+ODiOODq+OAgOiii+OBpOOBjQ==,5pys5L2T44GM57SU6YqF6KO944Gq44Gu44Gn44CB54ax5Lyd5bCO44Gr5YSq44KM5oqX6I+M5raI6Iet5oCn6IO944KC5YW85YKZ77yB,44CQ44CA5ZWG5ZOB5LuV5qeY44CA44CRIArjgrXjgqTjgrog77yI57SE77yJVzMwMMOXRDIyMMOXSDkwbW0gCuWuueOAgOmHjyDvvIjntITvvIkyLjZMIArph43jgIDph48g77yI57SE77yJNzQwZyAK5p2Q44CA6LOqIOmrmOiAkOmjn+aAp+S6nOmJm+ODoeODg+OCremLvOadvyDntJTpioUgCuijvemAoOWbvSDml6XjgIDmnKwgCu+8iOKAu+iii+OBr+S4reWbveijve+8iSAKIArku5jlsZ7lk4Eg44Oc44Ki44Kr44OQ44O8KOeZvSnjg7vjg5/jg4vjgZjjgofjgYbjgZQgCueZuumAgeOBvuOBp+OBruebruWuiSDljbPml6XnmbrpgIEgCgrjgJDms6jmhI/kuovpoIXjgJEgCuKAuyDooajpnaLlh6bnkIbjgpLmlr3jgZfjgabjgYTjgb7jgZnjgILnm7TngavjgafliqDnhrHjgZfjgarjgYTjgafjgY/jgaDjgZXjgYTjgIIgCuKAuyDkvY7muKnngavlgrfjgavjgarjgovjgYrjgZ3jgozjgYzjgYLjgorjgb7jgZnjga7jgafjgIHnm7TmjqXogozjgavjgbXjgozjgabkvb/nlKjjgZfjgarjgYTjgafkuIvjgZXjgYTjgII=,44CQc210Yi1US+OAkeOAkOmgkeW8teOBo+OBpumAgeaWmeeEoeaWme+8geOAkee0lOmKheijvea5r+OBn+OCk+OBveOAgDIuNuODquODg+ODiOODq+OAgOiii+OBpOOBje+8muadkeOBrumNm+WGtuWxiw==,5ruR6LuK5YyF5LiB44K344Kn44Or44OV44Oa44Kw44Ko44Ki44O844Kz44Oz44OX44Os44OD44K144O844OQ44O844OZ44Kt44Ol44O86Zmk6I+M44Kv44O844Op44O844Oc44OD44Kv44K544K544OG44Oz44Os44K544Ov44Kk44Ok44O85qCX44KA44GN44OZ44OT44O844K544Oq44Oz44Kw5p2R44Gu6Y2b5Ya25bGL44K544OX44Os44O844Ks44Oz44OV44Op44Ov44O844Ki44O844OB44K544Oi44O844Kr44O86Ziy5rC044K544OX44Os44O844Kz44K344OS44Kr44Oq5ZCI576944Kq44OZ44Oq44K544Kv44Oq44Oz44Kw44CQc210Yi1US+OAkeOAkOmgkeW8teOBo+OBpumAgeaWmeeEoeaWme+8geOAkee0lOmKheijvea5r+OBn+OCk+OBveOAgDIuNuODquODg+ODiOODq+OAgOiii+OBpOOBjQ==,5pys5L2T44GM57SU6YqF6KO944Gq44Gu44Gn44CB54ax5Lyd5bCO44Gr5YSq44KM5oqX6I+M5raI6Iet5oCn6IO944KC5YW85YKZ77yB44CC44CQc210Yi1US+OAkeOAkOmgkeW8teOBo+OBpumAgeaWmeeEoeaWme+8geOAkee0lOmKheijvea5r+OBn+OCk+OBveOAgDIuNuODquODg+ODiOODq+OAgOiii+OBpOOBjQ==[rn]
19-18325,aHR0cDovL3RzaG9wLnIxMHMuanAvc291a2FpL2NhYmluZXQvMTkvNDkwNDU1NzE3OTExOS5qcGc/Zml0aW49NzAwOjcwMA==,MjIwLjgwMDA=,,5pel55So5ZOB6ZuR6LKo44O75paH5oi/5YW344O75omL6Iq4ID4g5pel55So5ZOB44O755Sf5rS76ZuR6LKoID4g6KKLID4g44Gd44Gu5LuW,44Gq44KT44Gn44KC44OR44OD44KvIOeJueWkp+ODneODquiiiyBM44K144Kk44K6KDHmnprlhaUpW+OCreODg+ODgeODs+eUqOWTgV0=,44Kt44OD44OB44Oz55So5ZOB4piF56iO5oqcMTkwMOWGhuS7peS4iuOBp+mAgeaWmeeEoeaWmeKYhQ==,PGltZyBzcmM9J2h0dHA6Ly93d3cucmFrdXRlbi5uZS5qcC9nb2xkL3NvdWthaS9pbWFnZS8wX3JfY2FtLmpwZycgYm9yZGVyPScwJz48YnI+PGJyPuOBiuW6l1RPUO+8nuaXpeeUqOWTge+8nuOCreODg+ODgeODs+eUqOWTge+8nuOCtOODn+iii++8nuOBquOCk+OBp+OCguODkeODg+OCryDnibnlpKfjg53jg6rooosgTOOCteOCpOOCuiAoMeaemuWFpSk8YnI+PGJyPuKYheeojuaKnDE5MDDlhobku6XkuIrjgafpgIHmlpnnhKHmlpnimIU8YnI+PGJyPuOAkOOBquOCk+OBp+OCguODkeODg+OCryDnibnlpKfjg53jg6rooosgTOOCteOCpOOCuuOBruWVhuWTgeips+e0sOOAkTxicj7il4/lpKfjgY3jgarnianjgafjgoLjgrnjg4Pjg53jg6rlj47ntI3jgII8YnI+4peP57ay5oi444CB5a625YW344CB5ZyS6Iq444CB44Os44K444Oj44O844K344O844OI44Gu44Kr44OQ44O844Gq44Gp44Gr44CCPGJyPjxicj7jgJDjgarjgpPjgafjgoLjg5Hjg4Pjgq8g54m55aSn44Od44Oq6KKLIEzjgrXjgqTjgrrjga7ljp/mnZDmlpnjgJE8YnI+44Od44Oq44Ko44OB44Os44OzPGJyPuOAkOimj+agvOamguimgeOAkTxicj7oo73lk4HjgrXjgqTjgrrjg7vjg7vjg7vluYUxMTAwKumVtzIwMDAq5Y6a44GVMC4wNm1tPGJyPuOAkOazqOaEj+S6i+mgheOAkTxicj7imIXlj5bjgormibHjgYTkuIrjga7ms6jmhI88YnI+44O744GT44Gu6KKL44Gv44CB5bm85YWQ44KE5a2Q5L6b44Gr44Go44Gj44Gm56qS5oGv44Gq44Gp44Gu5Y2x6Zm644GM5Ly044GG44KC44Gu44Gn44GZ44CC5bm85YWQ44KE5a2Q5L6b44Gu5omL44Gu5bGK44GP44Go44GT44KN44Gr572u44GL44Gq44GE44Gn5LiL44GV44GE44CCPGJyPuODu+eqgei1t+OBruOBguOCi+OCguOBruOCkuWFpeOCjOOCi+OBqOadkOizquS4iuegtOOCjOOCi+OBk+OBqOOBjOOBguOCiuOBvuOBmeOBruOBp+OBlOazqOaEj+S4i+OBleOBhOOAgjxicj7jg7vnh4PjgYjjgoTjgZnjgYTjga7jgafjgIHngavjga7jgZ3jgbDjgavnva7jgYvjgarjgYTjgafkuIvjgZXjgYTjgII8YnI+PGJyPuOAkOeZuuWjsuWFg+OAgeijvemAoOWFg+OAgei8uOWFpeWFg+WPiOOBr+iyqeWjsuWFg+OAkTxicj7jgqLjg6vjg5Xjgqnjg7zjgqTjg7Pjgr/jg7zjg4rjgrfjg6fjg4rjg6s8YnI+PGJyPijjgarjgpPjgafjgoJQQUNLIOS9leOBp+OCguODkeODg+OCryDkvZXjgafjgoJQQUNLKTxicj48YnI+44Ki44Or44OV44Kp44O844Kk44Oz44K/44O844OK44K344On44OK44OrPGJyPjI2MS03MTI0IOWNg+iRieecjOWNg+iRieW4gue+jua1nOWMuuS4reeArOS6jOS4geebrjbnlarlnLAxPGJyPjA0My0yMTMtMjY5ODxicj48YnI+5bqD5ZGK5paH6LKs77ya5qCq5byP5Lya56S+54i95b+r44OJ44Op44OD44KwPGJyPjxicj5b44Kt44OD44OB44Oz55So5ZOBXQ==,44Gq44KT44Gn44KC44OR44OD44KvIOeJueWkp+ODneODquiiiyBM44K144Kk44K6KDHmnprlhaUpW+OCreODg+ODgeODs+eUqOWTgV3vvJrniL3lv6vjg4njg6njg4PjgrA=,5o6D6Zmk5rSX5r+v5YGl5bq36aOf5ZOB5rC044O744OJ44Oq44Oz44Kv6aOf5paZ5ZOB5Yy76Jas5ZOB44OY44Or44K544Kx44Ki44OZ44OT44O85pel55So5ZOB44OT44Ol44O844OG44Kj5a626Zu744Oa44OD44OI44K544Od44O844OE44Oq44Op44Kv44K844O844K344On44Oz44Gq44KT44Gn44KC44OR44OD44KvIOeJueWkp+ODneODquiiiyBM44K144Kk44K6KDHmnprlhaUpW+OCreODg+ODgeODs+eUqOWTgV0=,44Kt44OD44OB44Oz55So5ZOB4piF56iO5oqcMTkwMOWGhuS7peS4iuOBp+mAgeaWmeeEoeaWmeKYheOAguOBquOCk+OBp+OCguODkeODg+OCryDnibnlpKfjg53jg6rooosgTOOCteOCpOOCuigx5p6a5YWlKVvjgq3jg4Pjg4Hjg7PnlKjlk4Fd[rn]
19-18326,aHR0cDovL3RzaG9wLnIxMHMuanAvc291a2FpL2NhYmluZXQvNDEvNDU4MDI4NzMyMDY0MS5qcGc/Zml0aW49NzAwOjcwMA==,MTI0LjAwMDA=,,5pel55So5ZOB6ZuR6LKo44O75paH5oi/5YW344O75omL6Iq4ID4g5pel55So5ZOB44O755Sf5rS76ZuR6LKoID4g6KKLID4g44Gd44Gu5LuW,44Kt44OD44OB44Oz44Od44Oq6KKLIOODnOODg+OCr+OCueOCv+OCpOODlyBN44K144Kk44K6IEtCMTIoMTAw5p6a5YWlKVvoootd,6KKL4piF56iO5oqcMTkwMOWGhuS7peS4iuOBp+mAgeaWmeeEoeaWmeKYhQ==,44GK5bqXVE9Q77ye5pel55So5ZOB77ye44Kt44OD44OB44Oz55So5ZOB77ye5L+d5a2Y55So44OQ44OD44KwIOODneODquiii++8nuOCreODg+ODgeODs+ODneODquiiiyDjg5zjg4Pjgq/jgrnjgr/jgqTjg5cgTeOCteOCpOOCuiBLQjEyICgxMDDmnprlhaUpPGJyPjxicj7imIXnqI7mipwxOTAw5YaG5Lul5LiK44Gn6YCB5paZ54Sh5paZ4piFPGJyPjxicj7jgJDjgq3jg4Pjg4Hjg7Pjg53jg6rooosg44Oc44OD44Kv44K544K/44Kk44OXIE3jgrXjgqTjgrogS0IxMuOBruWVhuWTgeips+e0sOOAkTxicj7il4/oloTjgY/jgablvLfjgY/jgIHpo5/lk4Hjga7kv53lrZjjgoTjgq3jg4Pjg4Hjg7Pjga7lvozlp4vmnKvjgarjganjgavkvr/liKnvvIE8YnI+4peP5L2/44GE44KE44GZ44GE44Oc44OD44Kv44K544K/44Kk44OXPGJyPuKXj+ODnuODgeS7mOOBjTxicj7il4/jgZPjga7ooovjga/jgIHnhLzljbTjgZfjgabjgoLloanntKDjgqzjgrnnrYnjga7mnInmr5LjgqzjgrnjgpLnmbrnlJ/jgYTjgZ/jgZfjgb7jgZvjgpPjgII8YnI+4peP6auY5a+G5bqm44Od44Oq44Ko44OB44Os44Oz5L2/55SoPGJyPuKXj+mjn+WTgeeUqDxicj48YnI+44CQ6KaP5qC85qaC6KaB44CRPGJyPuWOn+aWmeaoueiEguODu+ODu+ODu+ODneODquOCqOODgeODrOODszxicj7ogJDlhrfmuKnluqbjg7vjg7vjg7stMzDluqY8YnI+5a+45rOV5aSW5b2i44O744O744O7MjUwKDE5MCs2MCkqMzUwbW08YnI+5Y6a44GV44O744O744O7MC4wMTBtbTxicj7jgJDms6jmhI/kuovpoIXjgJE8YnI+4piF6K2m5ZGKPGJyPuODu+OBk+OBruiii+OBr+W5vOWFkOOChOWtkOS+m+OBq+OBqOOBo+OBpueqkuaBr+OBruWNsemZuuOBjOS8tOOBhuOCguOBruOBp+OBmeOAguW5vOWFkOOChOWtkOS+m+OBruaJi+OBruWxiuOBi+OBquOBhOaJgOOBq+S/neeuoeOBl+OBpuOBj+OBoOOBleOBhOOAgjxicj7imIXms6jmhI88YnI+44O756qB6LW354mp44KS5YWl44KM44KL44Go5p2Q6LOq5LiK56C044KM44KL44GT44Go44GM44GC44KK44G+44GZ44CCPGJyPuODu+WPr+eHg+eJqeOBp+OBmeOBruOBp+eBq+OBruOBneOBsOOBq+e9ruOBi+OBquOBhOOBp+OBj+OBoOOBleOBhOOAgjxicj7jg7vnm7TngavjgoTjgqrjg7zjg5bjg7PjgIHpm7vlrZDjg6zjg7Pjgrjjgafjga7liqDnhrHoqr/nkIbjgavjga/kvb/nlKjjgafjgY3jgb7jgZvjgpPjgII8YnI+PGJyPuOAkOeZuuWjsuWFg+OAgeijvemAoOWFg+OAgei8uOWFpeWFg+WPiOOBr+iyqeWjsuWFg+OAkTxicj7jg4/jgqbjgrnjg5vjg7zjg6vjg4njgrjjg6Pjg5Hjg7M8YnI+PGJyPuODj+OCpuOCueODm+ODvOODq+ODieOCuOODo+ODkeODszxicj41NDItMDA4MSDlpKfpmKrluILkuK3lpK7ljLrljZfoiLnloLQyLTctMTM8YnI+MDEyMC0xNC0yOTY4PGJyPjxicj7luoPlkYrmlofosqzvvJrmoKrlvI/kvJrnpL7niL3lv6vjg4njg6njg4PjgrA8YnI+MDU3MC02NjYtNjMyPGJyPjxicj5b44Kt44OD44OB44Oz55So5ZOBXQ==,44Kt44OD44OB44Oz44Od44Oq6KKLIOODnOODg+OCr+OCueOCv+OCpOODlyBN44K144Kk44K6IEtCMTIoMTAw5p6a5YWlKVvoootd77ya54i95b+r44OJ44Op44OD44Kw,5o6D6Zmk5rSX5r+v5YGl5bq36aOf5ZOB5rC044O744OJ44Oq44Oz44Kv6aOf5paZ5ZOB5Yy76Jas5ZOB44OY44Or44K544Kx44Ki44OZ44OT44O85pel55So5ZOB44OT44Ol44O844OG44Kj5a626Zu744Oa44OD44OI44K544Od44O844OE44Oq44Op44Kv44K844O844K344On44Oz44Kt44OD44OB44Oz44Od44Oq6KKLIOODnOODg+OCr+OCueOCv+OCpOODlyBN44K144Kk44K6IEtCMTIoMTAw5p6a5YWlKVvoootd,6KKL4piF56iO5oqcMTkwMOWGhuS7peS4iuOBp+mAgeaWmeeEoeaWmeKYheOAguOCreODg+ODgeODs+ODneODquiiiyDjg5zjg4Pjgq/jgrnjgr/jgqTjg5cgTeOCteOCpOOCuiBLQjEyKDEwMOaemuWFpSlb6KKLXQ==[rn]
19-18327,aHR0cDovL3RzaG9wLnIxMHMuanAvdm9pY2UvY2FiaW5ldC9idW5ndTQvY3I3MTc3MC5qcGc/Zml0aW49NzAwOjcwMA==,MTQ0LjAwMDA=,,5pel55So5ZOB6ZuR6LKo44O75paH5oi/5YW344O75omL6Iq4ID4g5pel55So5ZOB44O755Sf5rS76ZuR6LKoID4g6KKLID4g44Gd44Gu5LuW,6YCP5piO6KKL44CA77yu44OU44Ol44Ki44OR44OD44Kv44CM44Kr44O844OJ55So44CN44CAMTAw5p6a5YWl44KK77yINzE3NzDvvInjgIDvvJzjg6Hjg7zjg6vkvr/mjIflrppPS++8ng==,44CA,6KaP5qC877ya44Kr44O844OJ55SoPGJyPgrjgrXjgqTjgrrvvJrmqKo3MMOX57imMTAww5fljpowLjAzbW08YnI+CuadkOizqu+8mk9QUOijvSA8YnI+CumAj+aYjuW6puOBq+WEquOCjOOBpuOBhOOCi+OBruOBp+OAgeWGiuWtkOOChOODkeODs+ODleODrOODg+ODiOOBq+acgOmBqTxicj4=,6YCP5piO6KKL44CA77yu44OU44Ol44Ki44OR44OD44Kv44CM44Kr44O844OJ55So44CN44CAMTAw5p6a5YWl44KK77yINzE3NzDvvInjgIDvvJzjg6Hjg7zjg6vkvr/mjIflrppPS++8nu+8muiJsuW3peaIv3ZvaWNl77yP5paH5YW344Kv44Op44OV44OI44OR44Oz44OB,44K544Kv44Op44OD44OX44OW44OD44Kt44Oz44Kw44Kv44Op44OV44OI44OR44Oz44OB44Kr44O844Or5raI44GX44K044Og44OP44Oz44Kz44Ki44K344OD44OJ44OV44Oq44O844Oi44O844Or44K544Kt44Oz44Ot44OH44Kj44Ki44Oe44K544Kt44Oz44Kw44OG44O844OX5omL5biz44Gv44KT44GR44GX6Imy6Ymb562G44K544K/44Oz44OX44Oe44K544OG44OA44Kk44Ki44Oq44O844OL44Ol44Ki44O844K444Ol6ZuR6LKo6YCP5piO6KKL44CA77yu44OU44Ol44Ki44OR44OD44Kv44CM44Kr44O844OJ55So44CN44CAMTAw5p6a5YWl44KK77yINzE3NzDvvInjgIDvvJzjg6Hjg7zjg6vkvr/mjIflrppPS++8ng==,44CA44CC6YCP5piO6KKL44CA77yu44OU44Ol44Ki44OR44OD44Kv44CM44Kr44O844OJ55So44CN44CAMTAw5p6a5YWl44KK77yINzE3NzDvvInjgIDvvJzjg6Hjg7zjg6vkvr/mjIflrppPS++8ng==[rn]
19-18328,aHR0cDovL3RzaG9wLnIxMHMuanAvdm9pY2UvY2FiaW5ldC9idW5ndTQvY3I3MTc3Ni5qcGc/Zml0aW49NzAwOjcwMA==,NzQyLjQwMDA=,,5pel55So5ZOB6ZuR6LKo44O75paH5oi/5YW344O75omL6Iq4ID4g5pel55So5ZOB44O755Sf5rS76ZuR6LKoID4g6KKLID4g44Gd44Gu5LuW,6YCP5piO6KKL44CA77yu44OU44Ol44Ki44OR44OD44Kv44CM77yi77yU44K144Kk44K644CN44CA77yR77yQ77yQ5p6a5YWl44KK77yINzE3NzbvvIk=,44CA,6KaP5qC877ya77yi77yU44K144Kk44K6PGJyPgrjgrXjgqTjgrrvvJrmqKoyNzDDl+e4pjM4MMOX5Y6aMC4wM21tPGJyPgrmnZDos6rvvJpPUFDoo70gPGJyPgrpgI/mmI7luqbjgavlhKrjgozjgabjgYTjgovjga7jgafjgIHlhorlrZDjgoTjg5Hjg7Pjg5Xjg6zjg4Pjg4jjgavmnIDpgak8YnI+,6YCP5piO6KKL44CA77yu44OU44Ol44Ki44OR44OD44Kv44CM77yi77yU44K144Kk44K644CN44CA77yR77yQ77yQ5p6a5YWl44KK77yINzE3NzbvvInvvJroibLlt6XmiL92b2ljZe+8j+aWh+WFt+OCr+ODqeODleODiOODkeODs+ODgQ==,44K544Kv44Op44OD44OX44OW44OD44Kt44Oz44Kw44Kv44Op44OV44OI44OR44Oz44OB44Kr44O844Or5raI44GX44K044Og44OP44Oz44Kz44Ki44K344OD44OJ44OV44Oq44O844Oi44O844Or44K544Kt44Oz44Ot44OH44Kj44Ki44Oe44K544Kt44Oz44Kw44OG44O844OX5omL5biz44Gv44KT44GR44GX6Imy6Ymb562G44K544K/44Oz44OX44Oe44K544OG44OA44Kk44Ki44Oq44O844OL44Ol44Ki44O844K444Ol6ZuR6LKo6YCP5piO6KKL44CA77yu44OU44Ol44Ki44OR44OD44Kv44CM77yi77yU44K144Kk44K644CN44CA77yR77yQ77yQ5p6a5YWl44KK77yINzE3NzbvvIk=,44CA44CC6YCP5piO6KKL44CA77yu44OU44Ol44Ki44OR44OD44Kv44CM77yi77yU44K144Kk44K644CN44CA77yR77yQ77yQ5p6a5YWl44KK77yINzE3NzbvvIk=[rn]
19-18329,aHR0cDovL3RzaG9wLnIxMHMuanAvdm9pY2UvY2FiaW5ldC9idW5ndTQvY3I3MTc3NC5qcGc/Zml0aW49NzAwOjcwMA==,NDI3LjIwMDA=,,5pel55So5ZOB6ZuR6LKo44O75paH5oi/5YW344O75omL6Iq4ID4g5pel55So5ZOB44O755Sf5rS76ZuR6LKoID4g6KKLID4g44Gd44Gu5LuW,6YCP5piO6KKL44CA77yu44OU44Ol44Ki44OR44OD44Kv44CM77yi77yV55So44CN44CAMTAw5p6a5YWl44KK77yINzE3NzTvvIkg77yc44Oh44O844Or5L6/5oyH5a6aT0vvvJ4g77yc44Oh44O844Or5L6/5oyH5a6aT0vvvJ4=,44CA,6KaP5qC877ya77yi77yV55SoPGJyPgrjgrXjgqTjgrrvvJrmqKoxOTXDl+e4pjI3MMOX5Y6aMC4wM21tPGJyPgrmnZDos6rvvJpPUFDoo70gPGJyPgrpgI/mmI7luqbjgavlhKrjgozjgabjgYTjgovjga7jgafjgIHlhorlrZDjgoTjg5Hjg7Pjg5Xjg6zjg4Pjg4jjgavmnIDpgak8YnI+,6YCP5piO6KKL44CA77yu44OU44Ol44Ki44OR44OD44Kv44CM77yi77yV55So44CN44CAMTAw5p6a5YWl44KK77yINzE3NzTvvIkg77yc44Oh44O844Or5L6/5oyH5a6aT0vvvJ4g77yc44Oh44O844Or5L6/5oyH5a6aT0vvvJ7vvJroibLlt6XmiL92b2ljZe+8j+aWh+WFt+OCr+ODqeODleODiOODkeODs+ODgQ==,44K544Kv44Op44OD44OX44OW44OD44Kt44Oz44Kw44Kv44Op44OV44OI44OR44Oz44OB44Kr44O844Or5raI44GX44K044Og44OP44Oz44Kz44Ki44K344OD44OJ44OV44Oq44O844Oi44O844Or44K544Kt44Oz44Ot44OH44Kj44Ki44Oe44K544Kt44Oz44Kw44OG44O844OX5omL5biz44Gv44KT44GR44GX6Imy6Ymb562G44K544K/44Oz44OX44Oe44K544OG44OA44Kk44Ki44Oq44O844OL44Ol44Ki44O844K444Ol6ZuR6LKo6YCP5piO6KKL44CA77yu44OU44Ol44Ki44OR44OD44Kv44CM77yi77yV55So44CN44CAMTAw5p6a5YWl44KK77yINzE3NzTvvIkg77yc44Oh44O844Or5L6/5oyH5a6aT0vvvJ4g77yc44Oh44O844Or5L6/5oyH5a6aT0vvvJ4=,44CA44CC6YCP5piO6KKL44CA77yu44OU44Ol44Ki44OR44OD44Kv44CM77yi77yV55So44CN44CAMTAw5p6a5YWl44KK77yINzE3NzTvvIkg77yc44Oh44O844Or5L6/5oyH5a6aT0vvvJ4g77yc44Oh44O844Or5L6/5oyH5a6aT0vvvJ4=[rn]
19-18330,aHR0cDovL3RzaG9wLnIxMHMuanAvdm9pY2UvY2FiaW5ldC9idW5ndTQvY3I3MTc3Ny5qcGc/Zml0aW49NzAwOjcwMA==,OTkzLjYwMDA=,,5pel55So5ZOB6ZuR6LKo44O75paH5oi/5YW344O75omL6Iq4ID4g5pel55So5ZOB44O755Sf5rS76ZuR6LKoID4g6KKLID4g44Gd44Gu5LuW,6YCP5piO6KKL44CA77yu44OU44Ol44Ki44OR44OD44Kv44CM77yh77yT44K144Kk44K644CN44CA77yR77yQ77yQ5p6a5YWl44KK77yINzE3NzfvvIk=,44CA,6KaP5qC877ya77yh77yT44K144Kk44K6PGJyPgrjgrXjgqTjgrrvvJrmqKozMTDDl+e4pjQzNcOX5Y6aMC4wM21tPGJyPgrmnZDos6rvvJpPUFDoo70gPGJyPgrpgI/mmI7luqbjgavlhKrjgozjgabjgYTjgovjga7jgafjgIHlhorlrZDjgoTjg5Hjg7Pjg5Xjg6zjg4Pjg4jjgavmnIDpgak8YnI+,6YCP5piO6KKL44CA77yu44OU44Ol44Ki44OR44OD44Kv44CM77yh77yT44K144Kk44K644CN44CA77yR77yQ77yQ5p6a5YWl44KK77yINzE3NzfvvInvvJroibLlt6XmiL92b2ljZe+8j+aWh+WFt+OCr+ODqeODleODiOODkeODs+ODgQ==,44K544Kv44Op44OD44OX44OW44OD44Kt44Oz44Kw44Kv44Op44OV44OI44OR44Oz44OB44Kr44O844Or5raI44GX44K044Og44OP44Oz44Kz44Ki44K344OD44OJ44OV44Oq44O844Oi44O844Or44K544Kt44Oz44Ot44OH44Kj44Ki44Oe44K544Kt44Oz44Kw44OG44O844OX5omL5biz44Gv44KT44GR44GX6Imy6Ymb562G44K544K/44Oz44OX44Oe44K544OG44OA44Kk44Ki44Oq44O844OL44Ol44Ki44O844K444Ol6ZuR6LKo6YCP5piO6KKL44CA77yu44OU44Ol44Ki44OR44OD44Kv44CM77yh77yT44K144Kk44K644CN44CA77yR77yQ77yQ5p6a5YWl44KK77yINzE3NzfvvIk=,44CA44CC6YCP5piO6KKL44CA77yu44OU44Ol44Ki44OR44OD44Kv44CM77yh77yT44K144Kk44K644CN44CA77yR77yQ77yQ5p6a5YWl44KK77yINzE3NzfvvIk=[rn]
19-18331,aHR0cDovL3RzaG9wLnIxMHMuanAvdm9pY2UvY2FiaW5ldC9idW5ndTQvY3I3MTc3MS5qcGc/Zml0aW49NzAwOjcwMA==,MTg3LjIwMDA=,,5pel55So5ZOB6ZuR6LKo44O75paH5oi/5YW344O75omL6Iq4ID4g5pel55So5ZOB44O755Sf5rS76ZuR6LKoID4g6KKLID4g44Gd44Gu5LuW,6YCP5piO6KKL44CA77yu44OU44Ol44Ki44OR44OD44Kv44CM44Gv44GM44GN55So44CN44CAMTAw5p6a5YWl44KK77yINzE3NzHvvInjgIDvvJzjg6Hjg7zjg6vkvr/mjIflrppPS++8ng==,44CA,6KaP5qC877ya44OP44Ks44Kt55SoPGJyPgrjgrXjgqTjgrrvvJrmqKoxMDXDl+e4pjE1NcOX5Y6aMC4wM21tPGJyPgrmnZDos6rvvJpPUFDoo70gPGJyPgrpgI/mmI7luqbjgavlhKrjgozjgabjgYTjgovjga7jgafjgIHlhorlrZDjgoTjg5Hjg7Pjg5Xjg6zjg4Pjg4jjgavmnIDpgak8YnI+,6YCP5piO6KKL44CA77yu44OU44Ol44Ki44OR44OD44Kv44CM44Gv44GM44GN55So44CN44CAMTAw5p6a5YWl44KK77yINzE3NzHvvInjgIDvvJzjg6Hjg7zjg6vkvr/mjIflrppPS++8nu+8muiJsuW3peaIv3ZvaWNl77yP5paH5YW344Kv44Op44OV44OI44OR44Oz44OB,44K544Kv44Op44OD44OX44OW44OD44Kt44Oz44Kw44Kv44Op44OV44OI44OR44Oz44OB44Kr44O844Or5raI44GX44K044Og44OP44Oz44Kz44Ki44K344OD44OJ44OV44Oq44O844Oi44O844Or44K544Kt44Oz44Ot44OH44Kj44Ki44Oe44K544Kt44Oz44Kw44OG44O844OX5omL5biz44Gv44KT44GR44GX6Imy6Ymb562G44K544K/44Oz44OX44Oe44K544OG44OA44Kk44Ki44Oq44O844OL44Ol44Ki44O844K444Ol6ZuR6LKo6YCP5piO6KKL44CA77yu44OU44Ol44Ki44OR44OD44Kv44CM44Gv44GM44GN55So44CN44CAMTAw5p6a5YWl44KK77yINzE3NzHvvInjgIDvvJzjg6Hjg7zjg6vkvr/mjIflrppPS++8ng==,44CA44CC6YCP5piO6KKL44CA77yu44OU44Ol44Ki44OR44OD44Kv44CM44Gv44GM44GN55So44CN44CAMTAw5p6a5YWl44KK77yINzE3NzHvvInjgIDvvJzjg6Hjg7zjg6vkvr/mjIflrppPS++8ng==[rn]
19-18332,aHR0cDovL3RzaG9wLnIxMHMuanAvdm9pY2UvY2FiaW5ldC9idW5ndTQvY3I3MTc3My5qcGc/Zml0aW49NzAwOjcwMA==,MzY4LjAwMDA=,,5pel55So5ZOB6ZuR6LKo44O75paH5oi/5YW344O75omL6Iq4ID4g5pel55So5ZOB44O755Sf5rS76ZuR6LKoID4g6KKLID4g44Gd44Gu5LuW,6YCP5piO6KKL44CA77yu44OU44Ol44Ki44OR44OD44Kv44CM77yh77yV55So44CN44CAMTAw5p6a5YWl44KK77yINzE3NzPvvIkg77yc44Oh44O844Or5L6/5oyH5a6aT0vvvJ4g77yc44Oh44O844Or5L6/5oyH5a6aT0vvvJ4=,44CA,6KaP5qC877ya77yh77yV55SoPGJyPgrjgrXjgqTjgrrvvJrmqKoxNjDDl+e4pjIyNcOX5Y6aMC4wM21tPGJyPgrmnZDos6rvvJpPUFDoo70gPGJyPgrpgI/mmI7luqbjgavlhKrjgozjgabjgYTjgovjga7jgafjgIHlhorlrZDjgoTjg5Hjg7Pjg5Xjg6zjg4Pjg4jjgavmnIDpgak8YnI+,6YCP5piO6KKL44CA77yu44OU44Ol44Ki44OR44OD44Kv44CM77yh77yV55So44CN44CAMTAw5p6a5YWl44KK77yINzE3NzPvvIkg77yc44Oh44O844Or5L6/5oyH5a6aT0vvvJ4g77yc44Oh44O844Or5L6/5oyH5a6aT0vvvJ7vvJroibLlt6XmiL92b2ljZe+8j+aWh+WFt+OCr+ODqeODleODiOODkeODs+ODgQ==,44K544Kv44Op44OD44OX44OW44OD44Kt44Oz44Kw44Kv44Op44OV44OI44OR44Oz44OB44Kr44O844Or5raI44GX44K044Og44OP44Oz44Kz44Ki44K344OD44OJ44OV44Oq44O844Oi44O844Or44K544Kt44Oz44Ot44OH44Kj44Ki44Oe44K544Kt44Oz44Kw44OG44O844OX5omL5biz44Gv44KT44GR44GX6Imy6Ymb562G44K544K/44Oz44OX44Oe44K544OG44OA44Kk44Ki44Oq44O844OL44Ol44Ki44O844K444Ol6ZuR6LKo6YCP5piO6KKL44CA77yu44OU44Ol44Ki44OR44OD44Kv44CM77yh77yV55So44CN44CAMTAw5p6a5YWl44KK77yINzE3NzPvvIkg77yc44Oh44O844Or5L6/5oyH5a6aT0vvvJ4g77yc44Oh44O844Or5L6/5oyH5a6aT0vvvJ4=,44CA44CC6YCP5piO6KKL44CA77yu44OU44Ol44Ki44OR44OD44Kv44CM77yh77yV55So44CN44CAMTAw5p6a5YWl44KK77yINzE3NzPvvIkg77yc44Oh44O844Or5L6/5oyH5a6aT0vvvJ4g77yc44Oh44O844Or5L6/5oyH5a6aT0vvvJ4=[rn]
19-18333,aHR0cDovL3RzaG9wLnIxMHMuanAvdm9pY2UvY2FiaW5ldC9idW5ndTQvY3I3MTc3Mi5qcGc/Zml0aW49NzAwOjcwMA==,MzA1LjYwMDA=,,5pel55So5ZOB6ZuR6LKo44O75paH5oi/5YW344O75omL6Iq4ID4g5pel55So5ZOB44O755Sf5rS76ZuR6LKoID4g6KKLID4g44Gd44Gu5LuW,6YCP5piO6KKL44CA77yu44OU44Ol44Ki44OR44OD44Kv44CM5bCB562S6ZW377yT44K144Kk44K644CN44CAMTAw5p6a5YWl44KK77yINzE3NzLvvIkg77yc44Oh44O844Or5L6/5oyH5a6aT0vvvJ4g77yc44Oh44O844Or5L6/5oyH5a6aT0vvvJ4=,44CA,6KaP5qC877ya5bCB562S6ZW377yT44K144Kk44K6PGJyPgrjgrXjgqTjgrrvvJrmqKoxMjDDl+e4pjIzNcOX5Y6aMC4wM21tPGJyPgrmnZDos6rvvJpPUFDoo70gPGJyPgrpgI/mmI7luqbjgavlhKrjgozjgabjgYTjgovjga7jgafjgIHlhorlrZDjgoTjg5Hjg7Pjg5Xjg6zjg4Pjg4jjgavmnIDpgak8YnI+,6YCP5piO6KKL44CA77yu44OU44Ol44Ki44OR44OD44Kv44CM5bCB562S6ZW377yT44K144Kk44K644CN44CAMTAw5p6a5YWl44KK77yINzE3NzLvvIkg77yc44Oh44O844Or5L6/5oyH5a6aT0vvvJ4g77yc44Oh44O844Or5L6/5oyH5a6aT0vvvJ7vvJroibLlt6XmiL92b2ljZe+8j+aWh+WFt+OCr+ODqeODleODiOODkeODs+ODgQ==,44K544Kv44Op44OD44OX44OW44OD44Kt44Oz44Kw44Kv44Op44OV44OI44OR44Oz44OB44Kr44O844Or5raI44GX44K044Og44OP44Oz44Kz44Ki44K344OD44OJ44OV44Oq44O844Oi44O844Or44K544Kt44Oz44Ot44OH44Kj44Ki44Oe44K544Kt44Oz44Kw44OG44O844OX5omL5biz44Gv44KT44GR44GX6Imy6Ymb562G44K544K/44Oz44OX44Oe44K544OG44OA44Kk44Ki44Oq44O844OL44Ol44Ki44O844K444Ol6ZuR6LKo6YCP5piO6KKL44CA77yu44OU44Ol44Ki44OR44OD44Kv44CM5bCB562S6ZW377yT44K144Kk44K644CN44CAMTAw5p6a5YWl44KK77yINzE3NzLvvIkg77yc44Oh44O844Or5L6/5oyH5a6aT0vvvJ4g77yc44Oh44O844Or5L6/5oyH5a6aT0vvvJ4=,44CA44CC6YCP5piO6KKL44CA77yu44OU44Ol44Ki44OR44OD44Kv44CM5bCB562S6ZW377yT44K144Kk44K644CN44CAMTAw5p6a5YWl44KK77yINzE3NzLvvIkg77yc44Oh44O844Or5L6/5oyH5a6aT0vvvJ4g77yc44Oh44O844Or5L6/5oyH5a6aT0vvvJ4=[rn]
19-18334,aHR0cDovL3RzaG9wLnIxMHMuanAvdm9pY2UvY2FiaW5ldC9idW5ndTQvY3I3MTc3OC5qcGc/Zml0aW49NzAwOjcwMA==,MjE2LjgwMDA=,,5pel55So5ZOB6ZuR6LKo44O75paH5oi/5YW344O75omL6Iq4ID4g5pel55So5ZOB44O755Sf5rS76ZuR6LKoID4g6KKLID4g44Gd44Gu5LuW,6YCP5piO6KKL44CA77yu44OU44Ol44Ki44OR44OD44Kv44CM77yh77yW55So44CN44CAMTAw5p6a5YWl44KK77yINzE3NzjvvInjgIDvvJzjg6Hjg7zjg6vkvr/mjIflrppPS++8ng==,44CA,6KaP5qC877ya77yh77yW55SoPGJyPgrjgrXjgqTjgrrvvJrmqKoxMTDDl+e4pjE3MMOX5Y6aMC4wM21tPGJyPgrmnZDos6rvvJpPUFDoo70gPGJyPgrpgI/mmI7luqbjgavlhKrjgozjgabjgYTjgovjga7jgafjgIHlhorlrZDjgoTjg5Hjg7Pjg5Xjg6zjg4Pjg4jjgavmnIDpgak8YnI+,6YCP5piO6KKL44CA77yu44OU44Ol44Ki44OR44OD44Kv44CM77yh77yW55So44CN44CAMTAw5p6a5YWl44KK77yINzE3NzjvvInjgIDvvJzjg6Hjg7zjg6vkvr/mjIflrppPS++8nu+8muiJsuW3peaIv3ZvaWNl77yP5paH5YW344Kv44Op44OV44OI44OR44Oz44OB,44K544Kv44Op44OD44OX44OW44OD44Kt44Oz44Kw44Kv44Op44OV44OI44OR44Oz44OB44Kr44O844Or5raI44GX44K044Og44OP44Oz44Kz44Ki44K344OD44OJ44OV44Oq44O844Oi44O844Or44K544Kt44Oz44Ot44OH44Kj44Ki44Oe44K544Kt44Oz44Kw44OG44O844OX5omL5biz44Gv44KT44GR44GX6Imy6Ymb562G44K544K/44Oz44OX44Oe44K544OG44OA44Kk44Ki44Oq44O844OL44Ol44Ki44O844K444Ol6ZuR6LKo6YCP5piO6KKL44CA77yu44OU44Ol44Ki44OR44OD44Kv44CM77yh77yW55So44CN44CAMTAw5p6a5YWl44KK77yINzE3NzjvvInjgIDvvJzjg6Hjg7zjg6vkvr/mjIflrppPS++8ng==,44CA44CC6YCP5piO6KKL44CA77yu44OU44Ol44Ki44OR44OD44Kv44CM77yh77yW55So44CN44CAMTAw5p6a5YWl44KK77yINzE3NzjvvInjgIDvvJzjg6Hjg7zjg6vkvr/mjIflrppPS++8ng==[rn]
19-18335,aHR0cDovL3RzaG9wLnIxMHMuanAvdm9pY2UvY2FiaW5ldC9idW5ndTQvY3I3MTc3NS5qcGc/Zml0aW49NzAwOjcwMA==,NTU4LjQwMDA=,,5pel55So5ZOB6ZuR6LKo44O75paH5oi/5YW344O75omL6Iq4ID4g5pel55So5ZOB44O755Sf5rS76ZuR6LKoID4g6KKLID4g44Gd44Gu5LuW,6YCP5piO6KKL44CA77yu44OU44Ol44Ki44OR44OD44Kv44CM77yh77yU44K144Kk44K644CN44CA77yR77yQ77yQ5p6a5YWl44KK77yINzE3NzXvvIk=,44CA,6KaP5qC877ya77yh77yU44K144Kk44K6PGJyPgrjgrXjgqTjgrrvvJrmqKoyMjXDl+e4pjMxMMOX5Y6aMC4wM21tPGJyPgrmnZDos6rvvJpPUFDoo70gPGJyPgrpgI/mmI7luqbjgavlhKrjgozjgabjgYTjgovjga7jgafjgIHlhorlrZDjgoTjg5Hjg7Pjg5Xjg6zjg4Pjg4jjgavmnIDpgak8YnI+PGZvbnQgY29sb3I9InJlZCI+4oC744Oh44O844Or5L6/5a++6LGh5aSW44Gn44GZ44CCPEJSPuODoeODvOODq+S+v+OCkuOBiumBuOOBs+OBhOOBn+OBoOOBjeOBvuOBl+OBpuOCguWuhemFjeS+v+mAgeaWmeOBq+WkieabtOOBhOOBn+OBl+OBvuOBmeOBk+OBqOOBlOWuuei1puOBhOOBn+OBoOOBjeOBn+OBj+OBiumhmOOBhOeUs+OBl+S4iuOBkuOBvuOBmeOAgjwvZm9udD4=,6YCP5piO6KKL44CA77yu44OU44Ol44Ki44OR44OD44Kv44CM77yh77yU44K144Kk44K644CN44CA77yR77yQ77yQ5p6a5YWl44KK77yINzE3NzXvvInvvJroibLlt6XmiL92b2ljZe+8j+aWh+WFt+OCr+ODqeODleODiOODkeODs+ODgQ==,44K544Kv44Op44OD44OX44OW44OD44Kt44Oz44Kw44Kv44Op44OV44OI44OR44Oz44OB44Kr44O844Or5raI44GX44K044Og44OP44Oz44Kz44Ki44K344OD44OJ44OV44Oq44O844Oi44O844Or44K544Kt44Oz44Ot44OH44Kj44Ki44Oe44K544Kt44Oz44Kw44OG44O844OX5omL5biz44Gv44KT44GR44GX6Imy6Ymb562G44K544K/44Oz44OX44Oe44K544OG44OA44Kk44Ki44Oq44O844OL44Ol44Ki44O844K444Ol6ZuR6LKo6YCP5piO6KKL44CA77yu44OU44Ol44Ki44OR44OD44Kv44CM77yh77yU44K144Kk44K644CN44CA77yR77yQ77yQ5p6a5YWl44KK77yINzE3NzXvvIk=,44CA44CC6YCP5piO6KKL44CA77yu44OU44Ol44Ki44OR44OD44Kv44CM77yh77yU44K144Kk44K644CN44CA77yR77yQ77yQ5p6a5YWl44KK77yINzE3NzXvvIk=[rn]
19-18336,aHR0cDovL3RzaG9wLnIxMHMuanAvbWFtYWJhYnkvY2FiaW5ldC9za2F0ZXIyLzk0NzQwMzYtZS5qcGc/Zml0aW49NzAwOjcwMA==,NDgwLjAwMDA=,,5pel55So5ZOB6ZuR6LKo44O75paH5oi/5YW344O75omL6Iq4ID4g5pel55So5ZOB44O755Sf5rS76ZuR6LKoID4g6KKLID4g44Gd44Gu5LuW,44KP44GP44KP44GP44OR44OD44KvNDBQIOODj+ODreODvOOCreODhuOCoyDjg4njg4Pjg4jjg4Hjgqfjg4Pjgq8gV0FQMlvmlrDnlJ/mtLvjg7vmlrDlhaXlrabjg7vlhaXlnJLjg7vjgq3jg6Pjg6nlvIHjg7vjgYrlvIHlvZPooovjg7vjgYrlvIHlvZPnrrHjg7vjg5Tjgq/jg4vjg4Pjgq/jg7vjg6njg7Pjg4Hjg5zjg4Pjgq/jgrkg44O744Kt44Oj44Op44Kv44K/44O844O76Kq/55CG6Zai6YCj44Kw44OD44K644O76YGg6LazXVvjgrnjgrHjg7zjgr/jg7xd44CQ5qW944Ku44OVX+WMheijheOAkeOAkETjgJHjgJBSQ1DjgJHjgJAwMlAzME1heTE144CR,5bqX5YaF5LiA6YOo5ZWG5ZOB44Od44Kk44Oz44OIVVDimIbmnIDlpKcxMOWAje+8gQ==,PCEtLeKWvOOCq+OCtOS4i+ODkOODiuODvC0tPjxjZW50ZXI+PGZvbnQgY29sb3I9IiNmZjE0OTMiIHNpemU9IjYiPjxiPi0t5Lq65rCX5oCl5LiK5piH44Ki44Kk44OG44OgLS08L2I+PC9jZW50ZXI+PC9mb250PjxpZnJhbWUgc3JjPSJodHRwOi8vd3d3LnJha3V0ZW4ubmUuanAvZ29sZC9tYW1hYmFieS9jYXJ0Lmh0bWwiIHdpZHRoPSIxMDAlIiBoZWlnaHQ9IjQwMCIgc2Nyb2xsaW5nPSJubyIgZnJhbWVib3JkZXI9IjAiID0iIj48L2lmcmFtZSDjgIA+PGJyPjwhLS3ilrLjgqvjgrTkuIvjg5Djg4rjg7wtLT4KPGI+PGZvbnQgY29sb3I9ImRlZXBwaW5rIj7jg4/jg63jg7zjgq3jg4bjgqPjgYzjg5fjg6rjg7Pjg4jjgZXjgozjgZ/jgqvjg6/jgqTjgqTooovimarimao8L2ZvbnQ+PC9iPjxicj48YnI+CgrlvJXjgY3lh7rjgZfjgabjgIHjgZnjgZDkvb/jgYjjgovkvr/liKnjgarmp4vpgKDvvIE8YnI+CjLnqK7poZ7jga7ooovjgpLlj5bjgorlh7rjgZvjgb7jgZnimIY8YnI+CumrmOWvhuW6puOBruODneODquOCqOODgeODrOODs+OCkuS9v+eUqOOBl+OBn+iii+OBp+OBmeKZquKZqjxicj48YnI+Cgril480MOaemuWFpe+8iDLnqK7DlzIw5p6a77yJPGJyPgril4/llYblk4HjgrXjgqTjgrrvvIjntITvvInvvJrluYUyMsOX5aWl6KGMNcOX6auY44GVNWNtPGJyPgril4/ooovjgrXjgqTjgrrvvIjntITvvInvvJrluYUyMMOX5aWl6KGMMzBjbe+8iOWOmuOBlTAuMDE1bW3vvIk8YnI+CuKXj+adkOizqu+8muODneODquOCqOODgeODrOODszxicj4K4peP6ICQ5Ya35rip5bqm77yaLTMw5bqmCgo8YnI+PGJyPjxiPuKGk+KGk+OBiueuuOODu+OCueODl+ODvOODs+ODu+ODleOCqeODvOOCr+OBquOBqeKZquKZqjwvYj48YnI+CjxiPuKYheOCueODl+ODvOODsyDjg4/jg63jg7zjgq3jg4bjgqMg44GP44G+44Go44Oq44Oc44Oz44K544Kk44O844OEIFM5PC9iPjxicj4KPGI+4piF44OV44Kp44O844KvIOODj+ODreODvOOCreODhuOCoyDjgY/jgb7jgajjg6rjg5zjg7PjgrnjgqTjg7zjg4QgRjkgPC9iPjxicj4KPGI+4piF44K544Op44Kk44OJ566477yG5664566x44K744OD44OIIOODj+ODreODvOOCreODhuOCoyDjgY/jgb7jgajjg6rjg5zjg7PjgrnjgqTjg7zjg4QgQUJTMkEgPC9iPjxicj4KPGI+4piF44K544Op44Kk44OJ5byP44OI44Oq44Kq44K744OD44OIIOODj+ODreODvOOCreODhuOCoyDjgY/jgb7jgajjg6rjg5zjg7PjgrnjgqTjg7zjg4QgVENTMUEgPC9iPjxicj48YnI+CjxiPuKGk+KGk+OCs+ODg+ODl+OBquOBqeKZquKZqjwvYj48YnI+CjxiPuKYheODl+ODqeOCs+ODg+ODlyDjg4/jg63jg7zjgq3jg4bjgqMg44GP44G+44Go44Oq44Oc44Oz44K544Kk44O844OEIEtFNEE8L2I+PGJyPgo8Yj7imIXjg6Hjg6njg5/jg7Pjgr/jg7Pjg5bjg6njg7wg44OP44Ot44O844Kt44OG44KjIOOBj+OBvuOBqOODquODnOODs+OCueOCpOODvOODhCBNVEIyIDwvYj48YnI+PGJyPgo8Yj7ihpPihpPjgYrlvIHlvZPnrrHjga/jgZPjgaHjgonimarimao8L2I+PGJyPgo8Yj7imIXjgr/jgqTjg4jjg6njg7Pjg4Hjg5zjg4Pjgq/jgrnop5Llnosg44OP44Ot44O844Kt44OG44KjIOOBj+OBvuOBqOODquODnOODs+OCueOCpOODvOODhCBSQjNBIDwvYj48YnI+CjxiPuKYheOCv+OCpOODiOODqeODs+ODgeODnOODg+OCr+OCueWwj+WIpCDjg4/jg63jg7zjgq3jg4bjgqMg44GP44G+44Go44Oq44Oc44Oz44K544Kk44O844OEIFFBMkJBIDwvYj48YnI+CjxiPuKYheOCouODq+ODn+W8geW9k+eusSAzNzBtbCDjg4/jg63jg7zjgq3jg4bjgqMg44GP44G+44Go44Oq44Oc44Oz44K544Kk44O844OEIEFMQjVOViA8L2I+PGJyPgo8Yj7imIUy5q6144OU44Kv44OL44OD44Kv44Oc44OD44Kv44K5IOODj+ODreODvOOCreODhuOCoyDjgY/jgb7jgajjg6rjg5zjg7PjgrnjgqTjg7zjg4QgUDI1IDwvYj48YnI+CjxiPuKGk+KGk+OBneOBruS7luOBiuW8geW9k+eUqOWTgeOBr+OBk+OBoeOCieKZquKZqjwvYj48YnI+CjxiPuKYheODqeODs+ODgeOCr+ODreOCuSDjg4/jg63jg7zjgq3jg4bjgqMg44GP44G+44Go44Oq44Oc44Oz44K544Kk44O844OEIEtCNCA8L2I+PGJyPgo8Yj7imIXjg6njg7Pjg4Hlt77nnYAg44OP44Ot44O844Kt44OG44KjIOOBj+OBvuOBqOODquODnOODs+OCueOCpOODvOODhCBLQjcgPC9iPjxicj4KPGI+4piF44Kz44OD44OX6KKLIOODj+ODreODvOOCreODhuOCoyDjgY/jgb7jgajjg6rjg5zjg7PjgrnjgqTjg7zjg4QgS0I2MiA8L2I+PGJyPgo8Yj7imIXjgYrjgZfjgbzjgorjgrvjg4Pjg4gg44OP44Ot44O844Kt44OG44KjIOOBj+OBvuOBqOODquODnOODs+OCueOCpOODvOODhCBPQTQgPC9iPjxicj4KPGI+4piF44Os44K444Oj44O844K344O844OIUyDjg4/jg63jg7zjgq3jg4bjgqMg44GP44G+44Go44Oq44Oc44Oz44K544Kk44O844OEIFZTMTwvYj48YnI+CjxiPuKYheOCj+OBj+OCj+OBj+ODkeODg+OCrzQwUCDjg4/jg63jg7zjgq3jg4bjgqMg44OJ44OD44OI44OB44Kn44OD44KvIFdBUDI8L2I+PGJyPg==,44KP44GP44KP44GP44OR44OD44KvNDBQIOODj+ODreODvOOCreODhuOCoyDjg4njg4Pjg4jjg4Hjgqfjg4Pjgq8gV0FQMlvmlrDnlJ/mtLvjg7vmlrDlhaXlrabjg7vlhaXlnJLjg7vjgq3jg6Pjg6nlvIHjg7vjgYrlvIHlvZPooovjg7vjgYrlvIHlvZPnrrHjg7vjg5Tjgq/jg4vjg4Pjgq/jg7vjg6njg7Pjg4Hjg5zjg4Pjgq/jgrkg44O744Kt44Oj44Op44Kv44K/44O844O76Kq/55CG6Zai6YCj44Kw44OD44K644O76YGg6LazXVvjgrnjgrHjg7zjgr/jg7xd44CQ5qW944Ku44OVX+WMheijheOAkeOAkETjgJHjgJBSQ1DjgJHjgJAwMlAzME1heTE144CR77ya5a2Q6IKy44Gm44Oe44Oe44Gu5bqX44CA44OZ44OT44O844O744Kt44OD44K6,44Kt44OD44K644OB44Kn44K544OI44OZ44OT44O85a2Q5L6b44GK44KC44Gh44KD5Y+O57SN5a2Q5L6b6YOo5bGL5Y+O57SN44GK44KA44Gk44OH44Kj44K644OL44O844OZ44OT44O844Kr44O844OB44Oj44Kk44Or44OJ44K344O844OI5Ye655Sj44OZ44OT44O844Ku44OV44OI44Kt44OD44K644GT44Gp44KC44OZ44OT44O844OB44Kn44Ki44OZ44OT44O844OI44Kk44Os44Kt44OD44K644Or44O844Og5q2p6KGM5Zmo54mp5bmy44GX44Of44Or44Kv44KP44GP44KP44GP44OR44OD44KvNDBQIOODj+ODreODvOOCreODhuOCoyDjg4njg4Pjg4jjg4Hjgqfjg4Pjgq8gV0FQMlvmlrDnlJ/mtLvjg7vmlrDlhaXlrabjg7vlhaXlnJLjg7vjgq3jg6Pjg6nlvIHjg7vjgYrlvIHlvZPooovjg7vjgYrlvIHlvZPnrrHjg7vjg5Tjgq/jg4vjg4Pjgq/jg7vjg6njg7Pjg4Hjg5zjg4Pjgq/jgrkg44O744Kt44Oj44Op44Kv44K/44O844O76Kq/55CG6Zai6YCj44Kw44OD44K644O76YGg6LazXVvjgrnjgrHjg7zjgr/jg7xd44CQ5qW944Ku44OVX+WMheijheOAkeOAkETjgJHjgJBSQ1DjgJHjgJAwMlAzME1heTE144CR,5bqX5YaF5LiA6YOo5ZWG5ZOB44Od44Kk44Oz44OIVVDimIbmnIDlpKcxMOWAje+8geOAguOCj+OBj+OCj+OBj+ODkeODg+OCrzQwUCDjg4/jg63jg7zjgq3jg4bjgqMg44OJ44OD44OI44OB44Kn44OD44KvIFdBUDJb5paw55Sf5rS744O75paw5YWl5a2m44O75YWl5ZyS44O744Kt44Oj44Op5byB44O744GK5byB5b2T6KKL44O744GK5byB5b2T566x44O744OU44Kv44OL44OD44Kv44O744Op44Oz44OB44Oc44OD44Kv44K5IOODu+OCreODo+ODqeOCr+OCv+ODvOODu+iqv+eQhumWoumAo+OCsOODg+OCuuODu+mBoOi2s11b44K544Kx44O844K/44O8XeOAkOalveOCruODlV/ljIXoo4XjgJHjgJBE44CR44CQUkNQ44CR44CQMDJQMzBNYXkxNeOAkQ==[rn]
19-18337,aHR0cDovL3RzaG9wLnIxMHMuanAva3VyYXNoaWtlbmtvdS9jYWJpbmV0L29rYWJlLzk1MjE5MzguanBnP2ZpdGluPTcwMDo3MDA=,MTYwLjAwMDA=,,5pel55So5ZOB6ZuR6LKo44O75paH5oi/5YW344O75omL6Iq4ID4g5pel55So5ZOB44O755Sf5rS76ZuR6LKoID4g6KKLID4g44Gd44Gu5LuW,44Os44OD44Kv5bCP44KP44GW6KKLIOODgeODo+ODg+OCr+S7mCBOby4z44CQVEPjgJE=,44CQ56iO6L68Mzk5MOWGhuS7peS4iuOBp+mAgeaWmeeEoeaWmeOAkQ==,PCEtLeKWvOOCq+OCtOS4i+ODkOODiuODvC0tPjxjZW50ZXI+PGZvbnQgY29sb3I9IiNmZjE0OTMiIHNpemU9IjYiPjwvY2VudGVyPjwvZm9udD48aWZyYW1lIHNyYz0iaHR0cDovL3d3dy5yYWt1dGVuLm5lLmpwL2dvbGQva3VyYXNoaWtlbmtvdS9jYXJ0XzE2MTAxOC5odG1sIiB3aWR0aD0iMTAwJSIgaGVpZ2h0PSI2NzAiIHNjcm9sbGluZz0ibm8iIGZyYW1lYm9yZGVyPSIwIiA9IiI+PC9pZnJhbWUg44CAPjwhLS3ilrLjgqvjgrTkuIvjg5Djg4rjg7wtLT48YnI+CgoKCgoKCgoKCgoKCgoKCgoKCgrjg4Hjg6Pjg4Pjgq/ku5jjga7pgI/mmI7kv53lrZjooovvvIjjgqvjg7zjg4njg7tU44Kk44K677yJ44Gn44CB5ZCE56iu44Kr44O844OJ44CB5ZCN5Yi644CB44Kv44O844Od44Oz5Yi444CB6bq65qOS44CB44OQ44Oz44OJ44Ko44Kk44OJ44Gq44Gp5bCP54mp5L+d5a2Y44Gr5aSn5aSJ5L6/5Yip44Gn44GZ44CCPGJyPuOBiuW+l+OBqjE45p6a57WE44CCPGJyPuaXheihjOOChOWHuuW8teOAgeWkluWHuuaZguOBq+ODkOODg+OCr+OBquOBqeOBq+aVtOeQhuOBl+OBpuaMgeOBoeatqeOBjeOBp+OBjeOBvuOBmeOAgjxicj48YnI+4peP5ZWG5ZOB44K144Kk44K677yI57SE77yJ77ya57imMTDDl+aoqjdjbTxicj7il4/llYblk4Hph43ph4/vvIjntITvvInvvJozMGc8YnI+4peP5p2Q6LOq77ya44Od44Oq44Ko44OB44Os44Oz77yI6KGo6Z2i5biD77yJPGJyPuKXj+OCu+ODg+ODiOWGheWuue+8mjE45p6a5YWlPGJyPuKXj+ODoeODvOOCq+ODvO+8muODrOODg+OCrzxicj4=,44Os44OD44Kv5bCP44KP44GW6KKLIOODgeODo+ODg+OCr+S7mCBOby4z44CQVEPjgJHvvJrmmq7jgonjgZflgaXlurfjg43jg4Pjg4jppKg=,44Kt44OD44OB44Oz44OQ44K56Kq/55CG5Zmo5YW35rSX5Ymk44Kv44Oq44K544K/44Or44Ks44Kk44K244O8NTAwbWzmn5Tou5/liaTlrqTlhoXnianlubLjgZfnianlubLjgZflgaXlurfpo5/lk4HjgqLjgqTjg6rjgrnjgqrjg7zjg6Tjg57mjoPpmaTjg4/jg7Pjgqzjg7zmtJfmv6/lj47ntI3nsbPjg4DjgqTjgqjjg4Pjg4jmsLTjg4Djgqbjg4vjg7zjg5Xjg6njgqTjg5Hjg7PnibnojLbjg6zjg4Pjgq/lsI/jgo/jgZbooosg44OB44Oj44OD44Kv5LuYIE5vLjPjgJBUQ+OAkQ==,44CQ56iO6L68Mzk5MOWGhuS7peS4iuOBp+mAgeaWmeeEoeaWmeOAkeOAguODrOODg+OCr+Wwj+OCj+OBluiiiyDjg4Hjg6Pjg4Pjgq/ku5ggTm8uM+OAkFRD44CR[rn]
19-18338,aHR0cDovL3RzaG9wLnIxMHMuanAva3VyYXNoaWtlbmtvdS9jYWJpbmV0L29rYWJlLzk1MjE5MzcuanBnP2ZpdGluPTcwMDo3MDA=,MTYwLjAwMDA=,,5pel55So5ZOB6ZuR6LKo44O75paH5oi/5YW344O75omL6Iq4ID4g5pel55So5ZOB44O755Sf5rS76ZuR6LKoID4g6KKLID4g44Gd44Gu5LuW,44Os44OD44Kv5bCP44KP44GW6KKLIOODgeODo+ODg+OCr+S7mCBOby4y44CQVEPjgJE=,44CQ56iO6L68Mzk5MOWGhuS7peS4iuOBp+mAgeaWmeeEoeaWmeOAkQ==,PCEtLeKWvOOCq+OCtOS4i+ODkOODiuODvC0tPjxjZW50ZXI+PGZvbnQgY29sb3I9IiNmZjE0OTMiIHNpemU9IjYiPjwvY2VudGVyPjwvZm9udD48aWZyYW1lIHNyYz0iaHR0cDovL3d3dy5yYWt1dGVuLm5lLmpwL2dvbGQva3VyYXNoaWtlbmtvdS9jYXJ0XzE2MTAxOC5odG1sIiB3aWR0aD0iMTAwJSIgaGVpZ2h0PSI2NzAiIHNjcm9sbGluZz0ibm8iIGZyYW1lYm9yZGVyPSIwIiA9IiI+PC9pZnJhbWUg44CAPjwhLS3ilrLjgqvjgrTkuIvjg5Djg4rjg7wtLT48YnI+CgoKCgoKCgoKCgoKCgoKCgoKCgrjg4Hjg6Pjg4Pjgq/ku5jjga7pgI/mmI7kv53lrZjooovjgafolqzjgoTjgqLjgq/jgrvjgrXjg6rjg7zjgIHjgrnjg5rjgqLjgq3jg7zjgIHliIfmiYvjgIHljbDpkZHjgarjganntLDjgYvjgYTlsI/niankv53lrZjjgavlpKflpInkvr/liKnjgafjgZnjgII8YnI+44GK5b6X44GqMjDmnprntYTjgII8YnI+5peF6KGM44KE5Ye65by144CB5aSW5Ye65pmC44Gr44OQ44OD44Kv44Gq44Gp44Gr5pW055CG44GX44Gm5oyB44Gh5q2p44GN44Gn44GN44G+44GZ44CCPGJyPjxicj7il4/llYblk4HjgrXjgqTjgrrvvIjntITvvInvvJrnuKY4LjXDl+aoqjZjbTxicj7il4/llYblk4Hph43ph4/vvIjntITvvInvvJozMGc8YnI+4peP5p2Q6LOq77ya44Od44Oq44Ko44OB44Os44Oz77yI6KGo6Z2i5biD77yJPGJyPuKXj+OCu+ODg+ODiOWGheWuue+8mjIw5p6a5YWlPGJyPuKXj+ODoeODvOOCq+ODvO+8muODrOODg+OCrzxicj4=,44Os44OD44Kv5bCP44KP44GW6KKLIOODgeODo+ODg+OCr+S7mCBOby4y44CQVEPjgJHvvJrmmq7jgonjgZflgaXlurfjg43jg4Pjg4jppKg=,44Kt44OD44OB44Oz44OQ44K56Kq/55CG5Zmo5YW35rSX5Ymk44Kv44Oq44K544K/44Or44Ks44Kk44K244O8NTAwbWzmn5Tou5/liaTlrqTlhoXnianlubLjgZfnianlubLjgZflgaXlurfpo5/lk4HjgqLjgqTjg6rjgrnjgqrjg7zjg6Tjg57mjoPpmaTjg4/jg7Pjgqzjg7zmtJfmv6/lj47ntI3nsbPjg4DjgqTjgqjjg4Pjg4jmsLTjg4Djgqbjg4vjg7zjg5Xjg6njgqTjg5Hjg7PnibnojLbjg6zjg4Pjgq/lsI/jgo/jgZbooosg44OB44Oj44OD44Kv5LuYIE5vLjLjgJBUQ+OAkQ==,44CQ56iO6L68Mzk5MOWGhuS7peS4iuOBp+mAgeaWmeeEoeaWmeOAkeOAguODrOODg+OCr+Wwj+OCj+OBluiiiyDjg4Hjg6Pjg4Pjgq/ku5ggTm8uMuOAkFRD44CR[rn]
19-18339,aHR0cDovL3RzaG9wLnIxMHMuanAva3VyYXNoaWtlbmtvdS9jYWJpbmV0L29rYWJlLzk1MjAyODEuanBnP2ZpdGluPTcwMDo3MDA=,MTMzLjYwMDA=,,5pel55So5ZOB6ZuR6LKo44O75paH5oi/5YW344O75omL6Iq4ID4g5pel55So5ZOB44O755Sf5rS76ZuR6LKoID4g6KKLID4g44Gd44Gu5LuW,44K444Oj44OR44OD44Kv44K55rys44GR54mp6KKLIDPmlpfnlKggMuaemuWFpVRLLTA044CQVEPjgJE=,44CQ56iO6L68Mzk5MOWGhuS7peS4iuOBp+mAgeaWmeeEoeaWmeOAkQ==,PCEtLeKWvOOCq+OCtOS4i+ODkOODiuODvC0tPjxjZW50ZXI+PGZvbnQgY29sb3I9IiNmZjE0OTMiIHNpemU9IjYiPjwvY2VudGVyPjwvZm9udD48aWZyYW1lIHNyYz0iaHR0cDovL3d3dy5yYWt1dGVuLm5lLmpwL2dvbGQva3VyYXNoaWtlbmtvdS9jYXJ0XzE2MTAxOC5odG1sIiB3aWR0aD0iMTAwJSIgaGVpZ2h0PSI2NzAiIHNjcm9sbGluZz0ibm8iIGZyYW1lYm9yZGVyPSIwIiA9IiI+PC9pZnJhbWUg44CAPjwhLS3ilrLjgqvjgrTkuIvjg5Djg4rjg7wtLT48YnI+CgoKCgoKCgoKCgoKCgoKCgoKCgrmnKzlk4Hjga/jgIEz5paX55So77yINTDvvZ42MEzmqL3nlKjvvInjga7mvKzjgZHnianooovjgafjgZk8YnI+5qi944Gr5LuY44GP44CB5rGa44KM44O76Iet44GE44O76Imy44GG44Gk44KK44KS6Ziy44GO44G+44GZPGJyPuWkluawl+OBq+inpuOCjOOBmuOBq+a8rOOBkeOCi+OBk+OBqOOBjOOBp+OBjeOCi+OBn+OCgeOAgea8rOOBkeeJqeOBrumiqOWRs+OCkumAg+OBjOOBleOBmuOAgeOBiuOBhOOBl+OBj+a8rOOBkeOBguOBjOOCiuOBvuOBmTxicj48YnI+4peP5ZWG5ZOB44K144Kk44K677yI57SE77yJ77ya57imOTDDl+aoqjgyY208YnI+4peP5ZWG5ZOB6YeN6YeP77yI57SE77yJ77yaMTYwZzxicj7il4/mnZDos6rvvJrjg53jg6rjgqjjg4Hjg6zjg7M8YnI+4peP44K744OD44OI5YaF5a6544O75LuY5bGe5ZOB77yaMuaemuWFpTxicj7il4/ljprjgZXvvJowLjA2bW08YnI+4peP5qi944Gu5a656YeP77yaNTBM772eNjBMPGJyPuKXj+iAkOWGt+a4qeW6pu+8mu+8jTMw5bqmPGJyPuKXj+ODoeODvOOCq+ODvO+8muOCuOODo+ODkeODg+OCr+OCuTxicj4=,44K444Oj44OR44OD44Kv44K55rys44GR54mp6KKLIDPmlpfnlKggMuaemuWFpVRLLTA044CQVEPjgJHvvJrmmq7jgonjgZflgaXlurfjg43jg4Pjg4jppKg=,44Kt44OD44OB44Oz44OQ44K56Kq/55CG5Zmo5YW35rSX5Ymk44Kv44Oq44K544K/44Or44Ks44Kk44K244O8NTAwbWzmn5Tou5/liaTlrqTlhoXnianlubLjgZfnianlubLjgZflgaXlurfpo5/lk4HjgqLjgqTjg6rjgrnjgqrjg7zjg6Tjg57mjoPpmaTjg4/jg7Pjgqzjg7zmtJfmv6/lj47ntI3nsbPjg4DjgqTjgqjjg4Pjg4jmsLTjg4Djgqbjg4vjg7zjg5Xjg6njgqTjg5Hjg7PnibnojLbjgrjjg6Pjg5Hjg4Pjgq/jgrnmvKzjgZHnianooosgM+aWl+eUqCAy5p6a5YWlVEstMDTjgJBUQ+OAkQ==,44CQ56iO6L68Mzk5MOWGhuS7peS4iuOBp+mAgeaWmeeEoeaWmeOAkeOAguOCuOODo+ODkeODg+OCr+OCuea8rOOBkeeJqeiiiyAz5paX55SoIDLmnprlhaVUSy0wNOOAkFRD44CR[rn]
19-18340,aHR0cDovL3RzaG9wLnIxMHMuanAva3VyYXNoaWtlbmtvdS9jYWJpbmV0L29rYWJlLzk1MjE0NTEuanBnP2ZpdGluPTcwMDo3MDA=,MTUyLjAwMDA=,,5pel55So5ZOB6ZuR6LKo44O75paH5oi/5YW344O75omL6Iq4ID4g5pel55So5ZOB44O755Sf5rS76ZuR6LKoID4g6KKLID4g44Gd44Gu5LuW,5pel5pys44K144OL44OR44OD44Kv44Gu44Gz772e44KL44K944OV44OI5rC044GN44KK6KKLIDIw5p6a57WEIOS4ieinkuOCs+ODvOODiuODvOWwgueUqFctNjTjgJBUQ+OAkQ==,44CQ56iO6L68Mzk5MOWGhuS7peS4iuOBp+mAgeaWmeeEoeaWmeOAkQ==,PCEtLeKWvOOCq+OCtOS4i+ODkOODiuODvC0tPjxjZW50ZXI+PGZvbnQgY29sb3I9IiNmZjE0OTMiIHNpemU9IjYiPjwvY2VudGVyPjwvZm9udD48aWZyYW1lIHNyYz0iaHR0cDovL3d3dy5yYWt1dGVuLm5lLmpwL2dvbGQva3VyYXNoaWtlbmtvdS9jYXJ0XzE2MTAxOC5odG1sIiB3aWR0aD0iMTAwJSIgaGVpZ2h0PSI2NzAiIHNjcm9sbGluZz0ibm8iIGZyYW1lYm9yZGVyPSIwIiA9IiI+PC9pZnJhbWUg44CAPjwhLS3ilrLjgqvjgrTkuIvjg5Djg4rjg7wtLT48YnI+CgoKCgoKCgoKCgoKCgoKCgoKCgrkvLjnuK7oh6rlnKjvvIE8YnI+IOS4ieinkuOCs+ODvOODiuODvOOBq+ODlOODg+OCv+ODquODleOCo+ODg+ODiO+8gTxicj7lhajkvZPjgYzntrLnm67jgafmsLTliIfjgozmipznvqTvvIE8YnI+6KKL5YWo5L2T44GM57Sw44GL44GE57ay54q244Gr44Gq44Gj44Gm44GE44G+44GZ44Gu44Gn44CB44Kz44O844OS44O844O757SF6Iy244Ks44Op44Gq44Gp44Gu5bCP44GV44Gq44K044Of44KC44GX44Gj44GL44KK44Kt44Oj44OD44OB77yBPGJyPiDjgq3jg6Pjg5njg4Tjga7okYnjgarjganjga7lpKfjgY3jgarjgrTjg5/jgavjgojjgovnm67jgaXjgb7jgorjgoLpmLLjgY7jgb7jgZk8YnI+56m66ZqZ546H77yI6Z2i56mN44Gr5a++44GZ44KL56m044Gu5q+U546H77yJ44GM57SENDDvvIXjgajlpKfjgY3jgYTjga7jgafjgIHjgrXjg4PjgajmsLTjgYzliIfjgozjgabooZvnlJ/nmoTjgafjgZk8YnI+44K744OD44OI44GX44KE44GZ44GE5Ly457iu5oCn77yBPGJyPiDooovlhajkvZPjgavkvLjnuK7mgKfjgYzjgYLjgovjga7jgafkuInop5LjgrPjg7zjg4rjg7zjgarjganjga7lmajlhbfjgavjgrvjg4Pjg4jjgZfjgoTjgZnjgY/jgIHmsLTjgajkuIDnt5LjgavjgrTjg5/jgpLmtYHjgZfjgabjgoLntKDml6njgY/msLTliIfjgorjgafjgY3jgb7jgZk8YnI+6aOf5ZOB44KS5YWl44KM44Gm44KC54Sh5a6z44Gn44GZPGJyPuacrOWTgeOBr+ODneODquOCqOODgeODrOODs+ijveOBp+OBmeOBruOBp+eEvOWNtOOBl+OBpuOCguacieavkuOCrOOCueOBr+eZuueUn+OBl+OBvuOBm+OCkzxicj48YnI+4peP5ZWG5ZOB44K144Kk44K677yI57SE77yJ77ya5qiqMjXDl+e4pjI3Y208YnI+4peP5ZWG5ZOB6YeN6YeP77yI57SE77yJ77yaODBnPGJyPuKXj+adkOizqu+8muODneODquOCqOODgeODrOODszxicj7il4/jgrvjg4Pjg4jlhoXlrrnvvJoyMOaemuWFpTxicj7il4/ogJDnhrHmuKnluqbvvJoxMDDluqY8YnI+4peP6ICQ5Ya35rip5bqm77yaLTMw5bqmPGJyPuKXj+ODoeODvOOCq+ODvO+8muaXpeacrOOCteODi+ODkeODg+OCrzxicj4=,5pel5pys44K144OL44OR44OD44Kv44Gu44Gz772e44KL44K944OV44OI5rC044GN44KK6KKLIDIw5p6a57WEIOS4ieinkuOCs+ODvOODiuODvOWwgueUqFctNjTjgJBUQ+OAke+8muaaruOCieOBl+WBpeW6t+ODjeODg+ODiOmkqA==,44Kt44OD44OB44Oz44OQ44K56Kq/55CG5Zmo5YW35rSX5Ymk44Kv44Oq44K544K/44Or44Ks44Kk44K244O8NTAwbWzmn5Tou5/liaTlrqTlhoXnianlubLjgZfnianlubLjgZflgaXlurfpo5/lk4HjgqLjgqTjg6rjgrnjgqrjg7zjg6Tjg57mjoPpmaTjg4/jg7Pjgqzjg7zmtJfmv6/lj47ntI3nsbPjg4DjgqTjgqjjg4Pjg4jmsLTjg4Djgqbjg4vjg7zjg5Xjg6njgqTjg5Hjg7PnibnojLbml6XmnKzjgrXjg4vjg5Hjg4Pjgq/jga7jgbPvvZ7jgovjgr3jg5Xjg4jmsLTjgY3jgorooosgMjDmnprntYQg5LiJ6KeS44Kz44O844OK44O85bCC55SoVy02NOOAkFRD44CR,44CQ56iO6L68Mzk5MOWGhuS7peS4iuOBp+mAgeaWmeeEoeaWmeOAkeOAguaXpeacrOOCteODi+ODkeODg+OCr+OBruOBs++9nuOCi+OCveODleODiOawtOOBjeOCiuiiiyAyMOaemue1hCDkuInop5LjgrPjg7zjg4rjg7zlsILnlKhXLTY044CQVEPjgJE=[rn]
19-18341,aHR0cDovL3RzaG9wLnIxMHMuanAva3VyYXNoaWtlbmtvdS9jYWJpbmV0L29rYWJlLzk1MjE0MjcuanBnP2ZpdGluPTcwMDo3MDA=,MTU2LjAwMDA=,,5pel55So5ZOB6ZuR6LKo44O75paH5oi/5YW344O75omL6Iq4ID4g5pel55So5ZOB44O755Sf5rS76ZuR6LKoID4g6KKLID4g44Gd44Gu5LuW,5pel5pys44K144OL44OR44OD44Kv44K544Oe44O844OI44Kt44OD44OB44OzIOS/neWtmOiiiyAxMjDmnprlhaVLLTE444CQVEPjgJE=,44CQ56iO6L68Mzk5MOWGhuS7peS4iuOBp+mAgeaWmeeEoeaWmeOAkQ==,PCEtLeKWvOOCq+OCtOS4i+ODkOODiuODvC0tPjxjZW50ZXI+PGZvbnQgY29sb3I9IiNmZjE0OTMiIHNpemU9IjYiPjwvY2VudGVyPjwvZm9udD48aWZyYW1lIHNyYz0iaHR0cDovL3d3dy5yYWt1dGVuLm5lLmpwL2dvbGQva3VyYXNoaWtlbmtvdS9jYXJ0XzE2MTAxOC5odG1sIiB3aWR0aD0iMTAwJSIgaGVpZ2h0PSI2NzAiIHNjcm9sbGluZz0ibm8iIGZyYW1lYm9yZGVyPSIwIiA9IiI+PC9pZnJhbWUg44CAPjwhLS3ilrLjgqvjgrTkuIvjg5Djg4rjg7wtLT48YnI+CgoKCgoKCgoKCgoKCgoKCgoKCgrjgq3jg4Pjg4Hjg7PjgaflpKfmtLvouo3jga7po5/lk4Hkv53lrZjnlKjjg53jg6rooovvvIE8YnI+V+WKoOW3peOBp+S4iOWkq+OBquW6leOBquOBruOBp+OAgeOCouOCpOODh+OCo+OCouasoeesrOOBp+S9v+OBhOaWueiJsuOAhTxicj7lsI/nianjga7mlbTnkIbjgYvjgonjgIHpo5/lk4Hjga7kv53lrZjjgoTlhrflh43jg7vlhrfolLXjgIHoqr/nkIbjga7kuIvlkbPku5jjgZHjgarjganjgIHluYXluoPjgY/jgYrkvb/jgYTjgYTjgZ/jgaDjgZHjgb7jgZk8YnI+5pys5ZOB44Gv44Od44Oq44Ko44OB44Os44Oz6KO944Gn44GZ44Gu44Gn54S85Y2044GX44Gm44KC5pyJ5q+S44Ks44K544Gv55m655Sf44GX44G+44Gb44KTPGJyPjxicj7il4/llYblk4HjgrXjgqTjgrrvvIjntITvvInvvJrmqKoyNcOX57imMzVjbTxicj7il4/llYblk4Hph43ph4/vvIjntITvvInvvJoyMTBnPGJyPuKXj+adkOizqu+8muODneODquOCqOODgeODrOODs++8iOmAj+aYju+8iTxicj7il4/jgrvjg4Pjg4jlhoXlrrnvvJoxMjDmnprlhaU8YnI+4peP6KKL44Gu5Y6a44G/77yaMC4wMW1tPGJyPuKXj+iAkOWGt+a4qeW6pu+8mi0zMOW6pjxicj7il4/oo73lk4Hku5Xmp5jvvJrjg57jg4Hku5jjgY08YnI+4peP44Oh44O844Kr44O877ya5pel5pys44K144OL44OR44OD44KvPGJyPg==,5pel5pys44K144OL44OR44OD44Kv44K544Oe44O844OI44Kt44OD44OB44OzIOS/neWtmOiiiyAxMjDmnprlhaVLLTE444CQVEPjgJHvvJrmmq7jgonjgZflgaXlurfjg43jg4Pjg4jppKg=,44Kt44OD44OB44Oz44OQ44K56Kq/55CG5Zmo5YW35rSX5Ymk44Kv44Oq44K544K/44Or44Ks44Kk44K244O8NTAwbWzmn5Tou5/liaTlrqTlhoXnianlubLjgZfnianlubLjgZflgaXlurfpo5/lk4HjgqLjgqTjg6rjgrnjgqrjg7zjg6Tjg57mjoPpmaTjg4/jg7Pjgqzjg7zmtJfmv6/lj47ntI3nsbPjg4DjgqTjgqjjg4Pjg4jmsLTjg4Djgqbjg4vjg7zjg5Xjg6njgqTjg5Hjg7PnibnojLbml6XmnKzjgrXjg4vjg5Hjg4Pjgq/jgrnjg57jg7zjg4jjgq3jg4Pjg4Hjg7Mg5L+d5a2Y6KKLIDEyMOaemuWFpUstMTjjgJBUQ+OAkQ==,44CQ56iO6L68Mzk5MOWGhuS7peS4iuOBp+mAgeaWmeeEoeaWmeOAkeOAguaXpeacrOOCteODi+ODkeODg+OCr+OCueODnuODvOODiOOCreODg+ODgeODsyDkv53lrZjooosgMTIw5p6a5YWlSy0xOOOAkFRD44CR[rn]
19-18342,aHR0cDovL3RzaG9wLnIxMHMuanAva3VyYXNoaWtlbmtvdS9jYWJpbmV0L29rYWJlLzk1MjE0NTAuanBnP2ZpdGluPTcwMDo3MDA=,MTUyLjAwMDA=,,5pel55So5ZOB6ZuR6LKo44O75paH5oi/5YW344O75omL6Iq4ID4g5pel55So5ZOB44O755Sf5rS76ZuR6LKoID4g6KKLID4g44Gd44Gu5LuW,5pel5pys44K144OL44OR44OD44Kv44Gu44Gz772e44KL44K944OV44OI5rC044GN44KK6KKLIDIw5p6a57WEIOa1geOBl+OBruaOkuawtOWPo+WwgueUqFctNjPjgJBUQ+OAkQ==,44CQ56iO6L68Mzk5MOWGhuS7peS4iuOBp+mAgeaWmeeEoeaWmeOAkQ==,PCEtLeKWvOOCq+OCtOS4i+ODkOODiuODvC0tPjxjZW50ZXI+PGZvbnQgY29sb3I9IiNmZjE0OTMiIHNpemU9IjYiPjwvY2VudGVyPjwvZm9udD48aWZyYW1lIHNyYz0iaHR0cDovL3d3dy5yYWt1dGVuLm5lLmpwL2dvbGQva3VyYXNoaWtlbmtvdS9jYXJ0XzE2MTAxOC5odG1sIiB3aWR0aD0iMTAwJSIgaGVpZ2h0PSI2NzAiIHNjcm9sbGluZz0ibm8iIGZyYW1lYm9yZGVyPSIwIiA9IiI+PC9pZnJhbWUg44CAPjwhLS3ilrLjgqvjgrTkuIvjg5Djg4rjg7wtLT48YnI+CgoKCgoKCgoKCgoKCgoKCgoKCgrkvLjnuK7oh6rlnKjvvIE8YnI+IOa1geOBl+OBruaOkuawtOWPo+OBq+ODlOODg+OCv+ODquODleOCo+ODg+ODiO+8gTxicj7lhajkvZPjgYzntrLnm67jgafmsLTliIfjgozmipznvqTvvIE8YnI+6KKL5YWo5L2T44GM57Sw44GL44GE57ay54q244Gr44Gq44Gj44Gm44GE44G+44GZ44Gu44Gn44CB44Kz44O844OS44O844O757SF6Iy244Ks44Op44Gq44Gp44Gu5bCP44GV44Gq44K044Of44KC44GX44Gj44GL44KK44Kt44Oj44OD44OB77yBPGJyPiDjgq3jg6Pjg5njg4Tjga7okYnjgarjganjga7lpKfjgY3jgarjgrTjg5/jgavjgojjgovnm67jgaXjgb7jgorjgoLpmLLjgY7jgb7jgZk8YnI+56m66ZqZ546H77yI6Z2i56mN44Gr5a++44GZ44KL56m044Gu5q+U546H77yJ44GM57SENDDvvIXjgajlpKfjgY3jgYTjga7jgafjgIHjgrXjg4PjgajmsLTjgYzliIfjgozjgabooZvnlJ/nmoTjgafjgZk8YnI+44K744OD44OI44GX44KE44GZ44GE5Ly457iu5oCn77yBPGJyPiDooovlhajkvZPjgavkvLjnuK7mgKfjgYzjgYLjgovjga7jgafmjpLmsLTlj6PvvIjjg4njg6zjg7PvvInjgarjganjga7lmajlhbfjgavjgrvjg4Pjg4jjgZfjgoTjgZnjgY/jgIHmsLTjgajkuIDnt5LjgavjgrTjg5/jgpLmtYHjgZfjgabjgoLntKDml6njgY/msLTliIfjgorjgafjgY3jgb7jgZk8YnI+6aOf5ZOB44KS5YWl44KM44Gm44KC54Sh5a6z44Gn44GZPGJyPuacrOWTgeOBr+ODneODquOCqOODgeODrOODs+ijveOBp+OBmeOBruOBp+eEvOWNtOOBl+OBpuOCguacieavkuOCrOOCueOBr+eZuueUn+OBl+OBvuOBm+OCkzxicj48YnI+4peP5ZWG5ZOB44K144Kk44K677yI57SE77yJ77ya5qiqMTfDl+e4pjI2Y208YnI+44O75oGf772k5ZOB6YeN6YeP77yI57SE77yJ77yaNTBnPGJyPuKXj+adkOizqu+8muODneODquOCqOODgeODrOODszxicj7il4/jgrvjg4Pjg4jlhoXlrrnvvJoyMOaemuWFpTxicj7il4/ogJDnhrHmuKnluqbvvJoxMDDluqY8YnI+4peP6ICQ5Ya35rip5bqm77yaLTMw5bqmPGJyPuKXj+ODoeODvOOCq+ODvO+8muaXpeacrOOCteODi+ODkeODg+OCrzxicj4=,5pel5pys44K144OL44OR44OD44Kv44Gu44Gz772e44KL44K944OV44OI5rC044GN44KK6KKLIDIw5p6a57WEIOa1geOBl+OBruaOkuawtOWPo+WwgueUqFctNjPjgJBUQ+OAke+8muaaruOCieOBl+WBpeW6t+ODjeODg+ODiOmkqA==,44Kt44OD44OB44Oz44OQ44K56Kq/55CG5Zmo5YW35rSX5Ymk44Kv44Oq44K544K/44Or44Ks44Kk44K244O8NTAwbWzmn5Tou5/liaTlrqTlhoXnianlubLjgZfnianlubLjgZflgaXlurfpo5/lk4HjgqLjgqTjg6rjgrnjgqrjg7zjg6Tjg57mjoPpmaTjg4/jg7Pjgqzjg7zmtJfmv6/lj47ntI3nsbPjg4DjgqTjgqjjg4Pjg4jmsLTjg4Djgqbjg4vjg7zjg5Xjg6njgqTjg5Hjg7PnibnojLbml6XmnKzjgrXjg4vjg5Hjg4Pjgq/jga7jgbPvvZ7jgovjgr3jg5Xjg4jmsLTjgY3jgorooosgMjDmnprntYQg5rWB44GX44Gu5o6S5rC05Y+j5bCC55SoVy02M+OAkFRD44CR,44CQ56iO6L68Mzk5MOWGhuS7peS4iuOBp+mAgeaWmeeEoeaWmeOAkeOAguaXpeacrOOCteODi+ODkeODg+OCr+OBruOBs++9nuOCi+OCveODleODiOawtOOBjeOCiuiiiyAyMOaemue1hCDmtYHjgZfjga7mjpLmsLTlj6PlsILnlKhXLTYz44CQVEPjgJE=[rn]
19-18343,aHR0cDovL3RzaG9wLnIxMHMuanAva3VyYXNoaWtlbmtvdS9jYWJpbmV0L29rYWJlLzk1MjE0MDUuanBnP2ZpdGluPTcwMDo3MDA=,MjM2LjAwMDA=,,5pel55So5ZOB6ZuR6LKo44O75paH5oi/5YW344O75omL6Iq4ID4g5pel55So5ZOB44O755Sf5rS76ZuR6LKoID4g6KKLID4g44Gd44Gu5LuW,5pel5pys44K144OL44OR44OD44Kv44Kt44OD44OB44Oz44OR44OD44Kt44O844OKIOS/neWtmOiiiyDkuK0gMTIw5p6a5YWlIOWNiumAj+aYjkstMTLjgJBUQ+OAkQ==,44CQ56iO6L68Mzk5MOWGhuS7peS4iuOBp+mAgeaWmeeEoeaWmeOAkQ==,PCEtLeKWvOOCq+OCtOS4i+ODkOODiuODvC0tPjxjZW50ZXI+PGZvbnQgY29sb3I9IiNmZjE0OTMiIHNpemU9IjYiPjwvY2VudGVyPjwvZm9udD48aWZyYW1lIHNyYz0iaHR0cDovL3d3dy5yYWt1dGVuLm5lLmpwL2dvbGQva3VyYXNoaWtlbmtvdS9jYXJ0XzE2MTAxOC5odG1sIiB3aWR0aD0iMTAwJSIgaGVpZ2h0PSI2NzAiIHNjcm9sbGluZz0ibm8iIGZyYW1lYm9yZGVyPSIwIiA9IiI+PC9pZnJhbWUg44CAPjwhLS3ilrLjgqvjgrTkuIvjg5Djg4rjg7wtLT48YnI+CgoKCgoKCgoKCgoKCgoKCgoKCgrjgq3jg4Pjg4Hjg7PjgaflpKfmtLvouo3jga7po5/lk4Hkv53lrZjnlKjjg53jg6rooovvvIE8YnI+44K1772e44OD44GoMeaemuOBmuOBpOWPluOCiuWHuuOBm+OBvuOBmTxicj7ph47oj5zjg7vmnpznianjgIHlhrfolLXkv53lrZjjgIHjg6zjg7Pjgrjop6Plh43jgavjgoLjgYrkvb/jgYTjgYTjgZ/jgaDjgZHjgb7jgZk8YnI+44K144Kk44K644Gu55uu5a6J44Gv44CB44Oq44Oz44K044GMMu+9njPlgIvlhaXjgovlpKfjgY3jgZXjgafjgZk8YnI+5pys5ZOB5a655Zmo44Gv44CB54S85Y2044GX44Gm44KC5pyJ5a6z44Gq44Ks44K544KS55m655Sf44GX44G+44Gb44KTPGJyPjxicj7il4/llYblk4HjgrXjgqTjgrrvvIjntITvvInvvJrmqKoyNcOX57imMzVjbTxicj7il4/llYblk4Hph43ph4/vvIjntITvvInvvJoyMjVnPGJyPuKXj+adkOizqu+8muODneODquOCqOODgeODrOODs++8iOWNiumAj+aYju+8iTxicj7il4/jgrvjg4Pjg4jlhoXlrrnvvJoxMjDmnprlhaU8YnI+4peP6KKL44Gu5Y6a44G/77yaMC4wMW1tPGJyPuKXj+iAkOWGt+a4qeW6pu+8mi0zMOW6pjxicj7il4/oo73lk4Hku5Xmp5jvvJrjg57jg4Hku5jjgY08YnI+4peP44Oh44O844Kr44O877ya5pel5pys44K144OL44OR44OD44KvPGJyPg==,5pel5pys44K144OL44OR44OD44Kv44Kt44OD44OB44Oz44OR44OD44Kt44O844OKIOS/neWtmOiiiyDkuK0gMTIw5p6a5YWlIOWNiumAj+aYjkstMTLjgJBUQ+OAke+8muaaruOCieOBl+WBpeW6t+ODjeODg+ODiOmkqA==,44Kt44OD44OB44Oz44OQ44K56Kq/55CG5Zmo5YW35rSX5Ymk44Kv44Oq44K544K/44Or44Ks44Kk44K244O8NTAwbWzmn5Tou5/liaTlrqTlhoXnianlubLjgZfnianlubLjgZflgaXlurfpo5/lk4HjgqLjgqTjg6rjgrnjgqrjg7zjg6Tjg57mjoPpmaTjg4/jg7Pjgqzjg7zmtJfmv6/lj47ntI3nsbPjg4DjgqTjgqjjg4Pjg4jmsLTjg4Djgqbjg4vjg7zjg5Xjg6njgqTjg5Hjg7PnibnojLbml6XmnKzjgrXjg4vjg5Hjg4Pjgq/jgq3jg4Pjg4Hjg7Pjg5Hjg4Pjgq3jg7zjg4og5L+d5a2Y6KKLIOS4rSAxMjDmnprlhaUg5Y2K6YCP5piOSy0xMuOAkFRD44CR,44CQ56iO6L68Mzk5MOWGhuS7peS4iuOBp+mAgeaWmeeEoeaWmeOAkeOAguaXpeacrOOCteODi+ODkeODg+OCr+OCreODg+ODgeODs+ODkeODg+OCreODvOODiiDkv53lrZjooosg5LitIDEyMOaemuWFpSDljYrpgI/mmI5LLTEy44CQVEPjgJE=[rn]
19-18344,aHR0cDovL3RzaG9wLnIxMHMuanAva3VyYXNoaWtlbmtvdS9jYWJpbmV0L2RhaXNoaW4vOTYwMzc2Mi5qcGc/Zml0aW49NzAwOjcwMA==,MTQxLjYwMDA=,,5pel55So5ZOB6ZuR6LKo44O75paH5oi/5YW344O75omL6Iq4ID4g5pel55So5ZOB44O755Sf5rS76ZuR6LKoID4g6KKLID4g44Gd44Gu5LuW,44CKQeOAi++8iOODqeODg+ODl++8ieWyqeiwtyDjgqLjgqTjg6njg4Pjg5cg44CQROOAkQ==,44CQ56iO6L68Mzk5MOWGhuS7peS4iuOBp+mAgeaWmeeEoeaWmeOAkQ==,PCEtLeKWvOOCq+OCtOS4i+ODkOODiuODvC0tPjxjZW50ZXI+PGZvbnQgY29sb3I9IiNmZjE0OTMiIHNpemU9IjYiPjwvY2VudGVyPjwvZm9udD48aWZyYW1lIHNyYz0iaHR0cDovL3d3dy5yYWt1dGVuLm5lLmpwL2dvbGQva3VyYXNoaWtlbmtvdS9jYXJ0XzE2MTAxOC5odG1sIiB3aWR0aD0iMTAwJSIgaGVpZ2h0PSI2NzAiIHNjcm9sbGluZz0ibm8iIGZyYW1lYm9yZGVyPSIwIiA9IiI+PC9pZnJhbWUg44CAPjwhLS3ilrLjgqvjgrTkuIvjg5Djg4rjg7wtLT48YnI+CgoKCgoKCgoKCgoKCgoKCgoKCgrml6XmnKzpo5/lk4HliIbmnpDjgrvjg7Pjgr/jg7zjga7mpJzmn7vjgavlkIjmoLzjgZfjgabjgYTjgovjga7jgafpo5/lk4HooZvnlJ/ms5XkuIrjgIHlronlv4PjgZfjgabjgYrkvb/jgYTpoILjgZHjgb7jgZnjgILpo5/lk4HjgpLjgb/jgZrjgb/jgZrjgZfjgY/kv53jgaHjgb7jgZnjgILjg57jg4Hku5jjgY3jga7ooovjgaDjgYvjgonjgZ3jga7jgb7jgb7ljIXjgoHjgabmiYvplpPjgYznnIHjgZHjgb7jgZnjgILpo5/lk4Hku6XlpJbjgafjgoLjgIHoo73msLfooovjgoTmsLfjga7jgYbjgarjganjgqLjgqTjg4fjgqLmrKHnrKzjgafjgIHnlKjpgJTjgYzjgrDjg7zjg7PjgajluoPjgYzjgorjgb7jgZnjgILnh4PjgoTjgZfjgabjgoLmnInmr5Ljgqzjgrnjga/nmbrnlJ/jgZfjgb7jgZvjgpPjgII8YnI+4peP5p2Q6LOq77ya44Od44Oq44Ko44OB44Os44Oz4peP44K144Kk44K677ya57imMzXDl+aoqjI1Y23il4/lhoXlrrnph4/vvJo2MOaemjxicj7il4vnmbrlo7LlhYPvvJrlsqnosLfjg57jg4bjg6rjgqLjg6vmoKrlvI/kvJrnpL48YnI+4oC744GK5Y+W44KK5a+E44Gb5ZWG5ZOB44Gu54K644CB44GK5bGK44GR44G+44GnMTDml6XvvZ4y6YCx6ZaT44G744Gp44GK5pmC6ZaT44KS44GE44Gf44Gg44GP5aC05ZCI44GM44GU44GW44GE44G+44GZ44CC5LqI44KB44GU5LqG5om/44GP44Gg44GV44GE44CCPGJyPjxicj4=,44CKQeOAi++8iOODqeODg+ODl++8ieWyqeiwtyDjgqLjgqTjg6njg4Pjg5cg44CQROOAke+8muaaruOCieOBl+WBpeW6t+ODjeODg+ODiOmkqA==,44Kt44OD44OB44Oz44OQ44K56Kq/55CG5Zmo5YW35rSX5Ymk44Kv44Oq44K544K/44Or44Ks44Kk44K244O8NTAwbWzmn5Tou5/liaTlrqTlhoXnianlubLjgZfnianlubLjgZflgaXlurfpo5/lk4HjgqLjgqTjg6rjgrnjgqrjg7zjg6Tjg57mjoPpmaTjg4/jg7Pjgqzjg7zmtJfmv6/lj47ntI3nsbPjg4DjgqTjgqjjg4Pjg4jmsLTjg4Djgqbjg4vjg7zjg5Xjg6njgqTjg5Hjg7PnibnojLbjgIpB44CL77yI44Op44OD44OX77yJ5bKp6LC3IOOCouOCpOODqeODg+ODlyDjgJBE44CR,44CQ56iO6L68Mzk5MOWGhuS7peS4iuOBp+mAgeaWmeeEoeaWmeOAkeOAguOAikHjgIvvvIjjg6njg4Pjg5fvvInlsqnosLcg44Ki44Kk44Op44OD44OXIOOAkETjgJE=[rn]
19-18345,aHR0cDovL3RzaG9wLnIxMHMuanAvZHRjL2NhYmluZXQvMjAxNzAxMjduNC80OTAwMzA5MDE2ODg2LmpwZz9maXRpbj03MDA6NzAw,NTE4LjQwMDA=,,5pel55So5ZOB6ZuR6LKo44O75paH5oi/5YW344O75omL6Iq4ID4g5pel55So5ZOB44O755Sf5rS76ZuR6LKoID4g6KKLID4g44Gd44Gu5LuW,44Ki44O844Or44OI44Op44OZ44Or55So6KGj6aGe55So5Zyn57iu6KKLIExM77yIMuaemuWFpe+8iSBGLTIwMDggKEYyMDA4KQ==,,4pag44OA44Km44OzODDvvIXku6XkuIrjga7jg4Djgqbjg7Pjgrjjg6PjgrHjg4Pjg4jjgoLlnKfnuK5PS++8gTxicj7ilqDnqbrmsJfjga7pgIbmtYHjgpLpmLLjgZDlvIHku5jjgY3jgafjgZfjgaPjgYvjgorkv53lrZjjgII8YnI+4pag5a+G5bCB5Zyn57iu44GZ44KL44GT44Go44Gr44KI44Gj44Gm44CB44OA44OL44O744Kr44OT44O75rm/5rCX44Gu5L615YWl44KS6Ziy44GE44Gn6KGj6aGe44KS5riF5r2U44Gr5L+d566h44GX44G+44GX44KH44GG44CC,44Ki44O844Or44OI44Op44OZ44Or55So6KGj6aGe55So5Zyn57iu6KKLIExM77yIMuaemuWFpe+8iSBGLTIwMDggKEYyMDA4Ke+8muOCveODleODnuODg+ODl+alveWkqeW4guWgtOW6lw==,44K944OV44Oe44OD44OXU29mbWFw44OR44K944Kz44Oz44K/44OW44Os44OD44OIUENIRETjgqLjgrvjg7Pjg5bjg6rjg5Hjg7zjg4Tjg5Hjgr3jgrPjg7Pjg5Hjg7zjg4Tjg4bjg6zjg5PjgrLjg7zjg6Djg5bjg6vjg7zjg6zjgqTjgr3jg5Xjg4hEVkTjgr3jg5Xjg4jmtrLmmbbjg4bjg6zjg5Pjg5bjg6vjg7zjg6zjgqTjg4fjgqPjgrnjgq/jg6zjgrPjg7zjg4Djg7zjg4fjgrjjgr/jg6vkuIDnnLzjg6zjg5Xjgqvjg6Hjg6njg4fjgrjjgr/jg6vjgqvjg6Hjg6nlrrbpm7vmmYLoqIjkuK3lj6TjgqLjgqbjg4jjg6zjg4Pjg4hpUGFkaVBob25l44Ki44O844Or44OI44Op44OZ44Or55So6KGj6aGe55So5Zyn57iu6KKLIExM77yIMuaemuWFpe+8iSBGLTIwMDggKEYyMDA4KQ==,44Ki44O844Or44OI44Op44OZ44Or55So6KGj6aGe55So5Zyn57iu6KKLIExM77yIMuaemuWFpe+8iSBGLTIwMDggKEYyMDA4KQ==[rn]
19-18346,aHR0cDovL3RzaG9wLnIxMHMuanAvc291a2FpL2NhYmluZXQvNzUvNDkwMjM5MzQwNzE3NS5qcGc/Zml0aW49NzAwOjcwMA==,MTAyLjQwMDA=,,5pel55So5ZOB6ZuR6LKo44O75paH5oi/5YW344O75omL6Iq4ID4g5pel55So5ZOB44O755Sf5rS76ZuR6LKoID4g6KKLID4g44Gd44Gu5LuW,44GN44Gj44Gh44KT44Gw44Gf44GRIOS/neWtmOiiiyDkuK0oNTDmnprlhaUpW+iii10=,6KKL4piF56iO5oqcMTkwMOWGhuS7peS4iuOBp+mAgeaWmeeEoeaWmeKYhQ==,PGltZyBzcmM9J2h0dHA6Ly93d3cucmFrdXRlbi5uZS5qcC9nb2xkL3NvdWthaS9pbWFnZS8wX3JfY2FtLmpwZycgYm9yZGVyPScwJz48YnI+PGJyPuOBiuW6l1RPUO+8nuaXpeeUqOWTge+8nuOCreODg+ODgeODs+eUqOWTge+8nuS/neWtmOeUqOODkOODg+OCsCDjg53jg6rooovvvJ7jgY3jgaPjgaHjgpPjgbDjgZ/jgZEg5L+d5a2Y6KKLIOS4rSAoNTDmnprlhaUpPGJyPjxicj7imIXnqI7mipwxOTAw5YaG5Lul5LiK44Gn6YCB5paZ54Sh5paZ4piFPGJyPjxicj7jgJDjgY3jgaPjgaHjgpPjgbDjgZ/jgZEg5L+d5a2Y6KKLIOS4reOBruWVhuWTgeips+e0sOOAkTxicj7il4/jgq3jg4Pjg4Hjg7Pjgb7jgo/jgorjgaflpKflpInkvr/liKnjgarjgIHjgrnjgr/jg7Pjg4Djg7zjg4njgarjg53jg6rooovjgafjgZnjgII8YnI+4peP5Y6a44GVMC4wMuODn+ODqjxicj48YnI+44CQ5p2Q6LOq44CRPGJyPuS9juWvhuW6puODneODquOCqOODgeODrOODs+OAkOOCteOCpOOCuuOAkTI1MCozNTBtbTxicj48YnI+44CQ55m65aOy5YWD44CB6KO96YCg5YWD44CB6Ly45YWl5YWD5Y+I44Gv6LKp5aOy5YWD44CRPGJyPuaXpeacrOOCteODi+ODkeODg+OCrzxicj48YnI+KOOCtOODn+ODluOCr+ODrSk8YnI+PGJyPuaXpeacrOOCteODi+ODkeODg+OCrzxicj4xNTEtMDA3MiDmnbHkuqzpg73muIvosLfljLrluaHjg7bosLcxLTI1LTU8YnI+MDMtMzQ2OS00ODAxPGJyPjxicj7luoPlkYrmlofosqzvvJrmoKrlvI/kvJrnpL7niL3lv6vjg4njg6njg4PjgrA8YnI+PGJyPlvjgq3jg4Pjg4Hjg7PnlKjlk4Fd,44GN44Gj44Gh44KT44Gw44Gf44GRIOS/neWtmOiiiyDkuK0oNTDmnprlhaUpW+iii13vvJrniL3lv6vjg4njg6njg4PjgrA=,5o6D6Zmk5rSX5r+v5YGl5bq36aOf5ZOB5rC044O744OJ44Oq44Oz44Kv6aOf5paZ5ZOB5Yy76Jas5ZOB44OY44Or44K544Kx44Ki44OZ44OT44O85pel55So5ZOB44OT44Ol44O844OG44Kj5a626Zu744Oa44OD44OI44K544Od44O844OE44Oq44Op44Kv44K844O844K344On44Oz44GN44Gj44Gh44KT44Gw44Gf44GRIOS/neWtmOiiiyDkuK0oNTDmnprlhaUpW+iii10=,6KKL4piF56iO5oqcMTkwMOWGhuS7peS4iuOBp+mAgeaWmeeEoeaWmeKYheOAguOBjeOBo+OBoeOCk+OBsOOBn+OBkSDkv53lrZjooosg5LitKDUw5p6a5YWlKVvoootd[rn]
19-18347,aHR0cDovL3RzaG9wLnIxMHMuanAvc291a2FpL2NhYmluZXQvODIvNDkwMjM5MzQwNzE4Mi5qcGc/Zml0aW49NzAwOjcwMA==,MTMyLjAwMDA=,,5pel55So5ZOB6ZuR6LKo44O75paH5oi/5YW344O75omL6Iq4ID4g5pel55So5ZOB44O755Sf5rS76ZuR6LKoID4g6KKLID4g44Gd44Gu5LuW,44GN44Gj44Gh44KT44Gw44Gf44GRIOS/neWtmOiiiyDlpKcoNTDmnprlhaUpW+iii10=,6KKL4piF56iO5oqcMTkwMOWGhuS7peS4iuOBp+mAgeaWmeeEoeaWmeKYhQ==,PGltZyBzcmM9J2h0dHA6Ly93d3cucmFrdXRlbi5uZS5qcC9nb2xkL3NvdWthaS9pbWFnZS8wX3JfY2FtLmpwZycgYm9yZGVyPScwJz48YnI+PGJyPuOBiuW6l1RPUO+8nuaXpeeUqOWTge+8nuOCreODg+ODgeODs+eUqOWTge+8nuS/neWtmOeUqOODkOODg+OCsCDjg53jg6rooovvvJ7jgY3jgaPjgaHjgpPjgbDjgZ/jgZEg5L+d5a2Y6KKLIOWkpyAoNTDmnprlhaUpPGJyPjxicj7imIXnqI7mipwxOTAw5YaG5Lul5LiK44Gn6YCB5paZ54Sh5paZ4piFPGJyPjxicj7jgJDjgY3jgaPjgaHjgpPjgbDjgZ/jgZEg5L+d5a2Y6KKLIOWkp+OBruWVhuWTgeips+e0sOOAkTxicj7il4/jgq3jg4Pjg4Hjg7Pjgb7jgo/jgorjgaflpKflpInkvr/liKnjgarjgIHjgrnjgr/jg7Pjg4Djg7zjg4njgarjg53jg6rooovjgafjgZnjgII8YnI+4peP5Y6a44GVMC4wMuODn+ODqjxicj48YnI+44CQ5p2Q6LOq44CRPGJyPuS9juWvhuW6puODneODquOCqOODgeODrOODs+OAkOOCteOCpOOCuuOAkTMyMCozODBtbTxicj48YnI+44CQ55m65aOy5YWD44CB6KO96YCg5YWD44CB6Ly45YWl5YWD5Y+I44Gv6LKp5aOy5YWD44CRPGJyPuaXpeacrOOCteODi+ODkeODg+OCrzxicj48YnI+KOOCtOODn+ODluOCr+ODrSk8YnI+PGJyPuaXpeacrOOCteODi+ODkeODg+OCrzxicj4xNTEtMDA3MiDmnbHkuqzpg73muIvosLfljLrluaHjg7bosLcxLTI1LTU8YnI+MDMtMzQ2OS00ODAxPGJyPjxicj7luoPlkYrmlofosqzvvJrmoKrlvI/kvJrnpL7niL3lv6vjg4njg6njg4PjgrA8YnI+PGJyPlvjgq3jg4Pjg4Hjg7PnlKjlk4Fd,44GN44Gj44Gh44KT44Gw44Gf44GRIOS/neWtmOiiiyDlpKcoNTDmnprlhaUpW+iii13vvJrniL3lv6vjg4njg6njg4PjgrA=,5o6D6Zmk5rSX5r+v5YGl5bq36aOf5ZOB5rC044O744OJ44Oq44Oz44Kv6aOf5paZ5ZOB5Yy76Jas5ZOB44OY44Or44K544Kx44Ki44OZ44OT44O85pel55So5ZOB44OT44Ol44O844OG44Kj5a626Zu744Oa44OD44OI44K544Od44O844OE44Oq44Op44Kv44K844O844K344On44Oz44GN44Gj44Gh44KT44Gw44Gf44GRIOS/neWtmOiiiyDlpKcoNTDmnprlhaUpW+iii10=,6KKL4piF56iO5oqcMTkwMOWGhuS7peS4iuOBp+mAgeaWmeeEoeaWmeKYheOAguOBjeOBo+OBoeOCk+OBsOOBn+OBkSDkv53lrZjooosg5aSnKDUw5p6a5YWlKVvoootd[rn]
19-18348,aHR0cDovL3RzaG9wLnIxMHMuanAvc291a2FpL2NhYmluZXQvOTgvNDkwMjM5MzU1ODE5OC5qcGc/Zml0aW49NzAwOjcwMA==,MTg0LjAwMDA=,,5pel55So5ZOB6ZuR6LKo44O75paH5oi/5YW344O75omL6Iq4ID4g5pel55So5ZOB44O755Sf5rS76ZuR6LKoID4g6KKLID4g44Gd44Gu5LuW,44Go44Gj44Gm5LuY44Od44Oq6KKLIOaJi+OBleOBkuOCv+OCpOODlyhM44K144Kk44K6KjUw5p6a5YWlKVvoootd,6KKL4piF56iO5oqcMTkwMOWGhuS7peS4iuOBp+mAgeaWmeeEoeaWmeKYhQ==,PGltZyBzcmM9J2h0dHA6Ly93d3cucmFrdXRlbi5uZS5qcC9nb2xkL3NvdWthaS9pbWFnZS8wX3JfY2FtLmpwZycgYm9yZGVyPScwJz48YnI+PGJyPuOBiuW6l1RPUO+8nuaXpeeUqOWTge+8nuOCreODg+ODgeODs+eUqOWTge+8nuS/neWtmOeUqOODkOODg+OCsCDjg53jg6rooovvvJ7jgajjgaPjgabku5jjg53jg6rooosg5omL44GV44GS44K/44Kk44OXIChM44K144Kk44K6KjUw5p6a5YWlKTxicj48YnI+4piF56iO5oqcMTkwMOWGhuS7peS4iuOBp+mAgeaWmeeEoeaWmeKYhTxicj48YnI+44CQ44Go44Gj44Gm5LuY44Od44Oq6KKLIOaJi+OBleOBkuOCv+OCpOODl+OBruWVhuWTgeips+e0sOOAkTxicj7il4/jg6zjgrjooovjgr/jgqTjg5fjga7lpKflnovmiYvjgZXjgZLooovjgafjgZnjgILjgZTjgb/ooovjgajjgZfjgabjgoI8YnI+4peP5Y6a44GVMC4wMuODn+ODqjxicj48YnI+44CQ5p2Q6LOq44CRPGJyPumrmOWvhuW6puODneODquOCqOODgeODrOODs+OAkOOCteOCpOOCuuOAkTMwMC80NTAqNTUwbW08YnI+PGJyPuOAkOeZuuWjsuWFg+OAgeijvemAoOWFg+OAgei8uOWFpeWFg+WPiOOBr+iyqeWjsuWFg+OAkTxicj7ml6XmnKzjgrXjg4vjg5Hjg4Pjgq88YnI+PGJyPijjgrTjg5/jg5bjgq/jg60pPGJyPjxicj7ml6XmnKzjgrXjg4vjg5Hjg4Pjgq88YnI+MTUxLTAwNzIg5p2x5Lqs6YO95riL6LC35Yy65bmh44O26LC3MS0yNS01PGJyPjAzLTM0NjktNDgwMTxicj48YnI+5bqD5ZGK5paH6LKs77ya5qCq5byP5Lya56S+54i95b+r44OJ44Op44OD44KwPGJyPjxicj5b44Kt44OD44OB44Oz55So5ZOBXQ==,44Go44Gj44Gm5LuY44Od44Oq6KKLIOaJi+OBleOBkuOCv+OCpOODlyhM44K144Kk44K6KjUw5p6a5YWlKVvoootd77ya54i95b+r44OJ44Op44OD44Kw,5o6D6Zmk5rSX5r+v5YGl5bq36aOf5ZOB5rC044O744OJ44Oq44Oz44Kv6aOf5paZ5ZOB5Yy76Jas5ZOB44OY44Or44K544Kx44Ki44OZ44OT44O85pel55So5ZOB44OT44Ol44O844OG44Kj5a626Zu744Oa44OD44OI44K544Od44O844OE44Oq44Op44Kv44K844O844K344On44Oz44Go44Gj44Gm5LuY44Od44Oq6KKLIOaJi+OBleOBkuOCv+OCpOODlyhM44K144Kk44K6KjUw5p6a5YWlKVvoootd,6KKL4piF56iO5oqcMTkwMOWGhuS7peS4iuOBp+mAgeaWmeeEoeaWmeKYheOAguOBqOOBo+OBpuS7mOODneODquiiiyDmiYvjgZXjgZLjgr/jgqTjg5coTOOCteOCpOOCuio1MOaemuWFpSlb6KKLXQ==[rn]
19-18349,aHR0cDovL3RzaG9wLnIxMHMuanAvc291a2FpL2NhYmluZXQvNTUvNDkwMTk4MzEyMzY1NS5qcGc/Zml0aW49NzAwOjcwMA==,Mjg5LjYwMDA=,,5pel55So5ZOB6ZuR6LKo44O75paH5oi/5YW344O75omL6Iq4ID4g5pel55So5ZOB44O755Sf5rS76ZuR6LKoID4g6KKLID4g44Gd44Gu5LuW,5oqX6I+MIOS/neWGt+ODkOODg+OCsCBMKDHjgrPlhaUpW+S/neWGt+ODkOODg+OCsCDjg6njg7Pjg4Hjg5Djg4PjgrBd,5L+d5Ya344OQ44OD44KwIOODqeODs+ODgeODkOODg+OCsOKYheeojuaKnDE5MDDlhobku6XkuIrjgafpgIHmlpnnhKHmlpnimIU=,PGltZyBzcmM9J2h0dHA6Ly93d3cucmFrdXRlbi5uZS5qcC9nb2xkL3NvdWthaS9pbWFnZS8wX3JfY2FtLmpwZycgYm9yZGVyPScwJz48YnI+PGJyPuOBiuW6l1RPUO+8nuaXpeeUqOWTge+8nuOCreODg+ODgeODs+eUqOWTge+8nuOCreODg+ODgeODs+eUqOWTgSDjgZ3jga7ku5bvvJ7mipfoj4wg5L+d5Ya344OQ44OD44KwIEwgKDHjgrPlhaUpPGJyPjxicj7imIXnqI7mipwxOTAw5YaG5Lul5LiK44Gn6YCB5paZ54Sh5paZ4piFPGJyPjxicj48aW1nIHNyYz0naHR0cDovL2ltYWdlLnJha3V0ZW4uY28uanAvc291a2FpL2NhYmluZXQvejU1L3o0OTAxOTgzMTIzNjU1LmpwZycgd2lkdGg9JzEwMCUnPjxicj48YnI+44CQ5oqX6I+MIOS/neWGt+ODkOODg+OCsCBM44Gu5ZWG5ZOB6Kmz57Sw44CRPGJyPuKXjzPlsaTmp4vpgKDjgafnm7TlsITml6XlhYnjgoTlpJbmsJfmuKnjgYvjgonlhrflh43po5/lk4HjgoTnlJ/prq7po5/lk4HjgarjganjgpLlrojjgorjgb7jgZnjgII8YnI+4peP6KO95ZOB44Gu5YaF5YG044Gr5oqX6I+M5oCn44OV44Kj44Or44Og44KS5L2/55So44GX44Gm44GE44G+44GZ44Gu44Gn44CB44OV44Kj44Or44Og54q244Gu57Sw6I+M44Gu5aKX5q6W44KS5oqR44GI44CB5riF5r2U44Gr5L+d566h44GX44Gm44GK44GP44GT44Go44GM44Gn44GN44G+44GZ44CCPGJyPuKXj+ewoeWNmOOBq+WPo+OBjOatouOCgeOCieOCjOOCi+ODj+ODs+ODieODq+mDqOOBr+WGt+awl+OBrua8j+OCjOOCkuaKkeOBiOOAgeOBvuOBn+aMgeOBoemBi+OBs+OBq+S+v+WIqeOBp+OBmeOAgjxicj7il4/jgobjgaPjgZ/jgorlhaXjgovjg57jg4HjgpLjgaTjgZHjgabjgYTjgb7jgZnjgII8YnI+4peP56C05pCN44GX44Gq44GE6ZmQ44KK44CB44GP44KK6L+U44GX5L2/55So44GZ44KL44GT44Go44GM44Gn44GN44G+44GZ44CCPGJyPjxicj7jgJDmipfoj4wg5L+d5Ya344OQ44OD44KwIEzjga7ljp/mnZDmlpnjgJE8YnI+44Od44Oq44Ko44OB44Os44Oz44CB44Od44Oq44Ko44K544OG44OrKOOCouODq+ODn+iSuOedgCk8YnI+44CQ5oiQ5YiG44CRPGJyPueEoeapn+ezu+aKl+iPjOWJpDxicj7jgJDopo/moLzmpoLopoHjgJE8YnI+44K144Kk44K644O744O744O757SE5bmFMzEuNSrmt7HjgZUzOSrjg57jg4ExMWNtPGJyPjxicj7jgJDnmbrlo7LlhYPjgIHoo73pgKDlhYPjgIHovLjlhaXlhYPlj4jjga/osqnlo7LlhYPjgJE8YnI+5p2x5ZKM55Sj5qWtPGJyPjxicj7mnbHlkoznlKPmpa08YnI+NjQyLTAwMzQg5ZKM5q2M5bGx55yM5rW35Y2X5biC6Jek55m9NzU5PGJyPjA3My00ODItNDQyMTxicj48YnI+5bqD5ZGK5paH6LKs77ya5qCq5byP5Lya56S+54i95b+r44OJ44Op44OD44KwPGJyPjxicj5b44Kt44OD44OB44Oz55So5ZOBXQ==,5oqX6I+MIOS/neWGt+ODkOODg+OCsCBMKDHjgrPlhaUpW+S/neWGt+ODkOODg+OCsCDjg6njg7Pjg4Hjg5Djg4PjgrBd77ya54i95b+r44OJ44Op44OD44Kw,5o6D6Zmk5rSX5r+v5YGl5bq36aOf5ZOB5rC044O744OJ44Oq44Oz44Kv6aOf5paZ5ZOB5Yy76Jas5ZOB44OY44Or44K544Kx44Ki44OZ44OT44O85pel55So5ZOB44OT44Ol44O844OG44Kj5a626Zu744Oa44OD44OI44K544Od44O844OE44Oq44Op44Kv44K844O844K344On44Oz5oqX6I+MIOS/neWGt+ODkOODg+OCsCBMKDHjgrPlhaUpW+S/neWGt+ODkOODg+OCsCDjg6njg7Pjg4Hjg5Djg4PjgrBd,5L+d5Ya344OQ44OD44KwIOODqeODs+ODgeODkOODg+OCsOKYheeojuaKnDE5MDDlhobku6XkuIrjgafpgIHmlpnnhKHmlpnimIXjgILmipfoj4wg5L+d5Ya344OQ44OD44KwIEwoMeOCs+WFpSlb5L+d5Ya344OQ44OD44KwIOODqeODs+ODgeODkOODg+OCsF0=[rn]
19-18350,aHR0cDovL3RzaG9wLnIxMHMuanAvbWFtYWJhYnkvY2FiaW5ldC9kYWlzaGluLzk2MDM3NjIuanBnP2ZpdGluPTcwMDo3MDA=,MTQxLjYwMDA=,,5pel55So5ZOB6ZuR6LKo44O75paH5oi/5YW344O75omL6Iq4ID4g5pel55So5ZOB44O755Sf5rS76ZuR6LKoID4g6KKLID4g44Gd44Gu5LuW,77yI44Op44OD44OX77yJ5bKp6LC3IOOCouOCpOODqeODg+ODlyDjgJBE44CR44CQQVLjgJHjgJBSQ1DjgJE=,5bqX5YaF5LiA6YOo5ZWG5ZOB44Od44Kk44Oz44OIVVDimIbmnIDlpKcxMOWAje+8gQ==,PCEtLeKWvOOCq+OCtOS4i+ODkOODiuODvC0tPjxjZW50ZXI+PGZvbnQgY29sb3I9IiNmZjE0OTMiIHNpemU9IjYiPjxiPi0t5Lq65rCX5oCl5LiK5piH44Ki44Kk44OG44OgLS08L2I+PC9jZW50ZXI+PC9mb250PjxpZnJhbWUgc3JjPSJodHRwOi8vd3d3LnJha3V0ZW4ubmUuanAvZ29sZC9tYW1hYmFieS9jYXJ0Lmh0bWwiIHdpZHRoPSIxMDAlIiBoZWlnaHQ9IjQwMCIgc2Nyb2xsaW5nPSJubyIgZnJhbWVib3JkZXI9IjAiID0iIj48L2lmcmFtZSDjgIA+PGJyPjwhLS3ilrLjgqvjgrTkuIvjg5Djg4rjg7wtLT4K5pel5pys6aOf5ZOB5YiG5p6Q44K744Oz44K/44O844Gu5qSc5p+744Gr5ZCI5qC844GX44Gm44GE44KL44Gu44Gn6aOf5ZOB6KGb55Sf5rOV5LiK44CB5a6J5b+D44GX44Gm44GK5L2/44GE6aCC44GR44G+44GZ44CC6aOf5ZOB44KS44G/44Ga44G/44Ga44GX44GP5L+d44Gh44G+44GZ44CC44Oe44OB5LuY44GN44Gu6KKL44Gg44GL44KJ44Gd44Gu44G+44G+5YyF44KB44Gm5omL6ZaT44GM55yB44GR44G+44GZ44CC6aOf5ZOB5Lul5aSW44Gn44KC44CB6KO95rC36KKL44KE5rC344Gu44GG44Gq44Gp44Ki44Kk44OH44Ki5qyh56ys44Gn44CB55So6YCU44GM44Kw44O844Oz44Go5bqD44GM44KK44G+44GZ44CC54eD44KE44GX44Gm44KC5pyJ5q+S44Ks44K544Gv55m655Sf44GX44G+44Gb44KT44CCPGJyPuKXj+adkOizqu+8muODneODquOCqOODgeODrOODs+KXj+OCteOCpOOCuu+8mue4pjM1w5fmqKoyNWNt4peP5YaF5a656YeP77yaNjDmnpo8YnI+4peL55m65aOy5YWD77ya5bKp6LC344Oe44OG44Oq44Ki44Or5qCq5byP5Lya56S+PGJyPuKAu+OBiuWPluOCiuWvhOOBm+WVhuWTgeOBrueCuuOAgeOBiuWxiuOBkeOBvuOBpzEw5pel772eMumAsemWk+OBu+OBqeOBiuaZgumWk+OCkuOBhOOBn+OBoOOBj+WgtOWQiOOBjOOBlOOBluOBhOOBvuOBmeOAguS6iOOCgeOBlOS6huaJv+OBj+OBoOOBleOBhOOAgjxicj48YnI+PGZvbnQgY29sb3I9IiNGRjE0OTMiPue+juWuueODu+WBpeW6t+OBq+iJr+OBhOOBqOipleWIpOKZqjxicj7imIbjgajjgYbjgoLjgo3jgZPjgZfjga7jgbLjgZLojLbimIY8L2ZvbnQ+,77yI44Op44OD44OX77yJ5bKp6LC3IOOCouOCpOODqeODg+ODlyDjgJBE44CR44CQQVLjgJHjgJBSQ1DjgJHvvJrlrZDogrLjgabjg57jg57jga7lupfjgIDjg5njg5Pjg7zjg7vjgq3jg4Pjgro=,44Kt44OD44K644OB44Kn44K544OI44OZ44OT44O85a2Q5L6b44GK44KC44Gh44KD5Y+O57SN5a2Q5L6b6YOo5bGL5Y+O57SN44GK44KA44Gk44OH44Kj44K644OL44O844OZ44OT44O844Kr44O844OB44Oj44Kk44Or44OJ44K344O844OI5Ye655Sj44OZ44OT44O844Ku44OV44OI44Kt44OD44K644GT44Gp44KC44OZ44OT44O844OB44Kn44Ki44OZ44OT44O844OI44Kk44Os44Kt44OD44K644Or44O844Og5q2p6KGM5Zmo54mp5bmy44GX44Of44Or44Kv77yI44Op44OD44OX77yJ5bKp6LC3IOOCouOCpOODqeODg+ODlyDjgJBE44CR44CQQVLjgJHjgJBSQ1DjgJE=,5bqX5YaF5LiA6YOo5ZWG5ZOB44Od44Kk44Oz44OIVVDimIbmnIDlpKcxMOWAje+8geOAgu+8iOODqeODg+ODl++8ieWyqeiwtyDjgqLjgqTjg6njg4Pjg5cg44CQROOAkeOAkEFS44CR44CQUkNQ44CR[rn]
19-18351,aHR0cDovL3RzaG9wLnIxMHMuanAva3VyYXNoaWtlbmtvdS9jYWJpbmV0L29rYWJlLzk1MjEzOTkuanBnP2ZpdGluPTcwMDo3MDA=,MTE3LjYwMDA=,,5pel55So5ZOB6ZuR6LKo44O75paH5oi/5YW344O75omL6Iq4ID4g5pel55So5ZOB44O755Sf5rS76ZuR6LKoID4g6KKLID4g44Gd44Gu5LuW,5pel5pys44K144OL44OR44OD44Kv55Kw5aKD44Kv44Op44OWIOWIhuWIpeWPjumbhuiiiyAyMEwg6YCP5piOIDEw5p6a5YWlVy0yM+OAkFRD44CR,44CQ56iO6L68Mzk5MOWGhuS7peS4iuOBp+mAgeaWmeeEoeaWmeOAkQ==,PCEtLeKWvOOCq+OCtOS4i+ODkOODiuODvC0tPjxjZW50ZXI+PGZvbnQgY29sb3I9IiNmZjE0OTMiIHNpemU9IjYiPjwvY2VudGVyPjwvZm9udD48aWZyYW1lIHNyYz0iaHR0cDovL3d3dy5yYWt1dGVuLm5lLmpwL2dvbGQva3VyYXNoaWtlbmtvdS9jYXJ0XzE2MTAxOC5odG1sIiB3aWR0aD0iMTAwJSIgaGVpZ2h0PSI2NzAiIHNjcm9sbGluZz0ibm8iIGZyYW1lYm9yZGVyPSIwIiA9IiI+PC9pZnJhbWUg44CAPjwhLS3ilrLjgqvjgrTkuIvjg5Djg4rjg7wtLT48YnI+CgoKCgoKCgoKCgoKCgoKCgoKCgrkvZXjgYvjgajkvr/liKnjgavkvb/jgYjjgovjg53jg6rooovjgafjgZk8YnI+5YaN55Sf44Od44Oq44Ko44OB44Os44OzNDDvvIXjgafjgZk8YnI+5pys5ZOB44Gv5bel5aC044Gn55m655Sf44GZ44KL44Od44Oq44Ko44OB44Os44Oz44Gu56uv5p2Q562J44KS5YaN5Yip55So44GX44Gm44GE44G+44GZPGJyPuacrOWTgeOBr+ODneODquOCqOODgeODrOODs+ijveOBp+OBmeOBruOBp+eEvOWNtOOBl+OBpuOCguacieavkuOCrOOCueOBr+eZuueUn+OBl+OBvuOBm+OCkzxicj48YnI+4peP5ZWG5ZOB44K144Kk44K677yI57SE77yJ77ya5qiqNTLDl+e4pjYwY208YnI+4peP5ZWG5ZOB6YeN6YeP77yI57SE77yJ77yaMTYwZzxicj7il4/mnZDos6rvvJrjg53jg6rjgqjjg4Hjg6zjg7PvvIjpgI/mmI7vvIk8YnI+4peP44K744OD44OI5YaF5a6577yaMTDmnprlhaU8YnI+4peP6KKL44Gu5Y6a44G/77yaMC4wM21tPGJyPuKXj+iAkOWGt+a4qeW6pu+8mi0zMOW6pjxicj7il4/jg6Hjg7zjgqvjg7zvvJrml6XmnKzjgrXjg4vjg5Hjg4Pjgq88YnI+,5pel5pys44K144OL44OR44OD44Kv55Kw5aKD44Kv44Op44OWIOWIhuWIpeWPjumbhuiiiyAyMEwg6YCP5piOIDEw5p6a5YWlVy0yM+OAkFRD44CR77ya5pqu44KJ44GX5YGl5bq344ON44OD44OI6aSo,44Kt44OD44OB44Oz44OQ44K56Kq/55CG5Zmo5YW35rSX5Ymk44Kv44Oq44K544K/44Or44Ks44Kk44K244O8NTAwbWzmn5Tou5/liaTlrqTlhoXnianlubLjgZfnianlubLjgZflgaXlurfpo5/lk4HjgqLjgqTjg6rjgrnjgqrjg7zjg6Tjg57mjoPpmaTjg4/jg7Pjgqzjg7zmtJfmv6/lj47ntI3nsbPjg4DjgqTjgqjjg4Pjg4jmsLTjg4Djgqbjg4vjg7zjg5Xjg6njgqTjg5Hjg7PnibnojLbml6XmnKzjgrXjg4vjg5Hjg4Pjgq/nkrDlooPjgq/jg6njg5Yg5YiG5Yil5Y+O6ZuG6KKLIDIwTCDpgI/mmI4gMTDmnprlhaVXLTIz44CQVEPjgJE=,44CQ56iO6L68Mzk5MOWGhuS7peS4iuOBp+mAgeaWmeeEoeaWmeOAkeOAguaXpeacrOOCteODi+ODkeODg+OCr+eSsOWig+OCr+ODqeODliDliIbliKXlj47pm4booosgMjBMIOmAj+aYjiAxMOaemuWFpVctMjPjgJBUQ+OAkQ==[rn]
19-18352,aHR0cDovL3RzaG9wLnIxMHMuanAva3VyYXNoaWtlbmtvdS9jYWJpbmV0L29rYWJlLzk1MjE0MzAuanBnP2ZpdGluPTcwMDo3MDA=,MzcwLjQwMDA=,,5pel55So5ZOB6ZuR6LKo44O75paH5oi/5YW344O75omL6Iq4ID4g5pel55So5ZOB44O755Sf5rS76ZuR6LKoID4g6KKLID4g44Gd44Gu5LuW,5pel5pys44K144OL44OR44OD44Kv44GU44G/5Y+O6ZuG6KKLIDQ1TCDnmb3ljYrpgI/mmI4gMzDmnprlhaVIVDQ044CQVEPjgJE=,44CQ56iO6L68Mzk5MOWGhuS7peS4iuOBp+mAgeaWmeeEoeaWmeOAkQ==,PCEtLeKWvOOCq+OCtOS4i+ODkOODiuODvC0tPjxjZW50ZXI+PGZvbnQgY29sb3I9IiNmZjE0OTMiIHNpemU9IjYiPjwvY2VudGVyPjwvZm9udD48aWZyYW1lIHNyYz0iaHR0cDovL3d3dy5yYWt1dGVuLm5lLmpwL2dvbGQva3VyYXNoaWtlbmtvdS9jYXJ0XzE2MTAxOC5odG1sIiB3aWR0aD0iMTAwJSIgaGVpZ2h0PSI2NzAiIHNjcm9sbGluZz0ibm8iIGZyYW1lYm9yZGVyPSIwIiA9IiI+PC9pZnJhbWUg44CAPjwhLS3ilrLjgqvjgrTkuIvjg5Djg4rjg7wtLT48YnI+CgoKCgoKCgoKCgoKCgoKCgoKCgrlrrnph4/ooajoqJjlhaXjgorjg53jg6rooovvvIE8YnI+5pys5L2T44Gr44KP44GL44KK44KE44GZ44GP5a656YeP44KS5Y2w5Yi344GX44Gm44GC44KK44G+44GZPGJyPuacrOWTgeOBr+ODneODquOCqOODgeODrOODs+ijveOBp+OBmeOBruOBp+eEvOWNtOOBl+OBpuOCguacieavkuOCrOOCueOBr+eZuueUn+OBl+OBvuOBm+OCkzxicj48YnI+4peP5ZWG5ZOB44K144Kk44K677yI57SE77yJ77ya5qiqNjXDl+e4pjgwY208YnI+4peP5ZWG5ZOB6YeN6YeP77yI57SE77yJ77yaNTI1Zzxicj7il4/mnZDos6rvvJrjg53jg6rjgqjjg4Hjg6zjg7PvvIjnmb3ljYrpgI/mmI7vvIk8YnI+4peP44K744OD44OI5YaF5a6577yaMzDmnprlhaU8YnI+4peP6KKL44Gu5Y6a44G/77yaMC4wMm1tPGJyPuKXj+iAkOWGt+a4qeW6pu+8mi0zMOW6pjxicj7il4/jg6Hjg7zjgqvjg7zvvJrml6XmnKzjgrXjg4vjg5Hjg4Pjgq88YnI+,5pel5pys44K144OL44OR44OD44Kv44GU44G/5Y+O6ZuG6KKLIDQ1TCDnmb3ljYrpgI/mmI4gMzDmnprlhaVIVDQ044CQVEPjgJHvvJrmmq7jgonjgZflgaXlurfjg43jg4Pjg4jppKg=,44Kt44OD44OB44Oz44OQ44K56Kq/55CG5Zmo5YW35rSX5Ymk44Kv44Oq44K544K/44Or44Ks44Kk44K244O8NTAwbWzmn5Tou5/liaTlrqTlhoXnianlubLjgZfnianlubLjgZflgaXlurfpo5/lk4HjgqLjgqTjg6rjgrnjgqrjg7zjg6Tjg57mjoPpmaTjg4/jg7Pjgqzjg7zmtJfmv6/lj47ntI3nsbPjg4DjgqTjgqjjg4Pjg4jmsLTjg4Djgqbjg4vjg7zjg5Xjg6njgqTjg5Hjg7PnibnojLbml6XmnKzjgrXjg4vjg5Hjg4Pjgq/jgZTjgb/lj47pm4booosgNDVMIOeZveWNiumAj+aYjiAzMOaemuWFpUhUNDTjgJBUQ+OAkQ==,44CQ56iO6L68Mzk5MOWGhuS7peS4iuOBp+mAgeaWmeeEoeaWmeOAkeOAguaXpeacrOOCteODi+ODkeODg+OCr+OBlOOBv+WPjumbhuiiiyA0NUwg55m95Y2K6YCP5piOIDMw5p6a5YWlSFQ0NOOAkFRD44CR[rn]
19-18353,aHR0cDovL3RzaG9wLnIxMHMuanAva3VyYXNoaWtlbmtvdS9jYWJpbmV0L29rYWJlLzk1MjE0MTUuanBnP2ZpdGluPTcwMDo3MDA=,MzgwLjAwMDA=,,5pel55So5ZOB6ZuR6LKo44O75paH5oi/5YW344O75omL6Iq4ID4g5pel55So5ZOB44O755Sf5rS76ZuR6LKoID4g6KKLID4g44Gd44Gu5LuW,5pel5pys44K144OL44OR44OD44Kv6KaP5qC86KKLIOOBsuOCguS7mOOBjeWQiuOCiuS4i+OBkjEz5Y+3IOmAj+aYjiAxMDDmnprlhaVMMTNI44CQVEPjgJE=,44CQ56iO6L68Mzk5MOWGhuS7peS4iuOBp+mAgeaWmeeEoeaWmeOAkQ==,PCEtLeKWvOOCq+OCtOS4i+ODkOODiuODvC0tPjxjZW50ZXI+PGZvbnQgY29sb3I9IiNmZjE0OTMiIHNpemU9IjYiPjwvY2VudGVyPjwvZm9udD48aWZyYW1lIHNyYz0iaHR0cDovL3d3dy5yYWt1dGVuLm5lLmpwL2dvbGQva3VyYXNoaWtlbmtvdS9jYXJ0XzE2MTAxOC5odG1sIiB3aWR0aD0iMTAwJSIgaGVpZ2h0PSI2NzAiIHNjcm9sbGluZz0ibm8iIGZyYW1lYm9yZGVyPSIwIiA9IiI+PC9pZnJhbWUg44CAPjwhLS3ilrLjgqvjgrTkuIvjg5Djg4rjg7wtLT48YnI+CgoKCgoKCgoKCgoKCgoKCgoKCgrkuIrpg6jniYflgbTjgavlkIrjgorkuIvjgZLjg5Ljg6LjgYzjgaTjgYTjgabjgYTjgabjgIExMDDmnprjgpLkuIDmi6zjgaflkIrjgorkuIvjgZLjgovjgZPjgajjgYzjgafjgY3jgb7jgZk8YnI+5ZCK44KK5LiL44GS44Gf54q25oWL44Gn44CB5LiL44GL44KJMeaemuOBpeOBpOW8leOBo+W8teOBo+OBpuS9v+eUqOOBp+OBjeOCi+S+v+WIqeOBquODneODquiii+OBp+OBmTxicj7kvb/nlKjjgZfjgarjgYTjg53jg6rooovjga/lvJXjgaPmjpvjgZHjgabnva7jgZHjgovjga7jgafjgIHnva7jgY3loLTjgavlm7Djgorjgb7jgZvjgpM8YnI+PGJyPuKXj+WVhuWTgeOCteOCpOOCuu+8iOe0hO+8ie+8muaoqjI2w5fnuKYzOGNtPGJyPuKXj+WVhuWTgemHjemHj++8iOe0hO+8ie+8mjUzNWc8YnI+4peP5p2Q6LOq77ya44Od44Oq44Ko44OB44Os44Oz77yI6YCP5piO77yJPGJyPuKXj+OCu+ODg+ODiOWGheWuue+8mjEwMOaemuWFpTxicj7il4/ooovjga7ljprjgb/vvJowLjAzbW08YnI+4peP6ICQ5Ya35rip5bqm77yaLTMw5bqmPGJyPuKXj+ODoeODvOOCq+ODvO+8muaXpeacrOOCteODi+ODkeODg+OCrzxicj4=,5pel5pys44K144OL44OR44OD44Kv6KaP5qC86KKLIOOBsuOCguS7mOOBjeWQiuOCiuS4i+OBkjEz5Y+3IOmAj+aYjiAxMDDmnprlhaVMMTNI44CQVEPjgJHvvJrmmq7jgonjgZflgaXlurfjg43jg4Pjg4jppKg=,44Kt44OD44OB44Oz44OQ44K56Kq/55CG5Zmo5YW35rSX5Ymk44Kv44Oq44K544K/44Or44Ks44Kk44K244O8NTAwbWzmn5Tou5/liaTlrqTlhoXnianlubLjgZfnianlubLjgZflgaXlurfpo5/lk4HjgqLjgqTjg6rjgrnjgqrjg7zjg6Tjg57mjoPpmaTjg4/jg7Pjgqzjg7zmtJfmv6/lj47ntI3nsbPjg4DjgqTjgqjjg4Pjg4jmsLTjg4Djgqbjg4vjg7zjg5Xjg6njgqTjg5Hjg7PnibnojLbml6XmnKzjgrXjg4vjg5Hjg4Pjgq/opo/moLzooosg44Gy44KC5LuY44GN5ZCK44KK5LiL44GSMTPlj7cg6YCP5piOIDEwMOaemuWFpUwxM0jjgJBUQ+OAkQ==,44CQ56iO6L68Mzk5MOWGhuS7peS4iuOBp+mAgeaWmeeEoeaWmeOAkeOAguaXpeacrOOCteODi+ODkeODg+OCr+imj+agvOiiiyDjgbLjgoLku5jjgY3lkIrjgorkuIvjgZIxM+WPtyDpgI/mmI4gMTAw5p6a5YWlTDEzSOOAkFRD44CR[rn]
19-18354,aHR0cDovL3RzaG9wLnIxMHMuanAva3VyYXNoaWtlbmtvdS9jYWJpbmV0L29rYWJlLzk1MjE5NDAuanBnP2ZpdGluPTcwMDo3MDA=,MTYwLjAwMDA=,,5pel55So5ZOB6ZuR6LKo44O75paH5oi/5YW344O75omL6Iq4ID4g5pel55So5ZOB44O755Sf5rS76ZuR6LKoID4g6KKLID4g44Gd44Gu5LuW,44Os44OD44Kv5bCP44KP44GW6KKLIOODgeODo+ODg+OCr+S7mCBOby4144CQVEPjgJE=,44CQ56iO6L68Mzk5MOWGhuS7peS4iuOBp+mAgeaWmeeEoeaWmeOAkQ==,PCEtLeKWvOOCq+OCtOS4i+ODkOODiuODvC0tPjxjZW50ZXI+PGZvbnQgY29sb3I9IiNmZjE0OTMiIHNpemU9IjYiPjwvY2VudGVyPjwvZm9udD48aWZyYW1lIHNyYz0iaHR0cDovL3d3dy5yYWt1dGVuLm5lLmpwL2dvbGQva3VyYXNoaWtlbmtvdS9jYXJ0XzE2MTAxOC5odG1sIiB3aWR0aD0iMTAwJSIgaGVpZ2h0PSI2NzAiIHNjcm9sbGluZz0ibm8iIGZyYW1lYm9yZGVyPSIwIiA9IiI+PC9pZnJhbWUg44CAPjwhLS3ilrLjgqvjgrTkuIvjg5Djg4rjg7wtLT48YnI+CgoKCgoKCgoKCgoKCgoKCgoKCgrjg4Hjg6Pjg4Pjgq/ku5jjga7pgI/mmI7kv53lrZjooovvvIjlhpnnnJ/jgrXjgqTjgrrvvInjgafjgIHlhpnnnJ/jgIHljJbnsqflsI/nianjgIHjg5/jg4vjg5zjg4jjg6vjgIHjg6zjgrfjg7zjg4jjgIHpoJjlj47mm7jjgarjganlsI/niankv53lrZjjgavlpKflpInkvr/liKnjgafjgZnjgII8YnI+44GK5b6X44GqMTTmnprntYTjgII8YnI+5peF6KGM44KE5Ye65by144CB5aSW5Ye65pmC44Gr44OQ44OD44Kv44Gq44Gp44Gr5pW055CG44GX44Gm5oyB44Gh5q2p44GN44Gn44GN44G+44GZ44CCPGJyPjxicj7il4/llYblk4HjgrXjgqTjgrrvvIjntITvvInvvJrnuKYxNMOX5qiqMTBjbTxicj7il4/llYblk4Hph43ph4/vvIjntITvvInvvJo0MGc8YnI+4peP5p2Q6LOq77ya44Od44Oq44Ko44OB44Os44Oz77yI6KGo6Z2i5biD77yJPGJyPuKXj+OCu+ODg+ODiOWGheWuue+8mjE05p6a5YWlPGJyPuKXj+ODoeODvOOCq+ODvO+8muODrOODg+OCrzxicj4=,44Os44OD44Kv5bCP44KP44GW6KKLIOODgeODo+ODg+OCr+S7mCBOby4144CQVEPjgJHvvJrmmq7jgonjgZflgaXlurfjg43jg4Pjg4jppKg=,44Kt44OD44OB44Oz44OQ44K56Kq/55CG5Zmo5YW35rSX5Ymk44Kv44Oq44K544K/44Or44Ks44Kk44K244O8NTAwbWzmn5Tou5/liaTlrqTlhoXnianlubLjgZfnianlubLjgZflgaXlurfpo5/lk4HjgqLjgqTjg6rjgrnjgqrjg7zjg6Tjg57mjoPpmaTjg4/jg7Pjgqzjg7zmtJfmv6/lj47ntI3nsbPjg4DjgqTjgqjjg4Pjg4jmsLTjg4Djgqbjg4vjg7zjg5Xjg6njgqTjg5Hjg7PnibnojLbjg6zjg4Pjgq/lsI/jgo/jgZbooosg44OB44Oj44OD44Kv5LuYIE5vLjXjgJBUQ+OAkQ==,44CQ56iO6L68Mzk5MOWGhuS7peS4iuOBp+mAgeaWmeeEoeaWmeOAkeOAguODrOODg+OCr+Wwj+OCj+OBluiiiyDjg4Hjg6Pjg4Pjgq/ku5ggTm8uNeOAkFRD44CR[rn]
19-18355,aHR0cDovL3RzaG9wLnIxMHMuanAva3VyYXNoaWtlbmtvdS9jYWJpbmV0L29rYWJlLzk1MjE0MTMuanBnP2ZpdGluPTcwMDo3MDA=,MjY1LjYwMDA=,,5pel55So5ZOB6ZuR6LKo44O75paH5oi/5YW344O75omL6Iq4ID4g5pel55So5ZOB44O755Sf5rS76ZuR6LKoID4g6KKLID4g44Gd44Gu5LuW,5pel5pys44K144OL44OR44OD44Kv6KaP5qC86KKLIOOBsuOCguS7mOOBjeWQiuOCiuS4i+OBkjEx5Y+3IOmAj+aYjiAxMDDmnprlhaVMMTFI44CQVEPjgJE=,44CQ56iO6L68Mzk5MOWGhuS7peS4iuOBp+mAgeaWmeeEoeaWmeOAkQ==,PCEtLeKWvOOCq+OCtOS4i+ODkOODiuODvC0tPjxjZW50ZXI+PGZvbnQgY29sb3I9IiNmZjE0OTMiIHNpemU9IjYiPjwvY2VudGVyPjwvZm9udD48aWZyYW1lIHNyYz0iaHR0cDovL3d3dy5yYWt1dGVuLm5lLmpwL2dvbGQva3VyYXNoaWtlbmtvdS9jYXJ0XzE2MTAxOC5odG1sIiB3aWR0aD0iMTAwJSIgaGVpZ2h0PSI2NzAiIHNjcm9sbGluZz0ibm8iIGZyYW1lYm9yZGVyPSIwIiA9IiI+PC9pZnJhbWUg44CAPjwhLS3ilrLjgqvjgrTkuIvjg5Djg4rjg7wtLT48YnI+CgoKCgoKCgoKCgoKCgoKCgoKCgrkuIrpg6jniYflgbTjgavlkIrjgorkuIvjgZLjg5Ljg6LjgYzjgaTjgYTjgabjgYTjgabjgIExMDDmnprjgpLkuIDmi6zjgaflkIrjgorkuIvjgZLjgovjgZPjgajjgYzjgafjgY3jgb7jgZk8YnI+5ZCK44KK5LiL44GS44Gf54q25oWL44Gn44CB5LiL44GL44KJMeaemuOBpeOBpOW8leOBo+W8teOBo+OBpuS9v+eUqOOBp+OBjeOCi+S+v+WIqeOBquODneODquiii+OBp+OBmTxicj7kvb/nlKjjgZfjgarjgYTjg53jg6rooovjga/lvJXjgaPmjpvjgZHjgabnva7jgZHjgovjga7jgafjgIHnva7jgY3loLTjgavlm7Djgorjgb7jgZvjgpM8YnI+PGJyPuKXj+WVhuWTgeOCteOCpOOCuu+8iOe0hO+8ie+8muaoqjIww5fnuKYzMGNtPGJyPuKXj+WVhuWTgemHjemHj++8iOe0hO+8ie+8mjM1MGc8YnI+4peP5p2Q6LOq77ya44Od44Oq44Ko44OB44Os44Oz77yI6YCP5piO77yJPGJyPuKXj+OCu+ODg+ODiOWGheWuue+8mjEwMOaemuWFpTxicj7il4/ooovjga7ljprjgb/vvJowLjAzbW08YnI+4peP6ICQ5Ya35rip5bqm77yaLTMw5bqmPGJyPuKXj+ODoeODvOOCq+ODvO+8muaXpeacrOOCteODi+ODkeODg+OCrzxicj4=,5pel5pys44K144OL44OR44OD44Kv6KaP5qC86KKLIOOBsuOCguS7mOOBjeWQiuOCiuS4i+OBkjEx5Y+3IOmAj+aYjiAxMDDmnprlhaVMMTFI44CQVEPjgJHvvJrmmq7jgonjgZflgaXlurfjg43jg4Pjg4jppKg=,44Kt44OD44OB44Oz44OQ44K56Kq/55CG5Zmo5YW35rSX5Ymk44Kv44Oq44K544K/44Or44Ks44Kk44K244O8NTAwbWzmn5Tou5/liaTlrqTlhoXnianlubLjgZfnianlubLjgZflgaXlurfpo5/lk4HjgqLjgqTjg6rjgrnjgqrjg7zjg6Tjg57mjoPpmaTjg4/jg7Pjgqzjg7zmtJfmv6/lj47ntI3nsbPjg4DjgqTjgqjjg4Pjg4jmsLTjg4Djgqbjg4vjg7zjg5Xjg6njgqTjg5Hjg7PnibnojLbml6XmnKzjgrXjg4vjg5Hjg4Pjgq/opo/moLzooosg44Gy44KC5LuY44GN5ZCK44KK5LiL44GSMTHlj7cg6YCP5piOIDEwMOaemuWFpUwxMUjjgJBUQ+OAkQ==,44CQ56iO6L68Mzk5MOWGhuS7peS4iuOBp+mAgeaWmeeEoeaWmeOAkeOAguaXpeacrOOCteODi+ODkeODg+OCr+imj+agvOiiiyDjgbLjgoLku5jjgY3lkIrjgorkuIvjgZIxMeWPtyDpgI/mmI4gMTAw5p6a5YWlTDExSOOAkFRD44CR[rn]
19-18356,aHR0cDovL3RzaG9wLnIxMHMuanAva3VyYXNoaWtlbmtvdS9jYWJpbmV0L29rYWJlLzk1MjE1MjguanBnP2ZpdGluPTcwMDo3MDA=,MTc2LjAwMDA=,,5pel55So5ZOB6ZuR6LKo44O75paH5oi/5YW344O75omL6Iq4ID4g5pel55So5ZOB44O755Sf5rS76ZuR6LKoID4g6KKLID4g44Gd44Gu5LuW,5LiJ6I+x44Ki44Or44Of44OL44Km44Og44Of44K544K/44O844OR44OD44KvIOODrOODh+OCo+OCueOCqOODgeOCseODg+ODiOODneODquiii01QLTfjgJBUQ+OAkQ==,44CQ56iO6L68Mzk5MOWGhuS7peS4iuOBp+mAgeaWmeeEoeaWmeOAkQ==,PCEtLeKWvOOCq+OCtOS4i+ODkOODiuODvC0tPjxjZW50ZXI+PGZvbnQgY29sb3I9IiNmZjE0OTMiIHNpemU9IjYiPjwvY2VudGVyPjwvZm9udD48aWZyYW1lIHNyYz0iaHR0cDovL3d3dy5yYWt1dGVuLm5lLmpwL2dvbGQva3VyYXNoaWtlbmtvdS9jYXJ0XzE2MTAxOC5odG1sIiB3aWR0aD0iMTAwJSIgaGVpZ2h0PSI2NzAiIHNjcm9sbGluZz0ibm8iIGZyYW1lYm9yZGVyPSIwIiA9IiI+PC9pZnJhbWUg44CAPjwhLS3ilrLjgqvjgrTkuIvjg5Djg4rjg7wtLT48YnI+CgoKCgoKCgoKCgoKCgoKCgoKCgrjgoTjgbbjgozjgavjgY/jgYTmlrDnibnmrorjgrfjg7zjg6vmp4vpgKDjgII8YnI+6buS44GE6KKL44Gn5Lit44GM6KaL44GI44Gr44GP44GP44CB5LiI5aSr44Gq44Gu44Gn5rGa54mp562J44Gu5Yem55CG44Gr5b2556uL44Gh44G+44GZ44CCPGJyPuOBu+OBk+OCiuOBjOWFpeOCiuOBq+OBj+OBhOWGheWBtOODleOCo+ODq+ODoOiyvOOCiuOAgjxicj4x5p6aMeaemuOCueODoOODvOOCuuOBq+WPluOCiuWHuuOBm+OCi+OCq+ODvOODiOODs+apn+iDveOAgjxicj7ojbfph43jgpLliIbmlaPjgZnjgotV5a2X5Z6L44Go55u057ea44Gu44OA44OW44Or44K344O844Or44CCPGJyPuWGjeeUn+ODneODquOCqOODgeODrOODs+OCkjMwJeS9v+eUqOOBl+OBn+eSsOWig+OBq+mFjeaFruOBl+OBn+WVhuWTgeOBp+OBmeOAgjxicj48YnI+4peP5ZWG5ZOB44K144Kk44K677yI57SE77yJ77ya5bmFOS4xw5flpaXooYwxOC4zw5fpq5jjgZUzLjRjbTxicj7il4/llYblk4Hph43ph4/vvIjntITvvInvvJoxMDBnPGJyPuKXj+adkOizqu+8muODneODquOCqOODgeODrOODszxicj7il4/lhoXlrrnvvJooMzDDlzM1Y20pw5czMOaemjxicj7il4/oo73lk4Hku5Xmp5jvvJrjg57jg4Hku5jjgY08YnI+4peP44Oh44O844Kr44O877ya5LiJ6I+x44Ki44Or44Of44OL44Km44OgPGJyPg==,5LiJ6I+x44Ki44Or44Of44OL44Km44Og44Of44K544K/44O844OR44OD44KvIOODrOODh+OCo+OCueOCqOODgeOCseODg+ODiOODneODquiii01QLTfjgJBUQ+OAke+8muaaruOCieOBl+WBpeW6t+ODjeODg+ODiOmkqA==,44Kt44OD44OB44Oz44OQ44K56Kq/55CG5Zmo5YW35rSX5Ymk44Kv44Oq44K544K/44Or44Ks44Kk44K244O8NTAwbWzmn5Tou5/liaTlrqTlhoXnianlubLjgZfnianlubLjgZflgaXlurfpo5/lk4HjgqLjgqTjg6rjgrnjgqrjg7zjg6Tjg57mjoPpmaTjg4/jg7Pjgqzjg7zmtJfmv6/lj47ntI3nsbPjg4DjgqTjgqjjg4Pjg4jmsLTjg4Djgqbjg4vjg7zjg5Xjg6njgqTjg5Hjg7PnibnojLbkuInoj7HjgqLjg6vjg5/jg4vjgqbjg6Djg5/jgrnjgr/jg7zjg5Hjg4Pjgq8g44Os44OH44Kj44K544Ko44OB44Kx44OD44OI44Od44Oq6KKLTVAtN+OAkFRD44CR,44CQ56iO6L68Mzk5MOWGhuS7peS4iuOBp+mAgeaWmeeEoeaWmeOAkeOAguS4ieiPseOCouODq+ODn+ODi+OCpuODoOODn+OCueOCv+ODvOODkeODg+OCryDjg6zjg4fjgqPjgrnjgqjjg4HjgrHjg4Pjg4jjg53jg6roootNUC0344CQVEPjgJE=[rn]
19-18357,aHR0cDovL3RzaG9wLnIxMHMuanAva3VyYXNoaWtlbmtvdS9jYWJpbmV0L29rYWJlLzk1MjE5MzkuanBnP2ZpdGluPTcwMDo3MDA=,MTYwLjAwMDA=,,5pel55So5ZOB6ZuR6LKo44O75paH5oi/5YW344O75omL6Iq4ID4g5pel55So5ZOB44O755Sf5rS76ZuR6LKoID4g6KKLID4g44Gd44Gu5LuW,44Os44OD44Kv5bCP44KP44GW6KKLIOODgeODo+ODg+OCr+S7mCBOby4044CQVEPjgJE=,44CQ56iO6L68Mzk5MOWGhuS7peS4iuOBp+mAgeaWmeeEoeaWmeOAkQ==,PCEtLeKWvOOCq+OCtOS4i+ODkOODiuODvC0tPjxjZW50ZXI+PGZvbnQgY29sb3I9IiNmZjE0OTMiIHNpemU9IjYiPjwvY2VudGVyPjwvZm9udD48aWZyYW1lIHNyYz0iaHR0cDovL3d3dy5yYWt1dGVuLm5lLmpwL2dvbGQva3VyYXNoaWtlbmtvdS9jYXJ0XzE2MTAxOC5odG1sIiB3aWR0aD0iMTAwJSIgaGVpZ2h0PSI2NzAiIHNjcm9sbGluZz0ibm8iIGZyYW1lYm9yZGVyPSIwIiA9IiI+PC9pZnJhbWUg44CAPjwhLS3ilrLjgqvjgrTkuIvjg5Djg4rjg7wtLT48YnI+CgoKCgoKCgoKCgoKCgoKCgoKCgrjg4Hjg6Pjg4Pjgq/ku5jjga7pgI/mmI7kv53lrZjooovvvIjoqLrlr5/liLjjgrXjgqTjgrrvvInjgafjgIHoo4HnuKvjgrvjg4Pjg4jjgIHoqLrlr5/ku7bjgIHjgrnjgr/jg7Pjg5fjgqvjg7zjg4njgIHkub7pm7vmsaDjgIHpurrmo5LjgIHjg5Djg7Pjg4njgqjjgqTjg4njgarjganlsI/niankv53lrZjjgavlpKflpInkvr/liKnjgafjgZnjgII8YnI+44GK5b6X44GqMTbmnprntYTjgII8YnI+5peF6KGM44KE5Ye65by144CB5aSW5Ye65pmC44Gr44OQ44OD44Kv44Gq44Gp44Gr5pW055CG44GX44Gm5oyB44Gh5q2p44GN44Gn44GN44G+44GZ44CCPGJyPjxicj7il4/llYblk4HjgrXjgqTjgrrvvIjntITvvInvvJrnuKYxMsOX5qiqOC41Y208YnI+4peP5ZWG5ZOB6YeN6YeP77yI57SE77yJ77yaNDBnPGJyPuKXj+adkOizqu+8muODneODquOCqOODgeODrOODs++8iOihqOmdouW4g++8iTxicj7il4/jgrvjg4Pjg4jlhoXlrrnvvJoxNuaemuWFpTxicj7il4/jg6Hjg7zjgqvjg7zvvJrjg6zjg4Pjgq88YnI+,44Os44OD44Kv5bCP44KP44GW6KKLIOODgeODo+ODg+OCr+S7mCBOby4044CQVEPjgJHvvJrmmq7jgonjgZflgaXlurfjg43jg4Pjg4jppKg=,44Kt44OD44OB44Oz44OQ44K56Kq/55CG5Zmo5YW35rSX5Ymk44Kv44Oq44K544K/44Or44Ks44Kk44K244O8NTAwbWzmn5Tou5/liaTlrqTlhoXnianlubLjgZfnianlubLjgZflgaXlurfpo5/lk4HjgqLjgqTjg6rjgrnjgqrjg7zjg6Tjg57mjoPpmaTjg4/jg7Pjgqzjg7zmtJfmv6/lj47ntI3nsbPjg4DjgqTjgqjjg4Pjg4jmsLTjg4Djgqbjg4vjg7zjg5Xjg6njgqTjg5Hjg7PnibnojLbjg6zjg4Pjgq/lsI/jgo/jgZbooosg44OB44Oj44OD44Kv5LuYIE5vLjTjgJBUQ+OAkQ==,44CQ56iO6L68Mzk5MOWGhuS7peS4iuOBp+mAgeaWmeeEoeaWmeOAkeOAguODrOODg+OCr+Wwj+OCj+OBluiiiyDjg4Hjg6Pjg4Pjgq/ku5ggTm8uNOOAkFRD44CR[rn]
19-18358,aHR0cDovL3RzaG9wLnIxMHMuanAva3VyYXNoaWtlbmtvdS9jYWJpbmV0L29rYWJlLzk1MjAyODIuanBnP2ZpdGluPTcwMDo3MDA=,MTcwLjQwMDA=,,5pel55So5ZOB6ZuR6LKo44O75paH5oi/5YW344O75omL6Iq4ID4g5pel55So5ZOB44O755Sf5rS76ZuR6LKoID4g6KKLID4g44Gd44Gu5LuW,44K444Oj44OR44OD44Kv44K55rys44GR54mp6KKLIDTvvZ415paX55SoIDLmnprlhaVUSy0wNeOAkFRD44CR,44CQ56iO6L68Mzk5MOWGhuS7peS4iuOBp+mAgeaWmeeEoeaWmeOAkQ==,PCEtLeKWvOOCq+OCtOS4i+ODkOODiuODvC0tPjxjZW50ZXI+PGZvbnQgY29sb3I9IiNmZjE0OTMiIHNpemU9IjYiPjwvY2VudGVyPjwvZm9udD48aWZyYW1lIHNyYz0iaHR0cDovL3d3dy5yYWt1dGVuLm5lLmpwL2dvbGQva3VyYXNoaWtlbmtvdS9jYXJ0XzE2MTAxOC5odG1sIiB3aWR0aD0iMTAwJSIgaGVpZ2h0PSI2NzAiIHNjcm9sbGluZz0ibm8iIGZyYW1lYm9yZGVyPSIwIiA9IiI+PC9pZnJhbWUg44CAPjwhLS3ilrLjgqvjgrTkuIvjg5Djg4rjg7wtLT48YnI+CgoKCgoKCgoKCgoKCgoKCgoKCgrmnKzlk4Hjga/jgIE0772eNeaWl+eUqO+8iDcw772eMTAwTOaoveeUqO+8ieOBrua8rOOBkeeJqeiii+OBp+OBmTxicj7mqL3jgavku5jjgY/jgIHmsZrjgozjg7voh63jgYTjg7voibLjgYbjgaTjgorjgpLpmLLjgY7jgb7jgZk8YnI+5aSW5rCX44Gr6Kem44KM44Ga44Gr5rys44GR44KL44GT44Go44GM44Gn44GN44KL44Gf44KB44CB5rys44GR54mp44Gu6aKo5ZGz44KS6YCD44GM44GV44Ga44CB44GK44GE44GX44GP5rys44GR44GC44GM44KK44G+44GZPGJyPjxicj7il4/llYblk4HjgrXjgqTjgrrvvIjntITvvInvvJrnuKYxMDDDl+aoqjEwMGNtPGJyPuKXj+WVhuWTgemHjemHj++8iOe0hO+8ie+8mjIyMGc8YnI+4peP5p2Q6LOq77ya44Od44Oq44Ko44OB44Os44OzPGJyPuKXj+OCu+ODg+ODiOWGheWuueODu+S7mOWxnuWTge+8mjLmnprlhaU8YnI+4peP5Y6a44GV77yaMC4wNm1tPGJyPuKXj+aoveOBruWuuemHj++8mjcwTO+9njEwMEw8YnI+4peP6ICQ5Ya35rip5bqm77ya77yNMzDluqY8YnI+4peP44Oh44O844Kr44O877ya44K444Oj44OR44OD44Kv44K5PGJyPg==,44K444Oj44OR44OD44Kv44K55rys44GR54mp6KKLIDTvvZ415paX55SoIDLmnprlhaVUSy0wNeOAkFRD44CR77ya5pqu44KJ44GX5YGl5bq344ON44OD44OI6aSo,44Kt44OD44OB44Oz44OQ44K56Kq/55CG5Zmo5YW35rSX5Ymk44Kv44Oq44K544K/44Or44Ks44Kk44K244O8NTAwbWzmn5Tou5/liaTlrqTlhoXnianlubLjgZfnianlubLjgZflgaXlurfpo5/lk4HjgqLjgqTjg6rjgrnjgqrjg7zjg6Tjg57mjoPpmaTjg4/jg7Pjgqzjg7zmtJfmv6/lj47ntI3nsbPjg4DjgqTjgqjjg4Pjg4jmsLTjg4Djgqbjg4vjg7zjg5Xjg6njgqTjg5Hjg7PnibnojLbjgrjjg6Pjg5Hjg4Pjgq/jgrnmvKzjgZHnianooosgNO+9njXmlpfnlKggMuaemuWFpVRLLTA144CQVEPjgJE=,44CQ56iO6L68Mzk5MOWGhuS7peS4iuOBp+mAgeaWmeeEoeaWmeOAkeOAguOCuOODo+ODkeODg+OCr+OCuea8rOOBkeeJqeiiiyA0772eNeaWl+eUqCAy5p6a5YWlVEstMDXjgJBUQ+OAkQ==[rn]
19-18359,aHR0cDovL3RzaG9wLnIxMHMuanAva3VyYXNoaWtlbmtvdS9jYWJpbmV0L29rYWJlLzk1MjE0MjkuanBnP2ZpdGluPTcwMDo3MDA=,MzcwLjQwMDA=,,5pel55So5ZOB6ZuR6LKo44O75paH5oi/5YW344O75omL6Iq4ID4g5pel55So5ZOB44O755Sf5rS76ZuR6LKoID4g6KKLID4g44Gd44Gu5LuW,5pel5pys44K144OL44OR44OD44Kv55m95Y2K6YCP5piOIOOBqOOBo+OBpuS7mOOBjeOBlOOBv+WPjumbhuiiiyAzMEwgNTDmnprlhaVIVDM544CQVEPjgJE=,44CQ56iO6L68Mzk5MOWGhuS7peS4iuOBp+mAgeaWmeeEoeaWmeOAkQ==,PCEtLeKWvOOCq+OCtOS4i+ODkOODiuODvC0tPjxjZW50ZXI+PGZvbnQgY29sb3I9IiNmZjE0OTMiIHNpemU9IjYiPjwvY2VudGVyPjwvZm9udD48aWZyYW1lIHNyYz0iaHR0cDovL3d3dy5yYWt1dGVuLm5lLmpwL2dvbGQva3VyYXNoaWtlbmtvdS9jYXJ0XzE2MTAxOC5odG1sIiB3aWR0aD0iMTAwJSIgaGVpZ2h0PSI2NzAiIHNjcm9sbGluZz0ibm8iIGZyYW1lYm9yZGVyPSIwIiA9IiI+PC9pZnJhbWUg44CAPjwhLS3ilrLjgqvjgrTkuIvjg5Djg4rjg7wtLT48YnI+CgoKCgoKCgoKCgoKCgoKCgoKCgrlrrnph4/ooajoqJjlhaXjgorjg53jg6rooovvvIE8YnI+5pys5L2T44Gr44KP44GL44KK44KE44GZ44GP5a656YeP44KS5Y2w5Yi344GX44Gm44GC44KK44G+44GZPGJyPuOBqOOBo+OBpuS7mOOBjeOBp+OCtOODn+OCkumbhuOCgeOCi+mam+OBq+S+v+WIqeOBp+OBmTxicj7mnKzlk4Hjga/jg53jg6rjgqjjg4Hjg6zjg7Poo73jgafjgZnjga7jgafnhLzljbTjgZfjgabjgoLmnInmr5Ljgqzjgrnjga/nmbrnlJ/jgZfjgb7jgZvjgpM8YnI+PGJyPuKXj+WVhuWTgeOCteOCpOOCuu+8iOe0hO+8ie+8muW5hTM0w5fnuKY3MGNtPGJyPuKXj+WVhuWTgemHjemHj++8iOe0hO+8ie+8mjUzMGc8YnI+4peP5p2Q6LOq77ya44Od44Oq44Ko44OB44Os44Oz77yI55m95Y2K6YCP5piO77yJPGJyPuKXj+OCu+ODg+ODiOWGheWuue+8mjUw5p6a5YWlPGJyPuKXj+iii+OBruWOmuOBv++8mjAuMDE1bW08YnI+4peP6ICQ5Ya35rip5bqm77yaLTMw5bqmPGJyPuKXj+ijveWTgeS7leanmO+8muODnuODgeS7mOOBjTxicj7il4/jg6Hjg7zjgqvjg7zvvJrml6XmnKzjgrXjg4vjg5Hjg4Pjgq88YnI+,5pel5pys44K144OL44OR44OD44Kv55m95Y2K6YCP5piOIOOBqOOBo+OBpuS7mOOBjeOBlOOBv+WPjumbhuiiiyAzMEwgNTDmnprlhaVIVDM544CQVEPjgJHvvJrmmq7jgonjgZflgaXlurfjg43jg4Pjg4jppKg=,44Kt44OD44OB44Oz44OQ44K56Kq/55CG5Zmo5YW35rSX5Ymk44Kv44Oq44K544K/44Or44Ks44Kk44K244O8NTAwbWzmn5Tou5/liaTlrqTlhoXnianlubLjgZfnianlubLjgZflgaXlurfpo5/lk4HjgqLjgqTjg6rjgrnjgqrjg7zjg6Tjg57mjoPpmaTjg4/jg7Pjgqzjg7zmtJfmv6/lj47ntI3nsbPjg4DjgqTjgqjjg4Pjg4jmsLTjg4Djgqbjg4vjg7zjg5Xjg6njgqTjg5Hjg7PnibnojLbml6XmnKzjgrXjg4vjg5Hjg4Pjgq/nmb3ljYrpgI/mmI4g44Go44Gj44Gm5LuY44GN44GU44G/5Y+O6ZuG6KKLIDMwTCA1MOaemuWFpUhUMznjgJBUQ+OAkQ==,44CQ56iO6L68Mzk5MOWGhuS7peS4iuOBp+mAgeaWmeeEoeaWmeOAkeOAguaXpeacrOOCteODi+ODkeODg+OCr+eZveWNiumAj+aYjiDjgajjgaPjgabku5jjgY3jgZTjgb/lj47pm4booosgMzBMIDUw5p6a5YWlSFQzOeOAkFRD44CR[rn]
19-18360,aHR0cDovL3RzaG9wLnIxMHMuanAva3VyYXNoaWtlbmtvdS9jYWJpbmV0L29rYWJlLzk1MjE0MTIuanBnP2ZpdGluPTcwMDo3MDA=,MjM2LjAwMDA=,,5pel55So5ZOB6ZuR6LKo44O75paH5oi/5YW344O75omL6Iq4ID4g5pel55So5ZOB44O755Sf5rS76ZuR6LKoID4g6KKLID4g44Gd44Gu5LuW,5pel5pys44K144OL44OR44OD44Kv6KaP5qC86KKLIOOBsuOCguS7mOOBjeWQiuOCiuS4i+OBkjEw5Y+3IOmAj+aYjiAxMDDmnprlhaVMMTBI44CQVEPjgJE=,44CQ56iO6L68Mzk5MOWGhuS7peS4iuOBp+mAgeaWmeeEoeaWmeOAkQ==,PCEtLeKWvOOCq+OCtOS4i+ODkOODiuODvC0tPjxjZW50ZXI+PGZvbnQgY29sb3I9IiNmZjE0OTMiIHNpemU9IjYiPjwvY2VudGVyPjwvZm9udD48aWZyYW1lIHNyYz0iaHR0cDovL3d3dy5yYWt1dGVuLm5lLmpwL2dvbGQva3VyYXNoaWtlbmtvdS9jYXJ0XzE2MTAxOC5odG1sIiB3aWR0aD0iMTAwJSIgaGVpZ2h0PSI2NzAiIHNjcm9sbGluZz0ibm8iIGZyYW1lYm9yZGVyPSIwIiA9IiI+PC9pZnJhbWUg44CAPjwhLS3ilrLjgqvjgrTkuIvjg5Djg4rjg7wtLT48YnI+CgoKCgoKCgoKCgoKCgoKCgoKCgrkuIrpg6jniYflgbTjgavlkIrjgorkuIvjgZLjg5Ljg6LjgYzjgaTjgYTjgabjgYTjgabjgIExMDDmnprjgpLkuIDmi6zjgaflkIrjgorkuIvjgZLjgovjgZPjgajjgYzjgafjgY3jgb7jgZk8YnI+5ZCK44KK5LiL44GS44Gf54q25oWL44Gn44CB5LiL44GL44KJMeaemuOBpeOBpOW8leOBo+W8teOBo+OBpuS9v+eUqOOBp+OBjeOCi+S+v+WIqeOBquODneODquiii+OBp+OBmTxicj7kvb/nlKjjgZfjgarjgYTjg53jg6rooovjga/lvJXjgaPmjpvjgZHjgabnva7jgZHjgovjga7jgafjgIHnva7jgY3loLTjgavlm7Djgorjgb7jgZvjgpM8YnI+PGJyPuKXj+WVhuWTgeOCteOCpOOCuu+8iOe0hO+8ie+8muaoqjE4w5fnuKYyN2NtPGJyPuKXj+WVhuWTgemHjemHj++8iOe0hO+8ie+8mjI4MGc8YnI+4peP5p2Q6LOq77ya44Od44Oq44Ko44OB44Os44Oz77yI6YCP5piO77yJPGJyPuKXj+OCu+ODg+ODiOWGheWuue+8mjEwMOaemuWFpTxicj7il4/ooovjga7ljprjgb/vvJowLjAzbW08YnI+4peP6ICQ5Ya35rip5bqm77yaLTMw5bqmPGJyPuKXj+ODoeODvOOCq+ODvO+8muaXpeacrOOCteODi+ODkeODg+OCrzxicj4=,5pel5pys44K144OL44OR44OD44Kv6KaP5qC86KKLIOOBsuOCguS7mOOBjeWQiuOCiuS4i+OBkjEw5Y+3IOmAj+aYjiAxMDDmnprlhaVMMTBI44CQVEPjgJHvvJrmmq7jgonjgZflgaXlurfjg43jg4Pjg4jppKg=,44Kt44OD44OB44Oz44OQ44K56Kq/55CG5Zmo5YW35rSX5Ymk44Kv44Oq44K544K/44Or44Ks44Kk44K244O8NTAwbWzmn5Tou5/liaTlrqTlhoXnianlubLjgZfnianlubLjgZflgaXlurfpo5/lk4HjgqLjgqTjg6rjgrnjgqrjg7zjg6Tjg57mjoPpmaTjg4/jg7Pjgqzjg7zmtJfmv6/lj47ntI3nsbPjg4DjgqTjgqjjg4Pjg4jmsLTjg4Djgqbjg4vjg7zjg5Xjg6njgqTjg5Hjg7PnibnojLbml6XmnKzjgrXjg4vjg5Hjg4Pjgq/opo/moLzooosg44Gy44KC5LuY44GN5ZCK44KK5LiL44GSMTDlj7cg6YCP5piOIDEwMOaemuWFpUwxMEjjgJBUQ+OAkQ==,44CQ56iO6L68Mzk5MOWGhuS7peS4iuOBp+mAgeaWmeeEoeaWmeOAkeOAguaXpeacrOOCteODi+ODkeODg+OCr+imj+agvOiiiyDjgbLjgoLku5jjgY3lkIrjgorkuIvjgZIxMOWPtyDpgI/mmI4gMTAw5p6a5YWlTDEwSOOAkFRD44CR[rn]
19-18361,aHR0cDovL3RzaG9wLnIxMHMuanAva3VyYXNoaWtlbmtvdS9jYWJpbmV0L29rYWJlLzk1MjAyNzguanBnP2ZpdGluPTcwMDo3MDA=,ODEuNjAwMA==,,5pel55So5ZOB6ZuR6LKo44O75paH5oi/5YW344O75omL6Iq4ID4g5pel55So5ZOB44O755Sf5rS76ZuR6LKoID4g6KKLID4g44Gd44Gu5LuW,44K444Oj44OR44OD44Kv44K55rys44GR54mp6KKLIDAuNeaWl+eUqCAy5p6a5YWlVEstMDHjgJBUQ+OAkQ==,44CQ56iO6L68Mzk5MOWGhuS7peS4iuOBp+mAgeaWmeeEoeaWmeOAkQ==,PCEtLeKWvOOCq+OCtOS4i+ODkOODiuODvC0tPjxjZW50ZXI+PGZvbnQgY29sb3I9IiNmZjE0OTMiIHNpemU9IjYiPjwvY2VudGVyPjwvZm9udD48aWZyYW1lIHNyYz0iaHR0cDovL3d3dy5yYWt1dGVuLm5lLmpwL2dvbGQva3VyYXNoaWtlbmtvdS9jYXJ0XzE2MTAxOC5odG1sIiB3aWR0aD0iMTAwJSIgaGVpZ2h0PSI2NzAiIHNjcm9sbGluZz0ibm8iIGZyYW1lYm9yZGVyPSIwIiA9IiI+PC9pZnJhbWUg44CAPjwhLS3ilrLjgqvjg7tT5LiL44OQ44OK44O8LS0+PGJyPgoKCgoKCgoKCgoKCgoKCgoKCgoK5pys5ZOB44Gv44CBMC415paX55So77yIMTDvvZ4xNUzmqL3nlKjvvInjga7mvKzjgZHnianooovjgafjgZk8YnI+5qi944Gr5LuY44GP44CB5rGa44KM44O76Iet44GE44O76Imy44GG44Gk44KK44KS6Ziy44GO44G+44GZPGJyPuWkluawl+OBq+inpuOCjOOBmuOBq+a8rOOBkeOCi+OBk+OBqOOBjOOBp+OBjeOCi+OBn+OCgeOAgea8rOOBkeeJqeOBrumiqOWRs+OCkumAg+OBjOOBleOBmuOAgeOBiuOBhOOBl+OBj+a8rOOBkeOBguOBjOOCiuOBvuOBmTxicj48YnI+4peP5ZWG5ZOB44K144Kk44K677yI57SE77yJ77ya57imNjDDl+aoqjUwY208YnI+4peP5ZWG5ZOB6YeN6YeP77yI57SE77yJ77yaNTBnPGJyPuKXj+adkOizqu+8muODneODquOCqOODgeODrOODszxicj7il4/jgrvjg4Pjg4jlhoXlrrnjg7vku5jlsZ7lk4HvvJoy5p6a5YWlPGJyPuKXj+WOmuOBle+8mjAuMDRtbTxicj7il4/mqL3jga7lrrnph4/vvJoxMEzvvZ4xNUw8YnI+4peP6ICQ5Ya35rip5bqm77ya77yNMzDluqY8YnI+4peP44Oh44O844Kr44O877ya44K444Oj44OR44OD44Kv44K5PGJyPg==,44K444Oj44OR44OD44Kv44K55rys44GR54mp6KKLIDAuNeaWl+eUqCAy5p6a5YWlVEstMDHjgJBUQ+OAke+8muaaruOCieOBl+WBpeW6t+ODjeODg+ODiOmkqA==,44Kt44OD44OB44Oz44OQ44K56Kq/55CG5Zmo5YW35rSX5Ymk44Kv44Oq44K544K/44Or44Ks44Kk44K244O8NTAwbWzmn5Tou5/liaTlrqTlhoXnianlubLjgZfnianlubLjgZflgaXlurfpo5/lk4HjgqLjgqTjg6rjgrnjgqrjg7zjg6Tjg57mjoPpmaTjg4/jg7Pjgqzjg7zmtJfmv6/lj47ntI3nsbPjg4DjgqTjgqjjg4Pjg4jmsLTjg4Djgqbjg4vjg7zjg5Xjg6njgqTjg5Hjg7PnibnojLbjgrjjg6Pjg5Hjg4Pjgq/jgrnmvKzjgZHnianooosgMC415paX55SoIDLmnprlhaVUSy0wMeOAkFRD44CR,44CQ56iO6L68Mzk5MOWGhuS7peS4iuOBp+mAgeaWmeeEoeaWmeOAkeOAguOCuOODo+ODkeODg+OCr+OCuea8rOOBkeeJqeiiiyAwLjXmlpfnlKggMuaemuWFpVRLLTAx44CQVEPjgJE=[rn]
19-18362,aHR0cDovL3RzaG9wLnIxMHMuanAva3VyYXNoaWtlbmtvdS9jYWJpbmV0L29rYWJlLzk1MjAyNzkuanBnP2ZpdGluPTcwMDo3MDA=,ODUuNjAwMA==,,5pel55So5ZOB6ZuR6LKo44O75paH5oi/5YW344O75omL6Iq4ID4g5pel55So5ZOB44O755Sf5rS76ZuR6LKoID4g6KKLID4g44Gd44Gu5LuW,44K444Oj44OR44OD44Kv44K55rys44GR54mp6KKLIDHmlpfnlKggMuaemuWFpVRLLTAy44CQVEPjgJE=,44CQ56iO6L68Mzk5MOWGhuS7peS4iuOBp+mAgeaWmeeEoeaWmeOAkQ==,PCEtLeKWvOOCq+OCtOS4i+ODkOODiuODvC0tPjxjZW50ZXI+PGZvbnQgY29sb3I9IiNmZjE0OTMiIHNpemU9IjYiPjwvY2VudGVyPjwvZm9udD48aWZyYW1lIHNyYz0iaHR0cDovL3d3dy5yYWt1dGVuLm5lLmpwL2dvbGQva3VyYXNoaWtlbmtvdS9jYXJ0XzE2MTAxOC5odG1sIiB3aWR0aD0iMTAwJSIgaGVpZ2h0PSI2NzAiIHNjcm9sbGluZz0ibm8iIGZyYW1lYm9yZGVyPSIwIiA9IiI+PC9pZnJhbWUg44CAPjwhLS3ilrLjgqvjgrTkuIvjg5Djg4rjg7wtLT48YnI+CgoKCgoKCgoKCgoKCgoKCgoKCgrmnKzlk4Hjga/jgIEx5paX55So77yIMjBM5qi955So77yJ44Gu5rys44GR54mp6KKL44Gn44GZPGJyPuaoveOBq+S7mOOBj+OAgeaxmuOCjOODu+iHreOBhOODu+iJsuOBhuOBpOOCiuOCkumYsuOBjuOBvuOBmTxicj7lpJbmsJfjgavop6bjgozjgZrjgavmvKzjgZHjgovjgZPjgajjgYzjgafjgY3jgovjgZ/jgoHjgIHmvKzjgZHnianjga7poqjlkbPjgpLpgIPjgYzjgZXjgZrjgIHjgYrjgYTjgZfjgY/mvKzjgZHjgYLjgYzjgorjgb7jgZk8YnI+PGJyPuKXj+WVhuWTgeOCteOCpOOCuu+8iOe0hO+8ie+8mue4pjcww5fmqKo1OGNtPGJyPuKXj+WVhuWTgemHjemHj++8iOe0hO+8ie+8mjcwZzxicj7il4/mnZDos6rvvJrjg53jg6rjgqjjg4Hjg6zjg7M8YnI+4peP44K744OD44OI5YaF5a6544O75LuY5bGe5ZOB77yaMuaemuWFpTxicj7il4/ljprjgZXvvJowLjA1bW08YnI+4peP5qi944Gu5a656YeP77yaMjBMPGJyPuKXj+iAkOWGt+a4qeW6pu+8mu+8jTMw5bqmPGJyPuKXj+ODoeODvOOCq+ODvO+8muOCuOODo+ODkeODg+OCr+OCuTxicj4=,44K444Oj44OR44OD44Kv44K55rys44GR54mp6KKLIDHmlpfnlKggMuaemuWFpVRLLTAy44CQVEPjgJHvvJrmmq7jgonjgZflgaXlurfjg43jg4Pjg4jppKg=,44Kt44OD44OB44Oz44OQ44K56Kq/55CG5Zmo5YW35rSX5Ymk44Kv44Oq44K544K/44Or44Ks44Kk44K244O8NTAwbWzmn5Tou5/liaTlrqTlhoXnianlubLjgZfnianlubLjgZflgaXlurfpo5/lk4HjgqLjgqTjg6rjgrnjgqrjg7zjg6Tjg57mjoPpmaTjg4/jg7Pjgqzjg7zmtJfmv6/lj47ntI3nsbPjg4DjgqTjgqjjg4Pjg4jmsLTjg4Djgqbjg4vjg7zjg5Xjg6njgqTjg5Hjg7PnibnojLbjgrjjg6Pjg5Hjg4Pjgq/jgrnmvKzjgZHnianooosgMeaWl+eUqCAy5p6a5YWlVEstMDLjgJBUQ+OAkQ==,44CQ56iO6L68Mzk5MOWGhuS7peS4iuOBp+mAgeaWmeeEoeaWmeOAkeOAguOCuOODo+ODkeODg+OCr+OCuea8rOOBkeeJqeiiiyAx5paX55SoIDLmnprlhaVUSy0wMuOAkFRD44CR[rn]
19-18363,aHR0cDovL3RzaG9wLnIxMHMuanAva3VyYXNoaWtlbmtvdS9jYWJpbmV0L29rYWJlLzk1MjE0MTQuanBnP2ZpdGluPTcwMDo3MDA=,MzAzLjIwMDA=,,5pel55So5ZOB6ZuR6LKo44O75paH5oi/5YW344O75omL6Iq4ID4g5pel55So5ZOB44O755Sf5rS76ZuR6LKoID4g6KKLID4g44Gd44Gu5LuW,5pel5pys44K144OL44OR44OD44Kv6KaP5qC86KKLIOOBsuOCguS7mOOBjeWQiuOCiuS4i+OBkjEy5Y+3IOmAj+aYjiAxMDDmnprlhaVMMTJI44CQVEPjgJE=,44CQ56iO6L68Mzk5MOWGhuS7peS4iuOBp+mAgeaWmeeEoeaWmeOAkQ==,PCEtLeKWvOOCq+OCtOS4i+ODkOODiuODvC0tPjxjZW50ZXI+PGZvbnQgY29sb3I9IiNmZjE0OTMiIHNpemU9IjYiPjwvY2VudGVyPjwvZm9udD48aWZyYW1lIHNyYz0iaHR0cDovL3d3dy5yYWt1dGVuLm5lLmpwL2dvbGQva3VyYXNoaWtlbmtvdS9jYXJ0XzE2MTAxOC5odG1sIiB3aWR0aD0iMTAwJSIgaGVpZ2h0PSI2NzAiIHNjcm9sbGluZz0ibm8iIGZyYW1lYm9yZGVyPSIwIiA9IiI+PC9pZnJhbWUg44CAPjwhLS3ilrLjgqvjgrTkuIvjg5Djg4rjg7wtLT48YnI+CgoKCgoKCgoKCgoKCgoKCgoKCgrkuIrpg6jniYflgbTjgavlkIrjgorkuIvjgZLjg5Ljg6LjgYzjgaTjgYTjgabjgYTjgabjgIExMDDmnprjgpLkuIDmi6zjgaflkIrjgorkuIvjgZLjgovjgZPjgajjgYzjgafjgY3jgb7jgZk8YnI+5ZCK44KK5LiL44GS44Gf54q25oWL44Gn44CB5LiL44GL44KJMeaemuOBpeOBpOW8leOBo+W8teOBo+OBpuS9v+eUqOOBp+OBjeOCi+S+v+WIqeOBquODneODquiii+OBp+OBmTxicj7kvb/nlKjjgZfjgarjgYTjg53jg6rooovjga/lvJXjgaPmjpvjgZHjgabnva7jgZHjgovjga7jgafjgIHnva7jgY3loLTjgavlm7Djgorjgb7jgZvjgpM8YnI+PGJyPuKXj+WVhuWTgeOCteOCpOOCuu+8iOe0hO+8ie+8muaoqjIzw5fnuKYzNGNtPGJyPuKXj+WVhuWTgemHjemHj++8iOe0hO+8ie+8mjQ0MGc8YnI+4peP5p2Q6LOq77ya44Od44Oq44Ko44OB44Os44Oz77yI6YCP5piO77yJPGJyPuKXj+OCu+ODg+ODiOWGheWuue+8mjEwMOaemuWFpTxicj7il4/ooovjga7ljprjgb/vvJowLjAzbW08YnI+4peP6ICQ5Ya35rip5bqm77yaLTMw5bqmPGJyPuKXj+ODoeODvOOCq+ODvO+8muaXpeacrOOCteODi+ODkeODg+OCrzxicj4=,5pel5pys44K144OL44OR44OD44Kv6KaP5qC86KKLIOOBsuOCguS7mOOBjeWQiuOCiuS4i+OBkjEy5Y+3IOmAj+aYjiAxMDDmnprlhaVMMTJI44CQVEPjgJHvvJrmmq7jgonjgZflgaXlurfjg43jg4Pjg4jppKg=,44Kt44OD44OB44Oz44OQ44K56Kq/55CG5Zmo5YW35rSX5Ymk44Kv44Oq44K544K/44Or44Ks44Kk44K244O8NTAwbWzmn5Tou5/liaTlrqTlhoXnianlubLjgZfnianlubLjgZflgaXlurfpo5/lk4HjgqLjgqTjg6rjgrnjgqrjg7zjg6Tjg57mjoPpmaTjg4/jg7Pjgqzjg7zmtJfmv6/lj47ntI3nsbPjg4DjgqTjgqjjg4Pjg4jmsLTjg4Djgqbjg4vjg7zjg5Xjg6njgqTjg5Hjg7PnibnojLbml6XmnKzjgrXjg4vjg5Hjg4Pjgq/opo/moLzooosg44Gy44KC5LuY44GN5ZCK44KK5LiL44GSMTLlj7cg6YCP5piOIDEwMOaemuWFpUwxMkjjgJBUQ+OAkQ==,44CQ56iO6L68Mzk5MOWGhuS7peS4iuOBp+mAgeaWmeeEoeaWmeOAkeOAguaXpeacrOOCteODi+ODkeODg+OCr+imj+agvOiiiyDjgbLjgoLku5jjgY3lkIrjgorkuIvjgZIxMuWPtyDpgI/mmI4gMTAw5p6a5YWlTDEySOOAkFRD44CR[rn]
19-18364,aHR0cDovL3RzaG9wLnIxMHMuanAva3VyYXNoaWtlbmtvdS9jYWJpbmV0L29rYWJlLzk1MjAyODAuanBnP2ZpdGluPTcwMDo3MDA=,MTAwLjAwMDA=,,5pel55So5ZOB6ZuR6LKo44O75paH5oi/5YW344O75omL6Iq4ID4g5pel55So5ZOB44O755Sf5rS76ZuR6LKoID4g6KKLID4g44Gd44Gu5LuW,44K444Oj44OR44OD44Kv44K55rys44GR54mp6KKLIDLmlpfnlKggMuaemuWFpVRLLTAz44CQVEPjgJE=,44CQ56iO6L68Mzk5MOWGhuS7peS4iuOBp+mAgeaWmeeEoeaWmeOAkQ==,PCEtLeKWvOOCq+OCtOS4i+ODkOODiuODvC0tPjxjZW50ZXI+PGZvbnQgY29sb3I9IiNmZjE0OTMiIHNpemU9IjYiPjwvY2VudGVyPjwvZm9udD48aWZyYW1lIHNyYz0iaHR0cDovL3d3dy5yYWt1dGVuLm5lLmpwL2dvbGQva3VyYXNoaWtlbmtvdS9jYXJ0XzE2MTAxOC5odG1sIiB3aWR0aD0iMTAwJSIgaGVpZ2h0PSI2NzAiIHNjcm9sbGluZz0ibm8iIGZyYW1lYm9yZGVyPSIwIiA9IiI+PC9pZnJhbWUg44CAPjwhLS3ilrLjgqvjgrTkuIvjg5Djg4rjg7wtLT48YnI+CgoKCgoKCgoKCgoKCgoKCgoKCgrmnKzlk4Hjga/jgIEy5paX55So77yIMzDvvZ40MEzmqL3nlKjvvInjga7mvKzjgZHnianooovjgafjgZk8YnI+5qi944Gr5LuY44GP44CB5rGa44KM44O76Iet44GE44O76Imy44GG44Gk44KK44KS6Ziy44GO44G+44GZPGJyPuWkluawl+OBq+inpuOCjOOBmuOBq+a8rOOBkeOCi+OBk+OBqOOBjOOBp+OBjeOCi+OBn+OCgeOAgea8rOOBkeeJqeOBrumiqOWRs+OCkumAg+OBjOOBleOBmuOAgeOBiuOBhOOBl+OBj+a8rOOBkeOBguOBjOOCiuOBvuOBmTxicj48YnI+4peP5ZWG5ZOB44K144Kk44K677yI57SE77yJ77ya57imODDDl+aoqjcwY208YnI+4peP5ZWG5ZOB6YeN6YeP77yI57SE77yJ77yaMTAwZzxicj7il4/mnZDos6rvvJrjg53jg6rjgqjjg4Hjg6zjg7M8YnI+4peP44K744OD44OI5YaF5a6544O75LuY5bGe5ZOB77yaMuaemuWFpTxicj7il4/ljprjgZXvvJowLjA1bW08YnI+4peP5qi944Gu5a656YeP77yaMzBM772eNDBMPGJyPuKXj+iAkOWGt+a4qeW6pu+8mu+8jTMw5bqmPGJyPuKXj+ODoeODvOOCq+ODvO+8muOCuOODo+ODkeODg+OCr+OCuTxicj4=,44K444Oj44OR44OD44Kv44K55rys44GR54mp6KKLIDLmlpfnlKggMuaemuWFpVRLLTAz44CQVEPjgJHvvJrmmq7jgonjgZflgaXlurfjg43jg4Pjg4jppKg=,44Kt44OD44OB44Oz44OQ44K56Kq/55CG5Zmo5YW35rSX5Ymk44Kv44Oq44K544K/44Or44Ks44Kk44K244O8NTAwbWzmn5Tou5/liaTlrqTlhoXnianlubLjgZfnianlubLjgZflgaXlurfpo5/lk4HjgqLjgqTjg6rjgrnjgqrjg7zjg6Tjg57mjoPpmaTjg4/jg7Pjgqzjg7zmtJfmv6/lj47ntI3nsbPjg4DjgqTjgqjjg4Pjg4jmsLTjg4Djgqbjg4vjg7zjg5Xjg6njgqTjg5Hjg7PnibnojLbjgrjjg6Pjg5Hjg4Pjgq/jgrnmvKzjgZHnianooosgMuaWl+eUqCAy5p6a5YWlVEstMDPjgJBUQ+OAkQ==,44CQ56iO6L68Mzk5MOWGhuS7peS4iuOBp+mAgeaWmeeEoeaWmeOAkeOAguOCuOODo+ODkeODg+OCr+OCuea8rOOBkeeJqeiiiyAy5paX55SoIDLmnprlhaVUSy0wM+OAkFRD44CR[rn]
19-18365,aHR0cDovL3RzaG9wLnIxMHMuanAva3VyYXNoaWtlbmtvdS9jYWJpbmV0L29rYWJlLzk1MjE0MTYuanBnP2ZpdGluPTcwMDo3MDA=,NTQ4LjgwMDA=,,5pel55So5ZOB6ZuR6LKo44O75paH5oi/5YW344O75omL6Iq4ID4g5pel55So5ZOB44O755Sf5rS76ZuR6LKoID4g6KKLID4g44Gd44Gu5LuW,5pel5pys44K144OL44OR44OD44Kv6KaP5qC86KKLIOOBsuOCguS7mOOBjeWQiuOCiuS4i+OBkjE15Y+3IOmAj+aYjiAxMDDmnprlhaVMMTVI44CQVEPjgJE=,44CQ56iO6L68Mzk5MOWGhuS7peS4iuOBp+mAgeaWmeeEoeaWmeOAkQ==,PCEtLeKWvOOCq+OCtOS4i+ODkOODiuODvC0tPjxjZW50ZXI+PGZvbnQgY29sb3I9IiNmZjE0OTMiIHNpemU9IjYiPjwvY2VudGVyPjwvZm9udD48aWZyYW1lIHNyYz0iaHR0cDovL3d3dy5yYWt1dGVuLm5lLmpwL2dvbGQva3VyYXNoaWtlbmtvdS9jYXJ0XzE2MTAxOC5odG1sIiB3aWR0aD0iMTAwJSIgaGVpZ2h0PSI2NzAiIHNjcm9sbGluZz0ibm8iIGZyYW1lYm9yZGVyPSIwIiA9IiI+PC9pZnJhbWUg44CAPjwhLS3ilrLjgqvjgrTkuIvjg5Djg4rjg7wtLT48YnI+CgoKCgoKCgoKCgoKCgoKCgoKCgrkuIrpg6jniYflgbTjgavlkIrjgorkuIvjgZLjg5Ljg6LjgYzjgaTjgYTjgabjgYTjgabjgIExMDDmnprjgpLkuIDmi6zjgaflkIrjgorkuIvjgZLjgovjgZPjgajjgYzjgafjgY3jgb7jgZk8YnI+5ZCK44KK5LiL44GS44Gf54q25oWL44Gn44CB5LiL44GL44KJMeaemuOBpeOBpOW8leOBo+W8teOBo+OBpuS9v+eUqOOBp+OBjeOCi+S+v+WIqeOBquODneODquiii+OBp+OBmTxicj7kvb/nlKjjgZfjgarjgYTjg53jg6rooovjga/lvJXjgaPmjpvjgZHjgabnva7jgZHjgovjga7jgafjgIHnva7jgY3loLTjgavlm7Djgorjgb7jgZvjgpM8YnI+PGJyPuKXj+WVhuWTgeOCteOCpOOCuu+8iOe0hO+8ie+8muaoqjMww5fnuKY0NWNtPGJyPuKXj+WVhuWTgemHjemHj++8iOe0hO+8ie+8mjc0NWc8YnI+4peP5p2Q6LOq77ya44Od44Oq44Ko44OB44Os44Oz77yI6YCP5piO77yJPGJyPuKXj+OCu+ODg+ODiOWGheWuue+8mjEwMOaemuWFpTxicj7il4/ooovjga7ljprjgb/vvJowLjAzbW08YnI+4peP6ICQ5Ya35rip5bqm77yaLTMw5bqmPGJyPuKXj+ODoeODvOOCq+ODvO+8muaXpeacrOOCteODi+ODkeODg+OCrzxicj4=,5pel5pys44K144OL44OR44OD44Kv6KaP5qC86KKLIOOBsuOCguS7mOOBjeWQiuOCiuS4i+OBkjE15Y+3IOmAj+aYjiAxMDDmnprlhaVMMTVI44CQVEPjgJHvvJrmmq7jgonjgZflgaXlurfjg43jg4Pjg4jppKg=,44Kt44OD44OB44Oz44OQ44K56Kq/55CG5Zmo5YW35rSX5Ymk44Kv44Oq44K544K/44Or44Ks44Kk44K244O8NTAwbWzmn5Tou5/liaTlrqTlhoXnianlubLjgZfnianlubLjgZflgaXlurfpo5/lk4HjgqLjgqTjg6rjgrnjgqrjg7zjg6Tjg57mjoPpmaTjg4/jg7Pjgqzjg7zmtJfmv6/lj47ntI3nsbPjg4DjgqTjgqjjg4Pjg4jmsLTjg4Djgqbjg4vjg7zjg5Xjg6njgqTjg5Hjg7PnibnojLbml6XmnKzjgrXjg4vjg5Hjg4Pjgq/opo/moLzooosg44Gy44KC5LuY44GN5ZCK44KK5LiL44GSMTXlj7cg6YCP5piOIDEwMOaemuWFpUwxNUjjgJBUQ+OAkQ==,44CQ56iO6L68Mzk5MOWGhuS7peS4iuOBp+mAgeaWmeeEoeaWmeOAkeOAguaXpeacrOOCteODi+ODkeODg+OCr+imj+agvOiiiyDjgbLjgoLku5jjgY3lkIrjgorkuIvjgZIxNeWPtyDpgI/mmI4gMTAw5p6a5YWlTDE1SOOAkFRD44CR[rn]
19-18366,aHR0cDovL3RzaG9wLnIxMHMuanAva3VyYXNoaWtlbmtvdS9jYWJpbmV0L29rYWJlLzk1MjE5MzYuanBnP2ZpdGluPTcwMDo3MDA=,MTYwLjAwMDA=,,5pel55So5ZOB6ZuR6LKo44O75paH5oi/5YW344O75omL6Iq4ID4g5pel55So5ZOB44O755Sf5rS76ZuR6LKoID4g6KKLID4g44Gd44Gu5LuW,44Os44OD44Kv5bCP44KP44GW6KKLIOODgeODo+ODg+OCr+S7mCBOby4x44CQVEPjgJE=,44CQ56iO6L68Mzk5MOWGhuS7peS4iuOBp+mAgeaWmeeEoeaWmeOAkQ==,PCEtLeKWvOOCq+OCtOS4i+ODkOODiuODvC0tPjxjZW50ZXI+PGZvbnQgY29sb3I9IiNmZjE0OTMiIHNpemU9IjYiPjwvY2VudGVyPjwvZm9udD48aWZyYW1lIHNyYz0iaHR0cDovL3d3dy5yYWt1dGVuLm5lLmpwL2dvbGQva3VyYXNoaWtlbmtvdS9jYXJ0XzE2MTAxOC5odG1sIiB3aWR0aD0iMTAwJSIgaGVpZ2h0PSI2NzAiIHNjcm9sbGluZz0ibm8iIGZyYW1lYm9yZGVyPSIwIiA9IiI+PC9pZnJhbWUg44CAPjwhLS3ilrLjgqvjgrTkuIvjg5Djg4rjg7wtLT48YnI+CgoKCgoKCgoKCgoKCgoKCgoKCgrjg4Hjg6Pjg4Pjgq/ku5jjga7pgI/mmI7kv53lrZjooovjgafolqzjgoTlronlhajjg5Tjg7PjgIHjg5zjgr/jg7PjgarjganntLDjgYvjgYTlsI/niankv53lrZjjgavlpKflpInkvr/liKnjgafjgZnjgII8YnI+44GK5b6X44GqMjLmnprntYTjgII8YnI+5peF6KGM44KE5Ye65by144CB5aSW5Ye65pmC44Gr44OQ44OD44Kv44Gq44Gp44Gr5pW055CG44GX44Gm5oyB44Gh5q2p44GN44Gn44GN44G+44GZ44CCPGJyPjxicj7il4/llYblk4HjgrXjgqTjgrrvvIjntITvvInvvJrnuKY3w5fmqKo1Y208YnI+4peP5ZWG5ZOB6YeN6YeP77yI57SE77yJ77yaMzBnPGJyPuKXj+adkOizqu+8muODneODquOCqOODgeODrOODs++8iOihqOmdouW4g++8iTxicj7il4/jgrvjg4Pjg4jlhoXlrrnvvJoyMuaemuWFpTxicj7il4/jg6Hjg7zjgqvjg7zvvJrjg6zjg4Pjgq88YnI+,44Os44OD44Kv5bCP44KP44GW6KKLIOODgeODo+ODg+OCr+S7mCBOby4x44CQVEPjgJHvvJrmmq7jgonjgZflgaXlurfjg43jg4Pjg4jppKg=,44Kt44OD44OB44Oz44OQ44K56Kq/55CG5Zmo5YW35rSX5Ymk44Kv44Oq44K544K/44Or44Ks44Kk44K244O8NTAwbWzmn5Tou5/liaTlrqTlhoXnianlubLjgZfnianlubLjgZflgaXlurfpo5/lk4HjgqLjgqTjg6rjgrnjgqrjg7zjg6Tjg57mjoPpmaTjg4/jg7Pjgqzjg7zmtJfmv6/lj47ntI3nsbPjg4DjgqTjgqjjg4Pjg4jmsLTjg4Djgqbjg4vjg7zjg5Xjg6njgqTjg5Hjg7PnibnojLbjg6zjg4Pjgq/lsI/jgo/jgZbooosg44OB44Oj44OD44Kv5LuYIE5vLjHjgJBUQ+OAkQ==,44CQ56iO6L68Mzk5MOWGhuS7peS4iuOBp+mAgeaWmeeEoeaWmeOAkeOAguODrOODg+OCr+Wwj+OCj+OBluiiiyDjg4Hjg6Pjg4Pjgq/ku5ggTm8uMeOAkFRD44CR[rn]
19-18367,aHR0cDovL3RzaG9wLnIxMHMuanAvdGFraXN5by9jYWJpbmV0LzAxMjExODY2LzAxMzM4ODYzL2ltZzU3MTMwMDY3LmpwZz9maXRpbj03MDA6NzAw,MjU1MjUuNjAwMA==,,5pel55So5ZOB6ZuR6LKo44O75paH5oi/5YW344O75omL6Iq4ID4g5pel55So5ZOB44O755Sf5rS76ZuR6LKoID4g6KKLID4g44Gd44Gu5LuW,44OB44Oj44OD44Kv5LuY44GN44Od44Oq6KKLIOODpuODi+ODkeODg+OCr0EtNOOAgDHjgrHjg7zjgrkzMDDmnprDlzcw6KKL5YWl44CQc210Yi1tc+OAkQ==,6YCB5paZ54Sh5paZ44OB44Oj44OD44Kv44Gn5a+G6ZaJ44CB44K144Kk44K644GE44KN44GE44KN44Om44OL44OR44OD44Kv,44OB44Oj44OD44Kv5LiLNzDDl+iii+W3vjUww5fljprjgb8wLjA0bW08YnI+CuWFpeaVsOOAgDMwMOaemsOXNzDooos=,44OB44Oj44OD44Kv5LuY44GN44Od44Oq6KKLIOODpuODi+ODkeODg+OCr0EtNOOAgDHjgrHjg7zjgrkzMDDmnpomdGltZXM7NzDooovlhaXjgJBzbXRiLW1z44CR77ya54Cn5ZWG5bqX,5bGL5aSW54Wn5piO6L6y5qWt55So5ZOB6L6y5qmf5YW36Jek5qOa44G244Gp44GG5qOa44OR44O844K044Op5ZyS6Iq455So5ZOB5a625bqt6I+c5ZyS44Of44K944OO5YyF5LiB5rip5a6k44OQ44O844OZ44Kt44Ol44O844Kz44Oz44Ot5rip5a6k44OP44Op44OD44Kv44K544K/44Kr44K344On44O844OU44Kr6Ziy6I2J44K344O844OI44K244OQ44O844Oz6Zmk6I2J5Ymk44OB44Oj44OD44Kv5LuY44GN44Od44Oq6KKLIOODpuODi+ODkeODg+OCr0EtNOOAgDHjgrHjg7zjgrkzMDDmnpomdGltZXM7NzDooovlhaXjgJBzbXRiLW1z44CR,6YCB5paZ54Sh5paZ44OB44Oj44OD44Kv44Gn5a+G6ZaJ44CB44K144Kk44K644GE44KN44GE44KN44Om44OL44OR44OD44Kv44CC44OB44Oj44OD44Kv5LuY44GN44Od44Oq6KKLIOODpuODi+ODkeODg+OCr0EtNOOAgDHjgrHjg7zjgrkzMDDmnpomdGltZXM7NzDooovlhaXjgJBzbXRiLW1z44CR[rn]
19-18368,aHR0cDovL3RzaG9wLnIxMHMuanAvdGFraXN5by9jYWJpbmV0LzAxMjExODY2LzAxMzM4ODYzL2ltZzU3MTMwMDY3LmpwZz9maXRpbj03MDA6NzAw,MTkzNTUuMjAwMA==,,5pel55So5ZOB6ZuR6LKo44O75paH5oi/5YW344O75omL6Iq4ID4g5pel55So5ZOB44O755Sf5rS76ZuR6LKoID4g6KKLID4g44Gd44Gu5LuW,44OB44Oj44OD44Kv5LuY44GN44Od44Oq6KKLIOODpuODi+ODkeODg+OCryBCLTTjgIAx44Kx44O844K5MzAw5p6aw5c1MOiii+WFpeOAkHNtdGItbXPjgJE=,6YCB5paZ54Sh5paZ44OB44Oj44OD44Kv44Gn5a+G6ZaJ44CB44K144Kk44K644GE44KN44GE44KN44Om44OL44OR44OD44Kv,44OB44Oj44OD44Kv5LiLODXDl+iii+W3vjYww5fljprjgb8wLjA0bW08YnI+CuWFpeaVsOOAgDMwMOaemsOXNTDooos=,44OB44Oj44OD44Kv5LuY44GN44Od44Oq6KKLIOODpuODi+ODkeODg+OCryBCLTTjgIAx44Kx44O844K5MzAw5p6aJnRpbWVzOzUw6KKL5YWl44CQc210Yi1tc+OAke+8mueAp+WVhuW6lw==,5bGL5aSW54Wn5piO6L6y5qWt55So5ZOB6L6y5qmf5YW36Jek5qOa44G244Gp44GG5qOa44OR44O844K044Op5ZyS6Iq455So5ZOB5a625bqt6I+c5ZyS44Of44K944OO5YyF5LiB5rip5a6k44OQ44O844OZ44Kt44Ol44O844Kz44Oz44Ot5rip5a6k44OP44Op44OD44Kv44K544K/44Kr44K344On44O844OU44Kr6Ziy6I2J44K344O844OI44K244OQ44O844Oz6Zmk6I2J5Ymk44OB44Oj44OD44Kv5LuY44GN44Od44Oq6KKLIOODpuODi+ODkeODg+OCryBCLTTjgIAx44Kx44O844K5MzAw5p6aJnRpbWVzOzUw6KKL5YWl44CQc210Yi1tc+OAkQ==,6YCB5paZ54Sh5paZ44OB44Oj44OD44Kv44Gn5a+G6ZaJ44CB44K144Kk44K644GE44KN44GE44KN44Om44OL44OR44OD44Kv44CC44OB44Oj44OD44Kv5LuY44GN44Od44Oq6KKLIOODpuODi+ODkeODg+OCryBCLTTjgIAx44Kx44O844K5MzAw5p6aJnRpbWVzOzUw6KKL5YWl44CQc210Yi1tc+OAkQ==[rn]
19-18369,aHR0cDovL3RzaG9wLnIxMHMuanAvdGFraXN5by9jYWJpbmV0LzAxMjExODY2LzAxMzM4ODYzL2ltZzU3MTMwMDY3LmpwZz9maXRpbj03MDA6NzAw,MTc4MjkuNjAwMA==,,5pel55So5ZOB6ZuR6LKo44O75paH5oi/5YW344O75omL6Iq4ID4g5pel55So5ZOB44O755Sf5rS76ZuR6LKoID4g6KKLID4g44Gd44Gu5LuW,44OB44Oj44OD44Kv5LuY44GN44Od44Oq6KKLIOODpuODi+ODkeODg+OCryBDLTTjgIAx44Kx44O844K5MjAw5p6aw5c2Neiii+WFpeOAkHNtdGItbXPjgJE=,6YCB5paZ54Sh5paZ44OB44Oj44OD44Kv44Gn5a+G6ZaJ44CB44K144Kk44K644GE44KN44GE44KN44Om44OL44OR44OD44Kv,44OB44Oj44OD44Kv5LiLMTAww5fooovlt743MMOX5Y6a44G/MC4wNG1tPGJyPgrlhaXmlbDjgIAyMDDmnprDlzY16KKL,44OB44Oj44OD44Kv5LuY44GN44Od44Oq6KKLIOODpuODi+ODkeODg+OCryBDLTTjgIAx44Kx44O844K5MjAw5p6aJnRpbWVzOzY16KKL5YWl44CQc210Yi1tc+OAke+8mueAp+WVhuW6lw==,5bGL5aSW54Wn5piO6L6y5qWt55So5ZOB6L6y5qmf5YW36Jek5qOa44G244Gp44GG5qOa44OR44O844K044Op5ZyS6Iq455So5ZOB5a625bqt6I+c5ZyS44Of44K944OO5YyF5LiB5rip5a6k44OQ44O844OZ44Kt44Ol44O844Kz44Oz44Ot5rip5a6k44OP44Op44OD44Kv44K544K/44Kr44K344On44O844OU44Kr6Ziy6I2J44K344O844OI44K244OQ44O844Oz6Zmk6I2J5Ymk44OB44Oj44OD44Kv5LuY44GN44Od44Oq6KKLIOODpuODi+ODkeODg+OCryBDLTTjgIAx44Kx44O844K5MjAw5p6aJnRpbWVzOzY16KKL5YWl44CQc210Yi1tc+OAkQ==,6YCB5paZ54Sh5paZ44OB44Oj44OD44Kv44Gn5a+G6ZaJ44CB44K144Kk44K644GE44KN44GE44KN44Om44OL44OR44OD44Kv44CC44OB44Oj44OD44Kv5LuY44GN44Od44Oq6KKLIOODpuODi+ODkeODg+OCryBDLTTjgIAx44Kx44O844K5MjAw5p6aJnRpbWVzOzY16KKL5YWl44CQc210Yi1tc+OAkQ==[rn]
19-18370,aHR0cDovL3RzaG9wLnIxMHMuanAvdGFraXN5by9jYWJpbmV0LzAxMjExODY2LzAxMzM4ODYzL2ltZzU3MTMwMDY3LmpwZz9maXRpbj03MDA6NzAw,MTY2NjYuNDAwMA==,,5pel55So5ZOB6ZuR6LKo44O75paH5oi/5YW344O75omL6Iq4ID4g5pel55So5ZOB44O755Sf5rS76ZuR6LKoID4g6KKLID4g44Gd44Gu5LuW,44OB44Oj44OD44Kv5LuY44GN44Od44Oq6KKLIOODpuODi+ODkeODg+OCryBELTTjgIAx44Kx44O844K5MjAw5p6aw5c1MOiii+WFpeOAkHNtdGItbXPjgJE=,6YCB5paZ54Sh5paZ44OB44Oj44OD44Kv44Gn5a+G6ZaJ44CB44K144Kk44K644GE44KN44GE44KN44Om44OL44OR44OD44Kv,44OB44Oj44OD44Kv5LiLMTIww5fooovlt744NcOX5Y6a44G/MC4wNG1tPGJyPgrlhaXmlbDjgIAyMDDmnprDlzUw6KKL,44OB44Oj44OD44Kv5LuY44GN44Od44Oq6KKLIOODpuODi+ODkeODg+OCryBELTTjgIAx44Kx44O844K5MjAw5p6aJnRpbWVzOzUw6KKL5YWl44CQc210Yi1tc+OAke+8mueAp+WVhuW6lw==,5bGL5aSW54Wn5piO6L6y5qWt55So5ZOB6L6y5qmf5YW36Jek5qOa44G244Gp44GG5qOa44OR44O844K044Op5ZyS6Iq455So5ZOB5a625bqt6I+c5ZyS44Of44K944OO5YyF5LiB5rip5a6k44OQ44O844OZ44Kt44Ol44O844Kz44Oz44Ot5rip5a6k44OP44Op44OD44Kv44K544K/44Kr44K344On44O844OU44Kr6Ziy6I2J44K344O844OI44K244OQ44O844Oz6Zmk6I2J5Ymk44OB44Oj44OD44Kv5LuY44GN44Od44Oq6KKLIOODpuODi+ODkeODg+OCryBELTTjgIAx44Kx44O844K5MjAw5p6aJnRpbWVzOzUw6KKL5YWl44CQc210Yi1tc+OAkQ==,6YCB5paZ54Sh5paZ44OB44Oj44OD44Kv44Gn5a+G6ZaJ44CB44K144Kk44K644GE44KN44GE44KN44Om44OL44OR44OD44Kv44CC44OB44Oj44OD44Kv5LuY44GN44Od44Oq6KKLIOODpuODi+ODkeODg+OCryBELTTjgIAx44Kx44O844K5MjAw5p6aJnRpbWVzOzUw6KKL5YWl44CQc210Yi1tc+OAkQ==[rn]
19-18371,aHR0cDovL3RzaG9wLnIxMHMuanAvdGFraXN5by9jYWJpbmV0LzAxMjExODY2LzAxMzM4ODYzL2ltZzU3MTMwMDY3LmpwZz9maXRpbj03MDA6NzAw,MTE4MDkuNjAwMA==,,5pel55So5ZOB6ZuR6LKo44O75paH5oi/5YW344O75omL6Iq4ID4g5pel55So5ZOB44O755Sf5rS76ZuR6LKoID4g6KKLID4g44Gd44Gu5LuW,44OB44Oj44OD44Kv5LuY44GN44Od44Oq6KKLIOODpuODi+ODkeODg+OCryBJLTTjgIAx44Kx44O844K5MTAw5p6aw5cyNeiii+WFpeOAkHNtdGItbXPjgJE=,6YCB5paZ54Sh5paZ44OB44Oj44OD44Kv44Gn5a+G6ZaJ44CB44K144Kk44K644GE44KN44GE44KN44Om44OL44OR44OD44Kv,44OB44Oj44OD44Kv5LiLMjgww5fooovlt74yMDDDl+WOmuOBvzAuMDRtbTxicj4K5YWl5pWw44CAMTAw5p6aw5cyNeiiiw==,44OB44Oj44OD44Kv5LuY44GN44Od44Oq6KKLIOODpuODi+ODkeODg+OCryBJLTTjgIAx44Kx44O844K5MTAw5p6aJnRpbWVzOzI16KKL5YWl44CQc210Yi1tc+OAke+8mueAp+WVhuW6lw==,5bGL5aSW54Wn5piO6L6y5qWt55So5ZOB6L6y5qmf5YW36Jek5qOa44G244Gp44GG5qOa44OR44O844K044Op5ZyS6Iq455So5ZOB5a625bqt6I+c5ZyS44Of44K944OO5YyF5LiB5rip5a6k44OQ44O844OZ44Kt44Ol44O844Kz44Oz44Ot5rip5a6k44OP44Op44OD44Kv44K544K/44Kr44K344On44O844OU44Kr6Ziy6I2J44K344O844OI44K244OQ44O844Oz6Zmk6I2J5Ymk44OB44Oj44OD44Kv5LuY44GN44Od44Oq6KKLIOODpuODi+ODkeODg+OCryBJLTTjgIAx44Kx44O844K5MTAw5p6aJnRpbWVzOzI16KKL5YWl44CQc210Yi1tc+OAkQ==,6YCB5paZ54Sh5paZ44OB44Oj44OD44Kv44Gn5a+G6ZaJ44CB44K144Kk44K644GE44KN44GE44KN44Om44OL44OR44OD44Kv44CC44OB44Oj44OD44Kv5LuY44GN44Od44Oq6KKLIOODpuODi+ODkeODg+OCryBJLTTjgIAx44Kx44O844K5MTAw5p6aJnRpbWVzOzI16KKL5YWl44CQc210Yi1tc+OAkQ==[rn]
19-18372,aHR0cDovL3RzaG9wLnIxMHMuanAvdGFraXN5by9jYWJpbmV0LzAxMjExODY2LzAxMzM4ODYzL2ltZzU3MTMwMDY3LmpwZz9maXRpbj03MDA6NzAw,ODYwNy4yMDAw,,5pel55So5ZOB6ZuR6LKo44O75paH5oi/5YW344O75omL6Iq4ID4g5pel55So5ZOB44O755Sf5rS76ZuR6LKoID4g6KKLID4g44Gd44Gu5LuW,44OB44Oj44OD44Kv5LuY44GN44Od44Oq6KKLIOODpuODi+ODkeODg+OCryBKLTTjgIAx44Kx44O844K5MTAw5p6aw5cxNeiii+WFpeOAkHNtdGItbXPjgJE=,6YCB5paZ54Sh5paZ44OB44Oj44OD44Kv44Gn5a+G6ZaJ44CB44K144Kk44K644GE44KN44GE44KN44Om44OL44OR44OD44Kv,5rKW57iE44O76Zui5bO244G444Gu6YCB5paZ44Gv44GK6KaL56mN44KK44Gr44Gq44KK44G+44GZ44CCPGJyPgo8YnI+CuODgeODo+ODg+OCr+S4izM0MMOX6KKL5be+MjQww5fljprjgb8wLjA0bW08YnI+CuWFpeaVsOOAgDEwMOaemsOXMTXooos=,44OB44Oj44OD44Kv5LuY44GN44Od44Oq6KKLIOODpuODi+ODkeODg+OCryBKLTTjgIAx44Kx44O844K5MTAw5p6aJnRpbWVzOzE16KKL5YWl44CQc210Yi1tc+OAke+8mueAp+WVhuW6lw==,5bGL5aSW54Wn5piO6L6y5qWt55So5ZOB6L6y5qmf5YW36Jek5qOa44G244Gp44GG5qOa44OR44O844K044Op5ZyS6Iq455So5ZOB5a625bqt6I+c5ZyS44Of44K944OO5YyF5LiB5rip5a6k44OQ44O844OZ44Kt44Ol44O844Kz44Oz44Ot5rip5a6k44OP44Op44OD44Kv44K544K/44Kr44K344On44O844OU44Kr6Ziy6I2J44K344O844OI44K244OQ44O844Oz6Zmk6I2J5Ymk44OB44Oj44OD44Kv5LuY44GN44Od44Oq6KKLIOODpuODi+ODkeODg+OCryBKLTTjgIAx44Kx44O844K5MTAw5p6aJnRpbWVzOzE16KKL5YWl44CQc210Yi1tc+OAkQ==,6YCB5paZ54Sh5paZ44OB44Oj44OD44Kv44Gn5a+G6ZaJ44CB44K144Kk44K644GE44KN44GE44KN44Om44OL44OR44OD44Kv44CC44OB44Oj44OD44Kv5LuY44GN44Od44Oq6KKLIOODpuODi+ODkeODg+OCryBKLTTjgIAx44Kx44O844K5MTAw5p6aJnRpbWVzOzE16KKL5YWl44CQc210Yi1tc+OAkQ==[rn]
19-18373,aHR0cDovL3RzaG9wLnIxMHMuanAvdGFraXN5by9jYWJpbmV0LzAxMjExODY2LzAxMzM4ODYzL2ltZzU3MTMwMDY3LmpwZz9maXRpbj03MDA6NzAw,MTA2MjkuNjAwMA==,,5pel55So5ZOB6ZuR6LKo44O75paH5oi/5YW344O75omL6Iq4ID4g5pel55So5ZOB44O755Sf5rS76ZuR6LKoID4g6KKLID4g44Gd44Gu5LuW,44OB44Oj44OD44Kv5LuY44GN44Od44Oq6KKLIOODpuODi+ODkeODg+OCryBLLTTjgIDvvJHjgrHjg7zjgrkxMDDmnprDlzE16KKL5YWl44CQc210Yi1tc+OAkQ==,6YCB5paZ54Sh5paZ44OB44Oj44OD44Kv44Gn5a+G6ZaJ44CB44K144Kk44K644GE44KN44GE44KN44Om44OL44OR44OD44Kv,44OB44Oj44OD44Kv5LiLNDAww5fooovlt74yODDDl+WOmuOBvzAuMDRtbTxicj4K5YWl5pWw44CAMTAw5p6aw5cxNeiiiw==,44OB44Oj44OD44Kv5LuY44GN44Od44Oq6KKLIOODpuODi+ODkeODg+OCryBLLTTjgIDvvJHjgrHjg7zjgrkxMDDmnpomdGltZXM7MTXooovlhaXjgJBzbXRiLW1z44CR77ya54Cn5ZWG5bqX,5bGL5aSW54Wn5piO6L6y5qWt55So5ZOB6L6y5qmf5YW36Jek5qOa44G244Gp44GG5qOa44OR44O844K044Op5ZyS6Iq455So5ZOB5a625bqt6I+c5ZyS44Of44K944OO5YyF5LiB5rip5a6k44OQ44O844OZ44Kt44Ol44O844Kz44Oz44Ot5rip5a6k44OP44Op44OD44Kv44K544K/44Kr44K344On44O844OU44Kr6Ziy6I2J44K344O844OI44K244OQ44O844Oz6Zmk6I2J5Ymk44OB44Oj44OD44Kv5LuY44GN44Od44Oq6KKLIOODpuODi+ODkeODg+OCryBLLTTjgIDvvJHjgrHjg7zjgrkxMDDmnpomdGltZXM7MTXooovlhaXjgJBzbXRiLW1z44CR,6YCB5paZ54Sh5paZ44OB44Oj44OD44Kv44Gn5a+G6ZaJ44CB44K144Kk44K644GE44KN44GE44KN44Om44OL44OR44OD44Kv44CC44OB44Oj44OD44Kv5LuY44GN44Od44Oq6KKLIOODpuODi+ODkeODg+OCryBLLTTjgIDvvJHjgrHjg7zjgrkxMDDmnpomdGltZXM7MTXooovlhaXjgJBzbXRiLW1z44CR[rn]
19-18374,aHR0cDovL3RzaG9wLnIxMHMuanAvdGFraXN5by9jYWJpbmV0LzAxMjExODY2LzAxMzM4ODYzL2ltZzU3MTMwMDY3LmpwZz9maXRpbj03MDA6NzAw,ODIxNS4yMDAw,,5pel55So5ZOB6ZuR6LKo44O75paH5oi/5YW344O75omL6Iq4ID4g5pel55So5ZOB44O755Sf5rS76ZuR6LKoID4g6KKLID4g44Gd44Gu5LuW,44OB44Oj44OD44Kv5LuY44GN44Od44Oq6KKLIOODpuODi+ODkeODg+OCryBMLTTjgIAx44Kx44O844K5MTAw5p6aw5c46KKL5YWl44CQc210Yi1tc+OAkQ==,6YCB5paZ54Sh5paZ44OB44Oj44OD44Kv44Gn5a+G6ZaJ44CB44K144Kk44K644GE44KN44GE44KN44Om44OL44OR44OD44Kv,44OB44Oj44OD44Kv5LiLNDgww5fooovlt74zNDDDl+WOmuOBvzAuMDRtbTxicj4K5YWl5pWw44CAMTAw5p6aw5c46KKL,44OB44Oj44OD44Kv5LuY44GN44Od44Oq6KKLIOODpuODi+ODkeODg+OCryBMLTTjgIAx44Kx44O844K5MTAw5p6aJnRpbWVzOzjooovlhaXjgJBzbXRiLW1z44CR77ya54Cn5ZWG5bqX,5bGL5aSW54Wn5piO6L6y5qWt55So5ZOB6L6y5qmf5YW36Jek5qOa44G244Gp44GG5qOa44OR44O844K044Op5ZyS6Iq455So5ZOB5a625bqt6I+c5ZyS44Of44K944OO5YyF5LiB5rip5a6k44OQ44O844OZ44Kt44Ol44O844Kz44Oz44Ot5rip5a6k44OP44Op44OD44Kv44K544K/44Kr44K344On44O844OU44Kr6Ziy6I2J44K344O844OI44K244OQ44O844Oz6Zmk6I2J5Ymk44OB44Oj44OD44Kv5LuY44GN44Od44Oq6KKLIOODpuODi+ODkeODg+OCryBMLTTjgIAx44Kx44O844K5MTAw5p6aJnRpbWVzOzjooovlhaXjgJBzbXRiLW1z44CR,6YCB5paZ54Sh5paZ44OB44Oj44OD44Kv44Gn5a+G6ZaJ44CB44K144Kk44K644GE44KN44GE44KN44Om44OL44OR44OD44Kv44CC44OB44Oj44OD44Kv5LuY44GN44Od44Oq6KKLIOODpuODi+ODkeODg+OCryBMLTTjgIAx44Kx44O844K5MTAw5p6aJnRpbWVzOzjooovlhaXjgJBzbXRiLW1z44CR[rn]
19-18375,aHR0cDovL3RzaG9wLnIxMHMuanAvdGFraXN5by9jYWJpbmV0LzAxMjExODY2LzAxMzM4ODYzL2ltZzU3MTMwMDY3LmpwZz9maXRpbj03MDA6NzAw,OTA2Ni40MDAw,,5pel55So5ZOB6ZuR6LKo44O75paH5oi/5YW344O75omL6Iq4ID4g5pel55So5ZOB44O755Sf5rS76ZuR6LKoID4g6KKLID4g44Gd44Gu5LuW,44OB44Oj44OD44Kv5LuY44GN44Od44Oq6KKLIOODpuODi+ODkeODg+OCryBTTC0044CAMeOCseODvOOCuTEwMOaemsOXNuiii+WFpeOAkHNtdGItbXPjgJE=,6YCB5paZ54Sh5paZ44OB44Oj44OD44Kv44Gn5a+G6ZaJ44CB44K144Kk44K644GE44KN44GE44KN44Om44OL44OR44OD44Kv,44OB44Oj44OD44Kv5LiLNTYww5fooovlt740MDDDl+WOmuOBvzAuMDRtbTxicj4K5YWl5pWw44CAMTAw5p6aw5c26KKL,44OB44Oj44OD44Kv5LuY44GN44Od44Oq6KKLIOODpuODi+ODkeODg+OCryBTTC0044CAMeOCseODvOOCuTEwMOaemiZ0aW1lczs26KKL5YWl44CQc210Yi1tc+OAke+8mueAp+WVhuW6lw==,5bGL5aSW54Wn5piO6L6y5qWt55So5ZOB6L6y5qmf5YW36Jek5qOa44G244Gp44GG5qOa44OR44O844K044Op5ZyS6Iq455So5ZOB5a625bqt6I+c5ZyS44Of44K944OO5YyF5LiB5rip5a6k44OQ44O844OZ44Kt44Ol44O844Kz44Oz44Ot5rip5a6k44OP44Op44OD44Kv44K544K/44Kr44K344On44O844OU44Kr6Ziy6I2J44K344O844OI44K244OQ44O844Oz6Zmk6I2J5Ymk44OB44Oj44OD44Kv5LuY44GN44Od44Oq6KKLIOODpuODi+ODkeODg+OCryBTTC0044CAMeOCseODvOOCuTEwMOaemiZ0aW1lczs26KKL5YWl44CQc210Yi1tc+OAkQ==,6YCB5paZ54Sh5paZ44OB44Oj44OD44Kv44Gn5a+G6ZaJ44CB44K144Kk44K644GE44KN44GE44KN44Om44OL44OR44OD44Kv44CC44OB44Oj44OD44Kv5LuY44GN44Od44Oq6KKLIOODpuODi+ODkeODg+OCryBTTC0044CAMeOCseODvOOCuTEwMOaemiZ0aW1lczs26KKL5YWl44CQc210Yi1tc+OAkQ==[rn]
19-18376,aHR0cDovL3RzaG9wLnIxMHMuanAvdGFraXN5by9jYWJpbmV0LzAxMjExODY2LzAxMzM4ODYzL2ltZzY2NjAzNTM4LmpwZz9maXRpbj03MDA6NzAw,OTQwNy4yMDAw,,5pel55So5ZOB6ZuR6LKo44O75paH5oi/5YW344O75omL6Iq4ID4g5pel55So5ZOB44O755Sf5rS76ZuR6LKoID4g6KKLID4g44Gd44Gu5LuW,44Op44OD44OX44Kk44OzIFBBLTQg44OB44Oj44OD44Kv5LuY44GN44Od44Oq6KKL44CAMeOCseODvOOCuTMwMOaemi/lhoXnrrE277yIMTgwMDDmnprvvInlhaXjgorjgIDjg4Hjg6Pjg4Pjgq/ku5jjg53jg6rooovjgJBzbXRiLW1z44CR,6YCB5paZ54Sh5paZ44OB44Oj44OD44Kv44Gn5a+G6ZaJ44CB44K144Kk44K644Gv5YWoMTLjgr/jgqTjg5c=,5rKW57iE44O76Zui5bO244G444Gu6YCB5paZ44Gv44GK6KaL56mN44KK44Gr44Gq44KK44G+44GZ44CCPGJyPgo8YnI+CuODgeODo+ODg+OCr+S4izcww5fooovlt741MMOX5Y6a44G/MC4wNG1t44CA44CA5YWl5pWwMzAw5p6aw5c2MOiiiw==,44Op44OD44OX44Kk44OzIFBBLTQg44OB44Oj44OD44Kv5LuY44GN44Od44Oq6KKL44CAMeOCseODvOOCuTMwMOaemi/lhoXnrrE277yIMTgwMDDmnprvvInlhaXjgorjgIDjg4Hjg6Pjg4Pjgq/ku5jjg53jg6rooovjgJBzbXRiLW1z44CR77ya54Cn5ZWG5bqX,5bGL5aSW54Wn5piO6L6y5qWt55So5ZOB6L6y5qmf5YW36Jek5qOa44G244Gp44GG5qOa44OR44O844K044Op5ZyS6Iq455So5ZOB5a625bqt6I+c5ZyS44Of44K944OO5YyF5LiB5rip5a6k44OQ44O844OZ44Kt44Ol44O844Kz44Oz44Ot5rip5a6k44OP44Op44OD44Kv44K544K/44Kr44K344On44O844OU44Kr6Ziy6I2J44K344O844OI44K244OQ44O844Oz6Zmk6I2J5Ymk44Op44OD44OX44Kk44OzIFBBLTQg44OB44Oj44OD44Kv5LuY44GN44Od44Oq6KKL44CAMeOCseODvOOCuTMwMOaemi/lhoXnrrE277yIMTgwMDDmnprvvInlhaXjgorjgIDjg4Hjg6Pjg4Pjgq/ku5jjg53jg6rooovjgJBzbXRiLW1z44CR,6YCB5paZ54Sh5paZ44OB44Oj44OD44Kv44Gn5a+G6ZaJ44CB44K144Kk44K644Gv5YWoMTLjgr/jgqTjg5fjgILjg6njg4Pjg5fjgqTjg7MgUEEtNCDjg4Hjg6Pjg4Pjgq/ku5jjgY3jg53jg6rooovjgIAx44Kx44O844K5MzAw5p6aL+WGheeusTbvvIgxODAwMOaemu+8ieWFpeOCiuOAgOODgeODo+ODg+OCr+S7mOODneODquiii+OAkHNtdGItbXPjgJE=[rn]
19-18377,aHR0cDovL3RzaG9wLnIxMHMuanAvdGFraXN5by9jYWJpbmV0LzAxMjExODY2LzAxMzM4ODYzL2ltZzY2NjA0OTk0LmpwZz9maXRpbj03MDA6NzAw,NzYyOS42MDAw,,5pel55So5ZOB6ZuR6LKo44O75paH5oi/5YW344O75omL6Iq4ID4g5pel55So5ZOB44O755Sf5rS76ZuR6LKoID4g6KKLID4g44Gd44Gu5LuW,44Op44OD44OX44Kk44OzIFBCLTQg44OB44Oj44OD44Kv5LuY44GN44Od44Oq6KKLMeOCseODvOOCuTMwMOaemi/lhoXnrrE077yIMTIwMDDmnprvvInlhaXjgorjgIDjg4Hjg6Pjg4Pjgq/ku5jjg53jg6rooovjgJBzbXRiLW1z44CR,6YCB5paZ54Sh5paZ44OB44Oj44OD44Kv44Gn5a+G6ZaJ44CB44K144Kk44K644Gv5YWoMTLjgr/jgqTjg5c=,5rKW57iE44O76Zui5bO244G444Gu6YCB5paZ44Gv44GK6KaL56mN44KK44Gr44Gq44KK44G+44GZ44CCPGJyPgo8YnI+CuODgeODo+ODg+OCr+S4izg1w5fooovlt742MMOX5Y6a44G/MC4wNG1t44CA44CA5YWl5pWwMzAw5p6aw5c0MOiiiw==,44Op44OD44OX44Kk44OzIFBCLTQg44OB44Oj44OD44Kv5LuY44GN44Od44Oq6KKLMeOCseODvOOCuTMwMOaemi/lhoXnrrE077yIMTIwMDDmnprvvInlhaXjgorjgIDjg4Hjg6Pjg4Pjgq/ku5jjg53jg6rooovjgJBzbXRiLW1z44CR77ya54Cn5ZWG5bqX,5bGL5aSW54Wn5piO6L6y5qWt55So5ZOB6L6y5qmf5YW36Jek5qOa44G244Gp44GG5qOa44OR44O844K044Op5ZyS6Iq455So5ZOB5a625bqt6I+c5ZyS44Of44K944OO5YyF5LiB5rip5a6k44OQ44O844OZ44Kt44Ol44O844Kz44Oz44Ot5rip5a6k44OP44Op44OD44Kv44K544K/44Kr44K344On44O844OU44Kr6Ziy6I2J44K344O844OI44K244OQ44O844Oz6Zmk6I2J5Ymk44Op44OD44OX44Kk44OzIFBCLTQg44OB44Oj44OD44Kv5LuY44GN44Od44Oq6KKLMeOCseODvOOCuTMwMOaemi/lhoXnrrE077yIMTIwMDDmnprvvInlhaXjgorjgIDjg4Hjg6Pjg4Pjgq/ku5jjg53jg6rooovjgJBzbXRiLW1z44CR,6YCB5paZ54Sh5paZ44OB44Oj44OD44Kv44Gn5a+G6ZaJ44CB44K144Kk44K644Gv5YWoMTLjgr/jgqTjg5fjgILjg6njg4Pjg5fjgqTjg7MgUEItNCDjg4Hjg6Pjg4Pjgq/ku5jjgY3jg53jg6rooosx44Kx44O844K5MzAw5p6aL+WGheeusTTvvIgxMjAwMOaemu+8ieWFpeOCiuOAgOODgeODo+ODg+OCr+S7mOODneODquiii+OAkHNtdGItbXPjgJE=[rn]
19-18378,aHR0cDovL3RzaG9wLnIxMHMuanAvdGFraXN5by9jYWJpbmV0LzAxMjExODY2LzAxMzM4ODYzL2ltZzY2NjA1MDQ0LmpwZz9maXRpbj03MDA6NzAw,OTMzMy42MDAw,,5pel55So5ZOB6ZuR6LKo44O75paH5oi/5YW344O75omL6Iq4ID4g5pel55So5ZOB44O755Sf5rS76ZuR6LKoID4g6KKLID4g44Gd44Gu5LuW,44Op44OD44OX44Kk44OzIFBDLTQg44OB44Oj44OD44Kv5LuY44GN44Od44Oq6KKLMeOCseODvOOCuTIwMOaemi/lhoXnrrE277yIMTIwMDDmnprvvInlhaXjgorjgIDjg4Hjg6Pjg4Pjgq/ku5jjg53jg6rooovjgJBzbXRiLW1z44CR,6YCB5paZ54Sh5paZ44OB44Oj44OD44Kv44Gn5a+G6ZaJ44CB44K144Kk44K644Gv5YWoMTLjgr/jgqTjg5c=,5rKW57iE44O76Zui5bO244G444Gu6YCB5paZ44Gv44GK6KaL56mN44KK44Gr44Gq44KK44G+44GZ44CCPGJyPgo8YnI+CuODgeODo+ODg+OCr+S4izEwMMOX6KKL5be+NzDDl+WOmuOBvzAuMDRtbeOAgOOAgOWFpeaVsDIwMOaemsOXNjDooos=,44Op44OD44OX44Kk44OzIFBDLTQg44OB44Oj44OD44Kv5LuY44GN44Od44Oq6KKLMeOCseODvOOCuTIwMOaemi/lhoXnrrE277yIMTIwMDDmnprvvInlhaXjgorjgIDjg4Hjg6Pjg4Pjgq/ku5jjg53jg6rooovjgJBzbXRiLW1z44CR77ya54Cn5ZWG5bqX,5bGL5aSW54Wn5piO6L6y5qWt55So5ZOB6L6y5qmf5YW36Jek5qOa44G244Gp44GG5qOa44OR44O844K044Op5ZyS6Iq455So5ZOB5a625bqt6I+c5ZyS44Of44K944OO5YyF5LiB5rip5a6k44OQ44O844OZ44Kt44Ol44O844Kz44Oz44Ot5rip5a6k44OP44Op44OD44Kv44K544K/44Kr44K344On44O844OU44Kr6Ziy6I2J44K344O844OI44K244OQ44O844Oz6Zmk6I2J5Ymk44Op44OD44OX44Kk44OzIFBDLTQg44OB44Oj44OD44Kv5LuY44GN44Od44Oq6KKLMeOCseODvOOCuTIwMOaemi/lhoXnrrE277yIMTIwMDDmnprvvInlhaXjgorjgIDjg4Hjg6Pjg4Pjgq/ku5jjg53jg6rooovjgJBzbXRiLW1z44CR,6YCB5paZ54Sh5paZ44OB44Oj44OD44Kv44Gn5a+G6ZaJ44CB44K144Kk44K644Gv5YWoMTLjgr/jgqTjg5fjgILjg6njg4Pjg5fjgqTjg7MgUEMtNCDjg4Hjg6Pjg4Pjgq/ku5jjgY3jg53jg6rooosx44Kx44O844K5MjAw5p6aL+WGheeusTbvvIgxMjAwMOaemu+8ieWFpeOCiuOAgOODgeODo+ODg+OCr+S7mOODneODquiii+OAkHNtdGItbXPjgJE=[rn]
19-18379,aHR0cDovL3RzaG9wLnIxMHMuanAvdGFraXN5by9jYWJpbmV0LzAxMjExODY2LzAxMzM4ODYzL2ltZzY2NjA1MDgxLmpwZz9maXRpbj03MDA6NzAw,ODM3MC40MDAw,,5pel55So5ZOB6ZuR6LKo44O75paH5oi/5YW344O75omL6Iq4ID4g5pel55So5ZOB44O755Sf5rS76ZuR6LKoID4g6KKLID4g44Gd44Gu5LuW,44Op44OD44OX44Kk44OzIFBELTQg44OB44Oj44OD44Kv5LuY44GN44Od44Oq6KKLMeOCseODvOOCuTIwMOaemi/lhoXnrrE077yIODAwMOaemu+8ieWFpeOCiuOAgOODgeODo+ODg+OCr+S7mOODneODquiii+OAkHNtdGItbXPjgJE=,6YCB5paZ54Sh5paZ44OB44Oj44OD44Kv44Gn5a+G6ZaJ44CB44K144Kk44K644Gv5YWoMTLjgr/jgqTjg5c=,5rKW57iE44O76Zui5bO244G444Gu6YCB5paZ44Gv44GK6KaL56mN44KK44Gr44Gq44KK44G+44GZ44CCPGJyPgo8YnI+CuODgeODo+ODg+OCr+S4izEyMMOX6KKL5be+ODXDl+WOmuOBvzAuMDRtbeOAgOOAgOWFpeaVsDIwMOaemsOXNDDooos=,44Op44OD44OX44Kk44OzIFBELTQg44OB44Oj44OD44Kv5LuY44GN44Od44Oq6KKLMeOCseODvOOCuTIwMOaemi/lhoXnrrE077yIODAwMOaemu+8ieWFpeOCiuOAgOODgeODo+ODg+OCr+S7mOODneODquiii+OAkHNtdGItbXPjgJHvvJrngKfllYblupc=,5bGL5aSW54Wn5piO6L6y5qWt55So5ZOB6L6y5qmf5YW36Jek5qOa44G244Gp44GG5qOa44OR44O844K044Op5ZyS6Iq455So5ZOB5a625bqt6I+c5ZyS44Of44K944OO5YyF5LiB5rip5a6k44OQ44O844OZ44Kt44Ol44O844Kz44Oz44Ot5rip5a6k44OP44Op44OD44Kv44K544K/44Kr44K344On44O844OU44Kr6Ziy6I2J44K344O844OI44K244OQ44O844Oz6Zmk6I2J5Ymk44Op44OD44OX44Kk44OzIFBELTQg44OB44Oj44OD44Kv5LuY44GN44Od44Oq6KKLMeOCseODvOOCuTIwMOaemi/lhoXnrrE077yIODAwMOaemu+8ieWFpeOCiuOAgOODgeODo+ODg+OCr+S7mOODneODquiii+OAkHNtdGItbXPjgJE=,6YCB5paZ54Sh5paZ44OB44Oj44OD44Kv44Gn5a+G6ZaJ44CB44K144Kk44K644Gv5YWoMTLjgr/jgqTjg5fjgILjg6njg4Pjg5fjgqTjg7MgUEQtNCDjg4Hjg6Pjg4Pjgq/ku5jjgY3jg53jg6rooosx44Kx44O844K5MjAw5p6aL+WGheeusTTvvIg4MDAw5p6a77yJ5YWl44KK44CA44OB44Oj44OD44Kv5LuY44Od44Oq6KKL44CQc210Yi1tc+OAkQ==[rn]
19-18380,aHR0cDovL3RzaG9wLnIxMHMuanAvdGFraXN5by9jYWJpbmV0LzAxMjExODY2LzAxMzM4ODYzL2ltZzY2NjAzNTM4LmpwZz9maXRpbj03MDA6NzAw,OTI1OS4yMDAw,,5pel55So5ZOB6ZuR6LKo44O75paH5oi/5YW344O75omL6Iq4ID4g5pel55So5ZOB44O755Sf5rS76ZuR6LKoID4g6KKLID4g44Gd44Gu5LuW,44Op44OD44OX44Kk44OzIFBFLTQg44OB44Oj44OD44Kv5LuY44GN44Od44Oq6KKLMeOCseODvOOCuTIwMOaemi/lhoXnrrE077yIODAwMOaemu+8ieWFpeOCiuOAgOODgeODo+ODg+OCr+S7mOODneODquiii+OAkHNtdGItbXPjgJE=,6YCB5paZ54Sh5paZ44OB44Oj44OD44Kv44Gn5a+G6ZaJ44CB44K144Kk44K644Gv5YWoMTLjgr/jgqTjg5c=,5rKW57iE44O76Zui5bO244G444Gu6YCB5paZ44Gv44GK6KaL56mN44KK44Gr44Gq44KK44G+44GZ44CCPGJyPgo8YnI+CuODgeODo+ODg+OCr+S4izE0MMOX6KKL5be+MTAww5fljprjgb8wLjA0bW3jgIDjgIDlhaXmlbAyMDDmnprDlzQw6KKL,44Op44OD44OX44Kk44OzIFBFLTQg44OB44Oj44OD44Kv5LuY44GN44Od44Oq6KKLMeOCseODvOOCuTIwMOaemi/lhoXnrrE077yIODAwMOaemu+8ieWFpeOCiuOAgOODgeODo+ODg+OCr+S7mOODneODquiii+OAkHNtdGItbXPjgJHvvJrngKfllYblupc=,5bGL5aSW54Wn5piO6L6y5qWt55So5ZOB6L6y5qmf5YW36Jek5qOa44G244Gp44GG5qOa44OR44O844K044Op5ZyS6Iq455So5ZOB5a625bqt6I+c5ZyS44Of44K944OO5YyF5LiB5rip5a6k44OQ44O844OZ44Kt44Ol44O844Kz44Oz44Ot5rip5a6k44OP44Op44OD44Kv44K544K/44Kr44K344On44O844OU44Kr6Ziy6I2J44K344O844OI44K244OQ44O844Oz6Zmk6I2J5Ymk44Op44OD44OX44Kk44OzIFBFLTQg44OB44Oj44OD44Kv5LuY44GN44Od44Oq6KKLMeOCseODvOOCuTIwMOaemi/lhoXnrrE077yIODAwMOaemu+8ieWFpeOCiuOAgOODgeODo+ODg+OCr+S7mOODneODquiii+OAkHNtdGItbXPjgJE=,6YCB5paZ54Sh5paZ44OB44Oj44OD44Kv44Gn5a+G6ZaJ44CB44K144Kk44K644Gv5YWoMTLjgr/jgqTjg5fjgILjg6njg4Pjg5fjgqTjg7MgUEUtNCDjg4Hjg6Pjg4Pjgq/ku5jjgY3jg53jg6rooosx44Kx44O844K5MjAw5p6aL+WGheeusTTvvIg4MDAw5p6a77yJ5YWl44KK44CA44OB44Oj44OD44Kv5LuY44Od44Oq6KKL44CQc210Yi1tc+OAkQ==[rn]
19-18381,aHR0cDovL3RzaG9wLnIxMHMuanAvdGFraXN5by9jYWJpbmV0LzAxMjExODY2LzAxMzM4ODYzL2ltZzY2NjA0OTk0LmpwZz9maXRpbj03MDA6NzAw,MTAxNDguMDAwMA==,,5pel55So5ZOB6ZuR6LKo44O75paH5oi/5YW344O75omL6Iq4ID4g5pel55So5ZOB44O755Sf5rS76ZuR6LKoID4g6KKLID4g44Gd44Gu5LuW,44Op44OD44OX44Kk44OzIFBGLTQg44OB44Oj44OD44Kv5LuY44GN44Od44Oq6KKLMeOCseODvOOCuTEwMOaemi/lhoXnrrE277yINjAwMOaemu+8ieWFpeOCiuOAgOODgeODo+ODg+OCr+S7mOODneODquiii+OAkHNtdGItbXPjgJE=,6YCB5paZ54Sh5paZ44OB44Oj44OD44Kv44Gn5a+G6ZaJ44CB44K144Kk44K644Gv5YWoMTLjgr/jgqTjg5c=,5rKW57iE44O76Zui5bO244G444Gu6YCB5paZ44Gv44GK6KaL56mN44KK44Gr44Gq44KK44G+44GZ44CCPGJyPgo8YnI+CuODgeODo+ODg+OCr+S4izE3MMOX6KKL5be+MTIww5fljprjgb8wLjA0bW3jgIDjgIDlhaXmlbAxMDDmnprDlzYw6KKL,44Op44OD44OX44Kk44OzIFBGLTQg44OB44Oj44OD44Kv5LuY44GN44Od44Oq6KKLMeOCseODvOOCuTEwMOaemi/lhoXnrrE277yINjAwMOaemu+8ieWFpeOCiuOAgOODgeODo+ODg+OCr+S7mOODneODquiii+OAkHNtdGItbXPjgJHvvJrngKfllYblupc=,5bGL5aSW54Wn5piO6L6y5qWt55So5ZOB6L6y5qmf5YW36Jek5qOa44G244Gp44GG5qOa44OR44O844K044Op5ZyS6Iq455So5ZOB5a625bqt6I+c5ZyS44Of44K944OO5YyF5LiB5rip5a6k44OQ44O844OZ44Kt44Ol44O844Kz44Oz44Ot5rip5a6k44OP44Op44OD44Kv44K544K/44Kr44K344On44O844OU44Kr6Ziy6I2J44K344O844OI44K244OQ44O844Oz6Zmk6I2J5Ymk44Op44OD44OX44Kk44OzIFBGLTQg44OB44Oj44OD44Kv5LuY44GN44Od44Oq6KKLMeOCseODvOOCuTEwMOaemi/lhoXnrrE277yINjAwMOaemu+8ieWFpeOCiuOAgOODgeODo+ODg+OCr+S7mOODneODquiii+OAkHNtdGItbXPjgJE=,6YCB5paZ54Sh5paZ44OB44Oj44OD44Kv44Gn5a+G6ZaJ44CB44K144Kk44K644Gv5YWoMTLjgr/jgqTjg5fjgILjg6njg4Pjg5fjgqTjg7MgUEYtNCDjg4Hjg6Pjg4Pjgq/ku5jjgY3jg53jg6rooosx44Kx44O844K5MTAw5p6aL+WGheeusTbvvIg2MDAw5p6a77yJ5YWl44KK44CA44OB44Oj44OD44Kv5LuY44Od44Oq6KKL44CQc210Yi1tc+OAkQ==[rn]
19-18382,aHR0cDovL3RzaG9wLnIxMHMuanAvdGFraXN5by9jYWJpbmV0LzAxMjExODY2LzAxMzM4ODYzL2ltZzY2NjA1MDQ0LmpwZz9maXRpbj03MDA6NzAw,ODE0OC4wMDAw,,5pel55So5ZOB6ZuR6LKo44O75paH5oi/5YW344O75omL6Iq4ID4g5pel55So5ZOB44O755Sf5rS76ZuR6LKoID4g6KKLID4g44Gd44Gu5LuW,44Op44OD44OX44Kk44OzIFBHLTQg44OB44Oj44OD44Kv5LuY44GN44Od44Oq6KKLMeOCseODvOOCuTEwMOaemi/lhoXnrrE077yINDAwMOaemu+8ieWFpeOCiuOAgOODgeODo+ODg+OCr+S7mOODneODquiii+OAkHNtdGItbXPjgJE=,6YCB5paZ54Sh5paZ44OB44Oj44OD44Kv44Gn5a+G6ZaJ44CB44K144Kk44K644Gv5YWoMTLjgr/jgqTjg5c=,5rKW57iE44O76Zui5bO244G444Gu6YCB5paZ44Gv44GK6KaL56mN44KK44Gr44Gq44KK44G+44GZ44CCPGJyPgo8YnI+CuODgeODo+ODg+OCr+S4izIwMMOX6KKL5be+MTQww5fljprjgb8wLjA0bW3jgIDjgIDlhaXmlbAxMDDmnprDlzQw6KKL,44Op44OD44OX44Kk44OzIFBHLTQg44OB44Oj44OD44Kv5LuY44GN44Od44Oq6KKLMeOCseODvOOCuTEwMOaemi/lhoXnrrE077yINDAwMOaemu+8ieWFpeOCiuOAgOODgeODo+ODg+OCr+S7mOODneODquiii+OAkHNtdGItbXPjgJHvvJrngKfllYblupc=,5bGL5aSW54Wn5piO6L6y5qWt55So5ZOB6L6y5qmf5YW36Jek5qOa44G244Gp44GG5qOa44OR44O844K044Op5ZyS6Iq455So5ZOB5a625bqt6I+c5ZyS44Of44K944OO5YyF5LiB5rip5a6k44OQ44O844OZ44Kt44Ol44O844Kz44Oz44Ot5rip5a6k44OP44Op44OD44Kv44K544K/44Kr44K344On44O844OU44Kr6Ziy6I2J44K344O844OI44K244OQ44O844Oz6Zmk6I2J5Ymk44Op44OD44OX44Kk44OzIFBHLTQg44OB44Oj44OD44Kv5LuY44GN44Od44Oq6KKLMeOCseODvOOCuTEwMOaemi/lhoXnrrE077yINDAwMOaemu+8ieWFpeOCiuOAgOODgeODo+ODg+OCr+S7mOODneODquiii+OAkHNtdGItbXPjgJE=,6YCB5paZ54Sh5paZ44OB44Oj44OD44Kv44Gn5a+G6ZaJ44CB44K144Kk44K644Gv5YWoMTLjgr/jgqTjg5fjgILjg6njg4Pjg5fjgqTjg7MgUEctNCDjg4Hjg6Pjg4Pjgq/ku5jjgY3jg53jg6rooosx44Kx44O844K5MTAw5p6aL+WGheeusTTvvIg0MDAw5p6a77yJ5YWl44KK44CA44OB44Oj44OD44Kv5LuY44Od44Oq6KKL44CQc210Yi1tc+OAkQ==[rn]
19-18383,aHR0cDovL3RzaG9wLnIxMHMuanAvbW9yb2Z1amkvY2FiaW5ldC9zaG9oaW4va2lzZWloaW4vMDUyNjcyMjIvaW1ncmMwMDY2MzY0NTc0LmpwZz9maXRpbj03MDA6NzAw,MTkxMDQuMDAwMA==,,5pel55So5ZOB6ZuR6LKo44O75paH5oi/5YW344O75omL6Iq4ID4g5pel55So5ZOB44O755Sf5rS76ZuR6LKoID4g6KKLID4g44Gd44Gu5LuW,44CQ44OB44Oj44OD44Kv5LuY6KKL44CR44Ki44Or44Of44K544K/44Oz44OJ44OR44OD44KvKEFMLTEyKSAxMjDDlygzMisxODApbW0=,44Ki44Or44Of44K/44Kk44OX44Gu44OB44Oj44OD44Kv5LuY44Op44Of44ON44O844OI44K544K/44Oz44OJ44OR44OD44Kv44Gn44GZIQ==,PHRhYmxlIHdpZHRoPSI0MzMiIGJnY29sb3I9IiMwMDY2RkYiIGNlbGxzcGFjaW5nPSIyIiBjZWxscGFkZGluZz0iMTYiPgo8dHI+Cjx0ZCBiZ2NvbG9yPSIjRkZGRkZGIj4KPGZvbnQgY29sb3I9IiNGRjAwMDAiPjxiPuiyqeWjsuWNmOS9jTrjgIAx44Kx44O844K5KDEsMjAw5p6aKeWNmOS9jTwvYj7jgafos7zlhaXlj68o4oC75Luj5byV44GN5LiN5Y+v44O744Oh44O844Kr44O855u06YCB5ZWG5ZOB77yJPC9mb250Pjxmb250IGNvbG9yPSIjRkYwMDAwIj48Yj48YnIgLz4KPC9mb250PjwvYj48YnIgLz4KPC90ZD48L3RyPjwvdGFibGU+PGJyPgoKPHRhYmxlIHdpZHRoPSI0MzMiIGJnY29sb3I9IiNjY2NjY2MiIGNlbGxzcGFjaW5nPSIxIiBjZWxscGFkZGluZz0iMyI+PHRyPjx0aCBjb2xzcGFuPSIyIiBhbGlnbj0iY2VudGVyIiBiZ2NvbG9yPSIjZjBmMGYwIj48Yj4KPGZvbnQgY29sb3I9IiMwMDAwMDAiPuWVhuWTgeiqrOaYjjwvZm9udD48L2I+PC90aD48L3RyPjx0cj48dGggd2lkdGg9Ijg0IiBhbGlnbj0iY2VudGVyIiBiZ2NvbG9yPSIjZjBmMGYwIj48Zm9udCBzaXplPSIyIiAKY29sb3I9IiMwMDAwMDAiPuOCs+ODoeODs+ODiDxiciAvPjwvZm9udD48L3RoPjx0ZCB3aWR0aD0iMzM0IiBiZ2NvbG9yPSIjZmZmZmZmIj48Zm9udCBzaXplPSIyIiBjb2xvcj0iIzAwMDAwMCI+CuOCouODq+ODn+OCv+OCpOODl+OBruODgeODo+ODg+OCr+S7mOODqeODn+ODjeODvOODiOOCueOCv+ODs+ODieODkeODg+OCr+OBp+OBmeOAgjxicj4K44Ks44K544OQ44Oq44Ki5oCn44CB6Ziy5rm/5oCn44CB6YGu5YWJ5oCn44Gr5YSq44KM44CB5Lm+54el6L6y5rC055Sj5Yqg5bel5ZOB44CB5YGl5bq36aOf5ZOB44CB5Yy76Jas5ZOB44CB5pel55So6ZuR6LKo5ZOB44Gq44Gp44Gr44GU5Yip55So6aCC44GR44G+44GZ44CCPGJyPgrovrLnlKPliqDlt6Xlk4HvvIjjgbXjgorjgYvjgZHjgIHog6HpurvjgIHkub7nh6XjgZfjgYTjgZ/jgZHjgIHjg4njg6njgqTjg5Xjg6vjg7zjg4TjgIHjgYrojLbvvInjgoToj5PlrZDpoZ7vvIjpo7TjgIHjgrDjg5/jgIHjg4Hjg6fjgrPjg6zjg7zjg4jvvInjgIHnsonmnKvoqr/lkbPmlpnjgIHolqzvvZ7lgaXlurfpo5/lk4HjgIHjg5rjg4Pjg4jjg5Xjg7zjg4njgarjganjgavjgojjgY/kvb/nlKjjgZXjgozjgabjgYrjgorjgb7jgZnjgII8L2ZvbnQ+PC90ZD48L3RyPjx0cj48dGggd2lkdGg9Ijg0IiAKYWxpZ249ImNlbnRlciIgYmdjb2xvcj0iI2YwZjBmMCI+PGZvbnQgc2l6ZT0iMiIgY29sb3I9IiMwMDAwMDAiPuOCteOCpOOCujwvZm9udD48L3RoPjx0ZCB3aWR0aD0iMzM0IiBiZ2NvbG9yPSIjZmZmZmZmIj48Zm9udCAKc2l6ZT0iMiIgY29sb3I9IiMwMDAwMDAiPuW3vjEyMMOXKOODgeODo+ODg+OCr+S4ijMy77yL44OB44Oj44OD44Kv5LiLMTgwKShtbSkK4oC744Ks44K844OD44OIMzVtbeOBp+OBmeOAgjwvZm9udD48L3RkPjwvdHI+PHRyPjx0aCB3aWR0aD0iODQiIAphbGlnbj0iY2VudGVyIiBiZ2NvbG9yPSIjZjBmMGYwIj48Zm9udCBzaXplPSIyIiBjb2xvcj0iIzAwMDAwMCI+6ImyPC9mb250PjwvdGg+PHRkIHdpZHRoPSIzMzQiIGJnY29sb3I9IiNmZmZmZmYiPjxmb250IHNpemU9IjIiIApjb2xvcj0iIzAwMDAwMCI+44Ki44Or44Of44K/44Kk44OXPC9mb250PjwvdGQ+PC90cj48dHI+PHRoIHdpZHRoPSI4NCIgYWxpZ249ImNlbnRlciIgYmdjb2xvcj0iI2YwZjBmMCI+PGZvbnQgc2l6ZT0iMiIgY29sb3I9IiMwMDAwMDAiPuadkOizqgo8L2ZvbnQ+PC90aD48dGQgd2lkdGg9IjMzNCIgYmdjb2xvcj0iI2ZmZmZmZiI+PGZvbnQgc2l6ZT0iMiIgY29sb3I9IiMwMDAwMDAiPlBFVDEyL1BFMTUvQUw3L1BFMjAvUEU2MDxiciAvPgo8L2ZvbnQ+PC90ZD48L3RyPjx0cj48dGggd2lkdGg9Ijg0IiBhbGlnbj0iY2VudGVyIiBiZ2NvbG9yPSIjZjBmMGYwIj48Zm9udCBzaXplPSIyIiBjb2xvcj0iIzAwMDAwMCI+6LKp5aOy5Y2Y5L2NPC9mb250PjwvdGg+PHRkIAp3aWR0aD0iMzM0IiBiZ2NvbG9yPSIjZmZmZmZmIj48Zm9udCBzaXplPSIyIiBjb2xvcj0iIzAwMDAwMCI+MeOCseODvOOCuSgxLDIwMOaeminljZjkvY3jgafos7zlhaXlj6/og73vvIjigLvku6PlvJXjgY3kuI3lj6/jg7vjg6Hjg7zjgqvjg7znm7TpgIHllYblk4HvvIk8YnIgLz48YnIgLz4K4oC744Kr44O844OI44Gr5YWl44KM44KL6Zqb44CB44CM5YCL5pWw44CNMT0xLDIwMOaemuOBqOOBquOCiuOBvuOBmeOBruOBp+OBlOazqOaEj+OBj+OBoOOBleOBhOOAgjwvZm9udD48L3RkPjwvdHI+PHRyPjx0aCB3aWR0aD0iODQiIAphbGlnbj0iY2VudGVyIiBiZ2NvbG9yPSIjZjBmMGYwIj48Zm9udCBzaXplPSIyIiBjb2xvcj0iIzAwMDAwMCI+5qKx5YyF5b2i5oWLPC9mb250PjwvdGg+PHRkIHdpZHRoPSIzMzQiIGJnY29sb3I9IiNmZmZmZmYiPjxmb250IApzaXplPSIyIiBjb2xvcj0iIzAwMDAwMCI+MeOCseODvOOCuTEsMjAw5p6a5YWl44KKPC9mb250PjwvdGQ+PC90cj4KPC90YWJsZT4=,44CQ44OB44Oj44OD44Kv5LuY6KKL44CR44Ki44Or44Of44K544K/44Oz44OJ44OR44OD44KvKEFMLTEyKSAxMjAmdGltZXM7KDMyKzE4MCltbe+8muiii+OBrue3j+WQiOeZvuiyqOW6l+OAgOOCpOODgeOCq+ODqQ==,44Od44Oq6KKL44K044Of6KKL44OB44Oj44OD44Kv5LuY44Os44K46KKL5bCP5Yik5oqc44GN6KKL44Oc44O844OJ44Oz6KKL5L+d5Ya36KKL6IKl5paZ6KKL44Oi44Ot44OV44K444Kk44OB44Kr44Op6KeS5bqV6KKL44Om44OL44OR44OD44Kv57SZ6KKLT1BQ6KKL44OI44Os44O86Ziy5puH6KKL44OP44OD44OU44O844K/44OD44Kv44OT44OL44O844Or6KKL5LiN57mU5biD44OQ44OD44Kw44K344O844Or44CQ44OB44Oj44OD44Kv5LuY6KKL44CR44Ki44Or44Of44K544K/44Oz44OJ44OR44OD44KvKEFMLTEyKSAxMjAmdGltZXM7KDMyKzE4MCltbQ==,44Ki44Or44Of44K/44Kk44OX44Gu44OB44Oj44OD44Kv5LuY44Op44Of44ON44O844OI44K544K/44Oz44OJ44OR44OD44Kv44Gn44GZIeOAguOAkOODgeODo+ODg+OCr+S7mOiii+OAkeOCouODq+ODn+OCueOCv+ODs+ODieODkeODg+OCryhBTC0xMikgMTIwJnRpbWVzOygzMisxODApbW0=[rn]
19-18384,aHR0cDovL3RzaG9wLnIxMHMuanAvbW9yb2Z1amkvY2FiaW5ldC9zaG9oaW4va2lzZWloaW4vMDUyNjcyMjIvaW1ncmMwMDY2MzY0NTc4LmpwZz9maXRpbj03MDA6NzAw,MjA1NDQuMDAwMA==,,5pel55So5ZOB6ZuR6LKo44O75paH5oi/5YW344O75omL6Iq4ID4g5pel55So5ZOB44O755Sf5rS76ZuR6LKoID4g6KKLID4g44Gd44Gu5LuW,44CQ44OB44Oj44OD44Kv5LuY6KKL44CR44Ki44Or44Of44K544K/44Oz44OJ44OR44OD44KvKEFMLTE2KSAxNjDDlygzMisyMzApbW0=,44Ki44Or44Of44K/44Kk44OX44Gu44OB44Oj44OD44Kv5LuY44Op44Of44ON44O844OI44K544K/44Oz44OJ44OR44OD44Kv44Gn44GZIQ==,PHRhYmxlIHdpZHRoPSI0MzMiIGJnY29sb3I9IiMwMDY2RkYiIGNlbGxzcGFjaW5nPSIyIiBjZWxscGFkZGluZz0iMTYiPgo8dHI+Cjx0ZCBiZ2NvbG9yPSIjRkZGRkZGIj4KPGZvbnQgY29sb3I9IiNGRjAwMDAiPjxiPuiyqeWjsuWNmOS9jTrjgIAx44Kx44O844K5KDgwMOaeminljZjkvY08L2I+44Gn6LO85YWl5Y+vKOKAu+S7o+W8leOBjeS4jeWPr+ODu+ODoeODvOOCq+ODvOebtOmAgeWVhuWTge+8iTwvZm9udD48Zm9udCBjb2xvcj0iI0ZGMDAwMCI+PGI+PGJyIC8+CjwvZm9udD48L2I+PGJyIC8+CjwvdGQ+PC90cj48L3RhYmxlPjxicj4KCjx0YWJsZSB3aWR0aD0iNDMzIiBiZ2NvbG9yPSIjY2NjY2NjIiBjZWxsc3BhY2luZz0iMSIgY2VsbHBhZGRpbmc9IjMiPjx0cj48dGggY29sc3Bhbj0iMiIgYWxpZ249ImNlbnRlciIgYmdjb2xvcj0iI2YwZjBmMCI+PGI+Cjxmb250IGNvbG9yPSIjMDAwMDAwIj7llYblk4HoqqzmmI48L2ZvbnQ+PC9iPjwvdGg+PC90cj48dHI+PHRoIHdpZHRoPSI4NCIgYWxpZ249ImNlbnRlciIgYmdjb2xvcj0iI2YwZjBmMCI+PGZvbnQgc2l6ZT0iMiIgCmNvbG9yPSIjMDAwMDAwIj7jgrPjg6Hjg7Pjg4g8YnIgLz48L2ZvbnQ+PC90aD48dGQgd2lkdGg9IjMzNCIgYmdjb2xvcj0iI2ZmZmZmZiI+PGZvbnQgc2l6ZT0iMiIgY29sb3I9IiMwMDAwMDAiPgrjgqLjg6vjg5/jgr/jgqTjg5fjga7jg4Hjg6Pjg4Pjgq/ku5jjg6njg5/jg43jg7zjg4jjgrnjgr/jg7Pjg4njg5Hjg4Pjgq/jgafjgZnjgII8YnI+CuOCrOOCueODkOODquOCouaAp+OAgemYsua5v+aAp+OAgemBruWFieaAp+OBq+WEquOCjOOAgeS5vueHpei+suawtOeUo+WKoOW3peWTgeOAgeWBpeW6t+mjn+WTgeOAgeWMu+iWrOWTgeOAgeaXpeeUqOmbkeiyqOWTgeOBquOBqeOBq+OBlOWIqeeUqOmgguOBkeOBvuOBmeOAgjxicj4K6L6y55Sj5Yqg5bel5ZOB77yI44G144KK44GL44GR44CB6IOh6bq744CB5Lm+54el44GX44GE44Gf44GR44CB44OJ44Op44Kk44OV44Or44O844OE44CB44GK6Iy277yJ44KE6I+T5a2Q6aGe77yI6aO044CB44Kw44Of44CB44OB44On44Kz44Os44O844OI77yJ44CB57KJ5pyr6Kq/5ZGz5paZ44CB6Jas772e5YGl5bq36aOf5ZOB44CB44Oa44OD44OI44OV44O844OJ44Gq44Gp44Gr44KI44GP5L2/55So44GV44KM44Gm44GK44KK44G+44GZ44CCPC9mb250PjwvdGQ+PC90cj48dHI+PHRoIHdpZHRoPSI4NCIgCmFsaWduPSJjZW50ZXIiIGJnY29sb3I9IiNmMGYwZjAiPjxmb250IHNpemU9IjIiIGNvbG9yPSIjMDAwMDAwIj7jgrXjgqTjgro8L2ZvbnQ+PC90aD48dGQgd2lkdGg9IjMzNCIgYmdjb2xvcj0iI2ZmZmZmZiI+PGZvbnQgCnNpemU9IjIiIGNvbG9yPSIjMDAwMDAwIj7lt74xNjDDlyjjg4Hjg6Pjg4Pjgq/kuIozMu+8i+ODgeODo+ODg+OCr+S4izIzMCkobW0pCuKAu+OCrOOCvOODg+ODiDQ3bW3jgafjgZnjgII8L2ZvbnQ+PC90ZD48L3RyPjx0cj48dGggd2lkdGg9Ijg0IiAKYWxpZ249ImNlbnRlciIgYmdjb2xvcj0iI2YwZjBmMCI+PGZvbnQgc2l6ZT0iMiIgY29sb3I9IiMwMDAwMDAiPuiJsjwvZm9udD48L3RoPjx0ZCB3aWR0aD0iMzM0IiBiZ2NvbG9yPSIjZmZmZmZmIj48Zm9udCBzaXplPSIyIiAKY29sb3I9IiMwMDAwMDAiPuOCouODq+ODn+OCv+OCpOODlzwvZm9udD48L3RkPjwvdHI+PHRyPjx0aCB3aWR0aD0iODQiIGFsaWduPSJjZW50ZXIiIGJnY29sb3I9IiNmMGYwZjAiPjxmb250IHNpemU9IjIiIGNvbG9yPSIjMDAwMDAwIj7mnZDos6oKPC9mb250PjwvdGg+PHRkIHdpZHRoPSIzMzQiIGJnY29sb3I9IiNmZmZmZmYiPjxmb250IHNpemU9IjIiIGNvbG9yPSIjMDAwMDAwIj5QRVQxMi9QRTE1L0FMNy9QRTIwL1BFNjA8YnIgLz4KPC9mb250PjwvdGQ+PC90cj48dHI+PHRoIHdpZHRoPSI4NCIgYWxpZ249ImNlbnRlciIgYmdjb2xvcj0iI2YwZjBmMCI+PGZvbnQgc2l6ZT0iMiIgY29sb3I9IiMwMDAwMDAiPuiyqeWjsuWNmOS9jTwvZm9udD48L3RoPjx0ZCAKd2lkdGg9IjMzNCIgYmdjb2xvcj0iI2ZmZmZmZiI+PGZvbnQgc2l6ZT0iMiIgY29sb3I9IiMwMDAwMDAiPjHjgrHjg7zjgrkoODAw5p6aKeWNmOS9jeOBp+izvOWFpeWPr+iDve+8iOKAu+S7o+W8leOBjeS4jeWPr+ODu+ODoeODvOOCq+ODvOebtOmAgeWVhuWTge+8iTxiciAvPjxiciAvPgrigLvjgqvjg7zjg4jjgavlhaXjgozjgovpmpvjgIHjgIzlgIvmlbDjgI0xPTgwMOaemuOBqOOBquOCiuOBvuOBmeOBruOBp+OBlOazqOaEj+OBj+OBoOOBleOBhOOAgjwvZm9udD48L3RkPjwvdHI+PHRyPjx0aCB3aWR0aD0iODQiIAphbGlnbj0iY2VudGVyIiBiZ2NvbG9yPSIjZjBmMGYwIj48Zm9udCBzaXplPSIyIiBjb2xvcj0iIzAwMDAwMCI+5qKx5YyF5b2i5oWLPC9mb250PjwvdGg+PHRkIHdpZHRoPSIzMzQiIGJnY29sb3I9IiNmZmZmZmYiPjxmb250IApzaXplPSIyIiBjb2xvcj0iIzAwMDAwMCI+MeOCseODvOOCuTgwMOaemuWFpeOCijwvZm9udD48L3RkPjwvdHI+CjwvdGFibGU+,44CQ44OB44Oj44OD44Kv5LuY6KKL44CR44Ki44Or44Of44K544K/44Oz44OJ44OR44OD44KvKEFMLTE2KSAxNjAmdGltZXM7KDMyKzIzMCltbe+8muiii+OBrue3j+WQiOeZvuiyqOW6l+OAgOOCpOODgeOCq+ODqQ==,44Od44Oq6KKL44K044Of6KKL44OB44Oj44OD44Kv5LuY44Os44K46KKL5bCP5Yik5oqc44GN6KKL44Oc44O844OJ44Oz6KKL5L+d5Ya36KKL6IKl5paZ6KKL44Oi44Ot44OV44K444Kk44OB44Kr44Op6KeS5bqV6KKL44Om44OL44OR44OD44Kv57SZ6KKLT1BQ6KKL44OI44Os44O86Ziy5puH6KKL44OP44OD44OU44O844K/44OD44Kv44OT44OL44O844Or6KKL5LiN57mU5biD44OQ44OD44Kw44K344O844Or44CQ44OB44Oj44OD44Kv5LuY6KKL44CR44Ki44Or44Of44K544K/44Oz44OJ44OR44OD44KvKEFMLTE2KSAxNjAmdGltZXM7KDMyKzIzMCltbQ==,44Ki44Or44Of44K/44Kk44OX44Gu44OB44Oj44OD44Kv5LuY44Op44Of44ON44O844OI44K544K/44Oz44OJ44OR44OD44Kv44Gn44GZIeOAguOAkOODgeODo+ODg+OCr+S7mOiii+OAkeOCouODq+ODn+OCueOCv+ODs+ODieODkeODg+OCryhBTC0xNikgMTYwJnRpbWVzOygzMisyMzApbW0=[rn]
19-18385,aHR0cDovL3RzaG9wLnIxMHMuanAvbW9yb2Z1amkvY2FiaW5ldC9zaG9oaW4va2lzZWloaW4vMDUyNjcyMjIvaW1ncmMwMDY2MzY1NjYyLmpwZz9maXRpbj03MDA6NzAw,NDE2LjAwMDA=,,5pel55So5ZOB6ZuR6LKo44O75paH5oi/5YW344O75omL6Iq4ID4g5pel55So5ZOB44O755Sf5rS76ZuR6LKoID4g6KKLID4g44Gd44Gu5LuW,44CQ44OB44Oj44OD44Kv5LuY6KKL44CR44OP44Kk44OQ44Oq44Ki44K544K/44Oz44OJ44OR44OD44KvKExHIEJQLTkpIDkww5coMzArMTE1KW1t,5rC06JK45rCX44Go6YW457Sg44G444Gu44OQ44Oq44Ki44KS6auY44KB44Gf44OV44Kj44Or44Og44Gu6YCP5piO44K544K/44Oz44OJ44OR44OD44KvIQ==,PHRhYmxlIHdpZHRoPSI0MzMiIGJnY29sb3I9IiMwMDY2RkYiIGNlbGxzcGFjaW5nPSIyIiBjZWxscGFkZGluZz0iMTYiPgo8dHI+Cjx0ZCBiZ2NvbG9yPSIjRkZGRkZGIj4KPGZvbnQgY29sb3I9IiNGRjAwMDAiPjxiPuiyqeWjsuWNmOS9jTrjgIAx5p2fKDUw5p6aKeWNmOS9jTwvYj7jgafos7zlhaXlj688L2ZvbnQ+PGZvbnQgY29sb3I9IiNGRjAwMDAiPjxiPjxiciAvPgo8L2ZvbnQ+PC9iPjxiciAvPgo8L3RkPjwvdHI+PC90YWJsZT48YnI+Cgo8dGFibGUgd2lkdGg9IjQzMyIgYmdjb2xvcj0iI2NjY2NjYyIgY2VsbHNwYWNpbmc9IjEiIGNlbGxwYWRkaW5nPSIzIj48dHI+PHRoIGNvbHNwYW49IjIiIGFsaWduPSJjZW50ZXIiIGJnY29sb3I9IiNmMGYwZjAiPjxiPgo8Zm9udCBjb2xvcj0iIzAwMDAwMCI+5ZWG5ZOB6Kqs5piOPC9mb250PjwvYj48L3RoPjwvdHI+PHRyPjx0aCB3aWR0aD0iODQiIGFsaWduPSJjZW50ZXIiIGJnY29sb3I9IiNmMGYwZjAiPjxmb250IHNpemU9IjIiIApjb2xvcj0iIzAwMDAwMCI+44Kz44Oh44Oz44OIPGJyIC8+PC9mb250PjwvdGg+PHRkIHdpZHRoPSIzMzQiIGJnY29sb3I9IiNmZmZmZmYiPjxmb250IHNpemU9IjIiIGNvbG9yPSIjMDAwMDAwIj4K44K544K/44Oz44OJ44K/44Kk44OX77yPNOinklLjgqvjg4Pjg4jvvI/jg4Hjg6Pjg4Pjgq/kuIo05pys44Oq44OW5Yqg5bel77yP772M44OO44OD44OB44Gu6YCP5piO44K544K/44Oz44OJ44OR44OD44Kv44Gn44GZ44CCPGJyPgrmsLTnlKPliqDlt6Xlk4HjgIHovrLnlKPliqDlt6Xlk4HjgIHlgaXlurfpo5/lk4HjgIHjgYrojLbjg7vjgrPjg7zjg5Ljg7zjg7vntIXojLbjgarjganjga7ll5zlpb3lk4HjgavluYXluoPjgY/jgZTliKnnlKjjgYTjgZ/jgaDjgZHjgb7jgZnjgII8YnI+CjwvZm9udD48L3RkPjwvdHI+PHRyPjx0aCB3aWR0aD0iODQiIAphbGlnbj0iY2VudGVyIiBiZ2NvbG9yPSIjZjBmMGYwIj48Zm9udCBzaXplPSIyIiBjb2xvcj0iIzAwMDAwMCI+44K144Kk44K6PC9mb250PjwvdGg+PHRkIHdpZHRoPSIzMzQiIGJnY29sb3I9IiNmZmZmZmYiPjxmb250IApzaXplPSIyIiBjb2xvcj0iIzAwMDAwMCI+5be+OTDDlyjjg4Hjg6Pjg4Pjgq/kuIozMO+8i+ODgeODo+ODg+OCr+S4izExNSkobW0pCuKAu+OCrOOCvOODg+ODiDI4bW3jgafjgZnjgII8L2ZvbnQ+PC90ZD48L3RyPjx0cj48dGggd2lkdGg9Ijg0IiAKYWxpZ249ImNlbnRlciIgYmdjb2xvcj0iI2YwZjBmMCI+PGZvbnQgc2l6ZT0iMiIgY29sb3I9IiMwMDAwMDAiPuiJsjwvZm9udD48L3RoPjx0ZCB3aWR0aD0iMzM0IiBiZ2NvbG9yPSIjZmZmZmZmIj48Zm9udCBzaXplPSIyIiAKY29sb3I9IiMwMDAwMDAiPumAj+aYjjwvZm9udD48L3RkPjwvdHI+PHRyPjx0aCB3aWR0aD0iODQiIGFsaWduPSJjZW50ZXIiIGJnY29sb3I9IiNmMGYwZjAiPjxmb250IHNpemU9IjIiIGNvbG9yPSIjMDAwMDAwIj7mnZDos6oKPC9mb250PjwvdGg+PHRkIHdpZHRoPSIzMzQiIGJnY29sb3I9IiNmZmZmZmYiPjxmb250IHNpemU9IjIiIGNvbG9yPSIjMDAwMDAwIj7pnZnpmLLjg5Djg6rjgqJQRVQxMi/jgrvjg5/jg6zjg4hDUDYwPGJyIC8+CjwvZm9udD48L3RkPjwvdHI+PHRyPjx0aCB3aWR0aD0iODQiIGFsaWduPSJjZW50ZXIiIGJnY29sb3I9IiNmMGYwZjAiPjxmb250IHNpemU9IjIiIGNvbG9yPSIjMDAwMDAwIj7osqnlo7LljZjkvY08L2ZvbnQ+PC90aD48dGQgCndpZHRoPSIzMzQiIGJnY29sb3I9IiNmZmZmZmYiPjxmb250IHNpemU9IjIiIGNvbG9yPSIjMDAwMDAwIj4x5p2fKDUw5p6aKeWNmOS9jeOBp+izvOWFpeWPr+iDvTxiciAvPjxiciAvPgrigLvjgqvjg7zjg4jjgavlhaXjgozjgovpmpvjgIHjgIzlgIvmlbDjgI0xPTUw5p6a44Go44Gq44KK44G+44GZ44Gu44Gn44GU5rOo5oSP44GP44Gg44GV44GE44CCPC9mb250PjwvdGQ+PC90cj48dHI+PHRoIHdpZHRoPSI4NCIgCmFsaWduPSJjZW50ZXIiIGJnY29sb3I9IiNmMGYwZjAiPjxmb250IHNpemU9IjIiIGNvbG9yPSIjMDAwMDAwIj7morHljIXlvaLmhYs8L2ZvbnQ+PC90aD48dGQgd2lkdGg9IjMzNCIgYmdjb2xvcj0iI2ZmZmZmZiI+PGZvbnQgCnNpemU9IjIiIGNvbG9yPSIjMDAwMDAwIj4x5p2fNTDmnprlhaXjgoo8L2ZvbnQ+PC90ZD48L3RyPgo8L3RhYmxlPg==,44CQ44OB44Oj44OD44Kv5LuY6KKL44CR44OP44Kk44OQ44Oq44Ki44K544K/44Oz44OJ44OR44OD44KvKExHIEJQLTkpIDkwJnRpbWVzOygzMCsxMTUpbW3vvJrooovjga7nt4/lkIjnmb7osqjlupfjgIDjgqTjg4Hjgqvjg6k=,44Od44Oq6KKL44K044Of6KKL44OB44Oj44OD44Kv5LuY44Os44K46KKL5bCP5Yik5oqc44GN6KKL44Oc44O844OJ44Oz6KKL5L+d5Ya36KKL6IKl5paZ6KKL44Oi44Ot44OV44K444Kk44OB44Kr44Op6KeS5bqV6KKL44Om44OL44OR44OD44Kv57SZ6KKLT1BQ6KKL44OI44Os44O86Ziy5puH6KKL44OP44OD44OU44O844K/44OD44Kv44OT44OL44O844Or6KKL5LiN57mU5biD44OQ44OD44Kw44K344O844Or44CQ44OB44Oj44OD44Kv5LuY6KKL44CR44OP44Kk44OQ44Oq44Ki44K544K/44Oz44OJ44OR44OD44KvKExHIEJQLTkpIDkwJnRpbWVzOygzMCsxMTUpbW0=,5rC06JK45rCX44Go6YW457Sg44G444Gu44OQ44Oq44Ki44KS6auY44KB44Gf44OV44Kj44Or44Og44Gu6YCP5piO44K544K/44Oz44OJ44OR44OD44KvIeOAguOAkOODgeODo+ODg+OCr+S7mOiii+OAkeODj+OCpOODkOODquOCouOCueOCv+ODs+ODieODkeODg+OCryhMRyBCUC05KSA5MCZ0aW1lczsoMzArMTE1KW1t[rn]
19-18386,aHR0cDovL3RzaG9wLnIxMHMuanAvbW9yb2Z1amkvY2FiaW5ldC9zaG9oaW4va2lzZWloaW4vaG9yZWkvaW1ncmMwMDY2OTU1Mjk0LmpwZz9maXRpbj03MDA6NzAw,ODY0LjAwMDA=,,5pel55So5ZOB6ZuR6LKo44O75paH5oi/5YW344O75omL6Iq4ID4g5pel55So5ZOB44O755Sf5rS76ZuR6LKoID4g6KKLID4g44Gd44Gu5LuW,44CQ5L+d5Ya36KKL44CR5L+d5Ya36KKLTOOCteOCpOOCujI5NcOXMzc1bW0gMjDmnprlhaU=,44CQ5L+d5Ya36KKL44CR5L+d5Ya36KKLTOOCteOCpOOCujI5NSZ0aW1lczszNzVtbSAyMOaemuWFpQ==,5rSL6I+T5a2Q44KE44GK5byB5b2T44Gq44Gp44Gu5L+d5Ya344O75L+d5rip44Gr5L6/5Yip44Gq6KKL44Gn44GZ44CCCuaMgeOBoeaJi+OBjOS7mOOBhOOBpuOBhOOCi+OBruOBp+aMgeOBoemBi+OBs+OBjOWuueaYk+OBq+OBp+OBjeOBvuOBmeOAggrpo5/lk4Hjga7jgYrmjIHjgaHluLDjgorjgoTlsYvlpJbjgafjga7jg6zjgrjjg6Pjg7zjga7pmpvjgavlpKfmtLvouo3jgZnjgovjgZPjgajplpPpgZXjgYTjgarjgZchCgox5p2fKDIw5p6aKeWNmOS9jeOBp+OBlOizvOWFpemgguOBkeOBvuOBmeOAggrjgqvjg7zjg4jjgavlhaXjgozjgovpmpvjgIHjgIzmlbDph4/jgI0xPTIw5p6a44Go44Gq44KK44G+44GZ44Gu44Gn44GU5rOo5oSP44GP44Gg44GV44GE44CCCgrigLvjg6Hjg7zjgqvjg7zjgYrlj5bjgorlr4TjgZvlk4Hjga7jgZ/jgoHjgYrlsYrjgZHjgavlsJHjgIXjgYrmmYLplpPjgYvjgYvjgorjgb7jgZnjgIIK44Kx44O844K55Y2Y5L2N44Gn44Gu44GU6LO85YWl44GL44Gk6YqA6KGM5oyv6L6844Gn44GK5pSv5omV44GE6aCC44GP44Go44Oh44O844Kr44O844GL44KJ55u06YCB5Y+v6IO944Gn44GZ44CCCgrigLvjg6Hjg7zjgqvjg7zjga7lnKjluqvjgYzmrKDlk4HjgZfjgabjgYTjgovloLTlkIjjga/jgYrlsYrjgZHjgafjgY3jgarjgYTjgZPjgajjgoLjgYLjgorjgb7jgZnjgIIK44GU5LqG5om/44GP44Gg44GV44GE44G+44Gb44CCCgoKCuKWoOOCteOCpOOCugrmqKoyOTXDl+e4pjM3NShtbSkK4oC744K144Kk44K644Gv5aSW5a+444Gn44GZ44CCCgoK4pag44Kr44Op44O8CuOCt+ODq+ODkOODvAoKCuKWoOadkOizqgrjgqLjg6vjg5/okrjnnYBQUCvjgqbjg6zjgr/jg7MKCgrilqDmorHljIUK44Kx44O844K5KOeusSnlhaXmlbA6MzAw5p6aCuadn+WFpeaVsDoyMOaemgrigLsx5p2f5Y2Y5L2N44Gn44GU6LO85YWl6aCC44GR44G+44GZ44CC,44CQ5L+d5Ya36KKL44CR5L+d5Ya36KKLTOOCteOCpOOCujI5NSZ0aW1lczszNzVtbSAyMOaemuWFpe+8muiii+OBrue3j+WQiOeZvuiyqOW6l+OAgOOCpOODgeOCq+ODqQ==,44Od44Oq6KKL44K044Of6KKL44OB44Oj44OD44Kv5LuY44Os44K46KKL5bCP5Yik5oqc44GN6KKL44Oc44O844OJ44Oz6KKL5L+d5Ya36KKL6IKl5paZ6KKL44Oi44Ot44OV44K444Kk44OB44Kr44Op6KeS5bqV6KKL44Om44OL44OR44OD44Kv57SZ6KKLT1BQ6KKL44OI44Os44O86Ziy5puH6KKL44OP44OD44OU44O844K/44OD44Kv44OT44OL44O844Or6KKL5LiN57mU5biD44OQ44OD44Kw44K344O844Or44CQ5L+d5Ya36KKL44CR5L+d5Ya36KKLTOOCteOCpOOCujI5NSZ0aW1lczszNzVtbSAyMOaemuWFpQ==,44CQ5L+d5Ya36KKL44CR5L+d5Ya36KKLTOOCteOCpOOCujI5NSZ0aW1lczszNzVtbSAyMOaemuWFpeOAguOAkOS/neWGt+iii+OAkeS/neWGt+iii0zjgrXjgqTjgroyOTUmdGltZXM7Mzc1bW0gMjDmnprlhaU=[rn]
19-18387,aHR0cDovL3RzaG9wLnIxMHMuanAvcC10YW5vL2NhYmluZXQvc2hvaGluOTAwLzkxMC04ODgzLmpwZz9maXRpbj03MDA6NzAw,MTIwOS42MDAw,,5pel55So5ZOB6ZuR6LKo44O75paH5oi/5YW344O75omL6Iq4ID4g5pel55So5ZOB44O755Sf5rS76ZuR6LKoID4g6KKLID4g44Gd44Gu5LuW,44Kv44Op44OV44OI44Oe44Oz44CA6KaP5qC86KKL44CA77yS5Y+344CA44Oo44Kz77yY77yQw5fjgr/jg4bvvJHvvJLvvJDDl+WOmuOBv++8kC7vvJDvvJLvvY3vvY3jgIDvvKjvvKvvvLTvvI3vvJDvvJHvvJTjgIDvvJHjgrvjg4Pjg4jvvIjvvJXvvJDvvJDvvJDmnprvvJrvvJHvvJDvvJDmnprDl++8le+8kOODkeODg+OCr++8iQ==,,4peP6YCP5piO44K/44Kk44OX44GuMuWPt+OCteOCpOOCuuOAgTUw44OR44OD44Kv44K744OD44OI44Gn44GZ44CCPGJyPuKXj+S7leanmO+8j++8kuWPtzxCUj7il4/jgrXjgqTjgrrvvI/vvJjvvJDDl++8ke+8ku+8kO+9je+9jTxCUj7il4/mnZDos6rvvI/jg53jg6rjgqjjg4Hjg6zjg7PvvIjvvKzvvKTvvLDvvKXvvIk8QlI+4peP5Y6a44GV77yP77yQ77yO77yQ77yS772N772NPEJSPuKXj++8keODkeODg+OCr++8iO+8ke+8kO+8kOaemuWFpe+8icOX77yV77yQPEJSPuKAu+ijvemAoOS4iuOAgeWvuOazleODu+WOmuOBleOBq+iLpeW5suOBruODkOODqeOBpOOBjeOBjOOBguOCi+WgtOWQiOOBjOOBlOOBluOBhOOBvuOBmeOAgjxicj7il4/jg6Hjg7zjgqvjg7zvvI/jgq/jg6njg5Xjg4jjg57jg7M8YnI+4peP5Z6L55Wq77yPSEtULTAxNDxicj7il49KQU7jgrPjg7zjg4nvvI80NTYwMzE0OTYwMTAxPGJyPjxicj7igLvjg6Hjg7zjgqvjg7zpg73lkIjjgavjgojjgorjg5Hjg4PjgrHjg7zjgrjjg7vku5Xmp5jnrYnjgYzkuojlkYrjgarjgY/lpInmm7TjgZXjgozjgovloLTlkIjjgYzjgZTjgZbjgYTjgb7jgZnjgILjgZTkuobmib/jgY/jgaDjgZXjgYTjgII8YnI+PGJyPuacrOWVhuWTgeOBr+iHquekvuOCteOCpOODiOOBp+OCguiyqeWjsuOBl+OBpuOBhOOCi+OBn+OCgeOAgeOBlOazqOaWh+OBruOCv+OCpOODn+ODs+OCsOOBq+OCiOOCiuOAgeeZuumAgeOBvuOBp+OBq+OBiuaZgumWk+OCkuOBhOOBn+OBoOOBhOOBn+OCiuOAgeOChOOCgOOCkuOBiOOBmuOCreODo+ODs+OCu+ODq+OBleOBm+OBpuOBhOOBn+OBoOOBj+WgtOWQiOOBjOOBlOOBluOBhOOBvuOBmeOAgjxicj48YnI+4oC75rKW57iE44G444Gu44GK5bGK44GR44Gv5Yil6YCUMTYyMOWGhijnqI7ovrwp44Gu6YCB5paZ44GM44GL44GL44KK44G+44GZ44CC,44Kv44Op44OV44OI44Oe44Oz44CA6KaP5qC86KKL44CA77yS5Y+344CA44Oo44Kz77yY77yQJnRpbWVzO+OCv+ODhu+8ke+8ku+8kCZ0aW1lczvljprjgb/vvJAu77yQ77yS772N772N44CA77yo77yr77y0Jm1pbnVzO++8kO+8ke+8lOOAgO+8keOCu+ODg+ODiO+8iO+8le+8kO+8kO+8kOaemu+8mu+8ke+8kO+8kOaemiZ0aW1lczvvvJXvvJDjg5Hjg4Pjgq/vvInvvJrjgbHjg7zjgZ3jgarjgovjgZ/jga7jgoHjg7zjgos=,44Kv44Op44OV44OI44Oe44Oz44CA6KaP5qC86KKL44CA77yS5Y+344CA44Oo44Kz77yY77yQJnRpbWVzO+OCv+ODhu+8ke+8ku+8kCZ0aW1lczvljprjgb/vvJAu77yQ77yS772N772N44CA77yo77yr77y0Jm1pbnVzO++8kO+8ke+8lOOAgO+8keOCu+ODg+ODiO+8iO+8le+8kO+8kO+8kOaemu+8mu+8ke+8kO+8kOaemiZ0aW1lczvvvJXvvJDjg5Hjg4Pjgq/vvIk=,44Kv44Op44OV44OI44Oe44Oz44CA6KaP5qC86KKL44CA77yS5Y+344CA44Oo44Kz77yY77yQJnRpbWVzO+OCv+ODhu+8ke+8ku+8kCZ0aW1lczvljprjgb/vvJAu77yQ77yS772N772N44CA77yo77yr77y0Jm1pbnVzO++8kO+8ke+8lOOAgO+8keOCu+ODg+ODiO+8iO+8le+8kO+8kO+8kOaemu+8mu+8ke+8kO+8kOaemiZ0aW1lczvvvJXvvJDjg5Hjg4Pjgq/vvIk=[rn]
19-18388,aHR0cDovL3RzaG9wLnIxMHMuanAvcC10YW5vL2NhYmluZXQvc2hvaGluOTAwLzkxMC04OTQ5LmpwZz9maXRpbj03MDA6NzAw,OTg0LjgwMDA=,,5pel55So5ZOB6ZuR6LKo44O75paH5oi/5YW344O75omL6Iq4ID4g5pel55So5ZOB44O755Sf5rS76ZuR6LKoID4g6KKLID4g44Gd44Gu5LuW,44Kv44Op44OV44OI44Oe44Oz44CA6KaP5qC86KKL44CA77yX5Y+344CA44Oo44Kz77yR77yS77yQw5fjgr/jg4bvvJLvvJPvvJDDl+WOmuOBv++8kC7vvJDvvJLvvY3vvY3jgIDvvKjvvKvvvLTvvI3vvJDvvJHvvJnjgIDvvJHjgrvjg4Pjg4jvvIjvvJLvvJDvvJDvvJDmnprvvJrvvJHvvJDvvJDmnprDl++8ku+8kOODkeODg+OCr++8iQ==,,4peP6YCP5piO44K/44Kk44OX44GuN+WPt+OCteOCpOOCuuOAgTIw44OR44OD44Kv44K744OD44OI44Gn44GZ44CCPGJyPuKXj+S7leanmO+8j++8l+WPtzxCUj7il4/jgrXjgqTjgrrvvI/vvJHvvJLvvJDDl++8ku+8k++8kO+9je+9jTxCUj7il4/mnZDos6rvvI/jg53jg6rjgqjjg4Hjg6zjg7PvvIjvvKzvvKTvvLDvvKXvvIk8QlI+4peP5Y6a44GV77yP77yQ77yO77yQ77yS772N772NPEJSPuKXj++8keODkeODg+OCr++8iO+8ke+8kO+8kOaemuWFpe+8icOX77yS77yQPEJSPuKAu+ijvemAoOS4iuOAgeWvuOazleODu+WOmuOBleOBq+iLpeW5suOBruODkOODqeOBpOOBjeOBjOOBguOCi+WgtOWQiOOBjOOBlOOBluOBhOOBvuOBmeOAgjxicj7il4/jg6Hjg7zjgqvjg7zvvI/jgq/jg6njg5Xjg4jjg57jg7M8YnI+4peP5Z6L55Wq77yPSEtULTAxOTxicj7il49KQU7jgrPjg7zjg4nvvI80NTYwMzE0OTYwMTU2PGJyPjxicj7igLvjg6Hjg7zjgqvjg7zpg73lkIjjgavjgojjgorjg5Hjg4PjgrHjg7zjgrjjg7vku5Xmp5jnrYnjgYzkuojlkYrjgarjgY/lpInmm7TjgZXjgozjgovloLTlkIjjgYzjgZTjgZbjgYTjgb7jgZnjgILjgZTkuobmib/jgY/jgaDjgZXjgYTjgII8YnI+PGJyPuacrOWVhuWTgeOBr+iHquekvuOCteOCpOODiOOBp+OCguiyqeWjsuOBl+OBpuOBhOOCi+OBn+OCgeOAgeOBlOazqOaWh+OBruOCv+OCpOODn+ODs+OCsOOBq+OCiOOCiuOAgeeZuumAgeOBvuOBp+OBq+OBiuaZgumWk+OCkuOBhOOBn+OBoOOBhOOBn+OCiuOAgeOChOOCgOOCkuOBiOOBmuOCreODo+ODs+OCu+ODq+OBleOBm+OBpuOBhOOBn+OBoOOBj+WgtOWQiOOBjOOBlOOBluOBhOOBvuOBmeOAgjxicj48YnI+4oC75rKW57iE44G444Gu44GK5bGK44GR44Gv5Yil6YCUMTYyMOWGhijnqI7ovrwp44Gu6YCB5paZ44GM44GL44GL44KK44G+44GZ44CC,44Kv44Op44OV44OI44Oe44Oz44CA6KaP5qC86KKL44CA77yX5Y+344CA44Oo44Kz77yR77yS77yQJnRpbWVzO+OCv+ODhu+8ku+8k++8kCZ0aW1lczvljprjgb/vvJAu77yQ77yS772N772N44CA77yo77yr77y0Jm1pbnVzO++8kO+8ke+8meOAgO+8keOCu+ODg+ODiO+8iO+8ku+8kO+8kO+8kOaemu+8mu+8ke+8kO+8kOaemiZ0aW1lczvvvJLvvJDjg5Hjg4Pjgq/vvInvvJrjgbHjg7zjgZ3jgarjgovjgZ/jga7jgoHjg7zjgos=,44Kv44Op44OV44OI44Oe44Oz44CA6KaP5qC86KKL44CA77yX5Y+344CA44Oo44Kz77yR77yS77yQJnRpbWVzO+OCv+ODhu+8ku+8k++8kCZ0aW1lczvljprjgb/vvJAu77yQ77yS772N772N44CA77yo77yr77y0Jm1pbnVzO++8kO+8ke+8meOAgO+8keOCu+ODg+ODiO+8iO+8ku+8kO+8kO+8kOaemu+8mu+8ke+8kO+8kOaemiZ0aW1lczvvvJLvvJDjg5Hjg4Pjgq/vvIk=,44Kv44Op44OV44OI44Oe44Oz44CA6KaP5qC86KKL44CA77yX5Y+344CA44Oo44Kz77yR77yS77yQJnRpbWVzO+OCv+ODhu+8ku+8k++8kCZ0aW1lczvljprjgb/vvJAu77yQ77yS772N772N44CA77yo77yr77y0Jm1pbnVzO++8kO+8ke+8meOAgO+8keOCu+ODg+ODiO+8iO+8ku+8kO+8kO+8kOaemu+8mu+8ke+8kO+8kOaemiZ0aW1lczvvvJLvvJDjg5Hjg4Pjgq/vvIk=[rn]
19-18389,aHR0cDovL3RzaG9wLnIxMHMuanAvcC10YW5vL2NhYmluZXQvc2hvaGluNjAwLzYxMS0xNTg4LmpwZz9maXRpbj03MDA6NzAw,MTI3OC40MDAw,,5pel55So5ZOB6ZuR6LKo44O75paH5oi/5YW344O75omL6Iq4ID4g5pel55So5ZOB44O755Sf5rS76ZuR6LKoID4g6KKLID4g44Gd44Gu5LuW,56aP5Yqp5bel5qWt44CA44OL44Ol44O844OV44Kv44Ot44O844Or77yS77yT77yQ77yl44CA44Oo44Kz77yS77yT77yQw5fjgr/jg4bvvJPvvJTvvJDDl+WOmuOBv++8kC7vvJDvvJDvvJfvvY3vvY3jgIDvvJDvvJbvvJHvvJnvvJnvvJjvvJHjgIDvvJHlt7vvvIjvvJLvvJjvvJDvvJDmnprvvIk=,,4pePMeaemuOBguOBn+OCiuOBruWkp+OBjeOBleOBrzIzMMOXMzQwbW3jgafjgZnjgII8YnI+4peP5LuV5qeY77yP77yu772P77yO77yS77yT77yQ77ylPEJSPuKXj+ODreODvOODq+WkluW+hO+8j++8ke+8k++8k++9je+9jTxCUj7il4/jgrXjgqTjgrrvvI/vvJLvvJPvvJDDl++8k++8lO+8kO+9je+9jTxCUj7il4/mnZDos6rvvI/jg53jg6rjgqjjg4Hjg6zjg7PvvIjvvKjvvKTvvLDvvKXvvIk8QlI+4peP5Y6a44GV77yP77yQ77yO77yQ77yQ77yX772N772NPEJSPuKXj+WNiumAj+aYjjxCUj7il4/vvJHlt7vvvJ3vvJLvvJjvvJDvvJDmnprlhaU8YnI+4peP44Oh44O844Kr44O877yP56aP5Yqp5bel5qWtPGJyPuKXj+Wei+eVqu+8jzYxOTk4MTxicj7il49KQU7jgrPjg7zjg4nvvI80OTc3MDE3MDA2NzUxPGJyPjxicj7igLvjg6Hjg7zjgqvjg7zpg73lkIjjgavjgojjgorjg5Hjg4PjgrHjg7zjgrjjg7vku5Xmp5jnrYnjgYzkuojlkYrjgarjgY/lpInmm7TjgZXjgozjgovloLTlkIjjgYzjgZTjgZbjgYTjgb7jgZnjgILjgZTkuobmib/jgY/jgaDjgZXjgYTjgII8YnI+PGJyPuacrOWVhuWTgeOBr+iHquekvuOCteOCpOODiOOBp+OCguiyqeWjsuOBl+OBpuOBhOOCi+OBn+OCgeOAgeOBlOazqOaWh+OBruOCv+OCpOODn+ODs+OCsOOBq+OCiOOCiuOAgeeZuumAgeOBvuOBp+OBq+OBiuaZgumWk+OCkuOBhOOBn+OBoOOBhOOBn+OCiuOAgeOChOOCgOOCkuOBiOOBmuOCreODo+ODs+OCu+ODq+OBleOBm+OBpuOBhOOBn+OBoOOBj+WgtOWQiOOBjOOBlOOBluOBhOOBvuOBmeOAgjxicj48YnI+4oC75rKW57iE44G444Gu44GK5bGK44GR44Gv5Yil6YCUMTYyMOWGhijnqI7ovrwp44Gu6YCB5paZ44GM44GL44GL44KK44G+44GZ44CC,56aP5Yqp5bel5qWt44CA44OL44Ol44O844OV44Kv44Ot44O844Or77yS77yT77yQ77yl44CA44Oo44Kz77yS77yT77yQJnRpbWVzO+OCv+ODhu+8k++8lO+8kCZ0aW1lczvljprjgb/vvJAu77yQ77yQ77yX772N772N44CA77yQ77yW77yR77yZ77yZ77yY77yR44CA77yR5be777yI77yS77yY77yQ77yQ5p6a77yJ77ya44Gx44O844Gd44Gq44KL44Gf44Gu44KB44O844KL,56aP5Yqp5bel5qWt44CA44OL44Ol44O844OV44Kv44Ot44O844Or77yS77yT77yQ77yl44CA44Oo44Kz77yS77yT77yQJnRpbWVzO+OCv+ODhu+8k++8lO+8kCZ0aW1lczvljprjgb/vvJAu77yQ77yQ77yX772N772N44CA77yQ77yW77yR77yZ77yZ77yY77yR44CA77yR5be777yI77yS77yY77yQ77yQ5p6a77yJ,56aP5Yqp5bel5qWt44CA44OL44Ol44O844OV44Kv44Ot44O844Or77yS77yT77yQ77yl44CA44Oo44Kz77yS77yT77yQJnRpbWVzO+OCv+ODhu+8k++8lO+8kCZ0aW1lczvljprjgb/vvJAu77yQ77yQ77yX772N772N44CA77yQ77yW77yR77yZ77yZ77yY77yR44CA77yR5be777yI77yS77yY77yQ77yQ5p6a77yJ[rn]
19-18390,aHR0cDovL3RzaG9wLnIxMHMuanAvZnVrdXJveWEtc2hvcC9jYWJpbmV0LzAyMDkzMTU2L2ltZ19pbmRleC9wb3JpZnVrdXJvL25wZTEzLmpwZz9maXRpbj03MDA6NzAw,NzIwLjAwMDA=,,5pel55So5ZOB6ZuR6LKo44O75paH5oi/5YW344O75omL6Iq4ID4g5pel55So5ZOB44O755Sf5rS76ZuR6LKoID4g6KKLID4g44Gd44Gu5LuW,44OL44Ol44O844Od44Oq6KKLTm8u77yV44CQMC4wM8OXMTAww5cxOTBtbeOAkeOAkDEwMDDmnprlhaXjgJE=,5by35bqm44CB6YCP5piO5bqm44CB6ZaL5Y+j5oCn44Gr5YSq44KM44Gm44G+44GZ,44OL44Ol44O844Od44Oq6KKL44Gv5by35bqm44CB6YCP5piO5bqm44CB6ZaL5Y+j5oCn44Gr5YSq44KM44Gm44GK44KK44G+44GZ44CCCgrjg7vljprjgb/vvJowLjAzbW0K44O75bmFMTAwbW3Dl+mVt+OBlTE5MG1tCuODuzHjgrHjg7zjgrkxMDAw5p6a5YWlCgrjgJDlh7rojbfmmYLjga7lvZPlupfjga7llYblk4HmorHljIXjgavjgaTjgYTjgabjgJEK5qKx5YyF55So44Gu5q6144Oc44O844Or44Gv5b2T5bqX5L2/55So44Gu44Oq44K144Kk44Kv44Or77yI5YaN5Yip55So77yJ5q6144Oc44O844Or44KS5Yip55So44GV44Gb44Gm44GE44Gf44Gg44GN44G+44GZ44CC44OR44OD44Kt44Oz44Gv5paw6IGe57SZ44Gq44Gp44KS5L2/55So44GV44Gb44Gm44GE44Gf44Gg44GN44G+44GZ44Gu44Gn44CB44GU5LqG5om/6aGY44GE44G+44GZ44CCCuOCguOBl+OAgeWVhuWTgeOBjOegtOaQjeOBl+OBn+WgtOWQiOOBr+i/lOWTgeOCkuOBleOBm+OBpuOBhOOBn+OBoOOBjeOBvuOBmeOAgg==,44OL44Ol44O844Od44Oq6KKLTm8u77yV44CQMC4wMyZ0aW1lczsxMDAmdGltZXM7MTkwbW3jgJHjgJAxMDAw5p6a5YWl44CR77ya44G144GP44KN44KE5qW95aSp5biC5aC05bqX,44Od44Oq6KKL6YeO6I+c6KKL44Oc44O844OJ44Oz44Oc44O844OJ44Oz6KKL77yv77yw77yw44Od44Oq5Y2K6YCP5piO44Os44K46KKL44OK44Kk44Ot44Oz44Od44Oq55yf56m66KKL44K044Of6KKL44Kv44Oq44K544K/44Or44OR44OD44Kv44OB44Oj44OD44Kv5LuY44Om44OL44OR44OD44Kv57WQ5p2f44OG44O844OX5a655Zmo5oOj6I+c5a655Zmo5byB5b2T5a655Zmo44K044Og44OQ44Oz44OJ5L+d5Ya344OQ44OD44Kv44OL44Ol44O844Od44Oq6KKLTm8u77yV44CQMC4wMyZ0aW1lczsxMDAmdGltZXM7MTkwbW3jgJHjgJAxMDAw5p6a5YWl44CR,5by35bqm44CB6YCP5piO5bqm44CB6ZaL5Y+j5oCn44Gr5YSq44KM44Gm44G+44GZ44CC44OL44Ol44O844Od44Oq6KKLTm8u77yV44CQMC4wMyZ0aW1lczsxMDAmdGltZXM7MTkwbW3jgJHjgJAxMDAw5p6a5YWl44CR[rn]
19-18391,aHR0cDovL3RzaG9wLnIxMHMuanAvb2xpdmVhdmVudWUvY2FiaW5ldC80NTBfMTEvaW1nNjI0Mzg5MzcuanBnP2ZpdGluPTcwMDo3MDA=,MjI0LjAwMDA=,,5pel55So5ZOB6ZuR6LKo44O75paH5oi/5YW344O75omL6Iq4ID4g5pel55So5ZOB44O755Sf5rS76ZuR6LKoID4g6KKLID4g44Gd44Gu5LuW,44OK44Oz44K344O86Zai44Gu44GK44Gk44GL44GE6KKLIO+8iOODkeODs+ODgO+8iTEw5p6a5YWl,44Ku44OV44OI44Op44OD44OU44Oz44Kw44Gr5L2/44Gj44Gm44KC,44OK44Oz44K344O86Zai44GV44KT44Gu5bGV6Kan5Lya44Gr5ZCI44KP44Gb44Gm44CB5YCJ5pW35oSP5Yyg44GV44KT44GM44OK44Oz44K344O86Zai44GV44KT44Gu5raI44GX44K044Og44OP44Oz44Kz44KS44Oi44OB44O844OV44Go44GX44Gf57SZ44Oi44OO6ZuR6LKo44KS5L2c44KK44G+44GX44Gf44CC44GT44Gh44KJ44Gv44OR44Oz44OA44Gu44Kk44Op44K544OI44GM44GL44KP44GE44GE5omL5o+Q44GS6KKL44Gn44GZ44CC44Ku44OV44OI44Op44OD44OU44Oz44Kw44KE44Gh44KH44Gj44Go44GX44Gf44GK44GZ44Gd5YiG44GR44Gr44Gp44GG44Ge44CCPGJyPu+8iuOBk+OBoeOCieOBruWVhuWTgeOBr+OAjOaXpeacrOmDteS+v+OAgOOChuOBhuODoeODvOODq+OAjeOAgeOAjOODpOODnuODiOmBi+i8uERN5L6/44CN44Gr44Gm44GK5bGK44GR5Ye65p2l44G+44GZ44CCPGJyPuODvOODvOODvOODvOODvOODvOODvOODvOODvOODvOODvOODvOODvOODvOODvDxicj7ilqDjgrXjgqTjgrrvvJrntIQxNcOXMjUuMmNtIDEw5p6a5YWl44KKICDilqDntKDmnZDvvJrjg53jg6rjgqjjg4Hjg6zjg7M8QlI+Cu+8iuODouODi+OCv+ODvOOBrueZuuiJsuOBruWFt+WQiOOBq+OCiOOBo+OBpuOBr+Wun+mam+OBqOiJsuOBjOeVsOOBquOCi+WgtOWQiOOBjOOBlOOBluOBhOOBvuOBmeOAgu+8iuOBk+OBoeOCieOBruWVhuWTgeOBr+iLpeW5suOBruOCt+ODr+OBjOOBguOCiuOBvuOBmeOBjOOBlOS6huaJv+OBj+OBoOOBleOBhOOAgu+8iueJh+mdouOBruOBv+ODkeODs+ODgOOBruafhOOBjOOBguOCiuOBvuOBmeOAgg==,44OK44Oz44K344O86Zai44Gu44GK44Gk44GL44GE6KKLIO+8iOODkeODs+ODgO+8iTEw5p6a5YWl77ya44Kq44Oq44O844OW44Ki44OZ44OL44Ol44O8,RnJlbmNoIEJ1bGzjg5Xjg6zjg7Pjg4Hjg5bjg6vjgr3jg4Pjgq/jgrnlgInmlbfmhI/ljKDoqIjnlLvlrqTlgInmlbfmhI/ljKDkuK3lt53mlL/kuIPllYblupdmb2cgbGluZW4gd29ya2ZvZyDjgq3jg4Pjg4Hjg7Pjgq/jg63jgrnjgaTjgY/jgZfmloflhbflupdDYXZhbGxpbmnjg57jgrnjgq3jg7PjgrDjg4bjg7zjg5fmsLTnuJ7jgYrjga/jgY7jgoTjgb7lpJzplbfloIJMaXNhIExhcnNvbuadvuWwvuODn+ODpuOCremWoiDnvo7nqYLlrZBTSVdBS0FNSU9SSSBLQU9SSUthbm1pLuODiuODs+OCt+ODvOmWouOBruOBiuOBpOOBi+OBhOiiiyDvvIjjg5Hjg7Pjg4DvvIkxMOaemuWFpQ==,44Ku44OV44OI44Op44OD44OU44Oz44Kw44Gr5L2/44Gj44Gm44KC44CC44OK44Oz44K344O86Zai44Gu44GK44Gk44GL44GE6KKLIO+8iOODkeODs+ODgO+8iTEw5p6a5YWl[rn]
19-18392,aHR0cDovL3RzaG9wLnIxMHMuanAvb2xpdmVhdmVudWUvY2FiaW5ldC80NTBfMTEvaW1nNjI0Mzg5MjEuanBnP2ZpdGluPTcwMDo3MDA=,MjU2LjAwMDA=,,5pel55So5ZOB6ZuR6LKo44O75paH5oi/5YW344O75omL6Iq4ID4g5pel55So5ZOB44O755Sf5rS76ZuR6LKoID4g6KKLID4g44Gd44Gu5LuW,44OK44Oz44K344O86Zai44Gu44GK44Gk44GL44GE6KKLIO+8iOeMv++8iTEw5p6a5YWl,44Ku44OV44OI44Op44OD44OU44Oz44Kw44Gr5L2/44Gj44Gm44KC,44OK44Oz44K344O86Zai44GV44KT44Gu5bGV6Kan5Lya44Gr5ZCI44KP44Gb44Gm44CB5YCJ5pW35oSP5Yyg44GV44KT44GM44OK44Oz44K344O86Zai44GV44KT44Gu5raI44GX44K044Og44OP44Oz44Kz44KS44Oi44OB44O844OV44Go44GX44Gf57SZ44Oi44OO6ZuR6LKo44KS5L2c44KK44G+44GX44Gf44CC44GT44Gh44KJ44Gv54y/44Gu44Kk44Op44K544OI44GM44GL44KP44GE44GE5omL5o+Q44GS6KKL44Gn44GZ44CC44Ku44OV44OI44Op44OD44OU44Oz44Kw44KE44Gh44KH44Gj44Go44GX44Gf44GK44GZ44Gd5YiG44GR44Gr44Gp44GG44Ge44CCIAo8YnI+77yK44GT44Gh44KJ44Gu5ZWG5ZOB44Gv44CM5pel5pys6YO15L6/44CA44KG44GG44Oh44O844Or44CN44CB44CM44Ok44Oe44OI6YGL6Ly4IERN5L6/44CN44Gr44Gm44GK5bGK44GR5Ye65p2l44G+44GZ44CCPGJyPuODvOODvOODvOODvOODvOODvOODvOODvOODvOODvOODvOODvOODvOODvOODvDxicj7ilqDjgrXjgqTjgrrvvJrntIQyMS40w5cyNy42Y20gMTDmnprlhaXjgoogIOKWoOe0oOadkO+8muODneODquOCqOODgeODrOODszxCUj4K77yK44GT44Gh44KJ44Gu5ZWG5ZOB44Gv6Iul5bmy44Gu44K344Ov44GM44GC44KK44G+44GZ44GM44GU5LqG5om/44GP44Gg44GV44GE44CCIO+8iueJh+mdouOBruOBv+eMv+OBruafhOOBjOOBguOCiuOBvuOBmeOAgu+8iuODouODi+OCv+ODvOOBrueZuuiJsuOBruWFt+WQiOOBq+OCiOOBo+OBpuOBr+Wun+mam+OBqOiJsuOBjOeVsOOBquOCi+WgtOWQiOOBjOOBlOOBluOBhOOBvuOBmeOAgg==,44OK44Oz44K344O86Zai44Gu44GK44Gk44GL44GE6KKLIO+8iOeMv++8iTEw5p6a5YWl77ya44Kq44Oq44O844OW44Ki44OZ44OL44Ol44O8,RnJlbmNoIEJ1bGzjg5Xjg6zjg7Pjg4Hjg5bjg6vjgr3jg4Pjgq/jgrnlgInmlbfmhI/ljKDoqIjnlLvlrqTlgInmlbfmhI/ljKDkuK3lt53mlL/kuIPllYblupdmb2cgbGluZW4gd29ya2ZvZyDjgq3jg4Pjg4Hjg7Pjgq/jg63jgrnjgaTjgY/jgZfmloflhbflupdDYXZhbGxpbmnjg57jgrnjgq3jg7PjgrDjg4bjg7zjg5fmsLTnuJ7jgYrjga/jgY7jgoTjgb7lpJzplbfloIJMaXNhIExhcnNvbuadvuWwvuODn+ODpuOCremWoiDnvo7nqYLlrZBTSVdBS0FNSU9SSSBLQU9SSUthbm1pLuODiuODs+OCt+ODvOmWouOBruOBiuOBpOOBi+OBhOiiiyDvvIjnjL/vvIkxMOaemuWFpQ==,44Ku44OV44OI44Op44OD44OU44Oz44Kw44Gr5L2/44Gj44Gm44KC44CC44OK44Oz44K344O86Zai44Gu44GK44Gk44GL44GE6KKLIO+8iOeMv++8iTEw5p6a5YWl[rn]
19-18393,aHR0cDovL3RzaG9wLnIxMHMuanAvYW5zaGluLXJlbGllZi9jYWJpbmV0L3RzMTYwOW4vNDU2MjE2ODE4NTk0NXAxNjA5LmpwZz9maXRpbj03MDA6NzAw,NjYuNDAwMA==,,5pel55So5ZOB6ZuR6LKo44O75paH5oi/5YW344O75omL6Iq4ID4g5pel55So5ZOB44O755Sf5rS76ZuR6LKoID4g6KKLID4g44Gd44Gu5LuW,44CQ6KGd5pKD44Gu44K/44Kk44Og44K744O844Or44CR54m55aCx77yB44Gq44KT44Go77yB44GC44Gu44CQ44Gy44KT44KE44KK44K/44Kq44Or44CR44Gy44GI44Gy44GI772e44KL77y677yp77ywIOOCr+ODvOODq+OCv+OCquODqyDvvK3vvIg2NsOXMTBjbSDigLvmjIHjgaHpgYvjgbPjgavkvr/liKnjgarvvLrvvKnvvLDooosg6Imy77ya44Kk44Ko44Ot44O877yJIOOBjOOAgeOCv+OCpOODoOOCu+ODvOODq+e3j+mbhue3qOeJueS+oe+8ge+8iOOBlOizvOWFpeaVsOWItumZkOOBguOCiu+8iSAg4oC744OR44OD44Kx44O844K444Gr6Iul5bmy44Gu5YK344G/44Ki44Oq44CQUkNQ44CR,,44CQ5pel55So5ZOB77yP5Ya35Y2044Ki44Kk44OG44Og44CR5rC044Gr44Gk44GR44KL44Gg44GR44Gn44CB44Gy44KT44KE44KK44CB44Gy44GI44Gy44GI77yB44CA57mw44KK6L+U44GX5L2/44GI44KL44Kv44O844Or44K/44Kq44Or44Gn44GZ44CC5rC044Gr44Gk44GR44KM44Gw5L2V5bqm44Gn44KC5Ya344Gf44GP44Gq44KL44Gu44Gn44CB44Go44Gj44Gm44KC772F772D772P77yB56+A6Zu744Gu5aSP44Gr44G044Gj44Gf44KK44Gu44Ki44Kk44OG44Og44Gn44GZ44CC5L6/5Yip44Gq5oyB44Gh6YGL44Gz55So77y677yp77yw6KKL44Gk44GN77yB44K144Kk44K677yI57SE77yJNjZjbcOXMTBjbeOAgeOCq+ODqeODvO+8muOCpOOCqOODreODvA==,44CQ6KGd5pKD44Gu44K/44Kk44Og44K744O844Or44CR54m55aCx77yB44Gq44KT44Go77yB44GC44Gu44CQ44Gy44KT44KE44KK44K/44Kq44Or44CR44Gy44GI44Gy44GI772e44KL77y677yp77ywIOOCr+ODvOODq+OCv+OCquODqyDvvK3vvIg2NiZ0aW1lczsxMGNtIOKAu+aMgeOBoemBi+OBs+OBq+S+v+WIqeOBqu+8uu+8qe+8sOiiiyDoibLvvJrjgqTjgqjjg63jg7zvvIkg44GM44CB44K/44Kk44Og44K744O844Or57eP6ZuG57eo54m55L6h77yB77yI44GU6LO85YWl5pWw5Yi26ZmQ44GC44KK77yJICDigLvjg5Hjg4PjgrHjg7zjgrjjgavoi6XlubLjga7lgrfjgb/jgqLjg6rjgJBSQ1DjgJHvvJrjgYLjgpPjgZfjgpPpgJrosqnjgIDjg6rjg6rjg7zjg5U=,44CQ6KGd5pKD44Gu44K/44Kk44Og44K744O844Or44CR54m55aCx77yB44Gq44KT44Go77yB44GC44Gu44CQ44Gy44KT44KE44KK44K/44Kq44Or44CR44Gy44GI44Gy44GI772e44KL77y677yp77ywIOOCr+ODvOODq+OCv+OCquODqyDvvK3vvIg2NiZ0aW1lczsxMGNtIOKAu+aMgeOBoemBi+OBs+OBq+S+v+WIqeOBqu+8uu+8qe+8sOiiiyDoibLvvJrjgqTjgqjjg63jg7zvvIkg44GM44CB44K/44Kk44Og44K744O844Or57eP6ZuG57eo54m55L6h77yB77yI44GU6LO85YWl5pWw5Yi26ZmQ44GC44KK77yJICDigLvjg5Hjg4PjgrHjg7zjgrjjgavoi6XlubLjga7lgrfjgb/jgqLjg6rjgJBSQ1DjgJE=,44CQ6KGd5pKD44Gu44K/44Kk44Og44K744O844Or44CR54m55aCx77yB44Gq44KT44Go77yB44GC44Gu44CQ44Gy44KT44KE44KK44K/44Kq44Or44CR44Gy44GI44Gy44GI772e44KL77y677yp77ywIOOCr+ODvOODq+OCv+OCquODqyDvvK3vvIg2NiZ0aW1lczsxMGNtIOKAu+aMgeOBoemBi+OBs+OBq+S+v+WIqeOBqu+8uu+8qe+8sOiiiyDoibLvvJrjgqTjgqjjg63jg7zvvIkg44GM44CB44K/44Kk44Og44K744O844Or57eP6ZuG57eo54m55L6h77yB77yI44GU6LO85YWl5pWw5Yi26ZmQ44GC44KK77yJICDigLvjg5Hjg4PjgrHjg7zjgrjjgavoi6XlubLjga7lgrfjgb/jgqLjg6rjgJBSQ1DjgJE=[rn]
19-18394,aHR0cDovL3RzaG9wLnIxMHMuanAvYW5zaGluLXJlbGllZi9jYWJpbmV0L3RzMTYwOW4vNDU2MjE2ODE4NTkzOHAxNjA5LmpwZz9maXRpbj03MDA6NzAw,NzIuMDAwMA==,,5pel55So5ZOB6ZuR6LKo44O75paH5oi/5YW344O75omL6Iq4ID4g5pel55So5ZOB44O755Sf5rS76ZuR6LKoID4g6KKLID4g44Gd44Gu5LuW,44CQ6KGd5pKD44Gu44K/44Kk44Og44K744O844Or44CR54m55aCx77yB44Gq44KT44Go77yB44GC44Gu44CQ44Gy44KT44KE44KK44K/44Kq44Or44CR44Gy44GI44Gy44GI772e44KL77y677yp77yw44CA44Kv44O844Or44K/44Kq44Or44CA77ys77yINjbDlzIxY20g4oC75oyB44Gh6YGL44Gz44Gr5L6/5Yip44Gq77y677yp77yw6KKL44Gk44GNIOiJsu+8muOCpOOCqOODreODvO+8iSDjgYzjgIHjgr/jgqTjg6Djgrvjg7zjg6vnt4/pm4bnt6jnibnkvqHvvIHvvIjjgZTos7zlhaXmlbDliLbpmZDjgYLjgorvvIkg44CQUkNQ44CR,,44CM5Ya344KE44GX54m55L6h44CB44Gv44GY44KB44G+44GX44Gf44CC44CNPGJyPuOAkOaXpeeUqOWTge+8j+WGt+WNtOOCouOCpOODhuODoOOAkeawtOOBq+OBpOOBkeOCi+OBoOOBkeOBp+OAgeOBsuOCk+OChOOCiuOAgeOBsuOBiOOBsuOBiO+8geOAgOe5sOOCiui/lOOBl+S9v+OBiOOCi+OCr+ODvOODq+OCv+OCquODq+OBp+OBmeOAguawtOOBq+OBpOOBkeOCjOOBsOS9leW6puOBp+OCguWGt+OBn+OBj+OBquOCi+OBruOBp+OAgeOBqOOBo+OBpuOCgu+9he+9g++9j++8geevgOmbu+OBruWkj+OBq+OBtOOBo+OBn+OCiuOBruOCouOCpOODhuODoOOBp+OBmeOAguS+v+WIqeOBquaMgeOBoemBi+OBs+eUqO+8uu+8qe+8sOiii+OBpOOBje+8geOCteOCpOOCuu+8iOe0hO+8iTY2Y23DlzIxY23jgIHjgqvjg6njg7zvvJrjgqTjgqjjg63jg7w8YnI+44CQ77yB44CR5Yid44KB44Gm5L2/55So44GZ44KL5pmC44Gv5rC05rSX44GE44GX44Gm44GP44Gg44GV44GE44CC44G+44Gf44CB55qu6Iaa44Gr55Ww5bi444KS5oSf44GY44Gf44KJ5L2/55So44KS5q2i44KB44CB5Yy75bir44Gq44Gp44Go55u46KuH44GX44Gm44GP44Gg44GV44GE44CC,44CQ6KGd5pKD44Gu44K/44Kk44Og44K744O844Or44CR54m55aCx77yB44Gq44KT44Go77yB44GC44Gu44CQ44Gy44KT44KE44KK44K/44Kq44Or44CR44Gy44GI44Gy44GI772e44KL77y677yp77yw44CA44Kv44O844Or44K/44Kq44Or44CA77ys77yINjYmdGltZXM7MjFjbSDigLvmjIHjgaHpgYvjgbPjgavkvr/liKnjgarvvLrvvKnvvLDooovjgaTjgY0g6Imy77ya44Kk44Ko44Ot44O877yJIOOBjOOAgeOCv+OCpOODoOOCu+ODvOODq+e3j+mbhue3qOeJueS+oe+8ge+8iOOBlOizvOWFpeaVsOWItumZkOOBguOCiu+8iSDjgJBSQ1DjgJHvvJrjgYLjgpPjgZfjgpPpgJrosqnjgIDjg6rjg6rjg7zjg5U=,44CQ6KGd5pKD44Gu44K/44Kk44Og44K744O844Or44CR54m55aCx77yB44Gq44KT44Go77yB44GC44Gu44CQ44Gy44KT44KE44KK44K/44Kq44Or44CR44Gy44GI44Gy44GI772e44KL77y677yp77yw44CA44Kv44O844Or44K/44Kq44Or44CA77ys77yINjYmdGltZXM7MjFjbSDigLvmjIHjgaHpgYvjgbPjgavkvr/liKnjgarvvLrvvKnvvLDooovjgaTjgY0g6Imy77ya44Kk44Ko44Ot44O877yJIOOBjOOAgeOCv+OCpOODoOOCu+ODvOODq+e3j+mbhue3qOeJueS+oe+8ge+8iOOBlOizvOWFpeaVsOWItumZkOOBguOCiu+8iSDjgJBSQ1DjgJE=,44CQ6KGd5pKD44Gu44K/44Kk44Og44K744O844Or44CR54m55aCx77yB44Gq44KT44Go77yB44GC44Gu44CQ44Gy44KT44KE44KK44K/44Kq44Or44CR44Gy44GI44Gy44GI772e44KL77y677yp77yw44CA44Kv44O844Or44K/44Kq44Or44CA77ys77yINjYmdGltZXM7MjFjbSDigLvmjIHjgaHpgYvjgbPjgavkvr/liKnjgarvvLrvvKnvvLDooovjgaTjgY0g6Imy77ya44Kk44Ko44Ot44O877yJIOOBjOOAgeOCv+OCpOODoOOCu+ODvOODq+e3j+mbhue3qOeJueS+oe+8ge+8iOOBlOizvOWFpeaVsOWItumZkOOBguOCiu+8iSDjgJBSQ1DjgJE=[rn]
19-18395,aHR0cDovL3RzaG9wLnIxMHMuanAvYW5zaGluLXJlbGllZi9jYWJpbmV0L3RzMTYwNy80NTYyMTY4MTg1OTQ1cDE2MDcuanBnP2ZpdGluPTcwMDo3MDA=,NzQuNDAwMA==,,5pel55So5ZOB6ZuR6LKo44O75paH5oi/5YW344O75omL6Iq4ID4g5pel55So5ZOB44O755Sf5rS76ZuR6LKoID4g6KKLID4g44Gd44Gu5LuW,44CQ6KGd5pKD44Gu44K/44Kk44Og44K744O844Or44CR54m55aCx77yB44Gq44KT44Go77yB44GC44Gu44CQ44Gy44KT44KE44KK44K/44Kq44Or44CR44Gy44GI44Gy44GI772e44KL77y677yp77ywIOOCr+ODvOODq+OCv+OCquODq+OAgO+8re+8iDY2w5cxMGNtIOKAu+aMgeOBoemBi+OBs+OBq+S+v+WIqeOBqu+8uu+8qe+8sOiii+OBpOOBjSDjgqvjg6njg7zvvJrjgqTjgqjjg63jg7zvvIkg44GM772e44Ov44K044Oz44K744O844Or54m55L6h4piG77yI44GU6LO85YWl5pWw5Yi26ZmQ44GC44KK77yJ4oC744OR44OD44Kx44O844K444Gr6Iul5bmy44Gu5YK344G/44Ki44Oq44CQUkNQ44CR,,44CQ5pel55So5ZOB77yP5Ya35Y2044Ki44Kk44OG44Og44CR5rC044Gr44Gk44GR44KL44Gg44GR44Gn44CB44Gy44KT44KE44KK44CB44Gy44GI44Gy44GI77yB44CA57mw44KK6L+U44GX5L2/44GI44KL44Kv44O844Or44K/44Kq44Or44Gn44GZ44CC5rC044Gr44Gk44GR44KM44Gw5L2V5bqm44Gn44KC5Ya344Gf44GP44Gq44KL44Gu44Gn44CB44Go44Gj44Gm44KC772F772D772P77yB56+A6Zu744Gu5aSP44Gr44G044Gj44Gf44KK44Gu44Ki44Kk44OG44Og44Gn44GZ44CC5L6/5Yip44Gq5oyB44Gh6YGL44Gz55So77y677yp77yw6KKL44Gk44GN77yB44K144Kk44K677yI57SE77yJNjZjbcOXMTBjbeOAgeOCq+ODqeODvO+8muOCpOOCqOODreODvA==,44CQ6KGd5pKD44Gu44K/44Kk44Og44K744O844Or44CR54m55aCx77yB44Gq44KT44Go77yB44GC44Gu44CQ44Gy44KT44KE44KK44K/44Kq44Or44CR44Gy44GI44Gy44GI772e44KL77y677yp77ywIOOCr+ODvOODq+OCv+OCquODq+OAgO+8re+8iDY2JnRpbWVzOzEwY20g4oC75oyB44Gh6YGL44Gz44Gr5L6/5Yip44Gq77y677yp77yw6KKL44Gk44GNIOOCq+ODqeODvO+8muOCpOOCqOODreODvO+8iSDjgYzvvZ7jg6/jgrTjg7Pjgrvjg7zjg6vnibnkvqHimIbvvIjjgZTos7zlhaXmlbDliLbpmZDjgYLjgorvvInigLvjg5Hjg4PjgrHjg7zjgrjjgavoi6XlubLjga7lgrfjgb/jgqLjg6rjgJBSQ1DjgJHvvJrjgYLjgpPjgZfjgpPpgJrosqnjgIDjg6rjg6rjg7zjg5U=,44CQ6KGd5pKD44Gu44K/44Kk44Og44K744O844Or44CR54m55aCx77yB44Gq44KT44Go77yB44GC44Gu44CQ44Gy44KT44KE44KK44K/44Kq44Or44CR44Gy44GI44Gy44GI772e44KL77y677yp77ywIOOCr+ODvOODq+OCv+OCquODq+OAgO+8re+8iDY2JnRpbWVzOzEwY20g4oC75oyB44Gh6YGL44Gz44Gr5L6/5Yip44Gq77y677yp77yw6KKL44Gk44GNIOOCq+ODqeODvO+8muOCpOOCqOODreODvO+8iSDjgYzvvZ7jg6/jgrTjg7Pjgrvjg7zjg6vnibnkvqHimIbvvIjjgZTos7zlhaXmlbDliLbpmZDjgYLjgorvvInigLvjg5Hjg4PjgrHjg7zjgrjjgavoi6XlubLjga7lgrfjgb/jgqLjg6rjgJBSQ1DjgJE=,44CQ6KGd5pKD44Gu44K/44Kk44Og44K744O844Or44CR54m55aCx77yB44Gq44KT44Go77yB44GC44Gu44CQ44Gy44KT44KE44KK44K/44Kq44Or44CR44Gy44GI44Gy44GI772e44KL77y677yp77ywIOOCr+ODvOODq+OCv+OCquODq+OAgO+8re+8iDY2JnRpbWVzOzEwY20g4oC75oyB44Gh6YGL44Gz44Gr5L6/5Yip44Gq77y677yp77yw6KKL44Gk44GNIOOCq+ODqeODvO+8muOCpOOCqOODreODvO+8iSDjgYzvvZ7jg6/jgrTjg7Pjgrvjg7zjg6vnibnkvqHimIbvvIjjgZTos7zlhaXmlbDliLbpmZDjgYLjgorvvInigLvjg5Hjg4PjgrHjg7zjgrjjgavoi6XlubLjga7lgrfjgb/jgqLjg6rjgJBSQ1DjgJE=[rn]
19-18396,aHR0cDovL3RzaG9wLnIxMHMuanAvYW5zaGluLXJlbGllZi9jYWJpbmV0L3N0b2Nrb25seTIvNDU2MjE2ODE4NTkzOHAxNTA4LmpwZz9maXRpbj03MDA6NzAw,ODAuMDAwMA==,,5pel55So5ZOB6ZuR6LKo44O75paH5oi/5YW344O75omL6Iq4ID4g5pel55So5ZOB44O755Sf5rS76ZuR6LKoID4g6KKLID4g44Gd44Gu5LuW,44CQ6KGd5pKD44Gu44K/44Kk44Og44K744O844Or44CR54m55aCx77yB44Gq44KT44Go77yB44GC44Gu44CQ44Gy44KT44KE44KK44K/44Kq44Or44CR44Gy44GI44Gy44GI772e44KL77y677yp77yw44CA44Kv44O844Or44K/44Kq44Or44CA77ys77yINjbDlzIxY20g4oC75oyB44Gh6YGL44Gz44Gr5L6/5Yip44Gq77y677yp77yw6KKL44Gk44GNIOOCq+ODqeODvO+8muOCpOOCqOODreODvO+8ieOBjO+9nuOAgeOCv+OCpOODoOOCu+ODvOODq+eJueS+oe+8geOAkFJDUOOAkeOAkDAyUDAzRGVjMTbjgJE=,,44CM5Ya344KE44GX54m55L6h44CB44Gv44GY44KB44G+44GX44Gf44CC44CNPGJyPuOAkOaXpeeUqOWTge+8j+WGt+WNtOOCouOCpOODhuODoOOAkeawtOOBq+OBpOOBkeOCi+OBoOOBkeOBp+OAgeOBsuOCk+OChOOCiuOAgeOBsuOBiOOBsuOBiO+8geOAgOe5sOOCiui/lOOBl+S9v+OBiOOCi+OCr+ODvOODq+OCv+OCquODq+OBp+OBmeOAguawtOOBq+OBpOOBkeOCjOOBsOS9leW6puOBp+OCguWGt+OBn+OBj+OBquOCi+OBruOBp+OAgeOBqOOBo+OBpuOCgu+9he+9g++9j++8geevgOmbu+OBruWkj+OBq+OBtOOBo+OBn+OCiuOBruOCouOCpOODhuODoOOBp+OBmeOAguS+v+WIqeOBquaMgeOBoemBi+OBs+eUqO+8uu+8qe+8sOiii+OBpOOBje+8geOCteOCpOOCuu+8iOe0hO+8iTY2Y23DlzIxY23jgIHjgqvjg6njg7zvvJrjgqTjgqjjg63jg7w8YnI+44CQ77yB44CR5Yid44KB44Gm5L2/55So44GZ44KL5pmC44Gv5rC05rSX44GE44GX44Gm44GP44Gg44GV44GE44CC44G+44Gf44CB55qu6Iaa44Gr55Ww5bi444KS5oSf44GY44Gf44KJ5L2/55So44KS5q2i44KB44CB5Yy75bir44Gq44Gp44Go55u46KuH44GX44Gm44GP44Gg44GV44GE44CC,44CQ6KGd5pKD44Gu44K/44Kk44Og44K744O844Or44CR54m55aCx77yB44Gq44KT44Go77yB44GC44Gu44CQ44Gy44KT44KE44KK44K/44Kq44Or44CR44Gy44GI44Gy44GI772e44KL77y677yp77yw44CA44Kv44O844Or44K/44Kq44Or44CA77ys77yINjYmdGltZXM7MjFjbSDigLvmjIHjgaHpgYvjgbPjgavkvr/liKnjgarvvLrvvKnvvLDooovjgaTjgY0g44Kr44Op44O877ya44Kk44Ko44Ot44O877yJ44GM772e44CB44K/44Kk44Og44K744O844Or54m55L6h77yB44CQUkNQ44CR44CQMDJQMDNEZWMxNuOAke+8muOBguOCk+OBl+OCk+mAmuiyqeOAgOODquODquODvOODlQ==,44CQ6KGd5pKD44Gu44K/44Kk44Og44K744O844Or44CR54m55aCx77yB44Gq44KT44Go77yB44GC44Gu44CQ44Gy44KT44KE44KK44K/44Kq44Or44CR44Gy44GI44Gy44GI772e44KL77y677yp77yw44CA44Kv44O844Or44K/44Kq44Or44CA77ys77yINjYmdGltZXM7MjFjbSDigLvmjIHjgaHpgYvjgbPjgavkvr/liKnjgarvvLrvvKnvvLDooovjgaTjgY0g44Kr44Op44O877ya44Kk44Ko44Ot44O877yJ44GM772e44CB44K/44Kk44Og44K744O844Or54m55L6h77yB44CQUkNQ44CR44CQMDJQMDNEZWMxNuOAkQ==,44CQ6KGd5pKD44Gu44K/44Kk44Og44K744O844Or44CR54m55aCx77yB44Gq44KT44Go77yB44GC44Gu44CQ44Gy44KT44KE44KK44K/44Kq44Or44CR44Gy44GI44Gy44GI772e44KL77y677yp77yw44CA44Kv44O844Or44K/44Kq44Or44CA77ys77yINjYmdGltZXM7MjFjbSDigLvmjIHjgaHpgYvjgbPjgavkvr/liKnjgarvvLrvvKnvvLDooovjgaTjgY0g44Kr44Op44O877ya44Kk44Ko44Ot44O877yJ44GM772e44CB44K/44Kk44Og44K744O844Or54m55L6h77yB44CQUkNQ44CR44CQMDJQMDNEZWMxNuOAkQ==[rn]
19-18397,aHR0cDovL3RzaG9wLnIxMHMuanAvbWVkaXN0b2NrL2NhYmluZXQvdHMxNjA5bi80NTYyMTY4MTg1OTM4cDE2MDkuanBnP2ZpdGluPTcwMDo3MDA=,NzIuMDAwMA==,,5pel55So5ZOB6ZuR6LKo44O75paH5oi/5YW344O75omL6Iq4ID4g5pel55So5ZOB44O755Sf5rS76ZuR6LKoID4g6KKLID4g44Gd44Gu5LuW,44CQ6KGd5pKD44Gu44K/44Kk44Og44K744O844Or44CR54m55aCx77yB44Gq44KT44Go77yB44GC44Gu44CQ44Gy44KT44KE44KK44K/44Kq44Or44CR44Gy44GI44Gy44GI772e44KL77y677yp77yw44CA44Kv44O844Or44K/44Kq44Or44CA77ys77yINjbDlzIxY20g4oC75oyB44Gh6YGL44Gz44Gr5L6/5Yip44Gq77y677yp77yw6KKL44Gk44GNIOiJsu+8muOCpOOCqOODreODvO+8iSDjgYzjgIHjgr/jgqTjg6Djgrvjg7zjg6vnt4/pm4bnt6jnibnkvqHvvIHvvIjjgZTos7zlhaXmlbDliLbpmZDjgYLjgorvvIkg44CQUkNQ44CR,,44CQ5pel55So5ZOB77yP5Ya35Y2044Ki44Kk44OG44Og44CR5rC044Gr44Gk44GR44KL44Gg44GR44Gn44CB44Gy44KT44KE44KK44CB44Gy44GI44Gy44GI77yB44CA57mw44KK6L+U44GX5L2/44GI44KL44Kv44O844Or44K/44Kq44Or44Gn44GZ44CC5rC044Gr44Gk44GR44KM44Gw5L2V5bqm44Gn44KC5Ya344Gf44GP44Gq44KL44Gu44Gn44CB44Go44Gj44Gm44KC772F772D772P77yB56+A6Zu744Gu5aSP44Gr44G044Gj44Gf44KK44Gu44Ki44Kk44OG44Og44Gn44GZ44CC5L6/5Yip44Gq5oyB44Gh6YGL44Gz55So77y677yp77yw6KKL44Gk44GN77yB44K144Kk44K677yI57SE77yJNjZjbcOXMjFjbeOAgeOCq+ODqeODvO+8muOCpOOCqOODreODvDxicj7jgJDvvIHjgJHliJ3jgoHjgabkvb/nlKjjgZnjgovmmYLjga/msLTmtJfjgYTjgZfjgabjgY/jgaDjgZXjgYTjgILjgb7jgZ/jgIHnmq7ohprjgavnlbDluLjjgpLmhJ/jgZjjgZ/jgonkvb/nlKjjgpLmraLjgoHjgIHljLvluKvjgarjganjgajnm7joq4fjgZfjgabjgY/jgaDjgZXjgYTjgII=,44CQ6KGd5pKD44Gu44K/44Kk44Og44K744O844Or44CR54m55aCx77yB44Gq44KT44Go77yB44GC44Gu44CQ44Gy44KT44KE44KK44K/44Kq44Or44CR44Gy44GI44Gy44GI772e44KL77y677yp77yw44CA44Kv44O844Or44K/44Kq44Or44CA77ys77yINjYmdGltZXM7MjFjbSDigLvmjIHjgaHpgYvjgbPjgavkvr/liKnjgarvvLrvvKnvvLDooovjgaTjgY0g6Imy77ya44Kk44Ko44Ot44O877yJIOOBjOOAgeOCv+OCpOODoOOCu+ODvOODq+e3j+mbhue3qOeJueS+oe+8ge+8iOOBlOizvOWFpeaVsOWItumZkOOBguOCiu+8iSDjgJBSQ1DjgJHvvJrjg6Hjg4fjgqPjgrnjg4jjg4Pjgq8=,576O5a655YGl5bq344Oh44OH44Kj44K544Oz44OX44Op44K544Oh44OH44Kj44K544OI44OD44Kv5YGl5bq36aOf5ZOB44K144OX44Oq44Oh44Oz44OI44Oa44OD44OI55So5ZOB5YyW57Kn5ZOB44OJ44OD44Kw44OV44O844OJ44Kt44Oj44OD44OI44OV44O844OJ5pel55So5ZOB6aOf5paZ5ZOB6aaZ5rC05Yy76Jas5ZOB44CQ6KGd5pKD44Gu44K/44Kk44Og44K744O844Or44CR54m55aCx77yB44Gq44KT44Go77yB44GC44Gu44CQ44Gy44KT44KE44KK44K/44Kq44Or44CR44Gy44GI44Gy44GI772e44KL77y677yp77yw44CA44Kv44O844Or44K/44Kq44Or44CA77ys77yINjYmdGltZXM7MjFjbSDigLvmjIHjgaHpgYvjgbPjgavkvr/liKnjgarvvLrvvKnvvLDooovjgaTjgY0g6Imy77ya44Kk44Ko44Ot44O877yJIOOBjOOAgeOCv+OCpOODoOOCu+ODvOODq+e3j+mbhue3qOeJueS+oe+8ge+8iOOBlOizvOWFpeaVsOWItumZkOOBguOCiu+8iSDjgJBSQ1DjgJE=,44CQ6KGd5pKD44Gu44K/44Kk44Og44K744O844Or44CR54m55aCx77yB44Gq44KT44Go77yB44GC44Gu44CQ44Gy44KT44KE44KK44K/44Kq44Or44CR44Gy44GI44Gy44GI772e44KL77y677yp77yw44CA44Kv44O844Or44K/44Kq44Or44CA77ys77yINjYmdGltZXM7MjFjbSDigLvmjIHjgaHpgYvjgbPjgavkvr/liKnjgarvvLrvvKnvvLDooovjgaTjgY0g6Imy77ya44Kk44Ko44Ot44O877yJIOOBjOOAgeOCv+OCpOODoOOCu+ODvOODq+e3j+mbhue3qOeJueS+oe+8ge+8iOOBlOizvOWFpeaVsOWItumZkOOBguOCiu+8iSDjgJBSQ1DjgJE=[rn]
19-18398,aHR0cDovL3RzaG9wLnIxMHMuanAvbWVkaXN0b2NrL2NhYmluZXQvdHMxNjA5bi80NTYyMTY4MTg1OTQ1cDE2MDkuanBnP2ZpdGluPTcwMDo3MDA=,NjYuNDAwMA==,,5pel55So5ZOB6ZuR6LKo44O75paH5oi/5YW344O75omL6Iq4ID4g5pel55So5ZOB44O755Sf5rS76ZuR6LKoID4g6KKLID4g44Gd44Gu5LuW,44CQ6KGd5pKD44Gu44K/44Kk44Og44K744O844Or44CR54m55aCx77yB44Gq44KT44Go77yB44GC44Gu44CQ44Gy44KT44KE44KK44K/44Kq44Or44CR44Gy44GI44Gy44GI772e44KL77y677yp77ywIOOCr+ODvOODq+OCv+OCquODqyDvvK3vvIg2NsOXMTBjbSDigLvmjIHjgaHpgYvjgbPjgavkvr/liKnjgarvvLrvvKnvvLDooosg6Imy77ya44Kk44Ko44Ot44O877yJIOOBjOOAgeOCv+OCpOODoOOCu+ODvOODq+e3j+mbhue3qOeJueS+oe+8ge+8iOOBlOizvOWFpeaVsOWItumZkOOBguOCiu+8iSDigLvjg5Hjg4PjgrHjg7zjgrjjgavoi6XlubLjga7lgrfjgb/jgqLjg6rjgJBSQ1DjgJE=,,44CQ5pel55So5ZOB77yP5Ya35Y2044Ki44Kk44OG44Og44CR5rC044Gr44Gk44GR44KL44Gg44GR44Gn44CB44Gy44KT44KE44KK44CB44Gy44GI44Gy44GI77yB44CA57mw44KK6L+U44GX5L2/44GI44KL44Kv44O844Or44K/44Kq44Or44Gn44GZ44CC5rC044Gr44Gk44GR44KM44Gw5L2V5bqm44Gn44KC5Ya344Gf44GP44Gq44KL44Gu44Gn44CB44Go44Gj44Gm44KC772F772D772P77yB56+A6Zu744Gu5aSP44Gr44G044Gj44Gf44KK44Gu44Ki44Kk44OG44Og44Gn44GZ44CC5L6/5Yip44Gq5oyB44Gh6YGL44Gz55So77y677yp77yw6KKL44Gk44GN77yB44K144Kk44K677yI57SE77yJNjZjbcOXMTBjbeOAgeOCq+ODqeODvO+8muOCpOOCqOODreODvA==,44CQ6KGd5pKD44Gu44K/44Kk44Og44K744O844Or44CR54m55aCx77yB44Gq44KT44Go77yB44GC44Gu44CQ44Gy44KT44KE44KK44K/44Kq44Or44CR44Gy44GI44Gy44GI772e44KL77y677yp77ywIOOCr+ODvOODq+OCv+OCquODqyDvvK3vvIg2NiZ0aW1lczsxMGNtIOKAu+aMgeOBoemBi+OBs+OBq+S+v+WIqeOBqu+8uu+8qe+8sOiiiyDoibLvvJrjgqTjgqjjg63jg7zvvIkg44GM44CB44K/44Kk44Og44K744O844Or57eP6ZuG57eo54m55L6h77yB77yI44GU6LO85YWl5pWw5Yi26ZmQ44GC44KK77yJIOKAu+ODkeODg+OCseODvOOCuOOBq+iLpeW5suOBruWCt+OBv+OCouODquOAkFJDUOOAke+8muODoeODh+OCo+OCueODiOODg+OCrw==,576O5a655YGl5bq344Oh44OH44Kj44K544Oz44OX44Op44K544Oh44OH44Kj44K544OI44OD44Kv5YGl5bq36aOf5ZOB44K144OX44Oq44Oh44Oz44OI44Oa44OD44OI55So5ZOB5YyW57Kn5ZOB44OJ44OD44Kw44OV44O844OJ44Kt44Oj44OD44OI44OV44O844OJ5pel55So5ZOB6aOf5paZ5ZOB6aaZ5rC05Yy76Jas5ZOB44CQ6KGd5pKD44Gu44K/44Kk44Og44K744O844Or44CR54m55aCx77yB44Gq44KT44Go77yB44GC44Gu44CQ44Gy44KT44KE44KK44K/44Kq44Or44CR44Gy44GI44Gy44GI772e44KL77y677yp77ywIOOCr+ODvOODq+OCv+OCquODqyDvvK3vvIg2NiZ0aW1lczsxMGNtIOKAu+aMgeOBoemBi+OBs+OBq+S+v+WIqeOBqu+8uu+8qe+8sOiiiyDoibLvvJrjgqTjgqjjg63jg7zvvIkg44GM44CB44K/44Kk44Og44K744O844Or57eP6ZuG57eo54m55L6h77yB77yI44GU6LO85YWl5pWw5Yi26ZmQ44GC44KK77yJIOKAu+ODkeODg+OCseODvOOCuOOBq+iLpeW5suOBruWCt+OBv+OCouODquOAkFJDUOOAkQ==,44CQ6KGd5pKD44Gu44K/44Kk44Og44K744O844Or44CR54m55aCx77yB44Gq44KT44Go77yB44GC44Gu44CQ44Gy44KT44KE44KK44K/44Kq44Or44CR44Gy44GI44Gy44GI772e44KL77y677yp77ywIOOCr+ODvOODq+OCv+OCquODqyDvvK3vvIg2NiZ0aW1lczsxMGNtIOKAu+aMgeOBoemBi+OBs+OBq+S+v+WIqeOBqu+8uu+8qe+8sOiiiyDoibLvvJrjgqTjgqjjg63jg7zvvIkg44GM44CB44K/44Kk44Og44K744O844Or57eP6ZuG57eo54m55L6h77yB77yI44GU6LO85YWl5pWw5Yi26ZmQ44GC44KK77yJIOKAu+ODkeODg+OCseODvOOCuOOBq+iLpeW5suOBruWCt+OBv+OCouODquOAkFJDUOOAkQ==[rn]
19-18399,aHR0cDovL3RzaG9wLnIxMHMuanAvcmFrdXRlbjI0L2NhYmluZXQvZTQzMTUvZTQzMTUxN2hfbC5qcGc/Zml0aW49NzAwOjcwMA==,NTAwLjAwMDA=,,5pel55So5ZOB6ZuR6LKo44O75paH5oi/5YW344O75omL6Iq4ID4g5pel55So5ZOB44O755Sf5rS76ZuR6LKoID4g6KKLID4g44Gd44Gu5LuW,44K144Oz44Ov44K144OX44Op44KkIOODnuODq+ODgeOCr+ODg+OCt+ODp+ODs+OCseODvOOCuSDlt77nnYDjgr/jgqTjg5cg44OW44Op44OD44KvIElOLUMzS+OAkOalveWkqTI044CRW+OCteODs+ODr+OCteODl+ODqeOCpOWwj+eJqeWPjue0jeiii10=,44K144Oz44Ov44K144OX44Op44KkL+eojuaKnDE4ODDlhobku6XkuIrpgIHmlpnnhKHmlpk=,PHA+56iO5oqcMTg4MOWGhuS7peS4iumAgeaWmeeEoeaWmS/jgrXjg7Pjg6/jgrXjg5fjg6njgqQg44Oe44Or44OB44Kv44OD44K344On44Oz44Kx44O844K5IOW3vuedgOOCv+OCpOODlyDjg5bjg6njg4Pjgq8gSU4tQzNLPGJyPualveWkqTI077ye5pel55So5ZOB77ye44OI44Op44OZ44Or44Kw44OD44K677ye6I236YCg44KK44Kw44OD44K677ye5bCP54mp5Y+O57SN6KKL77yePGJyPuODluODqeODs+ODie+8muOCteODs+ODr+OCteODl+ODqeOCpC/oo73pgKDosqnlo7LlhYPvvJrjgrXjg7Pjg6/jgrXjg5fjg6njgqQ8L3A+ICAgPGJyPjxicj48YnI+PGhyIHNpemU9IjEiIGNvbG9yPSIjZTBlMGUwIiBub3NoYWRlPjxicj48Yj7llYblk4HoqqzmmI48L2I+PGJyPuOAjOOCteODs+ODr+OCteODl+ODqeOCpCDjg57jg6vjg4Hjgq/jg4Pjgrfjg6fjg7PjgrHjg7zjgrkg5be+552A44K/44Kk44OXIOODluODqeODg+OCryBJTi1DM0vjgI3jga/jgIHmp5jjgIXjgarnlKjpgJTjgavlpKfmtLvouo3jgIHmqZ/lmajjgpLlhKrjgZfjgY/kv53orbfjgZnjgovjgIHlt77nnYDjgr/jgqTjg5fjga7jg57jg6vjg4Hjgq/jg4Pjgrfjg6fjg7PjgrHjg7zjgrnjgafjgZnjgILjgr3jg5Xjg4jjgarmiYvop6bjgorjgafjgIHjgq/jg4Pjgrfjg6fjg7PmgKfjgoLjgYLjgorjgIHlpKfliIfjgarmqZ/lmajjgpLjgq3jgrrjgYvjgonlrojjgorjgb7jgZnjgILjg57jgqbjgrnjgIHjg4bjg7Pjgq3jg7zjgarjganjga7jg5Hjgr3jgrPjg7PlkajovrrmqZ/lmajjga7lj47ntI3jgavpganjgZfjgZ/jgrXjgqTjgrrjgafjgZnjgII8YnI+PGI+6KO95ZOB5LuV5qeYPC9iPjxicj7il4/jgqvjg6njg7zvvJrjg5bjg6njg4Pjgq88YnI+4peP44K144Kk44K6PGJyPuWkluWvuC9XMTk1w5dEMjDDl0gyNzBtbTxicj7lj4LogIPlj47ntI3lr7jms5UvVzE3MMOXRDM1w5dIMjMwbW08YnI+4peP6YeN6YeP77yaMzdnPGJyPuKXj+adkOizqu+8muODneODquOCqOOCueODhuODq+OCuOODo+ODvOOCuOOAgeODneODquOCpuODrOOCv+ODszxicj7il4/lr77lv5zmqZ/nqK7vvJrjg57jgqbjgrnjgIHjg4bjg7Pjgq3jg7zjgarjganjga7jg5Hjgr3jgrPjg7PlkajovrrmqZ/lmajjgqLjgq/jgrvjgrXjg6rjgarjgak8YnI+SkFO44Kz44O844OJ77ya44CANDk2OTg4Nzc0MTkzMTxicj48aHIgc2l6ZT0iMSIgY29sb3I9IiNlMGUwZTAiIG5vc2hhZGU+5bqD5ZGK5paH6LKs77ya44Kx44Oz44Kz44O844Kz44Og5qCq5byP5Lya56S+PGJyPlRFTDowNTAtNTU3Ny01MDQzPGhyIHNpemU9IjEiIGNvbG9yPSIjZTBlMGUwIiBub3NoYWRlPjxmb250IGNvbG9yID0icmVkIj7igLvjg5Hjg4PjgrHjg7zjgrjjg4fjgrbjgqTjg7PnrYnjga/kuojlkYrjgarjgY/lpInmm7TjgZXjgozjgovjgZPjgajjgYzjgYLjgorjgb7jgZnjgII8L2ZvbnQ+,44K144Oz44Ov44K144OX44Op44KkIOODnuODq+ODgeOCr+ODg+OCt+ODp+ODs+OCseODvOOCuSDlt77nnYDjgr/jgqTjg5cg44OW44Op44OD44KvIElOLUMzS+OAkOalveWkqTI044CRW+OCteODs+ODr+OCteODl+ODqeOCpOWwj+eJqeWPjue0jeiii13vvJrmpb3lpKkyNA==,44K144Oz44Ov44K144OX44Op44KkIOODnuODq+ODgeOCr+ODg+OCt+ODp+ODs+OCseODvOOCuSDlt77nnYDjgr/jgqTjg5cg44OW44Op44OD44KvIElOLUMzS+OAkOalveWkqTI044CRW+OCteODs+ODr+OCteODl+ODqeOCpOWwj+eJqeWPjue0jeiii10=,44K144Oz44Ov44K144OX44Op44KkL+eojuaKnDE4ODDlhobku6XkuIrpgIHmlpnnhKHmlpnjgILjgrXjg7Pjg6/jgrXjg5fjg6njgqQg44Oe44Or44OB44Kv44OD44K344On44Oz44Kx44O844K5IOW3vuedgOOCv+OCpOODlyDjg5bjg6njg4Pjgq8gSU4tQzNL44CQ5qW95aSpMjTjgJFb44K144Oz44Ov44K144OX44Op44Kk5bCP54mp5Y+O57SN6KKLXQ==[rn]
19-18400,aHR0cDovL3RzaG9wLnIxMHMuanAvcmFrdXRlbjI0L2NhYmluZXQvZTIxNzQvZTIxNzQ5OGhfbC5qcGc/Zml0aW49NzAwOjcwMA==,Mzc1LjIwMDA=,,5pel55So5ZOB6ZuR6LKo44O75paH5oi/5YW344O75omL6Iq4ID4g5pel55So5ZOB44O755Sf5rS76ZuR6LKoID4g6KKLID4g44Gd44Gu5LuW,44CQ5Zyo5bqr6ZmQ44KK44CR44Ki44K+44OzIOODjeODg+OCt+ODpeOCseODvOOCuSjjgr3jg5Xjg4gpIFBFTuOCteOCpOOCuiBBWi0zMzYtNjAg44OW44Op44OD44Kv44CQ5qW95aSpMjTjgJFb5bCP54mp5Y+O57SN6KKLIOODiOODqeODmeODq+OCsOODg+OCuiDml4XooYznlKjlk4Fd,44Ki44K+44OzL+eojuaKnDE4ODDlhobku6XkuIrpgIHmlpnnhKHmlpk=,PHA+56iO5oqcMTg4MOWGhuS7peS4iumAgeaWmeeEoeaWmS/jgJDlnKjluqvpmZDjgorjgJHjgqLjgr7jg7Mg44ON44OD44K344Ol44Kx44O844K5KOOCveODleODiCkgUEVO44K144Kk44K6IEFaLTMzNi02MCDjg5bjg6njg4Pjgq88YnI+5qW95aSpMjTvvJ7ml6XnlKjlk4HvvJ7jg4jjg6njg5njg6vjgrDjg4PjgrrvvJ7ojbfpgKDjgorjgrDjg4PjgrrvvJ7lsI/nianlj47ntI3ooovvvJ48YnI+44OW44Op44Oz44OJ77ya44Ki44K+44OzL+i8uOWFpeWFg++8muOCu+OCreOCu+OCpDwvcD7opo/moLzvvJpQRU7jgrXjgqTjgrogIOOCteOCpOOCuu+8mue4pjkwKuaoqjIwMG1tIOOCq+ODqeODvO+8muODluODqeODg+OCrzxicj7ljp/nlKPlm73vvJrkuK3lm708YnI+PGJyPjxociBzaXplPSIxIiBjb2xvcj0iI2UwZTBlMCIgbm9zaGFkZT48YnI+PGI+5ZWG5ZOB6Kqs5piOPC9iPjxicj7jgIzjgJDlnKjluqvpmZDjgorjgJHjgqLjgr7jg7Mg44ON44OD44K344Ol44Kx44O844K5KOOCveODleODiCkgUEVO44K144Kk44K6IEFaLTMzNi02MCDjg5bjg6njg4Pjgq/jgI3jga/jgIHlsI/nianjgarjganjgpLjgqvjg6njg5Xjg6vjgavliIbpoZ7lj47ntI3jgafjgY3jgovjgIHlsI/nianlj47ntI3ooovjgafjgZnjgILkuK3jgavlhaXjgozjgZ/jgoLjga7jgYzjgbLjgajnm67jgafjgo/jgYvjgovjg43jg4Pjgrfjg6XnlJ/lnLDjgII8YnI+6YCa5rCX5oCn44GM6Imv44GP44K944OV44OI44Gq44OK44Kk44Ot44Oz57Sg5p2Q44CC44OQ44OD44Kw44Gu5Lit44Gu5bCP54mp44KS55So6YCU5Yil44Gr5pW055CG44Gn44GN44CB5b+F6KaB44Gq44KC44Gu44KS44GZ44GQ44Gr5Y+W44KK5Ye644Gb44G+44GZ44CCPGJyPjxiPuadkOizqjwvYj48YnI+44Od44Oq44Ko44K544OG44OrPGJyPjxiPuWOn+eUo+WbvTwvYj48YnI+5Lit5Zu9PGJyPkpBTuOCs+ODvOODie+8muOAgDQ5NzQyMTQxMTgyODc8YnI+PGhyIHNpemU9IjEiIGNvbG9yPSIjZTBlMGUwIiBub3NoYWRlPuW6g+WRiuaWh+iyrO+8muOCseODs+OCs+ODvOOCs+ODoOagquW8j+S8muekvjxicj5URUw6MDUwLTU1NzctNTA0MzxociBzaXplPSIxIiBjb2xvcj0iI2UwZTBlMCIgbm9zaGFkZT7mnKzllYblk4Hjga/lnKjluqvpmZDjgorjga7llYblk4HjgafjgZnjgILjgZTms6jmloflvozjgavjgq3jg6Pjg7Pjgrvjg6vjgZXjgZvjgabjgYTjgZ/jgaDjgY/loLTlkIjjgYzjgZTjgZbjgYTjgb7jgZnjgII8aHIgc2l6ZT0iMSIgY29sb3I9IiNlMGUwZTAiIG5vc2hhZGU+PGZvbnQgY29sb3IgPSJyZWQiPuKAu+ODkeODg+OCseODvOOCuOODh+OCtuOCpOODs+etieOBr+S6iOWRiuOBquOBj+WkieabtOOBleOCjOOCi+OBk+OBqOOBjOOBguOCiuOBvuOBmeOAgjwvZm9udD4=,44CQ5Zyo5bqr6ZmQ44KK44CR44Ki44K+44OzIOODjeODg+OCt+ODpeOCseODvOOCuSjjgr3jg5Xjg4gpIFBFTuOCteOCpOOCuiBBWi0zMzYtNjAg44OW44Op44OD44Kv44CQ5qW95aSpMjTjgJFb5bCP54mp5Y+O57SN6KKLIOODiOODqeODmeODq+OCsOODg+OCuiDml4XooYznlKjlk4Fd77ya5qW95aSpMjQ=,44CQ5Zyo5bqr6ZmQ44KK44CR44Ki44K+44OzIOODjeODg+OCt+ODpeOCseODvOOCuSjjgr3jg5Xjg4gpIFBFTuOCteOCpOOCuiBBWi0zMzYtNjAg44OW44Op44OD44Kv44CQ5qW95aSpMjTjgJFb5bCP54mp5Y+O57SN6KKLIOODiOODqeODmeODq+OCsOODg+OCuiDml4XooYznlKjlk4Fd,44Ki44K+44OzL+eojuaKnDE4ODDlhobku6XkuIrpgIHmlpnnhKHmlpnjgILjgJDlnKjluqvpmZDjgorjgJHjgqLjgr7jg7Mg44ON44OD44K344Ol44Kx44O844K5KOOCveODleODiCkgUEVO44K144Kk44K6IEFaLTMzNi02MCDjg5bjg6njg4Pjgq/jgJDmpb3lpKkyNOOAkVvlsI/nianlj47ntI3ooosg44OI44Op44OZ44Or44Kw44OD44K6IOaXheihjOeUqOWTgV0=[rn]
