39-1001,aHR0cDovL3RzaG9wLnIxMHMuanAvamV3ZWxyeS1kZXZhcy9jYWJpbmV0L2l0ZW1zMy9tbC1yMDIwLW0td2ctMDAxLmpwZz9maXRpbj03MDA6NzAw,MjI0NjQuMDAwMA==,,44K444Ol44Ko44Oq44O844O744Ki44Kv44K744K144Oq44O8ID4g44Os44OH44Kj44O844K544K444Ol44Ko44Oq44O844O744Ki44Kv44K744K144Oq44O8ID4g5oyH6Lyq44O744Oq44Oz44Kw,SzE4IOODm+ODr+OCpOODiOOCtOODvOODq+ODiSDjg6rjg7PjgrAg44Op44Kk44Oz44OH44K244Kk44OzKE0p44Os44OH44Kj44O844K5IOODoeODs+OCuiAxOEsgMTjph5EgV0fjg5fjg6zjgrzjg7Pjg4ggREVWQVMg44OH44Kj44O844O044Kh44K5,56iL44KI44GE5aSq44GV44Gu5LiK5ZOB44Gq44Oq44Oz44KwIOODmuOCouODquODs+OCsOOChOe1kOWpmuaMh+i8quOBq+OCgu+8gQ==,PHRhYmxlIHdpZHRoPSI3MjAiIGNlbGxzcGFjaW5nPSIwIiBjZWxscGFkZGluZz0iMCI+Cjx0cj4KPHRkPjxpbWcgc3JjPSJodHRwczovL2ltYWdlLnJha3V0ZW4uY28uanAvamV3ZWxyeS1kZXZhcy9jYWJpbmV0L2l0ZW1zMy9tbC1yMDIwLW0td2ctMDAyLmpwZyIgd2lkdGg9IjcyMCIgaGVpZ2h0PSI1NTAiIC8+PC90ZD4KPC90cj4KPHRyPgo8dGQgaGVpZ2h0PSIzMiI+Jm5ic3A7PC90ZD4KPC90cj4KPHRyPgo8dGQ+PGltZyBzcmM9Imh0dHBzOi8vaW1hZ2UucmFrdXRlbi5jby5qcC9qZXdlbHJ5LWRldmFzL2NhYmluZXQvaXRlbXMzL21sLXIwMjAtbS13Zy0wMDNfMDEuanBnIiB3aWR0aD0iNzIwIiBoZWlnaHQ9IjUyMCIgLz48L3RkPgo8L3RyPgo8dHI+Cjx0ZD48aW1nIHNyYz0iaHR0cHM6Ly9pbWFnZS5yYWt1dGVuLmNvLmpwL2pld2VscnktZGV2YXMvY2FiaW5ldC9pdGVtczMvbWwtcjAyMC1tLXdnLTAwM18wMi5qcGciIHdpZHRoPSI3MjAiIGhlaWdodD0iMjAwIiAvPjwvdGQ+CjwvdHI+Cjx0cj4KPHRkIGhlaWdodD0iNTAiPiZuYnNwOzwvdGQ+CjwvdHI+Cjx0cj4KPHRkPjxpbWcgc3JjPSJodHRwczovL2ltYWdlLnJha3V0ZW4uY28uanAvamV3ZWxyeS1kZXZhcy9jYWJpbmV0L2l0ZW1zMy9tbC1yMDIwLW0td2ctMDA0XzAxLmpwZyIgd2lkdGg9IjcyMCIgaGVpZ2h0PSIzNjAiIC8+PC90ZD4KPC90cj4KPHRyPgo8dGQ+PGltZyBzcmM9Imh0dHBzOi8vaW1hZ2UucmFrdXRlbi5jby5qcC9qZXdlbHJ5LWRldmFzL2NhYmluZXQvaXRlbXMzL21sLXIwMjAtbS13Zy0wMDRfMDIuanBnIiB3aWR0aD0iNzIwIiBoZWlnaHQ9IjQwIiAvPjwvdGQ+CjwvdHI+Cjx0cj4KPHRkIGhlaWdodD0iMzIiPiZuYnNwOzwvdGQ+CjwvdHI+Cjx0cj4KPHRkPjxpbWcgc3JjPSJodHRwczovL2ltYWdlLnJha3V0ZW4uY28uanAvamV3ZWxyeS1kZXZhcy9jYWJpbmV0L2l0ZW1zMy9tbC1yMDIwLW0td2ctMDA1XzAxLmpwZyIgd2lkdGg9IjcyMCIgaGVpZ2h0PSIzNjAiIC8+PC90ZD4KPC90cj4gCjx0cj4KPHRkPjxpbWcgc3JjPSJodHRwczovL2ltYWdlLnJha3V0ZW4uY28uanAvamV3ZWxyeS1kZXZhcy9jYWJpbmV0L2l0ZW1zMy9tbC1yMDIwLW0td2ctMDA1XzAyLmpwZyIgd2lkdGg9IjcyMCIgaGVpZ2h0PSI0MCIgLz48L3RkPgo8L3RyPgo8dHI+Cjx0ZCBoZWlnaHQ9IjMyIj4mbmJzcDs8L3RkPgo8L3RyPgo8dHI+Cjx0ZD48aW1nIHNyYz0iaHR0cHM6Ly9pbWFnZS5yYWt1dGVuLmNvLmpwL2pld2VscnktZGV2YXMvY2FiaW5ldC9pdGVtczMvbWwtcjAyMC1tLXdnLTAwNl8wMS5qcGciIHdpZHRoPSI3MjAiIGhlaWdodD0iMzYwIiAvPjwvdGQ+CjwvdHI+Cjx0cj4KPHRkPjxpbWcgc3JjPSJodHRwczovL2ltYWdlLnJha3V0ZW4uY28uanAvamV3ZWxyeS1kZXZhcy9jYWJpbmV0L2l0ZW1zMy9tbC1yMDIwLW0td2ctMDA2XzAyLmpwZyIgd2lkdGg9IjcyMCIgaGVpZ2h0PSI3MCIgLz48L3RkPgo8L3RyPgo8dHI+Cjx0ZCBoZWlnaHQ9IjMyIj4mbmJzcDs8L3RkPgo8L3RyPgo8dHI+Cjx0ZD48aW1nIHNyYz0iaHR0cHM6Ly9pbWFnZS5yYWt1dGVuLmNvLmpwL2pld2VscnktZGV2YXMvY2FiaW5ldC9pdGVtczMvbWwtcjAyMC1tLXdnLTAwN18wMS5qcGciIHdpZHRoPSI3MjAiIGhlaWdodD0iMzYwIiAvPjwvdGQ+CjwvdHI+Cjx0cj4KPHRkPjxpbWcgc3JjPSJodHRwczovL2ltYWdlLnJha3V0ZW4uY28uanAvamV3ZWxyeS1kZXZhcy9jYWJpbmV0L2l0ZW1zMy9tbC1yMDIwLW0td2ctMDA3XzAyLmpwZyIgd2lkdGg9IjcyMCIgaGVpZ2h0PSIyODAiIC8+PC90ZD4KPC90cj4KPHRyPgo8dGQgaGVpZ2h0PSI1MCI+Jm5ic3A7PC90ZD4KPC90cj4KPHRyPgo8dGQ+PGltZyBzcmM9Imh0dHBzOi8vaW1hZ2UucmFrdXRlbi5jby5qcC9qZXdlbHJ5LWRldmFzL2NhYmluZXQvaXRlbXMzL21sLXIwMjAtbS13Zy0wMDguanBnIiB3aWR0aD0iNzIwIiBoZWlnaHQ9IjM2MCIgLz48L3RkPgo8L3RyPgo8dHI+Cjx0ZCBoZWlnaHQ9IjUwIj4mbmJzcDs8L3RkPgo8L3RyPgo8dHI+Cjx0ZD48aW1nIHNyYz0iaHR0cHM6Ly9pbWFnZS5yYWt1dGVuLmNvLmpwL2pld2VscnktZGV2YXMvY2FiaW5ldC9pdGVtczMvbWwtcjAyMC1tLXdnLW0xXzAxLmpwZyIgd2lkdGg9IjcyMCIgaGVpZ2h0PSI0ODAiIC8+PC90ZD4KPC90cj4gCjx0cj4KPHRkPjxpbWcgc3JjPSJodHRwczovL2ltYWdlLnJha3V0ZW4uY28uanAvamV3ZWxyeS1kZXZhcy9jYWJpbmV0L2l0ZW1zMy9tbC1yMDIwLW0td2ctbTFfMDIuanBnIiB3aWR0aD0iNzIwIiBoZWlnaHQ9IjI1MCIgLz48L3RkPgo8L3RyPiAKPHRyPgo8dGQgaGVpZ2h0PSI1MCI+Jm5ic3A7PC90ZD4KPC90cj4KPHRyPgo8dGQ+PGltZyBzcmM9Imh0dHBzOi8vaW1hZ2UucmFrdXRlbi5jby5qcC9qZXdlbHJ5LWRldmFzL2NhYmluZXQvaXRlbXMzL21sLXIwMjAtbS1nZC1tMi5qcGciIHdpZHRoPSI3MjAiIGhlaWdodD0iNDgwIiAvPjwvdGQ+CjwvdHI+IAo8dHI+Cjx0ZCBoZWlnaHQ9IjUwIj4mbmJzcDs8L3RkPgo8L3RyPgo8dHI+Cjx0ZD48aW1nIHNyYz0iaHR0cHM6Ly9pbWFnZS5yYWt1dGVuLmNvLmpwL2pld2VscnktZGV2YXMvY2FiaW5ldC9pdGVtczMvc2l6ZS1yMDIwd2ctbS5qcGciIHdpZHRoPSI3MjAiIGhlaWdodD0iMzYwIiAvPjwvdGQ+CjwvdHI+Cjx0cj4KPHRkIGhlaWdodD0iNTAiPiZuYnNwOzwvdGQ+CjwvdHI+Cjx0cj4KPHRkPjxpbWcgc3JjPSJodHRwczovL2ltYWdlLnJha3V0ZW4uY28uanAvamV3ZWxyeS1kZXZhcy9jYWJpbmV0L2l0ZW1zMy9jb2xvci1yMDIwLW0uanBnIiB3aWR0aD0iNzIwIiBoZWlnaHQ9IjQxMSIgLz48L3RkPgo8L3RyPgo8dHI+Cjx0ZCBoZWlnaHQ9IjUwIj4mbmJzcDs8L3RkPgo8L3RyPgo8L3RhYmxlPgo8aW1nIHNyYz0iaHR0cHM6Ly9pbWFnZS5yYWt1dGVuLmNvLmpwL2pld2VscnktZGV2YXMvY2FiaW5ldC9pdGVtczIvcGFydHMvcmluZ19pbWkuanBnIiB3aWR0aD0iNzIwIiBoZWlnaHQ9IjM2MCI+Cjxicj4KPGJyPgo8dGFibGUgd2lkdGg9IjcyMCIgYm9yZGVyPSIwIiBjZWxscGFkZGluZz0iMjAiIGNlbGxzcGFjaW5nPSIxIiBiZ2NvbG9yPSIjZDdkM2NlIj4KICA8dHI+CiAgPHRkIGJnY29sb3I9IiNmZmZmZmYiPgo8Zm9udCBjb2xvcj0iIzY2NjY2NiIgc2l6ZT0iLTEiIHN0eWxlPSJsaW5lLWhlaWdodDoxOHB4Ij4K44CM44CA44K544K/44OD44OV44KI44KK44CA44CNPGJyPgo8YnI+CuODh+OCtuOCpOODiuODvOOBruOBk+OBoOOCj+OCiuOBjOOBpOOBvuOBo+OBn+OAgUsxOFdH44O744Ob44Ov44Kk44OI44K044O844Or44OJ44Oq44Oz44Kw44CCPGJyPgrjg5vjg6/jgqTjg4jjgrTjg7zjg6vjg4njga7ntKDmnZDjgpLnlJ/jgYvjgZfjgZ/jg6rjg7PjgrDjga/jgIHmnKjnm67jga7jgojjgYbjgarjg6njgqTjg7PjgYzlhYnjgavjgojjgorjgZXjgorjgZLjgarjgY/ovJ3jgY3jgb7jgZnjgII8YnI+Cjxicj4K44G+44Gf44K344Oz44OX44Or44Gn44OH44K244Kk44Oz44Gq44Gu44Gn44CB44Oa44Ki44Oq44Oz44Kw44KE57WQ5ama5oyH6Lyq44Gr44KC44Kq44K544K544Oh77yBPGJyPgrjgrPjg7zjg4fjgqPjg43jg7zjg4jjgpLpgbjjgbDjgZrjgIHjgZXjgorjgZLjgarjgYTjgqrjgrfjg6Pjg6zjgpLjgYrmpb3jgZfjgb/jgYTjgZ/jgaDjgZHjgb7jgZnjgII8YnI+Cjxicj4K5YWo44GmMTjph5HjgpLnlKjjgYTjgZ/lpKfkurrjga7mma7mrrXkvb/jgYTjgqLjgq/jgrvjgrXjg6rjg7zjgajjgZfjgabjgIHmnKznianjga7jgrjjg6Xjgqjjg6rjg7zjgpLjgYrmpb3jgZfjgb/jgY/jgaDjgZXjgYTjgIIgPC9mb250PjwvdGQ+CjwvdHI+CjwvdGFibGU+Cjxicj4KCjx0YWJsZSB3aWR0aD0iNzIwIiBib3JkZXI9IjAiIGNlbGxwYWRkaW5nPSIxMCIgY2VsbHNwYWNpbmc9IjEiIGJnY29sb3I9IiNjY2NjY2MiPgo8dHI+Cjx0ZCBjb2xzcGFuPSIyIiBhbGlnbj0iY2VudGVyIiBiZ2NvbG9yPSIjRDdEM0NFIj48Zm9udCBjb2xvcj0iIzAwMDAwMCIgc2l6ZT0iLTEiPuips+e0sDwvZm9udD48L3RkPgo8L3RyPgo8dHI+Cjx0ZCB3aWR0aD0iMTUxIiBiZ2NvbG9yPSIjRjlGM0U5Ij48Zm9udCBjb2xvcj0iIzMzMzMzMyIgc2l6ZT0iLTEiPuODquODs+OCsDwvZm9udD48L3RkPgo8dGQgd2lkdGg9IjUyNiIgYmdjb2xvcj0iI2ZmZmZmZiI+PGZvbnQgY29sb3I9IiMzMzMzMzMiIHNpemU9Ii0xIj7luYUgMS44bW3vvI/ljprjgb8gMS44bW08L2ZvbnQ+PC90ZD4KPC90cj4KPHRyPgo8dGQgYmdjb2xvcj0iI0Y5RjNFOSI+PHA+PGZvbnQgY29sb3I9IiMzMzMzMzMiIHNpemU9Ii0xIj7lsZXplovjgrXjgqTjgro8L2ZvbnQ+PC9wPjwvdGQ+Cjx0ZCBiZ2NvbG9yPSIjZmZmZmZmIj48Zm9udCBjb2xvcj0iIzMzMzMzMyIgc2l6ZT0iLTEiPjXlj7fjg7s25Y+344O7N+WPt+ODuzjlj7c8YnI+CiAgICA8Zm9udCBjb2xvcj0iI0ZGMDAwMCI+OeWPt+ODuzEw5Y+344O7MTHlj7cg44CQ5Yil6YCU6L+95YqgMjAwMOWGhuOAkTxicj4KMTLlj7fjg7sxM+WPt+ODuzE05Y+344O7MTXlj7cg44CQ5Yil6YCU6L+95YqgMzAwMOWGhuOAkTwvZm9udD48YnI+CgogPGJyPgrjgZTms6jmlofmmYLjgZTluIzmnJvjgrXjgqTjgrrjgpLjgYrpgbjjgbPkuIvjgZXjgYTjgII8YnI+Cjxicj4KOeWPt+S7peS4iuOBruWIpemAlOi/veWKoOmHkemhjeOBrumHkemhjeOBruS/ruato+OBr+OAgeOBlOazqOaWh+eiuuiqjeaZguOBq+WkieabtOOBleOBm+OBpumgguOBjeOBvuOBmeOAgjxicj4KPGJyPgo8YnI+CuKAu+i/veWKoOS7o+mHkeOBr+OAkOeojuWIpeOAkeOBruihqOiomOOBqOOBquOCiuOBvuOBmeOAgjxicj4KPGJyPgrjgb7jgZ/jgIHov73liqDku6Pph5Hjga/lvZPlupfjgZTms6jmlofnorroqo3lvozjgavmiYvli5XjgafliqDnrpfjgZfjgb7jgZnjga7jgafjgIE8YnI+44GK6LK344GE54mp44GL44GU562J44Gu55S76Z2i44Gn44Gv5ZCI6KiI6YeR6aGN44Gr5Yqg566X44GV44KM44G+44Gb44KT44Gu44Gn44CB5LqI44KB44GU5LqG5om/44GP44Gg44GV44GE44G+44Gb44CCPC9mb250PjwvdGQ+CjwvdHI+Cjx0cj4KPHRkIGJnY29sb3I9IiNGOUYzRTkiPjxmb250IGNvbG9yPSIjMzMzMzMzIiBzaXplPSItMSI+57Sg5p2QPC9mb250PjwvdGQ+Cjx0ZCBiZ2NvbG9yPSIjZmZmZmZmIj48Zm9udCBjb2xvcj0iIzMzMzMzMyIgc2l6ZT0iLTEiPiBLMTgg44Ob44Ov44Kk44OI44K044O844Or44OJ77yIMTjph5FXR++8iTwvZm9udD48L3RkPgo8L3RyPgo8dHI+Cjx0ZCBiZ2NvbG9yPSIjRjlGM0U5Ij48Zm9udCBjb2xvcj0iIzMzMzMzMyIgc2l6ZT0iLTEiPiDpgIHmlpk8L2ZvbnQ+PC90ZD4KPHRkIGJnY29sb3I9IiNmZmZmZmYiPjxmb250IGNvbG9yPSIjMzMzMzMzIiBzaXplPSItMSI+IOOBk+OBoeOCieOBruWVhuWTgeOBr+WFqOWbvemAgeaWmeeEoeaWmSA8L2ZvbnQ+PC90ZD4KPC90cj4KPHRyPgo8dGQgaGVpZ2h0PSI0NCIgYmdjb2xvcj0iI0Y5RjNFOSI+PGZvbnQgY29sb3I9IiMzMzMzMzMiIHNpemU9Ii0xIj4wLjXlj7fliLvjgb/jgafjga7nlJ/nlKPjgavjgaTjgYTjgaY8L2ZvbnQ+PC90ZD4KPHRkIGJnY29sb3I9IiNmZmZmZmYiPjxmb250IGNvbG9yPSIjMzMzMzMzIiBzaXplPSItMSI+5aSa44GP44Gu44GK5a6i5qeY44KI44KKMC415Y+35Yi744G/44Gn44Gu6LKp5aOy44Gu44GU6KaB5pyb44KS6aCC44GE44Gm44GK44KK44G+44GX44Gf44Gu44Gn44CBMC415Y+35Yi744G/44Gn44Gu6LKp5aOy44KC5a++5b+c44GV44Gb44Gm6aCC44GN44G+44GZ44CCPGJyPgo8YnI+Cjxmb250IGNvbG9yPSIjRkYwMDAwIj7igLvjgZ/jgaDjgZfjgIHliKXms6jjgrXjgqTjgrrnlJ/nlKPjgajjgarjgorjgb7jgZnjga7jgafjgIHjgrXjgqTjgrrkuqTmj5vjga/jgYrlj5fjgZHoh7TjgZfjgYvjga3jgb7jgZnjgII8YnI+Cjxicj4K4oC744GU5rOo5paH5pmC44Gu5YKZ6ICD5qyE44Gr44CB44GU5biM5pyb44Gu44K144Kk44K644KS6KiY6LyJ44GK6aGY44GE6Ie044GX44G+44GZ44CCPGJyPgo8YnI+CuKAu+WIpemAlOi/veWKoOS7o+mHkeOBq+OBpOOBjeOBvuOBl+OBpuOBr+OAgTAuNeWPt+S4iuOBruOCteOCpOOCuuOBq+a6luOBmOOBvuOBmeOAgjxicj4KKOS+izguNeWPt+OBr+WIpemAlOi/veWKoOS7o+mHkTIwMDDlhobjgIExMS415Y+344Gv5Yil6YCU6L+95Yqg5Luj6YeRMzAwMOWGhik8L2ZvbnQ+PC9mb250PjwvdGQ+CjwvdHI+CjwvdGFibGU+Cjxicj4KPGJyPgo8YnI+Cjx0YWJsZSB3aWR0aD0iNzIwIiBoZWlnaHQ9IjM4NiIgYm9yZGVyPSIwIiBjZWxscGFkZGluZz0iMCIgY2VsbHNwYWNpbmc9IjAiPgo8dHI+Cjx0ZCBjb2xzcGFuPSI3Ij4KPGltZyBzcmM9Imh0dHBzOi8vaW1hZ2UucmFrdXRlbi5jby5qcC9qZXdlbHJ5LWRldmFzL2NhYmluZXQvaXRlbXMyL3BhcnRzL2thbi1taWRhc2hpLmpwZyIgd2lkdGg9IjcyMCIgaGVpZ2h0PSI0OSIgYWx0PSIiPjwvdGQ+CjwvdHI+Cjx0cj4KPHRkIGhlaWdodD0iMjY1IiB3aWR0aD0iMTM2Ij4mbmJzcDs8L3RkPgo8dGQ+PGltZyBzcmM9Imh0dHBzOi8vaW1hZ2UucmFrdXRlbi5jby5qcC9qZXdlbHJ5LWRldmFzL2NhYmluZXQvaXRlbXMyL3BhcnRzL2thbi0wMjB3Zy1tLmpwZyIgd2lkdGg9IjE5NSIgaGVpZ2h0PSIxOTgiIGFsdD0iIiAvPjxicj4KPGJyPgo8Zm9udCBjb2xvcj0iIzY2NjY2NiIgc2l6ZT0iLTEiIHN0eWxlPSJsaW5lLWhlaWdodDoxOHB4Ij4KPGEgaHJlZj0iaHR0cHM6Ly9pdGVtLnJha3V0ZW4uY28uanAvamV3ZWxyeS1kZXZhcy9tbC1yMDIwLW0tZ2QvIiB0YXJnZXQ9Il9ibGFuayI+4pag44K044O844Or44OJ44Gv44GT44Gh44KJPC9hPjxicj4K4pag44Ob44Ov44Kk44OI44K044O844Or44OJKOW9k+ODmuODvOOCuCk8YnI+CjxhIGhyZWY9Imh0dHBzOi8vaXRlbS5yYWt1dGVuLmNvLmpwL2pld2VscnktZGV2YXMvbWwtcjAyMC1tLXBnLyIgdGFyZ2V0PSJfYmxhbmsiPuKWoOODlOODs+OCr+OCtOODvOODq+ODieOBr+OBk+OBoeOCiTwvYT48L2ZvbnQ+PC90ZD4KPHRkPjxpbWcgc3JjPSJodHRwczovL2ltYWdlLnJha3V0ZW4uY28uanAvamV3ZWxyeS1kZXZhcy9jYWJpbmV0L2l0ZW1zMi9wYXJ0cy9rYW4tbGluZTIuanBnIiB3aWR0aD0iNTciIGhlaWdodD0iMjYwIiBhbHQ9IiIgLz48L3RkPgo8dGQ+PGltZyBzcmM9Imh0dHBzOi8vaW1hZ2UucmFrdXRlbi5jby5qcC9qZXdlbHJ5LWRldmFzL2NhYmluZXQvaXRlbXMyL3BhcnRzL2thbi0wMjB3Zy1sLmpwZyIgd2lkdGg9IjE5NSIgaGVpZ2h0PSIxOTgiIGFsdD0iIiAvPjxicj4KPGJyPgo8Zm9udCBjb2xvcj0iIzY2NjY2NiIgc2l6ZT0iLTEiIHN0eWxlPSJsaW5lLWhlaWdodDoxOHB4Ij4KPGEgaHJlZj0iaHR0cHM6Ly9pdGVtLnJha3V0ZW4uY28uanAvamV3ZWxyeS1kZXZhcy9tbC1yMDIwLWwtZ2QvIiB0YXJnZXQ9Il9ibGFuayI+4pag44K044O844Or44OJ44Gv44GT44Gh44KJPC9hPjxicj4KPGEgaHJlZj0iaHR0cHM6Ly9pdGVtLnJha3V0ZW4uY28uanAvamV3ZWxyeS1kZXZhcy9tbC1yMDIwLWwtd2cvIiB0YXJnZXQ9Il9ibGFuayI+4pag44Ob44Ov44Kk44OI44K044O844Or44OJ44Gv44GT44Gh44KJPC9hPjxicj4KPGEgaHJlZj0iaHR0cHM6Ly9pdGVtLnJha3V0ZW4uY28uanAvamV3ZWxyeS1kZXZhcy9tbC1yMDIwLWwtcGcvIiB0YXJnZXQ9Il9ibGFuayI+4pag44OU44Oz44Kv44K044O844Or44OJ44Gv44GT44Gh44KJPC9hPjwvZm9udD48L3RkPgo8dGQgaGVpZ2h0PSIyNjUiIHdpZHRoPSIxMzciPiZuYnNwOzwvdGQ+CjwvdHI+Cjx0cj4KPHRkIGNvbHNwYW49IjciPiZuYnNwOzwvdGQ+CjwvdHI+Cjx0cj4KPHRkIGNvbHNwYW49IjciPjxhIGhyZWY9Imh0dHBzOi8vaXRlbS5yYWt1dGVuLmNvLmpwL2pld2VscnktZGV2YXMvbWwtcjAyMHBhaXIvIiB0YXJnZXQ9Il9ibGFuayI+PGltZyBzcmM9Imh0dHBzOi8vaW1hZ2UucmFrdXRlbi5jby5qcC9qZXdlbHJ5LWRldmFzL2NhYmluZXQvaXRlbXMyL3BhcnRzL2thbi1yMDIwcGFpci13Z3BnLmpwZyIgd2lkdGg9IjcyMCIgaGVpZ2h0PSIxMDkiIGJvcmRlcj0iMCIgLz48L2E+PC90ZD4KPC90cj4KPC90YWJsZT4KCjxicj4KPGJyPgo8YnI+Cjxicj4KCjx0YWJsZSB3aWR0aD0iNzIwIiBib3JkZXI9IjAiIGNlbGxwYWRkaW5nPSIwIiBjZWxsc3BhY2luZz0iMCI+Cjx0cj4KPHRkPjxpbWcgc3JjPSJodHRwczovL2ltYWdlLnJha3V0ZW4uY28uanAvamV3ZWxyeS1kZXZhcy9jYWJpbmV0L2l0ZW1zMi9wYXJ0cy9vcF9taWRhc2hpLmpwZyIgd2lkdGg9IjcyMCIgaGVpZ2h0PSIxMDAiIC8+PC90ZD4KPC90cj4KPHRyPgo8dGQ+PGltZyBzcmM9Imh0dHBzOi8vaW1hZ2UucmFrdXRlbi5jby5qcC9qZXdlbHJ5LWRldmFzL2NhYmluZXQvaXRlbXMvbWwtcjAxMHBhaXItMDA5YWxsMi5qcGciIHdpZHRoPSI3MjAiIGhlaWdodD0iNzIwIiAvPjxicj4KICA8aW1nIHNyYz0iaHR0cHM6Ly9pbWFnZS5yYWt1dGVuLmNvLmpwL2pld2VscnktZGV2YXMvY2FiaW5ldC9pdGVtczIvcGFydHMvcmluZ19rb2t1aW4uanBnIiB3aWR0aD0iNzIwIiBoZWlnaHQ9IjIyNyIgLz48L3RkPgo8L3RyPgo8L3RhYmxlPgoKPGJyPgo8YnI+Cgo8dGFibGUgd2lkdGg9IjcyMCIgYm9yZGVyPSIwIiBjZWxscGFkZGluZz0iMCIgY2VsbHNwYWNpbmc9IjAiPgo8dHI+Cjx0ZD48aW1nIHNyYz0iaHR0cHM6Ly9pbWFnZS5yYWt1dGVuLmNvLmpwL2pld2VscnktZGV2YXMvY2FiaW5ldC9pdGVtcy9tbC1yMDEwcGFpci0wMDgtMi5qcGciIHdpZHRoPSI3MjAiIGhlaWdodD0iMzYwIi8+PGJyPgogIDxpbWcgc3JjPSJodHRwczovL2ltYWdlLnJha3V0ZW4uY28uanAvamV3ZWxyeS1kZXZhcy9jYWJpbmV0L2l0ZW1zMi9wYXJ0cy9yaW5nX3N0b25lLmpwZyIgd2lkdGg9IjcyMCIgaGVpZ2h0PSIyMTAiIC8+PC90ZD4KPC90cj4KPC90YWJsZT48dGFibGUgYm9yZGVyPSIwIiBjZWxsc3BhY2luZz0iMCIgY2VsbHBhZGRpbmc9IjIiPgogIDx0ciB2YWxpZ249InRvcCI+CiAgICA8dGQgbm93cmFwPjxmb250IHNpemU9Ii0xIj7jgq7jg5Xjg4jlr77lv5w8L2ZvbnQ+PC90ZD4KICA8L3RyPgo8L3RhYmxlPgo8YnI+Cjx0YWJsZSB3aWR0aD0iNzIwIiBib3JkZXI9IjAiIGNlbGxwYWRkaW5nPSI3IiBjZWxsc3BhY2luZz0iMSIgYmdjb2xvcj0iI2Y3ZWZlNSI+CiAgPHRyPgogICAgPHRkIGFsaWduPSJjZW50ZXIiIGJnY29sb3I9IiNlNmQ0YmQiPjxmb250IHNpemU9Ii0xIj7plqLpgKPllYblk4E8L2ZvbnQ+PC90ZD4KICA8L3RyPgogIDx0cj4KICA8dGQgaGVpZ2h0PSIyNyIgYmdjb2xvcj0iI0ZGRkZGRiI+PGZvbnQgY29sb3I9IiMzMzMzMzMiIHNpemU9Ii0xIj7jg7vjg6rjg7PjgrDkuIDopqc8L2ZvbnQ+PC90ZD4KICA8L3RyPiAgCjwvdGFibGU+PCEtLSDlhajjgqvjg4bjgrTjg6rlhbHpgJog44Op44Kk44OI566H5omAIOOBk+OBk+OBi+OCiSAtLT4KCjwhLS0g4pa8R09MROOBrkNTU+OCkuiqreOBv+i+vOOBv+KWvCAtLT4KPGxpbmsgcmVsPSJzdHlsZXNoZWV0IiB0eXBlPSJ0ZXh0L2NzcyIKaHJlZj0iaHR0cHM6Ly93d3cucmFrdXRlbi5uZS5qcC9nb2xkL2pld2VscnktZGV2YXMvcmlnaHQvbmF2aS9uYXZpLmNzcyI+CjwhLS0g4pazR09MROOBrkNTU+OCkuiqreOBv+i+vOOBv+KWsyAtLT4KCjxkaXYgaWQ9InRhYjAxIiBjbGFzcz0idGFiX2JhbiI+IAogIDwhLS0gLyN0YWIxLnRhYl9iYW4gLS0+PC9kaXY+Cgo8ZGl2IGlkPSJ0YWIwMiIgY2xhc3M9InRhYl9iYW4iPiAKICA8IS0tIC8jdGFiMi50YWJfYmFuIC0tPjwvZGl2PgoKPGRpdiBpZD0idGFiMDMiIGNsYXNzPSJ0YWJfYmFuIj4gCiAgPCEtLSAvI3RhYjMudGFiX2JhbiAtLT48L2Rpdj4KCjxkaXYgaWQ9InRhYjA0IiBjbGFzcz0idGFiX2JhbiI+IAogIDwhLS0gLyN0YWIzLnRhYl9iYW4gLS0+PC9kaXY+Cgo8ZGl2IGlkPSJ0YWIwNSIgY2xhc3M9InRhYl9iYW4iPiAKICA8IS0tIC8jdGFiMy50YWJfYmFuIC0tPjwvZGl2PgoKPGRpdiBpZD0idGFiMDYiIGNsYXNzPSJ0YWJfYmFuIj4gCiAgPCEtLSAvI3RhYjMudGFiX2JhbiAtLT48L2Rpdj4KCjwhLS0g5YWo44Kr44OG44K044Oq5YWx6YCaIOODqeOCpOODiOeuh+aJgCDjgZPjgZPjgb7jgacgLS0+CgoKPHRhYmxlIHdpZHRoPSI3MjAiIGJvcmRlcj0iMCIgY2VsbHNwYWNpbmc9IjAiIGNlbGxwYWRkaW5nPSIxMCI+CgkJPHRyPgoJCQkJPHRkIGNvbHNwYW49IjMiPjxpbWcgbmFtZT0iIiBzcmM9Imh0dHBzOi8vaW1hZ2UucmFrdXRlbi5jby5qcC9qZXdlbHJ5LWRldmFzL2NhYmluZXQva3lvdXR1dS9reW91dHV1X2Jhcl8wMDEuanBnIiB3aWR0aD0iNzIwIiBoZWlnaHQ9IjIwIiBhbHQ9IiI+PC90ZD4KCQk8L3RyPgoJCTx0cj4KCQkJCTx0ZCB3aWR0aD0iMjIwIj48aW1nIHNyYz0iaHR0cHM6Ly9pbWFnZS5yYWt1dGVuLmNvLmpwL2pld2VscnktZGV2YXMvY2FiaW5ldC9reW91dHV1L2t5b3V0dXVfMDAxLmpwZyIgd2lkdGg9IjIyMCIgaGVpZ2h0PSIyMjAiIGFsdD0iIj48L3RkPgoJCQkJPHRkIHdpZHRoPSIyMjAiPjxpbWcgc3JjPSJodHRwczovL2ltYWdlLnJha3V0ZW4uY28uanAvamV3ZWxyeS1kZXZhcy9jYWJpbmV0L2t5b3V0dXUva3lvdXR1dV8wMDMuanBnIiB3aWR0aD0iMjIwIiBoZWlnaHQ9IjIyMCIgYWx0PSIiPjwvdGQ+CgkJCQk8dGQgd2lkdGg9IjIyMCI+PGltZyBzcmM9Imh0dHBzOi8vaW1hZ2UucmFrdXRlbi5jby5qcC9qZXdlbHJ5LWRldmFzL2NhYmluZXQva3lvdXR1dS9reW91dHV1XzAwMi5qcGciIGFsdD0iIiB3aWR0aD0iMjIwIiBoZWlnaHQ9IjIyMCIgYm9yZGVyPSIwIj48L3RkPgoJCTwvdHI+CgkJPHRyPgoJCQkJPHRkPjxmb250IGNvbG9yPSIjNjY2NjY2IiBzaXplPSIyIj7jgI7lt77nnYDjgI88YnI+CgkJCQkJCQkJPGZvbnQgc2l6ZT0iMSI+44K444Ol44Ko44Oq44O844Gu5L+d566h44Gr44KC5L2/44GI44KL44Kq44Oq44K444OK44Or44Od44O844OBPC9mb250PjwvZm9udD48L3RkPgoJCQkJPHRkPjxmb250IGNvbG9yPSIjNjY2NjY2IiBzaXplPSIyIj7jgI5CT1jjgI88YnI+CgkJCQkJCQkJPGZvbnQgc2l6ZT0iMSI+MeOBpDHjgaTjg6rjg5zjg7PjgpLjgYrmjpvjgZHjgYTjgZ/jgZfjgb7jgZk8L2ZvbnQ+PC9mb250PjwvdGQ+CgkJCQk8dGQ+PGZvbnQgY29sb3I9IiM2NjY2NjYiIHNpemU9IjIiPuOAjkJPWOOCruODleODiOODqeODg+ODlOODs+OCsCjnhKHmlpkp44CPPGJyPgoJCQkJCQk8Zm9udCBzaXplPSIxIj5CT1jjgavmiYvmj5DjgZLjg5Djg4PjgrDjgpLjgYrku5jjgZHjgYTjgZ/jgZfjgb7jgZk8L2ZvbnQ+CgkJCQk8L2ZvbnQ+PC90ZD4KCQk8L3RyPgo8L3RhYmxlPgo8YnIgLz4KPHRhYmxlIHdpZHRoPSI3MjAiIGJvcmRlcj0iMCIgY2VsbHNwYWNpbmc9IjAiIGNlbGxwYWRkaW5nPSIxMCI+CgkJPHRyPgoJCQkJPHRkIGNvbHNwYW49IjMiPjxpbWcgc3JjPSJodHRwczovL2ltYWdlLnJha3V0ZW4uY28uanAvamV3ZWxyeS1kZXZhcy9jYWJpbmV0L2t5b3V0dXUva3lvdXR1dV9iYXJfMDAyLmpwZyIgd2lkdGg9IjcyMCIgaGVpZ2h0PSIyMCIgYWx0PSIiIC8+PC90ZD4KCQk8L3RyPgoJCTx0cj4KCQkJCTx0ZCB3aWR0aD0iMjIwIj48aW1nIHNyYz0iaHR0cHM6Ly9pbWFnZS5yYWt1dGVuLmNvLmpwL2pld2VscnktZGV2YXMvY2FiaW5ldC9reW91dHV1L2d1YXJhbnRlZS5qcGciIGFsdD0i44K444Ol44Ko44Oq44O844Gu5L+d6Ki844Gr44Gk44GE44GmIiB3aWR0aD0iMjIwIiBoZWlnaHQ9IjIyMCIgYm9yZGVyPSIwIiAvPjwvdGQ+CgkJCQk8dGQgd2lkdGg9IjIyMCI+PGltZyBzcmM9Imh0dHBzOi8vaW1hZ2UucmFrdXRlbi5jby5qcC9qZXdlbHJ5LWRldmFzL2NhYmluZXQva3lvdXR1dS9zaXplX3JpbmcuanBnIiBhbHQ9IuOCteOCpOOCuuOBruioiOOCiuaWuSIgd2lkdGg9IjIyMCIgaGVpZ2h0PSIyMjAiIGJvcmRlcj0iMCIgLz48L3RkPgoJCQkJPHRkIHdpZHRoPSIyMjAiPjxpbWcgc3JjPSJodHRwczovL2ltYWdlLnJha3V0ZW4uY28uanAvamV3ZWxyeS1kZXZhcy9jYWJpbmV0L2t5b3V0dXUvYWZ0ZXJzZXJ2aWNlLmpwZyIgYWx0PSLjgrXjgqTjgrrkuqTmj5siIHdpZHRoPSIyMjAiIGhlaWdodD0iMjIwIiBib3JkZXI9IjAiIC8+PC90ZD4KCQk8L3RyPgo8L3RhYmxlPg==,SzE4IOODm+ODr+OCpOODiOOCtOODvOODq+ODiSDjg6rjg7PjgrAg44Op44Kk44Oz44OH44K244Kk44OzKE0p44Os44OH44Kj44O844K5IOODoeODs+OCuiAxOEsgMTjph5EgV0fjg5fjg6zjgrzjg7Pjg4ggREVWQVMg44OH44Kj44O844O044Kh44K577ya44OH44K244Kk44OK44O844K644K444Ol44Ko44Oq44O8REVWQVM=,44K044O844Or44OJ44ON44OD44Kv44Os44K544Kk44OL44K344Oj44OrIOODjeODg+OCr+ODrOOCuTE46YeRIOODlOODs+OCreODvOODquODs+OCsDE46YeR44CA44K044O844Or44OJIOODjeODg+OCr+ODrOOCuUsxOCDjgrTjg7zjg6vjg4njgIDjg43jg4Pjgq/jg6zjgrkxOGvjgIDjg5TjgqLjgrlLMTgg44Oq44Oz44KwSzE4IOODm+ODr+OCpOODiOOCtOODvOODq+ODiSDjg6rjg7PjgrAg44Op44Kk44Oz44OH44K244Kk44OzKE0p44Os44OH44Kj44O844K5IOODoeODs+OCuiAxOEsgMTjph5EgV0fjg5fjg6zjgrzjg7Pjg4ggREVWQVMg44OH44Kj44O844O044Kh44K5,56iL44KI44GE5aSq44GV44Gu5LiK5ZOB44Gq44Oq44Oz44KwIOODmuOCouODquODs+OCsOOChOe1kOWpmuaMh+i8quOBq+OCgu+8geOAgksxOCDjg5vjg6/jgqTjg4jjgrTjg7zjg6vjg4kg44Oq44Oz44KwIOODqeOCpOODs+ODh+OCtuOCpOODsyhNKeODrOODh+OCo+ODvOOCuSDjg6Hjg7PjgrogMThLIDE46YeRIFdH44OX44Os44K844Oz44OIIERFVkFTIOODh+OCo+ODvOODtOOCoeOCuQ==[rn]
39-1002,aHR0cDovL3RzaG9wLnIxMHMuanAvamV3ZWxyeS1kZXZhcy9jYWJpbmV0L2l0ZW1zMy9tbC1yMDIwLWwtd2ctMDAxLmpwZz9maXRpbj03MDA6NzAw,MjUwNTYuMDAwMA==,,44K444Ol44Ko44Oq44O844O744Ki44Kv44K744K144Oq44O8ID4g44Os44OH44Kj44O844K544K444Ol44Ko44Oq44O844O744Ki44Kv44K744K144Oq44O8ID4g5oyH6Lyq44O744Oq44Oz44Kw,44Ob44Ov44Kk44OI44K044O844Or44OJIOODquODs+OCsCDjg6njgqTjg7Pjg4fjgrbjgqTjg7MoTCnjg6zjg4fjgqPjg7zjgrkg44Oh44Oz44K6IDE4SyAxOOmHkSBXR+ODl+ODrOOCvOODs+ODiCBERVZBUyDjg4fjgqPjg7zjg7TjgqHjgrk=,44GX44Gj44GL44KK44Go44GX44Gf5aSq44GV44Gu5LiK5ZOB44Gq44Oq44Oz44KwIOODmuOCouODquODs+OCsOOChOe1kOWpmuaMh+i8quOBq+OCgu+8gQ==,PHRhYmxlIHdpZHRoPSI3MjAiIGNlbGxzcGFjaW5nPSIwIiBjZWxscGFkZGluZz0iMCI+Cjx0cj4KPHRkPjxpbWcgc3JjPSJodHRwczovL2ltYWdlLnJha3V0ZW4uY28uanAvamV3ZWxyeS1kZXZhcy9jYWJpbmV0L2l0ZW1zMy9tbC1yMDIwLWwtd2ctMDAyLmpwZyIgd2lkdGg9IjcyMCIgaGVpZ2h0PSI1NTAiIC8+PC90ZD4KPC90cj4KPHRyPgo8dGQgaGVpZ2h0PSIzMiI+Jm5ic3A7PC90ZD4KPC90cj4KPHRyPgo8dGQ+PGltZyBzcmM9Imh0dHBzOi8vaW1hZ2UucmFrdXRlbi5jby5qcC9qZXdlbHJ5LWRldmFzL2NhYmluZXQvaXRlbXMzL21sLXIwMjAtbC13Zy0wMDNfMDEuanBnIiB3aWR0aD0iNzIwIiBoZWlnaHQ9IjUyMCIgLz48L3RkPgo8L3RyPgo8dHI+Cjx0ZD48aW1nIHNyYz0iaHR0cHM6Ly9pbWFnZS5yYWt1dGVuLmNvLmpwL2pld2VscnktZGV2YXMvY2FiaW5ldC9pdGVtczMvbWwtcjAyMC1sLXdnLTAwM18wMi5qcGciIHdpZHRoPSI3MjAiIGhlaWdodD0iMjAwIiAvPjwvdGQ+CjwvdHI+Cjx0cj4KPHRkIGhlaWdodD0iNTAiPiZuYnNwOzwvdGQ+CjwvdHI+Cjx0cj4KPHRkPjxpbWcgc3JjPSJodHRwczovL2ltYWdlLnJha3V0ZW4uY28uanAvamV3ZWxyeS1kZXZhcy9jYWJpbmV0L2l0ZW1zMy9tbC1yMDIwLWwtd2ctMDA0XzAxLmpwZyIgd2lkdGg9IjcyMCIgaGVpZ2h0PSIzNjAiIC8+PC90ZD4KPC90cj4KPHRyPgo8dGQ+PGltZyBzcmM9Imh0dHBzOi8vaW1hZ2UucmFrdXRlbi5jby5qcC9qZXdlbHJ5LWRldmFzL2NhYmluZXQvaXRlbXMzL21sLXIwMjAtbC13Zy0wMDRfMDIuanBnIiB3aWR0aD0iNzIwIiBoZWlnaHQ9IjQwIiAvPjwvdGQ+CjwvdHI+Cjx0cj4KPHRkIGhlaWdodD0iMzIiPiZuYnNwOzwvdGQ+CjwvdHI+Cjx0cj4KPHRkPjxpbWcgc3JjPSJodHRwczovL2ltYWdlLnJha3V0ZW4uY28uanAvamV3ZWxyeS1kZXZhcy9jYWJpbmV0L2l0ZW1zMy9tbC1yMDIwLWwtd2ctMDA1XzAxLmpwZyIgd2lkdGg9IjcyMCIgaGVpZ2h0PSIzNjAiIC8+PC90ZD4KPC90cj4gCjx0cj4KPHRkPjxpbWcgc3JjPSJodHRwczovL2ltYWdlLnJha3V0ZW4uY28uanAvamV3ZWxyeS1kZXZhcy9jYWJpbmV0L2l0ZW1zMy9tbC1yMDIwLWwtd2ctMDA1XzAyLmpwZyIgd2lkdGg9IjcyMCIgaGVpZ2h0PSI0MCIgLz48L3RkPgo8L3RyPgo8dHI+Cjx0ZCBoZWlnaHQ9IjMyIj4mbmJzcDs8L3RkPgo8L3RyPgo8dHI+Cjx0ZD48aW1nIHNyYz0iaHR0cHM6Ly9pbWFnZS5yYWt1dGVuLmNvLmpwL2pld2VscnktZGV2YXMvY2FiaW5ldC9pdGVtczMvbWwtcjAyMC1sLXdnLTAwNl8wMS5qcGciIHdpZHRoPSI3MjAiIGhlaWdodD0iMzYwIiAvPjwvdGQ+CjwvdHI+Cjx0cj4KPHRkPjxpbWcgc3JjPSJodHRwczovL2ltYWdlLnJha3V0ZW4uY28uanAvamV3ZWxyeS1kZXZhcy9jYWJpbmV0L2l0ZW1zMy9tbC1yMDIwLWwtd2ctMDA2XzAyLmpwZyIgd2lkdGg9IjcyMCIgaGVpZ2h0PSI3MCIgLz48L3RkPgo8L3RyPgo8dHI+Cjx0ZCBoZWlnaHQ9IjMyIj4mbmJzcDs8L3RkPgo8L3RyPgo8dHI+Cjx0ZD48aW1nIHNyYz0iaHR0cHM6Ly9pbWFnZS5yYWt1dGVuLmNvLmpwL2pld2VscnktZGV2YXMvY2FiaW5ldC9pdGVtczMvbWwtcjAyMC1sLXdnLTAwN18wMS5qcGciIHdpZHRoPSI3MjAiIGhlaWdodD0iMzYwIiAvPjwvdGQ+CjwvdHI+Cjx0cj4KPHRkPjxpbWcgc3JjPSJodHRwczovL2ltYWdlLnJha3V0ZW4uY28uanAvamV3ZWxyeS1kZXZhcy9jYWJpbmV0L2l0ZW1zMy9tbC1yMDIwLWwtd2ctMDA3XzAyLmpwZyIgd2lkdGg9IjcyMCIgaGVpZ2h0PSIyODAiIC8+PC90ZD4KPC90cj4KPHRyPgo8dGQgaGVpZ2h0PSI1MCI+Jm5ic3A7PC90ZD4KPC90cj4KPHRyPgo8dGQ+PGltZyBzcmM9Imh0dHBzOi8vaW1hZ2UucmFrdXRlbi5jby5qcC9qZXdlbHJ5LWRldmFzL2NhYmluZXQvaXRlbXMzL21sLXIwMjAtbC13Zy0wMDguanBnIiB3aWR0aD0iNzIwIiBoZWlnaHQ9IjM2MCIgLz48L3RkPgo8L3RyPgo8dHI+Cjx0ZCBoZWlnaHQ9IjUwIj4mbmJzcDs8L3RkPgo8L3RyPgo8dHI+Cjx0ZD48aW1nIHNyYz0iaHR0cHM6Ly9pbWFnZS5yYWt1dGVuLmNvLmpwL2pld2VscnktZGV2YXMvY2FiaW5ldC9pdGVtczMvbWwtcjAyMC1sLXdnLW0yLmpwZyIgd2lkdGg9IjcyMCIgaGVpZ2h0PSI1NTAiIC8+PC90ZD4KPC90cj4KPHRyPgo8dGQgaGVpZ2h0PSI1MCI+Jm5ic3A7PC90ZD4KPC90cj4KPHRyPgo8dGQ+PGltZyBzcmM9Imh0dHBzOi8vaW1hZ2UucmFrdXRlbi5jby5qcC9qZXdlbHJ5LWRldmFzL2NhYmluZXQvaXRlbXMzL21sLXIwMjAtbC13Zy1tMV8wMS5qcGciIHdpZHRoPSI3MjAiIGhlaWdodD0iNDgwIiAvPjwvdGQ+CjwvdHI+IAo8dHI+Cjx0ZD48aW1nIHNyYz0iaHR0cHM6Ly9pbWFnZS5yYWt1dGVuLmNvLmpwL2pld2VscnktZGV2YXMvY2FiaW5ldC9pdGVtczMvbWwtcjAyMC1sLXdnLW0xXzAyLmpwZyIgd2lkdGg9IjcyMCIgaGVpZ2h0PSIyNTAiIC8+PC90ZD4KPC90cj4gCjx0cj4KPHRkIGhlaWdodD0iNTAiPiZuYnNwOzwvdGQ+CjwvdHI+Cjx0cj4KPHRkPjxpbWcgc3JjPSJodHRwczovL2ltYWdlLnJha3V0ZW4uY28uanAvamV3ZWxyeS1kZXZhcy9jYWJpbmV0L2l0ZW1zMy9zaXplLXIwMjB3Zy1sLmpwZyIgd2lkdGg9IjcyMCIgaGVpZ2h0PSIzNjAiIC8+PC90ZD4KPC90cj4KPHRyPgo8dGQgaGVpZ2h0PSI1MCI+Jm5ic3A7PC90ZD4KPC90cj4KPHRyPgo8dGQ+PGltZyBzcmM9Imh0dHBzOi8vaW1hZ2UucmFrdXRlbi5jby5qcC9qZXdlbHJ5LWRldmFzL2NhYmluZXQvaXRlbXMzL2NvbG9yLXIwMjAtbC5qcGciIHdpZHRoPSI3MjAiIGhlaWdodD0iNDExIiAvPjwvdGQ+CjwvdHI+Cjx0cj4KPHRkIGhlaWdodD0iNTAiPiZuYnNwOzwvdGQ+CjwvdHI+CjwvdGFibGU+CjxpbWcgc3JjPSJodHRwczovL2ltYWdlLnJha3V0ZW4uY28uanAvamV3ZWxyeS1kZXZhcy9jYWJpbmV0L2l0ZW1zMi9wYXJ0cy9yaW5nX2ltaS5qcGciIHdpZHRoPSI3MjAiIGhlaWdodD0iMzYwIj4KPGJyPgo8YnI+Cjx0YWJsZSB3aWR0aD0iNzIwIiBib3JkZXI9IjAiIGNlbGxwYWRkaW5nPSIyMCIgY2VsbHNwYWNpbmc9IjEiIGJnY29sb3I9IiNkN2QzY2UiPgogIDx0cj4KICA8dGQgYmdjb2xvcj0iI2ZmZmZmZiI+Cjxmb250IGNvbG9yPSIjNjY2NjY2IiBzaXplPSItMSIgc3R5bGU9ImxpbmUtaGVpZ2h0OjE4cHgiPgrjgIzjgIDjgrnjgr/jg4Pjg5XjgojjgorjgIDjgI08YnI+Cjxicj4K44OH44K244Kk44OK44O844Gu44GT44Gg44KP44KK44GM44Gk44G+44Gj44Gf44CBSzE4V0fjg7vjg5vjg6/jgqTjg4jjgrTjg7zjg6vjg4njg6rjg7PjgrDjgII8YnI+CuODm+ODr+OCpOODiOOCtOODvOODq+ODieOBrue0oOadkOOCkueUn+OBi+OBl+OBn+ODquODs+OCsOOBr+OAgeacqOebruOBruOCiOOBhuOBquODqeOCpOODs+OBjOWFieOBq+OCiOOCiuOBleOCiuOBkuOBquOBj+i8neOBjeOBvuOBmeOAgjxicj4KPGJyPgrlpKrjgoHjga7jgrXjgqTjgrrjgarjgYzjgonjgIHlpbPmgKfjgafjgoLkurrlt67jgZfmjIfjgoTkuK3mjIfjgarjganjgavnnYDjgZHjgabjgoLjgIHjg6/jg7Pjg53jgqTjg7Pjg4jjgafjgajjgabjgoLjgq/jg7zjg6vjgavimao8YnI+CueJueOBq+eUt+aAp+OBq+OCquOCueOCueODoeOBp+OBmeOBjOOAgeS4u+W8teOBl+OBpui6q+OBq+OBpOOBkeOBn+OBhOWls+aAp+OBr+OBqeOBruaMh+OBq+edgOOBkeOBpuOCguKXjjxicj4KPGJyPgrjgrfjg7Pjg5fjg6vjgarjg4fjgrbjgqTjg7Pjgarjga7jgafjgIHjg5rjgqLjg6rjg7PjgrDjgoTntZDlqZrmjIfovKrjgavjgoLjgqrjgrnjgrnjg6HjgafjgZnjgII8YnI+CuWFqOOBpjE46YeR44KS55So44GE44Gf5aSn5Lq644Gu5pmu5q615L2/44GE44Ki44Kv44K744K144Oq44O844Go44GX44Gm44CB5pys54mp44Gu44K444Ol44Ko44Oq44O844KS44GK5qW944GX44G/44GP44Gg44GV44GE44CCIDwvZm9udD48L3RkPgo8L3RyPgo8L3RhYmxlPgo8YnI+Cgo8dGFibGUgd2lkdGg9IjcyMCIgYm9yZGVyPSIwIiBjZWxscGFkZGluZz0iMTAiIGNlbGxzcGFjaW5nPSIxIiBiZ2NvbG9yPSIjY2NjY2NjIj4KPHRyPgo8dGQgY29sc3Bhbj0iMiIgYWxpZ249ImNlbnRlciIgYmdjb2xvcj0iI0Q3RDNDRSI+PGZvbnQgY29sb3I9IiMwMDAwMDAiIHNpemU9Ii0xIj7oqbPntLA8L2ZvbnQ+PC90ZD4KPC90cj4KPHRyPgo8dGQgd2lkdGg9IjE1MSIgYmdjb2xvcj0iI0Y5RjNFOSI+PGZvbnQgY29sb3I9IiMzMzMzMzMiIHNpemU9Ii0xIj7jg6rjg7PjgrA8L2ZvbnQ+PC90ZD4KPHRkIHdpZHRoPSI1MjYiIGJnY29sb3I9IiNmZmZmZmYiPjxmb250IGNvbG9yPSIjMzMzMzMzIiBzaXplPSItMSI+5bmFIDJtbe+8j+WOmuOBvyAybW08L2ZvbnQ+PC90ZD4KPC90cj4KPHRyPgo8dGQgYmdjb2xvcj0iI0Y5RjNFOSI+PHA+PGZvbnQgY29sb3I9IiMzMzMzMzMiIHNpemU9Ii0xIj7lsZXplovjgrXjgqTjgro8L2ZvbnQ+PC9wPjwvdGQ+Cjx0ZCBiZ2NvbG9yPSIjZmZmZmZmIj48Zm9udCBjb2xvcj0iIzMzMzMzMyIgc2l6ZT0iLTEiPjflj7fjg7s45Y+3PGJyPgogICAgPGZvbnQgY29sb3I9IiNGRjAwMDAiPjnlj7fjg7sxMOWPt+ODuzEx5Y+3IOOAkOWIpemAlOi/veWKoDUwMDDlhobjgJE8YnI+CjEy5Y+344O7MTPlj7fjg7sxNOWPt+ODuzE15Y+3IOOAkOWIpemAlOi/veWKoDEwMDAw5YaG44CRPGJyPgoxNuWPt+ODuzE35Y+344O7MTjlj7cg44CQ5Yil6YCU6L+95YqgMTUwMDDlhobjgJE8YnI+CjE55Y+344O7MjDlj7cg44CQ5Yil6YCU6L+95YqgMjAwMDDlhobjgJE8YnI+CjIx5Y+344O7MjLlj7fjg7syM+WPtyDjgJDliKXpgJTov73liqAyNTAwMOWGhuOAkTwvZm9udD48YnI+CiA8YnI+CuOBlOazqOaWh+aZguOBlOW4jOacm+OCteOCpOOCuuOCkuOBiumBuOOBs+S4i+OBleOBhOOAgjxicj4KPGJyPgo55Y+35Lul5LiK44Gu5Yil6YCU6L+95Yqg6YeR6aGN44Gu6YeR6aGN44Gu5L+u5q2j44Gv44CB44GU5rOo5paH56K66KqN5pmC44Gr5aSJ5pu044GV44Gb44Gm6aCC44GN44G+44GZ44CCPGJyPgo8YnI+Cjxicj4K4oC76L+95Yqg5Luj6YeR44Gv44CQ56iO5Yil44CR44Gu6KGo6KiY44Go44Gq44KK44G+44GZ44CCPGJyPgo8YnI+CuOBvuOBn+OAgei/veWKoOS7o+mHkeOBr+W9k+W6l+OBlOazqOaWh+eiuuiqjeW+jOOBq+aJi+WLleOBp+WKoOeul+OBl+OBvuOBmeOBruOBp+OAgTxicj7jgYrosrfjgYTnianjgYvjgZTnrYnjga7nlLvpnaLjgafjga/lkIjoqIjph5HpoY3jgavliqDnrpfjgZXjgozjgb7jgZvjgpPjga7jgafjgIHkuojjgoHjgZTkuobmib/jgY/jgaDjgZXjgYTjgb7jgZvjgII8L2ZvbnQ+PC90ZD4KPC90cj4KPHRyPgo8dGQgYmdjb2xvcj0iI0Y5RjNFOSI+PGZvbnQgY29sb3I9IiMzMzMzMzMiIHNpemU9Ii0xIj7ntKDmnZA8L2ZvbnQ+PC90ZD4KPHRkIGJnY29sb3I9IiNmZmZmZmYiPjxmb250IGNvbG9yPSIjMzMzMzMzIiBzaXplPSItMSI+IEsxOCDjg5vjg6/jgqTjg4jjgrTjg7zjg6vjg4nvvIgxOOmHkVdH77yJPC9mb250PjwvdGQ+CjwvdHI+Cjx0cj4KPHRkIGJnY29sb3I9IiNGOUYzRTkiPjxmb250IGNvbG9yPSIjMzMzMzMzIiBzaXplPSItMSI+IOmAgeaWmTwvZm9udD48L3RkPgo8dGQgYmdjb2xvcj0iI2ZmZmZmZiI+PGZvbnQgY29sb3I9IiMzMzMzMzMiIHNpemU9Ii0xIj4g44GT44Gh44KJ44Gu5ZWG5ZOB44Gv5YWo5Zu96YCB5paZ54Sh5paZIDwvZm9udD48L3RkPgo8L3RyPgo8dHI+Cjx0ZCBoZWlnaHQ9IjQ0IiBiZ2NvbG9yPSIjRjlGM0U5Ij48Zm9udCBjb2xvcj0iIzMzMzMzMyIgc2l6ZT0iLTEiPjAuNeWPt+WIu+OBv+OBp+OBrueUn+eUo+OBq+OBpOOBhOOBpjwvZm9udD48L3RkPgo8dGQgYmdjb2xvcj0iI2ZmZmZmZiI+PGZvbnQgY29sb3I9IiMzMzMzMzMiIHNpemU9Ii0xIj7lpJrjgY/jga7jgYrlrqLmp5jjgojjgoowLjXlj7fliLvjgb/jgafjga7osqnlo7Ljga7jgZTopoHmnJvjgpLpoILjgYTjgabjgYrjgorjgb7jgZfjgZ/jga7jgafjgIEwLjXlj7fliLvjgb/jgafjga7osqnlo7LjgoLlr77lv5zjgZXjgZvjgabpoILjgY3jgb7jgZnjgII8YnI+Cjxicj4KPGZvbnQgY29sb3I9IiNGRjAwMDAiPuKAu+OBn+OBoOOBl+OAgeWIpeazqOOCteOCpOOCuueUn+eUo+OBqOOBquOCiuOBvuOBmeOBruOBp+OAgeOCteOCpOOCuuS6pOaPm+OBr+OBiuWPl+OBkeiHtOOBl+OBi+OBreOBvuOBmeOAgjxicj4KPGJyPgrigLvjgZTms6jmlofmmYLjga7lgpnogIPmrITjgavjgIHjgZTluIzmnJvjga7jgrXjgqTjgrrjgpLoqJjovInjgYrpoZjjgYToh7TjgZfjgb7jgZnjgII8YnI+Cjxicj4K4oC75Yil6YCU6L+95Yqg5Luj6YeR44Gr44Gk44GN44G+44GX44Gm44Gv44CBMC415Y+35LiK44Gu44K144Kk44K644Gr5rqW44GY44G+44GZ44CCPGJyPgoo5L6LOC415Y+344Gv5Yil6YCU6L+95Yqg5Luj6YeRNTAwMOWGhuOAgTExLjXlj7fjga/liKXpgJTov73liqDku6Pph5ExMDAwMOWGhik8L2ZvbnQ+PC9mb250PjwvdGQ+CjwvdHI+CjwvdGFibGU+Cjxicj4KPGJyPgo8YnI+Cjx0YWJsZSB3aWR0aD0iNzIwIiBoZWlnaHQ9IjM4NiIgYm9yZGVyPSIwIiBjZWxscGFkZGluZz0iMCIgY2VsbHNwYWNpbmc9IjAiPgo8dHI+Cjx0ZCBjb2xzcGFuPSI3Ij4KPGltZyBzcmM9Imh0dHBzOi8vaW1hZ2UucmFrdXRlbi5jby5qcC9qZXdlbHJ5LWRldmFzL2NhYmluZXQvaXRlbXMyL3BhcnRzL2thbi1taWRhc2hpLmpwZyIgd2lkdGg9IjcyMCIgaGVpZ2h0PSI0OSIgYWx0PSIiPjwvdGQ+CjwvdHI+Cjx0cj4KPHRkIGhlaWdodD0iMjY1IiB3aWR0aD0iMTM2Ij4mbmJzcDs8L3RkPgo8dGQ+PGltZyBzcmM9Imh0dHBzOi8vaW1hZ2UucmFrdXRlbi5jby5qcC9qZXdlbHJ5LWRldmFzL2NhYmluZXQvaXRlbXMyL3BhcnRzL2thbi0wMjB3Zy1tLmpwZyIgd2lkdGg9IjE5NSIgaGVpZ2h0PSIxOTgiIGFsdD0iIiAvPjxicj4KPGJyPgo8Zm9udCBjb2xvcj0iIzY2NjY2NiIgc2l6ZT0iLTEiIHN0eWxlPSJsaW5lLWhlaWdodDoxOHB4Ij4KPGEgaHJlZj0iaHR0cHM6Ly9pdGVtLnJha3V0ZW4uY28uanAvamV3ZWxyeS1kZXZhcy9tbC1yMDIwLW0tZ2QvIiB0YXJnZXQ9Il9ibGFuayI+4pag44K044O844Or44OJ44Gv44GT44Gh44KJPC9hPjxicj4KPGEgaHJlZj0iaHR0cHM6Ly9pdGVtLnJha3V0ZW4uY28uanAvamV3ZWxyeS1kZXZhcy9tbC1yMDIwLW0td2cvIiB0YXJnZXQ9Il9ibGFuayI+4pag44Ob44Ov44Kk44OI44K044O844Or44OJ44Gv44GT44Gh44KJPC9hPjxicj4KPGEgaHJlZj0iaHR0cHM6Ly9pdGVtLnJha3V0ZW4uY28uanAvamV3ZWxyeS1kZXZhcy9tbC1yMDIwLW0tcGcvIiB0YXJnZXQ9Il9ibGFuayI+4pag44OU44Oz44Kv44K044O844Or44OJ44Gv44GT44Gh44KJPC9hPjwvZm9udD48L3RkPgo8dGQ+PGltZyBzcmM9Imh0dHBzOi8vaW1hZ2UucmFrdXRlbi5jby5qcC9qZXdlbHJ5LWRldmFzL2NhYmluZXQvaXRlbXMyL3BhcnRzL2thbi1saW5lMi5qcGciIHdpZHRoPSI1NyIgaGVpZ2h0PSIyNjAiIGFsdD0iIiAvPjwvdGQ+Cjx0ZD48aW1nIHNyYz0iaHR0cHM6Ly9pbWFnZS5yYWt1dGVuLmNvLmpwL2pld2VscnktZGV2YXMvY2FiaW5ldC9pdGVtczIvcGFydHMva2FuLTAyMHdnLWwuanBnIiB3aWR0aD0iMTk1IiBoZWlnaHQ9IjE5OCIgYWx0PSIiIC8+PGJyPgo8YnI+Cjxmb250IGNvbG9yPSIjNjY2NjY2IiBzaXplPSItMSIgc3R5bGU9ImxpbmUtaGVpZ2h0OjE4cHgiPgo8YSBocmVmPSJodHRwczovL2l0ZW0ucmFrdXRlbi5jby5qcC9qZXdlbHJ5LWRldmFzL21sLXIwMjAtbC1nZC8iIHRhcmdldD0iX2JsYW5rIj7ilqDjgrTjg7zjg6vjg4njga/jgZPjgaHjgok8L2E+PGJyPgrilqDjg5vjg6/jgqTjg4jjgrTjg7zjg6vjg4ko5b2T44Oa44O844K4KTxicj4KPGEgaHJlZj0iaHR0cHM6Ly9pdGVtLnJha3V0ZW4uY28uanAvamV3ZWxyeS1kZXZhcy9tbC1yMDIwLWwtcGcvIiB0YXJnZXQ9Il9ibGFuayI+4pag44OU44Oz44Kv44K044O844Or44OJ44Gv44GT44Gh44KJPC9hPjwvZm9udD48L3RkPgo8dGQgaGVpZ2h0PSIyNjUiIHdpZHRoPSIxMzciPiZuYnNwOzwvdGQ+CjwvdHI+Cjx0cj4KPHRkIGNvbHNwYW49IjciPiZuYnNwOzwvdGQ+CjwvdHI+Cjx0cj4KPHRkIGNvbHNwYW49IjciPjxhIGhyZWY9Imh0dHBzOi8vaXRlbS5yYWt1dGVuLmNvLmpwL2pld2VscnktZGV2YXMvbWwtcjAyMHBhaXIvIiB0YXJnZXQ9Il9ibGFuayI+PGltZyBzcmM9Imh0dHBzOi8vaW1hZ2UucmFrdXRlbi5jby5qcC9qZXdlbHJ5LWRldmFzL2NhYmluZXQvaXRlbXMyL3BhcnRzL2thbi1yMDIwcGFpci13Z3BnLmpwZyIgd2lkdGg9IjcyMCIgaGVpZ2h0PSIxMDkiIGJvcmRlcj0iMCIgLz48L2E+PC90ZD4KPC90cj4KPC90YWJsZT4KCjxicj4KPGJyPgo8YnI+Cjxicj4KCjx0YWJsZSB3aWR0aD0iNzIwIiBib3JkZXI9IjAiIGNlbGxwYWRkaW5nPSIwIiBjZWxsc3BhY2luZz0iMCI+Cjx0cj4KPHRkPjxpbWcgc3JjPSJodHRwczovL2ltYWdlLnJha3V0ZW4uY28uanAvamV3ZWxyeS1kZXZhcy9jYWJpbmV0L2l0ZW1zMi9wYXJ0cy9vcF9taWRhc2hpLmpwZyIgd2lkdGg9IjcyMCIgaGVpZ2h0PSIxMDAiIC8+PC90ZD4KPC90cj4KPHRyPgo8dGQ+PGltZyBzcmM9Imh0dHBzOi8vaW1hZ2UucmFrdXRlbi5jby5qcC9qZXdlbHJ5LWRldmFzL2NhYmluZXQvaXRlbXMvbWwtcjAxMHBhaXItMDA5YWxsMi5qcGciIHdpZHRoPSI3MjAiIGhlaWdodD0iNzIwIiAvPjxicj4KICA8aW1nIHNyYz0iaHR0cHM6Ly9pbWFnZS5yYWt1dGVuLmNvLmpwL2pld2VscnktZGV2YXMvY2FiaW5ldC9pdGVtczIvcGFydHMvcmluZ19rb2t1aW4uanBnIiB3aWR0aD0iNzIwIiBoZWlnaHQ9IjIyNyIgLz48L3RkPgo8L3RyPgo8L3RhYmxlPgoKPGJyPgo8YnI+Cgo8dGFibGUgd2lkdGg9IjcyMCIgYm9yZGVyPSIwIiBjZWxscGFkZGluZz0iMCIgY2VsbHNwYWNpbmc9IjAiPgo8dHI+Cjx0ZD48aW1nIHNyYz0iaHR0cHM6Ly9pbWFnZS5yYWt1dGVuLmNvLmpwL2pld2VscnktZGV2YXMvY2FiaW5ldC9pdGVtcy9tbC1yMDEwcGFpci0wMDgtMi5qcGciIHdpZHRoPSI3MjAiIGhlaWdodD0iMzYwIi8+PGJyPgogIDxpbWcgc3JjPSJodHRwczovL2ltYWdlLnJha3V0ZW4uY28uanAvamV3ZWxyeS1kZXZhcy9jYWJpbmV0L2l0ZW1zMi9wYXJ0cy9yaW5nX3N0b25lLmpwZyIgd2lkdGg9IjcyMCIgaGVpZ2h0PSIyMTAiIC8+PC90ZD4KPC90cj4KPC90YWJsZT4KCjx0YWJsZSBib3JkZXI9IjAiIGNlbGxzcGFjaW5nPSIwIiBjZWxscGFkZGluZz0iMiI+CiAgPHRyIHZhbGlnbj0idG9wIj4KICAgIDx0ZCBub3dyYXA+PGZvbnQgc2l6ZT0iLTEiPuOCruODleODiOWvvuW/nDwvZm9udD48L3RkPgogIDwvdHI+CjwvdGFibGU+Cjxicj4KPHRhYmxlIHdpZHRoPSI3MjAiIGJvcmRlcj0iMCIgY2VsbHBhZGRpbmc9IjciIGNlbGxzcGFjaW5nPSIxIiBiZ2NvbG9yPSIjZjdlZmU1Ij4KICA8dHI+CiAgICA8dGQgYWxpZ249ImNlbnRlciIgYmdjb2xvcj0iI2U2ZDRiZCI+PGZvbnQgc2l6ZT0iLTEiPumWoumAo+WVhuWTgTwvZm9udD48L3RkPgogIDwvdHI+CiAgPHRyPgogIDx0ZCBoZWlnaHQ9IjI3IiBiZ2NvbG9yPSIjRkZGRkZGIj48Zm9udCBjb2xvcj0iIzMzMzMzMyIgc2l6ZT0iLTEiPuODu+ODquODs+OCsOS4gOimpzwvZm9udD48L3RkPgogIDwvdHI+ICAKPC90YWJsZT48IS0tIOWFqOOCq+ODhuOCtOODquWFsemAmiDjg6njgqTjg4jnrofmiYAg44GT44GT44GL44KJIC0tPgoKPCEtLSDilrxHT0xE44GuQ1NT44KS6Kqt44G/6L6844G/4pa8IC0tPgo8bGluayByZWw9InN0eWxlc2hlZXQiIHR5cGU9InRleHQvY3NzIgpocmVmPSJodHRwczovL3d3dy5yYWt1dGVuLm5lLmpwL2dvbGQvamV3ZWxyeS1kZXZhcy9yaWdodC9uYXZpL25hdmkuY3NzIj4KPCEtLSDilrNHT0xE44GuQ1NT44KS6Kqt44G/6L6844G/4pazIC0tPgoKPGRpdiBpZD0idGFiMDEiIGNsYXNzPSJ0YWJfYmFuIj4gCiAgPCEtLSAvI3RhYjEudGFiX2JhbiAtLT48L2Rpdj4KCjxkaXYgaWQ9InRhYjAyIiBjbGFzcz0idGFiX2JhbiI+IAogIDwhLS0gLyN0YWIyLnRhYl9iYW4gLS0+PC9kaXY+Cgo8ZGl2IGlkPSJ0YWIwMyIgY2xhc3M9InRhYl9iYW4iPiAKICA8IS0tIC8jdGFiMy50YWJfYmFuIC0tPjwvZGl2PgoKPGRpdiBpZD0idGFiMDQiIGNsYXNzPSJ0YWJfYmFuIj4gCiAgPCEtLSAvI3RhYjMudGFiX2JhbiAtLT48L2Rpdj4KCjxkaXYgaWQ9InRhYjA1IiBjbGFzcz0idGFiX2JhbiI+IAogIDwhLS0gLyN0YWIzLnRhYl9iYW4gLS0+PC9kaXY+Cgo8ZGl2IGlkPSJ0YWIwNiIgY2xhc3M9InRhYl9iYW4iPiAKICA8IS0tIC8jdGFiMy50YWJfYmFuIC0tPjwvZGl2PgoKPCEtLSDlhajjgqvjg4bjgrTjg6rlhbHpgJog44Op44Kk44OI566H5omAIOOBk+OBk+OBvuOBpyAtLT4KCgo8dGFibGUgd2lkdGg9IjcyMCIgYm9yZGVyPSIwIiBjZWxsc3BhY2luZz0iMCIgY2VsbHBhZGRpbmc9IjEwIj4KCQk8dHI+CgkJCQk8dGQgY29sc3Bhbj0iMyI+PGltZyBuYW1lPSIiIHNyYz0iaHR0cHM6Ly9pbWFnZS5yYWt1dGVuLmNvLmpwL2pld2VscnktZGV2YXMvY2FiaW5ldC9reW91dHV1L2t5b3V0dXVfYmFyXzAwMS5qcGciIHdpZHRoPSI3MjAiIGhlaWdodD0iMjAiIGFsdD0iIj48L3RkPgoJCTwvdHI+CgkJPHRyPgoJCQkJPHRkIHdpZHRoPSIyMjAiPjxpbWcgc3JjPSJodHRwczovL2ltYWdlLnJha3V0ZW4uY28uanAvamV3ZWxyeS1kZXZhcy9jYWJpbmV0L2t5b3V0dXUva3lvdXR1dV8wMDEuanBnIiB3aWR0aD0iMjIwIiBoZWlnaHQ9IjIyMCIgYWx0PSIiPjwvdGQ+CgkJCQk8dGQgd2lkdGg9IjIyMCI+PGltZyBzcmM9Imh0dHBzOi8vaW1hZ2UucmFrdXRlbi5jby5qcC9qZXdlbHJ5LWRldmFzL2NhYmluZXQva3lvdXR1dS9reW91dHV1XzAwMy5qcGciIHdpZHRoPSIyMjAiIGhlaWdodD0iMjIwIiBhbHQ9IiI+PC90ZD4KCQkJCTx0ZCB3aWR0aD0iMjIwIj48aW1nIHNyYz0iaHR0cHM6Ly9pbWFnZS5yYWt1dGVuLmNvLmpwL2pld2VscnktZGV2YXMvY2FiaW5ldC9reW91dHV1L2t5b3V0dXVfMDAyLmpwZyIgYWx0PSIiIHdpZHRoPSIyMjAiIGhlaWdodD0iMjIwIiBib3JkZXI9IjAiPjwvdGQ+CgkJPC90cj4KCQk8dHI+CgkJCQk8dGQ+PGZvbnQgY29sb3I9IiM2NjY2NjYiIHNpemU9IjIiPuOAjuW3vuedgOOAjzxicj4KCQkJCQkJCQk8Zm9udCBzaXplPSIxIj7jgrjjg6Xjgqjjg6rjg7zjga7kv53nrqHjgavjgoLkvb/jgYjjgovjgqrjg6rjgrjjg4rjg6vjg53jg7zjg4E8L2ZvbnQ+PC9mb250PjwvdGQ+CgkJCQk8dGQ+PGZvbnQgY29sb3I9IiM2NjY2NjYiIHNpemU9IjIiPuOAjkJPWOOAjzxicj4KCQkJCQkJCQk8Zm9udCBzaXplPSIxIj4x44GkMeOBpOODquODnOODs+OCkuOBiuaOm+OBkeOBhOOBn+OBl+OBvuOBmTwvZm9udD48L2ZvbnQ+PC90ZD4KCQkJCTx0ZD48Zm9udCBjb2xvcj0iIzY2NjY2NiIgc2l6ZT0iMiI+44COQk9Y44Ku44OV44OI44Op44OD44OU44Oz44KwKOeEoeaWmSnjgI88YnI+CgkJCQkJCTxmb250IHNpemU9IjEiPkJPWOOBq+aJi+aPkOOBkuODkOODg+OCsOOCkuOBiuS7mOOBkeOBhOOBn+OBl+OBvuOBmTwvZm9udD4KCQkJCTwvZm9udD48L3RkPgoJCTwvdHI+CjwvdGFibGU+CjxiciAvPgo8dGFibGUgd2lkdGg9IjcyMCIgYm9yZGVyPSIwIiBjZWxsc3BhY2luZz0iMCIgY2VsbHBhZGRpbmc9IjEwIj4KCQk8dHI+CgkJCQk8dGQgY29sc3Bhbj0iMyI+PGltZyBzcmM9Imh0dHBzOi8vaW1hZ2UucmFrdXRlbi5jby5qcC9qZXdlbHJ5LWRldmFzL2NhYmluZXQva3lvdXR1dS9reW91dHV1X2Jhcl8wMDIuanBnIiB3aWR0aD0iNzIwIiBoZWlnaHQ9IjIwIiBhbHQ9IiIgLz48L3RkPgoJCTwvdHI+CgkJPHRyPgoJCQkJPHRkIHdpZHRoPSIyMjAiPjxpbWcgc3JjPSJodHRwczovL2ltYWdlLnJha3V0ZW4uY28uanAvamV3ZWxyeS1kZXZhcy9jYWJpbmV0L2t5b3V0dXUvZ3VhcmFudGVlLmpwZyIgYWx0PSLjgrjjg6Xjgqjjg6rjg7zjga7kv53oqLzjgavjgaTjgYTjgaYiIHdpZHRoPSIyMjAiIGhlaWdodD0iMjIwIiBib3JkZXI9IjAiIC8+PC90ZD4KCQkJCTx0ZCB3aWR0aD0iMjIwIj48aW1nIHNyYz0iaHR0cHM6Ly9pbWFnZS5yYWt1dGVuLmNvLmpwL2pld2VscnktZGV2YXMvY2FiaW5ldC9reW91dHV1L3NpemVfcmluZy5qcGciIGFsdD0i44K144Kk44K644Gu6KiI44KK5pa5IiB3aWR0aD0iMjIwIiBoZWlnaHQ9IjIyMCIgYm9yZGVyPSIwIiAvPjwvdGQ+CgkJCQk8dGQgd2lkdGg9IjIyMCI+PGltZyBzcmM9Imh0dHBzOi8vaW1hZ2UucmFrdXRlbi5jby5qcC9qZXdlbHJ5LWRldmFzL2NhYmluZXQva3lvdXR1dS9hZnRlcnNlcnZpY2UuanBnIiBhbHQ9IuOCteOCpOOCuuS6pOaPmyIgd2lkdGg9IjIyMCIgaGVpZ2h0PSIyMjAiIGJvcmRlcj0iMCIgLz48L3RkPgoJCTwvdHI+CjwvdGFibGU+,44Ob44Ov44Kk44OI44K044O844Or44OJIOODquODs+OCsCDjg6njgqTjg7Pjg4fjgrbjgqTjg7MoTCnjg6zjg4fjgqPjg7zjgrkg44Oh44Oz44K6IDE4SyAxOOmHkSBXR+ODl+ODrOOCvOODs+ODiCBERVZBUyDjg4fjgqPjg7zjg7TjgqHjgrnvvJrjg4fjgrbjgqTjg4rjg7zjgrrjgrjjg6Xjgqjjg6rjg7xERVZBUw==,44K044O844Or44OJ44ON44OD44Kv44Os44K544Kk44OL44K344Oj44OrIOODjeODg+OCr+ODrOOCuTE46YeRIOODlOODs+OCreODvOODquODs+OCsDE46YeR44CA44K044O844Or44OJIOODjeODg+OCr+ODrOOCuUsxOCDjgrTjg7zjg6vjg4njgIDjg43jg4Pjgq/jg6zjgrkxOGvjgIDjg5TjgqLjgrlLMTgg44Oq44Oz44Kw44Ob44Ov44Kk44OI44K044O844Or44OJIOODquODs+OCsCDjg6njgqTjg7Pjg4fjgrbjgqTjg7MoTCnjg6zjg4fjgqPjg7zjgrkg44Oh44Oz44K6IDE4SyAxOOmHkSBXR+ODl+ODrOOCvOODs+ODiCBERVZBUyDjg4fjgqPjg7zjg7TjgqHjgrk=,44GX44Gj44GL44KK44Go44GX44Gf5aSq44GV44Gu5LiK5ZOB44Gq44Oq44Oz44KwIOODmuOCouODquODs+OCsOOChOe1kOWpmuaMh+i8quOBq+OCgu+8geOAguODm+ODr+OCpOODiOOCtOODvOODq+ODiSDjg6rjg7PjgrAg44Op44Kk44Oz44OH44K244Kk44OzKEwp44Os44OH44Kj44O844K5IOODoeODs+OCuiAxOEsgMTjph5EgV0fjg5fjg6zjgrzjg7Pjg4ggREVWQVMg44OH44Kj44O844O044Kh44K5[rn]
39-1003,aHR0cDovL3RzaG9wLnIxMHMuanAvZG9ub2Jhbi9jYWJpbmV0L2YtMDEvZHNrMTUwMi1wZWFybDMtMS5qcGc/Zml0aW49NzAwOjcwMA==,MTI5Ni4wMDAw,,44K444Ol44Ko44Oq44O844O744Ki44Kv44K744K144Oq44O8ID4g44Os44OH44Kj44O844K544K444Ol44Ko44Oq44O844O744Ki44Kv44K744K144Oq44O8ID4g5oyH6Lyq44O744Oq44Oz44Kw,44CQ44Oh44O844Or5L6/T0vjgJFET05PQkFOIFNFTEVDVCDjg4njg47jg5Djg7Pjgrvjg6zjgq/jg4gg44OV44Kn44Kk44Kv44OR44O844OrIOODquODs+OCsO+9nCDjg6zjg4fjgqPjg7zjgrkg5oyH6LyqIOOCouOCr+OCu+OCteODquODvCDjgrnjg6/jg63jg5Xjgrnjgq3jg7wgc3dhcm92c2tpIOe1kOWpmuW8jyDkuozmrKHkvJog44OR44O844OG44Kj44O8IOOCq+OCuOODpeOCouODqyDjgqLjgq/jgrsg5aWz44Gu5a2QIOOCtOODvOODq+ODiSDjgrfjg6vjg5Djg7wg55yf54+gW1RdKEwp77y7b3V0Uu+8vQ==,MuasoeS8miDlhaXlnJIg5YWl5a2mIOWNkuWckiDljZLmpa0g44OV44Kp44O844Oe44OrIOW8j+WFuCDmjIfovKril4Y=,PGRpdiBzdHlsZT0ibWFyZ2luOiAwIDAgMTBweDsiPjxpbWcgc3JjPSJodHRwOi8vaW1hZ2UucmFrdXRlbi5jby5qcC9zdHlsaXNlL2NhYmluZXQvZi0wMS9kc2sxNTAyLXBlYXJsMy0xLmpwZz8zMyIgYWx0PSJET05PQkFOIFNFTEVDVCjjg4njg47jg5Djg7Pjgrvjg6zjgq/jg4gpIiAvPjwvZGl2Pgo8ZGl2IHN0eWxlPSJtYXJnaW46IDAgMCAxMHB4OyI+PGltZyBzcmM9Imh0dHA6Ly9pbWFnZS5yYWt1dGVuLmNvLmpwL3N0eWxpc2UvY2FiaW5ldC9mLTAxL2RzazE1MDItcGVhcmwzLTIuanBnIiBhbHQ9IkRPTk9CQU4gU0VMRUNUKOODieODjuODkOODs+OCu+ODrOOCr+ODiCkiIC8+PC9kaXY+CjxkaXYgc3R5bGU9Im1hcmdpbjogMCAwIDEwcHg7Ij48aW1nIHNyYz0iaHR0cDovL2ltYWdlLnJha3V0ZW4uY28uanAvc3R5bGlzZS9jYWJpbmV0L2YtMDEvZHNrMTUwMi1wZWFybDMtMy5qcGciIGFsdD0iRE9OT0JBTiBTRUxFQ1Qo44OJ44OO44OQ44Oz44K744Os44Kv44OIKSIgLz48L2Rpdj4KCjxkaXYgc3R5bGU9Im1hcmdpbjogMCAwIDIwcHg7Ij4gPGZvbnQgc3R5bGU9ImZvbnQtc2l6ZToxNXB4OyI+TU9ERUzvvJrnrZLkupXmhJvnvo7jgZXjgpMv6Lqr6ZW377yaMTU4Y208YnI+CiAg77yc44Oi44OH44Or552A55So5ZWG5ZOB44Gv44Kz44OB44Op77yePGJyPgrvvIjkuIrvvIk8YSBocmVmPSJodHRwOi8vaXRlbS5yYWt1dGVuLmNvLmpwL2Rvbm9iYW4vZG5iLXNoaXJ0LTAxLyI+4peG44K344Oj44OEPC9hPiAgCu+8iOS4i++8iTxhIGhyZWY9Imh0dHA6Ly9pdGVtLnJha3V0ZW4uY28uanAvZG9ub2Jhbi9kc2ctZ3RzMzI4MS1rbml0LyI+4peG44OL44OD44OIPC9hPiAgPGJyPgo8YSBocmVmPSJodHRwOi8vaXRlbS5yYWt1dGVuLmNvLmpwL2Rvbm9iYW4vZHNrLTE1MDItZWFyMS8iPuKXhuOCpOODpOOCq+ODlTwvYT7jgIAKPGEgaHJlZj0iaHR0cDovL2l0ZW0ucmFrdXRlbi5jby5qcC9kb25vYmFuL2Rzay0xNTAyLXNpbHZlcjMvIj7il4bjg4Hjgqfjg7zjg7Pjg5bjg6zjgrk8L2E+44CACjxhIGhyZWY9Imh0dHA6Ly9pdGVtLnJha3V0ZW4uY28uanAvZG9ub2Jhbi9kc2stMTUwMi1zaWx2ZXIyLyI+4peG44OQ44Oz44Kw44OrPC9hPgo8L2ZvbnQ+CjwvZGl2Pgo8YnI+PGJyPgoKPGRpdiBzdHlsZT0ibWFyZ2luOiAwIDAgMTBweDsiPjxpbWcgc3JjPSJodHRwOi8vaW1hZ2UucmFrdXRlbi5jby5qcC9zdHlsaXNlL2NhYmluZXQvZi0wMS9kc2sxNTAyLXBlYXJsMy00LmpwZyIgYWx0PSJET05PQkFOIFNFTEVDVCjjg4njg47jg5Djg7Pjgrvjg6zjgq/jg4gpIiAvPjwvZGl2PgoKPGRpdiBzdHlsZT0ibWFyZ2luOiAwIDAgMjBweDsiPiA8Zm9udCBzdHlsZT0iZm9udC1zaXplOjE1cHg7Ij5NT0RFTO+8muacieW3neOBleOBqOOBk+OBleOCky/ouqvplbfvvJoxNjVjbTxicj4KICDvvJzjg6Ljg4fjg6vnnYDnlKjllYblk4Hjga/jgrPjg4Hjg6nvvJ48YnI+CjxhIGhyZWY9Imh0dHA6Ly9pdGVtLnJha3V0ZW4uY28uanAvZG9ub2Jhbi9kc2stMTUwMi1wZWFybDEvIj7il4bjg43jg4Pjgq/jg6zjgrk8L2E+Cjxicj48YnI+CiAg77yc44Kz44OB44Op44KC44OB44Kn44OD44Kv77yB77ye4peP4peL4peP44K544Ov44Ot44OV44K544Kt44O8IOODleOCp+OCpOOCr+ODkeODvOODq+OCt+ODquODvOOCuuKXj+KXi+KXjzxicj4KPGEgaHJlZj0iaHR0cDovL2l0ZW0ucmFrdXRlbi5jby5qcC9kb25vYmFuL2Rzay0xNTAyLXBlYXJsMS8iPuKXhuODjeODg+OCr+ODrOOCuSDjgrfjg6fjg7zjg4jjgr/jgqTjg5c8L2E+44CACjxhIGhyZWY9Imh0dHA6Ly9pdGVtLnJha3V0ZW4uY28uanAvZG9ub2Jhbi9kc2stMTUwMi1wZWFybDIvIj7il4bjg43jg4Pjgq/jg6zjgrkg44Ot44Oz44Kw44K/44Kk44OXPC9hPuOAgAo8YnI+CjwvZm9udD4KPC9kaXY+Cgo8ZGl2IHN0eWxlPSJtYXJnaW46IDAgMCAxMHB4OyI+PGltZyBzcmM9Imh0dHA6Ly9pbWFnZS5yYWt1dGVuLmNvLmpwL3N0eWxpc2UvY2FiaW5ldC9mLTAxL2RzazE1MDItcGVhcmwzLTUuanBnIiBhbHQ9IkRPTk9CQU4gU0VMRUNUKOODieODjuODkOODs+OCu+ODrOOCr+ODiCkiIC8+PC9kaXY+CjxkaXYgc3R5bGU9InBhZGRpbmc6MTBweDttYXJnaW46IDAgMCAxMHB4O2ZvbnQtc2l6ZToxMnB4O2ZvbnQtd2VpZ2h0OmJvbGQ7Y29sb3I6IzY2Njtib3JkZXI6MXB4IHNvbGlkICNjY2M7Ij5ET05PQkFOIFNFTEVDVO+8iOODieODjuODkOODs+OCu+ODrOOCr+ODiO+8ie+9nOODleOCp+OCpOOCr+ODkeODvOODq+ODquODs+OCsDwvZGl2PgoKPCEtLeKWvOWVhuWTgeOAgemFjemAgeOBq+OBpOOBhOOBpuOBruODhuODvOODluODqy0tPgo8dGFibGUgc3R5bGU9InRhYmxlLWxheW91dDogZml4ZWQ7d2lkdGg6NzUwcHg7Ym9yZGVyLWNvbGxhcHNlOmNvbGxhcHNlO21hcmdpbjowIDAgMTBweCAwO2JvcmRlcjoxcHggc29saWQgI2NjYztmb250LXNpemU6MTJweDsiPgo8IS0t4pa844Kr44Op44O844CB57Sg5p2Q562J44Gu44OG44O844OW44OrLS0+Cgo8dHI+Cjx0aCBzdHlsZT0id2lkdGg6MTMwcHg7cGFkZGluZzoxMHB4O2JhY2tncm91bmQ6I2VlZTtib3JkZXItcmlnaHQ6MXB4IGRvdHRlZCAjY2NjO2JvcmRlci1ib3R0b206MXB4IGRvdHRlZCAjY2NjOyI+44K144Kk44K6PC90aD4KPHRkIHN0eWxlPSJwYWRkaW5nOjEwcHg7Ym9yZGVyLWJvdHRvbToxcHggZG90dGVkICNjY2M7Ij4xMeWPt+ebuOW9kzxicj4K4oC744OP44Kk44OJ44Oh44Kk44OJ44Gu44Gf44KB44K144Kk44K644Gr6Iul5bmy44Gu5YCL5L2T5beu44GM44GU44GW44GE44G+44GZ44CC44GU5LqG5om/44GP44Gg44GV44GE44G+44Gb44CCPGJyPjwvdGQ+CjwvdHI+Cgo8dHI+Cjx0aCBzdHlsZT0id2lkdGg6MTMwcHg7cGFkZGluZzoxMHB4O2JhY2tncm91bmQ6I2VlZTtib3JkZXItcmlnaHQ6MXB4IGRvdHRlZCAjY2NjO2JvcmRlci1ib3R0b206MXB4IGRvdHRlZCAjY2NjOyI+44Kr44Op44O8PC90aD4KPHRkIHN0eWxlPSJwYWRkaW5nOjEwcHg7Ym9yZGVyLWJvdHRvbToxcHggZG90dGVkICNjY2M7Ij7jgrfjg6vjg5Djg7w8YnI+PC90ZD4KPC90cj4KCjx0cj4KPHRoIHN0eWxlPSJ3aWR0aDoxMzBweDtwYWRkaW5nOjEwcHg7YmFja2dyb3VuZDojZWVlO2JvcmRlci1yaWdodDoxcHggZG90dGVkICNjY2M7Ym9yZGVyLWJvdHRvbToxcHggZG90dGVkICNjY2M7Ij7llYblk4HoqqzmmI48L3RoPgo8dGQgc3R5bGU9InBhZGRpbmc6MTBweDtib3JkZXItYm90dG9tOjFweCBkb3R0ZWQgI2NjYzsiPgrjgrnjg6/jg63jg5Xjgrnjgq3jg7zjga/jgIHjg7Tjgqfjg6vjgrXjgqTjg6blrq7mrr/jgoTjgqrjg5rjg6nliofloLTjga7jgrfjg6Pjg7Pjg4fjg6rjgqLjg5Hjg7zjg4TjgarjganjgoLmiYvjgYzjgZHjgovjgIE8YnI+CuOCquODvOOCueODiOODquOCouOBrumrmOe0muOCr+ODquOCueOCv+ODq+OCrOODqeOCueOBruODluODqeODs+ODieOBp+OBmeOAgjxicj4K54us6Ieq44Gu6KO95rOV44Go5Yqg5bel44Gr44KI44KK44CB44Kv44Oq44K544K/44Or44KE44Ks44Op44K544Gr5qW15LiK44Gu6Lyd44GN44KS5LiO44GI44KL44K544Ov44Ot44OV44K544Kt44O844Gv44CBPGJyPgog5rW35aSW44K744Os44OW44Gr44KC5oSb55So6ICF44GM5aSa44GP44CB5pyA6auY57Sa44Gq5ZOB6LOq44Gu5ZOB44CF44KS6YCB44KK5Ye644GX44Gm44GE44G+44GZ44CCPGJyPgogPGJyPgog44GT44Gh44KJ44Gv44CB44Gd44Gu44K544Ov44Ot44OV44K544Kt44O856S+6KO944Gu44OV44Kn44Kk44Kv44OR44O844Or44Oq44Oz44Kw44Gn44GZ44CCPGJyPgrjg5Hjg7zjg6vjgYzkuKbjgpPjgaDkuIrlk4Hjgarjg4fjgrbjgqTjg7Pjgarjga7jgafjgIHpgJrli6TjgoTjgYrlh7rjgYvjgZHjgavjga/jgoLjgaHjgo3jgpPjgIE8YnI+CuWFpeWckuODu+WFpeWtpuW8j+OChOe1kOWpmuW8j+OBquOBqeODleOCqeODvOODnuODq+OBquWgtOmdouOBq+OCguOBiuS9v+OBhOOBhOOBn+OBoOOBkeOBvuOBmeOAgjxicj4K44Gy44Go44Gk44GC44KL44Go44GV44G+44GW44G+44Gq44K344O844Oz44Gn44CB6ZW344GP5L2/44GI44KL44Gu44Gn44CB44Gf44GE44G444KT5L6/5Yip44Gn44GZ44CCPGJyPgo8YnI+CuWQjOODh+OCtuOCpOODs+OBruODjeODg+OCr+ODrOOCueOBqOOCu+ODg+ODiOOBp+OBiuS9v+OBhOOBhOOBn+OBoOOBhOOBpuOCguKZqjxicj4KPGJyPgo8YSBocmVmPSJodHRwOi8vaXRlbS5yYWt1dGVuLmNvLmpwL2Rvbm9iYW4vZHNrLTE1MDItcGVhcmwxLyI+44ON44OD44Kv44Os44K5IOOCt+ODp+ODvOODiOOCv+OCpOODl+OBr+OBk+OBoeOCie+8nu+8nu+8njwvYT48YnI+CjxhIGhyZWY9Imh0dHA6Ly9pdGVtLnJha3V0ZW4uY28uanAvZG9ub2Jhbi9kc2stMTUwMi1wZWFybDIvIj7jg43jg4Pjgq/jg6zjgrkg44Ot44Oz44Kw44K/44Kk44OX44Gv44GT44Gh44KJ77ye77ye77yePC9hPjxicj48L3RkPgo8L3RyPgoKPHRyPgo8dGggc3R5bGU9IndpZHRoOjEzMHB4O3BhZGRpbmc6MTBweDtiYWNrZ3JvdW5kOiNlZWU7Ym9yZGVyLXJpZ2h0OjFweCBkb3R0ZWQgI2NjYztib3JkZXItYm90dG9tOjFweCBkb3R0ZWQgI2NjYzsiPuOBlOazqOaEjzwvdGg+Cjx0ZCBzdHlsZT0icGFkZGluZzoxMHB4O2JvcmRlci1ib3R0b206MXB4IGRvdHRlZCAjY2NjOyI+CuKWoOaSruW9seWgtOaJgOOChOOCpOODoeODvOOCuOOBq+OCiOOCiuWun+mam+OBruWVhuWTgeOBqOiJsuWRs+OBjOiLpeW5sueVsOOBquOCi+WgtOWQiOOBjOOBlOOBluOBhOOBvuOBmeOAguWVhuWTgeOBruOBiuiJsuWRs+OBr+OCq+ODqeODvOODkOODquOCqOODvOOCt+ODp+ODs+eUu+WDj+OCkuOBlOWPgueFp+OBj+OBoOOBleOBhOOAgjxicj4K4pag44Gq44KL44G544GP44GN44KM44GE44Gq54q25oWL44Gn55m66YCB6Ie044GX44G+44GZ44GM44CB6KO96YCg5bel56iL5LiK44CB6Ly46YCB44Gu6Zqb44Gu5rGa44KM44KE5pOm44KM562J44GM6Iul5bmy6KaL44KJ44KM44KL5aC05ZCI44GM44GU44GW44GE44G+44GZ44CCPGJyPgrjgYLjgonjgYvjgZjjgoHkuIroqJjkuovpoIXjgpLjgZTnkIbop6PjgZTkuobmib/jga7jgYbjgYjjgIHjgYrosrfmsYLjgoHjgY/jgaDjgZXjgYTjgb7jgZvjgII8YnI+PC90ZD4KPC90cj4KCjx0cj4KPHRoIHN0eWxlPSJ3aWR0aDoxMzBweDtwYWRkaW5nOjEwcHg7YmFja2dyb3VuZDojZWVlO2JvcmRlci1yaWdodDoxcHggZG90dGVkICNjY2M7Ym9yZGVyLWJvdHRvbToxcHggZG90dGVkICNjY2M7Ij7phY3pgIHjgavjgaTjgYTjgaY8L3RoPgo8dGQgc3R5bGU9InBhZGRpbmc6MTBweDtib3JkZXItYm90dG9tOjFweCBkb3R0ZWQgI2NjYzsiPgo8IS0tIOKWvOKWvOKWvOWVhuWTgeOBq+OCiOOBo+OBpuW/heimgeOBquaWh+iogOOCkumBuOOBs+OAgeOBneOCjOS7peWkluOCkuOCs+ODoeODs+ODiOOCouOCpuODiOKWvOKWvOKWvCAtLT4K4oC744GT44Gh44KJ44Gu5ZWG5ZOB44GvNOeCueOBvuOBp+ODoeODvOODq+S+v+WPr+OBp+OBmeOAgu+8iOmAgeaWme+/pTIwMO+8iTxicj4KPCEtLeKAu+OBk+OBoeOCieOBruWVhuWTgeOBr+ODoeODvOODq+S+v+WvvuW/nOS4jeWPr+OBp+OBmeOAgu+8iOmAgeaWme+/pTU0MO+8iTxicj4tLT4K4oC75a6F6YWN5L6/6YCB5paZ44Gv5YWo5Zu95LiA5b6L77+lNTQw44Go44Gq44KK44G+44GZ44CCPGJyPgrigLvphY3pgIHopo/ntITjgpLjgZTnorroqo3jg7vjgZTkuobmib/kuIvjgZXjgYTjgb7jgZnjgojjgYbjgYrpoZjjgYToh7TjgZfjgb7jgZnjgII8YnI+CuKAu+OAkOODoeODvOODq+S+v09L44CR44Gu5ZWG5ZOB44Gn44KC44Op44OD44OU44Oz44Kw5a++5b+c44Gu5aC05ZCI44Gv44Oh44O844Or5L6/5LiN5Y+v44Go44Gq44KK44CB5a6F6YWN5L6/44Gn44Gu6YWN6YCB44Go44Gq44KK44G+44GZ44CC44G+44Gf44CB44CQ44Oh44O844Or5L6/6YCB5paZ54Sh5paZ44CR44Gu5aC05ZCI44KC5ZCM5qeY44Gr44CB44Op44OD44OU44Oz44Kw5a++5b+c44Gu5aC05ZCI44Gv5a6F6YWN5L6/44Go44Gq44KK44CB6YCB5paZ44GM5Yil6YCU44GL44GL44KK44G+44GZ44CC44GC44KJ44GL44GY44KB44GU5LqG5om/44GP44Gg44GV44GE44CCCjwhLS0g4pay4pay4pay5ZWG5ZOB44Gr44KI44Gj44Gm5b+F6KaB44Gq5paH6KiA44KS6YG444Gz44CB44Gd44KM5Lul5aSW44KS44Kz44Oh44Oz44OI44Ki44Km44OI4pay4pay4payIC0tPjwvdGQ+CjwvdHI+CjwvdGFibGU+CjwhLS3ilrLllYblk4HjgIHphY3pgIHjgavjgaTjgYTjgabjga7jg4bjg7zjg5bjg6stLT4KCjwhLS3imIXimIXimIXjgqLjg57jgr7jg7PnlKjjgqvjg4bjgrTjg6rimIXimIXimIUtLT4KPHRhYmxlIHN0eWxlPSJ0YWJsZS1sYXlvdXQ6IGZpeGVkO3dpZHRoOjc1MHB4O2JvcmRlci1jb2xsYXBzZTpjb2xsYXBzZTttYXJnaW46MCAwIDEwcHg7Ym9yZGVyOjFweCBzb2xpZCAjY2NjO3RleHQtYWxpZ246Y2VudGVyO2ZvbnQtc2l6ZToxMnB4OyI+Cgo8dHI+Cjx0ZCBjb2xzcGFuPSIyIiBzdHlsZT0icGFkZGluZzo1cHggMDtib3JkZXItYm90dG9tOjFweCBkb3R0ZWQgI2NjYzsiPgpET05PQkFOIFNFTEVDVCAo44OJ44OO44OQ44Oz44K744Os44Kv44OIKQo8L3RyPgoKPHRyPgo8dGQgc3R5bGU9InBhZGRpbmc6NXB4IDA7Ym9yZGVyLWJvdHRvbToxcHggZG90dGVkICNjY2M7Ij5MYWRpZXM8L3RoPgo8dGQgc3R5bGU9InBhZGRpbmc6NXB4IDA7Ym9yZGVyLWJvdHRvbToxcHggZG90dGVkICNjY2M7Ij5BY2Nlc29yaWVzPC90ZD4KPC90cj4KCjwvdGFibGU+Cgo8aWZyYW1lIHNyYz0iCmh0dHA6Ly93d3cucmFrdXRlbi5uZS5qcC9nb2xkL2Rvbm9iYW4vX2ZyYW1lL2Zhdm9yaXRlL3NlbGVjdC5odG1sIiBmcmFtZWJvcmRlcj0iMCIgd2lkdGg9Ijc1MCJoZWlnaHQ9IjUwMCIgc2Nyb2xsaW5nPSJubyJoc3BhY2U9IjAidnNwYWNlPSIwIm1hcmdpbmhlaWdodD0iMCJtYXJoaW53aWR0aD0iMCIgYm9yZGVyPSIwIj48L2lmcmFtZT48IS0tIEdXL+W5tOacq+W5tOWniyA8ZGl2IHN0eWxlPSJtYXJnaW4tYm90dG9tOjEwcHgiPjxpbWcgc3JjPSJodHRwOi8vd3d3LnJha3V0ZW4ubmUuanAvZ29sZC9kb25vYmFuL21vYmlsZS9hc3NldHMvaW1hZ2VzLzIwMTcwMzE4XzYxNngxMjAuanBnIiB3aWR0aD0iNzUwcHgiPjwvZGl2PiAtLT4KCjwhLS0g44GK55uG5LyR44G/44Gr44Gk44GE44GmIAo8ZGl2IHN0eWxlPSJtYXJnaW4tYm90dG9tOjMwcHgiPjxpbWcgc3JjPSJodHRwOi8vd3d3LnJha3V0ZW4ubmUuanAvZ29sZC9kb25vYmFuL19kYXRhL2Jhbm5lci9ibnJfOTgwXzE2MDhpbmZvLmpwZyIgd2lkdGg9Ijc1MHB4Ij48L2Rpdj4gLS0+Cgo8IS0tIOOCpOODs+OCueOCv+OCsOODqeODoAogLS0+CiAKPCEtLSBQQ+S4i+mDqCDjgr/jgqTjg6Djgrvjg7zjg6sKPGRpdiBpZD0ic2FsZVVuZGVyQm5yIj48L2Rpdj4gLS0+CgoKPCEtLSBQVVNIIFVQIElURU1TIC0tPg==,44CQ44Oh44O844Or5L6/T0vjgJFET05PQkFOIFNFTEVDVCDjg4njg47jg5Djg7Pjgrvjg6zjgq/jg4gg44OV44Kn44Kk44Kv44OR44O844OrIOODquODs+OCsO+9nCDjg6zjg4fjgqPjg7zjgrkg5oyH6LyqIOOCouOCr+OCu+OCteODquODvCDjgrnjg6/jg63jg5Xjgrnjgq3jg7wgc3dhcm92c2tpIOe1kOWpmuW8jyDkuozmrKHkvJog44OR44O844OG44Kj44O8IOOCq+OCuOODpeOCouODqyDjgqLjgq/jgrsg5aWz44Gu5a2QIOOCtOODvOODq+ODiSDjgrfjg6vjg5Djg7wg55yf54+gW1RdKEwp77y7b3V0Uu+8ve+8mkRPTk9CQU7vvIjjg4njg47jg5Djg7PvvIk=,44Of44ON44OI44Oz44Kr44Kz44Oz44OQ44O844K5VUdH44Kv44Ot44OD44Kv44K5TkVXIEVSQeODi+ODpeODvOOCqOODqea/gOWuieW6l+iIl+alveWkqeaiqOiKseODr+ODs+ODlOODvOOCueWBveeJqeato+imj+WTgeODouOCq+OCt+ODs+OCteOCpOOCuuOCueODi+ODvOOCq+ODvOOCueODquODg+ODneODs+OCouOCsOODluODvOODhOODoOODvOODiOODs+ODluODvOODhOOAkOODoeODvOODq+S+v09L44CRRE9OT0JBTiBTRUxFQ1Qg44OJ44OO44OQ44Oz44K744Os44Kv44OIIOODleOCp+OCpOOCr+ODkeODvOODqyDjg6rjg7PjgrDvvZwg44Os44OH44Kj44O844K5IOaMh+i8qiDjgqLjgq/jgrvjgrXjg6rjg7wg44K544Ov44Ot44OV44K544Kt44O8IHN3YXJvdnNraSDntZDlqZrlvI8g5LqM5qyh5LyaIOODkeODvOODhuOCo+ODvCDjgqvjgrjjg6XjgqLjg6sg44Ki44Kv44K7IOWls+OBruWtkCDjgrTjg7zjg6vjg4kg44K344Or44OQ44O8IOecn+ePoFtUXShMKe+8u291dFLvvL0=,MuasoeS8miDlhaXlnJIg5YWl5a2mIOWNkuWckiDljZLmpa0g44OV44Kp44O844Oe44OrIOW8j+WFuCDmjIfovKril4bjgILjgJDjg6Hjg7zjg6vkvr9PS+OAkURPTk9CQU4gU0VMRUNUIOODieODjuODkOODs+OCu+ODrOOCr+ODiCDjg5XjgqfjgqTjgq/jg5Hjg7zjg6sg44Oq44Oz44Kw772cIOODrOODh+OCo+ODvOOCuSDmjIfovKog44Ki44Kv44K744K144Oq44O8IOOCueODr+ODreODleOCueOCreODvCBzd2Fyb3Zza2kg57WQ5ama5byPIOS6jOasoeS8miDjg5Hjg7zjg4bjgqPjg7wg44Kr44K444Ol44Ki44OrIOOCouOCr+OCuyDlpbPjga7lrZAg44K044O844Or44OJIOOCt+ODq+ODkOODvCDnnJ/nj6BbVF0oTCnvvLtvdXRS77y9[rn]
39-1004,aHR0cDovL3RzaG9wLnIxMHMuanAvdm9sOC9jYWJpbmV0LzAxNy9iOTE0LTAwMDUtMjU0Ni1hMy5qcGc/Zml0aW49NzAwOjcwMA==,MjkyMC4wMDAw,,44K444Ol44Ko44Oq44O844O744Ki44Kv44K744K144Oq44O8ID4g44Os44OH44Kj44O844K544K444Ol44Ko44Oq44O844O744Ki44Kv44K744K144Oq44O8ID4g5oyH6Lyq44O744Oq44Oz44Kw,W+WNs+aXpeeZuumAgV3jg5DjgqTjg5zjg7wg44Os44OH44Kj44O844K5IOODquODs+OCsCDmjIfovKooMTUuNeWPtykv44OQ44Kk44Oc44O8IOODquODs+OCsCDmjIfovKooQnlCb2Up54i244Gu5pel,W+WNs+aXpeeZuumAgV3jg5DjgqTjg5zjg7wg44Os44OH44Kj44O844K5IOODquODs+OCsCDmjIfovKooQnlCb2Up,PCEtLSBzYWxlcy1jYXB0aW9uLXN0YXJ0IC0tPgo8IS0tIGJyYW5kLWV4cC1zdGFydCAtLT4KPGEgY2xhc3M9ImJyZC1ibiIgaHJlZj0iaHR0cHM6Ly9zZWFyY2gucmFrdXRlbi5jby5qcC9zZWFyY2gvaW5zaG9wLW1hbGw/Zj0xJnY9MyZzaWQ9MzAyNTE0JnV3ZD0xJnM9MSZwPTEmc2l0ZW09QnlCb2Umc3Q9QSZzZj0xIj4KPGltZyBzcmM9Imh0dHBzOi8vd3d3LnJha3V0ZW4ubmUuanAvZ29sZC92b2w4L2ltZy9jdGcvYjktY3RnLmpwZyIgYWx0PSLjg5DjgqTjg5zjg7woQnlCb2Up44Gu44OW44Op44Oz44OJ44Kr44OG44K044Oq44O8IiB0aXRsZT0i44OQ44Kk44Oc44O8KEJ5Qm9lKeOBruWFqOWVhuWTgeS4gOimp+OCkuimi+OCiyI+CjxoMT7jg5DjgqTjg5zjg7woQnlCb2Up44Gu5YWo5ZWG5ZOB5LiA6Kan44KS6KaL44KLPC9oMT4KPC9hPgo8IS0tIGJyYW5kLWV4cC1lbmQgLS0+CjxkaXYgY2xhc3M9InNhbGVzLWNhcHRpb24iPgo8ZGl2IGNsYXNzPSJpdGVtLWV4cCI+CjxoMT5CeUJvZQo8cCBjbGFzcz0iaXRlbV9qIj7jg5DjgqTjg5zjg7w8L3A+Cjxicj4K44Oq44Oz44KwCjxwIGNsYXNzPSJpdGVtX2oiPjE1LjXlj7c8L3A+CjwvaDE+CjwhLS0gZXhwLXRhZy1zdGFydCAtLT4KPGRpdiBjbGFzcz0idGFnLWJveCI+CjxhIGNsYXNzPSJ0YWctZ2lmdC1udWxsIiBocmVmPSJodHRwczovL2l0ZW0ucmFrdXRlbi5jby5qcC92b2w4L2MvMDAwMDAwMDk5Ny8iIHRpdGxlPSLjgq7jg5Xjg4jjg6njg4Pjg5Tjg7PjgrDjga7oqbPntLDjgpLopovjgosiIHRhcmdldD0iX2JsYW5rIj48L2E+CjxhIGNsYXNzPSJ0YWctcG9pbnQtbnVsbCIgaHJlZj0iaHR0cHM6Ly9pdGVtLnJha3V0ZW4uY28uanAvdm9sOC9jLzAwMDAwMDAyMTEvIiB0aXRsZT0i44Kt44Oj44Oz44Oa44O844Oz44Gr44Ko44Oz44OI44Oq44O844GZ44KLIiB0YXJnZXQ9Il9ibGFuayI+PC9hPgo8YSBjbGFzcz0idGFnLWV4ZGVsaSIgaHJlZj0iaHR0cHM6Ly9pdGVtLnJha3V0ZW4uY28uanAvdm9sOC9iOTE0LTAwMDUtMjU0Ni1hMyNhc3VyYWt1VGFibGUiIHRpdGxlPSLnv4zml6XphY3pgIHjga7oqbPntLDjgpLopovjgosiPjwvYT4KPGRpdiBjbGFzcz0iY2xlYXIiPjwvZGl2Pgo8L2Rpdj4KPCEtLSBleHAtdGFnLWVuZCAtLT4KPHAgY2xhc3M9Iml0ZW0tZXhwIj7jg5DjgqTjg5zjg7woQnlCb2Up44Gu44Oq44Oz44Kw44Gn44GZ44CCPC9wPgo8cCBjbGFzcz0iaXRlbS1leHAiPmJ5IGJvZSjjg5DjgqTjg5zjg7wp44Gv44CB44K544Km44Kn44O844OH44Oz55Sf44G+44KM44GuQW5uaWthIFNhbGFtZSjjgqLjg4vjgqvjg7vjgrXjg6njg6Ep44GM44OH44K244Kk44Oz44GZ44KLTlnnlJ/jgb7jgozjga7jgqLjgq/jgrvjgrXjg6rjg7zjg5bjg6njg7Pjg4njgafjgZnjgILoj6/lpaLjgafnuYrntLDjgYvjgaTni6zlibXnmoTjgarjg4fjgrbjgqTjg7PjgYzprYXlipvnmoTjgafmtbflpJbjgrvjg6zjg5bjgoLlpJrjgY/mhJvnlKjjgZflpKfms6jnm67jga7jg5bjg6njg7Pjg4njgafjgZnjgILkurrmsJfjgavjgarjgaPjgZ/ku4rjgoLlhajjgabjga7jgqLjgqTjg4bjg6DjgpLjg4vjg6Xjg7zjg6jjg7zjgq/jgavjgabjg4/jg7Pjg4njg6HjgqTjg4njgafliLbkvZzjgZfjgabjgYTjgb7jgZnjgII8L3A+CjwvZGl2Pgo8YSBocmVmPSJodHRwczovL2ltYWdlLnJha3V0ZW4uY28uanAvdm9sOC9jYWJpbmV0LzAxNy9iOTE0LTAwMDUtMjU0Ni1hMy5qcGciIHRpdGxlPSLjgq/jg6rjg4Pjgq/jgafmi6HlpKciIHRhcmdldD0iX2JsYW5rIiBjbGFzcz0icmFrdXRlbkxpbWl0ZWRJZF9JbWFnZU1haW4xLTMiIGV4cGlkPSIxMDA0NzIyNCIgc3R5bGU9IiBkaXNwbGF5OmJsb2NrICFpbXBvcnRhbnQ7Ij48aW1nIGNsYXNzPSJ0aHVtYi1sIiBzcmM9Imh0dHBzOi8vdGh1bWJuYWlsLmltYWdlLnJha3V0ZW4uY28uanAvQDBfbWFsbC92b2w4L2NhYmluZXQvMDE3L2I5MTQtMDAwNS0yNTQ2LWEzLmpwZz9fZXg9NDAweDQwMCIgYWx0PSLjg5DjgqTjg5zjg7woQnlCb2Up44Oq44Oz44KwIDE1LjXlj7ciPjwvYT4KPGRpdiBjbGFzcz0iY2xlYXIiPjwvZGl2Pgo8dWwgY2xhc3M9InRodW1iLWxpc3RfYSI+CjxsaT48YSBjbGFzcz0icmFrdXRlbkxpbWl0ZWRJZF9JbWFnZU1haW4xLTMiIGV4cGlkPSIxMDA0NzIyNCIgaHJlZj0iaHR0cHM6Ly9pbWFnZS5yYWt1dGVuLmNvLmpwL3ZvbDgvY2FiaW5ldC8wMTcvYjkxNC0wMDA1LTI1NDYtYTNfMS5qcGciIHRhcmdldD0iX2JsYW5rIiB0aXRsZT0i44Kv44Oq44OD44Kv44Gn5ouh5aSnIj48aW1nIHNyYz0iaHR0cHM6Ly90aHVtYm5haWwuaW1hZ2UucmFrdXRlbi5jby5qcC9AMF9tYWxsL3ZvbDgvY2FiaW5ldC8wMTcvYjkxNC0wMDA1LTI1NDYtYTNfMS5qcGc/X2V4PTE3MngxNzIiIGFsdD0i44OQ44Kk44Oc44O8KEJ5Qm9lKeODquODs+OCsCAxNS415Y+3IiBzdHlsZT0iZGlzcGxheTpibG9jazsiPjwvYT48L2xpPgo8bGk+PGEgY2xhc3M9InJha3V0ZW5MaW1pdGVkSWRfSW1hZ2VNYWluMS0zIiBleHBpZD0iMTAwNDcyMjQiIGhyZWY9Imh0dHBzOi8vaW1hZ2UucmFrdXRlbi5jby5qcC92b2w4L2NhYmluZXQvMDE3L2I5MTQtMDAwNS0yNTQ2LWEzXzIuanBnIiB0YXJnZXQ9Il9ibGFuayIgdGl0bGU9IuOCr+ODquODg+OCr+OBp+aLoeWkpyI+PGltZyBzcmM9Imh0dHBzOi8vdGh1bWJuYWlsLmltYWdlLnJha3V0ZW4uY28uanAvQDBfbWFsbC92b2w4L2NhYmluZXQvMDE3L2I5MTQtMDAwNS0yNTQ2LWEzXzIuanBnP19leD0xNzJ4MTcyIiBhbHQ9IuODkOOCpOODnOODvChCeUJvZSnjg6rjg7PjgrAgMTUuNeWPtyIgc3R5bGU9ImRpc3BsYXk6YmxvY2s7Ij48L2E+PC9saT4KPC91bD4KPGRpdiBjbGFzcz0iY2xlYXIiPjwvZGl2Pgo8L2Rpdj4KPCEtLSBzYWxlcy1jYXB0aW9uLWVuZCAtLT4KPCEtLSByZWxldmFudC1wcm9kdWN0LXN0YXJ0IC0tPgo8ZGwgY2xhc3M9Iml0ZW0tbGlzdCI+CjxkdD4KPGgyIGNsYXNzPSJ0aXRsZS1sIj5TSVpFL0NPTE9SPHNwYW4+44K144Kk44K6L+OCq+ODqeODvOmBleOBhOOBruWVhuWTgTwvc3Bhbj48L2gyPgo8L2R0Pgo8ZGQ+Cjx1bD4KPGxpPjxhIGhyZWY9Imh0dHBzOi8vaXRlbS5yYWt1dGVuLmNvLmpwL3ZvbDgvYjkxNC0wMDA1LTI1NDUtYTMvIj48aW1nIHNyYz0iaHR0cDovL3RodW1ibmFpbC5pbWFnZS5yYWt1dGVuLmNvLmpwL0AwX21hbGwvdm9sOC9jYWJpbmV0LzAxNy9iOTE0LTAwMDUtMjU0NS1hMy5qcGc/X2V4PTE3MngxNzIiPjEyLjXlj7c8YnI+XDMsMzgwPC9hPjwvbGk+CjxsaT48YSBocmVmPSJodHRwczovL2l0ZW0ucmFrdXRlbi5jby5qcC92b2w4L2I5MTQtMDAwNS0yNTQ2LWEzLyI+PGltZyBzcmM9Imh0dHA6Ly90aHVtYm5haWwuaW1hZ2UucmFrdXRlbi5jby5qcC9AMF9tYWxsL3ZvbDgvY2FiaW5ldC8wMTcvYjkxNC0wMDA1LTI1NDYtYTMuanBnP19leD0xNzJ4MTcyIj4xNS415Y+3PGJyPlwzLDM4MDwvYT48L2xpPgo8L3VsPgo8ZGl2IHN0eWxlPSJjbGVhcjpib3RoOyI+PC9kaXY+CjwvZGQ+CjwvZGw+CjwhLS0gcmVsZXZhbnQtcHJvZHVjdC1lbmQgLS0+CjwhLS0gc3BlYy1jYXB0aW9uLXN0YXJ0IC0tPgo8aDIgY2xhc3M9InRpdGxlLWwiPkRFVEFJTDxzcGFuPuWVhuWTgeips+e0sDwvc3Bhbj48L2gyPgo8dGFibGUgY2xhc3M9Iml0ZW0tc3BlYyIgc3VtbWFyeT0i44OQ44Kk44Oc44O8KEJ5Qm9lKeODquODs+OCsCAxNS415Y+344Gu6Kmz57Sw44CCIj4KPHRyPgo8dGg+PHAgY2xhc3M9Iml0ZW0tc3BlYy10YWJsZS1sIj7jg5bjg6njg7Pjg4k8L3A+PC90aD4KPHRoIGNsYXNzPSJpdGVtLXNwZWMtdGFibGUtciI+PHA+44Ki44Kk44OG44Og44K444Oj44Oz44OrPC9wPjwvdGg+CjwvdHI+Cjx0cj4KPHRkPjxwIGNsYXNzPSJpdGVtLXNwZWMtdGFibGUtbCI+PGEgc3R5bGU9ImNvbG9yOiMzNkM7IiBocmVmPSJodHRwczovL3NlYXJjaC5yYWt1dGVuLmNvLmpwL3NlYXJjaC9pbnNob3AtbWFsbD9mPTEmdj0zJnNpZD0zMDI1MTQmdXdkPTEmcz0xJnA9MSZzaXRlbT1CeUJvZSZzdD1BJnNmPTEiPuODkOOCpOODnOODvChCeUJvZSk8L2E+PC9wPjwvdGQ+Cjx0ZD48cD48YSBzdHlsZT0iY29sb3I6IzM2QzsiIGhyZWY9Imh0dHBzOi8vc2VhcmNoLnJha3V0ZW4uY28uanAvc2VhcmNoL2luc2hvcC1tYWxsLyVFMyU4MiVBMiVFMyU4MiVBRiVFMyU4MiVCQiVFMyU4MiVCNSVFMyU4MyVBQSVFMyU4MyVCQyVFRiVCQyU4RiVFMyU4MiVCOCVFMyU4MyVBNSVFMyU4MiVBOCVFMyU4MyVBQSVFMyU4MyVCQyVFRiVCQyU4RS8tL2YuMy1wLjEtcy4xLXNpZC4zMDI1MTQtc3QuQS12LjMiPuOCouOCr+OCu+OCteODquODvC/jgrjjg6Xjgqjjg6rjg7w8L2E+PC9wPjwvdGQ+CjwvdHI+Cjx0cj4KPHRoPjxwIGNsYXNzPSJpdGVtLXNwZWMtdGFibGUtbCI+5LuV5qeYPC9wPjwvdGg+Cjx0aD48cD7jgrXjgqTjgro8L3A+PC90aD4KPC90cj4KPHRyPgo8dGQ+PHAgY2xhc3M9Iml0ZW0tc3BlYy10YWJsZS1sIj7ku5jlsZ7lk4HvvJrlsILnlKjkv53lrZjlt77nnYDluIPooos8YnI+Cjxicj4K55Sf55Sj5Zu977yaTlk8L3A+PC90ZD4KPHRkPjxwPuODoeODvOOCq+ODvOihqOiomOOCteOCpOOCuu+8mjcuNTxicj4KPGJyPgrml6XmnKzjgrXjgqTjgrrvvJoxNS415Y+3PGJyPgo8YnI+CuODouODgeODvOODleOCteOCpOOCuu+8mkgxMmNtw5dXMTJjbcOXRDNjbTwvcD48L3RkPgo8L3RyPgo8dHI+Cjx0aD48cCBjbGFzcz0iaXRlbS1zcGVjLXRhYmxlLWwiPue0oOadkDwvcD48L3RoPgo8dGg+PHA+44Kr44Op44O8PC9wPjwvdGg+CjwvdHI+Cjx0cj4KPHRkPjxwIGNsYXNzPSJpdGVtLXNwZWMtdGFibGUtbCI+MTRLIGdvbGQtZmlsbGVkPGJyPgo8YnI+CmdvbGQtZmlsbGVkKOOCtOODvOODq+ODieODleOCo+ODqynjgajjga/ph5Hjga7lsaTjgpLpq5jnhrHjgajlnKflipvjgafnnJ/pja7jgavlnKfnnYDjgZXjgZvjgZ/jgoLjga7jgafmrKfnsbPjgafjga/jgajjgabjgoLjg53jg5Tjg6Xjg6njg7zjgafjgZnjgILllYblk4Hph43ph4/jga4yMOWIhuOBrjHku6XkuIrjgYwxNOmHkeOBqOOBhOOBhuaEj+WRs+OBp+mVt+acn+OBruOBlOS9v+eUqOOBp+OCguWJpeOBjOOCjOOBq+OBj+OBj+WcsOmHkeOBjOmcsuWHuuOBl+OBq+OBj+OBhOeJueaAp+OBjOOBguOCiuOBvuOBmeOAgjwvcD48L3RkPgo8dGQ+PHA+PC9wPjwvdGQ+CjwvdHI+Cjx0cj4KPHRoIGNvbHNwYW49IjIiPjxwIHN0eWxlPSJ3aWR0aDoxMDAlOyI+5YKZ6ICDPC9wPjwvdGg+CjwvdHI+Cjx0cj4KPHRkIGNvbHNwYW49IjIiPuKAu+axmuOCjOOBjOS7mOedgOOBl+OBn+mam+OBr+aflOOCieOBi+OBhOW4g+OBquOBqeOBp+i7veOBj+OBteOBhOOBpuOBiuaJi+WFpeOCjOOBj+OBoOOBleOBhOOAguKAu+WVhuWTgeOBq+OCiOOBo+OBpuOCteOCpOOCuuOBq+WAi+S9k+W3ruOBjOOBguOCi+WgtOWQiOOBjOW+oeW6p+OBhOOBvuOBmeOAguKAu+eUu+WDj+OBruiJsuOBr+OBlOWIqeeUqOOBruODouODi+OCv+ODvOOBrueorumhnuOChOWRqOi+uueSsOWig+etieOBq+OCiOOCiuimi+OBiOaWueOBq+W3rueVsOOBjOeUn+OBmOOBvuOBmeOAgjwvdGQ+CjwvdHI+CjwvdGFibGU+CjwhLS0gc3BlYy1jYXB0aW9uLWVuZCAtLT4KPCEtLSBzZWFyY2gtc3RhcnQgLS0+CjxkaXYgY2xhc3M9InNlYXJjaHdvcmQiPgrmtbflpJbjg5bjg6njg7Pjg4ku5Lq65rCXLuaWsOWTgS7mnKzniaku5r+A5a6JLuWuieOBhC7jg5fjg6zjgrzjg7Pjg4gu44Oq44Oz44KwLuaMh+i8qi43LjUuMTUuNeWPty7jg6zjg4fjgqPjg7zjgrkuUjIxLUdGLmI5MTQtcjIxZ2YuQnlCb2Uu44Ki44Kv44K744K144Oq44O8L+OCuOODpeOCqOODquODvC4KPC9kaXY+CjwhLS0gc2VhcmNoLWVuZCAtLT4KPCEtLSBvcmRlci1hbmNob3Itc3RhcnQgLS0+CjxoMiBjbGFzcz0idGl0bGUtbCIgaWQ9Im9yZGVyLWFuY2hvciI+T1JERVI8c3Bhbj7jgZTms6jmloc8L3NwYW4+PC9oMj4KPCEtLSBvcmRlci1hbmNob3ItZW5kIC0tPjwhLS0gcmVsZXZhbnQtYnJhbmQtc3RhcnQgLS0+CjxkbCBjbGFzcz0iaXRlbS1saXN0Ij4KPGR0Pgo8aDIgY2xhc3M9InRpdGxlLWwiPkJ5Qm9lPHNwYW4+44OQ44Kk44Oc44O844Gu5Lq65rCX5ZWG5ZOBPC9zcGFuPuOCguOBo+OBqOimi+OCizwvaDI+CjwvZHQ+CjxkZD4KPHVsPgo8bGk+PGltZyBzcmM9Imh0dHA6Ly90aHVtYm5haWwuaW1hZ2UucmFrdXRlbi5jby5qcC9AMF9tYWxsL3ZvbDgvY2FiaW5ldC8wMDEvYjkxNC0wMDA2LTEzMTMtYTMuanBnP19leD0xNzJ4MTcyIj7jg5DjgqTjg5zjg7w8YnI+44OU44Ki44K5PGJyPuODrOODh+OCo+ODvOOCuTxicj5cMyw3MzA8L2xpPgo8bGk+PGltZyBzcmM9Imh0dHA6Ly90aHVtYm5haWwuaW1hZ2UucmFrdXRlbi5jby5qcC9AMF9tYWxsL3ZvbDgvY2FiaW5ldC8wMDEvYjkxNC0wMDA2LTEyOTYtYTMuanBnP19leD0xNzJ4MTcyIj7jg5DjgqTjg5zjg7w8YnI+44Oa44Oz44OA44Oz44OIPGJyPuODrOODh+OCo+ODvOOCuTxicj5cNCw4ODA8L2xpPgo8bGk+PGltZyBzcmM9Imh0dHA6Ly90aHVtYm5haWwuaW1hZ2UucmFrdXRlbi5jby5qcC9AMF9tYWxsL3ZvbDgvY2FiaW5ldC8wMDEvYjkxNC0wMDA2LTEyOTctYTMuanBnP19leD0xNzJ4MTcyIj7jg5DjgqTjg5zjg7w8YnI+44ON44OD44Kv44Os44K5PGJyPuODrOODh+OCo+ODvOOCuTxicj5cMyw4MDA8L2xpPgo8bGk+PGltZyBzcmM9Imh0dHA6Ly90aHVtYm5haWwuaW1hZ2UucmFrdXRlbi5jby5qcC9AMF9tYWxsL3ZvbDgvY2FiaW5ldC8wMjAvYjkxNC0wMDA1LTI1MDQtYTMuanBnP19leD0xNzJ4MTcyIj7jg5DjgqTjg5zjg7w8YnI+44Oa44Oz44OA44Oz44OIPGJyPuODrOODh+OCo+ODvOOCuTxicj5cMyw4MzA8L2xpPgo8bGk+PGltZyBzcmM9Imh0dHA6Ly90aHVtYm5haWwuaW1hZ2UucmFrdXRlbi5jby5qcC9AMF9tYWxsL3ZvbDgvY2FiaW5ldC8wMDEvYjkxNC0wMDA2LTEzMDAtYTMuanBnP19leD0xNzJ4MTcyIj7jg5DjgqTjg5zjg7w8YnI+44ON44OD44Kv44Os44K5PGJyPuODrOODh+OCo+ODvOOCuTxicj5cNCw2MjA8L2xpPgo8bGk+PGltZyBzcmM9Imh0dHA6Ly90aHVtYm5haWwuaW1hZ2UucmFrdXRlbi5jby5qcC9AMF9tYWxsL3ZvbDgvY2FiaW5ldC8wMjAvYjkxNC0wMDA1LTI1MDUtYTMuanBnP19leD0xNzJ4MTcyIj7jg5DjgqTjg5zjg7w8YnI+44Oa44Oz44OA44Oz44OIPGJyPuODrOODh+OCo+ODvOOCuTxicj5cNCwwNzA8L2xpPgo8bGk+PGltZyBzcmM9Imh0dHA6Ly90aHVtYm5haWwuaW1hZ2UucmFrdXRlbi5jby5qcC9AMF9tYWxsL3ZvbDgvY2FiaW5ldC8wMTcvYjkxNC0wMDA1LTI1MDYtYTMuanBnP19leD0xNzJ4MTcyIj7jg5DjgqTjg5zjg7w8YnI+44Oa44Oz44OA44Oz44OIPGJyPuODrOODh+OCo+ODvOOCuTxicj5cNSw3ODA8L2xpPgo8bGk+PGltZyBzcmM9Imh0dHA6Ly90aHVtYm5haWwuaW1hZ2UucmFrdXRlbi5jby5qcC9AMF9tYWxsL3ZvbDgvY2FiaW5ldC8wMDEvYjkxNC0wMDA2LTEzMDItYTMuanBnP19leD0xNzJ4MTcyIj7jg5DjgqTjg5zjg7w8YnI+44ON44OD44Kv44Os44K5PGJyPuODrOODh+OCo+ODvOOCuTxicj5cMiw4NjA8L2xpPgo8bGk+PGltZyBzcmM9Imh0dHA6Ly90aHVtYm5haWwuaW1hZ2UucmFrdXRlbi5jby5qcC9AMF9tYWxsL3ZvbDgvY2FiaW5ldC8wMDEvYjkxNC0wMDA2LTEzMDMtYTMuanBnP19leD0xNzJ4MTcyIj7jg5DjgqTjg5zjg7w8YnI+44ON44OD44Kv44Os44K5PGJyPuODrOODh+OCo+ODvOOCuTxicj5cNiw1MjA8L2xpPgo8bGk+PGltZyBzcmM9Imh0dHA6Ly90aHVtYm5haWwuaW1hZ2UucmFrdXRlbi5jby5qcC9AMF9tYWxsL3ZvbDgvY2FiaW5ldC8wMTcvYjkxNC0wMDA1LTI1MDgtYTMuanBnP19leD0xNzJ4MTcyIj7jg5DjgqTjg5zjg7w8YnI+44Oa44Oz44OA44Oz44OIPGJyPuODrOODh+OCo+ODvOOCuTxicj5cNSwyMDA8L2xpPgo8bGk+PGltZyBzcmM9Imh0dHA6Ly90aHVtYm5haWwuaW1hZ2UucmFrdXRlbi5jby5qcC9AMF9tYWxsL3ZvbDgvY2FiaW5ldC8wMDEvYjkxNC0wMDA2LTEzMDQtYTMuanBnP19leD0xNzJ4MTcyIj7jg5DjgqTjg5zjg7w8YnI+44OW44Os44K544Os44OD44OIPGJyPuODrOODh+OCo+ODvOOCuTxicj5cNCwwNzA8L2xpPgo8bGk+PGltZyBzcmM9Imh0dHA6Ly90aHVtYm5haWwuaW1hZ2UucmFrdXRlbi5jby5qcC9AMF9tYWxsL3ZvbDgvY2FiaW5ldC8wMTcvYjkxNC0wMDA1LTI1MTMtYTMuanBnP19leD0xNzJ4MTcyIj7jg5DjgqTjg5zjg7w8YnI+44Oa44Oz44OA44Oz44OIPGJyPuODrOODh+OCo+ODvOOCuTxicj5cMyw0NDA8L2xpPgo8L3VsPgo8ZGl2IHN0eWxlPSJjbGVhcjpib3RoOyI+PC9kaXY+CjwvZGQ+CjwvZGw+CjwhLS0gcmVsZXZhbnQtYnJhbmQtZW5kIC0tPgo8IS0tIHJlbGV2YW50LWdlbnJlLXN0YXJ0IC0tPgo8ZGwgY2xhc3M9Iml0ZW0tbGlzdCI+CjxkdD4KPGgyIGNsYXNzPSJ0aXRsZS1sIj7jg6zjg4fjgqPjg7zjgrkg44Oq44Oz44Kw44Gu5Lq65rCX5ZWG5ZOB44KC44Gj44Go6KaL44KLPC9oMj4KPC9kdD4KPGRkPgo8dWw+CjxsaT48aW1nIHNyYz0iaHR0cDovL3RodW1ibmFpbC5pbWFnZS5yYWt1dGVuLmNvLmpwL0AwX21hbGwvdm9sOC9jYWJpbmV0L2djL2djMTQtMDAwMC0xMzkwLWEyLmpwZz9fZXg9MTcyeDE3MiI+44Kw44OD44OBPGJyPuODquODs+OCsDxicj7jg6zjg4fjgqPjg7zjgrk8YnI+XDE0LDcxMDwvbGk+CjxsaT48aW1nIHNyYz0iaHR0cDovL3RodW1ibmFpbC5pbWFnZS5yYWt1dGVuLmNvLmpwL0AwX21hbGwvdm9sOC9jYWJpbmV0LzAxNy9iOTE0LTAwMDUtMjU0NS1hMy5qcGc/X2V4PTE3MngxNzIiPuODkOOCpOODnOODvDxicj7jg6rjg7PjgrA8YnI+44Os44OH44Kj44O844K5PGJyPlwzLDM4MDwvbGk+CjxsaT48aW1nIHNyYz0iaHR0cDovL3RodW1ibmFpbC5pbWFnZS5yYWt1dGVuLmNvLmpwL0AwX21hbGwvdm9sOC9jYWJpbmV0LzAxNy9iOTE0LTAwMDUtMjU0OC1hMy5qcGc/X2V4PTE3MngxNzIiPuODkOOCpOODnOODvDxicj7jg6rjg7PjgrA8YnI+44Os44OH44Kj44O844K5PGJyPlwzLDM4MDwvbGk+CjxsaT48aW1nIHNyYz0iaHR0cDovL3RodW1ibmFpbC5pbWFnZS5yYWt1dGVuLmNvLmpwL0AwX21hbGwvdm9sOC9jYWJpbmV0LzAwMS9iYzE0LTAwMDYtMTM2OS1hMy5qcGc/X2V4PTE3MngxNzIiPuODkOOCq+ODqTxicj7jg6rjg7PjgrA8YnI+44Os44OH44Kj44O844K5PGJyPlwzNSwyNzA8L2xpPgo8bGk+PGltZyBzcmM9Imh0dHA6Ly90aHVtYm5haWwuaW1hZ2UucmFrdXRlbi5jby5qcC9AMF9tYWxsL3ZvbDgvY2FiaW5ldC8wMDEvYmMxNC0wMDA2LTEzNzAtYTMuanBnP19leD0xNzJ4MTcyIj7jg5Djgqvjg6k8YnI+44Oq44Oz44KwPGJyPuODrOODh+OCo+ODvOOCuTxicj5cMzUsMjcwPC9saT4KPGxpPjxpbWcgc3JjPSJodHRwOi8vdGh1bWJuYWlsLmltYWdlLnJha3V0ZW4uY28uanAvQDBfbWFsbC92b2w4L2NhYmluZXQvMDAxL2JjMTQtMDAwNi0xMzcxLWEzLmpwZz9fZXg9MTcyeDE3MiI+44OQ44Kr44OpPGJyPuODquODs+OCsDxicj7jg6zjg4fjgqPjg7zjgrk8YnI+XDM1LDI3MDwvbGk+CjxsaT48aW1nIHNyYz0iaHR0cDovL3RodW1ibmFpbC5pbWFnZS5yYWt1dGVuLmNvLmpwL0AwX21hbGwvdm9sOC9jYWJpbmV0LzAwMS9iYzE0LTAwMDYtMTM3Mi1hMy5qcGc/X2V4PTE3MngxNzIiPuODkOOCq+ODqTxicj7jg6rjg7PjgrA8YnI+44Os44OH44Kj44O844K5PGJyPlwzNSwyNzA8L2xpPgo8bGk+PGltZyBzcmM9Imh0dHA6Ly90aHVtYm5haWwuaW1hZ2UucmFrdXRlbi5jby5qcC9AMF9tYWxsL3ZvbDgvY2FiaW5ldC8wMTEvZ2MxNC0wMDA0LTM4MDUtYTMuanBnP19leD0xNzJ4MTcyIj7jgrDjg4Pjg4E8YnI+44Oq44Oz44KwPGJyPuODrOODh+OCo+ODvOOCuTxicj5cMTcsNjQwPC9saT4KPGxpPjxpbWcgc3JjPSJodHRwOi8vdGh1bWJuYWlsLmltYWdlLnJha3V0ZW4uY28uanAvQDBfbWFsbC92b2w4L2NhYmluZXQvMDExL2w0MTQtMDAwNi0xOTAxLWEzLmpwZz9fZXg9MTcyeDE3MiI+44Os44ON44Os44Kk44OJPGJyPuODquODs+OCsDxicj7jg6zjg4fjgqPjg7zjgrk8YnI+XDgsMTQwPC9saT4KPGxpPjxpbWcgc3JjPSJodHRwOi8vdGh1bWJuYWlsLmltYWdlLnJha3V0ZW4uY28uanAvQDBfbWFsbC92b2w4L2NhYmluZXQvMDExL2w0MTQtMDAwNi0xOTA3LWEzLmpwZz9fZXg9MTcyeDE3MiI+44Os44ON44Os44Kk44OJPGJyPuODquODs+OCsDxicj7jg6zjg4fjgqPjg7zjgrk8YnI+XDcsMzMwPC9saT4KPGxpPjxpbWcgc3JjPSJodHRwOi8vdGh1bWJuYWlsLmltYWdlLnJha3V0ZW4uY28uanAvQDBfbWFsbC92b2w4L2NhYmluZXQvMDExL2w0MTQtMDAwNi0xOTE1LWEzLmpwZz9fZXg9MTcyeDE3MiI+44Os44ON44Os44Kk44OJPGJyPuODquODs+OCsDxicj7jg6zjg4fjgqPjg7zjgrk8YnI+XDEwLDE0MDwvbGk+CjxsaT48aW1nIHNyYz0iaHR0cDovL3RodW1ibmFpbC5pbWFnZS5yYWt1dGVuLmNvLmpwL0AwX21hbGwvdm9sOC9jYWJpbmV0LzAxMS9sNDE0LTAwMDYtMTkxOS1hMy5qcGc/X2V4PTE3MngxNzIiPuODrOODjeODrOOCpOODiTxicj7jg6rjg7PjgrA8YnI+44Os44OH44Kj44O844K5PGJyPlw4LDE0MDwvbGk+CjwvdWw+CjxkaXYgc3R5bGU9ImNsZWFyOmJvdGg7Ij48L2Rpdj4KPC9kZD4KPC9kbD4KPCEtLSByZWxldmFudC1nZW5yZS1lbmQgLS0+PGRpdiBpZD0iaXRlbV9mb290ZXIiPgogIDxoMiBjbGFzcz0idGl0bGUtbCI+U0hPUFBJTkcgR1VJREU8c3Bhbj7jgrfjg6fjg4Pjg5Tjg7PjgrDjgqzjgqTjg4k8L3NwYW4+PC9oMj4KICA8ZGl2IGNsYXNzPSJjbGVhciI+PC9kaXY+CiAgPHRhYmxlPgogICAgPHRyPgogICAgICA8dGQ+PHVsIGNsYXNzPSJndWlkZTAxIj4KICAgICAgICAgIDxsaSBjbGFzcz0iZm9vdGVyX3RpdCI+CiAgICAgICAgICAgIDxkaXYgY2xhc3M9Imd1aWRlX3RpdCI+44GK5pSv5omV44GE5pa55rOVPC9kaXY+CiAgICAgICAgICAgIDxkaXYgY2xhc3M9Imd1aWRlX3RpdDAyIj7oqbPjgZfjgY/jga/jgZPjgaHjgok8L2Rpdj4KICAgICAgICAgIDwvbGk+CiAgICAgICAgICA8bGkgY2xhc3M9Imd1aWRlX3QiPuOBiuaUr+aJleOBhOaWueazleOBr+mKgOihjOaMr+i+vOODu+OCryDjg6zjgrjjg4Pjg4jjgqvjg7zjg4njg7vku6Pph5HlvJXmj5vjg7vmpb3lpKlFZHnmsbrmuIgKICAgICAgICAgICAg44O7YXXjgYvjgpPjgZ/jgpPmsbrmuIjnrYnjgYvjgonjgYrpgbjjgbPjgYTjgZ/jgaDjgZHjgb7jgZnjgII8L2xpPgogICAgICAgICAgPGxpPjxpbWcgc3JjPSJodHRwOi8vaW1hZ2UucmFrdXRlbi5jby5qcC92b2w4L2NhYmluZXQvYWJzL2NhcmQuanBnIiB3aWR0aD0iMzY0IiBoZWlnaHQ9Ijg5IiBhbHQ9Iuaxuua4iOWPr+iDveOCq+ODvOODiSI+PC9saT4KICAgICAgPC91bD48L3RkPgogICAgICA8dGQgd2lkdGg9IjUyIiByb3dzcGFuPSIzIj48L3RkPgogICAgICA8dGQ+PHVsIGNsYXNzPSJndWlkZTAxIj4KICAgICAgICAgIDxsaSBjbGFzcz0iZm9vdGVyX3RpdCI+CiAgICAgICAgICAgIDxkaXYgY2xhc3M9Imd1aWRlX3RpdCI+6YWN6YCB5pa55rOVPC9kaXY+CiAgICAgICAgICAgIDxkaXYgY2xhc3M9Imd1aWRlX3RpdDAyIj7oqbPjgZfjgY/jga/jgZPjgaHjgok8L2Rpdj4KICAgICAgICAgIDwvbGk+CiAgICAgICAgICA8bGkgY2xhc3M9Imd1aWRlX3QiPuOBlOazqOaWh++8iOmKgOihjOaMr+i+vOOBruWgtOWQiOOBr+OBlOWFpemHke+8ieeiuuiqjeW+jOOAgSAz772eNOWWtualreaXpeS7peWGheOBq+eZuumAgeOBhOOBn+OBl+OBvuOBmeOAgiDkvr/liKnjgarjgYrlsYrjgZHml6XmmYLmjIflrprjgoTjgq7jg5Xjg4jjg6njg4Pjg5Tjg7PjgrDjgrXjg7zjg5PjgrnjgoLmib/jgaPjgabjgYrjgorjgb7jgZnjgII8L2xpPgogICAgICAgIDwvdWw+PC90ZD4KICAgIDwvdHI+CiAgICA8dHI+CiAgICAgIDx0ZD48dWwgY2xhc3M9Imd1aWRlMDIiPgogICAgICAgICAgPGxpIGNsYXNzPSJmb290ZXJfdGl0Ij4KICAgICAgICAgICAgPGRpdiBjbGFzcz0iZ3VpZGVfdGl0Ij7llYblk4HjgavjgaTjgYTjgaY8L2Rpdj4KICAgICAgICAgICAgPGRpdiBjbGFzcz0iZ3VpZGVfdGl0MDIiPuips+OBl+OBj+OBr+OBk+OBoeOCiTwvZGl2PgogICAgICAgICAgPC9saT4KICAgICAgICAgIDxsaSBjbGFzcz0iZ3VpZGVfdCI+5b2T5bqX44Gn5Y+W44KK5omx44Gj44Gm44GE44KL5ZWG5ZOB44Gv5YWo44Gm5pys54mp44CB5paw5ZOB44Gn44GZ44CC5b2T5bqX44Gn44Gv44CB5YG96YCg5ZOB44KE5LiN5q2j5ZWG5ZOB44Gu5rWB6YCa6Ziy5q2i44Go5o6S6Zmk44KS55uu5oyH44GZ5qWt55WM5Zuj5L2T44Gu5Lya5ZOh5LyB5qWt44Gq44Gp44Gu5L+h55So44GC44KL5LuV5YWl5YWI44GL44KJ44Gu44G/5ZWG5ZOB44KS5L6b57Wm44GX44Gm44GE44G+44GZ44CC5a6J5b+D44GX44Gm44K344On44OD44OU44Oz44Kw44KS44GK5qW944GX44G/44GP44Gg44GV44GE44CCPGJyPgogICAgICAgICAgICA8YnI+CiAgICAgICAgICAgIOW9k+W6l+OBp+OBr+WnieWmueW6l+OBqOWcqOW6q+OCkuWFseacieOBl+OBpuOBiuOCiuOAgeOBlOazqOaWh+aTjeS9nOOBjOWujOS6huOBl+OBvuOBl+OBpuOCguaXouOBq+WTgeWIh+OCjOOBqOOBquOBo+OBpuOBiuOCiuOAgeOBlOazqOaWh+OCkuOCreODo+ODs+OCu+ODq+OBqOOBleOBm+OBpuOBhOOBn+OBoOOBj+WgtOWQiOOBjOOBlOOBluOBhOOBvuOBmeOAgjwvbGk+CiAgICAgICAgPC91bD48L3RkPgogICAgICA8dGQ+PHVsIGNsYXNzPSJndWlkZTAyIj4KICAgICAgICAgIDxsaSBjbGFzcz0iZm9vdGVyX3RpdCI+CiAgICAgICAgICAgIDxkaXYgY2xhc3M9Imd1aWRlX3RpdCI+6L+U5ZOB44Gr44Gk44GE44GmPC9kaXY+CiAgICAgICAgICAgIDxkaXYgY2xhc3M9Imd1aWRlX3RpdDAyIj7oqbPjgZfjgY/jga/jgZPjgaHjgok8L2Rpdj4KICAgICAgICAgIDwvbGk+CiAgICAgICAgICA8bGkgY2xhc3M9Imd1aWRlX3QiPuWVhuWTgeOBruWTgeizquOAgeOBiuWxiuOBkeOBq+OBpOOBjeOBvuOBl+OBpuOBr+S4h+WFqOOCkuacn+OBl+OBpuOBiuOCiuOBvuOBmeOBjOOAgeS4h+OBjOS4gOOAgeWVhuWTgeOBruS4jeiJr+OChOOBlOazqOaWh+WVhuWTgeOBqOOBiuWxiuOBkeWVhuWTgeOBruebuOmBleOAgemFjemAgeS4reOBruegtOaQjeOBjOOBlOOBluOBhOOBvuOBl+OBn+OCieOAgeS4i+iomOOBiuWVj+WQiOOBm+WFiOOBvuOBp+OBlOS4gOWgseS4i+OBleOBhOOBvuOBm+OAgumAn+OChOOBi+OBq+iJr+WTgeOBqOOBruS6pOaPm+OCkuOBleOBm+OBpuOBhOOBn+OBoOOBjeOBvuOBmeOAgjxicj4KICAgICAgICAgICAgPGJyPgogICAgICAgICAgICDoia/lk4Hjgajjga7kuqTmj5vjgavjgYLjgZ/jgaPjgabnlJ/jgZjjgovjgIHov5TpgIHjg7vlho3phY3pgZTjgarjganjga7mlrDjgZ/jgarosrvnlKjjga/lvZPlupfjgavjgabosqDmi4XjgZXjgZvjgabjgYTjgZ/jgaDjgY3jgb7jgZnjga7jgafjgZTlronlv4PjgY/jgaDjgZXjgYTjgII8YnI+CiAgICAgICAgICAgIDxicj4KICAgICAgICAgICAg44GU5rOo5paH5ZWG5ZOB56K65L+d5b6M44Gu44GK5a6i5qeY44Gu44GU6YO95ZCI44Gr44KI44KL44GU6L+U5ZOB44O75Lqk5o+b44Gv44CB5Y6f5YmH44Go44GX44Gm44GK5pat44KK44GV44Gb44Gm44GE44Gf44Gg44GN44G+44GZ44CCIDwvbGk+CiAgICAgICAgPC91bD48L3RkPgogICAgPC90cj4KICAgIDx0cj4KICAgICAgPHRkPjx1bCBjbGFzcz0iZ3VpZGUwMyI+CiAgICAgICAgICA8bGkgY2xhc3M9ImZvb3Rlcl90aXQiPgogICAgICAgICAgICA8ZGl2IGNsYXNzPSJndWlkZV90aXQiPuWWtualreaXpeOCq+ODrOODs+ODgOODvDwvZGl2PgogICAgICAgICAgPC9saT4KICAgICAgICAgIDxsaSBjbGFzcz0iY2FsIj4KICAgICAgICAgICAgCiAgICAgICAgICA8L2xpPgogICAgICAgICAgPGxpPjxzcGFuIGNsYXNzPSJob2xpZGF5Ij7ilqA8L3NwYW4+44Gu5pel44Gv5bqX5LyR5pel44Gn44GZ44CC5bqX5LyR5pel44Gv44Oh44O844Or5Y+K44Gz44GK6Zu76Kmx44Gu44GK5ZWP5ZCI44Gb5a++5b+c44O7PGJyPgogICAgICAgICAgICDlh7rojbfkvZzmpa3jga/jgYrkvJHjgb/jgZXjgZvjgabjgYTjgZ/jgaDjgYTjgabjgYrjgorjgb7jgZnjgILjgZ3jga7plpPjga7jgZTms6jmlofjgIEKICAgICAgICAgICAg44GK5ZWP5ZCI44Gb44Gv57+M5Za25qWt5pel5Lul6ZmN44GL44KJ6aCG5qyh5a++5b+c44GV44Gb44Gm44GE44Gf44Gg44GN44G+44GZ44CCPC9saT4KICAgICAgICA8L3VsPjwvdGQ+CiAgICAgIDx0ZD48dWwgY2xhc3M9Imd1aWRlMDMiPgogICAgICAgICAgPGxpIGNsYXNzPSJmb290ZXJfdGl0Ij4KICAgICAgICAgICAgPGRpdiBjbGFzcz0iZ3VpZGVfdGl0Ij7jgYrllY/jgYTlkIjjgo/jgZs8L2Rpdj4KICAgICAgICAgIDwvbGk+CiAgICAgICAgICA8bGkgY2xhc3M9Imd1aWRlX3QiPumBi+WWtuS8muekviDvvJog44Km44Kj44K544OG44Oq44Ki44Oe44O844Kx44OG44Kj44Oz44Kw5qCq5byP5Lya56S+PGJyPgogICAgICAgICAgICA8YnI+CiAgICAgICAgICAgIDxicj4KICAgICAgICAgICAgVEVMIO+8miAwNi03MTcxLTYyOTQ8YnI+CiAgICAgICAgICAgIDxicj4KICAgICAgICAgICAgTUFJTCDvvJog44GK5ZWP5ZCI44Gb44OV44Kp44O844Og44Gv44GT44Gh44KJPGJyPgogICAgICAgICAgICA8YnI+CiAgICAgICAgICAgIOWWtualreaZgumWkyDvvJog5bmz5pelMTHvvJowMO+9njE377yaMDA8YnI+CiAgICAgICAgICAgIDxicj4KICAgICAgICAgICAg5a6a5LyR5pelIO+8muWcn+aXpeelnTxicj4KICAgICAgICAgICAg4oC76Ieo5pmC5LyR5qWt5pel44Gq44Gp5pel6Kmz57Sw44Gv5bem44Gu44Kr44Os44Oz44OA44O844KS44GU56K66KqN44GP44Gg44GV44GE44CCPC9saT4KICAgICAgICA8L3VsPjwvdGQ+CiAgICA8L3RyPgogIDwvdGFibGU+CjwvZGl2Pg==,W+WNs+aXpeeZuumAgV3jg5DjgqTjg5zjg7wg44Os44OH44Kj44O844K5IOODquODs+OCsCDmjIfovKooMTUuNeWPtykv44OQ44Kk44Oc44O8IOODquODs+OCsCDmjIfovKooQnlCb2Up54i244Gu5pel77ya44OW44Op44Oz44OJ44K344On44OD44OXIHZvbHVtZTg=,44OW44Op44Oz44OJ44OQ44OD44Kw6LKh5biD44GL44Gw44KT44Kr44OQ44Oz6Z6E44Km44Kp44Os44OD44OI5bCP54mp6aaZ5rC044ON44OD44Kv44Os44K544Oa44Oz44OA44Oz44OI44OU44Ki44K544OI44OD44OX44K544Oc44OI44Og44K544Oq44Oz44Kw5oyH6Lyq44OV44Kh44OD44K344On44Oz5rW35aSW6Ly45YWl6IWV5pmC6KiIW+WNs+aXpeeZuumAgV3jg5DjgqTjg5zjg7wg44Os44OH44Kj44O844K5IOODquODs+OCsCDmjIfovKooMTUuNeWPtykv44OQ44Kk44Oc44O8IOODquODs+OCsCDmjIfovKooQnlCb2Up54i244Gu5pel,W+WNs+aXpeeZuumAgV3jg5DjgqTjg5zjg7wg44Os44OH44Kj44O844K5IOODquODs+OCsCDmjIfovKooQnlCb2Up44CCW+WNs+aXpeeZuumAgV3jg5DjgqTjg5zjg7wg44Os44OH44Kj44O844K5IOODquODs+OCsCDmjIfovKooMTUuNeWPtykv44OQ44Kk44Oc44O8IOODquODs+OCsCDmjIfovKooQnlCb2Up54i244Gu5pel[rn]
39-1005,aHR0cDovL3RzaG9wLnIxMHMuanAvcHJlY2lvdXNqZXdlbHJ5L2NhYmluZXQvaW1nL3IvamFyLTAyNDEwLmpwZz9maXRpbj03MDA6NzAw,NjgyNS42MDAw,,44K444Ol44Ko44Oq44O844O744Ki44Kv44K744K144Oq44O8ID4g44Os44OH44Kj44O844K544K444Ol44Ko44Oq44O844O744Ki44Kv44K744K144Oq44O8ID4g5oyH6Lyq44O744Oq44Oz44Kw,44K144OV44Kh44Kk44KiIOODquODs+OCsCDjg5Tjg7Pjgq3jg7zjg6rjg7PjgrAg44Kk44Ko44Ot44O844K044O844Or44OJIEsxMCDph43jga3jgaXjgZEg6I+v5aWi44Oq44Oz44KwIDnmnIgg44Os44OH44Kj44O844K5IOaltee0sOODquODs+OCsCDmpbXntLAg44CQ44Kz44Oz44OT44OL5Y+X5Y+W5a++5b+c5ZWG5ZOB44CRIDTllrbmpa3ml6Xku6XlhoXjgavnmbrpgIE=,44K144OV44Kh44Kk44KiIOODquODs+OCsCDjgrTjg7zjg6vjg4kgazEwIOODlOODs+OCreODvOODquODs+OCsOOAgOiPr+WloiDmpbXntLA=,PGEgaHJlZj0iaHR0cDovL2l0ZW0ucmFrdXRlbi5jby5qcC9wcmVjaW91c2pld2VscnkvYy8wMDAwMDAwMjQ1LyIgdGFyZ2V0PSJfYmxhbmsiPjxpbWcgc3JjPSJodHRwOi8vaW1hZ2UucmFrdXRlbi5jby5qcC9wcmVjaW91c2pld2VscnkvY2FiaW5ldC9ldmVudHMvcmluZ3NpemVfa291a2FuLmpwZyIgd2lkdGg9IjcwMCIgIGJvcmRlcj0wLz48L2E+PGJyIC8+PGJyIC8+PGRpdiBhbGlnbj0iY2VudGVyIj4KPGltZyBzcmM9Imh0dHA6Ly9pbWFnZS5yYWt1dGVuLmNvLmpwL3ByZWNpb3VzamV3ZWxyeS9jYWJpbmV0L2ltZy9yL2phci0wMjQxMF9yMDAxLmpwZyIgYWx0PSIiIGJvcmRlcj0iMCI+PGJyPjxicj48YnI+PGJyPgo8aW1nIHNyYz0iaHR0cDovL2ltYWdlLnJha3V0ZW4uY28uanAvcHJlY2lvdXNqZXdlbHJ5L2NhYmluZXQvaW1nL3IvamFyLTAyNDEwX3IwMDIuanBnIiBhbHQ9IiIgYm9yZGVyPSIwIj48YnI+CjxpbWcgc3JjPSJodHRwOi8vaW1hZ2UucmFrdXRlbi5jby5qcC9wcmVjaW91c2pld2VscnkvY2FiaW5ldC9pbWcvci9qYXItMDI0MTBfcjAwMy5qcGciIGFsdD0iIiBib3JkZXI9IjAiPjxicj4KPGltZyBzcmM9Imh0dHA6Ly9pbWFnZS5yYWt1dGVuLmNvLmpwL3ByZWNpb3VzamV3ZWxyeS9jYWJpbmV0L2ltZy9yL2phci0wMjQxMF9yMDA0LmpwZyIgYWx0PSIiIGJvcmRlcj0iMCI+PGJyPgo8aW1nIHNyYz0iaHR0cDovL2ltYWdlLnJha3V0ZW4uY28uanAvcHJlY2lvdXNqZXdlbHJ5L2NhYmluZXQvaW1nL3IvamFyLTAyNDEwX3IwMDUuanBnIiBhbHQ9IiIgYm9yZGVyPSIwIj48YnI+CjxpbWcgc3JjPSJodHRwOi8vaW1hZ2UucmFrdXRlbi5jby5qcC9wcmVjaW91c2pld2VscnkvY2FiaW5ldC9pbWcvci9qYXItbWFkZWluMDAxLmpwZyIgYWx0PSIiIGJvcmRlcj0iMCI+PGJyPgo8YnI+PGRpdiBjbGFzcz0nYmYzc3B3cnAnPjwhW2VuZGlmXS0tPjxkaXYgaWQ9ImJmM3NwYjAiPjx0YWJsZSBjZWxsc3BhY2luZz0iMTAiPjx0cj48dGQgaWQ9ImJmM3NwYzAiPjxkaXYgY2xhc3M9ImJmM3NwaW0iPjxpbWcgc3JjPSJodHRwOi8vaW1hZ2UucmFrdXRlbi5jby5qcC9wcmVjaW91c2pld2VscnkvY2FiaW5ldC92cmszMS5qcGciPjwvZGl2PjwvdGFibGU+PC9kaXY+PGRpdiBpZD0iYmYzc3BiMSI+PHRhYmxlIGNlbGxzcGFjaW5nPSIxMCI+PHRyPjx0ZCBpZD0iYmYzc3BjMSI+PHA+PGZvbnQgc2l6ZT0iMiI+5oyH44KS57a66bqX44Gr6KaL44Gb44Gm44GP44KM44KL5qW157Sw44Oq44Oz44Kw44Gu44K144Kk44K66YG444Gz44Gr44Gk44GE44Gm44GK6Kmx44GX6Ie044GX44G+44GZ44CCPGJyPualtee0sOODquODs+OCsOOBr+OBqOOBo+OBpuOCgue0sOOBhOOBruOBp+OAgemAmuW4uOOBruODquODs+OCsOOCiOOCiuOCguOCteOCpOOCuumBuOOBs+OBq+WwkeOBl+OBoOOBkeawl+OCkuS9v+OBhOOBvuOBmeOAgjxicj7plqLnr4Dpg6jliIbjgpLjgrnjg6vjgaPjgajpgJrjgormipzjgZHjgabjgZfjgb7jgYbjga7jgafjgIHkurrjgavjgojjgaPjgabjga/jgIzjgYTjgaTjgoLjga7mjIfovKrjgojjgorjgobjgovjgYTjgI3jgajmhJ/jgZjjgovjgYrlrqLmp5jjgoLjgYTjgonjgaPjgZfjgoPjgYTjgb7jgZnjgII8YnI+44G+44Gf44CB44Gd44Gu57Sw44GV44Gu54K644CB44Oq44Oz44Kw44GM5oyH44Gr6aOf44GE6L6844KT44Gn6KaL44GI44KL5aC05ZCI44KC44GC44KK44G+44GZ44CCPGJyPjxicj7mjIfjga7lvaLjgoTjgrXjgqTjgrrmhJ/jga/kuIDkurrkuIDkurrpgZXjgYTjgb7jgZnjga7jgafjgIHkuIvoqJjjgpLlj4LogIPjgavjgZfjgabpoILjgZHjgozjgbDlubjjgYTjgafjgZnjgII8YnI+PGJyPjxmb250IGNvbG9yPSIjRkYwMEZGIj48Yj7il4bmjIflhYjjgYvjgonku5jjgZHmoLnjgb7jgafjgIHlpKrjgZXjgYzjgYLjgovnqIvluqbkuIDlrprjga7jgYrlrqLmp5jjgII8L2I+PC9mb250Pjxicj4mbmJzcDvihpLmma7mrrXjga7jgrXjgqTjgrrjgpLjgqrjgrnjgrnjg6HjgZfjgb7jgZnjgILjgY3jgaTjgoHjga7jgrXjgqTjgrrmhJ/jgYzjgYrlpb3jgb/jga7mlrnjga/jgIEx5Y+35bCP44GV44KB44Gu44K144Kk44K644Gn44KC5aSn5LiI5aSr44Gn44GZ44CCJm5ic3A7PGJyPjxicj48Zm9udCBjb2xvcj0iI0ZGMDBGRiI+PGI+4peG5oyH44Gu5LuY44GR5qC544KI44KK44KC6Zai56+A44GM5aSq44GP44CB6Zai56+A44Gr5ZCI44KP44Gb44Gm6YG444G244Go5oyH6Lyq44GM44Kv44Or44Kv44Or5Zue44Gj44Gm44GX44G+44GG44GK5a6i5qeY44CCPC9iPjwvZm9udD48YnI+4oaS5pmu5q6144KI44KK44KCMeWPt+Wwj+OBleOCgeOBruOCteOCpOOCuuOCkuOCquOCueOCueODoeOBl+OBvuOBmeOAgualtee0sOODquODs+OCsOOBp+OBmeOBruOBp+OAgemWouevgOmDqOWIhuOBjOmAmuW4uOOCiOOCiuOCgumAmuOCiuOChOOBmeOBj+OBquOCiuOBvuOBmeOAgiZuYnNwOzxicj48YnI+PGZvbnQgY29sb3I9IiNGRjAwRkYiPjxiPuKXhuaMh+OBjOODneODg+ODgeODo+ODquOBl+OBn+aWueOBp+OAgeS7mOOBkeagueOBq+ihjOOBj+OBu+OBqeWkquOBj+OBquOCi+OBiuWuouanmOOAgjwvYj48L2ZvbnQ+PGJyPuKGkuaZruauteOCiOOCiuOCgjHlj7flpKfjgY3jgYTjgrXjgqTjgrrjgYzjgqrjgrnjgrnjg6HjgafjgZnjgILmjIfjgYzjgb3jgaPjgaHjgoPjgorjgZfjgZ/mlrnjga/jgIHmpbXntLDjg6rjg7PjgrDjgYzmjIfjgavpo5/jgYTovrzjgpPjgafopovjgYjjgovloLTlkIjjgYzjgZTjgZbjgYTjgb7jgZnjgII8YnI+MeWPt+Wkp+OBjeebruOBruOCteOCpOOCuuOBruaWueOBjOaJi+OCkue2uum6l+OBq+imi+OBm+OBpuOBj+OCjOOBvuOBmeOAguOBn+OBoOOAgeaMh+i8quOCkuOBquOBj+OBl+OBneOBhuOBp+S4jeWuieOBquaWueOBq+OBr+mAmuW4uOOCteOCpOOCuuOCkuOBiuWLp+OCgeOBl+OBpuOBhOOBvuOBmeOAgjxicj48YnI+44K144Kk44K66YG444Gz44Gu44GU55u46KuH44Gv44GE44Gk44Gn44KC5Y+X44GR5LuY44GR44Gm44GK44KK44G+44GZ44Gu44Gn44CB44GK5rCX6Lu944Gr44GK5ZWP44GE5ZCI44KP44Gb44GP44Gg44GV44GE44CCPC9mb250PjwvdGFibGU+PGJyPjxicj48L2Rpdj48L2Rpdj48L2Rpdj4KPGJyPjxicj48YnI+PGJyPjxkaXYgYWxpZ249ImNlbnRlciI+PGltZyBzcmM9Imh0dHA6Ly9pbWFnZS5yYWt1dGVuLmNvLmpwL3ByZWNpb3VzamV3ZWxyeS9jYWJpbmV0L2ltZy9jb21tb25faW1nL3dyYXBwaW5nX2ltYWdlLmpwZyIgd2lkdGg9IjcwMCIgaGVpZ2h0PSI3MzgiIC8+PGJyIC8+PGltZyBzcmM9Imh0dHA6Ly9pbWFnZS5yYWt1dGVuLmNvLmpwL3ByZWNpb3VzamV3ZWxyeS9jYWJpbmV0L3NvdXJ5b3VfMDEuanBnIiAvPjxiciAvPjxpbWcgc3JjPSJodHRwOi8vaW1hZ2UucmFrdXRlbi5jby5qcC9wcmVjaW91c2pld2VscnkvY2FiaW5ldC9zb3VyeW91XzAyLmpwZyIgLz48L2Rpdj48YnI+PGJyIC8+PC9jZW50ZXI+Cgo8dGFibGUgY2xhc3M9ImJvb2tfYnRuIndpZHRoPSIxMDAlIiBjZWxscGFkZGluZz0iMiIgY2VsbHNwYWNpbmc9IjEwIiBiZ2NvbG9yPSIjY2MwMDAwIj48dHI+PHRkIGFsaWduPSJjZW50ZXIiPjxmb250IHNpemU9IjMiIGNvbG9yPSIjRkZGRkZGIj4mZ3Q7Jmd0OyZndDsg44GT44Gh44KJ44Gu5ZWG5ZOB44KS44GK5rCX44Gr5YWl44KK44Gr55m76YyyJmx0OyZsdDsmbHQ7PC9mb250PjwvdGQ+PC90cj48L3RhYmxlPjxicj48YnI+PHRhYmxlIGJvcmRlcj0iMCIgY2VsbHNwYWNpbmc9IjAiIGNlbGxwYWRkaW5nPSIyIj48dHIgdmFsaWduPSJ0b3AiPjx0ZCBub3cKcmFwPuOCruODleODiOWvvuW/nDwvdGQ+PC90cj48L3RhYmxlPjxicj48YnI+5LiA44Gk5oyB44Gj44Gm44GE44KL44Go44CB44Go44Gj44Gm44KC5LiH6IO977yB44K344Oz44OX44Or44Gq44K544Kt44Oz44K444Ol44Ko44Oq44O844CCPGJyPgo55pyI44Gu6KqV55Sf55+z44Gu44K144OV44Kh44Kk44Ki44GM5LuY44GE44Gf44GN44KM44GE44KB44Oq44Oz44Kw44Gn44GZ4pmqPGJyPgo8YnI+CiDjgrXjg5XjgqHjgqTjgqLjga7nn7PoqIDokYnjga/jgIzoqqDlrp/jgI3jgIzmhJvmg4XjgI3jgIzmhYjmhJvjgI3jgIzkuI3lpInjgI08YnI+CiA8YnI+CuODouODgOODs+OBquOBruOBq+OCr+ODqeOCt+OCq+ODq+OAguiPr+OChOOBi+OBquOBruOBq+e5iue0sOOAgjxicj4K44Gp44KT44Gq5rSL5pyN44Gr44KC44Oe44OD44OB44GZ44KL44GL44KJ44CB44GC44Gq44Gf44Gr44Go44Gj44Gm44KC44GG5omL5pS+44Gb44Gq44GE44Oq44Oz44Kw44Gr44Gq44KL44Gn44GX44KH44GG44CCCjxicj4KPGJyPgrntKDjgIDjgIDmnZDjgIDvvJrvvKvvvJHvvJDDl+OCteODleOCoeOCpOOCojxicj4K44Oq44Oz44Kw44K144Kk44K677yaM+WPty815Y+3Lzflj7cvOeWPty8xMeWPtzxicj4K44Oq44Oz44Kw5bmF44CA77yaMC43772N772NPGJyPgrnn7PmnqDjgIDvvJoy772N772NPGJyPgo8YnI+CuKAu+efs+OBr+OBmeOBueOBpuWkqeeEtuefs+OCkuS9v+eUqOOBl+OBpuOBhOOCi+OBn+OCgeOAgeOAjOa/geOCiuOAgeWkqeeEtuOCr+ODqeODg+OCr+OAgeWGmeecn+OBqOOBrueZuuiJsuOBrumBleOBhOOAjeetieOBjOOBlOOBluOBhOOBvuOBmeOBjOOAgeOBneOBhuOBhOOBo+OBn+eQhueUseOBp+OBrui/lOWTgeOChOS6pOaPm+OBr+OBiuWPl+OBkeOBp+OBjeOBvuOBm+OCk+OBruOBp+OAgeS6iOOCgeOBlOS6huaJv+OBj+OBoOOBleOBhOOBvuOBm+OAgjxicj4KPGJyPgrigLvmrKDlk4Hjga7loLTlkIjjga/jgIHjgYrlsYrjgZHjgb7jgafjgYrmmYLplpPjgpLpoILjgY/loLTlkIjjgYzjgZTjgZbjgYTjgb7jgZnjgILjgZ3jga7loLTlkIjjga/ml6njgIXjgavjgZTpgKPntaHjgZXjgZvjgabpoILjgY3jgb7jgZnjgII8YnIgLz4KPGJyIC8+PGltZyBib3JkZXI9IjAiIGFsdD0i44Oq44Oz44Kw44K144Kk44K65a++5b+c6KGo44Gv44GT44Gh44KJIiBzcmM9Imh0dHA6Ly9pbWFnZS5yYWt1dGVuLmNvLmpwL3ByZWNpb3VzamV3ZWxyeS9jYWJpbmV0L2NvbW1vbi9yaW5nX2JhbmFfcy5qcGciPgo8YnIgLz4KPGJyIC8+CgoKCgo8YnI+PHN0eWxlIHR5cGU9InRleHQvY3NzIj4KPCEtLQoKZGl2LnRhZ2lkX2dpZnRfaWNvbnMgaW1ne3Bvc2l0aW9uOnJlbGF0aXZlOyB0b3A6LTIwcHg7fQoKCmRpdi50YWdpZF9naWZ0X2ljb25zIHsgYmFja2dyb3VuZDogdXJsKGh0dHA6Ly9pbWFnZS5yYWt1dGVuLmNvLmpwL3ByZWNpb3VzamV3ZWxyeS9jYWJpbmV0L2hhaXNvdS5naWYpIG5vLXJlcGVhdCBsZWZ0IHRvcDsgLyp0ZXh0LWluZGVudDoKLTk5OTk7Ki8gZGlzcGxheTogYmxvY2s7IHdpZHRoOiA0MDBweDsgaGVpZ2h0OiAwcHghaW1wb3J0YW50OyBtYXJnaW46MTVweCAwOyB9CgoKLyog5YCL5pWw5YWl5Yqb5qyE44Gu5aSn44GN44GVICovCmlucHV0I3VuaXRzIHsKcGFkZGluZzogMXB4IDBweDsKfQoKLyog44GK6LK344GE54mp44GL44GU44Oc44K/44Oz44Gu5aSn44GN44GVICovCnRkID4gaW5wdXQgewpmb250LXNpemU6IDIwcHg7CnBhZGRpbmc6MjBweCA1MHB4Owp3aWR0aDogYXV0bzsKZm9udC13ZWlnaHQ6Ym9sZDsKfQoKLyog44CM5ZWG5ZOB44Gr44Gk44GE44Gm44Gu5ZWP44GE5ZCI44KP44Gb44CN44Oc44K/44Oz44Gu5aSn44GN44GVKi8KZm9udCBpbnB1dCB7CmZvbnQtc2l6ZTogMTJweDsKcGFkZGluZzoycHg7CndpZHRoOiAxNTBweDsKfQoKLyog44GK5rCX44Gr5YWl44KK5ZWG5ZOB5beu44GX5pu/44GI44K/44KwICovCiNyYWt1dGVuTGltaXRlZElkX2Fyb3VuZENhcnQgI3NlcnZpY2VUYWJsZVNtbCB0ZC5mYXZvcml0ZSB7CnBhZGRpbmctdG9wOiA1cHg7Cn0KI3Jha3V0ZW5MaW1pdGVkSWRfYXJvdW5kQ2FydCBkaXYuYm9va21hcmtBcmVhIGRpdi5ia20gewp3aWR0aDogNDIxcHggIWltcG9ydGFudDsKaGVpZ2h0OjE2OXB4ICFpbXBvcnRhbnQ7CnBhZGRpbmc6IDBweCAwcHggMTBweCAwcHggIWltcG9ydGFudDsKfQojcmFrdXRlbkxpbWl0ZWRJZF9hcm91bmRDYXJ0IGRpdi5ib29rbWFya0FyZWEgZGl2LmJrbSBhLmFkZEJrbSB7CndpZHRoOiA0MjFweCAhaW1wb3J0YW50OwpoZWlnaHQ6MTY5cHggIWltcG9ydGFudDsKfQojcmFrdXRlbkxpbWl0ZWRJZF9hcm91bmRDYXJ0IGRpdi5ib29rbWFya0FyZWEgZGl2LmJrbSBhLmFkZEJrbSBzcGFuLmJrbVN0YXIgewpkaXNwbGF5OiBpbmxpbmUtYmxvY2sgIWltcG9ydGFudDsKd2lkdGg6IDQyMXB4ICFpbXBvcnRhbnQ7CmhlaWdodDoxNjlweCAhaW1wb3J0YW50OwptYXJnaW46MHB4IDBweCAxMHB4IDBweCAhaW1wb3J0YW50OwpiYWNrZ3JvdW5kOiB1cmwoImh0dHA6Ly9pbWFnZS5yYWt1dGVuLmNvLmpwL3ByZWNpb3VzamV3ZWxyeS9jYWJpbmV0L29raW5paXJpXzAxLmpwZyIpIG5vLXJlcGVhdCAhaW1wb3J0YW50Owp9CgovKiDjgYrmsJfjgavlhaXjgorjgrfjg6fjg4Pjg5flt67jgZfmm7/jgYjjgr/jgrAgKi8KZGl2LmJvb2ttYXJrQXJlYSB7CndpZHRoOiA0MjFweCAhaW1wb3J0YW50Owp9CiNyYWt1dGVuTGltaXRlZElkX2Fyb3VuZENhcnQgZGl2LnNob3BCb29rbWFya0FyZWEgZGl2LnNob3BCa20gewp3aWR0aDogNDIxcHggIWltcG9ydGFudDsKaGVpZ2h0Ojk0cHggIWltcG9ydGFudDsKcGFkZGluZzogMHB4IDBweCAhaW1wb3J0YW50OwpwYWRkaW5nLWxlZnQ6IDBweCAhaW1wb3J0YW50Owp9CiNyYWt1dGVuTGltaXRlZElkX2Fyb3VuZENhcnQgZGl2LnNob3BCb29rbWFya0FyZWEgZGl2LnNob3BCa20gYS5hZGRTaG9wQmttIHNwYW4uc2hvcEJrbVN0YXIgewpkaXNwbGF5OiBpbmxpbmUtYmxvY2sgIWltcG9ydGFudDsKd2lkdGg6IDQyMXB4ICFpbXBvcnRhbnQ7CmhlaWdodDo5NHB4ICFpbXBvcnRhbnQ7Cm1hcmdpbi1yaWdodDogMHB4ICFpbXBvcnRhbnQ7CmJhY2tncm91bmQ6IHVybCgiaHR0cDovL2ltYWdlLnJha3V0ZW4uY28uanAvcHJlY2lvdXNqZXdlbHJ5L2NhYmluZXQvb2tpbmlpcmlfMDMuanBnIikgbm8tcmVwZWF0ICFpbXBvcnRhbnQ7Cn0KCi0tPgo8L3N0eWxlPgoKCjxkaXYgc3R5bGU9IndpZHRoOjcwMHB4OyIgYWxpZ249ImNlbnRlciI+Cgo8dGFibGUgYWxpZ249ImNlbnRlciIgd2lkdGg9IjcwMCIgYm9yZGVyPSIwIiBjZWxscGFkZGluZz0iMCIgY2VsbHNwYWNpbmc9IjAiIGJnY29sb3I9IiNGRkZGRkYiPgogIDx0cj4KPHRkPgo8dGFibGUgYWxpZ249ImNlbnRlciIgd2lkdGg9IjcwMCIgYm9yZGVyPSIwIiBjZWxscGFkZGluZz0iMCIgY2VsbHNwYWNpbmc9IjAiIGJnY29sb3I9IiNGRkZGRkYiPgo8dHI+Cjx0ZCBhbGlnbj0iY2VudGVyIiB2YWxpZ249ImJvdHRvbSIgYmdjb2xvcj0iI2NjY2NjYyI+PGltZyBzcmM9Imh0dHA6Ly9pbWFnZS5yYWt1dGVuLmNvLmpwL3ByZWNpb3VzamV3ZWxyeS9jYWJpbmV0L3Jhbmtpbi5qcGciIHdpZHRoPSI3MDAiIC8+PC90ZD4KPC90cj4KPC90YWJsZT4KPHRhYmxlIGFsaWduPSJjZW50ZXIiIHdpZHRoPSI2OTYiIGJvcmRlcj0iMCIgY2VsbHBhZGRpbmc9IjAiIGNlbGxzcGFjaW5nPSIwIiBiZ2NvbG9yPSIjQ0NDQ0NDIiBzdHlsZT0iYm9yZGVyLWxlZnQ6c29saWQ7Ym9yZGVyLWxlZnQtd2lkdGg6MXB4O2JvcmRlci1yaWdodDpzb2xpZDtib3JkZXItcmlnaHQtd2lkdGg6MXB4O2JvcmRlci1ib3R0b206c29saWQ7Ym9yZGVyLWJvdHRvbS13aWR0aDoxcHg7Ym9yZGVyLWNvbG9yOiNDQ0NDQ0M7Ij4KPHRyPgo8dGQgYWxpZ249ImNlbnRlciIgYmdjb2xvcj0iI0ZGRkZGRiI+CjxkaXYgY2xhc3M9Imlmcm0tY29udGFpbmVyIiBzdHlsZT0id2lkdGg6Njk4cHg7aGVpZ2h0OjM1MHB4O292ZXJmbG93OmF1dG87LXdlYmtpdC1vdmVyZmxvdy1zY3JvbGxpbmc6dG91Y2g7Ij4KCjwvZGl2Pgo8L3RkPgo8L3RyPgo8dHI+Cjx0ZCBhbGlnbj0icmlnaHQiIGJnY29sb3I9IiNGRkZGRkYiIHN0eWxlPSJwYWRkaW5nOjJweDsiPgo8aW1nIHNyYz0iaHR0cDovL3d3dy5yYWt1dGVuLm5lLmpwL2dvbGQvcHJlY2lvdXNqZXdlbHJ5L2dvcXN5c3RlbS9wb3dlcmVkX2J5X2Jhbm5lci5naWYiIHdpZHRoPSIxMjUiIC8+CjwvdGQ+CjwvdHI+CjwvdGFibGU+CjwvdGQ+CjwvdHI+CjwvdGFibGU+PGJyIC8+CjxiciAvPjxiciAvPgoKPCEtLUdvUVN5c3RlbeODqeODs+OCreODs+OCsOiHquWLleabtOaWsOODhOODvOODq+ODr+OCpOODiS0tPgo8IS0tR29RU3lzdGVt44Os44OT44Ol44O86Ieq5YuV5pu05paw44OE44O844Or44Ov44Kk44OJLS0+Cjx0YWJsZSBhbGlnbj0iY2VudGVyIiB3aWR0aD0iNzAwIiBib3JkZXI9IjAiIGNlbGxwYWRkaW5nPSIwIiBjZWxsc3BhY2luZz0iMCIgYmdjb2xvcj0iI0ZGRkZGRiI+Cjx0cj4KPHRkPgoKPHRhYmxlIGFsaWduPSJjZW50ZXIiIHdpZHRoPSI3MDAiIGJvcmRlcj0iMCIgY2VsbHBhZGRpbmc9IjAiIGNlbGxzcGFjaW5nPSIwIiBiZ2NvbG9yPSIjRkZGRkZGIj4KPHRyPgo8dGQgYWxpZ249ImNlbnRlciIgdmFsaWduPSJib3R0b20iIGJnY29sb3I9IiNjY2NjY2MiPjxpbWcgc3JjPSJodHRwOi8vaW1hZ2UucmFrdXRlbi5jby5qcC9wcmVjaW91c2pld2VscnkvY2FiaW5ldC8wNDAzOTcxMS9yZXZfbWVudS5qcGciIHdpZHRoPSI3MDAiIGlkPSJyZXZfaGVhZCIgLz48L3RkPgo8L3RyPgo8L3RhYmxlPgo8dGFibGUgYWxpZ249ImNlbnRlciIgd2lkdGg9IjY5OCIgYm9yZGVyPSIwIiBjZWxscGFkZGluZz0iMCIgY2VsbHNwYWNpbmc9IjAiIGJnY29sb3I9IiNDQ0NDQ0MiIHN0eWxlPSJib3JkZXItbGVmdDpzb2xpZDtib3JkZXItbGVmdC13aWR0aDoxcHg7Ym9yZGVyLXJpZ2h0OnNvbGlkO2JvcmRlci1yaWdodC13aWR0aDoxcHg7Ym9yZGVyLWJvdHRvbTpzb2xpZDtib3JkZXItYm90dG9tLXdpZHRoOjFweDtib3JkZXItY29sb3I6I0NDQ0NDQzsiPgo8dHI+Cjx0ZCBhbGlnbj0iY2VudGVyIiBiZ2NvbG9yPSIjRkZGRkZGIj4KPGRpdiBjbGFzcz0iaWZybS1jb250YWluZXIiIHN0eWxlPSJ3aWR0aDo2OThweDtoZWlnaHQ6MzUwcHg7b3ZlcmZsb3c6YXV0bzstd2Via2l0LW92ZXJmbG93LXNjcm9sbGluZzp0b3VjaDsiPgoKPC9kaXY+CjwvdGQ+CjwvdHI+Cjx0cj4KPHRkIGFsaWduPSJyaWdodCIgYmdjb2xvcj0iI0ZGRkZGRiIgc3R5bGU9InBhZGRpbmc6MnB4OyI+CjxpbWcgc3JjPSJodHRwOi8vd3d3LnJha3V0ZW4ubmUuanAvZ29sZC9wcmVjaW91c2pld2VscnkvZ29xc3lzdGVtX3Jldmlldy9pbWcvcG93ZXJlZF9ieV9iYW5uZXIuZ2lmIiB3aWR0aD0iMTI1IiBpZD0icmV2X2Zvb3QiIC8+CjwvdGQ+CjwvdHI+CjwvdGFibGU+CjwvdGQ+CjwvdHI+CjwvdGFibGU+CjwhLS1Hb1FTeXN0ZW3jg6zjg5Pjg6Xjg7zoh6rli5Xmm7TmlrDjg4Tjg7zjg6vjg6/jgqTjg4ktLT48YnIgLz4KCjxiciAvPgo8L2Rpdj4KPC9kaXY+PC9kaXY+,44K144OV44Kh44Kk44KiIOODquODs+OCsCDjg5Tjg7Pjgq3jg7zjg6rjg7PjgrAg44Kk44Ko44Ot44O844K044O844Or44OJIEsxMCDph43jga3jgaXjgZEg6I+v5aWi44Oq44Oz44KwIDnmnIgg44Os44OH44Kj44O844K5IOaltee0sOODquODs+OCsCDmpbXntLAg44CQ44Kz44Oz44OT44OL5Y+X5Y+W5a++5b+c5ZWG5ZOB44CRIDTllrbmpa3ml6Xku6XlhoXjgavnmbrpgIHvvJrjg5fjg6zjgrfjg6Pjgrnjgrjjg6Xjgqjjg6rjg7zmpb3lpKnluILloLTlupc=,44K444Ol44Ko44Oq44O844ON44OD44Kv44Os44K544Oa44Oz44OA44Oz44OI44Oq44Oz44Kw5oyH6Lyq44OU44Ki44K544OW44Os44K544Os44OD44OI44OA44Kk44Ok44Oi44Oz44OJ44OX44Os44K844Oz44OI44Kk44OL44K344Oj44Or5LiA57KS44OU44Oz44Kt44O844Oq44Oz44Kw6I+v5aWi44K344Oz44OX44Or44Kr44Op44O844K544OI44O844Oz44K044O844Or44OJazEwazE4SzEwSzE444OX44Op44OB44OK44Kk44Ko44Ot44O844K044O844Or44OJ44OU44Oz44Kv44K044O844Or44OJ44K344Or44OQ44O844OA44Kk44Ok44Oa44Ki44Oq44Oz44Kw6KqV55Sf5pel6KiY5b+15pel44Os44OH44Kj44O844K544Ki44Of44Ol44Os44OD44OI5qW157Sw44Oq44Oz44Kw6KqV55Sf55+z44Kr44Op44O844K544OI44O844Oz5Zyw6YeR44OR44Ov44O844K544OI44O844Oz44K344Oz44OX44Or6YeN44Gt552A44GR44K144OV44Kh44Kk44KiIOODquODs+OCsCDjg5Tjg7Pjgq3jg7zjg6rjg7PjgrAg44Kk44Ko44Ot44O844K044O844Or44OJIEsxMCDph43jga3jgaXjgZEg6I+v5aWi44Oq44Oz44KwIDnmnIgg44Os44OH44Kj44O844K5IOaltee0sOODquODs+OCsCDmpbXntLAg44CQ44Kz44Oz44OT44OL5Y+X5Y+W5a++5b+c5ZWG5ZOB44CRIDTllrbmpa3ml6Xku6XlhoXjgavnmbrpgIE=,44K144OV44Kh44Kk44KiIOODquODs+OCsCDjgrTjg7zjg6vjg4kgazEwIOODlOODs+OCreODvOODquODs+OCsOOAgOiPr+WloiDmpbXntLDjgILjgrXjg5XjgqHjgqTjgqIg44Oq44Oz44KwIOODlOODs+OCreODvOODquODs+OCsCDjgqTjgqjjg63jg7zjgrTjg7zjg6vjg4kgSzEwIOmHjeOBreOBpeOBkSDoj6/lpaLjg6rjg7PjgrAgOeaciCDjg6zjg4fjgqPjg7zjgrkg5qW157Sw44Oq44Oz44KwIOaltee0sCDjgJDjgrPjg7Pjg5Pjg4vlj5flj5blr77lv5zllYblk4HjgJEgNOWWtualreaXpeS7peWGheOBq+eZuumAgQ==[rn]
39-1006,aHR0cDovL3RzaG9wLnIxMHMuanAvYXF1YWpld2VscnkvY2FiaW5ldC9rMTgvczEyMDYxMy0yLTMwMC5qcGc/Zml0aW49NzAwOjcwMA==,NDMwMi40MDAw,,44K444Ol44Ko44Oq44O844O744Ki44Kv44K744K144Oq44O8ID4g44Os44OH44Kj44O844K544K444Ol44Ko44Oq44O844O744Ki44Kv44K744K144Oq44O8ID4g5oyH6Lyq44O744Oq44Oz44Kw,44OI44OR44O844K6IOODquODs+OCsC/jg6rjg7PjgrAg44Os44OH44Kj44O844K5L+ODiOODkeODvOOCuiDmjIfovKovMTHmnIgg6KqV55Sf55+zL+WHm+OBqOiJtuOChOOBi+OBquODluODq+ODvOOBp+e+juOBl+OBj+OAgeOCu+ODrOODluOBquaJi+WFg+KYhuOAjOODreODs+ODieODs+ODluODq+ODvOODiOODkeODvOOCuuODu+OCuOODq+OCs+ODi+OCouODu+OCu+ODrOODluODquODhuOCo+ODqeOCpuODs+ODieODquODs+OCsOOAjeOAkOWcqOW6q+OBguOCiuaZguOBguOBmealveWvvuW/nOOAkeOAkOalveOCruODlV/ljIXoo4XjgJE=,44OI44OR44O844K6IOODquODs+OCsC/jg6rjg7PjgrAg44Os44OH44Kj44O844K5Lw==,PGRpdiBhbGlnbj0iY2VudGVyIj4gPHRhYmxlIGJvcmRlcj0iMCIgY2VsbHBhZGRpbmc9IjAiIGNlbGxzcGFjaW5nPSIwIiB3aWR0aD0iNjk1IiBhbGlnbj0iQ0VOVEVSIj4gCjx0cj4gPHRkIHdpZHRoPSI2OTUiPiA8ZGl2IGFsaWduPSJDRU5URVIiPjxicj4KPC9kaXY+PC90ZD48L3RyPiAKPC90YWJsZT4KICA8YnI+IAo8Rk9OVCBTSVpFPSI0IiBDT0xPUj0iIzAwMzM5OSI+PGI+IOWHm+OBqOiJtuOChOOBi+OBquODluODq+ODvOOBp+OAgee+juOBl+OBj+OCu+ODrOODluOBquaJi+WFg+ODu+ODu+KYhjwvYj48L0ZPTlQ+PGJyPiAKPGJyPiA8aW1nIHNyYz0iaHR0cDovL2ltYWdlLnJha3V0ZW4uY28uanAvYXF1YWpld2VscnkvY2FiaW5ldC9sb25nXzE1L3MxMjA2MTMtNzAwLmpwZyI+PGJyPiAKPGJyPiA8YnI+IDx0YWJsZSBib3JkZXI9IjAiIGNlbGxzcGFjaW5nPSIwIiBjZWxscGFkZGluZz0iMCIgd2lkdGg9IjcwMCIgaGVpZ2h0PSI0NTAiIGJhY2tncm91bmQ9Imh0dHA6Ly9pbWFnZS5yYWt1dGVuLmNvLmpwL2FxdWFqZXdlbHJ5L2NhYmluZXQvazE4L3MxMjA2MTMtMi03MDAuanBnIj4gCjx0cj4gPHRkIHdpZHRoPSIzODkiIGhlaWdodD0iNDUwIiBhbGlnbj0icmlnaHQiIHZhbGlnbj0ibWlkZGxlIj7jgIA8L3RkPjx0ZCB3aWR0aD0iMzExIj48Yj48Zm9udCBjb2xvcj0iIzAwMzM5OSI+5ZC444GE6L6844G+44KM44Gd44GG44O744O7PGJyPiAK5rex44GP5r6E44G/5YiH44Gj44Gf44Ot44Kk44Ok44Or44OW44Or44O84piGPGJyIC8+IDwvZm9udD48L2I+IDxmb250IHNpemU9IjIiIGNvbG9yPSIjNjY2NjY2Ij4gPGJyPiDjgYLjgafjgoTjgYvjgavovJ3jgY/lpKfnspLjga7jg5bjg6vjg7zjgag8YnI+IArjgZ/jgY/jgZXjgpPjga7jgq/jg6rjgrnjgr/jg6vjgrjjg6vjgrPjg4vjgqLjgpI8YnI+IOaDnOOBl+OBkuOCguOBquOBj+S9v+OBo+OBnzxicj4g54m55Yil5oSf44GC44G144KM44KL44Oq44Oz44Kw44Gu44GU57S55LuL44Gn44GZ4piGPGJyPiA8YnI+IOS4gOeykuOBp+OCguOBn+OCgeaBr+OCkuiqmOOBhiA8YnI+IArmt7HjgY/jgIHpq5josrTjgarnibnliKXjgarpnZLjga7jgq3jg6njg6Hjgq3jg7vjg7s8YnI+IOWkp+eykuOBruODreODs+ODieODs+ODluODq+ODvOODiOODkeODvOOCuuOBjOS4u+W9ueOAgjxicj4gPGJyPiDjgZ3jgZfjgabjgIHjgZ3jga7lkajlm7Ljgavjga88YnI+IOODgOOCpOODpOODouODs+ODieOCkuOCguWHjOmnleOBmeOCi+OBqOOBhOOBhjxicj4gCueerOOBj+Wwj+eykuOBruOCuOODq+OCs+ODi+OCouOCkjxicj4g44G144KT44Gg44KT44Gr44GC44GX44KJ44GE44G+44GX44Gf4piGPGJyPiA8YnI+IOOBk+OBrui8neOBjeOBrumbhuWkp+aIkOOCkuaJi+WFg+OBq+OBguOBl+OCieOBiOOBsDxicj4g44GC44Gq44Gf44Gu44GV44KK44GS44Gq44GE5omL44Gu5YuV44GN44GrPGJyPiAK6Kqw44KC44GM6KaW57ea44KS5aWq44KP44KM44KL44Gv44Ga77yBPGJyPiA8YnI+IOOBneOBl+OBpuOAgeOBk+OCjOOBsuOBqOOBpOOBpzxicj4g6aO+44KJ44Gq44GE44Kr44K444Ol44Ki44Or44Gg44Gj44GmPGJyPiDjgrvjg6zjg5bjg4vjg6XjgqLjg7Pjgrnjgavjg4njg6zjgrnjgqLjg4Pjg5fjg7vjg7vjg7vimao8YnI+IAo8YnI+IOaJi+WFg+OCkuOCu+ODrOODluOCouODg+ODl+OBmeOCizxicj4g576O44GX44GE44OW44Or44O844K444Ol44Ko44Oq44O84piGPGJyPiDpqZrjgY3jga7lpKfnibnkvqHjgafnmbvloLTjgafjgZnvvIE8YnI+IDwvZm9udD48L3RkPjwvdHI+IDwvdGFibGU+PGJyPiAKPGJyPiA8aW1nIHNyYz0iaHR0cDovL2ltYWdlLnJha3V0ZW4uY28uanAvYXF1YWpld2VscnkvY2FiaW5ldC9zdzA2LzkwMDkzM19saW5lMi5naWYiPjxicj4gCjxicj4gPHRhYmxlIGJvcmRlcj0iMCIgY2VsbHNwYWNpbmc9IjUiIGNlbGxwYWRkaW5nPSIwIj4gPHRyPiA8dGQgd2lkdGg9IjM0NSIgaGVpZ2h0PSIzNDUiIGFsaWduPSJjZW50ZXIiIHZhbGlnbj0idG9wIj4gCjxhIGhyZWY9Imh0dHA6Ly9pbWFnZS5yYWt1dGVuLmNvLmpwL2FxdWFqZXdlbHJ5L2NhYmluZXQvazE4L3MxMjA2MTMtNWEuanBnIj4gPGltZyBzcmM9Imh0dHA6Ly90aHVtYm5haWwuaW1hZ2UucmFrdXRlbi5jby5qcC9AMF9tYWxsL2FxdWFqZXdlbHJ5L2NhYmluZXQvazE4L3MxMjA2MTMtNWEuanBnP19leD0zMjB4MzIwIiBib3JkZXI9IjAiPjwvYT4gCjxicj4gPGZvbnQgc2l6ZT0iMiIgY29sb3I9IiM2NjY2NjYiPiDlh5vjgajnvo7jgZfjgYTlpKfnspLjga7jg63jg7Pjg4njg7Pjg5bjg6vjg7zjg4jjg5Hjg7zjgrrjgpI8YnI+IOOBn+OBj+OBleOCk+OBrue0lOeZveOBrui8neOBjeOBp+WPluOCiuW3u+OBjeOBvuOBl+OBn++8gTxicj4gCue0sOi6q+OBp+S7leS4iuOBkuOBn+OCouODvOODoOOBjOaJi+WFg+OCkuOBleOCiee+juOBl+OBj+OBv+OBm+OBvuOBmeOAgjxicj4gPGJyPiA8L2ZvbnQ+PC90ZD48dGQgd2lkdGg9IjM0NSIgYWxpZ249ImNlbnRlciIgdmFsaWduPSJ0b3AiPiAKPGEgaHJlZj0iaHR0cDovL2ltYWdlLnJha3V0ZW4uY28uanAvYXF1YWpld2VscnkvY2FiaW5ldC9rMTgvczEyMDYxMy01Yi5qcGciPiA8aW1nIHNyYz0iaHR0cDovL3RodW1ibmFpbC5pbWFnZS5yYWt1dGVuLmNvLmpwL0AwX21hbGwvYXF1YWpld2VscnkvY2FiaW5ldC9rMTgvczEyMDYxMy01Yi5qcGc/X2V4PTMyMHgzMjAiIGJvcmRlcj0iMCI+PC9hPiAKPGJyPiA8Zm9udCBzaXplPSIyIiBjb2xvcj0iIzY2NjY2NiI+IOOBguOBteOCjOOCi+ecqeOBl+OBleODu+ODu+ODu+OBp+OCguOCt+ODs+ODl+ODq+OBqjxicj4g44K144O844Kv44Or44OH44K244Kk44Oz44Gv44CB44Kr44K444Ol44Ki44Or44GL44KJPGJyPiAK44Kt44OD44OB44Oq44G+44Gn5qeY44CF44Gq44Kz44O844OH44Gn5Ly85ZCI44GE44G+44GZ4pmqPGJyPiA8YnI+IDwvZm9udD48L3RkPjwvdHI+IDwvdGFibGU+PHRhYmxlIGJvcmRlcj0iMCIgY2VsbHNwYWNpbmc9IjUiIGNlbGxwYWRkaW5nPSIwIj4gCjx0cj4gPHRkIHdpZHRoPSIzNDUiIGhlaWdodD0iMzQ1IiBhbGlnbj0iY2VudGVyIiB2YWxpZ249InRvcCI+IDxhIGhyZWY9Imh0dHA6Ly9pbWFnZS5yYWt1dGVuLmNvLmpwL2FxdWFqZXdlbHJ5L2NhYmluZXQvazE4L3MxMjA2MTMtNWMuanBnIj4gCjxpbWcgc3JjPSJodHRwOi8vdGh1bWJuYWlsLmltYWdlLnJha3V0ZW4uY28uanAvQDBfbWFsbC9hcXVhamV3ZWxyeS9jYWJpbmV0L2sxOC9zMTIwNjEzLTVjLmpwZz9fZXg9MzIweDMyMCIgYWx0PSIiIGJvcmRlcj0iMCIgLz48L2E+IAo8YnI+IDxmb250IHNpemU9IjIiIGNvbG9yPSIjNjY2NjY2Ij4g5Li755+z5ZGo44KK44GrMTbjgIHjg6rjg7PjgrDjg6njgqTjg7Pjgas544OU44O844K544CCPGJyPiDjgYLjgbXjgozjgovntJTnmb3jga7ovJ3jgY3jga/jg4DjgqTjg6TjgpLjgoLlh4zpp5XvvIE8YnI+IArjgrnjg4jjgqTjg4Pjgq/jgarjgrXjg7zjgq/jg6vjg4fjgrbjgqTjg7PjgYzmmKDjgYjjgb7jgZnimIY8YnI+IDxicj4gPC9mb250PjwvdGQ+PHRkIHdpZHRoPSIzNDUiIGFsaWduPSJjZW50ZXIiIHZhbGlnbj0idG9wIj4gCjxhIGhyZWY9Imh0dHA6Ly9pbWFnZS5yYWt1dGVuLmNvLmpwL2FxdWFqZXdlbHJ5L2NhYmluZXQvazE4L3MxMjA2MTMtNWQuanBnIj4gPGltZyBzcmM9Imh0dHA6Ly90aHVtYm5haWwuaW1hZ2UucmFrdXRlbi5jby5qcC9AMF9tYWxsL2FxdWFqZXdlbHJ5L2NhYmluZXQvazE4L3MxMjA2MTMtNWQuanBnP19leD0zMjB4MzIwIiBhbHQ9IiIgYm9yZGVyPSIwIiAvPjwvYT4gCjxicj4gPGZvbnQgc2l6ZT0iMiIgY29sb3I9IiM2NjY2NjYiPiDntKDmnZDjga/jgrnjgr/jg7zjg6rjg7PjgrDjgrfjg6vjg5Djg7zjgII8YnI+IOWFqOOBpuOBruefs+OBq+WFieOCiuOBrOOBjeOBrueqk+OCkumWi+OBkTxicj4g44Gy44Go44Gk44Gy44Go44Gk54iq44Gn55WZ44KB44Gf5pys5qC855qE44Gq6YCg44KK44CCPGJyPiAKPGJyPiA8L2ZvbnQ+PC90ZD48L3RyPiA8L3RhYmxlPjxicj4gCjxpbWcgc3JjPSJodHRwOi8vaW1hZ2UucmFrdXRlbi5jby5qcC9hcXVhamV3ZWxyeS9jYWJpbmV0L2sxOC9zMTIwNjA2LTMtNzAwLmpwZyIgYWx0PSIiLz48Zm9udCBzaXplPSIzIiBjb2xvcj0iIzAwMzM5OSI+PGI+PHN0cm9uZz48QlI+PGJyPjxicj4gIArnvo7jgZfjgYTlpKfnspLjga7jg63jg7Pjg4njg7Pjg5bjg6vjg7zjg4jjg5Hjg7zjgrrjgpI8YnI+IOOBn+OBj+OBleOCk+OBrue0lOeZveOBrui8neOBjeOBp+WPluOCiuW3u+OBhOOBn+ODquODs+OCsOKYhjxicj4gPGJyPiDjg6rjg4Pjg4HjgarovJ3jgY3jgrjjg6Xjgqjjg6rjg7zjga7nnKnjgZfjgZXjgpI8YnI+IOOBguOBquOBn+OBruaJi+WFg+OBp+OCgueCueOBl+OBpuOBu+OBl+OBhOOBi+OCiTxicj4gCumpmuOBjeOBrumZkOeVjOegtOagvOOBp+OBiuWxiuOBkeOBl+OBvuOBme+8gTwvc3Ryb25nPjwvYj48L2ZvbnQ+PGJyPjxmb250IHNpemU9IjMiIGNvbG9yPSIjZmY2NjY2Ij48Yj48c3Ryb25nPiAKPGJyPiAKPC9zdHJvbmc+PC9iPjwvZm9udD48aW1nIHNyYz0iaHR0cDovL2ltYWdlLnJha3V0ZW4uY28uanAvYXF1YWpld2VscnkvY2FiaW5ldC9sb25nXzE1L3MxMjA2MTMtNzAwLmpwZyI+PGZvbnQgc2l6ZT0iMyIgY29sb3I9IiNmZjY2NjYiPjxiPjxzdHJvbmc+PGJyPgo8YnI+PGJyPgrpmZDlrprllYblk4Hjga7jgZ/jgoHjgIHmlbDjgavpmZDjgorjgYzjgZTjgZbjgYTjgb7jgZnjgII8YnIgLz4K5a6M5aOy44Gu6Zqb44Gv44GU5LqG5om/44GP44Gg44GV44GE44G+44Gb44CCPGJyPiA8YnIgLz4gIDxiciAvPiA8Zm9udCBzaXplPSIzIiBjb2xvcj0iI2NjMDAzMyI+4pa844GC44KP44Gb44KL44Gq44KJ44Kz44Os4pmq44GK5o+D44GE44Oa44Oz44OA44Oz44OIPC9mb250PjxiciAvPiA8YSBocmVmPSJodHRwOi8vaXRlbS5yYWt1dGVuLmNvLmpwL2FxdWFqZXdlbHJ5LzEyMDYwNi8iIHRhcmdldD0iX2JsYW5rIj48aW1nIHNyYz0iaHR0cDovL3RodW1ibmFpbC5pbWFnZS5yYWt1dGVuLmNvLmpwL0AwX21hbGwvYXF1YWpld2VscnkvY2FiaW5ldC9sb25nXzE1L3MxMjA2MDYtNzAwLmpwZz9fZXg9NDAweDE1MCIgYWx0PSIiIGJvcmRlcj0iMCIvPjxiciAvPiAKPC9hPjwvc3Ryb25nPjwvYj48YSBocmVmPSJodHRwOi8vaXRlbS5yYWt1dGVuLmNvLmpwL2FxdWFqZXdlbHJ5LzEyMDYwNi8iIHRhcmdldD0iX2JsYW5rIj48Zm9udCBzaXplPSIyIiBjb2xvcj0iIzY2NjY2NiI+5Yeb44Go576O44GX44GE5a2Y5Zyo5oSf77yB6IO45YWD44Gr6a6u44KE44GL44Gq5bm456aP44Gu44OW44Or44O84piGPC9mb250PjwvYT48Yj48c3Ryb25nPjxiciAvPgo8L3N0cm9uZz48L2I+PC9mb250PjxiciAvPiAKPGJyIC8+IDxicj4gCgoKPCEtLemWoumAo+ODquODs+OCr+OBk+OBk+OBi+OCiS0tPgo8ZGl2IGNsYXNzPSJrYW5yZW5fbGluayI+CjxwIGNsYXNzPSJrYW5yZW5fdGl0Ij7plqLpgKNJVEVN44Gv44GT44Gh44KJPC9wPgo8dWwgY2xhc3M9InI0Ij4KPGxpPjxhIGhyZWY9Imh0dHA6Ly9pdGVtLnJha3V0ZW4uY28uanAvYXF1YWpld2VscnkvMTE5OTMwLyIgdGFyZ2V0PSJfYmxhbmsiPjxpbWcgc3JjPSJodHRwOi8vaW1hZ2UucmFrdXRlbi5jby5qcC9hcXVhamV3ZWxyeS9jYWJpbmV0L2sxOC9zMTE5OTMwLTItMzAwLmpwZyIgLz48cD7jg63jg7Pjg4njg7Pjg5bjg6vjg7zjg4jjg5Hjg7zjgrrvvJHvvYPvvZTDl+OCuOODq+OCs+ODi+OCouODu+ODj+ODlOODjeOCt+ODo+ODs+OCueODmuODs+ODgOODs+ODiDxwIGNsYXNzPSJidXQiPkNIRUNLPC9wPjwvcD48L2E+PC9saT4KPGxpPjxhIGhyZWY9Imh0dHA6Ly9pdGVtLnJha3V0ZW4uY28uanAvYXF1YWpld2VscnkvMTE0NTgwLyIgdGFyZ2V0PSJfYmxhbmsiPjxpbWcgc3JjPSJodHRwOi8vaW1hZ2UucmFrdXRlbi5jby5qcC9hcXVhamV3ZWxyeS9jYWJpbmV0L2sxOC9zMTE0NTgwLTItMzAwLmpwZyIgLz48cD7jg63jg7Pjg4njg7Pjg5bjg6vjg7zjg4jjg5Hjg7zjgrrDl+OCuOODq+OCs+ODi+OCouODu+ODh+ODpeOCquODiOOCpeOCpOODs+OCq+ODquODs+OCsDxwIGNsYXNzPSJidXQiPkNIRUNLPC9wPjwvcD48L2E+PC9saT4KPGxpPjxhIGhyZWY9Imh0dHA6Ly9pdGVtLnJha3V0ZW4uY28uanAvYXF1YWpld2VscnkvMTIwNjEzLyIgdGFyZ2V0PSJfYmxhbmsiPjxpbWcgc3JjPSJodHRwOi8vaW1hZ2UucmFrdXRlbi5jby5qcC9hcXVhamV3ZWxyeS9jYWJpbmV0L2sxOC9zMTIwNjEzLTItMzAwLmpwZyIgLz48cD7jg63jg7Pjg4njg7Pjg5bjg6vjg7zjg4jjg5Hjg7zjgrrjg7vjgrjjg6vjgrPjg4vjgqLjg7vjgrvjg6zjg5bjg6rjg4bjgqPjg6njgqbjg7Pjg4njg6rjg7PjgrA8cCBjbGFzcz0iYnV0Ij5DSEVDSzwvcD48L3A+PC9hPjwvbGk+CiAgICAgICAgICAgIAo8bGk+PGEgaHJlZj0iaHR0cDovL2l0ZW0ucmFrdXRlbi5jby5qcC9hcXVhamV3ZWxyeS8xMjA2MDYvIiB0YXJnZXQ9Il9ibGFuayI+PGltZyBzcmM9Imh0dHA6Ly9pbWFnZS5yYWt1dGVuLmNvLmpwL2FxdWFqZXdlbHJ5L2NhYmluZXQvazE4L3MxMjA2MDYtMi0zMDAuanBnIiAvPjxwPuODreODs+ODieODs+ODluODq+ODvOODiOODkeODvOOCusOX44K444Or44Kz44OL44Ki44O744K744Os44OW44Oq44OG44Kj44Op44Km44Oz44OJ44Oa44Oz44OA44Oz44OIPHAgY2xhc3M9ImJ1dCI+Q0hFQ0s8L3A+PC9wPjwvYT48L2xpPgogICAgICAgICAgICA8bGk+PGEgaHJlZj0iaHR0cDovL2l0ZW0ucmFrdXRlbi5jby5qcC9hcXVhamV3ZWxyeS8xMTkyMDgvIiB0YXJnZXQ9Il9ibGFuayI+PGltZyBzcmM9Imh0dHA6Ly9pbWFnZS5yYWt1dGVuLmNvLmpwL2FxdWFqZXdlbHJ5L2NhYmluZXQvazE1L3MxMTkyMDgtMi0zMDAuanBnIiAvPjxwPuODreODs+ODieODs+ODluODq+ODvOODiOODkeODvOOCusOX44OW44Or44O844OI44OR44O844K644O744K144Oe44O844OK44Kk44OI44Oq44Oz44KwPHAgY2xhc3M9ImJ1dCI+Q0hFQ0s8L3A+PC9wPjwvYT48L2xpPgo8bGk+PGEgaHJlZj0iaHR0cDovL2l0ZW0ucmFrdXRlbi5jby5qcC9hcXVhamV3ZWxyeS8xMTk5OTEvIiB0YXJnZXQ9Il9ibGFuayI+PGltZyBzcmM9Imh0dHA6Ly9pbWFnZS5yYWt1dGVuLmNvLmpwL2FxdWFqZXdlbHJ5L2NhYmluZXQvazE4L3MxMTk5OTEtMi0zMDAuanBnIiAvPjxwPuODreODs+ODieODs+ODluODq+ODvOODiOODkeODvOOCujJjdMOX44K444Or44Kz44OL44Ki44O744Op44Kw44Oq44K544Oa44Oz44OA44Oz44OIPHAgY2xhc3M9ImJ1dCI+Q0hFQ0s8L3A+PC9wPjwvYT48L2xpPgo8bGk+PGEgaHJlZj0iaHR0cDovL2l0ZW0ucmFrdXRlbi5jby5qcC9hcXVhamV3ZWxyeS8xMjA2MjIvIiB0YXJnZXQ9Il9ibGFuayI+PGltZyBzcmM9Imh0dHA6Ly9pbWFnZS5yYWt1dGVuLmNvLmpwL2FxdWFqZXdlbHJ5L2NhYmluZXQvazE4L3MxMjA2MjItMi0zMDAuanBnIiAvPjxwPuODreODs+ODieODs+ODluODq+ODvOODiOODkeODvOOCuuODu+ODquODpeODvOODleOCo+OCuOODpeOCqOODq+ODquODs+OCsDxwIGNsYXNzPSJidXQiPkNIRUNLPC9wPjwvcD48L2E+PC9saT4KPC91bD4KICAgIAogICAgCiAgICAgPHRhYmxlIHdpZHRoPSI2OTAiIGJvcmRlcj0iMCIgY2VsbHBhZGRpbmc9IjAiIGFsaWduPSJjZW50ZXIiIGNlbGxzcGFjaW5nPSIxMCI+CiAgICAgIDx0ciB2YWxpZ249InRvcCI+CiAgICAgICAgPHRkIGFsaWduPSJyaWdodCI+PGEgaHJlZj0iaHR0cDovL3NlYXJjaC5yYWt1dGVuLmNvLmpwL3NlYXJjaC9pbnNob3AtbWFsbC8lRTMlODMlQUQlRTMlODMlQjMlRTMlODMlODklRTMlODMlQjMlRTMlODMlOTYlRTMlODMlQUIlRTMlODMlQkMlRTMlODMlODglRTMlODMlOTElRTMlODMlQkMlRTMlODIlQkEvLS9mLjMtcC4xLXMuMS1zZi4wLXNpZC4xOTQ2NDctc3QuQS12LjMiIHRhcmdldD0iX2JsYW5rIj4gPGZvbnQgY29sb3I9IiMwMDAwZmYiIHNpemU9IjIiPiZyQXJyOyDjg63jg7Pjg4njg7Pjg5bjg6vjg7zjg4jjg5Hjg7zjgrrjgrjjg6Xjgqjjg6rjg7zjgpLjgoLjgaPjgajopovjgos8L2ZvbnQ+PC9hPjwvdGQ+CiAgICAgIDwvdHI+CiAgPC90YWJsZT4KPC9kaXY+Cgo8IS0t6Zai6YCj44Oq44Oz44Kv44GT44GT44G+44GnLS0+Cgo8L2Rpdj4KPERJViBBTElHTj0iQ0VOVEVSIj48QlI+PEJSPjxhIGhyZWY9Imh0dHA6Ly9pdGVtLnJha3V0ZW4uY28uanAvYXF1YWpld2VscnkvYy8wMDAwMDAxNTg3LyIgdGFyZ2V0PSJfYmxhbmsiPjxpbWcgc3JjPSJodHRwOi8vaW1hZ2UucmFrdXRlbi5jby5qcC9hcXVhamV3ZWxyeS9jYWJpbmV0L3RvcF9pbWcvaW5mb19kZWxpX3Rvc19yYWt1LmdpZiIgYWx0PSIiIGJvcmRlcj0iMCIgLz48L2E+PGJyIC8+IAo8YnI+IDxicj4gPCEtLeOBiuWxiuOBkeOBk+OBk+OBi+OCiS0tPiA8aWZyYW1lIG1hcmdpbndpZHRoPTAgbWFyZ2luaGVpZ2h0PTAgc3JjPSJodHRwOi8vd3d3LnJha3V0ZW4ubmUuanAvZ29sZC9hcXVhamV3ZWxyeS9ldmVudC9hc3VfaW5mby9hc3VfaW5mby5odG1sIiB3aWR0aD0iNjgwIiBoZWlnaHQ9IjEwMCIgc2Nyb2xsaW5nPSJubyIgCmZyYW1lYm9yZGVyPSIwIj48L2lmcmFtZT48YnI+PGJyPjwvRElWPjxkaXYgYWxpZ249ImNlbnRlciI+Cjxicj4KPElNRyBTUkM9Imh0dHA6Ly9pbWFnZS5yYWt1dGVuLmNvLmpwL2FxdWFqZXdlbHJ5L2NhYmluZXQvZXZlbnRfMDIvcmV2ZV9taWdha2kyLmdpZiIgYWx0PSIiPjxicj48YnI+PC9ESVY+CjxJTUcgU1JDPSJodHRwOi8vdGh1bWJuYWlsLmltYWdlLnJha3V0ZW4uY28uanAvQDBfbWFsbC9hcXVhamV3ZWxyeS9jYWJpbmV0L3RvcF9pbWcva2Fnb2luZm9fcmluZy5qcGciIEFMVD0iIiBCT1JERVI9IjAiIC8+PGJyPgo8SU1HIFNSQz0iaHR0cDovL2ltYWdlLnJha3V0ZW4uY28uanAvYXF1YWpld2VscnkvY2FiaW5ldC90b3BfaW1nL2luZm9fc3A3LmdpZiI+PEJSPjxJTUcgU1JDPSJodHRwOi8vdGh1bWJuYWlsLmltYWdlLnJha3V0ZW4uY28uanAvQDBfbWFsbC9hcXVhamV3ZWxyeS9jYWJpbmV0L3RvcF9pbWcva2Fnb2luZm9fZ2lmdGJveC5qcGciIEFMVD0iIiBCT1JERVI9IjAiIC8+PGJyPgo8SU1HIFNSQz0iaHR0cDovL2ltYWdlLnJha3V0ZW4uY28uanAvYXF1YWpld2VscnkvY2FiaW5ldC90b3BfaW1nL2luZm9fc3A3LmdpZiI+PEJSPjxpbWcgc3JjPSJodHRwOi8vaW1hZ2UucmFrdXRlbi5jby5qcC9hcXVhamV3ZWxyeS9jYWJpbmV0L2V2L3Jpbl9rMy5qcGciIGJvcmRlcj0iMCI+PEJSPjxpbWcgc3JjPSJodHRwOi8vaW1hZ2UucmFrdXRlbi5jby5qcC9hcXVhamV3ZWxyeS9jYWJpbmV0L2V2L3Jpbl9rNC5qcGciIGJvcmRlcj0iMCI+PEJSPjxJTUcgU1JDPSJodHRwOi8vdGh1bWJuYWlsLmltYWdlLnJha3V0ZW4uY28uanAvQDBfbWFsbC9hcXVhamV3ZWxyeS9jYWJpbmV0L3RvcF9pbWcva2Fnb2luZm9fcmFua2luZy5qcGciIEFMVD0iIiBCT1JERVI9IjAiIC8+PGJyPgo8SU1HIFNSQz0iaHR0cDovL2ltYWdlLnJha3V0ZW4uY28uanAvYXF1YWpld2VscnkvY2FiaW5ldC90b3BfaW1nL2luZm9fc3A3LmdpZiI+PEJSPjxJTUcgU1JDPSJodHRwOi8vaW1hZ2UucmFrdXRlbi5jby5qcC9hcXVhamV3ZWxyeS9jYWJpbmV0L2V2L3RpdGxlXzEuanBnIiBCT1JERVI9IjAiPjxCUj48VEFCTEUgQk9SREVSQ09MT1I9I0ZGRkZGRiBDRUxMU1BBQ0lORz0xIENFTExQQURESU5HPTUgV0lEVEg9MzAwIAogICAgICBCR0NPTE9SPSNGRkZGRkYgQk9SREVSPTE+IDxUQk9EWT4gPFRSIEJPUkRFUkNPTE9SPSNGRkNDQ0MgQkdDT0xPUj0iI0ZGQ0NDQyI+IAo8VEQgVkFMSUdOPXRvcCBXSURUSD05MD48Rk9OVCBDT0xPUj0iIzAwMDAzMyIgU0laRT0iMiI+44CA5p2Q44CA6LOqPC9GT05UPjwvVEQ+PFREIFdJRFRIPTE4OCBCR0NPTE9SPSIjRkZGRkZGIj48Rk9OVCBTSVpFPSIyIiBDT0xPUj0iIzAwMDAwMCI+77yz77yp77ys77y277yl77yyIAo8L0ZPTlQ+PEZPTlQgU0laRT0iMiIgQ09MT1I9IiMwMDAwMDAiPu+8me+8ku+8lTxCUj4g44Ot44K444Km44Og5Yqg5bel5riI44G/PC9GT05UPjwvVEQ+PC9UUj4gPFRSIEJPUkRFUkNPTE9SPSNGRkNDQ0MgQkdDT0xPUj0iI0ZGQ0NDQyI+IAo8VEQgVkFMSUdOPXRvcCBXSURUSD05MCBIRUlHSFQ9Ijg2Ij48Rk9OVCBTSVpFPSIyIiBDT0xPUj0iIzAwMDAzMyI+44CA5Li744CA55+zPC9GT05UPjwvVEQ+PFREIFdJRFRIPTE4OCBCR0NPTE9SPSIjRkZGRkZGIiBIRUlHSFQ9Ijg2Ij48Rk9OVCBTSVpFPSIyIiBDT0xPUj0iIzAwMDAwMCI+44Ot44Oz44OJ44Oz44OW44Or44O844OI44OR44O844K6PEJSPiAK44CA44Op44Km44Oz44OJ44Kr44OD44OIPEJSPiDjgIDnm7TlvoTvvJrntITvvJVtbeOAgO+8keODlOODvOOCuTxCUj4g44Kv44Oq44K544K/44Or44K444Or44Kz44OL44KiPEJSPiDjgIDjg6njgqbjg7Pjg4njgqvjg4Pjg4g8QlI+IOOAgOebtOW+hO+8mue0hO+8kW1t44CA77yT77yU44OU44O844K5PC9GT05UPjwvVEQ+PC9UUj4gCjxUUiBCT1JERVJDT0xPUj0jRkZDQ0NDIEJHQ09MT1I9IiNGRkNDQ0MiPiA8VEQgVkFMSUdOPXRvcCBXSURUSD05MD48Rk9OVCBDT0xPUj0iIzAwMDAzMyIgU0laRT0iMiI+44CA44K144Kk44K6PC9GT05UPjwvVEQ+PFREIFdJRFRIPTE4OCBCR0NPTE9SPSIjRkZGRkZGIj48Rk9OVCBTSVpFPSIyIiBDT0xPUj0iIzAwMDAwMCI+44CA5bmF77ya57SE77yR77yO77yS44O877yX77yO77yUbW08QlI+IArjgIDljprjgZXvvJrntITvvJHjg7zvvJXvvI7vvJhtbTwvRk9OVD48L1REPjwvVFI+IDxUUiBCT1JERVJDT0xPUj0jRkZDQ0NDIEJHQ09MT1I9IiNGRkNDQ0MiPiA8VEQgVkFMSUdOPXRvcCBXSURUSD05MCBIRUlHSFQ9IjIzIj48Rk9OVCBDT0xPUj0iIzAwMDAzMyIgU0laRT0iMiI+44CA44K144Kk44K6PC9GT05UPjwvVEQ+PFREIFdJRFRIPTE4OCBCR0NPTE9SPSIjRkZGRkZGIiBIRUlHSFQ9IjIzIj48Rk9OVCBDT0xPUj0iIzAwMDAwMCIgU0laRT0iMiI+77yZ5Y+344CB77yR77yR5Y+344CB77yR77yT5Y+3PC9GT05UPjwvVEQ+PC9UUj4gCjwvVEJPRFk+IDwvVEFCTEU+PEJSPjxpbWcgc3JjPSJodHRwOi8vaW1hZ2UucmFrdXRlbi5jby5qcC9hcXVhamV3ZWxyeS9jYWJpbmV0L2V2L25vdWtpX2suanBnIiBib3JkZXI9IjAiPjxCUj48aW1nIHNyYz0iaHR0cDovL2ltYWdlLnJha3V0ZW4uY28uanAvYXF1YWpld2VscnkvY2FiaW5ldC9ldi9oYWlzb3Vfay5qcGciIGJvcmRlcj0iMCI+PEJSPjxpbWcgc3JjPSJodHRwOi8vaW1hZ2UucmFrdXRlbi5jby5qcC9hcXVhamV3ZWxyeS9jYWJpbmV0L2V2L29zaWhhcmFpX2suanBnIiBib3JkZXI9IjAiPjxCUj48aW1nIHNyYz0iaHR0cDovL2ltYWdlLnJha3V0ZW4uY28uanAvYXF1YWpld2VscnkvY2FiaW5ldC9ldi95b2JpXzEuanBnIiBib3JkZXI9IjAiPjxCUj48aW1nIHNyYz0iaHR0cDovL2ltYWdlLnJha3V0ZW4uY28uanAvYXF1YWpld2VscnkvY2FiaW5ldC9ldi95b2JpXzIuanBnIiBib3JkZXI9IjAiPjxCUj48aW1nIHNyYz0iaHR0cDovL2ltYWdlLnJha3V0ZW4uY28uanAvYXF1YWpld2VscnkvY2FiaW5ldC9ldi95b2JpXzMuanBnIiBib3JkZXI9IjAiPjxCUj48ZGl2IGFsaWduPSJjZW50ZXIiPjxpbWcgc3JjPSJodHRwczovL2ltYWdlLnJha3V0ZW4uY28uanAvYXF1YWpld2VscnkvY2FiaW5ldC9ldmVudF8wMy9hcXBvcmNoMjAxNi5qcGciPjxicj4KPGJyPgo8dGFibGUgd2lkdGg9IjcyMCI+IDx0Ym9keT4gPHRyPiA8dGQ+PGZvbnQgY29sb3I9IiNDQzAwMDAiIHNpemU9IjIiPuKAu+ikh+aVsOOBruWVhuWTgeOCkuOBlOizvOWFpeOBruWgtOWQiOOAgeOCt+OCueODhuODoOS4ijHnlarntI3mnJ/jga7pgYXjgYTllYblk4HjgavlkIjjgo/jgZvjgabjga7lh7rojbfjgajjgarjgorjgb7jgZnjgII8YnI+CuOAgCDjgYrmgKXjgY7jga7pmpvjga/jgIHjgYrosrfjgYTnianjgqvjgrTjgpLliIbjgZHjgabjgZTms6jmlofjgZXjgozjgovjgZPjgajjgpLjgYrjgZnjgZnjgoHjgZfjgabjgYTjgb7jgZnjgII8L2ZvbnQ+PC90ZD4gPC90cj4gPC90Ym9keT4gPC90YWJsZT48L2Rpdj4=,44OI44OR44O844K6IOODquODs+OCsC/jg6rjg7PjgrAg44Os44OH44Kj44O844K5L+ODiOODkeODvOOCuiDmjIfovKovMTHmnIgg6KqV55Sf55+zL+WHm+OBqOiJtuOChOOBi+OBquODluODq+ODvOOBp+e+juOBl+OBj+OAgeOCu+ODrOODluOBquaJi+WFg+KYhuOAjOODreODs+ODieODs+ODluODq+ODvOODiOODkeODvOOCuuODu+OCuOODq+OCs+ODi+OCouODu+OCu+ODrOODluODquODhuOCo+ODqeOCpuODs+ODieODquODs+OCsOOAjeOAkOWcqOW6q+OBguOCiuaZguOBguOBmealveWvvuW/nOOAkeOAkOalveOCruODlV/ljIXoo4XjgJHvvJrjgYTjgYTjgoLjga7jgYLjgovjgojjgILjgqLjgq/jgqLjgrjjg6Xjgqjjg6rjg7w=,44K444Ol44Ko44Oq44O844Oc44OD44Kv44K544Os44OH44Kj44O844K5IOODjeODg+OCr+ODrOOCueaMh+i8qiDjg6zjg4fjgqPjg7zjgrnjgqrjg5Hjg7zjg6sg44ON44OD44Kv44Os44K544OI44OR44O844K644ON44Kz44CA44ON44OD44Kv44Os44K544Ot44O844K644Kv44Kp44O844OEIOODjeODg+OCr+ODrOOCueOCquODkeODvOODqyDjg6rjg7PjgrDjg63jg7Pjg4njg7Pjg5bjg6vjg7zjg4jjg5Hjg7zjgrrjgqLjg6Hjgrjjgrnjg4jjgr/jg7Pjgrbjg4rjgqTjg4jjgqzjg7zjg43jg4Pjg4jjg6vjg5Pjg7zjg5TjgqLjgrkg44Os44OH44Kj44O844K544OR44Op44Kk44OQ44OI44Or44Oe44Oq44Oz44Ko44OB44Kq44OU44Ki44Kq44OR44O844Or6Kiz44GC44KK44Kr44Op44O844K544OI44O844Oz44K444Or44Kz44OL44KiIOODquODs+OCsOODluODq+ODvOODiOODkeODvOOCuuODiOODkeODvOOCuiDjg6rjg7PjgrAv44Oq44Oz44KwIOODrOODh+OCo+ODvOOCuS/jg4jjg5Hjg7zjgrog5oyH6LyqLzEx5pyIIOiqleeUn+efsy/lh5vjgajoibbjgoTjgYvjgarjg5bjg6vjg7zjgafnvo7jgZfjgY/jgIHjgrvjg6zjg5bjgarmiYvlhYPimIbjgIzjg63jg7Pjg4njg7Pjg5bjg6vjg7zjg4jjg5Hjg7zjgrrjg7vjgrjjg6vjgrPjg4vjgqLjg7vjgrvjg6zjg5bjg6rjg4bjgqPjg6njgqbjg7Pjg4njg6rjg7PjgrDjgI3jgJDlnKjluqvjgYLjgormmYLjgYLjgZnmpb3lr77lv5zjgJHjgJDmpb3jgq7jg5Vf5YyF6KOF44CR,44OI44OR44O844K6IOODquODs+OCsC/jg6rjg7PjgrAg44Os44OH44Kj44O844K5L+OAguODiOODkeODvOOCuiDjg6rjg7PjgrAv44Oq44Oz44KwIOODrOODh+OCo+ODvOOCuS/jg4jjg5Hjg7zjgrog5oyH6LyqLzEx5pyIIOiqleeUn+efsy/lh5vjgajoibbjgoTjgYvjgarjg5bjg6vjg7zjgafnvo7jgZfjgY/jgIHjgrvjg6zjg5bjgarmiYvlhYPimIbjgIzjg63jg7Pjg4njg7Pjg5bjg6vjg7zjg4jjg5Hjg7zjgrrjg7vjgrjjg6vjgrPjg4vjgqLjg7vjgrvjg6zjg5bjg6rjg4bjgqPjg6njgqbjg7Pjg4njg6rjg7PjgrDjgI3jgJDlnKjluqvjgYLjgormmYLjgYLjgZnmpb3lr77lv5zjgJHjgJDmpb3jgq7jg5Vf5YyF6KOF44CR[rn]
39-1007,aHR0cDovL3RzaG9wLnIxMHMuanAvYXF1YWpld2VscnkvY2FiaW5ldC9rMTUvczExOTIwOC0yLTMwMC5qcGc/Zml0aW49NzAwOjcwMA==,MTI1MjguMDAwMA==,,44K444Ol44Ko44Oq44O844O744Ki44Kv44K744K144Oq44O8ID4g44Os44OH44Kj44O844K544K444Ol44Ko44Oq44O844O744Ki44Kv44K744K144Oq44O8ID4g5oyH6Lyq44O744Oq44Oz44Kw,44OI44OR44O844K6IOODquODs+OCsC/jg6rjg7PjgrAg44Os44OH44Kj44O844K5L+WQiOioiO+8k+OCq+ODqeODg+ODiOOBruOCpOODs+ODkeOCr+ODiO+8geWkp+eyksOX44OR44O044Kn44Gu44OI44OR44O844K644Oq44Oz44Kw4piF44CM44Ot44Oz44OJ44Oz44OW44Or44O844OI44OR44O844K6w5fjg5bjg6vjg7zjg4jjg5Hjg7zjgrrjg7vjgrXjg57jg7zjg4rjgqTjg4jjg6rjg7PjgrDjgI3jgJDlnKjluqvjgYLjgormmYLjgYLjgZnmpb3lr77lv5zjgJE=,44OI44OR44O844K6IOODquODs+OCsC/jg6rjg7PjgrAg44Os44OH44Kj44O844K5Lw==,IAo8ZGl2IGFsaWduPSJjZW50ZXIiPgogIDxicj4KICA8YnIgLz4KICA8c3Ryb25nPjxmb250IGNvbG9yPSIjMDAzMzk5IiBzaXplPSI0Ij4g5ZCI6KiI77yT44Kr44Op44OD44OI44Gu44Kk44Oz44OR44Kv44OI77yB5aSn57KSw5fjg5Hjg7Tjgqfjga7jg4jjg5Hjg7zjgrrjg6rjg7PjgrDimIU8L2ZvbnQ+PC9zdHJvbmc+PGJyPgogIDxicj4KICA8Yj48c3Ryb25nPjxpbWcgc3JjPSJodHRwOi8vaW1hZ2UucmFrdXRlbi5jby5qcC9hcXVhamV3ZWxyeS9jYWJpbmV0L2xvbmdfMTUvczExOTIwOC03MDBiLmpwZyI+PGZvbnQgc2l6ZT0iMiIgY29sb3I9IiNDQzAwNjYiPjxicj4KICA8L2ZvbnQ+PGJyPgogIDxicj4KICA8L3N0cm9uZz48L2I+IAogIDx0YWJsZSBib3JkZXI9IjAiIGNlbGxzcGFjaW5nPSIwIiBjZWxscGFkZGluZz0iMCIgd2lkdGg9IjcwMCIgaGVpZ2h0PSI0NTAiIGJhY2tncm91bmQ9Imh0dHA6Ly9pbWFnZS5yYWt1dGVuLmNvLmpwL2FxdWFqZXdlbHJ5L2NhYmluZXQvazIwL3MxMTkyMDgtMi03MDAuanBnIj4KICAgIDx0cj4gCiAgICAgIDx0ZCB3aWR0aD0iMzkyIiBoZWlnaHQ9IjQ1MCIgYWxpZ249InJpZ2h0IiB2YWxpZ249Im1pZGRsZSI+PGI+PGZvbnQgY29sb3I9IiNGRjY2NjYiPiAKICAgICAgICA8L2ZvbnQ+PC9iPjxmb250IHNpemU9IjIiIGNvbG9yPSIjNjY2NjY2Ij48YnI+CiAgICAgICAgPGJyPgogICAgICAgIDwvZm9udD48L3RkPgogICAgICA8dGQgd2lkdGg9IjMwOCI+PGI+PGZvbnQgY29sb3I9IiMwMDMzOTkiPuWHm+OBqOmrmOiytOOBqua3seOBhOODluODq+ODvOOBrjxicj4KICAgICAgICDotIXmsqLjgZnjgY7jgovnhYzjgoHjgY3imaogPGJyIC8+CiAgICAgICAgPC9mb250PjwvYj4gPGZvbnQgc2l6ZT0iMiIgY29sb3I9IiM2NjY2NjYiPiA8YnIgLz4KICAgICAgICDmt7HjgY/jgIHpq5josrTjgarnibnliKXjgarpnZLjga7jgq3jg6njg6Hjgq3jgas8YnIgLz4KICAgICAgICDoqrDjgoLjgYzkuIDnnqzjgavjgZfjgabph5jku5jjgZHjgavjgarjgovjg7vjg7s8YnI+CiAgICAgICAg6a6u54OI44Gq44KL44K744Or44Oq44Ki44Oz44OW44Or44O877yBPGJyPgogICAgICAgIDxiciAvPgogICAgICAgIOS6uuebruOCkuaDueOBhOOBpuOChOOBvuOBquOBhDxiciAvPgogICAgICAgIOODgOOCpOODiuODn+ODg+OCr+OBquODnOODquODpeODvOODoOaEn+OBrjxiciAvPgogICAgICAgIOOCquODvOODkOODq+OCq+ODg+ODiOOCkuS4u+W9ueOBq+OBl+OBpuODu+ODuzxiciAvPgogICAgICAgIOODluODq+ODvOODiOODkeODvOOCuuOBp+i0heayouOBq+ODkeODtOOCp+ODi+ODpeOCouODs+OCueOCkuWKoOOBiOOBnzxiciAvPgogICAgICAgIOWtmOWcqOaEn+OBn+OBo+OBt+OCiuOBruOCt+ODq+ODkOODvOODquODs+OCsOKYhTxiciAvPgogICAgICAgIDxicj4KICAgICAgICDoqJjmhrbjgavmrovjgovjgbvjganprq7ng4jjgas8YnI+CiAgICAgICAg5Yeb44Go44GX44Gf44K744Or44Oq44Ki44Oz44OW44Or44O844KS55m66Imy44GZ44KLPGJyPgogICAgICAgIOW4jOWwkeOBquOAjuODreODs+ODieODs+ODluODq+ODvOODiOODkeODvOOCuuOAj+OBqzxiciAvPgogICAgICAgIOW5uOemj+OCkuOCguOBn+OCieOBmeODluODq+ODvOODiOODkeODvOOCuuOCkjxicj4KICAgICAgICDmg5zjgZfjgb/jgarjgY/jgYLjgZfjgonjgaPjgZ88YnIgLz4KICAgICAgICDjgZPjga7kuIrjgarjgY/otIXmsqLjgarntYTjgb/lkIjjgo/jgZvvvIE8YnI+CiAgICAgICAgPGJyIC8+CiAgICAgICAg44GK5pel5qeY44Gu5a2j56+A44Gr44G044Gj44Gf44KK44GuPGJyIC8+CiAgICAgICAg5riF5ra85oSf44GC44G144KM44KL5a6d55+z44KS44GC44GX44KJ44Gj44GfPGJyIC8+CiAgICAgICAg5aSn57KSw5fjg5Hjg7Tjgqfjga7lpKLjga7jgojjgYbjgarjg4fjgrbjgqTjg7PimIU8YnIgLz4KICAgICAgICA8YnIgLz4KICAgICAgICDjg5Xjg6zjg4Pjgrfjg6Xjgarjgb/jgZrjgb/jgZrjgZfjgZXjgoLjgY/jgozjgos8YnIgLz4KICAgICAgICDlpKfkurrjga7jg6njgrDjgrjjg6XjgqLjg6rjg7zjgarjg5bjg6vjg7zjg6rjg7PjgrDjgIHnmbvloLTjgafjgZnvvIE8L2ZvbnQ+PC90ZD4KICAgIDwvdHI+CiAgPC90YWJsZT4KICA8Yj48c3Ryb25nPjxicj4KICA8L3N0cm9uZz48L2I+PGltZyBzcmM9Imh0dHA6Ly9pbWFnZS5yYWt1dGVuLmNvLmpwL2FxdWFqZXdlbHJ5L2NhYmluZXQvc3cwNi85MDA5MzNfbGluZTIuZ2lmIj48YnI+CiAgPGJyPgogIDx0YWJsZSBib3JkZXI9IjAiIGNlbGxzcGFjaW5nPSI1IiBjZWxscGFkZGluZz0iMCI+CiAgICA8dHI+IAogICAgICA8dGQgd2lkdGg9IjM0NSIgaGVpZ2h0PSIzNDUiIGFsaWduPSJjZW50ZXIiIHZhbGlnbj0idG9wIj4gPGEgaHJlZj0iaHR0cDovL2ltYWdlLnJha3V0ZW4uY28uanAvYXF1YWpld2VscnkvY2FiaW5ldC9rMTUvczExOTIwOC01YS5qcGciPiAKICAgICAgICA8aW1nIHNyYz0iaHR0cDovL3RodW1ibmFpbC5pbWFnZS5yYWt1dGVuLmNvLmpwL0AwX21hbGwvYXF1YWpld2VscnkvY2FiaW5ldC9rMTUvczExOTIwOC01YS5qcGc/X2V4PTMyMHgzMjAiIGJvcmRlcj0iMCI+PC9hPiAKICAgICAgICA8YnI+CiAgICAgICAgPGZvbnQgc2l6ZT0iMiIgY29sb3I9IiM2NjY2NjYiPui0heayouOBmeOBjuOCi+OBu+OBqeWkp+eykuOBruODreODs+ODieODs+ODluODq+ODvOODiOODkeODvOOCuu+8gSA8YnI+CiAgICAgICAg44Kq44O844OQ44Or44Kr44OD44OI44KS44G744Gp44GT44GX44Gf44Kk44Oz44OR44Kv44OI5aSn44Gu5bm444Gb44K444Ol44Ko44Or4pmqIDwvZm9udD48L3RkPgogICAgICA8dGQgd2lkdGg9IjM0NSIgYWxpZ249ImNlbnRlciIgdmFsaWduPSJ0b3AiPiA8YSBocmVmPSJodHRwOi8vaW1hZ2UucmFrdXRlbi5jby5qcC9hcXVhamV3ZWxyeS9jYWJpbmV0L2syMC9zMTE5MjA4LTViLmpwZyI+IAogICAgICAgIDxpbWcgc3JjPSJodHRwOi8vdGh1bWJuYWlsLmltYWdlLnJha3V0ZW4uY28uanAvQDBfbWFsbC9hcXVhamV3ZWxyeS9jYWJpbmV0L2syMC9zMTE5MjA4LTViLmpwZz9fZXg9MzIweDMyMCIgYm9yZGVyPSIwIj48L2E+IAogICAgICAgIDxicj4KICAgICAgICA8Zm9udCBzaXplPSIyIiBjb2xvcj0iIzY2NjY2NiI+6YGg44GP44GL44KJ44Gn44KC6a6u44KE44GL44Gr6KaW57ea44KS44Go44KJ44GI44Gm44GX44G+44GG44O744O7PGJyPgogICAgICAgIOeZveOBhOe0oOiCjOOBq+e+juOBl+OBj+aYoOOBiOOCi+OCu+ODq+ODquOCouODs+ODluODq+ODvOOBrumrmOiytOKYhTwvZm9udD48L3RkPgogICAgPC90cj4KICA8L3RhYmxlPgogIDx0YWJsZSBib3JkZXI9IjAiIGNlbGxzcGFjaW5nPSI1IiBjZWxscGFkZGluZz0iMCI+CiAgICA8dHI+IAogICAgICA8dGQgd2lkdGg9IjM0NSIgaGVpZ2h0PSIzNDUiIGFsaWduPSJjZW50ZXIiIHZhbGlnbj0idG9wIj48YSBocmVmPSJodHRwOi8vaW1hZ2UucmFrdXRlbi5jby5qcC9hcXVhamV3ZWxyeS9jYWJpbmV0L2syMC9zMTE5MjA4LTVjLmpwZyI+IAogICAgICAgIDxpbWcgc3JjPSJodHRwOi8vdGh1bWJuYWlsLmltYWdlLnJha3V0ZW4uY28uanAvQDBfbWFsbC9hcXVhamV3ZWxyeS9jYWJpbmV0L2syMC9zMTE5MjA4LTVjLmpwZz9fZXg9MzIweDMyMCIgYm9yZGVyPSIwIj48L2E+IAogICAgICAgIDxicj4KICAgICAgICA8Zm9udCBzaXplPSIyIiBjb2xvcj0iIzY2NjY2NiI+5aSi6KaL44K044Kz44OB44Gu55+z5L2/44GE77yBPGJyPgogICAgICAgIOODluODq+ODvOOBruOCsOODqeODh+ODvOOCt+ODp+ODs+OBr+eIveOChOOBi+OBp+awl+WTgeOBguOBteOCjOOBvuOBmeKYhTwvZm9udD48L3RkPgogICAgICA8dGQgd2lkdGg9IjM0NSIgYWxpZ249ImNlbnRlciIgdmFsaWduPSJ0b3AiPjxhIGhyZWY9Imh0dHA6Ly9pbWFnZS5yYWt1dGVuLmNvLmpwL2FxdWFqZXdlbHJ5L2NhYmluZXQvazIwL3MxMTkyMDgtNWQuanBnIj4gCiAgICAgICAgPGltZyBzcmM9Imh0dHA6Ly90aHVtYm5haWwuaW1hZ2UucmFrdXRlbi5jby5qcC9AMF9tYWxsL2FxdWFqZXdlbHJ5L2NhYmluZXQvazIwL3MxMTkyMDgtNWQuanBnP19leD0zMjB4MzIwIiBib3JkZXI9IjAiPjwvYT4gCiAgICAgICAgPGJyPgogICAgICAgIDxmb250IHNpemU9IjIiIGNvbG9yPSIjNjY2NjY2Ij7kuKHjgrXjgqTjg4njga/otIXmsqLjgavjg5bjg6vjg7zjg4jjg5Hjg7zjgrrjgpLjg5Hjg7Tjgqfku5Xmp5jjgafjgIE8YnI+CiAgICAgICAg5riF5qWa44Gq44Ki44Kv44K744Oz44OI44KS44OX44Op44K577yBIDwvZm9udD48L3RkPgogICAgPC90cj4KICA8L3RhYmxlPgogIDxiPjxzdHJvbmc+PGJyPgogIDxicj4KICA8YnI+CiAgPC9zdHJvbmc+PC9iPiAKICA8dGFibGUgYm9yZGVyPSIwIiBjZWxsc3BhY2luZz0iMCIgY2VsbHBhZGRpbmc9IjAiIHdpZHRoPSI3MDAiIGhlaWdodD0iNDUwIiBiYWNrZ3JvdW5kPSJodHRwOi8vaW1hZ2UucmFrdXRlbi5jby5qcC9hcXVhamV3ZWxyeS9jYWJpbmV0L2sxNS9zMTE5MjA4LTMtNzAwLmpwZyI+CiAgICA8dHI+IAogICAgICA8dGQgd2lkdGg9IjMwIj4mbmJzcDs8L3RkPgogICAgICA8dGQgd2lkdGg9IjcwMCIgaGVpZ2h0PSI0NTAiIGFsaWduPSJsZWZ0IiB2YWxpZ249Im1pZGRsZSI+PGI+PGZvbnQgY29sb3I9IiMwMDMzOTkiPiAKICAgICAgICDnvo7jgZfjgYTlrZjlnKjmhJ/vvIE8YnI+CiAgICAgICAg5Yeb44Go55yp44GX44GE54m55Yil44Gq6Z2S44CCPGJyPgogICAgICAgIDwvZm9udD48L2I+IDxmb250IHNpemU9IjIiIGNvbG9yPSIjNjY2NjY2Ij4gPGJyPgogICAgICAgIOiJsumuruOChOOBi+OBquODluODq+ODvOODiOODkeODvOOCuuOBruS4reOBp+OCgjxicj4KICAgICAgICDmnIDjgoLmt7HjgY/jgIHprq7jgoTjgYvjgao8YnI+CiAgICAgICAg5pys54mp44Gu6auY6LK044KS44GP44KM44KL54m55Yil44Gq44OW44Or44O8PGJyPgogICAgICAgIOOAjuODreODs+ODieODs+ODluODq+ODvOODiOODkeODvOOCuuOAjzxicj4KICAgICAgICA8YnI+CiAgICAgICAg5rCX6auY44GP5Yeb44Go44GX44Gm44CB44Gq44GK44GL44Gk6Iul44CF44GX44GPPGJyPgogICAgICAgIOeOi+WtkOOChOeOi+Wls+OBrumbsOWbsuawl+OCkuOBn+OBn+OBiOOBn+ODreOCpOODpOODq+OCq+ODqeODvOOBryA8YnI+CiAgICAgICAg5omL5YWD44GL44KJ5rCX6auY44GN576O44GX44GV44KS5ryU5Ye644O744O74pmqPGJyPgogICAgICAgIDxicj4KICAgICAgICDprq7jgoTjgYvjgarjg5bjg6vjg7zjgYzlt67jgZfoibLjgajjgarjgovjgYvjgok8YnI+CiAgICAgICAg5rSX57e044GV44KM44Gf44Ki44Kv44K744Oz44OI5Yq55p6c44KC5pyf5b6F44Gn44GN44Gd44GG77yBIDxicj4KICAgICAgICA8YnI+CiAgICAgICAg44K144Kk44OJ44Gr44Gv5reh44GE44OW44Or44O844OI44OR44O844K644KSPGJyPgogICAgICAgIOi0heayouOBq+aVt+OBjeipsOOCgeOAgTxicj4KICAgICAgICDkuIrlk4Hjgarjg5bjg6vjg7zjga7jg4/jg7zjg6Ljg4vjg7zjgpLlpY/jgafjgb7jgZnjgIIgPGJyPgogICAgICAgIDxicj4KICAgICAgICA8L2ZvbnQ+PC90ZD4KICAgIDwvdHI+CiAgPC90YWJsZT4KICA8Yj48c3Ryb25nPiA8YnI+CiAgPGJyPgogIDxmb250IHNpemU9IjMiIGNvbG9yPSIjMzM5OUZGIj4gPC9mb250Pjxmb250IHNpemU9IjMiIGNvbG9yPSIjMDAzMzk5Ij7pq5josrTjgarpnZLjga7lrp3nn7MgCiAg44CM44Ot44Oz44OJ44Oz44OW44Or44O844OI44OR44O844K644CN44KSPGJyPgogIOeJueWIpeOBquOCq+ODg+ODiOOBqOOAgeeJueWIpeOBquODnOODquODpeODvOODoOOBp+KYhjxicj4KICA8YnI+CiAg44OW44Or44O844OI44OR44O844K644KS44Gf44Gj44G344KK44GC44GX44KJ44Gj44Gf44GL44Gq44KK6LSF5rKi44Gq44K444Ol44Ko44Oq44O844CCPGJyPgogIDxiciAvPgogIOOBk+OBrue+juOBl+OBleOAgeOBjeOBo+OBqOOBguOBquOBn+OCkuiZnOOBq+OBmeOCi+OBr+OBmuOBoOOBi+OCiTxiciAvPgogIOiHquS/oeOCkuaMgeOBo+OBpuOBiuWxiuOBkeOBl+OBvuOBme+8gTwvZm9udD48L3N0cm9uZz48L2I+PGI+PHN0cm9uZz48YnI+CiAgPGZvbnQgc2l6ZT0iMyIgY29sb3I9IiM2NjY2NjYiPjxicj4KICA8L2ZvbnQ+PGltZyBzcmM9Imh0dHA6Ly9pbWFnZS5yYWt1dGVuLmNvLmpwL2FxdWFqZXdlbHJ5L2NhYmluZXQvbG9uZ18xNS9zMTE5MjA4LTcwMGIuanBnIj48Zm9udCBzaXplPSIzIiBjb2xvcj0iIzY2NjY2NiI+PGJyPjxicj4KICA8YnI+CiAgPGZvbnQgY29sb3I9IiNmZjY2NjYiIHNpemU9IjMiPumZkOWumuWVhuWTgeOBruOBn+OCgeOAgeaVsOOBq+mZkOOCiuOBjOOBlOOBluOBhOOBvuOBmeOAgjxiciAvPgogIOWujOWjsuOBrumam+OBr+OBlOS6huaJv+OBj+OBoOOBleOBhOOBvuOBm+OAgjwvZm9udD48L2ZvbnQ+PGJyPjxicj4KICA8YnI+CiAgPGJyPgogIDwvc3Ryb25nPjwvYj4gCiAgCiAgCiAgCgoKPCEtLemWoumAo+ODquODs+OCr+OBk+OBk+OBi+OCiS0tPgo8ZGl2IGNsYXNzPSJrYW5yZW5fbGluayI+CjxwIGNsYXNzPSJrYW5yZW5fdGl0Ij7plqLpgKNJVEVN44Gv44GT44Gh44KJPC9wPgo8dWwgY2xhc3M9InI0Ij4KPGxpPjxhIGhyZWY9Imh0dHA6Ly9pdGVtLnJha3V0ZW4uY28uanAvYXF1YWpld2VscnkvMTE5OTMwLyIgdGFyZ2V0PSJfYmxhbmsiPjxpbWcgc3JjPSJodHRwOi8vaW1hZ2UucmFrdXRlbi5jby5qcC9hcXVhamV3ZWxyeS9jYWJpbmV0L2sxOC9zMTE5OTMwLTItMzAwLmpwZyIgLz48cD7jg63jg7Pjg4njg7Pjg5bjg6vjg7zjg4jjg5Hjg7zjgrrvvJHvvYPvvZTDl+OCuOODq+OCs+ODi+OCouODu+ODj+ODlOODjeOCt+ODo+ODs+OCueODmuODs+ODgOODs+ODiDxwIGNsYXNzPSJidXQiPkNIRUNLPC9wPjwvcD48L2E+PC9saT4KPGxpPjxhIGhyZWY9Imh0dHA6Ly9pdGVtLnJha3V0ZW4uY28uanAvYXF1YWpld2VscnkvMTE0NTgwLyIgdGFyZ2V0PSJfYmxhbmsiPjxpbWcgc3JjPSJodHRwOi8vaW1hZ2UucmFrdXRlbi5jby5qcC9hcXVhamV3ZWxyeS9jYWJpbmV0L2sxOC9zMTE0NTgwLTItMzAwLmpwZyIgLz48cD7jg63jg7Pjg4njg7Pjg5bjg6vjg7zjg4jjg5Hjg7zjgrrDl+OCuOODq+OCs+ODi+OCouODu+ODh+ODpeOCquODiOOCpeOCpOODs+OCq+ODquODs+OCsDxwIGNsYXNzPSJidXQiPkNIRUNLPC9wPjwvcD48L2E+PC9saT4KPGxpPjxhIGhyZWY9Imh0dHA6Ly9pdGVtLnJha3V0ZW4uY28uanAvYXF1YWpld2VscnkvMTIwNjEzLyIgdGFyZ2V0PSJfYmxhbmsiPjxpbWcgc3JjPSJodHRwOi8vaW1hZ2UucmFrdXRlbi5jby5qcC9hcXVhamV3ZWxyeS9jYWJpbmV0L2sxOC9zMTIwNjEzLTItMzAwLmpwZyIgLz48cD7jg63jg7Pjg4njg7Pjg5bjg6vjg7zjg4jjg5Hjg7zjgrrjg7vjgrjjg6vjgrPjg4vjgqLjg7vjgrvjg6zjg5bjg6rjg4bjgqPjg6njgqbjg7Pjg4njg6rjg7PjgrA8cCBjbGFzcz0iYnV0Ij5DSEVDSzwvcD48L3A+PC9hPjwvbGk+CiAgICAgICAgICAgIAo8bGk+PGEgaHJlZj0iaHR0cDovL2l0ZW0ucmFrdXRlbi5jby5qcC9hcXVhamV3ZWxyeS8xMjA2MDYvIiB0YXJnZXQ9Il9ibGFuayI+PGltZyBzcmM9Imh0dHA6Ly9pbWFnZS5yYWt1dGVuLmNvLmpwL2FxdWFqZXdlbHJ5L2NhYmluZXQvazE4L3MxMjA2MDYtMi0zMDAuanBnIiAvPjxwPuODreODs+ODieODs+ODluODq+ODvOODiOODkeODvOOCusOX44K444Or44Kz44OL44Ki44O744K744Os44OW44Oq44OG44Kj44Op44Km44Oz44OJ44Oa44Oz44OA44Oz44OIPHAgY2xhc3M9ImJ1dCI+Q0hFQ0s8L3A+PC9wPjwvYT48L2xpPgogICAgICAgICAgICA8bGk+PGEgaHJlZj0iaHR0cDovL2l0ZW0ucmFrdXRlbi5jby5qcC9hcXVhamV3ZWxyeS8xMTkyMDgvIiB0YXJnZXQ9Il9ibGFuayI+PGltZyBzcmM9Imh0dHA6Ly9pbWFnZS5yYWt1dGVuLmNvLmpwL2FxdWFqZXdlbHJ5L2NhYmluZXQvazE1L3MxMTkyMDgtMi0zMDAuanBnIiAvPjxwPuODreODs+ODieODs+ODluODq+ODvOODiOODkeODvOOCusOX44OW44Or44O844OI44OR44O844K644O744K144Oe44O844OK44Kk44OI44Oq44Oz44KwPHAgY2xhc3M9ImJ1dCI+Q0hFQ0s8L3A+PC9wPjwvYT48L2xpPgo8bGk+PGEgaHJlZj0iaHR0cDovL2l0ZW0ucmFrdXRlbi5jby5qcC9hcXVhamV3ZWxyeS8xMTk5OTEvIiB0YXJnZXQ9Il9ibGFuayI+PGltZyBzcmM9Imh0dHA6Ly9pbWFnZS5yYWt1dGVuLmNvLmpwL2FxdWFqZXdlbHJ5L2NhYmluZXQvazE4L3MxMTk5OTEtMi0zMDAuanBnIiAvPjxwPuODreODs+ODieODs+ODluODq+ODvOODiOODkeODvOOCujJjdMOX44K444Or44Kz44OL44Ki44O744Op44Kw44Oq44K544Oa44Oz44OA44Oz44OIPHAgY2xhc3M9ImJ1dCI+Q0hFQ0s8L3A+PC9wPjwvYT48L2xpPgo8bGk+PGEgaHJlZj0iaHR0cDovL2l0ZW0ucmFrdXRlbi5jby5qcC9hcXVhamV3ZWxyeS8xMjA2MjIvIiB0YXJnZXQ9Il9ibGFuayI+PGltZyBzcmM9Imh0dHA6Ly9pbWFnZS5yYWt1dGVuLmNvLmpwL2FxdWFqZXdlbHJ5L2NhYmluZXQvazE4L3MxMjA2MjItMi0zMDAuanBnIiAvPjxwPuODreODs+ODieODs+ODluODq+ODvOODiOODkeODvOOCuuODu+ODquODpeODvOODleOCo+OCuOODpeOCqOODq+ODquODs+OCsDxwIGNsYXNzPSJidXQiPkNIRUNLPC9wPjwvcD48L2E+PC9saT4KPC91bD4KICAgIAogICAgCiAgICAgPHRhYmxlIHdpZHRoPSI2OTAiIGJvcmRlcj0iMCIgY2VsbHBhZGRpbmc9IjAiIGFsaWduPSJjZW50ZXIiIGNlbGxzcGFjaW5nPSIxMCI+CiAgICAgIDx0ciB2YWxpZ249InRvcCI+CiAgICAgICAgPHRkIGFsaWduPSJyaWdodCI+PGEgaHJlZj0iaHR0cDovL3NlYXJjaC5yYWt1dGVuLmNvLmpwL3NlYXJjaC9pbnNob3AtbWFsbC8lRTMlODMlQUQlRTMlODMlQjMlRTMlODMlODklRTMlODMlQjMlRTMlODMlOTYlRTMlODMlQUIlRTMlODMlQkMlRTMlODMlODglRTMlODMlOTElRTMlODMlQkMlRTMlODIlQkEvLS9mLjMtcC4xLXMuMS1zZi4wLXNpZC4xOTQ2NDctc3QuQS12LjMiIHRhcmdldD0iX2JsYW5rIj4gPGZvbnQgY29sb3I9IiMwMDAwZmYiIHNpemU9IjIiPiZyQXJyOyDjg63jg7Pjg4njg7Pjg5bjg6vjg7zjg4jjg5Hjg7zjgrrjgrjjg6Xjgqjjg6rjg7zjgpLjgoLjgaPjgajopovjgos8L2ZvbnQ+PC9hPjwvdGQ+CiAgICAgIDwvdHI+CiAgPC90YWJsZT4KPC9kaXY+Cgo8IS0t6Zai6YCj44Oq44Oz44Kv44GT44GT44G+44GnLS0+CgoKICAKPC9kaXY+CgoKCjxESVYgQUxJR049IkNFTlRFUiI+PEJSPjxhIGhyZWY9Imh0dHA6Ly9ldmVudC5yYWt1dGVuLmNvLmpwL2FzdXJha3UvYWJvdXQvIiB0YXJnZXQ9Il9ibGFuayI+PGltZyBzcmM9Imh0dHA6Ly9pbWFnZS5yYWt1dGVuLmNvLmpwL2FxdWFqZXdlbHJ5L2NhYmluZXQvdG9wX2ltZy9pbmZvX2RlbGlfdG9zX3Jha3UuZ2lmIiBhbHQ9IiIgYm9yZGVyPSIwIiAvPjwvYT48YnIgLz4gCjxicj4gPGJyPiA8IS0t44GK5bGK44GR44GT44GT44GL44KJLS0+IDxpZnJhbWUgbWFyZ2lud2lkdGg9MCBtYXJnaW5oZWlnaHQ9MCBzcmM9Imh0dHA6Ly93d3cucmFrdXRlbi5uZS5qcC9nb2xkL2FxdWFqZXdlbHJ5L2V2ZW50L2FzdV9pbmZvL2FzdV9pbmZvLmh0bWwiIHdpZHRoPSI2ODAiIGhlaWdodD0iMTAwIiBzY3JvbGxpbmc9Im5vIiAKZnJhbWVib3JkZXI9IjAiPjwvaWZyYW1lPjxicj48L0RJVj48ZGl2IGFsaWduPSJjZW50ZXIiPgo8YnI+CjxJTUcgU1JDPSJodHRwOi8vaW1hZ2UucmFrdXRlbi5jby5qcC9hcXVhamV3ZWxyeS9jYWJpbmV0L2V2ZW50XzAyL3JldmVfbWlnYWtpMi5naWYiIGFsdD0iIj48YnI+PGJyPjwvRElWPgo8SU1HIFNSQz0iaHR0cDovL3RodW1ibmFpbC5pbWFnZS5yYWt1dGVuLmNvLmpwL0AwX21hbGwvYXF1YWpld2VscnkvY2FiaW5ldC90b3BfaW1nL2thZ29pbmZvX3JpbmcuanBnIiBBTFQ9IiIgQk9SREVSPSIwIiAvPjxicj4KPElNRyBTUkM9Imh0dHA6Ly9pbWFnZS5yYWt1dGVuLmNvLmpwL2FxdWFqZXdlbHJ5L2NhYmluZXQvdG9wX2ltZy9pbmZvX3NwNy5naWYiPjxCUj48SU1HIFNSQz0iaHR0cDovL3RodW1ibmFpbC5pbWFnZS5yYWt1dGVuLmNvLmpwL0AwX21hbGwvYXF1YWpld2VscnkvY2FiaW5ldC90b3BfaW1nL2thZ29pbmZvX2dpZnRib3guanBnIiBBTFQ9IiIgQk9SREVSPSIwIiAvPjxicj4KPElNRyBTUkM9Imh0dHA6Ly9pbWFnZS5yYWt1dGVuLmNvLmpwL2FxdWFqZXdlbHJ5L2NhYmluZXQvdG9wX2ltZy9pbmZvX3NwNy5naWYiPjxCUj48aW1nIHNyYz0iaHR0cDovL2ltYWdlLnJha3V0ZW4uY28uanAvYXF1YWpld2VscnkvY2FiaW5ldC9ldi9yaW5fazMuanBnIiBib3JkZXI9IjAiPjxCUj48aW1nIHNyYz0iaHR0cDovL2ltYWdlLnJha3V0ZW4uY28uanAvYXF1YWpld2VscnkvY2FiaW5ldC9ldi9yaW5fazQuanBnIiBib3JkZXI9IjAiPjxCUj48SU1HIFNSQz0iaHR0cDovL3RodW1ibmFpbC5pbWFnZS5yYWt1dGVuLmNvLmpwL0AwX21hbGwvYXF1YWpld2VscnkvY2FiaW5ldC90b3BfaW1nL2thZ29pbmZvX3JhbmtpbmcuanBnIiBBTFQ9IiIgQk9SREVSPSIwIiAvPjxicj4KPElNRyBTUkM9Imh0dHA6Ly9pbWFnZS5yYWt1dGVuLmNvLmpwL2FxdWFqZXdlbHJ5L2NhYmluZXQvdG9wX2ltZy9pbmZvX3NwNy5naWYiPjxCUj48SU1HIFNSQz0iaHR0cDovL2ltYWdlLnJha3V0ZW4uY28uanAvYXF1YWpld2VscnkvY2FiaW5ldC9ldi90aXRsZV8xLmpwZyIgQk9SREVSPSIwIj48QlI+PFRBQkxFIEJPUkRFUkNPTE9SPSNGRkZGRkYgQ0VMTFNQQUNJTkc9MSBDRUxMUEFERElORz01IFdJRFRIPTMwMiAKICAgICAgQkdDT0xPUj0jRkZGRkZGIEJPUkRFUj0xPgogIDxUQk9EWT4gCiAgPFRSIEJPUkRFUkNPTE9SPSNGRkNDQ0MgQkdDT0xPUj0iI0ZGQ0NDQyI+IAogICAgPFREIFZBTElHTj10b3AgV0lEVEg9ODk+PEZPTlQgQ09MT1I9IiMwMDAwMzMiIFNJWkU9IjIiPuOAgOadkOOAgOizqjwvRk9OVD48L1REPgogICAgPFREIFdJRFRIPTE4NCBCR0NPTE9SPSIjRkZGRkZGIj4gPEZPTlQgU0laRT0iMiIgQ09MT1I9IiMwMDAwMDAiPlNJTFZFUjkyNTxicj4KICAgICAg44Ot44K444Km44Og5Yqg5bel5riI44G/PC9GT05UPjwvVEQ+CiAgPC9UUj4KICA8dHIgYm9yZGVyY29sb3I9I0ZGQ0NDQyBiZ2NvbG9yPSIjRkZDQ0NDIj4gCiAgICA8dGQgdmFsaWduPXRvcCB3aWR0aD04OT48Zm9udCBjb2xvcj0iIzAwMDAzMyIgc2l6ZT0iMiI+44CA44K144Kk44K6PC9mb250PjwvdGQ+CiAgICA8dGQgd2lkdGg9MTg0IGJnY29sb3I9IiNGRkZGRkYiPiA8Zm9udCBzaXplPSIyIiBjb2xvcj0iIzAwMDAwMCI+44Ot44Oz44OJ44Oz44OW44Or44O844OI44OR44O844K6PGJyPgogICAgICDjgIDjgqrjg7zjg5Djg6vjg4Hjgqfjgrnjgqvjg4Pjg4g8YnI+CiAgICAgIOOAgOe0hO+8ke+8kcOX77yYbW3jgIDvvJHjg5Tjg7zjgrk8YnI+CiAgICAgIOOAgOioiO+8mue0hO+8k+OCq+ODqeODg+ODiDxicj4KICAgICAg44OW44Or44O844OI44OR44O844K6PGJyPgogICAgICDjgIDjg6njgqbjg7Pjg4njgqvjg4Pjg4g8YnI+CiAgICAgIOOAgOebtOW+hO+8mue0hO+8ke+8ju+8mG1t44CA77yS77yU44OU44O844K5PC9mb250PjwvdGQ+CiAgPC90cj4KICA8VFIgQk9SREVSQ09MT1I9I0ZGQ0NDQyBCR0NPTE9SPSIjRkZDQ0NDIj4gCiAgICA8VEQgVkFMSUdOPXRvcCBXSURUSD04OT48Rk9OVCBDT0xPUj0iIzAwMDAzMyIgU0laRT0iMiI+44CA44K144Kk44K6PC9GT05UPjwvVEQ+CiAgICA8VEQgV0lEVEg9MTg0IEJHQ09MT1I9IiNGRkZGRkYiPiAKICAgICAgPFA+PEZPTlQgU0laRT0iMiIgQ09MT1I9IiMwMDAwMDAiPuW5he+8mue0hO+8k++8ju+8leODvO+8mG1tPEJSPgogICAgICAgIOWOmuOBle+8mue0hO+8ke+8ju+8leODvO+8lm1tPC9GT05UPjwvUD4KICAgIDwvVEQ+CiAgPC9UUj4KICA8VFIgQk9SREVSQ09MT1I9I0ZGQ0NDQyBCR0NPTE9SPSIjRkZDQ0NDIj4gCiAgICA8VEQgVkFMSUdOPXRvcCBXSURUSD04OT48Rk9OVCBDT0xPUj0iIzAwMDAzMyIgU0laRT0iMiI+44CA44K144Kk44K6PC9GT05UPjwvVEQ+CiAgICA8VEQgV0lEVEg9MTg0IEJHQ09MT1I9IiNGRkZGRkYiPjxmb250IHNpemU9IjIiIGNvbG9yPSIjMDAwMDAwIj7vvJnlj7fjgIHvvJHvvJHlj7fjgIHvvJHvvJPlj7fjgIHvvJHvvJXlj7fjgIHvvJHvvJflj7c8L2ZvbnQ+PC9URD4KICA8L1RSPgogIDwvVEJPRFk+IAo8L1RBQkxFPjxCUj48aW1nIHNyYz0iaHR0cDovL2ltYWdlLnJha3V0ZW4uY28uanAvYXF1YWpld2VscnkvY2FiaW5ldC9ldi9ub3VraV9rLmpwZyIgYm9yZGVyPSIwIj48QlI+PGltZyBzcmM9Imh0dHA6Ly9pbWFnZS5yYWt1dGVuLmNvLmpwL2FxdWFqZXdlbHJ5L2NhYmluZXQvZXYvaGFpc291X2suanBnIiBib3JkZXI9IjAiPjxCUj48aW1nIHNyYz0iaHR0cDovL2ltYWdlLnJha3V0ZW4uY28uanAvYXF1YWpld2VscnkvY2FiaW5ldC9ldi9vc2loYXJhaV9rLmpwZyIgYm9yZGVyPSIwIj48QlI+PGltZyBzcmM9Imh0dHA6Ly9pbWFnZS5yYWt1dGVuLmNvLmpwL2FxdWFqZXdlbHJ5L2NhYmluZXQvZXYveW9iaV8xLmpwZyIgYm9yZGVyPSIwIj48QlI+PGltZyBzcmM9Imh0dHA6Ly9pbWFnZS5yYWt1dGVuLmNvLmpwL2FxdWFqZXdlbHJ5L2NhYmluZXQvZXYveW9iaV8yLmpwZyIgYm9yZGVyPSIwIj48QlI+PGltZyBzcmM9Imh0dHA6Ly9pbWFnZS5yYWt1dGVuLmNvLmpwL2FxdWFqZXdlbHJ5L2NhYmluZXQvZXYveW9iaV8zLmpwZyIgYm9yZGVyPSIwIj48QlI+PHRhYmxlIHdpZHRoPSI3MjAiPiA8dGJvZHk+IDx0cj4gPHRkPjxmb250IGNvbG9yPSIjQ0MwMDAwIiBzaXplPSIyIj7igLvopIfmlbDjga7llYblk4HjgpLjgZTos7zlhaXjga7loLTlkIjjgIHjgrfjgrnjg4bjg6DkuIox55Wq57SN5pyf44Gu6YGF44GE5ZWG5ZOB44Gr5ZCI44KP44Gb44Gm44Gu5Ye66I2344Go44Gq44KK44G+44GZ44CCPGJyPgrjgIAg44GK5oCl44GO44Gu6Zqb44Gv44CB44GK6LK344GE54mp44Kr44K044KS5YiG44GR44Gm44GU5rOo5paH44GV44KM44KL44GT44Go44KS44GK44GZ44GZ44KB44GX44Gm44GE44G+44GZ44CCPC9mb250PjwvdGQ+IDwvdHI+IDwvdGJvZHk+IDwvdGFibGU+,44OI44OR44O844K6IOODquODs+OCsC/jg6rjg7PjgrAg44Os44OH44Kj44O844K5L+WQiOioiO+8k+OCq+ODqeODg+ODiOOBruOCpOODs+ODkeOCr+ODiO+8geWkp+eykiZ0aW1lczvjg5Hjg7Tjgqfjga7jg4jjg5Hjg7zjgrrjg6rjg7PjgrDimIXjgIzjg63jg7Pjg4njg7Pjg5bjg6vjg7zjg4jjg5Hjg7zjgromdGltZXM744OW44Or44O844OI44OR44O844K644O744K144Oe44O844OK44Kk44OI44Oq44Oz44Kw44CN44CQ5Zyo5bqr44GC44KK5pmC44GC44GZ5qW95a++5b+c44CR77ya44GE44GE44KC44Gu44GC44KL44KI44CC44Ki44Kv44Ki44K444Ol44Ko44Oq44O8,44K444Ol44Ko44Oq44O844Oc44OD44Kv44K544Os44OH44Kj44O844K5IOODjeODg+OCr+ODrOOCueaMh+i8qiDjg6zjg4fjgqPjg7zjgrnjgqrjg5Hjg7zjg6sg44ON44OD44Kv44Os44K544OI44OR44O844K644ON44Kz44CA44ON44OD44Kv44Os44K544Ot44O844K644Kv44Kp44O844OEIOODjeODg+OCr+ODrOOCueOCquODkeODvOODqyDjg6rjg7PjgrDjg63jg7Pjg4njg7Pjg5bjg6vjg7zjg4jjg5Hjg7zjgrrjgqLjg6Hjgrjjgrnjg4jjgr/jg7Pjgrbjg4rjgqTjg4jjgqzjg7zjg43jg4Pjg4jjg6vjg5Pjg7zjg5TjgqLjgrkg44Os44OH44Kj44O844K544OR44Op44Kk44OQ44OI44Or44Oe44Oq44Oz44Ko44OB44Kq44OU44Ki44Kq44OR44O844Or6Kiz44GC44KK44Kr44Op44O844K544OI44O844Oz44K444Or44Kz44OL44KiIOODquODs+OCsOODluODq+ODvOODiOODkeODvOOCuuODiOODkeODvOOCuiDjg6rjg7PjgrAv44Oq44Oz44KwIOODrOODh+OCo+ODvOOCuS/lkIjoqIjvvJPjgqvjg6njg4Pjg4jjga7jgqTjg7Pjg5Hjgq/jg4jvvIHlpKfnspImdGltZXM744OR44O044Kn44Gu44OI44OR44O844K644Oq44Oz44Kw4piF44CM44Ot44Oz44OJ44Oz44OW44Or44O844OI44OR44O844K6JnRpbWVzO+ODluODq+ODvOODiOODkeODvOOCuuODu+OCteODnuODvOODiuOCpOODiOODquODs+OCsOOAjeOAkOWcqOW6q+OBguOCiuaZguOBguOBmealveWvvuW/nOOAkQ==,44OI44OR44O844K6IOODquODs+OCsC/jg6rjg7PjgrAg44Os44OH44Kj44O844K5L+OAguODiOODkeODvOOCuiDjg6rjg7PjgrAv44Oq44Oz44KwIOODrOODh+OCo+ODvOOCuS/lkIjoqIjvvJPjgqvjg6njg4Pjg4jjga7jgqTjg7Pjg5Hjgq/jg4jvvIHlpKfnspImdGltZXM744OR44O044Kn44Gu44OI44OR44O844K644Oq44Oz44Kw4piF44CM44Ot44Oz44OJ44Oz44OW44Or44O844OI44OR44O844K6JnRpbWVzO+ODluODq+ODvOODiOODkeODvOOCuuODu+OCteODnuODvOODiuOCpOODiOODquODs+OCsOOAjeOAkOWcqOW6q+OBguOCiuaZguOBguOBmealveWvvuW/nOOAkQ==[rn]
39-1008,aHR0cDovL3RzaG9wLnIxMHMuanAvamV3ZWxyeS1kZXZhcy9jYWJpbmV0L2l0ZW1zL21sLXIwMTktMDAxLmpwZz9maXRpbj03MDA6NzAw,MTM4MjQuMDAwMA==,,44K444Ol44Ko44Oq44O844O744Ki44Kv44K744K144Oq44O8ID4g44Os44OH44Kj44O844K544K444Ol44Ko44Oq44O844O744Ki44Kv44K744K144Oq44O8ID4g5oyH6Lyq44O744Oq44Oz44Kw,SzE4IOOCtOODvOODq+ODiSDjg6rjg7PjgrAg44OU44Oz44Kt44O844Oq44Oz44KwIOaMh+i8qiByaW5nIGdvbGQgMThrIOmHjeOBreOBpeOBkQ==,MeWPt+OBi+OCieijveS9nOWPr+iDvSDjg5Tjg7Pjgq3jg7zjg6rjg7PjgrBbSzE444K044O844Or44OJXQ==,PHRhYmxlIHdpZHRoPSI3MjAiIGNlbGxzcGFjaW5nPSIwIiBjZWxscGFkZGluZz0iMCI+Cjx0cj4KPHRkPjxpbWcgc3JjPSJodHRwczovL2ltYWdlLnJha3V0ZW4uY28uanAvamV3ZWxyeS1kZXZhcy9jYWJpbmV0L2l0ZW1zMy9tbC1yMDE5LTAyLmpwZyIgd2lkdGg9IjcyMCIgaGVpZ2h0PSI1NTAiIC8+PC90ZD4KPC90cj4KPHRyPgo8dGQgaGVpZ2h0PSIzMiI+Jm5ic3A7PC90ZD4KPC90cj4KPHRyPgo8dGQ+PGltZyBzcmM9Imh0dHBzOi8vaW1hZ2UucmFrdXRlbi5jby5qcC9qZXdlbHJ5LWRldmFzL2NhYmluZXQvaXRlbXMzL21sLXIwMTktMDNfMDEuanBnIiB3aWR0aD0iNzIwIiBoZWlnaHQ9IjUyMCIgLz48L3RkPgo8L3RyPgo8dHI+Cjx0ZD48aW1nIHNyYz0iaHR0cHM6Ly9pbWFnZS5yYWt1dGVuLmNvLmpwL2pld2VscnktZGV2YXMvY2FiaW5ldC9pdGVtczMvbWwtcjAxOS0wM18wMi5qcGciIHdpZHRoPSI3MjAiIGhlaWdodD0iMjAwIiAvPjwvdGQ+CjwvdHI+Cjx0cj4KPHRkIGhlaWdodD0iNTAiPiZuYnNwOzwvdGQ+CjwvdHI+Cjx0cj4KPHRkPjxpbWcgc3JjPSJodHRwczovL2ltYWdlLnJha3V0ZW4uY28uanAvamV3ZWxyeS1kZXZhcy9jYWJpbmV0L2l0ZW1zMy9tbC1yMDE5LTA0XzAxLmpwZyIgd2lkdGg9IjcyMCIgaGVpZ2h0PSIzNjAiIC8+PC90ZD4KPC90cj4KPHRyPgo8dGQ+PGltZyBzcmM9Imh0dHBzOi8vaW1hZ2UucmFrdXRlbi5jby5qcC9qZXdlbHJ5LWRldmFzL2NhYmluZXQvaXRlbXMzL21sLXIwMTktMDRfMDIuanBnIiB3aWR0aD0iNzIwIiBoZWlnaHQ9IjQwIiAvPjwvdGQ+CjwvdHI+Cjx0cj4KPHRkIGhlaWdodD0iMzIiPiZuYnNwOzwvdGQ+CjwvdHI+Cjx0cj4KPHRkPjxpbWcgc3JjPSJodHRwczovL2ltYWdlLnJha3V0ZW4uY28uanAvamV3ZWxyeS1kZXZhcy9jYWJpbmV0L2l0ZW1zMy9tbC1yMDE5LTA1XzAxLmpwZyIgd2lkdGg9IjcyMCIgaGVpZ2h0PSIzNjAiIC8+PC90ZD4KPC90cj4gCjx0cj4KPHRkPjxpbWcgc3JjPSJodHRwczovL2ltYWdlLnJha3V0ZW4uY28uanAvamV3ZWxyeS1kZXZhcy9jYWJpbmV0L2l0ZW1zMy9tbC1yMDE5LTA1XzAyLmpwZyIgd2lkdGg9IjcyMCIgaGVpZ2h0PSI0MCIgLz48L3RkPgo8L3RyPgo8dHI+Cjx0ZCBoZWlnaHQ9IjMyIj4mbmJzcDs8L3RkPgo8L3RyPgo8dHI+Cjx0ZD48aW1nIHNyYz0iaHR0cHM6Ly9pbWFnZS5yYWt1dGVuLmNvLmpwL2pld2VscnktZGV2YXMvY2FiaW5ldC9pdGVtczMvbWwtcjAxOS0wNl8wMS5qcGciIHdpZHRoPSI3MjAiIGhlaWdodD0iMzYwIiAvPjwvdGQ+CjwvdHI+Cjx0cj4KPHRkPjxpbWcgc3JjPSJodHRwczovL2ltYWdlLnJha3V0ZW4uY28uanAvamV3ZWxyeS1kZXZhcy9jYWJpbmV0L2l0ZW1zMy9tbC1yMDE5LTA2XzAyLmpwZyIgd2lkdGg9IjcyMCIgaGVpZ2h0PSI3MCIgLz48L3RkPgo8L3RyPgo8dHI+Cjx0ZCBoZWlnaHQ9IjMyIj4mbmJzcDs8L3RkPgo8L3RyPgo8dHI+Cjx0ZD48aW1nIHNyYz0iaHR0cHM6Ly9pbWFnZS5yYWt1dGVuLmNvLmpwL2pld2VscnktZGV2YXMvY2FiaW5ldC9pdGVtczMvbWwtcjAxOS0wN18wMS5qcGciIHdpZHRoPSI3MjAiIGhlaWdodD0iMzYwIiAvPjwvdGQ+CjwvdHI+Cjx0cj4KPHRkPjxpbWcgc3JjPSJodHRwczovL2ltYWdlLnJha3V0ZW4uY28uanAvamV3ZWxyeS1kZXZhcy9jYWJpbmV0L2l0ZW1zMy9tbC1yMDE5LTA3XzAyLmpwZyIgd2lkdGg9IjcyMCIgaGVpZ2h0PSIyMjAiIC8+PC90ZD4KPC90cj4KPHRyPgo8dGQgaGVpZ2h0PSI1MCI+Jm5ic3A7PC90ZD4KPC90cj4KPHRyPgo8dGQ+PGltZyBzcmM9Imh0dHBzOi8vaW1hZ2UucmFrdXRlbi5jby5qcC9qZXdlbHJ5LWRldmFzL2NhYmluZXQvaXRlbXMzL21sLXIwMTktbTFfMDEuanBnIiB3aWR0aD0iNzIwIiBoZWlnaHQ9IjU1MCIgLz48L3RkPgo8L3RyPiAKPHRyPgo8dGQ+PGltZyBzcmM9Imh0dHBzOi8vaW1hZ2UucmFrdXRlbi5jby5qcC9qZXdlbHJ5LWRldmFzL2NhYmluZXQvaXRlbXMzL21sLXIwMTktbTFfMDIuanBnIiB3aWR0aD0iNzIwIiBoZWlnaHQ9IjI1MCIgLz48L3RkPgo8L3RyPiAKPHRyPgo8dGQgaGVpZ2h0PSI1MCI+Jm5ic3A7PC90ZD4KPC90cj4KPHRyPgo8dGQ+PGltZyBzcmM9Imh0dHBzOi8vaW1hZ2UucmFrdXRlbi5jby5qcC9qZXdlbHJ5LWRldmFzL2NhYmluZXQvaXRlbXMzL21sLXIwMTktbTIuanBnIiB3aWR0aD0iNzIwIiBoZWlnaHQ9IjU1MCIgLz48L3RkPgo8L3RyPiAKPC90YWJsZT4KPGJyPgo8YnI+Cjxicj4KPGltZyBzcmM9Imh0dHBzOi8vaW1hZ2UucmFrdXRlbi5jby5qcC9qZXdlbHJ5LWRldmFzL2NhYmluZXQvaXRlbXMyL3BhcnRzL3JpbmdfaW1pLmpwZyIgd2lkdGg9IjcyMCIgaGVpZ2h0PSIzNjAiPgo8YnI+Cjxicj4KPHRhYmxlIHdpZHRoPSI3MjAiIGJvcmRlcj0iMCIgY2VsbHBhZGRpbmc9IjIwIiBjZWxsc3BhY2luZz0iMSIgYmdjb2xvcj0iI2Q3ZDNjZSI+Cjx0cj4KPHRkIGJnY29sb3I9IiNmZmZmZmYiPgo8Zm9udCBjb2xvcj0iIzY2NjY2NiIgc2l6ZT0iLTEiIHN0eWxlPSJsaW5lLWhlaWdodDoxOHB4Ij4KSzE4IOOCtOODvOODq+ODieOBruWcsOmHkeOBruOBv+OBp+S9nOOBo+OBn+OAgeeEoeapn+izquOBquWbm+inkuOBhERldGFpbOOBjOmAo+OBquOBo+OBn+OAgeWAi+aAp+eahOOBquODh+OCtuOCpOODs+OAgjxicj4K57Sw6Lqr44Gq44GM44KJ44KC44GX44Gj44GL44KK44Go5Y6a44G/44Gu44GC44KL44Oq44Oz44Kw44Gv44CB44GV44KK44GS44Gq44GE5aSn5Lq644Gu44Kq44K344Oj44Os44Gr5pyA6YGp44Gn44GZ44CCPGJyPgrjgb7jgZ/jgIEg44K044O844Or44OJ44GM5pys5p2l5oyB44Gk6Lyd44GN44Go44CB5YCL5oCn55qE44Gq44OH44K244Kk44Oz44GM5oyH5YWD44KS5LiK5ZOB44Gr5ryU5Ye644GE44Gf44GX44G+44GZ44CCPGJyPgrlhajjgaYxOOmHkeOCkueUqOOBhOOBn+Wkp+S6uuOBruaZruauteS9v+OBhOOCouOCr+OCu+OCteODquODvOOBqOOBl+OBpuOAgeacrOeJqeOBruOCuOODpeOCqOODquODvOOCkuOBiualveOBl+OBv+OBj+OBoOOBleOBhOOAgiA8L2ZvbnQ+PC90ZD4KPC90cj4KPC90YWJsZT4KPGJyPgo8dGFibGUgd2lkdGg9IjcyMCIgYm9yZGVyPSIwIiBjZWxscGFkZGluZz0iMTAiIGNlbGxzcGFjaW5nPSIxIiBiZ2NvbG9yPSIjY2NjY2NjIj4KICA8dHI+CiAgICA8dGQgY29sc3Bhbj0iMiIgYWxpZ249ImNlbnRlciIgYmdjb2xvcj0iI0Q3RDNDRSI+PGZvbnQgY29sb3I9IiMwMDAwMDAiIHNpemU9Ii0xIj7oqbPntLA8L2ZvbnQ+PC90ZD4KICA8L3RyPgogIDx0cj4KPHRkIGJnY29sb3I9IiNGOUYzRTkiPjxmb250IGNvbG9yPSIjMzMzMzMzIiBzaXplPSItMSI+44Oq44Oz44KwPC9mb250PjwvdGQ+CiAgPHRkIGJnY29sb3I9IiNmZmZmZmYiPjxwPjxmb250IGNvbG9yPSIjMzMzMzMzIiBzaXplPSItMSI+5bmFMS42bW08QlI+CuWOmuOBvzEuNW1tPC9mb250PjwvcD48L3RkPgogIDwvdHI+CiAgPHRyPgogICAgPHRkIHdpZHRoPSIxNjQiIGJnY29sb3I9IiNGOUYzRTkiPjxmb250IGNvbG9yPSIjMzMzMzMzIiBzaXplPSItMSI+5bGV6ZaL44K144Kk44K6PC9mb250PjwvdGQ+CiAgICA8dGQgd2lkdGg9IjUxMyIgYmdjb2xvcj0iI2ZmZmZmZiI+PHA+PGZvbnQgY29sb3I9IiMzMzMzMzMiIHNpemU9Ii0xIj4KMeWPt+ODuzLlj7fjg7sz5Y+344O7NOWPt+ODuzXlj7c8QlI+Cjxmb250IGNvbG9yPSIjRkYwMDAwIj425Y+344O7N+WPt+ODuzjlj7fjgIDjgJDliKXpgJQxMDAw5YaG6L+95Yqg44Go44Gq44KK44G+44GZ44CRPC9mb250PjxCUj4KPGZvbnQgY29sb3I9IiNGRjAwMDAiPjnlj7fjg7sxMOWPt+ODuzEx5Y+3PC9mb250PiA8Zm9udCBjb2xvcj0iI0ZGMDAwMCI+44CQ5Yil6YCUMTUwMOWGhui/veWKoOOBqOOBquOCiuOBvuOBmeOAkTwvZm9udD48QlI+Cjxmb250IGNvbG9yPSIjRkYwMDAwIj4xMuWPt+ODuzEz5Y+344O7MTTlj7fjg7sxNeWPt+OAgOOAkOWIpemAlDIwMDDlhobov73liqDjgajjgarjgorjgb7jgZnjgJE8L2ZvbnQ+PEJSPgo8QlI+CuOBlOazqOaWh+aZguOBlOW4jOacm+OCteOCpOOCuuOCkuOBiumBuOOBs+S4i+OBleOBhOOAgjxCUj4KPEJSPgo25Y+35Lul5LiK44Gu5Yil6YCU6L+95Yqg6YeR6aGN44Gu6YeR6aGN44Gu5L+u5q2j44Gv44CB44GU5rOo5paH56K66KqN5pmC44Gr5aSJ5pu044GV44Gb44Gm6aCC44GN44G+44GZ44CCPGJyPgo8YnI+Cjxicj4K4oC76L+95Yqg5Luj6YeR44Gv44CQ56iO5Yil44CR44Gu6KGo6KiY44Go44Gq44KK44G+44GZ44CCPGJyPgo8YnI+CuOBvuOBn+OAgei/veWKoOS7o+mHkeOBr+W9k+W6l+OBlOazqOaWh+eiuuiqjeW+jOOBq+aJi+WLleOBp+WKoOeul+OBl+OBvuOBmeOBruOBp+OAgTxicj7jgYrosrfjgYTnianjgYvjgZTnrYnjga7nlLvpnaLjgafjga/lkIjoqIjph5HpoY3jgavliqDnrpfjgZXjgozjgb7jgZvjgpPjga7jgafjgIHkuojjgoHjgZTkuobmib/jgY/jgaDjgZXjgYTjgb7jgZvjgII8L2ZvbnQ+PC9wPjwvdGQ+CiAgPC90cj4KICA8dHI+Cjx0ZCBoZWlnaHQ9IjQ1IiBiZ2NvbG9yPSIjRjlGM0U5Ij7ntKDmnZA8L3RkPgogIDx0ZCBiZ2NvbG9yPSIjZmZmZmZmIj48cD48Zm9udCBjb2xvcj0iMzMzMzMzIiBzaXplPSItMSI+SzE444K044O844Or44OJPC9mb250PjwvcD4gICAgPC90ZD4KICA8L3RyPgogIDx0cj4KICAgIDx0ZCBoZWlnaHQ9IjQ1IiBiZ2NvbG9yPSIjRjlGM0U5Ij48Zm9udCBjb2xvcj0iIzMzMzMzMyIgc2l6ZT0iLTEiPumAgeaWmTwvZm9udD48L3RkPgogICAgPHRkIGJnY29sb3I9IiNmZmZmZmYiPjxmb250IGNvbG9yPSIjMzMzMzMzIiBzaXplPSItMSI+44GT44Gh44KJ44Gu5ZWG5ZOB44Gv5YWo5Zu96YCB5paZ54Sh5paZPC9mb250Pgo8L3RkPgogIDwvdHI+Cjx0cj4KPHRkIGhlaWdodD0iNDQiIGJnY29sb3I9IiNGOUYzRTkiPjxmb250IGNvbG9yPSIjMzMzMzMzIiBzaXplPSItMSI+MC415Y+35Yi744G/44Gn44Gu55Sf55Sj44Gr44Gk44GE44GmPC9mb250PjwvdGQ+Cjx0ZCBiZ2NvbG9yPSIjZmZmZmZmIj48Zm9udCBjb2xvcj0iIzMzMzMzMyIgc2l6ZT0iLTEiPuW9k+W6l+OBp+OBr+OBiuWuouanmOOBq+WwkeOBl+OBp+OCguOCuOODo+OCueODiOOCteOCpOOCuuOBp+ODquODs+OCsOOCkuOBiuedgOOBkeOBhOOBn+OBoOOBjeOBn+OBj+OAgTxicj4KMC415Y+344K144Kk44K644Gn44Gu44GU5rOo5paH44KC5om/44Gj44Gm44GK44KK44G+44GZ44CCPGJyPgo8YnI+CuKAu+WIpeazqOOCteOCpOOCuueUn+eUo+OBqOOBquOCiuOBvuOBmeOBruOBp+OAgeOCteOCpOOCuuS6pOaPm+OBr+OBiuWPl+OBkeiHtOOBl+OBi+OBreOBvuOBmeOAgjxicj4KPGJyPgrigLvjgZTms6jmlofmmYLjga7lgpnogIPmrITjgavjgIHjgZTluIzmnJvjga7jgrXjgqTjgrrjgpLoqJjovInjgYrpoZjjgYToh7TjgZfjgb7jgZnjgII8YnI+Cjxicj4K4oC75Yil6YCU6L+95Yqg5Luj6YeR44Gr44Gk44GN44G+44GX44Gm44Gv44CBMC415Y+35LiK44Gu44K144Kk44K644Gr5rqW44GY44G+44GZ44CCPGJyPgoo5L6LOjUuNeWPt+OBr+WIpemAlOi/veWKoOS7o+mHkTEwMDDlhobjgIE4LjXlj7fjga/liKXpgJTov73liqDku6Pph5ExNTAw5YaGKTwvZm9udD48L3RkPgo8L3RyPgo8L3RhYmxlPgo8YnI+Cjxicj4KPHRhYmxlIHdpZHRoPSI3MjAiIGhlaWdodD0iMzg2IiBib3JkZXI9IjAiIGNlbGxwYWRkaW5nPSIwIiBjZWxsc3BhY2luZz0iMCI+Cjx0cj4KPHRkIGNvbHNwYW49IjciPgo8aW1nIHNyYz0iaHR0cHM6Ly9pbWFnZS5yYWt1dGVuLmNvLmpwL2pld2VscnktZGV2YXMvY2FiaW5ldC9pdGVtczIvcGFydHMva2FuLW1pZGFzaGkuanBnIiB3aWR0aD0iNzIwIiBoZWlnaHQ9IjQ5IiBhbHQ9IiI+PC90ZD4KPC90cj4KPHRyPgo8dGQgaGVpZ2h0PSIyNjUiIHdpZHRoPSIxMCI+Jm5ic3A7PC90ZD4KPHRkPjxpbWcgc3JjPSJodHRwczovL2ltYWdlLnJha3V0ZW4uY28uanAvamV3ZWxyeS1kZXZhcy9jYWJpbmV0L2l0ZW1zMi9wYXJ0cy9rYW4tMDE5Z2Qtcy5qcGciIHdpZHRoPSIxOTUiIGhlaWdodD0iMTk4IiAvPjxicj4KPGJyPgo8Zm9udCBjb2xvcj0iIzY2NjY2NiIgc2l6ZT0iLTEiIHN0eWxlPSJsaW5lLWhlaWdodDoxOHB4Ij4K4pag44K044O844Or44OJKOW9k+ODmuODvOOCuCk8YnI+CiZuYnNwOzxicj4KJm5ic3A7PGJyPgo8L2ZvbnQ+CjwvdGQ+Cjx0ZD48aW1nIHNyYz0iaHR0cHM6Ly9pbWFnZS5yYWt1dGVuLmNvLmpwL2pld2VscnktZGV2YXMvY2FiaW5ldC9pdGVtczIvcGFydHMva2FuLWxpbmUxLmpwZyIgd2lkdGg9IjU4IiBoZWlnaHQ9IjI2MCIgYWx0PSIiIC8+PC90ZD4KPHRkPjxpbWcgc3JjPSJodHRwczovL2ltYWdlLnJha3V0ZW4uY28uanAvamV3ZWxyeS1kZXZhcy9jYWJpbmV0L2l0ZW1zMi9wYXJ0cy9rYW4tMDE5Z2QtbS5qcGciIHdpZHRoPSIxOTUiIGhlaWdodD0iMTk4IiBhbHQ9IiIgLz48YnI+Cjxicj4KPGZvbnQgY29sb3I9IiM2NjY2NjYiIHNpemU9Ii0xIiBzdHlsZT0ibGluZS1oZWlnaHQ6MThweCI+CjxhIGhyZWY9Imh0dHBzOi8vaXRlbS5yYWt1dGVuLmNvLmpwL2pld2VscnktZGV2YXMvbWwtcjAxOS1tLWdkLyIgdGFyZ2V0PSJfYmxhbmsiPuKWoOOCtOODvOODq+ODieOBr+OBk+OBoeOCiTwvYT48YnI+CjxhIGhyZWY9Imh0dHBzOi8vaXRlbS5yYWt1dGVuLmNvLmpwL2pld2VscnktZGV2YXMvbWwtcjAxOS1tLXdnLyIgdGFyZ2V0PSJfYmxhbmsiPuKWoOODm+ODr+OCpOODiOOCtOODvOODq+ODieOBr+OBk+OBoeOCiTwvYT48YnI+CjxhIGhyZWY9Imh0dHBzOi8vaXRlbS5yYWt1dGVuLmNvLmpwL2pld2VscnktZGV2YXMvbWwtcjAxOS1tLXBnLyIgdGFyZ2V0PSJfYmxhbmsiPuKWoOODlOODs+OCr+OCtOODvOODq+ODieOBr+OBk+OBoeOCiTwvYT48L2ZvbnQ+PC90ZD4KPHRkPjxpbWcgc3JjPSJodHRwczovL2ltYWdlLnJha3V0ZW4uY28uanAvamV3ZWxyeS1kZXZhcy9jYWJpbmV0L2l0ZW1zMi9wYXJ0cy9rYW4tbGluZTIuanBnIiB3aWR0aD0iNTciIGhlaWdodD0iMjYwIiBhbHQ9IiIgLz48L3RkPgo8dGQ+PGltZyBzcmM9Imh0dHBzOi8vaW1hZ2UucmFrdXRlbi5jby5qcC9qZXdlbHJ5LWRldmFzL2NhYmluZXQvaXRlbXMyL3BhcnRzL2thbi0wMTlnZC1sLmpwZyIgd2lkdGg9IjE5NSIgaGVpZ2h0PSIxOTgiIGFsdD0iIiAvPjxicj4KPGJyPgo8Zm9udCBjb2xvcj0iIzY2NjY2NiIgc2l6ZT0iLTEiIHN0eWxlPSJsaW5lLWhlaWdodDoxOHB4Ij4KPGEgaHJlZj0iaHR0cHM6Ly9pdGVtLnJha3V0ZW4uY28uanAvamV3ZWxyeS1kZXZhcy9tbC1yMDE5LWwtZ2QvIiB0YXJnZXQ9Il9ibGFuayI+4pag44K044O844Or44OJ44Gv44GT44Gh44KJPC9hPjxicj4KPGEgaHJlZj0iaHR0cHM6Ly9pdGVtLnJha3V0ZW4uY28uanAvamV3ZWxyeS1kZXZhcy9tbC1yMDE5LWwtd2cvIiB0YXJnZXQ9Il9ibGFuayI+4pag44Ob44Ov44Kk44OI44K044O844Or44OJ44Gv44GT44Gh44KJPC9hPjxicj4KPGEgaHJlZj0iaHR0cHM6Ly9pdGVtLnJha3V0ZW4uY28uanAvamV3ZWxyeS1kZXZhcy9tbC1yMDE5LWwtcGcvIiB0YXJnZXQ9Il9ibGFuayI+4pag44OU44Oz44Kv44K044O844Or44OJ44Gv44GT44Gh44KJPC9hPjwvZm9udD48L3RkPgo8dGQgaGVpZ2h0PSIyNjUiIHdpZHRoPSIxMCI+Jm5ic3A7PC90ZD4KPC90cj4KPHRyPgo8dGQgY29sc3Bhbj0iNyI+Jm5ic3A7PC90ZD4KPC90cj4KPHRyPgo8dGQgY29sc3Bhbj0iNyI+PGEgaHJlZj0iaHR0cHM6Ly9pdGVtLnJha3V0ZW4uY28uanAvamV3ZWxyeS1kZXZhcy9tbC1yMDE5cGFpci8iIHRhcmdldD0iX2JsYW5rIj48aW1nIHNyYz0iaHR0cHM6Ly9pbWFnZS5yYWt1dGVuLmNvLmpwL2pld2VscnktZGV2YXMvY2FiaW5ldC9pdGVtczIvcGFydHMva2FuLXIwMTlwYWlyLWdkcGcuanBnIiB3aWR0aD0iNzIwIiBoZWlnaHQ9IjEwOSIgYm9yZGVyPSIwIiAvPjwvYT48L3RkPgo8L3RyPgo8L3RhYmxlPgo8YnI+Cjxicj4KPGJyPgo8YnI+Cjx0YWJsZSB3aWR0aD0iNzIwIiBib3JkZXI9IjAiIGNlbGxwYWRkaW5nPSIwIiBjZWxsc3BhY2luZz0iMCI+Cjx0cj4KPHRkPjxpbWcgc3JjPSJodHRwczovL2ltYWdlLnJha3V0ZW4uY28uanAvamV3ZWxyeS1kZXZhcy9jYWJpbmV0L2l0ZW1zMi9wYXJ0cy9vcF9taWRhc2hpLmpwZyIgd2lkdGg9IjcyMCIgaGVpZ2h0PSIxMDAiIC8+PC90ZD4KPC90cj4KPHRyPgo8dGQ+PGltZyBzcmM9Imh0dHBzOi8vaW1hZ2UucmFrdXRlbi5jby5qcC9qZXdlbHJ5LWRldmFzL2NhYmluZXQvaXRlbXMvbWwtcjAxMHBhaXItMDA5YWxsMi5qcGciIHdpZHRoPSI3MjAiIGhlaWdodD0iNzIwIiAvPjxicj4KPGltZyBzcmM9Imh0dHBzOi8vaW1hZ2UucmFrdXRlbi5jby5qcC9qZXdlbHJ5LWRldmFzL2NhYmluZXQvaXRlbXMyL3BhcnRzL3Jpbmdfa29rdWluLmpwZyIgd2lkdGg9IjcyMCIgaGVpZ2h0PSIyMjciIC8+PC90ZD4KPC90cj4KPC90YWJsZT4KPGJyPgo8dGFibGUgYm9yZGVyPSIwIiBjZWxsc3BhY2luZz0iMCIgY2VsbHBhZGRpbmc9IjIiPgogIDx0ciB2YWxpZ249InRvcCI+CiAgICA8dGQgbm93cmFwPjxmb250IHNpemU9Ii0xIj7jgq7jg5Xjg4jlr77lv5w8L2ZvbnQ+PC90ZD4KICA8L3RyPgo8L3RhYmxlPgo8YnI+Cjx0YWJsZSB3aWR0aD0iNzIwIiBib3JkZXI9IjAiIGNlbGxwYWRkaW5nPSI3IiBjZWxsc3BhY2luZz0iMSIgYmdjb2xvcj0iI2Y3ZWZlNSI+CiAgPHRyPgogICAgPHRkIGFsaWduPSJjZW50ZXIiIGJnY29sb3I9IiNlNmQ0YmQiPjxmb250IHNpemU9Ii0xIj7plqLpgKPllYblk4E8L2ZvbnQ+PC90ZD4KICA8L3RyPgogICAgICA8dHI+CiAgPHRkIGhlaWdodD0iMjciIGJnY29sb3I9IiNGRkZGRkYiPjxmb250IGNvbG9yPSIjMzMzMzMzIiBzaXplPSItMSI+44O744Oq44Oz44Kw5LiA6KanPC9mb250PjwvdGQ+CiAgPC90cj4KICAKPC90YWJsZT48IS0tIOWFqOOCq+ODhuOCtOODquWFsemAmiDjg6njgqTjg4jnrofmiYAg44GT44GT44GL44KJIC0tPgoKPCEtLSDilrxHT0xE44GuQ1NT44KS6Kqt44G/6L6844G/4pa8IC0tPgo8bGluayByZWw9InN0eWxlc2hlZXQiIHR5cGU9InRleHQvY3NzIgpocmVmPSJodHRwczovL3d3dy5yYWt1dGVuLm5lLmpwL2dvbGQvamV3ZWxyeS1kZXZhcy9yaWdodC9uYXZpL25hdmkuY3NzIj4KPCEtLSDilrNHT0xE44GuQ1NT44KS6Kqt44G/6L6844G/4pazIC0tPgoKPGRpdiBpZD0idGFiMDEiIGNsYXNzPSJ0YWJfYmFuIj4gCiAgPCEtLSAvI3RhYjEudGFiX2JhbiAtLT48L2Rpdj4KCjxkaXYgaWQ9InRhYjAyIiBjbGFzcz0idGFiX2JhbiI+IAogIDwhLS0gLyN0YWIyLnRhYl9iYW4gLS0+PC9kaXY+Cgo8ZGl2IGlkPSJ0YWIwMyIgY2xhc3M9InRhYl9iYW4iPiAKICA8IS0tIC8jdGFiMy50YWJfYmFuIC0tPjwvZGl2PgoKPGRpdiBpZD0idGFiMDQiIGNsYXNzPSJ0YWJfYmFuIj4gCiAgPCEtLSAvI3RhYjMudGFiX2JhbiAtLT48L2Rpdj4KCjxkaXYgaWQ9InRhYjA1IiBjbGFzcz0idGFiX2JhbiI+IAogIDwhLS0gLyN0YWIzLnRhYl9iYW4gLS0+PC9kaXY+Cgo8ZGl2IGlkPSJ0YWIwNiIgY2xhc3M9InRhYl9iYW4iPiAKICA8IS0tIC8jdGFiMy50YWJfYmFuIC0tPjwvZGl2PgoKPCEtLSDlhajjgqvjg4bjgrTjg6rlhbHpgJog44Op44Kk44OI566H5omAIOOBk+OBk+OBvuOBpyAtLT4KCgo8dGFibGUgd2lkdGg9IjcyMCIgYm9yZGVyPSIwIiBjZWxsc3BhY2luZz0iMCIgY2VsbHBhZGRpbmc9IjEwIj4KCQk8dHI+CgkJCQk8dGQgY29sc3Bhbj0iMyI+PGltZyBuYW1lPSIiIHNyYz0iaHR0cHM6Ly9pbWFnZS5yYWt1dGVuLmNvLmpwL2pld2VscnktZGV2YXMvY2FiaW5ldC9reW91dHV1L2t5b3V0dXVfYmFyXzAwMS5qcGciIHdpZHRoPSI3MjAiIGhlaWdodD0iMjAiIGFsdD0iIj48L3RkPgoJCTwvdHI+CgkJPHRyPgoJCQkJPHRkIHdpZHRoPSIyMjAiPjxpbWcgc3JjPSJodHRwczovL2ltYWdlLnJha3V0ZW4uY28uanAvamV3ZWxyeS1kZXZhcy9jYWJpbmV0L2t5b3V0dXUva3lvdXR1dV8wMDEuanBnIiB3aWR0aD0iMjIwIiBoZWlnaHQ9IjIyMCIgYWx0PSIiPjwvdGQ+CgkJCQk8dGQgd2lkdGg9IjIyMCI+PGltZyBzcmM9Imh0dHBzOi8vaW1hZ2UucmFrdXRlbi5jby5qcC9qZXdlbHJ5LWRldmFzL2NhYmluZXQva3lvdXR1dS9reW91dHV1XzAwMy5qcGciIHdpZHRoPSIyMjAiIGhlaWdodD0iMjIwIiBhbHQ9IiI+PC90ZD4KCQkJCTx0ZCB3aWR0aD0iMjIwIj48aW1nIHNyYz0iaHR0cHM6Ly9pbWFnZS5yYWt1dGVuLmNvLmpwL2pld2VscnktZGV2YXMvY2FiaW5ldC9reW91dHV1L2t5b3V0dXVfMDAyLmpwZyIgYWx0PSIiIHdpZHRoPSIyMjAiIGhlaWdodD0iMjIwIiBib3JkZXI9IjAiPjwvdGQ+CgkJPC90cj4KCQk8dHI+CgkJCQk8dGQ+PGZvbnQgY29sb3I9IiM2NjY2NjYiIHNpemU9IjIiPuOAjuW3vuedgOOAjzxicj4KCQkJCQkJCQk8Zm9udCBzaXplPSIxIj7jgrjjg6Xjgqjjg6rjg7zjga7kv53nrqHjgavjgoLkvb/jgYjjgovjgqrjg6rjgrjjg4rjg6vjg53jg7zjg4E8L2ZvbnQ+PC9mb250PjwvdGQ+CgkJCQk8dGQ+PGZvbnQgY29sb3I9IiM2NjY2NjYiIHNpemU9IjIiPuOAjkJPWOOAjzxicj4KCQkJCQkJCQk8Zm9udCBzaXplPSIxIj4x44GkMeOBpOODquODnOODs+OCkuOBiuaOm+OBkeOBhOOBn+OBl+OBvuOBmTwvZm9udD48L2ZvbnQ+PC90ZD4KCQkJCTx0ZD48Zm9udCBjb2xvcj0iIzY2NjY2NiIgc2l6ZT0iMiI+44COQk9Y44Ku44OV44OI44Op44OD44OU44Oz44KwKOeEoeaWmSnjgI88YnI+CgkJCQkJCTxmb250IHNpemU9IjEiPkJPWOOBq+aJi+aPkOOBkuODkOODg+OCsOOCkuOBiuS7mOOBkeOBhOOBn+OBl+OBvuOBmTwvZm9udD4KCQkJCTwvZm9udD48L3RkPgoJCTwvdHI+CjwvdGFibGU+CjxiciAvPgo8dGFibGUgd2lkdGg9IjcyMCIgYm9yZGVyPSIwIiBjZWxsc3BhY2luZz0iMCIgY2VsbHBhZGRpbmc9IjEwIj4KCQk8dHI+CgkJCQk8dGQgY29sc3Bhbj0iMyI+PGltZyBzcmM9Imh0dHBzOi8vaW1hZ2UucmFrdXRlbi5jby5qcC9qZXdlbHJ5LWRldmFzL2NhYmluZXQva3lvdXR1dS9reW91dHV1X2Jhcl8wMDIuanBnIiB3aWR0aD0iNzIwIiBoZWlnaHQ9IjIwIiBhbHQ9IiIgLz48L3RkPgoJCTwvdHI+CgkJPHRyPgoJCQkJPHRkIHdpZHRoPSIyMjAiPjxpbWcgc3JjPSJodHRwczovL2ltYWdlLnJha3V0ZW4uY28uanAvamV3ZWxyeS1kZXZhcy9jYWJpbmV0L2t5b3V0dXUvZ3VhcmFudGVlLmpwZyIgYWx0PSLjgrjjg6Xjgqjjg6rjg7zjga7kv53oqLzjgavjgaTjgYTjgaYiIHdpZHRoPSIyMjAiIGhlaWdodD0iMjIwIiBib3JkZXI9IjAiIC8+PC90ZD4KCQkJCTx0ZCB3aWR0aD0iMjIwIj48aW1nIHNyYz0iaHR0cHM6Ly9pbWFnZS5yYWt1dGVuLmNvLmpwL2pld2VscnktZGV2YXMvY2FiaW5ldC9reW91dHV1L3NpemVfcmluZy5qcGciIGFsdD0i44K144Kk44K644Gu6KiI44KK5pa5IiB3aWR0aD0iMjIwIiBoZWlnaHQ9IjIyMCIgYm9yZGVyPSIwIiAvPjwvdGQ+CgkJCQk8dGQgd2lkdGg9IjIyMCI+PGltZyBzcmM9Imh0dHBzOi8vaW1hZ2UucmFrdXRlbi5jby5qcC9qZXdlbHJ5LWRldmFzL2NhYmluZXQva3lvdXR1dS9hZnRlcnNlcnZpY2UuanBnIiBhbHQ9IuOCteOCpOOCuuS6pOaPmyIgd2lkdGg9IjIyMCIgaGVpZ2h0PSIyMjAiIGJvcmRlcj0iMCIgLz48L3RkPgoJCTwvdHI+CjwvdGFibGU+,SzE4IOOCtOODvOODq+ODiSDjg6rjg7PjgrAg44OU44Oz44Kt44O844Oq44Oz44KwIOaMh+i8qiByaW5nIGdvbGQgMThrIOmHjeOBreOBpeOBke+8muODh+OCtuOCpOODiuODvOOCuuOCuOODpeOCqOODquODvERFVkFT,44K044O844Or44OJ44ON44OD44Kv44Os44K544Kk44OL44K344Oj44OrIOODjeODg+OCr+ODrOOCuTE46YeRIOODlOODs+OCreODvOODquODs+OCsDE46YeR44CA44K044O844Or44OJIOODjeODg+OCr+ODrOOCuUsxOCDjgrTjg7zjg6vjg4njgIDjg43jg4Pjgq/jg6zjgrkxOGvjgIDjg5TjgqLjgrlLMTgg44Oq44Oz44KwSzE4IOOCtOODvOODq+ODiSDjg6rjg7PjgrAg44OU44Oz44Kt44O844Oq44Oz44KwIOaMh+i8qiByaW5nIGdvbGQgMThrIOmHjeOBreOBpeOBkQ==,MeWPt+OBi+OCieijveS9nOWPr+iDvSDjg5Tjg7Pjgq3jg7zjg6rjg7PjgrBbSzE444K044O844Or44OJXeOAgksxOCDjgrTjg7zjg6vjg4kg44Oq44Oz44KwIOODlOODs+OCreODvOODquODs+OCsCDmjIfovKogcmluZyBnb2xkIDE4ayDph43jga3jgaXjgZE=[rn]
39-1009,aHR0cDovL3RzaG9wLnIxMHMuanAvYXF1YWpld2VscnkvY2FiaW5ldC9rMTgvczExNDU4MC0yLTMwMC5qcGc/Zml0aW49NzAwOjcwMA==,NTc4OC44MDAw,,44K444Ol44Ko44Oq44O844O744Ki44Kv44K744K144Oq44O8ID4g44Os44OH44Kj44O844K544K444Ol44Ko44Oq44O844O744Ki44Kv44K744K144Oq44O8ID4g5oyH6Lyq44O744Oq44Oz44Kw,44OI44OR44O844K6IOODquODs+OCsC/jg6rjg7PjgrAg44Os44OH44Kj44O844K5L+ODiOODkeODvOOCuiDmjIfovKovMTHmnIgg6KqV55Sf55+zL+OBguOBp+OChOOBi+OBqjHnspLjgIHntJTnmb3jga7jgqjjgr/jg4vjg4bjgqPjg6njgqTjg7Pjg7vjg7vimIbjgIzjg63jg7Pjg4njg7Pjg5bjg6vjg7zjg4jjg5Hjg7zjgrrDl+OCuOODq+OCs+ODi+OCouODu+ODh+ODpeOCquODiOOCpeOCpOODs+OCq+ODquODs+OCsOOAjeOAkOWcqOW6q+OBguOCiuaZguOBguOBmealveWvvuW/nOOAkQ==,44OI44OR44O844K6IOODquODs+OCsC/jg6rjg7PjgrAg44Os44OH44Kj44O844K5Lw==,ICAgICAgICAgICAgPGRpdiBhbGlnbj0iY2VudGVyIj4gPGJyPgogICAgICAgICAgICAgIDxpbWcgc3JjPSJodHRwOi8vaW1hZ2UucmFrdXRlbi5jby5qcC9hcXVhamV3ZWxyeS9jYWJpbmV0L3RvcC9hbmltZV9zYWlueXVrYS5naWYiIGJvcmRlcj0iMCI+PGI+PHN0cm9uZz48Zm9udCBjb2xvcj0iI2RkMDAwMCIgc2l6ZT0iNCI+77y844GC44Gj44Go44GE44GG44G+44Gr77yR77yS77yX5pys56qB56C04piGIOODquOCr+OCqOOCueODiOWkmuaVsOOBq+OBpOOBjeOAgeWGjeOAheWGjeWFpeiNt++8ge+8jzwvZm9udD48L3N0cm9uZz48L2I+PGJyPgogICAgICAgICAgICAgIDxpbWcgc3JjPSJodHRwOi8vaW1hZ2UucmFrdXRlbi5jby5qcC9hcXVhamV3ZWxyeS9jYWJpbmV0L2V2ZW50XzAxL29tYXRhc2UuZ2lmIj48YnIgLz4KICAgICAgICAgICAgICA8YnIgLz4KICAgICAgICAgICAgICA8c3Ryb25nPjxmb250IGNvbG9yPSIjMDAzMzY2IiBzaXplPSI1Ij4g44GC44Gn44KE44GL44Gq5LiA57KS44CB57SU55m944Gu44Ko44K/44OL44OG44Kj44Op44Kk44Oz44O744O74piGPC9mb250Pjwvc3Ryb25nPjxicj4KICAgICAgICAgICAgICA8YnI+CiAgICAgICAgICAgICAgPGltZyBzcmM9Imh0dHA6Ly9pbWFnZS5yYWt1dGVuLmNvLmpwL2FxdWFqZXdlbHJ5L2NhYmluZXQvbG9uZ18xNS9zMTE0NTgwLTcwMGEuanBnIiBhbHQ9IuODreODs+ODieODs+ODluODq+ODvOODiOODkeODvOOCuiDjg6rjg7PjgrAgMumAo+ODquODs+OCsCI+PGJyPgogICAgICAgICAgICAgIDxicj4KICAgICAgICAgICAgICA8VEFCTEUgQk9SREVSPSIwIiBDRUxMU1BBQ0lORz0iMCIgQ0VMTFBBRERJTkc9IjAiIFdJRFRIPSI3MDAiIEhFSUdIVD0iNDQwIiBCQUNLR1JPVU5EPSJodHRwOi8vaW1hZ2UucmFrdXRlbi5jby5qcC9hcXVhamV3ZWxyeS9jYWJpbmV0L2syNi9zMTE0NTc4LTItNzAwLmpwZyI+CiAgICAgICAgICAgICAgICA8VFI+CiAgICAgICAgICAgICAgICAgIDxURCBXSURUSD0iNDA2IiBIRUlHSFQ9IjQ0MCIgQUxJR049InJpZ2h0IiBWQUxJR049Im1pZGRsZSI+PGI+PEZPTlQgQ09MT1I9IiNjYzAwMzMiPgogICAgICAgICAgICAgICAgICAgIDwhLS3ilrzjgq3jg6Pjg4Pjg4HilrwtLT4KICAgICAgICAgICAgICAgICAgICA8L0ZPTlQ+PC9iPjwvVEQ+CiAgICAgICAgICAgICAgICAgIDx0ZCBXSURUSD0iMjk0IiBhbGlnbj0iY2VudGVyIj48Yj48Rk9OVCBDT0xPUj0iI2NjMDAzMyI+5aSn57KS5a6d55+z44KC44CB57SU55m944KC44CCPEJSPgogICAgICAgICAgICAgICAgICAgIOOCreODrOOCpOOBq+OCiOOBj+OBsOOCiuOBquOAgeOBguOBquOBn+OBuOOAgjxicj4KICAgICAgICAgICAgICAgICAgICA8L0ZPTlQ+PC9iPiA8Rk9OVCBTSVpFPSIyIiBDT0xPUj0iIzY2NjY2NiI+IDxCUj4KICAgICAgICAgICAgICAgICAgICA8IS0t4pa8MuWPs+ODhuOCreOCueODiOKWvC0tPgogICAgICAgICAgICAgICAgICAgIDxicj4KICAgICAgICAgICAgICAgICAgICDprq7jgoTjgYvjgaroibLjga7jgIHnnKnjgZfjgYTovJ3jgY3jgYzmjIfjgpLlvanjgovjg7vjg7s8YnI+CiAgICAgICAgICAgICAgICAgICAg6Kqw44KC44KS6a2F5LqG44GZ44KL44CB5aSn57KS5a6d55+z44Gu44Oq44Oz44Kw44CCPGJyPgogICAgICAgICAgICAgICAgICAgIDxicj4KICAgICAgICAgICAgICAgICAgICDmmJ/jga7jgojjgYbjgarnnqzjgY3jgYzjgIHmjIfjga7og4zjgpLmtYHjgozjgovjg7vjg7s8YnI+CiAgICAgICAgICAgICAgICAgICAg5YWJ44Gu6YCj44Gq44KK44GM5o+P44GP44CB44Ko44K/44OL44OG44Kj44Op44Kk44Oz44Gu44Oq44Oz44Kw44CCPGJyPgogICAgICAgICAgICAgICAgICAgIDxicj4KICAgICAgICAgICAgICAgICAgICDjganjgaHjgonjga7jg6rjg7PjgrDjgYzmrLLjgZfjgYTvvJ/jgIDjgajogZ7jgYvjgozjgozjgbA8YnI+CiAgICAgICAgICAgICAgICAgICAg44Go44Gj44Gm44KC6L+344Gj44Gm44GX44G+44GG44KI44GG44GqPGJyPgogICAgICAgICAgICAgICAgICAgIOmtheWKm+OBruODqeOCpOODs+ODiuODg+ODl+OBp+OBmeOBjOKAleKAlTxicj4KICAgICAgICAgICAgICAgICAgICA8YnI+CiAgICAgICAgICAgICAgICAgICAg44Gn44GX44Gf44KJ44CB5Lih5pa55omL44Gr5YWl44KM44Gm44GX44G+44GE44G+44GX44KH44GG4pmqPGJyPgogICAgICAgICAgICAgICAgICAgIDxicj4KICAgICAgICAgICAgICAgICAgICDjgYLjgafjgoTjgYvjgarlpKfnspLjga7jgqvjg6njg7zlrp3nn7Pjgag8YnI+CiAgICAgICAgICAgICAgICAgICAg57SU55m944Gu556s44GN44Op44Kk44Oz44KS44GC44GX44KJ44Gj44GfPGJyPgogICAgICAgICAgICAgICAgICAgIO+8kumAo+iqv+OBruODquODg+ODgeOBquODquODs+OCsOOBjOeZu+WgtOOBp+OBme+8gTxicj4KICAgICAgICAgICAgICAgICAgICA8YnI+CiAgICAgICAgICAgICAgICAgICAg77yR44Gk44Gn77yS44Gk44Gu44Kt44Os44Kk44GM5omL44Gr5YWl44KLPGJyPgogICAgICAgICAgICAgICAgICAgIOe+juOBl+OBleOBq+OCiOOBj+OBsOOCiuOBquOBguOBquOBn+OBruOBn+OCgeOBrjxicj4KICAgICAgICAgICAgICAgICAgICDnibnliKXjgarjg6rjg7PjgrDjgII8YnI+CiAgICAgICAgICAgICAgICAgICAgPGJyPgogICAgICAgICAgICAgICAgICAgIOa3seOBj+OAgemrmOiytOOBqueJueWIpeOBqumdkuOBruOCreODqeODoeOCreOBqzxicj4KICAgICAgICAgICAgICAgICAgICDoqrDjgoLjgYzkuIDnnqzjgavjgZfjgabph5jku5jjgZHjgavjgarjgovjg7vjg7vvvIE8YnI+CiAgICAgICAgICAgICAgICAgICAgPC9GT05UPjwvdGQ+CiAgICAgICAgICAgICAgICA8L1RSPgogICAgICAgICAgICAgIDwvVEFCTEU+CiAgICAgICAgICAgICAgPGJyPgogICAgICAgICAgICAgIDxUQUJMRSBCT1JERVI9IjAiIENFTExTUEFDSU5HPSIwIiBDRUxMUEFERElORz0iMCIgV0lEVEg9IjcwMCIgSEVJR0hUPSI0NDAiIEJBQ0tHUk9VTkQ9Imh0dHA6Ly9pbWFnZS5yYWt1dGVuLmNvLmpwL2FxdWFqZXdlbHJ5L2NhYmluZXQvazE4L3MxMTQ1NzgtMy03MDBhLmpwZyI+CiAgICAgICAgICAgICAgICA8VFI+CiAgICAgICAgICAgICAgICAgIDx0ZCBXSURUSD0iMzMzIiBhbGlnbj0iY2VudGVyIiB2YWxpZ249InRvcCI+PGJyPgogICAgICAgICAgICAgICAgICAgIDxicj4KICAgICAgICAgICAgICAgICAgICA8Yj48Rk9OVCBDT0xPUj0iI2NjMDAzMyI+IOacrOW9k+OBrumrmOiytOOBjOOAgeS7leiNieOBq+OBvuOBtuOBl+OBj+eBr+OCi+ODu+ODuzxCUj4KICAgICAgICAgICAgICAgICAgICA8L0ZPTlQ+PC9iPiA8Rk9OVCBTSVpFPSIyIiBDT0xPUj0iIzY2NjY2NiI+IDxCUj4KICAgICAgICAgICAgICAgICAgICDmiYvlhYPjgafjgq3jg6njg6rjgajovJ3jgY/jga7jga/jgIE8L0ZPTlQ+PEZPTlQgU0laRT0iMiIgQ09MT1I9IiM2NjY2NjYiPumurueDiOOBquOCi+OCu+ODq+ODquOCouODs+ODluODq+ODvOOAgjxCUj4KICAgICAgICAgICAgICAgICAgICA8QlI+CiAgICAgICAgICAgICAgICAgICAg44GT44Gu5oGv44KS6aOy44KA44G744Gp44Gu6a6u44KE44GL44Gq5a6d55+z44GvPEJSPgogICAgICAgICAgICAgICAgICAgIOW4jOWwkeOBquOAjuODreODs+ODieODs+ODluODq+ODvOODiOODkeODvOOCuuOAjzxCUj4KICAgICAgICAgICAgICAgICAgICDlvanjgorosYrjgYvjgarjg5bjg6vjg7zjg4jjg5Hjg7zjgrrjga7kuK3jgafjgoI8QlI+CiAgICAgICAgICAgICAgICAgICAg6KiY5oa244Gr5q6L44KL44G744Gp6a6u54OI44GrPEJSPgogICAgICAgICAgICAgICAgICAgIOWHm+OBqOOBl+OBn+OCu+ODq+ODquOCouODs+ODluODq+ODvOOCkueZuuiJsuOBmeOCi+OCguOBruOAgjxCUj4KICAgICAgICAgICAgICAgICAgICA8QlI+CiAgICAgICAgICAgICAgICAgICAg44Gd44KT44Gq5oan44KM44Gu44Ot44Oz44OJ44Oz44OW44Or44O844OI44OR44O844K644O744O7PEJSPgogICAgICAgICAgICAgICAgICAgIOS7iuWbnuOBruOBn+OCgeOBoOOBkeOBq+OAgeeJueWIpeOBquWkp+eykuOCkuOBlOeUqOaEj++8gTxCUj4KICAgICAgICAgICAgICAgICAgICA8QlI+CiAgICAgICAgICAgICAgICAgICAg44G+44GV44Gr44OX44Oq44Oz44K744K544Gu6aKo5qC844Gf44Gg44KI44GGPEJSPgogICAgICAgICAgICAgICAgICAgIOODreOCpOODpOODq+ODluODq+ODvOOBruecqeOBl+OBleOCkjxCUj4KICAgICAgICAgICAgICAgICAgICDnuYrntLDjgYvjgaTjgqLjg7Pjg4bjgqPjg7zjgq/jgarpm7Dlm7LmsJfjgac8QlI+CiAgICAgICAgICAgICAgICAgICAg44K344Or44OQ44O844Oq44Oz44Kw44Gr44GK5L2c44KK44GX44G+44GX44Gf77yBIDwvRk9OVD48L3RkPgogICAgICAgICAgICAgICAgICA8VEQgV0lEVEg9IjM2NyIgSEVJR0hUPSI0NDAiIEFMSUdOPSJjZW50ZXIiIFZBTElHTj0idG9wIj48Yj48Rk9OVCBDT0xPUj0iI2NjMDAzMyI+IDxicj4KICAgICAgICAgICAgICAgICAgICA8L0ZPTlQ+PC9iPjwvVEQ+CiAgICAgICAgICAgICAgICA8L1RSPgogICAgICAgICAgICAgIDwvVEFCTEU+CiAgICAgICAgICAgICAgPGZvbnQgc2l6ZT0iMyIgY29sb3I9IiMwMDMzNjYiPjxiPjxicj4KICAgICAgICAgICAgICA8YnI+CiAgICAgICAgICAgICAgPHN0cm9uZz7mga/jgpLpo7LjgoDjgbvjgannvo7jgZfjgYTjgIHlpKfnspLjga7jg63jg7Pjg4njg7Pjg5bjg6vjg7zjg4jjg5Hjg7zjgrrjgII8YnI+CiAgICAgICAgICAgICAgPGJyPgogICAgICAgICAgICAgIOW/g+OCguOAgeOCreODrOOCpOOCgua6gOOBn+OBl+OBpuOBj+OCjOOCizxicj4KICAgICAgICAgICAgICDkuIDnlJ/jga7jgYrmsJfjgavlhaXjgorjgavjgarjgorjgZ3jgYbjgarjgIHnibnliKXjgarjg6rjg7PjgrDjgpLjgYrlsYrjgZHjgZfjgb7jgZnjgII8YnI+CiAgICAgICAgICAgICAgPGJyPgogICAgICAgICAgICAgIDxicj4KICAgICAgICAgICAgICA8L3N0cm9uZz48L2I+PC9mb250PiA8aW1nIHNyYz0iaHR0cDovL2ltYWdlLnJha3V0ZW4uY28uanAvYXF1YWpld2VscnkvY2FiaW5ldC9sb25nXzE1L3MxMTQ1ODAtNzAwYS5qcGciICBhbHQ9IuODreODs+ODieODs+ODluODq+ODvOODiOODkeODvOOCuiDjg6rjg7PjgrAgMumAo+ODquODs+OCsCI+PGJyPgogICAgICAgICAgICAgIDxmb250IHNpemU9IjMiIGNvbG9yPSIjNjY2NjY2Ij48Yj48c3Ryb25nPjxicj4KICAgICAgICAgICAgICA8YnI+CiAgICAgICAgICAgICAgPGZvbnQgY29sb3I9IiNmZjY2NjYiIHNpemU9IjMiPumZkOWumuWVhuWTgeOBruOBn+OCgeOAgeaVsOOBq+mZkOOCiuOBjOOBlOOBluOBhOOBvuOBmeOAgjxiciAvPgogICAgICAgICAgICAgIOWujOWjsuOBrumam+OBr+OBlOS6huaJv+OBj+OBoOOBleOBhOOBvuOBm+OAgjwvZm9udD48L3N0cm9uZz48L2I+PC9mb250Pjxicj4KICAgICAgICAgICAgICA8YnI+CiAgICAgICAgICAgICAgPGJyPgogICAgICAgICAgICAgIDxicj4KICAgICAgICAgICAgICA8Zm9udCBzaXplPSIzIiBjb2xvcj0iI2NjMDAzMyI+PGI+PHN0cm9uZz7ilrzlkIjjgo/jgZvjgovjgarjgonjgrPjg6zimao8L3N0cm9uZz48L2I+PC9mb250PjxiciAvPgogICAgICAgICAgICAgIDxhIGhyZWY9Imh0dHA6Ly9pdGVtLnJha3V0ZW4uY28uanAvYXF1YWpld2VscnkvMTE5OTMwLyIgdGFyZ2V0PSJfYmxhbmsiPjxpbWcgc3JjPSJodHRwOi8vdGh1bWJuYWlsLmltYWdlLnJha3V0ZW4uY28uanAvQDBfbWFsbC9hcXVhamV3ZWxyeS9jYWJpbmV0L2xvbmdfMTUvczExOTkzMC03MDAuanBnP19leD00MDB4MzAwIiBhbHQ9IiIgYm9yZGVyPSIwIi8+PGJyPgogICAgICAgICAgICAgIDxmb250IHNpemU9IjIiIGNvbG9yPSIjNjY2NjY2Ij7jgYLjgafjgoTjgYvjgaox57KS44CB57SU55m944Gu44Ko44K/44OL44OG44Kj44Op44Kk44Oz44O744O74piGPC9mb250PjwvYT48YnI+CiAgICAgICAgICAgICAgPGJyPgogICAgICAgICAgICAgIDxicj4KICAgICAgICAgICAgICA8YnI+CiAgICAgICAgICAgIAoKCgo8IS0t6Zai6YCj44Oq44Oz44Kv44GT44GT44GL44KJLS0+CjxkaXYgY2xhc3M9ImthbnJlbl9saW5rIj4KPHAgY2xhc3M9ImthbnJlbl90aXQiPumWoumAo0lURU3jga/jgZPjgaHjgok8L3A+Cjx1bCBjbGFzcz0icjQiPgo8bGk+PGEgaHJlZj0iaHR0cDovL2l0ZW0ucmFrdXRlbi5jby5qcC9hcXVhamV3ZWxyeS8xMTk5MzAvIiB0YXJnZXQ9Il9ibGFuayI+PGltZyBzcmM9Imh0dHA6Ly9pbWFnZS5yYWt1dGVuLmNvLmpwL2FxdWFqZXdlbHJ5L2NhYmluZXQvazE4L3MxMTk5MzAtMi0zMDAuanBnIiAvPjxwPuODreODs+ODieODs+ODluODq+ODvOODiOODkeODvOOCuu+8ke+9g++9lMOX44K444Or44Kz44OL44Ki44O744OP44OU44ON44K344Oj44Oz44K544Oa44Oz44OA44Oz44OIPHAgY2xhc3M9ImJ1dCI+Q0hFQ0s8L3A+PC9wPjwvYT48L2xpPgo8bGk+PGEgaHJlZj0iaHR0cDovL2l0ZW0ucmFrdXRlbi5jby5qcC9hcXVhamV3ZWxyeS8xMTQ1ODAvIiB0YXJnZXQ9Il9ibGFuayI+PGltZyBzcmM9Imh0dHA6Ly9pbWFnZS5yYWt1dGVuLmNvLmpwL2FxdWFqZXdlbHJ5L2NhYmluZXQvazE4L3MxMTQ1ODAtMi0zMDAuanBnIiAvPjxwPuODreODs+ODieODs+ODluODq+ODvOODiOODkeODvOOCusOX44K444Or44Kz44OL44Ki44O744OH44Ol44Kq44OI44Kl44Kk44Oz44Kr44Oq44Oz44KwPHAgY2xhc3M9ImJ1dCI+Q0hFQ0s8L3A+PC9wPjwvYT48L2xpPgo8bGk+PGEgaHJlZj0iaHR0cDovL2l0ZW0ucmFrdXRlbi5jby5qcC9hcXVhamV3ZWxyeS8xMjA2MTMvIiB0YXJnZXQ9Il9ibGFuayI+PGltZyBzcmM9Imh0dHA6Ly9pbWFnZS5yYWt1dGVuLmNvLmpwL2FxdWFqZXdlbHJ5L2NhYmluZXQvazE4L3MxMjA2MTMtMi0zMDAuanBnIiAvPjxwPuODreODs+ODieODs+ODluODq+ODvOODiOODkeODvOOCuuODu+OCuOODq+OCs+ODi+OCouODu+OCu+ODrOODluODquODhuOCo+ODqeOCpuODs+ODieODquODs+OCsDxwIGNsYXNzPSJidXQiPkNIRUNLPC9wPjwvcD48L2E+PC9saT4KICAgICAgICAgICAgCjxsaT48YSBocmVmPSJodHRwOi8vaXRlbS5yYWt1dGVuLmNvLmpwL2FxdWFqZXdlbHJ5LzEyMDYwNi8iIHRhcmdldD0iX2JsYW5rIj48aW1nIHNyYz0iaHR0cDovL2ltYWdlLnJha3V0ZW4uY28uanAvYXF1YWpld2VscnkvY2FiaW5ldC9rMTgvczEyMDYwNi0yLTMwMC5qcGciIC8+PHA+44Ot44Oz44OJ44Oz44OW44Or44O844OI44OR44O844K6w5fjgrjjg6vjgrPjg4vjgqLjg7vjgrvjg6zjg5bjg6rjg4bjgqPjg6njgqbjg7Pjg4njg5rjg7Pjg4Djg7Pjg4g8cCBjbGFzcz0iYnV0Ij5DSEVDSzwvcD48L3A+PC9hPjwvbGk+CiAgICAgICAgICAgIDxsaT48YSBocmVmPSJodHRwOi8vaXRlbS5yYWt1dGVuLmNvLmpwL2FxdWFqZXdlbHJ5LzExOTIwOC8iIHRhcmdldD0iX2JsYW5rIj48aW1nIHNyYz0iaHR0cDovL2ltYWdlLnJha3V0ZW4uY28uanAvYXF1YWpld2VscnkvY2FiaW5ldC9rMTUvczExOTIwOC0yLTMwMC5qcGciIC8+PHA+44Ot44Oz44OJ44Oz44OW44Or44O844OI44OR44O844K6w5fjg5bjg6vjg7zjg4jjg5Hjg7zjgrrjg7vjgrXjg57jg7zjg4rjgqTjg4jjg6rjg7PjgrA8cCBjbGFzcz0iYnV0Ij5DSEVDSzwvcD48L3A+PC9hPjwvbGk+CjxsaT48YSBocmVmPSJodHRwOi8vaXRlbS5yYWt1dGVuLmNvLmpwL2FxdWFqZXdlbHJ5LzExOTk5MS8iIHRhcmdldD0iX2JsYW5rIj48aW1nIHNyYz0iaHR0cDovL2ltYWdlLnJha3V0ZW4uY28uanAvYXF1YWpld2VscnkvY2FiaW5ldC9rMTgvczExOTk5MS0yLTMwMC5qcGciIC8+PHA+44Ot44Oz44OJ44Oz44OW44Or44O844OI44OR44O844K6MmN0w5fjgrjjg6vjgrPjg4vjgqLjg7vjg6njgrDjg6rjgrnjg5rjg7Pjg4Djg7Pjg4g8cCBjbGFzcz0iYnV0Ij5DSEVDSzwvcD48L3A+PC9hPjwvbGk+CjxsaT48YSBocmVmPSJodHRwOi8vaXRlbS5yYWt1dGVuLmNvLmpwL2FxdWFqZXdlbHJ5LzEyMDYyMi8iIHRhcmdldD0iX2JsYW5rIj48aW1nIHNyYz0iaHR0cDovL2ltYWdlLnJha3V0ZW4uY28uanAvYXF1YWpld2VscnkvY2FiaW5ldC9rMTgvczEyMDYyMi0yLTMwMC5qcGciIC8+PHA+44Ot44Oz44OJ44Oz44OW44Or44O844OI44OR44O844K644O744Oq44Ol44O844OV44Kj44K444Ol44Ko44Or44Oq44Oz44KwPHAgY2xhc3M9ImJ1dCI+Q0hFQ0s8L3A+PC9wPjwvYT48L2xpPgo8L3VsPgogICAgCiAgICAKICAgICA8dGFibGUgd2lkdGg9IjY5MCIgYm9yZGVyPSIwIiBjZWxscGFkZGluZz0iMCIgYWxpZ249ImNlbnRlciIgY2VsbHNwYWNpbmc9IjEwIj4KICAgICAgPHRyIHZhbGlnbj0idG9wIj4KICAgICAgICA8dGQgYWxpZ249InJpZ2h0Ij48YSBocmVmPSJodHRwOi8vc2VhcmNoLnJha3V0ZW4uY28uanAvc2VhcmNoL2luc2hvcC1tYWxsLyVFMyU4MyVBRCVFMyU4MyVCMyVFMyU4MyU4OSVFMyU4MyVCMyVFMyU4MyU5NiVFMyU4MyVBQiVFMyU4MyVCQyVFMyU4MyU4OCVFMyU4MyU5MSVFMyU4MyVCQyVFMyU4MiVCQS8tL2YuMy1wLjEtcy4xLXNmLjAtc2lkLjE5NDY0Ny1zdC5BLXYuMyIgdGFyZ2V0PSJfYmxhbmsiPiA8Zm9udCBjb2xvcj0iIzAwMDBmZiIgc2l6ZT0iMiI+JnJBcnI7IOODreODs+ODieODs+ODluODq+ODvOODiOODkeODvOOCuuOCuOODpeOCqOODquODvOOCkuOCguOBo+OBqOimi+OCizwvZm9udD48L2E+PC90ZD4KICAgICAgPC90cj4KICA8L3RhYmxlPgo8L2Rpdj4KCjwhLS3plqLpgKPjg6rjg7Pjgq/jgZPjgZPjgb7jgactLT4KCiAgPGEgaHJlZj0iaHR0cDovL2l0ZW0ucmFrdXRlbi5jby5qcC9hcXVhamV3ZWxyeS9jLzAwMDAwMDE1ODcvIiB0YXJnZXQ9Il9ibGFuayI+PGltZyBzcmM9Imh0dHA6Ly9pbWFnZS5yYWt1dGVuLmNvLmpwL2FxdWFqZXdlbHJ5L2NhYmluZXQvdG9wX2ltZy9pbmZvX2RlbGlfdG9zX3Jha3UuZ2lmIiBhbHQ9IiIgYm9yZGVyPSIwIiAvPjwvYT48YnIgLz4KICA8YnI+CiAgPGJyPgogIDwhLS3jgYrlsYrjgZHjgZPjgZPjgYvjgoktLT4KICA8ZGl2IGFsaWduPSJjZW50ZXIiPgogICAgPGlmcmFtZSBtYXJnaW53aWR0aD0wIG1hcmdpbmhlaWdodD0wIHNyYz0iaHR0cDovL3d3dy5yYWt1dGVuLm5lLmpwL2dvbGQvYXF1YWpld2VscnkvZXZlbnQvYXN1X2luZm8vYXN1X2luZm8uaHRtbCIgd2lkdGg9IjY4MCIgaGVpZ2h0PSIxMDAiIHNjcm9sbGluZz0ibm8iIApmcmFtZWJvcmRlcj0iMCI+PC9pZnJhbWU+CiAgPC9kaXY+CiAgPGJyPgogIDxicj4KPC9kaXY+Cjxicj4KPGJyPgo8ZGl2IGFsaWduPSJjZW50ZXIiPiA8YnI+CiAgPElNRyBTUkM9Imh0dHA6Ly9pbWFnZS5yYWt1dGVuLmNvLmpwL2FxdWFqZXdlbHJ5L2NhYmluZXQvZXZlbnRfMDIvcmV2ZV9taWdha2kyLmdpZiIgYWx0PSIiPjxicj4KICA8YnI+CjwvRElWPgo8SU1HIFNSQz0iaHR0cDovL3RodW1ibmFpbC5pbWFnZS5yYWt1dGVuLmNvLmpwL0AwX21hbGwvYXF1YWpld2VscnkvY2FiaW5ldC90b3BfaW1nL2thZ29pbmZvX3JpbmcuanBnIiBBTFQ9IiIgQk9SREVSPSIwIiAvPjxicj4KPElNRyBTUkM9Imh0dHA6Ly9pbWFnZS5yYWt1dGVuLmNvLmpwL2FxdWFqZXdlbHJ5L2NhYmluZXQvdG9wX2ltZy9pbmZvX3NwNy5naWYiPjxCUj48SU1HIFNSQz0iaHR0cDovL3RodW1ibmFpbC5pbWFnZS5yYWt1dGVuLmNvLmpwL0AwX21hbGwvYXF1YWpld2VscnkvY2FiaW5ldC90b3BfaW1nL2thZ29pbmZvX2dpZnRib3guanBnIiBBTFQ9IiIgQk9SREVSPSIwIiAvPjxicj4KPElNRyBTUkM9Imh0dHA6Ly9pbWFnZS5yYWt1dGVuLmNvLmpwL2FxdWFqZXdlbHJ5L2NhYmluZXQvdG9wX2ltZy9pbmZvX3NwNy5naWYiPjxCUj48aW1nIHNyYz0iaHR0cDovL2ltYWdlLnJha3V0ZW4uY28uanAvYXF1YWpld2VscnkvY2FiaW5ldC9ldi9yaW5fazMuanBnIiBib3JkZXI9IjAiPjxCUj48aW1nIHNyYz0iaHR0cDovL2ltYWdlLnJha3V0ZW4uY28uanAvYXF1YWpld2VscnkvY2FiaW5ldC9ldi9yaW5fazQuanBnIiBib3JkZXI9IjAiPjxCUj48SU1HIFNSQz0iaHR0cDovL3RodW1ibmFpbC5pbWFnZS5yYWt1dGVuLmNvLmpwL0AwX21hbGwvYXF1YWpld2VscnkvY2FiaW5ldC90b3BfaW1nL2thZ29pbmZvX3JhbmtpbmcuanBnIiBBTFQ9IiIgQk9SREVSPSIwIiAvPjxicj4KPElNRyBTUkM9Imh0dHA6Ly9pbWFnZS5yYWt1dGVuLmNvLmpwL2FxdWFqZXdlbHJ5L2NhYmluZXQvdG9wX2ltZy9pbmZvX3NwNy5naWYiPjxCUj48SU1HIFNSQz0iaHR0cDovL2ltYWdlLnJha3V0ZW4uY28uanAvYXF1YWpld2VscnkvY2FiaW5ldC9ldi90aXRsZV8xLmpwZyIgQk9SREVSPSIwIj48QlI+PFRBQkxFIEJPUkRFUkNPTE9SPSNGRkZGRkYgQ0VMTFNQQUNJTkc9MSBDRUxMUEFERElORz01IFdJRFRIPTMwNCAKICAgICAgQkdDT0xPUj0jRkZGRkZGIEJPUkRFUj0xPiA8VEJPRFk+IDxUUiBCT1JERVJDT0xPUj0jRkZDQ0NDIEJHQ09MT1I9IiNGRkNDQ0MiPiAKPFREIFZBTElHTj10b3AgV0lEVEg9OTA+PEZPTlQgQ09MT1I9IiMwMDAwMzMiIFNJWkU9IjIiPuOAgOadkOOAgOizqjwvRk9OVD48L1REPjxURCBXSURUSD0xODggQkdDT0xPUj0iI0ZGRkZGRiI+IAo8Rk9OVCBTSVpFPSIyIiBDT0xPUj0iIzAwMDAwMCI+77yz77yp77ys77y277yl77yy44CA77yZ77yS77yVPEJSPiDjg63jgrjjgqbjg6DliqDlt6XmuIjjgb88L0ZPTlQ+PC9URD48L1RSPiA8VFIgQk9SREVSQ09MT1I9I0ZGQ0NDQyBCR0NPTE9SPSIjRkZDQ0NDIj4gCjxURCBWQUxJR049dG9wIFdJRFRIPTkwPjxGT05UIENPTE9SPSIjMDAwMDMzIiBTSVpFPSIyIj7jgIDkuLvjgIDnn7M8L0ZPTlQ+PC9URD48VEQgV0lEVEg9MTg4IEJHQ09MT1I9IiNGRkZGRkYiPjxGT05UIFNJWkU9IjIiIENPTE9SPSIjMDAwMDAwIj7jg63jg7Pjg4njg7Pjg5bjg6vjg7zjg4jjg5Hjg7zjgro8QlI+IArjgIDjg6njgqbjg7Pjg4njg4Hjgqfjgrnjgqvjg4Pjg4g8QlI+IOOAgOebtOW+hO+8mu+8lm1t44CA77yR44OU44O844K5PEJSPiDjgrjjg6vjgrPjg4vjgqI8QlI+IOOAgOODqeOCpuODs+ODieOCq+ODg+ODiDxCUj4g44CA55u05b6E77ya57SE77ySbW3jgIDvvJnjg5Tjg7zjgrk8L0ZPTlQ+PC9URD48L1RSPiAKPFRSIEJPUkRFUkNPTE9SPSNGRkNDQ0MgQkdDT0xPUj0iI0ZGQ0NDQyI+IDxURCBWQUxJR049dG9wIFdJRFRIPTkwPjxGT05UIENPTE9SPSIjMDAwMDMzIiBTSVpFPSIyIj7jgIDjgrXjgqTjgro8L0ZPTlQ+PC9URD48VEQgV0lEVEg9MTg4IEJHQ09MT1I9IiNGRkZGRkYiPiAKPEZPTlQgU0laRT0iMiIgQ09MT1I9IiMwMDAwMDAiPuW5he+8mue0hO+8kuODvO+8mO+8ju+8lW1tPEJSPiDljprjgZXvvJrntITvvJHjg7zvvJVtbTwvRk9OVD4gPC9URD48L1RSPiA8VFIgQk9SREVSQ09MT1I9I0ZGQ0NDQyBCR0NPTE9SPSIjRkZDQ0NDIj4gCjxURCBWQUxJR049dG9wIFdJRFRIPTkwPjxGT05UIENPTE9SPSIjMDAwMDMzIiBTSVpFPSIyIj7jgIDjgrXjgqTjgro8L0ZPTlQ+PC9URD48VEQgV0lEVEg9MTg4IEJHQ09MT1I9IiNGRkZGRkYiPjxGT05UIFNJWkU9IjIiIENPTE9SPSIjMDAwMDAwIj7vvJnlj7fjgIHvvJHvvJHlj7fjgIHvvJHvvJPlj7fjgIHvvJHvvJXlj7fjgIHvvJHvvJflj7c8L0ZPTlQ+PC9URD48L1RSPiAKPC9UQk9EWT4gPC9UQUJMRT48QlI+PGltZyBzcmM9Imh0dHA6Ly9pbWFnZS5yYWt1dGVuLmNvLmpwL2FxdWFqZXdlbHJ5L2NhYmluZXQvZXYvbm91a2lfay5qcGciIGJvcmRlcj0iMCI+PEJSPjxpbWcgc3JjPSJodHRwOi8vaW1hZ2UucmFrdXRlbi5jby5qcC9hcXVhamV3ZWxyeS9jYWJpbmV0L2V2L2hhaXNvdV9rLmpwZyIgYm9yZGVyPSIwIj48QlI+PGltZyBzcmM9Imh0dHA6Ly9pbWFnZS5yYWt1dGVuLmNvLmpwL2FxdWFqZXdlbHJ5L2NhYmluZXQvZXYvb3NpaGFyYWlfay5qcGciIGJvcmRlcj0iMCI+PEJSPjxpbWcgc3JjPSJodHRwOi8vaW1hZ2UucmFrdXRlbi5jby5qcC9hcXVhamV3ZWxyeS9jYWJpbmV0L2V2L3lvYmlfMS5qcGciIGJvcmRlcj0iMCI+PEJSPjxpbWcgc3JjPSJodHRwOi8vaW1hZ2UucmFrdXRlbi5jby5qcC9hcXVhamV3ZWxyeS9jYWJpbmV0L2V2L3lvYmlfMi5qcGciIGJvcmRlcj0iMCI+PEJSPjxpbWcgc3JjPSJodHRwOi8vaW1hZ2UucmFrdXRlbi5jby5qcC9hcXVhamV3ZWxyeS9jYWJpbmV0L2V2L3lvYmlfMy5qcGciIGJvcmRlcj0iMCI+PEJSPjxkaXYgYWxpZ249ImNlbnRlciI+PGltZyBzcmM9Imh0dHBzOi8vaW1hZ2UucmFrdXRlbi5jby5qcC9hcXVhamV3ZWxyeS9jYWJpbmV0L2V2ZW50XzAzL2FxcG9yY2gyMDE2LmpwZyI+PGJyPgo8YnI+Cjx0YWJsZSB3aWR0aD0iNzIwIj4gPHRib2R5PiA8dHI+IDx0ZD48Zm9udCBjb2xvcj0iI0NDMDAwMCIgc2l6ZT0iMiI+4oC76KSH5pWw44Gu5ZWG5ZOB44KS44GU6LO85YWl44Gu5aC05ZCI44CB44K344K544OG44Og5LiKMeeVque0jeacn+OBrumBheOBhOWVhuWTgeOBq+WQiOOCj+OBm+OBpuOBruWHuuiNt+OBqOOBquOCiuOBvuOBmeOAgjxicj4K44CAIOOBiuaApeOBjuOBrumam+OBr+OAgeOBiuiyt+OBhOeJqeOCq+OCtOOCkuWIhuOBkeOBpuOBlOazqOaWh+OBleOCjOOCi+OBk+OBqOOCkuOBiuOBmeOBmeOCgeOBl+OBpuOBhOOBvuOBmeOAgjwvZm9udD48L3RkPiA8L3RyPiA8L3Rib2R5PiA8L3RhYmxlPjwvZGl2Pg==,44OI44OR44O844K6IOODquODs+OCsC/jg6rjg7PjgrAg44Os44OH44Kj44O844K5L+ODiOODkeODvOOCuiDmjIfovKovMTHmnIgg6KqV55Sf55+zL+OBguOBp+OChOOBi+OBqjHnspLjgIHntJTnmb3jga7jgqjjgr/jg4vjg4bjgqPjg6njgqTjg7Pjg7vjg7vimIbjgIzjg63jg7Pjg4njg7Pjg5bjg6vjg7zjg4jjg5Hjg7zjgromdGltZXM744K444Or44Kz44OL44Ki44O744OH44Ol44Kq44OI44Kl44Kk44Oz44Kr44Oq44Oz44Kw44CN44CQ5Zyo5bqr44GC44KK5pmC44GC44GZ5qW95a++5b+c44CR77ya44GE44GE44KC44Gu44GC44KL44KI44CC44Ki44Kv44Ki44K444Ol44Ko44Oq44O8,44K444Ol44Ko44Oq44O844Oc44OD44Kv44K544Os44OH44Kj44O844K5IOODjeODg+OCr+ODrOOCueaMh+i8qiDjg6zjg4fjgqPjg7zjgrnjgqrjg5Hjg7zjg6sg44ON44OD44Kv44Os44K544OI44OR44O844K644ON44Kz44CA44ON44OD44Kv44Os44K544Ot44O844K644Kv44Kp44O844OEIOODjeODg+OCr+ODrOOCueOCquODkeODvOODqyDjg6rjg7PjgrDjg63jg7Pjg4njg7Pjg5bjg6vjg7zjg4jjg5Hjg7zjgrrjgqLjg6Hjgrjjgrnjg4jjgr/jg7Pjgrbjg4rjgqTjg4jjgqzjg7zjg43jg4Pjg4jjg6vjg5Pjg7zjg5TjgqLjgrkg44Os44OH44Kj44O844K544OR44Op44Kk44OQ44OI44Or44Oe44Oq44Oz44Ko44OB44Kq44OU44Ki44Kq44OR44O844Or6Kiz44GC44KK44Kr44Op44O844K544OI44O844Oz44K444Or44Kz44OL44KiIOODquODs+OCsOODluODq+ODvOODiOODkeODvOOCuuODiOODkeODvOOCuiDjg6rjg7PjgrAv44Oq44Oz44KwIOODrOODh+OCo+ODvOOCuS/jg4jjg5Hjg7zjgrog5oyH6LyqLzEx5pyIIOiqleeUn+efsy/jgYLjgafjgoTjgYvjgaox57KS44CB57SU55m944Gu44Ko44K/44OL44OG44Kj44Op44Kk44Oz44O744O74piG44CM44Ot44Oz44OJ44Oz44OW44Or44O844OI44OR44O844K6JnRpbWVzO+OCuOODq+OCs+ODi+OCouODu+ODh+ODpeOCquODiOOCpeOCpOODs+OCq+ODquODs+OCsOOAjeOAkOWcqOW6q+OBguOCiuaZguOBguOBmealveWvvuW/nOOAkQ==,44OI44OR44O844K6IOODquODs+OCsC/jg6rjg7PjgrAg44Os44OH44Kj44O844K5L+OAguODiOODkeODvOOCuiDjg6rjg7PjgrAv44Oq44Oz44KwIOODrOODh+OCo+ODvOOCuS/jg4jjg5Hjg7zjgrog5oyH6LyqLzEx5pyIIOiqleeUn+efsy/jgYLjgafjgoTjgYvjgaox57KS44CB57SU55m944Gu44Ko44K/44OL44OG44Kj44Op44Kk44Oz44O744O74piG44CM44Ot44Oz44OJ44Oz44OW44Or44O844OI44OR44O844K6JnRpbWVzO+OCuOODq+OCs+ODi+OCouODu+ODh+ODpeOCquODiOOCpeOCpOODs+OCq+ODquODs+OCsOOAjeOAkOWcqOW6q+OBguOCiuaZguOBguOBmealveWvvuW/nOOAkQ==[rn]
39-1010,aHR0cDovL3RzaG9wLnIxMHMuanAvcHl1cHl1L2NhYmluZXQvZi0wMS9kc2sxNTAyLXBlYXJsMy0xLmpwZz9maXRpbj03MDA6NzAw,MTI5Ni4wMDAw,,44K444Ol44Ko44Oq44O844O744Ki44Kv44K744K144Oq44O8ID4g44Os44OH44Kj44O844K544K444Ol44Ko44Oq44O844O744Ki44Kv44K744K144Oq44O8ID4g5oyH6Lyq44O744Oq44Oz44Kw,44CQ44Oh44O844Or5L6/T0vjgJFET05PQkFOIFNFTEVDVCDjg4njg47jg5Djg7Pjgrvjg6zjgq/jg4gg44OV44Kn44Kk44Kv44OR44O844OrIOODquODs+OCsO+9nCDjg6zjg4fjgqPjg7zjgrkg5oyH6LyqIOOCouOCr+OCu+OCteODquODvCDjgrnjg6/jg63jg5Xjgrnjgq3jg7wgc3dhcm92c2tpIOe1kOWpmuW8jyDkuozmrKHkvJog44OR44O844OG44Kj44O8IOOCq+OCuOODpeOCouODqyDjgqLjgq/jgrsg5aWz44Gu5a2QIOOCtOODvOODq+ODiSDjgrfjg6vjg5Djg7wg55yf54+gW1RdKEwpW0ZTXQ==,MuasoeS8miDlhaXlnJIg5YWl5a2mIOWNkuWckiDljZLmpa0g44OV44Kp44O844Oe44OrIOW8j+WFuCDmjIfovKril4Y=,PGRpdiBzdHlsZT0ibWFyZ2luOiAwIDAgMTBweDsiPjxpbWcgc3JjPSJodHRwOi8vaW1hZ2UucmFrdXRlbi5jby5qcC9zdHlsaXNlL2NhYmluZXQvZi0wMS9kc2sxNTAyLXBlYXJsMy0xLmpwZz8zMyIgYWx0PSJET05PQkFOIFNFTEVDVCjjg4njg47jg5Djg7Pjgrvjg6zjgq/jg4gpIiAvPjwvZGl2Pgo8ZGl2IHN0eWxlPSJtYXJnaW46IDAgMCAxMHB4OyI+PGltZyBzcmM9Imh0dHA6Ly9pbWFnZS5yYWt1dGVuLmNvLmpwL3N0eWxpc2UvY2FiaW5ldC9mLTAxL2RzazE1MDItcGVhcmwzLTIuanBnIiBhbHQ9IkRPTk9CQU4gU0VMRUNUKOODieODjuODkOODs+OCu+ODrOOCr+ODiCkiIC8+PC9kaXY+CjxkaXYgc3R5bGU9Im1hcmdpbjogMCAwIDEwcHg7Ij48aW1nIHNyYz0iaHR0cDovL2ltYWdlLnJha3V0ZW4uY28uanAvc3R5bGlzZS9jYWJpbmV0L2YtMDEvZHNrMTUwMi1wZWFybDMtMy5qcGciIGFsdD0iRE9OT0JBTiBTRUxFQ1Qo44OJ44OO44OQ44Oz44K744Os44Kv44OIKSIgLz48L2Rpdj4KCjxkaXYgc3R5bGU9Im1hcmdpbjogMCAwIDIwcHg7Ij4gPGZvbnQgc3R5bGU9ImZvbnQtc2l6ZToxNXB4OyI+TU9ERUzvvJrnrZLkupXmhJvnvo7jgZXjgpMv6Lqr6ZW377yaMTU4Y208YnI+CiAg77yc44Oi44OH44Or552A55So5ZWG5ZOB44Gv44Kz44OB44Op77yePGJyPgrvvIjkuIrvvIk8YSBocmVmPSJodHRwOi8vaXRlbS5yYWt1dGVuLmNvLmpwL3B5dXB5dS9kbmItc2hpcnQtMDEvIj7il4bjgrfjg6Pjg4Q8L2E+ICAK77yI5LiL77yJPGEgaHJlZj0iaHR0cDovL2l0ZW0ucmFrdXRlbi5jby5qcC9weXVweXUvZHNnLWd0czMyODEta25pdC8iPuKXhuODi+ODg+ODiDwvYT4gIDxicj4KPGEgaHJlZj0iaHR0cDovL2l0ZW0ucmFrdXRlbi5jby5qcC9weXVweXUvZHNrLTE1MDItZWFyMS8iPuKXhuOCpOODpOOCq+ODlTwvYT7jgIAKPGEgaHJlZj0iaHR0cDovL2l0ZW0ucmFrdXRlbi5jby5qcC9weXVweXUvZHNrLTE1MDItc2lsdmVyMy8iPuKXhuODgeOCp+ODvOODs+ODluODrOOCuTwvYT7jgIAKPGEgaHJlZj0iaHR0cDovL2l0ZW0ucmFrdXRlbi5jby5qcC9weXVweXUvZHNrLTE1MDItc2lsdmVyMi8iPuKXhuODkOODs+OCsOODqzwvYT4KPC9mb250Pgo8L2Rpdj4KPGJyPjxicj4KCjxkaXYgc3R5bGU9Im1hcmdpbjogMCAwIDEwcHg7Ij48aW1nIHNyYz0iaHR0cDovL2ltYWdlLnJha3V0ZW4uY28uanAvc3R5bGlzZS9jYWJpbmV0L2YtMDEvZHNrMTUwMi1wZWFybDMtNC5qcGciIGFsdD0iRE9OT0JBTiBTRUxFQ1Qo44OJ44OO44OQ44Oz44K744Os44Kv44OIKSIgLz48L2Rpdj4KCjxkaXYgc3R5bGU9Im1hcmdpbjogMCAwIDIwcHg7Ij4gPGZvbnQgc3R5bGU9ImZvbnQtc2l6ZToxNXB4OyI+TU9ERUzvvJrmnInlt53jgZXjgajjgZPjgZXjgpMv6Lqr6ZW377yaMTY1Y208YnI+CiAg77yc44Oi44OH44Or552A55So5ZWG5ZOB44Gv44Kz44OB44Op77yePGJyPgo8YSBocmVmPSJodHRwOi8vaXRlbS5yYWt1dGVuLmNvLmpwL3B5dXB5dS9kc2stMTUwMi1wZWFybDEvIj7il4bjg43jg4Pjgq/jg6zjgrk8L2E+Cjxicj48YnI+CiAg77yc44Kz44OB44Op44KC44OB44Kn44OD44Kv77yB77ye4peP4peL4peP44K544Ov44Ot44OV44K544Kt44O8IOODleOCp+OCpOOCr+ODkeODvOODq+OCt+ODquODvOOCuuKXj+KXi+KXjzxicj4KPGEgaHJlZj0iaHR0cDovL2l0ZW0ucmFrdXRlbi5jby5qcC9weXVweXUvZHNrLTE1MDItcGVhcmwxLyI+4peG44ON44OD44Kv44Os44K5IOOCt+ODp+ODvOODiOOCv+OCpOODlzwvYT7jgIAKPGEgaHJlZj0iaHR0cDovL2l0ZW0ucmFrdXRlbi5jby5qcC9weXVweXUvZHNrLTE1MDItcGVhcmwyLyI+4peG44ON44OD44Kv44Os44K5IOODreODs+OCsOOCv+OCpOODlzwvYT7jgIAKPGJyPgo8L2ZvbnQ+CjwvZGl2PgoKPGRpdiBzdHlsZT0ibWFyZ2luOiAwIDAgMTBweDsiPjxpbWcgc3JjPSJodHRwOi8vaW1hZ2UucmFrdXRlbi5jby5qcC9zdHlsaXNlL2NhYmluZXQvZi0wMS9kc2sxNTAyLXBlYXJsMy01LmpwZyIgYWx0PSJET05PQkFOIFNFTEVDVCjjg4njg47jg5Djg7Pjgrvjg6zjgq/jg4gpIiAvPjwvZGl2Pgo8ZGl2IHN0eWxlPSJwYWRkaW5nOjEwcHg7bWFyZ2luOiAwIDAgMTBweDtmb250LXNpemU6MTJweDtmb250LXdlaWdodDpib2xkO2NvbG9yOiM2NjY7Ym9yZGVyOjFweCBzb2xpZCAjY2NjOyI+RE9OT0JBTiBTRUxFQ1TvvIjjg4njg47jg5Djg7Pjgrvjg6zjgq/jg4jvvInvvZzjg5XjgqfjgqTjgq/jg5Hjg7zjg6vjg6rjg7PjgrA8L2Rpdj4KCjwhLS3ilrzllYblk4HjgIHphY3pgIHjgavjgaTjgYTjgabjga7jg4bjg7zjg5bjg6stLT4KPHRhYmxlIHN0eWxlPSJ0YWJsZS1sYXlvdXQ6IGZpeGVkO3dpZHRoOjc1MHB4O2JvcmRlci1jb2xsYXBzZTpjb2xsYXBzZTttYXJnaW46MCAwIDEwcHggMDtib3JkZXI6MXB4IHNvbGlkICNjY2M7Zm9udC1zaXplOjEycHg7Ij4KPCEtLeKWvOOCq+ODqeODvOOAgee0oOadkOetieOBruODhuODvOODluODqy0tPgoKPHRyPgo8dGggc3R5bGU9IndpZHRoOjEzMHB4O3BhZGRpbmc6MTBweDtiYWNrZ3JvdW5kOiNlZWU7Ym9yZGVyLXJpZ2h0OjFweCBkb3R0ZWQgI2NjYztib3JkZXItYm90dG9tOjFweCBkb3R0ZWQgI2NjYzsiPuOCteOCpOOCujwvdGg+Cjx0ZCBzdHlsZT0icGFkZGluZzoxMHB4O2JvcmRlci1ib3R0b206MXB4IGRvdHRlZCAjY2NjOyI+MTHlj7fnm7jlvZM8YnI+CuKAu+ODj+OCpOODieODoeOCpOODieOBruOBn+OCgeOCteOCpOOCuuOBq+iLpeW5suOBruWAi+S9k+W3ruOBjOOBlOOBluOBhOOBvuOBmeOAguOBlOS6huaJv+OBj+OBoOOBleOBhOOBvuOBm+OAgjxicj48L3RkPgo8L3RyPgoKPHRyPgo8dGggc3R5bGU9IndpZHRoOjEzMHB4O3BhZGRpbmc6MTBweDtiYWNrZ3JvdW5kOiNlZWU7Ym9yZGVyLXJpZ2h0OjFweCBkb3R0ZWQgI2NjYztib3JkZXItYm90dG9tOjFweCBkb3R0ZWQgI2NjYzsiPuOCq+ODqeODvDwvdGg+Cjx0ZCBzdHlsZT0icGFkZGluZzoxMHB4O2JvcmRlci1ib3R0b206MXB4IGRvdHRlZCAjY2NjOyI+44K344Or44OQ44O8PGJyPjwvdGQ+CjwvdHI+Cgo8dHI+Cjx0aCBzdHlsZT0id2lkdGg6MTMwcHg7cGFkZGluZzoxMHB4O2JhY2tncm91bmQ6I2VlZTtib3JkZXItcmlnaHQ6MXB4IGRvdHRlZCAjY2NjO2JvcmRlci1ib3R0b206MXB4IGRvdHRlZCAjY2NjOyI+5ZWG5ZOB6Kqs5piOPC90aD4KPHRkIHN0eWxlPSJwYWRkaW5nOjEwcHg7Ym9yZGVyLWJvdHRvbToxcHggZG90dGVkICNjY2M7Ij4K44K544Ov44Ot44OV44K544Kt44O844Gv44CB44O044Kn44Or44K144Kk44Om5a6u5q6/44KE44Kq44Oa44Op5YqH5aC044Gu44K344Oj44Oz44OH44Oq44Ki44OR44O844OE44Gq44Gp44KC5omL44GM44GR44KL44CBPGJyPgrjgqrjg7zjgrnjg4jjg6rjgqLjga7pq5jntJrjgq/jg6rjgrnjgr/jg6vjgqzjg6njgrnjga7jg5bjg6njg7Pjg4njgafjgZnjgII8YnI+CueLrOiHquOBruijveazleOBqOWKoOW3peOBq+OCiOOCiuOAgeOCr+ODquOCueOCv+ODq+OChOOCrOODqeOCueOBq+alteS4iuOBrui8neOBjeOCkuS4juOBiOOCi+OCueODr+ODreODleOCueOCreODvOOBr+OAgTxicj4KIOa1t+WkluOCu+ODrOODluOBq+OCguaEm+eUqOiAheOBjOWkmuOBj+OAgeacgOmrmOe0muOBquWTgeizquOBruWTgeOAheOCkumAgeOCiuWHuuOBl+OBpuOBhOOBvuOBmeOAgjxicj4KIDxicj4KIOOBk+OBoeOCieOBr+OAgeOBneOBruOCueODr+ODreODleOCueOCreODvOekvuijveOBruODleOCp+OCpOOCr+ODkeODvOODq+ODquODs+OCsOOBp+OBmeOAgjxicj4K44OR44O844Or44GM5Lim44KT44Gg5LiK5ZOB44Gq44OH44K244Kk44Oz44Gq44Gu44Gn44CB6YCa5Yuk44KE44GK5Ye644GL44GR44Gr44Gv44KC44Gh44KN44KT44CBPGJyPgrlhaXlnJLjg7vlhaXlrablvI/jgoTntZDlqZrlvI/jgarjganjg5Xjgqnjg7zjg57jg6vjgarloLTpnaLjgavjgoLjgYrkvb/jgYTjgYTjgZ/jgaDjgZHjgb7jgZnjgII8YnI+CuOBsuOBqOOBpOOBguOCi+OBqOOBleOBvuOBluOBvuOBquOCt+ODvOODs+OBp+OAgemVt+OBj+S9v+OBiOOCi+OBruOBp+OAgeOBn+OBhOOBuOOCk+S+v+WIqeOBp+OBmeOAgjxicj4KPGJyPgrlkIzjg4fjgrbjgqTjg7Pjga7jg43jg4Pjgq/jg6zjgrnjgajjgrvjg4Pjg4jjgafjgYrkvb/jgYTjgYTjgZ/jgaDjgYTjgabjgoLimao8YnI+Cjxicj4KPGEgaHJlZj0iaHR0cDovL2l0ZW0ucmFrdXRlbi5jby5qcC9weXVweXUvZHNrLTE1MDItcGVhcmwxLyI+44ON44OD44Kv44Os44K5IOOCt+ODp+ODvOODiOOCv+OCpOODl+OBr+OBk+OBoeOCie+8nu+8nu+8njwvYT48YnI+CjxhIGhyZWY9Imh0dHA6Ly9pdGVtLnJha3V0ZW4uY28uanAvcHl1cHl1L2Rzay0xNTAyLXBlYXJsMi8iPuODjeODg+OCr+ODrOOCuSDjg63jg7PjgrDjgr/jgqTjg5fjga/jgZPjgaHjgonvvJ7vvJ7vvJ48L2E+PGJyPjwvdGQ+CjwvdHI+Cgo8dHI+Cjx0aCBzdHlsZT0id2lkdGg6MTMwcHg7cGFkZGluZzoxMHB4O2JhY2tncm91bmQ6I2VlZTtib3JkZXItcmlnaHQ6MXB4IGRvdHRlZCAjY2NjO2JvcmRlci1ib3R0b206MXB4IGRvdHRlZCAjY2NjOyI+44GU5rOo5oSPPC90aD4KPHRkIHN0eWxlPSJwYWRkaW5nOjEwcHg7Ym9yZGVyLWJvdHRvbToxcHggZG90dGVkICNjY2M7Ij4K4pag5pKu5b2x5aC05omA44KE44Kk44Oh44O844K444Gr44KI44KK5a6f6Zqb44Gu5ZWG5ZOB44Go6Imy5ZGz44GM6Iul5bmy55Ww44Gq44KL5aC05ZCI44GM44GU44GW44GE44G+44GZ44CC5ZWG5ZOB44Gu44GK6Imy5ZGz44Gv44Kr44Op44O844OQ44Oq44Ko44O844K344On44Oz55S75YOP44KS44GU5Y+C54Wn44GP44Gg44GV44GE44CCPGJyPgrilqDjgarjgovjgbnjgY/jgY3jgozjgYTjgarnirbmhYvjgafnmbrpgIHoh7TjgZfjgb7jgZnjgYzjgIHoo73pgKDlt6XnqIvkuIrjgIHovLjpgIHjga7pmpvjga7msZrjgozjgoTmk6bjgoznrYnjgYzoi6XlubLopovjgonjgozjgovloLTlkIjjgYzjgZTjgZbjgYTjgb7jgZnjgII8YnI+CuOBguOCieOBi+OBmOOCgeS4iuiomOS6i+mgheOCkuOBlOeQhuino+OBlOS6huaJv+OBruOBhuOBiOOAgeOBiuiyt+axguOCgeOBj+OBoOOBleOBhOOBvuOBm+OAgjxicj48L3RkPgo8L3RyPgoKPHRyPgo8dGggc3R5bGU9IndpZHRoOjEzMHB4O3BhZGRpbmc6MTBweDtiYWNrZ3JvdW5kOiNlZWU7Ym9yZGVyLXJpZ2h0OjFweCBkb3R0ZWQgI2NjYztib3JkZXItYm90dG9tOjFweCBkb3R0ZWQgI2NjYzsiPumFjemAgeOBq+OBpOOBhOOBpjwvdGg+Cjx0ZCBzdHlsZT0icGFkZGluZzoxMHB4O2JvcmRlci1ib3R0b206MXB4IGRvdHRlZCAjY2NjOyI+CjwhLS0g4pa84pa84pa85ZWG5ZOB44Gr44KI44Gj44Gm5b+F6KaB44Gq5paH6KiA44KS6YG444Gz44CB44Gd44KM5Lul5aSW44KS44Kz44Oh44Oz44OI44Ki44Km44OI4pa84pa84pa8IC0tPgrigLvjgZPjgaHjgonjga7llYblk4Hjga8054K544G+44Gn44Oh44O844Or5L6/5Y+v44Gn44GZ44CC77yI6YCB5paZ77+lMjAw77yJPGJyPgo8IS0t4oC744GT44Gh44KJ44Gu5ZWG5ZOB44Gv44Oh44O844Or5L6/5a++5b+c5LiN5Y+v44Gn44GZ44CC77yI6YCB5paZ77+lNTQw77yJPGJyPi0tPgrigLvlroXphY3kvr/pgIHmlpnjga/lhajlm73kuIDlvovvv6U1NDDjgajjgarjgorjgb7jgZnjgII8YnI+CuKAu+mFjemAgeimj+e0hOOCkuOBlOeiuuiqjeODu+OBlOS6huaJv+S4i+OBleOBhOOBvuOBmeOCiOOBhuOBiumhmOOBhOiHtOOBl+OBvuOBmeOAgjxicj4K4oC744CQ44Oh44O844Or5L6/T0vjgJHjga7llYblk4HjgafjgoLjg6njg4Pjg5Tjg7PjgrDlr77lv5zjga7loLTlkIjjga/jg6Hjg7zjg6vkvr/kuI3lj6/jgajjgarjgorjgIHlroXphY3kvr/jgafjga7phY3pgIHjgajjgarjgorjgb7jgZnjgILjgb7jgZ/jgIHjgJDjg6Hjg7zjg6vkvr/pgIHmlpnnhKHmlpnjgJHjga7loLTlkIjjgoLlkIzmp5jjgavjgIHjg6njg4Pjg5Tjg7PjgrDlr77lv5zjga7loLTlkIjjga/lroXphY3kvr/jgajjgarjgorjgIHpgIHmlpnjgYzliKXpgJTjgYvjgYvjgorjgb7jgZnjgILjgYLjgonjgYvjgZjjgoHjgZTkuobmib/jgY/jgaDjgZXjgYTjgIIKPCEtLSDilrLilrLilrLllYblk4HjgavjgojjgaPjgablv4XopoHjgarmlofoqIDjgpLpgbjjgbPjgIHjgZ3jgozku6XlpJbjgpLjgrPjg6Hjg7Pjg4jjgqLjgqbjg4jilrLilrLilrIgLS0+PC90ZD4KPC90cj4KPC90YWJsZT4KPCEtLeKWsuWVhuWTgeOAgemFjemAgeOBq+OBpOOBhOOBpuOBruODhuODvOODluODqy0tPgoKPCEtLeKYheKYheKYheOCouODnuOCvuODs+eUqOOCq+ODhuOCtOODquKYheKYheKYhS0tPgo8dGFibGUgc3R5bGU9InRhYmxlLWxheW91dDogZml4ZWQ7d2lkdGg6NzUwcHg7Ym9yZGVyLWNvbGxhcHNlOmNvbGxhcHNlO21hcmdpbjowIDAgMTBweDtib3JkZXI6MXB4IHNvbGlkICNjY2M7dGV4dC1hbGlnbjpjZW50ZXI7Zm9udC1zaXplOjEycHg7Ij4KCjx0cj4KPHRkIGNvbHNwYW49IjIiIHN0eWxlPSJwYWRkaW5nOjVweCAwO2JvcmRlci1ib3R0b206MXB4IGRvdHRlZCAjY2NjOyI+CkRPTk9CQU4gU0VMRUNUICjjg4njg47jg5Djg7Pjgrvjg6zjgq/jg4gpCjwvdHI+Cgo8dHI+Cjx0ZCBzdHlsZT0icGFkZGluZzo1cHggMDtib3JkZXItYm90dG9tOjFweCBkb3R0ZWQgI2NjYzsiPkxhZGllczwvdGg+Cjx0ZCBzdHlsZT0icGFkZGluZzo1cHggMDtib3JkZXItYm90dG9tOjFweCBkb3R0ZWQgI2NjYzsiPkFjY2Vzb3JpZXM8L3RkPgo8L3RyPgoKPC90YWJsZT4KCjxpZnJhbWUgc3JjPSIKaHR0cDovL3d3dy5yYWt1dGVuLm5lLmpwL2dvbGQvcHl1cHl1L19mcmFtZS9mYXZvcml0ZS9zZWxlY3QuaHRtbCIgZnJhbWVib3JkZXI9IjAiIHdpZHRoPSI3NTAiaGVpZ2h0PSI1MDAiIHNjcm9sbGluZz0ibm8iaHNwYWNlPSIwInZzcGFjZT0iMCJtYXJnaW5oZWlnaHQ9IjAibWFyaGlud2lkdGg9IjAiIGJvcmRlcj0iMCI+PC9pZnJhbWU+PCEtLSBHVy/lubTmnKvlubTlp4sgPGRpdiBzdHlsZT0ibWFyZ2luLWJvdHRvbToxMHB4Ij48aW1nIHNyYz0iaHR0cDovL3d3dy5yYWt1dGVuLm5lLmpwL2dvbGQvZG9ub2Jhbi9tb2JpbGUvYXNzZXRzL2ltYWdlcy8yMDE3MDMxOF82MTZ4MTIwLmpwZyIgd2lkdGg9Ijc1MHB4Ij48L2Rpdj4gLS0+Cgo8IS0tPGRpdiBzdHlsZT0ibWFyZ2luLWJvdHRvbTozMHB4Ij48aW1nIHNyYz0iaHR0cDovL3d3dy5yYWt1dGVuLm5lLmpwL2dvbGQvZG9ub2Jhbi9fZGF0YS9iYW5uZXIvYm5yXzk4MF8xNjA4aW5mby5qcGciIHdpZHRoPSI3NTBweCI+PC9kaXY+LS0+CjwhLS0g44Kk44Oz44K544K/44Kw44Op44OgCiAtLT4KCjwhLS0gPGRpdiBpZD0ic2FsZVVuZGVyQm5yIj48L2Rpdj4gLS0+Cgo8IS0tIFBVU0ggVVAgSVRFTVMgLS0+,44CQ44Oh44O844Or5L6/T0vjgJFET05PQkFOIFNFTEVDVCDjg4njg47jg5Djg7Pjgrvjg6zjgq/jg4gg44OV44Kn44Kk44Kv44OR44O844OrIOODquODs+OCsO+9nCDjg6zjg4fjgqPjg7zjgrkg5oyH6LyqIOOCouOCr+OCu+OCteODquODvCDjgrnjg6/jg63jg5Xjgrnjgq3jg7wgc3dhcm92c2tpIOe1kOWpmuW8jyDkuozmrKHkvJog44OR44O844OG44Kj44O8IOOCq+OCuOODpeOCouODqyDjgqLjgq/jgrsg5aWz44Gu5a2QIOOCtOODvOODq+ODiSDjgrfjg6vjg5Djg7wg55yf54+gW1RdKEwpW0ZTXe+8mlB5dVB5de+8iOODlOODpeODlOODpe+8iQ==,44Of44ON44OI44Oz44Kr44Kz44Oz44OQ44O844K5VUdH44Kv44Ot44OD44Kv44K5RU1V44OL44Ol44O844Ko44Op5r+A5a6J5bqX6IiX5qW95aSp5qKo6IqxVU1P5YG954mp5q2j6KaP5ZOB44Oi44Kr44K344Oz44K144Kk44K644OI44Op44Oz44OR44O844OK44OH44Kj44Ki44OV44Oq44Oz44K444Og44O844OI44Oz44OW44O844OE44CQ44Oh44O844Or5L6/T0vjgJFET05PQkFOIFNFTEVDVCDjg4njg47jg5Djg7Pjgrvjg6zjgq/jg4gg44OV44Kn44Kk44Kv44OR44O844OrIOODquODs+OCsO+9nCDjg6zjg4fjgqPjg7zjgrkg5oyH6LyqIOOCouOCr+OCu+OCteODquODvCDjgrnjg6/jg63jg5Xjgrnjgq3jg7wgc3dhcm92c2tpIOe1kOWpmuW8jyDkuozmrKHkvJog44OR44O844OG44Kj44O8IOOCq+OCuOODpeOCouODqyDjgqLjgq/jgrsg5aWz44Gu5a2QIOOCtOODvOODq+ODiSDjgrfjg6vjg5Djg7wg55yf54+gW1RdKEwpW0ZTXQ==,MuasoeS8miDlhaXlnJIg5YWl5a2mIOWNkuWckiDljZLmpa0g44OV44Kp44O844Oe44OrIOW8j+WFuCDmjIfovKril4bjgILjgJDjg6Hjg7zjg6vkvr9PS+OAkURPTk9CQU4gU0VMRUNUIOODieODjuODkOODs+OCu+ODrOOCr+ODiCDjg5XjgqfjgqTjgq/jg5Hjg7zjg6sg44Oq44Oz44Kw772cIOODrOODh+OCo+ODvOOCuSDmjIfovKog44Ki44Kv44K744K144Oq44O8IOOCueODr+ODreODleOCueOCreODvCBzd2Fyb3Zza2kg57WQ5ama5byPIOS6jOasoeS8miDjg5Hjg7zjg4bjgqPjg7wg44Kr44K444Ol44Ki44OrIOOCouOCr+OCuyDlpbPjga7lrZAg44K044O844Or44OJIOOCt+ODq+ODkOODvCDnnJ/nj6BbVF0oTClbRlNd[rn]
39-1011,aHR0cDovL3RzaG9wLnIxMHMuanAvYW5hcGtpZHNnaXJsL2NhYmluZXQvMS8wLzEvMjI2MTAxLW1haW4uanBnP2ZpdGluPTcwMDo3MDA=,NTYxLjYwMDA=,,44K444Ol44Ko44Oq44O844O744Ki44Kv44K744K144Oq44O8ID4g44Os44OH44Kj44O844K544K444Ol44Ko44Oq44O844O744Ki44Kv44K744K144Oq44O8ID4g5oyH6Lyq44O744Oq44Oz44Kw,44CQNTDvvIVPRkbjgJHjgq3jg6Xjg7zjg5bDl+ODkOODvOODquODs+OCsOOAkOOCouODiuODg+ODlyDjgrvjg4Pjg4bjgqPjg5/jg4Pjgrfjg6IgU2V0dGltaXNzaW1vIOODrOODh+OCo+ODvOOCuSDjgqLjgq/jgrvjgrXjg6rjg7wg6YqAIOOCt+ODq+ODkOODvCDmmKXniakg5pil5aSPIFNTIOOCreODpeODvOODliDDlyDjg5Djg7wg44Oq44Oz44KwIOeEoeWcsCDjgrnjgr/jgqTjg6rjg7PjgrAgbW0g5ZCI6YeR44CR,44CQ44K744OD44OG44Kj44Of44OD44K344Oi44CR44CQU2V0dGltaXNzaW1v44CR,,44CQNTDvvIVPRkbjgJHjgq3jg6Xjg7zjg5YmdGltZXM744OQ44O844Oq44Oz44Kw44CQ44Ki44OK44OD44OXIOOCu+ODg+ODhuOCo+ODn+ODg+OCt+ODoiBTZXR0aW1pc3NpbW8g44Os44OH44Kj44O844K5IOOCouOCr+OCu+OCteODquODvCDpioAg44K344Or44OQ44O8IOaYpeeJqSDmmKXlpI8gU1Mg44Kt44Ol44O844OWICZ0aW1lczsg44OQ44O8IOODquODs+OCsCDnhKHlnLAg44K544K/44Kk44Oq44Oz44KwIG1tIOWQiOmHkeOAke+8mkFOQVDjgqrjg7Pjg6njgqTjg7MgS2lkc++8hkdpcmw=,QU5BUOOCouODiuODg+ODl+ODrOODh+OCo+ODvOOCueWtkOS+m+acjeODleOCoeODg+OCt+ODp+ODs+ODl+ODgeODl+ODqeODiOODg+ODl+OCueODnOODiOODoOOCueOCueOCreODi+ODvOODkeODs+ODhOODr+ODs+ODlOODvOOCueOCq+ODvOODh+OCreODg+OCuuOCrOODvOODq+OCteODs+ODgOODq+OCouOCr+OCu+OCteODquODvG1pbXBpY2hpbGxla2lkc2dpcmzjgJA1MO+8hU9GRuOAkeOCreODpeODvOODliZ0aW1lczvjg5Djg7zjg6rjg7PjgrDjgJDjgqLjg4rjg4Pjg5cg44K744OD44OG44Kj44Of44OD44K344OiIFNldHRpbWlzc2ltbyDjg6zjg4fjgqPjg7zjgrkg44Ki44Kv44K744K144Oq44O8IOmKgCDjgrfjg6vjg5Djg7wg5pil54mpIOaYpeWkjyBTUyDjgq3jg6Xjg7zjg5YgJnRpbWVzOyDjg5Djg7wg44Oq44Oz44KwIOeEoeWcsCDjgrnjgr/jgqTjg6rjg7PjgrAgbW0g5ZCI6YeR44CR,44CQ44K744OD44OG44Kj44Of44OD44K344Oi44CR44CQU2V0dGltaXNzaW1v44CR44CC44CQNTDvvIVPRkbjgJHjgq3jg6Xjg7zjg5YmdGltZXM744OQ44O844Oq44Oz44Kw44CQ44Ki44OK44OD44OXIOOCu+ODg+ODhuOCo+ODn+ODg+OCt+ODoiBTZXR0aW1pc3NpbW8g44Os44OH44Kj44O844K5IOOCouOCr+OCu+OCteODquODvCDpioAg44K344Or44OQ44O8IOaYpeeJqSDmmKXlpI8gU1Mg44Kt44Ol44O844OWICZ0aW1lczsg44OQ44O8IOODquODs+OCsCDnhKHlnLAg44K544K/44Kk44Oq44Oz44KwIG1tIOWQiOmHkeOAkQ==[rn]
39-1012,aHR0cDovL3RzaG9wLnIxMHMuanAvYW5hcGtpZHNnaXJsL2NhYmluZXQvMS8wLzUvMTkwMTA1LW1haW4uanBnP2ZpdGluPTcwMDo3MDA=,NjU2LjAwMDA=,,44K444Ol44Ko44Oq44O844O744Ki44Kv44K744K144Oq44O8ID4g44Os44OH44Kj44O844K544K444Ol44Ko44Oq44O844O744Ki44Kv44K744K144Oq44O8ID4g5oyH6Lyq44O744Oq44Oz44Kw,44CQNjDvvIVPRkbjgJHjgqvjg6njg7zjgrnjg4jjg7zjg7PDl+ODgeOCp+ODvOODs0JJR+ODquODs+OCsOOAkOOCouODiuODg+ODlyBBTkFQIOODrOODh+OCo+ODvOOCuSDjgqLjgq/jgrvjgrXjg6rjg7wg6LWkIOe3kSDpnZIg44Os44OD44OJIOOCsOODquODvOODsyDjg5bjg6vjg7wg5Yas54mpIOeni+WGrCBBVyDjgqvjg6njg7wg44K544OI44O844OzIMOXIOODgeOCp+ODvOODsyBCSUcg44Oq44Oz44KwIOWtmOWcqOaEnyDjgr/jg4Pjgrvjg6sg44GU6YGg5oWu44CR,44CQ44Ki44OK44OD44OX44CR44CQQU5BUOOAkQ==,PHAgY2xhc3M9Iml0ZW1fdGl0bGUiPuOCq+ODqeODvOOCueODiOODvOODs8OX44OB44Kn44O844OzQklH44Oq44Oz44KwPC9wPjxkaXYgY2xhc3M9Im1haW4taW1hZ2UiPjxpbWcgc3JjPSJodHRwOi8vaW1hZ2UucmFrdXRlbi5jby5qcC9hbmFwa2lkc2dpcmwvY2FiaW5ldC8xLzAvNS8xOTAxMDUtbWFpbi5qcGciPjwvZGl2PjxkaXYgY2xhc3M9ImFuYXAtaXRlbS12YXJpYXRpb24taW1hZ2VzIHZhcmlhdGlvbjMiPjxwPkNPTE9SIFZBUklBVElPTjwvcD48ZGl2IGNsYXNzPSJpbWFnZSI+PGltZyBzcmM9Imh0dHA6Ly9pbWFnZS5yYWt1dGVuLmNvLmpwL2FuYXBraWRzZ2lybC9jYWJpbmV0LzEvMC81LzE5MDEwNS1yZWQuanBnIj48L2Rpdj48ZGl2IGNsYXNzPSJpbWFnZSI+PGltZyBzcmM9Imh0dHA6Ly9pbWFnZS5yYWt1dGVuLmNvLmpwL2FuYXBraWRzZ2lybC9jYWJpbmV0LzEvMC81LzE5MDEwNS1ncmVlbi5qcGciPjwvZGl2PjxkaXYgY2xhc3M9ImltYWdlIj48aW1nIHNyYz0iaHR0cDovL2ltYWdlLnJha3V0ZW4uY28uanAvYW5hcGtpZHNnaXJsL2NhYmluZXQvMS8wLzUvMTkwMTA1LWJsdWUuanBnIj48L2Rpdj48L2Rpdj48ZGl2IGNsYXNzPSJhbmFwLWl0ZW0tZGV0YWlsLWltYWdlcyI+PHA+SVRFTSBERVRBSUxTPC9wPjxkaXYgY2xhc3M9ImltYWdlIj48aW1nIHNyYz0iaHR0cDovL2ltYWdlLnJha3V0ZW4uY28uanAvYW5hcGtpZHNnaXJsL2NhYmluZXQvMS8wLzUvMTkwMTA1LXN1YjEuanBnIj48L2Rpdj48ZGl2IGNsYXNzPSJpbWFnZSI+PGltZyBzcmM9Imh0dHA6Ly9pbWFnZS5yYWt1dGVuLmNvLmpwL2FuYXBraWRzZ2lybC9jYWJpbmV0LzEvMC81LzE5MDEwNS1zdWIyLmpwZyI+PC9kaXY+PGRpdiBjbGFzcz0iaW1hZ2UiPjxpbWcgc3JjPSJodHRwOi8vaW1hZ2UucmFrdXRlbi5jby5qcC9hbmFwa2lkc2dpcmwvY2FiaW5ldC8xLzAvNS8xOTAxMDUtc3ViMy5qcGciPjwvZGl2PjxkaXYgY2xhc3M9ImltYWdlIj48aW1nIHNyYz0iaHR0cDovL2ltYWdlLnJha3V0ZW4uY28uanAvYW5hcGtpZHNnaXJsL2NhYmluZXQvMS8wLzUvMTkwMTA1LXN1YjQuanBnIj48L2Rpdj48L2Rpdj48ZGl2IGNsYXNzPSJhbmFwLWl0ZW0tZGVzY3JpcHRpb24iPjxkaXYgY2xhc3M9InNlY3Rpb25fdG9wIj7llYblk4HoqqzmmI48L2Rpdj7lrZjlnKjmhJ/il47jga7jgrnjg4jjg7zjg7Pku5jjgY3jg6rjg7PjgrA8YnI+PGJyPuOChuOCieOChuOCieaPuuOCjOOCi+OCv+ODg+OCu+ODq+ODgeOCp+ODvOODs+S7mOOBjSE8YnI+PGJyPu+8nOOCteOCpOOCuu+8njxicj4xNuWPtyjoqr/nr4DkuI3lj68pPGJyPuW5he+8mu+8iOWJje+8iTNjbe+8iOW+jOOCje+8iTFjbTxicj48YnI+77yc57Sg5p2Q77yePGJyPumHkeWxnjxicj7igLvph5HlsZ7jgqLjg6zjg6vjgq7jg7zjga7mlrnjga/jgZTpgaDmha7jgY/jgaDjgZXjgYTjgII8YnI+PGJyPuODoeODvOOCq+ODvOW4jOacm+Wwj+WjsuS+oeagvOOBr+ODoeODvOOCq+ODvOOCq+OCv+ODreOCsOOBq+WfuuOBpeOBhOOBpuaOsui8ieOBl+OBpuOBhOOBvuOBmeOAgjxwIGNsYXNzPSJhbmFwLWl0ZW0tdGl0bGUiPu+8nOOCq+ODhuOCtOODquODvO+8njwvcD7jg6zjg4fjgqPjg7zjgrkv44Ki44Kv44K744K144Oq44O8L+ODquODs+OCsDxicj7jg5bjg6njg7Pjg4kvQU5BUDxicj48cCBjbGFzcz0iYW5hcC1pdGVtLXRpdGxlIj7vvJzplqLpgKPmpJzntKLvvJ48L3A+44Ki44OK44OD44OXL0FOQVAv44Os44OH44Kj44O844K5L+OCouOCr+OCu+OCteODquODvC/otaQv57eRL+mdki/jg6zjg4Pjg4kv44Kw44Oq44O844OzL+ODluODq+ODvC/lhqzniakv56eL5YasL0FXL+OCq+ODqeODvC/jgrnjg4jjg7zjg7Mvw5cv44OB44Kn44O844OzL0JJRy/jg6rjg7PjgrAv5a2Y5Zyo5oSfL+OCv+ODg+OCu+ODqy/jgZTpgaDmha48cCBjbGFzcz0iYW5hcC1pdGVtLXRpdGxlIj7vvJzjgqvjg6njg7zvvJ48L3A+PGZvbnQgY29sb3I9IiNiMGIwYjAiPuODrOODg+ODiSDotaQgcmVkIOOCjOOBo+OBqSDjgYLjgYsg44Ki44KrIOOCsOODquODvOODsyDnt5EgZ3JlZW4g44GQ44KK44O844KTIOOBv+OBqeOCiiDjg5bjg6vjg7wg6Z2SIGJsdWUg44G244KL44O8IOOBguOBiiDjgqLjgqog6Imy44CA44GE44KNIGNvbG9yIOOBi+OCieODvDwvZm9udD48L2Rpdj48ZGl2IGNsYXNzPSJhbmFwLWNvbW1vbi1zZWN0aW9uIj48L2Rpdj48ZGl2IGNsYXNzPSJhbmFwLXJlbGF0ZWQtaXRlbXMiPjwvZGl2Pg==,44CQNjDvvIVPRkbjgJHjgqvjg6njg7zjgrnjg4jjg7zjg7MmdGltZXM744OB44Kn44O844OzQklH44Oq44Oz44Kw44CQ44Ki44OK44OD44OXIEFOQVAg44Os44OH44Kj44O844K5IOOCouOCr+OCu+OCteODquODvCDotaQg57eRIOmdkiDjg6zjg4Pjg4kg44Kw44Oq44O844OzIOODluODq+ODvCDlhqzniakg56eL5YasIEFXIOOCq+ODqeODvCDjgrnjg4jjg7zjg7MgJnRpbWVzOyDjg4Hjgqfjg7zjg7MgQklHIOODquODs+OCsCDlrZjlnKjmhJ8g44K/44OD44K744OrIOOBlOmBoOaFruOAke+8mkFOQVDjgqrjg7Pjg6njgqTjg7MgS2lkc++8hkdpcmw=,QU5BUOOCouODiuODg+ODl+ODrOODh+OCo+ODvOOCueWtkOS+m+acjeODleOCoeODg+OCt+ODp+ODs+ODl+ODgeODl+ODqeODiOODg+ODl+OCueODnOODiOODoOOCueOCueOCreODi+ODvOODkeODs+ODhOODr+ODs+ODlOODvOOCueOCq+ODvOODh+OCreODg+OCuuOCrOODvOODq+OCteODs+ODgOODq+OCouOCr+OCu+OCteODquODvG1pbXBpY2hpbGxla2lkc2dpcmzjgJA2MO+8hU9GRuOAkeOCq+ODqeODvOOCueODiOODvOODsyZ0aW1lczvjg4Hjgqfjg7zjg7NCSUfjg6rjg7PjgrDjgJDjgqLjg4rjg4Pjg5cgQU5BUCDjg6zjg4fjgqPjg7zjgrkg44Ki44Kv44K744K144Oq44O8IOi1pCDnt5Eg6Z2SIOODrOODg+ODiSDjgrDjg6rjg7zjg7Mg44OW44Or44O8IOWGrOeJqSDnp4vlhqwgQVcg44Kr44Op44O8IOOCueODiOODvOODsyAmdGltZXM7IOODgeOCp+ODvOODsyBCSUcg44Oq44Oz44KwIOWtmOWcqOaEnyDjgr/jg4Pjgrvjg6sg44GU6YGg5oWu44CR,44CQ44Ki44OK44OD44OX44CR44CQQU5BUOOAkeOAguOAkDYw77yFT0ZG44CR44Kr44Op44O844K544OI44O844OzJnRpbWVzO+ODgeOCp+ODvOODs0JJR+ODquODs+OCsOOAkOOCouODiuODg+ODlyBBTkFQIOODrOODh+OCo+ODvOOCuSDjgqLjgq/jgrvjgrXjg6rjg7wg6LWkIOe3kSDpnZIg44Os44OD44OJIOOCsOODquODvOODsyDjg5bjg6vjg7wg5Yas54mpIOeni+WGrCBBVyDjgqvjg6njg7wg44K544OI44O844OzICZ0aW1lczsg44OB44Kn44O844OzIEJJRyDjg6rjg7PjgrAg5a2Y5Zyo5oSfIOOCv+ODg+OCu+ODqyDjgZTpgaDmha7jgJE=[rn]
39-1013,aHR0cDovL3RzaG9wLnIxMHMuanAvdmllYW5nZS9jYWJpbmV0L2xvdmVyc19zY2VuZS9sc3IvbHNyMDA5OGRscm0uanBnP2ZpdGluPTcwMDo3MDA=,NjczOS4yMDAw,,44K444Ol44Ko44Oq44O844O744Ki44Kv44K744K144Oq44O8ID4g44Os44OH44Kj44O844K544K444Ol44Ko44Oq44O844O744Ki44Kv44K744K144Oq44O8ID4g5oyH6Lyq44O744Oq44Oz44Kw,44CQ5Yi75Y2w5a++5b+c44CR4peGTE9WRVJTIFNDRU5FIOODqeODkOODvOOCuuOCt+ODvOODs+KXhuOCt+ODq+ODkOODvOODquODs+OCsO+8iOODrOODh+OCo+ODvOOCue+8ieOAkExTUjAwOThETFJN44CR44CQ44K344Or44OQ44O844Oq44Oz44KwIOODmuOCouODquODs+OCsCDjg5rjgqIg5oyH6LyqIOODgOOCpOODpOODouODs+ODiSDjg63jgrjjgqbjg6DliqDlt6Ug44OX44Os44K844Oz44OIIOiomOW/tSDjg6rjg7PjgrAg44K344Or44OQ44O8IOOCuOODpeOCqOODquODvCDjg4/jg7zjg4jlnosg44Ku44OV44OIIOWmuyDjgYvjgo/jgYTjgYTjgJHmr43jga7ml6Ug44K344Oz44OX44Or,44OP44O844OI44GM5rWu44GL44Gz5LiK44GM44KL5Lq65rCX44Gu44Oa44Ki44Oq44Oz44KwIOODgOOCpOODpOODouODs+ODiQ==,PGNlbnRlcj48YSBocmVmPSJodHRwczovL215LmJvb2ttYXJrLnJha3V0ZW4uY28uanAvP2Z1bmM9cmVnJnN2aWQ9MTAxJnNob3BfYmlkPTIwMzk0NyZpaWQ9MTAwMDExMjgmaXR5cGU9MSB0YXJnZXQ9X2JsYW5rIj48aW1nIHNyYz0iaHR0cDovL2ltYWdlLnJha3V0ZW4uY28uanAvdmllYW5nZS9jYWJpbmV0L3BfYm5yX2Zhdml0ZW0uanBnIiBib3JkZXI9IjAiIHdpZHRoPSI2NjAiIGhlaWdodD0iMTMwIj48L2E+PC9jZW50ZXI+PGJyPjxicj48aW1nIHNyYz0iaHR0cDovL2ltYWdlLnJha3V0ZW4uY28uanAvdmllYW5nZS9jYWJpbmV0L2NhbXBhaWduL2xzX3BjX3Rva3V0ZW4uanBnImFsdD0iTE9WRVJTIFNDRU5FIOOCreODo+ODs+ODmuODvOODsyI+PGJyPjxicj4KCjxicj4KPGZvbnQgc2l6ZT0iMiIgY29sb3I9IiMzMzMzMzMiPgoyMDE0LjguMeaZgueCueOAgOOCt+ODquODvOOCuuWQiOioiAo8L2ZvbnQ+Cgo8aW1nIHNyYz0iaHR0cDovL2ltYWdlLnJha3V0ZW4uY28uanAvdmllYW5nZS9jYWJpbmV0L2ltYWdlL2xzcjAwOThfaW1hZ2UzLmpwZyI+Cgo8aW1nIHNyYz0iaHR0cDovL2ltYWdlLnJha3V0ZW4uY28uanAvdmllYW5nZS9jYWJpbmV0L2xvdmVyc19zY2VuZS9sc3IvbHNyMDA5OF9pbWcuanBnIiB3aWR0aD0iNzU1IiBoZWlnaHQ9IjU1MyIgY2xhc3M9ImltZzQwIiAvPgoKCiAgICAgICAgCiAgICAgICAgPHAgY2xhc3M9ImltZzE1Ij7lpKfliIfjgarkurrjgajjg4/jg7zjg4jjgpLliIbjgYvjgaHlkIjjgYbjg4DjgqTjg6Tjg6Ljg7Pjg4nlhaXjgorjgrfjg6vjg5Djg7zjg7vjg6rjg7PjgrDjgIIg5YSq576O44Gr5rSX57e044GV44KM44Gf44OV44Kp44Or44Og44Gr5bCP44GV44Gq56eY5a+G44GM4oCmPGJyIC8+CiAgICAgICAgMuOBpOOBruODquODs+OCsOOCkumHjeOBreOBguOCj+OBm+OCi+OBqOOAgeOCqOODg+OCuOODu+ODqeOCpOODs+OBjOOCs+ODs+ODl+ODquODvOODiOODu+ODj+ODvOODiOOCkuW9ouOBpeOBj+OCiuOBvuOBmeOAgjxicj4KCjxicj4KCjxkaXYgY2xhc3M9ImNhXzAxIj4KPGltZyBzcmM9Imh0dHA6Ly9pbWFnZS5yYWt1dGVuLmNvLmpwL3ZpZWFuZ2UvY2FiaW5ldC93cmFwcGluZy93cmFwcGluZ190aXRsZS5qcGciIGFsdD0i44Op44OD44OU44Oz44KwIj4KCjxicj48YnI+PGJyPgoKPHRhYmxlIGJvcmRlcj0iMCIgd2lkdGg9IjY2MHB4Ij4KPHRyPgo8dGQ+CjxpbWcgc3JjPSJodHRwOi8vaW1hZ2UucmFrdXRlbi5jby5qcC92aWVhbmdlL2NhYmluZXQvd3JhcHBpbmcvbHNfd3JhcF8wMV8xLmpwZyIgYWx0PSJMT1ZFUlMgU0NFTkUgIOmAmuW4uOODqeODg+ODlOODs+OCsCI+CjwvdGQ+Cjx0ZD4KPGltZyBzcmM9Imh0dHA6Ly9pbWFnZS5yYWt1dGVuLmNvLmpwL3ZpZWFuZ2UvY2FiaW5ldC93cmFwcGluZy9sc193cmFwXzAyLmpwZyIgYWx0PSJMT1ZFUlMgU0NFTkXjgIDjgqjjgrPjg6njg4Pjg5Tjg7PjgrAiPgo8L3RkPgo8dGQ+CjxhICBocmVmPSJodHRwOi8vaXRlbS5yYWt1dGVuLmNvLmpwL3ZpZWFuZ2UvYy8wMDAwMDAwNzgxLyI+PGltZyBzcmM9Imh0dHA6Ly9pbWFnZS5yYWt1dGVuLmNvLmpwL3ZpZWFuZ2UvY2FiaW5ldC93cmFwcGluZy9sc193cmFwXzAzLmpwZyIgYWx0PSJMT1ZFUlMgU0NFTkXjgIDjgrnjg5rjgrfjg6Pjg6vjg6njg4Pjg5Tjg7PjgrAiPjwvYT4KPC90ZD4KPC90cj4KPC90YWJsZT4KPGltZyBzcmM9Imh0dHA6Ly9pbWFnZS5yYWt1dGVuLmNvLmpwL3ZpZWFuZ2UvY2FiaW5ldC93cmFwcGluZy9raWtpbi5qcGciIGFsdD0i5aSp5L2/44Gu5Y215Z+66YeRIj4KCjxhICBocmVmPSJodHRwOi8vaXRlbS5yYWt1dGVuLmNvLmpwL3ZpZWFuZ2UvYy8wMDAwMDAwNzkxLyI+CjxpbWcgc3JjPSJodHRwOi8vaW1hZ2UucmFrdXRlbi5jby5qcC92aWVhbmdlL2NhYmluZXQvd3JhcHBpbmcvbHNfY2FyZC5qcGciIGFsdD0i44Oh44OD44K744O844K444Kr44O844OJIj48L2E+CgoKPGltZyAKc3JjPSJodHRwOi8vaW1hZ2UucmFrdXRlbi5jby5qcC92aWVhbmdlL2NhYmluZXQvY2FtcGFpZ24vbm9iZV9sc182NjAuanBnIiB3aWR0aD0iNjYwIiBoaWdodD0iMjAwIiBhbHQ9IkxPVkVSUyBTQ0VORSDjg47jg5njg6vjg4bjgqMiPjxicj48YnI+CjwvZGl2Pjxmb250IGNvbG9yPSM2OTY5Njkgc2l6ZT0iMiI+CuWkp+WIh+OBquS6uuOBqOODj+ODvOODiOOCkuWIhuOBi+OBoeWQiOOBhuODgOOCpOODpOODouODs+ODieWFpeOCiuOCt+ODq+ODkOODvOODu+ODquODs+OCsOOAgjwvZm9udD48YnI+Cjxmb250IGNvbG9yPSM2OTY5Njkgc2l6ZT0iMiI+CuWEque+juOBq+a0l+e3tOOBleOCjOOBn+ODleOCqeODq+ODoOOBq+Wwj+OBleOBquenmOWvhuOBjOKApjwvZm9udD48YnI+Cjxmb250IGNvbG9yPSMwMDk5RkYgc2l6ZT0iMiI+5Yil5aOy44GuTFNSMDA5OE1STe+8iOeUt+aAp+eUqO+8ieOBqOODmuOCouOBp+mHjeOBreOBguOCj+OBm+OCi+OBqOOAgeOCqOODg+OCuOODu+ODqeOCpOODs+OBjOOCs+ODs+ODl+ODquODvOODiOODu+ODj+ODvOODiOOCkuW9ouOBpeOBj+OCiuOBvuOBmeOAgjwvZm9udD48YnI+Cjxicj4KPj7jg5rjgqLjgafjga7jgYrmsYLjgoHjga/jgZPjgaHjgok8YnI+PGJyPgo8Zm9udCBjb2xvcj0jNjk2OTY5IHNpemU9IjIiPuKWoOe0oOadkOKWoDwvZm9udD48YnI+Cjxicj4KPGZvbnQgY29sb3I9IzY5Njk2OSBzaXplPSIyIj5TVjkyNe+8iOODreOCuOOCpuODoOODu+OCs+ODvOODhuOCo+ODs+OCsO+8iTwvZm9udD48YnI+Cjxmb250IGNvbG9yPSM2OTY5Njkgc2l6ZT0iMiI+44OA44Kk44Ok44Oi44Oz44OJPC9mb250Pjxicj4KPGJyPgo8Zm9udCBjb2xvcj0jNjk2OTY5IHNpemU9IjIiPuKWoOWkp+OBjeOBlShtbSnilqA8L2ZvbnQ+PGJyPgo8YnI+Cjxmb250IGNvbG9yPSM2OTY5Njkgc2l6ZT0iMiI+5bmF57SEMi4zw5fljprjgb/ntIQyLjA8L2ZvbnQ+PGJyPgo8YnI+CiA8Zm9udCBjb2xvcj0jNjk2OTY5IHNpemU9IjIiPuKWoOmHjemHj+KWoDwvZm9udD48YnI+Cjxicj4KPGZvbnQgY29sb3I9IzY5Njk2OSBzaXplPSIyIj7ntIQyLjFnPC9mb250Pjxicj4KPGJyPgo8Zm9udCBjb2xvcj0jNjk2OTY5IHNpemU9Ii0yIj7igLvjgrXjgqTjgrrjg7vph43ph4/jgavjga/lpJrlsJHjga7lgIvkvZPlt67jgYzlh7rjgb7jgZnigLs8L2ZvbnQ+Cjxicj4KPGZvbnQgY29sb3I9ImZmMDAwMCI+PGI+44GT44Gu44Oq44Oz44Kw44Gv5aWH5pWw44K144Kk44K644Gu44G/44Gu44GK5Y+W44KK5omx44GE44Gn44GZ44CCPGJyPgrjgb7jgZ/jgIHjgrXjgqTjgrrnm7TjgZfjgoLlh7rmnaXjgb7jgZvjgpPjga7jgafjgIHjgrXjgqTjgrrjgpLjgojjgY/jgYrnorrjgYvjgoHjga7kuIrjgZTms6jmlofkuIvjgZXjgYTjgII8L2I+PC9mb250Pgo8YnI+PGJyPjxicj4KCgo8aW1nIHNyYz0iaHR0cDovL2ltYWdlLnJha3V0ZW4uY28uanAvdmllYW5nZS9jYWJpbmV0L3BhcnRzL2xzX2tva3Vpbi5qcGciIHdpZHRoPSI0MDAiIGhlaWdodD0iMzUiIGFsdD0i5Yi75Y2w44K144O844OT44K5IiAgLz4KCjxicj48YnI+Cgo8cD7jg6rjg7PjgrDjga7lhoXlgbTjgavjg6Hjg4Pjgrvjg7zjgrjjgoTjgYrlkI3liY3jgarjganjgpLliLvljbDjgZnjgovjgZPjgajjgYzjgafjgY3jgb7jgZnjgII8YnI+CuWIu+Wtl+apn+OCkuS9v+OBo+OBpuOCr+ODqeODleODiOODnuODs+OBjOaJi+S9nOalreOBpzHmloflrZcx5paH5a2X5LiB5a+n44Gr5Yi75Y2w6Ie044GX44G+44GZ44CCPC9wPgoKCjxicj4KCgrilqAmbmJzcDvliLvljbDntI3mnJ8mbmJzcDvilqA8YnI+CuODl+ODqeOCuee0hO+8kemAsemWkzxicj48YnI+CgrilqAmbmJzcDvliLvljbDmlpnph5EmbmJzcDvilqA8YnI+CuODquODs+OCsO+8keacrOOBq+OBpOOBjVwxLDUwMO+8iOeojuaKnO+8iTxicj48YnI+CgrilqAmbmJzcDvliLvljbDlj6/og73mloflrZfmlbAmbmJzcDvilqA8YnI+CjjmloflrZc8YnI+Cu+8iOiomOWPt+OAgeOCueODmuODvOOCueOAgeODnuODvOOCr+OBquOBqeOCgu+8keaWh+Wtl+WIhuOBqOOBl+OBpuOCq+OCpuODs+ODiOOBleOCjOOBvuOBmeOAgu+8iTxicj48YnI+CgrilqAmbmJzcDvmm7jkvZMmbmJzcDvilqA8YnI+CuODluODreODg+OCr+S9k++8iOS4uOOCtOOCt+ODg+OCr++8ieOBruOBvzxicj48YnI+Cgo8aW1nIHNyYz0iaHR0cDovL2ltYWdlLnJha3V0ZW4uY28uanAvdmllYW5nZS9jYWJpbmV0L3BhcnRzL3RlYm9yaWtva3Vpbi5qcGciIHdpZHRoPSI0MDAiIGhlaWdodD0iNDAwIiBhbHQ9IuWIu+WNsOabuOS9k+imi+acrCIgIC8+Cgo8YnI+PGJyPjxicj4KCgo8c3Ryb25nPuKWoCZuYnNwO+WIu+WNsOOBruOBlOazqOaWh+aWueazlSZuYnNwO+KWoDwvc3Ryb25nPjxicj48YnI+Cgrjg5fjg6vjg4Djgqbjg7Pjg7vjg6Hjg4vjg6Xjg7zjgYvjgonjgIzluIzmnJvjgZnjgovjgI3jgpLjgYrpgbjjgbPjgY/jgaDjgZXjgYTjgII8YnI+CuazqOaWh+eUu+mdouOBruOAjOOBiuW6l+OBuOOBruODoeODg+OCu+ODvOOCuOOAjeashOOBq+WIu+WNsOWGheWuueOCkuOBlOiomOWFpeOBj+OBoOOBleOBhOOAgjxicj4K5ZWG5ZOB44KSMuWAi+S7peS4iuWQjOaZguOBq+OBiuiyt+OBhOaxguOCgeOBhOOBn+OBoOOBhOOBn+WgtOWQiOOBr+OAgeWIu+WNsOWvvuixoeWVhuWTgeOBjOOCj+OBi+OCi+OCiOOBhuOAgeWVhuWTgeeVquWPt+OCguOBlOS9teiomOmhmOOBhOOBvuOBmeOAggo8YnI+PGJyPgo8Zm9udCBjb2xvcj0iI0ZGMDAwMCI+PHN0cm9uZz7jgJDph43opoHjgJE8YnI+44GU5rOo5paH56K66KqN5b6M44CBIOWVhuWTgeS7o+mHkeOBq+WIu+WNsOaWmeOCkuWKoOeul+OBl+OBpuOBlOiri+axgumHkemhjeOCkuWkieabtOOBleOBm+OBpuOBhOOBn+OBoOOBjeOBvuOBmeOAggrliLvljbDmlpnliqDnrpflvozjga7jgZToq4vmsYLph5HpoY3jgavjgaTjgYTjgabjga/jgIHjgZTms6jmlofnorroqo3lvozjgavjgYrpgIHjgorjgZnjgovjg6Hjg7zjg6vjgpLjgZTnorroqo3poZjjgYTjgb7jgZnjgII8L3N0cm9uZz48L2ZvbnQ+PCEtLeKWvOKWvCDlt6bluK/jg6rjg7Pjgq/jgYLjgoog4pa84pa8LS0+Cgo8ZGl2IGlkPSJoaWRhcmktb2JpIj4KCjxzdHlsZT4KI2hpZGFyaS1vYmkgewpwb3NpdGlvbjogYWJzb2x1dGU7CnRvcDowcHg7CmxlZnQ6MTBweDsKYmFja2dyb3VuZDogdXJsKCJodHRwczovL2ltYWdlLnJha3V0ZW4uY28uanAvdmllYW5nZS9jYWJpbmV0L2NhbXBhaWduL3NjYm5yXzA1MTUuanBnIikgcmVwZWF0LXkgbGVmdCB0b3AgOwp9CiNoaWRhcmktb2JpIGEgewpkaXNwbGF5OiBibG9jazsKaGVpZ2h0OjkzMDBweDsvKuODmuODvOOCuOWFqOS9k+OBrumrmOOBlSovCndpZHRoOiAxNDBweDsvKuW4r+OBruW5hSovCn0KPC9zdHlsZT4KCjwvZGl2PgoKCgo8IS0t4pa84pa8IOW3puW4r+ODquODs+OCr+OBquOBlyDilrzilrwtLT4KCgoKCjwhLS3ilrzilrwg5bem5biv44Oq44Oz44Kv44Gq44GXIOKWvOKWvC0tPgoKPCEtLQo8c3R5bGUgdHlwZT0idGV4dC9jc3MiPgpib2R5ewpiYWNrZ3JvdW5kLWltYWdlOiB1cmwoImh0dHA6Ly9pbWFnZS5yYWt1dGVuLmNvLmpwL3ZpZWFuZ2UvY2FiaW5ldC9jYW1wYWlnbi9ibnJfMTAxMi5qcGciKTsKYmFja2dyb3VuZC1yZXBlYXQ6IHJlcGVhdC15OwpiYWNrZ3JvdW5kLWF0dGFjaG1lbnQ6IHNjcm9sbDsKYmFja2dyb3VuZC1wb3NpdGlvbjpsZWZ0Cn0KPC9zdHlsZT4KLS0+CgoKCgo8c3R5bGUgdHlwZT0idGV4dC9jc3MiPgoKLyog44GK5rCX44Gr5YWl44KK5ZWG5ZOBICovCgojcmFrdXRlbkxpbWl0ZWRJZF9hcm91bmRDYXJ0ICNzZXJ2aWNlVGFibGVTbWwgdGQuZmF2b3JpdGUgewoKcGFkZGluZy10b3A6IDVweDsKCn0KCiNyYWt1dGVuTGltaXRlZElkX2Fyb3VuZENhcnQgZGl2LmJvb2ttYXJrQXJlYSBkaXYuYmttIHsKCndpZHRoOiAyOTFweCAhaW1wb3J0YW50OwoKaGVpZ2h0OjMzcHggIWltcG9ydGFudDsKCnBhZGRpbmc6IDBweCAwcHggMTBweCAwcHggIWltcG9ydGFudDsKCn0KCiNyYWt1dGVuTGltaXRlZElkX2Fyb3VuZENhcnQgZGl2LmJvb2ttYXJrQXJlYSBkaXYuYmttIGEuYWRkQmttIHsKCndpZHRoOiAyOTFweCAhaW1wb3J0YW50OwoKaGVpZ2h0OjMzcHggIWltcG9ydGFudDsKCn0KCiNyYWt1dGVuTGltaXRlZElkX2Fyb3VuZENhcnQgZGl2LmJvb2ttYXJrQXJlYSBkaXYuYmttIGEuYWRkQmttIHNwYW4uYmttU3RhciB7CgpkaXNwbGF5OiBpbmxpbmUtYmxvY2sgIWltcG9ydGFudDsKCndpZHRoOiAyOTFweCAhaW1wb3J0YW50OwoKaGVpZ2h0OjMzcHggIWltcG9ydGFudDsKCm1hcmdpbjowcHggMHB4IDEwcHggMHB4ICFpbXBvcnRhbnQ7CgpiYWNrZ3JvdW5kOiB1cmwoImh0dHA6Ly9pbWFnZS5yYWt1dGVuLmNvLmpwL3ZpZWFuZ2UvY2FiaW5ldC9ibnJfZmF2aXRlbS5qcGciKSBuby1yZXBlYXQgIWltcG9ydGFudDsKCn0KCiAKCi8qIOOBiuawl+OBq+WFpeOCiuOCt+ODp+ODg+ODlyAqLwoKZGl2LmJvb2ttYXJrQXJlYSB7Cgp3aWR0aDogMjkxcHggIWltcG9ydGFudDsKCn0KCiNyYWt1dGVuTGltaXRlZElkX2Fyb3VuZENhcnQgZGl2LnNob3BCb29rbWFya0FyZWEgZGl2LnNob3BCa20gewoKd2lkdGg6IDI5MXB4ICFpbXBvcnRhbnQ7CgpoZWlnaHQ6MzNweCAhaW1wb3J0YW50OwoKcGFkZGluZzogMHB4IDBweCAhaW1wb3J0YW50OwoKcGFkZGluZy1sZWZ0OiAwcHggIWltcG9ydGFudDsKCn0KCiNyYWt1dGVuTGltaXRlZElkX2Fyb3VuZENhcnQgZGl2LnNob3BCb29rbWFya0FyZWEgZGl2LnNob3BCa20gYS5hZGRTaG9wQmttIHNwYW4uc2hvcEJrbVN0YXIgewoKZGlzcGxheTogaW5saW5lLWJsb2NrICFpbXBvcnRhbnQ7Cgp3aWR0aDogMjkxcHggIWltcG9ydGFudDsKCmhlaWdodDozM3B4ICFpbXBvcnRhbnQ7CgptYXJnaW4tcmlnaHQ6IDBweCAhaW1wb3J0YW50OwoKYmFja2dyb3VuZDogdXJsKCJodHRwOi8vaW1hZ2UucmFrdXRlbi5jby5qcC92aWVhbmdlL2NhYmluZXQvYm5yX2ZhdnNob3AuanBnIikgbm8tcmVwZWF0ICFpbXBvcnRhbnQ7Cgp9Cjwvc3R5bGU+CgoKCgo8ZGl2IGlkPSJwcmVzZW50X2Jhc2UiIGNsYXNzPSJjbGVhcmZpeCI+CiAgIDxkaXYgY2xhc3M9InByZXNlbnRfaW1nIj48aW1nIHNyYz0iaHR0cDovL2ltYWdlLnJha3V0ZW4uY28uanAvdmllYW5nZS9jYWJpbmV0L3RtZy9mb290X3ByZTAxLmdpZiIgYWx0PSLlpKfliIfjgarjgYLjga7kurrjgavntKDmlbXjgarjg5fjg6zjgrzjg7Pjg4giIHdpZHRoPSIxOTkiIGhlaWdodD0iMjk1IiAvPjwvZGl2PgogICA8ZGl2IGNsYXNzPSJwcmVzZW50X3R4dCI+PHA+5b2T5bqX44Gv44CB5Lq65rCX44Ki44Kv44K744K144Oq44O844OW44Op44Oz44OJ44CM5aSp5L2/44Gu5Y2144CN44KE44CM5pyq5p2l5aSp5L2/44CN44KS44Gv44GY44KB44CB6KqV55Sf55+z44Gu44Oa44Oz44OA44Oz44OI44KE44Oq44Oz44Kw44Gq44Gp44CB44OX44Os44K844Oz44OI44Gr44OU44OD44K/44Oq44Gq44Ki44Kv44K744K144Oq44O844KS5Y+W5omx44GG6YCa6LKp44K344On44OD44OX44Gn44GZ44CCPC9wPjxiciAvPgrjgIzlhKrjgZfjgYTlhYnjgavjgaTjgaTjgb7jgozjgovmsLjpgaDjga7lkb3jgI3jgpLooajnj77jgZfjgZ/jgrPjg7Pjgrvjg5fjg4jjgrjjg6Xjgqjjg6rjg7zjgIzmnKrmnaXlpKnkvb/jgI3jga/mnKrmnaXjgavlkJHjgZHjgabovJ3jgZHjgovlkb3jga7jgZnjgbDjgonjgZfjgZXjgpLlpJrlvanjgarjg4bjg7zjg57jg7vjg4fjgrbjgqTjg7Pjgafooajnj77jgZfjgabjgYTjgb7jgZnjgII8YnIgLz4K44Gd44KT44Gq5pyq5p2l5aSp5L2/44GL44KJ44Gu44OX44Os44K844Oz44OI44Go44GE44GG44Kz44Oz44K744OX44OI44Gn5L2c44KJ44KM44Gf44CM5aSp5L2/44Gu5Y2144CN44Gv44CB44CM6KqV55Sf44Gu5Zac44Gz44CN44KE44CM55Sf44GN44KL44GT44Go44Gu5oSf5YuV44Go6LOe6LOb44CN44KS44OG44O844Oe44Go44GX44Gm5Ym144KJ44KM44CB5Y2144Go576944Gu44OQ44Op44Oz44K544Gu6Imv44GE44KE44GV44GX44GE44OH44K244Kk44Oz44GM5oSb44GV44KM44Gm44GE44KL44Ot44Oz44Kw44K744Op44O844Gu5Lq65rCX44Ki44Kv44K744K144Oq44O844Gn44GZ44CC5piv6Z2e44CB5aSn5YiH44Gq5Lq644G444Gu44OX44Os44K844Oz44OI562J44Gr44KC44GU5rS755So5LiL44GV44GE77yBPC9kaXY+CjwvZGl2PgoKCgoKCjwhLS3ilrzilrzilrzjg6zjg5Pjg6Xjg7zjg7vms6jmlofnirbms4HilrzilrzilrwtLT4gICAKCiAgICAgICAgICAgIDxoMj48aW1nIHNyYz0iaHR0cDovL3d3dy5yYWt1dGVuLm5lLmpwL2dvbGQvdmllYW5nZS9pbWcvdGl0bGVfMDYuanBnIiBhbHQ9IuODrOODk+ODpeODvCIgd2lkdGg9IjY4OCIgaGVpZ2h0PSI3MCIgLz48L2gyPgogICAgICAgICAgICA8YnI+PGJyPgogIAoJICA8YnI+IDxicj4gPGJyPiAKICAgICAgICAgICAgICAgICAgPGgyPjxpbWcgc3JjPSJodHRwOi8vd3d3LnJha3V0ZW4ubmUuanAvZ29sZC92aWVhbmdlL2ltZy90aXRsZV8wNy5qcGciIGFsdD0i5rOo5paH54q25rOBIiB3aWR0aD0iNjg4IiBoZWlnaHQ9IjcwIiAvPjwvaDI+CiAgICAgICAgICAgICAgICAgICAgICAgICAgICAgIDxicj4gPGJyPiAKPGJyPiA8YnI+IDxicj4=,44CQ5Yi75Y2w5a++5b+c44CR4peGTE9WRVJTIFNDRU5FIOODqeODkOODvOOCuuOCt+ODvOODs+KXhuOCt+ODq+ODkOODvOODquODs+OCsO+8iOODrOODh+OCo+ODvOOCue+8ieOAkExTUjAwOThETFJN44CR44CQ44K344Or44OQ44O844Oq44Oz44KwIOODmuOCouODquODs+OCsCDjg5rjgqIg5oyH6LyqIOODgOOCpOODpOODouODs+ODiSDjg63jgrjjgqbjg6DliqDlt6Ug44OX44Os44K844Oz44OIIOiomOW/tSDjg6rjg7PjgrAg44K344Or44OQ44O8IOOCuOODpeOCqOODquODvCDjg4/jg7zjg4jlnosg44Ku44OV44OIIOWmuyDjgYvjgo/jgYTjgYTjgJHmr43jga7ml6Ug44K344Oz44OX44Or77ya5aSp5L2/44Gu5Y21IHdpdGggTE9WRVJTIFNDRU5F,5aSp5L2/44Gu5Y215pyq5p2l5aSp5L2/44K544Oa44O844K544Kv44Oq44Ko44O844K/44O844K444Ol44Ko44Oq44O844K344Or44OQ44O844Ki44Kv44K744K144Oq44O844OU44Oz44Kv44K344Or44OQ44O844ON44OD44Kv44Os44K555u05Za25bqX44Kv44Oq44K544Oe44K56ZmQ5a6a44Oa44Oz44OA44Oz44OI5oyH6Lyq44OU44Ki44K544OX44Os44K844Oz44OI44OZ44OT44O844K544OX44O844Oz44Os44OH44Kj44O844K544Op44OQ44O844K644K344O844Oz57WQ5ama5oyH6Lyq44Oa44Ki44Oq44Oz44Kw6KqV55Sf55+z44CQ5Yi75Y2w5a++5b+c44CR4peGTE9WRVJTIFNDRU5FIOODqeODkOODvOOCuuOCt+ODvOODs+KXhuOCt+ODq+ODkOODvOODquODs+OCsO+8iOODrOODh+OCo+ODvOOCue+8ieOAkExTUjAwOThETFJN44CR44CQ44K344Or44OQ44O844Oq44Oz44KwIOODmuOCouODquODs+OCsCDjg5rjgqIg5oyH6LyqIOODgOOCpOODpOODouODs+ODiSDjg63jgrjjgqbjg6DliqDlt6Ug44OX44Os44K844Oz44OIIOiomOW/tSDjg6rjg7PjgrAg44K344Or44OQ44O8IOOCuOODpeOCqOODquODvCDjg4/jg7zjg4jlnosg44Ku44OV44OIIOWmuyDjgYvjgo/jgYTjgYTjgJHmr43jga7ml6Ug44K344Oz44OX44Or,44OP44O844OI44GM5rWu44GL44Gz5LiK44GM44KL5Lq65rCX44Gu44Oa44Ki44Oq44Oz44KwIOODgOOCpOODpOODouODs+ODieOAguOAkOWIu+WNsOWvvuW/nOOAkeKXhkxPVkVSUyBTQ0VORSDjg6njg5Djg7zjgrrjgrfjg7zjg7Pil4bjgrfjg6vjg5Djg7zjg6rjg7PjgrDvvIjjg6zjg4fjgqPjg7zjgrnvvInjgJBMU1IwMDk4RExSTeOAkeOAkOOCt+ODq+ODkOODvOODquODs+OCsCDjg5rjgqLjg6rjg7PjgrAg44Oa44KiIOaMh+i8qiDjg4DjgqTjg6Tjg6Ljg7Pjg4kg44Ot44K444Km44Og5Yqg5belIOODl+ODrOOCvOODs+ODiCDoqJjlv7Ug44Oq44Oz44KwIOOCt+ODq+ODkOODvCDjgrjjg6Xjgqjjg6rjg7wg44OP44O844OI5Z6LIOOCruODleODiCDlprsg44GL44KP44GE44GE44CR5q+N44Gu5pelIOOCt+ODs+ODl+ODqw==[rn]
39-1014,aHR0cDovL3RzaG9wLnIxMHMuanAvdmllYW5nZS9jYWJpbmV0L2xvdmVyc19zY2VuZS9sc3IvbHNyMDExNmRfNjAwLmpwZz9maXRpbj03MDA6NzAw,NjczOS4yMDAw,,44K444Ol44Ko44Oq44O844O744Ki44Kv44K744K144Oq44O8ID4g44Os44OH44Kj44O844K544K444Ol44Ko44Oq44O844O744Ki44Kv44K744K144Oq44O8ID4g5oyH6Lyq44O744Oq44Oz44Kw,4peG44CQ5Yi75Y2w5a++5b+c44CR4peG44Op44OQ44O844K644K344O844Oz4peG44K344Or44OQ44O844Oq44Oz44KwKOeUt+Wls+WFvOeUqCnjgJBMU1IwMTE2ROOAkeOAkOaMh+i8qiDjg4DjgqTjg6Tjg6Ljg7Pjg4kg44OX44Os44K844Oz44OIIOOCruODleODiCDjg6rjg7PjgrAg5Yi75Y2w5Y+v6IO9IOOCt+ODq+ODkOODvCDjgqLjgq/jgrvjgrXjg6rjg7wg44K444Ol44Ko44Oq44O8IOODgOOCpOODpCDjg6zjg4fjgqPjg7zjgrkg44Oh44Oz44K644Oq44Oz44KwIOWPr+aEm+OBhCDjg6Hjg7Pjgrog44K344Oz44OX44OrIOOBi+OCj+OBhOOBhOOAkSAg5q+N44Gu5pelIOOCt+ODs+ODl+ODqw==,44OA44Kk44Ok44Oi44Oz44OJ44GM5LiK5ZOB44Gr6Lyd44GP4piGIOWIu+WNsOWvvuW/nA==,PGNlbnRlcj48YSBocmVmPSJodHRwczovL215LmJvb2ttYXJrLnJha3V0ZW4uY28uanAvP2Z1bmM9cmVnJnN2aWQ9MTAxJnNob3BfYmlkPTIwMzk0NyZpaWQ9MTAwMDE4NDQmaXR5cGU9MSB0YXJnZXQ9X2JsYW5rIj48aW1nIHNyYz0iaHR0cDovL2ltYWdlLnJha3V0ZW4uY28uanAvdmllYW5nZS9jYWJpbmV0L3BfYm5yX2Zhdml0ZW0uanBnIiBib3JkZXI9IjAiIHdpZHRoPSI2NjAiIGhlaWdodD0iMTMwIj48L2E+PC9jZW50ZXI+PGJyPjxicj48ZGl2IGlkPSJkZXRhaWxfYmFzZTIiPgo8aW1nIHNyYz0iaHR0cDovL2ltYWdlLnJha3V0ZW4uY28uanAvdmllYW5nZS9jYWJpbmV0L2NhbXBhaWduL2xzX3BjX3Rva3V0ZW4uanBnImFsdD0iTE9WRVJTIFNDRU5FIOOCreODo+ODs+ODmuODvOODsyI+PGJyPjxicj4KIAo8aW1nIHNyYz0iaHR0cDovL2ltYWdlLnJha3V0ZW4uY28uanAvdmllYW5nZS9jYWJpbmV0L2xvdmVyc19zY2VuZS9sc3IvbHNyMDExNl9pbWFnZS5qcGciIHdpZHRoPSI2NjAiIGhlaWdodD0iNDAwIiAvPgo8YnIgLz48YnIgLz4KCjxpbWcgc3JjPSJodHRwOi8vaW1hZ2UucmFrdXRlbi5jby5qcC92aWVhbmdlL2NhYmluZXQvbG92ZXJzX3NjZW5lL2xzci9sc3IwMTE2X2ltYWdlMi5qcGciIHdpZHRoPSI2NjAiIGhlaWdodD0iMTA2NSIgLz4KPGJyIC8+PGJyIC8+CjwvZGl2PgoKPGRpdiBjbGFzcz0ic3BfZ29vZHNfMTMwNV8wOCI+CiAgICAgCjxkaXYgY2xhc3M9InNwX3RhbnBpbl9sZWZ0Ij4KPGEgaHJlZj0iaHR0cDovL2l0ZW0ucmFrdXRlbi5jby5qcC92aWVhbmdlL2xzcjAxMTZkLXBhaXIvICI+CjxpbWcgc3JjPSJodHRwOi8vaW1hZ2UucmFrdXRlbi5jby5qcC92aWVhbmdlL2NhYmluZXQvbG92ZXJzX3NjZW5lL2xzci9sc3IwMTE2X3BhaXIuanBnIiB3aWR0aD0iMjM1IiBoZWlnaHQ9IjIzNSIgY2xhc3M9ImltZzIwIiAvPjwvYT4KICAgICAgIDxwPuOCt+ODq+ODkOODvOODmuOCouODquODs+OCsO+8iOODgOOCpOODpOODouODs+ODieWFpeOCiu+8iTxiciAvPgogICAgICAg57SEMy43bW3Dl+e0hDEuN21t77yI5bmFw5fljprjgb/vvIk8L3A+CjwvZGl2PgogICAgCgo8L2Rpdj4KCgo8aW1nIHNyYz0iaHR0cDovL2ltYWdlLnJha3V0ZW4uY28uanAvdmllYW5nZS9jYWJpbmV0L3BhcnRzL2xzcjA2NTBfMzkuZ2lmIiBjbGFzcz0iaW1nMjAiIC8+CiAgPHAgY2xhc3M9ImltZzE1Ij7jg6rjg7PjgrDjgpLnnYDjgZHjgojjgYbjgajogIPjgYjjgabjgYTjgovmjIfjga7kuIDnlarlpKrjgYTpg6jliIbjgavns7jjgarjganjgpLlt7vjgYTjgabjgIHvvJHlkajliIbjga7mvJTnv5Ljga7plbfjgZXjgpLlm7Pjgorjgb7jgZnjgII8YnIgLz4KICDjgZPjga7muKzjgormlrnjga/jgYLjgY/jgb7jgafnsKHmmJPnmoTjgaroqIjmuKzmlrnms5XjgafjgZnjga7jgafjgIHmraPnorrjgavjgrXjgqTjgrrjgpLmuKzjgovjgavjga/jgIHjgYrov5HjgY/jga7jgqLjgq/jgrvjgrXjg6rjg7zjgrfjg6fjg4Pjg5fjgarjganjgafjgIHjgI7jg6rjg7PjgrDjgrLjg7zjgrjjgI/jgpLkvb/nlKjjgZfjgaboqIjmuKzjgZfjgabkuIvjgZXjgYTjgII8L3A+CiAgPGltZyBzcmM9Imh0dHA6Ly9pbWFnZS5yYWt1dGVuLmNvLmpwL3ZpZWFuZ2UvY2FiaW5ldC9wYXJ0cy9sc3IwNjUwXzQxLmdpZiIgd2lkdGg9IjY2MCIgaGVpZ2h0PSIxNjciIGNsYXNzPSJpbWc2MCIgLz4KCjxkaXYgY2xhc3M9ImNhXzAxIj4KPGltZyBzcmM9Imh0dHA6Ly9pbWFnZS5yYWt1dGVuLmNvLmpwL3ZpZWFuZ2UvY2FiaW5ldC93cmFwcGluZy93cmFwcGluZ190aXRsZS5qcGciIGFsdD0i44Op44OD44OU44Oz44KwIj4KCjxicj48YnI+PGJyPgoKPHRhYmxlIGJvcmRlcj0iMCIgd2lkdGg9IjY2MHB4Ij4KPHRyPgo8dGQ+CjxpbWcgc3JjPSJodHRwOi8vaW1hZ2UucmFrdXRlbi5jby5qcC92aWVhbmdlL2NhYmluZXQvd3JhcHBpbmcvbHNfd3JhcF8wMV8xLmpwZyIgYWx0PSJMT1ZFUlMgU0NFTkUgIOmAmuW4uOODqeODg+ODlOODs+OCsCI+CjwvdGQ+Cjx0ZD4KPGltZyBzcmM9Imh0dHA6Ly9pbWFnZS5yYWt1dGVuLmNvLmpwL3ZpZWFuZ2UvY2FiaW5ldC93cmFwcGluZy9sc193cmFwXzAyLmpwZyIgYWx0PSJMT1ZFUlMgU0NFTkXjgIDjgqjjgrPjg6njg4Pjg5Tjg7PjgrAiPgo8L3RkPgo8dGQ+CjxhICBocmVmPSJodHRwOi8vaXRlbS5yYWt1dGVuLmNvLmpwL3ZpZWFuZ2UvYy8wMDAwMDAwNzgxLyI+PGltZyBzcmM9Imh0dHA6Ly9pbWFnZS5yYWt1dGVuLmNvLmpwL3ZpZWFuZ2UvY2FiaW5ldC93cmFwcGluZy9sc193cmFwXzAzLmpwZyIgYWx0PSJMT1ZFUlMgU0NFTkXjgIDjgrnjg5rjgrfjg6Pjg6vjg6njg4Pjg5Tjg7PjgrAiPjwvYT4KPC90ZD4KPC90cj4KPC90YWJsZT4KPGltZyBzcmM9Imh0dHA6Ly9pbWFnZS5yYWt1dGVuLmNvLmpwL3ZpZWFuZ2UvY2FiaW5ldC93cmFwcGluZy9raWtpbi5qcGciIGFsdD0i5aSp5L2/44Gu5Y215Z+66YeRIj4KCjxhICBocmVmPSJodHRwOi8vaXRlbS5yYWt1dGVuLmNvLmpwL3ZpZWFuZ2UvYy8wMDAwMDAwNzkxLyI+CjxpbWcgc3JjPSJodHRwOi8vaW1hZ2UucmFrdXRlbi5jby5qcC92aWVhbmdlL2NhYmluZXQvd3JhcHBpbmcvbHNfY2FyZC5qcGciIGFsdD0i44Oh44OD44K744O844K444Kr44O844OJIj48L2E+CgoKPGltZyAKc3JjPSJodHRwOi8vaW1hZ2UucmFrdXRlbi5jby5qcC92aWVhbmdlL2NhYmluZXQvY2FtcGFpZ24vbm9iZV9sc182NjAuanBnIiB3aWR0aD0iNjYwIiBoaWdodD0iMjAwIiBhbHQ9IkxPVkVSUyBTQ0VORSDjg47jg5njg6vjg4bjgqMiPjxicj48YnI+CjwvZGl2Pjx0YWJsZSB3aWR0aD0iMzkwIiBib3JkZXI9IjAiPgogIDx0cj4KICAgIDx0ZD48Zm9udCBjb2xvcj0jNjk2OTY5IHNpemU9IjIiPuOAkExvdmVycyBTY2VuZeOAkeOAkOOCt+ODq+ODkOODvOODmuOCouODquODs+OCsOOAkTxicj4KICAgICAgICA8Zm9udCBjb2xvcj0jMDA5OUZGPuODgOOCpOODpOODouODs+ODieWFpeOCiuS6uuawl+WVhuWTgTxicj7jgrfjg7Pjg5fjg6vjgarjg4fjgrbjgqTjg7Pjgarjga7jgafjgbDjgZfjgofjgarjganjgpLpgbjjgbDjgZrjgYTjgaTjgafjgoLouqvjgavjgaTjgZHjgonjgozjgovimao8L2ZvbnQ+PC9mb250PjwvdGQ+CiAgPC90cj4KPC90YWJsZT4KCjx0YWJsZSB3aWR0aD0iMzkwIiBib3JkZXI9IjAiPgogIDx0cj4KICAgIDx0ZCB3aWR0aD0iODkiPiZuYnNwOzwvdGQ+CiAgICA8dGQgd2lkdGg9IjI5MSI+Jm5ic3A7PC90ZD4KICA8L3RyPgogIDx0cj4KICAgIDx0ZD48Zm9udCBjb2xvcj0jNjk2OTY5IHNpemU9IjIiPuKWoOOAgOe0oOadkOOAgOKWoDwvZm9udD48L3RkPgogICAgPHRkPiZuYnNwOzwvdGQ+CiAgPC90cj4KPC90YWJsZT4KPHRhYmxlIHdpZHRoPSIzOTAiIGJvcmRlcj0iMCI+CiAgPHRyPgogICAgPHRkIHdpZHRoPSI4OSIgaGVpZ2h0PSIxNSI+PGRpdiBhbGlnbj0icmlnaHQiPjwvZGl2PjwvdGQ+CiAgICA8dGQgd2lkdGg9IjI5MSI+PGZvbnQgY29sb3I9IzY5Njk2OSBzaXplPSIyIj7jgrfjg6vjg5Djg7w8YnI+CuODgOOCpOODpOODouODs+ODiTwvZm9udD48L3RkPgogIDwvdHI+CiAgPHRyPgogICAgPHRkPiZuYnNwOzwvdGQ+CiAgICA8dGQ+Jm5ic3A7PC90ZD4KICA8L3RyPgo8L3RhYmxlPgo8dGFibGUgd2lkdGg9IjM5MCIgYm9yZGVyPSIwIj4KICA8dHI+CiAgICA8dGQ+PGZvbnQgY29sb3I9IzY5Njk2OSBzaXplPSIyIj7ilqAg5aSn44GN44GVKG1tKSDilqA8L2ZvbnQ+PC90ZD4KICA8L3RyPgo8L3RhYmxlPgo8dGFibGUgd2lkdGg9IjM5MCIgYm9yZGVyPSIwIj4KICA8dHI+CiAgICA8dGQgd2lkdGg9Ijg5Ij4mbmJzcDs8L3RkPgogICAgPHRkIHdpZHRoPSIyOTEiPjxmb250IGNvbG9yPSM2OTY5Njkgc2l6ZT0iMiI+5bmF57SEMy43w5fljprjgb/ntIQxLjfvvIjlkITvvIk8L2ZvbnQ+PC90ZD4KICA8L3RyPgogIDx0cj4KICAgIDx0ZD4mbmJzcDs8L3RkPgogICAgPHRkPiZuYnNwOzwvdGQ+CiAgPC90cj4KPC90YWJsZT4KPHRhYmxlIHdpZHRoPSIzOTAiIGJvcmRlcj0iMCI+CiAgPHRyPgogICAgPHRkIHdpZHRoPSI4OSI+PGZvbnQgY29sb3I9IzY5Njk2OSBzaXplPSIyIj7ilqDjgIDph43ph4/jgIDilqA8L2ZvbnQ+PC90ZD4KICAgIDx0ZCB3aWR0aD0iMjkxIj4mbmJzcDs8L3RkPgogIDwvdHI+CjwvdGFibGU+Cjx0YWJsZSB3aWR0aD0iMzkwIiBib3JkZXI9IjAiPgogIDx0cj4KICAgIDx0ZCB3aWR0aD0iODkiPiZuYnNwOzwvdGQ+CiAgICA8dGQgd2lkdGg9IjI5MSI+PGZvbnQgY29sb3I9IzY5Njk2OSBzaXplPSIyIj7ntIQzLjBn77yI5ZCE77yJPC9mb250PjwvdGQ+CiAgPC90cj4KICA8dHI+CiAgICA8dGQ+Jm5ic3A7PC90ZD4KICAgIDx0ZD48Zm9udCBjb2xvcj0iIzAwOTlGRiIgc2l6ZT0iMSI+4oC75aSn44GN44GV44O76YeN44GV44Gr44Gv5aSa5bCR44Gu5YCL5L2T5beu44GM55Sf44GY44G+44GZPC9mb250PjwvdGQ+CiAgPC90cj4KPC90YWJsZT4KCjx0YWJsZSB3aWR0aD0iMzkwIiBib3JkZXI9IjAiPgogIDx0cj4KICAgIDx0ZD48Zm9udCBjb2xvcj0jNjk2OTY5IHNpemU9IjIiPuKWoCDjgrXjgqTjgrrnm7TjgZfjgavjgaTjgY3jgb7jgZfjgaYg4pagPC9mb250PjwvdGQ+CiAgPC90cj4KPC90YWJsZT4KPHRhYmxlIHdpZHRoPSIzOTAiIGJvcmRlcj0iMCI+CiAgPHRyPgogICAgPHRkIHdpZHRoPSI4OSI+Jm5ic3A7PC90ZD4KICAgIDx0ZCB3aWR0aD0iMjkxIj48Zm9udCBjb2xvcj0jNjk2OTY5IHNpemU9IjIiPuOCteOCpOOCuuebtOOBl+WPr+iDve+8iOacieaWme+8iTxicj7jg6Hjg7zjg6vjgavjgabjgYrllY/jgYTlkIjjgo/jgZvkuIvjgZXjgYTjgII8L2ZvbnQ+PC90ZD4KICA8L3RyPgogIDx0cj4KICAgIDx0ZD4mbmJzcDs8L3RkPgogICAgPHRkPiZuYnNwOzwvdGQ+CiAgPC90cj4KPC90YWJsZT4KCjx0YWJsZSB3aWR0aD0iMzkwIiBib3JkZXI9IjAiPgogIDx0cj4KICAgIDx0ZCB3aWR0aD0iMjExIj48Zm9udCBjb2xvcj0jNjk2OTY5IHNpemU9IjIiPuKWoCDliLvljbDlj6/og73mloflrZfmlbAg4pagPC9mb250PjwvdGQ+CiAgICA8dGQgd2lkdGg9IjE2OSI+Jm5ic3A7PC90ZD4KICA8L3RyPgo8L3RhYmxlPgo8dGFibGUgd2lkdGg9IjM5MCIgYm9yZGVyPSIwIj4KICA8dHI+CiAgICA8dGQgd2lkdGg9Ijg5Ij4mbmJzcDs8L3RkPgogICAgPHRkIHdpZHRoPSIyOTEiPjxmb250IGNvbG9yPSM2OTY5Njkgc2l6ZT0iMiI+MjDmloflrZfku6XlhoU8L2ZvbnQ+PC90ZD4KICA8L3RyPgogIDx0cj4KICAgIDx0ZD4mbmJzcDs8L3RkPgogICAgPHRkPiZuYnNwOzwvdGQ+CiAgPC90cj4KPC90YWJsZT4KPHRhYmxlIHdpZHRoPSIzOTAiIGJvcmRlcj0iMCI+CiAgPHRyPgogICAgPHRkIGhlaWdodD0iMTYyIj48Zm9udCBjb2xvcj0jMDA5OUZGIHNpemU9IisxIj7il4bliLvljbDjgrXjg7zjg5PjgrnvvIjliKXpgJTmnInmlpnvvInil4Y8L2ZvbnQ+PGJyPgogICAgICAgIDxicj4KICAgICAgICA8Zm9udCBjb2xvcj0jNjk2OTY5IHNpemU9IjIiPuOBlOW4jOacm+OBruaWueOBq+OBr+OAgeODquODs+OCsOOBruWGheWBtOOBq+ODoeODg+OCu+ODvOOCuOOChOOBiuWQjeWJjeOBquOBqeOCkuacieaWmeOBq+OBpuWIu+WNsCjmloflrZflhaXjgowp44GV44Gb44Gm44GE44Gf44Gg44GN44G+44GZ44CCPC9mb250Pjxicj4KICAgICAgICA8YnI+CiAgICAgICAgPGZvbnQgY29sb3I9IzY5Njk2OSBzaXplPSIyIj7il4bliLvljbDllYblk4Hjga7ntI3mnJ/jga88Zm9udCBjb2xvcj0iIzAwOTlGRiI+K+e0hO+8kemAsemWkzwvZm9udD7jgafjgZnjgII8L2ZvbnQ+PGJyPgo8Zm9udCBjb2xvcj0jNjk2OTY5IHNpemU9IjIiPuKXhuWIu+WNsOaWmeOBr+ODquODs+OCsO+8keacrOOBq+OBpOOBjTxmb250IGNvbG9yPSIjMDA5OUZGIj5cMSw1NzXvvIjnqI7ovrzvvIk8L2ZvbnQ+44Gn44GZ44CCPC9mb250Pjxicj4KICAgICAgICA8Zm9udCBjb2xvcj0jNjk2OTY5IHNpemU9IjIiPuKXhuabuOS9k+OBrzxmb250IGNvbG9yPSIjMDA5OUZGIj7jg5bjg63jg4Pjgq/kvZPvvIjkuLjjgrTjgrfjg4Pjgq/vvIk8Zm9udCBjb2xvcj0iIzY5Njk2OSI+PC9mb250Pjxicj4KCiAgICAgICAgPGJyPgogICAgICAgIDxmb250IGNvbG9yPSM2OTY5Njkgc2l6ZT0iMiI+44GT44Gu5ZWG5ZOB44Gv44CB44Ki44Or44OV44Kh44OZ44OD44OI5aSn5paH5a2X44O76Iux5pWw5a2X5ZCI44KP44Gb44GmPGZvbnQgY29sb3I9IiMwMDk5RkYiIHNpemU9IisxIj48c3Ryb25nPjIw5paH5a2XPC9zdHJvbmc+PC9mb250PuOBvuOBp+WIu+WNsOWPr+iDveOBp+OBmeOAguiomOWPt+OAgeOCueODmuODvOOCueOAgeODnuODvOOCr+OBquOBqeOCgu+8keaWh+Wtl+WIhuOBqOOBl+OBpuOCq+OCpuODs+ODiOOBleOCjOOBvuOBmeOAgjwvZm9udD48L3RkPgogIDwvdHI+CjwvdGFibGU+Cjx0YWJsZSB3aWR0aD0iMzkwIiBib3JkZXI9IjAiPgogIDx0cj4KICAgIDx0ZD48YnI+CiAgICAgICAgPGZvbnQgY29sb3I9IzY5Njk2OSBzaXplPSIyIj7ilqDliLvljbDjga7jgZTms6jmlofmlrnms5XilqA8L2ZvbnQ+PGJyPgogICAgICAgIDxicj4KICAgICAgICA8Zm9udCBjb2xvcj0jNjk2OTY5IHNpemU9IjIiPuODl+ODq+ODgOOCpuODs+ODu+ODoeODi+ODpeODvOOBi+OCieOAjOW4jOacm+OBmeOCi+OAjeOCkuOBiumBuOOBs+OBj+OBoOOBleOBhOOAguazqOaWh+eUu+mdouOBruOAjOOBiuW6l+OBuOOBruODoeODg+OCu+ODvOOCuOOAjeashOOBqzxmb250IGNvbG9yPSIjMDA5OUZGIj7liLvljbDlhoXlrrk8L2ZvbnQ+44KS44GU6KiY5YWl44GP44Gg44GV44GE44CC5ZWG5ZOB44KSMuWAi+S7peS4iuWQjOaZguOBq+OBiuiyt+OBhOaxguOCgeOBhOOBn+OBoOOBhOOBn+WgtOWQiOOBr+OAgeWIu+WNsOWvvuixoeWVhuWTgeOBjOOCj+OBi+OCi+OCiOOBhuOAgTxmb250IGNvbG9yPSIjMDA5OUZGIj7llYblk4Hnlarlj7c8L2ZvbnQ+44KC44GU5L216KiY6aGY44GE44G+44GZ44CCPGJyPgogICAgICAgIDxicj4KICAgICAgPGZvbnQgY29sb3I9IiNmZjAwMDAiPjxzdHJvbmc+4peG44GU5rOo5paH56K66KqN5b6M44CBIOWVhuWTgeS7o+mHkeOBq+WIu+WNsOaWmeOCkuWKoOeul+OBl+OBpuOBlOiri+axgumHkemhjeOCkuWkieabtOOBleOBm+OBpuOBhOOBn+OBoOOBjeOBvuOBmeOAguWIu+WNsOaWmeWKoOeul+W+jOOBruOBlOiri+axgumHkemhjeOBq+OBpOOBhOOBpuOBr+OAgeOBlOazqOaWh+eiuuiqjeW+jOOBq+OBiumAgeOCiuOBmeOCi+ODoeODvOODq+OCkuOBlOeiuuiqjemhmOOBhOOBvuOBmeOAgjwvc3Ryb25nPjwvZm9udD4gPC90ZD4KICA8L3RyPgo8L3RhYmxlPjwhLS3ilrzilrwg5bem5biv44Oq44Oz44Kv44GC44KKIOKWvOKWvC0tPgoKPGRpdiBpZD0iaGlkYXJpLW9iaSI+Cgo8c3R5bGU+CiNoaWRhcmktb2JpIHsKcG9zaXRpb246IGFic29sdXRlOwp0b3A6MHB4OwpsZWZ0OjEwcHg7CmJhY2tncm91bmQ6IHVybCgiaHR0cHM6Ly9pbWFnZS5yYWt1dGVuLmNvLmpwL3ZpZWFuZ2UvY2FiaW5ldC9jYW1wYWlnbi9zY2Jucl8wNTE1LmpwZyIpIHJlcGVhdC15IGxlZnQgdG9wIDsKfQojaGlkYXJpLW9iaSBhIHsKZGlzcGxheTogYmxvY2s7CmhlaWdodDo5MzAwcHg7Lyrjg5rjg7zjgrjlhajkvZPjga7pq5jjgZUqLwp3aWR0aDogMTQwcHg7LyrluK/jga7luYUqLwp9Cjwvc3R5bGU+Cgo8L2Rpdj4KCgoKPCEtLeKWvOKWvCDlt6bluK/jg6rjg7Pjgq/jgarjgZcg4pa84pa8LS0+CgoKCgo8IS0t4pa84pa8IOW3puW4r+ODquODs+OCr+OBquOBlyDilrzilrwtLT4KCjwhLS0KPHN0eWxlIHR5cGU9InRleHQvY3NzIj4KYm9keXsKYmFja2dyb3VuZC1pbWFnZTogdXJsKCJodHRwOi8vaW1hZ2UucmFrdXRlbi5jby5qcC92aWVhbmdlL2NhYmluZXQvY2FtcGFpZ24vYm5yXzEwMTIuanBnIik7CmJhY2tncm91bmQtcmVwZWF0OiByZXBlYXQteTsKYmFja2dyb3VuZC1hdHRhY2htZW50OiBzY3JvbGw7CmJhY2tncm91bmQtcG9zaXRpb246bGVmdAp9Cjwvc3R5bGU+Ci0tPgoKCgoKPHN0eWxlIHR5cGU9InRleHQvY3NzIj4KCi8qIOOBiuawl+OBq+WFpeOCiuWVhuWTgSAqLwoKI3Jha3V0ZW5MaW1pdGVkSWRfYXJvdW5kQ2FydCAjc2VydmljZVRhYmxlU21sIHRkLmZhdm9yaXRlIHsKCnBhZGRpbmctdG9wOiA1cHg7Cgp9CgojcmFrdXRlbkxpbWl0ZWRJZF9hcm91bmRDYXJ0IGRpdi5ib29rbWFya0FyZWEgZGl2LmJrbSB7Cgp3aWR0aDogMjkxcHggIWltcG9ydGFudDsKCmhlaWdodDozM3B4ICFpbXBvcnRhbnQ7CgpwYWRkaW5nOiAwcHggMHB4IDEwcHggMHB4ICFpbXBvcnRhbnQ7Cgp9CgojcmFrdXRlbkxpbWl0ZWRJZF9hcm91bmRDYXJ0IGRpdi5ib29rbWFya0FyZWEgZGl2LmJrbSBhLmFkZEJrbSB7Cgp3aWR0aDogMjkxcHggIWltcG9ydGFudDsKCmhlaWdodDozM3B4ICFpbXBvcnRhbnQ7Cgp9CgojcmFrdXRlbkxpbWl0ZWRJZF9hcm91bmRDYXJ0IGRpdi5ib29rbWFya0FyZWEgZGl2LmJrbSBhLmFkZEJrbSBzcGFuLmJrbVN0YXIgewoKZGlzcGxheTogaW5saW5lLWJsb2NrICFpbXBvcnRhbnQ7Cgp3aWR0aDogMjkxcHggIWltcG9ydGFudDsKCmhlaWdodDozM3B4ICFpbXBvcnRhbnQ7CgptYXJnaW46MHB4IDBweCAxMHB4IDBweCAhaW1wb3J0YW50OwoKYmFja2dyb3VuZDogdXJsKCJodHRwOi8vaW1hZ2UucmFrdXRlbi5jby5qcC92aWVhbmdlL2NhYmluZXQvYm5yX2Zhdml0ZW0uanBnIikgbm8tcmVwZWF0ICFpbXBvcnRhbnQ7Cgp9CgogCgovKiDjgYrmsJfjgavlhaXjgorjgrfjg6fjg4Pjg5cgKi8KCmRpdi5ib29rbWFya0FyZWEgewoKd2lkdGg6IDI5MXB4ICFpbXBvcnRhbnQ7Cgp9CgojcmFrdXRlbkxpbWl0ZWRJZF9hcm91bmRDYXJ0IGRpdi5zaG9wQm9va21hcmtBcmVhIGRpdi5zaG9wQmttIHsKCndpZHRoOiAyOTFweCAhaW1wb3J0YW50OwoKaGVpZ2h0OjMzcHggIWltcG9ydGFudDsKCnBhZGRpbmc6IDBweCAwcHggIWltcG9ydGFudDsKCnBhZGRpbmctbGVmdDogMHB4ICFpbXBvcnRhbnQ7Cgp9CgojcmFrdXRlbkxpbWl0ZWRJZF9hcm91bmRDYXJ0IGRpdi5zaG9wQm9va21hcmtBcmVhIGRpdi5zaG9wQmttIGEuYWRkU2hvcEJrbSBzcGFuLnNob3BCa21TdGFyIHsKCmRpc3BsYXk6IGlubGluZS1ibG9jayAhaW1wb3J0YW50OwoKd2lkdGg6IDI5MXB4ICFpbXBvcnRhbnQ7CgpoZWlnaHQ6MzNweCAhaW1wb3J0YW50OwoKbWFyZ2luLXJpZ2h0OiAwcHggIWltcG9ydGFudDsKCmJhY2tncm91bmQ6IHVybCgiaHR0cDovL2ltYWdlLnJha3V0ZW4uY28uanAvdmllYW5nZS9jYWJpbmV0L2Jucl9mYXZzaG9wLmpwZyIpIG5vLXJlcGVhdCAhaW1wb3J0YW50OwoKfQo8L3N0eWxlPgoKCgoKPGRpdiBpZD0icHJlc2VudF9iYXNlIiBjbGFzcz0iY2xlYXJmaXgiPgogICA8ZGl2IGNsYXNzPSJwcmVzZW50X2ltZyI+PGltZyBzcmM9Imh0dHA6Ly9pbWFnZS5yYWt1dGVuLmNvLmpwL3ZpZWFuZ2UvY2FiaW5ldC90bWcvZm9vdF9wcmUwMS5naWYiIGFsdD0i5aSn5YiH44Gq44GC44Gu5Lq644Gr57Sg5pW144Gq44OX44Os44K844Oz44OIIiB3aWR0aD0iMTk5IiBoZWlnaHQ9IjI5NSIgLz48L2Rpdj4KICAgPGRpdiBjbGFzcz0icHJlc2VudF90eHQiPjxwPuW9k+W6l+OBr+OAgeS6uuawl+OCouOCr+OCu+OCteODquODvOODluODqeODs+ODieOAjOWkqeS9v+OBruWNteOAjeOChOOAjOacquadpeWkqeS9v+OAjeOCkuOBr+OBmOOCgeOAgeiqleeUn+efs+OBruODmuODs+ODgOODs+ODiOOChOODquODs+OCsOOBquOBqeOAgeODl+ODrOOCvOODs+ODiOOBq+ODlOODg+OCv+ODquOBquOCouOCr+OCu+OCteODquODvOOCkuWPluaJseOBhumAmuiyqeOCt+ODp+ODg+ODl+OBp+OBmeOAgjwvcD48YnIgLz4K44CM5YSq44GX44GE5YWJ44Gr44Gk44Gk44G+44KM44KL5rC46YGg44Gu5ZG944CN44KS6KGo54++44GX44Gf44Kz44Oz44K744OX44OI44K444Ol44Ko44Oq44O844CM5pyq5p2l5aSp5L2/44CN44Gv5pyq5p2l44Gr5ZCR44GR44Gm6Lyd44GR44KL5ZG944Gu44GZ44Gw44KJ44GX44GV44KS5aSa5b2p44Gq44OG44O844Oe44O744OH44K244Kk44Oz44Gn6KGo54++44GX44Gm44GE44G+44GZ44CCPGJyIC8+CuOBneOCk+OBquacquadpeWkqeS9v+OBi+OCieOBruODl+ODrOOCvOODs+ODiOOBqOOBhOOBhuOCs+ODs+OCu+ODl+ODiOOBp+S9nOOCieOCjOOBn+OAjOWkqeS9v+OBruWNteOAjeOBr+OAgeOAjOiqleeUn+OBruWWnOOBs+OAjeOChOOAjOeUn+OBjeOCi+OBk+OBqOOBruaEn+WLleOBqOiznuizm+OAjeOCkuODhuODvOODnuOBqOOBl+OBpuWJteOCieOCjOOAgeWNteOBqOe+veOBruODkOODqeODs+OCueOBruiJr+OBhOOChOOBleOBl+OBhOODh+OCtuOCpOODs+OBjOaEm+OBleOCjOOBpuOBhOOCi+ODreODs+OCsOOCu+ODqeODvOOBruS6uuawl+OCouOCr+OCu+OCteODquODvOOBp+OBmeOAguaYr+mdnuOAgeWkp+WIh+OBquS6uuOBuOOBruODl+ODrOOCvOODs+ODiOetieOBq+OCguOBlOa0u+eUqOS4i+OBleOBhO+8gTwvZGl2Pgo8L2Rpdj4KCgoKCgo8IS0t4pa84pa84pa844Os44OT44Ol44O844O75rOo5paH54q25rOB4pa84pa84pa8LS0+ICAgCgogICAgICAgICAgICA8aDI+PGltZyBzcmM9Imh0dHA6Ly93d3cucmFrdXRlbi5uZS5qcC9nb2xkL3ZpZWFuZ2UvaW1nL3RpdGxlXzA2LmpwZyIgYWx0PSLjg6zjg5Pjg6Xjg7wiIHdpZHRoPSI2ODgiIGhlaWdodD0iNzAiIC8+PC9oMj4KICAgICAgICAgICAgPGJyPjxicj4KICAKCSAgPGJyPiA8YnI+IDxicj4gCiAgICAgICAgICAgICAgICAgIDxoMj48aW1nIHNyYz0iaHR0cDovL3d3dy5yYWt1dGVuLm5lLmpwL2dvbGQvdmllYW5nZS9pbWcvdGl0bGVfMDcuanBnIiBhbHQ9IuazqOaWh+eKtuazgSIgd2lkdGg9IjY4OCIgaGVpZ2h0PSI3MCIgLz48L2gyPgogICAgICAgICAgICAgICAgICAgICAgICAgICAgICA8YnI+IDxicj4gCjxicj4gPGJyPiA8YnI+,4peG44CQ5Yi75Y2w5a++5b+c44CR4peG44Op44OQ44O844K644K344O844Oz4peG44K344Or44OQ44O844Oq44Oz44KwKOeUt+Wls+WFvOeUqCnjgJBMU1IwMTE2ROOAkeOAkOaMh+i8qiDjg4DjgqTjg6Tjg6Ljg7Pjg4kg44OX44Os44K844Oz44OIIOOCruODleODiCDjg6rjg7PjgrAg5Yi75Y2w5Y+v6IO9IOOCt+ODq+ODkOODvCDjgqLjgq/jgrvjgrXjg6rjg7wg44K444Ol44Ko44Oq44O8IOODgOOCpOODpCDjg6zjg4fjgqPjg7zjgrkg44Oh44Oz44K644Oq44Oz44KwIOWPr+aEm+OBhCDjg6Hjg7Pjgrog44K344Oz44OX44OrIOOBi+OCj+OBhOOBhOOAkSAg5q+N44Gu5pelIOOCt+ODs+ODl+ODq++8muWkqeS9v+OBruWNtSB3aXRoIExPVkVSUyBTQ0VORQ==,5aSp5L2/44Gu5Y215pyq5p2l5aSp5L2/44K544Oa44O844K544Kv44Oq44Ko44O844K/44O844K444Ol44Ko44Oq44O844K344Or44OQ44O844Ki44Kv44K744K144Oq44O844OU44Oz44Kv44K344Or44OQ44O844ON44OD44Kv44Os44K555u05Za25bqX44Kv44Oq44K544Oe44K56ZmQ5a6a44Oa44Oz44OA44Oz44OI5oyH6Lyq44OU44Ki44K544OX44Os44K844Oz44OI44OZ44OT44O844K544OX44O844Oz44Os44OH44Kj44O844K544Op44OQ44O844K644K344O844Oz57WQ5ama5oyH6Lyq44Oa44Ki44Oq44Oz44Kw6KqV55Sf55+z4peG44CQ5Yi75Y2w5a++5b+c44CR4peG44Op44OQ44O844K644K344O844Oz4peG44K344Or44OQ44O844Oq44Oz44KwKOeUt+Wls+WFvOeUqCnjgJBMU1IwMTE2ROOAkeOAkOaMh+i8qiDjg4DjgqTjg6Tjg6Ljg7Pjg4kg44OX44Os44K844Oz44OIIOOCruODleODiCDjg6rjg7PjgrAg5Yi75Y2w5Y+v6IO9IOOCt+ODq+ODkOODvCDjgqLjgq/jgrvjgrXjg6rjg7wg44K444Ol44Ko44Oq44O8IOODgOOCpOODpCDjg6zjg4fjgqPjg7zjgrkg44Oh44Oz44K644Oq44Oz44KwIOWPr+aEm+OBhCDjg6Hjg7Pjgrog44K344Oz44OX44OrIOOBi+OCj+OBhOOBhOOAkSAg5q+N44Gu5pelIOOCt+ODs+ODl+ODqw==,44OA44Kk44Ok44Oi44Oz44OJ44GM5LiK5ZOB44Gr6Lyd44GP4piGIOWIu+WNsOWvvuW/nOOAguKXhuOAkOWIu+WNsOWvvuW/nOOAkeKXhuODqeODkOODvOOCuuOCt+ODvOODs+KXhuOCt+ODq+ODkOODvOODquODs+OCsCjnlLflpbPlhbznlKgp44CQTFNSMDExNkTjgJHjgJDmjIfovKog44OA44Kk44Ok44Oi44Oz44OJIOODl+ODrOOCvOODs+ODiCDjgq7jg5Xjg4gg44Oq44Oz44KwIOWIu+WNsOWPr+iDvSDjgrfjg6vjg5Djg7wg44Ki44Kv44K744K144Oq44O8IOOCuOODpeOCqOODquODvCDjg4DjgqTjg6Qg44Os44OH44Kj44O844K5IOODoeODs+OCuuODquODs+OCsCDlj6/mhJvjgYQg44Oh44Oz44K6IOOCt+ODs+ODl+ODqyDjgYvjgo/jgYTjgYTjgJEgIOavjeOBruaXpSDjgrfjg7Pjg5fjg6s=[rn]
39-1015,aHR0cDovL3RzaG9wLnIxMHMuanAvdmllYW5nZS9jYWJpbmV0L2xvdmVyc19zY2VuZS9sc3IvbHNyMDExOF9wa182MDAuanBnP2ZpdGluPTcwMDo3MDA=,Nzc3Ni4wMDAw,,44K444Ol44Ko44Oq44O844O744Ki44Kv44K744K144Oq44O8ID4g44Os44OH44Kj44O844K544K444Ol44Ko44Oq44O844O744Ki44Kv44K744K144Oq44O8ID4g5oyH6Lyq44O744Oq44Oz44Kw,44CQ5Yi75Y2w5a++5b+c44CR4peGTE9WRVJTIFNDRU5FIOODqeODkOODvOOCuuOCt+ODvOODs+KXhuOCt+ODq+ODkOODvOODquODs+OCsO+8iOODrOODh+OCo+ODvOOCue+8ieOAkExTUjAxMTE4Q1pQS+OAkeOAkOOCt+ODq+ODkOODvOODquODs+OCsCDjg5rjgqLjg6rjg7PjgrAg44Oa44KiIOaMh+i8qiDjg6zjg4fjgqPjg7zjgrkg44OP44O844OIIOODl+ODrOOCvOODs+ODiCDjgq7jg5Xjg4gg6KqV55Sf5pelIOOChuOBs+OCjyDjg6rjg7PjgrAg5Yi75Y2w5Y+v6IO9IOOCt+ODq+ODkOODvCDjgqLjgq/jgrvjgrXjg6rjg7wg44K444Ol44Ko44Oq44O8IOOAkSAg5q+N44Gu5pelIOOCt+ODs+ODl+ODqw==,44K344Oz44OX44Or44Gn5rSX57e044GV44KM44Gf44OH44K244Kk44OzIOODj+ODvOODiCDliLvljbDlr77lv5w=,PGNlbnRlcj48YSBocmVmPSJodHRwczovL215LmJvb2ttYXJrLnJha3V0ZW4uY28uanAvP2Z1bmM9cmVnJnN2aWQ9MTAxJnNob3BfYmlkPTIwMzk0NyZpaWQ9MTAwMDIwODEmaXR5cGU9MSB0YXJnZXQ9X2JsYW5rIj48aW1nIHNyYz0iaHR0cDovL2ltYWdlLnJha3V0ZW4uY28uanAvdmllYW5nZS9jYWJpbmV0L3BfYm5yX2Zhdml0ZW0uanBnIiBib3JkZXI9IjAiIHdpZHRoPSI2NjAiIGhlaWdodD0iMTMwIj48L2E+PC9jZW50ZXI+PGJyPjxicj48ZGl2IGlkPSJkZXRhaWxfYmFzZTIiPgo8YnI+CjxpbWcgc3JjPSJodHRwOi8vaW1hZ2UucmFrdXRlbi5jby5qcC92aWVhbmdlL2NhYmluZXQvY2FtcGFpZ24vbHNfc3BfdG9rdXRlbi5qcGciIGFsdD0iTE9WRVJTIFNDRU5FIOOCreODo+ODs+ODmuODvOODsyIgd2lkdGg9IjEwMCUiIC8+PGJyPgogCjxpbWcgc3JjPSJodHRwOi8vaW1hZ2UucmFrdXRlbi5jby5qcC92aWVhbmdlL2NhYmluZXQvbG92ZXJzX3NjZW5lL2xzci9sc3IwMTE4X2ltYWdlLmpwZyIgd2lkdGg9IjY2MCIgaGVpZ2h0PSIzNjAiIC8+CjxiciAvPjxiciAvPgoKPGltZyBzcmM9Imh0dHA6Ly9pbWFnZS5yYWt1dGVuLmNvLmpwL3ZpZWFuZ2UvY2FiaW5ldC9sb3ZlcnNfc2NlbmUvbHNyL2xzcjAxMThfaW1hZ2UyLmpwZyIgd2lkdGg9IjY2MCIgaGVpZ2h0PSIxMTEwIiAvPgo8YnIgLz48YnIgLz4KPC9kaXY+Cgo8ZGl2IGNsYXNzPSJzcF9nb29kc18xMzA1XzA5Ij4KICAgICAKPGRpdiBjbGFzcz0ic3BfdGFucGluX2xlZnQiPgo8YSBocmVmPSJodHRwOi8vaXRlbS5yYWt1dGVuLmNvLmpwL3ZpZWFuZ2UvbHNyMDExOGN6cGstYmN6YmsvICI+CjxpbWcgc3JjPSJodHRwOi8vaW1hZ2UucmFrdXRlbi5jby5qcC92aWVhbmdlL2NhYmluZXQvbG92ZXJzX3NjZW5lL2xzci9sc3IwMTE4X3BrX2JrXzYwMC5qcGciIHdpZHRoPSIyMzUiIGhlaWdodD0iMjM1IiBjbGFzcz0iaW1nMjAiIC8+PC9hPgogICAgICAgPHA+44K344Or44OQ44O844Oa44Ki44Oq44Oz44KwPGJyIC8+CiAgICAgIDwvcD4KPC9kaXY+CiAgICAKPGRpdiBjbGFzcz0ic3BfdGFucGluX3JpZ2h0Ij4KPGEgaHJlZj0iaHR0cDovL2l0ZW0ucmFrdXRlbi5jby5qcC92aWVhbmdlL2xzcjAxMThiY3piay8gIj4KPGltZyBzcmM9Imh0dHA6Ly9pbWFnZS5yYWt1dGVuLmNvLmpwL3ZpZWFuZ2UvY2FiaW5ldC9sb3ZlcnNfc2NlbmUvbHNyL2xzcjAxMThfYmtfNjAwLmpwZyIgd2lkdGg9IjIzNSIgaGVpZ2h0PSIyMzUiIGNsYXNzPSJpbWcyMCIgLz48L2E+CiAgICAgIDxwPuODoeODs+OCuuOCt+ODq+ODkOODvOODquODs+OCsO+8iOODluODqeODg+OCr+OCs+ODvOODhuOCo+ODs+OCsO+8iTxiciAvPgogICAgICDntIQxLjZtbcOX57SEMi4wbW3vvIjluYXDl+WOmuOBv++8iQogICAgICAgPC9wPgo8L2Rpdj4KPC9kaXY+CgoKPGltZyBzcmM9Imh0dHA6Ly9pbWFnZS5yYWt1dGVuLmNvLmpwL3ZpZWFuZ2UvY2FiaW5ldC9wYXJ0cy9sc3IwNjUwXzM5LmdpZiIgY2xhc3M9ImltZzIwIiAvPgogIDxwIGNsYXNzPSJpbWcxNSI+44Oq44Oz44Kw44KS552A44GR44KI44GG44Go6ICD44GI44Gm44GE44KL5oyH44Gu5LiA55Wq5aSq44GE6YOo5YiG44Gr57O444Gq44Gp44KS5be744GE44Gm44CB77yR5ZGo5YiG44Gu5ryU57+S44Gu6ZW344GV44KS5Zuz44KK44G+44GZ44CCPGJyIC8+CiAg44GT44Gu5ris44KK5pa544Gv44GC44GP44G+44Gn57Ch5piT55qE44Gq6KiI5ris5pa55rOV44Gn44GZ44Gu44Gn44CB5q2j56K644Gr44K144Kk44K644KS5ris44KL44Gr44Gv44CB44GK6L+R44GP44Gu44Ki44Kv44K744K144Oq44O844K344On44OD44OX44Gq44Gp44Gn44CB44CO44Oq44Oz44Kw44Ky44O844K444CP44KS5L2/55So44GX44Gm6KiI5ris44GX44Gm5LiL44GV44GE44CCPC9wPgogIDxpbWcgc3JjPSJodHRwOi8vaW1hZ2UucmFrdXRlbi5jby5qcC92aWVhbmdlL2NhYmluZXQvcGFydHMvbHNyMDY1MF80MS5naWYiIHdpZHRoPSI2NjAiIGhlaWdodD0iMTY3IiBjbGFzcz0iaW1nNjAiIC8+CgoKPGRpdiBjbGFzcz0iY2FfMDEiPgo8aW1nIHNyYz0iaHR0cDovL2ltYWdlLnJha3V0ZW4uY28uanAvdmllYW5nZS9jYWJpbmV0L3dyYXBwaW5nL3dyYXBwaW5nX3RpdGxlLmpwZyIgYWx0PSLjg6njg4Pjg5Tjg7PjgrAiPgoKPGJyPjxicj48YnI+Cgo8dGFibGUgYm9yZGVyPSIwIiB3aWR0aD0iNjYwcHgiPgo8dHI+Cjx0ZD4KPGltZyBzcmM9Imh0dHA6Ly9pbWFnZS5yYWt1dGVuLmNvLmpwL3ZpZWFuZ2UvY2FiaW5ldC93cmFwcGluZy9sc193cmFwXzAxXzEuanBnIiBhbHQ9IkxPVkVSUyBTQ0VORSAg6YCa5bi444Op44OD44OU44Oz44KwIj4KPC90ZD4KPHRkPgo8aW1nIHNyYz0iaHR0cDovL2ltYWdlLnJha3V0ZW4uY28uanAvdmllYW5nZS9jYWJpbmV0L3dyYXBwaW5nL2xzX3dyYXBfMDIuanBnIiBhbHQ9IkxPVkVSUyBTQ0VOReOAgOOCqOOCs+ODqeODg+ODlOODs+OCsCI+CjwvdGQ+Cjx0ZD4KPGEgIGhyZWY9Imh0dHA6Ly9pdGVtLnJha3V0ZW4uY28uanAvdmllYW5nZS9jLzAwMDAwMDA3ODEvIj48aW1nIHNyYz0iaHR0cDovL2ltYWdlLnJha3V0ZW4uY28uanAvdmllYW5nZS9jYWJpbmV0L3dyYXBwaW5nL2xzX3dyYXBfMDMuanBnIiBhbHQ9IkxPVkVSUyBTQ0VOReOAgOOCueODmuOCt+ODo+ODq+ODqeODg+ODlOODs+OCsCI+PC9hPgo8L3RkPgo8L3RyPgo8L3RhYmxlPgo8aW1nIHNyYz0iaHR0cDovL2ltYWdlLnJha3V0ZW4uY28uanAvdmllYW5nZS9jYWJpbmV0L3dyYXBwaW5nL2tpa2luLmpwZyIgYWx0PSLlpKnkvb/jga7ljbXln7rph5EiPgoKPGEgIGhyZWY9Imh0dHA6Ly9pdGVtLnJha3V0ZW4uY28uanAvdmllYW5nZS9jLzAwMDAwMDA3OTEvIj4KPGltZyBzcmM9Imh0dHA6Ly9pbWFnZS5yYWt1dGVuLmNvLmpwL3ZpZWFuZ2UvY2FiaW5ldC93cmFwcGluZy9sc19jYXJkLmpwZyIgYWx0PSLjg6Hjg4Pjgrvjg7zjgrjjgqvjg7zjg4kiPjwvYT4KCgo8aW1nIApzcmM9Imh0dHA6Ly9pbWFnZS5yYWt1dGVuLmNvLmpwL3ZpZWFuZ2UvY2FiaW5ldC9jYW1wYWlnbi9ub2JlX2xzXzY2MC5qcGciIHdpZHRoPSI2NjAiIGhpZ2h0PSIyMDAiIGFsdD0iTE9WRVJTIFNDRU5FIOODjuODmeODq+ODhuOCoyI+PGJyPjxicj4KPC9kaXY+PHRhYmxlIHdpZHRoPSIzOTAiIGJvcmRlcj0iMCI+CiAgPHRyPgogICAgPHRkPjxmb250IGNvbG9yPSM2OTY5Njkgc2l6ZT0iMiI+44CQTG92ZXJzIFNzY2VuZSDjgrfjg6vjg5Djg7zjg5rjgqLjg6rjg7PjgrDjgJE8YnI+CiAgICAgICAgPGZvbnQgY29sb3I9IiMwMDk5RkYiPuWQiOOCj+OBm+OCi+OBqOODj+ODvOODiOOBruODouODgeODvOODleOCkuOBi+OBn+OBqeOCi+ODmuOCouODquODs+OCsOOBruODrOODh+OCo+ODvOOCueWNmOWTgeOAguODrOODh+OCo+ODvOOCueeUqOOBr+S4iuWTgeOBquWNsOixoeOBruODlOODs+OCr+OCtOODvOODq+ODieOCq+ODqeODvOKZquOBneOCjOOBnuOCjOOBq+OCs+ODvOODhuOCo+ODs+OCsOOCkuaWveOBl+OBpuOBiuOCiuOBvuOBmeOBruOBp+OAgemVt+OBj+OBlOS9v+eUqOOBhOOBn+OBoOOBkeOBvuOBmeOAgjwvZm9udD48L2ZvbnQ+PC90ZD4KICA8L3RyPgo8L3RhYmxlPgo8dGFibGUgd2lkdGg9IjM5MCIgYm9yZGVyPSIwIj4KICA8dHI+CiAgICA8dGQgd2lkdGg9IjEyNSI+Jm5ic3A7PC90ZD4KICAgIDx0ZCB3aWR0aD0iMTM2Ij4mbmJzcDs8L3RkPgogICAgPHRkIHdpZHRoPSIxMTUiPiZuYnNwOzwvdGQ+CiAgPC90cj4KICAgIDx0cj4KICAgIDx0ZD48Zm9udCBjb2xvcj0jNjk2OTY5IHNpemU9IjIiPuKWoOOAgOe0oOadkOOAgOKWoDwvZm9udD48L3RkPgogICAgPHRkPiZuYnNwOzwvdGQ+CiAgPC90cj4KPC90YWJsZT4KPHRhYmxlIHdpZHRoPSIzOTAiIGJvcmRlcj0iMCI+CiAgPHRyPgogICAgPHRkIHdpZHRoPSI4OSI+PGRpdiBhbGlnbj0icmlnaHQiPjxmb250IGNvbG9yPSIjNjk2OTY5IiBzaXplPSIyIj7jg6zjg4fjgqPjg7zjgrnvvJo8L2ZvbnQ+PC9kaXY+PC90ZD4KICAgIDx0ZCB3aWR0aD0iMjkxIj48Zm9udCBjb2xvcj0jNjk2OTY5IHNpemU9IjIiPlNWOTI177yI44OU44Oz44Kv44K044O844Or44OJ44Kz44O844OG44Kj44Oz44Kw77yJ44CB44Kt44Ol44O844OT44OD44Kv44K444Or44Kz44OL44KiPC9mb250PjwvdGQ+CiAgPC90cj4KICA8L3RhYmxlPgo8dGFibGUgd2lkdGg9IjM5MCIgYm9yZGVyPSIwIj4KICA8dHI+CiAgICA8dGQ+PGZvbnQgY29sb3I9IzY5Njk2OSBzaXplPSIyIj7ilqAg5aSn44GN44GVKG1tKSDilqA8L2ZvbnQ+PC90ZD4KICA8L3RyPgo8L3RhYmxlPgo8dGFibGUgd2lkdGg9IjM5MCIgYm9yZGVyPSIwIj4KICA8dHI+CiAgICA8dGQgd2lkdGg9Ijg3Ij4mbmJzcDs8L3RkPgogICAgPHRkIHdpZHRoPSIyOTMiPjxmb250IGNvbG9yPSM2OTY5Njkgc2l6ZT0iMiI+5bmF57SEMi4yw5fljprjgb/ntIQyLjI8L2ZvbnQ+PC90ZD4KICA8L3RyPgo8L3RhYmxlPgo8dGFibGUgd2lkdGg9IjM5MCIgYm9yZGVyPSIwIj4KICA8dHI+CiAgICA8dGQgd2lkdGg9Ijg3Ij4mbmJzcDs8L3RkPgogICAgPHRkIHdpZHRoPSIyOTMiPiZuYnNwOzwvdGQ+CiAgPC90cj4KPC90YWJsZT4KPHRhYmxlIHdpZHRoPSIzOTAiIGJvcmRlcj0iMCI+CiAgPHRyPgogICAgPHRkIHdpZHRoPSI4OSI+PGZvbnQgY29sb3I9IzY5Njk2OSBzaXplPSIyIj7ilqDjgIDph43ph4/jgIDilqA8L2ZvbnQ+PC90ZD4KICAgIDx0ZCB3aWR0aD0iMjkxIj4mbmJzcDs8L3RkPgogIDwvdHI+CjwvdGFibGU+Cjx0YWJsZSB3aWR0aD0iMzkwIiBib3JkZXI9IjAiPgogIDx0cj4KICAgIDx0ZCB3aWR0aD0iODkiPiZuYnNwOzwvdGQ+CiAgICA8dGQgd2lkdGg9IjI5MSI+PGZvbnQgY29sb3I9IzY5Njk2OSBzaXplPSIyIj7ntIQxLjVnPC9mb250PjwvdGQ+CiAgPC90cj4KICA8dHI+CiAgICA8dGQ+Jm5ic3A7PC90ZD4KICAgIDx0ZD48Zm9udCBjb2xvcj0iIzAwOTlGRiIgc2l6ZT0iMSI+4oC75aSn44GN44GV44O76YeN44GV44Gr44Gv5aSa5bCR44Gu5YCL5L2T5beu44GM55Sf44GY44G+44GZPC9mb250PjwvdGQ+CiAgPC90cj4KPC90YWJsZT4KPHRhYmxlIHdpZHRoPSIzOTAiIGJvcmRlcj0iMCI+CiAgPHRyPgogICAgPHRkIHdpZHRoPSI4OCIgaGVpZ2h0PSIxNSI+PGZvbnQgY29sb3I9IzY5Njk2OSBzaXplPSIyIj7ilqDopo/lrprjgrXjgqTjgrrilqA8L2ZvbnQ+PC90ZD4KICAgIDx0ZCB3aWR0aD0iMjkyIj4mbmJzcDs8L3RkPgogIDwvdHI+CjwvdGFibGU+Cjx0YWJsZSB3aWR0aD0iMzkwIiBib3JkZXI9IjAiPgogIDx0cj4KICAgIDx0ZCB3aWR0aD0iODciPiZuYnNwOzwvdGQ+CiAgICA8dGQgd2lkdGg9IjI5MyI+PGZvbnQgY29sb3I9IzY5Njk2OSBzaXplPSIyIj7jg6zjg4fjgqPjg7zjgrnvvJojN++9niMxNSDlpYfmlbDlj7fjga7jgb88L2ZvbnQ+PC90ZD4KICA8L3RyPgo8L3RhYmxlPgo8dGFibGUgd2lkdGg9IjM5MCIgYm9yZGVyPSIwIj4KICA8dHI+CiAgICA8dGQgd2lkdGg9Ijg5IiBoZWlnaHQ9IjIwIj4mbmJzcDs8L3RkPgogICAgPHRkIHdpZHRoPSIyOTEiPjxmb250IGNvbG9yPSM2OTY5Njkgc2l6ZT0iMSI+4oC75LiK6KiY5Lul5aSW44Gu44K144Kk44K644CB5YG25pWw44K144Kk44K644Gr6Zai44GX44Gm44KC44CBIzfvvZ4jCjIx44Gu56+E5Zuy5YaF44Gn44CB44GU55So5oSP44GZ44KL44GT44Go44GM5Y+v6IO944Gn44GZ44CCIOOBlOazqOaWh+WvvuW/nOOBqOOBquOCiuOBvuOBmeOBruOBp+OAge+8k++9nu+8lOmAsemWk+OBu+OBqeOBiuaZgumWk+OBjOOBi+OBi+OCiuOBvuOBmeOAgjwvZm9udD48L3RkPgogIDwvdHI+CiAgPHRyPgogICAgPHRkPiZuYnNwOzwvdGQ+CiAgICA8dGQ+Jm5ic3A7PC90ZD4KICA8L3RyPgo8L3RhYmxlPgoKPHRhYmxlIHdpZHRoPSIzOTAiIGJvcmRlcj0iMCI+CiAgPHRyPgogICAgPHRkIHdpZHRoPSIzMzIiPjxmb250IGNvbG9yPSM2OTY5Njkgc2l6ZT0iMiI+4pag5pyq5L2/55So5ZOB44Gu44K144Kk44K65aSJ5pu077yI5Yid5pyf44K144Kk44K65aSJ5pu077yJ44Gr44Gk44GE44Gm4pagPC9mb250PjwvdGQ+CiAgICA8dGQgd2lkdGg9IjQ4Ij4mbmJzcDs8L3RkPgogIDwvdHI+CjwvdGFibGU+Cjx0YWJsZSB3aWR0aD0iMzkwIiBib3JkZXI9IjAiPgogIDx0cj4KICAgIDx0ZCB3aWR0aD0iODkiIGhlaWdodD0iNTEiPiZuYnNwOzwvdGQ+CiAgICA8dGQgd2lkdGg9IjI5MSI+PGZvbnQgY29sb3I9IiM2OTY5NjkiIHNpemU9IjIiPjxicj4KICAgICAgICA8Zm9udCBjb2xvcj0iIzAwOTlGRiI+5pys5ZWG5ZOB44Gu5LuV5qeY5LiK44CB5Y6f5YmH44Go44GX44Gm44K144Kk44K655u044GX44GM44Gn44GN44G+44Gb44KT44CC44K144Kk44K644KS44KI44GP44GK56K644GL44KB44Gu5LiK44GU6LO85YWl44Gt44GM44GE44G+44GZ44CCPC9mb250PuS4h+OBjOS4gOOBiuWuouanmOOBruOBiuaJi+WFg+OBq+WxiuOBhOOBn+WVhuWTgeOBruOCteOCpOOCuuOBjOWQiOOCj+OBmuOAgeS7luOBruOCteOCpOOCuuOBuOOBruWkieabtOOCkuOBlOW4jOacm+OBruWgtOWQiOOBq+OBr+OAgTxmb250IGNvbG9yPSIjMDA5OUZGIj7mnKrkvb/nlKjjga7lk4HjgavpmZDjgoo8L2ZvbnQ+44K144Kk44K65Lqk5o+b44KS5om/44KK44G+44GZ44CC5b+F44GaPGZvbnQgY29sb3I9IiMwMDk5RkYiPuWVhuWTgeWIsOedgOW+jDHpgLHplpPku6XlhoU8L2ZvbnQ+44Gr44GU6YCj57Wh44GE44Gf44Gg44GN44G+44GZ44KI44GG44GK6aGY44GE55Sz44GX5LiK44GS44G+44GZ44CCPGJyPgogICAgICA8YnI+CuKXhuWVhuWTgeWIsOedgOW+jDHpgLHplpPku6XlhoXjgavjgZTpgKPntaHjgYTjgZ/jgaDjgZHjgarjgYvjgaPjgZ/loLTlkIjjgoTjgIHllYblk4Hjgavkvb/nlKjnl5XjgarjganjgYzoqo3jgoHjgonjgozjgovloLTlkIjjgavjga/jgrXjgqTjgrrkuqTmj5vjgpLmib/jgorjgYvjga3jgovjgZPjgajjgoLjgZTjgZbjgYTjgb7jgZnjga7jgafjgZTkuobmib/poZjjgYTjgb7jgZnjgII8YnI+Cjxicj4K4peG44GU5biM5pyb44K144Kk44K644Gu5Zyo5bqr44KS5YiH44KJ44GX44Gm44GE44KL5aC05ZCI44CB5Lqk5o+b5ZWG5ZOB44Gu5omL6YWN44Gr77yT772e77yU6YCx6ZaT44G744Gp44GK5pmC6ZaT44KS6LOc44KK44G+44GZ44CCPGJyPgo8YnI+CuKXhuWVhuWTgeWPl+OBkea4oeOBl+OBq+mWouOCj+OCi+W+gOW+qeOBrumAgeaWmeOBr+OAgeOBiuWuouanmOOBruOBlOiyoOaLheOBqOOBquOCiuOBvuOBmeOAgjxicj48YnI+CuKXhuWVhuWTgeOBqzxmb250IGNvbG9yPSIjMDA5OUZGIj7liLvljbDjgpLlhaXjgozjgabjgYTjgovloLTlkIg8L2ZvbnQ+44Gv44CB5pyJ5paZ5Yi75Y2w44O754Sh5paZ5Yi75Y2w44KS5ZWP44KP44Ga5Lqk5o+b5omL5pWw5paZ44Go5YaN5Yi75Y2w5paZ44GM5Yil6YCU55m655Sf44GE44Gf44GX44G+44GZ44CC6Kmz57Sw44Gr6Zai44GX44G+44GX44Gm44Gv44CB44Oh44O844Or44Gr44Gm44GK5ZWP44GE5ZCI44KP44Gb6aGY44GE44G+44GZ44CCPGJyPgo8YnI+CuKXhuacrOOCteODvOODk+OCueOBrumBqeeUqOOBr+OAgeWIneWbnumZkOOCiuOBqOOBleOBm+OBpuOBhOOBn+OBoOOBjeOBvuOBmeOAggo8L2ZvbnQ+PC90ZD4KICA8L3RyPgogIDx0cj4KICAgIDx0ZD4mbmJzcDs8L3RkPgogICAgPHRkPiZuYnNwOzwvdGQ+CiAgPC90cj4KPC90YWJsZT4KPHRhYmxlIHdpZHRoPSIzOTAiIGJvcmRlcj0iMCI+CiAgPHRyPgogICAgPHRkIHdpZHRoPSIzMzIiPjxmb250IGNvbG9yPSM2OTY5Njkgc2l6ZT0iMiI+4pag44GU6LO85YWl5b6M5L2/55So44GX44Gf5ZWG5ZOB44Gu44K144Kk44K65aSJ5pu044Gr44Gk44GE44Gm4pagPC9mb250PjwvdGQ+CiAgICA8dGQgd2lkdGg9IjQ4Ij4mbmJzcDs8L3RkPgogIDwvdHI+CjwvdGFibGU+Cjx0YWJsZSB3aWR0aD0iMzkwIiBib3JkZXI9IjAiPgogIDx0cj4KICAgIDx0ZCB3aWR0aD0iODgiPjxkaXYgYWxpZ249InJpZ2h0Ij48L2Rpdj4KICAgIDwvdGQ+CiAgICA8dGQgd2lkdGg9IjI5MiI+PGZvbnQgY29sb3I9IzY5Njk2OSBzaXplPSIyIj7ljp/liYfkuI3lj688L2ZvbnQ+PC90ZD4KICA8L3RyPgogIDx0cj4KICAgIDx0ZCBoZWlnaHQ9IjM4Ij4mbmJzcDs8L3RkPgogICAgPHRkPjxmb250IGNvbG9yPSM2OTY5Njkgc2l6ZT0iMiI+4oC75pys5ZWG5ZOB44Gu5LuV5qeY5LiK44CB44GU6LO85YWl5b6M44GU5L2/55So44Gr44Gq44KJ44KM44Gf5ZWG5ZOB44Gu44K144Kk44K655u044GX44GvPGZvbnQgY29sb3I9IiMwMDk5RkYiPuWOn+WJh+OBqOOBl+OBpuOBiuWPl+OBkeOBmeOCi+OBk+OBqOOBjOOBp+OBjeOBvuOBm+OCkzwvZm9udD7jgILjgZ/jgaDjgZfjgIHjgYrlrqLmp5jjga7jgZTkuobmib/jga7jgoLjgajjgrXjgqTjgrrnm7TjgZfjgYzlj6/og73jgarloLTlkIjjgoLjgZTjgZbjgYTjgb7jgZnjga7jgafjgIHjg6Hjg7zjg6vjgavjgabjgYrllY/jgYTlkIjjgo/jgZvpoZjjgYTjgb7jgZnjgII8L2ZvbnQ+PC90ZD4KICA8L3RyPgogIDx0cj4KICAgIDx0ZCBoZWlnaHQ9IjE1Ij4mbmJzcDs8L3RkPgogICAgPHRkPiZuYnNwOzwvdGQ+CiAgPC90cj4KPC90YWJsZT4KPGltZyBzcmM9Imh0dHA6Ly9pbWFnZS5yYWt1dGVuLmNvLmpwL3ZpZWFuZ2UvY2FiaW5ldC9wYXJ0cy9sc19rb2t1aW4uanBnIiB3aWR0aD0iNDAwIiBoZWlnaHQ9IjM1IiBhbHQ9IuWIu+WNsOOCteODvOODk+OCuSIgIC8+Cgo8YnI+PGJyPgoKPHA+44Oq44Oz44Kw44Gu5YaF5YG044Gr44Oh44OD44K744O844K444KE44GK5ZCN5YmN44Gq44Gp44KS5Yi75Y2w44GZ44KL44GT44Go44GM44Gn44GN44G+44GZ44CCPGJyPgrliLvlrZfmqZ/jgpLkvb/jgaPjgabjgq/jg6njg5Xjg4jjg57jg7PjgYzmiYvkvZzmpa3jgacx5paH5a2XMeaWh+Wtl+S4geWvp+OBq+WIu+WNsOiHtOOBl+OBvuOBmeOAgjwvcD4KCgo8YnI+CgoK4pagJm5ic3A75Yi75Y2w57SN5pyfJm5ic3A74pagPGJyPgrjg5fjg6njgrnntITvvJHpgLHplpM8YnI+PGJyPgoK4pagJm5ic3A75Yi75Y2w5paZ6YeRJm5ic3A74pagPGJyPgrjg6rjg7PjgrDvvJHmnKzjgavjgaTjgY1cMSw1MDDvvIjnqI7mipzvvIk8YnI+PGJyPgoK4pagJm5ic3A75Yi75Y2w5Y+v6IO95paH5a2X5pWwJm5ic3A74pagPGJyPgo15paH5a2XPGJyPgrvvIjoqJjlj7fjgIHjgrnjg5rjg7zjgrnjgIHjg57jg7zjgq/jgarjganjgoLvvJHmloflrZfliIbjgajjgZfjgabjgqvjgqbjg7Pjg4jjgZXjgozjgb7jgZnjgILvvIk8YnI+PGJyPgoK4pagJm5ic3A75pu45L2TJm5ic3A74pagPGJyPgrjg5bjg63jg4Pjgq/kvZPvvIjkuLjjgrTjgrfjg4Pjgq/vvInjga7jgb88YnI+PGJyPgoKPGltZyBzcmM9Imh0dHA6Ly9pbWFnZS5yYWt1dGVuLmNvLmpwL3ZpZWFuZ2UvY2FiaW5ldC9wYXJ0cy90ZWJvcmlrb2t1aW4uanBnIiB3aWR0aD0iNDAwIiBoZWlnaHQ9IjQwMCIgYWx0PSLliLvljbDmm7jkvZPopovmnKwiICAvPgoKPGJyPjxicj48YnI+CgoKPHN0cm9uZz7ilqAmbmJzcDvliLvljbDjga7jgZTms6jmlofmlrnms5UmbmJzcDvilqA8L3N0cm9uZz48YnI+PGJyPgoK44OX44Or44OA44Km44Oz44O744Oh44OL44Ol44O844GL44KJ44CM5biM5pyb44GZ44KL44CN44KS44GK6YG444Gz44GP44Gg44GV44GE44CCPGJyPgrms6jmlofnlLvpnaLjga7jgIzjgYrlupfjgbjjga7jg6Hjg4Pjgrvjg7zjgrjjgI3mrITjgavliLvljbDlhoXlrrnjgpLjgZToqJjlhaXjgY/jgaDjgZXjgYTjgII8YnI+CuWVhuWTgeOCkjLlgIvku6XkuIrlkIzmmYLjgavjgYrosrfjgYTmsYLjgoHjgYTjgZ/jgaDjgYTjgZ/loLTlkIjjga/jgIHliLvljbDlr77osaHllYblk4HjgYzjgo/jgYvjgovjgojjgYbjgavjgZTkvbXoqJjpoZjjgYTjgb7jgZnjgIIKPGJyPjxicj4KPGZvbnQgY29sb3I9IiNGRjAwMDAiPjxzdHJvbmc+44CQ6YeN6KaB44CRPGJyPuOBlOazqOaWh+eiuuiqjeW+jOOAgSAK5ZWG5ZOB5Luj6YeR44Gr5Yi75Y2w5paZ44KS5Yqg566X44GX44Gm44GU6KuL5rGC6YeR6aGN44KS5aSJ5pu044GV44Gb44Gm44GE44Gf44Gg44GN44G+44GZ44CCCuWIu+WNsOaWmeWKoOeul+W+jOOBruOBlOiri+axgumHkemhjeOBq+OBpOOBhOOBpuOBr+OAgQrjgZTms6jmlofnorroqo3lvozjgavjgYrpgIHjgorjgZnjgovjg6Hjg7zjg6vjgpLjgZTnorroqo3poZjjgYTjgb7jgZnjgII8L3N0cm9uZz48L2ZvbnQ+Cgo8YnI+PCEtLeKWvOKWvCDlt6bluK/jg6rjg7Pjgq/jgYLjgoog4pa84pa8LS0+Cgo8ZGl2IGlkPSJoaWRhcmktb2JpIj4KCjxzdHlsZT4KI2hpZGFyaS1vYmkgewpwb3NpdGlvbjogYWJzb2x1dGU7CnRvcDowcHg7CmxlZnQ6MTBweDsKYmFja2dyb3VuZDogdXJsKCJodHRwczovL2ltYWdlLnJha3V0ZW4uY28uanAvdmllYW5nZS9jYWJpbmV0L2NhbXBhaWduL3NjYm5yXzA1MTUuanBnIikgcmVwZWF0LXkgbGVmdCB0b3AgOwp9CiNoaWRhcmktb2JpIGEgewpkaXNwbGF5OiBibG9jazsKaGVpZ2h0OjkzMDBweDsvKuODmuODvOOCuOWFqOS9k+OBrumrmOOBlSovCndpZHRoOiAxNDBweDsvKuW4r+OBruW5hSovCn0KPC9zdHlsZT4KCjwvZGl2PgoKCgo8IS0t4pa84pa8IOW3puW4r+ODquODs+OCr+OBquOBlyDilrzilrwtLT4KCgoKCjwhLS3ilrzilrwg5bem5biv44Oq44Oz44Kv44Gq44GXIOKWvOKWvC0tPgoKPCEtLQo8c3R5bGUgdHlwZT0idGV4dC9jc3MiPgpib2R5ewpiYWNrZ3JvdW5kLWltYWdlOiB1cmwoImh0dHA6Ly9pbWFnZS5yYWt1dGVuLmNvLmpwL3ZpZWFuZ2UvY2FiaW5ldC9jYW1wYWlnbi9ibnJfMTAxMi5qcGciKTsKYmFja2dyb3VuZC1yZXBlYXQ6IHJlcGVhdC15OwpiYWNrZ3JvdW5kLWF0dGFjaG1lbnQ6IHNjcm9sbDsKYmFja2dyb3VuZC1wb3NpdGlvbjpsZWZ0Cn0KPC9zdHlsZT4KLS0+CgoKCgo8c3R5bGUgdHlwZT0idGV4dC9jc3MiPgoKLyog44GK5rCX44Gr5YWl44KK5ZWG5ZOBICovCgojcmFrdXRlbkxpbWl0ZWRJZF9hcm91bmRDYXJ0ICNzZXJ2aWNlVGFibGVTbWwgdGQuZmF2b3JpdGUgewoKcGFkZGluZy10b3A6IDVweDsKCn0KCiNyYWt1dGVuTGltaXRlZElkX2Fyb3VuZENhcnQgZGl2LmJvb2ttYXJrQXJlYSBkaXYuYmttIHsKCndpZHRoOiAyOTFweCAhaW1wb3J0YW50OwoKaGVpZ2h0OjMzcHggIWltcG9ydGFudDsKCnBhZGRpbmc6IDBweCAwcHggMTBweCAwcHggIWltcG9ydGFudDsKCn0KCiNyYWt1dGVuTGltaXRlZElkX2Fyb3VuZENhcnQgZGl2LmJvb2ttYXJrQXJlYSBkaXYuYmttIGEuYWRkQmttIHsKCndpZHRoOiAyOTFweCAhaW1wb3J0YW50OwoKaGVpZ2h0OjMzcHggIWltcG9ydGFudDsKCn0KCiNyYWt1dGVuTGltaXRlZElkX2Fyb3VuZENhcnQgZGl2LmJvb2ttYXJrQXJlYSBkaXYuYmttIGEuYWRkQmttIHNwYW4uYmttU3RhciB7CgpkaXNwbGF5OiBpbmxpbmUtYmxvY2sgIWltcG9ydGFudDsKCndpZHRoOiAyOTFweCAhaW1wb3J0YW50OwoKaGVpZ2h0OjMzcHggIWltcG9ydGFudDsKCm1hcmdpbjowcHggMHB4IDEwcHggMHB4ICFpbXBvcnRhbnQ7CgpiYWNrZ3JvdW5kOiB1cmwoImh0dHA6Ly9pbWFnZS5yYWt1dGVuLmNvLmpwL3ZpZWFuZ2UvY2FiaW5ldC9ibnJfZmF2aXRlbS5qcGciKSBuby1yZXBlYXQgIWltcG9ydGFudDsKCn0KCiAKCi8qIOOBiuawl+OBq+WFpeOCiuOCt+ODp+ODg+ODlyAqLwoKZGl2LmJvb2ttYXJrQXJlYSB7Cgp3aWR0aDogMjkxcHggIWltcG9ydGFudDsKCn0KCiNyYWt1dGVuTGltaXRlZElkX2Fyb3VuZENhcnQgZGl2LnNob3BCb29rbWFya0FyZWEgZGl2LnNob3BCa20gewoKd2lkdGg6IDI5MXB4ICFpbXBvcnRhbnQ7CgpoZWlnaHQ6MzNweCAhaW1wb3J0YW50OwoKcGFkZGluZzogMHB4IDBweCAhaW1wb3J0YW50OwoKcGFkZGluZy1sZWZ0OiAwcHggIWltcG9ydGFudDsKCn0KCiNyYWt1dGVuTGltaXRlZElkX2Fyb3VuZENhcnQgZGl2LnNob3BCb29rbWFya0FyZWEgZGl2LnNob3BCa20gYS5hZGRTaG9wQmttIHNwYW4uc2hvcEJrbVN0YXIgewoKZGlzcGxheTogaW5saW5lLWJsb2NrICFpbXBvcnRhbnQ7Cgp3aWR0aDogMjkxcHggIWltcG9ydGFudDsKCmhlaWdodDozM3B4ICFpbXBvcnRhbnQ7CgptYXJnaW4tcmlnaHQ6IDBweCAhaW1wb3J0YW50OwoKYmFja2dyb3VuZDogdXJsKCJodHRwOi8vaW1hZ2UucmFrdXRlbi5jby5qcC92aWVhbmdlL2NhYmluZXQvYm5yX2ZhdnNob3AuanBnIikgbm8tcmVwZWF0ICFpbXBvcnRhbnQ7Cgp9Cjwvc3R5bGU+CgoKCgo8ZGl2IGlkPSJwcmVzZW50X2Jhc2UiIGNsYXNzPSJjbGVhcmZpeCI+CiAgIDxkaXYgY2xhc3M9InByZXNlbnRfaW1nIj48aW1nIHNyYz0iaHR0cDovL2ltYWdlLnJha3V0ZW4uY28uanAvdmllYW5nZS9jYWJpbmV0L3RtZy9mb290X3ByZTAxLmdpZiIgYWx0PSLlpKfliIfjgarjgYLjga7kurrjgavntKDmlbXjgarjg5fjg6zjgrzjg7Pjg4giIHdpZHRoPSIxOTkiIGhlaWdodD0iMjk1IiAvPjwvZGl2PgogICA8ZGl2IGNsYXNzPSJwcmVzZW50X3R4dCI+PHA+5b2T5bqX44Gv44CB5Lq65rCX44Ki44Kv44K744K144Oq44O844OW44Op44Oz44OJ44CM5aSp5L2/44Gu5Y2144CN44KE44CM5pyq5p2l5aSp5L2/44CN44KS44Gv44GY44KB44CB6KqV55Sf55+z44Gu44Oa44Oz44OA44Oz44OI44KE44Oq44Oz44Kw44Gq44Gp44CB44OX44Os44K844Oz44OI44Gr44OU44OD44K/44Oq44Gq44Ki44Kv44K744K144Oq44O844KS5Y+W5omx44GG6YCa6LKp44K344On44OD44OX44Gn44GZ44CCPC9wPjxiciAvPgrjgIzlhKrjgZfjgYTlhYnjgavjgaTjgaTjgb7jgozjgovmsLjpgaDjga7lkb3jgI3jgpLooajnj77jgZfjgZ/jgrPjg7Pjgrvjg5fjg4jjgrjjg6Xjgqjjg6rjg7zjgIzmnKrmnaXlpKnkvb/jgI3jga/mnKrmnaXjgavlkJHjgZHjgabovJ3jgZHjgovlkb3jga7jgZnjgbDjgonjgZfjgZXjgpLlpJrlvanjgarjg4bjg7zjg57jg7vjg4fjgrbjgqTjg7Pjgafooajnj77jgZfjgabjgYTjgb7jgZnjgII8YnIgLz4K44Gd44KT44Gq5pyq5p2l5aSp5L2/44GL44KJ44Gu44OX44Os44K844Oz44OI44Go44GE44GG44Kz44Oz44K744OX44OI44Gn5L2c44KJ44KM44Gf44CM5aSp5L2/44Gu5Y2144CN44Gv44CB44CM6KqV55Sf44Gu5Zac44Gz44CN44KE44CM55Sf44GN44KL44GT44Go44Gu5oSf5YuV44Go6LOe6LOb44CN44KS44OG44O844Oe44Go44GX44Gm5Ym144KJ44KM44CB5Y2144Go576944Gu44OQ44Op44Oz44K544Gu6Imv44GE44KE44GV44GX44GE44OH44K244Kk44Oz44GM5oSb44GV44KM44Gm44GE44KL44Ot44Oz44Kw44K744Op44O844Gu5Lq65rCX44Ki44Kv44K744K144Oq44O844Gn44GZ44CC5piv6Z2e44CB5aSn5YiH44Gq5Lq644G444Gu44OX44Os44K844Oz44OI562J44Gr44KC44GU5rS755So5LiL44GV44GE77yBPC9kaXY+CjwvZGl2PgoKCgoKCjwhLS3ilrzilrzilrzjg6zjg5Pjg6Xjg7zjg7vms6jmlofnirbms4HilrzilrzilrwtLT4gICAKCiAgICAgICAgICAgIDxoMj48aW1nIHNyYz0iaHR0cDovL3d3dy5yYWt1dGVuLm5lLmpwL2dvbGQvdmllYW5nZS9pbWcvdGl0bGVfMDYuanBnIiBhbHQ9IuODrOODk+ODpeODvCIgd2lkdGg9IjY4OCIgaGVpZ2h0PSI3MCIgLz48L2gyPgogICAgICAgICAgICA8YnI+PGJyPgogIAoJICA8YnI+IDxicj4gPGJyPiAKICAgICAgICAgICAgICAgICAgPGgyPjxpbWcgc3JjPSJodHRwOi8vd3d3LnJha3V0ZW4ubmUuanAvZ29sZC92aWVhbmdlL2ltZy90aXRsZV8wNy5qcGciIGFsdD0i5rOo5paH54q25rOBIiB3aWR0aD0iNjg4IiBoZWlnaHQ9IjcwIiAvPjwvaDI+CiAgICAgICAgICAgICAgICAgICAgICAgICAgICAgIDxicj4gPGJyPiAKPGJyPiA8YnI+IDxicj4=,44CQ5Yi75Y2w5a++5b+c44CR4peGTE9WRVJTIFNDRU5FIOODqeODkOODvOOCuuOCt+ODvOODs+KXhuOCt+ODq+ODkOODvOODquODs+OCsO+8iOODrOODh+OCo+ODvOOCue+8ieOAkExTUjAxMTE4Q1pQS+OAkeOAkOOCt+ODq+ODkOODvOODquODs+OCsCDjg5rjgqLjg6rjg7PjgrAg44Oa44KiIOaMh+i8qiDjg6zjg4fjgqPjg7zjgrkg44OP44O844OIIOODl+ODrOOCvOODs+ODiCDjgq7jg5Xjg4gg6KqV55Sf5pelIOOChuOBs+OCjyDjg6rjg7PjgrAg5Yi75Y2w5Y+v6IO9IOOCt+ODq+ODkOODvCDjgqLjgq/jgrvjgrXjg6rjg7wg44K444Ol44Ko44Oq44O8IOOAkSAg5q+N44Gu5pelIOOCt+ODs+ODl+ODq++8muWkqeS9v+OBruWNtSB3aXRoIExPVkVSUyBTQ0VORQ==,5aSp5L2/44Gu5Y215pyq5p2l5aSp5L2/44K544Oa44O844K544Kv44Oq44Ko44O844K/44O844K444Ol44Ko44Oq44O844K344Or44OQ44O844Ki44Kv44K744K144Oq44O844OU44Oz44Kv44K344Or44OQ44O844ON44OD44Kv44Os44K555u05Za25bqX44Kv44Oq44K544Oe44K56ZmQ5a6a44Oa44Oz44OA44Oz44OI5oyH6Lyq44OU44Ki44K544OX44Os44K844Oz44OI44OZ44OT44O844K544OX44O844Oz44Os44OH44Kj44O844K544Op44OQ44O844K644K344O844Oz57WQ5ama5oyH6Lyq44Oa44Ki44Oq44Oz44Kw6KqV55Sf55+z44CQ5Yi75Y2w5a++5b+c44CR4peGTE9WRVJTIFNDRU5FIOODqeODkOODvOOCuuOCt+ODvOODs+KXhuOCt+ODq+ODkOODvOODquODs+OCsO+8iOODrOODh+OCo+ODvOOCue+8ieOAkExTUjAxMTE4Q1pQS+OAkeOAkOOCt+ODq+ODkOODvOODquODs+OCsCDjg5rjgqLjg6rjg7PjgrAg44Oa44KiIOaMh+i8qiDjg6zjg4fjgqPjg7zjgrkg44OP44O844OIIOODl+ODrOOCvOODs+ODiCDjgq7jg5Xjg4gg6KqV55Sf5pelIOOChuOBs+OCjyDjg6rjg7PjgrAg5Yi75Y2w5Y+v6IO9IOOCt+ODq+ODkOODvCDjgqLjgq/jgrvjgrXjg6rjg7wg44K444Ol44Ko44Oq44O8IOOAkSAg5q+N44Gu5pelIOOCt+ODs+ODl+ODqw==,44K344Oz44OX44Or44Gn5rSX57e044GV44KM44Gf44OH44K244Kk44OzIOODj+ODvOODiCDliLvljbDlr77lv5zjgILjgJDliLvljbDlr77lv5zjgJHil4ZMT1ZFUlMgU0NFTkUg44Op44OQ44O844K644K344O844Oz4peG44K344Or44OQ44O844Oq44Oz44Kw77yI44Os44OH44Kj44O844K577yJ44CQTFNSMDExMThDWlBL44CR44CQ44K344Or44OQ44O844Oq44Oz44KwIOODmuOCouODquODs+OCsCDjg5rjgqIg5oyH6LyqIOODrOODh+OCo+ODvOOCuSDjg4/jg7zjg4gg44OX44Os44K844Oz44OIIOOCruODleODiCDoqpXnlJ/ml6Ug44KG44Gz44KPIOODquODs+OCsCDliLvljbDlj6/og70g44K344Or44OQ44O8IOOCouOCr+OCu+OCteODquODvCDjgrjjg6Xjgqjjg6rjg7wg44CRICDmr43jga7ml6Ug44K344Oz44OX44Or[rn]
39-1016,aHR0cDovL3RzaG9wLnIxMHMuanAvdmllYW5nZS9jYWJpbmV0L2xvdmVyc19zY2VuZS9sc3IvbHNyMDExN19wa182MDAuanBnP2ZpdGluPTcwMDo3MDA=,NTE4NC4wMDAw,,44K444Ol44Ko44Oq44O844O744Ki44Kv44K744K144Oq44O8ID4g44Os44OH44Kj44O844K544K444Ol44Ko44Oq44O844O744Ki44Kv44K744K144Oq44O8ID4g5oyH6Lyq44O744Oq44Oz44Kw,44CQ5Yi75Y2w5a++5b+c44CR4peGTE9WRVJTIFNDRU5FIOODqeODkOODvOOCuuOCt+ODvOODs+KXhuOCt+ODq+ODkOODvOODquODs+OCsO+8iOODrOODh+OCo+ODvOOCue+8ieOAkExTUjAxMTE3UEvjgJHjgJDjgrfjg6vjg5Djg7zjg6rjg7PjgrAg44Oa44Ki44Oq44Oz44KwIOODmuOCoiDmjIfovKog44Os44OH44Kj44O844K5IOODj+ODvOODiCDjg5fjg6zjgrzjg7Pjg4gg44Ku44OV44OIIOiqleeUn+aXpSDjgobjgbPjgo8g44Oq44Oz44KwIOWIu+WNsOWPr+iDvSDjgrfjg6vjg5Djg7wg44Ki44Kv44K744K144Oq44O8IOOCuOODpeOCqOODquODvCDjgJEgIOavjeOBruaXpSDjgrfjg7Pjg5fjg6s=,44K344Oz44OX44Or44Gn5rSX57e044GV44KM44Gf44OH44K244Kk44OzIOODj+ODvOODiCDliLvljbDlr77lv5w=,PGNlbnRlcj48YSBocmVmPSJodHRwczovL215LmJvb2ttYXJrLnJha3V0ZW4uY28uanAvP2Z1bmM9cmVnJnN2aWQ9MTAxJnNob3BfYmlkPTIwMzk0NyZpaWQ9MTAwMDIwNzcmaXR5cGU9MSB0YXJnZXQ9X2JsYW5rIj48aW1nIHNyYz0iaHR0cDovL2ltYWdlLnJha3V0ZW4uY28uanAvdmllYW5nZS9jYWJpbmV0L3BfYm5yX2Zhdml0ZW0uanBnIiBib3JkZXI9IjAiIHdpZHRoPSI2NjAiIGhlaWdodD0iMTMwIj48L2E+PC9jZW50ZXI+PGJyPjxicj48ZGl2IGlkPSJkZXRhaWxfYmFzZTIiPgo8aW1nIHNyYz0iaHR0cDovL2ltYWdlLnJha3V0ZW4uY28uanAvdmllYW5nZS9jYWJpbmV0L2NhbXBhaWduL2xzX3BjX3Rva3V0ZW4uanBnImFsdD0iTE9WRVJTIFNDRU5FIOOCreODo+ODs+ODmuODvOODsyI+PGJyPjxicj4KCjxpbWcgc3JjPSJodHRwOi8vaW1hZ2UucmFrdXRlbi5jby5qcC92aWVhbmdlL2NhYmluZXQvbG92ZXJzX3NjZW5lL2xzci9sc3IwMTE3X2ltYWdlLmpwZyIgd2lkdGg9IjY2MCIgaGVpZ2h0PSI0MDAiIC8+CjxiciAvPjxiciAvPgoKPGltZyBzcmM9Imh0dHA6Ly9pbWFnZS5yYWt1dGVuLmNvLmpwL3ZpZWFuZ2UvY2FiaW5ldC9sb3ZlcnNfc2NlbmUvbHNyL2xzcjAxMTdfaW1hZ2UyLmpwZyIgd2lkdGg9IjY2MCIgaGVpZ2h0PSIxMTEwIiAvPgo8YnIgLz48YnIgLz4KPC9kaXY+CgoKPGRpdiBjbGFzcz0ic3BfZ29vZHNfMTMwNV8wOSI+CgogICAgIAogIDxkaXYgY2xhc3M9InNwX3RhbnBpbl9sZWZ0Ij4KPGEgaHJlZj0iaHR0cDovL2l0ZW0ucmFrdXRlbi5jby5qcC92aWVhbmdlL2xzcjAxMTdway1iay8iPgo8aW1nIHNyYz0iIGh0dHA6Ly9pbWFnZS5yYWt1dGVuLmNvLmpwL3ZpZWFuZ2UvY2FiaW5ldC9sb3ZlcnNfc2NlbmUvbHNyL2xzcjAxMTdfcGtfYmtfNjAwLmpwZyIgd2lkdGg9IjIzNSIgaGVpZ2h0PSIyMzUiIGNsYXNzPSJpbWcyMCIgLz48L2E+ICAgICAgIAo8cD7jgrfjg6vjg5Djg7zjg5rjgqLjg6rjg7PjgrA8YnIgLz4KICAgICA8L3A+CjwvZGl2PgogICAgCjxkaXYgY2xhc3M9InNwX3RhbnBpbl9yaWdodCI+CjxhIGhyZWY9IiBodHRwOi8vaXRlbS5yYWt1dGVuLmNvLmpwL3ZpZWFuZ2UvbHNyMDExN2JrLyI+CjxpbWcgc3JjPSIgaHR0cDovL2ltYWdlLnJha3V0ZW4uY28uanAvdmllYW5nZS9jYWJpbmV0L2xvdmVyc19zY2VuZS9sc3IvbHNyMDExN19ia182MDAuanBnIiB3aWR0aD0iMjM1IiBoZWlnaHQ9IjIzNSIgY2xhc3M9ImltZzIwIiAvPjwvYT4KICAgICAgPHA+44Oh44Oz44K644K344Or44OQ44O844Oq44Oz44Kw77yI44OW44Op44OD44Kv44Kz44O844OG44Kj44Oz44Kw77yJPGJyIC8+CiAgICAgIOe0hDMuN21tw5fntIQyLjVtbe+8iOW5hcOX5Y6a44G/77yJCiAgICAgICA8L3A+CjwvZGl2Pgo8L2Rpdj4KCgogPGltZyBzcmM9Imh0dHA6Ly9pbWFnZS5yYWt1dGVuLmNvLmpwL3ZpZWFuZ2UvY2FiaW5ldC9wYXJ0cy9sc3IwNjUwXzM5LmdpZiIgY2xhc3M9ImltZzIwIiAvPgogIDxwIGNsYXNzPSJpbWcxNSI+44Oq44Oz44Kw44KS552A44GR44KI44GG44Go6ICD44GI44Gm44GE44KL5oyH44Gu5LiA55Wq5aSq44GE6YOo5YiG44Gr57O444Gq44Gp44KS5be744GE44Gm44CB77yR5ZGo5YiG44Gu5ryU57+S44Gu6ZW344GV44KS5Zuz44KK44G+44GZ44CCPGJyIC8+CiAg44GT44Gu5ris44KK5pa544Gv44GC44GP44G+44Gn57Ch5piT55qE44Gq6KiI5ris5pa55rOV44Gn44GZ44Gu44Gn44CB5q2j56K644Gr44K144Kk44K644KS5ris44KL44Gr44Gv44CB44GK6L+R44GP44Gu44Ki44Kv44K744K144Oq44O844K344On44OD44OX44Gq44Gp44Gn44CB44CO44Oq44Oz44Kw44Ky44O844K444CP44KS5L2/55So44GX44Gm6KiI5ris44GX44Gm5LiL44GV44GE44CCPC9wPgogIDxpbWcgc3JjPSJodHRwOi8vaW1hZ2UucmFrdXRlbi5jby5qcC92aWVhbmdlL2NhYmluZXQvcGFydHMvbHNyMDY1MF80MS5naWYiIHdpZHRoPSI2NjAiIGhlaWdodD0iMTY3IiBjbGFzcz0iaW1nNjAiIC8+Cgo8ZGl2IGNsYXNzPSJjYV8wMSI+CjxpbWcgc3JjPSJodHRwOi8vaW1hZ2UucmFrdXRlbi5jby5qcC92aWVhbmdlL2NhYmluZXQvd3JhcHBpbmcvd3JhcHBpbmdfdGl0bGUuanBnIiBhbHQ9IuODqeODg+ODlOODs+OCsCI+Cgo8YnI+PGJyPjxicj4KCjx0YWJsZSBib3JkZXI9IjAiIHdpZHRoPSI2NjBweCI+Cjx0cj4KPHRkPgo8aW1nIHNyYz0iaHR0cDovL2ltYWdlLnJha3V0ZW4uY28uanAvdmllYW5nZS9jYWJpbmV0L3dyYXBwaW5nL2xzX3dyYXBfMDFfMS5qcGciIGFsdD0iTE9WRVJTIFNDRU5FICDpgJrluLjjg6njg4Pjg5Tjg7PjgrAiPgo8L3RkPgo8dGQ+CjxpbWcgc3JjPSJodHRwOi8vaW1hZ2UucmFrdXRlbi5jby5qcC92aWVhbmdlL2NhYmluZXQvd3JhcHBpbmcvbHNfd3JhcF8wMi5qcGciIGFsdD0iTE9WRVJTIFNDRU5F44CA44Ko44Kz44Op44OD44OU44Oz44KwIj4KPC90ZD4KPHRkPgo8YSAgaHJlZj0iaHR0cDovL2l0ZW0ucmFrdXRlbi5jby5qcC92aWVhbmdlL2MvMDAwMDAwMDc4MS8iPjxpbWcgc3JjPSJodHRwOi8vaW1hZ2UucmFrdXRlbi5jby5qcC92aWVhbmdlL2NhYmluZXQvd3JhcHBpbmcvbHNfd3JhcF8wMy5qcGciIGFsdD0iTE9WRVJTIFNDRU5F44CA44K544Oa44K344Oj44Or44Op44OD44OU44Oz44KwIj48L2E+CjwvdGQ+CjwvdHI+CjwvdGFibGU+CjxpbWcgc3JjPSJodHRwOi8vaW1hZ2UucmFrdXRlbi5jby5qcC92aWVhbmdlL2NhYmluZXQvd3JhcHBpbmcva2lraW4uanBnIiBhbHQ9IuWkqeS9v+OBruWNteWfuumHkSI+Cgo8YSAgaHJlZj0iaHR0cDovL2l0ZW0ucmFrdXRlbi5jby5qcC92aWVhbmdlL2MvMDAwMDAwMDc5MS8iPgo8aW1nIHNyYz0iaHR0cDovL2ltYWdlLnJha3V0ZW4uY28uanAvdmllYW5nZS9jYWJpbmV0L3dyYXBwaW5nL2xzX2NhcmQuanBnIiBhbHQ9IuODoeODg+OCu+ODvOOCuOOCq+ODvOODiSI+PC9hPgoKCjxpbWcgCnNyYz0iaHR0cDovL2ltYWdlLnJha3V0ZW4uY28uanAvdmllYW5nZS9jYWJpbmV0L2NhbXBhaWduL25vYmVfbHNfNjYwLmpwZyIgd2lkdGg9IjY2MCIgaGlnaHQ9IjIwMCIgYWx0PSJMT1ZFUlMgU0NFTkUg44OO44OZ44Or44OG44KjIj48YnI+PGJyPgo8L2Rpdj48dGFibGUgd2lkdGg9IjM5MCIgYm9yZGVyPSIwIj4KICA8dHI+CiAgICA8dGQ+PGZvbnQgY29sb3I9IzY5Njk2OSBzaXplPSIyIj7jgJBMb3ZlcnMgU3NjZW5lIOOCt+ODq+ODkOODvOODmuOCouODquODs+OCsOOAkTxicj4KICAgICAgICA8Zm9udCBjb2xvcj0iIzAwOTlGRiI+5ZCI44KP44Gb44KL44Go44OP44O844OI44Gu44Oi44OB44O844OV44KS44GL44Gf44Gp44KL44Oa44Ki44Oq44Oz44Kw44Gu44Os44OH44Kj44O844K55Y2Y5ZOB44CC44Os44OH44Kj44O844K555So44Gv5LiK5ZOB44Gq5Y2w6LGh44Gu44OU44Oz44Kv44K044O844Or44OJ44Kr44Op44O84pmq44Gd44KM44Ge44KM44Gr44Kz44O844OG44Kj44Oz44Kw44KS5pa944GX44Gm44GK44KK44G+44GZ44Gu44Gn44CB6ZW344GP44GU5L2/55So44GE44Gf44Gg44GR44G+44GZ44CCPC9mb250PjwvZm9udD48L3RkPgogIDwvdHI+CjwvdGFibGU+Cjx0YWJsZSB3aWR0aD0iMzkwIiBib3JkZXI9IjAiPgogIDx0cj4KICAgIDx0ZCB3aWR0aD0iMTI1Ij4mbmJzcDs8L3RkPgogICAgPHRkIHdpZHRoPSIxMzYiPiZuYnNwOzwvdGQ+CiAgICA8dGQgd2lkdGg9IjExNSI+Jm5ic3A7PC90ZD4KICA8L3RyPgogICAgPHRyPgogICAgPHRkPjxmb250IGNvbG9yPSM2OTY5Njkgc2l6ZT0iMiI+4pag44CA57Sg5p2Q44CA4pagPC9mb250PjwvdGQ+CiAgICA8dGQ+Jm5ic3A7PC90ZD4KICA8L3RyPgo8L3RhYmxlPgo8dGFibGUgd2lkdGg9IjM5MCIgYm9yZGVyPSIwIj4KICA8dHI+CiAgICA8dGQgd2lkdGg9Ijg5Ij48ZGl2IGFsaWduPSJyaWdodCI+PGZvbnQgY29sb3I9IiM2OTY5NjkiIHNpemU9IjIiPuODrOODh+OCo+ODvOOCue+8mjwvZm9udD48L2Rpdj48L3RkPgogICAgPHRkIHdpZHRoPSIyOTEiPjxmb250IGNvbG9yPSM2OTY5Njkgc2l6ZT0iMiI+U1Y5MjXvvIjjg5Tjg7Pjgq/jgrTjg7zjg6vjg4njgrPjg7zjg4bjgqPjg7PjgrDvvIk8L2ZvbnQ+PC90ZD4KICA8L3RyPgogIDwvdGFibGU+Cjx0YWJsZSB3aWR0aD0iMzkwIiBib3JkZXI9IjAiPgogIDx0cj4KICAgIDx0ZD48Zm9udCBjb2xvcj0jNjk2OTY5IHNpemU9IjIiPuKWoCDlpKfjgY3jgZUobW0pIOKWoDwvZm9udD48L3RkPgogIDwvdHI+CjwvdGFibGU+Cjx0YWJsZSB3aWR0aD0iMzkwIiBib3JkZXI9IjAiPgogIDx0cj4KICAgIDx0ZCB3aWR0aD0iODciPiZuYnNwOzwvdGQ+CiAgICA8dGQgd2lkdGg9IjI5MyI+PGZvbnQgY29sb3I9IzY5Njk2OSBzaXplPSIyIj7luYXntIQyLjHDl+WOmuOBv+e0hDEuODwvZm9udD48L3RkPgogIDwvdHI+CjwvdGFibGU+Cjx0YWJsZSB3aWR0aD0iMzkwIiBib3JkZXI9IjAiPgogIDx0cj4KICAgIDx0ZCB3aWR0aD0iODciPiZuYnNwOzwvdGQ+CiAgICA8dGQgd2lkdGg9IjI5MyI+Jm5ic3A7PC90ZD4KICA8L3RyPgo8L3RhYmxlPgo8dGFibGUgd2lkdGg9IjM5MCIgYm9yZGVyPSIwIj4KICA8dHI+CiAgICA8dGQgd2lkdGg9Ijg5Ij48Zm9udCBjb2xvcj0jNjk2OTY5IHNpemU9IjIiPuKWoOOAgOmHjemHj+OAgOKWoDwvZm9udD48L3RkPgogICAgPHRkIHdpZHRoPSIyOTEiPiZuYnNwOzwvdGQ+CiAgPC90cj4KPC90YWJsZT4KPHRhYmxlIHdpZHRoPSIzOTAiIGJvcmRlcj0iMCI+CiAgPHRyPgogICAgPHRkIHdpZHRoPSI4OSI+Jm5ic3A7PC90ZD4KICAgIDx0ZCB3aWR0aD0iMjkxIj48Zm9udCBjb2xvcj0jNjk2OTY5IHNpemU9IjIiPue0hDEuNmc8L2ZvbnQ+PC90ZD4KICA8L3RyPgogIDx0cj4KICAgIDx0ZD4mbmJzcDs8L3RkPgogICAgPHRkPjxmb250IGNvbG9yPSIjMDA5OUZGIiBzaXplPSIxIj7igLvlpKfjgY3jgZXjg7vph43jgZXjgavjga/lpJrlsJHjga7lgIvkvZPlt67jgYznlJ/jgZjjgb7jgZk8L2ZvbnQ+PC90ZD4KICA8L3RyPgo8L3RhYmxlPgo8dGFibGUgd2lkdGg9IjM5MCIgYm9yZGVyPSIwIj4KICA8dHI+CiAgICA8dGQgd2lkdGg9Ijg4IiBoZWlnaHQ9IjE1Ij48Zm9udCBjb2xvcj0jNjk2OTY5IHNpemU9IjIiPuKWoOimj+WumuOCteOCpOOCuuKWoDwvZm9udD48L3RkPgogICAgPHRkIHdpZHRoPSIyOTIiPiZuYnNwOzwvdGQ+CiAgPC90cj4KPC90YWJsZT4KPHRhYmxlIHdpZHRoPSIzOTAiIGJvcmRlcj0iMCI+CiAgPHRyPgogICAgPHRkIHdpZHRoPSI4NyI+Jm5ic3A7PC90ZD4KICAgIDx0ZCB3aWR0aD0iMjkzIj48Zm9udCBjb2xvcj0jNjk2OTY5IHNpemU9IjIiPuODrOODh+OCo+ODvOOCue+8miM3772eIzE1IOWlh+aVsOWPt+OBruOBvzwvZm9udD48L3RkPgogIDwvdHI+CjwvdGFibGU+Cjx0YWJsZSB3aWR0aD0iMzkwIiBib3JkZXI9IjAiPgogIDx0cj4KICAgIDx0ZCB3aWR0aD0iODkiIGhlaWdodD0iMjAiPiZuYnNwOzwvdGQ+CiAgICA8dGQgd2lkdGg9IjI5MSI+PGZvbnQgY29sb3I9IzY5Njk2OSBzaXplPSIxIj7igLvkuIroqJjku6XlpJbjga7jgrXjgqTjgrrjgIHlgbbmlbDjgrXjgqTjgrrjgavplqLjgZfjgabjgoLjgIEjN++9niMKMjHjga7nr4Tlm7LlhoXjgafjgIHjgZTnlKjmhI/jgZnjgovjgZPjgajjgYzlj6/og73jgafjgZnjgIIg44GU5rOo5paH5a++5b+c44Go44Gq44KK44G+44GZ44Gu44Gn44CB77yT772e77yU6YCx6ZaT44G744Gp44GK5pmC6ZaT44GM44GL44GL44KK44G+44GZ44CCPC9mb250PjwvdGQ+CiAgPC90cj4KICA8dHI+CiAgICA8dGQ+Jm5ic3A7PC90ZD4KICAgIDx0ZD4mbmJzcDs8L3RkPgogIDwvdHI+CjwvdGFibGU+Cgo8dGFibGUgd2lkdGg9IjM5MCIgYm9yZGVyPSIwIj4KICA8dHI+CiAgICA8dGQgd2lkdGg9IjMzMiI+PGZvbnQgY29sb3I9IzY5Njk2OSBzaXplPSIyIj7ilqDmnKrkvb/nlKjlk4Hjga7jgrXjgqTjgrrlpInmm7TvvIjliJ3mnJ/jgrXjgqTjgrrlpInmm7TvvInjgavjgaTjgYTjgabilqA8L2ZvbnQ+PC90ZD4KICAgIDx0ZCB3aWR0aD0iNDgiPiZuYnNwOzwvdGQ+CiAgPC90cj4KPC90YWJsZT4KPHRhYmxlIHdpZHRoPSIzOTAiIGJvcmRlcj0iMCI+CiAgPHRyPgogICAgPHRkIHdpZHRoPSI4OSIgaGVpZ2h0PSI1MSI+Jm5ic3A7PC90ZD4KICAgIDx0ZCB3aWR0aD0iMjkxIj48Zm9udCBjb2xvcj0iIzY5Njk2OSIgc2l6ZT0iMiI+PGJyPgogICAgICAgIDxmb250IGNvbG9yPSIjMDA5OUZGIj7mnKzllYblk4Hjga7ku5Xmp5jkuIrjgIHljp/liYfjgajjgZfjgabjgrXjgqTjgrrnm7TjgZfjgYzjgafjgY3jgb7jgZvjgpPjgILjgrXjgqTjgrrjgpLjgojjgY/jgYrnorrjgYvjgoHjga7kuIrjgZTos7zlhaXjga3jgYzjgYTjgb7jgZnjgII8L2ZvbnQ+5LiH44GM5LiA44GK5a6i5qeY44Gu44GK5omL5YWD44Gr5bGK44GE44Gf5ZWG5ZOB44Gu44K144Kk44K644GM5ZCI44KP44Ga44CB5LuW44Gu44K144Kk44K644G444Gu5aSJ5pu044KS44GU5biM5pyb44Gu5aC05ZCI44Gr44Gv44CBPGZvbnQgY29sb3I9IiMwMDk5RkYiPuacquS9v+eUqOOBruWTgeOBq+mZkOOCijwvZm9udD7jgrXjgqTjgrrkuqTmj5vjgpLmib/jgorjgb7jgZnjgILlv4XjgZo8Zm9udCBjb2xvcj0iIzAwOTlGRiI+5ZWG5ZOB5Yiw552A5b6MMemAsemWk+S7peWGhTwvZm9udD7jgavjgZTpgKPntaHjgYTjgZ/jgaDjgY3jgb7jgZnjgojjgYbjgYrpoZjjgYTnlLPjgZfkuIrjgZLjgb7jgZnjgII8YnI+CiAgICAgIDxicj4K4peG5ZWG5ZOB5Yiw552A5b6MMemAsemWk+S7peWGheOBq+OBlOmAo+e1oeOBhOOBn+OBoOOBkeOBquOBi+OBo+OBn+WgtOWQiOOChOOAgeWVhuWTgeOBq+S9v+eUqOeXleOBquOBqeOBjOiqjeOCgeOCieOCjOOCi+WgtOWQiOOBq+OBr+OCteOCpOOCuuS6pOaPm+OCkuaJv+OCiuOBi+OBreOCi+OBk+OBqOOCguOBlOOBluOBhOOBvuOBmeOBruOBp+OBlOS6huaJv+mhmOOBhOOBvuOBmeOAgjxicj4KPGJyPgril4bjgZTluIzmnJvjgrXjgqTjgrrjga7lnKjluqvjgpLliIfjgonjgZfjgabjgYTjgovloLTlkIjjgIHkuqTmj5vllYblk4Hjga7miYvphY3jgavvvJPvvZ7vvJTpgLHplpPjgbvjganjgYrmmYLplpPjgpLos5zjgorjgb7jgZnjgII8YnI+Cjxicj4K4peG5ZWG5ZOB5Y+X44GR5rih44GX44Gr6Zai44KP44KL5b6A5b6p44Gu6YCB5paZ44Gv44CB44GK5a6i5qeY44Gu44GU6LKg5ouF44Go44Gq44KK44G+44GZ44CCPGJyPjxicj4K4peG5ZWG5ZOB44GrPGZvbnQgY29sb3I9IiMwMDk5RkYiPuWIu+WNsOOCkuWFpeOCjOOBpuOBhOOCi+WgtOWQiDwvZm9udD7jga/jgIHmnInmlpnliLvljbDjg7vnhKHmlpnliLvljbDjgpLllY/jgo/jgZrkuqTmj5vmiYvmlbDmlpnjgajlho3liLvljbDmlpnjgYzliKXpgJTnmbrnlJ/jgYTjgZ/jgZfjgb7jgZnjgILoqbPntLDjgavplqLjgZfjgb7jgZfjgabjga/jgIHjg6Hjg7zjg6vjgavjgabjgYrllY/jgYTlkIjjgo/jgZvpoZjjgYTjgb7jgZnjgII8YnI+Cjxicj4K4peG5pys44K144O844OT44K544Gu6YGp55So44Gv44CB5Yid5Zue6ZmQ44KK44Go44GV44Gb44Gm44GE44Gf44Gg44GN44G+44GZ44CCCjwvZm9udD48L3RkPgogIDwvdHI+CiAgPHRyPgogICAgPHRkPiZuYnNwOzwvdGQ+CiAgICA8dGQ+Jm5ic3A7PC90ZD4KICA8L3RyPgo8L3RhYmxlPgo8dGFibGUgd2lkdGg9IjM5MCIgYm9yZGVyPSIwIj4KICA8dHI+CiAgICA8dGQgd2lkdGg9IjMzMiI+PGZvbnQgY29sb3I9IzY5Njk2OSBzaXplPSIyIj7ilqDjgZTos7zlhaXlvozkvb/nlKjjgZfjgZ/llYblk4Hjga7jgrXjgqTjgrrlpInmm7TjgavjgaTjgYTjgabilqA8L2ZvbnQ+PC90ZD4KICAgIDx0ZCB3aWR0aD0iNDgiPiZuYnNwOzwvdGQ+CiAgPC90cj4KPC90YWJsZT4KPHRhYmxlIHdpZHRoPSIzOTAiIGJvcmRlcj0iMCI+CiAgPHRyPgogICAgPHRkIHdpZHRoPSI4OCI+PGRpdiBhbGlnbj0icmlnaHQiPjwvZGl2PgogICAgPC90ZD4KICAgIDx0ZCB3aWR0aD0iMjkyIj48Zm9udCBjb2xvcj0jNjk2OTY5IHNpemU9IjIiPuWOn+WJh+S4jeWPrzwvZm9udD48L3RkPgogIDwvdHI+CiAgPHRyPgogICAgPHRkIGhlaWdodD0iMzgiPiZuYnNwOzwvdGQ+CiAgICA8dGQ+PGZvbnQgY29sb3I9IzY5Njk2OSBzaXplPSIyIj7igLvmnKzllYblk4Hjga7ku5Xmp5jkuIrjgIHjgZTos7zlhaXlvozjgZTkvb/nlKjjgavjgarjgonjgozjgZ/llYblk4Hjga7jgrXjgqTjgrrnm7TjgZfjga88Zm9udCBjb2xvcj0iIzAwOTlGRiI+5Y6f5YmH44Go44GX44Gm44GK5Y+X44GR44GZ44KL44GT44Go44GM44Gn44GN44G+44Gb44KTPC9mb250PuOAguOBn+OBoOOBl+OAgeOBiuWuouanmOOBruOBlOS6huaJv+OBruOCguOBqOOCteOCpOOCuuebtOOBl+OBjOWPr+iDveOBquWgtOWQiOOCguOBlOOBluOBhOOBvuOBmeOBruOBp+OAgeODoeODvOODq+OBq+OBpuOBiuWVj+OBhOWQiOOCj+OBm+mhmOOBhOOBvuOBmeOAgjwvZm9udD48L3RkPgogIDwvdHI+CiAgPHRyPgogICAgPHRkIGhlaWdodD0iMTUiPiZuYnNwOzwvdGQ+CiAgICA8dGQ+Jm5ic3A7PC90ZD4KICA8L3RyPgo8L3RhYmxlPgo8aW1nIHNyYz0iaHR0cDovL2ltYWdlLnJha3V0ZW4uY28uanAvdmllYW5nZS9jYWJpbmV0L3BhcnRzL2xzX2tva3Vpbi5qcGciIHdpZHRoPSI0MDAiIGhlaWdodD0iMzUiIGFsdD0i5Yi75Y2w44K144O844OT44K5IiAgLz4KCjxicj48YnI+Cgo8cD7jg6rjg7PjgrDjga7lhoXlgbTjgavjg6Hjg4Pjgrvjg7zjgrjjgoTjgYrlkI3liY3jgarjganjgpLliLvljbDjgZnjgovjgZPjgajjgYzjgafjgY3jgb7jgZnjgII8YnI+CuWIu+Wtl+apn+OCkuS9v+OBo+OBpuW9q+i+vOOCgDxzdHJvbmc+PGZvbnQgc2l6ZT0iMyI+77yc5qmf5qKw5Yi75Y2w77yePC9zdHJvbmc+44Go44Gq44KK44G+44GZ44CCPGJyPjwvcD4KCgo8YnI+CgoK4pagJm5ic3A75Yi75Y2w57SN5pyfJm5ic3A74pagPGJyPgrjg5fjg6njgrnntITvvJHpgLHplpM8YnI+PGJyPgoK4pagJm5ic3A75Yi75Y2w5paZ6YeRJm5ic3A74pagPGJyPgrjg6rjg7PjgrDvvJHmnKzjgavjgaTjgY1cMSw1MDDvvIjnqI7mipzvvIk8YnI+PGJyPgoK4pagJm5ic3A75Yi75Y2w5Y+v6IO95paH5a2X5pWwJm5ic3A74pagPGJyPgogQe+9nlrjga7jgqLjg6vjg5XjgqHjg5njg4Pjg4g8c3Ryb25nPuWkp+aWh+Wtl+ODu+Wwj+aWh+Wtlzwvc3Ryb25nPuOAge+8kO+9nu+8meOBruiLseaVsOWtl+OAgeODj+OCpOODleODsyggLSAp44CB44OU44Oq44Kq44OJKCA8c3Ryb25nPi48L3N0cm9uZz4gKeOAgeOCouODs+ODieiomOWPt++8iCAmYW1wOyAp44CB5bCP5paH5a2X44Gu44CMdG/jgI3vvIjvvJHmloflrZfliIbvvInjgIEKICDkuK3pu5IoIOODuyk8YnI+CiAg44Gd44Gu5LuW44CB44OP44O844OI44Gq44Gp44Gu6KiY5Y+344KC5YWl44KK44G+44GZPGJyPgoKPGZvbnQgY29sb3I9I0ZGMDAwMCBzaXplPSIyIj7jgZPjga7llYblk4Hjga/jgIHjgqLjg6vjg5XjgqHjg5njg4Pjg4jlpKfmloflrZfjg7voi7HmlbDlrZflkIjjgo/jgZvjgaY8Zm9udCBzaXplPSI1Ij48c3Ryb25nPjE15paH5a2XPC9zdHJvbmc+PC9mb250PuOBvuOBp+WIu+WNsOWPr+iDveOBp+OBmeOAgijoqJjlj7fjg7vjgrnjg5rjg7zjgrnjgarjganjgoLvvJHmloflrZfjgajjgZfjgabjgqvjgqbjg7Pjg4jjgZXjgozjgb7jgZkpPC9mb250Pjxicj4KPGJyPgoK4pagJm5ic3A75pu45L2TJm5ic3A74pagPGJyPgrnrYboqJjkvZMgb3Ig44OW44Ot44OD44Kv5L2TPGJyPjxicj4KCgo8c3Ryb25nPuKWoCZuYnNwO+WIu+WNsOOBruOBlOazqOaWh+aWueazlSZuYnNwO+KWoDwvc3Ryb25nPjxicj48YnI+Cgrjg5fjg6vjg4Djgqbjg7Pjg7vjg6Hjg4vjg6Xjg7zjgYvjgonjgIzluIzmnJvjgZnjgovjgI3jgpLjgYrpgbjjgbPjgY/jgaDjgZXjgYTjgII8YnI+CuazqOaWh+eUu+mdouOBruOAjOOBiuW6l+OBuOOBruODoeODg+OCu+ODvOOCuOOAjeashOOBq+WIu+WNsOWGheWuueOCkuOBlOiomOWFpeOBj+OBoOOBleOBhOOAgjxicj4K5ZWG5ZOB44KSMuWAi+S7peS4iuWQjOaZguOBq+OBiuiyt+OBhOaxguOCgeOBhOOBn+OBoOOBhOOBn+WgtOWQiOOBr+OAgeWIu+WNsOWvvuixoeWVhuWTgeOBjOOCj+OBi+OCi+OCiOOBhuOBq+OBlOS9teiomOmhmOOBhOOBvuOBmeOAggo8YnI+PGJyPgo8Zm9udCBjb2xvcj0iI0ZGMDAwMCI+PHN0cm9uZz7jgJDph43opoHjgJE8YnI+44GU5rOo5paH56K66KqN5b6M44CBIArllYblk4Hku6Pph5HjgavliLvljbDmlpnjgpLliqDnrpfjgZfjgabjgZToq4vmsYLph5HpoY3jgpLlpInmm7TjgZXjgZvjgabjgYTjgZ/jgaDjgY3jgb7jgZnjgIIK5Yi75Y2w5paZ5Yqg566X5b6M44Gu44GU6KuL5rGC6YeR6aGN44Gr44Gk44GE44Gm44Gv44CBCuOBlOazqOaWh+eiuuiqjeW+jOOBq+OBiumAgeOCiuOBmeOCi+ODoeODvOODq+OCkuOBlOeiuuiqjemhmOOBhOOBvuOBmeOAgjwvc3Ryb25nPjwvZm9udD4KCjxicj48IS0t4pa84pa8IOW3puW4r+ODquODs+OCr+OBguOCiiDilrzilrwtLT4KCjxkaXYgaWQ9ImhpZGFyaS1vYmkiPgoKPHN0eWxlPgojaGlkYXJpLW9iaSB7CnBvc2l0aW9uOiBhYnNvbHV0ZTsKdG9wOjBweDsKbGVmdDoxMHB4OwpiYWNrZ3JvdW5kOiB1cmwoImh0dHBzOi8vaW1hZ2UucmFrdXRlbi5jby5qcC92aWVhbmdlL2NhYmluZXQvY2FtcGFpZ24vc2NibnJfMDUxNS5qcGciKSByZXBlYXQteSBsZWZ0IHRvcCA7Cn0KI2hpZGFyaS1vYmkgYSB7CmRpc3BsYXk6IGJsb2NrOwpoZWlnaHQ6OTMwMHB4Oy8q44Oa44O844K45YWo5L2T44Gu6auY44GVKi8Kd2lkdGg6IDE0MHB4Oy8q5biv44Gu5bmFKi8KfQo8L3N0eWxlPgoKPC9kaXY+CgoKCjwhLS3ilrzilrwg5bem5biv44Oq44Oz44Kv44Gq44GXIOKWvOKWvC0tPgoKCgoKPCEtLeKWvOKWvCDlt6bluK/jg6rjg7Pjgq/jgarjgZcg4pa84pa8LS0+Cgo8IS0tCjxzdHlsZSB0eXBlPSJ0ZXh0L2NzcyI+CmJvZHl7CmJhY2tncm91bmQtaW1hZ2U6IHVybCgiaHR0cDovL2ltYWdlLnJha3V0ZW4uY28uanAvdmllYW5nZS9jYWJpbmV0L2NhbXBhaWduL2Jucl8xMDEyLmpwZyIpOwpiYWNrZ3JvdW5kLXJlcGVhdDogcmVwZWF0LXk7CmJhY2tncm91bmQtYXR0YWNobWVudDogc2Nyb2xsOwpiYWNrZ3JvdW5kLXBvc2l0aW9uOmxlZnQKfQo8L3N0eWxlPgotLT4KCgoKCjxzdHlsZSB0eXBlPSJ0ZXh0L2NzcyI+CgovKiDjgYrmsJfjgavlhaXjgorllYblk4EgKi8KCiNyYWt1dGVuTGltaXRlZElkX2Fyb3VuZENhcnQgI3NlcnZpY2VUYWJsZVNtbCB0ZC5mYXZvcml0ZSB7CgpwYWRkaW5nLXRvcDogNXB4OwoKfQoKI3Jha3V0ZW5MaW1pdGVkSWRfYXJvdW5kQ2FydCBkaXYuYm9va21hcmtBcmVhIGRpdi5ia20gewoKd2lkdGg6IDI5MXB4ICFpbXBvcnRhbnQ7CgpoZWlnaHQ6MzNweCAhaW1wb3J0YW50OwoKcGFkZGluZzogMHB4IDBweCAxMHB4IDBweCAhaW1wb3J0YW50OwoKfQoKI3Jha3V0ZW5MaW1pdGVkSWRfYXJvdW5kQ2FydCBkaXYuYm9va21hcmtBcmVhIGRpdi5ia20gYS5hZGRCa20gewoKd2lkdGg6IDI5MXB4ICFpbXBvcnRhbnQ7CgpoZWlnaHQ6MzNweCAhaW1wb3J0YW50OwoKfQoKI3Jha3V0ZW5MaW1pdGVkSWRfYXJvdW5kQ2FydCBkaXYuYm9va21hcmtBcmVhIGRpdi5ia20gYS5hZGRCa20gc3Bhbi5ia21TdGFyIHsKCmRpc3BsYXk6IGlubGluZS1ibG9jayAhaW1wb3J0YW50OwoKd2lkdGg6IDI5MXB4ICFpbXBvcnRhbnQ7CgpoZWlnaHQ6MzNweCAhaW1wb3J0YW50OwoKbWFyZ2luOjBweCAwcHggMTBweCAwcHggIWltcG9ydGFudDsKCmJhY2tncm91bmQ6IHVybCgiaHR0cDovL2ltYWdlLnJha3V0ZW4uY28uanAvdmllYW5nZS9jYWJpbmV0L2Jucl9mYXZpdGVtLmpwZyIpIG5vLXJlcGVhdCAhaW1wb3J0YW50OwoKfQoKIAoKLyog44GK5rCX44Gr5YWl44KK44K344On44OD44OXICovCgpkaXYuYm9va21hcmtBcmVhIHsKCndpZHRoOiAyOTFweCAhaW1wb3J0YW50OwoKfQoKI3Jha3V0ZW5MaW1pdGVkSWRfYXJvdW5kQ2FydCBkaXYuc2hvcEJvb2ttYXJrQXJlYSBkaXYuc2hvcEJrbSB7Cgp3aWR0aDogMjkxcHggIWltcG9ydGFudDsKCmhlaWdodDozM3B4ICFpbXBvcnRhbnQ7CgpwYWRkaW5nOiAwcHggMHB4ICFpbXBvcnRhbnQ7CgpwYWRkaW5nLWxlZnQ6IDBweCAhaW1wb3J0YW50OwoKfQoKI3Jha3V0ZW5MaW1pdGVkSWRfYXJvdW5kQ2FydCBkaXYuc2hvcEJvb2ttYXJrQXJlYSBkaXYuc2hvcEJrbSBhLmFkZFNob3BCa20gc3Bhbi5zaG9wQmttU3RhciB7CgpkaXNwbGF5OiBpbmxpbmUtYmxvY2sgIWltcG9ydGFudDsKCndpZHRoOiAyOTFweCAhaW1wb3J0YW50OwoKaGVpZ2h0OjMzcHggIWltcG9ydGFudDsKCm1hcmdpbi1yaWdodDogMHB4ICFpbXBvcnRhbnQ7CgpiYWNrZ3JvdW5kOiB1cmwoImh0dHA6Ly9pbWFnZS5yYWt1dGVuLmNvLmpwL3ZpZWFuZ2UvY2FiaW5ldC9ibnJfZmF2c2hvcC5qcGciKSBuby1yZXBlYXQgIWltcG9ydGFudDsKCn0KPC9zdHlsZT4KCgoKCjxkaXYgaWQ9InByZXNlbnRfYmFzZSIgY2xhc3M9ImNsZWFyZml4Ij4KICAgPGRpdiBjbGFzcz0icHJlc2VudF9pbWciPjxpbWcgc3JjPSJodHRwOi8vaW1hZ2UucmFrdXRlbi5jby5qcC92aWVhbmdlL2NhYmluZXQvdG1nL2Zvb3RfcHJlMDEuZ2lmIiBhbHQ9IuWkp+WIh+OBquOBguOBruS6uuOBq+e0oOaVteOBquODl+ODrOOCvOODs+ODiCIgd2lkdGg9IjE5OSIgaGVpZ2h0PSIyOTUiIC8+PC9kaXY+CiAgIDxkaXYgY2xhc3M9InByZXNlbnRfdHh0Ij48cD7lvZPlupfjga/jgIHkurrmsJfjgqLjgq/jgrvjgrXjg6rjg7zjg5bjg6njg7Pjg4njgIzlpKnkvb/jga7ljbXjgI3jgoTjgIzmnKrmnaXlpKnkvb/jgI3jgpLjga/jgZjjgoHjgIHoqpXnlJ/nn7Pjga7jg5rjg7Pjg4Djg7Pjg4jjgoTjg6rjg7PjgrDjgarjganjgIHjg5fjg6zjgrzjg7Pjg4jjgavjg5Tjg4Pjgr/jg6rjgarjgqLjgq/jgrvjgrXjg6rjg7zjgpLlj5bmibHjgYbpgJrosqnjgrfjg6fjg4Pjg5fjgafjgZnjgII8L3A+PGJyIC8+CuOAjOWEquOBl+OBhOWFieOBq+OBpOOBpOOBvuOCjOOCi+awuOmBoOOBruWRveOAjeOCkuihqOePvuOBl+OBn+OCs+ODs+OCu+ODl+ODiOOCuOODpeOCqOODquODvOOAjOacquadpeWkqeS9v+OAjeOBr+acquadpeOBq+WQkeOBkeOBpui8neOBkeOCi+WRveOBruOBmeOBsOOCieOBl+OBleOCkuWkmuW9qeOBquODhuODvOODnuODu+ODh+OCtuOCpOODs+OBp+ihqOePvuOBl+OBpuOBhOOBvuOBmeOAgjxiciAvPgrjgZ3jgpPjgarmnKrmnaXlpKnkvb/jgYvjgonjga7jg5fjg6zjgrzjg7Pjg4jjgajjgYTjgYbjgrPjg7Pjgrvjg5fjg4jjgafkvZzjgonjgozjgZ/jgIzlpKnkvb/jga7ljbXjgI3jga/jgIHjgIzoqpXnlJ/jga7llpzjgbPjgI3jgoTjgIznlJ/jgY3jgovjgZPjgajjga7mhJ/li5Xjgajos57os5vjgI3jgpLjg4bjg7zjg57jgajjgZfjgablibXjgonjgozjgIHljbXjgajnvr3jga7jg5Djg6njg7Pjgrnjga7oia/jgYTjgoTjgZXjgZfjgYTjg4fjgrbjgqTjg7PjgYzmhJvjgZXjgozjgabjgYTjgovjg63jg7PjgrDjgrvjg6njg7zjga7kurrmsJfjgqLjgq/jgrvjgrXjg6rjg7zjgafjgZnjgILmmK/pnZ7jgIHlpKfliIfjgarkurrjgbjjga7jg5fjg6zjgrzjg7Pjg4jnrYnjgavjgoLjgZTmtLvnlKjkuIvjgZXjgYTvvIE8L2Rpdj4KPC9kaXY+CgoKCgoKPCEtLeKWvOKWvOKWvOODrOODk+ODpeODvOODu+azqOaWh+eKtuazgeKWvOKWvOKWvC0tPiAgIAoKICAgICAgICAgICAgPGgyPjxpbWcgc3JjPSJodHRwOi8vd3d3LnJha3V0ZW4ubmUuanAvZ29sZC92aWVhbmdlL2ltZy90aXRsZV8wNi5qcGciIGFsdD0i44Os44OT44Ol44O8IiB3aWR0aD0iNjg4IiBoZWlnaHQ9IjcwIiAvPjwvaDI+CiAgICAgICAgICAgIDxicj48YnI+CiAgCgkgIDxicj4gPGJyPiA8YnI+IAogICAgICAgICAgICAgICAgICA8aDI+PGltZyBzcmM9Imh0dHA6Ly93d3cucmFrdXRlbi5uZS5qcC9nb2xkL3ZpZWFuZ2UvaW1nL3RpdGxlXzA3LmpwZyIgYWx0PSLms6jmlofnirbms4EiIHdpZHRoPSI2ODgiIGhlaWdodD0iNzAiIC8+PC9oMj4KICAgICAgICAgICAgICAgICAgICAgICAgICAgICAgPGJyPiA8YnI+IAo8YnI+IDxicj4gPGJyPg==,44CQ5Yi75Y2w5a++5b+c44CR4peGTE9WRVJTIFNDRU5FIOODqeODkOODvOOCuuOCt+ODvOODs+KXhuOCt+ODq+ODkOODvOODquODs+OCsO+8iOODrOODh+OCo+ODvOOCue+8ieOAkExTUjAxMTE3UEvjgJHjgJDjgrfjg6vjg5Djg7zjg6rjg7PjgrAg44Oa44Ki44Oq44Oz44KwIOODmuOCoiDmjIfovKog44Os44OH44Kj44O844K5IOODj+ODvOODiCDjg5fjg6zjgrzjg7Pjg4gg44Ku44OV44OIIOiqleeUn+aXpSDjgobjgbPjgo8g44Oq44Oz44KwIOWIu+WNsOWPr+iDvSDjgrfjg6vjg5Djg7wg44Ki44Kv44K744K144Oq44O8IOOCuOODpeOCqOODquODvCDjgJEgIOavjeOBruaXpSDjgrfjg7Pjg5fjg6vvvJrlpKnkvb/jga7ljbUgd2l0aCBMT1ZFUlMgU0NFTkU=,5aSp5L2/44Gu5Y215pyq5p2l5aSp5L2/44K544Oa44O844K544Kv44Oq44Ko44O844K/44O844K444Ol44Ko44Oq44O844K344Or44OQ44O844Ki44Kv44K744K144Oq44O844OU44Oz44Kv44K344Or44OQ44O844ON44OD44Kv44Os44K555u05Za25bqX44Kv44Oq44K544Oe44K56ZmQ5a6a44Oa44Oz44OA44Oz44OI5oyH6Lyq44OU44Ki44K544OX44Os44K844Oz44OI44OZ44OT44O844K544OX44O844Oz44Os44OH44Kj44O844K544Op44OQ44O844K644K344O844Oz57WQ5ama5oyH6Lyq44Oa44Ki44Oq44Oz44Kw6KqV55Sf55+z44CQ5Yi75Y2w5a++5b+c44CR4peGTE9WRVJTIFNDRU5FIOODqeODkOODvOOCuuOCt+ODvOODs+KXhuOCt+ODq+ODkOODvOODquODs+OCsO+8iOODrOODh+OCo+ODvOOCue+8ieOAkExTUjAxMTE3UEvjgJHjgJDjgrfjg6vjg5Djg7zjg6rjg7PjgrAg44Oa44Ki44Oq44Oz44KwIOODmuOCoiDmjIfovKog44Os44OH44Kj44O844K5IOODj+ODvOODiCDjg5fjg6zjgrzjg7Pjg4gg44Ku44OV44OIIOiqleeUn+aXpSDjgobjgbPjgo8g44Oq44Oz44KwIOWIu+WNsOWPr+iDvSDjgrfjg6vjg5Djg7wg44Ki44Kv44K744K144Oq44O8IOOCuOODpeOCqOODquODvCDjgJEgIOavjeOBruaXpSDjgrfjg7Pjg5fjg6s=,44K344Oz44OX44Or44Gn5rSX57e044GV44KM44Gf44OH44K244Kk44OzIOODj+ODvOODiCDliLvljbDlr77lv5zjgILjgJDliLvljbDlr77lv5zjgJHil4ZMT1ZFUlMgU0NFTkUg44Op44OQ44O844K644K344O844Oz4peG44K344Or44OQ44O844Oq44Oz44Kw77yI44Os44OH44Kj44O844K577yJ44CQTFNSMDExMTdQS+OAkeOAkOOCt+ODq+ODkOODvOODquODs+OCsCDjg5rjgqLjg6rjg7PjgrAg44Oa44KiIOaMh+i8qiDjg6zjg4fjgqPjg7zjgrkg44OP44O844OIIOODl+ODrOOCvOODs+ODiCDjgq7jg5Xjg4gg6KqV55Sf5pelIOOChuOBs+OCjyDjg6rjg7PjgrAg5Yi75Y2w5Y+v6IO9IOOCt+ODq+ODkOODvCDjgqLjgq/jgrvjgrXjg6rjg7wg44K444Ol44Ko44Oq44O8IOOAkSAg5q+N44Gu5pelIOOCt+ODs+ODl+ODqw==[rn]
39-1017,aHR0cDovL3RzaG9wLnIxMHMuanAvdmllYW5nZS9jYWJpbmV0L2xvdmVyc19zY2VuZS9sc3IvbHNyMDAzMWQuanBnP2ZpdGluPTcwMDo3MDA=,Nzc3Ni4wMDAw,,44K444Ol44Ko44Oq44O844O744Ki44Kv44K744K144Oq44O8ID4g44Os44OH44Kj44O844K544K444Ol44Ko44Oq44O844O744Ki44Kv44K744K144Oq44O8ID4g5oyH6Lyq44O744Oq44Oz44Kw,44CQ5Yi75Y2w5a++5b+c44CR4peGTE9WRVJTIFNDRU5FIOODqeODkOODvOOCuuOCt+ODvOODs+KXhuOCt+ODq+ODkOODvOODquODs+OCsOOAkExTUjAwMzFE44CR44CQ44K344Or44OQ44O844Oq44Oz44KwIOODmuOCouODquODs+OCsCDjg5rjgqIg5oyH6LyqIOODoeODs+OCuiDjg6zjg4fjgqPjg7zjgrkg44OA44Kk44Ok44Oi44Oz44OJIOODgeOCp+ODg+OCq+ODvOafhCDjg5fjg6zjgrzjg7Pjg4gg44Oq44Oz44KwIOOCt+ODq+ODkOODvCDjgqLjgq/jgrvjgrXjg6rjg7wg44K444Ol44Ko44Oq44O8IOOCruODleODiCDlprsg44GL44KP44GE44GE44CR5q+N44Gu5pelIOOCt+ODs+ODl+ODqw==,44K544K/44Kk44Oq44OD44K344Ol44Gq6Zuw5Zuy5rCX44Gn5Lq65rCX44Gu44OB44Kn44OD44Kv5p+E,PGNlbnRlcj48YSBocmVmPSJodHRwczovL215LmJvb2ttYXJrLnJha3V0ZW4uY28uanAvP2Z1bmM9cmVnJnN2aWQ9MTAxJnNob3BfYmlkPTIwMzk0NyZpaWQ9MTAwMDA5MTkmaXR5cGU9MSB0YXJnZXQ9X2JsYW5rIj48aW1nIHNyYz0iaHR0cDovL2ltYWdlLnJha3V0ZW4uY28uanAvdmllYW5nZS9jYWJpbmV0L3BfYm5yX2Zhdml0ZW0uanBnIiBib3JkZXI9IjAiIHdpZHRoPSI2NjAiIGhlaWdodD0iMTMwIj48L2E+PC9jZW50ZXI+PGJyPjxicj48ZGl2IGlkPSJkZXRhaWxfYmFzZTIiPgo8aW1nIHNyYz0iaHR0cDovL2ltYWdlLnJha3V0ZW4uY28uanAvdmllYW5nZS9jYWJpbmV0L2NhbXBhaWduL2xzX3BjX3Rva3V0ZW4uanBnImFsdD0iTE9WRVJTIFNDRU5FIOOCreODo+ODs+ODmuODvOODsyI+PGJyPjxicj4KCjxicj4KPGZvbnQgc2l6ZT0iMiIgY29sb3I9IiMzMzMzMzMiPgoyMDE0LjguMeaZgueCueOAgOOCt+ODquODvOOCuuWQiOioiAo8L2ZvbnQ+ICAKPGltZyBzcmM9Imh0dHA6Ly9pbWFnZS5yYWt1dGVuLmNvLmpwL3ZpZWFuZ2UvY2FiaW5ldC9pbWFnZS9sc3IwMDMxX2ltYWdlXzY2MC5qcGciIC8+CjxiciAvPjxiciAvPgogIAoKPGltZyBzcmM9Imh0dHA6Ly9pbWFnZS5yYWt1dGVuLmNvLmpwL3ZpZWFuZ2UvY2FiaW5ldC9sb3ZlcnNfc2NlbmUvbHNyL2xzcjAwMzFfdGl0bGVfMS5qcGciIHdpZHRoPSI2NjAiIGhlaWdodD0iNTAiIGNsYXNzPSJpbWcyMCIgLz4KICAKPGRpdiBjbGFzcz0iY2xlYXJmaXggaW1nNDAiPgogICAgIAo8ZGl2IGNsYXNzPSJnb29kc18xMzA1XzAyX2xlZnQiPgo8aW1nIHNyYz0iaHR0cDovL2ltYWdlLnJha3V0ZW4uY28uanAvdmllYW5nZS9jYWJpbmV0L2xvdmVyc19zY2VuZS9sc3IvbHNyMDAzMV9wYWdlXzEuanBnIiB3aWR0aD0iNDAwIiBoZWlnaHQ9IjQwMCIgY2xhc3M9ImltZzA1IiAvPgogICAgIDwvZGl2PgoKPGRpdiBjbGFzcz0iZ29vZHNfMTMwNV8wMl9yaWdodCI+CiAgICAgICAgPHA+CiAgICAgICAgIOWtmOWcqOaEn+OBruOBguOCi+ODnOODquODpeODvOODoOOBqOOCueOCv+OCpOODquODg+OCt+ODpeOBqumbsOWbsuawl+OBjOS6uuawl+OBruODgeOCp+ODg+OCr+afhOODmuOCouODquODs+OCsOOAgjxiciAvPjxiciAvPgrjgIzmsLjpgaDjga7ntYbjgI3jgpLmhI/lkbPjgZnjgovjg4DjgqTjg6Tjg6Ljg7Pjg4njgahMT1ZFUlMgU0NFTkXjga7liLvljbDjgYzjgqLjgq/jgrvjg7Pjg4jjgavjgarjgaPjgabjgYTjgb7jgZnjgII8L3A+CiAgICAgPGltZyBzcmM9Imh0dHA6Ly9pbWFnZS5yYWt1dGVuLmNvLmpwL3ZpZWFuZ2UvY2FiaW5ldC9sb3ZlcnNfc2NlbmUvbHNyL2xzcjAwMzFfcGFnZV8yLmpwZyIgY2xhc3M9ImltZzA1IiAvPgogICAgPC9kaXY+CjwvZGl2PgoKCgogCjxpbWcgc3JjPSJodHRwOi8vaW1hZ2UucmFrdXRlbi5jby5qcC92aWVhbmdlL2NhYmluZXQvbG92ZXJzX3NjZW5lL2xzci9sc3IwMDMxX3RpdGxlXzIuanBnIiB3aWR0aD0iNjYwIiBoZWlnaHQ9IjI1IiBjbGFzcz0iaW1nMjUiIC8+Cgo8ZGl2IGNsYXNzPSJnb29kc18xMzA1XzAzX2xlZnQiPgogICAgICAgIDxwPuOBpOOChOa2iOOBl+OBqOOBruOCs+ODs+ODiOODqeOCueODiOOBqOa3seOBj+WIu+OBvuOCjOOBn+ODh+OCtuOCpOODs+OBjOe+juOBl+OBhOODgeOCp+ODg+OCr+afhOOAgjxiciAvPjxiciAvPgrjg6rjg7PjgrDjga7lhoXlgbTjgavjga/liLvljbDjgYzjgafjgY3jgb7jgZnjgILjgYrlpb3jgY3jgarjg6Hjg4Pjgrvjg7zjgrjjgpLlhaXjgozjgabvvJLkurrjgaDjgZHjga7jg5rjgqLjg6rjg7PjgrDjgpLkvZzjgaPjgabjgb/jgabjga/jgYTjgYvjgYzjgafjgZnjgYvvvJ88L3A+CiAgICAgPGltZyBzcmM9Imh0dHA6Ly9pbWFnZS5yYWt1dGVuLmNvLmpwL3ZpZWFuZ2UvY2FiaW5ldC9sb3ZlcnNfc2NlbmUvbHNyL2xzcjAwMzFfcGFnZV8zXzEuanBnIiB3aWR0aD0iMjQ1IiBoZWlnaHQ9IjI3MCIgY2xhc3M9ImltZzA1IiAvPgogICAgICAgIDwvZGl2PgogCjxkaXYgY2xhc3M9Imdvb2RzXzEzMDVfMDNfcmlnaHQiPgo8aW1nIHNyYz0iaHR0cDovL2ltYWdlLnJha3V0ZW4uY28uanAvdmllYW5nZS9jYWJpbmV0L2xvdmVyc19zY2VuZS9sc3IvbHNyMDAzMV9wYWdlXzQuanBnIiB3aWR0aD0iNDAwIiBoZWlnaHQ9IjQwMCIgY2xhc3M9ImltZzA1IiAvPiAgICAKPC9kaXY+CiAKPC9kaXY+CiAgCjxkaXYgY2xhc3M9ImNhXzAxIj4KPGltZyBzcmM9Imh0dHA6Ly9pbWFnZS5yYWt1dGVuLmNvLmpwL3ZpZWFuZ2UvY2FiaW5ldC93cmFwcGluZy93cmFwcGluZ190aXRsZS5qcGciIGFsdD0i44Op44OD44OU44Oz44KwIj4KCjxicj48YnI+PGJyPgoKPHRhYmxlIGJvcmRlcj0iMCIgd2lkdGg9IjY2MHB4Ij4KPHRyPgo8dGQ+CjxpbWcgc3JjPSJodHRwOi8vaW1hZ2UucmFrdXRlbi5jby5qcC92aWVhbmdlL2NhYmluZXQvd3JhcHBpbmcvbHNfd3JhcF8wMV8xLmpwZyIgYWx0PSJMT1ZFUlMgU0NFTkUgIOmAmuW4uOODqeODg+ODlOODs+OCsCI+CjwvdGQ+Cjx0ZD4KPGltZyBzcmM9Imh0dHA6Ly9pbWFnZS5yYWt1dGVuLmNvLmpwL3ZpZWFuZ2UvY2FiaW5ldC93cmFwcGluZy9sc193cmFwXzAyLmpwZyIgYWx0PSJMT1ZFUlMgU0NFTkXjgIDjgqjjgrPjg6njg4Pjg5Tjg7PjgrAiPgo8L3RkPgo8dGQ+CjxhICBocmVmPSJodHRwOi8vaXRlbS5yYWt1dGVuLmNvLmpwL3ZpZWFuZ2UvYy8wMDAwMDAwNzgxLyI+PGltZyBzcmM9Imh0dHA6Ly9pbWFnZS5yYWt1dGVuLmNvLmpwL3ZpZWFuZ2UvY2FiaW5ldC93cmFwcGluZy9sc193cmFwXzAzLmpwZyIgYWx0PSJMT1ZFUlMgU0NFTkXjgIDjgrnjg5rjgrfjg6Pjg6vjg6njg4Pjg5Tjg7PjgrAiPjwvYT4KPC90ZD4KPC90cj4KPC90YWJsZT4KPGltZyBzcmM9Imh0dHA6Ly9pbWFnZS5yYWt1dGVuLmNvLmpwL3ZpZWFuZ2UvY2FiaW5ldC93cmFwcGluZy9raWtpbi5qcGciIGFsdD0i5aSp5L2/44Gu5Y215Z+66YeRIj4KCjxhICBocmVmPSJodHRwOi8vaXRlbS5yYWt1dGVuLmNvLmpwL3ZpZWFuZ2UvYy8wMDAwMDAwNzkxLyI+CjxpbWcgc3JjPSJodHRwOi8vaW1hZ2UucmFrdXRlbi5jby5qcC92aWVhbmdlL2NhYmluZXQvd3JhcHBpbmcvbHNfY2FyZC5qcGciIGFsdD0i44Oh44OD44K744O844K444Kr44O844OJIj48L2E+CgoKPGltZyAKc3JjPSJodHRwOi8vaW1hZ2UucmFrdXRlbi5jby5qcC92aWVhbmdlL2NhYmluZXQvY2FtcGFpZ24vbm9iZV9sc182NjAuanBnIiB3aWR0aD0iNjYwIiBoaWdodD0iMjAwIiBhbHQ9IkxPVkVSUyBTQ0VORSDjg47jg5njg6vjg4bjgqMiPjxicj48YnI+CjwvZGl2Pjxmb250IGNvbG9yPSM2OTY5Njkgc2l6ZT0iMiI+CuKWoOe0oOadkOKWoDxicj4KU1Y5MjXjg7vjg4DjgqTjg6Tjg6Ljg7Pjg4kKCjxwPuKWoOWkp+OBjeOBle+8iG1t77yJ4pagPGJyPgrluYXntIQ2w5fljprjgb/ntIQyPC9wPgoKPHA+4pag6YeN6YeP4pagPGJyPgrntIQ2LjBnPC9wPgoK4oC744K144Kk44K644O76YeN6YeP44Gv5aSa5bCR44Gu5YCL5L2T5beu44GM5Ye644G+44GZ4oC744CCCgo8cD7ilqDjgrXjgqTjgrrnm7TjgZfjgavjgaTjgY3jgb7jgZfjgabilqA8YnI+CuOCteOCpOOCuuebtOOBl+WPr+iDve+8iOacieaWme+8ieKAu+ODoeODvOODq+OBq+OBpuOBiuWVj+OBhOWQiOOCj+OBm+S4i+OBleOBhOOAgjwvcD4KPC9mb250PgoKPGJyPgoKCjxpbWcgc3JjPSJodHRwOi8vaW1hZ2UucmFrdXRlbi5jby5qcC92aWVhbmdlL2NhYmluZXQvcGFydHMvbHNfa29rdWluLmpwZyIgd2lkdGg9IjQwMCIgaGVpZ2h0PSIzNSIgYWx0PSLliLvljbDjgrXjg7zjg5PjgrkiICAvPgoKPGJyPjxicj4KCjxwPuODquODs+OCsOOBruWGheWBtOOBq+ODoeODg+OCu+ODvOOCuOOChOOBiuWQjeWJjeOBquOBqeOCkuWIu+WNsOOBmeOCi+OBk+OBqOOBjOOBp+OBjeOBvuOBmeOAgjxicj4K5Yi75a2X5qmf44KS5L2/44Gj44Gm44Kv44Op44OV44OI44Oe44Oz44GM5omL5L2c5qWt44GnMeaWh+WtlzHmloflrZfkuIHlr6fjgavliLvljbDoh7TjgZfjgb7jgZnjgII8L3A+CgoKPGJyPgoKCgrilqAmbmJzcDvliLvljbDntI3mnJ8mbmJzcDvilqA8YnI+CuODl+ODqeOCuee0hO+8kemAsemWkzxicj48YnI+CgrilqAmbmJzcDvliLvljbDmlpnph5EmbmJzcDvilqA8YnI+CuODquODs+OCsO+8keacrOOBq+OBpOOBjVwxLDU3Ne+8iOeojui+vO+8iTxicj48YnI+CgrilqAmbmJzcDvliLvljbDlj6/og73mloflrZfmlbAmbmJzcDvilqA8YnI+Cu+8gzEw5Lul5LiL77yaMTTmloflrZfjgIHvvIMxMe+9njE277yaMTfmloflrZfjgIHvvIMxN+S7peS4iu+8mjIw5paH5a2XPGJyPgrvvIjoqJjlj7fjgIHjgrnjg5rjg7zjgrnjgIHjg57jg7zjgq/jgarjganjgoLvvJHmloflrZfliIbjgajjgZfjgabjgqvjgqbjg7Pjg4jjgZXjgozjgb7jgZnjgILvvIk8YnI+PGJyPgoK4pagJm5ic3A75pu45L2TJm5ic3A74pagPGJyPgrjg5bjg63jg4Pjgq/kvZPvvIjkuLjjgrTjgrfjg4Pjgq/vvInjga7jgb88YnI+PGJyPgoKPGltZyBzcmM9Imh0dHA6Ly9pbWFnZS5yYWt1dGVuLmNvLmpwL3ZpZWFuZ2UvY2FiaW5ldC9wYXJ0cy90ZWJvcmlrb2t1aW4uanBnIiB3aWR0aD0iNDAwIiBoZWlnaHQ9IjQwMCIgYWx0PSLliLvljbDmm7jkvZPopovmnKwiICAvPgoKPGJyPjxicj48YnI+CgoKPHN0cm9uZz7ilqAmbmJzcDvliLvljbDjga7jgZTms6jmlofmlrnms5UmbmJzcDvilqA8L3N0cm9uZz48YnI+PGJyPgoK44OX44Or44OA44Km44Oz44O744Oh44OL44Ol44O844GL44KJ44CM5biM5pyb44GZ44KL44CN44KS44GK6YG444Gz44GP44Gg44GV44GE44CCPGJyPgrms6jmlofnlLvpnaLjga7jgIzjgYrlupfjgbjjga7jg6Hjg4Pjgrvjg7zjgrjjgI3mrITjgavliLvljbDlhoXlrrnjgpLjgZToqJjlhaXjgY/jgaDjgZXjgYTjgII8YnI+CuWVhuWTgeOCkjLlgIvku6XkuIrlkIzmmYLjgavjgYrosrfjgYTmsYLjgoHjgYTjgZ/jgaDjgYTjgZ/loLTlkIjjga/jgIHliLvljbDlr77osaHllYblk4HjgYzjgo/jgYvjgovjgojjgYbjgavjgZTkvbXoqJjpoZjjgYTjgb7jgZnjgIIKPGJyPjxicj4KPGZvbnQgY29sb3I9IiNGRjAwMDAiPjxzdHJvbmc+44CQ6YeN6KaB44CRPGJyPuOBlOazqOaWh+eiuuiqjeW+jOOAgSAK5ZWG5ZOB5Luj6YeR44Gr5Yi75Y2w5paZ44KS5Yqg566X44GX44Gm44GU6KuL5rGC6YeR6aGN44KS5aSJ5pu044GV44Gb44Gm44GE44Gf44Gg44GN44G+44GZ44CCCuWIu+WNsOaWmeWKoOeul+W+jOOBruOBlOiri+axgumHkemhjeOBq+OBpOOBhOOBpuOBr+OAgQrjgZTms6jmlofnorroqo3lvozjgavjgYrpgIHjgorjgZnjgovjg6Hjg7zjg6vjgpLjgZTnorroqo3poZjjgYTjgb7jgZnjgII8L3N0cm9uZz48L2ZvbnQ+PCEtLeKWvOKWvCDlt6bluK/jg6rjg7Pjgq/jgYLjgoog4pa84pa8LS0+Cgo8ZGl2IGlkPSJoaWRhcmktb2JpIj4KCjxzdHlsZT4KI2hpZGFyaS1vYmkgewpwb3NpdGlvbjogYWJzb2x1dGU7CnRvcDowcHg7CmxlZnQ6MTBweDsKYmFja2dyb3VuZDogdXJsKCJodHRwczovL2ltYWdlLnJha3V0ZW4uY28uanAvdmllYW5nZS9jYWJpbmV0L2NhbXBhaWduL3NjYm5yXzA1MTUuanBnIikgcmVwZWF0LXkgbGVmdCB0b3AgOwp9CiNoaWRhcmktb2JpIGEgewpkaXNwbGF5OiBibG9jazsKaGVpZ2h0OjkzMDBweDsvKuODmuODvOOCuOWFqOS9k+OBrumrmOOBlSovCndpZHRoOiAxNDBweDsvKuW4r+OBruW5hSovCn0KPC9zdHlsZT4KCjwvZGl2PgoKCgo8IS0t4pa84pa8IOW3puW4r+ODquODs+OCr+OBquOBlyDilrzilrwtLT4KCgoKCjwhLS3ilrzilrwg5bem5biv44Oq44Oz44Kv44Gq44GXIOKWvOKWvC0tPgoKPCEtLQo8c3R5bGUgdHlwZT0idGV4dC9jc3MiPgpib2R5ewpiYWNrZ3JvdW5kLWltYWdlOiB1cmwoImh0dHA6Ly9pbWFnZS5yYWt1dGVuLmNvLmpwL3ZpZWFuZ2UvY2FiaW5ldC9jYW1wYWlnbi9ibnJfMTAxMi5qcGciKTsKYmFja2dyb3VuZC1yZXBlYXQ6IHJlcGVhdC15OwpiYWNrZ3JvdW5kLWF0dGFjaG1lbnQ6IHNjcm9sbDsKYmFja2dyb3VuZC1wb3NpdGlvbjpsZWZ0Cn0KPC9zdHlsZT4KLS0+CgoKCgo8c3R5bGUgdHlwZT0idGV4dC9jc3MiPgoKLyog44GK5rCX44Gr5YWl44KK5ZWG5ZOBICovCgojcmFrdXRlbkxpbWl0ZWRJZF9hcm91bmRDYXJ0ICNzZXJ2aWNlVGFibGVTbWwgdGQuZmF2b3JpdGUgewoKcGFkZGluZy10b3A6IDVweDsKCn0KCiNyYWt1dGVuTGltaXRlZElkX2Fyb3VuZENhcnQgZGl2LmJvb2ttYXJrQXJlYSBkaXYuYmttIHsKCndpZHRoOiAyOTFweCAhaW1wb3J0YW50OwoKaGVpZ2h0OjMzcHggIWltcG9ydGFudDsKCnBhZGRpbmc6IDBweCAwcHggMTBweCAwcHggIWltcG9ydGFudDsKCn0KCiNyYWt1dGVuTGltaXRlZElkX2Fyb3VuZENhcnQgZGl2LmJvb2ttYXJrQXJlYSBkaXYuYmttIGEuYWRkQmttIHsKCndpZHRoOiAyOTFweCAhaW1wb3J0YW50OwoKaGVpZ2h0OjMzcHggIWltcG9ydGFudDsKCn0KCiNyYWt1dGVuTGltaXRlZElkX2Fyb3VuZENhcnQgZGl2LmJvb2ttYXJrQXJlYSBkaXYuYmttIGEuYWRkQmttIHNwYW4uYmttU3RhciB7CgpkaXNwbGF5OiBpbmxpbmUtYmxvY2sgIWltcG9ydGFudDsKCndpZHRoOiAyOTFweCAhaW1wb3J0YW50OwoKaGVpZ2h0OjMzcHggIWltcG9ydGFudDsKCm1hcmdpbjowcHggMHB4IDEwcHggMHB4ICFpbXBvcnRhbnQ7CgpiYWNrZ3JvdW5kOiB1cmwoImh0dHA6Ly9pbWFnZS5yYWt1dGVuLmNvLmpwL3ZpZWFuZ2UvY2FiaW5ldC9ibnJfZmF2aXRlbS5qcGciKSBuby1yZXBlYXQgIWltcG9ydGFudDsKCn0KCiAKCi8qIOOBiuawl+OBq+WFpeOCiuOCt+ODp+ODg+ODlyAqLwoKZGl2LmJvb2ttYXJrQXJlYSB7Cgp3aWR0aDogMjkxcHggIWltcG9ydGFudDsKCn0KCiNyYWt1dGVuTGltaXRlZElkX2Fyb3VuZENhcnQgZGl2LnNob3BCb29rbWFya0FyZWEgZGl2LnNob3BCa20gewoKd2lkdGg6IDI5MXB4ICFpbXBvcnRhbnQ7CgpoZWlnaHQ6MzNweCAhaW1wb3J0YW50OwoKcGFkZGluZzogMHB4IDBweCAhaW1wb3J0YW50OwoKcGFkZGluZy1sZWZ0OiAwcHggIWltcG9ydGFudDsKCn0KCiNyYWt1dGVuTGltaXRlZElkX2Fyb3VuZENhcnQgZGl2LnNob3BCb29rbWFya0FyZWEgZGl2LnNob3BCa20gYS5hZGRTaG9wQmttIHNwYW4uc2hvcEJrbVN0YXIgewoKZGlzcGxheTogaW5saW5lLWJsb2NrICFpbXBvcnRhbnQ7Cgp3aWR0aDogMjkxcHggIWltcG9ydGFudDsKCmhlaWdodDozM3B4ICFpbXBvcnRhbnQ7CgptYXJnaW4tcmlnaHQ6IDBweCAhaW1wb3J0YW50OwoKYmFja2dyb3VuZDogdXJsKCJodHRwOi8vaW1hZ2UucmFrdXRlbi5jby5qcC92aWVhbmdlL2NhYmluZXQvYm5yX2ZhdnNob3AuanBnIikgbm8tcmVwZWF0ICFpbXBvcnRhbnQ7Cgp9Cjwvc3R5bGU+CgoKCgo8ZGl2IGlkPSJwcmVzZW50X2Jhc2UiIGNsYXNzPSJjbGVhcmZpeCI+CiAgIDxkaXYgY2xhc3M9InByZXNlbnRfaW1nIj48aW1nIHNyYz0iaHR0cDovL2ltYWdlLnJha3V0ZW4uY28uanAvdmllYW5nZS9jYWJpbmV0L3RtZy9mb290X3ByZTAxLmdpZiIgYWx0PSLlpKfliIfjgarjgYLjga7kurrjgavntKDmlbXjgarjg5fjg6zjgrzjg7Pjg4giIHdpZHRoPSIxOTkiIGhlaWdodD0iMjk1IiAvPjwvZGl2PgogICA8ZGl2IGNsYXNzPSJwcmVzZW50X3R4dCI+PHA+5b2T5bqX44Gv44CB5Lq65rCX44Ki44Kv44K744K144Oq44O844OW44Op44Oz44OJ44CM5aSp5L2/44Gu5Y2144CN44KE44CM5pyq5p2l5aSp5L2/44CN44KS44Gv44GY44KB44CB6KqV55Sf55+z44Gu44Oa44Oz44OA44Oz44OI44KE44Oq44Oz44Kw44Gq44Gp44CB44OX44Os44K844Oz44OI44Gr44OU44OD44K/44Oq44Gq44Ki44Kv44K744K144Oq44O844KS5Y+W5omx44GG6YCa6LKp44K344On44OD44OX44Gn44GZ44CCPC9wPjxiciAvPgrjgIzlhKrjgZfjgYTlhYnjgavjgaTjgaTjgb7jgozjgovmsLjpgaDjga7lkb3jgI3jgpLooajnj77jgZfjgZ/jgrPjg7Pjgrvjg5fjg4jjgrjjg6Xjgqjjg6rjg7zjgIzmnKrmnaXlpKnkvb/jgI3jga/mnKrmnaXjgavlkJHjgZHjgabovJ3jgZHjgovlkb3jga7jgZnjgbDjgonjgZfjgZXjgpLlpJrlvanjgarjg4bjg7zjg57jg7vjg4fjgrbjgqTjg7Pjgafooajnj77jgZfjgabjgYTjgb7jgZnjgII8YnIgLz4K44Gd44KT44Gq5pyq5p2l5aSp5L2/44GL44KJ44Gu44OX44Os44K844Oz44OI44Go44GE44GG44Kz44Oz44K744OX44OI44Gn5L2c44KJ44KM44Gf44CM5aSp5L2/44Gu5Y2144CN44Gv44CB44CM6KqV55Sf44Gu5Zac44Gz44CN44KE44CM55Sf44GN44KL44GT44Go44Gu5oSf5YuV44Go6LOe6LOb44CN44KS44OG44O844Oe44Go44GX44Gm5Ym144KJ44KM44CB5Y2144Go576944Gu44OQ44Op44Oz44K544Gu6Imv44GE44KE44GV44GX44GE44OH44K244Kk44Oz44GM5oSb44GV44KM44Gm44GE44KL44Ot44Oz44Kw44K744Op44O844Gu5Lq65rCX44Ki44Kv44K744K144Oq44O844Gn44GZ44CC5piv6Z2e44CB5aSn5YiH44Gq5Lq644G444Gu44OX44Os44K844Oz44OI562J44Gr44KC44GU5rS755So5LiL44GV44GE77yBPC9kaXY+CjwvZGl2PgoKCgoKCjwhLS3ilrzilrzilrzjg6zjg5Pjg6Xjg7zjg7vms6jmlofnirbms4HilrzilrzilrwtLT4gICAKCiAgICAgICAgICAgIDxoMj48aW1nIHNyYz0iaHR0cDovL3d3dy5yYWt1dGVuLm5lLmpwL2dvbGQvdmllYW5nZS9pbWcvdGl0bGVfMDYuanBnIiBhbHQ9IuODrOODk+ODpeODvCIgd2lkdGg9IjY4OCIgaGVpZ2h0PSI3MCIgLz48L2gyPgogICAgICAgICAgICA8YnI+PGJyPgogIAoJICA8YnI+IDxicj4gPGJyPiAKICAgICAgICAgICAgICAgICAgPGgyPjxpbWcgc3JjPSJodHRwOi8vd3d3LnJha3V0ZW4ubmUuanAvZ29sZC92aWVhbmdlL2ltZy90aXRsZV8wNy5qcGciIGFsdD0i5rOo5paH54q25rOBIiB3aWR0aD0iNjg4IiBoZWlnaHQ9IjcwIiAvPjwvaDI+CiAgICAgICAgICAgICAgICAgICAgICAgICAgICAgIDxicj4gPGJyPiAKPGJyPiA8YnI+IDxicj4=,44CQ5Yi75Y2w5a++5b+c44CR4peGTE9WRVJTIFNDRU5FIOODqeODkOODvOOCuuOCt+ODvOODs+KXhuOCt+ODq+ODkOODvOODquODs+OCsOOAkExTUjAwMzFE44CR44CQ44K344Or44OQ44O844Oq44Oz44KwIOODmuOCouODquODs+OCsCDjg5rjgqIg5oyH6LyqIOODoeODs+OCuiDjg6zjg4fjgqPjg7zjgrkg44OA44Kk44Ok44Oi44Oz44OJIOODgeOCp+ODg+OCq+ODvOafhCDjg5fjg6zjgrzjg7Pjg4gg44Oq44Oz44KwIOOCt+ODq+ODkOODvCDjgqLjgq/jgrvjgrXjg6rjg7wg44K444Ol44Ko44Oq44O8IOOCruODleODiCDlprsg44GL44KP44GE44GE44CR5q+N44Gu5pelIOOCt+ODs+ODl+ODq++8muWkqeS9v+OBruWNtSB3aXRoIExPVkVSUyBTQ0VORQ==,5aSp5L2/44Gu5Y215pyq5p2l5aSp5L2/44K544Oa44O844K544Kv44Oq44Ko44O844K/44O844K444Ol44Ko44Oq44O844K344Or44OQ44O844Ki44Kv44K744K144Oq44O844OU44Oz44Kv44K344Or44OQ44O844ON44OD44Kv44Os44K555u05Za25bqX44Kv44Oq44K544Oe44K56ZmQ5a6a44Oa44Oz44OA44Oz44OI5oyH6Lyq44OU44Ki44K544OX44Os44K844Oz44OI44OZ44OT44O844K544OX44O844Oz44Os44OH44Kj44O844K544Op44OQ44O844K644K344O844Oz57WQ5ama5oyH6Lyq44Oa44Ki44Oq44Oz44Kw6KqV55Sf55+z44CQ5Yi75Y2w5a++5b+c44CR4peGTE9WRVJTIFNDRU5FIOODqeODkOODvOOCuuOCt+ODvOODs+KXhuOCt+ODq+ODkOODvOODquODs+OCsOOAkExTUjAwMzFE44CR44CQ44K344Or44OQ44O844Oq44Oz44KwIOODmuOCouODquODs+OCsCDjg5rjgqIg5oyH6LyqIOODoeODs+OCuiDjg6zjg4fjgqPjg7zjgrkg44OA44Kk44Ok44Oi44Oz44OJIOODgeOCp+ODg+OCq+ODvOafhCDjg5fjg6zjgrzjg7Pjg4gg44Oq44Oz44KwIOOCt+ODq+ODkOODvCDjgqLjgq/jgrvjgrXjg6rjg7wg44K444Ol44Ko44Oq44O8IOOCruODleODiCDlprsg44GL44KP44GE44GE44CR5q+N44Gu5pelIOOCt+ODs+ODl+ODqw==,44K544K/44Kk44Oq44OD44K344Ol44Gq6Zuw5Zuy5rCX44Gn5Lq65rCX44Gu44OB44Kn44OD44Kv5p+E44CC44CQ5Yi75Y2w5a++5b+c44CR4peGTE9WRVJTIFNDRU5FIOODqeODkOODvOOCuuOCt+ODvOODs+KXhuOCt+ODq+ODkOODvOODquODs+OCsOOAkExTUjAwMzFE44CR44CQ44K344Or44OQ44O844Oq44Oz44KwIOODmuOCouODquODs+OCsCDjg5rjgqIg5oyH6LyqIOODoeODs+OCuiDjg6zjg4fjgqPjg7zjgrkg44OA44Kk44Ok44Oi44Oz44OJIOODgeOCp+ODg+OCq+ODvOafhCDjg5fjg6zjgrzjg7Pjg4gg44Oq44Oz44KwIOOCt+ODq+ODkOODvCDjgqLjgq/jgrvjgrXjg6rjg7wg44K444Ol44Ko44Oq44O8IOOCruODleODiCDlprsg44GL44KP44GE44GE44CR5q+N44Gu5pelIOOCt+ODs+ODl+ODqw==[rn]
39-1018,aHR0cDovL3RzaG9wLnIxMHMuanAvdmllYW5nZS9jYWJpbmV0L2xvdmVyc19zY2VuZS9sc3IvbHNyMDEwMHBrcm0uanBnP2ZpdGluPTcwMDo3MDA=,NjQ4MC4wMDAw,,44K444Ol44Ko44Oq44O844O744Ki44Kv44K744K144Oq44O8ID4g44Os44OH44Kj44O844K544K444Ol44Ko44Oq44O844O744Ki44Kv44K744K144Oq44O8ID4g5oyH6Lyq44O744Oq44Oz44Kw,44CQ5Yi75Y2w5a++5b+c44CR4peGTE9WRVJTIFNDRU5FIOODqeODkOODvOOCuuOCt+ODvOODs+KXhuOCt+ODq+ODkOODvOODquODs+OCsO+8iOODrOODh+OCo+ODvOOCue+8ieOAkExTUjAxMDBQS1JN44CR44CQ44K344Or44OQ44O844Oq44Oz44KwIOODmuOCouODquODs+OCsCDjg5rjgqIg5oyH6LyqIOODlOODs+OCr+OCs+ODvOODhuOCo+ODs+OCsCDjg63jgrjjgqbjg6DliqDlt6Ug44OX44Os44K844Oz44OIIOODquODs+OCsCDliLvljbDlj6/og70g44K344Or44OQ44O8IOOCuOODpeOCqOODquODvCDjgq7jg5Xjg4gg44GL44KP44GE44GE44CRICDmr43jga7ml6Ug44K344Oz44OX44Or,44Kq44K344Oj44Os44Gq77yS44OI44O844Oz44Kr44Op44O844Oq44Oz44Kw4pmqIOWIu+WNsOWvvuW/nA==,PGNlbnRlcj48YSBocmVmPSJodHRwczovL215LmJvb2ttYXJrLnJha3V0ZW4uY28uanAvP2Z1bmM9cmVnJnN2aWQ9MTAxJnNob3BfYmlkPTIwMzk0NyZpaWQ9MTAwMDExMzUmaXR5cGU9MSB0YXJnZXQ9X2JsYW5rIj48aW1nIHNyYz0iaHR0cDovL2ltYWdlLnJha3V0ZW4uY28uanAvdmllYW5nZS9jYWJpbmV0L3BfYm5yX2Zhdml0ZW0uanBnIiBib3JkZXI9IjAiIHdpZHRoPSI2NjAiIGhlaWdodD0iMTMwIj48L2E+PC9jZW50ZXI+PGJyPjxicj48ZGl2IGlkPSJkZXRhaWxfYmFzZTIiPgo8aW1nIHNyYz0iaHR0cDovL2ltYWdlLnJha3V0ZW4uY28uanAvdmllYW5nZS9jYWJpbmV0L2NhbXBhaWduL2xzX3BjX3Rva3V0ZW4uanBnImFsdD0iTE9WRVJTIFNDRU5FIOOCreODo+ODs+ODmuODvOODsyI+PGJyPjxicj4KIAo8aW1nIHNyYz0iaHR0cDovL2ltYWdlLnJha3V0ZW4uY28uanAvdmllYW5nZS9jYWJpbmV0L2xvdmVyc19zY2VuZS9sc3IvbHNyMDEwMF9pbWFnZS5qcGciIHdpZHRoPSI2NjAiIGhlaWdodD0iNDAwIiAvPgo8YnIgLz48YnIgLz4KCjxpbWcgc3JjPSJodHRwOi8vaW1hZ2UucmFrdXRlbi5jby5qcC92aWVhbmdlL2NhYmluZXQvbG92ZXJzX3NjZW5lL2xzci9sc3IwMTAwX2ltYWdlMi5qcGciIHdpZHRoPSI2NjAiIGhlaWdodD0iMTEwMCIgLz4KPGJyIC8+PGJyIC8+CjwvZGl2PgoKCjxkaXYgY2xhc3M9InNwX2dvb2RzXzEzMDVfMDkiPgoKICAgICAKICA8ZGl2IGNsYXNzPSJzcF90YW5waW5fbGVmdCI+CjxhIGhyZWY9Imh0dHA6Ly9pdGVtLnJha3V0ZW4uY28uanAvdmllYW5nZS9sc3IwMTAwcGtybS1ia3JtLyI+CjxpbWcgc3JjPSIgaHR0cDovL2ltYWdlLnJha3V0ZW4uY28uanAvdmllYW5nZS9jYWJpbmV0L2xvdmVyc19zY2VuZS9sc3IvbHNyMDEwMF9wYWlyLmpwZyIgd2lkdGg9IjIzNSIgaGVpZ2h0PSIyMzUiIGNsYXNzPSJpbWcyMCIgLz48L2E+ICAgICAgIAo8cD7jgrfjg6vjg5Djg7zjg5rjgqLjg6rjg7PjgrA8YnIgLz4KICAgICAgIOe0hDMuNm1tw5fntIQxLjZtbe+8iOW5hcOX5Y6a44G/77yJPC9wPgo8L2Rpdj4KICAgIAo8ZGl2IGNsYXNzPSJzcF90YW5waW5fcmlnaHQiPgo8YSBocmVmPSIgaHR0cDovL2l0ZW0ucmFrdXRlbi5jby5qcC92aWVhbmdlL2xzcjAxMDBia3JtLyI+CjxpbWcgc3JjPSIgaHR0cDovL2ltYWdlLnJha3V0ZW4uY28uanAvdmllYW5nZS9jYWJpbmV0L2xvdmVyc19zY2VuZS9sc3IvbHNyMDEwMF90YW5waW5fbWVucy5qcGciIHdpZHRoPSIyMzUiIGhlaWdodD0iMjM1IiBjbGFzcz0iaW1nMjAiIC8+PC9hPgogICAgICA8cD7jg6Hjg7Pjgrrjgrfjg6vjg5Djg7zjg6rjg7PjgrDvvIjkuIDpg6jjg5bjg6njg4Pjgq/jgrPjg7zjg4bjgqPjg7PjgrDvvIk8YnIgLz4KICAgICAg57SEMy42bW3Dl+e0hDEuNm1t77yI5bmFw5fljprjgb/vvIkKICAgICAgIDwvcD4KPC9kaXY+CjwvZGl2PgoKCiAgPGltZyBzcmM9Imh0dHA6Ly9pbWFnZS5yYWt1dGVuLmNvLmpwL3ZpZWFuZ2UvY2FiaW5ldC9wYXJ0cy9sc3IwNjUwXzM5LmdpZiIgY2xhc3M9ImltZzIwIiAvPgogIDxwIGNsYXNzPSJpbWcxNSI+44Oq44Oz44Kw44KS552A44GR44KI44GG44Go6ICD44GI44Gm44GE44KL5oyH44Gu5LiA55Wq5aSq44GE6YOo5YiG44Gr57O444Gq44Gp44KS5be744GE44Gm44CB77yR5ZGo5YiG44Gu5ryU57+S44Gu6ZW344GV44KS5Zuz44KK44G+44GZ44CCPGJyIC8+CiAg44GT44Gu5ris44KK5pa544Gv44GC44GP44G+44Gn57Ch5piT55qE44Gq6KiI5ris5pa55rOV44Gn44GZ44Gu44Gn44CB5q2j56K644Gr44K144Kk44K644KS5ris44KL44Gr44Gv44CB44GK6L+R44GP44Gu44Ki44Kv44K744K144Oq44O844K344On44OD44OX44Gq44Gp44Gn44CB44CO44Oq44Oz44Kw44Ky44O844K444CP44KS5L2/55So44GX44Gm6KiI5ris44GX44Gm5LiL44GV44GE44CCPC9wPgogIDxpbWcgc3JjPSJodHRwOi8vaW1hZ2UucmFrdXRlbi5jby5qcC92aWVhbmdlL2NhYmluZXQvcGFydHMvbHNyMDY1MF80MS5naWYiIHdpZHRoPSI2NjAiIGhlaWdodD0iMTY3IiBjbGFzcz0iaW1nNjAiIC8+Cgo8ZGl2IGNsYXNzPSJjYV8wMSI+CjxpbWcgc3JjPSJodHRwOi8vaW1hZ2UucmFrdXRlbi5jby5qcC92aWVhbmdlL2NhYmluZXQvd3JhcHBpbmcvd3JhcHBpbmdfdGl0bGUuanBnIiBhbHQ9IuODqeODg+ODlOODs+OCsCI+Cgo8YnI+PGJyPjxicj4KCjx0YWJsZSBib3JkZXI9IjAiIHdpZHRoPSI2NjBweCI+Cjx0cj4KPHRkPgo8aW1nIHNyYz0iaHR0cDovL2ltYWdlLnJha3V0ZW4uY28uanAvdmllYW5nZS9jYWJpbmV0L3dyYXBwaW5nL2xzX3dyYXBfMDFfMS5qcGciIGFsdD0iTE9WRVJTIFNDRU5FICDpgJrluLjjg6njg4Pjg5Tjg7PjgrAiPgo8L3RkPgo8dGQ+CjxpbWcgc3JjPSJodHRwOi8vaW1hZ2UucmFrdXRlbi5jby5qcC92aWVhbmdlL2NhYmluZXQvd3JhcHBpbmcvbHNfd3JhcF8wMi5qcGciIGFsdD0iTE9WRVJTIFNDRU5F44CA44Ko44Kz44Op44OD44OU44Oz44KwIj4KPC90ZD4KPHRkPgo8YSAgaHJlZj0iaHR0cDovL2l0ZW0ucmFrdXRlbi5jby5qcC92aWVhbmdlL2MvMDAwMDAwMDc4MS8iPjxpbWcgc3JjPSJodHRwOi8vaW1hZ2UucmFrdXRlbi5jby5qcC92aWVhbmdlL2NhYmluZXQvd3JhcHBpbmcvbHNfd3JhcF8wMy5qcGciIGFsdD0iTE9WRVJTIFNDRU5F44CA44K544Oa44K344Oj44Or44Op44OD44OU44Oz44KwIj48L2E+CjwvdGQ+CjwvdHI+CjwvdGFibGU+CjxpbWcgc3JjPSJodHRwOi8vaW1hZ2UucmFrdXRlbi5jby5qcC92aWVhbmdlL2NhYmluZXQvd3JhcHBpbmcva2lraW4uanBnIiBhbHQ9IuWkqeS9v+OBruWNteWfuumHkSI+Cgo8YSAgaHJlZj0iaHR0cDovL2l0ZW0ucmFrdXRlbi5jby5qcC92aWVhbmdlL2MvMDAwMDAwMDc5MS8iPgo8aW1nIHNyYz0iaHR0cDovL2ltYWdlLnJha3V0ZW4uY28uanAvdmllYW5nZS9jYWJpbmV0L3dyYXBwaW5nL2xzX2NhcmQuanBnIiBhbHQ9IuODoeODg+OCu+ODvOOCuOOCq+ODvOODiSI+PC9hPgoKCjxpbWcgCnNyYz0iaHR0cDovL2ltYWdlLnJha3V0ZW4uY28uanAvdmllYW5nZS9jYWJpbmV0L2NhbXBhaWduL25vYmVfbHNfNjYwLmpwZyIgd2lkdGg9IjY2MCIgaGlnaHQ9IjIwMCIgYWx0PSJMT1ZFUlMgU0NFTkUg44OO44OZ44Or44OG44KjIj48YnI+PGJyPgo8L2Rpdj48dGFibGUgYm9yZGVyPSIwIiB3aWR0aD0iMzkwIj4KICA8dGJvZHk+CiAgICA8dHI+CiAgICAgIDx0ZCBoZWlnaHQ9IjIzMSI+IDxmb250IGNvbG9yPSM2OTY5Njkgc2l6ZT0iMiI+IExPVkVSUyBTQ0VOReWumueVquOBruODgeOCp+ODg+OCr+afhOODquODs+OCsOOBq+ODlOODs+OCr+afhOOBjOaWsOeZu+WgtOOAgjwvZm9udD48YnI+CiAgICAgICAgICA8Zm9udCBjb2xvcj0jNjk2OTY5IHNpemU9IjIiPiDjgojjgorntLDjgoTjgYvjgavjgarjgaPjgZ/jg4Hjgqfjg4Pjgq/mqKHmp5jjgYzjgIHjgrnjg4bjg4fjgqPjgarpm7Dlm7LmsJfjga7kuK3jgavnuYrntLDjgarlgIvmgKfjgpLmhJ/jgZjjgZXjgZvjgb7jgZnjgII8L2ZvbnQ+PGJyPgogICAgICAgICAgPGJyPgogICAgICAgICAgPGZvbnQgY29sb3I9IzAwOTlGRiBzaXplPSIyIj4g44OW44Op44OD44Kv5p+E44Go44Gu44Oa44Ki5L2/55So44KC44Kq44K544K544Oh44Gn44GZ44CCPC9mb250Pjxicj4KICAgICAgICAgIDxicj4KICAgICAgICAgIDxmb250IGNvbG9yPSMwMDk5RkYgc2l6ZT0iMiI+44Oa44Ki5ZWG5ZOB44Gu44GK5rGC44KB44Gv44GT44Gh44KJPC9mb250Pjxicj4KICA8YnI+CiAgPGZvbnQgY29sb3I9IzY5Njk2OSBzaXplPSIyIj7ilqDntKDmnZDilqA8L2ZvbnQ+PGJyPgogICAgICAgICAgPGJyPgogICAgICAgICAgPGZvbnQgY29sb3I9IzY5Njk2OSBzaXplPSIyIj5TVjkyNe+8iOODreOCuOOCpuODoOODu+OCs+ODvOODhuOCo+ODs+OCsOOAgeS4gOmDqOODlOODs+OCr+ODu+OCs+ODvOODhuOCo+ODs+OCsO+8iTwvZm9udD48YnI+CiAgICAgICAgICA8YnI+CiAgICAgICAgICA8Zm9udCBjb2xvcj0jNjk2OTY5IHNpemU9IjIiPuKWoOWkp+OBjeOBlShtbSnilqA8L2ZvbnQ+PGJyPgogICAgICAgICAgPGJyPgogICAgICAgICAgPGZvbnQgY29sb3I9IzY5Njk2OSBzaXplPSIyIj7luYXntIQzLjbDl+WOmuOBv+e0hDEuNjwvZm9udD48YnI+CiAgICAgICAgICA8YnI+CiAgICAgICAgICA8Zm9udCBjb2xvcj0jNjk2OTY5IHNpemU9IjIiPuKWoOmHjemHj+KWoDwvZm9udD48YnI+CiAgICAgICAgICA8YnI+CiAgICAgICAgICA8Zm9udCBjb2xvcj0jNjk2OTY5IHNpemU9IjIiPue0hDMuMmc8L2ZvbnQ+PGJyPgogICAgICAgICAgPGZvbnQgY29sb3I9IzY5Njk2OSBzaXplPSItMiI+4oC744K144Kk44K644O76YeN6YeP44Gr44Gv5aSa5bCR44Gu5YCL5L2T5beu44GM5Ye644G+44GZ4oC7PC9mb250Pjxicj4KPGJyPgo8Zm9udCBjb2xvcj0iZmYwMDAwIj48Yj7jgZPjga7jg6rjg7PjgrDjga/lpYfmlbDjgrXjgqTjgrrjga7jgb/jga7jgYrlj5bjgormibHjgYTjgafjgZnjgII8YnI+CuOBvuOBn+OAgeOCteOCpOOCuuebtOOBl+OCguWHuuadpeOBvuOBm+OCk+OBruOBp+OAgeOCteOCpOOCuuOCkuOCiOOBj+OBiueiuuOBi+OCgeOBruS4iuOBlOazqOaWh+S4i+OBleOBhOOAgjwvYj48L2ZvbnQ+PGJyPgo8YnI+Cjxicj4KPGZvbnQgY29sb3I9IzAwOTlGRiBzaXplPSIyIj7ilqA8Zm9udCBzaXplPSIrMSI+PHN0cm9uZz7miYvlvavliLvljbDlr77lv5zvvIjjgqrjg5fjgrfjg6fjg7Pjg7vmnInmlpnvvIk8L3N0cm9uZz48L2ZvbnQ+4pagPC9mb250Pjxicj4KICAgICAgICAgIDxmb250IGNvbG9yPSM2OTY5Njkgc2l6ZT0iMiI+44GT44Gu5ZWG5ZOB44Gv44CB44Oq44Oz44Kw44Gu5YaF5YG044Gr5Yi75Y2wKOaWh+Wtl+WFpeOCjCnjgYzjgafjgY3jgb7jgZnjgII8L2ZvbnQ+PGJyPgo8YnI+ICAKICA8Zm9udCBjb2xvcj0jNjk2OTY5IHNpemU9IjIiPuKXj+WIu+Wtl+apn+OCkuS9v+OBo+OBpuOCr+ODqeODleODiOODnuODs+OBjOaJi+S9nOalreOBp+W9q+i+vOOCgDxzdHJvbmc+77yc5omL5b2r5Yi75Y2w77yePC9zdHJvbmc+44Go44Gq44KK44G+44GZ44CCPC9mb250Pjxicj4KICA8Zm9udCBjb2xvcj0jNjk2OTY5IHNpemU9IjIiPuKXj+abuOS9k+OBrzxzdHJvbmc+44OW44Ot44OD44Kv5L2TKOS4uOOCtOOCt+ODg+OCryk8L3N0cm9uZz7jga7jgb/jgII8L2ZvbnQ+PGJyPgogIDxicj4KICA8Zm9udCBjb2xvcj0jNjk2OTY5IHNpemU9IjIiPuKXj+S9v+eUqOWPr+iDveaWh+Wtl+ODu+iomOWPtzo8YnI+CiAgQe+9nlrjga7jgqLjg6vjg5XjgqHjg5njg4Pjg4g8c3Ryb25nPuWkp+aWh+Wtlzwvc3Ryb25nPuOAge+8kO+9nu+8meOBruiLseaVsOWtl+OAgeODj+OCpOODleODsygKICAtICnjgIHjg5Tjg6rjgqrjg4koIDxzdHJvbmc+Ljwvc3Ryb25nPiAp44CB44Ki44Oz44OJ6KiY5Y+377yIICZhbXA7ICnjgIHlsI/mloflrZfjga7jgIx0b+OAje+8iO+8keaWh+Wtl+WIhu+8ieOAgQrkuK3pu5IoIOODuyk8L2ZvbnQ+PGJyPgo8YnI+Cjxmb250IGNvbG9yPSM2OTY5Njkgc2l6ZT0iMiI+4peP5Yi75Y2w5Y+v6IO944Gq5paH5a2X5pWw44CB5Yi75Y2w5L2N572u44Gv44Oq44Oz44Kw44GU44Go44Gr55Ww44Gq44KK44G+44GZ44CCPC9mb250Pjxicj4KICAgICAgICAgIDxmb250IGNvbG9yPSNGRjAwMDAgc2l6ZT0iMiI+44GT44Gu5ZWG5ZOB44Gv44CB44Ki44Or44OV44Kh44OZ44OD44OI5aSn5paH5a2X44O76Iux5pWw5a2X5ZCI44KP44Gb44GmPGZvbnQgc2l6ZT0iNSI+PHN0cm9uZz4xOOaWh+Wtlzwvc3Ryb25nPjwvZm9udD7jgb7jgafliLvljbDlj6/og73jgafjgZnjgIIo6KiY5Y+344O744K544Oa44O844K544Gq44Gp44KC77yR5paH5a2X44Go44GX44Gm44Kr44Km44Oz44OI44GV44KM44G+44GZKTwvZm9udD48YnI+CiAgICAgICAgICA8YnI+CiAgICAgICAgICA8Zm9udCBjb2xvcj0jMDA5OUZGIHNpemU9IjIiPuKWoOWIu+WNsOaWmemHke+8mu+/pe+8ke+8jO+8le+8l++8lTxmb250IGNvbG9yPSIjNjY2NjY2Ij4o56iO6L68L+ODquODs+OCsO+8keWAi+OBq+OBpOOBjSk8YnI+CiAg5Yi75Y2w5Y+v6IO95paH5a2X5pWw5Lul5YaF44Gq44KJ5L2V5paH5a2X44Gn44KCPC9mb250PjwvZm9udD48YnI+Cjxicj4KICA8Zm9udCBjb2xvcj0jMDA5OUZGIHNpemU9IjIiPuKWoOe0jeacn++8mumAmuW4uOe0jeacn+OBq+WKoOOBiOOAgeacgOmVt+e0hO+8leWWtualreaXpeeoi+S9meWIhuOBq+OBi+OBi+OCiuOBvuOBmTwvZm9udD48YnI+CiAgPGJyPgogICAgICAgICAgPGZvbnQgY29sb3I9IzAwOTlGRiBzaXplPSIyIj7ilqDjgZTms6jmlofmlrnms5XvvJo8L2ZvbnQ+PGJyPgogICAgICAgICAgPGZvbnQgY29sb3I9IzY5Njk2OSBzaXplPSIyIj7jg5fjg6vjg4Djgqbjg7Pjg7vjg6Hjg4vjg6Xjg7zjgYvjgok8c3Ryb25nPuOAjOacieaWmeWIu+WNsOW4jOacm+OAjTwvc3Ryb25nPuOCkuOBlOmBuOaKnuOBj+OBoOOBleOBhOOAguazqOaWh+eUu+mdouOBruOAjOOBiuW6l+OBuOOBruODoeODg+OCu+ODvOOCuOOAjeashOOBqzxzdHJvbmc+5Yi75Y2w5YaF5a65PC9zdHJvbmc+44KS44GK5pu444GN5LiL44GV44GE77yI5ZWG5ZOB44KSMuWAi+S7peS4iuWQjOaZguOBq+OBiuiyt+OBhOaxguOCgeOBhOOBn+OBoOOBhOOBn+WgtOWQiOOBr+OAgeWIu+WNsOWvvuixoeWVhuWTgeOBjOOCj+OBi+OCi+OCiOOBhuOAgTxzdHJvbmc+5ZWG5ZOB55Wq5Y+3PC9zdHJvbmc+44KC44GU5L216KiY6aGY44GE44G+44GZ77yJ44CCPC9mb250Pjxicj4KICA8YnI+CiAgICAgICAgICA8Zm9udCBjb2xvcj0jNjk2OTY5IHNpemU9IjIiPuWIu+WNsOaWmemHkeOBr+OAgeOBlOazqOaWh+WGheWuueeiuuiqjeaZguOBq+WVhuWTgeS7o+mHkeOBq+WKoOeul+OBleOBm+OBpuOBhOOBn+OBoOOBjeOBvuOBmeOAguOBlOazqOaWh+WPl+eQhuW+jOOBq+OBiumAgeOCiuOBmeOCi+OCteODs+OCr+OCueODoeODvOODq+OBq+OBpuWPjeaYoOOBleOCjOOBvuOBmeOBruOBp+OBlOeiuuiqjeOBj+OBoOOBleOBhOOAgiA8L2ZvbnQ+PGJyPgogICAgICAgICAgPGJyPgo8L1REPgogICAgPC9UUj4KICA8L1RCT0RZPgo8L1RBQkxFPjwhLS3ilrzilrwg5bem5biv44Oq44Oz44Kv44GC44KKIOKWvOKWvC0tPgoKPGRpdiBpZD0iaGlkYXJpLW9iaSI+Cgo8c3R5bGU+CiNoaWRhcmktb2JpIHsKcG9zaXRpb246IGFic29sdXRlOwp0b3A6MHB4OwpsZWZ0OjEwcHg7CmJhY2tncm91bmQ6IHVybCgiaHR0cHM6Ly9pbWFnZS5yYWt1dGVuLmNvLmpwL3ZpZWFuZ2UvY2FiaW5ldC9jYW1wYWlnbi9zY2Jucl8wNTE1LmpwZyIpIHJlcGVhdC15IGxlZnQgdG9wIDsKfQojaGlkYXJpLW9iaSBhIHsKZGlzcGxheTogYmxvY2s7CmhlaWdodDo5MzAwcHg7Lyrjg5rjg7zjgrjlhajkvZPjga7pq5jjgZUqLwp3aWR0aDogMTQwcHg7LyrluK/jga7luYUqLwp9Cjwvc3R5bGU+Cgo8L2Rpdj4KCgoKPCEtLeKWvOKWvCDlt6bluK/jg6rjg7Pjgq/jgarjgZcg4pa84pa8LS0+CgoKCgo8IS0t4pa84pa8IOW3puW4r+ODquODs+OCr+OBquOBlyDilrzilrwtLT4KCjwhLS0KPHN0eWxlIHR5cGU9InRleHQvY3NzIj4KYm9keXsKYmFja2dyb3VuZC1pbWFnZTogdXJsKCJodHRwOi8vaW1hZ2UucmFrdXRlbi5jby5qcC92aWVhbmdlL2NhYmluZXQvY2FtcGFpZ24vYm5yXzEwMTIuanBnIik7CmJhY2tncm91bmQtcmVwZWF0OiByZXBlYXQteTsKYmFja2dyb3VuZC1hdHRhY2htZW50OiBzY3JvbGw7CmJhY2tncm91bmQtcG9zaXRpb246bGVmdAp9Cjwvc3R5bGU+Ci0tPgoKCgoKPHN0eWxlIHR5cGU9InRleHQvY3NzIj4KCi8qIOOBiuawl+OBq+WFpeOCiuWVhuWTgSAqLwoKI3Jha3V0ZW5MaW1pdGVkSWRfYXJvdW5kQ2FydCAjc2VydmljZVRhYmxlU21sIHRkLmZhdm9yaXRlIHsKCnBhZGRpbmctdG9wOiA1cHg7Cgp9CgojcmFrdXRlbkxpbWl0ZWRJZF9hcm91bmRDYXJ0IGRpdi5ib29rbWFya0FyZWEgZGl2LmJrbSB7Cgp3aWR0aDogMjkxcHggIWltcG9ydGFudDsKCmhlaWdodDozM3B4ICFpbXBvcnRhbnQ7CgpwYWRkaW5nOiAwcHggMHB4IDEwcHggMHB4ICFpbXBvcnRhbnQ7Cgp9CgojcmFrdXRlbkxpbWl0ZWRJZF9hcm91bmRDYXJ0IGRpdi5ib29rbWFya0FyZWEgZGl2LmJrbSBhLmFkZEJrbSB7Cgp3aWR0aDogMjkxcHggIWltcG9ydGFudDsKCmhlaWdodDozM3B4ICFpbXBvcnRhbnQ7Cgp9CgojcmFrdXRlbkxpbWl0ZWRJZF9hcm91bmRDYXJ0IGRpdi5ib29rbWFya0FyZWEgZGl2LmJrbSBhLmFkZEJrbSBzcGFuLmJrbVN0YXIgewoKZGlzcGxheTogaW5saW5lLWJsb2NrICFpbXBvcnRhbnQ7Cgp3aWR0aDogMjkxcHggIWltcG9ydGFudDsKCmhlaWdodDozM3B4ICFpbXBvcnRhbnQ7CgptYXJnaW46MHB4IDBweCAxMHB4IDBweCAhaW1wb3J0YW50OwoKYmFja2dyb3VuZDogdXJsKCJodHRwOi8vaW1hZ2UucmFrdXRlbi5jby5qcC92aWVhbmdlL2NhYmluZXQvYm5yX2Zhdml0ZW0uanBnIikgbm8tcmVwZWF0ICFpbXBvcnRhbnQ7Cgp9CgogCgovKiDjgYrmsJfjgavlhaXjgorjgrfjg6fjg4Pjg5cgKi8KCmRpdi5ib29rbWFya0FyZWEgewoKd2lkdGg6IDI5MXB4ICFpbXBvcnRhbnQ7Cgp9CgojcmFrdXRlbkxpbWl0ZWRJZF9hcm91bmRDYXJ0IGRpdi5zaG9wQm9va21hcmtBcmVhIGRpdi5zaG9wQmttIHsKCndpZHRoOiAyOTFweCAhaW1wb3J0YW50OwoKaGVpZ2h0OjMzcHggIWltcG9ydGFudDsKCnBhZGRpbmc6IDBweCAwcHggIWltcG9ydGFudDsKCnBhZGRpbmctbGVmdDogMHB4ICFpbXBvcnRhbnQ7Cgp9CgojcmFrdXRlbkxpbWl0ZWRJZF9hcm91bmRDYXJ0IGRpdi5zaG9wQm9va21hcmtBcmVhIGRpdi5zaG9wQmttIGEuYWRkU2hvcEJrbSBzcGFuLnNob3BCa21TdGFyIHsKCmRpc3BsYXk6IGlubGluZS1ibG9jayAhaW1wb3J0YW50OwoKd2lkdGg6IDI5MXB4ICFpbXBvcnRhbnQ7CgpoZWlnaHQ6MzNweCAhaW1wb3J0YW50OwoKbWFyZ2luLXJpZ2h0OiAwcHggIWltcG9ydGFudDsKCmJhY2tncm91bmQ6IHVybCgiaHR0cDovL2ltYWdlLnJha3V0ZW4uY28uanAvdmllYW5nZS9jYWJpbmV0L2Jucl9mYXZzaG9wLmpwZyIpIG5vLXJlcGVhdCAhaW1wb3J0YW50OwoKfQo8L3N0eWxlPgoKCgoKPGRpdiBpZD0icHJlc2VudF9iYXNlIiBjbGFzcz0iY2xlYXJmaXgiPgogICA8ZGl2IGNsYXNzPSJwcmVzZW50X2ltZyI+PGltZyBzcmM9Imh0dHA6Ly9pbWFnZS5yYWt1dGVuLmNvLmpwL3ZpZWFuZ2UvY2FiaW5ldC90bWcvZm9vdF9wcmUwMS5naWYiIGFsdD0i5aSn5YiH44Gq44GC44Gu5Lq644Gr57Sg5pW144Gq44OX44Os44K844Oz44OIIiB3aWR0aD0iMTk5IiBoZWlnaHQ9IjI5NSIgLz48L2Rpdj4KICAgPGRpdiBjbGFzcz0icHJlc2VudF90eHQiPjxwPuW9k+W6l+OBr+OAgeS6uuawl+OCouOCr+OCu+OCteODquODvOODluODqeODs+ODieOAjOWkqeS9v+OBruWNteOAjeOChOOAjOacquadpeWkqeS9v+OAjeOCkuOBr+OBmOOCgeOAgeiqleeUn+efs+OBruODmuODs+ODgOODs+ODiOOChOODquODs+OCsOOBquOBqeOAgeODl+ODrOOCvOODs+ODiOOBq+ODlOODg+OCv+ODquOBquOCouOCr+OCu+OCteODquODvOOCkuWPluaJseOBhumAmuiyqeOCt+ODp+ODg+ODl+OBp+OBmeOAgjwvcD48YnIgLz4K44CM5YSq44GX44GE5YWJ44Gr44Gk44Gk44G+44KM44KL5rC46YGg44Gu5ZG944CN44KS6KGo54++44GX44Gf44Kz44Oz44K744OX44OI44K444Ol44Ko44Oq44O844CM5pyq5p2l5aSp5L2/44CN44Gv5pyq5p2l44Gr5ZCR44GR44Gm6Lyd44GR44KL5ZG944Gu44GZ44Gw44KJ44GX44GV44KS5aSa5b2p44Gq44OG44O844Oe44O744OH44K244Kk44Oz44Gn6KGo54++44GX44Gm44GE44G+44GZ44CCPGJyIC8+CuOBneOCk+OBquacquadpeWkqeS9v+OBi+OCieOBruODl+ODrOOCvOODs+ODiOOBqOOBhOOBhuOCs+ODs+OCu+ODl+ODiOOBp+S9nOOCieOCjOOBn+OAjOWkqeS9v+OBruWNteOAjeOBr+OAgeOAjOiqleeUn+OBruWWnOOBs+OAjeOChOOAjOeUn+OBjeOCi+OBk+OBqOOBruaEn+WLleOBqOiznuizm+OAjeOCkuODhuODvOODnuOBqOOBl+OBpuWJteOCieOCjOOAgeWNteOBqOe+veOBruODkOODqeODs+OCueOBruiJr+OBhOOChOOBleOBl+OBhOODh+OCtuOCpOODs+OBjOaEm+OBleOCjOOBpuOBhOOCi+ODreODs+OCsOOCu+ODqeODvOOBruS6uuawl+OCouOCr+OCu+OCteODquODvOOBp+OBmeOAguaYr+mdnuOAgeWkp+WIh+OBquS6uuOBuOOBruODl+ODrOOCvOODs+ODiOetieOBq+OCguOBlOa0u+eUqOS4i+OBleOBhO+8gTwvZGl2Pgo8L2Rpdj4KCgoKCgo8IS0t4pa84pa84pa844Os44OT44Ol44O844O75rOo5paH54q25rOB4pa84pa84pa8LS0+ICAgCgogICAgICAgICAgICA8aDI+PGltZyBzcmM9Imh0dHA6Ly93d3cucmFrdXRlbi5uZS5qcC9nb2xkL3ZpZWFuZ2UvaW1nL3RpdGxlXzA2LmpwZyIgYWx0PSLjg6zjg5Pjg6Xjg7wiIHdpZHRoPSI2ODgiIGhlaWdodD0iNzAiIC8+PC9oMj4KICAgICAgICAgICAgPGJyPjxicj4KICAKCSAgPGJyPiA8YnI+IDxicj4gCiAgICAgICAgICAgICAgICAgIDxoMj48aW1nIHNyYz0iaHR0cDovL3d3dy5yYWt1dGVuLm5lLmpwL2dvbGQvdmllYW5nZS9pbWcvdGl0bGVfMDcuanBnIiBhbHQ9IuazqOaWh+eKtuazgSIgd2lkdGg9IjY4OCIgaGVpZ2h0PSI3MCIgLz48L2gyPgogICAgICAgICAgICAgICAgICAgICAgICAgICAgICA8YnI+IDxicj4gCjxicj4gPGJyPiA8YnI+,44CQ5Yi75Y2w5a++5b+c44CR4peGTE9WRVJTIFNDRU5FIOODqeODkOODvOOCuuOCt+ODvOODs+KXhuOCt+ODq+ODkOODvOODquODs+OCsO+8iOODrOODh+OCo+ODvOOCue+8ieOAkExTUjAxMDBQS1JN44CR44CQ44K344Or44OQ44O844Oq44Oz44KwIOODmuOCouODquODs+OCsCDjg5rjgqIg5oyH6LyqIOODlOODs+OCr+OCs+ODvOODhuOCo+ODs+OCsCDjg63jgrjjgqbjg6DliqDlt6Ug44OX44Os44K844Oz44OIIOODquODs+OCsCDliLvljbDlj6/og70g44K344Or44OQ44O8IOOCuOODpeOCqOODquODvCDjgq7jg5Xjg4gg44GL44KP44GE44GE44CRICDmr43jga7ml6Ug44K344Oz44OX44Or77ya5aSp5L2/44Gu5Y21IHdpdGggTE9WRVJTIFNDRU5F,5aSp5L2/44Gu5Y215pyq5p2l5aSp5L2/44K544Oa44O844K544Kv44Oq44Ko44O844K/44O844K444Ol44Ko44Oq44O844K344Or44OQ44O844Ki44Kv44K744K144Oq44O844OU44Oz44Kv44K344Or44OQ44O844ON44OD44Kv44Os44K555u05Za25bqX44Kv44Oq44K544Oe44K56ZmQ5a6a44Oa44Oz44OA44Oz44OI5oyH6Lyq44OU44Ki44K544OX44Os44K844Oz44OI44OZ44OT44O844K544OX44O844Oz44Os44OH44Kj44O844K544Op44OQ44O844K644K344O844Oz57WQ5ama5oyH6Lyq44Oa44Ki44Oq44Oz44Kw6KqV55Sf55+z44CQ5Yi75Y2w5a++5b+c44CR4peGTE9WRVJTIFNDRU5FIOODqeODkOODvOOCuuOCt+ODvOODs+KXhuOCt+ODq+ODkOODvOODquODs+OCsO+8iOODrOODh+OCo+ODvOOCue+8ieOAkExTUjAxMDBQS1JN44CR44CQ44K344Or44OQ44O844Oq44Oz44KwIOODmuOCouODquODs+OCsCDjg5rjgqIg5oyH6LyqIOODlOODs+OCr+OCs+ODvOODhuOCo+ODs+OCsCDjg63jgrjjgqbjg6DliqDlt6Ug44OX44Os44K844Oz44OIIOODquODs+OCsCDliLvljbDlj6/og70g44K344Or44OQ44O8IOOCuOODpeOCqOODquODvCDjgq7jg5Xjg4gg44GL44KP44GE44GE44CRICDmr43jga7ml6Ug44K344Oz44OX44Or,44Kq44K344Oj44Os44Gq77yS44OI44O844Oz44Kr44Op44O844Oq44Oz44Kw4pmqIOWIu+WNsOWvvuW/nOOAguOAkOWIu+WNsOWvvuW/nOOAkeKXhkxPVkVSUyBTQ0VORSDjg6njg5Djg7zjgrrjgrfjg7zjg7Pil4bjgrfjg6vjg5Djg7zjg6rjg7PjgrDvvIjjg6zjg4fjgqPjg7zjgrnvvInjgJBMU1IwMTAwUEtSTeOAkeOAkOOCt+ODq+ODkOODvOODquODs+OCsCDjg5rjgqLjg6rjg7PjgrAg44Oa44KiIOaMh+i8qiDjg5Tjg7Pjgq/jgrPjg7zjg4bjgqPjg7PjgrAg44Ot44K444Km44Og5Yqg5belIOODl+ODrOOCvOODs+ODiCDjg6rjg7PjgrAg5Yi75Y2w5Y+v6IO9IOOCt+ODq+ODkOODvCDjgrjjg6Xjgqjjg6rjg7wg44Ku44OV44OIIOOBi+OCj+OBhOOBhOOAkSAg5q+N44Gu5pelIOOCt+ODs+ODl+ODqw==[rn]
39-1019,aHR0cDovL3RzaG9wLnIxMHMuanAvdmllYW5nZS9jYWJpbmV0L2xvdmVyc19zY2VuZS9sc3IvbHNyMDA5OWxkcGsuanBnP2ZpdGluPTcwMDo3MDA=,NjczOS4yMDAw,,44K444Ol44Ko44Oq44O844O744Ki44Kv44K744K144Oq44O8ID4g44Os44OH44Kj44O844K544K444Ol44Ko44Oq44O844O744Ki44Kv44K744K144Oq44O8ID4g5oyH6Lyq44O744Oq44Oz44Kw,44CQ5Yi75Y2w5a++5b+c44CR4peGTE9WRVJTIFNDRU5FIOODqeODkOODvOOCuuOCt+ODvOODs+KXhuOCt+ODq+ODkOODvOODquODs+OCsO+8iOODrOODh+OCo+ODvOOCue+8ieOAkExTUjAwOTlMRFBL44CR44CQ44K344Or44OQ44O844Oq44Oz44KwIOODmuOCouODquODs+OCsCDjg5rjgqIg5oyH6LyqIOODlOODs+OCr+OCtOODvOODq+ODiSDjg4/jg7zjg4gg44OX44Os44K844Oz44OIIOODquODs+OCsCDjgrfjg6vjg5Djg7wg44Ki44Kv44K744K144Oq44O8IOOCuOODpeOCqOODquODvCDlnosg44Ku44OV44OIIOOBi+OCj+OBhOOBhOOAkSAg5q+N44Gu5pelIOOCt+ODs+ODl+ODqw==,44OP44O844OI44GM5rWu44GL44Gz5LiK44GM44KL5Lq65rCX44Gu44Oa44Ki44Oq44Oz44KwICDjg6zjg4fjgqPjg7zjgrkg5Y2Y5ZOB,PGNlbnRlcj48YSBocmVmPSJodHRwczovL215LmJvb2ttYXJrLnJha3V0ZW4uY28uanAvP2Z1bmM9cmVnJnN2aWQ9MTAxJnNob3BfYmlkPTIwMzk0NyZpaWQ9MTAwMDExMzEmaXR5cGU9MSB0YXJnZXQ9X2JsYW5rIj48aW1nIHNyYz0iaHR0cDovL2ltYWdlLnJha3V0ZW4uY28uanAvdmllYW5nZS9jYWJpbmV0L3BfYm5yX2Zhdml0ZW0uanBnIiBib3JkZXI9IjAiIHdpZHRoPSI2NjAiIGhlaWdodD0iMTMwIj48L2E+PC9jZW50ZXI+PGJyPjxicj48ZGl2IGlkPSJkZXRhaWxfYmFzZTIiPgo8aW1nIHNyYz0iaHR0cDovL2ltYWdlLnJha3V0ZW4uY28uanAvdmllYW5nZS9jYWJpbmV0L2NhbXBhaWduL2xzX3BjX3Rva3V0ZW4uanBnImFsdD0iTE9WRVJTIFNDRU5FIOOCreODo+ODs+ODmuODvOODsyI+PGJyPjxicj4KCiAKPGltZyBzcmM9Imh0dHA6Ly9pbWFnZS5yYWt1dGVuLmNvLmpwL3ZpZWFuZ2UvY2FiaW5ldC9sb3ZlcnNfc2NlbmUvbHNyL2xzcjAwOTlfaW1hZ2UuanBnIiB3aWR0aD0iNjYwIiBoZWlnaHQ9IjQwMCIgLz4KPGJyIC8+PGJyIC8+Cgo8aW1nIHNyYz0iaHR0cDovL2ltYWdlLnJha3V0ZW4uY28uanAvdmllYW5nZS9jYWJpbmV0L2xvdmVyc19zY2VuZS9sc3IvbHNyMDA5OV9pbWFnZTIuanBnIiB3aWR0aD0iNjYwIiBoZWlnaHQ9IjExMTAiIC8+CjxiciAvPjxiciAvPgo8L2Rpdj4KCjxkaXYgY2xhc3M9InNwX2dvb2RzXzEzMDVfMDkiPgoKICAgICAKICA8ZGl2IGNsYXNzPSJzcF90YW5waW5fbGVmdCI+CjxhIGhyZWY9Imh0dHA6Ly9pdGVtLnJha3V0ZW4uY28uanAvdmllYW5nZS9sc3IwMDk5bGRway1tYmsvIj4KPGltZyBzcmM9IiBodHRwOi8vaW1hZ2UucmFrdXRlbi5jby5qcC92aWVhbmdlL2NhYmluZXQvbG92ZXJzX3NjZW5lL2xzci9sc3IwMDk5X3BhaXIuanBnIiB3aWR0aD0iMjM1IiBoZWlnaHQ9IjIzNSIgY2xhc3M9ImltZzIwIiAvPjwvYT4gICAgICAgCjxwPuOCt+ODq+ODkOODvOODmuOCouODquODs+OCsO+8iOODgOOCpOODpOODouODs+ODieWFpeOCiu+8iTxiciAvPgogICAgICAgPC9wPgo8L2Rpdj4KICAgIAo8ZGl2IGNsYXNzPSJzcF90YW5waW5fcmlnaHQiPgo8YSBocmVmPSIgaHR0cDovL2l0ZW0ucmFrdXRlbi5jby5qcC92aWVhbmdlL2xzcjAwOTltYmsvIj4KPGltZyBzcmM9Imh0dHA6Ly9pbWFnZS5yYWt1dGVuLmNvLmpwL3ZpZWFuZ2UvY2FiaW5ldC9sb3ZlcnNfc2NlbmUvbHNyL2xzcjAwOTlfdGFucGluX21lbnMuanBnIiB3aWR0aD0iMjM1IiBoZWlnaHQ9IjIzNSIgY2xhc3M9ImltZzIwIiAvPjwvYT4KPHA+44Oh44Oz44K644K344Or44OQ44O844Oq44Oz44Kw77yI44OA44Kk44Ok44Oi44Oz44OJ5YWl44KK77yJPGJyIC8+CiAgICAgIOe0hDIuNW1tw5fntIQxLjhtbe+8iOW5hcOX5Y6a44G/77yJCiAgICAgICA8L3A+CjwvZGl2Pgo8L2Rpdj4KCgogIDxpbWcgc3JjPSJodHRwOi8vaW1hZ2UucmFrdXRlbi5jby5qcC92aWVhbmdlL2NhYmluZXQvcGFydHMvbHNyMDY1MF8zOS5naWYiIGNsYXNzPSJpbWcyMCIgLz4KICA8cCBjbGFzcz0iaW1nMTUiPuODquODs+OCsOOCkuedgOOBkeOCiOOBhuOBqOiAg+OBiOOBpuOBhOOCi+aMh+OBruS4gOeVquWkquOBhOmDqOWIhuOBq+ezuOOBquOBqeOCkuW3u+OBhOOBpuOAge+8keWRqOWIhuOBrua8lOe/kuOBrumVt+OBleOCkuWbs+OCiuOBvuOBmeOAgjxiciAvPgogIOOBk+OBrua4rOOCiuaWueOBr+OBguOBj+OBvuOBp+ewoeaYk+eahOOBquioiOa4rOaWueazleOBp+OBmeOBruOBp+OAgeato+eiuuOBq+OCteOCpOOCuuOCkua4rOOCi+OBq+OBr+OAgeOBiui/keOBj+OBruOCouOCr+OCu+OCteODquODvOOCt+ODp+ODg+ODl+OBquOBqeOBp+OAgeOAjuODquODs+OCsOOCsuODvOOCuOOAj+OCkuS9v+eUqOOBl+OBpuioiOa4rOOBl+OBpuS4i+OBleOBhOOAgjwvcD4KICA8aW1nIHNyYz0iaHR0cDovL2ltYWdlLnJha3V0ZW4uY28uanAvdmllYW5nZS9jYWJpbmV0L3BhcnRzL2xzcjA2NTBfNDEuZ2lmIiB3aWR0aD0iNjYwIiBoZWlnaHQ9IjE2NyIgY2xhc3M9ImltZzYwIiAvPgoKPGRpdiBjbGFzcz0iY2FfMDEiPgo8aW1nIHNyYz0iaHR0cDovL2ltYWdlLnJha3V0ZW4uY28uanAvdmllYW5nZS9jYWJpbmV0L3dyYXBwaW5nL3dyYXBwaW5nX3RpdGxlLmpwZyIgYWx0PSLjg6njg4Pjg5Tjg7PjgrAiPgoKPGJyPjxicj48YnI+Cgo8dGFibGUgYm9yZGVyPSIwIiB3aWR0aD0iNjYwcHgiPgo8dHI+Cjx0ZD4KPGltZyBzcmM9Imh0dHA6Ly9pbWFnZS5yYWt1dGVuLmNvLmpwL3ZpZWFuZ2UvY2FiaW5ldC93cmFwcGluZy9sc193cmFwXzAxXzEuanBnIiBhbHQ9IkxPVkVSUyBTQ0VORSAg6YCa5bi444Op44OD44OU44Oz44KwIj4KPC90ZD4KPHRkPgo8aW1nIHNyYz0iaHR0cDovL2ltYWdlLnJha3V0ZW4uY28uanAvdmllYW5nZS9jYWJpbmV0L3dyYXBwaW5nL2xzX3dyYXBfMDIuanBnIiBhbHQ9IkxPVkVSUyBTQ0VOReOAgOOCqOOCs+ODqeODg+ODlOODs+OCsCI+CjwvdGQ+Cjx0ZD4KPGEgIGhyZWY9Imh0dHA6Ly9pdGVtLnJha3V0ZW4uY28uanAvdmllYW5nZS9jLzAwMDAwMDA3ODEvIj48aW1nIHNyYz0iaHR0cDovL2ltYWdlLnJha3V0ZW4uY28uanAvdmllYW5nZS9jYWJpbmV0L3dyYXBwaW5nL2xzX3dyYXBfMDMuanBnIiBhbHQ9IkxPVkVSUyBTQ0VOReOAgOOCueODmuOCt+ODo+ODq+ODqeODg+ODlOODs+OCsCI+PC9hPgo8L3RkPgo8L3RyPgo8L3RhYmxlPgo8aW1nIHNyYz0iaHR0cDovL2ltYWdlLnJha3V0ZW4uY28uanAvdmllYW5nZS9jYWJpbmV0L3dyYXBwaW5nL2tpa2luLmpwZyIgYWx0PSLlpKnkvb/jga7ljbXln7rph5EiPgoKPGEgIGhyZWY9Imh0dHA6Ly9pdGVtLnJha3V0ZW4uY28uanAvdmllYW5nZS9jLzAwMDAwMDA3OTEvIj4KPGltZyBzcmM9Imh0dHA6Ly9pbWFnZS5yYWt1dGVuLmNvLmpwL3ZpZWFuZ2UvY2FiaW5ldC93cmFwcGluZy9sc19jYXJkLmpwZyIgYWx0PSLjg6Hjg4Pjgrvjg7zjgrjjgqvjg7zjg4kiPjwvYT4KCgo8aW1nIApzcmM9Imh0dHA6Ly9pbWFnZS5yYWt1dGVuLmNvLmpwL3ZpZWFuZ2UvY2FiaW5ldC9jYW1wYWlnbi9ub2JlX2xzXzY2MC5qcGciIHdpZHRoPSI2NjAiIGhpZ2h0PSIyMDAiIGFsdD0iTE9WRVJTIFNDRU5FIOODjuODmeODq+ODhuOCoyI+PGJyPjxicj4KPC9kaXY+Cjx0YWJsZSB3aWR0aD0iMzkwIiBib3JkZXI9IjAiPgogIDx0cj4KICAgIDx0ZD48Zm9udCBjb2xvcj0jNjk2OTY5IHNpemU9IjIiPuOAkExvdmVycyBTc2NlbmUg44K344Or44OQ44O844Oa44Ki44Oq44Oz44Kw44CRPGJyPgogICAgICAgIDxmb250IGNvbG9yPSIjMDA5OUZGIj7lkIjjgo/jgZvjgovjgajjg4/jg7zjg4jjga7jg6Ljg4Hjg7zjg5XjgpLjgYvjgZ/jganjgovjg5rjgqLjg6rjg7PjgrDjga7jg6zjg4fjgqPjg7zjgrnljZjlk4HjgII8L2ZvbnQ+PGZvbnQgY29sb3I9IzY5Njk2OSBzaXplPSIyIj48Zm9udCBjb2xvcj0iIzAwOTlGRiI+JnF1b3Q7VFJVRQogICAgICAgIExPVkUgRk9SRVZFUiZxdW90OyjnnJ/lrp/jga7mhJvjga/msLjkuYXjgavvvInjga7liLvljbDjgYzmlr3jgZXjgozjgabjgYTjgb7jgZnjgII8L2ZvbnQ+PC9mb250PjwvZm9udD48L3RkPgogIDwvdHI+CjwvdGFibGU+Cjx0YWJsZSB3aWR0aD0iMzkwIiBib3JkZXI9IjAiPgogIDx0cj4KICAgIDx0ZCB3aWR0aD0iMTI1Ij4mbmJzcDs8L3RkPgogICAgPHRkIHdpZHRoPSIxMzYiPiZuYnNwOzwvdGQ+CiAgICA8dGQgd2lkdGg9IjExNSI+Jm5ic3A7PC90ZD4KICA8L3RyPgogIDx0cj4KICAgIAogICAgPHRkPjxkaXYgYWxpZ249ImNlbnRlciI+PGltZyBzcmM9Imh0dHA6Ly9pbWFnZS5yYWt1dGVuLmNvLmpwL3ZpZWFuZ2UvY2FiaW5ldC9sb3ZlcnNfc2NlbmUvbHNyL2xzcjAwOTltYmtfMTAwLmpwZyIgYWx0PSLjg6Hjg7PjgrrljZjkvZMiIHdpZHRoPSIxMDAiIGhlaWdodD0iMTAwIiBib3JkZXI9IjAiPjwvZGl2PgogICAgPC90ZD4KICAgIDx0ZD48ZGl2IGFsaWduPSJjZW50ZXIiPjxpbWcgc3JjPSJodHRwOi8vaW1hZ2UucmFrdXRlbi5jby5qcC92aWVhbmdlL2NhYmluZXQvbG92ZXJzX3NjZW5lL2xzci9sc3IwMDk5bGRwa21ia18xMDAuanBnIiBhbHQ9IuODmuOCouODquODs+OCsCIgd2lkdGg9IjEwMCIgaGVpZ2h0PSIxMDAiIGJvcmRlcj0iMCI+PC9kaXY+CiAgICA8L3RkPgogIDwvdHI+CiAgPHRyPgogICAgCiAgICA8dGQ+PGRpdiBhbGlnbj0iY2VudGVyIj48Zm9udCBzaXplPSItMSI+44Oh44Oz44K65Y2Y5ZOBPC9mb250PjwvZGl2PgogICAgPC90ZD4KICAgIDx0ZD48ZGl2IGFsaWduPSJjZW50ZXIiPjxmb250IHNpemU9Ii0xIj7jg5rjgqLosqnlo7I8L2ZvbnQ+PC9kaXY+CiAgICA8L3RkPgogIDwvdHI+CjwvdGFibGU+Cjx0YWJsZSB3aWR0aD0iMzkwIiBib3JkZXI9IjAiPgogIDx0cj4KICAgIDx0ZCB3aWR0aD0iODkiPiZuYnNwOzwvdGQ+CiAgICA8dGQgd2lkdGg9IjI5MSI+Jm5ic3A7PC90ZD4KICA8L3RyPgogIDx0cj4KICAgIDx0ZD48Zm9udCBjb2xvcj0jNjk2OTY5IHNpemU9IjIiPuKWoOOAgOe0oOadkOOAgOKWoDwvZm9udD48L3RkPgogICAgPHRkPiZuYnNwOzwvdGQ+CiAgPC90cj4KPC90YWJsZT4KPHRhYmxlIHdpZHRoPSIzOTAiIGJvcmRlcj0iMCI+CiAgPHRyPgogICAgPHRkIHdpZHRoPSI4OSI+PGRpdiBhbGlnbj0icmlnaHQiPjxmb250IGNvbG9yPSIjNjk2OTY5IiBzaXplPSIyIj7jg6zjg4fjgqPjg7zjgrnvvJo8L2ZvbnQ+PC9kaXY+PC90ZD4KICAgIDx0ZCB3aWR0aD0iMjkxIj48Zm9udCBjb2xvcj0jNjk2OTY5IHNpemU9IjIiPlNWOTI1KOODlOODs+OCr+OCtOODvOODq+ODieOCs+ODvOODhuOCo+ODs+OCsO+8iS/jg4DjgqTjg6Tjg6Ljg7Pjg4kmbmJzcDsoMC4wMWN0KTwvZm9udD48L3RkPgogIDwvdHI+CiAgPHRyPgogICAgPHRkPiZuYnNwOzwvdGQ+CiAgICA8dGQ+Jm5ic3A7PC90ZD4KICA8L3RyPgo8L3RhYmxlPgo8dGFibGUgd2lkdGg9IjM5MCIgYm9yZGVyPSIwIj4KICA8dHI+CiAgICA8dGQ+PGZvbnQgY29sb3I9IzY5Njk2OSBzaXplPSIyIj7ilqAg5aSn44GN44GVKG1tKSDilqA8L2ZvbnQ+PC90ZD4KICA8L3RyPgo8L3RhYmxlPgo8dGFibGUgd2lkdGg9IjM5MCIgYm9yZGVyPSIwIj4KICA8dHI+CiAgICA8dGQgd2lkdGg9Ijg3Ij4mbmJzcDs8L3RkPgogICAgPHRkIHdpZHRoPSIyOTMiPjxmb250IGNvbG9yPSM2OTY5Njkgc2l6ZT0iMiI+44Os44OH44Kj44O844K577ya5bmF57SEMi41w5fljprjgb/ntIQyLjA8L2ZvbnQ+PC90ZD4KICA8L3RyPgo8L3RhYmxlPgo8dGFibGUgd2lkdGg9IjM5MCIgYm9yZGVyPSIwIj4KICA8dHI+CiAgICA8dGQgd2lkdGg9Ijg3Ij4mbmJzcDs8L3RkPgogICAgPHRkIHdpZHRoPSIyOTMiPiZuYnNwOzwvdGQ+CiAgPC90cj4KPC90YWJsZT4KPHRhYmxlIHdpZHRoPSIzOTAiIGJvcmRlcj0iMCI+CiAgPHRyPgogICAgPHRkIHdpZHRoPSI4OSI+PGZvbnQgY29sb3I9IzY5Njk2OSBzaXplPSIyIj7ilqDjgIDph43ph4/jgIDilqA8L2ZvbnQ+PC90ZD4KICAgIDx0ZCB3aWR0aD0iMjkxIj4mbmJzcDs8L3RkPgogIDwvdHI+CjwvdGFibGU+Cjx0YWJsZSB3aWR0aD0iMzkwIiBib3JkZXI9IjAiPgogIDx0cj4KICAgIDx0ZCB3aWR0aD0iODkiPiZuYnNwOzwvdGQ+CiAgICA8dGQgd2lkdGg9IjI5MSI+PGZvbnQgY29sb3I9IzY5Njk2OSBzaXplPSIyIj7jg6zjg4fjgqPjg7zjgrnvvJrntIQyLjFnPC9mb250PjwvdGQ+CiAgPC90cj4KICA8dHI+CiAgICA8dGQ+Jm5ic3A7PC90ZD4KICAgIDx0ZD48Zm9udCBjb2xvcj0iIzAwOTlGRiIgc2l6ZT0iMSI+4oC75aSn44GN44GV44O76YeN44GV44Gr44Gv5aSa5bCR44Gu5YCL5L2T5beu44GM55Sf44GY44G+44GZPC9mb250PjwvdGQ+CiAgPC90cj4KPC90YWJsZT4KPHRhYmxlIHdpZHRoPSIzOTAiIGJvcmRlcj0iMCI+CiAgPHRyPgogICAgPHRkIHdpZHRoPSI4OCIgaGVpZ2h0PSIxNSI+PGZvbnQgY29sb3I9IzY5Njk2OSBzaXplPSIyIj7ilqDopo/lrprjgrXjgqTjgrrilqA8L2ZvbnQ+PC90ZD4KICAgIDx0ZCB3aWR0aD0iMjkyIj4mbmJzcDs8L3RkPgogIDwvdHI+CjwvdGFibGU+Cjx0YWJsZSB3aWR0aD0iMzkwIiBib3JkZXI9IjAiPgogIDx0cj4KICAgIDx0ZCB3aWR0aD0iODciPiZuYnNwOzwvdGQ+CiAgICA8dGQgd2lkdGg9IjI5MyI+PGZvbnQgY29sb3I9IzY5Njk2OSBzaXplPSIyIj7jg6zjg4fjgqPjg7zjgrnvvJojN++9niMxNSDlpYfmlbDlj7fjga7jgb88L2ZvbnQ+PC90ZD4KICA8L3RyPgo8L3RhYmxlPgo8dGFibGUgd2lkdGg9IjM5MCIgYm9yZGVyPSIwIj4KICA8dHI+CiAgICA8dGQgd2lkdGg9Ijg5IiBoZWlnaHQ9IjIwIj4mbmJzcDs8L3RkPgogICAgPHRkIHdpZHRoPSIyOTEiPjxmb250IGNvbG9yPSM2OTY5Njkgc2l6ZT0iMSI+4oC75LiK6KiY5Lul5aSW44Gu44K144Kk44K644CB5YG25pWw44K144Kk44K644Gr6Zai44GX44Gm44KC44CBIzfvvZ4jCjIx44Gu56+E5Zuy5YaF44Gn44CB44GU55So5oSP44GZ44KL44GT44Go44GM5Y+v6IO944Gn44GZ44CCIOOBlOazqOaWh+WvvuW/nOOBqOOBquOCiuOBvuOBmeOBruOBp+OAge+8k++9nu+8lOmAsemWk+OBu+OBqeOBiuaZgumWk+OBjOOBi+OBi+OCiuOBvuOBmeOAgjwvZm9udD48L3RkPgogIDwvdHI+CiAgPHRyPgogICAgPHRkPiZuYnNwOzwvdGQ+CiAgICA8dGQ+Jm5ic3A7PC90ZD4KICA8L3RyPgo8L3RhYmxlPgoKPHRhYmxlIHdpZHRoPSIzOTAiIGJvcmRlcj0iMCI+CiAgPHRyPgogICAgPHRkIHdpZHRoPSIzMzIiPjxmb250IGNvbG9yPSM2OTY5Njkgc2l6ZT0iMiI+4pag5pyq5L2/55So5ZOB44Gu44K144Kk44K65aSJ5pu077yI5Yid5pyf44K144Kk44K65aSJ5pu077yJ44Gr44Gk44GE44Gm4pagPC9mb250PjwvdGQ+CiAgICA8dGQgd2lkdGg9IjQ4Ij4mbmJzcDs8L3RkPgogIDwvdHI+CjwvdGFibGU+Cjx0YWJsZSB3aWR0aD0iMzkwIiBib3JkZXI9IjAiPgogIDx0cj4KICAgIDx0ZCB3aWR0aD0iODkiIGhlaWdodD0iNTEiPiZuYnNwOzwvdGQ+CiAgICA8dGQgd2lkdGg9IjI5MSI+PGZvbnQgY29sb3I9IiM2OTY5NjkiIHNpemU9IjIiPjxicj4KICAgICAgICA8Zm9udCBjb2xvcj0iIzAwOTlGRiI+5pys5ZWG5ZOB44Gu5LuV5qeY5LiK44CB5Y6f5YmH44Go44GX44Gm44K144Kk44K655u044GX44GM44Gn44GN44G+44Gb44KT44CC44K144Kk44K644KS44KI44GP44GK56K644GL44KB44Gu5LiK44GU6LO85YWl44Gt44GM44GE44G+44GZ44CCPC9mb250PuS4h+OBjOS4gOOBiuWuouanmOOBruOBiuaJi+WFg+OBq+WxiuOBhOOBn+WVhuWTgeOBruOCteOCpOOCuuOBjOWQiOOCj+OBmuOAgeS7luOBruOCteOCpOOCuuOBuOOBruWkieabtOOCkuOBlOW4jOacm+OBruWgtOWQiOOBq+OBr+OAgTxmb250IGNvbG9yPSIjMDA5OUZGIj7mnKrkvb/nlKjjga7lk4HjgavpmZDjgoo8L2ZvbnQ+44K144Kk44K65Lqk5o+b44KS5om/44KK44G+44GZ44CC5b+F44GaPGZvbnQgY29sb3I9IiMwMDk5RkYiPuWVhuWTgeWIsOedgOW+jDHpgLHplpPku6XlhoU8L2ZvbnQ+44Gr44GU6YCj57Wh44GE44Gf44Gg44GN44G+44GZ44KI44GG44GK6aGY44GE55Sz44GX5LiK44GS44G+44GZ44CCPGJyPgogICAgICA8YnI+CuKXhuWVhuWTgeWIsOedgOW+jDHpgLHplpPku6XlhoXjgavjgZTpgKPntaHjgYTjgZ/jgaDjgZHjgarjgYvjgaPjgZ/loLTlkIjjgoTjgIHllYblk4Hjgavkvb/nlKjnl5XjgarjganjgYzoqo3jgoHjgonjgozjgovloLTlkIjjgavjga/jgrXjgqTjgrrkuqTmj5vjgpLmib/jgorjgYvjga3jgovjgZPjgajjgoLjgZTjgZbjgYTjgb7jgZnjga7jgafjgZTkuobmib/poZjjgYTjgb7jgZnjgII8YnI+Cjxicj4K4peG44GU5biM5pyb44K144Kk44K644Gu5Zyo5bqr44KS5YiH44KJ44GX44Gm44GE44KL5aC05ZCI44CB5Lqk5o+b5ZWG5ZOB44Gu5omL6YWN44Gr77yT772e77yU6YCx6ZaT44G744Gp44GK5pmC6ZaT44KS6LOc44KK44G+44GZ44CCPGJyPgo8YnI+CuKXhuWVhuWTgeWPl+OBkea4oeOBl+OBq+mWouOCj+OCi+W+gOW+qeOBrumAgeaWmeOBr+OAgeOBiuWuouanmOOBruOBlOiyoOaLheOBqOOBquOCiuOBvuOBmeOAgjxicj48YnI+CuKXhuWVhuWTgeOBqzxmb250IGNvbG9yPSIjMDA5OUZGIj7liLvljbDjgpLlhaXjgozjgabjgYTjgovloLTlkIg8L2ZvbnQ+44Gv44CB5pyJ5paZ5Yi75Y2w44O754Sh5paZ5Yi75Y2w44KS5ZWP44KP44Ga5Lqk5o+b5omL5pWw5paZ44Go5YaN5Yi75Y2w5paZ44GM5Yil6YCU55m655Sf44GE44Gf44GX44G+44GZ44CC6Kmz57Sw44Gr6Zai44GX44G+44GX44Gm44Gv44CB44Oh44O844Or44Gr44Gm44GK5ZWP44GE5ZCI44KP44Gb6aGY44GE44G+44GZ44CCPGJyPgo8YnI+CuKXhuacrOOCteODvOODk+OCueOBrumBqeeUqOOBr+OAgeWIneWbnumZkOOCiuOBqOOBleOBm+OBpuOBhOOBn+OBoOOBjeOBvuOBmeOAggo8L2ZvbnQ+PC90ZD4KICA8L3RyPgogIDx0cj4KICAgIDx0ZD4mbmJzcDs8L3RkPgogICAgPHRkPiZuYnNwOzwvdGQ+CiAgPC90cj4KPC90YWJsZT4KPHRhYmxlIHdpZHRoPSIzOTAiIGJvcmRlcj0iMCI+CiAgPHRyPgogICAgPHRkIHdpZHRoPSIzMzIiPjxmb250IGNvbG9yPSM2OTY5Njkgc2l6ZT0iMiI+4pag44GU6LO85YWl5b6M5L2/55So44GX44Gf5ZWG5ZOB44Gu44K144Kk44K65aSJ5pu044Gr44Gk44GE44Gm4pagPC9mb250PjwvdGQ+CiAgICA8dGQgd2lkdGg9IjQ4Ij4mbmJzcDs8L3RkPgogIDwvdHI+CjwvdGFibGU+Cjx0YWJsZSB3aWR0aD0iMzkwIiBib3JkZXI9IjAiPgogIDx0cj4KICAgIDx0ZCB3aWR0aD0iODgiPjxkaXYgYWxpZ249InJpZ2h0Ij48L2Rpdj4KICAgIDwvdGQ+CiAgICA8dGQgd2lkdGg9IjI5MiI+PGZvbnQgY29sb3I9IzY5Njk2OSBzaXplPSIyIj7ljp/liYfkuI3lj688L2ZvbnQ+PC90ZD4KICA8L3RyPgogIDx0cj4KICAgIDx0ZCBoZWlnaHQ9IjM4Ij4mbmJzcDs8L3RkPgogICAgPHRkPjxmb250IGNvbG9yPSM2OTY5Njkgc2l6ZT0iMiI+4oC75pys5ZWG5ZOB44Gu5LuV5qeY5LiK44CB44GU6LO85YWl5b6M44GU5L2/55So44Gr44Gq44KJ44KM44Gf5ZWG5ZOB44Gu44K144Kk44K655u044GX44GvPGZvbnQgY29sb3I9IiMwMDk5RkYiPuWOn+WJh+OBqOOBl+OBpuOBiuWPl+OBkeOBmeOCi+OBk+OBqOOBjOOBp+OBjeOBvuOBm+OCkzwvZm9udD7jgILjgZ/jgaDjgZfjgIHjgYrlrqLmp5jjga7jgZTkuobmib/jga7jgoLjgajjgrXjgqTjgrrnm7TjgZfjgYzlj6/og73jgarloLTlkIjjgoLjgZTjgZbjgYTjgb7jgZnjga7jgafjgIHjg6Hjg7zjg6vjgavjgabjgYrllY/jgYTlkIjjgo/jgZvpoZjjgYTjgb7jgZnjgII8L2ZvbnQ+PC90ZD4KICA8L3RyPgogIDx0cj4KICAgIDx0ZCBoZWlnaHQ9IjE1Ij4mbmJzcDs8L3RkPgogICAgPHRkPiZuYnNwOzwvdGQ+CiAgPC90cj4KPC90YWJsZT4KCjxpbWcgc3JjPSJodHRwOi8vaW1hZ2UucmFrdXRlbi5jby5qcC92aWVhbmdlL2NhYmluZXQvcGFydHMvbHNfa29rdWluLmpwZyIgd2lkdGg9IjQwMCIgaGVpZ2h0PSIzNSIgYWx0PSLliLvljbDjgrXjg7zjg5PjgrkiICAvPgoKPGJyPjxicj4KCjxwPuODquODs+OCsOOBruWGheWBtOOBq+ODoeODg+OCu+ODvOOCuOOChOOBiuWQjeWJjeOBquOBqeOCkuWIu+WNsOOBmeOCi+OBk+OBqOOBjOOBp+OBjeOBvuOBmeOAgjxicj4K5Yi75a2X5qmf44KS5L2/44Gj44Gm44Kv44Op44OV44OI44Oe44Oz44GM5omL5L2c5qWt44GnMeaWh+WtlzHmloflrZfkuIHlr6fjgavliLvljbDoh7TjgZfjgb7jgZnjgII8L3A+CgoKPGJyPgoKCuKWoCZuYnNwO+WIu+WNsOe0jeacnyZuYnNwO+KWoDxicj4K44OX44Op44K557SE77yR6YCx6ZaTPGJyPjxicj4KCuKWoCZuYnNwO+WIu+WNsOaWmemHkSZuYnNwO+KWoDxicj4K44Oq44Oz44Kw77yR5pys44Gr44Gk44GNXDEsNTc177yI56iO6L6877yJPGJyPjxicj4KCuKWoCZuYnNwO+WIu+WNsOWPr+iDveaWh+Wtl+aVsCZuYnNwO+KWoDxicj4KMTjmloflrZc8YnI+Cu+8iOiomOWPt+OAgeOCueODmuODvOOCueOAgeODnuODvOOCr+OBquOBqeOCgu+8keaWh+Wtl+WIhuOBqOOBl+OBpuOCq+OCpuODs+ODiOOBleOCjOOBvuOBmeOAgu+8iTxicj48YnI+CgrilqAmbmJzcDvmm7jkvZMmbmJzcDvilqA8YnI+CuODluODreODg+OCr+S9k++8iOS4uOOCtOOCt+ODg+OCr++8ieOBruOBvzxicj48YnI+Cgo8aW1nIHNyYz0iaHR0cDovL2ltYWdlLnJha3V0ZW4uY28uanAvdmllYW5nZS9jYWJpbmV0L3BhcnRzL3RlYm9yaWtva3Vpbi5qcGciIHdpZHRoPSI0MDAiIGhlaWdodD0iNDAwIiBhbHQ9IuWIu+WNsOabuOS9k+imi+acrCIgIC8+Cgo8YnI+PGJyPjxicj4KCgo8c3Ryb25nPuKWoCZuYnNwO+WIu+WNsOOBruOBlOazqOaWh+aWueazlSZuYnNwO+KWoDwvc3Ryb25nPjxicj48YnI+Cgrjg5fjg6vjg4Djgqbjg7Pjg7vjg6Hjg4vjg6Xjg7zjgYvjgonjgIzluIzmnJvjgZnjgovjgI3jgpLjgYrpgbjjgbPjgY/jgaDjgZXjgYTjgII8YnI+CuazqOaWh+eUu+mdouOBruOAjOOBiuW6l+OBuOOBruODoeODg+OCu+ODvOOCuOOAjeashOOBq+WIu+WNsOWGheWuueOCkuOBlOiomOWFpeOBj+OBoOOBleOBhOOAgjxicj4K5ZWG5ZOB44KSMuWAi+S7peS4iuWQjOaZguOBq+OBiuiyt+OBhOaxguOCgeOBhOOBn+OBoOOBhOOBn+WgtOWQiOOBr+OAgeWIu+WNsOWvvuixoeWVhuWTgeOBjOOCj+OBi+OCi+OCiOOBhuOAgeWVhuWTgeeVquWPt+OCguOBlOS9teiomOmhmOOBhOOBvuOBmeOAggo8YnI+PGJyPgo8Zm9udCBjb2xvcj0iI0ZGMDAwMCI+PHN0cm9uZz7jgJDph43opoHjgJE8YnI+44GU5rOo5paH56K66KqN5b6M44CBIOWVhuWTgeS7o+mHkeOBq+WIu+WNsOaWmeOCkuWKoOeul+OBl+OBpuOBlOiri+axgumHkemhjeOCkuWkieabtOOBleOBm+OBpuOBhOOBn+OBoOOBjeOBvuOBmeOAggrliLvljbDmlpnliqDnrpflvozjga7jgZToq4vmsYLph5HpoY3jgavjgaTjgYTjgabjga/jgIHjgZTms6jmlofnorroqo3lvozjgavjgYrpgIHjgorjgZnjgovjg6Hjg7zjg6vjgpLjgZTnorroqo3poZjjgYTjgb7jgZnjgII8L3N0cm9uZz48L2ZvbnQ+Cgo8YnI+PCEtLeKWvOKWvCDlt6bluK/jg6rjg7Pjgq/jgYLjgoog4pa84pa8LS0+Cgo8ZGl2IGlkPSJoaWRhcmktb2JpIj4KCjxzdHlsZT4KI2hpZGFyaS1vYmkgewpwb3NpdGlvbjogYWJzb2x1dGU7CnRvcDowcHg7CmxlZnQ6MTBweDsKYmFja2dyb3VuZDogdXJsKCJodHRwczovL2ltYWdlLnJha3V0ZW4uY28uanAvdmllYW5nZS9jYWJpbmV0L2NhbXBhaWduL3NjYm5yXzA1MTUuanBnIikgcmVwZWF0LXkgbGVmdCB0b3AgOwp9CiNoaWRhcmktb2JpIGEgewpkaXNwbGF5OiBibG9jazsKaGVpZ2h0OjkzMDBweDsvKuODmuODvOOCuOWFqOS9k+OBrumrmOOBlSovCndpZHRoOiAxNDBweDsvKuW4r+OBruW5hSovCn0KPC9zdHlsZT4KCjwvZGl2PgoKCgo8IS0t4pa84pa8IOW3puW4r+ODquODs+OCr+OBquOBlyDilrzilrwtLT4KCgoKCjwhLS3ilrzilrwg5bem5biv44Oq44Oz44Kv44Gq44GXIOKWvOKWvC0tPgoKPCEtLQo8c3R5bGUgdHlwZT0idGV4dC9jc3MiPgpib2R5ewpiYWNrZ3JvdW5kLWltYWdlOiB1cmwoImh0dHA6Ly9pbWFnZS5yYWt1dGVuLmNvLmpwL3ZpZWFuZ2UvY2FiaW5ldC9jYW1wYWlnbi9ibnJfMTAxMi5qcGciKTsKYmFja2dyb3VuZC1yZXBlYXQ6IHJlcGVhdC15OwpiYWNrZ3JvdW5kLWF0dGFjaG1lbnQ6IHNjcm9sbDsKYmFja2dyb3VuZC1wb3NpdGlvbjpsZWZ0Cn0KPC9zdHlsZT4KLS0+CgoKCgo8c3R5bGUgdHlwZT0idGV4dC9jc3MiPgoKLyog44GK5rCX44Gr5YWl44KK5ZWG5ZOBICovCgojcmFrdXRlbkxpbWl0ZWRJZF9hcm91bmRDYXJ0ICNzZXJ2aWNlVGFibGVTbWwgdGQuZmF2b3JpdGUgewoKcGFkZGluZy10b3A6IDVweDsKCn0KCiNyYWt1dGVuTGltaXRlZElkX2Fyb3VuZENhcnQgZGl2LmJvb2ttYXJrQXJlYSBkaXYuYmttIHsKCndpZHRoOiAyOTFweCAhaW1wb3J0YW50OwoKaGVpZ2h0OjMzcHggIWltcG9ydGFudDsKCnBhZGRpbmc6IDBweCAwcHggMTBweCAwcHggIWltcG9ydGFudDsKCn0KCiNyYWt1dGVuTGltaXRlZElkX2Fyb3VuZENhcnQgZGl2LmJvb2ttYXJrQXJlYSBkaXYuYmttIGEuYWRkQmttIHsKCndpZHRoOiAyOTFweCAhaW1wb3J0YW50OwoKaGVpZ2h0OjMzcHggIWltcG9ydGFudDsKCn0KCiNyYWt1dGVuTGltaXRlZElkX2Fyb3VuZENhcnQgZGl2LmJvb2ttYXJrQXJlYSBkaXYuYmttIGEuYWRkQmttIHNwYW4uYmttU3RhciB7CgpkaXNwbGF5OiBpbmxpbmUtYmxvY2sgIWltcG9ydGFudDsKCndpZHRoOiAyOTFweCAhaW1wb3J0YW50OwoKaGVpZ2h0OjMzcHggIWltcG9ydGFudDsKCm1hcmdpbjowcHggMHB4IDEwcHggMHB4ICFpbXBvcnRhbnQ7CgpiYWNrZ3JvdW5kOiB1cmwoImh0dHA6Ly9pbWFnZS5yYWt1dGVuLmNvLmpwL3ZpZWFuZ2UvY2FiaW5ldC9ibnJfZmF2aXRlbS5qcGciKSBuby1yZXBlYXQgIWltcG9ydGFudDsKCn0KCiAKCi8qIOOBiuawl+OBq+WFpeOCiuOCt+ODp+ODg+ODlyAqLwoKZGl2LmJvb2ttYXJrQXJlYSB7Cgp3aWR0aDogMjkxcHggIWltcG9ydGFudDsKCn0KCiNyYWt1dGVuTGltaXRlZElkX2Fyb3VuZENhcnQgZGl2LnNob3BCb29rbWFya0FyZWEgZGl2LnNob3BCa20gewoKd2lkdGg6IDI5MXB4ICFpbXBvcnRhbnQ7CgpoZWlnaHQ6MzNweCAhaW1wb3J0YW50OwoKcGFkZGluZzogMHB4IDBweCAhaW1wb3J0YW50OwoKcGFkZGluZy1sZWZ0OiAwcHggIWltcG9ydGFudDsKCn0KCiNyYWt1dGVuTGltaXRlZElkX2Fyb3VuZENhcnQgZGl2LnNob3BCb29rbWFya0FyZWEgZGl2LnNob3BCa20gYS5hZGRTaG9wQmttIHNwYW4uc2hvcEJrbVN0YXIgewoKZGlzcGxheTogaW5saW5lLWJsb2NrICFpbXBvcnRhbnQ7Cgp3aWR0aDogMjkxcHggIWltcG9ydGFudDsKCmhlaWdodDozM3B4ICFpbXBvcnRhbnQ7CgptYXJnaW4tcmlnaHQ6IDBweCAhaW1wb3J0YW50OwoKYmFja2dyb3VuZDogdXJsKCJodHRwOi8vaW1hZ2UucmFrdXRlbi5jby5qcC92aWVhbmdlL2NhYmluZXQvYm5yX2ZhdnNob3AuanBnIikgbm8tcmVwZWF0ICFpbXBvcnRhbnQ7Cgp9Cjwvc3R5bGU+CgoKCgo8ZGl2IGlkPSJwcmVzZW50X2Jhc2UiIGNsYXNzPSJjbGVhcmZpeCI+CiAgIDxkaXYgY2xhc3M9InByZXNlbnRfaW1nIj48aW1nIHNyYz0iaHR0cDovL2ltYWdlLnJha3V0ZW4uY28uanAvdmllYW5nZS9jYWJpbmV0L3RtZy9mb290X3ByZTAxLmdpZiIgYWx0PSLlpKfliIfjgarjgYLjga7kurrjgavntKDmlbXjgarjg5fjg6zjgrzjg7Pjg4giIHdpZHRoPSIxOTkiIGhlaWdodD0iMjk1IiAvPjwvZGl2PgogICA8ZGl2IGNsYXNzPSJwcmVzZW50X3R4dCI+PHA+5b2T5bqX44Gv44CB5Lq65rCX44Ki44Kv44K744K144Oq44O844OW44Op44Oz44OJ44CM5aSp5L2/44Gu5Y2144CN44KE44CM5pyq5p2l5aSp5L2/44CN44KS44Gv44GY44KB44CB6KqV55Sf55+z44Gu44Oa44Oz44OA44Oz44OI44KE44Oq44Oz44Kw44Gq44Gp44CB44OX44Os44K844Oz44OI44Gr44OU44OD44K/44Oq44Gq44Ki44Kv44K744K144Oq44O844KS5Y+W5omx44GG6YCa6LKp44K344On44OD44OX44Gn44GZ44CCPC9wPjxiciAvPgrjgIzlhKrjgZfjgYTlhYnjgavjgaTjgaTjgb7jgozjgovmsLjpgaDjga7lkb3jgI3jgpLooajnj77jgZfjgZ/jgrPjg7Pjgrvjg5fjg4jjgrjjg6Xjgqjjg6rjg7zjgIzmnKrmnaXlpKnkvb/jgI3jga/mnKrmnaXjgavlkJHjgZHjgabovJ3jgZHjgovlkb3jga7jgZnjgbDjgonjgZfjgZXjgpLlpJrlvanjgarjg4bjg7zjg57jg7vjg4fjgrbjgqTjg7Pjgafooajnj77jgZfjgabjgYTjgb7jgZnjgII8YnIgLz4K44Gd44KT44Gq5pyq5p2l5aSp5L2/44GL44KJ44Gu44OX44Os44K844Oz44OI44Go44GE44GG44Kz44Oz44K744OX44OI44Gn5L2c44KJ44KM44Gf44CM5aSp5L2/44Gu5Y2144CN44Gv44CB44CM6KqV55Sf44Gu5Zac44Gz44CN44KE44CM55Sf44GN44KL44GT44Go44Gu5oSf5YuV44Go6LOe6LOb44CN44KS44OG44O844Oe44Go44GX44Gm5Ym144KJ44KM44CB5Y2144Go576944Gu44OQ44Op44Oz44K544Gu6Imv44GE44KE44GV44GX44GE44OH44K244Kk44Oz44GM5oSb44GV44KM44Gm44GE44KL44Ot44Oz44Kw44K744Op44O844Gu5Lq65rCX44Ki44Kv44K744K144Oq44O844Gn44GZ44CC5piv6Z2e44CB5aSn5YiH44Gq5Lq644G444Gu44OX44Os44K844Oz44OI562J44Gr44KC44GU5rS755So5LiL44GV44GE77yBPC9kaXY+CjwvZGl2PgoKCgoKCjwhLS3ilrzilrzilrzjg6zjg5Pjg6Xjg7zjg7vms6jmlofnirbms4HilrzilrzilrwtLT4gICAKCiAgICAgICAgICAgIDxoMj48aW1nIHNyYz0iaHR0cDovL3d3dy5yYWt1dGVuLm5lLmpwL2dvbGQvdmllYW5nZS9pbWcvdGl0bGVfMDYuanBnIiBhbHQ9IuODrOODk+ODpeODvCIgd2lkdGg9IjY4OCIgaGVpZ2h0PSI3MCIgLz48L2gyPgogICAgICAgICAgICA8YnI+PGJyPgogIAoJICA8YnI+IDxicj4gPGJyPiAKICAgICAgICAgICAgICAgICAgPGgyPjxpbWcgc3JjPSJodHRwOi8vd3d3LnJha3V0ZW4ubmUuanAvZ29sZC92aWVhbmdlL2ltZy90aXRsZV8wNy5qcGciIGFsdD0i5rOo5paH54q25rOBIiB3aWR0aD0iNjg4IiBoZWlnaHQ9IjcwIiAvPjwvaDI+CiAgICAgICAgICAgICAgICAgICAgICAgICAgICAgIDxicj4gPGJyPiAKPGJyPiA8YnI+IDxicj4=,44CQ5Yi75Y2w5a++5b+c44CR4peGTE9WRVJTIFNDRU5FIOODqeODkOODvOOCuuOCt+ODvOODs+KXhuOCt+ODq+ODkOODvOODquODs+OCsO+8iOODrOODh+OCo+ODvOOCue+8ieOAkExTUjAwOTlMRFBL44CR44CQ44K344Or44OQ44O844Oq44Oz44KwIOODmuOCouODquODs+OCsCDjg5rjgqIg5oyH6LyqIOODlOODs+OCr+OCtOODvOODq+ODiSDjg4/jg7zjg4gg44OX44Os44K844Oz44OIIOODquODs+OCsCDjgrfjg6vjg5Djg7wg44Ki44Kv44K744K144Oq44O8IOOCuOODpeOCqOODquODvCDlnosg44Ku44OV44OIIOOBi+OCj+OBhOOBhOOAkSAg5q+N44Gu5pelIOOCt+ODs+ODl+ODq++8muWkqeS9v+OBruWNtSB3aXRoIExPVkVSUyBTQ0VORQ==,5aSp5L2/44Gu5Y215pyq5p2l5aSp5L2/44K544Oa44O844K544Kv44Oq44Ko44O844K/44O844K444Ol44Ko44Oq44O844K344Or44OQ44O844Ki44Kv44K744K144Oq44O844OU44Oz44Kv44K344Or44OQ44O844ON44OD44Kv44Os44K555u05Za25bqX44Kv44Oq44K544Oe44K56ZmQ5a6a44Oa44Oz44OA44Oz44OI5oyH6Lyq44OU44Ki44K544OX44Os44K844Oz44OI44OZ44OT44O844K544OX44O844Oz44Os44OH44Kj44O844K544Op44OQ44O844K644K344O844Oz57WQ5ama5oyH6Lyq44Oa44Ki44Oq44Oz44Kw6KqV55Sf55+z44CQ5Yi75Y2w5a++5b+c44CR4peGTE9WRVJTIFNDRU5FIOODqeODkOODvOOCuuOCt+ODvOODs+KXhuOCt+ODq+ODkOODvOODquODs+OCsO+8iOODrOODh+OCo+ODvOOCue+8ieOAkExTUjAwOTlMRFBL44CR44CQ44K344Or44OQ44O844Oq44Oz44KwIOODmuOCouODquODs+OCsCDjg5rjgqIg5oyH6LyqIOODlOODs+OCr+OCtOODvOODq+ODiSDjg4/jg7zjg4gg44OX44Os44K844Oz44OIIOODquODs+OCsCDjgrfjg6vjg5Djg7wg44Ki44Kv44K744K144Oq44O8IOOCuOODpeOCqOODquODvCDlnosg44Ku44OV44OIIOOBi+OCj+OBhOOBhOOAkSAg5q+N44Gu5pelIOOCt+ODs+ODl+ODqw==,44OP44O844OI44GM5rWu44GL44Gz5LiK44GM44KL5Lq65rCX44Gu44Oa44Ki44Oq44Oz44KwICDjg6zjg4fjgqPjg7zjgrkg5Y2Y5ZOB44CC44CQ5Yi75Y2w5a++5b+c44CR4peGTE9WRVJTIFNDRU5FIOODqeODkOODvOOCuuOCt+ODvOODs+KXhuOCt+ODq+ODkOODvOODquODs+OCsO+8iOODrOODh+OCo+ODvOOCue+8ieOAkExTUjAwOTlMRFBL44CR44CQ44K344Or44OQ44O844Oq44Oz44KwIOODmuOCouODquODs+OCsCDjg5rjgqIg5oyH6LyqIOODlOODs+OCr+OCtOODvOODq+ODiSDjg4/jg7zjg4gg44OX44Os44K844Oz44OIIOODquODs+OCsCDjgrfjg6vjg5Djg7wg44Ki44Kv44K744K144Oq44O8IOOCuOODpeOCqOODquODvCDlnosg44Ku44OV44OIIOOBi+OCj+OBhOOBhOOAkSAg5q+N44Gu5pelIOOCt+ODs+ODl+ODqw==[rn]
39-1020,aHR0cDovL3RzaG9wLnIxMHMuanAvdmllYW5nZS9jYWJpbmV0L2xvdmVyc19zY2VuZS9sc3IvbHNyMDEwOGN6cGsuanBnP2ZpdGluPTcwMDo3MDA=,NjczOS4yMDAw,,44K444Ol44Ko44Oq44O844O744Ki44Kv44K744K144Oq44O8ID4g44Os44OH44Kj44O844K544K444Ol44Ko44Oq44O844O744Ki44Kv44K744K144Oq44O8ID4g5oyH6Lyq44O744Oq44Oz44Kw,44CQ5Yi75Y2w5a++5b+c44CR4peGTE9WRVJTIFNDRU5FIOODqeODkOODvOOCuuOCt+ODvOODs+KXhuOCt+ODq+ODkOODvOODquODs+OCsO+8iOODrOODh+OCo+ODvOOCue+8ieOAkExTUjAxMDhDWlBL44CR44CQ44K344Or44OQ44O844Oq44Oz44KwIOODmuOCouODquODs+OCsCDjg5rjgqIg5oyH6LyqIOODj+ODvOODiCDjgq3jg6Xjg7zjg5Pjg4Pjgq8g44OU44Oz44Kv44K044O844Or44OJIOODl+ODrOOCvOODs+ODiCDjg6rjg7PjgrAg5Yi75Y2w5Y+v6IO9IOOCt+ODq+ODkOODvCDjgrjjg6Xjgqjjg6rjg7wg44Ku44OV44OIIOOBi+OCj+OBhOOBhOOAkSAg5q+N44Gu5pelIOOCt+ODs+ODl+ODqw==,44OP44O844OI44GM5rWu44GL44Gz5LiK44GM44KL5Lq65rCX44Gu44Oa44Ki44Oq44Oz44KwIOWIu+WNsOWvvuW/nCDjg6zjg4fjgqPjg7zjgrk=,PGNlbnRlcj48YSBocmVmPSJodHRwczovL215LmJvb2ttYXJrLnJha3V0ZW4uY28uanAvP2Z1bmM9cmVnJnN2aWQ9MTAxJnNob3BfYmlkPTIwMzk0NyZpaWQ9MTAwMDEzODQmaXR5cGU9MSB0YXJnZXQ9X2JsYW5rIj48aW1nIHNyYz0iaHR0cDovL2ltYWdlLnJha3V0ZW4uY28uanAvdmllYW5nZS9jYWJpbmV0L3BfYm5yX2Zhdml0ZW0uanBnIiBib3JkZXI9IjAiIHdpZHRoPSI2NjAiIGhlaWdodD0iMTMwIj48L2E+PC9jZW50ZXI+PGJyPjxicj48ZGl2IGlkPSJkZXRhaWxfYmFzZTIiPgo8aW1nIHNyYz0iaHR0cDovL2ltYWdlLnJha3V0ZW4uY28uanAvdmllYW5nZS9jYWJpbmV0L2NhbXBhaWduL2xzX3BjX3Rva3V0ZW4uanBnImFsdD0iTE9WRVJTIFNDRU5FIOOCreODo+ODs+ODmuODvOODsyI+PGJyPjxicj4KIAo8aW1nIHNyYz0iaHR0cDovL2ltYWdlLnJha3V0ZW4uY28uanAvdmllYW5nZS9jYWJpbmV0L2xvdmVyc19zY2VuZS9sc3IvbHNyMDEwOF9pbWFnZS5qcGciIHdpZHRoPSI2NjAiIGhlaWdodD0iMzYwIiAvPgo8YnIgLz48YnIgLz4KCjxpbWcgc3JjPSJodHRwOi8vaW1hZ2UucmFrdXRlbi5jby5qcC92aWVhbmdlL2NhYmluZXQvbG92ZXJzX3NjZW5lL2xzci9sc3IwMTA4X2ltYWdlMi5qcGciIHdpZHRoPSI2NjAiIGhlaWdodD0iMTExMCIgLz4KPGJyIC8+PGJyIC8+CjwvZGl2PgoKCjxkaXYgY2xhc3M9InNwX2dvb2RzXzEzMDVfMDkiPgoKICAgICAKICA8ZGl2IGNsYXNzPSJzcF90YW5waW5fbGVmdCI+CjxhIGhyZWY9Imh0dHA6Ly9pdGVtLnJha3V0ZW4uY28uanAvdmllYW5nZS9sc3IwMTA4Y3pway1iay8iPgo8aW1nIHNyYz0iIGh0dHA6Ly9pbWFnZS5yYWt1dGVuLmNvLmpwL3ZpZWFuZ2UvY2FiaW5ldC9sb3ZlcnNfc2NlbmUvbHNyL2xzcjAxMDhfcGFpci5qcGciIHdpZHRoPSIyMzUiIGhlaWdodD0iMjM1IiBjbGFzcz0iaW1nMjAiIC8+PC9hPiAgICAgICAKPHA+44K344Or44OQ44O844Oa44Ki44Oq44Oz44KwPGJyIC8+CiAgICAgIDwvcD4KPC9kaXY+CiAgICAKPGRpdiBjbGFzcz0ic3BfdGFucGluX3JpZ2h0Ij4KPGEgaHJlZj0iIGh0dHA6Ly9pdGVtLnJha3V0ZW4uY28uanAvdmllYW5nZS9sc3IwMTA4YmsvIj4KPGltZyBzcmM9IiBodHRwOi8vaW1hZ2UucmFrdXRlbi5jby5qcC92aWVhbmdlL2NhYmluZXQvbG92ZXJzX3NjZW5lL2xzci9sc3IwMTA4X3RhbnBpbl9tZW5zLmpwZyIgd2lkdGg9IjIzNSIgaGVpZ2h0PSIyMzUiIGNsYXNzPSJpbWcyMCIgLz48L2E+CiAgICAgIDxwPuODoeODs+OCuuOCt+ODq+ODkOODvOODquODs+OCsO+8iOODluODqeODg+OCr+OCs+ODvOODhuOCo+ODs+OCsO+8iTxiciAvPgogICAgICDntIQyLjVtbcOX57SEMS40bW3vvIjluYXDl+WOmuOBv++8iQogICAgICAgPC9wPgo8L2Rpdj4KPC9kaXY+CgoKICA8aW1nIHNyYz0iaHR0cDovL2ltYWdlLnJha3V0ZW4uY28uanAvdmllYW5nZS9jYWJpbmV0L3BhcnRzL2xzcjA2NTBfMzkuZ2lmIiBjbGFzcz0iaW1nMjAiIC8+CiAgPHAgY2xhc3M9ImltZzE1Ij7jg6rjg7PjgrDjgpLnnYDjgZHjgojjgYbjgajogIPjgYjjgabjgYTjgovmjIfjga7kuIDnlarlpKrjgYTpg6jliIbjgavns7jjgarjganjgpLlt7vjgYTjgabjgIHvvJHlkajliIbjga7mvJTnv5Ljga7plbfjgZXjgpLlm7Pjgorjgb7jgZnjgII8YnIgLz4KICDjgZPjga7muKzjgormlrnjga/jgYLjgY/jgb7jgafnsKHmmJPnmoTjgaroqIjmuKzmlrnms5XjgafjgZnjga7jgafjgIHmraPnorrjgavjgrXjgqTjgrrjgpLmuKzjgovjgavjga/jgIHjgYrov5HjgY/jga7jgqLjgq/jgrvjgrXjg6rjg7zjgrfjg6fjg4Pjg5fjgarjganjgafjgIHjgI7jg6rjg7PjgrDjgrLjg7zjgrjjgI/jgpLkvb/nlKjjgZfjgaboqIjmuKzjgZfjgabkuIvjgZXjgYTjgII8L3A+CiAgPGltZyBzcmM9Imh0dHA6Ly9pbWFnZS5yYWt1dGVuLmNvLmpwL3ZpZWFuZ2UvY2FiaW5ldC9wYXJ0cy9sc3IwNjUwXzQxLmdpZiIgd2lkdGg9IjY2MCIgaGVpZ2h0PSIxNjciIGNsYXNzPSJpbWc2MCIgLz4KCjxkaXYgY2xhc3M9ImNhXzAxIj4KPGltZyBzcmM9Imh0dHA6Ly9pbWFnZS5yYWt1dGVuLmNvLmpwL3ZpZWFuZ2UvY2FiaW5ldC93cmFwcGluZy93cmFwcGluZ190aXRsZS5qcGciIGFsdD0i44Op44OD44OU44Oz44KwIj4KCjxicj48YnI+PGJyPgoKPHRhYmxlIGJvcmRlcj0iMCIgd2lkdGg9IjY2MHB4Ij4KPHRyPgo8dGQ+CjxpbWcgc3JjPSJodHRwOi8vaW1hZ2UucmFrdXRlbi5jby5qcC92aWVhbmdlL2NhYmluZXQvd3JhcHBpbmcvbHNfd3JhcF8wMV8xLmpwZyIgYWx0PSJMT1ZFUlMgU0NFTkUgIOmAmuW4uOODqeODg+ODlOODs+OCsCI+CjwvdGQ+Cjx0ZD4KPGltZyBzcmM9Imh0dHA6Ly9pbWFnZS5yYWt1dGVuLmNvLmpwL3ZpZWFuZ2UvY2FiaW5ldC93cmFwcGluZy9sc193cmFwXzAyLmpwZyIgYWx0PSJMT1ZFUlMgU0NFTkXjgIDjgqjjgrPjg6njg4Pjg5Tjg7PjgrAiPgo8L3RkPgo8dGQ+CjxhICBocmVmPSJodHRwOi8vaXRlbS5yYWt1dGVuLmNvLmpwL3ZpZWFuZ2UvYy8wMDAwMDAwNzgxLyI+PGltZyBzcmM9Imh0dHA6Ly9pbWFnZS5yYWt1dGVuLmNvLmpwL3ZpZWFuZ2UvY2FiaW5ldC93cmFwcGluZy9sc193cmFwXzAzLmpwZyIgYWx0PSJMT1ZFUlMgU0NFTkXjgIDjgrnjg5rjgrfjg6Pjg6vjg6njg4Pjg5Tjg7PjgrAiPjwvYT4KPC90ZD4KPC90cj4KPC90YWJsZT4KPGltZyBzcmM9Imh0dHA6Ly9pbWFnZS5yYWt1dGVuLmNvLmpwL3ZpZWFuZ2UvY2FiaW5ldC93cmFwcGluZy9raWtpbi5qcGciIGFsdD0i5aSp5L2/44Gu5Y215Z+66YeRIj4KCjxhICBocmVmPSJodHRwOi8vaXRlbS5yYWt1dGVuLmNvLmpwL3ZpZWFuZ2UvYy8wMDAwMDAwNzkxLyI+CjxpbWcgc3JjPSJodHRwOi8vaW1hZ2UucmFrdXRlbi5jby5qcC92aWVhbmdlL2NhYmluZXQvd3JhcHBpbmcvbHNfY2FyZC5qcGciIGFsdD0i44Oh44OD44K744O844K444Kr44O844OJIj48L2E+CgoKPGltZyAKc3JjPSJodHRwOi8vaW1hZ2UucmFrdXRlbi5jby5qcC92aWVhbmdlL2NhYmluZXQvY2FtcGFpZ24vbm9iZV9sc182NjAuanBnIiB3aWR0aD0iNjYwIiBoaWdodD0iMjAwIiBhbHQ9IkxPVkVSUyBTQ0VORSDjg47jg5njg6vjg4bjgqMiPjxicj48YnI+CjwvZGl2Pgo8dGFibGUgYm9yZGVyPSIwIiB3aWR0aD0iMzkwIj4KICA8dGJvZHk+CiAgICA8dHI+CiAgICAgIDx0ZCBoZWlnaHQ9IjIzMSI+IDxmb250IGNvbG9yPSM2OTY5Njkgc2l6ZT0iMiI+IOWQiOOCj+OBm+OCi+OBqOODj+ODvOODiOOBruODouODgeODvOODleOCkuOBi+OBn+OBqeOCi+ODmuOCouODquODs+OCsOOBruODrOODh+OCo+ODvOOCueWNmOWTgeOAgjwvZm9udD48YnI+CiAgICAgICAgICA8YnI+CiAgICAgICAgICA8Zm9udCBjb2xvcj0jMDA5OUZGIHNpemU9IjIiPiDjg5bjg6njg4Pjgq/jgajjga7jg5rjgqLkvb/nlKjjgoLjgqrjgrnjgrnjg6HjgafjgZnjgII8L2ZvbnQ+PGJyPgogICAgICAgICAgPGJyPgogICAgICAgICAgPGZvbnQgY29sb3I9IzAwOTlGRiBzaXplPSIyIj7jg5rjgqLllYblk4Hjga7jgYrmsYLjgoHjga/jgZPjgaHjgok8L2ZvbnQ+PGJyPgogIDxicj4KICA8Zm9udCBjb2xvcj0jNjk2OTY5IHNpemU9IjIiPuKWoOe0oOadkOKWoDwvZm9udD48YnI+CiAgICAgICAgICA8YnI+CiAgICAgICAgICA8Zm9udCBjb2xvcj0jNjk2OTY5IHNpemU9IjIiPlNWOTI177yI44OU44Oz44Kv44K044O844Or44OJ44Kz44O844OG44Kj44Oz44Kw77yJPEJSPgrjgq3jg6Xjg7zjg5Pjg4Pjgq/jgrjjg6vjgrPjg4vjgqI8L2ZvbnQ+PGJyPgogICAgICAgICAgPGJyPgogICAgICAgICAgPGZvbnQgY29sb3I9IzY5Njk2OSBzaXplPSIyIj7ilqDlpKfjgY3jgZUobW0p4pagPC9mb250Pjxicj4KICAgICAgICAgIDxicj4KICAgICAgICAgIDxmb250IGNvbG9yPSM2OTY5Njkgc2l6ZT0iMiI+5bmF57SEMi41w5fljprjgb/ntIQxLjI8L2ZvbnQ+PGJyPgogICAgICAgICAgPGJyPgogICAgICAgICAgPGZvbnQgY29sb3I9IzY5Njk2OSBzaXplPSIyIj7ilqDph43ph4/ilqA8L2ZvbnQ+PGJyPgogICAgICAgICAgPGJyPgogICAgICAgICAgPGZvbnQgY29sb3I9IzY5Njk2OSBzaXplPSIyIj7ntIQxLjhnPC9mb250Pjxicj4KICAgICAgICAgIDxmb250IGNvbG9yPSM2OTY5Njkgc2l6ZT0iLTIiPuKAu+OCteOCpOOCuuODu+mHjemHj+OBq+OBr+WkmuWwkeOBruWAi+S9k+W3ruOBjOWHuuOBvuOBmeKAuzwvZm9udD48YnI+Cjxicj4KPGZvbnQgY29sb3I9ImZmMDAwMCI+PGI+44GT44Gu44Oq44Oz44Kw44Gv5aWH5pWw44K144Kk44K644Gu44G/44Gu44GK5Y+W44KK5omx44GE44Gn44GZ44CCPGJyPgrjgb7jgZ/jgIHjgrXjgqTjgrrnm7TjgZfjgoLlh7rmnaXjgb7jgZvjgpPjga7jgafjgIHjgrXjgqTjgrrjgpLjgojjgY/jgYrnorrjgYvjgoHjga7kuIrjgZTms6jmlofkuIvjgZXjgYTjgII8L2I+PC9mb250Pjxicj4KPGJyPgo8YnI+CjxpbWcgc3JjPSJodHRwOi8vaW1hZ2UucmFrdXRlbi5jby5qcC92aWVhbmdlL2NhYmluZXQvcGFydHMva29rdWluX3IuanBnIj48YnI+Cjxicj4KPHRhYmxlIGJvcmRlcj0iMCIgY2VsbHNwYWNpbmc9IjAiIGNlbGxwYWRkaW5nPSI3Ij4KPHRyPjx0ZCBhbGlnbj0iY2VudGVyIiBiZ2NvbG9yPSIjQ0NDQ0ZGIj4KPGI+PGZvbnQgY29sb3I9IiNGRjMzNjYiIHNpemU9IjQiPuWPr+iDveaWh+Wtl+aVsOOBrzE55paH5a2X44Gn44GZ44CCPGJyPgrih5Lmm7jkvZPopovmnKzjga/jgZPjgaHjgok8L2ZvbnQ+PC9iPgo8L3RkPjwvdHI+Cjx0cj48dGQgYmdjb2xvcj0iI0ZGQ0M2NiI+PGNlbnRlcj48Zm9udCBzaXplPSIyImNvbG9yPSIjMDAwMEZGIj48Yj7il4bjgZTms6jmlofmlrnms5Xil4Y8L2I+PC9mb250PjwvY2VudGVyPgo8Zm9udCBzaXplPSIyIiBjb2xvcj0iIzRmNGY0ZiI+6YG45oqe6IKiPGZvbnQgY29sb3I9IiNGRjAwMDAiPuOAjOethuiomOS9k+OAjTwvZm9udD7jgYvjgIw8Zm9udCBjb2xvcj0iI0ZGMDAwMCI+44OW44Ot44OD44Kv5L2T44CNPC9mb250PuOCkumBuOOBs+OAgQrms6jmlofnlLvpnaLjga7jgIw8Zm9udCBjb2xvcj0iI0ZGMDAwMCI+44GK5bqX44G444Gu44Oh44OD44K744O844K444CNPC9mb250PuashOOBqzxicj4K5Yi75Y2w5YaF5a6544KS44GK5pu444GN5LiL44GV44GE44CCPGJyPgoK5paZ6YeR44Gv44CB44K544K/44OD44OV56K66KqN5b6M44Gr44GK6YCB44KK44GZ44KLCuOCteODs+OCr+OCueODoeODvOODq+OBq+OBpuWPjeaYoOOBleOCjOOBvuOBmeOAgjwvZm9udD4KCjwvVEQ+CiAgICA8L1RSPgogIDwvVEJPRFk+CjwvVEFCTEU+PCEtLeKWvOKWvCDlt6bluK/jg6rjg7Pjgq/jgYLjgoog4pa84pa8LS0+Cgo8ZGl2IGlkPSJoaWRhcmktb2JpIj4KCjxzdHlsZT4KI2hpZGFyaS1vYmkgewpwb3NpdGlvbjogYWJzb2x1dGU7CnRvcDowcHg7CmxlZnQ6MTBweDsKYmFja2dyb3VuZDogdXJsKCJodHRwczovL2ltYWdlLnJha3V0ZW4uY28uanAvdmllYW5nZS9jYWJpbmV0L2NhbXBhaWduL3NjYm5yXzA1MTUuanBnIikgcmVwZWF0LXkgbGVmdCB0b3AgOwp9CiNoaWRhcmktb2JpIGEgewpkaXNwbGF5OiBibG9jazsKaGVpZ2h0OjkzMDBweDsvKuODmuODvOOCuOWFqOS9k+OBrumrmOOBlSovCndpZHRoOiAxNDBweDsvKuW4r+OBruW5hSovCn0KPC9zdHlsZT4KCjwvZGl2PgoKCgo8IS0t4pa84pa8IOW3puW4r+ODquODs+OCr+OBquOBlyDilrzilrwtLT4KCgoKCjwhLS3ilrzilrwg5bem5biv44Oq44Oz44Kv44Gq44GXIOKWvOKWvC0tPgoKPCEtLQo8c3R5bGUgdHlwZT0idGV4dC9jc3MiPgpib2R5ewpiYWNrZ3JvdW5kLWltYWdlOiB1cmwoImh0dHA6Ly9pbWFnZS5yYWt1dGVuLmNvLmpwL3ZpZWFuZ2UvY2FiaW5ldC9jYW1wYWlnbi9ibnJfMTAxMi5qcGciKTsKYmFja2dyb3VuZC1yZXBlYXQ6IHJlcGVhdC15OwpiYWNrZ3JvdW5kLWF0dGFjaG1lbnQ6IHNjcm9sbDsKYmFja2dyb3VuZC1wb3NpdGlvbjpsZWZ0Cn0KPC9zdHlsZT4KLS0+CgoKCgo8c3R5bGUgdHlwZT0idGV4dC9jc3MiPgoKLyog44GK5rCX44Gr5YWl44KK5ZWG5ZOBICovCgojcmFrdXRlbkxpbWl0ZWRJZF9hcm91bmRDYXJ0ICNzZXJ2aWNlVGFibGVTbWwgdGQuZmF2b3JpdGUgewoKcGFkZGluZy10b3A6IDVweDsKCn0KCiNyYWt1dGVuTGltaXRlZElkX2Fyb3VuZENhcnQgZGl2LmJvb2ttYXJrQXJlYSBkaXYuYmttIHsKCndpZHRoOiAyOTFweCAhaW1wb3J0YW50OwoKaGVpZ2h0OjMzcHggIWltcG9ydGFudDsKCnBhZGRpbmc6IDBweCAwcHggMTBweCAwcHggIWltcG9ydGFudDsKCn0KCiNyYWt1dGVuTGltaXRlZElkX2Fyb3VuZENhcnQgZGl2LmJvb2ttYXJrQXJlYSBkaXYuYmttIGEuYWRkQmttIHsKCndpZHRoOiAyOTFweCAhaW1wb3J0YW50OwoKaGVpZ2h0OjMzcHggIWltcG9ydGFudDsKCn0KCiNyYWt1dGVuTGltaXRlZElkX2Fyb3VuZENhcnQgZGl2LmJvb2ttYXJrQXJlYSBkaXYuYmttIGEuYWRkQmttIHNwYW4uYmttU3RhciB7CgpkaXNwbGF5OiBpbmxpbmUtYmxvY2sgIWltcG9ydGFudDsKCndpZHRoOiAyOTFweCAhaW1wb3J0YW50OwoKaGVpZ2h0OjMzcHggIWltcG9ydGFudDsKCm1hcmdpbjowcHggMHB4IDEwcHggMHB4ICFpbXBvcnRhbnQ7CgpiYWNrZ3JvdW5kOiB1cmwoImh0dHA6Ly9pbWFnZS5yYWt1dGVuLmNvLmpwL3ZpZWFuZ2UvY2FiaW5ldC9ibnJfZmF2aXRlbS5qcGciKSBuby1yZXBlYXQgIWltcG9ydGFudDsKCn0KCiAKCi8qIOOBiuawl+OBq+WFpeOCiuOCt+ODp+ODg+ODlyAqLwoKZGl2LmJvb2ttYXJrQXJlYSB7Cgp3aWR0aDogMjkxcHggIWltcG9ydGFudDsKCn0KCiNyYWt1dGVuTGltaXRlZElkX2Fyb3VuZENhcnQgZGl2LnNob3BCb29rbWFya0FyZWEgZGl2LnNob3BCa20gewoKd2lkdGg6IDI5MXB4ICFpbXBvcnRhbnQ7CgpoZWlnaHQ6MzNweCAhaW1wb3J0YW50OwoKcGFkZGluZzogMHB4IDBweCAhaW1wb3J0YW50OwoKcGFkZGluZy1sZWZ0OiAwcHggIWltcG9ydGFudDsKCn0KCiNyYWt1dGVuTGltaXRlZElkX2Fyb3VuZENhcnQgZGl2LnNob3BCb29rbWFya0FyZWEgZGl2LnNob3BCa20gYS5hZGRTaG9wQmttIHNwYW4uc2hvcEJrbVN0YXIgewoKZGlzcGxheTogaW5saW5lLWJsb2NrICFpbXBvcnRhbnQ7Cgp3aWR0aDogMjkxcHggIWltcG9ydGFudDsKCmhlaWdodDozM3B4ICFpbXBvcnRhbnQ7CgptYXJnaW4tcmlnaHQ6IDBweCAhaW1wb3J0YW50OwoKYmFja2dyb3VuZDogdXJsKCJodHRwOi8vaW1hZ2UucmFrdXRlbi5jby5qcC92aWVhbmdlL2NhYmluZXQvYm5yX2ZhdnNob3AuanBnIikgbm8tcmVwZWF0ICFpbXBvcnRhbnQ7Cgp9Cjwvc3R5bGU+CgoKCgo8ZGl2IGlkPSJwcmVzZW50X2Jhc2UiIGNsYXNzPSJjbGVhcmZpeCI+CiAgIDxkaXYgY2xhc3M9InByZXNlbnRfaW1nIj48aW1nIHNyYz0iaHR0cDovL2ltYWdlLnJha3V0ZW4uY28uanAvdmllYW5nZS9jYWJpbmV0L3RtZy9mb290X3ByZTAxLmdpZiIgYWx0PSLlpKfliIfjgarjgYLjga7kurrjgavntKDmlbXjgarjg5fjg6zjgrzjg7Pjg4giIHdpZHRoPSIxOTkiIGhlaWdodD0iMjk1IiAvPjwvZGl2PgogICA8ZGl2IGNsYXNzPSJwcmVzZW50X3R4dCI+PHA+5b2T5bqX44Gv44CB5Lq65rCX44Ki44Kv44K744K144Oq44O844OW44Op44Oz44OJ44CM5aSp5L2/44Gu5Y2144CN44KE44CM5pyq5p2l5aSp5L2/44CN44KS44Gv44GY44KB44CB6KqV55Sf55+z44Gu44Oa44Oz44OA44Oz44OI44KE44Oq44Oz44Kw44Gq44Gp44CB44OX44Os44K844Oz44OI44Gr44OU44OD44K/44Oq44Gq44Ki44Kv44K744K144Oq44O844KS5Y+W5omx44GG6YCa6LKp44K344On44OD44OX44Gn44GZ44CCPC9wPjxiciAvPgrjgIzlhKrjgZfjgYTlhYnjgavjgaTjgaTjgb7jgozjgovmsLjpgaDjga7lkb3jgI3jgpLooajnj77jgZfjgZ/jgrPjg7Pjgrvjg5fjg4jjgrjjg6Xjgqjjg6rjg7zjgIzmnKrmnaXlpKnkvb/jgI3jga/mnKrmnaXjgavlkJHjgZHjgabovJ3jgZHjgovlkb3jga7jgZnjgbDjgonjgZfjgZXjgpLlpJrlvanjgarjg4bjg7zjg57jg7vjg4fjgrbjgqTjg7Pjgafooajnj77jgZfjgabjgYTjgb7jgZnjgII8YnIgLz4K44Gd44KT44Gq5pyq5p2l5aSp5L2/44GL44KJ44Gu44OX44Os44K844Oz44OI44Go44GE44GG44Kz44Oz44K744OX44OI44Gn5L2c44KJ44KM44Gf44CM5aSp5L2/44Gu5Y2144CN44Gv44CB44CM6KqV55Sf44Gu5Zac44Gz44CN44KE44CM55Sf44GN44KL44GT44Go44Gu5oSf5YuV44Go6LOe6LOb44CN44KS44OG44O844Oe44Go44GX44Gm5Ym144KJ44KM44CB5Y2144Go576944Gu44OQ44Op44Oz44K544Gu6Imv44GE44KE44GV44GX44GE44OH44K244Kk44Oz44GM5oSb44GV44KM44Gm44GE44KL44Ot44Oz44Kw44K744Op44O844Gu5Lq65rCX44Ki44Kv44K744K144Oq44O844Gn44GZ44CC5piv6Z2e44CB5aSn5YiH44Gq5Lq644G444Gu44OX44Os44K844Oz44OI562J44Gr44KC44GU5rS755So5LiL44GV44GE77yBPC9kaXY+CjwvZGl2PgoKCgoKCjwhLS3ilrzilrzilrzjg6zjg5Pjg6Xjg7zjg7vms6jmlofnirbms4HilrzilrzilrwtLT4gICAKCiAgICAgICAgICAgIDxoMj48aW1nIHNyYz0iaHR0cDovL3d3dy5yYWt1dGVuLm5lLmpwL2dvbGQvdmllYW5nZS9pbWcvdGl0bGVfMDYuanBnIiBhbHQ9IuODrOODk+ODpeODvCIgd2lkdGg9IjY4OCIgaGVpZ2h0PSI3MCIgLz48L2gyPgogICAgICAgICAgICA8YnI+PGJyPgogIAoJICA8YnI+IDxicj4gPGJyPiAKICAgICAgICAgICAgICAgICAgPGgyPjxpbWcgc3JjPSJodHRwOi8vd3d3LnJha3V0ZW4ubmUuanAvZ29sZC92aWVhbmdlL2ltZy90aXRsZV8wNy5qcGciIGFsdD0i5rOo5paH54q25rOBIiB3aWR0aD0iNjg4IiBoZWlnaHQ9IjcwIiAvPjwvaDI+CiAgICAgICAgICAgICAgICAgICAgICAgICAgICAgIDxicj4gPGJyPiAKPGJyPiA8YnI+IDxicj4=,44CQ5Yi75Y2w5a++5b+c44CR4peGTE9WRVJTIFNDRU5FIOODqeODkOODvOOCuuOCt+ODvOODs+KXhuOCt+ODq+ODkOODvOODquODs+OCsO+8iOODrOODh+OCo+ODvOOCue+8ieOAkExTUjAxMDhDWlBL44CR44CQ44K344Or44OQ44O844Oq44Oz44KwIOODmuOCouODquODs+OCsCDjg5rjgqIg5oyH6LyqIOODj+ODvOODiCDjgq3jg6Xjg7zjg5Pjg4Pjgq8g44OU44Oz44Kv44K044O844Or44OJIOODl+ODrOOCvOODs+ODiCDjg6rjg7PjgrAg5Yi75Y2w5Y+v6IO9IOOCt+ODq+ODkOODvCDjgrjjg6Xjgqjjg6rjg7wg44Ku44OV44OIIOOBi+OCj+OBhOOBhOOAkSAg5q+N44Gu5pelIOOCt+ODs+ODl+ODq++8muWkqeS9v+OBruWNtSB3aXRoIExPVkVSUyBTQ0VORQ==,5aSp5L2/44Gu5Y215pyq5p2l5aSp5L2/44K544Oa44O844K544Kv44Oq44Ko44O844K/44O844K444Ol44Ko44Oq44O844K344Or44OQ44O844Ki44Kv44K744K144Oq44O844OU44Oz44Kv44K344Or44OQ44O844ON44OD44Kv44Os44K555u05Za25bqX44Kv44Oq44K544Oe44K56ZmQ5a6a44Oa44Oz44OA44Oz44OI5oyH6Lyq44OU44Ki44K544OX44Os44K844Oz44OI44OZ44OT44O844K544OX44O844Oz44Os44OH44Kj44O844K544Op44OQ44O844K644K344O844Oz57WQ5ama5oyH6Lyq44Oa44Ki44Oq44Oz44Kw6KqV55Sf55+z44CQ5Yi75Y2w5a++5b+c44CR4peGTE9WRVJTIFNDRU5FIOODqeODkOODvOOCuuOCt+ODvOODs+KXhuOCt+ODq+ODkOODvOODquODs+OCsO+8iOODrOODh+OCo+ODvOOCue+8ieOAkExTUjAxMDhDWlBL44CR44CQ44K344Or44OQ44O844Oq44Oz44KwIOODmuOCouODquODs+OCsCDjg5rjgqIg5oyH6LyqIOODj+ODvOODiCDjgq3jg6Xjg7zjg5Pjg4Pjgq8g44OU44Oz44Kv44K044O844Or44OJIOODl+ODrOOCvOODs+ODiCDjg6rjg7PjgrAg5Yi75Y2w5Y+v6IO9IOOCt+ODq+ODkOODvCDjgrjjg6Xjgqjjg6rjg7wg44Ku44OV44OIIOOBi+OCj+OBhOOBhOOAkSAg5q+N44Gu5pelIOOCt+ODs+ODl+ODqw==,44OP44O844OI44GM5rWu44GL44Gz5LiK44GM44KL5Lq65rCX44Gu44Oa44Ki44Oq44Oz44KwIOWIu+WNsOWvvuW/nCDjg6zjg4fjgqPjg7zjgrnjgILjgJDliLvljbDlr77lv5zjgJHil4ZMT1ZFUlMgU0NFTkUg44Op44OQ44O844K644K344O844Oz4peG44K344Or44OQ44O844Oq44Oz44Kw77yI44Os44OH44Kj44O844K577yJ44CQTFNSMDEwOENaUEvjgJHjgJDjgrfjg6vjg5Djg7zjg6rjg7PjgrAg44Oa44Ki44Oq44Oz44KwIOODmuOCoiDmjIfovKog44OP44O844OIIOOCreODpeODvOODk+ODg+OCryDjg5Tjg7Pjgq/jgrTjg7zjg6vjg4kg44OX44Os44K844Oz44OIIOODquODs+OCsCDliLvljbDlj6/og70g44K344Or44OQ44O8IOOCuOODpeOCqOODquODvCDjgq7jg5Xjg4gg44GL44KP44GE44GE44CRICDmr43jga7ml6Ug44K344Oz44OX44Or[rn]
39-1021,aHR0cDovL3RzaG9wLnIxMHMuanAvdmllYW5nZS9jYWJpbmV0L2xvdmVyc19zY2VuZS9sc3IvbHNyMDA3MHBrLmpwZz9maXRpbj03MDA6NzAw,OTUwNC4wMDAw,,44K444Ol44Ko44Oq44O844O744Ki44Kv44K744K144Oq44O8ID4g44Os44OH44Kj44O844K544K444Ol44Ko44Oq44O844O744Ki44Kv44K744K144Oq44O8ID4g5oyH6Lyq44O744Oq44Oz44Kw,44CQ5Yi75Y2w5a++5b+c44CR4peGTE9WRVJTIFNDRU5FIOODqeODkOODvOOCuuOCt+ODvOODs+KXhuOCt+ODq+ODkOODvOODquODs+OCsO+8iOODrOODh+OCo+ODvOOCue+8ieOAkExTUjAwNzBEUEvjgJHjgJDjgrfjg6vjg5Djg7zjg6rjg7PjgrAg44Oa44Ki44Oq44Oz44KwIOODmuOCoiDmjIfovKog44OA44Kk44Ok44Oi44Oz44OJIOODlOODs+OCr+OCtOODvOODq+ODiSDjg5fjg6zjgrzjg7Pjg4gg44Oq44Oz44KwIOWIu+WNsOWPr+iDvSDjgrfjg6vjg5Djg7wg44K444Ol44Ko44Oq44O8IOODgOOCpOODpCDjgq7jg5Xjg4gg44GL44KP44GE44GE44CRICDmr43jga7ml6Ug44K344Oz44OX44Or,5LiK5ZOB44Gq5Y2w6LGh44Gu44OU44Oz44Kv44K044O844Or44OJ5Yqg5bel4piGIOmAgeaWmeeEoeaWmSDliLvljbDlr77lv5w=,PGNlbnRlcj48YSBocmVmPSJodHRwczovL215LmJvb2ttYXJrLnJha3V0ZW4uY28uanAvP2Z1bmM9cmVnJnN2aWQ9MTAxJnNob3BfYmlkPTIwMzk0NyZpaWQ9MTAwMDA5MjImaXR5cGU9MSB0YXJnZXQ9X2JsYW5rIj48aW1nIHNyYz0iaHR0cDovL2ltYWdlLnJha3V0ZW4uY28uanAvdmllYW5nZS9jYWJpbmV0L3BfYm5yX2Zhdml0ZW0uanBnIiBib3JkZXI9IjAiIHdpZHRoPSI2NjAiIGhlaWdodD0iMTMwIj48L2E+PC9jZW50ZXI+PGJyPjxicj48ZGl2IGlkPSJkZXRhaWxfYmFzZTIiPgo8aW1nIHNyYz0iaHR0cDovL2ltYWdlLnJha3V0ZW4uY28uanAvdmllYW5nZS9jYWJpbmV0L2NhbXBhaWduL2xzX3BjX3Rva3V0ZW4uanBnImFsdD0iTE9WRVJTIFNDRU5FIOOCreODo+ODs+ODmuODvOODsyI+PGJyPjxicj4KIAo8aW1nIHNyYz0iaHR0cDovL2ltYWdlLnJha3V0ZW4uY28uanAvdmllYW5nZS9jYWJpbmV0L2xvdmVyc19zY2VuZS9sc3IvbHNyMDA3MF9pbWFnZS5qcGciIHdpZHRoPSI2NjAiIGhlaWdodD0iNDAwIiAvPgo8YnIgLz48YnIgLz4KCjxpbWcgc3JjPSJodHRwOi8vaW1hZ2UucmFrdXRlbi5jby5qcC92aWVhbmdlL2NhYmluZXQvbG92ZXJzX3NjZW5lL2xzci9sc3IwMDcwX2ltYWdlMi5qcGciIHdpZHRoID0iNjYwIiBoZWlnaHQ9IjExMDAiIC8+CjxiciAvPjxiciAvPgo8L2Rpdj4KCjxkaXYgY2xhc3M9InNwX2dvb2RzXzEzMDVfMDkiPgoKICAgICAKICA8ZGl2IGNsYXNzPSJzcF90YW5waW5fbGVmdCI+CjxhIGhyZWY9Imh0dHA6Ly9pdGVtLnJha3V0ZW4uY28uanAvdmllYW5nZS9sc3IwMDcwZHBrLWRiay8gIj4KPGltZyBzcmM9IiBodHRwOi8vaW1hZ2UucmFrdXRlbi5jby5qcC92aWVhbmdlL2NhYmluZXQvbG92ZXJzX3NjZW5lL2xzci9sc3IwMDcwX3BhaXIuanBnIiB3aWR0aD0iMjM1IiBoZWlnaHQ9IjIzNSIgY2xhc3M9ImltZzIwIiAvPjwvYT4gICAgICAgCjxwPuOCt+ODq+ODkOODvOODmuOCouODquODs+OCsO+8iOODgOOCpOODpOODouODs+ODieWFpeOCiu+8iTxiciAvPgogICAgICAg57SEMy4wbW3Dl+e0hDEuOW1t77yI5bmFw5fljprjgb/vvIk8L3A+CjwvZGl2PgogICAgCjxkaXYgY2xhc3M9InNwX3RhbnBpbl9yaWdodCI+CjxhIGhyZWY9IiBodHRwOi8vaXRlbS5yYWt1dGVuLmNvLmpwL3ZpZWFuZ2UvbHNyMDA3MGRiay8iPgo8aW1nIHNyYz0iaHR0cDovL2ltYWdlLnJha3V0ZW4uY28uanAvdmllYW5nZS9jYWJpbmV0L2xvdmVyc19zY2VuZS9sc3IvbHNyMDA3MF90YW5waW5fbWVucy5qcGciIHdpZHRoPSIyMzUiIGhlaWdodD0iMjM1IiBjbGFzcz0iaW1nMjAiIC8+PC9hPgo8cD7jg6Hjg7Pjgrrjgrfjg6vjg5Djg7zjg6rjg7PjgrDvvIjjg4DjgqTjg6Tjg6Ljg7Pjg4nlhaXjgorvvIk8YnIgLz4KICAgICAg57SEMy4wbW3Dl+e0hDEuOW1t77yI5bmFw5fljprjgb/vvIkKICAgICAgIDwvcD4KPC9kaXY+CjwvZGl2PgoKCiAgPGltZyBzcmM9Imh0dHA6Ly9pbWFnZS5yYWt1dGVuLmNvLmpwL3ZpZWFuZ2UvY2FiaW5ldC9wYXJ0cy9sc3IwNjUwXzM5LmdpZiIgY2xhc3M9ImltZzIwIiAvPgogIDxwIGNsYXNzPSJpbWcxNSI+44Oq44Oz44Kw44KS552A44GR44KI44GG44Go6ICD44GI44Gm44GE44KL5oyH44Gu5LiA55Wq5aSq44GE6YOo5YiG44Gr57O444Gq44Gp44KS5be744GE44Gm44CB77yR5ZGo5YiG44Gu5ryU57+S44Gu6ZW344GV44KS5Zuz44KK44G+44GZ44CCPGJyIC8+CiAg44GT44Gu5ris44KK5pa544Gv44GC44GP44G+44Gn57Ch5piT55qE44Gq6KiI5ris5pa55rOV44Gn44GZ44Gu44Gn44CB5q2j56K644Gr44K144Kk44K644KS5ris44KL44Gr44Gv44CB44GK6L+R44GP44Gu44Ki44Kv44K744K144Oq44O844K344On44OD44OX44Gq44Gp44Gn44CB44CO44Oq44Oz44Kw44Ky44O844K444CP44KS5L2/55So44GX44Gm6KiI5ris44GX44Gm5LiL44GV44GE44CCPC9wPgogIDxpbWcgc3JjPSJodHRwOi8vaW1hZ2UucmFrdXRlbi5jby5qcC92aWVhbmdlL2NhYmluZXQvcGFydHMvbHNyMDY1MF80MS5naWYiIHdpZHRoPSI2NjAiIGhlaWdodD0iMTY3IiBjbGFzcz0iaW1nNjAiIC8+Cgo8ZGl2IGNsYXNzPSJjYV8wMSI+CjxpbWcgc3JjPSJodHRwOi8vaW1hZ2UucmFrdXRlbi5jby5qcC92aWVhbmdlL2NhYmluZXQvd3JhcHBpbmcvd3JhcHBpbmdfdGl0bGUuanBnIiBhbHQ9IuODqeODg+ODlOODs+OCsCI+Cgo8YnI+PGJyPjxicj4KCjx0YWJsZSBib3JkZXI9IjAiIHdpZHRoPSI2NjBweCI+Cjx0cj4KPHRkPgo8aW1nIHNyYz0iaHR0cDovL2ltYWdlLnJha3V0ZW4uY28uanAvdmllYW5nZS9jYWJpbmV0L3dyYXBwaW5nL2xzX3dyYXBfMDFfMS5qcGciIGFsdD0iTE9WRVJTIFNDRU5FICDpgJrluLjjg6njg4Pjg5Tjg7PjgrAiPgo8L3RkPgo8dGQ+CjxpbWcgc3JjPSJodHRwOi8vaW1hZ2UucmFrdXRlbi5jby5qcC92aWVhbmdlL2NhYmluZXQvd3JhcHBpbmcvbHNfd3JhcF8wMi5qcGciIGFsdD0iTE9WRVJTIFNDRU5F44CA44Ko44Kz44Op44OD44OU44Oz44KwIj4KPC90ZD4KPHRkPgo8YSAgaHJlZj0iaHR0cDovL2l0ZW0ucmFrdXRlbi5jby5qcC92aWVhbmdlL2MvMDAwMDAwMDc4MS8iPjxpbWcgc3JjPSJodHRwOi8vaW1hZ2UucmFrdXRlbi5jby5qcC92aWVhbmdlL2NhYmluZXQvd3JhcHBpbmcvbHNfd3JhcF8wMy5qcGciIGFsdD0iTE9WRVJTIFNDRU5F44CA44K544Oa44K344Oj44Or44Op44OD44OU44Oz44KwIj48L2E+CjwvdGQ+CjwvdHI+CjwvdGFibGU+CjxpbWcgc3JjPSJodHRwOi8vaW1hZ2UucmFrdXRlbi5jby5qcC92aWVhbmdlL2NhYmluZXQvd3JhcHBpbmcva2lraW4uanBnIiBhbHQ9IuWkqeS9v+OBruWNteWfuumHkSI+Cgo8YSAgaHJlZj0iaHR0cDovL2l0ZW0ucmFrdXRlbi5jby5qcC92aWVhbmdlL2MvMDAwMDAwMDc5MS8iPgo8aW1nIHNyYz0iaHR0cDovL2ltYWdlLnJha3V0ZW4uY28uanAvdmllYW5nZS9jYWJpbmV0L3dyYXBwaW5nL2xzX2NhcmQuanBnIiBhbHQ9IuODoeODg+OCu+ODvOOCuOOCq+ODvOODiSI+PC9hPgoKCjxpbWcgCnNyYz0iaHR0cDovL2ltYWdlLnJha3V0ZW4uY28uanAvdmllYW5nZS9jYWJpbmV0L2NhbXBhaWduL25vYmVfbHNfNjYwLmpwZyIgd2lkdGg9IjY2MCIgaGlnaHQ9IjIwMCIgYWx0PSJMT1ZFUlMgU0NFTkUg44OO44OZ44Or44OG44KjIj48YnI+PGJyPgo8L2Rpdj4KPFRBQkxFIGJvcmRlcj0iMCIgd2lkdGg9IjM5MCI+CiAgPFRCT0RZPgogICAgPFRSPgogICAgICA8VEQ+Cgo8Zm9udCBjb2xvcj0jNjk2OTY5IHNpemU9IjIiPgoK44Gt44GY44Gj44Gf44KI44GG44Gr6KaL44GI44KL44Op44Kk44Oz5LiK44Gr44OA44Kk44Ok44Go44Oh44OD44K744O844K444COSSdNIElOIExPVkUgV0lUSCBZT1XvvIjjgYLjgarjgZ/jgavlpKLkuK3vvInjgI/jg6zjgqTjgqLjgqbjg4jjgZfjgZ/jg6rjg7PjgrDjgIIKCgo8cD7ilqDntKDmnZDilqA8YnI+ClNWOTI177yI44OU44Oz44Kv44K044O844Or44OJ44Oh44OD44Kt77yJ44O744OA44Kk44Ok44Oi44Oz44OJPC9wPgoKPFA+4pag5aSn44GN44GV77yIbW3vvInilqA8YnI+CuW5hee0hDPDl+WOmuOBv+e0hDEuOTwvcD4KCjxwPuKWoOmHjemHj+KWoDxicj4K57SEMi44ZzwvcD4KPC9wPgoK4oC744K144Kk44K644O76YeN6YeP44Gv5aSa5bCR44Gu5YCL5L2T5beu44GM5Ye644G+44GZ4oC7IAo8L3A+PC9mb250PgogICAgICA8L1REPgogICAgPC9UUj4KICA8L1RCT0RZPgo8L1RBQkxFPgoKPGJyPgoKPGZvbnQgY29sb3I9ImZmMDAwMCI+PGI+44GT44Gu44Oq44Oz44Kw44Gv5aWH5pWw44K144Kk44K644Gu44G/44Gu44GK5Y+W44KK5omx44GE44Gn44GZ44CCPGJyPgrjgb7jgZ/jgIHjgrXjgqTjgrrnm7TjgZfjgoLlh7rmnaXjgb7jgZvjgpPjga7jgafjgIHjgrXjgqTjgrrjgpLjgojjgY/jgYrnorrjgYvjgoHjga7kuIrjgZTms6jmlofkuIvjgZXjgYTjgII8L2I+PC9mb250Pjxicj4KPGJyPjwhLS3ilrzilrwg5bem5biv44Oq44Oz44Kv44GC44KKIOKWvOKWvC0tPgoKPGRpdiBpZD0iaGlkYXJpLW9iaSI+Cgo8c3R5bGU+CiNoaWRhcmktb2JpIHsKcG9zaXRpb246IGFic29sdXRlOwp0b3A6MHB4OwpsZWZ0OjEwcHg7CmJhY2tncm91bmQ6IHVybCgiaHR0cHM6Ly9pbWFnZS5yYWt1dGVuLmNvLmpwL3ZpZWFuZ2UvY2FiaW5ldC9jYW1wYWlnbi9zY2Jucl8wNTE1LmpwZyIpIHJlcGVhdC15IGxlZnQgdG9wIDsKfQojaGlkYXJpLW9iaSBhIHsKZGlzcGxheTogYmxvY2s7CmhlaWdodDo5MzAwcHg7Lyrjg5rjg7zjgrjlhajkvZPjga7pq5jjgZUqLwp3aWR0aDogMTQwcHg7LyrluK/jga7luYUqLwp9Cjwvc3R5bGU+Cgo8L2Rpdj4KCgoKPCEtLeKWvOKWvCDlt6bluK/jg6rjg7Pjgq/jgarjgZcg4pa84pa8LS0+CgoKCgo8IS0t4pa84pa8IOW3puW4r+ODquODs+OCr+OBquOBlyDilrzilrwtLT4KCjwhLS0KPHN0eWxlIHR5cGU9InRleHQvY3NzIj4KYm9keXsKYmFja2dyb3VuZC1pbWFnZTogdXJsKCJodHRwOi8vaW1hZ2UucmFrdXRlbi5jby5qcC92aWVhbmdlL2NhYmluZXQvY2FtcGFpZ24vYm5yXzEwMTIuanBnIik7CmJhY2tncm91bmQtcmVwZWF0OiByZXBlYXQteTsKYmFja2dyb3VuZC1hdHRhY2htZW50OiBzY3JvbGw7CmJhY2tncm91bmQtcG9zaXRpb246bGVmdAp9Cjwvc3R5bGU+Ci0tPgoKCgoKPHN0eWxlIHR5cGU9InRleHQvY3NzIj4KCi8qIOOBiuawl+OBq+WFpeOCiuWVhuWTgSAqLwoKI3Jha3V0ZW5MaW1pdGVkSWRfYXJvdW5kQ2FydCAjc2VydmljZVRhYmxlU21sIHRkLmZhdm9yaXRlIHsKCnBhZGRpbmctdG9wOiA1cHg7Cgp9CgojcmFrdXRlbkxpbWl0ZWRJZF9hcm91bmRDYXJ0IGRpdi5ib29rbWFya0FyZWEgZGl2LmJrbSB7Cgp3aWR0aDogMjkxcHggIWltcG9ydGFudDsKCmhlaWdodDozM3B4ICFpbXBvcnRhbnQ7CgpwYWRkaW5nOiAwcHggMHB4IDEwcHggMHB4ICFpbXBvcnRhbnQ7Cgp9CgojcmFrdXRlbkxpbWl0ZWRJZF9hcm91bmRDYXJ0IGRpdi5ib29rbWFya0FyZWEgZGl2LmJrbSBhLmFkZEJrbSB7Cgp3aWR0aDogMjkxcHggIWltcG9ydGFudDsKCmhlaWdodDozM3B4ICFpbXBvcnRhbnQ7Cgp9CgojcmFrdXRlbkxpbWl0ZWRJZF9hcm91bmRDYXJ0IGRpdi5ib29rbWFya0FyZWEgZGl2LmJrbSBhLmFkZEJrbSBzcGFuLmJrbVN0YXIgewoKZGlzcGxheTogaW5saW5lLWJsb2NrICFpbXBvcnRhbnQ7Cgp3aWR0aDogMjkxcHggIWltcG9ydGFudDsKCmhlaWdodDozM3B4ICFpbXBvcnRhbnQ7CgptYXJnaW46MHB4IDBweCAxMHB4IDBweCAhaW1wb3J0YW50OwoKYmFja2dyb3VuZDogdXJsKCJodHRwOi8vaW1hZ2UucmFrdXRlbi5jby5qcC92aWVhbmdlL2NhYmluZXQvYm5yX2Zhdml0ZW0uanBnIikgbm8tcmVwZWF0ICFpbXBvcnRhbnQ7Cgp9CgogCgovKiDjgYrmsJfjgavlhaXjgorjgrfjg6fjg4Pjg5cgKi8KCmRpdi5ib29rbWFya0FyZWEgewoKd2lkdGg6IDI5MXB4ICFpbXBvcnRhbnQ7Cgp9CgojcmFrdXRlbkxpbWl0ZWRJZF9hcm91bmRDYXJ0IGRpdi5zaG9wQm9va21hcmtBcmVhIGRpdi5zaG9wQmttIHsKCndpZHRoOiAyOTFweCAhaW1wb3J0YW50OwoKaGVpZ2h0OjMzcHggIWltcG9ydGFudDsKCnBhZGRpbmc6IDBweCAwcHggIWltcG9ydGFudDsKCnBhZGRpbmctbGVmdDogMHB4ICFpbXBvcnRhbnQ7Cgp9CgojcmFrdXRlbkxpbWl0ZWRJZF9hcm91bmRDYXJ0IGRpdi5zaG9wQm9va21hcmtBcmVhIGRpdi5zaG9wQmttIGEuYWRkU2hvcEJrbSBzcGFuLnNob3BCa21TdGFyIHsKCmRpc3BsYXk6IGlubGluZS1ibG9jayAhaW1wb3J0YW50OwoKd2lkdGg6IDI5MXB4ICFpbXBvcnRhbnQ7CgpoZWlnaHQ6MzNweCAhaW1wb3J0YW50OwoKbWFyZ2luLXJpZ2h0OiAwcHggIWltcG9ydGFudDsKCmJhY2tncm91bmQ6IHVybCgiaHR0cDovL2ltYWdlLnJha3V0ZW4uY28uanAvdmllYW5nZS9jYWJpbmV0L2Jucl9mYXZzaG9wLmpwZyIpIG5vLXJlcGVhdCAhaW1wb3J0YW50OwoKfQo8L3N0eWxlPgoKCgoKPGRpdiBpZD0icHJlc2VudF9iYXNlIiBjbGFzcz0iY2xlYXJmaXgiPgogICA8ZGl2IGNsYXNzPSJwcmVzZW50X2ltZyI+PGltZyBzcmM9Imh0dHA6Ly9pbWFnZS5yYWt1dGVuLmNvLmpwL3ZpZWFuZ2UvY2FiaW5ldC90bWcvZm9vdF9wcmUwMS5naWYiIGFsdD0i5aSn5YiH44Gq44GC44Gu5Lq644Gr57Sg5pW144Gq44OX44Os44K844Oz44OIIiB3aWR0aD0iMTk5IiBoZWlnaHQ9IjI5NSIgLz48L2Rpdj4KICAgPGRpdiBjbGFzcz0icHJlc2VudF90eHQiPjxwPuW9k+W6l+OBr+OAgeS6uuawl+OCouOCr+OCu+OCteODquODvOODluODqeODs+ODieOAjOWkqeS9v+OBruWNteOAjeOChOOAjOacquadpeWkqeS9v+OAjeOCkuOBr+OBmOOCgeOAgeiqleeUn+efs+OBruODmuODs+ODgOODs+ODiOOChOODquODs+OCsOOBquOBqeOAgeODl+ODrOOCvOODs+ODiOOBq+ODlOODg+OCv+ODquOBquOCouOCr+OCu+OCteODquODvOOCkuWPluaJseOBhumAmuiyqeOCt+ODp+ODg+ODl+OBp+OBmeOAgjwvcD48YnIgLz4K44CM5YSq44GX44GE5YWJ44Gr44Gk44Gk44G+44KM44KL5rC46YGg44Gu5ZG944CN44KS6KGo54++44GX44Gf44Kz44Oz44K744OX44OI44K444Ol44Ko44Oq44O844CM5pyq5p2l5aSp5L2/44CN44Gv5pyq5p2l44Gr5ZCR44GR44Gm6Lyd44GR44KL5ZG944Gu44GZ44Gw44KJ44GX44GV44KS5aSa5b2p44Gq44OG44O844Oe44O744OH44K244Kk44Oz44Gn6KGo54++44GX44Gm44GE44G+44GZ44CCPGJyIC8+CuOBneOCk+OBquacquadpeWkqeS9v+OBi+OCieOBruODl+ODrOOCvOODs+ODiOOBqOOBhOOBhuOCs+ODs+OCu+ODl+ODiOOBp+S9nOOCieOCjOOBn+OAjOWkqeS9v+OBruWNteOAjeOBr+OAgeOAjOiqleeUn+OBruWWnOOBs+OAjeOChOOAjOeUn+OBjeOCi+OBk+OBqOOBruaEn+WLleOBqOiznuizm+OAjeOCkuODhuODvOODnuOBqOOBl+OBpuWJteOCieOCjOOAgeWNteOBqOe+veOBruODkOODqeODs+OCueOBruiJr+OBhOOChOOBleOBl+OBhOODh+OCtuOCpOODs+OBjOaEm+OBleOCjOOBpuOBhOOCi+ODreODs+OCsOOCu+ODqeODvOOBruS6uuawl+OCouOCr+OCu+OCteODquODvOOBp+OBmeOAguaYr+mdnuOAgeWkp+WIh+OBquS6uuOBuOOBruODl+ODrOOCvOODs+ODiOetieOBq+OCguOBlOa0u+eUqOS4i+OBleOBhO+8gTwvZGl2Pgo8L2Rpdj4KCgoKCgo8IS0t4pa84pa84pa844Os44OT44Ol44O844O75rOo5paH54q25rOB4pa84pa84pa8LS0+ICAgCgogICAgICAgICAgICA8aDI+PGltZyBzcmM9Imh0dHA6Ly93d3cucmFrdXRlbi5uZS5qcC9nb2xkL3ZpZWFuZ2UvaW1nL3RpdGxlXzA2LmpwZyIgYWx0PSLjg6zjg5Pjg6Xjg7wiIHdpZHRoPSI2ODgiIGhlaWdodD0iNzAiIC8+PC9oMj4KICAgICAgICAgICAgPGJyPjxicj4KICAKCSAgPGJyPiA8YnI+IDxicj4gCiAgICAgICAgICAgICAgICAgIDxoMj48aW1nIHNyYz0iaHR0cDovL3d3dy5yYWt1dGVuLm5lLmpwL2dvbGQvdmllYW5nZS9pbWcvdGl0bGVfMDcuanBnIiBhbHQ9IuazqOaWh+eKtuazgSIgd2lkdGg9IjY4OCIgaGVpZ2h0PSI3MCIgLz48L2gyPgogICAgICAgICAgICAgICAgICAgICAgICAgICAgICA8YnI+IDxicj4gCjxicj4gPGJyPiA8YnI+,44CQ5Yi75Y2w5a++5b+c44CR4peGTE9WRVJTIFNDRU5FIOODqeODkOODvOOCuuOCt+ODvOODs+KXhuOCt+ODq+ODkOODvOODquODs+OCsO+8iOODrOODh+OCo+ODvOOCue+8ieOAkExTUjAwNzBEUEvjgJHjgJDjgrfjg6vjg5Djg7zjg6rjg7PjgrAg44Oa44Ki44Oq44Oz44KwIOODmuOCoiDmjIfovKog44OA44Kk44Ok44Oi44Oz44OJIOODlOODs+OCr+OCtOODvOODq+ODiSDjg5fjg6zjgrzjg7Pjg4gg44Oq44Oz44KwIOWIu+WNsOWPr+iDvSDjgrfjg6vjg5Djg7wg44K444Ol44Ko44Oq44O8IOODgOOCpOODpCDjgq7jg5Xjg4gg44GL44KP44GE44GE44CRICDmr43jga7ml6Ug44K344Oz44OX44Or77ya5aSp5L2/44Gu5Y21IHdpdGggTE9WRVJTIFNDRU5F,5aSp5L2/44Gu5Y215pyq5p2l5aSp5L2/44K544Oa44O844K544Kv44Oq44Ko44O844K/44O844K444Ol44Ko44Oq44O844K344Or44OQ44O844Ki44Kv44K744K144Oq44O844OU44Oz44Kv44K344Or44OQ44O844ON44OD44Kv44Os44K555u05Za25bqX44Kv44Oq44K544Oe44K56ZmQ5a6a44Oa44Oz44OA44Oz44OI5oyH6Lyq44OU44Ki44K544OX44Os44K844Oz44OI44OZ44OT44O844K544OX44O844Oz44Os44OH44Kj44O844K544Op44OQ44O844K644K344O844Oz57WQ5ama5oyH6Lyq44Oa44Ki44Oq44Oz44Kw6KqV55Sf55+z44CQ5Yi75Y2w5a++5b+c44CR4peGTE9WRVJTIFNDRU5FIOODqeODkOODvOOCuuOCt+ODvOODs+KXhuOCt+ODq+ODkOODvOODquODs+OCsO+8iOODrOODh+OCo+ODvOOCue+8ieOAkExTUjAwNzBEUEvjgJHjgJDjgrfjg6vjg5Djg7zjg6rjg7PjgrAg44Oa44Ki44Oq44Oz44KwIOODmuOCoiDmjIfovKog44OA44Kk44Ok44Oi44Oz44OJIOODlOODs+OCr+OCtOODvOODq+ODiSDjg5fjg6zjgrzjg7Pjg4gg44Oq44Oz44KwIOWIu+WNsOWPr+iDvSDjgrfjg6vjg5Djg7wg44K444Ol44Ko44Oq44O8IOODgOOCpOODpCDjgq7jg5Xjg4gg44GL44KP44GE44GE44CRICDmr43jga7ml6Ug44K344Oz44OX44Or,5LiK5ZOB44Gq5Y2w6LGh44Gu44OU44Oz44Kv44K044O844Or44OJ5Yqg5bel4piGIOmAgeaWmeeEoeaWmSDliLvljbDlr77lv5zjgILjgJDliLvljbDlr77lv5zjgJHil4ZMT1ZFUlMgU0NFTkUg44Op44OQ44O844K644K344O844Oz4peG44K344Or44OQ44O844Oq44Oz44Kw77yI44Os44OH44Kj44O844K577yJ44CQTFNSMDA3MERQS+OAkeOAkOOCt+ODq+ODkOODvOODquODs+OCsCDjg5rjgqLjg6rjg7PjgrAg44Oa44KiIOaMh+i8qiDjg4DjgqTjg6Tjg6Ljg7Pjg4kg44OU44Oz44Kv44K044O844Or44OJIOODl+ODrOOCvOODs+ODiCDjg6rjg7PjgrAg5Yi75Y2w5Y+v6IO9IOOCt+ODq+ODkOODvCDjgrjjg6Xjgqjjg6rjg7wg44OA44Kk44OkIOOCruODleODiCDjgYvjgo/jgYTjgYTjgJEgIOavjeOBruaXpSDjgrfjg7Pjg5fjg6s=[rn]
39-1022,aHR0cDovL3RzaG9wLnIxMHMuanAvdmllYW5nZS9jYWJpbmV0L2xvdmVyc19zY2VuZS9sc3IvbHNyMDEwOWRwa3JtLmpwZz9maXRpbj03MDA6NzAw,NzYwMy4yMDAw,,44K444Ol44Ko44Oq44O844O744Ki44Kv44K744K144Oq44O8ID4g44Os44OH44Kj44O844K544K444Ol44Ko44Oq44O844O744Ki44Kv44K744K144Oq44O8ID4g5oyH6Lyq44O744Oq44Oz44Kw,44CQ5Yi75Y2w5a++5b+c44CR4peGTE9WRVJTIFNDRU5FIOODqeODkOODvOOCuuOCt+ODvOODs+KXhuOCt+ODq+ODkOODvOODquODs+OCsO+8iOODrOODh+OCo+ODvOOCue+8ieOAkExTUjAxMDlEUEtSTeOAkeOAkOOCt+ODq+ODkOODvOODquODs+OCsCDjg5rjgqLjg6rjg7PjgrAg44Oa44KiIOaMh+i8qiDjg4DjgqTjg6Tjg6Ljg7Pjg4kg44Ot44K444Km44Og5Yqg5belIOODl+ODrOOCvOODs+ODiCDjg6rjg7PjgrAg5Yi75Y2w5Y+v6IO9IOOCt+ODq+ODkOODvCDjgrjjg6Xjgqjjg6rjg7wg44OA44Kk44OkIOOCruODleODiCDjgYvjgo/jgYTjgYTjgJEgIOavjeOBruaXpSDjgrfjg7Pjg5fjg6s=,44Kq44K344Oj44Os44Gq77yS44OI44O844Oz44Kr44Op44O844Oq44Oz44Kw4piGIOODgOOCpOODpOODouODs+ODiSDliLvljbDlr77lv5w=,PGNlbnRlcj48YSBocmVmPSJodHRwczovL215LmJvb2ttYXJrLnJha3V0ZW4uY28uanAvP2Z1bmM9cmVnJnN2aWQ9MTAxJnNob3BfYmlkPTIwMzk0NyZpaWQ9MTAwMDEzODcmaXR5cGU9MSB0YXJnZXQ9X2JsYW5rIj48aW1nIHNyYz0iaHR0cDovL2ltYWdlLnJha3V0ZW4uY28uanAvdmllYW5nZS9jYWJpbmV0L3BfYm5yX2Zhdml0ZW0uanBnIiBib3JkZXI9IjAiIHdpZHRoPSI2NjAiIGhlaWdodD0iMTMwIj48L2E+PC9jZW50ZXI+PGJyPjxicj48ZGl2IGlkPSJkZXRhaWxfYmFzZTIiPgo8aW1nIHNyYz0iaHR0cDovL2ltYWdlLnJha3V0ZW4uY28uanAvdmllYW5nZS9jYWJpbmV0L2NhbXBhaWduL2xzX3BjX3Rva3V0ZW4uanBnImFsdD0iTE9WRVJTIFNDRU5FIOOCreODo+ODs+ODmuODvOODsyI+PGJyPjxicj4KCjxpbWcgc3JjPSJodHRwOi8vaW1hZ2UucmFrdXRlbi5jby5qcC92aWVhbmdlL2NhYmluZXQvbG92ZXJzX3NjZW5lL2xzci9sc3IwMTA5X2ltYWdlLmpwZyIgd2lkdGg9IjY2MCIgaGVpZ2h0PSIzNjAiIC8+CjxiciAvPjxiciAvPgoKPGltZyBzcmM9Imh0dHA6Ly9pbWFnZS5yYWt1dGVuLmNvLmpwL3ZpZWFuZ2UvY2FiaW5ldC9sb3ZlcnNfc2NlbmUvbHNyL2xzcjAxMDlfaW1hZ2UyLmpwZyIgd2lkdGg9IjY2MCIgaGVpZ2h0PSIxMDAwIiAvPgo8YnIgLz48YnIgLz4KPC9kaXY+CgoKPGRpdiBjbGFzcz0ic3BfZ29vZHNfMTMwNV8wOSI+CgogICAgIAogIDxkaXYgY2xhc3M9InNwX3RhbnBpbl9sZWZ0Ij4KPGEgaHJlZj0iaHR0cDovL2l0ZW0ucmFrdXRlbi5jby5qcC92aWVhbmdlL2xzcjAxMDlkcGtybS1kYmtybS8iPgo8aW1nIHNyYz0iIGh0dHA6Ly9pbWFnZS5yYWt1dGVuLmNvLmpwL3ZpZWFuZ2UvY2FiaW5ldC9sb3ZlcnNfc2NlbmUvbHNyL2xzcjAxMDlfcGFpci5qcGciIHdpZHRoPSIyMzUiIGhlaWdodD0iMjM1IiBjbGFzcz0iaW1nMjAiIC8+PC9hPiAgICAgICAKPHA+44K344Or44OQ44O844Oa44Ki44Oq44Oz44KwPGJyIC8+CiAgICAgICDntIQyLjZtbcOX57SEMS44bW3vvIjluYXDl+WOmuOBv++8iTwvcD4KPC9kaXY+CiAgICAKPGRpdiBjbGFzcz0ic3BfdGFucGluX3JpZ2h0Ij4KPGEgaHJlZj0iIGh0dHA6Ly9pdGVtLnJha3V0ZW4uY28uanAvdmllYW5nZS9sc3IwMTA5ZGJrcm0vIj4KPGltZyBzcmM9IiBodHRwOi8vaW1hZ2UucmFrdXRlbi5jby5qcC92aWVhbmdlL2NhYmluZXQvbG92ZXJzX3NjZW5lL2xzci9sc3IwMTA5X3RhbnBpbl9tZW5zLmpwZyIgd2lkdGg9IjIzNSIgaGVpZ2h0PSIyMzUiIGNsYXNzPSJpbWcyMCIgLz48L2E+CiAgICAgIDxwPuODoeODs+OCuuOCt+ODq+ODkOODvOODquODs+OCsO+8iOS4gOmDqOODluODqeODg+OCr+OCs+ODvOODhuOCo+ODs+OCsO+8iTxiciAvPgogICAgICDntIQyLjZtbcOX57SEMS44bW3vvIjluYXDl+WOmuOBv++8iQogICAgICAgPC9wPgo8L2Rpdj4KPC9kaXY+CgoKIDxpbWcgc3JjPSJodHRwOi8vaW1hZ2UucmFrdXRlbi5jby5qcC92aWVhbmdlL2NhYmluZXQvcGFydHMvbHNyMDY1MF8zOS5naWYiIGNsYXNzPSJpbWcyMCIgLz4KICA8cCBjbGFzcz0iaW1nMTUiPuODquODs+OCsOOCkuedgOOBkeOCiOOBhuOBqOiAg+OBiOOBpuOBhOOCi+aMh+OBruS4gOeVquWkquOBhOmDqOWIhuOBq+ezuOOBquOBqeOCkuW3u+OBhOOBpuOAge+8keWRqOWIhuOBrua8lOe/kuOBrumVt+OBleOCkuWbs+OCiuOBvuOBmeOAgjxiciAvPgogIOOBk+OBrua4rOOCiuaWueOBr+OBguOBj+OBvuOBp+ewoeaYk+eahOOBquioiOa4rOaWueazleOBp+OBmeOBruOBp+OAgeato+eiuuOBq+OCteOCpOOCuuOCkua4rOOCi+OBq+OBr+OAgeOBiui/keOBj+OBruOCouOCr+OCu+OCteODquODvOOCt+ODp+ODg+ODl+OBquOBqeOBp+OAgeOAjuODquODs+OCsOOCsuODvOOCuOOAj+OCkuS9v+eUqOOBl+OBpuioiOa4rOOBl+OBpuS4i+OBleOBhOOAgjwvcD4KICA8aW1nIHNyYz0iaHR0cDovL2ltYWdlLnJha3V0ZW4uY28uanAvdmllYW5nZS9jYWJpbmV0L3BhcnRzL2xzcjA2NTBfNDEuZ2lmIiB3aWR0aD0iNjYwIiBoZWlnaHQ9IjE2NyIgY2xhc3M9ImltZzYwIiAvPgoKPGRpdiBjbGFzcz0iY2FfMDEiPgo8aW1nIHNyYz0iaHR0cDovL2ltYWdlLnJha3V0ZW4uY28uanAvdmllYW5nZS9jYWJpbmV0L3dyYXBwaW5nL3dyYXBwaW5nX3RpdGxlLmpwZyIgYWx0PSLjg6njg4Pjg5Tjg7PjgrAiPgoKPGJyPjxicj48YnI+Cgo8dGFibGUgYm9yZGVyPSIwIiB3aWR0aD0iNjYwcHgiPgo8dHI+Cjx0ZD4KPGltZyBzcmM9Imh0dHA6Ly9pbWFnZS5yYWt1dGVuLmNvLmpwL3ZpZWFuZ2UvY2FiaW5ldC93cmFwcGluZy9sc193cmFwXzAxXzEuanBnIiBhbHQ9IkxPVkVSUyBTQ0VORSAg6YCa5bi444Op44OD44OU44Oz44KwIj4KPC90ZD4KPHRkPgo8aW1nIHNyYz0iaHR0cDovL2ltYWdlLnJha3V0ZW4uY28uanAvdmllYW5nZS9jYWJpbmV0L3dyYXBwaW5nL2xzX3dyYXBfMDIuanBnIiBhbHQ9IkxPVkVSUyBTQ0VOReOAgOOCqOOCs+ODqeODg+ODlOODs+OCsCI+CjwvdGQ+Cjx0ZD4KPGEgIGhyZWY9Imh0dHA6Ly9pdGVtLnJha3V0ZW4uY28uanAvdmllYW5nZS9jLzAwMDAwMDA3ODEvIj48aW1nIHNyYz0iaHR0cDovL2ltYWdlLnJha3V0ZW4uY28uanAvdmllYW5nZS9jYWJpbmV0L3dyYXBwaW5nL2xzX3dyYXBfMDMuanBnIiBhbHQ9IkxPVkVSUyBTQ0VOReOAgOOCueODmuOCt+ODo+ODq+ODqeODg+ODlOODs+OCsCI+PC9hPgo8L3RkPgo8L3RyPgo8L3RhYmxlPgo8aW1nIHNyYz0iaHR0cDovL2ltYWdlLnJha3V0ZW4uY28uanAvdmllYW5nZS9jYWJpbmV0L3dyYXBwaW5nL2tpa2luLmpwZyIgYWx0PSLlpKnkvb/jga7ljbXln7rph5EiPgoKPGEgIGhyZWY9Imh0dHA6Ly9pdGVtLnJha3V0ZW4uY28uanAvdmllYW5nZS9jLzAwMDAwMDA3OTEvIj4KPGltZyBzcmM9Imh0dHA6Ly9pbWFnZS5yYWt1dGVuLmNvLmpwL3ZpZWFuZ2UvY2FiaW5ldC93cmFwcGluZy9sc19jYXJkLmpwZyIgYWx0PSLjg6Hjg4Pjgrvjg7zjgrjjgqvjg7zjg4kiPjwvYT4KCgo8aW1nIApzcmM9Imh0dHA6Ly9pbWFnZS5yYWt1dGVuLmNvLmpwL3ZpZWFuZ2UvY2FiaW5ldC9jYW1wYWlnbi9ub2JlX2xzXzY2MC5qcGciIHdpZHRoPSI2NjAiIGhpZ2h0PSIyMDAiIGFsdD0iTE9WRVJTIFNDRU5FIOODjuODmeODq+ODhuOCoyI+PGJyPjxicj4KPC9kaXY+PHRhYmxlIGJvcmRlcj0iMCIgd2lkdGg9IjM5MCI+CiAgPHRib2R5PgogICAgPHRyPgogICAgICA8dGQgaGVpZ2h0PSIyMzEiPiA8Zm9udCBjb2xvcj0jNjk2OTY5IHNpemU9IjIiPiDkuK3lpK7jgavlhYnjgovjga7jga/jg4DjgqTjg6Tjg6Ljg7Pjg4njgII8QlI+CuODlOODs+OCr+OBqOOCt+ODq+ODkOODvOOBru+8kuODiOODvOODs+OBjOWNsOixoeeahOOBquODquODs+OCsOOAgjwvZm9udD48YnI+CiAgICAgICAgICA8YnI+CiAgICAgICAgICA8Zm9udCBjb2xvcj0jMDA5OUZGIHNpemU9IjIiPiDjg5bjg6njg4Pjgq/jgajjga7jg5rjgqLkvb/nlKjjgoLjgqrjgrnjgrnjg6HjgafjgZnjgII8L2ZvbnQ+PGJyPgogICAgICAgICAgPGJyPgogICAgICAgICAgPGZvbnQgY29sb3I9IzAwOTlGRiBzaXplPSIyIj7jg5rjgqLllYblk4Hjga7jgYrmsYLjgoHjga/jgZPjgaHjgok8L2ZvbnQ+PGJyPgogIDxicj4KICA8Zm9udCBjb2xvcj0jNjk2OTY5IHNpemU9IjIiPuKWoOe0oOadkOKWoDwvZm9udD48YnI+CiAgICAgICAgICA8YnI+CiAgICAgICAgICA8Zm9udCBjb2xvcj0jNjk2OTY5IHNpemU9IjIiPlNWOTI177yI44Ot44K444Km44Og44CB5LiA6YOo44OU44Oz44Kv44K044O844Or44OJ44Kz44O844OG44Kj44Oz44Kw77yJPEJSPgrjg4DjgqTjg6Tjg6Ljg7Pjg4k8L2ZvbnQ+PGJyPgogICAgICAgICAgPGJyPgogICAgICAgICAgPGZvbnQgY29sb3I9IzY5Njk2OSBzaXplPSIyIj7ilqDlpKfjgY3jgZUobW0p4pagPC9mb250Pjxicj4KICAgICAgICAgIDxicj4KICAgICAgICAgIDxmb250IGNvbG9yPSM2OTY5Njkgc2l6ZT0iMiI+5bmF57SEMi42w5fljprjgb/ntIQxLjg8L2ZvbnQ+PGJyPgogICAgICAgICAgPGJyPgogICAgICAgICAgPGZvbnQgY29sb3I9IzY5Njk2OSBzaXplPSIyIj7ilqDph43ph4/ilqA8L2ZvbnQ+PGJyPgogICAgICAgICAgPGJyPgogICAgICAgICAgPGZvbnQgY29sb3I9IzY5Njk2OSBzaXplPSIyIj7ntIQyLjVnPC9mb250Pjxicj4KICAgICAgICAgIDxmb250IGNvbG9yPSM2OTY5Njkgc2l6ZT0iLTIiPuKAu+OCteOCpOOCuuODu+mHjemHj+OBq+OBr+WkmuWwkeOBruWAi+S9k+W3ruOBjOWHuuOBvuOBmeKAuzwvZm9udD48YnI+Cjxicj4KPGZvbnQgY29sb3I9ImZmMDAwMCI+PGI+44GT44Gu44Oq44Oz44Kw44Gv5aWH5pWw44K144Kk44K644Gu44G/44Gu44GK5Y+W44KK5omx44GE44Gn44GZ44CCPGJyPgrjgb7jgZ/jgIHjgrXjgqTjgrrnm7TjgZfjgoLlh7rmnaXjgb7jgZvjgpPjga7jgafjgIHjgrXjgqTjgrrjgpLjgojjgY/jgYrnorrjgYvjgoHjga7kuIrjgZTms6jmlofkuIvjgZXjgYTjgII8L2I+PC9mb250Pjxicj4KPGJyPgo8YnI+CjxpbWcgc3JjPSJodHRwOi8vaW1hZ2UucmFrdXRlbi5jby5qcC92aWVhbmdlL2NhYmluZXQvcGFydHMva29rdWluX3IuanBnIj48YnI+Cjxicj4KPHRhYmxlIGJvcmRlcj0iMCIgY2VsbHNwYWNpbmc9IjAiIGNlbGxwYWRkaW5nPSI3Ij4KPHRyPjx0ZCBhbGlnbj0iY2VudGVyIiBiZ2NvbG9yPSIjQ0NDQ0ZGIj4KPGI+PGZvbnQgY29sb3I9IiNGRjMzNjYiIHNpemU9IjQiPuWPr+iDveaWh+Wtl+aVsOOBrzE55paH5a2X44Gn44GZ44CCPGJyPgrih5Lmm7jkvZPopovmnKzjga/jgZPjgaHjgok8L2ZvbnQ+PC9iPgo8L3RkPjwvdHI+Cjx0cj48dGQgYmdjb2xvcj0iI0ZGQ0M2NiI+PGNlbnRlcj48Zm9udCBzaXplPSIyImNvbG9yPSIjMDAwMEZGIj48Yj7il4bjgZTms6jmlofmlrnms5Xil4Y8L2I+PC9mb250PjwvY2VudGVyPgo8Zm9udCBzaXplPSIyIiBjb2xvcj0iIzRmNGY0ZiI+6YG45oqe6IKiPGZvbnQgY29sb3I9IiNGRjAwMDAiPuOAjOethuiomOS9k+OAjTwvZm9udD7jgYvjgIw8Zm9udCBjb2xvcj0iI0ZGMDAwMCI+44OW44Ot44OD44Kv5L2T44CNPC9mb250PuOCkumBuOOBs+OAgQrms6jmlofnlLvpnaLjga7jgIw8Zm9udCBjb2xvcj0iI0ZGMDAwMCI+44GK5bqX44G444Gu44Oh44OD44K744O844K444CNPC9mb250PuashOOBqzxicj4K5Yi75Y2w5YaF5a6544KS44GK5pu444GN5LiL44GV44GE44CCPGJyPgoK5paZ6YeR44Gv44CB44K544K/44OD44OV56K66KqN5b6M44Gr44GK6YCB44KK44GZ44KLCuOCteODs+OCr+OCueODoeODvOODq+OBq+OBpuWPjeaYoOOBleOCjOOBvuOBmeOAgjwvZm9udD4KCjwvVEQ+CiAgICA8L1RSPgogIDwvVEJPRFk+CjwvVEFCTEU+PCEtLeKWvOKWvCDlt6bluK/jg6rjg7Pjgq/jgYLjgoog4pa84pa8LS0+Cgo8ZGl2IGlkPSJoaWRhcmktb2JpIj4KCjxzdHlsZT4KI2hpZGFyaS1vYmkgewpwb3NpdGlvbjogYWJzb2x1dGU7CnRvcDowcHg7CmxlZnQ6MTBweDsKYmFja2dyb3VuZDogdXJsKCJodHRwczovL2ltYWdlLnJha3V0ZW4uY28uanAvdmllYW5nZS9jYWJpbmV0L2NhbXBhaWduL3NjYm5yXzA1MTUuanBnIikgcmVwZWF0LXkgbGVmdCB0b3AgOwp9CiNoaWRhcmktb2JpIGEgewpkaXNwbGF5OiBibG9jazsKaGVpZ2h0OjkzMDBweDsvKuODmuODvOOCuOWFqOS9k+OBrumrmOOBlSovCndpZHRoOiAxNDBweDsvKuW4r+OBruW5hSovCn0KPC9zdHlsZT4KCjwvZGl2PgoKCgo8IS0t4pa84pa8IOW3puW4r+ODquODs+OCr+OBquOBlyDilrzilrwtLT4KCgoKCjwhLS3ilrzilrwg5bem5biv44Oq44Oz44Kv44Gq44GXIOKWvOKWvC0tPgoKPCEtLQo8c3R5bGUgdHlwZT0idGV4dC9jc3MiPgpib2R5ewpiYWNrZ3JvdW5kLWltYWdlOiB1cmwoImh0dHA6Ly9pbWFnZS5yYWt1dGVuLmNvLmpwL3ZpZWFuZ2UvY2FiaW5ldC9jYW1wYWlnbi9ibnJfMTAxMi5qcGciKTsKYmFja2dyb3VuZC1yZXBlYXQ6IHJlcGVhdC15OwpiYWNrZ3JvdW5kLWF0dGFjaG1lbnQ6IHNjcm9sbDsKYmFja2dyb3VuZC1wb3NpdGlvbjpsZWZ0Cn0KPC9zdHlsZT4KLS0+CgoKCgo8c3R5bGUgdHlwZT0idGV4dC9jc3MiPgoKLyog44GK5rCX44Gr5YWl44KK5ZWG5ZOBICovCgojcmFrdXRlbkxpbWl0ZWRJZF9hcm91bmRDYXJ0ICNzZXJ2aWNlVGFibGVTbWwgdGQuZmF2b3JpdGUgewoKcGFkZGluZy10b3A6IDVweDsKCn0KCiNyYWt1dGVuTGltaXRlZElkX2Fyb3VuZENhcnQgZGl2LmJvb2ttYXJrQXJlYSBkaXYuYmttIHsKCndpZHRoOiAyOTFweCAhaW1wb3J0YW50OwoKaGVpZ2h0OjMzcHggIWltcG9ydGFudDsKCnBhZGRpbmc6IDBweCAwcHggMTBweCAwcHggIWltcG9ydGFudDsKCn0KCiNyYWt1dGVuTGltaXRlZElkX2Fyb3VuZENhcnQgZGl2LmJvb2ttYXJrQXJlYSBkaXYuYmttIGEuYWRkQmttIHsKCndpZHRoOiAyOTFweCAhaW1wb3J0YW50OwoKaGVpZ2h0OjMzcHggIWltcG9ydGFudDsKCn0KCiNyYWt1dGVuTGltaXRlZElkX2Fyb3VuZENhcnQgZGl2LmJvb2ttYXJrQXJlYSBkaXYuYmttIGEuYWRkQmttIHNwYW4uYmttU3RhciB7CgpkaXNwbGF5OiBpbmxpbmUtYmxvY2sgIWltcG9ydGFudDsKCndpZHRoOiAyOTFweCAhaW1wb3J0YW50OwoKaGVpZ2h0OjMzcHggIWltcG9ydGFudDsKCm1hcmdpbjowcHggMHB4IDEwcHggMHB4ICFpbXBvcnRhbnQ7CgpiYWNrZ3JvdW5kOiB1cmwoImh0dHA6Ly9pbWFnZS5yYWt1dGVuLmNvLmpwL3ZpZWFuZ2UvY2FiaW5ldC9ibnJfZmF2aXRlbS5qcGciKSBuby1yZXBlYXQgIWltcG9ydGFudDsKCn0KCiAKCi8qIOOBiuawl+OBq+WFpeOCiuOCt+ODp+ODg+ODlyAqLwoKZGl2LmJvb2ttYXJrQXJlYSB7Cgp3aWR0aDogMjkxcHggIWltcG9ydGFudDsKCn0KCiNyYWt1dGVuTGltaXRlZElkX2Fyb3VuZENhcnQgZGl2LnNob3BCb29rbWFya0FyZWEgZGl2LnNob3BCa20gewoKd2lkdGg6IDI5MXB4ICFpbXBvcnRhbnQ7CgpoZWlnaHQ6MzNweCAhaW1wb3J0YW50OwoKcGFkZGluZzogMHB4IDBweCAhaW1wb3J0YW50OwoKcGFkZGluZy1sZWZ0OiAwcHggIWltcG9ydGFudDsKCn0KCiNyYWt1dGVuTGltaXRlZElkX2Fyb3VuZENhcnQgZGl2LnNob3BCb29rbWFya0FyZWEgZGl2LnNob3BCa20gYS5hZGRTaG9wQmttIHNwYW4uc2hvcEJrbVN0YXIgewoKZGlzcGxheTogaW5saW5lLWJsb2NrICFpbXBvcnRhbnQ7Cgp3aWR0aDogMjkxcHggIWltcG9ydGFudDsKCmhlaWdodDozM3B4ICFpbXBvcnRhbnQ7CgptYXJnaW4tcmlnaHQ6IDBweCAhaW1wb3J0YW50OwoKYmFja2dyb3VuZDogdXJsKCJodHRwOi8vaW1hZ2UucmFrdXRlbi5jby5qcC92aWVhbmdlL2NhYmluZXQvYm5yX2ZhdnNob3AuanBnIikgbm8tcmVwZWF0ICFpbXBvcnRhbnQ7Cgp9Cjwvc3R5bGU+CgoKCgo8ZGl2IGlkPSJwcmVzZW50X2Jhc2UiIGNsYXNzPSJjbGVhcmZpeCI+CiAgIDxkaXYgY2xhc3M9InByZXNlbnRfaW1nIj48aW1nIHNyYz0iaHR0cDovL2ltYWdlLnJha3V0ZW4uY28uanAvdmllYW5nZS9jYWJpbmV0L3RtZy9mb290X3ByZTAxLmdpZiIgYWx0PSLlpKfliIfjgarjgYLjga7kurrjgavntKDmlbXjgarjg5fjg6zjgrzjg7Pjg4giIHdpZHRoPSIxOTkiIGhlaWdodD0iMjk1IiAvPjwvZGl2PgogICA8ZGl2IGNsYXNzPSJwcmVzZW50X3R4dCI+PHA+5b2T5bqX44Gv44CB5Lq65rCX44Ki44Kv44K744K144Oq44O844OW44Op44Oz44OJ44CM5aSp5L2/44Gu5Y2144CN44KE44CM5pyq5p2l5aSp5L2/44CN44KS44Gv44GY44KB44CB6KqV55Sf55+z44Gu44Oa44Oz44OA44Oz44OI44KE44Oq44Oz44Kw44Gq44Gp44CB44OX44Os44K844Oz44OI44Gr44OU44OD44K/44Oq44Gq44Ki44Kv44K744K144Oq44O844KS5Y+W5omx44GG6YCa6LKp44K344On44OD44OX44Gn44GZ44CCPC9wPjxiciAvPgrjgIzlhKrjgZfjgYTlhYnjgavjgaTjgaTjgb7jgozjgovmsLjpgaDjga7lkb3jgI3jgpLooajnj77jgZfjgZ/jgrPjg7Pjgrvjg5fjg4jjgrjjg6Xjgqjjg6rjg7zjgIzmnKrmnaXlpKnkvb/jgI3jga/mnKrmnaXjgavlkJHjgZHjgabovJ3jgZHjgovlkb3jga7jgZnjgbDjgonjgZfjgZXjgpLlpJrlvanjgarjg4bjg7zjg57jg7vjg4fjgrbjgqTjg7Pjgafooajnj77jgZfjgabjgYTjgb7jgZnjgII8YnIgLz4K44Gd44KT44Gq5pyq5p2l5aSp5L2/44GL44KJ44Gu44OX44Os44K844Oz44OI44Go44GE44GG44Kz44Oz44K744OX44OI44Gn5L2c44KJ44KM44Gf44CM5aSp5L2/44Gu5Y2144CN44Gv44CB44CM6KqV55Sf44Gu5Zac44Gz44CN44KE44CM55Sf44GN44KL44GT44Go44Gu5oSf5YuV44Go6LOe6LOb44CN44KS44OG44O844Oe44Go44GX44Gm5Ym144KJ44KM44CB5Y2144Go576944Gu44OQ44Op44Oz44K544Gu6Imv44GE44KE44GV44GX44GE44OH44K244Kk44Oz44GM5oSb44GV44KM44Gm44GE44KL44Ot44Oz44Kw44K744Op44O844Gu5Lq65rCX44Ki44Kv44K744K144Oq44O844Gn44GZ44CC5piv6Z2e44CB5aSn5YiH44Gq5Lq644G444Gu44OX44Os44K844Oz44OI562J44Gr44KC44GU5rS755So5LiL44GV44GE77yBPC9kaXY+CjwvZGl2PgoKCgoKCjwhLS3ilrzilrzilrzjg6zjg5Pjg6Xjg7zjg7vms6jmlofnirbms4HilrzilrzilrwtLT4gICAKCiAgICAgICAgICAgIDxoMj48aW1nIHNyYz0iaHR0cDovL3d3dy5yYWt1dGVuLm5lLmpwL2dvbGQvdmllYW5nZS9pbWcvdGl0bGVfMDYuanBnIiBhbHQ9IuODrOODk+ODpeODvCIgd2lkdGg9IjY4OCIgaGVpZ2h0PSI3MCIgLz48L2gyPgogICAgICAgICAgICA8YnI+PGJyPgogIAoJICA8YnI+IDxicj4gPGJyPiAKICAgICAgICAgICAgICAgICAgPGgyPjxpbWcgc3JjPSJodHRwOi8vd3d3LnJha3V0ZW4ubmUuanAvZ29sZC92aWVhbmdlL2ltZy90aXRsZV8wNy5qcGciIGFsdD0i5rOo5paH54q25rOBIiB3aWR0aD0iNjg4IiBoZWlnaHQ9IjcwIiAvPjwvaDI+CiAgICAgICAgICAgICAgICAgICAgICAgICAgICAgIDxicj4gPGJyPiAKPGJyPiA8YnI+IDxicj4=,44CQ5Yi75Y2w5a++5b+c44CR4peGTE9WRVJTIFNDRU5FIOODqeODkOODvOOCuuOCt+ODvOODs+KXhuOCt+ODq+ODkOODvOODquODs+OCsO+8iOODrOODh+OCo+ODvOOCue+8ieOAkExTUjAxMDlEUEtSTeOAkeOAkOOCt+ODq+ODkOODvOODquODs+OCsCDjg5rjgqLjg6rjg7PjgrAg44Oa44KiIOaMh+i8qiDjg4DjgqTjg6Tjg6Ljg7Pjg4kg44Ot44K444Km44Og5Yqg5belIOODl+ODrOOCvOODs+ODiCDjg6rjg7PjgrAg5Yi75Y2w5Y+v6IO9IOOCt+ODq+ODkOODvCDjgrjjg6Xjgqjjg6rjg7wg44OA44Kk44OkIOOCruODleODiCDjgYvjgo/jgYTjgYTjgJEgIOavjeOBruaXpSDjgrfjg7Pjg5fjg6vvvJrlpKnkvb/jga7ljbUgd2l0aCBMT1ZFUlMgU0NFTkU=,5aSp5L2/44Gu5Y215pyq5p2l5aSp5L2/44K544Oa44O844K544Kv44Oq44Ko44O844K/44O844K444Ol44Ko44Oq44O844K344Or44OQ44O844Ki44Kv44K744K144Oq44O844OU44Oz44Kv44K344Or44OQ44O844ON44OD44Kv44Os44K555u05Za25bqX44Kv44Oq44K544Oe44K56ZmQ5a6a44Oa44Oz44OA44Oz44OI5oyH6Lyq44OU44Ki44K544OX44Os44K844Oz44OI44OZ44OT44O844K544OX44O844Oz44Os44OH44Kj44O844K544Op44OQ44O844K644K344O844Oz57WQ5ama5oyH6Lyq44Oa44Ki44Oq44Oz44Kw6KqV55Sf55+z44CQ5Yi75Y2w5a++5b+c44CR4peGTE9WRVJTIFNDRU5FIOODqeODkOODvOOCuuOCt+ODvOODs+KXhuOCt+ODq+ODkOODvOODquODs+OCsO+8iOODrOODh+OCo+ODvOOCue+8ieOAkExTUjAxMDlEUEtSTeOAkeOAkOOCt+ODq+ODkOODvOODquODs+OCsCDjg5rjgqLjg6rjg7PjgrAg44Oa44KiIOaMh+i8qiDjg4DjgqTjg6Tjg6Ljg7Pjg4kg44Ot44K444Km44Og5Yqg5belIOODl+ODrOOCvOODs+ODiCDjg6rjg7PjgrAg5Yi75Y2w5Y+v6IO9IOOCt+ODq+ODkOODvCDjgrjjg6Xjgqjjg6rjg7wg44OA44Kk44OkIOOCruODleODiCDjgYvjgo/jgYTjgYTjgJEgIOavjeOBruaXpSDjgrfjg7Pjg5fjg6s=,44Kq44K344Oj44Os44Gq77yS44OI44O844Oz44Kr44Op44O844Oq44Oz44Kw4piGIOODgOOCpOODpOODouODs+ODiSDliLvljbDlr77lv5zjgILjgJDliLvljbDlr77lv5zjgJHil4ZMT1ZFUlMgU0NFTkUg44Op44OQ44O844K644K344O844Oz4peG44K344Or44OQ44O844Oq44Oz44Kw77yI44Os44OH44Kj44O844K577yJ44CQTFNSMDEwOURQS1JN44CR44CQ44K344Or44OQ44O844Oq44Oz44KwIOODmuOCouODquODs+OCsCDjg5rjgqIg5oyH6LyqIOODgOOCpOODpOODouODs+ODiSDjg63jgrjjgqbjg6DliqDlt6Ug44OX44Os44K844Oz44OIIOODquODs+OCsCDliLvljbDlj6/og70g44K344Or44OQ44O8IOOCuOODpeOCqOODquODvCDjg4DjgqTjg6Qg44Ku44OV44OIIOOBi+OCj+OBhOOBhOOAkSAg5q+N44Gu5pelIOOCt+ODs+ODl+ODqw==[rn]
39-1023,aHR0cDovL3RzaG9wLnIxMHMuanAvdmllYW5nZS9jYWJpbmV0L2xvdmVyc19zY2VuZS9sc3IvbHNyMDExMGN6cGsuanBnP2ZpdGluPTcwMDo3MDA=,OTUwNC4wMDAw,,44K444Ol44Ko44Oq44O844O744Ki44Kv44K744K144Oq44O8ID4g44Os44OH44Kj44O844K544K444Ol44Ko44Oq44O844O744Ki44Kv44K744K144Oq44O8ID4g5oyH6Lyq44O744Oq44Oz44Kw,44CQ5Yi75Y2w5a++5b+c44CR4peGTE9WRVJTIFNDRU5FIOODqeODkOODvOOCuuOCt+ODvOODs+KXhuOCt+ODq+ODkOODvOODquODs+OCsO+8iOODrOODh+OCo+ODvOOCue+8ieOAkExTUjAxMTBDWlBL44CR44CQ44K344Or44OQ44O844Oq44Oz44KwIOODmuOCouODquODs+OCsCDjg5rjgqIg5oyH6LyqIOOCr+ODreOCuSDjgq3jg6Xjg7zjg5Pjg4Pjgq8g44OU44Oz44Kv44K044O844Or44OJIOODl+ODrOOCvOODs+ODiCDjg6rjg7PjgrAg5Yi75Y2w5Y+v6IO9IOOCt+ODq+ODkOODvCDjgrjjg6Xjgqjjg6rjg7wg44Ku44OV44OIIOOBi+OCj+OBhOOBhOOAkSAg5q+N44Gu5pelIOOCt+ODs+ODl+ODqw==,5LiK5ZOB44Gq5Y2w6LGh44Gu44OU44Oz44Kv44K044O844Or44OJ44Kr44Op44O84piGIOmAgeaWmeeEoeaWmSDliLvljbDlr77lv5w=,PGNlbnRlcj48YSBocmVmPSJodHRwczovL215LmJvb2ttYXJrLnJha3V0ZW4uY28uanAvP2Z1bmM9cmVnJnN2aWQ9MTAxJnNob3BfYmlkPTIwMzk0NyZpaWQ9MTAwMDEzOTAmaXR5cGU9MSB0YXJnZXQ9X2JsYW5rIj48aW1nIHNyYz0iaHR0cDovL2ltYWdlLnJha3V0ZW4uY28uanAvdmllYW5nZS9jYWJpbmV0L3BfYm5yX2Zhdml0ZW0uanBnIiBib3JkZXI9IjAiIHdpZHRoPSI2NjAiIGhlaWdodD0iMTMwIj48L2E+PC9jZW50ZXI+PGJyPjxicj48ZGl2IGlkPSJkZXRhaWxfYmFzZTIiPgo8aW1nIHNyYz0iaHR0cDovL2ltYWdlLnJha3V0ZW4uY28uanAvdmllYW5nZS9jYWJpbmV0L2NhbXBhaWduL2xzX3BjX3Rva3V0ZW4uanBnImFsdD0iTE9WRVJTIFNDRU5FIOOCreODo+ODs+ODmuODvOODsyI+PGJyPjxicj4KIAo8aW1nIHNyYz0iaHR0cDovL2ltYWdlLnJha3V0ZW4uY28uanAvdmllYW5nZS9jYWJpbmV0L2xvdmVyc19zY2VuZS9sc3IvbHNyMDExMF9pbWFnZS5qcGciIHdpZHRoPSI2NjAiIGhlaWdodD0iMzYwIiAvPgo8YnIgLz48YnIgLz4KCjxpbWcgc3JjPSJodHRwOi8vaW1hZ2UucmFrdXRlbi5jby5qcC92aWVhbmdlL2NhYmluZXQvbG92ZXJzX3NjZW5lL2xzci9sc3IwMTEwX2ltYWdlMi5qcGciIHdpZHRoPSI2NjAiIGhlaWdodD0iMTEwMCIgLz4KPGJyIC8+PGJyIC8+CjwvZGl2PgoKCjxkaXYgY2xhc3M9InNwX2dvb2RzXzEzMDVfMDkiPgoKICAgICAKICA8ZGl2IGNsYXNzPSJzcF90YW5waW5fbGVmdCI+CjxhIGhyZWY9Imh0dHA6Ly9pdGVtLnJha3V0ZW4uY28uanAvdmllYW5nZS9sc3IwMTEwY3pway1jemJrLyI+CjxpbWcgc3JjPSIgaHR0cDovL2ltYWdlLnJha3V0ZW4uY28uanAvdmllYW5nZS9jYWJpbmV0L2xvdmVyc19zY2VuZS9sc3IvbHNyMDExMF9wYWlyLmpwZyIgd2lkdGg9IjIzNSIgaGVpZ2h0PSIyMzUiIGNsYXNzPSJpbWcyMCIgLz48L2E+ICAgICAgIAo8cD7jgrfjg6vjg5Djg7zjg5rjgqLjg6rjg7PjgrA8YnIgLz4KICAgICAgPC9wPgo8L2Rpdj4KICAgIAo8ZGl2IGNsYXNzPSJzcF90YW5waW5fcmlnaHQiPgo8YSBocmVmPSIgaHR0cDovL2l0ZW0ucmFrdXRlbi5jby5qcC92aWVhbmdlL2xzcjAxMTBjemJrLyI+CjxpbWcgc3JjPSIgaHR0cDovL2ltYWdlLnJha3V0ZW4uY28uanAvdmllYW5nZS9jYWJpbmV0L2xvdmVyc19zY2VuZS9sc3IvbHNyMDExMF90YW5waW5fbWVucy5qcGciIHdpZHRoPSIyMzUiIGhlaWdodD0iMjM1IiBjbGFzcz0iaW1nMjAiIC8+PC9hPgogICAgICA8cD7jg6Hjg7Pjgrrjgrfjg6vjg5Djg7zjg6rjg7PjgrDvvIjkuIDpg6jjg5bjg6njg4Pjgq/jgrPjg7zjg4bjgqPjg7PjgrDvvIk8YnIgLz4KICAgICAg57SEMy41bW3Dl+e0hDEuOG1t77yI5bmFw5fljprjgb/vvIkKICAgICAgIDwvcD4KPC9kaXY+CjwvZGl2PgoKCiA8aW1nIHNyYz0iaHR0cDovL2ltYWdlLnJha3V0ZW4uY28uanAvdmllYW5nZS9jYWJpbmV0L3BhcnRzL2xzcjA2NTBfMzkuZ2lmIiBjbGFzcz0iaW1nMjAiIC8+CiAgPHAgY2xhc3M9ImltZzE1Ij7jg6rjg7PjgrDjgpLnnYDjgZHjgojjgYbjgajogIPjgYjjgabjgYTjgovmjIfjga7kuIDnlarlpKrjgYTpg6jliIbjgavns7jjgarjganjgpLlt7vjgYTjgabjgIHvvJHlkajliIbjga7mvJTnv5Ljga7plbfjgZXjgpLlm7Pjgorjgb7jgZnjgII8YnIgLz4KICDjgZPjga7muKzjgormlrnjga/jgYLjgY/jgb7jgafnsKHmmJPnmoTjgaroqIjmuKzmlrnms5XjgafjgZnjga7jgafjgIHmraPnorrjgavjgrXjgqTjgrrjgpLmuKzjgovjgavjga/jgIHjgYrov5HjgY/jga7jgqLjgq/jgrvjgrXjg6rjg7zjgrfjg6fjg4Pjg5fjgarjganjgafjgIHjgI7jg6rjg7PjgrDjgrLjg7zjgrjjgI/jgpLkvb/nlKjjgZfjgaboqIjmuKzjgZfjgabkuIvjgZXjgYTjgII8L3A+CiAgPGltZyBzcmM9Imh0dHA6Ly9pbWFnZS5yYWt1dGVuLmNvLmpwL3ZpZWFuZ2UvY2FiaW5ldC9wYXJ0cy9sc3IwNjUwXzQxLmdpZiIgd2lkdGg9IjY2MCIgaGVpZ2h0PSIxNjciIGNsYXNzPSJpbWc2MCIgLz4KCjxkaXYgY2xhc3M9ImNhXzAxIj4KPGltZyBzcmM9Imh0dHA6Ly9pbWFnZS5yYWt1dGVuLmNvLmpwL3ZpZWFuZ2UvY2FiaW5ldC93cmFwcGluZy93cmFwcGluZ190aXRsZS5qcGciIGFsdD0i44Op44OD44OU44Oz44KwIj4KCjxicj48YnI+PGJyPgoKPHRhYmxlIGJvcmRlcj0iMCIgd2lkdGg9IjY2MHB4Ij4KPHRyPgo8dGQ+CjxpbWcgc3JjPSJodHRwOi8vaW1hZ2UucmFrdXRlbi5jby5qcC92aWVhbmdlL2NhYmluZXQvd3JhcHBpbmcvbHNfd3JhcF8wMV8xLmpwZyIgYWx0PSJMT1ZFUlMgU0NFTkUgIOmAmuW4uOODqeODg+ODlOODs+OCsCI+CjwvdGQ+Cjx0ZD4KPGltZyBzcmM9Imh0dHA6Ly9pbWFnZS5yYWt1dGVuLmNvLmpwL3ZpZWFuZ2UvY2FiaW5ldC93cmFwcGluZy9sc193cmFwXzAyLmpwZyIgYWx0PSJMT1ZFUlMgU0NFTkXjgIDjgqjjgrPjg6njg4Pjg5Tjg7PjgrAiPgo8L3RkPgo8dGQ+CjxhICBocmVmPSJodHRwOi8vaXRlbS5yYWt1dGVuLmNvLmpwL3ZpZWFuZ2UvYy8wMDAwMDAwNzgxLyI+PGltZyBzcmM9Imh0dHA6Ly9pbWFnZS5yYWt1dGVuLmNvLmpwL3ZpZWFuZ2UvY2FiaW5ldC93cmFwcGluZy9sc193cmFwXzAzLmpwZyIgYWx0PSJMT1ZFUlMgU0NFTkXjgIDjgrnjg5rjgrfjg6Pjg6vjg6njg4Pjg5Tjg7PjgrAiPjwvYT4KPC90ZD4KPC90cj4KPC90YWJsZT4KPGltZyBzcmM9Imh0dHA6Ly9pbWFnZS5yYWt1dGVuLmNvLmpwL3ZpZWFuZ2UvY2FiaW5ldC93cmFwcGluZy9raWtpbi5qcGciIGFsdD0i5aSp5L2/44Gu5Y215Z+66YeRIj4KCjxhICBocmVmPSJodHRwOi8vaXRlbS5yYWt1dGVuLmNvLmpwL3ZpZWFuZ2UvYy8wMDAwMDAwNzkxLyI+CjxpbWcgc3JjPSJodHRwOi8vaW1hZ2UucmFrdXRlbi5jby5qcC92aWVhbmdlL2NhYmluZXQvd3JhcHBpbmcvbHNfY2FyZC5qcGciIGFsdD0i44Oh44OD44K744O844K444Kr44O844OJIj48L2E+CgoKPGltZyAKc3JjPSJodHRwOi8vaW1hZ2UucmFrdXRlbi5jby5qcC92aWVhbmdlL2NhYmluZXQvY2FtcGFpZ24vbm9iZV9sc182NjAuanBnIiB3aWR0aD0iNjYwIiBoaWdodD0iMjAwIiBhbHQ9IkxPVkVSUyBTQ0VORSDjg47jg5njg6vjg4bjgqMiPjxicj48YnI+CjwvZGl2Pjx0YWJsZSBib3JkZXI9IjAiIHdpZHRoPSIzOTAiPgogIDx0Ym9keT4KICAgIDx0cj4KICAgICAgPHRkIGhlaWdodD0iMjMxIj4gPGZvbnQgY29sb3I9IzY5Njk2OSBzaXplPSIyIj4g5Lq65rCX44Gu44Kv44Ot44K544Op44Kk44Oz44O744OV44Kp44Or44Og44Gu44Oq44Oz44Kw44CCPGJyPgrjgq3jg6Xjg7zjg5Pjg4Pjgq/jgrjjg6vjgrPjg4vjgqLjgYzlhYnjgorjgb7jgZnjgII8L2ZvbnQ+PGJyPgogICAgICAgICAgPGZvbnQgY29sb3I9IzY5Njk2OSBzaXplPSIyIj4g57Sw6Lqr44Gu44Op44Kk44Oz44GM5oyH5YWD44KS44Ko44Os44Ks44Oz44OI44Gr5ryU5Ye644GX44G+44GZ44CCPC9mb250Pjxicj4KICA8YnI+CiAgICAgICAgICA8Zm9udCBjb2xvcj0jMDA5OUZGIHNpemU9IjIiPiDjg5bjg6njg4Pjgq/mn4Tjgajjga7jg5rjgqLkvb/nlKjjgoLjgqrjgrnjgrnjg6HjgafjgZnjgII8L2ZvbnQ+PGJyPgogICAgICAgICAgIDxicj4KICAgICAgICAgIDxmb250IGNvbG9yPSMwMDk5RkYgc2l6ZT0iMiI+44Oa44Ki5ZWG5ZOB44Gu44GK5rGC44KB44Gv44GT44Gh44KJPC9mb250Pjxicj4KICA8YnI+CiAgICAgICAgICA8Zm9udCBjb2xvcj0jNjk2OTY5IHNpemU9IjIiPuKWoOe0oOadkOKWoDwvZm9udD48YnI+CiAgICAgICAgICA8YnI+CiAgICAgICAgICA8Zm9udCBjb2xvcj0jNjk2OTY5IHNpemU9IjIiPlNWOTI177yI44OU44Oz44Kv44K044O844Or44OJ44Kz44O844OG44Kj44Oz44Kw77yJPEJSPgrjgq3jg6Xjg7zjg5Pjg4Pjgq/jgrjjg6vjgrPjg4vjgqI8L2ZvbnQ+PGJyPgogICAgICAgICAgPGJyPgogICAgICAgICAgPGZvbnQgY29sb3I9IzY5Njk2OSBzaXplPSIyIj7ilqDlpKfjgY3jgZUobW0p4pagPC9mb250Pjxicj4KICAgICAgICAgIDxicj4KICAgICAgICAgIDxmb250IGNvbG9yPSM2OTY5Njkgc2l6ZT0iMiI+5bmF57SEMy41w5fljprjgb/ntIQyLjA8L2ZvbnQ+PGJyPgogICAgICAgICAgPGJyPgogICAgICAgICAgPGZvbnQgY29sb3I9IzY5Njk2OSBzaXplPSIyIj7ilqDph43ph4/ilqA8L2ZvbnQ+PGJyPgogICAgICAgICAgPGJyPgogICAgICAgICAgPGZvbnQgY29sb3I9IzY5Njk2OSBzaXplPSIyIj7ntIQyLjZnPC9mb250Pjxicj4KICAgICAgICAgIDxmb250IGNvbG9yPSM2OTY5Njkgc2l6ZT0iLTIiPuKAu+OCteOCpOOCuuODu+mHjemHj+OBq+OBr+WkmuWwkeOBruWAi+S9k+W3ruOBjOWHuuOBvuOBmeKAuzwvZm9udD48YnI+CiAgICAgICAgIDxicj4KPGZvbnQgY29sb3I9ImZmMDAwMCI+PGI+44GT44Gu44Oq44Oz44Kw44Gv5aWH5pWw44K144Kk44K644Gu44G/44Gu44GK5Y+W44KK5omx44GE44Gn44GZ44CCPGJyPgrjgb7jgZ/jgIHjgrXjgqTjgrrnm7TjgZfjgoLlh7rmnaXjgb7jgZvjgpPjga7jgafjgIHjgrXjgqTjgrrjgpLjgojjgY/jgYrnorrjgYvjgoHjga7kuIrjgZTms6jmlofkuIvjgZXjgYTjgII8L2I+PC9mb250Pjxicj4KPGJyPgo8YnI+Cjxmb250IGNvbG9yPSMwMDk5RkYgc2l6ZT0iMiI+4pagPGZvbnQgc2l6ZT0iKzEiPjxzdHJvbmc+5omL5b2r5Yi75Y2w5a++5b+c77yI44Kq44OX44K344On44Oz44O75pyJ5paZ77yJPC9zdHJvbmc+PC9mb250PuKWoDwvZm9udD48YnI+CiAgICAgICAgICA8Zm9udCBjb2xvcj0jNjk2OTY5IHNpemU9IjIiPuOBk+OBruWVhuWTgeOBr+OAgeODquODs+OCsOOBruWGheWBtOOBq+WIu+WNsCjmloflrZflhaXjgowp44GM44Gn44GN44G+44GZ44CCPC9mb250Pjxicj4KPGJyPiAgCiAgPGZvbnQgY29sb3I9IzY5Njk2OSBzaXplPSIyIj7il4/liLvlrZfmqZ/jgpLkvb/jgaPjgabjgq/jg6njg5Xjg4jjg57jg7PjgYzmiYvkvZzmpa3jgaflvavovrzjgoA8c3Ryb25nPu+8nOaJi+W9q+WIu+WNsO+8njwvc3Ryb25nPuOBqOOBquOCiuOBvuOBmeOAgjwvZm9udD48YnI+CiAgPGZvbnQgY29sb3I9IzY5Njk2OSBzaXplPSIyIj7il4/mm7jkvZPjga88c3Ryb25nPuODluODreODg+OCr+S9kyjkuLjjgrTjgrfjg4Pjgq8pPC9zdHJvbmc+44Gu44G/44CCPC9mb250Pjxicj4KICA8YnI+CiAgPGZvbnQgY29sb3I9IzY5Njk2OSBzaXplPSIyIj7il4/kvb/nlKjlj6/og73mloflrZfjg7voqJjlj7c6PGJyPgogIEHvvZ5a44Gu44Ki44Or44OV44Kh44OZ44OD44OIPHN0cm9uZz7lpKfmloflrZc8L3N0cm9uZz7jgIHvvJDvvZ7vvJnjga7oi7HmlbDlrZfjgIHjg4/jgqTjg5Xjg7MoCiAgLSAp44CB44OU44Oq44Kq44OJKCA8c3Ryb25nPi48L3N0cm9uZz4gKeOAgeOCouODs+ODieiomOWPt++8iCAmYW1wOyAp44CB5bCP5paH5a2X44Gu44CMdG/jgI3vvIjvvJHmloflrZfliIbvvInjgIEK5Lit6buSKCDjg7spPC9mb250Pjxicj4KPGJyPgo8Zm9udCBjb2xvcj0jNjk2OTY5IHNpemU9IjIiPuKXj+WIu+WNsOWPr+iDveOBquaWh+Wtl+aVsOOAgeWIu+WNsOS9jee9ruOBr+ODquODs+OCsOOBlOOBqOOBq+eVsOOBquOCiuOBvuOBmeOAgjwvZm9udD48YnI+CiAgICAgICAgICA8Zm9udCBjb2xvcj0jRkYwMDAwIHNpemU9IjIiPuOBk+OBruWVhuWTgeOBr+OAgeOCouODq+ODleOCoeODmeODg+ODiOWkp+aWh+Wtl+ODu+iLseaVsOWtl+WQiOOCj+OBm+OBpjxmb250IHNpemU9IjUiPjxzdHJvbmc+MTnmloflrZc8L3N0cm9uZz48L2ZvbnQ+44G+44Gn5Yi75Y2w5Y+v6IO944Gn44GZ44CCKOiomOWPt+ODu+OCueODmuODvOOCueOBquOBqeOCgu+8keaWh+Wtl+OBqOOBl+OBpuOCq+OCpuODs+ODiOOBleOCjOOBvuOBmSk8L2ZvbnQ+PGJyPgogICAgICAgICAgPGJyPgogICAgICAgICAgPGZvbnQgY29sb3I9IzAwOTlGRiBzaXplPSIyIj7ilqDliLvljbDmlpnph5HvvJrvv6XvvJHvvIzvvJXvvJfvvJU8Zm9udCBjb2xvcj0iIzY2NjY2NiI+KOeojui+vC/jg6rjg7PjgrDvvJHlgIvjgavjgaTjgY0pPGJyPgogIOWIu+WNsOWPr+iDveaWh+Wtl+aVsOS7peWGheOBquOCieS9leaWh+Wtl+OBp+OCgjwvZm9udD48L2ZvbnQ+PGJyPgo8YnI+CiAgPGZvbnQgY29sb3I9IzAwOTlGRiBzaXplPSIyIj7ilqDntI3mnJ/vvJrpgJrluLjntI3mnJ/jgavliqDjgYjjgIHmnIDplbfntITvvJXllrbmpa3ml6XnqIvkvZnliIbjgavjgYvjgYvjgorjgb7jgZk8L2ZvbnQ+PGJyPgogIDxicj4KICAgICAgICAgIDxmb250IGNvbG9yPSMwMDk5RkYgc2l6ZT0iMiI+4pag44GU5rOo5paH5pa55rOV77yaPC9mb250Pjxicj4KICAgICAgICAgIDxmb250IGNvbG9yPSM2OTY5Njkgc2l6ZT0iMiI+44OX44Or44OA44Km44Oz44O744Oh44OL44Ol44O844GL44KJPHN0cm9uZz7jgIzmnInmlpnliLvljbDluIzmnJvjgI08L3N0cm9uZz7jgpLjgZTpgbjmip7jgY/jgaDjgZXjgYTjgILms6jmlofnlLvpnaLjga7jgIzjgYrlupfjgbjjga7jg6Hjg4Pjgrvjg7zjgrjjgI3mrITjgas8c3Ryb25nPuWIu+WNsOWGheWuuTwvc3Ryb25nPuOCkuOBiuabuOOBjeS4i+OBleOBhO+8iOWVhuWTgeOCkjLlgIvku6XkuIrlkIzmmYLjgavjgYrosrfjgYTmsYLjgoHjgYTjgZ/jgaDjgYTjgZ/loLTlkIjjga/jgIHliLvljbDlr77osaHllYblk4HjgYzjgo/jgYvjgovjgojjgYbjgIE8c3Ryb25nPuWVhuWTgeeVquWPtzwvc3Ryb25nPuOCguOBlOS9teiomOmhmOOBhOOBvuOBme+8ieOAgjwvZm9udD48YnI+CiAgPGJyPgogICAgICAgICAgPGZvbnQgY29sb3I9IzY5Njk2OSBzaXplPSIyIj7liLvljbDmlpnph5Hjga/jgIHjgZTms6jmloflhoXlrrnnorroqo3mmYLjgavllYblk4Hku6Pph5HjgavliqDnrpfjgZXjgZvjgabjgYTjgZ/jgaDjgY3jgb7jgZnjgILjgZTms6jmloflj5fnkIblvozjgavjgYrpgIHjgorjgZnjgovjgrXjg7Pjgq/jgrnjg6Hjg7zjg6vjgavjgablj43mmKDjgZXjgozjgb7jgZnjga7jgafjgZTnorroqo3jgY/jgaDjgZXjgYTjgIIgPC9mb250Pjxicj4KICAgICAgICAgIDxicj4KPC9URD4KICAgIDwvVFI+CiAgPC9UQk9EWT4KPC9UQUJMRT48IS0t4pa84pa8IOW3puW4r+ODquODs+OCr+OBguOCiiDilrzilrwtLT4KCjxkaXYgaWQ9ImhpZGFyaS1vYmkiPgoKPHN0eWxlPgojaGlkYXJpLW9iaSB7CnBvc2l0aW9uOiBhYnNvbHV0ZTsKdG9wOjBweDsKbGVmdDoxMHB4OwpiYWNrZ3JvdW5kOiB1cmwoImh0dHBzOi8vaW1hZ2UucmFrdXRlbi5jby5qcC92aWVhbmdlL2NhYmluZXQvY2FtcGFpZ24vc2NibnJfMDUxNS5qcGciKSByZXBlYXQteSBsZWZ0IHRvcCA7Cn0KI2hpZGFyaS1vYmkgYSB7CmRpc3BsYXk6IGJsb2NrOwpoZWlnaHQ6OTMwMHB4Oy8q44Oa44O844K45YWo5L2T44Gu6auY44GVKi8Kd2lkdGg6IDE0MHB4Oy8q5biv44Gu5bmFKi8KfQo8L3N0eWxlPgoKPC9kaXY+CgoKCjwhLS3ilrzilrwg5bem5biv44Oq44Oz44Kv44Gq44GXIOKWvOKWvC0tPgoKCgoKPCEtLeKWvOKWvCDlt6bluK/jg6rjg7Pjgq/jgarjgZcg4pa84pa8LS0+Cgo8IS0tCjxzdHlsZSB0eXBlPSJ0ZXh0L2NzcyI+CmJvZHl7CmJhY2tncm91bmQtaW1hZ2U6IHVybCgiaHR0cDovL2ltYWdlLnJha3V0ZW4uY28uanAvdmllYW5nZS9jYWJpbmV0L2NhbXBhaWduL2Jucl8xMDEyLmpwZyIpOwpiYWNrZ3JvdW5kLXJlcGVhdDogcmVwZWF0LXk7CmJhY2tncm91bmQtYXR0YWNobWVudDogc2Nyb2xsOwpiYWNrZ3JvdW5kLXBvc2l0aW9uOmxlZnQKfQo8L3N0eWxlPgotLT4KCgoKCjxzdHlsZSB0eXBlPSJ0ZXh0L2NzcyI+CgovKiDjgYrmsJfjgavlhaXjgorllYblk4EgKi8KCiNyYWt1dGVuTGltaXRlZElkX2Fyb3VuZENhcnQgI3NlcnZpY2VUYWJsZVNtbCB0ZC5mYXZvcml0ZSB7CgpwYWRkaW5nLXRvcDogNXB4OwoKfQoKI3Jha3V0ZW5MaW1pdGVkSWRfYXJvdW5kQ2FydCBkaXYuYm9va21hcmtBcmVhIGRpdi5ia20gewoKd2lkdGg6IDI5MXB4ICFpbXBvcnRhbnQ7CgpoZWlnaHQ6MzNweCAhaW1wb3J0YW50OwoKcGFkZGluZzogMHB4IDBweCAxMHB4IDBweCAhaW1wb3J0YW50OwoKfQoKI3Jha3V0ZW5MaW1pdGVkSWRfYXJvdW5kQ2FydCBkaXYuYm9va21hcmtBcmVhIGRpdi5ia20gYS5hZGRCa20gewoKd2lkdGg6IDI5MXB4ICFpbXBvcnRhbnQ7CgpoZWlnaHQ6MzNweCAhaW1wb3J0YW50OwoKfQoKI3Jha3V0ZW5MaW1pdGVkSWRfYXJvdW5kQ2FydCBkaXYuYm9va21hcmtBcmVhIGRpdi5ia20gYS5hZGRCa20gc3Bhbi5ia21TdGFyIHsKCmRpc3BsYXk6IGlubGluZS1ibG9jayAhaW1wb3J0YW50OwoKd2lkdGg6IDI5MXB4ICFpbXBvcnRhbnQ7CgpoZWlnaHQ6MzNweCAhaW1wb3J0YW50OwoKbWFyZ2luOjBweCAwcHggMTBweCAwcHggIWltcG9ydGFudDsKCmJhY2tncm91bmQ6IHVybCgiaHR0cDovL2ltYWdlLnJha3V0ZW4uY28uanAvdmllYW5nZS9jYWJpbmV0L2Jucl9mYXZpdGVtLmpwZyIpIG5vLXJlcGVhdCAhaW1wb3J0YW50OwoKfQoKIAoKLyog44GK5rCX44Gr5YWl44KK44K344On44OD44OXICovCgpkaXYuYm9va21hcmtBcmVhIHsKCndpZHRoOiAyOTFweCAhaW1wb3J0YW50OwoKfQoKI3Jha3V0ZW5MaW1pdGVkSWRfYXJvdW5kQ2FydCBkaXYuc2hvcEJvb2ttYXJrQXJlYSBkaXYuc2hvcEJrbSB7Cgp3aWR0aDogMjkxcHggIWltcG9ydGFudDsKCmhlaWdodDozM3B4ICFpbXBvcnRhbnQ7CgpwYWRkaW5nOiAwcHggMHB4ICFpbXBvcnRhbnQ7CgpwYWRkaW5nLWxlZnQ6IDBweCAhaW1wb3J0YW50OwoKfQoKI3Jha3V0ZW5MaW1pdGVkSWRfYXJvdW5kQ2FydCBkaXYuc2hvcEJvb2ttYXJrQXJlYSBkaXYuc2hvcEJrbSBhLmFkZFNob3BCa20gc3Bhbi5zaG9wQmttU3RhciB7CgpkaXNwbGF5OiBpbmxpbmUtYmxvY2sgIWltcG9ydGFudDsKCndpZHRoOiAyOTFweCAhaW1wb3J0YW50OwoKaGVpZ2h0OjMzcHggIWltcG9ydGFudDsKCm1hcmdpbi1yaWdodDogMHB4ICFpbXBvcnRhbnQ7CgpiYWNrZ3JvdW5kOiB1cmwoImh0dHA6Ly9pbWFnZS5yYWt1dGVuLmNvLmpwL3ZpZWFuZ2UvY2FiaW5ldC9ibnJfZmF2c2hvcC5qcGciKSBuby1yZXBlYXQgIWltcG9ydGFudDsKCn0KPC9zdHlsZT4KCgoKCjxkaXYgaWQ9InByZXNlbnRfYmFzZSIgY2xhc3M9ImNsZWFyZml4Ij4KICAgPGRpdiBjbGFzcz0icHJlc2VudF9pbWciPjxpbWcgc3JjPSJodHRwOi8vaW1hZ2UucmFrdXRlbi5jby5qcC92aWVhbmdlL2NhYmluZXQvdG1nL2Zvb3RfcHJlMDEuZ2lmIiBhbHQ9IuWkp+WIh+OBquOBguOBruS6uuOBq+e0oOaVteOBquODl+ODrOOCvOODs+ODiCIgd2lkdGg9IjE5OSIgaGVpZ2h0PSIyOTUiIC8+PC9kaXY+CiAgIDxkaXYgY2xhc3M9InByZXNlbnRfdHh0Ij48cD7lvZPlupfjga/jgIHkurrmsJfjgqLjgq/jgrvjgrXjg6rjg7zjg5bjg6njg7Pjg4njgIzlpKnkvb/jga7ljbXjgI3jgoTjgIzmnKrmnaXlpKnkvb/jgI3jgpLjga/jgZjjgoHjgIHoqpXnlJ/nn7Pjga7jg5rjg7Pjg4Djg7Pjg4jjgoTjg6rjg7PjgrDjgarjganjgIHjg5fjg6zjgrzjg7Pjg4jjgavjg5Tjg4Pjgr/jg6rjgarjgqLjgq/jgrvjgrXjg6rjg7zjgpLlj5bmibHjgYbpgJrosqnjgrfjg6fjg4Pjg5fjgafjgZnjgII8L3A+PGJyIC8+CuOAjOWEquOBl+OBhOWFieOBq+OBpOOBpOOBvuOCjOOCi+awuOmBoOOBruWRveOAjeOCkuihqOePvuOBl+OBn+OCs+ODs+OCu+ODl+ODiOOCuOODpeOCqOODquODvOOAjOacquadpeWkqeS9v+OAjeOBr+acquadpeOBq+WQkeOBkeOBpui8neOBkeOCi+WRveOBruOBmeOBsOOCieOBl+OBleOCkuWkmuW9qeOBquODhuODvOODnuODu+ODh+OCtuOCpOODs+OBp+ihqOePvuOBl+OBpuOBhOOBvuOBmeOAgjxiciAvPgrjgZ3jgpPjgarmnKrmnaXlpKnkvb/jgYvjgonjga7jg5fjg6zjgrzjg7Pjg4jjgajjgYTjgYbjgrPjg7Pjgrvjg5fjg4jjgafkvZzjgonjgozjgZ/jgIzlpKnkvb/jga7ljbXjgI3jga/jgIHjgIzoqpXnlJ/jga7llpzjgbPjgI3jgoTjgIznlJ/jgY3jgovjgZPjgajjga7mhJ/li5Xjgajos57os5vjgI3jgpLjg4bjg7zjg57jgajjgZfjgablibXjgonjgozjgIHljbXjgajnvr3jga7jg5Djg6njg7Pjgrnjga7oia/jgYTjgoTjgZXjgZfjgYTjg4fjgrbjgqTjg7PjgYzmhJvjgZXjgozjgabjgYTjgovjg63jg7PjgrDjgrvjg6njg7zjga7kurrmsJfjgqLjgq/jgrvjgrXjg6rjg7zjgafjgZnjgILmmK/pnZ7jgIHlpKfliIfjgarkurrjgbjjga7jg5fjg6zjgrzjg7Pjg4jnrYnjgavjgoLjgZTmtLvnlKjkuIvjgZXjgYTvvIE8L2Rpdj4KPC9kaXY+CgoKCgoKPCEtLeKWvOKWvOKWvOODrOODk+ODpeODvOODu+azqOaWh+eKtuazgeKWvOKWvOKWvC0tPiAgIAoKICAgICAgICAgICAgPGgyPjxpbWcgc3JjPSJodHRwOi8vd3d3LnJha3V0ZW4ubmUuanAvZ29sZC92aWVhbmdlL2ltZy90aXRsZV8wNi5qcGciIGFsdD0i44Os44OT44Ol44O8IiB3aWR0aD0iNjg4IiBoZWlnaHQ9IjcwIiAvPjwvaDI+CiAgICAgICAgICAgIDxicj48YnI+CiAgCgkgIDxicj4gPGJyPiA8YnI+IAogICAgICAgICAgICAgICAgICA8aDI+PGltZyBzcmM9Imh0dHA6Ly93d3cucmFrdXRlbi5uZS5qcC9nb2xkL3ZpZWFuZ2UvaW1nL3RpdGxlXzA3LmpwZyIgYWx0PSLms6jmlofnirbms4EiIHdpZHRoPSI2ODgiIGhlaWdodD0iNzAiIC8+PC9oMj4KICAgICAgICAgICAgICAgICAgICAgICAgICAgICAgPGJyPiA8YnI+IAo8YnI+IDxicj4gPGJyPg==,44CQ5Yi75Y2w5a++5b+c44CR4peGTE9WRVJTIFNDRU5FIOODqeODkOODvOOCuuOCt+ODvOODs+KXhuOCt+ODq+ODkOODvOODquODs+OCsO+8iOODrOODh+OCo+ODvOOCue+8ieOAkExTUjAxMTBDWlBL44CR44CQ44K344Or44OQ44O844Oq44Oz44KwIOODmuOCouODquODs+OCsCDjg5rjgqIg5oyH6LyqIOOCr+ODreOCuSDjgq3jg6Xjg7zjg5Pjg4Pjgq8g44OU44Oz44Kv44K044O844Or44OJIOODl+ODrOOCvOODs+ODiCDjg6rjg7PjgrAg5Yi75Y2w5Y+v6IO9IOOCt+ODq+ODkOODvCDjgrjjg6Xjgqjjg6rjg7wg44Ku44OV44OIIOOBi+OCj+OBhOOBhOOAkSAg5q+N44Gu5pelIOOCt+ODs+ODl+ODq++8muWkqeS9v+OBruWNtSB3aXRoIExPVkVSUyBTQ0VORQ==,5aSp5L2/44Gu5Y215pyq5p2l5aSp5L2/44K544Oa44O844K544Kv44Oq44Ko44O844K/44O844K444Ol44Ko44Oq44O844K344Or44OQ44O844Ki44Kv44K744K144Oq44O844OU44Oz44Kv44K344Or44OQ44O844ON44OD44Kv44Os44K555u05Za25bqX44Kv44Oq44K544Oe44K56ZmQ5a6a44Oa44Oz44OA44Oz44OI5oyH6Lyq44OU44Ki44K544OX44Os44K844Oz44OI44OZ44OT44O844K544OX44O844Oz44Os44OH44Kj44O844K544Op44OQ44O844K644K344O844Oz57WQ5ama5oyH6Lyq44Oa44Ki44Oq44Oz44Kw6KqV55Sf55+z44CQ5Yi75Y2w5a++5b+c44CR4peGTE9WRVJTIFNDRU5FIOODqeODkOODvOOCuuOCt+ODvOODs+KXhuOCt+ODq+ODkOODvOODquODs+OCsO+8iOODrOODh+OCo+ODvOOCue+8ieOAkExTUjAxMTBDWlBL44CR44CQ44K344Or44OQ44O844Oq44Oz44KwIOODmuOCouODquODs+OCsCDjg5rjgqIg5oyH6LyqIOOCr+ODreOCuSDjgq3jg6Xjg7zjg5Pjg4Pjgq8g44OU44Oz44Kv44K044O844Or44OJIOODl+ODrOOCvOODs+ODiCDjg6rjg7PjgrAg5Yi75Y2w5Y+v6IO9IOOCt+ODq+ODkOODvCDjgrjjg6Xjgqjjg6rjg7wg44Ku44OV44OIIOOBi+OCj+OBhOOBhOOAkSAg5q+N44Gu5pelIOOCt+ODs+ODl+ODqw==,5LiK5ZOB44Gq5Y2w6LGh44Gu44OU44Oz44Kv44K044O844Or44OJ44Kr44Op44O84piGIOmAgeaWmeeEoeaWmSDliLvljbDlr77lv5zjgILjgJDliLvljbDlr77lv5zjgJHil4ZMT1ZFUlMgU0NFTkUg44Op44OQ44O844K644K344O844Oz4peG44K344Or44OQ44O844Oq44Oz44Kw77yI44Os44OH44Kj44O844K577yJ44CQTFNSMDExMENaUEvjgJHjgJDjgrfjg6vjg5Djg7zjg6rjg7PjgrAg44Oa44Ki44Oq44Oz44KwIOODmuOCoiDmjIfovKog44Kv44Ot44K5IOOCreODpeODvOODk+ODg+OCryDjg5Tjg7Pjgq/jgrTjg7zjg6vjg4kg44OX44Os44K844Oz44OIIOODquODs+OCsCDliLvljbDlj6/og70g44K344Or44OQ44O8IOOCuOODpeOCqOODquODvCDjgq7jg5Xjg4gg44GL44KP44GE44GE44CRICDmr43jga7ml6Ug44K344Oz44OX44Or[rn]
39-1024,aHR0cDovL3RzaG9wLnIxMHMuanAvdmllYW5nZS9jYWJpbmV0L2xvdmVyc19zY2VuZS9sc3IvbHNyMDEwMnBrcm0uanBnP2ZpdGluPTcwMDo3MDA=,NzM0NC4wMDAw,,44K444Ol44Ko44Oq44O844O744Ki44Kv44K744K144Oq44O8ID4g44Os44OH44Kj44O844K544K444Ol44Ko44Oq44O844O744Ki44Kv44K744K144Oq44O8ID4g5oyH6Lyq44O744Oq44Oz44Kw,44CQ5Yi75Y2w5a++5b+c44CR4peGTE9WRVJTIFNDRU5FIOODqeODkOODvOOCuuOCt+ODvOODs+KXhuOCt+ODq+ODkOODvOODquODs+OCsO+8iOODrOODh+OCo+ODvOOCue+8ieOAkExTUjAxMDJQS1JN44CR44CQ44K344Or44OQ44O844Oq44Oz44KwIOODmuOCouODquODs+OCsCDjg5rjgqIg5oyH6LyqIOOCr+ODreOCuSDjg5Tjg7Pjgq/jgrPjg7zjg4bjgqPjg7PjgrAg44OX44Os44K844Oz44OIIOODquODs+OCsCDliLvljbDlj6/og70g44K344Or44OQ44O8IOOCuOODpeOCqOODquODvCDjgq7jg5Xjg4gg44GL44KP44GE44GE44CRICDmr43jga7ml6Ug44K344Oz44OX44Or,5Lq65rCX44Gu44Kv44Ot44K544Op44Kk44Oz44Gu44Oa44Ki44Oq44Oz44Kw4pmqIOWIu+WNsOWvvuW/nA==,PGNlbnRlcj48YSBocmVmPSJodHRwczovL215LmJvb2ttYXJrLnJha3V0ZW4uY28uanAvP2Z1bmM9cmVnJnN2aWQ9MTAxJnNob3BfYmlkPTIwMzk0NyZpaWQ9MTAwMDExMzkmaXR5cGU9MSB0YXJnZXQ9X2JsYW5rIj48aW1nIHNyYz0iaHR0cDovL2ltYWdlLnJha3V0ZW4uY28uanAvdmllYW5nZS9jYWJpbmV0L3BfYm5yX2Zhdml0ZW0uanBnIiBib3JkZXI9IjAiIHdpZHRoPSI2NjAiIGhlaWdodD0iMTMwIj48L2E+PC9jZW50ZXI+PGJyPjxicj48ZGl2IGlkPSJkZXRhaWxfYmFzZTIiPgo8aW1nIHNyYz0iaHR0cDovL2ltYWdlLnJha3V0ZW4uY28uanAvdmllYW5nZS9jYWJpbmV0L2NhbXBhaWduL2xzX3BjX3Rva3V0ZW4uanBnImFsdD0iTE9WRVJTIFNDRU5FIOOCreODo+ODs+ODmuODvOODsyI+PGJyPjxicj4KIAo8aW1nIHNyYz0iaHR0cDovL2ltYWdlLnJha3V0ZW4uY28uanAvdmllYW5nZS9jYWJpbmV0L2xvdmVyc19zY2VuZS9sc3IvbHNyMDEwMl9pbWFnZS5qcGciIHdpZHRoPSI2NjAiIGhlaWdodD0iMzYwIiAvPgo8YnIgLz48YnIgLz4KCjxpbWcgc3JjPSJodHRwOi8vaW1hZ2UucmFrdXRlbi5jby5qcC92aWVhbmdlL2NhYmluZXQvbG92ZXJzX3NjZW5lL2xzci9sc3IwMTAyX2ltYWdlMi5qcGciIHdpZHRoPSI2NjAiIGhlaWdodD0iOTkwIiAvPgo8YnIgLz48YnIgLz4KPC9kaXY+CgoKPGRpdiBjbGFzcz0ic3BfZ29vZHNfMTMwNV8wOSI+CgogICAgIAogIDxkaXYgY2xhc3M9InNwX3RhbnBpbl9sZWZ0Ij4KPGEgaHJlZj0iaHR0cDovL2l0ZW0ucmFrdXRlbi5jby5qcC92aWVhbmdlL2xzcjAxMDJwa3JtLWJrcm0vIj4KPGltZyBzcmM9IiBodHRwOi8vaW1hZ2UucmFrdXRlbi5jby5qcC92aWVhbmdlL2NhYmluZXQvbG92ZXJzX3NjZW5lL2xzci9sc3IwMTAyX3BhaXIuanBnIiB3aWR0aD0iMjM1IiBoZWlnaHQ9IjIzNSIgY2xhc3M9ImltZzIwIiAvPjwvYT4gICAgICAgCjxwPuOCt+ODq+ODkOODvOODmuOCouODquODs+OCsDxiciAvPgogICAgICAg57SEMy40bW3Dl+e0hDEuOW1t77yI5bmFw5fljprjgb/vvIk8L3A+CjwvZGl2PgogICAgCjxkaXYgY2xhc3M9InNwX3RhbnBpbl9yaWdodCI+CjxhIGhyZWY9IiBodHRwOi8vaXRlbS5yYWt1dGVuLmNvLmpwL3ZpZWFuZ2UvbHNyMDEwMmJrcm0vIj4KPGltZyBzcmM9IiBodHRwOi8vaW1hZ2UucmFrdXRlbi5jby5qcC92aWVhbmdlL2NhYmluZXQvbG92ZXJzX3NjZW5lL2xzci9sc3IwMTAyX3RhbnBpbl9tZW5zLmpwZyIgd2lkdGg9IjIzNSIgaGVpZ2h0PSIyMzUiIGNsYXNzPSJpbWcyMCIgLz48L2E+CiAgICAgIDxwPuODoeODs+OCuuOCt+ODq+ODkOODvOODquODs+OCsO+8iOS4gOmDqOODluODqeODg+OCr+OCs+ODvOODhuOCo+ODs+OCsO+8iTxiciAvPgogICAgICDntIQzLjRtbcOX57SEMS45bW3vvIjluYXDl+WOmuOBv++8iQogICAgICAgPC9wPgo8L2Rpdj4KPC9kaXY+CgoKICA8aW1nIHNyYz0iaHR0cDovL2ltYWdlLnJha3V0ZW4uY28uanAvdmllYW5nZS9jYWJpbmV0L3BhcnRzL2xzcjA2NTBfMzkuZ2lmIiB3aWR0aD0iMTAwJSIgIGNsYXNzPSJpbWcyMCIgLz4KICA8cCBjbGFzcz0iaW1nMTUiPuODquODs+OCsOOCkuedgOOBkeOCiOOBhuOBqOiAg+OBiOOBpuOBhOOCi+aMh+OBruS4gOeVquWkquOBhOmDqOWIhuOBq+ezuOOBquOBqeOCkuW3u+OBhOOBpuOAge+8keWRqOWIhuOBrua8lOe/kuOBrumVt+OBleOCkuWbs+OCiuOBvuOBmeOAgjxiciAvPgogIOOBk+OBrua4rOOCiuaWueOBr+OBguOBj+OBvuOBp+ewoeaYk+eahOOBquioiOa4rOaWueazleOBp+OBmeOBruOBp+OAgeato+eiuuOBq+OCteOCpOOCuuOCkua4rOOCi+OBq+OBr+OAgeOBiui/keOBj+OBruOCouOCr+OCu+OCteODquODvOOCt+ODp+ODg+ODl+OBquOBqeOBp+OAgeOAjuODquODs+OCsOOCsuODvOOCuOOAj+OCkuS9v+eUqOOBl+OBpuioiOa4rOOBl+OBpuS4i+OBleOBhOOAgjwvcD4KICA8aW1nIHNyYz0iaHR0cDovL2ltYWdlLnJha3V0ZW4uY28uanAvdmllYW5nZS9jYWJpbmV0L3BhcnRzL2xzcjA2NTBfNDEuZ2lmIiB3aWR0aD0iMTAwJSIgIGNsYXNzPSJpbWc2MCIgLz4KCjxkaXYgY2xhc3M9ImNhXzAxIj4KPGltZyBzcmM9Imh0dHA6Ly9pbWFnZS5yYWt1dGVuLmNvLmpwL3ZpZWFuZ2UvY2FiaW5ldC93cmFwcGluZy93cmFwcGluZ190aXRsZS5qcGciIGFsdD0i44Op44OD44OU44Oz44KwIj4KCjxicj48YnI+PGJyPgoKPHRhYmxlIGJvcmRlcj0iMCIgd2lkdGg9IjY2MHB4Ij4KPHRyPgo8dGQ+CjxpbWcgc3JjPSJodHRwOi8vaW1hZ2UucmFrdXRlbi5jby5qcC92aWVhbmdlL2NhYmluZXQvd3JhcHBpbmcvbHNfd3JhcF8wMV8xLmpwZyIgYWx0PSJMT1ZFUlMgU0NFTkUgIOmAmuW4uOODqeODg+ODlOODs+OCsCI+CjwvdGQ+Cjx0ZD4KPGltZyBzcmM9Imh0dHA6Ly9pbWFnZS5yYWt1dGVuLmNvLmpwL3ZpZWFuZ2UvY2FiaW5ldC93cmFwcGluZy9sc193cmFwXzAyLmpwZyIgYWx0PSJMT1ZFUlMgU0NFTkXjgIDjgqjjgrPjg6njg4Pjg5Tjg7PjgrAiPgo8L3RkPgo8dGQ+CjxhICBocmVmPSJodHRwOi8vaXRlbS5yYWt1dGVuLmNvLmpwL3ZpZWFuZ2UvYy8wMDAwMDAwNzgxLyI+PGltZyBzcmM9Imh0dHA6Ly9pbWFnZS5yYWt1dGVuLmNvLmpwL3ZpZWFuZ2UvY2FiaW5ldC93cmFwcGluZy9sc193cmFwXzAzLmpwZyIgYWx0PSJMT1ZFUlMgU0NFTkXjgIDjgrnjg5rjgrfjg6Pjg6vjg6njg4Pjg5Tjg7PjgrAiPjwvYT4KPC90ZD4KPC90cj4KPC90YWJsZT4KPGltZyBzcmM9Imh0dHA6Ly9pbWFnZS5yYWt1dGVuLmNvLmpwL3ZpZWFuZ2UvY2FiaW5ldC93cmFwcGluZy9raWtpbi5qcGciIGFsdD0i5aSp5L2/44Gu5Y215Z+66YeRIj4KCjxhICBocmVmPSJodHRwOi8vaXRlbS5yYWt1dGVuLmNvLmpwL3ZpZWFuZ2UvYy8wMDAwMDAwNzkxLyI+CjxpbWcgc3JjPSJodHRwOi8vaW1hZ2UucmFrdXRlbi5jby5qcC92aWVhbmdlL2NhYmluZXQvd3JhcHBpbmcvbHNfY2FyZC5qcGciIGFsdD0i44Oh44OD44K744O844K444Kr44O844OJIj48L2E+CgoKPGltZyAKc3JjPSJodHRwOi8vaW1hZ2UucmFrdXRlbi5jby5qcC92aWVhbmdlL2NhYmluZXQvY2FtcGFpZ24vbm9iZV9sc182NjAuanBnIiB3aWR0aD0iNjYwIiBoaWdodD0iMjAwIiBhbHQ9IkxPVkVSUyBTQ0VORSDjg47jg5njg6vjg4bjgqMiPjxicj48YnI+CjwvZGl2Pjx0YWJsZSBib3JkZXI9IjAiIHdpZHRoPSIzOTAiPgogIDx0Ym9keT4KICAgIDx0cj4KICAgICAgPHRkIGhlaWdodD0iMjMxIj4gPGZvbnQgY29sb3I9IzY5Njk2OSBzaXplPSIyIj4g5Lq65rCX44Gu44Kv44Ot44K544Op44Kk44Oz44O744OV44Kp44Or44Og44Gu44Ot44K444Km44Og44O744Kz44O844OG44Kj44Oz44Kw44O744O044Kh44O844K444On44Oz44CCPC9mb250Pjxicj4KICAgICAgICAgIDxmb250IGNvbG9yPSM2OTY5Njkgc2l6ZT0iMiI+IOe0sOi6q+OBruODqeOCpOODs+OBjOaMh+WFg+OCkuOCqOODrOOCrOODs+ODiOOBq+a8lOWHuuOBl+OBvuOBmeOAgjwvZm9udD48YnI+CiAgICAgICAgICA8Zm9udCBjb2xvcj0jNjk2OTY5IHNpemU9IjIiPuKAnFRSVUUgTE9WRSBJUyBFVEVSTkFM4oCd44Gu5Yi75Y2w44GM5pa944GV44KM44Gm44GE44G+44GZ44CCPC9mb250Pjxicj4KICA8YnI+CiAgICAgICAgICA8Zm9udCBjb2xvcj0jMDA5OUZGIHNpemU9IjIiPiDjg5bjg6njg4Pjgq/mn4Tjgajjga7jg5rjgqLkvb/nlKjjgoLjgqrjgrnjgrnjg6HjgafjgZnjgII8L2ZvbnQ+PGJyPgogICAgICAgICAgIDxicj4KICAgICAgICAgIDxmb250IGNvbG9yPSMwMDk5RkYgc2l6ZT0iMiI+44Oa44Ki5ZWG5ZOB44Gu44GK5rGC44KB44Gv44GT44Gh44KJPC9mb250Pjxicj4KICA8YnI+CiAgICAgICAgICA8Zm9udCBjb2xvcj0jNjk2OTY5IHNpemU9IjIiPuKWoOe0oOadkOKWoDwvZm9udD48YnI+CiAgICAgICAgICA8YnI+CiAgICAgICAgICA8Zm9udCBjb2xvcj0jNjk2OTY5IHNpemU9IjIiPlNWOTI177yI44Ot44K444Km44Og44O744Kz44O844OG44Kj44Oz44Kw44CB5LiA6YOo44OU44Oz44Kv44O744Kz44O844OG44Kj44Oz44Kw77yJPC9mb250Pjxicj4KICAgICAgICAgIDxicj4KICAgICAgICAgIDxmb250IGNvbG9yPSM2OTY5Njkgc2l6ZT0iMiI+4pag5aSn44GN44GVKG1tKeKWoDwvZm9udD48YnI+CiAgICAgICAgICA8YnI+CiAgICAgICAgICA8Zm9udCBjb2xvcj0jNjk2OTY5IHNpemU9IjIiPuW5hee0hDMuNMOX5Y6a44G/57SEMS45PC9mb250Pjxicj4KICAgICAgICAgIDxicj4KICAgICAgICAgIDxmb250IGNvbG9yPSM2OTY5Njkgc2l6ZT0iMiI+4pag6YeN6YeP4pagPC9mb250Pjxicj4KICAgICAgICAgIDxicj4KICAgICAgICAgIDxmb250IGNvbG9yPSM2OTY5Njkgc2l6ZT0iMiI+57SEMi4xZzwvZm9udD48YnI+CiAgICAgICAgICA8Zm9udCBjb2xvcj0jNjk2OTY5IHNpemU9Ii0yIj7igLvjgrXjgqTjgrrjg7vph43ph4/jgavjga/lpJrlsJHjga7lgIvkvZPlt67jgYzlh7rjgb7jgZnigLs8L2ZvbnQ+PGJyPgogICAgICAgICA8YnI+Cjxmb250IGNvbG9yPSJmZjAwMDAiPjxiPuOBk+OBruODquODs+OCsOOBr+Wlh+aVsOOCteOCpOOCuuOBruOBv+OBruOBiuWPluOCiuaJseOBhOOBp+OBmeOAgjxicj4K44G+44Gf44CB44K144Kk44K655u044GX44KC5Ye65p2l44G+44Gb44KT44Gu44Gn44CB44K144Kk44K644KS44KI44GP44GK56K644GL44KB44Gu5LiK44GU5rOo5paH5LiL44GV44GE44CCPC9iPjwvZm9udD48YnI+Cjxicj4KPGJyPgo8Zm9udCBjb2xvcj0jMDA5OUZGIHNpemU9IjIiPuKWoDxmb250IHNpemU9IisxIj48c3Ryb25nPuaJi+W9q+WIu+WNsOWvvuW/nO+8iOOCquODl+OCt+ODp+ODs+ODu+acieaWme+8iTwvc3Ryb25nPjwvZm9udD7ilqA8L2ZvbnQ+PGJyPgogICAgICAgICAgPGZvbnQgY29sb3I9IzY5Njk2OSBzaXplPSIyIj7jgZPjga7llYblk4Hjga/jgIHjg6rjg7PjgrDjga7lhoXlgbTjgavliLvljbAo5paH5a2X5YWl44KMKeOBjOOBp+OBjeOBvuOBmeOAgjwvZm9udD48YnI+Cjxicj4gIAogIDxmb250IGNvbG9yPSM2OTY5Njkgc2l6ZT0iMiI+4peP5Yi75a2X5qmf44KS5L2/44Gj44Gm44Kv44Op44OV44OI44Oe44Oz44GM5omL5L2c5qWt44Gn5b2r6L6844KAPHN0cm9uZz7vvJzmiYvlvavliLvljbDvvJ48L3N0cm9uZz7jgajjgarjgorjgb7jgZnjgII8L2ZvbnQ+PGJyPgogIDxmb250IGNvbG9yPSM2OTY5Njkgc2l6ZT0iMiI+4peP5pu45L2T44GvPHN0cm9uZz7jg5bjg63jg4Pjgq/kvZMo5Li444K044K344OD44KvKTwvc3Ryb25nPuOBruOBv+OAgjwvZm9udD48YnI+CiAgPGJyPgogIDxmb250IGNvbG9yPSM2OTY5Njkgc2l6ZT0iMiI+4peP5L2/55So5Y+v6IO95paH5a2X44O76KiY5Y+3Ojxicj4KICBB772eWuOBruOCouODq+ODleOCoeODmeODg+ODiDxzdHJvbmc+5aSn5paH5a2XPC9zdHJvbmc+44CB77yQ772e77yZ44Gu6Iux5pWw5a2X44CB44OP44Kk44OV44OzKAogIC0gKeOAgeODlOODquOCquODiSggPHN0cm9uZz4uPC9zdHJvbmc+ICnjgIHjgqLjg7Pjg4noqJjlj7fvvIggJmFtcDsgKeOAgeWwj+aWh+Wtl+OBruOAjHRv44CN77yI77yR5paH5a2X5YiG77yJ44CBCuS4rem7kigg44O7KTwvZm9udD48YnI+Cjxicj4KPGZvbnQgY29sb3I9IzY5Njk2OSBzaXplPSIyIj7il4/liLvljbDlj6/og73jgarmloflrZfmlbDjgIHliLvljbDkvY3nva7jga/jg6rjg7PjgrDjgZTjgajjgavnlbDjgarjgorjgb7jgZnjgII8L2ZvbnQ+PGJyPgogICAgICAgICAgPGZvbnQgY29sb3I9I0ZGMDAwMCBzaXplPSIyIj7jgZPjga7llYblk4Hjga/jgIHjgqLjg6vjg5XjgqHjg5njg4Pjg4jlpKfmloflrZfjg7voi7HmlbDlrZflkIjjgo/jgZvjgaY8Zm9udCBzaXplPSI1Ij48c3Ryb25nPjjmloflrZc8L3N0cm9uZz48L2ZvbnQ+44G+44Gn5Yi75Y2w5Y+v6IO944Gn44GZ44CCKOiomOWPt+ODu+OCueODmuODvOOCueOBquOBqeOCgu+8keaWh+Wtl+OBqOOBl+OBpuOCq+OCpuODs+ODiOOBleOCjOOBvuOBmSk8L2ZvbnQ+PGJyPgogICAgICAgICAgPGJyPgogICAgICAgICAgPGZvbnQgY29sb3I9IzAwOTlGRiBzaXplPSIyIj7ilqDliLvljbDmlpnph5HvvJrvv6XvvJHvvIzvvJXvvJfvvJU8Zm9udCBjb2xvcj0iIzY2NjY2NiI+KOeojui+vC/jg6rjg7PjgrDvvJHlgIvjgavjgaTjgY0pPGJyPgogIOWIu+WNsOWPr+iDveaWh+Wtl+aVsOS7peWGheOBquOCieS9leaWh+Wtl+OBp+OCgjwvZm9udD48L2ZvbnQ+PGJyPgo8YnI+CiAgPGZvbnQgY29sb3I9IzAwOTlGRiBzaXplPSIyIj7ilqDntI3mnJ/vvJrpgJrluLjntI3mnJ/jgavliqDjgYjjgIHmnIDplbfntITvvJXllrbmpa3ml6XnqIvkvZnliIbjgavjgYvjgYvjgorjgb7jgZk8L2ZvbnQ+PGJyPgogIDxicj4KICAgICAgICAgIDxmb250IGNvbG9yPSMwMDk5RkYgc2l6ZT0iMiI+4pag44GU5rOo5paH5pa55rOV77yaPC9mb250Pjxicj4KICAgICAgICAgIDxmb250IGNvbG9yPSM2OTY5Njkgc2l6ZT0iMiI+44OX44Or44OA44Km44Oz44O744Oh44OL44Ol44O844GL44KJPHN0cm9uZz7jgIzmnInmlpnliLvljbDluIzmnJvjgI08L3N0cm9uZz7jgpLjgZTpgbjmip7jgY/jgaDjgZXjgYTjgILms6jmlofnlLvpnaLjga7jgIzjgYrlupfjgbjjga7jg6Hjg4Pjgrvjg7zjgrjjgI3mrITjgas8c3Ryb25nPuWIu+WNsOWGheWuuTwvc3Ryb25nPuOCkuOBiuabuOOBjeS4i+OBleOBhO+8iOWVhuWTgeOCkjLlgIvku6XkuIrlkIzmmYLjgavjgYrosrfjgYTmsYLjgoHjgYTjgZ/jgaDjgYTjgZ/loLTlkIjjga/jgIHliLvljbDlr77osaHllYblk4HjgYzjgo/jgYvjgovjgojjgYbjgIE8c3Ryb25nPuWVhuWTgeeVquWPtzwvc3Ryb25nPuOCguOBlOS9teiomOmhmOOBhOOBvuOBme+8ieOAgjwvZm9udD48YnI+CiAgPGJyPgogICAgICAgICAgPGZvbnQgY29sb3I9IzY5Njk2OSBzaXplPSIyIj7liLvljbDmlpnph5Hjga/jgIHjgZTms6jmloflhoXlrrnnorroqo3mmYLjgavllYblk4Hku6Pph5HjgavliqDnrpfjgZXjgZvjgabjgYTjgZ/jgaDjgY3jgb7jgZnjgILjgZTms6jmloflj5fnkIblvozjgavjgYrpgIHjgorjgZnjgovjgrXjg7Pjgq/jgrnjg6Hjg7zjg6vjgavjgablj43mmKDjgZXjgozjgb7jgZnjga7jgafjgZTnorroqo3jgY/jgaDjgZXjgYTjgIIgPC9mb250Pjxicj4KICAgICAgICAgIDxicj4KPC9URD4KICAgIDwvVFI+CiAgPC9UQk9EWT4KPC9UQUJMRT48IS0t4pa84pa8IOW3puW4r+ODquODs+OCr+OBguOCiiDilrzilrwtLT4KCjxkaXYgaWQ9ImhpZGFyaS1vYmkiPgoKPHN0eWxlPgojaGlkYXJpLW9iaSB7CnBvc2l0aW9uOiBhYnNvbHV0ZTsKdG9wOjBweDsKbGVmdDoxMHB4OwpiYWNrZ3JvdW5kOiB1cmwoImh0dHBzOi8vaW1hZ2UucmFrdXRlbi5jby5qcC92aWVhbmdlL2NhYmluZXQvY2FtcGFpZ24vc2NibnJfMDUxNS5qcGciKSByZXBlYXQteSBsZWZ0IHRvcCA7Cn0KI2hpZGFyaS1vYmkgYSB7CmRpc3BsYXk6IGJsb2NrOwpoZWlnaHQ6OTMwMHB4Oy8q44Oa44O844K45YWo5L2T44Gu6auY44GVKi8Kd2lkdGg6IDE0MHB4Oy8q5biv44Gu5bmFKi8KfQo8L3N0eWxlPgoKPC9kaXY+CgoKCjwhLS3ilrzilrwg5bem5biv44Oq44Oz44Kv44Gq44GXIOKWvOKWvC0tPgoKCgoKPCEtLeKWvOKWvCDlt6bluK/jg6rjg7Pjgq/jgarjgZcg4pa84pa8LS0+Cgo8IS0tCjxzdHlsZSB0eXBlPSJ0ZXh0L2NzcyI+CmJvZHl7CmJhY2tncm91bmQtaW1hZ2U6IHVybCgiaHR0cDovL2ltYWdlLnJha3V0ZW4uY28uanAvdmllYW5nZS9jYWJpbmV0L2NhbXBhaWduL2Jucl8xMDEyLmpwZyIpOwpiYWNrZ3JvdW5kLXJlcGVhdDogcmVwZWF0LXk7CmJhY2tncm91bmQtYXR0YWNobWVudDogc2Nyb2xsOwpiYWNrZ3JvdW5kLXBvc2l0aW9uOmxlZnQKfQo8L3N0eWxlPgotLT4KCgoKCjxzdHlsZSB0eXBlPSJ0ZXh0L2NzcyI+CgovKiDjgYrmsJfjgavlhaXjgorllYblk4EgKi8KCiNyYWt1dGVuTGltaXRlZElkX2Fyb3VuZENhcnQgI3NlcnZpY2VUYWJsZVNtbCB0ZC5mYXZvcml0ZSB7CgpwYWRkaW5nLXRvcDogNXB4OwoKfQoKI3Jha3V0ZW5MaW1pdGVkSWRfYXJvdW5kQ2FydCBkaXYuYm9va21hcmtBcmVhIGRpdi5ia20gewoKd2lkdGg6IDI5MXB4ICFpbXBvcnRhbnQ7CgpoZWlnaHQ6MzNweCAhaW1wb3J0YW50OwoKcGFkZGluZzogMHB4IDBweCAxMHB4IDBweCAhaW1wb3J0YW50OwoKfQoKI3Jha3V0ZW5MaW1pdGVkSWRfYXJvdW5kQ2FydCBkaXYuYm9va21hcmtBcmVhIGRpdi5ia20gYS5hZGRCa20gewoKd2lkdGg6IDI5MXB4ICFpbXBvcnRhbnQ7CgpoZWlnaHQ6MzNweCAhaW1wb3J0YW50OwoKfQoKI3Jha3V0ZW5MaW1pdGVkSWRfYXJvdW5kQ2FydCBkaXYuYm9va21hcmtBcmVhIGRpdi5ia20gYS5hZGRCa20gc3Bhbi5ia21TdGFyIHsKCmRpc3BsYXk6IGlubGluZS1ibG9jayAhaW1wb3J0YW50OwoKd2lkdGg6IDI5MXB4ICFpbXBvcnRhbnQ7CgpoZWlnaHQ6MzNweCAhaW1wb3J0YW50OwoKbWFyZ2luOjBweCAwcHggMTBweCAwcHggIWltcG9ydGFudDsKCmJhY2tncm91bmQ6IHVybCgiaHR0cDovL2ltYWdlLnJha3V0ZW4uY28uanAvdmllYW5nZS9jYWJpbmV0L2Jucl9mYXZpdGVtLmpwZyIpIG5vLXJlcGVhdCAhaW1wb3J0YW50OwoKfQoKIAoKLyog44GK5rCX44Gr5YWl44KK44K344On44OD44OXICovCgpkaXYuYm9va21hcmtBcmVhIHsKCndpZHRoOiAyOTFweCAhaW1wb3J0YW50OwoKfQoKI3Jha3V0ZW5MaW1pdGVkSWRfYXJvdW5kQ2FydCBkaXYuc2hvcEJvb2ttYXJrQXJlYSBkaXYuc2hvcEJrbSB7Cgp3aWR0aDogMjkxcHggIWltcG9ydGFudDsKCmhlaWdodDozM3B4ICFpbXBvcnRhbnQ7CgpwYWRkaW5nOiAwcHggMHB4ICFpbXBvcnRhbnQ7CgpwYWRkaW5nLWxlZnQ6IDBweCAhaW1wb3J0YW50OwoKfQoKI3Jha3V0ZW5MaW1pdGVkSWRfYXJvdW5kQ2FydCBkaXYuc2hvcEJvb2ttYXJrQXJlYSBkaXYuc2hvcEJrbSBhLmFkZFNob3BCa20gc3Bhbi5zaG9wQmttU3RhciB7CgpkaXNwbGF5OiBpbmxpbmUtYmxvY2sgIWltcG9ydGFudDsKCndpZHRoOiAyOTFweCAhaW1wb3J0YW50OwoKaGVpZ2h0OjMzcHggIWltcG9ydGFudDsKCm1hcmdpbi1yaWdodDogMHB4ICFpbXBvcnRhbnQ7CgpiYWNrZ3JvdW5kOiB1cmwoImh0dHA6Ly9pbWFnZS5yYWt1dGVuLmNvLmpwL3ZpZWFuZ2UvY2FiaW5ldC9ibnJfZmF2c2hvcC5qcGciKSBuby1yZXBlYXQgIWltcG9ydGFudDsKCn0KPC9zdHlsZT4KCgoKCjxkaXYgaWQ9InByZXNlbnRfYmFzZSIgY2xhc3M9ImNsZWFyZml4Ij4KICAgPGRpdiBjbGFzcz0icHJlc2VudF9pbWciPjxpbWcgc3JjPSJodHRwOi8vaW1hZ2UucmFrdXRlbi5jby5qcC92aWVhbmdlL2NhYmluZXQvdG1nL2Zvb3RfcHJlMDEuZ2lmIiBhbHQ9IuWkp+WIh+OBquOBguOBruS6uuOBq+e0oOaVteOBquODl+ODrOOCvOODs+ODiCIgd2lkdGg9IjE5OSIgaGVpZ2h0PSIyOTUiIC8+PC9kaXY+CiAgIDxkaXYgY2xhc3M9InByZXNlbnRfdHh0Ij48cD7lvZPlupfjga/jgIHkurrmsJfjgqLjgq/jgrvjgrXjg6rjg7zjg5bjg6njg7Pjg4njgIzlpKnkvb/jga7ljbXjgI3jgoTjgIzmnKrmnaXlpKnkvb/jgI3jgpLjga/jgZjjgoHjgIHoqpXnlJ/nn7Pjga7jg5rjg7Pjg4Djg7Pjg4jjgoTjg6rjg7PjgrDjgarjganjgIHjg5fjg6zjgrzjg7Pjg4jjgavjg5Tjg4Pjgr/jg6rjgarjgqLjgq/jgrvjgrXjg6rjg7zjgpLlj5bmibHjgYbpgJrosqnjgrfjg6fjg4Pjg5fjgafjgZnjgII8L3A+PGJyIC8+CuOAjOWEquOBl+OBhOWFieOBq+OBpOOBpOOBvuOCjOOCi+awuOmBoOOBruWRveOAjeOCkuihqOePvuOBl+OBn+OCs+ODs+OCu+ODl+ODiOOCuOODpeOCqOODquODvOOAjOacquadpeWkqeS9v+OAjeOBr+acquadpeOBq+WQkeOBkeOBpui8neOBkeOCi+WRveOBruOBmeOBsOOCieOBl+OBleOCkuWkmuW9qeOBquODhuODvOODnuODu+ODh+OCtuOCpOODs+OBp+ihqOePvuOBl+OBpuOBhOOBvuOBmeOAgjxiciAvPgrjgZ3jgpPjgarmnKrmnaXlpKnkvb/jgYvjgonjga7jg5fjg6zjgrzjg7Pjg4jjgajjgYTjgYbjgrPjg7Pjgrvjg5fjg4jjgafkvZzjgonjgozjgZ/jgIzlpKnkvb/jga7ljbXjgI3jga/jgIHjgIzoqpXnlJ/jga7llpzjgbPjgI3jgoTjgIznlJ/jgY3jgovjgZPjgajjga7mhJ/li5Xjgajos57os5vjgI3jgpLjg4bjg7zjg57jgajjgZfjgablibXjgonjgozjgIHljbXjgajnvr3jga7jg5Djg6njg7Pjgrnjga7oia/jgYTjgoTjgZXjgZfjgYTjg4fjgrbjgqTjg7PjgYzmhJvjgZXjgozjgabjgYTjgovjg63jg7PjgrDjgrvjg6njg7zjga7kurrmsJfjgqLjgq/jgrvjgrXjg6rjg7zjgafjgZnjgILmmK/pnZ7jgIHlpKfliIfjgarkurrjgbjjga7jg5fjg6zjgrzjg7Pjg4jnrYnjgavjgoLjgZTmtLvnlKjkuIvjgZXjgYTvvIE8L2Rpdj4KPC9kaXY+CgoKCgoKPCEtLeKWvOKWvOKWvOODrOODk+ODpeODvOODu+azqOaWh+eKtuazgeKWvOKWvOKWvC0tPiAgIAoKICAgICAgICAgICAgPGgyPjxpbWcgc3JjPSJodHRwOi8vd3d3LnJha3V0ZW4ubmUuanAvZ29sZC92aWVhbmdlL2ltZy90aXRsZV8wNi5qcGciIGFsdD0i44Os44OT44Ol44O8IiB3aWR0aD0iNjg4IiBoZWlnaHQ9IjcwIiAvPjwvaDI+CiAgICAgICAgICAgIDxicj48YnI+CiAgCgkgIDxicj4gPGJyPiA8YnI+IAogICAgICAgICAgICAgICAgICA8aDI+PGltZyBzcmM9Imh0dHA6Ly93d3cucmFrdXRlbi5uZS5qcC9nb2xkL3ZpZWFuZ2UvaW1nL3RpdGxlXzA3LmpwZyIgYWx0PSLms6jmlofnirbms4EiIHdpZHRoPSI2ODgiIGhlaWdodD0iNzAiIC8+PC9oMj4KICAgICAgICAgICAgICAgICAgICAgICAgICAgICAgPGJyPiA8YnI+IAo8YnI+IDxicj4gPGJyPg==,44CQ5Yi75Y2w5a++5b+c44CR4peGTE9WRVJTIFNDRU5FIOODqeODkOODvOOCuuOCt+ODvOODs+KXhuOCt+ODq+ODkOODvOODquODs+OCsO+8iOODrOODh+OCo+ODvOOCue+8ieOAkExTUjAxMDJQS1JN44CR44CQ44K344Or44OQ44O844Oq44Oz44KwIOODmuOCouODquODs+OCsCDjg5rjgqIg5oyH6LyqIOOCr+ODreOCuSDjg5Tjg7Pjgq/jgrPjg7zjg4bjgqPjg7PjgrAg44OX44Os44K844Oz44OIIOODquODs+OCsCDliLvljbDlj6/og70g44K344Or44OQ44O8IOOCuOODpeOCqOODquODvCDjgq7jg5Xjg4gg44GL44KP44GE44GE44CRICDmr43jga7ml6Ug44K344Oz44OX44Or77ya5aSp5L2/44Gu5Y21IHdpdGggTE9WRVJTIFNDRU5F,5aSp5L2/44Gu5Y215pyq5p2l5aSp5L2/44K544Oa44O844K544Kv44Oq44Ko44O844K/44O844K444Ol44Ko44Oq44O844K344Or44OQ44O844Ki44Kv44K744K144Oq44O844OU44Oz44Kv44K344Or44OQ44O844ON44OD44Kv44Os44K555u05Za25bqX44Kv44Oq44K544Oe44K56ZmQ5a6a44Oa44Oz44OA44Oz44OI5oyH6Lyq44OU44Ki44K544OX44Os44K844Oz44OI44OZ44OT44O844K544OX44O844Oz44Os44OH44Kj44O844K544Op44OQ44O844K644K344O844Oz57WQ5ama5oyH6Lyq44Oa44Ki44Oq44Oz44Kw6KqV55Sf55+z44CQ5Yi75Y2w5a++5b+c44CR4peGTE9WRVJTIFNDRU5FIOODqeODkOODvOOCuuOCt+ODvOODs+KXhuOCt+ODq+ODkOODvOODquODs+OCsO+8iOODrOODh+OCo+ODvOOCue+8ieOAkExTUjAxMDJQS1JN44CR44CQ44K344Or44OQ44O844Oq44Oz44KwIOODmuOCouODquODs+OCsCDjg5rjgqIg5oyH6LyqIOOCr+ODreOCuSDjg5Tjg7Pjgq/jgrPjg7zjg4bjgqPjg7PjgrAg44OX44Os44K844Oz44OIIOODquODs+OCsCDliLvljbDlj6/og70g44K344Or44OQ44O8IOOCuOODpeOCqOODquODvCDjgq7jg5Xjg4gg44GL44KP44GE44GE44CRICDmr43jga7ml6Ug44K344Oz44OX44Or,5Lq65rCX44Gu44Kv44Ot44K544Op44Kk44Oz44Gu44Oa44Ki44Oq44Oz44Kw4pmqIOWIu+WNsOWvvuW/nOOAguOAkOWIu+WNsOWvvuW/nOOAkeKXhkxPVkVSUyBTQ0VORSDjg6njg5Djg7zjgrrjgrfjg7zjg7Pil4bjgrfjg6vjg5Djg7zjg6rjg7PjgrDvvIjjg6zjg4fjgqPjg7zjgrnvvInjgJBMU1IwMTAyUEtSTeOAkeOAkOOCt+ODq+ODkOODvOODquODs+OCsCDjg5rjgqLjg6rjg7PjgrAg44Oa44KiIOaMh+i8qiDjgq/jg63jgrkg44OU44Oz44Kv44Kz44O844OG44Kj44Oz44KwIOODl+ODrOOCvOODs+ODiCDjg6rjg7PjgrAg5Yi75Y2w5Y+v6IO9IOOCt+ODq+ODkOODvCDjgrjjg6Xjgqjjg6rjg7wg44Ku44OV44OIIOOBi+OCj+OBhOOBhOOAkSAg5q+N44Gu5pelIOOCt+ODs+ODl+ODqw==[rn]
39-1025,aHR0cDovL3RzaG9wLnIxMHMuanAvdmllYW5nZS9jYWJpbmV0L2xvdmVyc19zY2VuZS9sc3IvbHNyMDEwNGN6cGtybS5qcGc/Zml0aW49NzAwOjcwMA==,ODY0MC4wMDAw,,44K444Ol44Ko44Oq44O844O744Ki44Kv44K744K144Oq44O8ID4g44Os44OH44Kj44O844K544K444Ol44Ko44Oq44O844O744Ki44Kv44K744K144Oq44O8ID4g5oyH6Lyq44O744Oq44Oz44Kw,44CQ5Yi75Y2w5a++5b+c44CR4peGTE9WRVJTIFNDRU5FIOODqeODkOODvOOCuuOCt+ODvOODs+KXhuOCt+ODq+ODkOODvOODquODs+OCsO+8iOODrOODh+OCo+ODvOOCue+8ieOAkExTUjAxMDRDWlBLUk3jgJHjgJDjgrfjg6vjg5Djg7zjg6rjg7PjgrAg44Oa44Ki44Oq44Oz44KwIOODmuOCoiDmjIfovKog44Kv44Ot44K5IOOCreODpeODvOODk+ODg+OCryDjg5Tjg7Pjgq/jgrTjg7zjg6vjg4kg44OX44Os44K844Oz44OIIOODquODs+OCsCDliLvljbAg44K344Or44OQ44O8IOOCuOODpeOCqOODquODvCDjgq7jg5Xjg4gg44GL44KP44GE44GE44CRICDmr43jga7ml6Ug44K344Oz44OX44Or,44Kt44Ol44O844OT44OD44Kv44KS6LSF5rKi44Gr5L2/55So44GX44Gf5LiK5ZOB44Oq44Oz44Kw4pmq,PGNlbnRlcj48YSBocmVmPSJodHRwczovL215LmJvb2ttYXJrLnJha3V0ZW4uY28uanAvP2Z1bmM9cmVnJnN2aWQ9MTAxJnNob3BfYmlkPTIwMzk0NyZpaWQ9MTAwMDExNDQmaXR5cGU9MSB0YXJnZXQ9X2JsYW5rIj48aW1nIHNyYz0iaHR0cDovL2ltYWdlLnJha3V0ZW4uY28uanAvdmllYW5nZS9jYWJpbmV0L3BfYm5yX2Zhdml0ZW0uanBnIiBib3JkZXI9IjAiIHdpZHRoPSI2NjAiIGhlaWdodD0iMTMwIj48L2E+PC9jZW50ZXI+PGJyPjxicj48ZGl2IGlkPSJkZXRhaWxfYmFzZTIiPgo8aW1nIHNyYz0iaHR0cDovL2ltYWdlLnJha3V0ZW4uY28uanAvdmllYW5nZS9jYWJpbmV0L2NhbXBhaWduL2xzX3BjX3Rva3V0ZW4uanBnImFsdD0iTE9WRVJTIFNDRU5FIOOCreODo+ODs+ODmuODvOODsyI+PGJyPjxicj4KIAo8aW1nIHNyYz0iaHR0cDovL2ltYWdlLnJha3V0ZW4uY28uanAvdmllYW5nZS9jYWJpbmV0L2xvdmVyc19zY2VuZS9sc3IvbHNyMDEwNF9pbWFnZS5qcGciIHdpZHRoPSI2NjAiIGhlaWdodD0iMzYwIiAvPgo8YnIgLz48YnIgLz4KCjxpbWcgc3JjPSJodHRwOi8vaW1hZ2UucmFrdXRlbi5jby5qcC92aWVhbmdlL2NhYmluZXQvbG92ZXJzX3NjZW5lL2xzci9sc3IwMTA0X2ltYWdlMi5qcGciIHdpZHRoPSI2NjAiIGhlaWdodD0iOTkwIiAvPgo8YnIgLz48YnIgLz4KPC9kaXY+CgoKPGRpdiBjbGFzcz0ic3BfZ29vZHNfMTMwNV8wOSI+CgogICAgIAogIDxkaXYgY2xhc3M9InNwX3RhbnBpbl9sZWZ0Ij4KPGEgaHJlZj0iaHR0cDovL2l0ZW0ucmFrdXRlbi5jby5qcC92aWVhbmdlL2xzcjAxMDRjenBrcm0tYmtybS8iPgo8aW1nIHNyYz0iIGh0dHA6Ly9pbWFnZS5yYWt1dGVuLmNvLmpwL3ZpZWFuZ2UvY2FiaW5ldC9sb3ZlcnNfc2NlbmUvbHNyL2xzcjAxMDRfcGFpci5qcGciIHdpZHRoPSIyMzUiIGhlaWdodD0iMjM1IiBjbGFzcz0iaW1nMjAiIC8+PC9hPiAgICAgICAKPHA+44K344Or44OQ44O844Oa44Ki44Oq44Oz44KwPGJyIC8+CiAgICAgIDwvcD4KPC9kaXY+CiAgICAKPGRpdiBjbGFzcz0ic3BfdGFucGluX3JpZ2h0Ij4KPGEgaHJlZj0iIGh0dHA6Ly9pdGVtLnJha3V0ZW4uY28uanAvdmllYW5nZS9sc3IwMTA0YmtybS8iPgo8aW1nIHNyYz0iIGh0dHA6Ly9pbWFnZS5yYWt1dGVuLmNvLmpwL3ZpZWFuZ2UvY2FiaW5ldC9sb3ZlcnNfc2NlbmUvbHNyL2xzcjAxMDRfdGFucGluX21lbnMuanBnIiB3aWR0aD0iMjM1IiBoZWlnaHQ9IjIzNSIgY2xhc3M9ImltZzIwIiAvPjwvYT4KICAgICAgPHA+44Oh44Oz44K644K344Or44OQ44O844Oq44Oz44Kw77yI5LiA6YOo44OW44Op44OD44Kv44Kz44O844OG44Kj44Oz44Kw77yJPGJyIC8+CiAgICAgIOe0hDMuNG1tw5fntIQyLjFtbe+8iOW5hcOX5Y6a44G/77yJCiAgICAgICA8L3A+CjwvZGl2Pgo8L2Rpdj4KCgogIDxpbWcgc3JjPSJodHRwOi8vaW1hZ2UucmFrdXRlbi5jby5qcC92aWVhbmdlL2NhYmluZXQvcGFydHMvbHNyMDY1MF8zOS5naWYiIGNsYXNzPSJpbWcyMCIgLz4KICA8cCBjbGFzcz0iaW1nMTUiPuODquODs+OCsOOCkuedgOOBkeOCiOOBhuOBqOiAg+OBiOOBpuOBhOOCi+aMh+OBruS4gOeVquWkquOBhOmDqOWIhuOBq+ezuOOBquOBqeOCkuW3u+OBhOOBpuOAge+8keWRqOWIhuOBrua8lOe/kuOBrumVt+OBleOCkuWbs+OCiuOBvuOBmeOAgjxiciAvPgogIOOBk+OBrua4rOOCiuaWueOBr+OBguOBj+OBvuOBp+ewoeaYk+eahOOBquioiOa4rOaWueazleOBp+OBmeOBruOBp+OAgeato+eiuuOBq+OCteOCpOOCuuOCkua4rOOCi+OBq+OBr+OAgeOBiui/keOBj+OBruOCouOCr+OCu+OCteODquODvOOCt+ODp+ODg+ODl+OBquOBqeOBp+OAgeOAjuODquODs+OCsOOCsuODvOOCuOOAj+OCkuS9v+eUqOOBl+OBpuioiOa4rOOBl+OBpuS4i+OBleOBhOOAgjwvcD4KICA8aW1nIHNyYz0iaHR0cDovL2ltYWdlLnJha3V0ZW4uY28uanAvdmllYW5nZS9jYWJpbmV0L3BhcnRzL2xzcjA2NTBfNDEuZ2lmIiB3aWR0aD0iNjYwIiBoZWlnaHQ9IjE2NyIgY2xhc3M9ImltZzYwIiAvPgoKPGRpdiBjbGFzcz0iY2FfMDEiPgo8aW1nIHNyYz0iaHR0cDovL2ltYWdlLnJha3V0ZW4uY28uanAvdmllYW5nZS9jYWJpbmV0L3dyYXBwaW5nL3dyYXBwaW5nX3RpdGxlLmpwZyIgYWx0PSLjg6njg4Pjg5Tjg7PjgrAiPgoKPGJyPjxicj48YnI+Cgo8dGFibGUgYm9yZGVyPSIwIiB3aWR0aD0iNjYwcHgiPgo8dHI+Cjx0ZD4KPGltZyBzcmM9Imh0dHA6Ly9pbWFnZS5yYWt1dGVuLmNvLmpwL3ZpZWFuZ2UvY2FiaW5ldC93cmFwcGluZy9sc193cmFwXzAxXzEuanBnIiBhbHQ9IkxPVkVSUyBTQ0VORSAg6YCa5bi444Op44OD44OU44Oz44KwIj4KPC90ZD4KPHRkPgo8aW1nIHNyYz0iaHR0cDovL2ltYWdlLnJha3V0ZW4uY28uanAvdmllYW5nZS9jYWJpbmV0L3dyYXBwaW5nL2xzX3dyYXBfMDIuanBnIiBhbHQ9IkxPVkVSUyBTQ0VOReOAgOOCqOOCs+ODqeODg+ODlOODs+OCsCI+CjwvdGQ+Cjx0ZD4KPGEgIGhyZWY9Imh0dHA6Ly9pdGVtLnJha3V0ZW4uY28uanAvdmllYW5nZS9jLzAwMDAwMDA3ODEvIj48aW1nIHNyYz0iaHR0cDovL2ltYWdlLnJha3V0ZW4uY28uanAvdmllYW5nZS9jYWJpbmV0L3dyYXBwaW5nL2xzX3dyYXBfMDMuanBnIiBhbHQ9IkxPVkVSUyBTQ0VOReOAgOOCueODmuOCt+ODo+ODq+ODqeODg+ODlOODs+OCsCI+PC9hPgo8L3RkPgo8L3RyPgo8L3RhYmxlPgo8aW1nIHNyYz0iaHR0cDovL2ltYWdlLnJha3V0ZW4uY28uanAvdmllYW5nZS9jYWJpbmV0L3dyYXBwaW5nL2tpa2luLmpwZyIgYWx0PSLlpKnkvb/jga7ljbXln7rph5EiPgoKPGEgIGhyZWY9Imh0dHA6Ly9pdGVtLnJha3V0ZW4uY28uanAvdmllYW5nZS9jLzAwMDAwMDA3OTEvIj4KPGltZyBzcmM9Imh0dHA6Ly9pbWFnZS5yYWt1dGVuLmNvLmpwL3ZpZWFuZ2UvY2FiaW5ldC93cmFwcGluZy9sc19jYXJkLmpwZyIgYWx0PSLjg6Hjg4Pjgrvjg7zjgrjjgqvjg7zjg4kiPjwvYT4KCgo8aW1nIApzcmM9Imh0dHA6Ly9pbWFnZS5yYWt1dGVuLmNvLmpwL3ZpZWFuZ2UvY2FiaW5ldC9jYW1wYWlnbi9ub2JlX2xzXzY2MC5qcGciIHdpZHRoPSI2NjAiIGhpZ2h0PSIyMDAiIGFsdD0iTE9WRVJTIFNDRU5FIOODjuODmeODq+ODhuOCoyI+PGJyPjxicj4KPC9kaXY+Cjx0YWJsZSB3aWR0aD0iMzkwIiBib3JkZXI9IjAiPgogIDx0cj4KICAgIDx0ZD48cD48Zm9udCBjb2xvcj0jNjk2OTY5IHNpemU9IjIiPuOAkExvdmVycyBTc2NlbmUg44K344Or44OQ44O844Oa44Ki44Oq44Oz44Kw44CRPGJyPgogICAgICAgICAgICA8Zm9udCBjb2xvcj0iIzAwOTlGRiI+44Kv44Ot44K544Op44Kk44Oz44OV44Kp44Or44Og44Oa44Ki44Oq44Oz44Kw44Gu44Os44OH44Kj44O844K55Y2Y5ZOB44CC44Kt44Ol44O844OT44OD44Kv44O744K444Or44Kz44OL44Ki44KS6LSF5rKi44Gr5L2/44Gj44Gm44OW44Oq44Oq44Ki44Oz44OI44Gq5LuV5LiK44GM44KK44CC6KGo6Z2i44Gr4oCcRVRFUk5BTAogICAgICAgICAgICBMT1ZF4oCd77yI5rC46YGg44Gu5oSb77yJ44Gu5Yi75Y2w44GM5pa944GV44KM44Gm44GE44G+44GZ44CCIDwvZm9udD48L2ZvbnQ+PC9wPgogICAgPC90ZD4KICA8L3RyPgo8L3RhYmxlPgo8dGFibGUgd2lkdGg9IjM5MCIgYm9yZGVyPSIwIj4KICA8dHI+CiAgICA8dGQgd2lkdGg9IjEyNSI+Jm5ic3A7PC90ZD4KICAgIDx0ZCB3aWR0aD0iMTM2Ij4mbmJzcDs8L3RkPgogICAgPHRkIHdpZHRoPSIxMTUiPiZuYnNwOzwvdGQ+CiAgPC90cj4KICA8dHI+CiAgICAKICAgIDx0ZD48ZGl2IGFsaWduPSJjZW50ZXIiPjxpbWcgc3JjPSJodHRwOi8vaW1hZ2UucmFrdXRlbi5jby5qcC92aWVhbmdlL2NhYmluZXQvbG92ZXJzX3NjZW5lL2xzci9sc3IwMTA0YmtybV8xMDAuanBnIiBhbHQ9IuODoeODs+OCuuWNmOS9kyIgd2lkdGg9IjEwMCIgaGVpZ2h0PSIxMDAiIGJvcmRlcj0iMCI+PC9kaXY+PC90ZD4KICAgIDx0ZD48ZGl2IGFsaWduPSJjZW50ZXIiPjxpbWcgc3JjPSJodHRwOi8vaW1hZ2UucmFrdXRlbi5jby5qcC92aWVhbmdlL2NhYmluZXQvbG92ZXJzX3NjZW5lL2xzci9sc3IwMTA0XzEwMC5qcGciIGFsdD0i44Oa44Ki44Oq44Oz44KwIiB3aWR0aD0iMTAwIiBoZWlnaHQ9IjEwMCIgYm9yZGVyPSIwIj48L2Rpdj48L3RkPgogIDwvdHI+CiAgPHRyPgogICAgCiAgICA8dGQ+PGRpdiBhbGlnbj0iY2VudGVyIj48Zm9udCBzaXplPSItMSI+44Oh44Oz44K65Y2Y5ZOBPC9mb250PjwvZGl2PjwvdGQ+CiAgICA8dGQ+PGRpdiBhbGlnbj0iY2VudGVyIj48Zm9udCBzaXplPSItMSI+44Oa44Ki6LKp5aOyPC9mb250PjwvZGl2PjwvdGQ+CiAgPC90cj4KPC90YWJsZT4KPHRhYmxlIHdpZHRoPSIzOTAiIGJvcmRlcj0iMCI+CiAgPHRyPgogICAgPHRkIHdpZHRoPSI4OSI+Jm5ic3A7PC90ZD4KICAgIDx0ZCB3aWR0aD0iMjkxIj4mbmJzcDs8L3RkPgogIDwvdHI+CiAgPHRyPgogICAgPHRkPjxmb250IGNvbG9yPSM2OTY5Njkgc2l6ZT0iMiI+4pag44CA57Sg5p2Q44CA4pagPC9mb250PjwvdGQ+CiAgICA8dGQ+Jm5ic3A7PC90ZD4KICA8L3RyPgo8L3RhYmxlPgo8dGFibGUgd2lkdGg9IjM5MCIgYm9yZGVyPSIwIj4KICA8dHI+CiAgICA8dGQgd2lkdGg9Ijg5Ij48ZGl2IGFsaWduPSJyaWdodCI+PGZvbnQgY29sb3I9IiM2OTY5NjkiIHNpemU9IjIiPuODrOODh+OCo+ODvOOCue+8mjwvZm9udD48L2Rpdj48L3RkPgogICAgPHRkIHdpZHRoPSIyOTEiPjxmb250IGNvbG9yPSM2OTY5Njkgc2l6ZT0iMiI+U1Y5MjUo44Ot44K444Km44Og44Kz44O844OG44Kj44Oz44Kw77yJL+S4gOmDqOODlOODs+OCr+OCtOODvOODq+ODieOCs+ODvOODhuOCo+ODs+OCsOOAgeOCreODpeODvOODk+ODg+OCr+OCuOODq+OCs+ODi+OCos6mMS41772N772N44CBMS44772N772N44CBMi4w772N772N44CBMi4yNe+9je+9jeWQhO+8kuWAi+OAgeioiO+8mOWAizwvZm9udD48L3RkPgogIDwvdHI+CiAgPHRyPgogICAgPHRkPiZuYnNwOzwvdGQ+CiAgICA8dGQ+Jm5ic3A7PC90ZD4KICA8L3RyPgo8L3RhYmxlPgo8dGFibGUgd2lkdGg9IjM5MCIgYm9yZGVyPSIwIj4KICA8dHI+CiAgICA8dGQ+PGZvbnQgY29sb3I9IzY5Njk2OSBzaXplPSIyIj7ilqAg5aSn44GN44GVKG1tKSDilqA8L2ZvbnQ+PC90ZD4KICA8L3RyPgo8L3RhYmxlPgo8dGFibGUgd2lkdGg9IjM5MCIgYm9yZGVyPSIwIj4KICA8dHI+CiAgICA8dGQgd2lkdGg9Ijg3Ij4mbmJzcDs8L3RkPgogICAgPHRkIHdpZHRoPSIyOTMiPjxmb250IGNvbG9yPSM2OTY5Njkgc2l6ZT0iMiI+44Os44OH44Kj44O844K577ya5bmF57SEMy40w5fljprjgb/ntIQyLjI8L2ZvbnQ+PC90ZD4KICA8L3RyPgo8L3RhYmxlPgo8dGFibGUgd2lkdGg9IjM5MCIgYm9yZGVyPSIwIj4KICA8dHI+CiAgICA8dGQgd2lkdGg9Ijg3Ij4mbmJzcDs8L3RkPgogICAgPHRkIHdpZHRoPSIyOTMiPiZuYnNwOzwvdGQ+CiAgPC90cj4KPC90YWJsZT4KPHRhYmxlIHdpZHRoPSIzOTAiIGJvcmRlcj0iMCI+CiAgPHRyPgogICAgPHRkIHdpZHRoPSI4OSI+PGZvbnQgY29sb3I9IzY5Njk2OSBzaXplPSIyIj7ilqDjgIDph43ph4/jgIDilqA8L2ZvbnQ+PC90ZD4KICAgIDx0ZCB3aWR0aD0iMjkxIj4mbmJzcDs8L3RkPgogIDwvdHI+CjwvdGFibGU+Cjx0YWJsZSB3aWR0aD0iMzkwIiBib3JkZXI9IjAiPgogIDx0cj4KICAgIDx0ZCB3aWR0aD0iODkiPiZuYnNwOzwvdGQ+CiAgICA8dGQgd2lkdGg9IjI5MSI+PGZvbnQgY29sb3I9IzY5Njk2OSBzaXplPSIyIj7jg6zjg4fjgqPjg7zjgrnvvJrntIQyLjRnPC9mb250PjwvdGQ+CiAgPC90cj4KICA8dHI+CiAgICA8dGQ+Jm5ic3A7PC90ZD4KICAgIDx0ZD48Zm9udCBjb2xvcj0iIzAwOTlGRiIgc2l6ZT0iMSI+4oC75aSn44GN44GV44O76YeN44GV44Gr44Gv5aSa5bCR44Gu5YCL5L2T5beu44GM55Sf44GY44G+44GZPC9mb250PjwvdGQ+CiAgPC90cj4KPC90YWJsZT4KPHRhYmxlIHdpZHRoPSIzOTAiIGJvcmRlcj0iMCI+CiAgPHRyPgogICAgPHRkIHdpZHRoPSI4OCIgaGVpZ2h0PSIxNSI+PGZvbnQgY29sb3I9IzY5Njk2OSBzaXplPSIyIj7ilqDopo/lrprjgrXjgqTjgrrilqA8L2ZvbnQ+PC90ZD4KICAgIDx0ZCB3aWR0aD0iMjkyIj4mbmJzcDs8L3RkPgogIDwvdHI+CjwvdGFibGU+Cjx0YWJsZSB3aWR0aD0iMzkwIiBib3JkZXI9IjAiPgogIDx0cj4KICAgIDx0ZCB3aWR0aD0iODciPiZuYnNwOzwvdGQ+CiAgICA8dGQgd2lkdGg9IjI5MyI+PGZvbnQgY29sb3I9IzY5Njk2OSBzaXplPSIyIj7jg6zjg4fjgqPjg7zjgrnvvJojN++9niMyMSDlpYfmlbDlj7fjga7jgb88L2ZvbnQ+PC90ZD4KICA8L3RyPgo8L3RhYmxlPgo8dGFibGUgd2lkdGg9IjM5MCIgYm9yZGVyPSIwIj4KICA8dHI+CiAgICA8dGQgd2lkdGg9Ijg5IiBoZWlnaHQ9IjIwIj4mbmJzcDs8L3RkPgogICAgPHRkIHdpZHRoPSIyOTEiPjxmb250IGNvbG9yPSM2OTY5Njkgc2l6ZT0iMSI+4oC75YG25pWw44K144Kk44K644Gr6Zai44GX44Gm44KC44CBIzfvvZ4jCjIx44Gu56+E5Zuy5YaF44Gn44CB44GU55So5oSP44GZ44KL44GT44Go44GM5Y+v6IO944Gn44GZ44CCIOOBlOazqOaWh+WvvuW/nOOBqOOBquOCiuOBvuOBmeOBruOBp+OAge+8k++9nu+8lOmAsemWk+OBu+OBqeOBiuaZgumWk+OBjOOBi+OBi+OCiuOBvuOBmeOAgjwvZm9udD48L3RkPgogIDwvdHI+CiAgPHRyPgogICAgPHRkPiZuYnNwOzwvdGQ+CiAgICA8dGQ+Jm5ic3A7PC90ZD4KICA8L3RyPgo8L3RhYmxlPgoKPHRhYmxlIHdpZHRoPSIzOTAiIGJvcmRlcj0iMCI+CiAgPHRyPgogICAgPHRkIHdpZHRoPSIzMzIiPjxmb250IGNvbG9yPSM2OTY5Njkgc2l6ZT0iMiI+4pag5pyq5L2/55So5ZOB44Gu44K144Kk44K65aSJ5pu077yI5Yid5pyf44K144Kk44K65aSJ5pu077yJ44Gr44Gk44GE44Gm4pagPC9mb250PjwvdGQ+CiAgICA8dGQgd2lkdGg9IjQ4Ij4mbmJzcDs8L3RkPgogIDwvdHI+CjwvdGFibGU+Cjx0YWJsZSB3aWR0aD0iMzkwIiBib3JkZXI9IjAiPgogIDx0cj4KICAgIDx0ZCB3aWR0aD0iODkiIGhlaWdodD0iNTEiPiZuYnNwOzwvdGQ+CiAgICA8dGQgd2lkdGg9IjI5MSI+PGZvbnQgY29sb3I9IiM2OTY5NjkiIHNpemU9IjIiPjxicj4KICAgICAgICA8Zm9udCBjb2xvcj0iIzAwOTlGRiI+5pys5ZWG5ZOB44Gu5LuV5qeY5LiK44CB5Y6f5YmH44Go44GX44Gm44K144Kk44K655u044GX44GM44Gn44GN44G+44Gb44KT44CC44K144Kk44K644KS44KI44GP44GK56K644GL44KB44Gu5LiK44GU6LO85YWl44Gt44GM44GE44G+44GZ44CCPC9mb250PuS4h+OBjOS4gOOBiuWuouanmOOBruOBiuaJi+WFg+OBq+WxiuOBhOOBn+WVhuWTgeOBruOCteOCpOOCuuOBjOWQiOOCj+OBmuOAgeS7luOBruOCteOCpOOCuuOBuOOBruWkieabtOOCkuOBlOW4jOacm+OBruWgtOWQiOOBq+OBr+OAgTxmb250IGNvbG9yPSIjMDA5OUZGIj7mnKrkvb/nlKjjga7lk4HjgavpmZDjgoo8L2ZvbnQ+44K144Kk44K65Lqk5o+b44KS5om/44KK44G+44GZ44CC5b+F44GaPGZvbnQgY29sb3I9IiMwMDk5RkYiPuWVhuWTgeWIsOedgOW+jDHpgLHplpPku6XlhoU8L2ZvbnQ+44Gr44GU6YCj57Wh44GE44Gf44Gg44GN44G+44GZ44KI44GG44GK6aGY44GE55Sz44GX5LiK44GS44G+44GZ44CCPGJyPgogICAgICA8YnI+CuKXhuWVhuWTgeWIsOedgOW+jDHpgLHplpPku6XlhoXjgavjgZTpgKPntaHjgYTjgZ/jgaDjgZHjgarjgYvjgaPjgZ/loLTlkIjjgoTjgIHllYblk4Hjgavkvb/nlKjnl5XjgarjganjgYzoqo3jgoHjgonjgozjgovloLTlkIjjgavjga/jgrXjgqTjgrrkuqTmj5vjgpLmib/jgorjgYvjga3jgovjgZPjgajjgoLjgZTjgZbjgYTjgb7jgZnjga7jgafjgZTkuobmib/poZjjgYTjgb7jgZnjgII8YnI+Cjxicj4K4peG44GU5biM5pyb44K144Kk44K644Gu5Zyo5bqr44KS5YiH44KJ44GX44Gm44GE44KL5aC05ZCI44CB5Lqk5o+b5ZWG5ZOB44Gu5omL6YWN44Gr77yT772e77yU6YCx6ZaT44G744Gp44GK5pmC6ZaT44KS6LOc44KK44G+44GZ44CCPGJyPgo8YnI+CuKXhuWVhuWTgeWPl+OBkea4oeOBl+OBq+mWouOCj+OCi+W+gOW+qeOBrumAgeaWmeOBr+OAgeOBiuWuouanmOOBruOBlOiyoOaLheOBqOOBquOCiuOBvuOBmeOAgjxicj48YnI+CuKXhuWVhuWTgeOBqzxmb250IGNvbG9yPSIjMDA5OUZGIj7liLvljbDjgpLlhaXjgozjgabjgYTjgovloLTlkIg8L2ZvbnQ+44Gv44CB5pyJ5paZ5Yi75Y2w44O754Sh5paZ5Yi75Y2w44KS5ZWP44KP44Ga5Lqk5o+b5omL5pWw5paZ44Go5YaN5Yi75Y2w5paZ44GM5Yil6YCU55m655Sf44GE44Gf44GX44G+44GZ44CC6Kmz57Sw44Gr6Zai44GX44G+44GX44Gm44Gv44CB44Oh44O844Or44Gr44Gm44GK5ZWP44GE5ZCI44KP44Gb6aGY44GE44G+44GZ44CCPGJyPgo8YnI+CuKXhuacrOOCteODvOODk+OCueOBrumBqeeUqOOBr+OAgeWIneWbnumZkOOCiuOBqOOBleOBm+OBpuOBhOOBn+OBoOOBjeOBvuOBmeOAggo8L2ZvbnQ+PC90ZD4KICA8L3RyPgogIDx0cj4KICAgIDx0ZD4mbmJzcDs8L3RkPgogICAgPHRkPiZuYnNwOzwvdGQ+CiAgPC90cj4KPC90YWJsZT4KPHRhYmxlIHdpZHRoPSIzOTAiIGJvcmRlcj0iMCI+CiAgPHRyPgogICAgPHRkIHdpZHRoPSIzMzIiPjxmb250IGNvbG9yPSM2OTY5Njkgc2l6ZT0iMiI+4pag44GU6LO85YWl5b6M5L2/55So44GX44Gf5ZWG5ZOB44Gu44K144Kk44K65aSJ5pu044Gr44Gk44GE44Gm4pagPC9mb250PjwvdGQ+CiAgICA8dGQgd2lkdGg9IjQ4Ij4mbmJzcDs8L3RkPgogIDwvdHI+CjwvdGFibGU+Cjx0YWJsZSB3aWR0aD0iMzkwIiBib3JkZXI9IjAiPgogIDx0cj4KICAgIDx0ZCB3aWR0aD0iODgiPjxkaXYgYWxpZ249InJpZ2h0Ij48L2Rpdj4KICAgIDwvdGQ+CiAgICA8dGQgd2lkdGg9IjI5MiI+PGZvbnQgY29sb3I9IzY5Njk2OSBzaXplPSIyIj7ljp/liYfkuI3lj688L2ZvbnQ+PC90ZD4KICA8L3RyPgogIDx0cj4KICAgIDx0ZCBoZWlnaHQ9IjM4Ij4mbmJzcDs8L3RkPgogICAgPHRkPjxmb250IGNvbG9yPSM2OTY5Njkgc2l6ZT0iMiI+4oC75pys5ZWG5ZOB44Gu5LuV5qeY5LiK44CB44GU6LO85YWl5b6M44GU5L2/55So44Gr44Gq44KJ44KM44Gf5ZWG5ZOB44Gu44K144Kk44K655u044GX44GvPGZvbnQgY29sb3I9IiMwMDk5RkYiPuWOn+WJh+OBqOOBl+OBpuOBiuWPl+OBkeOBmeOCi+OBk+OBqOOBjOOBp+OBjeOBvuOBm+OCkzwvZm9udD7jgILjgZ/jgaDjgZfjgIHjgYrlrqLmp5jjga7jgZTkuobmib/jga7jgoLjgajjgrXjgqTjgrrnm7TjgZfjgYzlj6/og73jgarloLTlkIjjgoLjgZTjgZbjgYTjgb7jgZnjga7jgafjgIHjg6Hjg7zjg6vjgavjgabjgYrllY/jgYTlkIjjgo/jgZvpoZjjgYTjgb7jgZnjgII8L2ZvbnQ+PC90ZD4KICA8L3RyPgogIDx0cj4KICAgIDx0ZCBoZWlnaHQ9IjE1Ij4mbmJzcDs8L3RkPgogICAgPHRkPiZuYnNwOzwvdGQ+CiAgPC90cj4KPC90YWJsZT4KCjxpbWcgc3JjPSJodHRwOi8vaW1hZ2UucmFrdXRlbi5jby5qcC92aWVhbmdlL2NhYmluZXQvcGFydHMvbHNfa29rdWluLmpwZyIgd2lkdGg9IjQwMCIgaGVpZ2h0PSIzNSIgYWx0PSLliLvljbDjgrXjg7zjg5PjgrkiICAvPgoKPGJyPjxicj4KCjxwPuODquODs+OCsOOBruWGheWBtOOBq+ODoeODg+OCu+ODvOOCuOOChOOBiuWQjeWJjeOBquOBqeOCkuWIu+WNsOOBmeOCi+OBk+OBqOOBjOOBp+OBjeOBvuOBmeOAgjxicj4K5Yi75a2X5qmf44KS5L2/44Gj44Gm44Kv44Op44OV44OI44Oe44Oz44GM5omL5L2c5qWt44GnMeaWh+WtlzHmloflrZfkuIHlr6fjgavliLvljbDoh7TjgZfjgb7jgZnjgII8L3A+CgoKPGJyPgoKCuKWoCZuYnNwO+WIu+WNsOe0jeacnyZuYnNwO+KWoDxicj4K44OX44Op44K557SE77yR6YCx6ZaTPGJyPjxicj4KCuKWoCZuYnNwO+WIu+WNsOaWmemHkSZuYnNwO+KWoDxicj4K44Oq44Oz44Kw77yR5pys44Gr44Gk44GNXDEsNTc177yI56iO6L6877yJPGJyPjxicj4KCuKWoCZuYnNwO+WIu+WNsOWPr+iDveaWh+Wtl+aVsCZuYnNwO+KWoDxicj4KNOaWh+Wtlzxicj4K77yI6KiY5Y+344CB44K544Oa44O844K544CB44Oe44O844Kv44Gq44Gp44KC77yR5paH5a2X5YiG44Go44GX44Gm44Kr44Km44Oz44OI44GV44KM44G+44GZ44CC77yJPGJyPjxicj4KCuKWoCZuYnNwO+abuOS9kyZuYnNwO+KWoDxicj4K44OW44Ot44OD44Kv5L2T77yI5Li444K044K344OD44Kv77yJ44Gu44G/PGJyPjxicj4KCjxpbWcgc3JjPSJodHRwOi8vaW1hZ2UucmFrdXRlbi5jby5qcC92aWVhbmdlL2NhYmluZXQvcGFydHMvdGVib3Jpa29rdWluLmpwZyIgd2lkdGg9IjQwMCIgaGVpZ2h0PSI0MDAiIGFsdD0i5Yi75Y2w5pu45L2T6KaL5pysIiAgLz4KCjxicj48YnI+PGJyPgoKCjxzdHJvbmc+4pagJm5ic3A75Yi75Y2w44Gu44GU5rOo5paH5pa55rOVJm5ic3A74pagPC9zdHJvbmc+PGJyPjxicj4KCuODl+ODq+ODgOOCpuODs+ODu+ODoeODi+ODpeODvOOBi+OCieOAjOW4jOacm+OBmeOCi+OAjeOCkuOBiumBuOOBs+OBj+OBoOOBleOBhOOAgjxicj4K5rOo5paH55S76Z2i44Gu44CM44GK5bqX44G444Gu44Oh44OD44K744O844K444CN5qyE44Gr5Yi75Y2w5YaF5a6544KS44GU6KiY5YWl44GP44Gg44GV44GE44CCPGJyPgrllYblk4HjgpIy5YCL5Lul5LiK5ZCM5pmC44Gr44GK6LK344GE5rGC44KB44GE44Gf44Gg44GE44Gf5aC05ZCI44Gv44CB5Yi75Y2w5a++6LGh5ZWG5ZOB44GM44KP44GL44KL44KI44GG44CB5ZWG5ZOB55Wq5Y+344KC44GU5L216KiY6aGY44GE44G+44GZ44CCCjxicj48YnI+Cjxmb250IGNvbG9yPSIjRkYwMDAwIj48c3Ryb25nPuOAkOmHjeimgeOAkTxicj7jgZTms6jmlofnorroqo3lvozjgIEg5ZWG5ZOB5Luj6YeR44Gr5Yi75Y2w5paZ44KS5Yqg566X44GX44Gm44GU6KuL5rGC6YeR6aGN44KS5aSJ5pu044GV44Gb44Gm44GE44Gf44Gg44GN44G+44GZ44CCCuWIu+WNsOaWmeWKoOeul+W+jOOBruOBlOiri+axgumHkemhjeOBq+OBpOOBhOOBpuOBr+OAgeOBlOazqOaWh+eiuuiqjeW+jOOBq+OBiumAgeOCiuOBmeOCi+ODoeODvOODq+OCkuOBlOeiuuiqjemhmOOBhOOBvuOBmeOAgjwvc3Ryb25nPjwvZm9udD4KCgo8YnI+PCEtLeKWvOKWvCDlt6bluK/jg6rjg7Pjgq/jgYLjgoog4pa84pa8LS0+Cgo8ZGl2IGlkPSJoaWRhcmktb2JpIj4KCjxzdHlsZT4KI2hpZGFyaS1vYmkgewpwb3NpdGlvbjogYWJzb2x1dGU7CnRvcDowcHg7CmxlZnQ6MTBweDsKYmFja2dyb3VuZDogdXJsKCJodHRwczovL2ltYWdlLnJha3V0ZW4uY28uanAvdmllYW5nZS9jYWJpbmV0L2NhbXBhaWduL3NjYm5yXzA1MTUuanBnIikgcmVwZWF0LXkgbGVmdCB0b3AgOwp9CiNoaWRhcmktb2JpIGEgewpkaXNwbGF5OiBibG9jazsKaGVpZ2h0OjkzMDBweDsvKuODmuODvOOCuOWFqOS9k+OBrumrmOOBlSovCndpZHRoOiAxNDBweDsvKuW4r+OBruW5hSovCn0KPC9zdHlsZT4KCjwvZGl2PgoKCgo8IS0t4pa84pa8IOW3puW4r+ODquODs+OCr+OBquOBlyDilrzilrwtLT4KCgoKCjwhLS3ilrzilrwg5bem5biv44Oq44Oz44Kv44Gq44GXIOKWvOKWvC0tPgoKPCEtLQo8c3R5bGUgdHlwZT0idGV4dC9jc3MiPgpib2R5ewpiYWNrZ3JvdW5kLWltYWdlOiB1cmwoImh0dHA6Ly9pbWFnZS5yYWt1dGVuLmNvLmpwL3ZpZWFuZ2UvY2FiaW5ldC9jYW1wYWlnbi9ibnJfMTAxMi5qcGciKTsKYmFja2dyb3VuZC1yZXBlYXQ6IHJlcGVhdC15OwpiYWNrZ3JvdW5kLWF0dGFjaG1lbnQ6IHNjcm9sbDsKYmFja2dyb3VuZC1wb3NpdGlvbjpsZWZ0Cn0KPC9zdHlsZT4KLS0+CgoKCgo8c3R5bGUgdHlwZT0idGV4dC9jc3MiPgoKLyog44GK5rCX44Gr5YWl44KK5ZWG5ZOBICovCgojcmFrdXRlbkxpbWl0ZWRJZF9hcm91bmRDYXJ0ICNzZXJ2aWNlVGFibGVTbWwgdGQuZmF2b3JpdGUgewoKcGFkZGluZy10b3A6IDVweDsKCn0KCiNyYWt1dGVuTGltaXRlZElkX2Fyb3VuZENhcnQgZGl2LmJvb2ttYXJrQXJlYSBkaXYuYmttIHsKCndpZHRoOiAyOTFweCAhaW1wb3J0YW50OwoKaGVpZ2h0OjMzcHggIWltcG9ydGFudDsKCnBhZGRpbmc6IDBweCAwcHggMTBweCAwcHggIWltcG9ydGFudDsKCn0KCiNyYWt1dGVuTGltaXRlZElkX2Fyb3VuZENhcnQgZGl2LmJvb2ttYXJrQXJlYSBkaXYuYmttIGEuYWRkQmttIHsKCndpZHRoOiAyOTFweCAhaW1wb3J0YW50OwoKaGVpZ2h0OjMzcHggIWltcG9ydGFudDsKCn0KCiNyYWt1dGVuTGltaXRlZElkX2Fyb3VuZENhcnQgZGl2LmJvb2ttYXJrQXJlYSBkaXYuYmttIGEuYWRkQmttIHNwYW4uYmttU3RhciB7CgpkaXNwbGF5OiBpbmxpbmUtYmxvY2sgIWltcG9ydGFudDsKCndpZHRoOiAyOTFweCAhaW1wb3J0YW50OwoKaGVpZ2h0OjMzcHggIWltcG9ydGFudDsKCm1hcmdpbjowcHggMHB4IDEwcHggMHB4ICFpbXBvcnRhbnQ7CgpiYWNrZ3JvdW5kOiB1cmwoImh0dHA6Ly9pbWFnZS5yYWt1dGVuLmNvLmpwL3ZpZWFuZ2UvY2FiaW5ldC9ibnJfZmF2aXRlbS5qcGciKSBuby1yZXBlYXQgIWltcG9ydGFudDsKCn0KCiAKCi8qIOOBiuawl+OBq+WFpeOCiuOCt+ODp+ODg+ODlyAqLwoKZGl2LmJvb2ttYXJrQXJlYSB7Cgp3aWR0aDogMjkxcHggIWltcG9ydGFudDsKCn0KCiNyYWt1dGVuTGltaXRlZElkX2Fyb3VuZENhcnQgZGl2LnNob3BCb29rbWFya0FyZWEgZGl2LnNob3BCa20gewoKd2lkdGg6IDI5MXB4ICFpbXBvcnRhbnQ7CgpoZWlnaHQ6MzNweCAhaW1wb3J0YW50OwoKcGFkZGluZzogMHB4IDBweCAhaW1wb3J0YW50OwoKcGFkZGluZy1sZWZ0OiAwcHggIWltcG9ydGFudDsKCn0KCiNyYWt1dGVuTGltaXRlZElkX2Fyb3VuZENhcnQgZGl2LnNob3BCb29rbWFya0FyZWEgZGl2LnNob3BCa20gYS5hZGRTaG9wQmttIHNwYW4uc2hvcEJrbVN0YXIgewoKZGlzcGxheTogaW5saW5lLWJsb2NrICFpbXBvcnRhbnQ7Cgp3aWR0aDogMjkxcHggIWltcG9ydGFudDsKCmhlaWdodDozM3B4ICFpbXBvcnRhbnQ7CgptYXJnaW4tcmlnaHQ6IDBweCAhaW1wb3J0YW50OwoKYmFja2dyb3VuZDogdXJsKCJodHRwOi8vaW1hZ2UucmFrdXRlbi5jby5qcC92aWVhbmdlL2NhYmluZXQvYm5yX2ZhdnNob3AuanBnIikgbm8tcmVwZWF0ICFpbXBvcnRhbnQ7Cgp9Cjwvc3R5bGU+CgoKCgo8ZGl2IGlkPSJwcmVzZW50X2Jhc2UiIGNsYXNzPSJjbGVhcmZpeCI+CiAgIDxkaXYgY2xhc3M9InByZXNlbnRfaW1nIj48aW1nIHNyYz0iaHR0cDovL2ltYWdlLnJha3V0ZW4uY28uanAvdmllYW5nZS9jYWJpbmV0L3RtZy9mb290X3ByZTAxLmdpZiIgYWx0PSLlpKfliIfjgarjgYLjga7kurrjgavntKDmlbXjgarjg5fjg6zjgrzjg7Pjg4giIHdpZHRoPSIxOTkiIGhlaWdodD0iMjk1IiAvPjwvZGl2PgogICA8ZGl2IGNsYXNzPSJwcmVzZW50X3R4dCI+PHA+5b2T5bqX44Gv44CB5Lq65rCX44Ki44Kv44K744K144Oq44O844OW44Op44Oz44OJ44CM5aSp5L2/44Gu5Y2144CN44KE44CM5pyq5p2l5aSp5L2/44CN44KS44Gv44GY44KB44CB6KqV55Sf55+z44Gu44Oa44Oz44OA44Oz44OI44KE44Oq44Oz44Kw44Gq44Gp44CB44OX44Os44K844Oz44OI44Gr44OU44OD44K/44Oq44Gq44Ki44Kv44K744K144Oq44O844KS5Y+W5omx44GG6YCa6LKp44K344On44OD44OX44Gn44GZ44CCPC9wPjxiciAvPgrjgIzlhKrjgZfjgYTlhYnjgavjgaTjgaTjgb7jgozjgovmsLjpgaDjga7lkb3jgI3jgpLooajnj77jgZfjgZ/jgrPjg7Pjgrvjg5fjg4jjgrjjg6Xjgqjjg6rjg7zjgIzmnKrmnaXlpKnkvb/jgI3jga/mnKrmnaXjgavlkJHjgZHjgabovJ3jgZHjgovlkb3jga7jgZnjgbDjgonjgZfjgZXjgpLlpJrlvanjgarjg4bjg7zjg57jg7vjg4fjgrbjgqTjg7Pjgafooajnj77jgZfjgabjgYTjgb7jgZnjgII8YnIgLz4K44Gd44KT44Gq5pyq5p2l5aSp5L2/44GL44KJ44Gu44OX44Os44K844Oz44OI44Go44GE44GG44Kz44Oz44K744OX44OI44Gn5L2c44KJ44KM44Gf44CM5aSp5L2/44Gu5Y2144CN44Gv44CB44CM6KqV55Sf44Gu5Zac44Gz44CN44KE44CM55Sf44GN44KL44GT44Go44Gu5oSf5YuV44Go6LOe6LOb44CN44KS44OG44O844Oe44Go44GX44Gm5Ym144KJ44KM44CB5Y2144Go576944Gu44OQ44Op44Oz44K544Gu6Imv44GE44KE44GV44GX44GE44OH44K244Kk44Oz44GM5oSb44GV44KM44Gm44GE44KL44Ot44Oz44Kw44K744Op44O844Gu5Lq65rCX44Ki44Kv44K744K144Oq44O844Gn44GZ44CC5piv6Z2e44CB5aSn5YiH44Gq5Lq644G444Gu44OX44Os44K844Oz44OI562J44Gr44KC44GU5rS755So5LiL44GV44GE77yBPC9kaXY+CjwvZGl2PgoKCgoKCjwhLS3ilrzilrzilrzjg6zjg5Pjg6Xjg7zjg7vms6jmlofnirbms4HilrzilrzilrwtLT4gICAKCiAgICAgICAgICAgIDxoMj48aW1nIHNyYz0iaHR0cDovL3d3dy5yYWt1dGVuLm5lLmpwL2dvbGQvdmllYW5nZS9pbWcvdGl0bGVfMDYuanBnIiBhbHQ9IuODrOODk+ODpeODvCIgd2lkdGg9IjY4OCIgaGVpZ2h0PSI3MCIgLz48L2gyPgogICAgICAgICAgICA8YnI+PGJyPgogIAoJICA8YnI+IDxicj4gPGJyPiAKICAgICAgICAgICAgICAgICAgPGgyPjxpbWcgc3JjPSJodHRwOi8vd3d3LnJha3V0ZW4ubmUuanAvZ29sZC92aWVhbmdlL2ltZy90aXRsZV8wNy5qcGciIGFsdD0i5rOo5paH54q25rOBIiB3aWR0aD0iNjg4IiBoZWlnaHQ9IjcwIiAvPjwvaDI+CiAgICAgICAgICAgICAgICAgICAgICAgICAgICAgIDxicj4gPGJyPiAKPGJyPiA8YnI+IDxicj4=,44CQ5Yi75Y2w5a++5b+c44CR4peGTE9WRVJTIFNDRU5FIOODqeODkOODvOOCuuOCt+ODvOODs+KXhuOCt+ODq+ODkOODvOODquODs+OCsO+8iOODrOODh+OCo+ODvOOCue+8ieOAkExTUjAxMDRDWlBLUk3jgJHjgJDjgrfjg6vjg5Djg7zjg6rjg7PjgrAg44Oa44Ki44Oq44Oz44KwIOODmuOCoiDmjIfovKog44Kv44Ot44K5IOOCreODpeODvOODk+ODg+OCryDjg5Tjg7Pjgq/jgrTjg7zjg6vjg4kg44OX44Os44K844Oz44OIIOODquODs+OCsCDliLvljbAg44K344Or44OQ44O8IOOCuOODpeOCqOODquODvCDjgq7jg5Xjg4gg44GL44KP44GE44GE44CRICDmr43jga7ml6Ug44K344Oz44OX44Or77ya5aSp5L2/44Gu5Y21IHdpdGggTE9WRVJTIFNDRU5F,5aSp5L2/44Gu5Y215pyq5p2l5aSp5L2/44K544Oa44O844K544Kv44Oq44Ko44O844K/44O844K444Ol44Ko44Oq44O844K344Or44OQ44O844Ki44Kv44K744K144Oq44O844OU44Oz44Kv44K344Or44OQ44O844ON44OD44Kv44Os44K555u05Za25bqX44Kv44Oq44K544Oe44K56ZmQ5a6a44Oa44Oz44OA44Oz44OI5oyH6Lyq44OU44Ki44K544OX44Os44K844Oz44OI44OZ44OT44O844K544OX44O844Oz44Os44OH44Kj44O844K544Op44OQ44O844K644K344O844Oz57WQ5ama5oyH6Lyq44Oa44Ki44Oq44Oz44Kw6KqV55Sf55+z44CQ5Yi75Y2w5a++5b+c44CR4peGTE9WRVJTIFNDRU5FIOODqeODkOODvOOCuuOCt+ODvOODs+KXhuOCt+ODq+ODkOODvOODquODs+OCsO+8iOODrOODh+OCo+ODvOOCue+8ieOAkExTUjAxMDRDWlBLUk3jgJHjgJDjgrfjg6vjg5Djg7zjg6rjg7PjgrAg44Oa44Ki44Oq44Oz44KwIOODmuOCoiDmjIfovKog44Kv44Ot44K5IOOCreODpeODvOODk+ODg+OCryDjg5Tjg7Pjgq/jgrTjg7zjg6vjg4kg44OX44Os44K844Oz44OIIOODquODs+OCsCDliLvljbAg44K344Or44OQ44O8IOOCuOODpeOCqOODquODvCDjgq7jg5Xjg4gg44GL44KP44GE44GE44CRICDmr43jga7ml6Ug44K344Oz44OX44Or,44Kt44Ol44O844OT44OD44Kv44KS6LSF5rKi44Gr5L2/55So44GX44Gf5LiK5ZOB44Oq44Oz44Kw4pmq44CC44CQ5Yi75Y2w5a++5b+c44CR4peGTE9WRVJTIFNDRU5FIOODqeODkOODvOOCuuOCt+ODvOODs+KXhuOCt+ODq+ODkOODvOODquODs+OCsO+8iOODrOODh+OCo+ODvOOCue+8ieOAkExTUjAxMDRDWlBLUk3jgJHjgJDjgrfjg6vjg5Djg7zjg6rjg7PjgrAg44Oa44Ki44Oq44Oz44KwIOODmuOCoiDmjIfovKog44Kv44Ot44K5IOOCreODpeODvOODk+ODg+OCryDjg5Tjg7Pjgq/jgrTjg7zjg6vjg4kg44OX44Os44K844Oz44OIIOODquODs+OCsCDliLvljbAg44K344Or44OQ44O8IOOCuOODpeOCqOODquODvCDjgq7jg5Xjg4gg44GL44KP44GE44GE44CRICDmr43jga7ml6Ug44K344Oz44OX44Or[rn]
39-1026,aHR0cDovL3RzaG9wLnIxMHMuanAvdmllYW5nZS9jYWJpbmV0L2xvdmVyc19zY2VuZS9sc3IvbHNyMDEwN2Rwa3JtLmpwZz9maXRpbj03MDA6NzAw,ODY0MC4wMDAw,,44K444Ol44Ko44Oq44O844O744Ki44Kv44K744K144Oq44O8ID4g44Os44OH44Kj44O844K544K444Ol44Ko44Oq44O844O744Ki44Kv44K744K144Oq44O8ID4g5oyH6Lyq44O744Oq44Oz44Kw,44CQ5Yi75Y2w5a++5b+c44CR4peGTE9WRVJTIFNDRU5FIOODqeODkOODvOOCuuOCt+ODvOODs+KXhuOCt+ODq+ODkOODvOODquODs+OCsO+8iOODrOODh+OCo+ODvOOCue+8ieOAkExTUjAxMDdEUEtSTeOAkeOAkOOCt+ODq+ODkOODvOODquODs+OCsCDjg5rjgqLjg6rjg7PjgrAg44Oa44KiIOaMh+i8qiDjgq/jg63jgrkg44OA44Kk44Ok44Oi44Oz44OJIOODlOODs+OCr+OCtOODvOODq+ODiSDjg5fjg6zjgrzjg7Pjg4gg44Oq44Oz44KwIOWIu+WNsCDjgrfjg6vjg5Djg7wg44K444Ol44Ko44Oq44O8IOODgOOCpOODpCDjgYvjgo/jgYTjgYTjgJEgIOavjeOBruaXpSDjgrfjg7Pjg5fjg6s=,5oyH44KS57a66bqX44Gr6KaL44Gb44Gm44GP44KM44KL44Kv44Ot44K544Op44Kk44Oz4piGIOmAgeaWmeeEoeaWmSDjg4DjgqTjg6Tjg6Ljg7Pjg4k=,PGNlbnRlcj48YSBocmVmPSJodHRwczovL215LmJvb2ttYXJrLnJha3V0ZW4uY28uanAvP2Z1bmM9cmVnJnN2aWQ9MTAxJnNob3BfYmlkPTIwMzk0NyZpaWQ9MTAwMDEzODEmaXR5cGU9MSB0YXJnZXQ9X2JsYW5rIj48aW1nIHNyYz0iaHR0cDovL2ltYWdlLnJha3V0ZW4uY28uanAvdmllYW5nZS9jYWJpbmV0L3BfYm5yX2Zhdml0ZW0uanBnIiBib3JkZXI9IjAiIHdpZHRoPSI2NjAiIGhlaWdodD0iMTMwIj48L2E+PC9jZW50ZXI+PGJyPjxicj48ZGl2IGlkPSJkZXRhaWxfYmFzZTIiPgo8aW1nIHNyYz0iaHR0cDovL2ltYWdlLnJha3V0ZW4uY28uanAvdmllYW5nZS9jYWJpbmV0L2NhbXBhaWduL2xzX3BjX3Rva3V0ZW4uanBnImFsdD0iTE9WRVJTIFNDRU5FIOOCreODo+ODs+ODmuODvOODsyI+PGJyPjxicj4KCjxpbWcgc3JjPSJodHRwOi8vaW1hZ2UucmFrdXRlbi5jby5qcC92aWVhbmdlL2NhYmluZXQvbG92ZXJzX3NjZW5lL2xzci9sc3IwMTA3X2ltYWdlLmpwZyIgd2lkdGg9IjY2MCIgaGVpZ2h0PSIzNjAiIC8+CjxiciAvPjxiciAvPgoKPGltZyBzcmM9Imh0dHA6Ly9pbWFnZS5yYWt1dGVuLmNvLmpwL3ZpZWFuZ2UvY2FiaW5ldC9sb3ZlcnNfc2NlbmUvbHNyL2xzcjAxMDdfaW1hZ2UyLmpwZyIgd2lkdGg9IjY2MCIgaGVpZ2h0PSIxMTAwIiAvPgo8YnIgLz48YnIgLz4KPC9kaXY+CgoKPGRpdiBjbGFzcz0ic3BfZ29vZHNfMTMwNV8wOSI+CgogICAgIAogIDxkaXYgY2xhc3M9InNwX3RhbnBpbl9sZWZ0Ij4KPGEgaHJlZj0iaHR0cDovL2l0ZW0ucmFrdXRlbi5jby5qcC92aWVhbmdlL2xzcjAxMDdkcGtybS1kYmtybS8iPgo8aW1nIHNyYz0iIGh0dHA6Ly9pbWFnZS5yYWt1dGVuLmNvLmpwL3ZpZWFuZ2UvY2FiaW5ldC9sb3ZlcnNfc2NlbmUvbHNyL2xzcjAxMDdfcGFpci5qcGciIHdpZHRoPSIyMzUiIGhlaWdodD0iMjM1IiBjbGFzcz0iaW1nMjAiIC8+PC9hPiAgICAgICAKPHA+44K344Or44OQ44O844Oa44Ki44Oq44Oz44KwPGJyIC8+CiAgICAgICDntIQ0LjZtbcOX57SEMS41bW3vvIjluYXDl+WOmuOBv++8iTwvcD4KPC9kaXY+CiAgICAKPGRpdiBjbGFzcz0ic3BfdGFucGluX3JpZ2h0Ij4KPGEgaHJlZj0iIGh0dHA6Ly9pdGVtLnJha3V0ZW4uY28uanAvdmllYW5nZS9sc3IwMTA3ZGJrcm0vIj4KPGltZyBzcmM9IiBodHRwOi8vaW1hZ2UucmFrdXRlbi5jby5qcC92aWVhbmdlL2NhYmluZXQvbG92ZXJzX3NjZW5lL2xzci9sc3IwMTA3X3RhbnBpbl9tZW5zLmpwZyIgd2lkdGg9IjIzNSIgaGVpZ2h0PSIyMzUiIGNsYXNzPSJpbWcyMCIgLz48L2E+CiAgICAgIDxwPuODoeODs+OCuuOCt+ODq+ODkOODvOODquODs+OCsO+8iOS4gOmDqOODluODqeODg+OCr+OCs+ODvOODhuOCo+ODs+OCsO+8iTxiciAvPgogICAgICDntIQ0LjZtbcOX57SEMS41bW3vvIjluYXDl+WOmuOBv++8iQogICAgICAgPC9wPgo8L2Rpdj4KPC9kaXY+CgoKICA8aW1nIHNyYz0iaHR0cDovL2ltYWdlLnJha3V0ZW4uY28uanAvdmllYW5nZS9jYWJpbmV0L3BhcnRzL2xzcjA2NTBfMzkuZ2lmIiBjbGFzcz0iaW1nMjAiIC8+CiAgPHAgY2xhc3M9ImltZzE1Ij7jg6rjg7PjgrDjgpLnnYDjgZHjgojjgYbjgajogIPjgYjjgabjgYTjgovmjIfjga7kuIDnlarlpKrjgYTpg6jliIbjgavns7jjgarjganjgpLlt7vjgYTjgabjgIHvvJHlkajliIbjga7mvJTnv5Ljga7plbfjgZXjgpLlm7Pjgorjgb7jgZnjgII8YnIgLz4KICDjgZPjga7muKzjgormlrnjga/jgYLjgY/jgb7jgafnsKHmmJPnmoTjgaroqIjmuKzmlrnms5XjgafjgZnjga7jgafjgIHmraPnorrjgavjgrXjgqTjgrrjgpLmuKzjgovjgavjga/jgIHjgYrov5HjgY/jga7jgqLjgq/jgrvjgrXjg6rjg7zjgrfjg6fjg4Pjg5fjgarjganjgafjgIHjgI7jg6rjg7PjgrDjgrLjg7zjgrjjgI/jgpLkvb/nlKjjgZfjgaboqIjmuKzjgZfjgabkuIvjgZXjgYTjgII8L3A+CiAgPGltZyBzcmM9Imh0dHA6Ly9pbWFnZS5yYWt1dGVuLmNvLmpwL3ZpZWFuZ2UvY2FiaW5ldC9wYXJ0cy9sc3IwNjUwXzQxLmdpZiIgd2lkdGg9IjY2MCIgaGVpZ2h0PSIxNjciIGNsYXNzPSJpbWc2MCIgLz4KCjxkaXYgY2xhc3M9ImNhXzAxIj4KPGltZyBzcmM9Imh0dHA6Ly9pbWFnZS5yYWt1dGVuLmNvLmpwL3ZpZWFuZ2UvY2FiaW5ldC93cmFwcGluZy93cmFwcGluZ190aXRsZS5qcGciIGFsdD0i44Op44OD44OU44Oz44KwIj4KCjxicj48YnI+PGJyPgoKPHRhYmxlIGJvcmRlcj0iMCIgd2lkdGg9IjY2MHB4Ij4KPHRyPgo8dGQ+CjxpbWcgc3JjPSJodHRwOi8vaW1hZ2UucmFrdXRlbi5jby5qcC92aWVhbmdlL2NhYmluZXQvd3JhcHBpbmcvbHNfd3JhcF8wMV8xLmpwZyIgYWx0PSJMT1ZFUlMgU0NFTkUgIOmAmuW4uOODqeODg+ODlOODs+OCsCI+CjwvdGQ+Cjx0ZD4KPGltZyBzcmM9Imh0dHA6Ly9pbWFnZS5yYWt1dGVuLmNvLmpwL3ZpZWFuZ2UvY2FiaW5ldC93cmFwcGluZy9sc193cmFwXzAyLmpwZyIgYWx0PSJMT1ZFUlMgU0NFTkXjgIDjgqjjgrPjg6njg4Pjg5Tjg7PjgrAiPgo8L3RkPgo8dGQ+CjxhICBocmVmPSJodHRwOi8vaXRlbS5yYWt1dGVuLmNvLmpwL3ZpZWFuZ2UvYy8wMDAwMDAwNzgxLyI+PGltZyBzcmM9Imh0dHA6Ly9pbWFnZS5yYWt1dGVuLmNvLmpwL3ZpZWFuZ2UvY2FiaW5ldC93cmFwcGluZy9sc193cmFwXzAzLmpwZyIgYWx0PSJMT1ZFUlMgU0NFTkXjgIDjgrnjg5rjgrfjg6Pjg6vjg6njg4Pjg5Tjg7PjgrAiPjwvYT4KPC90ZD4KPC90cj4KPC90YWJsZT4KPGltZyBzcmM9Imh0dHA6Ly9pbWFnZS5yYWt1dGVuLmNvLmpwL3ZpZWFuZ2UvY2FiaW5ldC93cmFwcGluZy9raWtpbi5qcGciIGFsdD0i5aSp5L2/44Gu5Y215Z+66YeRIj4KCjxhICBocmVmPSJodHRwOi8vaXRlbS5yYWt1dGVuLmNvLmpwL3ZpZWFuZ2UvYy8wMDAwMDAwNzkxLyI+CjxpbWcgc3JjPSJodHRwOi8vaW1hZ2UucmFrdXRlbi5jby5qcC92aWVhbmdlL2NhYmluZXQvd3JhcHBpbmcvbHNfY2FyZC5qcGciIGFsdD0i44Oh44OD44K744O844K444Kr44O844OJIj48L2E+CgoKPGltZyAKc3JjPSJodHRwOi8vaW1hZ2UucmFrdXRlbi5jby5qcC92aWVhbmdlL2NhYmluZXQvY2FtcGFpZ24vbm9iZV9sc182NjAuanBnIiB3aWR0aD0iNjYwIiBoaWdodD0iMjAwIiBhbHQ9IkxPVkVSUyBTQ0VORSDjg47jg5njg6vjg4bjgqMiPjxicj48YnI+CjwvZGl2Pgo8dGFibGUgYm9yZGVyPSIwIiB3aWR0aD0iMzkwIj4KICA8dGJvZHk+CiAgICA8dHI+CiAgICAgIDx0ZCBoZWlnaHQ9IjIzMSI+IDxmb250IGNvbG9yPSM2OTY5Njkgc2l6ZT0iMiI+IOS6uuawl+OBruOCr+ODreOCueODqeOCpOODs+ODu+ODleOCqeODq+ODoOOAgjwvZm9udD48YnI+CiAgICAgICAgICA8Zm9udCBjb2xvcj0jNjk2OTY5IHNpemU9IjIiPiDntLDouqvjga7jg6njgqTjg7PjgYzmjIflhYPjgpLjgqjjg6zjgqzjg7Pjg4jjgavmvJTlh7rjgZfjgb7jgZnjgII8L2ZvbnQ+PGJyPgogIDxicj4KICAgICAgICAgIDxmb250IGNvbG9yPSMwMDk5RkYgc2l6ZT0iMiI+IOODluODqeODg+OCr+afhOOBqOOBruODmuOCouS9v+eUqOOCguOCquOCueOCueODoeOBp+OBmeOAgjwvZm9udD48YnI+CiAgICAgICAgICAgPGJyPgogICAgICAgICAgPGZvbnQgY29sb3I9IzAwOTlGRiBzaXplPSIyIj7jg5rjgqLllYblk4Hjga7jgYrmsYLjgoHjga/jgZPjgaHjgok8L2ZvbnQ+PGJyPgogIDxicj4KICAgICAgICAgIDxmb250IGNvbG9yPSM2OTY5Njkgc2l6ZT0iMiI+4pag57Sg5p2Q4pagPC9mb250Pjxicj4KICAgICAgICAgIDxicj4KICAgICAgICAgIDxmb250IGNvbG9yPSM2OTY5Njkgc2l6ZT0iMiI+U1Y5MjXvvIjjg63jgrjjgqbjg6Djg7vjgrPjg7zjg4bjgqPjg7PjgrDjgIHkuIDpg6jjg5Tjg7Pjgq/jgrTjg7zjg6vjg4njgrPjg7zjg4bjgqPjg7PjgrDvvIk8QlI+CuODgOOCpOODpOODouODs+ODiTwvZm9udD48YnI+CiAgICAgICAgICA8YnI+CiAgICAgICAgICA8Zm9udCBjb2xvcj0jNjk2OTY5IHNpemU9IjIiPuKWoOWkp+OBjeOBlShtbSnilqA8L2ZvbnQ+PGJyPgogICAgICAgICAgPGJyPgogICAgICAgICAgPGZvbnQgY29sb3I9IzY5Njk2OSBzaXplPSIyIj7luYXntIQ0LjbDl+WOmuOBv+e0hDEuNTwvZm9udD48YnI+CiAgICAgICAgICA8YnI+CiAgICAgICAgICA8Zm9udCBjb2xvcj0jNjk2OTY5IHNpemU9IjIiPuKWoOmHjemHj+KWoDwvZm9udD48YnI+CiAgICAgICAgICA8YnI+CiAgICAgICAgICA8Zm9udCBjb2xvcj0jNjk2OTY5IHNpemU9IjIiPue0hDIuMGc8L2ZvbnQ+PGJyPgogICAgICAgICAgPGZvbnQgY29sb3I9IzY5Njk2OSBzaXplPSItMiI+4oC744K144Kk44K644O76YeN6YeP44Gr44Gv5aSa5bCR44Gu5YCL5L2T5beu44GM5Ye644G+44GZ4oC7PC9mb250Pjxicj4KICAgICAgICAgPGJyPgo8Zm9udCBjb2xvcj0iZmYwMDAwIj48Yj7jgZPjga7jg6rjg7PjgrDjga/lpYfmlbDjgrXjgqTjgrrjga7jgb/jga7jgYrlj5bjgormibHjgYTjgafjgZnjgII8YnI+CuOBvuOBn+OAgeOCteOCpOOCuuebtOOBl+OCguWHuuadpeOBvuOBm+OCk+OBruOBp+OAgeOCteOCpOOCuuOCkuOCiOOBj+OBiueiuuOBi+OCgeOBruS4iuOBlOazqOaWh+S4i+OBleOBhOOAgjwvYj48L2ZvbnQ+PGJyPgo8YnI+Cjxicj4KPGZvbnQgY29sb3I9IzAwOTlGRiBzaXplPSIyIj7ilqA8Zm9udCBzaXplPSIrMSI+PHN0cm9uZz7miYvlvavliLvljbDlr77lv5zvvIjjgqrjg5fjgrfjg6fjg7Pjg7vmnInmlpnvvIk8L3N0cm9uZz48L2ZvbnQ+4pagPC9mb250Pjxicj4KICAgICAgICAgIDxmb250IGNvbG9yPSM2OTY5Njkgc2l6ZT0iMiI+44GT44Gu5ZWG5ZOB44Gv44CB44Oq44Oz44Kw44Gu5YaF5YG044Gr5Yi75Y2wKOaWh+Wtl+WFpeOCjCnjgYzjgafjgY3jgb7jgZnjgII8L2ZvbnQ+PGJyPgo8YnI+ICAKICA8Zm9udCBjb2xvcj0jNjk2OTY5IHNpemU9IjIiPuKXj+WIu+Wtl+apn+OCkuS9v+OBo+OBpuOCr+ODqeODleODiOODnuODs+OBjOaJi+S9nOalreOBp+W9q+i+vOOCgDxzdHJvbmc+77yc5omL5b2r5Yi75Y2w77yePC9zdHJvbmc+44Go44Gq44KK44G+44GZ44CCPC9mb250Pjxicj4KICA8Zm9udCBjb2xvcj0jNjk2OTY5IHNpemU9IjIiPuKXj+abuOS9k+OBrzxzdHJvbmc+44OW44Ot44OD44Kv5L2TKOS4uOOCtOOCt+ODg+OCryk8L3N0cm9uZz7jga7jgb/jgII8L2ZvbnQ+PGJyPgogIDxicj4KICA8Zm9udCBjb2xvcj0jNjk2OTY5IHNpemU9IjIiPuKXj+S9v+eUqOWPr+iDveaWh+Wtl+ODu+iomOWPtzo8YnI+CiAgQe+9nlrjga7jgqLjg6vjg5XjgqHjg5njg4Pjg4g8c3Ryb25nPuWkp+aWh+Wtlzwvc3Ryb25nPuOAge+8kO+9nu+8meOBruiLseaVsOWtl+OAgeODj+OCpOODleODsygKICAtICnjgIHjg5Tjg6rjgqrjg4koIDxzdHJvbmc+Ljwvc3Ryb25nPiAp44CB44Ki44Oz44OJ6KiY5Y+377yIICZhbXA7ICnjgIHlsI/mloflrZfjga7jgIx0b+OAje+8iO+8keaWh+Wtl+WIhu+8ieOAgQrkuK3pu5IoIOODuyk8L2ZvbnQ+PGJyPgo8YnI+Cjxmb250IGNvbG9yPSM2OTY5Njkgc2l6ZT0iMiI+4peP5Yi75Y2w5Y+v6IO944Gq5paH5a2X5pWw44CB5Yi75Y2w5L2N572u44Gv44Oq44Oz44Kw44GU44Go44Gr55Ww44Gq44KK44G+44GZ44CCPC9mb250Pjxicj4KICAgICAgICAgIDxmb250IGNvbG9yPSNGRjAwMDAgc2l6ZT0iMiI+44GT44Gu5ZWG5ZOB44Gv44CB44Ki44Or44OV44Kh44OZ44OD44OI5aSn5paH5a2X44O76Iux5pWw5a2X5ZCI44KP44Gb44GmPGZvbnQgc2l6ZT0iNSI+PHN0cm9uZz4z5paH5a2XPC9zdHJvbmc+PC9mb250PuOBvuOBp+WIu+WNsOWPr+iDveOBp+OBmeOAgijoqJjlj7fjg7vjgrnjg5rjg7zjgrnjgarjganjgoLvvJHmloflrZfjgajjgZfjgabjgqvjgqbjg7Pjg4jjgZXjgozjgb7jgZkpPC9mb250Pjxicj4KICAgICAgICAgIDxicj4KICAgICAgICAgIDxmb250IGNvbG9yPSMwMDk5RkYgc2l6ZT0iMiI+4pag5Yi75Y2w5paZ6YeR77ya77+l77yR77yM77yV77yX77yVPGZvbnQgY29sb3I9IiM2NjY2NjYiPijnqI7ovrwv44Oq44Oz44Kw77yR5YCL44Gr44Gk44GNKTxicj4KICDliLvljbDlj6/og73mloflrZfmlbDku6XlhoXjgarjgonkvZXmloflrZfjgafjgoI8L2ZvbnQ+PC9mb250Pjxicj4KPGJyPgogIDxmb250IGNvbG9yPSMwMDk5RkYgc2l6ZT0iMiI+4pag57SN5pyf77ya6YCa5bi457SN5pyf44Gr5Yqg44GI44CB5pyA6ZW357SE77yV5Za25qWt5pel56iL5L2Z5YiG44Gr44GL44GL44KK44G+44GZPC9mb250Pjxicj4KICA8YnI+CiAgICAgICAgICA8Zm9udCBjb2xvcj0jMDA5OUZGIHNpemU9IjIiPuKWoOOBlOazqOaWh+aWueazle+8mjwvZm9udD48YnI+CiAgICAgICAgICA8Zm9udCBjb2xvcj0jNjk2OTY5IHNpemU9IjIiPuODl+ODq+ODgOOCpuODs+ODu+ODoeODi+ODpeODvOOBi+OCiTxzdHJvbmc+44CM5pyJ5paZ5Yi75Y2w5biM5pyb44CNPC9zdHJvbmc+44KS44GU6YG45oqe44GP44Gg44GV44GE44CC5rOo5paH55S76Z2i44Gu44CM44GK5bqX44G444Gu44Oh44OD44K744O844K444CN5qyE44GrPHN0cm9uZz7liLvljbDlhoXlrrk8L3N0cm9uZz7jgpLjgYrmm7jjgY3kuIvjgZXjgYTvvIjllYblk4HjgpIy5YCL5Lul5LiK5ZCM5pmC44Gr44GK6LK344GE5rGC44KB44GE44Gf44Gg44GE44Gf5aC05ZCI44Gv44CB5Yi75Y2w5a++6LGh5ZWG5ZOB44GM44KP44GL44KL44KI44GG44CBPHN0cm9uZz7llYblk4Hnlarlj7c8L3N0cm9uZz7jgoLjgZTkvbXoqJjpoZjjgYTjgb7jgZnvvInjgII8L2ZvbnQ+PGJyPgogIDxicj4KICAgICAgICAgIDxmb250IGNvbG9yPSM2OTY5Njkgc2l6ZT0iMiI+5Yi75Y2w5paZ6YeR44Gv44CB44GU5rOo5paH5YaF5a6556K66KqN5pmC44Gr5ZWG5ZOB5Luj6YeR44Gr5Yqg566X44GV44Gb44Gm44GE44Gf44Gg44GN44G+44GZ44CC44GU5rOo5paH5Y+X55CG5b6M44Gr44GK6YCB44KK44GZ44KL44K144Oz44Kv44K544Oh44O844Or44Gr44Gm5Y+N5pig44GV44KM44G+44GZ44Gu44Gn44GU56K66KqN44GP44Gg44GV44GE44CCIDwvZm9udD48YnI+CiAgICAgICAgICA8YnI+CjwvVEQ+CiAgICA8L1RSPgogIDwvVEJPRFk+CjwvVEFCTEU+PCEtLeKWvOKWvCDlt6bluK/jg6rjg7Pjgq/jgYLjgoog4pa84pa8LS0+Cgo8ZGl2IGlkPSJoaWRhcmktb2JpIj4KCjxzdHlsZT4KI2hpZGFyaS1vYmkgewpwb3NpdGlvbjogYWJzb2x1dGU7CnRvcDowcHg7CmxlZnQ6MTBweDsKYmFja2dyb3VuZDogdXJsKCJodHRwczovL2ltYWdlLnJha3V0ZW4uY28uanAvdmllYW5nZS9jYWJpbmV0L2NhbXBhaWduL3NjYm5yXzA1MTUuanBnIikgcmVwZWF0LXkgbGVmdCB0b3AgOwp9CiNoaWRhcmktb2JpIGEgewpkaXNwbGF5OiBibG9jazsKaGVpZ2h0OjkzMDBweDsvKuODmuODvOOCuOWFqOS9k+OBrumrmOOBlSovCndpZHRoOiAxNDBweDsvKuW4r+OBruW5hSovCn0KPC9zdHlsZT4KCjwvZGl2PgoKCgo8IS0t4pa84pa8IOW3puW4r+ODquODs+OCr+OBquOBlyDilrzilrwtLT4KCgoKCjwhLS3ilrzilrwg5bem5biv44Oq44Oz44Kv44Gq44GXIOKWvOKWvC0tPgoKPCEtLQo8c3R5bGUgdHlwZT0idGV4dC9jc3MiPgpib2R5ewpiYWNrZ3JvdW5kLWltYWdlOiB1cmwoImh0dHA6Ly9pbWFnZS5yYWt1dGVuLmNvLmpwL3ZpZWFuZ2UvY2FiaW5ldC9jYW1wYWlnbi9ibnJfMTAxMi5qcGciKTsKYmFja2dyb3VuZC1yZXBlYXQ6IHJlcGVhdC15OwpiYWNrZ3JvdW5kLWF0dGFjaG1lbnQ6IHNjcm9sbDsKYmFja2dyb3VuZC1wb3NpdGlvbjpsZWZ0Cn0KPC9zdHlsZT4KLS0+CgoKCgo8c3R5bGUgdHlwZT0idGV4dC9jc3MiPgoKLyog44GK5rCX44Gr5YWl44KK5ZWG5ZOBICovCgojcmFrdXRlbkxpbWl0ZWRJZF9hcm91bmRDYXJ0ICNzZXJ2aWNlVGFibGVTbWwgdGQuZmF2b3JpdGUgewoKcGFkZGluZy10b3A6IDVweDsKCn0KCiNyYWt1dGVuTGltaXRlZElkX2Fyb3VuZENhcnQgZGl2LmJvb2ttYXJrQXJlYSBkaXYuYmttIHsKCndpZHRoOiAyOTFweCAhaW1wb3J0YW50OwoKaGVpZ2h0OjMzcHggIWltcG9ydGFudDsKCnBhZGRpbmc6IDBweCAwcHggMTBweCAwcHggIWltcG9ydGFudDsKCn0KCiNyYWt1dGVuTGltaXRlZElkX2Fyb3VuZENhcnQgZGl2LmJvb2ttYXJrQXJlYSBkaXYuYmttIGEuYWRkQmttIHsKCndpZHRoOiAyOTFweCAhaW1wb3J0YW50OwoKaGVpZ2h0OjMzcHggIWltcG9ydGFudDsKCn0KCiNyYWt1dGVuTGltaXRlZElkX2Fyb3VuZENhcnQgZGl2LmJvb2ttYXJrQXJlYSBkaXYuYmttIGEuYWRkQmttIHNwYW4uYmttU3RhciB7CgpkaXNwbGF5OiBpbmxpbmUtYmxvY2sgIWltcG9ydGFudDsKCndpZHRoOiAyOTFweCAhaW1wb3J0YW50OwoKaGVpZ2h0OjMzcHggIWltcG9ydGFudDsKCm1hcmdpbjowcHggMHB4IDEwcHggMHB4ICFpbXBvcnRhbnQ7CgpiYWNrZ3JvdW5kOiB1cmwoImh0dHA6Ly9pbWFnZS5yYWt1dGVuLmNvLmpwL3ZpZWFuZ2UvY2FiaW5ldC9ibnJfZmF2aXRlbS5qcGciKSBuby1yZXBlYXQgIWltcG9ydGFudDsKCn0KCiAKCi8qIOOBiuawl+OBq+WFpeOCiuOCt+ODp+ODg+ODlyAqLwoKZGl2LmJvb2ttYXJrQXJlYSB7Cgp3aWR0aDogMjkxcHggIWltcG9ydGFudDsKCn0KCiNyYWt1dGVuTGltaXRlZElkX2Fyb3VuZENhcnQgZGl2LnNob3BCb29rbWFya0FyZWEgZGl2LnNob3BCa20gewoKd2lkdGg6IDI5MXB4ICFpbXBvcnRhbnQ7CgpoZWlnaHQ6MzNweCAhaW1wb3J0YW50OwoKcGFkZGluZzogMHB4IDBweCAhaW1wb3J0YW50OwoKcGFkZGluZy1sZWZ0OiAwcHggIWltcG9ydGFudDsKCn0KCiNyYWt1dGVuTGltaXRlZElkX2Fyb3VuZENhcnQgZGl2LnNob3BCb29rbWFya0FyZWEgZGl2LnNob3BCa20gYS5hZGRTaG9wQmttIHNwYW4uc2hvcEJrbVN0YXIgewoKZGlzcGxheTogaW5saW5lLWJsb2NrICFpbXBvcnRhbnQ7Cgp3aWR0aDogMjkxcHggIWltcG9ydGFudDsKCmhlaWdodDozM3B4ICFpbXBvcnRhbnQ7CgptYXJnaW4tcmlnaHQ6IDBweCAhaW1wb3J0YW50OwoKYmFja2dyb3VuZDogdXJsKCJodHRwOi8vaW1hZ2UucmFrdXRlbi5jby5qcC92aWVhbmdlL2NhYmluZXQvYm5yX2ZhdnNob3AuanBnIikgbm8tcmVwZWF0ICFpbXBvcnRhbnQ7Cgp9Cjwvc3R5bGU+CgoKCgo8ZGl2IGlkPSJwcmVzZW50X2Jhc2UiIGNsYXNzPSJjbGVhcmZpeCI+CiAgIDxkaXYgY2xhc3M9InByZXNlbnRfaW1nIj48aW1nIHNyYz0iaHR0cDovL2ltYWdlLnJha3V0ZW4uY28uanAvdmllYW5nZS9jYWJpbmV0L3RtZy9mb290X3ByZTAxLmdpZiIgYWx0PSLlpKfliIfjgarjgYLjga7kurrjgavntKDmlbXjgarjg5fjg6zjgrzjg7Pjg4giIHdpZHRoPSIxOTkiIGhlaWdodD0iMjk1IiAvPjwvZGl2PgogICA8ZGl2IGNsYXNzPSJwcmVzZW50X3R4dCI+PHA+5b2T5bqX44Gv44CB5Lq65rCX44Ki44Kv44K744K144Oq44O844OW44Op44Oz44OJ44CM5aSp5L2/44Gu5Y2144CN44KE44CM5pyq5p2l5aSp5L2/44CN44KS44Gv44GY44KB44CB6KqV55Sf55+z44Gu44Oa44Oz44OA44Oz44OI44KE44Oq44Oz44Kw44Gq44Gp44CB44OX44Os44K844Oz44OI44Gr44OU44OD44K/44Oq44Gq44Ki44Kv44K744K144Oq44O844KS5Y+W5omx44GG6YCa6LKp44K344On44OD44OX44Gn44GZ44CCPC9wPjxiciAvPgrjgIzlhKrjgZfjgYTlhYnjgavjgaTjgaTjgb7jgozjgovmsLjpgaDjga7lkb3jgI3jgpLooajnj77jgZfjgZ/jgrPjg7Pjgrvjg5fjg4jjgrjjg6Xjgqjjg6rjg7zjgIzmnKrmnaXlpKnkvb/jgI3jga/mnKrmnaXjgavlkJHjgZHjgabovJ3jgZHjgovlkb3jga7jgZnjgbDjgonjgZfjgZXjgpLlpJrlvanjgarjg4bjg7zjg57jg7vjg4fjgrbjgqTjg7Pjgafooajnj77jgZfjgabjgYTjgb7jgZnjgII8YnIgLz4K44Gd44KT44Gq5pyq5p2l5aSp5L2/44GL44KJ44Gu44OX44Os44K844Oz44OI44Go44GE44GG44Kz44Oz44K744OX44OI44Gn5L2c44KJ44KM44Gf44CM5aSp5L2/44Gu5Y2144CN44Gv44CB44CM6KqV55Sf44Gu5Zac44Gz44CN44KE44CM55Sf44GN44KL44GT44Go44Gu5oSf5YuV44Go6LOe6LOb44CN44KS44OG44O844Oe44Go44GX44Gm5Ym144KJ44KM44CB5Y2144Go576944Gu44OQ44Op44Oz44K544Gu6Imv44GE44KE44GV44GX44GE44OH44K244Kk44Oz44GM5oSb44GV44KM44Gm44GE44KL44Ot44Oz44Kw44K744Op44O844Gu5Lq65rCX44Ki44Kv44K744K144Oq44O844Gn44GZ44CC5piv6Z2e44CB5aSn5YiH44Gq5Lq644G444Gu44OX44Os44K844Oz44OI562J44Gr44KC44GU5rS755So5LiL44GV44GE77yBPC9kaXY+CjwvZGl2PgoKCgoKCjwhLS3ilrzilrzilrzjg6zjg5Pjg6Xjg7zjg7vms6jmlofnirbms4HilrzilrzilrwtLT4gICAKCiAgICAgICAgICAgIDxoMj48aW1nIHNyYz0iaHR0cDovL3d3dy5yYWt1dGVuLm5lLmpwL2dvbGQvdmllYW5nZS9pbWcvdGl0bGVfMDYuanBnIiBhbHQ9IuODrOODk+ODpeODvCIgd2lkdGg9IjY4OCIgaGVpZ2h0PSI3MCIgLz48L2gyPgogICAgICAgICAgICA8YnI+PGJyPgogIAoJICA8YnI+IDxicj4gPGJyPiAKICAgICAgICAgICAgICAgICAgPGgyPjxpbWcgc3JjPSJodHRwOi8vd3d3LnJha3V0ZW4ubmUuanAvZ29sZC92aWVhbmdlL2ltZy90aXRsZV8wNy5qcGciIGFsdD0i5rOo5paH54q25rOBIiB3aWR0aD0iNjg4IiBoZWlnaHQ9IjcwIiAvPjwvaDI+CiAgICAgICAgICAgICAgICAgICAgICAgICAgICAgIDxicj4gPGJyPiAKPGJyPiA8YnI+IDxicj4=,44CQ5Yi75Y2w5a++5b+c44CR4peGTE9WRVJTIFNDRU5FIOODqeODkOODvOOCuuOCt+ODvOODs+KXhuOCt+ODq+ODkOODvOODquODs+OCsO+8iOODrOODh+OCo+ODvOOCue+8ieOAkExTUjAxMDdEUEtSTeOAkeOAkOOCt+ODq+ODkOODvOODquODs+OCsCDjg5rjgqLjg6rjg7PjgrAg44Oa44KiIOaMh+i8qiDjgq/jg63jgrkg44OA44Kk44Ok44Oi44Oz44OJIOODlOODs+OCr+OCtOODvOODq+ODiSDjg5fjg6zjgrzjg7Pjg4gg44Oq44Oz44KwIOWIu+WNsCDjgrfjg6vjg5Djg7wg44K444Ol44Ko44Oq44O8IOODgOOCpOODpCDjgYvjgo/jgYTjgYTjgJEgIOavjeOBruaXpSDjgrfjg7Pjg5fjg6vvvJrlpKnkvb/jga7ljbUgd2l0aCBMT1ZFUlMgU0NFTkU=,5aSp5L2/44Gu5Y215pyq5p2l5aSp5L2/44K544Oa44O844K544Kv44Oq44Ko44O844K/44O844K444Ol44Ko44Oq44O844K344Or44OQ44O844Ki44Kv44K744K144Oq44O844OU44Oz44Kv44K344Or44OQ44O844ON44OD44Kv44Os44K555u05Za25bqX44Kv44Oq44K544Oe44K56ZmQ5a6a44Oa44Oz44OA44Oz44OI5oyH6Lyq44OU44Ki44K544OX44Os44K844Oz44OI44OZ44OT44O844K544OX44O844Oz44Os44OH44Kj44O844K544Op44OQ44O844K644K344O844Oz57WQ5ama5oyH6Lyq44Oa44Ki44Oq44Oz44Kw6KqV55Sf55+z44CQ5Yi75Y2w5a++5b+c44CR4peGTE9WRVJTIFNDRU5FIOODqeODkOODvOOCuuOCt+ODvOODs+KXhuOCt+ODq+ODkOODvOODquODs+OCsO+8iOODrOODh+OCo+ODvOOCue+8ieOAkExTUjAxMDdEUEtSTeOAkeOAkOOCt+ODq+ODkOODvOODquODs+OCsCDjg5rjgqLjg6rjg7PjgrAg44Oa44KiIOaMh+i8qiDjgq/jg63jgrkg44OA44Kk44Ok44Oi44Oz44OJIOODlOODs+OCr+OCtOODvOODq+ODiSDjg5fjg6zjgrzjg7Pjg4gg44Oq44Oz44KwIOWIu+WNsCDjgrfjg6vjg5Djg7wg44K444Ol44Ko44Oq44O8IOODgOOCpOODpCDjgYvjgo/jgYTjgYTjgJEgIOavjeOBruaXpSDjgrfjg7Pjg5fjg6s=,5oyH44KS57a66bqX44Gr6KaL44Gb44Gm44GP44KM44KL44Kv44Ot44K544Op44Kk44Oz4piGIOmAgeaWmeeEoeaWmSDjg4DjgqTjg6Tjg6Ljg7Pjg4njgILjgJDliLvljbDlr77lv5zjgJHil4ZMT1ZFUlMgU0NFTkUg44Op44OQ44O844K644K344O844Oz4peG44K344Or44OQ44O844Oq44Oz44Kw77yI44Os44OH44Kj44O844K577yJ44CQTFNSMDEwN0RQS1JN44CR44CQ44K344Or44OQ44O844Oq44Oz44KwIOODmuOCouODquODs+OCsCDjg5rjgqIg5oyH6LyqIOOCr+ODreOCuSDjg4DjgqTjg6Tjg6Ljg7Pjg4kg44OU44Oz44Kv44K044O844Or44OJIOODl+ODrOOCvOODs+ODiCDjg6rjg7PjgrAg5Yi75Y2wIOOCt+ODq+ODkOODvCDjgrjjg6Xjgqjjg6rjg7wg44OA44Kk44OkIOOBi+OCj+OBhOOBhOOAkSAg5q+N44Gu5pelIOOCt+ODs+ODl+ODqw==[rn]
39-1027,aHR0cDovL3RzaG9wLnIxMHMuanAvdmllYW5nZS9jYWJpbmV0L2xvdmVyc19zY2VuZS9sc3IvbHNyMDA4NnBrLmpwZz9maXRpbj03MDA6NzAw,ODY0MC4wMDAw,,44K444Ol44Ko44Oq44O844O744Ki44Kv44K744K144Oq44O8ID4g44Os44OH44Kj44O844K544K444Ol44Ko44Oq44O844O744Ki44Kv44K744K144Oq44O8ID4g5oyH6Lyq44O744Oq44Oz44Kw,44CQ5Zyo5bqr6ZmQ44KK44CR44CQ5Yi75Y2w5a++5b+c44CR4peGTE9WRVJTIFNDRU5FIOODqeODkOODvOOCuuOCt+ODvOODs+KXhuOCt+ODq+ODkOODvOODquODs+OCsO+8iOODrOODh+OCo+ODvOOCue+8ieOAkExTUjAwODZQS+OAkeOAkOOCt+ODq+ODkOODvOODquODs+OCsCDjg5rjgqLjg6rjg7PjgrAg5oyH6LyqIOODlOODs+OCr+OCtOODvOODq+ODieWKoOW3pSAy44OI44O844Oz44Kr44Op44O8IOWIu+WNsOWvvuW/nCDjg5fjg6zjgrzjg7Pjg4gg6KqV55Sf5pelIOOBiuelneOBhCDoqJjlv7Xml6XjgJHmr43jga7ml6Ug44K344Oz44OX44Or,44CQ5Zyo5bqr6ZmQ44KK44CR5a2Y5Zyo5oSf44Gu44GC44KL77yS44OI44O844Oz44Kr44Op44O844Oq44Oz44Kw4piG,PGNlbnRlcj48YSBocmVmPSJodHRwczovL215LmJvb2ttYXJrLnJha3V0ZW4uY28uanAvP2Z1bmM9cmVnJnN2aWQ9MTAxJnNob3BfYmlkPTIwMzk0NyZpaWQ9MTAwMDExMjYmaXR5cGU9MSB0YXJnZXQ9X2JsYW5rIj48aW1nIHNyYz0iaHR0cDovL2ltYWdlLnJha3V0ZW4uY28uanAvdmllYW5nZS9jYWJpbmV0L3BfYm5yX2Zhdml0ZW0uanBnIiBib3JkZXI9IjAiIHdpZHRoPSI2NjAiIGhlaWdodD0iMTMwIj48L2E+PC9jZW50ZXI+PGJyPjxicj48ZGl2IGlkPSJkZXRhaWxfYmFzZTIiPgo8aW1nIHNyYz0iaHR0cDovL2ltYWdlLnJha3V0ZW4uY28uanAvdmllYW5nZS9jYWJpbmV0L2NhbXBhaWduL2xzX3BjX3Rva3V0ZW4uanBnImFsdD0iTE9WRVJTIFNDRU5FIOOCreODo+ODs+ODmuODvOODsyI+PGJyPjxicj4KIAo8aW1nIHNyYz0iaHR0cDovL2ltYWdlLnJha3V0ZW4uY28uanAvdmllYW5nZS9jYWJpbmV0L2xvdmVyc19zY2VuZS9sc3IvbHNyMDA4Nl9pbWFnZS5qcGciIHdpZHRoPSI2NjAiIGhlaWdodD0iNDAwIiAvPgo8YnIgLz48YnIgLz4KCjxpbWcgc3JjPSJodHRwOi8vaW1hZ2UucmFrdXRlbi5jby5qcC92aWVhbmdlL2NhYmluZXQvbG92ZXJzX3NjZW5lL2xzci9sc3IwMDg2X2ltYWdlMi5qcGciIHdpZHRoPSI2NjAiIGhlaWdodD0iMTEwMCIgLz4KPGJyIC8+PGJyIC8+CjwvZGl2PgoKPGRpdiBjbGFzcz0ic3BfZ29vZHNfMTMwNV8wOSI+CgogICAgIAogIDxkaXYgY2xhc3M9InNwX3RhbnBpbl9sZWZ0Ij4KPGEgaHJlZj0iaHR0cDovL2l0ZW0ucmFrdXRlbi5jby5qcC92aWVhbmdlL2xzcjAwODZway1iay8iPgo8aW1nIHNyYz0iIGh0dHA6Ly9pbWFnZS5yYWt1dGVuLmNvLmpwL3ZpZWFuZ2UvY2FiaW5ldC9sb3ZlcnNfc2NlbmUvbHNyL2xzcjAwODZwa2JrX3BhaXIuanBnIiB3aWR0aD0iMjM1IiBoZWlnaHQ9IjIzNSIgY2xhc3M9ImltZzIwIiAvPjwvYT4gICAgICAgCjxwPuOCt+ODq+ODkOODvOODmuOCouODquODs+OCsO+8iOODreOCuOOCpuODoOWKoOW3pe+8iTxiciAvPgogICAgICAg57SENC42bW3Dl+e0hDEuOW1t77yI5bmFw5fljprjgb/vvIk8L3A+CjwvZGl2PgogICAgCjxkaXYgY2xhc3M9InNwX3RhbnBpbl9yaWdodCI+CjxhIGhyZWY9IiBodHRwOi8vaXRlbS5yYWt1dGVuLmNvLmpwL3ZpZWFuZ2UvbHNyMDA4NmJrLyI+CjxpbWcgc3JjPSJodHRwOi8vaW1hZ2UucmFrdXRlbi5jby5qcC92aWVhbmdlL2NhYmluZXQvbG92ZXJzX3NjZW5lL2xzci9sc3IwMDg2X3RhbnBpbl9tZW5zLmpwZyIgd2lkdGg9IjIzNSIgaGVpZ2h0PSIyMzUiIGNsYXNzPSJpbWcyMCIgLz48L2E+CjxwPuODoeODs+OCuuOCt+ODq+ODkOODvOODquODs+OCsO+8iOODreOCuOOCpuODoOWKoOW3pe+8iTxiciAvPgogICAgICDntIQ0LjZtbcOX57SEMS45bW3vvIjluYXDl+WOmuOBv++8iQogICAgICAgPC9wPgo8L2Rpdj4KPC9kaXY+CgoKICA8aW1nIHNyYz0iaHR0cDovL2ltYWdlLnJha3V0ZW4uY28uanAvdmllYW5nZS9jYWJpbmV0L3BhcnRzL2xzcjA2NTBfMzkuZ2lmIiBjbGFzcz0iaW1nMjAiIC8+CiAgPHAgY2xhc3M9ImltZzE1Ij7jg6rjg7PjgrDjgpLnnYDjgZHjgojjgYbjgajogIPjgYjjgabjgYTjgovmjIfjga7kuIDnlarlpKrjgYTpg6jliIbjgavns7jjgarjganjgpLlt7vjgYTjgabjgIHvvJHlkajliIbjga7mvJTnv5Ljga7plbfjgZXjgpLlm7Pjgorjgb7jgZnjgII8YnIgLz4KICDjgZPjga7muKzjgormlrnjga/jgYLjgY/jgb7jgafnsKHmmJPnmoTjgaroqIjmuKzmlrnms5XjgafjgZnjga7jgafjgIHmraPnorrjgavjgrXjgqTjgrrjgpLmuKzjgovjgavjga/jgIHjgYrov5HjgY/jga7jgqLjgq/jgrvjgrXjg6rjg7zjgrfjg6fjg4Pjg5fjgarjganjgafjgIHjgI7jg6rjg7PjgrDjgrLjg7zjgrjjgI/jgpLkvb/nlKjjgZfjgaboqIjmuKzjgZfjgabkuIvjgZXjgYTjgII8L3A+CiAgPGltZyBzcmM9Imh0dHA6Ly9pbWFnZS5yYWt1dGVuLmNvLmpwL3ZpZWFuZ2UvY2FiaW5ldC9wYXJ0cy9sc3IwNjUwXzQxLmdpZiIgd2lkdGg9IjY2MCIgaGVpZ2h0PSIxNjciIGNsYXNzPSJpbWc2MCIgLz4KCjxkaXYgY2xhc3M9ImNhXzAxIj4KPGltZyBzcmM9Imh0dHA6Ly9pbWFnZS5yYWt1dGVuLmNvLmpwL3ZpZWFuZ2UvY2FiaW5ldC93cmFwcGluZy93cmFwcGluZ190aXRsZS5qcGciIGFsdD0i44Op44OD44OU44Oz44KwIj4KCjxicj48YnI+PGJyPgoKPHRhYmxlIGJvcmRlcj0iMCIgd2lkdGg9IjY2MHB4Ij4KPHRyPgo8dGQ+CjxpbWcgc3JjPSJodHRwOi8vaW1hZ2UucmFrdXRlbi5jby5qcC92aWVhbmdlL2NhYmluZXQvd3JhcHBpbmcvbHNfd3JhcF8wMV8xLmpwZyIgYWx0PSJMT1ZFUlMgU0NFTkUgIOmAmuW4uOODqeODg+ODlOODs+OCsCI+CjwvdGQ+Cjx0ZD4KPGltZyBzcmM9Imh0dHA6Ly9pbWFnZS5yYWt1dGVuLmNvLmpwL3ZpZWFuZ2UvY2FiaW5ldC93cmFwcGluZy9sc193cmFwXzAyLmpwZyIgYWx0PSJMT1ZFUlMgU0NFTkXjgIDjgqjjgrPjg6njg4Pjg5Tjg7PjgrAiPgo8L3RkPgo8dGQ+CjxhICBocmVmPSJodHRwOi8vaXRlbS5yYWt1dGVuLmNvLmpwL3ZpZWFuZ2UvYy8wMDAwMDAwNzgxLyI+PGltZyBzcmM9Imh0dHA6Ly9pbWFnZS5yYWt1dGVuLmNvLmpwL3ZpZWFuZ2UvY2FiaW5ldC93cmFwcGluZy9sc193cmFwXzAzLmpwZyIgYWx0PSJMT1ZFUlMgU0NFTkXjgIDjgrnjg5rjgrfjg6Pjg6vjg6njg4Pjg5Tjg7PjgrAiPjwvYT4KPC90ZD4KPC90cj4KPC90YWJsZT4KPGltZyBzcmM9Imh0dHA6Ly9pbWFnZS5yYWt1dGVuLmNvLmpwL3ZpZWFuZ2UvY2FiaW5ldC93cmFwcGluZy9raWtpbi5qcGciIGFsdD0i5aSp5L2/44Gu5Y215Z+66YeRIj4KCjxhICBocmVmPSJodHRwOi8vaXRlbS5yYWt1dGVuLmNvLmpwL3ZpZWFuZ2UvYy8wMDAwMDAwNzkxLyI+CjxpbWcgc3JjPSJodHRwOi8vaW1hZ2UucmFrdXRlbi5jby5qcC92aWVhbmdlL2NhYmluZXQvd3JhcHBpbmcvbHNfY2FyZC5qcGciIGFsdD0i44Oh44OD44K744O844K444Kr44O844OJIj48L2E+CgoKPGltZyAKc3JjPSJodHRwOi8vaW1hZ2UucmFrdXRlbi5jby5qcC92aWVhbmdlL2NhYmluZXQvY2FtcGFpZ24vbm9iZV9sc182NjAuanBnIiB3aWR0aD0iNjYwIiBoaWdodD0iMjAwIiBhbHQ9IkxPVkVSUyBTQ0VORSDjg47jg5njg6vjg4bjgqMiPjxicj48YnI+CjwvZGl2PjxUQUJMRSBib3JkZXI9IjAiIHdpZHRoPSIzOTAiPgogIDxUQk9EWT4KICAgIDxUUj4KICAgICAgPFREPgoKPGZvbnQgY29sb3I9IzY5Njk2OSBzaXplPSIyIj4K5Lq65rCX44Gu77yS44OI44O844Oz44Kr44Op44O844Oq44Oz44Kw44CCPGJyPgrjg5Tjg7Pjgq/jgrTjg7zjg6vjg4njg6Hjg4Pjgq3jga7oibLlkIjjgYTjga/ogozjgarjgZjjgb/jgYzjgajjgaPjgabjgoIK6Imv44GP44Gm44Kq44K544K544Oh44Gn44GZ44CCPGJyPgrluYXjgoLlpKrjgZnjgY7jgZrntLDjgZnjgY7jgZrntbblppnjgafjgZnjgIIKCjxwPuKWoOe0oOadkOKWoDxicj4KU1Y5MjXvvIjkuIDpg6jjg5Tjg7Pjgq/jgrTjg7zjg6vjg4njg6Hjg4Pjgq3vvIk8L3A+Cgo8UD7ilqDlpKfjgY3jgZXvvIhtbe+8ieKWoDxicj4K5bmF57SENC42w5fljprjgb/ntIQxLjk8L3A+Cgo8cD7ilqDph43ph4/ilqA8YnI+Cue0hDQuNGc8L3A+Cgo8cD7ilqDliLvljbDlj6/og73mloflrZfmlbDilqA8YnI+CjE15paH5a2XPC9wPgoK4oC744K144Kk44K644O76YeN6YeP44Gv5aSa5bCR44Gu5YCL5L2T5beu44GM5Ye644G+44GZ4oC7IAo8L3A+PC9mb250PgogICAgICA8L1REPgogICAgPC9UUj4KICA8L1RCT0RZPgo8L1RBQkxFPgoKPGJyPgo8Zm9udCBjb2xvcj0iZmYwMDAwIj48Yj7jgZPjga7jg6rjg7PjgrDjga/lpYfmlbDjgrXjgqTjgrrjga7jgb/jga7jgYrlj5bjgormibHjgYTjgafjgZnjgII8YnI+CuOBvuOBn+OAgeOCteOCpOOCuuebtOOBl+OCguWHuuadpeOBvuOBm+OCk+OBruOBp+OAgeOCteOCpOOCuuOCkuOCiOOBj+OBiueiuuOBi+OCgeOBruS4iuOBlOazqOaWh+S4i+OBleOBhOOAgjwvYj48L2ZvbnQ+PGJyPgo8YnI+Cjxicj4KPGNlbnRlcj4KPGltZyBzcmM9Imh0dHA6Ly9pbWFnZS5yYWt1dGVuLmNvLmpwL3ZpZWFuZ2UvY2FiaW5ldC9wYXJ0cy9rb2t1aW5fci5qcGciPjxicj4KPGJyPgo8dGFibGUgYm9yZGVyPSIwIiBjZWxsc3BhY2luZz0iMCIgY2VsbHBhZGRpbmc9IjciPgo8dHI+PHRkIGFsaWduPSJjZW50ZXIiIGJnY29sb3I9IiNDQ0NDRkYiPgo8Yj48Zm9udCBjb2xvcj0iI0ZGMzM2NiIgc2l6ZT0iNCI+5Y+v6IO95paH5a2X5pWw44GvMTXmloflrZfjgafjgZnjgII8YnI+CuKHkuabuOS9k+imi+acrOOBr+OBk+OBoeOCiTwvZm9udD48L2I+CjwvdGQ+PC90cj4KPHRyPjx0ZCBiZ2NvbG9yPSIjRkZDQzY2Ij48Y2VudGVyPjxmb250IHNpemU9IjIiY29sb3I9IiMwMDAwRkYiPjxiPuKXhuOBlOazqOaWh+aWueazleKXhjwvYj48L2ZvbnQ+PC9jZW50ZXI+Cjxmb250IHNpemU9IjIiIGNvbG9yPSIjNGY0ZjRmIj7pgbjmip7ogqI8Zm9udCBjb2xvcj0iI0ZGMDAwMCI+44CM562G6KiY5L2T44CNPC9mb250PuOBi+OAjDxmb250IGNvbG9yPSIjRkYwMDAwIj7jg5bjg63jg4Pjgq/kvZPjgI08L2ZvbnQ+44KS6YG444Gz44CBCuazqOaWh+eUu+mdouOBruOAjDxmb250IGNvbG9yPSIjRkYwMDAwIj7jgYrlupfjgbjjga7jg6Hjg4Pjgrvjg7zjgrjjgI08L2ZvbnQ+5qyE44GrPGJyPgrliLvljbDlhoXlrrnjgpLjgYrmm7jjgY3kuIvjgZXjgYTjgII8YnI+Cgrmlpnph5Hjga/jgIHjgrnjgr/jg4Pjg5Xnorroqo3lvozjgavjgYrpgIHjgorjgZnjgosK44K144Oz44Kv44K544Oh44O844Or44Gr44Gm5Y+N5pig44GV44KM44G+44GZ44CCPC9mb250Pgo8L3RkPjwvdHI+CjwvdGFibGU+Cjxicj4KPGJyPgoKCjwvY2VudGVyPjwhLS3ilrzilrwg5bem5biv44Oq44Oz44Kv44GC44KKIOKWvOKWvC0tPgoKPGRpdiBpZD0iaGlkYXJpLW9iaSI+Cgo8c3R5bGU+CiNoaWRhcmktb2JpIHsKcG9zaXRpb246IGFic29sdXRlOwp0b3A6MHB4OwpsZWZ0OjEwcHg7CmJhY2tncm91bmQ6IHVybCgiaHR0cHM6Ly9pbWFnZS5yYWt1dGVuLmNvLmpwL3ZpZWFuZ2UvY2FiaW5ldC9jYW1wYWlnbi9zY2Jucl8wNTE1LmpwZyIpIHJlcGVhdC15IGxlZnQgdG9wIDsKfQojaGlkYXJpLW9iaSBhIHsKZGlzcGxheTogYmxvY2s7CmhlaWdodDo5MzAwcHg7Lyrjg5rjg7zjgrjlhajkvZPjga7pq5jjgZUqLwp3aWR0aDogMTQwcHg7LyrluK/jga7luYUqLwp9Cjwvc3R5bGU+Cgo8L2Rpdj4KCgoKPCEtLeKWvOKWvCDlt6bluK/jg6rjg7Pjgq/jgarjgZcg4pa84pa8LS0+CgoKCgo8IS0t4pa84pa8IOW3puW4r+ODquODs+OCr+OBquOBlyDilrzilrwtLT4KCjwhLS0KPHN0eWxlIHR5cGU9InRleHQvY3NzIj4KYm9keXsKYmFja2dyb3VuZC1pbWFnZTogdXJsKCJodHRwOi8vaW1hZ2UucmFrdXRlbi5jby5qcC92aWVhbmdlL2NhYmluZXQvY2FtcGFpZ24vYm5yXzEwMTIuanBnIik7CmJhY2tncm91bmQtcmVwZWF0OiByZXBlYXQteTsKYmFja2dyb3VuZC1hdHRhY2htZW50OiBzY3JvbGw7CmJhY2tncm91bmQtcG9zaXRpb246bGVmdAp9Cjwvc3R5bGU+Ci0tPgoKCgoKPHN0eWxlIHR5cGU9InRleHQvY3NzIj4KCi8qIOOBiuawl+OBq+WFpeOCiuWVhuWTgSAqLwoKI3Jha3V0ZW5MaW1pdGVkSWRfYXJvdW5kQ2FydCAjc2VydmljZVRhYmxlU21sIHRkLmZhdm9yaXRlIHsKCnBhZGRpbmctdG9wOiA1cHg7Cgp9CgojcmFrdXRlbkxpbWl0ZWRJZF9hcm91bmRDYXJ0IGRpdi5ib29rbWFya0FyZWEgZGl2LmJrbSB7Cgp3aWR0aDogMjkxcHggIWltcG9ydGFudDsKCmhlaWdodDozM3B4ICFpbXBvcnRhbnQ7CgpwYWRkaW5nOiAwcHggMHB4IDEwcHggMHB4ICFpbXBvcnRhbnQ7Cgp9CgojcmFrdXRlbkxpbWl0ZWRJZF9hcm91bmRDYXJ0IGRpdi5ib29rbWFya0FyZWEgZGl2LmJrbSBhLmFkZEJrbSB7Cgp3aWR0aDogMjkxcHggIWltcG9ydGFudDsKCmhlaWdodDozM3B4ICFpbXBvcnRhbnQ7Cgp9CgojcmFrdXRlbkxpbWl0ZWRJZF9hcm91bmRDYXJ0IGRpdi5ib29rbWFya0FyZWEgZGl2LmJrbSBhLmFkZEJrbSBzcGFuLmJrbVN0YXIgewoKZGlzcGxheTogaW5saW5lLWJsb2NrICFpbXBvcnRhbnQ7Cgp3aWR0aDogMjkxcHggIWltcG9ydGFudDsKCmhlaWdodDozM3B4ICFpbXBvcnRhbnQ7CgptYXJnaW46MHB4IDBweCAxMHB4IDBweCAhaW1wb3J0YW50OwoKYmFja2dyb3VuZDogdXJsKCJodHRwOi8vaW1hZ2UucmFrdXRlbi5jby5qcC92aWVhbmdlL2NhYmluZXQvYm5yX2Zhdml0ZW0uanBnIikgbm8tcmVwZWF0ICFpbXBvcnRhbnQ7Cgp9CgogCgovKiDjgYrmsJfjgavlhaXjgorjgrfjg6fjg4Pjg5cgKi8KCmRpdi5ib29rbWFya0FyZWEgewoKd2lkdGg6IDI5MXB4ICFpbXBvcnRhbnQ7Cgp9CgojcmFrdXRlbkxpbWl0ZWRJZF9hcm91bmRDYXJ0IGRpdi5zaG9wQm9va21hcmtBcmVhIGRpdi5zaG9wQmttIHsKCndpZHRoOiAyOTFweCAhaW1wb3J0YW50OwoKaGVpZ2h0OjMzcHggIWltcG9ydGFudDsKCnBhZGRpbmc6IDBweCAwcHggIWltcG9ydGFudDsKCnBhZGRpbmctbGVmdDogMHB4ICFpbXBvcnRhbnQ7Cgp9CgojcmFrdXRlbkxpbWl0ZWRJZF9hcm91bmRDYXJ0IGRpdi5zaG9wQm9va21hcmtBcmVhIGRpdi5zaG9wQmttIGEuYWRkU2hvcEJrbSBzcGFuLnNob3BCa21TdGFyIHsKCmRpc3BsYXk6IGlubGluZS1ibG9jayAhaW1wb3J0YW50OwoKd2lkdGg6IDI5MXB4ICFpbXBvcnRhbnQ7CgpoZWlnaHQ6MzNweCAhaW1wb3J0YW50OwoKbWFyZ2luLXJpZ2h0OiAwcHggIWltcG9ydGFudDsKCmJhY2tncm91bmQ6IHVybCgiaHR0cDovL2ltYWdlLnJha3V0ZW4uY28uanAvdmllYW5nZS9jYWJpbmV0L2Jucl9mYXZzaG9wLmpwZyIpIG5vLXJlcGVhdCAhaW1wb3J0YW50OwoKfQo8L3N0eWxlPgoKCgoKPGRpdiBpZD0icHJlc2VudF9iYXNlIiBjbGFzcz0iY2xlYXJmaXgiPgogICA8ZGl2IGNsYXNzPSJwcmVzZW50X2ltZyI+PGltZyBzcmM9Imh0dHA6Ly9pbWFnZS5yYWt1dGVuLmNvLmpwL3ZpZWFuZ2UvY2FiaW5ldC90bWcvZm9vdF9wcmUwMS5naWYiIGFsdD0i5aSn5YiH44Gq44GC44Gu5Lq644Gr57Sg5pW144Gq44OX44Os44K844Oz44OIIiB3aWR0aD0iMTk5IiBoZWlnaHQ9IjI5NSIgLz48L2Rpdj4KICAgPGRpdiBjbGFzcz0icHJlc2VudF90eHQiPjxwPuW9k+W6l+OBr+OAgeS6uuawl+OCouOCr+OCu+OCteODquODvOODluODqeODs+ODieOAjOWkqeS9v+OBruWNteOAjeOChOOAjOacquadpeWkqeS9v+OAjeOCkuOBr+OBmOOCgeOAgeiqleeUn+efs+OBruODmuODs+ODgOODs+ODiOOChOODquODs+OCsOOBquOBqeOAgeODl+ODrOOCvOODs+ODiOOBq+ODlOODg+OCv+ODquOBquOCouOCr+OCu+OCteODquODvOOCkuWPluaJseOBhumAmuiyqeOCt+ODp+ODg+ODl+OBp+OBmeOAgjwvcD48YnIgLz4K44CM5YSq44GX44GE5YWJ44Gr44Gk44Gk44G+44KM44KL5rC46YGg44Gu5ZG944CN44KS6KGo54++44GX44Gf44Kz44Oz44K744OX44OI44K444Ol44Ko44Oq44O844CM5pyq5p2l5aSp5L2/44CN44Gv5pyq5p2l44Gr5ZCR44GR44Gm6Lyd44GR44KL5ZG944Gu44GZ44Gw44KJ44GX44GV44KS5aSa5b2p44Gq44OG44O844Oe44O744OH44K244Kk44Oz44Gn6KGo54++44GX44Gm44GE44G+44GZ44CCPGJyIC8+CuOBneOCk+OBquacquadpeWkqeS9v+OBi+OCieOBruODl+ODrOOCvOODs+ODiOOBqOOBhOOBhuOCs+ODs+OCu+ODl+ODiOOBp+S9nOOCieOCjOOBn+OAjOWkqeS9v+OBruWNteOAjeOBr+OAgeOAjOiqleeUn+OBruWWnOOBs+OAjeOChOOAjOeUn+OBjeOCi+OBk+OBqOOBruaEn+WLleOBqOiznuizm+OAjeOCkuODhuODvOODnuOBqOOBl+OBpuWJteOCieOCjOOAgeWNteOBqOe+veOBruODkOODqeODs+OCueOBruiJr+OBhOOChOOBleOBl+OBhOODh+OCtuOCpOODs+OBjOaEm+OBleOCjOOBpuOBhOOCi+ODreODs+OCsOOCu+ODqeODvOOBruS6uuawl+OCouOCr+OCu+OCteODquODvOOBp+OBmeOAguaYr+mdnuOAgeWkp+WIh+OBquS6uuOBuOOBruODl+ODrOOCvOODs+ODiOetieOBq+OCguOBlOa0u+eUqOS4i+OBleOBhO+8gTwvZGl2Pgo8L2Rpdj4KCgoKCgo8IS0t4pa84pa84pa844Os44OT44Ol44O844O75rOo5paH54q25rOB4pa84pa84pa8LS0+ICAgCgogICAgICAgICAgICA8aDI+PGltZyBzcmM9Imh0dHA6Ly93d3cucmFrdXRlbi5uZS5qcC9nb2xkL3ZpZWFuZ2UvaW1nL3RpdGxlXzA2LmpwZyIgYWx0PSLjg6zjg5Pjg6Xjg7wiIHdpZHRoPSI2ODgiIGhlaWdodD0iNzAiIC8+PC9oMj4KICAgICAgICAgICAgPGJyPjxicj4KICAKCSAgPGJyPiA8YnI+IDxicj4gCiAgICAgICAgICAgICAgICAgIDxoMj48aW1nIHNyYz0iaHR0cDovL3d3dy5yYWt1dGVuLm5lLmpwL2dvbGQvdmllYW5nZS9pbWcvdGl0bGVfMDcuanBnIiBhbHQ9IuazqOaWh+eKtuazgSIgd2lkdGg9IjY4OCIgaGVpZ2h0PSI3MCIgLz48L2gyPgogICAgICAgICAgICAgICAgICAgICAgICAgICAgICA8YnI+IDxicj4gCjxicj4gPGJyPiA8YnI+,44CQ5Zyo5bqr6ZmQ44KK44CR44CQ5Yi75Y2w5a++5b+c44CR4peGTE9WRVJTIFNDRU5FIOODqeODkOODvOOCuuOCt+ODvOODs+KXhuOCt+ODq+ODkOODvOODquODs+OCsO+8iOODrOODh+OCo+ODvOOCue+8ieOAkExTUjAwODZQS+OAkeOAkOOCt+ODq+ODkOODvOODquODs+OCsCDjg5rjgqLjg6rjg7PjgrAg5oyH6LyqIOODlOODs+OCr+OCtOODvOODq+ODieWKoOW3pSAy44OI44O844Oz44Kr44Op44O8IOWIu+WNsOWvvuW/nCDjg5fjg6zjgrzjg7Pjg4gg6KqV55Sf5pelIOOBiuelneOBhCDoqJjlv7Xml6XjgJHmr43jga7ml6Ug44K344Oz44OX44Or77ya5aSp5L2/44Gu5Y21IHdpdGggTE9WRVJTIFNDRU5F,5aSp5L2/44Gu5Y215pyq5p2l5aSp5L2/44K544Oa44O844K544Kv44Oq44Ko44O844K/44O844K444Ol44Ko44Oq44O844K344Or44OQ44O844Ki44Kv44K744K144Oq44O844OU44Oz44Kv44K344Or44OQ44O844ON44OD44Kv44Os44K555u05Za25bqX44Kv44Oq44K544Oe44K56ZmQ5a6a44Oa44Oz44OA44Oz44OI5oyH6Lyq44OU44Ki44K544OX44Os44K844Oz44OI44OZ44OT44O844K544OX44O844Oz44Os44OH44Kj44O844K544Op44OQ44O844K644K344O844Oz57WQ5ama5oyH6Lyq44Oa44Ki44Oq44Oz44Kw6KqV55Sf55+z44CQ5Zyo5bqr6ZmQ44KK44CR44CQ5Yi75Y2w5a++5b+c44CR4peGTE9WRVJTIFNDRU5FIOODqeODkOODvOOCuuOCt+ODvOODs+KXhuOCt+ODq+ODkOODvOODquODs+OCsO+8iOODrOODh+OCo+ODvOOCue+8ieOAkExTUjAwODZQS+OAkeOAkOOCt+ODq+ODkOODvOODquODs+OCsCDjg5rjgqLjg6rjg7PjgrAg5oyH6LyqIOODlOODs+OCr+OCtOODvOODq+ODieWKoOW3pSAy44OI44O844Oz44Kr44Op44O8IOWIu+WNsOWvvuW/nCDjg5fjg6zjgrzjg7Pjg4gg6KqV55Sf5pelIOOBiuelneOBhCDoqJjlv7Xml6XjgJHmr43jga7ml6Ug44K344Oz44OX44Or,44CQ5Zyo5bqr6ZmQ44KK44CR5a2Y5Zyo5oSf44Gu44GC44KL77yS44OI44O844Oz44Kr44Op44O844Oq44Oz44Kw4piG44CC44CQ5Zyo5bqr6ZmQ44KK44CR44CQ5Yi75Y2w5a++5b+c44CR4peGTE9WRVJTIFNDRU5FIOODqeODkOODvOOCuuOCt+ODvOODs+KXhuOCt+ODq+ODkOODvOODquODs+OCsO+8iOODrOODh+OCo+ODvOOCue+8ieOAkExTUjAwODZQS+OAkeOAkOOCt+ODq+ODkOODvOODquODs+OCsCDjg5rjgqLjg6rjg7PjgrAg5oyH6LyqIOODlOODs+OCr+OCtOODvOODq+ODieWKoOW3pSAy44OI44O844Oz44Kr44Op44O8IOWIu+WNsOWvvuW/nCDjg5fjg6zjgrzjg7Pjg4gg6KqV55Sf5pelIOOBiuelneOBhCDoqJjlv7Xml6XjgJHmr43jga7ml6Ug44K344Oz44OX44Or[rn]
39-1028,aHR0cDovL3RzaG9wLnIxMHMuanAvdmllYW5nZS9jYWJpbmV0L2xvdmVyc19zY2VuZS9sc3IvbHNyMDA3OGRwa3JtLmpwZz9maXRpbj03MDA6NzAw,MTAzNjguMDAwMA==,,44K444Ol44Ko44Oq44O844O744Ki44Kv44K744K144Oq44O8ID4g44Os44OH44Kj44O844K544K444Ol44Ko44Oq44O844O744Ki44Kv44K744K144Oq44O8ID4g5oyH6Lyq44O744Oq44Oz44Kw,44CQ5Yi75Y2w5a++5b+c44CR4peGTE9WRVJTIFNDRU5FIOODqeODkOODvOOCuuOCt+ODvOODs+KXhuOCt+ODq+ODkOODvOODquODs+OCsO+8iOODrOODh+OCo+ODvOOCue+8ieOAkExTUjAwNzhEUEtSTeOAkeOAkOOCt+ODq+ODkOODvOODquODs+OCsCDjg5rjgqLjg6rjg7PjgrAg44Oa44KiIOaMh+i8qiDjg4DjgqTjg6Tjg6Ljg7Pjg4kg44OU44Oz44Kv44K044O844Or44OJ5Yi75Y2w5a++5b+cIOODl+ODrOOCvOODs+ODiCDjg6rjg7PjgrAg5Yi75Y2wIOOCt+ODq+ODkOODvCDjgrjjg6Xjgqjjg6rjg7wg44OA44Kk44OkIOOBi+OCj+OBhOOBhOOAkSAg5q+N44Gu5pelIOOCt+ODs+ODl+ODqw==,5rC46YGg44Gu5oSb44Gu6Ki8IuODgOOCpOODpOODouODs+ODiSLlhaXjgorimIYg6YCB5paZ54Sh5paZIOWIu+WNsOWvvuW/nA==,PGNlbnRlcj48YSBocmVmPSJodHRwczovL215LmJvb2ttYXJrLnJha3V0ZW4uY28uanAvP2Z1bmM9cmVnJnN2aWQ9MTAxJnNob3BfYmlkPTIwMzk0NyZpaWQ9MTAwMDExMjMmaXR5cGU9MSB0YXJnZXQ9X2JsYW5rIj48aW1nIHNyYz0iaHR0cDovL2ltYWdlLnJha3V0ZW4uY28uanAvdmllYW5nZS9jYWJpbmV0L3BfYm5yX2Zhdml0ZW0uanBnIiBib3JkZXI9IjAiIHdpZHRoPSI2NjAiIGhlaWdodD0iMTMwIj48L2E+PC9jZW50ZXI+PGJyPjxicj48ZGl2IGlkPSJkZXRhaWxfYmFzZTIiPgo8aW1nIHNyYz0iaHR0cDovL2ltYWdlLnJha3V0ZW4uY28uanAvdmllYW5nZS9jYWJpbmV0L2NhbXBhaWduL2xzX3BjX3Rva3V0ZW4uanBnImFsdD0iTE9WRVJTIFNDRU5FIOOCreODo+ODs+ODmuODvOODsyI+PGJyPjxicj4KIAo8aW1nIHNyYz0iaHR0cDovL2ltYWdlLnJha3V0ZW4uY28uanAvdmllYW5nZS9jYWJpbmV0L2xvdmVyc19zY2VuZS9sc3IvbHNyMDA3OF9pbWFnZS5qcGciIHdpZHRoPSI2NjAiIGhlaWdodD0iNDAwIiAvPgo8YnIgLz48YnIgLz4KCjxpbWcgc3JjPSJodHRwOi8vaW1hZ2UucmFrdXRlbi5jby5qcC92aWVhbmdlL2NhYmluZXQvbG92ZXJzX3NjZW5lL2xzci9sc3IwMDc4X2ltYWdlMi5qcGciIHdpZHRoPSI2NjAiIGhlaWdodD0iMTEwMCIgLz4KPGJyIC8+PGJyIC8+CjwvZGl2PgoKPGRpdiBjbGFzcz0ic3BfZ29vZHNfMTMwNV8wOSI+CgogICAgIAogIDxkaXYgY2xhc3M9InNwX3RhbnBpbl9sZWZ0Ij4KPGEgaHJlZj0iaHR0cDovL2l0ZW0ucmFrdXRlbi5jby5qcC92aWVhbmdlL2xzcjAwNzhkcGtybS1kYmtybS8iPgo8aW1nIHNyYz0iIGh0dHA6Ly9pbWFnZS5yYWt1dGVuLmNvLmpwL3ZpZWFuZ2UvY2FiaW5ldC9sb3ZlcnNfc2NlbmUvbHNyL2xzcjAwNzhkcGtkYmtfcGFpci5qcGciIHdpZHRoPSIyMzUiIGhlaWdodD0iMjM1IiBjbGFzcz0iaW1nMjAiIC8+PC9hPiAgICAgICAKPHA+44K344Or44OQ44O844Oa44Ki44Oq44Oz44Kw77yI44OA44Kk44Ok44Oi44Oz44OJ5YWl44KK77yJPGJyIC8+CiAgICAgICDntIQzLjltbcOX57SEMi4xbW3vvIjluYXDl+WOmuOBv++8iTwvcD4KPC9kaXY+CiAgICAKPGRpdiBjbGFzcz0ic3BfdGFucGluX3JpZ2h0Ij4KPGEgaHJlZj0iIGh0dHA6Ly9pdGVtLnJha3V0ZW4uY28uanAvdmllYW5nZS9sc3IwMDc4ZGJrcm0vIj4KPGltZyBzcmM9Imh0dHA6Ly9pbWFnZS5yYWt1dGVuLmNvLmpwL3ZpZWFuZ2UvY2FiaW5ldC9sb3ZlcnNfc2NlbmUvbHNyL2xzcjAwNzhfdGFucGluX21lbnMuanBnIiB3aWR0aD0iMjM1IiBoZWlnaHQ9IjIzNSIgY2xhc3M9ImltZzIwIiAvPjwvYT4KPHA+44Oh44Oz44K644K344Or44OQ44O844Oq44Oz44Kw77yI44OA44Kk44Ok44Oi44Oz44OJ5YWl44KK77yJPGJyIC8+CiAgICAgIOe0hDMuOW1tw5fntIQyLjFtbe+8iOW5hcOX5Y6a44G/77yJCiAgICAgICA8L3A+CjwvZGl2Pgo8L2Rpdj4KCgogIDxpbWcgc3JjPSJodHRwOi8vaW1hZ2UucmFrdXRlbi5jby5qcC92aWVhbmdlL2NhYmluZXQvcGFydHMvbHNyMDY1MF8zOS5naWYiIGNsYXNzPSJpbWcyMCIgLz4KICA8cCBjbGFzcz0iaW1nMTUiPuODquODs+OCsOOCkuedgOOBkeOCiOOBhuOBqOiAg+OBiOOBpuOBhOOCi+aMh+OBruS4gOeVquWkquOBhOmDqOWIhuOBq+ezuOOBquOBqeOCkuW3u+OBhOOBpuOAge+8keWRqOWIhuOBrua8lOe/kuOBrumVt+OBleOCkuWbs+OCiuOBvuOBmeOAgjxiciAvPgogIOOBk+OBrua4rOOCiuaWueOBr+OBguOBj+OBvuOBp+ewoeaYk+eahOOBquioiOa4rOaWueazleOBp+OBmeOBruOBp+OAgeato+eiuuOBq+OCteOCpOOCuuOCkua4rOOCi+OBq+OBr+OAgeOBiui/keOBj+OBruOCouOCr+OCu+OCteODquODvOOCt+ODp+ODg+ODl+OBquOBqeOBp+OAgeOAjuODquODs+OCsOOCsuODvOOCuOOAj+OCkuS9v+eUqOOBl+OBpuioiOa4rOOBl+OBpuS4i+OBleOBhOOAgjwvcD4KICA8aW1nIHNyYz0iaHR0cDovL2ltYWdlLnJha3V0ZW4uY28uanAvdmllYW5nZS9jYWJpbmV0L3BhcnRzL2xzcjA2NTBfNDEuZ2lmIiB3aWR0aD0iNjYwIiBoZWlnaHQ9IjE2NyIgY2xhc3M9ImltZzYwIiAvPgoKPGRpdiBjbGFzcz0iY2FfMDEiPgo8aW1nIHNyYz0iaHR0cDovL2ltYWdlLnJha3V0ZW4uY28uanAvdmllYW5nZS9jYWJpbmV0L3dyYXBwaW5nL3dyYXBwaW5nX3RpdGxlLmpwZyIgYWx0PSLjg6njg4Pjg5Tjg7PjgrAiPgoKPGJyPjxicj48YnI+Cgo8dGFibGUgYm9yZGVyPSIwIiB3aWR0aD0iNjYwcHgiPgo8dHI+Cjx0ZD4KPGltZyBzcmM9Imh0dHA6Ly9pbWFnZS5yYWt1dGVuLmNvLmpwL3ZpZWFuZ2UvY2FiaW5ldC93cmFwcGluZy9sc193cmFwXzAxXzEuanBnIiBhbHQ9IkxPVkVSUyBTQ0VORSAg6YCa5bi444Op44OD44OU44Oz44KwIj4KPC90ZD4KPHRkPgo8aW1nIHNyYz0iaHR0cDovL2ltYWdlLnJha3V0ZW4uY28uanAvdmllYW5nZS9jYWJpbmV0L3dyYXBwaW5nL2xzX3dyYXBfMDIuanBnIiBhbHQ9IkxPVkVSUyBTQ0VOReOAgOOCqOOCs+ODqeODg+ODlOODs+OCsCI+CjwvdGQ+Cjx0ZD4KPGEgIGhyZWY9Imh0dHA6Ly9pdGVtLnJha3V0ZW4uY28uanAvdmllYW5nZS9jLzAwMDAwMDA3ODEvIj48aW1nIHNyYz0iaHR0cDovL2ltYWdlLnJha3V0ZW4uY28uanAvdmllYW5nZS9jYWJpbmV0L3dyYXBwaW5nL2xzX3dyYXBfMDMuanBnIiBhbHQ9IkxPVkVSUyBTQ0VOReOAgOOCueODmuOCt+ODo+ODq+ODqeODg+ODlOODs+OCsCI+PC9hPgo8L3RkPgo8L3RyPgo8L3RhYmxlPgo8aW1nIHNyYz0iaHR0cDovL2ltYWdlLnJha3V0ZW4uY28uanAvdmllYW5nZS9jYWJpbmV0L3dyYXBwaW5nL2tpa2luLmpwZyIgYWx0PSLlpKnkvb/jga7ljbXln7rph5EiPgoKPGEgIGhyZWY9Imh0dHA6Ly9pdGVtLnJha3V0ZW4uY28uanAvdmllYW5nZS9jLzAwMDAwMDA3OTEvIj4KPGltZyBzcmM9Imh0dHA6Ly9pbWFnZS5yYWt1dGVuLmNvLmpwL3ZpZWFuZ2UvY2FiaW5ldC93cmFwcGluZy9sc19jYXJkLmpwZyIgYWx0PSLjg6Hjg4Pjgrvjg7zjgrjjgqvjg7zjg4kiPjwvYT4KCgo8aW1nIApzcmM9Imh0dHA6Ly9pbWFnZS5yYWt1dGVuLmNvLmpwL3ZpZWFuZ2UvY2FiaW5ldC9jYW1wYWlnbi9ub2JlX2xzXzY2MC5qcGciIHdpZHRoPSI2NjAiIGhpZ2h0PSIyMDAiIGFsdD0iTE9WRVJTIFNDRU5FIOODjuODmeODq+ODhuOCoyI+PGJyPjxicj4KPC9kaXY+PFRBQkxFIGJvcmRlcj0iMCIgd2lkdGg9IjM5MCI+CiAgPFRCT0RZPgogICAgPFRSPgogICAgICA8VEQ+Cgo8Zm9udCBjb2xvcj0jNjk2OTY5IHNpemU9IjIiPgrjg4DjgqTjg6TjgpLmjJ/jgpPjgafjgJBJIFZPVyBUTyBMT1ZFIFlPVSBGT1JFVkVS44CRCuOBruWIu+WNsOWFpeOCiuOAgjxicj7jg5Tjg7Pjgq/jgajjgrfjg6vjg5Djg7zjga7vvJLjg4jjg7zjg7PjgYwK5Y2w6LGh55qE44Gq44Oq44Oz44Kw44CCCgo8cD7ilqDntKDmnZDilqA8YnI+ClNWOTI177yI5LiA6YOo44OU44Oz44Kv44K044O844Or44OJ44Oh44OD44Kt77yJPGJyPgrjg4DjgqTjg6Tjg6Ljg7Pjg4k8L3A+Cgo8cD7ilqDlpKfjgY3jgZXvvIhtbe+8ieKWoDxicj4K5bmF57SEMy45w5fljprjgb/ntIQyLjE8L3A+CgoKPHA+4pag6YeN6YeP4pagPGJyPgrntIQ0LjRnPC9wPgoKPHA+4pag5Yi75Y2w5Y+v6IO95paH5a2X5pWw4pagPGJyPgoxNeaWh+WtlzwvcD4KCuKAu+OCteOCpOOCuuODu+mHjemHj+OBr+WkmuWwkeOBruWAi+S9k+W3ruOBjOWHuuOBvuOBmeKAuyAKPC9wPjwvZm9udD4KICAgICAgPC9URD4KICAgIDwvVFI+CiAgPC9UQk9EWT4KPC9UQUJMRT4KCjxicj4KCjxmb250IGNvbG9yPSJmZjAwMDAiPjxiPuOBk+OBruODquODs+OCsOOBr+Wlh+aVsOOCteOCpOOCuuOBruOBv+OBruOBiuWPluOCiuaJseOBhOOBp+OBmeOAgjxicj4K44G+44Gf44CB44K144Kk44K655u044GX44KC5Ye65p2l44G+44Gb44KT44Gu44Gn44CB44K144Kk44K644KS44KI44GP44GK56K644GL44KB44Gu5LiK44GU5rOo5paH5LiL44GV44GE44CCPC9iPjwvZm9udD48YnI+Cjxicj4KPGJyPgo8Y2VudGVyPgo8aW1nIHNyYz0iaHR0cDovL2ltYWdlLnJha3V0ZW4uY28uanAvdmllYW5nZS9jYWJpbmV0L3BhcnRzL2tva3Vpbl9yLmpwZyI+PGJyPgo8YnI+Cjx0YWJsZSBib3JkZXI9IjAiIGNlbGxzcGFjaW5nPSIwIiBjZWxscGFkZGluZz0iNyI+Cjx0cj48dGQgYWxpZ249ImNlbnRlciIgYmdjb2xvcj0iI0NDQ0NGRiI+CjxiPjxmb250IGNvbG9yPSIjRkYzMzY2IiBzaXplPSI0Ij7lj6/og73mloflrZfmlbDjga8xNeaWh+Wtl+OBp+OBmeOAgjxicj4K4oeS5pu45L2T6KaL5pys44Gv44GT44Gh44KJPC9mb250PjwvYj4KPC90ZD48L3RyPgo8dHI+PHRkIGJnY29sb3I9IiNGRkNDNjYiPjxjZW50ZXI+PGZvbnQgc2l6ZT0iMiJjb2xvcj0iIzAwMDBGRiI+PGI+4peG44GU5rOo5paH5pa55rOV4peGPC9iPjwvZm9udD48L2NlbnRlcj4KPGZvbnQgc2l6ZT0iMiIgY29sb3I9IiM0ZjRmNGYiPumBuOaKnuiCojxmb250IGNvbG9yPSIjRkYwMDAwIj7jgIznrYboqJjkvZPjgI08L2ZvbnQ+44GL44CMPGZvbnQgY29sb3I9IiNGRjAwMDAiPuODluODreODg+OCr+S9k+OAjTwvZm9udD7jgpLpgbjjgbPjgIEK5rOo5paH55S76Z2i44Gu44CMPGZvbnQgY29sb3I9IiNGRjAwMDAiPuOBiuW6l+OBuOOBruODoeODg+OCu+ODvOOCuOOAjTwvZm9udD7mrITjgas8YnI+CuWIu+WNsOWGheWuueOCkuOBiuabuOOBjeS4i+OBleOBhOOAgjxicj4KCuaWmemHkeOBr+OAgeOCueOCv+ODg+ODleeiuuiqjeW+jOOBq+OBiumAgeOCiuOBmeOCiwrjgrXjg7Pjgq/jgrnjg6Hjg7zjg6vjgavjgablj43mmKDjgZXjgozjgb7jgZnjgII8L2ZvbnQ+CjwvdGQ+PC90cj4KPC90YWJsZT4KPGJyPgo8YnI+CgoKPC9jZW50ZXI+PCEtLeKWvOKWvCDlt6bluK/jg6rjg7Pjgq/jgYLjgoog4pa84pa8LS0+Cgo8ZGl2IGlkPSJoaWRhcmktb2JpIj4KCjxzdHlsZT4KI2hpZGFyaS1vYmkgewpwb3NpdGlvbjogYWJzb2x1dGU7CnRvcDowcHg7CmxlZnQ6MTBweDsKYmFja2dyb3VuZDogdXJsKCJodHRwczovL2ltYWdlLnJha3V0ZW4uY28uanAvdmllYW5nZS9jYWJpbmV0L2NhbXBhaWduL3NjYm5yXzA1MTUuanBnIikgcmVwZWF0LXkgbGVmdCB0b3AgOwp9CiNoaWRhcmktb2JpIGEgewpkaXNwbGF5OiBibG9jazsKaGVpZ2h0OjkzMDBweDsvKuODmuODvOOCuOWFqOS9k+OBrumrmOOBlSovCndpZHRoOiAxNDBweDsvKuW4r+OBruW5hSovCn0KPC9zdHlsZT4KCjwvZGl2PgoKCgo8IS0t4pa84pa8IOW3puW4r+ODquODs+OCr+OBquOBlyDilrzilrwtLT4KCgoKCjwhLS3ilrzilrwg5bem5biv44Oq44Oz44Kv44Gq44GXIOKWvOKWvC0tPgoKPCEtLQo8c3R5bGUgdHlwZT0idGV4dC9jc3MiPgpib2R5ewpiYWNrZ3JvdW5kLWltYWdlOiB1cmwoImh0dHA6Ly9pbWFnZS5yYWt1dGVuLmNvLmpwL3ZpZWFuZ2UvY2FiaW5ldC9jYW1wYWlnbi9ibnJfMTAxMi5qcGciKTsKYmFja2dyb3VuZC1yZXBlYXQ6IHJlcGVhdC15OwpiYWNrZ3JvdW5kLWF0dGFjaG1lbnQ6IHNjcm9sbDsKYmFja2dyb3VuZC1wb3NpdGlvbjpsZWZ0Cn0KPC9zdHlsZT4KLS0+CgoKCgo8c3R5bGUgdHlwZT0idGV4dC9jc3MiPgoKLyog44GK5rCX44Gr5YWl44KK5ZWG5ZOBICovCgojcmFrdXRlbkxpbWl0ZWRJZF9hcm91bmRDYXJ0ICNzZXJ2aWNlVGFibGVTbWwgdGQuZmF2b3JpdGUgewoKcGFkZGluZy10b3A6IDVweDsKCn0KCiNyYWt1dGVuTGltaXRlZElkX2Fyb3VuZENhcnQgZGl2LmJvb2ttYXJrQXJlYSBkaXYuYmttIHsKCndpZHRoOiAyOTFweCAhaW1wb3J0YW50OwoKaGVpZ2h0OjMzcHggIWltcG9ydGFudDsKCnBhZGRpbmc6IDBweCAwcHggMTBweCAwcHggIWltcG9ydGFudDsKCn0KCiNyYWt1dGVuTGltaXRlZElkX2Fyb3VuZENhcnQgZGl2LmJvb2ttYXJrQXJlYSBkaXYuYmttIGEuYWRkQmttIHsKCndpZHRoOiAyOTFweCAhaW1wb3J0YW50OwoKaGVpZ2h0OjMzcHggIWltcG9ydGFudDsKCn0KCiNyYWt1dGVuTGltaXRlZElkX2Fyb3VuZENhcnQgZGl2LmJvb2ttYXJrQXJlYSBkaXYuYmttIGEuYWRkQmttIHNwYW4uYmttU3RhciB7CgpkaXNwbGF5OiBpbmxpbmUtYmxvY2sgIWltcG9ydGFudDsKCndpZHRoOiAyOTFweCAhaW1wb3J0YW50OwoKaGVpZ2h0OjMzcHggIWltcG9ydGFudDsKCm1hcmdpbjowcHggMHB4IDEwcHggMHB4ICFpbXBvcnRhbnQ7CgpiYWNrZ3JvdW5kOiB1cmwoImh0dHA6Ly9pbWFnZS5yYWt1dGVuLmNvLmpwL3ZpZWFuZ2UvY2FiaW5ldC9ibnJfZmF2aXRlbS5qcGciKSBuby1yZXBlYXQgIWltcG9ydGFudDsKCn0KCiAKCi8qIOOBiuawl+OBq+WFpeOCiuOCt+ODp+ODg+ODlyAqLwoKZGl2LmJvb2ttYXJrQXJlYSB7Cgp3aWR0aDogMjkxcHggIWltcG9ydGFudDsKCn0KCiNyYWt1dGVuTGltaXRlZElkX2Fyb3VuZENhcnQgZGl2LnNob3BCb29rbWFya0FyZWEgZGl2LnNob3BCa20gewoKd2lkdGg6IDI5MXB4ICFpbXBvcnRhbnQ7CgpoZWlnaHQ6MzNweCAhaW1wb3J0YW50OwoKcGFkZGluZzogMHB4IDBweCAhaW1wb3J0YW50OwoKcGFkZGluZy1sZWZ0OiAwcHggIWltcG9ydGFudDsKCn0KCiNyYWt1dGVuTGltaXRlZElkX2Fyb3VuZENhcnQgZGl2LnNob3BCb29rbWFya0FyZWEgZGl2LnNob3BCa20gYS5hZGRTaG9wQmttIHNwYW4uc2hvcEJrbVN0YXIgewoKZGlzcGxheTogaW5saW5lLWJsb2NrICFpbXBvcnRhbnQ7Cgp3aWR0aDogMjkxcHggIWltcG9ydGFudDsKCmhlaWdodDozM3B4ICFpbXBvcnRhbnQ7CgptYXJnaW4tcmlnaHQ6IDBweCAhaW1wb3J0YW50OwoKYmFja2dyb3VuZDogdXJsKCJodHRwOi8vaW1hZ2UucmFrdXRlbi5jby5qcC92aWVhbmdlL2NhYmluZXQvYm5yX2ZhdnNob3AuanBnIikgbm8tcmVwZWF0ICFpbXBvcnRhbnQ7Cgp9Cjwvc3R5bGU+CgoKCgo8ZGl2IGlkPSJwcmVzZW50X2Jhc2UiIGNsYXNzPSJjbGVhcmZpeCI+CiAgIDxkaXYgY2xhc3M9InByZXNlbnRfaW1nIj48aW1nIHNyYz0iaHR0cDovL2ltYWdlLnJha3V0ZW4uY28uanAvdmllYW5nZS9jYWJpbmV0L3RtZy9mb290X3ByZTAxLmdpZiIgYWx0PSLlpKfliIfjgarjgYLjga7kurrjgavntKDmlbXjgarjg5fjg6zjgrzjg7Pjg4giIHdpZHRoPSIxOTkiIGhlaWdodD0iMjk1IiAvPjwvZGl2PgogICA8ZGl2IGNsYXNzPSJwcmVzZW50X3R4dCI+PHA+5b2T5bqX44Gv44CB5Lq65rCX44Ki44Kv44K744K144Oq44O844OW44Op44Oz44OJ44CM5aSp5L2/44Gu5Y2144CN44KE44CM5pyq5p2l5aSp5L2/44CN44KS44Gv44GY44KB44CB6KqV55Sf55+z44Gu44Oa44Oz44OA44Oz44OI44KE44Oq44Oz44Kw44Gq44Gp44CB44OX44Os44K844Oz44OI44Gr44OU44OD44K/44Oq44Gq44Ki44Kv44K744K144Oq44O844KS5Y+W5omx44GG6YCa6LKp44K344On44OD44OX44Gn44GZ44CCPC9wPjxiciAvPgrjgIzlhKrjgZfjgYTlhYnjgavjgaTjgaTjgb7jgozjgovmsLjpgaDjga7lkb3jgI3jgpLooajnj77jgZfjgZ/jgrPjg7Pjgrvjg5fjg4jjgrjjg6Xjgqjjg6rjg7zjgIzmnKrmnaXlpKnkvb/jgI3jga/mnKrmnaXjgavlkJHjgZHjgabovJ3jgZHjgovlkb3jga7jgZnjgbDjgonjgZfjgZXjgpLlpJrlvanjgarjg4bjg7zjg57jg7vjg4fjgrbjgqTjg7Pjgafooajnj77jgZfjgabjgYTjgb7jgZnjgII8YnIgLz4K44Gd44KT44Gq5pyq5p2l5aSp5L2/44GL44KJ44Gu44OX44Os44K844Oz44OI44Go44GE44GG44Kz44Oz44K744OX44OI44Gn5L2c44KJ44KM44Gf44CM5aSp5L2/44Gu5Y2144CN44Gv44CB44CM6KqV55Sf44Gu5Zac44Gz44CN44KE44CM55Sf44GN44KL44GT44Go44Gu5oSf5YuV44Go6LOe6LOb44CN44KS44OG44O844Oe44Go44GX44Gm5Ym144KJ44KM44CB5Y2144Go576944Gu44OQ44Op44Oz44K544Gu6Imv44GE44KE44GV44GX44GE44OH44K244Kk44Oz44GM5oSb44GV44KM44Gm44GE44KL44Ot44Oz44Kw44K744Op44O844Gu5Lq65rCX44Ki44Kv44K744K144Oq44O844Gn44GZ44CC5piv6Z2e44CB5aSn5YiH44Gq5Lq644G444Gu44OX44Os44K844Oz44OI562J44Gr44KC44GU5rS755So5LiL44GV44GE77yBPC9kaXY+CjwvZGl2PgoKCgoKCjwhLS3ilrzilrzilrzjg6zjg5Pjg6Xjg7zjg7vms6jmlofnirbms4HilrzilrzilrwtLT4gICAKCiAgICAgICAgICAgIDxoMj48aW1nIHNyYz0iaHR0cDovL3d3dy5yYWt1dGVuLm5lLmpwL2dvbGQvdmllYW5nZS9pbWcvdGl0bGVfMDYuanBnIiBhbHQ9IuODrOODk+ODpeODvCIgd2lkdGg9IjY4OCIgaGVpZ2h0PSI3MCIgLz48L2gyPgogICAgICAgICAgICA8YnI+PGJyPgogIAoJICA8YnI+IDxicj4gPGJyPiAKICAgICAgICAgICAgICAgICAgPGgyPjxpbWcgc3JjPSJodHRwOi8vd3d3LnJha3V0ZW4ubmUuanAvZ29sZC92aWVhbmdlL2ltZy90aXRsZV8wNy5qcGciIGFsdD0i5rOo5paH54q25rOBIiB3aWR0aD0iNjg4IiBoZWlnaHQ9IjcwIiAvPjwvaDI+CiAgICAgICAgICAgICAgICAgICAgICAgICAgICAgIDxicj4gPGJyPiAKPGJyPiA8YnI+IDxicj4=,44CQ5Yi75Y2w5a++5b+c44CR4peGTE9WRVJTIFNDRU5FIOODqeODkOODvOOCuuOCt+ODvOODs+KXhuOCt+ODq+ODkOODvOODquODs+OCsO+8iOODrOODh+OCo+ODvOOCue+8ieOAkExTUjAwNzhEUEtSTeOAkeOAkOOCt+ODq+ODkOODvOODquODs+OCsCDjg5rjgqLjg6rjg7PjgrAg44Oa44KiIOaMh+i8qiDjg4DjgqTjg6Tjg6Ljg7Pjg4kg44OU44Oz44Kv44K044O844Or44OJ5Yi75Y2w5a++5b+cIOODl+ODrOOCvOODs+ODiCDjg6rjg7PjgrAg5Yi75Y2wIOOCt+ODq+ODkOODvCDjgrjjg6Xjgqjjg6rjg7wg44OA44Kk44OkIOOBi+OCj+OBhOOBhOOAkSAg5q+N44Gu5pelIOOCt+ODs+ODl+ODq++8muWkqeS9v+OBruWNtSB3aXRoIExPVkVSUyBTQ0VORQ==,5aSp5L2/44Gu5Y215pyq5p2l5aSp5L2/44K544Oa44O844K544Kv44Oq44Ko44O844K/44O844K444Ol44Ko44Oq44O844K344Or44OQ44O844Ki44Kv44K744K144Oq44O844OU44Oz44Kv44K344Or44OQ44O844ON44OD44Kv44Os44K555u05Za25bqX44Kv44Oq44K544Oe44K56ZmQ5a6a44Oa44Oz44OA44Oz44OI5oyH6Lyq44OU44Ki44K544OX44Os44K844Oz44OI44OZ44OT44O844K544OX44O844Oz44Os44OH44Kj44O844K544Op44OQ44O844K644K344O844Oz57WQ5ama5oyH6Lyq44Oa44Ki44Oq44Oz44Kw6KqV55Sf55+z44CQ5Yi75Y2w5a++5b+c44CR4peGTE9WRVJTIFNDRU5FIOODqeODkOODvOOCuuOCt+ODvOODs+KXhuOCt+ODq+ODkOODvOODquODs+OCsO+8iOODrOODh+OCo+ODvOOCue+8ieOAkExTUjAwNzhEUEtSTeOAkeOAkOOCt+ODq+ODkOODvOODquODs+OCsCDjg5rjgqLjg6rjg7PjgrAg44Oa44KiIOaMh+i8qiDjg4DjgqTjg6Tjg6Ljg7Pjg4kg44OU44Oz44Kv44K044O844Or44OJ5Yi75Y2w5a++5b+cIOODl+ODrOOCvOODs+ODiCDjg6rjg7PjgrAg5Yi75Y2wIOOCt+ODq+ODkOODvCDjgrjjg6Xjgqjjg6rjg7wg44OA44Kk44OkIOOBi+OCj+OBhOOBhOOAkSAg5q+N44Gu5pelIOOCt+ODs+ODl+ODqw==,5rC46YGg44Gu5oSb44Gu6Ki8JnF1b3Q744OA44Kk44Ok44Oi44Oz44OJJnF1b3Q75YWl44KK4piGIOmAgeaWmeeEoeaWmSDliLvljbDlr77lv5zjgILjgJDliLvljbDlr77lv5zjgJHil4ZMT1ZFUlMgU0NFTkUg44Op44OQ44O844K644K344O844Oz4peG44K344Or44OQ44O844Oq44Oz44Kw77yI44Os44OH44Kj44O844K577yJ44CQTFNSMDA3OERQS1JN44CR44CQ44K344Or44OQ44O844Oq44Oz44KwIOODmuOCouODquODs+OCsCDjg5rjgqIg5oyH6LyqIOODgOOCpOODpOODouODs+ODiSDjg5Tjg7Pjgq/jgrTjg7zjg6vjg4nliLvljbDlr77lv5wg44OX44Os44K844Oz44OIIOODquODs+OCsCDliLvljbAg44K344Or44OQ44O8IOOCuOODpeOCqOODquODvCDjg4DjgqTjg6Qg44GL44KP44GE44GE44CRICDmr43jga7ml6Ug44K344Oz44OX44Or[rn]
39-1029,aHR0cDovL3RzaG9wLnIxMHMuanAvdmllYW5nZS9jYWJpbmV0L2xvdmVyc19zY2VuZS9sc3IvbHNyMDEwMXBrcm0uanBnP2ZpdGluPTcwMDo3MDA=,NjkxMi4wMDAw,,44K444Ol44Ko44Oq44O844O744Ki44Kv44K744K144Oq44O8ID4g44Os44OH44Kj44O844K544K444Ol44Ko44Oq44O844O744Ki44Kv44K744K144Oq44O8ID4g5oyH6Lyq44O744Oq44Oz44Kw,44CQ5Yi75Y2w5a++5b+c44CR4peGTE9WRVJTIFNDRU5FIOODqeODkOODvOOCuuOCt+ODvOODs+KXhuOCt+ODq+ODkOODvOODquODs+OCsO+8iOODrOODh+OCo+ODvOOCue+8ieOAkExTUjAxMDFQS1JN44CR44CQ44K344Or44OQ44O844Oq44Oz44KwIOODmuOCouODquODs+OCsCDjg5rjgqIg5oyH6LyqIOOCr+ODreOCuSDjg5Tjg7Pjgq/jgrPjg7zjg4bjgqPjg7PjgrAg44OX44Os44K844Oz44OIIOODquODs+OCsCDliLvljbDlj6/og70g44K344Or44OQ44O8IOOCuOODpeOCqOODquODvCDjgq7jg5Xjg4gg44GL44KP44GE44GE44CRICDmr43jga7ml6Ug44K344Oz44OX44Or,44Kq44K344Oj44Os44Gq77yS44OI44O844Oz44Kr44Op44O844Oq44Oz44Kw4pmqIOWIu+WNsOWvvuW/nA==,PGNlbnRlcj48YSBocmVmPSJodHRwczovL215LmJvb2ttYXJrLnJha3V0ZW4uY28uanAvP2Z1bmM9cmVnJnN2aWQ9MTAxJnNob3BfYmlkPTIwMzk0NyZpaWQ9MTAwMDExMzYmaXR5cGU9MSB0YXJnZXQ9X2JsYW5rIj48aW1nIHNyYz0iaHR0cDovL2ltYWdlLnJha3V0ZW4uY28uanAvdmllYW5nZS9jYWJpbmV0L3BfYm5yX2Zhdml0ZW0uanBnIiBib3JkZXI9IjAiIHdpZHRoPSI2NjAiIGhlaWdodD0iMTMwIj48L2E+PC9jZW50ZXI+PGJyPjxicj48ZGl2IGlkPSJkZXRhaWxfYmFzZTIiPgo8aW1nIHNyYz0iaHR0cDovL2ltYWdlLnJha3V0ZW4uY28uanAvdmllYW5nZS9jYWJpbmV0L2NhbXBhaWduL2xzX3BjX3Rva3V0ZW4uanBnImFsdD0iTE9WRVJTIFNDRU5FIOOCreODo+ODs+ODmuODvOODsyI+PGJyPjxicj4KCjxpbWcgc3JjPSJodHRwOi8vaW1hZ2UucmFrdXRlbi5jby5qcC92aWVhbmdlL2NhYmluZXQvbG92ZXJzX3NjZW5lL2xzci9sc3IwMTAxX2ltYWdlLmpwZyIgd2lkdGg9IjY2MCIgaGVpZ2h0PSI0MDAiIC8+CjxiciAvPjxiciAvPgoKPGltZyBzcmM9Imh0dHA6Ly9pbWFnZS5yYWt1dGVuLmNvLmpwL3ZpZWFuZ2UvY2FiaW5ldC9sb3ZlcnNfc2NlbmUvbHNyL2xzcjAxMDFfaW1hZ2UyLmpwZyIgd2lkdGg9IjY2MCIgaGVpZ2h0PSIxMDAwIiAvPgo8YnIgLz48YnIgLz4KPC9kaXY+CgoKPGRpdiBjbGFzcz0ic3BfZ29vZHNfMTMwNV8wOSI+CgogICAgIAogIDxkaXYgY2xhc3M9InNwX3RhbnBpbl9sZWZ0Ij4KPGEgaHJlZj0iaHR0cDovL2l0ZW0ucmFrdXRlbi5jby5qcC92aWVhbmdlL2xzcjAxMDFwa3JtLWJrcm0vIj4KPGltZyBzcmM9IiBodHRwOi8vaW1hZ2UucmFrdXRlbi5jby5qcC92aWVhbmdlL2NhYmluZXQvbG92ZXJzX3NjZW5lL2xzci9sc3IwMTAxX3BhaXIuanBnIiB3aWR0aD0iMjM1IiBoZWlnaHQ9IjIzNSIgY2xhc3M9ImltZzIwIiAvPjwvYT4gICAgICAgCjxwPuOCt+ODq+ODkOODvOODmuOCouODquODs+OCsDxiciAvPgogICAgICAg57SEMy4wbW3Dl+e0hDEuNm1t77yI5bmFw5fljprjgb/vvIk8L3A+CjwvZGl2PgogICAgCjxkaXYgY2xhc3M9InNwX3RhbnBpbl9yaWdodCI+CjxhIGhyZWY9IiBodHRwOi8vaXRlbS5yYWt1dGVuLmNvLmpwL3ZpZWFuZ2UvbHNyMDEwMWJrcm0vIj4KPGltZyBzcmM9IiBodHRwOi8vaW1hZ2UucmFrdXRlbi5jby5qcC92aWVhbmdlL2NhYmluZXQvbG92ZXJzX3NjZW5lL2xzci9sc3IwMTAxX3RhbnBpbl9tZW5zLmpwZyIgd2lkdGg9IjIzNSIgaGVpZ2h0PSIyMzUiIGNsYXNzPSJpbWcyMCIgLz48L2E+CiAgICAgIDxwPuODoeODs+OCuuOCt+ODq+ODkOODvOODquODs+OCsO+8iOS4gOmDqOODluODqeODg+OCr+OCs+ODvOODhuOCo+ODs+OCsO+8iTxiciAvPgogICAgICDntIQzLjBtbcOX57SEMS42bW3vvIjluYXDl+WOmuOBv++8iQogICAgICAgPC9wPgo8L2Rpdj4KPC9kaXY+CgoKIDxpbWcgc3JjPSJodHRwOi8vaW1hZ2UucmFrdXRlbi5jby5qcC92aWVhbmdlL2NhYmluZXQvcGFydHMvbHNyMDY1MF8zOS5naWYiIGNsYXNzPSJpbWcyMCIgLz4KICA8cCBjbGFzcz0iaW1nMTUiPuODquODs+OCsOOCkuedgOOBkeOCiOOBhuOBqOiAg+OBiOOBpuOBhOOCi+aMh+OBruS4gOeVquWkquOBhOmDqOWIhuOBq+ezuOOBquOBqeOCkuW3u+OBhOOBpuOAge+8keWRqOWIhuOBrua8lOe/kuOBrumVt+OBleOCkuWbs+OCiuOBvuOBmeOAgjxiciAvPgogIOOBk+OBrua4rOOCiuaWueOBr+OBguOBj+OBvuOBp+ewoeaYk+eahOOBquioiOa4rOaWueazleOBp+OBmeOBruOBp+OAgeato+eiuuOBq+OCteOCpOOCuuOCkua4rOOCi+OBq+OBr+OAgeOBiui/keOBj+OBruOCouOCr+OCu+OCteODquODvOOCt+ODp+ODg+ODl+OBquOBqeOBp+OAgeOAjuODquODs+OCsOOCsuODvOOCuOOAj+OCkuS9v+eUqOOBl+OBpuioiOa4rOOBl+OBpuS4i+OBleOBhOOAgjwvcD4KICA8aW1nIHNyYz0iaHR0cDovL2ltYWdlLnJha3V0ZW4uY28uanAvdmllYW5nZS9jYWJpbmV0L3BhcnRzL2xzcjA2NTBfNDEuZ2lmIiB3aWR0aD0iNjYwIiBoZWlnaHQ9IjE2NyIgY2xhc3M9ImltZzYwIiAvPgoKPGRpdiBjbGFzcz0iY2FfMDEiPgo8aW1nIHNyYz0iaHR0cDovL2ltYWdlLnJha3V0ZW4uY28uanAvdmllYW5nZS9jYWJpbmV0L3dyYXBwaW5nL3dyYXBwaW5nX3RpdGxlLmpwZyIgYWx0PSLjg6njg4Pjg5Tjg7PjgrAiPgoKPGJyPjxicj48YnI+Cgo8dGFibGUgYm9yZGVyPSIwIiB3aWR0aD0iNjYwcHgiPgo8dHI+Cjx0ZD4KPGltZyBzcmM9Imh0dHA6Ly9pbWFnZS5yYWt1dGVuLmNvLmpwL3ZpZWFuZ2UvY2FiaW5ldC93cmFwcGluZy9sc193cmFwXzAxXzEuanBnIiBhbHQ9IkxPVkVSUyBTQ0VORSAg6YCa5bi444Op44OD44OU44Oz44KwIj4KPC90ZD4KPHRkPgo8aW1nIHNyYz0iaHR0cDovL2ltYWdlLnJha3V0ZW4uY28uanAvdmllYW5nZS9jYWJpbmV0L3dyYXBwaW5nL2xzX3dyYXBfMDIuanBnIiBhbHQ9IkxPVkVSUyBTQ0VOReOAgOOCqOOCs+ODqeODg+ODlOODs+OCsCI+CjwvdGQ+Cjx0ZD4KPGEgIGhyZWY9Imh0dHA6Ly9pdGVtLnJha3V0ZW4uY28uanAvdmllYW5nZS9jLzAwMDAwMDA3ODEvIj48aW1nIHNyYz0iaHR0cDovL2ltYWdlLnJha3V0ZW4uY28uanAvdmllYW5nZS9jYWJpbmV0L3dyYXBwaW5nL2xzX3dyYXBfMDMuanBnIiBhbHQ9IkxPVkVSUyBTQ0VOReOAgOOCueODmuOCt+ODo+ODq+ODqeODg+ODlOODs+OCsCI+PC9hPgo8L3RkPgo8L3RyPgo8L3RhYmxlPgo8aW1nIHNyYz0iaHR0cDovL2ltYWdlLnJha3V0ZW4uY28uanAvdmllYW5nZS9jYWJpbmV0L3dyYXBwaW5nL2tpa2luLmpwZyIgYWx0PSLlpKnkvb/jga7ljbXln7rph5EiPgoKPGEgIGhyZWY9Imh0dHA6Ly9pdGVtLnJha3V0ZW4uY28uanAvdmllYW5nZS9jLzAwMDAwMDA3OTEvIj4KPGltZyBzcmM9Imh0dHA6Ly9pbWFnZS5yYWt1dGVuLmNvLmpwL3ZpZWFuZ2UvY2FiaW5ldC93cmFwcGluZy9sc19jYXJkLmpwZyIgYWx0PSLjg6Hjg4Pjgrvjg7zjgrjjgqvjg7zjg4kiPjwvYT4KCgo8aW1nIApzcmM9Imh0dHA6Ly9pbWFnZS5yYWt1dGVuLmNvLmpwL3ZpZWFuZ2UvY2FiaW5ldC9jYW1wYWlnbi9ub2JlX2xzXzY2MC5qcGciIHdpZHRoPSI2NjAiIGhpZ2h0PSIyMDAiIGFsdD0iTE9WRVJTIFNDRU5FIOODjuODmeODq+ODhuOCoyI+PGJyPjxicj4KPC9kaXY+PHRhYmxlIGJvcmRlcj0iMCIgd2lkdGg9IjM5MCI+CiAgPHRib2R5PgogICAgPHRyPgogICAgICA8dGQgaGVpZ2h0PSIyMzEiPiA8Zm9udCBjb2xvcj0jNjk2OTY5IHNpemU9IjIiPiDkurrmsJfjga7pq5jjgYTjgq/jg63jgrnjg7vjg6njgqTjg7Pjg7vjg6Ljg4Hjg7zjg5XjgII8L2ZvbnQ+PGJyPgogICAgICAgICAgPGZvbnQgY29sb3I9IzY5Njk2OSBzaXplPSIyIj4g5o6n44GI44Gq5bmF44Gu44OH44K244Kk44Oz44GM44CB5oyH44KC44Go44Gr6aa05p+T44G/44G+44GZ44CCPC9mb250Pjxicj4KICAgICAgICAgIDxmb250IGNvbG9yPSM2OTY5Njkgc2l6ZT0iMiI+ICJFVEVSTkFMIFRSVUUgTE9WRSBSSU5HIuOBruWIu+WNsOOBjOaWveOBleOCjOOBpuOBhOOBvuOBmeOAgjwvZm9udD48YnI+CiAgPGJyPgogICAgICAgICAgPGZvbnQgY29sb3I9IzAwOTlGRiBzaXplPSIyIj4g44OW44Op44OD44Kv5p+E44Go44Gu44Oa44Ki5L2/55So44KC44Kq44K544K544Oh44Gn44GZ44CCPC9mb250Pjxicj4KICAgICAgICAgIDxicj4KICAgICAgICAgIDxmb250IGNvbG9yPSMwMDk5RkYgc2l6ZT0iMiI+44Oa44Ki5ZWG5ZOB44Gu44GK5rGC44KB44Gv44GT44Gh44KJPC9mb250Pjxicj4KPGJyPgogIDxmb250IGNvbG9yPSM2OTY5Njkgc2l6ZT0iMiI+4pag57Sg5p2Q4pagPC9mb250Pjxicj4KICAgICAgICAgIDxicj4KICAgICAgICAgIDxmb250IGNvbG9yPSM2OTY5Njkgc2l6ZT0iMiI+U1Y5MjXvvIjjg63jgrjjgqbjg6Djg7vjgrPjg7zjg4bjgqPjg7PjgrDjgIHkuIDpg6jjg5Tjg7Pjgq/jg7vjgrPjg7zjg4bjgqPjg7PjgrDvvIk8L2ZvbnQ+PGJyPgogICAgICAgICAgPGJyPgogICAgICAgICAgPGZvbnQgY29sb3I9IzY5Njk2OSBzaXplPSIyIj7ilqDlpKfjgY3jgZUobW0p4pagPC9mb250Pjxicj4KICAgICAgICAgIDxicj4KICAgICAgICAgIDxmb250IGNvbG9yPSM2OTY5Njkgc2l6ZT0iMiI+5bmF57SEMy4ww5fljprjgb/ntIQxLjY8L2ZvbnQ+PGJyPgogICAgICAgICAgPGJyPgogICAgICAgICAgPGZvbnQgY29sb3I9IzY5Njk2OSBzaXplPSIyIj7ilqDph43ph4/ilqA8L2ZvbnQ+PGJyPgogICAgICAgICAgPGJyPgogICAgICAgICAgPGZvbnQgY29sb3I9IzY5Njk2OSBzaXplPSIyIj7ntIQzLjBnPC9mb250Pjxicj4KICAgICAgICAgIDxmb250IGNvbG9yPSM2OTY5Njkgc2l6ZT0iLTIiPuKAu+OCteOCpOOCuuODu+mHjemHj+OBq+OBr+WkmuWwkeOBruWAi+S9k+W3ruOBjOWHuuOBvuOBmeKAuzwvZm9udD48YnI+CiAgICAgICAgICA8YnI+Cjxmb250IGNvbG9yPSJmZjAwMDAiPjxiPuOBk+OBruODquODs+OCsOOBr+Wlh+aVsOOCteOCpOOCuuOBruOBv+OBruOBiuWPluOCiuaJseOBhOOBp+OBmeOAgjxicj4K44G+44Gf44CB44K144Kk44K655u044GX44KC5Ye65p2l44G+44Gb44KT44Gu44Gn44CB44K144Kk44K644KS44KI44GP44GK56K644GL44KB44Gu5LiK44GU5rOo5paH5LiL44GV44GE44CCPC9iPjwvZm9udD48YnI+Cjxicj4KPGJyPgo8Zm9udCBjb2xvcj0jMDA5OUZGIHNpemU9IjIiPuKWoDxmb250IHNpemU9IisxIj48c3Ryb25nPuaJi+W9q+WIu+WNsOWvvuW/nO+8iOOCquODl+OCt+ODp+ODs+ODu+acieaWme+8iTwvc3Ryb25nPjwvZm9udD7ilqA8L2ZvbnQ+PGJyPgogICAgICAgICAgPGZvbnQgY29sb3I9IzY5Njk2OSBzaXplPSIyIj7jgZPjga7llYblk4Hjga/jgIHjg6rjg7PjgrDjga7lhoXlgbTjgavliLvljbAo5paH5a2X5YWl44KMKeOBjOOBp+OBjeOBvuOBmeOAgjwvZm9udD48YnI+Cjxicj4gIAogIDxmb250IGNvbG9yPSM2OTY5Njkgc2l6ZT0iMiI+4peP5Yi75a2X5qmf44KS5L2/44Gj44Gm44Kv44Op44OV44OI44Oe44Oz44GM5omL5L2c5qWt44Gn5b2r6L6844KAPHN0cm9uZz7vvJzmiYvlvavliLvljbDvvJ48L3N0cm9uZz7jgajjgarjgorjgb7jgZnjgII8L2ZvbnQ+PGJyPgogIDxmb250IGNvbG9yPSM2OTY5Njkgc2l6ZT0iMiI+4peP5pu45L2T44GvPHN0cm9uZz7jg5bjg63jg4Pjgq/kvZMo5Li444K044K344OD44KvKTwvc3Ryb25nPuOBruOBv+OAgjwvZm9udD48YnI+CiAgPGJyPgogIDxmb250IGNvbG9yPSM2OTY5Njkgc2l6ZT0iMiI+4peP5L2/55So5Y+v6IO95paH5a2X44O76KiY5Y+3Ojxicj4KICBB772eWuOBruOCouODq+ODleOCoeODmeODg+ODiDxzdHJvbmc+5aSn5paH5a2XPC9zdHJvbmc+44CB77yQ772e77yZ44Gu6Iux5pWw5a2X44CB44OP44Kk44OV44OzKAogIC0gKeOAgeODlOODquOCquODiSggPHN0cm9uZz4uPC9zdHJvbmc+ICnjgIHjgqLjg7Pjg4noqJjlj7fvvIggJmFtcDsgKeOAgeWwj+aWh+Wtl+OBruOAjHRv44CN77yI77yR5paH5a2X5YiG77yJ44CBCuS4rem7kigg44O7KTwvZm9udD48YnI+Cjxicj4KPGZvbnQgY29sb3I9IzY5Njk2OSBzaXplPSIyIj7il4/liLvljbDlj6/og73jgarmloflrZfmlbDjgIHliLvljbDkvY3nva7jga/jg6rjg7PjgrDjgZTjgajjgavnlbDjgarjgorjgb7jgZnjgII8L2ZvbnQ+PGJyPgogICAgICAgICAgPGZvbnQgY29sb3I9I0ZGMDAwMCBzaXplPSIyIj7jgZPjga7llYblk4Hjga/jgIHjgqLjg6vjg5XjgqHjg5njg4Pjg4jlpKfmloflrZfjg7voi7HmlbDlrZflkIjjgo/jgZvjgaY8Zm9udCBzaXplPSI1Ij48c3Ryb25nPjE45paH5a2XPC9zdHJvbmc+PC9mb250PuOBvuOBp+WIu+WNsOWPr+iDveOBp+OBmeOAgijoqJjlj7fjg7vjgrnjg5rjg7zjgrnjgarjganjgoLvvJHmloflrZfjgajjgZfjgabjgqvjgqbjg7Pjg4jjgZXjgozjgb7jgZkpPC9mb250Pjxicj4KICAgICAgICAgIDxicj4KICAgICAgICAgIDxmb250IGNvbG9yPSMwMDk5RkYgc2l6ZT0iMiI+4pag5Yi75Y2w5paZ6YeR77ya77+l77yR77yM77yV77yX77yVPGZvbnQgY29sb3I9IiM2NjY2NjYiPijnqI7ovrwv44Oq44Oz44Kw77yR5YCL44Gr44Gk44GNKTxicj4KICDliLvljbDlj6/og73mloflrZfmlbDku6XlhoXjgarjgonkvZXmloflrZfjgafjgoI8L2ZvbnQ+PC9mb250Pjxicj4KPGJyPgogIDxmb250IGNvbG9yPSMwMDk5RkYgc2l6ZT0iMiI+4pag57SN5pyf77ya6YCa5bi457SN5pyf44Gr5Yqg44GI44CB5pyA6ZW357SE77yV5Za25qWt5pel56iL5L2Z5YiG44Gr44GL44GL44KK44G+44GZPC9mb250Pjxicj4KICA8YnI+CiAgICAgICAgICA8Zm9udCBjb2xvcj0jMDA5OUZGIHNpemU9IjIiPuKWoOOBlOazqOaWh+aWueazle+8mjwvZm9udD48YnI+CiAgICAgICAgICA8Zm9udCBjb2xvcj0jNjk2OTY5IHNpemU9IjIiPuODl+ODq+ODgOOCpuODs+ODu+ODoeODi+ODpeODvOOBi+OCiTxzdHJvbmc+44CM5pyJ5paZ5Yi75Y2w5biM5pyb44CNPC9zdHJvbmc+44KS44GU6YG45oqe44GP44Gg44GV44GE44CC5rOo5paH55S76Z2i44Gu44CM44GK5bqX44G444Gu44Oh44OD44K744O844K444CN5qyE44GrPHN0cm9uZz7liLvljbDlhoXlrrk8L3N0cm9uZz7jgpLjgYrmm7jjgY3kuIvjgZXjgYTvvIjllYblk4HjgpIy5YCL5Lul5LiK5ZCM5pmC44Gr44GK6LK344GE5rGC44KB44GE44Gf44Gg44GE44Gf5aC05ZCI44Gv44CB5Yi75Y2w5a++6LGh5ZWG5ZOB44GM44KP44GL44KL44KI44GG44CBPHN0cm9uZz7llYblk4Hnlarlj7c8L3N0cm9uZz7jgoLjgZTkvbXoqJjpoZjjgYTjgb7jgZnvvInjgII8L2ZvbnQ+PGJyPgogIDxicj4KICAgICAgICAgIDxmb250IGNvbG9yPSM2OTY5Njkgc2l6ZT0iMiI+5Yi75Y2w5paZ6YeR44Gv44CB44GU5rOo5paH5YaF5a6556K66KqN5pmC44Gr5ZWG5ZOB5Luj6YeR44Gr5Yqg566X44GV44Gb44Gm44GE44Gf44Gg44GN44G+44GZ44CC44GU5rOo5paH5Y+X55CG5b6M44Gr44GK6YCB44KK44GZ44KL44K144Oz44Kv44K544Oh44O844Or44Gr44Gm5Y+N5pig44GV44KM44G+44GZ44Gu44Gn44GU56K66KqN44GP44Gg44GV44GE44CCIDwvZm9udD48YnI+CiAgICAgICAgICA8YnI+CjwvVEQ+CiAgICA8L1RSPgogIDwvVEJPRFk+CjwvVEFCTEU+PCEtLeKWvOKWvCDlt6bluK/jg6rjg7Pjgq/jgYLjgoog4pa84pa8LS0+Cgo8ZGl2IGlkPSJoaWRhcmktb2JpIj4KCjxzdHlsZT4KI2hpZGFyaS1vYmkgewpwb3NpdGlvbjogYWJzb2x1dGU7CnRvcDowcHg7CmxlZnQ6MTBweDsKYmFja2dyb3VuZDogdXJsKCJodHRwczovL2ltYWdlLnJha3V0ZW4uY28uanAvdmllYW5nZS9jYWJpbmV0L2NhbXBhaWduL3NjYm5yXzA1MTUuanBnIikgcmVwZWF0LXkgbGVmdCB0b3AgOwp9CiNoaWRhcmktb2JpIGEgewpkaXNwbGF5OiBibG9jazsKaGVpZ2h0OjkzMDBweDsvKuODmuODvOOCuOWFqOS9k+OBrumrmOOBlSovCndpZHRoOiAxNDBweDsvKuW4r+OBruW5hSovCn0KPC9zdHlsZT4KCjwvZGl2PgoKCgo8IS0t4pa84pa8IOW3puW4r+ODquODs+OCr+OBquOBlyDilrzilrwtLT4KCgoKCjwhLS3ilrzilrwg5bem5biv44Oq44Oz44Kv44Gq44GXIOKWvOKWvC0tPgoKPCEtLQo8c3R5bGUgdHlwZT0idGV4dC9jc3MiPgpib2R5ewpiYWNrZ3JvdW5kLWltYWdlOiB1cmwoImh0dHA6Ly9pbWFnZS5yYWt1dGVuLmNvLmpwL3ZpZWFuZ2UvY2FiaW5ldC9jYW1wYWlnbi9ibnJfMTAxMi5qcGciKTsKYmFja2dyb3VuZC1yZXBlYXQ6IHJlcGVhdC15OwpiYWNrZ3JvdW5kLWF0dGFjaG1lbnQ6IHNjcm9sbDsKYmFja2dyb3VuZC1wb3NpdGlvbjpsZWZ0Cn0KPC9zdHlsZT4KLS0+CgoKCgo8c3R5bGUgdHlwZT0idGV4dC9jc3MiPgoKLyog44GK5rCX44Gr5YWl44KK5ZWG5ZOBICovCgojcmFrdXRlbkxpbWl0ZWRJZF9hcm91bmRDYXJ0ICNzZXJ2aWNlVGFibGVTbWwgdGQuZmF2b3JpdGUgewoKcGFkZGluZy10b3A6IDVweDsKCn0KCiNyYWt1dGVuTGltaXRlZElkX2Fyb3VuZENhcnQgZGl2LmJvb2ttYXJrQXJlYSBkaXYuYmttIHsKCndpZHRoOiAyOTFweCAhaW1wb3J0YW50OwoKaGVpZ2h0OjMzcHggIWltcG9ydGFudDsKCnBhZGRpbmc6IDBweCAwcHggMTBweCAwcHggIWltcG9ydGFudDsKCn0KCiNyYWt1dGVuTGltaXRlZElkX2Fyb3VuZENhcnQgZGl2LmJvb2ttYXJrQXJlYSBkaXYuYmttIGEuYWRkQmttIHsKCndpZHRoOiAyOTFweCAhaW1wb3J0YW50OwoKaGVpZ2h0OjMzcHggIWltcG9ydGFudDsKCn0KCiNyYWt1dGVuTGltaXRlZElkX2Fyb3VuZENhcnQgZGl2LmJvb2ttYXJrQXJlYSBkaXYuYmttIGEuYWRkQmttIHNwYW4uYmttU3RhciB7CgpkaXNwbGF5OiBpbmxpbmUtYmxvY2sgIWltcG9ydGFudDsKCndpZHRoOiAyOTFweCAhaW1wb3J0YW50OwoKaGVpZ2h0OjMzcHggIWltcG9ydGFudDsKCm1hcmdpbjowcHggMHB4IDEwcHggMHB4ICFpbXBvcnRhbnQ7CgpiYWNrZ3JvdW5kOiB1cmwoImh0dHA6Ly9pbWFnZS5yYWt1dGVuLmNvLmpwL3ZpZWFuZ2UvY2FiaW5ldC9ibnJfZmF2aXRlbS5qcGciKSBuby1yZXBlYXQgIWltcG9ydGFudDsKCn0KCiAKCi8qIOOBiuawl+OBq+WFpeOCiuOCt+ODp+ODg+ODlyAqLwoKZGl2LmJvb2ttYXJrQXJlYSB7Cgp3aWR0aDogMjkxcHggIWltcG9ydGFudDsKCn0KCiNyYWt1dGVuTGltaXRlZElkX2Fyb3VuZENhcnQgZGl2LnNob3BCb29rbWFya0FyZWEgZGl2LnNob3BCa20gewoKd2lkdGg6IDI5MXB4ICFpbXBvcnRhbnQ7CgpoZWlnaHQ6MzNweCAhaW1wb3J0YW50OwoKcGFkZGluZzogMHB4IDBweCAhaW1wb3J0YW50OwoKcGFkZGluZy1sZWZ0OiAwcHggIWltcG9ydGFudDsKCn0KCiNyYWt1dGVuTGltaXRlZElkX2Fyb3VuZENhcnQgZGl2LnNob3BCb29rbWFya0FyZWEgZGl2LnNob3BCa20gYS5hZGRTaG9wQmttIHNwYW4uc2hvcEJrbVN0YXIgewoKZGlzcGxheTogaW5saW5lLWJsb2NrICFpbXBvcnRhbnQ7Cgp3aWR0aDogMjkxcHggIWltcG9ydGFudDsKCmhlaWdodDozM3B4ICFpbXBvcnRhbnQ7CgptYXJnaW4tcmlnaHQ6IDBweCAhaW1wb3J0YW50OwoKYmFja2dyb3VuZDogdXJsKCJodHRwOi8vaW1hZ2UucmFrdXRlbi5jby5qcC92aWVhbmdlL2NhYmluZXQvYm5yX2ZhdnNob3AuanBnIikgbm8tcmVwZWF0ICFpbXBvcnRhbnQ7Cgp9Cjwvc3R5bGU+CgoKCgo8ZGl2IGlkPSJwcmVzZW50X2Jhc2UiIGNsYXNzPSJjbGVhcmZpeCI+CiAgIDxkaXYgY2xhc3M9InByZXNlbnRfaW1nIj48aW1nIHNyYz0iaHR0cDovL2ltYWdlLnJha3V0ZW4uY28uanAvdmllYW5nZS9jYWJpbmV0L3RtZy9mb290X3ByZTAxLmdpZiIgYWx0PSLlpKfliIfjgarjgYLjga7kurrjgavntKDmlbXjgarjg5fjg6zjgrzjg7Pjg4giIHdpZHRoPSIxOTkiIGhlaWdodD0iMjk1IiAvPjwvZGl2PgogICA8ZGl2IGNsYXNzPSJwcmVzZW50X3R4dCI+PHA+5b2T5bqX44Gv44CB5Lq65rCX44Ki44Kv44K744K144Oq44O844OW44Op44Oz44OJ44CM5aSp5L2/44Gu5Y2144CN44KE44CM5pyq5p2l5aSp5L2/44CN44KS44Gv44GY44KB44CB6KqV55Sf55+z44Gu44Oa44Oz44OA44Oz44OI44KE44Oq44Oz44Kw44Gq44Gp44CB44OX44Os44K844Oz44OI44Gr44OU44OD44K/44Oq44Gq44Ki44Kv44K744K144Oq44O844KS5Y+W5omx44GG6YCa6LKp44K344On44OD44OX44Gn44GZ44CCPC9wPjxiciAvPgrjgIzlhKrjgZfjgYTlhYnjgavjgaTjgaTjgb7jgozjgovmsLjpgaDjga7lkb3jgI3jgpLooajnj77jgZfjgZ/jgrPjg7Pjgrvjg5fjg4jjgrjjg6Xjgqjjg6rjg7zjgIzmnKrmnaXlpKnkvb/jgI3jga/mnKrmnaXjgavlkJHjgZHjgabovJ3jgZHjgovlkb3jga7jgZnjgbDjgonjgZfjgZXjgpLlpJrlvanjgarjg4bjg7zjg57jg7vjg4fjgrbjgqTjg7Pjgafooajnj77jgZfjgabjgYTjgb7jgZnjgII8YnIgLz4K44Gd44KT44Gq5pyq5p2l5aSp5L2/44GL44KJ44Gu44OX44Os44K844Oz44OI44Go44GE44GG44Kz44Oz44K744OX44OI44Gn5L2c44KJ44KM44Gf44CM5aSp5L2/44Gu5Y2144CN44Gv44CB44CM6KqV55Sf44Gu5Zac44Gz44CN44KE44CM55Sf44GN44KL44GT44Go44Gu5oSf5YuV44Go6LOe6LOb44CN44KS44OG44O844Oe44Go44GX44Gm5Ym144KJ44KM44CB5Y2144Go576944Gu44OQ44Op44Oz44K544Gu6Imv44GE44KE44GV44GX44GE44OH44K244Kk44Oz44GM5oSb44GV44KM44Gm44GE44KL44Ot44Oz44Kw44K744Op44O844Gu5Lq65rCX44Ki44Kv44K744K144Oq44O844Gn44GZ44CC5piv6Z2e44CB5aSn5YiH44Gq5Lq644G444Gu44OX44Os44K844Oz44OI562J44Gr44KC44GU5rS755So5LiL44GV44GE77yBPC9kaXY+CjwvZGl2PgoKCgoKCjwhLS3ilrzilrzilrzjg6zjg5Pjg6Xjg7zjg7vms6jmlofnirbms4HilrzilrzilrwtLT4gICAKCiAgICAgICAgICAgIDxoMj48aW1nIHNyYz0iaHR0cDovL3d3dy5yYWt1dGVuLm5lLmpwL2dvbGQvdmllYW5nZS9pbWcvdGl0bGVfMDYuanBnIiBhbHQ9IuODrOODk+ODpeODvCIgd2lkdGg9IjY4OCIgaGVpZ2h0PSI3MCIgLz48L2gyPgogICAgICAgICAgICA8YnI+PGJyPgogIAoJICA8YnI+IDxicj4gPGJyPiAKICAgICAgICAgICAgICAgICAgPGgyPjxpbWcgc3JjPSJodHRwOi8vd3d3LnJha3V0ZW4ubmUuanAvZ29sZC92aWVhbmdlL2ltZy90aXRsZV8wNy5qcGciIGFsdD0i5rOo5paH54q25rOBIiB3aWR0aD0iNjg4IiBoZWlnaHQ9IjcwIiAvPjwvaDI+CiAgICAgICAgICAgICAgICAgICAgICAgICAgICAgIDxicj4gPGJyPiAKPGJyPiA8YnI+IDxicj4=,44CQ5Yi75Y2w5a++5b+c44CR4peGTE9WRVJTIFNDRU5FIOODqeODkOODvOOCuuOCt+ODvOODs+KXhuOCt+ODq+ODkOODvOODquODs+OCsO+8iOODrOODh+OCo+ODvOOCue+8ieOAkExTUjAxMDFQS1JN44CR44CQ44K344Or44OQ44O844Oq44Oz44KwIOODmuOCouODquODs+OCsCDjg5rjgqIg5oyH6LyqIOOCr+ODreOCuSDjg5Tjg7Pjgq/jgrPjg7zjg4bjgqPjg7PjgrAg44OX44Os44K844Oz44OIIOODquODs+OCsCDliLvljbDlj6/og70g44K344Or44OQ44O8IOOCuOODpeOCqOODquODvCDjgq7jg5Xjg4gg44GL44KP44GE44GE44CRICDmr43jga7ml6Ug44K344Oz44OX44Or77ya5aSp5L2/44Gu5Y21IHdpdGggTE9WRVJTIFNDRU5F,5aSp5L2/44Gu5Y215pyq5p2l5aSp5L2/44K544Oa44O844K544Kv44Oq44Ko44O844K/44O844K444Ol44Ko44Oq44O844K344Or44OQ44O844Ki44Kv44K744K144Oq44O844OU44Oz44Kv44K344Or44OQ44O844ON44OD44Kv44Os44K555u05Za25bqX44Kv44Oq44K544Oe44K56ZmQ5a6a44Oa44Oz44OA44Oz44OI5oyH6Lyq44OU44Ki44K544OX44Os44K844Oz44OI44OZ44OT44O844K544OX44O844Oz44Os44OH44Kj44O844K544Op44OQ44O844K644K344O844Oz57WQ5ama5oyH6Lyq44Oa44Ki44Oq44Oz44Kw6KqV55Sf55+z44CQ5Yi75Y2w5a++5b+c44CR4peGTE9WRVJTIFNDRU5FIOODqeODkOODvOOCuuOCt+ODvOODs+KXhuOCt+ODq+ODkOODvOODquODs+OCsO+8iOODrOODh+OCo+ODvOOCue+8ieOAkExTUjAxMDFQS1JN44CR44CQ44K344Or44OQ44O844Oq44Oz44KwIOODmuOCouODquODs+OCsCDjg5rjgqIg5oyH6LyqIOOCr+ODreOCuSDjg5Tjg7Pjgq/jgrPjg7zjg4bjgqPjg7PjgrAg44OX44Os44K844Oz44OIIOODquODs+OCsCDliLvljbDlj6/og70g44K344Or44OQ44O8IOOCuOODpeOCqOODquODvCDjgq7jg5Xjg4gg44GL44KP44GE44GE44CRICDmr43jga7ml6Ug44K344Oz44OX44Or,44Kq44K344Oj44Os44Gq77yS44OI44O844Oz44Kr44Op44O844Oq44Oz44Kw4pmqIOWIu+WNsOWvvuW/nOOAguOAkOWIu+WNsOWvvuW/nOOAkeKXhkxPVkVSUyBTQ0VORSDjg6njg5Djg7zjgrrjgrfjg7zjg7Pil4bjgrfjg6vjg5Djg7zjg6rjg7PjgrDvvIjjg6zjg4fjgqPjg7zjgrnvvInjgJBMU1IwMTAxUEtSTeOAkeOAkOOCt+ODq+ODkOODvOODquODs+OCsCDjg5rjgqLjg6rjg7PjgrAg44Oa44KiIOaMh+i8qiDjgq/jg63jgrkg44OU44Oz44Kv44Kz44O844OG44Kj44Oz44KwIOODl+ODrOOCvOODs+ODiCDjg6rjg7PjgrAg5Yi75Y2w5Y+v6IO9IOOCt+ODq+ODkOODvCDjgrjjg6Xjgqjjg6rjg7wg44Ku44OV44OIIOOBi+OCj+OBhOOBhOOAkSAg5q+N44Gu5pelIOOCt+ODs+ODl+ODqw==[rn]
39-1030,aHR0cDovL3RzaG9wLnIxMHMuanAvdmllYW5nZS9jYWJpbmV0L2xvdmVyc19zY2VuZS9sc3IvbHNyMDMwOWRwc3RyLmpwZz9maXRpbj03MDA6NzAw,MTAxOTUuMjAwMA==,,44K444Ol44Ko44Oq44O844O744Ki44Kv44K744K144Oq44O8ID4g44Os44OH44Kj44O844K544K444Ol44Ko44Oq44O844O744Ki44Kv44K744K144Oq44O8ID4g5oyH6Lyq44O744Oq44Oz44Kw,44CQ5Yi75Y2w5a++5b+c44CR4peGTE9WRVJTIFNDRU5FIOODqeODkOODvOOCuuOCt+ODvOODs+KXhuOCt+ODq+ODkOODvOODquODs+OCsOOAkExTUjAzMDlEUFNUUuOAkeOAkOOCt+ODq+ODkOODvOODquODs+OCsCDjg5rjgqLjg6rjg7PjgrAg44Oa44KiIOaMh+i8qiDjg6zjg4fjgqPjg7zjgrkg44Kv44Ot44K544Op44Kk44OzIOiqleeUn+efsyDjg5fjg6zjgrzjg7Pjg4gg44Oq44Oz44KwIOOCt+ODq+ODkOODvCDjgqLjgq/jgrvjgrXjg6rjg7wg44K444Ol44Ko44Oq44O8IOWkqeeEtuefsyDjgq7jg5Xjg4ggIOOBi+OCj+OBhOOBhOOAkSAg5q+N44Gu5pelIOOCt+ODs+ODl+ODqw==,44GK5aW944GN44Gq6KqV55Sf55+z44KSMuOBpOOBiumBuOOBs+OBhOOBn+OBoOOBkeOBvuOBmeKYhg==,PGNlbnRlcj48YSBocmVmPSJodHRwczovL215LmJvb2ttYXJrLnJha3V0ZW4uY28uanAvP2Z1bmM9cmVnJnN2aWQ9MTAxJnNob3BfYmlkPTIwMzk0NyZpaWQ9MTAwMDE4MjkmaXR5cGU9MSB0YXJnZXQ9X2JsYW5rIj48aW1nIHNyYz0iaHR0cDovL2ltYWdlLnJha3V0ZW4uY28uanAvdmllYW5nZS9jYWJpbmV0L3BfYm5yX2Zhdml0ZW0uanBnIiBib3JkZXI9IjAiIHdpZHRoPSI2NjAiIGhlaWdodD0iMTMwIj48L2E+PC9jZW50ZXI+PGJyPjxicj48aW1nIHNyYz0iaHR0cDovL2ltYWdlLnJha3V0ZW4uY28uanAvdmllYW5nZS9jYWJpbmV0L2NhbXBhaWduL2xzX3BjX3Rva3V0ZW4uanBnImFsdD0iTE9WRVJTIFNDRU5FIOOCreODo+ODs+ODmuODvOODsyI+PGJyPjxicj4KCjxkaXYgaWQ9ImRldGFpbF9iYXNlMiI+CiAKPGltZyBzcmM9Imh0dHA6Ly9pbWFnZS5yYWt1dGVuLmNvLmpwL3ZpZWFuZ2UvY2FiaW5ldC9sb3ZlcnNfc2NlbmUvbHNyL2xzcjAzMDlkcHN0cmR0cl9pbWcuanBnICIgd2lkdGg9IjY2MCIgaGVpZ2h0PSI0MDAiIC8+CjxiciAvPjxiciAvPgoKPGltZyBzcmM9Imh0dHA6Ly9pbWFnZS5yYWt1dGVuLmNvLmpwL3ZpZWFuZ2UvY2FiaW5ldC9sb3ZlcnNfc2NlbmUvbHNyL2xzcjAzMDlkcHN0cmR0cl9pbWcyLmpwZyAiIHdpZHRoPSI2NjAiIGhlaWdodD0iMTEwMCIgLz4KPGJyIC8+PGJyIC8+CjwvZGl2PgoKPGRpdiBjbGFzcz0iZ29vZHNfMTMwNV8wNCI+CiAgICAgCjxkaXYgY2xhc3M9InRhbnBpbl9sZWZ0Ij4KPGEgaHJlZj0iaHR0cDovL2l0ZW0ucmFrdXRlbi5jby5qcC92aWVhbmdlL2xzcjAzMDlkcHN0ci8gIj4KPGltZyBzcmM9Imh0dHA6Ly9pbWFnZS5yYWt1dGVuLmNvLmpwL3ZpZWFuZ2UvY2FiaW5ldC9sb3ZlcnNfc2NlbmUvbHNyL2xzcjAzMDlkcHN0cl90YW5waW4uanBnIiB3aWR0aD0iMjM1IiBoZWlnaHQ9IjIzNSIgY2xhc3M9ImltZzIwIiAvPjwvYT4KICAgICAgIDxwPuODrOODh+OCo+ODvOOCueOCt+ODq+ODkOODvOODquODs+OCsO+8iOODgOOCpOODpOODouODs+ODieWFpeOCiu+8iTxiciAvPgogICAgICAg57SENC4wbW3Dl+e0hDIuMG1t77yI5bmFw5fljprjgb/vvIk8L3A+CjwvZGl2PgogICAgCjxkaXYgY2xhc3M9InRhbnBpbl9yaWdodCI+CjxhIGhyZWY9Imh0dHA6Ly9pdGVtLnJha3V0ZW4uY28uanAvdmllYW5nZS9sc3IwMzA5ZHRyLyAiPgo8aW1nIHNyYz0iaHR0cDovL2ltYWdlLnJha3V0ZW4uY28uanAvdmllYW5nZS9jYWJpbmV0L2xvdmVyc19zY2VuZS9sc3IvbHNyMDMwOWR0cl90YW5waW4uanBnIiB3aWR0aD0iMjM1IiBoZWlnaHQ9IjIzNSIgY2xhc3M9ImltZzIwIiAvPjwvYT4KICAgICAgPHA+44Oh44Oz44K644K344Or44OQ44O844Oq44Oz44Kw77yI44OA44Kk44Ok44Oi44Oz44OJ5YWl44KK77yJPGJyIC8+CiAgICAgIOe0hDQuMG1tw5fntIQyLjBtbe+8iOW5hcOX5Y6a44G/77yJCiAgICAgICA8L3A+CjwvZGl2Pgo8L2Rpdj4KCgo8aW1nIHNyYz0iaHR0cDovL2ltYWdlLnJha3V0ZW4uY28uanAvdmllYW5nZS9jYWJpbmV0L3BhcnRzL2xzcjA2NTBfMzkuZ2lmIiBjbGFzcz0iaW1nMjAiIC8+CiAgPHAgY2xhc3M9ImltZzE1Ij7jg6rjg7PjgrDjgpLnnYDjgZHjgojjgYbjgajogIPjgYjjgabjgYTjgovmjIfjga7kuIDnlarlpKrjgYTpg6jliIbjgavns7jjgarjganjgpLlt7vjgYTjgabjgIHvvJHlkajliIbjga7mvJTnv5Ljga7plbfjgZXjgpLlm7Pjgorjgb7jgZnjgII8YnIgLz4KICDjgZPjga7muKzjgormlrnjga/jgYLjgY/jgb7jgafnsKHmmJPnmoTjgaroqIjmuKzmlrnms5XjgafjgZnjga7jgafjgIHmraPnorrjgavjgrXjgqTjgrrjgpLmuKzjgovjgavjga/jgIHjgYrov5HjgY/jga7jgqLjgq/jgrvjgrXjg6rjg7zjgrfjg6fjg4Pjg5fjgarjganjgafjgIHjgI7jg6rjg7PjgrDjgrLjg7zjgrjjgI/jgpLkvb/nlKjjgZfjgaboqIjmuKzjgZfjgabkuIvjgZXjgYTjgII8L3A+CiAgPGltZyBzcmM9Imh0dHA6Ly9pbWFnZS5yYWt1dGVuLmNvLmpwL3ZpZWFuZ2UvY2FiaW5ldC9wYXJ0cy9sc3IwNjUwXzQxLmdpZiIgd2lkdGg9IjY2MCIgaGVpZ2h0PSIxNjciIGNsYXNzPSJpbWc2MCIgLz4KCjxkaXYgY2xhc3M9ImNhXzAxIj4KPGltZyBzcmM9Imh0dHA6Ly9pbWFnZS5yYWt1dGVuLmNvLmpwL3ZpZWFuZ2UvY2FiaW5ldC93cmFwcGluZy93cmFwcGluZ190aXRsZS5qcGciIGFsdD0i44Op44OD44OU44Oz44KwIj4KCjxicj48YnI+PGJyPgoKPHRhYmxlIGJvcmRlcj0iMCIgd2lkdGg9IjY2MHB4Ij4KPHRyPgo8dGQ+CjxpbWcgc3JjPSJodHRwOi8vaW1hZ2UucmFrdXRlbi5jby5qcC92aWVhbmdlL2NhYmluZXQvd3JhcHBpbmcvbHNfd3JhcF8wMV8xLmpwZyIgYWx0PSJMT1ZFUlMgU0NFTkUgIOmAmuW4uOODqeODg+ODlOODs+OCsCI+CjwvdGQ+Cjx0ZD4KPGltZyBzcmM9Imh0dHA6Ly9pbWFnZS5yYWt1dGVuLmNvLmpwL3ZpZWFuZ2UvY2FiaW5ldC93cmFwcGluZy9sc193cmFwXzAyLmpwZyIgYWx0PSJMT1ZFUlMgU0NFTkXjgIDjgqjjgrPjg6njg4Pjg5Tjg7PjgrAiPgo8L3RkPgo8dGQ+CjxhICBocmVmPSJodHRwOi8vaXRlbS5yYWt1dGVuLmNvLmpwL3ZpZWFuZ2UvYy8wMDAwMDAwNzgxLyI+PGltZyBzcmM9Imh0dHA6Ly9pbWFnZS5yYWt1dGVuLmNvLmpwL3ZpZWFuZ2UvY2FiaW5ldC93cmFwcGluZy9sc193cmFwXzAzLmpwZyIgYWx0PSJMT1ZFUlMgU0NFTkXjgIDjgrnjg5rjgrfjg6Pjg6vjg6njg4Pjg5Tjg7PjgrAiPjwvYT4KPC90ZD4KPC90cj4KPC90YWJsZT4KPGltZyBzcmM9Imh0dHA6Ly9pbWFnZS5yYWt1dGVuLmNvLmpwL3ZpZWFuZ2UvY2FiaW5ldC93cmFwcGluZy9raWtpbi5qcGciIGFsdD0i5aSp5L2/44Gu5Y215Z+66YeRIj4KCjxhICBocmVmPSJodHRwOi8vaXRlbS5yYWt1dGVuLmNvLmpwL3ZpZWFuZ2UvYy8wMDAwMDAwNzkxLyI+CjxpbWcgc3JjPSJodHRwOi8vaW1hZ2UucmFrdXRlbi5jby5qcC92aWVhbmdlL2NhYmluZXQvd3JhcHBpbmcvbHNfY2FyZC5qcGciIGFsdD0i44Oh44OD44K744O844K444Kr44O844OJIj48L2E+CgoKPGltZyAKc3JjPSJodHRwOi8vaW1hZ2UucmFrdXRlbi5jby5qcC92aWVhbmdlL2NhYmluZXQvY2FtcGFpZ24vbm9iZV9sc182NjAuanBnIiB3aWR0aD0iNjYwIiBoaWdodD0iMjAwIiBhbHQ9IkxPVkVSUyBTQ0VORSDjg47jg5njg6vjg4bjgqMiPjxicj48YnI+CjwvZGl2Pgo8Zm9udCBjb2xvcj0jNjk2OTY5IHNpemU9IjIiPgrjgJBMb3ZlcnMgU3NjZW5lIOOCt+ODq+ODkOODvOODquODs+OCsOOAkQoiVHJpbml0eSLjga7lkI3jgpLmjIHjgaRXRULpmZDlrprllYblk4HjgII8YnI+44Gd44KM44Ge44KM44Gu44Oq44Oz44Kw44Gr5bWM44KB44KLMuOBpOOBruiqleeUn+efs+OCkuiHqueUseOBq+OBiumBuOOBs+OBq+OBquOCi+OBk+OBqOOBjOOBp+OBjeOBvuOBmeOAgjxicj7jgZ3jgozjgZ7jgozjga7oqpXnlJ/nn7PjgavopovlrojjgonjgozjgZ/jgYrkuozkurrjga7jgIzpgYvlkb3jgI3jgajkuK3lpK7jga7jg4DjgqTjg6Tjg6Ljg7Pjg4njgYzosaHlvrTjgZnjgovjgIzmsLjpgaDjgI3jgajjgYzkuInkvY3kuIDkvZPjgajjgarjgorjgIHjgYrkuozkurrjga7jgYvjgZHjgYzjgYTjga7jgarjgYTmmYLplpPjgYzmsLjpgaDjgavntprjgY/jgZPjgajjgbjjga7npYjjgorjga7msJfmjIHjgaHjgpLjgqvjgr/jg4HjgavjgZfjgZ/jg5rjgqLjg6rjg7PjgrDjgafjgZnjgII8YnI+Cjxicj4K4pag57Sg5p2Q4pagPGJyPgrjgIDjgrfjg6vjg5Djg7wo44OU44Oz44Kv44Oh44OD44Kt77yJL+ODgOOCpOODpOODouODs+ODiSjOpjEuNe+9je+9je+8iTxicj4gCuOAgOiqleeUn+efs3gy77yI5ZCEzqYxLjPvvY3vvY3vvIk8YnI+IAo8cD7ilqDlpKfjgY3jgZXvvIhtbe+8ieKWoDxicj4K44CA57SENC4ww5fntIQyLjAo5bmFw5fljprjgb8pPGJyPjwvcD4KCjxwPuKWoOmHjemHj+KWoDxicj4K44CA57SEMi4yZzxicj48L3A+PC9mb250Pjxicj48YnI+Cgo8aW1nIHNyYz0iaHR0cDovL2ltYWdlLnJha3V0ZW4uY28uanAvdmllYW5nZS9jYWJpbmV0L3BhcnRzL2xzX2tva3Vpbi5qcGciIHdpZHRoPSI0MDAiIGhlaWdodD0iMzUiIGFsdD0i5Yi75Y2w44K144O844OT44K5IiAgLz4KCjxicj48YnI+Cgo8cD7jg6rjg7PjgrDjga7lhoXlgbTjgavjg6Hjg4Pjgrvjg7zjgrjjgoTjgYrlkI3liY3jgarjganjgpLliLvljbDjgZnjgovjgZPjgajjgYzjgafjgY3jgb7jgZnjgII8YnI+CuWIu+Wtl+apn+OCkuS9v+OBo+OBpuOCr+ODqeODleODiOODnuODs+OBjOaJi+S9nOalreOBpzHmloflrZcx5paH5a2X5LiB5a+n44Gr5Yi75Y2w6Ie044GX44G+44GZ44CCPC9wPgoKCjxicj4KCgrilqAmbmJzcDvliLvljbDntI3mnJ8mbmJzcDvilqA8YnI+CuODl+ODqeOCuee0hO+8kemAsemWkzxicj48YnI+CgrilqAmbmJzcDvliLvljbDmlpnph5EmbmJzcDvilqA8YnI+CuODquODs+OCsO+8keacrOOBq+OBpOOBjVwxLDU3Ne+8iOeojui+vO+8iTxicj48YnI+CgrilqAmbmJzcDvliLvljbDlj6/og73mloflrZfmlbAmbmJzcDvilqA8YnI+CjEx5paH5a2XPGJyPgrvvIjoqJjlj7fjgIHjgrnjg5rjg7zjgrnjgIHjg57jg7zjgq/jgarjganjgoLvvJHmloflrZfliIbjgajjgZfjgabjgqvjgqbjg7Pjg4jjgZXjgozjgb7jgZnjgILvvIk8YnI+PGJyPgoK4pagJm5ic3A75pu45L2TJm5ic3A74pagPGJyPgrjg5bjg63jg4Pjgq/kvZPvvIjkuLjjgrTjgrfjg4Pjgq/vvInjga7jgb88YnI+PGJyPgoKPGltZyBzcmM9Imh0dHA6Ly9pbWFnZS5yYWt1dGVuLmNvLmpwL3ZpZWFuZ2UvY2FiaW5ldC9wYXJ0cy90ZWJvcmlrb2t1aW4uanBnIiB3aWR0aD0iNDAwIiBoZWlnaHQ9IjQwMCIgYWx0PSLliLvljbDmm7jkvZPopovmnKwiICAvPgoKPGJyPjxicj48YnI+CgoKPHN0cm9uZz7ilqAmbmJzcDvliLvljbDjga7jgZTms6jmlofmlrnms5UmbmJzcDvilqA8L3N0cm9uZz48YnI+PGJyPgoK44OX44Or44OA44Km44Oz44O744Oh44OL44Ol44O844GL44KJ44CM5biM5pyb44GZ44KL44CN44KS44GK6YG444Gz44GP44Gg44GV44GE44CCPGJyPgrms6jmlofnlLvpnaLjga7jgIzjgYrlupfjgbjjga7jg6Hjg4Pjgrvjg7zjgrjjgI3mrITjgavliLvljbDlhoXlrrnjgpLjgZToqJjlhaXjgY/jgaDjgZXjgYTjgII8YnI+CuWVhuWTgeOCkjLlgIvku6XkuIrlkIzmmYLjgavjgYrosrfjgYTmsYLjgoHjgYTjgZ/jgaDjgYTjgZ/loLTlkIjjga/jgIHliLvljbDlr77osaHllYblk4HjgYzjgo/jgYvjgovjgojjgYbjgIHllYblk4Hnlarlj7fjgoLjgZTkvbXoqJjpoZjjgYTjgb7jgZnjgIIKPGJyPjxicj4KPGZvbnQgY29sb3I9IiNGRjAwMDAiPjxzdHJvbmc+44CQ6YeN6KaB44CRPGJyPuOBlOazqOaWh+eiuuiqjeW+jOOAgSDllYblk4Hku6Pph5HjgavliLvljbDmlpnjgpLliqDnrpfjgZfjgabjgZToq4vmsYLph5HpoY3jgpLlpInmm7TjgZXjgZvjgabjgYTjgZ/jgaDjgY3jgb7jgZnjgIIK5Yi75Y2w5paZ5Yqg566X5b6M44Gu44GU6KuL5rGC6YeR6aGN44Gr44Gk44GE44Gm44Gv44CB44GU5rOo5paH56K66KqN5b6M44Gr44GK6YCB44KK44GZ44KL44Oh44O844Or44KS44GU56K66KqN6aGY44GE44G+44GZ44CCPC9zdHJvbmc+PC9mb250PjwhLS3ilrzilrwg5bem5biv44Oq44Oz44Kv44GC44KKIOKWvOKWvC0tPgoKPGRpdiBpZD0iaGlkYXJpLW9iaSI+Cgo8c3R5bGU+CiNoaWRhcmktb2JpIHsKcG9zaXRpb246IGFic29sdXRlOwp0b3A6MHB4OwpsZWZ0OjEwcHg7CmJhY2tncm91bmQ6IHVybCgiaHR0cHM6Ly9pbWFnZS5yYWt1dGVuLmNvLmpwL3ZpZWFuZ2UvY2FiaW5ldC9jYW1wYWlnbi9zY2Jucl8wNTE1LmpwZyIpIHJlcGVhdC15IGxlZnQgdG9wIDsKfQojaGlkYXJpLW9iaSBhIHsKZGlzcGxheTogYmxvY2s7CmhlaWdodDo5MzAwcHg7Lyrjg5rjg7zjgrjlhajkvZPjga7pq5jjgZUqLwp3aWR0aDogMTQwcHg7LyrluK/jga7luYUqLwp9Cjwvc3R5bGU+Cgo8L2Rpdj4KCgoKPCEtLeKWvOKWvCDlt6bluK/jg6rjg7Pjgq/jgarjgZcg4pa84pa8LS0+CgoKCgo8IS0t4pa84pa8IOW3puW4r+ODquODs+OCr+OBquOBlyDilrzilrwtLT4KCjwhLS0KPHN0eWxlIHR5cGU9InRleHQvY3NzIj4KYm9keXsKYmFja2dyb3VuZC1pbWFnZTogdXJsKCJodHRwOi8vaW1hZ2UucmFrdXRlbi5jby5qcC92aWVhbmdlL2NhYmluZXQvY2FtcGFpZ24vYm5yXzEwMTIuanBnIik7CmJhY2tncm91bmQtcmVwZWF0OiByZXBlYXQteTsKYmFja2dyb3VuZC1hdHRhY2htZW50OiBzY3JvbGw7CmJhY2tncm91bmQtcG9zaXRpb246bGVmdAp9Cjwvc3R5bGU+Ci0tPgoKCgoKPHN0eWxlIHR5cGU9InRleHQvY3NzIj4KCi8qIOOBiuawl+OBq+WFpeOCiuWVhuWTgSAqLwoKI3Jha3V0ZW5MaW1pdGVkSWRfYXJvdW5kQ2FydCAjc2VydmljZVRhYmxlU21sIHRkLmZhdm9yaXRlIHsKCnBhZGRpbmctdG9wOiA1cHg7Cgp9CgojcmFrdXRlbkxpbWl0ZWRJZF9hcm91bmRDYXJ0IGRpdi5ib29rbWFya0FyZWEgZGl2LmJrbSB7Cgp3aWR0aDogMjkxcHggIWltcG9ydGFudDsKCmhlaWdodDozM3B4ICFpbXBvcnRhbnQ7CgpwYWRkaW5nOiAwcHggMHB4IDEwcHggMHB4ICFpbXBvcnRhbnQ7Cgp9CgojcmFrdXRlbkxpbWl0ZWRJZF9hcm91bmRDYXJ0IGRpdi5ib29rbWFya0FyZWEgZGl2LmJrbSBhLmFkZEJrbSB7Cgp3aWR0aDogMjkxcHggIWltcG9ydGFudDsKCmhlaWdodDozM3B4ICFpbXBvcnRhbnQ7Cgp9CgojcmFrdXRlbkxpbWl0ZWRJZF9hcm91bmRDYXJ0IGRpdi5ib29rbWFya0FyZWEgZGl2LmJrbSBhLmFkZEJrbSBzcGFuLmJrbVN0YXIgewoKZGlzcGxheTogaW5saW5lLWJsb2NrICFpbXBvcnRhbnQ7Cgp3aWR0aDogMjkxcHggIWltcG9ydGFudDsKCmhlaWdodDozM3B4ICFpbXBvcnRhbnQ7CgptYXJnaW46MHB4IDBweCAxMHB4IDBweCAhaW1wb3J0YW50OwoKYmFja2dyb3VuZDogdXJsKCJodHRwOi8vaW1hZ2UucmFrdXRlbi5jby5qcC92aWVhbmdlL2NhYmluZXQvYm5yX2Zhdml0ZW0uanBnIikgbm8tcmVwZWF0ICFpbXBvcnRhbnQ7Cgp9CgogCgovKiDjgYrmsJfjgavlhaXjgorjgrfjg6fjg4Pjg5cgKi8KCmRpdi5ib29rbWFya0FyZWEgewoKd2lkdGg6IDI5MXB4ICFpbXBvcnRhbnQ7Cgp9CgojcmFrdXRlbkxpbWl0ZWRJZF9hcm91bmRDYXJ0IGRpdi5zaG9wQm9va21hcmtBcmVhIGRpdi5zaG9wQmttIHsKCndpZHRoOiAyOTFweCAhaW1wb3J0YW50OwoKaGVpZ2h0OjMzcHggIWltcG9ydGFudDsKCnBhZGRpbmc6IDBweCAwcHggIWltcG9ydGFudDsKCnBhZGRpbmctbGVmdDogMHB4ICFpbXBvcnRhbnQ7Cgp9CgojcmFrdXRlbkxpbWl0ZWRJZF9hcm91bmRDYXJ0IGRpdi5zaG9wQm9va21hcmtBcmVhIGRpdi5zaG9wQmttIGEuYWRkU2hvcEJrbSBzcGFuLnNob3BCa21TdGFyIHsKCmRpc3BsYXk6IGlubGluZS1ibG9jayAhaW1wb3J0YW50OwoKd2lkdGg6IDI5MXB4ICFpbXBvcnRhbnQ7CgpoZWlnaHQ6MzNweCAhaW1wb3J0YW50OwoKbWFyZ2luLXJpZ2h0OiAwcHggIWltcG9ydGFudDsKCmJhY2tncm91bmQ6IHVybCgiaHR0cDovL2ltYWdlLnJha3V0ZW4uY28uanAvdmllYW5nZS9jYWJpbmV0L2Jucl9mYXZzaG9wLmpwZyIpIG5vLXJlcGVhdCAhaW1wb3J0YW50OwoKfQo8L3N0eWxlPgoKCgoKPGRpdiBpZD0icHJlc2VudF9iYXNlIiBjbGFzcz0iY2xlYXJmaXgiPgogICA8ZGl2IGNsYXNzPSJwcmVzZW50X2ltZyI+PGltZyBzcmM9Imh0dHA6Ly9pbWFnZS5yYWt1dGVuLmNvLmpwL3ZpZWFuZ2UvY2FiaW5ldC90bWcvZm9vdF9wcmUwMS5naWYiIGFsdD0i5aSn5YiH44Gq44GC44Gu5Lq644Gr57Sg5pW144Gq44OX44Os44K844Oz44OIIiB3aWR0aD0iMTk5IiBoZWlnaHQ9IjI5NSIgLz48L2Rpdj4KICAgPGRpdiBjbGFzcz0icHJlc2VudF90eHQiPjxwPuW9k+W6l+OBr+OAgeS6uuawl+OCouOCr+OCu+OCteODquODvOODluODqeODs+ODieOAjOWkqeS9v+OBruWNteOAjeOChOOAjOacquadpeWkqeS9v+OAjeOCkuOBr+OBmOOCgeOAgeiqleeUn+efs+OBruODmuODs+ODgOODs+ODiOOChOODquODs+OCsOOBquOBqeOAgeODl+ODrOOCvOODs+ODiOOBq+ODlOODg+OCv+ODquOBquOCouOCr+OCu+OCteODquODvOOCkuWPluaJseOBhumAmuiyqeOCt+ODp+ODg+ODl+OBp+OBmeOAgjwvcD48YnIgLz4K44CM5YSq44GX44GE5YWJ44Gr44Gk44Gk44G+44KM44KL5rC46YGg44Gu5ZG944CN44KS6KGo54++44GX44Gf44Kz44Oz44K744OX44OI44K444Ol44Ko44Oq44O844CM5pyq5p2l5aSp5L2/44CN44Gv5pyq5p2l44Gr5ZCR44GR44Gm6Lyd44GR44KL5ZG944Gu44GZ44Gw44KJ44GX44GV44KS5aSa5b2p44Gq44OG44O844Oe44O744OH44K244Kk44Oz44Gn6KGo54++44GX44Gm44GE44G+44GZ44CCPGJyIC8+CuOBneOCk+OBquacquadpeWkqeS9v+OBi+OCieOBruODl+ODrOOCvOODs+ODiOOBqOOBhOOBhuOCs+ODs+OCu+ODl+ODiOOBp+S9nOOCieOCjOOBn+OAjOWkqeS9v+OBruWNteOAjeOBr+OAgeOAjOiqleeUn+OBruWWnOOBs+OAjeOChOOAjOeUn+OBjeOCi+OBk+OBqOOBruaEn+WLleOBqOiznuizm+OAjeOCkuODhuODvOODnuOBqOOBl+OBpuWJteOCieOCjOOAgeWNteOBqOe+veOBruODkOODqeODs+OCueOBruiJr+OBhOOChOOBleOBl+OBhOODh+OCtuOCpOODs+OBjOaEm+OBleOCjOOBpuOBhOOCi+ODreODs+OCsOOCu+ODqeODvOOBruS6uuawl+OCouOCr+OCu+OCteODquODvOOBp+OBmeOAguaYr+mdnuOAgeWkp+WIh+OBquS6uuOBuOOBruODl+ODrOOCvOODs+ODiOetieOBq+OCguOBlOa0u+eUqOS4i+OBleOBhO+8gTwvZGl2Pgo8L2Rpdj4KCgoKCgo8IS0t4pa84pa84pa844Os44OT44Ol44O844O75rOo5paH54q25rOB4pa84pa84pa8LS0+ICAgCgogICAgICAgICAgICA8aDI+PGltZyBzcmM9Imh0dHA6Ly93d3cucmFrdXRlbi5uZS5qcC9nb2xkL3ZpZWFuZ2UvaW1nL3RpdGxlXzA2LmpwZyIgYWx0PSLjg6zjg5Pjg6Xjg7wiIHdpZHRoPSI2ODgiIGhlaWdodD0iNzAiIC8+PC9oMj4KICAgICAgICAgICAgPGJyPjxicj4KICAKCSAgPGJyPiA8YnI+IDxicj4gCiAgICAgICAgICAgICAgICAgIDxoMj48aW1nIHNyYz0iaHR0cDovL3d3dy5yYWt1dGVuLm5lLmpwL2dvbGQvdmllYW5nZS9pbWcvdGl0bGVfMDcuanBnIiBhbHQ9IuazqOaWh+eKtuazgSIgd2lkdGg9IjY4OCIgaGVpZ2h0PSI3MCIgLz48L2gyPgogICAgICAgICAgICAgICAgICAgICAgICAgICAgICA8YnI+IDxicj4gCjxicj4gPGJyPiA8YnI+,44CQ5Yi75Y2w5a++5b+c44CR4peGTE9WRVJTIFNDRU5FIOODqeODkOODvOOCuuOCt+ODvOODs+KXhuOCt+ODq+ODkOODvOODquODs+OCsOOAkExTUjAzMDlEUFNUUuOAkeOAkOOCt+ODq+ODkOODvOODquODs+OCsCDjg5rjgqLjg6rjg7PjgrAg44Oa44KiIOaMh+i8qiDjg6zjg4fjgqPjg7zjgrkg44Kv44Ot44K544Op44Kk44OzIOiqleeUn+efsyDjg5fjg6zjgrzjg7Pjg4gg44Oq44Oz44KwIOOCt+ODq+ODkOODvCDjgqLjgq/jgrvjgrXjg6rjg7wg44K444Ol44Ko44Oq44O8IOWkqeeEtuefsyDjgq7jg5Xjg4ggIOOBi+OCj+OBhOOBhOOAkSAg5q+N44Gu5pelIOOCt+ODs+ODl+ODq++8muWkqeS9v+OBruWNtSB3aXRoIExPVkVSUyBTQ0VORQ==,5aSp5L2/44Gu5Y215pyq5p2l5aSp5L2/44K544Oa44O844K544Kv44Oq44Ko44O844K/44O844K444Ol44Ko44Oq44O844K344Or44OQ44O844Ki44Kv44K744K144Oq44O844OU44Oz44Kv44K344Or44OQ44O844ON44OD44Kv44Os44K555u05Za25bqX44Kv44Oq44K544Oe44K56ZmQ5a6a44Oa44Oz44OA44Oz44OI5oyH6Lyq44OU44Ki44K544OX44Os44K844Oz44OI44OZ44OT44O844K544OX44O844Oz44Os44OH44Kj44O844K544Op44OQ44O844K644K344O844Oz57WQ5ama5oyH6Lyq44Oa44Ki44Oq44Oz44Kw6KqV55Sf55+z44CQ5Yi75Y2w5a++5b+c44CR4peGTE9WRVJTIFNDRU5FIOODqeODkOODvOOCuuOCt+ODvOODs+KXhuOCt+ODq+ODkOODvOODquODs+OCsOOAkExTUjAzMDlEUFNUUuOAkeOAkOOCt+ODq+ODkOODvOODquODs+OCsCDjg5rjgqLjg6rjg7PjgrAg44Oa44KiIOaMh+i8qiDjg6zjg4fjgqPjg7zjgrkg44Kv44Ot44K544Op44Kk44OzIOiqleeUn+efsyDjg5fjg6zjgrzjg7Pjg4gg44Oq44Oz44KwIOOCt+ODq+ODkOODvCDjgqLjgq/jgrvjgrXjg6rjg7wg44K444Ol44Ko44Oq44O8IOWkqeeEtuefsyDjgq7jg5Xjg4ggIOOBi+OCj+OBhOOBhOOAkSAg5q+N44Gu5pelIOOCt+ODs+ODl+ODqw==,44GK5aW944GN44Gq6KqV55Sf55+z44KSMuOBpOOBiumBuOOBs+OBhOOBn+OBoOOBkeOBvuOBmeKYhuOAguOAkOWIu+WNsOWvvuW/nOOAkeKXhkxPVkVSUyBTQ0VORSDjg6njg5Djg7zjgrrjgrfjg7zjg7Pil4bjgrfjg6vjg5Djg7zjg6rjg7PjgrDjgJBMU1IwMzA5RFBTVFLjgJHjgJDjgrfjg6vjg5Djg7zjg6rjg7PjgrAg44Oa44Ki44Oq44Oz44KwIOODmuOCoiDmjIfovKog44Os44OH44Kj44O844K5IOOCr+ODreOCueODqeOCpOODsyDoqpXnlJ/nn7Mg44OX44Os44K844Oz44OIIOODquODs+OCsCDjgrfjg6vjg5Djg7wg44Ki44Kv44K744K144Oq44O8IOOCuOODpeOCqOODquODvCDlpKnnhLbnn7Mg44Ku44OV44OIICDjgYvjgo/jgYTjgYTjgJEgIOavjeOBruaXpSDjgrfjg7Pjg5fjg6s=[rn]
39-1031,aHR0cDovL3RzaG9wLnIxMHMuanAvdmllYW5nZS9jYWJpbmV0L2xvdmVyc19zY2VuZS9sc3IvbHNyMDA3N2Rwa3JtLmpwZz9maXRpbj03MDA6NzAw,ODY0MC4wMDAw,,44K444Ol44Ko44Oq44O844O744Ki44Kv44K744K144Oq44O8ID4g44Os44OH44Kj44O844K544K444Ol44Ko44Oq44O844O744Ki44Kv44K744K144Oq44O8ID4g5oyH6Lyq44O744Oq44Oz44Kw,44CQ5Yi75Y2w5a++5b+c44CR4peGTE9WRVJTIFNDRU5FIOODqeODkOODvOOCuuOCt+ODvOODs+KXhuOCt+ODq+ODkOODvOODquODs+OCsO+8iOODrOODh+OCo+ODvOOCue+8ieOAkExTUjAwNzdEUEtSTeOAkeOAkOOCt+ODq+ODkOODvOODquODs+OCsCDjg5rjgqLjg6rjg7PjgrAg44Oa44KiIOaMh+i8qiDjg4DjgqTjg6Tjg6Ljg7Pjg4kg44OU44Oz44Kv44K044O844Or44OJ5Yi75Y2w5a++5b+cIOODl+ODrOOCvOODs+ODiCDjg6rjg7PjgrAg5Yi75Y2wIOOCt+ODq+ODkOODvCDjgrjjg6Xjgqjjg6rjg7wg44OA44Kk44OkIOOBi+OCj+OBhOOBhOOAkSAg5q+N44Gu5pelIOOCt+ODs+ODl+ODqw==,77yS44OI44O844Oz44Kr44Op44O844GM5Y2w6LGh55qE44Gq44Oq44Oz44Kw4piGIOODgOOCpOODpOODouODs+ODiSDliLvljbDlr77lv5w=,PGNlbnRlcj48YSBocmVmPSJodHRwczovL215LmJvb2ttYXJrLnJha3V0ZW4uY28uanAvP2Z1bmM9cmVnJnN2aWQ9MTAxJnNob3BfYmlkPTIwMzk0NyZpaWQ9MTAwMDA5MjgmaXR5cGU9MSB0YXJnZXQ9X2JsYW5rIj48aW1nIHNyYz0iaHR0cDovL2ltYWdlLnJha3V0ZW4uY28uanAvdmllYW5nZS9jYWJpbmV0L3BfYm5yX2Zhdml0ZW0uanBnIiBib3JkZXI9IjAiIHdpZHRoPSI2NjAiIGhlaWdodD0iMTMwIj48L2E+PC9jZW50ZXI+PGJyPjxicj48ZGl2IGlkPSJkZXRhaWxfYmFzZTIiPgo8aW1nIHNyYz0iaHR0cDovL2ltYWdlLnJha3V0ZW4uY28uanAvdmllYW5nZS9jYWJpbmV0L2NhbXBhaWduL2xzX3BjX3Rva3V0ZW4uanBnImFsdD0iTE9WRVJTIFNDRU5FIOOCreODo+ODs+ODmuODvOODsyI+PGJyPjxicj4KIAo8aW1nIHNyYz0iaHR0cDovL2ltYWdlLnJha3V0ZW4uY28uanAvdmllYW5nZS9jYWJpbmV0L2xvdmVyc19zY2VuZS9sc3IvbHNyMDA3N19pbWFnZS5qcGciIHdpZHRoPSI2NjAiIGhlaWdodD0iMzYwIiAvPgo8YnIgLz48YnIgLz4KCjxpbWcgc3JjPSJodHRwOi8vaW1hZ2UucmFrdXRlbi5jby5qcC92aWVhbmdlL2NhYmluZXQvbG92ZXJzX3NjZW5lL2xzci9sc3IwMDc3X2ltYWdlMi5qcGciIHdpZHRoID0iNjYwIiBoZWlnaHQ9IjEwODAiIC8+CjxiciAvPjxiciAvPgo8L2Rpdj4KCjxkaXYgY2xhc3M9InNwX2dvb2RzXzEzMDVfMDkiPgoKICAgICAKICA8ZGl2IGNsYXNzPSJzcF90YW5waW5fbGVmdCI+CjxhIGhyZWY9Imh0dHA6Ly9pdGVtLnJha3V0ZW4uY28uanAvdmllYW5nZS9sc3IwMDc3ZHBrcm0tZGJrcm0vIj4KPGltZyBzcmM9IiBodHRwOi8vaW1hZ2UucmFrdXRlbi5jby5qcC92aWVhbmdlL2NhYmluZXQvbG92ZXJzX3NjZW5lL2xzci9sc3IwMDc3X3BhaXIuanBnIiB3aWR0aD0iMjM1IiBoZWlnaHQ9IjIzNSIgY2xhc3M9ImltZzIwIiAvPjwvYT4gICAgICAgCjxwPuOCt+ODq+ODkOODvOODmuOCouODquODs+OCsO+8iOODgOOCpOODpOODouODs+ODieWFpeOCiu+8iTxiciAvPgogICAgICAg57SEMy44bW3Dl+e0hDEuNm1t77yI5bmFw5fljprjgb/vvIk8L3A+CjwvZGl2PgogICAgCjxkaXYgY2xhc3M9InNwX3RhbnBpbl9yaWdodCI+CjxhIGhyZWY9IiBodHRwOi8vaXRlbS5yYWt1dGVuLmNvLmpwL3ZpZWFuZ2UvbHNyMDA3N2Ria3JtLyI+CjxpbWcgc3JjPSJodHRwOi8vaW1hZ2UucmFrdXRlbi5jby5qcC92aWVhbmdlL2NhYmluZXQvbG92ZXJzX3NjZW5lL2xzci9sc3IwMDc3X3RhbnBpbl9tZW5zLmpwZyIgd2lkdGg9IjIzNSIgaGVpZ2h0PSIyMzUiIGNsYXNzPSJpbWcyMCIgLz48L2E+CjxwPuODoeODs+OCuuOCt+ODq+ODkOODvOODquODs+OCsO+8iOODgOOCpOODpOODouODs+ODieWFpeOCiu+8iTxiciAvPgogICAgICDntIQzLjhtbcOX57SEMS42bW3vvIjluYXDl+WOmuOBv++8iQogICAgICAgPC9wPgo8L2Rpdj4KPC9kaXY+CgoKICA8aW1nIHNyYz0iaHR0cDovL2ltYWdlLnJha3V0ZW4uY28uanAvdmllYW5nZS9jYWJpbmV0L3BhcnRzL2xzcjA2NTBfMzkuZ2lmIiBjbGFzcz0iaW1nMjAiIC8+CiAgPHAgY2xhc3M9ImltZzE1Ij7jg6rjg7PjgrDjgpLnnYDjgZHjgojjgYbjgajogIPjgYjjgabjgYTjgovmjIfjga7kuIDnlarlpKrjgYTpg6jliIbjgavns7jjgarjganjgpLlt7vjgYTjgabjgIHvvJHlkajliIbjga7mvJTnv5Ljga7plbfjgZXjgpLlm7Pjgorjgb7jgZnjgII8YnIgLz4KICDjgZPjga7muKzjgormlrnjga/jgYLjgY/jgb7jgafnsKHmmJPnmoTjgaroqIjmuKzmlrnms5XjgafjgZnjga7jgafjgIHmraPnorrjgavjgrXjgqTjgrrjgpLmuKzjgovjgavjga/jgIHjgYrov5HjgY/jga7jgqLjgq/jgrvjgrXjg6rjg7zjgrfjg6fjg4Pjg5fjgarjganjgafjgIHjgI7jg6rjg7PjgrDjgrLjg7zjgrjjgI/jgpLkvb/nlKjjgZfjgaboqIjmuKzjgZfjgabkuIvjgZXjgYTjgII8L3A+CiAgPGltZyBzcmM9Imh0dHA6Ly9pbWFnZS5yYWt1dGVuLmNvLmpwL3ZpZWFuZ2UvY2FiaW5ldC9wYXJ0cy9sc3IwNjUwXzQxLmdpZiIgd2lkdGg9IjY2MCIgaGVpZ2h0PSIxNjciIGNsYXNzPSJpbWc2MCIgLz4KCjxkaXYgY2xhc3M9ImNhXzAxIj4KPGltZyBzcmM9Imh0dHA6Ly9pbWFnZS5yYWt1dGVuLmNvLmpwL3ZpZWFuZ2UvY2FiaW5ldC93cmFwcGluZy93cmFwcGluZ190aXRsZS5qcGciIGFsdD0i44Op44OD44OU44Oz44KwIj4KCjxicj48YnI+PGJyPgoKPHRhYmxlIGJvcmRlcj0iMCIgd2lkdGg9IjY2MHB4Ij4KPHRyPgo8dGQ+CjxpbWcgc3JjPSJodHRwOi8vaW1hZ2UucmFrdXRlbi5jby5qcC92aWVhbmdlL2NhYmluZXQvd3JhcHBpbmcvbHNfd3JhcF8wMV8xLmpwZyIgYWx0PSJMT1ZFUlMgU0NFTkUgIOmAmuW4uOODqeODg+ODlOODs+OCsCI+CjwvdGQ+Cjx0ZD4KPGltZyBzcmM9Imh0dHA6Ly9pbWFnZS5yYWt1dGVuLmNvLmpwL3ZpZWFuZ2UvY2FiaW5ldC93cmFwcGluZy9sc193cmFwXzAyLmpwZyIgYWx0PSJMT1ZFUlMgU0NFTkXjgIDjgqjjgrPjg6njg4Pjg5Tjg7PjgrAiPgo8L3RkPgo8dGQ+CjxhICBocmVmPSJodHRwOi8vaXRlbS5yYWt1dGVuLmNvLmpwL3ZpZWFuZ2UvYy8wMDAwMDAwNzgxLyI+PGltZyBzcmM9Imh0dHA6Ly9pbWFnZS5yYWt1dGVuLmNvLmpwL3ZpZWFuZ2UvY2FiaW5ldC93cmFwcGluZy9sc193cmFwXzAzLmpwZyIgYWx0PSJMT1ZFUlMgU0NFTkXjgIDjgrnjg5rjgrfjg6Pjg6vjg6njg4Pjg5Tjg7PjgrAiPjwvYT4KPC90ZD4KPC90cj4KPC90YWJsZT4KPGltZyBzcmM9Imh0dHA6Ly9pbWFnZS5yYWt1dGVuLmNvLmpwL3ZpZWFuZ2UvY2FiaW5ldC93cmFwcGluZy9raWtpbi5qcGciIGFsdD0i5aSp5L2/44Gu5Y215Z+66YeRIj4KCjxhICBocmVmPSJodHRwOi8vaXRlbS5yYWt1dGVuLmNvLmpwL3ZpZWFuZ2UvYy8wMDAwMDAwNzkxLyI+CjxpbWcgc3JjPSJodHRwOi8vaW1hZ2UucmFrdXRlbi5jby5qcC92aWVhbmdlL2NhYmluZXQvd3JhcHBpbmcvbHNfY2FyZC5qcGciIGFsdD0i44Oh44OD44K744O844K444Kr44O844OJIj48L2E+CgoKPGltZyAKc3JjPSJodHRwOi8vaW1hZ2UucmFrdXRlbi5jby5qcC92aWVhbmdlL2NhYmluZXQvY2FtcGFpZ24vbm9iZV9sc182NjAuanBnIiB3aWR0aD0iNjYwIiBoaWdodD0iMjAwIiBhbHQ9IkxPVkVSUyBTQ0VORSDjg47jg5njg6vjg4bjgqMiPjxicj48YnI+CjwvZGl2Pgo8VEFCTEUgYm9yZGVyPSIwIiB3aWR0aD0iMzkwIj4KICA8VEJPRFk+CiAgICA8VFI+CiAgICAgIDxURD4KCjxmb250IGNvbG9yPSM2OTY5Njkgc2l6ZT0iMiI+CuODgOOCpOODpOOCkuaMn+OCgOOCiOOBhuOBq+OAkE15IGhlYXJ0IGJlbG9uZ3MgdG8geW9144CRCuOBruWIu+WNsOWFpeOCiuOAgjxicj7jg5Tjg7Pjgq/jgajjgrfjg6vjg5Djg7zjga7vvJLjg4jjg7zjg7PjgYwK5Y2w6LGh55qE44Gq44Oq44Oz44Kw44CCCgo8cD7ilqDntKDmnZDilqA8YnI+ClNWOTI177yI5LiA6YOo44OU44Oz44Kv44K044O844Or44OJ44Oh44OD44Kt77yJPGJyPgrjg4DjgqTjg6Tjg6Ljg7Pjg4k8L3A+Cgo8cD7ilqDlpKfjgY3jgZXvvIhtbe+8ieKWoDxicj4K5bmF57SEMy44w5fljprjgb/ntIQxLjY8L3A+Cgo8cD7ilqDph43ph4/ilqA8YnI+Cue0hDMuOGc8L3A+Cgo8cD7ilqDliLvljbDlj6/og73mloflrZfmlbDilqA8YnI+CjE15paH5a2XPC9wPgoK4oC744K144Kk44K644O76YeN6YeP44Gv5aSa5bCR44Gu5YCL5L2T5beu44GM5Ye644G+44GZ4oC7IAo8L3A+PC9mb250PgogICAgICA8L1REPgogICAgPC9UUj4KICA8L1RCT0RZPgo8L1RBQkxFPgoKPGJyPgoKPGZvbnQgY29sb3I9ImZmMDAwMCI+PGI+44GT44Gu44Oq44Oz44Kw44Gv5aWH5pWw44K144Kk44K644Gu44G/44Gu44GK5Y+W44KK5omx44GE44Gn44GZ44CCPGJyPgrjgb7jgZ/jgIHjgrXjgqTjgrrnm7TjgZfjgoLlh7rmnaXjgb7jgZvjgpPjga7jgafjgIHjgrXjgqTjgrrjgpLjgojjgY/jgYrnorrjgYvjgoHjga7kuIrjgZTms6jmlofkuIvjgZXjgYTjgII8L2I+PC9mb250Pjxicj4KPGJyPgo8YnI+CjxjZW50ZXI+CjxpbWcgc3JjPSJodHRwOi8vaW1hZ2UucmFrdXRlbi5jby5qcC92aWVhbmdlL2NhYmluZXQvcGFydHMva29rdWluX3IuanBnIj48YnI+Cjxicj4KPHRhYmxlIGJvcmRlcj0iMCIgY2VsbHNwYWNpbmc9IjAiIGNlbGxwYWRkaW5nPSI3Ij4KPHRyPjx0ZCBhbGlnbj0iY2VudGVyIiBiZ2NvbG9yPSIjQ0NDQ0ZGIj4KPGI+PGZvbnQgY29sb3I9IiNGRjMzNjYiIHNpemU9IjQiPuWPr+iDveaWh+Wtl+aVsOOBrzE15paH5a2X44Gn44GZ44CCPGJyPgrih5Lmm7jkvZPopovmnKzjga/jgZPjgaHjgok8L2ZvbnQ+PC9iPgo8L3RkPjwvdHI+Cjx0cj48dGQgYmdjb2xvcj0iI0ZGQ0M2NiI+PGNlbnRlcj48Zm9udCBzaXplPSIyImNvbG9yPSIjMDAwMEZGIj48Yj7il4bjgZTms6jmlofmlrnms5Xil4Y8L2I+PC9mb250PjwvY2VudGVyPgo8Zm9udCBzaXplPSIyIiBjb2xvcj0iIzRmNGY0ZiI+6YG45oqe6IKiPGZvbnQgY29sb3I9IiNGRjAwMDAiPuOAjOethuiomOS9k+OAjTwvZm9udD7jgYvjgIw8Zm9udCBjb2xvcj0iI0ZGMDAwMCI+44OW44Ot44OD44Kv5L2T44CNPC9mb250PuOCkumBuOOBs+OAgQrms6jmlofnlLvpnaLjga7jgIw8Zm9udCBjb2xvcj0iI0ZGMDAwMCI+44GK5bqX44G444Gu44Oh44OD44K744O844K444CNPC9mb250PuashOOBqzxicj4K5Yi75Y2w5YaF5a6544KS44GK5pu444GN5LiL44GV44GE44CCPGJyPgoK5paZ6YeR44Gv44CB44K544K/44OD44OV56K66KqN5b6M44Gr44GK6YCB44KK44GZ44KLCuOCteODs+OCr+OCueODoeODvOODq+OBq+OBpuWPjeaYoOOBleOCjOOBvuOBmeOAgjwvZm9udD4KPC90ZD48L3RyPgo8L3RhYmxlPgo8YnI+Cjxicj4KCgo8L2NlbnRlcj48IS0t4pa84pa8IOW3puW4r+ODquODs+OCr+OBguOCiiDilrzilrwtLT4KCjxkaXYgaWQ9ImhpZGFyaS1vYmkiPgoKPHN0eWxlPgojaGlkYXJpLW9iaSB7CnBvc2l0aW9uOiBhYnNvbHV0ZTsKdG9wOjBweDsKbGVmdDoxMHB4OwpiYWNrZ3JvdW5kOiB1cmwoImh0dHBzOi8vaW1hZ2UucmFrdXRlbi5jby5qcC92aWVhbmdlL2NhYmluZXQvY2FtcGFpZ24vc2NibnJfMDUxNS5qcGciKSByZXBlYXQteSBsZWZ0IHRvcCA7Cn0KI2hpZGFyaS1vYmkgYSB7CmRpc3BsYXk6IGJsb2NrOwpoZWlnaHQ6OTMwMHB4Oy8q44Oa44O844K45YWo5L2T44Gu6auY44GVKi8Kd2lkdGg6IDE0MHB4Oy8q5biv44Gu5bmFKi8KfQo8L3N0eWxlPgoKPC9kaXY+CgoKCjwhLS3ilrzilrwg5bem5biv44Oq44Oz44Kv44Gq44GXIOKWvOKWvC0tPgoKCgoKPCEtLeKWvOKWvCDlt6bluK/jg6rjg7Pjgq/jgarjgZcg4pa84pa8LS0+Cgo8IS0tCjxzdHlsZSB0eXBlPSJ0ZXh0L2NzcyI+CmJvZHl7CmJhY2tncm91bmQtaW1hZ2U6IHVybCgiaHR0cDovL2ltYWdlLnJha3V0ZW4uY28uanAvdmllYW5nZS9jYWJpbmV0L2NhbXBhaWduL2Jucl8xMDEyLmpwZyIpOwpiYWNrZ3JvdW5kLXJlcGVhdDogcmVwZWF0LXk7CmJhY2tncm91bmQtYXR0YWNobWVudDogc2Nyb2xsOwpiYWNrZ3JvdW5kLXBvc2l0aW9uOmxlZnQKfQo8L3N0eWxlPgotLT4KCgoKCjxzdHlsZSB0eXBlPSJ0ZXh0L2NzcyI+CgovKiDjgYrmsJfjgavlhaXjgorllYblk4EgKi8KCiNyYWt1dGVuTGltaXRlZElkX2Fyb3VuZENhcnQgI3NlcnZpY2VUYWJsZVNtbCB0ZC5mYXZvcml0ZSB7CgpwYWRkaW5nLXRvcDogNXB4OwoKfQoKI3Jha3V0ZW5MaW1pdGVkSWRfYXJvdW5kQ2FydCBkaXYuYm9va21hcmtBcmVhIGRpdi5ia20gewoKd2lkdGg6IDI5MXB4ICFpbXBvcnRhbnQ7CgpoZWlnaHQ6MzNweCAhaW1wb3J0YW50OwoKcGFkZGluZzogMHB4IDBweCAxMHB4IDBweCAhaW1wb3J0YW50OwoKfQoKI3Jha3V0ZW5MaW1pdGVkSWRfYXJvdW5kQ2FydCBkaXYuYm9va21hcmtBcmVhIGRpdi5ia20gYS5hZGRCa20gewoKd2lkdGg6IDI5MXB4ICFpbXBvcnRhbnQ7CgpoZWlnaHQ6MzNweCAhaW1wb3J0YW50OwoKfQoKI3Jha3V0ZW5MaW1pdGVkSWRfYXJvdW5kQ2FydCBkaXYuYm9va21hcmtBcmVhIGRpdi5ia20gYS5hZGRCa20gc3Bhbi5ia21TdGFyIHsKCmRpc3BsYXk6IGlubGluZS1ibG9jayAhaW1wb3J0YW50OwoKd2lkdGg6IDI5MXB4ICFpbXBvcnRhbnQ7CgpoZWlnaHQ6MzNweCAhaW1wb3J0YW50OwoKbWFyZ2luOjBweCAwcHggMTBweCAwcHggIWltcG9ydGFudDsKCmJhY2tncm91bmQ6IHVybCgiaHR0cDovL2ltYWdlLnJha3V0ZW4uY28uanAvdmllYW5nZS9jYWJpbmV0L2Jucl9mYXZpdGVtLmpwZyIpIG5vLXJlcGVhdCAhaW1wb3J0YW50OwoKfQoKIAoKLyog44GK5rCX44Gr5YWl44KK44K344On44OD44OXICovCgpkaXYuYm9va21hcmtBcmVhIHsKCndpZHRoOiAyOTFweCAhaW1wb3J0YW50OwoKfQoKI3Jha3V0ZW5MaW1pdGVkSWRfYXJvdW5kQ2FydCBkaXYuc2hvcEJvb2ttYXJrQXJlYSBkaXYuc2hvcEJrbSB7Cgp3aWR0aDogMjkxcHggIWltcG9ydGFudDsKCmhlaWdodDozM3B4ICFpbXBvcnRhbnQ7CgpwYWRkaW5nOiAwcHggMHB4ICFpbXBvcnRhbnQ7CgpwYWRkaW5nLWxlZnQ6IDBweCAhaW1wb3J0YW50OwoKfQoKI3Jha3V0ZW5MaW1pdGVkSWRfYXJvdW5kQ2FydCBkaXYuc2hvcEJvb2ttYXJrQXJlYSBkaXYuc2hvcEJrbSBhLmFkZFNob3BCa20gc3Bhbi5zaG9wQmttU3RhciB7CgpkaXNwbGF5OiBpbmxpbmUtYmxvY2sgIWltcG9ydGFudDsKCndpZHRoOiAyOTFweCAhaW1wb3J0YW50OwoKaGVpZ2h0OjMzcHggIWltcG9ydGFudDsKCm1hcmdpbi1yaWdodDogMHB4ICFpbXBvcnRhbnQ7CgpiYWNrZ3JvdW5kOiB1cmwoImh0dHA6Ly9pbWFnZS5yYWt1dGVuLmNvLmpwL3ZpZWFuZ2UvY2FiaW5ldC9ibnJfZmF2c2hvcC5qcGciKSBuby1yZXBlYXQgIWltcG9ydGFudDsKCn0KPC9zdHlsZT4KCgoKCjxkaXYgaWQ9InByZXNlbnRfYmFzZSIgY2xhc3M9ImNsZWFyZml4Ij4KICAgPGRpdiBjbGFzcz0icHJlc2VudF9pbWciPjxpbWcgc3JjPSJodHRwOi8vaW1hZ2UucmFrdXRlbi5jby5qcC92aWVhbmdlL2NhYmluZXQvdG1nL2Zvb3RfcHJlMDEuZ2lmIiBhbHQ9IuWkp+WIh+OBquOBguOBruS6uuOBq+e0oOaVteOBquODl+ODrOOCvOODs+ODiCIgd2lkdGg9IjE5OSIgaGVpZ2h0PSIyOTUiIC8+PC9kaXY+CiAgIDxkaXYgY2xhc3M9InByZXNlbnRfdHh0Ij48cD7lvZPlupfjga/jgIHkurrmsJfjgqLjgq/jgrvjgrXjg6rjg7zjg5bjg6njg7Pjg4njgIzlpKnkvb/jga7ljbXjgI3jgoTjgIzmnKrmnaXlpKnkvb/jgI3jgpLjga/jgZjjgoHjgIHoqpXnlJ/nn7Pjga7jg5rjg7Pjg4Djg7Pjg4jjgoTjg6rjg7PjgrDjgarjganjgIHjg5fjg6zjgrzjg7Pjg4jjgavjg5Tjg4Pjgr/jg6rjgarjgqLjgq/jgrvjgrXjg6rjg7zjgpLlj5bmibHjgYbpgJrosqnjgrfjg6fjg4Pjg5fjgafjgZnjgII8L3A+PGJyIC8+CuOAjOWEquOBl+OBhOWFieOBq+OBpOOBpOOBvuOCjOOCi+awuOmBoOOBruWRveOAjeOCkuihqOePvuOBl+OBn+OCs+ODs+OCu+ODl+ODiOOCuOODpeOCqOODquODvOOAjOacquadpeWkqeS9v+OAjeOBr+acquadpeOBq+WQkeOBkeOBpui8neOBkeOCi+WRveOBruOBmeOBsOOCieOBl+OBleOCkuWkmuW9qeOBquODhuODvOODnuODu+ODh+OCtuOCpOODs+OBp+ihqOePvuOBl+OBpuOBhOOBvuOBmeOAgjxiciAvPgrjgZ3jgpPjgarmnKrmnaXlpKnkvb/jgYvjgonjga7jg5fjg6zjgrzjg7Pjg4jjgajjgYTjgYbjgrPjg7Pjgrvjg5fjg4jjgafkvZzjgonjgozjgZ/jgIzlpKnkvb/jga7ljbXjgI3jga/jgIHjgIzoqpXnlJ/jga7llpzjgbPjgI3jgoTjgIznlJ/jgY3jgovjgZPjgajjga7mhJ/li5Xjgajos57os5vjgI3jgpLjg4bjg7zjg57jgajjgZfjgablibXjgonjgozjgIHljbXjgajnvr3jga7jg5Djg6njg7Pjgrnjga7oia/jgYTjgoTjgZXjgZfjgYTjg4fjgrbjgqTjg7PjgYzmhJvjgZXjgozjgabjgYTjgovjg63jg7PjgrDjgrvjg6njg7zjga7kurrmsJfjgqLjgq/jgrvjgrXjg6rjg7zjgafjgZnjgILmmK/pnZ7jgIHlpKfliIfjgarkurrjgbjjga7jg5fjg6zjgrzjg7Pjg4jnrYnjgavjgoLjgZTmtLvnlKjkuIvjgZXjgYTvvIE8L2Rpdj4KPC9kaXY+CgoKCgoKPCEtLeKWvOKWvOKWvOODrOODk+ODpeODvOODu+azqOaWh+eKtuazgeKWvOKWvOKWvC0tPiAgIAoKICAgICAgICAgICAgPGgyPjxpbWcgc3JjPSJodHRwOi8vd3d3LnJha3V0ZW4ubmUuanAvZ29sZC92aWVhbmdlL2ltZy90aXRsZV8wNi5qcGciIGFsdD0i44Os44OT44Ol44O8IiB3aWR0aD0iNjg4IiBoZWlnaHQ9IjcwIiAvPjwvaDI+CiAgICAgICAgICAgIDxicj48YnI+CiAgCgkgIDxicj4gPGJyPiA8YnI+IAogICAgICAgICAgICAgICAgICA8aDI+PGltZyBzcmM9Imh0dHA6Ly93d3cucmFrdXRlbi5uZS5qcC9nb2xkL3ZpZWFuZ2UvaW1nL3RpdGxlXzA3LmpwZyIgYWx0PSLms6jmlofnirbms4EiIHdpZHRoPSI2ODgiIGhlaWdodD0iNzAiIC8+PC9oMj4KICAgICAgICAgICAgICAgICAgICAgICAgICAgICAgPGJyPiA8YnI+IAo8YnI+IDxicj4gPGJyPg==,44CQ5Yi75Y2w5a++5b+c44CR4peGTE9WRVJTIFNDRU5FIOODqeODkOODvOOCuuOCt+ODvOODs+KXhuOCt+ODq+ODkOODvOODquODs+OCsO+8iOODrOODh+OCo+ODvOOCue+8ieOAkExTUjAwNzdEUEtSTeOAkeOAkOOCt+ODq+ODkOODvOODquODs+OCsCDjg5rjgqLjg6rjg7PjgrAg44Oa44KiIOaMh+i8qiDjg4DjgqTjg6Tjg6Ljg7Pjg4kg44OU44Oz44Kv44K044O844Or44OJ5Yi75Y2w5a++5b+cIOODl+ODrOOCvOODs+ODiCDjg6rjg7PjgrAg5Yi75Y2wIOOCt+ODq+ODkOODvCDjgrjjg6Xjgqjjg6rjg7wg44OA44Kk44OkIOOBi+OCj+OBhOOBhOOAkSAg5q+N44Gu5pelIOOCt+ODs+ODl+ODq++8muWkqeS9v+OBruWNtSB3aXRoIExPVkVSUyBTQ0VORQ==,5aSp5L2/44Gu5Y215pyq5p2l5aSp5L2/44K544Oa44O844K544Kv44Oq44Ko44O844K/44O844K444Ol44Ko44Oq44O844K344Or44OQ44O844Ki44Kv44K744K144Oq44O844OU44Oz44Kv44K344Or44OQ44O844ON44OD44Kv44Os44K555u05Za25bqX44Kv44Oq44K544Oe44K56ZmQ5a6a44Oa44Oz44OA44Oz44OI5oyH6Lyq44OU44Ki44K544OX44Os44K844Oz44OI44OZ44OT44O844K544OX44O844Oz44Os44OH44Kj44O844K544Op44OQ44O844K644K344O844Oz57WQ5ama5oyH6Lyq44Oa44Ki44Oq44Oz44Kw6KqV55Sf55+z44CQ5Yi75Y2w5a++5b+c44CR4peGTE9WRVJTIFNDRU5FIOODqeODkOODvOOCuuOCt+ODvOODs+KXhuOCt+ODq+ODkOODvOODquODs+OCsO+8iOODrOODh+OCo+ODvOOCue+8ieOAkExTUjAwNzdEUEtSTeOAkeOAkOOCt+ODq+ODkOODvOODquODs+OCsCDjg5rjgqLjg6rjg7PjgrAg44Oa44KiIOaMh+i8qiDjg4DjgqTjg6Tjg6Ljg7Pjg4kg44OU44Oz44Kv44K044O844Or44OJ5Yi75Y2w5a++5b+cIOODl+ODrOOCvOODs+ODiCDjg6rjg7PjgrAg5Yi75Y2wIOOCt+ODq+ODkOODvCDjgrjjg6Xjgqjjg6rjg7wg44OA44Kk44OkIOOBi+OCj+OBhOOBhOOAkSAg5q+N44Gu5pelIOOCt+ODs+ODl+ODqw==,77yS44OI44O844Oz44Kr44Op44O844GM5Y2w6LGh55qE44Gq44Oq44Oz44Kw4piGIOODgOOCpOODpOODouODs+ODiSDliLvljbDlr77lv5zjgILjgJDliLvljbDlr77lv5zjgJHil4ZMT1ZFUlMgU0NFTkUg44Op44OQ44O844K644K344O844Oz4peG44K344Or44OQ44O844Oq44Oz44Kw77yI44Os44OH44Kj44O844K577yJ44CQTFNSMDA3N0RQS1JN44CR44CQ44K344Or44OQ44O844Oq44Oz44KwIOODmuOCouODquODs+OCsCDjg5rjgqIg5oyH6LyqIOODgOOCpOODpOODouODs+ODiSDjg5Tjg7Pjgq/jgrTjg7zjg6vjg4nliLvljbDlr77lv5wg44OX44Os44K844Oz44OIIOODquODs+OCsCDliLvljbAg44K344Or44OQ44O8IOOCuOODpeOCqOODquODvCDjg4DjgqTjg6Qg44GL44KP44GE44GE44CRICDmr43jga7ml6Ug44K344Oz44OX44Or[rn]
39-1032,aHR0cDovL3RzaG9wLnIxMHMuanAvdmllYW5nZS9jYWJpbmV0L2xvdmVyc19zY2VuZS9sc3IvbHNyMDAwN2QuanBnP2ZpdGluPTcwMDo3MDA=,NDc1Mi4wMDAw,,44K444Ol44Ko44Oq44O844O744Ki44Kv44K744K144Oq44O8ID4g44Os44OH44Kj44O844K544K444Ol44Ko44Oq44O844O744Ki44Kv44K744K144Oq44O8ID4g5oyH6Lyq44O744Oq44Oz44Kw,44CQ5Yi75Y2w5a++5b+c44CR4peGTE9WRVJTIFNDRU5FIOODqeODkOODvOOCuuOCt+ODvOODs+KXhuOCt+ODq+ODkOODvOODquODs+OCsCjjg6zjg4fjgqPjg7zjgrkp44CQTFNSMDAwN0TjgJHjgJDjgrfjg6vjg5Djg7zjg6rjg7PjgrAg44Oa44Ki44Oq44Oz44KwIOODmuOCoiDmjIfovKog44Os44OH44Kj44O844K5IOODgOOCpOODpOODouODs+ODiSDjg5fjg6zjgrzjg7Pjg4gg44Oq44Oz44KwIOWIu+WNsOWPr+iDvSDjgrfjg6vjg5Djg7wg44Ki44Kv44K744K144Oq44O8IOOCouOCr+OCuyDjgrjjg6Xjgqjjg6rjg7wg44OA44Kk44OkIOWmuyDjgYvjgo/jgYTjgYTjgJE=,5rSX57e044GV44KM44Gf44OH44K244Kk44OzIOWIu+WNsOWvvuW/nCDjg4DjgqTjg6Tjg6Ljg7Pjg4k=,PGNlbnRlcj48YSBocmVmPSJodHRwczovL215LmJvb2ttYXJrLnJha3V0ZW4uY28uanAvP2Z1bmM9cmVnJnN2aWQ9MTAxJnNob3BfYmlkPTIwMzk0NyZpaWQ9MTAwMDExMTcmaXR5cGU9MSB0YXJnZXQ9X2JsYW5rIj48aW1nIHNyYz0iaHR0cDovL2ltYWdlLnJha3V0ZW4uY28uanAvdmllYW5nZS9jYWJpbmV0L3BfYm5yX2Zhdml0ZW0uanBnIiBib3JkZXI9IjAiIHdpZHRoPSI2NjAiIGhlaWdodD0iMTMwIj48L2E+PC9jZW50ZXI+PGJyPjxicj48ZGl2IGlkPSJkZXRhaWxfYmFzZTIiPgogCjxpbWcgc3JjPSJodHRwOi8vaW1hZ2UucmFrdXRlbi5jby5qcC92aWVhbmdlL2NhYmluZXQvY2FtcGFpZ24vbHNfcGNfdG9rdXRlbi5qcGciYWx0PSJMT1ZFUlMgU0NFTkUg44Kt44Oj44Oz44Oa44O844OzIj48YnI+PGJyPgoKPGltZyBzcmM9Imh0dHA6Ly9pbWFnZS5yYWt1dGVuLmNvLmpwL3ZpZWFuZ2UvY2FiaW5ldC9sb3ZlcnNfc2NlbmUvbHNyL2xzcjAwMDdfaW1hZ2UuanBnIiB3aWR0aD0iNjYwIiBoZWlnaHQ9IjQ2MCIgLz4KPGJyIC8+PGJyIC8+CiAgCjxpbWcgc3JjPSJodHRwOi8vaW1hZ2UucmFrdXRlbi5jby5qcC92aWVhbmdlL2NhYmluZXQvbG92ZXJzX3NjZW5lL2xzci9sc3IwMDA3X2ltYWdlMi5qcGciIHdpZHRoPSI2NjAiIGhlaWdodD0iOTAwIiAvPgo8L2Rpdj4KCjxkaXYgY2xhc3M9InNwX2dvb2RzXzEzMDVfMDkiPgoKICAgICAKICA8ZGl2IGNsYXNzPSJzcF90YW5waW5fbGVmdCI+CjxhIGhyZWY9Imh0dHA6Ly9pdGVtLnJha3V0ZW4uY28uanAvdmllYW5nZS9sc3IwMDA3ZC1iZC8iPgo8aW1nIHNyYz0iIGh0dHA6Ly9pbWFnZS5yYWt1dGVuLmNvLmpwL3ZpZWFuZ2UvY2FiaW5ldC9sb3ZlcnNfc2NlbmUvbHNyL2xzcjAwMDdfcGFpci5qcGciIHdpZHRoPSIyMzUiIGhlaWdodD0iMjM1IiBjbGFzcz0iaW1nMjAiIC8+PC9hPiAgICAgICAKPHA+44K344Or44OQ44O844Oa44Ki44Oq44Oz44Kw77yI44OA44Kk44Ok44Oi44Oz44OJ5YWl44KK77yJPGJyIC8+CiAgICAgICDntIQ0LjBtbcOX57SEMi42bW3vvIjluYXDl+WOmuOBv++8iTwvcD4KPC9kaXY+CiAgICAKPGRpdiBjbGFzcz0ic3BfdGFucGluX3JpZ2h0Ij4KPGEgaHJlZj0iIGh0dHA6Ly9pdGVtLnJha3V0ZW4uY28uanAvdmllYW5nZS9sc3IwMDA3YmQvIj4KPGltZyBzcmM9IiBodHRwOi8vaW1hZ2UucmFrdXRlbi5jby5qcC92aWVhbmdlL2NhYmluZXQvbG92ZXJzX3NjZW5lL2xzci9sc3IwMDA3X3RhbnBpbl9tZW5zLmpwZyIgd2lkdGg9IjIzNSIgaGVpZ2h0PSIyMzUiIGNsYXNzPSJpbWcyMCIgLz48L2E+CiAgICAgIDxwPuODoeODs+OCuuOCt+ODq+ODkOODvOODquODs+OCsO+8iOODluODq+ODvOODgOOCpOODpOWFpeOCiu+8iTxiciAvPgogICAgICDntIQ0LjBtbcOX57SEMi42bW3vvIjluYXDl+WOmuOBv++8iQogICAgICAgPC9wPgo8L2Rpdj4KPC9kaXY+CgoKICA8aW1nIHNyYz0iaHR0cDovL2ltYWdlLnJha3V0ZW4uY28uanAvdmllYW5nZS9jYWJpbmV0L3BhcnRzL2xzcjA2NTBfMzkuZ2lmIiBjbGFzcz0iaW1nMjAiIC8+CiAgPHAgY2xhc3M9ImltZzE1Ij7jg6rjg7PjgrDjgpLnnYDjgZHjgojjgYbjgajogIPjgYjjgabjgYTjgovmjIfjga7kuIDnlarlpKrjgYTpg6jliIbjgavns7jjgarjganjgpLlt7vjgYTjgabjgIHvvJHlkajliIbjga7mvJTnv5Ljga7plbfjgZXjgpLlm7Pjgorjgb7jgZnjgII8YnIgLz4KICDjgZPjga7muKzjgormlrnjga/jgYLjgY/jgb7jgafnsKHmmJPnmoTjgaroqIjmuKzmlrnms5XjgafjgZnjga7jgafjgIHmraPnorrjgavjgrXjgqTjgrrjgpLmuKzjgovjgavjga/jgIHjgYrov5HjgY/jga7jgqLjgq/jgrvjgrXjg6rjg7zjgrfjg6fjg4Pjg5fjgarjganjgafjgIHjgI7jg6rjg7PjgrDjgrLjg7zjgrjjgI/jgpLkvb/nlKjjgZfjgaboqIjmuKzjgZfjgabkuIvjgZXjgYTjgII8L3A+CiAgPGltZyBzcmM9Imh0dHA6Ly9pbWFnZS5yYWt1dGVuLmNvLmpwL3ZpZWFuZ2UvY2FiaW5ldC9wYXJ0cy9sc3IwNjUwXzQxLmdpZiIgd2lkdGg9IjY2MCIgaGVpZ2h0PSIxNjciIGNsYXNzPSJpbWc2MCIgLz4KCjxkaXYgY2xhc3M9ImNhXzAxIj4KPGltZyBzcmM9Imh0dHA6Ly9pbWFnZS5yYWt1dGVuLmNvLmpwL3ZpZWFuZ2UvY2FiaW5ldC93cmFwcGluZy93cmFwcGluZ190aXRsZS5qcGciIGFsdD0i44Op44OD44OU44Oz44KwIj4KCjxicj48YnI+PGJyPgoKPHRhYmxlIGJvcmRlcj0iMCIgd2lkdGg9IjY2MHB4Ij4KPHRyPgo8dGQ+CjxpbWcgc3JjPSJodHRwOi8vaW1hZ2UucmFrdXRlbi5jby5qcC92aWVhbmdlL2NhYmluZXQvd3JhcHBpbmcvbHNfd3JhcF8wMV8xLmpwZyIgYWx0PSJMT1ZFUlMgU0NFTkUgIOmAmuW4uOODqeODg+ODlOODs+OCsCI+CjwvdGQ+Cjx0ZD4KPGltZyBzcmM9Imh0dHA6Ly9pbWFnZS5yYWt1dGVuLmNvLmpwL3ZpZWFuZ2UvY2FiaW5ldC93cmFwcGluZy9sc193cmFwXzAyLmpwZyIgYWx0PSJMT1ZFUlMgU0NFTkXjgIDjgqjjgrPjg6njg4Pjg5Tjg7PjgrAiPgo8L3RkPgo8dGQ+CjxhICBocmVmPSJodHRwOi8vaXRlbS5yYWt1dGVuLmNvLmpwL3ZpZWFuZ2UvYy8wMDAwMDAwNzgxLyI+PGltZyBzcmM9Imh0dHA6Ly9pbWFnZS5yYWt1dGVuLmNvLmpwL3ZpZWFuZ2UvY2FiaW5ldC93cmFwcGluZy9sc193cmFwXzAzLmpwZyIgYWx0PSJMT1ZFUlMgU0NFTkXjgIDjgrnjg5rjgrfjg6Pjg6vjg6njg4Pjg5Tjg7PjgrAiPjwvYT4KPC90ZD4KPC90cj4KPC90YWJsZT4KPGltZyBzcmM9Imh0dHA6Ly9pbWFnZS5yYWt1dGVuLmNvLmpwL3ZpZWFuZ2UvY2FiaW5ldC93cmFwcGluZy9raWtpbi5qcGciIGFsdD0i5aSp5L2/44Gu5Y215Z+66YeRIj4KCjxhICBocmVmPSJodHRwOi8vaXRlbS5yYWt1dGVuLmNvLmpwL3ZpZWFuZ2UvYy8wMDAwMDAwNzkxLyI+CjxpbWcgc3JjPSJodHRwOi8vaW1hZ2UucmFrdXRlbi5jby5qcC92aWVhbmdlL2NhYmluZXQvd3JhcHBpbmcvbHNfY2FyZC5qcGciIGFsdD0i44Oh44OD44K744O844K444Kr44O844OJIj48L2E+CgoKPGltZyAKc3JjPSJodHRwOi8vaW1hZ2UucmFrdXRlbi5jby5qcC92aWVhbmdlL2NhYmluZXQvY2FtcGFpZ24vbm9iZV9sc182NjAuanBnIiB3aWR0aD0iNjYwIiBoaWdodD0iMjAwIiBhbHQ9IkxPVkVSUyBTQ0VORSDjg47jg5njg6vjg4bjgqMiPjxicj48YnI+CjwvZGl2Pgo8VEFCTEUgYm9yZGVyPSIwIiB3aWR0aD0iMzkwIj4KICA8VEJPRFk+CiAgICA8VFI+CiAgICAgIDxURD4KCjxmb250IGNvbG9yPSM2OTY5Njkgc2l6ZT0iMiI+CuOCt+ODq+ODkOODvOOBrumWk+OBq+eFjOOBj+ODgOOCpOODpOOAguefs+OCkueVmeOCgeOCi+eIquOBruimi+OBiOOBquOBhOOCu+ODg+ODhuOCo+ODs+OCsOOBjOa0u+OBi+OBleOCjOOBn+ODouODh+ODq+OAgjxicj4KPGJyPgoK4pag57Sg5p2Q4pagPGJyPgpTVjkyNQoKPHA+4pag5aSn44GN44GV77yIbW3vvInilqA8YnI+CuW5hee0hDTDl+WOmuOBv+e0hDIuNjwvcD4KCjxwPuKWoOmHjemHj+KWoDxicj4K57SEMi43ZzwvcD4KCuKAu+OCteOCpOOCuuODu+mHjemHj+OBr+WkmuWwkeOBruWAi+S9k+W3ruOBjOWHuuOBvuOBmeKAuyAKPC9wPjwvZm9udD4KPGJyPgo8YnI+Cjxmb250IGNvbG9yPSMwMDk5RkYgc2l6ZT0iMiI+4pag5omL5b2r5Yi75Y2w5a++5b+c77yI5pyJ5paZ44Kq44OX44K344On44Oz77yJ4pagPC9mb250Pjxicj4KPGZvbnQgY29sb3I9IzY5Njk2OSBzaXplPSIyIj7il4/jgZPjga7llYblk4Hjga/jgIHjg6rjg7PjgrDjga7lhoXlgbTjgavliLvljbAo5paH5a2X5YWl44KMKeOBjOOBp+OBjeOBvuOBmeOAggoKPC9mb250Pjxicj4KPGZvbnQgY29sb3I9IzY5Njk2OSBzaXplPSIyIj7il4/mloflrZflnovjgavmsr/jgaPjgabogbfkurrjgYzlvavovrzjgoDvvJzmiYvlvavliLvljbDvvJ7jgajjgarjgorjgb7jgZnjgIIKCjwvZm9udD48YnI+Cjxmb250IGNvbG9yPSM2OTY5Njkgc2l6ZT0iMiI+4peP5pu45L2T44Gv44OW44Ot44OD44Kv5L2TKOS4uOOCtOOCt+ODg+OCrynjga7jgb/jgII8L2ZvbnQ+PGJyPgo8Zm9udCBjb2xvcj0jNjk2OTY5IHNpemU9IjIiPuKXj+S9v+eUqOWPr+iDveaWh+Wtl+ODu+iomOWPt++8muOAgEHvvZ5a44Gu44Ki44Or44OV44Kh44OZ44OD44OI5aSn5paH5a2X44CB77yQCgrvvZ7vvJnjga7oi7HmlbDlrZfjgIHjg4/jgqTjg5Xjg7MoIC0gKeOAgeODlOODquOCquODiSggLiAp44CB44Ki44Oz44OJ6KiY5Y+377yIICZhbXA7ICnjgIHlsI/mloflrZfjga7jgIx0b+OAjeOAgQoK5Lit6buSKCDjg7spPC9mb250Pjxicj4KPGZvbnQgY29sb3I9I0ZGMDAwMCBzaXplPSIyIj7jgZPjga7llYblk4Hjga/lkIjoqIg8Zm9udCBzaXplPSI1Ij48c3Ryb25nPu+8ke+8kOaWh+Wtlzwvc3Ryb25nPjwvZm9udD7jgb7jgafliLvljbDlj6/og73jgafjgZnjgII8L2ZvbnQ+PGJyPgo8Zm9udCBjb2xvcj0jRkYwMDAwIHNpemU9IjIiPijoqJjlj7fjg7vjgrnjg5rjg7zjgrnjgarjganjgoLvvJHmloflrZfjgajjgZfjgabjgqvjgqbjg7Pjg4jjgZXjgozjgb7jgZkpPC9mb250Pjxicj4KPGJyPgo8Zm9udCBjb2xvcj0jMDA5OUZGIHNpemU9IjIiPuKWoOWIu+WNsOaWmemHke+8mu+/pe+8ke+8jO+8le+8l++8lSjnqI7ovrwpPGZvbnQgY29sb3I9IiM2NjY2NjYiPgot5Yi75Y2w5Y+v6IO95paH5a2X5pWw5Lul5YaF44Gq44KJ5L2V5paH5a2X44Gn44KCPC9mb250PjwvZm9udD48YnI+Cjxmb250IGNvbG9yPSMwMDk5RkYgc2l6ZT0iMiI+4pag57SN5pyf77yaK+e0hO+8kemAsemWkzwvZm9udD48YnI+Cjxicj4KPGZvbnQgY29sb3I9IzAwOTlGRiBzaXplPSIyIj7ilqDjgZTms6jmlofmlrnms5XvvJo8L2ZvbnQ+PGJyPgo8Zm9udCBjb2xvcj0jNjk2OTY5IHNpemU9IjIiPumBuOaKnuiCouOCiOOCiuOAjOacieaWmeWIu+WNsOW4jOacm+OAjeOCkuOBlOmBuOaKnuOBj+OBoOOBleOBhOOAggoKPC9mb250Pjxicj4KPGZvbnQgY29sb3I9IzY5Njk2OSBzaXplPSIyIj7ms6jmlofnlLvpnaLjga7jgIzjgYrlupfjgbjjga7jg6Hjg4Pjgrvjg7zjgrjjgI3mrITjgavliLvljbDlhoXlrrnjgpLjgYrmm7jjgY3kuIsKCuOBleOBhOOAgjwvZm9udD48YnI+Cjxmb250IGNvbG9yPSM2OTY5Njkgc2l6ZT0iMiI+5Yi75Y2w5paZ6YeR44Gv44GU5rOo5paH56K66KqN5b6M44Gr5ZWG5ZOB5Luj6YeR44Gr5Yqg566X44GV44KM44CB44GK5a6i5qeY44Gr44GK6YCB44KK44GZ44KL44K144Oz44Kv44K544Oh44O844Or44Gr44Gm5Y+N5pig44GV44KM44G+44GZ44CCPC9mb250Pjxicj4KICAgICAgPC9URD4KICAgIDwvVFI+CiAgPC9UQk9EWT4KPC9UQUJMRT48IS0t4pa84pa8IOW3puW4r+ODquODs+OCr+OBguOCiiDilrzilrwtLT4KCjxkaXYgaWQ9ImhpZGFyaS1vYmkiPgoKPHN0eWxlPgojaGlkYXJpLW9iaSB7CnBvc2l0aW9uOiBhYnNvbHV0ZTsKdG9wOjBweDsKbGVmdDoxMHB4OwpiYWNrZ3JvdW5kOiB1cmwoImh0dHBzOi8vaW1hZ2UucmFrdXRlbi5jby5qcC92aWVhbmdlL2NhYmluZXQvY2FtcGFpZ24vc2NibnJfMDUxNS5qcGciKSByZXBlYXQteSBsZWZ0IHRvcCA7Cn0KI2hpZGFyaS1vYmkgYSB7CmRpc3BsYXk6IGJsb2NrOwpoZWlnaHQ6OTMwMHB4Oy8q44Oa44O844K45YWo5L2T44Gu6auY44GVKi8Kd2lkdGg6IDE0MHB4Oy8q5biv44Gu5bmFKi8KfQo8L3N0eWxlPgoKPC9kaXY+CgoKCjwhLS3ilrzilrwg5bem5biv44Oq44Oz44Kv44Gq44GXIOKWvOKWvC0tPgoKCgoKPCEtLeKWvOKWvCDlt6bluK/jg6rjg7Pjgq/jgarjgZcg4pa84pa8LS0+Cgo8IS0tCjxzdHlsZSB0eXBlPSJ0ZXh0L2NzcyI+CmJvZHl7CmJhY2tncm91bmQtaW1hZ2U6IHVybCgiaHR0cDovL2ltYWdlLnJha3V0ZW4uY28uanAvdmllYW5nZS9jYWJpbmV0L2NhbXBhaWduL2Jucl8xMDEyLmpwZyIpOwpiYWNrZ3JvdW5kLXJlcGVhdDogcmVwZWF0LXk7CmJhY2tncm91bmQtYXR0YWNobWVudDogc2Nyb2xsOwpiYWNrZ3JvdW5kLXBvc2l0aW9uOmxlZnQKfQo8L3N0eWxlPgotLT4KCgoKCjxzdHlsZSB0eXBlPSJ0ZXh0L2NzcyI+CgovKiDjgYrmsJfjgavlhaXjgorllYblk4EgKi8KCiNyYWt1dGVuTGltaXRlZElkX2Fyb3VuZENhcnQgI3NlcnZpY2VUYWJsZVNtbCB0ZC5mYXZvcml0ZSB7CgpwYWRkaW5nLXRvcDogNXB4OwoKfQoKI3Jha3V0ZW5MaW1pdGVkSWRfYXJvdW5kQ2FydCBkaXYuYm9va21hcmtBcmVhIGRpdi5ia20gewoKd2lkdGg6IDI5MXB4ICFpbXBvcnRhbnQ7CgpoZWlnaHQ6MzNweCAhaW1wb3J0YW50OwoKcGFkZGluZzogMHB4IDBweCAxMHB4IDBweCAhaW1wb3J0YW50OwoKfQoKI3Jha3V0ZW5MaW1pdGVkSWRfYXJvdW5kQ2FydCBkaXYuYm9va21hcmtBcmVhIGRpdi5ia20gYS5hZGRCa20gewoKd2lkdGg6IDI5MXB4ICFpbXBvcnRhbnQ7CgpoZWlnaHQ6MzNweCAhaW1wb3J0YW50OwoKfQoKI3Jha3V0ZW5MaW1pdGVkSWRfYXJvdW5kQ2FydCBkaXYuYm9va21hcmtBcmVhIGRpdi5ia20gYS5hZGRCa20gc3Bhbi5ia21TdGFyIHsKCmRpc3BsYXk6IGlubGluZS1ibG9jayAhaW1wb3J0YW50OwoKd2lkdGg6IDI5MXB4ICFpbXBvcnRhbnQ7CgpoZWlnaHQ6MzNweCAhaW1wb3J0YW50OwoKbWFyZ2luOjBweCAwcHggMTBweCAwcHggIWltcG9ydGFudDsKCmJhY2tncm91bmQ6IHVybCgiaHR0cDovL2ltYWdlLnJha3V0ZW4uY28uanAvdmllYW5nZS9jYWJpbmV0L2Jucl9mYXZpdGVtLmpwZyIpIG5vLXJlcGVhdCAhaW1wb3J0YW50OwoKfQoKIAoKLyog44GK5rCX44Gr5YWl44KK44K344On44OD44OXICovCgpkaXYuYm9va21hcmtBcmVhIHsKCndpZHRoOiAyOTFweCAhaW1wb3J0YW50OwoKfQoKI3Jha3V0ZW5MaW1pdGVkSWRfYXJvdW5kQ2FydCBkaXYuc2hvcEJvb2ttYXJrQXJlYSBkaXYuc2hvcEJrbSB7Cgp3aWR0aDogMjkxcHggIWltcG9ydGFudDsKCmhlaWdodDozM3B4ICFpbXBvcnRhbnQ7CgpwYWRkaW5nOiAwcHggMHB4ICFpbXBvcnRhbnQ7CgpwYWRkaW5nLWxlZnQ6IDBweCAhaW1wb3J0YW50OwoKfQoKI3Jha3V0ZW5MaW1pdGVkSWRfYXJvdW5kQ2FydCBkaXYuc2hvcEJvb2ttYXJrQXJlYSBkaXYuc2hvcEJrbSBhLmFkZFNob3BCa20gc3Bhbi5zaG9wQmttU3RhciB7CgpkaXNwbGF5OiBpbmxpbmUtYmxvY2sgIWltcG9ydGFudDsKCndpZHRoOiAyOTFweCAhaW1wb3J0YW50OwoKaGVpZ2h0OjMzcHggIWltcG9ydGFudDsKCm1hcmdpbi1yaWdodDogMHB4ICFpbXBvcnRhbnQ7CgpiYWNrZ3JvdW5kOiB1cmwoImh0dHA6Ly9pbWFnZS5yYWt1dGVuLmNvLmpwL3ZpZWFuZ2UvY2FiaW5ldC9ibnJfZmF2c2hvcC5qcGciKSBuby1yZXBlYXQgIWltcG9ydGFudDsKCn0KPC9zdHlsZT4KCgoKCjxkaXYgaWQ9InByZXNlbnRfYmFzZSIgY2xhc3M9ImNsZWFyZml4Ij4KICAgPGRpdiBjbGFzcz0icHJlc2VudF9pbWciPjxpbWcgc3JjPSJodHRwOi8vaW1hZ2UucmFrdXRlbi5jby5qcC92aWVhbmdlL2NhYmluZXQvdG1nL2Zvb3RfcHJlMDEuZ2lmIiBhbHQ9IuWkp+WIh+OBquOBguOBruS6uuOBq+e0oOaVteOBquODl+ODrOOCvOODs+ODiCIgd2lkdGg9IjE5OSIgaGVpZ2h0PSIyOTUiIC8+PC9kaXY+CiAgIDxkaXYgY2xhc3M9InByZXNlbnRfdHh0Ij48cD7lvZPlupfjga/jgIHkurrmsJfjgqLjgq/jgrvjgrXjg6rjg7zjg5bjg6njg7Pjg4njgIzlpKnkvb/jga7ljbXjgI3jgoTjgIzmnKrmnaXlpKnkvb/jgI3jgpLjga/jgZjjgoHjgIHoqpXnlJ/nn7Pjga7jg5rjg7Pjg4Djg7Pjg4jjgoTjg6rjg7PjgrDjgarjganjgIHjg5fjg6zjgrzjg7Pjg4jjgavjg5Tjg4Pjgr/jg6rjgarjgqLjgq/jgrvjgrXjg6rjg7zjgpLlj5bmibHjgYbpgJrosqnjgrfjg6fjg4Pjg5fjgafjgZnjgII8L3A+PGJyIC8+CuOAjOWEquOBl+OBhOWFieOBq+OBpOOBpOOBvuOCjOOCi+awuOmBoOOBruWRveOAjeOCkuihqOePvuOBl+OBn+OCs+ODs+OCu+ODl+ODiOOCuOODpeOCqOODquODvOOAjOacquadpeWkqeS9v+OAjeOBr+acquadpeOBq+WQkeOBkeOBpui8neOBkeOCi+WRveOBruOBmeOBsOOCieOBl+OBleOCkuWkmuW9qeOBquODhuODvOODnuODu+ODh+OCtuOCpOODs+OBp+ihqOePvuOBl+OBpuOBhOOBvuOBmeOAgjxiciAvPgrjgZ3jgpPjgarmnKrmnaXlpKnkvb/jgYvjgonjga7jg5fjg6zjgrzjg7Pjg4jjgajjgYTjgYbjgrPjg7Pjgrvjg5fjg4jjgafkvZzjgonjgozjgZ/jgIzlpKnkvb/jga7ljbXjgI3jga/jgIHjgIzoqpXnlJ/jga7llpzjgbPjgI3jgoTjgIznlJ/jgY3jgovjgZPjgajjga7mhJ/li5Xjgajos57os5vjgI3jgpLjg4bjg7zjg57jgajjgZfjgablibXjgonjgozjgIHljbXjgajnvr3jga7jg5Djg6njg7Pjgrnjga7oia/jgYTjgoTjgZXjgZfjgYTjg4fjgrbjgqTjg7PjgYzmhJvjgZXjgozjgabjgYTjgovjg63jg7PjgrDjgrvjg6njg7zjga7kurrmsJfjgqLjgq/jgrvjgrXjg6rjg7zjgafjgZnjgILmmK/pnZ7jgIHlpKfliIfjgarkurrjgbjjga7jg5fjg6zjgrzjg7Pjg4jnrYnjgavjgoLjgZTmtLvnlKjkuIvjgZXjgYTvvIE8L2Rpdj4KPC9kaXY+CgoKCgoKPCEtLeKWvOKWvOKWvOODrOODk+ODpeODvOODu+azqOaWh+eKtuazgeKWvOKWvOKWvC0tPiAgIAoKICAgICAgICAgICAgPGgyPjxpbWcgc3JjPSJodHRwOi8vd3d3LnJha3V0ZW4ubmUuanAvZ29sZC92aWVhbmdlL2ltZy90aXRsZV8wNi5qcGciIGFsdD0i44Os44OT44Ol44O8IiB3aWR0aD0iNjg4IiBoZWlnaHQ9IjcwIiAvPjwvaDI+CiAgICAgICAgICAgIDxicj48YnI+CiAgCgkgIDxicj4gPGJyPiA8YnI+IAogICAgICAgICAgICAgICAgICA8aDI+PGltZyBzcmM9Imh0dHA6Ly93d3cucmFrdXRlbi5uZS5qcC9nb2xkL3ZpZWFuZ2UvaW1nL3RpdGxlXzA3LmpwZyIgYWx0PSLms6jmlofnirbms4EiIHdpZHRoPSI2ODgiIGhlaWdodD0iNzAiIC8+PC9oMj4KICAgICAgICAgICAgICAgICAgICAgICAgICAgICAgPGJyPiA8YnI+IAo8YnI+IDxicj4gPGJyPg==,44CQ5Yi75Y2w5a++5b+c44CR4peGTE9WRVJTIFNDRU5FIOODqeODkOODvOOCuuOCt+ODvOODs+KXhuOCt+ODq+ODkOODvOODquODs+OCsCjjg6zjg4fjgqPjg7zjgrkp44CQTFNSMDAwN0TjgJHjgJDjgrfjg6vjg5Djg7zjg6rjg7PjgrAg44Oa44Ki44Oq44Oz44KwIOODmuOCoiDmjIfovKog44Os44OH44Kj44O844K5IOODgOOCpOODpOODouODs+ODiSDjg5fjg6zjgrzjg7Pjg4gg44Oq44Oz44KwIOWIu+WNsOWPr+iDvSDjgrfjg6vjg5Djg7wg44Ki44Kv44K744K144Oq44O8IOOCouOCr+OCuyDjgrjjg6Xjgqjjg6rjg7wg44OA44Kk44OkIOWmuyDjgYvjgo/jgYTjgYTjgJHvvJrlpKnkvb/jga7ljbUgd2l0aCBMT1ZFUlMgU0NFTkU=,5aSp5L2/44Gu5Y215pyq5p2l5aSp5L2/44K544Oa44O844K544Kv44Oq44Ko44O844K/44O844K444Ol44Ko44Oq44O844K344Or44OQ44O844Ki44Kv44K744K144Oq44O844OU44Oz44Kv44K344Or44OQ44O844ON44OD44Kv44Os44K555u05Za25bqX44Kv44Oq44K544Oe44K56ZmQ5a6a44Oa44Oz44OA44Oz44OI5oyH6Lyq44OU44Ki44K544OX44Os44K844Oz44OI44OZ44OT44O844K544OX44O844Oz44Os44OH44Kj44O844K544Op44OQ44O844K644K344O844Oz57WQ5ama5oyH6Lyq44Oa44Ki44Oq44Oz44Kw6KqV55Sf55+z44CQ5Yi75Y2w5a++5b+c44CR4peGTE9WRVJTIFNDRU5FIOODqeODkOODvOOCuuOCt+ODvOODs+KXhuOCt+ODq+ODkOODvOODquODs+OCsCjjg6zjg4fjgqPjg7zjgrkp44CQTFNSMDAwN0TjgJHjgJDjgrfjg6vjg5Djg7zjg6rjg7PjgrAg44Oa44Ki44Oq44Oz44KwIOODmuOCoiDmjIfovKog44Os44OH44Kj44O844K5IOODgOOCpOODpOODouODs+ODiSDjg5fjg6zjgrzjg7Pjg4gg44Oq44Oz44KwIOWIu+WNsOWPr+iDvSDjgrfjg6vjg5Djg7wg44Ki44Kv44K744K144Oq44O8IOOCouOCr+OCuyDjgrjjg6Xjgqjjg6rjg7wg44OA44Kk44OkIOWmuyDjgYvjgo/jgYTjgYTjgJE=,5rSX57e044GV44KM44Gf44OH44K244Kk44OzIOWIu+WNsOWvvuW/nCDjg4DjgqTjg6Tjg6Ljg7Pjg4njgILjgJDliLvljbDlr77lv5zjgJHil4ZMT1ZFUlMgU0NFTkUg44Op44OQ44O844K644K344O844Oz4peG44K344Or44OQ44O844Oq44Oz44KwKOODrOODh+OCo+ODvOOCuSnjgJBMU1IwMDA3ROOAkeOAkOOCt+ODq+ODkOODvOODquODs+OCsCDjg5rjgqLjg6rjg7PjgrAg44Oa44KiIOaMh+i8qiDjg6zjg4fjgqPjg7zjgrkg44OA44Kk44Ok44Oi44Oz44OJIOODl+ODrOOCvOODs+ODiCDjg6rjg7PjgrAg5Yi75Y2w5Y+v6IO9IOOCt+ODq+ODkOODvCDjgqLjgq/jgrvjgrXjg6rjg7wg44Ki44Kv44K7IOOCuOODpeOCqOODquODvCDjg4DjgqTjg6Qg5aa7IOOBi+OCj+OBhOOBhOOAkQ==[rn]
39-1033,aHR0cDovL3RzaG9wLnIxMHMuanAvdmllYW5nZS9jYWJpbmV0L2xvdmVyc19hbmRfcmluZy9sc3IwNjcxcGsuanBnP2ZpdGluPTcwMDo3MDA=,MjUwNTYuMDAwMA==,,44K444Ol44Ko44Oq44O844O744Ki44Kv44K744K144Oq44O8ID4g44Os44OH44Kj44O844K544K444Ol44Ko44Oq44O844O744Ki44Kv44K744K144Oq44O8ID4g5oyH6Lyq44O744Oq44Oz44Kw,44CQ5Yi75Y2w54Sh5paZ44CR4peGTG92ZXJzICYgUmluZyDjg6njg5Djg7zjgrrjg6rjg7PjgrDil4ZLMTDjg5Tjg7Pjgq/jgrTjg7zjg6vjg4njg6rjg7PjgrAo44Os44OH44Kj44O844K5KeOAkExTUjA2NzFQS+OAkeOAkEsxMCDjg5Tjg7Pjgq/jgrTjg7zjg6vjg4kg44Oq44Oz44KwIOODmuOCouODquODs+OCsCDjg5rjgqIg44Os44OH44Kj44O844K5IOaMh+i8qiAg6KqV55Sf55+zIOODl+ODrOOCvOODs+ODiCDjgq7jg5Xjg4gg44Ki44Kv44K744K144Oq44O8IOOCuOODpeOCqOODquODvCDlpKnnhLbnn7Mg5aa7ICDliLvljbDlj6/og73jgJEgIOavjeOBruaXpSDjgrfjg7Pjg5fjg6s=,44OU44Oz44Kv44K044O844Or44OJ44Gu5LiK5ZOB44Gu6Lyd44GN4piGIOmAgeaWmeeEoeaWmQ==,PGNlbnRlcj48YSBocmVmPSJodHRwczovL215LmJvb2ttYXJrLnJha3V0ZW4uY28uanAvP2Z1bmM9cmVnJnN2aWQ9MTAxJnNob3BfYmlkPTIwMzk0NyZpaWQ9MTAwMDExODMmaXR5cGU9MSB0YXJnZXQ9X2JsYW5rIj48aW1nIHNyYz0iaHR0cDovL2ltYWdlLnJha3V0ZW4uY28uanAvdmllYW5nZS9jYWJpbmV0L3BfYm5yX2Zhdml0ZW0uanBnIiBib3JkZXI9IjAiIHdpZHRoPSI2NjAiIGhlaWdodD0iMTMwIj48L2E+PC9jZW50ZXI+PGJyPjxicj48aW1nIHNyYz0iaHR0cDovL2ltYWdlLnJha3V0ZW4uY28uanAvdmllYW5nZS9jYWJpbmV0L2NhbXBhaWduL2xyX3JpbmdfcGNfdG9rdXRlbi5qcGciYWx0PSJMb3ZlcnMmUmluZyDjgq3jg6Pjg7Pjg5rjg7zjg7MiPjxicj48YnI+Cgo8ZGl2IGNsYXNzPSJjYV8wMSI+CgoKPGRpdiBpZD0iZGV0YWlsX2Jhc2UyIj4KCiAgPGRpdiBjbGFzcz0iZ29vZHNfMTMwNV8wMSI+CiAgICAgIDxkaXY+PHA+44OV44Kh44OD44K344On44Oz44Gr5bem5Y+z44GV44KM44Gq44GE576O44GX44GE44OV44Kp44Or44Og44Go44CB5L2V44KI44KK6Lqr44Gr552A44GR57aa44GR44Gf44GE44K344Oz44OX44Or44Gq44OH44K244Kk44Oz44GM5Lq65rCX44Gu5bmz5YaF44Oq44Oz44Kw44CCPGJyIC8+CiAgICAgICAg44Oq44Oz44Kw44Gu5ZGo44KK44Gr5q6144KS44Gk44GR44KL44GT44Go44Gr44KI44KK44CB44GV44KJ44Gr5LiK5ZOB44Gq44OH44K244Kk44Oz44Gr5LuV5LiK44GS44G+44GX44Gf44CCPGJyIC8+CiAgICAgICAg44G+44Gf44CB44K344Oz44OX44Or44Gg44GL44KJ44GT44Gd57Sg5p2Q44Gu5LiK5ZOB44Gq6Lyd44GN44GM6Zqb56uL44Gk5ZWG5ZOB44Gn44GZ44CCPGJyIC8+CiAgICAgICAg44K344O844Oz44KS6YG444Gw44Ga44Gk44GR44KJ44KM44KL54K644CB5bmF5bqD44GE5bm06b2i5bGk44Gr5Lq65rCX44Gu44OH44K244Kk44Oz44Gn44GZ44CCPC9wPgogICAgPC9kaXY+CiAgICAgIDxpbWcgc3JjPSJodHRwOi8vaW1hZ2UucmFrdXRlbi5jby5qcC92aWVhbmdlL2NhYmluZXQvbG92ZXJzX3NjZW5lL2xzci9sc3IwNjcxXzAzLmpwZyIgd2lkdGg9IjY2MCIgaGVpZ2h0PSIzNjAiIC8+PC9kaXY+CiAgCiAgPGltZyBzcmM9Imh0dHA6Ly9pbWFnZS5yYWt1dGVuLmNvLmpwL3ZpZWFuZ2UvY2FiaW5ldC9sb3ZlcnNfc2NlbmUvbHNyL2xzcjA2NTBfMDYuZ2lmIiB3aWR0aD0iMzQ1IiBoZWlnaHQ9IjI3IiBjbGFzcz0iaW1nMTAiIC8+CiAgPHAgY2xhc3M9ImltZzIwIj7lvpPmnaXjga7jg5rjgqLjg6rjg7PjgrDjgafjgoLjgarjgY/jgIHjg57jg6rjg4Pjgrjjg6rjg7PjgrDjgafjgoLjgarjgYTjgI7mhJvjgajlhbHjgavnlJ/jgY3jgovjgI/jgajjgYTjgYbmlrDjgZ/jgarjgrPjg7Pjgrvjg5fjg4jjgaflibXjgonjgozjgZ/mlrDjgZ/jgarjgrjjg6Pjg7Pjg6vjga7mjIfovKrjgafjgZnjgILnnJ/lrp/jga7mhJvjgpLpoZjjgYbmgYvkurrjgZ/jgaHjgavotIjjgorjgb7jgZnigKbjgII8L3A+CiAgCiAgPGlmcmFtZSB3aWR0aD0iNjYwIiBzY3JvbGxpbmc9Im5vIiBoZWlnaHQ9IjQ3MCIgZnJhbWVib3JkZXI9IjAiIHNyYz0iaHR0cDovL3d3dy5yYWt1dGVuLm5lLmpwL2dvbGQvdmllYW5nZS9nZF9pZnJhbWUvTFNSMDY3MV9pbi5odG1sIj48L2lmcmFtZT4KICAKICA8aW1nIHNyYz0iaHR0cDovL2ltYWdlLnJha3V0ZW4uY28uanAvdmllYW5nZS9jYWJpbmV0L2xvdmVyc19zY2VuZS9sc3IvbHNyMDY3MF8wOS5naWYiIHdpZHRoPSI0NzUiIGhlaWdodD0iMjUiIGNsYXNzPSJpbWcyNSIgLz4KPGRpdiBjbGFzcz0iY2xlYXJmaXggaW1nNDAiPgogICAgIDxkaXYgY2xhc3M9Imdvb2RzXzEzMDVfMDJfbGVmdCI+PGltZyBzcmM9Imh0dHA6Ly9pbWFnZS5yYWt1dGVuLmNvLmpwL3ZpZWFuZ2UvY2FiaW5ldC9sb3ZlcnNfc2NlbmUvbHNyL2xzcjA2NzFfMDkuanBnIiB3aWR0aD0iNDAwIiBoZWlnaHQ9IjQwMCIgY2xhc3M9ImltZzA1IiAvPgogICAgIOOBiuWlveOBjeOBquODoeODg+OCu+ODvOOCuOOCkuWFpeOCjOOAgeS6jOS6uuOBoOOBkeOBruODmuOCouODquODs+OCsOOCkuOBpOOBj+OBo+OBpuOBv+OBpuOBr+OBqeOBhuOBp+OBmeOBi++8n+WGheWBtOOBq+OBr+iqleeUn+efs+OCguWFpeOCjOOCieOCjOOBvuOBmeOCiOOAgjwvZGl2Pgo8ZGl2IGNsYXNzPSJnb29kc18xMzA1XzAyX3JpZ2h0Ij4KICAgICAgICA8cD5Mb3ZlcnMgJmFtcDsgUmluZyDjga7jgrfjg6rjg7zjgrrjga7kuK3jgafkuIDnlarjg4/jgqTjgq/jgqrjg6rjg4bjgqPjgarjgrfjg6rjg7zjgrrjgII8YnIgLz4KICAgICAgICAgIOODnuODquODg+OCuOODquODs+OCsOOBq+WMueaVteOBmeOCi+WTgeizquOBqOmiqOagvOOBr+OAgeawuOmBoOOBruaEm+OCkue0hOadn+OBmeOCi+aBi+S6uuOBn+OBoeOBq+OBteOBleOCj+OBl+OBhOODh+OCtuOCpOODs+OBp+OBmeOAgjxiciAvPgogICAgICAgIOaBi+OBi+OCieWni+OBvuOBo+OBn+S6jOS6uuOBruaEm+OBjOawuOmBoOOBruaEm+OBq+OBquOCiuOAgeS6jOS6uuOBrue1huOBruiovOOBqOOBl+OBpui0iOOCiuOBn+OBhOWVhuWTgeOBp+OBmeOAgjwvcD4KICAgICA8aW1nIHNyYz0iaHR0cDovL2ltYWdlLnJha3V0ZW4uY28uanAvdmllYW5nZS9jYWJpbmV0L2xvdmVyc19zY2VuZS9sc3IvbHNyMDY3MV8xMi5qcGciIGNsYXNzPSJpbWcwNSIgLz4KICAgIOWGheWBtOOBq+OBiuWFpeOCjOOBmeOCi+ODoeODg+OCu+ODvOOCuOOBr+KAnOeEoeaWmeOCteODvOODk+OCueKAneOBp+OBmeOAguijj+efs+OCguWvvuW/nOWPr+iDvSjmnInmlpkpPC9kaXY+CiAgPC9kaXY+CiAgCiAgPGltZyBzcmM9Imh0dHA6Ly9pbWFnZS5yYWt1dGVuLmNvLmpwL3ZpZWFuZ2UvY2FiaW5ldC9sb3ZlcnNfc2NlbmUvbHNyL2xzcjA2NzFfMTUuZ2lmIiB3aWR0aD0iNTE5IiBoZWlnaHQ9IjI5IiBjbGFzcz0iaW1nMjUiIC8+CjxkaXYgY2xhc3M9ImNsZWFyZml4IGltZzQwIj4KICAgICA8ZGl2IGNsYXNzPSJnb29kc18xMzA1XzAzX2xlZnQiPgogICAgICAgIDxwPue+juOBl+OBhOODleOCqeODq+ODoOOBjOaMh+WFg+OCkuW8leeri+OBpuOCi+OAgea0l+e3tOOBleOCjOOBn+e+juOBl+OBleOCkui/veaxguOBl+OBn+ODquODs+OCsOOAgjwvcD4KICAgIDxpbWcgc3JjPSJodHRwOi8vaW1hZ2UucmFrdXRlbi5jby5qcC92aWVhbmdlL2NhYmluZXQvbG92ZXJzX3NjZW5lL2xzci9sc3IwNjcxXzIwLmpwZyIgd2lkdGg9IjI0NSIgaGVpZ2h0PSIyNDUiIGNsYXNzPSJpbWcwNSIgLz4KICAgICAgICDlpKfliIfjgarkurrjgajjga7oqJjlv7Xml6XjgoTjgIHjg5fjg6zjgrzjg7Pjg4jjgavmnIDpganjga7jg5rjgqLjg6rjg7PjgrAgICAgIDwvZGl2PgogIDxkaXYgY2xhc3M9Imdvb2RzXzEzMDVfMDNfcmlnaHQiPgo8aW1nIHNyYz0iaHR0cDovL2ltYWdlLnJha3V0ZW4uY28uanAvdmllYW5nZS9jYWJpbmV0L2xvdmVyc19zY2VuZS9sc3IvbHNyMDY3MV8xOS5qcGciIHdpZHRoPSI0MDAiIGhlaWdodD0iNDAwIiBjbGFzcz0iaW1nMDUiIC8+ICAgIOWkieiJsuOBl+OBq+OBj+OBj+e+juOBl+OBhOi8neOBj+OCkuaUvuOBpOOAgeODlOODs+OCr+OCtOODvOODq+ODieOBqOODm+ODr+OCpOODiOOCtOODvOODq+ODieOBruODmuOCouODquODs+OCsCAgICAgPC9kaXY+CiAgPC9kaXY+CiAgCiAgPGltZyBzcmM9Imh0dHA6Ly9pbWFnZS5yYWt1dGVuLmNvLmpwL3ZpZWFuZ2UvY2FiaW5ldC9sb3ZlcnNfc2NlbmUvbHNyL2xzcjA2NzFfMjQuanBnIiB3aWR0aD0iNjYwIiBoZWlnaHQ9IjM2OSIgY2xhc3M9ImltZzYwIiAvPgoKPCEtLeKWvOKWvOKWvOOCq+ODqeODvOODkOODquOCqOODvOOCt+ODp+ODs+KWvOKWvOKWvC0tPiAKICAKICA8aW1nIHNyYz0iaHR0cDovL2ltYWdlLnJha3V0ZW4uY28uanAvdmllYW5nZS9jYWJpbmV0L2xvdmVyc19hbmRfcmluZy9sb3ZlcnNyaW5nX2ltYWdlL2xyX3RpdGxlX2NvbG9yLmpwZyIgd2lkdGg9IjY2MCIgaGVpZ2h0PSIxNDUi44CAYWx0PSLjgqvjg6njg7zjg5Djg6rjgqjjg7zjgrfjg6fjg7MiICAvPgogIAogPHRhYmxlIGJvcmRlcj0iMCIgd2lkdGg9IjY2MHB4Ij4KIDx0cj48dGQ+CiA8aW1nIHNyYz0iaHR0cDovL2ltYWdlLnJha3V0ZW4uY28uanAvdmllYW5nZS9jYWJpbmV0L2xvdmVyc19hbmRfcmluZy9sb3ZlcnNyaW5nX2ltYWdlL2xyX3dnLmpwZyIgd2lkdGg9IjI1MCIgaGVpZ2h0PSIxNDAi44CAYWx0PSLjg5vjg6/jgqTjg4jjgrTjg7zjg6vjg4kiIC8+CiA8L3RkPgogPHRkPgogPGZvbnQgc2l6ZT0iMiIgY29sb3I9IiM2OTY5NjkiPgogPGI+4peGMTDph5EvMTjph5Hjg5vjg6/jgqTjg4jjgrTjg7zjg6vjg4k8L2I+PGJyPgrjg5fjg6njg4Hjg4rjgojjgorjgoLlronkvqHjgafnmb3jgY/ovJ3jgY/jgZPjgajjgYvjgonkurrmsJfjga7ntKDmnZDjgafjgZnjgIIK44Ot44K444Km44Og44Kz44O844OG44Kj44Oz44Kw44GM5pa944GV44KM44CB5aSJ6Imy44GX44Gr44GP44GE44GT44Go44GMCueJueW+tOOBp+OBmeOAgjwvZm9udD48L3RkPgogPC90cj4gCiA8dHI+PHRkPgogPGltZyBzcmM9Imh0dHA6Ly9pbWFnZS5yYWt1dGVuLmNvLmpwL3ZpZWFuZ2UvY2FiaW5ldC9sb3ZlcnNfYW5kX3JpbmcvbG92ZXJzcmluZ19pbWFnZS9scl9wZy5qcGciIHdpZHRoPSIyNTAiIGhlaWdodD0iMTQwIuOAgGFsdD0i44OU44Oz44Kv44K044O844Or44OJIiAvPgogPC90ZD4KIDx0ZD4KIDxmb250IHNpemU9IjIiIGNvbG9yPSIjNjk2OTY5Ij4KIDxiPuKXhjEw6YeRLzE46YeR44OU44Oz44Kv44K044O844Or44OJPC9iPjxicj4K44OU44Oz44Kv44K044O844Or44OJ44Gu5p+U44KJ44GL44GE6Lyd44GN44Gv44CB5LiK5ZOB44Gn5Y+v5oSb44KJ44GX44GPCuWEquOBl+OBhOmbsOWbsuawl+OCkua8lOWHuuOBl+OAgeWls+aAp+OBq+OBqOOBpuOCguS6uuawl+OBp+OBmeOAggrjgb7jgZ/ml6XmnKzkurrjga7ogozjgavpprTmn5Pjgb/jgoTjgZnjgYTjgajjgYTjgo/jgozjgabjgYrjgorjgIEK44OV44Kh44OD44K344On44Oz5oCn44KC6auY44GP44CB44Kz44O844OH44Kj44ON44O844OI44GX44KE44GZ44GE44Kr44Op44O844Gn44GZ44CCCjwvZm9udD48L3RkPgogPC90cj4gCiA8dHI+PHRkPgogPGltZyBzcmM9Imh0dHA6Ly9pbWFnZS5yYWt1dGVuLmNvLmpwL3ZpZWFuZ2UvY2FiaW5ldC9sb3ZlcnNfYW5kX3JpbmcvbG92ZXJzcmluZ19pbWFnZS9scl95Zy5qcGciIHdpZHRoPSIyNTAiIGhlaWdodD0iMTQwIuOAgGFsdD0i44Kk44Ko44Ot44O844K044O844Or44OJIiAvPgogPC90ZD4KIDx0ZD4KIDxmb250IHNpemU9IjIiIGNvbG9yPSIjNjk2OTY5Ij4KIDxiPuKXhjEw6YeRLzE46YeR44Kk44Ko44Ot44O844K044O844Or44OJPC9iPjxicj4K6I+v44KE44GL44Gn576O44GX44GE6Lyd44GN44GM6a2F5Yqb44Gu44Kk44Ko44Ot44O844K044O844Or44OJ44CCCuOBneOBruWtmOWcqOaEn+OBjOaJi+WFg+OCkuaYjuOCi+OBj+W9qeOCiuOBvuOBmeOAggrmrKfnsbPjgafjga/jg5bjg6njgqTjg4Djg6vjgrjjg6Xjgqjjg6rjg7zjga7ntKDmnZDjgajjgZfjgabjgoIK44Od44OU44Ol44Op44O844Gn44GZ44CCPC9mb250PjwvdGQ+CiA8L3RyPiAKIDx0cj48dGQ+CiA8aW1nIHNyYz0iaHR0cDovL2ltYWdlLnJha3V0ZW4uY28uanAvdmllYW5nZS9jYWJpbmV0L2xvdmVyc19hbmRfcmluZy9sb3ZlcnNyaW5nX2ltYWdlL2xyX3B0LmpwZyIgd2lkdGg9IjI1MCIgaGVpZ2h0PSIxNDAi44CAYWx0PSLjg5fjg6njg4Hjg4oiIC8+CiA8L3RkPgogPHRkPgogPGZvbnQgc2l6ZT0iMiIgY29sb3I9IiM2OTY5NjkiPgogPGI+4peG44OX44Op44OB44OKOTUwPC9iPjxicj4K44OX44Op44OB44OK44Gv5aSp54S244Gu55m944GE6Lyd44GN44KS5oyB44Gh44CB6ICQ5LmF5oCn44Gr5YSq44KM44Gf5biM5bCR5L6h5YCk44GuCumrmOOBhOe0oOadkOOBp+OBmeOAguWkieiJsuOBl+OBq+OBj+OBj+OAgeOBneOBrue+juOBl+OBhOeZveOBhOi8neOBjeOBjArjgYTjgaTjgb7jgafjgoLlpLHjgo/jgozjgarjgYTjgZPjgajjgYvjgonjgIHjgIzmsLjpgaDjga7mhJvjgI3jgpLntITmnZ/jgZnjgosK57WQ5ama5oyH6Lyq44Gr44KC5aSa44GP5L2/55So44GV44KM44Gm44GE44G+44GZ44CCPC9mb250PjwvdGQ+CiA8L3RyPiAKICA8L3RhYmxlPgogIAogIDxicj48YnI+CiAgCiAgPGRpdiBjbGFzcz0iZ29vZHNfMTMwNV8wNiI+CiAgPHA+44GU5rOo5paH56K66KqN5b6M44CB5ZWG5ZOB5Luj6YeR44Gr6L+95Yqg5paZ6YeR44KS5Yqg566X44GX44Gm44GU6KuL5rGC6YeR6aGN44KS5aSJ5pu044GV44Gb44Gm44GE44Gf44Gg44GN44G+44GZ44CCCuWKoOeul+W+jOOBruOBlOiri+axgumHkemhjeOBq+OBpOOBhOOBpuOBr+OAgeOBlOazqOaWh+eiuuiqjeW+jOOBq+OBiumAgeOCiuOBmeOCi+ODoeODvOODq+OCkuOBlOeiuuiqjemhmOOBhOOBvuOBmeOAgjxicj7jgb7jgZ/jgIHntKDmnZDjgavjgojjgorntI3mnJ/jgYznlbDjgarjgorjgb7jgZnjga7jgafjgZTms6jmhI/jgY/jgaDjgZXjgYTjgIIgPC9wPjwvZGl2PgogIAogPGJyPjxicj4KIAogIDwhLS3ilrzilrzilrzjg6rjg7PjgrDjgrXjgqTjgrrilrzilrzilrwtLT4gCiAgCiAgPGltZyBzcmM9Imh0dHA6Ly9pbWFnZS5yYWt1dGVuLmNvLmpwL3ZpZWFuZ2UvY2FiaW5ldC9sb3ZlcnNfYW5kX3JpbmcvbG92ZXJzcmluZ19pbWFnZS9scl90aXRsZV9zaXplNC5qcGciIHdpZHRoPSI2NjAiIGhlaWdodD0iODk3IuOAgGFsdD0i44Oq44Oz44Kw44K144Kk44K6IiBjbGFzcz0iaW1nMTAiIC8+CiAKIAogCiAgPCEtLeKWvOKWvOKWvOWIu+WNsOOCteODvOODk+OCueKWvOKWvOKWvC0tPiAKICAKICA8aW1nIHNyYz0iaHR0cDovL2ltYWdlLnJha3V0ZW4uY28uanAvdmllYW5nZS9jYWJpbmV0L2xvdmVyc19hbmRfcmluZy9sb3ZlcnNyaW5nX2ltYWdlL2xyX3RpdGxlX2tva3Vpbi5qcGciIHdpZHRoPSI2NjAiIGhlaWdodD0iNTgi44CAYWx0PSLliLvljbDjgrXjg7zjg5PjgrkiIGNsYXNzPSJpbWcxMCIgLz4KICAKIDxwIGNsYXNzPSJpbWcyMCI+44GU5biM5pyb44Gu5pa544Gr44Gv44CB44Oq44Oz44Kw44Gu5YaF5YG044Gr44Oh44OD44K744O844K444KE44GK5ZCN5YmN44Gq44Gp44KS54Sh5paZ44Gn5Yi75Y2wKOaWh+Wtl+WFpeOCjCnjgZXjgZvjgabjgYTjgZ/jgaDjgY3jgb7jgZnjgII8L3A+CiAgICAKICAgIDxkaXYgY2xhc3M9ImNsZWFyZml4IGdvb2RzXzEzMDVfMDUiPgogICAgICAgPGRpdj4KICAgICAgICAgPHAgY2xhc3M9ImltZzI1Ij7il4bmm7jkvZPjga/jg5bjg63jg4Pjgq/kvZPjgYvnrYboqJjkvZPjga7jgYTjgZrjgozjgYvjgpLjgYrpgbjjgbPjgYTjgZ/jgaDjgZHjgb7jgZnjgII8L3A+CiAgICAgICAgIOKXhuS9teOBm+OBpuaYn+W6p+ODnuODvOOCr+ODu+S4gOmDqOOBrue1teaWh+Wtl+OBjOWIu+WNsOWPr+iDveOBp+OBmeOAguS9v+eUqOWPr+iDveOBquiomOWPt+ODu+e1teaWh+Wtl+OBq+mWouOBl+OBvuOBl+OBpuOBr+OAgeS4i+iomOOBq+aOsuekuuOBleOCjOOBpuOBhOOBvuOBmeabuOS9k+imi+acrOOCkuOBlOWPgueFp+mhmOOBhOOBvuOBmeOAggogICAgICA8L2Rpdj4KICAgICAgIDxpbWcgc3JjPSJodHRwOi8vaW1hZ2UucmFrdXRlbi5jby5qcC92aWVhbmdlL2NhYmluZXQvcGFydHMvbHNyMDY1MF81MmEuanBnIiAvPiAgPC9kaXY+CiAgICAKICAgIDxpbWcgc3JjPSJodHRwOi8vaW1hZ2UucmFrdXRlbi5jby5qcC92aWVhbmdlL2NhYmluZXQvcGFydHMvbHNyMDY1MF81NC5qcGciIGNsYXNzPSJpbWcwNSIgLz4KICAgIAogIDxwIHN0eWxlPSJmb250LXNpemU6IDE0cHg7IiBjbGFzcz0iaW1nMjAiPuKAu+OBk+OBoeOCieOBruWVhuWTgeOBq+WFpeOCjOOCieOCjOOCi+WIu+WNsOaWh+Wtl+aVsDxzcGFuIHN0eWxlPSJjb2xvcjogI0ZGMDA2NiI+MzDmloflrZfjgb7jgac8L3NwYW4+44Gn44GZ44CCPC9wPgogIDxwIGNsYXNzPSJpbWcxMCI+44GT44Gu5ZWG5ZOB44Gv44CB44Ki44Or44OV44Kh44OZ44OD44OI5aSn5paH5a2X44O76Iux5pWw5a2X5ZCI44KP44Gb44GmPHNwYW4gc3R5bGU9ImNvbG9yOiAjRkYwMDY2Ij4zMOaWh+Wtl+OBvuOBp+WIu+WNsOWPr+iDve+8iOS4gOaWh+Wtl+e0hDAuOe+9je+9jeWkp++8iTwvc3Bhbj7jgafjgZnjgILoqJjlj7fjgIHjgrnjg5rjg7zjgrnjgIHjg57jg7zjgq/jgarjganjgoLvvJHmloflrZfliIbjgajjgZfjgabjgqvjgqbjg7Pjg4jjgZXjgozjgb7jgZnjgILjg57jg7zjgq/jg7vntbXmloflrZfjgpLjgZToqJjlhaXjga7loLTlkIjjga/jgIHmm7jkvZPopovmnKzjgavoqJjovInjgZXjgozjgabjgYTjgovjg57jg7zjgq/jga7kuLjnlarlj7fjgpLliLvljbDkvY3nva7jgavjgZToqJjlhaXpoZjjgYTjgb7jgZnjgII8L3A+CiAgCiAgPGJyPjxicj4KIAogPGRpdiBjbGFzcz0iZ29vZHNfMTMwNV8wNiI+CiAgPHA+44OX44Or44OA44Km44Oz44Oh44OL44Ol44O844GL44KJ44GU5biM5pyb44Gu5pu45L2T44KS44GK6YG444Gz44GP44Gg44GV44GE44CC5rOo5paH55S76Z2i44Gu44CM5Yi75Y2w5a++6LGh5ZWG5ZOB44KS44GU5rOo5paH44Gu5pa544GvCuOBk+OBoeOCieOBq+OBlOiomOWFpeOBj+OBoOOBleOBhOOAjeashOOBq+WIu+WNsOWGheWuueOCkuOBlOiomOWFpeOBj+OBoOOBleOBhOOAguWVhuWTgeOCkjLlgIvku6XkuIrjgYrosrfjgYTkuIrjgZLjga7loLTlkIjjga/jgIEK5Yi75Y2w5a++6LGh5ZWG5ZOB44GM5YiG44GL44KL44KI44GG44GU5L216KiY44GK6aGY44GE6Ie044GX44G+44GZ44CCCuS+i+OAjOODrOODh+OCo+ODvOOCue+8muKXi+KXi+KXi+KXi+OAjeOAjOODoeODs+OCuu+8muKXi+KXi+KXi+KXi+OAjeOBquOBqTwvcD48L2Rpdj4KCjxicj48YnI+CgogPCEtLeKWvOKWvOKWvOijj+efs+KWvOKWvOKWvC0tPiAKICAKICA8aW1nIHNyYz0iaHR0cDovL2ltYWdlLnJha3V0ZW4uY28uanAvdmllYW5nZS9jYWJpbmV0L2xvdmVyc19hbmRfcmluZy9sb3ZlcnNyaW5nX2ltYWdlL2xyX3RpdGxlX3N0b25lLmpwZyIgd2lkdGg9IjY2MCIgaGVpZ2h0PSIxNDUi44CAYWx0PSLoqpXnlJ/nn7MiIGNsYXNzPSJpbWcxMCIgLz4KIAogIDxwIGNsYXNzPSJpbWcxNSI+44Oq44Oz44Kw44Gu5YaF5YG044Gr44CB44GU6Ieq6Lqr44KE5aSn5YiH44Gq5pa544Gu6KqV55Sf55+z44KS44GK5YWl44KM44GZ44KL44GT44Go44GM44Gn44GN44G+44GZ44CCPGJyIC8+CiAg5Yi75Y2w44Oh44OD44K744O844K444Go57WE44G/5ZCI44KP44Gb44KL44GT44Go44Gr44KI44KK44CB44GK5LqM5Lq644Gu5oOz44GE44KE44Ki44Kk44OH44Oz44OG44Kj44OG44Kj44KS44KI44KK6Imy6a6u44KE44GL44Gr5ryU5Ye644GZ44KL44GT44Go44GM5Y+v6IO944Gn44GZ44CCPC9wPgogIAogIDxpbWcgc3JjPSJodHRwOi8vaW1hZ2UucmFrdXRlbi5jby5qcC92aWVhbmdlL2NhYmluZXQvcGFydHMvbHNyMDY1MF80Ni5qcGciIGNsYXNzPSJpbWcyNSIgLz4KCiA8ZGl2IGNsYXNzPSJnb29kc18xMzA1XzA2Ij4KICA8cD7jgZTms6jmlofnorroqo3lvozjgIHllYblk4Hku6Pph5Hjgavov73liqDmlpnph5HjgpLliqDnrpfjgZfjgabjgZToq4vmsYLph5HpoY3jgpLlpInmm7TjgZXjgZvjgabjgYTjgZ/jgaDjgY3jgb7jgZnjgIIK5Yqg566X5b6M44Gu44GU6KuL5rGC6YeR6aGN44Gr44Gk44GE44Gm44Gv44CB44GU5rOo5paH56K66KqN5b6M44Gr44GK6YCB44KK44GZ44KL44Oh44O844Or44KS44GU56K66KqN6aGY44GE44G+44GZ44CCPGJyPuOBvuOBn+OAgee0oOadkOOBq+OCiOOCiue0jeacn+OBjOeVsOOBquOCiuOBvuOBmeOBruOBp+OBlOazqOaEj+OBj+OBoOOBleOBhOOAgiA8L3A+PC9kaXY+CuOAgAoKICA8IS0t4pa84pa84pa844Op44OD44OU44Oz44Kw44O744Oh44OD44K744O844K444Kr44O844OJ4pa84pa84pa8LS0+ICAgCiAgCiAgPGltZyBzcmM9Imh0dHA6Ly9pbWFnZS5yYWt1dGVuLmNvLmpwL3ZpZWFuZ2UvY2FiaW5ldC93cmFwcGluZy93cmFwcGluZ190aXRsZS5qcGciIGFsdD0i44Op44OD44OU44Oz44KwIj4KCjxicj48YnI+PGJyPgoKPHRhYmxlIGJvcmRlcj0iMCIgd2lkdGg9IjY2MHB4Ij4KPHRyPgo8dGQ+CjxpbWcgc3JjPSJodHRwOi8vaW1hZ2UucmFrdXRlbi5jby5qcC92aWVhbmdlL2NhYmluZXQvd3JhcHBpbmcvbHJfd3JhcF8wMV8xLmpwZyIgYWx0PSJMb3ZlcnMmUmluZ+OAgOmAmuW4uOODqeODg+ODlOODs+OCsCI+CjwvdGQ+Cjx0ZD4KPGltZyBzcmM9Imh0dHA6Ly9pbWFnZS5yYWt1dGVuLmNvLmpwL3ZpZWFuZ2UvY2FiaW5ldC93cmFwcGluZy9scl93cmFwXzAyLmpwZyIgYWx0PSJMb3ZlcnMmUmluZ+OAgOOCqOOCs+ODqeODg+ODlOODs+OCsCI+CjwvdGQ+Cjx0ZD4KPGEgIGhyZWY9Imh0dHA6Ly9pdGVtLnJha3V0ZW4uY28uanAvdmllYW5nZS9jLzAwMDAwMDA3ODIvIj48aW1nIHNyYz0iaHR0cDovL2ltYWdlLnJha3V0ZW4uY28uanAvdmllYW5nZS9jYWJpbmV0L3dyYXBwaW5nL2xyX3dyYXBfMDMuanBnIiBhbHQ9IkxvdmVycyZSaW5n44CA44K544Oa44K344Oj44Or44Op44OD44OU44Oz44KwIj48L2E+CjwvdGQ+CjwvdHI+CjwvdGFibGU+CjxpbWcgc3JjPSJodHRwOi8vaW1hZ2UucmFrdXRlbi5jby5qcC92aWVhbmdlL2NhYmluZXQvd3JhcHBpbmcva2lraW4uanBnIiBhbHQ9IuWkqeS9v+OBruWNteWfuumHkSI+CiAgCiAgPGEgIGhyZWY9Imh0dHA6Ly9pdGVtLnJha3V0ZW4uY28uanAvdmllYW5nZS9jLzAwMDAwMDA3OTEvIj4KPGltZyBzcmM9Imh0dHA6Ly9pbWFnZS5yYWt1dGVuLmNvLmpwL3ZpZWFuZ2UvY2FiaW5ldC93cmFwcGluZy9sc19jYXJkLmpwZyIgYWx0PSLjg6Hjg4Pjgrvjg7zjgrjjgqvjg7zjg4kiPjwvYT4KCgogPCEtLeKWvOKWvOKWvOODmuOCouODu+WNmOWTgeODquODs+OCr+KWvOKWvOKWvC0tPiAgIAogCiAgPGltZyBzcmM9Imh0dHA6Ly9pbWFnZS5yYWt1dGVuLmNvLmpwL3ZpZWFuZ2UvY2FiaW5ldC9sb3ZlcnNfYW5kX3JpbmcvbG92ZXJzcmluZ19pbWFnZS9scl9saW5rX21lbnMuanBnIiB3aWR0aD0iNjYwIiBoZWlnaHQ9IjU4IiBjbGFzcz0iaW1nMTAiIC8+CiAgCiAgCiA8ZGl2IGNsYXNzPSJsaW5rX3BhaXJfbWVucyI+CiAgICAgPGRpdiBjbGFzcz0idGFucGluX2xlZnQiPjxhIGhyZWY9Imh0dHA6Ly9pdGVtLnJha3V0ZW4uY28uanAvdmllYW5nZS9sc3IwNjcxcGstd2cvIj48aW1nIHNyYz0iaHR0cDovL2ltYWdlLnJha3V0ZW4uY28uanAvdmllYW5nZS9jYWJpbmV0L2xvdmVyc19zY2VuZS9sc3IvbHNyMDY3MV9wYWlyLmpwZyIgd2lkdGg9IjIzNSIgaGVpZ2h0PSIyMzUiIGNsYXNzPSJpbWcyMCIgLz48L2E+CiAgICA8L2Rpdj4KICAgIDxkaXYgY2xhc3M9InRhbnBpbl9yaWdodCI+PGEgaHJlZj0iaHR0cDovL2l0ZW0ucmFrdXRlbi5jby5qcC92aWVhbmdlL2xzcjA2NzF3Zy8iPjxpbWcgc3JjPSJodHRwOi8vaW1hZ2UucmFrdXRlbi5jby5qcC92aWVhbmdlL2NhYmluZXQvbG92ZXJzX3NjZW5lL2xzci9sc3IwNjcxXzI5LmpwZyIgd2lkdGg9IjIzNSIgaGVpZ2h0PSIyMzUiIGNsYXNzPSJpbWcyMCIgLz48L2E+CiAgICA8L2Rpdj4KICA8L2Rpdj4KCgoKPGEgaHJlZj0iaHR0cDovL2l0ZW0ucmFrdXRlbi5jby5qcC92aWVhbmdlL2MvMDAwMDAwMDY2Ni8iPjxpbWcgc3JjPSJodHRwOi8vaW1hZ2UucmFrdXRlbi5jby5qcC92aWVhbmdlL2NhYmluZXQvaW1hZ2UvbW9yZV9wYWlycmluZzIuanBnIiB3aWR0aD0iNjYwIiBoZWlnaHQ9IjEyMCIgYm9yZGVyPSIwIj48L2E+PGJyPjxicj4KICAKICAKICAKICA8aW1nIHNyYz0iaHR0cDovL2ltYWdlLnJha3V0ZW4uY28uanAvdmllYW5nZS9jYWJpbmV0L3BhcnRzL2xzcjA2NTBfNjguZ2lmIiBjbGFzcz0iaW1nMzAiIC8+CgoKPC9kaXY+PC9kaXY+Cgo8dGFibGUgd2lkdGg9IjM5MCIgYm9yZGVyPSIwIj4KICA8dHI+CiAgICA8dGQgaGVpZ2h0PSI1MCI+PGZvbnQgY29sb3I9IzY5Njk2OSBzaXplPSIyIj7jgJBMb3ZlcnMgJiBSaW5n44CR44CQRXRlcm5hbCBMb3ZlCiAgICAgICAg44K344Oq44O844K644CR44CQ5bmz5omT5q615LuY44GN44K/44Kk44OX44CRSzEw44Oa44Ki44Oq44Oz44Kw77yc44Os44OH44Kj44O844K577yePGJyPgogICAgICAgIAo8L2ZvbnQ+PC90ZD4KICA8L3RyPgo8L3RhYmxlPgoKPHRhYmxlIHdpZHRoPSIzOTAiIGJvcmRlcj0iMCI+CiAgPHRyPgogICAgPHRkIHdpZHRoPSI4OSI+Jm5ic3A7PC90ZD4KICAgIDx0ZCB3aWR0aD0iMjkxIj4mbmJzcDs8L3RkPgogIDwvdHI+CiAgPHRyPgogICAgPHRkPjxmb250IGNvbG9yPSM2OTY5Njkgc2l6ZT0iMiI+4pag44CA57Sg5p2Q44CA4pagPC9mb250PjwvdGQ+CiAgICA8dGQ+Jm5ic3A7PC90ZD4KICA8L3RyPgo8L3RhYmxlPgo8dGFibGUgd2lkdGg9IjM5MCIgYm9yZGVyPSIwIj4KICA8dHI+CiAgICA8dGQgd2lkdGg9Ijg5Ij48ZGl2IGFsaWduPSJyaWdodCI+PGZvbnQgY29sb3I9IiM2OTY5NjkiIHNpemU9IjIiPuODrOODh+OCo+ODvOOCue+8mjwvZm9udD48L2Rpdj4KICAgIDwvdGQ+CiAgICA8dGQgd2lkdGg9IjI5MSI+PGZvbnQgY29sb3I9IzY5Njk2OSBzaXplPSIyIj5LMTAo44OU44Oz44Kv44K044O844Or44OJ77yJPC9mb250PjwvdGQ+CiAgPC90cj4KICA8dHI+CiAgICA8dGQ+Jm5ic3A7PC90ZD4KICAgIDx0ZD4mbmJzcDs8L3RkPgogIDwvdHI+CjwvdGFibGU+Cjx0YWJsZSB3aWR0aD0iMzkwIiBib3JkZXI9IjAiPgogIDx0cj4KICAgIDx0ZD48Zm9udCBjb2xvcj0jNjk2OTY5IHNpemU9IjIiPuKWoCDlpKfjgY3jgZUobW0pIOKWoDwvZm9udD48L3RkPgogIDwvdHI+CjwvdGFibGU+Cjx0YWJsZSB3aWR0aD0iMzkwIiBib3JkZXI9IjAiPgogIDx0cj4KICAgIDx0ZCB3aWR0aD0iODkiPiZuYnNwOzwvdGQ+CiAgICA8dGQgd2lkdGg9IjI5MSI+PGZvbnQgY29sb3I9IzY5Njk2OSBzaXplPSIyIj7luYXntIQyLjfDl+WOmuOBv+e0hDEuNzwvZm9udD48L3RkPgogIDwvdHI+CiAgPHRyPgogICAgPHRkPiZuYnNwOzwvdGQ+CiAgICA8dGQ+Jm5ic3A7PC90ZD4KICA8L3RyPgo8L3RhYmxlPgo8dGFibGUgd2lkdGg9IjM5MCIgYm9yZGVyPSIwIj4KICA8dHI+CiAgICA8dGQgd2lkdGg9IjM5MCI+PGZvbnQgY29sb3I9IzY5Njk2OSBzaXplPSIyIj7ilqDjgIDph43ph4/jgIDilqA8L2ZvbnQ+PC90ZD4KICAgIDx0ZCB3aWR0aD0iMjkxIj4mbmJzcDs8L3RkPgogIDwvdHI+CjwvdGFibGU+Cjx0YWJsZSB3aWR0aD0iMzkwIiBib3JkZXI9IjAiPgogIDx0cj4KICAgIDx0ZCB3aWR0aD0iODkiPiZuYnNwOzwvdGQ+CiAgICA8dGQgd2lkdGg9IjI5MSI+PGZvbnQgY29sb3I9IzY5Njk2OSBzaXplPSIyIj7ntIQyLjZnPC9mb250PjwvdGQ+CiAgPC90cj4KICA8dHI+CiAgICA8dGQ+Jm5ic3A7PC90ZD4KICAgIDx0ZD48Zm9udCBjb2xvcj0iIzAwOTlGRiIgc2l6ZT0iMSI+4oC75aSn44GN44GV44O76YeN44GV44Gr44Gv5aSa5bCR44Gu5YCL5L2T5beu44GM55Sf44GY44G+44GZPC9mb250PjwvdGQ+CiAgPC90cj4KPC90YWJsZT4KPHRhYmxlIHdpZHRoPSIzOTAiIGJvcmRlcj0iMCI+CiAgPHRyPgogICAgPHRkIHdpZHRoPSIzOTAiIGhlaWdodD0iMTUiPjxmb250IGNvbG9yPSM2OTY5Njkgc2l6ZT0iMiI+4pag6KaP5a6a44K144Kk44K64pagPC9mb250PjwvdGQ+CiAgICA8dGQgd2lkdGg9IjI5MiI+Jm5ic3A7PC90ZD4KICA8L3RyPgo8L3RhYmxlPgo8dGFibGUgd2lkdGg9IjM5MCIgYm9yZGVyPSIwIj4KICA8dHI+CiAgICA8dGQgd2lkdGg9Ijg5IiBoZWlnaHQ9IjUxIj4mbmJzcDs8L3RkPgogICAgPHRkIHdpZHRoPSIyOTEiPjxmb250IGNvbG9yPSM2OTY5Njkgc2l6ZT0iMiI+NeWPt+OBi+OCiTIz5Y+344G+44GnPGJyPgrigLsyNOWPt+S7peS4iuOBruOCteOCpOOCuuOBr+WIpemAlOaWmemHkeOBjOeZuueUn+OBhOOBn+OBl+OBvuOBmeOAguOBvuOBn+OAgee0jeacn+OBjDHpgLHplpPjgbvjganplbfjgY/jgarjgorjgb7jgZnjgII8YnI+Cjxicj4K4oC7NOWPt+S7peS4i+OBruOCteOCpOOCuuOBruWgtOWQiOOAgei/veWKoOaWmemHkeOBr+eZuueUn+OBhOOBn+OBl+OBvuOBm+OCk+OBjOOAgTxmb250IGNvbG9yPSIjMDA5OUZGIj7ntI3mnJ/jgYwx6YCx6ZaT77yIN+WWtualreaXpe+8ieOBu+OBqeWKoOeul+OBleOCjOOBvuOBmTwvZm9udD7jgII8YnI+PGJyPgril4bopo/lrprlpJbjgrXjgqTjgrrjga7jgqrjg7zjg4Djg7zmlrnms5Xil4Y8YnI+Cjxicj4K44K144Kk44K644Gu44OX44Or44OA44Km44Oz44Oh44OL44Ol44O844KI44KK77yc5LiK6KiY5Lul5aSW77ye44KS44GU6YG45oqe5LiL44GV44GE44CC5rOo5paH55S76Z2i44Gu6YCa5L+h5qyE44Gr44GU5biM5pyb44Gu44K144Kk44K644KS44GU5piO6KiY44GP44Gg44GV44GE44CC5b2T5pa544Gr44Gm5beu6aGN44KS566X5Ye644Gu44GG44GI44CB44GK5a6i5qeY44Gr44GU6YCj57Wh44GE44Gf44GX44G+44GZ44CC44GK5a6i5qeY44Gu44GU5LqG5om/44KS44GE44Gf44Gg44GE44Gf5pmC54K544Gn44CB5b2T5pa544Gr44Gm6L+95Yqg5paZ6YeR44KS5Yqg566X44GX44Gm44CB44GU6KuL5rGC57eP6aGN44KS5aSJ5pu044GV44Gb44Gm44GE44Gf44Gg44GN44G+44GZ44CCCjwvZm9udD48L3RkPgogIDwvdHI+CiAgPHRyPgogICAgPHRkPiZuYnNwOzwvdGQ+CiAgICA8dGQ+Jm5ic3A7PC90ZD4KICA8L3RyPgo8L3RhYmxlPjwhLS3ilrzilrwg5bem5biv44Oq44Oz44Kv44GC44KKIOKWvOKWvC0tPgoKPGRpdiBpZD0iaGlkYXJpLW9iaSI+Cgo8c3R5bGU+CiNoaWRhcmktb2JpIHsKcG9zaXRpb246IGFic29sdXRlOwp0b3A6MHB4OwpsZWZ0OjEwcHg7CmJhY2tncm91bmQ6IHVybCgiaHR0cHM6Ly9pbWFnZS5yYWt1dGVuLmNvLmpwL3ZpZWFuZ2UvY2FiaW5ldC9jYW1wYWlnbi9zY2Jucl8wNTE1LmpwZyIpIHJlcGVhdC15IGxlZnQgdG9wIDsKfQojaGlkYXJpLW9iaSBhIHsKZGlzcGxheTogYmxvY2s7CmhlaWdodDo5MzAwcHg7Lyrjg5rjg7zjgrjlhajkvZPjga7pq5jjgZUqLwp3aWR0aDogMTQwcHg7LyrluK/jga7luYUqLwp9Cjwvc3R5bGU+Cgo8L2Rpdj4KCgoKPCEtLeKWvOKWvCDlt6bluK/jg6rjg7Pjgq/jgarjgZcg4pa84pa8LS0+CgoKCgo8IS0t4pa84pa8IOW3puW4r+ODquODs+OCr+OBquOBlyDilrzilrwtLT4KCjwhLS0KPHN0eWxlIHR5cGU9InRleHQvY3NzIj4KYm9keXsKYmFja2dyb3VuZC1pbWFnZTogdXJsKCJodHRwOi8vaW1hZ2UucmFrdXRlbi5jby5qcC92aWVhbmdlL2NhYmluZXQvY2FtcGFpZ24vYm5yXzEwMTIuanBnIik7CmJhY2tncm91bmQtcmVwZWF0OiByZXBlYXQteTsKYmFja2dyb3VuZC1hdHRhY2htZW50OiBzY3JvbGw7CmJhY2tncm91bmQtcG9zaXRpb246bGVmdAp9Cjwvc3R5bGU+Ci0tPgoKCgoKPHN0eWxlIHR5cGU9InRleHQvY3NzIj4KCi8qIOOBiuawl+OBq+WFpeOCiuWVhuWTgSAqLwoKI3Jha3V0ZW5MaW1pdGVkSWRfYXJvdW5kQ2FydCAjc2VydmljZVRhYmxlU21sIHRkLmZhdm9yaXRlIHsKCnBhZGRpbmctdG9wOiA1cHg7Cgp9CgojcmFrdXRlbkxpbWl0ZWRJZF9hcm91bmRDYXJ0IGRpdi5ib29rbWFya0FyZWEgZGl2LmJrbSB7Cgp3aWR0aDogMjkxcHggIWltcG9ydGFudDsKCmhlaWdodDozM3B4ICFpbXBvcnRhbnQ7CgpwYWRkaW5nOiAwcHggMHB4IDEwcHggMHB4ICFpbXBvcnRhbnQ7Cgp9CgojcmFrdXRlbkxpbWl0ZWRJZF9hcm91bmRDYXJ0IGRpdi5ib29rbWFya0FyZWEgZGl2LmJrbSBhLmFkZEJrbSB7Cgp3aWR0aDogMjkxcHggIWltcG9ydGFudDsKCmhlaWdodDozM3B4ICFpbXBvcnRhbnQ7Cgp9CgojcmFrdXRlbkxpbWl0ZWRJZF9hcm91bmRDYXJ0IGRpdi5ib29rbWFya0FyZWEgZGl2LmJrbSBhLmFkZEJrbSBzcGFuLmJrbVN0YXIgewoKZGlzcGxheTogaW5saW5lLWJsb2NrICFpbXBvcnRhbnQ7Cgp3aWR0aDogMjkxcHggIWltcG9ydGFudDsKCmhlaWdodDozM3B4ICFpbXBvcnRhbnQ7CgptYXJnaW46MHB4IDBweCAxMHB4IDBweCAhaW1wb3J0YW50OwoKYmFja2dyb3VuZDogdXJsKCJodHRwOi8vaW1hZ2UucmFrdXRlbi5jby5qcC92aWVhbmdlL2NhYmluZXQvYm5yX2Zhdml0ZW0uanBnIikgbm8tcmVwZWF0ICFpbXBvcnRhbnQ7Cgp9CgogCgovKiDjgYrmsJfjgavlhaXjgorjgrfjg6fjg4Pjg5cgKi8KCmRpdi5ib29rbWFya0FyZWEgewoKd2lkdGg6IDI5MXB4ICFpbXBvcnRhbnQ7Cgp9CgojcmFrdXRlbkxpbWl0ZWRJZF9hcm91bmRDYXJ0IGRpdi5zaG9wQm9va21hcmtBcmVhIGRpdi5zaG9wQmttIHsKCndpZHRoOiAyOTFweCAhaW1wb3J0YW50OwoKaGVpZ2h0OjMzcHggIWltcG9ydGFudDsKCnBhZGRpbmc6IDBweCAwcHggIWltcG9ydGFudDsKCnBhZGRpbmctbGVmdDogMHB4ICFpbXBvcnRhbnQ7Cgp9CgojcmFrdXRlbkxpbWl0ZWRJZF9hcm91bmRDYXJ0IGRpdi5zaG9wQm9va21hcmtBcmVhIGRpdi5zaG9wQmttIGEuYWRkU2hvcEJrbSBzcGFuLnNob3BCa21TdGFyIHsKCmRpc3BsYXk6IGlubGluZS1ibG9jayAhaW1wb3J0YW50OwoKd2lkdGg6IDI5MXB4ICFpbXBvcnRhbnQ7CgpoZWlnaHQ6MzNweCAhaW1wb3J0YW50OwoKbWFyZ2luLXJpZ2h0OiAwcHggIWltcG9ydGFudDsKCmJhY2tncm91bmQ6IHVybCgiaHR0cDovL2ltYWdlLnJha3V0ZW4uY28uanAvdmllYW5nZS9jYWJpbmV0L2Jucl9mYXZzaG9wLmpwZyIpIG5vLXJlcGVhdCAhaW1wb3J0YW50OwoKfQo8L3N0eWxlPgoKCgoKPGRpdiBpZD0icHJlc2VudF9iYXNlIiBjbGFzcz0iY2xlYXJmaXgiPgogICA8ZGl2IGNsYXNzPSJwcmVzZW50X2ltZyI+PGltZyBzcmM9Imh0dHA6Ly9pbWFnZS5yYWt1dGVuLmNvLmpwL3ZpZWFuZ2UvY2FiaW5ldC90bWcvZm9vdF9wcmUwMS5naWYiIGFsdD0i5aSn5YiH44Gq44GC44Gu5Lq644Gr57Sg5pW144Gq44OX44Os44K844Oz44OIIiB3aWR0aD0iMTk5IiBoZWlnaHQ9IjI5NSIgLz48L2Rpdj4KICAgPGRpdiBjbGFzcz0icHJlc2VudF90eHQiPjxwPuW9k+W6l+OBr+OAgeS6uuawl+OCouOCr+OCu+OCteODquODvOODluODqeODs+ODieOAjOWkqeS9v+OBruWNteOAjeOChOOAjOacquadpeWkqeS9v+OAjeOCkuOBr+OBmOOCgeOAgeiqleeUn+efs+OBruODmuODs+ODgOODs+ODiOOChOODquODs+OCsOOBquOBqeOAgeODl+ODrOOCvOODs+ODiOOBq+ODlOODg+OCv+ODquOBquOCouOCr+OCu+OCteODquODvOOCkuWPluaJseOBhumAmuiyqeOCt+ODp+ODg+ODl+OBp+OBmeOAgjwvcD48YnIgLz4K44CM5YSq44GX44GE5YWJ44Gr44Gk44Gk44G+44KM44KL5rC46YGg44Gu5ZG944CN44KS6KGo54++44GX44Gf44Kz44Oz44K744OX44OI44K444Ol44Ko44Oq44O844CM5pyq5p2l5aSp5L2/44CN44Gv5pyq5p2l44Gr5ZCR44GR44Gm6Lyd44GR44KL5ZG944Gu44GZ44Gw44KJ44GX44GV44KS5aSa5b2p44Gq44OG44O844Oe44O744OH44K244Kk44Oz44Gn6KGo54++44GX44Gm44GE44G+44GZ44CCPGJyIC8+CuOBneOCk+OBquacquadpeWkqeS9v+OBi+OCieOBruODl+ODrOOCvOODs+ODiOOBqOOBhOOBhuOCs+ODs+OCu+ODl+ODiOOBp+S9nOOCieOCjOOBn+OAjOWkqeS9v+OBruWNteOAjeOBr+OAgeOAjOiqleeUn+OBruWWnOOBs+OAjeOChOOAjOeUn+OBjeOCi+OBk+OBqOOBruaEn+WLleOBqOiznuizm+OAjeOCkuODhuODvOODnuOBqOOBl+OBpuWJteOCieOCjOOAgeWNteOBqOe+veOBruODkOODqeODs+OCueOBruiJr+OBhOOChOOBleOBl+OBhOODh+OCtuOCpOODs+OBjOaEm+OBleOCjOOBpuOBhOOCi+ODreODs+OCsOOCu+ODqeODvOOBruS6uuawl+OCouOCr+OCu+OCteODquODvOOBp+OBmeOAguaYr+mdnuOAgeWkp+WIh+OBquS6uuOBuOOBruODl+ODrOOCvOODs+ODiOetieOBq+OCguOBlOa0u+eUqOS4i+OBleOBhO+8gTwvZGl2Pgo8L2Rpdj4KCgoKCgo8IS0t4pa84pa84pa844Os44OT44Ol44O844O75rOo5paH54q25rOB4pa84pa84pa8LS0+ICAgCgogICAgICAgICAgICA8aDI+PGltZyBzcmM9Imh0dHA6Ly93d3cucmFrdXRlbi5uZS5qcC9nb2xkL3ZpZWFuZ2UvaW1nL3RpdGxlXzA2LmpwZyIgYWx0PSLjg6zjg5Pjg6Xjg7wiIHdpZHRoPSI2ODgiIGhlaWdodD0iNzAiIC8+PC9oMj4KICAgICAgICAgICAgPGJyPjxicj4KICAKCSAgPGJyPiA8YnI+IDxicj4gCiAgICAgICAgICAgICAgICAgIDxoMj48aW1nIHNyYz0iaHR0cDovL3d3dy5yYWt1dGVuLm5lLmpwL2dvbGQvdmllYW5nZS9pbWcvdGl0bGVfMDcuanBnIiBhbHQ9IuazqOaWh+eKtuazgSIgd2lkdGg9IjY4OCIgaGVpZ2h0PSI3MCIgLz48L2gyPgogICAgICAgICAgICAgICAgICAgICAgICAgICAgICA8YnI+IDxicj4gCjxicj4gPGJyPiA8YnI+,44CQ5Yi75Y2w54Sh5paZ44CR4peGTG92ZXJzICZhbXA7IFJpbmcg44Op44OQ44O844K644Oq44Oz44Kw4peGSzEw44OU44Oz44Kv44K044O844Or44OJ44Oq44Oz44KwKOODrOODh+OCo+ODvOOCuSnjgJBMU1IwNjcxUEvjgJHjgJBLMTAg44OU44Oz44Kv44K044O844Or44OJIOODquODs+OCsCDjg5rjgqLjg6rjg7PjgrAg44Oa44KiIOODrOODh+OCo+ODvOOCuSDmjIfovKogIOiqleeUn+efsyDjg5fjg6zjgrzjg7Pjg4gg44Ku44OV44OIIOOCouOCr+OCu+OCteODquODvCDjgrjjg6Xjgqjjg6rjg7wg5aSp54S255+zIOWmuyAg5Yi75Y2w5Y+v6IO944CRICDmr43jga7ml6Ug44K344Oz44OX44Or77ya5aSp5L2/44Gu5Y21IHdpdGggTE9WRVJTIFNDRU5F,5aSp5L2/44Gu5Y215pyq5p2l5aSp5L2/44K544Oa44O844K544Kv44Oq44Ko44O844K/44O844K444Ol44Ko44Oq44O844K344Or44OQ44O844Ki44Kv44K744K144Oq44O844OU44Oz44Kv44K344Or44OQ44O844ON44OD44Kv44Os44K555u05Za25bqX44Kv44Oq44K544Oe44K56ZmQ5a6a44Oa44Oz44OA44Oz44OI5oyH6Lyq44OU44Ki44K544OX44Os44K844Oz44OI44OZ44OT44O844K544OX44O844Oz44Os44OH44Kj44O844K544Op44OQ44O844K644K344O844Oz57WQ5ama5oyH6Lyq44Oa44Ki44Oq44Oz44Kw6KqV55Sf55+z44CQ5Yi75Y2w54Sh5paZ44CR4peGTG92ZXJzICZhbXA7IFJpbmcg44Op44OQ44O844K644Oq44Oz44Kw4peGSzEw44OU44Oz44Kv44K044O844Or44OJ44Oq44Oz44KwKOODrOODh+OCo+ODvOOCuSnjgJBMU1IwNjcxUEvjgJHjgJBLMTAg44OU44Oz44Kv44K044O844Or44OJIOODquODs+OCsCDjg5rjgqLjg6rjg7PjgrAg44Oa44KiIOODrOODh+OCo+ODvOOCuSDmjIfovKogIOiqleeUn+efsyDjg5fjg6zjgrzjg7Pjg4gg44Ku44OV44OIIOOCouOCr+OCu+OCteODquODvCDjgrjjg6Xjgqjjg6rjg7wg5aSp54S255+zIOWmuyAg5Yi75Y2w5Y+v6IO944CRICDmr43jga7ml6Ug44K344Oz44OX44Or,44OU44Oz44Kv44K044O844Or44OJ44Gu5LiK5ZOB44Gu6Lyd44GN4piGIOmAgeaWmeeEoeaWmeOAguOAkOWIu+WNsOeEoeaWmeOAkeKXhkxvdmVycyAmYW1wOyBSaW5nIOODqeODkOODvOOCuuODquODs+OCsOKXhksxMOODlOODs+OCr+OCtOODvOODq+ODieODquODs+OCsCjjg6zjg4fjgqPjg7zjgrkp44CQTFNSMDY3MVBL44CR44CQSzEwIOODlOODs+OCr+OCtOODvOODq+ODiSDjg6rjg7PjgrAg44Oa44Ki44Oq44Oz44KwIOODmuOCoiDjg6zjg4fjgqPjg7zjgrkg5oyH6LyqICDoqpXnlJ/nn7Mg44OX44Os44K844Oz44OIIOOCruODleODiCDjgqLjgq/jgrvjgrXjg6rjg7wg44K444Ol44Ko44Oq44O8IOWkqeeEtuefsyDlprsgIOWIu+WNsOWPr+iDveOAkSAg5q+N44Gu5pelIOOCt+ODs+ODl+ODqw==[rn]
39-1034,aHR0cDovL3RzaG9wLnIxMHMuanAvdmllYW5nZS9jYWJpbmV0L2xvdmVyc19hbmRfcmluZy9sc3IwNjcwZHBrLmpwZz9maXRpbj03MDA6NzAw,MjY3ODQuMDAwMA==,,44K444Ol44Ko44Oq44O844O744Ki44Kv44K744K144Oq44O8ID4g44Os44OH44Kj44O844K544K444Ol44Ko44Oq44O844O744Ki44Kv44K744K144Oq44O8ID4g5oyH6Lyq44O744Oq44Oz44Kw,44CQ5Yi75Y2w54Sh5paZ44CR4peGTG92ZXJzICYgUmluZyDjg6njg5Djg7zjgrrjg6rjg7PjgrDil4ZLMTDjg5Tjg7Pjgq/jgrTjg7zjg6vjg4njg6rjg7PjgrAo44Os44OH44Kj44O844K5KeOAkExTUjA2NzBEUEvjgJHjgJBLMTAg44OU44Oz44Kv44K044O844Or44OJIOODquODs+OCsCDjg5rjgqLjg6rjg7PjgrAg44Oa44KiIOaMh+i8qiDjg6njg5bjg6rjg7PjgrAg44OA44Kk44Ok44Oi44Oz44OJIOiqleeUn+efsyDjg5fjg6zjgrzjg7Pjg4gg44K444Ol44Ko44Oq44O8IOWkqeeEtuefsyDoqpXnlJ/npZ3jgYQg5aa7ICDliLvljbDjgJHmr43jga7ml6Ug44K344Oz44OX44Or,44OA44Kk44Ok44Oi44Oz44OJ44GM5LiK5ZOB44Gr6Lyd44GP44Oa44Ki44Oq44Oz44Kw4piGIOmAgeaWmeeEoeaWmQ==,PGNlbnRlcj48YSBocmVmPSJodHRwczovL215LmJvb2ttYXJrLnJha3V0ZW4uY28uanAvP2Z1bmM9cmVnJnN2aWQ9MTAxJnNob3BfYmlkPTIwMzk0NyZpaWQ9MTAwMDExMDMmaXR5cGU9MSB0YXJnZXQ9X2JsYW5rIj48aW1nIHNyYz0iaHR0cDovL2ltYWdlLnJha3V0ZW4uY28uanAvdmllYW5nZS9jYWJpbmV0L3BfYm5yX2Zhdml0ZW0uanBnIiBib3JkZXI9IjAiIHdpZHRoPSI2NjAiIGhlaWdodD0iMTMwIj48L2E+PC9jZW50ZXI+PGJyPjxicj48aW1nIHNyYz0iaHR0cDovL2ltYWdlLnJha3V0ZW4uY28uanAvdmllYW5nZS9jYWJpbmV0L2NhbXBhaWduL2xyX3JpbmdfcGNfdG9rdXRlbi5qcGciYWx0PSJMb3ZlcnMmUmluZyDjgq3jg6Pjg7Pjg5rjg7zjg7MiPjxicj48YnI+Cgo8ZGl2IGNsYXNzPSJjYV8wMSI+Cgo8ZGl2IGlkPSJkZXRhaWxfYmFzZTIiPgoKICA8ZGl2IGNsYXNzPSJnb29kc18xMzA1XzAxIj4KICAgICAgPGRpdj48cD7igJxFdGVybmFsIExvdmXigJ0o5rC46YGg44Gu5oSbKeOBruWIu+WNsOOBjOWFpeOBo+OBn+ODmuOCouODquODs+OCsOOAgjxiciAvPgogICAgICAgIOOBvuOBn+OAgeOBneOBruaEj+WRs+OCkuW+jOaKvOOBl+OBmeOCi+OBi+OBruOCiOOBhuOBq+Wfi+OCgei+vOOBvuOCjOOBn+ODgOOCpOODpOODouODs+ODieOAgjxiciAvPgogICAgICAgIOODgOOCpOODpOODouODs+ODieOBrui8neOBjeOBr+OAjOawuOmBoOOBq+WkieOCj+OCieOBquOBhOaDs+OBhOOAjeOAgeehrOW6puOBr+OAjOa3seOBhOe1huOCkue1kOOBtuODouODjuOAjeOCkuaEj+WRs+OBl+OBvuOBmeOAguODquODs+OCsOOBruWRqOOCiuOBjOe4geOBqeOCieOCjOOBpuOBhOOCi+OCiOOBhuOBquODh+OCtuOCpOODs+OBrueCuuOAgeWtmOWcqOaEn+OBguOCi+WVhuWTgeOBqOOBquOBo+OBpuOBhOOBvuOBmeOAgjxiciAvPgogICAgICAgIOS6jOS6uuOBruawuOmBoOOBruaEm+OBruiovOOBqOOBl+OBpuOAgeODlOODg+OCv+ODquOBquODh+OCtuOCpOODs+OBp+OBmeOAgjwvcD4KICAgIDwvZGl2PgogICAgICA8aW1nIHNyYz0iaHR0cDovL2ltYWdlLnJha3V0ZW4uY28uanAvdmllYW5nZS9jYWJpbmV0L2xvdmVyc19zY2VuZS9sc3IvbHNyMDY3MF8wMy5qcGciIHdpZHRoPSI2NjAiIGhlaWdodD0iMzYwIiAvPjwvZGl2PgogIAogIDxpbWcgc3JjPSJodHRwOi8vaW1hZ2UucmFrdXRlbi5jby5qcC92aWVhbmdlL2NhYmluZXQvbG92ZXJzX3NjZW5lL2xzci9sc3IwNjUwXzA2LmdpZiIgd2lkdGg9IjM0NSIgaGVpZ2h0PSIyNyIgY2xhc3M9ImltZzEwIiAvPgogIDxwIGNsYXNzPSJpbWcyMCI+5b6T5p2l44Gu44Oa44Ki44Oq44Oz44Kw44Gn44KC44Gq44GP44CB44Oe44Oq44OD44K444Oq44Oz44Kw44Gn44KC44Gq44GE44CO5oSb44Go5YWx44Gr55Sf44GN44KL44CP44Go44GE44GG5paw44Gf44Gq44Kz44Oz44K744OX44OI44Gn5Ym144KJ44KM44Gf5paw44Gf44Gq44K444Oj44Oz44Or44Gu5oyH6Lyq44Gn44GZ44CC55yf5a6f44Gu5oSb44KS6aGY44GG5oGL5Lq644Gf44Gh44Gr6LSI44KK44G+44GZ4oCm44CCPC9wPgogIAogIDxpZnJhbWUgd2lkdGg9IjY2MCIgc2Nyb2xsaW5nPSJubyIgaGVpZ2h0PSI0NzAiIGZyYW1lYm9yZGVyPSIwIiBzcmM9Imh0dHA6Ly93d3cucmFrdXRlbi5uZS5qcC9nb2xkL3ZpZWFuZ2UvZ2RfaWZyYW1lL0xTUjA2NzBfaW4uaHRtbCI+PC9pZnJhbWU+CiAgCiAgPGltZyBzcmM9Imh0dHA6Ly9pbWFnZS5yYWt1dGVuLmNvLmpwL3ZpZWFuZ2UvY2FiaW5ldC9sb3ZlcnNfc2NlbmUvbHNyL2xzcjA2NzBfMDkuZ2lmIiB3aWR0aD0iNDc1IiBoZWlnaHQ9IjI1IiBjbGFzcz0iaW1nMjUiIC8+CjxkaXYgY2xhc3M9ImNsZWFyZml4IGltZzQwIj4KICAgICA8ZGl2IGNsYXNzPSJnb29kc18xMzA1XzAyX2xlZnQiPjxpbWcgc3JjPSJodHRwOi8vaW1hZ2UucmFrdXRlbi5jby5qcC92aWVhbmdlL2NhYmluZXQvbG92ZXJzX3NjZW5lL2xzci9sc3IwNjcwXzEyLmpwZyIgd2lkdGg9IjQwMCIgaGVpZ2h0PSI0MDAiIGNsYXNzPSJpbWcwNSIgLz4KICAgICDjgYrlpb3jgY3jgarjg6Hjg4Pjgrvjg7zjgrjjgpLlhaXjgozjgIHkuozkurrjgaDjgZHjga7jg5rjgqLjg6rjg7PjgrDjgpLjgaTjgY/jgaPjgabjgb/jgabjga/jganjgYbjgafjgZnjgYvvvJ/lhoXlgbTjgavjga/oqpXnlJ/nn7PjgoLlhaXjgozjgonjgozjgb7jgZnjgojjgII8L2Rpdj4KPGRpdiBjbGFzcz0iZ29vZHNfMTMwNV8wMl9yaWdodCI+CiAgICAgICAgPHA+TG92ZXJzICZhbXA7IFJpbmcg44Gu44K344Oq44O844K644Gu5Lit44Gn5LiA55Wq44OP44Kk44Kv44Kq44Oq44OG44Kj44Gq44K344Oq44O844K644CCPGJyIC8+CiAgICAgICAgICDjg57jg6rjg4Pjgrjjg6rjg7PjgrDjgavljLnmlbXjgZnjgovlk4Hos6rjgajpoqjmoLzjga/jgIHmsLjpgaDjga7mhJvjgpLntITmnZ/jgZnjgovmgYvkurrjgZ/jgaHjgavjgbXjgZXjgo/jgZfjgYTjg4fjgrbjgqTjg7PjgafjgZnjgII8YnIgLz4KICAgICAgICDmgYvjgYvjgonlp4vjgb7jgaPjgZ/kuozkurrjga7mhJvjgYzmsLjpgaDjga7mhJvjgavjgarjgorjgIHkuozkurrjga7ntYbjga7oqLzjgajjgZfjgabotIjjgorjgZ/jgYTllYblk4HjgafjgZnjgII8L3A+CiAgICAgPGltZyBzcmM9Imh0dHA6Ly9pbWFnZS5yYWt1dGVuLmNvLmpwL3ZpZWFuZ2UvY2FiaW5ldC9sb3ZlcnNfc2NlbmUvbHNyL2xzcjA2NzBfMTUuanBnIiBjbGFzcz0iaW1nMDUiIC8+CiAgICDlhoXlgbTjgavjgYrlhaXjgozjgZnjgovjg6Hjg4Pjgrvjg7zjgrjjga/igJznhKHmlpnjgrXjg7zjg5PjgrnigJ3jgafjgZnjgILoo4/nn7PjgoLlr77lv5zlj6/og70o5pyJ5paZKTwvZGl2PgogIDwvZGl2PgogIAogIDxpbWcgc3JjPSJodHRwOi8vaW1hZ2UucmFrdXRlbi5jby5qcC92aWVhbmdlL2NhYmluZXQvbG92ZXJzX3NjZW5lL2xzci9sc3IwNjcwXzE4LmdpZiIgd2lkdGg9IjQ4NiIgaGVpZ2h0PSIzNCIgY2xhc3M9ImltZzI1IiAvPgo8ZGl2IGNsYXNzPSJjbGVhcmZpeCBpbWc0MCI+CiAgICAgPGRpdiBjbGFzcz0iZ29vZHNfMTMwNV8wM19sZWZ0Ij4KICAgICAgICA8cD7jg4fjgrbjgqTjg7Pjgavoj6/jgpLmt7vjgYjjgovlrp3nn7PjgILlpbPmgKfnlKjjga7jg4DjgqTjg6Tjg6Ljg7Pjg4njga/jgIEwLjdjdOOBruS4iuWTgeizquOBquOCguOBruOCkuWOs+mBuOOBl+S9v+eUqOOBl+OBvuOBl+OBn+OAgjwvcD4KICAgICA8aW1nIHNyYz0iaHR0cDovL2ltYWdlLnJha3V0ZW4uY28uanAvdmllYW5nZS9jYWJpbmV0L2xvdmVyc19zY2VuZS9sc3IvbHNyMDY3MF8yMy5qcGciIHdpZHRoPSIyNDUiIGhlaWdodD0iMjQ1IiBjbGFzcz0iaW1nMDUiIC8+CiAgICAgICAg5aSn5YiH44Gq5Lq644Go44Gu6KiY5b+15pel44KE44CB44OX44Os44K844Oz44OI44Gr5pyA6YGp44Gu44Oa44Ki44Oq44Oz44KwICAgICA8L2Rpdj4KICA8ZGl2IGNsYXNzPSJnb29kc18xMzA1XzAzX3JpZ2h0Ij4KPGltZyBzcmM9Imh0dHA6Ly9pbWFnZS5yYWt1dGVuLmNvLmpwL3ZpZWFuZ2UvY2FiaW5ldC9sb3ZlcnNfc2NlbmUvbHNyL2xzcjA2NzBfMjIuanBnIiB3aWR0aD0iNDAwIiBoZWlnaHQ9IjQwMCIgY2xhc3M9ImltZzA1IiAvPiAgICDlpInoibLjgZfjgavjgY/jgY/nvo7jgZfjgYTovJ3jgY/jgpLmlL7jgaTjgIHjg5Tjg7Pjgq/jgrTjg7zjg6vjg4njgajjg5vjg6/jgqTjg4jjgrTjg7zjg6vjg4njga7jg5rjgqLjg6rjg7PjgrAgICAgIDwvZGl2PgogIDwvZGl2PgogIAogIDxpbWcgc3JjPSJodHRwOi8vaW1hZ2UucmFrdXRlbi5jby5qcC92aWVhbmdlL2NhYmluZXQvbG92ZXJzX3NjZW5lL2xzci9sc3IwNjcwXzI3LmpwZyIgd2lkdGg9IjY2MCIgaGVpZ2h0PSIzNzMiIGNsYXNzPSJpbWc2MCIgLz4KICAKICA8IS0t4pa84pa84pa844Kr44Op44O844OQ44Oq44Ko44O844K344On44Oz4pa84pa84pa8LS0+IAogIAogIDxpbWcgc3JjPSJodHRwOi8vaW1hZ2UucmFrdXRlbi5jby5qcC92aWVhbmdlL2NhYmluZXQvbG92ZXJzX2FuZF9yaW5nL2xvdmVyc3JpbmdfaW1hZ2UvbHJfdGl0bGVfY29sb3IuanBnIiB3aWR0aD0iNjYwIiBoZWlnaHQ9IjE0NSLjgIBhbHQ9IuOCq+ODqeODvOODkOODquOCqOODvOOCt+ODp+ODsyIgIC8+CiAgCiA8dGFibGUgYm9yZGVyPSIwIiB3aWR0aD0iNjYwcHgiPgogPHRyPjx0ZD4KIDxpbWcgc3JjPSJodHRwOi8vaW1hZ2UucmFrdXRlbi5jby5qcC92aWVhbmdlL2NhYmluZXQvbG92ZXJzX2FuZF9yaW5nL2xvdmVyc3JpbmdfaW1hZ2UvbHJfd2cuanBnIiB3aWR0aD0iMjUwIiBoZWlnaHQ9IjE0MCLjgIBhbHQ9IuODm+ODr+OCpOODiOOCtOODvOODq+ODiSIgLz4KIDwvdGQ+CiA8dGQ+CiA8Zm9udCBzaXplPSIyIiBjb2xvcj0iIzY5Njk2OSI+CiA8Yj7il4YxMOmHkS8xOOmHkeODm+ODr+OCpOODiOOCtOODvOODq+ODiTwvYj48YnI+CuODl+ODqeODgeODiuOCiOOCiuOCguWuieS+oeOBp+eZveOBj+i8neOBj+OBk+OBqOOBi+OCieS6uuawl+OBrue0oOadkOOBp+OBmeOAggrjg63jgrjjgqbjg6DjgrPjg7zjg4bjgqPjg7PjgrDjgYzmlr3jgZXjgozjgIHlpInoibLjgZfjgavjgY/jgYTjgZPjgajjgYwK54m55b6044Gn44GZ44CCPC9mb250PjwvdGQ+CiA8L3RyPiAKIDx0cj48dGQ+CiA8aW1nIHNyYz0iaHR0cDovL2ltYWdlLnJha3V0ZW4uY28uanAvdmllYW5nZS9jYWJpbmV0L2xvdmVyc19hbmRfcmluZy9sb3ZlcnNyaW5nX2ltYWdlL2xyX3BnLmpwZyIgd2lkdGg9IjI1MCIgaGVpZ2h0PSIxNDAi44CAYWx0PSLjg5Tjg7Pjgq/jgrTjg7zjg6vjg4kiIC8+CiA8L3RkPgogPHRkPgogPGZvbnQgc2l6ZT0iMiIgY29sb3I9IiM2OTY5NjkiPgogPGI+4peGMTDph5EvMTjph5Hjg5Tjg7Pjgq/jgrTjg7zjg6vjg4k8L2I+PGJyPgrjg5Tjg7Pjgq/jgrTjg7zjg6vjg4njga7mn5TjgonjgYvjgYTovJ3jgY3jga/jgIHkuIrlk4Hjgaflj6/mhJvjgonjgZfjgY8K5YSq44GX44GE6Zuw5Zuy5rCX44KS5ryU5Ye644GX44CB5aWz5oCn44Gr44Go44Gm44KC5Lq65rCX44Gn44GZ44CCCuOBvuOBn+aXpeacrOS6uuOBruiCjOOBq+mmtOafk+OBv+OChOOBmeOBhOOBqOOBhOOCj+OCjOOBpuOBiuOCiuOAgQrjg5XjgqHjg4Pjgrfjg6fjg7PmgKfjgoLpq5jjgY/jgIHjgrPjg7zjg4fjgqPjg43jg7zjg4jjgZfjgoTjgZnjgYTjgqvjg6njg7zjgafjgZnjgIIKPC9mb250PjwvdGQ+CiA8L3RyPiAKIDx0cj48dGQ+CiA8aW1nIHNyYz0iaHR0cDovL2ltYWdlLnJha3V0ZW4uY28uanAvdmllYW5nZS9jYWJpbmV0L2xvdmVyc19hbmRfcmluZy9sb3ZlcnNyaW5nX2ltYWdlL2xyX3lnLmpwZyIgd2lkdGg9IjI1MCIgaGVpZ2h0PSIxNDAi44CAYWx0PSLjgqTjgqjjg63jg7zjgrTjg7zjg6vjg4kiIC8+CiA8L3RkPgogPHRkPgogPGZvbnQgc2l6ZT0iMiIgY29sb3I9IiM2OTY5NjkiPgogPGI+4peGMTDph5EvMTjph5HjgqTjgqjjg63jg7zjgrTjg7zjg6vjg4k8L2I+PGJyPgroj6/jgoTjgYvjgafnvo7jgZfjgYTovJ3jgY3jgYzprYXlipvjga7jgqTjgqjjg63jg7zjgrTjg7zjg6vjg4njgIIK44Gd44Gu5a2Y5Zyo5oSf44GM5omL5YWD44KS5piO44KL44GP5b2p44KK44G+44GZ44CCCuasp+exs+OBp+OBr+ODluODqeOCpOODgOODq+OCuOODpeOCqOODquODvOOBrue0oOadkOOBqOOBl+OBpuOCggrjg53jg5Tjg6Xjg6njg7zjgafjgZnjgII8L2ZvbnQ+PC90ZD4KIDwvdHI+IAogPHRyPjx0ZD4KIDxpbWcgc3JjPSJodHRwOi8vaW1hZ2UucmFrdXRlbi5jby5qcC92aWVhbmdlL2NhYmluZXQvbG92ZXJzX2FuZF9yaW5nL2xvdmVyc3JpbmdfaW1hZ2UvbHJfcHQuanBnIiB3aWR0aD0iMjUwIiBoZWlnaHQ9IjE0MCLjgIBhbHQ9IuODl+ODqeODgeODiiIgLz4KIDwvdGQ+CiA8dGQ+CiA8Zm9udCBzaXplPSIyIiBjb2xvcj0iIzY5Njk2OSI+CiA8Yj7il4bjg5fjg6njg4Hjg4o5NTA8L2I+PGJyPgrjg5fjg6njg4Hjg4rjga/lpKnnhLbjga7nmb3jgYTovJ3jgY3jgpLmjIHjgaHjgIHogJDkuYXmgKfjgavlhKrjgozjgZ/luIzlsJHkvqHlgKTjga4K6auY44GE57Sg5p2Q44Gn44GZ44CC5aSJ6Imy44GX44Gr44GP44GP44CB44Gd44Gu576O44GX44GE55m944GE6Lyd44GN44GMCuOBhOOBpOOBvuOBp+OCguWkseOCj+OCjOOBquOBhOOBk+OBqOOBi+OCieOAgeOAjOawuOmBoOOBruaEm+OAjeOCkue0hOadn+OBmeOCiwrntZDlqZrmjIfovKrjgavjgoLlpJrjgY/kvb/nlKjjgZXjgozjgabjgYTjgb7jgZnjgII8L2ZvbnQ+PC90ZD4KIDwvdHI+IAogIDwvdGFibGU+CiAgCiAgPGJyPjxicj4KICAKICA8ZGl2IGNsYXNzPSJnb29kc18xMzA1XzA2Ij4KICA8cD7jgZTms6jmlofnorroqo3lvozjgIHllYblk4Hku6Pph5Hjgavov73liqDmlpnph5HjgpLliqDnrpfjgZfjgabjgZToq4vmsYLph5HpoY3jgpLlpInmm7TjgZXjgZvjgabjgYTjgZ/jgaDjgY3jgb7jgZnjgIIK5Yqg566X5b6M44Gu44GU6KuL5rGC6YeR6aGN44Gr44Gk44GE44Gm44Gv44CB44GU5rOo5paH56K66KqN5b6M44Gr44GK6YCB44KK44GZ44KL44Oh44O844Or44KS44GU56K66KqN6aGY44GE44G+44GZ44CCPGJyPuOBvuOBn+OAgee0oOadkOOBq+OCiOOCiue0jeacn+OBjOeVsOOBquOCiuOBvuOBmeOBruOBp+OBlOazqOaEj+OBj+OBoOOBleOBhOOAgiA8L3A+PC9kaXY+CiAgCiA8YnI+PGJyPgogCiAgPCEtLeKWvOKWvOKWvOODquODs+OCsOOCteOCpOOCuuKWvOKWvOKWvC0tPiAKICAKICA8aW1nIHNyYz0iaHR0cDovL2ltYWdlLnJha3V0ZW4uY28uanAvdmllYW5nZS9jYWJpbmV0L2xvdmVyc19hbmRfcmluZy9sb3ZlcnNyaW5nX2ltYWdlL2xyX3RpdGxlX3NpemU0LmpwZyIgd2lkdGg9IjY2MCIgaGVpZ2h0PSI4OTci44CAYWx0PSLjg6rjg7PjgrDjgrXjgqTjgroiIGNsYXNzPSJpbWcxMCIgLz4KIAogCiAKICA8IS0t4pa84pa84pa85Yi75Y2w44K144O844OT44K54pa84pa84pa8LS0+IAogIAogIDxpbWcgc3JjPSJodHRwOi8vaW1hZ2UucmFrdXRlbi5jby5qcC92aWVhbmdlL2NhYmluZXQvbG92ZXJzX2FuZF9yaW5nL2xvdmVyc3JpbmdfaW1hZ2UvbHJfdGl0bGVfa29rdWluLmpwZyIgd2lkdGg9IjY2MCIgaGVpZ2h0PSI1OCLjgIBhbHQ9IuWIu+WNsOOCteODvOODk+OCuSIgY2xhc3M9ImltZzEwIiAvPgogIAogPHAgY2xhc3M9ImltZzIwIj7jgZTluIzmnJvjga7mlrnjgavjga/jgIHjg6rjg7PjgrDjga7lhoXlgbTjgavjg6Hjg4Pjgrvjg7zjgrjjgoTjgYrlkI3liY3jgarjganjgpLnhKHmlpnjgafliLvljbAo5paH5a2X5YWl44KMKeOBleOBm+OBpuOBhOOBn+OBoOOBjeOBvuOBmeOAgjwvcD4KICAgIAogICAgPGRpdiBjbGFzcz0iY2xlYXJmaXggZ29vZHNfMTMwNV8wNSI+CiAgICAgICA8ZGl2PgogICAgICAgICA8cCBjbGFzcz0iaW1nMjUiPuKXhuabuOS9k+OBr+ODluODreODg+OCr+S9k+OBi+ethuiomOS9k+OBruOBhOOBmuOCjOOBi+OCkuOBiumBuOOBs+OBhOOBn+OBoOOBkeOBvuOBmeOAgjwvcD4KICAgICAgICAg4peG5L2144Gb44Gm5pif5bqn44Oe44O844Kv44O75LiA6YOo44Gu57W15paH5a2X44GM5Yi75Y2w5Y+v6IO944Gn44GZ44CC5L2/55So5Y+v6IO944Gq6KiY5Y+344O757W15paH5a2X44Gr6Zai44GX44G+44GX44Gm44Gv44CB5LiL6KiY44Gr5o6y56S644GV44KM44Gm44GE44G+44GZ5pu45L2T6KaL5pys44KS44GU5Y+C54Wn6aGY44GE44G+44GZ44CCCiAgICAgIDwvZGl2PgogICAgICAgPGltZyBzcmM9Imh0dHA6Ly9pbWFnZS5yYWt1dGVuLmNvLmpwL3ZpZWFuZ2UvY2FiaW5ldC9wYXJ0cy9sc3IwNjUwXzUyYS5qcGciIC8+ICA8L2Rpdj4KICAgIAogICAgPGltZyBzcmM9Imh0dHA6Ly9pbWFnZS5yYWt1dGVuLmNvLmpwL3ZpZWFuZ2UvY2FiaW5ldC9wYXJ0cy9sc3IwNjUwXzU0LmpwZyIgY2xhc3M9ImltZzA1IiAvPgogICAgCiAgPHAgc3R5bGU9ImZvbnQtc2l6ZTogMTRweDsiIGNsYXNzPSJpbWcyMCI+4oC744GT44Gh44KJ44Gu5ZWG5ZOB44Gr5YWl44KM44KJ44KM44KL5Yi75Y2w5paH5a2X5pWwPHNwYW4gc3R5bGU9ImNvbG9yOiAjRkYwMDY2Ij4zMOaWh+Wtl+OBvuOBpzwvc3Bhbj7jgafjgZnjgII8L3A+CiAgPHAgY2xhc3M9ImltZzEwIj7jgZPjga7llYblk4Hjga/jgIHjgqLjg6vjg5XjgqHjg5njg4Pjg4jlpKfmloflrZfjg7voi7HmlbDlrZflkIjjgo/jgZvjgaY8c3BhbiBzdHlsZT0iY29sb3I6ICNGRjAwNjYiPjMw5paH5a2X44G+44Gn5Yi75Y2w5Y+v6IO977yI5LiA5paH5a2X57SEMC45772N772N5aSn77yJPC9zcGFuPuOBp+OBmeOAguiomOWPt+OAgeOCueODmuODvOOCueOAgeODnuODvOOCr+OBquOBqeOCgu+8keaWh+Wtl+WIhuOBqOOBl+OBpuOCq+OCpuODs+ODiOOBleOCjOOBvuOBmeOAguODnuODvOOCr+ODu+e1teaWh+Wtl+OCkuOBlOiomOWFpeOBruWgtOWQiOOBr+OAgeabuOS9k+imi+acrOOBq+iomOi8ieOBleOCjOOBpuOBhOOCi+ODnuODvOOCr+OBruS4uOeVquWPt+OCkuWIu+WNsOS9jee9ruOBq+OBlOiomOWFpemhmOOBhOOBvuOBmeOAgjwvcD4KICAKICA8YnI+PGJyPgogCiA8ZGl2IGNsYXNzPSJnb29kc18xMzA1XzA2Ij4KICA8cD7jg5fjg6vjg4Djgqbjg7Pjg6Hjg4vjg6Xjg7zjgYvjgonjgZTluIzmnJvjga7mm7jkvZPjgpLjgYrpgbjjgbPjgY/jgaDjgZXjgYTjgILms6jmlofnlLvpnaLjga7jgIzliLvljbDlr77osaHllYblk4HjgpLjgZTms6jmlofjga7mlrnjga8K44GT44Gh44KJ44Gr44GU6KiY5YWl44GP44Gg44GV44GE44CN5qyE44Gr5Yi75Y2w5YaF5a6544KS44GU6KiY5YWl44GP44Gg44GV44GE44CC5ZWG5ZOB44KSMuWAi+S7peS4iuOBiuiyt+OBhOS4iuOBkuOBruWgtOWQiOOBr+OAgQrliLvljbDlr77osaHllYblk4HjgYzliIbjgYvjgovjgojjgYbjgZTkvbXoqJjjgYrpoZjjgYToh7TjgZfjgb7jgZnjgIIK5L6L44CM44Os44OH44Kj44O844K577ya4peL4peL4peL4peL44CN44CM44Oh44Oz44K677ya4peL4peL4peL4peL44CN44Gq44GpPC9wPjwvZGl2PgoKPGJyPjxicj4KCiA8IS0t4pa84pa84pa86KOP55+z4pa84pa84pa8LS0+IAogIAogIDxpbWcgc3JjPSJodHRwOi8vaW1hZ2UucmFrdXRlbi5jby5qcC92aWVhbmdlL2NhYmluZXQvbG92ZXJzX2FuZF9yaW5nL2xvdmVyc3JpbmdfaW1hZ2UvbHJfdGl0bGVfc3RvbmUuanBnIiB3aWR0aD0iNjYwIiBoZWlnaHQ9IjE0NSLjgIBhbHQ9IuiqleeUn+efsyIgY2xhc3M9ImltZzEwIiAvPgogCiAgPHAgY2xhc3M9ImltZzE1Ij7jg6rjg7PjgrDjga7lhoXlgbTjgavjgIHjgZToh6rouqvjgoTlpKfliIfjgarmlrnjga7oqpXnlJ/nn7PjgpLjgYrlhaXjgozjgZnjgovjgZPjgajjgYzjgafjgY3jgb7jgZnjgII8YnIgLz4KICDliLvljbDjg6Hjg4Pjgrvjg7zjgrjjgajntYTjgb/lkIjjgo/jgZvjgovjgZPjgajjgavjgojjgorjgIHjgYrkuozkurrjga7mg7PjgYTjgoTjgqLjgqTjg4fjg7Pjg4bjgqPjg4bjgqPjgpLjgojjgoroibLprq7jgoTjgYvjgavmvJTlh7rjgZnjgovjgZPjgajjgYzlj6/og73jgafjgZnjgII8L3A+CiAgCiAgPGltZyBzcmM9Imh0dHA6Ly9pbWFnZS5yYWt1dGVuLmNvLmpwL3ZpZWFuZ2UvY2FiaW5ldC9wYXJ0cy9sc3IwNjUwXzQ2LmpwZyIgY2xhc3M9ImltZzI1IiAvPgoKIDxkaXYgY2xhc3M9Imdvb2RzXzEzMDVfMDYiPgogIDxwPuOBlOazqOaWh+eiuuiqjeW+jOOAgeWVhuWTgeS7o+mHkeOBq+i/veWKoOaWmemHkeOCkuWKoOeul+OBl+OBpuOBlOiri+axgumHkemhjeOCkuWkieabtOOBleOBm+OBpuOBhOOBn+OBoOOBjeOBvuOBmeOAggrliqDnrpflvozjga7jgZToq4vmsYLph5HpoY3jgavjgaTjgYTjgabjga/jgIHjgZTms6jmlofnorroqo3lvozjgavjgYrpgIHjgorjgZnjgovjg6Hjg7zjg6vjgpLjgZTnorroqo3poZjjgYTjgb7jgZnjgII8YnI+44G+44Gf44CB57Sg5p2Q44Gr44KI44KK57SN5pyf44GM55Ww44Gq44KK44G+44GZ44Gu44Gn44GU5rOo5oSP44GP44Gg44GV44GE44CCIDwvcD48L2Rpdj4K44CACgogIDwhLS3ilrzilrzilrzjg6njg4Pjg5Tjg7PjgrDjg7vjg6Hjg4Pjgrvjg7zjgrjjgqvjg7zjg4nilrzilrzilrwtLT4gICAKICAKICA8aW1nIHNyYz0iaHR0cDovL2ltYWdlLnJha3V0ZW4uY28uanAvdmllYW5nZS9jYWJpbmV0L3dyYXBwaW5nL3dyYXBwaW5nX3RpdGxlLmpwZyIgYWx0PSLjg6njg4Pjg5Tjg7PjgrAiPgoKPGJyPjxicj48YnI+Cgo8dGFibGUgYm9yZGVyPSIwIiB3aWR0aD0iNjYwcHgiPgo8dHI+Cjx0ZD4KPGltZyBzcmM9Imh0dHA6Ly9pbWFnZS5yYWt1dGVuLmNvLmpwL3ZpZWFuZ2UvY2FiaW5ldC93cmFwcGluZy9scl93cmFwXzAxXzEuanBnIiBhbHQ9IkxvdmVycyZSaW5n44CA6YCa5bi444Op44OD44OU44Oz44KwIj4KPC90ZD4KPHRkPgo8aW1nIHNyYz0iaHR0cDovL2ltYWdlLnJha3V0ZW4uY28uanAvdmllYW5nZS9jYWJpbmV0L3dyYXBwaW5nL2xyX3dyYXBfMDIuanBnIiBhbHQ9IkxvdmVycyZSaW5n44CA44Ko44Kz44Op44OD44OU44Oz44KwIj4KPC90ZD4KPHRkPgo8YSAgaHJlZj0iaHR0cDovL2l0ZW0ucmFrdXRlbi5jby5qcC92aWVhbmdlL2MvMDAwMDAwMDc4Mi8iPjxpbWcgc3JjPSJodHRwOi8vaW1hZ2UucmFrdXRlbi5jby5qcC92aWVhbmdlL2NhYmluZXQvd3JhcHBpbmcvbHJfd3JhcF8wMy5qcGciIGFsdD0iTG92ZXJzJlJpbmfjgIDjgrnjg5rjgrfjg6Pjg6vjg6njg4Pjg5Tjg7PjgrAiPjwvYT4KPC90ZD4KPC90cj4KPC90YWJsZT4KPGltZyBzcmM9Imh0dHA6Ly9pbWFnZS5yYWt1dGVuLmNvLmpwL3ZpZWFuZ2UvY2FiaW5ldC93cmFwcGluZy9raWtpbi5qcGciIGFsdD0i5aSp5L2/44Gu5Y215Z+66YeRIj4KICAKICA8YSAgaHJlZj0iaHR0cDovL2l0ZW0ucmFrdXRlbi5jby5qcC92aWVhbmdlL2MvMDAwMDAwMDc5MS8iPgo8aW1nIHNyYz0iaHR0cDovL2ltYWdlLnJha3V0ZW4uY28uanAvdmllYW5nZS9jYWJpbmV0L3dyYXBwaW5nL2xzX2NhcmQuanBnIiBhbHQ9IuODoeODg+OCu+ODvOOCuOOCq+ODvOODiSI+PC9hPgoKCiA8IS0t4pa84pa84pa844Oa44Ki44O75Y2Y5ZOB44Oq44Oz44Kv4pa84pa84pa8LS0+ICAgCiAKICA8aW1nIHNyYz0iaHR0cDovL2ltYWdlLnJha3V0ZW4uY28uanAvdmllYW5nZS9jYWJpbmV0L2xvdmVyc19hbmRfcmluZy9sb3ZlcnNyaW5nX2ltYWdlL2xyX2xpbmtfbWVucy5qcGciIHdpZHRoPSI2NjAiIGhlaWdodD0iNTgiIGNsYXNzPSJpbWcxMCIgLz4KICAKICAKIDxkaXYgY2xhc3M9ImxpbmtfcGFpcl9tZW5zIj4KICAgICA8ZGl2IGNsYXNzPSJ0YW5waW5fbGVmdCJhIGhyZWY9Imh0dHA6Ly9pdGVtLnJha3V0ZW4uY28uanAvdmllYW5nZS9sc3IwNjcwZHBrLWR3Zy8iPjxpbWcgc3JjPSJodHRwOi8vaW1hZ2UucmFrdXRlbi5jby5qcC92aWVhbmdlL2NhYmluZXQvbG92ZXJzX3NjZW5lL2xzci9sc3IwNjcwX3BhaXIuanBnIiB3aWR0aD0iMjM1IiBoZWlnaHQ9IjIzNSIgY2xhc3M9ImltZzIwIiAvPjwvYT4KICAgIDwvZGl2PgogICAgPGRpdiBjbGFzcz0idGFucGluX3JpZ2h0Ij48YSBocmVmPSJodHRwOi8vaXRlbS5yYWt1dGVuLmNvLmpwL3ZpZWFuZ2UvbHNyMDY3MGR3Zy8iPjxpbWcgc3JjPSJodHRwOi8vaW1hZ2UucmFrdXRlbi5jby5qcC92aWVhbmdlL2NhYmluZXQvbG92ZXJzX3NjZW5lL2xzci9sc3IwNjcwXzMyLmpwZyIgd2lkdGg9IjIzNSIgaGVpZ2h0PSIyMzUiIGNsYXNzPSJpbWcyMCIgLz48L2E+CiAgICA8L2Rpdj4KICA8L2Rpdj4KCgoKPGEgaHJlZj0iaHR0cDovL2l0ZW0ucmFrdXRlbi5jby5qcC92aWVhbmdlL2MvMDAwMDAwMDY2Ni8iPjxpbWcgc3JjPSJodHRwOi8vaW1hZ2UucmFrdXRlbi5jby5qcC92aWVhbmdlL2NhYmluZXQvaW1hZ2UvbW9yZV9wYWlycmluZzIuanBnIiB3aWR0aD0iNjYwIiBoZWlnaHQ9IjEyMCIgYm9yZGVyPSIwIj48L2E+PGJyPjxicj4KICAKICAKICAKICA8aW1nIHNyYz0iaHR0cDovL2ltYWdlLnJha3V0ZW4uY28uanAvdmllYW5nZS9jYWJpbmV0L3BhcnRzL2xzcjA2NTBfNjguZ2lmIiBjbGFzcz0iaW1nMzAiIC8+CgoKPC9kaXY+PC9kaXY+Cjx0YWJsZSB3aWR0aD0iMzkwIiBib3JkZXI9IjAiPgogIDx0cj4KICAgIDx0ZD48Zm9udCBjb2xvcj0jNjk2OTY5IHNpemU9IjIiPuOAkExvdmVycyAmIFJpbmfjgJHjgJBUcnVlIExvdmUg44K344Oq44O844K644CR44CQ5Yi75Y2w44O744OA44Kk44Ok5YWl44KK44K/44Kk44OX44CRSzEw44Oa44Ki44Oq44Oz44Kw44CA6KGo6Z2i44GrJnF1b3Q7RXRlcm5hbAogICAgICAgIExvdmUmcXVvdDvjga7liLvljbDjgYzlhaXjgaPjgabjgYTjgb7jgZnvvJzjg6zjg4fjgqPjg7zjgrnvvJ48YnI+CiAgICAgICAgCjwvZm9udD48L3RkPgogIDwvdHI+CjwvdGFibGU+Cgo8dGFibGUgd2lkdGg9IjM5MCIgYm9yZGVyPSIwIj4KICA8dHI+CiAgICA8dGQgd2lkdGg9Ijg5Ij4mbmJzcDs8L3RkPgogICAgPHRkIHdpZHRoPSIyOTEiPiZuYnNwOzwvdGQ+CiAgPC90cj4KICA8dHI+CiAgICA8dGQ+PGZvbnQgY29sb3I9IzY5Njk2OSBzaXplPSIyIj7ilqDjgIDntKDmnZDjgIDilqA8L2ZvbnQ+PC90ZD4KICAgIDx0ZD4mbmJzcDs8L3RkPgogIDwvdHI+CjwvdGFibGU+Cjx0YWJsZSB3aWR0aD0iMzkwIiBib3JkZXI9IjAiPgogIDx0cj4KICAgIDx0ZCB3aWR0aD0iODkiPjxkaXYgYWxpZ249InJpZ2h0Ij48Zm9udCBjb2xvcj0iIzY5Njk2OSIgc2l6ZT0iMiI+44Os44OH44Kj44O844K577yaPC9mb250PjwvZGl2PgogICAgPC90ZD4KICAgIDx0ZCB3aWR0aD0iMjkxIj48Zm9udCBjb2xvcj0jNjk2OTY5IHNpemU9IjIiPksxMCjjg5Tjg7Pjgq/jgrTjg7zjg6vjg4nvvIk8L2ZvbnQ+PC90ZD4KICA8L3RyPgogIDx0cj4KICAgIDx0ZD4mbmJzcDs8L3RkPgogICAgPHRkPjxmb250IGNvbG9yPSIjNjk2OTY5IiBzaXplPSIyIj7jg4DjgqTjg6Tjg6Ljg7Pjg4nvvIgxLzcw77yJPC9mb250PjwvdGQ+CiAgPC90cj4KPC90YWJsZT4KPHRhYmxlIHdpZHRoPSIzOTAiIGJvcmRlcj0iMCI+CiAgPHRyPgogICAgPHRkPjxmb250IGNvbG9yPSM2OTY5Njkgc2l6ZT0iMiI+4pagIOWkp+OBjeOBlShtbSkg4pagPC9mb250PjwvdGQ+CiAgPC90cj4KPC90YWJsZT4KPHRhYmxlIHdpZHRoPSIzOTAiIGJvcmRlcj0iMCI+CiAgPHRyPgogICAgPHRkIHdpZHRoPSI4OSI+Jm5ic3A7PC90ZD4KICAgIDx0ZCB3aWR0aD0iMjkxIj48Zm9udCBjb2xvcj0jNjk2OTY5IHNpemU9IjIiPuW5hee0hDIuOcOX5Y6a44G/57SEMS43PC9mb250PjwvdGQ+CiAgPC90cj4KICA8dHI+CiAgICA8dGQ+Jm5ic3A7PC90ZD4KICAgIDx0ZD4mbmJzcDs8L3RkPgogIDwvdHI+CjwvdGFibGU+Cjx0YWJsZSB3aWR0aD0iMzkwIiBib3JkZXI9IjAiPgogIDx0cj4KICAgIDx0ZCB3aWR0aD0iMzkwIj48Zm9udCBjb2xvcj0jNjk2OTY5IHNpemU9IjIiPuKWoOOAgOmHjemHj+OAgOKWoDwvZm9udD48L3RkPgogICAgPHRkIHdpZHRoPSIyOTEiPiZuYnNwOzwvdGQ+CiAgPC90cj4KPC90YWJsZT4KPHRhYmxlIHdpZHRoPSIzOTAiIGJvcmRlcj0iMCI+CiAgPHRyPgogICAgPHRkIHdpZHRoPSI4OSI+Jm5ic3A7PC90ZD4KICAgIDx0ZCB3aWR0aD0iMjkxIj48Zm9udCBjb2xvcj0jNjk2OTY5IHNpemU9IjIiPue0hDIuOWc8L2ZvbnQ+PC90ZD4KICA8L3RyPgogIDx0cj4KICAgIDx0ZD4mbmJzcDs8L3RkPgogICAgPHRkPjxmb250IGNvbG9yPSIjMDA5OUZGIiBzaXplPSIxIj7igLvlpKfjgY3jgZXjg7vph43jgZXjgavjga/lpJrlsJHjga7lgIvkvZPlt67jgYznlJ/jgZjjgb7jgZk8L2ZvbnQ+PC90ZD4KICA8L3RyPgo8L3RhYmxlPgo8dGFibGUgd2lkdGg9IjM5MCIgYm9yZGVyPSIwIj4KICA8dHI+CiAgICA8dGQgd2lkdGg9IjM5MCIgaGVpZ2h0PSIxNSI+PGZvbnQgY29sb3I9IzY5Njk2OSBzaXplPSIyIj7ilqDopo/lrprjgrXjgqTjgrrilqA8L2ZvbnQ+PC90ZD4KICAgIDx0ZCB3aWR0aD0iMjkyIj4mbmJzcDs8L3RkPgogIDwvdHI+CjwvdGFibGU+Cjx0YWJsZSB3aWR0aD0iMzkwIiBib3JkZXI9IjAiPgogIDx0cj4KICAgIDx0ZCB3aWR0aD0iODkiIGhlaWdodD0iNTEiPiZuYnNwOzwvdGQ+CiAgICA8dGQgd2lkdGg9IjI5MSI+PGZvbnQgY29sb3I9IzY5Njk2OSBzaXplPSIyIj415Y+344GL44KJMjPlj7fjgb7jgac8YnI+CuKAuzI05Y+35Lul5LiK44Gu44K144Kk44K644Gv5Yil6YCU5paZ6YeR44GM55m655Sf44GE44Gf44GX44G+44GZ44CC44G+44Gf44CB57SN5pyf44GMMemAsemWk+OBu+OBqemVt+OBj+OBquOCiuOBvuOBmeOAgjxicj4KPGJyPgrigLs05Y+35Lul5LiL44Gu44K144Kk44K644Gu5aC05ZCI44CB6L+95Yqg5paZ6YeR44Gv55m655Sf44GE44Gf44GX44G+44Gb44KT44GM44CBPGZvbnQgY29sb3I9IiMwMDk5RkYiPue0jeacn+OBjDHpgLHplpPvvIg35Za25qWt5pel77yJ44G744Gp5Yqg566X44GV44KM44G+44GZPC9mb250PuOAgjxicj48YnI+CuKXhuimj+WumuWkluOCteOCpOOCuuOBruOCquODvOODgOODvOaWueazleKXhjxicj4KPGJyPgrjgrXjgqTjgrrjga7jg5fjg6vjg4Djgqbjg7Pjg6Hjg4vjg6Xjg7zjgojjgorvvJzkuIroqJjku6XlpJbvvJ7jgpLjgZTpgbjmip7kuIvjgZXjgYTjgILms6jmlofnlLvpnaLjga7pgJrkv6HmrITjgavjgZTluIzmnJvjga7jgrXjgqTjgrrjgpLjgZTmmI7oqJjjgY/jgaDjgZXjgYTjgILlvZPmlrnjgavjgablt67poY3jgpLnrpflh7rjga7jgYbjgYjjgIHjgYrlrqLmp5jjgavjgZTpgKPntaHjgYTjgZ/jgZfjgb7jgZnjgILjgYrlrqLmp5jjga7jgZTkuobmib/jgpLjgYTjgZ/jgaDjgYTjgZ/mmYLngrnjgafjgIHlvZPmlrnjgavjgabov73liqDmlpnph5HjgpLliqDnrpfjgZfjgabjgIHjgZToq4vmsYLnt4/poY3jgpLlpInmm7TjgZXjgZvjgabjgYTjgZ/jgaDjgY3jgb7jgZnjgIIKPC9mb250PjwvdGQ+CiAgPC90cj4KICA8dHI+CiAgICA8dGQ+Jm5ic3A7PC90ZD4KICAgIDx0ZD4mbmJzcDs8L3RkPgogIDwvdHI+CjwvdGFibGU+PCEtLeKWvOKWvCDlt6bluK/jg6rjg7Pjgq/jgYLjgoog4pa84pa8LS0+Cgo8ZGl2IGlkPSJoaWRhcmktb2JpIj4KCjxzdHlsZT4KI2hpZGFyaS1vYmkgewpwb3NpdGlvbjogYWJzb2x1dGU7CnRvcDowcHg7CmxlZnQ6MTBweDsKYmFja2dyb3VuZDogdXJsKCJodHRwczovL2ltYWdlLnJha3V0ZW4uY28uanAvdmllYW5nZS9jYWJpbmV0L2NhbXBhaWduL3NjYm5yXzA1MTUuanBnIikgcmVwZWF0LXkgbGVmdCB0b3AgOwp9CiNoaWRhcmktb2JpIGEgewpkaXNwbGF5OiBibG9jazsKaGVpZ2h0OjkzMDBweDsvKuODmuODvOOCuOWFqOS9k+OBrumrmOOBlSovCndpZHRoOiAxNDBweDsvKuW4r+OBruW5hSovCn0KPC9zdHlsZT4KCjwvZGl2PgoKCgo8IS0t4pa84pa8IOW3puW4r+ODquODs+OCr+OBquOBlyDilrzilrwtLT4KCgoKCjwhLS3ilrzilrwg5bem5biv44Oq44Oz44Kv44Gq44GXIOKWvOKWvC0tPgoKPCEtLQo8c3R5bGUgdHlwZT0idGV4dC9jc3MiPgpib2R5ewpiYWNrZ3JvdW5kLWltYWdlOiB1cmwoImh0dHA6Ly9pbWFnZS5yYWt1dGVuLmNvLmpwL3ZpZWFuZ2UvY2FiaW5ldC9jYW1wYWlnbi9ibnJfMTAxMi5qcGciKTsKYmFja2dyb3VuZC1yZXBlYXQ6IHJlcGVhdC15OwpiYWNrZ3JvdW5kLWF0dGFjaG1lbnQ6IHNjcm9sbDsKYmFja2dyb3VuZC1wb3NpdGlvbjpsZWZ0Cn0KPC9zdHlsZT4KLS0+CgoKCgo8c3R5bGUgdHlwZT0idGV4dC9jc3MiPgoKLyog44GK5rCX44Gr5YWl44KK5ZWG5ZOBICovCgojcmFrdXRlbkxpbWl0ZWRJZF9hcm91bmRDYXJ0ICNzZXJ2aWNlVGFibGVTbWwgdGQuZmF2b3JpdGUgewoKcGFkZGluZy10b3A6IDVweDsKCn0KCiNyYWt1dGVuTGltaXRlZElkX2Fyb3VuZENhcnQgZGl2LmJvb2ttYXJrQXJlYSBkaXYuYmttIHsKCndpZHRoOiAyOTFweCAhaW1wb3J0YW50OwoKaGVpZ2h0OjMzcHggIWltcG9ydGFudDsKCnBhZGRpbmc6IDBweCAwcHggMTBweCAwcHggIWltcG9ydGFudDsKCn0KCiNyYWt1dGVuTGltaXRlZElkX2Fyb3VuZENhcnQgZGl2LmJvb2ttYXJrQXJlYSBkaXYuYmttIGEuYWRkQmttIHsKCndpZHRoOiAyOTFweCAhaW1wb3J0YW50OwoKaGVpZ2h0OjMzcHggIWltcG9ydGFudDsKCn0KCiNyYWt1dGVuTGltaXRlZElkX2Fyb3VuZENhcnQgZGl2LmJvb2ttYXJrQXJlYSBkaXYuYmttIGEuYWRkQmttIHNwYW4uYmttU3RhciB7CgpkaXNwbGF5OiBpbmxpbmUtYmxvY2sgIWltcG9ydGFudDsKCndpZHRoOiAyOTFweCAhaW1wb3J0YW50OwoKaGVpZ2h0OjMzcHggIWltcG9ydGFudDsKCm1hcmdpbjowcHggMHB4IDEwcHggMHB4ICFpbXBvcnRhbnQ7CgpiYWNrZ3JvdW5kOiB1cmwoImh0dHA6Ly9pbWFnZS5yYWt1dGVuLmNvLmpwL3ZpZWFuZ2UvY2FiaW5ldC9ibnJfZmF2aXRlbS5qcGciKSBuby1yZXBlYXQgIWltcG9ydGFudDsKCn0KCiAKCi8qIOOBiuawl+OBq+WFpeOCiuOCt+ODp+ODg+ODlyAqLwoKZGl2LmJvb2ttYXJrQXJlYSB7Cgp3aWR0aDogMjkxcHggIWltcG9ydGFudDsKCn0KCiNyYWt1dGVuTGltaXRlZElkX2Fyb3VuZENhcnQgZGl2LnNob3BCb29rbWFya0FyZWEgZGl2LnNob3BCa20gewoKd2lkdGg6IDI5MXB4ICFpbXBvcnRhbnQ7CgpoZWlnaHQ6MzNweCAhaW1wb3J0YW50OwoKcGFkZGluZzogMHB4IDBweCAhaW1wb3J0YW50OwoKcGFkZGluZy1sZWZ0OiAwcHggIWltcG9ydGFudDsKCn0KCiNyYWt1dGVuTGltaXRlZElkX2Fyb3VuZENhcnQgZGl2LnNob3BCb29rbWFya0FyZWEgZGl2LnNob3BCa20gYS5hZGRTaG9wQmttIHNwYW4uc2hvcEJrbVN0YXIgewoKZGlzcGxheTogaW5saW5lLWJsb2NrICFpbXBvcnRhbnQ7Cgp3aWR0aDogMjkxcHggIWltcG9ydGFudDsKCmhlaWdodDozM3B4ICFpbXBvcnRhbnQ7CgptYXJnaW4tcmlnaHQ6IDBweCAhaW1wb3J0YW50OwoKYmFja2dyb3VuZDogdXJsKCJodHRwOi8vaW1hZ2UucmFrdXRlbi5jby5qcC92aWVhbmdlL2NhYmluZXQvYm5yX2ZhdnNob3AuanBnIikgbm8tcmVwZWF0ICFpbXBvcnRhbnQ7Cgp9Cjwvc3R5bGU+CgoKCgo8ZGl2IGlkPSJwcmVzZW50X2Jhc2UiIGNsYXNzPSJjbGVhcmZpeCI+CiAgIDxkaXYgY2xhc3M9InByZXNlbnRfaW1nIj48aW1nIHNyYz0iaHR0cDovL2ltYWdlLnJha3V0ZW4uY28uanAvdmllYW5nZS9jYWJpbmV0L3RtZy9mb290X3ByZTAxLmdpZiIgYWx0PSLlpKfliIfjgarjgYLjga7kurrjgavntKDmlbXjgarjg5fjg6zjgrzjg7Pjg4giIHdpZHRoPSIxOTkiIGhlaWdodD0iMjk1IiAvPjwvZGl2PgogICA8ZGl2IGNsYXNzPSJwcmVzZW50X3R4dCI+PHA+5b2T5bqX44Gv44CB5Lq65rCX44Ki44Kv44K744K144Oq44O844OW44Op44Oz44OJ44CM5aSp5L2/44Gu5Y2144CN44KE44CM5pyq5p2l5aSp5L2/44CN44KS44Gv44GY44KB44CB6KqV55Sf55+z44Gu44Oa44Oz44OA44Oz44OI44KE44Oq44Oz44Kw44Gq44Gp44CB44OX44Os44K844Oz44OI44Gr44OU44OD44K/44Oq44Gq44Ki44Kv44K744K144Oq44O844KS5Y+W5omx44GG6YCa6LKp44K344On44OD44OX44Gn44GZ44CCPC9wPjxiciAvPgrjgIzlhKrjgZfjgYTlhYnjgavjgaTjgaTjgb7jgozjgovmsLjpgaDjga7lkb3jgI3jgpLooajnj77jgZfjgZ/jgrPjg7Pjgrvjg5fjg4jjgrjjg6Xjgqjjg6rjg7zjgIzmnKrmnaXlpKnkvb/jgI3jga/mnKrmnaXjgavlkJHjgZHjgabovJ3jgZHjgovlkb3jga7jgZnjgbDjgonjgZfjgZXjgpLlpJrlvanjgarjg4bjg7zjg57jg7vjg4fjgrbjgqTjg7Pjgafooajnj77jgZfjgabjgYTjgb7jgZnjgII8YnIgLz4K44Gd44KT44Gq5pyq5p2l5aSp5L2/44GL44KJ44Gu44OX44Os44K844Oz44OI44Go44GE44GG44Kz44Oz44K744OX44OI44Gn5L2c44KJ44KM44Gf44CM5aSp5L2/44Gu5Y2144CN44Gv44CB44CM6KqV55Sf44Gu5Zac44Gz44CN44KE44CM55Sf44GN44KL44GT44Go44Gu5oSf5YuV44Go6LOe6LOb44CN44KS44OG44O844Oe44Go44GX44Gm5Ym144KJ44KM44CB5Y2144Go576944Gu44OQ44Op44Oz44K544Gu6Imv44GE44KE44GV44GX44GE44OH44K244Kk44Oz44GM5oSb44GV44KM44Gm44GE44KL44Ot44Oz44Kw44K744Op44O844Gu5Lq65rCX44Ki44Kv44K744K144Oq44O844Gn44GZ44CC5piv6Z2e44CB5aSn5YiH44Gq5Lq644G444Gu44OX44Os44K844Oz44OI562J44Gr44KC44GU5rS755So5LiL44GV44GE77yBPC9kaXY+CjwvZGl2PgoKCgoKCjwhLS3ilrzilrzilrzjg6zjg5Pjg6Xjg7zjg7vms6jmlofnirbms4HilrzilrzilrwtLT4gICAKCiAgICAgICAgICAgIDxoMj48aW1nIHNyYz0iaHR0cDovL3d3dy5yYWt1dGVuLm5lLmpwL2dvbGQvdmllYW5nZS9pbWcvdGl0bGVfMDYuanBnIiBhbHQ9IuODrOODk+ODpeODvCIgd2lkdGg9IjY4OCIgaGVpZ2h0PSI3MCIgLz48L2gyPgogICAgICAgICAgICA8YnI+PGJyPgogIAoJICA8YnI+IDxicj4gPGJyPiAKICAgICAgICAgICAgICAgICAgPGgyPjxpbWcgc3JjPSJodHRwOi8vd3d3LnJha3V0ZW4ubmUuanAvZ29sZC92aWVhbmdlL2ltZy90aXRsZV8wNy5qcGciIGFsdD0i5rOo5paH54q25rOBIiB3aWR0aD0iNjg4IiBoZWlnaHQ9IjcwIiAvPjwvaDI+CiAgICAgICAgICAgICAgICAgICAgICAgICAgICAgIDxicj4gPGJyPiAKPGJyPiA8YnI+IDxicj4=,44CQ5Yi75Y2w54Sh5paZ44CR4peGTG92ZXJzICZhbXA7IFJpbmcg44Op44OQ44O844K644Oq44Oz44Kw4peGSzEw44OU44Oz44Kv44K044O844Or44OJ44Oq44Oz44KwKOODrOODh+OCo+ODvOOCuSnjgJBMU1IwNjcwRFBL44CR44CQSzEwIOODlOODs+OCr+OCtOODvOODq+ODiSDjg6rjg7PjgrAg44Oa44Ki44Oq44Oz44KwIOODmuOCoiDmjIfovKog44Op44OW44Oq44Oz44KwIOODgOOCpOODpOODouODs+ODiSDoqpXnlJ/nn7Mg44OX44Os44K844Oz44OIIOOCuOODpeOCqOODquODvCDlpKnnhLbnn7Mg6KqV55Sf56Wd44GEIOWmuyAg5Yi75Y2w44CR5q+N44Gu5pelIOOCt+ODs+ODl+ODq++8muWkqeS9v+OBruWNtSB3aXRoIExPVkVSUyBTQ0VORQ==,5aSp5L2/44Gu5Y215pyq5p2l5aSp5L2/44K544Oa44O844K544Kv44Oq44Ko44O844K/44O844K444Ol44Ko44Oq44O844K344Or44OQ44O844Ki44Kv44K744K144Oq44O844OU44Oz44Kv44K344Or44OQ44O844ON44OD44Kv44Os44K555u05Za25bqX44Kv44Oq44K544Oe44K56ZmQ5a6a44Oa44Oz44OA44Oz44OI5oyH6Lyq44OU44Ki44K544OX44Os44K844Oz44OI44OZ44OT44O844K544OX44O844Oz44Os44OH44Kj44O844K544Op44OQ44O844K644K344O844Oz57WQ5ama5oyH6Lyq44Oa44Ki44Oq44Oz44Kw6KqV55Sf55+z44CQ5Yi75Y2w54Sh5paZ44CR4peGTG92ZXJzICZhbXA7IFJpbmcg44Op44OQ44O844K644Oq44Oz44Kw4peGSzEw44OU44Oz44Kv44K044O844Or44OJ44Oq44Oz44KwKOODrOODh+OCo+ODvOOCuSnjgJBMU1IwNjcwRFBL44CR44CQSzEwIOODlOODs+OCr+OCtOODvOODq+ODiSDjg6rjg7PjgrAg44Oa44Ki44Oq44Oz44KwIOODmuOCoiDmjIfovKog44Op44OW44Oq44Oz44KwIOODgOOCpOODpOODouODs+ODiSDoqpXnlJ/nn7Mg44OX44Os44K844Oz44OIIOOCuOODpeOCqOODquODvCDlpKnnhLbnn7Mg6KqV55Sf56Wd44GEIOWmuyAg5Yi75Y2w44CR5q+N44Gu5pelIOOCt+ODs+ODl+ODqw==,44OA44Kk44Ok44Oi44Oz44OJ44GM5LiK5ZOB44Gr6Lyd44GP44Oa44Ki44Oq44Oz44Kw4piGIOmAgeaWmeeEoeaWmeOAguOAkOWIu+WNsOeEoeaWmeOAkeKXhkxvdmVycyAmYW1wOyBSaW5nIOODqeODkOODvOOCuuODquODs+OCsOKXhksxMOODlOODs+OCr+OCtOODvOODq+ODieODquODs+OCsCjjg6zjg4fjgqPjg7zjgrkp44CQTFNSMDY3MERQS+OAkeOAkEsxMCDjg5Tjg7Pjgq/jgrTjg7zjg6vjg4kg44Oq44Oz44KwIOODmuOCouODquODs+OCsCDjg5rjgqIg5oyH6LyqIOODqeODluODquODs+OCsCDjg4DjgqTjg6Tjg6Ljg7Pjg4kg6KqV55Sf55+zIOODl+ODrOOCvOODs+ODiCDjgrjjg6Xjgqjjg6rjg7wg5aSp54S255+zIOiqleeUn+elneOBhCDlprsgIOWIu+WNsOOAkeavjeOBruaXpSDjgrfjg7Pjg5fjg6s=[rn]
39-1035,aHR0cDovL3RzaG9wLnIxMHMuanAvdmllYW5nZS9jYWJpbmV0L2xvdmVyc19hbmRfcmluZy9sc3IwNjU2ZHBrLmpwZz9maXRpbj03MDA6NzAw,MTkwMDguMDAwMA==,,44K444Ol44Ko44Oq44O844O744Ki44Kv44K744K144Oq44O8ID4g44Os44OH44Kj44O844K544K444Ol44Ko44Oq44O844O744Ki44Kv44K744K144Oq44O8ID4g5oyH6Lyq44O744Oq44Oz44Kw,44CQ5Yi75Y2w54Sh5paZ44CR4peGTG92ZXJzICYgUmluZyDjg6njg5Djg7zjgrrjg6rjg7PjgrDil4ZLMTDjg5Tjg7Pjgq/jgrTjg7zjg6vjg4njg6rjg7PjgrAo44Os44OH44Kj44O844K5KeOAkExTUjA2NTZEUEvjgJHjgJBLMTAg44OU44Oz44Kv44K044O844Or44OJIOODquODs+OCsCDjg5rjgqLjg6rjg7PjgrAg44Oa44KiIOODqeODluODquODs+OCsCDjg4DjgqTjg6Tjg6Ljg7Pjg4kg44Kv44Ot44K5IOODl+ODrOOCvOODs+ODiCDjgqLjgq/jgrvjgrXjg6rjg7wg44K444Ol44Ko44Oq44O8IOODgOOCpOODpCDlprsg5Yi75Y2w5Y+v6IO944CRICDmr43jga7ml6Ug44K344Oz44OX44Or,576O44GX44GE44Kv44Ot44K544Op44Kk44Oz44Gu44Oa44Ki44Oq44Oz44Kw4piGIOmAgeaWmeeEoeaWmSDjg4DjgqTjg6Tjg6Ljg7Pjg4k=,PGNlbnRlcj48YSBocmVmPSJodHRwczovL215LmJvb2ttYXJrLnJha3V0ZW4uY28uanAvP2Z1bmM9cmVnJnN2aWQ9MTAxJnNob3BfYmlkPTIwMzk0NyZpaWQ9MTAwMDE1NzYmaXR5cGU9MSB0YXJnZXQ9X2JsYW5rIj48aW1nIHNyYz0iaHR0cDovL2ltYWdlLnJha3V0ZW4uY28uanAvdmllYW5nZS9jYWJpbmV0L3BfYm5yX2Zhdml0ZW0uanBnIiBib3JkZXI9IjAiIHdpZHRoPSI2NjAiIGhlaWdodD0iMTMwIj48L2E+PC9jZW50ZXI+PGJyPjxicj48aW1nIHNyYz0iaHR0cDovL2ltYWdlLnJha3V0ZW4uY28uanAvdmllYW5nZS9jYWJpbmV0L2NhbXBhaWduL2xyX3JpbmdfcGNfdG9rdXRlbi5qcGciYWx0PSJMb3ZlcnMmUmluZyDjgq3jg6Pjg7Pjg5rjg7zjg7MiPjxicj48YnI+Cgo8ZGl2IGNsYXNzPSJjYV8wMSI+Cgo8ZGl2IGlkPSJkZXRhaWxfYmFzZTIiPgoKICA8ZGl2IGNsYXNzPSJnb29kc18xMzA1XzAxIj4KICAgICAgPGRpdj48cD7kurrmsJfjga7jgq/jg63jgrnjg5Xjgqnjg6vjg6Djg4fjgrbjgqTjg7Pjga7jg5rjgqLjg6rjg7PjgrDjgII8YnIgLz4KICAgICAgICAy44Gk44Gu44Op44Kk44Oz44GM6YeN44Gq44KK44GC44GG44GT44Go44Gr44KI44KK44CBMeOBpOOBruODqeOCpOODs+OBjOmHjeOBquOCiuOBguOBhuOCiOOCiuOCguOAgeOBleOCieOBq+e+juOBl+OBj+S4iuWTgeOBquODh+OCtuOCpOODs+OBq+S7leS4iuOBkuOBvuOBl+OBn+OAgjxiciAvPgogICAgICAgIOOBvuOBn+OAgeWls+aAp+eUqOOBruODquODs+OCsOOBq+OBr+iqsOOCguOBjOaGp+OCjOOCi+KAnOODgOOCpOODpOODouODs+ODieKAneOCkuODqeOCpOODs+S4iuOBqzXnn7PotIXmsqLjgavkvb/nlKjjgZfjgIHjgojjgorlpbPmgKfjgonjgZfjgY/jgIHmsLjpgaDjgavlpInjgo/jgonjgarjgYTmg7PjgYTjgpLovrzjgoHjgb7jgZfjgZ/jgII8L3A+CiAgICA8L2Rpdj4KICAgICAgPGltZyBzcmM9Imh0dHA6Ly9pbWFnZS5yYWt1dGVuLmNvLmpwL3ZpZWFuZ2UvY2FiaW5ldC9sb3ZlcnNfc2NlbmUvbHNyL2xzcjA2NTZfMDMuanBnIiB3aWR0aD0iNjYwIiBoZWlnaHQ9IjM2MCIgLz48L2Rpdj4KICAKICA8aW1nIHNyYz0iaHR0cDovL2ltYWdlLnJha3V0ZW4uY28uanAvdmllYW5nZS9jYWJpbmV0L2xvdmVyc19zY2VuZS9sc3IvbHNyMDY1MF8wNi5naWYiIHdpZHRoPSIzNDUiIGhlaWdodD0iMjciIGNsYXNzPSJpbWcxMCIgLz4KICA8cCBjbGFzcz0iaW1nMjAiPuW+k+adpeOBruODmuOCouODquODs+OCsOOBp+OCguOBquOBj+OAgeODnuODquODg+OCuOODquODs+OCsOOBp+OCguOBquOBhOOAjuaEm+OBqOWFseOBq+eUn+OBjeOCi+OAj+OBqOOBhOOBhuaWsOOBn+OBquOCs+ODs+OCu+ODl+ODiOOBp+WJteOCieOCjOOBn+aWsOOBn+OBquOCuOODo+ODs+ODq+OBruaMh+i8quOBp+OBmeOAguecn+Wun+OBruaEm+OCkumhmOOBhuaBi+S6uuOBn+OBoeOBq+i0iOOCiuOBvuOBmeKApuOAgjwvcD4KICAKICA8aWZyYW1lIHdpZHRoPSI2NjAiIHNjcm9sbGluZz0ibm8iIGhlaWdodD0iNDcwIiBmcmFtZWJvcmRlcj0iMCIgc3JjPSJodHRwOi8vd3d3LnJha3V0ZW4ubmUuanAvZ29sZC92aWVhbmdlL2dkX2lmcmFtZS9MU1IwNjU2X2luLmh0bWwiPjwvaWZyYW1lPgogIAogIDxpbWcgc3JjPSJodHRwOi8vaW1hZ2UucmFrdXRlbi5jby5qcC92aWVhbmdlL2NhYmluZXQvbG92ZXJzX3NjZW5lL2xzci9sc3IwNjUwXzEyLmdpZiIgd2lkdGg9IjQzNSIgaGVpZ2h0PSIyNSIgY2xhc3M9ImltZzI1IiAvPgo8ZGl2IGNsYXNzPSJjbGVhcmZpeCBpbWc0MCI+CiAgICAgPGRpdiBjbGFzcz0iZ29vZHNfMTMwNV8wMl9sZWZ0Ij48aW1nIHNyYz0iaHR0cDovL2ltYWdlLnJha3V0ZW4uY28uanAvdmllYW5nZS9jYWJpbmV0L2xvdmVyc19zY2VuZS9sc3IvbHNyMDY1Nl8wOS5qcGciIHdpZHRoPSI0MDAiIGhlaWdodD0iNDAwIiBjbGFzcz0iaW1nMDUiIC8+CiAgICAg44GK5aW944GN44Gq44Oh44OD44K744O844K444KS5YWl44KM44CB5LqM5Lq644Gg44GR44Gu44Oa44Ki44Oq44Oz44Kw44KS44Gk44GP44Gj44Gm44G/44Gm44Gv44Gp44GG44Gn44GZ44GL77yfPC9kaXY+CjxkaXYgY2xhc3M9Imdvb2RzXzEzMDVfMDJfcmlnaHQiPgogICAgICAgIDxwPkxvdmVycyAmYW1wOyBSaW5n44Gu5Lit44Gn44Gv44CB5Lit5b+D55qE44Gq44K344Oq44O844K644CCPGJyIC8+CiAgICAgICAgICDnqY/jgoTjgYvjgavmt7Hjgb7jgaPjgabjgobjgY/jgYrkuozkurrjga7ntYbjgYzjgIHjgZPjgozjgYvjgonjgoLntprjgY/jgZPjgajjgbjjga7npYjjgorjgpLoqJfjgZnigKbjgZ3jgpPjgarjg5rjgqLjg6rjg7PjgrDjgpLjgYrmjqLjgZfjga7jgYrkuozkurrjgavjga/jg5Tjg4Pjgr/jg6rjgII8YnIgLz4KICAgICAgICDos6rmhJ/jg7vjg4fjgrbjgqTjg7PjgajjgoLjg57jg6rjg4Pjgrjjg6rjg7PjgrDjgajjgZfjgabjgoLkvb/nlKjlj6/og73jgarjgq/jgqrjg6rjg4bjgqPjgpLnp5jjgoHjgabjgYTjgb7jgZnjgII8L3A+CiAgICAgPGltZyBzcmM9Imh0dHA6Ly9pbWFnZS5yYWt1dGVuLmNvLmpwL3ZpZWFuZ2UvY2FiaW5ldC9sb3ZlcnNfc2NlbmUvbHNyL2xzcjA2NTZfMTIuanBnIiBjbGFzcz0iaW1nMDUiIC8+CiAgICDlhoXlgbTjgavjgYrlhaXjgozjgZnjgovjg6Hjg4Pjgrvjg7zjgrjjga/igJznhKHmlpnjgrXjg7zjg5PjgrnigJ3jgafjgZk8L2Rpdj4KICA8L2Rpdj4KICAKICA8aW1nIHNyYz0iaHR0cDovL2ltYWdlLnJha3V0ZW4uY28uanAvdmllYW5nZS9jYWJpbmV0L2xvdmVyc19zY2VuZS9sc3IvbHNyMDY1Nl8xNS5naWYiIHdpZHRoPSI0NTkiIGhlaWdodD0iMTMwIiBjbGFzcz0iaW1nMjUiIC8+CjxkaXYgY2xhc3M9ImNsZWFyZml4IGltZzQwIj4KICAgICA8ZGl2IGNsYXNzPSJnb29kc18xMzA1XzAzX2xlZnQiPgogICAgICAgIDxwPuODh+OCtuOCpOODs+OBq+iPr+OCkua3u+OBiOOCi+Wuneefs+OAguWls+aAp+eUqOOBruODgOOCpOODpOODouODs+ODieOBr+OAgeS4iuWTgeizquOBquOCguOBruOCkjXnn7PljrPpgbjjgZfkvb/nlKjjgZfjgb7jgZfjgZ/jgII8L3A+CiAgICAgIDxpbWcgc3JjPSJodHRwOi8vaW1hZ2UucmFrdXRlbi5jby5qcC92aWVhbmdlL2NhYmluZXQvbG92ZXJzX3NjZW5lL2xzci9sc3IwNjU2XzIwLmpwZyIgd2lkdGg9IjI0NSIgaGVpZ2h0PSIyNDUiIGNsYXNzPSJpbWcwNSIgLz4KICAgICAgICDlpKfliIfjgarkurrjgajjga7oqJjlv7Xml6XjgoTjgIHjg5fjg6zjgrzjg7Pjg4jjgavmnIDpganjga7jg5rjgqLjg6rjg7PjgrAgICAgIDwvZGl2PgogIDxkaXYgY2xhc3M9Imdvb2RzXzEzMDVfMDNfcmlnaHQiPgo8aW1nIHNyYz0iaHR0cDovL2ltYWdlLnJha3V0ZW4uY28uanAvdmllYW5nZS9jYWJpbmV0L2xvdmVyc19zY2VuZS9sc3IvbHNyMDY1Nl8xOS5qcGciIHdpZHRoPSI0MDAiIGhlaWdodD0iNDAwIiBjbGFzcz0iaW1nMDUiIC8+ICAgIOWkieiJsuOBl+OBq+OBj+OBj+e+juOBl+OBhOi8neOBj+OCkuaUvuOBpOOAgeODlOODs+OCr+OCtOODvOODq+ODieOBqOODm+ODr+OCpOODiOOCtOODvOODq+ODieOBruODmuOCouODquODs+OCsCAgICAgPC9kaXY+CiAgPC9kaXY+CiAgCiAgPGltZyBzcmM9Imh0dHA6Ly9pbWFnZS5yYWt1dGVuLmNvLmpwL3ZpZWFuZ2UvY2FiaW5ldC9sb3ZlcnNfc2NlbmUvbHNyL2xzcjA2NTZfMjQuanBnIiB3aWR0aD0iNjYwIiBoZWlnaHQ9IjM2NyIgY2xhc3M9ImltZzYwIiAvPgogIAogICAgIDwhLS3ilrzilrzilrzjgqvjg6njg7zjg5Djg6rjgqjjg7zjgrfjg6fjg7PilrzilrzilrwtLT4gCiAgCiAgPGltZyBzcmM9Imh0dHA6Ly9pbWFnZS5yYWt1dGVuLmNvLmpwL3ZpZWFuZ2UvY2FiaW5ldC9sb3ZlcnNfYW5kX3JpbmcvbG92ZXJzcmluZ19pbWFnZS9scl90aXRsZV9jb2xvci5qcGciIHdpZHRoPSI2NjAiIGhlaWdodD0iMTQ1IuOAgGFsdD0i44Kr44Op44O844OQ44Oq44Ko44O844K344On44OzIiAgLz4KICAKIDx0YWJsZSBib3JkZXI9IjAiIHdpZHRoPSI2NjBweCI+CiA8dHI+PHRkPgogPGltZyBzcmM9Imh0dHA6Ly9pbWFnZS5yYWt1dGVuLmNvLmpwL3ZpZWFuZ2UvY2FiaW5ldC9sb3ZlcnNfYW5kX3JpbmcvbG92ZXJzcmluZ19pbWFnZS9scl93Zy5qcGciIHdpZHRoPSIyNTAiIGhlaWdodD0iMTQwIuOAgGFsdD0i44Ob44Ov44Kk44OI44K044O844Or44OJIiAvPgogPC90ZD4KIDx0ZD4KIDxmb250IHNpemU9IjIiIGNvbG9yPSIjNjk2OTY5Ij4KIDxiPuKXhjEw6YeRLzE46YeR44Ob44Ov44Kk44OI44K044O844Or44OJPC9iPjxicj4K44OX44Op44OB44OK44KI44KK44KC5a6J5L6h44Gn55m944GP6Lyd44GP44GT44Go44GL44KJ5Lq65rCX44Gu57Sg5p2Q44Gn44GZ44CCCuODreOCuOOCpuODoOOCs+ODvOODhuOCo+ODs+OCsOOBjOaWveOBleOCjOOAgeWkieiJsuOBl+OBq+OBj+OBhOOBk+OBqOOBjArnibnlvrTjgafjgZnjgII8L2ZvbnQ+PC90ZD4KIDwvdHI+IAogPHRyPjx0ZD4KIDxpbWcgc3JjPSJodHRwOi8vaW1hZ2UucmFrdXRlbi5jby5qcC92aWVhbmdlL2NhYmluZXQvbG92ZXJzX2FuZF9yaW5nL2xvdmVyc3JpbmdfaW1hZ2UvbHJfcGcuanBnIiB3aWR0aD0iMjUwIiBoZWlnaHQ9IjE0MCLjgIBhbHQ9IuODlOODs+OCr+OCtOODvOODq+ODiSIgLz4KIDwvdGQ+CiA8dGQ+CiA8Zm9udCBzaXplPSIyIiBjb2xvcj0iIzY5Njk2OSI+CiA8Yj7il4YxMOmHkS8xOOmHkeODlOODs+OCr+OCtOODvOODq+ODiTwvYj48YnI+CuODlOODs+OCr+OCtOODvOODq+ODieOBruaflOOCieOBi+OBhOi8neOBjeOBr+OAgeS4iuWTgeOBp+WPr+aEm+OCieOBl+OBjwrlhKrjgZfjgYTpm7Dlm7LmsJfjgpLmvJTlh7rjgZfjgIHlpbPmgKfjgavjgajjgabjgoLkurrmsJfjgafjgZnjgIIK44G+44Gf5pel5pys5Lq644Gu6IKM44Gr6aa05p+T44G/44KE44GZ44GE44Go44GE44KP44KM44Gm44GK44KK44CBCuODleOCoeODg+OCt+ODp+ODs+aAp+OCgumrmOOBj+OAgeOCs+ODvOODh+OCo+ODjeODvOODiOOBl+OChOOBmeOBhOOCq+ODqeODvOOBp+OBmeOAggo8L2ZvbnQ+PC90ZD4KIDwvdHI+IAogPHRyPjx0ZD4KIDxpbWcgc3JjPSJodHRwOi8vaW1hZ2UucmFrdXRlbi5jby5qcC92aWVhbmdlL2NhYmluZXQvbG92ZXJzX2FuZF9yaW5nL2xvdmVyc3JpbmdfaW1hZ2UvbHJfeWcuanBnIiB3aWR0aD0iMjUwIiBoZWlnaHQ9IjE0MCLjgIBhbHQ9IuOCpOOCqOODreODvOOCtOODvOODq+ODiSIgLz4KIDwvdGQ+CiA8dGQ+CiA8Zm9udCBzaXplPSIyIiBjb2xvcj0iIzY5Njk2OSI+CiA8Yj7il4YxMOmHkS8xOOmHkeOCpOOCqOODreODvOOCtOODvOODq+ODiTwvYj48YnI+CuiPr+OChOOBi+OBp+e+juOBl+OBhOi8neOBjeOBjOmtheWKm+OBruOCpOOCqOODreODvOOCtOODvOODq+ODieOAggrjgZ3jga7lrZjlnKjmhJ/jgYzmiYvlhYPjgpLmmI7jgovjgY/lvanjgorjgb7jgZnjgIIK5qyn57Gz44Gn44Gv44OW44Op44Kk44OA44Or44K444Ol44Ko44Oq44O844Gu57Sg5p2Q44Go44GX44Gm44KCCuODneODlOODpeODqeODvOOBp+OBmeOAgjwvZm9udD48L3RkPgogPC90cj4gCiA8dHI+PHRkPgogPGltZyBzcmM9Imh0dHA6Ly9pbWFnZS5yYWt1dGVuLmNvLmpwL3ZpZWFuZ2UvY2FiaW5ldC9sb3ZlcnNfYW5kX3JpbmcvbG92ZXJzcmluZ19pbWFnZS9scl9wdC5qcGciIHdpZHRoPSIyNTAiIGhlaWdodD0iMTQwIuOAgGFsdD0i44OX44Op44OB44OKIiAvPgogPC90ZD4KIDx0ZD4KIDxmb250IHNpemU9IjIiIGNvbG9yPSIjNjk2OTY5Ij4KIDxiPuKXhuODl+ODqeODgeODijk1MDwvYj48YnI+CuODl+ODqeODgeODiuOBr+WkqeeEtuOBrueZveOBhOi8neOBjeOCkuaMgeOBoeOAgeiAkOS5heaAp+OBq+WEquOCjOOBn+W4jOWwkeS+oeWApOOBrgrpq5jjgYTntKDmnZDjgafjgZnjgILlpInoibLjgZfjgavjgY/jgY/jgIHjgZ3jga7nvo7jgZfjgYTnmb3jgYTovJ3jgY3jgYwK44GE44Gk44G+44Gn44KC5aSx44KP44KM44Gq44GE44GT44Go44GL44KJ44CB44CM5rC46YGg44Gu5oSb44CN44KS57SE5p2f44GZ44KLCue1kOWpmuaMh+i8quOBq+OCguWkmuOBj+S9v+eUqOOBleOCjOOBpuOBhOOBvuOBmeOAgjwvZm9udD48L3RkPgogPC90cj4gCiAgPC90YWJsZT4KICAKICA8YnI+PGJyPgogIAogIDxkaXYgY2xhc3M9Imdvb2RzXzEzMDVfMDYiPgogIDxwPuOBlOazqOaWh+eiuuiqjeW+jOOAgeWVhuWTgeS7o+mHkeOBq+i/veWKoOaWmemHkeOCkuWKoOeul+OBl+OBpuOBlOiri+axgumHkemhjeOCkuWkieabtOOBleOBm+OBpuOBhOOBn+OBoOOBjeOBvuOBmeOAggrliqDnrpflvozjga7jgZToq4vmsYLph5HpoY3jgavjgaTjgYTjgabjga/jgIHjgZTms6jmlofnorroqo3lvozjgavjgYrpgIHjgorjgZnjgovjg6Hjg7zjg6vjgpLjgZTnorroqo3poZjjgYTjgb7jgZnjgII8YnI+44G+44Gf44CB57Sg5p2Q44Gr44KI44KK57SN5pyf44GM55Ww44Gq44KK44G+44GZ44Gu44Gn44GU5rOo5oSP44GP44Gg44GV44GE44CCIDwvcD48L2Rpdj4KICAKIDxicj48YnI+CiAKPCEtLeKWvOKWvOKWvOODquODs+OCsOOCteOCpOOCuuKWvOKWvOKWvC0tPiAKICAKICA8aW1nIHNyYz0iaHR0cDovL2ltYWdlLnJha3V0ZW4uY28uanAvdmllYW5nZS9jYWJpbmV0L2xvdmVyc19hbmRfcmluZy9sb3ZlcnNyaW5nX2ltYWdlL2xyX3RpdGxlX3NpemU0LmpwZyIgd2lkdGg9IjY2MCIgaGVpZ2h0PSI4OTci44CAYWx0PSLjg6rjg7PjgrDjgrXjgqTjgroiIGNsYXNzPSJpbWcxMCIgLz4KCgogIDwhLS3ilrzilrzilrzliLvljbDjgrXjg7zjg5PjgrnilrzilrzilrwtLT4gCiAgCiAgPGltZyBzcmM9Imh0dHA6Ly9pbWFnZS5yYWt1dGVuLmNvLmpwL3ZpZWFuZ2UvY2FiaW5ldC9sb3ZlcnNfYW5kX3JpbmcvbG92ZXJzcmluZ19pbWFnZS9scl90aXRsZV9rb2t1aW4uanBnIiB3aWR0aD0iNjYwIiBoZWlnaHQ9IjU4IuOAgGFsdD0i5Yi75Y2w44K144O844OT44K5IiBjbGFzcz0iaW1nMTAiIC8+CiAgCiAgPHAgY2xhc3M9ImltZzIwIj7jgZTluIzmnJvjga7mlrnjgavjga/jgIHjg6rjg7PjgrDjga7lhoXlgbTjgavjg6Hjg4Pjgrvjg7zjgrjjgoTjgYrlkI3liY3jgarjganjgpLnhKHmlpnjgafliLvljbAo5paH5a2X5YWl44KMKeOBleOBm+OBpuOBhOOBn+OBoOOBjeOBvuOBmeOAgjwvcD4KICAgIAogICAgPGRpdiBjbGFzcz0iY2xlYXJmaXggZ29vZHNfMTMwNV8wNSI+CiAgICAgICA8ZGl2PgogICAgICAgICA8cCBjbGFzcz0iaW1nMjUiPuKXhuWIu+WNsOOBq+OBpOOBhOOBpuOBr+ODluODreODg+OCr+S9k++8iOWkp+aWh+Wtl++8ieOBruOBv+WPr+iDveOBp+OBmeOAggrkuIvoqJjjga7mm7jkvZPopovmnKzjgpLjgZTnorroqo3kuIvjgZXjgYTjgII8YnI+PGJyPgogICAgICAgICDil4bogbfkurrjgYwx5paH5a2XMeaWh+Wtl+S4geWvp+OBq+aJi+W9q+OCiuOBp+WIu+WNsOiHtOOBl+OBvuOBmeOAgjwvcD4KPHAgc3R5bGU9ImZvbnQtc2l6ZTogMTRweDsiIGNsYXNzPSJpbWcyMCI+4peG44GT44Gh44KJ44Gu5ZWG5ZOB44Gr5YWl44KM44KJ44KM44KL5Yi75Y2w5paH5a2X5pWw44Gv44Ki44Or44OV44Kh44OZ44OD44OI5aSn5paH5a2X44O76Iux5pWw5a2X5ZCI44KP44Gb44GmPHNwYW4gc3R5bGU9ImNvbG9yOiAjRkYwMDY2Ij4z5paH5a2X44G+44GnPC9zcGFuPuOBp+OBmeOAgjwvcD4KICAgICAgPC9kaXY+CiAgICAgICA8aW1nIHNyYz0iaHR0cDovL2ltYWdlLnJha3V0ZW4uY28uanAvdmllYW5nZS9jYWJpbmV0L3BhcnRzL2xzcjA2NTBfNTJhLmpwZyIgLz4gIDwvZGl2PgogICAgCiAgICA8aW1nIHNyYz0iaHR0cDovL2ltYWdlLnJha3V0ZW4uY28uanAvdmllYW5nZS9jYWJpbmV0L3BhcnRzL2xzcjA2NTBfNTRhLmpwZyIgY2xhc3M9ImltZzA1IiAvPgogIAogIDxicj48YnI+CiAKIDxkaXYgY2xhc3M9Imdvb2RzXzEzMDVfMDYiPgogIDxwPuODl+ODq+ODgOOCpuODs+ODoeODi+ODpeODvOOBi+OCieOBlOW4jOacm+OBruabuOS9k+OCkuOBiumBuOOBs+OBj+OBoOOBleOBhOOAguazqOaWh+eUu+mdouOBruOAjOWIu+WNsOWvvuixoeWVhuWTgeOCkuOBlOazqOaWh+OBruaWueOBrwrjgZPjgaHjgonjgavjgZToqJjlhaXjgY/jgaDjgZXjgYTjgI3mrITjgavliLvljbDlhoXlrrnjgpLjgZToqJjlhaXjgY/jgaDjgZXjgYTjgILllYblk4HjgpIy5YCL5Lul5LiK44GK6LK344GE5LiK44GS44Gu5aC05ZCI44Gv44CBCuWIu+WNsOWvvuixoeWVhuWTgeOBjOWIhuOBi+OCi+OCiOOBhuOBlOS9teiomOOBiumhmOOBhOiHtOOBl+OBvuOBmeOAggrkvovjgIzjg6zjg4fjgqPjg7zjgrnvvJril4vil4vil4vil4vjgI3jgIzjg6Hjg7PjgrrvvJril4vil4vil4vil4vjgI3jgarjgak8L3A+PC9kaXY+Cgo8YnI+CgoK44CACgogPCEtLeKWvOKWvOKWvOODqeODg+ODlOODs+OCsOODu+ODoeODg+OCu+ODvOOCuOOCq+ODvOODieKWvOKWvOKWvC0tPiAgIAogIAogIDxpbWcgc3JjPSJodHRwOi8vaW1hZ2UucmFrdXRlbi5jby5qcC92aWVhbmdlL2NhYmluZXQvd3JhcHBpbmcvd3JhcHBpbmdfdGl0bGUuanBnIiBhbHQ9IuODqeODg+ODlOODs+OCsCI+Cgo8YnI+PGJyPjxicj4KCjx0YWJsZSBib3JkZXI9IjAiIHdpZHRoPSI2NjBweCI+Cjx0cj4KPHRkPgo8aW1nIHNyYz0iaHR0cDovL2ltYWdlLnJha3V0ZW4uY28uanAvdmllYW5nZS9jYWJpbmV0L3dyYXBwaW5nL2xyX3dyYXBfMDFfMS5qcGciIGFsdD0iTG92ZXJzJlJpbmfjgIDpgJrluLjjg6njg4Pjg5Tjg7PjgrAiPgo8L3RkPgo8dGQ+CjxpbWcgc3JjPSJodHRwOi8vaW1hZ2UucmFrdXRlbi5jby5qcC92aWVhbmdlL2NhYmluZXQvd3JhcHBpbmcvbHJfd3JhcF8wMi5qcGciIGFsdD0iTG92ZXJzJlJpbmfjgIDjgqjjgrPjg6njg4Pjg5Tjg7PjgrAiPgo8L3RkPgo8dGQ+CjxhICBocmVmPSJodHRwOi8vaXRlbS5yYWt1dGVuLmNvLmpwL3ZpZWFuZ2UvYy8wMDAwMDAwNzgyLyI+PGltZyBzcmM9Imh0dHA6Ly9pbWFnZS5yYWt1dGVuLmNvLmpwL3ZpZWFuZ2UvY2FiaW5ldC93cmFwcGluZy9scl93cmFwXzAzLmpwZyIgYWx0PSJMb3ZlcnMmUmluZ+OAgOOCueODmuOCt+ODo+ODq+ODqeODg+ODlOODs+OCsCI+PC9hPgo8L3RkPgo8L3RyPgo8L3RhYmxlPgo8aW1nIHNyYz0iaHR0cDovL2ltYWdlLnJha3V0ZW4uY28uanAvdmllYW5nZS9jYWJpbmV0L3dyYXBwaW5nL2tpa2luLmpwZyIgYWx0PSLlpKnkvb/jga7ljbXln7rph5EiPgogIAogIDxhICBocmVmPSJodHRwOi8vaXRlbS5yYWt1dGVuLmNvLmpwL3ZpZWFuZ2UvYy8wMDAwMDAwNzkxLyI+CjxpbWcgc3JjPSJodHRwOi8vaW1hZ2UucmFrdXRlbi5jby5qcC92aWVhbmdlL2NhYmluZXQvd3JhcHBpbmcvbHNfY2FyZC5qcGciIGFsdD0i44Oh44OD44K744O844K444Kr44O844OJIj48L2E+CgoKCgogPCEtLeKWvOKWvOKWvOODmuOCouODu+WNmOWTgeODquODs+OCr+KWvOKWvOKWvC0tPiAgIAogCiAgPGltZyBzcmM9Imh0dHA6Ly9pbWFnZS5yYWt1dGVuLmNvLmpwL3ZpZWFuZ2UvY2FiaW5ldC9sb3ZlcnNfYW5kX3JpbmcvbG92ZXJzcmluZ19pbWFnZS9scl9saW5rX21lbnMuanBnIiB3aWR0aD0iNjYwIiBoZWlnaHQ9IjU4IiBjbGFzcz0iaW1nMTAiIC8+CiAgCiAgCiA8ZGl2IGNsYXNzPSJsaW5rX3BhaXJfbWVucyI+CiAgICAgPGRpdiBjbGFzcz0idGFucGluX2xlZnQiPjxhIGhyZWY9Imh0dHA6Ly9pdGVtLnJha3V0ZW4uY28uanAvdmllYW5nZS9sc3IwNjU2ZHBrLXdnLyI+PGltZyBzcmM9Imh0dHA6Ly9pbWFnZS5yYWt1dGVuLmNvLmpwL3ZpZWFuZ2UvY2FiaW5ldC9sb3ZlcnNfc2NlbmUvbHNyL2xzcjA2NTZfcGFpci5qcGciIHdpZHRoPSIyMzUiIGhlaWdodD0iMjM1IiBjbGFzcz0iaW1nMjAiIC8+PC9hPgogICAgPC9kaXY+CiAgICA8ZGl2IGNsYXNzPSJ0YW5waW5fcmlnaHQiPjxhIGhyZWY9Imh0dHA6Ly9pdGVtLnJha3V0ZW4uY28uanAvdmllYW5nZS9sc3IwNjU2d2cvIj48aW1nIHNyYz0iaHR0cDovL2ltYWdlLnJha3V0ZW4uY28uanAvdmllYW5nZS9jYWJpbmV0L2xvdmVyc19zY2VuZS9sc3IvbHNyMDY1Nl8yOS5qcGciIHdpZHRoPSIyMzUiIGhlaWdodD0iMjM1IiBjbGFzcz0iaW1nMjAiIC8+PC9hPgogICAgCiAgCjwvZGl2PjwvZGl2PiAgCiAgICAgIDxhIGhyZWY9Imh0dHA6Ly9pdGVtLnJha3V0ZW4uY28uanAvdmllYW5nZS9jLzAwMDAwMDA2NjYvIj48aW1nIHNyYz0iaHR0cDovL2ltYWdlLnJha3V0ZW4uY28uanAvdmllYW5nZS9jYWJpbmV0L2ltYWdlL21vcmVfcGFpcnJpbmcyLmpwZyIgd2lkdGg9IjY2MCIgaGVpZ2h0PSIxMjAiIGJvcmRlcj0iMCI+PC9hPjwvZGl2PgogIDwvZGl2PgogPGJyPjxicj4KICAKICAKICAKICA8aW1nIHNyYz0iaHR0cDovL2ltYWdlLnJha3V0ZW4uY28uanAvdmllYW5nZS9jYWJpbmV0L3BhcnRzL2xzcjA2NTBfNjguZ2lmIiBjbGFzcz0iaW1nMzAiIC8+CgoKPC9kaXY+PC9kaXY+PHRhYmxlIHdpZHRoPSIzOTAiIGJvcmRlcj0iMCI+CiAgPHRyPgogICAgPHRkIHdpZHRoPSI4OSI+Jm5ic3A7PC90ZD4KICAgIDx0ZCB3aWR0aD0iMjkxIj4mbmJzcDs8L3RkPgogIDwvdHI+CiAgPHRyPgogICAgPHRkPjxmb250IGNvbG9yPSM2OTY5Njkgc2l6ZT0iMiI+4pag44CA57Sg5p2Q44CA4pagPC9mb250PjwvdGQ+CiAgICA8dGQ+Jm5ic3A7PC90ZD4KICA8L3RyPgo8L3RhYmxlPgo8dGFibGUgd2lkdGg9IjM5MCIgYm9yZGVyPSIwIj4KICA8dHI+CiAgICA8dGQgd2lkdGg9Ijg5Ij48ZGl2IGFsaWduPSJyaWdodCI+PGZvbnQgY29sb3I9IiM2OTY5NjkiIHNpemU9IjIiPuODrOODh+OCo+ODvOOCue+8mjwvZm9udD48L2Rpdj48L3RkPgogICAgPHRkIHdpZHRoPSIyOTEiPjxmb250IGNvbG9yPSM2OTY5Njkgc2l6ZT0iMiI+SzEwKOODlOODs+OCr+OCtOODvOODq+ODiSkv44OA44Kk44Ok44Oi44Oz44OJw5c155+zPC9mb250PjwvdGQ+CiAgPC90cj4KICA8dHI+CiAgICA8dGQ+Jm5ic3A7PC90ZD4KICAgIDx0ZD4mbmJzcDs8L3RkPgogIDwvdHI+CjwvdGFibGU+Cjx0YWJsZSB3aWR0aD0iMzkwIiBib3JkZXI9IjAiPgogIDx0cj4KICAgIDx0ZD48Zm9udCBjb2xvcj0jNjk2OTY5IHNpemU9IjIiPuKWoCDlpKfjgY3jgZUobW0pIOKWoDwvZm9udD48L3RkPgogIDwvdHI+CjwvdGFibGU+Cjx0YWJsZSB3aWR0aD0iMzkwIiBib3JkZXI9IjAiPgogIDx0cj4KICAgIDx0ZCB3aWR0aD0iODkiPiZuYnNwOzwvdGQ+CiAgICA8dGQgd2lkdGg9IjI5MSI+PGZvbnQgY29sb3I9IzY5Njk2OSBzaXplPSIyIj7luYXntIQyLjnDl+WOmuOBv+e0hDIuMzwvZm9udD48L3RkPgogIDwvdHI+CiAgPHRyPgogICAgPHRkPiZuYnNwOzwvdGQ+CiAgICA8dGQ+Jm5ic3A7PC90ZD4KICA8L3RyPgo8L3RhYmxlPgo8dGFibGUgd2lkdGg9IjM5MCIgYm9yZGVyPSIwIj4KICA8dHI+CiAgICA8dGQgd2lkdGg9Ijg5Ij48Zm9udCBjb2xvcj0jNjk2OTY5IHNpemU9IjIiPuKWoOOAgOmHjemHj+OAgOKWoDwvZm9udD48L3RkPgogICAgPHRkIHdpZHRoPSIyOTEiPiZuYnNwOzwvdGQ+CiAgPC90cj4KPC90YWJsZT4KPHRhYmxlIHdpZHRoPSIzOTAiIGJvcmRlcj0iMCI+CiAgPHRyPgogICAgPHRkIHdpZHRoPSI4OSI+Jm5ic3A7PC90ZD4KICAgIDx0ZCB3aWR0aD0iMjkxIj48Zm9udCBjb2xvcj0jNjk2OTY5IHNpemU9IjIiPue0hDEuMzJnPC9mb250PjwvdGQ+CiAgPC90cj4KICA8dHI+CiAgICA8dGQ+Jm5ic3A7PC90ZD4KICAgIDx0ZD48Zm9udCBjb2xvcj0iIzAwOTlGRiIgc2l6ZT0iMSI+4oC75aSn44GN44GV44O76YeN44GV44Gr44Gv5aSa5bCR44Gu5YCL5L2T5beu44GM55Sf44GY44G+44GZPC9mb250PjwvdGQ+CiAgPC90cj4KPC90YWJsZT4KPHRhYmxlIHdpZHRoPSIzOTAiIGJvcmRlcj0iMCI+CiAgPHRyPgogICAgPHRkIHdpZHRoPSI4OCIgaGVpZ2h0PSIxNSI+PGZvbnQgY29sb3I9IzY5Njk2OSBzaXplPSIyIj7ilqDopo/lrprjgrXjgqTjgrrilqA8L2ZvbnQ+PC90ZD4KICAgIDx0ZCB3aWR0aD0iMjkyIj4mbmJzcDs8L3RkPgogIDwvdHI+CjwvdGFibGU+Cjx0YWJsZSB3aWR0aD0iMzkwIiBib3JkZXI9IjAiPgogIDx0cj4KICAgIDx0ZCB3aWR0aD0iODkiIGhlaWdodD0iNTEiPiZuYnNwOzwvdGQ+CiAgICA8dGQgd2lkdGg9IjI5MSI+PGZvbnQgY29sb3I9IzY5Njk2OSBzaXplPSIyIj415Y+344GL44KJMjPlj7fjgb7jgac8YnI+CuKAuzI05Y+35Lul5LiK44Gu44K144Kk44K644Gv5Yil6YCU5paZ6YeR44GM55m655Sf44GE44Gf44GX44G+44GZ44CC44G+44Gf44CB57SN5pyf44GMMemAsemWk+OBu+OBqemVt+OBj+OBquOCiuOBvuOBmeOAgjxicj4KPGJyPgrigLs05Y+35Lul5LiL44Gu44K144Kk44K644Gu5aC05ZCI44CB6L+95Yqg5paZ6YeR44Gv55m655Sf44GE44Gf44GX44G+44Gb44KT44GM44CBPGZvbnQgY29sb3I9IiMwMDk5RkYiPue0jeacn+OBjDHpgLHplpPvvIg35Za25qWt5pel77yJ44G744Gp5Yqg566X44GV44KM44G+44GZPC9mb250PuOAgjxicj48YnI+CuKXhuimj+WumuWkluOCteOCpOOCuuOBruOCquODvOODgOODvOaWueazleKXhjxicj4KPGJyPgrjgrXjgqTjgrrjga7jg5fjg6vjg4Djgqbjg7Pjg6Hjg4vjg6Xjg7zjgojjgorvvJzjgZ3jga7ku5bjgrXjgqTjgrrvvJ7jgpLjgZTpgbjmip7kuIvjgZXjgYTjgILms6jmlofnlLvpnaLjga7pgJrkv6HmrITjgavjgZTluIzmnJvjga7jgrXjgqTjgrrjgpLjgZTmmI7oqJjjgY/jgaDjgZXjgYTjgILlvZPmlrnjgavjgablt67poY3jgpLnrpflh7rjga7jgYbjgYjjgIHjgYrlrqLmp5jjgavjgZTpgKPntaHjgYTjgZ/jgZfjgb7jgZnjgILjgYrlrqLmp5jjga7jgZTkuobmib/jgpLjgYTjgZ/jgaDjgYTjgZ/mmYLngrnjgafjgIHlvZPmlrnjgavjgabov73liqDmlpnph5HjgpLliqDnrpfjgZfjgabjgIHjgZToq4vmsYLnt4/poY3jgpLlpInmm7TjgZXjgZvjgabjgYTjgZ/jgaDjgY3jgb7jgZnjgIIKPC9mb250PjwvdGQ+CiAgPC90cj4KICA8dHI+CiAgICA8dGQ+Jm5ic3A7PC90ZD4KICAgIDx0ZD4mbmJzcDs8L3RkPgogIDwvdHI+CjwvdGFibGU+Cgo8dGFibGUgd2lkdGg9IjM5MCIgYm9yZGVyPSIwIj4KICA8dHI+CiAgICA8dGQgd2lkdGg9IjIxMSI+PGZvbnQgY29sb3I9IzY5Njk2OSBzaXplPSIyIj7ilqAg6KOP55+z5YWl44KM44Kq44OX44K344On44Oz4pagPC9mb250PjwvdGQ+CiAgICA8dGQgd2lkdGg9IjE2OSI+Jm5ic3A7PC90ZD4KICA8L3RyPgo8L3RhYmxlPgo8dGFibGUgd2lkdGg9IjM5MCIgYm9yZGVyPSIwIj4KICA8dHI+CiAgICA8dGQgd2lkdGg9Ijg5Ij4mbmJzcDs8L3RkPgogICAgPHRkIHdpZHRoPSIyOTEiPjxmb250IGNvbG9yPSM2OTY5Njkgc2l6ZT0iMiI+5a++5b+c5LiN5Y+vPC9mb250PjwvdGQ+CiAgPC90cj4KICA8dHI+CiAgICA8dGQ+Jm5ic3A7PC90ZD4KICAgIDx0ZD4mbmJzcDs8L3RkPgogIDwvdHI+CjwvdGFibGU+PCEtLeKWvOKWvCDlt6bluK/jg6rjg7Pjgq/jgYLjgoog4pa84pa8LS0+Cgo8ZGl2IGlkPSJoaWRhcmktb2JpIj4KCjxzdHlsZT4KI2hpZGFyaS1vYmkgewpwb3NpdGlvbjogYWJzb2x1dGU7CnRvcDowcHg7CmxlZnQ6MTBweDsKYmFja2dyb3VuZDogdXJsKCJodHRwczovL2ltYWdlLnJha3V0ZW4uY28uanAvdmllYW5nZS9jYWJpbmV0L2NhbXBhaWduL3NjYm5yXzA1MTUuanBnIikgcmVwZWF0LXkgbGVmdCB0b3AgOwp9CiNoaWRhcmktb2JpIGEgewpkaXNwbGF5OiBibG9jazsKaGVpZ2h0OjkzMDBweDsvKuODmuODvOOCuOWFqOS9k+OBrumrmOOBlSovCndpZHRoOiAxNDBweDsvKuW4r+OBruW5hSovCn0KPC9zdHlsZT4KCjwvZGl2PgoKCgo8IS0t4pa84pa8IOW3puW4r+ODquODs+OCr+OBquOBlyDilrzilrwtLT4KCgoKCjwhLS3ilrzilrwg5bem5biv44Oq44Oz44Kv44Gq44GXIOKWvOKWvC0tPgoKPCEtLQo8c3R5bGUgdHlwZT0idGV4dC9jc3MiPgpib2R5ewpiYWNrZ3JvdW5kLWltYWdlOiB1cmwoImh0dHA6Ly9pbWFnZS5yYWt1dGVuLmNvLmpwL3ZpZWFuZ2UvY2FiaW5ldC9jYW1wYWlnbi9ibnJfMTAxMi5qcGciKTsKYmFja2dyb3VuZC1yZXBlYXQ6IHJlcGVhdC15OwpiYWNrZ3JvdW5kLWF0dGFjaG1lbnQ6IHNjcm9sbDsKYmFja2dyb3VuZC1wb3NpdGlvbjpsZWZ0Cn0KPC9zdHlsZT4KLS0+CgoKCgo8c3R5bGUgdHlwZT0idGV4dC9jc3MiPgoKLyog44GK5rCX44Gr5YWl44KK5ZWG5ZOBICovCgojcmFrdXRlbkxpbWl0ZWRJZF9hcm91bmRDYXJ0ICNzZXJ2aWNlVGFibGVTbWwgdGQuZmF2b3JpdGUgewoKcGFkZGluZy10b3A6IDVweDsKCn0KCiNyYWt1dGVuTGltaXRlZElkX2Fyb3VuZENhcnQgZGl2LmJvb2ttYXJrQXJlYSBkaXYuYmttIHsKCndpZHRoOiAyOTFweCAhaW1wb3J0YW50OwoKaGVpZ2h0OjMzcHggIWltcG9ydGFudDsKCnBhZGRpbmc6IDBweCAwcHggMTBweCAwcHggIWltcG9ydGFudDsKCn0KCiNyYWt1dGVuTGltaXRlZElkX2Fyb3VuZENhcnQgZGl2LmJvb2ttYXJrQXJlYSBkaXYuYmttIGEuYWRkQmttIHsKCndpZHRoOiAyOTFweCAhaW1wb3J0YW50OwoKaGVpZ2h0OjMzcHggIWltcG9ydGFudDsKCn0KCiNyYWt1dGVuTGltaXRlZElkX2Fyb3VuZENhcnQgZGl2LmJvb2ttYXJrQXJlYSBkaXYuYmttIGEuYWRkQmttIHNwYW4uYmttU3RhciB7CgpkaXNwbGF5OiBpbmxpbmUtYmxvY2sgIWltcG9ydGFudDsKCndpZHRoOiAyOTFweCAhaW1wb3J0YW50OwoKaGVpZ2h0OjMzcHggIWltcG9ydGFudDsKCm1hcmdpbjowcHggMHB4IDEwcHggMHB4ICFpbXBvcnRhbnQ7CgpiYWNrZ3JvdW5kOiB1cmwoImh0dHA6Ly9pbWFnZS5yYWt1dGVuLmNvLmpwL3ZpZWFuZ2UvY2FiaW5ldC9ibnJfZmF2aXRlbS5qcGciKSBuby1yZXBlYXQgIWltcG9ydGFudDsKCn0KCiAKCi8qIOOBiuawl+OBq+WFpeOCiuOCt+ODp+ODg+ODlyAqLwoKZGl2LmJvb2ttYXJrQXJlYSB7Cgp3aWR0aDogMjkxcHggIWltcG9ydGFudDsKCn0KCiNyYWt1dGVuTGltaXRlZElkX2Fyb3VuZENhcnQgZGl2LnNob3BCb29rbWFya0FyZWEgZGl2LnNob3BCa20gewoKd2lkdGg6IDI5MXB4ICFpbXBvcnRhbnQ7CgpoZWlnaHQ6MzNweCAhaW1wb3J0YW50OwoKcGFkZGluZzogMHB4IDBweCAhaW1wb3J0YW50OwoKcGFkZGluZy1sZWZ0OiAwcHggIWltcG9ydGFudDsKCn0KCiNyYWt1dGVuTGltaXRlZElkX2Fyb3VuZENhcnQgZGl2LnNob3BCb29rbWFya0FyZWEgZGl2LnNob3BCa20gYS5hZGRTaG9wQmttIHNwYW4uc2hvcEJrbVN0YXIgewoKZGlzcGxheTogaW5saW5lLWJsb2NrICFpbXBvcnRhbnQ7Cgp3aWR0aDogMjkxcHggIWltcG9ydGFudDsKCmhlaWdodDozM3B4ICFpbXBvcnRhbnQ7CgptYXJnaW4tcmlnaHQ6IDBweCAhaW1wb3J0YW50OwoKYmFja2dyb3VuZDogdXJsKCJodHRwOi8vaW1hZ2UucmFrdXRlbi5jby5qcC92aWVhbmdlL2NhYmluZXQvYm5yX2ZhdnNob3AuanBnIikgbm8tcmVwZWF0ICFpbXBvcnRhbnQ7Cgp9Cjwvc3R5bGU+CgoKCgo8ZGl2IGlkPSJwcmVzZW50X2Jhc2UiIGNsYXNzPSJjbGVhcmZpeCI+CiAgIDxkaXYgY2xhc3M9InByZXNlbnRfaW1nIj48aW1nIHNyYz0iaHR0cDovL2ltYWdlLnJha3V0ZW4uY28uanAvdmllYW5nZS9jYWJpbmV0L3RtZy9mb290X3ByZTAxLmdpZiIgYWx0PSLlpKfliIfjgarjgYLjga7kurrjgavntKDmlbXjgarjg5fjg6zjgrzjg7Pjg4giIHdpZHRoPSIxOTkiIGhlaWdodD0iMjk1IiAvPjwvZGl2PgogICA8ZGl2IGNsYXNzPSJwcmVzZW50X3R4dCI+PHA+5b2T5bqX44Gv44CB5Lq65rCX44Ki44Kv44K744K144Oq44O844OW44Op44Oz44OJ44CM5aSp5L2/44Gu5Y2144CN44KE44CM5pyq5p2l5aSp5L2/44CN44KS44Gv44GY44KB44CB6KqV55Sf55+z44Gu44Oa44Oz44OA44Oz44OI44KE44Oq44Oz44Kw44Gq44Gp44CB44OX44Os44K844Oz44OI44Gr44OU44OD44K/44Oq44Gq44Ki44Kv44K744K144Oq44O844KS5Y+W5omx44GG6YCa6LKp44K344On44OD44OX44Gn44GZ44CCPC9wPjxiciAvPgrjgIzlhKrjgZfjgYTlhYnjgavjgaTjgaTjgb7jgozjgovmsLjpgaDjga7lkb3jgI3jgpLooajnj77jgZfjgZ/jgrPjg7Pjgrvjg5fjg4jjgrjjg6Xjgqjjg6rjg7zjgIzmnKrmnaXlpKnkvb/jgI3jga/mnKrmnaXjgavlkJHjgZHjgabovJ3jgZHjgovlkb3jga7jgZnjgbDjgonjgZfjgZXjgpLlpJrlvanjgarjg4bjg7zjg57jg7vjg4fjgrbjgqTjg7Pjgafooajnj77jgZfjgabjgYTjgb7jgZnjgII8YnIgLz4K44Gd44KT44Gq5pyq5p2l5aSp5L2/44GL44KJ44Gu44OX44Os44K844Oz44OI44Go44GE44GG44Kz44Oz44K744OX44OI44Gn5L2c44KJ44KM44Gf44CM5aSp5L2/44Gu5Y2144CN44Gv44CB44CM6KqV55Sf44Gu5Zac44Gz44CN44KE44CM55Sf44GN44KL44GT44Go44Gu5oSf5YuV44Go6LOe6LOb44CN44KS44OG44O844Oe44Go44GX44Gm5Ym144KJ44KM44CB5Y2144Go576944Gu44OQ44Op44Oz44K544Gu6Imv44GE44KE44GV44GX44GE44OH44K244Kk44Oz44GM5oSb44GV44KM44Gm44GE44KL44Ot44Oz44Kw44K744Op44O844Gu5Lq65rCX44Ki44Kv44K744K144Oq44O844Gn44GZ44CC5piv6Z2e44CB5aSn5YiH44Gq5Lq644G444Gu44OX44Os44K844Oz44OI562J44Gr44KC44GU5rS755So5LiL44GV44GE77yBPC9kaXY+CjwvZGl2PgoKCgoKCjwhLS3ilrzilrzilrzjg6zjg5Pjg6Xjg7zjg7vms6jmlofnirbms4HilrzilrzilrwtLT4gICAKCiAgICAgICAgICAgIDxoMj48aW1nIHNyYz0iaHR0cDovL3d3dy5yYWt1dGVuLm5lLmpwL2dvbGQvdmllYW5nZS9pbWcvdGl0bGVfMDYuanBnIiBhbHQ9IuODrOODk+ODpeODvCIgd2lkdGg9IjY4OCIgaGVpZ2h0PSI3MCIgLz48L2gyPgogICAgICAgICAgICA8YnI+PGJyPgogIAoJICA8YnI+IDxicj4gPGJyPiAKICAgICAgICAgICAgICAgICAgPGgyPjxpbWcgc3JjPSJodHRwOi8vd3d3LnJha3V0ZW4ubmUuanAvZ29sZC92aWVhbmdlL2ltZy90aXRsZV8wNy5qcGciIGFsdD0i5rOo5paH54q25rOBIiB3aWR0aD0iNjg4IiBoZWlnaHQ9IjcwIiAvPjwvaDI+CiAgICAgICAgICAgICAgICAgICAgICAgICAgICAgIDxicj4gPGJyPiAKPGJyPiA8YnI+IDxicj4=,44CQ5Yi75Y2w54Sh5paZ44CR4peGTG92ZXJzICZhbXA7IFJpbmcg44Op44OQ44O844K644Oq44Oz44Kw4peGSzEw44OU44Oz44Kv44K044O844Or44OJ44Oq44Oz44KwKOODrOODh+OCo+ODvOOCuSnjgJBMU1IwNjU2RFBL44CR44CQSzEwIOODlOODs+OCr+OCtOODvOODq+ODiSDjg6rjg7PjgrAg44Oa44Ki44Oq44Oz44KwIOODmuOCoiDjg6njg5bjg6rjg7PjgrAg44OA44Kk44Ok44Oi44Oz44OJIOOCr+ODreOCuSDjg5fjg6zjgrzjg7Pjg4gg44Ki44Kv44K744K144Oq44O8IOOCuOODpeOCqOODquODvCDjg4DjgqTjg6Qg5aa7IOWIu+WNsOWPr+iDveOAkSAg5q+N44Gu5pelIOOCt+ODs+ODl+ODq++8muWkqeS9v+OBruWNtSB3aXRoIExPVkVSUyBTQ0VORQ==,5aSp5L2/44Gu5Y215pyq5p2l5aSp5L2/44K544Oa44O844K544Kv44Oq44Ko44O844K/44O844K444Ol44Ko44Oq44O844K344Or44OQ44O844Ki44Kv44K744K144Oq44O844OU44Oz44Kv44K344Or44OQ44O844ON44OD44Kv44Os44K555u05Za25bqX44Kv44Oq44K544Oe44K56ZmQ5a6a44Oa44Oz44OA44Oz44OI5oyH6Lyq44OU44Ki44K544OX44Os44K844Oz44OI44OZ44OT44O844K544OX44O844Oz44Os44OH44Kj44O844K544Op44OQ44O844K644K344O844Oz57WQ5ama5oyH6Lyq44Oa44Ki44Oq44Oz44Kw6KqV55Sf55+z44CQ5Yi75Y2w54Sh5paZ44CR4peGTG92ZXJzICZhbXA7IFJpbmcg44Op44OQ44O844K644Oq44Oz44Kw4peGSzEw44OU44Oz44Kv44K044O844Or44OJ44Oq44Oz44KwKOODrOODh+OCo+ODvOOCuSnjgJBMU1IwNjU2RFBL44CR44CQSzEwIOODlOODs+OCr+OCtOODvOODq+ODiSDjg6rjg7PjgrAg44Oa44Ki44Oq44Oz44KwIOODmuOCoiDjg6njg5bjg6rjg7PjgrAg44OA44Kk44Ok44Oi44Oz44OJIOOCr+ODreOCuSDjg5fjg6zjgrzjg7Pjg4gg44Ki44Kv44K744K144Oq44O8IOOCuOODpeOCqOODquODvCDjg4DjgqTjg6Qg5aa7IOWIu+WNsOWPr+iDveOAkSAg5q+N44Gu5pelIOOCt+ODs+ODl+ODqw==,576O44GX44GE44Kv44Ot44K544Op44Kk44Oz44Gu44Oa44Ki44Oq44Oz44Kw4piGIOmAgeaWmeeEoeaWmSDjg4DjgqTjg6Tjg6Ljg7Pjg4njgILjgJDliLvljbDnhKHmlpnjgJHil4ZMb3ZlcnMgJmFtcDsgUmluZyDjg6njg5Djg7zjgrrjg6rjg7PjgrDil4ZLMTDjg5Tjg7Pjgq/jgrTjg7zjg6vjg4njg6rjg7PjgrAo44Os44OH44Kj44O844K5KeOAkExTUjA2NTZEUEvjgJHjgJBLMTAg44OU44Oz44Kv44K044O844Or44OJIOODquODs+OCsCDjg5rjgqLjg6rjg7PjgrAg44Oa44KiIOODqeODluODquODs+OCsCDjg4DjgqTjg6Tjg6Ljg7Pjg4kg44Kv44Ot44K5IOODl+ODrOOCvOODs+ODiCDjgqLjgq/jgrvjgrXjg6rjg7wg44K444Ol44Ko44Oq44O8IOODgOOCpOODpCDlprsg5Yi75Y2w5Y+v6IO944CRICDmr43jga7ml6Ug44K344Oz44OX44Or[rn]
39-1036,aHR0cDovL3RzaG9wLnIxMHMuanAvdmllYW5nZS9jYWJpbmV0L2xvdmVyc19hbmRfcmluZy9sc3IwNjU1ZHBrLmpwZz9maXRpbj03MDA6NzAw,MTU5ODQuMDAwMA==,,44K444Ol44Ko44Oq44O844O744Ki44Kv44K744K144Oq44O8ID4g44Os44OH44Kj44O844K544K444Ol44Ko44Oq44O844O744Ki44Kv44K744K144Oq44O8ID4g5oyH6Lyq44O744Oq44Oz44Kw,4peGTG92ZXJzICYgUmluZyDjg6njg5Djg7zjgrrjg6rjg7PjgrDil4ZLMTDjg5Tjg7Pjgq/jgrTjg7zjg6vjg4njg6rjg7PjgrAo44Os44OH44Kj44O844K5KeOAkExTUjA2NTVEUEvjgJHjgJDjg5Tjg7Pjgq/jgrTjg7zjg6vjg4kg44Oq44Oz44KwIOODmuOCouODquODs+OCsCDjg5rjgqIg5oyH6LyqIOODqeODluODquODs+OCsCDjg4DjgqTjg6Tjg6Ljg7Pjg4kg5aa744OX44Os44K844Oz44OIIOOCouOCr+OCu+OCteODquODvCDjgqLjgq/jgrsg44K444Ol44Ko44Oq44O8IOODgOOCpOODpCDjgq7jg5Xjg4gg5Y+v5oSb44GEIOOBi+OCj+OBhOOBhOOAkSAg5q+N44Gu5pelIOOCt+ODs+ODl+ODqw==,44K044O844Or44OJ44Gu6Lyd44GN44KS5byV44GN5Ye644GZ576O44GX44GE44Kr44O844OW4piGIOmAgeaWmeeEoeaWmSDjg4DjgqTjg6Tjg6Ljg7Pjg4k=,PGNlbnRlcj48YSBocmVmPSJodHRwczovL215LmJvb2ttYXJrLnJha3V0ZW4uY28uanAvP2Z1bmM9cmVnJnN2aWQ9MTAxJnNob3BfYmlkPTIwMzk0NyZpaWQ9MTAwMDE1NzMmaXR5cGU9MSB0YXJnZXQ9X2JsYW5rIj48aW1nIHNyYz0iaHR0cDovL2ltYWdlLnJha3V0ZW4uY28uanAvdmllYW5nZS9jYWJpbmV0L3BfYm5yX2Zhdml0ZW0uanBnIiBib3JkZXI9IjAiIHdpZHRoPSI2NjAiIGhlaWdodD0iMTMwIj48L2E+PC9jZW50ZXI+PGJyPjxicj48aW1nIHNyYz0iaHR0cDovL2ltYWdlLnJha3V0ZW4uY28uanAvdmllYW5nZS9jYWJpbmV0L2NhbXBhaWduL2xyX3JpbmdfcGNfdG9rdXRlbi5qcGciYWx0PSJMb3ZlcnMmUmluZyDjgq3jg6Pjg7Pjg5rjg7zjg7MiPjxicj48YnI+Cgo8ZGl2IGNsYXNzPSJjYV8wMSI+Cgo8ZGl2IGlkPSJkZXRhaWxfYmFzZTIiPgoKICA8ZGl2IGNsYXNzPSJnb29kc18xMzA1XzAxIj4KICAgICAgPGRpdj48cD7nvo7jgrfjg6vjgqjjg4Pjg4jjgYznvo7jgZfjgYTjgIHoqIjnrpfjgZXjgozjgZ/jgqvjg7zjg5bjga7jg4fjgrbjgqTjg7PjgafjgZnjgILjgqvjg7zjg5bjga7pg6jliIbjga/jgIzmsLjpgaDjga7mhJvjgI3jgpLooajjgZfjgabjgYrjgorjgIHjgYTjgaTjgb7jgafjgoLkuozkurrjgYzlubjjgZvjgafjgYTjgonjgozjgb7jgZnjgojjgYbjgavigKbjgajjgYTjgYbmg7PjgYTjgYzovrzjgoHjgonjgozjgabjgYTjgb7jgZnjgILjgYrmj4PjgYTjga7jg6rjg7PjgrDjgpLouqvjgavnnYDjgZHjgozjgbDjgIHjgYTjgaTjgafjgoLkuozkurrjgpJIQVBQWeOBquawl+aMgeOBoeOBq+OBl+OBpuOBj+OCjOOBvuOBmeOAguOBvuOBn+OAgeWls+aAp+eUqOOBruODquODs+OCsOOBq+OBr+OCq+ODvOODluOBrumDqOWIhuOBq+ODgOOCpOODpOODouODs+ODieOCkuS9v+eUqOOBl+OBpuOBiuOCiuOAgeOCreODqeOCreODqeOBqOi8neOBj+ODgOOCpOODpOOBjOOBguOBquOBn+OBruaMh+WFg+OCkuOCiOOCiue+juOBl+OBj+OBv+OBm+OBvuOBmeOAgjwvcD4KICAgIDwvZGl2PgogICAgICA8aW1nIHNyYz0iaHR0cDovL2ltYWdlLnJha3V0ZW4uY28uanAvdmllYW5nZS9jYWJpbmV0L2xvdmVyc19zY2VuZS9sc3IvbHNyMDY1NV8wMy5qcGciIHdpZHRoPSI2NjAiIGhlaWdodD0iMzYwIiAvPjwvZGl2PgogIAogIDxpbWcgc3JjPSJodHRwOi8vaW1hZ2UucmFrdXRlbi5jby5qcC92aWVhbmdlL2NhYmluZXQvbG92ZXJzX3NjZW5lL2xzci9sc3IwNjUwXzA2LmdpZiIgd2lkdGg9IjM0NSIgaGVpZ2h0PSIyNyIgY2xhc3M9ImltZzEwIiAvPgogIDxwIGNsYXNzPSJpbWcyMCI+5b6T5p2l44Gu44Oa44Ki44Oq44Oz44Kw44Gn44KC44Gq44GP44CB44Oe44Oq44OD44K444Oq44Oz44Kw44Gn44KC44Gq44GE44CO5oSb44Go5YWx44Gr55Sf44GN44KL44CP44Go44GE44GG5paw44Gf44Gq44Kz44Oz44K744OX44OI44Gn5Ym144KJ44KM44Gf5paw44Gf44Gq44K444Oj44Oz44Or44Gu5oyH6Lyq44Gn44GZ44CC55yf5a6f44Gu5oSb44KS6aGY44GG5oGL5Lq644Gf44Gh44Gr6LSI44KK44G+44GZ4oCm44CCPC9wPgogIAogIDxpZnJhbWUgd2lkdGg9IjY2MCIgc2Nyb2xsaW5nPSJubyIgaGVpZ2h0PSI0NzAiIGZyYW1lYm9yZGVyPSIwIiBzcmM9Imh0dHA6Ly93d3cucmFrdXRlbi5uZS5qcC9nb2xkL3ZpZWFuZ2UvZ2RfaWZyYW1lL0xTUjA2NTVfaW4uaHRtbCI+PC9pZnJhbWU+CiAgCiAgPGltZyBzcmM9Imh0dHA6Ly9pbWFnZS5yYWt1dGVuLmNvLmpwL3ZpZWFuZ2UvY2FiaW5ldC9sb3ZlcnNfc2NlbmUvbHNyL2xzcjA2NTBfMTIuZ2lmIiB3aWR0aD0iNDM1IiBoZWlnaHQ9IjI1IiBjbGFzcz0iaW1nMjUiIC8+CjxkaXYgY2xhc3M9ImNsZWFyZml4IGltZzQwIj4KICAgICA8ZGl2IGNsYXNzPSJnb29kc18xMzA1XzAyX2xlZnQiPjxpbWcgc3JjPSJodHRwOi8vaW1hZ2UucmFrdXRlbi5jby5qcC92aWVhbmdlL2NhYmluZXQvbG92ZXJzX3NjZW5lL2xzci9sc3IwNjU1XzA5LmpwZyIgd2lkdGg9IjQwMCIgaGVpZ2h0PSI0MDAiIGNsYXNzPSJpbWcwNSIgLz4KICAgICDjgYrlpb3jgY3jgarjg6Hjg4Pjgrvjg7zjgrjjgpLlhaXjgozjgIHkuozkurrjgaDjgZHjga7jg5rjgqLjg6rjg7PjgrDjgpLjgaTjgY/jgaPjgabjgb/jgabjga/jganjgYbjgafjgZnjgYvvvJ88L2Rpdj4KPGRpdiBjbGFzcz0iZ29vZHNfMTMwNV8wMl9yaWdodCI+CiAgICAgICAgPHA+TG92ZXJzICZhbXA7IFJpbmfjga7kuK3jgafjga/jgIHkuK3lv4PnmoTjgarjgrfjg6rjg7zjgrrjgII8YnIgLz4KICAgICAgICAgIOepj+OChOOBi+OBq+a3seOBvuOBo+OBpuOChuOBj+OBiuS6jOS6uuOBrue1huOBjOOAgeOBk+OCjOOBi+OCieOCgue2muOBj+OBk+OBqOOBuOOBrueliOOCiuOCkuiol+OBmeKApuOBneOCk+OBquODmuOCouODquODs+OCsOOCkuOBiuaOouOBl+OBruOBiuS6jOS6uuOBq+OBr+ODlOODg+OCv+ODquOAgjxiciAvPgogICAgICAgIOizquaEn+ODu+ODh+OCtuOCpOODs+OBqOOCguODnuODquODg+OCuOODquODs+OCsOOBqOOBl+OBpuOCguS9v+eUqOWPr+iDveOBquOCr+OCquODquODhuOCo+OCkuenmOOCgeOBpuOBhOOBvuOBmeOAgjwvcD4KICAgICA8aW1nIHNyYz0iaHR0cDovL2ltYWdlLnJha3V0ZW4uY28uanAvdmllYW5nZS9jYWJpbmV0L2xvdmVyc19zY2VuZS9sc3IvbHNyMDY1NV8xMi5qcGciIGNsYXNzPSJpbWcwNSIgLz4KICAgIOWGheWBtOOBq+OBiuWFpeOCjOOBmeOCi+ODoeODg+OCu+ODvOOCuOOBr+KAnOeEoeaWmeOCteODvOODk+OCueKAneOBp+OBmTwvZGl2PgogIDwvZGl2PgogIAogIDxpbWcgc3JjPSJodHRwOi8vaW1hZ2UucmFrdXRlbi5jby5qcC92aWVhbmdlL2NhYmluZXQvbG92ZXJzX3NjZW5lL2xzci9sc3IwNjU1XzE1LmdpZiIgd2lkdGg9IjUyNCIgaGVpZ2h0PSIzMCIgY2xhc3M9ImltZzI1IiAvPgo8ZGl2IGNsYXNzPSJjbGVhcmZpeCBpbWc0MCI+CiAgICAgPGRpdiBjbGFzcz0iZ29vZHNfMTMwNV8wM19sZWZ0Ij4KICAgICAgICA8cD7jg4fjgrbjgqTjg7Pjgavoj6/jgpLmt7vjgYjjgovlrp3nn7PjgILlpbPmgKfnlKjjga7jg4DjgqTjg6Tjg6Ljg7Pjg4njga/jgIHkuIrlk4Hos6rjgarjgoLjga7jgpIz55+z5Y6z6YG444GX5L2/55So44GX44G+44GX44Gf44CCPC9wPgogICAgICAgIDxpbWcgc3JjPSJodHRwOi8vaW1hZ2UucmFrdXRlbi5jby5qcC92aWVhbmdlL2NhYmluZXQvbG92ZXJzX3NjZW5lL2xzci9sc3IwNjU1XzIwLmpwZyIgd2lkdGg9IjI0NSIgaGVpZ2h0PSIyNDUiIGNsYXNzPSJpbWcwNSIgLz4KICAgICAgICDlpKfliIfjgarkurrjgajjga7oqJjlv7Xml6XjgoTjgIHjg5fjg6zjgrzjg7Pjg4jjgavmnIDpganjga7jg5rjgqLjg6rjg7PjgrAgICAgIDwvZGl2PgogIDxkaXYgY2xhc3M9Imdvb2RzXzEzMDVfMDNfcmlnaHQiPgo8aW1nIHNyYz0iaHR0cDovL2ltYWdlLnJha3V0ZW4uY28uanAvdmllYW5nZS9jYWJpbmV0L2xvdmVyc19zY2VuZS9sc3IvbHNyMDY1NV8xOS5qcGciIHdpZHRoPSI0MDAiIGhlaWdodD0iNDAwIiBjbGFzcz0iaW1nMDUiIC8+ICAgIOWkieiJsuOBl+OBq+OBj+OBj+e+juOBl+OBhOi8neOBj+OCkuaUvuOBpOOAgeODlOODs+OCr+OCtOODvOODq+ODieOBqOODm+ODr+OCpOODiOOCtOODvOODq+ODieOBruODmuOCouODquODs+OCsCAgICAgPC9kaXY+CiAgPC9kaXY+CiAgCiAgPGltZyBzcmM9Imh0dHA6Ly9pbWFnZS5yYWt1dGVuLmNvLmpwL3ZpZWFuZ2UvY2FiaW5ldC9sb3ZlcnNfc2NlbmUvbHNyL2xzcjA2NTVfMjQuanBnIiB3aWR0aD0iNjYwIiBoZWlnaHQ9IjM3MSIgY2xhc3M9ImltZzYwIiAvPgogIAogICAgICA8IS0t4pa84pa84pa844Kr44Op44O844OQ44Oq44Ko44O844K344On44Oz4pa84pa84pa8LS0+IAogIAogIDxpbWcgc3JjPSJodHRwOi8vaW1hZ2UucmFrdXRlbi5jby5qcC92aWVhbmdlL2NhYmluZXQvbG92ZXJzX2FuZF9yaW5nL2xvdmVyc3JpbmdfaW1hZ2UvbHJfdGl0bGVfY29sb3IuanBnIiB3aWR0aD0iNjYwIiBoZWlnaHQ9IjE0NSLjgIBhbHQ9IuOCq+ODqeODvOODkOODquOCqOODvOOCt+ODp+ODsyIgIC8+CiAgCiA8dGFibGUgYm9yZGVyPSIwIiB3aWR0aD0iNjYwcHgiPgogPHRyPjx0ZD4KIDxpbWcgc3JjPSJodHRwOi8vaW1hZ2UucmFrdXRlbi5jby5qcC92aWVhbmdlL2NhYmluZXQvbG92ZXJzX2FuZF9yaW5nL2xvdmVyc3JpbmdfaW1hZ2UvbHJfd2cuanBnIiB3aWR0aD0iMjUwIiBoZWlnaHQ9IjE0MCLjgIBhbHQ9IuODm+ODr+OCpOODiOOCtOODvOODq+ODiSIgLz4KIDwvdGQ+CiA8dGQ+CiA8Zm9udCBzaXplPSIyIiBjb2xvcj0iIzY5Njk2OSI+CiA8Yj7il4YxMOmHkS8xOOmHkeODm+ODr+OCpOODiOOCtOODvOODq+ODiTwvYj48YnI+CuODl+ODqeODgeODiuOCiOOCiuOCguWuieS+oeOBp+eZveOBj+i8neOBj+OBk+OBqOOBi+OCieS6uuawl+OBrue0oOadkOOBp+OBmeOAggrjg63jgrjjgqbjg6DjgrPjg7zjg4bjgqPjg7PjgrDjgYzmlr3jgZXjgozjgIHlpInoibLjgZfjgavjgY/jgYTjgZPjgajjgYwK54m55b6044Gn44GZ44CCPC9mb250PjwvdGQ+CiA8L3RyPiAKIDx0cj48dGQ+CiA8aW1nIHNyYz0iaHR0cDovL2ltYWdlLnJha3V0ZW4uY28uanAvdmllYW5nZS9jYWJpbmV0L2xvdmVyc19hbmRfcmluZy9sb3ZlcnNyaW5nX2ltYWdlL2xyX3BnLmpwZyIgd2lkdGg9IjI1MCIgaGVpZ2h0PSIxNDAi44CAYWx0PSLjg5Tjg7Pjgq/jgrTjg7zjg6vjg4kiIC8+CiA8L3RkPgogPHRkPgogPGZvbnQgc2l6ZT0iMiIgY29sb3I9IiM2OTY5NjkiPgogPGI+4peGMTDph5EvMTjph5Hjg5Tjg7Pjgq/jgrTjg7zjg6vjg4k8L2I+PGJyPgrjg5Tjg7Pjgq/jgrTjg7zjg6vjg4njga7mn5TjgonjgYvjgYTovJ3jgY3jga/jgIHkuIrlk4Hjgaflj6/mhJvjgonjgZfjgY8K5YSq44GX44GE6Zuw5Zuy5rCX44KS5ryU5Ye644GX44CB5aWz5oCn44Gr44Go44Gm44KC5Lq65rCX44Gn44GZ44CCCuOBvuOBn+aXpeacrOS6uuOBruiCjOOBq+mmtOafk+OBv+OChOOBmeOBhOOBqOOBhOOCj+OCjOOBpuOBiuOCiuOAgQrjg5XjgqHjg4Pjgrfjg6fjg7PmgKfjgoLpq5jjgY/jgIHjgrPjg7zjg4fjgqPjg43jg7zjg4jjgZfjgoTjgZnjgYTjgqvjg6njg7zjgafjgZnjgIIKPC9mb250PjwvdGQ+CiA8L3RyPiAKIDx0cj48dGQ+CiA8aW1nIHNyYz0iaHR0cDovL2ltYWdlLnJha3V0ZW4uY28uanAvdmllYW5nZS9jYWJpbmV0L2xvdmVyc19hbmRfcmluZy9sb3ZlcnNyaW5nX2ltYWdlL2xyX3lnLmpwZyIgd2lkdGg9IjI1MCIgaGVpZ2h0PSIxNDAi44CAYWx0PSLjgqTjgqjjg63jg7zjgrTjg7zjg6vjg4kiIC8+CiA8L3RkPgogPHRkPgogPGZvbnQgc2l6ZT0iMiIgY29sb3I9IiM2OTY5NjkiPgogPGI+4peGMTDph5EvMTjph5HjgqTjgqjjg63jg7zjgrTjg7zjg6vjg4k8L2I+PGJyPgroj6/jgoTjgYvjgafnvo7jgZfjgYTovJ3jgY3jgYzprYXlipvjga7jgqTjgqjjg63jg7zjgrTjg7zjg6vjg4njgIIK44Gd44Gu5a2Y5Zyo5oSf44GM5omL5YWD44KS5piO44KL44GP5b2p44KK44G+44GZ44CCCuasp+exs+OBp+OBr+ODluODqeOCpOODgOODq+OCuOODpeOCqOODquODvOOBrue0oOadkOOBqOOBl+OBpuOCggrjg53jg5Tjg6Xjg6njg7zjgafjgZnjgII8L2ZvbnQ+PC90ZD4KIDwvdHI+IAogPHRyPjx0ZD4KIDxpbWcgc3JjPSJodHRwOi8vaW1hZ2UucmFrdXRlbi5jby5qcC92aWVhbmdlL2NhYmluZXQvbG92ZXJzX2FuZF9yaW5nL2xvdmVyc3JpbmdfaW1hZ2UvbHJfcHQuanBnIiB3aWR0aD0iMjUwIiBoZWlnaHQ9IjE0MCLjgIBhbHQ9IuODl+ODqeODgeODiiIgLz4KIDwvdGQ+CiA8dGQ+CiA8Zm9udCBzaXplPSIyIiBjb2xvcj0iIzY5Njk2OSI+CiA8Yj7il4bjg5fjg6njg4Hjg4o5NTA8L2I+PGJyPgrjg5fjg6njg4Hjg4rjga/lpKnnhLbjga7nmb3jgYTovJ3jgY3jgpLmjIHjgaHjgIHogJDkuYXmgKfjgavlhKrjgozjgZ/luIzlsJHkvqHlgKTjga4K6auY44GE57Sg5p2Q44Gn44GZ44CC5aSJ6Imy44GX44Gr44GP44GP44CB44Gd44Gu576O44GX44GE55m944GE6Lyd44GN44GMCuOBhOOBpOOBvuOBp+OCguWkseOCj+OCjOOBquOBhOOBk+OBqOOBi+OCieOAgeOAjOawuOmBoOOBruaEm+OAjeOCkue0hOadn+OBmeOCiwrntZDlqZrmjIfovKrjgavjgoLlpJrjgY/kvb/nlKjjgZXjgozjgabjgYTjgb7jgZnjgII8L2ZvbnQ+PC90ZD4KIDwvdHI+IAogIDwvdGFibGU+CiAgCiAgPGJyPjxicj4KICAKICA8ZGl2IGNsYXNzPSJnb29kc18xMzA1XzA2Ij4KICA8cD7jgZTms6jmlofnorroqo3lvozjgIHllYblk4Hku6Pph5Hjgavov73liqDmlpnph5HjgpLliqDnrpfjgZfjgabjgZToq4vmsYLph5HpoY3jgpLlpInmm7TjgZXjgZvjgabjgYTjgZ/jgaDjgY3jgb7jgZnjgIIK5Yqg566X5b6M44Gu44GU6KuL5rGC6YeR6aGN44Gr44Gk44GE44Gm44Gv44CB44GU5rOo5paH56K66KqN5b6M44Gr44GK6YCB44KK44GZ44KL44Oh44O844Or44KS44GU56K66KqN6aGY44GE44G+44GZ44CCPGJyPuOBvuOBn+OAgee0oOadkOOBq+OCiOOCiue0jeacn+OBjOeVsOOBquOCiuOBvuOBmeOBruOBp+OBlOazqOaEj+OBj+OBoOOBleOBhOOAgiA8L3A+PC9kaXY+CiAgCiA8YnI+PGJyPgogCjwhLS3ilrzilrzilrzjg6rjg7PjgrDjgrXjgqTjgrrilrzilrzilrwtLT4gCiAgCiAgPGltZyBzcmM9Imh0dHA6Ly9pbWFnZS5yYWt1dGVuLmNvLmpwL3ZpZWFuZ2UvY2FiaW5ldC9sb3ZlcnNfYW5kX3JpbmcvbG92ZXJzcmluZ19pbWFnZS9scl90aXRsZV9zaXplNC5qcGciIHdpZHRoPSI2NjAiIGhlaWdodD0iODk3IuOAgGFsdD0i44Oq44Oz44Kw44K144Kk44K6IiBjbGFzcz0iaW1nMTAiIC8+CgoKICA8IS0t4pa84pa84pa85Yi75Y2w44K144O844OT44K54pa84pa84pa8LS0+IAogIAogIDxpbWcgc3JjPSJodHRwOi8vaW1hZ2UucmFrdXRlbi5jby5qcC92aWVhbmdlL2NhYmluZXQvbG92ZXJzX2FuZF9yaW5nL2xvdmVyc3JpbmdfaW1hZ2UvbHJfdGl0bGVfa29rdWluLmpwZyIgd2lkdGg9IjY2MCIgaGVpZ2h0PSI1OCLjgIBhbHQ9IuWIu+WNsOOCteODvOODk+OCuSIgY2xhc3M9ImltZzEwIiAvPgogIAogIDxwIGNsYXNzPSJpbWcyMCI+44GU5biM5pyb44Gu5pa544Gr44Gv44CB44Oq44Oz44Kw44Gu5YaF5YG044Gr44Oh44OD44K744O844K444KE44GK5ZCN5YmN44Gq44Gp44KS54Sh5paZ44Gn5Yi75Y2wKOaWh+Wtl+WFpeOCjCnjgZXjgZvjgabjgYTjgZ/jgaDjgY3jgb7jgZnjgII8L3A+CiAgICAKICAgIDxkaXYgY2xhc3M9ImNsZWFyZml4IGdvb2RzXzEzMDVfMDUiPgogICAgICAgPGRpdj4KICAgICAgICAgPHAgY2xhc3M9ImltZzI1Ij7il4bliLvljbDjgavjgaTjgYTjgabjga/jg5bjg63jg4Pjgq/kvZPvvIjlpKfmloflrZfvvInjga7jgb/lj6/og73jgafjgZnjgIIK5LiL6KiY44Gu5pu45L2T6KaL5pys44KS44GU56K66KqN5LiL44GV44GE44CCPGJyPjxicj4KICAgICAgICAg4peG6IG35Lq644GMMeaWh+WtlzHmloflrZfkuIHlr6fjgavmiYvlvavjgorjgafliLvljbDoh7TjgZfjgb7jgZnjgII8L3A+CjxwIHN0eWxlPSJmb250LXNpemU6IDE0cHg7IiBjbGFzcz0iaW1nMjAiPuKXhuOBk+OBoeOCieOBruWVhuWTgeOBq+WFpeOCjOOCieOCjOOCi+WIu+WNsOaWh+Wtl+aVsOOBr+OCouODq+ODleOCoeODmeODg+ODiOWkp+aWh+Wtl+ODu+iLseaVsOWtl+WQiOOCj+OBm+OBpjxzcGFuIHN0eWxlPSJjb2xvcjogI0ZGMDA2NiI+M+aWh+Wtl+OBvuOBpzwvc3Bhbj7jgafjgZnjgII8L3A+CiAgICAgIDwvZGl2PgogICAgICAgPGltZyBzcmM9Imh0dHA6Ly9pbWFnZS5yYWt1dGVuLmNvLmpwL3ZpZWFuZ2UvY2FiaW5ldC9wYXJ0cy9sc3IwNjUwXzUyYS5qcGciIC8+ICA8L2Rpdj4KICAgIAogICAgPGltZyBzcmM9Imh0dHA6Ly9pbWFnZS5yYWt1dGVuLmNvLmpwL3ZpZWFuZ2UvY2FiaW5ldC9wYXJ0cy9sc3IwNjUwXzU0YS5qcGciIGNsYXNzPSJpbWcwNSIgLz4KICAKICA8YnI+PGJyPgogCiA8ZGl2IGNsYXNzPSJnb29kc18xMzA1XzA2Ij4KICA8cD7jg5fjg6vjg4Djgqbjg7Pjg6Hjg4vjg6Xjg7zjgYvjgonjgZTluIzmnJvjga7mm7jkvZPjgpLjgYrpgbjjgbPjgY/jgaDjgZXjgYTjgILms6jmlofnlLvpnaLjga7jgIzliLvljbDlr77osaHllYblk4HjgpLjgZTms6jmlofjga7mlrnjga8K44GT44Gh44KJ44Gr44GU6KiY5YWl44GP44Gg44GV44GE44CN5qyE44Gr5Yi75Y2w5YaF5a6544KS44GU6KiY5YWl44GP44Gg44GV44GE44CC5ZWG5ZOB44KSMuWAi+S7peS4iuOBiuiyt+OBhOS4iuOBkuOBruWgtOWQiOOBr+OAgQrliLvljbDlr77osaHllYblk4HjgYzliIbjgYvjgovjgojjgYbjgZTkvbXoqJjjgYrpoZjjgYToh7TjgZfjgb7jgZnjgIIK5L6L44CM44Os44OH44Kj44O844K577ya4peL4peL4peL4peL44CN44CM44Oh44Oz44K677ya4peL4peL4peL4peL44CN44Gq44GpPC9wPjwvZGl2PgoKPGJyPgoKCuOAgAoKIDwhLS3ilrzilrzilrzjg6njg4Pjg5Tjg7PjgrDjg7vjg6Hjg4Pjgrvjg7zjgrjjgqvjg7zjg4nilrzilrzilrwtLT4gICAKICAKICA8aW1nIHNyYz0iaHR0cDovL2ltYWdlLnJha3V0ZW4uY28uanAvdmllYW5nZS9jYWJpbmV0L3dyYXBwaW5nL3dyYXBwaW5nX3RpdGxlLmpwZyIgYWx0PSLjg6njg4Pjg5Tjg7PjgrAiPgoKPGJyPjxicj48YnI+Cgo8dGFibGUgYm9yZGVyPSIwIiB3aWR0aD0iNjYwcHgiPgo8dHI+Cjx0ZD4KPGltZyBzcmM9Imh0dHA6Ly9pbWFnZS5yYWt1dGVuLmNvLmpwL3ZpZWFuZ2UvY2FiaW5ldC93cmFwcGluZy9scl93cmFwXzAxXzEuanBnIiBhbHQ9IkxvdmVycyZSaW5n44CA6YCa5bi444Op44OD44OU44Oz44KwIj4KPC90ZD4KPHRkPgo8aW1nIHNyYz0iaHR0cDovL2ltYWdlLnJha3V0ZW4uY28uanAvdmllYW5nZS9jYWJpbmV0L3dyYXBwaW5nL2xyX3dyYXBfMDIuanBnIiBhbHQ9IkxvdmVycyZSaW5n44CA44Ko44Kz44Op44OD44OU44Oz44KwIj4KPC90ZD4KPHRkPgo8YSAgaHJlZj0iaHR0cDovL2l0ZW0ucmFrdXRlbi5jby5qcC92aWVhbmdlL2MvMDAwMDAwMDc4Mi8iPjxpbWcgc3JjPSJodHRwOi8vaW1hZ2UucmFrdXRlbi5jby5qcC92aWVhbmdlL2NhYmluZXQvd3JhcHBpbmcvbHJfd3JhcF8wMy5qcGciIGFsdD0iTG92ZXJzJlJpbmfjgIDjgrnjg5rjgrfjg6Pjg6vjg6njg4Pjg5Tjg7PjgrAiPjwvYT4KPC90ZD4KPC90cj4KPC90YWJsZT4KPGltZyBzcmM9Imh0dHA6Ly9pbWFnZS5yYWt1dGVuLmNvLmpwL3ZpZWFuZ2UvY2FiaW5ldC93cmFwcGluZy9raWtpbi5qcGciIGFsdD0i5aSp5L2/44Gu5Y215Z+66YeRIj4KICAKICA8YSAgaHJlZj0iaHR0cDovL2l0ZW0ucmFrdXRlbi5jby5qcC92aWVhbmdlL2MvMDAwMDAwMDc5MS8iPgo8aW1nIHNyYz0iaHR0cDovL2ltYWdlLnJha3V0ZW4uY28uanAvdmllYW5nZS9jYWJpbmV0L3dyYXBwaW5nL2xzX2NhcmQuanBnIiBhbHQ9IuODoeODg+OCu+ODvOOCuOOCq+ODvOODiSI+PC9hPgoKCgoKIDwhLS3ilrzilrzilrzjg5rjgqLjg7vljZjlk4Hjg6rjg7Pjgq/ilrzilrzilrwtLT4gICAKIAogIDxpbWcgc3JjPSJodHRwOi8vaW1hZ2UucmFrdXRlbi5jby5qcC92aWVhbmdlL2NhYmluZXQvbG92ZXJzX2FuZF9yaW5nL2xvdmVyc3JpbmdfaW1hZ2UvbHJfbGlua19tZW5zLmpwZyIgd2lkdGg9IjY2MCIgaGVpZ2h0PSI1OCIgY2xhc3M9ImltZzEwIiAvPgogIAogIAogPGRpdiBjbGFzcz0ibGlua19wYWlyX21lbnMiPgogICAgIDxkaXYgY2xhc3M9InRhbnBpbl9sZWZ0Ij48YSBocmVmPSJodHRwOi8vaXRlbS5yYWt1dGVuLmNvLmpwL3ZpZWFuZ2UvbHNyMDY1NWRway13Zy8iPjxpbWcgc3JjPSJodHRwOi8vaW1hZ2UucmFrdXRlbi5jby5qcC92aWVhbmdlL2NhYmluZXQvbG92ZXJzX3NjZW5lL2xzci9sc3IwNjU1X3BhaXIuanBnIiB3aWR0aD0iMjM1IiBoZWlnaHQ9IjIzNSIgY2xhc3M9ImltZzIwIiAvPjwvYT4KICAgIDwvZGl2PgogICAgPGRpdiBjbGFzcz0idGFucGluX3JpZ2h0Ij48YSBocmVmPSJodHRwOi8vaXRlbS5yYWt1dGVuLmNvLmpwL3ZpZWFuZ2UvbHNyMDY1NXdnLyI+PGltZyBzcmM9Imh0dHA6Ly9pbWFnZS5yYWt1dGVuLmNvLmpwL3ZpZWFuZ2UvY2FiaW5ldC9sb3ZlcnNfc2NlbmUvbHNyL2xzcjA2NTVfMjkuanBnIiB3aWR0aD0iMjM1IiBoZWlnaHQ9IjIzNSIgY2xhc3M9ImltZzIwIiAvPjwvYT4KICAgIAogIAo8L2Rpdj48L2Rpdj4gIAogICAgICA8YSBocmVmPSJodHRwOi8vaXRlbS5yYWt1dGVuLmNvLmpwL3ZpZWFuZ2UvYy8wMDAwMDAwNjY2LyI+PGltZyBzcmM9Imh0dHA6Ly9pbWFnZS5yYWt1dGVuLmNvLmpwL3ZpZWFuZ2UvY2FiaW5ldC9pbWFnZS9tb3JlX3BhaXJyaW5nMi5qcGciIHdpZHRoPSI2NjAiIGhlaWdodD0iMTIwIiBib3JkZXI9IjAiPjwvYT48L2Rpdj4KICA8L2Rpdj4KIDxicj48YnI+CiAgCiAgCiAgCiAgPGltZyBzcmM9Imh0dHA6Ly9pbWFnZS5yYWt1dGVuLmNvLmpwL3ZpZWFuZ2UvY2FiaW5ldC9wYXJ0cy9sc3IwNjUwXzY4LmdpZiIgY2xhc3M9ImltZzMwIiAvPgoKCjwvZGl2PjwvZGl2Pjx0YWJsZSB3aWR0aD0iMzkwIiBib3JkZXI9IjAiPgogIDx0cj4KICAgIDx0ZCB3aWR0aD0iODkiPiZuYnNwOzwvdGQ+CiAgICA8dGQgd2lkdGg9IjI5MSI+Jm5ic3A7PC90ZD4KICA8L3RyPgogIDx0cj4KICAgIDx0ZD48Zm9udCBjb2xvcj0jNjk2OTY5IHNpemU9IjIiPuKWoOOAgOe0oOadkOOAgOKWoDwvZm9udD48L3RkPgogICAgPHRkPiZuYnNwOzwvdGQ+CiAgPC90cj4KPC90YWJsZT4KPHRhYmxlIHdpZHRoPSIzOTAiIGJvcmRlcj0iMCI+CiAgPHRyPgogICAgPHRkIHdpZHRoPSI4OSI+PGRpdiBhbGlnbj0icmlnaHQiPjxmb250IGNvbG9yPSIjNjk2OTY5IiBzaXplPSIyIj7jg6zjg4fjgqPjg7zjgrnvvJo8L2ZvbnQ+PC9kaXY+PC90ZD4KICAgIDx0ZCB3aWR0aD0iMjkxIj48Zm9udCBjb2xvcj0jNjk2OTY5IHNpemU9IjIiPksxMCjjg5Tjg7Pjgq/jgrTjg7zjg6vjg4kpL+ODgOOCpOODpOODouODs+ODicOXM+efszwvZm9udD48L3RkPgogIDwvdHI+CiAgPHRyPgogICAgPHRkPiZuYnNwOzwvdGQ+CiAgICA8dGQ+Jm5ic3A7PC90ZD4KICA8L3RyPgo8L3RhYmxlPgo8dGFibGUgd2lkdGg9IjM5MCIgYm9yZGVyPSIwIj4KICA8dHI+CiAgICA8dGQ+PGZvbnQgY29sb3I9IzY5Njk2OSBzaXplPSIyIj7ilqAg5aSn44GN44GVKG1tKSDilqA8L2ZvbnQ+PC90ZD4KICA8L3RyPgo8L3RhYmxlPgo8dGFibGUgd2lkdGg9IjM5MCIgYm9yZGVyPSIwIj4KICA8dHI+CiAgICA8dGQgd2lkdGg9Ijg5Ij4mbmJzcDs8L3RkPgogICAgPHRkIHdpZHRoPSIyOTEiPjxmb250IGNvbG9yPSM2OTY5Njkgc2l6ZT0iMiI+5bmF57SEMy4ww5fljprjgb/ntIQyLjQ8L2ZvbnQ+PC90ZD4KICA8L3RyPgogIDx0cj4KICAgIDx0ZD4mbmJzcDs8L3RkPgogICAgPHRkPiZuYnNwOzwvdGQ+CiAgPC90cj4KPC90YWJsZT4KPHRhYmxlIHdpZHRoPSIzOTAiIGJvcmRlcj0iMCI+CiAgPHRyPgogICAgPHRkIHdpZHRoPSI4OSI+PGZvbnQgY29sb3I9IzY5Njk2OSBzaXplPSIyIj7ilqDjgIDph43ph4/jgIDilqA8L2ZvbnQ+PC90ZD4KICAgIDx0ZCB3aWR0aD0iMjkxIj4mbmJzcDs8L3RkPgogIDwvdHI+CjwvdGFibGU+Cjx0YWJsZSB3aWR0aD0iMzkwIiBib3JkZXI9IjAiPgogIDx0cj4KICAgIDx0ZCB3aWR0aD0iODkiPiZuYnNwOzwvdGQ+CiAgICA8dGQgd2lkdGg9IjI5MSI+PGZvbnQgY29sb3I9IzY5Njk2OSBzaXplPSIyIj7ntIQxLjNnPC9mb250PjwvdGQ+CiAgPC90cj4KICA8dHI+CiAgICA8dGQ+Jm5ic3A7PC90ZD4KICAgIDx0ZD48Zm9udCBjb2xvcj0iIzAwOTlGRiIgc2l6ZT0iMSI+4oC75aSn44GN44GV44O76YeN44GV44Gr44Gv5aSa5bCR44Gu5YCL5L2T5beu44GM55Sf44GY44G+44GZPC9mb250PjwvdGQ+CiAgPC90cj4KPC90YWJsZT4KPHRhYmxlIHdpZHRoPSIzOTAiIGJvcmRlcj0iMCI+CiAgPHRyPgogICAgPHRkIHdpZHRoPSI4OCIgaGVpZ2h0PSIxNSI+PGZvbnQgY29sb3I9IzY5Njk2OSBzaXplPSIyIj7ilqDopo/lrprjgrXjgqTjgrrilqA8L2ZvbnQ+PC90ZD4KICAgIDx0ZCB3aWR0aD0iMjkyIj4mbmJzcDs8L3RkPgogIDwvdHI+CjwvdGFibGU+Cjx0YWJsZSB3aWR0aD0iMzkwIiBib3JkZXI9IjAiPgogIDx0cj4KICAgIDx0ZCB3aWR0aD0iODkiIGhlaWdodD0iNTEiPiZuYnNwOzwvdGQ+CiAgICA8dGQgd2lkdGg9IjI5MSI+PGZvbnQgY29sb3I9IzY5Njk2OSBzaXplPSIyIj415Y+344GL44KJMjPlj7fjgb7jgac8YnI+CuKAuzI05Y+35Lul5LiK44Gu44K144Kk44K644Gv5Yil6YCU5paZ6YeR44GM55m655Sf44GE44Gf44GX44G+44GZ44CC44G+44Gf44CB57SN5pyf44GMMemAsemWk+OBu+OBqemVt+OBj+OBquOCiuOBvuOBmeOAgjxicj4KPGJyPgrigLs05Y+35Lul5LiL44Gu44K144Kk44K644Gu5aC05ZCI44CB6L+95Yqg5paZ6YeR44Gv55m655Sf44GE44Gf44GX44G+44Gb44KT44GM44CBPGZvbnQgY29sb3I9IiMwMDk5RkYiPue0jeacn+OBjDHpgLHplpPvvIg35Za25qWt5pel77yJ44G744Gp5Yqg566X44GV44KM44G+44GZPC9mb250PuOAgjxicj48YnI+CuKXhuimj+WumuWkluOCteOCpOOCuuOBruOCquODvOODgOODvOaWueazleKXhjxicj4KPGJyPgrjgrXjgqTjgrrjga7jg5fjg6vjg4Djgqbjg7Pjg6Hjg4vjg6Xjg7zjgojjgorvvJzjgZ3jga7ku5bjgrXjgqTjgrrvvJ7jgpLjgZTpgbjmip7kuIvjgZXjgYTjgILms6jmlofnlLvpnaLjga7pgJrkv6HmrITjgavjgZTluIzmnJvjga7jgrXjgqTjgrrjgpLjgZTmmI7oqJjjgY/jgaDjgZXjgYTjgILlvZPmlrnjgavjgablt67poY3jgpLnrpflh7rjga7jgYbjgYjjgIHjgYrlrqLmp5jjgavjgZTpgKPntaHjgYTjgZ/jgZfjgb7jgZnjgILjgYrlrqLmp5jjga7jgZTkuobmib/jgpLjgYTjgZ/jgaDjgYTjgZ/mmYLngrnjgafjgIHlvZPmlrnjgavjgabov73liqDmlpnph5HjgpLliqDnrpfjgZfjgabjgIHjgZToq4vmsYLnt4/poY3jgpLlpInmm7TjgZXjgZvjgabjgYTjgZ/jgaDjgY3jgb7jgZnjgIIKPC9mb250PjwvdGQ+CiAgPC90cj4KICA8dHI+CiAgICA8dGQ+Jm5ic3A7PC90ZD4KICAgIDx0ZD4mbmJzcDs8L3RkPgogIDwvdHI+CjwvdGFibGU+Cgo8dGFibGUgd2lkdGg9IjM5MCIgYm9yZGVyPSIwIj4KICA8dHI+CiAgICA8dGQgd2lkdGg9IjIxMSI+PGZvbnQgY29sb3I9IzY5Njk2OSBzaXplPSIyIj7ilqAg6KOP55+z5YWl44KM44Kq44OX44K344On44Oz4pagPC9mb250PjwvdGQ+CiAgICA8dGQgd2lkdGg9IjE2OSI+Jm5ic3A7PC90ZD4KICA8L3RyPgo8L3RhYmxlPgo8dGFibGUgd2lkdGg9IjM5MCIgYm9yZGVyPSIwIj4KICA8dHI+CiAgICA8dGQgd2lkdGg9Ijg5Ij4mbmJzcDs8L3RkPgogICAgPHRkIHdpZHRoPSIyOTEiPjxmb250IGNvbG9yPSM2OTY5Njkgc2l6ZT0iMiI+5a++5b+c5LiN5Y+vPC9mb250PjwvdGQ+CiAgPC90cj4KICA8dHI+CiAgICA8dGQ+Jm5ic3A7PC90ZD4KICAgIDx0ZD4mbmJzcDs8L3RkPgogIDwvdHI+CjwvdGFibGU+PCEtLeKWvOKWvCDlt6bluK/jg6rjg7Pjgq/jgYLjgoog4pa84pa8LS0+Cgo8ZGl2IGlkPSJoaWRhcmktb2JpIj4KCjxzdHlsZT4KI2hpZGFyaS1vYmkgewpwb3NpdGlvbjogYWJzb2x1dGU7CnRvcDowcHg7CmxlZnQ6MTBweDsKYmFja2dyb3VuZDogdXJsKCJodHRwczovL2ltYWdlLnJha3V0ZW4uY28uanAvdmllYW5nZS9jYWJpbmV0L2NhbXBhaWduL3NjYm5yXzA1MTUuanBnIikgcmVwZWF0LXkgbGVmdCB0b3AgOwp9CiNoaWRhcmktb2JpIGEgewpkaXNwbGF5OiBibG9jazsKaGVpZ2h0OjkzMDBweDsvKuODmuODvOOCuOWFqOS9k+OBrumrmOOBlSovCndpZHRoOiAxNDBweDsvKuW4r+OBruW5hSovCn0KPC9zdHlsZT4KCjwvZGl2PgoKCgo8IS0t4pa84pa8IOW3puW4r+ODquODs+OCr+OBquOBlyDilrzilrwtLT4KCgoKCjwhLS3ilrzilrwg5bem5biv44Oq44Oz44Kv44Gq44GXIOKWvOKWvC0tPgoKPCEtLQo8c3R5bGUgdHlwZT0idGV4dC9jc3MiPgpib2R5ewpiYWNrZ3JvdW5kLWltYWdlOiB1cmwoImh0dHA6Ly9pbWFnZS5yYWt1dGVuLmNvLmpwL3ZpZWFuZ2UvY2FiaW5ldC9jYW1wYWlnbi9ibnJfMTAxMi5qcGciKTsKYmFja2dyb3VuZC1yZXBlYXQ6IHJlcGVhdC15OwpiYWNrZ3JvdW5kLWF0dGFjaG1lbnQ6IHNjcm9sbDsKYmFja2dyb3VuZC1wb3NpdGlvbjpsZWZ0Cn0KPC9zdHlsZT4KLS0+CgoKCgo8c3R5bGUgdHlwZT0idGV4dC9jc3MiPgoKLyog44GK5rCX44Gr5YWl44KK5ZWG5ZOBICovCgojcmFrdXRlbkxpbWl0ZWRJZF9hcm91bmRDYXJ0ICNzZXJ2aWNlVGFibGVTbWwgdGQuZmF2b3JpdGUgewoKcGFkZGluZy10b3A6IDVweDsKCn0KCiNyYWt1dGVuTGltaXRlZElkX2Fyb3VuZENhcnQgZGl2LmJvb2ttYXJrQXJlYSBkaXYuYmttIHsKCndpZHRoOiAyOTFweCAhaW1wb3J0YW50OwoKaGVpZ2h0OjMzcHggIWltcG9ydGFudDsKCnBhZGRpbmc6IDBweCAwcHggMTBweCAwcHggIWltcG9ydGFudDsKCn0KCiNyYWt1dGVuTGltaXRlZElkX2Fyb3VuZENhcnQgZGl2LmJvb2ttYXJrQXJlYSBkaXYuYmttIGEuYWRkQmttIHsKCndpZHRoOiAyOTFweCAhaW1wb3J0YW50OwoKaGVpZ2h0OjMzcHggIWltcG9ydGFudDsKCn0KCiNyYWt1dGVuTGltaXRlZElkX2Fyb3VuZENhcnQgZGl2LmJvb2ttYXJrQXJlYSBkaXYuYmttIGEuYWRkQmttIHNwYW4uYmttU3RhciB7CgpkaXNwbGF5OiBpbmxpbmUtYmxvY2sgIWltcG9ydGFudDsKCndpZHRoOiAyOTFweCAhaW1wb3J0YW50OwoKaGVpZ2h0OjMzcHggIWltcG9ydGFudDsKCm1hcmdpbjowcHggMHB4IDEwcHggMHB4ICFpbXBvcnRhbnQ7CgpiYWNrZ3JvdW5kOiB1cmwoImh0dHA6Ly9pbWFnZS5yYWt1dGVuLmNvLmpwL3ZpZWFuZ2UvY2FiaW5ldC9ibnJfZmF2aXRlbS5qcGciKSBuby1yZXBlYXQgIWltcG9ydGFudDsKCn0KCiAKCi8qIOOBiuawl+OBq+WFpeOCiuOCt+ODp+ODg+ODlyAqLwoKZGl2LmJvb2ttYXJrQXJlYSB7Cgp3aWR0aDogMjkxcHggIWltcG9ydGFudDsKCn0KCiNyYWt1dGVuTGltaXRlZElkX2Fyb3VuZENhcnQgZGl2LnNob3BCb29rbWFya0FyZWEgZGl2LnNob3BCa20gewoKd2lkdGg6IDI5MXB4ICFpbXBvcnRhbnQ7CgpoZWlnaHQ6MzNweCAhaW1wb3J0YW50OwoKcGFkZGluZzogMHB4IDBweCAhaW1wb3J0YW50OwoKcGFkZGluZy1sZWZ0OiAwcHggIWltcG9ydGFudDsKCn0KCiNyYWt1dGVuTGltaXRlZElkX2Fyb3VuZENhcnQgZGl2LnNob3BCb29rbWFya0FyZWEgZGl2LnNob3BCa20gYS5hZGRTaG9wQmttIHNwYW4uc2hvcEJrbVN0YXIgewoKZGlzcGxheTogaW5saW5lLWJsb2NrICFpbXBvcnRhbnQ7Cgp3aWR0aDogMjkxcHggIWltcG9ydGFudDsKCmhlaWdodDozM3B4ICFpbXBvcnRhbnQ7CgptYXJnaW4tcmlnaHQ6IDBweCAhaW1wb3J0YW50OwoKYmFja2dyb3VuZDogdXJsKCJodHRwOi8vaW1hZ2UucmFrdXRlbi5jby5qcC92aWVhbmdlL2NhYmluZXQvYm5yX2ZhdnNob3AuanBnIikgbm8tcmVwZWF0ICFpbXBvcnRhbnQ7Cgp9Cjwvc3R5bGU+CgoKCgo8ZGl2IGlkPSJwcmVzZW50X2Jhc2UiIGNsYXNzPSJjbGVhcmZpeCI+CiAgIDxkaXYgY2xhc3M9InByZXNlbnRfaW1nIj48aW1nIHNyYz0iaHR0cDovL2ltYWdlLnJha3V0ZW4uY28uanAvdmllYW5nZS9jYWJpbmV0L3RtZy9mb290X3ByZTAxLmdpZiIgYWx0PSLlpKfliIfjgarjgYLjga7kurrjgavntKDmlbXjgarjg5fjg6zjgrzjg7Pjg4giIHdpZHRoPSIxOTkiIGhlaWdodD0iMjk1IiAvPjwvZGl2PgogICA8ZGl2IGNsYXNzPSJwcmVzZW50X3R4dCI+PHA+5b2T5bqX44Gv44CB5Lq65rCX44Ki44Kv44K744K144Oq44O844OW44Op44Oz44OJ44CM5aSp5L2/44Gu5Y2144CN44KE44CM5pyq5p2l5aSp5L2/44CN44KS44Gv44GY44KB44CB6KqV55Sf55+z44Gu44Oa44Oz44OA44Oz44OI44KE44Oq44Oz44Kw44Gq44Gp44CB44OX44Os44K844Oz44OI44Gr44OU44OD44K/44Oq44Gq44Ki44Kv44K744K144Oq44O844KS5Y+W5omx44GG6YCa6LKp44K344On44OD44OX44Gn44GZ44CCPC9wPjxiciAvPgrjgIzlhKrjgZfjgYTlhYnjgavjgaTjgaTjgb7jgozjgovmsLjpgaDjga7lkb3jgI3jgpLooajnj77jgZfjgZ/jgrPjg7Pjgrvjg5fjg4jjgrjjg6Xjgqjjg6rjg7zjgIzmnKrmnaXlpKnkvb/jgI3jga/mnKrmnaXjgavlkJHjgZHjgabovJ3jgZHjgovlkb3jga7jgZnjgbDjgonjgZfjgZXjgpLlpJrlvanjgarjg4bjg7zjg57jg7vjg4fjgrbjgqTjg7Pjgafooajnj77jgZfjgabjgYTjgb7jgZnjgII8YnIgLz4K44Gd44KT44Gq5pyq5p2l5aSp5L2/44GL44KJ44Gu44OX44Os44K844Oz44OI44Go44GE44GG44Kz44Oz44K744OX44OI44Gn5L2c44KJ44KM44Gf44CM5aSp5L2/44Gu5Y2144CN44Gv44CB44CM6KqV55Sf44Gu5Zac44Gz44CN44KE44CM55Sf44GN44KL44GT44Go44Gu5oSf5YuV44Go6LOe6LOb44CN44KS44OG44O844Oe44Go44GX44Gm5Ym144KJ44KM44CB5Y2144Go576944Gu44OQ44Op44Oz44K544Gu6Imv44GE44KE44GV44GX44GE44OH44K244Kk44Oz44GM5oSb44GV44KM44Gm44GE44KL44Ot44Oz44Kw44K744Op44O844Gu5Lq65rCX44Ki44Kv44K744K144Oq44O844Gn44GZ44CC5piv6Z2e44CB5aSn5YiH44Gq5Lq644G444Gu44OX44Os44K844Oz44OI562J44Gr44KC44GU5rS755So5LiL44GV44GE77yBPC9kaXY+CjwvZGl2PgoKCgoKCjwhLS3ilrzilrzilrzjg6zjg5Pjg6Xjg7zjg7vms6jmlofnirbms4HilrzilrzilrwtLT4gICAKCiAgICAgICAgICAgIDxoMj48aW1nIHNyYz0iaHR0cDovL3d3dy5yYWt1dGVuLm5lLmpwL2dvbGQvdmllYW5nZS9pbWcvdGl0bGVfMDYuanBnIiBhbHQ9IuODrOODk+ODpeODvCIgd2lkdGg9IjY4OCIgaGVpZ2h0PSI3MCIgLz48L2gyPgogICAgICAgICAgICA8YnI+PGJyPgogIAoJICA8YnI+IDxicj4gPGJyPiAKICAgICAgICAgICAgICAgICAgPGgyPjxpbWcgc3JjPSJodHRwOi8vd3d3LnJha3V0ZW4ubmUuanAvZ29sZC92aWVhbmdlL2ltZy90aXRsZV8wNy5qcGciIGFsdD0i5rOo5paH54q25rOBIiB3aWR0aD0iNjg4IiBoZWlnaHQ9IjcwIiAvPjwvaDI+CiAgICAgICAgICAgICAgICAgICAgICAgICAgICAgIDxicj4gPGJyPiAKPGJyPiA8YnI+IDxicj4=,4peGTG92ZXJzICZhbXA7IFJpbmcg44Op44OQ44O844K644Oq44Oz44Kw4peGSzEw44OU44Oz44Kv44K044O844Or44OJ44Oq44Oz44KwKOODrOODh+OCo+ODvOOCuSnjgJBMU1IwNjU1RFBL44CR44CQ44OU44Oz44Kv44K044O844Or44OJIOODquODs+OCsCDjg5rjgqLjg6rjg7PjgrAg44Oa44KiIOaMh+i8qiDjg6njg5bjg6rjg7PjgrAg44OA44Kk44Ok44Oi44Oz44OJIOWmu+ODl+ODrOOCvOODs+ODiCDjgqLjgq/jgrvjgrXjg6rjg7wg44Ki44Kv44K7IOOCuOODpeOCqOODquODvCDjg4DjgqTjg6Qg44Ku44OV44OIIOWPr+aEm+OBhCDjgYvjgo/jgYTjgYTjgJEgIOavjeOBruaXpSDjgrfjg7Pjg5fjg6vvvJrlpKnkvb/jga7ljbUgd2l0aCBMT1ZFUlMgU0NFTkU=,5aSp5L2/44Gu5Y215pyq5p2l5aSp5L2/44K544Oa44O844K544Kv44Oq44Ko44O844K/44O844K444Ol44Ko44Oq44O844K344Or44OQ44O844Ki44Kv44K744K144Oq44O844OU44Oz44Kv44K344Or44OQ44O844ON44OD44Kv44Os44K555u05Za25bqX44Kv44Oq44K544Oe44K56ZmQ5a6a44Oa44Oz44OA44Oz44OI5oyH6Lyq44OU44Ki44K544OX44Os44K844Oz44OI44OZ44OT44O844K544OX44O844Oz44Os44OH44Kj44O844K544Op44OQ44O844K644K344O844Oz57WQ5ama5oyH6Lyq44Oa44Ki44Oq44Oz44Kw6KqV55Sf55+z4peGTG92ZXJzICZhbXA7IFJpbmcg44Op44OQ44O844K644Oq44Oz44Kw4peGSzEw44OU44Oz44Kv44K044O844Or44OJ44Oq44Oz44KwKOODrOODh+OCo+ODvOOCuSnjgJBMU1IwNjU1RFBL44CR44CQ44OU44Oz44Kv44K044O844Or44OJIOODquODs+OCsCDjg5rjgqLjg6rjg7PjgrAg44Oa44KiIOaMh+i8qiDjg6njg5bjg6rjg7PjgrAg44OA44Kk44Ok44Oi44Oz44OJIOWmu+ODl+ODrOOCvOODs+ODiCDjgqLjgq/jgrvjgrXjg6rjg7wg44Ki44Kv44K7IOOCuOODpeOCqOODquODvCDjg4DjgqTjg6Qg44Ku44OV44OIIOWPr+aEm+OBhCDjgYvjgo/jgYTjgYTjgJEgIOavjeOBruaXpSDjgrfjg7Pjg5fjg6s=,44K044O844Or44OJ44Gu6Lyd44GN44KS5byV44GN5Ye644GZ576O44GX44GE44Kr44O844OW4piGIOmAgeaWmeeEoeaWmSDjg4DjgqTjg6Tjg6Ljg7Pjg4njgILil4ZMb3ZlcnMgJmFtcDsgUmluZyDjg6njg5Djg7zjgrrjg6rjg7PjgrDil4ZLMTDjg5Tjg7Pjgq/jgrTjg7zjg6vjg4njg6rjg7PjgrAo44Os44OH44Kj44O844K5KeOAkExTUjA2NTVEUEvjgJHjgJDjg5Tjg7Pjgq/jgrTjg7zjg6vjg4kg44Oq44Oz44KwIOODmuOCouODquODs+OCsCDjg5rjgqIg5oyH6LyqIOODqeODluODquODs+OCsCDjg4DjgqTjg6Tjg6Ljg7Pjg4kg5aa744OX44Os44K844Oz44OIIOOCouOCr+OCu+OCteODquODvCDjgqLjgq/jgrsg44K444Ol44Ko44Oq44O8IOODgOOCpOODpCDjgq7jg5Xjg4gg5Y+v5oSb44GEIOOBi+OCj+OBhOOBhOOAkSAg5q+N44Gu5pelIOOCt+ODs+ODl+ODqw==[rn]
39-1037,aHR0cDovL3RzaG9wLnIxMHMuanAvdmllYW5nZS9jYWJpbmV0L2xvdmVyc19hbmRfcmluZy9sc3IwNjUzZHBrLmpwZz9maXRpbj03MDA6NzAw,MTc3MTIuMDAwMA==,,44K444Ol44Ko44Oq44O844O744Ki44Kv44K744K144Oq44O8ID4g44Os44OH44Kj44O844K544K444Ol44Ko44Oq44O844O744Ki44Kv44K744K144Oq44O8ID4g5oyH6Lyq44O744Oq44Oz44Kw,44CQ5Yi75Y2w54Sh5paZ44CR4peGTG92ZXJzICYgUmluZyDjg6njg5Djg7zjgrrjg6rjg7PjgrDil4ZLMTDjg5Tjg7Pjgq/jgrTjg7zjg6vjg4njg6rjg7PjgrAo44Os44OH44Kj44O844K5KeOAkExTUjA2NTNEUEvjgJHjgJBLMTAg44OU44Oz44Kv44K044O844Or44OJIOODquODs+OCsCDjg5rjgqLjg6rjg7PjgrAg44Oa44KiIOaMh+i8qiDjg6njg5bjg6rjg7PjgrAg44OA44Kk44Ok44Oi44Oz44OJIOODl+ODrOOCvOODs+ODiCDjgqLjgq/jgrvjgrXjg6rjg7wg44Ki44Kv44K7IOOCuOODpeOCqOODquODvCDjg4DjgqTjg6Qg44Ku44OV44OI44CRICDmr43jga7ml6Ug44K344Oz44OX44Or,576O44GX44GE44Op44Kk44Oz44GM5Y2w6LGh55qE44Gq44Oq44Oz44Kw4pmqIOmAgeaWmeeEoeaWmSDjg5Tjg7Pjgq/jgrTjg7zjg6vjg4k=,PGNlbnRlcj48YSBocmVmPSJodHRwczovL215LmJvb2ttYXJrLnJha3V0ZW4uY28uanAvP2Z1bmM9cmVnJnN2aWQ9MTAxJnNob3BfYmlkPTIwMzk0NyZpaWQ9MTAwMDE1NzAmaXR5cGU9MSB0YXJnZXQ9X2JsYW5rIj48aW1nIHNyYz0iaHR0cDovL2ltYWdlLnJha3V0ZW4uY28uanAvdmllYW5nZS9jYWJpbmV0L3BfYm5yX2Zhdml0ZW0uanBnIiBib3JkZXI9IjAiIHdpZHRoPSI2NjAiIGhlaWdodD0iMTMwIj48L2E+PC9jZW50ZXI+PGJyPjxicj48aW1nIHNyYz0iaHR0cDovL2ltYWdlLnJha3V0ZW4uY28uanAvdmllYW5nZS9jYWJpbmV0L2NhbXBhaWduL2xyX3JpbmdfcGNfdG9rdXRlbi5qcGciYWx0PSJMb3ZlcnMmUmluZyDjgq3jg6Pjg7Pjg5rjg7zjg7MiPjxicj48YnI+Cgo8ZGl2IGNsYXNzPSJjYV8wMSI+Cgo8ZGl2IGlkPSJkZXRhaWxfYmFzZTIiPgoKICA8ZGl2IGNsYXNzPSJnb29kc18xMzA1XzAxIj4KICAgICAgPGRpdj48cD7nvo7jgZfjgYTjgqvjg7zjg5bjgYznibnlvrTjga7jg4fjgrbjgqTjg7PjgafjgZnjgILnnJ/jgpPkuK3jga5W5a2X44Gu6YOo5YiG44Gv44CM5LqM5Lq644Gu57WG44CN44KS6KGo44GX44Gm44GK44KK44CB5LqM5Lq644GM5omL44KS5Y+W44KK5ZCI44GE44CB44KI44KK5LiA5bGk5oSb44GM5rex44G+44KK44G+44GZ44KI44GG44Gr4oCm44Go44GE44GG5oOz44GE44GM6L6844KB44KJ44KM44Gm44GE44G+44GZ44CC44G+44Gf44CB576O44GX44GE44Op44Kk44Oz44GM5LqM5Lq644Gu5oyH5YWD44KS44KI44KK6Lyd44GL44Gb44CB44OV44Kh44OD44K344On44Oz44Gu44Ki44Kv44K744Oz44OI44Gr44KC44Gq44KK44G+44GZ44CC5aWz5oCn55So44Gu44Oq44Oz44Kw44Gr44Gv44Kt44Op44Kt44Op44Go6Lyd44GP44OA44Kk44Ok44Oi44Oz44OJ44GM5Z+L44KB6L6844G+44KM44Gm44GK44KK44CB5aWz5oCn44Gu576O44GX44GV44KS44KI44KK5byV44GN56uL44Gf44Gb44G+44GZ44CCPC9wPgogICAgPC9kaXY+CiAgICAgIDxpbWcgc3JjPSJodHRwOi8vaW1hZ2UucmFrdXRlbi5jby5qcC92aWVhbmdlL2NhYmluZXQvbG92ZXJzX3NjZW5lL2xzci9sc3IwNjUzXzAzLmpwZyIgd2lkdGg9IjY2MCIgaGVpZ2h0PSIzNjAiIC8+PC9kaXY+CiAgCiAgPGltZyBzcmM9Imh0dHA6Ly9pbWFnZS5yYWt1dGVuLmNvLmpwL3ZpZWFuZ2UvY2FiaW5ldC9sb3ZlcnNfc2NlbmUvbHNyL2xzcjA2NTBfMDYuZ2lmIiB3aWR0aD0iMzQ1IiBoZWlnaHQ9IjI3IiBjbGFzcz0iaW1nMTAiIC8+CiAgPHAgY2xhc3M9ImltZzIwIj7lvpPmnaXjga7jg5rjgqLjg6rjg7PjgrDjgafjgoLjgarjgY/jgIHjg57jg6rjg4Pjgrjjg6rjg7PjgrDjgafjgoLjgarjgYTjgI7mhJvjgajlhbHjgavnlJ/jgY3jgovjgI/jgajjgYTjgYbmlrDjgZ/jgarjgrPjg7Pjgrvjg5fjg4jjgaflibXjgonjgozjgZ/mlrDjgZ/jgarjgrjjg6Pjg7Pjg6vjga7mjIfovKrjgafjgZnjgILnnJ/lrp/jga7mhJvjgpLpoZjjgYbmgYvkurrjgZ/jgaHjgavotIjjgorjgb7jgZnigKbjgII8L3A+CiAgCiAgPGlmcmFtZSB3aWR0aD0iNjYwIiBzY3JvbGxpbmc9Im5vIiBoZWlnaHQ9IjQ3MCIgZnJhbWVib3JkZXI9IjAiIHNyYz0iaHR0cDovL3d3dy5yYWt1dGVuLm5lLmpwL2dvbGQvdmllYW5nZS9nZF9pZnJhbWUvTFNSMDY1M19pbi5odG1sIj48L2lmcmFtZT4KICAKICA8aW1nIHNyYz0iaHR0cDovL2ltYWdlLnJha3V0ZW4uY28uanAvdmllYW5nZS9jYWJpbmV0L2xvdmVyc19zY2VuZS9sc3IvbHNyMDY1MF8xMi5naWYiIHdpZHRoPSI0MzUiIGhlaWdodD0iMjUiIGNsYXNzPSJpbWcyNSIgLz4KPGRpdiBjbGFzcz0iY2xlYXJmaXggaW1nNDAiPgogICAgIDxkaXYgY2xhc3M9Imdvb2RzXzEzMDVfMDJfbGVmdCI+PGltZyBzcmM9Imh0dHA6Ly9pbWFnZS5yYWt1dGVuLmNvLmpwL3ZpZWFuZ2UvY2FiaW5ldC9sb3ZlcnNfc2NlbmUvbHNyL2xzcjA2NTNfMDkuanBnIiB3aWR0aD0iNDAwIiBoZWlnaHQ9IjQwMCIgY2xhc3M9ImltZzA1IiAvPgogICAgIOOBiuWlveOBjeOBquODoeODg+OCu+ODvOOCuOOCkuWFpeOCjOOAgeS6jOS6uuOBoOOBkeOBruODmuOCouODquODs+OCsOOCkuOBpOOBj+OBo+OBpuOBv+OBpuOBr+OBqeOBhuOBp+OBmeOBi++8nzwvZGl2Pgo8ZGl2IGNsYXNzPSJnb29kc18xMzA1XzAyX3JpZ2h0Ij4KICAgICAgICA8cD5Mb3ZlcnMgJmFtcDsgUmluZ+OBruS4reOBp+OBr+OAgeS4reW/g+eahOOBquOCt+ODquODvOOCuuOAgjxiciAvPgogICAgICAgICAg56mP44KE44GL44Gr5rex44G+44Gj44Gm44KG44GP44GK5LqM5Lq644Gu57WG44GM44CB44GT44KM44GL44KJ44KC57aa44GP44GT44Go44G444Gu56WI44KK44KS6KiX44GZ4oCm44Gd44KT44Gq44Oa44Ki44Oq44Oz44Kw44KS44GK5o6i44GX44Gu44GK5LqM5Lq644Gr44Gv44OU44OD44K/44Oq44CCPGJyIC8+CiAgICAgICAg6LOq5oSf44O744OH44K244Kk44Oz44Go44KC44Oe44Oq44OD44K444Oq44Oz44Kw44Go44GX44Gm44KC5L2/55So5Y+v6IO944Gq44Kv44Kq44Oq44OG44Kj44KS56eY44KB44Gm44GE44G+44GZ44CCPC9wPgogICAgIDxpbWcgc3JjPSJodHRwOi8vaW1hZ2UucmFrdXRlbi5jby5qcC92aWVhbmdlL2NhYmluZXQvbG92ZXJzX3NjZW5lL2xzci9sc3IwNjUzXzEyLmpwZyIgY2xhc3M9ImltZzA1IiAvPgogICAg5YaF5YG044Gr44GK5YWl44KM44GZ44KL44Oh44OD44K744O844K444Gv4oCc54Sh5paZ44K144O844OT44K54oCd44Gn44GZPC9kaXY+CiAgPC9kaXY+CiAgCiAgPGltZyBzcmM9Imh0dHA6Ly9pbWFnZS5yYWt1dGVuLmNvLmpwL3ZpZWFuZ2UvY2FiaW5ldC9sb3ZlcnNfc2NlbmUvbHNyL2xzcjA2NTNfMTUuZ2lmIiB3aWR0aD0iNDAwIiBoZWlnaHQ9IjMwIiBjbGFzcz0iaW1nMjUiIC8+CjxkaXYgY2xhc3M9ImNsZWFyZml4IGltZzQwIj4KICAgICA8ZGl2IGNsYXNzPSJnb29kc18xMzA1XzAzX2xlZnQiPgogICAgICAgIDxwPuODh+OCtuOCpOODs+OBq+iPr+OCkua3u+OBiOOCi+Wuneefs+OAguWls+aAp+eUqOOBruODgOOCpOODpOODouODs+ODieOBr+OAgeS4iuWTgeizquOBquOCguOBruOCkjTnn7PljrPpgbjjgZfkvb/nlKjjgZfjgb7jgZfjgZ/jgII8L3A+CiAgIDxpbWcgc3JjPSJodHRwOi8vaW1hZ2UucmFrdXRlbi5jby5qcC92aWVhbmdlL2NhYmluZXQvbG92ZXJzX3NjZW5lL2xzci9sc3IwNjUzXzE5LmpwZyIgd2lkdGg9IjI0NSIgaGVpZ2h0PSIyNDUiIGNsYXNzPSJpbWcwNSIgLz4KICAgICAgICDlpKfliIfjgarkurrjgajjga7oqJjlv7Xml6XjgoTjgIHjg5fjg6zjgrzjg7Pjg4jjgavmnIDpganjga7jg5rjgqLjg6rjg7PjgrAgICAgIDwvZGl2PgogIDxkaXYgY2xhc3M9Imdvb2RzXzEzMDVfMDNfcmlnaHQiPgo8aW1nIHNyYz0iaHR0cDovL2ltYWdlLnJha3V0ZW4uY28uanAvdmllYW5nZS9jYWJpbmV0L2xvdmVyc19zY2VuZS9sc3IvbHNyMDY1M18xOC5qcGciIHdpZHRoPSI0MDAiIGhlaWdodD0iNDAwIiBjbGFzcz0iaW1nMDUiIC8+ICAgIOWkieiJsuOBl+OBq+OBj+OBj+e+juOBl+OBhOi8neOBj+OCkuaUvuOBpOOAgeODlOODs+OCr+OCtOODvOODq+ODieOBqOODm+ODr+OCpOODiOOCtOODvOODq+ODieOBruODmuOCouODquODs+OCsCAgICAgPC9kaXY+CiAgPC9kaXY+CiAgCiAgPGltZyBzcmM9Imh0dHA6Ly9pbWFnZS5yYWt1dGVuLmNvLmpwL3ZpZWFuZ2UvY2FiaW5ldC9sb3ZlcnNfc2NlbmUvbHNyL2xzcjA2NTNfMjMuanBnIiB3aWR0aD0iNjYwIiBoZWlnaHQ9IjM2OSIgY2xhc3M9ImltZzYwIiAvPgogIAogICA8IS0t4pa84pa84pa844Kr44Op44O844OQ44Oq44Ko44O844K344On44Oz4pa84pa84pa8LS0+IAogIAogIDxpbWcgc3JjPSJodHRwOi8vaW1hZ2UucmFrdXRlbi5jby5qcC92aWVhbmdlL2NhYmluZXQvbG92ZXJzX2FuZF9yaW5nL2xvdmVyc3JpbmdfaW1hZ2UvbHJfdGl0bGVfY29sb3IuanBnIiB3aWR0aD0iNjYwIiBoZWlnaHQ9IjE0NSLjgIBhbHQ9IuOCq+ODqeODvOODkOODquOCqOODvOOCt+ODp+ODsyIgIC8+CiAgCiA8dGFibGUgYm9yZGVyPSIwIiB3aWR0aD0iNjYwcHgiPgogPHRyPjx0ZD4KIDxpbWcgc3JjPSJodHRwOi8vaW1hZ2UucmFrdXRlbi5jby5qcC92aWVhbmdlL2NhYmluZXQvbG92ZXJzX2FuZF9yaW5nL2xvdmVyc3JpbmdfaW1hZ2UvbHJfd2cuanBnIiB3aWR0aD0iMjUwIiBoZWlnaHQ9IjE0MCLjgIBhbHQ9IuODm+ODr+OCpOODiOOCtOODvOODq+ODiSIgLz4KIDwvdGQ+CiA8dGQ+CiA8Zm9udCBzaXplPSIyIiBjb2xvcj0iIzY5Njk2OSI+CiA8Yj7il4YxMOmHkS8xOOmHkeODm+ODr+OCpOODiOOCtOODvOODq+ODiTwvYj48YnI+CuODl+ODqeODgeODiuOCiOOCiuOCguWuieS+oeOBp+eZveOBj+i8neOBj+OBk+OBqOOBi+OCieS6uuawl+OBrue0oOadkOOBp+OBmeOAggrjg63jgrjjgqbjg6DjgrPjg7zjg4bjgqPjg7PjgrDjgYzmlr3jgZXjgozjgIHlpInoibLjgZfjgavjgY/jgYTjgZPjgajjgYwK54m55b6044Gn44GZ44CCPC9mb250PjwvdGQ+CiA8L3RyPiAKIDx0cj48dGQ+CiA8aW1nIHNyYz0iaHR0cDovL2ltYWdlLnJha3V0ZW4uY28uanAvdmllYW5nZS9jYWJpbmV0L2xvdmVyc19hbmRfcmluZy9sb3ZlcnNyaW5nX2ltYWdlL2xyX3BnLmpwZyIgd2lkdGg9IjI1MCIgaGVpZ2h0PSIxNDAi44CAYWx0PSLjg5Tjg7Pjgq/jgrTjg7zjg6vjg4kiIC8+CiA8L3RkPgogPHRkPgogPGZvbnQgc2l6ZT0iMiIgY29sb3I9IiM2OTY5NjkiPgogPGI+4peGMTDph5EvMTjph5Hjg5Tjg7Pjgq/jgrTjg7zjg6vjg4k8L2I+PGJyPgrjg5Tjg7Pjgq/jgrTjg7zjg6vjg4njga7mn5TjgonjgYvjgYTovJ3jgY3jga/jgIHkuIrlk4Hjgaflj6/mhJvjgonjgZfjgY8K5YSq44GX44GE6Zuw5Zuy5rCX44KS5ryU5Ye644GX44CB5aWz5oCn44Gr44Go44Gm44KC5Lq65rCX44Gn44GZ44CCCuOBvuOBn+aXpeacrOS6uuOBruiCjOOBq+mmtOafk+OBv+OChOOBmeOBhOOBqOOBhOOCj+OCjOOBpuOBiuOCiuOAgQrjg5XjgqHjg4Pjgrfjg6fjg7PmgKfjgoLpq5jjgY/jgIHjgrPjg7zjg4fjgqPjg43jg7zjg4jjgZfjgoTjgZnjgYTjgqvjg6njg7zjgafjgZnjgIIKPC9mb250PjwvdGQ+CiA8L3RyPiAKIDx0cj48dGQ+CiA8aW1nIHNyYz0iaHR0cDovL2ltYWdlLnJha3V0ZW4uY28uanAvdmllYW5nZS9jYWJpbmV0L2xvdmVyc19hbmRfcmluZy9sb3ZlcnNyaW5nX2ltYWdlL2xyX3lnLmpwZyIgd2lkdGg9IjI1MCIgaGVpZ2h0PSIxNDAi44CAYWx0PSLjgqTjgqjjg63jg7zjgrTjg7zjg6vjg4kiIC8+CiA8L3RkPgogPHRkPgogPGZvbnQgc2l6ZT0iMiIgY29sb3I9IiM2OTY5NjkiPgogPGI+4peGMTDph5EvMTjph5HjgqTjgqjjg63jg7zjgrTjg7zjg6vjg4k8L2I+PGJyPgroj6/jgoTjgYvjgafnvo7jgZfjgYTovJ3jgY3jgYzprYXlipvjga7jgqTjgqjjg63jg7zjgrTjg7zjg6vjg4njgIIK44Gd44Gu5a2Y5Zyo5oSf44GM5omL5YWD44KS5piO44KL44GP5b2p44KK44G+44GZ44CCCuasp+exs+OBp+OBr+ODluODqeOCpOODgOODq+OCuOODpeOCqOODquODvOOBrue0oOadkOOBqOOBl+OBpuOCggrjg53jg5Tjg6Xjg6njg7zjgafjgZnjgII8L2ZvbnQ+PC90ZD4KIDwvdHI+IAogPHRyPjx0ZD4KIDxpbWcgc3JjPSJodHRwOi8vaW1hZ2UucmFrdXRlbi5jby5qcC92aWVhbmdlL2NhYmluZXQvbG92ZXJzX2FuZF9yaW5nL2xvdmVyc3JpbmdfaW1hZ2UvbHJfcHQuanBnIiB3aWR0aD0iMjUwIiBoZWlnaHQ9IjE0MCLjgIBhbHQ9IuODl+ODqeODgeODiiIgLz4KIDwvdGQ+CiA8dGQ+CiA8Zm9udCBzaXplPSIyIiBjb2xvcj0iIzY5Njk2OSI+CiA8Yj7il4bjg5fjg6njg4Hjg4o5NTA8L2I+PGJyPgrjg5fjg6njg4Hjg4rjga/lpKnnhLbjga7nmb3jgYTovJ3jgY3jgpLmjIHjgaHjgIHogJDkuYXmgKfjgavlhKrjgozjgZ/luIzlsJHkvqHlgKTjga4K6auY44GE57Sg5p2Q44Gn44GZ44CC5aSJ6Imy44GX44Gr44GP44GP44CB44Gd44Gu576O44GX44GE55m944GE6Lyd44GN44GMCuOBhOOBpOOBvuOBp+OCguWkseOCj+OCjOOBquOBhOOBk+OBqOOBi+OCieOAgeOAjOawuOmBoOOBruaEm+OAjeOCkue0hOadn+OBmeOCiwrntZDlqZrmjIfovKrjgavjgoLlpJrjgY/kvb/nlKjjgZXjgozjgabjgYTjgb7jgZnjgII8L2ZvbnQ+PC90ZD4KIDwvdHI+IAogIDwvdGFibGU+CiAgCiAgPGJyPjxicj4KICAKICA8ZGl2IGNsYXNzPSJnb29kc18xMzA1XzA2Ij4KICA8cD7jgZTms6jmlofnorroqo3lvozjgIHllYblk4Hku6Pph5Hjgavov73liqDmlpnph5HjgpLliqDnrpfjgZfjgabjgZToq4vmsYLph5HpoY3jgpLlpInmm7TjgZXjgZvjgabjgYTjgZ/jgaDjgY3jgb7jgZnjgIIK5Yqg566X5b6M44Gu44GU6KuL5rGC6YeR6aGN44Gr44Gk44GE44Gm44Gv44CB44GU5rOo5paH56K66KqN5b6M44Gr44GK6YCB44KK44GZ44KL44Oh44O844Or44KS44GU56K66KqN6aGY44GE44G+44GZ44CCPGJyPuOBvuOBn+OAgee0oOadkOOBq+OCiOOCiue0jeacn+OBjOeVsOOBquOCiuOBvuOBmeOBruOBp+OBlOazqOaEj+OBj+OBoOOBleOBhOOAgiA8L3A+PC9kaXY+CiAgCiA8YnI+PGJyPgogCjwhLS3ilrzilrzilrzjg6rjg7PjgrDjgrXjgqTjgrrilrzilrzilrwtLT4gCiAgCiAgPGltZyBzcmM9Imh0dHA6Ly9pbWFnZS5yYWt1dGVuLmNvLmpwL3ZpZWFuZ2UvY2FiaW5ldC9sb3ZlcnNfYW5kX3JpbmcvbG92ZXJzcmluZ19pbWFnZS9scl90aXRsZV9zaXplNC5qcGciIHdpZHRoPSI2NjAiIGhlaWdodD0iODk3IuOAgGFsdD0i44Oq44Oz44Kw44K144Kk44K6IiBjbGFzcz0iaW1nMTAiIC8+CgoKICA8IS0t4pa84pa84pa85Yi75Y2w44K144O844OT44K54pa84pa84pa8LS0+IAogIAogIDxpbWcgc3JjPSJodHRwOi8vaW1hZ2UucmFrdXRlbi5jby5qcC92aWVhbmdlL2NhYmluZXQvbG92ZXJzX2FuZF9yaW5nL2xvdmVyc3JpbmdfaW1hZ2UvbHJfdGl0bGVfa29rdWluLmpwZyIgd2lkdGg9IjY2MCIgaGVpZ2h0PSI1OCLjgIBhbHQ9IuWIu+WNsOOCteODvOODk+OCuSIgY2xhc3M9ImltZzEwIiAvPgogIAogIDxwIGNsYXNzPSJpbWcyMCI+44GU5biM5pyb44Gu5pa544Gr44Gv44CB44Oq44Oz44Kw44Gu5YaF5YG044Gr44Oh44OD44K744O844K444KE44GK5ZCN5YmN44Gq44Gp44KS54Sh5paZ44Gn5Yi75Y2wKOaWh+Wtl+WFpeOCjCnjgZXjgZvjgabjgYTjgZ/jgaDjgY3jgb7jgZnjgII8L3A+CiAgICAKICAgIDxkaXYgY2xhc3M9ImNsZWFyZml4IGdvb2RzXzEzMDVfMDUiPgogICAgICAgPGRpdj4KICAgICAgICAgPHAgY2xhc3M9ImltZzI1Ij7il4bliLvljbDjgavjgaTjgYTjgabjga/jg5bjg63jg4Pjgq/kvZPvvIjlpKfmloflrZfvvInjga7jgb/lj6/og73jgafjgZnjgIIK5LiL6KiY44Gu5pu45L2T6KaL5pys44KS44GU56K66KqN5LiL44GV44GE44CCPGJyPjxicj4KICAgICAgICAg4peG6IG35Lq644GMMeaWh+WtlzHmloflrZfkuIHlr6fjgavmiYvlvavjgorjgafliLvljbDoh7TjgZfjgb7jgZnjgII8L3A+CjxwIHN0eWxlPSJmb250LXNpemU6IDE0cHg7IiBjbGFzcz0iaW1nMjAiPuKXhuOBk+OBoeOCieOBruWVhuWTgeOBq+WFpeOCjOOCieOCjOOCi+WIu+WNsOaWh+Wtl+aVsOOBr+OCouODq+ODleOCoeODmeODg+ODiOWkp+aWh+Wtl+ODu+iLseaVsOWtl+WQiOOCj+OBm+OBpjxzcGFuIHN0eWxlPSJjb2xvcjogI0ZGMDA2NiI+NuaWh+Wtl+OBvuOBpzwvc3Bhbj7jgafjgZnjgII8L3A+CiAgICAgIDwvZGl2PgogICAgICAgPGltZyBzcmM9Imh0dHA6Ly9pbWFnZS5yYWt1dGVuLmNvLmpwL3ZpZWFuZ2UvY2FiaW5ldC9wYXJ0cy9sc3IwNjUwXzUyYS5qcGciIC8+ICA8L2Rpdj4KICAgIAogICAgPGltZyBzcmM9Imh0dHA6Ly9pbWFnZS5yYWt1dGVuLmNvLmpwL3ZpZWFuZ2UvY2FiaW5ldC9wYXJ0cy9sc3IwNjUwXzU0YS5qcGciIGNsYXNzPSJpbWcwNSIgLz4KICAKICA8YnI+PGJyPgogCiA8ZGl2IGNsYXNzPSJnb29kc18xMzA1XzA2Ij4KICA8cD7jg5fjg6vjg4Djgqbjg7Pjg6Hjg4vjg6Xjg7zjgYvjgonjgZTluIzmnJvjga7mm7jkvZPjgpLjgYrpgbjjgbPjgY/jgaDjgZXjgYTjgILms6jmlofnlLvpnaLjga7jgIzliLvljbDlr77osaHllYblk4HjgpLjgZTms6jmlofjga7mlrnjga8K44GT44Gh44KJ44Gr44GU6KiY5YWl44GP44Gg44GV44GE44CN5qyE44Gr5Yi75Y2w5YaF5a6544KS44GU6KiY5YWl44GP44Gg44GV44GE44CC5ZWG5ZOB44KSMuWAi+S7peS4iuOBiuiyt+OBhOS4iuOBkuOBruWgtOWQiOOBr+OAgQrliLvljbDlr77osaHllYblk4HjgYzliIbjgYvjgovjgojjgYbjgZTkvbXoqJjjgYrpoZjjgYToh7TjgZfjgb7jgZnjgIIK5L6L44CM44Os44OH44Kj44O844K577ya4peL4peL4peL4peL44CN44CM44Oh44Oz44K677ya4peL4peL4peL4peL44CN44Gq44GpPC9wPjwvZGl2PgoKPGJyPgoKCuOAgAoKIDwhLS3ilrzilrzilrzjg6njg4Pjg5Tjg7PjgrDjg7vjg6Hjg4Pjgrvjg7zjgrjjgqvjg7zjg4nilrzilrzilrwtLT4gICAKICAKICA8aW1nIHNyYz0iaHR0cDovL2ltYWdlLnJha3V0ZW4uY28uanAvdmllYW5nZS9jYWJpbmV0L3dyYXBwaW5nL3dyYXBwaW5nX3RpdGxlLmpwZyIgYWx0PSLjg6njg4Pjg5Tjg7PjgrAiPgoKPGJyPjxicj48YnI+Cgo8dGFibGUgYm9yZGVyPSIwIiB3aWR0aD0iNjYwcHgiPgo8dHI+Cjx0ZD4KPGltZyBzcmM9Imh0dHA6Ly9pbWFnZS5yYWt1dGVuLmNvLmpwL3ZpZWFuZ2UvY2FiaW5ldC93cmFwcGluZy9scl93cmFwXzAxXzEuanBnIiBhbHQ9IkxvdmVycyZSaW5n44CA6YCa5bi444Op44OD44OU44Oz44KwIj4KPC90ZD4KPHRkPgo8aW1nIHNyYz0iaHR0cDovL2ltYWdlLnJha3V0ZW4uY28uanAvdmllYW5nZS9jYWJpbmV0L3dyYXBwaW5nL2xyX3dyYXBfMDIuanBnIiBhbHQ9IkxvdmVycyZSaW5n44CA44Ko44Kz44Op44OD44OU44Oz44KwIj4KPC90ZD4KPHRkPgo8YSAgaHJlZj0iaHR0cDovL2l0ZW0ucmFrdXRlbi5jby5qcC92aWVhbmdlL2MvMDAwMDAwMDc4Mi8iPjxpbWcgc3JjPSJodHRwOi8vaW1hZ2UucmFrdXRlbi5jby5qcC92aWVhbmdlL2NhYmluZXQvd3JhcHBpbmcvbHJfd3JhcF8wMy5qcGciIGFsdD0iTG92ZXJzJlJpbmfjgIDjgrnjg5rjgrfjg6Pjg6vjg6njg4Pjg5Tjg7PjgrAiPjwvYT4KPC90ZD4KPC90cj4KPC90YWJsZT4KPGltZyBzcmM9Imh0dHA6Ly9pbWFnZS5yYWt1dGVuLmNvLmpwL3ZpZWFuZ2UvY2FiaW5ldC93cmFwcGluZy9raWtpbi5qcGciIGFsdD0i5aSp5L2/44Gu5Y215Z+66YeRIj4KICAKICA8YSAgaHJlZj0iaHR0cDovL2l0ZW0ucmFrdXRlbi5jby5qcC92aWVhbmdlL2MvMDAwMDAwMDc5MS8iPgo8aW1nIHNyYz0iaHR0cDovL2ltYWdlLnJha3V0ZW4uY28uanAvdmllYW5nZS9jYWJpbmV0L3dyYXBwaW5nL2xzX2NhcmQuanBnIiBhbHQ9IuODoeODg+OCu+ODvOOCuOOCq+ODvOODiSI+PC9hPgoKCgoKIDwhLS3ilrzilrzilrzjg5rjgqLjg7vljZjlk4Hjg6rjg7Pjgq/ilrzilrzilrwtLT4gICAKIAogIDxpbWcgc3JjPSJodHRwOi8vaW1hZ2UucmFrdXRlbi5jby5qcC92aWVhbmdlL2NhYmluZXQvbG92ZXJzX2FuZF9yaW5nL2xvdmVyc3JpbmdfaW1hZ2UvbHJfbGlua19tZW5zLmpwZyIgd2lkdGg9IjY2MCIgaGVpZ2h0PSI1OCIgY2xhc3M9ImltZzEwIiAvPgogIAogIAogPGRpdiBjbGFzcz0ibGlua19wYWlyX21lbnMiPgogICAgIDxkaXYgY2xhc3M9InRhbnBpbl9sZWZ0Ij48YSBocmVmPSJodHRwOi8vaXRlbS5yYWt1dGVuLmNvLmpwL3ZpZWFuZ2UvbHNyMDY1M2Rway13Zy8iPjxpbWcgc3JjPSJodHRwOi8vaW1hZ2UucmFrdXRlbi5jby5qcC92aWVhbmdlL2NhYmluZXQvbG92ZXJzX3NjZW5lL2xzci9sc3IwNjUzX3BhaXIuanBnIiB3aWR0aD0iMjM1IiBoZWlnaHQ9IjIzNSIgY2xhc3M9ImltZzIwIiAvPjwvYT4KICAgIDwvZGl2PgogICAgPGRpdiBjbGFzcz0idGFucGluX3JpZ2h0Ij48YSBocmVmPSJodHRwOi8vaXRlbS5yYWt1dGVuLmNvLmpwL3ZpZWFuZ2UvbHNyMDY1M3dnLyI+PGltZyBzcmM9Imh0dHA6Ly9pbWFnZS5yYWt1dGVuLmNvLmpwL3ZpZWFuZ2UvY2FiaW5ldC9sb3ZlcnNfc2NlbmUvbHNyL2xzcjA2NTNfMjguanBnIiB3aWR0aD0iMjM1IiBoZWlnaHQ9IjIzNSIgY2xhc3M9ImltZzIwIiAvPjwvYT4KICAgIAogIAo8L2Rpdj48L2Rpdj4gIAogICAgICA8YSBocmVmPSJodHRwOi8vaXRlbS5yYWt1dGVuLmNvLmpwL3ZpZWFuZ2UvYy8wMDAwMDAwNjY2LyI+PGltZyBzcmM9Imh0dHA6Ly9pbWFnZS5yYWt1dGVuLmNvLmpwL3ZpZWFuZ2UvY2FiaW5ldC9pbWFnZS9tb3JlX3BhaXJyaW5nMi5qcGciIHdpZHRoPSI2NjAiIGhlaWdodD0iMTIwIiBib3JkZXI9IjAiPjwvYT48L2Rpdj4KICA8L2Rpdj4KIDxicj48YnI+CiAgCiAgCiAgCiAgPGltZyBzcmM9Imh0dHA6Ly9pbWFnZS5yYWt1dGVuLmNvLmpwL3ZpZWFuZ2UvY2FiaW5ldC9wYXJ0cy9sc3IwNjUwXzY4LmdpZiIgY2xhc3M9ImltZzMwIiAvPgoKCjwvZGl2PjwvZGl2PgogIAo8dGFibGUgd2lkdGg9IjM5MCIgYm9yZGVyPSIwIj4KICA8dHI+CiAgICA8dGQgd2lkdGg9Ijg5Ij4mbmJzcDs8L3RkPgogICAgPHRkIHdpZHRoPSIyOTEiPiZuYnNwOzwvdGQ+CiAgPC90cj4KICA8dHI+CiAgICA8dGQ+PGZvbnQgY29sb3I9IzY5Njk2OSBzaXplPSIyIj7ilqDjgIDntKDmnZDjgIDilqA8L2ZvbnQ+PC90ZD4KICAgIDx0ZD4mbmJzcDs8L3RkPgogIDwvdHI+CjwvdGFibGU+Cjx0YWJsZSB3aWR0aD0iMzkwIiBib3JkZXI9IjAiPgogIDx0cj4KICAgIDx0ZCB3aWR0aD0iODkiPjxkaXYgYWxpZ249InJpZ2h0Ij48Zm9udCBjb2xvcj0iIzY5Njk2OSIgc2l6ZT0iMiI+44Os44OH44Kj44O844K577yaPC9mb250PjwvZGl2PjwvdGQ+CiAgICA8dGQgd2lkdGg9IjI5MSI+PGZvbnQgY29sb3I9IzY5Njk2OSBzaXplPSIyIj5LMTAo44OU44Oz44Kv44K044O844Or44OJKS/jg4DjgqTjg6Tjg6Ljg7Pjg4nDlzTnn7M8L2ZvbnQ+PC90ZD4KICA8L3RyPgogIDx0cj4KICAgIDx0ZD4mbmJzcDs8L3RkPgogICAgPHRkPiZuYnNwOzwvdGQ+CiAgPC90cj4KPC90YWJsZT4KPHRhYmxlIHdpZHRoPSIzOTAiIGJvcmRlcj0iMCI+CiAgPHRyPgogICAgPHRkPjxmb250IGNvbG9yPSM2OTY5Njkgc2l6ZT0iMiI+4pagIOWkp+OBjeOBlShtbSkg4pagPC9mb250PjwvdGQ+CiAgPC90cj4KPC90YWJsZT4KPHRhYmxlIHdpZHRoPSIzOTAiIGJvcmRlcj0iMCI+CiAgPHRyPgogICAgPHRkIHdpZHRoPSI4OSI+Jm5ic3A7PC90ZD4KICAgIDx0ZCB3aWR0aD0iMjkxIj48Zm9udCBjb2xvcj0jNjk2OTY5IHNpemU9IjIiPuW5hee0hDIuN8OX5Y6a44G/57SEMi4xPC9mb250PjwvdGQ+CiAgPC90cj4KICA8dHI+CiAgICA8dGQ+Jm5ic3A7PC90ZD4KICAgIDx0ZD4mbmJzcDs8L3RkPgogIDwvdHI+CjwvdGFibGU+Cjx0YWJsZSB3aWR0aD0iMzkwIiBib3JkZXI9IjAiPgogIDx0cj4KICAgIDx0ZCB3aWR0aD0iODkiPjxmb250IGNvbG9yPSM2OTY5Njkgc2l6ZT0iMiI+4pag44CA6YeN6YeP44CA4pagPC9mb250PjwvdGQ+CiAgICA8dGQgd2lkdGg9IjI5MSI+Jm5ic3A7PC90ZD4KICA8L3RyPgo8L3RhYmxlPgo8dGFibGUgd2lkdGg9IjM5MCIgYm9yZGVyPSIwIj4KICA8dHI+CiAgICA8dGQgd2lkdGg9Ijg5Ij4mbmJzcDs8L3RkPgogICAgPHRkIHdpZHRoPSIyOTEiPjxmb250IGNvbG9yPSM2OTY5Njkgc2l6ZT0iMiI+57SEMS4xM2c8L2ZvbnQ+PC90ZD4KICA8L3RyPgogIDx0cj4KICAgIDx0ZD4mbmJzcDs8L3RkPgogICAgPHRkPjxmb250IGNvbG9yPSIjMDA5OUZGIiBzaXplPSIxIj7igLvlpKfjgY3jgZXjg7vph43jgZXjgavjga/lpJrlsJHjga7lgIvkvZPlt67jgYznlJ/jgZjjgb7jgZk8L2ZvbnQ+PC90ZD4KICA8L3RyPgo8L3RhYmxlPgo8dGFibGUgd2lkdGg9IjM5MCIgYm9yZGVyPSIwIj4KICA8dHI+CiAgICA8dGQgd2lkdGg9Ijg4IiBoZWlnaHQ9IjE1Ij48Zm9udCBjb2xvcj0jNjk2OTY5IHNpemU9IjIiPuKWoOimj+WumuOCteOCpOOCuuKWoDwvZm9udD48L3RkPgogICAgPHRkIHdpZHRoPSIyOTIiPiZuYnNwOzwvdGQ+CiAgPC90cj4KPC90YWJsZT4KPHRhYmxlIHdpZHRoPSIzOTAiIGJvcmRlcj0iMCI+CiAgPHRyPgogICAgPHRkIHdpZHRoPSI4OSIgaGVpZ2h0PSI1MSI+Jm5ic3A7PC90ZD4KICAgIDx0ZCB3aWR0aD0iMjkxIj48Zm9udCBjb2xvcj0jNjk2OTY5IHNpemU9IjIiPjXlj7fjgYvjgokyM+WPt+OBvuOBpzxicj4K4oC7MjTlj7fku6XkuIrjga7jgrXjgqTjgrrjga/liKXpgJTmlpnph5HjgYznmbrnlJ/jgYTjgZ/jgZfjgb7jgZnjgILjgb7jgZ/jgIHntI3mnJ/jgYwx6YCx6ZaT44G744Gp6ZW344GP44Gq44KK44G+44GZ44CCPGJyPgo8YnI+CuKAuzTlj7fku6XkuIvjga7jgrXjgqTjgrrjga7loLTlkIjjgIHov73liqDmlpnph5Hjga/nmbrnlJ/jgYTjgZ/jgZfjgb7jgZvjgpPjgYzjgIE8Zm9udCBjb2xvcj0iIzAwOTlGRiI+57SN5pyf44GMMemAsemWk++8iDfllrbmpa3ml6XvvInjgbvjganliqDnrpfjgZXjgozjgb7jgZk8L2ZvbnQ+44CCPGJyPjxicj4K4peG6KaP5a6a5aSW44K144Kk44K644Gu44Kq44O844OA44O85pa55rOV4peGPGJyPgo8YnI+CuOCteOCpOOCuuOBruODl+ODq+ODgOOCpuODs+ODoeODi+ODpeODvOOCiOOCiu+8nOOBneOBruS7luOCteOCpOOCuu+8nuOCkuOBlOmBuOaKnuS4i+OBleOBhOOAguazqOaWh+eUu+mdouOBrumAmuS/oeashOOBq+OBlOW4jOacm+OBruOCteOCpOOCuuOCkuOBlOaYjuiomOOBj+OBoOOBleOBhOOAguW9k+aWueOBq+OBpuW3rumhjeOCkueul+WHuuOBruOBhuOBiOOAgeOBiuWuouanmOOBq+OBlOmAo+e1oeOBhOOBn+OBl+OBvuOBmeOAguOBiuWuouanmOOBruOBlOS6huaJv+OCkuOBhOOBn+OBoOOBhOOBn+aZgueCueOBp+OAgeW9k+aWueOBq+OBpui/veWKoOaWmemHkeOCkuWKoOeul+OBl+OBpuOAgeOBlOiri+axgue3j+mhjeOCkuWkieabtOOBleOBm+OBpuOBhOOBn+OBoOOBjeOBvuOBmeOAggo8L2ZvbnQ+PC90ZD4KICA8L3RyPgogIDx0cj4KICAgIDx0ZD4mbmJzcDs8L3RkPgogICAgPHRkPiZuYnNwOzwvdGQ+CiAgPC90cj4KPC90YWJsZT4KCjx0YWJsZSB3aWR0aD0iMzkwIiBib3JkZXI9IjAiPgogIDx0cj4KICAgIDx0ZCB3aWR0aD0iMjExIj48Zm9udCBjb2xvcj0jNjk2OTY5IHNpemU9IjIiPuKWoCDoo4/nn7PlhaXjgozjgqrjg5fjgrfjg6fjg7PilqA8L2ZvbnQ+PC90ZD4KICAgIDx0ZCB3aWR0aD0iMTY5Ij4mbmJzcDs8L3RkPgogIDwvdHI+CjwvdGFibGU+Cjx0YWJsZSB3aWR0aD0iMzkwIiBib3JkZXI9IjAiPgogIDx0cj4KICAgIDx0ZCB3aWR0aD0iODkiPiZuYnNwOzwvdGQ+CiAgICA8dGQgd2lkdGg9IjI5MSI+PGZvbnQgY29sb3I9IzY5Njk2OSBzaXplPSIyIj7lr77lv5zkuI3lj688L2ZvbnQ+PC90ZD4KICA8L3RyPgogIDx0cj4KICAgIDx0ZD4mbmJzcDs8L3RkPgogICAgPHRkPiZuYnNwOzwvdGQ+CiAgPC90cj4KPC90YWJsZT48IS0t4pa84pa8IOW3puW4r+ODquODs+OCr+OBguOCiiDilrzilrwtLT4KCjxkaXYgaWQ9ImhpZGFyaS1vYmkiPgoKPHN0eWxlPgojaGlkYXJpLW9iaSB7CnBvc2l0aW9uOiBhYnNvbHV0ZTsKdG9wOjBweDsKbGVmdDoxMHB4OwpiYWNrZ3JvdW5kOiB1cmwoImh0dHBzOi8vaW1hZ2UucmFrdXRlbi5jby5qcC92aWVhbmdlL2NhYmluZXQvY2FtcGFpZ24vc2NibnJfMDUxNS5qcGciKSByZXBlYXQteSBsZWZ0IHRvcCA7Cn0KI2hpZGFyaS1vYmkgYSB7CmRpc3BsYXk6IGJsb2NrOwpoZWlnaHQ6OTMwMHB4Oy8q44Oa44O844K45YWo5L2T44Gu6auY44GVKi8Kd2lkdGg6IDE0MHB4Oy8q5biv44Gu5bmFKi8KfQo8L3N0eWxlPgoKPC9kaXY+CgoKCjwhLS3ilrzilrwg5bem5biv44Oq44Oz44Kv44Gq44GXIOKWvOKWvC0tPgoKCgoKPCEtLeKWvOKWvCDlt6bluK/jg6rjg7Pjgq/jgarjgZcg4pa84pa8LS0+Cgo8IS0tCjxzdHlsZSB0eXBlPSJ0ZXh0L2NzcyI+CmJvZHl7CmJhY2tncm91bmQtaW1hZ2U6IHVybCgiaHR0cDovL2ltYWdlLnJha3V0ZW4uY28uanAvdmllYW5nZS9jYWJpbmV0L2NhbXBhaWduL2Jucl8xMDEyLmpwZyIpOwpiYWNrZ3JvdW5kLXJlcGVhdDogcmVwZWF0LXk7CmJhY2tncm91bmQtYXR0YWNobWVudDogc2Nyb2xsOwpiYWNrZ3JvdW5kLXBvc2l0aW9uOmxlZnQKfQo8L3N0eWxlPgotLT4KCgoKCjxzdHlsZSB0eXBlPSJ0ZXh0L2NzcyI+CgovKiDjgYrmsJfjgavlhaXjgorllYblk4EgKi8KCiNyYWt1dGVuTGltaXRlZElkX2Fyb3VuZENhcnQgI3NlcnZpY2VUYWJsZVNtbCB0ZC5mYXZvcml0ZSB7CgpwYWRkaW5nLXRvcDogNXB4OwoKfQoKI3Jha3V0ZW5MaW1pdGVkSWRfYXJvdW5kQ2FydCBkaXYuYm9va21hcmtBcmVhIGRpdi5ia20gewoKd2lkdGg6IDI5MXB4ICFpbXBvcnRhbnQ7CgpoZWlnaHQ6MzNweCAhaW1wb3J0YW50OwoKcGFkZGluZzogMHB4IDBweCAxMHB4IDBweCAhaW1wb3J0YW50OwoKfQoKI3Jha3V0ZW5MaW1pdGVkSWRfYXJvdW5kQ2FydCBkaXYuYm9va21hcmtBcmVhIGRpdi5ia20gYS5hZGRCa20gewoKd2lkdGg6IDI5MXB4ICFpbXBvcnRhbnQ7CgpoZWlnaHQ6MzNweCAhaW1wb3J0YW50OwoKfQoKI3Jha3V0ZW5MaW1pdGVkSWRfYXJvdW5kQ2FydCBkaXYuYm9va21hcmtBcmVhIGRpdi5ia20gYS5hZGRCa20gc3Bhbi5ia21TdGFyIHsKCmRpc3BsYXk6IGlubGluZS1ibG9jayAhaW1wb3J0YW50OwoKd2lkdGg6IDI5MXB4ICFpbXBvcnRhbnQ7CgpoZWlnaHQ6MzNweCAhaW1wb3J0YW50OwoKbWFyZ2luOjBweCAwcHggMTBweCAwcHggIWltcG9ydGFudDsKCmJhY2tncm91bmQ6IHVybCgiaHR0cDovL2ltYWdlLnJha3V0ZW4uY28uanAvdmllYW5nZS9jYWJpbmV0L2Jucl9mYXZpdGVtLmpwZyIpIG5vLXJlcGVhdCAhaW1wb3J0YW50OwoKfQoKIAoKLyog44GK5rCX44Gr5YWl44KK44K344On44OD44OXICovCgpkaXYuYm9va21hcmtBcmVhIHsKCndpZHRoOiAyOTFweCAhaW1wb3J0YW50OwoKfQoKI3Jha3V0ZW5MaW1pdGVkSWRfYXJvdW5kQ2FydCBkaXYuc2hvcEJvb2ttYXJrQXJlYSBkaXYuc2hvcEJrbSB7Cgp3aWR0aDogMjkxcHggIWltcG9ydGFudDsKCmhlaWdodDozM3B4ICFpbXBvcnRhbnQ7CgpwYWRkaW5nOiAwcHggMHB4ICFpbXBvcnRhbnQ7CgpwYWRkaW5nLWxlZnQ6IDBweCAhaW1wb3J0YW50OwoKfQoKI3Jha3V0ZW5MaW1pdGVkSWRfYXJvdW5kQ2FydCBkaXYuc2hvcEJvb2ttYXJrQXJlYSBkaXYuc2hvcEJrbSBhLmFkZFNob3BCa20gc3Bhbi5zaG9wQmttU3RhciB7CgpkaXNwbGF5OiBpbmxpbmUtYmxvY2sgIWltcG9ydGFudDsKCndpZHRoOiAyOTFweCAhaW1wb3J0YW50OwoKaGVpZ2h0OjMzcHggIWltcG9ydGFudDsKCm1hcmdpbi1yaWdodDogMHB4ICFpbXBvcnRhbnQ7CgpiYWNrZ3JvdW5kOiB1cmwoImh0dHA6Ly9pbWFnZS5yYWt1dGVuLmNvLmpwL3ZpZWFuZ2UvY2FiaW5ldC9ibnJfZmF2c2hvcC5qcGciKSBuby1yZXBlYXQgIWltcG9ydGFudDsKCn0KPC9zdHlsZT4KCgoKCjxkaXYgaWQ9InByZXNlbnRfYmFzZSIgY2xhc3M9ImNsZWFyZml4Ij4KICAgPGRpdiBjbGFzcz0icHJlc2VudF9pbWciPjxpbWcgc3JjPSJodHRwOi8vaW1hZ2UucmFrdXRlbi5jby5qcC92aWVhbmdlL2NhYmluZXQvdG1nL2Zvb3RfcHJlMDEuZ2lmIiBhbHQ9IuWkp+WIh+OBquOBguOBruS6uuOBq+e0oOaVteOBquODl+ODrOOCvOODs+ODiCIgd2lkdGg9IjE5OSIgaGVpZ2h0PSIyOTUiIC8+PC9kaXY+CiAgIDxkaXYgY2xhc3M9InByZXNlbnRfdHh0Ij48cD7lvZPlupfjga/jgIHkurrmsJfjgqLjgq/jgrvjgrXjg6rjg7zjg5bjg6njg7Pjg4njgIzlpKnkvb/jga7ljbXjgI3jgoTjgIzmnKrmnaXlpKnkvb/jgI3jgpLjga/jgZjjgoHjgIHoqpXnlJ/nn7Pjga7jg5rjg7Pjg4Djg7Pjg4jjgoTjg6rjg7PjgrDjgarjganjgIHjg5fjg6zjgrzjg7Pjg4jjgavjg5Tjg4Pjgr/jg6rjgarjgqLjgq/jgrvjgrXjg6rjg7zjgpLlj5bmibHjgYbpgJrosqnjgrfjg6fjg4Pjg5fjgafjgZnjgII8L3A+PGJyIC8+CuOAjOWEquOBl+OBhOWFieOBq+OBpOOBpOOBvuOCjOOCi+awuOmBoOOBruWRveOAjeOCkuihqOePvuOBl+OBn+OCs+ODs+OCu+ODl+ODiOOCuOODpeOCqOODquODvOOAjOacquadpeWkqeS9v+OAjeOBr+acquadpeOBq+WQkeOBkeOBpui8neOBkeOCi+WRveOBruOBmeOBsOOCieOBl+OBleOCkuWkmuW9qeOBquODhuODvOODnuODu+ODh+OCtuOCpOODs+OBp+ihqOePvuOBl+OBpuOBhOOBvuOBmeOAgjxiciAvPgrjgZ3jgpPjgarmnKrmnaXlpKnkvb/jgYvjgonjga7jg5fjg6zjgrzjg7Pjg4jjgajjgYTjgYbjgrPjg7Pjgrvjg5fjg4jjgafkvZzjgonjgozjgZ/jgIzlpKnkvb/jga7ljbXjgI3jga/jgIHjgIzoqpXnlJ/jga7llpzjgbPjgI3jgoTjgIznlJ/jgY3jgovjgZPjgajjga7mhJ/li5Xjgajos57os5vjgI3jgpLjg4bjg7zjg57jgajjgZfjgablibXjgonjgozjgIHljbXjgajnvr3jga7jg5Djg6njg7Pjgrnjga7oia/jgYTjgoTjgZXjgZfjgYTjg4fjgrbjgqTjg7PjgYzmhJvjgZXjgozjgabjgYTjgovjg63jg7PjgrDjgrvjg6njg7zjga7kurrmsJfjgqLjgq/jgrvjgrXjg6rjg7zjgafjgZnjgILmmK/pnZ7jgIHlpKfliIfjgarkurrjgbjjga7jg5fjg6zjgrzjg7Pjg4jnrYnjgavjgoLjgZTmtLvnlKjkuIvjgZXjgYTvvIE8L2Rpdj4KPC9kaXY+CgoKCgoKPCEtLeKWvOKWvOKWvOODrOODk+ODpeODvOODu+azqOaWh+eKtuazgeKWvOKWvOKWvC0tPiAgIAoKICAgICAgICAgICAgPGgyPjxpbWcgc3JjPSJodHRwOi8vd3d3LnJha3V0ZW4ubmUuanAvZ29sZC92aWVhbmdlL2ltZy90aXRsZV8wNi5qcGciIGFsdD0i44Os44OT44Ol44O8IiB3aWR0aD0iNjg4IiBoZWlnaHQ9IjcwIiAvPjwvaDI+CiAgICAgICAgICAgIDxicj48YnI+CiAgCgkgIDxicj4gPGJyPiA8YnI+IAogICAgICAgICAgICAgICAgICA8aDI+PGltZyBzcmM9Imh0dHA6Ly93d3cucmFrdXRlbi5uZS5qcC9nb2xkL3ZpZWFuZ2UvaW1nL3RpdGxlXzA3LmpwZyIgYWx0PSLms6jmlofnirbms4EiIHdpZHRoPSI2ODgiIGhlaWdodD0iNzAiIC8+PC9oMj4KICAgICAgICAgICAgICAgICAgICAgICAgICAgICAgPGJyPiA8YnI+IAo8YnI+IDxicj4gPGJyPg==,44CQ5Yi75Y2w54Sh5paZ44CR4peGTG92ZXJzICZhbXA7IFJpbmcg44Op44OQ44O844K644Oq44Oz44Kw4peGSzEw44OU44Oz44Kv44K044O844Or44OJ44Oq44Oz44KwKOODrOODh+OCo+ODvOOCuSnjgJBMU1IwNjUzRFBL44CR44CQSzEwIOODlOODs+OCr+OCtOODvOODq+ODiSDjg6rjg7PjgrAg44Oa44Ki44Oq44Oz44KwIOODmuOCoiDmjIfovKog44Op44OW44Oq44Oz44KwIOODgOOCpOODpOODouODs+ODiSDjg5fjg6zjgrzjg7Pjg4gg44Ki44Kv44K744K144Oq44O8IOOCouOCr+OCuyDjgrjjg6Xjgqjjg6rjg7wg44OA44Kk44OkIOOCruODleODiOOAkSAg5q+N44Gu5pelIOOCt+ODs+ODl+ODq++8muWkqeS9v+OBruWNtSB3aXRoIExPVkVSUyBTQ0VORQ==,5aSp5L2/44Gu5Y215pyq5p2l5aSp5L2/44K544Oa44O844K544Kv44Oq44Ko44O844K/44O844K444Ol44Ko44Oq44O844K344Or44OQ44O844Ki44Kv44K744K144Oq44O844OU44Oz44Kv44K344Or44OQ44O844ON44OD44Kv44Os44K555u05Za25bqX44Kv44Oq44K544Oe44K56ZmQ5a6a44Oa44Oz44OA44Oz44OI5oyH6Lyq44OU44Ki44K544OX44Os44K844Oz44OI44OZ44OT44O844K544OX44O844Oz44Os44OH44Kj44O844K544Op44OQ44O844K644K344O844Oz57WQ5ama5oyH6Lyq44Oa44Ki44Oq44Oz44Kw6KqV55Sf55+z44CQ5Yi75Y2w54Sh5paZ44CR4peGTG92ZXJzICZhbXA7IFJpbmcg44Op44OQ44O844K644Oq44Oz44Kw4peGSzEw44OU44Oz44Kv44K044O844Or44OJ44Oq44Oz44KwKOODrOODh+OCo+ODvOOCuSnjgJBMU1IwNjUzRFBL44CR44CQSzEwIOODlOODs+OCr+OCtOODvOODq+ODiSDjg6rjg7PjgrAg44Oa44Ki44Oq44Oz44KwIOODmuOCoiDmjIfovKog44Op44OW44Oq44Oz44KwIOODgOOCpOODpOODouODs+ODiSDjg5fjg6zjgrzjg7Pjg4gg44Ki44Kv44K744K144Oq44O8IOOCouOCr+OCuyDjgrjjg6Xjgqjjg6rjg7wg44OA44Kk44OkIOOCruODleODiOOAkSAg5q+N44Gu5pelIOOCt+ODs+ODl+ODqw==,576O44GX44GE44Op44Kk44Oz44GM5Y2w6LGh55qE44Gq44Oq44Oz44Kw4pmqIOmAgeaWmeeEoeaWmSDjg5Tjg7Pjgq/jgrTjg7zjg6vjg4njgILjgJDliLvljbDnhKHmlpnjgJHil4ZMb3ZlcnMgJmFtcDsgUmluZyDjg6njg5Djg7zjgrrjg6rjg7PjgrDil4ZLMTDjg5Tjg7Pjgq/jgrTjg7zjg6vjg4njg6rjg7PjgrAo44Os44OH44Kj44O844K5KeOAkExTUjA2NTNEUEvjgJHjgJBLMTAg44OU44Oz44Kv44K044O844Or44OJIOODquODs+OCsCDjg5rjgqLjg6rjg7PjgrAg44Oa44KiIOaMh+i8qiDjg6njg5bjg6rjg7PjgrAg44OA44Kk44Ok44Oi44Oz44OJIOODl+ODrOOCvOODs+ODiCDjgqLjgq/jgrvjgrXjg6rjg7wg44Ki44Kv44K7IOOCuOODpeOCqOODquODvCDjg4DjgqTjg6Qg44Ku44OV44OI44CRICDmr43jga7ml6Ug44K344Oz44OX44Or[rn]
39-1038,aHR0cDovL3RzaG9wLnIxMHMuanAvdmllYW5nZS9jYWJpbmV0L2xvdmVyc19hbmRfcmluZy9sc3IwNjUxcGsuanBnP2ZpdGluPTcwMDo3MDA=,MjE2MDAuMDAwMA==,,44K444Ol44Ko44Oq44O844O744Ki44Kv44K744K144Oq44O8ID4g44Os44OH44Kj44O844K544K444Ol44Ko44Oq44O844O744Ki44Kv44K744K144Oq44O8ID4g5oyH6Lyq44O744Oq44Oz44Kw,44CQ5Yi75Y2w54Sh5paZ44CR4peGTG92ZXJzICYgUmluZyDjg6njg5Djg7zjgrrjg6rjg7PjgrDil4ZLMTDjg5Tjg7Pjgq/jgrTjg7zjg6vjg4njg6rjg7PjgrAo44Os44OH44Kj44O844K5KeOAkExTUjA2NTFQS+OAkeOAkEsxMCDjg5Tjg7Pjgq/jgrTjg7zjg6vjg4kg44Oq44Oz44KwIOODmuOCouODquODs+OCsCDjg5rjgqIg5oyH6LyqIOODqeODluODquODs+OCsCDnlLLkuLjjg6rjg7PjgrAg44OX44Os44K844Oz44OIIOOCouOCr+OCu+OCteODquODvCDjgrjjg6Xjgqjjg6rjg7wg44Ku44OV44OIIOOBi+OCj+OBhOOBhCDliLvljbDlj6/og73jgJEgIOavjeOBruaXpSDjgrfjg7Pjg5fjg6s=,44K344Oz44OX44Or44Gq44OH44K244Kk44Oz44Gn5Lq65rCX44Gu55Sy5Li444Oq44Oz44KwIOmAgeaWmeeEoeaWmQ==,PGNlbnRlcj48YSBocmVmPSJodHRwczovL215LmJvb2ttYXJrLnJha3V0ZW4uY28uanAvP2Z1bmM9cmVnJnN2aWQ9MTAxJnNob3BfYmlkPTIwMzk0NyZpaWQ9MTAwMDExNzYmaXR5cGU9MSB0YXJnZXQ9X2JsYW5rIj48aW1nIHNyYz0iaHR0cDovL2ltYWdlLnJha3V0ZW4uY28uanAvdmllYW5nZS9jYWJpbmV0L3BfYm5yX2Zhdml0ZW0uanBnIiBib3JkZXI9IjAiIHdpZHRoPSI2NjAiIGhlaWdodD0iMTMwIj48L2E+PC9jZW50ZXI+PGJyPjxicj48aW1nIHNyYz0iaHR0cDovL2ltYWdlLnJha3V0ZW4uY28uanAvdmllYW5nZS9jYWJpbmV0L2NhbXBhaWduL2xyX3JpbmdfcGNfdG9rdXRlbi5qcGciYWx0PSJMb3ZlcnMmUmluZyDjgq3jg6Pjg7Pjg5rjg7zjg7MiPjxicj48YnI+CgoKPGRpdiBjbGFzcz0iY2FfMDEiPgoKPGRpdiBpZD0iZGV0YWlsX2Jhc2UyIj4KCiAgPGRpdiBjbGFzcz0iZ29vZHNfMTMwNV8wMSI+CiAgICAgIDxkaXY+PHA+44K044O844Or44OJ44Gu5a2Y5Zyo5oSf44KS44KI44KK5byV44GN56uL44Gm44KL44K344Oz44OX44Or44Gq44OH44K244Kk44Oz77yB5Lq65rCX44Gu6auY44GE4oCc55Sy5Li444Oq44Oz44Kw4oCd44Gn44GZ44CC5pmC5Luj44KE44OV44Kh44OD44K344On44Oz44Gr5bem5Y+z44GV44KM44Gq44GE44K344Oz44OX44Or44Gq44OH44K244Kk44Oz44Gn44GZ44Gu44Gn44CB5pmC44KE5aC05omA44KS6YG444Gw44Ga44CB6Lqr44Gr552A44GR44KJ44KM44G+44GZ44CC44Oq44Oz44Kw44KS6Lqr44Gr552A44GR44KL44GT44Go44Gn44CB44CM5LqM5Lq644Gu5oSb44GM5rex44G+44KK44G+44GZ44KI44GG44Gr4oCm44CN44Go44GE44GG5oOz44GE44KS6L6844KB44Gm5L2c44KK44G+44GX44Gf44CCPC9wPgogICAgPC9kaXY+CiAgICAgIDxpbWcgc3JjPSJodHRwOi8vaW1hZ2UucmFrdXRlbi5jby5qcC92aWVhbmdlL2NhYmluZXQvbG92ZXJzX3NjZW5lL2xzci9sc3IwNjUxXzAzLmpwZyIgd2lkdGg9IjY2MCIgaGVpZ2h0PSIzNjAiIC8+PC9kaXY+CiAgCiAgPGltZyBzcmM9Imh0dHA6Ly9pbWFnZS5yYWt1dGVuLmNvLmpwL3ZpZWFuZ2UvY2FiaW5ldC9sb3ZlcnNfc2NlbmUvbHNyL2xzcjA2NTBfMDYuZ2lmIiB3aWR0aD0iMzQ1IiBoZWlnaHQ9IjI3IiBjbGFzcz0iaW1nMTAiIC8+CiAgPHAgY2xhc3M9ImltZzIwIj7lvpPmnaXjga7jg5rjgqLjg6rjg7PjgrDjgafjgoLjgarjgY/jgIHjg57jg6rjg4Pjgrjjg6rjg7PjgrDjgafjgoLjgarjgYTjgI7mhJvjgajlhbHjgavnlJ/jgY3jgovjgI/jgajjgYTjgYbmlrDjgZ/jgarjgrPjg7Pjgrvjg5fjg4jjgaflibXjgonjgozjgZ/mlrDjgZ/jgarjgrjjg6Pjg7Pjg6vjga7mjIfovKrjgafjgZnjgILnnJ/lrp/jga7mhJvjgpLpoZjjgYbmgYvkurrjgZ/jgaHjgavotIjjgorjgb7jgZnigKbjgII8L3A+CiAgCiAgPGlmcmFtZSB3aWR0aD0iNjYwIiBzY3JvbGxpbmc9Im5vIiBoZWlnaHQ9IjQ3MCIgZnJhbWVib3JkZXI9IjAiIHNyYz0iaHR0cDovL3d3dy5yYWt1dGVuLm5lLmpwL2dvbGQvdmllYW5nZS9nZF9pZnJhbWUvTFNSMDY1MV9pbi5odG1sIj48L2lmcmFtZT4KICAKICA8aW1nIHNyYz0iaHR0cDovL2ltYWdlLnJha3V0ZW4uY28uanAvdmllYW5nZS9jYWJpbmV0L2xvdmVyc19zY2VuZS9sc3IvbHNyMDY1MF8xMi5naWYiIHdpZHRoPSI0MzUiIGhlaWdodD0iMjUiIGNsYXNzPSJpbWcyNSIgLz4KPGRpdiBjbGFzcz0iY2xlYXJmaXggaW1nNDAiPgogICAgIDxkaXYgY2xhc3M9Imdvb2RzXzEzMDVfMDJfbGVmdCI+PGltZyBzcmM9Imh0dHA6Ly9pbWFnZS5yYWt1dGVuLmNvLmpwL3ZpZWFuZ2UvY2FiaW5ldC9sb3ZlcnNfc2NlbmUvbHNyL2xzcjA2NTFfMTIuanBnIiB3aWR0aD0iNDAwIiBoZWlnaHQ9IjQwMCIgY2xhc3M9ImltZzA1IiAvPgogICAgIOOBiuWlveOBjeOBquODoeODg+OCu+ODvOOCuOOCkuWFpeOCjOOAgeS6jOS6uuOBoOOBkeOBruODmuOCouODquODs+OCsOOCkuOBpOOBj+OBo+OBpuOBv+OBpuOBr+OBqeOBhuOBp+OBmeOBi++8n+WGheWBtOOBq+OBr+iqleeUn+efs+OCguWFpeOCjOOCieOCjOOBvuOBmeOCiOOAgjwvZGl2Pgo8ZGl2IGNsYXNzPSJnb29kc18xMzA1XzAyX3JpZ2h0Ij4KICAgICAgICA8cD5Mb3ZlcnMgJmFtcDsgUmluZ+OBruS4reOBp+OBr+OAgeS4reW/g+eahOOBquOCt+ODquODvOOCuuOAgjxiciAvPgogICAgICAgICAg56mP44KE44GL44Gr5rex44G+44Gj44Gm44KG44GP44GK5LqM5Lq644Gu57WG44GM44CB44GT44KM44GL44KJ44KC57aa44GP44GT44Go44G444Gu56WI44KK44KS6KiX44GZ4oCm44Gd44KT44Gq44Oa44Ki44Oq44Oz44Kw44KS44GK5o6i44GX44Gu44GK5LqM5Lq644Gr44Gv44OU44OD44K/44Oq44CCPGJyIC8+CiAgICAgICAg6LOq5oSf44O744OH44K244Kk44Oz44Go44KC44Oe44Oq44OD44K444Oq44Oz44Kw44Go44GX44Gm44KC5L2/55So5Y+v6IO944Gq44Kv44Kq44Oq44OG44Kj44KS56eY44KB44Gm44GE44G+44GZ44CCPC9wPgogICAgIDxpbWcgc3JjPSJodHRwOi8vaW1hZ2UucmFrdXRlbi5jby5qcC92aWVhbmdlL2NhYmluZXQvbG92ZXJzX3NjZW5lL2xzci9sc3IwNjUxXzE1LmpwZyIgY2xhc3M9ImltZzA1IiAvPgogICAg5YaF5YG044Gr44GK5YWl44KM44GZ44KL44Oh44OD44K744O844K444Gv4oCc54Sh5paZ44K144O844OT44K54oCd44Gn44GZ44CC6KOP55+z44KC5a++5b+c5Y+v6IO9KOacieaWmSk8L2Rpdj4KICA8L2Rpdj4KICAKICA8aW1nIHNyYz0iaHR0cDovL2ltYWdlLnJha3V0ZW4uY28uanAvdmllYW5nZS9jYWJpbmV0L2xvdmVyc19zY2VuZS9sc3IvbHNyMDY1MV8xOC5naWYiIHdpZHRoPSI1MjEiIGhlaWdodD0iMzAiIGNsYXNzPSJpbWcyNSIgLz4KPGRpdiBjbGFzcz0iY2xlYXJmaXggaW1nNDAiPgogICAgIDxkaXYgY2xhc3M9Imdvb2RzXzEzMDVfMDNfbGVmdCI+CiAgICAgICAgPHA+576O44GX44GE44OV44Kp44Or44Og44GM5oyH5YWD44KS5byV56uL44Gm44KL44CB5rSX57e044GV44KM44Gf576O44GX44GV44KS6L+95rGC44GX44Gf44Oq44Oz44Kw44CCPC9wPgogICAgPGltZyBzcmM9Imh0dHA6Ly9pbWFnZS5yYWt1dGVuLmNvLmpwL3ZpZWFuZ2UvY2FiaW5ldC9sb3ZlcnNfc2NlbmUvbHNyL2xzcjA2NTFfMjMuanBnIiB3aWR0aD0iMjQ1IiBoZWlnaHQ9IjI0NSIgY2xhc3M9ImltZzA1IiAvPgogICAgICAgIOWkp+WIh+OBquS6uuOBqOOBruiomOW/teaXpeOChOOAgeODl+ODrOOCvOODs+ODiOOBq+acgOmBqeOBruODmuOCouODquODs+OCsCAgICAgPC9kaXY+CiAgPGRpdiBjbGFzcz0iZ29vZHNfMTMwNV8wM19yaWdodCI+CjxpbWcgc3JjPSJodHRwOi8vaW1hZ2UucmFrdXRlbi5jby5qcC92aWVhbmdlL2NhYmluZXQvbG92ZXJzX3NjZW5lL2xzci9sc3IwNjUxXzIyLmpwZyIgd2lkdGg9IjQwMCIgaGVpZ2h0PSI0MDAiIGNsYXNzPSJpbWcwNSIgLz4gICAg5aSJ6Imy44GX44Gr44GP44GP576O44GX44GE6Lyd44GP44KS5pS+44Gk44CB44OU44Oz44Kv44K044O844Or44OJ44Go44Ob44Ov44Kk44OI44K044O844Or44OJ44Gu44Oa44Ki44Oq44Oz44KwICAgICA8L2Rpdj4KICA8L2Rpdj4KICAKICA8aW1nIHNyYz0iaHR0cDovL2ltYWdlLnJha3V0ZW4uY28uanAvdmllYW5nZS9jYWJpbmV0L2xvdmVyc19zY2VuZS9sc3IvbHNyMDY1MV8yNy5qcGciIHdpZHRoPSI2NjAiIGhlaWdodD0iMzY4IiBjbGFzcz0iaW1nNjAiIC8+CiAgCiAgPCEtLeKWvOKWvOKWvOOCq+ODqeODvOODkOODquOCqOODvOOCt+ODp+ODs+KWvOKWvOKWvC0tPiAKICAKICA8aW1nIHNyYz0iaHR0cDovL2ltYWdlLnJha3V0ZW4uY28uanAvdmllYW5nZS9jYWJpbmV0L2xvdmVyc19hbmRfcmluZy9sb3ZlcnNyaW5nX2ltYWdlL2xyX3RpdGxlX2NvbG9yLmpwZyIgd2lkdGg9IjY2MCIgaGVpZ2h0PSIxNDUi44CAYWx0PSLjgqvjg6njg7zjg5Djg6rjgqjjg7zjgrfjg6fjg7MiICAvPgogIAogPHRhYmxlIGJvcmRlcj0iMCIgd2lkdGg9IjY2MHB4Ij4KIDx0cj48dGQ+CiA8aW1nIHNyYz0iaHR0cDovL2ltYWdlLnJha3V0ZW4uY28uanAvdmllYW5nZS9jYWJpbmV0L2xvdmVyc19hbmRfcmluZy9sb3ZlcnNyaW5nX2ltYWdlL2xyX3dnLmpwZyIgd2lkdGg9IjI1MCIgaGVpZ2h0PSIxNDAi44CAYWx0PSLjg5vjg6/jgqTjg4jjgrTjg7zjg6vjg4kiIC8+CiA8L3RkPgogPHRkPgogPGZvbnQgc2l6ZT0iMiIgY29sb3I9IiM2OTY5NjkiPgogPGI+4peGMTDph5EvMTjph5Hjg5vjg6/jgqTjg4jjgrTjg7zjg6vjg4k8L2I+PGJyPgrjg5fjg6njg4Hjg4rjgojjgorjgoLlronkvqHjgafnmb3jgY/ovJ3jgY/jgZPjgajjgYvjgonkurrmsJfjga7ntKDmnZDjgafjgZnjgIIK44Ot44K444Km44Og44Kz44O844OG44Kj44Oz44Kw44GM5pa944GV44KM44CB5aSJ6Imy44GX44Gr44GP44GE44GT44Go44GMCueJueW+tOOBp+OBmeOAgjwvZm9udD48L3RkPgogPC90cj4gCiA8dHI+PHRkPgogPGltZyBzcmM9Imh0dHA6Ly9pbWFnZS5yYWt1dGVuLmNvLmpwL3ZpZWFuZ2UvY2FiaW5ldC9sb3ZlcnNfYW5kX3JpbmcvbG92ZXJzcmluZ19pbWFnZS9scl9wZy5qcGciIHdpZHRoPSIyNTAiIGhlaWdodD0iMTQwIuOAgGFsdD0i44OU44Oz44Kv44K044O844Or44OJIiAvPgogPC90ZD4KIDx0ZD4KIDxmb250IHNpemU9IjIiIGNvbG9yPSIjNjk2OTY5Ij4KIDxiPuKXhjEw6YeRLzE46YeR44OU44Oz44Kv44K044O844Or44OJPC9iPjxicj4K44OU44Oz44Kv44K044O844Or44OJ44Gu5p+U44KJ44GL44GE6Lyd44GN44Gv44CB5LiK5ZOB44Gn5Y+v5oSb44KJ44GX44GPCuWEquOBl+OBhOmbsOWbsuawl+OCkua8lOWHuuOBl+OAgeWls+aAp+OBq+OBqOOBpuOCguS6uuawl+OBp+OBmeOAggrjgb7jgZ/ml6XmnKzkurrjga7ogozjgavpprTmn5Pjgb/jgoTjgZnjgYTjgajjgYTjgo/jgozjgabjgYrjgorjgIEK44OV44Kh44OD44K344On44Oz5oCn44KC6auY44GP44CB44Kz44O844OH44Kj44ON44O844OI44GX44KE44GZ44GE44Kr44Op44O844Gn44GZ44CCCjwvZm9udD48L3RkPgogPC90cj4gCiA8dHI+PHRkPgogPGltZyBzcmM9Imh0dHA6Ly9pbWFnZS5yYWt1dGVuLmNvLmpwL3ZpZWFuZ2UvY2FiaW5ldC9sb3ZlcnNfYW5kX3JpbmcvbG92ZXJzcmluZ19pbWFnZS9scl95Zy5qcGciIHdpZHRoPSIyNTAiIGhlaWdodD0iMTQwIuOAgGFsdD0i44Kk44Ko44Ot44O844K044O844Or44OJIiAvPgogPC90ZD4KIDx0ZD4KIDxmb250IHNpemU9IjIiIGNvbG9yPSIjNjk2OTY5Ij4KIDxiPuKXhjEw6YeRLzE46YeR44Kk44Ko44Ot44O844K044O844Or44OJPC9iPjxicj4K6I+v44KE44GL44Gn576O44GX44GE6Lyd44GN44GM6a2F5Yqb44Gu44Kk44Ko44Ot44O844K044O844Or44OJ44CCCuOBneOBruWtmOWcqOaEn+OBjOaJi+WFg+OCkuaYjuOCi+OBj+W9qeOCiuOBvuOBmeOAggrmrKfnsbPjgafjga/jg5bjg6njgqTjg4Djg6vjgrjjg6Xjgqjjg6rjg7zjga7ntKDmnZDjgajjgZfjgabjgoIK44Od44OU44Ol44Op44O844Gn44GZ44CCPC9mb250PjwvdGQ+CiA8L3RyPiAKIDx0cj48dGQ+CiA8aW1nIHNyYz0iaHR0cDovL2ltYWdlLnJha3V0ZW4uY28uanAvdmllYW5nZS9jYWJpbmV0L2xvdmVyc19hbmRfcmluZy9sb3ZlcnNyaW5nX2ltYWdlL2xyX3B0LmpwZyIgd2lkdGg9IjI1MCIgaGVpZ2h0PSIxNDAi44CAYWx0PSLjg5fjg6njg4Hjg4oiIC8+CiA8L3RkPgogPHRkPgogPGZvbnQgc2l6ZT0iMiIgY29sb3I9IiM2OTY5NjkiPgogPGI+4peG44OX44Op44OB44OKOTUwPC9iPjxicj4K44OX44Op44OB44OK44Gv5aSp54S244Gu55m944GE6Lyd44GN44KS5oyB44Gh44CB6ICQ5LmF5oCn44Gr5YSq44KM44Gf5biM5bCR5L6h5YCk44GuCumrmOOBhOe0oOadkOOBp+OBmeOAguWkieiJsuOBl+OBq+OBj+OBj+OAgeOBneOBrue+juOBl+OBhOeZveOBhOi8neOBjeOBjArjgYTjgaTjgb7jgafjgoLlpLHjgo/jgozjgarjgYTjgZPjgajjgYvjgonjgIHjgIzmsLjpgaDjga7mhJvjgI3jgpLntITmnZ/jgZnjgosK57WQ5ama5oyH6Lyq44Gr44KC5aSa44GP5L2/55So44GV44KM44Gm44GE44G+44GZ44CCPC9mb250PjwvdGQ+CiA8L3RyPiAKICA8L3RhYmxlPgogIAogIDxicj48YnI+CiAgCiAgPGRpdiBjbGFzcz0iZ29vZHNfMTMwNV8wNiI+CiAgPHA+44GU5rOo5paH56K66KqN5b6M44CB5ZWG5ZOB5Luj6YeR44Gr6L+95Yqg5paZ6YeR44KS5Yqg566X44GX44Gm44GU6KuL5rGC6YeR6aGN44KS5aSJ5pu044GV44Gb44Gm44GE44Gf44Gg44GN44G+44GZ44CCCuWKoOeul+W+jOOBruOBlOiri+axgumHkemhjeOBq+OBpOOBhOOBpuOBr+OAgeOBlOazqOaWh+eiuuiqjeW+jOOBq+OBiumAgeOCiuOBmeOCi+ODoeODvOODq+OCkuOBlOeiuuiqjemhmOOBhOOBvuOBmeOAgjxicj7jgb7jgZ/jgIHntKDmnZDjgavjgojjgorntI3mnJ/jgYznlbDjgarjgorjgb7jgZnjga7jgafjgZTms6jmhI/jgY/jgaDjgZXjgYTjgIIgPC9wPjwvZGl2PgogIAogPGJyPjxicj4KIAogIDwhLS3ilrzilrzilrzjg6rjg7PjgrDjgrXjgqTjgrrilrzilrzilrwtLT4gCiAgCiAgPGltZyBzcmM9Imh0dHA6Ly9pbWFnZS5yYWt1dGVuLmNvLmpwL3ZpZWFuZ2UvY2FiaW5ldC9sb3ZlcnNfYW5kX3JpbmcvbG92ZXJzcmluZ19pbWFnZS9scl90aXRsZV9zaXplNC5qcGciIHdpZHRoPSI2NjAiIGhlaWdodD0iODk3IuOAgGFsdD0i44Oq44Oz44Kw44K144Kk44K6IiBjbGFzcz0iaW1nMTAiIC8+CiAKIAogCiAgPCEtLeKWvOKWvOKWvOWIu+WNsOOCteODvOODk+OCueKWvOKWvOKWvC0tPiAKICAKICA8aW1nIHNyYz0iaHR0cDovL2ltYWdlLnJha3V0ZW4uY28uanAvdmllYW5nZS9jYWJpbmV0L2xvdmVyc19hbmRfcmluZy9sb3ZlcnNyaW5nX2ltYWdlL2xyX3RpdGxlX2tva3Vpbi5qcGciIHdpZHRoPSI2NjAiIGhlaWdodD0iNTgi44CAYWx0PSLliLvljbDjgrXjg7zjg5PjgrkiIGNsYXNzPSJpbWcxMCIgLz4KICAKIDxwIGNsYXNzPSJpbWcyMCI+44GU5biM5pyb44Gu5pa544Gr44Gv44CB44Oq44Oz44Kw44Gu5YaF5YG044Gr44Oh44OD44K744O844K444KE44GK5ZCN5YmN44Gq44Gp44KS54Sh5paZ44Gn5Yi75Y2wKOaWh+Wtl+WFpeOCjCnjgZXjgZvjgabjgYTjgZ/jgaDjgY3jgb7jgZnjgII8L3A+CiAgICAKICAgIDxkaXYgY2xhc3M9ImNsZWFyZml4IGdvb2RzXzEzMDVfMDUiPgogICAgICAgPGRpdj4KICAgICAgICAgPHAgY2xhc3M9ImltZzI1Ij7il4bmm7jkvZPjga/jg5bjg63jg4Pjgq/kvZPjgYvnrYboqJjkvZPjga7jgYTjgZrjgozjgYvjgpLjgYrpgbjjgbPjgYTjgZ/jgaDjgZHjgb7jgZnjgII8L3A+CiAgICAgICAgIOKXhuS9teOBm+OBpuaYn+W6p+ODnuODvOOCr+ODu+S4gOmDqOOBrue1teaWh+Wtl+OBjOWIu+WNsOWPr+iDveOBp+OBmeOAguS9v+eUqOWPr+iDveOBquiomOWPt+ODu+e1teaWh+Wtl+OBq+mWouOBl+OBvuOBl+OBpuOBr+OAgeS4i+iomOOBq+aOsuekuuOBleOCjOOBpuOBhOOBvuOBmeabuOS9k+imi+acrOOCkuOBlOWPgueFp+mhmOOBhOOBvuOBmeOAggogICAgICA8L2Rpdj4KICAgICAgIDxpbWcgc3JjPSJodHRwOi8vaW1hZ2UucmFrdXRlbi5jby5qcC92aWVhbmdlL2NhYmluZXQvcGFydHMvbHNyMDY1MF81MmEuanBnIiAvPiAgPC9kaXY+CiAgICAKICAgIDxpbWcgc3JjPSJodHRwOi8vaW1hZ2UucmFrdXRlbi5jby5qcC92aWVhbmdlL2NhYmluZXQvcGFydHMvbHNyMDY1MF81NC5qcGciIGNsYXNzPSJpbWcwNSIgLz4KICAgIAogIDxwIHN0eWxlPSJmb250LXNpemU6IDE0cHg7IiBjbGFzcz0iaW1nMjAiPuKAu+OBk+OBoeOCieOBruWVhuWTgeOBq+WFpeOCjOOCieOCjOOCi+WIu+WNsOaWh+Wtl+aVsDxzcGFuIHN0eWxlPSJjb2xvcjogI0ZGMDA2NiI+MzDmloflrZfjgb7jgac8L3NwYW4+44Gn44GZ44CCPC9wPgogIDxwIGNsYXNzPSJpbWcxMCI+44GT44Gu5ZWG5ZOB44Gv44CB44Ki44Or44OV44Kh44OZ44OD44OI5aSn5paH5a2X44O76Iux5pWw5a2X5ZCI44KP44Gb44GmPHNwYW4gc3R5bGU9ImNvbG9yOiAjRkYwMDY2Ij4zMOaWh+Wtl+OBvuOBp+WIu+WNsOWPr+iDve+8iOS4gOaWh+Wtl+e0hDAuOe+9je+9jeWkp++8iTwvc3Bhbj7jgafjgZnjgILoqJjlj7fjgIHjgrnjg5rjg7zjgrnjgIHjg57jg7zjgq/jgarjganjgoLvvJHmloflrZfliIbjgajjgZfjgabjgqvjgqbjg7Pjg4jjgZXjgozjgb7jgZnjgILjg57jg7zjgq/jg7vntbXmloflrZfjgpLjgZToqJjlhaXjga7loLTlkIjjga/jgIHmm7jkvZPopovmnKzjgavoqJjovInjgZXjgozjgabjgYTjgovjg57jg7zjgq/jga7kuLjnlarlj7fjgpLliLvljbDkvY3nva7jgavjgZToqJjlhaXpoZjjgYTjgb7jgZnjgII8L3A+CiAgCiAgPGJyPjxicj4KIAogPGRpdiBjbGFzcz0iZ29vZHNfMTMwNV8wNiI+CiAgPHA+44OX44Or44OA44Km44Oz44Oh44OL44Ol44O844GL44KJ44GU5biM5pyb44Gu5pu45L2T44KS44GK6YG444Gz44GP44Gg44GV44GE44CC5rOo5paH55S76Z2i44Gu44CM5Yi75Y2w5a++6LGh5ZWG5ZOB44KS44GU5rOo5paH44Gu5pa544GvCuOBk+OBoeOCieOBq+OBlOiomOWFpeOBj+OBoOOBleOBhOOAjeashOOBq+WIu+WNsOWGheWuueOCkuOBlOiomOWFpeOBj+OBoOOBleOBhOOAguWVhuWTgeOCkjLlgIvku6XkuIrjgYrosrfjgYTkuIrjgZLjga7loLTlkIjjga/jgIEK5Yi75Y2w5a++6LGh5ZWG5ZOB44GM5YiG44GL44KL44KI44GG44GU5L216KiY44GK6aGY44GE6Ie044GX44G+44GZ44CCCuS+i+OAjOODrOODh+OCo+ODvOOCue+8muKXi+KXi+KXi+KXi+OAjeOAjOODoeODs+OCuu+8muKXi+KXi+KXi+KXi+OAjeOBquOBqTwvcD48L2Rpdj4KCjxicj48YnI+CgogPCEtLeKWvOKWvOKWvOijj+efs+KWvOKWvOKWvC0tPiAKICAKICA8aW1nIHNyYz0iaHR0cDovL2ltYWdlLnJha3V0ZW4uY28uanAvdmllYW5nZS9jYWJpbmV0L2xvdmVyc19hbmRfcmluZy9sb3ZlcnNyaW5nX2ltYWdlL2xyX3RpdGxlX3N0b25lLmpwZyIgd2lkdGg9IjY2MCIgaGVpZ2h0PSIxNDUi44CAYWx0PSLoqpXnlJ/nn7MiIGNsYXNzPSJpbWcxMCIgLz4KIAogIDxwIGNsYXNzPSJpbWcxNSI+44Oq44Oz44Kw44Gu5YaF5YG044Gr44CB44GU6Ieq6Lqr44KE5aSn5YiH44Gq5pa544Gu6KqV55Sf55+z44KS44GK5YWl44KM44GZ44KL44GT44Go44GM44Gn44GN44G+44GZ44CCPGJyIC8+CiAg5Yi75Y2w44Oh44OD44K744O844K444Go57WE44G/5ZCI44KP44Gb44KL44GT44Go44Gr44KI44KK44CB44GK5LqM5Lq644Gu5oOz44GE44KE44Ki44Kk44OH44Oz44OG44Kj44OG44Kj44KS44KI44KK6Imy6a6u44KE44GL44Gr5ryU5Ye644GZ44KL44GT44Go44GM5Y+v6IO944Gn44GZ44CCPC9wPgogIAogIDxpbWcgc3JjPSJodHRwOi8vaW1hZ2UucmFrdXRlbi5jby5qcC92aWVhbmdlL2NhYmluZXQvcGFydHMvbHNyMDY1MF80Ni5qcGciIGNsYXNzPSJpbWcyNSIgLz4KCiA8ZGl2IGNsYXNzPSJnb29kc18xMzA1XzA2Ij4KICA8cD7jgZTms6jmlofnorroqo3lvozjgIHllYblk4Hku6Pph5Hjgavov73liqDmlpnph5HjgpLliqDnrpfjgZfjgabjgZToq4vmsYLph5HpoY3jgpLlpInmm7TjgZXjgZvjgabjgYTjgZ/jgaDjgY3jgb7jgZnjgIIK5Yqg566X5b6M44Gu44GU6KuL5rGC6YeR6aGN44Gr44Gk44GE44Gm44Gv44CB44GU5rOo5paH56K66KqN5b6M44Gr44GK6YCB44KK44GZ44KL44Oh44O844Or44KS44GU56K66KqN6aGY44GE44G+44GZ44CCPGJyPuOBvuOBn+OAgee0oOadkOOBq+OCiOOCiue0jeacn+OBjOeVsOOBquOCiuOBvuOBmeOBruOBp+OBlOazqOaEj+OBj+OBoOOBleOBhOOAgiA8L3A+PC9kaXY+CuOAgAoKICA8IS0t4pa84pa84pa844Op44OD44OU44Oz44Kw44O744Oh44OD44K744O844K444Kr44O844OJ4pa84pa84pa8LS0+ICAgCiAgCiAgPGltZyBzcmM9Imh0dHA6Ly9pbWFnZS5yYWt1dGVuLmNvLmpwL3ZpZWFuZ2UvY2FiaW5ldC93cmFwcGluZy93cmFwcGluZ190aXRsZS5qcGciIGFsdD0i44Op44OD44OU44Oz44KwIj4KCjxicj48YnI+PGJyPgoKPHRhYmxlIGJvcmRlcj0iMCIgd2lkdGg9IjY2MHB4Ij4KPHRyPgo8dGQ+CjxpbWcgc3JjPSJodHRwOi8vaW1hZ2UucmFrdXRlbi5jby5qcC92aWVhbmdlL2NhYmluZXQvd3JhcHBpbmcvbHJfd3JhcF8wMV8xLmpwZyIgYWx0PSJMb3ZlcnMmUmluZ+OAgOmAmuW4uOODqeODg+ODlOODs+OCsCI+CjwvdGQ+Cjx0ZD4KPGltZyBzcmM9Imh0dHA6Ly9pbWFnZS5yYWt1dGVuLmNvLmpwL3ZpZWFuZ2UvY2FiaW5ldC93cmFwcGluZy9scl93cmFwXzAyLmpwZyIgYWx0PSJMb3ZlcnMmUmluZ+OAgOOCqOOCs+ODqeODg+ODlOODs+OCsCI+CjwvdGQ+Cjx0ZD4KPGEgIGhyZWY9Imh0dHA6Ly9pdGVtLnJha3V0ZW4uY28uanAvdmllYW5nZS9jLzAwMDAwMDA3ODIvIj48aW1nIHNyYz0iaHR0cDovL2ltYWdlLnJha3V0ZW4uY28uanAvdmllYW5nZS9jYWJpbmV0L3dyYXBwaW5nL2xyX3dyYXBfMDMuanBnIiBhbHQ9IkxvdmVycyZSaW5n44CA44K544Oa44K344Oj44Or44Op44OD44OU44Oz44KwIj48L2E+CjwvdGQ+CjwvdHI+CjwvdGFibGU+CjxpbWcgc3JjPSJodHRwOi8vaW1hZ2UucmFrdXRlbi5jby5qcC92aWVhbmdlL2NhYmluZXQvd3JhcHBpbmcva2lraW4uanBnIiBhbHQ9IuWkqeS9v+OBruWNteWfuumHkSI+CiAgCiAgPGEgIGhyZWY9Imh0dHA6Ly9pdGVtLnJha3V0ZW4uY28uanAvdmllYW5nZS9jLzAwMDAwMDA3OTEvIj4KPGltZyBzcmM9Imh0dHA6Ly9pbWFnZS5yYWt1dGVuLmNvLmpwL3ZpZWFuZ2UvY2FiaW5ldC93cmFwcGluZy9sc19jYXJkLmpwZyIgYWx0PSLjg6Hjg4Pjgrvjg7zjgrjjgqvjg7zjg4kiPjwvYT4KCgogPCEtLeKWvOKWvOKWvOODmuOCouODu+WNmOWTgeODquODs+OCr+KWvOKWvOKWvC0tPiAgIAogCiAgPGltZyBzcmM9Imh0dHA6Ly9pbWFnZS5yYWt1dGVuLmNvLmpwL3ZpZWFuZ2UvY2FiaW5ldC9sb3ZlcnNfYW5kX3JpbmcvbG92ZXJzcmluZ19pbWFnZS9scl9saW5rX21lbnMuanBnIiB3aWR0aD0iNjYwIiBoZWlnaHQ9IjU4IiBjbGFzcz0iaW1nMTAiIC8+CiAgCiAgCiA8ZGl2IGNsYXNzPSJsaW5rX3BhaXJfbWVucyI+CiAgICAgPGRpdiBjbGFzcz0idGFucGluX2xlZnQiPjxhIGhyZWY9Imh0dHA6Ly9pdGVtLnJha3V0ZW4uY28uanAvdmllYW5nZS9sc3IwNjUxcGstd2cvIj48aW1nIHNyYz0iaHR0cDovL2ltYWdlLnJha3V0ZW4uY28uanAvdmllYW5nZS9jYWJpbmV0L2xvdmVyc19zY2VuZS9sc3IvbHNyMDY1MV9wYWlyLmpwZyIgd2lkdGg9IjIzNSIgaGVpZ2h0PSIyMzUiIGNsYXNzPSJpbWcyMCIgLz48L2E+CiAgICA8L2Rpdj4KICAgIDxkaXYgY2xhc3M9InRhbnBpbl9yaWdodCI+PGEgaHJlZj0iaHR0cDovL2l0ZW0ucmFrdXRlbi5jby5qcC92aWVhbmdlL2xzcjA2NTF3Zy8iPjxpbWcgc3JjPSJodHRwOi8vaW1hZ2UucmFrdXRlbi5jby5qcC92aWVhbmdlL2NhYmluZXQvbG92ZXJzX3NjZW5lL2xzci9sc3IwNjUxXzMyLmpwZyIgd2lkdGg9IjIzNSIgaGVpZ2h0PSIyMzUiIGNsYXNzPSJpbWcyMCIgLz48L2E+CiAgICA8L2Rpdj4KICA8L2Rpdj4KCgoKPGEgaHJlZj0iaHR0cDovL2l0ZW0ucmFrdXRlbi5jby5qcC92aWVhbmdlL2MvMDAwMDAwMDY2Ni8iPjxpbWcgc3JjPSJodHRwOi8vaW1hZ2UucmFrdXRlbi5jby5qcC92aWVhbmdlL2NhYmluZXQvaW1hZ2UvbW9yZV9wYWlycmluZzIuanBnIiB3aWR0aD0iNjYwIiBoZWlnaHQ9IjEyMCIgYm9yZGVyPSIwIj48L2E+PGJyPjxicj4KICAKICAKICAKICA8aW1nIHNyYz0iaHR0cDovL2ltYWdlLnJha3V0ZW4uY28uanAvdmllYW5nZS9jYWJpbmV0L3BhcnRzL2xzcjA2NTBfNjguZ2lmIiBjbGFzcz0iaW1nMzAiIC8+CgoKPC9kaXY+PC9kaXY+PHRhYmxlIHdpZHRoPSIzOTAiIGJvcmRlcj0iMCI+CiAgPHRyPgogICAgPHRkIHdpZHRoPSI4OSI+Jm5ic3A7PC90ZD4KICAgIDx0ZCB3aWR0aD0iMjkxIj4mbmJzcDs8L3RkPgogIDwvdHI+CiAgPHRyPgogICAgPHRkPjxmb250IGNvbG9yPSM2OTY5Njkgc2l6ZT0iMiI+4pag44CA57Sg5p2Q44CA4pagPC9mb250PjwvdGQ+CiAgICA8dGQ+Jm5ic3A7PC90ZD4KICA8L3RyPgo8L3RhYmxlPgo8dGFibGUgd2lkdGg9IjM5MCIgYm9yZGVyPSIwIj4KICA8dHI+CiAgICA8dGQgd2lkdGg9Ijg5Ij48ZGl2IGFsaWduPSJyaWdodCI+PGZvbnQgY29sb3I9IiM2OTY5NjkiIHNpemU9IjIiPuODrOODh+OCo+ODvOOCue+8mjwvZm9udD48L2Rpdj48L3RkPgogICAgPHRkIHdpZHRoPSIyOTEiPjxmb250IGNvbG9yPSM2OTY5Njkgc2l6ZT0iMiI+SzEwKOODlOODs+OCr+OCtOODvOODq+ODiSk8L2ZvbnQ+PC90ZD4KICA8L3RyPgogIDx0cj4KICAgIDx0ZD4mbmJzcDs8L3RkPgogICAgPHRkPiZuYnNwOzwvdGQ+CiAgPC90cj4KPC90YWJsZT4KPHRhYmxlIHdpZHRoPSIzOTAiIGJvcmRlcj0iMCI+CiAgPHRyPgogICAgPHRkPjxmb250IGNvbG9yPSM2OTY5Njkgc2l6ZT0iMiI+4pagIOWkp+OBjeOBlShtbSkg4pagPC9mb250PjwvdGQ+CiAgPC90cj4KPC90YWJsZT4KPHRhYmxlIHdpZHRoPSIzOTAiIGJvcmRlcj0iMCI+CiAgPHRyPgogICAgPHRkIHdpZHRoPSI4OSI+Jm5ic3A7PC90ZD4KICAgIDx0ZCB3aWR0aD0iMjkxIj48Zm9udCBjb2xvcj0jNjk2OTY5IHNpemU9IjIiPuW5hee0hDIuM8OX5Y6a44G/57SEMS4zPC9mb250PjwvdGQ+CiAgPC90cj4KICA8dHI+CiAgICA8dGQ+Jm5ic3A7PC90ZD4KICAgIDx0ZD4mbmJzcDs8L3RkPgogIDwvdHI+CjwvdGFibGU+Cjx0YWJsZSB3aWR0aD0iMzkwIiBib3JkZXI9IjAiPgogIDx0cj4KICAgIDx0ZCB3aWR0aD0iMzkwIj48Zm9udCBjb2xvcj0jNjk2OTY5IHNpemU9IjIiPuKWoOOAgOmHjemHj+OAgOKWoDwvZm9udD48L3RkPgogICAgPHRkIHdpZHRoPSIyOTEiPiZuYnNwOzwvdGQ+CiAgPC90cj4KPC90YWJsZT4KPHRhYmxlIHdpZHRoPSIzOTAiIGJvcmRlcj0iMCI+CiAgPHRyPgogICAgPHRkIHdpZHRoPSI4OSI+Jm5ic3A7PC90ZD4KICAgIDx0ZCB3aWR0aD0iMjkxIj48Zm9udCBjb2xvcj0jNjk2OTY5IHNpemU9IjIiPue0hDIuMGc8L2ZvbnQ+PC90ZD4KICA8L3RyPgogIDx0cj4KICAgIDx0ZD4mbmJzcDs8L3RkPgogICAgPHRkPjxmb250IGNvbG9yPSIjMDA5OUZGIiBzaXplPSIxIj7igLvlpKfjgY3jgZXjg7vph43jgZXjgavjga/lpJrlsJHjga7lgIvkvZPlt67jgYznlJ/jgZjjgb7jgZk8L2ZvbnQ+PC90ZD4KICA8L3RyPgo8L3RhYmxlPgo8dGFibGUgd2lkdGg9IjM5MCIgYm9yZGVyPSIwIj4KICA8dHI+CiAgICA8dGQgd2lkdGg9IjM5MCIgaGVpZ2h0PSIxNSI+PGZvbnQgY29sb3I9IzY5Njk2OSBzaXplPSIyIj7ilqDopo/lrprjgrXjgqTjgrrilqA8L2ZvbnQ+PC90ZD4KICAgIDx0ZCB3aWR0aD0iMjkyIj4mbmJzcDs8L3RkPgogIDwvdHI+CjwvdGFibGU+Cjx0YWJsZSB3aWR0aD0iMzkwIiBib3JkZXI9IjAiPgogIDx0cj4KICAgIDx0ZCB3aWR0aD0iODkiIGhlaWdodD0iNTEiPiZuYnNwOzwvdGQ+CiAgICA8dGQgd2lkdGg9IjI5MSI+PGZvbnQgY29sb3I9IzY5Njk2OSBzaXplPSIyIj415Y+344GL44KJMjPlj7fjgb7jgac8YnI+CuKAuzI05Y+35Lul5LiK44Gu44K144Kk44K644Gv5Yil6YCU5paZ6YeR44GM55m655Sf44GE44Gf44GX44G+44GZ44CC44G+44Gf44CB57SN5pyf44GMMemAsemWk+OBu+OBqemVt+OBj+OBquOCiuOBvuOBmeOAgjxicj4KPGJyPgrigLs05Y+35Lul5LiL44Gu44K144Kk44K644Gu5aC05ZCI44CB6L+95Yqg5paZ6YeR44Gv55m655Sf44GE44Gf44GX44G+44Gb44KT44GM44CBPGZvbnQgY29sb3I9IiMwMDk5RkYiPue0jeacn+OBjDHpgLHplpPvvIg35Za25qWt5pel77yJ44G744Gp5Yqg566X44GV44KM44G+44GZPC9mb250PuOAgjxicj48YnI+CuKXhuimj+WumuWkluOCteOCpOOCuuOBruOCquODvOODgOODvOaWueazleKXhjxicj4KPGJyPgrjgrXjgqTjgrrjga7jg5fjg6vjg4Djgqbjg7Pjg6Hjg4vjg6Xjg7zjgojjgorvvJzkuIroqJjku6XlpJbvvJ7jgpLjgZTpgbjmip7kuIvjgZXjgYTjgILms6jmlofnlLvpnaLjga7pgJrkv6HmrITjgavjgZTluIzmnJvjga7jgrXjgqTjgrrjgpLjgZTmmI7oqJjjgY/jgaDjgZXjgYTjgILlvZPmlrnjgavjgablt67poY3jgpLnrpflh7rjga7jgYbjgYjjgIHjgYrlrqLmp5jjgavjgZTpgKPntaHjgYTjgZ/jgZfjgb7jgZnjgILjgYrlrqLmp5jjga7jgZTkuobmib/jgpLjgYTjgZ/jgaDjgYTjgZ/mmYLngrnjgafjgIHlvZPmlrnjgavjgabov73liqDmlpnph5HjgpLliqDnrpfjgZfjgabjgIHjgZToq4vmsYLnt4/poY3jgpLlpInmm7TjgZXjgZvjgabjgYTjgZ/jgaDjgY3jgb7jgZnjgIIKPC9mb250PjwvdGQ+CiAgPC90cj4KICA8dHI+CiAgICA8dGQ+Jm5ic3A7PC90ZD4KICAgIDx0ZD4mbmJzcDs8L3RkPgogIDwvdHI+CjwvdGFibGU+PCEtLeKWvOKWvCDlt6bluK/jg6rjg7Pjgq/jgYLjgoog4pa84pa8LS0+Cgo8ZGl2IGlkPSJoaWRhcmktb2JpIj4KCjxzdHlsZT4KI2hpZGFyaS1vYmkgewpwb3NpdGlvbjogYWJzb2x1dGU7CnRvcDowcHg7CmxlZnQ6MTBweDsKYmFja2dyb3VuZDogdXJsKCJodHRwczovL2ltYWdlLnJha3V0ZW4uY28uanAvdmllYW5nZS9jYWJpbmV0L2NhbXBhaWduL3NjYm5yXzA1MTUuanBnIikgcmVwZWF0LXkgbGVmdCB0b3AgOwp9CiNoaWRhcmktb2JpIGEgewpkaXNwbGF5OiBibG9jazsKaGVpZ2h0OjkzMDBweDsvKuODmuODvOOCuOWFqOS9k+OBrumrmOOBlSovCndpZHRoOiAxNDBweDsvKuW4r+OBruW5hSovCn0KPC9zdHlsZT4KCjwvZGl2PgoKCgo8IS0t4pa84pa8IOW3puW4r+ODquODs+OCr+OBquOBlyDilrzilrwtLT4KCgoKCjwhLS3ilrzilrwg5bem5biv44Oq44Oz44Kv44Gq44GXIOKWvOKWvC0tPgoKPCEtLQo8c3R5bGUgdHlwZT0idGV4dC9jc3MiPgpib2R5ewpiYWNrZ3JvdW5kLWltYWdlOiB1cmwoImh0dHA6Ly9pbWFnZS5yYWt1dGVuLmNvLmpwL3ZpZWFuZ2UvY2FiaW5ldC9jYW1wYWlnbi9ibnJfMTAxMi5qcGciKTsKYmFja2dyb3VuZC1yZXBlYXQ6IHJlcGVhdC15OwpiYWNrZ3JvdW5kLWF0dGFjaG1lbnQ6IHNjcm9sbDsKYmFja2dyb3VuZC1wb3NpdGlvbjpsZWZ0Cn0KPC9zdHlsZT4KLS0+CgoKCgo8c3R5bGUgdHlwZT0idGV4dC9jc3MiPgoKLyog44GK5rCX44Gr5YWl44KK5ZWG5ZOBICovCgojcmFrdXRlbkxpbWl0ZWRJZF9hcm91bmRDYXJ0ICNzZXJ2aWNlVGFibGVTbWwgdGQuZmF2b3JpdGUgewoKcGFkZGluZy10b3A6IDVweDsKCn0KCiNyYWt1dGVuTGltaXRlZElkX2Fyb3VuZENhcnQgZGl2LmJvb2ttYXJrQXJlYSBkaXYuYmttIHsKCndpZHRoOiAyOTFweCAhaW1wb3J0YW50OwoKaGVpZ2h0OjMzcHggIWltcG9ydGFudDsKCnBhZGRpbmc6IDBweCAwcHggMTBweCAwcHggIWltcG9ydGFudDsKCn0KCiNyYWt1dGVuTGltaXRlZElkX2Fyb3VuZENhcnQgZGl2LmJvb2ttYXJrQXJlYSBkaXYuYmttIGEuYWRkQmttIHsKCndpZHRoOiAyOTFweCAhaW1wb3J0YW50OwoKaGVpZ2h0OjMzcHggIWltcG9ydGFudDsKCn0KCiNyYWt1dGVuTGltaXRlZElkX2Fyb3VuZENhcnQgZGl2LmJvb2ttYXJrQXJlYSBkaXYuYmttIGEuYWRkQmttIHNwYW4uYmttU3RhciB7CgpkaXNwbGF5OiBpbmxpbmUtYmxvY2sgIWltcG9ydGFudDsKCndpZHRoOiAyOTFweCAhaW1wb3J0YW50OwoKaGVpZ2h0OjMzcHggIWltcG9ydGFudDsKCm1hcmdpbjowcHggMHB4IDEwcHggMHB4ICFpbXBvcnRhbnQ7CgpiYWNrZ3JvdW5kOiB1cmwoImh0dHA6Ly9pbWFnZS5yYWt1dGVuLmNvLmpwL3ZpZWFuZ2UvY2FiaW5ldC9ibnJfZmF2aXRlbS5qcGciKSBuby1yZXBlYXQgIWltcG9ydGFudDsKCn0KCiAKCi8qIOOBiuawl+OBq+WFpeOCiuOCt+ODp+ODg+ODlyAqLwoKZGl2LmJvb2ttYXJrQXJlYSB7Cgp3aWR0aDogMjkxcHggIWltcG9ydGFudDsKCn0KCiNyYWt1dGVuTGltaXRlZElkX2Fyb3VuZENhcnQgZGl2LnNob3BCb29rbWFya0FyZWEgZGl2LnNob3BCa20gewoKd2lkdGg6IDI5MXB4ICFpbXBvcnRhbnQ7CgpoZWlnaHQ6MzNweCAhaW1wb3J0YW50OwoKcGFkZGluZzogMHB4IDBweCAhaW1wb3J0YW50OwoKcGFkZGluZy1sZWZ0OiAwcHggIWltcG9ydGFudDsKCn0KCiNyYWt1dGVuTGltaXRlZElkX2Fyb3VuZENhcnQgZGl2LnNob3BCb29rbWFya0FyZWEgZGl2LnNob3BCa20gYS5hZGRTaG9wQmttIHNwYW4uc2hvcEJrbVN0YXIgewoKZGlzcGxheTogaW5saW5lLWJsb2NrICFpbXBvcnRhbnQ7Cgp3aWR0aDogMjkxcHggIWltcG9ydGFudDsKCmhlaWdodDozM3B4ICFpbXBvcnRhbnQ7CgptYXJnaW4tcmlnaHQ6IDBweCAhaW1wb3J0YW50OwoKYmFja2dyb3VuZDogdXJsKCJodHRwOi8vaW1hZ2UucmFrdXRlbi5jby5qcC92aWVhbmdlL2NhYmluZXQvYm5yX2ZhdnNob3AuanBnIikgbm8tcmVwZWF0ICFpbXBvcnRhbnQ7Cgp9Cjwvc3R5bGU+CgoKCgo8ZGl2IGlkPSJwcmVzZW50X2Jhc2UiIGNsYXNzPSJjbGVhcmZpeCI+CiAgIDxkaXYgY2xhc3M9InByZXNlbnRfaW1nIj48aW1nIHNyYz0iaHR0cDovL2ltYWdlLnJha3V0ZW4uY28uanAvdmllYW5nZS9jYWJpbmV0L3RtZy9mb290X3ByZTAxLmdpZiIgYWx0PSLlpKfliIfjgarjgYLjga7kurrjgavntKDmlbXjgarjg5fjg6zjgrzjg7Pjg4giIHdpZHRoPSIxOTkiIGhlaWdodD0iMjk1IiAvPjwvZGl2PgogICA8ZGl2IGNsYXNzPSJwcmVzZW50X3R4dCI+PHA+5b2T5bqX44Gv44CB5Lq65rCX44Ki44Kv44K744K144Oq44O844OW44Op44Oz44OJ44CM5aSp5L2/44Gu5Y2144CN44KE44CM5pyq5p2l5aSp5L2/44CN44KS44Gv44GY44KB44CB6KqV55Sf55+z44Gu44Oa44Oz44OA44Oz44OI44KE44Oq44Oz44Kw44Gq44Gp44CB44OX44Os44K844Oz44OI44Gr44OU44OD44K/44Oq44Gq44Ki44Kv44K744K144Oq44O844KS5Y+W5omx44GG6YCa6LKp44K344On44OD44OX44Gn44GZ44CCPC9wPjxiciAvPgrjgIzlhKrjgZfjgYTlhYnjgavjgaTjgaTjgb7jgozjgovmsLjpgaDjga7lkb3jgI3jgpLooajnj77jgZfjgZ/jgrPjg7Pjgrvjg5fjg4jjgrjjg6Xjgqjjg6rjg7zjgIzmnKrmnaXlpKnkvb/jgI3jga/mnKrmnaXjgavlkJHjgZHjgabovJ3jgZHjgovlkb3jga7jgZnjgbDjgonjgZfjgZXjgpLlpJrlvanjgarjg4bjg7zjg57jg7vjg4fjgrbjgqTjg7Pjgafooajnj77jgZfjgabjgYTjgb7jgZnjgII8YnIgLz4K44Gd44KT44Gq5pyq5p2l5aSp5L2/44GL44KJ44Gu44OX44Os44K844Oz44OI44Go44GE44GG44Kz44Oz44K744OX44OI44Gn5L2c44KJ44KM44Gf44CM5aSp5L2/44Gu5Y2144CN44Gv44CB44CM6KqV55Sf44Gu5Zac44Gz44CN44KE44CM55Sf44GN44KL44GT44Go44Gu5oSf5YuV44Go6LOe6LOb44CN44KS44OG44O844Oe44Go44GX44Gm5Ym144KJ44KM44CB5Y2144Go576944Gu44OQ44Op44Oz44K544Gu6Imv44GE44KE44GV44GX44GE44OH44K244Kk44Oz44GM5oSb44GV44KM44Gm44GE44KL44Ot44Oz44Kw44K744Op44O844Gu5Lq65rCX44Ki44Kv44K744K144Oq44O844Gn44GZ44CC5piv6Z2e44CB5aSn5YiH44Gq5Lq644G444Gu44OX44Os44K844Oz44OI562J44Gr44KC44GU5rS755So5LiL44GV44GE77yBPC9kaXY+CjwvZGl2PgoKCgoKCjwhLS3ilrzilrzilrzjg6zjg5Pjg6Xjg7zjg7vms6jmlofnirbms4HilrzilrzilrwtLT4gICAKCiAgICAgICAgICAgIDxoMj48aW1nIHNyYz0iaHR0cDovL3d3dy5yYWt1dGVuLm5lLmpwL2dvbGQvdmllYW5nZS9pbWcvdGl0bGVfMDYuanBnIiBhbHQ9IuODrOODk+ODpeODvCIgd2lkdGg9IjY4OCIgaGVpZ2h0PSI3MCIgLz48L2gyPgogICAgICAgICAgICA8YnI+PGJyPgogIAoJICA8YnI+IDxicj4gPGJyPiAKICAgICAgICAgICAgICAgICAgPGgyPjxpbWcgc3JjPSJodHRwOi8vd3d3LnJha3V0ZW4ubmUuanAvZ29sZC92aWVhbmdlL2ltZy90aXRsZV8wNy5qcGciIGFsdD0i5rOo5paH54q25rOBIiB3aWR0aD0iNjg4IiBoZWlnaHQ9IjcwIiAvPjwvaDI+CiAgICAgICAgICAgICAgICAgICAgICAgICAgICAgIDxicj4gPGJyPiAKPGJyPiA8YnI+IDxicj4=,44CQ5Yi75Y2w54Sh5paZ44CR4peGTG92ZXJzICZhbXA7IFJpbmcg44Op44OQ44O844K644Oq44Oz44Kw4peGSzEw44OU44Oz44Kv44K044O844Or44OJ44Oq44Oz44KwKOODrOODh+OCo+ODvOOCuSnjgJBMU1IwNjUxUEvjgJHjgJBLMTAg44OU44Oz44Kv44K044O844Or44OJIOODquODs+OCsCDjg5rjgqLjg6rjg7PjgrAg44Oa44KiIOaMh+i8qiDjg6njg5bjg6rjg7PjgrAg55Sy5Li444Oq44Oz44KwIOODl+ODrOOCvOODs+ODiCDjgqLjgq/jgrvjgrXjg6rjg7wg44K444Ol44Ko44Oq44O8IOOCruODleODiCDjgYvjgo/jgYTjgYQg5Yi75Y2w5Y+v6IO944CRICDmr43jga7ml6Ug44K344Oz44OX44Or77ya5aSp5L2/44Gu5Y21IHdpdGggTE9WRVJTIFNDRU5F,5aSp5L2/44Gu5Y215pyq5p2l5aSp5L2/44K544Oa44O844K544Kv44Oq44Ko44O844K/44O844K444Ol44Ko44Oq44O844K344Or44OQ44O844Ki44Kv44K744K144Oq44O844OU44Oz44Kv44K344Or44OQ44O844ON44OD44Kv44Os44K555u05Za25bqX44Kv44Oq44K544Oe44K56ZmQ5a6a44Oa44Oz44OA44Oz44OI5oyH6Lyq44OU44Ki44K544OX44Os44K844Oz44OI44OZ44OT44O844K544OX44O844Oz44Os44OH44Kj44O844K544Op44OQ44O844K644K344O844Oz57WQ5ama5oyH6Lyq44Oa44Ki44Oq44Oz44Kw6KqV55Sf55+z44CQ5Yi75Y2w54Sh5paZ44CR4peGTG92ZXJzICZhbXA7IFJpbmcg44Op44OQ44O844K644Oq44Oz44Kw4peGSzEw44OU44Oz44Kv44K044O844Or44OJ44Oq44Oz44KwKOODrOODh+OCo+ODvOOCuSnjgJBMU1IwNjUxUEvjgJHjgJBLMTAg44OU44Oz44Kv44K044O844Or44OJIOODquODs+OCsCDjg5rjgqLjg6rjg7PjgrAg44Oa44KiIOaMh+i8qiDjg6njg5bjg6rjg7PjgrAg55Sy5Li444Oq44Oz44KwIOODl+ODrOOCvOODs+ODiCDjgqLjgq/jgrvjgrXjg6rjg7wg44K444Ol44Ko44Oq44O8IOOCruODleODiCDjgYvjgo/jgYTjgYQg5Yi75Y2w5Y+v6IO944CRICDmr43jga7ml6Ug44K344Oz44OX44Or,44K344Oz44OX44Or44Gq44OH44K244Kk44Oz44Gn5Lq65rCX44Gu55Sy5Li444Oq44Oz44KwIOmAgeaWmeeEoeaWmeOAguOAkOWIu+WNsOeEoeaWmeOAkeKXhkxvdmVycyAmYW1wOyBSaW5nIOODqeODkOODvOOCuuODquODs+OCsOKXhksxMOODlOODs+OCr+OCtOODvOODq+ODieODquODs+OCsCjjg6zjg4fjgqPjg7zjgrkp44CQTFNSMDY1MVBL44CR44CQSzEwIOODlOODs+OCr+OCtOODvOODq+ODiSDjg6rjg7PjgrAg44Oa44Ki44Oq44Oz44KwIOODmuOCoiDmjIfovKog44Op44OW44Oq44Oz44KwIOeUsuS4uOODquODs+OCsCDjg5fjg6zjgrzjg7Pjg4gg44Ki44Kv44K744K144Oq44O8IOOCuOODpeOCqOODquODvCDjgq7jg5Xjg4gg44GL44KP44GE44GEIOWIu+WNsOWPr+iDveOAkSAg5q+N44Gu5pelIOOCt+ODs+ODl+ODqw==[rn]
39-1039,aHR0cDovL3RzaG9wLnIxMHMuanAvdmllYW5nZS9jYWJpbmV0L2xvdmVyc19hbmRfcmluZy9sc3IwNjUwZHBrLmpwZz9maXRpbj03MDA6NzAw,MjE2MDAuMDAwMA==,,44K444Ol44Ko44Oq44O844O744Ki44Kv44K744K144Oq44O8ID4g44Os44OH44Kj44O844K544K444Ol44Ko44Oq44O844O744Ki44Kv44K744K144Oq44O8ID4g5oyH6Lyq44O744Oq44Oz44Kw,44CQ5Yi75Y2w54Sh5paZ44CR4peGTG92ZXJzICYgUmluZyDjg6njg5Djg7zjgrrjg6rjg7PjgrDil4ZLMTDjg5Tjg7Pjgq/jgrTjg7zjg6vjg4njg6rjg7PjgrAo44Os44OH44Kj44O844K5KeOAkExTUjA2NTBEUEvjgJHjgJDjg5Tjg7Pjgq/jgrTjg7zjg6vjg4kg44Oq44Oz44KwIOODqeODluODquODs+OCsCDoqpXnlJ/nn7Mg44OA44Kk44Ok44Oi44Oz44OJIOODl+ODrOOCvOODs+ODiCDjgqLjgq/jgrvjgrXjg6rjg7wg44K444Ol44Ko44Oq44O8IOWkqeeEtuefsyDjg4DjgqTjg6Qg6YeN44Gt44KL44Go44OP44O844OIIOWIu+WNsOOAkSAg5q+N44Gu5pelIOOCt+ODs+ODl+ODqw==,5ZCI44KP44Gb44KL44Go44OP44O844OI44GM5rWu44GL44Gz5LiK44GM44KL44Oa44Ki44Oq44Oz44Kw,PGNlbnRlcj48YSBocmVmPSJodHRwczovL215LmJvb2ttYXJrLnJha3V0ZW4uY28uanAvP2Z1bmM9cmVnJnN2aWQ9MTAxJnNob3BfYmlkPTIwMzk0NyZpaWQ9MTAwMDExNzMmaXR5cGU9MSB0YXJnZXQ9X2JsYW5rIj48aW1nIHNyYz0iaHR0cDovL2ltYWdlLnJha3V0ZW4uY28uanAvdmllYW5nZS9jYWJpbmV0L3BfYm5yX2Zhdml0ZW0uanBnIiBib3JkZXI9IjAiIHdpZHRoPSI2NjAiIGhlaWdodD0iMTMwIj48L2E+PC9jZW50ZXI+PGJyPjxicj48aW1nIHNyYz0iaHR0cDovL2ltYWdlLnJha3V0ZW4uY28uanAvdmllYW5nZS9jYWJpbmV0L2NhbXBhaWduL2xyX3JpbmdfcGNfdG9rdXRlbi5qcGciYWx0PSJMb3ZlcnMmUmluZyDjgq3jg6Pjg7Pjg5rjg7zjg7MiPjxicj48YnI+Cgo8ZGl2IGNsYXNzPSJjYV8wMSI+Cgo8ZGl2IGlkPSJkZXRhaWxfYmFzZTIiPgoKICA8ZGl2IGNsYXNzPSJnb29kc18xMzA1XzAxIj4KICAgICAgPGRpdj48cD7kuozkurrjga7jg6rjg7PjgrDjgpLlkIjjgo/jgZvjgovjgajjgIHkuIDjgaTjga7jg4/jg7zjg4jjgYzlrozmiJDjgZfjgb7jgZnjgILjgb7jgZXjgavjgIHmgYvkurrjgZ/jgaHjga7mhJvjgpLlvaLjgavjgZfjgZ/jg6rjg7PjgrDjgafjgZnjgILjgb7jgZ/jgIHlpbPmgKfnlKjjga7jg6rjg7PjgrDjgavjga/jgIHjgIzmsLjpgaDjga7mhJvjgI3jgIHjgIzmhJvjga7ntITmnZ/jgI3jgajjgYTjgYbmhI/lkbPjgoLjgYLjgovjg4DjgqTjg6Tjg6Ljg7Pjg4njgYzln4vjgoHovrzjgb7jgozjgabjgYTjgb7jgZnjga7jgafjgIHjgIzmhJvjga7oqpPjgYTjgpLnq4vjgabjgZ/jgYTjgI3jgajjgYTjgYbmg7PjgYTjgpLovrzjgoHjgabjgIHnlLfmgKfjgYvjgonlpbPmgKfjgbjjga7otIjjgornianjgavjgoLjgbTjgaPjgZ/jgorjgafjgZnjgII8L3A+CiAgICAgIDwvZGl2PgogICAgIDxpbWcgc3JjPSJodHRwOi8vaW1hZ2UucmFrdXRlbi5jby5qcC92aWVhbmdlL2NhYmluZXQvbG92ZXJzX3NjZW5lL2xzci9sc3IwNjUwXzAzLmpwZyIgd2lkdGg9IjY2MCIgaGVpZ2h0PSIzNjAiIC8+ICA8L2Rpdj4KICAKICA8aW1nIHNyYz0iaHR0cDovL2ltYWdlLnJha3V0ZW4uY28uanAvdmllYW5nZS9jYWJpbmV0L2xvdmVyc19zY2VuZS9sc3IvbHNyMDY1MF8wNi5naWYiIHdpZHRoPSIzNDUiIGhlaWdodD0iMjciIGNsYXNzPSJpbWcxMCIgLz4KICA8cCBjbGFzcz0iaW1nMjAiPuW+k+adpeOBruODmuOCouODquODs+OCsOOBp+OCguOBquOBj+OAgeODnuODquODg+OCuOODquODs+OCsOOBp+OCguOBquOBhOOAjuaEm+OBqOWFseOBq+eUn+OBjeOCi+OAj+OBqOOBhOOBhuaWsOOBn+OBquOCs+ODs+OCu+ODl+ODiOOBp+WJteOCieOCjOOBn+aWsOOBn+OBquOCuOODo+ODs+ODq+OBruaMh+i8quOBp+OBmeOAguecn+Wun+OBruaEm+OCkumhmOOBhuaBi+S6uuOBn+OBoeOBq+i0iOOCiuOBvuOBmeKApuOAgjwvcD4KICAKICA8aWZyYW1lIHdpZHRoPSI2NjAiIHNjcm9sbGluZz0ibm8iIGhlaWdodD0iNDcwIiBmcmFtZWJvcmRlcj0iMCIgc3JjPSJodHRwOi8vd3d3LnJha3V0ZW4ubmUuanAvZ29sZC92aWVhbmdlL2dkX2lmcmFtZS9MU1IwNjUwX2luLmh0bWwiPjwvaWZyYW1lPgogIAogIDxpbWcgc3JjPSJodHRwOi8vaW1hZ2UucmFrdXRlbi5jby5qcC92aWVhbmdlL2NhYmluZXQvbG92ZXJzX3NjZW5lL2xzci9sc3IwNjUwXzEyLmdpZiIgd2lkdGg9IjQzNSIgaGVpZ2h0PSIyNSIgY2xhc3M9ImltZzIwIiAvPgogIAogPGRpdiBjbGFzcz0iY2xlYXJmaXggaW1nNDAiPgogICAgIDxkaXYgY2xhc3M9Imdvb2RzXzEzMDVfMDJfbGVmdCI+PGltZyBzcmM9Imh0dHA6Ly9pbWFnZS5yYWt1dGVuLmNvLmpwL3ZpZWFuZ2UvY2FiaW5ldC9sb3ZlcnNfc2NlbmUvbHNyL2xzcjA2NTBfMTUuanBnIiB3aWR0aD0iNDAwIiBoZWlnaHQ9IjQwMCIgY2xhc3M9ImltZzA1IiAvPgogICAgIOOBiuWlveOBjeOBquODoeODg+OCu+ODvOOCuOOCkuWFpeOCjOOAgeS6jOS6uuOBoOOBkeOBruODmuOCouODquODs+OCsOOCkuOBpOOBj+OBo+OBpuOBv+OBpuOBr+OBqeOBhuOBp+OBmeOBi++8n+WGheWBtOOBq+OBr+iqleeUn+efs+OCguWFpeOCjOOCieOCjOOBvuOBmeOCiOOAgjwvZGl2PgogIDxkaXYgY2xhc3M9Imdvb2RzXzEzMDVfMDJfcmlnaHQiPgogICAgICAgIDxwPkxvdmVycyAmYW1wOyBSaW5n44Gu5Lit44Gn44Gv44CB5Lit5b+D55qE44Gq44K344Oq44O844K644CCPGJyIC8+CiAgICAgICAgICDnqY/jgoTjgYvjgavmt7Hjgb7jgaPjgabjgobjgY/jgYrkuozkurrjga7ntYbjgYzjgIHjgZPjgozjgYvjgonjgoLntprjgY/jgZPjgajjgbjjga7npYjjgorjgpLoqJfjgZnigKbjgZ3jgpPjgarjg5rjgqLjg6rjg7PjgrDjgpLjgYrmjqLjgZfjga7jgYrkuozkurrjgavjga/jg5Tjg4Pjgr/jg6rjgII8YnIgLz4KICAgICAgICDos6rmhJ/jg7vjg4fjgrbjgqTjg7PjgajjgoLjg57jg6rjg4Pjgrjjg6rjg7PjgrDjgajjgZfjgabjgoLkvb/nlKjlj6/og73jgarjgq/jgqrjg6rjg4bjgqPjgpLnp5jjgoHjgabjgYTjgb7jgZnjgII8L3A+CiAgICAgICAgPGltZyBzcmM9Imh0dHA6Ly9pbWFnZS5yYWt1dGVuLmNvLmpwL3ZpZWFuZ2UvY2FiaW5ldC9sb3ZlcnNfc2NlbmUvbHNyL2xzcjA2NTBfMTguanBnIiBjbGFzcz0iaW1nMDUiIC8+CiAgICAgICAg5YaF5YG044Gr44GK5YWl44KM44GZ44KL44Oh44OD44K744O844K444Gv4oCc54Sh5paZ44K144O844OT44K54oCd44Gn44GZ44CC6KOP55+z44KC5a++5b+c5Y+v6IO9KOacieaWmSkgICAgIDwvZGl2PgogIDwvZGl2PgogIAogIDxpbWcgc3JjPSJodHRwOi8vaW1hZ2UucmFrdXRlbi5jby5qcC92aWVhbmdlL2NhYmluZXQvbG92ZXJzX3NjZW5lL2xzci9sc3IwNjUwXzIxLmdpZiIgY2xhc3M9ImltZzI1IiAvPgogIAogPGRpdiBjbGFzcz0iY2xlYXJmaXggaW1nNDAiPgogICAgIDxkaXYgY2xhc3M9Imdvb2RzXzEzMDVfMDNfbGVmdCI+CiAgICAgICAgPHA+44OH44K244Kk44Oz44Gr6I+v44KS5re744GI44KL5a6d55+z44CC5aWz5oCn55So44Gu44OA44Kk44Ok44Oi44Oz44OJ44Gv44CBMC4wMWN044Gu5LiK5ZOB6LOq44Gq44KC44Gu44KS5Y6z6YG444GX5L2/55So44GX44G+44GX44Gf44CCPC9wPgogICAgICAgIDxpbWcgc3JjPSJodHRwOi8vaW1hZ2UucmFrdXRlbi5jby5qcC92aWVhbmdlL2NhYmluZXQvbG92ZXJzX3NjZW5lL2xzci9sc3IwNjUwXzI2LmpwZyIgY2xhc3M9ImltZzA1IiAvPgogICAgICAgIOWkp+WIh+OBquS6uuOBqOOBruiomOW/teaXpeOChOOAgeODl+ODrOOCvOODs+ODiOOBq+acgOmBqeOBruODmuOCouODquODs+OCsCAgICAgPC9kaXY+CiAgICAgPGRpdiBjbGFzcz0iZ29vZHNfMTMwNV8wM19yaWdodCI+CiAgICAgICAgPGltZyBzcmM9Imh0dHA6Ly9pbWFnZS5yYWt1dGVuLmNvLmpwL3ZpZWFuZ2UvY2FiaW5ldC9sb3ZlcnNfc2NlbmUvbHNyL2xzcjA2NTBfMjUuanBnIiB3aWR0aD0iNDAwIiBoZWlnaHQ9IjQwMCIgY2xhc3M9ImltZzA1IiAvPgogICAgICAgIOWkieiJsuOBl+OBq+OBj+OBj+e+juOBl+OBhOi8neOBj+OCkuaUvuOBpOOAgeODlOODs+OCr+OCtOODvOODq+ODieOBqOODm+ODr+OCpOODiOOCtOODvOODq+ODieOBruODmuOCouODquODs+OCsCAgICAgPC9kaXY+CiAgPC9kaXY+CiAgCiAgPGltZyBzcmM9Imh0dHA6Ly9pbWFnZS5yYWt1dGVuLmNvLmpwL3ZpZWFuZ2UvY2FiaW5ldC9sb3ZlcnNfc2NlbmUvbHNyL2xzcjA2NTBfMzAuanBnIiB3aWR0aD0iNjYwIiBoZWlnaHQ9IjM1OCIgY2xhc3M9ImltZzYwIiAvPgogIAogIDwhLS3ilrzilrzilrzjgqvjg6njg7zjg5Djg6rjgqjjg7zjgrfjg6fjg7PilrzilrzilrwtLT4gCiAgCiAgPGltZyBzcmM9Imh0dHA6Ly9pbWFnZS5yYWt1dGVuLmNvLmpwL3ZpZWFuZ2UvY2FiaW5ldC9sb3ZlcnNfYW5kX3JpbmcvbG92ZXJzcmluZ19pbWFnZS9scl90aXRsZV9jb2xvci5qcGciIHdpZHRoPSI2NjAiIGhlaWdodD0iMTQ1IuOAgGFsdD0i44Kr44Op44O844OQ44Oq44Ko44O844K344On44OzIiAgLz4KICAKIDx0YWJsZSBib3JkZXI9IjAiIHdpZHRoPSI2NjBweCI+CiA8dHI+PHRkPgogPGltZyBzcmM9Imh0dHA6Ly9pbWFnZS5yYWt1dGVuLmNvLmpwL3ZpZWFuZ2UvY2FiaW5ldC9sb3ZlcnNfYW5kX3JpbmcvbG92ZXJzcmluZ19pbWFnZS9scl93Zy5qcGciIHdpZHRoPSIyNTAiIGhlaWdodD0iMTQwIuOAgGFsdD0i44Ob44Ov44Kk44OI44K044O844Or44OJIiAvPgogPC90ZD4KIDx0ZD4KIDxmb250IHNpemU9IjIiIGNvbG9yPSIjNjk2OTY5Ij4KIDxiPuKXhjEw6YeRLzE46YeR44Ob44Ov44Kk44OI44K044O844Or44OJPC9iPjxicj4K44OX44Op44OB44OK44KI44KK44KC5a6J5L6h44Gn55m944GP6Lyd44GP44GT44Go44GL44KJ5Lq65rCX44Gu57Sg5p2Q44Gn44GZ44CCCuODreOCuOOCpuODoOOCs+ODvOODhuOCo+ODs+OCsOOBjOaWveOBleOCjOOAgeWkieiJsuOBl+OBq+OBj+OBhOOBk+OBqOOBjArnibnlvrTjgafjgZnjgII8L2ZvbnQ+PC90ZD4KIDwvdHI+IAogPHRyPjx0ZD4KIDxpbWcgc3JjPSJodHRwOi8vaW1hZ2UucmFrdXRlbi5jby5qcC92aWVhbmdlL2NhYmluZXQvbG92ZXJzX2FuZF9yaW5nL2xvdmVyc3JpbmdfaW1hZ2UvbHJfcGcuanBnIiB3aWR0aD0iMjUwIiBoZWlnaHQ9IjE0MCLjgIBhbHQ9IuODlOODs+OCr+OCtOODvOODq+ODiSIgLz4KIDwvdGQ+CiA8dGQ+CiA8Zm9udCBzaXplPSIyIiBjb2xvcj0iIzY5Njk2OSI+CiA8Yj7il4YxMOmHkS8xOOmHkeODlOODs+OCr+OCtOODvOODq+ODiTwvYj48YnI+CuODlOODs+OCr+OCtOODvOODq+ODieOBruaflOOCieOBi+OBhOi8neOBjeOBr+OAgeS4iuWTgeOBp+WPr+aEm+OCieOBl+OBjwrlhKrjgZfjgYTpm7Dlm7LmsJfjgpLmvJTlh7rjgZfjgIHlpbPmgKfjgavjgajjgabjgoLkurrmsJfjgafjgZnjgIIK44G+44Gf5pel5pys5Lq644Gu6IKM44Gr6aa05p+T44G/44KE44GZ44GE44Go44GE44KP44KM44Gm44GK44KK44CBCuODleOCoeODg+OCt+ODp+ODs+aAp+OCgumrmOOBj+OAgeOCs+ODvOODh+OCo+ODjeODvOODiOOBl+OChOOBmeOBhOOCq+ODqeODvOOBp+OBmeOAggo8L2ZvbnQ+PC90ZD4KIDwvdHI+IAogPHRyPjx0ZD4KIDxpbWcgc3JjPSJodHRwOi8vaW1hZ2UucmFrdXRlbi5jby5qcC92aWVhbmdlL2NhYmluZXQvbG92ZXJzX2FuZF9yaW5nL2xvdmVyc3JpbmdfaW1hZ2UvbHJfeWcuanBnIiB3aWR0aD0iMjUwIiBoZWlnaHQ9IjE0MCLjgIBhbHQ9IuOCpOOCqOODreODvOOCtOODvOODq+ODiSIgLz4KIDwvdGQ+CiA8dGQ+CiA8Zm9udCBzaXplPSIyIiBjb2xvcj0iIzY5Njk2OSI+CiA8Yj7il4YxMOmHkS8xOOmHkeOCpOOCqOODreODvOOCtOODvOODq+ODiTwvYj48YnI+CuiPr+OChOOBi+OBp+e+juOBl+OBhOi8neOBjeOBjOmtheWKm+OBruOCpOOCqOODreODvOOCtOODvOODq+ODieOAggrjgZ3jga7lrZjlnKjmhJ/jgYzmiYvlhYPjgpLmmI7jgovjgY/lvanjgorjgb7jgZnjgIIK5qyn57Gz44Gn44Gv44OW44Op44Kk44OA44Or44K444Ol44Ko44Oq44O844Gu57Sg5p2Q44Go44GX44Gm44KCCuODneODlOODpeODqeODvOOBp+OBmeOAgjwvZm9udD48L3RkPgogPC90cj4gCiA8dHI+PHRkPgogPGltZyBzcmM9Imh0dHA6Ly9pbWFnZS5yYWt1dGVuLmNvLmpwL3ZpZWFuZ2UvY2FiaW5ldC9sb3ZlcnNfYW5kX3JpbmcvbG92ZXJzcmluZ19pbWFnZS9scl9wdC5qcGciIHdpZHRoPSIyNTAiIGhlaWdodD0iMTQwIuOAgGFsdD0i44OX44Op44OB44OKIiAvPgogPC90ZD4KIDx0ZD4KIDxmb250IHNpemU9IjIiIGNvbG9yPSIjNjk2OTY5Ij4KIDxiPuKXhuODl+ODqeODgeODijk1MDwvYj48YnI+CuODl+ODqeODgeODiuOBr+WkqeeEtuOBrueZveOBhOi8neOBjeOCkuaMgeOBoeOAgeiAkOS5heaAp+OBq+WEquOCjOOBn+W4jOWwkeS+oeWApOOBrgrpq5jjgYTntKDmnZDjgafjgZnjgILlpInoibLjgZfjgavjgY/jgY/jgIHjgZ3jga7nvo7jgZfjgYTnmb3jgYTovJ3jgY3jgYwK44GE44Gk44G+44Gn44KC5aSx44KP44KM44Gq44GE44GT44Go44GL44KJ44CB44CM5rC46YGg44Gu5oSb44CN44KS57SE5p2f44GZ44KLCue1kOWpmuaMh+i8quOBq+OCguWkmuOBj+S9v+eUqOOBleOCjOOBpuOBhOOBvuOBmeOAgjwvZm9udD48L3RkPgogPC90cj4gCiAgPC90YWJsZT4KICAKICA8YnI+PGJyPgogIAogIDxkaXYgY2xhc3M9Imdvb2RzXzEzMDVfMDYiPgogIDxwPuOBlOazqOaWh+eiuuiqjeW+jOOAgeWVhuWTgeS7o+mHkeOBq+i/veWKoOaWmemHkeOCkuWKoOeul+OBl+OBpuOBlOiri+axgumHkemhjeOCkuWkieabtOOBleOBm+OBpuOBhOOBn+OBoOOBjeOBvuOBmeOAggrliqDnrpflvozjga7jgZToq4vmsYLph5HpoY3jgavjgaTjgYTjgabjga/jgIHjgZTms6jmlofnorroqo3lvozjgavjgYrpgIHjgorjgZnjgovjg6Hjg7zjg6vjgpLjgZTnorroqo3poZjjgYTjgb7jgZnjgII8YnI+44G+44Gf44CB57Sg5p2Q44Gr44KI44KK57SN5pyf44GM55Ww44Gq44KK44G+44GZ44Gu44Gn44GU5rOo5oSP44GP44Gg44GV44GE44CCIDwvcD48L2Rpdj4KICAKIDxicj48YnI+CiAKICA8IS0t4pa84pa84pa844Oq44Oz44Kw44K144Kk44K64pa84pa84pa8LS0+IAogIAogIDxpbWcgc3JjPSJodHRwOi8vaW1hZ2UucmFrdXRlbi5jby5qcC92aWVhbmdlL2NhYmluZXQvbG92ZXJzX2FuZF9yaW5nL2xvdmVyc3JpbmdfaW1hZ2UvbHJfdGl0bGVfc2l6ZTQuanBnIiB3aWR0aD0iNjYwIiBoZWlnaHQ9Ijg5NyLjgIBhbHQ9IuODquODs+OCsOOCteOCpOOCuiIgY2xhc3M9ImltZzEwIiAvPgogCiAKIAogIDwhLS3ilrzilrzilrzliLvljbDjgrXjg7zjg5PjgrnilrzilrzilrwtLT4gCiAgCiAgPGltZyBzcmM9Imh0dHA6Ly9pbWFnZS5yYWt1dGVuLmNvLmpwL3ZpZWFuZ2UvY2FiaW5ldC9sb3ZlcnNfYW5kX3JpbmcvbG92ZXJzcmluZ19pbWFnZS9scl90aXRsZV9rb2t1aW4uanBnIiB3aWR0aD0iNjYwIiBoZWlnaHQ9IjU4IuOAgGFsdD0i5Yi75Y2w44K144O844OT44K5IiBjbGFzcz0iaW1nMTAiIC8+CiAgCiA8cCBjbGFzcz0iaW1nMjAiPuOBlOW4jOacm+OBruaWueOBq+OBr+OAgeODquODs+OCsOOBruWGheWBtOOBq+ODoeODg+OCu+ODvOOCuOOChOOBiuWQjeWJjeOBquOBqeOCkueEoeaWmeOBp+WIu+WNsCjmloflrZflhaXjgowp44GV44Gb44Gm44GE44Gf44Gg44GN44G+44GZ44CCPC9wPgogICAgCiAgICA8ZGl2IGNsYXNzPSJjbGVhcmZpeCBnb29kc18xMzA1XzA1Ij4KICAgICAgIDxkaXY+CiAgICAgICAgIDxwIGNsYXNzPSJpbWcyNSI+4peG5pu45L2T44Gv44OW44Ot44OD44Kv5L2T44GL562G6KiY5L2T44Gu44GE44Ga44KM44GL44KS44GK6YG444Gz44GE44Gf44Gg44GR44G+44GZ44CCPC9wPgogICAgICAgICDil4bkvbXjgZvjgabmmJ/luqfjg57jg7zjgq/jg7vkuIDpg6jjga7ntbXmloflrZfjgYzliLvljbDlj6/og73jgafjgZnjgILkvb/nlKjlj6/og73jgaroqJjlj7fjg7vntbXmloflrZfjgavplqLjgZfjgb7jgZfjgabjga/jgIHkuIvoqJjjgavmjrLnpLrjgZXjgozjgabjgYTjgb7jgZnmm7jkvZPopovmnKzjgpLjgZTlj4LnhafpoZjjgYTjgb7jgZnjgIIKICAgICAgPC9kaXY+CiAgICAgICA8aW1nIHNyYz0iaHR0cDovL2ltYWdlLnJha3V0ZW4uY28uanAvdmllYW5nZS9jYWJpbmV0L3BhcnRzL2xzcjA2NTBfNTJhLmpwZyIgLz4gIDwvZGl2PgogICAgCiAgICA8aW1nIHNyYz0iaHR0cDovL2ltYWdlLnJha3V0ZW4uY28uanAvdmllYW5nZS9jYWJpbmV0L3BhcnRzL2xzcjA2NTBfNTQuanBnIiBjbGFzcz0iaW1nMDUiIC8+CiAgICAKICA8cCBzdHlsZT0iZm9udC1zaXplOiAxNHB4OyIgY2xhc3M9ImltZzIwIj7igLvjgZPjgaHjgonjga7llYblk4HjgavlhaXjgozjgonjgozjgovliLvljbDmloflrZfmlbA8c3BhbiBzdHlsZT0iY29sb3I6ICNGRjAwNjYiPjIw5paH5a2X44G+44GnPC9zcGFuPuOBp+OBmeOAgjwvcD4KICA8cCBjbGFzcz0iaW1nMTAiPuOBk+OBruWVhuWTgeOBr+OAgeOCouODq+ODleOCoeODmeODg+ODiOWkp+aWh+Wtl+ODu+iLseaVsOWtl+WQiOOCj+OBm+OBpjxzcGFuIHN0eWxlPSJjb2xvcjogI0ZGMDA2NiI+MjDmloflrZfjgb7jgafliLvljbDlj6/og73vvIjkuIDmloflrZfntIQwLjnvvY3vvY3lpKfvvIk8L3NwYW4+44Gn44GZ44CC6KiY5Y+344CB44K544Oa44O844K544CB44Oe44O844Kv44Gq44Gp44KC77yR5paH5a2X5YiG44Go44GX44Gm44Kr44Km44Oz44OI44GV44KM44G+44GZ44CC44Oe44O844Kv44O757W15paH5a2X44KS44GU6KiY5YWl44Gu5aC05ZCI44Gv44CB5pu45L2T6KaL5pys44Gr6KiY6LyJ44GV44KM44Gm44GE44KL44Oe44O844Kv44Gu5Li455Wq5Y+344KS5Yi75Y2w5L2N572u44Gr44GU6KiY5YWl6aGY44GE44G+44GZ44CCPC9wPgogIAogIDxicj48YnI+CiAKIDxkaXYgY2xhc3M9Imdvb2RzXzEzMDVfMDYiPgogIDxwPuODl+ODq+ODgOOCpuODs+ODoeODi+ODpeODvOOBi+OCieOBlOW4jOacm+OBruabuOS9k+OCkuOBiumBuOOBs+OBj+OBoOOBleOBhOOAguazqOaWh+eUu+mdouOBruOAjOWIu+WNsOWvvuixoeWVhuWTgeOCkuOBlOazqOaWh+OBruaWueOBrwrjgZPjgaHjgonjgavjgZToqJjlhaXjgY/jgaDjgZXjgYTjgI3mrITjgavliLvljbDlhoXlrrnjgpLjgZToqJjlhaXjgY/jgaDjgZXjgYTjgILllYblk4HjgpIy5YCL5Lul5LiK44GK6LK344GE5LiK44GS44Gu5aC05ZCI44Gv44CBCuWIu+WNsOWvvuixoeWVhuWTgeOBjOWIhuOBi+OCi+OCiOOBhuOBlOS9teiomOOBiumhmOOBhOiHtOOBl+OBvuOBmeOAggrkvovjgIzjg6zjg4fjgqPjg7zjgrnvvJril4vil4vil4vil4vjgI3jgIzjg6Hjg7PjgrrvvJril4vil4vil4vil4vjgI3jgarjgak8L3A+PC9kaXY+Cgo8YnI+PGJyPgoKIDwhLS3ilrzilrzilrzoo4/nn7PilrzilrzilrwtLT4gCiAgCiAgPGltZyBzcmM9Imh0dHA6Ly9pbWFnZS5yYWt1dGVuLmNvLmpwL3ZpZWFuZ2UvY2FiaW5ldC9sb3ZlcnNfYW5kX3JpbmcvbG92ZXJzcmluZ19pbWFnZS9scl90aXRsZV9zdG9uZS5qcGciIHdpZHRoPSI2NjAiIGhlaWdodD0iMTQ1IuOAgGFsdD0i6KqV55Sf55+zIiBjbGFzcz0iaW1nMTAiIC8+CiAKICA8cCBjbGFzcz0iaW1nMTUiPuODquODs+OCsOOBruWGheWBtOOBq+OAgeOBlOiHqui6q+OChOWkp+WIh+OBquaWueOBruiqleeUn+efs+OCkuOBiuWFpeOCjOOBmeOCi+OBk+OBqOOBjOOBp+OBjeOBvuOBmeOAgjxiciAvPgogIOWIu+WNsOODoeODg+OCu+ODvOOCuOOBqOe1hOOBv+WQiOOCj+OBm+OCi+OBk+OBqOOBq+OCiOOCiuOAgeOBiuS6jOS6uuOBruaDs+OBhOOChOOCouOCpOODh+ODs+ODhuOCo+ODhuOCo+OCkuOCiOOCiuiJsumuruOChOOBi+OBq+a8lOWHuuOBmeOCi+OBk+OBqOOBjOWPr+iDveOBp+OBmeOAgjwvcD4KICAKICA8aW1nIHNyYz0iaHR0cDovL2ltYWdlLnJha3V0ZW4uY28uanAvdmllYW5nZS9jYWJpbmV0L3BhcnRzL2xzcjA2NTBfNDYuanBnIiBjbGFzcz0iaW1nMjUiIC8+CgogPGRpdiBjbGFzcz0iZ29vZHNfMTMwNV8wNiI+CiAgPHA+44GU5rOo5paH56K66KqN5b6M44CB5ZWG5ZOB5Luj6YeR44Gr6L+95Yqg5paZ6YeR44KS5Yqg566X44GX44Gm44GU6KuL5rGC6YeR6aGN44KS5aSJ5pu044GV44Gb44Gm44GE44Gf44Gg44GN44G+44GZ44CCCuWKoOeul+W+jOOBruOBlOiri+axgumHkemhjeOBq+OBpOOBhOOBpuOBr+OAgeOBlOazqOaWh+eiuuiqjeW+jOOBq+OBiumAgeOCiuOBmeOCi+ODoeODvOODq+OCkuOBlOeiuuiqjemhmOOBhOOBvuOBmeOAgjxicj7jgb7jgZ/jgIHntKDmnZDjgavjgojjgorntI3mnJ/jgYznlbDjgarjgorjgb7jgZnjga7jgafjgZTms6jmhI/jgY/jgaDjgZXjgYTjgIIgPC9wPjwvZGl2PgrjgIAKCiAgPCEtLeKWvOKWvOKWvOODqeODg+ODlOODs+OCsOODu+ODoeODg+OCu+ODvOOCuOOCq+ODvOODieKWvOKWvOKWvC0tPiAgIAogIAogIDxpbWcgc3JjPSJodHRwOi8vaW1hZ2UucmFrdXRlbi5jby5qcC92aWVhbmdlL2NhYmluZXQvd3JhcHBpbmcvd3JhcHBpbmdfdGl0bGUuanBnIiBhbHQ9IuODqeODg+ODlOODs+OCsCI+Cgo8YnI+PGJyPjxicj4KCjx0YWJsZSBib3JkZXI9IjAiIHdpZHRoPSI2NjBweCI+Cjx0cj4KPHRkPgo8aW1nIHNyYz0iaHR0cDovL2ltYWdlLnJha3V0ZW4uY28uanAvdmllYW5nZS9jYWJpbmV0L3dyYXBwaW5nL2xyX3dyYXBfMDFfMS5qcGciIGFsdD0iTG92ZXJzJlJpbmfjgIDpgJrluLjjg6njg4Pjg5Tjg7PjgrAiPgo8L3RkPgo8dGQ+CjxpbWcgc3JjPSJodHRwOi8vaW1hZ2UucmFrdXRlbi5jby5qcC92aWVhbmdlL2NhYmluZXQvd3JhcHBpbmcvbHJfd3JhcF8wMi5qcGciIGFsdD0iTG92ZXJzJlJpbmfjgIDjgqjjgrPjg6njg4Pjg5Tjg7PjgrAiPgo8L3RkPgo8dGQ+CjxhICBocmVmPSJodHRwOi8vaXRlbS5yYWt1dGVuLmNvLmpwL3ZpZWFuZ2UvYy8wMDAwMDAwNzgyLyI+PGltZyBzcmM9Imh0dHA6Ly9pbWFnZS5yYWt1dGVuLmNvLmpwL3ZpZWFuZ2UvY2FiaW5ldC93cmFwcGluZy9scl93cmFwXzAzLmpwZyIgYWx0PSJMb3ZlcnMmUmluZ+OAgOOCueODmuOCt+ODo+ODq+ODqeODg+ODlOODs+OCsCI+PC9hPgo8L3RkPgo8L3RyPgo8L3RhYmxlPgo8aW1nIHNyYz0iaHR0cDovL2ltYWdlLnJha3V0ZW4uY28uanAvdmllYW5nZS9jYWJpbmV0L3dyYXBwaW5nL2tpa2luLmpwZyIgYWx0PSLlpKnkvb/jga7ljbXln7rph5EiPgogIAogIDxhICBocmVmPSJodHRwOi8vaXRlbS5yYWt1dGVuLmNvLmpwL3ZpZWFuZ2UvYy8wMDAwMDAwNzkxLyI+CjxpbWcgc3JjPSJodHRwOi8vaW1hZ2UucmFrdXRlbi5jby5qcC92aWVhbmdlL2NhYmluZXQvd3JhcHBpbmcvbHNfY2FyZC5qcGciIGFsdD0i44Oh44OD44K744O844K444Kr44O844OJIj48L2E+CgoKIDwhLS3ilrzilrzilrzjg5rjgqLjg7vljZjlk4Hjg6rjg7Pjgq/ilrzilrzilrwtLT4gICAKIAogIDxpbWcgc3JjPSJodHRwOi8vaW1hZ2UucmFrdXRlbi5jby5qcC92aWVhbmdlL2NhYmluZXQvbG92ZXJzX2FuZF9yaW5nL2xvdmVyc3JpbmdfaW1hZ2UvbHJfbGlua19tZW5zLmpwZyIgd2lkdGg9IjY2MCIgaGVpZ2h0PSI1OCIgY2xhc3M9ImltZzEwIiAvPgogIAogIAogPGRpdiBjbGFzcz0ibGlua19wYWlyX21lbnMiPgogICAgIDxkaXYgY2xhc3M9InRhbnBpbl9sZWZ0Ij48YSBocmVmPSJodHRwOi8vaXRlbS5yYWt1dGVuLmNvLmpwL3ZpZWFuZ2UvbHNyMDY1MGRway13Zy8iPjxpbWcgc3JjPSJodHRwOi8vaW1hZ2UucmFrdXRlbi5jby5qcC92aWVhbmdlL2NhYmluZXQvbG92ZXJzX3NjZW5lL2xzci9sc3IwNjUwX3BhaXIuanBnIiB3aWR0aD0iMjM1IiBoZWlnaHQ9IjIzNSIgY2xhc3M9ImltZzIwIiAvPjwvYT4KICAgIDwvZGl2PgogICAgPGRpdiBjbGFzcz0idGFucGluX3JpZ2h0Ij48YSBocmVmPSJodHRwOi8vaXRlbS5yYWt1dGVuLmNvLmpwL3ZpZWFuZ2UvbHNyMDY1MHdnLyI+PGltZyBzcmM9Imh0dHA6Ly9pbWFnZS5yYWt1dGVuLmNvLmpwL3ZpZWFuZ2UvY2FiaW5ldC9sb3ZlcnNfc2NlbmUvbHNyL2xzcjA2NTBfMzUuanBnIiB3aWR0aD0iMjM1IiBoZWlnaHQ9IjIzNSIgY2xhc3M9ImltZzIwIiAvPjwvYT4KICAgIDwvZGl2PgogIDwvZGl2PgoKCgo8YSBocmVmPSJodHRwOi8vaXRlbS5yYWt1dGVuLmNvLmpwL3ZpZWFuZ2UvYy8wMDAwMDAwNjY2LyI+PGltZyBzcmM9Imh0dHA6Ly9pbWFnZS5yYWt1dGVuLmNvLmpwL3ZpZWFuZ2UvY2FiaW5ldC9pbWFnZS9tb3JlX3BhaXJyaW5nMi5qcGciIHdpZHRoPSI2NjAiIGhlaWdodD0iMTIwIiBib3JkZXI9IjAiPjwvYT48YnI+PGJyPgogIAogIAogIAogIDxpbWcgc3JjPSJodHRwOi8vaW1hZ2UucmFrdXRlbi5jby5qcC92aWVhbmdlL2NhYmluZXQvcGFydHMvbHNyMDY1MF82OC5naWYiIGNsYXNzPSJpbWczMCIgLz4KCgo8L2Rpdj48L2Rpdj48dGFibGUgd2lkdGg9IjM5MCIgYm9yZGVyPSIwIj4KICA8dHI+CiAgICA8dGQgd2lkdGg9Ijg5Ij4mbmJzcDs8L3RkPgogICAgPHRkIHdpZHRoPSIyOTEiPiZuYnNwOzwvdGQ+CiAgPC90cj4KICA8dHI+CiAgICA8dGQ+PGZvbnQgY29sb3I9IzY5Njk2OSBzaXplPSIyIj7ilqDjgIDntKDmnZDjgIDilqA8L2ZvbnQ+PC90ZD4KICAgIDx0ZD4mbmJzcDs8L3RkPgogIDwvdHI+CjwvdGFibGU+Cjx0YWJsZSB3aWR0aD0iMzkwIiBib3JkZXI9IjAiPgogIDx0cj4KICAgIDx0ZCB3aWR0aD0iODkiPjxkaXYgYWxpZ249InJpZ2h0Ij48Zm9udCBjb2xvcj0iIzY5Njk2OSIgc2l6ZT0iMiI+44Os44OH44Kj44O844K577yaPC9mb250PjwvZGl2PjwvdGQ+CiAgICA8dGQgd2lkdGg9IjI5MSI+PGZvbnQgY29sb3I9IzY5Njk2OSBzaXplPSIyIj5LMTAo44OU44Oz44Kv44K044O844Or44OJ77yJL+ODgOOCpOODpOODouODs+ODiSgxLzcwKSZuYnNwOzwvZm9udD48L3RkPgogIDwvdHI+CiAgPHRyPgogICAgPHRkPiZuYnNwOzwvdGQ+CiAgICA8dGQ+Jm5ic3A7PC90ZD4KICA8L3RyPgo8L3RhYmxlPgo8dGFibGUgd2lkdGg9IjM5MCIgYm9yZGVyPSIwIj4KICA8dHI+CiAgICA8dGQ+PGZvbnQgY29sb3I9IzY5Njk2OSBzaXplPSIyIj7ilqAg5aSn44GN44GVKG1tKSDilqA8L2ZvbnQ+PC90ZD4KICA8L3RyPgo8L3RhYmxlPgo8dGFibGUgd2lkdGg9IjM5MCIgYm9yZGVyPSIwIj4KICA8dHI+CiAgICA8dGQgd2lkdGg9Ijg5Ij4mbmJzcDs8L3RkPgogICAgPHRkIHdpZHRoPSIyOTEiPjxmb250IGNvbG9yPSM2OTY5Njkgc2l6ZT0iMiI+5bmF57SEMi4ww5fljprjgb/ntIQyLjI8L2ZvbnQ+PC90ZD4KICA8L3RyPgogIDx0cj4KICAgIDx0ZD4mbmJzcDs8L3RkPgogICAgPHRkPiZuYnNwOzwvdGQ+CiAgPC90cj4KPC90YWJsZT4KPHRhYmxlIHdpZHRoPSIzOTAiIGJvcmRlcj0iMCI+CiAgPHRyPgogICAgPHRkIHdpZHRoPSIzOTAiPjxmb250IGNvbG9yPSM2OTY5Njkgc2l6ZT0iMiI+4pag44CA6YeN6YeP44CA4pagPC9mb250PjwvdGQ+CiAgICA8dGQgd2lkdGg9IjI5MSI+Jm5ic3A7PC90ZD4KICA8L3RyPgo8L3RhYmxlPgo8dGFibGUgd2lkdGg9IjM5MCIgYm9yZGVyPSIwIj4KICA8dHI+CiAgICA8dGQgd2lkdGg9Ijg5Ij4mbmJzcDs8L3RkPgogICAgPHRkIHdpZHRoPSIyOTEiPjxmb250IGNvbG9yPSM2OTY5Njkgc2l6ZT0iMiI+57SEMS44ZzwvZm9udD48L3RkPgogIDwvdHI+CiAgPHRyPgogICAgPHRkPiZuYnNwOzwvdGQ+CiAgICA8dGQ+PGZvbnQgY29sb3I9IiMwMDk5RkYiIHNpemU9IjEiPuKAu+Wkp+OBjeOBleODu+mHjeOBleOBq+OBr+WkmuWwkeOBruWAi+S9k+W3ruOBjOeUn+OBmOOBvuOBmTwvZm9udD48L3RkPgogIDwvdHI+CjwvdGFibGU+Cjx0YWJsZSB3aWR0aD0iMzkwIiBib3JkZXI9IjAiPgogIDx0cj4KICAgIDx0ZCB3aWR0aD0iMzkwIiBoZWlnaHQ9IjE1Ij48Zm9udCBjb2xvcj0jNjk2OTY5IHNpemU9IjIiPuKWoOimj+WumuOCteOCpOOCuuKWoDwvZm9udD48L3RkPgogICAgPHRkIHdpZHRoPSIyOTIiPiZuYnNwOzwvdGQ+CiAgPC90cj4KPC90YWJsZT4KPHRhYmxlIHdpZHRoPSIzOTAiIGJvcmRlcj0iMCI+CiAgPHRyPgogICAgPHRkIHdpZHRoPSI4OSIgaGVpZ2h0PSI1MSI+Jm5ic3A7PC90ZD4KICAgIDx0ZCB3aWR0aD0iMjkxIj48Zm9udCBjb2xvcj0jNjk2OTY5IHNpemU9IjIiPjXlj7fjgYvjgokyM+WPt+OBvuOBpzxicj4K4oC7MjTlj7fku6XkuIrjga7jgrXjgqTjgrrjga/liKXpgJTmlpnph5HjgYznmbrnlJ/jgYTjgZ/jgZfjgb7jgZnjgILjgb7jgZ/jgIHntI3mnJ/jgYwx6YCx6ZaT44G744Gp6ZW344GP44Gq44KK44G+44GZ44CCPGJyPgo8YnI+CuKAuzTlj7fku6XkuIvjga7jgrXjgqTjgrrjga7loLTlkIjjgIHov73liqDmlpnph5Hjga/nmbrnlJ/jgYTjgZ/jgZfjgb7jgZvjgpPjgYzjgIE8Zm9udCBjb2xvcj0iIzAwOTlGRiI+57SN5pyf44GMMemAsemWk++8iDfllrbmpa3ml6XvvInjgbvjganliqDnrpfjgZXjgozjgb7jgZk8L2ZvbnQ+44CCPGJyPjxicj4K4peG6KaP5a6a5aSW44K144Kk44K644Gu44Kq44O844OA44O85pa55rOV4peGPGJyPgo8YnI+CuOCteOCpOOCuuOBruODl+ODq+ODgOOCpuODs+ODoeODi+ODpeODvOOCiOOCiu+8nOS4iuiomOS7peWklu+8nuOCkuOBlOmBuOaKnuS4i+OBleOBhOOAguazqOaWh+eUu+mdouOBrumAmuS/oeashOOBq+OBlOW4jOacm+OBruOCteOCpOOCuuOCkuOBlOaYjuiomOOBj+OBoOOBleOBhOOAguW9k+aWueOBq+OBpuW3rumhjeOCkueul+WHuuOBruOBhuOBiOOAgeOBiuWuouanmOOBq+OBlOmAo+e1oeOBhOOBn+OBl+OBvuOBmeOAguOBiuWuouanmOOBruOBlOS6huaJv+OCkuOBhOOBn+OBoOOBhOOBn+aZgueCueOBp+OAgeW9k+aWueOBq+OBpui/veWKoOaWmemHkeOCkuWKoOeul+OBl+OBpuOAgeOBlOiri+axgue3j+mhjeOCkuWkieabtOOBleOBm+OBpuOBhOOBn+OBoOOBjeOBvuOBmeOAggo8L2ZvbnQ+PC90ZD4KICA8L3RyPgogIDx0cj4KICAgIDx0ZD4mbmJzcDs8L3RkPgogICAgPHRkPiZuYnNwOzwvdGQ+CiAgPC90cj4KPC90YWJsZT48IS0t4pa84pa8IOW3puW4r+ODquODs+OCr+OBguOCiiDilrzilrwtLT4KCjxkaXYgaWQ9ImhpZGFyaS1vYmkiPgoKPHN0eWxlPgojaGlkYXJpLW9iaSB7CnBvc2l0aW9uOiBhYnNvbHV0ZTsKdG9wOjBweDsKbGVmdDoxMHB4OwpiYWNrZ3JvdW5kOiB1cmwoImh0dHBzOi8vaW1hZ2UucmFrdXRlbi5jby5qcC92aWVhbmdlL2NhYmluZXQvY2FtcGFpZ24vc2NibnJfMDUxNS5qcGciKSByZXBlYXQteSBsZWZ0IHRvcCA7Cn0KI2hpZGFyaS1vYmkgYSB7CmRpc3BsYXk6IGJsb2NrOwpoZWlnaHQ6OTMwMHB4Oy8q44Oa44O844K45YWo5L2T44Gu6auY44GVKi8Kd2lkdGg6IDE0MHB4Oy8q5biv44Gu5bmFKi8KfQo8L3N0eWxlPgoKPC9kaXY+CgoKCjwhLS3ilrzilrwg5bem5biv44Oq44Oz44Kv44Gq44GXIOKWvOKWvC0tPgoKCgoKPCEtLeKWvOKWvCDlt6bluK/jg6rjg7Pjgq/jgarjgZcg4pa84pa8LS0+Cgo8IS0tCjxzdHlsZSB0eXBlPSJ0ZXh0L2NzcyI+CmJvZHl7CmJhY2tncm91bmQtaW1hZ2U6IHVybCgiaHR0cDovL2ltYWdlLnJha3V0ZW4uY28uanAvdmllYW5nZS9jYWJpbmV0L2NhbXBhaWduL2Jucl8xMDEyLmpwZyIpOwpiYWNrZ3JvdW5kLXJlcGVhdDogcmVwZWF0LXk7CmJhY2tncm91bmQtYXR0YWNobWVudDogc2Nyb2xsOwpiYWNrZ3JvdW5kLXBvc2l0aW9uOmxlZnQKfQo8L3N0eWxlPgotLT4KCgoKCjxzdHlsZSB0eXBlPSJ0ZXh0L2NzcyI+CgovKiDjgYrmsJfjgavlhaXjgorllYblk4EgKi8KCiNyYWt1dGVuTGltaXRlZElkX2Fyb3VuZENhcnQgI3NlcnZpY2VUYWJsZVNtbCB0ZC5mYXZvcml0ZSB7CgpwYWRkaW5nLXRvcDogNXB4OwoKfQoKI3Jha3V0ZW5MaW1pdGVkSWRfYXJvdW5kQ2FydCBkaXYuYm9va21hcmtBcmVhIGRpdi5ia20gewoKd2lkdGg6IDI5MXB4ICFpbXBvcnRhbnQ7CgpoZWlnaHQ6MzNweCAhaW1wb3J0YW50OwoKcGFkZGluZzogMHB4IDBweCAxMHB4IDBweCAhaW1wb3J0YW50OwoKfQoKI3Jha3V0ZW5MaW1pdGVkSWRfYXJvdW5kQ2FydCBkaXYuYm9va21hcmtBcmVhIGRpdi5ia20gYS5hZGRCa20gewoKd2lkdGg6IDI5MXB4ICFpbXBvcnRhbnQ7CgpoZWlnaHQ6MzNweCAhaW1wb3J0YW50OwoKfQoKI3Jha3V0ZW5MaW1pdGVkSWRfYXJvdW5kQ2FydCBkaXYuYm9va21hcmtBcmVhIGRpdi5ia20gYS5hZGRCa20gc3Bhbi5ia21TdGFyIHsKCmRpc3BsYXk6IGlubGluZS1ibG9jayAhaW1wb3J0YW50OwoKd2lkdGg6IDI5MXB4ICFpbXBvcnRhbnQ7CgpoZWlnaHQ6MzNweCAhaW1wb3J0YW50OwoKbWFyZ2luOjBweCAwcHggMTBweCAwcHggIWltcG9ydGFudDsKCmJhY2tncm91bmQ6IHVybCgiaHR0cDovL2ltYWdlLnJha3V0ZW4uY28uanAvdmllYW5nZS9jYWJpbmV0L2Jucl9mYXZpdGVtLmpwZyIpIG5vLXJlcGVhdCAhaW1wb3J0YW50OwoKfQoKIAoKLyog44GK5rCX44Gr5YWl44KK44K344On44OD44OXICovCgpkaXYuYm9va21hcmtBcmVhIHsKCndpZHRoOiAyOTFweCAhaW1wb3J0YW50OwoKfQoKI3Jha3V0ZW5MaW1pdGVkSWRfYXJvdW5kQ2FydCBkaXYuc2hvcEJvb2ttYXJrQXJlYSBkaXYuc2hvcEJrbSB7Cgp3aWR0aDogMjkxcHggIWltcG9ydGFudDsKCmhlaWdodDozM3B4ICFpbXBvcnRhbnQ7CgpwYWRkaW5nOiAwcHggMHB4ICFpbXBvcnRhbnQ7CgpwYWRkaW5nLWxlZnQ6IDBweCAhaW1wb3J0YW50OwoKfQoKI3Jha3V0ZW5MaW1pdGVkSWRfYXJvdW5kQ2FydCBkaXYuc2hvcEJvb2ttYXJrQXJlYSBkaXYuc2hvcEJrbSBhLmFkZFNob3BCa20gc3Bhbi5zaG9wQmttU3RhciB7CgpkaXNwbGF5OiBpbmxpbmUtYmxvY2sgIWltcG9ydGFudDsKCndpZHRoOiAyOTFweCAhaW1wb3J0YW50OwoKaGVpZ2h0OjMzcHggIWltcG9ydGFudDsKCm1hcmdpbi1yaWdodDogMHB4ICFpbXBvcnRhbnQ7CgpiYWNrZ3JvdW5kOiB1cmwoImh0dHA6Ly9pbWFnZS5yYWt1dGVuLmNvLmpwL3ZpZWFuZ2UvY2FiaW5ldC9ibnJfZmF2c2hvcC5qcGciKSBuby1yZXBlYXQgIWltcG9ydGFudDsKCn0KPC9zdHlsZT4KCgoKCjxkaXYgaWQ9InByZXNlbnRfYmFzZSIgY2xhc3M9ImNsZWFyZml4Ij4KICAgPGRpdiBjbGFzcz0icHJlc2VudF9pbWciPjxpbWcgc3JjPSJodHRwOi8vaW1hZ2UucmFrdXRlbi5jby5qcC92aWVhbmdlL2NhYmluZXQvdG1nL2Zvb3RfcHJlMDEuZ2lmIiBhbHQ9IuWkp+WIh+OBquOBguOBruS6uuOBq+e0oOaVteOBquODl+ODrOOCvOODs+ODiCIgd2lkdGg9IjE5OSIgaGVpZ2h0PSIyOTUiIC8+PC9kaXY+CiAgIDxkaXYgY2xhc3M9InByZXNlbnRfdHh0Ij48cD7lvZPlupfjga/jgIHkurrmsJfjgqLjgq/jgrvjgrXjg6rjg7zjg5bjg6njg7Pjg4njgIzlpKnkvb/jga7ljbXjgI3jgoTjgIzmnKrmnaXlpKnkvb/jgI3jgpLjga/jgZjjgoHjgIHoqpXnlJ/nn7Pjga7jg5rjg7Pjg4Djg7Pjg4jjgoTjg6rjg7PjgrDjgarjganjgIHjg5fjg6zjgrzjg7Pjg4jjgavjg5Tjg4Pjgr/jg6rjgarjgqLjgq/jgrvjgrXjg6rjg7zjgpLlj5bmibHjgYbpgJrosqnjgrfjg6fjg4Pjg5fjgafjgZnjgII8L3A+PGJyIC8+CuOAjOWEquOBl+OBhOWFieOBq+OBpOOBpOOBvuOCjOOCi+awuOmBoOOBruWRveOAjeOCkuihqOePvuOBl+OBn+OCs+ODs+OCu+ODl+ODiOOCuOODpeOCqOODquODvOOAjOacquadpeWkqeS9v+OAjeOBr+acquadpeOBq+WQkeOBkeOBpui8neOBkeOCi+WRveOBruOBmeOBsOOCieOBl+OBleOCkuWkmuW9qeOBquODhuODvOODnuODu+ODh+OCtuOCpOODs+OBp+ihqOePvuOBl+OBpuOBhOOBvuOBmeOAgjxiciAvPgrjgZ3jgpPjgarmnKrmnaXlpKnkvb/jgYvjgonjga7jg5fjg6zjgrzjg7Pjg4jjgajjgYTjgYbjgrPjg7Pjgrvjg5fjg4jjgafkvZzjgonjgozjgZ/jgIzlpKnkvb/jga7ljbXjgI3jga/jgIHjgIzoqpXnlJ/jga7llpzjgbPjgI3jgoTjgIznlJ/jgY3jgovjgZPjgajjga7mhJ/li5Xjgajos57os5vjgI3jgpLjg4bjg7zjg57jgajjgZfjgablibXjgonjgozjgIHljbXjgajnvr3jga7jg5Djg6njg7Pjgrnjga7oia/jgYTjgoTjgZXjgZfjgYTjg4fjgrbjgqTjg7PjgYzmhJvjgZXjgozjgabjgYTjgovjg63jg7PjgrDjgrvjg6njg7zjga7kurrmsJfjgqLjgq/jgrvjgrXjg6rjg7zjgafjgZnjgILmmK/pnZ7jgIHlpKfliIfjgarkurrjgbjjga7jg5fjg6zjgrzjg7Pjg4jnrYnjgavjgoLjgZTmtLvnlKjkuIvjgZXjgYTvvIE8L2Rpdj4KPC9kaXY+CgoKCgoKPCEtLeKWvOKWvOKWvOODrOODk+ODpeODvOODu+azqOaWh+eKtuazgeKWvOKWvOKWvC0tPiAgIAoKICAgICAgICAgICAgPGgyPjxpbWcgc3JjPSJodHRwOi8vd3d3LnJha3V0ZW4ubmUuanAvZ29sZC92aWVhbmdlL2ltZy90aXRsZV8wNi5qcGciIGFsdD0i44Os44OT44Ol44O8IiB3aWR0aD0iNjg4IiBoZWlnaHQ9IjcwIiAvPjwvaDI+CiAgICAgICAgICAgIDxicj48YnI+CiAgCgkgIDxicj4gPGJyPiA8YnI+IAogICAgICAgICAgICAgICAgICA8aDI+PGltZyBzcmM9Imh0dHA6Ly93d3cucmFrdXRlbi5uZS5qcC9nb2xkL3ZpZWFuZ2UvaW1nL3RpdGxlXzA3LmpwZyIgYWx0PSLms6jmlofnirbms4EiIHdpZHRoPSI2ODgiIGhlaWdodD0iNzAiIC8+PC9oMj4KICAgICAgICAgICAgICAgICAgICAgICAgICAgICAgPGJyPiA8YnI+IAo8YnI+IDxicj4gPGJyPg==,44CQ5Yi75Y2w54Sh5paZ44CR4peGTG92ZXJzICZhbXA7IFJpbmcg44Op44OQ44O844K644Oq44Oz44Kw4peGSzEw44OU44Oz44Kv44K044O844Or44OJ44Oq44Oz44KwKOODrOODh+OCo+ODvOOCuSnjgJBMU1IwNjUwRFBL44CR44CQ44OU44Oz44Kv44K044O844Or44OJIOODquODs+OCsCDjg6njg5bjg6rjg7PjgrAg6KqV55Sf55+zIOODgOOCpOODpOODouODs+ODiSDjg5fjg6zjgrzjg7Pjg4gg44Ki44Kv44K744K144Oq44O8IOOCuOODpeOCqOODquODvCDlpKnnhLbnn7Mg44OA44Kk44OkIOmHjeOBreOCi+OBqOODj+ODvOODiCDliLvljbDjgJEgIOavjeOBruaXpSDjgrfjg7Pjg5fjg6vvvJrlpKnkvb/jga7ljbUgd2l0aCBMT1ZFUlMgU0NFTkU=,5aSp5L2/44Gu5Y215pyq5p2l5aSp5L2/44K544Oa44O844K544Kv44Oq44Ko44O844K/44O844K444Ol44Ko44Oq44O844K344Or44OQ44O844Ki44Kv44K744K144Oq44O844OU44Oz44Kv44K344Or44OQ44O844ON44OD44Kv44Os44K555u05Za25bqX44Kv44Oq44K544Oe44K56ZmQ5a6a44Oa44Oz44OA44Oz44OI5oyH6Lyq44OU44Ki44K544OX44Os44K844Oz44OI44OZ44OT44O844K544OX44O844Oz44Os44OH44Kj44O844K544Op44OQ44O844K644K344O844Oz57WQ5ama5oyH6Lyq44Oa44Ki44Oq44Oz44Kw6KqV55Sf55+z44CQ5Yi75Y2w54Sh5paZ44CR4peGTG92ZXJzICZhbXA7IFJpbmcg44Op44OQ44O844K644Oq44Oz44Kw4peGSzEw44OU44Oz44Kv44K044O844Or44OJ44Oq44Oz44KwKOODrOODh+OCo+ODvOOCuSnjgJBMU1IwNjUwRFBL44CR44CQ44OU44Oz44Kv44K044O844Or44OJIOODquODs+OCsCDjg6njg5bjg6rjg7PjgrAg6KqV55Sf55+zIOODgOOCpOODpOODouODs+ODiSDjg5fjg6zjgrzjg7Pjg4gg44Ki44Kv44K744K144Oq44O8IOOCuOODpeOCqOODquODvCDlpKnnhLbnn7Mg44OA44Kk44OkIOmHjeOBreOCi+OBqOODj+ODvOODiCDliLvljbDjgJEgIOavjeOBruaXpSDjgrfjg7Pjg5fjg6s=,5ZCI44KP44Gb44KL44Go44OP44O844OI44GM5rWu44GL44Gz5LiK44GM44KL44Oa44Ki44Oq44Oz44Kw44CC44CQ5Yi75Y2w54Sh5paZ44CR4peGTG92ZXJzICZhbXA7IFJpbmcg44Op44OQ44O844K644Oq44Oz44Kw4peGSzEw44OU44Oz44Kv44K044O844Or44OJ44Oq44Oz44KwKOODrOODh+OCo+ODvOOCuSnjgJBMU1IwNjUwRFBL44CR44CQ44OU44Oz44Kv44K044O844Or44OJIOODquODs+OCsCDjg6njg5bjg6rjg7PjgrAg6KqV55Sf55+zIOODgOOCpOODpOODouODs+ODiSDjg5fjg6zjgrzjg7Pjg4gg44Ki44Kv44K744K144Oq44O8IOOCuOODpeOCqOODquODvCDlpKnnhLbnn7Mg44OA44Kk44OkIOmHjeOBreOCi+OBqOODj+ODvOODiCDliLvljbDjgJEgIOavjeOBruaXpSDjgrfjg7Pjg5fjg6s=[rn]
39-1040,aHR0cDovL3RzaG9wLnIxMHMuanAvdmllYW5nZS9jYWJpbmV0L2xvdmVyc19hbmRfcmluZy9sc3IwNjUycGsuanBnP2ZpdGluPTcwMDo3MDA=,MjA3MzYuMDAwMA==,,44K444Ol44Ko44Oq44O844O744Ki44Kv44K744K144Oq44O8ID4g44Os44OH44Kj44O844K544K444Ol44Ko44Oq44O844O744Ki44Kv44K744K144Oq44O8ID4g5oyH6Lyq44O744Oq44Oz44Kw,44CQ5Y+X5rOo55Sf55Sj44CR44CQ5Yi75Y2w54Sh5paZ44CR4peGTG92ZXJzICYgUmluZyDjg6njg5Djg7zjgrrjg6rjg7PjgrDil4ZLMTDjg5Tjg7Pjgq/jgrTjg7zjg6vjg4njg6rjg7PjgrAo44Os44OH44Kj44O844K5KeOAkExTUjA2NTJQS+OAkeOAkEsxMCDjg5Tjg7Pjgq/jgrTjg7zjg6vjg4kg44Oq44Oz44KwIOODmuOCouODquODs+OCsCDjg5rjgqIg5oyH6LyqIOODqeODluODquODs+OCsCDjgq/jg63jgrkg44OX44Os44K844Oz44OIIOOCruODleODiCDjgqLjgq/jgrvjgrXjg6rjg7wg44K444Ol44Ko44Oq44O8IOOCruODleODiCDlprvjgJEgIOavjeOBruaXpSDjgrfjg7Pjg5fjg6s=,44CQ5Y+X5rOo55Sf55Sj44CR576O44GX44GE5YWJ44KS5pS+44Gk44OU44Oz44Kv44K044O844Or44OJ44Oq44Oz44Kw4piG6YCB5paZ54Sh5paZ,PGNlbnRlcj48YSBocmVmPSJodHRwczovL215LmJvb2ttYXJrLnJha3V0ZW4uY28uanAvP2Z1bmM9cmVnJnN2aWQ9MTAxJnNob3BfYmlkPTIwMzk0NyZpaWQ9MTAwMDExNzkmaXR5cGU9MSB0YXJnZXQ9X2JsYW5rIj48aW1nIHNyYz0iaHR0cDovL2ltYWdlLnJha3V0ZW4uY28uanAvdmllYW5nZS9jYWJpbmV0L3BfYm5yX2Zhdml0ZW0uanBnIiBib3JkZXI9IjAiIHdpZHRoPSI2NjAiIGhlaWdodD0iMTMwIj48L2E+PC9jZW50ZXI+PGJyPjxicj48aW1nIHNyYz0iaHR0cDovL2ltYWdlLnJha3V0ZW4uY28uanAvdmllYW5nZS9jYWJpbmV0L2NhbXBhaWduL2xyX3JpbmdfcGNfdG9rdXRlbi5qcGciYWx0PSJMb3ZlcnMmUmluZyDjgq3jg6Pjg7Pjg5rjg7zjg7MiPjxicj48YnI+CgoKPGRpdiBjbGFzcz0iY2FfMDEiPgoKPGRpdiBpZD0iZGV0YWlsX2Jhc2UyIj4KIAo8aW1nIHNyYz0iaHR0cDovL2ltYWdlLnJha3V0ZW4uY28uanAvdmllYW5nZS9jYWJpbmV0L2xvdmVyc19hbmRfcmluZy9sb3ZlcnNyaW5nX2ltYWdlL2xzcjA2NTJfaW1hZ2UuanBnIiB3aWR0aD0iNjYwIiBoZWlnaHQ9IjQwMCIgLz4KPGJyIC8+PGJyIC8+Cgo8aW1nIHNyYz0iaHR0cDovL2ltYWdlLnJha3V0ZW4uY28uanAvdmllYW5nZS9jYWJpbmV0L2xvdmVyc19hbmRfcmluZy9sb3ZlcnNyaW5nX2ltYWdlL2xzcjA2NTJfaW1hZ2UyLmpwZyIgd2lkdGg9IjY2MCIgaGVpZ2h0PSIxMDkwIiAvPgo8YnIgLz48YnIgLz4KPC9kaXY+Cgo8IS0t4pa84pa84pa844Kr44Op44O844OQ44Oq44Ko44O844K344On44Oz4pa84pa84pa8LS0+IAogIAogIDxpbWcgc3JjPSJodHRwOi8vaW1hZ2UucmFrdXRlbi5jby5qcC92aWVhbmdlL2NhYmluZXQvbG92ZXJzX2FuZF9yaW5nL2xvdmVyc3JpbmdfaW1hZ2UvbHJfdGl0bGVfY29sb3IuanBnIiB3aWR0aD0iNjYwIiBoZWlnaHQ9IjE0NSLjgIBhbHQ9IuOCq+ODqeODvOODkOODquOCqOODvOOCt+ODp+ODsyIgIC8+CiAgCiA8dGFibGUgYm9yZGVyPSIwIiB3aWR0aD0iNjYwcHgiPgogPHRyPjx0ZD4KIDxpbWcgc3JjPSJodHRwOi8vaW1hZ2UucmFrdXRlbi5jby5qcC92aWVhbmdlL2NhYmluZXQvbG92ZXJzX2FuZF9yaW5nL2xvdmVyc3JpbmdfaW1hZ2UvbHJfd2cuanBnIiB3aWR0aD0iMjUwIiBoZWlnaHQ9IjE0MCLjgIBhbHQ9IuODm+ODr+OCpOODiOOCtOODvOODq+ODiSIgLz4KIDwvdGQ+CiA8dGQ+CiA8Zm9udCBzaXplPSIyIiBjb2xvcj0iIzY5Njk2OSI+CiA8Yj7il4YxMOmHkS8xOOmHkeODm+ODr+OCpOODiOOCtOODvOODq+ODiTwvYj48YnI+CuODl+ODqeODgeODiuOCiOOCiuOCguWuieS+oeOBp+eZveOBj+i8neOBj+OBk+OBqOOBi+OCieS6uuawl+OBrue0oOadkOOBp+OBmeOAggrjg63jgrjjgqbjg6DjgrPjg7zjg4bjgqPjg7PjgrDjgYzmlr3jgZXjgozjgIHlpInoibLjgZfjgavjgY/jgYTjgZPjgajjgYwK54m55b6044Gn44GZ44CCPC9mb250PjwvdGQ+CiA8L3RyPiAKIDx0cj48dGQ+CiA8aW1nIHNyYz0iaHR0cDovL2ltYWdlLnJha3V0ZW4uY28uanAvdmllYW5nZS9jYWJpbmV0L2xvdmVyc19hbmRfcmluZy9sb3ZlcnNyaW5nX2ltYWdlL2xyX3BnLmpwZyIgd2lkdGg9IjI1MCIgaGVpZ2h0PSIxNDAi44CAYWx0PSLjg5Tjg7Pjgq/jgrTjg7zjg6vjg4kiIC8+CiA8L3RkPgogPHRkPgogPGZvbnQgc2l6ZT0iMiIgY29sb3I9IiM2OTY5NjkiPgogPGI+4peGMTDph5EvMTjph5Hjg5Tjg7Pjgq/jgrTjg7zjg6vjg4k8L2I+PGJyPgrjg5Tjg7Pjgq/jgrTjg7zjg6vjg4njga7mn5TjgonjgYvjgYTovJ3jgY3jga/jgIHkuIrlk4Hjgaflj6/mhJvjgonjgZfjgY8K5YSq44GX44GE6Zuw5Zuy5rCX44KS5ryU5Ye644GX44CB5aWz5oCn44Gr44Go44Gm44KC5Lq65rCX44Gn44GZ44CCCuOBvuOBn+aXpeacrOS6uuOBruiCjOOBq+mmtOafk+OBv+OChOOBmeOBhOOBqOOBhOOCj+OCjOOBpuOBiuOCiuOAgQrjg5XjgqHjg4Pjgrfjg6fjg7PmgKfjgoLpq5jjgY/jgIHjgrPjg7zjg4fjgqPjg43jg7zjg4jjgZfjgoTjgZnjgYTjgqvjg6njg7zjgafjgZnjgIIKPC9mb250PjwvdGQ+CiA8L3RyPiAKIDx0cj48dGQ+CiA8aW1nIHNyYz0iaHR0cDovL2ltYWdlLnJha3V0ZW4uY28uanAvdmllYW5nZS9jYWJpbmV0L2xvdmVyc19hbmRfcmluZy9sb3ZlcnNyaW5nX2ltYWdlL2xyX3lnLmpwZyIgd2lkdGg9IjI1MCIgaGVpZ2h0PSIxNDAi44CAYWx0PSLjgqTjgqjjg63jg7zjgrTjg7zjg6vjg4kiIC8+CiA8L3RkPgogPHRkPgogPGZvbnQgc2l6ZT0iMiIgY29sb3I9IiM2OTY5NjkiPgogPGI+4peGMTDph5EvMTjph5HjgqTjgqjjg63jg7zjgrTjg7zjg6vjg4k8L2I+PGJyPgroj6/jgoTjgYvjgafnvo7jgZfjgYTovJ3jgY3jgYzprYXlipvjga7jgqTjgqjjg63jg7zjgrTjg7zjg6vjg4njgIIK44Gd44Gu5a2Y5Zyo5oSf44GM5omL5YWD44KS5piO44KL44GP5b2p44KK44G+44GZ44CCCuasp+exs+OBp+OBr+ODluODqeOCpOODgOODq+OCuOODpeOCqOODquODvOOBrue0oOadkOOBqOOBl+OBpuOCggrjg53jg5Tjg6Xjg6njg7zjgafjgZnjgII8L2ZvbnQ+PC90ZD4KIDwvdHI+IAogPHRyPjx0ZD4KIDxpbWcgc3JjPSJodHRwOi8vaW1hZ2UucmFrdXRlbi5jby5qcC92aWVhbmdlL2NhYmluZXQvbG92ZXJzX2FuZF9yaW5nL2xvdmVyc3JpbmdfaW1hZ2UvbHJfcHQuanBnIiB3aWR0aD0iMjUwIiBoZWlnaHQ9IjE0MCLjgIBhbHQ9IuODl+ODqeODgeODiiIgLz4KIDwvdGQ+CiA8dGQ+CiA8Zm9udCBzaXplPSIyIiBjb2xvcj0iIzY5Njk2OSI+CiA8Yj7il4bjg5fjg6njg4Hjg4o5NTA8L2I+PGJyPgrjg5fjg6njg4Hjg4rjga/lpKnnhLbjga7nmb3jgYTovJ3jgY3jgpLmjIHjgaHjgIHogJDkuYXmgKfjgavlhKrjgozjgZ/luIzlsJHkvqHlgKTjga4K6auY44GE57Sg5p2Q44Gn44GZ44CC5aSJ6Imy44GX44Gr44GP44GP44CB44Gd44Gu576O44GX44GE55m944GE6Lyd44GN44GMCuOBhOOBpOOBvuOBp+OCguWkseOCj+OCjOOBquOBhOOBk+OBqOOBi+OCieOAgeOAjOawuOmBoOOBruaEm+OAjeOCkue0hOadn+OBmeOCiwrntZDlqZrmjIfovKrjgavjgoLlpJrjgY/kvb/nlKjjgZXjgozjgabjgYTjgb7jgZnjgII8L2ZvbnQ+PC90ZD4KIDwvdHI+IAogIDwvdGFibGU+CiAgCiAgPGJyPjxicj4KICAKICA8ZGl2IGNsYXNzPSJnb29kc18xMzA1XzA2Ij4KICA8cD7jgZTms6jmlofnorroqo3lvozjgIHllYblk4Hku6Pph5Hjgavov73liqDmlpnph5HjgpLliqDnrpfjgZfjgabjgZToq4vmsYLph5HpoY3jgpLlpInmm7TjgZXjgZvjgabjgYTjgZ/jgaDjgY3jgb7jgZnjgIIK5Yqg566X5b6M44Gu44GU6KuL5rGC6YeR6aGN44Gr44Gk44GE44Gm44Gv44CB44GU5rOo5paH56K66KqN5b6M44Gr44GK6YCB44KK44GZ44KL44Oh44O844Or44KS44GU56K66KqN6aGY44GE44G+44GZ44CCPGJyPuOBvuOBn+OAgee0oOadkOOBq+OCiOOCiue0jeacn+OBjOeVsOOBquOCiuOBvuOBmeOBruOBp+OBlOazqOaEj+OBj+OBoOOBleOBhOOAgiA8L3A+PC9kaXY+CiAgCiA8YnI+PGJyPgogCiAgPCEtLeKWvOKWvOKWvOODquODs+OCsOOCteOCpOOCuuKWvOKWvOKWvC0tPiAKICAKICA8aW1nIHNyYz0iaHR0cDovL2ltYWdlLnJha3V0ZW4uY28uanAvdmllYW5nZS9jYWJpbmV0L2xvdmVyc19hbmRfcmluZy9sb3ZlcnNyaW5nX2ltYWdlL2xyX3RpdGxlX3NpemU0LmpwZyIgd2lkdGg9IjY2MCIgaGVpZ2h0PSI4OTci44CAYWx0PSLjg6rjg7PjgrDjgrXjgqTjgroiIGNsYXNzPSJpbWcxMCIgLz4KIAogCiAKICA8IS0t4pa84pa84pa85Yi75Y2w44K144O844OT44K54pa84pa84pa8LS0+IAogIAogIDxpbWcgc3JjPSJodHRwOi8vaW1hZ2UucmFrdXRlbi5jby5qcC92aWVhbmdlL2NhYmluZXQvbG92ZXJzX2FuZF9yaW5nL2xvdmVyc3JpbmdfaW1hZ2UvbHJfdGl0bGVfa29rdWluLmpwZyIgd2lkdGg9IjY2MCIgaGVpZ2h0PSI1OCLjgIBhbHQ9IuWIu+WNsOOCteODvOODk+OCuSIgY2xhc3M9ImltZzEwIiAvPgogIAogPHAgY2xhc3M9ImltZzIwIj7jgZTluIzmnJvjga7mlrnjgavjga/jgIHjg6rjg7PjgrDjga7lhoXlgbTjgavjg6Hjg4Pjgrvjg7zjgrjjgoTjgYrlkI3liY3jgarjganjgpLnhKHmlpnjgafliLvljbAo5paH5a2X5YWl44KMKeOBleOBm+OBpuOBhOOBn+OBoOOBjeOBvuOBmeOAgjwvcD4KICAgIAogICAgPGRpdiBjbGFzcz0iY2xlYXJmaXggZ29vZHNfMTMwNV8wNSI+CiAgICAgICA8ZGl2PgogICAgICAgICA8cCBjbGFzcz0iaW1nMjUiPuKXhuabuOS9k+OBr+ODluODreODg+OCr+S9k+OBi+ethuiomOS9k+OBruOBhOOBmuOCjOOBi+OCkuOBiumBuOOBs+OBhOOBn+OBoOOBkeOBvuOBmeOAgjwvcD4KICAgICAgICAg4peG5L2144Gb44Gm5pif5bqn44Oe44O844Kv44O75LiA6YOo44Gu57W15paH5a2X44GM5Yi75Y2w5Y+v6IO944Gn44GZ44CC5L2/55So5Y+v6IO944Gq6KiY5Y+344O757W15paH5a2X44Gr6Zai44GX44G+44GX44Gm44Gv44CB5LiL6KiY44Gr5o6y56S644GV44KM44Gm44GE44G+44GZ5pu45L2T6KaL5pys44KS44GU5Y+C54Wn6aGY44GE44G+44GZ44CCCiAgICAgIDwvZGl2PgogICAgICAgPGltZyBzcmM9Imh0dHA6Ly9pbWFnZS5yYWt1dGVuLmNvLmpwL3ZpZWFuZ2UvY2FiaW5ldC9wYXJ0cy9sc3IwNjUwXzUyYS5qcGciIC8+ICA8L2Rpdj4KICAgIAogICAgPGltZyBzcmM9Imh0dHA6Ly9pbWFnZS5yYWt1dGVuLmNvLmpwL3ZpZWFuZ2UvY2FiaW5ldC9wYXJ0cy9sc3IwNjUwXzU0LmpwZyIgY2xhc3M9ImltZzA1IiAvPgogICAgCiAgPHAgc3R5bGU9ImZvbnQtc2l6ZTogMTRweDsiIGNsYXNzPSJpbWcyMCI+4oC744GT44Gh44KJ44Gu5ZWG5ZOB44Gr5YWl44KM44KJ44KM44KL5Yi75Y2w5paH5a2X5pWwPHNwYW4gc3R5bGU9ImNvbG9yOiAjRkYwMDY2Ij4zMOaWh+Wtl+OBvuOBpzwvc3Bhbj7jgafjgZnjgII8L3A+CiAgPHAgY2xhc3M9ImltZzEwIj7jgZPjga7llYblk4Hjga/jgIHjgqLjg6vjg5XjgqHjg5njg4Pjg4jlpKfmloflrZfjg7voi7HmlbDlrZflkIjjgo/jgZvjgaY8c3BhbiBzdHlsZT0iY29sb3I6ICNGRjAwNjYiPjMw5paH5a2X44G+44Gn5Yi75Y2w5Y+v6IO977yI5LiA5paH5a2X57SEMC45772N772N5aSn77yJPC9zcGFuPuOBp+OBmeOAguiomOWPt+OAgeOCueODmuODvOOCueOAgeODnuODvOOCr+OBquOBqeOCgu+8keaWh+Wtl+WIhuOBqOOBl+OBpuOCq+OCpuODs+ODiOOBleOCjOOBvuOBmeOAguODnuODvOOCr+ODu+e1teaWh+Wtl+OCkuOBlOiomOWFpeOBruWgtOWQiOOBr+OAgeabuOS9k+imi+acrOOBq+iomOi8ieOBleOCjOOBpuOBhOOCi+ODnuODvOOCr+OBruS4uOeVquWPt+OCkuWIu+WNsOS9jee9ruOBq+OBlOiomOWFpemhmOOBhOOBvuOBmeOAgjwvcD4KICAKICA8YnI+PGJyPgogCiA8ZGl2IGNsYXNzPSJnb29kc18xMzA1XzA2Ij4KICA8cD7jg5fjg6vjg4Djgqbjg7Pjg6Hjg4vjg6Xjg7zjgYvjgonjgZTluIzmnJvjga7mm7jkvZPjgpLjgYrpgbjjgbPjgY/jgaDjgZXjgYTjgILms6jmlofnlLvpnaLjga7jgIzliLvljbDlr77osaHllYblk4HjgpLjgZTms6jmlofjga7mlrnjga8K44GT44Gh44KJ44Gr44GU6KiY5YWl44GP44Gg44GV44GE44CN5qyE44Gr5Yi75Y2w5YaF5a6544KS44GU6KiY5YWl44GP44Gg44GV44GE44CC5ZWG5ZOB44KSMuWAi+S7peS4iuOBiuiyt+OBhOS4iuOBkuOBruWgtOWQiOOBr+OAgQrliLvljbDlr77osaHllYblk4HjgYzliIbjgYvjgovjgojjgYbjgZTkvbXoqJjjgYrpoZjjgYToh7TjgZfjgb7jgZnjgIIK5L6L44CM44Os44OH44Kj44O844K577ya4peL4peL4peL4peL44CN44CM44Oh44Oz44K677ya4peL4peL4peL4peL44CN44Gq44GpPC9wPjwvZGl2PgoKPGJyPjxicj4KCiA8IS0t4pa84pa84pa86KOP55+z4pa84pa84pa8LS0+IAogIAogIDxpbWcgc3JjPSJodHRwOi8vaW1hZ2UucmFrdXRlbi5jby5qcC92aWVhbmdlL2NhYmluZXQvbG92ZXJzX2FuZF9yaW5nL2xvdmVyc3JpbmdfaW1hZ2UvbHJfdGl0bGVfc3RvbmUuanBnIiB3aWR0aD0iNjYwIiBoZWlnaHQ9IjE0NSLjgIBhbHQ9IuiqleeUn+efsyIgY2xhc3M9ImltZzEwIiAvPgogCiAgPHAgY2xhc3M9ImltZzE1Ij7jg6rjg7PjgrDjga7lhoXlgbTjgavjgIHjgZToh6rouqvjgoTlpKfliIfjgarmlrnjga7oqpXnlJ/nn7PjgpLjgYrlhaXjgozjgZnjgovjgZPjgajjgYzjgafjgY3jgb7jgZnjgII8YnIgLz4KICDliLvljbDjg6Hjg4Pjgrvjg7zjgrjjgajntYTjgb/lkIjjgo/jgZvjgovjgZPjgajjgavjgojjgorjgIHjgYrkuozkurrjga7mg7PjgYTjgoTjgqLjgqTjg4fjg7Pjg4bjgqPjg4bjgqPjgpLjgojjgoroibLprq7jgoTjgYvjgavmvJTlh7rjgZnjgovjgZPjgajjgYzlj6/og73jgafjgZnjgII8L3A+CiAgCiAgPGltZyBzcmM9Imh0dHA6Ly9pbWFnZS5yYWt1dGVuLmNvLmpwL3ZpZWFuZ2UvY2FiaW5ldC9wYXJ0cy9sc3IwNjUwXzQ2LmpwZyIgY2xhc3M9ImltZzI1IiAvPgoKIDxkaXYgY2xhc3M9Imdvb2RzXzEzMDVfMDYiPgogIDxwPuOBlOazqOaWh+eiuuiqjeW+jOOAgeWVhuWTgeS7o+mHkeOBq+i/veWKoOaWmemHkeOCkuWKoOeul+OBl+OBpuOBlOiri+axgumHkemhjeOCkuWkieabtOOBleOBm+OBpuOBhOOBn+OBoOOBjeOBvuOBmeOAggrliqDnrpflvozjga7jgZToq4vmsYLph5HpoY3jgavjgaTjgYTjgabjga/jgIHjgZTms6jmlofnorroqo3lvozjgavjgYrpgIHjgorjgZnjgovjg6Hjg7zjg6vjgpLjgZTnorroqo3poZjjgYTjgb7jgZnjgII8YnI+44G+44Gf44CB57Sg5p2Q44Gr44KI44KK57SN5pyf44GM55Ww44Gq44KK44G+44GZ44Gu44Gn44GU5rOo5oSP44GP44Gg44GV44GE44CCIDwvcD48L2Rpdj4K44CACgogIDwhLS3ilrzilrzilrzjg6njg4Pjg5Tjg7PjgrDjg7vjg6Hjg4Pjgrvjg7zjgrjjgqvjg7zjg4nilrzilrzilrwtLT4gICAKICAKICA8aW1nIHNyYz0iaHR0cDovL2ltYWdlLnJha3V0ZW4uY28uanAvdmllYW5nZS9jYWJpbmV0L3dyYXBwaW5nL3dyYXBwaW5nX3RpdGxlLmpwZyIgYWx0PSLjg6njg4Pjg5Tjg7PjgrAiPgoKPGJyPjxicj48YnI+Cgo8dGFibGUgYm9yZGVyPSIwIiB3aWR0aD0iNjYwcHgiPgo8dHI+Cjx0ZD4KPGltZyBzcmM9Imh0dHA6Ly9pbWFnZS5yYWt1dGVuLmNvLmpwL3ZpZWFuZ2UvY2FiaW5ldC93cmFwcGluZy9scl93cmFwXzAxXzEuanBnIiBhbHQ9IkxvdmVycyZSaW5n44CA6YCa5bi444Op44OD44OU44Oz44KwIj4KPC90ZD4KPHRkPgo8aW1nIHNyYz0iaHR0cDovL2ltYWdlLnJha3V0ZW4uY28uanAvdmllYW5nZS9jYWJpbmV0L3dyYXBwaW5nL2xyX3dyYXBfMDIuanBnIiBhbHQ9IkxvdmVycyZSaW5n44CA44Ko44Kz44Op44OD44OU44Oz44KwIj4KPC90ZD4KPHRkPgo8YSAgaHJlZj0iaHR0cDovL2l0ZW0ucmFrdXRlbi5jby5qcC92aWVhbmdlL2MvMDAwMDAwMDc4Mi8iPjxpbWcgc3JjPSJodHRwOi8vaW1hZ2UucmFrdXRlbi5jby5qcC92aWVhbmdlL2NhYmluZXQvd3JhcHBpbmcvbHJfd3JhcF8wMy5qcGciIGFsdD0iTG92ZXJzJlJpbmfjgIDjgrnjg5rjgrfjg6Pjg6vjg6njg4Pjg5Tjg7PjgrAiPjwvYT4KPC90ZD4KPC90cj4KPC90YWJsZT4KPGltZyBzcmM9Imh0dHA6Ly9pbWFnZS5yYWt1dGVuLmNvLmpwL3ZpZWFuZ2UvY2FiaW5ldC93cmFwcGluZy9raWtpbi5qcGciIGFsdD0i5aSp5L2/44Gu5Y215Z+66YeRIj4KICAKICA8YSAgaHJlZj0iaHR0cDovL2l0ZW0ucmFrdXRlbi5jby5qcC92aWVhbmdlL2MvMDAwMDAwMDc5MS8iPgo8aW1nIHNyYz0iaHR0cDovL2ltYWdlLnJha3V0ZW4uY28uanAvdmllYW5nZS9jYWJpbmV0L3dyYXBwaW5nL2xzX2NhcmQuanBnIiBhbHQ9IuODoeODg+OCu+ODvOOCuOOCq+ODvOODiSI+PC9hPgoKCiA8IS0t4pa84pa84pa844Oa44Ki44O75Y2Y5ZOB44Oq44Oz44Kv4pa84pa84pa8LS0+ICAgCiAKICA8aW1nIHNyYz0iaHR0cDovL2ltYWdlLnJha3V0ZW4uY28uanAvdmllYW5nZS9jYWJpbmV0L2xvdmVyc19hbmRfcmluZy9sb3ZlcnNyaW5nX2ltYWdlL2xyX2xpbmtfbWVucy5qcGciIHdpZHRoPSI2NjAiIGhlaWdodD0iNTgiIGNsYXNzPSJpbWcxMCIgLz4KICAKICAKIDxkaXYgY2xhc3M9ImxpbmtfcGFpcl9tZW5zIj4KICAgICA8ZGl2IGNsYXNzPSJ0YW5waW5fbGVmdCI+PGEgaHJlZj0iaHR0cDovL2l0ZW0ucmFrdXRlbi5jby5qcC92aWVhbmdlL2xzcjA2NTJway1iay8gIj4KPGltZyBzcmM9Imh0dHA6Ly9pbWFnZS5yYWt1dGVuLmNvLmpwL3ZpZWFuZ2UvY2FiaW5ldC9sb3ZlcnNfYW5kX3JpbmcvbG92ZXJzcmluZ19pbWFnZS9sc3IwNjUyX3BhaXIuanBnIiB3aWR0aD0iMjM1IiBoZWlnaHQ9IjIzNSIgY2xhc3M9ImltZzIwIiAvPjwvYT4KICAgIDwvZGl2PgogICAgPGRpdiBjbGFzcz0idGFucGluX3JpZ2h0Ij48YSBocmVmPSJodHRwOi8vaXRlbS5yYWt1dGVuLmNvLmpwL3ZpZWFuZ2UvbHNyMDY1MndnLyAiPgo8aW1nIHNyYz0iaHR0cDovL2ltYWdlLnJha3V0ZW4uY28uanAvdmllYW5nZS9jYWJpbmV0L2xvdmVyc19hbmRfcmluZy9sb3ZlcnNyaW5nX2ltYWdlL2xzcjA2NTJfdGFucGluX21lbnMuanBnIiB3aWR0aD0iMjM1IiBoZWlnaHQ9IjIzNSIgY2xhc3M9ImltZzIwIiAvPjwvYT4KICAgIDwvZGl2PgogIDwvZGl2PgoKCgo8YSBocmVmPSJodHRwOi8vaXRlbS5yYWt1dGVuLmNvLmpwL3ZpZWFuZ2UvYy8wMDAwMDAwNjY2LyI+PGltZyBzcmM9Imh0dHA6Ly9pbWFnZS5yYWt1dGVuLmNvLmpwL3ZpZWFuZ2UvY2FiaW5ldC9pbWFnZS9tb3JlX3BhaXJyaW5nMi5qcGciIHdpZHRoPSI2NjAiIGhlaWdodD0iMTIwIiBib3JkZXI9IjAiPjwvYT48YnI+PGJyPgogIAogIAogIAogIDxpbWcgc3JjPSJodHRwOi8vaW1hZ2UucmFrdXRlbi5jby5qcC92aWVhbmdlL2NhYmluZXQvcGFydHMvbHNyMDY1MF82OC5naWYiIGNsYXNzPSJpbWczMCIgLz4KCgo8L2Rpdj48L2Rpdj4KCjx0YWJsZSB3aWR0aD0iMzkwIiBib3JkZXI9IjAiPgogIDx0cj4KICAgIDx0ZD48Zm9udCBjb2xvcj0jNjk2OTY5IHNpemU9IjIiPuOAkExvdmVycyAmIFJpbmfjgJHjgJBUcnVlIExvdmUg44K344Oq44O844K644CR44CQ5rqd5YiH44K/44Kk44OX44CRSzEw44Oa44Ki44Oq44Oz44Kw77yc44Os44OH44Kj44O844K577yePGJyPgogICAgICAgIDwvdGQ+CiAgPC90cj4KPC90YWJsZT4KPHRhYmxlIHdpZHRoPSIzOTAiIGJvcmRlcj0iMCI+CiAgPHRyPgogICAgPHRkIHdpZHRoPSIxMjUiPiZuYnNwOzwvdGQ+CiAgICA8dGQgd2lkdGg9IjEzNiI+Jm5ic3A7PC90ZD4KICAgIDx0ZCB3aWR0aD0iMTE1Ij4mbmJzcDs8L3RkPgogIDwvdHI+CiAgPHRyPgogICAgPHRkPjxkaXYgYWxpZ249ImNlbnRlciI+PGltZyBzcmM9Imh0dHA6Ly9pbWFnZS5yYWt1dGVuLmNvLmpwL3ZpZWFuZ2UvY2FiaW5ldC9sb3ZlcnNfYW5kX3JpbmcvbHNyMDY1MnBhaXIxMDB4MTAwLmpwZyIgYWx0PSLjg5rjgqLosqnlo7IiIHdpZHRoPSIxMDAiIGhlaWdodD0iMTAwIiBib3JkZXI9IjAiPjwvZGl2PjwvdGQ+CiAgICA8dGQ+PGRpdiBhbGlnbj0iY2VudGVyIj48aW1nIHNyYz0iaHR0cDovL2ltYWdlLnJha3V0ZW4uY28uanAvdmllYW5nZS9jYWJpbmV0L2xvdmVyc19hbmRfcmluZy9sc3IwNjUyd2cxMDB4MTAwLmpwZyIgYWx0PSLjg6Hjg7PjgrrljZjkvZMiIHdpZHRoPSIxMDAiIGhlaWdodD0iMTAwIiBib3JkZXI9IjAiPjwvZGl2PjwvdGQ+CiAgICA8dGQ+PGRpdiBhbGlnbj0iY2VudGVyIj48L2Rpdj48L3RkPgogIDwvdHI+CiAgPHRyPgogICAgPHRkPjxkaXYgYWxpZ249ImNlbnRlciI+PGZvbnQgc2l6ZT0iLTEiPuODmuOCouiyqeWjsjwvZm9udD48L2Rpdj48L3RkPgogICAgPHRkPjxkaXYgYWxpZ249ImNlbnRlciI+PGZvbnQgc2l6ZT0iLTEiPuODoeODs+OCuuWNmOWTgTwvZm9udD48L2Rpdj48L3RkPgogICAgPHRkPjxkaXYgYWxpZ249ImNlbnRlciI+PC9kaXY+PC90ZD4KICA8L3RyPgo8L3RhYmxlPgo8dGFibGUgd2lkdGg9IjM5MCIgYm9yZGVyPSIwIj4KICA8dHI+CiAgICA8dGQgd2lkdGg9Ijg5Ij4mbmJzcDs8L3RkPgogICAgPHRkIHdpZHRoPSIyOTEiPiZuYnNwOzwvdGQ+CiAgPC90cj4KICA8dHI+CiAgICA8dGQ+PGZvbnQgY29sb3I9IzY5Njk2OSBzaXplPSIyIj7ilqDjgIDntKDmnZDjgIDilqA8L2ZvbnQ+PC90ZD4KICAgIDx0ZD4mbmJzcDs8L3RkPgogIDwvdHI+CjwvdGFibGU+Cjx0YWJsZSB3aWR0aD0iMzkwIiBib3JkZXI9IjAiPgogIDx0cj4KICAgIDx0ZCB3aWR0aD0iODkiPjxkaXYgYWxpZ249InJpZ2h0Ij48Zm9udCBjb2xvcj0iIzY5Njk2OSIgc2l6ZT0iMiI+44Os44OH44Kj44O844K577yaPC9mb250PjwvZGl2PjwvdGQ+CiAgICA8dGQgd2lkdGg9IjI5MSI+PGZvbnQgY29sb3I9IzY5Njk2OSBzaXplPSIyIj5LMTAo44OU44Oz44Kv44K044O844Or44OJKTwvZm9udD48L3RkPgogIDwvdHI+CiAgPHRyPgogICAgPHRkPiZuYnNwOzwvdGQ+CiAgICA8dGQ+Jm5ic3A7PC90ZD4KICA8L3RyPgo8L3RhYmxlPgo8dGFibGUgd2lkdGg9IjM5MCIgYm9yZGVyPSIwIj4KICA8dHI+CiAgICA8dGQ+PGZvbnQgY29sb3I9IzY5Njk2OSBzaXplPSIyIj7ilqAg5aSn44GN44GVKG1tKSDilqA8L2ZvbnQ+PC90ZD4KICA8L3RyPgo8L3RhYmxlPgo8dGFibGUgd2lkdGg9IjM5MCIgYm9yZGVyPSIwIj4KICA8dHI+CiAgICA8dGQgd2lkdGg9Ijg5Ij4mbmJzcDs8L3RkPgogICAgPHRkIHdpZHRoPSIyOTEiPjxmb250IGNvbG9yPSM2OTY5Njkgc2l6ZT0iMiI+5bmF57SEMi4ww5fljprjgb/ntIQxLjU8L2ZvbnQ+PC90ZD4KICA8L3RyPgogIDx0cj4KICAgIDx0ZD4mbmJzcDs8L3RkPgogICAgPHRkPiZuYnNwOzwvdGQ+CiAgPC90cj4KPC90YWJsZT4KPHRhYmxlIHdpZHRoPSIzOTAiIGJvcmRlcj0iMCI+CiAgPHRyPgogICAgPHRkIHdpZHRoPSIzOTAiPjxmb250IGNvbG9yPSM2OTY5Njkgc2l6ZT0iMiI+4pag44CA6YeN6YeP44CA4pagPC9mb250PjwvdGQ+CiAgICA8dGQgd2lkdGg9IjI5MSI+Jm5ic3A7PC90ZD4KICA8L3RyPgo8L3RhYmxlPgo8dGFibGUgd2lkdGg9IjM5MCIgYm9yZGVyPSIwIj4KICA8dHI+CiAgICA8dGQgd2lkdGg9Ijg5Ij4mbmJzcDs8L3RkPgogICAgPHRkIHdpZHRoPSIyOTEiPjxmb250IGNvbG9yPSM2OTY5Njkgc2l6ZT0iMiI+57SEMi4wZzwvZm9udD48L3RkPgogIDwvdHI+CiAgPHRyPgogICAgPHRkPiZuYnNwOzwvdGQ+CiAgICA8dGQ+PGZvbnQgY29sb3I9IiMwMDk5RkYiIHNpemU9IjEiPuKAu+Wkp+OBjeOBleODu+mHjeOBleOBq+OBr+WkmuWwkeOBruWAi+S9k+W3ruOBjOeUn+OBmOOBvuOBmTwvZm9udD48L3RkPgogIDwvdHI+CjwvdGFibGU+Cjx0YWJsZSB3aWR0aD0iMzkwIiBib3JkZXI9IjAiPgogIDx0cj4KICAgIDx0ZCB3aWR0aD0iMzkwIiBoZWlnaHQ9IjE1Ij48Zm9udCBjb2xvcj0jNjk2OTY5IHNpemU9IjIiPuKWoOimj+WumuOCteOCpOOCuuKWoDwvZm9udD48L3RkPgogICAgPHRkIHdpZHRoPSIyOTIiPiZuYnNwOzwvdGQ+CiAgPC90cj4KPC90YWJsZT4KPHRhYmxlIHdpZHRoPSIzOTAiIGJvcmRlcj0iMCI+CiAgPHRyPgogICAgPHRkIHdpZHRoPSI4OSIgaGVpZ2h0PSI1MSI+Jm5ic3A7PC90ZD4KICAgIDx0ZCB3aWR0aD0iMjkxIj48Zm9udCBjb2xvcj0jNjk2OTY5IHNpemU9IjIiPjXlj7fjgYvjgokyM+WPt+OBvuOBpzxicj4K4oC7MjTlj7fku6XkuIrjga7jgrXjgqTjgrrjga/liKXpgJTmlpnph5HjgYznmbrnlJ/jgYTjgZ/jgZfjgb7jgZnjgILjgb7jgZ/jgIHntI3mnJ/jgYwx6YCx6ZaT44G744Gp6ZW344GP44Gq44KK44G+44GZ44CCPGJyPgo8YnI+CuKAuzTlj7fku6XkuIvjga7jgrXjgqTjgrrjga7loLTlkIjjgIHov73liqDmlpnph5Hjga/nmbrnlJ/jgYTjgZ/jgZfjgb7jgZvjgpPjgYzjgIE8Zm9udCBjb2xvcj0iIzAwOTlGRiI+57SN5pyf44GMMemAsemWk++8iDfllrbmpa3ml6XvvInjgbvjganliqDnrpfjgZXjgozjgb7jgZk8L2ZvbnQ+44CCPGJyPjxicj4K4peG6KaP5a6a5aSW44K144Kk44K644Gu44Kq44O844OA44O85pa55rOV4peGPGJyPgo8YnI+CuOCteOCpOOCuuOBruODl+ODq+ODgOOCpuODs+ODoeODi+ODpeODvOOCiOOCiu+8nOS4iuiomOS7peWklu+8nuOCkuOBlOmBuOaKnuS4i+OBleOBhOOAguazqOaWh+eUu+mdouOBrumAmuS/oeashOOBq+OBlOW4jOacm+OBruOCteOCpOOCuuOCkuOBlOaYjuiomOOBj+OBoOOBleOBhOOAguW9k+aWueOBq+OBpuW3rumhjeOCkueul+WHuuOBruOBhuOBiOOAgeOBiuWuouanmOOBq+OBlOmAo+e1oeOBhOOBn+OBl+OBvuOBmeOAguOBiuWuouanmOOBruOBlOS6huaJv+OCkuOBhOOBn+OBoOOBhOOBn+aZgueCueOBp+OAgeW9k+aWueOBq+OBpui/veWKoOaWmemHkeOCkuWKoOeul+OBl+OBpuOAgeOBlOiri+axgue3j+mhjeOCkuWkieabtOOBleOBm+OBpuOBhOOBn+OBoOOBjeOBvuOBmeOAggo8L2ZvbnQ+PC90ZD4KICA8L3RyPgogIDx0cj4KICAgIDx0ZD4mbmJzcDs8L3RkPgogICAgPHRkPiZuYnNwOzwvdGQ+CiAgPC90cj4KPC90YWJsZT4KPHRhYmxlIHdpZHRoPSIzOTAiIGJvcmRlcj0iMCI+CiAgPHRyPgogICAgPHRkIHdpZHRoPSIzOTAiPjxmb250IGNvbG9yPSM2OTY5Njkgc2l6ZT0iMiI+4pagIOWIu+WNsOWPr+iDveaWh+Wtl+aVsCAv44OV44Kp44Oz44OI44K144Kk44K6IOKWoDwvZm9udD48L3RkPgogICAgPHRkIHdpZHRoPSIxNjkiPiZuYnNwOzwvdGQ+CiAgPC90cj4KPC90YWJsZT4KPHRhYmxlIHdpZHRoPSIzOTAiIGJvcmRlcj0iMCI+CiAgPHRyPgogICAgPHRkIHdpZHRoPSI4OSI+Jm5ic3A7PC90ZD4KICAgIDx0ZCB3aWR0aD0iMjkxIj48Zm9udCBjb2xvcj0jNjk2OTY5IHNpemU9IjIiPjMw5paH5a2XIC8g5LiA5paH5a2X57SEMC45772N772N5aSnPC9mb250PjwvdGQ+CiAgPC90cj4KICA8dHI+CiAgICA8dGQ+Jm5ic3A7PC90ZD4KICAgIDx0ZD4mbmJzcDs8L3RkPgogIDwvdHI+CjwvdGFibGU+Cjx0YWJsZSB3aWR0aD0iMzkwIiBib3JkZXI9IjAiPgogIDx0cj4KICAgIDx0ZCB3aWR0aD0iMzkwIj48Zm9udCBjb2xvcj0jNjk2OTY5IHNpemU9IjIiPuKWoCDoo4/nn7PlhaXjgozjgqrjg5fjgrfjg6fjg7PilqAKPC9mb250PjwvdGQ+CiAgICA8dGQgd2lkdGg9IjE2OSI+Jm5ic3A7PC90ZD4KICA8L3RyPgo8L3RhYmxlPgo8dGFibGUgd2lkdGg9IjM5MCIgYm9yZGVyPSIwIj4KICA8dHI+CiAgICA8dGQgd2lkdGg9Ijg5Ij4mbmJzcDs8L3RkPgogICAgPHRkIHdpZHRoPSIyOTEiPjxmb250IGNvbG9yPSM2OTY5Njkgc2l6ZT0iMiI+4oC744GK5YWl44KM44GZ44KL6KqV55Sf55+z44Gr44KI44KK44Kq44OX44K344On44Oz5paZ6YeR77yI55+z5LujK+WKoOW3peaWmemHke+8ieOBjOeVsOOBquOCiuOBvuOBmeOAgjxiciAvPgogICAg6KOP55+z5YWl44KM44Kq44OX44K344On44Oz44KS44GU5biM5pyb44Gu44GK5a6i44GV44G+44Gv44CB44Oq44Oz44Kw44Gu44GU5rOo5paH44Go5ZCI44KP44Gb44Gm44GU5biM5pyb44Gu55+z44KS44GK6YG444Gz5LiL44GV44GE44CCPC9mb250PjxiciAvPjxiciAvPgrjgIA8Zm9udCBjb2xvcj0iI2ZmMDAwMCJzaXplPSIyIj48c3Ryb25nPuOBlOazqOaWh+eiuuiqjeW+jOOAgeWVhuWTgeS7o+mHkeOBq+ijj+efs+aWmemHkeOCkuWKoOeul+OBl+OBpuOBlOiri+axgumHkemhjeOCkuWkieabtOOBleOBm+OBpuOBhOOBn+OBoOOBjeOBvuOBmeOAguWKoOeul+W+jOOBruOBlOiri+axgumHkemhjeOBq+OBpOOBhOOBpuOBr+OAgeOBlOazqOaWh+eiuuiqjeW+jOOBq+OBiumAgeOCiuOBmeOCi+ODoeODvOODq+OCkuOBlOeiuuiqjemhmOOBhOOBvuOBmeOAgjwvc3Ryb25nPjwvZm9udD4KICAgCjwvdGQ+CiAgPC90cj4KICA8dHI+CiAgICA8dGQ+Jm5ic3A7PC90ZD4KICAgIDx0ZD4mbmJzcDs8L3RkPgogIDwvdHI+CjwvdGFibGU+Cjx0YWJsZSB3aWR0aD0iMzkwIiBib3JkZXI9IjAiPgogIDx0cj4KICAgIDx0ZCB3aWR0aD0iMzMyIj48Zm9udCBjb2xvcj0jNjk2OTY5IHNpemU9IjIiPuKWoOacquS9v+eUqOWTgeOBruOCteOCpOOCuuWkieabtO+8iOWIneacn+OCteOCpOOCuuWkieabtO+8ieOBq+OBpOOBhOOBpuKWoDwvZm9udD48L3RkPgogICAgPHRkIHdpZHRoPSI0OCI+Jm5ic3A7PC90ZD4KICA8L3RyPgo8L3RhYmxlPgo8dGFibGUgd2lkdGg9IjM5MCIgYm9yZGVyPSIwIj4KICA8dHI+CiAgICA8dGQgd2lkdGg9Ijg5IiBoZWlnaHQ9IjUxIj4mbmJzcDs8L3RkPgogICAgPHRkIHdpZHRoPSIyOTEiPjxmb250IGNvbG9yPSIjNjk2OTY5IiBzaXplPSIyIj48YnI+5LiH44GM5LiA44GK5a6i5qeY44Gu44GK5omL5YWD44Gr5bGK44GE44Gf5ZWG5ZOB44Gu44K144Kk44K644GM5ZCI44KP44Ga44CB5LuW44Gu44K144Kk44K644G444Gu5aSJ5pu044KS44GU5biM5pyb44Gu5aC05ZCI44Gr44Gv44CBPGZvbnQgY29sb3I9IiMwMDk5RkYiPuacquS9v+eUqOOBruWTgeOBq+mZkOOCijwvZm9udD7jgrXjgqTjgrrnm7TjgZfjgIHjgb7jgZ/jga/jgrXjgqTjgrrkuqTmj5vjgpLmib/jgorjgb7jgZnjgILlv4XjgZo8Zm9udCBjb2xvcj0iIzAwOTlGRiI+5ZWG5ZOB5Yiw552A5b6MMemAsemWk+S7peWGhTwvZm9udD7jgavjgZTpgKPntaHjgYTjgZ/jgaDjgY3jgb7jgZnjgojjgYbjgYrpoZjjgYTnlLPjgZfkuIrjgZLjgb7jgZnjgII8YnI+CiAgICAgIDxicj4K4peG5ZWG5ZOB5Yiw552A5b6MMemAsemWk+S7peWGheOBq+OBlOmAo+e1oeOBhOOBn+OBoOOBkeOBquOBi+OBo+OBn+WgtOWQiOOChOOAgeWVhuWTgeOBq+iRl+OBl+OBhOS9v+eUqOeXleOBquOBqeOBjOOBguOCi+WgtOWQiOOBq+OBr+OCteOCpOOCuuWkieabtOODu+S6pOaPm+OCkuaJv+OCiuOBi+OBreOCi+OBk+OBqOOCguOBlOOBluOBhOOBvuOBmeOBruOBp+OBlOS6huaJv+mhmOOBhOOBvuOBmeOAgjxicj48YnI+CuKXhuWVhuWTgeWPl+OBkea4oeOBl+OBq+mWouOCj+OCi+W+gOW+qeOBrumAgeaWmeOBr+OAgeOBiuWuouanmOOBruOBlOiyoOaLheOBqOOBquOCiuOBvuOBmeOAgjxicj48YnI+CuKXhuWVhuWTgeOBqzxmb250IGNvbG9yPSIjMDA5OUZGIj7liLvljbDjgpLlhaXjgozjgabjgYTjgovloLTlkIg8L2ZvbnQ+44KEPGZvbnQgY29sb3I9IiMwMDk5RkYiPuijj+efs+OCkueVmeOCgeOBpuOBhOOCi+WgtOWQiDwvZm9udD7jga/jgIHkuqTmj5vmiYvmlbDmlpnjgYzliKXpgJTnmbrnlJ/jgYTjgZ/jgZfjgb7jgZnjgILjgb7jgZ/jgIHopo/lrprlpJbjgrXjgqTjgrrjgavplqLjgo/jgovjgrXjgqTjgrrlpInmm7Tjga/jgrXjgqTjgrrlt67poY3mlpnjgYzliKXpgJTnmbrnlJ/jgYTjgZ/jgZfjgb7jgZnjgILoqbPntLDjgavplqLjgZfjgb7jgZfjgabjga/jgIHjgZPjgaHjgonjga7jgIzliJ3mnJ/jgrXjgqTjgrrlpInmm7Tjga7nm67lronjgI3jgpLjgZTlj4Lnhafjga7jgYbjgYjjgIHjg6Hjg7zjg6vjgavjgabjgYrllY/jgYTlkIjjgo/jgZvpoZjjgYTjgb7jgZnjgII8YnI+PGJyPgril4bmnKzjgrXjg7zjg5Pjgrnjga7pgannlKjjga/jgIHliJ3lm57pmZDjgorjgajjgZXjgZvjgabjgYTjgZ/jgaDjgY3jgb7jgZnjgIIKPC9mb250PjwvdGQ+CiAgPC90cj4KICA8dHI+CiAgICA8dGQ+Jm5ic3A7PC90ZD4KICAgIDx0ZD4mbmJzcDs8L3RkPgogIDwvdHI+CjwvdGFibGU+Cjx0YWJsZSB3aWR0aD0iMzkwIiBib3JkZXI9IjAiPgogIDx0cj4KICAgIDx0ZCB3aWR0aD0iMzIyIj48Zm9udCBjb2xvcj0jNjk2OTY5IHNpemU9IjIiPuKWoOOBlOS9v+eUqOOBq+OBquOCieOCjOOBn+WVhuWTgeOBruOCteOCpOOCuuebtOOBl+OBruWPr+WQpi/nm7TjgZfluYXilqA8L2ZvbnQ+PC90ZD4KICAgIDx0ZCB3aWR0aD0iNTgiPiZuYnNwOzwvdGQ+CiAgPC90cj4KPC90YWJsZT4KPHRhYmxlIHdpZHRoPSIzOTAiIGJvcmRlcj0iMCI+CiAgPHRyPgogICAgPHRkIHdpZHRoPSI4OCI+PGRpdiBhbGlnbj0icmlnaHQiPjxmb250IGNvbG9yPSIjNjk2OTY5IiBzaXplPSIyIj7jg6zjg4fjgqPjg7zjgrnvvJo8L2ZvbnQ+PC9kaXY+CiAgICA8L3RkPgogICAgPHRkIHdpZHRoPSIyOTIiPjxmb250IGNvbG9yPSM2OTY5Njkgc2l6ZT0iMiI+5LiN5Y+vPC9mb250PjwvdGQ+CiAgPC90cj4KICA8dHI+CiAgICA8dGQgaGVpZ2h0PSIzOCI+Jm5ic3A7PC90ZD4KICAgIDx0ZD48Zm9udCBjb2xvcj0jNjk2OTY5IHNpemU9IjIiPuKAu+acrOWVhuWTgeOBruS7leanmOS4iuOAgeOBlOizvOWFpeW+jOOBlOS9v+eUqOOBq+OBquOCieOCjOOBn+WVhuWTgeOBruOCteOCpOOCuuebtOOBl+OBrzxmb250IGNvbG9yPSIjMDA5OUZGIj7ljp/liYfjgajjgZfjgabjgYrlj5fjgZHjgZnjgovjgZPjgajjgYzjgafjgY3jgb7jgZvjgpM8L2ZvbnQ+44CC44Gf44Gg44GX44CB44GK5a6i5qeY44Gu44GU5LqG5om/44Gu44KC44Go44K144Kk44K655u044GX44GM5Y+v6IO944Gq5aC05ZCI44KC44GU44GW44GE44G+44GZ44Gu44Gn44CB44Oh44O844Or44Gr44Gm44GK5ZWP44GE5ZCI44KP44Gb6aGY44GE44G+44GZ44CCPC9mb250PjwvdGQ+CiAgPC90cj4KICA8dHI+CiAgICA8dGQgaGVpZ2h0PSIxNSI+Jm5ic3A7PC90ZD4KICAgIDx0ZD4mbmJzcDs8L3RkPgogIDwvdHI+CjwvdGFibGU+Cjx0YWJsZSB3aWR0aD0iMzkwIiBib3JkZXI9IjAiPgogIDx0cj4KICAgIDx0ZD48Zm9udCBjb2xvcj0jMDA5OUZGIHNpemU9IisxIj7il4bliLvljbDnhKHmlpnjgrXjg7zjg5Pjgrnil4Y8L2ZvbnQ+PGJyPgogICAgICA8YnI+CiAgICAgIDxmb250IGNvbG9yPSM2OTY5Njkgc2l6ZT0iMiI+44GU5biM5pyb44Gu5pa544Gr44Gv44CB44Oq44Oz44Kw44Gu5YaF5YG044Gr44Oh44OD44K744O844K444KE44GK5ZCN5YmN44Gq44Gp44KS54Sh5paZ44Gn5Yi75Y2wKOaWh+Wtl+WFpeOCjCnjgZXjgZvjgabjgYTjgZ/jgaDjgY3jgb7jgZnjgII8L2ZvbnQ+PGJyPgogICAgICA8YnI+CiAgICAgIDxmb250IGNvbG9yPSM2OTY5Njkgc2l6ZT0iMiI+4peG5pu45L2T44GvPGZvbnQgY29sb3I9IiMwMDk5RkYiPuODluODreODg+OCr+S9kzxmb250IGNvbG9yPSIjNjk2OTY5Ij7jgYs8L2ZvbnQ+562G6KiY5L2TPC9mb250PuOBruOBhOOBmuOCjOOBi+OCkuOBiumBuOOBs+OBhOOBn+OBoOOBkeOBvuOBmeOAgjwvZm9udD48YnI+CiAgICAgIDxmb250IGNvbG9yPSM2OTY5Njkgc2l6ZT0iMiI+4peG5L2144Gb44GmPGZvbnQgY29sb3I9IiMwMDk5RkYiPuaYn+W6p+ODnuODvOOCr+ODu+S4gOmDqOOBrue1teaWh+WtlzwvZm9udD7jgYzliLvljbDlj6/og73jgafjgZnjgILkvb/nlKjlj6/og73jgaroqJjlj7fjg7vntbXmloflrZfjgavplqLjgZfjgb7jgZfjgabjga/jgIHmnKznlLvpnaLlt6blgbTjgavmjrLnpLrjgZXjgozjgabjgYTjgb7jgZk8Zm9udCBjb2xvcj0iIzAwOTlGRiI+5pu45L2T6KaL5pysPC9mb250PuOCkuOBlOWPgueFp+mhmOOBhOOBvuOBmeOAgjwvZm9udD48YnI+CiAgICAgIDxicj4KICAgICAgPGZvbnQgY29sb3I9IzY5Njk2OSBzaXplPSIyIj7jgZPjga7llYblk4Hjga/jgIHjgqLjg6vjg5XjgqHjg5njg4Pjg4jlpKfmloflrZfjg7voi7HmlbDlrZflkIjjgo/jgZvjgaY8Zm9udCBjb2xvcj0iIzAwOTlGRiIgc2l6ZT0iKzEiPjxzdHJvbmc+77yT77yQ5paH5a2XPC9zdHJvbmc+PC9mb250PuOBvuOBp+WIu+WNsOWPr+iDveOBp+OBmeOAguiomOWPt+OAgeOCueODmuODvOOCueOAgeODnuODvOOCr+OBquOBqeOCgu+8keaWh+Wtl+WIhuOBqOOBl+OBpuOCq+OCpuODs+ODiOOBleOCjOOBvuOBmeOAguODnuODvOOCr+ODu+e1teaWh+Wtl+OCkuOBlOiomOWFpeOBruWgtOWQiOOBr+OAgeabuOS9k+imi+acrOOBq+iomOi8ieOBleOCjOOBpuOBhOOCizxmb250IGNvbG9yPSIjMDA5OUZGIj7jg57jg7zjgq/jga48c3Ryb25nPuS4uOeVquWPtzwvc3Ryb25nPjwvZm9udD7jgpLliLvljbDkvY3nva7jgavjgZToqJjlhaXpoZjjgYTjgb7jgZnjgII8L2ZvbnQ+PC90ZD4KICA8L3RyPgo8L3RhYmxlPgo8dGFibGUgd2lkdGg9IjM5MCIgYm9yZGVyPSIwIj4KICA8dHI+CiAgICA8dGQgaGVpZ2h0PSI4NyI+IDxicj4KICAgICAgICA8Zm9udCBjb2xvcj0jNjk2OTY5IHNpemU9IjIiPuOBvuOBn+OAgTxmb250IGNvbG9yPSIjMDA5OUZGIj7oo4/nn7PvvIjoqpXnlJ/nn7PvvInlhaXjgozjgqrjg5fjgrfjg6fjg7M8L2ZvbnQ+77yI5Yil6YCU5pyJ5paZ44O75a++5b+c5ZWG5ZOB44Gr6ZmQ44KK44G+44GZ77yJ44KS5L2144Gb44Gm44GU5biM5pyb44Gu5aC05ZCI44Gr44Gv44CB55+z44KS5YWl44KM44KL5L2N572u44Gr5YWo6KeS44Gn44CMPGZvbnQgY29sb3I9IiMwMDk5RkYiPuKXjzwvZm9udD7jgI0o44GP44KN44G+44KL5Y2wKeOCkuOBlOiomOWFpeOBj+OBoOOBleOBhOOAgjxicj4KICAgICAgICA8YnI+CiAgICAgIOOBk+OBrumam+OAgTxmb250IGNvbG9yPSIjMDA5OUZGIj7il4/jgpLjg6Hjg4Pjgrvjg7zjgrjkuK3jgavjga/jgZXjgoDloLTlkIjjga88c3Ryb25nPu+8luaWh+Wtl+WIhjwvc3Ryb25nPuOAgeOBneOCjOS7peWkluOBruWgtOWQiOOBrzxzdHJvbmc+77yS5paH5a2X5YiGPC9zdHJvbmc+PC9mb250PuOBqOOBl+OBpuOCq+OCpuODs+ODiOmhmOOBhOOBvuOBmeOAgjwvZm9udD48L3RkPgogIDwvdHI+CjwvdGFibGU+Cjx0YWJsZSB3aWR0aD0iMzkwIiBib3JkZXI9IjAiPgogIDx0cj4KICAgIDx0ZD48YnI+CiAgICAgICAgPGRpdiBhbGlnbj0iY2VudGVyIj48aW1nIHNyYz0iaHR0cDovL2ltYWdlLnJha3V0ZW4uY28uanAvdmllYW5nZS9jYWJpbmV0L2xvdmVyc19hbmRfcmluZy9rb2t1aW5faW1hZ2VfdXJhLmdpZiIgYWx0PSLoqJjlhaXkvovnn7PjgYLjgooiIHdpZHRoPSIzNTMiIGhlaWdodD0iNDIwIj48L2Rpdj4KICAgIDwvdGQ+CiAgPC90cj4KPC90YWJsZT4KPHRhYmxlIHdpZHRoPSIzOTAiIGJvcmRlcj0iMCI+CiAgPHRyPgogICAgPHRkPjxicj48Zm9udCBjb2xvcj0jMDA5OUZGIHNpemU9IjIiPuKWoOWIu+WNsOOBruOBlOazqOaWh+aWueazleKWoDwvZm9udD48YnI+CiAgICAgIDxicj4KICAgICAgPGZvbnQgY29sb3I9IzY5Njk2OSBzaXplPSIyIj7jg5fjg6vjg4Djgqbjg7Pjg7vjg6Hjg4vjg6Xjg7zjgYvjgonjgZTluIzmnJvjga7mm7jkvZPjgpLjgYrpgbjjgbPjgY/jgaDjgZXjgYTjgILms6jmlofnlLvpnaLjga7jgIzjgYrlupfjgbjjga7jg6Hjg4Pjgrvjg7zjgrjjgI3mrITjgas8Zm9udCBjb2xvcj0iIzAwOTlGRiI+5Yi75Y2w5YaF5a65PC9mb250PuOCkuOBlOiomOWFpeOBj+OBoOOBleOBhOOAguWVhuWTgeOCkjLlgIvku6XkuIrlkIzmmYLjgavjgYrosrfjgYTmsYLjgoHjgYTjgZ/jgaDjgYTjgZ/loLTlkIjjga/jgIHliLvljbDlr77osaHllYblk4HjgYzjgo/jgYvjgovjgojjgYbjgIE8Zm9udCBjb2xvcj0iIzAwOTlGRiI+5ZWG5ZOB55Wq5Y+3PC9mb250PuOCguOBlOS9teiomOmhmOOBhOOBvuOBmeOAgjxicj48L2ZvbnQ+IDwvdGQ+CiAgPC90cj4KPC90YWJsZT4KPGJyPjwhLS3ilrzilrwg5bem5biv44Oq44Oz44Kv44GC44KKIOKWvOKWvC0tPgoKPGRpdiBpZD0iaGlkYXJpLW9iaSI+Cgo8c3R5bGU+CiNoaWRhcmktb2JpIHsKcG9zaXRpb246IGFic29sdXRlOwp0b3A6MHB4OwpsZWZ0OjEwcHg7CmJhY2tncm91bmQ6IHVybCgiaHR0cHM6Ly9pbWFnZS5yYWt1dGVuLmNvLmpwL3ZpZWFuZ2UvY2FiaW5ldC9jYW1wYWlnbi9zY2Jucl8wNTE1LmpwZyIpIHJlcGVhdC15IGxlZnQgdG9wIDsKfQojaGlkYXJpLW9iaSBhIHsKZGlzcGxheTogYmxvY2s7CmhlaWdodDo5MzAwcHg7Lyrjg5rjg7zjgrjlhajkvZPjga7pq5jjgZUqLwp3aWR0aDogMTQwcHg7LyrluK/jga7luYUqLwp9Cjwvc3R5bGU+Cgo8L2Rpdj4KCgoKPCEtLeKWvOKWvCDlt6bluK/jg6rjg7Pjgq/jgarjgZcg4pa84pa8LS0+CgoKCgo8IS0t4pa84pa8IOW3puW4r+ODquODs+OCr+OBquOBlyDilrzilrwtLT4KCjwhLS0KPHN0eWxlIHR5cGU9InRleHQvY3NzIj4KYm9keXsKYmFja2dyb3VuZC1pbWFnZTogdXJsKCJodHRwOi8vaW1hZ2UucmFrdXRlbi5jby5qcC92aWVhbmdlL2NhYmluZXQvY2FtcGFpZ24vYm5yXzEwMTIuanBnIik7CmJhY2tncm91bmQtcmVwZWF0OiByZXBlYXQteTsKYmFja2dyb3VuZC1hdHRhY2htZW50OiBzY3JvbGw7CmJhY2tncm91bmQtcG9zaXRpb246bGVmdAp9Cjwvc3R5bGU+Ci0tPgoKCgoKPHN0eWxlIHR5cGU9InRleHQvY3NzIj4KCi8qIOOBiuawl+OBq+WFpeOCiuWVhuWTgSAqLwoKI3Jha3V0ZW5MaW1pdGVkSWRfYXJvdW5kQ2FydCAjc2VydmljZVRhYmxlU21sIHRkLmZhdm9yaXRlIHsKCnBhZGRpbmctdG9wOiA1cHg7Cgp9CgojcmFrdXRlbkxpbWl0ZWRJZF9hcm91bmRDYXJ0IGRpdi5ib29rbWFya0FyZWEgZGl2LmJrbSB7Cgp3aWR0aDogMjkxcHggIWltcG9ydGFudDsKCmhlaWdodDozM3B4ICFpbXBvcnRhbnQ7CgpwYWRkaW5nOiAwcHggMHB4IDEwcHggMHB4ICFpbXBvcnRhbnQ7Cgp9CgojcmFrdXRlbkxpbWl0ZWRJZF9hcm91bmRDYXJ0IGRpdi5ib29rbWFya0FyZWEgZGl2LmJrbSBhLmFkZEJrbSB7Cgp3aWR0aDogMjkxcHggIWltcG9ydGFudDsKCmhlaWdodDozM3B4ICFpbXBvcnRhbnQ7Cgp9CgojcmFrdXRlbkxpbWl0ZWRJZF9hcm91bmRDYXJ0IGRpdi5ib29rbWFya0FyZWEgZGl2LmJrbSBhLmFkZEJrbSBzcGFuLmJrbVN0YXIgewoKZGlzcGxheTogaW5saW5lLWJsb2NrICFpbXBvcnRhbnQ7Cgp3aWR0aDogMjkxcHggIWltcG9ydGFudDsKCmhlaWdodDozM3B4ICFpbXBvcnRhbnQ7CgptYXJnaW46MHB4IDBweCAxMHB4IDBweCAhaW1wb3J0YW50OwoKYmFja2dyb3VuZDogdXJsKCJodHRwOi8vaW1hZ2UucmFrdXRlbi5jby5qcC92aWVhbmdlL2NhYmluZXQvYm5yX2Zhdml0ZW0uanBnIikgbm8tcmVwZWF0ICFpbXBvcnRhbnQ7Cgp9CgogCgovKiDjgYrmsJfjgavlhaXjgorjgrfjg6fjg4Pjg5cgKi8KCmRpdi5ib29rbWFya0FyZWEgewoKd2lkdGg6IDI5MXB4ICFpbXBvcnRhbnQ7Cgp9CgojcmFrdXRlbkxpbWl0ZWRJZF9hcm91bmRDYXJ0IGRpdi5zaG9wQm9va21hcmtBcmVhIGRpdi5zaG9wQmttIHsKCndpZHRoOiAyOTFweCAhaW1wb3J0YW50OwoKaGVpZ2h0OjMzcHggIWltcG9ydGFudDsKCnBhZGRpbmc6IDBweCAwcHggIWltcG9ydGFudDsKCnBhZGRpbmctbGVmdDogMHB4ICFpbXBvcnRhbnQ7Cgp9CgojcmFrdXRlbkxpbWl0ZWRJZF9hcm91bmRDYXJ0IGRpdi5zaG9wQm9va21hcmtBcmVhIGRpdi5zaG9wQmttIGEuYWRkU2hvcEJrbSBzcGFuLnNob3BCa21TdGFyIHsKCmRpc3BsYXk6IGlubGluZS1ibG9jayAhaW1wb3J0YW50OwoKd2lkdGg6IDI5MXB4ICFpbXBvcnRhbnQ7CgpoZWlnaHQ6MzNweCAhaW1wb3J0YW50OwoKbWFyZ2luLXJpZ2h0OiAwcHggIWltcG9ydGFudDsKCmJhY2tncm91bmQ6IHVybCgiaHR0cDovL2ltYWdlLnJha3V0ZW4uY28uanAvdmllYW5nZS9jYWJpbmV0L2Jucl9mYXZzaG9wLmpwZyIpIG5vLXJlcGVhdCAhaW1wb3J0YW50OwoKfQo8L3N0eWxlPgoKCgoKPGRpdiBpZD0icHJlc2VudF9iYXNlIiBjbGFzcz0iY2xlYXJmaXgiPgogICA8ZGl2IGNsYXNzPSJwcmVzZW50X2ltZyI+PGltZyBzcmM9Imh0dHA6Ly9pbWFnZS5yYWt1dGVuLmNvLmpwL3ZpZWFuZ2UvY2FiaW5ldC90bWcvZm9vdF9wcmUwMS5naWYiIGFsdD0i5aSn5YiH44Gq44GC44Gu5Lq644Gr57Sg5pW144Gq44OX44Os44K844Oz44OIIiB3aWR0aD0iMTk5IiBoZWlnaHQ9IjI5NSIgLz48L2Rpdj4KICAgPGRpdiBjbGFzcz0icHJlc2VudF90eHQiPjxwPuW9k+W6l+OBr+OAgeS6uuawl+OCouOCr+OCu+OCteODquODvOODluODqeODs+ODieOAjOWkqeS9v+OBruWNteOAjeOChOOAjOacquadpeWkqeS9v+OAjeOCkuOBr+OBmOOCgeOAgeiqleeUn+efs+OBruODmuODs+ODgOODs+ODiOOChOODquODs+OCsOOBquOBqeOAgeODl+ODrOOCvOODs+ODiOOBq+ODlOODg+OCv+ODquOBquOCouOCr+OCu+OCteODquODvOOCkuWPluaJseOBhumAmuiyqeOCt+ODp+ODg+ODl+OBp+OBmeOAgjwvcD48YnIgLz4K44CM5YSq44GX44GE5YWJ44Gr44Gk44Gk44G+44KM44KL5rC46YGg44Gu5ZG944CN44KS6KGo54++44GX44Gf44Kz44Oz44K744OX44OI44K444Ol44Ko44Oq44O844CM5pyq5p2l5aSp5L2/44CN44Gv5pyq5p2l44Gr5ZCR44GR44Gm6Lyd44GR44KL5ZG944Gu44GZ44Gw44KJ44GX44GV44KS5aSa5b2p44Gq44OG44O844Oe44O744OH44K244Kk44Oz44Gn6KGo54++44GX44Gm44GE44G+44GZ44CCPGJyIC8+CuOBneOCk+OBquacquadpeWkqeS9v+OBi+OCieOBruODl+ODrOOCvOODs+ODiOOBqOOBhOOBhuOCs+ODs+OCu+ODl+ODiOOBp+S9nOOCieOCjOOBn+OAjOWkqeS9v+OBruWNteOAjeOBr+OAgeOAjOiqleeUn+OBruWWnOOBs+OAjeOChOOAjOeUn+OBjeOCi+OBk+OBqOOBruaEn+WLleOBqOiznuizm+OAjeOCkuODhuODvOODnuOBqOOBl+OBpuWJteOCieOCjOOAgeWNteOBqOe+veOBruODkOODqeODs+OCueOBruiJr+OBhOOChOOBleOBl+OBhOODh+OCtuOCpOODs+OBjOaEm+OBleOCjOOBpuOBhOOCi+ODreODs+OCsOOCu+ODqeODvOOBruS6uuawl+OCouOCr+OCu+OCteODquODvOOBp+OBmeOAguaYr+mdnuOAgeWkp+WIh+OBquS6uuOBuOOBruODl+ODrOOCvOODs+ODiOetieOBq+OCguOBlOa0u+eUqOS4i+OBleOBhO+8gTwvZGl2Pgo8L2Rpdj4KCgoKCgo8IS0t4pa84pa84pa844Os44OT44Ol44O844O75rOo5paH54q25rOB4pa84pa84pa8LS0+ICAgCgogICAgICAgICAgICA8aDI+PGltZyBzcmM9Imh0dHA6Ly93d3cucmFrdXRlbi5uZS5qcC9nb2xkL3ZpZWFuZ2UvaW1nL3RpdGxlXzA2LmpwZyIgYWx0PSLjg6zjg5Pjg6Xjg7wiIHdpZHRoPSI2ODgiIGhlaWdodD0iNzAiIC8+PC9oMj4KICAgICAgICAgICAgPGJyPjxicj4KICAKCSAgPGJyPiA8YnI+IDxicj4gCiAgICAgICAgICAgICAgICAgIDxoMj48aW1nIHNyYz0iaHR0cDovL3d3dy5yYWt1dGVuLm5lLmpwL2dvbGQvdmllYW5nZS9pbWcvdGl0bGVfMDcuanBnIiBhbHQ9IuazqOaWh+eKtuazgSIgd2lkdGg9IjY4OCIgaGVpZ2h0PSI3MCIgLz48L2gyPgogICAgICAgICAgICAgICAgICAgICAgICAgICAgICA8YnI+IDxicj4gCjxicj4gPGJyPiA8YnI+,44CQ5Y+X5rOo55Sf55Sj44CR44CQ5Yi75Y2w54Sh5paZ44CR4peGTG92ZXJzICZhbXA7IFJpbmcg44Op44OQ44O844K644Oq44Oz44Kw4peGSzEw44OU44Oz44Kv44K044O844Or44OJ44Oq44Oz44KwKOODrOODh+OCo+ODvOOCuSnjgJBMU1IwNjUyUEvjgJHjgJBLMTAg44OU44Oz44Kv44K044O844Or44OJIOODquODs+OCsCDjg5rjgqLjg6rjg7PjgrAg44Oa44KiIOaMh+i8qiDjg6njg5bjg6rjg7PjgrAg44Kv44Ot44K5IOODl+ODrOOCvOODs+ODiCDjgq7jg5Xjg4gg44Ki44Kv44K744K144Oq44O8IOOCuOODpeOCqOODquODvCDjgq7jg5Xjg4gg5aa744CRICDmr43jga7ml6Ug44K344Oz44OX44Or77ya5aSp5L2/44Gu5Y21IHdpdGggTE9WRVJTIFNDRU5F,5aSp5L2/44Gu5Y215pyq5p2l5aSp5L2/44K544Oa44O844K544Kv44Oq44Ko44O844K/44O844K444Ol44Ko44Oq44O844K344Or44OQ44O844Ki44Kv44K744K144Oq44O844OU44Oz44Kv44K344Or44OQ44O844ON44OD44Kv44Os44K555u05Za25bqX44Kv44Oq44K544Oe44K56ZmQ5a6a44Oa44Oz44OA44Oz44OI5oyH6Lyq44OU44Ki44K544OX44Os44K844Oz44OI44OZ44OT44O844K544OX44O844Oz44Os44OH44Kj44O844K544Op44OQ44O844K644K344O844Oz57WQ5ama5oyH6Lyq44Oa44Ki44Oq44Oz44Kw6KqV55Sf55+z44CQ5Y+X5rOo55Sf55Sj44CR44CQ5Yi75Y2w54Sh5paZ44CR4peGTG92ZXJzICZhbXA7IFJpbmcg44Op44OQ44O844K644Oq44Oz44Kw4peGSzEw44OU44Oz44Kv44K044O844Or44OJ44Oq44Oz44KwKOODrOODh+OCo+ODvOOCuSnjgJBMU1IwNjUyUEvjgJHjgJBLMTAg44OU44Oz44Kv44K044O844Or44OJIOODquODs+OCsCDjg5rjgqLjg6rjg7PjgrAg44Oa44KiIOaMh+i8qiDjg6njg5bjg6rjg7PjgrAg44Kv44Ot44K5IOODl+ODrOOCvOODs+ODiCDjgq7jg5Xjg4gg44Ki44Kv44K744K144Oq44O8IOOCuOODpeOCqOODquODvCDjgq7jg5Xjg4gg5aa744CRICDmr43jga7ml6Ug44K344Oz44OX44Or,44CQ5Y+X5rOo55Sf55Sj44CR576O44GX44GE5YWJ44KS5pS+44Gk44OU44Oz44Kv44K044O844Or44OJ44Oq44Oz44Kw4piG6YCB5paZ54Sh5paZ44CC44CQ5Y+X5rOo55Sf55Sj44CR44CQ5Yi75Y2w54Sh5paZ44CR4peGTG92ZXJzICZhbXA7IFJpbmcg44Op44OQ44O844K644Oq44Oz44Kw4peGSzEw44OU44Oz44Kv44K044O844Or44OJ44Oq44Oz44KwKOODrOODh+OCo+ODvOOCuSnjgJBMU1IwNjUyUEvjgJHjgJBLMTAg44OU44Oz44Kv44K044O844Or44OJIOODquODs+OCsCDjg5rjgqLjg6rjg7PjgrAg44Oa44KiIOaMh+i8qiDjg6njg5bjg6rjg7PjgrAg44Kv44Ot44K5IOODl+ODrOOCvOODs+ODiCDjgq7jg5Xjg4gg44Ki44Kv44K744K144Oq44O8IOOCuOODpeOCqOODquODvCDjgq7jg5Xjg4gg5aa744CRICDmr43jga7ml6Ug44K344Oz44OX44Or[rn]
39-1041,aHR0cDovL3RzaG9wLnIxMHMuanAvdmllYW5nZS9jYWJpbmV0L2xvdmVyc19hbmRfcmluZy9sc3IwNjA1cGsuanBnP2ZpdGluPTcwMDo3MDA=,MTQ2ODguMDAwMA==,,44K444Ol44Ko44Oq44O844O744Ki44Kv44K744K144Oq44O8ID4g44Os44OH44Kj44O844K544K444Ol44Ko44Oq44O844O744Ki44Kv44K744K144Oq44O8ID4g5oyH6Lyq44O744Oq44Oz44Kw,44CQ5Yi75Y2w54Sh5paZ44CR4peGTG92ZXJzICYgUmluZyDjg6njg5Djg7zjgrrjg6rjg7PjgrDil4ZLMTDjg5Tjg7Pjgq/jgrTjg7zjg6vjg4njg6rjg7PjgrAo44Os44OH44Kj44O844K5KeOAkExTUjA2MDVQS+OAkeOAkEsxMCDjg5Tjg7Pjgq/jgrTjg7zjg6vjg4kg44Oq44Oz44KwIOODmuOCouODquODs+OCsCDjg5rjgqIg44Os44OH44Kj44O844K5IOaMh+i8qiDjg6njg5bjg6rjg7PjgrAg44OX44Os44K844Oz44OIIOOCouOCr+OCu+OCteODquODvCDjgrjjg6Xjgqjjg6rjg7wg44Ku44OV44OIIOOBi+OCj+OBhOOBhCDliLvljbDlj6/og73jgJEgIOavjeOBruaXpSDjgrfjg7Pjg5fjg6s=,44K044O844Or44OJ57Sg5p2Q44KS55Sf44GL44GX44Gf44K344Oz44OX44Or44Gq44OH44K244Kk44Oz,PGNlbnRlcj48YSBocmVmPSJodHRwczovL215LmJvb2ttYXJrLnJha3V0ZW4uY28uanAvP2Z1bmM9cmVnJnN2aWQ9MTAxJnNob3BfYmlkPTIwMzk0NyZpaWQ9MTAwMDExNjImaXR5cGU9MSB0YXJnZXQ9X2JsYW5rIj48aW1nIHNyYz0iaHR0cDovL2ltYWdlLnJha3V0ZW4uY28uanAvdmllYW5nZS9jYWJpbmV0L3BfYm5yX2Zhdml0ZW0uanBnIiBib3JkZXI9IjAiIHdpZHRoPSI2NjAiIGhlaWdodD0iMTMwIj48L2E+PC9jZW50ZXI+PGJyPjxicj48aW1nIHNyYz0iaHR0cDovL2ltYWdlLnJha3V0ZW4uY28uanAvdmllYW5nZS9jYWJpbmV0L2NhbXBhaWduL2xyX3JpbmdfcGNfdG9rdXRlbi5qcGciYWx0PSJMb3ZlcnMmUmluZyDjgq3jg6Pjg7Pjg5rjg7zjg7MiPjxicj48YnI+Cgo8ZGl2IGNsYXNzPSJjYV8wMSI+Cgo8ZGl2IGlkPSJkZXRhaWxfYmFzZTIiPgoKICA8ZGl2IGNsYXNzPSJnb29kc18xMzA1XzAxIj4KICAgICAgPGRpdj48cD7jgYrmj4PjgYTjga7jg6rjg7PjgrDjgpLopovjgovjgZ/jgbPjgavjgIHjgYrkupLjgYTjga7lrZjlnKjjgpLouqvov5HjgavmhJ/jgZjjgovjg5rjgqLjg6rjg7PjgrDjgILjgZPjga7jg6rjg7PjgrDjga/jgrTjg7zjg6vjg4njga7ntKDmnZDjgpLnlJ/jgYvjgZfjgZ/jgrfjg7Pjg5fjg6vjgarjg4fjgrbjgqTjg7PjgafjgZnjgILjgrfjg7Pjg5fjg6vjgaDjgYvjgonjgZPjgZ3jgIHloLTmiYDjgpLpgbjjgbDjgZrjgIHjgYTjgaTjgafjgoLouqvjgavnnYDjgZHjgabjgYTjgonjgozjgb7jgZnjgILjg5rjgqLjg6rjg7PjgrDjgpLouqvjgavnnYDjgZHjgovjgZPjgajjgafjgIHjgZXjgonjgavmhJvjgYzogrLjgb7jgozjgovjgafjgZfjgofjgYbjgII8L3A+CiAgICA8L2Rpdj4KICAgICAgPGltZyBzcmM9Imh0dHA6Ly9pbWFnZS5yYWt1dGVuLmNvLmpwL3ZpZWFuZ2UvY2FiaW5ldC9sb3ZlcnNfc2NlbmUvbHNyL2xzcjA2MDVfMDMuanBnIiB3aWR0aD0iNjYwIiBoZWlnaHQ9IjM2MCIgLz48L2Rpdj4KICAKICA8aW1nIHNyYz0iaHR0cDovL2ltYWdlLnJha3V0ZW4uY28uanAvdmllYW5nZS9jYWJpbmV0L2xvdmVyc19zY2VuZS9sc3IvbHNyMDY1MF8wNi5naWYiIHdpZHRoPSIzNDUiIGhlaWdodD0iMjciIGNsYXNzPSJpbWcxMCIgLz4KICA8cCBjbGFzcz0iaW1nMjAiPuW+k+adpeOBruODmuOCouODquODs+OCsOOBp+OCguOBquOBj+OAgeODnuODquODg+OCuOODquODs+OCsOOBp+OCguOBquOBhOOAjuaEm+OBqOWFseOBq+eUn+OBjeOCi+OAj+OBqOOBhOOBhuaWsOOBn+OBquOCs+ODs+OCu+ODl+ODiOOBp+WJteOCieOCjOOBn+aWsOOBn+OBquOCuOODo+ODs+ODq+OBruaMh+i8quOBp+OBmeOAguecn+Wun+OBruaEm+OCkumhmOOBhuaBi+S6uuOBn+OBoeOBq+i0iOOCiuOBvuOBmeKApuOAgjwvcD4KICAKICA8aWZyYW1lIHdpZHRoPSI2NjAiIHNjcm9sbGluZz0ibm8iIGhlaWdodD0iNDcwIiBmcmFtZWJvcmRlcj0iMCIgc3JjPSJodHRwOi8vd3d3LnJha3V0ZW4ubmUuanAvZ29sZC92aWVhbmdlL2dkX2lmcmFtZS9MU1IwNjA1X2luLmh0bWwiPjwvaWZyYW1lPgogIAogIDxpbWcgc3JjPSJodHRwOi8vaW1hZ2UucmFrdXRlbi5jby5qcC92aWVhbmdlL2NhYmluZXQvbG92ZXJzX3NjZW5lL2xzci9sc3IwNjAxXzA5LmdpZiIgd2lkdGg9IjQxNSIgaGVpZ2h0PSIyNSIgY2xhc3M9ImltZzIwIiAvPgogIAo8ZGl2IGNsYXNzPSJjbGVhcmZpeCBpbWc0MCI+CiAgICAgPGRpdiBjbGFzcz0iZ29vZHNfMTMwNV8wMl9sZWZ0Ij48aW1nIHNyYz0iaHR0cDovL2ltYWdlLnJha3V0ZW4uY28uanAvdmllYW5nZS9jYWJpbmV0L2xvdmVyc19zY2VuZS9sc3IvbHNyMDYwNV8wOS5qcGciIHdpZHRoPSI0MDAiIGhlaWdodD0iNDAwIiBjbGFzcz0iaW1nMDUiIC8+CiAgICAg44GK5aW944GN44Gq44Oh44OD44K744O844K444KS5YWl44KM44CB5LqM5Lq644Gg44GR44Gu44Oa44Ki44Oq44Oz44Kw44KS44Gk44GP44Gj44Gm44G/44Gm44Gv44Gp44GG44Gn44GZ44GL77yfPC9kaXY+CjxkaXYgY2xhc3M9Imdvb2RzXzEzMDVfMDJfcmlnaHQiPgogICAgICAgIDxwPkxvdmVycyAmYW1wOyBSaW5n44Gu5Lit44Gn44Gv44CB44K544K/44Oz44OA44O844OJ44Gq44K344Oq44O844K644CCPGJyIC8+CiAgICAgICAgICDjg5rjgqLjg6rjg7PjgrDjga/ku6XliY3os7zlhaXjgZfjgZ/jgZHjganjgIHkurrjgajjga/pgZXjgYbjg6/jg7Pjg6njg7Pjgq/kuIrjga7jg5rjgqLjg6rjg7PjgrDjgYzmrLLjgZfjgYTjgajjgYTjgYbmlrnjgavjg5Tjg4Pjgr/jg6rjga7jg4fjgrbjgqTjg7PjgII8YnIgLz4KICAgICAgICDpgYvlkb3jga7lh7rkvJrjgYTjga7llpzjgbPjgIHjgZ3jgozjgpLogrLjgpPjgafjgobjgY/lpKfliIfjgarjgYrmsJfmjIHjgaHjgpLliIbjgYvjgaHlkIjjgYbkuIros6rjga7jg5rjgqLjg6rjg7PjgrDjgafjgZnjgII8L3A+CiAgICAgPGltZyBzcmM9Imh0dHA6Ly9pbWFnZS5yYWt1dGVuLmNvLmpwL3ZpZWFuZ2UvY2FiaW5ldC9sb3ZlcnNfc2NlbmUvbHNyL2xzcjA2MDVfMTIuanBnIiBjbGFzcz0iaW1nMDUiIC8+CiAgICDlhoXlgbTjgavjgYrlhaXjgozjgZnjgovjg6Hjg4Pjgrvjg7zjgrjjga/igJznhKHmlpnjgrXjg7zjg5PjgrnigJ3jgafjgZk8L2Rpdj4KICA8L2Rpdj4KICAKICA8aW1nIHNyYz0iaHR0cDovL2ltYWdlLnJha3V0ZW4uY28uanAvdmllYW5nZS9jYWJpbmV0L2xvdmVyc19zY2VuZS9sc3IvbHNyMDYwNV8xNS5naWYiIHdpZHRoPSIzNTEiIGhlaWdodD0iMjUiIGNsYXNzPSJpbWcyNSIgLz4KPGRpdiBjbGFzcz0iY2xlYXJmaXggaW1nNDAiPgogICAgIDxkaXYgY2xhc3M9Imdvb2RzXzEzMDVfMDNfbGVmdCI+CiAgICAgICAgPHA+576O44GX44GE44OV44Kp44Or44Og44GM5oyH5YWD44KS5byV56uL44Gm44KL44CB5rSX57e044GV44KM44Gf576O44GX44GV44KS6L+95rGC44GX44Gf44Oq44Oz44Kw44CCPC9wPgogICAgIDxpbWcgc3JjPSJodHRwOi8vaW1hZ2UucmFrdXRlbi5jby5qcC92aWVhbmdlL2NhYmluZXQvbG92ZXJzX3NjZW5lL2xzci9sc3IwNjA1XzIwLmpwZyIgd2lkdGg9IjI0NSIgaGVpZ2h0PSIyNDUiIGNsYXNzPSJpbWcwNSIgLz4KICAgICAgICDlpKfliIfjgarkurrjgajjga7oqJjlv7Xml6XjgoTjgIHjg5fjg6zjgrzjg7Pjg4jjgavmnIDpganjga7jg5rjgqLjg6rjg7PjgrAgICAgIDwvZGl2PgogIDxkaXYgY2xhc3M9Imdvb2RzXzEzMDVfMDNfcmlnaHQiPgo8aW1nIHNyYz0iaHR0cDovL2ltYWdlLnJha3V0ZW4uY28uanAvdmllYW5nZS9jYWJpbmV0L2xvdmVyc19zY2VuZS9sc3IvbHNyMDYwNV8xOS5qcGciIHdpZHRoPSI0MDAiIGhlaWdodD0iNDAwIiBjbGFzcz0iaW1nMDUiIC8+ICAgIOWkieiJsuOBl+OBq+OBj+OBj+e+juOBl+OBhOi8neOBj+OCkuaUvuOBpOOAgeODlOODs+OCr+OCtOODvOODq+ODieOBqOODm+ODr+OCpOODiOOCtOODvOODq+ODieOBruODmuOCouODquODs+OCsCAgICAgPC9kaXY+CiAgPC9kaXY+CiAgCiAgPGltZyBzcmM9Imh0dHA6Ly9pbWFnZS5yYWt1dGVuLmNvLmpwL3ZpZWFuZ2UvY2FiaW5ldC9sb3ZlcnNfc2NlbmUvbHNyL2xzcjA2MDVfMjQuanBnIiB3aWR0aD0iNjYwIiBoZWlnaHQ9IjM3MSIgY2xhc3M9ImltZzYwIiAvPgogIAogIAogICA8IS0t4pa84pa84pa844Kr44Op44O844OQ44Oq44Ko44O844K344On44Oz4pa84pa84pa8LS0+IAogIAogIDxpbWcgc3JjPSJodHRwOi8vaW1hZ2UucmFrdXRlbi5jby5qcC92aWVhbmdlL2NhYmluZXQvbG92ZXJzX2FuZF9yaW5nL2xvdmVyc3JpbmdfaW1hZ2UvbHJfdGl0bGVfY29sb3IuanBnIiB3aWR0aD0iNjYwIiBoZWlnaHQ9IjE0NSLjgIBhbHQ9IuOCq+ODqeODvOODkOODquOCqOODvOOCt+ODp+ODsyIgIC8+CiAgCiA8dGFibGUgYm9yZGVyPSIwIiB3aWR0aD0iNjYwcHgiPgogPHRyPjx0ZD4KIDxpbWcgc3JjPSJodHRwOi8vaW1hZ2UucmFrdXRlbi5jby5qcC92aWVhbmdlL2NhYmluZXQvbG92ZXJzX2FuZF9yaW5nL2xvdmVyc3JpbmdfaW1hZ2UvbHJfd2cuanBnIiB3aWR0aD0iMjUwIiBoZWlnaHQ9IjE0MCLjgIBhbHQ9IuODm+ODr+OCpOODiOOCtOODvOODq+ODiSIgLz4KIDwvdGQ+CiA8dGQ+CiA8Zm9udCBzaXplPSIyIiBjb2xvcj0iIzY5Njk2OSI+CiA8Yj7il4YxMOmHkS8xOOmHkeODm+ODr+OCpOODiOOCtOODvOODq+ODiTwvYj48YnI+CuODl+ODqeODgeODiuOCiOOCiuOCguWuieS+oeOBp+eZveOBj+i8neOBj+OBk+OBqOOBi+OCieS6uuawl+OBrue0oOadkOOBp+OBmeOAggrjg63jgrjjgqbjg6DjgrPjg7zjg4bjgqPjg7PjgrDjgYzmlr3jgZXjgozjgIHlpInoibLjgZfjgavjgY/jgYTjgZPjgajjgYwK54m55b6044Gn44GZ44CCPC9mb250PjwvdGQ+CiA8L3RyPiAKIDx0cj48dGQ+CiA8aW1nIHNyYz0iaHR0cDovL2ltYWdlLnJha3V0ZW4uY28uanAvdmllYW5nZS9jYWJpbmV0L2xvdmVyc19hbmRfcmluZy9sb3ZlcnNyaW5nX2ltYWdlL2xyX3BnLmpwZyIgd2lkdGg9IjI1MCIgaGVpZ2h0PSIxNDAi44CAYWx0PSLjg5Tjg7Pjgq/jgrTjg7zjg6vjg4kiIC8+CiA8L3RkPgogPHRkPgogPGZvbnQgc2l6ZT0iMiIgY29sb3I9IiM2OTY5NjkiPgogPGI+4peGMTDph5EvMTjph5Hjg5Tjg7Pjgq/jgrTjg7zjg6vjg4k8L2I+PGJyPgrjg5Tjg7Pjgq/jgrTjg7zjg6vjg4njga7mn5TjgonjgYvjgYTovJ3jgY3jga/jgIHkuIrlk4Hjgaflj6/mhJvjgonjgZfjgY8K5YSq44GX44GE6Zuw5Zuy5rCX44KS5ryU5Ye644GX44CB5aWz5oCn44Gr44Go44Gm44KC5Lq65rCX44Gn44GZ44CCCuOBvuOBn+aXpeacrOS6uuOBruiCjOOBq+mmtOafk+OBv+OChOOBmeOBhOOBqOOBhOOCj+OCjOOBpuOBiuOCiuOAgQrjg5XjgqHjg4Pjgrfjg6fjg7PmgKfjgoLpq5jjgY/jgIHjgrPjg7zjg4fjgqPjg43jg7zjg4jjgZfjgoTjgZnjgYTjgqvjg6njg7zjgafjgZnjgIIKPC9mb250PjwvdGQ+CiA8L3RyPiAKIDx0cj48dGQ+CiA8aW1nIHNyYz0iaHR0cDovL2ltYWdlLnJha3V0ZW4uY28uanAvdmllYW5nZS9jYWJpbmV0L2xvdmVyc19hbmRfcmluZy9sb3ZlcnNyaW5nX2ltYWdlL2xyX3lnLmpwZyIgd2lkdGg9IjI1MCIgaGVpZ2h0PSIxNDAi44CAYWx0PSLjgqTjgqjjg63jg7zjgrTjg7zjg6vjg4kiIC8+CiA8L3RkPgogPHRkPgogPGZvbnQgc2l6ZT0iMiIgY29sb3I9IiM2OTY5NjkiPgogPGI+4peGMTDph5EvMTjph5HjgqTjgqjjg63jg7zjgrTjg7zjg6vjg4k8L2I+PGJyPgroj6/jgoTjgYvjgafnvo7jgZfjgYTovJ3jgY3jgYzprYXlipvjga7jgqTjgqjjg63jg7zjgrTjg7zjg6vjg4njgIIK44Gd44Gu5a2Y5Zyo5oSf44GM5omL5YWD44KS5piO44KL44GP5b2p44KK44G+44GZ44CCCuasp+exs+OBp+OBr+ODluODqeOCpOODgOODq+OCuOODpeOCqOODquODvOOBrue0oOadkOOBqOOBl+OBpuOCggrjg53jg5Tjg6Xjg6njg7zjgafjgZnjgII8L2ZvbnQ+PC90ZD4KIDwvdHI+IAogPHRyPjx0ZD4KIDxpbWcgc3JjPSJodHRwOi8vaW1hZ2UucmFrdXRlbi5jby5qcC92aWVhbmdlL2NhYmluZXQvbG92ZXJzX2FuZF9yaW5nL2xvdmVyc3JpbmdfaW1hZ2UvbHJfcHQuanBnIiB3aWR0aD0iMjUwIiBoZWlnaHQ9IjE0MCLjgIBhbHQ9IuODl+ODqeODgeODiiIgLz4KIDwvdGQ+CiA8dGQ+CiA8Zm9udCBzaXplPSIyIiBjb2xvcj0iIzY5Njk2OSI+CiA8Yj7il4bjg5fjg6njg4Hjg4o5NTA8L2I+PGJyPgrjg5fjg6njg4Hjg4rjga/lpKnnhLbjga7nmb3jgYTovJ3jgY3jgpLmjIHjgaHjgIHogJDkuYXmgKfjgavlhKrjgozjgZ/luIzlsJHkvqHlgKTjga4K6auY44GE57Sg5p2Q44Gn44GZ44CC5aSJ6Imy44GX44Gr44GP44GP44CB44Gd44Gu576O44GX44GE55m944GE6Lyd44GN44GMCuOBhOOBpOOBvuOBp+OCguWkseOCj+OCjOOBquOBhOOBk+OBqOOBi+OCieOAgeOAjOawuOmBoOOBruaEm+OAjeOCkue0hOadn+OBmeOCiwrntZDlqZrmjIfovKrjgavjgoLlpJrjgY/kvb/nlKjjgZXjgozjgabjgYTjgb7jgZnjgII8L2ZvbnQ+PC90ZD4KIDwvdHI+IAogIDwvdGFibGU+CiAgCiAgPGJyPjxicj4KICAKICA8ZGl2IGNsYXNzPSJnb29kc18xMzA1XzA2Ij4KICA8cD7jgZTms6jmlofnorroqo3lvozjgIHllYblk4Hku6Pph5Hjgavov73liqDmlpnph5HjgpLliqDnrpfjgZfjgabjgZToq4vmsYLph5HpoY3jgpLlpInmm7TjgZXjgZvjgabjgYTjgZ/jgaDjgY3jgb7jgZnjgIIK5Yqg566X5b6M44Gu44GU6KuL5rGC6YeR6aGN44Gr44Gk44GE44Gm44Gv44CB44GU5rOo5paH56K66KqN5b6M44Gr44GK6YCB44KK44GZ44KL44Oh44O844Or44KS44GU56K66KqN6aGY44GE44G+44GZ44CCPGJyPuOBvuOBn+OAgee0oOadkOOBq+OCiOOCiue0jeacn+OBjOeVsOOBquOCiuOBvuOBmeOBruOBp+OBlOazqOaEj+OBj+OBoOOBleOBhOOAgiA8L3A+PC9kaXY+CiAgCiA8YnI+PGJyPgogCjwhLS3ilrzilrzilrzjg6rjg7PjgrDjgrXjgqTjgrrilrzilrzilrwtLT4gCiAgCiAgPGltZyBzcmM9Imh0dHA6Ly9pbWFnZS5yYWt1dGVuLmNvLmpwL3ZpZWFuZ2UvY2FiaW5ldC9sb3ZlcnNfYW5kX3JpbmcvbG92ZXJzcmluZ19pbWFnZS9scl90aXRsZV9zaXplNC5qcGciIHdpZHRoPSI2NjAiIGhlaWdodD0iODk3IuOAgGFsdD0i44Oq44Oz44Kw44K144Kk44K6IiBjbGFzcz0iaW1nMTAiIC8+CgogIDwhLS3ilrzilrzilrzliLvljbDjgrXjg7zjg5PjgrnilrzilrzilrwtLT4gCiAgCiAgPGltZyBzcmM9Imh0dHA6Ly9pbWFnZS5yYWt1dGVuLmNvLmpwL3ZpZWFuZ2UvY2FiaW5ldC9sb3ZlcnNfYW5kX3JpbmcvbG92ZXJzcmluZ19pbWFnZS9scl90aXRsZV9rb2t1aW4uanBnIiB3aWR0aD0iNjYwIiBoZWlnaHQ9IjU4IuOAgGFsdD0i5Yi75Y2w44K144O844OT44K5IiBjbGFzcz0iaW1nMTAiIC8+CiAgCiA8cCBjbGFzcz0iaW1nMjAiPuOBlOW4jOacm+OBruaWueOBq+OBr+OAgeODquODs+OCsOOBruWGheWBtOOBq+ODoeODg+OCu+ODvOOCuOOChOOBiuWQjeWJjeOBquOBqeOCkueEoeaWmeOBp+WIu+WNsCjmloflrZflhaXjgowp44GV44Gb44Gm44GE44Gf44Gg44GN44G+44GZ44CCPC9wPgogICAgCiAgICA8ZGl2IGNsYXNzPSJjbGVhcmZpeCBnb29kc18xMzA1XzA1Ij4KICAgICAgIDxkaXY+CiAgICAgICAgIDxwIGNsYXNzPSJpbWcyNSI+4peG5pu45L2T44Gv44OW44Ot44OD44Kv5L2T44GL562G6KiY5L2T44Gu44GE44Ga44KM44GL44KS44GK6YG444Gz44GE44Gf44Gg44GR44G+44GZ44CCPC9wPgogICAgICAgICDil4bkvbXjgZvjgabmmJ/luqfjg57jg7zjgq/jg7vkuIDpg6jjga7ntbXmloflrZfjgYzliLvljbDlj6/og73jgafjgZnjgILkvb/nlKjlj6/og73jgaroqJjlj7fjg7vntbXmloflrZfjgavplqLjgZfjgb7jgZfjgabjga/jgIHkuIvoqJjjgavmjrLnpLrjgZXjgozjgabjgYTjgb7jgZnmm7jkvZPopovmnKzjgpLjgZTlj4LnhafpoZjjgYTjgb7jgZnjgIIKICAgICAgPC9kaXY+CiAgICAgICA8aW1nIHNyYz0iaHR0cDovL2ltYWdlLnJha3V0ZW4uY28uanAvdmllYW5nZS9jYWJpbmV0L3BhcnRzL2xzcjA2NTBfNTJhLmpwZyIgLz4gIDwvZGl2PgogICAgCiAgICA8aW1nIHNyYz0iaHR0cDovL2ltYWdlLnJha3V0ZW4uY28uanAvdmllYW5nZS9jYWJpbmV0L3BhcnRzL2xzcjA2NTBfNTQuanBnIiBjbGFzcz0iaW1nMDUiIC8+CiAgICAKICA8cCBzdHlsZT0iZm9udC1zaXplOiAxNHB4OyIgY2xhc3M9ImltZzIwIj7igLvjgZPjgaHjgonjga7llYblk4HjgavlhaXjgozjgonjgozjgovliLvljbDmloflrZfmlbA8c3BhbiBzdHlsZT0iY29sb3I6ICNGRjAwNjYiPjMw5paH5a2X44G+44GnPC9zcGFuPuOBp+OBmeOAgjwvcD4KICA8cCBjbGFzcz0iaW1nMTAiPuOBk+OBruWVhuWTgeOBr+OAgeOCouODq+ODleOCoeODmeODg+ODiOWkp+aWh+Wtl+ODu+iLseaVsOWtl+WQiOOCj+OBm+OBpjxzcGFuIHN0eWxlPSJjb2xvcjogI0ZGMDA2NiI+MzDmloflrZfjgb7jgafliLvljbDlj6/og73vvIjkuIDmloflrZfntIQwLjnvvY3vvY3lpKfvvIk8L3NwYW4+44Gn44GZ44CC6KiY5Y+344CB44K544Oa44O844K544CB44Oe44O844Kv44Gq44Gp44KC77yR5paH5a2X5YiG44Go44GX44Gm44Kr44Km44Oz44OI44GV44KM44G+44GZ44CC44Oe44O844Kv44O757W15paH5a2X44KS44GU6KiY5YWl44Gu5aC05ZCI44Gv44CB5pu45L2T6KaL5pys44Gr6KiY6LyJ44GV44KM44Gm44GE44KL44Oe44O844Kv44Gu5Li455Wq5Y+344KS5Yi75Y2w5L2N572u44Gr44GU6KiY5YWl6aGY44GE44G+44GZ44CCPC9wPgogIAogIDxicj48YnI+CiAKIDxkaXYgY2xhc3M9Imdvb2RzXzEzMDVfMDYiPgogIDxwPuODl+ODq+ODgOOCpuODs+ODoeODi+ODpeODvOOBi+OCieOBlOW4jOacm+OBruabuOS9k+OCkuOBiumBuOOBs+OBj+OBoOOBleOBhOOAguazqOaWh+eUu+mdouOBruOAjOWIu+WNsOWvvuixoeWVhuWTgeOCkuOBlOazqOaWh+OBruaWueOBrwrjgZPjgaHjgonjgavjgZToqJjlhaXjgY/jgaDjgZXjgYTjgI3mrITjgavliLvljbDlhoXlrrnjgpLjgZToqJjlhaXjgY/jgaDjgZXjgYTjgILllYblk4HjgpIy5YCL5Lul5LiK44GK6LK344GE5LiK44GS44Gu5aC05ZCI44Gv44CBCuWIu+WNsOWvvuixoeWVhuWTgeOBjOWIhuOBi+OCi+OCiOOBhuOBlOS9teiomOOBiumhmOOBhOiHtOOBl+OBvuOBmeOAggrkvovjgIzjg6zjg4fjgqPjg7zjgrnvvJril4vil4vil4vil4vjgI3jgIzjg6Hjg7PjgrrvvJril4vil4vil4vil4vjgI3jgarjgak8L3A+PC9kaXY+Cgo8YnI+PGJyPgoKCgogIDwhLS3ilrzilrzilrzjg6njg4Pjg5Tjg7PjgrDjg7vjg6Hjg4Pjgrvjg7zjgrjjgqvjg7zjg4nilrzilrzilrwtLT4gICAKICAKICA8aW1nIHNyYz0iaHR0cDovL2ltYWdlLnJha3V0ZW4uY28uanAvdmllYW5nZS9jYWJpbmV0L3dyYXBwaW5nL3dyYXBwaW5nX3RpdGxlLmpwZyIgYWx0PSLjg6njg4Pjg5Tjg7PjgrAiPgoKPGJyPjxicj48YnI+Cgo8dGFibGUgYm9yZGVyPSIwIiB3aWR0aD0iNjYwcHgiPgo8dHI+Cjx0ZD4KPGltZyBzcmM9Imh0dHA6Ly9pbWFnZS5yYWt1dGVuLmNvLmpwL3ZpZWFuZ2UvY2FiaW5ldC93cmFwcGluZy9scl93cmFwXzAxXzEuanBnIiBhbHQ9IkxvdmVycyZSaW5n44CA6YCa5bi444Op44OD44OU44Oz44KwIj4KPC90ZD4KPHRkPgo8aW1nIHNyYz0iaHR0cDovL2ltYWdlLnJha3V0ZW4uY28uanAvdmllYW5nZS9jYWJpbmV0L3dyYXBwaW5nL2xyX3dyYXBfMDIuanBnIiBhbHQ9IkxvdmVycyZSaW5n44CA44Ko44Kz44Op44OD44OU44Oz44KwIj4KPC90ZD4KPHRkPgo8YSAgaHJlZj0iaHR0cDovL2l0ZW0ucmFrdXRlbi5jby5qcC92aWVhbmdlL2MvMDAwMDAwMDc4Mi8iPjxpbWcgc3JjPSJodHRwOi8vaW1hZ2UucmFrdXRlbi5jby5qcC92aWVhbmdlL2NhYmluZXQvd3JhcHBpbmcvbHJfd3JhcF8wMy5qcGciIGFsdD0iTG92ZXJzJlJpbmfjgIDjgrnjg5rjgrfjg6Pjg6vjg6njg4Pjg5Tjg7PjgrAiPjwvYT4KPC90ZD4KPC90cj4KPC90YWJsZT4KPGltZyBzcmM9Imh0dHA6Ly9pbWFnZS5yYWt1dGVuLmNvLmpwL3ZpZWFuZ2UvY2FiaW5ldC93cmFwcGluZy9raWtpbi5qcGciIGFsdD0i5aSp5L2/44Gu5Y215Z+66YeRIj4KICAKICA8YSAgaHJlZj0iaHR0cDovL2l0ZW0ucmFrdXRlbi5jby5qcC92aWVhbmdlL2MvMDAwMDAwMDc5MS8iPgo8aW1nIHNyYz0iaHR0cDovL2ltYWdlLnJha3V0ZW4uY28uanAvdmllYW5nZS9jYWJpbmV0L3dyYXBwaW5nL2xzX2NhcmQuanBnIiBhbHQ9IuODoeODg+OCu+ODvOOCuOOCq+ODvOODiSI+PC9hPgoKCiA8IS0t4pa84pa84pa844Oa44Ki44O75Y2Y5ZOB44Oq44Oz44Kv4pa84pa84pa8LS0+ICAgCiAKICA8aW1nIHNyYz0iaHR0cDovL2ltYWdlLnJha3V0ZW4uY28uanAvdmllYW5nZS9jYWJpbmV0L2xvdmVyc19hbmRfcmluZy9sb3ZlcnNyaW5nX2ltYWdlL2xyX2xpbmtfbWVucy5qcGciIHdpZHRoPSI2NjAiIGhlaWdodD0iNTgiIGNsYXNzPSJpbWcxMCIgLz4KICAKICAKIDxkaXYgY2xhc3M9ImxpbmtfcGFpcl9tZW5zIj4KICAgICA8ZGl2IGNsYXNzPSJ0YW5waW5fbGVmdCI+PGEgaHJlZj0iaHR0cDovL2l0ZW0ucmFrdXRlbi5jby5qcC92aWVhbmdlL2xzcjA2MDVway13Zy8iPjxpbWcgc3JjPSJodHRwOi8vaW1hZ2UucmFrdXRlbi5jby5qcC92aWVhbmdlL2NhYmluZXQvbG92ZXJzX3NjZW5lL2xzci9sc3IwNjA1X3BhaXIuanBnIiB3aWR0aD0iMjM1IiBoZWlnaHQ9IjIzNSIgY2xhc3M9ImltZzIwIiAvPjwvYT4KICAgIDwvZGl2PgogICAgPGRpdiBjbGFzcz0idGFucGluX3JpZ2h0Ij48YSBocmVmPSJodHRwOi8vaXRlbS5yYWt1dGVuLmNvLmpwL3ZpZWFuZ2UvbHNyMDYwNXdnLyI+PGltZyBzcmM9Imh0dHA6Ly9pbWFnZS5yYWt1dGVuLmNvLmpwL3ZpZWFuZ2UvY2FiaW5ldC9sb3ZlcnNfc2NlbmUvbHNyL2xzcjA2MDVfMjkuanBnIiB3aWR0aD0iMjM1IiBoZWlnaHQ9IjIzNSIgY2xhc3M9ImltZzIwIiAvPjwvYT4KICAgIDwvZGl2PgogIDwvZGl2PgoKCgo8YSBocmVmPSJodHRwOi8vaXRlbS5yYWt1dGVuLmNvLmpwL3ZpZWFuZ2UvYy8wMDAwMDAwNjY2LyI+PGltZyBzcmM9Imh0dHA6Ly9pbWFnZS5yYWt1dGVuLmNvLmpwL3ZpZWFuZ2UvY2FiaW5ldC9pbWFnZS9tb3JlX3BhaXJyaW5nMi5qcGciIHdpZHRoPSI2NjAiIGhlaWdodD0iMTIwIiBib3JkZXI9IjAiPjwvYT48YnI+PGJyPgogIAogIAogIAogIDxpbWcgc3JjPSJodHRwOi8vaW1hZ2UucmFrdXRlbi5jby5qcC92aWVhbmdlL2NhYmluZXQvcGFydHMvbHNyMDY1MF82OC5naWYiIGNsYXNzPSJpbWczMCIgLz4KCgo8L2Rpdj48L2Rpdj4KPHRhYmxlIHdpZHRoPSIzOTAiIGJvcmRlcj0iMCI+CiAgPHRyPgogICAgPHRkIHdpZHRoPSI4OSI+Jm5ic3A7PC90ZD4KICAgIDx0ZCB3aWR0aD0iMjkxIj4mbmJzcDs8L3RkPgogIDwvdHI+CiAgPHRyPgogICAgPHRkPjxmb250IGNvbG9yPSM2OTY5Njkgc2l6ZT0iMiI+4pag44CA57Sg5p2Q44CA4pagPC9mb250PjwvdGQ+CiAgICA8dGQ+Jm5ic3A7PC90ZD4KICA8L3RyPgo8L3RhYmxlPgo8dGFibGUgd2lkdGg9IjM5MCIgYm9yZGVyPSIwIj4KICA8dHI+CiAgICA8dGQgd2lkdGg9Ijg5Ij48ZGl2IGFsaWduPSJyaWdodCI+PGZvbnQgY29sb3I9IiM2OTY5NjkiIHNpemU9IjIiPuODrOODh+OCo+ODvOOCue+8mjwvZm9udD48L2Rpdj48L3RkPgogICAgPHRkIHdpZHRoPSIyOTEiPjxmb250IGNvbG9yPSM2OTY5Njkgc2l6ZT0iMiI+SzEwKOODlOODs+OCr+OCtOODvOODq+ODie+8iTwvZm9udD48L3RkPgogIDwvdHI+CiAgPHRyPgogICAgPHRkPiZuYnNwOzwvdGQ+CiAgICA8dGQ+Jm5ic3A7PC90ZD4KICA8L3RyPgo8L3RhYmxlPgo8dGFibGUgd2lkdGg9IjM5MCIgYm9yZGVyPSIwIj4KICA8dHI+CiAgICA8dGQ+PGZvbnQgY29sb3I9IzY5Njk2OSBzaXplPSIyIj7ilqAg5aSn44GN44GVKG1tKSDilqA8L2ZvbnQ+PC90ZD4KICA8L3RyPgo8L3RhYmxlPgo8dGFibGUgd2lkdGg9IjM5MCIgYm9yZGVyPSIwIj4KICA8dHI+CiAgICA8dGQgd2lkdGg9Ijg5IiBoZWlnaHQ9IjE1Ij4mbmJzcDs8L3RkPgogICAgPHRkIHdpZHRoPSIyOTEiPjxmb250IGNvbG9yPSM2OTY5Njkgc2l6ZT0iMiI+5bmF57SEMS44w5fljprjgb/ntIQxLjA8L2ZvbnQ+PC90ZD4KICA8L3RyPgogIDx0cj4KICAgIDx0ZD4mbmJzcDs8L3RkPgogICAgPHRkPiZuYnNwOzwvdGQ+CiAgPC90cj4KPC90YWJsZT4KPHRhYmxlIHdpZHRoPSIzOTAiIGJvcmRlcj0iMCI+CiAgPHRyPgogICAgPHRkIHdpZHRoPSI4OSI+PGZvbnQgY29sb3I9IzY5Njk2OSBzaXplPSIyIj7ilqDjgIDph43ph4/jgIDilqA8L2ZvbnQ+PC90ZD4KICAgIDx0ZCB3aWR0aD0iMjkxIj4mbmJzcDs8L3RkPgogIDwvdHI+CjwvdGFibGU+Cjx0YWJsZSB3aWR0aD0iMzkwIiBib3JkZXI9IjAiPgogIDx0cj4KICAgIDx0ZCB3aWR0aD0iODkiPiZuYnNwOzwvdGQ+CiAgICA8dGQgd2lkdGg9IjI5MSI+PGZvbnQgY29sb3I9IzY5Njk2OSBzaXplPSIyIj7ntIQxLjJnPC9mb250PjwvdGQ+CiAgPC90cj4KICA8dHI+CiAgICA8dGQ+Jm5ic3A7PC90ZD4KICAgIDx0ZD48Zm9udCBjb2xvcj0iIzAwOTlGRiIgc2l6ZT0iMSI+4oC75aSn44GN44GV44O76YeN44GV44Gr44Gv5aSa5bCR44Gu5YCL5L2T5beu44GM55Sf44GY44G+44GZPC9mb250PjwvdGQ+CiAgPC90cj4KPC90YWJsZT4KPHRhYmxlIHdpZHRoPSIzOTAiIGJvcmRlcj0iMCI+CiAgPHRyPgogICAgPHRkIHdpZHRoPSI4OCIgaGVpZ2h0PSIxNSI+PGZvbnQgY29sb3I9IzY5Njk2OSBzaXplPSIyIj7ilqDopo/lrprjgrXjgqTjgrrilqA8L2ZvbnQ+PC90ZD4KICAgIDx0ZCB3aWR0aD0iMjkyIj4mbmJzcDs8L3RkPgogIDwvdHI+CjwvdGFibGU+Cjx0YWJsZSB3aWR0aD0iMzkwIiBib3JkZXI9IjAiPgogIDx0cj4KICAgIDx0ZCB3aWR0aD0iODkiIGhlaWdodD0iNTEiPiZuYnNwOzwvdGQ+CiAgICA8dGQgd2lkdGg9IjI5MSI+PGZvbnQgY29sb3I9IzY5Njk2OSBzaXplPSIyIj415Y+344GL44KJMjPlj7fjgb7jgac8YnI+CuKAuzI05Y+35Lul5LiK44Gu44K144Kk44K644Gv5Yil6YCU5paZ6YeR44GM55m655Sf44GE44Gf44GX44G+44GZ44CC44G+44Gf44CB57SN5pyf44GMMemAsemWk+OBu+OBqemVt+OBj+OBquOCiuOBvuOBmeOAgjxicj4KPGJyPgrigLs05Y+35Lul5LiL44Gu44K144Kk44K644Gu5aC05ZCI44CB6L+95Yqg5paZ6YeR44Gv55m655Sf44GE44Gf44GX44G+44Gb44KT44GM44CBPGZvbnQgY29sb3I9IiMwMDk5RkYiPue0jeacn+OBjDHpgLHplpPvvIg35Za25qWt5pel77yJ44G744Gp5Yqg566X44GV44KM44G+44GZPC9mb250PuOAgjxicj48YnI+CuKXhuimj+WumuWkluOCteOCpOOCuuOBruOCquODvOODgOODvOaWueazleKXhjxicj4KPGJyPgrjgrXjgqTjgrrjga7jg5fjg6vjg4Djgqbjg7Pjg6Hjg4vjg6Xjg7zjgojjgorvvJzkuIroqJjku6XlpJbvvJ7jgpLjgZTpgbjmip7kuIvjgZXjgYTjgILms6jmlofnlLvpnaLjga7pgJrkv6HmrITjgavjgZTluIzmnJvjga7jgrXjgqTjgrrjgpLjgZTmmI7oqJjjgY/jgaDjgZXjgYTjgILlvZPmlrnjgavjgablt67poY3jgpLnrpflh7rjga7jgYbjgYjjgIHjgYrlrqLmp5jjgavjgZTpgKPntaHjgYTjgZ/jgZfjgb7jgZnjgILjgYrlrqLmp5jjga7jgZTkuobmib/jgpLjgYTjgZ/jgaDjgYTjgZ/mmYLngrnjgafjgIHlvZPmlrnjgavjgabov73liqDmlpnph5HjgpLliqDnrpfjgZfjgabjgIHjgZToq4vmsYLnt4/poY3jgpLlpInmm7TjgZXjgZvjgabjgYTjgZ/jgaDjgY3jgb7jgZnjgIIKPC9mb250PjwvdGQ+CiAgPC90cj4KICA8dHI+CiAgICA8dGQ+Jm5ic3A7PC90ZD4KICAgIDx0ZD4mbmJzcDs8L3RkPgogIDwvdHI+CjwvdGFibGU+Cgo8dGFibGUgd2lkdGg9IjM5MCIgYm9yZGVyPSIwIj4KICA8dHI+CiAgICA8dGQgd2lkdGg9IjIxMSI+PGZvbnQgY29sb3I9IzY5Njk2OSBzaXplPSIyIj7ilqAg6KOP55+z5YWl44KM44Kq44OX44K344On44Oz4pagPC9mb250PjwvdGQ+CiAgICA8dGQgd2lkdGg9IjE2OSI+Jm5ic3A7PC90ZD4KICA8L3RyPgo8L3RhYmxlPgo8dGFibGUgd2lkdGg9IjM5MCIgYm9yZGVyPSIwIj4KICA8dHI+CiAgICA8dGQgd2lkdGg9Ijg5Ij4mbmJzcDs8L3RkPgogICAgPHRkIHdpZHRoPSIyOTEiPjxmb250IGNvbG9yPSM2OTY5Njkgc2l6ZT0iMiI+5a++5b+c5LiN5Y+vPC9mb250PjwvdGQ+CiAgPC90cj4KICA8dHI+CiAgICA8dGQ+Jm5ic3A7PC90ZD4KICAgIDx0ZD4mbmJzcDs8L3RkPgogIDwvdHI+CjwvdGFibGU+PCEtLeKWvOKWvCDlt6bluK/jg6rjg7Pjgq/jgYLjgoog4pa84pa8LS0+Cgo8ZGl2IGlkPSJoaWRhcmktb2JpIj4KCjxzdHlsZT4KI2hpZGFyaS1vYmkgewpwb3NpdGlvbjogYWJzb2x1dGU7CnRvcDowcHg7CmxlZnQ6MTBweDsKYmFja2dyb3VuZDogdXJsKCJodHRwczovL2ltYWdlLnJha3V0ZW4uY28uanAvdmllYW5nZS9jYWJpbmV0L2NhbXBhaWduL3NjYm5yXzA1MTUuanBnIikgcmVwZWF0LXkgbGVmdCB0b3AgOwp9CiNoaWRhcmktb2JpIGEgewpkaXNwbGF5OiBibG9jazsKaGVpZ2h0OjkzMDBweDsvKuODmuODvOOCuOWFqOS9k+OBrumrmOOBlSovCndpZHRoOiAxNDBweDsvKuW4r+OBruW5hSovCn0KPC9zdHlsZT4KCjwvZGl2PgoKCgo8IS0t4pa84pa8IOW3puW4r+ODquODs+OCr+OBquOBlyDilrzilrwtLT4KCgoKCjwhLS3ilrzilrwg5bem5biv44Oq44Oz44Kv44Gq44GXIOKWvOKWvC0tPgoKPCEtLQo8c3R5bGUgdHlwZT0idGV4dC9jc3MiPgpib2R5ewpiYWNrZ3JvdW5kLWltYWdlOiB1cmwoImh0dHA6Ly9pbWFnZS5yYWt1dGVuLmNvLmpwL3ZpZWFuZ2UvY2FiaW5ldC9jYW1wYWlnbi9ibnJfMTAxMi5qcGciKTsKYmFja2dyb3VuZC1yZXBlYXQ6IHJlcGVhdC15OwpiYWNrZ3JvdW5kLWF0dGFjaG1lbnQ6IHNjcm9sbDsKYmFja2dyb3VuZC1wb3NpdGlvbjpsZWZ0Cn0KPC9zdHlsZT4KLS0+CgoKCgo8c3R5bGUgdHlwZT0idGV4dC9jc3MiPgoKLyog44GK5rCX44Gr5YWl44KK5ZWG5ZOBICovCgojcmFrdXRlbkxpbWl0ZWRJZF9hcm91bmRDYXJ0ICNzZXJ2aWNlVGFibGVTbWwgdGQuZmF2b3JpdGUgewoKcGFkZGluZy10b3A6IDVweDsKCn0KCiNyYWt1dGVuTGltaXRlZElkX2Fyb3VuZENhcnQgZGl2LmJvb2ttYXJrQXJlYSBkaXYuYmttIHsKCndpZHRoOiAyOTFweCAhaW1wb3J0YW50OwoKaGVpZ2h0OjMzcHggIWltcG9ydGFudDsKCnBhZGRpbmc6IDBweCAwcHggMTBweCAwcHggIWltcG9ydGFudDsKCn0KCiNyYWt1dGVuTGltaXRlZElkX2Fyb3VuZENhcnQgZGl2LmJvb2ttYXJrQXJlYSBkaXYuYmttIGEuYWRkQmttIHsKCndpZHRoOiAyOTFweCAhaW1wb3J0YW50OwoKaGVpZ2h0OjMzcHggIWltcG9ydGFudDsKCn0KCiNyYWt1dGVuTGltaXRlZElkX2Fyb3VuZENhcnQgZGl2LmJvb2ttYXJrQXJlYSBkaXYuYmttIGEuYWRkQmttIHNwYW4uYmttU3RhciB7CgpkaXNwbGF5OiBpbmxpbmUtYmxvY2sgIWltcG9ydGFudDsKCndpZHRoOiAyOTFweCAhaW1wb3J0YW50OwoKaGVpZ2h0OjMzcHggIWltcG9ydGFudDsKCm1hcmdpbjowcHggMHB4IDEwcHggMHB4ICFpbXBvcnRhbnQ7CgpiYWNrZ3JvdW5kOiB1cmwoImh0dHA6Ly9pbWFnZS5yYWt1dGVuLmNvLmpwL3ZpZWFuZ2UvY2FiaW5ldC9ibnJfZmF2aXRlbS5qcGciKSBuby1yZXBlYXQgIWltcG9ydGFudDsKCn0KCiAKCi8qIOOBiuawl+OBq+WFpeOCiuOCt+ODp+ODg+ODlyAqLwoKZGl2LmJvb2ttYXJrQXJlYSB7Cgp3aWR0aDogMjkxcHggIWltcG9ydGFudDsKCn0KCiNyYWt1dGVuTGltaXRlZElkX2Fyb3VuZENhcnQgZGl2LnNob3BCb29rbWFya0FyZWEgZGl2LnNob3BCa20gewoKd2lkdGg6IDI5MXB4ICFpbXBvcnRhbnQ7CgpoZWlnaHQ6MzNweCAhaW1wb3J0YW50OwoKcGFkZGluZzogMHB4IDBweCAhaW1wb3J0YW50OwoKcGFkZGluZy1sZWZ0OiAwcHggIWltcG9ydGFudDsKCn0KCiNyYWt1dGVuTGltaXRlZElkX2Fyb3VuZENhcnQgZGl2LnNob3BCb29rbWFya0FyZWEgZGl2LnNob3BCa20gYS5hZGRTaG9wQmttIHNwYW4uc2hvcEJrbVN0YXIgewoKZGlzcGxheTogaW5saW5lLWJsb2NrICFpbXBvcnRhbnQ7Cgp3aWR0aDogMjkxcHggIWltcG9ydGFudDsKCmhlaWdodDozM3B4ICFpbXBvcnRhbnQ7CgptYXJnaW4tcmlnaHQ6IDBweCAhaW1wb3J0YW50OwoKYmFja2dyb3VuZDogdXJsKCJodHRwOi8vaW1hZ2UucmFrdXRlbi5jby5qcC92aWVhbmdlL2NhYmluZXQvYm5yX2ZhdnNob3AuanBnIikgbm8tcmVwZWF0ICFpbXBvcnRhbnQ7Cgp9Cjwvc3R5bGU+CgoKCgo8ZGl2IGlkPSJwcmVzZW50X2Jhc2UiIGNsYXNzPSJjbGVhcmZpeCI+CiAgIDxkaXYgY2xhc3M9InByZXNlbnRfaW1nIj48aW1nIHNyYz0iaHR0cDovL2ltYWdlLnJha3V0ZW4uY28uanAvdmllYW5nZS9jYWJpbmV0L3RtZy9mb290X3ByZTAxLmdpZiIgYWx0PSLlpKfliIfjgarjgYLjga7kurrjgavntKDmlbXjgarjg5fjg6zjgrzjg7Pjg4giIHdpZHRoPSIxOTkiIGhlaWdodD0iMjk1IiAvPjwvZGl2PgogICA8ZGl2IGNsYXNzPSJwcmVzZW50X3R4dCI+PHA+5b2T5bqX44Gv44CB5Lq65rCX44Ki44Kv44K744K144Oq44O844OW44Op44Oz44OJ44CM5aSp5L2/44Gu5Y2144CN44KE44CM5pyq5p2l5aSp5L2/44CN44KS44Gv44GY44KB44CB6KqV55Sf55+z44Gu44Oa44Oz44OA44Oz44OI44KE44Oq44Oz44Kw44Gq44Gp44CB44OX44Os44K844Oz44OI44Gr44OU44OD44K/44Oq44Gq44Ki44Kv44K744K144Oq44O844KS5Y+W5omx44GG6YCa6LKp44K344On44OD44OX44Gn44GZ44CCPC9wPjxiciAvPgrjgIzlhKrjgZfjgYTlhYnjgavjgaTjgaTjgb7jgozjgovmsLjpgaDjga7lkb3jgI3jgpLooajnj77jgZfjgZ/jgrPjg7Pjgrvjg5fjg4jjgrjjg6Xjgqjjg6rjg7zjgIzmnKrmnaXlpKnkvb/jgI3jga/mnKrmnaXjgavlkJHjgZHjgabovJ3jgZHjgovlkb3jga7jgZnjgbDjgonjgZfjgZXjgpLlpJrlvanjgarjg4bjg7zjg57jg7vjg4fjgrbjgqTjg7Pjgafooajnj77jgZfjgabjgYTjgb7jgZnjgII8YnIgLz4K44Gd44KT44Gq5pyq5p2l5aSp5L2/44GL44KJ44Gu44OX44Os44K844Oz44OI44Go44GE44GG44Kz44Oz44K744OX44OI44Gn5L2c44KJ44KM44Gf44CM5aSp5L2/44Gu5Y2144CN44Gv44CB44CM6KqV55Sf44Gu5Zac44Gz44CN44KE44CM55Sf44GN44KL44GT44Go44Gu5oSf5YuV44Go6LOe6LOb44CN44KS44OG44O844Oe44Go44GX44Gm5Ym144KJ44KM44CB5Y2144Go576944Gu44OQ44Op44Oz44K544Gu6Imv44GE44KE44GV44GX44GE44OH44K244Kk44Oz44GM5oSb44GV44KM44Gm44GE44KL44Ot44Oz44Kw44K744Op44O844Gu5Lq65rCX44Ki44Kv44K744K144Oq44O844Gn44GZ44CC5piv6Z2e44CB5aSn5YiH44Gq5Lq644G444Gu44OX44Os44K844Oz44OI562J44Gr44KC44GU5rS755So5LiL44GV44GE77yBPC9kaXY+CjwvZGl2PgoKCgoKCjwhLS3ilrzilrzilrzjg6zjg5Pjg6Xjg7zjg7vms6jmlofnirbms4HilrzilrzilrwtLT4gICAKCiAgICAgICAgICAgIDxoMj48aW1nIHNyYz0iaHR0cDovL3d3dy5yYWt1dGVuLm5lLmpwL2dvbGQvdmllYW5nZS9pbWcvdGl0bGVfMDYuanBnIiBhbHQ9IuODrOODk+ODpeODvCIgd2lkdGg9IjY4OCIgaGVpZ2h0PSI3MCIgLz48L2gyPgogICAgICAgICAgICA8YnI+PGJyPgogIAoJICA8YnI+IDxicj4gPGJyPiAKICAgICAgICAgICAgICAgICAgPGgyPjxpbWcgc3JjPSJodHRwOi8vd3d3LnJha3V0ZW4ubmUuanAvZ29sZC92aWVhbmdlL2ltZy90aXRsZV8wNy5qcGciIGFsdD0i5rOo5paH54q25rOBIiB3aWR0aD0iNjg4IiBoZWlnaHQ9IjcwIiAvPjwvaDI+CiAgICAgICAgICAgICAgICAgICAgICAgICAgICAgIDxicj4gPGJyPiAKPGJyPiA8YnI+IDxicj4=,44CQ5Yi75Y2w54Sh5paZ44CR4peGTG92ZXJzICZhbXA7IFJpbmcg44Op44OQ44O844K644Oq44Oz44Kw4peGSzEw44OU44Oz44Kv44K044O844Or44OJ44Oq44Oz44KwKOODrOODh+OCo+ODvOOCuSnjgJBMU1IwNjA1UEvjgJHjgJBLMTAg44OU44Oz44Kv44K044O844Or44OJIOODquODs+OCsCDjg5rjgqLjg6rjg7PjgrAg44Oa44KiIOODrOODh+OCo+ODvOOCuSDmjIfovKog44Op44OW44Oq44Oz44KwIOODl+ODrOOCvOODs+ODiCDjgqLjgq/jgrvjgrXjg6rjg7wg44K444Ol44Ko44Oq44O8IOOCruODleODiCDjgYvjgo/jgYTjgYQg5Yi75Y2w5Y+v6IO944CRICDmr43jga7ml6Ug44K344Oz44OX44Or77ya5aSp5L2/44Gu5Y21IHdpdGggTE9WRVJTIFNDRU5F,5aSp5L2/44Gu5Y215pyq5p2l5aSp5L2/44K544Oa44O844K544Kv44Oq44Ko44O844K/44O844K444Ol44Ko44Oq44O844K344Or44OQ44O844Ki44Kv44K744K144Oq44O844OU44Oz44Kv44K344Or44OQ44O844ON44OD44Kv44Os44K555u05Za25bqX44Kv44Oq44K544Oe44K56ZmQ5a6a44Oa44Oz44OA44Oz44OI5oyH6Lyq44OU44Ki44K544OX44Os44K844Oz44OI44OZ44OT44O844K544OX44O844Oz44Os44OH44Kj44O844K544Op44OQ44O844K644K344O844Oz57WQ5ama5oyH6Lyq44Oa44Ki44Oq44Oz44Kw6KqV55Sf55+z44CQ5Yi75Y2w54Sh5paZ44CR4peGTG92ZXJzICZhbXA7IFJpbmcg44Op44OQ44O844K644Oq44Oz44Kw4peGSzEw44OU44Oz44Kv44K044O844Or44OJ44Oq44Oz44KwKOODrOODh+OCo+ODvOOCuSnjgJBMU1IwNjA1UEvjgJHjgJBLMTAg44OU44Oz44Kv44K044O844Or44OJIOODquODs+OCsCDjg5rjgqLjg6rjg7PjgrAg44Oa44KiIOODrOODh+OCo+ODvOOCuSDmjIfovKog44Op44OW44Oq44Oz44KwIOODl+ODrOOCvOODs+ODiCDjgqLjgq/jgrvjgrXjg6rjg7wg44K444Ol44Ko44Oq44O8IOOCruODleODiCDjgYvjgo/jgYTjgYQg5Yi75Y2w5Y+v6IO944CRICDmr43jga7ml6Ug44K344Oz44OX44Or,44K044O844Or44OJ57Sg5p2Q44KS55Sf44GL44GX44Gf44K344Oz44OX44Or44Gq44OH44K244Kk44Oz44CC44CQ5Yi75Y2w54Sh5paZ44CR4peGTG92ZXJzICZhbXA7IFJpbmcg44Op44OQ44O844K644Oq44Oz44Kw4peGSzEw44OU44Oz44Kv44K044O844Or44OJ44Oq44Oz44KwKOODrOODh+OCo+ODvOOCuSnjgJBMU1IwNjA1UEvjgJHjgJBLMTAg44OU44Oz44Kv44K044O844Or44OJIOODquODs+OCsCDjg5rjgqLjg6rjg7PjgrAg44Oa44KiIOODrOODh+OCo+ODvOOCuSDmjIfovKog44Op44OW44Oq44Oz44KwIOODl+ODrOOCvOODs+ODiCDjgqLjgq/jgrvjgrXjg6rjg7wg44K444Ol44Ko44Oq44O8IOOCruODleODiCDjgYvjgo/jgYTjgYQg5Yi75Y2w5Y+v6IO944CRICDmr43jga7ml6Ug44K344Oz44OX44Or[rn]
39-1042,aHR0cDovL3RzaG9wLnIxMHMuanAvdmllYW5nZS9jYWJpbmV0L2xvdmVyc19hbmRfcmluZy9sc3IwNjA0cGsuanBnP2ZpdGluPTcwMDo3MDA=,MTI5NjAuMDAwMA==,,44K444Ol44Ko44Oq44O844O744Ki44Kv44K744K144Oq44O8ID4g44Os44OH44Kj44O844K544K444Ol44Ko44Oq44O844O744Ki44Kv44K744K144Oq44O8ID4g5oyH6Lyq44O744Oq44Oz44Kw,44CQ5Yi75Y2w54Sh5paZ44CR4peGTG92ZXJzICYgUmluZyDjg6njg5Djg7zjgrrjg6rjg7PjgrDil4ZLMTDjg5Tjg7Pjgq/jgrTjg7zjg6vjg4njg6rjg7PjgrAo44Os44OH44Kj44O844K5KeOAkExTUjA2MDRQS+OAkeOAkEsxMCDjg5Tjg7Pjgq/jgrTjg7zjg6vjg4kg44Oq44Oz44KwIOODmuOCouODquODs+OCsCDjg5rjgqIg44Os44OH44Kj44O844K5IOaMh+i8qiDjg6njg5bjg6rjg7PjgrAg44Kv44Ot44K5IOODl+ODrOOCvOODs+ODiCDjgq7jg5Xjg4gg44Ki44Kv44K744K144Oq44O8IOOCouOCr+OCuyDjgrjjg6Xjgqjjg6rjg7wg5aa744CRICDmr43jga7ml6Ug44K344Oz44OX44Or,576O44GX44GE44Kv44Ot44K544Op44Kk44Oz44GM5oyH44KS44Kt44Os44Kk44Gr6KaL44Gb44KL4piG,PGNlbnRlcj48YSBocmVmPSJodHRwczovL215LmJvb2ttYXJrLnJha3V0ZW4uY28uanAvP2Z1bmM9cmVnJnN2aWQ9MTAxJnNob3BfYmlkPTIwMzk0NyZpaWQ9MTAwMDExNTkmaXR5cGU9MSB0YXJnZXQ9X2JsYW5rIj48aW1nIHNyYz0iaHR0cDovL2ltYWdlLnJha3V0ZW4uY28uanAvdmllYW5nZS9jYWJpbmV0L3BfYm5yX2Zhdml0ZW0uanBnIiBib3JkZXI9IjAiIHdpZHRoPSI2NjAiIGhlaWdodD0iMTMwIj48L2E+PC9jZW50ZXI+PGJyPjxicj48aW1nIHNyYz0iaHR0cDovL2ltYWdlLnJha3V0ZW4uY28uanAvdmllYW5nZS9jYWJpbmV0L2NhbXBhaWduL2xyX3JpbmdfcGNfdG9rdXRlbi5qcGciYWx0PSJMb3ZlcnMmUmluZyDjgq3jg6Pjg7Pjg5rjg7zjg7MiPjxicj48YnI+Cgo8ZGl2IGNsYXNzPSJjYV8wMSI+Cgo8ZGl2IGlkPSJkZXRhaWxfYmFzZTIiPgoKICA8ZGl2IGNsYXNzPSJnb29kc18xMzA1XzAxIj4KICAgICAgPGRpdj48cD7nvo7jgZfjgYTjg5Xjgqnjg6vjg6Djga7jgq/jg63jgrnjgr/jgqTjg5fjga7jg6rjg7PjgrDjgafjgZnjgILjgrfjg7Pjg5fjg6vjgarjg4fjgrbjgqTjg7PjgYzjgrTjg7zjg6vjg4njga7lrZjlnKjmhJ/jgpLjgIHjgojjgorlvJXjgY3nq4vjgabjgb7jgZnjgILjgZPjga7jgq/jg63jgrnjgavjga/jgIzkuozkurrjga7lh7rkvJrjgYTjgI3jgajjgYTjgYbmhI/lkbPjgYzovrzjgoHjgonjgozjgabjgYTjgb7jgZnjgILjgZ3jgZfjgabjgIHpm6LjgozjgabjgYTjgabjgoLjgIHjgYTjgaTjgoLouqvov5HjgavjgYrkupLjgYTjga7lrZjlnKjjgpLmhJ/jgZjjgonjgozjgovjgojjgYbjgavjgajjgYTjgYbmg7PjgYTjgpLovrzjgoHjgabkvZzjgorjgb7jgZfjgZ/jgII8L3A+CiAgICA8L2Rpdj4KICAgICA8aW1nIHNyYz0iaHR0cDovL2ltYWdlLnJha3V0ZW4uY28uanAvdmllYW5nZS9jYWJpbmV0L2xvdmVyc19zY2VuZS9sc3IvbHNyMDYwNF8wMy5qcGciIHdpZHRoPSI2NjAiIGhlaWdodD0iMzYwIiAvPiAgPC9kaXY+CiAgCiAgPGltZyBzcmM9Imh0dHA6Ly9pbWFnZS5yYWt1dGVuLmNvLmpwL3ZpZWFuZ2UvY2FiaW5ldC9sb3ZlcnNfc2NlbmUvbHNyL2xzcjA2NTBfMDYuZ2lmIiB3aWR0aD0iMzQ1IiBoZWlnaHQ9IjI3IiBjbGFzcz0iaW1nMTAiIC8+CiAgPHAgY2xhc3M9ImltZzIwIj7lvpPmnaXjga7jg5rjgqLjg6rjg7PjgrDjgafjgoLjgarjgY/jgIHjg57jg6rjg4Pjgrjjg6rjg7PjgrDjgafjgoLjgarjgYTjgI7mhJvjgajlhbHjgavnlJ/jgY3jgovjgI/jgajjgYTjgYbmlrDjgZ/jgarjgrPjg7Pjgrvjg5fjg4jjgaflibXjgonjgozjgZ/mlrDjgZ/jgarjgrjjg6Pjg7Pjg6vjga7mjIfovKrjgafjgZnjgILnnJ/lrp/jga7mhJvjgpLpoZjjgYbmgYvkurrjgZ/jgaHjgavotIjjgorjgb7jgZnigKbjgII8L3A+CiAgCiAgPGlmcmFtZSB3aWR0aD0iNjYwIiBzY3JvbGxpbmc9Im5vIiBoZWlnaHQ9IjQ3MCIgZnJhbWVib3JkZXI9IjAiIHNyYz0iaHR0cDovL3d3dy5yYWt1dGVuLm5lLmpwL2dvbGQvdmllYW5nZS9nZF9pZnJhbWUvTFNSMDYwNF9pbi5odG1sIj48L2lmcmFtZT4KICAKICA8aW1nIHNyYz0iaHR0cDovL2ltYWdlLnJha3V0ZW4uY28uanAvdmllYW5nZS9jYWJpbmV0L2xvdmVyc19zY2VuZS9sc3IvbHNyMDYwMV8wOS5naWYiIHdpZHRoPSI0MTUiIGhlaWdodD0iMjUiIGNsYXNzPSJpbWcyMCIgLz4KICAKPGRpdiBjbGFzcz0iY2xlYXJmaXggaW1nNDAiPgogICAgIDxkaXYgY2xhc3M9Imdvb2RzXzEzMDVfMDJfbGVmdCI+PGltZyBzcmM9Imh0dHA6Ly9pbWFnZS5yYWt1dGVuLmNvLmpwL3ZpZWFuZ2UvY2FiaW5ldC9sb3ZlcnNfc2NlbmUvbHNyL2xzcjA2MDRfMDkuanBnIiB3aWR0aD0iNDAwIiBoZWlnaHQ9IjQwMCIgY2xhc3M9ImltZzA1IiAvPgogICAgIOOBiuWlveOBjeOBquODoeODg+OCu+ODvOOCuOOCkuWFpeOCjOOAgeS6jOS6uuOBoOOBkeOBruODmuOCouODquODs+OCsOOCkuOBpOOBj+OBo+OBpuOBv+OBpuOBr+OBqeOBhuOBp+OBmeOBi++8nzwvZGl2Pgo8ZGl2IGNsYXNzPSJnb29kc18xMzA1XzAyX3JpZ2h0Ij4KICAgICAgICA8cD5Mb3ZlcnMgJmFtcDsgUmluZ+OBruS4reOBp+OBr+OAgeOCueOCv+ODs+ODgOODvOODieOBquOCt+ODquODvOOCuuOAgjxiciAvPgogICAgICAgICAg44Oa44Ki44Oq44Oz44Kw44Gv5Lul5YmN6LO85YWl44GX44Gf44GR44Gp44CB5Lq644Go44Gv6YGV44GG44Ov44Oz44Op44Oz44Kv5LiK44Gu44Oa44Ki44Oq44Oz44Kw44GM5qyy44GX44GE44Go44GE44GG5pa544Gr44OU44OD44K/44Oq44Gu44OH44K244Kk44Oz44CCPGJyIC8+CiAgICAgICAg6YGL5ZG944Gu5Ye65Lya44GE44Gu5Zac44Gz44CB44Gd44KM44KS6IKy44KT44Gn44KG44GP5aSn5YiH44Gq44GK5rCX5oyB44Gh44KS5YiG44GL44Gh5ZCI44GG5LiK6LOq44Gu44Oa44Ki44Oq44Oz44Kw44Gn44GZ44CCPC9wPgogICAgIDxpbWcgc3JjPSJodHRwOi8vaW1hZ2UucmFrdXRlbi5jby5qcC92aWVhbmdlL2NhYmluZXQvbG92ZXJzX3NjZW5lL2xzci9sc3IwNjA0XzEyLmpwZyIgY2xhc3M9ImltZzA1IiAvPgogICAgICAgIOWGheWBtOOBq+OBiuWFpeOCjOOBmeOCi+ODoeODg+OCu+ODvOOCuOOBr+KAnOeEoeaWmeOCteODvOODk+OCueKAneOBp+OBmTwvZGl2PgogIDwvZGl2PgogIAogIDxpbWcgc3JjPSJodHRwOi8vaW1hZ2UucmFrdXRlbi5jby5qcC92aWVhbmdlL2NhYmluZXQvbG92ZXJzX3NjZW5lL2xzci9sc3IwNjA0XzE1LmdpZiIgd2lkdGg9IjU1NyIgaGVpZ2h0PSIzMCIgY2xhc3M9ImltZzI1IiAvPgo8ZGl2IGNsYXNzPSJjbGVhcmZpeCBpbWc0MCI+CiAgICAgPGRpdiBjbGFzcz0iZ29vZHNfMTMwNV8wM19sZWZ0Ij4KICAgICAgICA8cD7nvo7jgZfjgYTjg5Xjgqnjg6vjg6DjgYzmjIflhYPjgpLlvJXnq4vjgabjgovjgIHmtJfnt7TjgZXjgozjgZ/nvo7jgZfjgZXjgpLov73msYLjgZfjgZ/jg6rjg7PjgrDjgII8L3A+CiAgICAgIDxpbWcgc3JjPSJodHRwOi8vaW1hZ2UucmFrdXRlbi5jby5qcC92aWVhbmdlL2NhYmluZXQvbG92ZXJzX3NjZW5lL2xzci9sc3IwNjA0XzIwLmpwZyIgd2lkdGg9IjI0NSIgaGVpZ2h0PSIyNDUiIGNsYXNzPSJpbWcwNSIgLz4KICAgICAgICDlpKfliIfjgarkurrjgajjga7oqJjlv7Xml6XjgoTjgIHjg5fjg6zjgrzjg7Pjg4jjgavmnIDpganjga7jg5rjgqLjg6rjg7PjgrAgICAgIDwvZGl2PgogIDxkaXYgY2xhc3M9Imdvb2RzXzEzMDVfMDNfcmlnaHQiPgo8aW1nIHNyYz0iaHR0cDovL2ltYWdlLnJha3V0ZW4uY28uanAvdmllYW5nZS9jYWJpbmV0L2xvdmVyc19zY2VuZS9sc3IvbHNyMDYwNF8xOS5qcGciIHdpZHRoPSI0MDAiIGhlaWdodD0iNDAwIiBjbGFzcz0iaW1nMDUiIC8+ICAgIOWkieiJsuOBl+OBq+OBj+OBj+e+juOBl+OBhOi8neOBj+OCkuaUvuOBpOOAgeODlOODs+OCr+OCtOODvOODq+ODieOBqOODm+ODr+OCpOODiOOCtOODvOODq+ODieOBruODmuOCouODquODs+OCsCAgICAgPC9kaXY+CiAgPC9kaXY+CiAgCiAgPGltZyBzcmM9Imh0dHA6Ly9pbWFnZS5yYWt1dGVuLmNvLmpwL3ZpZWFuZ2UvY2FiaW5ldC9sb3ZlcnNfc2NlbmUvbHNyL2xzcjA2MDRfMjQuanBnIiB3aWR0aD0iNjYwIiBoZWlnaHQ9IjM2OCIgY2xhc3M9ImltZzYwIiAvPgogIAogICA8IS0t4pa84pa84pa844Kr44Op44O844OQ44Oq44Ko44O844K344On44Oz4pa84pa84pa8LS0+IAogIAogIDxpbWcgc3JjPSJodHRwOi8vaW1hZ2UucmFrdXRlbi5jby5qcC92aWVhbmdlL2NhYmluZXQvbG92ZXJzX2FuZF9yaW5nL2xvdmVyc3JpbmdfaW1hZ2UvbHJfdGl0bGVfY29sb3IuanBnIiB3aWR0aD0iNjYwIiBoZWlnaHQ9IjE0NSLjgIBhbHQ9IuOCq+ODqeODvOODkOODquOCqOODvOOCt+ODp+ODsyIgIC8+CiAgCiA8dGFibGUgYm9yZGVyPSIwIiB3aWR0aD0iNjYwcHgiPgogPHRyPjx0ZD4KIDxpbWcgc3JjPSJodHRwOi8vaW1hZ2UucmFrdXRlbi5jby5qcC92aWVhbmdlL2NhYmluZXQvbG92ZXJzX2FuZF9yaW5nL2xvdmVyc3JpbmdfaW1hZ2UvbHJfd2cuanBnIiB3aWR0aD0iMjUwIiBoZWlnaHQ9IjE0MCLjgIBhbHQ9IuODm+ODr+OCpOODiOOCtOODvOODq+ODiSIgLz4KIDwvdGQ+CiA8dGQ+CiA8Zm9udCBzaXplPSIyIiBjb2xvcj0iIzY5Njk2OSI+CiA8Yj7il4YxMOmHkS8xOOmHkeODm+ODr+OCpOODiOOCtOODvOODq+ODiTwvYj48YnI+CuODl+ODqeODgeODiuOCiOOCiuOCguWuieS+oeOBp+eZveOBj+i8neOBj+OBk+OBqOOBi+OCieS6uuawl+OBrue0oOadkOOBp+OBmeOAggrjg63jgrjjgqbjg6DjgrPjg7zjg4bjgqPjg7PjgrDjgYzmlr3jgZXjgozjgIHlpInoibLjgZfjgavjgY/jgYTjgZPjgajjgYwK54m55b6044Gn44GZ44CCPC9mb250PjwvdGQ+CiA8L3RyPiAKIDx0cj48dGQ+CiA8aW1nIHNyYz0iaHR0cDovL2ltYWdlLnJha3V0ZW4uY28uanAvdmllYW5nZS9jYWJpbmV0L2xvdmVyc19hbmRfcmluZy9sb3ZlcnNyaW5nX2ltYWdlL2xyX3BnLmpwZyIgd2lkdGg9IjI1MCIgaGVpZ2h0PSIxNDAi44CAYWx0PSLjg5Tjg7Pjgq/jgrTjg7zjg6vjg4kiIC8+CiA8L3RkPgogPHRkPgogPGZvbnQgc2l6ZT0iMiIgY29sb3I9IiM2OTY5NjkiPgogPGI+4peGMTDph5EvMTjph5Hjg5Tjg7Pjgq/jgrTjg7zjg6vjg4k8L2I+PGJyPgrjg5Tjg7Pjgq/jgrTjg7zjg6vjg4njga7mn5TjgonjgYvjgYTovJ3jgY3jga/jgIHkuIrlk4Hjgaflj6/mhJvjgonjgZfjgY8K5YSq44GX44GE6Zuw5Zuy5rCX44KS5ryU5Ye644GX44CB5aWz5oCn44Gr44Go44Gm44KC5Lq65rCX44Gn44GZ44CCCuOBvuOBn+aXpeacrOS6uuOBruiCjOOBq+mmtOafk+OBv+OChOOBmeOBhOOBqOOBhOOCj+OCjOOBpuOBiuOCiuOAgQrjg5XjgqHjg4Pjgrfjg6fjg7PmgKfjgoLpq5jjgY/jgIHjgrPjg7zjg4fjgqPjg43jg7zjg4jjgZfjgoTjgZnjgYTjgqvjg6njg7zjgafjgZnjgIIKPC9mb250PjwvdGQ+CiA8L3RyPiAKIDx0cj48dGQ+CiA8aW1nIHNyYz0iaHR0cDovL2ltYWdlLnJha3V0ZW4uY28uanAvdmllYW5nZS9jYWJpbmV0L2xvdmVyc19hbmRfcmluZy9sb3ZlcnNyaW5nX2ltYWdlL2xyX3lnLmpwZyIgd2lkdGg9IjI1MCIgaGVpZ2h0PSIxNDAi44CAYWx0PSLjgqTjgqjjg63jg7zjgrTjg7zjg6vjg4kiIC8+CiA8L3RkPgogPHRkPgogPGZvbnQgc2l6ZT0iMiIgY29sb3I9IiM2OTY5NjkiPgogPGI+4peGMTDph5EvMTjph5HjgqTjgqjjg63jg7zjgrTjg7zjg6vjg4k8L2I+PGJyPgroj6/jgoTjgYvjgafnvo7jgZfjgYTovJ3jgY3jgYzprYXlipvjga7jgqTjgqjjg63jg7zjgrTjg7zjg6vjg4njgIIK44Gd44Gu5a2Y5Zyo5oSf44GM5omL5YWD44KS5piO44KL44GP5b2p44KK44G+44GZ44CCCuasp+exs+OBp+OBr+ODluODqeOCpOODgOODq+OCuOODpeOCqOODquODvOOBrue0oOadkOOBqOOBl+OBpuOCggrjg53jg5Tjg6Xjg6njg7zjgafjgZnjgII8L2ZvbnQ+PC90ZD4KIDwvdHI+IAogPHRyPjx0ZD4KIDxpbWcgc3JjPSJodHRwOi8vaW1hZ2UucmFrdXRlbi5jby5qcC92aWVhbmdlL2NhYmluZXQvbG92ZXJzX2FuZF9yaW5nL2xvdmVyc3JpbmdfaW1hZ2UvbHJfcHQuanBnIiB3aWR0aD0iMjUwIiBoZWlnaHQ9IjE0MCLjgIBhbHQ9IuODl+ODqeODgeODiiIgLz4KIDwvdGQ+CiA8dGQ+CiA8Zm9udCBzaXplPSIyIiBjb2xvcj0iIzY5Njk2OSI+CiA8Yj7il4bjg5fjg6njg4Hjg4o5NTA8L2I+PGJyPgrjg5fjg6njg4Hjg4rjga/lpKnnhLbjga7nmb3jgYTovJ3jgY3jgpLmjIHjgaHjgIHogJDkuYXmgKfjgavlhKrjgozjgZ/luIzlsJHkvqHlgKTjga4K6auY44GE57Sg5p2Q44Gn44GZ44CC5aSJ6Imy44GX44Gr44GP44GP44CB44Gd44Gu576O44GX44GE55m944GE6Lyd44GN44GMCuOBhOOBpOOBvuOBp+OCguWkseOCj+OCjOOBquOBhOOBk+OBqOOBi+OCieOAgeOAjOawuOmBoOOBruaEm+OAjeOCkue0hOadn+OBmeOCiwrntZDlqZrmjIfovKrjgavjgoLlpJrjgY/kvb/nlKjjgZXjgozjgabjgYTjgb7jgZnjgII8L2ZvbnQ+PC90ZD4KIDwvdHI+IAogIDwvdGFibGU+CiAgCiAgPGJyPjxicj4KICAKICA8ZGl2IGNsYXNzPSJnb29kc18xMzA1XzA2Ij4KICA8cD7jgZTms6jmlofnorroqo3lvozjgIHllYblk4Hku6Pph5Hjgavov73liqDmlpnph5HjgpLliqDnrpfjgZfjgabjgZToq4vmsYLph5HpoY3jgpLlpInmm7TjgZXjgZvjgabjgYTjgZ/jgaDjgY3jgb7jgZnjgIIK5Yqg566X5b6M44Gu44GU6KuL5rGC6YeR6aGN44Gr44Gk44GE44Gm44Gv44CB44GU5rOo5paH56K66KqN5b6M44Gr44GK6YCB44KK44GZ44KL44Oh44O844Or44KS44GU56K66KqN6aGY44GE44G+44GZ44CCPGJyPuOBvuOBn+OAgee0oOadkOOBq+OCiOOCiue0jeacn+OBjOeVsOOBquOCiuOBvuOBmeOBruOBp+OBlOazqOaEj+OBj+OBoOOBleOBhOOAgiA8L3A+PC9kaXY+CiAgCiA8YnI+PGJyPgogCjwhLS3ilrzilrzilrzjg6rjg7PjgrDjgrXjgqTjgrrilrzilrzilrwtLT4gCiAgCiAgPGltZyBzcmM9Imh0dHA6Ly9pbWFnZS5yYWt1dGVuLmNvLmpwL3ZpZWFuZ2UvY2FiaW5ldC9sb3ZlcnNfYW5kX3JpbmcvbG92ZXJzcmluZ19pbWFnZS9scl90aXRsZV9zaXplNC5qcGciIHdpZHRoPSI2NjAiIGhlaWdodD0iODk3IuOAgGFsdD0i44Oq44Oz44Kw44K144Kk44K6IiBjbGFzcz0iaW1nMTAiIC8+CgogIDwhLS3ilrzilrzilrzliLvljbDjgrXjg7zjg5PjgrnilrzilrzilrwtLT4gCiAgCiAgPGltZyBzcmM9Imh0dHA6Ly9pbWFnZS5yYWt1dGVuLmNvLmpwL3ZpZWFuZ2UvY2FiaW5ldC9sb3ZlcnNfYW5kX3JpbmcvbG92ZXJzcmluZ19pbWFnZS9scl90aXRsZV9rb2t1aW4uanBnIiB3aWR0aD0iNjYwIiBoZWlnaHQ9IjU4IuOAgGFsdD0i5Yi75Y2w44K144O844OT44K5IiBjbGFzcz0iaW1nMTAiIC8+CiAgCiA8cCBjbGFzcz0iaW1nMjAiPuOBlOW4jOacm+OBruaWueOBq+OBr+OAgeODquODs+OCsOOBruWGheWBtOOBq+ODoeODg+OCu+ODvOOCuOOChOOBiuWQjeWJjeOBquOBqeOCkueEoeaWmeOBp+WIu+WNsCjmloflrZflhaXjgowp44GV44Gb44Gm44GE44Gf44Gg44GN44G+44GZ44CCPC9wPgogICAgCiAgICA8ZGl2IGNsYXNzPSJjbGVhcmZpeCBnb29kc18xMzA1XzA1Ij4KICAgICAgIDxkaXY+CiAgICAgICAgIDxwIGNsYXNzPSJpbWcyNSI+4peG5pu45L2T44Gv44OW44Ot44OD44Kv5L2T44GL562G6KiY5L2T44Gu44GE44Ga44KM44GL44KS44GK6YG444Gz44GE44Gf44Gg44GR44G+44GZ44CCPC9wPgogICAgICAgICDil4bkvbXjgZvjgabmmJ/luqfjg57jg7zjgq/jg7vkuIDpg6jjga7ntbXmloflrZfjgYzliLvljbDlj6/og73jgafjgZnjgILkvb/nlKjlj6/og73jgaroqJjlj7fjg7vntbXmloflrZfjgavplqLjgZfjgb7jgZfjgabjga/jgIHkuIvoqJjjgavmjrLnpLrjgZXjgozjgabjgYTjgb7jgZnmm7jkvZPopovmnKzjgpLjgZTlj4LnhafpoZjjgYTjgb7jgZnjgIIKICAgICAgPC9kaXY+CiAgICAgICA8aW1nIHNyYz0iaHR0cDovL2ltYWdlLnJha3V0ZW4uY28uanAvdmllYW5nZS9jYWJpbmV0L3BhcnRzL2xzcjA2NTBfNTJhLmpwZyIgLz4gIDwvZGl2PgogICAgCiAgICA8aW1nIHNyYz0iaHR0cDovL2ltYWdlLnJha3V0ZW4uY28uanAvdmllYW5nZS9jYWJpbmV0L3BhcnRzL2xzcjA2NTBfNTQuanBnIiBjbGFzcz0iaW1nMDUiIC8+CiAgICAKICA8cCBzdHlsZT0iZm9udC1zaXplOiAxNHB4OyIgY2xhc3M9ImltZzIwIj7igLvjgZPjgaHjgonjga7llYblk4HjgavlhaXjgozjgonjgozjgovliLvljbDmloflrZfmlbA8c3BhbiBzdHlsZT0iY29sb3I6ICNGRjAwNjYiPjI15paH5a2X44G+44GnPC9zcGFuPuOBp+OBmeOAgjwvcD4KICA8cCBjbGFzcz0iaW1nMTAiPuOBk+OBruWVhuWTgeOBr+OAgeOCouODq+ODleOCoeODmeODg+ODiOWkp+aWh+Wtl+ODu+iLseaVsOWtl+WQiOOCj+OBm+OBpjxzcGFuIHN0eWxlPSJjb2xvcjogI0ZGMDA2NiI+MjXmloflrZfjgb7jgafliLvljbDlj6/og73vvIjkuIDmloflrZfntIQwLjnvvY3vvY3lpKfvvIk8L3NwYW4+44Gn44GZ44CC6KiY5Y+344CB44K544Oa44O844K544CB44Oe44O844Kv44Gq44Gp44KC77yR5paH5a2X5YiG44Go44GX44Gm44Kr44Km44Oz44OI44GV44KM44G+44GZ44CC44Oe44O844Kv44O757W15paH5a2X44KS44GU6KiY5YWl44Gu5aC05ZCI44Gv44CB5pu45L2T6KaL5pys44Gr6KiY6LyJ44GV44KM44Gm44GE44KL44Oe44O844Kv44Gu5Li455Wq5Y+344KS5Yi75Y2w5L2N572u44Gr44GU6KiY5YWl6aGY44GE44G+44GZ44CCPC9wPgogIAogIDxicj48YnI+CiAKIDxkaXYgY2xhc3M9Imdvb2RzXzEzMDVfMDYiPgogIDxwPuODl+ODq+ODgOOCpuODs+ODoeODi+ODpeODvOOBi+OCieOBlOW4jOacm+OBruabuOS9k+OCkuOBiumBuOOBs+OBj+OBoOOBleOBhOOAguazqOaWh+eUu+mdouOBruOAjOWIu+WNsOWvvuixoeWVhuWTgeOCkuOBlOazqOaWh+OBruaWueOBrwrjgZPjgaHjgonjgavjgZToqJjlhaXjgY/jgaDjgZXjgYTjgI3mrITjgavliLvljbDlhoXlrrnjgpLjgZToqJjlhaXjgY/jgaDjgZXjgYTjgILllYblk4HjgpIy5YCL5Lul5LiK44GK6LK344GE5LiK44GS44Gu5aC05ZCI44Gv44CBCuWIu+WNsOWvvuixoeWVhuWTgeOBjOWIhuOBi+OCi+OCiOOBhuOBlOS9teiomOOBiumhmOOBhOiHtOOBl+OBvuOBmeOAggrkvovjgIzjg6zjg4fjgqPjg7zjgrnvvJril4vil4vil4vil4vjgI3jgIzjg6Hjg7PjgrrvvJril4vil4vil4vil4vjgI3jgarjgak8L3A+PC9kaXY+Cgo8YnI+PGJyPgoKCgogIDwhLS3ilrzilrzilrzjg6njg4Pjg5Tjg7PjgrDjg7vjg6Hjg4Pjgrvjg7zjgrjjgqvjg7zjg4nilrzilrzilrwtLT4gICAKICAKICA8aW1nIHNyYz0iaHR0cDovL2ltYWdlLnJha3V0ZW4uY28uanAvdmllYW5nZS9jYWJpbmV0L3dyYXBwaW5nL3dyYXBwaW5nX3RpdGxlLmpwZyIgYWx0PSLjg6njg4Pjg5Tjg7PjgrAiPgoKPGJyPjxicj48YnI+Cgo8dGFibGUgYm9yZGVyPSIwIiB3aWR0aD0iNjYwcHgiPgo8dHI+Cjx0ZD4KPGltZyBzcmM9Imh0dHA6Ly9pbWFnZS5yYWt1dGVuLmNvLmpwL3ZpZWFuZ2UvY2FiaW5ldC93cmFwcGluZy9scl93cmFwXzAxXzEuanBnIiBhbHQ9IkxvdmVycyZSaW5n44CA6YCa5bi444Op44OD44OU44Oz44KwIj4KPC90ZD4KPHRkPgo8aW1nIHNyYz0iaHR0cDovL2ltYWdlLnJha3V0ZW4uY28uanAvdmllYW5nZS9jYWJpbmV0L3dyYXBwaW5nL2xyX3dyYXBfMDIuanBnIiBhbHQ9IkxvdmVycyZSaW5n44CA44Ko44Kz44Op44OD44OU44Oz44KwIj4KPC90ZD4KPHRkPgo8YSAgaHJlZj0iaHR0cDovL2l0ZW0ucmFrdXRlbi5jby5qcC92aWVhbmdlL2MvMDAwMDAwMDc4Mi8iPjxpbWcgc3JjPSJodHRwOi8vaW1hZ2UucmFrdXRlbi5jby5qcC92aWVhbmdlL2NhYmluZXQvd3JhcHBpbmcvbHJfd3JhcF8wMy5qcGciIGFsdD0iTG92ZXJzJlJpbmfjgIDjgrnjg5rjgrfjg6Pjg6vjg6njg4Pjg5Tjg7PjgrAiPjwvYT4KPC90ZD4KPC90cj4KPC90YWJsZT4KPGltZyBzcmM9Imh0dHA6Ly9pbWFnZS5yYWt1dGVuLmNvLmpwL3ZpZWFuZ2UvY2FiaW5ldC93cmFwcGluZy9raWtpbi5qcGciIGFsdD0i5aSp5L2/44Gu5Y215Z+66YeRIj4KICAKICA8YSAgaHJlZj0iaHR0cDovL2l0ZW0ucmFrdXRlbi5jby5qcC92aWVhbmdlL2MvMDAwMDAwMDc5MS8iPgo8aW1nIHNyYz0iaHR0cDovL2ltYWdlLnJha3V0ZW4uY28uanAvdmllYW5nZS9jYWJpbmV0L3dyYXBwaW5nL2xzX2NhcmQuanBnIiBhbHQ9IuODoeODg+OCu+ODvOOCuOOCq+ODvOODiSI+PC9hPgoKCiA8IS0t4pa84pa84pa844Oa44Ki44O75Y2Y5ZOB44Oq44Oz44Kv4pa84pa84pa8LS0+ICAgCiAKICA8aW1nIHNyYz0iaHR0cDovL2ltYWdlLnJha3V0ZW4uY28uanAvdmllYW5nZS9jYWJpbmV0L2xvdmVyc19hbmRfcmluZy9sb3ZlcnNyaW5nX2ltYWdlL2xyX2xpbmtfbWVucy5qcGciIHdpZHRoPSI2NjAiIGhlaWdodD0iNTgiIGNsYXNzPSJpbWcxMCIgLz4KICAKICAKIDxkaXYgY2xhc3M9ImxpbmtfcGFpcl9tZW5zIj4KICAgICA8ZGl2IGNsYXNzPSJ0YW5waW5fbGVmdCI+PGEgaHJlZj0iaHR0cDovL2l0ZW0ucmFrdXRlbi5jby5qcC92aWVhbmdlL2xzcjA2MDRway13Zy8iPjxpbWcgc3JjPSJodHRwOi8vaW1hZ2UucmFrdXRlbi5jby5qcC92aWVhbmdlL2NhYmluZXQvbG92ZXJzX3NjZW5lL2xzci9sc3IwNjA0X3BhaXIuanBnIiB3aWR0aD0iMjM1IiBoZWlnaHQ9IjIzNSIgY2xhc3M9ImltZzIwIiAvPjwvYT48L2E+CiAgICA8L2Rpdj4KICAgIDxkaXYgY2xhc3M9InRhbnBpbl9yaWdodCI+PGEgaHJlZj0iaHR0cDovL2l0ZW0ucmFrdXRlbi5jby5qcC92aWVhbmdlL2xzcjA2MDR3Zy8iPjxpbWcgc3JjPSJodHRwOi8vaW1hZ2UucmFrdXRlbi5jby5qcC92aWVhbmdlL2NhYmluZXQvbG92ZXJzX3NjZW5lL2xzci9sc3IwNjA0XzI5LmpwZyIgd2lkdGg9IjIzNSIgaGVpZ2h0PSIyMzUiIGNsYXNzPSJpbWcyMCIgLz48L2E+CiAgICA8L2Rpdj4KICA8L2Rpdj4KCgoKPGEgaHJlZj0iaHR0cDovL2l0ZW0ucmFrdXRlbi5jby5qcC92aWVhbmdlL2MvMDAwMDAwMDY2Ni8iPjxpbWcgc3JjPSJodHRwOi8vaW1hZ2UucmFrdXRlbi5jby5qcC92aWVhbmdlL2NhYmluZXQvaW1hZ2UvbW9yZV9wYWlycmluZzIuanBnIiB3aWR0aD0iNjYwIiBoZWlnaHQ9IjEyMCIgYm9yZGVyPSIwIj48L2E+PGJyPjxicj4KICAKICAKICAKICA8aW1nIHNyYz0iaHR0cDovL2ltYWdlLnJha3V0ZW4uY28uanAvdmllYW5nZS9jYWJpbmV0L3BhcnRzL2xzcjA2NTBfNjguZ2lmIiBjbGFzcz0iaW1nMzAiIC8+CgoKPC9kaXY+PC9kaXY+CiAgCiAgCjx0YWJsZSB3aWR0aD0iMzkwIiBib3JkZXI9IjAiPgogIDx0cj4KICAgIDx0ZCB3aWR0aD0iODkiPiZuYnNwOzwvdGQ+CiAgICA8dGQgd2lkdGg9IjI5MSI+Jm5ic3A7PC90ZD4KICA8L3RyPgogIDx0cj4KICAgIDx0ZD48Zm9udCBjb2xvcj0jNjk2OTY5IHNpemU9IjIiPuKWoOOAgOe0oOadkOOAgOKWoDwvZm9udD48L3RkPgogICAgPHRkPiZuYnNwOzwvdGQ+CiAgPC90cj4KPC90YWJsZT4KPHRhYmxlIHdpZHRoPSIzOTAiIGJvcmRlcj0iMCI+CiAgPHRyPgogICAgPHRkIHdpZHRoPSI4OSI+PGRpdiBhbGlnbj0icmlnaHQiPjxmb250IGNvbG9yPSIjNjk2OTY5IiBzaXplPSIyIj7jg6zjg4fjgqPjg7zjgrnvvJo8L2ZvbnQ+PC9kaXY+PC90ZD4KICAgIDx0ZCB3aWR0aD0iMjkxIj48Zm9udCBjb2xvcj0jNjk2OTY5IHNpemU9IjIiPksxMCjjg5Tjg7Pjgq/jgrTjg7zjg6vjg4nvvIk8L2ZvbnQ+PC90ZD4KICA8L3RyPgogIDx0cj4KICAgIDx0ZD4mbmJzcDs8L3RkPgogICAgPHRkPiZuYnNwOzwvdGQ+CiAgPC90cj4KPC90YWJsZT4KPHRhYmxlIHdpZHRoPSIzOTAiIGJvcmRlcj0iMCI+CiAgPHRyPgogICAgPHRkPjxmb250IGNvbG9yPSM2OTY5Njkgc2l6ZT0iMiI+4pagIOWkp+OBjeOBlShtbSkg4pagPC9mb250PjwvdGQ+CiAgPC90cj4KPC90YWJsZT4KPHRhYmxlIHdpZHRoPSIzOTAiIGJvcmRlcj0iMCI+CiAgPHRyPgogICAgPHRkIHdpZHRoPSI4OSIgaGVpZ2h0PSIxNSI+Jm5ic3A7PC90ZD4KICAgIDx0ZCB3aWR0aD0iMjkxIj48Zm9udCBjb2xvcj0jNjk2OTY5IHNpemU9IjIiPuW5hee0hDIuMcOX5Y6a44G/57SEMS4wPC9mb250PjwvdGQ+CiAgPC90cj4KICA8dHI+CiAgICA8dGQ+Jm5ic3A7PC90ZD4KICAgIDx0ZD4mbmJzcDs8L3RkPgogIDwvdHI+CjwvdGFibGU+Cjx0YWJsZSB3aWR0aD0iMzkwIiBib3JkZXI9IjAiPgogIDx0cj4KICAgIDx0ZCB3aWR0aD0iODkiPjxmb250IGNvbG9yPSM2OTY5Njkgc2l6ZT0iMiI+4pag44CA6YeN6YeP44CA4pagPC9mb250PjwvdGQ+CiAgICA8dGQgd2lkdGg9IjI5MSI+Jm5ic3A7PC90ZD4KICA8L3RyPgo8L3RhYmxlPgo8dGFibGUgd2lkdGg9IjM5MCIgYm9yZGVyPSIwIj4KICA8dHI+CiAgICA8dGQgd2lkdGg9Ijg5Ij4mbmJzcDs8L3RkPgogICAgPHRkIHdpZHRoPSIyOTEiPjxmb250IGNvbG9yPSM2OTY5Njkgc2l6ZT0iMiI+57SEMS4wZzwvZm9udD48L3RkPgogIDwvdHI+CiAgPHRyPgogICAgPHRkPiZuYnNwOzwvdGQ+CiAgICA8dGQ+PGZvbnQgY29sb3I9IiMwMDk5RkYiIHNpemU9IjEiPuKAu+Wkp+OBjeOBleODu+mHjeOBleOBq+OBr+WkmuWwkeOBruWAi+S9k+W3ruOBjOeUn+OBmOOBvuOBmTwvZm9udD48L3RkPgogIDwvdHI+CjwvdGFibGU+Cjx0YWJsZSB3aWR0aD0iMzkwIiBib3JkZXI9IjAiPgogIDx0cj4KICAgIDx0ZCB3aWR0aD0iODgiIGhlaWdodD0iMTUiPjxmb250IGNvbG9yPSM2OTY5Njkgc2l6ZT0iMiI+4pag6KaP5a6a44K144Kk44K64pagPC9mb250PjwvdGQ+CiAgICA8dGQgd2lkdGg9IjI5MiI+Jm5ic3A7PC90ZD4KICA8L3RyPgo8L3RhYmxlPgo8dGFibGUgd2lkdGg9IjM5MCIgYm9yZGVyPSIwIj4KICA8dHI+CiAgICA8dGQgd2lkdGg9Ijg5IiBoZWlnaHQ9IjUxIj4mbmJzcDs8L3RkPgogICAgPHRkIHdpZHRoPSIyOTEiPjxmb250IGNvbG9yPSM2OTY5Njkgc2l6ZT0iMiI+NeWPt+OBi+OCiTIz5Y+344G+44GnPGJyPgrigLsyNOWPt+S7peS4iuOBruOCteOCpOOCuuOBr+WIpemAlOaWmemHkeOBjOeZuueUn+OBhOOBn+OBl+OBvuOBmeOAguOBvuOBn+OAgee0jeacn+OBjDHpgLHplpPjgbvjganplbfjgY/jgarjgorjgb7jgZnjgII8YnI+Cjxicj4K4oC7NOWPt+S7peS4i+OBruOCteOCpOOCuuOBruWgtOWQiOOAgei/veWKoOaWmemHkeOBr+eZuueUn+OBhOOBn+OBl+OBvuOBm+OCk+OBjOOAgTxmb250IGNvbG9yPSIjMDA5OUZGIj7ntI3mnJ/jgYwx6YCx6ZaT77yIN+WWtualreaXpe+8ieOBu+OBqeWKoOeul+OBleOCjOOBvuOBmTwvZm9udD7jgII8YnI+PGJyPgril4bopo/lrprlpJbjgrXjgqTjgrrjga7jgqrjg7zjg4Djg7zmlrnms5Xil4Y8YnI+Cjxicj4K44K144Kk44K644Gu44OX44Or44OA44Km44Oz44Oh44OL44Ol44O844KI44KK77yc5LiK6KiY5Lul5aSW77ye44KS44GU6YG45oqe5LiL44GV44GE44CC5rOo5paH55S76Z2i44Gu6YCa5L+h5qyE44Gr44GU5biM5pyb44Gu44K144Kk44K644KS44GU5piO6KiY44GP44Gg44GV44GE44CC5b2T5pa544Gr44Gm5beu6aGN44KS566X5Ye644Gu44GG44GI44CB44GK5a6i5qeY44Gr44GU6YCj57Wh44GE44Gf44GX44G+44GZ44CC44GK5a6i5qeY44Gu44GU5LqG5om/44KS44GE44Gf44Gg44GE44Gf5pmC54K544Gn44CB5b2T5pa544Gr44Gm6L+95Yqg5paZ6YeR44KS5Yqg566X44GX44Gm44CB44GU6KuL5rGC57eP6aGN44KS5aSJ5pu044GV44Gb44Gm44GE44Gf44Gg44GN44G+44GZ44CCCjwvZm9udD48L3RkPgogIDwvdHI+CiAgPHRyPgogICAgPHRkPiZuYnNwOzwvdGQ+CiAgICA8dGQ+Jm5ic3A7PC90ZD4KICA8L3RyPgo8L3RhYmxlPgoKPHRhYmxlIHdpZHRoPSIzOTAiIGJvcmRlcj0iMCI+CiAgPHRyPgogICAgPHRkIHdpZHRoPSIyMTEiPjxmb250IGNvbG9yPSM2OTY5Njkgc2l6ZT0iMiI+4pagIOijj+efs+WFpeOCjOOCquODl+OCt+ODp+ODs+KWoDwvZm9udD48L3RkPgogICAgPHRkIHdpZHRoPSIxNjkiPiZuYnNwOzwvdGQ+CiAgPC90cj4KPC90YWJsZT4KPHRhYmxlIHdpZHRoPSIzOTAiIGJvcmRlcj0iMCI+CiAgPHRyPgogICAgPHRkIHdpZHRoPSI4OSI+Jm5ic3A7PC90ZD4KICAgIDx0ZCB3aWR0aD0iMjkxIj48Zm9udCBjb2xvcj0jNjk2OTY5IHNpemU9IjIiPuWvvuW/nOS4jeWPrzwvZm9udD48L3RkPgogIDwvdHI+CiAgPHRyPgogICAgPHRkPiZuYnNwOzwvdGQ+CiAgICA8dGQ+Jm5ic3A7PC90ZD4KICA8L3RyPgo8L3RhYmxlPjwhLS3ilrzilrwg5bem5biv44Oq44Oz44Kv44GC44KKIOKWvOKWvC0tPgoKPGRpdiBpZD0iaGlkYXJpLW9iaSI+Cgo8c3R5bGU+CiNoaWRhcmktb2JpIHsKcG9zaXRpb246IGFic29sdXRlOwp0b3A6MHB4OwpsZWZ0OjEwcHg7CmJhY2tncm91bmQ6IHVybCgiaHR0cHM6Ly9pbWFnZS5yYWt1dGVuLmNvLmpwL3ZpZWFuZ2UvY2FiaW5ldC9jYW1wYWlnbi9zY2Jucl8wNTE1LmpwZyIpIHJlcGVhdC15IGxlZnQgdG9wIDsKfQojaGlkYXJpLW9iaSBhIHsKZGlzcGxheTogYmxvY2s7CmhlaWdodDo5MzAwcHg7Lyrjg5rjg7zjgrjlhajkvZPjga7pq5jjgZUqLwp3aWR0aDogMTQwcHg7LyrluK/jga7luYUqLwp9Cjwvc3R5bGU+Cgo8L2Rpdj4KCgoKPCEtLeKWvOKWvCDlt6bluK/jg6rjg7Pjgq/jgarjgZcg4pa84pa8LS0+CgoKCgo8IS0t4pa84pa8IOW3puW4r+ODquODs+OCr+OBquOBlyDilrzilrwtLT4KCjwhLS0KPHN0eWxlIHR5cGU9InRleHQvY3NzIj4KYm9keXsKYmFja2dyb3VuZC1pbWFnZTogdXJsKCJodHRwOi8vaW1hZ2UucmFrdXRlbi5jby5qcC92aWVhbmdlL2NhYmluZXQvY2FtcGFpZ24vYm5yXzEwMTIuanBnIik7CmJhY2tncm91bmQtcmVwZWF0OiByZXBlYXQteTsKYmFja2dyb3VuZC1hdHRhY2htZW50OiBzY3JvbGw7CmJhY2tncm91bmQtcG9zaXRpb246bGVmdAp9Cjwvc3R5bGU+Ci0tPgoKCgoKPHN0eWxlIHR5cGU9InRleHQvY3NzIj4KCi8qIOOBiuawl+OBq+WFpeOCiuWVhuWTgSAqLwoKI3Jha3V0ZW5MaW1pdGVkSWRfYXJvdW5kQ2FydCAjc2VydmljZVRhYmxlU21sIHRkLmZhdm9yaXRlIHsKCnBhZGRpbmctdG9wOiA1cHg7Cgp9CgojcmFrdXRlbkxpbWl0ZWRJZF9hcm91bmRDYXJ0IGRpdi5ib29rbWFya0FyZWEgZGl2LmJrbSB7Cgp3aWR0aDogMjkxcHggIWltcG9ydGFudDsKCmhlaWdodDozM3B4ICFpbXBvcnRhbnQ7CgpwYWRkaW5nOiAwcHggMHB4IDEwcHggMHB4ICFpbXBvcnRhbnQ7Cgp9CgojcmFrdXRlbkxpbWl0ZWRJZF9hcm91bmRDYXJ0IGRpdi5ib29rbWFya0FyZWEgZGl2LmJrbSBhLmFkZEJrbSB7Cgp3aWR0aDogMjkxcHggIWltcG9ydGFudDsKCmhlaWdodDozM3B4ICFpbXBvcnRhbnQ7Cgp9CgojcmFrdXRlbkxpbWl0ZWRJZF9hcm91bmRDYXJ0IGRpdi5ib29rbWFya0FyZWEgZGl2LmJrbSBhLmFkZEJrbSBzcGFuLmJrbVN0YXIgewoKZGlzcGxheTogaW5saW5lLWJsb2NrICFpbXBvcnRhbnQ7Cgp3aWR0aDogMjkxcHggIWltcG9ydGFudDsKCmhlaWdodDozM3B4ICFpbXBvcnRhbnQ7CgptYXJnaW46MHB4IDBweCAxMHB4IDBweCAhaW1wb3J0YW50OwoKYmFja2dyb3VuZDogdXJsKCJodHRwOi8vaW1hZ2UucmFrdXRlbi5jby5qcC92aWVhbmdlL2NhYmluZXQvYm5yX2Zhdml0ZW0uanBnIikgbm8tcmVwZWF0ICFpbXBvcnRhbnQ7Cgp9CgogCgovKiDjgYrmsJfjgavlhaXjgorjgrfjg6fjg4Pjg5cgKi8KCmRpdi5ib29rbWFya0FyZWEgewoKd2lkdGg6IDI5MXB4ICFpbXBvcnRhbnQ7Cgp9CgojcmFrdXRlbkxpbWl0ZWRJZF9hcm91bmRDYXJ0IGRpdi5zaG9wQm9va21hcmtBcmVhIGRpdi5zaG9wQmttIHsKCndpZHRoOiAyOTFweCAhaW1wb3J0YW50OwoKaGVpZ2h0OjMzcHggIWltcG9ydGFudDsKCnBhZGRpbmc6IDBweCAwcHggIWltcG9ydGFudDsKCnBhZGRpbmctbGVmdDogMHB4ICFpbXBvcnRhbnQ7Cgp9CgojcmFrdXRlbkxpbWl0ZWRJZF9hcm91bmRDYXJ0IGRpdi5zaG9wQm9va21hcmtBcmVhIGRpdi5zaG9wQmttIGEuYWRkU2hvcEJrbSBzcGFuLnNob3BCa21TdGFyIHsKCmRpc3BsYXk6IGlubGluZS1ibG9jayAhaW1wb3J0YW50OwoKd2lkdGg6IDI5MXB4ICFpbXBvcnRhbnQ7CgpoZWlnaHQ6MzNweCAhaW1wb3J0YW50OwoKbWFyZ2luLXJpZ2h0OiAwcHggIWltcG9ydGFudDsKCmJhY2tncm91bmQ6IHVybCgiaHR0cDovL2ltYWdlLnJha3V0ZW4uY28uanAvdmllYW5nZS9jYWJpbmV0L2Jucl9mYXZzaG9wLmpwZyIpIG5vLXJlcGVhdCAhaW1wb3J0YW50OwoKfQo8L3N0eWxlPgoKCgoKPGRpdiBpZD0icHJlc2VudF9iYXNlIiBjbGFzcz0iY2xlYXJmaXgiPgogICA8ZGl2IGNsYXNzPSJwcmVzZW50X2ltZyI+PGltZyBzcmM9Imh0dHA6Ly9pbWFnZS5yYWt1dGVuLmNvLmpwL3ZpZWFuZ2UvY2FiaW5ldC90bWcvZm9vdF9wcmUwMS5naWYiIGFsdD0i5aSn5YiH44Gq44GC44Gu5Lq644Gr57Sg5pW144Gq44OX44Os44K844Oz44OIIiB3aWR0aD0iMTk5IiBoZWlnaHQ9IjI5NSIgLz48L2Rpdj4KICAgPGRpdiBjbGFzcz0icHJlc2VudF90eHQiPjxwPuW9k+W6l+OBr+OAgeS6uuawl+OCouOCr+OCu+OCteODquODvOODluODqeODs+ODieOAjOWkqeS9v+OBruWNteOAjeOChOOAjOacquadpeWkqeS9v+OAjeOCkuOBr+OBmOOCgeOAgeiqleeUn+efs+OBruODmuODs+ODgOODs+ODiOOChOODquODs+OCsOOBquOBqeOAgeODl+ODrOOCvOODs+ODiOOBq+ODlOODg+OCv+ODquOBquOCouOCr+OCu+OCteODquODvOOCkuWPluaJseOBhumAmuiyqeOCt+ODp+ODg+ODl+OBp+OBmeOAgjwvcD48YnIgLz4K44CM5YSq44GX44GE5YWJ44Gr44Gk44Gk44G+44KM44KL5rC46YGg44Gu5ZG944CN44KS6KGo54++44GX44Gf44Kz44Oz44K744OX44OI44K444Ol44Ko44Oq44O844CM5pyq5p2l5aSp5L2/44CN44Gv5pyq5p2l44Gr5ZCR44GR44Gm6Lyd44GR44KL5ZG944Gu44GZ44Gw44KJ44GX44GV44KS5aSa5b2p44Gq44OG44O844Oe44O744OH44K244Kk44Oz44Gn6KGo54++44GX44Gm44GE44G+44GZ44CCPGJyIC8+CuOBneOCk+OBquacquadpeWkqeS9v+OBi+OCieOBruODl+ODrOOCvOODs+ODiOOBqOOBhOOBhuOCs+ODs+OCu+ODl+ODiOOBp+S9nOOCieOCjOOBn+OAjOWkqeS9v+OBruWNteOAjeOBr+OAgeOAjOiqleeUn+OBruWWnOOBs+OAjeOChOOAjOeUn+OBjeOCi+OBk+OBqOOBruaEn+WLleOBqOiznuizm+OAjeOCkuODhuODvOODnuOBqOOBl+OBpuWJteOCieOCjOOAgeWNteOBqOe+veOBruODkOODqeODs+OCueOBruiJr+OBhOOChOOBleOBl+OBhOODh+OCtuOCpOODs+OBjOaEm+OBleOCjOOBpuOBhOOCi+ODreODs+OCsOOCu+ODqeODvOOBruS6uuawl+OCouOCr+OCu+OCteODquODvOOBp+OBmeOAguaYr+mdnuOAgeWkp+WIh+OBquS6uuOBuOOBruODl+ODrOOCvOODs+ODiOetieOBq+OCguOBlOa0u+eUqOS4i+OBleOBhO+8gTwvZGl2Pgo8L2Rpdj4KCgoKCgo8IS0t4pa84pa84pa844Os44OT44Ol44O844O75rOo5paH54q25rOB4pa84pa84pa8LS0+ICAgCgogICAgICAgICAgICA8aDI+PGltZyBzcmM9Imh0dHA6Ly93d3cucmFrdXRlbi5uZS5qcC9nb2xkL3ZpZWFuZ2UvaW1nL3RpdGxlXzA2LmpwZyIgYWx0PSLjg6zjg5Pjg6Xjg7wiIHdpZHRoPSI2ODgiIGhlaWdodD0iNzAiIC8+PC9oMj4KICAgICAgICAgICAgPGJyPjxicj4KICAKCSAgPGJyPiA8YnI+IDxicj4gCiAgICAgICAgICAgICAgICAgIDxoMj48aW1nIHNyYz0iaHR0cDovL3d3dy5yYWt1dGVuLm5lLmpwL2dvbGQvdmllYW5nZS9pbWcvdGl0bGVfMDcuanBnIiBhbHQ9IuazqOaWh+eKtuazgSIgd2lkdGg9IjY4OCIgaGVpZ2h0PSI3MCIgLz48L2gyPgogICAgICAgICAgICAgICAgICAgICAgICAgICAgICA8YnI+IDxicj4gCjxicj4gPGJyPiA8YnI+,44CQ5Yi75Y2w54Sh5paZ44CR4peGTG92ZXJzICZhbXA7IFJpbmcg44Op44OQ44O844K644Oq44Oz44Kw4peGSzEw44OU44Oz44Kv44K044O844Or44OJ44Oq44Oz44KwKOODrOODh+OCo+ODvOOCuSnjgJBMU1IwNjA0UEvjgJHjgJBLMTAg44OU44Oz44Kv44K044O844Or44OJIOODquODs+OCsCDjg5rjgqLjg6rjg7PjgrAg44Oa44KiIOODrOODh+OCo+ODvOOCuSDmjIfovKog44Op44OW44Oq44Oz44KwIOOCr+ODreOCuSDjg5fjg6zjgrzjg7Pjg4gg44Ku44OV44OIIOOCouOCr+OCu+OCteODquODvCDjgqLjgq/jgrsg44K444Ol44Ko44Oq44O8IOWmu+OAkSAg5q+N44Gu5pelIOOCt+ODs+ODl+ODq++8muWkqeS9v+OBruWNtSB3aXRoIExPVkVSUyBTQ0VORQ==,5aSp5L2/44Gu5Y215pyq5p2l5aSp5L2/44K544Oa44O844K544Kv44Oq44Ko44O844K/44O844K444Ol44Ko44Oq44O844K344Or44OQ44O844Ki44Kv44K744K144Oq44O844OU44Oz44Kv44K344Or44OQ44O844ON44OD44Kv44Os44K555u05Za25bqX44Kv44Oq44K544Oe44K56ZmQ5a6a44Oa44Oz44OA44Oz44OI5oyH6Lyq44OU44Ki44K544OX44Os44K844Oz44OI44OZ44OT44O844K544OX44O844Oz44Os44OH44Kj44O844K544Op44OQ44O844K644K344O844Oz57WQ5ama5oyH6Lyq44Oa44Ki44Oq44Oz44Kw6KqV55Sf55+z44CQ5Yi75Y2w54Sh5paZ44CR4peGTG92ZXJzICZhbXA7IFJpbmcg44Op44OQ44O844K644Oq44Oz44Kw4peGSzEw44OU44Oz44Kv44K044O844Or44OJ44Oq44Oz44KwKOODrOODh+OCo+ODvOOCuSnjgJBMU1IwNjA0UEvjgJHjgJBLMTAg44OU44Oz44Kv44K044O844Or44OJIOODquODs+OCsCDjg5rjgqLjg6rjg7PjgrAg44Oa44KiIOODrOODh+OCo+ODvOOCuSDmjIfovKog44Op44OW44Oq44Oz44KwIOOCr+ODreOCuSDjg5fjg6zjgrzjg7Pjg4gg44Ku44OV44OIIOOCouOCr+OCu+OCteODquODvCDjgqLjgq/jgrsg44K444Ol44Ko44Oq44O8IOWmu+OAkSAg5q+N44Gu5pelIOOCt+ODs+ODl+ODqw==,576O44GX44GE44Kv44Ot44K544Op44Kk44Oz44GM5oyH44KS44Kt44Os44Kk44Gr6KaL44Gb44KL4piG44CC44CQ5Yi75Y2w54Sh5paZ44CR4peGTG92ZXJzICZhbXA7IFJpbmcg44Op44OQ44O844K644Oq44Oz44Kw4peGSzEw44OU44Oz44Kv44K044O844Or44OJ44Oq44Oz44KwKOODrOODh+OCo+ODvOOCuSnjgJBMU1IwNjA0UEvjgJHjgJBLMTAg44OU44Oz44Kv44K044O844Or44OJIOODquODs+OCsCDjg5rjgqLjg6rjg7PjgrAg44Oa44KiIOODrOODh+OCo+ODvOOCuSDmjIfovKog44Op44OW44Oq44Oz44KwIOOCr+ODreOCuSDjg5fjg6zjgrzjg7Pjg4gg44Ku44OV44OIIOOCouOCr+OCu+OCteODquODvCDjgqLjgq/jgrsg44K444Ol44Ko44Oq44O8IOWmu+OAkSAg5q+N44Gu5pelIOOCt+ODs+ODl+ODqw==[rn]
39-1043,aHR0cDovL3RzaG9wLnIxMHMuanAvdmllYW5nZS9jYWJpbmV0L2xvdmVyc19hbmRfcmluZy9sc3IwNjAyZHBrLmpwZz9maXRpbj03MDA6NzAw,MTcyODAuMDAwMA==,,44K444Ol44Ko44Oq44O844O744Ki44Kv44K744K144Oq44O8ID4g44Os44OH44Kj44O844K544K444Ol44Ko44Oq44O844O744Ki44Kv44K744K144Oq44O8ID4g5oyH6Lyq44O744Oq44Oz44Kw,44CQ5Yi75Y2w54Sh5paZ44CR4peGTG92ZXJzICYgUmluZyDjg6njg5Djg7zjgrrjg6rjg7PjgrDil4ZLMTDjg5Tjg7Pjgq/jgrTjg7zjg6vjg4njg6rjg7PjgrAo44Os44OH44Kj44O844K5KeOAkExTUjA2MDJEUEvjgJHjgJBLMTAg44OU44Oz44Kv44K044O844Or44OJIOODquODs+OCsCDjg5rjgqLjg6rjg7PjgrAg44Oa44KiIOaMh+i8qiDjg4DjgqTjg6Tjg6Ljg7Pjg4kg5a++5b+cIOODl+ODrOOCvOODs+ODiCDjgqLjgq/jgrvjgrXjg6rjg7wg44Ki44Kv44K7IOOCuOODpeOCqOODquODvCDjg4DjgqTjg6Qg44Ku44OV44OIIOWmuyAg5Yi75Y2w5Y+v6IO944CR,44Oq44Oz44Kw5Lit5aSu44Gn44Gv44OA44Kk44Ok44Oi44Oz44OJ44GM5LiK5ZOB44Gr6Lyd44GP4piG,PGNlbnRlcj48YSBocmVmPSJodHRwczovL215LmJvb2ttYXJrLnJha3V0ZW4uY28uanAvP2Z1bmM9cmVnJnN2aWQ9MTAxJnNob3BfYmlkPTIwMzk0NyZpaWQ9MTAwMDExNTUmaXR5cGU9MSB0YXJnZXQ9X2JsYW5rIj48aW1nIHNyYz0iaHR0cDovL2ltYWdlLnJha3V0ZW4uY28uanAvdmllYW5nZS9jYWJpbmV0L3BfYm5yX2Zhdml0ZW0uanBnIiBib3JkZXI9IjAiIHdpZHRoPSI2NjAiIGhlaWdodD0iMTMwIj48L2E+PC9jZW50ZXI+PGJyPjxicj48aW1nIHNyYz0iaHR0cDovL2ltYWdlLnJha3V0ZW4uY28uanAvdmllYW5nZS9jYWJpbmV0L2NhbXBhaWduL2xyX3JpbmdfcGNfdG9rdXRlbi5qcGciYWx0PSJMb3ZlcnMmUmluZyDjgq3jg6Pjg7Pjg5rjg7zjg7MiPjxicj48YnI+Cgo8ZGl2IGNsYXNzPSJjYV8wMSI+Cgo8ZGl2IGlkPSJkZXRhaWxfYmFzZTIiPgoKICA8ZGl2IGNsYXNzPSJnb29kc18xMzA1XzAxIj4KICAgICAgPGRpdj48cD7jg6Hjg7PjgrrjgIHjg6zjg4fjgqPjg7zjgrnjgIHjgajjgoLjgavjg4DjgqTjg6Tjg6Ljg7Pjg4njgpLjg6rjg7PjgrDkuK3lpK7jgavln4vjgoHovrzjgpPjgaDjgrfjg7Pjg5fjg6vjgarjg5rjgqLjg6rjg7PjgrDjgILmsJflk4HmvILjgYbpq5josrTjgarljbDosaHjga7jgYLjgovjg4DjgqTjg6Tjg6Ljg7Pjg4njgoLkuozkurrjgYrmj4PjgYTjga7jg6rjg7PjgrDjgavln4vjgoHovrzjgb7jgozjgozjgbDjgIHjganjgZPjgYvmuKnjgoLjgorjgpLmhJ/jgZjjgozjgovlhKrjgZfjgYTnn7PjgbjjgajlpInljJbjgYTjgZ/jgZfjgb7jgZnjgILjg4DjgqTjg6Tjg6Ljg7Pjg4njga7kuK3lv4PjgYvjgonlh7rjgovmsLjpgaDjgpLmhI/lkbPjgZnjgovjg6njgqTjg7Pjga/nhKHpp4Tjga7jgarjgYTjgrfjg7Pjg5fjg6vjgarjg6rjg7PjgrDjgavlsJHjgZfjgaDjgZHjgqLjgq/jgrvjg7Pjg4jjgpLlirnjgYvjgZvjgb7jgZnjgII8L3A+CiAgICA8L2Rpdj4KICAgICA8aW1nIHNyYz0iaHR0cDovL2ltYWdlLnJha3V0ZW4uY28uanAvdmllYW5nZS9jYWJpbmV0L2xvdmVyc19zY2VuZS9sc3IvbHNyMDYwMl8wMy5qcGciIHdpZHRoPSI2NjAiIGhlaWdodD0iMzYxIiAvPiAgPC9kaXY+CiAgCiAgPGltZyBzcmM9Imh0dHA6Ly9pbWFnZS5yYWt1dGVuLmNvLmpwL3ZpZWFuZ2UvY2FiaW5ldC9sb3ZlcnNfc2NlbmUvbHNyL2xzcjA2NTBfMDYuZ2lmIiB3aWR0aD0iMzQ1IiBoZWlnaHQ9IjI3IiBjbGFzcz0iaW1nMTAiIC8+CiAgPHAgY2xhc3M9ImltZzIwIj7lvpPmnaXjga7jg5rjgqLjg6rjg7PjgrDjgafjgoLjgarjgY/jgIHjg57jg6rjg4Pjgrjjg6rjg7PjgrDjgafjgoLjgarjgYTjgI7mhJvjgajlhbHjgavnlJ/jgY3jgovjgI/jgajjgYTjgYbmlrDjgZ/jgarjgrPjg7Pjgrvjg5fjg4jjgaflibXjgonjgozjgZ/mlrDjgZ/jgarjgrjjg6Pjg7Pjg6vjga7mjIfovKrjgafjgZnjgILnnJ/lrp/jga7mhJvjgpLpoZjjgYbmgYvkurrjgZ/jgaHjgavotIjjgorjgb7jgZnigKbjgII8L3A+CiAgCiAgPGlmcmFtZSB3aWR0aD0iNjYwIiBzY3JvbGxpbmc9Im5vIiBoZWlnaHQ9IjQ3MCIgZnJhbWVib3JkZXI9IjAiIHNyYz0iaHR0cDovL3d3dy5yYWt1dGVuLm5lLmpwL2dvbGQvdmllYW5nZS9nZF9pZnJhbWUvTFNSMDYwMl9pbi5odG1sIj48L2lmcmFtZT4KICAKICA8aW1nIHNyYz0iaHR0cDovL2ltYWdlLnJha3V0ZW4uY28uanAvdmllYW5nZS9jYWJpbmV0L2xvdmVyc19zY2VuZS9sc3IvbHNyMDYwMV8wOS5naWYiIHdpZHRoPSI0MTUiIGhlaWdodD0iMjUiIGNsYXNzPSJpbWcyMCIgLz4KICAKPGRpdiBjbGFzcz0iY2xlYXJmaXggaW1nNDAiPgogICAgIDxkaXYgY2xhc3M9Imdvb2RzXzEzMDVfMDJfbGVmdCI+PGltZyBzcmM9Imh0dHA6Ly9pbWFnZS5yYWt1dGVuLmNvLmpwL3ZpZWFuZ2UvY2FiaW5ldC9sb3ZlcnNfc2NlbmUvbHNyL2xzcjA2MDJfMDkuanBnIiB3aWR0aD0iNDAwIiBoZWlnaHQ9IjQwMCIgY2xhc3M9ImltZzA1IiAvPgogICAgIOOBiuWlveOBjeOBquODoeODg+OCu+ODvOOCuOOCkuWFpeOCjOOAgeS6jOS6uuOBoOOBkeOBruODmuOCouODquODs+OCsOOCkuOBpOOBj+OBo+OBpuOBv+OBpuOBr+OBqeOBhuOBp+OBmeOBi++8nzwvZGl2PgogIDxkaXYgY2xhc3M9Imdvb2RzXzEzMDVfMDJfcmlnaHQiPgogICAgICAgIDxwPkxvdmVycyAmYW1wOyBSaW5n44Gu5Lit44Gn44Gv44CB44K544K/44Oz44OA44O844OJ44Gq44K344Oq44O844K644CCPGJyIC8+CiAgICAgICAgICDjg5rjgqLjg6rjg7PjgrDjga/ku6XliY3os7zlhaXjgZfjgZ/jgZHjganjgIHkurrjgajjga/pgZXjgYbjg6/jg7Pjg6njg7Pjgq/kuIrjga7jg5rjgqLjg6rjg7PjgrDjgYzmrLLjgZfjgYTjgajjgYTjgYbmlrnjgavjg5Tjg4Pjgr/jg6rjga7jg4fjgrbjgqTjg7PjgII8YnIgLz4KICAgICAgICDpgYvlkb3jga7lh7rkvJrjgYTjga7llpzjgbPjgIHjgZ3jgozjgpLogrLjgpPjgafjgobjgY/lpKfliIfjgarjgYrmsJfmjIHjgaHjgpLliIbjgYvjgaHlkIjjgYbkuIros6rjga7jg5rjgqLjg6rjg7PjgrDjgafjgZnjgII8L3A+CiAgICAgPGltZyBzcmM9Imh0dHA6Ly9pbWFnZS5yYWt1dGVuLmNvLmpwL3ZpZWFuZ2UvY2FiaW5ldC9sb3ZlcnNfc2NlbmUvbHNyL2xzcjA2MDJfMTIuanBnIiBjbGFzcz0iaW1nMDUiIC8+CiAgICAgICAg5YaF5YG044Gr44GK5YWl44KM44GZ44KL44Oh44OD44K744O844K444Gv4oCc54Sh5paZ44K144O844OT44K54oCd44Gn44GZPC9kaXY+CiAgPC9kaXY+CiAgCiAgPGltZyBzcmM9Imh0dHA6Ly9pbWFnZS5yYWt1dGVuLmNvLmpwL3ZpZWFuZ2UvY2FiaW5ldC9sb3ZlcnNfc2NlbmUvbHNyL2xzcjA2MDJfMTUuZ2lmIiB3aWR0aD0iNDg0IiBoZWlnaHQ9IjM1IiBjbGFzcz0iaW1nMjUiIC8+CjxkaXYgY2xhc3M9ImNsZWFyZml4IGltZzQwIj4KICAgICA8ZGl2IGNsYXNzPSJnb29kc18xMzA1XzAzX2xlZnQiPgogICAgICAgIDxwPuODh+OCtuOCpOODs+OBq+iPr+OCkua3u+OBiOOCi+Wuneefs+OAguODgOOCpOODpOODouODs+ODieOBr+OAgTAuN2N044Gu5LiK5ZOB6LOq44Gq44KC44Gu44KS5Y6z6YG444GX5L2/55So44GX44G+44GX44Gf44CCPC9wPgogICAgICAgIDxpbWcgc3JjPSJodHRwOi8vaW1hZ2UucmFrdXRlbi5jby5qcC92aWVhbmdlL2NhYmluZXQvbG92ZXJzX3NjZW5lL2xzci9sc3IwNjAyXzIwLmpwZyIgd2lkdGg9IjI0NSIgaGVpZ2h0PSIyNDUiIGNsYXNzPSJpbWcwNSIgLz4KICAgICAgICDlpKfliIfjgarkurrjgajjga7oqJjlv7Xml6XjgoTjgIHjg5fjg6zjgrzjg7Pjg4jjgavmnIDpganjga7jg5rjgqLjg6rjg7PjgrAgICAgIDwvZGl2PgogIDxkaXYgY2xhc3M9Imdvb2RzXzEzMDVfMDNfcmlnaHQiPgo8aW1nIHNyYz0iaHR0cDovL2ltYWdlLnJha3V0ZW4uY28uanAvdmllYW5nZS9jYWJpbmV0L2xvdmVyc19zY2VuZS9sc3IvbHNyMDYwMl8xOS5qcGciIHdpZHRoPSI0MDAiIGhlaWdodD0iNDAwIiBjbGFzcz0iaW1nMDUiIC8+ICAgIOWkieiJsuOBl+OBq+OBj+OBj+e+juOBl+OBhOi8neOBj+OCkuaUvuOBpOOAgeODlOODs+OCr+OCtOODvOODq+ODieOBqOODm+ODr+OCpOODiOOCtOODvOODq+ODieOBruODmuOCouODquODs+OCsCAgICAgPC9kaXY+CiAgPC9kaXY+CiAgCiAgCiAgCiAgPGltZyBzcmM9Imh0dHA6Ly9pbWFnZS5yYWt1dGVuLmNvLmpwL3ZpZWFuZ2UvY2FiaW5ldC9sb3ZlcnNfc2NlbmUvbHNyL2xzcjA2MDJfMjQuanBnIiB3aWR0aD0iNjU4IiBoZWlnaHQ9IjM2MyIgY2xhc3M9ImltZzYwIiAvPgogIAoKIDwhLS3ilrzilrzilrzjgqvjg6njg7zjg5Djg6rjgqjjg7zjgrfjg6fjg7PilrzilrzilrwtLT4gCiAgCiAgPGltZyBzcmM9Imh0dHA6Ly9pbWFnZS5yYWt1dGVuLmNvLmpwL3ZpZWFuZ2UvY2FiaW5ldC9sb3ZlcnNfYW5kX3JpbmcvbG92ZXJzcmluZ19pbWFnZS9scl90aXRsZV9jb2xvci5qcGciIHdpZHRoPSI2NjAiIGhlaWdodD0iMTQ1IuOAgGFsdD0i44Kr44Op44O844OQ44Oq44Ko44O844K344On44OzIiAgLz4KICAKIDx0YWJsZSBib3JkZXI9IjAiIHdpZHRoPSI2NjBweCI+CiA8dHI+PHRkPgogPGltZyBzcmM9Imh0dHA6Ly9pbWFnZS5yYWt1dGVuLmNvLmpwL3ZpZWFuZ2UvY2FiaW5ldC9sb3ZlcnNfYW5kX3JpbmcvbG92ZXJzcmluZ19pbWFnZS9scl93Zy5qcGciIHdpZHRoPSIyNTAiIGhlaWdodD0iMTQwIuOAgGFsdD0i44Ob44Ov44Kk44OI44K044O844Or44OJIiAvPgogPC90ZD4KIDx0ZD4KIDxmb250IHNpemU9IjIiIGNvbG9yPSIjNjk2OTY5Ij4KIDxiPuKXhjEw6YeRLzE46YeR44Ob44Ov44Kk44OI44K044O844Or44OJPC9iPjxicj4K44OX44Op44OB44OK44KI44KK44KC5a6J5L6h44Gn55m944GP6Lyd44GP44GT44Go44GL44KJ5Lq65rCX44Gu57Sg5p2Q44Gn44GZ44CCCuODreOCuOOCpuODoOOCs+ODvOODhuOCo+ODs+OCsOOBjOaWveOBleOCjOOAgeWkieiJsuOBl+OBq+OBj+OBhOOBk+OBqOOBjArnibnlvrTjgafjgZnjgII8L2ZvbnQ+PC90ZD4KIDwvdHI+IAogPHRyPjx0ZD4KIDxpbWcgc3JjPSJodHRwOi8vaW1hZ2UucmFrdXRlbi5jby5qcC92aWVhbmdlL2NhYmluZXQvbG92ZXJzX2FuZF9yaW5nL2xvdmVyc3JpbmdfaW1hZ2UvbHJfcGcuanBnIiB3aWR0aD0iMjUwIiBoZWlnaHQ9IjE0MCLjgIBhbHQ9IuODlOODs+OCr+OCtOODvOODq+ODiSIgLz4KIDwvdGQ+CiA8dGQ+CiA8Zm9udCBzaXplPSIyIiBjb2xvcj0iIzY5Njk2OSI+CiA8Yj7il4YxMOmHkS8xOOmHkeODlOODs+OCr+OCtOODvOODq+ODiTwvYj48YnI+CuODlOODs+OCr+OCtOODvOODq+ODieOBruaflOOCieOBi+OBhOi8neOBjeOBr+OAgeS4iuWTgeOBp+WPr+aEm+OCieOBl+OBjwrlhKrjgZfjgYTpm7Dlm7LmsJfjgpLmvJTlh7rjgZfjgIHlpbPmgKfjgavjgajjgabjgoLkurrmsJfjgafjgZnjgIIK44G+44Gf5pel5pys5Lq644Gu6IKM44Gr6aa05p+T44G/44KE44GZ44GE44Go44GE44KP44KM44Gm44GK44KK44CBCuODleOCoeODg+OCt+ODp+ODs+aAp+OCgumrmOOBj+OAgeOCs+ODvOODh+OCo+ODjeODvOODiOOBl+OChOOBmeOBhOOCq+ODqeODvOOBp+OBmeOAggo8L2ZvbnQ+PC90ZD4KIDwvdHI+IAogPHRyPjx0ZD4KIDxpbWcgc3JjPSJodHRwOi8vaW1hZ2UucmFrdXRlbi5jby5qcC92aWVhbmdlL2NhYmluZXQvbG92ZXJzX2FuZF9yaW5nL2xvdmVyc3JpbmdfaW1hZ2UvbHJfeWcuanBnIiB3aWR0aD0iMjUwIiBoZWlnaHQ9IjE0MCLjgIBhbHQ9IuOCpOOCqOODreODvOOCtOODvOODq+ODiSIgLz4KIDwvdGQ+CiA8dGQ+CiA8Zm9udCBzaXplPSIyIiBjb2xvcj0iIzY5Njk2OSI+CiA8Yj7il4YxMOmHkS8xOOmHkeOCpOOCqOODreODvOOCtOODvOODq+ODiTwvYj48YnI+CuiPr+OChOOBi+OBp+e+juOBl+OBhOi8neOBjeOBjOmtheWKm+OBruOCpOOCqOODreODvOOCtOODvOODq+ODieOAggrjgZ3jga7lrZjlnKjmhJ/jgYzmiYvlhYPjgpLmmI7jgovjgY/lvanjgorjgb7jgZnjgIIK5qyn57Gz44Gn44Gv44OW44Op44Kk44OA44Or44K444Ol44Ko44Oq44O844Gu57Sg5p2Q44Go44GX44Gm44KCCuODneODlOODpeODqeODvOOBp+OBmeOAgjwvZm9udD48L3RkPgogPC90cj4gCiA8dHI+PHRkPgogPGltZyBzcmM9Imh0dHA6Ly9pbWFnZS5yYWt1dGVuLmNvLmpwL3ZpZWFuZ2UvY2FiaW5ldC9sb3ZlcnNfYW5kX3JpbmcvbG92ZXJzcmluZ19pbWFnZS9scl9wdC5qcGciIHdpZHRoPSIyNTAiIGhlaWdodD0iMTQwIuOAgGFsdD0i44OX44Op44OB44OKIiAvPgogPC90ZD4KIDx0ZD4KIDxmb250IHNpemU9IjIiIGNvbG9yPSIjNjk2OTY5Ij4KIDxiPuKXhuODl+ODqeODgeODijk1MDwvYj48YnI+CuODl+ODqeODgeODiuOBr+WkqeeEtuOBrueZveOBhOi8neOBjeOCkuaMgeOBoeOAgeiAkOS5heaAp+OBq+WEquOCjOOBn+W4jOWwkeS+oeWApOOBrgrpq5jjgYTntKDmnZDjgafjgZnjgILlpInoibLjgZfjgavjgY/jgY/jgIHjgZ3jga7nvo7jgZfjgYTnmb3jgYTovJ3jgY3jgYwK44GE44Gk44G+44Gn44KC5aSx44KP44KM44Gq44GE44GT44Go44GL44KJ44CB44CM5rC46YGg44Gu5oSb44CN44KS57SE5p2f44GZ44KLCue1kOWpmuaMh+i8quOBq+OCguWkmuOBj+S9v+eUqOOBleOCjOOBpuOBhOOBvuOBmeOAgjwvZm9udD48L3RkPgogPC90cj4gCiAgPC90YWJsZT4KICAKICA8YnI+PGJyPgogIAogIDxkaXYgY2xhc3M9Imdvb2RzXzEzMDVfMDYiPgogIDxwPuOBlOazqOaWh+eiuuiqjeW+jOOAgeWVhuWTgeS7o+mHkeOBq+i/veWKoOaWmemHkeOCkuWKoOeul+OBl+OBpuOBlOiri+axgumHkemhjeOCkuWkieabtOOBleOBm+OBpuOBhOOBn+OBoOOBjeOBvuOBmeOAggrliqDnrpflvozjga7jgZToq4vmsYLph5HpoY3jgavjgaTjgYTjgabjga/jgIHjgZTms6jmlofnorroqo3lvozjgavjgYrpgIHjgorjgZnjgovjg6Hjg7zjg6vjgpLjgZTnorroqo3poZjjgYTjgb7jgZnjgII8YnI+44G+44Gf44CB57Sg5p2Q44Gr44KI44KK57SN5pyf44GM55Ww44Gq44KK44G+44GZ44Gu44Gn44GU5rOo5oSP44GP44Gg44GV44GE44CCIDwvcD48L2Rpdj4KICAKIDxicj48YnI+CiAKPCEtLeKWvOKWvOKWvOODquODs+OCsOOCteOCpOOCuuKWvOKWvOKWvC0tPiAKICAKICA8aW1nIHNyYz0iaHR0cDovL2ltYWdlLnJha3V0ZW4uY28uanAvdmllYW5nZS9jYWJpbmV0L2xvdmVyc19hbmRfcmluZy9sb3ZlcnNyaW5nX2ltYWdlL2xyX3RpdGxlX3NpemU0LmpwZyIgd2lkdGg9IjY2MCIgaGVpZ2h0PSI4OTci44CAYWx0PSLjg6rjg7PjgrDjgrXjgqTjgroiIGNsYXNzPSJpbWcxMCIgLz4KCiAgPCEtLeKWvOKWvOKWvOWIu+WNsOOCteODvOODk+OCueKWvOKWvOKWvC0tPiAKICAKICA8aW1nIHNyYz0iaHR0cDovL2ltYWdlLnJha3V0ZW4uY28uanAvdmllYW5nZS9jYWJpbmV0L2xvdmVyc19hbmRfcmluZy9sb3ZlcnNyaW5nX2ltYWdlL2xyX3RpdGxlX2tva3Vpbi5qcGciIHdpZHRoPSI2NjAiIGhlaWdodD0iNTgi44CAYWx0PSLliLvljbDjgrXjg7zjg5PjgrkiIGNsYXNzPSJpbWcxMCIgLz4KICAKIDxwIGNsYXNzPSJpbWcyMCI+44GU5biM5pyb44Gu5pa544Gr44Gv44CB44Oq44Oz44Kw44Gu5YaF5YG044Gr44Oh44OD44K744O844K444KE44GK5ZCN5YmN44Gq44Gp44KS54Sh5paZ44Gn5Yi75Y2wKOaWh+Wtl+WFpeOCjCnjgZXjgZvjgabjgYTjgZ/jgaDjgY3jgb7jgZnjgII8L3A+CiAgICAKICAgIDxkaXYgY2xhc3M9ImNsZWFyZml4IGdvb2RzXzEzMDVfMDUiPgogICAgICAgPGRpdj4KICAgICAgICAgPHAgY2xhc3M9ImltZzI1Ij7il4bmm7jkvZPjga/jg5bjg63jg4Pjgq/kvZPjgYvnrYboqJjkvZPjga7jgYTjgZrjgozjgYvjgpLjgYrpgbjjgbPjgYTjgZ/jgaDjgZHjgb7jgZnjgII8L3A+CiAgICAgICAgIOKXhuS9teOBm+OBpuaYn+W6p+ODnuODvOOCr+ODu+S4gOmDqOOBrue1teaWh+Wtl+OBjOWIu+WNsOWPr+iDveOBp+OBmeOAguS9v+eUqOWPr+iDveOBquiomOWPt+ODu+e1teaWh+Wtl+OBq+mWouOBl+OBvuOBl+OBpuOBr+OAgeS4i+iomOOBq+aOsuekuuOBleOCjOOBpuOBhOOBvuOBmeabuOS9k+imi+acrOOCkuOBlOWPgueFp+mhmOOBhOOBvuOBmeOAggogICAgICA8L2Rpdj4KICAgICAgIDxpbWcgc3JjPSJodHRwOi8vaW1hZ2UucmFrdXRlbi5jby5qcC92aWVhbmdlL2NhYmluZXQvcGFydHMvbHNyMDY1MF81MmEuanBnIiAvPiAgPC9kaXY+CiAgICAKICAgIDxpbWcgc3JjPSJodHRwOi8vaW1hZ2UucmFrdXRlbi5jby5qcC92aWVhbmdlL2NhYmluZXQvcGFydHMvbHNyMDY1MF81NC5qcGciIGNsYXNzPSJpbWcwNSIgLz4KICAgIAogIDxwIHN0eWxlPSJmb250LXNpemU6IDE0cHg7IiBjbGFzcz0iaW1nMjAiPuKAu+OBk+OBoeOCieOBruWVhuWTgeOBq+WFpeOCjOOCieOCjOOCi+WIu+WNsOaWh+Wtl+aVsDxzcGFuIHN0eWxlPSJjb2xvcjogI0ZGMDA2NiI+MjXmloflrZfjgb7jgac8L3NwYW4+44Gn44GZ44CCPC9wPgogIDxwIGNsYXNzPSJpbWcxMCI+44GT44Gu5ZWG5ZOB44Gv44CB44Ki44Or44OV44Kh44OZ44OD44OI5aSn5paH5a2X44O76Iux5pWw5a2X5ZCI44KP44Gb44GmPHNwYW4gc3R5bGU9ImNvbG9yOiAjRkYwMDY2Ij4yNeaWh+Wtl+OBvuOBp+WIu+WNsOWPr+iDve+8iOS4gOaWh+Wtl+e0hDAuOe+9je+9jeWkp++8iTwvc3Bhbj7jgafjgZnjgILoqJjlj7fjgIHjgrnjg5rjg7zjgrnjgIHjg57jg7zjgq/jgarjganjgoLvvJHmloflrZfliIbjgajjgZfjgabjgqvjgqbjg7Pjg4jjgZXjgozjgb7jgZnjgILjg57jg7zjgq/jg7vntbXmloflrZfjgpLjgZToqJjlhaXjga7loLTlkIjjga/jgIHmm7jkvZPopovmnKzjgavoqJjovInjgZXjgozjgabjgYTjgovjg57jg7zjgq/jga7kuLjnlarlj7fjgpLliLvljbDkvY3nva7jgavjgZToqJjlhaXpoZjjgYTjgb7jgZnjgII8L3A+CiAgCiAgPGJyPjxicj4KIAogPGRpdiBjbGFzcz0iZ29vZHNfMTMwNV8wNiI+CiAgPHA+44OX44Or44OA44Km44Oz44Oh44OL44Ol44O844GL44KJ44GU5biM5pyb44Gu5pu45L2T44KS44GK6YG444Gz44GP44Gg44GV44GE44CC5rOo5paH55S76Z2i44Gu44CM5Yi75Y2w5a++6LGh5ZWG5ZOB44KS44GU5rOo5paH44Gu5pa544GvCuOBk+OBoeOCieOBq+OBlOiomOWFpeOBj+OBoOOBleOBhOOAjeashOOBq+WIu+WNsOWGheWuueOCkuOBlOiomOWFpeOBj+OBoOOBleOBhOOAguWVhuWTgeOCkjLlgIvku6XkuIrjgYrosrfjgYTkuIrjgZLjga7loLTlkIjjga/jgIEK5Yi75Y2w5a++6LGh5ZWG5ZOB44GM5YiG44GL44KL44KI44GG44GU5L216KiY44GK6aGY44GE6Ie044GX44G+44GZ44CCCuS+i+OAjOODrOODh+OCo+ODvOOCue+8muKXi+KXi+KXi+KXi+OAjeOAjOODoeODs+OCuu+8muKXi+KXi+KXi+KXi+OAjeOBquOBqTwvcD48L2Rpdj4KCjxicj48YnI+CgoKCiAgPCEtLeKWvOKWvOKWvOODqeODg+ODlOODs+OCsOODu+ODoeODg+OCu+ODvOOCuOOCq+ODvOODieKWvOKWvOKWvC0tPiAgIAogIAogIDxpbWcgc3JjPSJodHRwOi8vaW1hZ2UucmFrdXRlbi5jby5qcC92aWVhbmdlL2NhYmluZXQvd3JhcHBpbmcvd3JhcHBpbmdfdGl0bGUuanBnIiBhbHQ9IuODqeODg+ODlOODs+OCsCI+Cgo8YnI+PGJyPjxicj4KCjx0YWJsZSBib3JkZXI9IjAiIHdpZHRoPSI2NjBweCI+Cjx0cj4KPHRkPgo8aW1nIHNyYz0iaHR0cDovL2ltYWdlLnJha3V0ZW4uY28uanAvdmllYW5nZS9jYWJpbmV0L3dyYXBwaW5nL2xyX3dyYXBfMDFfMS5qcGciIGFsdD0iTG92ZXJzJlJpbmfjgIDpgJrluLjjg6njg4Pjg5Tjg7PjgrAiPgo8L3RkPgo8dGQ+CjxpbWcgc3JjPSJodHRwOi8vaW1hZ2UucmFrdXRlbi5jby5qcC92aWVhbmdlL2NhYmluZXQvd3JhcHBpbmcvbHJfd3JhcF8wMi5qcGciIGFsdD0iTG92ZXJzJlJpbmfjgIDjgqjjgrPjg6njg4Pjg5Tjg7PjgrAiPgo8L3RkPgo8dGQ+CjxhICBocmVmPSJodHRwOi8vaXRlbS5yYWt1dGVuLmNvLmpwL3ZpZWFuZ2UvYy8wMDAwMDAwNzgyLyI+PGltZyBzcmM9Imh0dHA6Ly9pbWFnZS5yYWt1dGVuLmNvLmpwL3ZpZWFuZ2UvY2FiaW5ldC93cmFwcGluZy9scl93cmFwXzAzLmpwZyIgYWx0PSJMb3ZlcnMmUmluZ+OAgOOCueODmuOCt+ODo+ODq+ODqeODg+ODlOODs+OCsCI+PC9hPgo8L3RkPgo8L3RyPgo8L3RhYmxlPgo8aW1nIHNyYz0iaHR0cDovL2ltYWdlLnJha3V0ZW4uY28uanAvdmllYW5nZS9jYWJpbmV0L3dyYXBwaW5nL2tpa2luLmpwZyIgYWx0PSLlpKnkvb/jga7ljbXln7rph5EiPgogIAogIDxhICBocmVmPSJodHRwOi8vaXRlbS5yYWt1dGVuLmNvLmpwL3ZpZWFuZ2UvYy8wMDAwMDAwNzkxLyI+CjxpbWcgc3JjPSJodHRwOi8vaW1hZ2UucmFrdXRlbi5jby5qcC92aWVhbmdlL2NhYmluZXQvd3JhcHBpbmcvbHNfY2FyZC5qcGciIGFsdD0i44Oh44OD44K744O844K444Kr44O844OJIj48L2E+CgoKIDwhLS3ilrzilrzilrzjg5rjgqLjg7vljZjlk4Hjg6rjg7Pjgq/ilrzilrzilrwtLT4gICAKIAogIDxpbWcgc3JjPSJodHRwOi8vaW1hZ2UucmFrdXRlbi5jby5qcC92aWVhbmdlL2NhYmluZXQvbG92ZXJzX2FuZF9yaW5nL2xvdmVyc3JpbmdfaW1hZ2UvbHJfbGlua19tZW5zLmpwZyIgd2lkdGg9IjY2MCIgaGVpZ2h0PSI1OCIgY2xhc3M9ImltZzEwIiAvPgogIAogIAogPGRpdiBjbGFzcz0ibGlua19wYWlyX21lbnMiPgogICAgIDxkaXYgY2xhc3M9InRhbnBpbl9sZWZ0Ij48YSBocmVmPSJodHRwOi8vaXRlbS5yYWt1dGVuLmNvLmpwL3ZpZWFuZ2UvbHNyMDYwMmRway1kd2cvIj48aW1nIHNyYz0iaHR0cDovL2ltYWdlLnJha3V0ZW4uY28uanAvdmllYW5nZS9jYWJpbmV0L2xvdmVyc19zY2VuZS9sc3IvbHNyMDYwMl9wYWlyLmpwZyIgd2lkdGg9IjIzNSIgaGVpZ2h0PSIyMzUiIGNsYXNzPSJpbWcyMCIgLz48L2E+CiAgICA8L2Rpdj4KICAgICAgICA8ZGl2IGNsYXNzPSJ0YW5waW5fcmlnaHQiPjxhIGhyZWY9Imh0dHA6Ly9pdGVtLnJha3V0ZW4uY28uanAvdmllYW5nZS9sc3IwNjAyZHdnLyI+PGltZyBzcmM9Imh0dHA6Ly9pbWFnZS5yYWt1dGVuLmNvLmpwL3ZpZWFuZ2UvY2FiaW5ldC9sb3ZlcnNfc2NlbmUvbHNyL2xzcjA2MDJfMzAuanBnIiB3aWR0aD0iMjM1IiBoZWlnaHQ9IjIzNSIgY2xhc3M9ImltZzIwIiAvPjwvYT4KICAgIDwvZGl2PgogIDwvZGl2PgoKCgo8YSBocmVmPSJodHRwOi8vaXRlbS5yYWt1dGVuLmNvLmpwL3ZpZWFuZ2UvYy8wMDAwMDAwNjY2LyI+PGltZyBzcmM9Imh0dHA6Ly9pbWFnZS5yYWt1dGVuLmNvLmpwL3ZpZWFuZ2UvY2FiaW5ldC9pbWFnZS9tb3JlX3BhaXJyaW5nMi5qcGciIHdpZHRoPSI2NjAiIGhlaWdodD0iMTIwIiBib3JkZXI9IjAiPjwvYT48YnI+PGJyPgogIAogIAogIAogIDxpbWcgc3JjPSJodHRwOi8vaW1hZ2UucmFrdXRlbi5jby5qcC92aWVhbmdlL2NhYmluZXQvcGFydHMvbHNyMDY1MF82OC5naWYiIGNsYXNzPSJpbWczMCIgLz4KCgo8L2Rpdj48L2Rpdj4KICAgIAoKCjx0YWJsZSB3aWR0aD0iMzkwIiBib3JkZXI9IjAiPgogIDx0cj4KICAgIDx0ZCB3aWR0aD0iODkiPiZuYnNwOzwvdGQ+CiAgICA8dGQgd2lkdGg9IjI5MSI+Jm5ic3A7PC90ZD4KICA8L3RyPgogIDx0cj4KICAgIDx0ZD48Zm9udCBjb2xvcj0jNjk2OTY5IHNpemU9IjIiPuKWoOOAgOe0oOadkOOAgOKWoDwvZm9udD48L3RkPgogICAgPHRkPiZuYnNwOzwvdGQ+CiAgPC90cj4KPC90YWJsZT4KPHRhYmxlIHdpZHRoPSIzOTAiIGJvcmRlcj0iMCI+CiAgPHRyPgogICAgPHRkIHdpZHRoPSI4OSI+PGRpdiBhbGlnbj0icmlnaHQiPjxmb250IGNvbG9yPSIjNjk2OTY5IiBzaXplPSIyIj7jg6zjg4fjgqPjg7zjgrnvvJo8L2ZvbnQ+PC9kaXY+PC90ZD4KICAgIDx0ZCB3aWR0aD0iMjkxIj48Zm9udCBjb2xvcj0jNjk2OTY5IHNpemU9IjIiPksxMCjjg5Tjg7Pjgq/jgrTjg7zjg6vjg4nvvIkv44OA44Kk44Ok44Oi44Oz44OJ77yIMS83MO+8iTwvZm9udD48L3RkPgogIDwvdHI+CiAgPHRyPgogICAgPHRkPiZuYnNwOzwvdGQ+CiAgICA8dGQ+Jm5ic3A7PC90ZD4KICA8L3RyPgo8L3RhYmxlPgo8dGFibGUgd2lkdGg9IjM5MCIgYm9yZGVyPSIwIj4KICA8dHI+CiAgICA8dGQ+PGZvbnQgY29sb3I9IzY5Njk2OSBzaXplPSIyIj7ilqAg5aSn44GN44GVKG1tKSDilqA8L2ZvbnQ+PC90ZD4KICA8L3RyPgo8L3RhYmxlPgo8dGFibGUgd2lkdGg9IjM5MCIgYm9yZGVyPSIwIj4KICA8dHI+CiAgICA8dGQgd2lkdGg9Ijg5IiBoZWlnaHQ9IjE1Ij4mbmJzcDs8L3RkPgogICAgPHRkIHdpZHRoPSIyOTEiPjxmb250IGNvbG9yPSM2OTY5Njkgc2l6ZT0iMiI+5bmF57SEMi4yw5fljprjgb/ntIQxLjA8L2ZvbnQ+PC90ZD4KICA8L3RyPgogIDx0cj4KICAgIDx0ZD4mbmJzcDs8L3RkPgogICAgPHRkPiZuYnNwOzwvdGQ+CiAgPC90cj4KPC90YWJsZT4KPHRhYmxlIHdpZHRoPSIzOTAiIGJvcmRlcj0iMCI+CiAgPHRyPgogICAgPHRkIHdpZHRoPSI4OSI+PGZvbnQgY29sb3I9IzY5Njk2OSBzaXplPSIyIj7ilqDjgIDph43ph4/jgIDilqA8L2ZvbnQ+PC90ZD4KICAgIDx0ZCB3aWR0aD0iMjkxIj4mbmJzcDs8L3RkPgogIDwvdHI+CjwvdGFibGU+Cjx0YWJsZSB3aWR0aD0iMzkwIiBib3JkZXI9IjAiPgogIDx0cj4KICAgIDx0ZCB3aWR0aD0iODkiPiZuYnNwOzwvdGQ+CiAgICA8dGQgd2lkdGg9IjI5MSI+PGZvbnQgY29sb3I9IzY5Njk2OSBzaXplPSIyIj7ntIQxLjNnPC9mb250PjwvdGQ+CiAgPC90cj4KICA8dHI+CiAgICA8dGQ+Jm5ic3A7PC90ZD4KICAgIDx0ZD48Zm9udCBjb2xvcj0iIzAwOTlGRiIgc2l6ZT0iMSI+4oC75aSn44GN44GV44O76YeN44GV44Gr44Gv5aSa5bCR44Gu5YCL5L2T5beu44GM55Sf44GY44G+44GZPC9mb250PjwvdGQ+CiAgPC90cj4KPC90YWJsZT4KPHRhYmxlIHdpZHRoPSIzOTAiIGJvcmRlcj0iMCI+CiAgPHRyPgogICAgPHRkIHdpZHRoPSI4OCIgaGVpZ2h0PSIxNSI+PGZvbnQgY29sb3I9IzY5Njk2OSBzaXplPSIyIj7ilqDopo/lrprjgrXjgqTjgrrilqA8L2ZvbnQ+PC90ZD4KICAgIDx0ZCB3aWR0aD0iMjkyIj4mbmJzcDs8L3RkPgogIDwvdHI+CjwvdGFibGU+Cjx0YWJsZSB3aWR0aD0iMzkwIiBib3JkZXI9IjAiPgogIDx0cj4KICAgIDx0ZCB3aWR0aD0iODkiIGhlaWdodD0iNTEiPiZuYnNwOzwvdGQ+CiAgICA8dGQgd2lkdGg9IjI5MSI+PGZvbnQgY29sb3I9IzY5Njk2OSBzaXplPSIyIj415Y+344GL44KJMjPlj7fjgb7jgac8YnI+CuKAuzI05Y+35Lul5LiK44Gu44K144Kk44K644Gv5Yil6YCU5paZ6YeR44GM55m655Sf44GE44Gf44GX44G+44GZ44CC44G+44Gf44CB57SN5pyf44GMMemAsemWk+OBu+OBqemVt+OBj+OBquOCiuOBvuOBmeOAgjxicj4KPGJyPgrigLs05Y+35Lul5LiL44Gu44K144Kk44K644Gu5aC05ZCI44CB6L+95Yqg5paZ6YeR44Gv55m655Sf44GE44Gf44GX44G+44Gb44KT44GM44CBPGZvbnQgY29sb3I9IiMwMDk5RkYiPue0jeacn+OBjDHpgLHplpPvvIg35Za25qWt5pel77yJ44G744Gp5Yqg566X44GV44KM44G+44GZPC9mb250PuOAgjxicj48YnI+CuKXhuimj+WumuWkluOCteOCpOOCuuOBruOCquODvOODgOODvOaWueazleKXhjxicj4KPGJyPgrjgrXjgqTjgrrjga7jg5fjg6vjg4Djgqbjg7Pjg6Hjg4vjg6Xjg7zjgojjgorvvJzkuIroqJjku6XlpJbvvJ7jgpLjgZTpgbjmip7kuIvjgZXjgYTjgILms6jmlofnlLvpnaLjga7pgJrkv6HmrITjgavjgZTluIzmnJvjga7jgrXjgqTjgrrjgpLjgZTmmI7oqJjjgY/jgaDjgZXjgYTjgILlvZPmlrnjgavjgablt67poY3jgpLnrpflh7rjga7jgYbjgYjjgIHjgYrlrqLmp5jjgavjgZTpgKPntaHjgYTjgZ/jgZfjgb7jgZnjgILjgYrlrqLmp5jjga7jgZTkuobmib/jgpLjgYTjgZ/jgaDjgYTjgZ/mmYLngrnjgafjgIHlvZPmlrnjgavjgabov73liqDmlpnph5HjgpLliqDnrpfjgZfjgabjgIHjgZToq4vmsYLnt4/poY3jgpLlpInmm7TjgZXjgZvjgabjgYTjgZ/jgaDjgY3jgb7jgZnjgIIKPC9mb250PjwvdGQ+CiAgPC90cj4KICA8dHI+CiAgICA8dGQ+Jm5ic3A7PC90ZD4KICAgIDx0ZD4mbmJzcDs8L3RkPgogIDwvdHI+CjwvdGFibGU+Cgo8dGFibGUgd2lkdGg9IjM5MCIgYm9yZGVyPSIwIj4KICA8dHI+CiAgICA8dGQgd2lkdGg9IjIxMSI+PGZvbnQgY29sb3I9IzY5Njk2OSBzaXplPSIyIj7ilqAg6KOP55+z5YWl44KM44Kq44OX44K344On44Oz4pagPC9mb250PjwvdGQ+CiAgICA8dGQgd2lkdGg9IjE2OSI+Jm5ic3A7PC90ZD4KICA8L3RyPgo8L3RhYmxlPgo8dGFibGUgd2lkdGg9IjM5MCIgYm9yZGVyPSIwIj4KICA8dHI+CiAgICA8dGQgd2lkdGg9Ijg5Ij4mbmJzcDs8L3RkPgogICAgPHRkIHdpZHRoPSIyOTEiPjxmb250IGNvbG9yPSM2OTY5Njkgc2l6ZT0iMiI+5a++5b+c5LiN5Y+vPC9mb250PjwvdGQ+CiAgPC90cj4KICA8dHI+CiAgICA8dGQ+Jm5ic3A7PC90ZD4KICAgIDx0ZD4mbmJzcDs8L3RkPgogIDwvdHI+CjwvdGFibGU+PCEtLeKWvOKWvCDlt6bluK/jg6rjg7Pjgq/jgYLjgoog4pa84pa8LS0+Cgo8ZGl2IGlkPSJoaWRhcmktb2JpIj4KCjxzdHlsZT4KI2hpZGFyaS1vYmkgewpwb3NpdGlvbjogYWJzb2x1dGU7CnRvcDowcHg7CmxlZnQ6MTBweDsKYmFja2dyb3VuZDogdXJsKCJodHRwczovL2ltYWdlLnJha3V0ZW4uY28uanAvdmllYW5nZS9jYWJpbmV0L2NhbXBhaWduL3NjYm5yXzA1MTUuanBnIikgcmVwZWF0LXkgbGVmdCB0b3AgOwp9CiNoaWRhcmktb2JpIGEgewpkaXNwbGF5OiBibG9jazsKaGVpZ2h0OjkzMDBweDsvKuODmuODvOOCuOWFqOS9k+OBrumrmOOBlSovCndpZHRoOiAxNDBweDsvKuW4r+OBruW5hSovCn0KPC9zdHlsZT4KCjwvZGl2PgoKCgo8IS0t4pa84pa8IOW3puW4r+ODquODs+OCr+OBquOBlyDilrzilrwtLT4KCgoKCjwhLS3ilrzilrwg5bem5biv44Oq44Oz44Kv44Gq44GXIOKWvOKWvC0tPgoKPCEtLQo8c3R5bGUgdHlwZT0idGV4dC9jc3MiPgpib2R5ewpiYWNrZ3JvdW5kLWltYWdlOiB1cmwoImh0dHA6Ly9pbWFnZS5yYWt1dGVuLmNvLmpwL3ZpZWFuZ2UvY2FiaW5ldC9jYW1wYWlnbi9ibnJfMTAxMi5qcGciKTsKYmFja2dyb3VuZC1yZXBlYXQ6IHJlcGVhdC15OwpiYWNrZ3JvdW5kLWF0dGFjaG1lbnQ6IHNjcm9sbDsKYmFja2dyb3VuZC1wb3NpdGlvbjpsZWZ0Cn0KPC9zdHlsZT4KLS0+CgoKCgo8c3R5bGUgdHlwZT0idGV4dC9jc3MiPgoKLyog44GK5rCX44Gr5YWl44KK5ZWG5ZOBICovCgojcmFrdXRlbkxpbWl0ZWRJZF9hcm91bmRDYXJ0ICNzZXJ2aWNlVGFibGVTbWwgdGQuZmF2b3JpdGUgewoKcGFkZGluZy10b3A6IDVweDsKCn0KCiNyYWt1dGVuTGltaXRlZElkX2Fyb3VuZENhcnQgZGl2LmJvb2ttYXJrQXJlYSBkaXYuYmttIHsKCndpZHRoOiAyOTFweCAhaW1wb3J0YW50OwoKaGVpZ2h0OjMzcHggIWltcG9ydGFudDsKCnBhZGRpbmc6IDBweCAwcHggMTBweCAwcHggIWltcG9ydGFudDsKCn0KCiNyYWt1dGVuTGltaXRlZElkX2Fyb3VuZENhcnQgZGl2LmJvb2ttYXJrQXJlYSBkaXYuYmttIGEuYWRkQmttIHsKCndpZHRoOiAyOTFweCAhaW1wb3J0YW50OwoKaGVpZ2h0OjMzcHggIWltcG9ydGFudDsKCn0KCiNyYWt1dGVuTGltaXRlZElkX2Fyb3VuZENhcnQgZGl2LmJvb2ttYXJrQXJlYSBkaXYuYmttIGEuYWRkQmttIHNwYW4uYmttU3RhciB7CgpkaXNwbGF5OiBpbmxpbmUtYmxvY2sgIWltcG9ydGFudDsKCndpZHRoOiAyOTFweCAhaW1wb3J0YW50OwoKaGVpZ2h0OjMzcHggIWltcG9ydGFudDsKCm1hcmdpbjowcHggMHB4IDEwcHggMHB4ICFpbXBvcnRhbnQ7CgpiYWNrZ3JvdW5kOiB1cmwoImh0dHA6Ly9pbWFnZS5yYWt1dGVuLmNvLmpwL3ZpZWFuZ2UvY2FiaW5ldC9ibnJfZmF2aXRlbS5qcGciKSBuby1yZXBlYXQgIWltcG9ydGFudDsKCn0KCiAKCi8qIOOBiuawl+OBq+WFpeOCiuOCt+ODp+ODg+ODlyAqLwoKZGl2LmJvb2ttYXJrQXJlYSB7Cgp3aWR0aDogMjkxcHggIWltcG9ydGFudDsKCn0KCiNyYWt1dGVuTGltaXRlZElkX2Fyb3VuZENhcnQgZGl2LnNob3BCb29rbWFya0FyZWEgZGl2LnNob3BCa20gewoKd2lkdGg6IDI5MXB4ICFpbXBvcnRhbnQ7CgpoZWlnaHQ6MzNweCAhaW1wb3J0YW50OwoKcGFkZGluZzogMHB4IDBweCAhaW1wb3J0YW50OwoKcGFkZGluZy1sZWZ0OiAwcHggIWltcG9ydGFudDsKCn0KCiNyYWt1dGVuTGltaXRlZElkX2Fyb3VuZENhcnQgZGl2LnNob3BCb29rbWFya0FyZWEgZGl2LnNob3BCa20gYS5hZGRTaG9wQmttIHNwYW4uc2hvcEJrbVN0YXIgewoKZGlzcGxheTogaW5saW5lLWJsb2NrICFpbXBvcnRhbnQ7Cgp3aWR0aDogMjkxcHggIWltcG9ydGFudDsKCmhlaWdodDozM3B4ICFpbXBvcnRhbnQ7CgptYXJnaW4tcmlnaHQ6IDBweCAhaW1wb3J0YW50OwoKYmFja2dyb3VuZDogdXJsKCJodHRwOi8vaW1hZ2UucmFrdXRlbi5jby5qcC92aWVhbmdlL2NhYmluZXQvYm5yX2ZhdnNob3AuanBnIikgbm8tcmVwZWF0ICFpbXBvcnRhbnQ7Cgp9Cjwvc3R5bGU+CgoKCgo8ZGl2IGlkPSJwcmVzZW50X2Jhc2UiIGNsYXNzPSJjbGVhcmZpeCI+CiAgIDxkaXYgY2xhc3M9InByZXNlbnRfaW1nIj48aW1nIHNyYz0iaHR0cDovL2ltYWdlLnJha3V0ZW4uY28uanAvdmllYW5nZS9jYWJpbmV0L3RtZy9mb290X3ByZTAxLmdpZiIgYWx0PSLlpKfliIfjgarjgYLjga7kurrjgavntKDmlbXjgarjg5fjg6zjgrzjg7Pjg4giIHdpZHRoPSIxOTkiIGhlaWdodD0iMjk1IiAvPjwvZGl2PgogICA8ZGl2IGNsYXNzPSJwcmVzZW50X3R4dCI+PHA+5b2T5bqX44Gv44CB5Lq65rCX44Ki44Kv44K744K144Oq44O844OW44Op44Oz44OJ44CM5aSp5L2/44Gu5Y2144CN44KE44CM5pyq5p2l5aSp5L2/44CN44KS44Gv44GY44KB44CB6KqV55Sf55+z44Gu44Oa44Oz44OA44Oz44OI44KE44Oq44Oz44Kw44Gq44Gp44CB44OX44Os44K844Oz44OI44Gr44OU44OD44K/44Oq44Gq44Ki44Kv44K744K144Oq44O844KS5Y+W5omx44GG6YCa6LKp44K344On44OD44OX44Gn44GZ44CCPC9wPjxiciAvPgrjgIzlhKrjgZfjgYTlhYnjgavjgaTjgaTjgb7jgozjgovmsLjpgaDjga7lkb3jgI3jgpLooajnj77jgZfjgZ/jgrPjg7Pjgrvjg5fjg4jjgrjjg6Xjgqjjg6rjg7zjgIzmnKrmnaXlpKnkvb/jgI3jga/mnKrmnaXjgavlkJHjgZHjgabovJ3jgZHjgovlkb3jga7jgZnjgbDjgonjgZfjgZXjgpLlpJrlvanjgarjg4bjg7zjg57jg7vjg4fjgrbjgqTjg7Pjgafooajnj77jgZfjgabjgYTjgb7jgZnjgII8YnIgLz4K44Gd44KT44Gq5pyq5p2l5aSp5L2/44GL44KJ44Gu44OX44Os44K844Oz44OI44Go44GE44GG44Kz44Oz44K744OX44OI44Gn5L2c44KJ44KM44Gf44CM5aSp5L2/44Gu5Y2144CN44Gv44CB44CM6KqV55Sf44Gu5Zac44Gz44CN44KE44CM55Sf44GN44KL44GT44Go44Gu5oSf5YuV44Go6LOe6LOb44CN44KS44OG44O844Oe44Go44GX44Gm5Ym144KJ44KM44CB5Y2144Go576944Gu44OQ44Op44Oz44K544Gu6Imv44GE44KE44GV44GX44GE44OH44K244Kk44Oz44GM5oSb44GV44KM44Gm44GE44KL44Ot44Oz44Kw44K744Op44O844Gu5Lq65rCX44Ki44Kv44K744K144Oq44O844Gn44GZ44CC5piv6Z2e44CB5aSn5YiH44Gq5Lq644G444Gu44OX44Os44K844Oz44OI562J44Gr44KC44GU5rS755So5LiL44GV44GE77yBPC9kaXY+CjwvZGl2PgoKCgoKCjwhLS3ilrzilrzilrzjg6zjg5Pjg6Xjg7zjg7vms6jmlofnirbms4HilrzilrzilrwtLT4gICAKCiAgICAgICAgICAgIDxoMj48aW1nIHNyYz0iaHR0cDovL3d3dy5yYWt1dGVuLm5lLmpwL2dvbGQvdmllYW5nZS9pbWcvdGl0bGVfMDYuanBnIiBhbHQ9IuODrOODk+ODpeODvCIgd2lkdGg9IjY4OCIgaGVpZ2h0PSI3MCIgLz48L2gyPgogICAgICAgICAgICA8YnI+PGJyPgogIAoJICA8YnI+IDxicj4gPGJyPiAKICAgICAgICAgICAgICAgICAgPGgyPjxpbWcgc3JjPSJodHRwOi8vd3d3LnJha3V0ZW4ubmUuanAvZ29sZC92aWVhbmdlL2ltZy90aXRsZV8wNy5qcGciIGFsdD0i5rOo5paH54q25rOBIiB3aWR0aD0iNjg4IiBoZWlnaHQ9IjcwIiAvPjwvaDI+CiAgICAgICAgICAgICAgICAgICAgICAgICAgICAgIDxicj4gPGJyPiAKPGJyPiA8YnI+IDxicj4=,44CQ5Yi75Y2w54Sh5paZ44CR4peGTG92ZXJzICZhbXA7IFJpbmcg44Op44OQ44O844K644Oq44Oz44Kw4peGSzEw44OU44Oz44Kv44K044O844Or44OJ44Oq44Oz44KwKOODrOODh+OCo+ODvOOCuSnjgJBMU1IwNjAyRFBL44CR44CQSzEwIOODlOODs+OCr+OCtOODvOODq+ODiSDjg6rjg7PjgrAg44Oa44Ki44Oq44Oz44KwIOODmuOCoiDmjIfovKog44OA44Kk44Ok44Oi44Oz44OJIOWvvuW/nCDjg5fjg6zjgrzjg7Pjg4gg44Ki44Kv44K744K144Oq44O8IOOCouOCr+OCuyDjgrjjg6Xjgqjjg6rjg7wg44OA44Kk44OkIOOCruODleODiCDlprsgIOWIu+WNsOWPr+iDveOAke+8muWkqeS9v+OBruWNtSB3aXRoIExPVkVSUyBTQ0VORQ==,5aSp5L2/44Gu5Y215pyq5p2l5aSp5L2/44K544Oa44O844K544Kv44Oq44Ko44O844K/44O844K444Ol44Ko44Oq44O844K344Or44OQ44O844Ki44Kv44K744K144Oq44O844OU44Oz44Kv44K344Or44OQ44O844ON44OD44Kv44Os44K555u05Za25bqX44Kv44Oq44K544Oe44K56ZmQ5a6a44Oa44Oz44OA44Oz44OI5oyH6Lyq44OU44Ki44K544OX44Os44K844Oz44OI44OZ44OT44O844K544OX44O844Oz44Os44OH44Kj44O844K544Op44OQ44O844K644K344O844Oz57WQ5ama5oyH6Lyq44Oa44Ki44Oq44Oz44Kw6KqV55Sf55+z44CQ5Yi75Y2w54Sh5paZ44CR4peGTG92ZXJzICZhbXA7IFJpbmcg44Op44OQ44O844K644Oq44Oz44Kw4peGSzEw44OU44Oz44Kv44K044O844Or44OJ44Oq44Oz44KwKOODrOODh+OCo+ODvOOCuSnjgJBMU1IwNjAyRFBL44CR44CQSzEwIOODlOODs+OCr+OCtOODvOODq+ODiSDjg6rjg7PjgrAg44Oa44Ki44Oq44Oz44KwIOODmuOCoiDmjIfovKog44OA44Kk44Ok44Oi44Oz44OJIOWvvuW/nCDjg5fjg6zjgrzjg7Pjg4gg44Ki44Kv44K744K144Oq44O8IOOCouOCr+OCuyDjgrjjg6Xjgqjjg6rjg7wg44OA44Kk44OkIOOCruODleODiCDlprsgIOWIu+WNsOWPr+iDveOAkQ==,44Oq44Oz44Kw5Lit5aSu44Gn44Gv44OA44Kk44Ok44Oi44Oz44OJ44GM5LiK5ZOB44Gr6Lyd44GP4piG44CC44CQ5Yi75Y2w54Sh5paZ44CR4peGTG92ZXJzICZhbXA7IFJpbmcg44Op44OQ44O844K644Oq44Oz44Kw4peGSzEw44OU44Oz44Kv44K044O844Or44OJ44Oq44Oz44KwKOODrOODh+OCo+ODvOOCuSnjgJBMU1IwNjAyRFBL44CR44CQSzEwIOODlOODs+OCr+OCtOODvOODq+ODiSDjg6rjg7PjgrAg44Oa44Ki44Oq44Oz44KwIOODmuOCoiDmjIfovKog44OA44Kk44Ok44Oi44Oz44OJIOWvvuW/nCDjg5fjg6zjgrzjg7Pjg4gg44Ki44Kv44K744K144Oq44O8IOOCouOCr+OCuyDjgrjjg6Xjgqjjg6rjg7wg44OA44Kk44OkIOOCruODleODiCDlprsgIOWIu+WNsOWPr+iDveOAkQ==[rn]
39-1044,aHR0cDovL3RzaG9wLnIxMHMuanAvdmllYW5nZS9jYWJpbmV0L2xvdmVyc19hbmRfcmluZy9sc3IwNjAxZHBrLmpwZz9maXRpbj03MDA6NzAw,MTQ2ODguMDAwMA==,,44K444Ol44Ko44Oq44O844O744Ki44Kv44K744K144Oq44O8ID4g44Os44OH44Kj44O844K544K444Ol44Ko44Oq44O844O744Ki44Kv44K744K144Oq44O8ID4g5oyH6Lyq44O744Oq44Oz44Kw,44CQ5Yi75Y2w54Sh5paZ44CR4peGTG92ZXJzICYgUmluZyDjg6njg5Djg7zjgrrjg6rjg7PjgrDil4ZLMTDjg5Tjg7Pjgq/jgrTjg7zjg6vjg4njg6rjg7PjgrAo44Os44OH44Kj44O844K5KeOAkExTUjA2MDFEUEvjgJHjgJBLMTAg44OU44Oz44Kv44K044O844Or44OJIOODquODs+OCsCDjg5rjgqLjg6rjg7PjgrAg44Oa44KiIOODrOODh+OCo+ODvOOCuSDmjIfovKog44Op44OW44Oq44Oz44KwIOODgOOCpOODpOODouODs+ODiSDjg5fjg6zjgrzjg7Pjg4gg44Ki44Kv44K744K144Oq44O8IOOCuOODpeOCqOODquODvCDlprsg5Yi75Y2w44CR5q+N44Gu5pelIOOCt+ODs+ODl+ODqw==,5b+D44Go5b+D44KS44Gk44Gq44GQ44Oa44Ki44Oq44Oz44Kw44O744O744O7IOmAgeaWmeeEoeaWmQ==,PGNlbnRlcj48YSBocmVmPSJodHRwczovL215LmJvb2ttYXJrLnJha3V0ZW4uY28uanAvP2Z1bmM9cmVnJnN2aWQ9MTAxJnNob3BfYmlkPTIwMzk0NyZpaWQ9MTAwMDEzNTEmaXR5cGU9MSB0YXJnZXQ9X2JsYW5rIj48aW1nIHNyYz0iaHR0cDovL2ltYWdlLnJha3V0ZW4uY28uanAvdmllYW5nZS9jYWJpbmV0L3BfYm5yX2Zhdml0ZW0uanBnIiBib3JkZXI9IjAiIHdpZHRoPSI2NjAiIGhlaWdodD0iMTMwIj48L2E+PC9jZW50ZXI+PGJyPjxicj48aW1nIHNyYz0iaHR0cDovL2ltYWdlLnJha3V0ZW4uY28uanAvdmllYW5nZS9jYWJpbmV0L2NhbXBhaWduL2xyX3JpbmdfcGNfdG9rdXRlbi5qcGciYWx0PSJMb3ZlcnMmUmluZyDjgq3jg6Pjg7Pjg5rjg7zjg7MiPjxicj48YnI+Cgo8ZGl2IGNsYXNzPSJjYV8wMSI+Cgo8ZGl2IGlkPSJkZXRhaWxfYmFzZTIiPgoKICA8ZGl2IGNsYXNzPSJnb29kc18xMzA1XzAxIj4KICAgICAgPGRpdj48cD7mmYLku6PjgoTjg5XjgqHjg4Pjgrfjg6fjg7Pjgavlt6blj7PjgZXjgozjgarjgYTmma7pgY3nmoTjgYvjgaTnvo7jgZfjgYTjg5Xjgqnjg6vjg6DjgajjgIHkvZXjgojjgorouqvjgavnnYDjgZHntprjgZHjgZ/jgYTkuIDnlarjgrfjg7Pjg5fjg6vjgafkurrmsJfjga7pq5jjgYTjgIHmsLjpgaDjga7igJznlLLkuLjjg6rjg7PjgrDigJ3jgII8YnIgLz4KICAgICAgICDnlLfmgKfnlKjjga/jgIHnlLLkuLjjg6rjg7PjgrDjgYzlvJXjgY3nq4vjgaTjgrfjg7Pjg5fjg6vjgarlvaLnirbjgavjgII8YnIgLz4KICAgICAgICDjgb7jgZ/jgIHlpbPmgKfnlKjjga7jg6rjg7PjgrDjgavjga/oqrDjgoLjgYzmhqfjgozjgovigJzjg4DjgqTjg6Tjg6Ljg7Pjg4nigJ3jgYzlhaXjgovjgZPjgajjgavjgojjgorjgIHlpbPmgKfjgonjgZfjgZXjgpLlvJXjgY3nq4vjgabjgovjg4fjgrbjgqTjg7PjgavjgarjgaPjgabjgYTjgb7jgZnjgILoqrDjgYvjgonjgoLmhJvjgZXjgozjgovjgIHkurrmsJfjga7jg5rjgqLjg6rjg7PjgrDjgafjgZnjgII8L3A+CiAgICA8L2Rpdj4KICAgICA8aW1nIHNyYz0iaHR0cDovL2ltYWdlLnJha3V0ZW4uY28uanAvdmllYW5nZS9jYWJpbmV0L2xvdmVyc19zY2VuZS9sc3IvbHNyMDYwMV8wMy5qcGciIHdpZHRoPSI2NjAiIGhlaWdodD0iMzYwIiAvPiAgPC9kaXY+CiAgCiAgPGltZyBzcmM9Imh0dHA6Ly9pbWFnZS5yYWt1dGVuLmNvLmpwL3ZpZWFuZ2UvY2FiaW5ldC9sb3ZlcnNfc2NlbmUvbHNyL2xzcjA2NTBfMDYuZ2lmIiB3aWR0aD0iMzQ1IiBoZWlnaHQ9IjI3IiBjbGFzcz0iaW1nMTAiIC8+CiAgPHAgY2xhc3M9ImltZzIwIj7lvpPmnaXjga7jg5rjgqLjg6rjg7PjgrDjgafjgoLjgarjgY/jgIHjg57jg6rjg4Pjgrjjg6rjg7PjgrDjgafjgoLjgarjgYTjgI7mhJvjgajlhbHjgavnlJ/jgY3jgovjgI/jgajjgYTjgYbmlrDjgZ/jgarjgrPjg7Pjgrvjg5fjg4jjgaflibXjgonjgozjgZ/mlrDjgZ/jgarjgrjjg6Pjg7Pjg6vjga7mjIfovKrjgafjgZnjgILnnJ/lrp/jga7mhJvjgpLpoZjjgYbmgYvkurrjgZ/jgaHjgavotIjjgorjgb7jgZnigKbjgII8L3A+CiAgCiAgPGlmcmFtZSB3aWR0aD0iNjYwIiBzY3JvbGxpbmc9Im5vIiBoZWlnaHQ9IjQ3MCIgZnJhbWVib3JkZXI9IjAiIHNyYz0iaHR0cDovL3d3dy5yYWt1dGVuLm5lLmpwL2dvbGQvdmllYW5nZS9nZF9pZnJhbWUvTFNSMDYwMV9pbi5odG1sIj48L2lmcmFtZT4KICAKICA8aW1nIHNyYz0iaHR0cDovL2ltYWdlLnJha3V0ZW4uY28uanAvdmllYW5nZS9jYWJpbmV0L2xvdmVyc19zY2VuZS9sc3IvbHNyMDYwMV8wOS5naWYiIHdpZHRoPSI0MTUiIGhlaWdodD0iMjUiIGNsYXNzPSJpbWcyMCIgLz4KICAKPGRpdiBjbGFzcz0iY2xlYXJmaXggaW1nNDAiPgogICAgIDxkaXYgY2xhc3M9Imdvb2RzXzEzMDVfMDJfbGVmdCI+PGltZyBzcmM9Imh0dHA6Ly9pbWFnZS5yYWt1dGVuLmNvLmpwL3ZpZWFuZ2UvY2FiaW5ldC9sb3ZlcnNfc2NlbmUvbHNyL2xzcjA2MDFfMTIuanBnIiB3aWR0aD0iNDAwIiBoZWlnaHQ9IjQwMCIgY2xhc3M9ImltZzA1IiAvPgogICAgIOOBiuWlveOBjeOBquODoeODg+OCu+ODvOOCuOOCkuWFpeOCjOOAgeS6jOS6uuOBoOOBkeOBruODmuOCouODquODs+OCsOOCkuOBpOOBj+OBo+OBpuOBv+OBpuOBr+OBqeOBhuOBp+OBmeOBi++8nzwvZGl2PgogIDxkaXYgY2xhc3M9Imdvb2RzXzEzMDVfMDJfcmlnaHQiPgogICAgICAgIDxwPkxvdmVycyAmYW1wOyBSaW5n44Gu5Lit44Gn44Gv44CB44K544K/44Oz44OA44O844OJ44Gq44K344Oq44O844K644CCPGJyIC8+CiAgICAgICAgICDjg5rjgqLjg6rjg7PjgrDjga/ku6XliY3os7zlhaXjgZfjgZ/jgZHjganjgIHkurrjgajjga/pgZXjgYbjg6/jg7Pjg6njg7Pjgq/kuIrjga7jg5rjgqLjg6rjg7PjgrDjgYzmrLLjgZfjgYTjgajjgYTjgYbmlrnjgavjg5Tjg4Pjgr/jg6rjga7jg4fjgrbjgqTjg7PjgII8YnIgLz4KICAgICAgICDpgYvlkb3jga7lh7rkvJrjgYTjga7llpzjgbPjgIHjgZ3jgozjgpLogrLjgpPjgafjgobjgY/lpKfliIfjgarjgYrmsJfmjIHjgaHjgpLliIbjgYvjgaHlkIjjgYbkuIros6rjga7jg5rjgqLjg6rjg7PjgrDjgafjgZnjgII8L3A+CiAgICAgIDxpbWcgc3JjPSJodHRwOi8vaW1hZ2UucmFrdXRlbi5jby5qcC92aWVhbmdlL2NhYmluZXQvbG92ZXJzX3NjZW5lL2xzci9sc3IwNjAxXzE0LmpwZyIgY2xhc3M9ImltZzA1IiAvPgogICAgICAgIOWGheWBtOOBq+OBiuWFpeOCjOOBmeOCi+ODoeODg+OCu+ODvOOCuOOBr+KAnOeEoeaWmeOCteODvOODk+OCueKAneOBp+OBmTwvZGl2PgogIDwvZGl2PgogIAogIDxpbWcgc3JjPSJodHRwOi8vaW1hZ2UucmFrdXRlbi5jby5qcC92aWVhbmdlL2NhYmluZXQvbG92ZXJzX3NjZW5lL2xzci9sc3IwNjAxXzIwLmdpZiIgd2lkdGg9IjUyMCIgaGVpZ2h0PSIyNSIgY2xhc3M9ImltZzI1IiAvPgo8ZGl2IGNsYXNzPSJjbGVhcmZpeCBpbWc0MCI+CiAgICAgPGRpdiBjbGFzcz0iZ29vZHNfMTMwNV8wM19sZWZ0Ij4KICAgICAgICA8cD7jg4fjgrbjgqTjg7Pjgavoj6/jgpLmt7vjgYjjgovlrp3nn7PjgILlpbPmgKfnlKjjga7jg4DjgqTjg6Tjg6Ljg7Pjg4njga/jgIEwLjAxY3Tjga7kuIrlk4Hos6rjgarjgoLjga7jgpLljrPpgbjjgZfkvb/nlKjjgZfjgb7jgZfjgZ/jgII8L3A+CiAgICAgICAgPGltZyBzcmM9Imh0dHA6Ly9pbWFnZS5yYWt1dGVuLmNvLmpwL3ZpZWFuZ2UvY2FiaW5ldC9sb3ZlcnNfc2NlbmUvbHNyL2xzcjA2MDFfMjIuanBnIiB3aWR0aD0iMjQ1IiBoZWlnaHQ9IjI0NSIgY2xhc3M9ImltZzA1IiAvPgogICAgICAgIOWkp+WIh+OBquS6uuOBqOOBruiomOW/teaXpeOChOOAgeODl+ODrOOCvOODs+ODiOOBq+acgOmBqeOBruODmuOCouODquODs+OCsCAgICAgPC9kaXY+CiAgPGRpdiBjbGFzcz0iZ29vZHNfMTMwNV8wM19yaWdodCI+CjxpbWcgc3JjPSJodHRwOi8vaW1hZ2UucmFrdXRlbi5jby5qcC92aWVhbmdlL2NhYmluZXQvbG92ZXJzX3NjZW5lL2xzci9sc3IwNjAxXzIxLmpwZyIgd2lkdGg9IjQwMCIgaGVpZ2h0PSI0MDAiIGNsYXNzPSJpbWcwNSIgLz4gICAgICAgIOWkieiJsuOBl+OBq+OBj+OBj+e+juOBl+OBhOi8neOBj+OCkuaUvuOBpOOAgeODlOODs+OCr+OCtOODvOODq+ODieOBqOODm+ODr+OCpOODiOOCtOODvOODq+ODieOBruODmuOCouODquODs+OCsCAgICAgPC9kaXY+CiAgPC9kaXY+CiAgCiAgPGltZyBzcmM9Imh0dHA6Ly9pbWFnZS5yYWt1dGVuLmNvLmpwL3ZpZWFuZ2UvY2FiaW5ldC9sb3ZlcnNfc2NlbmUvbHNyL2xzcjA2MDFfMjYuanBnIiB3aWR0aD0iNjYwIiBoZWlnaHQ9IjM2NyIgY2xhc3M9ImltZzYwIiAvPgogIAogIAogPCEtLeKWvOKWvOKWvOOCq+ODqeODvOODkOODquOCqOODvOOCt+ODp+ODs+KWvOKWvOKWvC0tPiAKICAKICA8aW1nIHNyYz0iaHR0cDovL2ltYWdlLnJha3V0ZW4uY28uanAvdmllYW5nZS9jYWJpbmV0L2xvdmVyc19hbmRfcmluZy9sb3ZlcnNyaW5nX2ltYWdlL2xyX3RpdGxlX2NvbG9yLmpwZyIgd2lkdGg9IjY2MCIgaGVpZ2h0PSIxNDUi44CAYWx0PSLjgqvjg6njg7zjg5Djg6rjgqjjg7zjgrfjg6fjg7MiICAvPgogIAogPHRhYmxlIGJvcmRlcj0iMCIgd2lkdGg9IjY2MHB4Ij4KIDx0cj48dGQ+CiA8aW1nIHNyYz0iaHR0cDovL2ltYWdlLnJha3V0ZW4uY28uanAvdmllYW5nZS9jYWJpbmV0L2xvdmVyc19hbmRfcmluZy9sb3ZlcnNyaW5nX2ltYWdlL2xyX3dnLmpwZyIgd2lkdGg9IjI1MCIgaGVpZ2h0PSIxNDAi44CAYWx0PSLjg5vjg6/jgqTjg4jjgrTjg7zjg6vjg4kiIC8+CiA8L3RkPgogPHRkPgogPGZvbnQgc2l6ZT0iMiIgY29sb3I9IiM2OTY5NjkiPgogPGI+4peGMTDph5EvMTjph5Hjg5vjg6/jgqTjg4jjgrTjg7zjg6vjg4k8L2I+PGJyPgrjg5fjg6njg4Hjg4rjgojjgorjgoLlronkvqHjgafnmb3jgY/ovJ3jgY/jgZPjgajjgYvjgonkurrmsJfjga7ntKDmnZDjgafjgZnjgIIK44Ot44K444Km44Og44Kz44O844OG44Kj44Oz44Kw44GM5pa944GV44KM44CB5aSJ6Imy44GX44Gr44GP44GE44GT44Go44GMCueJueW+tOOBp+OBmeOAgjwvZm9udD48L3RkPgogPC90cj4gCiA8dHI+PHRkPgogPGltZyBzcmM9Imh0dHA6Ly9pbWFnZS5yYWt1dGVuLmNvLmpwL3ZpZWFuZ2UvY2FiaW5ldC9sb3ZlcnNfYW5kX3JpbmcvbG92ZXJzcmluZ19pbWFnZS9scl9wZy5qcGciIHdpZHRoPSIyNTAiIGhlaWdodD0iMTQwIuOAgGFsdD0i44OU44Oz44Kv44K044O844Or44OJIiAvPgogPC90ZD4KIDx0ZD4KIDxmb250IHNpemU9IjIiIGNvbG9yPSIjNjk2OTY5Ij4KIDxiPuKXhjEw6YeRLzE46YeR44OU44Oz44Kv44K044O844Or44OJPC9iPjxicj4K44OU44Oz44Kv44K044O844Or44OJ44Gu5p+U44KJ44GL44GE6Lyd44GN44Gv44CB5LiK5ZOB44Gn5Y+v5oSb44KJ44GX44GPCuWEquOBl+OBhOmbsOWbsuawl+OCkua8lOWHuuOBl+OAgeWls+aAp+OBq+OBqOOBpuOCguS6uuawl+OBp+OBmeOAggrjgb7jgZ/ml6XmnKzkurrjga7ogozjgavpprTmn5Pjgb/jgoTjgZnjgYTjgajjgYTjgo/jgozjgabjgYrjgorjgIEK44OV44Kh44OD44K344On44Oz5oCn44KC6auY44GP44CB44Kz44O844OH44Kj44ON44O844OI44GX44KE44GZ44GE44Kr44Op44O844Gn44GZ44CCCjwvZm9udD48L3RkPgogPC90cj4gCiA8dHI+PHRkPgogPGltZyBzcmM9Imh0dHA6Ly9pbWFnZS5yYWt1dGVuLmNvLmpwL3ZpZWFuZ2UvY2FiaW5ldC9sb3ZlcnNfYW5kX3JpbmcvbG92ZXJzcmluZ19pbWFnZS9scl95Zy5qcGciIHdpZHRoPSIyNTAiIGhlaWdodD0iMTQwIuOAgGFsdD0i44Kk44Ko44Ot44O844K044O844Or44OJIiAvPgogPC90ZD4KIDx0ZD4KIDxmb250IHNpemU9IjIiIGNvbG9yPSIjNjk2OTY5Ij4KIDxiPuKXhjEw6YeRLzE46YeR44Kk44Ko44Ot44O844K044O844Or44OJPC9iPjxicj4K6I+v44KE44GL44Gn576O44GX44GE6Lyd44GN44GM6a2F5Yqb44Gu44Kk44Ko44Ot44O844K044O844Or44OJ44CCCuOBneOBruWtmOWcqOaEn+OBjOaJi+WFg+OCkuaYjuOCi+OBj+W9qeOCiuOBvuOBmeOAggrmrKfnsbPjgafjga/jg5bjg6njgqTjg4Djg6vjgrjjg6Xjgqjjg6rjg7zjga7ntKDmnZDjgajjgZfjgabjgoIK44Od44OU44Ol44Op44O844Gn44GZ44CCPC9mb250PjwvdGQ+CiA8L3RyPiAKIDx0cj48dGQ+CiA8aW1nIHNyYz0iaHR0cDovL2ltYWdlLnJha3V0ZW4uY28uanAvdmllYW5nZS9jYWJpbmV0L2xvdmVyc19hbmRfcmluZy9sb3ZlcnNyaW5nX2ltYWdlL2xyX3B0LmpwZyIgd2lkdGg9IjI1MCIgaGVpZ2h0PSIxNDAi44CAYWx0PSLjg5fjg6njg4Hjg4oiIC8+CiA8L3RkPgogPHRkPgogPGZvbnQgc2l6ZT0iMiIgY29sb3I9IiM2OTY5NjkiPgogPGI+4peG44OX44Op44OB44OKOTUwPC9iPjxicj4K44OX44Op44OB44OK44Gv5aSp54S244Gu55m944GE6Lyd44GN44KS5oyB44Gh44CB6ICQ5LmF5oCn44Gr5YSq44KM44Gf5biM5bCR5L6h5YCk44GuCumrmOOBhOe0oOadkOOBp+OBmeOAguWkieiJsuOBl+OBq+OBj+OBj+OAgeOBneOBrue+juOBl+OBhOeZveOBhOi8neOBjeOBjArjgYTjgaTjgb7jgafjgoLlpLHjgo/jgozjgarjgYTjgZPjgajjgYvjgonjgIHjgIzmsLjpgaDjga7mhJvjgI3jgpLntITmnZ/jgZnjgosK57WQ5ama5oyH6Lyq44Gr44KC5aSa44GP5L2/55So44GV44KM44Gm44GE44G+44GZ44CCPC9mb250PjwvdGQ+CiA8L3RyPiAKICA8L3RhYmxlPgogIAogIDxicj48YnI+CiAgCiAgPGRpdiBjbGFzcz0iZ29vZHNfMTMwNV8wNiI+CiAgPHA+44GU5rOo5paH56K66KqN5b6M44CB5ZWG5ZOB5Luj6YeR44Gr6L+95Yqg5paZ6YeR44KS5Yqg566X44GX44Gm44GU6KuL5rGC6YeR6aGN44KS5aSJ5pu044GV44Gb44Gm44GE44Gf44Gg44GN44G+44GZ44CCCuWKoOeul+W+jOOBruOBlOiri+axgumHkemhjeOBq+OBpOOBhOOBpuOBr+OAgeOBlOazqOaWh+eiuuiqjeW+jOOBq+OBiumAgeOCiuOBmeOCi+ODoeODvOODq+OCkuOBlOeiuuiqjemhmOOBhOOBvuOBmeOAgjxicj7jgb7jgZ/jgIHntKDmnZDjgavjgojjgorntI3mnJ/jgYznlbDjgarjgorjgb7jgZnjga7jgafjgZTms6jmhI/jgY/jgaDjgZXjgYTjgIIgPC9wPjwvZGl2PgogIAogPGJyPjxicj4KIAo8IS0t4pa84pa84pa844Oq44Oz44Kw44K144Kk44K64pa84pa84pa8LS0+IAogIAogIDxpbWcgc3JjPSJodHRwOi8vaW1hZ2UucmFrdXRlbi5jby5qcC92aWVhbmdlL2NhYmluZXQvbG92ZXJzX2FuZF9yaW5nL2xvdmVyc3JpbmdfaW1hZ2UvbHJfdGl0bGVfc2l6ZTQuanBnIiB3aWR0aD0iNjYwIiBoZWlnaHQ9Ijg5NyLjgIBhbHQ9IuODquODs+OCsOOCteOCpOOCuiIgY2xhc3M9ImltZzEwIiAvPgoKICA8IS0t4pa84pa84pa85Yi75Y2w44K144O844OT44K54pa84pa84pa8LS0+IAogIAogIDxpbWcgc3JjPSJodHRwOi8vaW1hZ2UucmFrdXRlbi5jby5qcC92aWVhbmdlL2NhYmluZXQvbG92ZXJzX2FuZF9yaW5nL2xvdmVyc3JpbmdfaW1hZ2UvbHJfdGl0bGVfa29rdWluLmpwZyIgd2lkdGg9IjY2MCIgaGVpZ2h0PSI1OCLjgIBhbHQ9IuWIu+WNsOOCteODvOODk+OCuSIgY2xhc3M9ImltZzEwIiAvPgogIAogPHAgY2xhc3M9ImltZzIwIj7jgZTluIzmnJvjga7mlrnjgavjga/jgIHjg6rjg7PjgrDjga7lhoXlgbTjgavjg6Hjg4Pjgrvjg7zjgrjjgoTjgYrlkI3liY3jgarjganjgpLnhKHmlpnjgafliLvljbAo5paH5a2X5YWl44KMKeOBleOBm+OBpuOBhOOBn+OBoOOBjeOBvuOBmeOAgjwvcD4KICAgIAogICAgPGRpdiBjbGFzcz0iY2xlYXJmaXggZ29vZHNfMTMwNV8wNSI+CiAgICAgICA8ZGl2PgogICAgICAgICA8cCBjbGFzcz0iaW1nMjUiPuKXhuabuOS9k+OBr+ODluODreODg+OCr+S9k+OBi+ethuiomOS9k+OBruOBhOOBmuOCjOOBi+OCkuOBiumBuOOBs+OBhOOBn+OBoOOBkeOBvuOBmeOAgjwvcD4KICAgICAgICAg4peG5L2144Gb44Gm5pif5bqn44Oe44O844Kv44O75LiA6YOo44Gu57W15paH5a2X44GM5Yi75Y2w5Y+v6IO944Gn44GZ44CC5L2/55So5Y+v6IO944Gq6KiY5Y+344O757W15paH5a2X44Gr6Zai44GX44G+44GX44Gm44Gv44CB5LiL6KiY44Gr5o6y56S644GV44KM44Gm44GE44G+44GZ5pu45L2T6KaL5pys44KS44GU5Y+C54Wn6aGY44GE44G+44GZ44CCCiAgICAgIDwvZGl2PgogICAgICAgPGltZyBzcmM9Imh0dHA6Ly9pbWFnZS5yYWt1dGVuLmNvLmpwL3ZpZWFuZ2UvY2FiaW5ldC9wYXJ0cy9sc3IwNjUwXzUyYS5qcGciIC8+ICA8L2Rpdj4KICAgIAogICAgPGltZyBzcmM9Imh0dHA6Ly9pbWFnZS5yYWt1dGVuLmNvLmpwL3ZpZWFuZ2UvY2FiaW5ldC9wYXJ0cy9sc3IwNjUwXzU0LmpwZyIgY2xhc3M9ImltZzA1IiAvPgogICAgCiAgPHAgc3R5bGU9ImZvbnQtc2l6ZTogMTRweDsiIGNsYXNzPSJpbWcyMCI+4oC744GT44Gh44KJ44Gu5ZWG5ZOB44Gr5YWl44KM44KJ44KM44KL5Yi75Y2w5paH5a2X5pWwPHNwYW4gc3R5bGU9ImNvbG9yOiAjRkYwMDY2Ij4yNeaWh+Wtl+OBvuOBpzwvc3Bhbj7jgafjgZnjgII8L3A+CiAgPHAgY2xhc3M9ImltZzEwIj7jgZPjga7llYblk4Hjga/jgIHjgqLjg6vjg5XjgqHjg5njg4Pjg4jlpKfmloflrZfjg7voi7HmlbDlrZflkIjjgo/jgZvjgaY8c3BhbiBzdHlsZT0iY29sb3I6ICNGRjAwNjYiPjI15paH5a2X44G+44Gn5Yi75Y2w5Y+v6IO977yI5LiA5paH5a2X57SEMC45772N772N5aSn77yJPC9zcGFuPuOBp+OBmeOAguiomOWPt+OAgeOCueODmuODvOOCueOAgeODnuODvOOCr+OBquOBqeOCgu+8keaWh+Wtl+WIhuOBqOOBl+OBpuOCq+OCpuODs+ODiOOBleOCjOOBvuOBmeOAguODnuODvOOCr+ODu+e1teaWh+Wtl+OCkuOBlOiomOWFpeOBruWgtOWQiOOBr+OAgeabuOS9k+imi+acrOOBq+iomOi8ieOBleOCjOOBpuOBhOOCi+ODnuODvOOCr+OBruS4uOeVquWPt+OCkuWIu+WNsOS9jee9ruOBq+OBlOiomOWFpemhmOOBhOOBvuOBmeOAgjwvcD4KICAKICA8YnI+PGJyPgogCiA8ZGl2IGNsYXNzPSJnb29kc18xMzA1XzA2Ij4KICA8cD7jg5fjg6vjg4Djgqbjg7Pjg6Hjg4vjg6Xjg7zjgYvjgonjgZTluIzmnJvjga7mm7jkvZPjgpLjgYrpgbjjgbPjgY/jgaDjgZXjgYTjgILms6jmlofnlLvpnaLjga7jgIzliLvljbDlr77osaHllYblk4HjgpLjgZTms6jmlofjga7mlrnjga8K44GT44Gh44KJ44Gr44GU6KiY5YWl44GP44Gg44GV44GE44CN5qyE44Gr5Yi75Y2w5YaF5a6544KS44GU6KiY5YWl44GP44Gg44GV44GE44CC5ZWG5ZOB44KSMuWAi+S7peS4iuOBiuiyt+OBhOS4iuOBkuOBruWgtOWQiOOBr+OAgQrliLvljbDlr77osaHllYblk4HjgYzliIbjgYvjgovjgojjgYbjgZTkvbXoqJjjgYrpoZjjgYToh7TjgZfjgb7jgZnjgIIK5L6L44CM44Os44OH44Kj44O844K577ya4peL4peL4peL4peL44CN44CM44Oh44Oz44K677ya4peL4peL4peL4peL44CN44Gq44GpPC9wPjwvZGl2PgoKPGJyPjxicj4KCgoKICA8IS0t4pa84pa84pa844Op44OD44OU44Oz44Kw44O744Oh44OD44K744O844K444Kr44O844OJ4pa84pa84pa8LS0+ICAgCiAgCiAgPGltZyBzcmM9Imh0dHA6Ly9pbWFnZS5yYWt1dGVuLmNvLmpwL3ZpZWFuZ2UvY2FiaW5ldC93cmFwcGluZy93cmFwcGluZ190aXRsZS5qcGciIGFsdD0i44Op44OD44OU44Oz44KwIj4KCjxicj48YnI+PGJyPgoKPHRhYmxlIGJvcmRlcj0iMCIgd2lkdGg9IjY2MHB4Ij4KPHRyPgo8dGQ+CjxpbWcgc3JjPSJodHRwOi8vaW1hZ2UucmFrdXRlbi5jby5qcC92aWVhbmdlL2NhYmluZXQvd3JhcHBpbmcvbHJfd3JhcF8wMV8xLmpwZyIgYWx0PSJMb3ZlcnMmUmluZ+OAgOmAmuW4uOODqeODg+ODlOODs+OCsCI+CjwvdGQ+Cjx0ZD4KPGltZyBzcmM9Imh0dHA6Ly9pbWFnZS5yYWt1dGVuLmNvLmpwL3ZpZWFuZ2UvY2FiaW5ldC93cmFwcGluZy9scl93cmFwXzAyLmpwZyIgYWx0PSJMb3ZlcnMmUmluZ+OAgOOCqOOCs+ODqeODg+ODlOODs+OCsCI+CjwvdGQ+Cjx0ZD4KPGEgIGhyZWY9Imh0dHA6Ly9pdGVtLnJha3V0ZW4uY28uanAvdmllYW5nZS9jLzAwMDAwMDA3ODIvIj48aW1nIHNyYz0iaHR0cDovL2ltYWdlLnJha3V0ZW4uY28uanAvdmllYW5nZS9jYWJpbmV0L3dyYXBwaW5nL2xyX3dyYXBfMDMuanBnIiBhbHQ9IkxvdmVycyZSaW5n44CA44K544Oa44K344Oj44Or44Op44OD44OU44Oz44KwIj48L2E+CjwvdGQ+CjwvdHI+CjwvdGFibGU+CjxpbWcgc3JjPSJodHRwOi8vaW1hZ2UucmFrdXRlbi5jby5qcC92aWVhbmdlL2NhYmluZXQvd3JhcHBpbmcva2lraW4uanBnIiBhbHQ9IuWkqeS9v+OBruWNteWfuumHkSI+CiAgCiAgPGEgIGhyZWY9Imh0dHA6Ly9pdGVtLnJha3V0ZW4uY28uanAvdmllYW5nZS9jLzAwMDAwMDA3OTEvIj4KPGltZyBzcmM9Imh0dHA6Ly9pbWFnZS5yYWt1dGVuLmNvLmpwL3ZpZWFuZ2UvY2FiaW5ldC93cmFwcGluZy9sc19jYXJkLmpwZyIgYWx0PSLjg6Hjg4Pjgrvjg7zjgrjjgqvjg7zjg4kiPjwvYT4KCgogPCEtLeKWvOKWvOKWvOODmuOCouODu+WNmOWTgeODquODs+OCr+KWvOKWvOKWvC0tPiAgIAogCiAgPGltZyBzcmM9Imh0dHA6Ly9pbWFnZS5yYWt1dGVuLmNvLmpwL3ZpZWFuZ2UvY2FiaW5ldC9sb3ZlcnNfYW5kX3JpbmcvbG92ZXJzcmluZ19pbWFnZS9scl9saW5rX21lbnMuanBnIiB3aWR0aD0iNjYwIiBoZWlnaHQ9IjU4IiBjbGFzcz0iaW1nMTAiIC8+CiAgCiAgCiA8ZGl2IGNsYXNzPSJsaW5rX3BhaXJfbWVucyI+CiAgICAgPGRpdiBjbGFzcz0idGFucGluX2xlZnQiPjxhIGhyZWY9Imh0dHA6Ly9pdGVtLnJha3V0ZW4uY28uanAvdmllYW5nZS9sc3IwNjAxZHBrLXdnLyI+PGltZyBzcmM9Imh0dHA6Ly9pbWFnZS5yYWt1dGVuLmNvLmpwL3ZpZWFuZ2UvY2FiaW5ldC9sb3ZlcnNfc2NlbmUvbHNyL2xzcjA2MDFfcGFpci5qcGciIHdpZHRoPSIyMzUiIGhlaWdodD0iMjM1IiBjbGFzcz0iaW1nMjAiIC8+PC9hPgogICAgPC9kaXY+CiAgICA8ZGl2IGNsYXNzPSJ0YW5waW5fcmlnaHQiPjxhIGhyZWY9Imh0dHA6Ly9pdGVtLnJha3V0ZW4uY28uanAvdmllYW5nZS9sc3IwNjAxd2cvIj48aW1nIHNyYz0iaHR0cDovL2ltYWdlLnJha3V0ZW4uY28uanAvdmllYW5nZS9jYWJpbmV0L2xvdmVyc19zY2VuZS9sc3IvbHNyMDYwMV8zMS5qcGciIHdpZHRoPSIyMzUiIGhlaWdodD0iMjM1IiBjbGFzcz0iaW1nMjAiIC8+PC9hPgogICAgPC9kaXY+CiAgPC9kaXY+CgoKCjxhIGhyZWY9Imh0dHA6Ly9pdGVtLnJha3V0ZW4uY28uanAvdmllYW5nZS9jLzAwMDAwMDA2NjYvIj48aW1nIHNyYz0iaHR0cDovL2ltYWdlLnJha3V0ZW4uY28uanAvdmllYW5nZS9jYWJpbmV0L2ltYWdlL21vcmVfcGFpcnJpbmcyLmpwZyIgd2lkdGg9IjY2MCIgaGVpZ2h0PSIxMjAiIGJvcmRlcj0iMCI+PC9hPjxicj48YnI+CiAgCiAgCiAgCiAgPGltZyBzcmM9Imh0dHA6Ly9pbWFnZS5yYWt1dGVuLmNvLmpwL3ZpZWFuZ2UvY2FiaW5ldC9wYXJ0cy9sc3IwNjUwXzY4LmdpZiIgY2xhc3M9ImltZzMwIiAvPgoKCjwvZGl2PjwvZGl2Pjx0YWJsZSB3aWR0aD0iMzkwIiBib3JkZXI9IjAiPgogIDx0cj4KICAgIDx0ZCB3aWR0aD0iODkiPiZuYnNwOzwvdGQ+CiAgICA8dGQgd2lkdGg9IjI5MSI+Jm5ic3A7PC90ZD4KICA8L3RyPgogIDx0cj4KICAgIDx0ZD48Zm9udCBjb2xvcj0jNjk2OTY5IHNpemU9IjIiPuKWoOOAgOe0oOadkOOAgOKWoDwvZm9udD48L3RkPgogICAgPHRkPiZuYnNwOzwvdGQ+CiAgPC90cj4KPC90YWJsZT4KPHRhYmxlIHdpZHRoPSIzOTAiIGJvcmRlcj0iMCI+CiAgPHRyPgogICAgPHRkIHdpZHRoPSI4OSI+PGRpdiBhbGlnbj0icmlnaHQiPjxmb250IGNvbG9yPSIjNjk2OTY5IiBzaXplPSIyIj7jg6zjg4fjgqPjg7zjgrnvvJo8L2ZvbnQ+PC9kaXY+PC90ZD4KICAgIDx0ZCB3aWR0aD0iMjkxIj48Zm9udCBjb2xvcj0jNjk2OTY5IHNpemU9IjIiPksxMCjjg5Tjg7Pjgq/jgrTjg7zjg6vjg4nvvIkv44OA44Kk44Ok44Oi44Oz44OJ77yIMS8xMDDvvIk8L2ZvbnQ+PC90ZD4KICA8L3RyPgogIDx0cj4KICAgIDx0ZD4mbmJzcDs8L3RkPgogICAgPHRkPiZuYnNwOzwvdGQ+CiAgPC90cj4KPC90YWJsZT4KPHRhYmxlIHdpZHRoPSIzOTAiIGJvcmRlcj0iMCI+CiAgPHRyPgogICAgPHRkPjxmb250IGNvbG9yPSM2OTY5Njkgc2l6ZT0iMiI+4pagIOWkp+OBjeOBlShtbSkg4pagPC9mb250PjwvdGQ+CiAgPC90cj4KPC90YWJsZT4KPHRhYmxlIHdpZHRoPSIzOTAiIGJvcmRlcj0iMCI+CiAgPHRyPgogICAgPHRkIHdpZHRoPSI4OSIgaGVpZ2h0PSIxNSI+Jm5ic3A7PC90ZD4KICAgIDx0ZCB3aWR0aD0iMjkxIj48Zm9udCBjb2xvcj0jNjk2OTY5IHNpemU9IjIiPuW5hee0hDEuOcOX5Y6a44G/57SEMS4wPC9mb250PjwvdGQ+CiAgPC90cj4KICA8dHI+CiAgICA8dGQ+Jm5ic3A7PC90ZD4KICAgIDx0ZD4mbmJzcDs8L3RkPgogIDwvdHI+CjwvdGFibGU+Cjx0YWJsZSB3aWR0aD0iMzkwIiBib3JkZXI9IjAiPgogIDx0cj4KICAgIDx0ZCB3aWR0aD0iODkiPjxmb250IGNvbG9yPSM2OTY5Njkgc2l6ZT0iMiI+4pag44CA6YeN6YeP44CA4pagPC9mb250PjwvdGQ+CiAgICA8dGQgd2lkdGg9IjI5MSI+Jm5ic3A7PC90ZD4KICA8L3RyPgo8L3RhYmxlPgo8dGFibGUgd2lkdGg9IjM5MCIgYm9yZGVyPSIwIj4KICA8dHI+CiAgICA8dGQgd2lkdGg9Ijg5Ij4mbmJzcDs8L3RkPgogICAgPHRkIHdpZHRoPSIyOTEiPjxmb250IGNvbG9yPSM2OTY5Njkgc2l6ZT0iMiI+57SEMS4yZzwvZm9udD48L3RkPgogIDwvdHI+CiAgPHRyPgogICAgPHRkPiZuYnNwOzwvdGQ+CiAgICA8dGQ+PGZvbnQgY29sb3I9IiMwMDk5RkYiIHNpemU9IjEiPuKAu+Wkp+OBjeOBleODu+mHjeOBleOBq+OBr+WkmuWwkeOBruWAi+S9k+W3ruOBjOeUn+OBmOOBvuOBmTwvZm9udD48L3RkPgogIDwvdHI+CjwvdGFibGU+Cjx0YWJsZSB3aWR0aD0iMzkwIiBib3JkZXI9IjAiPgogIDx0cj4KICAgIDx0ZCB3aWR0aD0iODgiIGhlaWdodD0iMTUiPjxmb250IGNvbG9yPSM2OTY5Njkgc2l6ZT0iMiI+4pag6KaP5a6a44K144Kk44K64pagPC9mb250PjwvdGQ+CiAgICA8dGQgd2lkdGg9IjI5MiI+Jm5ic3A7PC90ZD4KICA8L3RyPgo8L3RhYmxlPgo8dGFibGUgd2lkdGg9IjM5MCIgYm9yZGVyPSIwIj4KICA8dHI+CiAgICA8dGQgd2lkdGg9Ijg5IiBoZWlnaHQ9IjUxIj4mbmJzcDs8L3RkPgogICAgPHRkIHdpZHRoPSIyOTEiPjxmb250IGNvbG9yPSM2OTY5Njkgc2l6ZT0iMiI+NeWPt+OBi+OCiTIz5Y+344G+44GnPGJyPgrigLsyNOWPt+S7peS4iuOBruOCteOCpOOCuuOBr+WIpemAlOaWmemHkeOBjOeZuueUn+OBhOOBn+OBl+OBvuOBmeOAguOBvuOBn+OAgee0jeacn+OBjDHpgLHplpPjgbvjganplbfjgY/jgarjgorjgb7jgZnjgII8YnI+Cjxicj4K4oC7NOWPt+S7peS4i+OBruOCteOCpOOCuuOBruWgtOWQiOOAgei/veWKoOaWmemHkeOBr+eZuueUn+OBhOOBn+OBl+OBvuOBm+OCk+OBjOOAgTxmb250IGNvbG9yPSIjMDA5OUZGIj7ntI3mnJ/jgYwx6YCx6ZaT77yIN+WWtualreaXpe+8ieOBu+OBqeWKoOeul+OBleOCjOOBvuOBmTwvZm9udD7jgII8YnI+PGJyPgril4bopo/lrprlpJbjgrXjgqTjgrrjga7jgqrjg7zjg4Djg7zmlrnms5Xil4Y8YnI+Cjxicj4K44K144Kk44K644Gu44OX44Or44OA44Km44Oz44Oh44OL44Ol44O844KI44KK77yc5LiK6KiY5Lul5aSW77ye44KS44GU6YG45oqe5LiL44GV44GE44CC5rOo5paH55S76Z2i44Gu6YCa5L+h5qyE44Gr44GU5biM5pyb44Gu44K144Kk44K644KS44GU5piO6KiY44GP44Gg44GV44GE44CC5b2T5pa544Gr44Gm5beu6aGN44KS566X5Ye644Gu44GG44GI44CB44GK5a6i5qeY44Gr44GU6YCj57Wh44GE44Gf44GX44G+44GZ44CC44GK5a6i5qeY44Gu44GU5LqG5om/44KS44GE44Gf44Gg44GE44Gf5pmC54K544Gn44CB5b2T5pa544Gr44Gm6L+95Yqg5paZ6YeR44KS5Yqg566X44GX44Gm44CB44GU6KuL5rGC57eP6aGN44KS5aSJ5pu044GV44Gb44Gm44GE44Gf44Gg44GN44G+44GZ44CCCjwvZm9udD48L3RkPgogIDwvdHI+CiAgPHRyPgogICAgPHRkPiZuYnNwOzwvdGQ+CiAgICA8dGQ+Jm5ic3A7PC90ZD4KICA8L3RyPgo8L3RhYmxlPgoKPHRhYmxlIHdpZHRoPSIzOTAiIGJvcmRlcj0iMCI+CiAgPHRyPgogICAgPHRkIHdpZHRoPSIyMTEiPjxmb250IGNvbG9yPSM2OTY5Njkgc2l6ZT0iMiI+4pagIOijj+efs+WFpeOCjOOCquODl+OCt+ODp+ODs+KWoDwvZm9udD48L3RkPgogICAgPHRkIHdpZHRoPSIxNjkiPiZuYnNwOzwvdGQ+CiAgPC90cj4KPC90YWJsZT4KPHRhYmxlIHdpZHRoPSIzOTAiIGJvcmRlcj0iMCI+CiAgPHRyPgogICAgPHRkIHdpZHRoPSI4OSI+Jm5ic3A7PC90ZD4KICAgIDx0ZCB3aWR0aD0iMjkxIj48Zm9udCBjb2xvcj0jNjk2OTY5IHNpemU9IjIiPuWvvuW/nOS4jeWPrzwvZm9udD48L3RkPgogIDwvdHI+CiAgPHRyPgogICAgPHRkPiZuYnNwOzwvdGQ+CiAgICA8dGQ+Jm5ic3A7PC90ZD4KICA8L3RyPgo8L3RhYmxlPjwhLS3ilrzilrwg5bem5biv44Oq44Oz44Kv44GC44KKIOKWvOKWvC0tPgoKPGRpdiBpZD0iaGlkYXJpLW9iaSI+Cgo8c3R5bGU+CiNoaWRhcmktb2JpIHsKcG9zaXRpb246IGFic29sdXRlOwp0b3A6MHB4OwpsZWZ0OjEwcHg7CmJhY2tncm91bmQ6IHVybCgiaHR0cHM6Ly9pbWFnZS5yYWt1dGVuLmNvLmpwL3ZpZWFuZ2UvY2FiaW5ldC9jYW1wYWlnbi9zY2Jucl8wNTE1LmpwZyIpIHJlcGVhdC15IGxlZnQgdG9wIDsKfQojaGlkYXJpLW9iaSBhIHsKZGlzcGxheTogYmxvY2s7CmhlaWdodDo5MzAwcHg7Lyrjg5rjg7zjgrjlhajkvZPjga7pq5jjgZUqLwp3aWR0aDogMTQwcHg7LyrluK/jga7luYUqLwp9Cjwvc3R5bGU+Cgo8L2Rpdj4KCgoKPCEtLeKWvOKWvCDlt6bluK/jg6rjg7Pjgq/jgarjgZcg4pa84pa8LS0+CgoKCgo8IS0t4pa84pa8IOW3puW4r+ODquODs+OCr+OBquOBlyDilrzilrwtLT4KCjwhLS0KPHN0eWxlIHR5cGU9InRleHQvY3NzIj4KYm9keXsKYmFja2dyb3VuZC1pbWFnZTogdXJsKCJodHRwOi8vaW1hZ2UucmFrdXRlbi5jby5qcC92aWVhbmdlL2NhYmluZXQvY2FtcGFpZ24vYm5yXzEwMTIuanBnIik7CmJhY2tncm91bmQtcmVwZWF0OiByZXBlYXQteTsKYmFja2dyb3VuZC1hdHRhY2htZW50OiBzY3JvbGw7CmJhY2tncm91bmQtcG9zaXRpb246bGVmdAp9Cjwvc3R5bGU+Ci0tPgoKCgoKPHN0eWxlIHR5cGU9InRleHQvY3NzIj4KCi8qIOOBiuawl+OBq+WFpeOCiuWVhuWTgSAqLwoKI3Jha3V0ZW5MaW1pdGVkSWRfYXJvdW5kQ2FydCAjc2VydmljZVRhYmxlU21sIHRkLmZhdm9yaXRlIHsKCnBhZGRpbmctdG9wOiA1cHg7Cgp9CgojcmFrdXRlbkxpbWl0ZWRJZF9hcm91bmRDYXJ0IGRpdi5ib29rbWFya0FyZWEgZGl2LmJrbSB7Cgp3aWR0aDogMjkxcHggIWltcG9ydGFudDsKCmhlaWdodDozM3B4ICFpbXBvcnRhbnQ7CgpwYWRkaW5nOiAwcHggMHB4IDEwcHggMHB4ICFpbXBvcnRhbnQ7Cgp9CgojcmFrdXRlbkxpbWl0ZWRJZF9hcm91bmRDYXJ0IGRpdi5ib29rbWFya0FyZWEgZGl2LmJrbSBhLmFkZEJrbSB7Cgp3aWR0aDogMjkxcHggIWltcG9ydGFudDsKCmhlaWdodDozM3B4ICFpbXBvcnRhbnQ7Cgp9CgojcmFrdXRlbkxpbWl0ZWRJZF9hcm91bmRDYXJ0IGRpdi5ib29rbWFya0FyZWEgZGl2LmJrbSBhLmFkZEJrbSBzcGFuLmJrbVN0YXIgewoKZGlzcGxheTogaW5saW5lLWJsb2NrICFpbXBvcnRhbnQ7Cgp3aWR0aDogMjkxcHggIWltcG9ydGFudDsKCmhlaWdodDozM3B4ICFpbXBvcnRhbnQ7CgptYXJnaW46MHB4IDBweCAxMHB4IDBweCAhaW1wb3J0YW50OwoKYmFja2dyb3VuZDogdXJsKCJodHRwOi8vaW1hZ2UucmFrdXRlbi5jby5qcC92aWVhbmdlL2NhYmluZXQvYm5yX2Zhdml0ZW0uanBnIikgbm8tcmVwZWF0ICFpbXBvcnRhbnQ7Cgp9CgogCgovKiDjgYrmsJfjgavlhaXjgorjgrfjg6fjg4Pjg5cgKi8KCmRpdi5ib29rbWFya0FyZWEgewoKd2lkdGg6IDI5MXB4ICFpbXBvcnRhbnQ7Cgp9CgojcmFrdXRlbkxpbWl0ZWRJZF9hcm91bmRDYXJ0IGRpdi5zaG9wQm9va21hcmtBcmVhIGRpdi5zaG9wQmttIHsKCndpZHRoOiAyOTFweCAhaW1wb3J0YW50OwoKaGVpZ2h0OjMzcHggIWltcG9ydGFudDsKCnBhZGRpbmc6IDBweCAwcHggIWltcG9ydGFudDsKCnBhZGRpbmctbGVmdDogMHB4ICFpbXBvcnRhbnQ7Cgp9CgojcmFrdXRlbkxpbWl0ZWRJZF9hcm91bmRDYXJ0IGRpdi5zaG9wQm9va21hcmtBcmVhIGRpdi5zaG9wQmttIGEuYWRkU2hvcEJrbSBzcGFuLnNob3BCa21TdGFyIHsKCmRpc3BsYXk6IGlubGluZS1ibG9jayAhaW1wb3J0YW50OwoKd2lkdGg6IDI5MXB4ICFpbXBvcnRhbnQ7CgpoZWlnaHQ6MzNweCAhaW1wb3J0YW50OwoKbWFyZ2luLXJpZ2h0OiAwcHggIWltcG9ydGFudDsKCmJhY2tncm91bmQ6IHVybCgiaHR0cDovL2ltYWdlLnJha3V0ZW4uY28uanAvdmllYW5nZS9jYWJpbmV0L2Jucl9mYXZzaG9wLmpwZyIpIG5vLXJlcGVhdCAhaW1wb3J0YW50OwoKfQo8L3N0eWxlPgoKCgoKPGRpdiBpZD0icHJlc2VudF9iYXNlIiBjbGFzcz0iY2xlYXJmaXgiPgogICA8ZGl2IGNsYXNzPSJwcmVzZW50X2ltZyI+PGltZyBzcmM9Imh0dHA6Ly9pbWFnZS5yYWt1dGVuLmNvLmpwL3ZpZWFuZ2UvY2FiaW5ldC90bWcvZm9vdF9wcmUwMS5naWYiIGFsdD0i5aSn5YiH44Gq44GC44Gu5Lq644Gr57Sg5pW144Gq44OX44Os44K844Oz44OIIiB3aWR0aD0iMTk5IiBoZWlnaHQ9IjI5NSIgLz48L2Rpdj4KICAgPGRpdiBjbGFzcz0icHJlc2VudF90eHQiPjxwPuW9k+W6l+OBr+OAgeS6uuawl+OCouOCr+OCu+OCteODquODvOODluODqeODs+ODieOAjOWkqeS9v+OBruWNteOAjeOChOOAjOacquadpeWkqeS9v+OAjeOCkuOBr+OBmOOCgeOAgeiqleeUn+efs+OBruODmuODs+ODgOODs+ODiOOChOODquODs+OCsOOBquOBqeOAgeODl+ODrOOCvOODs+ODiOOBq+ODlOODg+OCv+ODquOBquOCouOCr+OCu+OCteODquODvOOCkuWPluaJseOBhumAmuiyqeOCt+ODp+ODg+ODl+OBp+OBmeOAgjwvcD48YnIgLz4K44CM5YSq44GX44GE5YWJ44Gr44Gk44Gk44G+44KM44KL5rC46YGg44Gu5ZG944CN44KS6KGo54++44GX44Gf44Kz44Oz44K744OX44OI44K444Ol44Ko44Oq44O844CM5pyq5p2l5aSp5L2/44CN44Gv5pyq5p2l44Gr5ZCR44GR44Gm6Lyd44GR44KL5ZG944Gu44GZ44Gw44KJ44GX44GV44KS5aSa5b2p44Gq44OG44O844Oe44O744OH44K244Kk44Oz44Gn6KGo54++44GX44Gm44GE44G+44GZ44CCPGJyIC8+CuOBneOCk+OBquacquadpeWkqeS9v+OBi+OCieOBruODl+ODrOOCvOODs+ODiOOBqOOBhOOBhuOCs+ODs+OCu+ODl+ODiOOBp+S9nOOCieOCjOOBn+OAjOWkqeS9v+OBruWNteOAjeOBr+OAgeOAjOiqleeUn+OBruWWnOOBs+OAjeOChOOAjOeUn+OBjeOCi+OBk+OBqOOBruaEn+WLleOBqOiznuizm+OAjeOCkuODhuODvOODnuOBqOOBl+OBpuWJteOCieOCjOOAgeWNteOBqOe+veOBruODkOODqeODs+OCueOBruiJr+OBhOOChOOBleOBl+OBhOODh+OCtuOCpOODs+OBjOaEm+OBleOCjOOBpuOBhOOCi+ODreODs+OCsOOCu+ODqeODvOOBruS6uuawl+OCouOCr+OCu+OCteODquODvOOBp+OBmeOAguaYr+mdnuOAgeWkp+WIh+OBquS6uuOBuOOBruODl+ODrOOCvOODs+ODiOetieOBq+OCguOBlOa0u+eUqOS4i+OBleOBhO+8gTwvZGl2Pgo8L2Rpdj4KCgoKCgo8IS0t4pa84pa84pa844Os44OT44Ol44O844O75rOo5paH54q25rOB4pa84pa84pa8LS0+ICAgCgogICAgICAgICAgICA8aDI+PGltZyBzcmM9Imh0dHA6Ly93d3cucmFrdXRlbi5uZS5qcC9nb2xkL3ZpZWFuZ2UvaW1nL3RpdGxlXzA2LmpwZyIgYWx0PSLjg6zjg5Pjg6Xjg7wiIHdpZHRoPSI2ODgiIGhlaWdodD0iNzAiIC8+PC9oMj4KICAgICAgICAgICAgPGJyPjxicj4KICAKCSAgPGJyPiA8YnI+IDxicj4gCiAgICAgICAgICAgICAgICAgIDxoMj48aW1nIHNyYz0iaHR0cDovL3d3dy5yYWt1dGVuLm5lLmpwL2dvbGQvdmllYW5nZS9pbWcvdGl0bGVfMDcuanBnIiBhbHQ9IuazqOaWh+eKtuazgSIgd2lkdGg9IjY4OCIgaGVpZ2h0PSI3MCIgLz48L2gyPgogICAgICAgICAgICAgICAgICAgICAgICAgICAgICA8YnI+IDxicj4gCjxicj4gPGJyPiA8YnI+,44CQ5Yi75Y2w54Sh5paZ44CR4peGTG92ZXJzICZhbXA7IFJpbmcg44Op44OQ44O844K644Oq44Oz44Kw4peGSzEw44OU44Oz44Kv44K044O844Or44OJ44Oq44Oz44KwKOODrOODh+OCo+ODvOOCuSnjgJBMU1IwNjAxRFBL44CR44CQSzEwIOODlOODs+OCr+OCtOODvOODq+ODiSDjg6rjg7PjgrAg44Oa44Ki44Oq44Oz44KwIOODmuOCoiDjg6zjg4fjgqPjg7zjgrkg5oyH6LyqIOODqeODluODquODs+OCsCDjg4DjgqTjg6Tjg6Ljg7Pjg4kg44OX44Os44K844Oz44OIIOOCouOCr+OCu+OCteODquODvCDjgrjjg6Xjgqjjg6rjg7wg5aa7IOWIu+WNsOOAkeavjeOBruaXpSDjgrfjg7Pjg5fjg6vvvJrlpKnkvb/jga7ljbUgd2l0aCBMT1ZFUlMgU0NFTkU=,5aSp5L2/44Gu5Y215pyq5p2l5aSp5L2/44K544Oa44O844K544Kv44Oq44Ko44O844K/44O844K444Ol44Ko44Oq44O844K344Or44OQ44O844Ki44Kv44K744K144Oq44O844OU44Oz44Kv44K344Or44OQ44O844ON44OD44Kv44Os44K555u05Za25bqX44Kv44Oq44K544Oe44K56ZmQ5a6a44Oa44Oz44OA44Oz44OI5oyH6Lyq44OU44Ki44K544OX44Os44K844Oz44OI44OZ44OT44O844K544OX44O844Oz44Os44OH44Kj44O844K544Op44OQ44O844K644K344O844Oz57WQ5ama5oyH6Lyq44Oa44Ki44Oq44Oz44Kw6KqV55Sf55+z44CQ5Yi75Y2w54Sh5paZ44CR4peGTG92ZXJzICZhbXA7IFJpbmcg44Op44OQ44O844K644Oq44Oz44Kw4peGSzEw44OU44Oz44Kv44K044O844Or44OJ44Oq44Oz44KwKOODrOODh+OCo+ODvOOCuSnjgJBMU1IwNjAxRFBL44CR44CQSzEwIOODlOODs+OCr+OCtOODvOODq+ODiSDjg6rjg7PjgrAg44Oa44Ki44Oq44Oz44KwIOODmuOCoiDjg6zjg4fjgqPjg7zjgrkg5oyH6LyqIOODqeODluODquODs+OCsCDjg4DjgqTjg6Tjg6Ljg7Pjg4kg44OX44Os44K844Oz44OIIOOCouOCr+OCu+OCteODquODvCDjgrjjg6Xjgqjjg6rjg7wg5aa7IOWIu+WNsOOAkeavjeOBruaXpSDjgrfjg7Pjg5fjg6s=,5b+D44Go5b+D44KS44Gk44Gq44GQ44Oa44Ki44Oq44Oz44Kw44O744O744O7IOmAgeaWmeeEoeaWmeOAguOAkOWIu+WNsOeEoeaWmeOAkeKXhkxvdmVycyAmYW1wOyBSaW5nIOODqeODkOODvOOCuuODquODs+OCsOKXhksxMOODlOODs+OCr+OCtOODvOODq+ODieODquODs+OCsCjjg6zjg4fjgqPjg7zjgrkp44CQTFNSMDYwMURQS+OAkeOAkEsxMCDjg5Tjg7Pjgq/jgrTjg7zjg6vjg4kg44Oq44Oz44KwIOODmuOCouODquODs+OCsCDjg5rjgqIg44Os44OH44Kj44O844K5IOaMh+i8qiDjg6njg5bjg6rjg7PjgrAg44OA44Kk44Ok44Oi44Oz44OJIOODl+ODrOOCvOODs+ODiCDjgqLjgq/jgrvjgrXjg6rjg7wg44K444Ol44Ko44Oq44O8IOWmuyDliLvljbDjgJHmr43jga7ml6Ug44K344Oz44OX44Or[rn]
39-1045,aHR0cDovL3RzaG9wLnIxMHMuanAvdmllYW5nZS9jYWJpbmV0L2xvdmVyc19hbmRfcmluZy9sc3IwNjA4cGsuanBnP2ZpdGluPTcwMDo3MDA=,MTM4MjQuMDAwMA==,,44K444Ol44Ko44Oq44O844O744Ki44Kv44K744K144Oq44O8ID4g44Os44OH44Kj44O844K544K444Ol44Ko44Oq44O844O744Ki44Kv44K744K144Oq44O8ID4g5oyH6Lyq44O744Oq44Oz44Kw,44CQ5Y+X5rOo55Sf55Sj44CR44CQ5Yi75Y2w54Sh5paZ44CR4peGTG92ZXJzICYgUmluZyDjg6njg5Djg7zjgrrjg6rjg7PjgrDil4ZLMTDjg5Tjg7Pjgq/jgrTjg7zjg6vjg4njg6rjg7PjgrAo44Os44OH44Kj44O844K5KeOAkExTUjA2MDhQS+OAkeOAkEsxMCDjg5Tjg7Pjgq/jgrTjg7zjg6vjg4kg44Oq44Oz44KwIOODmuOCouODquODs+OCsCDjg5rjgqIg44Os44OH44Kj44O844K5IOaMh+i8qiDjg6njg5bjg6rjg7PjgrAg44OX44Os44K844Oz44OIIOOCouOCr+OCu+OCteODquODvCDjgqLjgq/jgrsg44K444Ol44Ko44Oq44O8IOWmuyAg5Yi75Y2w44CR5q+N44Gu5pelIOOCt+ODs+ODl+ODqw==,44CQ5Y+X5rOo55Sf55Sj44CR44Oq44Oz44Kw44Op44Kk44Oz44GM576O44GX44GE44OU44Oz44Kv44K044O844Or44OJ44Oq44Oz44Kw,PGNlbnRlcj48YSBocmVmPSJodHRwczovL215LmJvb2ttYXJrLnJha3V0ZW4uY28uanAvP2Z1bmM9cmVnJnN2aWQ9MTAxJnNob3BfYmlkPTIwMzk0NyZpaWQ9MTAwMDExNzAmaXR5cGU9MSB0YXJnZXQ9X2JsYW5rIj48aW1nIHNyYz0iaHR0cDovL2ltYWdlLnJha3V0ZW4uY28uanAvdmllYW5nZS9jYWJpbmV0L3BfYm5yX2Zhdml0ZW0uanBnIiBib3JkZXI9IjAiIHdpZHRoPSI2NjAiIGhlaWdodD0iMTMwIj48L2E+PC9jZW50ZXI+PGJyPjxicj48aW1nIHNyYz0iaHR0cDovL2ltYWdlLnJha3V0ZW4uY28uanAvdmllYW5nZS9jYWJpbmV0L2NhbXBhaWduL2xyX3JpbmdfcGNfdG9rdXRlbi5qcGciYWx0PSJMb3ZlcnMmUmluZyDjgq3jg6Pjg7Pjg5rjg7zjg7MiPjxicj48YnI+Cgo8ZGl2IGNsYXNzPSJjYV8wMSI+Cgo8ZGl2IGlkPSJkZXRhaWxfYmFzZTIiPgogCjxpbWcgc3JjPSJodHRwOi8vaW1hZ2UucmFrdXRlbi5jby5qcC92aWVhbmdlL2NhYmluZXQvbG92ZXJzX2FuZF9yaW5nL2xvdmVyc3JpbmdfaW1hZ2UvbHNyMDYwOF9pbWFnZS5qcGciIHdpZHRoPSI2NjAiIGhlaWdodD0iNDAwIiAvPgo8YnIgLz48YnIgLz4KCjxpbWcgc3JjPSJodHRwOi8vaW1hZ2UucmFrdXRlbi5jby5qcC92aWVhbmdlL2NhYmluZXQvbG92ZXJzX2FuZF9yaW5nL2xvdmVyc3JpbmdfaW1hZ2UvbHNyMDYwOF9pbWFnZTIuanBnIiB3aWR0aD0iNjYwIiBoZWlnaHQ9IjEwOTAiIC8+CjxiciAvPjxiciAvPgo8L2Rpdj4KCiA8IS0t4pa84pa84pa844Kr44Op44O844OQ44Oq44Ko44O844K344On44Oz4pa84pa84pa8LS0+IAogIAogIDxpbWcgc3JjPSJodHRwOi8vaW1hZ2UucmFrdXRlbi5jby5qcC92aWVhbmdlL2NhYmluZXQvbG92ZXJzX2FuZF9yaW5nL2xvdmVyc3JpbmdfaW1hZ2UvbHJfdGl0bGVfY29sb3IuanBnIiB3aWR0aD0iNjYwIiBoZWlnaHQ9IjE0NSLjgIBhbHQ9IuOCq+ODqeODvOODkOODquOCqOODvOOCt+ODp+ODsyIgIC8+CiAgCiA8dGFibGUgYm9yZGVyPSIwIiB3aWR0aD0iNjYwcHgiPgogPHRyPjx0ZD4KIDxpbWcgc3JjPSJodHRwOi8vaW1hZ2UucmFrdXRlbi5jby5qcC92aWVhbmdlL2NhYmluZXQvbG92ZXJzX2FuZF9yaW5nL2xvdmVyc3JpbmdfaW1hZ2UvbHJfd2cuanBnIiB3aWR0aD0iMjUwIiBoZWlnaHQ9IjE0MCLjgIBhbHQ9IuODm+ODr+OCpOODiOOCtOODvOODq+ODiSIgLz4KIDwvdGQ+CiA8dGQ+CiA8Zm9udCBzaXplPSIyIiBjb2xvcj0iIzY5Njk2OSI+CiA8Yj7il4YxMOmHkS8xOOmHkeODm+ODr+OCpOODiOOCtOODvOODq+ODiTwvYj48YnI+CuODl+ODqeODgeODiuOCiOOCiuOCguWuieS+oeOBp+eZveOBj+i8neOBj+OBk+OBqOOBi+OCieS6uuawl+OBrue0oOadkOOBp+OBmeOAggrjg63jgrjjgqbjg6DjgrPjg7zjg4bjgqPjg7PjgrDjgYzmlr3jgZXjgozjgIHlpInoibLjgZfjgavjgY/jgYTjgZPjgajjgYwK54m55b6044Gn44GZ44CCPC9mb250PjwvdGQ+CiA8L3RyPiAKIDx0cj48dGQ+CiA8aW1nIHNyYz0iaHR0cDovL2ltYWdlLnJha3V0ZW4uY28uanAvdmllYW5nZS9jYWJpbmV0L2xvdmVyc19hbmRfcmluZy9sb3ZlcnNyaW5nX2ltYWdlL2xyX3BnLmpwZyIgd2lkdGg9IjI1MCIgaGVpZ2h0PSIxNDAi44CAYWx0PSLjg5Tjg7Pjgq/jgrTjg7zjg6vjg4kiIC8+CiA8L3RkPgogPHRkPgogPGZvbnQgc2l6ZT0iMiIgY29sb3I9IiM2OTY5NjkiPgogPGI+4peGMTDph5EvMTjph5Hjg5Tjg7Pjgq/jgrTjg7zjg6vjg4k8L2I+PGJyPgrjg5Tjg7Pjgq/jgrTjg7zjg6vjg4njga7mn5TjgonjgYvjgYTovJ3jgY3jga/jgIHkuIrlk4Hjgaflj6/mhJvjgonjgZfjgY8K5YSq44GX44GE6Zuw5Zuy5rCX44KS5ryU5Ye644GX44CB5aWz5oCn44Gr44Go44Gm44KC5Lq65rCX44Gn44GZ44CCCuOBvuOBn+aXpeacrOS6uuOBruiCjOOBq+mmtOafk+OBv+OChOOBmeOBhOOBqOOBhOOCj+OCjOOBpuOBiuOCiuOAgQrjg5XjgqHjg4Pjgrfjg6fjg7PmgKfjgoLpq5jjgY/jgIHjgrPjg7zjg4fjgqPjg43jg7zjg4jjgZfjgoTjgZnjgYTjgqvjg6njg7zjgafjgZnjgIIKPC9mb250PjwvdGQ+CiA8L3RyPiAKIDx0cj48dGQ+CiA8aW1nIHNyYz0iaHR0cDovL2ltYWdlLnJha3V0ZW4uY28uanAvdmllYW5nZS9jYWJpbmV0L2xvdmVyc19hbmRfcmluZy9sb3ZlcnNyaW5nX2ltYWdlL2xyX3lnLmpwZyIgd2lkdGg9IjI1MCIgaGVpZ2h0PSIxNDAi44CAYWx0PSLjgqTjgqjjg63jg7zjgrTjg7zjg6vjg4kiIC8+CiA8L3RkPgogPHRkPgogPGZvbnQgc2l6ZT0iMiIgY29sb3I9IiM2OTY5NjkiPgogPGI+4peGMTDph5EvMTjph5HjgqTjgqjjg63jg7zjgrTjg7zjg6vjg4k8L2I+PGJyPgroj6/jgoTjgYvjgafnvo7jgZfjgYTovJ3jgY3jgYzprYXlipvjga7jgqTjgqjjg63jg7zjgrTjg7zjg6vjg4njgIIK44Gd44Gu5a2Y5Zyo5oSf44GM5omL5YWD44KS5piO44KL44GP5b2p44KK44G+44GZ44CCCuasp+exs+OBp+OBr+ODluODqeOCpOODgOODq+OCuOODpeOCqOODquODvOOBrue0oOadkOOBqOOBl+OBpuOCggrjg53jg5Tjg6Xjg6njg7zjgafjgZnjgII8L2ZvbnQ+PC90ZD4KIDwvdHI+IAogPHRyPjx0ZD4KIDxpbWcgc3JjPSJodHRwOi8vaW1hZ2UucmFrdXRlbi5jby5qcC92aWVhbmdlL2NhYmluZXQvbG92ZXJzX2FuZF9yaW5nL2xvdmVyc3JpbmdfaW1hZ2UvbHJfcHQuanBnIiB3aWR0aD0iMjUwIiBoZWlnaHQ9IjE0MCLjgIBhbHQ9IuODl+ODqeODgeODiiIgLz4KIDwvdGQ+CiA8dGQ+CiA8Zm9udCBzaXplPSIyIiBjb2xvcj0iIzY5Njk2OSI+CiA8Yj7il4bjg5fjg6njg4Hjg4o5NTA8L2I+PGJyPgrjg5fjg6njg4Hjg4rjga/lpKnnhLbjga7nmb3jgYTovJ3jgY3jgpLmjIHjgaHjgIHogJDkuYXmgKfjgavlhKrjgozjgZ/luIzlsJHkvqHlgKTjga4K6auY44GE57Sg5p2Q44Gn44GZ44CC5aSJ6Imy44GX44Gr44GP44GP44CB44Gd44Gu576O44GX44GE55m944GE6Lyd44GN44GMCuOBhOOBpOOBvuOBp+OCguWkseOCj+OCjOOBquOBhOOBk+OBqOOBi+OCieOAgeOAjOawuOmBoOOBruaEm+OAjeOCkue0hOadn+OBmeOCiwrntZDlqZrmjIfovKrjgavjgoLlpJrjgY/kvb/nlKjjgZXjgozjgabjgYTjgb7jgZnjgII8L2ZvbnQ+PC90ZD4KIDwvdHI+IAogIDwvdGFibGU+CiAgCiAgPGJyPjxicj4KICAKICA8ZGl2IGNsYXNzPSJnb29kc18xMzA1XzA2Ij4KICA8cD7jgZTms6jmlofnorroqo3lvozjgIHllYblk4Hku6Pph5Hjgavov73liqDmlpnph5HjgpLliqDnrpfjgZfjgabjgZToq4vmsYLph5HpoY3jgpLlpInmm7TjgZXjgZvjgabjgYTjgZ/jgaDjgY3jgb7jgZnjgIIK5Yqg566X5b6M44Gu44GU6KuL5rGC6YeR6aGN44Gr44Gk44GE44Gm44Gv44CB44GU5rOo5paH56K66KqN5b6M44Gr44GK6YCB44KK44GZ44KL44Oh44O844Or44KS44GU56K66KqN6aGY44GE44G+44GZ44CCPGJyPuOBvuOBn+OAgee0oOadkOOBq+OCiOOCiue0jeacn+OBjOeVsOOBquOCiuOBvuOBmeOBruOBp+OBlOazqOaEj+OBj+OBoOOBleOBhOOAgiA8L3A+PC9kaXY+CiAgCiA8YnI+PGJyPgogCjwhLS3ilrzilrzilrzjg6rjg7PjgrDjgrXjgqTjgrrilrzilrzilrwtLT4gCiAgCiAgPGltZyBzcmM9Imh0dHA6Ly9pbWFnZS5yYWt1dGVuLmNvLmpwL3ZpZWFuZ2UvY2FiaW5ldC9sb3ZlcnNfYW5kX3JpbmcvbG92ZXJzcmluZ19pbWFnZS9scl90aXRsZV9zaXplNC5qcGciIHdpZHRoPSI2NjAiIGhlaWdodD0iODk3IuOAgGFsdD0i44Oq44Oz44Kw44K144Kk44K6IiBjbGFzcz0iaW1nMTAiIC8+CgogIDwhLS3ilrzilrzilrzliLvljbDjgrXjg7zjg5PjgrnilrzilrzilrwtLT4gCiAgCiAgPGltZyBzcmM9Imh0dHA6Ly9pbWFnZS5yYWt1dGVuLmNvLmpwL3ZpZWFuZ2UvY2FiaW5ldC9sb3ZlcnNfYW5kX3JpbmcvbG92ZXJzcmluZ19pbWFnZS9scl90aXRsZV9rb2t1aW4uanBnIiB3aWR0aD0iNjYwIiBoZWlnaHQ9IjU4IuOAgGFsdD0i5Yi75Y2w44K144O844OT44K5IiBjbGFzcz0iaW1nMTAiIC8+CiAgCiA8cCBjbGFzcz0iaW1nMjAiPuOBlOW4jOacm+OBruaWueOBq+OBr+OAgeODquODs+OCsOOBruWGheWBtOOBq+ODoeODg+OCu+ODvOOCuOOChOOBiuWQjeWJjeOBquOBqeOCkueEoeaWmeOBp+WIu+WNsCjmloflrZflhaXjgowp44GV44Gb44Gm44GE44Gf44Gg44GN44G+44GZ44CCPC9wPgogICAgCiAgICA8ZGl2IGNsYXNzPSJjbGVhcmZpeCBnb29kc18xMzA1XzA1Ij4KICAgICAgIDxkaXY+CiAgICAgICAgIDxwIGNsYXNzPSJpbWcyNSI+4peG5pu45L2T44Gv44OW44Ot44OD44Kv5L2T44GL562G6KiY5L2T44Gu44GE44Ga44KM44GL44KS44GK6YG444Gz44GE44Gf44Gg44GR44G+44GZ44CCPC9wPgogICAgICAgICDil4bkvbXjgZvjgabmmJ/luqfjg57jg7zjgq/jg7vkuIDpg6jjga7ntbXmloflrZfjgYzliLvljbDlj6/og73jgafjgZnjgILkvb/nlKjlj6/og73jgaroqJjlj7fjg7vntbXmloflrZfjgavplqLjgZfjgb7jgZfjgabjga/jgIHkuIvoqJjjgavmjrLnpLrjgZXjgozjgabjgYTjgb7jgZnmm7jkvZPopovmnKzjgpLjgZTlj4LnhafpoZjjgYTjgb7jgZnjgIIKICAgICAgPC9kaXY+CiAgICAgICA8aW1nIHNyYz0iaHR0cDovL2ltYWdlLnJha3V0ZW4uY28uanAvdmllYW5nZS9jYWJpbmV0L3BhcnRzL2xzcjA2NTBfNTJhLmpwZyIgLz4gIDwvZGl2PgogICAgCiAgICA8aW1nIHNyYz0iaHR0cDovL2ltYWdlLnJha3V0ZW4uY28uanAvdmllYW5nZS9jYWJpbmV0L3BhcnRzL2xzcjA2NTBfNTQuanBnIiBjbGFzcz0iaW1nMDUiIC8+CiAgICAKICA8cCBzdHlsZT0iZm9udC1zaXplOiAxNHB4OyIgY2xhc3M9ImltZzIwIj7igLvjgZPjgaHjgonjga7llYblk4HjgavlhaXjgozjgonjgozjgovliLvljbDmloflrZfmlbA8c3BhbiBzdHlsZT0iY29sb3I6ICNGRjAwNjYiPjMw5paH5a2X44G+44GnPC9zcGFuPuOBp+OBmeOAgjwvcD4KICA8cCBjbGFzcz0iaW1nMTAiPuOBk+OBruWVhuWTgeOBr+OAgeOCouODq+ODleOCoeODmeODg+ODiOWkp+aWh+Wtl+ODu+iLseaVsOWtl+WQiOOCj+OBm+OBpjxzcGFuIHN0eWxlPSJjb2xvcjogI0ZGMDA2NiI+MzDmloflrZfjgb7jgafliLvljbDlj6/og73vvIjkuIDmloflrZfntIQwLjnvvY3vvY3lpKfvvIk8L3NwYW4+44Gn44GZ44CC6KiY5Y+344CB44K544Oa44O844K544CB44Oe44O844Kv44Gq44Gp44KC77yR5paH5a2X5YiG44Go44GX44Gm44Kr44Km44Oz44OI44GV44KM44G+44GZ44CC44Oe44O844Kv44O757W15paH5a2X44KS44GU6KiY5YWl44Gu5aC05ZCI44Gv44CB5pu45L2T6KaL5pys44Gr6KiY6LyJ44GV44KM44Gm44GE44KL44Oe44O844Kv44Gu5Li455Wq5Y+344KS5Yi75Y2w5L2N572u44Gr44GU6KiY5YWl6aGY44GE44G+44GZ44CCPC9wPgogIAogIDxicj48YnI+CiAKIDxkaXYgY2xhc3M9Imdvb2RzXzEzMDVfMDYiPgogIDxwPuODl+ODq+ODgOOCpuODs+ODoeODi+ODpeODvOOBi+OCieOBlOW4jOacm+OBruabuOS9k+OCkuOBiumBuOOBs+OBj+OBoOOBleOBhOOAguazqOaWh+eUu+mdouOBruOAjOWIu+WNsOWvvuixoeWVhuWTgeOCkuOBlOazqOaWh+OBruaWueOBrwrjgZPjgaHjgonjgavjgZToqJjlhaXjgY/jgaDjgZXjgYTjgI3mrITjgavliLvljbDlhoXlrrnjgpLjgZToqJjlhaXjgY/jgaDjgZXjgYTjgILllYblk4HjgpIy5YCL5Lul5LiK44GK6LK344GE5LiK44GS44Gu5aC05ZCI44Gv44CBCuWIu+WNsOWvvuixoeWVhuWTgeOBjOWIhuOBi+OCi+OCiOOBhuOBlOS9teiomOOBiumhmOOBhOiHtOOBl+OBvuOBmeOAggrkvovjgIzjg6zjg4fjgqPjg7zjgrnvvJril4vil4vil4vil4vjgI3jgIzjg6Hjg7PjgrrvvJril4vil4vil4vil4vjgI3jgarjgak8L3A+PC9kaXY+Cgo8YnI+PGJyPgoKCgogIDwhLS3ilrzilrzilrzjg6njg4Pjg5Tjg7PjgrDjg7vjg6Hjg4Pjgrvjg7zjgrjjgqvjg7zjg4nilrzilrzilrwtLT4gICAKICAKICA8aW1nIHNyYz0iaHR0cDovL2ltYWdlLnJha3V0ZW4uY28uanAvdmllYW5nZS9jYWJpbmV0L3dyYXBwaW5nL3dyYXBwaW5nX3RpdGxlLmpwZyIgYWx0PSLjg6njg4Pjg5Tjg7PjgrAiPgoKPGJyPjxicj48YnI+Cgo8dGFibGUgYm9yZGVyPSIwIiB3aWR0aD0iNjYwcHgiPgo8dHI+Cjx0ZD4KPGltZyBzcmM9Imh0dHA6Ly9pbWFnZS5yYWt1dGVuLmNvLmpwL3ZpZWFuZ2UvY2FiaW5ldC93cmFwcGluZy9scl93cmFwXzAxXzEuanBnIiBhbHQ9IkxvdmVycyZSaW5n44CA6YCa5bi444Op44OD44OU44Oz44KwIj4KPC90ZD4KPHRkPgo8aW1nIHNyYz0iaHR0cDovL2ltYWdlLnJha3V0ZW4uY28uanAvdmllYW5nZS9jYWJpbmV0L3dyYXBwaW5nL2xyX3dyYXBfMDIuanBnIiBhbHQ9IkxvdmVycyZSaW5n44CA44Ko44Kz44Op44OD44OU44Oz44KwIj4KPC90ZD4KPHRkPgo8YSAgaHJlZj0iaHR0cDovL2l0ZW0ucmFrdXRlbi5jby5qcC92aWVhbmdlL2MvMDAwMDAwMDc4Mi8iPjxpbWcgc3JjPSJodHRwOi8vaW1hZ2UucmFrdXRlbi5jby5qcC92aWVhbmdlL2NhYmluZXQvd3JhcHBpbmcvbHJfd3JhcF8wMy5qcGciIGFsdD0iTG92ZXJzJlJpbmfjgIDjgrnjg5rjgrfjg6Pjg6vjg6njg4Pjg5Tjg7PjgrAiPjwvYT4KPC90ZD4KPC90cj4KPC90YWJsZT4KPGltZyBzcmM9Imh0dHA6Ly9pbWFnZS5yYWt1dGVuLmNvLmpwL3ZpZWFuZ2UvY2FiaW5ldC93cmFwcGluZy9raWtpbi5qcGciIGFsdD0i5aSp5L2/44Gu5Y215Z+66YeRIj4KICAKICA8YSAgaHJlZj0iaHR0cDovL2l0ZW0ucmFrdXRlbi5jby5qcC92aWVhbmdlL2MvMDAwMDAwMDc5MS8iPgo8aW1nIHNyYz0iaHR0cDovL2ltYWdlLnJha3V0ZW4uY28uanAvdmllYW5nZS9jYWJpbmV0L3dyYXBwaW5nL2xzX2NhcmQuanBnIiBhbHQ9IuODoeODg+OCu+ODvOOCuOOCq+ODvOODiSI+PC9hPgoKCiA8IS0t4pa84pa84pa844Oa44Ki44O75Y2Y5ZOB44Oq44Oz44Kv4pa84pa84pa8LS0+ICAgCiAKICA8aW1nIHNyYz0iaHR0cDovL2ltYWdlLnJha3V0ZW4uY28uanAvdmllYW5nZS9jYWJpbmV0L2xvdmVyc19hbmRfcmluZy9sb3ZlcnNyaW5nX2ltYWdlL2xyX2xpbmtfbWVucy5qcGciIHdpZHRoPSI2NjAiIGhlaWdodD0iNTgiIGNsYXNzPSJpbWcxMCIgLz4KICAKICAKIDxkaXYgY2xhc3M9ImxpbmtfcGFpcl9tZW5zIj4KICAgICA8ZGl2IGNsYXNzPSJ0YW5waW5fbGVmdCI+PGEgaHJlZj0iaHR0cDovL2l0ZW0ucmFrdXRlbi5jby5qcC92aWVhbmdlL2xzcjA2MDhway13Zy8iPgo8aW1nIHNyYz0iaHR0cDovL2ltYWdlLnJha3V0ZW4uY28uanAvdmllYW5nZS9jYWJpbmV0L2xvdmVyc19hbmRfcmluZy9sb3ZlcnNyaW5nX2ltYWdlL2xzcjA2MDhfcGFpci5qcGciIHdpZHRoPSIyMzUiIGhlaWdodD0iMjM1IiBjbGFzcz0iaW1nMjAiIC8+PC9hPiAKCiAgPC9kaXY+CgogICAgPGRpdiBjbGFzcz0idGFucGluX3JpZ2h0Ij48YSBocmVmPSIgaHR0cDovL2l0ZW0ucmFrdXRlbi5jby5qcC92aWVhbmdlL2xzcjA2MDh3Zy8iPgo8aW1nIHNyYz0iaHR0cDovL2ltYWdlLnJha3V0ZW4uY28uanAvdmllYW5nZS9jYWJpbmV0L2xvdmVyc19hbmRfcmluZy9sb3ZlcnNyaW5nX2ltYWdlL2xzcjA2MDhfdGFucGluX21lbnMuanBnIiB3aWR0aD0iMjM1IiBoZWlnaHQ9IjIzNSIgY2xhc3M9ImltZzIwIiAvPjwvYT4KICAgIDwvZGl2PgogIDwvZGl2PgoKCgo8YSBocmVmPSJodHRwOi8vaXRlbS5yYWt1dGVuLmNvLmpwL3ZpZWFuZ2UvYy8wMDAwMDAwNjY2LyI+PGltZyBzcmM9Imh0dHA6Ly9pbWFnZS5yYWt1dGVuLmNvLmpwL3ZpZWFuZ2UvY2FiaW5ldC9pbWFnZS9tb3JlX3BhaXJyaW5nMi5qcGciIHdpZHRoPSI2NjAiIGhlaWdodD0iMTIwIiBib3JkZXI9IjAiPjwvYT48YnI+PGJyPgogIAogIAogIAogIDxpbWcgc3JjPSJodHRwOi8vaW1hZ2UucmFrdXRlbi5jby5qcC92aWVhbmdlL2NhYmluZXQvcGFydHMvbHNyMDY1MF82OC5naWYiIGNsYXNzPSJpbWczMCIgLz4KCgo8L2Rpdj48L2Rpdj4KPHRhYmxlIHdpZHRoPSIzOTAiIGJvcmRlcj0iMCI+CiAgPHRyPgogICAgPHRkPjxmb250IGNvbG9yPSM2OTY5Njkgc2l6ZT0iMiI+44CQTG92ZXJzICYgUmluZ+OAkeOAkEZpcnN0IExvdmUg44K344Oq44O844K644CR44CQ44OA44Kk44Ok44Kr44OD44OI44K/44Kk44OX44CRSzEw44Oa44Ki44Oq44Oz44KwPGJyPgogICAgICAgPC90ZD4KICA8L3RyPgo8L3RhYmxlPgo8dGFibGUgd2lkdGg9IjM5MCIgYm9yZGVyPSIwIj4KICA8dHI+CiAgICA8dGQgd2lkdGg9IjEyNSI+Jm5ic3A7PC90ZD4KICAgIDx0ZCB3aWR0aD0iMTM2Ij4mbmJzcDs8L3RkPgogICAgPHRkIHdpZHRoPSIxMTUiPiZuYnNwOzwvdGQ+CiAgPC90cj4KICA8dHI+CiAgICA8dGQ+PGRpdiBhbGlnbj0iY2VudGVyIj48L2Rpdj48L3RkPgogICAgPHRkPjxkaXYgYWxpZ249ImNlbnRlciI+PGltZyBzcmM9Imh0dHA6Ly9pbWFnZS5yYWt1dGVuLmNvLmpwL3ZpZWFuZ2UvY2FiaW5ldC9sb3ZlcnNfYW5kX3JpbmcvbHNyMDYwOHdnMTAweDEwMC5qcGciIGFsdD0i44Oh44Oz44K65Y2Y5L2TIiB3aWR0aD0iMTAwIiBoZWlnaHQ9IjEwMCIgYm9yZGVyPSIwIj48L2Rpdj48L3RkPgogICAgPHRkPjxkaXYgYWxpZ249ImNlbnRlciI+PGltZyBzcmM9Imh0dHA6Ly9pbWFnZS5yYWt1dGVuLmNvLmpwL3ZpZWFuZ2UvY2FiaW5ldC9sb3ZlcnNfYW5kX3JpbmcvbHNyMDYwOC1wYWlyMTAweDEwMC5qcGciIGFsdD0i44Oa44Ki44Oq44Oz44KwIiB3aWR0aD0iMTAwIiBoZWlnaHQ9IjEwMCIgYm9yZGVyPSIwIj48L2Rpdj48L3RkPgogIDwvdHI+CiAgPHRyPgogICAgPHRkPjxkaXYgYWxpZ249ImNlbnRlciI+PC9kaXY+PC90ZD4KICAgIDx0ZD48ZGl2IGFsaWduPSJjZW50ZXIiPjxmb250IHNpemU9Ii0xIj7jg6Hjg7PjgrrljZjlk4E8L2ZvbnQ+PC9kaXY+PC90ZD4KICAgIDx0ZD48ZGl2IGFsaWduPSJjZW50ZXIiPjxmb250IHNpemU9Ii0xIj7jg5rjgqLosqnlo7I8L2ZvbnQ+PC9kaXY+PC90ZD4KICA8L3RyPgo8L3RhYmxlPgo8dGFibGUgd2lkdGg9IjM5MCIgYm9yZGVyPSIwIj4KICA8dHI+CiAgICA8dGQgd2lkdGg9Ijg5Ij4mbmJzcDs8L3RkPgogICAgPHRkIHdpZHRoPSIyOTEiPiZuYnNwOzwvdGQ+CiAgPC90cj4KICA8dHI+CiAgICA8dGQ+PGZvbnQgY29sb3I9IzY5Njk2OSBzaXplPSIyIj7ilqDjgIDntKDmnZDjgIDilqA8L2ZvbnQ+PC90ZD4KICAgIDx0ZD4mbmJzcDs8L3RkPgogIDwvdHI+CjwvdGFibGU+Cjx0YWJsZSB3aWR0aD0iMzkwIiBib3JkZXI9IjAiPgogIDx0cj4KICAgIDx0ZCB3aWR0aD0iODkiPjxkaXYgYWxpZ249InJpZ2h0Ij48Zm9udCBjb2xvcj0iIzY5Njk2OSIgc2l6ZT0iMiI+44Os44OH44Kj44O844K577yaPC9mb250PjwvZGl2PjwvdGQ+CiAgICA8dGQgd2lkdGg9IjI5MSI+PGZvbnQgY29sb3I9IzY5Njk2OSBzaXplPSIyIj5LMTAo44OU44Oz44Kv44K044O844Or44OJ77yJPC9mb250PjwvdGQ+CiAgPC90cj4KICA8dHI+CiAgICA8dGQ+Jm5ic3A7PC90ZD4KICAgIDx0ZD4mbmJzcDs8L3RkPgogIDwvdHI+CjwvdGFibGU+Cjx0YWJsZSB3aWR0aD0iMzkwIiBib3JkZXI9IjAiPgogIDx0cj4KICAgIDx0ZD48Zm9udCBjb2xvcj0jNjk2OTY5IHNpemU9IjIiPuKWoCDlpKfjgY3jgZUobW0pIOKWoDwvZm9udD48L3RkPgogIDwvdHI+CjwvdGFibGU+Cjx0YWJsZSB3aWR0aD0iMzkwIiBib3JkZXI9IjAiPgogIDx0cj4KICAgIDx0ZCB3aWR0aD0iODkiIGhlaWdodD0iMTUiPiZuYnNwOzwvdGQ+CiAgICA8dGQgd2lkdGg9IjI5MSI+PGZvbnQgY29sb3I9IzY5Njk2OSBzaXplPSIyIj7luYXntIQyLjDDl+WOmuOBv+e0hDEuMDwvZm9udD48L3RkPgogIDwvdHI+CiAgPHRyPgogICAgPHRkPiZuYnNwOzwvdGQ+CiAgICA8dGQ+Jm5ic3A7PC90ZD4KICA8L3RyPgo8L3RhYmxlPgo8dGFibGUgd2lkdGg9IjM5MCIgYm9yZGVyPSIwIj4KICA8dHI+CiAgICA8dGQgd2lkdGg9Ijg5Ij48Zm9udCBjb2xvcj0jNjk2OTY5IHNpemU9IjIiPuKWoOOAgOmHjemHj+OAgOKWoDwvZm9udD48L3RkPgogICAgPHRkIHdpZHRoPSIyOTEiPiZuYnNwOzwvdGQ+CiAgPC90cj4KPC90YWJsZT4KPHRhYmxlIHdpZHRoPSIzOTAiIGJvcmRlcj0iMCI+CiAgPHRyPgogICAgPHRkIHdpZHRoPSI4OSI+Jm5ic3A7PC90ZD4KICAgIDx0ZCB3aWR0aD0iMjkxIj48Zm9udCBjb2xvcj0jNjk2OTY5IHNpemU9IjIiPue0hDEuMGc8L2ZvbnQ+PC90ZD4KICA8L3RyPgogIDx0cj4KICAgIDx0ZD4mbmJzcDs8L3RkPgogICAgPHRkPjxmb250IGNvbG9yPSIjMDA5OUZGIiBzaXplPSIxIj7igLvlpKfjgY3jgZXjg7vph43jgZXjgavjga/lpJrlsJHjga7lgIvkvZPlt67jgYznlJ/jgZjjgb7jgZk8L2ZvbnQ+PC90ZD4KICA8L3RyPgo8L3RhYmxlPgo8dGFibGUgd2lkdGg9IjM5MCIgYm9yZGVyPSIwIj4KICA8dHI+CiAgICA8dGQgd2lkdGg9Ijg4IiBoZWlnaHQ9IjE1Ij48Zm9udCBjb2xvcj0jNjk2OTY5IHNpemU9IjIiPuKWoOimj+WumuOCteOCpOOCuuKWoDwvZm9udD48L3RkPgogICAgPHRkIHdpZHRoPSIyOTIiPiZuYnNwOzwvdGQ+CiAgPC90cj4KPC90YWJsZT4KPHRhYmxlIHdpZHRoPSIzOTAiIGJvcmRlcj0iMCI+CiAgPHRyPgogICAgPHRkIHdpZHRoPSI4OSIgaGVpZ2h0PSI1MSI+Jm5ic3A7PC90ZD4KICAgIDx0ZCB3aWR0aD0iMjkxIj48Zm9udCBjb2xvcj0jNjk2OTY5IHNpemU9IjIiPjXlj7fjgYvjgokyM+WPt+OBvuOBpzxicj4K4oC7MjTlj7fku6XkuIrjga7jgrXjgqTjgrrjga/liKXpgJTmlpnph5HjgYznmbrnlJ/jgYTjgZ/jgZfjgb7jgZnjgILjgb7jgZ/jgIHntI3mnJ/jgYwx6YCx6ZaT44G744Gp6ZW344GP44Gq44KK44G+44GZ44CCPGJyPgo8YnI+CuKAuzTlj7fku6XkuIvjga7jgrXjgqTjgrrjga7loLTlkIjjgIHov73liqDmlpnph5Hjga/nmbrnlJ/jgYTjgZ/jgZfjgb7jgZvjgpPjgYzjgIE8Zm9udCBjb2xvcj0iIzAwOTlGRiI+57SN5pyf44GMMemAsemWk++8iDfllrbmpa3ml6XvvInjgbvjganliqDnrpfjgZXjgozjgb7jgZk8L2ZvbnQ+44CCPGJyPjxicj4K4peG6KaP5a6a5aSW44K144Kk44K644Gu44Kq44O844OA44O85pa55rOV4peGPGJyPgo8YnI+CuOCteOCpOOCuuOBruODl+ODq+ODgOOCpuODs+ODoeODi+ODpeODvOOCiOOCiu+8nOS4iuiomOS7peWklu+8nuOCkuOBlOmBuOaKnuS4i+OBleOBhOOAguazqOaWh+eUu+mdouOBrumAmuS/oeashOOBq+OBlOW4jOacm+OBruOCteOCpOOCuuOCkuOBlOaYjuiomOOBj+OBoOOBleOBhOOAguW9k+aWueOBq+OBpuW3rumhjeOCkueul+WHuuOBruOBhuOBiOOAgeOBiuWuouanmOOBq+OBlOmAo+e1oeOBhOOBn+OBl+OBvuOBmeOAguOBiuWuouanmOOBruOBlOS6huaJv+OCkuOBhOOBn+OBoOOBhOOBn+aZgueCueOBp+OAgeW9k+aWueOBq+OBpui/veWKoOaWmemHkeOCkuWKoOeul+OBl+OBpuOAgeOBlOiri+axgue3j+mhjeOCkuWkieabtOOBleOBm+OBpuOBhOOBn+OBoOOBjeOBvuOBmeOAggo8L2ZvbnQ+PC90ZD4KICA8L3RyPgogIDx0cj4KICAgIDx0ZD4mbmJzcDs8L3RkPgogICAgPHRkPiZuYnNwOzwvdGQ+CiAgPC90cj4KPC90YWJsZT4KPHRhYmxlIHdpZHRoPSIzOTAiIGJvcmRlcj0iMCI+CiAgPHRyPgogICAgPHRkIHdpZHRoPSIyMTEiPjxmb250IGNvbG9yPSM2OTY5Njkgc2l6ZT0iMiI+4pagIOWIu+WNsOWPr+iDveaWh+Wtl+aVsCAv44OV44Kp44Oz44OI44K144Kk44K6IOKWoDwvZm9udD48L3RkPgogICAgPHRkIHdpZHRoPSIxNjkiPiZuYnNwOzwvdGQ+CiAgPC90cj4KPC90YWJsZT4KPHRhYmxlIHdpZHRoPSIzOTAiIGJvcmRlcj0iMCI+CiAgPHRyPgogICAgPHRkIHdpZHRoPSI4OSI+Jm5ic3A7PC90ZD4KICAgIDx0ZCB3aWR0aD0iMjkxIj48Zm9udCBjb2xvcj0jNjk2OTY5IHNpemU9IjIiPjMw5paH5a2XIC8g5LiA5paH5a2X57SEMC45772N772N5aSnPC9mb250PjwvdGQ+CiAgPC90cj4KICA8dHI+CiAgICA8dGQ+Jm5ic3A7PC90ZD4KICAgIDx0ZD4mbmJzcDs8L3RkPgogIDwvdHI+CjwvdGFibGU+Cjx0YWJsZSB3aWR0aD0iMzkwIiBib3JkZXI9IjAiPgogIDx0cj4KICAgIDx0ZCB3aWR0aD0iMjExIj48Zm9udCBjb2xvcj0jNjk2OTY5IHNpemU9IjIiPuKWoCDoo4/nn7PlhaXjgozjgqrjg5fjgrfjg6fjg7PilqA8L2ZvbnQ+PC90ZD4KICAgIDx0ZCB3aWR0aD0iMTY5Ij4mbmJzcDs8L3RkPgogIDwvdHI+CjwvdGFibGU+Cjx0YWJsZSB3aWR0aD0iMzkwIiBib3JkZXI9IjAiPgogIDx0cj4KICAgIDx0ZCB3aWR0aD0iODkiPiZuYnNwOzwvdGQ+CiAgICA8dGQgd2lkdGg9IjI5MSI+PGZvbnQgY29sb3I9IzY5Njk2OSBzaXplPSIyIj7lr77lv5zkuI3lj688L2ZvbnQ+PC90ZD4KICA8L3RyPgogIDx0cj4KICAgIDx0ZD4mbmJzcDs8L3RkPgogICAgPHRkPiZuYnNwOzwvdGQ+CiAgPC90cj4KPC90YWJsZT4KPHRhYmxlIHdpZHRoPSIzOTAiIGJvcmRlcj0iMCI+CiAgPHRyPgogICAgPHRkIHdpZHRoPSIzMzIiPjxmb250IGNvbG9yPSM2OTY5Njkgc2l6ZT0iMiI+4pag5pyq5L2/55So5ZOB44Gu44K144Kk44K65aSJ5pu077yI5Yid5pyf44K144Kk44K65aSJ5pu077yJ44Gr44Gk44GE44Gm4pagPC9mb250PjwvdGQ+CiAgICA8dGQgd2lkdGg9IjQ4Ij4mbmJzcDs8L3RkPgogIDwvdHI+CjwvdGFibGU+Cjx0YWJsZSB3aWR0aD0iMzkwIiBib3JkZXI9IjAiPgogIDx0cj4KICAgIDx0ZCB3aWR0aD0iODkiIGhlaWdodD0iNTEiPiZuYnNwOzwvdGQ+CiAgICA8dGQgd2lkdGg9IjI5MSI+PGZvbnQgY29sb3I9IiM2OTY5NjkiIHNpemU9IjIiPjxicj7kuIfjgYzkuIDjgYrlrqLmp5jjga7jgYrmiYvlhYPjgavlsYrjgYTjgZ/llYblk4Hjga7jgrXjgqTjgrrjgYzlkIjjgo/jgZrjgIHku5bjga7jgrXjgqTjgrrjgbjjga7lpInmm7TjgpLjgZTluIzmnJvjga7loLTlkIjjgavjga/jgIE8Zm9udCBjb2xvcj0iIzAwOTlGRiI+5pyq5L2/55So44Gu5ZOB44Gr6ZmQ44KKPC9mb250PuOCteOCpOOCuuebtOOBl+OAgeOBvuOBn+OBr+OCteOCpOOCuuS6pOaPm+OCkuaJv+OCiuOBvuOBmeOAguW/heOBmjxmb250IGNvbG9yPSIjMDA5OUZGIj7llYblk4HliLDnnYDlvowx6YCx6ZaT5Lul5YaFPC9mb250PuOBq+OBlOmAo+e1oeOBhOOBn+OBoOOBjeOBvuOBmeOCiOOBhuOBiumhmOOBhOeUs+OBl+S4iuOBkuOBvuOBmeOAgjxicj4KICAgICAgPGJyPgril4bllYblk4HliLDnnYDlvowx6YCx6ZaT5Lul5YaF44Gr44GU6YCj57Wh44GE44Gf44Gg44GR44Gq44GL44Gj44Gf5aC05ZCI44KE44CB5ZWG5ZOB44Gr6JGX44GX44GE5L2/55So55eV44Gq44Gp44GM44GC44KL5aC05ZCI44Gr44Gv44K144Kk44K65aSJ5pu044O75Lqk5o+b44KS5om/44KK44GL44Gt44KL44GT44Go44KC44GU44GW44GE44G+44GZ44Gu44Gn44GU5LqG5om/6aGY44GE44G+44GZ44CCPGJyPjxicj4K4peG5ZWG5ZOB5Y+X44GR5rih44GX44Gr6Zai44KP44KL5b6A5b6p44Gu6YCB5paZ44Gv44CB44GK5a6i5qeY44Gu44GU6LKg5ouF44Go44Gq44KK44G+44GZ44CCPGJyPjxicj4K4peG5ZWG5ZOB44GrPGZvbnQgY29sb3I9IiMwMDk5RkYiPuWIu+WNsOOCkuWFpeOCjOOBpuOBhOOCi+WgtOWQiDwvZm9udD7jgoQ8Zm9udCBjb2xvcj0iIzAwOTlGRiI+6KOP55+z44KS55WZ44KB44Gm44GE44KL5aC05ZCIPC9mb250PuOBr+OAgeS6pOaPm+aJi+aVsOaWmeOBjOWIpemAlOeZuueUn+OBhOOBn+OBl+OBvuOBmeOAguOBvuOBn+OAgeimj+WumuWkluOCteOCpOOCuuOBq+mWouOCj+OCi+OCteOCpOOCuuWkieabtOOBr+OCteOCpOOCuuW3rumhjeaWmeOBjOWIpemAlOeZuueUn+OBhOOBn+OBl+OBvuOBmeOAguips+e0sOOBq+mWouOBl+OBvuOBl+OBpuOBr+OAgeOBk+OBoeOCieOBruOAjOWIneacn+OCteOCpOOCuuWkieabtOOBruebruWuieOAjeOCkuOBlOWPgueFp+OBruOBhuOBiOOAgeODoeODvOODq+OBq+OBpuOBiuWVj+OBhOWQiOOCj+OBm+mhmOOBhOOBvuOBmeOAgjxicj48YnI+CuKXhuacrOOCteODvOODk+OCueOBrumBqeeUqOOBr+OAgeWIneWbnumZkOOCiuOBqOOBleOBm+OBpuOBhOOBn+OBoOOBjeOBvuOBmeOAggo8L2ZvbnQ+PC90ZD4KICA8L3RyPgogIDx0cj4KICAgIDx0ZD4mbmJzcDs8L3RkPgogICAgPHRkPiZuYnNwOzwvdGQ+CiAgPC90cj4KPC90YWJsZT4KPHRhYmxlIHdpZHRoPSIzOTAiIGJvcmRlcj0iMCI+CiAgPHRyPgogICAgPHRkIHdpZHRoPSIzMjIiPjxmb250IGNvbG9yPSM2OTY5Njkgc2l6ZT0iMiI+4pag44GU5L2/55So44Gr44Gq44KJ44KM44Gf5ZWG5ZOB44Gu44K144Kk44K655u044GX44Gu5Y+v5ZCmL+ebtOOBl+W5heKWoDwvZm9udD48L3RkPgogICAgPHRkIHdpZHRoPSI1OCI+Jm5ic3A7PC90ZD4KICA8L3RyPgo8L3RhYmxlPgo8dGFibGUgd2lkdGg9IjM5MCIgYm9yZGVyPSIwIj4KICA8dHI+CiAgICA8dGQgd2lkdGg9Ijg4Ij48ZGl2IGFsaWduPSJyaWdodCI+PGZvbnQgY29sb3I9IiM2OTY5NjkiIHNpemU9IjIiPuODrOODh+OCo+ODvOOCue+8mjwvZm9udD48L2Rpdj4KICAgIDwvdGQ+CiAgICA8dGQgd2lkdGg9IjI5MiI+PGZvbnQgY29sb3I9IzY5Njk2OSBzaXplPSIyIj7kuI3lj688L2ZvbnQ+PC90ZD4KICA8L3RyPgogIDx0cj4KICAgIDx0ZCBoZWlnaHQ9IjM4Ij4mbmJzcDs8L3RkPgogICAgPHRkPjxmb250IGNvbG9yPSM2OTY5Njkgc2l6ZT0iMiI+4oC75pys5ZWG5ZOB44Gu5LuV5qeY5LiK44CB44GU6LO85YWl5b6M44GU5L2/55So44Gr44Gq44KJ44KM44Gf5ZWG5ZOB44Gu44K144Kk44K655u044GX44GvPGZvbnQgY29sb3I9IiMwMDk5RkYiPuWOn+WJh+OBqOOBl+OBpuOBiuWPl+OBkeOBmeOCi+OBk+OBqOOBjOOBp+OBjeOBvuOBm+OCkzwvZm9udD7jgILjgZ/jgaDjgZfjgIHjgYrlrqLmp5jjga7jgZTkuobmib/jga7jgoLjgajjgrXjgqTjgrrnm7TjgZfjgYzlj6/og73jgarloLTlkIjjgoLjgZTjgZbjgYTjgb7jgZnjga7jgafjgIHjg6Hjg7zjg6vjgavjgabjgYrllY/jgYTlkIjjgo/jgZvpoZjjgYTjgb7jgZnjgII8L2ZvbnQ+PC90ZD4KICA8L3RyPgogIDx0cj4KICAgIDx0ZCBoZWlnaHQ9IjE1Ij4mbmJzcDs8L3RkPgogICAgPHRkPiZuYnNwOzwvdGQ+CiAgPC90cj4KPC90YWJsZT4KPHRhYmxlIHdpZHRoPSIzOTAiIGJvcmRlcj0iMCI+CiAgPHRyPgogICAgPHRkPjxmb250IGNvbG9yPSMwMDk5RkYgc2l6ZT0iKzEiPuKXhuWIu+WNsOeEoeaWmeOCteODvOODk+OCueKXhjwvZm9udD48YnI+CiAgICAgIDxicj4KICAgICAgPGZvbnQgY29sb3I9IzY5Njk2OSBzaXplPSIyIj7jgZTluIzmnJvjga7mlrnjgavjga/jgIHjg6rjg7PjgrDjga7lhoXlgbTjgavjg6Hjg4Pjgrvjg7zjgrjjgoTjgYrlkI3liY3jgarjganjgpLnhKHmlpnjgafliLvljbAo5paH5a2X5YWl44KMKeOBleOBm+OBpuOBhOOBn+OBoOOBjeOBvuOBmeOAgjwvZm9udD48YnI+CiAgICAgIDxicj4KICAgICAgPGZvbnQgY29sb3I9IzY5Njk2OSBzaXplPSIyIj7il4bmm7jkvZPjga88Zm9udCBjb2xvcj0iIzAwOTlGRiI+44OW44Ot44OD44Kv5L2TPGZvbnQgY29sb3I9IiM2OTY5NjkiPuOBizwvZm9udD7nrYboqJjkvZM8L2ZvbnQ+44Gu44GE44Ga44KM44GL44KS44GK6YG444Gz44GE44Gf44Gg44GR44G+44GZ44CCPC9mb250Pjxicj4KICAgICAgPGZvbnQgY29sb3I9IzY5Njk2OSBzaXplPSIyIj7il4bkvbXjgZvjgaY8Zm9udCBjb2xvcj0iIzAwOTlGRiI+5pif5bqn44Oe44O844Kv44O75LiA6YOo44Gu57W15paH5a2XPC9mb250PuOBjOWIu+WNsOWPr+iDveOBp+OBmeOAguS9v+eUqOWPr+iDveOBquiomOWPt+ODu+e1teaWh+Wtl+OBq+mWouOBl+OBvuOBl+OBpuOBr+OAgeacrOeUu+mdouW3puWBtOOBq+aOsuekuuOBleOCjOOBpuOBhOOBvuOBmTxmb250IGNvbG9yPSIjMDA5OUZGIj7mm7jkvZPopovmnKw8L2ZvbnQ+44KS44GU5Y+C54Wn6aGY44GE44G+44GZ44CCPC9mb250Pjxicj4KICAgICAgPGJyPgogICAgICA8Zm9udCBjb2xvcj0jNjk2OTY5IHNpemU9IjIiPuOBk+OBruWVhuWTgeOBr+OAgeOCouODq+ODleOCoeODmeODg+ODiOWkp+aWh+Wtl+ODu+iLseaVsOWtl+WQiOOCj+OBm+OBpjxmb250IGNvbG9yPSIjMDA5OUZGIiBzaXplPSIrMSI+PHN0cm9uZz4zMOaWh+Wtlzwvc3Ryb25nPjwvZm9udD7jgb7jgafliLvljbDlj6/og73jgafjgZnjgILoqJjlj7fjgIHjgrnjg5rjg7zjgrnjgIHjg57jg7zjgq/jgarjganjgoLvvJHmloflrZfliIbjgajjgZfjgabjgqvjgqbjg7Pjg4jjgZXjgozjgb7jgZnjgILjg57jg7zjgq/jg7vntbXmloflrZfjgpLjgZToqJjlhaXjga7loLTlkIjjga/jgIHmm7jkvZPopovmnKzjgavoqJjovInjgZXjgozjgabjgYTjgos8Zm9udCBjb2xvcj0iIzAwOTlGRiI+44Oe44O844Kv44GuPHN0cm9uZz7kuLjnlarlj7c8L3N0cm9uZz48L2ZvbnQ+44KS5Yi75Y2w5L2N572u44Gr44GU6KiY5YWl6aGY44GE44G+44GZ44CCPC9mb250PjwvdGQ+CiAgPC90cj4KPC90YWJsZT4KPHRhYmxlIHdpZHRoPSIzOTAiIGJvcmRlcj0iMCI+CiAgPHRyPgogICAgPHRkIGhlaWdodD0iNDkiPjxicj48ZGl2IGFsaWduPSJjZW50ZXIiPjxpbWcgc3JjPSJodHRwOi8vaW1hZ2UucmFrdXRlbi5jby5qcC92aWVhbmdlL2NhYmluZXQvbG92ZXJzX2FuZF9yaW5nL2tva3Vpbl9pbWFnZS5naWYiIGFsdD0i6KiY5YWl5L6LIiB3aWR0aD0iMzUzIiBoZWlnaHQ9IjIwMSI+PC9kaXY+PC90ZD4KICA8L3RyPgo8L3RhYmxlPgo8dGFibGUgd2lkdGg9IjM5MCIgYm9yZGVyPSIwIj4KICA8dHI+CiAgICA8dGQ+PGJyPjxmb250IGNvbG9yPSMwMDk5RkYgc2l6ZT0iMiI+4pag5Yi75Y2w44Gu44GU5rOo5paH5pa55rOV4pagPC9mb250Pjxicj4KICAgICAgPGJyPgogICAgICA8Zm9udCBjb2xvcj0jNjk2OTY5IHNpemU9IjIiPuODl+ODq+ODgOOCpuODs+ODu+ODoeODi+ODpeODvOOBi+OCieOBlOW4jOacm+OBruabuOS9k+OCkuOBiumBuOOBs+OBj+OBoOOBleOBhOOAguazqOaWh+eUu+mdouOBruOAjOOBiuW6l+OBuOOBruODoeODg+OCu+ODvOOCuOOAjeashOOBqzxmb250IGNvbG9yPSIjMDA5OUZGIj7liLvljbDlhoXlrrk8L2ZvbnQ+44KS44GU6KiY5YWl44GP44Gg44GV44GE44CC5ZWG5ZOB44KSMuWAi+S7peS4iuWQjOaZguOBq+OBiuiyt+OBhOaxguOCgeOBhOOBn+OBoOOBhOOBn+WgtOWQiOOBr+OAgeWIu+WNsOWvvuixoeWVhuWTgeOBjOOCj+OBi+OCi+OCiOOBhuOAgTxmb250IGNvbG9yPSIjMDA5OUZGIj7llYblk4Hnlarlj7c8L2ZvbnQ+44KC44GU5L216KiY6aGY44GE44G+44GZ44CCPC9mb250PiA8L3RkPgogIDwvdHI+CjwvdGFibGU+PCEtLeKWvOKWvCDlt6bluK/jg6rjg7Pjgq/jgYLjgoog4pa84pa8LS0+Cgo8ZGl2IGlkPSJoaWRhcmktb2JpIj4KCjxzdHlsZT4KI2hpZGFyaS1vYmkgewpwb3NpdGlvbjogYWJzb2x1dGU7CnRvcDowcHg7CmxlZnQ6MTBweDsKYmFja2dyb3VuZDogdXJsKCJodHRwczovL2ltYWdlLnJha3V0ZW4uY28uanAvdmllYW5nZS9jYWJpbmV0L2NhbXBhaWduL3NjYm5yXzA1MTUuanBnIikgcmVwZWF0LXkgbGVmdCB0b3AgOwp9CiNoaWRhcmktb2JpIGEgewpkaXNwbGF5OiBibG9jazsKaGVpZ2h0OjkzMDBweDsvKuODmuODvOOCuOWFqOS9k+OBrumrmOOBlSovCndpZHRoOiAxNDBweDsvKuW4r+OBruW5hSovCn0KPC9zdHlsZT4KCjwvZGl2PgoKCgo8IS0t4pa84pa8IOW3puW4r+ODquODs+OCr+OBquOBlyDilrzilrwtLT4KCgoKCjwhLS3ilrzilrwg5bem5biv44Oq44Oz44Kv44Gq44GXIOKWvOKWvC0tPgoKPCEtLQo8c3R5bGUgdHlwZT0idGV4dC9jc3MiPgpib2R5ewpiYWNrZ3JvdW5kLWltYWdlOiB1cmwoImh0dHA6Ly9pbWFnZS5yYWt1dGVuLmNvLmpwL3ZpZWFuZ2UvY2FiaW5ldC9jYW1wYWlnbi9ibnJfMTAxMi5qcGciKTsKYmFja2dyb3VuZC1yZXBlYXQ6IHJlcGVhdC15OwpiYWNrZ3JvdW5kLWF0dGFjaG1lbnQ6IHNjcm9sbDsKYmFja2dyb3VuZC1wb3NpdGlvbjpsZWZ0Cn0KPC9zdHlsZT4KLS0+CgoKCgo8c3R5bGUgdHlwZT0idGV4dC9jc3MiPgoKLyog44GK5rCX44Gr5YWl44KK5ZWG5ZOBICovCgojcmFrdXRlbkxpbWl0ZWRJZF9hcm91bmRDYXJ0ICNzZXJ2aWNlVGFibGVTbWwgdGQuZmF2b3JpdGUgewoKcGFkZGluZy10b3A6IDVweDsKCn0KCiNyYWt1dGVuTGltaXRlZElkX2Fyb3VuZENhcnQgZGl2LmJvb2ttYXJrQXJlYSBkaXYuYmttIHsKCndpZHRoOiAyOTFweCAhaW1wb3J0YW50OwoKaGVpZ2h0OjMzcHggIWltcG9ydGFudDsKCnBhZGRpbmc6IDBweCAwcHggMTBweCAwcHggIWltcG9ydGFudDsKCn0KCiNyYWt1dGVuTGltaXRlZElkX2Fyb3VuZENhcnQgZGl2LmJvb2ttYXJrQXJlYSBkaXYuYmttIGEuYWRkQmttIHsKCndpZHRoOiAyOTFweCAhaW1wb3J0YW50OwoKaGVpZ2h0OjMzcHggIWltcG9ydGFudDsKCn0KCiNyYWt1dGVuTGltaXRlZElkX2Fyb3VuZENhcnQgZGl2LmJvb2ttYXJrQXJlYSBkaXYuYmttIGEuYWRkQmttIHNwYW4uYmttU3RhciB7CgpkaXNwbGF5OiBpbmxpbmUtYmxvY2sgIWltcG9ydGFudDsKCndpZHRoOiAyOTFweCAhaW1wb3J0YW50OwoKaGVpZ2h0OjMzcHggIWltcG9ydGFudDsKCm1hcmdpbjowcHggMHB4IDEwcHggMHB4ICFpbXBvcnRhbnQ7CgpiYWNrZ3JvdW5kOiB1cmwoImh0dHA6Ly9pbWFnZS5yYWt1dGVuLmNvLmpwL3ZpZWFuZ2UvY2FiaW5ldC9ibnJfZmF2aXRlbS5qcGciKSBuby1yZXBlYXQgIWltcG9ydGFudDsKCn0KCiAKCi8qIOOBiuawl+OBq+WFpeOCiuOCt+ODp+ODg+ODlyAqLwoKZGl2LmJvb2ttYXJrQXJlYSB7Cgp3aWR0aDogMjkxcHggIWltcG9ydGFudDsKCn0KCiNyYWt1dGVuTGltaXRlZElkX2Fyb3VuZENhcnQgZGl2LnNob3BCb29rbWFya0FyZWEgZGl2LnNob3BCa20gewoKd2lkdGg6IDI5MXB4ICFpbXBvcnRhbnQ7CgpoZWlnaHQ6MzNweCAhaW1wb3J0YW50OwoKcGFkZGluZzogMHB4IDBweCAhaW1wb3J0YW50OwoKcGFkZGluZy1sZWZ0OiAwcHggIWltcG9ydGFudDsKCn0KCiNyYWt1dGVuTGltaXRlZElkX2Fyb3VuZENhcnQgZGl2LnNob3BCb29rbWFya0FyZWEgZGl2LnNob3BCa20gYS5hZGRTaG9wQmttIHNwYW4uc2hvcEJrbVN0YXIgewoKZGlzcGxheTogaW5saW5lLWJsb2NrICFpbXBvcnRhbnQ7Cgp3aWR0aDogMjkxcHggIWltcG9ydGFudDsKCmhlaWdodDozM3B4ICFpbXBvcnRhbnQ7CgptYXJnaW4tcmlnaHQ6IDBweCAhaW1wb3J0YW50OwoKYmFja2dyb3VuZDogdXJsKCJodHRwOi8vaW1hZ2UucmFrdXRlbi5jby5qcC92aWVhbmdlL2NhYmluZXQvYm5yX2ZhdnNob3AuanBnIikgbm8tcmVwZWF0ICFpbXBvcnRhbnQ7Cgp9Cjwvc3R5bGU+CgoKCgo8ZGl2IGlkPSJwcmVzZW50X2Jhc2UiIGNsYXNzPSJjbGVhcmZpeCI+CiAgIDxkaXYgY2xhc3M9InByZXNlbnRfaW1nIj48aW1nIHNyYz0iaHR0cDovL2ltYWdlLnJha3V0ZW4uY28uanAvdmllYW5nZS9jYWJpbmV0L3RtZy9mb290X3ByZTAxLmdpZiIgYWx0PSLlpKfliIfjgarjgYLjga7kurrjgavntKDmlbXjgarjg5fjg6zjgrzjg7Pjg4giIHdpZHRoPSIxOTkiIGhlaWdodD0iMjk1IiAvPjwvZGl2PgogICA8ZGl2IGNsYXNzPSJwcmVzZW50X3R4dCI+PHA+5b2T5bqX44Gv44CB5Lq65rCX44Ki44Kv44K744K144Oq44O844OW44Op44Oz44OJ44CM5aSp5L2/44Gu5Y2144CN44KE44CM5pyq5p2l5aSp5L2/44CN44KS44Gv44GY44KB44CB6KqV55Sf55+z44Gu44Oa44Oz44OA44Oz44OI44KE44Oq44Oz44Kw44Gq44Gp44CB44OX44Os44K844Oz44OI44Gr44OU44OD44K/44Oq44Gq44Ki44Kv44K744K144Oq44O844KS5Y+W5omx44GG6YCa6LKp44K344On44OD44OX44Gn44GZ44CCPC9wPjxiciAvPgrjgIzlhKrjgZfjgYTlhYnjgavjgaTjgaTjgb7jgozjgovmsLjpgaDjga7lkb3jgI3jgpLooajnj77jgZfjgZ/jgrPjg7Pjgrvjg5fjg4jjgrjjg6Xjgqjjg6rjg7zjgIzmnKrmnaXlpKnkvb/jgI3jga/mnKrmnaXjgavlkJHjgZHjgabovJ3jgZHjgovlkb3jga7jgZnjgbDjgonjgZfjgZXjgpLlpJrlvanjgarjg4bjg7zjg57jg7vjg4fjgrbjgqTjg7Pjgafooajnj77jgZfjgabjgYTjgb7jgZnjgII8YnIgLz4K44Gd44KT44Gq5pyq5p2l5aSp5L2/44GL44KJ44Gu44OX44Os44K844Oz44OI44Go44GE44GG44Kz44Oz44K744OX44OI44Gn5L2c44KJ44KM44Gf44CM5aSp5L2/44Gu5Y2144CN44Gv44CB44CM6KqV55Sf44Gu5Zac44Gz44CN44KE44CM55Sf44GN44KL44GT44Go44Gu5oSf5YuV44Go6LOe6LOb44CN44KS44OG44O844Oe44Go44GX44Gm5Ym144KJ44KM44CB5Y2144Go576944Gu44OQ44Op44Oz44K544Gu6Imv44GE44KE44GV44GX44GE44OH44K244Kk44Oz44GM5oSb44GV44KM44Gm44GE44KL44Ot44Oz44Kw44K744Op44O844Gu5Lq65rCX44Ki44Kv44K744K144Oq44O844Gn44GZ44CC5piv6Z2e44CB5aSn5YiH44Gq5Lq644G444Gu44OX44Os44K844Oz44OI562J44Gr44KC44GU5rS755So5LiL44GV44GE77yBPC9kaXY+CjwvZGl2PgoKCgoKCjwhLS3ilrzilrzilrzjg6zjg5Pjg6Xjg7zjg7vms6jmlofnirbms4HilrzilrzilrwtLT4gICAKCiAgICAgICAgICAgIDxoMj48aW1nIHNyYz0iaHR0cDovL3d3dy5yYWt1dGVuLm5lLmpwL2dvbGQvdmllYW5nZS9pbWcvdGl0bGVfMDYuanBnIiBhbHQ9IuODrOODk+ODpeODvCIgd2lkdGg9IjY4OCIgaGVpZ2h0PSI3MCIgLz48L2gyPgogICAgICAgICAgICA8YnI+PGJyPgogIAoJICA8YnI+IDxicj4gPGJyPiAKICAgICAgICAgICAgICAgICAgPGgyPjxpbWcgc3JjPSJodHRwOi8vd3d3LnJha3V0ZW4ubmUuanAvZ29sZC92aWVhbmdlL2ltZy90aXRsZV8wNy5qcGciIGFsdD0i5rOo5paH54q25rOBIiB3aWR0aD0iNjg4IiBoZWlnaHQ9IjcwIiAvPjwvaDI+CiAgICAgICAgICAgICAgICAgICAgICAgICAgICAgIDxicj4gPGJyPiAKPGJyPiA8YnI+IDxicj4=,44CQ5Y+X5rOo55Sf55Sj44CR44CQ5Yi75Y2w54Sh5paZ44CR4peGTG92ZXJzICZhbXA7IFJpbmcg44Op44OQ44O844K644Oq44Oz44Kw4peGSzEw44OU44Oz44Kv44K044O844Or44OJ44Oq44Oz44KwKOODrOODh+OCo+ODvOOCuSnjgJBMU1IwNjA4UEvjgJHjgJBLMTAg44OU44Oz44Kv44K044O844Or44OJIOODquODs+OCsCDjg5rjgqLjg6rjg7PjgrAg44Oa44KiIOODrOODh+OCo+ODvOOCuSDmjIfovKog44Op44OW44Oq44Oz44KwIOODl+ODrOOCvOODs+ODiCDjgqLjgq/jgrvjgrXjg6rjg7wg44Ki44Kv44K7IOOCuOODpeOCqOODquODvCDlprsgIOWIu+WNsOOAkeavjeOBruaXpSDjgrfjg7Pjg5fjg6vvvJrlpKnkvb/jga7ljbUgd2l0aCBMT1ZFUlMgU0NFTkU=,5aSp5L2/44Gu5Y215pyq5p2l5aSp5L2/44K544Oa44O844K544Kv44Oq44Ko44O844K/44O844K444Ol44Ko44Oq44O844K344Or44OQ44O844Ki44Kv44K744K144Oq44O844OU44Oz44Kv44K344Or44OQ44O844ON44OD44Kv44Os44K555u05Za25bqX44Kv44Oq44K544Oe44K56ZmQ5a6a44Oa44Oz44OA44Oz44OI5oyH6Lyq44OU44Ki44K544OX44Os44K844Oz44OI44OZ44OT44O844K544OX44O844Oz44Os44OH44Kj44O844K544Op44OQ44O844K644K344O844Oz57WQ5ama5oyH6Lyq44Oa44Ki44Oq44Oz44Kw6KqV55Sf55+z44CQ5Y+X5rOo55Sf55Sj44CR44CQ5Yi75Y2w54Sh5paZ44CR4peGTG92ZXJzICZhbXA7IFJpbmcg44Op44OQ44O844K644Oq44Oz44Kw4peGSzEw44OU44Oz44Kv44K044O844Or44OJ44Oq44Oz44KwKOODrOODh+OCo+ODvOOCuSnjgJBMU1IwNjA4UEvjgJHjgJBLMTAg44OU44Oz44Kv44K044O844Or44OJIOODquODs+OCsCDjg5rjgqLjg6rjg7PjgrAg44Oa44KiIOODrOODh+OCo+ODvOOCuSDmjIfovKog44Op44OW44Oq44Oz44KwIOODl+ODrOOCvOODs+ODiCDjgqLjgq/jgrvjgrXjg6rjg7wg44Ki44Kv44K7IOOCuOODpeOCqOODquODvCDlprsgIOWIu+WNsOOAkeavjeOBruaXpSDjgrfjg7Pjg5fjg6s=,44CQ5Y+X5rOo55Sf55Sj44CR44Oq44Oz44Kw44Op44Kk44Oz44GM576O44GX44GE44OU44Oz44Kv44K044O844Or44OJ44Oq44Oz44Kw44CC44CQ5Y+X5rOo55Sf55Sj44CR44CQ5Yi75Y2w54Sh5paZ44CR4peGTG92ZXJzICZhbXA7IFJpbmcg44Op44OQ44O844K644Oq44Oz44Kw4peGSzEw44OU44Oz44Kv44K044O844Or44OJ44Oq44Oz44KwKOODrOODh+OCo+ODvOOCuSnjgJBMU1IwNjA4UEvjgJHjgJBLMTAg44OU44Oz44Kv44K044O844Or44OJIOODquODs+OCsCDjg5rjgqLjg6rjg7PjgrAg44Oa44KiIOODrOODh+OCo+ODvOOCuSDmjIfovKog44Op44OW44Oq44Oz44KwIOODl+ODrOOCvOODs+ODiCDjgqLjgq/jgrvjgrXjg6rjg7wg44Ki44Kv44K7IOOCuOODpeOCqOODquODvCDlprsgIOWIu+WNsOOAkeavjeOBruaXpSDjgrfjg7Pjg5fjg6s=[rn]
39-1046,aHR0cDovL3RzaG9wLnIxMHMuanAvdmllYW5nZS9jYWJpbmV0L2xvdmVyc19hbmRfcmluZy9sc3IwNjA3cGsuanBnP2ZpdGluPTcwMDo3MDA=,MTM4MjQuMDAwMA==,,44K444Ol44Ko44Oq44O844O744Ki44Kv44K744K144Oq44O8ID4g44Os44OH44Kj44O844K544K444Ol44Ko44Oq44O844O744Ki44Kv44K744K144Oq44O8ID4g5oyH6Lyq44O744Oq44Oz44Kw,44CQ5Y+X5rOo55Sf55Sj44CR44CQ5Yi75Y2w54Sh5paZ44CR4peGTG92ZXJzICYgUmluZyDjg6njg5Djg7zjgrrjg6rjg7PjgrDil4ZLMTDjg5Tjg7Pjgq/jgrTjg7zjg6vjg4njg6rjg7PjgrAo44Os44OH44Kj44O844K5KeOAkExTUjA2MDdQS+OAkeOAkEsxMCDjg5Tjg7Pjgq/jgrTjg7zjg6vjg4kg44Oq44Oz44KwIOODmuOCouODquODs+OCsCDjg5rjgqIg5oyH6LyqIOODqeODluODquODs+OCsCDjg5fjg6zjgrzjg7Pjg4gg44Ku44OV44OIIOOCouOCr+OCu+OCteODquODvCDjgqLjgq/jgrsg44K444Ol44Ko44Oq44O8IOOCruODleODiCDlprsgIOWIu+WNsOOAkQ==,44CQ5Y+X5rOo55Sf55Sj44CR44Oq44Oz44Kw44Op44Kk44Oz44GM576O44GX44GE44OU44Oz44Kv44K044O844Or44OJ44Oq44Oz44Kw,PGNlbnRlcj48YSBocmVmPSJodHRwczovL215LmJvb2ttYXJrLnJha3V0ZW4uY28uanAvP2Z1bmM9cmVnJnN2aWQ9MTAxJnNob3BfYmlkPTIwMzk0NyZpaWQ9MTAwMDExNjgmaXR5cGU9MSB0YXJnZXQ9X2JsYW5rIj48aW1nIHNyYz0iaHR0cDovL2ltYWdlLnJha3V0ZW4uY28uanAvdmllYW5nZS9jYWJpbmV0L3BfYm5yX2Zhdml0ZW0uanBnIiBib3JkZXI9IjAiIHdpZHRoPSI2NjAiIGhlaWdodD0iMTMwIj48L2E+PC9jZW50ZXI+PGJyPjxicj48aW1nIHNyYz0iaHR0cDovL2ltYWdlLnJha3V0ZW4uY28uanAvdmllYW5nZS9jYWJpbmV0L2NhbXBhaWduL2xyX3JpbmdfcGNfdG9rdXRlbi5qcGciYWx0PSJMb3ZlcnMmUmluZyDjgq3jg6Pjg7Pjg5rjg7zjg7MiPjxicj48YnI+Cgo8ZGl2IGNsYXNzPSJjYV8wMSI+Cgo8ZGl2IGlkPSJkZXRhaWxfYmFzZTIiPgogCjxpbWcgc3JjPSJodHRwOi8vaW1hZ2UucmFrdXRlbi5jby5qcC92aWVhbmdlL2NhYmluZXQvbG92ZXJzX2FuZF9yaW5nL2xvdmVyc3JpbmdfaW1hZ2UvbHNyMDYwN19pbWFnZS5qcGciIHdpZHRoPSI2NjAiIGhlaWdodD0iNDAwIiAvPgo8YnIgLz48YnIgLz4KCjxpbWcgc3JjPSJodHRwOi8vaW1hZ2UucmFrdXRlbi5jby5qcC92aWVhbmdlL2NhYmluZXQvbG92ZXJzX2FuZF9yaW5nL2xvdmVyc3JpbmdfaW1hZ2UvbHNyMDYwN19pbWFnZTIuanBnIiB3aWR0aD0iNjYwIiBoZWlnaHQ9IjEwOTAiIC8+CjxiciAvPjxiciAvPgo8L2Rpdj4KCiA8IS0t4pa84pa84pa844Kr44Op44O844OQ44Oq44Ko44O844K344On44Oz4pa84pa84pa8LS0+IAogIAogIDxpbWcgc3JjPSJodHRwOi8vaW1hZ2UucmFrdXRlbi5jby5qcC92aWVhbmdlL2NhYmluZXQvbG92ZXJzX2FuZF9yaW5nL2xvdmVyc3JpbmdfaW1hZ2UvbHJfdGl0bGVfY29sb3IuanBnIiB3aWR0aD0iNjYwIiBoZWlnaHQ9IjE0NSLjgIBhbHQ9IuOCq+ODqeODvOODkOODquOCqOODvOOCt+ODp+ODsyIgIC8+CiAgCiA8dGFibGUgYm9yZGVyPSIwIiB3aWR0aD0iNjYwcHgiPgogPHRyPjx0ZD4KIDxpbWcgc3JjPSJodHRwOi8vaW1hZ2UucmFrdXRlbi5jby5qcC92aWVhbmdlL2NhYmluZXQvbG92ZXJzX2FuZF9yaW5nL2xvdmVyc3JpbmdfaW1hZ2UvbHJfd2cuanBnIiB3aWR0aD0iMjUwIiBoZWlnaHQ9IjE0MCLjgIBhbHQ9IuODm+ODr+OCpOODiOOCtOODvOODq+ODiSIgLz4KIDwvdGQ+CiA8dGQ+CiA8Zm9udCBzaXplPSIyIiBjb2xvcj0iIzY5Njk2OSI+CiA8Yj7il4YxMOmHkS8xOOmHkeODm+ODr+OCpOODiOOCtOODvOODq+ODiTwvYj48YnI+CuODl+ODqeODgeODiuOCiOOCiuOCguWuieS+oeOBp+eZveOBj+i8neOBj+OBk+OBqOOBi+OCieS6uuawl+OBrue0oOadkOOBp+OBmeOAggrjg63jgrjjgqbjg6DjgrPjg7zjg4bjgqPjg7PjgrDjgYzmlr3jgZXjgozjgIHlpInoibLjgZfjgavjgY/jgYTjgZPjgajjgYwK54m55b6044Gn44GZ44CCPC9mb250PjwvdGQ+CiA8L3RyPiAKIDx0cj48dGQ+CiA8aW1nIHNyYz0iaHR0cDovL2ltYWdlLnJha3V0ZW4uY28uanAvdmllYW5nZS9jYWJpbmV0L2xvdmVyc19hbmRfcmluZy9sb3ZlcnNyaW5nX2ltYWdlL2xyX3BnLmpwZyIgd2lkdGg9IjI1MCIgaGVpZ2h0PSIxNDAi44CAYWx0PSLjg5Tjg7Pjgq/jgrTjg7zjg6vjg4kiIC8+CiA8L3RkPgogPHRkPgogPGZvbnQgc2l6ZT0iMiIgY29sb3I9IiM2OTY5NjkiPgogPGI+4peGMTDph5EvMTjph5Hjg5Tjg7Pjgq/jgrTjg7zjg6vjg4k8L2I+PGJyPgrjg5Tjg7Pjgq/jgrTjg7zjg6vjg4njga7mn5TjgonjgYvjgYTovJ3jgY3jga/jgIHkuIrlk4Hjgaflj6/mhJvjgonjgZfjgY8K5YSq44GX44GE6Zuw5Zuy5rCX44KS5ryU5Ye644GX44CB5aWz5oCn44Gr44Go44Gm44KC5Lq65rCX44Gn44GZ44CCCuOBvuOBn+aXpeacrOS6uuOBruiCjOOBq+mmtOafk+OBv+OChOOBmeOBhOOBqOOBhOOCj+OCjOOBpuOBiuOCiuOAgQrjg5XjgqHjg4Pjgrfjg6fjg7PmgKfjgoLpq5jjgY/jgIHjgrPjg7zjg4fjgqPjg43jg7zjg4jjgZfjgoTjgZnjgYTjgqvjg6njg7zjgafjgZnjgIIKPC9mb250PjwvdGQ+CiA8L3RyPiAKIDx0cj48dGQ+CiA8aW1nIHNyYz0iaHR0cDovL2ltYWdlLnJha3V0ZW4uY28uanAvdmllYW5nZS9jYWJpbmV0L2xvdmVyc19hbmRfcmluZy9sb3ZlcnNyaW5nX2ltYWdlL2xyX3lnLmpwZyIgd2lkdGg9IjI1MCIgaGVpZ2h0PSIxNDAi44CAYWx0PSLjgqTjgqjjg63jg7zjgrTjg7zjg6vjg4kiIC8+CiA8L3RkPgogPHRkPgogPGZvbnQgc2l6ZT0iMiIgY29sb3I9IiM2OTY5NjkiPgogPGI+4peGMTDph5EvMTjph5HjgqTjgqjjg63jg7zjgrTjg7zjg6vjg4k8L2I+PGJyPgroj6/jgoTjgYvjgafnvo7jgZfjgYTovJ3jgY3jgYzprYXlipvjga7jgqTjgqjjg63jg7zjgrTjg7zjg6vjg4njgIIK44Gd44Gu5a2Y5Zyo5oSf44GM5omL5YWD44KS5piO44KL44GP5b2p44KK44G+44GZ44CCCuasp+exs+OBp+OBr+ODluODqeOCpOODgOODq+OCuOODpeOCqOODquODvOOBrue0oOadkOOBqOOBl+OBpuOCggrjg53jg5Tjg6Xjg6njg7zjgafjgZnjgII8L2ZvbnQ+PC90ZD4KIDwvdHI+IAogPHRyPjx0ZD4KIDxpbWcgc3JjPSJodHRwOi8vaW1hZ2UucmFrdXRlbi5jby5qcC92aWVhbmdlL2NhYmluZXQvbG92ZXJzX2FuZF9yaW5nL2xvdmVyc3JpbmdfaW1hZ2UvbHJfcHQuanBnIiB3aWR0aD0iMjUwIiBoZWlnaHQ9IjE0MCLjgIBhbHQ9IuODl+ODqeODgeODiiIgLz4KIDwvdGQ+CiA8dGQ+CiA8Zm9udCBzaXplPSIyIiBjb2xvcj0iIzY5Njk2OSI+CiA8Yj7il4bjg5fjg6njg4Hjg4o5NTA8L2I+PGJyPgrjg5fjg6njg4Hjg4rjga/lpKnnhLbjga7nmb3jgYTovJ3jgY3jgpLmjIHjgaHjgIHogJDkuYXmgKfjgavlhKrjgozjgZ/luIzlsJHkvqHlgKTjga4K6auY44GE57Sg5p2Q44Gn44GZ44CC5aSJ6Imy44GX44Gr44GP44GP44CB44Gd44Gu576O44GX44GE55m944GE6Lyd44GN44GMCuOBhOOBpOOBvuOBp+OCguWkseOCj+OCjOOBquOBhOOBk+OBqOOBi+OCieOAgeOAjOawuOmBoOOBruaEm+OAjeOCkue0hOadn+OBmeOCiwrntZDlqZrmjIfovKrjgavjgoLlpJrjgY/kvb/nlKjjgZXjgozjgabjgYTjgb7jgZnjgII8L2ZvbnQ+PC90ZD4KIDwvdHI+IAogIDwvdGFibGU+CiAgCiAgPGJyPjxicj4KICAKICA8ZGl2IGNsYXNzPSJnb29kc18xMzA1XzA2Ij4KICA8cD7jgZTms6jmlofnorroqo3lvozjgIHllYblk4Hku6Pph5Hjgavov73liqDmlpnph5HjgpLliqDnrpfjgZfjgabjgZToq4vmsYLph5HpoY3jgpLlpInmm7TjgZXjgZvjgabjgYTjgZ/jgaDjgY3jgb7jgZnjgIIK5Yqg566X5b6M44Gu44GU6KuL5rGC6YeR6aGN44Gr44Gk44GE44Gm44Gv44CB44GU5rOo5paH56K66KqN5b6M44Gr44GK6YCB44KK44GZ44KL44Oh44O844Or44KS44GU56K66KqN6aGY44GE44G+44GZ44CCPGJyPuOBvuOBn+OAgee0oOadkOOBq+OCiOOCiue0jeacn+OBjOeVsOOBquOCiuOBvuOBmeOBruOBp+OBlOazqOaEj+OBj+OBoOOBleOBhOOAgiA8L3A+PC9kaXY+CiAgCiA8YnI+PGJyPgogCjwhLS3ilrzilrzilrzjg6rjg7PjgrDjgrXjgqTjgrrilrzilrzilrwtLT4gCiAgCiAgPGltZyBzcmM9Imh0dHA6Ly9pbWFnZS5yYWt1dGVuLmNvLmpwL3ZpZWFuZ2UvY2FiaW5ldC9sb3ZlcnNfYW5kX3JpbmcvbG92ZXJzcmluZ19pbWFnZS9scl90aXRsZV9zaXplNC5qcGciIHdpZHRoPSI2NjAiIGhlaWdodD0iODk3IuOAgGFsdD0i44Oq44Oz44Kw44K144Kk44K6IiBjbGFzcz0iaW1nMTAiIC8+CgogIDwhLS3ilrzilrzilrzliLvljbDjgrXjg7zjg5PjgrnilrzilrzilrwtLT4gCiAgCiAgPGltZyBzcmM9Imh0dHA6Ly9pbWFnZS5yYWt1dGVuLmNvLmpwL3ZpZWFuZ2UvY2FiaW5ldC9sb3ZlcnNfYW5kX3JpbmcvbG92ZXJzcmluZ19pbWFnZS9scl90aXRsZV9rb2t1aW4uanBnIiB3aWR0aD0iNjYwIiBoZWlnaHQ9IjU4IuOAgGFsdD0i5Yi75Y2w44K144O844OT44K5IiBjbGFzcz0iaW1nMTAiIC8+CiAgCiA8cCBjbGFzcz0iaW1nMjAiPuOBlOW4jOacm+OBruaWueOBq+OBr+OAgeODquODs+OCsOOBruWGheWBtOOBq+ODoeODg+OCu+ODvOOCuOOChOOBiuWQjeWJjeOBquOBqeOCkueEoeaWmeOBp+WIu+WNsCjmloflrZflhaXjgowp44GV44Gb44Gm44GE44Gf44Gg44GN44G+44GZ44CCPC9wPgogICAgCiAgICA8ZGl2IGNsYXNzPSJjbGVhcmZpeCBnb29kc18xMzA1XzA1Ij4KICAgICAgIDxkaXY+CiAgICAgICAgIDxwIGNsYXNzPSJpbWcyNSI+4peG5pu45L2T44Gv44OW44Ot44OD44Kv5L2T44GL562G6KiY5L2T44Gu44GE44Ga44KM44GL44KS44GK6YG444Gz44GE44Gf44Gg44GR44G+44GZ44CCPC9wPgogICAgICAgICDil4bkvbXjgZvjgabmmJ/luqfjg57jg7zjgq/jg7vkuIDpg6jjga7ntbXmloflrZfjgYzliLvljbDlj6/og73jgafjgZnjgILkvb/nlKjlj6/og73jgaroqJjlj7fjg7vntbXmloflrZfjgavplqLjgZfjgb7jgZfjgabjga/jgIHkuIvoqJjjgavmjrLnpLrjgZXjgozjgabjgYTjgb7jgZnmm7jkvZPopovmnKzjgpLjgZTlj4LnhafpoZjjgYTjgb7jgZnjgIIKICAgICAgPC9kaXY+CiAgICAgICA8aW1nIHNyYz0iaHR0cDovL2ltYWdlLnJha3V0ZW4uY28uanAvdmllYW5nZS9jYWJpbmV0L3BhcnRzL2xzcjA2NTBfNTJhLmpwZyIgLz4gIDwvZGl2PgogICAgCiAgICA8aW1nIHNyYz0iaHR0cDovL2ltYWdlLnJha3V0ZW4uY28uanAvdmllYW5nZS9jYWJpbmV0L3BhcnRzL2xzcjA2NTBfNTQuanBnIiBjbGFzcz0iaW1nMDUiIC8+CiAgICAKICA8cCBzdHlsZT0iZm9udC1zaXplOiAxNHB4OyIgY2xhc3M9ImltZzIwIj7igLvjgZPjgaHjgonjga7llYblk4HjgavlhaXjgozjgonjgozjgovliLvljbDmloflrZfmlbA8c3BhbiBzdHlsZT0iY29sb3I6ICNGRjAwNjYiPjMw5paH5a2X44G+44GnPC9zcGFuPuOBp+OBmeOAgjwvcD4KICA8cCBjbGFzcz0iaW1nMTAiPuOBk+OBruWVhuWTgeOBr+OAgeOCouODq+ODleOCoeODmeODg+ODiOWkp+aWh+Wtl+ODu+iLseaVsOWtl+WQiOOCj+OBm+OBpjxzcGFuIHN0eWxlPSJjb2xvcjogI0ZGMDA2NiI+MzDmloflrZfjgb7jgafliLvljbDlj6/og73vvIjkuIDmloflrZfntIQwLjnvvY3vvY3lpKfvvIk8L3NwYW4+44Gn44GZ44CC6KiY5Y+344CB44K544Oa44O844K544CB44Oe44O844Kv44Gq44Gp44KC77yR5paH5a2X5YiG44Go44GX44Gm44Kr44Km44Oz44OI44GV44KM44G+44GZ44CC44Oe44O844Kv44O757W15paH5a2X44KS44GU6KiY5YWl44Gu5aC05ZCI44Gv44CB5pu45L2T6KaL5pys44Gr6KiY6LyJ44GV44KM44Gm44GE44KL44Oe44O844Kv44Gu5Li455Wq5Y+344KS5Yi75Y2w5L2N572u44Gr44GU6KiY5YWl6aGY44GE44G+44GZ44CCPC9wPgogIAogIDxicj48YnI+CiAKIDxkaXYgY2xhc3M9Imdvb2RzXzEzMDVfMDYiPgogIDxwPuODl+ODq+ODgOOCpuODs+ODoeODi+ODpeODvOOBi+OCieOBlOW4jOacm+OBruabuOS9k+OCkuOBiumBuOOBs+OBj+OBoOOBleOBhOOAguazqOaWh+eUu+mdouOBruOAjOWIu+WNsOWvvuixoeWVhuWTgeOCkuOBlOazqOaWh+OBruaWueOBrwrjgZPjgaHjgonjgavjgZToqJjlhaXjgY/jgaDjgZXjgYTjgI3mrITjgavliLvljbDlhoXlrrnjgpLjgZToqJjlhaXjgY/jgaDjgZXjgYTjgILllYblk4HjgpIy5YCL5Lul5LiK44GK6LK344GE5LiK44GS44Gu5aC05ZCI44Gv44CBCuWIu+WNsOWvvuixoeWVhuWTgeOBjOWIhuOBi+OCi+OCiOOBhuOBlOS9teiomOOBiumhmOOBhOiHtOOBl+OBvuOBmeOAggrkvovjgIzjg6zjg4fjgqPjg7zjgrnvvJril4vil4vil4vil4vjgI3jgIzjg6Hjg7PjgrrvvJril4vil4vil4vil4vjgI3jgarjgak8L3A+PC9kaXY+Cgo8YnI+PGJyPgoKCgogIDwhLS3ilrzilrzilrzjg6njg4Pjg5Tjg7PjgrDjg7vjg6Hjg4Pjgrvjg7zjgrjjgqvjg7zjg4nilrzilrzilrwtLT4gICAKICAKICA8aW1nIHNyYz0iaHR0cDovL2ltYWdlLnJha3V0ZW4uY28uanAvdmllYW5nZS9jYWJpbmV0L3dyYXBwaW5nL3dyYXBwaW5nX3RpdGxlLmpwZyIgYWx0PSLjg6njg4Pjg5Tjg7PjgrAiPgoKPGJyPjxicj48YnI+Cgo8dGFibGUgYm9yZGVyPSIwIiB3aWR0aD0iNjYwcHgiPgo8dHI+Cjx0ZD4KPGltZyBzcmM9Imh0dHA6Ly9pbWFnZS5yYWt1dGVuLmNvLmpwL3ZpZWFuZ2UvY2FiaW5ldC93cmFwcGluZy9scl93cmFwXzAxXzEuanBnIiBhbHQ9IkxvdmVycyZSaW5n44CA6YCa5bi444Op44OD44OU44Oz44KwIj4KPC90ZD4KPHRkPgo8aW1nIHNyYz0iaHR0cDovL2ltYWdlLnJha3V0ZW4uY28uanAvdmllYW5nZS9jYWJpbmV0L3dyYXBwaW5nL2xyX3dyYXBfMDIuanBnIiBhbHQ9IkxvdmVycyZSaW5n44CA44Ko44Kz44Op44OD44OU44Oz44KwIj4KPC90ZD4KPHRkPgo8YSAgaHJlZj0iaHR0cDovL2l0ZW0ucmFrdXRlbi5jby5qcC92aWVhbmdlL2MvMDAwMDAwMDc4Mi8iPjxpbWcgc3JjPSJodHRwOi8vaW1hZ2UucmFrdXRlbi5jby5qcC92aWVhbmdlL2NhYmluZXQvd3JhcHBpbmcvbHJfd3JhcF8wMy5qcGciIGFsdD0iTG92ZXJzJlJpbmfjgIDjgrnjg5rjgrfjg6Pjg6vjg6njg4Pjg5Tjg7PjgrAiPjwvYT4KPC90ZD4KPC90cj4KPC90YWJsZT4KPGltZyBzcmM9Imh0dHA6Ly9pbWFnZS5yYWt1dGVuLmNvLmpwL3ZpZWFuZ2UvY2FiaW5ldC93cmFwcGluZy9raWtpbi5qcGciIGFsdD0i5aSp5L2/44Gu5Y215Z+66YeRIj4KICAKICA8YSAgaHJlZj0iaHR0cDovL2l0ZW0ucmFrdXRlbi5jby5qcC92aWVhbmdlL2MvMDAwMDAwMDc5MS8iPgo8aW1nIHNyYz0iaHR0cDovL2ltYWdlLnJha3V0ZW4uY28uanAvdmllYW5nZS9jYWJpbmV0L3dyYXBwaW5nL2xzX2NhcmQuanBnIiBhbHQ9IuODoeODg+OCu+ODvOOCuOOCq+ODvOODiSI+PC9hPgoKCiA8IS0t4pa84pa84pa844Oa44Ki44O75Y2Y5ZOB44Oq44Oz44Kv4pa84pa84pa8LS0+ICAgCiAKICA8aW1nIHNyYz0iaHR0cDovL2ltYWdlLnJha3V0ZW4uY28uanAvdmllYW5nZS9jYWJpbmV0L2xvdmVyc19hbmRfcmluZy9sb3ZlcnNyaW5nX2ltYWdlL2xyX2xpbmtfbWVucy5qcGciIHdpZHRoPSI2NjAiIGhlaWdodD0iNTgiIGNsYXNzPSJpbWcxMCIgLz4KICAKICAKIDxkaXYgY2xhc3M9ImxpbmtfcGFpcl9tZW5zIj4KICAgICA8ZGl2IGNsYXNzPSJ0YW5waW5fbGVmdCI+PGEgaHJlZj0iaHR0cDovL2l0ZW0ucmFrdXRlbi5jby5qcC92aWVhbmdlL2xzcjA2MDdway13Zy8iPgo8aW1nIHNyYz0iIGh0dHA6Ly9pbWFnZS5yYWt1dGVuLmNvLmpwL3ZpZWFuZ2UvY2FiaW5ldC9sb3ZlcnNfYW5kX3JpbmcvbG92ZXJzcmluZ19pbWFnZS9sc3IwNjA3X3BhaXIuanBnIiB3aWR0aD0iMjM1IiBoZWlnaHQ9IjIzNSIgY2xhc3M9ImltZzIwIiAvPjwvYT4gICAgICAgCiAgICA8L2Rpdj4KICAgIDxkaXYgY2xhc3M9InRhbnBpbl9yaWdodCI+PGEgaHJlZj0iIGh0dHA6Ly9pdGVtLnJha3V0ZW4uY28uanAvdmllYW5nZS9sc3IwNjA3d2cvIj4KPGltZyBzcmM9IiBodHRwOi8vaW1hZ2UucmFrdXRlbi5jby5qcC92aWVhbmdlL2NhYmluZXQvbG92ZXJzX2FuZF9yaW5nL2xvdmVyc3JpbmdfaW1hZ2UvbHNyMDYwN190YW5waW5fbWVucy5qcGciIHdpZHRoPSIyMzUiIGhlaWdodD0iMjM1IiBjbGFzcz0iaW1nMjAiIC8+PC9hPgogICAgPC9kaXY+CiAgPC9kaXY+CgoKCjxhIGhyZWY9Imh0dHA6Ly9pdGVtLnJha3V0ZW4uY28uanAvdmllYW5nZS9jLzAwMDAwMDA2NjYvIj48aW1nIHNyYz0iaHR0cDovL2ltYWdlLnJha3V0ZW4uY28uanAvdmllYW5nZS9jYWJpbmV0L2ltYWdlL21vcmVfcGFpcnJpbmcyLmpwZyIgd2lkdGg9IjY2MCIgaGVpZ2h0PSIxMjAiIGJvcmRlcj0iMCI+PC9hPjxicj48YnI+CiAgCiAgCiAgCiAgPGltZyBzcmM9Imh0dHA6Ly9pbWFnZS5yYWt1dGVuLmNvLmpwL3ZpZWFuZ2UvY2FiaW5ldC9wYXJ0cy9sc3IwNjUwXzY4LmdpZiIgY2xhc3M9ImltZzMwIiAvPgoKCjwvZGl2PjwvZGl2PgoKPHRhYmxlIHdpZHRoPSIzOTAiIGJvcmRlcj0iMCI+CiAgPHRyPgogICAgPHRkPjxmb250IGNvbG9yPSM2OTY5Njkgc2l6ZT0iMiI+44CQTG92ZXJzICYgUmluZ+OAkeOAkEZpcnN0IExvdmUg44K344Oq44O844K644CR44CQ44Kr44OD44OI44K/44Kk44OX44CRSzEw44Oa44Ki44Oq44Oz44KwPGJyPgogICAgICA8L3RkPgogIDwvdHI+CjwvdGFibGU+Cjx0YWJsZSB3aWR0aD0iMzkwIiBib3JkZXI9IjAiPgogIDx0cj4KICAgIDx0ZCB3aWR0aD0iMTI1Ij4mbmJzcDs8L3RkPgogICAgPHRkIHdpZHRoPSIxMzYiPiZuYnNwOzwvdGQ+CiAgICA8dGQgd2lkdGg9IjExNSI+Jm5ic3A7PC90ZD4KICA8L3RyPgogIDx0cj4KICAgIDx0ZD48ZGl2IGFsaWduPSJjZW50ZXIiPjwvZGl2PjwvdGQ+CiAgICA8dGQ+PGRpdiBhbGlnbj0iY2VudGVyIj48aW1nIHNyYz0iaHR0cDovL2ltYWdlLnJha3V0ZW4uY28uanAvdmllYW5nZS9jYWJpbmV0L2xvdmVyc19hbmRfcmluZy9sc3IwNjA3d2cxMDB4MTAwLmpwZyIgYWx0PSLjg6Hjg7PjgrrljZjkvZMiIHdpZHRoPSIxMDAiIGhlaWdodD0iMTAwIiBib3JkZXI9IjAiPjwvZGl2PjwvdGQ+CiAgICA8dGQ+PGRpdiBhbGlnbj0iY2VudGVyIj48aW1nIHNyYz0iaHR0cDovL2ltYWdlLnJha3V0ZW4uY28uanAvdmllYW5nZS9jYWJpbmV0L2xvdmVyc19hbmRfcmluZy9sc3IwNjA3LXBhaXIxMDB4MTAwLmpwZyIgYWx0PSLjg5rjgqLjg6rjg7PjgrAiIHdpZHRoPSIxMDAiIGhlaWdodD0iMTAwIiBib3JkZXI9IjAiPjwvZGl2PjwvdGQ+CiAgPC90cj4KICA8dHI+CiAgICA8dGQ+PGRpdiBhbGlnbj0iY2VudGVyIj48L2Rpdj48L3RkPgogICAgPHRkPjxkaXYgYWxpZ249ImNlbnRlciI+PGZvbnQgc2l6ZT0iLTEiPuODoeODs+OCuuWNmOWTgTwvZm9udD48L2Rpdj48L3RkPgogICAgPHRkPjxkaXYgYWxpZ249ImNlbnRlciI+PGZvbnQgc2l6ZT0iLTEiPuODmuOCouiyqeWjsjwvZm9udD48L2Rpdj48L3RkPgogIDwvdHI+CjwvdGFibGU+Cjx0YWJsZSB3aWR0aD0iMzkwIiBib3JkZXI9IjAiPgogIDx0cj4KICAgIDx0ZCB3aWR0aD0iODkiPiZuYnNwOzwvdGQ+CiAgICA8dGQgd2lkdGg9IjI5MSI+Jm5ic3A7PC90ZD4KICA8L3RyPgogIDx0cj4KICAgIDx0ZD48Zm9udCBjb2xvcj0jNjk2OTY5IHNpemU9IjIiPuKWoOOAgOe0oOadkOOAgOKWoDwvZm9udD48L3RkPgogICAgPHRkPiZuYnNwOzwvdGQ+CiAgPC90cj4KPC90YWJsZT4KPHRhYmxlIHdpZHRoPSIzOTAiIGJvcmRlcj0iMCI+CiAgPHRyPgogICAgPHRkIHdpZHRoPSI4OSI+PGRpdiBhbGlnbj0icmlnaHQiPjxmb250IGNvbG9yPSIjNjk2OTY5IiBzaXplPSIyIj7jg6zjg4fjgqPjg7zjgrnvvJo8L2ZvbnQ+PC9kaXY+PC90ZD4KICAgIDx0ZCB3aWR0aD0iMjkxIj48Zm9udCBjb2xvcj0jNjk2OTY5IHNpemU9IjIiPksxMCjjg5Tjg7Pjgq/jgrTjg7zjg6vjg4nvvIk8L2ZvbnQ+PC90ZD4KICA8L3RyPgogIDx0cj4KICAgIDx0ZD4mbmJzcDs8L3RkPgogICAgPHRkPiZuYnNwOzwvdGQ+CiAgPC90cj4KPC90YWJsZT4KPHRhYmxlIHdpZHRoPSIzOTAiIGJvcmRlcj0iMCI+CiAgPHRyPgogICAgPHRkPjxmb250IGNvbG9yPSM2OTY5Njkgc2l6ZT0iMiI+4pagIOWkp+OBjeOBlShtbSkg4pagPC9mb250PjwvdGQ+CiAgPC90cj4KPC90YWJsZT4KPHRhYmxlIHdpZHRoPSIzOTAiIGJvcmRlcj0iMCI+CiAgPHRyPgogICAgPHRkIHdpZHRoPSI4OSIgaGVpZ2h0PSIxNSI+Jm5ic3A7PC90ZD4KICAgIDx0ZCB3aWR0aD0iMjkxIj48Zm9udCBjb2xvcj0jNjk2OTY5IHNpemU9IjIiPuW5hee0hDIuMMOX5Y6a44G/57SEMS4wPC9mb250PjwvdGQ+CiAgPC90cj4KICA8dHI+CiAgICA8dGQ+Jm5ic3A7PC90ZD4KICAgIDx0ZD4mbmJzcDs8L3RkPgogIDwvdHI+CjwvdGFibGU+Cjx0YWJsZSB3aWR0aD0iMzkwIiBib3JkZXI9IjAiPgogIDx0cj4KICAgIDx0ZCB3aWR0aD0iODkiPjxmb250IGNvbG9yPSM2OTY5Njkgc2l6ZT0iMiI+4pag44CA6YeN6YeP44CA4pagPC9mb250PjwvdGQ+CiAgICA8dGQgd2lkdGg9IjI5MSI+Jm5ic3A7PC90ZD4KICA8L3RyPgo8L3RhYmxlPgo8dGFibGUgd2lkdGg9IjM5MCIgYm9yZGVyPSIwIj4KICA8dHI+CiAgICA8dGQgd2lkdGg9Ijg5Ij4mbmJzcDs8L3RkPgogICAgPHRkIHdpZHRoPSIyOTEiPjxmb250IGNvbG9yPSM2OTY5Njkgc2l6ZT0iMiI+57SEMS4wZzwvZm9udD48L3RkPgogIDwvdHI+CiAgPHRyPgogICAgPHRkPiZuYnNwOzwvdGQ+CiAgICA8dGQ+PGZvbnQgY29sb3I9IiMwMDk5RkYiIHNpemU9IjEiPuKAu+Wkp+OBjeOBleODu+mHjeOBleOBq+OBr+WkmuWwkeOBruWAi+S9k+W3ruOBjOeUn+OBmOOBvuOBmTwvZm9udD48L3RkPgogIDwvdHI+CjwvdGFibGU+Cjx0YWJsZSB3aWR0aD0iMzkwIiBib3JkZXI9IjAiPgogIDx0cj4KICAgIDx0ZCB3aWR0aD0iODgiIGhlaWdodD0iMTUiPjxmb250IGNvbG9yPSM2OTY5Njkgc2l6ZT0iMiI+4pag6KaP5a6a44K144Kk44K64pagPC9mb250PjwvdGQ+CiAgICA8dGQgd2lkdGg9IjI5MiI+Jm5ic3A7PC90ZD4KICA8L3RyPgo8L3RhYmxlPgo8dGFibGUgd2lkdGg9IjM5MCIgYm9yZGVyPSIwIj4KICA8dHI+CiAgICA8dGQgd2lkdGg9Ijg5IiBoZWlnaHQ9IjUxIj4mbmJzcDs8L3RkPgogICAgPHRkIHdpZHRoPSIyOTEiPjxmb250IGNvbG9yPSM2OTY5Njkgc2l6ZT0iMiI+NeWPt+OBi+OCiTIz5Y+344G+44GnPGJyPgrigLsyNOWPt+S7peS4iuOBruOCteOCpOOCuuOBr+WIpemAlOaWmemHkeOBjOeZuueUn+OBhOOBn+OBl+OBvuOBmeOAguOBvuOBn+OAgee0jeacn+OBjDHpgLHplpPjgbvjganplbfjgY/jgarjgorjgb7jgZnjgII8YnI+Cjxicj4K4oC7NOWPt+S7peS4i+OBruOCteOCpOOCuuOBruWgtOWQiOOAgei/veWKoOaWmemHkeOBr+eZuueUn+OBhOOBn+OBl+OBvuOBm+OCk+OBjOOAgTxmb250IGNvbG9yPSIjMDA5OUZGIj7ntI3mnJ/jgYwx6YCx6ZaT77yIN+WWtualreaXpe+8ieOBu+OBqeWKoOeul+OBleOCjOOBvuOBmTwvZm9udD7jgII8YnI+PGJyPgril4bopo/lrprlpJbjgrXjgqTjgrrjga7jgqrjg7zjg4Djg7zmlrnms5Xil4Y8YnI+Cjxicj4K44K144Kk44K644Gu44OX44Or44OA44Km44Oz44Oh44OL44Ol44O844KI44KK77yc5LiK6KiY5Lul5aSW77ye44KS44GU6YG45oqe5LiL44GV44GE44CC5rOo5paH55S76Z2i44Gu6YCa5L+h5qyE44Gr44GU5biM5pyb44Gu44K144Kk44K644KS44GU5piO6KiY44GP44Gg44GV44GE44CC5b2T5pa544Gr44Gm5beu6aGN44KS566X5Ye644Gu44GG44GI44CB44GK5a6i5qeY44Gr44GU6YCj57Wh44GE44Gf44GX44G+44GZ44CC44GK5a6i5qeY44Gu44GU5LqG5om/44KS44GE44Gf44Gg44GE44Gf5pmC54K544Gn44CB5b2T5pa544Gr44Gm6L+95Yqg5paZ6YeR44KS5Yqg566X44GX44Gm44CB44GU6KuL5rGC57eP6aGN44KS5aSJ5pu044GV44Gb44Gm44GE44Gf44Gg44GN44G+44GZ44CCCjwvZm9udD48L3RkPgogIDwvdHI+CiAgPHRyPgogICAgPHRkPiZuYnNwOzwvdGQ+CiAgICA8dGQ+Jm5ic3A7PC90ZD4KICA8L3RyPgo8L3RhYmxlPgo8dGFibGUgd2lkdGg9IjM5MCIgYm9yZGVyPSIwIj4KICA8dHI+CiAgICA8dGQgd2lkdGg9IjIxMSI+PGZvbnQgY29sb3I9IzY5Njk2OSBzaXplPSIyIj7ilqAg5Yi75Y2w5Y+v6IO95paH5a2X5pWwIC/jg5Xjgqnjg7Pjg4jjgrXjgqTjgrog4pagPC9mb250PjwvdGQ+CiAgICA8dGQgd2lkdGg9IjE2OSI+Jm5ic3A7PC90ZD4KICA8L3RyPgo8L3RhYmxlPgo8dGFibGUgd2lkdGg9IjM5MCIgYm9yZGVyPSIwIj4KICA8dHI+CiAgICA8dGQgd2lkdGg9Ijg5Ij4mbmJzcDs8L3RkPgogICAgPHRkIHdpZHRoPSIyOTEiPjxmb250IGNvbG9yPSM2OTY5Njkgc2l6ZT0iMiI+MzDmloflrZcgLyDkuIDmloflrZfntIQwLjnvvY3vvY3lpKc8L2ZvbnQ+PC90ZD4KICA8L3RyPgogIDx0cj4KICAgIDx0ZD4mbmJzcDs8L3RkPgogICAgPHRkPiZuYnNwOzwvdGQ+CiAgPC90cj4KPC90YWJsZT4KPHRhYmxlIHdpZHRoPSIzOTAiIGJvcmRlcj0iMCI+CiAgPHRyPgogICAgPHRkIHdpZHRoPSIyMTEiPjxmb250IGNvbG9yPSM2OTY5Njkgc2l6ZT0iMiI+4pagIOijj+efs+WFpeOCjOOCquODl+OCt+ODp+ODs+KWoDwvZm9udD48L3RkPgogICAgPHRkIHdpZHRoPSIxNjkiPiZuYnNwOzwvdGQ+CiAgPC90cj4KPC90YWJsZT4KPHRhYmxlIHdpZHRoPSIzOTAiIGJvcmRlcj0iMCI+CiAgPHRyPgogICAgPHRkIHdpZHRoPSI4OSI+Jm5ic3A7PC90ZD4KICAgIDx0ZCB3aWR0aD0iMjkxIj48Zm9udCBjb2xvcj0jNjk2OTY5IHNpemU9IjIiPuWvvuW/nOS4jeWPrzwvZm9udD48L3RkPgogIDwvdHI+CiAgPHRyPgogICAgPHRkPiZuYnNwOzwvdGQ+CiAgICA8dGQ+Jm5ic3A7PC90ZD4KICA8L3RyPgo8L3RhYmxlPgo8dGFibGUgd2lkdGg9IjM5MCIgYm9yZGVyPSIwIj4KICA8dHI+CiAgICA8dGQgd2lkdGg9IjMzMiI+PGZvbnQgY29sb3I9IzY5Njk2OSBzaXplPSIyIj7ilqDmnKrkvb/nlKjlk4Hjga7jgrXjgqTjgrrlpInmm7TvvIjliJ3mnJ/jgrXjgqTjgrrlpInmm7TvvInjgavjgaTjgYTjgabilqA8L2ZvbnQ+PC90ZD4KICAgIDx0ZCB3aWR0aD0iNDgiPiZuYnNwOzwvdGQ+CiAgPC90cj4KPC90YWJsZT4KPHRhYmxlIHdpZHRoPSIzOTAiIGJvcmRlcj0iMCI+CiAgPHRyPgogICAgPHRkIHdpZHRoPSI4OSIgaGVpZ2h0PSI1MSI+Jm5ic3A7PC90ZD4KICAgIDx0ZCB3aWR0aD0iMjkxIj48Zm9udCBjb2xvcj0iIzY5Njk2OSIgc2l6ZT0iMiI+PGJyPuS4h+OBjOS4gOOBiuWuouanmOOBruOBiuaJi+WFg+OBq+WxiuOBhOOBn+WVhuWTgeOBruOCteOCpOOCuuOBjOWQiOOCj+OBmuOAgeS7luOBruOCteOCpOOCuuOBuOOBruWkieabtOOCkuOBlOW4jOacm+OBruWgtOWQiOOBq+OBr+OAgTxmb250IGNvbG9yPSIjMDA5OUZGIj7mnKrkvb/nlKjjga7lk4HjgavpmZDjgoo8L2ZvbnQ+44K144Kk44K655u044GX44CB44G+44Gf44Gv44K144Kk44K65Lqk5o+b44KS5om/44KK44G+44GZ44CC5b+F44GaPGZvbnQgY29sb3I9IiMwMDk5RkYiPuWVhuWTgeWIsOedgOW+jDHpgLHplpPku6XlhoU8L2ZvbnQ+44Gr44GU6YCj57Wh44GE44Gf44Gg44GN44G+44GZ44KI44GG44GK6aGY44GE55Sz44GX5LiK44GS44G+44GZ44CCPGJyPgogICAgICA8YnI+CuKXhuWVhuWTgeWIsOedgOW+jDHpgLHplpPku6XlhoXjgavjgZTpgKPntaHjgYTjgZ/jgaDjgZHjgarjgYvjgaPjgZ/loLTlkIjjgoTjgIHllYblk4HjgavokZfjgZfjgYTkvb/nlKjnl5XjgarjganjgYzjgYLjgovloLTlkIjjgavjga/jgrXjgqTjgrrlpInmm7Tjg7vkuqTmj5vjgpLmib/jgorjgYvjga3jgovjgZPjgajjgoLjgZTjgZbjgYTjgb7jgZnjga7jgafjgZTkuobmib/poZjjgYTjgb7jgZnjgII8YnI+PGJyPgril4bllYblk4Hlj5fjgZHmuKHjgZfjgavplqLjgo/jgovlvoDlvqnjga7pgIHmlpnjga/jgIHjgYrlrqLmp5jjga7jgZTosqDmi4Xjgajjgarjgorjgb7jgZnjgII8YnI+PGJyPgril4bllYblk4Hjgas8Zm9udCBjb2xvcj0iIzAwOTlGRiI+5Yi75Y2w44KS5YWl44KM44Gm44GE44KL5aC05ZCIPC9mb250PuOChDxmb250IGNvbG9yPSIjMDA5OUZGIj7oo4/nn7PjgpLnlZnjgoHjgabjgYTjgovloLTlkIg8L2ZvbnQ+44Gv44CB5Lqk5o+b5omL5pWw5paZ44GM5Yil6YCU55m655Sf44GE44Gf44GX44G+44GZ44CC44G+44Gf44CB6KaP5a6a5aSW44K144Kk44K644Gr6Zai44KP44KL44K144Kk44K65aSJ5pu044Gv44K144Kk44K65beu6aGN5paZ44GM5Yil6YCU55m655Sf44GE44Gf44GX44G+44GZ44CC6Kmz57Sw44Gr6Zai44GX44G+44GX44Gm44Gv44CB44GT44Gh44KJ44Gu44CM5Yid5pyf44K144Kk44K65aSJ5pu044Gu55uu5a6J44CN44KS44GU5Y+C54Wn44Gu44GG44GI44CB44Oh44O844Or44Gr44Gm44GK5ZWP44GE5ZCI44KP44Gb6aGY44GE44G+44GZ44CCPGJyPjxicj4K4peG5pys44K144O844OT44K544Gu6YGp55So44Gv44CB5Yid5Zue6ZmQ44KK44Go44GV44Gb44Gm44GE44Gf44Gg44GN44G+44GZ44CCCjwvZm9udD48L3RkPgogIDwvdHI+CiAgPHRyPgogICAgPHRkPiZuYnNwOzwvdGQ+CiAgICA8dGQ+Jm5ic3A7PC90ZD4KICA8L3RyPgo8L3RhYmxlPgo8dGFibGUgd2lkdGg9IjM5MCIgYm9yZGVyPSIwIj4KICA8dHI+CiAgICA8dGQgd2lkdGg9IjMyMiI+PGZvbnQgY29sb3I9IzY5Njk2OSBzaXplPSIyIj7ilqDjgZTkvb/nlKjjgavjgarjgonjgozjgZ/llYblk4Hjga7jgrXjgqTjgrrnm7TjgZfjga7lj6/lkKYv55u044GX5bmF4pagPC9mb250PjwvdGQ+CiAgICA8dGQgd2lkdGg9IjU4Ij4mbmJzcDs8L3RkPgogIDwvdHI+CjwvdGFibGU+Cjx0YWJsZSB3aWR0aD0iMzkwIiBib3JkZXI9IjAiPgogIDx0cj4KICAgIDx0ZCB3aWR0aD0iODgiPjxkaXYgYWxpZ249InJpZ2h0Ij48Zm9udCBjb2xvcj0iIzY5Njk2OSIgc2l6ZT0iMiI+44Os44OH44Kj44O844K577yaPC9mb250PjwvZGl2PgogICAgPC90ZD4KICAgIDx0ZCB3aWR0aD0iMjkyIj48Zm9udCBjb2xvcj0jNjk2OTY5IHNpemU9IjIiPuS4jeWPrzwvZm9udD48L3RkPgogIDwvdHI+CiAgPHRyPgogICAgPHRkIGhlaWdodD0iMzgiPiZuYnNwOzwvdGQ+CiAgICA8dGQ+PGZvbnQgY29sb3I9IzY5Njk2OSBzaXplPSIyIj7igLvmnKzllYblk4Hjga7ku5Xmp5jkuIrjgIHjgZTos7zlhaXlvozjgZTkvb/nlKjjgavjgarjgonjgozjgZ/llYblk4Hjga7jgrXjgqTjgrrnm7TjgZfjga88Zm9udCBjb2xvcj0iIzAwOTlGRiI+5Y6f5YmH44Go44GX44Gm44GK5Y+X44GR44GZ44KL44GT44Go44GM44Gn44GN44G+44Gb44KTPC9mb250PuOAguOBn+OBoOOBl+OAgeOBiuWuouanmOOBruOBlOS6huaJv+OBruOCguOBqOOCteOCpOOCuuebtOOBl+OBjOWPr+iDveOBquWgtOWQiOOCguOBlOOBluOBhOOBvuOBmeOBruOBp+OAgeODoeODvOODq+OBq+OBpuOBiuWVj+OBhOWQiOOCj+OBm+mhmOOBhOOBvuOBmeOAgjwvZm9udD48L3RkPgogIDwvdHI+CiAgPHRyPgogICAgPHRkIGhlaWdodD0iMTUiPiZuYnNwOzwvdGQ+CiAgICA8dGQ+Jm5ic3A7PC90ZD4KICA8L3RyPgo8L3RhYmxlPgo8dGFibGUgd2lkdGg9IjM5MCIgYm9yZGVyPSIwIj4KICA8dHI+CiAgICA8dGQ+PGZvbnQgY29sb3I9IzAwOTlGRiBzaXplPSIrMSI+4peG5Yi75Y2w54Sh5paZ44K144O844OT44K54peGPC9mb250Pjxicj4KICAgICAgPGJyPgogICAgICA8Zm9udCBjb2xvcj0jNjk2OTY5IHNpemU9IjIiPuOBlOW4jOacm+OBruaWueOBq+OBr+OAgeODquODs+OCsOOBruWGheWBtOOBq+ODoeODg+OCu+ODvOOCuOOChOOBiuWQjeWJjeOBquOBqeOCkueEoeaWmeOBp+WIu+WNsCjmloflrZflhaXjgowp44GV44Gb44Gm44GE44Gf44Gg44GN44G+44GZ44CCPC9mb250Pjxicj4KICAgICAgPGJyPgogICAgICA8Zm9udCBjb2xvcj0jNjk2OTY5IHNpemU9IjIiPuKXhuabuOS9k+OBrzxmb250IGNvbG9yPSIjMDA5OUZGIj7jg5bjg63jg4Pjgq/kvZM8Zm9udCBjb2xvcj0iIzY5Njk2OSI+44GLPC9mb250PuethuiomOS9kzwvZm9udD7jga7jgYTjgZrjgozjgYvjgpLjgYrpgbjjgbPjgYTjgZ/jgaDjgZHjgb7jgZnjgII8L2ZvbnQ+PGJyPgogICAgICA8Zm9udCBjb2xvcj0jNjk2OTY5IHNpemU9IjIiPuKXhuS9teOBm+OBpjxmb250IGNvbG9yPSIjMDA5OUZGIj7mmJ/luqfjg57jg7zjgq/jg7vkuIDpg6jjga7ntbXmloflrZc8L2ZvbnQ+44GM5Yi75Y2w5Y+v6IO944Gn44GZ44CC5L2/55So5Y+v6IO944Gq6KiY5Y+344O757W15paH5a2X44Gr6Zai44GX44G+44GX44Gm44Gv44CB5pys55S76Z2i5bem5YG044Gr5o6y56S644GV44KM44Gm44GE44G+44GZPGZvbnQgY29sb3I9IiMwMDk5RkYiPuabuOS9k+imi+acrDwvZm9udD7jgpLjgZTlj4LnhafpoZjjgYTjgb7jgZnjgII8L2ZvbnQ+PGJyPgogICAgICA8YnI+CiAgICAgIDxmb250IGNvbG9yPSM2OTY5Njkgc2l6ZT0iMiI+44GT44Gu5ZWG5ZOB44Gv44CB44Ki44Or44OV44Kh44OZ44OD44OI5aSn5paH5a2X44O76Iux5pWw5a2X5ZCI44KP44Gb44GmPGZvbnQgY29sb3I9IiMwMDk5RkYiIHNpemU9IisxIj48c3Ryb25nPjMw5paH5a2XPC9zdHJvbmc+PC9mb250PuOBvuOBp+WIu+WNsOWPr+iDveOBp+OBmeOAguiomOWPt+OAgeOCueODmuODvOOCueOAgeODnuODvOOCr+OBquOBqeOCgu+8keaWh+Wtl+WIhuOBqOOBl+OBpuOCq+OCpuODs+ODiOOBleOCjOOBvuOBmeOAguODnuODvOOCr+ODu+e1teaWh+Wtl+OCkuOBlOiomOWFpeOBruWgtOWQiOOBr+OAgeabuOS9k+imi+acrOOBq+iomOi8ieOBleOCjOOBpuOBhOOCizxmb250IGNvbG9yPSIjMDA5OUZGIj7jg57jg7zjgq/jga48c3Ryb25nPuS4uOeVquWPtzwvc3Ryb25nPjwvZm9udD7jgpLliLvljbDkvY3nva7jgavjgZToqJjlhaXpoZjjgYTjgb7jgZnjgII8L2ZvbnQ+PC90ZD4KICA8L3RyPgo8L3RhYmxlPgo8dGFibGUgd2lkdGg9IjM5MCIgYm9yZGVyPSIwIj4KICA8dHI+CiAgICA8dGQgaGVpZ2h0PSI0OSI+PGJyPjxkaXYgYWxpZ249ImNlbnRlciI+PGltZyBzcmM9Imh0dHA6Ly9pbWFnZS5yYWt1dGVuLmNvLmpwL3ZpZWFuZ2UvY2FiaW5ldC9sb3ZlcnNfYW5kX3Jpbmcva29rdWluX2ltYWdlLmdpZiIgYWx0PSLoqJjlhaXkvosiIHdpZHRoPSIzNTMiIGhlaWdodD0iMjAxIj48L2Rpdj48L3RkPgogIDwvdHI+CjwvdGFibGU+Cjx0YWJsZSB3aWR0aD0iMzkwIiBib3JkZXI9IjAiPgogIDx0cj4KICAgIDx0ZD48YnI+PGZvbnQgY29sb3I9IzAwOTlGRiBzaXplPSIyIj7ilqDliLvljbDjga7jgZTms6jmlofmlrnms5XilqA8L2ZvbnQ+PGJyPgogICAgICA8YnI+CiAgICAgIDxmb250IGNvbG9yPSM2OTY5Njkgc2l6ZT0iMiI+44OX44Or44OA44Km44Oz44O744Oh44OL44Ol44O844GL44KJ44GU5biM5pyb44Gu5pu45L2T44KS44GK6YG444Gz44GP44Gg44GV44GE44CC5rOo5paH55S76Z2i44Gu44CM44GK5bqX44G444Gu44Oh44OD44K744O844K444CN5qyE44GrPGZvbnQgY29sb3I9IiMwMDk5RkYiPuWIu+WNsOWGheWuuTwvZm9udD7jgpLjgZToqJjlhaXjgY/jgaDjgZXjgYTjgILllYblk4HjgpIy5YCL5Lul5LiK5ZCM5pmC44Gr44GK6LK344GE5rGC44KB44GE44Gf44Gg44GE44Gf5aC05ZCI44Gv44CB5Yi75Y2w5a++6LGh5ZWG5ZOB44GM44KP44GL44KL44KI44GG44CBPGZvbnQgY29sb3I9IiMwMDk5RkYiPuWVhuWTgeeVquWPtzwvZm9udD7jgoLjgZTkvbXoqJjpoZjjgYTjgb7jgZnjgII8L2ZvbnQ+IDwvdGQ+CiAgPC90cj4KPC90YWJsZT48IS0t4pa84pa8IOW3puW4r+ODquODs+OCr+OBguOCiiDilrzilrwtLT4KCjxkaXYgaWQ9ImhpZGFyaS1vYmkiPgoKPHN0eWxlPgojaGlkYXJpLW9iaSB7CnBvc2l0aW9uOiBhYnNvbHV0ZTsKdG9wOjBweDsKbGVmdDoxMHB4OwpiYWNrZ3JvdW5kOiB1cmwoImh0dHBzOi8vaW1hZ2UucmFrdXRlbi5jby5qcC92aWVhbmdlL2NhYmluZXQvY2FtcGFpZ24vc2NibnJfMDUxNS5qcGciKSByZXBlYXQteSBsZWZ0IHRvcCA7Cn0KI2hpZGFyaS1vYmkgYSB7CmRpc3BsYXk6IGJsb2NrOwpoZWlnaHQ6OTMwMHB4Oy8q44Oa44O844K45YWo5L2T44Gu6auY44GVKi8Kd2lkdGg6IDE0MHB4Oy8q5biv44Gu5bmFKi8KfQo8L3N0eWxlPgoKPC9kaXY+CgoKCjwhLS3ilrzilrwg5bem5biv44Oq44Oz44Kv44Gq44GXIOKWvOKWvC0tPgoKCgoKPCEtLeKWvOKWvCDlt6bluK/jg6rjg7Pjgq/jgarjgZcg4pa84pa8LS0+Cgo8IS0tCjxzdHlsZSB0eXBlPSJ0ZXh0L2NzcyI+CmJvZHl7CmJhY2tncm91bmQtaW1hZ2U6IHVybCgiaHR0cDovL2ltYWdlLnJha3V0ZW4uY28uanAvdmllYW5nZS9jYWJpbmV0L2NhbXBhaWduL2Jucl8xMDEyLmpwZyIpOwpiYWNrZ3JvdW5kLXJlcGVhdDogcmVwZWF0LXk7CmJhY2tncm91bmQtYXR0YWNobWVudDogc2Nyb2xsOwpiYWNrZ3JvdW5kLXBvc2l0aW9uOmxlZnQKfQo8L3N0eWxlPgotLT4KCgoKCjxzdHlsZSB0eXBlPSJ0ZXh0L2NzcyI+CgovKiDjgYrmsJfjgavlhaXjgorllYblk4EgKi8KCiNyYWt1dGVuTGltaXRlZElkX2Fyb3VuZENhcnQgI3NlcnZpY2VUYWJsZVNtbCB0ZC5mYXZvcml0ZSB7CgpwYWRkaW5nLXRvcDogNXB4OwoKfQoKI3Jha3V0ZW5MaW1pdGVkSWRfYXJvdW5kQ2FydCBkaXYuYm9va21hcmtBcmVhIGRpdi5ia20gewoKd2lkdGg6IDI5MXB4ICFpbXBvcnRhbnQ7CgpoZWlnaHQ6MzNweCAhaW1wb3J0YW50OwoKcGFkZGluZzogMHB4IDBweCAxMHB4IDBweCAhaW1wb3J0YW50OwoKfQoKI3Jha3V0ZW5MaW1pdGVkSWRfYXJvdW5kQ2FydCBkaXYuYm9va21hcmtBcmVhIGRpdi5ia20gYS5hZGRCa20gewoKd2lkdGg6IDI5MXB4ICFpbXBvcnRhbnQ7CgpoZWlnaHQ6MzNweCAhaW1wb3J0YW50OwoKfQoKI3Jha3V0ZW5MaW1pdGVkSWRfYXJvdW5kQ2FydCBkaXYuYm9va21hcmtBcmVhIGRpdi5ia20gYS5hZGRCa20gc3Bhbi5ia21TdGFyIHsKCmRpc3BsYXk6IGlubGluZS1ibG9jayAhaW1wb3J0YW50OwoKd2lkdGg6IDI5MXB4ICFpbXBvcnRhbnQ7CgpoZWlnaHQ6MzNweCAhaW1wb3J0YW50OwoKbWFyZ2luOjBweCAwcHggMTBweCAwcHggIWltcG9ydGFudDsKCmJhY2tncm91bmQ6IHVybCgiaHR0cDovL2ltYWdlLnJha3V0ZW4uY28uanAvdmllYW5nZS9jYWJpbmV0L2Jucl9mYXZpdGVtLmpwZyIpIG5vLXJlcGVhdCAhaW1wb3J0YW50OwoKfQoKIAoKLyog44GK5rCX44Gr5YWl44KK44K344On44OD44OXICovCgpkaXYuYm9va21hcmtBcmVhIHsKCndpZHRoOiAyOTFweCAhaW1wb3J0YW50OwoKfQoKI3Jha3V0ZW5MaW1pdGVkSWRfYXJvdW5kQ2FydCBkaXYuc2hvcEJvb2ttYXJrQXJlYSBkaXYuc2hvcEJrbSB7Cgp3aWR0aDogMjkxcHggIWltcG9ydGFudDsKCmhlaWdodDozM3B4ICFpbXBvcnRhbnQ7CgpwYWRkaW5nOiAwcHggMHB4ICFpbXBvcnRhbnQ7CgpwYWRkaW5nLWxlZnQ6IDBweCAhaW1wb3J0YW50OwoKfQoKI3Jha3V0ZW5MaW1pdGVkSWRfYXJvdW5kQ2FydCBkaXYuc2hvcEJvb2ttYXJrQXJlYSBkaXYuc2hvcEJrbSBhLmFkZFNob3BCa20gc3Bhbi5zaG9wQmttU3RhciB7CgpkaXNwbGF5OiBpbmxpbmUtYmxvY2sgIWltcG9ydGFudDsKCndpZHRoOiAyOTFweCAhaW1wb3J0YW50OwoKaGVpZ2h0OjMzcHggIWltcG9ydGFudDsKCm1hcmdpbi1yaWdodDogMHB4ICFpbXBvcnRhbnQ7CgpiYWNrZ3JvdW5kOiB1cmwoImh0dHA6Ly9pbWFnZS5yYWt1dGVuLmNvLmpwL3ZpZWFuZ2UvY2FiaW5ldC9ibnJfZmF2c2hvcC5qcGciKSBuby1yZXBlYXQgIWltcG9ydGFudDsKCn0KPC9zdHlsZT4KCgoKCjxkaXYgaWQ9InByZXNlbnRfYmFzZSIgY2xhc3M9ImNsZWFyZml4Ij4KICAgPGRpdiBjbGFzcz0icHJlc2VudF9pbWciPjxpbWcgc3JjPSJodHRwOi8vaW1hZ2UucmFrdXRlbi5jby5qcC92aWVhbmdlL2NhYmluZXQvdG1nL2Zvb3RfcHJlMDEuZ2lmIiBhbHQ9IuWkp+WIh+OBquOBguOBruS6uuOBq+e0oOaVteOBquODl+ODrOOCvOODs+ODiCIgd2lkdGg9IjE5OSIgaGVpZ2h0PSIyOTUiIC8+PC9kaXY+CiAgIDxkaXYgY2xhc3M9InByZXNlbnRfdHh0Ij48cD7lvZPlupfjga/jgIHkurrmsJfjgqLjgq/jgrvjgrXjg6rjg7zjg5bjg6njg7Pjg4njgIzlpKnkvb/jga7ljbXjgI3jgoTjgIzmnKrmnaXlpKnkvb/jgI3jgpLjga/jgZjjgoHjgIHoqpXnlJ/nn7Pjga7jg5rjg7Pjg4Djg7Pjg4jjgoTjg6rjg7PjgrDjgarjganjgIHjg5fjg6zjgrzjg7Pjg4jjgavjg5Tjg4Pjgr/jg6rjgarjgqLjgq/jgrvjgrXjg6rjg7zjgpLlj5bmibHjgYbpgJrosqnjgrfjg6fjg4Pjg5fjgafjgZnjgII8L3A+PGJyIC8+CuOAjOWEquOBl+OBhOWFieOBq+OBpOOBpOOBvuOCjOOCi+awuOmBoOOBruWRveOAjeOCkuihqOePvuOBl+OBn+OCs+ODs+OCu+ODl+ODiOOCuOODpeOCqOODquODvOOAjOacquadpeWkqeS9v+OAjeOBr+acquadpeOBq+WQkeOBkeOBpui8neOBkeOCi+WRveOBruOBmeOBsOOCieOBl+OBleOCkuWkmuW9qeOBquODhuODvOODnuODu+ODh+OCtuOCpOODs+OBp+ihqOePvuOBl+OBpuOBhOOBvuOBmeOAgjxiciAvPgrjgZ3jgpPjgarmnKrmnaXlpKnkvb/jgYvjgonjga7jg5fjg6zjgrzjg7Pjg4jjgajjgYTjgYbjgrPjg7Pjgrvjg5fjg4jjgafkvZzjgonjgozjgZ/jgIzlpKnkvb/jga7ljbXjgI3jga/jgIHjgIzoqpXnlJ/jga7llpzjgbPjgI3jgoTjgIznlJ/jgY3jgovjgZPjgajjga7mhJ/li5Xjgajos57os5vjgI3jgpLjg4bjg7zjg57jgajjgZfjgablibXjgonjgozjgIHljbXjgajnvr3jga7jg5Djg6njg7Pjgrnjga7oia/jgYTjgoTjgZXjgZfjgYTjg4fjgrbjgqTjg7PjgYzmhJvjgZXjgozjgabjgYTjgovjg63jg7PjgrDjgrvjg6njg7zjga7kurrmsJfjgqLjgq/jgrvjgrXjg6rjg7zjgafjgZnjgILmmK/pnZ7jgIHlpKfliIfjgarkurrjgbjjga7jg5fjg6zjgrzjg7Pjg4jnrYnjgavjgoLjgZTmtLvnlKjkuIvjgZXjgYTvvIE8L2Rpdj4KPC9kaXY+CgoKCgoKPCEtLeKWvOKWvOKWvOODrOODk+ODpeODvOODu+azqOaWh+eKtuazgeKWvOKWvOKWvC0tPiAgIAoKICAgICAgICAgICAgPGgyPjxpbWcgc3JjPSJodHRwOi8vd3d3LnJha3V0ZW4ubmUuanAvZ29sZC92aWVhbmdlL2ltZy90aXRsZV8wNi5qcGciIGFsdD0i44Os44OT44Ol44O8IiB3aWR0aD0iNjg4IiBoZWlnaHQ9IjcwIiAvPjwvaDI+CiAgICAgICAgICAgIDxicj48YnI+CiAgCgkgIDxicj4gPGJyPiA8YnI+IAogICAgICAgICAgICAgICAgICA8aDI+PGltZyBzcmM9Imh0dHA6Ly93d3cucmFrdXRlbi5uZS5qcC9nb2xkL3ZpZWFuZ2UvaW1nL3RpdGxlXzA3LmpwZyIgYWx0PSLms6jmlofnirbms4EiIHdpZHRoPSI2ODgiIGhlaWdodD0iNzAiIC8+PC9oMj4KICAgICAgICAgICAgICAgICAgICAgICAgICAgICAgPGJyPiA8YnI+IAo8YnI+IDxicj4gPGJyPg==,44CQ5Y+X5rOo55Sf55Sj44CR44CQ5Yi75Y2w54Sh5paZ44CR4peGTG92ZXJzICZhbXA7IFJpbmcg44Op44OQ44O844K644Oq44Oz44Kw4peGSzEw44OU44Oz44Kv44K044O844Or44OJ44Oq44Oz44KwKOODrOODh+OCo+ODvOOCuSnjgJBMU1IwNjA3UEvjgJHjgJBLMTAg44OU44Oz44Kv44K044O844Or44OJIOODquODs+OCsCDjg5rjgqLjg6rjg7PjgrAg44Oa44KiIOaMh+i8qiDjg6njg5bjg6rjg7PjgrAg44OX44Os44K844Oz44OIIOOCruODleODiCDjgqLjgq/jgrvjgrXjg6rjg7wg44Ki44Kv44K7IOOCuOODpeOCqOODquODvCDjgq7jg5Xjg4gg5aa7ICDliLvljbDjgJHvvJrlpKnkvb/jga7ljbUgd2l0aCBMT1ZFUlMgU0NFTkU=,5aSp5L2/44Gu5Y215pyq5p2l5aSp5L2/44K544Oa44O844K544Kv44Oq44Ko44O844K/44O844K444Ol44Ko44Oq44O844K344Or44OQ44O844Ki44Kv44K744K144Oq44O844OU44Oz44Kv44K344Or44OQ44O844ON44OD44Kv44Os44K555u05Za25bqX44Kv44Oq44K544Oe44K56ZmQ5a6a44Oa44Oz44OA44Oz44OI5oyH6Lyq44OU44Ki44K544OX44Os44K844Oz44OI44OZ44OT44O844K544OX44O844Oz44Os44OH44Kj44O844K544Op44OQ44O844K644K344O844Oz57WQ5ama5oyH6Lyq44Oa44Ki44Oq44Oz44Kw6KqV55Sf55+z44CQ5Y+X5rOo55Sf55Sj44CR44CQ5Yi75Y2w54Sh5paZ44CR4peGTG92ZXJzICZhbXA7IFJpbmcg44Op44OQ44O844K644Oq44Oz44Kw4peGSzEw44OU44Oz44Kv44K044O844Or44OJ44Oq44Oz44KwKOODrOODh+OCo+ODvOOCuSnjgJBMU1IwNjA3UEvjgJHjgJBLMTAg44OU44Oz44Kv44K044O844Or44OJIOODquODs+OCsCDjg5rjgqLjg6rjg7PjgrAg44Oa44KiIOaMh+i8qiDjg6njg5bjg6rjg7PjgrAg44OX44Os44K844Oz44OIIOOCruODleODiCDjgqLjgq/jgrvjgrXjg6rjg7wg44Ki44Kv44K7IOOCuOODpeOCqOODquODvCDjgq7jg5Xjg4gg5aa7ICDliLvljbDjgJE=,44CQ5Y+X5rOo55Sf55Sj44CR44Oq44Oz44Kw44Op44Kk44Oz44GM576O44GX44GE44OU44Oz44Kv44K044O844Or44OJ44Oq44Oz44Kw44CC44CQ5Y+X5rOo55Sf55Sj44CR44CQ5Yi75Y2w54Sh5paZ44CR4peGTG92ZXJzICZhbXA7IFJpbmcg44Op44OQ44O844K644Oq44Oz44Kw4peGSzEw44OU44Oz44Kv44K044O844Or44OJ44Oq44Oz44KwKOODrOODh+OCo+ODvOOCuSnjgJBMU1IwNjA3UEvjgJHjgJBLMTAg44OU44Oz44Kv44K044O844Or44OJIOODquODs+OCsCDjg5rjgqLjg6rjg7PjgrAg44Oa44KiIOaMh+i8qiDjg6njg5bjg6rjg7PjgrAg44OX44Os44K844Oz44OIIOOCruODleODiCDjgqLjgq/jgrvjgrXjg6rjg7wg44Ki44Kv44K7IOOCuOODpeOCqOODquODvCDjgq7jg5Xjg4gg5aa7ICDliLvljbDjgJE=[rn]
39-1047,aHR0cDovL3RzaG9wLnIxMHMuanAvdmllYW5nZS9jYWJpbmV0L2xvdmVyc19hbmRfcmluZy9sc3IwNjA2cGsuanBnP2ZpdGluPTcwMDo3MDA=,MTQ2ODguMDAwMA==,,44K444Ol44Ko44Oq44O844O744Ki44Kv44K744K144Oq44O8ID4g44Os44OH44Kj44O844K544K444Ol44Ko44Oq44O844O744Ki44Kv44K744K144Oq44O8ID4g5oyH6Lyq44O744Oq44Oz44Kw,44CQ5Y+X5rOo55Sf55Sj44CR44CQ5Yi75Y2w54Sh5paZ44CR4peGTG92ZXJzICYgUmluZyDjg6njg5Djg7zjgrrjg6rjg7PjgrDil4ZLMTDjg5Tjg7Pjgq/jgrTjg7zjg6vjg4njg6rjg7PjgrAo44Os44OH44Kj44O844K5KeOAkExTUjA2MDZQS+OAkeOAkEsxMCDjg5Tjg7Pjgq/jgrTjg7zjg6vjg4kg44Oq44Oz44KwIOODmuOCouODquODs+OCsCDjg5rjgqIg44Os44OH44Kj44O844K5IOaMh+i8qiDjg6njg5bjg6rjg7PjgrAg44OX44Os44K844Oz44OIIOOCouOCr+OCu+OCteODquODvCDjgqLjgq/jgrsg44K444Ol44Ko44Oq44O8IOWmuyAg5Yi75Y2w44CR5q+N44Gu5pelIOOCt+ODs+ODl+ODqw==,44CQ5Y+X5rOo55Sf55Sj44CR5rqd5YWl44Kr44OD44OI44GM44K044O844Or44OJ44Gu6Lyd44GN44KS5byV44GN56uL44Gm44KL4piG,PGNlbnRlcj48YSBocmVmPSJodHRwczovL215LmJvb2ttYXJrLnJha3V0ZW4uY28uanAvP2Z1bmM9cmVnJnN2aWQ9MTAxJnNob3BfYmlkPTIwMzk0NyZpaWQ9MTAwMDExNjUmaXR5cGU9MSB0YXJnZXQ9X2JsYW5rIj48aW1nIHNyYz0iaHR0cDovL2ltYWdlLnJha3V0ZW4uY28uanAvdmllYW5nZS9jYWJpbmV0L3BfYm5yX2Zhdml0ZW0uanBnIiBib3JkZXI9IjAiIHdpZHRoPSI2NjAiIGhlaWdodD0iMTMwIj48L2E+PC9jZW50ZXI+PGJyPjxicj48aW1nIHNyYz0iaHR0cDovL2ltYWdlLnJha3V0ZW4uY28uanAvdmllYW5nZS9jYWJpbmV0L2NhbXBhaWduL2xyX3JpbmdfcGNfdG9rdXRlbi5qcGciYWx0PSJMb3ZlcnMmUmluZyDjgq3jg6Pjg7Pjg5rjg7zjg7MiPjxicj48YnI+Cgo8ZGl2IGNsYXNzPSJjYV8wMSI+Cgo8ZGl2IGlkPSJkZXRhaWxfYmFzZTIiPgogCjxpbWcgc3JjPSJodHRwOi8vaW1hZ2UucmFrdXRlbi5jby5qcC92aWVhbmdlL2NhYmluZXQvbG92ZXJzX2FuZF9yaW5nL2xvdmVyc3JpbmdfaW1hZ2UvbHNyMDYwNl9pbWFnZS5qcGciIHdpZHRoPSI2NjAiIGhlaWdodD0iNDAwIiAvPgo8YnIgLz48YnIgLz4KCjxpbWcgc3JjPSJodHRwOi8vaW1hZ2UucmFrdXRlbi5jby5qcC92aWVhbmdlL2NhYmluZXQvbG92ZXJzX2FuZF9yaW5nL2xvdmVyc3JpbmdfaW1hZ2UvbHNyMDYwNl9pbWFnZTIuanBnIiB3aWR0aD0iNjYwIiBoZWlnaHQ9IjEwOTAiIC8+CjxiciAvPjxiciAvPgo8L2Rpdj4KCiA8IS0t4pa84pa84pa844Kr44Op44O844OQ44Oq44Ko44O844K344On44Oz4pa84pa84pa8LS0+IAogIAogIDxpbWcgc3JjPSJodHRwOi8vaW1hZ2UucmFrdXRlbi5jby5qcC92aWVhbmdlL2NhYmluZXQvbG92ZXJzX2FuZF9yaW5nL2xvdmVyc3JpbmdfaW1hZ2UvbHJfdGl0bGVfY29sb3IuanBnIiB3aWR0aD0iNjYwIiBoZWlnaHQ9IjE0NSLjgIBhbHQ9IuOCq+ODqeODvOODkOODquOCqOODvOOCt+ODp+ODsyIgIC8+CiAgCiA8dGFibGUgYm9yZGVyPSIwIiB3aWR0aD0iNjYwcHgiPgogPHRyPjx0ZD4KIDxpbWcgc3JjPSJodHRwOi8vaW1hZ2UucmFrdXRlbi5jby5qcC92aWVhbmdlL2NhYmluZXQvbG92ZXJzX2FuZF9yaW5nL2xvdmVyc3JpbmdfaW1hZ2UvbHJfd2cuanBnIiB3aWR0aD0iMjUwIiBoZWlnaHQ9IjE0MCLjgIBhbHQ9IuODm+ODr+OCpOODiOOCtOODvOODq+ODiSIgLz4KIDwvdGQ+CiA8dGQ+CiA8Zm9udCBzaXplPSIyIiBjb2xvcj0iIzY5Njk2OSI+CiA8Yj7il4YxMOmHkS8xOOmHkeODm+ODr+OCpOODiOOCtOODvOODq+ODiTwvYj48YnI+CuODl+ODqeODgeODiuOCiOOCiuOCguWuieS+oeOBp+eZveOBj+i8neOBj+OBk+OBqOOBi+OCieS6uuawl+OBrue0oOadkOOBp+OBmeOAggrjg63jgrjjgqbjg6DjgrPjg7zjg4bjgqPjg7PjgrDjgYzmlr3jgZXjgozjgIHlpInoibLjgZfjgavjgY/jgYTjgZPjgajjgYwK54m55b6044Gn44GZ44CCPC9mb250PjwvdGQ+CiA8L3RyPiAKIDx0cj48dGQ+CiA8aW1nIHNyYz0iaHR0cDovL2ltYWdlLnJha3V0ZW4uY28uanAvdmllYW5nZS9jYWJpbmV0L2xvdmVyc19hbmRfcmluZy9sb3ZlcnNyaW5nX2ltYWdlL2xyX3BnLmpwZyIgd2lkdGg9IjI1MCIgaGVpZ2h0PSIxNDAi44CAYWx0PSLjg5Tjg7Pjgq/jgrTjg7zjg6vjg4kiIC8+CiA8L3RkPgogPHRkPgogPGZvbnQgc2l6ZT0iMiIgY29sb3I9IiM2OTY5NjkiPgogPGI+4peGMTDph5EvMTjph5Hjg5Tjg7Pjgq/jgrTjg7zjg6vjg4k8L2I+PGJyPgrjg5Tjg7Pjgq/jgrTjg7zjg6vjg4njga7mn5TjgonjgYvjgYTovJ3jgY3jga/jgIHkuIrlk4Hjgaflj6/mhJvjgonjgZfjgY8K5YSq44GX44GE6Zuw5Zuy5rCX44KS5ryU5Ye644GX44CB5aWz5oCn44Gr44Go44Gm44KC5Lq65rCX44Gn44GZ44CCCuOBvuOBn+aXpeacrOS6uuOBruiCjOOBq+mmtOafk+OBv+OChOOBmeOBhOOBqOOBhOOCj+OCjOOBpuOBiuOCiuOAgQrjg5XjgqHjg4Pjgrfjg6fjg7PmgKfjgoLpq5jjgY/jgIHjgrPjg7zjg4fjgqPjg43jg7zjg4jjgZfjgoTjgZnjgYTjgqvjg6njg7zjgafjgZnjgIIKPC9mb250PjwvdGQ+CiA8L3RyPiAKIDx0cj48dGQ+CiA8aW1nIHNyYz0iaHR0cDovL2ltYWdlLnJha3V0ZW4uY28uanAvdmllYW5nZS9jYWJpbmV0L2xvdmVyc19hbmRfcmluZy9sb3ZlcnNyaW5nX2ltYWdlL2xyX3lnLmpwZyIgd2lkdGg9IjI1MCIgaGVpZ2h0PSIxNDAi44CAYWx0PSLjgqTjgqjjg63jg7zjgrTjg7zjg6vjg4kiIC8+CiA8L3RkPgogPHRkPgogPGZvbnQgc2l6ZT0iMiIgY29sb3I9IiM2OTY5NjkiPgogPGI+4peGMTDph5EvMTjph5HjgqTjgqjjg63jg7zjgrTjg7zjg6vjg4k8L2I+PGJyPgroj6/jgoTjgYvjgafnvo7jgZfjgYTovJ3jgY3jgYzprYXlipvjga7jgqTjgqjjg63jg7zjgrTjg7zjg6vjg4njgIIK44Gd44Gu5a2Y5Zyo5oSf44GM5omL5YWD44KS5piO44KL44GP5b2p44KK44G+44GZ44CCCuasp+exs+OBp+OBr+ODluODqeOCpOODgOODq+OCuOODpeOCqOODquODvOOBrue0oOadkOOBqOOBl+OBpuOCggrjg53jg5Tjg6Xjg6njg7zjgafjgZnjgII8L2ZvbnQ+PC90ZD4KIDwvdHI+IAogPHRyPjx0ZD4KIDxpbWcgc3JjPSJodHRwOi8vaW1hZ2UucmFrdXRlbi5jby5qcC92aWVhbmdlL2NhYmluZXQvbG92ZXJzX2FuZF9yaW5nL2xvdmVyc3JpbmdfaW1hZ2UvbHJfcHQuanBnIiB3aWR0aD0iMjUwIiBoZWlnaHQ9IjE0MCLjgIBhbHQ9IuODl+ODqeODgeODiiIgLz4KIDwvdGQ+CiA8dGQ+CiA8Zm9udCBzaXplPSIyIiBjb2xvcj0iIzY5Njk2OSI+CiA8Yj7il4bjg5fjg6njg4Hjg4o5NTA8L2I+PGJyPgrjg5fjg6njg4Hjg4rjga/lpKnnhLbjga7nmb3jgYTovJ3jgY3jgpLmjIHjgaHjgIHogJDkuYXmgKfjgavlhKrjgozjgZ/luIzlsJHkvqHlgKTjga4K6auY44GE57Sg5p2Q44Gn44GZ44CC5aSJ6Imy44GX44Gr44GP44GP44CB44Gd44Gu576O44GX44GE55m944GE6Lyd44GN44GMCuOBhOOBpOOBvuOBp+OCguWkseOCj+OCjOOBquOBhOOBk+OBqOOBi+OCieOAgeOAjOawuOmBoOOBruaEm+OAjeOCkue0hOadn+OBmeOCiwrntZDlqZrmjIfovKrjgavjgoLlpJrjgY/kvb/nlKjjgZXjgozjgabjgYTjgb7jgZnjgII8L2ZvbnQ+PC90ZD4KIDwvdHI+IAogIDwvdGFibGU+CiAgCiAgPGJyPjxicj4KICAKICA8ZGl2IGNsYXNzPSJnb29kc18xMzA1XzA2Ij4KICA8cD7jgZTms6jmlofnorroqo3lvozjgIHllYblk4Hku6Pph5Hjgavov73liqDmlpnph5HjgpLliqDnrpfjgZfjgabjgZToq4vmsYLph5HpoY3jgpLlpInmm7TjgZXjgZvjgabjgYTjgZ/jgaDjgY3jgb7jgZnjgIIK5Yqg566X5b6M44Gu44GU6KuL5rGC6YeR6aGN44Gr44Gk44GE44Gm44Gv44CB44GU5rOo5paH56K66KqN5b6M44Gr44GK6YCB44KK44GZ44KL44Oh44O844Or44KS44GU56K66KqN6aGY44GE44G+44GZ44CCPGJyPuOBvuOBn+OAgee0oOadkOOBq+OCiOOCiue0jeacn+OBjOeVsOOBquOCiuOBvuOBmeOBruOBp+OBlOazqOaEj+OBj+OBoOOBleOBhOOAgiA8L3A+PC9kaXY+CiAgCiA8YnI+PGJyPgogCjwhLS3ilrzilrzilrzjg6rjg7PjgrDjgrXjgqTjgrrilrzilrzilrwtLT4gCiAgCiAgPGltZyBzcmM9Imh0dHA6Ly9pbWFnZS5yYWt1dGVuLmNvLmpwL3ZpZWFuZ2UvY2FiaW5ldC9sb3ZlcnNfYW5kX3JpbmcvbG92ZXJzcmluZ19pbWFnZS9scl90aXRsZV9zaXplNC5qcGciIHdpZHRoPSI2NjAiIGhlaWdodD0iODk3IuOAgGFsdD0i44Oq44Oz44Kw44K144Kk44K6IiBjbGFzcz0iaW1nMTAiIC8+CgogIDwhLS3ilrzilrzilrzliLvljbDjgrXjg7zjg5PjgrnilrzilrzilrwtLT4gCiAgCiAgPGltZyBzcmM9Imh0dHA6Ly9pbWFnZS5yYWt1dGVuLmNvLmpwL3ZpZWFuZ2UvY2FiaW5ldC9sb3ZlcnNfYW5kX3JpbmcvbG92ZXJzcmluZ19pbWFnZS9scl90aXRsZV9rb2t1aW4uanBnIiB3aWR0aD0iNjYwIiBoZWlnaHQ9IjU4IuOAgGFsdD0i5Yi75Y2w44K144O844OT44K5IiBjbGFzcz0iaW1nMTAiIC8+CiAgCiA8cCBjbGFzcz0iaW1nMjAiPuOBlOW4jOacm+OBruaWueOBq+OBr+OAgeODquODs+OCsOOBruWGheWBtOOBq+ODoeODg+OCu+ODvOOCuOOChOOBiuWQjeWJjeOBquOBqeOCkueEoeaWmeOBp+WIu+WNsCjmloflrZflhaXjgowp44GV44Gb44Gm44GE44Gf44Gg44GN44G+44GZ44CCPC9wPgogICAgCiAgICA8ZGl2IGNsYXNzPSJjbGVhcmZpeCBnb29kc18xMzA1XzA1Ij4KICAgICAgIDxkaXY+CiAgICAgICAgIDxwIGNsYXNzPSJpbWcyNSI+4peG5pu45L2T44Gv44OW44Ot44OD44Kv5L2T44GL562G6KiY5L2T44Gu44GE44Ga44KM44GL44KS44GK6YG444Gz44GE44Gf44Gg44GR44G+44GZ44CCPC9wPgogICAgICAgICDil4bkvbXjgZvjgabmmJ/luqfjg57jg7zjgq/jg7vkuIDpg6jjga7ntbXmloflrZfjgYzliLvljbDlj6/og73jgafjgZnjgILkvb/nlKjlj6/og73jgaroqJjlj7fjg7vntbXmloflrZfjgavplqLjgZfjgb7jgZfjgabjga/jgIHkuIvoqJjjgavmjrLnpLrjgZXjgozjgabjgYTjgb7jgZnmm7jkvZPopovmnKzjgpLjgZTlj4LnhafpoZjjgYTjgb7jgZnjgIIKICAgICAgPC9kaXY+CiAgICAgICA8aW1nIHNyYz0iaHR0cDovL2ltYWdlLnJha3V0ZW4uY28uanAvdmllYW5nZS9jYWJpbmV0L3BhcnRzL2xzcjA2NTBfNTJhLmpwZyIgLz4gIDwvZGl2PgogICAgCiAgICA8aW1nIHNyYz0iaHR0cDovL2ltYWdlLnJha3V0ZW4uY28uanAvdmllYW5nZS9jYWJpbmV0L3BhcnRzL2xzcjA2NTBfNTQuanBnIiBjbGFzcz0iaW1nMDUiIC8+CiAgICAKICA8cCBzdHlsZT0iZm9udC1zaXplOiAxNHB4OyIgY2xhc3M9ImltZzIwIj7igLvjgZPjgaHjgonjga7llYblk4HjgavlhaXjgozjgonjgozjgovliLvljbDmloflrZfmlbA8c3BhbiBzdHlsZT0iY29sb3I6ICNGRjAwNjYiPjMw5paH5a2X44G+44GnPC9zcGFuPuOBp+OBmeOAgjwvcD4KICA8cCBjbGFzcz0iaW1nMTAiPuOBk+OBruWVhuWTgeOBr+OAgeOCouODq+ODleOCoeODmeODg+ODiOWkp+aWh+Wtl+ODu+iLseaVsOWtl+WQiOOCj+OBm+OBpjxzcGFuIHN0eWxlPSJjb2xvcjogI0ZGMDA2NiI+MzDmloflrZfjgb7jgafliLvljbDlj6/og73vvIjkuIDmloflrZfntIQwLjnvvY3vvY3lpKfvvIk8L3NwYW4+44Gn44GZ44CC6KiY5Y+344CB44K544Oa44O844K544CB44Oe44O844Kv44Gq44Gp44KC77yR5paH5a2X5YiG44Go44GX44Gm44Kr44Km44Oz44OI44GV44KM44G+44GZ44CC44Oe44O844Kv44O757W15paH5a2X44KS44GU6KiY5YWl44Gu5aC05ZCI44Gv44CB5pu45L2T6KaL5pys44Gr6KiY6LyJ44GV44KM44Gm44GE44KL44Oe44O844Kv44Gu5Li455Wq5Y+344KS5Yi75Y2w5L2N572u44Gr44GU6KiY5YWl6aGY44GE44G+44GZ44CCPC9wPgogIAogIDxicj48YnI+CiAKIDxkaXYgY2xhc3M9Imdvb2RzXzEzMDVfMDYiPgogIDxwPuODl+ODq+ODgOOCpuODs+ODoeODi+ODpeODvOOBi+OCieOBlOW4jOacm+OBruabuOS9k+OCkuOBiumBuOOBs+OBj+OBoOOBleOBhOOAguazqOaWh+eUu+mdouOBruOAjOWIu+WNsOWvvuixoeWVhuWTgeOCkuOBlOazqOaWh+OBruaWueOBrwrjgZPjgaHjgonjgavjgZToqJjlhaXjgY/jgaDjgZXjgYTjgI3mrITjgavliLvljbDlhoXlrrnjgpLjgZToqJjlhaXjgY/jgaDjgZXjgYTjgILllYblk4HjgpIy5YCL5Lul5LiK44GK6LK344GE5LiK44GS44Gu5aC05ZCI44Gv44CBCuWIu+WNsOWvvuixoeWVhuWTgeOBjOWIhuOBi+OCi+OCiOOBhuOBlOS9teiomOOBiumhmOOBhOiHtOOBl+OBvuOBmeOAggrkvovjgIzjg6zjg4fjgqPjg7zjgrnvvJril4vil4vil4vil4vjgI3jgIzjg6Hjg7PjgrrvvJril4vil4vil4vil4vjgI3jgarjgak8L3A+PC9kaXY+Cgo8YnI+PGJyPgoKCgogIDwhLS3ilrzilrzilrzjg6njg4Pjg5Tjg7PjgrDjg7vjg6Hjg4Pjgrvjg7zjgrjjgqvjg7zjg4nilrzilrzilrwtLT4gICAKICAKICA8aW1nIHNyYz0iaHR0cDovL2ltYWdlLnJha3V0ZW4uY28uanAvdmllYW5nZS9jYWJpbmV0L3dyYXBwaW5nL3dyYXBwaW5nX3RpdGxlLmpwZyIgYWx0PSLjg6njg4Pjg5Tjg7PjgrAiPgoKPGJyPjxicj48YnI+Cgo8dGFibGUgYm9yZGVyPSIwIiB3aWR0aD0iNjYwcHgiPgo8dHI+Cjx0ZD4KPGltZyBzcmM9Imh0dHA6Ly9pbWFnZS5yYWt1dGVuLmNvLmpwL3ZpZWFuZ2UvY2FiaW5ldC93cmFwcGluZy9scl93cmFwXzAxXzEuanBnIiBhbHQ9IkxvdmVycyZSaW5n44CA6YCa5bi444Op44OD44OU44Oz44KwIj4KPC90ZD4KPHRkPgo8aW1nIHNyYz0iaHR0cDovL2ltYWdlLnJha3V0ZW4uY28uanAvdmllYW5nZS9jYWJpbmV0L3dyYXBwaW5nL2xyX3dyYXBfMDIuanBnIiBhbHQ9IkxvdmVycyZSaW5n44CA44Ko44Kz44Op44OD44OU44Oz44KwIj4KPC90ZD4KPHRkPgo8YSAgaHJlZj0iaHR0cDovL2l0ZW0ucmFrdXRlbi5jby5qcC92aWVhbmdlL2MvMDAwMDAwMDc4Mi8iPjxpbWcgc3JjPSJodHRwOi8vaW1hZ2UucmFrdXRlbi5jby5qcC92aWVhbmdlL2NhYmluZXQvd3JhcHBpbmcvbHJfd3JhcF8wMy5qcGciIGFsdD0iTG92ZXJzJlJpbmfjgIDjgrnjg5rjgrfjg6Pjg6vjg6njg4Pjg5Tjg7PjgrAiPjwvYT4KPC90ZD4KPC90cj4KPC90YWJsZT4KPGltZyBzcmM9Imh0dHA6Ly9pbWFnZS5yYWt1dGVuLmNvLmpwL3ZpZWFuZ2UvY2FiaW5ldC93cmFwcGluZy9raWtpbi5qcGciIGFsdD0i5aSp5L2/44Gu5Y215Z+66YeRIj4KICAKICA8YSAgaHJlZj0iaHR0cDovL2l0ZW0ucmFrdXRlbi5jby5qcC92aWVhbmdlL2MvMDAwMDAwMDc5MS8iPgo8aW1nIHNyYz0iaHR0cDovL2ltYWdlLnJha3V0ZW4uY28uanAvdmllYW5nZS9jYWJpbmV0L3dyYXBwaW5nL2xzX2NhcmQuanBnIiBhbHQ9IuODoeODg+OCu+ODvOOCuOOCq+ODvOODiSI+PC9hPgoKCiA8IS0t4pa84pa84pa844Oa44Ki44O75Y2Y5ZOB44Oq44Oz44Kv4pa84pa84pa8LS0+ICAgCiAKICA8aW1nIHNyYz0iaHR0cDovL2ltYWdlLnJha3V0ZW4uY28uanAvdmllYW5nZS9jYWJpbmV0L2xvdmVyc19hbmRfcmluZy9sb3ZlcnNyaW5nX2ltYWdlL2xyX2xpbmtfbWVucy5qcGciIHdpZHRoPSI2NjAiIGhlaWdodD0iNTgiIGNsYXNzPSJpbWcxMCIgLz4KICAKICAKIDxkaXYgY2xhc3M9ImxpbmtfcGFpcl9tZW5zIj4KICAgICA8ZGl2IGNsYXNzPSJ0YW5waW5fbGVmdCI+PGEgaHJlZj0iaHR0cDovL2l0ZW0ucmFrdXRlbi5jby5qcC92aWVhbmdlL2xzcjA2MDZway13Zy8iPgo8aW1nIHNyYz0KImh0dHA6Ly9pbWFnZS5yYWt1dGVuLmNvLmpwL3ZpZWFuZ2UvY2FiaW5ldC9sb3ZlcnNfYW5kX3JpbmcvbG92ZXJzcmluZ19pbWFnZS9sc3IwNjA2X3BhaXIuanBnIiB3aWR0aD0iMjM1IiBoZWlnaHQ9IjIzNSIgY2xhc3M9ImltZzIwIiAvPjwvYT4gICAgICAgCiAgICA8L2Rpdj4KICAgIDxkaXYgY2xhc3M9InRhbnBpbl9yaWdodCI+PGEgaHJlZj0iaHR0cDovL2l0ZW0ucmFrdXRlbi5jby5qcC92aWVhbmdlL2xzcjA2MDZ3Zy8gIj4KPGltZyBzcmM9Imh0dHA6Ly9pbWFnZS5yYWt1dGVuLmNvLmpwL3ZpZWFuZ2UvY2FiaW5ldC9sb3ZlcnNfYW5kX3JpbmcvbG92ZXJzcmluZ19pbWFnZS9sc3IwNjA2X3RhbnBpbl9tZW5zLmpwZyIiIHdpZHRoPSIyMzUiIGhlaWdodD0iMjM1IiBjbGFzcz0iaW1nMjAiIC8+PC9hPgogICAgPC9kaXY+CiAgPC9kaXY+CgoKCjxhIGhyZWY9Imh0dHA6Ly9pdGVtLnJha3V0ZW4uY28uanAvdmllYW5nZS9jLzAwMDAwMDA2NjYvIj48aW1nIHNyYz0iaHR0cDovL2ltYWdlLnJha3V0ZW4uY28uanAvdmllYW5nZS9jYWJpbmV0L2ltYWdlL21vcmVfcGFpcnJpbmcyLmpwZyIgd2lkdGg9IjY2MCIgaGVpZ2h0PSIxMjAiIGJvcmRlcj0iMCI+PC9hPjxicj48YnI+CiAgCiAgCiAgCiAgPGltZyBzcmM9Imh0dHA6Ly9pbWFnZS5yYWt1dGVuLmNvLmpwL3ZpZWFuZ2UvY2FiaW5ldC9wYXJ0cy9sc3IwNjUwXzY4LmdpZiIgY2xhc3M9ImltZzMwIiAvPgoKCjwvZGl2PjwvZGl2PgoKPHRhYmxlIHdpZHRoPSIzOTAiIGJvcmRlcj0iMCI+CiAgPHRyPgogICAgPHRkPjxmb250IGNvbG9yPSM2OTY5Njkgc2l6ZT0iMiI+44CQTG92ZXJzICYgUmluZ+OAkeOAkEZpcnN0IExvdmUg44K344Oq44O844K644CR44CQ5rqd5YWl44KK44Kr44OD44OI44K/44Kk44OX44CRSzEw44Oa44Ki44Oq44Oz44KwPGJyPgogICAgICAgIDwvdGQ+CiAgPC90cj4KPC90YWJsZT4KPHRhYmxlIHdpZHRoPSIzOTAiIGJvcmRlcj0iMCI+CiAgPHRyPgogICAgPHRkIHdpZHRoPSIxMjUiPiZuYnNwOzwvdGQ+CiAgICA8dGQgd2lkdGg9IjEzNiI+Jm5ic3A7PC90ZD4KICAgIDx0ZCB3aWR0aD0iMTE1Ij4mbmJzcDs8L3RkPgogIDwvdHI+CiAgPHRyPgogICAgPHRkPjxkaXYgYWxpZ249ImNlbnRlciI+PC9kaXY+PC90ZD4KICAgIDx0ZD48ZGl2IGFsaWduPSJjZW50ZXIiPjxpbWcgc3JjPSJodHRwOi8vaW1hZ2UucmFrdXRlbi5jby5qcC92aWVhbmdlL2NhYmluZXQvbG92ZXJzX2FuZF9yaW5nL2xzcjA2MDZ3ZzEwMHgxMDAuanBnIiBhbHQ9IuODoeODs+OCuuWNmOS9kyIgd2lkdGg9IjEwMCIgaGVpZ2h0PSIxMDAiIGJvcmRlcj0iMCI+PC9kaXY+PC90ZD4KICAgIDx0ZD48ZGl2IGFsaWduPSJjZW50ZXIiPjxpbWcgc3JjPSJodHRwOi8vaW1hZ2UucmFrdXRlbi5jby5qcC92aWVhbmdlL2NhYmluZXQvbG92ZXJzX2FuZF9yaW5nL2xzcjA2MDYtcGFpcjEwMHgxMDAuanBnIiBhbHQ9IuODmuOCouODquODs+OCsCIgd2lkdGg9IjEwMCIgaGVpZ2h0PSIxMDAiIGJvcmRlcj0iMCI+PC9kaXY+PC90ZD4KICA8L3RyPgogIDx0cj4KICAgIDx0ZD48ZGl2IGFsaWduPSJjZW50ZXIiPjwvZGl2PjwvdGQ+CiAgICA8dGQ+PGRpdiBhbGlnbj0iY2VudGVyIj48Zm9udCBzaXplPSItMSI+44Oh44Oz44K65Y2Y5ZOBPC9mb250PjwvZGl2PjwvdGQ+CiAgICA8dGQ+PGRpdiBhbGlnbj0iY2VudGVyIj48Zm9udCBzaXplPSItMSI+44Oa44Ki6LKp5aOyPC9mb250PjwvZGl2PjwvdGQ+CiAgPC90cj4KPC90YWJsZT4KPHRhYmxlIHdpZHRoPSIzOTAiIGJvcmRlcj0iMCI+CiAgPHRyPgogICAgPHRkIHdpZHRoPSI4OSI+Jm5ic3A7PC90ZD4KICAgIDx0ZCB3aWR0aD0iMjkxIj4mbmJzcDs8L3RkPgogIDwvdHI+CiAgPHRyPgogICAgPHRkPjxmb250IGNvbG9yPSM2OTY5Njkgc2l6ZT0iMiI+4pag44CA57Sg5p2Q44CA4pagPC9mb250PjwvdGQ+CiAgICA8dGQ+Jm5ic3A7PC90ZD4KICA8L3RyPgo8L3RhYmxlPgo8dGFibGUgd2lkdGg9IjM5MCIgYm9yZGVyPSIwIj4KICA8dHI+CiAgICA8dGQgd2lkdGg9Ijg5Ij48ZGl2IGFsaWduPSJyaWdodCI+PGZvbnQgY29sb3I9IiM2OTY5NjkiIHNpemU9IjIiPuODrOODh+OCo+ODvOOCue+8mjwvZm9udD48L2Rpdj48L3RkPgogICAgPHRkIHdpZHRoPSIyOTEiPjxmb250IGNvbG9yPSM2OTY5Njkgc2l6ZT0iMiI+SzEwKOODlOODs+OCr+OCtOODvOODq+ODie+8iTwvZm9udD48L3RkPgogIDwvdHI+CiAgPHRyPgogICAgPHRkPiZuYnNwOzwvdGQ+CiAgICA8dGQ+Jm5ic3A7PC90ZD4KICA8L3RyPgo8L3RhYmxlPgo8dGFibGUgd2lkdGg9IjM5MCIgYm9yZGVyPSIwIj4KICA8dHI+CiAgICA8dGQ+PGZvbnQgY29sb3I9IzY5Njk2OSBzaXplPSIyIj7ilqAg5aSn44GN44GVKG1tKSDilqA8L2ZvbnQ+PC90ZD4KICA8L3RyPgo8L3RhYmxlPgo8dGFibGUgd2lkdGg9IjM5MCIgYm9yZGVyPSIwIj4KICA8dHI+CiAgICA8dGQgd2lkdGg9Ijg5IiBoZWlnaHQ9IjE1Ij4mbmJzcDs8L3RkPgogICAgPHRkIHdpZHRoPSIyOTEiPjxmb250IGNvbG9yPSM2OTY5Njkgc2l6ZT0iMiI+5bmF57SEMi4ww5fljprjgb/ntIQxLjA8L2ZvbnQ+PC90ZD4KICA8L3RyPgogIDx0cj4KICAgIDx0ZD4mbmJzcDs8L3RkPgogICAgPHRkPiZuYnNwOzwvdGQ+CiAgPC90cj4KPC90YWJsZT4KPHRhYmxlIHdpZHRoPSIzOTAiIGJvcmRlcj0iMCI+CiAgPHRyPgogICAgPHRkIHdpZHRoPSI4OSI+PGZvbnQgY29sb3I9IzY5Njk2OSBzaXplPSIyIj7ilqDjgIDph43ph4/jgIDilqA8L2ZvbnQ+PC90ZD4KICAgIDx0ZCB3aWR0aD0iMjkxIj4mbmJzcDs8L3RkPgogIDwvdHI+CjwvdGFibGU+Cjx0YWJsZSB3aWR0aD0iMzkwIiBib3JkZXI9IjAiPgogIDx0cj4KICAgIDx0ZCB3aWR0aD0iODkiPiZuYnNwOzwvdGQ+CiAgICA8dGQgd2lkdGg9IjI5MSI+PGZvbnQgY29sb3I9IzY5Njk2OSBzaXplPSIyIj7ntIQxLjJnPC9mb250PjwvdGQ+CiAgPC90cj4KICA8dHI+CiAgICA8dGQ+Jm5ic3A7PC90ZD4KICAgIDx0ZD48Zm9udCBjb2xvcj0iIzAwOTlGRiIgc2l6ZT0iMSI+4oC75aSn44GN44GV44O76YeN44GV44Gr44Gv5aSa5bCR44Gu5YCL5L2T5beu44GM55Sf44GY44G+44GZPC9mb250PjwvdGQ+CiAgPC90cj4KPC90YWJsZT4KPHRhYmxlIHdpZHRoPSIzOTAiIGJvcmRlcj0iMCI+CiAgPHRyPgogICAgPHRkIHdpZHRoPSI4OCIgaGVpZ2h0PSIxNSI+PGZvbnQgY29sb3I9IzY5Njk2OSBzaXplPSIyIj7ilqDopo/lrprjgrXjgqTjgrrilqA8L2ZvbnQ+PC90ZD4KICAgIDx0ZCB3aWR0aD0iMjkyIj4mbmJzcDs8L3RkPgogIDwvdHI+CjwvdGFibGU+Cjx0YWJsZSB3aWR0aD0iMzkwIiBib3JkZXI9IjAiPgogIDx0cj4KICAgIDx0ZCB3aWR0aD0iODkiIGhlaWdodD0iNTEiPiZuYnNwOzwvdGQ+CiAgICA8dGQgd2lkdGg9IjI5MSI+PGZvbnQgY29sb3I9IzY5Njk2OSBzaXplPSIyIj415Y+344GL44KJMjPlj7fjgb7jgac8YnI+CuKAuzI05Y+35Lul5LiK44Gu44K144Kk44K644Gv5Yil6YCU5paZ6YeR44GM55m655Sf44GE44Gf44GX44G+44GZ44CC44G+44Gf44CB57SN5pyf44GMMemAsemWk+OBu+OBqemVt+OBj+OBquOCiuOBvuOBmeOAgjxicj4KPGJyPgrigLs05Y+35Lul5LiL44Gu44K144Kk44K644Gu5aC05ZCI44CB6L+95Yqg5paZ6YeR44Gv55m655Sf44GE44Gf44GX44G+44Gb44KT44GM44CBPGZvbnQgY29sb3I9IiMwMDk5RkYiPue0jeacn+OBjDHpgLHplpPvvIg35Za25qWt5pel77yJ44G744Gp5Yqg566X44GV44KM44G+44GZPC9mb250PuOAgjxicj48YnI+CuKXhuimj+WumuWkluOCteOCpOOCuuOBruOCquODvOODgOODvOaWueazleKXhjxicj4KPGJyPgrjgrXjgqTjgrrjga7jg5fjg6vjg4Djgqbjg7Pjg6Hjg4vjg6Xjg7zjgojjgorvvJzkuIroqJjku6XlpJbvvJ7jgpLjgZTpgbjmip7kuIvjgZXjgYTjgILms6jmlofnlLvpnaLjga7pgJrkv6HmrITjgavjgZTluIzmnJvjga7jgrXjgqTjgrrjgpLjgZTmmI7oqJjjgY/jgaDjgZXjgYTjgILlvZPmlrnjgavjgablt67poY3jgpLnrpflh7rjga7jgYbjgYjjgIHjgYrlrqLmp5jjgavjgZTpgKPntaHjgYTjgZ/jgZfjgb7jgZnjgILjgYrlrqLmp5jjga7jgZTkuobmib/jgpLjgYTjgZ/jgaDjgYTjgZ/mmYLngrnjgafjgIHlvZPmlrnjgavjgabov73liqDmlpnph5HjgpLliqDnrpfjgZfjgabjgIHjgZToq4vmsYLnt4/poY3jgpLlpInmm7TjgZXjgZvjgabjgYTjgZ/jgaDjgY3jgb7jgZnjgIIKPC9mb250PjwvdGQ+CiAgPC90cj4KICA8dHI+CiAgICA8dGQ+Jm5ic3A7PC90ZD4KICAgIDx0ZD4mbmJzcDs8L3RkPgogIDwvdHI+CjwvdGFibGU+Cjx0YWJsZSB3aWR0aD0iMzkwIiBib3JkZXI9IjAiPgogIDx0cj4KICAgIDx0ZCB3aWR0aD0iMjExIj48Zm9udCBjb2xvcj0jNjk2OTY5IHNpemU9IjIiPuKWoCDliLvljbDlj6/og73mloflrZfmlbAgL+ODleOCqeODs+ODiOOCteOCpOOCuiDilqA8L2ZvbnQ+PC90ZD4KICAgIDx0ZCB3aWR0aD0iMTY5Ij4mbmJzcDs8L3RkPgogIDwvdHI+CjwvdGFibGU+Cjx0YWJsZSB3aWR0aD0iMzkwIiBib3JkZXI9IjAiPgogIDx0cj4KICAgIDx0ZCB3aWR0aD0iODkiPiZuYnNwOzwvdGQ+CiAgICA8dGQgd2lkdGg9IjI5MSI+PGZvbnQgY29sb3I9IzY5Njk2OSBzaXplPSIyIj4zMOaWh+WtlyAvIOS4gOaWh+Wtl+e0hDAuOe+9je+9jeWkpzwvZm9udD48L3RkPgogIDwvdHI+CiAgPHRyPgogICAgPHRkPiZuYnNwOzwvdGQ+CiAgICA8dGQ+Jm5ic3A7PC90ZD4KICA8L3RyPgo8L3RhYmxlPgo8dGFibGUgd2lkdGg9IjM5MCIgYm9yZGVyPSIwIj4KICA8dHI+CiAgICA8dGQgd2lkdGg9IjIxMSI+PGZvbnQgY29sb3I9IzY5Njk2OSBzaXplPSIyIj7ilqAg6KOP55+z5YWl44KM44Kq44OX44K344On44Oz4pagPC9mb250PjwvdGQ+CiAgICA8dGQgd2lkdGg9IjE2OSI+Jm5ic3A7PC90ZD4KICA8L3RyPgo8L3RhYmxlPgo8dGFibGUgd2lkdGg9IjM5MCIgYm9yZGVyPSIwIj4KICA8dHI+CiAgICA8dGQgd2lkdGg9Ijg5Ij4mbmJzcDs8L3RkPgogICAgPHRkIHdpZHRoPSIyOTEiPjxmb250IGNvbG9yPSM2OTY5Njkgc2l6ZT0iMiI+5a++5b+c5LiN5Y+vPC9mb250PjwvdGQ+CiAgPC90cj4KICA8dHI+CiAgICA8dGQ+Jm5ic3A7PC90ZD4KICAgIDx0ZD4mbmJzcDs8L3RkPgogIDwvdHI+CjwvdGFibGU+Cjx0YWJsZSB3aWR0aD0iMzkwIiBib3JkZXI9IjAiPgogIDx0cj4KICAgIDx0ZCB3aWR0aD0iMzMyIj48Zm9udCBjb2xvcj0jNjk2OTY5IHNpemU9IjIiPuKWoOacquS9v+eUqOWTgeOBruOCteOCpOOCuuWkieabtO+8iOWIneacn+OCteOCpOOCuuWkieabtO+8ieOBq+OBpOOBhOOBpuKWoDwvZm9udD48L3RkPgogICAgPHRkIHdpZHRoPSI0OCI+Jm5ic3A7PC90ZD4KICA8L3RyPgo8L3RhYmxlPgo8dGFibGUgd2lkdGg9IjM5MCIgYm9yZGVyPSIwIj4KICA8dHI+CiAgICA8dGQgd2lkdGg9Ijg5IiBoZWlnaHQ9IjUxIj4mbmJzcDs8L3RkPgogICAgPHRkIHdpZHRoPSIyOTEiPjxmb250IGNvbG9yPSIjNjk2OTY5IiBzaXplPSIyIj48YnI+5LiH44GM5LiA44GK5a6i5qeY44Gu44GK5omL5YWD44Gr5bGK44GE44Gf5ZWG5ZOB44Gu44K144Kk44K644GM5ZCI44KP44Ga44CB5LuW44Gu44K144Kk44K644G444Gu5aSJ5pu044KS44GU5biM5pyb44Gu5aC05ZCI44Gr44Gv44CBPGZvbnQgY29sb3I9IiMwMDk5RkYiPuacquS9v+eUqOOBruWTgeOBq+mZkOOCijwvZm9udD7jgrXjgqTjgrrnm7TjgZfjgIHjgb7jgZ/jga/jgrXjgqTjgrrkuqTmj5vjgpLmib/jgorjgb7jgZnjgILlv4XjgZo8Zm9udCBjb2xvcj0iIzAwOTlGRiI+5ZWG5ZOB5Yiw552A5b6MMemAsemWk+S7peWGhTwvZm9udD7jgavjgZTpgKPntaHjgYTjgZ/jgaDjgY3jgb7jgZnjgojjgYbjgYrpoZjjgYTnlLPjgZfkuIrjgZLjgb7jgZnjgII8YnI+CiAgICAgIDxicj4K4peG5ZWG5ZOB5Yiw552A5b6MMemAsemWk+S7peWGheOBq+OBlOmAo+e1oeOBhOOBn+OBoOOBkeOBquOBi+OBo+OBn+WgtOWQiOOChOOAgeWVhuWTgeOBq+iRl+OBl+OBhOS9v+eUqOeXleOBquOBqeOBjOOBguOCi+WgtOWQiOOBq+OBr+OCteOCpOOCuuWkieabtOODu+S6pOaPm+OCkuaJv+OCiuOBi+OBreOCi+OBk+OBqOOCguOBlOOBluOBhOOBvuOBmeOBruOBp+OBlOS6huaJv+mhmOOBhOOBvuOBmeOAgjxicj48YnI+CuKXhuWVhuWTgeWPl+OBkea4oeOBl+OBq+mWouOCj+OCi+W+gOW+qeOBrumAgeaWmeOBr+OAgeOBiuWuouanmOOBruOBlOiyoOaLheOBqOOBquOCiuOBvuOBmeOAgjxicj48YnI+CuKXhuWVhuWTgeOBqzxmb250IGNvbG9yPSIjMDA5OUZGIj7liLvljbDjgpLlhaXjgozjgabjgYTjgovloLTlkIg8L2ZvbnQ+44KEPGZvbnQgY29sb3I9IiMwMDk5RkYiPuijj+efs+OCkueVmeOCgeOBpuOBhOOCi+WgtOWQiDwvZm9udD7jga/jgIHkuqTmj5vmiYvmlbDmlpnjgYzliKXpgJTnmbrnlJ/jgYTjgZ/jgZfjgb7jgZnjgILjgb7jgZ/jgIHopo/lrprlpJbjgrXjgqTjgrrjgavplqLjgo/jgovjgrXjgqTjgrrlpInmm7Tjga/jgrXjgqTjgrrlt67poY3mlpnjgYzliKXpgJTnmbrnlJ/jgYTjgZ/jgZfjgb7jgZnjgILoqbPntLDjgavplqLjgZfjgb7jgZfjgabjga/jgIHjgZPjgaHjgonjga7jgIzliJ3mnJ/jgrXjgqTjgrrlpInmm7Tjga7nm67lronjgI3jgpLjgZTlj4Lnhafjga7jgYbjgYjjgIHjg6Hjg7zjg6vjgavjgabjgYrllY/jgYTlkIjjgo/jgZvpoZjjgYTjgb7jgZnjgII8YnI+PGJyPgril4bmnKzjgrXjg7zjg5Pjgrnjga7pgannlKjjga/jgIHliJ3lm57pmZDjgorjgajjgZXjgZvjgabjgYTjgZ/jgaDjgY3jgb7jgZnjgIIKPC9mb250PjwvdGQ+CiAgPC90cj4KICA8dHI+CiAgICA8dGQ+Jm5ic3A7PC90ZD4KICAgIDx0ZD4mbmJzcDs8L3RkPgogIDwvdHI+CjwvdGFibGU+Cjx0YWJsZSB3aWR0aD0iMzkwIiBib3JkZXI9IjAiPgogIDx0cj4KICAgIDx0ZCB3aWR0aD0iMzIyIj48Zm9udCBjb2xvcj0jNjk2OTY5IHNpemU9IjIiPuKWoOOBlOS9v+eUqOOBq+OBquOCieOCjOOBn+WVhuWTgeOBruOCteOCpOOCuuebtOOBl+OBruWPr+WQpi/nm7TjgZfluYXilqA8L2ZvbnQ+PC90ZD4KICAgIDx0ZCB3aWR0aD0iNTgiPiZuYnNwOzwvdGQ+CiAgPC90cj4KPC90YWJsZT4KPHRhYmxlIHdpZHRoPSIzOTAiIGJvcmRlcj0iMCI+CiAgPHRyPgogICAgPHRkIHdpZHRoPSI4OCI+PGRpdiBhbGlnbj0icmlnaHQiPjxmb250IGNvbG9yPSIjNjk2OTY5IiBzaXplPSIyIj7jg6zjg4fjgqPjg7zjgrnvvJo8L2ZvbnQ+PC9kaXY+CiAgICA8L3RkPgogICAgPHRkIHdpZHRoPSIyOTIiPjxmb250IGNvbG9yPSM2OTY5Njkgc2l6ZT0iMiI+5LiN5Y+vPC9mb250PjwvdGQ+CiAgPC90cj4KICA8dHI+CiAgICA8dGQgaGVpZ2h0PSIzOCI+Jm5ic3A7PC90ZD4KICAgIDx0ZD48Zm9udCBjb2xvcj0jNjk2OTY5IHNpemU9IjIiPuKAu+acrOWVhuWTgeOBruS7leanmOS4iuOAgeOBlOizvOWFpeW+jOOBlOS9v+eUqOOBq+OBquOCieOCjOOBn+WVhuWTgeOBruOCteOCpOOCuuebtOOBl+OBrzxmb250IGNvbG9yPSIjMDA5OUZGIj7ljp/liYfjgajjgZfjgabjgYrlj5fjgZHjgZnjgovjgZPjgajjgYzjgafjgY3jgb7jgZvjgpM8L2ZvbnQ+44CC44Gf44Gg44GX44CB44GK5a6i5qeY44Gu44GU5LqG5om/44Gu44KC44Go44K144Kk44K655u044GX44GM5Y+v6IO944Gq5aC05ZCI44KC44GU44GW44GE44G+44GZ44Gu44Gn44CB44Oh44O844Or44Gr44Gm44GK5ZWP44GE5ZCI44KP44Gb6aGY44GE44G+44GZ44CCPC9mb250PjwvdGQ+CiAgPC90cj4KICA8dHI+CiAgICA8dGQgaGVpZ2h0PSIxNSI+Jm5ic3A7PC90ZD4KICAgIDx0ZD4mbmJzcDs8L3RkPgogIDwvdHI+CjwvdGFibGU+Cjx0YWJsZSB3aWR0aD0iMzkwIiBib3JkZXI9IjAiPgogIDx0cj4KICAgIDx0ZD48Zm9udCBjb2xvcj0jMDA5OUZGIHNpemU9IisxIj7il4bliLvljbDnhKHmlpnjgrXjg7zjg5Pjgrnil4Y8L2ZvbnQ+PGJyPgogICAgICA8YnI+CiAgICAgIDxmb250IGNvbG9yPSM2OTY5Njkgc2l6ZT0iMiI+44GU5biM5pyb44Gu5pa544Gr44Gv44CB44Oq44Oz44Kw44Gu5YaF5YG044Gr44Oh44OD44K744O844K444KE44GK5ZCN5YmN44Gq44Gp44KS54Sh5paZ44Gn5Yi75Y2wKOaWh+Wtl+WFpeOCjCnjgZXjgZvjgabjgYTjgZ/jgaDjgY3jgb7jgZnjgII8L2ZvbnQ+PGJyPgogICAgICA8YnI+CiAgICAgIDxmb250IGNvbG9yPSM2OTY5Njkgc2l6ZT0iMiI+4peG5pu45L2T44GvPGZvbnQgY29sb3I9IiMwMDk5RkYiPuODluODreODg+OCr+S9kzxmb250IGNvbG9yPSIjNjk2OTY5Ij7jgYs8L2ZvbnQ+562G6KiY5L2TPC9mb250PuOBruOBhOOBmuOCjOOBi+OCkuOBiumBuOOBs+OBhOOBn+OBoOOBkeOBvuOBmeOAgjwvZm9udD48YnI+CiAgICAgIDxmb250IGNvbG9yPSM2OTY5Njkgc2l6ZT0iMiI+4peG5L2144Gb44GmPGZvbnQgY29sb3I9IiMwMDk5RkYiPuaYn+W6p+ODnuODvOOCr+ODu+S4gOmDqOOBrue1teaWh+WtlzwvZm9udD7jgYzliLvljbDlj6/og73jgafjgZnjgILkvb/nlKjlj6/og73jgaroqJjlj7fjg7vntbXmloflrZfjgavplqLjgZfjgb7jgZfjgabjga/jgIHmnKznlLvpnaLlt6blgbTjgavmjrLnpLrjgZXjgozjgabjgYTjgb7jgZk8Zm9udCBjb2xvcj0iIzAwOTlGRiI+5pu45L2T6KaL5pysPC9mb250PuOCkuOBlOWPgueFp+mhmOOBhOOBvuOBmeOAgjwvZm9udD48YnI+CiAgICAgIDxicj4KICAgICAgPGZvbnQgY29sb3I9IzY5Njk2OSBzaXplPSIyIj7jgZPjga7llYblk4Hjga/jgIHjgqLjg6vjg5XjgqHjg5njg4Pjg4jlpKfmloflrZfjg7voi7HmlbDlrZflkIjjgo/jgZvjgaY8Zm9udCBjb2xvcj0iIzAwOTlGRiIgc2l6ZT0iKzEiPjxzdHJvbmc+MzDmloflrZc8L3N0cm9uZz48L2ZvbnQ+44G+44Gn5Yi75Y2w5Y+v6IO944Gn44GZ44CC6KiY5Y+344CB44K544Oa44O844K544CB44Oe44O844Kv44Gq44Gp44KC77yR5paH5a2X5YiG44Go44GX44Gm44Kr44Km44Oz44OI44GV44KM44G+44GZ44CC44Oe44O844Kv44O757W15paH5a2X44KS44GU6KiY5YWl44Gu5aC05ZCI44Gv44CB5pu45L2T6KaL5pys44Gr6KiY6LyJ44GV44KM44Gm44GE44KLPGZvbnQgY29sb3I9IiMwMDk5RkYiPuODnuODvOOCr+OBrjxzdHJvbmc+5Li455Wq5Y+3PC9zdHJvbmc+PC9mb250PuOCkuWIu+WNsOS9jee9ruOBq+OBlOiomOWFpemhmOOBhOOBvuOBmeOAgjwvZm9udD48L3RkPgogIDwvdHI+CjwvdGFibGU+Cjx0YWJsZSB3aWR0aD0iMzkwIiBib3JkZXI9IjAiPgogIDx0cj4KICAgIDx0ZCBoZWlnaHQ9IjQ5Ij48YnI+PGRpdiBhbGlnbj0iY2VudGVyIj48aW1nIHNyYz0iaHR0cDovL2ltYWdlLnJha3V0ZW4uY28uanAvdmllYW5nZS9jYWJpbmV0L2xvdmVyc19hbmRfcmluZy9rb2t1aW5faW1hZ2UuZ2lmIiBhbHQ9IuiomOWFpeS+iyIgd2lkdGg9IjM1MyIgaGVpZ2h0PSIyMDEiPjwvZGl2PjwvdGQ+CiAgPC90cj4KPC90YWJsZT4KPHRhYmxlIHdpZHRoPSIzOTAiIGJvcmRlcj0iMCI+CiAgPHRyPgogICAgPHRkPjxicj48Zm9udCBjb2xvcj0jMDA5OUZGIHNpemU9IjIiPuKWoOWIu+WNsOOBruOBlOazqOaWh+aWueazleKWoDwvZm9udD48YnI+CiAgICAgIDxicj4KICAgICAgPGZvbnQgY29sb3I9IzY5Njk2OSBzaXplPSIyIj7jg5fjg6vjg4Djgqbjg7Pjg7vjg6Hjg4vjg6Xjg7zjgYvjgonjgZTluIzmnJvjga7mm7jkvZPjgpLjgYrpgbjjgbPjgY/jgaDjgZXjgYTjgILms6jmlofnlLvpnaLjga7jgIzjgYrlupfjgbjjga7jg6Hjg4Pjgrvjg7zjgrjjgI3mrITjgas8Zm9udCBjb2xvcj0iIzAwOTlGRiI+5Yi75Y2w5YaF5a65PC9mb250PuOCkuOBlOiomOWFpeOBj+OBoOOBleOBhOOAguWVhuWTgeOCkjLlgIvku6XkuIrlkIzmmYLjgavjgYrosrfjgYTmsYLjgoHjgYTjgZ/jgaDjgYTjgZ/loLTlkIjjga/jgIHliLvljbDlr77osaHllYblk4HjgYzjgo/jgYvjgovjgojjgYbjgIE8Zm9udCBjb2xvcj0iIzAwOTlGRiI+5ZWG5ZOB55Wq5Y+3PC9mb250PuOCguOBlOS9teiomOmhmOOBhOOBvuOBmeOAgjwvZm9udD4gPC90ZD4KICA8L3RyPgo8L3RhYmxlPjwhLS3ilrzilrwg5bem5biv44Oq44Oz44Kv44GC44KKIOKWvOKWvC0tPgoKPGRpdiBpZD0iaGlkYXJpLW9iaSI+Cgo8c3R5bGU+CiNoaWRhcmktb2JpIHsKcG9zaXRpb246IGFic29sdXRlOwp0b3A6MHB4OwpsZWZ0OjEwcHg7CmJhY2tncm91bmQ6IHVybCgiaHR0cHM6Ly9pbWFnZS5yYWt1dGVuLmNvLmpwL3ZpZWFuZ2UvY2FiaW5ldC9jYW1wYWlnbi9zY2Jucl8wNTE1LmpwZyIpIHJlcGVhdC15IGxlZnQgdG9wIDsKfQojaGlkYXJpLW9iaSBhIHsKZGlzcGxheTogYmxvY2s7CmhlaWdodDo5MzAwcHg7Lyrjg5rjg7zjgrjlhajkvZPjga7pq5jjgZUqLwp3aWR0aDogMTQwcHg7LyrluK/jga7luYUqLwp9Cjwvc3R5bGU+Cgo8L2Rpdj4KCgoKPCEtLeKWvOKWvCDlt6bluK/jg6rjg7Pjgq/jgarjgZcg4pa84pa8LS0+CgoKCgo8IS0t4pa84pa8IOW3puW4r+ODquODs+OCr+OBquOBlyDilrzilrwtLT4KCjwhLS0KPHN0eWxlIHR5cGU9InRleHQvY3NzIj4KYm9keXsKYmFja2dyb3VuZC1pbWFnZTogdXJsKCJodHRwOi8vaW1hZ2UucmFrdXRlbi5jby5qcC92aWVhbmdlL2NhYmluZXQvY2FtcGFpZ24vYm5yXzEwMTIuanBnIik7CmJhY2tncm91bmQtcmVwZWF0OiByZXBlYXQteTsKYmFja2dyb3VuZC1hdHRhY2htZW50OiBzY3JvbGw7CmJhY2tncm91bmQtcG9zaXRpb246bGVmdAp9Cjwvc3R5bGU+Ci0tPgoKCgoKPHN0eWxlIHR5cGU9InRleHQvY3NzIj4KCi8qIOOBiuawl+OBq+WFpeOCiuWVhuWTgSAqLwoKI3Jha3V0ZW5MaW1pdGVkSWRfYXJvdW5kQ2FydCAjc2VydmljZVRhYmxlU21sIHRkLmZhdm9yaXRlIHsKCnBhZGRpbmctdG9wOiA1cHg7Cgp9CgojcmFrdXRlbkxpbWl0ZWRJZF9hcm91bmRDYXJ0IGRpdi5ib29rbWFya0FyZWEgZGl2LmJrbSB7Cgp3aWR0aDogMjkxcHggIWltcG9ydGFudDsKCmhlaWdodDozM3B4ICFpbXBvcnRhbnQ7CgpwYWRkaW5nOiAwcHggMHB4IDEwcHggMHB4ICFpbXBvcnRhbnQ7Cgp9CgojcmFrdXRlbkxpbWl0ZWRJZF9hcm91bmRDYXJ0IGRpdi5ib29rbWFya0FyZWEgZGl2LmJrbSBhLmFkZEJrbSB7Cgp3aWR0aDogMjkxcHggIWltcG9ydGFudDsKCmhlaWdodDozM3B4ICFpbXBvcnRhbnQ7Cgp9CgojcmFrdXRlbkxpbWl0ZWRJZF9hcm91bmRDYXJ0IGRpdi5ib29rbWFya0FyZWEgZGl2LmJrbSBhLmFkZEJrbSBzcGFuLmJrbVN0YXIgewoKZGlzcGxheTogaW5saW5lLWJsb2NrICFpbXBvcnRhbnQ7Cgp3aWR0aDogMjkxcHggIWltcG9ydGFudDsKCmhlaWdodDozM3B4ICFpbXBvcnRhbnQ7CgptYXJnaW46MHB4IDBweCAxMHB4IDBweCAhaW1wb3J0YW50OwoKYmFja2dyb3VuZDogdXJsKCJodHRwOi8vaW1hZ2UucmFrdXRlbi5jby5qcC92aWVhbmdlL2NhYmluZXQvYm5yX2Zhdml0ZW0uanBnIikgbm8tcmVwZWF0ICFpbXBvcnRhbnQ7Cgp9CgogCgovKiDjgYrmsJfjgavlhaXjgorjgrfjg6fjg4Pjg5cgKi8KCmRpdi5ib29rbWFya0FyZWEgewoKd2lkdGg6IDI5MXB4ICFpbXBvcnRhbnQ7Cgp9CgojcmFrdXRlbkxpbWl0ZWRJZF9hcm91bmRDYXJ0IGRpdi5zaG9wQm9va21hcmtBcmVhIGRpdi5zaG9wQmttIHsKCndpZHRoOiAyOTFweCAhaW1wb3J0YW50OwoKaGVpZ2h0OjMzcHggIWltcG9ydGFudDsKCnBhZGRpbmc6IDBweCAwcHggIWltcG9ydGFudDsKCnBhZGRpbmctbGVmdDogMHB4ICFpbXBvcnRhbnQ7Cgp9CgojcmFrdXRlbkxpbWl0ZWRJZF9hcm91bmRDYXJ0IGRpdi5zaG9wQm9va21hcmtBcmVhIGRpdi5zaG9wQmttIGEuYWRkU2hvcEJrbSBzcGFuLnNob3BCa21TdGFyIHsKCmRpc3BsYXk6IGlubGluZS1ibG9jayAhaW1wb3J0YW50OwoKd2lkdGg6IDI5MXB4ICFpbXBvcnRhbnQ7CgpoZWlnaHQ6MzNweCAhaW1wb3J0YW50OwoKbWFyZ2luLXJpZ2h0OiAwcHggIWltcG9ydGFudDsKCmJhY2tncm91bmQ6IHVybCgiaHR0cDovL2ltYWdlLnJha3V0ZW4uY28uanAvdmllYW5nZS9jYWJpbmV0L2Jucl9mYXZzaG9wLmpwZyIpIG5vLXJlcGVhdCAhaW1wb3J0YW50OwoKfQo8L3N0eWxlPgoKCgoKPGRpdiBpZD0icHJlc2VudF9iYXNlIiBjbGFzcz0iY2xlYXJmaXgiPgogICA8ZGl2IGNsYXNzPSJwcmVzZW50X2ltZyI+PGltZyBzcmM9Imh0dHA6Ly9pbWFnZS5yYWt1dGVuLmNvLmpwL3ZpZWFuZ2UvY2FiaW5ldC90bWcvZm9vdF9wcmUwMS5naWYiIGFsdD0i5aSn5YiH44Gq44GC44Gu5Lq644Gr57Sg5pW144Gq44OX44Os44K844Oz44OIIiB3aWR0aD0iMTk5IiBoZWlnaHQ9IjI5NSIgLz48L2Rpdj4KICAgPGRpdiBjbGFzcz0icHJlc2VudF90eHQiPjxwPuW9k+W6l+OBr+OAgeS6uuawl+OCouOCr+OCu+OCteODquODvOODluODqeODs+ODieOAjOWkqeS9v+OBruWNteOAjeOChOOAjOacquadpeWkqeS9v+OAjeOCkuOBr+OBmOOCgeOAgeiqleeUn+efs+OBruODmuODs+ODgOODs+ODiOOChOODquODs+OCsOOBquOBqeOAgeODl+ODrOOCvOODs+ODiOOBq+ODlOODg+OCv+ODquOBquOCouOCr+OCu+OCteODquODvOOCkuWPluaJseOBhumAmuiyqeOCt+ODp+ODg+ODl+OBp+OBmeOAgjwvcD48YnIgLz4K44CM5YSq44GX44GE5YWJ44Gr44Gk44Gk44G+44KM44KL5rC46YGg44Gu5ZG944CN44KS6KGo54++44GX44Gf44Kz44Oz44K744OX44OI44K444Ol44Ko44Oq44O844CM5pyq5p2l5aSp5L2/44CN44Gv5pyq5p2l44Gr5ZCR44GR44Gm6Lyd44GR44KL5ZG944Gu44GZ44Gw44KJ44GX44GV44KS5aSa5b2p44Gq44OG44O844Oe44O744OH44K244Kk44Oz44Gn6KGo54++44GX44Gm44GE44G+44GZ44CCPGJyIC8+CuOBneOCk+OBquacquadpeWkqeS9v+OBi+OCieOBruODl+ODrOOCvOODs+ODiOOBqOOBhOOBhuOCs+ODs+OCu+ODl+ODiOOBp+S9nOOCieOCjOOBn+OAjOWkqeS9v+OBruWNteOAjeOBr+OAgeOAjOiqleeUn+OBruWWnOOBs+OAjeOChOOAjOeUn+OBjeOCi+OBk+OBqOOBruaEn+WLleOBqOiznuizm+OAjeOCkuODhuODvOODnuOBqOOBl+OBpuWJteOCieOCjOOAgeWNteOBqOe+veOBruODkOODqeODs+OCueOBruiJr+OBhOOChOOBleOBl+OBhOODh+OCtuOCpOODs+OBjOaEm+OBleOCjOOBpuOBhOOCi+ODreODs+OCsOOCu+ODqeODvOOBruS6uuawl+OCouOCr+OCu+OCteODquODvOOBp+OBmeOAguaYr+mdnuOAgeWkp+WIh+OBquS6uuOBuOOBruODl+ODrOOCvOODs+ODiOetieOBq+OCguOBlOa0u+eUqOS4i+OBleOBhO+8gTwvZGl2Pgo8L2Rpdj4KCgoKCgo8IS0t4pa84pa84pa844Os44OT44Ol44O844O75rOo5paH54q25rOB4pa84pa84pa8LS0+ICAgCgogICAgICAgICAgICA8aDI+PGltZyBzcmM9Imh0dHA6Ly93d3cucmFrdXRlbi5uZS5qcC9nb2xkL3ZpZWFuZ2UvaW1nL3RpdGxlXzA2LmpwZyIgYWx0PSLjg6zjg5Pjg6Xjg7wiIHdpZHRoPSI2ODgiIGhlaWdodD0iNzAiIC8+PC9oMj4KICAgICAgICAgICAgPGJyPjxicj4KICAKCSAgPGJyPiA8YnI+IDxicj4gCiAgICAgICAgICAgICAgICAgIDxoMj48aW1nIHNyYz0iaHR0cDovL3d3dy5yYWt1dGVuLm5lLmpwL2dvbGQvdmllYW5nZS9pbWcvdGl0bGVfMDcuanBnIiBhbHQ9IuazqOaWh+eKtuazgSIgd2lkdGg9IjY4OCIgaGVpZ2h0PSI3MCIgLz48L2gyPgogICAgICAgICAgICAgICAgICAgICAgICAgICAgICA8YnI+IDxicj4gCjxicj4gPGJyPiA8YnI+,44CQ5Y+X5rOo55Sf55Sj44CR44CQ5Yi75Y2w54Sh5paZ44CR4peGTG92ZXJzICZhbXA7IFJpbmcg44Op44OQ44O844K644Oq44Oz44Kw4peGSzEw44OU44Oz44Kv44K044O844Or44OJ44Oq44Oz44KwKOODrOODh+OCo+ODvOOCuSnjgJBMU1IwNjA2UEvjgJHjgJBLMTAg44OU44Oz44Kv44K044O844Or44OJIOODquODs+OCsCDjg5rjgqLjg6rjg7PjgrAg44Oa44KiIOODrOODh+OCo+ODvOOCuSDmjIfovKog44Op44OW44Oq44Oz44KwIOODl+ODrOOCvOODs+ODiCDjgqLjgq/jgrvjgrXjg6rjg7wg44Ki44Kv44K7IOOCuOODpeOCqOODquODvCDlprsgIOWIu+WNsOOAkeavjeOBruaXpSDjgrfjg7Pjg5fjg6vvvJrlpKnkvb/jga7ljbUgd2l0aCBMT1ZFUlMgU0NFTkU=,5aSp5L2/44Gu5Y215pyq5p2l5aSp5L2/44K544Oa44O844K544Kv44Oq44Ko44O844K/44O844K444Ol44Ko44Oq44O844K344Or44OQ44O844Ki44Kv44K744K144Oq44O844OU44Oz44Kv44K344Or44OQ44O844ON44OD44Kv44Os44K555u05Za25bqX44Kv44Oq44K544Oe44K56ZmQ5a6a44Oa44Oz44OA44Oz44OI5oyH6Lyq44OU44Ki44K544OX44Os44K844Oz44OI44OZ44OT44O844K544OX44O844Oz44Os44OH44Kj44O844K544Op44OQ44O844K644K344O844Oz57WQ5ama5oyH6Lyq44Oa44Ki44Oq44Oz44Kw6KqV55Sf55+z44CQ5Y+X5rOo55Sf55Sj44CR44CQ5Yi75Y2w54Sh5paZ44CR4peGTG92ZXJzICZhbXA7IFJpbmcg44Op44OQ44O844K644Oq44Oz44Kw4peGSzEw44OU44Oz44Kv44K044O844Or44OJ44Oq44Oz44KwKOODrOODh+OCo+ODvOOCuSnjgJBMU1IwNjA2UEvjgJHjgJBLMTAg44OU44Oz44Kv44K044O844Or44OJIOODquODs+OCsCDjg5rjgqLjg6rjg7PjgrAg44Oa44KiIOODrOODh+OCo+ODvOOCuSDmjIfovKog44Op44OW44Oq44Oz44KwIOODl+ODrOOCvOODs+ODiCDjgqLjgq/jgrvjgrXjg6rjg7wg44Ki44Kv44K7IOOCuOODpeOCqOODquODvCDlprsgIOWIu+WNsOOAkeavjeOBruaXpSDjgrfjg7Pjg5fjg6s=,44CQ5Y+X5rOo55Sf55Sj44CR5rqd5YWl44Kr44OD44OI44GM44K044O844Or44OJ44Gu6Lyd44GN44KS5byV44GN56uL44Gm44KL4piG44CC44CQ5Y+X5rOo55Sf55Sj44CR44CQ5Yi75Y2w54Sh5paZ44CR4peGTG92ZXJzICZhbXA7IFJpbmcg44Op44OQ44O844K644Oq44Oz44Kw4peGSzEw44OU44Oz44Kv44K044O844Or44OJ44Oq44Oz44KwKOODrOODh+OCo+ODvOOCuSnjgJBMU1IwNjA2UEvjgJHjgJBLMTAg44OU44Oz44Kv44K044O844Or44OJIOODquODs+OCsCDjg5rjgqLjg6rjg7PjgrAg44Oa44KiIOODrOODh+OCo+ODvOOCuSDmjIfovKog44Op44OW44Oq44Oz44KwIOODl+ODrOOCvOODs+ODiCDjgqLjgq/jgrvjgrXjg6rjg7wg44Ki44Kv44K7IOOCuOODpeOCqOODquODvCDlprsgIOWIu+WNsOOAkeavjeOBruaXpSDjgrfjg7Pjg5fjg6s=[rn]
39-1048,aHR0cDovL3RzaG9wLnIxMHMuanAvdmllYW5nZS9jYWJpbmV0L2xvdmVyc19hbmRfcmluZy9sc3IwNjAzcGsuanBnP2ZpdGluPTcwMDo3MDA=,MTM4MjQuMDAwMA==,,44K444Ol44Ko44Oq44O844O744Ki44Kv44K744K144Oq44O8ID4g44Os44OH44Kj44O844K544K444Ol44Ko44Oq44O844O744Ki44Kv44K744K144Oq44O8ID4g5oyH6Lyq44O744Oq44Oz44Kw,44CQ5Yi75Y2w54Sh5paZ44CR4peGTG92ZXJzICYgUmluZyDjg6njg5Djg7zjgrrjg6rjg7PjgrDil4ZLMTDjg5Tjg7Pjgq/jgrTjg7zjg6vjg4njg6rjg7PjgrAo44Os44OH44Kj44O844K5KeOAkExTUjA2MDNQS+OAkeOAkEsxMCDjg5Tjg7Pjgq/jgrTjg7zjg6vjg4kg44Oq44Oz44KwIOODmuOCouODquODs+OCsCDjg5rjgqIg5oyH6LyqIOODqeODluODquODs+OCsCDjg5fjg6zjgrzjg7Pjg4gg44Ku44OV44OIIOOCouOCr+OCu+OCteODquODvCDjgrjjg6Xjgqjjg6rjg7wg44GL44KP44GE44GEIOWIu+WNsOWPr+iDveOAkSAg5q+N44Gu5pelIOOCt+ODs+ODl+ODqw==,54m55b6055qE44Gq44Kr44OD44OI44GM57Sg5p2Q44Gu6Lyd44GN44KS5byV44GN56uL44Gm44KL77yB,PGNlbnRlcj48YSBocmVmPSJodHRwczovL215LmJvb2ttYXJrLnJha3V0ZW4uY28uanAvP2Z1bmM9cmVnJnN2aWQ9MTAxJnNob3BfYmlkPTIwMzk0NyZpaWQ9MTAwMDExNTYmaXR5cGU9MSB0YXJnZXQ9X2JsYW5rIj48aW1nIHNyYz0iaHR0cDovL2ltYWdlLnJha3V0ZW4uY28uanAvdmllYW5nZS9jYWJpbmV0L3BfYm5yX2Zhdml0ZW0uanBnIiBib3JkZXI9IjAiIHdpZHRoPSI2NjAiIGhlaWdodD0iMTMwIj48L2E+PC9jZW50ZXI+PGJyPjxicj48aW1nIHNyYz0iaHR0cDovL2ltYWdlLnJha3V0ZW4uY28uanAvdmllYW5nZS9jYWJpbmV0L2NhbXBhaWduL2xyX3JpbmdfcGNfdG9rdXRlbi5qcGciYWx0PSJMb3ZlcnMmUmluZyDjgq3jg6Pjg7Pjg5rjg7zjg7MiPjxicj48YnI+Cgo8ZGl2IGNsYXNzPSJjYV8wMSI+Cgo8ZGl2IGlkPSJkZXRhaWxfYmFzZTIiPgogCjxpbWcgc3JjPSJodHRwOi8vaW1hZ2UucmFrdXRlbi5jby5qcC92aWVhbmdlL2NhYmluZXQvbG92ZXJzX2FuZF9yaW5nL2xvdmVyc3JpbmdfaW1hZ2UvbHNyMDYwM19pbWFnZS5qcGciIHdpZHRoPSI2NjAiIGhlaWdodD0iNDAwIiAvPgo8YnIgLz48YnIgLz4KCjxpbWcgc3JjPSJodHRwOi8vaW1hZ2UucmFrdXRlbi5jby5qcC92aWVhbmdlL2NhYmluZXQvbG92ZXJzX2FuZF9yaW5nL2xvdmVyc3JpbmdfaW1hZ2UvbHNyMDYwM19pbWFnZTIuanBnIiB3aWR0aD0iNjYwIiBoZWlnaHQ9IjEwOTAiIC8+CjxiciAvPjxiciAvPgo8L2Rpdj4KCgoKPCEtLeKWvOKWvOKWvOOCq+ODqeODvOODkOODquOCqOODvOOCt+ODp+ODs+KWvOKWvOKWvC0tPiAKICAKICA8aW1nIHNyYz0iaHR0cDovL2ltYWdlLnJha3V0ZW4uY28uanAvdmllYW5nZS9jYWJpbmV0L2xvdmVyc19hbmRfcmluZy9sb3ZlcnNyaW5nX2ltYWdlL2xyX3RpdGxlX2NvbG9yLmpwZyIgd2lkdGg9IjY2MCIgaGVpZ2h0PSIxNDUi44CAYWx0PSLjgqvjg6njg7zjg5Djg6rjgqjjg7zjgrfjg6fjg7MiICAvPgogIAogPHRhYmxlIGJvcmRlcj0iMCIgd2lkdGg9IjY2MHB4Ij4KIDx0cj48dGQ+CiA8aW1nIHNyYz0iaHR0cDovL2ltYWdlLnJha3V0ZW4uY28uanAvdmllYW5nZS9jYWJpbmV0L2xvdmVyc19hbmRfcmluZy9sb3ZlcnNyaW5nX2ltYWdlL2xyX3dnLmpwZyIgd2lkdGg9IjI1MCIgaGVpZ2h0PSIxNDAi44CAYWx0PSLjg5vjg6/jgqTjg4jjgrTjg7zjg6vjg4kiIC8+CiA8L3RkPgogPHRkPgogPGZvbnQgc2l6ZT0iMiIgY29sb3I9IiM2OTY5NjkiPgogPGI+4peGMTDph5EvMTjph5Hjg5vjg6/jgqTjg4jjgrTjg7zjg6vjg4k8L2I+PGJyPgrjg5fjg6njg4Hjg4rjgojjgorjgoLlronkvqHjgafnmb3jgY/ovJ3jgY/jgZPjgajjgYvjgonkurrmsJfjga7ntKDmnZDjgafjgZnjgIIK44Ot44K444Km44Og44Kz44O844OG44Kj44Oz44Kw44GM5pa944GV44KM44CB5aSJ6Imy44GX44Gr44GP44GE44GT44Go44GMCueJueW+tOOBp+OBmeOAgjwvZm9udD48L3RkPgogPC90cj4gCiA8dHI+PHRkPgogPGltZyBzcmM9Imh0dHA6Ly9pbWFnZS5yYWt1dGVuLmNvLmpwL3ZpZWFuZ2UvY2FiaW5ldC9sb3ZlcnNfYW5kX3JpbmcvbG92ZXJzcmluZ19pbWFnZS9scl9wZy5qcGciIHdpZHRoPSIyNTAiIGhlaWdodD0iMTQwIuOAgGFsdD0i44OU44Oz44Kv44K044O844Or44OJIiAvPgogPC90ZD4KIDx0ZD4KIDxmb250IHNpemU9IjIiIGNvbG9yPSIjNjk2OTY5Ij4KIDxiPuKXhjEw6YeRLzE46YeR44OU44Oz44Kv44K044O844Or44OJPC9iPjxicj4K44OU44Oz44Kv44K044O844Or44OJ44Gu5p+U44KJ44GL44GE6Lyd44GN44Gv44CB5LiK5ZOB44Gn5Y+v5oSb44KJ44GX44GPCuWEquOBl+OBhOmbsOWbsuawl+OCkua8lOWHuuOBl+OAgeWls+aAp+OBq+OBqOOBpuOCguS6uuawl+OBp+OBmeOAggrjgb7jgZ/ml6XmnKzkurrjga7ogozjgavpprTmn5Pjgb/jgoTjgZnjgYTjgajjgYTjgo/jgozjgabjgYrjgorjgIEK44OV44Kh44OD44K344On44Oz5oCn44KC6auY44GP44CB44Kz44O844OH44Kj44ON44O844OI44GX44KE44GZ44GE44Kr44Op44O844Gn44GZ44CCCjwvZm9udD48L3RkPgogPC90cj4gCiA8dHI+PHRkPgogPGltZyBzcmM9Imh0dHA6Ly9pbWFnZS5yYWt1dGVuLmNvLmpwL3ZpZWFuZ2UvY2FiaW5ldC9sb3ZlcnNfYW5kX3JpbmcvbG92ZXJzcmluZ19pbWFnZS9scl95Zy5qcGciIHdpZHRoPSIyNTAiIGhlaWdodD0iMTQwIuOAgGFsdD0i44Kk44Ko44Ot44O844K044O844Or44OJIiAvPgogPC90ZD4KIDx0ZD4KIDxmb250IHNpemU9IjIiIGNvbG9yPSIjNjk2OTY5Ij4KIDxiPuKXhjEw6YeRLzE46YeR44Kk44Ko44Ot44O844K044O844Or44OJPC9iPjxicj4K6I+v44KE44GL44Gn576O44GX44GE6Lyd44GN44GM6a2F5Yqb44Gu44Kk44Ko44Ot44O844K044O844Or44OJ44CCCuOBneOBruWtmOWcqOaEn+OBjOaJi+WFg+OCkuaYjuOCi+OBj+W9qeOCiuOBvuOBmeOAggrmrKfnsbPjgafjga/jg5bjg6njgqTjg4Djg6vjgrjjg6Xjgqjjg6rjg7zjga7ntKDmnZDjgajjgZfjgabjgoIK44Od44OU44Ol44Op44O844Gn44GZ44CCPC9mb250PjwvdGQ+CiA8L3RyPiAKIDx0cj48dGQ+CiA8aW1nIHNyYz0iaHR0cDovL2ltYWdlLnJha3V0ZW4uY28uanAvdmllYW5nZS9jYWJpbmV0L2xvdmVyc19hbmRfcmluZy9sb3ZlcnNyaW5nX2ltYWdlL2xyX3B0LmpwZyIgd2lkdGg9IjI1MCIgaGVpZ2h0PSIxNDAi44CAYWx0PSLjg5fjg6njg4Hjg4oiIC8+CiA8L3RkPgogPHRkPgogPGZvbnQgc2l6ZT0iMiIgY29sb3I9IiM2OTY5NjkiPgogPGI+4peG44OX44Op44OB44OKOTUwPC9iPjxicj4K44OX44Op44OB44OK44Gv5aSp54S244Gu55m944GE6Lyd44GN44KS5oyB44Gh44CB6ICQ5LmF5oCn44Gr5YSq44KM44Gf5biM5bCR5L6h5YCk44GuCumrmOOBhOe0oOadkOOBp+OBmeOAguWkieiJsuOBl+OBq+OBj+OBj+OAgeOBneOBrue+juOBl+OBhOeZveOBhOi8neOBjeOBjArjgYTjgaTjgb7jgafjgoLlpLHjgo/jgozjgarjgYTjgZPjgajjgYvjgonjgIHjgIzmsLjpgaDjga7mhJvjgI3jgpLntITmnZ/jgZnjgosK57WQ5ama5oyH6Lyq44Gr44KC5aSa44GP5L2/55So44GV44KM44Gm44GE44G+44GZ44CCPC9mb250PjwvdGQ+CiA8L3RyPiAKICA8L3RhYmxlPgogIAogIDxicj48YnI+CiAgCiAgPGRpdiBjbGFzcz0iZ29vZHNfMTMwNV8wNiI+CiAgPHA+44GU5rOo5paH56K66KqN5b6M44CB5ZWG5ZOB5Luj6YeR44Gr6L+95Yqg5paZ6YeR44KS5Yqg566X44GX44Gm44GU6KuL5rGC6YeR6aGN44KS5aSJ5pu044GV44Gb44Gm44GE44Gf44Gg44GN44G+44GZ44CCCuWKoOeul+W+jOOBruOBlOiri+axgumHkemhjeOBq+OBpOOBhOOBpuOBr+OAgeOBlOazqOaWh+eiuuiqjeW+jOOBq+OBiumAgeOCiuOBmeOCi+ODoeODvOODq+OCkuOBlOeiuuiqjemhmOOBhOOBvuOBmeOAgjxicj7jgb7jgZ/jgIHntKDmnZDjgavjgojjgorntI3mnJ/jgYznlbDjgarjgorjgb7jgZnjga7jgafjgZTms6jmhI/jgY/jgaDjgZXjgYTjgIIgPC9wPjwvZGl2PgogIAogPGJyPjxicj4KIAo8IS0t4pa84pa84pa844Oq44Oz44Kw44K144Kk44K64pa84pa84pa8LS0+IAogIAogIDxpbWcgc3JjPSJodHRwOi8vaW1hZ2UucmFrdXRlbi5jby5qcC92aWVhbmdlL2NhYmluZXQvbG92ZXJzX2FuZF9yaW5nL2xvdmVyc3JpbmdfaW1hZ2UvbHJfdGl0bGVfc2l6ZTQuanBnIiB3aWR0aD0iNjYwIiBoZWlnaHQ9Ijg5NyLjgIBhbHQ9IuODquODs+OCsOOCteOCpOOCuiIgY2xhc3M9ImltZzEwIiAvPgoKICA8IS0t4pa84pa84pa85Yi75Y2w44K144O844OT44K54pa84pa84pa8LS0+IAogIAogIDxpbWcgc3JjPSJodHRwOi8vaW1hZ2UucmFrdXRlbi5jby5qcC92aWVhbmdlL2NhYmluZXQvbG92ZXJzX2FuZF9yaW5nL2xvdmVyc3JpbmdfaW1hZ2UvbHJfdGl0bGVfa29rdWluLmpwZyIgd2lkdGg9IjY2MCIgaGVpZ2h0PSI1OCLjgIBhbHQ9IuWIu+WNsOOCteODvOODk+OCuSIgY2xhc3M9ImltZzEwIiAvPgogIAogPHAgY2xhc3M9ImltZzIwIj7jgZTluIzmnJvjga7mlrnjgavjga/jgIHjg6rjg7PjgrDjga7lhoXlgbTjgavjg6Hjg4Pjgrvjg7zjgrjjgoTjgYrlkI3liY3jgarjganjgpLnhKHmlpnjgafliLvljbAo5paH5a2X5YWl44KMKeOBleOBm+OBpuOBhOOBn+OBoOOBjeOBvuOBmeOAgjwvcD4KICAgIAogICAgPGRpdiBjbGFzcz0iY2xlYXJmaXggZ29vZHNfMTMwNV8wNSI+CiAgICAgICA8ZGl2PgogICAgICAgICA8cCBjbGFzcz0iaW1nMjUiPuKXhuabuOS9k+OBr+ODluODreODg+OCr+S9k+OBi+ethuiomOS9k+OBruOBhOOBmuOCjOOBi+OCkuOBiumBuOOBs+OBhOOBn+OBoOOBkeOBvuOBmeOAgjwvcD4KICAgICAgICAg4peG5L2144Gb44Gm5pif5bqn44Oe44O844Kv44O75LiA6YOo44Gu57W15paH5a2X44GM5Yi75Y2w5Y+v6IO944Gn44GZ44CC5L2/55So5Y+v6IO944Gq6KiY5Y+344O757W15paH5a2X44Gr6Zai44GX44G+44GX44Gm44Gv44CB5LiL6KiY44Gr5o6y56S644GV44KM44Gm44GE44G+44GZ5pu45L2T6KaL5pys44KS44GU5Y+C54Wn6aGY44GE44G+44GZ44CCCiAgICAgIDwvZGl2PgogICAgICAgPGltZyBzcmM9Imh0dHA6Ly9pbWFnZS5yYWt1dGVuLmNvLmpwL3ZpZWFuZ2UvY2FiaW5ldC9wYXJ0cy9sc3IwNjUwXzUyYS5qcGciIC8+ICA8L2Rpdj4KICAgIAogICAgPGltZyBzcmM9Imh0dHA6Ly9pbWFnZS5yYWt1dGVuLmNvLmpwL3ZpZWFuZ2UvY2FiaW5ldC9wYXJ0cy9sc3IwNjUwXzU0LmpwZyIgY2xhc3M9ImltZzA1IiAvPgogICAgCiAgPHAgc3R5bGU9ImZvbnQtc2l6ZTogMTRweDsiIGNsYXNzPSJpbWcyMCI+4oC744GT44Gh44KJ44Gu5ZWG5ZOB44Gr5YWl44KM44KJ44KM44KL5Yi75Y2w5paH5a2X5pWwPHNwYW4gc3R5bGU9ImNvbG9yOiAjRkYwMDY2Ij4zMOaWh+Wtl+OBvuOBpzwvc3Bhbj7jgafjgZnjgII8L3A+CiAgPHAgY2xhc3M9ImltZzEwIj7jgZPjga7llYblk4Hjga/jgIHjgqLjg6vjg5XjgqHjg5njg4Pjg4jlpKfmloflrZfjg7voi7HmlbDlrZflkIjjgo/jgZvjgaY8c3BhbiBzdHlsZT0iY29sb3I6ICNGRjAwNjYiPjMw5paH5a2X44G+44Gn5Yi75Y2w5Y+v6IO977yI5LiA5paH5a2X57SEMC45772N772N5aSn77yJPC9zcGFuPuOBp+OBmeOAguiomOWPt+OAgeOCueODmuODvOOCueOAgeODnuODvOOCr+OBquOBqeOCgu+8keaWh+Wtl+WIhuOBqOOBl+OBpuOCq+OCpuODs+ODiOOBleOCjOOBvuOBmeOAguODnuODvOOCr+ODu+e1teaWh+Wtl+OCkuOBlOiomOWFpeOBruWgtOWQiOOBr+OAgeabuOS9k+imi+acrOOBq+iomOi8ieOBleOCjOOBpuOBhOOCi+ODnuODvOOCr+OBruS4uOeVquWPt+OCkuWIu+WNsOS9jee9ruOBq+OBlOiomOWFpemhmOOBhOOBvuOBmeOAgjwvcD4KICAKICA8YnI+PGJyPgogCiA8ZGl2IGNsYXNzPSJnb29kc18xMzA1XzA2Ij4KICA8cD7jg5fjg6vjg4Djgqbjg7Pjg6Hjg4vjg6Xjg7zjgYvjgonjgZTluIzmnJvjga7mm7jkvZPjgpLjgYrpgbjjgbPjgY/jgaDjgZXjgYTjgILms6jmlofnlLvpnaLjga7jgIzliLvljbDlr77osaHllYblk4HjgpLjgZTms6jmlofjga7mlrnjga8K44GT44Gh44KJ44Gr44GU6KiY5YWl44GP44Gg44GV44GE44CN5qyE44Gr5Yi75Y2w5YaF5a6544KS44GU6KiY5YWl44GP44Gg44GV44GE44CC5ZWG5ZOB44KSMuWAi+S7peS4iuOBiuiyt+OBhOS4iuOBkuOBruWgtOWQiOOBr+OAgQrliLvljbDlr77osaHllYblk4HjgYzliIbjgYvjgovjgojjgYbjgZTkvbXoqJjjgYrpoZjjgYToh7TjgZfjgb7jgZnjgIIK5L6L44CM44Os44OH44Kj44O844K577ya4peL4peL4peL4peL44CN44CM44Oh44Oz44K677ya4peL4peL4peL4peL44CN44Gq44GpPC9wPjwvZGl2PgoKPGJyPjxicj4KCgoKICA8IS0t4pa84pa84pa844Op44OD44OU44Oz44Kw44O744Oh44OD44K744O844K444Kr44O844OJ4pa84pa84pa8LS0+ICAgCiAgCiAgPGltZyBzcmM9Imh0dHA6Ly9pbWFnZS5yYWt1dGVuLmNvLmpwL3ZpZWFuZ2UvY2FiaW5ldC93cmFwcGluZy93cmFwcGluZ190aXRsZS5qcGciIGFsdD0i44Op44OD44OU44Oz44KwIj4KCjxicj48YnI+PGJyPgoKPHRhYmxlIGJvcmRlcj0iMCIgd2lkdGg9IjY2MHB4Ij4KPHRyPgo8dGQ+CjxpbWcgc3JjPSJodHRwOi8vaW1hZ2UucmFrdXRlbi5jby5qcC92aWVhbmdlL2NhYmluZXQvd3JhcHBpbmcvbHJfd3JhcF8wMV8xLmpwZyIgYWx0PSJMb3ZlcnMmUmluZ+OAgOmAmuW4uOODqeODg+ODlOODs+OCsCI+CjwvdGQ+Cjx0ZD4KPGltZyBzcmM9Imh0dHA6Ly9pbWFnZS5yYWt1dGVuLmNvLmpwL3ZpZWFuZ2UvY2FiaW5ldC93cmFwcGluZy9scl93cmFwXzAyLmpwZyIgYWx0PSJMb3ZlcnMmUmluZ+OAgOOCqOOCs+ODqeODg+ODlOODs+OCsCI+CjwvdGQ+Cjx0ZD4KPGEgIGhyZWY9Imh0dHA6Ly9pdGVtLnJha3V0ZW4uY28uanAvdmllYW5nZS9jLzAwMDAwMDA3ODIvIj48aW1nIHNyYz0iaHR0cDovL2ltYWdlLnJha3V0ZW4uY28uanAvdmllYW5nZS9jYWJpbmV0L3dyYXBwaW5nL2xyX3dyYXBfMDMuanBnIiBhbHQ9IkxvdmVycyZSaW5n44CA44K544Oa44K344Oj44Or44Op44OD44OU44Oz44KwIj48L2E+CjwvdGQ+CjwvdHI+CjwvdGFibGU+CjxpbWcgc3JjPSJodHRwOi8vaW1hZ2UucmFrdXRlbi5jby5qcC92aWVhbmdlL2NhYmluZXQvd3JhcHBpbmcva2lraW4uanBnIiBhbHQ9IuWkqeS9v+OBruWNteWfuumHkSI+CiAgCiAgPGEgIGhyZWY9Imh0dHA6Ly9pdGVtLnJha3V0ZW4uY28uanAvdmllYW5nZS9jLzAwMDAwMDA3OTEvIj4KPGltZyBzcmM9Imh0dHA6Ly9pbWFnZS5yYWt1dGVuLmNvLmpwL3ZpZWFuZ2UvY2FiaW5ldC93cmFwcGluZy9sc19jYXJkLmpwZyIgYWx0PSLjg6Hjg4Pjgrvjg7zjgrjjgqvjg7zjg4kiPjwvYT4KCgogPCEtLeKWvOKWvOKWvOODmuOCouODu+WNmOWTgeODquODs+OCr+KWvOKWvOKWvC0tPiAgIAogCiAgPGltZyBzcmM9Imh0dHA6Ly9pbWFnZS5yYWt1dGVuLmNvLmpwL3ZpZWFuZ2UvY2FiaW5ldC9sb3ZlcnNfYW5kX3JpbmcvbG92ZXJzcmluZ19pbWFnZS9scl9saW5rX21lbnMuanBnIiB3aWR0aD0iNjYwIiBoZWlnaHQ9IjU4IiBjbGFzcz0iaW1nMTAiIC8+CiAgCiAgCiA8ZGl2IGNsYXNzPSJsaW5rX3BhaXJfbWVucyI+CiAgICAgPGRpdiBjbGFzcz0idGFucGluX2xlZnQiPjxhIGhyZWY9Imh0dHA6Ly9pdGVtLnJha3V0ZW4uY28uanAvdmllYW5nZS9sc3IwNjAzcGstd2cvIj4KPGltZyBzcmM9CiJodHRwOi8vaW1hZ2UucmFrdXRlbi5jby5qcC92aWVhbmdlL2NhYmluZXQvbG92ZXJzX2FuZF9yaW5nL2xvdmVyc3JpbmdfaW1hZ2UvbHNyMDYwM19wYWlyLmpwZyIgd2lkdGg9IjIzNSIgaGVpZ2h0PSIyMzUiIGNsYXNzPSJpbWcyMCIgLz48L2E+CiAgICA8L2Rpdj4KICAgIDxkaXYgY2xhc3M9InRhbnBpbl9yaWdodCI+PGEgaHJlZj0iaHR0cDovL2l0ZW0ucmFrdXRlbi5jby5qcC92aWVhbmdlL2xzcjA2MDN3Zy8gIj4KPGltZyBzcmM9Imh0dHA6Ly9pbWFnZS5yYWt1dGVuLmNvLmpwL3ZpZWFuZ2UvY2FiaW5ldC9sb3ZlcnNfYW5kX3JpbmcvbG92ZXJzcmluZ19pbWFnZS9sc3IwNjAzX3RhbnBpbl9tZW5zLmpwZyIgd2lkdGg9IjIzNSIgaGVpZ2h0PSIyMzUiIGNsYXNzPSJpbWcyMCIgLz48L2E+CiAgICA8L2Rpdj4KICA8L2Rpdj4KCgoKPGEgaHJlZj0iaHR0cDovL2l0ZW0ucmFrdXRlbi5jby5qcC92aWVhbmdlL2MvMDAwMDAwMDY2Ni8iPjxpbWcgc3JjPSJodHRwOi8vaW1hZ2UucmFrdXRlbi5jby5qcC92aWVhbmdlL2NhYmluZXQvaW1hZ2UvbW9yZV9wYWlycmluZzIuanBnIiB3aWR0aD0iNjYwIiBoZWlnaHQ9IjEyMCIgYm9yZGVyPSIwIj48L2E+PGJyPjxicj4KICAKICAKICAKICA8aW1nIHNyYz0iaHR0cDovL2ltYWdlLnJha3V0ZW4uY28uanAvdmllYW5nZS9jYWJpbmV0L3BhcnRzL2xzcjA2NTBfNjguZ2lmIiBjbGFzcz0iaW1nMzAiIC8+CgoKPC9kaXY+PC9kaXY+Cgo8dGFibGUgd2lkdGg9IjM5MCIgYm9yZGVyPSIwIj4KICA8dHI+CiAgICA8dGQ+PGZvbnQgY29sb3I9IzY5Njk2OSBzaXplPSIyIj7jgJBMb3ZlcnMgJiBSaW5n44CR44CQRmlyc3QgTG92ZSDjgrfjg6rjg7zjgrrjgJHjgJDjgqvjg4Pjg4jjgr/jgqTjg5fjgJFLMTDjg5rjgqLjg6rjg7PjgrA8YnI+CiAgICAgICAgPC90ZD4KICA8L3RyPgo8L3RhYmxlPgo8dGFibGUgd2lkdGg9IjM5MCIgYm9yZGVyPSIwIj4KICA8dHI+CiAgICA8dGQgd2lkdGg9IjEyNSI+Jm5ic3A7PC90ZD4KICAgIDx0ZCB3aWR0aD0iMTM2Ij4mbmJzcDs8L3RkPgogICAgPHRkIHdpZHRoPSIxMTUiPiZuYnNwOzwvdGQ+CiAgPC90cj4KICA8dHI+CiAgICA8dGQ+PGRpdiBhbGlnbj0iY2VudGVyIj48L2Rpdj48L3RkPgogICAgPHRkPjxkaXYgYWxpZ249ImNlbnRlciI+PGltZyBzcmM9Imh0dHA6Ly9pbWFnZS5yYWt1dGVuLmNvLmpwL3ZpZWFuZ2UvY2FiaW5ldC9sb3ZlcnNfYW5kX3JpbmcvbHNyMDYwM3dnMTAweDEwMC5qcGciIGFsdD0i44Oh44Oz44K65Y2Y5L2TIiB3aWR0aD0iMTAwIiBoZWlnaHQ9IjEwMCIgYm9yZGVyPSIwIj48L2Rpdj48L3RkPgogICAgPHRkPjxkaXYgYWxpZ249ImNlbnRlciI+PGltZyBzcmM9Imh0dHA6Ly9pbWFnZS5yYWt1dGVuLmNvLmpwL3ZpZWFuZ2UvY2FiaW5ldC9sb3ZlcnNfYW5kX3JpbmcvbHNyMDYwMy1wYWlyMTAweDEwMC5qcGciIGFsdD0i44Oa44Ki44Oq44Oz44KwIiB3aWR0aD0iMTAwIiBoZWlnaHQ9IjEwMCIgYm9yZGVyPSIwIj48L2Rpdj48L3RkPgogIDwvdHI+CiAgPHRyPgogICAgPHRkPjxkaXYgYWxpZ249ImNlbnRlciI+PC9kaXY+PC90ZD4KICAgIDx0ZD48ZGl2IGFsaWduPSJjZW50ZXIiPjxmb250IHNpemU9Ii0xIj7jg6Hjg7PjgrrljZjlk4E8L2ZvbnQ+PC9kaXY+PC90ZD4KICAgIDx0ZD48ZGl2IGFsaWduPSJjZW50ZXIiPjxmb250IHNpemU9Ii0xIj7jg5rjgqLosqnlo7I8L2ZvbnQ+PC9kaXY+PC90ZD4KICA8L3RyPgo8L3RhYmxlPgo8dGFibGUgd2lkdGg9IjM5MCIgYm9yZGVyPSIwIj4KICA8dHI+CiAgICA8dGQgd2lkdGg9Ijg5Ij4mbmJzcDs8L3RkPgogICAgPHRkIHdpZHRoPSIyOTEiPiZuYnNwOzwvdGQ+CiAgPC90cj4KICA8dHI+CiAgICA8dGQ+PGZvbnQgY29sb3I9IzY5Njk2OSBzaXplPSIyIj7ilqDjgIDntKDmnZDjgIDilqA8L2ZvbnQ+PC90ZD4KICAgIDx0ZD4mbmJzcDs8L3RkPgogIDwvdHI+CjwvdGFibGU+Cjx0YWJsZSB3aWR0aD0iMzkwIiBib3JkZXI9IjAiPgogIDx0cj4KICAgIDx0ZCB3aWR0aD0iODkiPjxkaXYgYWxpZ249InJpZ2h0Ij48Zm9udCBjb2xvcj0iIzY5Njk2OSIgc2l6ZT0iMiI+44Os44OH44Kj44O844K577yaPC9mb250PjwvZGl2PjwvdGQ+CiAgICA8dGQgd2lkdGg9IjI5MSI+PGZvbnQgY29sb3I9IzY5Njk2OSBzaXplPSIyIj5LMTAo44OU44Oz44Kv44K044O844Or44OJ77yJPC9mb250PjwvdGQ+CiAgPC90cj4KICA8dHI+CiAgICA8dGQ+Jm5ic3A7PC90ZD4KICAgIDx0ZD4mbmJzcDs8L3RkPgogIDwvdHI+CjwvdGFibGU+Cjx0YWJsZSB3aWR0aD0iMzkwIiBib3JkZXI9IjAiPgogIDx0cj4KICAgIDx0ZD48Zm9udCBjb2xvcj0jNjk2OTY5IHNpemU9IjIiPuKWoCDlpKfjgY3jgZUobW0pIOKWoDwvZm9udD48L3RkPgogIDwvdHI+CjwvdGFibGU+Cjx0YWJsZSB3aWR0aD0iMzkwIiBib3JkZXI9IjAiPgogIDx0cj4KICAgIDx0ZCB3aWR0aD0iODkiPiZuYnNwOzwvdGQ+CiAgICA8dGQgd2lkdGg9IjI5MSI+PGZvbnQgY29sb3I9IzY5Njk2OSBzaXplPSIyIj7luYXntIQxLjjDl+WOmuOBv+e0hDEuMDwvZm9udD48L3RkPgogIDwvdHI+CiAgPHRyPgogICAgPHRkPiZuYnNwOzwvdGQ+CiAgICA8dGQ+Jm5ic3A7PC90ZD4KICA8L3RyPgo8L3RhYmxlPgo8dGFibGUgd2lkdGg9IjM5MCIgYm9yZGVyPSIwIj4KICA8dHI+CiAgICA8dGQgd2lkdGg9Ijg5Ij48Zm9udCBjb2xvcj0jNjk2OTY5IHNpemU9IjIiPuKWoOOAgOmHjemHj+OAgOKWoDwvZm9udD48L3RkPgogICAgPHRkIHdpZHRoPSIyOTEiPiZuYnNwOzwvdGQ+CiAgPC90cj4KPC90YWJsZT4KPHRhYmxlIHdpZHRoPSIzOTAiIGJvcmRlcj0iMCI+CiAgPHRyPgogICAgPHRkIHdpZHRoPSI4OSI+Jm5ic3A7PC90ZD4KICAgIDx0ZCB3aWR0aD0iMjkxIj48Zm9udCBjb2xvcj0jNjk2OTY5IHNpemU9IjIiPue0hDEuMmc8L2ZvbnQ+PC90ZD4KICA8L3RyPgogIDx0cj4KICAgIDx0ZD4mbmJzcDs8L3RkPgogICAgPHRkPjxmb250IGNvbG9yPSIjMDA5OUZGIiBzaXplPSIxIj7igLvlpKfjgY3jgZXjg7vph43jgZXjgavjga/lpJrlsJHjga7lgIvkvZPlt67jgYznlJ/jgZjjgb7jgZk8L2ZvbnQ+PC90ZD4KICA8L3RyPgo8L3RhYmxlPgo8dGFibGUgd2lkdGg9IjM5MCIgYm9yZGVyPSIwIj4KICA8dHI+CiAgICA8dGQgd2lkdGg9Ijg4IiBoZWlnaHQ9IjE1Ij48Zm9udCBjb2xvcj0jNjk2OTY5IHNpemU9IjIiPuKWoOimj+WumuOCteOCpOOCuuKWoDwvZm9udD48L3RkPgogICAgPHRkIHdpZHRoPSIyOTIiPiZuYnNwOzwvdGQ+CiAgPC90cj4KPC90YWJsZT4KPHRhYmxlIHdpZHRoPSIzOTAiIGJvcmRlcj0iMCI+CiAgPHRyPgogICAgPHRkIHdpZHRoPSI4OSIgaGVpZ2h0PSI1MSI+Jm5ic3A7PC90ZD4KICAgIDx0ZCB3aWR0aD0iMjkxIj48Zm9udCBjb2xvcj0jNjk2OTY5IHNpemU9IjIiPjXlj7fjgYvjgokyM+WPt+OBvuOBpzxicj4K4oC7MjTlj7fku6XkuIrjga7jgrXjgqTjgrrjga/liKXpgJTmlpnph5HjgYznmbrnlJ/jgYTjgZ/jgZfjgb7jgZnjgILjgb7jgZ/jgIHntI3mnJ/jgYwx6YCx6ZaT44G744Gp6ZW344GP44Gq44KK44G+44GZ44CCPGJyPgo8YnI+CuKAuzTlj7fku6XkuIvjga7jgrXjgqTjgrrjga7loLTlkIjjgIHov73liqDmlpnph5Hjga/nmbrnlJ/jgYTjgZ/jgZfjgb7jgZvjgpPjgYzjgIE8Zm9udCBjb2xvcj0iIzAwOTlGRiI+57SN5pyf44GMMemAsemWk++8iDfllrbmpa3ml6XvvInjgbvjganliqDnrpfjgZXjgozjgb7jgZk8L2ZvbnQ+44CCPGJyPjxicj4K4peG6KaP5a6a5aSW44K144Kk44K644Gu44Kq44O844OA44O85pa55rOV4peGPGJyPgo8YnI+CuOCteOCpOOCuuOBruODl+ODq+ODgOOCpuODs+ODoeODi+ODpeODvOOCiOOCiu+8nOS4iuiomOS7peWklu+8nuOCkuOBlOmBuOaKnuS4i+OBleOBhOOAguazqOaWh+eUu+mdouOBrumAmuS/oeashOOBq+OBlOW4jOacm+OBruOCteOCpOOCuuOCkuOBlOaYjuiomOOBj+OBoOOBleOBhOOAguW9k+aWueOBq+OBpuW3rumhjeOCkueul+WHuuOBruOBhuOBiOOAgeOBiuWuouanmOOBq+OBlOmAo+e1oeOBhOOBn+OBl+OBvuOBmeOAguOBiuWuouanmOOBruOBlOS6huaJv+OCkuOBhOOBn+OBoOOBhOOBn+aZgueCueOBp+OAgeW9k+aWueOBq+OBpui/veWKoOaWmemHkeOCkuWKoOeul+OBl+OBpuOAgeOBlOiri+axgue3j+mhjeOCkuWkieabtOOBleOBm+OBpuOBhOOBn+OBoOOBjeOBvuOBmeOAggo8L2ZvbnQ+PC90ZD4KICA8L3RyPgogIDx0cj4KICAgIDx0ZD4mbmJzcDs8L3RkPgogICAgPHRkPiZuYnNwOzwvdGQ+CiAgPC90cj4KPC90YWJsZT4KPHRhYmxlIHdpZHRoPSIzOTAiIGJvcmRlcj0iMCI+CiAgPHRyPgogICAgPHRkIHdpZHRoPSIyMTEiPjxmb250IGNvbG9yPSM2OTY5Njkgc2l6ZT0iMiI+4pagIOWIu+WNsOWPr+iDveaWh+Wtl+aVsCAv44OV44Kp44Oz44OI44K144Kk44K6IOKWoDwvZm9udD48L3RkPgogICAgPHRkIHdpZHRoPSIxNjkiPiZuYnNwOzwvdGQ+CiAgPC90cj4KPC90YWJsZT4KPHRhYmxlIHdpZHRoPSIzOTAiIGJvcmRlcj0iMCI+CiAgPHRyPgogICAgPHRkIHdpZHRoPSI4OSI+Jm5ic3A7PC90ZD4KICAgIDx0ZCB3aWR0aD0iMjkxIj48Zm9udCBjb2xvcj0jNjk2OTY5IHNpemU9IjIiPjMw5paH5a2XIC8g5LiA5paH5a2X57SEMC45772N772N5aSnPC9mb250PjwvdGQ+CiAgPC90cj4KICA8dHI+CiAgICA8dGQ+Jm5ic3A7PC90ZD4KICAgIDx0ZD4mbmJzcDs8L3RkPgogIDwvdHI+CjwvdGFibGU+Cjx0YWJsZSB3aWR0aD0iMzkwIiBib3JkZXI9IjAiPgogIDx0cj4KICAgIDx0ZCB3aWR0aD0iMjExIj48Zm9udCBjb2xvcj0jNjk2OTY5IHNpemU9IjIiPuKWoCDoo4/nn7PlhaXjgozjgqrjg5fjgrfjg6fjg7PilqA8L2ZvbnQ+PC90ZD4KICAgIDx0ZCB3aWR0aD0iMTY5Ij4mbmJzcDs8L3RkPgogIDwvdHI+CjwvdGFibGU+Cjx0YWJsZSB3aWR0aD0iMzkwIiBib3JkZXI9IjAiPgogIDx0cj4KICAgIDx0ZCB3aWR0aD0iODkiPiZuYnNwOzwvdGQ+CiAgICA8dGQgd2lkdGg9IjI5MSI+PGZvbnQgY29sb3I9IzY5Njk2OSBzaXplPSIyIj7lr77lv5zkuI3lj688L2ZvbnQ+PC90ZD4KICA8L3RyPgogIDx0cj4KICAgIDx0ZD4mbmJzcDs8L3RkPgogICAgPHRkPiZuYnNwOzwvdGQ+CiAgPC90cj4KPC90YWJsZT4KPHRhYmxlIHdpZHRoPSIzOTAiIGJvcmRlcj0iMCI+CiAgPHRyPgogICAgPHRkIHdpZHRoPSIzMzIiPjxmb250IGNvbG9yPSM2OTY5Njkgc2l6ZT0iMiI+4pag5pyq5L2/55So5ZOB44Gu44K144Kk44K65aSJ5pu077yI5Yid5pyf44K144Kk44K65aSJ5pu077yJ44Gr44Gk44GE44Gm4pagPC9mb250PjwvdGQ+CiAgICA8dGQgd2lkdGg9IjQ4Ij4mbmJzcDs8L3RkPgogIDwvdHI+CjwvdGFibGU+Cjx0YWJsZSB3aWR0aD0iMzkwIiBib3JkZXI9IjAiPgogIDx0cj4KICAgIDx0ZCB3aWR0aD0iODkiIGhlaWdodD0iNTEiPiZuYnNwOzwvdGQ+CiAgICA8dGQgd2lkdGg9IjI5MSI+PGZvbnQgY29sb3I9IiM2OTY5NjkiIHNpemU9IjIiPjxicj7kuIfjgYzkuIDjgYrlrqLmp5jjga7jgYrmiYvlhYPjgavlsYrjgYTjgZ/llYblk4Hjga7jgrXjgqTjgrrjgYzlkIjjgo/jgZrjgIHku5bjga7jgrXjgqTjgrrjgbjjga7lpInmm7TjgpLjgZTluIzmnJvjga7loLTlkIjjgavjga/jgIE8Zm9udCBjb2xvcj0iIzAwOTlGRiI+5pyq5L2/55So44Gu5ZOB44Gr6ZmQ44KKPC9mb250PuOCteOCpOOCuuebtOOBl+OAgeOBvuOBn+OBr+OCteOCpOOCuuS6pOaPm+OCkuaJv+OCiuOBvuOBmeOAguW/heOBmjxmb250IGNvbG9yPSIjMDA5OUZGIj7llYblk4HliLDnnYDlvowx6YCx6ZaT5Lul5YaFPC9mb250PuOBq+OBlOmAo+e1oeOBhOOBn+OBoOOBjeOBvuOBmeOCiOOBhuOBiumhmOOBhOeUs+OBl+S4iuOBkuOBvuOBmeOAgjxicj4KICAgICAgPGJyPgril4bllYblk4HliLDnnYDlvowx6YCx6ZaT5Lul5YaF44Gr44GU6YCj57Wh44GE44Gf44Gg44GR44Gq44GL44Gj44Gf5aC05ZCI44KE44CB5ZWG5ZOB44Gr6JGX44GX44GE5L2/55So55eV44Gq44Gp44GM44GC44KL5aC05ZCI44Gr44Gv44K144Kk44K65aSJ5pu044O75Lqk5o+b44KS5om/44KK44GL44Gt44KL44GT44Go44KC44GU44GW44GE44G+44GZ44Gu44Gn44GU5LqG5om/6aGY44GE44G+44GZ44CCPGJyPjxicj4K4peG5ZWG5ZOB5Y+X44GR5rih44GX44Gr6Zai44KP44KL5b6A5b6p44Gu6YCB5paZ44Gv44CB44GK5a6i5qeY44Gu44GU6LKg5ouF44Go44Gq44KK44G+44GZ44CCPGJyPjxicj4K4peG5ZWG5ZOB44GrPGZvbnQgY29sb3I9IiMwMDk5RkYiPuWIu+WNsOOCkuWFpeOCjOOBpuOBhOOCi+WgtOWQiDwvZm9udD7jgoQ8Zm9udCBjb2xvcj0iIzAwOTlGRiI+6KOP55+z44KS55WZ44KB44Gm44GE44KL5aC05ZCIPC9mb250PuOBr+OAgeS6pOaPm+aJi+aVsOaWmeOBjOWIpemAlOeZuueUn+OBhOOBn+OBl+OBvuOBmeOAguOBvuOBn+OAgeimj+WumuWkluOCteOCpOOCuuOBq+mWouOCj+OCi+OCteOCpOOCuuWkieabtOOBr+OCteOCpOOCuuW3rumhjeaWmeOBjOWIpemAlOeZuueUn+OBhOOBn+OBl+OBvuOBmeOAguips+e0sOOBq+mWouOBl+OBvuOBl+OBpuOBr+OAgeOBk+OBoeOCieOBruOAjOWIneacn+OCteOCpOOCuuWkieabtOOBruebruWuieOAjeOCkuOBlOWPgueFp+OBruOBhuOBiOOAgeODoeODvOODq+OBq+OBpuOBiuWVj+OBhOWQiOOCj+OBm+mhmOOBhOOBvuOBmeOAgjxicj48YnI+CuKXhuacrOOCteODvOODk+OCueOBrumBqeeUqOOBr+OAgeWIneWbnumZkOOCiuOBqOOBleOBm+OBpuOBhOOBn+OBoOOBjeOBvuOBmeOAggo8L2ZvbnQ+PC90ZD4KICA8L3RyPgogIDx0cj4KICAgIDx0ZD4mbmJzcDs8L3RkPgogICAgPHRkPiZuYnNwOzwvdGQ+CiAgPC90cj4KPC90YWJsZT4KPHRhYmxlIHdpZHRoPSIzOTAiIGJvcmRlcj0iMCI+CiAgPHRyPgogICAgPHRkIHdpZHRoPSIzMjIiPjxmb250IGNvbG9yPSM2OTY5Njkgc2l6ZT0iMiI+4pag44GU5L2/55So44Gr44Gq44KJ44KM44Gf5ZWG5ZOB44Gu44K144Kk44K655u044GX44Gu5Y+v5ZCmL+ebtOOBl+W5heKWoDwvZm9udD48L3RkPgogICAgPHRkIHdpZHRoPSI1OCI+Jm5ic3A7PC90ZD4KICA8L3RyPgo8L3RhYmxlPgo8dGFibGUgd2lkdGg9IjM5MCIgYm9yZGVyPSIwIj4KICA8dHI+CiAgICA8dGQgd2lkdGg9Ijg4Ij48ZGl2IGFsaWduPSJyaWdodCI+PGZvbnQgY29sb3I9IiM2OTY5NjkiIHNpemU9IjIiPuODrOODh+OCo+ODvOOCue+8mjwvZm9udD48L2Rpdj4KICAgIDwvdGQ+CiAgICA8dGQgd2lkdGg9IjI5MiI+PGZvbnQgY29sb3I9IzY5Njk2OSBzaXplPSIyIj7kuI3lj688L2ZvbnQ+PC90ZD4KICA8L3RyPgogIDx0cj4KICAgIDx0ZCBoZWlnaHQ9IjM4Ij4mbmJzcDs8L3RkPgogICAgPHRkPjxmb250IGNvbG9yPSM2OTY5Njkgc2l6ZT0iMiI+4oC75pys5ZWG5ZOB44Gu5LuV5qeY5LiK44CB44GU6LO85YWl5b6M44GU5L2/55So44Gr44Gq44KJ44KM44Gf5ZWG5ZOB44Gu44K144Kk44K655u044GX44GvPGZvbnQgY29sb3I9IiMwMDk5RkYiPuWOn+WJh+OBqOOBl+OBpuOBiuWPl+OBkeOBmeOCi+OBk+OBqOOBjOOBp+OBjeOBvuOBm+OCkzwvZm9udD7jgILjgZ/jgaDjgZfjgIHjgYrlrqLmp5jjga7jgZTkuobmib/jga7jgoLjgajjgrXjgqTjgrrnm7TjgZfjgYzlj6/og73jgarloLTlkIjjgoLjgZTjgZbjgYTjgb7jgZnjga7jgafjgIHjg6Hjg7zjg6vjgavjgabjgYrllY/jgYTlkIjjgo/jgZvpoZjjgYTjgb7jgZnjgII8L2ZvbnQ+PC90ZD4KICA8L3RyPgogIDx0cj4KICAgIDx0ZCBoZWlnaHQ9IjE1Ij4mbmJzcDs8L3RkPgogICAgPHRkPiZuYnNwOzwvdGQ+CiAgPC90cj4KPC90YWJsZT4KPHRhYmxlIHdpZHRoPSIzOTAiIGJvcmRlcj0iMCI+CiAgPHRyPgogICAgPHRkPjxmb250IGNvbG9yPSMwMDk5RkYgc2l6ZT0iKzEiPuKXhuWIu+WNsOeEoeaWmeOCteODvOODk+OCueKXhjwvZm9udD48YnI+CiAgICAgIDxicj4KICAgICAgPGZvbnQgY29sb3I9IzY5Njk2OSBzaXplPSIyIj7jgZTluIzmnJvjga7mlrnjgavjga/jgIHjg6rjg7PjgrDjga7lhoXlgbTjgavjg6Hjg4Pjgrvjg7zjgrjjgoTjgYrlkI3liY3jgarjganjgpLnhKHmlpnjgafliLvljbAo5paH5a2X5YWl44KMKeOBleOBm+OBpuOBhOOBn+OBoOOBjeOBvuOBmeOAgjwvZm9udD48YnI+CiAgICAgIDxicj4KICAgICAgPGZvbnQgY29sb3I9IzY5Njk2OSBzaXplPSIyIj7il4bmm7jkvZPjga88Zm9udCBjb2xvcj0iIzAwOTlGRiI+44OW44Ot44OD44Kv5L2TPGZvbnQgY29sb3I9IiM2OTY5NjkiPuOBizwvZm9udD7nrYboqJjkvZM8L2ZvbnQ+44Gu44GE44Ga44KM44GL44KS44GK6YG444Gz44GE44Gf44Gg44GR44G+44GZ44CCPC9mb250Pjxicj4KICAgICAgPGZvbnQgY29sb3I9IzY5Njk2OSBzaXplPSIyIj7il4bkvbXjgZvjgaY8Zm9udCBjb2xvcj0iIzAwOTlGRiI+5pif5bqn44Oe44O844Kv44O75LiA6YOo44Gu57W15paH5a2XPC9mb250PuOBjOWIu+WNsOWPr+iDveOBp+OBmeOAguS9v+eUqOWPr+iDveOBquiomOWPt+ODu+e1teaWh+Wtl+OBq+mWouOBl+OBvuOBl+OBpuOBr+OAgeacrOeUu+mdouW3puWBtOOBq+aOsuekuuOBleOCjOOBpuOBhOOBvuOBmTxmb250IGNvbG9yPSIjMDA5OUZGIj7mm7jkvZPopovmnKw8L2ZvbnQ+44KS44GU5Y+C54Wn6aGY44GE44G+44GZ44CCPC9mb250Pjxicj4KICAgICAgPGJyPgogICAgICA8Zm9udCBjb2xvcj0jNjk2OTY5IHNpemU9IjIiPuOBk+OBruWVhuWTgeOBr+OAgeOCouODq+ODleOCoeODmeODg+ODiOWkp+aWh+Wtl+ODu+iLseaVsOWtl+WQiOOCj+OBm+OBpjxmb250IGNvbG9yPSIjMDA5OUZGIiBzaXplPSIrMSI+PHN0cm9uZz4zMOaWh+Wtlzwvc3Ryb25nPjwvZm9udD7jgb7jgafliLvljbDlj6/og73jgafjgZnjgILoqJjlj7fjgIHjgrnjg5rjg7zjgrnjgIHjg57jg7zjgq/jgarjganjgoLvvJHmloflrZfliIbjgajjgZfjgabjgqvjgqbjg7Pjg4jjgZXjgozjgb7jgZnjgILjg57jg7zjgq/jg7vntbXmloflrZfjgpLjgZToqJjlhaXjga7loLTlkIjjga/jgIHmm7jkvZPopovmnKzjgavoqJjovInjgZXjgozjgabjgYTjgos8Zm9udCBjb2xvcj0iIzAwOTlGRiI+44Oe44O844Kv44GuPHN0cm9uZz7kuLjnlarlj7c8L3N0cm9uZz48L2ZvbnQ+44KS5Yi75Y2w5L2N572u44Gr44GU6KiY5YWl6aGY44GE44G+44GZ44CCPC9mb250PjwvdGQ+CiAgPC90cj4KPC90YWJsZT4KPHRhYmxlIHdpZHRoPSIzOTAiIGJvcmRlcj0iMCI+CiAgPHRyPgogICAgPHRkIGhlaWdodD0iNDkiPjxicj48ZGl2IGFsaWduPSJjZW50ZXIiPjxpbWcgc3JjPSJodHRwOi8vaW1hZ2UucmFrdXRlbi5jby5qcC92aWVhbmdlL2NhYmluZXQvbG92ZXJzX2FuZF9yaW5nL2tva3Vpbl9pbWFnZS5naWYiIGFsdD0i6KiY5YWl5L6LIiB3aWR0aD0iMzUzIiBoZWlnaHQ9IjIwMSI+PC9kaXY+PC90ZD4KICA8L3RyPgo8L3RhYmxlPgo8dGFibGUgd2lkdGg9IjM5MCIgYm9yZGVyPSIwIj4KICA8dHI+CiAgICA8dGQ+PGJyPjxmb250IGNvbG9yPSMwMDk5RkYgc2l6ZT0iMiI+4pag5Yi75Y2w44Gu44GU5rOo5paH5pa55rOV4pagPC9mb250Pjxicj4KICAgICAgPGJyPgogICAgICA8Zm9udCBjb2xvcj0jNjk2OTY5IHNpemU9IjIiPuODl+ODq+ODgOOCpuODs+ODu+ODoeODi+ODpeODvOOBi+OCieOBlOW4jOacm+OBruabuOS9k+OCkuOBiumBuOOBs+OBj+OBoOOBleOBhOOAguazqOaWh+eUu+mdouOBruOAjOOBiuW6l+OBuOOBruODoeODg+OCu+ODvOOCuOOAjeashOOBqzxmb250IGNvbG9yPSIjMDA5OUZGIj7liLvljbDlhoXlrrk8L2ZvbnQ+44KS44GU6KiY5YWl44GP44Gg44GV44GE44CC5ZWG5ZOB44KSMuWAi+S7peS4iuWQjOaZguOBq+OBiuiyt+OBhOaxguOCgeOBhOOBn+OBoOOBhOOBn+WgtOWQiOOBr+OAgeWIu+WNsOWvvuixoeWVhuWTgeOBjOOCj+OBi+OCi+OCiOOBhuOAgTxmb250IGNvbG9yPSIjMDA5OUZGIj7llYblk4Hnlarlj7c8L2ZvbnQ+44KC44GU5L216KiY6aGY44GE44G+44GZ44CCPC9mb250PiA8L3RkPgogIDwvdHI+CjwvdGFibGU+PCEtLeKWvOKWvCDlt6bluK/jg6rjg7Pjgq/jgYLjgoog4pa84pa8LS0+Cgo8ZGl2IGlkPSJoaWRhcmktb2JpIj4KCjxzdHlsZT4KI2hpZGFyaS1vYmkgewpwb3NpdGlvbjogYWJzb2x1dGU7CnRvcDowcHg7CmxlZnQ6MTBweDsKYmFja2dyb3VuZDogdXJsKCJodHRwczovL2ltYWdlLnJha3V0ZW4uY28uanAvdmllYW5nZS9jYWJpbmV0L2NhbXBhaWduL3NjYm5yXzA1MTUuanBnIikgcmVwZWF0LXkgbGVmdCB0b3AgOwp9CiNoaWRhcmktb2JpIGEgewpkaXNwbGF5OiBibG9jazsKaGVpZ2h0OjkzMDBweDsvKuODmuODvOOCuOWFqOS9k+OBrumrmOOBlSovCndpZHRoOiAxNDBweDsvKuW4r+OBruW5hSovCn0KPC9zdHlsZT4KCjwvZGl2PgoKCgo8IS0t4pa84pa8IOW3puW4r+ODquODs+OCr+OBquOBlyDilrzilrwtLT4KCgoKCjwhLS3ilrzilrwg5bem5biv44Oq44Oz44Kv44Gq44GXIOKWvOKWvC0tPgoKPCEtLQo8c3R5bGUgdHlwZT0idGV4dC9jc3MiPgpib2R5ewpiYWNrZ3JvdW5kLWltYWdlOiB1cmwoImh0dHA6Ly9pbWFnZS5yYWt1dGVuLmNvLmpwL3ZpZWFuZ2UvY2FiaW5ldC9jYW1wYWlnbi9ibnJfMTAxMi5qcGciKTsKYmFja2dyb3VuZC1yZXBlYXQ6IHJlcGVhdC15OwpiYWNrZ3JvdW5kLWF0dGFjaG1lbnQ6IHNjcm9sbDsKYmFja2dyb3VuZC1wb3NpdGlvbjpsZWZ0Cn0KPC9zdHlsZT4KLS0+CgoKCgo8c3R5bGUgdHlwZT0idGV4dC9jc3MiPgoKLyog44GK5rCX44Gr5YWl44KK5ZWG5ZOBICovCgojcmFrdXRlbkxpbWl0ZWRJZF9hcm91bmRDYXJ0ICNzZXJ2aWNlVGFibGVTbWwgdGQuZmF2b3JpdGUgewoKcGFkZGluZy10b3A6IDVweDsKCn0KCiNyYWt1dGVuTGltaXRlZElkX2Fyb3VuZENhcnQgZGl2LmJvb2ttYXJrQXJlYSBkaXYuYmttIHsKCndpZHRoOiAyOTFweCAhaW1wb3J0YW50OwoKaGVpZ2h0OjMzcHggIWltcG9ydGFudDsKCnBhZGRpbmc6IDBweCAwcHggMTBweCAwcHggIWltcG9ydGFudDsKCn0KCiNyYWt1dGVuTGltaXRlZElkX2Fyb3VuZENhcnQgZGl2LmJvb2ttYXJrQXJlYSBkaXYuYmttIGEuYWRkQmttIHsKCndpZHRoOiAyOTFweCAhaW1wb3J0YW50OwoKaGVpZ2h0OjMzcHggIWltcG9ydGFudDsKCn0KCiNyYWt1dGVuTGltaXRlZElkX2Fyb3VuZENhcnQgZGl2LmJvb2ttYXJrQXJlYSBkaXYuYmttIGEuYWRkQmttIHNwYW4uYmttU3RhciB7CgpkaXNwbGF5OiBpbmxpbmUtYmxvY2sgIWltcG9ydGFudDsKCndpZHRoOiAyOTFweCAhaW1wb3J0YW50OwoKaGVpZ2h0OjMzcHggIWltcG9ydGFudDsKCm1hcmdpbjowcHggMHB4IDEwcHggMHB4ICFpbXBvcnRhbnQ7CgpiYWNrZ3JvdW5kOiB1cmwoImh0dHA6Ly9pbWFnZS5yYWt1dGVuLmNvLmpwL3ZpZWFuZ2UvY2FiaW5ldC9ibnJfZmF2aXRlbS5qcGciKSBuby1yZXBlYXQgIWltcG9ydGFudDsKCn0KCiAKCi8qIOOBiuawl+OBq+WFpeOCiuOCt+ODp+ODg+ODlyAqLwoKZGl2LmJvb2ttYXJrQXJlYSB7Cgp3aWR0aDogMjkxcHggIWltcG9ydGFudDsKCn0KCiNyYWt1dGVuTGltaXRlZElkX2Fyb3VuZENhcnQgZGl2LnNob3BCb29rbWFya0FyZWEgZGl2LnNob3BCa20gewoKd2lkdGg6IDI5MXB4ICFpbXBvcnRhbnQ7CgpoZWlnaHQ6MzNweCAhaW1wb3J0YW50OwoKcGFkZGluZzogMHB4IDBweCAhaW1wb3J0YW50OwoKcGFkZGluZy1sZWZ0OiAwcHggIWltcG9ydGFudDsKCn0KCiNyYWt1dGVuTGltaXRlZElkX2Fyb3VuZENhcnQgZGl2LnNob3BCb29rbWFya0FyZWEgZGl2LnNob3BCa20gYS5hZGRTaG9wQmttIHNwYW4uc2hvcEJrbVN0YXIgewoKZGlzcGxheTogaW5saW5lLWJsb2NrICFpbXBvcnRhbnQ7Cgp3aWR0aDogMjkxcHggIWltcG9ydGFudDsKCmhlaWdodDozM3B4ICFpbXBvcnRhbnQ7CgptYXJnaW4tcmlnaHQ6IDBweCAhaW1wb3J0YW50OwoKYmFja2dyb3VuZDogdXJsKCJodHRwOi8vaW1hZ2UucmFrdXRlbi5jby5qcC92aWVhbmdlL2NhYmluZXQvYm5yX2ZhdnNob3AuanBnIikgbm8tcmVwZWF0ICFpbXBvcnRhbnQ7Cgp9Cjwvc3R5bGU+CgoKCgo8ZGl2IGlkPSJwcmVzZW50X2Jhc2UiIGNsYXNzPSJjbGVhcmZpeCI+CiAgIDxkaXYgY2xhc3M9InByZXNlbnRfaW1nIj48aW1nIHNyYz0iaHR0cDovL2ltYWdlLnJha3V0ZW4uY28uanAvdmllYW5nZS9jYWJpbmV0L3RtZy9mb290X3ByZTAxLmdpZiIgYWx0PSLlpKfliIfjgarjgYLjga7kurrjgavntKDmlbXjgarjg5fjg6zjgrzjg7Pjg4giIHdpZHRoPSIxOTkiIGhlaWdodD0iMjk1IiAvPjwvZGl2PgogICA8ZGl2IGNsYXNzPSJwcmVzZW50X3R4dCI+PHA+5b2T5bqX44Gv44CB5Lq65rCX44Ki44Kv44K744K144Oq44O844OW44Op44Oz44OJ44CM5aSp5L2/44Gu5Y2144CN44KE44CM5pyq5p2l5aSp5L2/44CN44KS44Gv44GY44KB44CB6KqV55Sf55+z44Gu44Oa44Oz44OA44Oz44OI44KE44Oq44Oz44Kw44Gq44Gp44CB44OX44Os44K844Oz44OI44Gr44OU44OD44K/44Oq44Gq44Ki44Kv44K744K144Oq44O844KS5Y+W5omx44GG6YCa6LKp44K344On44OD44OX44Gn44GZ44CCPC9wPjxiciAvPgrjgIzlhKrjgZfjgYTlhYnjgavjgaTjgaTjgb7jgozjgovmsLjpgaDjga7lkb3jgI3jgpLooajnj77jgZfjgZ/jgrPjg7Pjgrvjg5fjg4jjgrjjg6Xjgqjjg6rjg7zjgIzmnKrmnaXlpKnkvb/jgI3jga/mnKrmnaXjgavlkJHjgZHjgabovJ3jgZHjgovlkb3jga7jgZnjgbDjgonjgZfjgZXjgpLlpJrlvanjgarjg4bjg7zjg57jg7vjg4fjgrbjgqTjg7Pjgafooajnj77jgZfjgabjgYTjgb7jgZnjgII8YnIgLz4K44Gd44KT44Gq5pyq5p2l5aSp5L2/44GL44KJ44Gu44OX44Os44K844Oz44OI44Go44GE44GG44Kz44Oz44K744OX44OI44Gn5L2c44KJ44KM44Gf44CM5aSp5L2/44Gu5Y2144CN44Gv44CB44CM6KqV55Sf44Gu5Zac44Gz44CN44KE44CM55Sf44GN44KL44GT44Go44Gu5oSf5YuV44Go6LOe6LOb44CN44KS44OG44O844Oe44Go44GX44Gm5Ym144KJ44KM44CB5Y2144Go576944Gu44OQ44Op44Oz44K544Gu6Imv44GE44KE44GV44GX44GE44OH44K244Kk44Oz44GM5oSb44GV44KM44Gm44GE44KL44Ot44Oz44Kw44K744Op44O844Gu5Lq65rCX44Ki44Kv44K744K144Oq44O844Gn44GZ44CC5piv6Z2e44CB5aSn5YiH44Gq5Lq644G444Gu44OX44Os44K844Oz44OI562J44Gr44KC44GU5rS755So5LiL44GV44GE77yBPC9kaXY+CjwvZGl2PgoKCgoKCjwhLS3ilrzilrzilrzjg6zjg5Pjg6Xjg7zjg7vms6jmlofnirbms4HilrzilrzilrwtLT4gICAKCiAgICAgICAgICAgIDxoMj48aW1nIHNyYz0iaHR0cDovL3d3dy5yYWt1dGVuLm5lLmpwL2dvbGQvdmllYW5nZS9pbWcvdGl0bGVfMDYuanBnIiBhbHQ9IuODrOODk+ODpeODvCIgd2lkdGg9IjY4OCIgaGVpZ2h0PSI3MCIgLz48L2gyPgogICAgICAgICAgICA8YnI+PGJyPgogIAoJICA8YnI+IDxicj4gPGJyPiAKICAgICAgICAgICAgICAgICAgPGgyPjxpbWcgc3JjPSJodHRwOi8vd3d3LnJha3V0ZW4ubmUuanAvZ29sZC92aWVhbmdlL2ltZy90aXRsZV8wNy5qcGciIGFsdD0i5rOo5paH54q25rOBIiB3aWR0aD0iNjg4IiBoZWlnaHQ9IjcwIiAvPjwvaDI+CiAgICAgICAgICAgICAgICAgICAgICAgICAgICAgIDxicj4gPGJyPiAKPGJyPiA8YnI+IDxicj4=,44CQ5Yi75Y2w54Sh5paZ44CR4peGTG92ZXJzICZhbXA7IFJpbmcg44Op44OQ44O844K644Oq44Oz44Kw4peGSzEw44OU44Oz44Kv44K044O844Or44OJ44Oq44Oz44KwKOODrOODh+OCo+ODvOOCuSnjgJBMU1IwNjAzUEvjgJHjgJBLMTAg44OU44Oz44Kv44K044O844Or44OJIOODquODs+OCsCDjg5rjgqLjg6rjg7PjgrAg44Oa44KiIOaMh+i8qiDjg6njg5bjg6rjg7PjgrAg44OX44Os44K844Oz44OIIOOCruODleODiCDjgqLjgq/jgrvjgrXjg6rjg7wg44K444Ol44Ko44Oq44O8IOOBi+OCj+OBhOOBhCDliLvljbDlj6/og73jgJEgIOavjeOBruaXpSDjgrfjg7Pjg5fjg6vvvJrlpKnkvb/jga7ljbUgd2l0aCBMT1ZFUlMgU0NFTkU=,5aSp5L2/44Gu5Y215pyq5p2l5aSp5L2/44K544Oa44O844K544Kv44Oq44Ko44O844K/44O844K444Ol44Ko44Oq44O844K344Or44OQ44O844Ki44Kv44K744K144Oq44O844OU44Oz44Kv44K344Or44OQ44O844ON44OD44Kv44Os44K555u05Za25bqX44Kv44Oq44K544Oe44K56ZmQ5a6a44Oa44Oz44OA44Oz44OI5oyH6Lyq44OU44Ki44K544OX44Os44K844Oz44OI44OZ44OT44O844K544OX44O844Oz44Os44OH44Kj44O844K544Op44OQ44O844K644K344O844Oz57WQ5ama5oyH6Lyq44Oa44Ki44Oq44Oz44Kw6KqV55Sf55+z44CQ5Yi75Y2w54Sh5paZ44CR4peGTG92ZXJzICZhbXA7IFJpbmcg44Op44OQ44O844K644Oq44Oz44Kw4peGSzEw44OU44Oz44Kv44K044O844Or44OJ44Oq44Oz44KwKOODrOODh+OCo+ODvOOCuSnjgJBMU1IwNjAzUEvjgJHjgJBLMTAg44OU44Oz44Kv44K044O844Or44OJIOODquODs+OCsCDjg5rjgqLjg6rjg7PjgrAg44Oa44KiIOaMh+i8qiDjg6njg5bjg6rjg7PjgrAg44OX44Os44K844Oz44OIIOOCruODleODiCDjgqLjgq/jgrvjgrXjg6rjg7wg44K444Ol44Ko44Oq44O8IOOBi+OCj+OBhOOBhCDliLvljbDlj6/og73jgJEgIOavjeOBruaXpSDjgrfjg7Pjg5fjg6s=,54m55b6055qE44Gq44Kr44OD44OI44GM57Sg5p2Q44Gu6Lyd44GN44KS5byV44GN56uL44Gm44KL77yB44CC44CQ5Yi75Y2w54Sh5paZ44CR4peGTG92ZXJzICZhbXA7IFJpbmcg44Op44OQ44O844K644Oq44Oz44Kw4peGSzEw44OU44Oz44Kv44K044O844Or44OJ44Oq44Oz44KwKOODrOODh+OCo+ODvOOCuSnjgJBMU1IwNjAzUEvjgJHjgJBLMTAg44OU44Oz44Kv44K044O844Or44OJIOODquODs+OCsCDjg5rjgqLjg6rjg7PjgrAg44Oa44KiIOaMh+i8qiDjg6njg5bjg6rjg7PjgrAg44OX44Os44K844Oz44OIIOOCruODleODiCDjgqLjgq/jgrvjgrXjg6rjg7wg44K444Ol44Ko44Oq44O8IOOBi+OCj+OBhOOBhCDliLvljbDlj6/og73jgJEgIOavjeOBruaXpSDjgrfjg7Pjg5fjg6s=[rn]
39-1049,aHR0cDovL3RzaG9wLnIxMHMuanAvdmllYW5nZS9jYWJpbmV0L2xvdmVyc19hbmRfcmluZy9sc3IwNjU5cl82MDAuanBnP2ZpdGluPTcwMDo3MDA=,MTU1NTIuMDAwMA==,,44K444Ol44Ko44Oq44O844O744Ki44Kv44K744K144Oq44O8ID4g44Os44OH44Kj44O844K544K444Ol44Ko44Oq44O844O744Ki44Kv44K744K144Oq44O8ID4g5oyH6Lyq44O744Oq44Oz44Kw,44CQ5Yi75Y2w54Sh5paZ44CR44OU44Oz44Kv44K044O844Or44OJSzEw44Oq44Oz44Kw77yc44Os44OH44Kj44O844K577yeIExTUjA2NTlSUEvjgJBMb3ZlcnMgJiBSaW5nIOODqeODkOODvOOCuuODquODs+OCsOOAkeOAkOODmuOCouODquODs+OCsCDjg5rjgqIg44Op44OW44Oq44Oz44KwIOaMh+i8qiDjg6vjg5Pjg7wg44Os44OH44Kj44O844K5IOODlOODs+OCr+OCtOODvOODq+ODiSDjg5fjg6zjgrzjg7Pjg4gg44Ku44OV44OIIOOCouOCr+OCu+OCteODquODvCDjgqLjgq/jgrsg44K444Ol44Ko44Oq44O8IOOCruODleODiCDjgYvjgo/jgYTjgYQg5Yi75Y2w5Y+v6IO944CR,6KiI566X44GV44KM44Gf77yz5a2X44Kr44O844OW44GM5oyH5YWD44KS576O44GX44GPISDpgIHmlpnnhKHmlpkg44Or44OT44O8,PGNlbnRlcj48YSBocmVmPSJodHRwczovL215LmJvb2ttYXJrLnJha3V0ZW4uY28uanAvP2Z1bmM9cmVnJnN2aWQ9MTAxJnNob3BfYmlkPTIwMzk0NyZpaWQ9MTAwMDE3NTMmaXR5cGU9MSB0YXJnZXQ9X2JsYW5rIj48aW1nIHNyYz0iaHR0cDovL2ltYWdlLnJha3V0ZW4uY28uanAvdmllYW5nZS9jYWJpbmV0L3BfYm5yX2Zhdml0ZW0uanBnIiBib3JkZXI9IjAiIHdpZHRoPSI2NjAiIGhlaWdodD0iMTMwIj48L2E+PC9jZW50ZXI+PGJyPjxicj48aW1nIHNyYz0iaHR0cDovL2ltYWdlLnJha3V0ZW4uY28uanAvdmllYW5nZS9jYWJpbmV0L2NhbXBhaWduL2xyX3JpbmdfcGNfdG9rdXRlbi5qcGciYWx0PSJMb3ZlcnMmUmluZyDjgq3jg6Pjg7Pjg5rjg7zjg7MiPjxicj48YnI+Cgo8ZGl2IGlkPSJkZXRhaWxfYmFzZTIiPgoKICA8ZGl2IGNsYXNzPSJnb29kc18xMzA1XzAxIj4KICAgICAgPGRpdj48cD7nt6njgoTjgYvjgarjgqvjg7zjg5bjgYzjgqjjg6zjgqzjg7Pjg4jjgarljbDosaHjgpLkuI7jgYjjgabjgY/jgozjgovjg6rjg7PjgrDjgafjgZnjgILoqIjnrpfjgZXjgozjgZ/vvLPlrZfjgqvjg7zjg5bjgYzjgIHjgYLjgarjgZ/jga7mjIflhYPjgpLjgojjgornvo7jgZfjgY/jgb/jgZvjgabjgY/jgozjgb7jgZnjgILjgZPjga7jgqvjg7zjg5bjgYznlJ/jgb/lh7rjgZnkuIrlk4HjgZXjgYzjgIHjg6vjg5Pjg7zjgoTjgrXjg5XjgqHjgqTjgqLjgpLjgojjgorlvJXjgY3nq4vjgabjgIHjgrfjg7Pjg5fjg6vjgarjgYzjgonjgoLmjIflhYPjgpLoj6/jgoTjgYvjgavjgZfjgabjgY/jgozjgb7jgZnjgILntKDmnZDjga7oia/jgZXjgpLjgojjgorlvJXjgY3lh7rjgZvjgovjgojjgYbjgIHjg4fjgrbjgqTjg7PjgavjgZPjgaDjgo/jgaPjgabkvZzjgorjgb7jgZfjgZ/jgILjg5rjgqLjg6rjg7PjgrDjgpLouqvjgavnnYDjgZHjgovjgZPjgajjgafjgIHkuozkurrjga7ntYbjgYzjgojjgormt7Hjgb7jgorjgb7jgZnjgojjgYbjgavjg6vjg5Pjg7zjgIHjgrXjg5XjgqHjgqTjgqLjgajjgoLjgavjg4DjgqTjg6Tjg6Ljg7Pjg4njgbjjga7nn7Pmm7/jgYjjgYzlj6/og73jgajjgarjgaPjgabjgYrjgorjgb7jgZnjgII8L3A+CiAgICA8L2Rpdj4KICAgICAgPGltZyBzcmM9Imh0dHA6Ly9pbWFnZS5yYWt1dGVuLmNvLmpwL3ZpZWFuZ2UvY2FiaW5ldC9sb3ZlcnNfc2NlbmUvbHNyL2xzcjA2NTlfMDMuanBnIiB3aWR0aD0iNjYwIiBoZWlnaHQ9IjM2MCIgLz48L2Rpdj4KICAKICA8aW1nIHNyYz0iaHR0cDovL2ltYWdlLnJha3V0ZW4uY28uanAvdmllYW5nZS9jYWJpbmV0L2xvdmVyc19zY2VuZS9sc3IvbHNyMDY1MF8wNi5naWYiIHdpZHRoPSIzNDUiIGhlaWdodD0iMjciIGNsYXNzPSJpbWcxMCIgLz4KICA8cCBjbGFzcz0iaW1nMjAiPuW+k+adpeOBruODmuOCouODquODs+OCsOOBp+OCguOBquOBj+OAgeODnuODquODg+OCuOODquODs+OCsOOBp+OCguOBquOBhOOAjuaEm+OBqOWFseOBq+eUn+OBjeOCi+OAj+OBqOOBhOOBhuaWsOOBn+OBquOCs+ODs+OCu+ODl+ODiOOBp+WJteOCieOCjOOBn+aWsOOBn+OBquOCuOODo+ODs+ODq+OBruaMh+i8quOBp+OBmeOAguecn+Wun+OBruaEm+OCkumhmOOBhuaBi+S6uuOBn+OBoeOBq+i0iOOCiuOBvuOBmeKApuOAgjwvcD4KICAKICA8aWZyYW1lIHdpZHRoPSI2NjAiIHNjcm9sbGluZz0ibm8iIGhlaWdodD0iNDcwIiBmcmFtZWJvcmRlcj0iMCIgc3JjPSJodHRwOi8vd3d3LnJha3V0ZW4ubmUuanAvZ29sZC92aWVhbmdlL2dkX2lmcmFtZS9MU1IwNjU5X2luLmh0bWwiPjwvaWZyYW1lPgogIAogIDxpbWcgc3JjPSJodHRwOi8vaW1hZ2UucmFrdXRlbi5jby5qcC92aWVhbmdlL2NhYmluZXQvbG92ZXJzX3NjZW5lL2xzci9sc3IwNjUwXzEyLmdpZiIgd2lkdGg9IjQzNSIgaGVpZ2h0PSIyNSIgY2xhc3M9ImltZzI1IiAvPgo8ZGl2IGNsYXNzPSJjbGVhcmZpeCBpbWc0MCI+CiAgICAgPGRpdiBjbGFzcz0iZ29vZHNfMTMwNV8wMl9sZWZ0Ij48aW1nIHNyYz0iaHR0cDovL2ltYWdlLnJha3V0ZW4uY28uanAvdmllYW5nZS9jYWJpbmV0L2xvdmVyc19zY2VuZS9sc3IvbHNyMDY1OV8wOS5qcGciIHdpZHRoPSI0MDAiIGhlaWdodD0iNDAwIiBjbGFzcz0iaW1nMDUiIC8+CiAgICAg44GK5aW944GN44Gq44Oh44OD44K744O844K444KS5YWl44KM44CB5LqM5Lq644Gg44GR44Gu44Oa44Ki44Oq44Oz44Kw44KS44Gk44GP44Gj44Gm44G/44Gm44Gv44Gp44GG44Gn44GZ44GL77yfPC9kaXY+CjxkaXYgY2xhc3M9Imdvb2RzXzEzMDVfMDJfcmlnaHQiPgogICAgICAgIDxwPkxvdmVycyAmYW1wOyBSaW5n44Gu5Lit44Gn44Gv44CB5Lit5b+D55qE44Gq44K344Oq44O844K644CCPGJyIC8+CiAgICAgICAgICDnqY/jgoTjgYvjgavmt7Hjgb7jgaPjgabjgobjgY/jgYrkuozkurrjga7ntYbjgYzjgIHjgZPjgozjgYvjgonjgoLntprjgY/jgZPjgajjgbjjga7npYjjgorjgpLoqJfjgZnigKbjgZ3jgpPjgarjg5rjgqLjg6rjg7PjgrDjgpLjgYrmjqLjgZfjga7jgYrkuozkurrjgavjga/jg5Tjg4Pjgr/jg6rjgII8YnIgLz4KICAgICAgICDos6rmhJ/jg7vjg4fjgrbjgqTjg7PjgajjgoLjg57jg6rjg4Pjgrjjg6rjg7PjgrDjgajjgZfjgabjgoLkvb/nlKjlj6/og73jgarjgq/jgqrjg6rjg4bjgqPjgpLnp5jjgoHjgabjgYTjgb7jgZnjgII8L3A+CiAgICAgPGltZyBzcmM9Imh0dHA6Ly9pbWFnZS5yYWt1dGVuLmNvLmpwL3ZpZWFuZ2UvY2FiaW5ldC9sb3ZlcnNfc2NlbmUvbHNyL2xzcjA2NTlfMTIuanBnIiBjbGFzcz0iaW1nMDUiIC8+CiAgICDlhoXlgbTjgavjgYrlhaXjgozjgZnjgovjg6Hjg4Pjgrvjg7zjgrjjga/igJznhKHmlpnjgrXjg7zjg5PjgrnigJ3jgafjgZk8L2Rpdj4KICA8L2Rpdj4KICAKICA8aW1nIHNyYz0iaHR0cDovL2ltYWdlLnJha3V0ZW4uY28uanAvdmllYW5nZS9jYWJpbmV0L2xvdmVyc19zY2VuZS9sc3IvbHNyMDY1OV8xNS5naWYiIHdpZHRoPSI2NTIiIGhlaWdodD0iMTMwIiBjbGFzcz0iaW1nMjUiIC8+CjxkaXYgY2xhc3M9ImNsZWFyZml4IGltZzQwIj4KICAgICA8ZGl2IGNsYXNzPSJnb29kc18xMzA1XzAzX2xlZnQiPgogICAgICAgIDxwPuWls+aAp+eUqOOBq+OBr+ODq+ODk+ODvOOCkuOAgeeUt+aAp+eUqOOBq+OBr+OCteODleOCoeOCpOOCouOCkuOBguOBl+OCieOBo+OBn+OCt+ODs+ODl+ODq+OBquOBjOOCieOCguOAgea0l+e3tOOBleOCjOOBn+ODh+OCtuOCpOODs+OBruODmuOCouODquODs+OCsDwvcD4KICAgIDxpbWcgc3JjPSJodHRwOi8vaW1hZ2UucmFrdXRlbi5jby5qcC92aWVhbmdlL2NhYmluZXQvbG92ZXJzX3NjZW5lL2xzci9sc3IwNjU5XzIwLmpwZyIgd2lkdGg9IjI0NSIgaGVpZ2h0PSIyNDUiIGNsYXNzPSJpbWcwNSIgLz4KICAgICAgICDlpKfliIfjgarkurrjgajjga7oqJjlv7Xml6XjgoTjgIHjg5fjg6zjgrzjg7Pjg4jjgavmnIDpganjga7jg5rjgqLjg6rjg7PjgrAgICAgIDwvZGl2PgogIDxkaXYgY2xhc3M9Imdvb2RzXzEzMDVfMDNfcmlnaHQiPgo8aW1nIHNyYz0iaHR0cDovL2ltYWdlLnJha3V0ZW4uY28uanAvdmllYW5nZS9jYWJpbmV0L2xvdmVyc19zY2VuZS9sc3IvbHNyMDY1OV8xOS5qcGciIHdpZHRoPSI0MDAiIGhlaWdodD0iNDAwIiBjbGFzcz0iaW1nMDUiIC8+ICAgIOWkieiJsuOBl+OBq+OBj+OBj+e+juOBl+OBhOi8neOBj+OCkuaUvuOBpOOAgeODlOODs+OCr+OCtOODvOODq+ODieOBqOODm+ODr+OCpOODiOOCtOODvOODq+ODieOBruODmuOCouODquODs+OCsCAgICAgPC9kaXY+CiAgPC9kaXY+CiAgCiAgPGltZyBzcmM9Imh0dHA6Ly9pbWFnZS5yYWt1dGVuLmNvLmpwL3ZpZWFuZ2UvY2FiaW5ldC9sb3ZlcnNfc2NlbmUvbHNyL2xzcjA2NTlfMjQuanBnIiB3aWR0aD0iNjYwIiBoZWlnaHQ9IjM2NyIgY2xhc3M9ImltZzYwIiAvPgo8ZGl2IGNsYXNzPSJzcF9nb29kc18xMzA1XzA5Ij4KICAgICA8ZGl2IGNsYXNzPSJzcF90YW5waW5fbGVmdCI+PGEgaHJlZj0iaHR0cDovL2l0ZW0ucmFrdXRlbi5jby5qcC92aWVhbmdlL2xzcjA2NTlycGstc3dnLyI+PGltZyBzcmM9Imh0dHA6Ly9pbWFnZS5yYWt1dGVuLmNvLmpwL3ZpZWFuZ2UvY2FiaW5ldC9sb3ZlcnNfc2NlbmUvbHNyL2xzcjA2NTlfcGFpci5qcGciIHdpZHRoPSIyMzUiIGhlaWdodD0iMjM1IiBjbGFzcz0iaW1nMjAiIC8+PC9hPgogICAgICAgPHA+44OU44Oz44Kv44K044O844Or44OJJuODm+ODr+OCpOODiOOCtOODvOODq+ODiUsxMOODmuOCouODquODs+OCsDwvcD4KICAgIDwvZGl2PgogICAgPGRpdiBjbGFzcz0ic3BfdGFucGluX3JpZ2h0Ij48YSBocmVmPSJodHRwOi8vaXRlbS5yYWt1dGVuLmNvLmpwL3ZpZWFuZ2UvbHNyMDY1OXN3Zy8iPjxpbWcgc3JjPSJodHRwOi8vaW1hZ2UucmFrdXRlbi5jby5qcC92aWVhbmdlL2NhYmluZXQvbG92ZXJzX3NjZW5lL2xzci9sc3IwNjU5XzI5LmpwZyIgd2lkdGg9IjIzNSIgaGVpZ2h0PSIyMzUiIGNsYXNzPSJpbWcyMCIgLz48L2E+CiAgICAgIDxwPksxMOODm+ODr+OCpOODiOOCtOODvOODq+ODieODquODs+OCsO+8iOOCteODleOCoeOCpOOCouWFpeOCiu+8iTxiciAvPgogICAgICDntIQxLjRtbcOX57SEMS4xbW3vvIjluYXDl+WOmuOBv++8iTwvcD4KICAgIDwvZGl2PgogIDwvZGl2PgogCjxkaXYgY2xhc3M9ImNhXzAxIj4KPGltZyBzcmM9Imh0dHA6Ly9pbWFnZS5yYWt1dGVuLmNvLmpwL3ZpZWFuZ2UvY2FiaW5ldC93cmFwcGluZy93cmFwcGluZ190aXRsZS5qcGciIGFsdD0i44Op44OD44OU44Oz44KwIj4KCjxicj48YnI+PGJyPgoKPHRhYmxlIGJvcmRlcj0iMCIgd2lkdGg9IjY2MHB4Ij4KPHRyPgo8dGQ+CjxpbWcgc3JjPSJodHRwOi8vaW1hZ2UucmFrdXRlbi5jby5qcC92aWVhbmdlL2NhYmluZXQvd3JhcHBpbmcvbHJfd3JhcF8wMV8xLmpwZyIgYWx0PSJMb3ZlcnMmUmluZ+OAgOmAmuW4uOODqeODg+ODlOODs+OCsCI+CjwvdGQ+Cjx0ZD4KPGltZyBzcmM9Imh0dHA6Ly9pbWFnZS5yYWt1dGVuLmNvLmpwL3ZpZWFuZ2UvY2FiaW5ldC93cmFwcGluZy9scl93cmFwXzAyLmpwZyIgYWx0PSJMb3ZlcnMmUmluZ+OAgOOCqOOCs+ODqeODg+ODlOODs+OCsCI+CjwvdGQ+Cjx0ZD4KPGEgIGhyZWY9Imh0dHA6Ly9pdGVtLnJha3V0ZW4uY28uanAvdmllYW5nZS9jLzAwMDAwMDA3ODIvIj48aW1nIHNyYz0iaHR0cDovL2ltYWdlLnJha3V0ZW4uY28uanAvdmllYW5nZS9jYWJpbmV0L3dyYXBwaW5nL2xyX3dyYXBfMDMuanBnIiBhbHQ9IkxvdmVycyZSaW5n44CA44K544Oa44K344Oj44Or44Op44OD44OU44Oz44KwIj48L2E+CjwvdGQ+CjwvdHI+CjwvdGFibGU+CjxpbWcgc3JjPSJodHRwOi8vaW1hZ2UucmFrdXRlbi5jby5qcC92aWVhbmdlL2NhYmluZXQvd3JhcHBpbmcva2lraW4uanBnIiBhbHQ9IuWkqeS9v+OBruWNteWfuumHkSI+Cgo8YSAgaHJlZj0iaHR0cDovL2l0ZW0ucmFrdXRlbi5jby5qcC92aWVhbmdlL2MvMDAwMDAwMDc5MS8iPgo8aW1nIHNyYz0iaHR0cDovL2ltYWdlLnJha3V0ZW4uY28uanAvdmllYW5nZS9jYWJpbmV0L3dyYXBwaW5nL2xyX2NhcmQuanBnIiBhbHQ9IuODoeODg+OCu+ODvOOCuOOCq+ODvOODiSI+PC9hPgoKPGltZyAKc3JjPSJodHRwOi8vaW1hZ2UucmFrdXRlbi5jby5qcC92aWVhbmdlL2NhYmluZXQvY2FtcGFpZ24vbm9iZV9sc182NjAuanBnIiB3aWR0aD0iNjYwIiBoaWdodD0iMjAwIiBhbHQ9IuODqeODkOODvOOCuuODquODs+OCsCDjg47jg5njg6vjg4bjgqMiPjxicj48YnI+PGJyPgo8L2Rpdj4KIAogIDxpbWcgc3JjPSJodHRwOi8vaW1hZ2UucmFrdXRlbi5jby5qcC92aWVhbmdlL2NhYmluZXQvcGFydHMvbHNyMDY1MF8zOS5naWYiIGNsYXNzPSJpbWcyMCIgLz4KICA8cCBjbGFzcz0iaW1nMTUiPuODquODs+OCsOOCkuedgOOBkeOCiOOBhuOBqOiAg+OBiOOBpuOBhOOCi+aMh+OBruS4gOeVquWkquOBhOmDqOWIhuOBq+ezuOOBquOBqeOCkuW3u+OBhOOBpuOAge+8keWRqOWIhuOBrua8lOe/kuOBrumVt+OBleOCkuWbs+OCiuOBvuOBmeOAgjxiciAvPgogIOOBk+OBrua4rOOCiuaWueOBr+OBguOBj+OBvuOBp+ewoeaYk+eahOOBquioiOa4rOaWueazleOBp+OBmeOBruOBp+OAgeato+eiuuOBq+OCteOCpOOCuuOCkua4rOOCi+OBq+OBr+OAgeOBiui/keOBj+OBruOCouOCr+OCu+OCteODquODvOOCt+ODp+ODg+ODl+OBquOBqeOBp+OAgeOAjuODquODs+OCsOOCsuODvOOCuOOAj+OCkuS9v+eUqOOBl+OBpuioiOa4rOOBl+OBpuS4i+OBleOBhOOAgjwvcD4KICA8aW1nIHNyYz0iaHR0cDovL2ltYWdlLnJha3V0ZW4uY28uanAvdmllYW5nZS9jYWJpbmV0L3BhcnRzL2xzcjA2NTBfNDEuZ2lmIiB3aWR0aD0iNjYwIiBoZWlnaHQ9IjE2NyIgY2xhc3M9ImltZzYwIiAvPgogIDxpbWcgc3JjPSJodHRwOi8vaW1hZ2UucmFrdXRlbi5jby5qcC92aWVhbmdlL2NhYmluZXQvcGFydHMvbHNyMDY1MF80OC5naWYiIGNsYXNzPSJpbWcyMCIgLz4KICAgIAogIDxwIGNsYXNzPSJpbWcyMCI+44GU5biM5pyb44Gu5pa544Gr44Gv44CB44Oq44Oz44Kw44Gu5YaF5YG044Gr44Oh44OD44K744O844K444KE44GK5ZCN5YmN44Gq44Gp44KS54Sh5paZ44Gn5Yi75Y2wKOaWh+Wtl+WFpeOCjCnjgZXjgZvjgabjgYTjgZ/jgaDjgY3jgb7jgZnjgII8L3A+CiAgICAKICAgIDxkaXYgY2xhc3M9ImNsZWFyZml4IGdvb2RzXzEzMDVfMDUiPgogICAgICAgPGRpdj4KICAgICAgICAgPHAgY2xhc3M9ImltZzI1Ij7il4bliLvljbDjgavjgaTjgYTjgabjga/jg5bjg63jg4Pjgq/kvZPjga7jgb/lj6/og73jgafjgZnjgII8L3A+CiAgICAgICAgIOKXhuS9teOBm+OBpuaYn+W6p+ODnuODvOOCr+ODu+S4gOmDqOOBrue1teaWh+Wtl+OBjOWIu+WNsOWPr+iDveOBp+OBmeOAguS9v+eUqOWPr+iDveOBquiomOWPt+ODu+e1teaWh+Wtl+OBq+mWouOBl+OBvuOBl+OBpuOBr+OAgeS4i+iomOOBq+aOsuekuuOBleOCjOOBpuOBhOOBvuOBmeabuOS9k+imi+acrOOCkuOBlOWPgueFp+mhmOOBhOOBvuOBmeOAggogICAgICA8L2Rpdj4KICAgICAgIDxpbWcgc3JjPSJodHRwOi8vaW1hZ2UucmFrdXRlbi5jby5qcC92aWVhbmdlL2NhYmluZXQvcGFydHMvbHNyMDY1MF81MmEuanBnIiAvPiAgPC9kaXY+CiAgICAKICAgIDxpbWcgc3JjPSJodHRwOi8vaW1hZ2UucmFrdXRlbi5jby5qcC92aWVhbmdlL2NhYmluZXQvcGFydHMvbHNyMDY1MF81NGEuanBnIiBjbGFzcz0iaW1nMDUiIC8+CiAgICAKICA8cCBzdHlsZT0iZm9udC1zaXplOiAxNHB4OyIgY2xhc3M9ImltZzIwIj7igLvjgZPjgaHjgonjga7llYblk4HjgavlhaXjgozjgonjgozjgovliLvljbDmloflrZfmlbDjga88c3BhbiBzdHlsZT0iY29sb3I6ICNGRjAwNjYiPjjmloflrZfjgb7jgac8L3NwYW4+44Gn44GZ44CCPC9wPgogIDxwIGNsYXNzPSJpbWcxMCI+44GT44Gu5ZWG5ZOB44Gv44CB44Ki44Or44OV44Kh44OZ44OD44OI5aSn5paH5a2X44O76Iux5pWw5a2X5ZCI44KP44Gb44GmPHNwYW4gc3R5bGU9ImNvbG9yOiAjRkYwMDY2Ij445paH5a2X44G+44Gn5Yi75Y2w5Y+v6IO9PC9zcGFuPuOBp+OBmeOAguOAgjxiciAvPgogIOWIu+WNsOOBjOOAkOaJi+W9q+OCiuWIu+WNsOOAkeOBrueCuuOAgeODluODreODg+OCr+S9k++8iOWkp+aWh+Wtl++8ieOBruOBv+OBruWvvuW/nOOBqOOBquOBo+OBpuOBiuOCiuOBvuOBme+8iOS4iuiomOWPgueFp++8ieOAgjwvcD4KICAgIAogIDxkaXYgY2xhc3M9Imdvb2RzXzEzMDVfMDYiPgogIDxwPuODl+ODq+ODgOOCpuODs+ODu+ODoeODi+ODpeODvOOBi+OCieOBlOW4jOacm+OBruabuOS9k+OCkuOBiumBuOOBs+OBj+OBoOOBleOBhOOAguazqOaWh+eUu+mdouOBruOAjOOBiuW6l+OBuOOBruODoeODg+OCu+ODvOOCuOOAjeashOOBq+WIu+WNsOWGheWuueOCkuOBlOiomOWFpeOBj+OBoOOBleOBhOOAguWVhuWTgeOCkjLlgIvku6XkuIrlkIzmmYLjgavjgYrosrfjgYTmsYLjgoHjgYTjgZ/jgaDjgYTjgZ/loLTlkIjjga/jgIHliLvljbDlr77osaHllYblk4HjgYzjgo/jgYvjgovjgojjgYbjgIHllYblk4Hnlarlj7fjgoLjgZTkvbXoqJjpoZjjgYTjgb7jgZnjgII8L3A+PC9kaXY+CiAgICAKICAgIDxwIGNsYXNzPSJpbWc1MCIgYWxpZ249ImNlbnRlciI+PGltZyBzcmM9Imh0dHA6Ly9pbWFnZS5yYWt1dGVuLmNvLmpwL3ZpZWFuZ2UvY2FiaW5ldC9wYXJ0cy9sc3IwNjUwXzU5LmpwZyIgd2lkdGg9IjU4NCIgaGVpZ2h0PSIyNTAiIC8+PC9wPgogICAgCiAgICA8aW1nIHNyYz0iaHR0cDovL2ltYWdlLnJha3V0ZW4uY28uanAvdmllYW5nZS9jYWJpbmV0L3BhcnRzL2xzcjA2NTBfNjIuZ2lmIiBjbGFzcz0iaW1nMTAiIC8+CjxkaXYgY2xhc3M9Imdvb2RzXzEzMDVfMDcgaW1nNDAiPgogICAgICAgPHAgY2xhc3M9ImltZzIwIj7kuIfjgYzkuIDjgYrlrqLmp5jjga7jgYrmiYvlhYPjgavlsYrjgYTjgZ/llYblk4Hjga7jgrXjgqTjgrrjgYzlkIjjgo/jgZrjgIHku5bjga7jgrXjgqTjgrrjgbjjga7lpInmm7TjgpLjgZTluIzmnJvjga7loLTlkIjjgavjga/jgIHmnKrkvb/nlKjjga7lk4HjgavpmZDjgorjgrXjgqTjgrrnm7TjgZfjgIHjgb7jgZ/jga/jgrXjgqTjgrrkuqTmj5vjgpLmib/jgorjgb7jgZnjgILlv4XjgZrllYblk4HliLDnnYDlvowx6YCx6ZaT5Lul5YaF44Gr44GU6YCj57Wh44GE44Gf44Gg44GN44G+44GZ44KI44GG44GK6aGY44GE55Sz44GX5LiK44GS44G+44GZ44CCPC9wPgogICAgICAgPHAgY2xhc3M9ImltZzIwIj7il4bllYblk4HliLDnnYDlvowx6YCx6ZaT5Lul5YaF44Gr44GU6YCj57Wh44GE44Gf44Gg44GR44Gq44GL44Gj44Gf5aC05ZCI44KE44CB5ZWG5ZOB44Gr6JGX44GX44GE5L2/55So55eV44Gq44Gp44GM44GC44KL5aC05ZCI44Gr44Gv44K144Kk44K65aSJ5pu044O75Lqk5o+b44KS5om/44KK44GL44Gt44KL44GT44Go44KC44GU44GW44GE44G+44GZ44Gu44Gn44GU5LqG5om/6aGY44GE44G+44GZ44CCPC9wPgogICAgICAgPHAgY2xhc3M9ImltZzIwIj7il4bllYblk4Hlj5fjgZHmuKHjgZfjgavplqLjgo/jgovlvoDlvqnjga7pgIHmlpnjga/jgIHjgYrlrqLmp5jjga7jgZTosqDmi4Xjgajjgarjgorjgb7jgZnjgII8L3A+CiAgICAgICA8cCBjbGFzcz0iaW1nMjAiPuKXhuWVhuWTgeOBq+WIu+WNsOOCkuWFpeOCjOOBpuOBhOOCi+WgtOWQiOOChOijj+efs+OCkueVmeOCgeOBpuOBhOOCi+WgtOWQiOOBr+OAgeS6pOaPm+aJi+aVsOaWmeOBjOWIpemAlOeZuueUn+OBhOOBn+OBl+OBvuOBmeOAguOBvuOBn+OAgeimj+WumuWkluOCteOCpOOCuuOBq+mWouOCj+OCi+OCteOCpOOCuuWkieabtOOBr+OCteOCpOOCuuW3rumhjeaWmeOBjOWIpemAlOeZuueUn+OBhOOBn+OBl+OBvuOBmeOAguips+e0sOOBq+mWouOBl+OBvuOBl+OBpuOBr+OAgeOBk+OBoeOCieOBruOAjOWIneacn+OCteOCpOOCuuWkieabtOOBruebruWuieOAjeOCkuOBlOWPgueFp+OBruOBhuOBiOOAgeODoeODvOODq+OBq+OBpuOBiuWVj+OBhOWQiOOCj+OBm+mhmOOBhOOBvuOBmeOAgjwvcD4KICAgICAgIOKXhuacrOOCteODvOODk+OCueOBrumBqeeUqOOBr+OAgeWIneWbnumZkOOCiuOBqOOBleOBm+OBpuOBhOOBn+OBoOOBjeOBvuOBmeOAggogIDwvZGl2PgogIAogIDxpbWcgc3JjPSJodHRwOi8vaW1hZ2UucmFrdXRlbi5jby5qcC92aWVhbmdlL2NhYmluZXQvcGFydHMvbHNyMDY1MF82NS5naWYiIGNsYXNzPSJpbWcxMCIgLz4KICAKPGRpdiBjbGFzcz0iZ29vZHNfMTMwNV8wNyBpbWc0MCI+CiAgICAgICA8cCBjbGFzcz0iaW1nMjAiPjxzcGFuIHN0eWxlPSJmb250LXNpemU6IDE0cHg7IGZvbnQtd2VpZ2h0OiBib2xkIj7jgJDjg6zjg4fjgqPjg7zjgrnjgJE8L3NwYW4+PGJyIC8+CiAgICDlj6/og70vKy0y5Y+3PGJyIC8+ICAgICAgIOKAu+OBlOizvOWFpeW+jOOAgeOBlOS9v+eUqOOBq+OBquOCieOCjOOBn+WVhuWTgeOBruOCteOCpOOCuuebtOOBl+OBr+OBmeOBueOBpuacieaWmeOBq+OBpuaJv+OCiuOBvuOBmeOAguOBn+OBoOOBl+OAgeebtOOBl+W5heOCkui2heOBiOOCi+OCteOCpOOCuuebtOOBl+OBr+OBiuWPl+OBkeOBp+OBjeOBquOBhOOBk+OBqOOCguOBlOOBluOBhOOBvuOBmeOBruOBp+OAgeOBlOizvOWFpeOBrumam+OBr+OAgeOCteOCpOOCuuOCkuOCiOOBj+OBiueiuuOBi+OCgeOBhOOBn+OBoOOBj+OCiOOBhuOBiumhmOOBhOeUs+OBl+S4iuOBkuOBvuOBmeOAguips+OBl+OBj+OBr+ODoeODvOODq+OBq+OBpuOBiuWVj+OBhOWQiOOCj+OBm+mhmOOBhOOBvuOBmeOAgjwvcD4KICAgICAgIDxwIGNsYXNzPSJpbWcyMCI+PHNwYW4gc3R5bGU9ImZvbnQtc2l6ZTogMTRweDsgZm9udC13ZWlnaHQ6IGJvbGQiPuOAkOODoeODs+OCuuOAkTwvc3Bhbj48YnIgLz4KICAgICAgIOWPr+iDvS8t77yS5Y+3PGJyIC8+CgrigLvjgZTos7zlhaXlvozjgIHjgZTkvb/nlKjjgavjgarjgonjgozjgZ/llYblk4Hjga7jgrXjgqTjgrrnm7TjgZfjga/jgZnjgbnjgabmnInmlpnjgavjgabmib/jgorjgb7jgZnjgILjgZ/jgaDjgZfjgIHnm7TjgZfluYXjgpLotoXjgYjjgovjgrXjgqTjgrrnm7TjgZfjga/jgYrlj5fjgZHjgafjgY3jgarjgYTjgZPjgajjgoLjgZTjgZbjgYTjgb7jgZnjga7jgafjgIHjgZTos7zlhaXjga7pmpvjga/jgIHjgrXjgqTjgrrjgpLjgojjgY/jgYrnorrjgYvjgoHjgYTjgZ/jgaDjgY/jgojjgYbjgYrpoZjjgYTnlLPjgZfkuIrjgZLjgb7jgZnjgILoqbPjgZfjgY/jga/jg6Hjg7zjg6vjgavjgabjgYrllY/jgYTlkIjjgo/jgZvpoZjjgYTjgb7jgZnjgII8L3A+CiAgPC9kaXY+CiAgCiAgPGltZyBzcmM9Imh0dHA6Ly9pbWFnZS5yYWt1dGVuLmNvLmpwL3ZpZWFuZ2UvY2FiaW5ldC9wYXJ0cy9sc3IwNjUwXzY4LmdpZiIgLz4KCjwvZGl2Pjxocj4KCjx0YWJsZSB3aWR0aD0iMzkwIiBib3JkZXI9IjAiPgogIDx0cj4KICAgIDx0ZCB3aWR0aD0iODkiPiZuYnNwOzwvdGQ+CiAgICA8dGQgd2lkdGg9IjI5MSI+Jm5ic3A7PC90ZD4KICA8L3RyPgogIDx0cj4KICAgIDx0ZD48Zm9udCBjb2xvcj0jNjk2OTY5IHNpemU9IjIiPuKWoOOAgOe0oOadkOOAgOKWoDwvZm9udD48L3RkPgogICAgPHRkPiZuYnNwOzwvdGQ+CiAgPC90cj4KPC90YWJsZT4KPHRhYmxlIHdpZHRoPSIzOTAiIGJvcmRlcj0iMCI+CiAgPHRyPgogICAgPHRkIHdpZHRoPSI4OSI+PGRpdiBhbGlnbj0icmlnaHQiPjxmb250IGNvbG9yPSIjNjk2OTY5IiBzaXplPSIyIj7jg6zjg4fjgqPjg7zjgrnvvJo8L2ZvbnQ+PC9kaXY+PC90ZD4KICAgIDx0ZCB3aWR0aD0iMjkxIj48Zm9udCBjb2xvcj0jNjk2OTY5IHNpemU9IjIiPksxMCjjg5Tjg7Pjgq/jgrTjg7zjg6vjg4nvvIkv44Or44OT44O8PC9mb250PjwvdGQ+CiAgPC90cj4KPC90YWJsZT4KPHRhYmxlIHdpZHRoPSIzOTAiIGJvcmRlcj0iMCI+CiAgPHRyPgogICAgPHRkIHdpZHRoPSI4OSI+Jm5ic3A7PC90ZD4KICAgIDx0ZCB3aWR0aD0iMjkxIj4mbmJzcDs8L3RkPgogIDwvdHI+CjwvdGFibGU+Cjx0YWJsZSB3aWR0aD0iMzkwIiBib3JkZXI9IjAiPgogIDx0cj4KICAgIDx0ZD48Zm9udCBjb2xvcj0jNjk2OTY5IHNpemU9IjIiPuKWoCDlpKfjgY3jgZUobW0pIOKWoDwvZm9udD48L3RkPgogIDwvdHI+CjwvdGFibGU+Cjx0YWJsZSB3aWR0aD0iMzkwIiBib3JkZXI9IjAiPgogIDx0cj4KICAgIDx0ZCB3aWR0aD0iODkiPiZuYnNwOzwvdGQ+CiAgICA8dGQgd2lkdGg9IjI5MSI+PGZvbnQgY29sb3I9IzY5Njk2OSBzaXplPSIyIj7luYXntIQxLjTDl+WOmuOBv+e0hDEuMTwvZm9udD48L3RkPgogIDwvdHI+CiAgPHRyPgogICAgPHRkPiZuYnNwOzwvdGQ+CiAgICA8dGQ+Jm5ic3A7PC90ZD4KICA8L3RyPgo8L3RhYmxlPgo8dGFibGUgd2lkdGg9IjM5MCIgYm9yZGVyPSIwIj4KICA8dHI+CiAgICA8dGQgd2lkdGg9Ijg5Ij48Zm9udCBjb2xvcj0jNjk2OTY5IHNpemU9IjIiPuKWoOOAgOmHjemHj+OAgOKWoDwvZm9udD48L3RkPgogICAgPHRkIHdpZHRoPSIyOTEiPiZuYnNwOzwvdGQ+CiAgPC90cj4KPC90YWJsZT4KPHRhYmxlIHdpZHRoPSIzOTAiIGJvcmRlcj0iMCI+CiAgPHRyPgogICAgPHRkIHdpZHRoPSI4OSI+Jm5ic3A7PC90ZD4KICAgIDx0ZCB3aWR0aD0iMjkxIj48Zm9udCBjb2xvcj0jNjk2OTY5IHNpemU9IjIiPue0hDEuMmc8L2ZvbnQ+PC90ZD4KICA8L3RyPgogIDx0cj4KICAgIDx0ZD4mbmJzcDs8L3RkPgogICAgPHRkPjxmb250IGNvbG9yPSIjMDA5OUZGIiBzaXplPSIxIj7igLvlpKfjgY3jgZXjg7vph43jgZXjgavjga/lpJrlsJHjga7lgIvkvZPlt67jgYznlJ/jgZjjgb7jgZk8L2ZvbnQ+PC90ZD4KICA8L3RyPgo8L3RhYmxlPgo8dGFibGUgd2lkdGg9IjM5MCIgYm9yZGVyPSIwIj4KICA8dHI+CiAgICA8dGQgd2lkdGg9Ijg4IiBoZWlnaHQ9IjE1Ij48Zm9udCBjb2xvcj0jNjk2OTY5IHNpemU9IjIiPuKWoOimj+WumuOCteOCpOOCuuKWoDwvZm9udD48L3RkPgogICAgPHRkIHdpZHRoPSIyOTIiPiZuYnNwOzwvdGQ+CiAgPC90cj4KPC90YWJsZT4KPHRhYmxlIHdpZHRoPSIzOTAiIGJvcmRlcj0iMCI+CiAgPHRyPgogICAgPHRkIHdpZHRoPSI4OSIgaGVpZ2h0PSI1MSI+Jm5ic3A7PC90ZD4KICAgIDx0ZCB3aWR0aD0iMjkxIj48Zm9udCBjb2xvcj0jNjk2OTY5IHNpemU9IjIiPjXlj7fjgYvjgokyM+WPt+OBvuOBpzxicj4K4oC7MjTlj7fku6XkuIrjga7jgrXjgqTjgrrjga/liKXpgJTmlpnph5HjgYznmbrnlJ/jgYTjgZ/jgZfjgb7jgZnjgILjgb7jgZ/jgIHntI3mnJ/jgYwx6YCx6ZaT44G744Gp6ZW344GP44Gq44KK44G+44GZ44CCPGJyPgo8YnI+CuKAuzTlj7fku6XkuIvjga7jgrXjgqTjgrrjga7loLTlkIjjgIHov73liqDmlpnph5Hjga/nmbrnlJ/jgYTjgZ/jgZfjgb7jgZvjgpPjgYzjgIE8Zm9udCBjb2xvcj0iIzAwOTlGRiI+57SN5pyf44GMMemAsemWk++8iDfllrbmpa3ml6XvvInjgbvjganliqDnrpfjgZXjgozjgb7jgZk8L2ZvbnQ+44CCPGJyPgo8YnI+CuKXhuimj+WumuWkluOCteOCpOOCuuOBruOCquODvOODgOODvOaWueazleKXhjxicj4KPGJyPgrjgrXjgqTjgrrjga7jg5fjg6vjg4Djgqbjg7Pjg6Hjg4vjg6Xjg7zjgojjgorvvJzkuIroqJjku6XlpJbvvJ7jgpLjgZTpgbjmip7kuIvjgZXjgYTjgILms6jmlofnlLvpnaLjga7pgJrkv6HmrITjgavjgZTluIzmnJvjga7jgrXjgqTjgrrjgpLjgZTmmI7oqJjjgY/jgaDjgZXjgYTjgILlvZPmlrnjgavjgablt67poY3jgpLnrpflh7rjga7jgYbjgYjjgIHjgYrlrqLmp5jjgavjgZTpgKPntaHjgYTjgZ/jgZfjgb7jgZnjgILjgYrlrqLmp5jjga7jgZTkuobmib/jgpLjgYTjgZ/jgaDjgYTjgZ/mmYLngrnjgafjgIHlvZPmlrnjgavjgabov73liqDmlpnph5HjgpLliqDnrpfjgZfjgabjgIHjgZToq4vmsYLnt4/poY3jgpLlpInmm7TjgZXjgZvjgabjgYTjgZ/jgaDjgY3jgb7jgZnjgIIKPC9mb250PjwvdGQ+CiAgPC90cj4KICA8dHI+CiAgICA8dGQ+Jm5ic3A7PC90ZD4KICAgIDx0ZD4mbmJzcDs8L3RkPgogIDwvdHI+CjwvdGFibGU+Cjx0YWJsZSB3aWR0aD0iMzkwIiBib3JkZXI9IjAiPgogIDx0cj4KICAgIDx0ZCB3aWR0aD0iMjExIj48Zm9udCBjb2xvcj0jNjk2OTY5IHNpemU9IjIiPuKWoCDliLvljbDlj6/og73mloflrZfmlbAgL+ODleOCqeODs+ODiOOCteOCpOOCuiDilqA8L2ZvbnQ+PC90ZD4KICAgIDx0ZCB3aWR0aD0iMTY5Ij4mbmJzcDs8L3RkPgogIDwvdHI+CjwvdGFibGU+Cjx0YWJsZSB3aWR0aD0iMzkwIiBib3JkZXI9IjAiPgogIDx0cj4KICAgIDx0ZCB3aWR0aD0iODkiPiZuYnNwOzwvdGQ+CiAgICA8dGQgd2lkdGg9IjI5MSI+PGZvbnQgY29sb3I9IzY5Njk2OSBzaXplPSIyIj445paH5a2XIC8g5LiA5paH5a2X57SEMC45772N772N5aSnPC9mb250PjwvdGQ+CiAgPC90cj4KICA8dHI+CiAgICA8dGQ+Jm5ic3A7PC90ZD4KICAgIDx0ZD4mbmJzcDs8L3RkPgogIDwvdHI+CjwvdGFibGU+Cjx0YWJsZSB3aWR0aD0iMzkwIiBib3JkZXI9IjAiPgogIDx0cj4KICAgIDx0ZCB3aWR0aD0iMjExIj48Zm9udCBjb2xvcj0jNjk2OTY5IHNpemU9IjIiPuKWoCDoo4/nn7PlhaXjgozjgqrjg5fjgrfjg6fjg7PilqA8L2ZvbnQ+PC90ZD4KICAgIDx0ZCB3aWR0aD0iMTY5Ij4mbmJzcDs8L3RkPgogIDwvdHI+CjwvdGFibGU+Cjx0YWJsZSB3aWR0aD0iMzkwIiBib3JkZXI9IjAiPgogIDx0cj4KICAgIDx0ZCB3aWR0aD0iODkiPiZuYnNwOzwvdGQ+CiAgICA8dGQgd2lkdGg9IjI5MSI+PGZvbnQgY29sb3I9IzY5Njk2OSBzaXplPSIyIj7lr77lv5zkuI3lj688L2ZvbnQ+PC90ZD4KICA8L3RyPgogIDx0cj4KICAgIDx0ZD4mbmJzcDs8L3RkPgogICAgPHRkPiZuYnNwOzwvdGQ+CiAgPC90cj4KPC90YWJsZT4KPHRhYmxlIHdpZHRoPSIzOTAiIGJvcmRlcj0iMCI+CiAgPHRyPgogICAgPHRkIHdpZHRoPSIzMzIiPjxmb250IGNvbG9yPSM2OTY5Njkgc2l6ZT0iMiI+4pag5pyq5L2/55So5ZOB44Gu44K144Kk44K65aSJ5pu077yI5Yid5pyf44K144Kk44K65aSJ5pu077yJ44Gr44Gk44GE44Gm4pagPC9mb250PjwvdGQ+CiAgICA8dGQgd2lkdGg9IjQ4Ij4mbmJzcDs8L3RkPgogIDwvdHI+CjwvdGFibGU+Cjx0YWJsZSB3aWR0aD0iMzkwIiBib3JkZXI9IjAiPgogIDx0cj4KICAgIDx0ZCB3aWR0aD0iODkiIGhlaWdodD0iNTEiPiZuYnNwOzwvdGQ+CiAgICA8dGQgd2lkdGg9IjI5MSI+PGZvbnQgY29sb3I9IiM2OTY5NjkiIHNpemU9IjIiPjxicj7kuIfjgYzkuIDjgYrlrqLmp5jjga7jgYrmiYvlhYPjgavlsYrjgYTjgZ/llYblk4Hjga7jgrXjgqTjgrrjgYzlkIjjgo/jgZrjgIHku5bjga7jgrXjgqTjgrrjgbjjga7lpInmm7TjgpLjgZTluIzmnJvjga7loLTlkIjjgavjga/jgIE8Zm9udCBjb2xvcj0iIzAwOTlGRiI+5pyq5L2/55So44Gu5ZOB44Gr6ZmQ44KKPC9mb250PuOCteOCpOOCuuebtOOBl+OAgeOBvuOBn+OBr+OCteOCpOOCuuS6pOaPm+OCkuaJv+OCiuOBvuOBmeOAguW/heOBmjxmb250IGNvbG9yPSIjMDA5OUZGIj7llYblk4HliLDnnYDlvowx6YCx6ZaT5Lul5YaFPC9mb250PuOBq+OBlOmAo+e1oeOBhOOBn+OBoOOBjeOBvuOBmeOCiOOBhuOBiumhmOOBhOeUs+OBl+S4iuOBkuOBvuOBmeOAgjxicj4KICAgICAgPGJyPgril4bllYblk4HliLDnnYDlvowx6YCx6ZaT5Lul5YaF44Gr44GU6YCj57Wh44GE44Gf44Gg44GR44Gq44GL44Gj44Gf5aC05ZCI44KE44CB5ZWG5ZOB44Gr6JGX44GX44GE5L2/55So55eV44Gq44Gp44GM44GC44KL5aC05ZCI44Gr44Gv44K144Kk44K65aSJ5pu044O75Lqk5o+b44KS5om/44KK44GL44Gt44KL44GT44Go44KC44GU44GW44GE44G+44GZ44Gu44Gn44GU5LqG5om/6aGY44GE44G+44GZ44CCPGJyPjxicj4K4peG5ZWG5ZOB5Y+X44GR5rih44GX44Gr6Zai44KP44KL5b6A5b6p44Gu6YCB5paZ44Gv44CB44GK5a6i5qeY44Gu44GU6LKg5ouF44Go44Gq44KK44G+44GZ44CCPGJyPjxicj4K4peG5ZWG5ZOB44GrPGZvbnQgY29sb3I9IiMwMDk5RkYiPuWIu+WNsOOCkuWFpeOCjOOBpuOBhOOCi+WgtOWQiDwvZm9udD7jgoQ8Zm9udCBjb2xvcj0iIzAwOTlGRiI+6KOP55+z44KS55WZ44KB44Gm44GE44KL5aC05ZCIPC9mb250PuOBr+OAgeS6pOaPm+aJi+aVsOaWmeOBjOWIpemAlOeZuueUn+OBhOOBn+OBl+OBvuOBmeOAguOBvuOBn+OAgeimj+WumuWkluOCteOCpOOCuuOBq+mWouOCj+OCi+OCteOCpOOCuuWkieabtOOBr+OCteOCpOOCuuW3rumhjeaWmeOBjOWIpemAlOeZuueUn+OBhOOBn+OBl+OBvuOBmeOAguips+e0sOOBq+mWouOBl+OBvuOBl+OBpuOBr+OAgeOBk+OBoeOCieOBruOAjOWIneacn+OCteOCpOOCuuWkieabtOOBruebruWuieOAjeOCkuOBlOWPgueFp+OBruOBhuOBiOOAgeODoeODvOODq+OBq+OBpuOBiuWVj+OBhOWQiOOCj+OBm+mhmOOBhOOBvuOBmeOAgjxicj48YnI+CuKXhuacrOOCteODvOODk+OCueOBrumBqeeUqOOBr+OAgeWIneWbnumZkOOCiuOBqOOBleOBm+OBpuOBhOOBn+OBoOOBjeOBvuOBmeOAggo8L2ZvbnQ+PC90ZD4KICA8L3RyPgogIDx0cj4KICAgIDx0ZCBoZWlnaHQ9IjE1Ij4mbmJzcDs8L3RkPgogICAgPHRkPiZuYnNwOzwvdGQ+CiAgPC90cj4KPC90YWJsZT4KPHRhYmxlIHdpZHRoPSIzOTAiIGJvcmRlcj0iMCI+CiAgPHRyPgogICAgPHRkIHdpZHRoPSIzMjIiPjxmb250IGNvbG9yPSM2OTY5Njkgc2l6ZT0iMiI+4pag44GU5L2/55So44Gr44Gq44KJ44KM44Gf5ZWG5ZOB44Gu44K144Kk44K655u044GX44Gu5Y+v5ZCmL+ebtOOBl+W5heKWoDwvZm9udD48L3RkPgogICAgPHRkIHdpZHRoPSI1OCI+Jm5ic3A7PC90ZD4KICA8L3RyPgo8L3RhYmxlPgo8dGFibGUgd2lkdGg9IjM5MCIgYm9yZGVyPSIwIj4KICA8dHI+CiAgICA8dGQgd2lkdGg9Ijg4Ij48ZGl2IGFsaWduPSJyaWdodCI+PGZvbnQgY29sb3I9IiM2OTY5NjkiIHNpemU9IjIiPuODrOODh+OCo+ODvOOCue+8mjwvZm9udD48L2Rpdj4KICAgIDwvdGQ+CiAgICA8dGQgd2lkdGg9IjI5MiI+PGZvbnQgY29sb3I9IzY5Njk2OSBzaXplPSIyIj7lj6/og70vKy3vvJLlj7c8L2ZvbnQ+PC90ZD4KICA8L3RyPgogIDx0cj4KICAgIDx0ZD4mbmJzcDs8L3RkPgogICAgPHRkPjxmb250IGNvbG9yPSM2OTY5Njkgc2l6ZT0iMiI+4oC744GU6LO85YWl5b6M44CB44GU5L2/55So44Gr44Gq44KJ44KM44Gf5ZWG5ZOB44Gu44K144Kk44K655u044GX44Gv44GZ44G544Gm5pyJ5paZ44Gr44Gm5om/44KK44G+44GZ44CC44Gf44Gg44GX44CB55u044GX5bmF44KS6LaF44GI44KL44K144Kk44K655u044GX44Gv44GK5Y+X44GR44Gn44GN44Gq44GE44GT44Go44KC44GU44GW44GE44G+44GZ44Gu44Gn44CB44GU6LO85YWl44Gu6Zqb44Gv44CB44K144Kk44K644KS44KI44GP44GK56K644GL44KB44GE44Gf44Gg44GP44KI44GG44GK6aGY44GE55Sz44GX5LiK44GS44G+44GZ44CC6Kmz44GX44GP44Gv44Oh44O844Or44Gr44Gm44GK5ZWP44GE5ZCI44KP44Gb6aGY44GE44G+44GZ44CCPC9mb250PjwvdGQ+CiAgPC90cj4KICA8dHI+CiAgICA8dGQgaGVpZ2h0PSIxNSI+Jm5ic3A7PC90ZD4KICAgIDx0ZD4mbmJzcDs8L3RkPgogIDwvdHI+CjwvdGFibGU+Cjx0YWJsZSB3aWR0aD0iMzkwIiBib3JkZXI9IjAiPgogIDx0cj4KICAgIDx0ZD48Zm9udCBjb2xvcj0jMDA5OUZGIHNpemU9IisxIj7il4bliLvljbDnhKHmlpnjgrXjg7zjg5Pjgrnil4Y8L2ZvbnQ+PGJyPgogICAgICA8YnI+CiAgICAgIDxmb250IGNvbG9yPSM2OTY5Njkgc2l6ZT0iMiI+44GU5biM5pyb44Gu5pa544Gr44Gv44CB44Oq44Oz44Kw44Gu5YaF5YG044Gr44Oh44OD44K744O844K444KE44GK5ZCN5YmN44Gq44Gp44KS54Sh5paZ44Gn5Yi75Y2wKOaWh+Wtl+WFpeOCjCnjgZXjgZvjgabjgYTjgZ/jgaDjgY3jgb7jgZnjgII8L2ZvbnQ+PGJyPgogICAgICA8YnI+CiAgICAgIDxmb250IGNvbG9yPSM2OTY5Njkgc2l6ZT0iMiI+4peG5pu45L2T44GvPGZvbnQgY29sb3I9IiMwMDk5RkYiPuODluODreODg+OCr+S9k++8iOWkp+aWh+Wtl++8iTwvZm9udD7jga7jgb/lj6/og73jgafjgZnjgII8L2ZvbnQ+PGJyPgogICAgICA8Zm9udCBjb2xvcj0jNjk2OTY5IHNpemU9IjIiPuKXhuOBk+OBruWVhuWTgeOBr+OAgeWIu+WNsOOBjOOAkOaJi+W9q+OCiuWIu+WNsOOAkeOBrueCuuOAgTxmb250IGNvbG9yPSIjMDA5OUZGIj7jg5bjg63jg4Pjgq/kvZPvvIjlpKfmloflrZfvvIkv6Iux5pWw5a2XPC9mb250PuOBruOBv+OBruWvvuW/nOOBqOOBquOBo+OBpuOBiuOCiuOBvuOBmTwvZm9udD48YnI+CiAgICAgIDxicj4KICAgICAgPGZvbnQgY29sb3I9IzY5Njk2OSBzaXplPSIyIj7jgZPjga7llYblk4Hjga/jgIHjgqLjg6vjg5XjgqHjg5njg4Pjg4jlpKfmloflrZfjg7voi7HmlbDlrZflkIjjgo/jgZvjgaY8Zm9udCBjb2xvcj0iIzAwOTlGRiIgc2l6ZT0iKzEiPjxzdHJvbmc+OOaWh+Wtlzwvc3Ryb25nPjwvZm9udD7jgb7jgafliLvljbDlj6/og73jgafjgZnjgILjgrnjg5rjg7zjgrnjgarjganjgoLvvJHmloflrZfliIbjgajjgZfjgabjgqvjgqbjg7Pjg4jjgZXjgozjgb7jgZnjgII8L2ZvbnQ+PC90ZD4KICA8L3RyPgo8L3RhYmxlPgo8dGFibGUgd2lkdGg9IjM5MCIgYm9yZGVyPSIwIj4KICA8dHI+CiAgICA8dGQgaGVpZ2h0PSI0OSI+PGJyPjxkaXYgYWxpZ249ImNlbnRlciI+PGltZyBzcmM9Imh0dHA6Ly9pbWFnZS5yYWt1dGVuLmNvLmpwL3ZpZWFuZ2UvY2FiaW5ldC9sb3ZlcnNfYW5kX3Jpbmcva29rdWluX2ltYWdlLmdpZiIgYWx0PSLoqJjlhaXkvosiIHdpZHRoPSIzNTMiIGhlaWdodD0iMjAxIj48L2Rpdj48L3RkPgogIDwvdHI+CjwvdGFibGU+Cjx0YWJsZSB3aWR0aD0iMzkwIiBib3JkZXI9IjAiPgogIDx0cj4KICAgIDx0ZD48YnI+PGZvbnQgY29sb3I9IzAwOTlGRiBzaXplPSIyIj7ilqDliLvljbDjga7jgZTms6jmlofmlrnms5XilqA8L2ZvbnQ+PGJyPgogICAgICA8YnI+CiAgICAgIDxmb250IGNvbG9yPSM2OTY5Njkgc2l6ZT0iMiI+44OX44Or44OA44Km44Oz44O744Oh44OL44Ol44O844GL44KJ44GU5biM5pyb44Gu5pu45L2T44KS44GK6YG444Gz44GP44Gg44GV44GE44CC5rOo5paH55S76Z2i44Gu44CM44GK5bqX44G444Gu44Oh44OD44K744O844K444CN5qyE44GrPGZvbnQgY29sb3I9IiMwMDk5RkYiPuWIu+WNsOWGheWuuTwvZm9udD7jgpLjgZToqJjlhaXjgY/jgaDjgZXjgYTjgILllYblk4HjgpIy5YCL5Lul5LiK5ZCM5pmC44Gr44GK6LK344GE5rGC44KB44GE44Gf44Gg44GE44Gf5aC05ZCI44Gv44CB5Yi75Y2w5a++6LGh5ZWG5ZOB44GM44KP44GL44KL44KI44GG44CBPGZvbnQgY29sb3I9IiMwMDk5RkYiPuWVhuWTgeeVquWPtzwvZm9udD7jgoLjgZTkvbXoqJjpoZjjgYTjgb7jgZnjgII8L2ZvbnQ+IDwvdGQ+CiAgPC90cj4KPC90YWJsZT48IS0t4pa84pa8IOW3puW4r+ODquODs+OCr+OBguOCiiDilrzilrwtLT4KCjxkaXYgaWQ9ImhpZGFyaS1vYmkiPgoKPHN0eWxlPgojaGlkYXJpLW9iaSB7CnBvc2l0aW9uOiBhYnNvbHV0ZTsKdG9wOjBweDsKbGVmdDoxMHB4OwpiYWNrZ3JvdW5kOiB1cmwoImh0dHBzOi8vaW1hZ2UucmFrdXRlbi5jby5qcC92aWVhbmdlL2NhYmluZXQvY2FtcGFpZ24vc2NibnJfMDUxNS5qcGciKSByZXBlYXQteSBsZWZ0IHRvcCA7Cn0KI2hpZGFyaS1vYmkgYSB7CmRpc3BsYXk6IGJsb2NrOwpoZWlnaHQ6OTMwMHB4Oy8q44Oa44O844K45YWo5L2T44Gu6auY44GVKi8Kd2lkdGg6IDE0MHB4Oy8q5biv44Gu5bmFKi8KfQo8L3N0eWxlPgoKPC9kaXY+CgoKCjwhLS3ilrzilrwg5bem5biv44Oq44Oz44Kv44Gq44GXIOKWvOKWvC0tPgoKCgoKPCEtLeKWvOKWvCDlt6bluK/jg6rjg7Pjgq/jgarjgZcg4pa84pa8LS0+Cgo8IS0tCjxzdHlsZSB0eXBlPSJ0ZXh0L2NzcyI+CmJvZHl7CmJhY2tncm91bmQtaW1hZ2U6IHVybCgiaHR0cDovL2ltYWdlLnJha3V0ZW4uY28uanAvdmllYW5nZS9jYWJpbmV0L2NhbXBhaWduL2Jucl8xMDEyLmpwZyIpOwpiYWNrZ3JvdW5kLXJlcGVhdDogcmVwZWF0LXk7CmJhY2tncm91bmQtYXR0YWNobWVudDogc2Nyb2xsOwpiYWNrZ3JvdW5kLXBvc2l0aW9uOmxlZnQKfQo8L3N0eWxlPgotLT4KCgoKCjxzdHlsZSB0eXBlPSJ0ZXh0L2NzcyI+CgovKiDjgYrmsJfjgavlhaXjgorllYblk4EgKi8KCiNyYWt1dGVuTGltaXRlZElkX2Fyb3VuZENhcnQgI3NlcnZpY2VUYWJsZVNtbCB0ZC5mYXZvcml0ZSB7CgpwYWRkaW5nLXRvcDogNXB4OwoKfQoKI3Jha3V0ZW5MaW1pdGVkSWRfYXJvdW5kQ2FydCBkaXYuYm9va21hcmtBcmVhIGRpdi5ia20gewoKd2lkdGg6IDI5MXB4ICFpbXBvcnRhbnQ7CgpoZWlnaHQ6MzNweCAhaW1wb3J0YW50OwoKcGFkZGluZzogMHB4IDBweCAxMHB4IDBweCAhaW1wb3J0YW50OwoKfQoKI3Jha3V0ZW5MaW1pdGVkSWRfYXJvdW5kQ2FydCBkaXYuYm9va21hcmtBcmVhIGRpdi5ia20gYS5hZGRCa20gewoKd2lkdGg6IDI5MXB4ICFpbXBvcnRhbnQ7CgpoZWlnaHQ6MzNweCAhaW1wb3J0YW50OwoKfQoKI3Jha3V0ZW5MaW1pdGVkSWRfYXJvdW5kQ2FydCBkaXYuYm9va21hcmtBcmVhIGRpdi5ia20gYS5hZGRCa20gc3Bhbi5ia21TdGFyIHsKCmRpc3BsYXk6IGlubGluZS1ibG9jayAhaW1wb3J0YW50OwoKd2lkdGg6IDI5MXB4ICFpbXBvcnRhbnQ7CgpoZWlnaHQ6MzNweCAhaW1wb3J0YW50OwoKbWFyZ2luOjBweCAwcHggMTBweCAwcHggIWltcG9ydGFudDsKCmJhY2tncm91bmQ6IHVybCgiaHR0cDovL2ltYWdlLnJha3V0ZW4uY28uanAvdmllYW5nZS9jYWJpbmV0L2Jucl9mYXZpdGVtLmpwZyIpIG5vLXJlcGVhdCAhaW1wb3J0YW50OwoKfQoKIAoKLyog44GK5rCX44Gr5YWl44KK44K344On44OD44OXICovCgpkaXYuYm9va21hcmtBcmVhIHsKCndpZHRoOiAyOTFweCAhaW1wb3J0YW50OwoKfQoKI3Jha3V0ZW5MaW1pdGVkSWRfYXJvdW5kQ2FydCBkaXYuc2hvcEJvb2ttYXJrQXJlYSBkaXYuc2hvcEJrbSB7Cgp3aWR0aDogMjkxcHggIWltcG9ydGFudDsKCmhlaWdodDozM3B4ICFpbXBvcnRhbnQ7CgpwYWRkaW5nOiAwcHggMHB4ICFpbXBvcnRhbnQ7CgpwYWRkaW5nLWxlZnQ6IDBweCAhaW1wb3J0YW50OwoKfQoKI3Jha3V0ZW5MaW1pdGVkSWRfYXJvdW5kQ2FydCBkaXYuc2hvcEJvb2ttYXJrQXJlYSBkaXYuc2hvcEJrbSBhLmFkZFNob3BCa20gc3Bhbi5zaG9wQmttU3RhciB7CgpkaXNwbGF5OiBpbmxpbmUtYmxvY2sgIWltcG9ydGFudDsKCndpZHRoOiAyOTFweCAhaW1wb3J0YW50OwoKaGVpZ2h0OjMzcHggIWltcG9ydGFudDsKCm1hcmdpbi1yaWdodDogMHB4ICFpbXBvcnRhbnQ7CgpiYWNrZ3JvdW5kOiB1cmwoImh0dHA6Ly9pbWFnZS5yYWt1dGVuLmNvLmpwL3ZpZWFuZ2UvY2FiaW5ldC9ibnJfZmF2c2hvcC5qcGciKSBuby1yZXBlYXQgIWltcG9ydGFudDsKCn0KPC9zdHlsZT4KCgoKCjxkaXYgaWQ9InByZXNlbnRfYmFzZSIgY2xhc3M9ImNsZWFyZml4Ij4KICAgPGRpdiBjbGFzcz0icHJlc2VudF9pbWciPjxpbWcgc3JjPSJodHRwOi8vaW1hZ2UucmFrdXRlbi5jby5qcC92aWVhbmdlL2NhYmluZXQvdG1nL2Zvb3RfcHJlMDEuZ2lmIiBhbHQ9IuWkp+WIh+OBquOBguOBruS6uuOBq+e0oOaVteOBquODl+ODrOOCvOODs+ODiCIgd2lkdGg9IjE5OSIgaGVpZ2h0PSIyOTUiIC8+PC9kaXY+CiAgIDxkaXYgY2xhc3M9InByZXNlbnRfdHh0Ij48cD7lvZPlupfjga/jgIHkurrmsJfjgqLjgq/jgrvjgrXjg6rjg7zjg5bjg6njg7Pjg4njgIzlpKnkvb/jga7ljbXjgI3jgoTjgIzmnKrmnaXlpKnkvb/jgI3jgpLjga/jgZjjgoHjgIHoqpXnlJ/nn7Pjga7jg5rjg7Pjg4Djg7Pjg4jjgoTjg6rjg7PjgrDjgarjganjgIHjg5fjg6zjgrzjg7Pjg4jjgavjg5Tjg4Pjgr/jg6rjgarjgqLjgq/jgrvjgrXjg6rjg7zjgpLlj5bmibHjgYbpgJrosqnjgrfjg6fjg4Pjg5fjgafjgZnjgII8L3A+PGJyIC8+CuOAjOWEquOBl+OBhOWFieOBq+OBpOOBpOOBvuOCjOOCi+awuOmBoOOBruWRveOAjeOCkuihqOePvuOBl+OBn+OCs+ODs+OCu+ODl+ODiOOCuOODpeOCqOODquODvOOAjOacquadpeWkqeS9v+OAjeOBr+acquadpeOBq+WQkeOBkeOBpui8neOBkeOCi+WRveOBruOBmeOBsOOCieOBl+OBleOCkuWkmuW9qeOBquODhuODvOODnuODu+ODh+OCtuOCpOODs+OBp+ihqOePvuOBl+OBpuOBhOOBvuOBmeOAgjxiciAvPgrjgZ3jgpPjgarmnKrmnaXlpKnkvb/jgYvjgonjga7jg5fjg6zjgrzjg7Pjg4jjgajjgYTjgYbjgrPjg7Pjgrvjg5fjg4jjgafkvZzjgonjgozjgZ/jgIzlpKnkvb/jga7ljbXjgI3jga/jgIHjgIzoqpXnlJ/jga7llpzjgbPjgI3jgoTjgIznlJ/jgY3jgovjgZPjgajjga7mhJ/li5Xjgajos57os5vjgI3jgpLjg4bjg7zjg57jgajjgZfjgablibXjgonjgozjgIHljbXjgajnvr3jga7jg5Djg6njg7Pjgrnjga7oia/jgYTjgoTjgZXjgZfjgYTjg4fjgrbjgqTjg7PjgYzmhJvjgZXjgozjgabjgYTjgovjg63jg7PjgrDjgrvjg6njg7zjga7kurrmsJfjgqLjgq/jgrvjgrXjg6rjg7zjgafjgZnjgILmmK/pnZ7jgIHlpKfliIfjgarkurrjgbjjga7jg5fjg6zjgrzjg7Pjg4jnrYnjgavjgoLjgZTmtLvnlKjkuIvjgZXjgYTvvIE8L2Rpdj4KPC9kaXY+CgoKCgoKPCEtLeKWvOKWvOKWvOODrOODk+ODpeODvOODu+azqOaWh+eKtuazgeKWvOKWvOKWvC0tPiAgIAoKICAgICAgICAgICAgPGgyPjxpbWcgc3JjPSJodHRwOi8vd3d3LnJha3V0ZW4ubmUuanAvZ29sZC92aWVhbmdlL2ltZy90aXRsZV8wNi5qcGciIGFsdD0i44Os44OT44Ol44O8IiB3aWR0aD0iNjg4IiBoZWlnaHQ9IjcwIiAvPjwvaDI+CiAgICAgICAgICAgIDxicj48YnI+CiAgCgkgIDxicj4gPGJyPiA8YnI+IAogICAgICAgICAgICAgICAgICA8aDI+PGltZyBzcmM9Imh0dHA6Ly93d3cucmFrdXRlbi5uZS5qcC9nb2xkL3ZpZWFuZ2UvaW1nL3RpdGxlXzA3LmpwZyIgYWx0PSLms6jmlofnirbms4EiIHdpZHRoPSI2ODgiIGhlaWdodD0iNzAiIC8+PC9oMj4KICAgICAgICAgICAgICAgICAgICAgICAgICAgICAgPGJyPiA8YnI+IAo8YnI+IDxicj4gPGJyPg==,44CQ5Yi75Y2w54Sh5paZ44CR44OU44Oz44Kv44K044O844Or44OJSzEw44Oq44Oz44Kw77yc44Os44OH44Kj44O844K577yeIExTUjA2NTlSUEvjgJBMb3ZlcnMgJmFtcDsgUmluZyDjg6njg5Djg7zjgrrjg6rjg7PjgrDjgJHjgJDjg5rjgqLjg6rjg7PjgrAg44Oa44KiIOODqeODluODquODs+OCsCDmjIfovKog44Or44OT44O8IOODrOODh+OCo+ODvOOCuSDjg5Tjg7Pjgq/jgrTjg7zjg6vjg4kg44OX44Os44K844Oz44OIIOOCruODleODiCDjgqLjgq/jgrvjgrXjg6rjg7wg44Ki44Kv44K7IOOCuOODpeOCqOODquODvCDjgq7jg5Xjg4gg44GL44KP44GE44GEIOWIu+WNsOWPr+iDveOAke+8muWkqeS9v+OBruWNtSB3aXRoIExPVkVSUyBTQ0VORQ==,5aSp5L2/44Gu5Y215pyq5p2l5aSp5L2/44K544Oa44O844K544Kv44Oq44Ko44O844K/44O844K444Ol44Ko44Oq44O844K344Or44OQ44O844Ki44Kv44K744K144Oq44O844OU44Oz44Kv44K344Or44OQ44O844ON44OD44Kv44Os44K555u05Za25bqX44Kv44Oq44K544Oe44K56ZmQ5a6a44Oa44Oz44OA44Oz44OI5oyH6Lyq44OU44Ki44K544OX44Os44K844Oz44OI44OZ44OT44O844K544OX44O844Oz44Os44OH44Kj44O844K544Op44OQ44O844K644K344O844Oz57WQ5ama5oyH6Lyq44Oa44Ki44Oq44Oz44Kw6KqV55Sf55+z44CQ5Yi75Y2w54Sh5paZ44CR44OU44Oz44Kv44K044O844Or44OJSzEw44Oq44Oz44Kw77yc44Os44OH44Kj44O844K577yeIExTUjA2NTlSUEvjgJBMb3ZlcnMgJmFtcDsgUmluZyDjg6njg5Djg7zjgrrjg6rjg7PjgrDjgJHjgJDjg5rjgqLjg6rjg7PjgrAg44Oa44KiIOODqeODluODquODs+OCsCDmjIfovKog44Or44OT44O8IOODrOODh+OCo+ODvOOCuSDjg5Tjg7Pjgq/jgrTjg7zjg6vjg4kg44OX44Os44K844Oz44OIIOOCruODleODiCDjgqLjgq/jgrvjgrXjg6rjg7wg44Ki44Kv44K7IOOCuOODpeOCqOODquODvCDjgq7jg5Xjg4gg44GL44KP44GE44GEIOWIu+WNsOWPr+iDveOAkQ==,6KiI566X44GV44KM44Gf77yz5a2X44Kr44O844OW44GM5oyH5YWD44KS576O44GX44GPISDpgIHmlpnnhKHmlpkg44Or44OT44O844CC44CQ5Yi75Y2w54Sh5paZ44CR44OU44Oz44Kv44K044O844Or44OJSzEw44Oq44Oz44Kw77yc44Os44OH44Kj44O844K577yeIExTUjA2NTlSUEvjgJBMb3ZlcnMgJmFtcDsgUmluZyDjg6njg5Djg7zjgrrjg6rjg7PjgrDjgJHjgJDjg5rjgqLjg6rjg7PjgrAg44Oa44KiIOODqeODluODquODs+OCsCDmjIfovKog44Or44OT44O8IOODrOODh+OCo+ODvOOCuSDjg5Tjg7Pjgq/jgrTjg7zjg6vjg4kg44OX44Os44K844Oz44OIIOOCruODleODiCDjgqLjgq/jgrvjgrXjg6rjg7wg44Ki44Kv44K7IOOCuOODpeOCqOODquODvCDjgq7jg5Xjg4gg44GL44KP44GE44GEIOWIu+WNsOWPr+iDveOAkQ==[rn]
39-1050,aHR0cDovL3RzaG9wLnIxMHMuanAvdmllYW5nZS9jYWJpbmV0L2xvdmVyc19hbmRfcmluZy9sc3IwNjU4cl82MDAuanBnP2ZpdGluPTcwMDo3MDA=,MTk4NzIuMDAwMA==,,44K444Ol44Ko44Oq44O844O744Ki44Kv44K744K144Oq44O8ID4g44Os44OH44Kj44O844K544K444Ol44Ko44Oq44O844O744Ki44Kv44K744K144Oq44O8ID4g5oyH6Lyq44O744Oq44Oz44Kw,44CQ5Yi75Y2w54Sh5paZ44CR44OU44Oz44Kv44K044O844Or44OJSzEw44Oq44Oz44Kw77yc44Os44OH44Kj44O844K577yeIExTUjA2NThSUEtITuOAkExvdmVycyAmIFJpbmcg44Op44OQ44O844K644Oq44Oz44Kw44CR44CQ44Oa44Ki44Oq44Oz44KwIOODmuOCoiDjg6njg5bjg6rjg7PjgrAg5oyH6LyqIOODq+ODk+ODvCDjg6zjg4fjgqPjg7zjgrkg44OU44Oz44Kv44K044O844Or44OJIOODl+ODrOOCvOODs+ODiCDjgq7jg5Xjg4gg44Ki44Kv44K744K144Oq44O8IOOCouOCr+OCuyDjgrjjg6Xjgqjjg6rjg7wg44Ku44OV44OIIOWIu+WNsOOAkeavjeOBruaXpSDjgrfjg7Pjg5fjg6s=,44K344Oz44OX44Or44OH44K244Kk44Oz44GM44K044O844Or44OJ57Sg5p2Q44KS5byV44GN56uL44Gm44KL,PGNlbnRlcj48YSBocmVmPSJodHRwczovL215LmJvb2ttYXJrLnJha3V0ZW4uY28uanAvP2Z1bmM9cmVnJnN2aWQ9MTAxJnNob3BfYmlkPTIwMzk0NyZpaWQ9MTAwMDE3NTAmaXR5cGU9MSB0YXJnZXQ9X2JsYW5rIj48aW1nIHNyYz0iaHR0cDovL2ltYWdlLnJha3V0ZW4uY28uanAvdmllYW5nZS9jYWJpbmV0L3BfYm5yX2Zhdml0ZW0uanBnIiBib3JkZXI9IjAiIHdpZHRoPSI2NjAiIGhlaWdodD0iMTMwIj48L2E+PC9jZW50ZXI+PGJyPjxicj48aW1nIHNyYz0iaHR0cDovL2ltYWdlLnJha3V0ZW4uY28uanAvdmllYW5nZS9jYWJpbmV0L2NhbXBhaWduL2xyX3JpbmdfcGNfdG9rdXRlbi5qcGciYWx0PSJMb3ZlcnMmUmluZyDjgq3jg6Pjg7Pjg5rjg7zjg7MiPjxicj48YnI+Cgo8ZGl2IGlkPSJkZXRhaWxfYmFzZTIiPgoKICA8ZGl2IGNsYXNzPSJnb29kc18xMzA1XzAxIj4KICAgICAgPGRpdj48cD7jgrfjg7Pjg5fjg6vjgarjg4fjgrbjgqTjg7PjgYzjgrTjg7zjg6vjg4njga7lrZjlnKjmhJ/jgpLlvJXjgY3nq4vjgabjgIHjg6vjg5Pjg7zjgoTjgrXjg5XjgqHjgqTjgqLjgarjganjgpLjgojjgorovJ3jgYvjgZvjgb7jgZnjgILjg6Hjg7PjgrrjgIHjg6zjg4fjgqPjg7zjgrnjgajjgoLjgavvvLPlrZfjga7jgIzjg5vjg7zjg4vjg7PjgrDjgI0o44Gk44KE5raI44GXKeOBjOWFpeOBo+OBpuOBiuOCiuOAgee0sOmDqOOBq+OBvuOBp+OBk+OBoOOCj+OBo+OBpuS9nOOCiuOBvuOBl+OBn+OAguOCt+ODs+ODl+ODq+OBquODh+OCtuOCpOODs+OBquOBruOBp+OAgeaZguOChOWgtOaJgOOCkumBuOOBsOOBmuOAgeOBhOOBpOOBp+OCgui6q+OBq+OBpOOBkeOBpuOBhOOCieOCjOOBvuOBmeOAguOBiuaPg+OBhOOBruODquODs+OCsOOCkuimi+OBpOOCgeOCjOOBsOOAgeOBiuS6kuOBhOOBruWtmOWcqOOCkuOCiOOCiui6q+i/keOBq+aEn+OBmOOAgeOBguOBquOBn+OCkuW5uOOBm+OBquawl+aMgeOBoeOBq+OBl+OBpuOBj+OCjOOBvuOBmeOAgjxiciAvPgogICAgICAgIOODq+ODk+ODvOOAgeOCteODleOCoeOCpOOCouOBqOOCguOBq+ODgOOCpOODpOODouODs+ODieOBuOOBruefs+abv+OBiOOBjOWPr+iDveOBqOOBquOBo+OBpuOBiuOCiuOBvuOBmeOAgjwvcD4KICAgIDwvZGl2PgogICAgICA8aW1nIHNyYz0iaHR0cDovL2ltYWdlLnJha3V0ZW4uY28uanAvdmllYW5nZS9jYWJpbmV0L2xvdmVyc19zY2VuZS9sc3IvbHNyMDY1OF8wMy5qcGciIHdpZHRoPSI2NjAiIGhlaWdodD0iMzYwIiAvPjwvZGl2PgogIAogIDxpbWcgc3JjPSJodHRwOi8vaW1hZ2UucmFrdXRlbi5jby5qcC92aWVhbmdlL2NhYmluZXQvbG92ZXJzX3NjZW5lL2xzci9sc3IwNjUwXzA2LmdpZiIgd2lkdGg9IjM0NSIgaGVpZ2h0PSIyNyIgY2xhc3M9ImltZzEwIiAvPgogIDxwIGNsYXNzPSJpbWcyMCI+5b6T5p2l44Gu44Oa44Ki44Oq44Oz44Kw44Gn44KC44Gq44GP44CB44Oe44Oq44OD44K444Oq44Oz44Kw44Gn44KC44Gq44GE44CO5oSb44Go5YWx44Gr55Sf44GN44KL44CP44Go44GE44GG5paw44Gf44Gq44Kz44Oz44K744OX44OI44Gn5Ym144KJ44KM44Gf5paw44Gf44Gq44K444Oj44Oz44Or44Gu5oyH6Lyq44Gn44GZ44CC55yf5a6f44Gu5oSb44KS6aGY44GG5oGL5Lq644Gf44Gh44Gr6LSI44KK44G+44GZ4oCm44CCPC9wPgogIAogIDxpZnJhbWUgd2lkdGg9IjY2MCIgc2Nyb2xsaW5nPSJubyIgaGVpZ2h0PSI0NzAiIGZyYW1lYm9yZGVyPSIwIiBzcmM9Imh0dHA6Ly93d3cucmFrdXRlbi5uZS5qcC9nb2xkL3ZpZWFuZ2UvZ2RfaWZyYW1lL0xTUjA2NThfaW4uaHRtbCI+PC9pZnJhbWU+CiAgCiAgPGltZyBzcmM9Imh0dHA6Ly9pbWFnZS5yYWt1dGVuLmNvLmpwL3ZpZWFuZ2UvY2FiaW5ldC9sb3ZlcnNfc2NlbmUvbHNyL2xzcjA2NTBfMTIuZ2lmIiB3aWR0aD0iNDM1IiBoZWlnaHQ9IjI1IiBjbGFzcz0iaW1nMjUiIC8+CjxkaXYgY2xhc3M9ImNsZWFyZml4IGltZzQwIj4KICAgICA8ZGl2IGNsYXNzPSJnb29kc18xMzA1XzAyX2xlZnQiPjxpbWcgc3JjPSJodHRwOi8vaW1hZ2UucmFrdXRlbi5jby5qcC92aWVhbmdlL2NhYmluZXQvbG92ZXJzX3NjZW5lL2xzci9sc3IwNjU4XzA5LmpwZyIgd2lkdGg9IjQwMCIgaGVpZ2h0PSI0MDAiIGNsYXNzPSJpbWcwNSIgLz4KICAgICDjgYrlpb3jgY3jgarjg6Hjg4Pjgrvjg7zjgrjjgpLlhaXjgozjgIHkuozkurrjgaDjgZHjga7jg5rjgqLjg6rjg7PjgrDjgpLjgaTjgY/jgaPjgabjgb/jgabjga/jganjgYbjgafjgZnjgYvvvJ88L2Rpdj4KPGRpdiBjbGFzcz0iZ29vZHNfMTMwNV8wMl9yaWdodCI+CiAgICAgICAgPHA+TG92ZXJzICZhbXA7IFJpbmfjga7kuK3jgafjga/jgIHkuK3lv4PnmoTjgarjgrfjg6rjg7zjgrrjgII8YnIgLz4KICAgICAgICAgIOepj+OChOOBi+OBq+a3seOBvuOBo+OBpuOChuOBj+OBiuS6jOS6uuOBrue1huOBjOOAgeOBk+OCjOOBi+OCieOCgue2muOBj+OBk+OBqOOBuOOBrueliOOCiuOCkuiol+OBmeKApuOBneOCk+OBquODmuOCouODquODs+OCsOOCkuOBiuaOouOBl+OBruOBiuS6jOS6uuOBq+OBr+ODlOODg+OCv+ODquOAgjxiciAvPgogICAgICAgIOizquaEn+ODu+ODh+OCtuOCpOODs+OBqOOCguODnuODquODg+OCuOODquODs+OCsOOBqOOBl+OBpuOCguS9v+eUqOWPr+iDveOBquOCr+OCquODquODhuOCo+OCkuenmOOCgeOBpuOBhOOBvuOBmeOAgjwvcD4KICAgICA8aW1nIHNyYz0iaHR0cDovL2ltYWdlLnJha3V0ZW4uY28uanAvdmllYW5nZS9jYWJpbmV0L2xvdmVyc19zY2VuZS9sc3IvbHNyMDY1OF8xMi5qcGciIGNsYXNzPSJpbWcwNSIgLz4KICAgIOWGheWBtOOBq+OBiuWFpeOCjOOBmeOCi+ODoeODg+OCu+ODvOOCuOOBr+KAnOeEoeaWmeOCteODvOODk+OCueKAneOBp+OBmTwvZGl2PgogIDwvZGl2PgogIAogIDxpbWcgc3JjPSJodHRwOi8vaW1hZ2UucmFrdXRlbi5jby5qcC92aWVhbmdlL2NhYmluZXQvbG92ZXJzX3NjZW5lL2xzci9sc3IwNjU4XzE1LmdpZiIgd2lkdGg9IjUzMCIgaGVpZ2h0PSIxMzAiIGNsYXNzPSJpbWcyNSIgLz4KPGRpdiBjbGFzcz0iY2xlYXJmaXggaW1nNDAiPgogICAgIDxkaXYgY2xhc3M9Imdvb2RzXzEzMDVfMDNfbGVmdCI+CiAgICAgICAgPHA+5aWz5oCn55So44Gr44Gv44Or44OT44O844KS44CB55S35oCn55So44Gr44Gv44K144OV44Kh44Kk44Ki44KS44GC44GX44KJ44Gj44Gf44K344Oz44OX44Or44Gq44GM44KJ44KC44CB5rSX57e044GV44KM44Gf44OH44K244Kk44Oz44Gu44Oa44Ki44Oq44Oz44KwPC9wPgogICAgPGltZyBzcmM9Imh0dHA6Ly9pbWFnZS5yYWt1dGVuLmNvLmpwL3ZpZWFuZ2UvY2FiaW5ldC9sb3ZlcnNfc2NlbmUvbHNyL2xzcjA2NThfMjAuanBnIiB3aWR0aD0iMjQ1IiBoZWlnaHQ9IjI0NSIgY2xhc3M9ImltZzA1IiAvPgogICAgICAgIOWkp+WIh+OBquS6uuOBqOOBruiomOW/teaXpeOChOOAgeODl+ODrOOCvOODs+ODiOOBq+acgOmBqeOBruODmuOCouODquODs+OCsCAgICAgPC9kaXY+CiAgPGRpdiBjbGFzcz0iZ29vZHNfMTMwNV8wM19yaWdodCI+CjxpbWcgc3JjPSJodHRwOi8vaW1hZ2UucmFrdXRlbi5jby5qcC92aWVhbmdlL2NhYmluZXQvbG92ZXJzX3NjZW5lL2xzci9sc3IwNjU4XzE5LmpwZyIgd2lkdGg9IjQwMCIgaGVpZ2h0PSI0MDAiIGNsYXNzPSJpbWcwNSIgLz4gICAg5aSJ6Imy44GX44Gr44GP44GP576O44GX44GE6Lyd44GP44KS5pS+44Gk44CB44OU44Oz44Kv44K044O844Or44OJ44Go44Ob44Ov44Kk44OI44K044O844Or44OJ44Gu44Oa44Ki44Oq44Oz44KwICAgICA8L2Rpdj4KICA8L2Rpdj4KICAKICA8aW1nIHNyYz0iaHR0cDovL2ltYWdlLnJha3V0ZW4uY28uanAvdmllYW5nZS9jYWJpbmV0L2xvdmVyc19zY2VuZS9sc3IvbHNyMDY1OF8yNC5qcGciIHdpZHRoPSI2NjAiIGhlaWdodD0iMzY3IiBjbGFzcz0iaW1nNjAiIC8+CiAgPGRpdiBjbGFzcz0ic3BfZ29vZHNfMTMwNV8wOSI+CiAgICAgPGRpdiBjbGFzcz0ic3BfdGFucGluX2xlZnQiPjxhIGhyZWY9Imh0dHA6Ly9pdGVtLnJha3V0ZW4uY28uanAvdmllYW5nZS9sc3IwNjU4cnBraG4tc3dnLyI+PGltZyBzcmM9Imh0dHA6Ly9pbWFnZS5yYWt1dGVuLmNvLmpwL3ZpZWFuZ2UvY2FiaW5ldC9sb3ZlcnNfc2NlbmUvbHNyL2xzcjA2NThfcGFpci5qcGciIHdpZHRoPSIyMzUiIGhlaWdodD0iMjM1IiBjbGFzcz0iaW1nMjAiIC8+PC9hPgogICAgICAgPHA+44OU44Oz44Kv44K044O844Or44OJJuODm+ODr+OCpOODiOOCtOODvOODq+ODiUsxMOODmuOCouODquODs+OCsAogICAgICAgPC9wPgogICAgPC9kaXY+CiAgICA8ZGl2IGNsYXNzPSJzcF90YW5waW5fcmlnaHQiPjxhIGhyZWY9Imh0dHA6Ly9pdGVtLnJha3V0ZW4uY28uanAvdmllYW5nZS9sc3IwNjU4c3dnLyI+PGltZyBzcmM9Imh0dHA6Ly9pbWFnZS5yYWt1dGVuLmNvLmpwL3ZpZWFuZ2UvY2FiaW5ldC9sb3ZlcnNfc2NlbmUvbHNyL2xzcjA2NThfMjkuanBnIiB3aWR0aD0iMjM1IiBoZWlnaHQ9IjIzNSIgY2xhc3M9ImltZzIwIiAvPjwvYT4KICAgICAgPHA+SzEw44Ob44Ov44Kk44OI44K044O844Or44OJ44Oq44Oz44Kw77yI44K144OV44Kh44Kk44Ki5YWl44KK77yJPGJyIC8+CiAgICAgIOe0hDEuOG1tw5fntIQxLjJtbe+8iOW5hcOX5Y6a44G/77yJPC9wPgogICAgPC9kaXY+CiAgPC9kaXY+Cgo8ZGl2IGNsYXNzPSJjYV8wMSI+CjxpbWcgc3JjPSJodHRwOi8vaW1hZ2UucmFrdXRlbi5jby5qcC92aWVhbmdlL2NhYmluZXQvd3JhcHBpbmcvd3JhcHBpbmdfdGl0bGUuanBnIiBhbHQ9IuODqeODg+ODlOODs+OCsCI+Cgo8YnI+PGJyPjxicj4KCjx0YWJsZSBib3JkZXI9IjAiIHdpZHRoPSI2NjBweCI+Cjx0cj4KPHRkPgo8aW1nIHNyYz0iaHR0cDovL2ltYWdlLnJha3V0ZW4uY28uanAvdmllYW5nZS9jYWJpbmV0L3dyYXBwaW5nL2xyX3dyYXBfMDFfMS5qcGciIGFsdD0iTG92ZXJzJlJpbmfjgIDpgJrluLjjg6njg4Pjg5Tjg7PjgrAiPgo8L3RkPgo8dGQ+CjxpbWcgc3JjPSJodHRwOi8vaW1hZ2UucmFrdXRlbi5jby5qcC92aWVhbmdlL2NhYmluZXQvd3JhcHBpbmcvbHJfd3JhcF8wMi5qcGciIGFsdD0iTG92ZXJzJlJpbmfjgIDjgqjjgrPjg6njg4Pjg5Tjg7PjgrAiPgo8L3RkPgo8dGQ+CjxhICBocmVmPSJodHRwOi8vaXRlbS5yYWt1dGVuLmNvLmpwL3ZpZWFuZ2UvYy8wMDAwMDAwNzgyLyI+PGltZyBzcmM9Imh0dHA6Ly9pbWFnZS5yYWt1dGVuLmNvLmpwL3ZpZWFuZ2UvY2FiaW5ldC93cmFwcGluZy9scl93cmFwXzAzLmpwZyIgYWx0PSJMb3ZlcnMmUmluZ+OAgOOCueODmuOCt+ODo+ODq+ODqeODg+ODlOODs+OCsCI+PC9hPgo8L3RkPgo8L3RyPgo8L3RhYmxlPgo8aW1nIHNyYz0iaHR0cDovL2ltYWdlLnJha3V0ZW4uY28uanAvdmllYW5nZS9jYWJpbmV0L3dyYXBwaW5nL2tpa2luLmpwZyIgYWx0PSLlpKnkvb/jga7ljbXln7rph5EiPgoKPGEgIGhyZWY9Imh0dHA6Ly9pdGVtLnJha3V0ZW4uY28uanAvdmllYW5nZS9jLzAwMDAwMDA3OTEvIj4KPGltZyBzcmM9Imh0dHA6Ly9pbWFnZS5yYWt1dGVuLmNvLmpwL3ZpZWFuZ2UvY2FiaW5ldC93cmFwcGluZy9scl9jYXJkLmpwZyIgYWx0PSLjg6Hjg4Pjgrvjg7zjgrjjgqvjg7zjg4kiPjwvYT4KCjxpbWcgCnNyYz0iaHR0cDovL2ltYWdlLnJha3V0ZW4uY28uanAvdmllYW5nZS9jYWJpbmV0L2NhbXBhaWduL25vYmVfbHNfNjYwLmpwZyIgd2lkdGg9IjY2MCIgaGlnaHQ9IjIwMCIgYWx0PSLjg6njg5Djg7zjgrrjg6rjg7PjgrAg44OO44OZ44Or44OG44KjIj48YnI+PGJyPjxicj4KPC9kaXY+CiAgCiAgPGltZyBzcmM9Imh0dHA6Ly9pbWFnZS5yYWt1dGVuLmNvLmpwL3ZpZWFuZ2UvY2FiaW5ldC9wYXJ0cy9sc3IwNjUwXzM5LmdpZiIgY2xhc3M9ImltZzIwIiAvPgogIDxwIGNsYXNzPSJpbWcxNSI+44Oq44Oz44Kw44KS552A44GR44KI44GG44Go6ICD44GI44Gm44GE44KL5oyH44Gu5LiA55Wq5aSq44GE6YOo5YiG44Gr57O444Gq44Gp44KS5be744GE44Gm44CB77yR5ZGo5YiG44Gu5ryU57+S44Gu6ZW344GV44KS5Zuz44KK44G+44GZ44CCPGJyIC8+CiAg44GT44Gu5ris44KK5pa544Gv44GC44GP44G+44Gn57Ch5piT55qE44Gq6KiI5ris5pa55rOV44Gn44GZ44Gu44Gn44CB5q2j56K644Gr44K144Kk44K644KS5ris44KL44Gr44Gv44CB44GK6L+R44GP44Gu44Ki44Kv44K744K144Oq44O844K344On44OD44OX44Gq44Gp44Gn44CB44CO44Oq44Oz44Kw44Ky44O844K444CP44KS5L2/55So44GX44Gm6KiI5ris44GX44Gm5LiL44GV44GE44CCPC9wPgogIDxpbWcgc3JjPSJodHRwOi8vaW1hZ2UucmFrdXRlbi5jby5qcC92aWVhbmdlL2NhYmluZXQvcGFydHMvbHNyMDY1MF80MS5naWYiIHdpZHRoPSI2NjAiIGhlaWdodD0iMTY3IiBjbGFzcz0iaW1nNjAiIC8+CiAgPGltZyBzcmM9Imh0dHA6Ly9pbWFnZS5yYWt1dGVuLmNvLmpwL3ZpZWFuZ2UvY2FiaW5ldC9wYXJ0cy9sc3IwNjUwXzQ4LmdpZiIgY2xhc3M9ImltZzIwIiAvPgogIDxwIGNsYXNzPSJpbWcyMCI+44GU5biM5pyb44Gu5pa544Gr44Gv44CB44Oq44Oz44Kw44Gu5YaF5YG044Gr44Oh44OD44K744O844K444KE44GK5ZCN5YmN44Gq44Gp44KS54Sh5paZ44Gn5Yi75Y2wKOaWh+Wtl+WFpeOCjCnjgZXjgZvjgabjgYTjgZ/jgaDjgY3jgb7jgZnjgII8L3A+CiAgICAKICAgIDxkaXYgY2xhc3M9ImNsZWFyZml4IGdvb2RzXzEzMDVfMDUiPgogICAgICAgPGRpdj4KICAgICAgICAgPHAgY2xhc3M9ImltZzI1Ij7il4bmm7jkvZPjga/jg5bjg63jg4Pjgq/kvZPjgYvnrYboqJjkvZPjga7jgYTjgZrjgozjgYvjgpLjgYrpgbjjgbPjgYTjgZ/jgaDjgZHjgb7jgZnjgII8L3A+CiAgICAgICAgIOKXhuS9teOBm+OBpuaYn+W6p+ODnuODvOOCr+ODu+S4gOmDqOOBrue1teaWh+Wtl+OBjOWIu+WNsOWPr+iDveOBp+OBmeOAguS9v+eUqOWPr+iDveOBquiomOWPt+ODu+e1teaWh+Wtl+OBq+mWouOBl+OBvuOBl+OBpuOBr+OAgeS4i+iomOOBq+aOsuekuuOBleOCjOOBpuOBhOOBvuOBmeabuOS9k+imi+acrOOCkuOBlOWPgueFp+mhmOOBhOOBvuOBmeOAggogICAgICA8L2Rpdj4KICAgICAgIDxpbWcgc3JjPSJodHRwOi8vaW1hZ2UucmFrdXRlbi5jby5qcC92aWVhbmdlL2NhYmluZXQvcGFydHMvbHNyMDY1MF81MmEuanBnIiAvPiAgPC9kaXY+CiAgICAKICAgIDxpbWcgc3JjPSJodHRwOi8vaW1hZ2UucmFrdXRlbi5jby5qcC92aWVhbmdlL2NhYmluZXQvcGFydHMvbHNyMDY1MF81NC5qcGciIGNsYXNzPSJpbWcwNSIgLz4KICAgIAogIDxwIHN0eWxlPSJmb250LXNpemU6IDE0cHg7IiBjbGFzcz0iaW1nMjAiPuKAu+OBk+OBoeOCieOBruWVhuWTgeOBq+WFpeOCjOOCieOCjOOCi+WIu+WNsOaWh+Wtl+aVsOOBrzxzcGFuIHN0eWxlPSJjb2xvcjogI0ZGMDA2NiI+MzDmloflrZfjgb7jgac8L3NwYW4+44Gn44GZ44CCPC9wPgogIDxwIGNsYXNzPSJpbWcxMCI+44GT44Gu5ZWG5ZOB44Gv44CB44Ki44Or44OV44Kh44OZ44OD44OI5aSn5paH5a2X44O76Iux5pWw5a2X5ZCI44KP44Gb44GmPHNwYW4gc3R5bGU9ImNvbG9yOiAjRkYwMDY2Ij4zMOaWh+Wtl+OBvuOBp+WIu+WNsOWPr+iDvTwvc3Bhbj7jgafjgZnjgILoqJjlj7fjgIHjgrnjg5rjg7zjgrnjgIHjg57jg7zjgq/jgarjganjgoLvvJHmloflrZfliIbjgajjgZfjgabjgqvjgqbjg7Pjg4jjgZXjgozjgb7jgZnjgILjg57jg7zjgq/jg7vntbXmloflrZfjgpLjgZToqJjlhaXjga7loLTlkIjjga/jgIHmm7jkvZPopovmnKzjgavoqJjovInjgZXjgozjgabjgYTjgovjg57jg7zjgq/jga7kuLjnlarlj7fjgpLliLvljbDkvY3nva7jgavjgZToqJjlhaXpoZjjgYTjgb7jgZnjgII8L3A+CiAgICAKICA8ZGl2IGNsYXNzPSJnb29kc18xMzA1XzA2Ij4KICA8cD7jg5fjg6vjg4Djgqbjg7Pjg7vjg6Hjg4vjg6Xjg7zjgYvjgonjgZTluIzmnJvjga7mm7jkvZPjgpLjgYrpgbjjgbPjgY/jgaDjgZXjgYTjgILms6jmlofnlLvpnaLjga7jgIzjgYrlupfjgbjjga7jg6Hjg4Pjgrvjg7zjgrjjgI3mrITjgavliLvljbDlhoXlrrnjgpLjgZToqJjlhaXjgY/jgaDjgZXjgYTjgILllYblk4HjgpIy5YCL5Lul5LiK5ZCM5pmC44Gr44GK6LK344GE5rGC44KB44GE44Gf44Gg44GE44Gf5aC05ZCI44Gv44CB5Yi75Y2w5a++6LGh5ZWG5ZOB44GM44KP44GL44KL44KI44GG44CB5ZWG5ZOB55Wq5Y+344KC44GU5L216KiY6aGY44GE44G+44GZ44CCPC9wPjwvZGl2PgogICAgCiAgICA8cCBjbGFzcz0iaW1nNTAiIGFsaWduPSJjZW50ZXIiPjxpbWcgc3JjPSJodHRwOi8vaW1hZ2UucmFrdXRlbi5jby5qcC92aWVhbmdlL2NhYmluZXQvcGFydHMvbHNyMDY1MF81OS5qcGciIHdpZHRoPSI1ODQiIGhlaWdodD0iMjUwIiAvPjwvcD4KICAgIAo8aW1nIHNyYz0iaHR0cDovL2ltYWdlLnJha3V0ZW4uY28uanAvdmllYW5nZS9jYWJpbmV0L3BhcnRzL2xzcjA2NTBfNjIuZ2lmIiBjbGFzcz0iaW1nMTAiIC8+CjxkaXYgY2xhc3M9Imdvb2RzXzEzMDVfMDcgaW1nNDAiPgogICAgICAgPHAgY2xhc3M9ImltZzIwIj7kuIfjgYzkuIDjgYrlrqLmp5jjga7jgYrmiYvlhYPjgavlsYrjgYTjgZ/llYblk4Hjga7jgrXjgqTjgrrjgYzlkIjjgo/jgZrjgIHku5bjga7jgrXjgqTjgrrjgbjjga7lpInmm7TjgpLjgZTluIzmnJvjga7loLTlkIjjgavjga/jgIHmnKrkvb/nlKjjga7lk4HjgavpmZDjgorjgrXjgqTjgrrnm7TjgZfjgIHjgb7jgZ/jga/jgrXjgqTjgrrkuqTmj5vjgpLmib/jgorjgb7jgZnjgILlv4XjgZrllYblk4HliLDnnYDlvowx6YCx6ZaT5Lul5YaF44Gr44GU6YCj57Wh44GE44Gf44Gg44GN44G+44GZ44KI44GG44GK6aGY44GE55Sz44GX5LiK44GS44G+44GZ44CCPC9wPgogICAgICAgPHAgY2xhc3M9ImltZzIwIj7il4bllYblk4HliLDnnYDlvowx6YCx6ZaT5Lul5YaF44Gr44GU6YCj57Wh44GE44Gf44Gg44GR44Gq44GL44Gj44Gf5aC05ZCI44KE44CB5ZWG5ZOB44Gr6JGX44GX44GE5L2/55So55eV44Gq44Gp44GM44GC44KL5aC05ZCI44Gr44Gv44K144Kk44K65aSJ5pu044O75Lqk5o+b44KS5om/44KK44GL44Gt44KL44GT44Go44KC44GU44GW44GE44G+44GZ44Gu44Gn44GU5LqG5om/6aGY44GE44G+44GZ44CCPC9wPgogICAgICAgPHAgY2xhc3M9ImltZzIwIj7il4bllYblk4Hlj5fjgZHmuKHjgZfjgavplqLjgo/jgovlvoDlvqnjga7pgIHmlpnjga/jgIHjgYrlrqLmp5jjga7jgZTosqDmi4Xjgajjgarjgorjgb7jgZnjgII8L3A+CiAgICAgICA8cCBjbGFzcz0iaW1nMjAiPuKXhuWVhuWTgeOBq+WIu+WNsOOCkuWFpeOCjOOBpuOBhOOCi+WgtOWQiOOChOijj+efs+OCkueVmeOCgeOBpuOBhOOCi+WgtOWQiOOBr+OAgeS6pOaPm+aJi+aVsOaWmeOBjOWIpemAlOeZuueUn+OBhOOBn+OBl+OBvuOBmeOAguOBvuOBn+OAgeimj+WumuWkluOCteOCpOOCuuOBq+mWouOCj+OCi+OCteOCpOOCuuWkieabtOOBr+OCteOCpOOCuuW3rumhjeaWmeOBjOWIpemAlOeZuueUn+OBhOOBn+OBl+OBvuOBmeOAguips+e0sOOBq+mWouOBl+OBvuOBl+OBpuOBr+OAgeOBk+OBoeOCieOBruOAjOWIneacn+OCteOCpOOCuuWkieabtOOBruebruWuieOAjeOCkuOBlOWPgueFp+OBruOBhuOBiOOAgeODoeODvOODq+OBq+OBpuOBiuWVj+OBhOWQiOOCj+OBm+mhmOOBhOOBvuOBmeOAgjwvcD4KICAgICAgIOKXhuacrOOCteODvOODk+OCueOBrumBqeeUqOOBr+OAgeWIneWbnumZkOOCiuOBqOOBleOBm+OBpuOBhOOBn+OBoOOBjeOBvuOBmeOAggogIDwvZGl2PgogIAogIDxpbWcgc3JjPSJodHRwOi8vaW1hZ2UucmFrdXRlbi5jby5qcC92aWVhbmdlL2NhYmluZXQvcGFydHMvbHNyMDY1MF82NS5naWYiIGNsYXNzPSJpbWcxMCIgLz4KICAKPGRpdiBjbGFzcz0iZ29vZHNfMTMwNV8wNyBpbWc0MCI+CiAgICAgICA8cCBjbGFzcz0iaW1nMjAiPjxzcGFuIHN0eWxlPSJmb250LXNpemU6IDE0cHg7IGZvbnQtd2VpZ2h0OiBib2xkIj7jgJDjg6zjg4fjgqPjg7zjgrnjgJE8L3NwYW4+PGJyIC8+CiAgICAgICDlj6/og70vKy3vvJLlj7c8YnIgLz4gICAgICAg4oC744GU6LO85YWl5b6M44CB44GU5L2/55So44Gr44Gq44KJ44KM44Gf5ZWG5ZOB44Gu44K144Kk44K655u044GX44Gv44GZ44G544Gm5pyJ5paZ44Gr44Gm5om/44KK44G+44GZ44CC44Gf44Gg44GX44CB55u044GX5bmF44KS6LaF44GI44KL44K144Kk44K655u044GX44Gv44GK5Y+X44GR44Gn44GN44Gq44GE44GT44Go44KC44GU44GW44GE44G+44GZ44Gu44Gn44CB44GU6LO85YWl44Gu6Zqb44Gv44CB44K144Kk44K644KS44KI44GP44GK56K644GL44KB44GE44Gf44Gg44GP44KI44GG44GK6aGY44GE55Sz44GX5LiK44GS44G+44GZ44CC6Kmz44GX44GP44Gv44Oh44O844Or44Gr44Gm44GK5ZWP44GE5ZCI44KP44Gb6aGY44GE44G+44GZ44CCPC9wPgogICAgICAgPHAgY2xhc3M9ImltZzIwIj48c3BhbiBzdHlsZT0iZm9udC1zaXplOiAxNHB4OyBmb250LXdlaWdodDogYm9sZCI+44CQ44Oh44Oz44K644CRPC9zcGFuPjxiciAvPgogICAgICAg5Y+v6IO9Ly3vvJLlj7cKICAgICAgICAgPGJyIC8+CiAgICDigLvjgZTos7zlhaXlvozjgIHjgZTkvb/nlKjjgavjgarjgonjgozjgZ/llYblk4Hjga7jgrXjgqTjgrrnm7TjgZfjga/jgZnjgbnjgabmnInmlpnjgavjgabmib/jgorjgb7jgZnjgILjgZ/jgaDjgZfjgIHnm7TjgZfluYXjgpLotoXjgYjjgovjgrXjgqTjgrrnm7TjgZfjga/jgYrlj5fjgZHjgafjgY3jgarjgYTjgZPjgajjgoLjgZTjgZbjgYTjgb7jgZnjga7jgafjgIHjgZTos7zlhaXjga7pmpvjga/jgIHjgrXjgqTjgrrjgpLjgojjgY/jgYrnorrjgYvjgoHjgYTjgZ/jgaDjgY/jgojjgYbjgYrpoZjjgYTnlLPjgZfkuIrjgZLjgb7jgZnjgILoqbPjgZfjgY/jga/jg6Hjg7zjg6vjgavjgabjgYrllY/jgYTlkIjjgo/jgZvpoZjjgYTjgb7jgZnjgII8L3A+CiAgPC9kaXY+CiAgCiAgPGltZyBzcmM9Imh0dHA6Ly9pbWFnZS5yYWt1dGVuLmNvLmpwL3ZpZWFuZ2UvY2FiaW5ldC9wYXJ0cy9sc3IwNjUwXzY4LmdpZiIgY2xhc3M9ImltZzMwIiAvPjwvZGl2PgoKPC9kaXY+PGhyPgoKPHRhYmxlIHdpZHRoPSIzOTAiIGJvcmRlcj0iMCI+CiAgPHRyPgogICAgPHRkIHdpZHRoPSI4OSI+Jm5ic3A7PC90ZD4KICAgIDx0ZCB3aWR0aD0iMjkxIj4mbmJzcDs8L3RkPgogIDwvdHI+CiAgPHRyPgogICAgPHRkPjxmb250IGNvbG9yPSM2OTY5Njkgc2l6ZT0iMiI+4pag44CA57Sg5p2Q44CA4pagPC9mb250PjwvdGQ+CiAgICA8dGQ+Jm5ic3A7PC90ZD4KICA8L3RyPgo8L3RhYmxlPgoKPHRhYmxlIHdpZHRoPSIzOTAiIGJvcmRlcj0iMCI+CiAgPHRyPgogICAgPHRkIHdpZHRoPSI4OSI+PGRpdiBhbGlnbj0icmlnaHQiPjxmb250IGNvbG9yPSIjNjk2OTY5IiBzaXplPSIyIj7jg6zjg4fjgqPjg7zjgrnvvJo8L2ZvbnQ+PC9kaXY+PC90ZD4KICAgIDx0ZCB3aWR0aD0iMjkxIj48Zm9udCBjb2xvcj0jNjk2OTY5IHNpemU9IjIiPksxMCjjg5Tjg7Pjgq/jgrTjg7zjg6vjg4nvvIkv44Or44OT44O8PC9mb250PjwvdGQ+CiAgPC90cj4KIDwvdGFibGU+Cgo8dGFibGUgd2lkdGg9IjM5MCIgYm9yZGVyPSIwIj4KICA8dHI+CiAgICA8dGQ+PGZvbnQgY29sb3I9IzY5Njk2OSBzaXplPSIyIj7ilqAg5aSn44GN44GVKG1tKSDilqA8L2ZvbnQ+PC90ZD4KICA8L3RyPgo8L3RhYmxlPgo8dGFibGUgd2lkdGg9IjM5MCIgYm9yZGVyPSIwIj4KICA8dHI+CiAgICA8dGQgd2lkdGg9Ijg5Ij4mbmJzcDs8L3RkPgogICAgPHRkIHdpZHRoPSIyOTEiPjxmb250IGNvbG9yPSM2OTY5Njkgc2l6ZT0iMiI+5bmF57SEMS45w5fljprjgb/ntIQxLjAo5ZCE77yJPC9mb250PjwvdGQ+CiAgPC90cj4KICA8dHI+CiAgICA8dGQ+Jm5ic3A7PC90ZD4KICAgIDx0ZD4mbmJzcDs8L3RkPgogIDwvdHI+CjwvdGFibGU+Cjx0YWJsZSB3aWR0aD0iMzkwIiBib3JkZXI9IjAiPgogIDx0cj4KICAgIDx0ZCB3aWR0aD0iODkiPjxmb250IGNvbG9yPSM2OTY5Njkgc2l6ZT0iMiI+4pag44CA6YeN6YeP44CA4pagPC9mb250PjwvdGQ+CiAgICA8dGQgd2lkdGg9IjI5MSI+Jm5ic3A7PC90ZD4KICA8L3RyPgo8L3RhYmxlPgo8dGFibGUgd2lkdGg9IjM5MCIgYm9yZGVyPSIwIj4KICA8dHI+CiAgICA8dGQgd2lkdGg9Ijg5Ij4mbmJzcDs8L3RkPgogICAgPHRkIHdpZHRoPSIyOTEiPjxmb250IGNvbG9yPSM2OTY5Njkgc2l6ZT0iMiI+57SEMS4yZyjlkITvvIk8L2ZvbnQ+PC90ZD4KICA8L3RyPgogIDx0cj4KICAgIDx0ZD4mbmJzcDs8L3RkPgogICAgPHRkPjxmb250IGNvbG9yPSIjMDA5OUZGIiBzaXplPSIxIj7igLvlpKfjgY3jgZXjg7vph43jgZXjgavjga/lpJrlsJHjga7lgIvkvZPlt67jgYznlJ/jgZjjgb7jgZk8L2ZvbnQ+PC90ZD4KICA8L3RyPgo8L3RhYmxlPgo8dGFibGUgd2lkdGg9IjM5MCIgYm9yZGVyPSIwIj4KICA8dHI+CiAgICA8dGQgd2lkdGg9Ijg4IiBoZWlnaHQ9IjE1Ij48Zm9udCBjb2xvcj0jNjk2OTY5IHNpemU9IjIiPuKWoOimj+WumuOCteOCpOOCuuKWoDwvZm9udD48L3RkPgogICAgPHRkIHdpZHRoPSIyOTIiPiZuYnNwOzwvdGQ+CiAgPC90cj4KPC90YWJsZT4KPHRhYmxlIHdpZHRoPSIzOTAiIGJvcmRlcj0iMCI+CiAgPHRyPgogICAgPHRkIHdpZHRoPSI4OSIgaGVpZ2h0PSI1MSI+Jm5ic3A7PC90ZD4KICAgIDx0ZCB3aWR0aD0iMjkxIj48Zm9udCBjb2xvcj0jNjk2OTY5IHNpemU9IjIiPjXlj7fjgYvjgokyM+WPt+OBvuOBpzxicj4K4oC7MjTlj7fku6XkuIrjga7jgrXjgqTjgrrjga/liKXpgJTmlpnph5HjgYznmbrnlJ/jgYTjgZ/jgZfjgb7jgZnjgILjgb7jgZ/jgIHntI3mnJ/jgYwx6YCx6ZaT44G744Gp6ZW344GP44Gq44KK44G+44GZ44CCPGJyPgo8YnI+CuKAuzTlj7fku6XkuIvjga7jgrXjgqTjgrrjga7loLTlkIjjgIHov73liqDmlpnph5Hjga/nmbrnlJ/jgYTjgZ/jgZfjgb7jgZvjgpPjgYzjgIE8Zm9udCBjb2xvcj0iIzAwOTlGRiI+57SN5pyf44GMMemAsemWk++8iDfllrbmpa3ml6XvvInjgbvjganliqDnrpfjgZXjgozjgb7jgZk8L2ZvbnQ+44CCPGJyPgo8YnI+CuKXhuimj+WumuWkluOCteOCpOOCuuOBruOCquODvOODgOODvOaWueazleKXhjxicj4KPGJyPgrjgrXjgqTjgrrjga7jg5fjg6vjg4Djgqbjg7Pjg6Hjg4vjg6Xjg7zjgojjgorvvJzkuIroqJjku6XlpJbvvJ7jgpLjgZTpgbjmip7kuIvjgZXjgYTjgILms6jmlofnlLvpnaLjga7pgJrkv6HmrITjgavjgZTluIzmnJvjga7jgrXjgqTjgrrjgpLjgZTmmI7oqJjjgY/jgaDjgZXjgYTjgILlvZPmlrnjgavjgablt67poY3jgpLnrpflh7rjga7jgYbjgYjjgIHjgYrlrqLmp5jjgavjgZTpgKPntaHjgYTjgZ/jgZfjgb7jgZnjgILjgYrlrqLmp5jjga7jgZTkuobmib/jgpLjgYTjgZ/jgaDjgYTjgZ/mmYLngrnjgafjgIHlvZPmlrnjgavjgabov73liqDmlpnph5HjgpLliqDnrpfjgZfjgabjgIHjgZToq4vmsYLnt4/poY3jgpLlpInmm7TjgZXjgZvjgabjgYTjgZ/jgaDjgY3jgb7jgZnjgIIKPC9mb250PjwvdGQ+CiAgPC90cj4KICA8dHI+CiAgICA8dGQ+Jm5ic3A7PC90ZD4KICAgIDx0ZD4mbmJzcDs8L3RkPgogIDwvdHI+CjwvdGFibGU+Cjx0YWJsZSB3aWR0aD0iMzkwIiBib3JkZXI9IjAiPgogIDx0cj4KICAgIDx0ZCB3aWR0aD0iMjExIj48Zm9udCBjb2xvcj0jNjk2OTY5IHNpemU9IjIiPuKWoCDliLvljbDlj6/og73mloflrZfmlbAgL+ODleOCqeODs+ODiOOCteOCpOOCuiDilqA8L2ZvbnQ+PC90ZD4KICAgIDx0ZCB3aWR0aD0iMTY5Ij4mbmJzcDs8L3RkPgogIDwvdHI+CjwvdGFibGU+Cjx0YWJsZSB3aWR0aD0iMzkwIiBib3JkZXI9IjAiPgogIDx0cj4KICAgIDx0ZCB3aWR0aD0iODkiPiZuYnNwOzwvdGQ+CiAgICA8dGQgd2lkdGg9IjI5MSI+PGZvbnQgY29sb3I9IzY5Njk2OSBzaXplPSIyIj4zMOaWh+WtlyAvIOS4gOaWh+Wtl+e0hDAuOe+9je+9jeWkpzwvZm9udD48L3RkPgogIDwvdHI+CiAgPHRyPgogICAgPHRkPiZuYnNwOzwvdGQ+CiAgICA8dGQ+Jm5ic3A7PC90ZD4KICA8L3RyPgo8L3RhYmxlPgo8dGFibGUgd2lkdGg9IjM5MCIgYm9yZGVyPSIwIj4KICA8dHI+CiAgICA8dGQgd2lkdGg9IjIxMSI+PGZvbnQgY29sb3I9IzY5Njk2OSBzaXplPSIyIj7ilqAg6KOP55+z5YWl44KM44Kq44OX44K344On44Oz4pagPC9mb250PjwvdGQ+CiAgICA8dGQgd2lkdGg9IjE2OSI+Jm5ic3A7PC90ZD4KICA8L3RyPgo8L3RhYmxlPgo8dGFibGUgd2lkdGg9IjM5MCIgYm9yZGVyPSIwIj4KICA8dHI+CiAgICA8dGQgd2lkdGg9Ijg5Ij4mbmJzcDs8L3RkPgogICAgPHRkIHdpZHRoPSIyOTEiPjxmb250IGNvbG9yPSM2OTY5Njkgc2l6ZT0iMiI+5a++5b+c5LiN5Y+vPC9mb250PjwvdGQ+CiAgPC90cj4KICA8dHI+CiAgICA8dGQ+Jm5ic3A7PC90ZD4KICAgIDx0ZD4mbmJzcDs8L3RkPgogIDwvdHI+CjwvdGFibGU+Cjx0YWJsZSB3aWR0aD0iMzkwIiBib3JkZXI9IjAiPgogIDx0cj4KICAgIDx0ZCB3aWR0aD0iMzMyIj48Zm9udCBjb2xvcj0jNjk2OTY5IHNpemU9IjIiPuKWoOacquS9v+eUqOWTgeOBruOCteOCpOOCuuWkieabtO+8iOWIneacn+OCteOCpOOCuuWkieabtO+8ieOBq+OBpOOBhOOBpuKWoDwvZm9udD48L3RkPgogICAgPHRkIHdpZHRoPSI0OCI+Jm5ic3A7PC90ZD4KICA8L3RyPgo8L3RhYmxlPgo8dGFibGUgd2lkdGg9IjM5MCIgYm9yZGVyPSIwIj4KICA8dHI+CiAgICA8dGQgd2lkdGg9Ijg5IiBoZWlnaHQ9IjUxIj4mbmJzcDs8L3RkPgogICAgPHRkIHdpZHRoPSIyOTEiPjxmb250IGNvbG9yPSIjNjk2OTY5IiBzaXplPSIyIj48YnI+5LiH44GM5LiA44GK5a6i5qeY44Gu44GK5omL5YWD44Gr5bGK44GE44Gf5ZWG5ZOB44Gu44K144Kk44K644GM5ZCI44KP44Ga44CB5LuW44Gu44K144Kk44K644G444Gu5aSJ5pu044KS44GU5biM5pyb44Gu5aC05ZCI44Gr44Gv44CBPGZvbnQgY29sb3I9IiMwMDk5RkYiPuacquS9v+eUqOOBruWTgeOBq+mZkOOCijwvZm9udD7jgrXjgqTjgrrnm7TjgZfjgIHjgb7jgZ/jga/jgrXjgqTjgrrkuqTmj5vjgpLmib/jgorjgb7jgZnjgILlv4XjgZo8Zm9udCBjb2xvcj0iIzAwOTlGRiI+5ZWG5ZOB5Yiw552A5b6MMemAsemWk+S7peWGhTwvZm9udD7jgavjgZTpgKPntaHjgYTjgZ/jgaDjgY3jgb7jgZnjgojjgYbjgYrpoZjjgYTnlLPjgZfkuIrjgZLjgb7jgZnjgII8YnI+CiAgICAgIDxicj4K4peG5ZWG5ZOB5Yiw552A5b6MMemAsemWk+S7peWGheOBq+OBlOmAo+e1oeOBhOOBn+OBoOOBkeOBquOBi+OBo+OBn+WgtOWQiOOChOOAgeWVhuWTgeOBq+iRl+OBl+OBhOS9v+eUqOeXleOBquOBqeOBjOOBguOCi+WgtOWQiOOBq+OBr+OCteOCpOOCuuWkieabtOODu+S6pOaPm+OCkuaJv+OCiuOBi+OBreOCi+OBk+OBqOOCguOBlOOBluOBhOOBvuOBmeOBruOBp+OBlOS6huaJv+mhmOOBhOOBvuOBmeOAgjxicj48YnI+CuKXhuWVhuWTgeWPl+OBkea4oeOBl+OBq+mWouOCj+OCi+W+gOW+qeOBrumAgeaWmeOBr+OAgeOBiuWuouanmOOBruOBlOiyoOaLheOBqOOBquOCiuOBvuOBmeOAgjxicj48YnI+CuKXhuWVhuWTgeOBqzxmb250IGNvbG9yPSIjMDA5OUZGIj7liLvljbDjgpLlhaXjgozjgabjgYTjgovloLTlkIg8L2ZvbnQ+44KEPGZvbnQgY29sb3I9IiMwMDk5RkYiPuijj+efs+OCkueVmeOCgeOBpuOBhOOCi+WgtOWQiDwvZm9udD7jga/jgIHkuqTmj5vmiYvmlbDmlpnjgYzliKXpgJTnmbrnlJ/jgYTjgZ/jgZfjgb7jgZnjgILjgb7jgZ/jgIHopo/lrprlpJbjgrXjgqTjgrrjgavplqLjgo/jgovjgrXjgqTjgrrlpInmm7Tjga/jgrXjgqTjgrrlt67poY3mlpnjgYzliKXpgJTnmbrnlJ/jgYTjgZ/jgZfjgb7jgZnjgILoqbPntLDjgavplqLjgZfjgb7jgZfjgabjga/jgIHjgZPjgaHjgonjga7jgIzliJ3mnJ/jgrXjgqTjgrrlpInmm7Tjga7nm67lronjgI3jgpLjgZTlj4Lnhafjga7jgYbjgYjjgIHjg6Hjg7zjg6vjgavjgabjgYrllY/jgYTlkIjjgo/jgZvpoZjjgYTjgb7jgZnjgII8YnI+PGJyPgril4bmnKzjgrXjg7zjg5Pjgrnjga7pgannlKjjga/jgIHliJ3lm57pmZDjgorjgajjgZXjgZvjgabjgYTjgZ/jgaDjgY3jgb7jgZnjgIIKPC9mb250PjwvdGQ+CiAgPC90cj4KICA8dHI+CiAgICA8dGQgaGVpZ2h0PSIxNSI+Jm5ic3A7PC90ZD4KICAgIDx0ZD4mbmJzcDs8L3RkPgogIDwvdHI+CjwvdGFibGU+Cjx0YWJsZSB3aWR0aD0iMzkwIiBib3JkZXI9IjAiPgogIDx0cj4KICAgIDx0ZCB3aWR0aD0iMzIyIj48Zm9udCBjb2xvcj0jNjk2OTY5IHNpemU9IjIiPuKWoOOBlOS9v+eUqOOBq+OBquOCieOCjOOBn+WVhuWTgeOBruOCteOCpOOCuuebtOOBl+OBruWPr+WQpi/nm7TjgZfluYXilqA8L2ZvbnQ+PC90ZD4KICAgIDx0ZCB3aWR0aD0iNTgiPiZuYnNwOzwvdGQ+CiAgPC90cj4KPC90YWJsZT4KPHRhYmxlIHdpZHRoPSIzOTAiIGJvcmRlcj0iMCI+CiAgPHRyPgogICAgPHRkIHdpZHRoPSI4OCI+PGRpdiBhbGlnbj0icmlnaHQiPjxmb250IGNvbG9yPSIjNjk2OTY5IiBzaXplPSIyIj7jg6zjg4fjgqPjg7zjgrnvvJo8L2ZvbnQ+PC9kaXY+CiAgICA8L3RkPgogICAgPHRkIHdpZHRoPSIyOTIiPjxmb250IGNvbG9yPSM2OTY5Njkgc2l6ZT0iMiI+5Y+v6IO9Lyst77yS5Y+3PC9mb250PjwvdGQ+CiAgPC90cj4KICA8dHI+CiAgICA8dGQ+Jm5ic3A7PC90ZD4KICAgIDx0ZD48Zm9udCBjb2xvcj0jNjk2OTY5IHNpemU9IjIiPuKAu+OBlOizvOWFpeW+jOOAgeOBlOS9v+eUqOOBq+OBquOCieOCjOOBn+WVhuWTgeOBruOCteOCpOOCuuebtOOBl+OBr+OBmeOBueOBpuacieaWmeOBq+OBpuaJv+OCiuOBvuOBmeOAguOBn+OBoOOBl+OAgeebtOOBl+W5heOCkui2heOBiOOCi+OCteOCpOOCuuebtOOBl+OBr+OBiuWPl+OBkeOBp+OBjeOBquOBhOOBk+OBqOOCguOBlOOBluOBhOOBvuOBmeOBruOBp+OAgeOBlOizvOWFpeOBrumam+OBr+OAgeOCteOCpOOCuuOCkuOCiOOBj+OBiueiuuOBi+OCgeOBhOOBn+OBoOOBj+OCiOOBhuOBiumhmOOBhOeUs+OBl+S4iuOBkuOBvuOBmeOAguips+OBl+OBj+OBr+ODoeODvOODq+OBq+OBpuOBiuWVj+OBhOWQiOOCj+OBm+mhmOOBhOOBvuOBmeOAgjwvZm9udD48L3RkPgogIDwvdHI+CiAgPHRyPgogICAgPHRkIGhlaWdodD0iMTUiPiZuYnNwOzwvdGQ+CiAgICA8dGQ+Jm5ic3A7PC90ZD4KICA8L3RyPgo8L3RhYmxlPgo8dGFibGUgd2lkdGg9IjM5MCIgYm9yZGVyPSIwIj4KICA8dHI+CiAgICA8dGQ+PGZvbnQgY29sb3I9IzAwOTlGRiBzaXplPSIrMSI+4peG5Yi75Y2w54Sh5paZ44K144O844OT44K54peGPC9mb250Pjxicj4KICAgICAgPGJyPgogICAgICA8Zm9udCBjb2xvcj0jNjk2OTY5IHNpemU9IjIiPuOBlOW4jOacm+OBruaWueOBq+OBr+OAgeODquODs+OCsOOBruWGheWBtOOBq+ODoeODg+OCu+ODvOOCuOOChOOBiuWQjeWJjeOBquOBqeOCkueEoeaWmeOBp+WIu+WNsCjmloflrZflhaXjgowp44GV44Gb44Gm44GE44Gf44Gg44GN44G+44GZ44CCPC9mb250Pjxicj4KICAgICAgPGJyPgogICAgICA8Zm9udCBjb2xvcj0jNjk2OTY5IHNpemU9IjIiPuKXhuabuOS9k+OBrzxmb250IGNvbG9yPSIjMDA5OUZGIj7jg5bjg63jg4Pjgq/kvZM8Zm9udCBjb2xvcj0iIzY5Njk2OSI+44GLPC9mb250PuethuiomOS9kzwvZm9udD7jga7jgYTjgZrjgozjgYvjgpLjgYrpgbjjgbPjgYTjgZ/jgaDjgZHjgb7jgZnjgII8L2ZvbnQ+PGJyPgogICAgICA8Zm9udCBjb2xvcj0jNjk2OTY5IHNpemU9IjIiPuKXhuS9teOBm+OBpjxmb250IGNvbG9yPSIjMDA5OUZGIj7mmJ/luqfjg57jg7zjgq/jg7vkuIDpg6jjga7ntbXmloflrZc8L2ZvbnQ+44GM5Yi75Y2w5Y+v6IO944Gn44GZ44CC5L2/55So5Y+v6IO944Gq6KiY5Y+344O757W15paH5a2X44Gr6Zai44GX44G+44GX44Gm44Gv44CB5pys55S76Z2i5bem5YG044Gr5o6y56S644GV44KM44Gm44GE44G+44GZPGZvbnQgY29sb3I9IiMwMDk5RkYiPuabuOS9k+imi+acrDwvZm9udD7jgpLjgZTlj4LnhafpoZjjgYTjgb7jgZnjgII8L2ZvbnQ+PGJyPgogICAgICA8YnI+CiAgICAgIDxmb250IGNvbG9yPSM2OTY5Njkgc2l6ZT0iMiI+44GT44Gu5ZWG5ZOB44Gv44CB44Ki44Or44OV44Kh44OZ44OD44OI5aSn5paH5a2X44O76Iux5pWw5a2X5ZCI44KP44Gb44GmPGZvbnQgY29sb3I9IiMwMDk5RkYiIHNpemU9IisxIj48c3Ryb25nPjMw5paH5a2XPC9zdHJvbmc+PC9mb250PuOBvuOBp+WIu+WNsOWPr+iDveOBp+OBmeOAguiomOWPt+OAgeOCueODmuODvOOCueOAgeODnuODvOOCr+OBquOBqeOCgu+8keaWh+Wtl+WIhuOBqOOBl+OBpuOCq+OCpuODs+ODiOOBleOCjOOBvuOBmeOAguODnuODvOOCr+ODu+e1teaWh+Wtl+OCkuOBlOiomOWFpeOBruWgtOWQiOOBr+OAgeabuOS9k+imi+acrOOBq+iomOi8ieOBleOCjOOBpuOBhOOCizxmb250IGNvbG9yPSIjMDA5OUZGIj7jg57jg7zjgq/jga48c3Ryb25nPuS4uOeVquWPtzwvc3Ryb25nPjwvZm9udD7jgpLliLvljbDkvY3nva7jgavjgZToqJjlhaXpoZjjgYTjgb7jgZnjgII8L2ZvbnQ+PC90ZD4KICA8L3RyPgo8L3RhYmxlPgo8dGFibGUgd2lkdGg9IjM5MCIgYm9yZGVyPSIwIj4KICA8dHI+CiAgICA8dGQgaGVpZ2h0PSI0OSI+PGJyPjxkaXYgYWxpZ249ImNlbnRlciI+PGltZyBzcmM9Imh0dHA6Ly9pbWFnZS5yYWt1dGVuLmNvLmpwL3ZpZWFuZ2UvY2FiaW5ldC9sb3ZlcnNfYW5kX3Jpbmcva29rdWluX2ltYWdlLmdpZiIgYWx0PSLoqJjlhaXkvosiIHdpZHRoPSIzNTMiIGhlaWdodD0iMjAxIj48L2Rpdj48L3RkPgogIDwvdHI+CjwvdGFibGU+Cjx0YWJsZSB3aWR0aD0iMzkwIiBib3JkZXI9IjAiPgogIDx0cj4KICAgIDx0ZD48YnI+PGZvbnQgY29sb3I9IzAwOTlGRiBzaXplPSIyIj7ilqDliLvljbDjga7jgZTms6jmlofmlrnms5XilqA8L2ZvbnQ+PGJyPgogICAgICA8YnI+CiAgICAgIDxmb250IGNvbG9yPSM2OTY5Njkgc2l6ZT0iMiI+44OX44Or44OA44Km44Oz44O744Oh44OL44Ol44O844GL44KJ44GU5biM5pyb44Gu5pu45L2T44KS44GK6YG444Gz44GP44Gg44GV44GE44CC5rOo5paH55S76Z2i44Gu44CM44GK5bqX44G444Gu44Oh44OD44K744O844K444CN5qyE44GrPGZvbnQgY29sb3I9IiMwMDk5RkYiPuWIu+WNsOWGheWuuTwvZm9udD7jgpLjgZToqJjlhaXjgY/jgaDjgZXjgYTjgILllYblk4HjgpIy5YCL5Lul5LiK5ZCM5pmC44Gr44GK6LK344GE5rGC44KB44GE44Gf44Gg44GE44Gf5aC05ZCI44Gv44CB5Yi75Y2w5a++6LGh5ZWG5ZOB44GM44KP44GL44KL44KI44GG44CBPGZvbnQgY29sb3I9IiMwMDk5RkYiPuWVhuWTgeeVquWPtzwvZm9udD7jgoLjgZTkvbXoqJjpoZjjgYTjgb7jgZnjgII8L2ZvbnQ+IDwvdGQ+CiAgPC90cj4KPC90YWJsZT48IS0t4pa84pa8IOW3puW4r+ODquODs+OCr+OBguOCiiDilrzilrwtLT4KCjxkaXYgaWQ9ImhpZGFyaS1vYmkiPgoKPHN0eWxlPgojaGlkYXJpLW9iaSB7CnBvc2l0aW9uOiBhYnNvbHV0ZTsKdG9wOjBweDsKbGVmdDoxMHB4OwpiYWNrZ3JvdW5kOiB1cmwoImh0dHBzOi8vaW1hZ2UucmFrdXRlbi5jby5qcC92aWVhbmdlL2NhYmluZXQvY2FtcGFpZ24vc2NibnJfMDUxNS5qcGciKSByZXBlYXQteSBsZWZ0IHRvcCA7Cn0KI2hpZGFyaS1vYmkgYSB7CmRpc3BsYXk6IGJsb2NrOwpoZWlnaHQ6OTMwMHB4Oy8q44Oa44O844K45YWo5L2T44Gu6auY44GVKi8Kd2lkdGg6IDE0MHB4Oy8q5biv44Gu5bmFKi8KfQo8L3N0eWxlPgoKPC9kaXY+CgoKCjwhLS3ilrzilrwg5bem5biv44Oq44Oz44Kv44Gq44GXIOKWvOKWvC0tPgoKCgoKPCEtLeKWvOKWvCDlt6bluK/jg6rjg7Pjgq/jgarjgZcg4pa84pa8LS0+Cgo8IS0tCjxzdHlsZSB0eXBlPSJ0ZXh0L2NzcyI+CmJvZHl7CmJhY2tncm91bmQtaW1hZ2U6IHVybCgiaHR0cDovL2ltYWdlLnJha3V0ZW4uY28uanAvdmllYW5nZS9jYWJpbmV0L2NhbXBhaWduL2Jucl8xMDEyLmpwZyIpOwpiYWNrZ3JvdW5kLXJlcGVhdDogcmVwZWF0LXk7CmJhY2tncm91bmQtYXR0YWNobWVudDogc2Nyb2xsOwpiYWNrZ3JvdW5kLXBvc2l0aW9uOmxlZnQKfQo8L3N0eWxlPgotLT4KCgoKCjxzdHlsZSB0eXBlPSJ0ZXh0L2NzcyI+CgovKiDjgYrmsJfjgavlhaXjgorllYblk4EgKi8KCiNyYWt1dGVuTGltaXRlZElkX2Fyb3VuZENhcnQgI3NlcnZpY2VUYWJsZVNtbCB0ZC5mYXZvcml0ZSB7CgpwYWRkaW5nLXRvcDogNXB4OwoKfQoKI3Jha3V0ZW5MaW1pdGVkSWRfYXJvdW5kQ2FydCBkaXYuYm9va21hcmtBcmVhIGRpdi5ia20gewoKd2lkdGg6IDI5MXB4ICFpbXBvcnRhbnQ7CgpoZWlnaHQ6MzNweCAhaW1wb3J0YW50OwoKcGFkZGluZzogMHB4IDBweCAxMHB4IDBweCAhaW1wb3J0YW50OwoKfQoKI3Jha3V0ZW5MaW1pdGVkSWRfYXJvdW5kQ2FydCBkaXYuYm9va21hcmtBcmVhIGRpdi5ia20gYS5hZGRCa20gewoKd2lkdGg6IDI5MXB4ICFpbXBvcnRhbnQ7CgpoZWlnaHQ6MzNweCAhaW1wb3J0YW50OwoKfQoKI3Jha3V0ZW5MaW1pdGVkSWRfYXJvdW5kQ2FydCBkaXYuYm9va21hcmtBcmVhIGRpdi5ia20gYS5hZGRCa20gc3Bhbi5ia21TdGFyIHsKCmRpc3BsYXk6IGlubGluZS1ibG9jayAhaW1wb3J0YW50OwoKd2lkdGg6IDI5MXB4ICFpbXBvcnRhbnQ7CgpoZWlnaHQ6MzNweCAhaW1wb3J0YW50OwoKbWFyZ2luOjBweCAwcHggMTBweCAwcHggIWltcG9ydGFudDsKCmJhY2tncm91bmQ6IHVybCgiaHR0cDovL2ltYWdlLnJha3V0ZW4uY28uanAvdmllYW5nZS9jYWJpbmV0L2Jucl9mYXZpdGVtLmpwZyIpIG5vLXJlcGVhdCAhaW1wb3J0YW50OwoKfQoKIAoKLyog44GK5rCX44Gr5YWl44KK44K344On44OD44OXICovCgpkaXYuYm9va21hcmtBcmVhIHsKCndpZHRoOiAyOTFweCAhaW1wb3J0YW50OwoKfQoKI3Jha3V0ZW5MaW1pdGVkSWRfYXJvdW5kQ2FydCBkaXYuc2hvcEJvb2ttYXJrQXJlYSBkaXYuc2hvcEJrbSB7Cgp3aWR0aDogMjkxcHggIWltcG9ydGFudDsKCmhlaWdodDozM3B4ICFpbXBvcnRhbnQ7CgpwYWRkaW5nOiAwcHggMHB4ICFpbXBvcnRhbnQ7CgpwYWRkaW5nLWxlZnQ6IDBweCAhaW1wb3J0YW50OwoKfQoKI3Jha3V0ZW5MaW1pdGVkSWRfYXJvdW5kQ2FydCBkaXYuc2hvcEJvb2ttYXJrQXJlYSBkaXYuc2hvcEJrbSBhLmFkZFNob3BCa20gc3Bhbi5zaG9wQmttU3RhciB7CgpkaXNwbGF5OiBpbmxpbmUtYmxvY2sgIWltcG9ydGFudDsKCndpZHRoOiAyOTFweCAhaW1wb3J0YW50OwoKaGVpZ2h0OjMzcHggIWltcG9ydGFudDsKCm1hcmdpbi1yaWdodDogMHB4ICFpbXBvcnRhbnQ7CgpiYWNrZ3JvdW5kOiB1cmwoImh0dHA6Ly9pbWFnZS5yYWt1dGVuLmNvLmpwL3ZpZWFuZ2UvY2FiaW5ldC9ibnJfZmF2c2hvcC5qcGciKSBuby1yZXBlYXQgIWltcG9ydGFudDsKCn0KPC9zdHlsZT4KCgoKCjxkaXYgaWQ9InByZXNlbnRfYmFzZSIgY2xhc3M9ImNsZWFyZml4Ij4KICAgPGRpdiBjbGFzcz0icHJlc2VudF9pbWciPjxpbWcgc3JjPSJodHRwOi8vaW1hZ2UucmFrdXRlbi5jby5qcC92aWVhbmdlL2NhYmluZXQvdG1nL2Zvb3RfcHJlMDEuZ2lmIiBhbHQ9IuWkp+WIh+OBquOBguOBruS6uuOBq+e0oOaVteOBquODl+ODrOOCvOODs+ODiCIgd2lkdGg9IjE5OSIgaGVpZ2h0PSIyOTUiIC8+PC9kaXY+CiAgIDxkaXYgY2xhc3M9InByZXNlbnRfdHh0Ij48cD7lvZPlupfjga/jgIHkurrmsJfjgqLjgq/jgrvjgrXjg6rjg7zjg5bjg6njg7Pjg4njgIzlpKnkvb/jga7ljbXjgI3jgoTjgIzmnKrmnaXlpKnkvb/jgI3jgpLjga/jgZjjgoHjgIHoqpXnlJ/nn7Pjga7jg5rjg7Pjg4Djg7Pjg4jjgoTjg6rjg7PjgrDjgarjganjgIHjg5fjg6zjgrzjg7Pjg4jjgavjg5Tjg4Pjgr/jg6rjgarjgqLjgq/jgrvjgrXjg6rjg7zjgpLlj5bmibHjgYbpgJrosqnjgrfjg6fjg4Pjg5fjgafjgZnjgII8L3A+PGJyIC8+CuOAjOWEquOBl+OBhOWFieOBq+OBpOOBpOOBvuOCjOOCi+awuOmBoOOBruWRveOAjeOCkuihqOePvuOBl+OBn+OCs+ODs+OCu+ODl+ODiOOCuOODpeOCqOODquODvOOAjOacquadpeWkqeS9v+OAjeOBr+acquadpeOBq+WQkeOBkeOBpui8neOBkeOCi+WRveOBruOBmeOBsOOCieOBl+OBleOCkuWkmuW9qeOBquODhuODvOODnuODu+ODh+OCtuOCpOODs+OBp+ihqOePvuOBl+OBpuOBhOOBvuOBmeOAgjxiciAvPgrjgZ3jgpPjgarmnKrmnaXlpKnkvb/jgYvjgonjga7jg5fjg6zjgrzjg7Pjg4jjgajjgYTjgYbjgrPjg7Pjgrvjg5fjg4jjgafkvZzjgonjgozjgZ/jgIzlpKnkvb/jga7ljbXjgI3jga/jgIHjgIzoqpXnlJ/jga7llpzjgbPjgI3jgoTjgIznlJ/jgY3jgovjgZPjgajjga7mhJ/li5Xjgajos57os5vjgI3jgpLjg4bjg7zjg57jgajjgZfjgablibXjgonjgozjgIHljbXjgajnvr3jga7jg5Djg6njg7Pjgrnjga7oia/jgYTjgoTjgZXjgZfjgYTjg4fjgrbjgqTjg7PjgYzmhJvjgZXjgozjgabjgYTjgovjg63jg7PjgrDjgrvjg6njg7zjga7kurrmsJfjgqLjgq/jgrvjgrXjg6rjg7zjgafjgZnjgILmmK/pnZ7jgIHlpKfliIfjgarkurrjgbjjga7jg5fjg6zjgrzjg7Pjg4jnrYnjgavjgoLjgZTmtLvnlKjkuIvjgZXjgYTvvIE8L2Rpdj4KPC9kaXY+CgoKCgoKPCEtLeKWvOKWvOKWvOODrOODk+ODpeODvOODu+azqOaWh+eKtuazgeKWvOKWvOKWvC0tPiAgIAoKICAgICAgICAgICAgPGgyPjxpbWcgc3JjPSJodHRwOi8vd3d3LnJha3V0ZW4ubmUuanAvZ29sZC92aWVhbmdlL2ltZy90aXRsZV8wNi5qcGciIGFsdD0i44Os44OT44Ol44O8IiB3aWR0aD0iNjg4IiBoZWlnaHQ9IjcwIiAvPjwvaDI+CiAgICAgICAgICAgIDxicj48YnI+CiAgCgkgIDxicj4gPGJyPiA8YnI+IAogICAgICAgICAgICAgICAgICA8aDI+PGltZyBzcmM9Imh0dHA6Ly93d3cucmFrdXRlbi5uZS5qcC9nb2xkL3ZpZWFuZ2UvaW1nL3RpdGxlXzA3LmpwZyIgYWx0PSLms6jmlofnirbms4EiIHdpZHRoPSI2ODgiIGhlaWdodD0iNzAiIC8+PC9oMj4KICAgICAgICAgICAgICAgICAgICAgICAgICAgICAgPGJyPiA8YnI+IAo8YnI+IDxicj4gPGJyPg==,44CQ5Yi75Y2w54Sh5paZ44CR44OU44Oz44Kv44K044O844Or44OJSzEw44Oq44Oz44Kw77yc44Os44OH44Kj44O844K577yeIExTUjA2NThSUEtITuOAkExvdmVycyAmYW1wOyBSaW5nIOODqeODkOODvOOCuuODquODs+OCsOOAkeOAkOODmuOCouODquODs+OCsCDjg5rjgqIg44Op44OW44Oq44Oz44KwIOaMh+i8qiDjg6vjg5Pjg7wg44Os44OH44Kj44O844K5IOODlOODs+OCr+OCtOODvOODq+ODiSDjg5fjg6zjgrzjg7Pjg4gg44Ku44OV44OIIOOCouOCr+OCu+OCteODquODvCDjgqLjgq/jgrsg44K444Ol44Ko44Oq44O8IOOCruODleODiCDliLvljbDjgJHmr43jga7ml6Ug44K344Oz44OX44Or77ya5aSp5L2/44Gu5Y21IHdpdGggTE9WRVJTIFNDRU5F,5aSp5L2/44Gu5Y215pyq5p2l5aSp5L2/44K544Oa44O844K544Kv44Oq44Ko44O844K/44O844K444Ol44Ko44Oq44O844K344Or44OQ44O844Ki44Kv44K744K144Oq44O844OU44Oz44Kv44K344Or44OQ44O844ON44OD44Kv44Os44K555u05Za25bqX44Kv44Oq44K544Oe44K56ZmQ5a6a44Oa44Oz44OA44Oz44OI5oyH6Lyq44OU44Ki44K544OX44Os44K844Oz44OI44OZ44OT44O844K544OX44O844Oz44Os44OH44Kj44O844K544Op44OQ44O844K644K344O844Oz57WQ5ama5oyH6Lyq44Oa44Ki44Oq44Oz44Kw6KqV55Sf55+z44CQ5Yi75Y2w54Sh5paZ44CR44OU44Oz44Kv44K044O844Or44OJSzEw44Oq44Oz44Kw77yc44Os44OH44Kj44O844K577yeIExTUjA2NThSUEtITuOAkExvdmVycyAmYW1wOyBSaW5nIOODqeODkOODvOOCuuODquODs+OCsOOAkeOAkOODmuOCouODquODs+OCsCDjg5rjgqIg44Op44OW44Oq44Oz44KwIOaMh+i8qiDjg6vjg5Pjg7wg44Os44OH44Kj44O844K5IOODlOODs+OCr+OCtOODvOODq+ODiSDjg5fjg6zjgrzjg7Pjg4gg44Ku44OV44OIIOOCouOCr+OCu+OCteODquODvCDjgqLjgq/jgrsg44K444Ol44Ko44Oq44O8IOOCruODleODiCDliLvljbDjgJHmr43jga7ml6Ug44K344Oz44OX44Or,44K344Oz44OX44Or44OH44K244Kk44Oz44GM44K044O844Or44OJ57Sg5p2Q44KS5byV44GN56uL44Gm44KL44CC44CQ5Yi75Y2w54Sh5paZ44CR44OU44Oz44Kv44K044O844Or44OJSzEw44Oq44Oz44Kw77yc44Os44OH44Kj44O844K577yeIExTUjA2NThSUEtITuOAkExvdmVycyAmYW1wOyBSaW5nIOODqeODkOODvOOCuuODquODs+OCsOOAkeOAkOODmuOCouODquODs+OCsCDjg5rjgqIg44Op44OW44Oq44Oz44KwIOaMh+i8qiDjg6vjg5Pjg7wg44Os44OH44Kj44O844K5IOODlOODs+OCr+OCtOODvOODq+ODiSDjg5fjg6zjgrzjg7Pjg4gg44Ku44OV44OIIOOCouOCr+OCu+OCteODquODvCDjgqLjgq/jgrsg44K444Ol44Ko44Oq44O8IOOCruODleODiCDliLvljbDjgJHmr43jga7ml6Ug44K344Oz44OX44Or[rn]
39-1051,aHR0cDovL3RzaG9wLnIxMHMuanAvdmllYW5nZS9jYWJpbmV0L2xvdmVyc19hbmRfcmluZy9sc3IwNjU3cnBrXzYwMC5qcGc/Zml0aW49NzAwOjcwMA==,MjA3MzYuMDAwMA==,,44K444Ol44Ko44Oq44O844O744Ki44Kv44K744K144Oq44O8ID4g44Os44OH44Kj44O844K544K444Ol44Ko44Oq44O844O744Ki44Kv44K744K144Oq44O8ID4g5oyH6Lyq44O744Oq44Oz44Kw,44CQ5Yi75Y2w54Sh5paZ44CR44OU44Oz44Kv44K044O844Or44OJSzEw44Oq44Oz44Kw77yc44Os44OH44Kj44O844K577yeIExTUjA2NTdSUEvjgJBMb3ZlcnMgJiBSaW5nIOODqeODkOODvOOCuuODquODs+OCsOOAkeOAkOODmuOCouODquODs+OCsCDjg5rjgqIg44Os44OH44Kj44O844K5IOODqeODluODquODs+OCsCDmjIfovKog44Of44Or5omT44GhIOODl+ODrOOCvOODs+ODiCDjgq7jg5Xjg4gg44Oq44Oz44KwIOOCouOCr+OCu+OCteODquODvCDjgqLjgq/jgrsg44K444Ol44Ko44Oq44O8IOOCruODleODiCDjgYvjgo/jgYTjgYQg5Yi75Y2w44CR5q+N44Gu5pelIOOCt+ODs+ODl+ODqw==,44Kt44Op44Kt44Op6Lyd44GP44Of44Or5omT44Gh5Yqg5bel77yBIOmAgeaWmeeEoeaWmSDliLvljbDnhKHmlpk=,PGNlbnRlcj48YSBocmVmPSJodHRwczovL215LmJvb2ttYXJrLnJha3V0ZW4uY28uanAvP2Z1bmM9cmVnJnN2aWQ9MTAxJnNob3BfYmlkPTIwMzk0NyZpaWQ9MTAwMDE3NDcmaXR5cGU9MSB0YXJnZXQ9X2JsYW5rIj48aW1nIHNyYz0iaHR0cDovL2ltYWdlLnJha3V0ZW4uY28uanAvdmllYW5nZS9jYWJpbmV0L3BfYm5yX2Zhdml0ZW0uanBnIiBib3JkZXI9IjAiIHdpZHRoPSI2NjAiIGhlaWdodD0iMTMwIj48L2E+PC9jZW50ZXI+PGJyPjxicj48aW1nIHNyYz0iaHR0cDovL2ltYWdlLnJha3V0ZW4uY28uanAvdmllYW5nZS9jYWJpbmV0L2NhbXBhaWduL2xyX3JpbmdfcGNfdG9rdXRlbi5qcGciYWx0PSJMb3ZlcnMmUmluZyDjgq3jg6Pjg7Pjg5rjg7zjg7MiPjxicj48YnI+Cgo8ZGl2IGlkPSJkZXRhaWxfYmFzZTIiPgoKICA8ZGl2IGNsYXNzPSJnb29kc18xMzA1XzAxIj4KICAgICAgPGRpdj48cD7jgq3jg6njgq3jg6novJ3jgY/jg5/jg6vmiZPjgaHliqDlt6XjgYznibnlvrTnmoTjgarjg6rjg7PjgrDjgafjgZnjgILjgZPjga7jg5/jg6vmiZPjgaHjgYzjgIHjgrTjg7zjgrjjg6PjgrnjgarjgYzjgonjgoLmiYvnt6jjgb/jga7jg6zjg7zjgrnjga7jgojjgYbjgarnuYrntLDjgarljbDosaHjgpLkuI7jgYjjgIHjgYLjgarjgZ/jga7mjIflhYPjgpLjgojjgornvo7jgZfjgY/jgZfjgabjgY/jgozjgb7jgZnjgILjgb7jgZ/jgIHjg6rjg7PjgrDkuK3lpK7jga7jg6vjg5Pjg7zjgoTjgrXjg5XjgqHjgqTjgqLjgarjganjgpLjgIHmuKnjgYvjgb/jga7jgYLjgovljbDosaHjgavlpInjgYjjgabjgY/jgozjgb7jgZnjgILjgIzjg5/jg6vjgI3jgavjga/jgIHjg6njg4bjg7Poqp7jgafjgIzljYPjga7nspLjgI3jgajjgYTjgYbmhI/lkbPjgYzjgorjgIHjg6rjg7PjgrDjgajlhbHjgavjgYrkuozkurrjga7mgJ3jgYTlh7rjgpLjgZ/jgY/jgZXjgpPnqY3jgb/ph43jga3jgabmrLLjgZfjgYTjgajjgYTjgYbmg7PjgYTjgpLovrzjgoHjgabkvZzjgorjgb7jgZfjgZ/jgII8L3A+CiAgICAgICAgPHA+44Or44OT44O844CB44K144OV44Kh44Kk44Ki44Go44KC44Gr44OA44Kk44Ok44Oi44Oz44OJ44G444Gu55+z5pu/44GI44GM5Y+v6IO944Go44Gq44Gj44Gm44GK44KK44G+44GZ44CCPC9wPgogICAgPC9kaXY+CiAgICAgIDxpbWcgc3JjPSJodHRwOi8vaW1hZ2UucmFrdXRlbi5jby5qcC92aWVhbmdlL2NhYmluZXQvbG92ZXJzX3NjZW5lL2xzci9sc3IwNjU3XzAzLmpwZyIgd2lkdGg9IjY2MCIgaGVpZ2h0PSIzNjAiIC8+PC9kaXY+CiAgCiAgPGltZyBzcmM9Imh0dHA6Ly9pbWFnZS5yYWt1dGVuLmNvLmpwL3ZpZWFuZ2UvY2FiaW5ldC9sb3ZlcnNfc2NlbmUvbHNyL2xzcjA2NTBfMDYuZ2lmIiB3aWR0aD0iMzQ1IiBoZWlnaHQ9IjI3IiBjbGFzcz0iaW1nMTAiIC8+CiAgPHAgY2xhc3M9ImltZzIwIj7lvpPmnaXjga7jg5rjgqLjg6rjg7PjgrDjgafjgoLjgarjgY/jgIHjg57jg6rjg4Pjgrjjg6rjg7PjgrDjgafjgoLjgarjgYTjgI7mhJvjgajlhbHjgavnlJ/jgY3jgovjgI/jgajjgYTjgYbmlrDjgZ/jgarjgrPjg7Pjgrvjg5fjg4jjgaflibXjgonjgozjgZ/mlrDjgZ/jgarjgrjjg6Pjg7Pjg6vjga7mjIfovKrjgafjgZnjgILnnJ/lrp/jga7mhJvjgpLpoZjjgYbmgYvkurrjgZ/jgaHjgavotIjjgorjgb7jgZnigKbjgII8L3A+CiAgCiAgPGlmcmFtZSB3aWR0aD0iNjYwIiBzY3JvbGxpbmc9Im5vIiBoZWlnaHQ9IjQ3MCIgZnJhbWVib3JkZXI9IjAiIHNyYz0iaHR0cDovL3d3dy5yYWt1dGVuLm5lLmpwL2dvbGQvdmllYW5nZS9nZF9pZnJhbWUvTFNSMDY1N19pbi5odG1sIj48L2lmcmFtZT4KICA8aW1nIHNyYz0iaHR0cDovL2ltYWdlLnJha3V0ZW4uY28uanAvdmllYW5nZS9jYWJpbmV0L2xvdmVyc19zY2VuZS9sc3IvbHNyMDY1MF8xMi5naWYiIHdpZHRoPSI0MzUiIGhlaWdodD0iMjUiIGNsYXNzPSJpbWcyNSIgLz4KPGRpdiBjbGFzcz0iY2xlYXJmaXggaW1nNDAiPgogICAgIDxkaXYgY2xhc3M9Imdvb2RzXzEzMDVfMDJfbGVmdCI+PGltZyBzcmM9Imh0dHA6Ly9pbWFnZS5yYWt1dGVuLmNvLmpwL3ZpZWFuZ2UvY2FiaW5ldC9sb3ZlcnNfc2NlbmUvbHNyL2xzcjA2NTdfMDkuanBnIiB3aWR0aD0iNDAwIiBoZWlnaHQ9IjQwMCIgY2xhc3M9ImltZzA1IiAvPgogICAgIOOBiuWlveOBjeOBquODoeODg+OCu+ODvOOCuOOCkuWFpeOCjOOAgeS6jOS6uuOBoOOBkeOBruODmuOCouODquODs+OCsOOCkuOBpOOBj+OBo+OBpuOBv+OBpuOBr+OBqeOBhuOBp+OBmeOBi++8nzwvZGl2Pgo8ZGl2IGNsYXNzPSJnb29kc18xMzA1XzAyX3JpZ2h0Ij4KICAgICAgICA8cD5Mb3ZlcnMgJmFtcDsgUmluZ+OBruS4reOBp+OBr+OAgeS4reW/g+eahOOBquOCt+ODquODvOOCuuOAgjxiciAvPgogICAgICAgICAg56mP44KE44GL44Gr5rex44G+44Gj44Gm44KG44GP44GK5LqM5Lq644Gu57WG44GM44CB44GT44KM44GL44KJ44KC57aa44GP44GT44Go44G444Gu56WI44KK44KS6KiX44GZ4oCm44Gd44KT44Gq44Oa44Ki44Oq44Oz44Kw44KS44GK5o6i44GX44Gu44GK5LqM5Lq644Gr44Gv44OU44OD44K/44Oq44CCPGJyIC8+CiAgICAgICAg6LOq5oSf44O744OH44K244Kk44Oz44Go44KC44Oe44Oq44OD44K444Oq44Oz44Kw44Go44GX44Gm44KC5L2/55So5Y+v6IO944Gq44Kv44Kq44Oq44OG44Kj44KS56eY44KB44Gm44GE44G+44GZ44CCPC9wPgogICAgIDxpbWcgc3JjPSJodHRwOi8vaW1hZ2UucmFrdXRlbi5jby5qcC92aWVhbmdlL2NhYmluZXQvbG92ZXJzX3NjZW5lL2xzci9sc3IwNjU3XzEyLmpwZyIgY2xhc3M9ImltZzA1IiAvPgogICAg5YaF5YG044Gr44GK5YWl44KM44GZ44KL44Oh44OD44K744O844K444Gv4oCc54Sh5paZ44K144O844OT44K54oCd44Gn44GZPC9kaXY+CiAgPC9kaXY+CiAgCiAgPGltZyBzcmM9Imh0dHA6Ly9pbWFnZS5yYWt1dGVuLmNvLmpwL3ZpZWFuZ2UvY2FiaW5ldC9sb3ZlcnNfc2NlbmUvbHNyL2xzcjA2NTdfMTUuZ2lmIiB3aWR0aD0iNDU5IiBoZWlnaHQ9IjEzMCIgY2xhc3M9ImltZzI1IiAvPgo8ZGl2IGNsYXNzPSJjbGVhcmZpeCBpbWc0MCI+CiAgICAgPGRpdiBjbGFzcz0iZ29vZHNfMTMwNV8wM19sZWZ0Ij4KICAgICAgICA8cD7lpbPmgKfnlKjjgavjga/jg6vjg5Pjg7zjgpLjgIHnlLfmgKfnlKjjgavjga/jgrXjg5XjgqHjgqTjgqLjgpLjgYLjgZfjgonjgaPjgZ/jgrfjg7Pjg5fjg6vjgarjgYzjgonjgoLjgIHmtJfnt7TjgZXjgozjgZ/jg4fjgrbjgqTjg7Pjga7jg5rjgqLjg6rjg7PjgrA8L3A+CiAgICAgPGltZyBzcmM9Imh0dHA6Ly9pbWFnZS5yYWt1dGVuLmNvLmpwL3ZpZWFuZ2UvY2FiaW5ldC9sb3ZlcnNfc2NlbmUvbHNyL2xzcjA2NTdfMjAuanBnIiB3aWR0aD0iMjQ1IiBoZWlnaHQ9IjI0NSIgY2xhc3M9ImltZzA1IiAvPgogICAgICAgIOWkp+WIh+OBquS6uuOBqOOBruiomOW/teaXpeOChOOAgeODl+ODrOOCvOODs+ODiOOBq+acgOmBqeOBruODmuOCouODquODs+OCsCAgICAgPC9kaXY+CiAgPGRpdiBjbGFzcz0iZ29vZHNfMTMwNV8wM19yaWdodCI+CjxpbWcgc3JjPSJodHRwOi8vaW1hZ2UucmFrdXRlbi5jby5qcC92aWVhbmdlL2NhYmluZXQvbG92ZXJzX3NjZW5lL2xzci9sc3IwNjU3XzE5LmpwZyIgd2lkdGg9IjQwMCIgaGVpZ2h0PSI0MDAiIGNsYXNzPSJpbWcwNSIgLz4gICAg5aSJ6Imy44GX44Gr44GP44GP576O44GX44GE6Lyd44GP44KS5pS+44Gk44CB44OU44Oz44Kv44K044O844Or44OJ44Go44Ob44Ov44Kk44OI44K044O844Or44OJ44Gu44Oa44Ki44Oq44Oz44KwICAgICA8L2Rpdj4KICA8L2Rpdj4KICAKICA8aW1nIHNyYz0iaHR0cDovL2ltYWdlLnJha3V0ZW4uY28uanAvdmllYW5nZS9jYWJpbmV0L2xvdmVyc19zY2VuZS9sc3IvbHNyMDY1N18yNC5qcGciIHdpZHRoPSI2NjAiIGhlaWdodD0iMzY3IiBjbGFzcz0iaW1nNjAiIC8+CjxkaXYgY2xhc3M9InNwX2dvb2RzXzEzMDVfMDkiPgogICAgIDxkaXYgY2xhc3M9InNwX3RhbnBpbl9sZWZ0Ij48YSBocmVmPSJodHRwOi8vaXRlbS5yYWt1dGVuLmNvLmpwL3ZpZWFuZ2UvbHNyMDY1N3Jway1zd2cvIj48aW1nIHNyYz0iaHR0cDovL2ltYWdlLnJha3V0ZW4uY28uanAvdmllYW5nZS9jYWJpbmV0L2xvdmVyc19zY2VuZS9sc3IvbHNyMDY1N19wYWlyLmpwZyIgd2lkdGg9IjIzNSIgaGVpZ2h0PSIyMzUiIGNsYXNzPSJpbWcyMCIgLz48L2E+CiAgICAgICA8cD7jg5Tjg7Pjgq/jgrTjg7zjg6vjg4km44Ob44Ov44Kk44OI44K044O844Or44OJSzEw44Oa44Ki44Oq44Oz44KwCiAgICAgICA8L3A+CiAgICA8L2Rpdj4KICAgIDxkaXYgY2xhc3M9InNwX3RhbnBpbl9yaWdodCI+PGEgaHJlZj0iaHR0cDovL2l0ZW0ucmFrdXRlbi5jby5qcC92aWVhbmdlL2xzcjA2NTdzd2cvIj48aW1nIHNyYz0iaHR0cDovL2ltYWdlLnJha3V0ZW4uY28uanAvdmllYW5nZS9jYWJpbmV0L2xvdmVyc19zY2VuZS9sc3IvbHNyMDY1N18yOS5qcGciIHdpZHRoPSIyMzUiIGhlaWdodD0iMjM1IiBjbGFzcz0iaW1nMjAiIC8+PC9hPgogICAgICA8cD5LMTDjg5vjg6/jgqTjg4jjgrTjg7zjg6vjg4njg6rjg7PjgrA8YnIgLz4KICAgICAg57SEMi4wbW3Dl+e0hDEuNW1t77yI5bmFw5fljprjgb/vvIk8L3A+CiAgICA8L2Rpdj4KICA8L2Rpdj4KCjxkaXYgY2xhc3M9ImNhXzAxIj4KPGltZyBzcmM9Imh0dHA6Ly9pbWFnZS5yYWt1dGVuLmNvLmpwL3ZpZWFuZ2UvY2FiaW5ldC93cmFwcGluZy93cmFwcGluZ190aXRsZS5qcGciIGFsdD0i44Op44OD44OU44Oz44KwIj4KCjxicj48YnI+PGJyPgoKPHRhYmxlIGJvcmRlcj0iMCIgd2lkdGg9IjY2MHB4Ij4KPHRyPgo8dGQ+CjxpbWcgc3JjPSJodHRwOi8vaW1hZ2UucmFrdXRlbi5jby5qcC92aWVhbmdlL2NhYmluZXQvd3JhcHBpbmcvbHJfd3JhcF8wMV8xLmpwZyIgYWx0PSJMb3ZlcnMmUmluZ+OAgOmAmuW4uOODqeODg+ODlOODs+OCsCI+CjwvdGQ+Cjx0ZD4KPGltZyBzcmM9Imh0dHA6Ly9pbWFnZS5yYWt1dGVuLmNvLmpwL3ZpZWFuZ2UvY2FiaW5ldC93cmFwcGluZy9scl93cmFwXzAyLmpwZyIgYWx0PSJMb3ZlcnMmUmluZ+OAgOOCqOOCs+ODqeODg+ODlOODs+OCsCI+CjwvdGQ+Cjx0ZD4KPGEgIGhyZWY9Imh0dHA6Ly9pdGVtLnJha3V0ZW4uY28uanAvdmllYW5nZS9jLzAwMDAwMDA3ODIvIj48aW1nIHNyYz0iaHR0cDovL2ltYWdlLnJha3V0ZW4uY28uanAvdmllYW5nZS9jYWJpbmV0L3dyYXBwaW5nL2xyX3dyYXBfMDMuanBnIiBhbHQ9IkxvdmVycyZSaW5n44CA44K544Oa44K344Oj44Or44Op44OD44OU44Oz44KwIj48L2E+CjwvdGQ+CjwvdHI+CjwvdGFibGU+CjxpbWcgc3JjPSJodHRwOi8vaW1hZ2UucmFrdXRlbi5jby5qcC92aWVhbmdlL2NhYmluZXQvd3JhcHBpbmcva2lraW4uanBnIiBhbHQ9IuWkqeS9v+OBruWNteWfuumHkSI+Cgo8YSAgaHJlZj0iaHR0cDovL2l0ZW0ucmFrdXRlbi5jby5qcC92aWVhbmdlL2MvMDAwMDAwMDc5MS8iPgo8aW1nIHNyYz0iaHR0cDovL2ltYWdlLnJha3V0ZW4uY28uanAvdmllYW5nZS9jYWJpbmV0L3dyYXBwaW5nL2xyX2NhcmQuanBnIiBhbHQ9IuODoeODg+OCu+ODvOOCuOOCq+ODvOODiSI+PC9hPgoKPGltZyAKc3JjPSJodHRwOi8vaW1hZ2UucmFrdXRlbi5jby5qcC92aWVhbmdlL2NhYmluZXQvY2FtcGFpZ24vbm9iZV9sc182NjAuanBnIiB3aWR0aD0iNjYwIiBoaWdodD0iMjAwIiBhbHQ9IuODqeODkOODvOOCuuODquODs+OCsCDjg47jg5njg6vjg4bjgqMiPjxicj48YnI+PGJyPgo8L2Rpdj4KICAKICA8aW1nIHNyYz0iaHR0cDovL2ltYWdlLnJha3V0ZW4uY28uanAvdmllYW5nZS9jYWJpbmV0L3BhcnRzL2xzcjA2NTBfMzkuZ2lmIiBjbGFzcz0iaW1nMjAiIC8+CiAgPHAgY2xhc3M9ImltZzE1Ij7jg6rjg7PjgrDjgpLnnYDjgZHjgojjgYbjgajogIPjgYjjgabjgYTjgovmjIfjga7kuIDnlarlpKrjgYTpg6jliIbjgavns7jjgarjganjgpLlt7vjgYTjgabjgIHvvJHlkajliIbjga7mvJTnv5Ljga7plbfjgZXjgpLlm7Pjgorjgb7jgZnjgII8YnIgLz4KICDjgZPjga7muKzjgormlrnjga/jgYLjgY/jgb7jgafnsKHmmJPnmoTjgaroqIjmuKzmlrnms5XjgafjgZnjga7jgafjgIHmraPnorrjgavjgrXjgqTjgrrjgpLmuKzjgovjgavjga/jgIHjgYrov5HjgY/jga7jgqLjgq/jgrvjgrXjg6rjg7zjgrfjg6fjg4Pjg5fjgarjganjgafjgIHjgI7jg6rjg7PjgrDjgrLjg7zjgrjjgI/jgpLkvb/nlKjjgZfjgaboqIjmuKzjgZfjgabkuIvjgZXjgYTjgII8L3A+CiAgPGltZyBzcmM9Imh0dHA6Ly9pbWFnZS5yYWt1dGVuLmNvLmpwL3ZpZWFuZ2UvY2FiaW5ldC9wYXJ0cy9sc3IwNjUwXzQxLmdpZiIgd2lkdGg9IjY2MCIgaGVpZ2h0PSIxNjciIGNsYXNzPSJpbWc2MCIgLz4KICA8aW1nIHNyYz0iaHR0cDovL2ltYWdlLnJha3V0ZW4uY28uanAvdmllYW5nZS9jYWJpbmV0L3BhcnRzL2xzcjA2NTBfNDguZ2lmIiBjbGFzcz0iaW1nMjAiIC8+CiAgPHAgY2xhc3M9ImltZzIwIj7jgZTluIzmnJvjga7mlrnjgavjga/jgIHjg6rjg7PjgrDjga7lhoXlgbTjgavjg6Hjg4Pjgrvjg7zjgrjjgoTjgYrlkI3liY3jgarjganjgpLnhKHmlpnjgafliLvljbAo5paH5a2X5YWl44KMKeOBleOBm+OBpuOBhOOBn+OBoOOBjeOBvuOBmeOAgjwvcD4KICAgIAogICAgPGRpdiBjbGFzcz0iY2xlYXJmaXggZ29vZHNfMTMwNV8wNSI+CiAgICAgICA8ZGl2PgogICAgICAgICA8cCBjbGFzcz0iaW1nMjUiPuKXhuabuOS9k+OBr+ODluODreODg+OCr+S9k+OBi+ethuiomOS9k+OBruOBhOOBmuOCjOOBi+OCkuOBiumBuOOBs+OBhOOBn+OBoOOBkeOBvuOBmeOAgjwvcD4KICAgICAgICAg4peG5L2144Gb44Gm5pif5bqn44Oe44O844Kv44O75LiA6YOo44Gu57W15paH5a2X44GM5Yi75Y2w5Y+v6IO944Gn44GZ44CC5L2/55So5Y+v6IO944Gq6KiY5Y+344O757W15paH5a2X44Gr6Zai44GX44G+44GX44Gm44Gv44CB5LiL6KiY44Gr5o6y56S644GV44KM44Gm44GE44G+44GZ5pu45L2T6KaL5pys44KS44GU5Y+C54Wn6aGY44GE44G+44GZ44CCCiAgICAgIDwvZGl2PgogICAgICAgPGltZyBzcmM9Imh0dHA6Ly9pbWFnZS5yYWt1dGVuLmNvLmpwL3ZpZWFuZ2UvY2FiaW5ldC9wYXJ0cy9sc3IwNjUwXzUyYS5qcGciIC8+ICA8L2Rpdj4KICAgIAogICAgPGltZyBzcmM9Imh0dHA6Ly9pbWFnZS5yYWt1dGVuLmNvLmpwL3ZpZWFuZ2UvY2FiaW5ldC9wYXJ0cy9sc3IwNjUwXzU0LmpwZyIgY2xhc3M9ImltZzA1IiAvPgogICAgCiAgPHAgc3R5bGU9ImZvbnQtc2l6ZTogMTRweDsiIGNsYXNzPSJpbWcyMCI+4oC744GT44Gh44KJ44Gu5ZWG5ZOB44Gr5YWl44KM44KJ44KM44KL5Yi75Y2w5paH5a2X5pWw44GvPHNwYW4gc3R5bGU9ImNvbG9yOiAjRkYwMDY2Ij4yNeaWh+Wtl+OBvuOBpzwvc3Bhbj7jgafjgZnjgII8L3A+CiAgICA8cCBjbGFzcz0iaW1nMTAiPuOBk+OBruWVhuWTgeOBr+OAgeOCouODq+ODleOCoeODmeODg+ODiOWkp+aWh+Wtl+ODu+iLseaVsOWtl+WQiOOCj+OBm+OBpjxzcGFuIHN0eWxlPSJjb2xvcjogI0ZGMDA2NiI+MjXmloflrZfjgb7jgafliLvljbDlj6/og708L3NwYW4+44Gn44GZ44CC6KiY5Y+344CB44K544Oa44O844K544CB44Oe44O844Kv44Gq44Gp44KC77yR5paH5a2X5YiG44Go44GX44Gm44Kr44Km44Oz44OI44GV44KM44G+44GZ44CC44Oe44O844Kv44O757W15paH5a2X44KS44GU6KiY5YWl44Gu5aC05ZCI44Gv44CB5pu45L2T6KaL5pys44Gr6KiY6LyJ44GV44KM44Gm44GE44KL44Oe44O844Kv44Gu5Li455Wq5Y+344KS5Yi75Y2w5L2N572u44Gr44GU6KiY5YWl6aGY44GE44G+44GZ44CCPC9wPgogICAgCiAgPGRpdiBjbGFzcz0iZ29vZHNfMTMwNV8wNiI+CiAgPHA+44OX44Or44OA44Km44Oz44O744Oh44OL44Ol44O844GL44KJ44GU5biM5pyb44Gu5pu45L2T44KS44GK6YG444Gz44GP44Gg44GV44GE44CC5rOo5paH55S76Z2i44Gu44CM44GK5bqX44G444Gu44Oh44OD44K744O844K444CN5qyE44Gr5Yi75Y2w5YaF5a6544KS44GU6KiY5YWl44GP44Gg44GV44GE44CC5ZWG5ZOB44KSMuWAi+S7peS4iuWQjOaZguOBq+OBiuiyt+OBhOaxguOCgeOBhOOBn+OBoOOBhOOBn+WgtOWQiOOBr+OAgeWIu+WNsOWvvuixoeWVhuWTgeOBjOOCj+OBi+OCi+OCiOOBhuOAgeWVhuWTgeeVquWPt+OCguOBlOS9teiomOmhmOOBhOOBvuOBmeOAgjwvcD48L2Rpdj4KICAgIAogICAgPHAgY2xhc3M9ImltZzUwIiBhbGlnbj0iY2VudGVyIj48aW1nIHNyYz0iaHR0cDovL2ltYWdlLnJha3V0ZW4uY28uanAvdmllYW5nZS9jYWJpbmV0L3BhcnRzL2xzcjA2NTBfNTkuanBnIiB3aWR0aD0iNTg0IiBoZWlnaHQ9IjI1MCIgLz48L3A+CiAgICAKPGltZyBzcmM9Imh0dHA6Ly9pbWFnZS5yYWt1dGVuLmNvLmpwL3ZpZWFuZ2UvY2FiaW5ldC9wYXJ0cy9sc3IwNjUwXzYyLmdpZiIgY2xhc3M9ImltZzEwIiAvPgo8ZGl2IGNsYXNzPSJnb29kc18xMzA1XzA3IGltZzQwIj4KICAgICAgIDxwIGNsYXNzPSJpbWcyMCI+5LiH44GM5LiA44GK5a6i5qeY44Gu44GK5omL5YWD44Gr5bGK44GE44Gf5ZWG5ZOB44Gu44K144Kk44K644GM5ZCI44KP44Ga44CB5LuW44Gu44K144Kk44K644G444Gu5aSJ5pu044KS44GU5biM5pyb44Gu5aC05ZCI44Gr44Gv44CB5pyq5L2/55So44Gu5ZOB44Gr6ZmQ44KK44K144Kk44K655u044GX44CB44G+44Gf44Gv44K144Kk44K65Lqk5o+b44KS5om/44KK44G+44GZ44CC5b+F44Ga5ZWG5ZOB5Yiw552A5b6MMemAsemWk+S7peWGheOBq+OBlOmAo+e1oeOBhOOBn+OBoOOBjeOBvuOBmeOCiOOBhuOBiumhmOOBhOeUs+OBl+S4iuOBkuOBvuOBmeOAgjwvcD4KICAgICAgIDxwIGNsYXNzPSJpbWcyMCI+4peG5ZWG5ZOB5Yiw552A5b6MMemAsemWk+S7peWGheOBq+OBlOmAo+e1oeOBhOOBn+OBoOOBkeOBquOBi+OBo+OBn+WgtOWQiOOChOOAgeWVhuWTgeOBq+iRl+OBl+OBhOS9v+eUqOeXleOBquOBqeOBjOOBguOCi+WgtOWQiOOBq+OBr+OCteOCpOOCuuWkieabtOODu+S6pOaPm+OCkuaJv+OCiuOBi+OBreOCi+OBk+OBqOOCguOBlOOBluOBhOOBvuOBmeOBruOBp+OBlOS6huaJv+mhmOOBhOOBvuOBmeOAgjwvcD4KICAgICAgIDxwIGNsYXNzPSJpbWcyMCI+4peG5ZWG5ZOB5Y+X44GR5rih44GX44Gr6Zai44KP44KL5b6A5b6p44Gu6YCB5paZ44Gv44CB44GK5a6i5qeY44Gu44GU6LKg5ouF44Go44Gq44KK44G+44GZ44CCPC9wPgogICAgICAgPHAgY2xhc3M9ImltZzIwIj7il4bllYblk4HjgavliLvljbDjgpLlhaXjgozjgabjgYTjgovloLTlkIjjgoToo4/nn7PjgpLnlZnjgoHjgabjgYTjgovloLTlkIjjga/jgIHkuqTmj5vmiYvmlbDmlpnjgYzliKXpgJTnmbrnlJ/jgYTjgZ/jgZfjgb7jgZnjgILjgb7jgZ/jgIHopo/lrprlpJbjgrXjgqTjgrrjgavplqLjgo/jgovjgrXjgqTjgrrlpInmm7Tjga/jgrXjgqTjgrrlt67poY3mlpnjgYzliKXpgJTnmbrnlJ/jgYTjgZ/jgZfjgb7jgZnjgILoqbPntLDjgavplqLjgZfjgb7jgZfjgabjga/jgIHjgZPjgaHjgonjga7jgIzliJ3mnJ/jgrXjgqTjgrrlpInmm7Tjga7nm67lronjgI3jgpLjgZTlj4Lnhafjga7jgYbjgYjjgIHjg6Hjg7zjg6vjgavjgabjgYrllY/jgYTlkIjjgo/jgZvpoZjjgYTjgb7jgZnjgII8L3A+CiAgICAgICDil4bmnKzjgrXjg7zjg5Pjgrnjga7pgannlKjjga/jgIHliJ3lm57pmZDjgorjgajjgZXjgZvjgabjgYTjgZ/jgaDjgY3jgb7jgZnjgIIKICA8L2Rpdj4KICAKICA8aW1nIHNyYz0iaHR0cDovL2ltYWdlLnJha3V0ZW4uY28uanAvdmllYW5nZS9jYWJpbmV0L3BhcnRzL2xzcjA2NTBfNjUuZ2lmIiBjbGFzcz0iaW1nMTAiIC8+CiAgCjxkaXYgY2xhc3M9Imdvb2RzXzEzMDVfMDcgaW1nNDAiPgogICAgICAgPHAgY2xhc3M9ImltZzIwIj48c3BhbiBzdHlsZT0iZm9udC1zaXplOiAxNHB4OyBmb250LXdlaWdodDogYm9sZCI+44CQ44Os44OH44Kj44O844K544CRPC9zcGFuPjxiciAvPgogICAgICAg5Y+v6IO9Lyst77yS5Y+3PGJyIC8+ICAgICAgIOKAu+OBlOizvOWFpeW+jOOAgeOBlOS9v+eUqOOBq+OBquOCieOCjOOBn+WVhuWTgeOBruOCteOCpOOCuuebtOOBl+OBr+OBmeOBueOBpuacieaWmeOBq+OBpuaJv+OCiuOBvuOBmeOAguOBn+OBoOOBl+OAgeebtOOBl+W5heOCkui2heOBiOOCi+OCteOCpOOCuuebtOOBl+OBr+OBiuWPl+OBkeOBp+OBjeOBquOBhOOBk+OBqOOCguOBlOOBluOBhOOBvuOBmeOBruOBp+OAgeOBlOizvOWFpeOBrumam+OBr+OAgeOCteOCpOOCuuOCkuOCiOOBj+OBiueiuuOBi+OCgeOBhOOBn+OBoOOBj+OCiOOBhuOBiumhmOOBhOeUs+OBl+S4iuOBkuOBvuOBmeOAguips+OBl+OBj+OBr+ODoeODvOODq+OBq+OBpuOBiuWVj+OBhOWQiOOCj+OBm+mhmOOBhOOBvuOBmeOAgjwvcD4KICAgICAgIDxwIGNsYXNzPSJpbWcyMCI+PHNwYW4gc3R5bGU9ImZvbnQtc2l6ZTogMTRweDsgZm9udC13ZWlnaHQ6IGJvbGQiPuOAkOODoeODs+OCuuOAkTwvc3Bhbj48YnIgLz4KICAgICAgIOWPr+iDvS8t77yS5Y+3PGJyIC8+CuKAu+OBlOizvOWFpeW+jOOAgeOBlOS9v+eUqOOBq+OBquOCieOCjOOBn+WVhuWTgeOBruOCteOCpOOCuuebtOOBl+OBr+OBmeOBueOBpuacieaWmeOBq+OBpuaJv+OCiuOBvuOBmeOAguOBn+OBoOOBl+OAgeebtOOBl+W5heOCkui2heOBiOOCi+OCteOCpOOCuuebtOOBl+OBr+OBiuWPl+OBkeOBp+OBjeOBquOBhOOBk+OBqOOCguOBlOOBluOBhOOBvuOBmeOBruOBp+OAgeOBlOizvOWFpeOBrumam+OBr+OAgeOCteOCpOOCuuOCkuOCiOOBj+OBiueiuuOBi+OCgeOBhOOBn+OBoOOBj+OCiOOBhuOBiumhmOOBhOeUs+OBl+S4iuOBkuOBvuOBmeOAguips+OBl+OBj+OBr+ODoeODvOODq+OBq+OBpuOBiuWVj+OBhOWQiOOCj+OBm+mhmOOBhOOBvuOBmeOAgjwvcD4KICA8L2Rpdj4KICAKICA8aW1nIHNyYz0iaHR0cDovL2ltYWdlLnJha3V0ZW4uY28uanAvdmllYW5nZS9jYWJpbmV0L3BhcnRzL2xzcjA2NTBfNjguZ2lmIiBjbGFzcz0iaW1nMzAiIC8+PC9kaXY+Cgo8L2Rpdj48aHI+Cgo8dGFibGUgd2lkdGg9IjM5MCIgYm9yZGVyPSIwIj4KICA8dHI+CiAgICA8dGQgd2lkdGg9Ijg5Ij4mbmJzcDs8L3RkPgogICAgPHRkIHdpZHRoPSIyOTEiPiZuYnNwOzwvdGQ+CiAgPC90cj4KICA8dHI+CiAgICA8dGQ+PGZvbnQgY29sb3I9IzY5Njk2OSBzaXplPSIyIj7ilqDjgIDntKDmnZDjgIDilqA8L2ZvbnQ+PC90ZD4KICAgIDx0ZD4mbmJzcDs8L3RkPgogIDwvdHI+CjwvdGFibGU+Cgo8dGFibGUgd2lkdGg9IjM5MCIgYm9yZGVyPSIwIj4KICA8dHI+CiAgICA8dGQgd2lkdGg9Ijg5Ij48ZGl2IGFsaWduPSJyaWdodCI+PGZvbnQgY29sb3I9IiM2OTY5NjkiIHNpemU9IjIiPuODrOODh+OCo+ODvOOCue+8mjwvZm9udD48L2Rpdj48L3RkPgogICAgPHRkIHdpZHRoPSIyOTEiPjxmb250IGNvbG9yPSM2OTY5Njkgc2l6ZT0iMiI+SzEwKOODlOODs+OCr+OCtOODvOODq+ODie+8iS/jg6vjg5Pjg7w8L2ZvbnQ+PC90ZD4KICA8L3RyPgogPC90YWJsZT4KCjx0YWJsZSB3aWR0aD0iMzkwIiBib3JkZXI9IjAiPgogIDx0cj4KICAgIDx0ZD48Zm9udCBjb2xvcj0jNjk2OTY5IHNpemU9IjIiPuKWoCDlpKfjgY3jgZUobW0pIOKWoDwvZm9udD48L3RkPgogIDwvdHI+CjwvdGFibGU+Cjx0YWJsZSB3aWR0aD0iMzkwIiBib3JkZXI9IjAiPgogIDx0cj4KICAgIDx0ZCB3aWR0aD0iODkiPiZuYnNwOzwvdGQ+CiAgICA8dGQgd2lkdGg9IjI5MSI+PGZvbnQgY29sb3I9IzY5Njk2OSBzaXplPSIyIj7luYXntIQxLjnDl+WOmuOBv+e0hDEuMCjlkITvvIk8L2ZvbnQ+PC90ZD4KICA8L3RyPgogIDx0cj4KICAgIDx0ZD4mbmJzcDs8L3RkPgogICAgPHRkPiZuYnNwOzwvdGQ+CiAgPC90cj4KPC90YWJsZT4KPHRhYmxlIHdpZHRoPSIzOTAiIGJvcmRlcj0iMCI+CiAgPHRyPgogICAgPHRkIHdpZHRoPSI4OSI+PGZvbnQgY29sb3I9IzY5Njk2OSBzaXplPSIyIj7ilqDjgIDph43ph4/jgIDilqA8L2ZvbnQ+PC90ZD4KICAgIDx0ZCB3aWR0aD0iMjkxIj4mbmJzcDs8L3RkPgogIDwvdHI+CjwvdGFibGU+Cjx0YWJsZSB3aWR0aD0iMzkwIiBib3JkZXI9IjAiPgogIDx0cj4KICAgIDx0ZCB3aWR0aD0iODkiPiZuYnNwOzwvdGQ+CiAgICA8dGQgd2lkdGg9IjI5MSI+PGZvbnQgY29sb3I9IzY5Njk2OSBzaXplPSIyIj7ntIQxLjJnKOWQhO+8iTwvZm9udD48L3RkPgogIDwvdHI+CiAgPHRyPgogICAgPHRkPiZuYnNwOzwvdGQ+CiAgICA8dGQ+PGZvbnQgY29sb3I9IiMwMDk5RkYiIHNpemU9IjEiPuKAu+Wkp+OBjeOBleODu+mHjeOBleOBq+OBr+WkmuWwkeOBruWAi+S9k+W3ruOBjOeUn+OBmOOBvuOBmTwvZm9udD48L3RkPgogIDwvdHI+CjwvdGFibGU+Cjx0YWJsZSB3aWR0aD0iMzkwIiBib3JkZXI9IjAiPgogIDx0cj4KICAgIDx0ZCB3aWR0aD0iODgiIGhlaWdodD0iMTUiPjxmb250IGNvbG9yPSM2OTY5Njkgc2l6ZT0iMiI+4pag6KaP5a6a44K144Kk44K64pagPC9mb250PjwvdGQ+CiAgICA8dGQgd2lkdGg9IjI5MiI+Jm5ic3A7PC90ZD4KICA8L3RyPgo8L3RhYmxlPgo8dGFibGUgd2lkdGg9IjM5MCIgYm9yZGVyPSIwIj4KICA8dHI+CiAgICA8dGQgd2lkdGg9Ijg5IiBoZWlnaHQ9IjUxIj4mbmJzcDs8L3RkPgogICAgPHRkIHdpZHRoPSIyOTEiPjxmb250IGNvbG9yPSM2OTY5Njkgc2l6ZT0iMiI+NeWPt+OBi+OCiTIz5Y+344G+44GnPGJyPgrigLsyNOWPt+S7peS4iuOBruOCteOCpOOCuuOBr+WIpemAlOaWmemHkeOBjOeZuueUn+OBhOOBn+OBl+OBvuOBmeOAguOBvuOBn+OAgee0jeacn+OBjDHpgLHplpPjgbvjganplbfjgY/jgarjgorjgb7jgZnjgII8YnI+Cjxicj4K4oC7NOWPt+S7peS4i+OBruOCteOCpOOCuuOBruWgtOWQiOOAgei/veWKoOaWmemHkeOBr+eZuueUn+OBhOOBn+OBl+OBvuOBm+OCk+OBjOOAgTxmb250IGNvbG9yPSIjMDA5OUZGIj7ntI3mnJ/jgYwx6YCx6ZaT77yIN+WWtualreaXpe+8ieOBu+OBqeWKoOeul+OBleOCjOOBvuOBmTwvZm9udD7jgII8YnI+Cjxicj4K4peG6KaP5a6a5aSW44K144Kk44K644Gu44Kq44O844OA44O85pa55rOV4peGPGJyPgo8YnI+CuOCteOCpOOCuuOBruODl+ODq+ODgOOCpuODs+ODoeODi+ODpeODvOOCiOOCiu+8nOS4iuiomOS7peWklu+8nuOCkuOBlOmBuOaKnuS4i+OBleOBhOOAguazqOaWh+eUu+mdouOBrumAmuS/oeashOOBq+OBlOW4jOacm+OBruOCteOCpOOCuuOCkuOBlOaYjuiomOOBj+OBoOOBleOBhOOAguW9k+aWueOBq+OBpuW3rumhjeOCkueul+WHuuOBruOBhuOBiOOAgeOBiuWuouanmOOBq+OBlOmAo+e1oeOBhOOBn+OBl+OBvuOBmeOAguOBiuWuouanmOOBruOBlOS6huaJv+OCkuOBhOOBn+OBoOOBhOOBn+aZgueCueOBp+OAgeW9k+aWueOBq+OBpui/veWKoOaWmemHkeOCkuWKoOeul+OBl+OBpuOAgeOBlOiri+axgue3j+mhjeOCkuWkieabtOOBleOBm+OBpuOBhOOBn+OBoOOBjeOBvuOBmeOAggo8L2ZvbnQ+PC90ZD4KICA8L3RyPgogIDx0cj4KICAgIDx0ZD4mbmJzcDs8L3RkPgogICAgPHRkPiZuYnNwOzwvdGQ+CiAgPC90cj4KPC90YWJsZT4KPHRhYmxlIHdpZHRoPSIzOTAiIGJvcmRlcj0iMCI+CiAgPHRyPgogICAgPHRkIHdpZHRoPSIyMTEiPjxmb250IGNvbG9yPSM2OTY5Njkgc2l6ZT0iMiI+4pagIOWIu+WNsOWPr+iDveaWh+Wtl+aVsCAv44OV44Kp44Oz44OI44K144Kk44K6IOKWoDwvZm9udD48L3RkPgogICAgPHRkIHdpZHRoPSIxNjkiPiZuYnNwOzwvdGQ+CiAgPC90cj4KPC90YWJsZT4KPHRhYmxlIHdpZHRoPSIzOTAiIGJvcmRlcj0iMCI+CiAgPHRyPgogICAgPHRkIHdpZHRoPSI4OSI+Jm5ic3A7PC90ZD4KICAgIDx0ZCB3aWR0aD0iMjkxIj48Zm9udCBjb2xvcj0jNjk2OTY5IHNpemU9IjIiPjI15paH5a2XIC8g5LiA5paH5a2X57SEMC45772N772N5aSnPC9mb250PjwvdGQ+CiAgPC90cj4KICA8dHI+CiAgICA8dGQ+Jm5ic3A7PC90ZD4KICAgIDx0ZD4mbmJzcDs8L3RkPgogIDwvdHI+CjwvdGFibGU+Cjx0YWJsZSB3aWR0aD0iMzkwIiBib3JkZXI9IjAiPgogIDx0cj4KICAgIDx0ZCB3aWR0aD0iMjExIj48Zm9udCBjb2xvcj0jNjk2OTY5IHNpemU9IjIiPuKWoCDoo4/nn7PlhaXjgozjgqrjg5fjgrfjg6fjg7PilqA8L2ZvbnQ+PC90ZD4KICAgIDx0ZCB3aWR0aD0iMTY5Ij4mbmJzcDs8L3RkPgogIDwvdHI+CjwvdGFibGU+Cjx0YWJsZSB3aWR0aD0iMzkwIiBib3JkZXI9IjAiPgogIDx0cj4KICAgIDx0ZCB3aWR0aD0iODkiPiZuYnNwOzwvdGQ+CiAgICA8dGQgd2lkdGg9IjI5MSI+PGZvbnQgY29sb3I9IzY5Njk2OSBzaXplPSIyIj7lr77lv5zkuI3lj688L2ZvbnQ+PC90ZD4KICA8L3RyPgogIDx0cj4KICAgIDx0ZD4mbmJzcDs8L3RkPgogICAgPHRkPiZuYnNwOzwvdGQ+CiAgPC90cj4KPC90YWJsZT4KPHRhYmxlIHdpZHRoPSIzOTAiIGJvcmRlcj0iMCI+CiAgPHRyPgogICAgPHRkIHdpZHRoPSIzMzIiPjxmb250IGNvbG9yPSM2OTY5Njkgc2l6ZT0iMiI+4pag5pyq5L2/55So5ZOB44Gu44K144Kk44K65aSJ5pu077yI5Yid5pyf44K144Kk44K65aSJ5pu077yJ44Gr44Gk44GE44Gm4pagPC9mb250PjwvdGQ+CiAgICA8dGQgd2lkdGg9IjQ4Ij4mbmJzcDs8L3RkPgogIDwvdHI+CjwvdGFibGU+Cjx0YWJsZSB3aWR0aD0iMzkwIiBib3JkZXI9IjAiPgogIDx0cj4KICAgIDx0ZCB3aWR0aD0iODkiIGhlaWdodD0iNTEiPiZuYnNwOzwvdGQ+CiAgICA8dGQgd2lkdGg9IjI5MSI+PGZvbnQgY29sb3I9IiM2OTY5NjkiIHNpemU9IjIiPjxicj7kuIfjgYzkuIDjgYrlrqLmp5jjga7jgYrmiYvlhYPjgavlsYrjgYTjgZ/llYblk4Hjga7jgrXjgqTjgrrjgYzlkIjjgo/jgZrjgIHku5bjga7jgrXjgqTjgrrjgbjjga7lpInmm7TjgpLjgZTluIzmnJvjga7loLTlkIjjgavjga/jgIE8Zm9udCBjb2xvcj0iIzAwOTlGRiI+5pyq5L2/55So44Gu5ZOB44Gr6ZmQ44KKPC9mb250PuOCteOCpOOCuuebtOOBl+OAgeOBvuOBn+OBr+OCteOCpOOCuuS6pOaPm+OCkuaJv+OCiuOBvuOBmeOAguW/heOBmjxmb250IGNvbG9yPSIjMDA5OUZGIj7llYblk4HliLDnnYDlvowx6YCx6ZaT5Lul5YaFPC9mb250PuOBq+OBlOmAo+e1oeOBhOOBn+OBoOOBjeOBvuOBmeOCiOOBhuOBiumhmOOBhOeUs+OBl+S4iuOBkuOBvuOBmeOAgjxicj4KICAgICAgPGJyPgril4bllYblk4HliLDnnYDlvowx6YCx6ZaT5Lul5YaF44Gr44GU6YCj57Wh44GE44Gf44Gg44GR44Gq44GL44Gj44Gf5aC05ZCI44KE44CB5ZWG5ZOB44Gr6JGX44GX44GE5L2/55So55eV44Gq44Gp44GM44GC44KL5aC05ZCI44Gr44Gv44K144Kk44K65aSJ5pu044O75Lqk5o+b44KS5om/44KK44GL44Gt44KL44GT44Go44KC44GU44GW44GE44G+44GZ44Gu44Gn44GU5LqG5om/6aGY44GE44G+44GZ44CCPGJyPjxicj4K4peG5ZWG5ZOB5Y+X44GR5rih44GX44Gr6Zai44KP44KL5b6A5b6p44Gu6YCB5paZ44Gv44CB44GK5a6i5qeY44Gu44GU6LKg5ouF44Go44Gq44KK44G+44GZ44CCPGJyPjxicj4K4peG5ZWG5ZOB44GrPGZvbnQgY29sb3I9IiMwMDk5RkYiPuWIu+WNsOOCkuWFpeOCjOOBpuOBhOOCi+WgtOWQiDwvZm9udD7jgoQ8Zm9udCBjb2xvcj0iIzAwOTlGRiI+6KOP55+z44KS55WZ44KB44Gm44GE44KL5aC05ZCIPC9mb250PuOBr+OAgeS6pOaPm+aJi+aVsOaWmeOBjOWIpemAlOeZuueUn+OBhOOBn+OBl+OBvuOBmeOAguOBvuOBn+OAgeimj+WumuWkluOCteOCpOOCuuOBq+mWouOCj+OCi+OCteOCpOOCuuWkieabtOOBr+OCteOCpOOCuuW3rumhjeaWmeOBjOWIpemAlOeZuueUn+OBhOOBn+OBl+OBvuOBmeOAguips+e0sOOBq+mWouOBl+OBvuOBl+OBpuOBr+OAgeOBk+OBoeOCieOBruOAjOWIneacn+OCteOCpOOCuuWkieabtOOBruebruWuieOAjeOCkuOBlOWPgueFp+OBruOBhuOBiOOAgeODoeODvOODq+OBq+OBpuOBiuWVj+OBhOWQiOOCj+OBm+mhmOOBhOOBvuOBmeOAgjxicj48YnI+CuKXhuacrOOCteODvOODk+OCueOBrumBqeeUqOOBr+OAgeWIneWbnumZkOOCiuOBqOOBleOBm+OBpuOBhOOBn+OBoOOBjeOBvuOBmeOAggo8L2ZvbnQ+PC90ZD4KICA8L3RyPgogIDx0cj4KICAgIDx0ZCBoZWlnaHQ9IjE1Ij4mbmJzcDs8L3RkPgogICAgPHRkPiZuYnNwOzwvdGQ+CiAgPC90cj4KPC90YWJsZT4KPHRhYmxlIHdpZHRoPSIzOTAiIGJvcmRlcj0iMCI+CiAgPHRyPgogICAgPHRkIHdpZHRoPSIzMjIiPjxmb250IGNvbG9yPSM2OTY5Njkgc2l6ZT0iMiI+4pag44GU5L2/55So44Gr44Gq44KJ44KM44Gf5ZWG5ZOB44Gu44K144Kk44K655u044GX44Gu5Y+v5ZCmL+ebtOOBl+W5heKWoDwvZm9udD48L3RkPgogICAgPHRkIHdpZHRoPSI1OCI+Jm5ic3A7PC90ZD4KICA8L3RyPgo8L3RhYmxlPgo8dGFibGUgd2lkdGg9IjM5MCIgYm9yZGVyPSIwIj4KICA8dHI+CiAgICA8dGQgd2lkdGg9Ijg4Ij48ZGl2IGFsaWduPSJyaWdodCI+PGZvbnQgY29sb3I9IiM2OTY5NjkiIHNpemU9IjIiPuODrOODh+OCo+ODvOOCue+8mjwvZm9udD48L2Rpdj4KICAgIDwvdGQ+CiAgICA8dGQgd2lkdGg9IjI5MiI+PGZvbnQgY29sb3I9IzY5Njk2OSBzaXplPSIyIj7lj6/og70vKy3vvJLlj7c8L2ZvbnQ+PC90ZD4KICA8L3RyPgogIDx0cj4KICAgIDx0ZD4mbmJzcDs8L3RkPgogICAgPHRkPjxmb250IGNvbG9yPSM2OTY5Njkgc2l6ZT0iMiI+4oC744GU6LO85YWl5b6M44CB44GU5L2/55So44Gr44Gq44KJ44KM44Gf5ZWG5ZOB44Gu44K144Kk44K655u044GX44Gv44GZ44G544Gm5pyJ5paZ44Gr44Gm5om/44KK44G+44GZ44CC44Gf44Gg44GX44CB55u044GX5bmF44KS6LaF44GI44KL44K144Kk44K655u044GX44Gv44GK5Y+X44GR44Gn44GN44Gq44GE44GT44Go44KC44GU44GW44GE44G+44GZ44Gu44Gn44CB44GU6LO85YWl44Gu6Zqb44Gv44CB44K144Kk44K644KS44KI44GP44GK56K644GL44KB44GE44Gf44Gg44GP44KI44GG44GK6aGY44GE55Sz44GX5LiK44GS44G+44GZ44CC6Kmz44GX44GP44Gv44Oh44O844Or44Gr44Gm44GK5ZWP44GE5ZCI44KP44Gb6aGY44GE44G+44GZ44CCPC9mb250PjwvdGQ+CiAgPC90cj4KICA8dHI+CiAgICA8dGQgaGVpZ2h0PSIxNSI+Jm5ic3A7PC90ZD4KICAgIDx0ZD4mbmJzcDs8L3RkPgogIDwvdHI+CjwvdGFibGU+Cjx0YWJsZSB3aWR0aD0iMzkwIiBib3JkZXI9IjAiPgogIDx0cj4KICAgIDx0ZCB3aWR0aD0iODgiPjxkaXYgYWxpZ249InJpZ2h0Ij48Zm9udCBjb2xvcj0iIzY5Njk2OSIgc2l6ZT0iMiI+44Oh44Oz44K677yaPC9mb250PjwvZGl2PgogICAgPC90ZD4KICAgIDx0ZCB3aWR0aD0iMjkyIj48Zm9udCBjb2xvcj0jNjk2OTY5IHNpemU9IjIiPuS4jeWPrzwvZm9udD48L3RkPgogIDwvdHI+CiAgPHRyPgogICAgPHRkIGhlaWdodD0iMzgiPiZuYnNwOzwvdGQ+CiAgICA8dGQ+PGZvbnQgY29sb3I9IzY5Njk2OSBzaXplPSIyIj7igLvmnKzllYblk4Hjga7ku5Xmp5jkuIrjgIHjgZTos7zlhaXlvozjgZTkvb/nlKjjgavjgarjgonjgozjgZ/llYblk4Hjga7jgrXjgqTjgrrnm7TjgZfjga88Zm9udCBjb2xvcj0iIzAwOTlGRiI+5Y6f5YmH44Go44GX44Gm44GK5Y+X44GR44GZ44KL44GT44Go44GM44Gn44GN44G+44Gb44KTPC9mb250PuOAguOBn+OBoOOBl+OAgeOBiuWuouanmOOBruOBlOS6huaJv+OBruOCguOBqOOCteOCpOOCuuebtOOBl+OBjOWPr+iDveOBquWgtOWQiOOCguOBlOOBluOBhOOBvuOBmeOBruOBp+OAgeODoeODvOODq+OBq+OBpuOBiuWVj+OBhOWQiOOCj+OBm+mhmOOBhOOBvuOBmeOAgjwvZm9udD48L3RkPgogIDwvdHI+CiAgPHRyPgogICAgPHRkIGhlaWdodD0iMTUiPiZuYnNwOzwvdGQ+CiAgICA8dGQ+Jm5ic3A7PC90ZD4KICA8L3RyPgo8L3RhYmxlPgo8dGFibGUgd2lkdGg9IjM5MCIgYm9yZGVyPSIwIj4KICA8dHI+CiAgICA8dGQ+PGZvbnQgY29sb3I9IzAwOTlGRiBzaXplPSIrMSI+4peG5Yi75Y2w54Sh5paZ44K144O844OT44K54peGPC9mb250Pjxicj4KICAgICAgPGJyPgogICAgICA8Zm9udCBjb2xvcj0jNjk2OTY5IHNpemU9IjIiPuOBlOW4jOacm+OBruaWueOBq+OBr+OAgeODquODs+OCsOOBruWGheWBtOOBq+ODoeODg+OCu+ODvOOCuOOChOOBiuWQjeWJjeOBquOBqeOCkueEoeaWmeOBp+WIu+WNsCjmloflrZflhaXjgowp44GV44Gb44Gm44GE44Gf44Gg44GN44G+44GZ44CCPC9mb250Pjxicj4KICAgICAgPGJyPgogICAgICA8Zm9udCBjb2xvcj0jNjk2OTY5IHNpemU9IjIiPuKXhuabuOS9k+OBrzxmb250IGNvbG9yPSIjMDA5OUZGIj7jg5bjg63jg4Pjgq/kvZM8Zm9udCBjb2xvcj0iIzY5Njk2OSI+44GLPC9mb250PuethuiomOS9kzwvZm9udD7jga7jgYTjgZrjgozjgYvjgpLjgYrpgbjjgbPjgYTjgZ/jgaDjgZHjgb7jgZnjgII8L2ZvbnQ+PGJyPgogICAgICA8Zm9udCBjb2xvcj0jNjk2OTY5IHNpemU9IjIiPuKXhuS9teOBm+OBpjxmb250IGNvbG9yPSIjMDA5OUZGIj7mmJ/luqfjg57jg7zjgq/jg7vkuIDpg6jjga7ntbXmloflrZc8L2ZvbnQ+44GM5Yi75Y2w5Y+v6IO944Gn44GZ44CC5L2/55So5Y+v6IO944Gq6KiY5Y+344O757W15paH5a2X44Gr6Zai44GX44G+44GX44Gm44Gv44CB5pys55S76Z2i5bem5YG044Gr5o6y56S644GV44KM44Gm44GE44G+44GZPGZvbnQgY29sb3I9IiMwMDk5RkYiPuabuOS9k+imi+acrDwvZm9udD7jgpLjgZTlj4LnhafpoZjjgYTjgb7jgZnjgII8L2ZvbnQ+PGJyPgogICAgICA8YnI+CiAgICAgIDxmb250IGNvbG9yPSM2OTY5Njkgc2l6ZT0iMiI+44GT44Gu5ZWG5ZOB44Gv44CB44Ki44Or44OV44Kh44OZ44OD44OI5aSn5paH5a2X44O76Iux5pWw5a2X5ZCI44KP44Gb44GmPGZvbnQgY29sb3I9IiMwMDk5RkYiIHNpemU9IisxIj48c3Ryb25nPjI15paH5a2XPC9zdHJvbmc+PC9mb250PuOBvuOBp+WIu+WNsOWPr+iDveOBp+OBmeOAguiomOWPt+OAgeOCueODmuODvOOCueOAgeODnuODvOOCr+OBquOBqeOCgu+8keaWh+Wtl+WIhuOBqOOBl+OBpuOCq+OCpuODs+ODiOOBleOCjOOBvuOBmeOAguODnuODvOOCr+ODu+e1teaWh+Wtl+OCkuOBlOiomOWFpeOBruWgtOWQiOOBr+OAgeabuOS9k+imi+acrOOBq+iomOi8ieOBleOCjOOBpuOBhOOCizxmb250IGNvbG9yPSIjMDA5OUZGIj7jg57jg7zjgq/jga48c3Ryb25nPuS4uOeVquWPtzwvc3Ryb25nPjwvZm9udD7jgpLliLvljbDkvY3nva7jgavjgZToqJjlhaXpoZjjgYTjgb7jgZnjgII8L2ZvbnQ+PC90ZD4KICA8L3RyPgo8L3RhYmxlPgo8dGFibGUgd2lkdGg9IjM5MCIgYm9yZGVyPSIwIj4KICA8dHI+CiAgICA8dGQgaGVpZ2h0PSI0OSI+PGJyPjxkaXYgYWxpZ249ImNlbnRlciI+PGltZyBzcmM9Imh0dHA6Ly9pbWFnZS5yYWt1dGVuLmNvLmpwL3ZpZWFuZ2UvY2FiaW5ldC9sb3ZlcnNfYW5kX3Jpbmcva29rdWluX2ltYWdlLmdpZiIgYWx0PSLoqJjlhaXkvosiIHdpZHRoPSIzNTMiIGhlaWdodD0iMjAxIj48L2Rpdj48L3RkPgogIDwvdHI+CjwvdGFibGU+Cjx0YWJsZSB3aWR0aD0iMzkwIiBib3JkZXI9IjAiPgogIDx0cj4KICAgIDx0ZD48YnI+PGZvbnQgY29sb3I9IzAwOTlGRiBzaXplPSIyIj7ilqDliLvljbDjga7jgZTms6jmlofmlrnms5XilqA8L2ZvbnQ+PGJyPgogICAgICA8YnI+CiAgICAgIDxmb250IGNvbG9yPSM2OTY5Njkgc2l6ZT0iMiI+44OX44Or44OA44Km44Oz44O744Oh44OL44Ol44O844GL44KJ44GU5biM5pyb44Gu5pu45L2T44KS44GK6YG444Gz44GP44Gg44GV44GE44CC5rOo5paH55S76Z2i44Gu44CM44GK5bqX44G444Gu44Oh44OD44K744O844K444CN5qyE44GrPGZvbnQgY29sb3I9IiMwMDk5RkYiPuWIu+WNsOWGheWuuTwvZm9udD7jgpLjgZToqJjlhaXjgY/jgaDjgZXjgYTjgILllYblk4HjgpIy5YCL5Lul5LiK5ZCM5pmC44Gr44GK6LK344GE5rGC44KB44GE44Gf44Gg44GE44Gf5aC05ZCI44Gv44CB5Yi75Y2w5a++6LGh5ZWG5ZOB44GM44KP44GL44KL44KI44GG44CBPGZvbnQgY29sb3I9IiMwMDk5RkYiPuWVhuWTgeeVquWPtzwvZm9udD7jgoLjgZTkvbXoqJjpoZjjgYTjgb7jgZnjgII8L2ZvbnQ+IDwvdGQ+CiAgPC90cj4KPC90YWJsZT48IS0t4pa84pa8IOW3puW4r+ODquODs+OCr+OBguOCiiDilrzilrwtLT4KCjxkaXYgaWQ9ImhpZGFyaS1vYmkiPgoKPHN0eWxlPgojaGlkYXJpLW9iaSB7CnBvc2l0aW9uOiBhYnNvbHV0ZTsKdG9wOjBweDsKbGVmdDoxMHB4OwpiYWNrZ3JvdW5kOiB1cmwoImh0dHBzOi8vaW1hZ2UucmFrdXRlbi5jby5qcC92aWVhbmdlL2NhYmluZXQvY2FtcGFpZ24vc2NibnJfMDUxNS5qcGciKSByZXBlYXQteSBsZWZ0IHRvcCA7Cn0KI2hpZGFyaS1vYmkgYSB7CmRpc3BsYXk6IGJsb2NrOwpoZWlnaHQ6OTMwMHB4Oy8q44Oa44O844K45YWo5L2T44Gu6auY44GVKi8Kd2lkdGg6IDE0MHB4Oy8q5biv44Gu5bmFKi8KfQo8L3N0eWxlPgoKPC9kaXY+CgoKCjwhLS3ilrzilrwg5bem5biv44Oq44Oz44Kv44Gq44GXIOKWvOKWvC0tPgoKCgoKPCEtLeKWvOKWvCDlt6bluK/jg6rjg7Pjgq/jgarjgZcg4pa84pa8LS0+Cgo8IS0tCjxzdHlsZSB0eXBlPSJ0ZXh0L2NzcyI+CmJvZHl7CmJhY2tncm91bmQtaW1hZ2U6IHVybCgiaHR0cDovL2ltYWdlLnJha3V0ZW4uY28uanAvdmllYW5nZS9jYWJpbmV0L2NhbXBhaWduL2Jucl8xMDEyLmpwZyIpOwpiYWNrZ3JvdW5kLXJlcGVhdDogcmVwZWF0LXk7CmJhY2tncm91bmQtYXR0YWNobWVudDogc2Nyb2xsOwpiYWNrZ3JvdW5kLXBvc2l0aW9uOmxlZnQKfQo8L3N0eWxlPgotLT4KCgoKCjxzdHlsZSB0eXBlPSJ0ZXh0L2NzcyI+CgovKiDjgYrmsJfjgavlhaXjgorllYblk4EgKi8KCiNyYWt1dGVuTGltaXRlZElkX2Fyb3VuZENhcnQgI3NlcnZpY2VUYWJsZVNtbCB0ZC5mYXZvcml0ZSB7CgpwYWRkaW5nLXRvcDogNXB4OwoKfQoKI3Jha3V0ZW5MaW1pdGVkSWRfYXJvdW5kQ2FydCBkaXYuYm9va21hcmtBcmVhIGRpdi5ia20gewoKd2lkdGg6IDI5MXB4ICFpbXBvcnRhbnQ7CgpoZWlnaHQ6MzNweCAhaW1wb3J0YW50OwoKcGFkZGluZzogMHB4IDBweCAxMHB4IDBweCAhaW1wb3J0YW50OwoKfQoKI3Jha3V0ZW5MaW1pdGVkSWRfYXJvdW5kQ2FydCBkaXYuYm9va21hcmtBcmVhIGRpdi5ia20gYS5hZGRCa20gewoKd2lkdGg6IDI5MXB4ICFpbXBvcnRhbnQ7CgpoZWlnaHQ6MzNweCAhaW1wb3J0YW50OwoKfQoKI3Jha3V0ZW5MaW1pdGVkSWRfYXJvdW5kQ2FydCBkaXYuYm9va21hcmtBcmVhIGRpdi5ia20gYS5hZGRCa20gc3Bhbi5ia21TdGFyIHsKCmRpc3BsYXk6IGlubGluZS1ibG9jayAhaW1wb3J0YW50OwoKd2lkdGg6IDI5MXB4ICFpbXBvcnRhbnQ7CgpoZWlnaHQ6MzNweCAhaW1wb3J0YW50OwoKbWFyZ2luOjBweCAwcHggMTBweCAwcHggIWltcG9ydGFudDsKCmJhY2tncm91bmQ6IHVybCgiaHR0cDovL2ltYWdlLnJha3V0ZW4uY28uanAvdmllYW5nZS9jYWJpbmV0L2Jucl9mYXZpdGVtLmpwZyIpIG5vLXJlcGVhdCAhaW1wb3J0YW50OwoKfQoKIAoKLyog44GK5rCX44Gr5YWl44KK44K344On44OD44OXICovCgpkaXYuYm9va21hcmtBcmVhIHsKCndpZHRoOiAyOTFweCAhaW1wb3J0YW50OwoKfQoKI3Jha3V0ZW5MaW1pdGVkSWRfYXJvdW5kQ2FydCBkaXYuc2hvcEJvb2ttYXJrQXJlYSBkaXYuc2hvcEJrbSB7Cgp3aWR0aDogMjkxcHggIWltcG9ydGFudDsKCmhlaWdodDozM3B4ICFpbXBvcnRhbnQ7CgpwYWRkaW5nOiAwcHggMHB4ICFpbXBvcnRhbnQ7CgpwYWRkaW5nLWxlZnQ6IDBweCAhaW1wb3J0YW50OwoKfQoKI3Jha3V0ZW5MaW1pdGVkSWRfYXJvdW5kQ2FydCBkaXYuc2hvcEJvb2ttYXJrQXJlYSBkaXYuc2hvcEJrbSBhLmFkZFNob3BCa20gc3Bhbi5zaG9wQmttU3RhciB7CgpkaXNwbGF5OiBpbmxpbmUtYmxvY2sgIWltcG9ydGFudDsKCndpZHRoOiAyOTFweCAhaW1wb3J0YW50OwoKaGVpZ2h0OjMzcHggIWltcG9ydGFudDsKCm1hcmdpbi1yaWdodDogMHB4ICFpbXBvcnRhbnQ7CgpiYWNrZ3JvdW5kOiB1cmwoImh0dHA6Ly9pbWFnZS5yYWt1dGVuLmNvLmpwL3ZpZWFuZ2UvY2FiaW5ldC9ibnJfZmF2c2hvcC5qcGciKSBuby1yZXBlYXQgIWltcG9ydGFudDsKCn0KPC9zdHlsZT4KCgoKCjxkaXYgaWQ9InByZXNlbnRfYmFzZSIgY2xhc3M9ImNsZWFyZml4Ij4KICAgPGRpdiBjbGFzcz0icHJlc2VudF9pbWciPjxpbWcgc3JjPSJodHRwOi8vaW1hZ2UucmFrdXRlbi5jby5qcC92aWVhbmdlL2NhYmluZXQvdG1nL2Zvb3RfcHJlMDEuZ2lmIiBhbHQ9IuWkp+WIh+OBquOBguOBruS6uuOBq+e0oOaVteOBquODl+ODrOOCvOODs+ODiCIgd2lkdGg9IjE5OSIgaGVpZ2h0PSIyOTUiIC8+PC9kaXY+CiAgIDxkaXYgY2xhc3M9InByZXNlbnRfdHh0Ij48cD7lvZPlupfjga/jgIHkurrmsJfjgqLjgq/jgrvjgrXjg6rjg7zjg5bjg6njg7Pjg4njgIzlpKnkvb/jga7ljbXjgI3jgoTjgIzmnKrmnaXlpKnkvb/jgI3jgpLjga/jgZjjgoHjgIHoqpXnlJ/nn7Pjga7jg5rjg7Pjg4Djg7Pjg4jjgoTjg6rjg7PjgrDjgarjganjgIHjg5fjg6zjgrzjg7Pjg4jjgavjg5Tjg4Pjgr/jg6rjgarjgqLjgq/jgrvjgrXjg6rjg7zjgpLlj5bmibHjgYbpgJrosqnjgrfjg6fjg4Pjg5fjgafjgZnjgII8L3A+PGJyIC8+CuOAjOWEquOBl+OBhOWFieOBq+OBpOOBpOOBvuOCjOOCi+awuOmBoOOBruWRveOAjeOCkuihqOePvuOBl+OBn+OCs+ODs+OCu+ODl+ODiOOCuOODpeOCqOODquODvOOAjOacquadpeWkqeS9v+OAjeOBr+acquadpeOBq+WQkeOBkeOBpui8neOBkeOCi+WRveOBruOBmeOBsOOCieOBl+OBleOCkuWkmuW9qeOBquODhuODvOODnuODu+ODh+OCtuOCpOODs+OBp+ihqOePvuOBl+OBpuOBhOOBvuOBmeOAgjxiciAvPgrjgZ3jgpPjgarmnKrmnaXlpKnkvb/jgYvjgonjga7jg5fjg6zjgrzjg7Pjg4jjgajjgYTjgYbjgrPjg7Pjgrvjg5fjg4jjgafkvZzjgonjgozjgZ/jgIzlpKnkvb/jga7ljbXjgI3jga/jgIHjgIzoqpXnlJ/jga7llpzjgbPjgI3jgoTjgIznlJ/jgY3jgovjgZPjgajjga7mhJ/li5Xjgajos57os5vjgI3jgpLjg4bjg7zjg57jgajjgZfjgablibXjgonjgozjgIHljbXjgajnvr3jga7jg5Djg6njg7Pjgrnjga7oia/jgYTjgoTjgZXjgZfjgYTjg4fjgrbjgqTjg7PjgYzmhJvjgZXjgozjgabjgYTjgovjg63jg7PjgrDjgrvjg6njg7zjga7kurrmsJfjgqLjgq/jgrvjgrXjg6rjg7zjgafjgZnjgILmmK/pnZ7jgIHlpKfliIfjgarkurrjgbjjga7jg5fjg6zjgrzjg7Pjg4jnrYnjgavjgoLjgZTmtLvnlKjkuIvjgZXjgYTvvIE8L2Rpdj4KPC9kaXY+CgoKCgoKPCEtLeKWvOKWvOKWvOODrOODk+ODpeODvOODu+azqOaWh+eKtuazgeKWvOKWvOKWvC0tPiAgIAoKICAgICAgICAgICAgPGgyPjxpbWcgc3JjPSJodHRwOi8vd3d3LnJha3V0ZW4ubmUuanAvZ29sZC92aWVhbmdlL2ltZy90aXRsZV8wNi5qcGciIGFsdD0i44Os44OT44Ol44O8IiB3aWR0aD0iNjg4IiBoZWlnaHQ9IjcwIiAvPjwvaDI+CiAgICAgICAgICAgIDxicj48YnI+CiAgCgkgIDxicj4gPGJyPiA8YnI+IAogICAgICAgICAgICAgICAgICA8aDI+PGltZyBzcmM9Imh0dHA6Ly93d3cucmFrdXRlbi5uZS5qcC9nb2xkL3ZpZWFuZ2UvaW1nL3RpdGxlXzA3LmpwZyIgYWx0PSLms6jmlofnirbms4EiIHdpZHRoPSI2ODgiIGhlaWdodD0iNzAiIC8+PC9oMj4KICAgICAgICAgICAgICAgICAgICAgICAgICAgICAgPGJyPiA8YnI+IAo8YnI+IDxicj4gPGJyPg==,44CQ5Yi75Y2w54Sh5paZ44CR44OU44Oz44Kv44K044O844Or44OJSzEw44Oq44Oz44Kw77yc44Os44OH44Kj44O844K577yeIExTUjA2NTdSUEvjgJBMb3ZlcnMgJmFtcDsgUmluZyDjg6njg5Djg7zjgrrjg6rjg7PjgrDjgJHjgJDjg5rjgqLjg6rjg7PjgrAg44Oa44KiIOODrOODh+OCo+ODvOOCuSDjg6njg5bjg6rjg7PjgrAg5oyH6LyqIOODn+ODq+aJk+OBoSDjg5fjg6zjgrzjg7Pjg4gg44Ku44OV44OIIOODquODs+OCsCDjgqLjgq/jgrvjgrXjg6rjg7wg44Ki44Kv44K7IOOCuOODpeOCqOODquODvCDjgq7jg5Xjg4gg44GL44KP44GE44GEIOWIu+WNsOOAkeavjeOBruaXpSDjgrfjg7Pjg5fjg6vvvJrlpKnkvb/jga7ljbUgd2l0aCBMT1ZFUlMgU0NFTkU=,5aSp5L2/44Gu5Y215pyq5p2l5aSp5L2/44K544Oa44O844K544Kv44Oq44Ko44O844K/44O844K444Ol44Ko44Oq44O844K344Or44OQ44O844Ki44Kv44K744K144Oq44O844OU44Oz44Kv44K344Or44OQ44O844ON44OD44Kv44Os44K555u05Za25bqX44Kv44Oq44K544Oe44K56ZmQ5a6a44Oa44Oz44OA44Oz44OI5oyH6Lyq44OU44Ki44K544OX44Os44K844Oz44OI44OZ44OT44O844K544OX44O844Oz44Os44OH44Kj44O844K544Op44OQ44O844K644K344O844Oz57WQ5ama5oyH6Lyq44Oa44Ki44Oq44Oz44Kw6KqV55Sf55+z44CQ5Yi75Y2w54Sh5paZ44CR44OU44Oz44Kv44K044O844Or44OJSzEw44Oq44Oz44Kw77yc44Os44OH44Kj44O844K577yeIExTUjA2NTdSUEvjgJBMb3ZlcnMgJmFtcDsgUmluZyDjg6njg5Djg7zjgrrjg6rjg7PjgrDjgJHjgJDjg5rjgqLjg6rjg7PjgrAg44Oa44KiIOODrOODh+OCo+ODvOOCuSDjg6njg5bjg6rjg7PjgrAg5oyH6LyqIOODn+ODq+aJk+OBoSDjg5fjg6zjgrzjg7Pjg4gg44Ku44OV44OIIOODquODs+OCsCDjgqLjgq/jgrvjgrXjg6rjg7wg44Ki44Kv44K7IOOCuOODpeOCqOODquODvCDjgq7jg5Xjg4gg44GL44KP44GE44GEIOWIu+WNsOOAkeavjeOBruaXpSDjgrfjg7Pjg5fjg6s=,44Kt44Op44Kt44Op6Lyd44GP44Of44Or5omT44Gh5Yqg5bel77yBIOmAgeaWmeeEoeaWmSDliLvljbDnhKHmlpnjgILjgJDliLvljbDnhKHmlpnjgJHjg5Tjg7Pjgq/jgrTjg7zjg6vjg4lLMTDjg6rjg7PjgrDvvJzjg6zjg4fjgqPjg7zjgrnvvJ4gTFNSMDY1N1JQS+OAkExvdmVycyAmYW1wOyBSaW5nIOODqeODkOODvOOCuuODquODs+OCsOOAkeOAkOODmuOCouODquODs+OCsCDjg5rjgqIg44Os44OH44Kj44O844K5IOODqeODluODquODs+OCsCDmjIfovKog44Of44Or5omT44GhIOODl+ODrOOCvOODs+ODiCDjgq7jg5Xjg4gg44Oq44Oz44KwIOOCouOCr+OCu+OCteODquODvCDjgqLjgq/jgrsg44K444Ol44Ko44Oq44O8IOOCruODleODiCDjgYvjgo/jgYTjgYQg5Yi75Y2w44CR5q+N44Gu5pelIOOCt+ODs+ODl+ODqw==[rn]
39-1052,aHR0cDovL3RzaG9wLnIxMHMuanAvdmllYW5nZS9jYWJpbmV0L2xvdmVyc19zY2VuZS9sc3IvbHNyMDEwNXBrcm0uanBnP2ZpdGluPTcwMDo3MDA=,NjQ4MC4wMDAw,,44K444Ol44Ko44Oq44O844O744Ki44Kv44K744K144Oq44O8ID4g44Os44OH44Kj44O844K544K444Ol44Ko44Oq44O844O744Ki44Kv44K744K144Oq44O8ID4g5oyH6Lyq44O744Oq44Oz44Kw,44CQ5Yi75Y2w5a++5b+c44CR4peGTE9WRVJTIFNDRU5FIOODqeODkOODvOOCuuOCt+ODvOODs+KXhuOCt+ODq+ODkOODvOODquODs+OCsO+8iOODrOODh+OCo+ODvOOCue+8ieOAkExTUjAxMDVQS1JN44CR44CQ44K344Or44OQ44O844Oq44Oz44KwIOODmuOCouODquODs+OCsCDjg5rjgqIg5oyH6LyqIOODreOCuOOCpuODoOWKoOW3pSDjg5fjg6zjgrzjg7Pjg4gg44Oq44Oz44KwIOOCt+ODq+ODkOODvCDjgqLjgq/jgrvjgrXjg6rjg7wg44K444Ol44Ko44Oq44O8IOODj+ODvOODiOWeiyDjgq7jg5Xjg4gg44GL44KP44GE44GE44CRIOavjeOBruaXpSDnlJ/nlKPntYLkuoY=,44K344Oz44OX44Or44Gn5rSX57e044GV44KM44Gf44OH44K244Kk44OzIOODj+ODvOODiCDliLvljbDlr77lv5w=,PGNlbnRlcj48YSBocmVmPSJodHRwczovL215LmJvb2ttYXJrLnJha3V0ZW4uY28uanAvP2Z1bmM9cmVnJnN2aWQ9MTAxJnNob3BfYmlkPTIwMzk0NyZpaWQ9MTAwMDExNDcmaXR5cGU9MSB0YXJnZXQ9X2JsYW5rIj48aW1nIHNyYz0iaHR0cDovL2ltYWdlLnJha3V0ZW4uY28uanAvdmllYW5nZS9jYWJpbmV0L3BfYm5yX2Zhdml0ZW0uanBnIiBib3JkZXI9IjAiIHdpZHRoPSI2NjAiIGhlaWdodD0iMTMwIj48L2E+PC9jZW50ZXI+PGJyPjxicj48ZGl2IGlkPSJkZXRhaWxfYmFzZTIiPgo8aW1nIHNyYz0iaHR0cDovL2ltYWdlLnJha3V0ZW4uY28uanAvdmllYW5nZS9jYWJpbmV0L2NhbXBhaWduL2xzX3BjX3Rva3V0ZW4uanBnImFsdD0iTE9WRVJTIFNDRU5FIOOCreODo+ODs+ODmuODvOODsyI+PGJyPjxicj4KCjxpbWcgc3JjPSJodHRwOi8vaW1hZ2UucmFrdXRlbi5jby5qcC92aWVhbmdlL2NhYmluZXQvbG92ZXJzX3NjZW5lL2xzci9sc3IwMTA1X2ltYWdlLmpwZyIgd2lkdGg9IjY2MCIgaGVpZ2h0PSI0MDAiIC8+CjxiciAvPjxiciAvPgoKPGltZyBzcmM9Imh0dHA6Ly9pbWFnZS5yYWt1dGVuLmNvLmpwL3ZpZWFuZ2UvY2FiaW5ldC9sb3ZlcnNfc2NlbmUvbHNyL2xzcjAxMDVfaW1hZ2UyLmpwZyIgd2lkdGg9IjY2MCIgaGVpZ2h0PSIxMTEwIiAvPgo8YnIgLz48YnIgLz4KPC9kaXY+CgoKPGRpdiBjbGFzcz0ic3BfZ29vZHNfMTMwNV8wOSI+CgogICAgIAogIDxkaXYgY2xhc3M9InNwX3RhbnBpbl9sZWZ0Ij4KPGEgaHJlZj0iaHR0cDovL2l0ZW0ucmFrdXRlbi5jby5qcC92aWVhbmdlL2xzcjAxMDVwa3JtLWJrcm0vIj4KPGltZyBzcmM9IiBodHRwOi8vaW1hZ2UucmFrdXRlbi5jby5qcC92aWVhbmdlL2NhYmluZXQvbG92ZXJzX3NjZW5lL2xzci9sc3IwMTA1X3BhaXIuanBnIiB3aWR0aD0iMjM1IiBoZWlnaHQ9IjIzNSIgY2xhc3M9ImltZzIwIiAvPjwvYT4gICAgICAgCjxwPuOCt+ODq+ODkOODvOODmuOCouODquODs+OCsDxiciAvPgogICAgIDwvcD4KPC9kaXY+CiAgICAKPGRpdiBjbGFzcz0ic3BfdGFucGluX3JpZ2h0Ij4KPGEgaHJlZj0iIGh0dHA6Ly9pdGVtLnJha3V0ZW4uY28uanAvdmllYW5nZS9sc3IwMTA1YmtybS8iPgo8aW1nIHNyYz0iIGh0dHA6Ly9pbWFnZS5yYWt1dGVuLmNvLmpwL3ZpZWFuZ2UvY2FiaW5ldC9sb3ZlcnNfc2NlbmUvbHNyL2xzcjAxMDVfdGFucGluX21lbnMuanBnIiB3aWR0aD0iMjM1IiBoZWlnaHQ9IjIzNSIgY2xhc3M9ImltZzIwIiAvPjwvYT4KICAgICAgPHA+44Oh44Oz44K644K344Or44OQ44O844Oq44Oz44Kw77yI5LiA6YOo44OW44Op44OD44Kv44Kz44O844OG44Kj44Oz44Kw77yJPGJyIC8+CiAgICAgIOe0hDMuN21tw5fntIQyLjVtbe+8iOW5hcOX5Y6a44G/77yJCiAgICAgICA8L3A+CjwvZGl2Pgo8L2Rpdj4KCgogPGltZyBzcmM9Imh0dHA6Ly9pbWFnZS5yYWt1dGVuLmNvLmpwL3ZpZWFuZ2UvY2FiaW5ldC9wYXJ0cy9sc3IwNjUwXzM5LmdpZiIgY2xhc3M9ImltZzIwIiAvPgogIDxwIGNsYXNzPSJpbWcxNSI+44Oq44Oz44Kw44KS552A44GR44KI44GG44Go6ICD44GI44Gm44GE44KL5oyH44Gu5LiA55Wq5aSq44GE6YOo5YiG44Gr57O444Gq44Gp44KS5be744GE44Gm44CB77yR5ZGo5YiG44Gu5ryU57+S44Gu6ZW344GV44KS5Zuz44KK44G+44GZ44CCPGJyIC8+CiAg44GT44Gu5ris44KK5pa544Gv44GC44GP44G+44Gn57Ch5piT55qE44Gq6KiI5ris5pa55rOV44Gn44GZ44Gu44Gn44CB5q2j56K644Gr44K144Kk44K644KS5ris44KL44Gr44Gv44CB44GK6L+R44GP44Gu44Ki44Kv44K744K144Oq44O844K344On44OD44OX44Gq44Gp44Gn44CB44CO44Oq44Oz44Kw44Ky44O844K444CP44KS5L2/55So44GX44Gm6KiI5ris44GX44Gm5LiL44GV44GE44CCPC9wPgogIDxpbWcgc3JjPSJodHRwOi8vaW1hZ2UucmFrdXRlbi5jby5qcC92aWVhbmdlL2NhYmluZXQvcGFydHMvbHNyMDY1MF80MS5naWYiIHdpZHRoPSI2NjAiIGhlaWdodD0iMTY3IiBjbGFzcz0iaW1nNjAiIC8+Cgo8ZGl2IGNsYXNzPSJjYV8wMSI+CjxpbWcgc3JjPSJodHRwOi8vaW1hZ2UucmFrdXRlbi5jby5qcC92aWVhbmdlL2NhYmluZXQvd3JhcHBpbmcvd3JhcHBpbmdfdGl0bGUuanBnIiBhbHQ9IuODqeODg+ODlOODs+OCsCI+Cgo8YnI+PGJyPjxicj4KCjx0YWJsZSBib3JkZXI9IjAiIHdpZHRoPSI2NjBweCI+Cjx0cj4KPHRkPgo8aW1nIHNyYz0iaHR0cDovL2ltYWdlLnJha3V0ZW4uY28uanAvdmllYW5nZS9jYWJpbmV0L3dyYXBwaW5nL2xzX3dyYXBfMDFfMS5qcGciIGFsdD0iTE9WRVJTIFNDRU5FICDpgJrluLjjg6njg4Pjg5Tjg7PjgrAiPgo8L3RkPgo8dGQ+CjxpbWcgc3JjPSJodHRwOi8vaW1hZ2UucmFrdXRlbi5jby5qcC92aWVhbmdlL2NhYmluZXQvd3JhcHBpbmcvbHNfd3JhcF8wMi5qcGciIGFsdD0iTE9WRVJTIFNDRU5F44CA44Ko44Kz44Op44OD44OU44Oz44KwIj4KPC90ZD4KPHRkPgo8YSAgaHJlZj0iaHR0cDovL2l0ZW0ucmFrdXRlbi5jby5qcC92aWVhbmdlL2MvMDAwMDAwMDc4MS8iPjxpbWcgc3JjPSJodHRwOi8vaW1hZ2UucmFrdXRlbi5jby5qcC92aWVhbmdlL2NhYmluZXQvd3JhcHBpbmcvbHNfd3JhcF8wMy5qcGciIGFsdD0iTE9WRVJTIFNDRU5F44CA44K544Oa44K344Oj44Or44Op44OD44OU44Oz44KwIj48L2E+CjwvdGQ+CjwvdHI+CjwvdGFibGU+CjxpbWcgc3JjPSJodHRwOi8vaW1hZ2UucmFrdXRlbi5jby5qcC92aWVhbmdlL2NhYmluZXQvd3JhcHBpbmcva2lraW4uanBnIiBhbHQ9IuWkqeS9v+OBruWNteWfuumHkSI+Cgo8YSAgaHJlZj0iaHR0cDovL2l0ZW0ucmFrdXRlbi5jby5qcC92aWVhbmdlL2MvMDAwMDAwMDc5MS8iPgo8aW1nIHNyYz0iaHR0cDovL2ltYWdlLnJha3V0ZW4uY28uanAvdmllYW5nZS9jYWJpbmV0L3dyYXBwaW5nL2xzX2NhcmQuanBnIiBhbHQ9IuODoeODg+OCu+ODvOOCuOOCq+ODvOODiSI+PC9hPgoKCjxpbWcgCnNyYz0iaHR0cDovL2ltYWdlLnJha3V0ZW4uY28uanAvdmllYW5nZS9jYWJpbmV0L2NhbXBhaWduL25vYmVfbHNfNjYwLmpwZyIgd2lkdGg9IjY2MCIgaGlnaHQ9IjIwMCIgYWx0PSJMT1ZFUlMgU0NFTkUg44OO44OZ44Or44OG44KjIj48YnI+PGJyPgo8L2Rpdj48dGFibGUgd2lkdGg9IjM5MCIgYm9yZGVyPSIwIj4KICA8dHI+CiAgICA8dGQ+PGZvbnQgY29sb3I9IzY5Njk2OSBzaXplPSIyIj7jgJBMb3ZlcnMgU3NjZW5lIOOCt+ODq+ODkOODvOODmuOCouODquODs+OCsOOAkTxicj4KICAgICAgICA8Zm9udCBjb2xvcj0iIzAwOTlGRiI+5ZCI44KP44Gb44KL44Go44OP44O844OI44Gu44Oi44OB44O844OV44KS44GL44Gf44Gp44KL44Oa44Ki44Oq44Oz44Kw44Gu44Os44OH44Kj44O844K55Y2Y5ZOB44CC44K344Oz44OX44Or44Gn5rSX57e044GV44KM44Gf44OV44Kp44Or44Og44GM5Lq65rCX44Gn44GZ44CCPC9mb250PjwvZm9udD48L3RkPgogIDwvdHI+CjwvdGFibGU+Cjx0YWJsZSB3aWR0aD0iMzkwIiBib3JkZXI9IjAiPgogIDx0cj4KICAgIDx0ZCB3aWR0aD0iMTI1Ij4mbmJzcDs8L3RkPgogICAgPHRkIHdpZHRoPSIxMzYiPiZuYnNwOzwvdGQ+CiAgICA8dGQgd2lkdGg9IjExNSI+Jm5ic3A7PC90ZD4KICA8L3RyPgogIDx0cj4KICAgIAogICAgPHRkPjxkaXYgYWxpZ249ImNlbnRlciI+PGltZyBzcmM9Imh0dHA6Ly9pbWFnZS5yYWt1dGVuLmNvLmpwL3ZpZWFuZ2UvY2FiaW5ldC9sb3ZlcnNfc2NlbmUvbHNyL2xzcjAxMDVia3JtXzEwMC5qcGciIGFsdD0i44Oh44Oz44K65Y2Y5L2TIiB3aWR0aD0iMTAwIiBoZWlnaHQ9IjEwMCIgYm9yZGVyPSIwIj48L2Rpdj48L3RkPgogICAgPHRkPjxkaXYgYWxpZ249ImNlbnRlciI+PGltZyBzcmM9Imh0dHA6Ly9pbWFnZS5yYWt1dGVuLmNvLmpwL3ZpZWFuZ2UvY2FiaW5ldC9sb3ZlcnNfc2NlbmUvbHNyL2xzcjAxMDVwa3JtYmtybV8xMDAuanBnIiBhbHQ9IuODmuOCouODquODs+OCsCIgd2lkdGg9IjEwMCIgaGVpZ2h0PSIxMDAiIGJvcmRlcj0iMCI+PC9kaXY+PC90ZD4KICA8L3RyPgogIDx0cj4KICAgIAogICAgPHRkPjxkaXYgYWxpZ249ImNlbnRlciI+PGZvbnQgc2l6ZT0iLTEiPuODoeODs+OCuuWNmOWTgTwvZm9udD48L2Rpdj48L3RkPgogICAgPHRkPjxkaXYgYWxpZ249ImNlbnRlciI+PGZvbnQgc2l6ZT0iLTEiPuODmuOCouiyqeWjsjwvZm9udD48L2Rpdj48L3RkPgogIDwvdHI+CjwvdGFibGU+Cjx0YWJsZSB3aWR0aD0iMzkwIiBib3JkZXI9IjAiPgogIDx0cj4KICAgIDx0ZCB3aWR0aD0iODkiPiZuYnNwOzwvdGQ+CiAgICA8dGQgd2lkdGg9IjI5MSI+Jm5ic3A7PC90ZD4KICA8L3RyPgogIDx0cj4KICAgIDx0ZD48Zm9udCBjb2xvcj0jNjk2OTY5IHNpemU9IjIiPuKWoOOAgOe0oOadkOOAgOKWoDwvZm9udD48L3RkPgogICAgPHRkPiZuYnNwOzwvdGQ+CiAgPC90cj4KPC90YWJsZT4KPHRhYmxlIHdpZHRoPSIzOTAiIGJvcmRlcj0iMCI+CiAgPHRyPgogICAgPHRkIHdpZHRoPSI4OSI+PGRpdiBhbGlnbj0icmlnaHQiPjxmb250IGNvbG9yPSIjNjk2OTY5IiBzaXplPSIyIj7jg6zjg4fjgqPjg7zjgrnvvJo8L2ZvbnQ+PC9kaXY+PC90ZD4KICAgIDx0ZCB3aWR0aD0iMjkxIj48Zm9udCBjb2xvcj0jNjk2OTY5IHNpemU9IjIiPlNWOTI177yI44Ot44K444Km44Og44Kz44O844OG44Kj44Oz44Kw77yJPC9mb250PjwvdGQ+CiAgPC90cj4KICA8dHI+CiAgICA8dGQ+Jm5ic3A7PC90ZD4KICAgIDx0ZD48Zm9udCBjb2xvcj0jNjk2OTY5IHNpemU9IjIiPijkuIDpg6jjg5Tjg7Pjgq/jgrTjg7zjg6vjg4njgrPjg7zjg4bjgqPjg7PjgrDvvIk8L2ZvbnQ+PC90ZD4KICA8L3RyPgo8L3RhYmxlPgo8dGFibGUgd2lkdGg9IjM5MCIgYm9yZGVyPSIwIj4KICA8dHI+CiAgICA8dGQ+PGZvbnQgY29sb3I9IzY5Njk2OSBzaXplPSIyIj7ilqAg5aSn44GN44GVKG1tKSDilqA8L2ZvbnQ+PC90ZD4KICA8L3RyPgo8L3RhYmxlPgo8dGFibGUgd2lkdGg9IjM5MCIgYm9yZGVyPSIwIj4KICA8dHI+CiAgICA8dGQgd2lkdGg9Ijg3Ij4mbmJzcDs8L3RkPgogICAgPHRkIHdpZHRoPSIyOTMiPjxmb250IGNvbG9yPSM2OTY5Njkgc2l6ZT0iMiI+44Os44OH44Kj44O844K577ya5bmF57SEMy4zw5fljprjgb/ntIQyLjM8L2ZvbnQ+PC90ZD4KICA8L3RyPgo8L3RhYmxlPgo8dGFibGUgd2lkdGg9IjM5MCIgYm9yZGVyPSIwIj4KICA8dHI+CiAgICA8dGQgd2lkdGg9Ijg3Ij4mbmJzcDs8L3RkPgogICAgPHRkIHdpZHRoPSIyOTMiPiZuYnNwOzwvdGQ+CiAgPC90cj4KPC90YWJsZT4KPHRhYmxlIHdpZHRoPSIzOTAiIGJvcmRlcj0iMCI+CiAgPHRyPgogICAgPHRkIHdpZHRoPSI4OSI+PGZvbnQgY29sb3I9IzY5Njk2OSBzaXplPSIyIj7ilqDjgIDph43ph4/jgIDilqA8L2ZvbnQ+PC90ZD4KICAgIDx0ZCB3aWR0aD0iMjkxIj4mbmJzcDs8L3RkPgogIDwvdHI+CjwvdGFibGU+Cjx0YWJsZSB3aWR0aD0iMzkwIiBib3JkZXI9IjAiPgogIDx0cj4KICAgIDx0ZCB3aWR0aD0iODkiPiZuYnNwOzwvdGQ+CiAgICA8dGQgd2lkdGg9IjI5MSI+PGZvbnQgY29sb3I9IzY5Njk2OSBzaXplPSIyIj7jg6zjg4fjgqPjg7zjgrnvvJrntIQyLjBnPC9mb250PjwvdGQ+CiAgPC90cj4KICA8dHI+CiAgICA8dGQ+Jm5ic3A7PC90ZD4KICAgIDx0ZD48Zm9udCBjb2xvcj0iIzAwOTlGRiIgc2l6ZT0iMSI+4oC75aSn44GN44GV44O76YeN44GV44Gr44Gv5aSa5bCR44Gu5YCL5L2T5beu44GM55Sf44GY44G+44GZPC9mb250PjwvdGQ+CiAgPC90cj4KPC90YWJsZT4KPHRhYmxlIHdpZHRoPSIzOTAiIGJvcmRlcj0iMCI+CiAgPHRyPgogICAgPHRkIHdpZHRoPSI4OCIgaGVpZ2h0PSIxNSI+PGZvbnQgY29sb3I9IzY5Njk2OSBzaXplPSIyIj7ilqDopo/lrprjgrXjgqTjgrrilqA8L2ZvbnQ+PC90ZD4KICAgIDx0ZCB3aWR0aD0iMjkyIj4mbmJzcDs8L3RkPgogIDwvdHI+CjwvdGFibGU+Cjx0YWJsZSB3aWR0aD0iMzkwIiBib3JkZXI9IjAiPgogIDx0cj4KICAgIDx0ZCB3aWR0aD0iODciPiZuYnNwOzwvdGQ+CiAgICA8dGQgd2lkdGg9IjI5MyI+PGZvbnQgY29sb3I9IzY5Njk2OSBzaXplPSIyIj7jg6zjg4fjgqPjg7zjgrnvvJojN++9niMxNSDlpYfmlbDlj7fjga7jgb88L2ZvbnQ+PC90ZD4KICA8L3RyPgo8L3RhYmxlPgo8dGFibGUgd2lkdGg9IjM5MCIgYm9yZGVyPSIwIj4KICA8dHI+CiAgICA8dGQgd2lkdGg9Ijg5IiBoZWlnaHQ9IjIwIj4mbmJzcDs8L3RkPgogICAgPHRkIHdpZHRoPSIyOTEiPjxmb250IGNvbG9yPSM2OTY5Njkgc2l6ZT0iMSI+4oC75LiK6KiY5Lul5aSW44Gu44K144Kk44K644CB5YG25pWw44K144Kk44K644Gr6Zai44GX44Gm44KC44CBIzfvvZ4jCjIx44Gu56+E5Zuy5YaF44Gn44CB44GU55So5oSP44GZ44KL44GT44Go44GM5Y+v6IO944Gn44GZ44CCIOOBlOazqOaWh+WvvuW/nOOBqOOBquOCiuOBvuOBmeOBruOBp+OAge+8k++9nu+8lOmAsemWk+OBu+OBqeOBiuaZgumWk+OBjOOBi+OBi+OCiuOBvuOBmeOAgjwvZm9udD48L3RkPgogIDwvdHI+CiAgPHRyPgogICAgPHRkPiZuYnNwOzwvdGQ+CiAgICA8dGQ+Jm5ic3A7PC90ZD4KICA8L3RyPgo8L3RhYmxlPgoKPHRhYmxlIHdpZHRoPSIzOTAiIGJvcmRlcj0iMCI+CiAgPHRyPgogICAgPHRkIHdpZHRoPSIzMzIiPjxmb250IGNvbG9yPSM2OTY5Njkgc2l6ZT0iMiI+4pag5pyq5L2/55So5ZOB44Gu44K144Kk44K65aSJ5pu077yI5Yid5pyf44K144Kk44K65aSJ5pu077yJ44Gr44Gk44GE44Gm4pagPC9mb250PjwvdGQ+CiAgICA8dGQgd2lkdGg9IjQ4Ij4mbmJzcDs8L3RkPgogIDwvdHI+CjwvdGFibGU+Cjx0YWJsZSB3aWR0aD0iMzkwIiBib3JkZXI9IjAiPgogIDx0cj4KICAgIDx0ZCB3aWR0aD0iODkiIGhlaWdodD0iNTEiPiZuYnNwOzwvdGQ+CiAgICA8dGQgd2lkdGg9IjI5MSI+PGZvbnQgY29sb3I9IiM2OTY5NjkiIHNpemU9IjIiPjxicj4KICAgICAgICA8Zm9udCBjb2xvcj0iIzAwOTlGRiI+5pys5ZWG5ZOB44Gu5LuV5qeY5LiK44CB5Y6f5YmH44Go44GX44Gm44K144Kk44K655u044GX44GM44Gn44GN44G+44Gb44KT44CC44K144Kk44K644KS44KI44GP44GK56K644GL44KB44Gu5LiK44GU6LO85YWl44Gt44GM44GE44G+44GZ44CCPC9mb250PuS4h+OBjOS4gOOBiuWuouanmOOBruOBiuaJi+WFg+OBq+WxiuOBhOOBn+WVhuWTgeOBruOCteOCpOOCuuOBjOWQiOOCj+OBmuOAgeS7luOBruOCteOCpOOCuuOBuOOBruWkieabtOOCkuOBlOW4jOacm+OBruWgtOWQiOOBq+OBr+OAgTxmb250IGNvbG9yPSIjMDA5OUZGIj7mnKrkvb/nlKjjga7lk4HjgavpmZDjgoo8L2ZvbnQ+44K144Kk44K65Lqk5o+b44KS5om/44KK44G+44GZ44CC5b+F44GaPGZvbnQgY29sb3I9IiMwMDk5RkYiPuWVhuWTgeWIsOedgOW+jDHpgLHplpPku6XlhoU8L2ZvbnQ+44Gr44GU6YCj57Wh44GE44Gf44Gg44GN44G+44GZ44KI44GG44GK6aGY44GE55Sz44GX5LiK44GS44G+44GZ44CCPGJyPgogICAgICA8YnI+CuKXhuWVhuWTgeWIsOedgOW+jDHpgLHplpPku6XlhoXjgavjgZTpgKPntaHjgYTjgZ/jgaDjgZHjgarjgYvjgaPjgZ/loLTlkIjjgoTjgIHllYblk4Hjgavkvb/nlKjnl5XjgarjganjgYzoqo3jgoHjgonjgozjgovloLTlkIjjgavjga/jgrXjgqTjgrrkuqTmj5vjgpLmib/jgorjgYvjga3jgovjgZPjgajjgoLjgZTjgZbjgYTjgb7jgZnjga7jgafjgZTkuobmib/poZjjgYTjgb7jgZnjgII8YnI+Cjxicj4K4peG44GU5biM5pyb44K144Kk44K644Gu5Zyo5bqr44KS5YiH44KJ44GX44Gm44GE44KL5aC05ZCI44CB5Lqk5o+b5ZWG5ZOB44Gu5omL6YWN44Gr77yT772e77yU6YCx6ZaT44G744Gp44GK5pmC6ZaT44KS6LOc44KK44G+44GZ44CCPGJyPgo8YnI+CuKXhuWVhuWTgeWPl+OBkea4oeOBl+OBq+mWouOCj+OCi+W+gOW+qeOBrumAgeaWmeOBr+OAgeOBiuWuouanmOOBruOBlOiyoOaLheOBqOOBquOCiuOBvuOBmeOAgjxicj48YnI+CuKXhuWVhuWTgeOBqzxmb250IGNvbG9yPSIjMDA5OUZGIj7liLvljbDjgpLlhaXjgozjgabjgYTjgovloLTlkIg8L2ZvbnQ+44Gv44CB5pyJ5paZ5Yi75Y2w44O754Sh5paZ5Yi75Y2w44KS5ZWP44KP44Ga5Lqk5o+b5omL5pWw5paZ44Go5YaN5Yi75Y2w5paZ44GM5Yil6YCU55m655Sf44GE44Gf44GX44G+44GZ44CC6Kmz57Sw44Gr6Zai44GX44G+44GX44Gm44Gv44CB44Oh44O844Or44Gr44Gm44GK5ZWP44GE5ZCI44KP44Gb6aGY44GE44G+44GZ44CCPGJyPgo8YnI+CuKXhuacrOOCteODvOODk+OCueOBrumBqeeUqOOBr+OAgeWIneWbnumZkOOCiuOBqOOBleOBm+OBpuOBhOOBn+OBoOOBjeOBvuOBmeOAggo8L2ZvbnQ+PC90ZD4KICA8L3RyPgogIDx0cj4KICAgIDx0ZD4mbmJzcDs8L3RkPgogICAgPHRkPiZuYnNwOzwvdGQ+CiAgPC90cj4KPC90YWJsZT4KPHRhYmxlIHdpZHRoPSIzOTAiIGJvcmRlcj0iMCI+CiAgPHRyPgogICAgPHRkIHdpZHRoPSIzMzIiPjxmb250IGNvbG9yPSM2OTY5Njkgc2l6ZT0iMiI+4pag44GU6LO85YWl5b6M5L2/55So44GX44Gf5ZWG5ZOB44Gu44K144Kk44K65aSJ5pu044Gr44Gk44GE44Gm4pagPC9mb250PjwvdGQ+CiAgICA8dGQgd2lkdGg9IjQ4Ij4mbmJzcDs8L3RkPgogIDwvdHI+CjwvdGFibGU+Cjx0YWJsZSB3aWR0aD0iMzkwIiBib3JkZXI9IjAiPgogIDx0cj4KICAgIDx0ZCB3aWR0aD0iODgiPjxkaXYgYWxpZ249InJpZ2h0Ij48L2Rpdj4KICAgIDwvdGQ+CiAgICA8dGQgd2lkdGg9IjI5MiI+PGZvbnQgY29sb3I9IzY5Njk2OSBzaXplPSIyIj7ljp/liYfkuI3lj688L2ZvbnQ+PC90ZD4KICA8L3RyPgogIDx0cj4KICAgIDx0ZCBoZWlnaHQ9IjM4Ij4mbmJzcDs8L3RkPgogICAgPHRkPjxmb250IGNvbG9yPSM2OTY5Njkgc2l6ZT0iMiI+4oC75pys5ZWG5ZOB44Gu5LuV5qeY5LiK44CB44GU6LO85YWl5b6M44GU5L2/55So44Gr44Gq44KJ44KM44Gf5ZWG5ZOB44Gu44K144Kk44K655u044GX44GvPGZvbnQgY29sb3I9IiMwMDk5RkYiPuWOn+WJh+OBqOOBl+OBpuOBiuWPl+OBkeOBmeOCi+OBk+OBqOOBjOOBp+OBjeOBvuOBm+OCkzwvZm9udD7jgILjgZ/jgaDjgZfjgIHjgYrlrqLmp5jjga7jgZTkuobmib/jga7jgoLjgajjgrXjgqTjgrrnm7TjgZfjgYzlj6/og73jgarloLTlkIjjgoLjgZTjgZbjgYTjgb7jgZnjga7jgafjgIHjg6Hjg7zjg6vjgavjgabjgYrllY/jgYTlkIjjgo/jgZvpoZjjgYTjgb7jgZnjgII8L2ZvbnQ+PC90ZD4KICA8L3RyPgogIDx0cj4KICAgIDx0ZCBoZWlnaHQ9IjE1Ij4mbmJzcDs8L3RkPgogICAgPHRkPiZuYnNwOzwvdGQ+CiAgPC90cj4KPC90YWJsZT4KPGltZyBzcmM9Imh0dHA6Ly9pbWFnZS5yYWt1dGVuLmNvLmpwL3ZpZWFuZ2UvY2FiaW5ldC9wYXJ0cy9sc19rb2t1aW4uanBnIiB3aWR0aD0iNDAwIiBoZWlnaHQ9IjM1IiBhbHQ9IuWIu+WNsOOCteODvOODk+OCuSIgIC8+Cgo8YnI+PGJyPgoKPHA+44Oq44Oz44Kw44Gu5YaF5YG044Gr44Oh44OD44K744O844K444KE44GK5ZCN5YmN44Gq44Gp44KS5Yi75Y2w44GZ44KL44GT44Go44GM44Gn44GN44G+44GZ44CCPGJyPgrliLvlrZfmqZ/jgpLkvb/jgaPjgabjgq/jg6njg5Xjg4jjg57jg7PjgYzmiYvkvZzmpa3jgacx5paH5a2XMeaWh+Wtl+S4geWvp+OBq+WIu+WNsOiHtOOBl+OBvuOBmeOAgjwvcD4KCgo8YnI+CgoK4pagJm5ic3A75Yi75Y2w57SN5pyfJm5ic3A74pagPGJyPgrjg5fjg6njgrnntITvvJHpgLHplpM8YnI+PGJyPgoK4pagJm5ic3A75Yi75Y2w5paZ6YeRJm5ic3A74pagPGJyPgrjg6rjg7PjgrDvvJHmnKzjgavjgaTjgY1cMSw1NzXvvIjnqI7ovrzvvIk8YnI+PGJyPgoK4pagJm5ic3A75Yi75Y2w5Y+v6IO95paH5a2X5pWwJm5ic3A74pagPGJyPgo45paH5a2XPGJyPgrvvIjoqJjlj7fjgIHjgrnjg5rjg7zjgrnjgIHjg57jg7zjgq/jgarjganjgoLvvJHmloflrZfliIbjgajjgZfjgabjgqvjgqbjg7Pjg4jjgZXjgozjgb7jgZnjgILvvIk8YnI+PGJyPgoK4pagJm5ic3A75pu45L2TJm5ic3A74pagPGJyPgrjg5bjg63jg4Pjgq/kvZPvvIjkuLjjgrTjgrfjg4Pjgq/vvInjga7jgb88YnI+PGJyPgoKPGltZyBzcmM9Imh0dHA6Ly9pbWFnZS5yYWt1dGVuLmNvLmpwL3ZpZWFuZ2UvY2FiaW5ldC9wYXJ0cy90ZWJvcmlrb2t1aW4uanBnIiB3aWR0aD0iNDAwIiBoZWlnaHQ9IjQwMCIgYWx0PSLliLvljbDmm7jkvZPopovmnKwiICAvPgoKPGJyPjxicj48YnI+CgoKPHN0cm9uZz7ilqAmbmJzcDvliLvljbDjga7jgZTms6jmlofmlrnms5UmbmJzcDvilqA8L3N0cm9uZz48YnI+PGJyPgoK44OX44Or44OA44Km44Oz44O744Oh44OL44Ol44O844GL44KJ44CM5biM5pyb44GZ44KL44CN44KS44GK6YG444Gz44GP44Gg44GV44GE44CCPGJyPgrms6jmlofnlLvpnaLjga7jgIzjgYrlupfjgbjjga7jg6Hjg4Pjgrvjg7zjgrjjgI3mrITjgavliLvljbDlhoXlrrnjgpLjgZToqJjlhaXjgY/jgaDjgZXjgYTjgII8YnI+CuWVhuWTgeOCkjLlgIvku6XkuIrlkIzmmYLjgavjgYrosrfjgYTmsYLjgoHjgYTjgZ/jgaDjgYTjgZ/loLTlkIjjga/jgIHliLvljbDlr77osaHllYblk4HjgYzjgo/jgYvjgovjgojjgYbjgavjgZTkvbXoqJjpoZjjgYTjgb7jgZnjgIIKPGJyPjxicj4KPGZvbnQgY29sb3I9IiNGRjAwMDAiPjxzdHJvbmc+44CQ6YeN6KaB44CRPGJyPuOBlOazqOaWh+eiuuiqjeW+jOOAgSAK5ZWG5ZOB5Luj6YeR44Gr5Yi75Y2w5paZ44KS5Yqg566X44GX44Gm44GU6KuL5rGC6YeR6aGN44KS5aSJ5pu044GV44Gb44Gm44GE44Gf44Gg44GN44G+44GZ44CCCuWIu+WNsOaWmeWKoOeul+W+jOOBruOBlOiri+axgumHkemhjeOBq+OBpOOBhOOBpuOBr+OAgQrjgZTms6jmlofnorroqo3lvozjgavjgYrpgIHjgorjgZnjgovjg6Hjg7zjg6vjgpLjgZTnorroqo3poZjjgYTjgb7jgZnjgII8L3N0cm9uZz48L2ZvbnQ+Cgo8YnI+PCEtLeKWvOKWvCDlt6bluK/jg6rjg7Pjgq/jgYLjgoog4pa84pa8LS0+Cgo8ZGl2IGlkPSJoaWRhcmktb2JpIj4KCjxzdHlsZT4KI2hpZGFyaS1vYmkgewpwb3NpdGlvbjogYWJzb2x1dGU7CnRvcDowcHg7CmxlZnQ6MTBweDsKYmFja2dyb3VuZDogdXJsKCJodHRwczovL2ltYWdlLnJha3V0ZW4uY28uanAvdmllYW5nZS9jYWJpbmV0L2NhbXBhaWduL3NjYm5yXzA1MTUuanBnIikgcmVwZWF0LXkgbGVmdCB0b3AgOwp9CiNoaWRhcmktb2JpIGEgewpkaXNwbGF5OiBibG9jazsKaGVpZ2h0OjkzMDBweDsvKuODmuODvOOCuOWFqOS9k+OBrumrmOOBlSovCndpZHRoOiAxNDBweDsvKuW4r+OBruW5hSovCn0KPC9zdHlsZT4KCjwvZGl2PgoKCgo8IS0t4pa84pa8IOW3puW4r+ODquODs+OCr+OBquOBlyDilrzilrwtLT4KCgoKCjwhLS3ilrzilrwg5bem5biv44Oq44Oz44Kv44Gq44GXIOKWvOKWvC0tPgoKPCEtLQo8c3R5bGUgdHlwZT0idGV4dC9jc3MiPgpib2R5ewpiYWNrZ3JvdW5kLWltYWdlOiB1cmwoImh0dHA6Ly9pbWFnZS5yYWt1dGVuLmNvLmpwL3ZpZWFuZ2UvY2FiaW5ldC9jYW1wYWlnbi9ibnJfMTAxMi5qcGciKTsKYmFja2dyb3VuZC1yZXBlYXQ6IHJlcGVhdC15OwpiYWNrZ3JvdW5kLWF0dGFjaG1lbnQ6IHNjcm9sbDsKYmFja2dyb3VuZC1wb3NpdGlvbjpsZWZ0Cn0KPC9zdHlsZT4KLS0+CgoKCgo8c3R5bGUgdHlwZT0idGV4dC9jc3MiPgoKLyog44GK5rCX44Gr5YWl44KK5ZWG5ZOBICovCgojcmFrdXRlbkxpbWl0ZWRJZF9hcm91bmRDYXJ0ICNzZXJ2aWNlVGFibGVTbWwgdGQuZmF2b3JpdGUgewoKcGFkZGluZy10b3A6IDVweDsKCn0KCiNyYWt1dGVuTGltaXRlZElkX2Fyb3VuZENhcnQgZGl2LmJvb2ttYXJrQXJlYSBkaXYuYmttIHsKCndpZHRoOiAyOTFweCAhaW1wb3J0YW50OwoKaGVpZ2h0OjMzcHggIWltcG9ydGFudDsKCnBhZGRpbmc6IDBweCAwcHggMTBweCAwcHggIWltcG9ydGFudDsKCn0KCiNyYWt1dGVuTGltaXRlZElkX2Fyb3VuZENhcnQgZGl2LmJvb2ttYXJrQXJlYSBkaXYuYmttIGEuYWRkQmttIHsKCndpZHRoOiAyOTFweCAhaW1wb3J0YW50OwoKaGVpZ2h0OjMzcHggIWltcG9ydGFudDsKCn0KCiNyYWt1dGVuTGltaXRlZElkX2Fyb3VuZENhcnQgZGl2LmJvb2ttYXJrQXJlYSBkaXYuYmttIGEuYWRkQmttIHNwYW4uYmttU3RhciB7CgpkaXNwbGF5OiBpbmxpbmUtYmxvY2sgIWltcG9ydGFudDsKCndpZHRoOiAyOTFweCAhaW1wb3J0YW50OwoKaGVpZ2h0OjMzcHggIWltcG9ydGFudDsKCm1hcmdpbjowcHggMHB4IDEwcHggMHB4ICFpbXBvcnRhbnQ7CgpiYWNrZ3JvdW5kOiB1cmwoImh0dHA6Ly9pbWFnZS5yYWt1dGVuLmNvLmpwL3ZpZWFuZ2UvY2FiaW5ldC9ibnJfZmF2aXRlbS5qcGciKSBuby1yZXBlYXQgIWltcG9ydGFudDsKCn0KCiAKCi8qIOOBiuawl+OBq+WFpeOCiuOCt+ODp+ODg+ODlyAqLwoKZGl2LmJvb2ttYXJrQXJlYSB7Cgp3aWR0aDogMjkxcHggIWltcG9ydGFudDsKCn0KCiNyYWt1dGVuTGltaXRlZElkX2Fyb3VuZENhcnQgZGl2LnNob3BCb29rbWFya0FyZWEgZGl2LnNob3BCa20gewoKd2lkdGg6IDI5MXB4ICFpbXBvcnRhbnQ7CgpoZWlnaHQ6MzNweCAhaW1wb3J0YW50OwoKcGFkZGluZzogMHB4IDBweCAhaW1wb3J0YW50OwoKcGFkZGluZy1sZWZ0OiAwcHggIWltcG9ydGFudDsKCn0KCiNyYWt1dGVuTGltaXRlZElkX2Fyb3VuZENhcnQgZGl2LnNob3BCb29rbWFya0FyZWEgZGl2LnNob3BCa20gYS5hZGRTaG9wQmttIHNwYW4uc2hvcEJrbVN0YXIgewoKZGlzcGxheTogaW5saW5lLWJsb2NrICFpbXBvcnRhbnQ7Cgp3aWR0aDogMjkxcHggIWltcG9ydGFudDsKCmhlaWdodDozM3B4ICFpbXBvcnRhbnQ7CgptYXJnaW4tcmlnaHQ6IDBweCAhaW1wb3J0YW50OwoKYmFja2dyb3VuZDogdXJsKCJodHRwOi8vaW1hZ2UucmFrdXRlbi5jby5qcC92aWVhbmdlL2NhYmluZXQvYm5yX2ZhdnNob3AuanBnIikgbm8tcmVwZWF0ICFpbXBvcnRhbnQ7Cgp9Cjwvc3R5bGU+CgoKCgo8ZGl2IGlkPSJwcmVzZW50X2Jhc2UiIGNsYXNzPSJjbGVhcmZpeCI+CiAgIDxkaXYgY2xhc3M9InByZXNlbnRfaW1nIj48aW1nIHNyYz0iaHR0cDovL2ltYWdlLnJha3V0ZW4uY28uanAvdmllYW5nZS9jYWJpbmV0L3RtZy9mb290X3ByZTAxLmdpZiIgYWx0PSLlpKfliIfjgarjgYLjga7kurrjgavntKDmlbXjgarjg5fjg6zjgrzjg7Pjg4giIHdpZHRoPSIxOTkiIGhlaWdodD0iMjk1IiAvPjwvZGl2PgogICA8ZGl2IGNsYXNzPSJwcmVzZW50X3R4dCI+PHA+5b2T5bqX44Gv44CB5Lq65rCX44Ki44Kv44K744K144Oq44O844OW44Op44Oz44OJ44CM5aSp5L2/44Gu5Y2144CN44KE44CM5pyq5p2l5aSp5L2/44CN44KS44Gv44GY44KB44CB6KqV55Sf55+z44Gu44Oa44Oz44OA44Oz44OI44KE44Oq44Oz44Kw44Gq44Gp44CB44OX44Os44K844Oz44OI44Gr44OU44OD44K/44Oq44Gq44Ki44Kv44K744K144Oq44O844KS5Y+W5omx44GG6YCa6LKp44K344On44OD44OX44Gn44GZ44CCPC9wPjxiciAvPgrjgIzlhKrjgZfjgYTlhYnjgavjgaTjgaTjgb7jgozjgovmsLjpgaDjga7lkb3jgI3jgpLooajnj77jgZfjgZ/jgrPjg7Pjgrvjg5fjg4jjgrjjg6Xjgqjjg6rjg7zjgIzmnKrmnaXlpKnkvb/jgI3jga/mnKrmnaXjgavlkJHjgZHjgabovJ3jgZHjgovlkb3jga7jgZnjgbDjgonjgZfjgZXjgpLlpJrlvanjgarjg4bjg7zjg57jg7vjg4fjgrbjgqTjg7Pjgafooajnj77jgZfjgabjgYTjgb7jgZnjgII8YnIgLz4K44Gd44KT44Gq5pyq5p2l5aSp5L2/44GL44KJ44Gu44OX44Os44K844Oz44OI44Go44GE44GG44Kz44Oz44K744OX44OI44Gn5L2c44KJ44KM44Gf44CM5aSp5L2/44Gu5Y2144CN44Gv44CB44CM6KqV55Sf44Gu5Zac44Gz44CN44KE44CM55Sf44GN44KL44GT44Go44Gu5oSf5YuV44Go6LOe6LOb44CN44KS44OG44O844Oe44Go44GX44Gm5Ym144KJ44KM44CB5Y2144Go576944Gu44OQ44Op44Oz44K544Gu6Imv44GE44KE44GV44GX44GE44OH44K244Kk44Oz44GM5oSb44GV44KM44Gm44GE44KL44Ot44Oz44Kw44K744Op44O844Gu5Lq65rCX44Ki44Kv44K744K144Oq44O844Gn44GZ44CC5piv6Z2e44CB5aSn5YiH44Gq5Lq644G444Gu44OX44Os44K844Oz44OI562J44Gr44KC44GU5rS755So5LiL44GV44GE77yBPC9kaXY+CjwvZGl2PgoKCgoKCjwhLS3ilrzilrzilrzjg6zjg5Pjg6Xjg7zjg7vms6jmlofnirbms4HilrzilrzilrwtLT4gICAKCiAgICAgICAgICAgIDxoMj48aW1nIHNyYz0iaHR0cDovL3d3dy5yYWt1dGVuLm5lLmpwL2dvbGQvdmllYW5nZS9pbWcvdGl0bGVfMDYuanBnIiBhbHQ9IuODrOODk+ODpeODvCIgd2lkdGg9IjY4OCIgaGVpZ2h0PSI3MCIgLz48L2gyPgogICAgICAgICAgICA8YnI+PGJyPgogIAoJICA8YnI+IDxicj4gPGJyPiAKICAgICAgICAgICAgICAgICAgPGgyPjxpbWcgc3JjPSJodHRwOi8vd3d3LnJha3V0ZW4ubmUuanAvZ29sZC92aWVhbmdlL2ltZy90aXRsZV8wNy5qcGciIGFsdD0i5rOo5paH54q25rOBIiB3aWR0aD0iNjg4IiBoZWlnaHQ9IjcwIiAvPjwvaDI+CiAgICAgICAgICAgICAgICAgICAgICAgICAgICAgIDxicj4gPGJyPiAKPGJyPiA8YnI+IDxicj4=,44CQ5Yi75Y2w5a++5b+c44CR4peGTE9WRVJTIFNDRU5FIOODqeODkOODvOOCuuOCt+ODvOODs+KXhuOCt+ODq+ODkOODvOODquODs+OCsO+8iOODrOODh+OCo+ODvOOCue+8ieOAkExTUjAxMDVQS1JN44CR44CQ44K344Or44OQ44O844Oq44Oz44KwIOODmuOCouODquODs+OCsCDjg5rjgqIg5oyH6LyqIOODreOCuOOCpuODoOWKoOW3pSDjg5fjg6zjgrzjg7Pjg4gg44Oq44Oz44KwIOOCt+ODq+ODkOODvCDjgqLjgq/jgrvjgrXjg6rjg7wg44K444Ol44Ko44Oq44O8IOODj+ODvOODiOWeiyDjgq7jg5Xjg4gg44GL44KP44GE44GE44CRIOavjeOBruaXpSDnlJ/nlKPntYLkuobvvJrlpKnkvb/jga7ljbUgd2l0aCBMT1ZFUlMgU0NFTkU=,5aSp5L2/44Gu5Y215pyq5p2l5aSp5L2/44K544Oa44O844K544Kv44Oq44Ko44O844K/44O844K444Ol44Ko44Oq44O844K344Or44OQ44O844Ki44Kv44K744K144Oq44O844OU44Oz44Kv44K344Or44OQ44O844ON44OD44Kv44Os44K555u05Za25bqX44Kv44Oq44K544Oe44K56ZmQ5a6a44Oa44Oz44OA44Oz44OI5oyH6Lyq44OU44Ki44K544OX44Os44K844Oz44OI44OZ44OT44O844K544OX44O844Oz44Os44OH44Kj44O844K544Op44OQ44O844K644K344O844Oz57WQ5ama5oyH6Lyq44Oa44Ki44Oq44Oz44Kw6KqV55Sf55+z44CQ5Yi75Y2w5a++5b+c44CR4peGTE9WRVJTIFNDRU5FIOODqeODkOODvOOCuuOCt+ODvOODs+KXhuOCt+ODq+ODkOODvOODquODs+OCsO+8iOODrOODh+OCo+ODvOOCue+8ieOAkExTUjAxMDVQS1JN44CR44CQ44K344Or44OQ44O844Oq44Oz44KwIOODmuOCouODquODs+OCsCDjg5rjgqIg5oyH6LyqIOODreOCuOOCpuODoOWKoOW3pSDjg5fjg6zjgrzjg7Pjg4gg44Oq44Oz44KwIOOCt+ODq+ODkOODvCDjgqLjgq/jgrvjgrXjg6rjg7wg44K444Ol44Ko44Oq44O8IOODj+ODvOODiOWeiyDjgq7jg5Xjg4gg44GL44KP44GE44GE44CRIOavjeOBruaXpSDnlJ/nlKPntYLkuoY=,44K344Oz44OX44Or44Gn5rSX57e044GV44KM44Gf44OH44K244Kk44OzIOODj+ODvOODiCDliLvljbDlr77lv5zjgILjgJDliLvljbDlr77lv5zjgJHil4ZMT1ZFUlMgU0NFTkUg44Op44OQ44O844K644K344O844Oz4peG44K344Or44OQ44O844Oq44Oz44Kw77yI44Os44OH44Kj44O844K577yJ44CQTFNSMDEwNVBLUk3jgJHjgJDjgrfjg6vjg5Djg7zjg6rjg7PjgrAg44Oa44Ki44Oq44Oz44KwIOODmuOCoiDmjIfovKog44Ot44K444Km44Og5Yqg5belIOODl+ODrOOCvOODs+ODiCDjg6rjg7PjgrAg44K344Or44OQ44O8IOOCouOCr+OCu+OCteODquODvCDjgrjjg6Xjgqjjg6rjg7wg44OP44O844OI5Z6LIOOCruODleODiCDjgYvjgo/jgYTjgYTjgJEg5q+N44Gu5pelIOeUn+eUo+e1guS6hg==[rn]
39-1053,aHR0cDovL3RzaG9wLnIxMHMuanAvdmllYW5nZS9jYWJpbmV0L2xvdmVyc19zY2VuZS9sc3IvbHNyMDMwOWQuanBnP2ZpdGluPTcwMDo3MDA=,NTQ0My4yMDAw,,44K444Ol44Ko44Oq44O844O744Ki44Kv44K744K144Oq44O8ID4g44Os44OH44Kj44O844K544K444Ol44Ko44Oq44O844O744Ki44Kv44K744K144Oq44O8ID4g5oyH6Lyq44O744Oq44Oz44Kw,4peG44CQ5Yi75Y2w5a++5b+c44CR4peGTE9WRVJTIFNDRU5FIOODqeODkOODvOOCuuOCt+ODvOODs+KXhuOCt+ODq+ODkOODvOODquODs+OCsO+8iOODrOODh+OCo+ODvOOCue+8ieOAkExTUjAzMDlE44CR44CQ44K344Or44OQ44O844Oq44Oz44KwIOODmuOCouODquODs+OCsCDjg5rjgqIg5oyH6LyqIOODoeODs+OCuiDjgq/jg63jgrkg44OA44Kk44Ok44Oi44Oz44OJIOODoeODg+OCu+ODvOOCuCDjg5fjg6zjgrzjg7Pjg4gg44Oq44Oz44KwIOOCt+ODq+ODkOODvCDjgqLjgq/jgrvjgrXjg6rjg7wg44K444Ol44Ko44Oq44O8IOODgOOCpOODpCDjgYvjgo/jgYTjgYTjgJEgIOavjeOBruaXpSDjgrfjg7Pjg5fjg6s=,5rC46YGg44Gu5oSb44Gu6Ki8IuODgOOCpOODpOODouODs+ODiSLlhaXjgorimIYg5Yi75Y2w5a++5b+cIOOCr+ODreOCueODqeOCpOODsw==,PGNlbnRlcj48YSBocmVmPSJodHRwczovL215LmJvb2ttYXJrLnJha3V0ZW4uY28uanAvP2Z1bmM9cmVnJnN2aWQ9MTAxJnNob3BfYmlkPTIwMzk0NyZpaWQ9MTAwMDA5MzQmaXR5cGU9MSB0YXJnZXQ9X2JsYW5rIj48aW1nIHNyYz0iaHR0cDovL2ltYWdlLnJha3V0ZW4uY28uanAvdmllYW5nZS9jYWJpbmV0L3BfYm5yX2Zhdml0ZW0uanBnIiBib3JkZXI9IjAiIHdpZHRoPSI2NjAiIGhlaWdodD0iMTMwIj48L2E+PC9jZW50ZXI+PGJyPjxicj48aW1nIHNyYz0iaHR0cDovL2ltYWdlLnJha3V0ZW4uY28uanAvdmllYW5nZS9jYWJpbmV0L2NhbXBhaWduL2xzX3BjX3Rva3V0ZW4uanBnImFsdD0iTE9WRVJTIFNDRU5FIOOCreODo+ODs+ODmuODvOODsyI+PGJyPjxicj4KCjxkaXYgaWQ9ImRldGFpbF9iYXNlMiI+Cgo8YnI+Cjxmb250IHNpemU9IjIiIGNvbG9yPSIjMzMzMzMzIj4KMjAxNC44LjHmmYLngrnjgIDjgrfjg6rjg7zjgrrlkIjoqIgKPC9mb250PgogCjxpbWcgc3JjPSJodHRwOi8vaW1hZ2UucmFrdXRlbi5jby5qcC92aWVhbmdlL2NhYmluZXQvaW1hZ2UvbHNyMDMwOWRfYmRfaW1hZ2VfNjYuanBnIiAvPgo8YnIgLz4KCjxpbWcgc3JjPSJodHRwOi8vaW1hZ2UucmFrdXRlbi5jby5qcC92aWVhbmdlL2NhYmluZXQvbG92ZXJzX3NjZW5lL2xzci9sc3IwMzA5ZGJkX2ltYWdlMi5qcGciIHdpZHRoPSI2NjAiIGhlaWdodD0iMTEwMCIgLz4KPGJyIC8+PGJyIC8+CjwvZGl2PgoKPGRpdiBjbGFzcz0ic3BfZ29vZHNfMTMwNV8wOSI+CiAgICAgCjxkaXYgY2xhc3M9InNwX3RhbnBpbl9sZWZ0Ij4KPGEgaHJlZj0iaHR0cDovL2l0ZW0ucmFrdXRlbi5jby5qcC92aWVhbmdlL2xzcjAzMDlkLWJkLyAiPgo8aW1nIHNyYz0iaHR0cDovL2ltYWdlLnJha3V0ZW4uY28uanAvdmllYW5nZS9jYWJpbmV0L2xvdmVyc19zY2VuZS9sc3IvbHNyMDMwOWRiZF9wYWlyLmpwZyIgd2lkdGg9IjIzNSIgaGVpZ2h0PSIyMzUiIGNsYXNzPSJpbWcyMCIgLz48L2E+CiAgICAgICA8cD7jgrfjg6vjg5Djg7zjg5rjgqLjg6rjg7PjgrDvvIjjg4DjgqTjg6Tjg6Ljg7Pjg4nlhaXjgorvvIk8YnIgLz4KICAgICAgIOe0hDQuMG1tw5fntIQyLjBtbe+8iOW5hcOX5Y6a44G/77yJPC9wPgo8L2Rpdj4KICAgIAo8ZGl2IGNsYXNzPSJzcF90YW5waW5fcmlnaHQiPgo8YSBocmVmPSJodHRwOi8vaXRlbS5yYWt1dGVuLmNvLmpwL3ZpZWFuZ2UvbHNyMDMwOWJkLyAiPgo8aW1nIHNyYz0iaHR0cDovL2ltYWdlLnJha3V0ZW4uY28uanAvdmllYW5nZS9jYWJpbmV0L2xvdmVyc19zY2VuZS9sc3IvbHNyMDMwOWJkX3RhbnBpbi5qcGciIHdpZHRoPSIyMzUiIGhlaWdodD0iMjM1IiBjbGFzcz0iaW1nMjAiIC8+PC9hPgogICAgICA8cD7jg6Hjg7Pjgrrjgrfjg6vjg5Djg7zjg6rjg7PjgrDvvIjjg5bjg6vjg7zjg4DjgqTjg6TlhaXjgorvvIk8YnIgLz4KICAgICAg57SENC4wbW3Dl+e0hDIuMG1t77yI5bmFw5fljprjgb/vvIkKICAgICAgIDwvcD4KPC9kaXY+CjwvZGl2PgoKCjxpbWcgc3JjPSJodHRwOi8vaW1hZ2UucmFrdXRlbi5jby5qcC92aWVhbmdlL2NhYmluZXQvcGFydHMvbHNyMDY1MF8zOS5naWYiIGNsYXNzPSJpbWcyMCIgLz4KICA8cCBjbGFzcz0iaW1nMTUiPuODquODs+OCsOOCkuedgOOBkeOCiOOBhuOBqOiAg+OBiOOBpuOBhOOCi+aMh+OBruS4gOeVquWkquOBhOmDqOWIhuOBq+ezuOOBquOBqeOCkuW3u+OBhOOBpuOAge+8keWRqOWIhuOBrua8lOe/kuOBrumVt+OBleOCkuWbs+OCiuOBvuOBmeOAgjxiciAvPgogIOOBk+OBrua4rOOCiuaWueOBr+OBguOBj+OBvuOBp+ewoeaYk+eahOOBquioiOa4rOaWueazleOBp+OBmeOBruOBp+OAgeato+eiuuOBq+OCteOCpOOCuuOCkua4rOOCi+OBq+OBr+OAgeOBiui/keOBj+OBruOCouOCr+OCu+OCteODquODvOOCt+ODp+ODg+ODl+OBquOBqeOBp+OAgeOAjuODquODs+OCsOOCsuODvOOCuOOAj+OCkuS9v+eUqOOBl+OBpuioiOa4rOOBl+OBpuS4i+OBleOBhOOAgjwvcD4KICA8aW1nIHNyYz0iaHR0cDovL2ltYWdlLnJha3V0ZW4uY28uanAvdmllYW5nZS9jYWJpbmV0L3BhcnRzL2xzcjA2NTBfNDEuZ2lmIiB3aWR0aD0iNjYwIiBoZWlnaHQ9IjE2NyIgY2xhc3M9ImltZzYwIiAvPgoKPGRpdiBjbGFzcz0iY2FfMDEiPgo8aW1nIHNyYz0iaHR0cDovL2ltYWdlLnJha3V0ZW4uY28uanAvdmllYW5nZS9jYWJpbmV0L3dyYXBwaW5nL3dyYXBwaW5nX3RpdGxlLmpwZyIgYWx0PSLjg6njg4Pjg5Tjg7PjgrAiPgoKPGJyPjxicj48YnI+Cgo8dGFibGUgYm9yZGVyPSIwIiB3aWR0aD0iNjYwcHgiPgo8dHI+Cjx0ZD4KPGltZyBzcmM9Imh0dHA6Ly9pbWFnZS5yYWt1dGVuLmNvLmpwL3ZpZWFuZ2UvY2FiaW5ldC93cmFwcGluZy9sc193cmFwXzAxXzEuanBnIiBhbHQ9IkxPVkVSUyBTQ0VORSAg6YCa5bi444Op44OD44OU44Oz44KwIj4KPC90ZD4KPHRkPgo8aW1nIHNyYz0iaHR0cDovL2ltYWdlLnJha3V0ZW4uY28uanAvdmllYW5nZS9jYWJpbmV0L3dyYXBwaW5nL2xzX3dyYXBfMDIuanBnIiBhbHQ9IkxPVkVSUyBTQ0VOReOAgOOCqOOCs+ODqeODg+ODlOODs+OCsCI+CjwvdGQ+Cjx0ZD4KPGEgIGhyZWY9Imh0dHA6Ly9pdGVtLnJha3V0ZW4uY28uanAvdmllYW5nZS9jLzAwMDAwMDA3ODEvIj48aW1nIHNyYz0iaHR0cDovL2ltYWdlLnJha3V0ZW4uY28uanAvdmllYW5nZS9jYWJpbmV0L3dyYXBwaW5nL2xzX3dyYXBfMDMuanBnIiBhbHQ9IkxPVkVSUyBTQ0VOReOAgOOCueODmuOCt+ODo+ODq+ODqeODg+ODlOODs+OCsCI+PC9hPgo8L3RkPgo8L3RyPgo8L3RhYmxlPgo8aW1nIHNyYz0iaHR0cDovL2ltYWdlLnJha3V0ZW4uY28uanAvdmllYW5nZS9jYWJpbmV0L3dyYXBwaW5nL2tpa2luLmpwZyIgYWx0PSLlpKnkvb/jga7ljbXln7rph5EiPgoKPGEgIGhyZWY9Imh0dHA6Ly9pdGVtLnJha3V0ZW4uY28uanAvdmllYW5nZS9jLzAwMDAwMDA3OTEvIj4KPGltZyBzcmM9Imh0dHA6Ly9pbWFnZS5yYWt1dGVuLmNvLmpwL3ZpZWFuZ2UvY2FiaW5ldC93cmFwcGluZy9sc19jYXJkLmpwZyIgYWx0PSLjg6Hjg4Pjgrvjg7zjgrjjgqvjg7zjg4kiPjwvYT4KCgo8aW1nIApzcmM9Imh0dHA6Ly9pbWFnZS5yYWt1dGVuLmNvLmpwL3ZpZWFuZ2UvY2FiaW5ldC9jYW1wYWlnbi9ub2JlX2xzXzY2MC5qcGciIHdpZHRoPSI2NjAiIGhpZ2h0PSIyMDAiIGFsdD0iTE9WRVJTIFNDRU5FIOODjuODmeODq+ODhuOCoyI+PGJyPjxicj4KPC9kaXY+Cgo8VEFCTEUgYm9yZGVyPSIwIiB3aWR0aD0iMzkwIj4KICA8VEJPRFk+CiAgICA8VFI+CiAgICAgIDxURD4KCjxmb250IGNvbG9yPSM2OTY5Njkgc2l6ZT0iMiI+CjLpgKPjg6rjg7PjgrDjga7jg4fjgrbjgqTjg7Pjgagx6YCj44Oq44Oz44Kw552A44GR5b+D5Zyw44KS5a6f54++44GX44Gf44Oq44Oz44Kw44CCCgo8cD7ilqDntKDmnZDilqA8YnI+ClNWOTI144O744OA44Kk44Ok44Oi44Oz44OJPC9wPgoKPHA+4pag5aSn44GN44GV77yIbW3vvInilqA8YnI+CuW5hee0hDTDl+WOmuOBv+e0hDI8L3A+Cgo8cD7ilqDph43ph4/ilqA8YnI+Cue0hDNnPC9wPgoK4oC744K144Kk44K644O76YeN6YeP44Gv5aSa5bCR44Gu5YCL5L2T5beu44GM5Ye644G+44GZ4oC7IAo8L3A+PC9mb250PgogICAgICA8L1REPgogICAgPC9UUj4KICA8L1RCT0RZPgo8L1RBQkxFPgo8YnI+PGJyPgo8Zm9udCBjb2xvcj0jMDA5OUZGIHNpemU9IjIiPuKWoOaJi+W9q+WIu+WNsOWvvuW/nO+8iOacieaWmeOCquODl+OCt+ODp+ODs++8ieKWoDwvZm9udD48YnI+Cjxmb250IGNvbG9yPSM2OTY5Njkgc2l6ZT0iMiI+4peP44GT44Gu5ZWG5ZOB44Gv44CB44Oq44Oz44Kw44Gu5YaF5YG044Gr5Yi75Y2wKOaWh+Wtl+WFpeOCjCnjgYzjgafjgY3jgb7jgZnjgIIKPC9mb250Pjxicj4KPGZvbnQgY29sb3I9IzY5Njk2OSBzaXplPSIyIj7il4/liLvlrZfmqZ/jgpLkvb/jgaPjgabjgq/jg6njg5Xjg4jjg57jg7PjgYzmiYvkvZzmpa3jgaflvavovrzjgoDvvJzmiYvlvavliLvljbAKCu+8nuOBqOOBquOCiuOBvuOBmeOAggo8L2ZvbnQ+PGJyPgo8Zm9udCBjb2xvcj0jNjk2OTY5IHNpemU9IjIiPuKXj+abuOS9k+OBr+ODluODreODg+OCr+S9kyjkuLjjgrTjgrfjg4Pjgq8p44Gu44G/44CCPC9mb250Pjxicj4KPGZvbnQgY29sb3I9IzY5Njk2OSBzaXplPSIyIj7il4/kvb/nlKjlj6/og73mloflrZfjg7voqJjlj7fvvJrjgIBB772eWuOBruOCouODq+ODleOCoeODmeODg+ODiOWkp+aWh+Wtl+OAge+8kArvvZ7vvJnjga7oi7HmlbDlrZfjgIHjg4/jgqTjg5Xjg7MoIC0gKeOAgeODlOODquOCquODiSggLiAp44CB44Ki44Oz44OJ6KiY5Y+377yIICZhbXA7ICnjgIHlsI/mloflrZfjga7jgIx0b+OAjeOAgQrkuK3pu5IoIOODuyk8L2ZvbnQ+PGJyPgo8Zm9udCBjb2xvcj0jRkYwMDAwIHNpemU9IjIiPuOBk+OBruWVhuWTgeOBr+WQiOioiDxmb250IHNpemU9IjUiPjxzdHJvbmc+MTHmloflrZcKCjwvc3Ryb25nPjwvZm9udD7jgb7jgafliLvljbDlj6/og73jgafjgZnjgII8L2ZvbnQ+PGJyPgo8Zm9udCBjb2xvcj0jRkYwMDAwIHNpemU9IjIiPijoqJjlj7fjg7vjgrnjg5rjg7zjgrnjgarjganjgoLvvJHmloflrZfjgajjgZfjgabjgqvjgqbjg7Pjg4jjgZXjgozjgb7jgZkpCgo8L2ZvbnQ+PGJyPgo8YnI+Cjxmb250IGNvbG9yPSMwMDk5RkYgc2l6ZT0iMiI+4pag5Yi75Y2w5paZ6YeR77ya77+l77yR77yM77yV77yX77yVKOeojui+vCk8Zm9udCBjb2xvcj0iIzY2NjY2NiI+Ci3liLvljbDlj6/og73mloflrZfmlbDku6XlhoXjgarjgonkvZXmloflrZfjgafjgoI8L2ZvbnQ+PC9mb250Pjxicj4KPGZvbnQgY29sb3I9IzAwOTlGRiBzaXplPSIyIj7ilqDntI3mnJ/vvJor57SE77yR6YCx6ZaTPC9mb250Pjxicj4KPGJyPgo8Zm9udCBjb2xvcj0jMDA5OUZGIHNpemU9IjIiPuKWoOOBlOazqOaWh+aWueazle+8mjwvZm9udD48YnI+Cjxmb250IGNvbG9yPSM2OTY5Njkgc2l6ZT0iMiI+6YG45oqe6IKi44KI44KK44CM5pyJ5paZ5Yi75Y2w5biM5pyb44CN44KS44GU6YG45oqe44GP44Gg44GV44GE44CCCgo8L2ZvbnQ+PGJyPgo8Zm9udCBjb2xvcj0jNjk2OTY5IHNpemU9IjIiPuazqOaWh+eUu+mdouOBruOAjOOBiuW6l+OBuOOBruODoeODg+OCu+ODvOOCuOOAjeashOOBq+WIu+WNsOWGheWuueOCkuOBiuabuOOBjeS4iwrjgZXjgYTjgII8L2ZvbnQ+PGJyPgo8Zm9udCBjb2xvcj0jNjk2OTY5IHNpemU9IjIiPuWIu+WNsOaWmemHkeOBr+OBlOazqOaWh+eiuuiqjeW+jOOBq+WVhuWTgeS7o+mHkeOBq+WKoOeul+OBleOCjOOAgeOBiuWuouanmOOBq+OBigoK6YCB44KK44GZ44KL44K144Oz44Kv44K544Oh44O844Or44Gr44Gm5Y+N5pig44GV44KM44G+44GZ44CCPC9mb250Pjxicj48IS0t4pa84pa8IOW3puW4r+ODquODs+OCr+OBguOCiiDilrzilrwtLT4KCjxkaXYgaWQ9ImhpZGFyaS1vYmkiPgoKPHN0eWxlPgojaGlkYXJpLW9iaSB7CnBvc2l0aW9uOiBhYnNvbHV0ZTsKdG9wOjBweDsKbGVmdDoxMHB4OwpiYWNrZ3JvdW5kOiB1cmwoImh0dHBzOi8vaW1hZ2UucmFrdXRlbi5jby5qcC92aWVhbmdlL2NhYmluZXQvY2FtcGFpZ24vc2NibnJfMDUxNS5qcGciKSByZXBlYXQteSBsZWZ0IHRvcCA7Cn0KI2hpZGFyaS1vYmkgYSB7CmRpc3BsYXk6IGJsb2NrOwpoZWlnaHQ6OTMwMHB4Oy8q44Oa44O844K45YWo5L2T44Gu6auY44GVKi8Kd2lkdGg6IDE0MHB4Oy8q5biv44Gu5bmFKi8KfQo8L3N0eWxlPgoKPC9kaXY+CgoKCjwhLS3ilrzilrwg5bem5biv44Oq44Oz44Kv44Gq44GXIOKWvOKWvC0tPgoKCgoKPCEtLeKWvOKWvCDlt6bluK/jg6rjg7Pjgq/jgarjgZcg4pa84pa8LS0+Cgo8IS0tCjxzdHlsZSB0eXBlPSJ0ZXh0L2NzcyI+CmJvZHl7CmJhY2tncm91bmQtaW1hZ2U6IHVybCgiaHR0cDovL2ltYWdlLnJha3V0ZW4uY28uanAvdmllYW5nZS9jYWJpbmV0L2NhbXBhaWduL2Jucl8xMDEyLmpwZyIpOwpiYWNrZ3JvdW5kLXJlcGVhdDogcmVwZWF0LXk7CmJhY2tncm91bmQtYXR0YWNobWVudDogc2Nyb2xsOwpiYWNrZ3JvdW5kLXBvc2l0aW9uOmxlZnQKfQo8L3N0eWxlPgotLT4KCgoKCjxzdHlsZSB0eXBlPSJ0ZXh0L2NzcyI+CgovKiDjgYrmsJfjgavlhaXjgorllYblk4EgKi8KCiNyYWt1dGVuTGltaXRlZElkX2Fyb3VuZENhcnQgI3NlcnZpY2VUYWJsZVNtbCB0ZC5mYXZvcml0ZSB7CgpwYWRkaW5nLXRvcDogNXB4OwoKfQoKI3Jha3V0ZW5MaW1pdGVkSWRfYXJvdW5kQ2FydCBkaXYuYm9va21hcmtBcmVhIGRpdi5ia20gewoKd2lkdGg6IDI5MXB4ICFpbXBvcnRhbnQ7CgpoZWlnaHQ6MzNweCAhaW1wb3J0YW50OwoKcGFkZGluZzogMHB4IDBweCAxMHB4IDBweCAhaW1wb3J0YW50OwoKfQoKI3Jha3V0ZW5MaW1pdGVkSWRfYXJvdW5kQ2FydCBkaXYuYm9va21hcmtBcmVhIGRpdi5ia20gYS5hZGRCa20gewoKd2lkdGg6IDI5MXB4ICFpbXBvcnRhbnQ7CgpoZWlnaHQ6MzNweCAhaW1wb3J0YW50OwoKfQoKI3Jha3V0ZW5MaW1pdGVkSWRfYXJvdW5kQ2FydCBkaXYuYm9va21hcmtBcmVhIGRpdi5ia20gYS5hZGRCa20gc3Bhbi5ia21TdGFyIHsKCmRpc3BsYXk6IGlubGluZS1ibG9jayAhaW1wb3J0YW50OwoKd2lkdGg6IDI5MXB4ICFpbXBvcnRhbnQ7CgpoZWlnaHQ6MzNweCAhaW1wb3J0YW50OwoKbWFyZ2luOjBweCAwcHggMTBweCAwcHggIWltcG9ydGFudDsKCmJhY2tncm91bmQ6IHVybCgiaHR0cDovL2ltYWdlLnJha3V0ZW4uY28uanAvdmllYW5nZS9jYWJpbmV0L2Jucl9mYXZpdGVtLmpwZyIpIG5vLXJlcGVhdCAhaW1wb3J0YW50OwoKfQoKIAoKLyog44GK5rCX44Gr5YWl44KK44K344On44OD44OXICovCgpkaXYuYm9va21hcmtBcmVhIHsKCndpZHRoOiAyOTFweCAhaW1wb3J0YW50OwoKfQoKI3Jha3V0ZW5MaW1pdGVkSWRfYXJvdW5kQ2FydCBkaXYuc2hvcEJvb2ttYXJrQXJlYSBkaXYuc2hvcEJrbSB7Cgp3aWR0aDogMjkxcHggIWltcG9ydGFudDsKCmhlaWdodDozM3B4ICFpbXBvcnRhbnQ7CgpwYWRkaW5nOiAwcHggMHB4ICFpbXBvcnRhbnQ7CgpwYWRkaW5nLWxlZnQ6IDBweCAhaW1wb3J0YW50OwoKfQoKI3Jha3V0ZW5MaW1pdGVkSWRfYXJvdW5kQ2FydCBkaXYuc2hvcEJvb2ttYXJrQXJlYSBkaXYuc2hvcEJrbSBhLmFkZFNob3BCa20gc3Bhbi5zaG9wQmttU3RhciB7CgpkaXNwbGF5OiBpbmxpbmUtYmxvY2sgIWltcG9ydGFudDsKCndpZHRoOiAyOTFweCAhaW1wb3J0YW50OwoKaGVpZ2h0OjMzcHggIWltcG9ydGFudDsKCm1hcmdpbi1yaWdodDogMHB4ICFpbXBvcnRhbnQ7CgpiYWNrZ3JvdW5kOiB1cmwoImh0dHA6Ly9pbWFnZS5yYWt1dGVuLmNvLmpwL3ZpZWFuZ2UvY2FiaW5ldC9ibnJfZmF2c2hvcC5qcGciKSBuby1yZXBlYXQgIWltcG9ydGFudDsKCn0KPC9zdHlsZT4KCgoKCjxkaXYgaWQ9InByZXNlbnRfYmFzZSIgY2xhc3M9ImNsZWFyZml4Ij4KICAgPGRpdiBjbGFzcz0icHJlc2VudF9pbWciPjxpbWcgc3JjPSJodHRwOi8vaW1hZ2UucmFrdXRlbi5jby5qcC92aWVhbmdlL2NhYmluZXQvdG1nL2Zvb3RfcHJlMDEuZ2lmIiBhbHQ9IuWkp+WIh+OBquOBguOBruS6uuOBq+e0oOaVteOBquODl+ODrOOCvOODs+ODiCIgd2lkdGg9IjE5OSIgaGVpZ2h0PSIyOTUiIC8+PC9kaXY+CiAgIDxkaXYgY2xhc3M9InByZXNlbnRfdHh0Ij48cD7lvZPlupfjga/jgIHkurrmsJfjgqLjgq/jgrvjgrXjg6rjg7zjg5bjg6njg7Pjg4njgIzlpKnkvb/jga7ljbXjgI3jgoTjgIzmnKrmnaXlpKnkvb/jgI3jgpLjga/jgZjjgoHjgIHoqpXnlJ/nn7Pjga7jg5rjg7Pjg4Djg7Pjg4jjgoTjg6rjg7PjgrDjgarjganjgIHjg5fjg6zjgrzjg7Pjg4jjgavjg5Tjg4Pjgr/jg6rjgarjgqLjgq/jgrvjgrXjg6rjg7zjgpLlj5bmibHjgYbpgJrosqnjgrfjg6fjg4Pjg5fjgafjgZnjgII8L3A+PGJyIC8+CuOAjOWEquOBl+OBhOWFieOBq+OBpOOBpOOBvuOCjOOCi+awuOmBoOOBruWRveOAjeOCkuihqOePvuOBl+OBn+OCs+ODs+OCu+ODl+ODiOOCuOODpeOCqOODquODvOOAjOacquadpeWkqeS9v+OAjeOBr+acquadpeOBq+WQkeOBkeOBpui8neOBkeOCi+WRveOBruOBmeOBsOOCieOBl+OBleOCkuWkmuW9qeOBquODhuODvOODnuODu+ODh+OCtuOCpOODs+OBp+ihqOePvuOBl+OBpuOBhOOBvuOBmeOAgjxiciAvPgrjgZ3jgpPjgarmnKrmnaXlpKnkvb/jgYvjgonjga7jg5fjg6zjgrzjg7Pjg4jjgajjgYTjgYbjgrPjg7Pjgrvjg5fjg4jjgafkvZzjgonjgozjgZ/jgIzlpKnkvb/jga7ljbXjgI3jga/jgIHjgIzoqpXnlJ/jga7llpzjgbPjgI3jgoTjgIznlJ/jgY3jgovjgZPjgajjga7mhJ/li5Xjgajos57os5vjgI3jgpLjg4bjg7zjg57jgajjgZfjgablibXjgonjgozjgIHljbXjgajnvr3jga7jg5Djg6njg7Pjgrnjga7oia/jgYTjgoTjgZXjgZfjgYTjg4fjgrbjgqTjg7PjgYzmhJvjgZXjgozjgabjgYTjgovjg63jg7PjgrDjgrvjg6njg7zjga7kurrmsJfjgqLjgq/jgrvjgrXjg6rjg7zjgafjgZnjgILmmK/pnZ7jgIHlpKfliIfjgarkurrjgbjjga7jg5fjg6zjgrzjg7Pjg4jnrYnjgavjgoLjgZTmtLvnlKjkuIvjgZXjgYTvvIE8L2Rpdj4KPC9kaXY+CgoKCgoKPCEtLeKWvOKWvOKWvOODrOODk+ODpeODvOODu+azqOaWh+eKtuazgeKWvOKWvOKWvC0tPiAgIAoKICAgICAgICAgICAgPGgyPjxpbWcgc3JjPSJodHRwOi8vd3d3LnJha3V0ZW4ubmUuanAvZ29sZC92aWVhbmdlL2ltZy90aXRsZV8wNi5qcGciIGFsdD0i44Os44OT44Ol44O8IiB3aWR0aD0iNjg4IiBoZWlnaHQ9IjcwIiAvPjwvaDI+CiAgICAgICAgICAgIDxicj48YnI+CiAgCgkgIDxicj4gPGJyPiA8YnI+IAogICAgICAgICAgICAgICAgICA8aDI+PGltZyBzcmM9Imh0dHA6Ly93d3cucmFrdXRlbi5uZS5qcC9nb2xkL3ZpZWFuZ2UvaW1nL3RpdGxlXzA3LmpwZyIgYWx0PSLms6jmlofnirbms4EiIHdpZHRoPSI2ODgiIGhlaWdodD0iNzAiIC8+PC9oMj4KICAgICAgICAgICAgICAgICAgICAgICAgICAgICAgPGJyPiA8YnI+IAo8YnI+IDxicj4gPGJyPg==,4peG44CQ5Yi75Y2w5a++5b+c44CR4peGTE9WRVJTIFNDRU5FIOODqeODkOODvOOCuuOCt+ODvOODs+KXhuOCt+ODq+ODkOODvOODquODs+OCsO+8iOODrOODh+OCo+ODvOOCue+8ieOAkExTUjAzMDlE44CR44CQ44K344Or44OQ44O844Oq44Oz44KwIOODmuOCouODquODs+OCsCDjg5rjgqIg5oyH6LyqIOODoeODs+OCuiDjgq/jg63jgrkg44OA44Kk44Ok44Oi44Oz44OJIOODoeODg+OCu+ODvOOCuCDjg5fjg6zjgrzjg7Pjg4gg44Oq44Oz44KwIOOCt+ODq+ODkOODvCDjgqLjgq/jgrvjgrXjg6rjg7wg44K444Ol44Ko44Oq44O8IOODgOOCpOODpCDjgYvjgo/jgYTjgYTjgJEgIOavjeOBruaXpSDjgrfjg7Pjg5fjg6vvvJrlpKnkvb/jga7ljbUgd2l0aCBMT1ZFUlMgU0NFTkU=,5aSp5L2/44Gu5Y215pyq5p2l5aSp5L2/44K544Oa44O844K544Kv44Oq44Ko44O844K/44O844K444Ol44Ko44Oq44O844K344Or44OQ44O844Ki44Kv44K744K144Oq44O844OU44Oz44Kv44K344Or44OQ44O844ON44OD44Kv44Os44K555u05Za25bqX44Kv44Oq44K544Oe44K56ZmQ5a6a44Oa44Oz44OA44Oz44OI5oyH6Lyq44OU44Ki44K544OX44Os44K844Oz44OI44OZ44OT44O844K544OX44O844Oz44Os44OH44Kj44O844K544Op44OQ44O844K644K344O844Oz57WQ5ama5oyH6Lyq44Oa44Ki44Oq44Oz44Kw6KqV55Sf55+z4peG44CQ5Yi75Y2w5a++5b+c44CR4peGTE9WRVJTIFNDRU5FIOODqeODkOODvOOCuuOCt+ODvOODs+KXhuOCt+ODq+ODkOODvOODquODs+OCsO+8iOODrOODh+OCo+ODvOOCue+8ieOAkExTUjAzMDlE44CR44CQ44K344Or44OQ44O844Oq44Oz44KwIOODmuOCouODquODs+OCsCDjg5rjgqIg5oyH6LyqIOODoeODs+OCuiDjgq/jg63jgrkg44OA44Kk44Ok44Oi44Oz44OJIOODoeODg+OCu+ODvOOCuCDjg5fjg6zjgrzjg7Pjg4gg44Oq44Oz44KwIOOCt+ODq+ODkOODvCDjgqLjgq/jgrvjgrXjg6rjg7wg44K444Ol44Ko44Oq44O8IOODgOOCpOODpCDjgYvjgo/jgYTjgYTjgJEgIOavjeOBruaXpSDjgrfjg7Pjg5fjg6s=,5rC46YGg44Gu5oSb44Gu6Ki8JnF1b3Q744OA44Kk44Ok44Oi44Oz44OJJnF1b3Q75YWl44KK4piGIOWIu+WNsOWvvuW/nCDjgq/jg63jgrnjg6njgqTjg7PjgILil4bjgJDliLvljbDlr77lv5zjgJHil4ZMT1ZFUlMgU0NFTkUg44Op44OQ44O844K644K344O844Oz4peG44K344Or44OQ44O844Oq44Oz44Kw77yI44Os44OH44Kj44O844K577yJ44CQTFNSMDMwOUTjgJHjgJDjgrfjg6vjg5Djg7zjg6rjg7PjgrAg44Oa44Ki44Oq44Oz44KwIOODmuOCoiDmjIfovKog44Oh44Oz44K6IOOCr+ODreOCuSDjg4DjgqTjg6Tjg6Ljg7Pjg4kg44Oh44OD44K744O844K4IOODl+ODrOOCvOODs+ODiCDjg6rjg7PjgrAg44K344Or44OQ44O8IOOCouOCr+OCu+OCteODquODvCDjgrjjg6Xjgqjjg6rjg7wg44OA44Kk44OkIOOBi+OCj+OBhOOBhOOAkSAg5q+N44Gu5pelIOOCt+ODs+ODl+ODqw==[rn]
39-1054,aHR0cDovL3RzaG9wLnIxMHMuanAvdmllYW5nZS9jYWJpbmV0L2xvdmVyc19zY2VuZS9sc3IvbHNyNTAzM2RsLmpwZz9maXRpbj03MDA6NzAw,NjczOS4yMDAw,,44K444Ol44Ko44Oq44O844O744Ki44Kv44K744K144Oq44O8ID4g44Os44OH44Kj44O844K544K444Ol44Ko44Oq44O844O744Ki44Kv44K744K144Oq44O8ID4g5oyH6Lyq44O744Oq44Oz44Kw,44CQ5Yi75Y2w5a++5b+c44CR4peGTE9WRVJTIFNDRU5FIOODqeODkOODvOOCuuOCt+ODvOODs+KXhuOCt+ODq+ODkOODvOODquODs+OCsOOAkExTUjUwMzNETOOAkeOAkOOCt+ODq+ODkOODvOODquODs+OCsCDjg5rjgqLjg6rjg7PjgrAg44Oa44KiIOaMh+i8qiDjg6Hjg7Pjgrog44Os44OH44Kj44O844K5IOOCr+ODreOCuSDjg5fjg6zjgrzjg7Pjg4gg44Oq44Oz44KwIOWIu+WNsOWPr+iDvSDjgrfjg6vjg5Djg7wg44Ki44Kv44K744K144Oq44O8IOOCuOODpeOCqOODquODvCDjg5rjgqLjg6rjg7PjgrDjgrfjg6vjg5Djg7wg5aa7IOOBi+OCj+OBhOOBhOOAkSAg5q+N44Gu5pelIOOCt+ODs+ODl+ODqw==,44OA44Kk44Ok44Oi44Oz44OJ44GM6Lyd44GP44K344Oz44OX44Or44Oq44Oz44Kw4piGIOWIu+WNsOWvvuW/nCDjgq/jg63jgrnjg6njgqTjg7M=,PGNlbnRlcj48YSBocmVmPSJodHRwczovL215LmJvb2ttYXJrLnJha3V0ZW4uY28uanAvP2Z1bmM9cmVnJnN2aWQ9MTAxJnNob3BfYmlkPTIwMzk0NyZpaWQ9MTAwMDA5NDAmaXR5cGU9MSB0YXJnZXQ9X2JsYW5rIj48aW1nIHNyYz0iaHR0cDovL2ltYWdlLnJha3V0ZW4uY28uanAvdmllYW5nZS9jYWJpbmV0L3BfYm5yX2Zhdml0ZW0uanBnIiBib3JkZXI9IjAiIHdpZHRoPSI2NjAiIGhlaWdodD0iMTMwIj48L2E+PC9jZW50ZXI+PGJyPjxicj48aW1nIHNyYz0iaHR0cDovL2ltYWdlLnJha3V0ZW4uY28uanAvdmllYW5nZS9jYWJpbmV0L2NhbXBhaWduL2xzX3BjX3Rva3V0ZW4uanBnImFsdD0iTE9WRVJTIFNDRU5FIOOCreODo+ODs+ODmuODvOODsyI+PGJyPjxicj4KCjxkaXYgaWQ9ImRldGFpbF9iYXNlMiI+CiAKPGltZyBzcmM9Imh0dHA6Ly9pbWFnZS5yYWt1dGVuLmNvLmpwL3ZpZWFuZ2UvY2FiaW5ldC9sb3ZlcnNfc2NlbmUvbHNyL2xzcjUwMzNkbG1faW1hZ2UuanBnIiB3aWR0aD0iNjYwIiBoZWlnaHQ9IjQwMCIgLz4KPGJyIC8+PGJyIC8+Cgo8aW1nIHNyYz0iaHR0cDovL2ltYWdlLnJha3V0ZW4uY28uanAvdmllYW5nZS9jYWJpbmV0L2xvdmVyc19zY2VuZS9sc3IvbHNyNTAzM2RsbV9pbWFnZTIuanBnIiB3aWR0aD0iNjYwIiBoZWlnaHQ9IjExMDAiIC8+CjxiciAvPjxiciAvPgo8L2Rpdj4KCjxkaXYgY2xhc3M9InNwX2dvb2RzXzEzMDVfMDkiPgogICAgIAo8ZGl2IGNsYXNzPSJzcF90YW5waW5fbGVmdCI+CjxhIGhyZWY9Imh0dHA6Ly9pdGVtLnJha3V0ZW4uY28uanAvdmllYW5nZS9sc3I1MDMzZGwtbS8gIj4KPGltZyBzcmM9Imh0dHA6Ly9pbWFnZS5yYWt1dGVuLmNvLmpwL3ZpZWFuZ2UvY2FiaW5ldC9sb3ZlcnNfc2NlbmUvbHNyL2xzcjUwMzNkbG1fcGFpci5qcGcgIiB3aWR0aD0iMjM1IiBoZWlnaHQ9IjIzNSIgY2xhc3M9ImltZzIwIiAvPjwvYT4KICAgICAgIDxwPuOCt+ODq+ODkOODvOODmuOCouODquODs+OCsDxiciAvPgogICAgICAg57SEMy42bW3Dl+e0hDEuNm1t77yI5bmFw5fljprjgb/vvIk8L3A+CjwvZGl2PgogICAgCjxkaXYgY2xhc3M9InNwX3RhbnBpbl9yaWdodCI+CjxhIGhyZWY9Imh0dHA6Ly9pdGVtLnJha3V0ZW4uY28uanAvdmllYW5nZS9sc3I1MDMzbS8gIj4KPGltZyBzcmM9Imh0dHA6Ly9pbWFnZS5yYWt1dGVuLmNvLmpwL3ZpZWFuZ2UvY2FiaW5ldC9sb3ZlcnNfc2NlbmUvbHNyL2xzcjUwMzNtX3RhbnBpbi5qcGcgIiB3aWR0aD0iMjM1IiBoZWlnaHQ9IjIzNSIgY2xhc3M9ImltZzIwIiAvPjwvYT4KICAgICAgPHA+44Oh44Oz44K644K344Or44OQ44O844Oq44Oz44KwPGJyIC8+CiAgICAgIOe0hDMuNm1tw5fntIQxLjZtbe+8iOW5hcOX5Y6a44G/77yJCiAgICAgICA8L3A+CjwvZGl2Pgo8L2Rpdj4KCgo8aW1nIHNyYz0iaHR0cDovL2ltYWdlLnJha3V0ZW4uY28uanAvdmllYW5nZS9jYWJpbmV0L3BhcnRzL2xzcjA2NTBfMzkuZ2lmIiBjbGFzcz0iaW1nMjAiIC8+CiAgPHAgY2xhc3M9ImltZzE1Ij7jg6rjg7PjgrDjgpLnnYDjgZHjgojjgYbjgajogIPjgYjjgabjgYTjgovmjIfjga7kuIDnlarlpKrjgYTpg6jliIbjgavns7jjgarjganjgpLlt7vjgYTjgabjgIHvvJHlkajliIbjga7mvJTnv5Ljga7plbfjgZXjgpLlm7Pjgorjgb7jgZnjgII8YnIgLz4KICDjgZPjga7muKzjgormlrnjga/jgYLjgY/jgb7jgafnsKHmmJPnmoTjgaroqIjmuKzmlrnms5XjgafjgZnjga7jgafjgIHmraPnorrjgavjgrXjgqTjgrrjgpLmuKzjgovjgavjga/jgIHjgYrov5HjgY/jga7jgqLjgq/jgrvjgrXjg6rjg7zjgrfjg6fjg4Pjg5fjgarjganjgafjgIHjgI7jg6rjg7PjgrDjgrLjg7zjgrjjgI/jgpLkvb/nlKjjgZfjgaboqIjmuKzjgZfjgabkuIvjgZXjgYTjgII8L3A+CiAgPGltZyBzcmM9Imh0dHA6Ly9pbWFnZS5yYWt1dGVuLmNvLmpwL3ZpZWFuZ2UvY2FiaW5ldC9wYXJ0cy9sc3IwNjUwXzQxLmdpZiIgd2lkdGg9IjY2MCIgaGVpZ2h0PSIxNjciIGNsYXNzPSJpbWc2MCIgLz4KCjxkaXYgY2xhc3M9ImNhXzAxIj4KPGltZyBzcmM9Imh0dHA6Ly9pbWFnZS5yYWt1dGVuLmNvLmpwL3ZpZWFuZ2UvY2FiaW5ldC93cmFwcGluZy93cmFwcGluZ190aXRsZS5qcGciIGFsdD0i44Op44OD44OU44Oz44KwIj4KCjxicj48YnI+PGJyPgoKPHRhYmxlIGJvcmRlcj0iMCIgd2lkdGg9IjY2MHB4Ij4KPHRyPgo8dGQ+CjxpbWcgc3JjPSJodHRwOi8vaW1hZ2UucmFrdXRlbi5jby5qcC92aWVhbmdlL2NhYmluZXQvd3JhcHBpbmcvbHNfd3JhcF8wMV8xLmpwZyIgYWx0PSJMT1ZFUlMgU0NFTkUgIOmAmuW4uOODqeODg+ODlOODs+OCsCI+CjwvdGQ+Cjx0ZD4KPGltZyBzcmM9Imh0dHA6Ly9pbWFnZS5yYWt1dGVuLmNvLmpwL3ZpZWFuZ2UvY2FiaW5ldC93cmFwcGluZy9sc193cmFwXzAyLmpwZyIgYWx0PSJMT1ZFUlMgU0NFTkXjgIDjgqjjgrPjg6njg4Pjg5Tjg7PjgrAiPgo8L3RkPgo8dGQ+CjxhICBocmVmPSJodHRwOi8vaXRlbS5yYWt1dGVuLmNvLmpwL3ZpZWFuZ2UvYy8wMDAwMDAwNzgxLyI+PGltZyBzcmM9Imh0dHA6Ly9pbWFnZS5yYWt1dGVuLmNvLmpwL3ZpZWFuZ2UvY2FiaW5ldC93cmFwcGluZy9sc193cmFwXzAzLmpwZyIgYWx0PSJMT1ZFUlMgU0NFTkXjgIDjgrnjg5rjgrfjg6Pjg6vjg6njg4Pjg5Tjg7PjgrAiPjwvYT4KPC90ZD4KPC90cj4KPC90YWJsZT4KPGltZyBzcmM9Imh0dHA6Ly9pbWFnZS5yYWt1dGVuLmNvLmpwL3ZpZWFuZ2UvY2FiaW5ldC93cmFwcGluZy9raWtpbi5qcGciIGFsdD0i5aSp5L2/44Gu5Y215Z+66YeRIj4KCjxhICBocmVmPSJodHRwOi8vaXRlbS5yYWt1dGVuLmNvLmpwL3ZpZWFuZ2UvYy8wMDAwMDAwNzkxLyI+CjxpbWcgc3JjPSJodHRwOi8vaW1hZ2UucmFrdXRlbi5jby5qcC92aWVhbmdlL2NhYmluZXQvd3JhcHBpbmcvbHNfY2FyZC5qcGciIGFsdD0i44Oh44OD44K744O844K444Kr44O844OJIj48L2E+CgoKPGltZyAKc3JjPSJodHRwOi8vaW1hZ2UucmFrdXRlbi5jby5qcC92aWVhbmdlL2NhYmluZXQvY2FtcGFpZ24vbm9iZV9sc182NjAuanBnIiB3aWR0aD0iNjYwIiBoaWdodD0iMjAwIiBhbHQ9IkxPVkVSUyBTQ0VORSDjg47jg5njg6vjg4bjgqMiPjxicj48YnI+CjwvZGl2Pgo8Zm9udCBjb2xvcj0jNjk2OTY5IHNpemU9IjIiPgrilqDntKDmnZDilqA8YnI+ClNWOTI1Cgo8cD7ilqDlpKfjgY3jgZXvvIhtbe+8ieKWoDxicj4K5bmF57SEMy42w5fljprjgb/ntIQxLjY8L3A+Cgo8cD7ilqDph43ph4/ilqA8YnI+Cue0hDMuNmc8L3A+PC9mb250Pjxicj48YnI+Cgo8aW1nIHNyYz0iaHR0cDovL2ltYWdlLnJha3V0ZW4uY28uanAvdmllYW5nZS9jYWJpbmV0L3BhcnRzL2xzX2tva3Vpbi5qcGciIHdpZHRoPSI0MDAiIGhlaWdodD0iMzUiIGFsdD0i5Yi75Y2w44K144O844OT44K5IiAgLz4KCjxicj48YnI+Cgo8cD7jg6rjg7PjgrDjga7lhoXlgbTjgavjg6Hjg4Pjgrvjg7zjgrjjgoTjgYrlkI3liY3jgarjganjgpLliLvljbDjgZnjgovjgZPjgajjgYzjgafjgY3jgb7jgZnjgII8YnI+CuWIu+Wtl+apn+OCkuS9v+OBo+OBpuOCr+ODqeODleODiOODnuODs+OBjOaJi+S9nOalreOBpzHmloflrZcx5paH5a2X5LiB5a+n44Gr5Yi75Y2w6Ie044GX44G+44GZ44CCPC9wPgoKCjxicj4KCgrilqAmbmJzcDvliLvljbDntI3mnJ8mbmJzcDvilqA8YnI+CuODl+ODqeOCuee0hO+8kemAsemWkzxicj48YnI+CgrilqAmbmJzcDvliLvljbDmlpnph5EmbmJzcDvilqA8YnI+CuODquODs+OCsO+8keacrOOBq+OBpOOBjVwxLDU3Ne+8iOeojui+vO+8iTxicj48YnI+CgrilqAmbmJzcDvliLvljbDlj6/og73mloflrZfmlbAmbmJzcDvilqA8YnI+CjE35paH5a2XPGJyPgrvvIjoqJjlj7fjgIHjgrnjg5rjg7zjgrnjgIHjg57jg7zjgq/jgarjganjgoLvvJHmloflrZfliIbjgajjgZfjgabjgqvjgqbjg7Pjg4jjgZXjgozjgb7jgZnjgILvvIk8YnI+PGJyPgoK4pagJm5ic3A75pu45L2TJm5ic3A74pagPGJyPgrjg5bjg63jg4Pjgq/kvZPvvIjkuLjjgrTjgrfjg4Pjgq/vvInjga7jgb88YnI+PGJyPgoKPGltZyBzcmM9Imh0dHA6Ly9pbWFnZS5yYWt1dGVuLmNvLmpwL3ZpZWFuZ2UvY2FiaW5ldC9wYXJ0cy90ZWJvcmlrb2t1aW4uanBnIiB3aWR0aD0iNDAwIiBoZWlnaHQ9IjQwMCIgYWx0PSLliLvljbDmm7jkvZPopovmnKwiICAvPgoKPGJyPjxicj48YnI+CgoKPHN0cm9uZz7ilqAmbmJzcDvliLvljbDjga7jgZTms6jmlofmlrnms5UmbmJzcDvilqA8L3N0cm9uZz48YnI+PGJyPgoK44OX44Or44OA44Km44Oz44O744Oh44OL44Ol44O844GL44KJ44CM5biM5pyb44GZ44KL44CN44KS44GK6YG444Gz44GP44Gg44GV44GE44CCPGJyPgrms6jmlofnlLvpnaLjga7jgIzjgYrlupfjgbjjga7jg6Hjg4Pjgrvjg7zjgrjjgI3mrITjgavliLvljbDlhoXlrrnjgpLjgZToqJjlhaXjgY/jgaDjgZXjgYTjgII8YnI+CuWVhuWTgeOCkjLlgIvku6XkuIrlkIzmmYLjgavjgYrosrfjgYTmsYLjgoHjgYTjgZ/jgaDjgYTjgZ/loLTlkIjjga/jgIHliLvljbDlr77osaHllYblk4HjgYzjgo/jgYvjgovjgojjgYbjgIHllYblk4Hnlarlj7fjgoLjgZTkvbXoqJjpoZjjgYTjgb7jgZnjgIIKPGJyPjxicj4KPGZvbnQgY29sb3I9IiNGRjAwMDAiPjxzdHJvbmc+44CQ6YeN6KaB44CRPGJyPuOBlOazqOaWh+eiuuiqjeW+jOOAgSDllYblk4Hku6Pph5HjgavliLvljbDmlpnjgpLliqDnrpfjgZfjgabjgZToq4vmsYLph5HpoY3jgpLlpInmm7TjgZXjgZvjgabjgYTjgZ/jgaDjgY3jgb7jgZnjgIIK5Yi75Y2w5paZ5Yqg566X5b6M44Gu44GU6KuL5rGC6YeR6aGN44Gr44Gk44GE44Gm44Gv44CB44GU5rOo5paH56K66KqN5b6M44Gr44GK6YCB44KK44GZ44KL44Oh44O844Or44KS44GU56K66KqN6aGY44GE44G+44GZ44CCPC9zdHJvbmc+PC9mb250PjwhLS3ilrzilrwg5bem5biv44Oq44Oz44Kv44GC44KKIOKWvOKWvC0tPgoKPGRpdiBpZD0iaGlkYXJpLW9iaSI+Cgo8c3R5bGU+CiNoaWRhcmktb2JpIHsKcG9zaXRpb246IGFic29sdXRlOwp0b3A6MHB4OwpsZWZ0OjEwcHg7CmJhY2tncm91bmQ6IHVybCgiaHR0cHM6Ly9pbWFnZS5yYWt1dGVuLmNvLmpwL3ZpZWFuZ2UvY2FiaW5ldC9jYW1wYWlnbi9zY2Jucl8wNTE1LmpwZyIpIHJlcGVhdC15IGxlZnQgdG9wIDsKfQojaGlkYXJpLW9iaSBhIHsKZGlzcGxheTogYmxvY2s7CmhlaWdodDo5MzAwcHg7Lyrjg5rjg7zjgrjlhajkvZPjga7pq5jjgZUqLwp3aWR0aDogMTQwcHg7LyrluK/jga7luYUqLwp9Cjwvc3R5bGU+Cgo8L2Rpdj4KCgoKPCEtLeKWvOKWvCDlt6bluK/jg6rjg7Pjgq/jgarjgZcg4pa84pa8LS0+CgoKCgo8IS0t4pa84pa8IOW3puW4r+ODquODs+OCr+OBquOBlyDilrzilrwtLT4KCjwhLS0KPHN0eWxlIHR5cGU9InRleHQvY3NzIj4KYm9keXsKYmFja2dyb3VuZC1pbWFnZTogdXJsKCJodHRwOi8vaW1hZ2UucmFrdXRlbi5jby5qcC92aWVhbmdlL2NhYmluZXQvY2FtcGFpZ24vYm5yXzEwMTIuanBnIik7CmJhY2tncm91bmQtcmVwZWF0OiByZXBlYXQteTsKYmFja2dyb3VuZC1hdHRhY2htZW50OiBzY3JvbGw7CmJhY2tncm91bmQtcG9zaXRpb246bGVmdAp9Cjwvc3R5bGU+Ci0tPgoKCgoKPHN0eWxlIHR5cGU9InRleHQvY3NzIj4KCi8qIOOBiuawl+OBq+WFpeOCiuWVhuWTgSAqLwoKI3Jha3V0ZW5MaW1pdGVkSWRfYXJvdW5kQ2FydCAjc2VydmljZVRhYmxlU21sIHRkLmZhdm9yaXRlIHsKCnBhZGRpbmctdG9wOiA1cHg7Cgp9CgojcmFrdXRlbkxpbWl0ZWRJZF9hcm91bmRDYXJ0IGRpdi5ib29rbWFya0FyZWEgZGl2LmJrbSB7Cgp3aWR0aDogMjkxcHggIWltcG9ydGFudDsKCmhlaWdodDozM3B4ICFpbXBvcnRhbnQ7CgpwYWRkaW5nOiAwcHggMHB4IDEwcHggMHB4ICFpbXBvcnRhbnQ7Cgp9CgojcmFrdXRlbkxpbWl0ZWRJZF9hcm91bmRDYXJ0IGRpdi5ib29rbWFya0FyZWEgZGl2LmJrbSBhLmFkZEJrbSB7Cgp3aWR0aDogMjkxcHggIWltcG9ydGFudDsKCmhlaWdodDozM3B4ICFpbXBvcnRhbnQ7Cgp9CgojcmFrdXRlbkxpbWl0ZWRJZF9hcm91bmRDYXJ0IGRpdi5ib29rbWFya0FyZWEgZGl2LmJrbSBhLmFkZEJrbSBzcGFuLmJrbVN0YXIgewoKZGlzcGxheTogaW5saW5lLWJsb2NrICFpbXBvcnRhbnQ7Cgp3aWR0aDogMjkxcHggIWltcG9ydGFudDsKCmhlaWdodDozM3B4ICFpbXBvcnRhbnQ7CgptYXJnaW46MHB4IDBweCAxMHB4IDBweCAhaW1wb3J0YW50OwoKYmFja2dyb3VuZDogdXJsKCJodHRwOi8vaW1hZ2UucmFrdXRlbi5jby5qcC92aWVhbmdlL2NhYmluZXQvYm5yX2Zhdml0ZW0uanBnIikgbm8tcmVwZWF0ICFpbXBvcnRhbnQ7Cgp9CgogCgovKiDjgYrmsJfjgavlhaXjgorjgrfjg6fjg4Pjg5cgKi8KCmRpdi5ib29rbWFya0FyZWEgewoKd2lkdGg6IDI5MXB4ICFpbXBvcnRhbnQ7Cgp9CgojcmFrdXRlbkxpbWl0ZWRJZF9hcm91bmRDYXJ0IGRpdi5zaG9wQm9va21hcmtBcmVhIGRpdi5zaG9wQmttIHsKCndpZHRoOiAyOTFweCAhaW1wb3J0YW50OwoKaGVpZ2h0OjMzcHggIWltcG9ydGFudDsKCnBhZGRpbmc6IDBweCAwcHggIWltcG9ydGFudDsKCnBhZGRpbmctbGVmdDogMHB4ICFpbXBvcnRhbnQ7Cgp9CgojcmFrdXRlbkxpbWl0ZWRJZF9hcm91bmRDYXJ0IGRpdi5zaG9wQm9va21hcmtBcmVhIGRpdi5zaG9wQmttIGEuYWRkU2hvcEJrbSBzcGFuLnNob3BCa21TdGFyIHsKCmRpc3BsYXk6IGlubGluZS1ibG9jayAhaW1wb3J0YW50OwoKd2lkdGg6IDI5MXB4ICFpbXBvcnRhbnQ7CgpoZWlnaHQ6MzNweCAhaW1wb3J0YW50OwoKbWFyZ2luLXJpZ2h0OiAwcHggIWltcG9ydGFudDsKCmJhY2tncm91bmQ6IHVybCgiaHR0cDovL2ltYWdlLnJha3V0ZW4uY28uanAvdmllYW5nZS9jYWJpbmV0L2Jucl9mYXZzaG9wLmpwZyIpIG5vLXJlcGVhdCAhaW1wb3J0YW50OwoKfQo8L3N0eWxlPgoKCgoKPGRpdiBpZD0icHJlc2VudF9iYXNlIiBjbGFzcz0iY2xlYXJmaXgiPgogICA8ZGl2IGNsYXNzPSJwcmVzZW50X2ltZyI+PGltZyBzcmM9Imh0dHA6Ly9pbWFnZS5yYWt1dGVuLmNvLmpwL3ZpZWFuZ2UvY2FiaW5ldC90bWcvZm9vdF9wcmUwMS5naWYiIGFsdD0i5aSn5YiH44Gq44GC44Gu5Lq644Gr57Sg5pW144Gq44OX44Os44K844Oz44OIIiB3aWR0aD0iMTk5IiBoZWlnaHQ9IjI5NSIgLz48L2Rpdj4KICAgPGRpdiBjbGFzcz0icHJlc2VudF90eHQiPjxwPuW9k+W6l+OBr+OAgeS6uuawl+OCouOCr+OCu+OCteODquODvOODluODqeODs+ODieOAjOWkqeS9v+OBruWNteOAjeOChOOAjOacquadpeWkqeS9v+OAjeOCkuOBr+OBmOOCgeOAgeiqleeUn+efs+OBruODmuODs+ODgOODs+ODiOOChOODquODs+OCsOOBquOBqeOAgeODl+ODrOOCvOODs+ODiOOBq+ODlOODg+OCv+ODquOBquOCouOCr+OCu+OCteODquODvOOCkuWPluaJseOBhumAmuiyqeOCt+ODp+ODg+ODl+OBp+OBmeOAgjwvcD48YnIgLz4K44CM5YSq44GX44GE5YWJ44Gr44Gk44Gk44G+44KM44KL5rC46YGg44Gu5ZG944CN44KS6KGo54++44GX44Gf44Kz44Oz44K744OX44OI44K444Ol44Ko44Oq44O844CM5pyq5p2l5aSp5L2/44CN44Gv5pyq5p2l44Gr5ZCR44GR44Gm6Lyd44GR44KL5ZG944Gu44GZ44Gw44KJ44GX44GV44KS5aSa5b2p44Gq44OG44O844Oe44O744OH44K244Kk44Oz44Gn6KGo54++44GX44Gm44GE44G+44GZ44CCPGJyIC8+CuOBneOCk+OBquacquadpeWkqeS9v+OBi+OCieOBruODl+ODrOOCvOODs+ODiOOBqOOBhOOBhuOCs+ODs+OCu+ODl+ODiOOBp+S9nOOCieOCjOOBn+OAjOWkqeS9v+OBruWNteOAjeOBr+OAgeOAjOiqleeUn+OBruWWnOOBs+OAjeOChOOAjOeUn+OBjeOCi+OBk+OBqOOBruaEn+WLleOBqOiznuizm+OAjeOCkuODhuODvOODnuOBqOOBl+OBpuWJteOCieOCjOOAgeWNteOBqOe+veOBruODkOODqeODs+OCueOBruiJr+OBhOOChOOBleOBl+OBhOODh+OCtuOCpOODs+OBjOaEm+OBleOCjOOBpuOBhOOCi+ODreODs+OCsOOCu+ODqeODvOOBruS6uuawl+OCouOCr+OCu+OCteODquODvOOBp+OBmeOAguaYr+mdnuOAgeWkp+WIh+OBquS6uuOBuOOBruODl+ODrOOCvOODs+ODiOetieOBq+OCguOBlOa0u+eUqOS4i+OBleOBhO+8gTwvZGl2Pgo8L2Rpdj4KCgoKCgo8IS0t4pa84pa84pa844Os44OT44Ol44O844O75rOo5paH54q25rOB4pa84pa84pa8LS0+ICAgCgogICAgICAgICAgICA8aDI+PGltZyBzcmM9Imh0dHA6Ly93d3cucmFrdXRlbi5uZS5qcC9nb2xkL3ZpZWFuZ2UvaW1nL3RpdGxlXzA2LmpwZyIgYWx0PSLjg6zjg5Pjg6Xjg7wiIHdpZHRoPSI2ODgiIGhlaWdodD0iNzAiIC8+PC9oMj4KICAgICAgICAgICAgPGJyPjxicj4KICAKCSAgPGJyPiA8YnI+IDxicj4gCiAgICAgICAgICAgICAgICAgIDxoMj48aW1nIHNyYz0iaHR0cDovL3d3dy5yYWt1dGVuLm5lLmpwL2dvbGQvdmllYW5nZS9pbWcvdGl0bGVfMDcuanBnIiBhbHQ9IuazqOaWh+eKtuazgSIgd2lkdGg9IjY4OCIgaGVpZ2h0PSI3MCIgLz48L2gyPgogICAgICAgICAgICAgICAgICAgICAgICAgICAgICA8YnI+IDxicj4gCjxicj4gPGJyPiA8YnI+,44CQ5Yi75Y2w5a++5b+c44CR4peGTE9WRVJTIFNDRU5FIOODqeODkOODvOOCuuOCt+ODvOODs+KXhuOCt+ODq+ODkOODvOODquODs+OCsOOAkExTUjUwMzNETOOAkeOAkOOCt+ODq+ODkOODvOODquODs+OCsCDjg5rjgqLjg6rjg7PjgrAg44Oa44KiIOaMh+i8qiDjg6Hjg7Pjgrog44Os44OH44Kj44O844K5IOOCr+ODreOCuSDjg5fjg6zjgrzjg7Pjg4gg44Oq44Oz44KwIOWIu+WNsOWPr+iDvSDjgrfjg6vjg5Djg7wg44Ki44Kv44K744K144Oq44O8IOOCuOODpeOCqOODquODvCDjg5rjgqLjg6rjg7PjgrDjgrfjg6vjg5Djg7wg5aa7IOOBi+OCj+OBhOOBhOOAkSAg5q+N44Gu5pelIOOCt+ODs+ODl+ODq++8muWkqeS9v+OBruWNtSB3aXRoIExPVkVSUyBTQ0VORQ==,5aSp5L2/44Gu5Y215pyq5p2l5aSp5L2/44K544Oa44O844K544Kv44Oq44Ko44O844K/44O844K444Ol44Ko44Oq44O844K344Or44OQ44O844Ki44Kv44K744K144Oq44O844OU44Oz44Kv44K344Or44OQ44O844ON44OD44Kv44Os44K555u05Za25bqX44Kv44Oq44K544Oe44K56ZmQ5a6a44Oa44Oz44OA44Oz44OI5oyH6Lyq44OU44Ki44K544OX44Os44K844Oz44OI44OZ44OT44O844K544OX44O844Oz44Os44OH44Kj44O844K544Op44OQ44O844K644K344O844Oz57WQ5ama5oyH6Lyq44Oa44Ki44Oq44Oz44Kw6KqV55Sf55+z44CQ5Yi75Y2w5a++5b+c44CR4peGTE9WRVJTIFNDRU5FIOODqeODkOODvOOCuuOCt+ODvOODs+KXhuOCt+ODq+ODkOODvOODquODs+OCsOOAkExTUjUwMzNETOOAkeOAkOOCt+ODq+ODkOODvOODquODs+OCsCDjg5rjgqLjg6rjg7PjgrAg44Oa44KiIOaMh+i8qiDjg6Hjg7Pjgrog44Os44OH44Kj44O844K5IOOCr+ODreOCuSDjg5fjg6zjgrzjg7Pjg4gg44Oq44Oz44KwIOWIu+WNsOWPr+iDvSDjgrfjg6vjg5Djg7wg44Ki44Kv44K744K144Oq44O8IOOCuOODpeOCqOODquODvCDjg5rjgqLjg6rjg7PjgrDjgrfjg6vjg5Djg7wg5aa7IOOBi+OCj+OBhOOBhOOAkSAg5q+N44Gu5pelIOOCt+ODs+ODl+ODqw==,44OA44Kk44Ok44Oi44Oz44OJ44GM6Lyd44GP44K344Oz44OX44Or44Oq44Oz44Kw4piGIOWIu+WNsOWvvuW/nCDjgq/jg63jgrnjg6njgqTjg7PjgILjgJDliLvljbDlr77lv5zjgJHil4ZMT1ZFUlMgU0NFTkUg44Op44OQ44O844K644K344O844Oz4peG44K344Or44OQ44O844Oq44Oz44Kw44CQTFNSNTAzM0RM44CR44CQ44K344Or44OQ44O844Oq44Oz44KwIOODmuOCouODquODs+OCsCDjg5rjgqIg5oyH6LyqIOODoeODs+OCuiDjg6zjg4fjgqPjg7zjgrkg44Kv44Ot44K5IOODl+ODrOOCvOODs+ODiCDjg6rjg7PjgrAg5Yi75Y2w5Y+v6IO9IOOCt+ODq+ODkOODvCDjgqLjgq/jgrvjgrXjg6rjg7wg44K444Ol44Ko44Oq44O8IOODmuOCouODquODs+OCsOOCt+ODq+ODkOODvCDlprsg44GL44KP44GE44GE44CRICDmr43jga7ml6Ug44K344Oz44OX44Or[rn]
39-1055,aHR0cDovL3RzaG9wLnIxMHMuanAvdmllYW5nZS9jYWJpbmV0L2xvdmVyc19zY2VuZS9sc3IvbHNyMDAxN2Rway5qcGc/Zml0aW49NzAwOjcwMA==,OTUwNC4wMDAw,,44K444Ol44Ko44Oq44O844O744Ki44Kv44K744K144Oq44O8ID4g44Os44OH44Kj44O844K544K444Ol44Ko44Oq44O844O744Ki44Kv44K744K144Oq44O8ID4g5oyH6Lyq44O744Oq44Oz44Kw,44CQ5Yi75Y2w5a++5b+c44CR4peGTE9WRVJTIFNDRU5FIOODqeODkOODvOOCuuOCt+ODvOODs+KXhuOCt+ODq+ODkOODvOODquODs+OCsO+8iOODrOODh+OCo+ODvOOCue+8ieOAkExTUjAwMTdEUEvjgJHjgJDjgrfjg6vjg5Djg7zjg6rjg7PjgrAg44Oa44Ki44Oq44Oz44KwIOODmuOCoiDmjIfovKog44Kv44Ot44K5IOODgOOCpOODpOODouODs+ODiSDjg5Tjg7Pjgq/jgrTjg7zjg6vjg4kg44OX44Os44K844Oz44OIIOODquODs+OCsCDliLvljbAg44K344Or44OQ44O8IOOCuOODpeOCqOODquODvCDjgq7jg5Xjg4gg5aa7IOOBi+OCj+OBhOOBhOOAkeavjeOBruaXpSDjgrfjg7Pjg5fjg6s=,44Kv44Ot44K544Gu5Lit5aSu44Gn44Gv44OA44Kk44Ok44Oi44Oz44OJ44GM6Lyd44GP4piGIOmAgeaWmeeEoeaWmQ==,PGNlbnRlcj48YSBocmVmPSJodHRwczovL215LmJvb2ttYXJrLnJha3V0ZW4uY28uanAvP2Z1bmM9cmVnJnN2aWQ9MTAxJnNob3BfYmlkPTIwMzk0NyZpaWQ9MTAwMDA5MTUmaXR5cGU9MSB0YXJnZXQ9X2JsYW5rIj48aW1nIHNyYz0iaHR0cDovL2ltYWdlLnJha3V0ZW4uY28uanAvdmllYW5nZS9jYWJpbmV0L3BfYm5yX2Zhdml0ZW0uanBnIiBib3JkZXI9IjAiIHdpZHRoPSI2NjAiIGhlaWdodD0iMTMwIj48L2E+PC9jZW50ZXI+PGJyPjxicj48ZGl2IGlkPSJkZXRhaWxfYmFzZTIiPgogCjxpbWcgc3JjPSJodHRwOi8vaW1hZ2UucmFrdXRlbi5jby5qcC92aWVhbmdlL2NhYmluZXQvY2FtcGFpZ24vbHNfcGNfdG9rdXRlbi5qcGciYWx0PSJMT1ZFUlMgU0NFTkUg44Kt44Oj44Oz44Oa44O844OzIj48YnI+PGJyPgoKPGltZyBzcmM9Imh0dHA6Ly9pbWFnZS5yYWt1dGVuLmNvLmpwL3ZpZWFuZ2UvY2FiaW5ldC9sb3ZlcnNfc2NlbmUvbHNyL2xzcjAwMTdkcGtkYmtfaW1hZ2UuanBnIiB3aWR0aD0iNjYwIiBoZWlnaHQ9IjM2MCIgLz4KPGJyIC8+PGJyIC8+Cgo8aW1nIHNyYz0iaHR0cDovL2ltYWdlLnJha3V0ZW4uY28uanAvdmllYW5nZS9jYWJpbmV0L2xvdmVyc19zY2VuZS9sc3IvbHNyMDAxN2Rwa2Ria19pbWFnZTIuanBnICIgd2lkdGg9IjY2MCIgaGVpZ2h0PSIxMjAwIiAvPgo8YnIgLz48YnIgLz4KPC9kaXY+Cgo8ZGl2IGNsYXNzPSJzcF9nb29kc18xMzA1XzA5Ij4KCiAgICAgCiAgPGRpdiBjbGFzcz0ic3BfdGFucGluX2xlZnQiPgo8YSBocmVmPSJodHRwOi8vaXRlbS5yYWt1dGVuLmNvLmpwL3ZpZWFuZ2UvbHNyMDAxN2Rway1kYmsvICI+CjxpbWcgc3JjPSIgaHR0cDovL2ltYWdlLnJha3V0ZW4uY28uanAvdmllYW5nZS9jYWJpbmV0L2xvdmVyc19zY2VuZS9sc3IvbHNyMDAxN2Rwa2Ria19wYWlyLmpwZyIgd2lkdGg9IjIzNSIgaGVpZ2h0PSIyMzUiIGNsYXNzPSJpbWcyMCIgLz48L2E+ICAgICAgIAo8cD7jgrfjg6vjg5Djg7zjg5rjgqLjg6rjg7PjgrDvvIjjg4DjgqTjg6Tjg6Ljg7Pjg4nlhaXjgorvvIk8YnIgLz4KICAgICAgIOe0hDUuNG1tw5fntIQxLjltbe+8iOW5hcOX5Y6a44G/77yJPC9wPgo8L2Rpdj4KICAgIAo8ZGl2IGNsYXNzPSJzcF90YW5waW5fcmlnaHQiPgo8YSBocmVmPSIgaHR0cDovL2l0ZW0ucmFrdXRlbi5jby5qcC92aWVhbmdlL2xzcjAwMTdkYmsvIj4KPGltZyBzcmM9Imh0dHA6Ly9pbWFnZS5yYWt1dGVuLmNvLmpwL3ZpZWFuZ2UvY2FiaW5ldC9sb3ZlcnNfc2NlbmUvbHNyL2xzcjAwMTdfdGFucGluX21lbnMuanBnIiB3aWR0aD0iMjM1IiBoZWlnaHQ9IjIzNSIgY2xhc3M9ImltZzIwIiAvPjwvYT4KPHA+44Oh44Oz44K644K344Or44OQ44O844Oq44Oz44Kw77yI44OA44Kk44Ok44Oi44Oz44OJ5YWl44KK77yJPGJyIC8+CiAgICAgIOe0hDUuNG1tw5fntIQxLjltbe+8iOW5hcOX5Y6a44G/77yJCiAgICAgICA8L3A+CjwvZGl2Pgo8L2Rpdj4KCgogIDxpbWcgc3JjPSJodHRwOi8vaW1hZ2UucmFrdXRlbi5jby5qcC92aWVhbmdlL2NhYmluZXQvcGFydHMvbHNyMDY1MF8zOS5naWYiIGNsYXNzPSJpbWcyMCIgLz4KICA8cCBjbGFzcz0iaW1nMTUiPuODquODs+OCsOOCkuedgOOBkeOCiOOBhuOBqOiAg+OBiOOBpuOBhOOCi+aMh+OBruS4gOeVquWkquOBhOmDqOWIhuOBq+ezuOOBquOBqeOCkuW3u+OBhOOBpuOAge+8keWRqOWIhuOBrua8lOe/kuOBrumVt+OBleOCkuWbs+OCiuOBvuOBmeOAgjxiciAvPgogIOOBk+OBrua4rOOCiuaWueOBr+OBguOBj+OBvuOBp+ewoeaYk+eahOOBquioiOa4rOaWueazleOBp+OBmeOBruOBp+OAgeato+eiuuOBq+OCteOCpOOCuuOCkua4rOOCi+OBq+OBr+OAgeOBiui/keOBj+OBruOCouOCr+OCu+OCteODquODvOOCt+ODp+ODg+ODl+OBquOBqeOBp+OAgeOAjuODquODs+OCsOOCsuODvOOCuOOAj+OCkuS9v+eUqOOBl+OBpuioiOa4rOOBl+OBpuS4i+OBleOBhOOAgjwvcD4KICA8aW1nIHNyYz0iaHR0cDovL2ltYWdlLnJha3V0ZW4uY28uanAvdmllYW5nZS9jYWJpbmV0L3BhcnRzL2xzcjA2NTBfNDEuZ2lmIiB3aWR0aD0iNjYwIiBoZWlnaHQ9IjE2NyIgY2xhc3M9ImltZzYwIiAvPgoKPGRpdiBjbGFzcz0iY2FfMDEiPgo8aW1nIHNyYz0iaHR0cDovL2ltYWdlLnJha3V0ZW4uY28uanAvdmllYW5nZS9jYWJpbmV0L3dyYXBwaW5nL3dyYXBwaW5nX3RpdGxlLmpwZyIgYWx0PSLjg6njg4Pjg5Tjg7PjgrAiPgoKPGJyPjxicj48YnI+Cgo8dGFibGUgYm9yZGVyPSIwIiB3aWR0aD0iNjYwcHgiPgo8dHI+Cjx0ZD4KPGltZyBzcmM9Imh0dHA6Ly9pbWFnZS5yYWt1dGVuLmNvLmpwL3ZpZWFuZ2UvY2FiaW5ldC93cmFwcGluZy9sc193cmFwXzAxXzEuanBnIiBhbHQ9IkxPVkVSUyBTQ0VORSAg6YCa5bi444Op44OD44OU44Oz44KwIj4KPC90ZD4KPHRkPgo8aW1nIHNyYz0iaHR0cDovL2ltYWdlLnJha3V0ZW4uY28uanAvdmllYW5nZS9jYWJpbmV0L3dyYXBwaW5nL2xzX3dyYXBfMDIuanBnIiBhbHQ9IkxPVkVSUyBTQ0VOReOAgOOCqOOCs+ODqeODg+ODlOODs+OCsCI+CjwvdGQ+Cjx0ZD4KPGEgIGhyZWY9Imh0dHA6Ly9pdGVtLnJha3V0ZW4uY28uanAvdmllYW5nZS9jLzAwMDAwMDA3ODEvIj48aW1nIHNyYz0iaHR0cDovL2ltYWdlLnJha3V0ZW4uY28uanAvdmllYW5nZS9jYWJpbmV0L3dyYXBwaW5nL2xzX3dyYXBfMDMuanBnIiBhbHQ9IkxPVkVSUyBTQ0VOReOAgOOCueODmuOCt+ODo+ODq+ODqeODg+ODlOODs+OCsCI+PC9hPgo8L3RkPgo8L3RyPgo8L3RhYmxlPgo8aW1nIHNyYz0iaHR0cDovL2ltYWdlLnJha3V0ZW4uY28uanAvdmllYW5nZS9jYWJpbmV0L3dyYXBwaW5nL2tpa2luLmpwZyIgYWx0PSLlpKnkvb/jga7ljbXln7rph5EiPgoKPGEgIGhyZWY9Imh0dHA6Ly9pdGVtLnJha3V0ZW4uY28uanAvdmllYW5nZS9jLzAwMDAwMDA3OTEvIj4KPGltZyBzcmM9Imh0dHA6Ly9pbWFnZS5yYWt1dGVuLmNvLmpwL3ZpZWFuZ2UvY2FiaW5ldC93cmFwcGluZy9sc19jYXJkLmpwZyIgYWx0PSLjg6Hjg4Pjgrvjg7zjgrjjgqvjg7zjg4kiPjwvYT4KCgo8aW1nIApzcmM9Imh0dHA6Ly9pbWFnZS5yYWt1dGVuLmNvLmpwL3ZpZWFuZ2UvY2FiaW5ldC9jYW1wYWlnbi9ub2JlX2xzXzY2MC5qcGciIHdpZHRoPSI2NjAiIGhpZ2h0PSIyMDAiIGFsdD0iTE9WRVJTIFNDRU5FIOODjuODmeODq+ODhuOCoyI+PGJyPjxicj4KPC9kaXY+CjxUQUJMRSBib3JkZXI9IjAiIHdpZHRoPSIzOTAiPgogIDxUQk9EWT4KICAgIDxUUj4KICAgICAgPFREPgoKPGZvbnQgY29sb3I9IzY5Njk2OSBzaXplPSIyIj4K4pag57Sg5p2Q4pagPGJyPgpTVjkyNe+8iOS4gOmDqOODlOODs+OCr+OCtOODvOODq+ODieODoeODg+OCre+8ieODu+ODgOOCpOODpOODouODs+ODiQoKPHA+4pag5aSn44GN44GV77yIbW3vvInilqA8YnI+CuW5hee0hDUuNMOX5Y6a44G/57SEMS45PC9wPgoKPHA+4pag6YeN6YeP4pagPGJyPgrntIQ1LjFnPC9wPgoK4oC744K144Kk44K644O76YeN6YeP44Gv5aSa5bCR44Gu5YCL5L2T5beu44GM5Ye644G+44GZ4oC7IAo8L3A+PC9mb250PgogICAgICA8L1REPgogICAgPC9UUj4KICA8L1RCT0RZPgo8L1RBQkxFPgo8Zm9udCBjb2xvcj0iZmYwMDAwIj48Yj7jgZPjga7jg6rjg7PjgrDjga/lpYfmlbDjgrXjgqTjgrrjga7jgb/jga7jgYrlj5bjgormibHjgYTjgafjgZnjgII8YnI+CuOBvuOBn+OAgeOCteOCpOOCuuebtOOBl+OCguWHuuadpeOBvuOBm+OCk+OBruOBp+OAgeOCteOCpOOCuuOCkuOCiOOBj+OBiueiuuOBi+OCgeOBruS4iuOBlOazqOaWh+S4i+OBleOBhOOAggoKPC9iPjwvZm9udD48YnI+Cjxicj4KPGNlbnRlcj4KPGltZyBzcmM9Imh0dHA6Ly9pbWFnZS5yYWt1dGVuLmNvLmpwL3ZpZWFuZ2UvY2FiaW5ldC9wYXJ0cy9rb2t1aW5fci5qcGciPjxicj4KPGJyPgo8dGFibGUgYm9yZGVyPSIwIiBjZWxsc3BhY2luZz0iMCIgY2VsbHBhZGRpbmc9IjciPgo8dHI+PHRkIGFsaWduPSJjZW50ZXIiIGJnY29sb3I9IiNDQ0NDRkYiPgo8Yj48Zm9udCBjb2xvcj0iI0ZGMzM2NiIgc2l6ZT0iNCI+5Y+v6IO95paH5a2X5pWw44GvN+aWh+Wtl+OBp+OBmeOAgjxicj4K4oeS5pu45L2T6KaL5pys44Gv44GT44Gh44KJPC9mb250PjwvYj4KPC90ZD48L3RyPgo8dHI+PHRkIGJnY29sb3I9IiNGRkNDNjYiPjxjZW50ZXI+PGZvbnQgc2l6ZT0iMiJjb2xvcj0iIzAwMDBGRiI+PGI+4peG44GU5rOo5paH5pa55rOV4peGPC9iPjwvZm9udD48L2NlbnRlcj4KPGZvbnQgc2l6ZT0iMiIgY29sb3I9IiM0ZjRmNGYiPumBuOaKnuiCojxmb250IGNvbG9yPSIjRkYwMDAwIj7jgIznrYboqJjkvZPjgI08L2ZvbnQ+44GL44CMPGZvbnQgY29sb3I9IiNGRjAwMDAiPuODluODreODg+OCr+S9k+OAjTwvZm9udD7jgpLpgbjjgbPjgIEK5rOo5paH55S76Z2i44Gu44CMPGZvbnQgY29sb3I9IiNGRjAwMDAiPuOBiuW6l+OBuOOBruODoeODg+OCu+ODvOOCuOOAjTwvZm9udD7mrITjgas8YnI+CuWIu+WNsOWGheWuueOCkuOBiuabuOOBjeS4i+OBleOBhOOAgjxicj48IS0t4pa84pa8IOW3puW4r+ODquODs+OCr+OBguOCiiDilrzilrwtLT4KCjxkaXYgaWQ9ImhpZGFyaS1vYmkiPgoKPHN0eWxlPgojaGlkYXJpLW9iaSB7CnBvc2l0aW9uOiBhYnNvbHV0ZTsKdG9wOjBweDsKbGVmdDoxMHB4OwpiYWNrZ3JvdW5kOiB1cmwoImh0dHBzOi8vaW1hZ2UucmFrdXRlbi5jby5qcC92aWVhbmdlL2NhYmluZXQvY2FtcGFpZ24vc2NibnJfMDUxNS5qcGciKSByZXBlYXQteSBsZWZ0IHRvcCA7Cn0KI2hpZGFyaS1vYmkgYSB7CmRpc3BsYXk6IGJsb2NrOwpoZWlnaHQ6OTMwMHB4Oy8q44Oa44O844K45YWo5L2T44Gu6auY44GVKi8Kd2lkdGg6IDE0MHB4Oy8q5biv44Gu5bmFKi8KfQo8L3N0eWxlPgoKPC9kaXY+CgoKCjwhLS3ilrzilrwg5bem5biv44Oq44Oz44Kv44Gq44GXIOKWvOKWvC0tPgoKCgoKPCEtLeKWvOKWvCDlt6bluK/jg6rjg7Pjgq/jgarjgZcg4pa84pa8LS0+Cgo8IS0tCjxzdHlsZSB0eXBlPSJ0ZXh0L2NzcyI+CmJvZHl7CmJhY2tncm91bmQtaW1hZ2U6IHVybCgiaHR0cDovL2ltYWdlLnJha3V0ZW4uY28uanAvdmllYW5nZS9jYWJpbmV0L2NhbXBhaWduL2Jucl8xMDEyLmpwZyIpOwpiYWNrZ3JvdW5kLXJlcGVhdDogcmVwZWF0LXk7CmJhY2tncm91bmQtYXR0YWNobWVudDogc2Nyb2xsOwpiYWNrZ3JvdW5kLXBvc2l0aW9uOmxlZnQKfQo8L3N0eWxlPgotLT4KCgoKCjxzdHlsZSB0eXBlPSJ0ZXh0L2NzcyI+CgovKiDjgYrmsJfjgavlhaXjgorllYblk4EgKi8KCiNyYWt1dGVuTGltaXRlZElkX2Fyb3VuZENhcnQgI3NlcnZpY2VUYWJsZVNtbCB0ZC5mYXZvcml0ZSB7CgpwYWRkaW5nLXRvcDogNXB4OwoKfQoKI3Jha3V0ZW5MaW1pdGVkSWRfYXJvdW5kQ2FydCBkaXYuYm9va21hcmtBcmVhIGRpdi5ia20gewoKd2lkdGg6IDI5MXB4ICFpbXBvcnRhbnQ7CgpoZWlnaHQ6MzNweCAhaW1wb3J0YW50OwoKcGFkZGluZzogMHB4IDBweCAxMHB4IDBweCAhaW1wb3J0YW50OwoKfQoKI3Jha3V0ZW5MaW1pdGVkSWRfYXJvdW5kQ2FydCBkaXYuYm9va21hcmtBcmVhIGRpdi5ia20gYS5hZGRCa20gewoKd2lkdGg6IDI5MXB4ICFpbXBvcnRhbnQ7CgpoZWlnaHQ6MzNweCAhaW1wb3J0YW50OwoKfQoKI3Jha3V0ZW5MaW1pdGVkSWRfYXJvdW5kQ2FydCBkaXYuYm9va21hcmtBcmVhIGRpdi5ia20gYS5hZGRCa20gc3Bhbi5ia21TdGFyIHsKCmRpc3BsYXk6IGlubGluZS1ibG9jayAhaW1wb3J0YW50OwoKd2lkdGg6IDI5MXB4ICFpbXBvcnRhbnQ7CgpoZWlnaHQ6MzNweCAhaW1wb3J0YW50OwoKbWFyZ2luOjBweCAwcHggMTBweCAwcHggIWltcG9ydGFudDsKCmJhY2tncm91bmQ6IHVybCgiaHR0cDovL2ltYWdlLnJha3V0ZW4uY28uanAvdmllYW5nZS9jYWJpbmV0L2Jucl9mYXZpdGVtLmpwZyIpIG5vLXJlcGVhdCAhaW1wb3J0YW50OwoKfQoKIAoKLyog44GK5rCX44Gr5YWl44KK44K344On44OD44OXICovCgpkaXYuYm9va21hcmtBcmVhIHsKCndpZHRoOiAyOTFweCAhaW1wb3J0YW50OwoKfQoKI3Jha3V0ZW5MaW1pdGVkSWRfYXJvdW5kQ2FydCBkaXYuc2hvcEJvb2ttYXJrQXJlYSBkaXYuc2hvcEJrbSB7Cgp3aWR0aDogMjkxcHggIWltcG9ydGFudDsKCmhlaWdodDozM3B4ICFpbXBvcnRhbnQ7CgpwYWRkaW5nOiAwcHggMHB4ICFpbXBvcnRhbnQ7CgpwYWRkaW5nLWxlZnQ6IDBweCAhaW1wb3J0YW50OwoKfQoKI3Jha3V0ZW5MaW1pdGVkSWRfYXJvdW5kQ2FydCBkaXYuc2hvcEJvb2ttYXJrQXJlYSBkaXYuc2hvcEJrbSBhLmFkZFNob3BCa20gc3Bhbi5zaG9wQmttU3RhciB7CgpkaXNwbGF5OiBpbmxpbmUtYmxvY2sgIWltcG9ydGFudDsKCndpZHRoOiAyOTFweCAhaW1wb3J0YW50OwoKaGVpZ2h0OjMzcHggIWltcG9ydGFudDsKCm1hcmdpbi1yaWdodDogMHB4ICFpbXBvcnRhbnQ7CgpiYWNrZ3JvdW5kOiB1cmwoImh0dHA6Ly9pbWFnZS5yYWt1dGVuLmNvLmpwL3ZpZWFuZ2UvY2FiaW5ldC9ibnJfZmF2c2hvcC5qcGciKSBuby1yZXBlYXQgIWltcG9ydGFudDsKCn0KPC9zdHlsZT4KCgoKCjxkaXYgaWQ9InByZXNlbnRfYmFzZSIgY2xhc3M9ImNsZWFyZml4Ij4KICAgPGRpdiBjbGFzcz0icHJlc2VudF9pbWciPjxpbWcgc3JjPSJodHRwOi8vaW1hZ2UucmFrdXRlbi5jby5qcC92aWVhbmdlL2NhYmluZXQvdG1nL2Zvb3RfcHJlMDEuZ2lmIiBhbHQ9IuWkp+WIh+OBquOBguOBruS6uuOBq+e0oOaVteOBquODl+ODrOOCvOODs+ODiCIgd2lkdGg9IjE5OSIgaGVpZ2h0PSIyOTUiIC8+PC9kaXY+CiAgIDxkaXYgY2xhc3M9InByZXNlbnRfdHh0Ij48cD7lvZPlupfjga/jgIHkurrmsJfjgqLjgq/jgrvjgrXjg6rjg7zjg5bjg6njg7Pjg4njgIzlpKnkvb/jga7ljbXjgI3jgoTjgIzmnKrmnaXlpKnkvb/jgI3jgpLjga/jgZjjgoHjgIHoqpXnlJ/nn7Pjga7jg5rjg7Pjg4Djg7Pjg4jjgoTjg6rjg7PjgrDjgarjganjgIHjg5fjg6zjgrzjg7Pjg4jjgavjg5Tjg4Pjgr/jg6rjgarjgqLjgq/jgrvjgrXjg6rjg7zjgpLlj5bmibHjgYbpgJrosqnjgrfjg6fjg4Pjg5fjgafjgZnjgII8L3A+PGJyIC8+CuOAjOWEquOBl+OBhOWFieOBq+OBpOOBpOOBvuOCjOOCi+awuOmBoOOBruWRveOAjeOCkuihqOePvuOBl+OBn+OCs+ODs+OCu+ODl+ODiOOCuOODpeOCqOODquODvOOAjOacquadpeWkqeS9v+OAjeOBr+acquadpeOBq+WQkeOBkeOBpui8neOBkeOCi+WRveOBruOBmeOBsOOCieOBl+OBleOCkuWkmuW9qeOBquODhuODvOODnuODu+ODh+OCtuOCpOODs+OBp+ihqOePvuOBl+OBpuOBhOOBvuOBmeOAgjxiciAvPgrjgZ3jgpPjgarmnKrmnaXlpKnkvb/jgYvjgonjga7jg5fjg6zjgrzjg7Pjg4jjgajjgYTjgYbjgrPjg7Pjgrvjg5fjg4jjgafkvZzjgonjgozjgZ/jgIzlpKnkvb/jga7ljbXjgI3jga/jgIHjgIzoqpXnlJ/jga7llpzjgbPjgI3jgoTjgIznlJ/jgY3jgovjgZPjgajjga7mhJ/li5Xjgajos57os5vjgI3jgpLjg4bjg7zjg57jgajjgZfjgablibXjgonjgozjgIHljbXjgajnvr3jga7jg5Djg6njg7Pjgrnjga7oia/jgYTjgoTjgZXjgZfjgYTjg4fjgrbjgqTjg7PjgYzmhJvjgZXjgozjgabjgYTjgovjg63jg7PjgrDjgrvjg6njg7zjga7kurrmsJfjgqLjgq/jgrvjgrXjg6rjg7zjgafjgZnjgILmmK/pnZ7jgIHlpKfliIfjgarkurrjgbjjga7jg5fjg6zjgrzjg7Pjg4jnrYnjgavjgoLjgZTmtLvnlKjkuIvjgZXjgYTvvIE8L2Rpdj4KPC9kaXY+CgoKCgoKPCEtLeKWvOKWvOKWvOODrOODk+ODpeODvOODu+azqOaWh+eKtuazgeKWvOKWvOKWvC0tPiAgIAoKICAgICAgICAgICAgPGgyPjxpbWcgc3JjPSJodHRwOi8vd3d3LnJha3V0ZW4ubmUuanAvZ29sZC92aWVhbmdlL2ltZy90aXRsZV8wNi5qcGciIGFsdD0i44Os44OT44Ol44O8IiB3aWR0aD0iNjg4IiBoZWlnaHQ9IjcwIiAvPjwvaDI+CiAgICAgICAgICAgIDxicj48YnI+CiAgCgkgIDxicj4gPGJyPiA8YnI+IAogICAgICAgICAgICAgICAgICA8aDI+PGltZyBzcmM9Imh0dHA6Ly93d3cucmFrdXRlbi5uZS5qcC9nb2xkL3ZpZWFuZ2UvaW1nL3RpdGxlXzA3LmpwZyIgYWx0PSLms6jmlofnirbms4EiIHdpZHRoPSI2ODgiIGhlaWdodD0iNzAiIC8+PC9oMj4KICAgICAgICAgICAgICAgICAgICAgICAgICAgICAgPGJyPiA8YnI+IAo8YnI+IDxicj4gPGJyPg==,44CQ5Yi75Y2w5a++5b+c44CR4peGTE9WRVJTIFNDRU5FIOODqeODkOODvOOCuuOCt+ODvOODs+KXhuOCt+ODq+ODkOODvOODquODs+OCsO+8iOODrOODh+OCo+ODvOOCue+8ieOAkExTUjAwMTdEUEvjgJHjgJDjgrfjg6vjg5Djg7zjg6rjg7PjgrAg44Oa44Ki44Oq44Oz44KwIOODmuOCoiDmjIfovKog44Kv44Ot44K5IOODgOOCpOODpOODouODs+ODiSDjg5Tjg7Pjgq/jgrTjg7zjg6vjg4kg44OX44Os44K844Oz44OIIOODquODs+OCsCDliLvljbAg44K344Or44OQ44O8IOOCuOODpeOCqOODquODvCDjgq7jg5Xjg4gg5aa7IOOBi+OCj+OBhOOBhOOAkeavjeOBruaXpSDjgrfjg7Pjg5fjg6vvvJrlpKnkvb/jga7ljbUgd2l0aCBMT1ZFUlMgU0NFTkU=,5aSp5L2/44Gu5Y215pyq5p2l5aSp5L2/44K544Oa44O844K544Kv44Oq44Ko44O844K/44O844K444Ol44Ko44Oq44O844K344Or44OQ44O844Ki44Kv44K744K144Oq44O844OU44Oz44Kv44K344Or44OQ44O844ON44OD44Kv44Os44K555u05Za25bqX44Kv44Oq44K544Oe44K56ZmQ5a6a44Oa44Oz44OA44Oz44OI5oyH6Lyq44OU44Ki44K544OX44Os44K844Oz44OI44OZ44OT44O844K544OX44O844Oz44Os44OH44Kj44O844K544Op44OQ44O844K644K344O844Oz57WQ5ama5oyH6Lyq44Oa44Ki44Oq44Oz44Kw6KqV55Sf55+z44CQ5Yi75Y2w5a++5b+c44CR4peGTE9WRVJTIFNDRU5FIOODqeODkOODvOOCuuOCt+ODvOODs+KXhuOCt+ODq+ODkOODvOODquODs+OCsO+8iOODrOODh+OCo+ODvOOCue+8ieOAkExTUjAwMTdEUEvjgJHjgJDjgrfjg6vjg5Djg7zjg6rjg7PjgrAg44Oa44Ki44Oq44Oz44KwIOODmuOCoiDmjIfovKog44Kv44Ot44K5IOODgOOCpOODpOODouODs+ODiSDjg5Tjg7Pjgq/jgrTjg7zjg6vjg4kg44OX44Os44K844Oz44OIIOODquODs+OCsCDliLvljbAg44K344Or44OQ44O8IOOCuOODpeOCqOODquODvCDjgq7jg5Xjg4gg5aa7IOOBi+OCj+OBhOOBhOOAkeavjeOBruaXpSDjgrfjg7Pjg5fjg6s=,44Kv44Ot44K544Gu5Lit5aSu44Gn44Gv44OA44Kk44Ok44Oi44Oz44OJ44GM6Lyd44GP4piGIOmAgeaWmeeEoeaWmeOAguOAkOWIu+WNsOWvvuW/nOOAkeKXhkxPVkVSUyBTQ0VORSDjg6njg5Djg7zjgrrjgrfjg7zjg7Pil4bjgrfjg6vjg5Djg7zjg6rjg7PjgrDvvIjjg6zjg4fjgqPjg7zjgrnvvInjgJBMU1IwMDE3RFBL44CR44CQ44K344Or44OQ44O844Oq44Oz44KwIOODmuOCouODquODs+OCsCDjg5rjgqIg5oyH6LyqIOOCr+ODreOCuSDjg4DjgqTjg6Tjg6Ljg7Pjg4kg44OU44Oz44Kv44K044O844Or44OJIOODl+ODrOOCvOODs+ODiCDjg6rjg7PjgrAg5Yi75Y2wIOOCt+ODq+ODkOODvCDjgrjjg6Xjgqjjg6rjg7wg44Ku44OV44OIIOWmuyDjgYvjgo/jgYTjgYTjgJHmr43jga7ml6Ug44K344Oz44OX44Or[rn]
39-1056,aHR0cDovL3RzaG9wLnIxMHMuanAvbWl4bnV0cy9jYWJpbmV0LzAyMC9tdHI0NjAuanBnP2ZpdGluPTcwMDo3MDA=,MTY0MS42MDAw,,44K444Ol44Ko44Oq44O844O744Ki44Kv44K744K144Oq44O8ID4g44Os44OH44Kj44O844K544K444Ol44Ko44Oq44O844O744Ki44Kv44K744K144Oq44O8ID4g5oyH6Lyq44O744Oq44Oz44Kw,44Oc44O844Oz44OV44Kj44Oz44Ks44O844Ki44O844Oe44O844Oq44Oz44KwIOaMh+i8qiDjgrnjgqvjg6sg6auR6auPIOODieOCr+ODrSDpqqgg5oyHIOODpuODi+ODvOOCryDpnaLnmb0g44Oh44Oz44K6IOODrOODh+OCo+ODvOOCuSDjg5rjgqLjg6rjg7PjgrAg6Zai56+A44Gu5oyH6LyqIOODleOCoeODqeODs+OCuOODquODs+OCsCDjg4Hjg4Pjg5fjg6rjg7PjgrAg44Of44OH44Kj44Oq44Oz44KwIOODleOCqeODvOOCr+ODquODs+OCsCDmm7LjgYzjgovmjIfovKog55Sy5YaRIOmOpyDpqI7lo6sg44OK44OD44Kv44Or44Oq44Oz44KwIOOBiuOCguOBl+OCjSDlgIvmgKfnmoQg44OV44Kj44Oz44Ks44O844Oq44Oz44Kw,W+OCouODvOODnuODvOODquODs+OCsC/jg4rjg4Pjgq/jg6vjg6rjg7PjgrAv6Y6nL+eUsuWGkS/nlLfmgKfnlKgv5aWz5oCn55SoXQ==,PGEgaHJlZj1odHRwOi8vc2VhcmNoLnJha3V0ZW4uY28uanAvc2VhcmNoL2luc2hvcC1tYWxsP2Y9MSZ2PTMmc2lkPTIwNDE3MCZ1d2Q9MSZzPTEmcD0xJnNpdGVtPSVFMyU4MiVBMiVFMyU4MyVCQyVFMyU4MyU5RSVFMyU4MyVCQyVFMyU4MyVBQSVFMyU4MyVCMyVFMyU4MiVCMCZzdD1BJm5pdGVtPSZtaW49Jm1heD0+PGltZyBzcmM9aHR0cDovL2ltYWdlLnJha3V0ZW4uY28uanAvbWl4bnV0cy9jYWJpbmV0L290aGVyNS9hcm9tb3IuanBnIGJvcmRlcj0wIHdpZHRoPTYwMD48L2E+PHRhYmxlIHdpZHRoPSIzNTAiPjx0cj48dGQ+PGZvbnQgc2l6ZT0yPuOCueOCq+ODq+OBrumqqOOCkuODouODgeODvOODleOBq+OBl+OBn+WAi+aAp+eahOOBquOCouODvOODnuODvOODquODs+OCsOOAguOBvuOCi+OBp+ODquOCouODq+OBqumqqOOBruOCiOOBhuOBquaMh+i8quOBjOWtmOWcqOaEn+OCkuaUvuOBpOOAguOCteOCpOOCuuOCguODleODquODvOOCteOCpOOCuuOBquOBruOBp+OAgeOBqeOBruaMh+OBq+OBp+OCguijheedgOOBp+OBjeOCi+OAguODoeODs+OCuuOBp+OCguODrOODh+OCo+ODvOOCueOBp+OCguS9v+OBiOOCi+OCouODvOODnuODvOODquODs+OCsOOBp+OBmeOAggoKCuOAgjxicj48L2ZvbnQ+PGJyPjxmb250IGNvbG9yPXJlZCBzaXplPTI+4oC76KGo56S644GvMeWAi+OBruS+oeagvOOBp+OBmeOAgjxicj7nlLvlg4/jga/jgqTjg6Hjg7zjgrjjgafjgZnjgII8YnI+PC9mb250Pjxicj48L3RkPjwvdHI+PC90YWJsZT48dGFibGUgd2lkdGg9IjM1MCIgYm9yZGVyPSIxIiBjZWxsc3BhY2luZz0iMCIgY2VsbHBhZGRpbmc9IjMiIGJvcmRlcmNvbG9yPSIjMDA2NjAwIiBiZ2NvbG9yPSIjRkZGRkZGIj48dHI+PHRkIGNvbHNwYW49IjIiIGJnY29sb3I9IiMwMDY2MDAiPjxmb250IGNvbG9yPSIjRkZGRkZGIiBzaXplPSIyIj7jgIDllYblk4Hmg4XloLE8L2ZvbnQ+PC90ZD48L3RyPjx0cj48dGQgd2lkdGg9IjUwIiBiZ2NvbG9yPSIjRUZFRkVGIj48Zm9udCBzaXplPSIyIj7jgrnjg5rjg4Pjgq88L2ZvbnQ+PC90ZD48dGQgd2lkdGg9IjI4MCIgaGVpZ2h0PSI5Ij48Zm9udCBzaXplPSIyIj7lhajplbfvvJrntIQ2NW1tPGJyPuOCteOCpOOCuu+8muODleODquODvOOCteOCpOOCujwvZm9udD48L3RkPjwvdHI+PHRyPjx0ZCBiZ2NvbG9yPSIjRUZFRkVGIj48Zm9udCBzaXplPSIyIj7ntKDmnZA8L2ZvbnQ+PC90ZD48dGQgd2lkdGg9IjI4MCI+PGZvbnQgc2l6ZT0iMiI+44Oh44K/44Or77yI55yf6Y2u44Oh44OD44Kt77yJPC9mb250PjwvdGQ+PC90cj48dHI+PHRkIGJnY29sb3I9IiNFRkVGRUYiPjxmb250IHNpemU9IjIiPuWCmeiAgzwvZm9udD48L3RkPjx0ZCB3aWR0aD0iMjgwIj48Zm9udCBzaXplPSIyIj7jg7vooajnpLrjga8x5YCL44Gu5L6h5qC844Gn44GZ44CCPGJyPuODu+ODj+ODs+ODieODoeOCpOODieOBrueCuuWkmuWwkeOCteOCpOOCuuOBr+eVsOOBquOCiuOBvuOBmTxicj7igLvnlLvlg4/jga/jgqTjg6Hjg7zjgrjjgafjgZnjgILlrp/pmpvjga7oibLlkIjjgYTjgajjg5rjg7zjgrjjga7oibLlkIjjgYTjga/nlbDjgarjgovloLTlkIjjgYzjgZTjgZbjgYTjgb7jgZnjgII8L2ZvbnQ+PC90ZD48L3RyPjwvdGFibGU+PGltZyBzcmM9aHR0cDovL2ltYWdlLnJha3V0ZW4uY28uanAvbWl4bnV0cy9jYWJpbmV0L21haW5fbWVudS90aXp1NTAwLmpwZyB3aWR0aD02MDA+Cgo8YnI+CjxpbWcgc3JjPWh0dHA6Ly9pbWFnZS5yYWt1dGVuLmNvLmpwL21peG51dHMvY2FiaW5ldC9vdGhlcjMvZWFyLmpwZz48YnI+PGJyPgo8aW1nIHNyYz1odHRwOi8vaW1hZ2UucmFrdXRlbi5jby5qcC9taXhudXRzL2NhYmluZXQvMDIzL2hvb3AxLmpwZz48YnI+Cjxicj4KPGltZyBzcmM9aHR0cDovL2ltYWdlLnJha3V0ZW4uY28uanAvbWl4bnV0cy9jYWJpbmV0L290aGVyNS9lYXJyaW5naW1hZ2UuanBnPjxicj4KPGltZyBzcmM9aHR0cDovL2ltYWdlLnJha3V0ZW4uY28uanAvbWl4bnV0cy9jYWJpbmV0L290aGVyNS9lYXJyaW5naW1hZ2UyLmpwZz48YnI+PGJyPgoKPGltZyBzcmM9aHR0cDovL2ltYWdlLnJha3V0ZW4uY28uanAvbWl4bnV0cy9jYWJpbmV0L290aGVyNS9uZWNraW1nLmpwZz48YnI+PGJyPgoKCjxpbWcgc3JjPWh0dHA6Ly9pbWFnZS5yYWt1dGVuLmNvLmpwL21peG51dHMvY2FiaW5ldC9vdGhlcjYvc2l6ZS5qcGc+PGJyPjxicj4KCgoKCjwhLS0g44Gp44KJ44Kq44O844OA44O8W+ODquOCouODq+OCv+OCpOODoOazqOaWh+ihqOekul0gU1RBUlQtLT4KPGNlbnRlcj4KPFAgc3R5bGU9Im1hcmdpbi1ib3R0b206MDsiPjxpbWcgc3JjPSJodHRwOi8vd3d3LnJha3V0ZW4ubmUuanAvZ29sZC9taXhudXRzL2RvcmFfc2VyaWVzL2RvcmFvcmRlci9kb3Jhb3JkZXJfdGl0bGUuanBnIj48L1A+Cgo8L2NlbnRlcj4KPCEtLSDjganjgonjgqrjg7zjg4Djg7xb44Oq44Ki44Or44K/44Kk44Og5rOo5paH6KGo56S6XSBFTkQtLT4KCjx0YWJsZSBiZ2NvbG9yPSIjMDAwMEZGIiBib3JkZXI9IjAiIGNlbGxwYWRkaW5nPSI1IiBjZWxsc3BhY2luZz0iMSIgd2lkdGg9IjYwMCI+Cjx0Ym9keT4KPHRyPgo8dGQgYWxpZ249ImNlbnRlciI+PGI+PGZvbnQgY29sb3I9IiNmZmZmZmYiIHNpemU9Nj7plqLopb/pmZDlrprvvIHlvZPml6XjgYrlsYrjgZHjgrXjg7zjg5PjgrnvvIE8L2ZvbnQ+PGZvbnQgY29sb3I9IiNmZmZmZmYiPjxicj4KICAgICAg4oC7QU0xMO+8mjMw5YiG44G+44Gn44Gr44GU5rOo5paH44GZ44KM44Gw44CB44Gd44Gu5pel44GuMTjmmYLku6XpmY3jgavjgYrlsYrjgZHigLs8YnI+CuS7peS4i+OBruWGheWuueOCkuW/heOBmuOBlOeiuuiqjeOBj+OBoOOBleOBhDwvZm9udD48L2I+PC90ZD4KPC90cj4KPHRyPgo8dGQgaGVpZ2h0PSIxNzEiIGJnY29sb3I9IndoaXRlIj48Zm9udCBjb2xvcj0icmVkIiBzaXplPSIyIiBmYWNlPSLvvK3vvLMg44K044K344OD44KvIj48c3Ryb25nPkFNMTDmmYIzMOWIhuOBvuOBp+OBq+OBlOazqOaWh+OBhOOBn+OBoOOBj+OBqOOAgeOBneOBruaXpeOBq+WxiuOBjeOBvuOBmTwvc3Ryb25nPjwvZm9udD48YnI+CiAgPGJyPgo8Zm9udCBzaXplPSIyIiBmYWNlPSLvvK3vvLMg44K044K344OD44KvIj7lvIrnpL7llrbmpa3ml6Xjga7jgb/lr77lv5zlj6/og73jgafjgZnjgILlpKfpmKrlupzjgIHmu4vos4DnnIzjga/lhajln5/lj6/og73jgILkuqzpg73lupzjgIHlhbXluqvnnIzjgIHlpYjoia/nnIzjgIHlkozmrYzlsbHnnIzjga/luILnlLrmnZHjgavjgojjgorlr77lv5zjgafjgY3jgarjgYTlnLDln5/jgYzjgZTjgZbjgYTjgb7jgZnjgILoqbPntLDjga/kuIvoqJjjgpLjgZTlj4LnhafjgY/jgaDjgZXjgYTjgII8YnI+Cjxmb250IGNvbG9yPSJyZWQiIHNpemU9IjIiIGZhY2U9Iu+8re+8syDjgrTjgrfjg4Pjgq8iPjxzdHJvbmc+4oC75b+F44Ga5pel5pmC5oyH5a6a44Gq44GX44Gr44Gm44GU5rOo5paH44GP44Gg44GV44GE44CC5pel5pmC5oyH5a6a44GV44KM44G+44GZ44Go44Gd44Gh44KJ44GM5YSq5YWI44GV44KM44G+44GZ44Gu44Gn44GU5rOo5oSP44GP44Gg44GV44GE44CCPGJyPgo8L3N0cm9uZz48L2ZvbnQ+PGZvbnQgc2l6ZT0iMiIgZmFjZT0i77yt77yzIOOCtOOCt+ODg+OCryI+PGZvbnQgY29sb3I9InJlZCIgc2l6ZT0iMiIgZmFjZT0i77yt77yzIOOCtOOCt+ODg+OCryI+PHN0cm9uZz7igLs8L3N0cm9uZz48L2ZvbnQ+PC9mb250Pjxmb250IGNvbG9yPSJyZWQiIHNpemU9IjIiIGZhY2U9Iu+8re+8syDjgrTjgrfjg4Pjgq8iPjxzdHJvbmc+5Yil6YCU6LK755So44Gq44Gp44Gv5b+F6KaB44GU44GW44GE44G+44Gb44KT44CC54Sh5paZ44Gn44GZPC9zdHJvbmc+PC9mb250Pjxicj48YnI+Cjxicj4K4pag6YWN6YGU5Y+v6IO944Ko44Oq44KiPGJyPjxicj4K6L+R55W/PGJyPgrvvLvmu4vos4AgfOS6rOmDvSB85aSn6ZiqIHzlhbXluqsgfOWliOiJryB85ZKM5q2M5bGxIO+8vTxicj48L2ZvbnQ+Cgo8YnI+PGZvbnQgc2l6ZT0iMiIgZmFjZT0i77yt77yzIOOCtOOCt+ODg+OCryI+PHN0cm9uZz7igLvjgrXjg7zjg5PjgrnoqbPntLDjgajms6jmhI/kuovpoIXjgavjgaTjgYTjgaY8L3N0cm9uZz48L2ZvbnQ+PC90ZD4KPC90cj4KCgo8L3Rib2R5Pgo8L3RhYmxlPgoKCjxicj48YnI+Cgo8dGFibGUgYmdjb2xvcj0icmVkIiBib3JkZXI9IjAiIGNlbGxwYWRkaW5nPSI1IiBjZWxsc3BhY2luZz0iMSIgd2lkdGg9IjYwMCI+Cjx0Ym9keT4KPHRyPgo8dGQgYWxpZ249ImNlbnRlciI+PGI+PGZvbnQgY29sb3I9IiNmZmZmZmYiIHNpemU9Nj7lubPml6UxNzwvZm9udD48Zm9udCBjb2xvcj0iI2ZmZmZmZiI+5pmC44G+44Gn44Gu44GU5rOo5paH44GvPC9mb250Pjxmb250IGNvbG9yPSIjZmZmZmZmIiBzaXplPTY+57+M5pelPC9mb250Pjxmb250IGNvbG9yPSIjZmZmZmZmIj7jgYrlsYrjgZHvvIE8YnI+4oC744CMMTfmmYLjgb7jgafjga7jgZTms6jmlofjga/mnIDnn63jgafnv4zml6XjgYrlsYrjgZHlj6/og73vvIHjgI3igLs8YnI+CuS7peS4i+OBruWGheWuueOCkuW/heOBmuOBlOeiuuiqjeOBj+OBoOOBleOBhDwvZm9udD48L2I+PC90ZD4KPC90cj4KPHRyPgo8dGQgYmdjb2xvcj0id2hpdGUiPjxmb250IGNvbG9yPSJyZWQiIHNpemU9IjIiIGZhY2U9Iu+8re+8syDjgrTjgrfjg4Pjgq8iPjE377yaMDDjgb7jgafjgavjgZTms6jmloc8L2ZvbnQ+PGZvbnQgc2l6ZT0iMiIgZmFjZT0i77yt77yzIOOCtOOCt+ODg+OCryI+44GE44Gf44Gg44GP44Go44CBPGJyPgo8YnI+CjwvZm9udD48Zm9udCBjb2xvcj0iI2ZmOTkwMCIgc2l6ZT0iMiIgZmFjZT0i77yt77yzIOOCtOOCt+ODg+OCryI+5bKp5omL44O75bGx5b2i44O75a6u5Z+O44O756aP5bO244O75p2x5Lqs44O756We5aWI5bed44O75Y2D6JGJ44O75Z+8546J44O7576k6aas44O76Iyo5Z+O44O75qCD5pyo44O756aP5LqV44O755+z5bed44O75a+M5bGx44O75bGx5qKo44O76ZW36YeO44O75paw5r2f44O76Z2Z5bKh44O75oSb55+l44O75LiJ6YeN44O75bKQ6Zic44O75ruL6LOA44O75Lqs6YO944O75aWI6Imv44O75aSn6Ziq44O75YW15bqr44O75ZKM5q2M5bGx44O76bOl5Y+W44O75bqD5bO244O75bO25qC544O75bGx5Y+j44O75bKh5bGx44O75b6z5bO244O75oSb5aqb44O76aaZ5bed44O76auY55+l44O756aP5bKh44O75L2Q6LOA44O75aSn5YiG44O75a6u5bSOPGJyPgoKPGJyPgo8L2ZvbnQ+PGZvbnQgc2l6ZT0iMiIgZmFjZT0i77yt77yzIOOCtOOCt+ODg+OCryI+44Gr44GK5L2P44G+44GE44Gu5pa544Gr6ZmQ44KK44CBPC9mb250Pjxmb250IGNvbG9yPSJyZWQiIHNpemU9IjIiIGZhY2U9Iu+8re+8syDjgrTjgrfjg4Pjgq8iPuWNs+aXpeeZuumAgeKHkue/jOaXpeOBq+OBiuWxiuOBkTwvZm9udD48Zm9udCBzaXplPSIyIiBmYWNlPSLvvK3vvLMg44K044K344OD44KvIj7jgYTjgZ/jgZfjgb7jgZnjgII8L2ZvbnQ+PGZvbnQgY29sb3I9InJlZCIgc2l6ZT0iMiIgZmFjZT0i77yt77yzIOOCtOOCt+ODg+OCryI+KDE377yaMDDku6XpmY3jga7jgZTms6jmlofjga/nv4zml6XnmbrpgIEpPC9mb250Pjxmb250IHNpemU9IjIiIGZhY2U9Iu+8re+8syDjgrTjgrfjg4Pjgq8iPjxicj4KCjxicj4KPC9mb250Pjxmb250IGNvbG9yPSJyZWQiIHNpemU9IjIiIGZhY2U9Iu+8re+8syDjgrTjgrfjg4Pjgq8iPuKAuzwvZm9udD48Zm9udCBzaXplPSIyIiBmYWNlPSLvvK3vvLMg44K044K344OD44KvIj7ljJfmtbfpgZPjg7vpnZLmo67jg7vnp4vnlLDjg7vpub/lhZDls7bjg7vplbfltI7jg7vnhormnKzjg7vmspbnuITjg7vpm6Lls7bjg7vkuIDpg6jlnLDln5/jgbjjga/nv4zjgIXml6Xku6XpmY3jga7jgYrlsYrjgZHjgajjgarjgorjgb7jgZnjgII8YnI+Cjxicj4KCjxicj4KPGZvbnQgY29sb3I9InJlZCIgc2l6ZT0iMiIgZmFjZT0i77yt77yzIOOCtOOCt+ODg+OCryI+4oC7PC9mb250Pjxmb250IHNpemU9IjIiIGZhY2U9Iu+8re+8syDjgrTjgrfjg4Pjgq8iPuOBlOaMh+WumuaXpeaZguOBr+OCt+OCueODhuODoOS4iuOAgTwvZm9udD48Zm9udCBjb2xvcj0icmVkIiBzaXplPSIyIiBmYWNlPSLvvK3vvLMg44K044K344OD44KvIj405Za25qWt5pel5Lul5YaFPC9mb250PuOBr+OBlOaMh+WumuOBhOOBn+OBoOOBkeOBvuOBm+OCk+OBruOBp+OAgeOBiuaApeOBjuOBruaWueOBr+aMh+WumuaXpeOBquOBl+OBi+OAgeOCs+ODoeODs+ODiOashOOBq+OBlOW4jOacm+aXpeaZguOCkuOBlOiomOi8ieS4i+OBleOBhDxmb250IHNpemU9IjIiIGZhY2U9Iu+8re+8syDjgrTjgrfjg4Pjgq8iPuOAgjwvZm9udD48YnI+Cjxicj4KPC9mb250Pjxmb250IGNvbG9yPSJyZWQiIHNpemU9IjIiIGZhY2U9Iu+8re+8syDjgrTjgrfjg4Pjgq8iPuKAuzwvZm9udD48Zm9udCBzaXplPSIyIiBmYWNlPSLvvK3vvLMg44K044K344OD44KvIj7kuqTpgJrmqZ/plqLjga7kuI3lhbflkIjjgoTmgqrlpKnlgJnjgarjganjgZ3jga7ku5bjga7kuI3lj6/mipflipvjgYznlJ/jgZjjgZ/loLTlkIjjgavjga/jgIHllYblk4Hjga7liLDnnYDmmYLplpPluK/jgYrjgojjgbPliLDnnYDml6XjgYzliY3lvozjgZnjgovjgZPjgajjgYzjgYLjgorjgb7jgZnjga7jgafjgZTkuobmib/poZjjgYTjgb7jgZnjgII8YnI+Cgo8YnI+CjwvZm9udD48Zm9udCBjb2xvcj0icmVkIiBzaXplPSIyIiBmYWNlPSLvvK3vvLMg44K044K344OD44KvIj7igLs8L2ZvbnQ+PGZvbnQgc2l6ZT0iMiIgZmFjZT0i77yt77yzIOOCtOOCt+ODg+OCryI+6Ieq5YuV5Y+X5rOo44Oh44O844Or44GM5bGK44GE44Gf5pmC6ZaT44GM44CB5rOo5paH5Y+X5LuY5pmC6ZaT44Go44Gq44KK44G+44GZ44CCPGJyPgo8YnI+CjwvZm9udD48Zm9udCBjb2xvcj0icmVkIiBzaXplPSIyIiBmYWNlPSLvvK3vvLMg44K044K344OD44KvIj7igLs8L2ZvbnQ+PGZvbnQgc2l6ZT0iMiIgZmFjZT0i77yt77yzIOOCtOOCt+ODg+OCryI+5rOo5paH44GM54m55a6a44Gu5ZWG5ZOB44Gr6ZuG5Lit44GX44Gm44GE44KL5aC05ZCI44Gq44Gp44CB44K344K544OG44Og44Gu6Zqc5a6z44Gr44KI44KL5Y+X5rOo5pmC6ZaT44Gu6Kqk5beu44GM55Sf44GY44KL5aC05ZCI44GM44GU44GW44GE44G+44GZ44CC6Ieq5YuV5Y+X5rOo44Oh44O844Or44KS5b+F44Ga44GU56K66KqN44GP44Gg44GV44GE44CC6Ieq5YuV5Y+X5rOo44Oh44O844Or44GM5bGK44GL44Gq44GE5aC05ZCI44Gv5byK56S+44G455u05o6l44GU6YCj57Wh44GP44Gg44GV44GE44CCPC9mb250Pjxicj48YnI+PGZvbnQgY29sb3I9InJlZCIgc2l6ZT0iMiIgZmFjZT0i77yt77yzIOOCtOOCt+ODg+OCryI+4oC7PC9mb250Pjxmb250IHNpemU9IjIiIGZhY2U9Iu+8re+8syDjgrTjgrfjg4Pjgq8iPuWLneaJi+OBquOBjOOCieW8iuekvuWWtualreaXpeOBruOBv+OBruWvvuW/nOOBqOOBquOCiuOBvuOBmeOAguWWtualreaXpeOBq+OBpOOBjeOBvuOBl+OBpuOBr+S4i+iomOOCq+ODrOODs+ODgOODvOOBrum7kuOBruaXpeS7mOOBqOOBquOCiuOBvuOBmeOAgjwvZm9udD48YnI+Cjx0YWJsZSB3aWR0aD0iNTUwIiBib3JkZXI9IjAiIGNlbGxzcGFjaW5nPSIwIiBjZWxscGFkZGluZz0iMCI+CiAgPHRyPgogICAgPHRkPjxkaXYgYWxpZ249ImNlbnRlciI+PGltZyBzcmM9aHR0cDovL2ltYWdlLnJha3V0ZW4uY28uanAvbWl4bnV0cy9jYWJpbmV0L21haW5fbWVudS9kYXRlLmdpZj48L2Rpdj48L3RkPgogICAgPHRkIHdpZHRoPSIzMDAiPjxicj4K4pagPGZvbnQgY29sb3I9IiNGRjAwMDAiPui1pDwvZm9udD48Zm9udCBjb2xvcj0iIzY5Njk2OSI+5a2X44Gu5pel44Gu44G/5b2T56S+5LyR5qWt44Gu54K644CB44Oh44O844Or44Gu6L+U5L+h44O75ZWG5ZOB55m66YCB44Gq44Gp44Gv57+M5Za25qWt5pel5Lul6ZmN44Gu5a++5b+c44Go44Gq44KK44G+44GZ44CC77yI4oC75Zyf5puc5pel44Gv5Za25qWt44GX44Gm44GK44KK44G+44GZ77yJPC9mb250PiA8L3RkPgogIDwvdHI+CjwvdGFibGU+CjwvdGQ+CjwvdHI+CgoKPC90Ym9keT4KPC90YWJsZT4KCgo8YnI+PGJyPg==,44Oc44O844Oz44OV44Kj44Oz44Ks44O844Ki44O844Oe44O844Oq44Oz44KwIOaMh+i8qiDjgrnjgqvjg6sg6auR6auPIOODieOCr+ODrSDpqqgg5oyHIOODpuODi+ODvOOCryDpnaLnmb0g44Oh44Oz44K6IOODrOODh+OCo+ODvOOCuSDjg5rjgqLjg6rjg7PjgrAg6Zai56+A44Gu5oyH6LyqIOODleOCoeODqeODs+OCuOODquODs+OCsCDjg4Hjg4Pjg5fjg6rjg7PjgrAg44Of44OH44Kj44Oq44Oz44KwIOODleOCqeODvOOCr+ODquODs+OCsCDmm7LjgYzjgovmjIfovKog55Sy5YaRIOmOpyDpqI7lo6sg44OK44OD44Kv44Or44Oq44Oz44KwIOOBiuOCguOBl+OCjSDlgIvmgKfnmoQg44OV44Kj44Oz44Ks44O844Oq44Oz44Kw77ya44OU44Ki44K55bCC6ZaA44K344On44OD44OXR3JlZW4gUGllcmNpbmc=,44Kk44Ok44Kr44OV44Kk44Ok44Op44OD44OX44Kk44Ok44OV44OD44Kv44K544OG44Oz44Os44K544OU44Ki44K544Oc44OH44Kj44OU44Ki44K544K344Or44OQ44O844OU44Ki44K544OV44Kh44Op44Oz44K444Oq44Oz44Kw44ON44Kk44Or44Oq44Oz44Kw44Kk44Ok44O844Kr44OV44Kk44Ok44O844Op44OD44OX44Kk44Ok44O844OV44OD44Kv44Oe44Kw44ON44OD44OI44OU44Ki44K544OB44OD44OX44Oq44Oz44Kw44Oc44O844Oz44OV44Kj44Oz44Ks44O844Ki44O844Oe44O844Oq44Oz44KwIOaMh+i8qiDjgrnjgqvjg6sg6auR6auPIOODieOCr+ODrSDpqqgg5oyHIOODpuODi+ODvOOCryDpnaLnmb0g44Oh44Oz44K6IOODrOODh+OCo+ODvOOCuSDjg5rjgqLjg6rjg7PjgrAg6Zai56+A44Gu5oyH6LyqIOODleOCoeODqeODs+OCuOODquODs+OCsCDjg4Hjg4Pjg5fjg6rjg7PjgrAg44Of44OH44Kj44Oq44Oz44KwIOODleOCqeODvOOCr+ODquODs+OCsCDmm7LjgYzjgovmjIfovKog55Sy5YaRIOmOpyDpqI7lo6sg44OK44OD44Kv44Or44Oq44Oz44KwIOOBiuOCguOBl+OCjSDlgIvmgKfnmoQg44OV44Kj44Oz44Ks44O844Oq44Oz44Kw,W+OCouODvOODnuODvOODquODs+OCsC/jg4rjg4Pjgq/jg6vjg6rjg7PjgrAv6Y6nL+eUsuWGkS/nlLfmgKfnlKgv5aWz5oCn55SoXeOAguODnOODvOODs+ODleOCo+ODs+OCrOODvOOCouODvOODnuODvOODquODs+OCsCDmjIfovKog44K544Kr44OrIOmrkemrjyDjg4njgq/jg60g6aqoIOaMhyDjg6bjg4vjg7zjgq8g6Z2i55m9IOODoeODs+OCuiDjg6zjg4fjgqPjg7zjgrkg44Oa44Ki44Oq44Oz44KwIOmWouevgOOBruaMh+i8qiDjg5XjgqHjg6njg7Pjgrjjg6rjg7PjgrAg44OB44OD44OX44Oq44Oz44KwIOODn+ODh+OCo+ODquODs+OCsCDjg5Xjgqnjg7zjgq/jg6rjg7PjgrAg5puy44GM44KL5oyH6LyqIOeUsuWGkSDpjqcg6aiO5aOrIOODiuODg+OCr+ODq+ODquODs+OCsCDjgYrjgoLjgZfjgo0g5YCL5oCn55qEIOODleOCo+ODs+OCrOODvOODquODs+OCsA==[rn]
39-1057,aHR0cDovL3RzaG9wLnIxMHMuanAvbWl4bnV0cy9jYWJpbmV0LzAyMy9tdHIwMDMuanBnP2ZpdGluPTcwMDo3MDA=,NjkxLjIwMDA=,,44K444Ol44Ko44Oq44O844O744Ki44Kv44K744K144Oq44O8ID4g44Os44OH44Kj44O844K544K444Ol44Ko44Oq44O844O744Ki44Kv44K744K144Oq44O8ID4g5oyH6Lyq44O744Oq44Oz44Kw,44Ki44Oq44K544Oq44Oz44KwIOaMh+i8qiDjg5XjgqHjg6njg7Pjgrjjg6rjg7PjgrAg44OB44OD44OX44Oq44Oz44KwIOODoeODs+OCuiDjg6zjg4fjgqPjg7zjgrkg44OV44Kp44O844Kv44Oq44Oz44KwIOODjeOCsyDnjKsg44Kt44Oj44OD44OIIOODrOODh+OCo+ODvOOCuSDplqLnr4Djga7mjIfovKog44OV44Oq44O844K144Kk44K6IOODleOCqeODvOOCr+ODquODs+OCsCDmj7rjgozjgosg44OP44O844OI,W+KYheS4jeaAneitsOOBruWbveKYheODr+ODs+ODgOODvOODqeODs+ODieOBquaMh+i8ql0=,PGEgaHJlZj1odHRwOi8vc2VhcmNoLnJha3V0ZW4uY28uanAvc2VhcmNoL2luc2hvcC1tYWxsLyVFNyU4QyVBQi8tL2YuMS1wLjEtcy4xLXNmLjAtc2lkLjIwNDE3MC1zdC5BLXYuMz48aW1nIHNyYz1odHRwOi8vaW1hZ2UucmFrdXRlbi5jby5qcC9taXhudXRzL2NhYmluZXQvb3RoZXI1L2NhdC5qcGcgYm9yZGVyPTA+PC9hPjxicj48YnI+CjxpbWcgc3JjPWh0dHA6Ly9pbWFnZS5yYWt1dGVuLmNvLmpwL21peG51dHMvY2FiaW5ldC8wMjMvbXRyMDAzLmpwZyBib3JkZXI9MD48YnI+PGJyPgo8aW1nIHNyYz1odHRwOi8vaW1hZ2UucmFrdXRlbi5jby5qcC9taXhudXRzL2NhYmluZXQvMDIzL210cjAwM18xLmpwZyBib3JkZXI9MD48YnI+PGJyPgo8aW1nIHNyYz1odHRwOi8vaW1hZ2UucmFrdXRlbi5jby5qcC9taXhudXRzL2NhYmluZXQvMDIzL210cjAwM18yLmpwZyBib3JkZXI9MD48YnI+PGJyPgo8aW1nIHNyYz1odHRwOi8vaW1hZ2UucmFrdXRlbi5jby5qcC9taXhudXRzL2NhYmluZXQvMDIzL210cjAwM18zLmpwZyBib3JkZXI9MD48YnI+PGJyPjxhIGhyZWY9aHR0cDovL3NlYXJjaC5yYWt1dGVuLmNvLmpwL3NlYXJjaC9pbnNob3AtbWFsbD9mPTEmdj0zJnNpZD0yMDQxNzAmdXdkPTEmcz0xJnA9MSZzaXRlbT0lRTMlODMlOTUlRTMlODIlQTElRTMlODMlQTklRTMlODMlQjMlRTMlODIlQjglRTMlODMlQUElRTMlODMlQjMlRTMlODIlQjAmc3Q9QSZuaXRlbT0mbWluPSZtYXg9PjxpbWcgc3JjPWh0dHA6Ly9pbWFnZS5yYWt1dGVuLmNvLmpwL21peG51dHMvY2FiaW5ldC9vdGhlcjUvZnJpbmcuanBnIGJvcmRlcj0wPjwvYT48dGFibGUgd2lkdGg9IjM1MCI+PHRyPjx0ZD48Zm9udCBzaXplPTI+44G+44KL44Gn5LiN5oCd6K2w44Gu5Zu944GL44KJ6aOb44Gz5Ye644GX44Gm44GN44Gf44KI44GG44Gq54yr44KS44Oi44OB44O844OV44Gr44GX44Gf5oyH6Lyq44Gn44GZ44CCPGJyPuOCouODs+ODhuOCo+ODvOOCr+OCtOODvOODq+ODieOBq+ODoeODg+OCreOBleOCjOOBn+ODouODgeODvOODleOBjOmrmOe0muaEn+OCkueZuuaPruOBl+OBpuOBj+OCjOOCi+aMh+i8quOBp+OBmeOAgjxicj48YnI+6LG55p+E44Gu44OP44O844OI44Gu44OB44Oj44O844Og44GM44K744Kv44K344O844Gr5o+644KM44KL44CCPGJyPjxicj7jg6rjg7PjgrDjgrXjgqTjgrrjgoLjg5Xjg6rjg7zjgrXjgqTjgrrjgarjga7jgafjgIHjganjga7mjIfovKrjgavjgoLoo4XnnYDjgafjgY3jgovjgII8YnI+PC9mb250Pjxicj48Zm9udCBjb2xvcj1yZWQgc2l6ZT0yPuKAu+ihqOekuuOBrzHlgIvjga7kvqHmoLzjgafjgZnjgII8YnI+55S75YOP44Gv44Kk44Oh44O844K444Gn44GZ44CCPGJyPjwvZm9udD48YnI+PC90ZD48L3RyPjwvdGFibGU+PHRhYmxlIHdpZHRoPSIzNTAiIGJvcmRlcj0iMSIgY2VsbHNwYWNpbmc9IjAiIGNlbGxwYWRkaW5nPSIzIiBib3JkZXJjb2xvcj0iIzAwNjYwMCIgYmdjb2xvcj0iI0ZGRkZGRiI+PHRyPjx0ZCBjb2xzcGFuPSIyIiBiZ2NvbG9yPSIjMDA2NjAwIj48Zm9udCBjb2xvcj0iI0ZGRkZGRiIgc2l6ZT0iMiI+44CA5ZWG5ZOB5oOF5aCxPC9mb250PjwvdGQ+PC90cj48dHI+PHRkIHdpZHRoPSI1MCIgYmdjb2xvcj0iI0VGRUZFRiI+PGZvbnQgc2l6ZT0iMiI+44Oq44Oz44Kw44K144Kk44K6PC9mb250PjwvdGQ+PHRkIHdpZHRoPSIyODAiIGhlaWdodD0iOSI+PGZvbnQgc2l6ZT0iMiI+MTXlj7c8L2ZvbnQ+PC90ZD48L3RyPjx0cj48dGQgYmdjb2xvcj0iI0VGRUZFRiI+PGZvbnQgc2l6ZT0iMiI+57Sg5p2QPC9mb250PjwvdGQ+PHRkIHdpZHRoPSIyODAiPjxmb250IHNpemU9IjIiPuODoeOCv+ODq++8iOecn+mNruODoeODg+OCre+8iTwvZm9udD48L3RkPjwvdHI+PHRyPjx0ZCBiZ2NvbG9yPSIjRUZFRkVGIj48Zm9udCBzaXplPSIyIj7lgpnogIM8L2ZvbnQ+PC90ZD48dGQgd2lkdGg9IjI4MCI+PGZvbnQgc2l6ZT0iMiI+44O76KGo56S644GvMeWAi+OBruS+oeagvOOBp+OBmeOAgjxicj7jg7vjg4/jg7Pjg4njg6HjgqTjg4njga7ngrrlpJrlsJHjgrXjgqTjgrrjga/nlbDjgarjgorjgb7jgZk8YnI+4oC755S75YOP44Gv44Kk44Oh44O844K444Gn44GZ44CC5a6f6Zqb44Gu6Imy5ZCI44GE44Go44Oa44O844K444Gu6Imy5ZCI44GE44Gv55Ww44Gq44KL5aC05ZCI44GM44GU44GW44GE44G+44GZ44CCPC9mb250PjwvdGQ+PC90cj48L3RhYmxlPjxpbWcgc3JjPWh0dHA6Ly9pbWFnZS5yYWt1dGVuLmNvLmpwL21peG51dHMvY2FiaW5ldC9tYWluX21lbnUvdGl6dTUwMC5qcGcgd2lkdGg9NjAwPgoKPGJyPgo8aW1nIHNyYz1odHRwOi8vaW1hZ2UucmFrdXRlbi5jby5qcC9taXhudXRzL2NhYmluZXQvb3RoZXIzL2Vhci5qcGc+PGJyPjxicj4KPGltZyBzcmM9aHR0cDovL2ltYWdlLnJha3V0ZW4uY28uanAvbWl4bnV0cy9jYWJpbmV0LzAyMy9ob29wMS5qcGc+PGJyPgo8YnI+CjxpbWcgc3JjPWh0dHA6Ly9pbWFnZS5yYWt1dGVuLmNvLmpwL21peG51dHMvY2FiaW5ldC9vdGhlcjUvZWFycmluZ2ltYWdlLmpwZz48YnI+CjxpbWcgc3JjPWh0dHA6Ly9pbWFnZS5yYWt1dGVuLmNvLmpwL21peG51dHMvY2FiaW5ldC9vdGhlcjUvZWFycmluZ2ltYWdlMi5qcGc+PGJyPjxicj4KCjxpbWcgc3JjPWh0dHA6Ly9pbWFnZS5yYWt1dGVuLmNvLmpwL21peG51dHMvY2FiaW5ldC9vdGhlcjUvbmVja2ltZy5qcGc+PGJyPjxicj4KCgo8aW1nIHNyYz1odHRwOi8vaW1hZ2UucmFrdXRlbi5jby5qcC9taXhudXRzL2NhYmluZXQvb3RoZXI2L3NpemUuanBnPjxicj48YnI+CgoKCgo8IS0tIOOBqeOCieOCquODvOODgOODvFvjg6rjgqLjg6vjgr/jgqTjg6Dms6jmlofooajnpLpdIFNUQVJULS0+CjxjZW50ZXI+CjxQIHN0eWxlPSJtYXJnaW4tYm90dG9tOjA7Ij48aW1nIHNyYz0iaHR0cDovL3d3dy5yYWt1dGVuLm5lLmpwL2dvbGQvbWl4bnV0cy9kb3JhX3Nlcmllcy9kb3Jhb3JkZXIvZG9yYW9yZGVyX3RpdGxlLmpwZyI+PC9QPgoKPC9jZW50ZXI+CjwhLS0g44Gp44KJ44Kq44O844OA44O8W+ODquOCouODq+OCv+OCpOODoOazqOaWh+ihqOekul0gRU5ELS0+Cgo8dGFibGUgYmdjb2xvcj0iIzAwMDBGRiIgYm9yZGVyPSIwIiBjZWxscGFkZGluZz0iNSIgY2VsbHNwYWNpbmc9IjEiIHdpZHRoPSI2MDAiPgo8dGJvZHk+Cjx0cj4KPHRkIGFsaWduPSJjZW50ZXIiPjxiPjxmb250IGNvbG9yPSIjZmZmZmZmIiBzaXplPTY+6Zai6KW/6ZmQ5a6a77yB5b2T5pel44GK5bGK44GR44K144O844OT44K577yBPC9mb250Pjxmb250IGNvbG9yPSIjZmZmZmZmIj48YnI+CiAgICAgIOKAu0FNMTDvvJozMOWIhuOBvuOBp+OBq+OBlOazqOaWh+OBmeOCjOOBsOOAgeOBneOBruaXpeOBrjE45pmC5Lul6ZmN44Gr44GK5bGK44GR4oC7PGJyPgrku6XkuIvjga7lhoXlrrnjgpLlv4XjgZrjgZTnorroqo3jgY/jgaDjgZXjgYQ8L2ZvbnQ+PC9iPjwvdGQ+CjwvdHI+Cjx0cj4KPHRkIGhlaWdodD0iMTcxIiBiZ2NvbG9yPSJ3aGl0ZSI+PGZvbnQgY29sb3I9InJlZCIgc2l6ZT0iMiIgZmFjZT0i77yt77yzIOOCtOOCt+ODg+OCryI+PHN0cm9uZz5BTTEw5pmCMzDliIbjgb7jgafjgavjgZTms6jmlofjgYTjgZ/jgaDjgY/jgajjgIHjgZ3jga7ml6XjgavlsYrjgY3jgb7jgZk8L3N0cm9uZz48L2ZvbnQ+PGJyPgogIDxicj4KPGZvbnQgc2l6ZT0iMiIgZmFjZT0i77yt77yzIOOCtOOCt+ODg+OCryI+5byK56S+5Za25qWt5pel44Gu44G/5a++5b+c5Y+v6IO944Gn44GZ44CC5aSn6Ziq5bqc44CB5ruL6LOA55yM44Gv5YWo5Z+f5Y+v6IO944CC5Lqs6YO95bqc44CB5YW15bqr55yM44CB5aWI6Imv55yM44CB5ZKM5q2M5bGx55yM44Gv5biC55S65p2R44Gr44KI44KK5a++5b+c44Gn44GN44Gq44GE5Zyw5Z+f44GM44GU44GW44GE44G+44GZ44CC6Kmz57Sw44Gv5LiL6KiY44KS44GU5Y+C54Wn44GP44Gg44GV44GE44CCPGJyPgo8Zm9udCBjb2xvcj0icmVkIiBzaXplPSIyIiBmYWNlPSLvvK3vvLMg44K044K344OD44KvIj48c3Ryb25nPuKAu+W/heOBmuaXpeaZguaMh+WumuOBquOBl+OBq+OBpuOBlOazqOaWh+OBj+OBoOOBleOBhOOAguaXpeaZguaMh+WumuOBleOCjOOBvuOBmeOBqOOBneOBoeOCieOBjOWEquWFiOOBleOCjOOBvuOBmeOBruOBp+OBlOazqOaEj+OBj+OBoOOBleOBhOOAgjxicj4KPC9zdHJvbmc+PC9mb250Pjxmb250IHNpemU9IjIiIGZhY2U9Iu+8re+8syDjgrTjgrfjg4Pjgq8iPjxmb250IGNvbG9yPSJyZWQiIHNpemU9IjIiIGZhY2U9Iu+8re+8syDjgrTjgrfjg4Pjgq8iPjxzdHJvbmc+4oC7PC9zdHJvbmc+PC9mb250PjwvZm9udD48Zm9udCBjb2xvcj0icmVkIiBzaXplPSIyIiBmYWNlPSLvvK3vvLMg44K044K344OD44KvIj48c3Ryb25nPuWIpemAlOiyu+eUqOOBquOBqeOBr+W/heimgeOBlOOBluOBhOOBvuOBm+OCk+OAgueEoeaWmeOBp+OBmTwvc3Ryb25nPjwvZm9udD48YnI+PGJyPgo8YnI+CuKWoOmFjemBlOWPr+iDveOCqOODquOCojxicj48YnI+Cui/keeVvzxicj4K77y75ruL6LOAIHzkuqzpg70gfOWkp+mYqiB85YW15bqrIHzlpYjoia8gfOWSjOatjOWxsSDvvL08YnI+PC9mb250PgoKPGJyPjxmb250IHNpemU9IjIiIGZhY2U9Iu+8re+8syDjgrTjgrfjg4Pjgq8iPjxzdHJvbmc+4oC744K144O844OT44K56Kmz57Sw44Go5rOo5oSP5LqL6aCF44Gr44Gk44GE44GmPC9zdHJvbmc+PC9mb250PjwvdGQ+CjwvdHI+CgoKPC90Ym9keT4KPC90YWJsZT4KCgo8YnI+PGJyPgoKPHRhYmxlIGJnY29sb3I9InJlZCIgYm9yZGVyPSIwIiBjZWxscGFkZGluZz0iNSIgY2VsbHNwYWNpbmc9IjEiIHdpZHRoPSI2MDAiPgo8dGJvZHk+Cjx0cj4KPHRkIGFsaWduPSJjZW50ZXIiPjxiPjxmb250IGNvbG9yPSIjZmZmZmZmIiBzaXplPTY+5bmz5pelMTc8L2ZvbnQ+PGZvbnQgY29sb3I9IiNmZmZmZmYiPuaZguOBvuOBp+OBruOBlOazqOaWh+OBrzwvZm9udD48Zm9udCBjb2xvcj0iI2ZmZmZmZiIgc2l6ZT02Pue/jOaXpTwvZm9udD48Zm9udCBjb2xvcj0iI2ZmZmZmZiI+44GK5bGK44GR77yBPGJyPuKAu+OAjDE35pmC44G+44Gn44Gu44GU5rOo5paH44Gv5pyA55+t44Gn57+M5pel44GK5bGK44GR5Y+v6IO977yB44CN4oC7PGJyPgrku6XkuIvjga7lhoXlrrnjgpLlv4XjgZrjgZTnorroqo3jgY/jgaDjgZXjgYQ8L2ZvbnQ+PC9iPjwvdGQ+CjwvdHI+Cjx0cj4KPHRkIGJnY29sb3I9IndoaXRlIj48Zm9udCBjb2xvcj0icmVkIiBzaXplPSIyIiBmYWNlPSLvvK3vvLMg44K044K344OD44KvIj4xN++8mjAw44G+44Gn44Gr44GU5rOo5paHPC9mb250Pjxmb250IHNpemU9IjIiIGZhY2U9Iu+8re+8syDjgrTjgrfjg4Pjgq8iPuOBhOOBn+OBoOOBj+OBqOOAgTxicj4KPGJyPgo8L2ZvbnQ+PGZvbnQgY29sb3I9IiNmZjk5MDAiIHNpemU9IjIiIGZhY2U9Iu+8re+8syDjgrTjgrfjg4Pjgq8iPuWyqeaJi+ODu+WxseW9ouODu+WuruWfjuODu+emj+WztuODu+adseS6rOODu+elnuWliOW3neODu+WNg+iRieODu+WfvOeOieODu+e+pOmmrOODu+iMqOWfjuODu+agg+acqOODu+emj+S6leODu+efs+W3neODu+WvjOWxseODu+WxseaiqOODu+mVt+mHjuODu+aWsOa9n+ODu+mdmeWyoeODu+aEm+efpeODu+S4iemHjeODu+WykOmYnOODu+a7i+izgOODu+S6rOmDveODu+WliOiJr+ODu+Wkp+mYquODu+WFteW6q+ODu+WSjOatjOWxseODu+mzpeWPluODu+W6g+WztuODu+WztuagueODu+WxseWPo+ODu+WyoeWxseODu+W+s+WztuODu+aEm+Wqm+ODu+mmmeW3neODu+mrmOefpeODu+emj+WyoeODu+S9kOizgOODu+Wkp+WIhuODu+WuruW0jjxicj4KCjxicj4KPC9mb250Pjxmb250IHNpemU9IjIiIGZhY2U9Iu+8re+8syDjgrTjgrfjg4Pjgq8iPuOBq+OBiuS9j+OBvuOBhOOBruaWueOBq+mZkOOCiuOAgTwvZm9udD48Zm9udCBjb2xvcj0icmVkIiBzaXplPSIyIiBmYWNlPSLvvK3vvLMg44K044K344OD44KvIj7ljbPml6XnmbrpgIHih5Lnv4zml6XjgavjgYrlsYrjgZE8L2ZvbnQ+PGZvbnQgc2l6ZT0iMiIgZmFjZT0i77yt77yzIOOCtOOCt+ODg+OCryI+44GE44Gf44GX44G+44GZ44CCPC9mb250Pjxmb250IGNvbG9yPSJyZWQiIHNpemU9IjIiIGZhY2U9Iu+8re+8syDjgrTjgrfjg4Pjgq8iPigxN++8mjAw5Lul6ZmN44Gu44GU5rOo5paH44Gv57+M5pel55m66YCBKTwvZm9udD48Zm9udCBzaXplPSIyIiBmYWNlPSLvvK3vvLMg44K044K344OD44KvIj48YnI+Cgo8YnI+CjwvZm9udD48Zm9udCBjb2xvcj0icmVkIiBzaXplPSIyIiBmYWNlPSLvvK3vvLMg44K044K344OD44KvIj7igLs8L2ZvbnQ+PGZvbnQgc2l6ZT0iMiIgZmFjZT0i77yt77yzIOOCtOOCt+ODg+OCryI+5YyX5rW36YGT44O76Z2S5qOu44O756eL55Sw44O76bm/5YWQ5bO244O76ZW35bSO44O754aK5pys44O75rKW57iE44O76Zui5bO244O75LiA6YOo5Zyw5Z+f44G444Gv57+M44CF5pel5Lul6ZmN44Gu44GK5bGK44GR44Go44Gq44KK44G+44GZ44CCPGJyPgo8YnI+Cgo8YnI+Cjxmb250IGNvbG9yPSJyZWQiIHNpemU9IjIiIGZhY2U9Iu+8re+8syDjgrTjgrfjg4Pjgq8iPuKAuzwvZm9udD48Zm9udCBzaXplPSIyIiBmYWNlPSLvvK3vvLMg44K044K344OD44KvIj7jgZTmjIflrprml6XmmYLjga/jgrfjgrnjg4bjg6DkuIrjgIE8L2ZvbnQ+PGZvbnQgY29sb3I9InJlZCIgc2l6ZT0iMiIgZmFjZT0i77yt77yzIOOCtOOCt+ODg+OCryI+NOWWtualreaXpeS7peWGhTwvZm9udD7jga/jgZTmjIflrprjgYTjgZ/jgaDjgZHjgb7jgZvjgpPjga7jgafjgIHjgYrmgKXjgY7jga7mlrnjga/mjIflrprml6XjgarjgZfjgYvjgIHjgrPjg6Hjg7Pjg4jmrITjgavjgZTluIzmnJvml6XmmYLjgpLjgZToqJjovInkuIvjgZXjgYQ8Zm9udCBzaXplPSIyIiBmYWNlPSLvvK3vvLMg44K044K344OD44KvIj7jgII8L2ZvbnQ+PGJyPgo8YnI+CjwvZm9udD48Zm9udCBjb2xvcj0icmVkIiBzaXplPSIyIiBmYWNlPSLvvK3vvLMg44K044K344OD44KvIj7igLs8L2ZvbnQ+PGZvbnQgc2l6ZT0iMiIgZmFjZT0i77yt77yzIOOCtOOCt+ODg+OCryI+5Lqk6YCa5qmf6Zai44Gu5LiN5YW35ZCI44KE5oKq5aSp5YCZ44Gq44Gp44Gd44Gu5LuW44Gu5LiN5Y+v5oqX5Yqb44GM55Sf44GY44Gf5aC05ZCI44Gr44Gv44CB5ZWG5ZOB44Gu5Yiw552A5pmC6ZaT5biv44GK44KI44Gz5Yiw552A5pel44GM5YmN5b6M44GZ44KL44GT44Go44GM44GC44KK44G+44GZ44Gu44Gn44GU5LqG5om/6aGY44GE44G+44GZ44CCPGJyPgoKPGJyPgo8L2ZvbnQ+PGZvbnQgY29sb3I9InJlZCIgc2l6ZT0iMiIgZmFjZT0i77yt77yzIOOCtOOCt+ODg+OCryI+4oC7PC9mb250Pjxmb250IHNpemU9IjIiIGZhY2U9Iu+8re+8syDjgrTjgrfjg4Pjgq8iPuiHquWLleWPl+azqOODoeODvOODq+OBjOWxiuOBhOOBn+aZgumWk+OBjOOAgeazqOaWh+WPl+S7mOaZgumWk+OBqOOBquOCiuOBvuOBmeOAgjxicj4KPGJyPgo8L2ZvbnQ+PGZvbnQgY29sb3I9InJlZCIgc2l6ZT0iMiIgZmFjZT0i77yt77yzIOOCtOOCt+ODg+OCryI+4oC7PC9mb250Pjxmb250IHNpemU9IjIiIGZhY2U9Iu+8re+8syDjgrTjgrfjg4Pjgq8iPuazqOaWh+OBjOeJueWumuOBruWVhuWTgeOBq+mbhuS4reOBl+OBpuOBhOOCi+WgtOWQiOOBquOBqeOAgeOCt+OCueODhuODoOOBrumanOWus+OBq+OCiOOCi+WPl+azqOaZgumWk+OBruiqpOW3ruOBjOeUn+OBmOOCi+WgtOWQiOOBjOOBlOOBluOBhOOBvuOBmeOAguiHquWLleWPl+azqOODoeODvOODq+OCkuW/heOBmuOBlOeiuuiqjeOBj+OBoOOBleOBhOOAguiHquWLleWPl+azqOODoeODvOODq+OBjOWxiuOBi+OBquOBhOWgtOWQiOOBr+W8iuekvuOBuOebtOaOpeOBlOmAo+e1oeOBj+OBoOOBleOBhOOAgjwvZm9udD48YnI+PGJyPjxmb250IGNvbG9yPSJyZWQiIHNpemU9IjIiIGZhY2U9Iu+8re+8syDjgrTjgrfjg4Pjgq8iPuKAuzwvZm9udD48Zm9udCBzaXplPSIyIiBmYWNlPSLvvK3vvLMg44K044K344OD44KvIj7li53miYvjgarjgYzjgonlvIrnpL7llrbmpa3ml6Xjga7jgb/jga7lr77lv5zjgajjgarjgorjgb7jgZnjgILllrbmpa3ml6XjgavjgaTjgY3jgb7jgZfjgabjga/kuIvoqJjjgqvjg6zjg7Pjg4Djg7zjga7pu5Ljga7ml6Xku5jjgajjgarjgorjgb7jgZnjgII8L2ZvbnQ+PGJyPgo8dGFibGUgd2lkdGg9IjU1MCIgYm9yZGVyPSIwIiBjZWxsc3BhY2luZz0iMCIgY2VsbHBhZGRpbmc9IjAiPgogIDx0cj4KICAgIDx0ZD48ZGl2IGFsaWduPSJjZW50ZXIiPjxpbWcgc3JjPWh0dHA6Ly9pbWFnZS5yYWt1dGVuLmNvLmpwL21peG51dHMvY2FiaW5ldC9tYWluX21lbnUvZGF0ZS5naWY+PC9kaXY+PC90ZD4KICAgIDx0ZCB3aWR0aD0iMzAwIj48YnI+CuKWoDxmb250IGNvbG9yPSIjRkYwMDAwIj7otaQ8L2ZvbnQ+PGZvbnQgY29sb3I9IiM2OTY5NjkiPuWtl+OBruaXpeOBruOBv+W9k+ekvuS8kealreOBrueCuuOAgeODoeODvOODq+OBrui/lOS/oeODu+WVhuWTgeeZuumAgeOBquOBqeOBr+e/jOWWtualreaXpeS7pemZjeOBruWvvuW/nOOBqOOBquOCiuOBvuOBmeOAgu+8iOKAu+Wcn+abnOaXpeOBr+WWtualreOBl+OBpuOBiuOCiuOBvuOBme+8iTwvZm9udD4gPC90ZD4KICA8L3RyPgo8L3RhYmxlPgo8L3RkPgo8L3RyPgoKCjwvdGJvZHk+CjwvdGFibGU+CgoKPGJyPjxicj4=,44Ki44Oq44K544Oq44Oz44KwIOaMh+i8qiDjg5XjgqHjg6njg7Pjgrjjg6rjg7PjgrAg44OB44OD44OX44Oq44Oz44KwIOODoeODs+OCuiDjg6zjg4fjgqPjg7zjgrkg44OV44Kp44O844Kv44Oq44Oz44KwIOODjeOCsyDnjKsg44Kt44Oj44OD44OIIOODrOODh+OCo+ODvOOCuSDplqLnr4Djga7mjIfovKog44OV44Oq44O844K144Kk44K6IOODleOCqeODvOOCr+ODquODs+OCsCDmj7rjgozjgosg44OP44O844OI77ya44OU44Ki44K55bCC6ZaA44K344On44OD44OXR3JlZW4gUGllcmNpbmc=,44Kk44Ok44Kr44OV44Kk44Ok44Op44OD44OX44Kk44Ok44OV44OD44Kv44K544OG44Oz44Os44K544OU44Ki44K544Oc44OH44Kj44OU44Ki44K544K344Or44OQ44O844OU44Ki44K544OV44Kh44Op44Oz44K444Oq44Oz44Kw44ON44Kk44Or44Oq44Oz44Kw44Kk44Ok44O844Kr44OV44Kk44Ok44O844Op44OD44OX44Kk44Ok44O844OV44OD44Kv44Oe44Kw44ON44OD44OI44OU44Ki44K544OB44OD44OX44Oq44Oz44Kw44Ki44Oq44K544Oq44Oz44KwIOaMh+i8qiDjg5XjgqHjg6njg7Pjgrjjg6rjg7PjgrAg44OB44OD44OX44Oq44Oz44KwIOODoeODs+OCuiDjg6zjg4fjgqPjg7zjgrkg44OV44Kp44O844Kv44Oq44Oz44KwIOODjeOCsyDnjKsg44Kt44Oj44OD44OIIOODrOODh+OCo+ODvOOCuSDplqLnr4Djga7mjIfovKog44OV44Oq44O844K144Kk44K6IOODleOCqeODvOOCr+ODquODs+OCsCDmj7rjgozjgosg44OP44O844OI,W+KYheS4jeaAneitsOOBruWbveKYheODr+ODs+ODgOODvOODqeODs+ODieOBquaMh+i8ql3jgILjgqLjg6rjgrnjg6rjg7PjgrAg5oyH6LyqIOODleOCoeODqeODs+OCuOODquODs+OCsCDjg4Hjg4Pjg5fjg6rjg7PjgrAg44Oh44Oz44K6IOODrOODh+OCo+ODvOOCuSDjg5Xjgqnjg7zjgq/jg6rjg7PjgrAg44ON44KzIOeMqyDjgq3jg6Pjg4Pjg4gg44Os44OH44Kj44O844K5IOmWouevgOOBruaMh+i8qiDjg5Xjg6rjg7zjgrXjgqTjgrog44OV44Kp44O844Kv44Oq44Oz44KwIOaPuuOCjOOCiyDjg4/jg7zjg4g=[rn]
39-1058,aHR0cDovL3RzaG9wLnIxMHMuanAvYWFhZGlhL2NhYmluZXQvYTIzMDAvYTIzOGYtNDQuanBnP2ZpdGluPTcwMDo3MDA=,NjMwNzIuMDAwMA==,,44K444Ol44Ko44Oq44O844O744Ki44Kv44K744K144Oq44O8ID4g44Os44OH44Kj44O844K544K444Ol44Ko44Oq44O844O744Ki44Kv44K744K144Oq44O8ID4g5oyH6Lyq44O744Oq44Oz44Kw,44OV44K744Kz44Of44OV44Or44Ko44K/44OL44OG44KjMTjph5HvvIhLMThZR++8ieOCpOOCqOODreODvOOCtOODvOODq+ODiSjpnZLph5Ep44CA44OA44Kk44Ok44Oi44Oz44OJ44CA44CA44Oq44Oz44Kw44CAMC41NeOCq+ODqeODg+ODiOOAgHR5cGVBQUFB44CA6YCB5paZ54Sh5paZ44CAIOS7o+W8leaJi+aVsOaWmeeEoeaWmQ==,44CQ6YCB5paZ54Sh5paZ44CR,PGRpdiBjbGFzcz0naGMxc3B3cnAnPjxzdHlsZT48IS0tLmhjMXNwd3JwIGRpdiwuaGMxc3B3cnAgaW1nLC5oYzFzcHdycCB0YWJsZSwuaGMxc3B3cnAgdHIsLmhjMXNwd3JwIHRke3dpZHRoOmF1dG87aGVpZ2h0OmF1dG87cGFkZGluZzowO21hcmdpbjowO292ZXJmbG93OmhpZGRlbn0uaGMxc3B3cnAgdGR7ZmxvYXQ6bm9uZSAhaW1wb3J0YW50fS5oYzFzcHdycCwuaGMxc3B3cnAgZGl2LC5oYzFzcHdycCBkaXYgaDMsLmhjMXNwd3JwIGRpdiBwe2Rpc3BsYXk6YmxvY2t9LmhjMXNwd3JwIGRpdiB0YWJsZXtkaXNwbGF5OnRhYmxlO3dpZHRoOmF1dG87aGVpZ2h0OmF1dG87cGFkZGluZzowO21hcmdpbjowO2JvcmRlci1zcGFjaW5nOjB9LmhjMXNwd3JwIGRpdiB0YWJsZSB0ciwuaGMxc3B3cnAgZGl2IHRhYmxlIHRib2R5IHRye2Rpc3BsYXk6dGFibGUtcm93fS5oYzFzcHdycCBkaXYgdGFibGUgdHIgdGQsLmhjMXNwd3JwIGRpdiB0YWJsZSB0Ym9keSB0ciB0ZHtkaXNwbGF5OnRhYmxlLWNlbGw7ZmxvYXQ6bm9uZSAhaW1wb3J0YW50O3ZlcnRpY2FsLWFsaWduOnRvcH0uaGMxc3B3cnAgdGFibGUgdGFibGV7d2lkdGg6MTAwJX0uaGMxc3B3cnAsLmhjMXNwd3JwIHRoLC5oYzFzcHdycCB0ZHtjb2xvcjojMDAwMDAwO2ZvbnQtc2l6ZToxNnB4ICFpbXBvcnRhbnQ7Zm9udC1mYW1pbHk6J+ODkuODqeOCruODjuinkuOCtCBQcm8gVzMnLCdIaXJhZ2lubyBLYWt1IEdvdGhpYyBQcm8nLOODoeOCpOODquOCqixNZWlyeW8sT3Nha2EsJ++8re+8syDvvLDjgrTjgrfjg4Pjgq8nLCdNUyBQR290aGljJyxzYW5zLXNlcmlmO3RleHQtYWxpZ246Y2VudGVyfS5oYzFzcHdycCBkaXYgaDMsLmhjMXNwd3JwIGRpdiBwLC5oYzFzcHdycCBzdHJvbmd7d29yZC13cmFwOmJyZWFrLXdvcmQ7d29yZC1icmVhazpicmVhay1hbGw7cGFkZGluZzowO21hcmdpbi10b3A6MC41ZW07bWFyZ2luLWJvdHRvbTowLjVlbTtsaW5lLWhlaWdodDoxLjQ7dGV4dC1hbGlnbjpsZWZ0O292ZXJmbG93OnZpc2libGV9LmhjMXNwd3JwIGRpdiBoMywuaGMxc3B3cnAgc3Ryb25ne2ZvbnQtc2l6ZToxMTclO30uaGMxc3BpbXt2ZXJ0aWNhbC1hbGlnbjp0b3B9LmhjMXNwd3JwIGRpdi5oYzFzcGlte21hcmdpbi1sZWZ0OmF1dG87bWFyZ2luLXJpZ2h0OmF1dG87dGV4dC1hbGlnbjpjZW50ZXJ9LmhjMXNwd3JwIHAuaGMxc3BpbXt0ZXh0LWFsaWduOmNlbnRlcn0uaGMxc3B3cnAgZGl2IGltZywuaGMxc3B3cnAgZGl2IGEgaW1ne2JvcmRlcjpub25lO3ZlcnRpY2FsLWFsaWduOmJvdHRvbX0uaGMxc3B3cnAgZGl2LC5oYzFzcHdycCB0YWJsZSB7aGVpZ2h0OmF1dG99LmhjMXNwd3JwIGRpdntvdmVyZmxvdzpoaWRkZW59LmhjMXNwd3JwIGRpdiBkaXZ7b3ZlcmZsb3c6dmlzaWJsZX0uaGMxc3B3cnAgPiBkaXY6YWZ0ZXIsLmhjMXNwd3JwID4gdGFibGU6YWZ0ZXIge2NvbnRlbnQ6IiI7ZGlzcGxheTpibG9jaztoZWlnaHQ6MDtjbGVhcjpib3RoO3Zpc2liaWxpdHk6aGlkZGVufS5oYzFzcHdycHt3aWR0aDo3MTBweDtoZWlnaHQ6YXV0bztiYWNrZ3JvdW5kOiNGRkZGRkY7bWFyZ2luLWxlZnQ6YXV0bzttYXJnaW4tcmlnaHQ6YXV0bztwYWRkaW5nOjB9I2hjMXNwYjB7YmFja2dyb3VuZDp0cmFuc3BhcmVudDtwYWRkaW5nOjB9I2hjMXNwYjAgdGFibGV7Ym9yZGVyLXNwYWNpbmc6NXB4O21hcmdpbjotNXB4O3dpZHRoOjcyMHB4fSNoYzFzcGMwe3dpZHRoOjcxMHB4O2JhY2tncm91bmQ6dHJhbnNwYXJlbnQ7Ym9yZGVyOnNvbGlkICMwMDAwMDAgMDtwYWRkaW5nOjB9LmhjMXNwaW17d2lkdGg6MTAwJTtoZWlnaHQ6YXV0b30jaGMxc3BiMXtiYWNrZ3JvdW5kOnRyYW5zcGFyZW50O3BhZGRpbmc6MXB4IDB9I2hjMXNwYjEgdGFibGV7Ym9yZGVyLXNwYWNpbmc6MnB4O21hcmdpbjotMnB4O3dpZHRoOjcxNHB4fSNoYzFzcGMxLCNoYzFzcGMye3dpZHRoOjM1MnB4O2JhY2tncm91bmQ6dHJhbnNwYXJlbnQ7Ym9yZGVyOnNvbGlkICNjY2NjY2MgMXB4O3BhZGRpbmc6MH0jaGMxc3BjMXttYXJnaW4tcmlnaHQ6MnB4fSNoYzFzcGMxIC5oYzFzcGltLCNoYzFzcGMyIC5oYzFzcGlte3dpZHRoOjM1MHB4O2hlaWdodDozNTBweH0tLT48L3N0eWxlPjwhLS1baWYgZ3RlIElFIDYuMF0+PHN0eWxlPi5oYzFzcHdycCwuaGMxc3B3cnAgZGl2LC5oYzFzcHdycCBoMywuaGMxc3B3cnAgcCwuaGMxc3B3cnAgdGgsLmhjMXNwd3JwIHRke3pvb206MX0uaGMxc3B3cnAsLmhjMXNwd3JwIHRoLC5oYzFzcHdycCB0ZHtmb250LXNpemU6MTZweCAhaW1wb3J0YW50fS5oYzFzcHdycHt3aWR0aDo3MTBweH0jaGMxc3BjMHt3aWR0aDo3MTBweH0jaGMxc3BjMSwjaGMxc3BjMnt3aWR0aDozNTRweH08L3N0eWxlPjwhW2VuZGlmXS0tPjxkaXYgaWQ9ImhjMXNwYjAiPjx0YWJsZSBjZWxsc3BhY2luZz0iNSI+PHRyPjx0ZCBpZD0iaGMxc3BjMCI+PGRpdiBjbGFzcz0iaGMxc3BpbSI+PGltZyBzcmM9ImFhYWRpYS9jYWJpbmV0LzVlcmsxMS5qcGciPjwvZGl2PjwvdGFibGU+PC9kaXY+PGRpdiBpZD0iaGMxc3BiMSI+PHRhYmxlIGNlbGxzcGFjaW5nPSIyIj48dHI+PHRkIGlkPSJoYzFzcGMxIj48ZGl2IGNsYXNzPSJoYzFzcGltIj48aW1nIHNyYz0iYWFhZGlhL2NhYmluZXQvNWVyazEyLmpwZyI+PC9kaXY+PHRkIGlkPSJoYzFzcGMyIj48ZGl2IGNsYXNzPSJoYzFzcGltIj48aW1nIHNyYz0iYWFhZGlhL2NhYmluZXQvNWVyazEzLmpwZyI+PC9kaXY+PC90YWJsZT48L2Rpdj48L2Rpdj48UCBBTElHTj0iY2VudGVyIj4KPHRhYmxlIGJvcmRlcj0iMSIgV2lkdGg9IjM1MCIgYm9yZGVyY29sb3I9IiNENUQ2RDUiPgo8VFI+PFREPgo8UCBBTElHTj0ibGVmdCI+PEZPTlQgQ09MT1I9IiM1OTU5NTkiPjxCUj4K44CASzE444Gv44K044O844Or44OJNzXvvIXjgIHku5bjga7miJDliIYyNe+8heOBq+OBquOCiuOBvuOBmeOAgjxCUj4K44CA44Kk44Ko44Ot44O844K044O844Or44OJ77yI6Z2S6YeR77yJ44GvMjXvvIXjga7mr5Tnjofjga7kuK3jgac8QlI+CuOAgOmKgOOCkuWkmuOBj+OBmeOCi+OBk+OBqOOBp+iJsuOCkuOCpOOCqOODreODvOOBq+OBl+OBpuOBiuOCiuOBvuOBmeOAgjxCUj48QlI+CjwvRk9OVD48L1REPjwvVFI+PC9UQUJMRT48L1A+CgoKPHRhYmxlIHdpZHRoPSI0MDAiIGJnY29sb3I9IiNjY2NjY2MiIGNlbGxzcGFjaW5nPSIxIiBjZWxscGFkZGluZz0iMyI+PHRyPjx0aCBjb2xzcGFuPSIyIiBhbGlnbj0iY2VudGVyIiBiZ2NvbG9yPSIjZjBmMGYwIj48Yj4KPGZvbnQgY29sb3I9IiMwMDAwMDAiPuS7leanmO+8mjHlgIs8L2ZvbnQ+PC9iPjwvdGg+PC90cj48dHI+PHRoIHdpZHRoPSI5NCIgYWxpZ249ImNlbnRlciIgYmdjb2xvcj0iI2YwZjBmMCI+PGZvbnQgc2l6ZT0iMiIgCmNvbG9yPSIjMDAwMDAwIj7ntKDmnZA8L2ZvbnQ+PC90aD48dGQgd2lkdGg9IjI5MSIgYmdjb2xvcj0iI2ZmZmZmZiI+PGZvbnQgc2l6ZT0iMiIgY29sb3I9IiMwMDAwMDAiPjE46YeR44Kk44Ko44Ot44O844K044O844Or44OJKOmdkumHkSk8L2ZvbnQ+CjwvdGQ+PC90cj48dHI+PHRoIHdpZHRoPSI5NCIgYWxpZ249ImNlbnRlciIgYmdjb2xvcj0iI2YwZjBmMCI+PGZvbnQgc2l6ZT0iMiIgY29sb3I9IiMwMDAwMDAiPuS9v+eUqOefszxiciAvPijjgrXjgqTjgrrntIQpPC9mb250PjwvdGg+Cjx0ZCB3aWR0aD0iMjkxIiBiZ2NvbG9yPSIjZmZmZmZmIj48Zm9udCBzaXplPSIyIiBjb2xvcj0iIzAwMDAwMCI+5aSp54S244OA44Kk44Ok44Oi44Oz44OJPGJyIC8+44OI44O844K/44OrMC41NWN0PGJyIC8+dHlwZUFBQUE8L2ZvbnQ+PC90ZD4KPC90cj48dHI+PHRoIHdpZHRoPSI5NCIgYWxpZ249ImNlbnRlciIgYmdjb2xvcj0iI2YwZjBmMCI+PGZvbnQgc2l6ZT0iMiIgY29sb3I9IiMwMDAwMDAiPuacgOWkp+W5hSjntIQpPC9mb250PjwvdGg+PHRkIHdpZHRoPSIyOTEiIApiZ2NvbG9yPSIjZmZmZmZmIj48Zm9udCBzaXplPSIyIiBjb2xvcj0iIzAwMDAwMCI+M21tPC9mb250PjwvdGQ+PC90cj48dHI+PHRoIHdpZHRoPSI5NCIgYWxpZ249ImNlbnRlciIgYmdjb2xvcj0iI2YwZjBmMCI+PGZvbnQgCnNpemU9IjIiIGNvbG9yPSIjMDAwMDAwIj7ph43ph48o57SEKTwvZm9udD48L3RoPjx0ZCB3aWR0aD0iMjkxIiBiZ2NvbG9yPSIjZmZmZmZmIj48Zm9udCBzaXplPSIyIiBjb2xvcj0iIzAwMDAwMCI+Mi41ZzwvZm9udD48L3RkPgo8L3RyPjx0cj48dGggd2lkdGg9Ijk0IiBhbGlnbj0iY2VudGVyIiBiZ2NvbG9yPSIjZjBmMGYwIj48Zm9udCBzaXplPSIyIiBjb2xvcj0iIzAwMDAwMCI+5pGY6KaBPC9mb250PjwvdGg+PHRkIHdpZHRoPSIyOTEiIApiZ2NvbG9yPSIjZmZmZmZmIj48Zm9udCBzaXplPSIyIiBjb2xvcj0iIzAwMDAwMCI+44OV44Or44Ko44K/44OL44OG44Kj44Oq44Oz44Kw44Gv44CB5L2c5oiQ5bel56iL44GM5aSa44GE44Gf44KBPGJyIC8+CuS7leS4iuOBjOOCiuOBvuOBpzPpgLHplpPliY3lvozjgYrlvoXjgaHpoILjgYTjgabjgYrjgorjgb7jgZnjgII8YnIgLz48L2ZvbnQ+PC90ZD48L3RyPjwvdGFibGU+,44OV44K744Kz44Of44OV44Or44Ko44K/44OL44OG44KjMTjph5HvvIhLMThZR++8ieOCpOOCqOODreODvOOCtOODvOODq+ODiSjpnZLph5Ep44CA44OA44Kk44Ok44Oi44Oz44OJ44CA44CA44Oq44Oz44Kw44CAMC41NeOCq+ODqeODg+ODiOOAgHR5cGVBQUFB44CA6YCB5paZ54Sh5paZ44CAIOS7o+W8leaJi+aVsOaWmeeEoeaWme+8muOCouODvOOCouOCvOODreODr+ODs+OAgEpFV0VMUlk=,44OV44K744Kz44Of44OV44Or44Ko44K/44OL44OG44KjMTjph5HvvIhLMThZR++8ieOCpOOCqOODreODvOOCtOODvOODq+ODiSjpnZLph5Ep44CA44OA44Kk44Ok44Oi44Oz44OJ44CA44CA44Oq44Oz44Kw44CAMC41NeOCq+ODqeODg+ODiOOAgHR5cGVBQUFB44CA6YCB5paZ54Sh5paZ44CAIOS7o+W8leaJi+aVsOaWmeeEoeaWmQ==,44CQ6YCB5paZ54Sh5paZ44CR44CC44OV44K744Kz44Of44OV44Or44Ko44K/44OL44OG44KjMTjph5HvvIhLMThZR++8ieOCpOOCqOODreODvOOCtOODvOODq+ODiSjpnZLph5Ep44CA44OA44Kk44Ok44Oi44Oz44OJ44CA44CA44Oq44Oz44Kw44CAMC41NeOCq+ODqeODg+ODiOOAgHR5cGVBQUFB44CA6YCB5paZ54Sh5paZ44CAIOS7o+W8leaJi+aVsOaWmeeEoeaWmQ==[rn]
39-1059,aHR0cDovL3RzaG9wLnIxMHMuanAvYWxtYWxtYS9jYWJpbmV0L3JpbmcwMDkvMTYxMDA2dzA1LTAwMXkuanBnP2ZpdGluPTcwMDo3MDA=,MjA2NDAuMDAwMA==,,44K444Ol44Ko44Oq44O844O744Ki44Kv44K744K144Oq44O8ID4g44Os44OH44Kj44O844K544K444Ol44Ko44Oq44O844O744Ki44Kv44K744K144Oq44O8ID4g5oyH6Lyq44O744Oq44Oz44Kw,44Oq44Oc44OzIOODn+ODqyAxMOmHkSDjgqjjg6Hjg6njg6vjg4kg44OU44Oz44Kt44O844Oq44Oz44KwIOODgOOCpOODpOODouODs+ODiSDoqpXnlJ/nn7Mg5oyH6Lyq44CQ6YCB5paZ54Sh5paZ44CR,44CQ57Sg5p2Q44GM6YG444G544KL44CR44Oq44Oz44KwIGsxMA==,PHA+44CQ6YCB5paZ54Sh5paZ44CR44Oq44Oc44OzIOODn+ODqyDjgqjjg6Hjg6njg6vjg4njg6rjg7PjgrAg44OA44Kk44Ok44Oi44Oz44OJIDEw6YeRIOaMh+i8qiDjgJBSdWJhbi/jg6rjg6Xjg5Djg7Mv44Oq44Oc44OzIOODn+ODqyDjgJHjgJDlt6XmiL/nm7TosqnjgJHllYblk4Hnlarlj7ctMTYxMDA2dzE1PC9wPjxicj48cD48YnI+PC9wPjxkaXYgYWxpZ249ImNlbnRlciI+PHRhYmxlIHdpZHRoPSI2MDAiPjx0Ym9keT48dHI+PHRkIGFsaWduPSJsZWZ0IiB2YWxpZ249InRvcCI+PGJyPgogICAgICAgIDxicj4KICAgICAgICA8YnI+CiAgICAgICAgPGZvbnQgY29sb3I9IiM2NjY2NjYiIHNpemU9Ii0xIj4g4peG44OV44Op44Oz44K56Kqe44Gn44CM44Oq44Oc44Oz4oCm44CN44KS5oSP5ZGz44GZ44KL6KiA6JGJ4oCm44CC44CA44CAPGJyPgrmr47ml6Xjga7oo4XjgYTjgavjgIHmsJfou73jgavjgYrkvb/jgYTpoILjgZHjgovjgIxSdWJhbi/jg6rjg6Xjg5Djg7PjgI3nhYzjgY3jg6rjg7PjgrDjga7ntLnku4vjgafjgZnjgII8L2ZvbnQ+PC90ZD48L3RyPjx0cj48dGQgYWxpZ249ImNlbnRlciI+PGhyIHNpemU9IjIiIG5vc2hhZGUgd2lkdGg9IjU2MCIgYWxpZ249ImxlZnQiPjxpbWcgc3JjPSJodHRwczovL2ltYWdlLnJha3V0ZW4uY28uanAvYWxtYWxtYS9jYWJpbmV0L3JpbmcwMDkvMTYxMDA2dzA1LTAwNHkuanBnIiB3aWR0aD0iNjAwIj48L3RkPjwvdHI+PC90Ym9keT48L3RhYmxlPjwvZGl2PjxkaXYgYWxpZ249ImNlbnRlciI+PHRhYmxlIHdpZHRoPSI2MDciPjx0Ym9keT4KICAgICAgPHRyPjx0ZCBjb2xzcGFuPSIyIiBhbGlnbj0ibGVmdCIgaGVpZ2h0PSIxMTIiIHdpZHRoPSI2MDEiPjxicj4KICAgICAgICA8YnI+CiAgICAgICAgPEJSPgogICAgICAgIDxmb250IGNvbG9yPSIjNjY2NjY2IiBzaXplPSItMSI+4peG44Kz44Kz44Ot44Go5b+D44GM44CBIOOBkOOCi+OBo+OBqOW3oeOBo+OBpuOAjOaEm+KApiDjgI3jgavjgarjgovjgII8YnI+CuOAkCBBTE1B44GM5o+Q5qGI44GZ44KL44CBIOiqleeUn+efs+OBruODleOCoeODvOOCueODiOOCuOODpeOCqOODquODvCDjgJE8YnI+Cjxicj4K44CMIOWEquOBl+OBhOawl+aMgeOBoeOBqOOAgeeskemhlO+8vuODvO+8vu+8iS/jgYzmsLjpgaDjgavntprjgY3jgb7jgZnjgojjgYbjgavigKYg44CNPGJyPgo8YnI+CuWkp+S6uuOBquOCt+ODq+OCqOODg+ODiOOBruODquODnOODs+ODouODgeODvOODleOBq+OAgeeri+S9k+aEn+OBqOi6jeWLleaEn+OCkuihqOePvuOBl+OBn+OAgeiPr+iRl+WPr+aEm+OBhOODquODs+OCsOOAgjxicj4K5aWz5oCn44Gu5p+U44KJ44GL44Gq5oyH44Gr5YSq44GX44GP5a+E44KK5re744GG44CBPGJyPgrkuIros6rjgarjg4DjgqTjg6Tjg6Ljg7Pjg4njgpLjgbXjgpPjgaDjgpPjgavkvb/jgaPjgZ8i44Oq44Oc44Oz44Oq44Oz44KwIjxicj4KPGJyPgrjgIzlsJHlpbPjgYvjgonlpKfkurrjgbjigKYg44CNIOS6uueUn+OBruWkp+WIh+OBquevgOebruOBqyDjgIzlpKfliIfjgarjgYLjga7kurrjgbjigKYg44CNPGJyPgrnibnliKXjgarmhI/lkbPjgpLjgZPjgoHjgabotIjjgorjgZ/jgYTjgIEg5a2Y5Zyo5oSf44GC44G144KM44KL6LSF5rKi44GqIOOAjCBSdWJhbi/jg6rjg6Xjg5Djg7Mv44Oq44Oc44OzIOODn+ODqyAg44CNPGJyPgrouqvjgavnnYDjgZHjgovjgaDjgZHjgafoh6rnhLbjgajlhKrjgZfjgYTooajmg4XjgYznlJ/jgb7jgozjgabjgY/jgovjgZPjgajjgafjgZfjgofjgYbjgII8YnI+Cjxicj4K44K344Oz44OX44Or44Gq44GM44KJ44KC56uL5L2T55qE44Gq576O44GX44GV44Go5p+U44KJ44GL44GV44KS5ryU5Ye644GX44Gm44GP44KM44G+44GZ44CCPGJyPgrmtYHooYzjgorjgavlt6blj7PjgZXjgozjgarjgYTjgIHmnKvmsLjjgY/mhJvjgZvjgovlrprnlarjgqLjgqTjg4bjg6DjgII8L2ZvbnQ+PGJyPgogICAgICAgIDwvdGQ+PC90cj4KICAgICAgPHRyPgogICAgICAgIDx0ZCBhbGlnbj0ibGVmdCIgY29sc3Bhbj0iMiI+ICAgICAgICA8aHIgc2l6ZT0iMyIgbm9zaGFkZT4KICAgICAgICA8L3RkPgogICAgICA8L3RyPgogICAgPC90Ym9keT48L3RhYmxlPgogIDx0YWJsZSB3aWR0aD0iNTk5Ij48dGJvZHk+PHRyPjx0ZCBhbGlnbj0iY2VudGVyIj4KICAgICAgICA8dGFibGUgd2lkdGg9IjYwOSIgYmdjb2xvcj0iI2ZmZmZmZiIgaGVpZ2h0PSIyNTkiPjx0Ym9keT48dHI+PHRkIGFsaWduPSJjZW50ZXIiIHZhbGlnbj0ibWlkZGxlIiBiZ2NvbG9yPSIjZWJlYmViIiBjb2xzcGFuPSIyIiBoZWlnaHQ9IjQ4Ij48Zm9udCBzaXplPSIyIj4mbmJzcDs8L2ZvbnQ+PEZPTlQgc2l6ZT0iMiIgY29sb3I9IiM1MzQ5NDAiPuOCouODq+ODnuOBp+OBr+OBsuOBqOOBpOOBsuOBqOOBpOaJi+S9nOOCiuWKoOW3peOBl+OBpuOBhOOBvuOBmeOAguWkp+mHj+eUn+eUo+OBp+OBr+OBguOCiuOBvuOBm+OCk+OAgjwvZm9udD48L3RkPjwvdHI+PHRyPgogICAgICAgICAgICA8dGQgYWxpZ249ImNlbnRlciIgYmdjb2xvcj0iI2ViZWJlYiIgd2lkdGg9IjEwOCIgaGVpZ2h0PSI0OCI+PEZPTlQgc2l6ZT0iMiIgY29sb3I9IiM1MzQ5NDAiPuadkOizqjwvRk9OVD48L3RkPgogICAgICAgICAgICA8dGQgYWxpZ249ImxlZnQiIGJnY29sb3I9IiNlN2U3ZTciIHdpZHRoPSI0OTEiIGhlaWdodD0iNDgiPjxiPjxmb250IHNpemU9IjIiPuOAgDwvZm9udD48L2I+PGZvbnQgc2l6ZT0iMiIgY29sb3I9IiNlYmViZWIiPjxGT05UIGNvbG9yPSIjNTM0OTQwIj7jgZPjgaHjgonjga7llYblk4Hjga88L0ZPTlQ+PGZvbnQgQ09MT1I9IiNmZjAwMDAiPjxiPuOAkDEw6YeR44Kr44Op44O844CBM+iJsuOBi+OCieOAkTwvYj48L2ZvbnQ+PEZPTlQgY29sb3I9IiM1MzQ5NDAiPuOBiumBuOOBs+mgguOBkeOBvuOBmeOAgjxicj4KICAgICAgICAgICAgICDjgIBLMTDjg5vjg6/jgqTjg4gv44OU44Oz44KvL+OCpOOCqOODreODvCDvvIjlk4Hos6rjgpLkv53oqLzjgZnjgotLMTBXRyxLMTDjga7liLvljbDjgYzjgYLjgorjgb7jgZnvvIk8L0ZPTlQ+PC9mb250PjxiPjxmb250IHNpemU9IjIiIGNvbG9yPSIjZWJlYmViIj48QlI+CiAgICAgICAgICAgICAgPC9mb250PjwvYj48L3RkPgogICAgICAgICAgPC90cj48dHI+CiAgICAgICAgICAgICAgPHRkIGFsaWduPSJjZW50ZXIiIGJnY29sb3I9IiNlYmViZWIiIHdpZHRoPSIxMDgiIGhlaWdodD0iNjAiPjxGT05UIGNvbG9yPSIjNTM0OTQwIiBzaXplPSIyIj7lrp3nn7M8L0ZPTlQ+PC90ZD4KICAgICAgICAgICAgICA8dGQgYWxpZ249ImxlZnQiIGJnY29sb3I9IiNlYmViZWIiIHZhbGlnbj0ibWlkZGxlIiB3aWR0aD0iNDkxIiBoZWlnaHQ9IjYwIj48Zm9udCBjb2xvcj0iIzUzNDk0MCIgc2l6ZT0iMiI+44CA5Li755+z77ya44Ko44Oh44Op44Or44OJIOe0hDIuMG1tIDHnn7PvvIjlpKnnhLbnn7Pkvb/nlKjvvIk8YnI+CiAgICAgICAgICAgICAg44CA6ISH55+z77ya5aSp54S244OA44Kk44Ok44Oi44Oz44OJIDEw55+z77yI5ZCI6KiIIDAuMDdjdO+8iTwvRk9OVD48L3RkPgogICAgICAgICAgICA8L3RyPgogICAgICAgICAgICA8dHI+CiAgICAgICAgICAgICAgPHRkIGFsaWduPSJjZW50ZXIiIHZhbGlnbj0ibWlkZGxlIiBiZ2NvbG9yPSIjZWJlYmViIiB3aWR0aD0iMTA4IiBoZWlnaHQ9IjQyIj48Rk9OVCBjb2xvcj0iIzUzNDk0MCIgc2l6ZT0iMiI+5aSn44GN44GVPC9GT05UPjxiPjxmb250IGNvbG9yPSIjNjY2NjY2IiBzaXplPSIyIj4gPC9mb250PjwvYj48L3RkPgogICAgICAgICAgICAgIDx0ZCBhbGlnbj0ibGVmdCIgYmdjb2xvcj0iI2ViZWJlYiIgdmFsaWduPSJtaWRkbGUiIHdpZHRoPSI0OTEiIGhlaWdodD0iNDIiPjxmb250IGNvbG9yPSIjNTM0OTQwIiBzaXplPSIyIj7jgIDmnIDlpKfluYUg57SEMi4ybW0g5pyA5bCP5bmFIOe0hDEuN21tIC8g5pyA5aSn5Y6a44G/IOe0hDIuN21tPC9mb250PjwvdGQ+CiAgICAgICAgICAgIDwvdHI+CiAgICAgICAgICAgIDx0cj4KICAgICAgICAgICAgICA8dGQgYWxpZ249ImNlbnRlciIgdmFsaWduPSJtaWRkbGUiIGJnY29sb3I9IiNlYmViZWIiIGhlaWdodD0iMjkiPiZuYnNwOzxmb250IGNvbG9yPSIjNTM0OTQwIiBzaXplPSIyIj7jgrXjgqTjgrrlr77lv5w8L2ZvbnQ+PC90ZD4KICAgICAgICAgICAgICA8dGQgYWxpZ249ImxlZnQiIGJnY29sb3I9IiNlYmViZWIiIHZhbGlnbj0ibWlkZGxlIiBoZWlnaHQ9IjI5Ij48Zm9udCBjb2xvcj0iIzUzNDk0MCIgc2l6ZT0iMiI+44CAMeWPt++9niAxNuWPt+OAgOOAgOKAu+OBneOCjOS7peWkluOBr+OBiuWVj+OBhOWQiOOCj+OBm+OBj+OBoOOBleOBhOOAgjwvZm9udD7jgIA8L3RkPgogICAgICAgICAgICA8L3RyPgogICAgICAgICAgICA8dHI+CiAgICAgICAgICAgICAgPHRkIGFsaWduPSJjZW50ZXIiIHZhbGlnbj0ibWlkZGxlIiBiZ2NvbG9yPSIjZWJlYmViIiBjb2xzcGFuPSIyIiBoZWlnaHQ9IjM5Ij48Zm9udCBjb2xvcj0iIzUzNDk0MCIgc2l6ZT0iMiI+4peG44GU5LiN5piO44Gq54K544GM44GU44GW44GE44G+44GX44Gf44KJ4oCmPC9mb250PjxiPjxmb250IGNvbG9yPSIjNTM0OTQwIiBzaXplPSIyIj7jgIDjgIDjgZPjgaHjgonjgYvjgokg4omrIDxhIGhyZWY9Imh0dHBzOi8vaXRlbS5yYWt1dGVuLmNvLmpwL2FsbWFsbWEvYy8wMDAwMDAwMjYxLyI+USAmYW1wOyBBPC9hPjwvZm9udD4KPC9iPjwvdGQ+CiAgICAgICAgICAgIDwvdHI+CiAgICAgICAgICA8L3Rib2R5PjwvdGFibGU+CiAgICAgICAgPC90ZD48L3RyPjx0cj48dGQgYWxpZ249ImNlbnRlciIgaGVpZ2h0PSIxMTIwIj48VEFCTEU+PHRib2R5IGFsaWduPSJyaWdodCI+CiAgICAgICAgICAgIDxUUj4KICAgICAgICAgICAgICA8dGQgYWxpZ249ImNlbnRlciIgY29sc3Bhbj0iMiI+CiAgICAgICAgICAgICAgPGhyIHNpemU9IjMiIG5vc2hhZGU+CiAgICAgICAgICAgICAgPGJyPgogICAgICAgICAgICAgIDxicj4KPGltZyBzcmM9Imh0dHBzOi8vaW1hZ2UucmFrdXRlbi5jby5qcC9hbG1hbG1hL2NhYmluZXQvcmluZzAwOS8xNjEwMDZ3MDAtMDEuanBnIiB3aWR0aD0iNjAwIj48YnI+CiAgICAgICAgICAgICAgPC90ZD4KICAgICAgICAgICAgPC9UUj4KICAgICAgICAgICAgPFRSPgogICAgICAgICAgICAgIDx0ZCB2YWxpZ249Im1pZGRsZSIgYWxpZ249ImxlZnQiIGNvbHNwYW49IjIiPjxicj4KICAgICAgICAgICAgICA8YnI+CiAgICAgICAgICAgICAgPGJyPgogICAgICAgICAgICAgIDwvdGQ+CiAgICAgICAgICAgIDwvVFI+CiAgICAgICAgICAgIDxUUj4KICAgICAgICAgICAgICA8dGQgYWxpZ249InJpZ2h0IiBjb2xzcGFuPSIyIj48aW1nIHNyYz0iaHR0cHM6Ly9pbWFnZS5yYWt1dGVuLmNvLmpwL2FsbWFsbWEvY2FiaW5ldC9yaW5nMDA5LzE2MTAwNncwNS0wMDN5LmpwZyIgd2lkdGg9IjYwMCI+PC90ZD4KICAgICAgICAgICAgPC9UUj4KICAgICAgICAgICAgPFRSPgogICAgICAgICAgICAgIDx0ZCBhbGlnbj0iY2VudGVyIiB2YWxpZ249Im1pZGRsZSIgY29sc3Bhbj0iMiI+PGJyPgo8YnI+CjxpbWcgc3JjPSJodHRwczovL2ltYWdlLnJha3V0ZW4uY28uanAvYWxtYWxtYS9jYWJpbmV0L3JpbmcwMDkvMTYxMDA2dzA1LTAwNXkuanBnIiB3aWR0aD0iNjAwIj48YnI+Cjxicj48YnI+CiAgICAgICAgICAgIDxhIGhyZWY9Imh0dHBzOi8vaXRlbS5yYWt1dGVuLmNvLmpwL2FsbWFsbWEvMTYxMDA2dy1iaXJ0aC1rMTAvIiB0YXJnZXQ9Il9ibGFuayI+PGltZyBzcmM9Imh0dHBzOi8vaW1hZ2UucmFrdXRlbi5jby5qcC9hbG1hbG1hL2NhYmluZXQvcmluZzAwOS8xNjEwMDZ3MDAtMDA3LmpwZyIgd2lkdGg9IjYwMCIgYm9yZGVyPSIwIj48L2E+PGJyPgogICAgICAgICAgICAgIDxicj4KICAgICAgICAgICAgICA8YnI+CiAgICAgICAgICAgICAgPGJyPgogICAgICAgICAgICAgIDxicj4KICAgICAgICAgICAgICA8aW1nIHNyYz0iaHR0cHM6Ly9pbWFnZS5yYWt1dGVuLmNvLmpwL2FsbWFsbWEvY2FiaW5ldC9yaW5nMDA5LzE2MTAwNncwMC5qcGciIHdpZHRoPSI2MDAiPjxicj4KICAgICAgICAgICAgICA8YnI+CiAgICAgICAgICAgICAgPC90ZD4KICAgICAgICAgICAgPC9UUj4KICAgICAgICAgICAgPFRSPjx0ZCBhbGlnbj0iY2VudGVyIiBjb2xzcGFuPSIyIj48Yj48aW1nIHNyYz0iaHR0cHM6Ly9pbWFnZS5yYWt1dGVuLmNvLmpwL2FsbWFsbWEvY2FiaW5ldC9yaW5nMDA5LzE2MTAwNncwMC0wMi5qcGciIHdpZHRoPSI2MDAiPjwvYj48L3RkPjwvVFI+CiAgICAgICAgICAgIDxUUj4KICAgICAgICAgICAgICA8dGQgYWxpZ249InJpZ2h0IiBjb2xzcGFuPSIyIj48Yj48YnI+CiAgICAgICAgICAgICAgPC9iPjwvdGQ+CiAgICAgICAgICAgIDwvVFI+CiAgICAgICAgICA8L3Rib2R5PjwvVEFCTEU+PC90ZD48L3RyPjwvdGJvZHk+PC90YWJsZT4KPC9kaXY+PGRpdiBhbGlnbj0iY2VudGVyIj48L2Rpdj48QlI+PENFTlRFUj48L0NFTlRFUj48Q0VOVEVSPjwvQ0VOVEVSPuODqeODg+ODlOODs+OCsOWvvuW/nDxmb250IHNpemU9Ii0xIj7jgIDjgIDigLvjgrHjg7zjgrnvvIbjg6njg4Pjg5Tjg7PjgrAg54Sh5paZ44K144O844OT44K5PC9mb250Pjxicj48YnI+Cgo8dGFibGUgY2VsbHNwYWNpbmc9IjEiIGNlbGxwYWRkaW5nPSIxMSIgd2lkdGg9IjQwMCIgYmdjb2xvcj0iI2QzYTg3YiIgYm9yZGVyPSIwIj4KICA8dGJvZHk+ICAgIDx0cj4KICAgICAgPHRkIGFsaWduPSJsZWZ0IiBiZ2NvbG9yPSIjZTdkY2M2IiB3aWR0aD0iOTIiPjxmb250IHNpemU9Ii0xIiBjb2xvcj0iIzY2MzMwMCI+4peG57SN5pyf44Gr44Gk44GE44GmPC9mb250PjwvdGQ+CiAgICAgIDx0ZCBiZ2NvbG9yPSIjZmZmZmZmIj48Zm9udCBzaXplPSItMSIgY29sb3I9IiM2NjY2NjYiPgrjgqLjg6vjg57jgafjga/lj5fms6jnlJ/nlKPjga7jgZ/jgoHjgIHlvZPlt6XmiL/jgojjgorllYblk4HjgpLnmbrpgIHjgZnjgovjgb7jgaflnJ/ml6XnpZ3ml6XjgpLpmaTjgY/jgIE8L2ZvbnQ+PGZvbnQgc2l6ZT0iLTEiIGNvbG9yPSIjY2MwMDAwIj4x6YCx6ZaT5YmN5b6MPC9mb250Pjxmb250IHNpemU9Ii0xIiBjb2xvcj0iIzY2NjY2NiI+44GK5pmC6ZaT44KS44GE44Gf44Gg44GE44Gm44GK44KK44G+44GZ44CC4oC75LiA6YOo5ZWG5ZOB44KS6Zmk44GP44CCPGJyPgogICAgICA8L2ZvbnQ+PC90ZD4KICAgIDwvdHI+CiAgICA8dHI+CiAgICAgIDx0ZCBhbGlnbj0ibGVmdCIgYmdjb2xvcj0iI2U3ZGNjNiIgd2lkdGg9IjkyIj48Zm9udCBzaXplPSItMSIgY29sb3I9IiM2NjMzMDAiPuKXhuODquODs+OCsDwvZm9udD48L3RkPgogICAgICA8dGQgYmdjb2xvcj0iI2ZmZmZmZiIgd2lkdGg9IjI1OSI+PGZvbnQgY29sb3I9IiM2NjY2NjYiIHNpemU9Ii0xIj48Zm9udCBjb2xvcj0iIzY2NjY2NiIgc2l6ZT0iLTEiPumHkeeoruOCkjxmb250IHNpemU9Ii0xIiBjb2xvcj0iI2NjMDAwMCI+SzEw44Ob44Ov44Kk44OIL+ODlOODs+OCry/jgqTjgqjjg63jg7w8L2ZvbnQ+44KI44KK44GK6YG444Gz44GP44Gg44GV44GE44CCPGJyPgogICAgICDvvIjlk4Hos6rjgpLkv53oqLzjgZnjgotLMTBXRyxLMTDjga7liLvljbDjgYzjgYLjgorjgb7jgZnvvIk8YnI+CgogICAgICAgICAgICAgIDwvZm9udD48L2ZvbnQ+ICAgIAogICAgICA8L3RkPgogICAgPC90cj4KICAgIDx0cj4KICAgICAgPHRkIGFsaWduPSJsZWZ0IiBiZ2NvbG9yPSIjZTdkY2M2IiB3aWR0aD0iOTIiPjxmb250IHNpemU9Ii0xIiBjb2xvcj0iIzY2MzMwMCI+4peG5a6d55+zPC9mb250PjwvdGQ+CiAgICAgIDx0ZCBiZ2NvbG9yPSIjZmZmZmZmIiB3aWR0aD0iMjU5Ij48Zm9udCBjb2xvcj0iIzY2NjY2NiIgc2l6ZT0iLTEiPgogICAgICDkuLvnn7PvvJrjgqjjg6Hjg6njg6vjg4kg57SEMi4wbW0gMeefs++8iOWkqeeEtuefs+S9v+eUqO+8iTxicj4KICAgICAgICAgICAgICDohIfnn7PvvJrlpKnnhLbjg4DjgqTjg6Tjg6Ljg7Pjg4kgMTDnn7PvvIjlkIjoqIggMC4wN2N077yJPC9mb250PgogICAgICA8L3RkPgogICAgPC90cj4KICAgIDx0cj4KICAgICAgPHRkIGFsaWduPSJsZWZ0IiBiZ2NvbG9yPSIjZTdkY2M2IiB3aWR0aD0iOTIiPjxmb250IHNpemU9IjIiIGNvbG9yPSIjNjYzMzAwIj7il4bjgrXjgqTjgro8L2ZvbnQ+PC90ZD4KICAgICAgPHRkIGJnY29sb3I9IiNmZmZmZmYiIHdpZHRoPSIyNTkiPjxmb250IGNvbG9yPSIjNjY2NjY2IiBzaXplPSItMSI+5pyA5aSn5bmFIOe0hDIuMm1tIOacgOWwj+W5hSDntIQxLjdtbTxicj4K5pyA5aSn5Y6a44G/IOe0hDIuN21tPGJyPgogICAgICA8L2ZvbnQ+ICAgIAogICAgICA8L3RkPgogICAgPC90cj4KICAgIDx0cj4KICAgICAgPHRkIGFsaWduPSJsZWZ0IiBiZ2NvbG9yPSIjZTdkY2M2IiB3aWR0aD0iOTIiPjxmb250IHNpemU9IjIiIGNvbG9yPSIjNjYzMzAwIj7il4bjgrXjgqTjgrrlr77lv5znr4Tlm7I8L2ZvbnQ+PC90ZD4KICAgICAgPHRkIGJnY29sb3I9IiNmZmZmZmYiIHdpZHRoPSIyNTkiPgogICAgICAgICAgICA8Zm9udCBjb2xvcj0iIzY2NjY2NiIgc2l6ZT0iLTEiPjHlj7fvvZ4xNuWPtzxCUj4KICAgICAgPC9mb250PiAgICAKICAgICAgPC90ZD4KICAgIDwvdHI+CiAgICA8dHI+CiAgICAgIDx0ZCBhbGlnbj0ibGVmdCIgYmdjb2xvcj0iI2U3ZGNjNiI+PGZvbnQgc2l6ZT0iLTEiIGNvbG9yPSIjNjYzMzAwIj7il4bku5jlsZ7lk4E8L2ZvbnQ+PC90ZD4KICAgICAgPHRkIGJnY29sb3I9IiNmZmZmZmYiPjxmb250IHNpemU9Ii0xIiBjb2xvcj0iIzY2NjY2NiI+CuiyqeWjsuiovOaYjuabuAogICAgICAgICAgICAgIDwvZm9udD4gICAgCiAgICAgIDwvdGQ+CiAgICA8L3RyPgogICAgPHRyPgogICAgICA8dGQgYWxpZ249ImxlZnQiIGJnY29sb3I9IiNlN2RjYzYiPjxmb250IHNpemU9Ii0xIiBjb2xvcj0iIzY2MzMwMCI+4peG5YKZ6ICDPC9mb250PjwvdGQ+CiAgICAgIDx0ZCBiZ2NvbG9yPSIjZmZmZmZmIj48Zm9udCBzaXplPSItMSIgY29sb3I9IiM2NjY2NjYiPuKXhuWvvuW/nOevhOWbsuWkluOBruOCteOCpOOCuuOBruOBiuWuouanmCDmsJfou73jgavjgYrllY/lkIjjgZvjgY/jgaDjgZXjgYTjgII8YnI+CiAgICAgIDxicj4K4peG44K144Kk44K644Gv44CBMC415Y+35Yi744G/44KC5a++5b+c44GX44Gm44GK44KK44G+44GZ44CCCuOAgCg4LjXlj7cvMTIuNeWPt2V0Yykg44GU5biM5pyb44Gu5aC05ZCI44Gv44GU6KaB5pyb5qyE44Gr6KiY6LyJ44GX44Gm5LiL44GV44GE44CCPC9mb250PjwvdGQ+CiAgICA8L3RyPgogICAgPHRyPgogICAgICA8dGQgYWxpZ249ImxlZnQiIGJnY29sb3I9IiNlN2RjYzYiPjxmb250IHNpemU9Ii0xIiBjb2xvcj0iIzY2MzMwMCI+4peG5ZWG5ZOB6Kqs5piOPC9mb250PjwvdGQ+CiAgICAgIDx0ZCBiZ2NvbG9yPSIjZmZmZmZmIj48Zm9udCBzaXplPSItMSIgY29sb3I9IiM2NjY2NjYiPuKXhuODleODqeODs+OCueiqnuOBp+OAjOODquODnOODs+KApuOAjeOCkuaEj+WRs+OBmeOCi+iogOiRieKApuOAguOAgDxicj4KPGJyPgrmr47ml6Xjga7oo4XjgYTjgavjgIHmsJfou73jgavjgYrkvb/jgYTpoILjgZHjgovjgIxSdWJhbi/jg6rjg6Xjg5Djg7PjgI3nhYzjgY3jg6rjg7PjgrDjga7ntLnku4vjgafjgZnjgII8YnI+Cjxicj4KICAgICAgICAgICAgICA8L2ZvbnQ+ICAgIAogICAgICA8L3RkPgogICAgPC90cj4KICAgIDx0cj4KICAgICAgPHRkIGFsaWduPSJsZWZ0IiBiZ2NvbG9yPSIjZmZmZmZmIiBjb2xzcGFuPSIyIj48Zm9udCBzaXplPSItMSIgY29sb3I9IiM2NjY2NjYiPgril4boh6rliIbjgbjjga7jgZTopJLnvo4g6KqV55Sf5pel44CB44Kv44Oq44K544Oe44K544CB44Ob44Ov44Kk44OI44OH44O844CB44Ku44OV44OI44CB6KiY5b+15pel44Gu44OX44Os44K844Oz44OI44Gr44GK5Yun44KB44Gn44GZ44CCPGJyPgogICAgICA8YnI+CiAgICAgIOKXhumAlOS4reOCreODo+ODs+OCu+ODq+OBr+WHuuadpeOBvuOBm+OCk+OBruOBp+OAgeOBlOeQhuino+S4i+OBleOBhOOBvuOBm+OAgjxicj4KICAgICAgPGJyPgogICAgICDil4bplbfmnJ/kvJHmmofliY3lvozjgIHlj5fms6jnirbms4Hjgavjgojjgorjgb7jgZfjgabjga/jgIE8YnI+CuOAgOeZuumAgeaXpeOBjOmBheOCjOOCi+WgtOWQiOOBjOOBlOOBluOBhOOBvuOBmeOBjOS6iOOCgeOBlOS6huaJv+S4i+OBleOBhOOBvuOBm+OAgjxicj4KPGJyPgogICAgICDil4blpKnnhLbnn7Pjgavjga/lpJrlsJHjga7lpKfjgY3jgZXjga7pgZXjgYTjgIHmv4Pmt6HjgIHlhoXljIXnianjgoTjgq/jg6njg4Pjgq/jgpI8YnI+CuOAgOWQq+OCgOS6i+OBjOOBguOCiuOBvuOBmeOBjOOAgeWkqeeEtuOBruiovOOBp+OBlOOBluOBhOOBvuOBmeOAgjxicj4K44CA44G+44Gf44CB44GK5a6i5qeY44Gu44GK5L2/44GE44Gr44Gq44KL44Oi44OL44K/44O844Gr44KI44Gj44GmPGJyPgogICAgICDjgIDlhpnnnJ/jga7oibLlkIjjgYTjgoLlpInjgo/jgovjgZPjgajjgYzjgYLjgorjgb7jgZnjga7jgafjgZTkuobmib/kuIvjgZXjgYTjgb7jgZvjgII8YnI+CiAgICAgIDxicj4KICAgICAg4pag5ZCI6KiI6YeR6aGNMeS4h+WGhuS7peS4iuOBiuiyt+S4iuOBkuOBp+mAgeaWmeeEoeaWmTxicj7ilqDlt6XmiL/jgarjgonjgafjga/jga7nm7TmjqXosqnlo7LkvqHmoLzjgafjgZToh6rlroXjgavjgYrlsYrjgZHjgZfjgb7jgZnjgII8YnI+CiAgICAgIOKWoOeuoeeQhklEIDQ1LTMyOTwvZm9udD48L3RkPgogICAgPC90cj4KICA8L3Rib2R5Pgo8L3RhYmxlPgo8YnI+Cjxicj4KPGltZyBzcmM9Imh0dHBzOi8vaW1hZ2UucmFrdXRlbi5jby5qcC9hbG1hbG1hL2NhYmluZXQvaHV0dGEwMDEvd3JhcHBpbmctZjAxLmpwZyIgYm9yZGVyPSIwIiB3aWR0aD0iNDQwIj4=,44Oq44Oc44OzIOODn+ODqyAxMOmHkSDjgqjjg6Hjg6njg6vjg4kg44OU44Oz44Kt44O844Oq44Oz44KwIOODgOOCpOODpOODouODs+ODiSDoqpXnlJ/nn7Mg5oyH6Lyq44CQ6YCB5paZ54Sh5paZ44CR77ya44K444Ol44Ko44Oq44O85bel5oi/44CAQWxtYQ==,5rWB44KM5pifIOaciCDpgIHmlpnnhKHmlpkg6LSI44KK54mp44Ku44OV44OI44Kv44Oq44K544Oe44K55q+N44Gu5pel54i244Gu5pel6Ieq5YiG44G444Gu44GU6KSS576O6KiY5b+15ZOB6KiY5b+15pel6KqV55Sf55+z44OA44Kk44Ok44Oi44Oz44OJ44Oq44Oc44OzIOODn+ODqyAxMOmHkSDjgqjjg6Hjg6njg6vjg4kg44OU44Oz44Kt44O844Oq44Oz44KwIOODgOOCpOODpOODouODs+ODiSDoqpXnlJ/nn7Mg5oyH6Lyq44CQ6YCB5paZ54Sh5paZ44CR,44CQ57Sg5p2Q44GM6YG444G544KL44CR44Oq44Oz44KwIGsxMOOAguODquODnOODsyDjg5/jg6sgMTDph5Eg44Ko44Oh44Op44Or44OJIOODlOODs+OCreODvOODquODs+OCsCDjg4DjgqTjg6Tjg6Ljg7Pjg4kg6KqV55Sf55+zIOaMh+i8quOAkOmAgeaWmeeEoeaWmeOAkQ==[rn]
39-1060,aHR0cDovL3RzaG9wLnIxMHMuanAvYXZhbGFuY2hlL2NhYmluZXQvMDA0NDk4NjcvaW1ncmMwMDY0MzI2OTg1LmpwZz9maXRpbj03MDA6NzAw,OTA3Mi4wMDAw,,44K444Ol44Ko44Oq44O844O744Ki44Kv44K744K144Oq44O8ID4g44Os44OH44Kj44O844K544K444Ol44Ko44Oq44O844O744Ki44Kv44K744K144Oq44O8ID4g44ON44OD44Kv44Os44K544OB44Kn44O844Oz,MTBLIOOCpOOCqOODreODvOOCtOODvOODq+ODieODjeODg+OCr+ODrOOCuSAoNDBjbSkgODAwMDk4MDQw,,PHRhYmxlIHdpZHRoPSIzOTAiIGJvcmRlcj0iMCIgYWxpZ249ImNlbnRlciIgY2VsbHBhZGRpbmc9IjUiIGNlbGxzcGFjaW5nPSIwIj4KPHRyPgo8dGQ+PGltZyBzcmM9Imh0dHA6Ly9pbWFnZS5yYWt1dGVuLmNvLmpwL2F2YWxhbmNoZS9jYWJpbmV0L2ltZzU3NTE4OTEzLmpwZyIgd2lkdGg9IjM5MCIgaGVpZ2h0PSIxNSI+PC90ZD4KPC90cj4KPC90YWJsZT4KPHRhYmxlIHdpZHRoPSIzOTBweCIgYm9yZGVyPSIxIiBhbGlnbj0iY2VudGVyIiBjZWxscGFkZGluZz0iOCIgY2VsbHNwYWNpbmc9IjAiIGJvcmRlcmNvbG9yPSIjQ0NDQ0NDIiBiZ2NvbG9yPSIjRkZGRkZGIj4KPHRyPgo8dGQgd2lkdGg9IjEwMCIgYmdjb2xvcj0iI0JEQjNBNCI+PGRpdiBhbGlnbj0iY2VudGVyIj48Zm9udCBzaXplPSIyIj7jgrPjg6Hjg7Pjg4g8L2ZvbnQ+PC9kaXY+PC90ZD4KPHRkIGNvbHNwYW49IjIiPjxmb250IHNpemU9IjIiPualleWGhuW9ouOBruODkeODvOODhOOBp+ani+aIkOOBleOCjOOBn+ODjeODg+OCr+ODrOOCueOAguWQhOODkeODvOODhOOBq+aWveOBl+OBn+e0sOOChOOBi+OBquOCq+ODg+ODiOOBjOWFieOCkuWPjeWwhOOBl+OAgeiDuOWFg+OCkueFjOOBs+OChOOBi+OBq+mjvuOCiuOBvuOBmeOAgjwvZm9udD48L3RkPgo8L3RyPgo8dHI+Cjx0ZCB3aWR0aD0iMTAwIiBiZ2NvbG9yPSIjQkRCM0E0Ij48ZGl2IGFsaWduPSJjZW50ZXIiPjxmb250IHNpemU9IjIiPue0oOadkDwvZm9udD48L2Rpdj48L3RkPgo8dGQgY29sc3Bhbj0iMiI+PGZvbnQgc2l6ZT0iMiI+MTBLIOOCpOOCqOODreODvOOCtOODvOODq+ODiTwvZm9udD48L3RkPgo8L3RyPgo8dHI+Cjx0ZCB3aWR0aD0iMTAwIiBiZ2NvbG9yPSIjQkRCM0E0Ij48ZGl2IGFsaWduPSJjZW50ZXIiPjxmb250IHNpemU9IjIiPuefszwvZm9udD48L2Rpdj48L3RkPgo8dGQgY29sc3Bhbj0iMiI+PGZvbnQgc2l6ZT0iMiI+LSAtIC0gLTwvZm9udD48L3RkPgo8L3RyPgo8dHI+Cjx0ZCB3aWR0aD0iMTAwIiByb3dzcGFuPSIzIiBiZ2NvbG9yPSIjQkRCM0E0Ij48ZGl2IGFsaWduPSJjZW50ZXIiPjxmb250IHNpemU9IjIiPuOCteOCpOOCujwvZm9udD48L2Rpdj48L3RkPgo8dGQgd2lkdGg9IjExNyI+PGZvbnQgc2l6ZT0iMiI+5YWo6ZW3PC9mb250PjwvdGQ+Cjx0ZCB3aWR0aD0iMTE3Ij48Zm9udCBzaXplPSIyIj7mqKrluYU8L2ZvbnQ+PC90ZD4KPC90cj4KPHRyPgo8dGQgd2lkdGg9IjExNyI+PGZvbnQgc2l6ZT0iMiI+NDBjbTwvZm9udD48L3RkPgo8dGQgd2lkdGg9IjExNyI+PGZvbnQgc2l6ZT0iMiI+Mm1tPC9mb250PjwvdGQ+CjwvdHI+Cjx0cj4KPHRkIGNvbHNwYW49IjIiPjxmb250IHNpemU9IjIiPuOCteOCpOOCuuOBr+acgOmVt+mDqOOCkuioiOa4rOOBl+OBpuOBiuOCiuOBvuOBmeOAgjwvZm9udD48L3RkPgo8L3RyPgo8dHI+Cjx0ZCB3aWR0aD0iMTAwIiBiZ2NvbG9yPSIjQkRCM0E0Ij48ZGl2IGFsaWduPSJjZW50ZXIiPjxmb250IHNpemU9IjIiPuWCmeiAgzwvZm9udD48L2Rpdj48L3RkPgo8dGQgY29sc3Bhbj0iMiI+PGZvbnQgc2l6ZT0iMiI+5a6a5pyf55qE44Gq44GK5omL5YWl44KM44Gr44KI44KK44CB44GU6LO85YWl5pmC44Gu6Lyd44GN44GM5L+d44Gf44KM44G+44GZ44CC44GK5omL5YWl44KM5pa55rOV44Gr6Zai44GX44Gm44Gv44CBIuOCouODleOCv+ODvOODoeODs+ODhuODiuODs+OCuSLjgpLjgZTopqfkuIvjgZXjgYTjgII8L2ZvbnQ+PC90ZD4KPC90cj4KPHRyPgo8dGQgd2lkdGg9IjEwMCIgYmdjb2xvcj0iI0JEQjNBNCI+PGRpdiBhbGlnbj0iY2VudGVyIj48Zm9udCBzaXplPSIyIj7jgqvjg4bjgrTjg6o8L2ZvbnQ+PC9kaXY+PC90ZD4KPHRkIGNvbHNwYW49IjIiPjxmb250IHNpemU9IjIiPuODjeODg+OCr+ODrOOCuTwvZm9udD48L3RkPgo8L3RyPgo8L3RhYmxlPgo8YnIgLz4KPHRhYmxlIHdpZHRoPSIzOTAiIGJvcmRlcj0iMCIgYWxpZ249ImNlbnRlciIgY2VsbHNwYWNpbmc9IjAiPiAgICAgIAo8dHI+Cjx0ZD48SU1HIGhlaWdodD0xMDAgYWx0PSIiIApzcmM9Imh0dHA6Ly9pbWFnZS5yYWt1dGVuLmNvLmpwL2F2YWxhbmNoZS9jYWJpbmV0L2ltZzU2MTI2NTcxLmpwZyIgd2lkdGg9MzkwIGJvcmRlcj0wPjwvdGQ+CjwvdHI+Cjx0cj4KPHRkPjxkaXYgYWxpZ249InJpZ2h0Ij48Zm9udCBzaXplPSIyIj7ilqDjgYrmiYvlhaXjgozmlrnms5UoQUZURVIgQ0FSRSnjga/jgrPjg4Hjg6kgPC9mb250PjwvZGl2PjwvdGQ+CjwvdHI+CjwvdGFibGU+PHRhYmxlIHdpZHRoPSI3NjAiIGJvcmRlcj0iMCIgY2VsbHNwYWNpbmc9IjUiIGNlbGxwYWRkaW5nPSIwIj4KPHRyPgo8dGQgY29sc3Bhbj0iNiI+PGltZyBzcmM9Imh0dHA6Ly9pbWFnZS5yYWt1dGVuLmNvLmpwL2F2YWxhbmNoZS9jYWJpbmV0LzAxNTc1MzYyLzA1MzA5NjU3L2ltZzU4NDY3NDgwLmpwZyIgd2lkdGg9Ijc2MCIgaGVpZ2h0PSIyNSI+PC90ZD4KPC90cj4KPHRyPgo8dGQ+PGltZyBzcmM9Imh0dHA6Ly9pbWFnZS5yYWt1dGVuLmNvLmpwL2F2YWxhbmNoZS9jYWJpbmV0LzAxNTc1MzYyLzA1MzA5NjU3L2ltZzU4NDY3NDgxLmpwZyIgd2lkdGg9IjEyMiIgaGVpZ2h0PSIxMTIiIGJvcmRlcj0iMCI+PC90ZD4KPHRkPjxpbWcgc3JjPSJodHRwOi8vaW1hZ2UucmFrdXRlbi5jby5qcC9hdmFsYW5jaGUvY2FiaW5ldC8wMTU3NTM2Mi8wNTMwOTY1Ny9pbWc1ODQ2NzQ4Mi5qcGciIHdpZHRoPSIxMjIiIGhlaWdodD0iMTEyIiBib3JkZXI9IjAiPjwvdGQ+Cjx0ZD48aW1nIHNyYz0iaHR0cDovL2ltYWdlLnJha3V0ZW4uY28uanAvYXZhbGFuY2hlL2NhYmluZXQvMDE1NzUzNjIvMDUzMDk2NTcvaW1nNTg0Njc0ODMuanBnIiB3aWR0aD0iMTIyIiBoZWlnaHQ9IjExMiIgYm9yZGVyPSIwIj48L3RkPgo8dGQ+PGltZyBzcmM9Imh0dHA6Ly9pbWFnZS5yYWt1dGVuLmNvLmpwL2F2YWxhbmNoZS9jYWJpbmV0LzAxNTc1MzYyLzA1MzA5NjU3L2ltZzU4NDY3NDg0LmpwZyIgd2lkdGg9IjEyMiIgaGVpZ2h0PSIxMTIiIGJvcmRlcj0iMCI+PC90ZD4KPHRkPjxpbWcgc3JjPSJodHRwOi8vaW1hZ2UucmFrdXRlbi5jby5qcC9hdmFsYW5jaGUvY2FiaW5ldC8wMTU3NTM2Mi8wNTMwOTY1Ny9pbWc1ODQ2NzQ4NS5qcGciIHdpZHRoPSIxMjIiIGhlaWdodD0iMTEyIiBib3JkZXI9IjAiPjwvdGQ+Cjx0ZD48aW1nIHNyYz0iaHR0cDovL2ltYWdlLnJha3V0ZW4uY28uanAvYXZhbGFuY2hlL2NhYmluZXQvMDE1NzUzNjIvMDUzMDk2NTcvaW1nNTg0Njc0ODYuanBnIiB3aWR0aD0iMTIyIiBoZWlnaHQ9IjExMiIgYm9yZGVyPSIwIj48L3RkPgo8L3RyPgo8dHI+Cjx0ZCBjb2xzcGFuPSI2Ij4mbmJzcDs8L3RkPgo8L3RyPgo8dHI+Cjx0ZCBjb2xzcGFuPSI2Ij48dGFibGUgd2lkdGg9Ijc2MCIgYm9yZGVyPSIwIiBjZWxsc3BhY2luZz0iMCIgY2VsbHBhZGRpbmc9IjAiPgo8dHI+Cjx0ZCB3aWR0aD0iNzYwIiBoZWlnaHQ9IjQzNSIgYWxpZ249ImNlbnRlciIgYmdjb2xvcj0iI0U1RTVFNSI+PC90ZD4KPC90cj4KPC90YWJsZT48L3RkPgo8L3RyPgo8IS0tPHRyPgogIDx0ZCBjb2xzcGFuPSI2Ij48aW1nIHNyYz0iaHR0cDovL2ltYWdlLnJha3V0ZW4uY28uanAvYXZhbGFuY2hlL2NhYmluZXQvaW1nNTk0ODI5MTEuanBnIiB3aWR0aD0iNzYwIiBoZWlnaHQ9IjEyMCIgYm9yZGVyPSIwIj48L3RkPgo8L3RyPi0tPjwvdGFibGU+,MTBLIOOCpOOCqOODreODvOOCtOODvOODq+ODieODjeODg+OCr+ODrOOCuSAoNDBjbSkgODAwMDk4MDQw77yaQVZBTEFOQ0hFIEdPTETvvIZKRVdFTFJZ,QVZBTEFOQ0hFIOOCouODtOOCoeODqeODs+ODgSDjgqLjg5Djg6njg7Pjg4FJQ0UgTElOSyDjgqLjgqTjgrnjg6rjg7Pjgq8g5pmC6KiISk9FIFJPREVPIOOCuOODp+ODvOODreODh+OCqiDmnIDlrokg5pmC6KiIQ1JZU1RBTCBDQVJURVIg44Kv44Oq44K544K/44Or44Kr44O844K/44O8IOaZguioiEpFV0VMUlkg44K444Ol44Ko44Oq44O8RElBTU9ORCDjg4DjgqTjg6Tjg6Ljg7Pjg4lXSElURSBHT0xEIOODm+ODr+OCpOODiOOCtOODvOODq+ODiVlFTExPVyBHT0xEIOOCpOOCqOODreODvOOCtOODvOODq+ODiVJPU0UgR09MRCDjg63jg7zjgrrjgrTjg7zjg6vjg4kgUkVEIEdPTEQg44Os44OD44OJ44K044O844Or44OJQkxBQ0sgU0lMVkVSIOODluODqeODg+OCr+OCt+ODq+ODkOODvCBCTEFDSyBHT0xEIOODluODqeODg+OCr+OCtOODvOODq+ODiVNJTFZFUiDjgrfjg6vjg5Djg7xQaGF0IGljZSDjg5XjgqHjg4Pjg4jjgqLjgqTjgrnjgrjjg6Xjgqjjg6rjg7zjgq/jg6rjg7zjg4rjg7zjg43jg7zjg6Djgrjjg6Xjgqjjg6rjg7zjg5TjgqLjgrkg44OV44O844OXIOOCueOCv+ODg+ODiTEwSyAxNEsgMThL44Oa44Oz44OA44Oz44OI44OY44OD44OJIOODmuODs+ODgOODs+ODiOODiOODg+ODl+ODjeODg+OCr+ODrOOCuSDjg4Hjgqfjg7zjg7Pjg5bjg6zjgrnjg6zjg4Pjg4gxMEsg44Kk44Ko44Ot44O844K044O844Or44OJ44ON44OD44Kv44Os44K5ICg0MGNtKSA4MDAwOTgwNDA=,MTBLIOOCpOOCqOODreODvOOCtOODvOODq+ODieODjeODg+OCr+ODrOOCuSAoNDBjbSkgODAwMDk4MDQw[rn]
39-1061,aHR0cDovL3RzaG9wLnIxMHMuanAvYXZhbGFuY2hlL2NhYmluZXQvMDA0NDk4NjcvaW1ncmMwMDY3MDg2OTU1LmpwZz9maXRpbj03MDA6NzAw,MTkwOTQuNDAwMA==,,44K444Ol44Ko44Oq44O844O744Ki44Kv44K744K144Oq44O8ID4g44Os44OH44Kj44O844K544K444Ol44Ko44Oq44O844O744Ki44Kv44K744K144Oq44O8ID4g44ON44OD44Kv44Os44K544OB44Kn44O844Oz,MTBLIOOCpOOCqOODreODvOOCtOODvOODq+ODieOCreODpeODvOODkOODs+ODjeODg+OCr+ODrOOCuSAoNDFjbSkgQ3ViYW4tMDUw,,PHRhYmxlIHdpZHRoPSI3NjAiIGJvcmRlcj0iMCIgY2VsbHNwYWNpbmc9IjUiIGNlbGxwYWRkaW5nPSIwIj4KPHRyPgo8dGQ+PGltZyBzcmM9Imh0dHA6Ly9pbWFnZS5yYWt1dGVuLmNvLmpwL2F2YWxhbmNoZS9jYWJpbmV0LzAxNTc1MzYyL2ltZ3JjMDA2MzQ1MDY5OC5qcGciPjwvdGQ+CjwvdHI+Cjx0cj4KPHRkPjxpbWcgc3JjPSJodHRwOi8vaW1hZ2UucmFrdXRlbi5jby5qcC9hdmFsYW5jaGUvY2FiaW5ldC8wMTU3NTM2Mi9pbWdyYzAwNjM0NTA2OTkuanBnIj48L3RkPgo8L3RyPgo8L3RhYmxlPjx0YWJsZSB3aWR0aD0iMzkwIiBib3JkZXI9IjAiIGFsaWduPSJjZW50ZXIiIGNlbGxwYWRkaW5nPSI1IiBjZWxsc3BhY2luZz0iMCI+Cjx0cj4KPHRkPjxpbWcgc3JjPSJodHRwOi8vaW1hZ2UucmFrdXRlbi5jby5qcC9hdmFsYW5jaGUvY2FiaW5ldC9pbWc1NzUxODkxMy5qcGciIHdpZHRoPSIzOTAiIGhlaWdodD0iMTUiPjwvdGQ+CjwvdHI+CjwvdGFibGU+Cjx0YWJsZSB3aWR0aD0iMzkwcHgiIGJvcmRlcj0iMSIgYWxpZ249ImNlbnRlciIgY2VsbHBhZGRpbmc9IjgiIGNlbGxzcGFjaW5nPSIwIiBib3JkZXJjb2xvcj0iI0NDQ0NDQyIgYmdjb2xvcj0iI0ZGRkZGRiI+Cjx0cj4KPHRkIHdpZHRoPSIxMDAiIGJnY29sb3I9IiNCREIzQTQiPjxkaXYgYWxpZ249ImNlbnRlciI+PGZvbnQgc2l6ZT0iMiI+44Kz44Oh44Oz44OIPC9mb250PjwvZGl2PjwvdGQ+Cjx0ZCBjb2xzcGFuPSIyIj48Zm9udCBzaXplPSIyIj7og7jlhYPjgpLntrrpupfjgavprYXjgZvjgovjg43jg4Pjgq/jg6zjgrnjgILjgZPjgaHjgonjga/jgq3jg6Xjg7zjg5Djg7Pjg43jg4Pjgq/jg6zjgrnjgajjgYTjgYblkI3np7DjgafjgIHlvZPlupfjga7kuK3jgafjgoLjg63jg7PjgrDjgrvjg6njg7zjgpLoqofjgovjg6Ljg4fjg6vjgavjgarjgorjgb7jgZnjgII8L2ZvbnQ+PC90ZD4KPC90cj4KPHRyPgo8dGQgd2lkdGg9IjEwMCIgYmdjb2xvcj0iI0JEQjNBNCI+PGRpdiBhbGlnbj0iY2VudGVyIj48Zm9udCBzaXplPSIyIj7ntKDmnZA8L2ZvbnQ+PC9kaXY+PC90ZD4KPHRkIGNvbHNwYW49IjIiPjxmb250IHNpemU9IjIiPjEwS+OCpOOCqOODreODvOOCtOODvOODq+ODiTwvZm9udD48L3RkPgo8L3RyPgo8dHI+Cjx0ZCB3aWR0aD0iMTAwIiBiZ2NvbG9yPSIjQkRCM0E0Ij48ZGl2IGFsaWduPSJjZW50ZXIiPjxmb250IHNpemU9IjIiPuefszwvZm9udD48L2Rpdj48L3RkPgo8dGQgY29sc3Bhbj0iMiI+PGZvbnQgc2l6ZT0iMiI+LSAtIC0gLTwvZm9udD48L3RkPgo8L3RyPgo8dHI+Cjx0ZCB3aWR0aD0iMTAwIiByb3dzcGFuPSIzIiBiZ2NvbG9yPSIjQkRCM0E0Ij48ZGl2IGFsaWduPSJjZW50ZXIiPjxmb250IHNpemU9IjIiPuOCteOCpOOCujwvZm9udD48L2Rpdj48L3RkPgo8dGQgd2lkdGg9IjExNyI+PGZvbnQgc2l6ZT0iMiI+57im5bmFPC9mb250PjwvdGQ+Cjx0ZCB3aWR0aD0iMTE3Ij48Zm9udCBzaXplPSIyIj7mqKrluYU8L2ZvbnQ+PC90ZD4KPC90cj4KPHRyPgo8dGQ+PGZvbnQgc2l6ZT0iMiI+NDFjbTwvZm9udD48L3RkPgo8dGQ+PGZvbnQgc2l6ZT0iMiI+Mm1tPC9mb250PjwvdGQ+CjwvdHI+Cjx0cj4KPHRkIGNvbHNwYW49IjIiPjxmb250IHNpemU9IjIiPuOCteOCpOOCuuOBr+acgOmVt+mDqOOCkuioiOa4rOOBl+OBpuOBiuOCiuOBvuOBmeOAgjwvZm9udD48L3RkPgo8L3RyPgo8dHI+Cjx0ZCB3aWR0aD0iMTAwIiBiZ2NvbG9yPSIjQkRCM0E0Ij48ZGl2IGFsaWduPSJjZW50ZXIiPjxmb250IHNpemU9IjIiPuWCmeiAgzwvZm9udD48L2Rpdj48L3RkPgo8dGQgY29sc3Bhbj0iMiI+PGZvbnQgc2l6ZT0iMiI+5a6a5pyf55qE44Gq44GK5omL5YWl44KM44Gr44KI44KK44CB44GU6LO85YWl5pmC44Gu6Lyd44GN44GM5L+d44Gf44KM44G+44GZ44CC44GK5omL5YWl44KM5pa55rOV44Gr6Zai44GX44Gm44Gv44CBIuOCouODleOCv+ODvOODoeODs+ODhuODiuODs+OCuSLjgpLjgZTopqfkuIvjgZXjgYTjgII8L2ZvbnQ+PC90ZD4KPC90cj4KPHRyPgo8dGQgd2lkdGg9IjEwMCIgYmdjb2xvcj0iI0JEQjNBNCI+PGRpdiBhbGlnbj0iY2VudGVyIj48Zm9udCBzaXplPSIyIj7jgqvjg4bjgrTjg6o8L2ZvbnQ+PC9kaXY+PC90ZD4KPHRkIGNvbHNwYW49IjIiPjxmb250IHNpemU9IjIiPuODjeODg+OCr+ODrOOCuTwvZm9udD48L3RkPgo8L3RyPgo8L3RhYmxlPgo8YnIgLz4KPHRhYmxlIHdpZHRoPSIzOTAiIGJvcmRlcj0iMCIgYWxpZ249ImNlbnRlciIgY2VsbHNwYWNpbmc9IjAiPgo8dHI+Cjx0ZD48SU1HIGhlaWdodD0xMDAgYWx0PSIiIApzcmM9Imh0dHA6Ly9pbWFnZS5yYWt1dGVuLmNvLmpwL2F2YWxhbmNoZS9jYWJpbmV0L2ltZzU2MTI2NTcxLmpwZyIgd2lkdGg9MzkwIGJvcmRlcj0wPjwvdGQ+CjwvdHI+Cjx0cj4KPHRkPjxkaXYgYWxpZ249InJpZ2h0Ij48Zm9udCBzaXplPSIyIj7ilqDjgYrmiYvlhaXjgozmlrnms5UoQUZURVIgQ0FSRSnjga/jgrPjg4Hjg6kgPC9mb250PjwvZGl2PjwvdGQ+CjwvdHI+CjwvdGFibGU+PHRhYmxlIHdpZHRoPSI3NjAiIGJvcmRlcj0iMCIgY2VsbHNwYWNpbmc9IjUiIGNlbGxwYWRkaW5nPSIwIj4KPHRyPgo8dGQgY29sc3Bhbj0iNiI+PGltZyBzcmM9Imh0dHA6Ly9pbWFnZS5yYWt1dGVuLmNvLmpwL2F2YWxhbmNoZS9jYWJpbmV0LzAxNTc1MzYyLzA1MzA5NjU3L2ltZzU4NDY3NDgwLmpwZyIgd2lkdGg9Ijc2MCIgaGVpZ2h0PSIyNSI+PC90ZD4KPC90cj4KPHRyPgo8dGQ+PGltZyBzcmM9Imh0dHA6Ly9pbWFnZS5yYWt1dGVuLmNvLmpwL2F2YWxhbmNoZS9jYWJpbmV0LzAxNTc1MzYyLzA1MzA5NjU3L2ltZzU4NDY3NDgxLmpwZyIgd2lkdGg9IjEyMiIgaGVpZ2h0PSIxMTIiIGJvcmRlcj0iMCI+PC90ZD4KPHRkPjxpbWcgc3JjPSJodHRwOi8vaW1hZ2UucmFrdXRlbi5jby5qcC9hdmFsYW5jaGUvY2FiaW5ldC8wMTU3NTM2Mi8wNTMwOTY1Ny9pbWc1ODQ2NzQ4Mi5qcGciIHdpZHRoPSIxMjIiIGhlaWdodD0iMTEyIiBib3JkZXI9IjAiPjwvdGQ+Cjx0ZD48aW1nIHNyYz0iaHR0cDovL2ltYWdlLnJha3V0ZW4uY28uanAvYXZhbGFuY2hlL2NhYmluZXQvMDE1NzUzNjIvMDUzMDk2NTcvaW1nNTg0Njc0ODMuanBnIiB3aWR0aD0iMTIyIiBoZWlnaHQ9IjExMiIgYm9yZGVyPSIwIj48L3RkPgo8dGQ+PGltZyBzcmM9Imh0dHA6Ly9pbWFnZS5yYWt1dGVuLmNvLmpwL2F2YWxhbmNoZS9jYWJpbmV0LzAxNTc1MzYyLzA1MzA5NjU3L2ltZzU4NDY3NDg0LmpwZyIgd2lkdGg9IjEyMiIgaGVpZ2h0PSIxMTIiIGJvcmRlcj0iMCI+PC90ZD4KPHRkPjxpbWcgc3JjPSJodHRwOi8vaW1hZ2UucmFrdXRlbi5jby5qcC9hdmFsYW5jaGUvY2FiaW5ldC8wMTU3NTM2Mi8wNTMwOTY1Ny9pbWc1ODQ2NzQ4NS5qcGciIHdpZHRoPSIxMjIiIGhlaWdodD0iMTEyIiBib3JkZXI9IjAiPjwvdGQ+Cjx0ZD48aW1nIHNyYz0iaHR0cDovL2ltYWdlLnJha3V0ZW4uY28uanAvYXZhbGFuY2hlL2NhYmluZXQvMDE1NzUzNjIvMDUzMDk2NTcvaW1nNTg0Njc0ODYuanBnIiB3aWR0aD0iMTIyIiBoZWlnaHQ9IjExMiIgYm9yZGVyPSIwIj48L3RkPgo8L3RyPgo8dHI+Cjx0ZCBjb2xzcGFuPSI2Ij4mbmJzcDs8L3RkPgo8L3RyPgo8dHI+Cjx0ZCBjb2xzcGFuPSI2Ij48dGFibGUgd2lkdGg9Ijc2MCIgYm9yZGVyPSIwIiBjZWxsc3BhY2luZz0iMCIgY2VsbHBhZGRpbmc9IjAiPgo8dHI+Cjx0ZCB3aWR0aD0iNzYwIiBoZWlnaHQ9IjQzNSIgYWxpZ249ImNlbnRlciIgYmdjb2xvcj0iI0U1RTVFNSI+PC90ZD4KPC90cj4KPC90YWJsZT48L3RkPgo8L3RyPgo8IS0tPHRyPgogIDx0ZCBjb2xzcGFuPSI2Ij48aW1nIHNyYz0iaHR0cDovL2ltYWdlLnJha3V0ZW4uY28uanAvYXZhbGFuY2hlL2NhYmluZXQvaW1nNTk0ODI5MTEuanBnIiB3aWR0aD0iNzYwIiBoZWlnaHQ9IjEyMCIgYm9yZGVyPSIwIj48L3RkPgo8L3RyPi0tPjwvdGFibGU+,MTBLIOOCpOOCqOODreODvOOCtOODvOODq+ODieOCreODpeODvOODkOODs+ODjeODg+OCr+ODrOOCuSAoNDFjbSkgQ3ViYW4tMDUw77yaQVZBTEFOQ0hFIEdPTETvvIZKRVdFTFJZ,QVZBTEFOQ0hFIOOCouODtOOCoeODqeODs+ODgSDjgqLjg5Djg6njg7Pjg4FJQ0UgTElOSyDjgqLjgqTjgrnjg6rjg7Pjgq8g5pmC6KiISk9FIFJPREVPIOOCuOODp+ODvOODreODh+OCqiDmnIDlrokg5pmC6KiIQ1JZU1RBTCBDQVJURVIg44Kv44Oq44K544K/44Or44Kr44O844K/44O8IOaZguioiEpFV0VMUlkg44K444Ol44Ko44Oq44O8RElBTU9ORCDjg4DjgqTjg6Tjg6Ljg7Pjg4lXSElURSBHT0xEIOODm+ODr+OCpOODiOOCtOODvOODq+ODiVlFTExPVyBHT0xEIOOCpOOCqOODreODvOOCtOODvOODq+ODiVJPU0UgR09MRCDjg63jg7zjgrrjgrTjg7zjg6vjg4kgUkVEIEdPTEQg44Os44OD44OJ44K044O844Or44OJQkxBQ0sgU0lMVkVSIOODluODqeODg+OCr+OCt+ODq+ODkOODvCBCTEFDSyBHT0xEIOODluODqeODg+OCr+OCtOODvOODq+ODiVNJTFZFUiDjgrfjg6vjg5Djg7xQaGF0IGljZSDjg5XjgqHjg4Pjg4jjgqLjgqTjgrnjgrjjg6Xjgqjjg6rjg7zjgq/jg6rjg7zjg4rjg7zjg43jg7zjg6Djgrjjg6Xjgqjjg6rjg7zjg5TjgqLjgrkg44OV44O844OXIOOCueOCv+ODg+ODiTEwSyAxNEsgMThL44Oa44Oz44OA44Oz44OI44OY44OD44OJIOODmuODs+ODgOODs+ODiOODiOODg+ODl+ODjeODg+OCr+ODrOOCuSDjg4Hjgqfjg7zjg7Pjg5bjg6zjgrnjg6zjg4Pjg4gxMEsg44Kk44Ko44Ot44O844K044O844Or44OJ44Kt44Ol44O844OQ44Oz44ON44OD44Kv44Os44K5ICg0MWNtKSBDdWJhbi0wNTA=,MTBLIOOCpOOCqOODreODvOOCtOODvOODq+ODieOCreODpeODvOODkOODs+ODjeODg+OCr+ODrOOCuSAoNDFjbSkgQ3ViYW4tMDUw[rn]
39-1062,aHR0cDovL3RzaG9wLnIxMHMuanAvYXZhbGFuY2hlL2NhYmluZXQvMDA0NDk4NjcvaW1ncmMwMDY0MzI2OTg1LmpwZz9maXRpbj03MDA6NzAw,MTAxMDguODAwMA==,,44K444Ol44Ko44Oq44O844O744Ki44Kv44K744K144Oq44O8ID4g44Os44OH44Kj44O844K544K444Ol44Ko44Oq44O844O744Ki44Kv44K744K144Oq44O8ID4g44ON44OD44Kv44Os44K544OB44Kn44O844Oz,MTBLIOOCpOOCqOODreODvOOCtOODvOODq+ODieODjeODg+OCr+ODrOOCuSAoNDVjbSkgODAwMDk4MDQ1,,PHRhYmxlIHdpZHRoPSIzOTAiIGJvcmRlcj0iMCIgYWxpZ249ImNlbnRlciIgY2VsbHBhZGRpbmc9IjUiIGNlbGxzcGFjaW5nPSIwIj4KPHRyPgo8dGQ+PGltZyBzcmM9Imh0dHA6Ly9pbWFnZS5yYWt1dGVuLmNvLmpwL2F2YWxhbmNoZS9jYWJpbmV0L2ltZzU3NTE4OTEzLmpwZyIgd2lkdGg9IjM5MCIgaGVpZ2h0PSIxNSI+PC90ZD4KPC90cj4KPC90YWJsZT4KPHRhYmxlIHdpZHRoPSIzOTBweCIgYm9yZGVyPSIxIiBhbGlnbj0iY2VudGVyIiBjZWxscGFkZGluZz0iOCIgY2VsbHNwYWNpbmc9IjAiIGJvcmRlcmNvbG9yPSIjQ0NDQ0NDIiBiZ2NvbG9yPSIjRkZGRkZGIj4KPHRyPgo8dGQgd2lkdGg9IjEwMCIgYmdjb2xvcj0iI0JEQjNBNCI+PGRpdiBhbGlnbj0iY2VudGVyIj48Zm9udCBzaXplPSIyIj7jgrPjg6Hjg7Pjg4g8L2ZvbnQ+PC9kaXY+PC90ZD4KPHRkIGNvbHNwYW49IjIiPjxmb250IHNpemU9IjIiPualleWGhuW9ouOBruODkeODvOODhOOBp+ani+aIkOOBleOCjOOBn+ODjeODg+OCr+ODrOOCueOAguWQhOODkeODvOODhOOBq+aWveOBl+OBn+e0sOOChOOBi+OBquOCq+ODg+ODiOOBjOWFieOCkuWPjeWwhOOBl+OAgeiDuOWFg+OCkueFjOOBs+OChOOBi+OBq+mjvuOCiuOBvuOBmeOAgjwvZm9udD48L3RkPgo8L3RyPgo8dHI+Cjx0ZCB3aWR0aD0iMTAwIiBiZ2NvbG9yPSIjQkRCM0E0Ij48ZGl2IGFsaWduPSJjZW50ZXIiPjxmb250IHNpemU9IjIiPue0oOadkDwvZm9udD48L2Rpdj48L3RkPgo8dGQgY29sc3Bhbj0iMiI+PGZvbnQgc2l6ZT0iMiI+MTBLIOOCpOOCqOODreODvOOCtOODvOODq+ODiTwvZm9udD48L3RkPgo8L3RyPgo8dHI+Cjx0ZCB3aWR0aD0iMTAwIiBiZ2NvbG9yPSIjQkRCM0E0Ij48ZGl2IGFsaWduPSJjZW50ZXIiPjxmb250IHNpemU9IjIiPuefszwvZm9udD48L2Rpdj48L3RkPgo8dGQgY29sc3Bhbj0iMiI+PGZvbnQgc2l6ZT0iMiI+LSAtIC0gLTwvZm9udD48L3RkPgo8L3RyPgo8dHI+Cjx0ZCB3aWR0aD0iMTAwIiByb3dzcGFuPSIzIiBiZ2NvbG9yPSIjQkRCM0E0Ij48ZGl2IGFsaWduPSJjZW50ZXIiPjxmb250IHNpemU9IjIiPuOCteOCpOOCujwvZm9udD48L2Rpdj48L3RkPgo8dGQgd2lkdGg9IjExNyI+PGZvbnQgc2l6ZT0iMiI+5YWo6ZW3PC9mb250PjwvdGQ+Cjx0ZCB3aWR0aD0iMTE3Ij48Zm9udCBzaXplPSIyIj7mqKrluYU8L2ZvbnQ+PC90ZD4KPC90cj4KPHRyPgo8dGQgd2lkdGg9IjExNyI+PGZvbnQgc2l6ZT0iMiI+NDVjbTwvZm9udD48L3RkPgo8dGQgd2lkdGg9IjExNyI+PGZvbnQgc2l6ZT0iMiI+Mm1tPC9mb250PjwvdGQ+CjwvdHI+Cjx0cj4KPHRkIGNvbHNwYW49IjIiPjxmb250IHNpemU9IjIiPuOCteOCpOOCuuOBr+acgOmVt+mDqOOCkuioiOa4rOOBl+OBpuOBiuOCiuOBvuOBmeOAgjwvZm9udD48L3RkPgo8L3RyPgo8dHI+Cjx0ZCB3aWR0aD0iMTAwIiBiZ2NvbG9yPSIjQkRCM0E0Ij48ZGl2IGFsaWduPSJjZW50ZXIiPjxmb250IHNpemU9IjIiPuWCmeiAgzwvZm9udD48L2Rpdj48L3RkPgo8dGQgY29sc3Bhbj0iMiI+PGZvbnQgc2l6ZT0iMiI+5a6a5pyf55qE44Gq44GK5omL5YWl44KM44Gr44KI44KK44CB44GU6LO85YWl5pmC44Gu6Lyd44GN44GM5L+d44Gf44KM44G+44GZ44CC44GK5omL5YWl44KM5pa55rOV44Gr6Zai44GX44Gm44Gv44CBIuOCouODleOCv+ODvOODoeODs+ODhuODiuODs+OCuSLjgpLjgZTopqfkuIvjgZXjgYTjgII8L2ZvbnQ+PC90ZD4KPC90cj4KPHRyPgo8dGQgd2lkdGg9IjEwMCIgYmdjb2xvcj0iI0JEQjNBNCI+PGRpdiBhbGlnbj0iY2VudGVyIj48Zm9udCBzaXplPSIyIj7jgqvjg4bjgrTjg6o8L2ZvbnQ+PC9kaXY+PC90ZD4KPHRkIGNvbHNwYW49IjIiPjxmb250IHNpemU9IjIiPuODjeODg+OCr+ODrOOCuTwvZm9udD48L3RkPgo8L3RyPgo8L3RhYmxlPgo8YnIgLz4KPHRhYmxlIHdpZHRoPSIzOTAiIGJvcmRlcj0iMCIgYWxpZ249ImNlbnRlciIgY2VsbHNwYWNpbmc9IjAiPiAgICAgIAo8dHI+Cjx0ZD48SU1HIGhlaWdodD0xMDAgYWx0PSIiIApzcmM9Imh0dHA6Ly9pbWFnZS5yYWt1dGVuLmNvLmpwL2F2YWxhbmNoZS9jYWJpbmV0L2ltZzU2MTI2NTcxLmpwZyIgd2lkdGg9MzkwIGJvcmRlcj0wPjwvdGQ+CjwvdHI+Cjx0cj4KPHRkPjxkaXYgYWxpZ249InJpZ2h0Ij48Zm9udCBzaXplPSIyIj7ilqDjgYrmiYvlhaXjgozmlrnms5UoQUZURVIgQ0FSRSnjga/jgrPjg4Hjg6kgPC9mb250PjwvZGl2PjwvdGQ+CjwvdHI+CjwvdGFibGU+PHRhYmxlIHdpZHRoPSI3NjAiIGJvcmRlcj0iMCIgY2VsbHNwYWNpbmc9IjUiIGNlbGxwYWRkaW5nPSIwIj4KPHRyPgo8dGQgY29sc3Bhbj0iNiI+PGltZyBzcmM9Imh0dHA6Ly9pbWFnZS5yYWt1dGVuLmNvLmpwL2F2YWxhbmNoZS9jYWJpbmV0LzAxNTc1MzYyLzA1MzA5NjU3L2ltZzU4NDY3NDgwLmpwZyIgd2lkdGg9Ijc2MCIgaGVpZ2h0PSIyNSI+PC90ZD4KPC90cj4KPHRyPgo8dGQ+PGltZyBzcmM9Imh0dHA6Ly9pbWFnZS5yYWt1dGVuLmNvLmpwL2F2YWxhbmNoZS9jYWJpbmV0LzAxNTc1MzYyLzA1MzA5NjU3L2ltZzU4NDY3NDgxLmpwZyIgd2lkdGg9IjEyMiIgaGVpZ2h0PSIxMTIiIGJvcmRlcj0iMCI+PC90ZD4KPHRkPjxpbWcgc3JjPSJodHRwOi8vaW1hZ2UucmFrdXRlbi5jby5qcC9hdmFsYW5jaGUvY2FiaW5ldC8wMTU3NTM2Mi8wNTMwOTY1Ny9pbWc1ODQ2NzQ4Mi5qcGciIHdpZHRoPSIxMjIiIGhlaWdodD0iMTEyIiBib3JkZXI9IjAiPjwvdGQ+Cjx0ZD48aW1nIHNyYz0iaHR0cDovL2ltYWdlLnJha3V0ZW4uY28uanAvYXZhbGFuY2hlL2NhYmluZXQvMDE1NzUzNjIvMDUzMDk2NTcvaW1nNTg0Njc0ODMuanBnIiB3aWR0aD0iMTIyIiBoZWlnaHQ9IjExMiIgYm9yZGVyPSIwIj48L3RkPgo8dGQ+PGltZyBzcmM9Imh0dHA6Ly9pbWFnZS5yYWt1dGVuLmNvLmpwL2F2YWxhbmNoZS9jYWJpbmV0LzAxNTc1MzYyLzA1MzA5NjU3L2ltZzU4NDY3NDg0LmpwZyIgd2lkdGg9IjEyMiIgaGVpZ2h0PSIxMTIiIGJvcmRlcj0iMCI+PC90ZD4KPHRkPjxpbWcgc3JjPSJodHRwOi8vaW1hZ2UucmFrdXRlbi5jby5qcC9hdmFsYW5jaGUvY2FiaW5ldC8wMTU3NTM2Mi8wNTMwOTY1Ny9pbWc1ODQ2NzQ4NS5qcGciIHdpZHRoPSIxMjIiIGhlaWdodD0iMTEyIiBib3JkZXI9IjAiPjwvdGQ+Cjx0ZD48aW1nIHNyYz0iaHR0cDovL2ltYWdlLnJha3V0ZW4uY28uanAvYXZhbGFuY2hlL2NhYmluZXQvMDE1NzUzNjIvMDUzMDk2NTcvaW1nNTg0Njc0ODYuanBnIiB3aWR0aD0iMTIyIiBoZWlnaHQ9IjExMiIgYm9yZGVyPSIwIj48L3RkPgo8L3RyPgo8dHI+Cjx0ZCBjb2xzcGFuPSI2Ij4mbmJzcDs8L3RkPgo8L3RyPgo8dHI+Cjx0ZCBjb2xzcGFuPSI2Ij48dGFibGUgd2lkdGg9Ijc2MCIgYm9yZGVyPSIwIiBjZWxsc3BhY2luZz0iMCIgY2VsbHBhZGRpbmc9IjAiPgo8dHI+Cjx0ZCB3aWR0aD0iNzYwIiBoZWlnaHQ9IjQzNSIgYWxpZ249ImNlbnRlciIgYmdjb2xvcj0iI0U1RTVFNSI+PC90ZD4KPC90cj4KPC90YWJsZT48L3RkPgo8L3RyPgo8IS0tPHRyPgogIDx0ZCBjb2xzcGFuPSI2Ij48aW1nIHNyYz0iaHR0cDovL2ltYWdlLnJha3V0ZW4uY28uanAvYXZhbGFuY2hlL2NhYmluZXQvaW1nNTk0ODI5MTEuanBnIiB3aWR0aD0iNzYwIiBoZWlnaHQ9IjEyMCIgYm9yZGVyPSIwIj48L3RkPgo8L3RyPi0tPjwvdGFibGU+,MTBLIOOCpOOCqOODreODvOOCtOODvOODq+ODieODjeODg+OCr+ODrOOCuSAoNDVjbSkgODAwMDk4MDQ177yaQVZBTEFOQ0hFIEdPTETvvIZKRVdFTFJZ,QVZBTEFOQ0hFIOOCouODtOOCoeODqeODs+ODgSDjgqLjg5Djg6njg7Pjg4FJQ0UgTElOSyDjgqLjgqTjgrnjg6rjg7Pjgq8g5pmC6KiISk9FIFJPREVPIOOCuOODp+ODvOODreODh+OCqiDmnIDlrokg5pmC6KiIQ1JZU1RBTCBDQVJURVIg44Kv44Oq44K544K/44Or44Kr44O844K/44O8IOaZguioiEpFV0VMUlkg44K444Ol44Ko44Oq44O8RElBTU9ORCDjg4DjgqTjg6Tjg6Ljg7Pjg4lXSElURSBHT0xEIOODm+ODr+OCpOODiOOCtOODvOODq+ODiVlFTExPVyBHT0xEIOOCpOOCqOODreODvOOCtOODvOODq+ODiVJPU0UgR09MRCDjg63jg7zjgrrjgrTjg7zjg6vjg4kgUkVEIEdPTEQg44Os44OD44OJ44K044O844Or44OJQkxBQ0sgU0lMVkVSIOODluODqeODg+OCr+OCt+ODq+ODkOODvCBCTEFDSyBHT0xEIOODluODqeODg+OCr+OCtOODvOODq+ODiVNJTFZFUiDjgrfjg6vjg5Djg7xQaGF0IGljZSDjg5XjgqHjg4Pjg4jjgqLjgqTjgrnjgrjjg6Xjgqjjg6rjg7zjgq/jg6rjg7zjg4rjg7zjg43jg7zjg6Djgrjjg6Xjgqjjg6rjg7zjg5TjgqLjgrkg44OV44O844OXIOOCueOCv+ODg+ODiTEwSyAxNEsgMThL44Oa44Oz44OA44Oz44OI44OY44OD44OJIOODmuODs+ODgOODs+ODiOODiOODg+ODl+ODjeODg+OCr+ODrOOCuSDjg4Hjgqfjg7zjg7Pjg5bjg6zjgrnjg6zjg4Pjg4gxMEsg44Kk44Ko44Ot44O844K044O844Or44OJ44ON44OD44Kv44Os44K5ICg0NWNtKSA4MDAwOTgwNDU=,MTBLIOOCpOOCqOODreODvOOCtOODvOODq+ODieODjeODg+OCr+ODrOOCuSAoNDVjbSkgODAwMDk4MDQ1[rn]
39-1063,aHR0cDovL3RzaG9wLnIxMHMuanAvYXZhbGFuY2hlL2NhYmluZXQvMDA0NDk4NjcvaW1ncmMwMDY3MTM2NjM3LmpwZz9maXRpbj03MDA6NzAw,MTcwOTAuNDAwMA==,,44K444Ol44Ko44Oq44O844O744Ki44Kv44K744K144Oq44O8ID4g44Os44OH44Kj44O844K544K444Ol44Ko44Oq44O844O744Ki44Kv44K744K144Oq44O8ID4g44ON44OD44Kv44Os44K544OB44Kn44O844Oz,MTBLIOOCpOOCqOODreODvOOCtOODvOODq+ODieODleOCo+OCrOODreODjeODg+OCr+ODrOOCuSAoNDBjbSkgRmlnYXJvLTA1MA==,,PHRhYmxlIHdpZHRoPSI3NjAiIGJvcmRlcj0iMCIgY2VsbHNwYWNpbmc9IjUiIGNlbGxwYWRkaW5nPSIwIj4KPHRyPgo8dGQ+PGltZyBzcmM9Imh0dHA6Ly9pbWFnZS5yYWt1dGVuLmNvLmpwL2F2YWxhbmNoZS9jYWJpbmV0LzAxNTc1MzYyL2ltZ3JjMDA2MzQ2MjQzMC5qcGciIHdpZHRoPSI3NjAiPjwvdGQ+CjwvdHI+Cjx0cj4KPHRkPjxpbWcgc3JjPSJodHRwOi8vaW1hZ2UucmFrdXRlbi5jby5qcC9hdmFsYW5jaGUvY2FiaW5ldC8wMTU3NTM2Mi9pbWdyYzAwNjM0NjI0MzEuanBnIiB3aWR0aD0iNzYwIj48L3RkPgo8L3RyPgo8L3RhYmxlPjx0YWJsZSB3aWR0aD0iMzkwIiBib3JkZXI9IjAiIGFsaWduPSJjZW50ZXIiIGNlbGxwYWRkaW5nPSI1IiBjZWxsc3BhY2luZz0iMCI+Cjx0cj4KPHRkPjxpbWcgc3JjPSJodHRwOi8vaW1hZ2UucmFrdXRlbi5jby5qcC9hdmFsYW5jaGUvY2FiaW5ldC9pbWc1NzUxODkxMy5qcGciIHdpZHRoPSIzOTAiIGhlaWdodD0iMTUiPjwvdGQ+CjwvdHI+CjwvdGFibGU+Cjx0YWJsZSB3aWR0aD0iMzkwcHgiIGJvcmRlcj0iMSIgYWxpZ249ImNlbnRlciIgY2VsbHBhZGRpbmc9IjgiIGNlbGxzcGFjaW5nPSIwIiBib3JkZXJjb2xvcj0iI0NDQ0NDQyIgYmdjb2xvcj0iI0ZGRkZGRiI+Cjx0cj4KPHRkIHdpZHRoPSIxMDAiIGJnY29sb3I9IiNCREIzQTQiPjxkaXYgYWxpZ249ImNlbnRlciI+PGZvbnQgc2l6ZT0iMiI+44Kz44Oh44Oz44OIPC9mb250PjwvZGl2PjwvdGQ+Cjx0ZCBjb2xzcGFuPSIyIj48Zm9udCBzaXplPSIyIj7kuI3li5Xjga7kurrmsJfjgpLoqofjgovjg5XjgqPjgqzjg63jg43jg4Pjgq/jg6zjgrnjgILjg5rjg7Pjg4Djg7Pjg4jjg5jjg4Pjg4njga7jg4fjgrbjgqTjg7PjgpLllY/jgo/jgZrjgIHjganjgpPjgarjg4fjgrbjgqTjg7PjgajjgoLlkIjjgo/jgZvmmJPjgYTmsJfou73jgZXjgYzkurrmsJfjgafjgZnjgILjg43jg4Pjgq/jg6zjgrnjga7jgb/jgafjgoLljYHliIbjgavmtLvouo3jgZfjgIHjg43jg4Pjgq/jg6zjgrnjga7njovpgZPjgajjgoLlkbzjgbnjgovjgIEx5pys44Gv5oyB44Gj44Gm44GE44Gm5pCN44Gv44Gq44GE44CB44Oe44K544OI44Ki44Kk44OG44Og44Gn44GZ44CCPC9mb250PjwvdGQ+CjwvdHI+Cjx0cj4KPHRkIHdpZHRoPSIxMDAiIGJnY29sb3I9IiNCREIzQTQiPjxkaXYgYWxpZ249ImNlbnRlciI+PGZvbnQgc2l6ZT0iMiI+57Sg5p2QPC9mb250PjwvZGl2PjwvdGQ+Cjx0ZCBjb2xzcGFuPSIyIj48Zm9udCBzaXplPSIyIj4xMEvjgqTjgqjjg63jg7zjgrTjg7zjg6vjg4k8L2ZvbnQ+PC90ZD4KPC90cj4KPHRyPgo8dGQgd2lkdGg9IjEwMCIgYmdjb2xvcj0iI0JEQjNBNCI+PGRpdiBhbGlnbj0iY2VudGVyIj48Zm9udCBzaXplPSIyIj7nn7M8L2ZvbnQ+PC9kaXY+PC90ZD4KPHRkIGNvbHNwYW49IjIiPjxmb250IHNpemU9IjIiPi0gLSAtIC08L2ZvbnQ+PC90ZD4KPC90cj4KPHRyPgo8dGQgd2lkdGg9IjEwMCIgcm93c3Bhbj0iMyIgYmdjb2xvcj0iI0JEQjNBNCI+PGRpdiBhbGlnbj0iY2VudGVyIj48Zm9udCBzaXplPSIyIj7jgrXjgqTjgro8L2ZvbnQ+PC9kaXY+PC90ZD4KPHRkIHdpZHRoPSIxMTciPjxmb250IHNpemU9IjIiPue4puW5hTwvZm9udD48L3RkPgo8dGQgd2lkdGg9IjExNyI+PGZvbnQgc2l6ZT0iMiI+5qiq5bmFPC9mb250PjwvdGQ+CjwvdHI+Cjx0cj4KPHRkPjxmb250IHNpemU9IjIiPjQwY208L2ZvbnQ+PC90ZD4KPHRkPjxmb250IHNpemU9IjIiPjJtbTwvZm9udD48L3RkPgo8L3RyPgo8dHI+Cjx0ZCBjb2xzcGFuPSIyIj48Zm9udCBzaXplPSIyIj7jgrXjgqTjgrrjga/mnIDplbfpg6jjgpLoqIjmuKzjgZfjgabjgYrjgorjgb7jgZnjgII8L2ZvbnQ+PC90ZD4KPC90cj4KPHRyPgo8dGQgd2lkdGg9IjEwMCIgYmdjb2xvcj0iI0JEQjNBNCI+PGRpdiBhbGlnbj0iY2VudGVyIj48Zm9udCBzaXplPSIyIj7lgpnogIM8L2ZvbnQ+PC9kaXY+PC90ZD4KPHRkIGNvbHNwYW49IjIiPjxmb250IHNpemU9IjIiPuWumuacn+eahOOBquOBiuaJi+WFpeOCjOOBq+OCiOOCiuOAgeOBlOizvOWFpeaZguOBrui8neOBjeOBjOS/neOBn+OCjOOBvuOBmeOAguOBiuaJi+WFpeOCjOaWueazleOBq+mWouOBl+OBpuOBr+OAgSLjgqLjg5Xjgr/jg7zjg6Hjg7Pjg4bjg4rjg7Pjgrki44KS44GU6Kan5LiL44GV44GE44CCPC9mb250PjwvdGQ+CjwvdHI+Cjx0cj4KPHRkIHdpZHRoPSIxMDAiIGJnY29sb3I9IiNCREIzQTQiPjxkaXYgYWxpZ249ImNlbnRlciI+PGZvbnQgc2l6ZT0iMiI+44Kr44OG44K044OqPC9mb250PjwvZGl2PjwvdGQ+Cjx0ZCBjb2xzcGFuPSIyIj48Zm9udCBzaXplPSIyIj7jg43jg4Pjgq/jg6zjgrk8L2ZvbnQ+PC90ZD4KPC90cj4KPC90YWJsZT4KPGJyIC8+Cjx0YWJsZSB3aWR0aD0iMzkwIiBib3JkZXI9IjAiIGFsaWduPSJjZW50ZXIiIGNlbGxwYWRkaW5nPSIwIiBjZWxsc3BhY2luZz0iMCI+Cjx0cj4KPHRkPjxJTUcgaGVpZ2h0PTEwMCBhbHQ9IiIgCnNyYz0iaHR0cDovL2ltYWdlLnJha3V0ZW4uY28uanAvYXZhbGFuY2hlL2NhYmluZXQvaW1nNTYxMjY1NzEuanBnIiB3aWR0aD0zOTAgYm9yZGVyPTA+PC90ZD4KPC90cj4KPHRyPgo8dGQ+PGRpdiBhbGlnbj0icmlnaHQiPjxmb250IHNpemU9IjIiPuKWoOOBiuaJi+WFpeOCjOaWueazlShBRlRFUiBDQVJFKeOBr+OCs+ODgeODqSA8L2ZvbnQ+PC9kaXY+PC90ZD4KPC90cj4KPC90YWJsZT48dGFibGUgd2lkdGg9Ijc2MCIgYm9yZGVyPSIwIiBjZWxsc3BhY2luZz0iNSIgY2VsbHBhZGRpbmc9IjAiPgo8dHI+Cjx0ZCBjb2xzcGFuPSI2Ij48aW1nIHNyYz0iaHR0cDovL2ltYWdlLnJha3V0ZW4uY28uanAvYXZhbGFuY2hlL2NhYmluZXQvMDE1NzUzNjIvMDUzMDk2NTcvaW1nNTg0Njc0ODAuanBnIiB3aWR0aD0iNzYwIiBoZWlnaHQ9IjI1Ij48L3RkPgo8L3RyPgo8dHI+Cjx0ZD48aW1nIHNyYz0iaHR0cDovL2ltYWdlLnJha3V0ZW4uY28uanAvYXZhbGFuY2hlL2NhYmluZXQvMDE1NzUzNjIvMDUzMDk2NTcvaW1nNTg0Njc0ODEuanBnIiB3aWR0aD0iMTIyIiBoZWlnaHQ9IjExMiIgYm9yZGVyPSIwIj48L3RkPgo8dGQ+PGltZyBzcmM9Imh0dHA6Ly9pbWFnZS5yYWt1dGVuLmNvLmpwL2F2YWxhbmNoZS9jYWJpbmV0LzAxNTc1MzYyLzA1MzA5NjU3L2ltZzU4NDY3NDgyLmpwZyIgd2lkdGg9IjEyMiIgaGVpZ2h0PSIxMTIiIGJvcmRlcj0iMCI+PC90ZD4KPHRkPjxpbWcgc3JjPSJodHRwOi8vaW1hZ2UucmFrdXRlbi5jby5qcC9hdmFsYW5jaGUvY2FiaW5ldC8wMTU3NTM2Mi8wNTMwOTY1Ny9pbWc1ODQ2NzQ4My5qcGciIHdpZHRoPSIxMjIiIGhlaWdodD0iMTEyIiBib3JkZXI9IjAiPjwvdGQ+Cjx0ZD48aW1nIHNyYz0iaHR0cDovL2ltYWdlLnJha3V0ZW4uY28uanAvYXZhbGFuY2hlL2NhYmluZXQvMDE1NzUzNjIvMDUzMDk2NTcvaW1nNTg0Njc0ODQuanBnIiB3aWR0aD0iMTIyIiBoZWlnaHQ9IjExMiIgYm9yZGVyPSIwIj48L3RkPgo8dGQ+PGltZyBzcmM9Imh0dHA6Ly9pbWFnZS5yYWt1dGVuLmNvLmpwL2F2YWxhbmNoZS9jYWJpbmV0LzAxNTc1MzYyLzA1MzA5NjU3L2ltZzU4NDY3NDg1LmpwZyIgd2lkdGg9IjEyMiIgaGVpZ2h0PSIxMTIiIGJvcmRlcj0iMCI+PC90ZD4KPHRkPjxpbWcgc3JjPSJodHRwOi8vaW1hZ2UucmFrdXRlbi5jby5qcC9hdmFsYW5jaGUvY2FiaW5ldC8wMTU3NTM2Mi8wNTMwOTY1Ny9pbWc1ODQ2NzQ4Ni5qcGciIHdpZHRoPSIxMjIiIGhlaWdodD0iMTEyIiBib3JkZXI9IjAiPjwvdGQ+CjwvdHI+Cjx0cj4KPHRkIGNvbHNwYW49IjYiPiZuYnNwOzwvdGQ+CjwvdHI+Cjx0cj4KPHRkIGNvbHNwYW49IjYiPjx0YWJsZSB3aWR0aD0iNzYwIiBib3JkZXI9IjAiIGNlbGxzcGFjaW5nPSIwIiBjZWxscGFkZGluZz0iMCI+Cjx0cj4KPHRkIHdpZHRoPSI3NjAiIGhlaWdodD0iNDM1IiBhbGlnbj0iY2VudGVyIiBiZ2NvbG9yPSIjRTVFNUU1Ij48L3RkPgo8L3RyPgo8L3RhYmxlPjwvdGQ+CjwvdHI+CjwhLS08dHI+CiAgPHRkIGNvbHNwYW49IjYiPjxpbWcgc3JjPSJodHRwOi8vaW1hZ2UucmFrdXRlbi5jby5qcC9hdmFsYW5jaGUvY2FiaW5ldC9pbWc1OTQ4MjkxMS5qcGciIHdpZHRoPSI3NjAiIGhlaWdodD0iMTIwIiBib3JkZXI9IjAiPjwvdGQ+CjwvdHI+LS0+PC90YWJsZT4=,MTBLIOOCpOOCqOODreODvOOCtOODvOODq+ODieODleOCo+OCrOODreODjeODg+OCr+ODrOOCuSAoNDBjbSkgRmlnYXJvLTA1MO+8mkFWQUxBTkNIRSBHT0xE77yGSkVXRUxSWQ==,QVZBTEFOQ0hFIOOCouODtOOCoeODqeODs+ODgSDjgqLjg5Djg6njg7Pjg4FJQ0UgTElOSyDjgqLjgqTjgrnjg6rjg7Pjgq8g5pmC6KiISk9FIFJPREVPIOOCuOODp+ODvOODreODh+OCqiDmnIDlrokg5pmC6KiIQ1JZU1RBTCBDQVJURVIg44Kv44Oq44K544K/44Or44Kr44O844K/44O8IOaZguioiEpFV0VMUlkg44K444Ol44Ko44Oq44O8RElBTU9ORCDjg4DjgqTjg6Tjg6Ljg7Pjg4lXSElURSBHT0xEIOODm+ODr+OCpOODiOOCtOODvOODq+ODiVlFTExPVyBHT0xEIOOCpOOCqOODreODvOOCtOODvOODq+ODiVJPU0UgR09MRCDjg63jg7zjgrrjgrTjg7zjg6vjg4kgUkVEIEdPTEQg44Os44OD44OJ44K044O844Or44OJQkxBQ0sgU0lMVkVSIOODluODqeODg+OCr+OCt+ODq+ODkOODvCBCTEFDSyBHT0xEIOODluODqeODg+OCr+OCtOODvOODq+ODiVNJTFZFUiDjgrfjg6vjg5Djg7xQaGF0IGljZSDjg5XjgqHjg4Pjg4jjgqLjgqTjgrnjgrjjg6Xjgqjjg6rjg7zjgq/jg6rjg7zjg4rjg7zjg43jg7zjg6Djgrjjg6Xjgqjjg6rjg7zjg5TjgqLjgrkg44OV44O844OXIOOCueOCv+ODg+ODiTEwSyAxNEsgMThL44Oa44Oz44OA44Oz44OI44OY44OD44OJIOODmuODs+ODgOODs+ODiOODiOODg+ODl+ODjeODg+OCr+ODrOOCuSDjg4Hjgqfjg7zjg7Pjg5bjg6zjgrnjg6zjg4Pjg4gxMEsg44Kk44Ko44Ot44O844K044O844Or44OJ44OV44Kj44Ks44Ot44ON44OD44Kv44Os44K5ICg0MGNtKSBGaWdhcm8tMDUw,MTBLIOOCpOOCqOODreODvOOCtOODvOODq+ODieODleOCo+OCrOODreODjeODg+OCr+ODrOOCuSAoNDBjbSkgRmlnYXJvLTA1MA==[rn]
39-1064,aHR0cDovL3RzaG9wLnIxMHMuanAvZS1hbmdlbC9jYWJpbmV0LzAxMTM0MTIwL25rLW1zLW5rLTEuanBnP2ZpdGluPTcwMDo3MDA=,MzAyNC4wMDAw,,44K444Ol44Ko44Oq44O844O744Ki44Kv44K744K144Oq44O8ID4g44Os44OH44Kj44O844K544K444Ol44Ko44Oq44O844O744Ki44Kv44K744K144Oq44O8ID4g44ON44OD44Kv44Os44K544OB44Kn44O844Oz,44CQ5ZCN5YWl44KM5bCC6ZaA44CR44CQ5ZCN5YWl44KMIOODl+ODrOOCvOODs+ODiOOAkSAz5p6a44K744OD44OILeOCueOCv+ODg+OCuuS7mOearuOBsuOCguODjeODg+OCr+ODrOOCuQ==,44CQ44Ku44OV44OI44O744GK56Wd44GE44O76KqV55Sf5pel44O744Kv44Oq44K544Oe44K544O744OW44Op44Kk44OA44Or44CR,PHN0eWxlIHR5cGU9InRleHQvY3NzIj4KPCEtLQoudGl0bGUxIHsKdGV4dC1hbGlnbjogbGVmdDsKcGFkZGluZy1sZWZ0OiAycHg7Cm1hcmdpbjogMHB4IDBweCAyMHB4IDBweDsKYm9yZGVyLWxlZnQ6IDZweCBzb2xpZCAjMzlmOwpib3JkZXItYm90dG9tOiAxcHggc29saWQgIzM5ZjsKfQoKLnRpdGxlMSBoMiB7CmZvbnQtc2l6ZTogMTdweDsKZm9udC13ZWlnaHQ6IGJvbGQ7CmxldHRlci1zcGFjaW5nOiAxcHg7CmxpbmUtaGVpZ2h0OiAxLjI7CnBhZGRpbmc6IDFweCA1cHg7Cm1hcmdpbjogMHB4IDBweCAwcHggMHB4Owpib3JkZXItbGVmdDogM3B4IHNvbGlkICMzNmY7Cn0KCi5zYW1wbGVfdGV4dDEgewpmb250LXNpemU6IDE3cHg7CmZvbnQtd2VpZ2h0OiBib2xkOwpsaW5lLWhlaWdodDogMS4yOwpwYWRkaW5nOiA5cHggMHB4OwptYXJnaW46IDBweDsKfQoKLmNodW1fdGV4dDIgewpmb250LXNpemU6IDE3cHg7CmZvbnQtd2VpZ2h0OiBib2xkOwpsaW5lLWhlaWdodDogMS40Owp0ZXh0LWFsaWduOiBsZWZ0OwpwYWRkaW5nOiA4cHggMHB4IDBweCAwcHg7Cm1hcmdpbjogMHB4Owp9CgouY2h1bV90ZXh0MiBzcGFuIHtjb2xvcjogI0MwMDt9Cgoua291bW9rdTIgewpjb2xvcjogI0ZGRjsKZm9udC1zaXplOiAxM3B4OwpsaW5lLWhlaWdodDogMS4yOwp0ZXh0LWFsaWduOiBjZW50ZXI7Cm1hcmdpbjogMjBweCAwcHggMHB4IDBweDsKcGFkZGluZzogNHB4IDEwcHg7CmJhY2tncm91bmQtY29sb3I6I0MwMDsKfQoKLmtvdW1va3UyIHNwYW4gewpmb250LXNpemU6IDE3cHg7CmZvbnQtd2VpZ2h0OiBib2xkOwp9CgouaG93dG8gewp3aWR0aDogMTAwJTsKaGVpZ2h0OiA3NzBweDsKdGV4dC1hbGlnbjogY2VudGVyOwptYXJnaW46IDVweCAwcHggMHB4IDBweDsKYmFja2dyb3VuZC1jb2xvcjogI0ZGRjsKb3ZlcmZsb3c6IGF1dG87CmJvcmRlcjogMXB4IHNvbGlkICM5OTk7CmJhY2tncm91bmQtY29sb3I6ICNGREQ7Cn0KCi5ob3d0byBwIHsKZm9udC1zaXplOiAxNXB4Owpmb250LXdlaWdodDogYm9sZDsKbGluZS1oZWlnaHQ6IDEuMjsKdGV4dC1hbGlnbjogY2VudGVyOwptYXJnaW46IDBweDsKcGFkZGluZzogOXB4IDBweDsKfQoKLmNodW1vbl9ib3JkIHsKYm9yZGVyOiAzcHggZG91YmxlICMzNjk7Cn0KCi5jaHVtb25fdGl0bGUgewpjb2xvcjogI0ZGRjsKZm9udC1zaXplOiAxN3B4Owpmb250LXdlaWdodDogYm9sZDsKdGV4dC1hbGlnbjogY2VudGVyOwpsaW5lLWhlaWdodDogMS4yOwpsZXR0ZXItc3BhY2luZzogMXB4OwpwYWRkaW5nOiA0cHggMHB4OwptYXJnaW46IDBweDsKYmFja2dyb3VuZC1jb2xvcjogIzM2OTsKfQoKLmNodW1vbl9ib3ggewpvdmVyZmxvdzogYXV0bzsKaGVpZ2h0OiA0NjBweDsKfQoKLmNodW1vbl90ZXh0MSB7CmNvbG9yOiAjMzY5Owpmb250LXNpemU6IDE3cHg7CmZvbnQtd2VpZ2h0OiBib2xkOwpsaW5lLWhlaWdodDogMS40OwpwYWRkaW5nOiAwcHggMHB4IDBweCAyMHB4OwptYXJnaW46IDhweCAxMHB4IDBweCAxMHB4OwpiYWNrZ3JvdW5kLWltYWdlOiB1cmwoImh0dHA6Ly93d3cucmFrdXRlbi5uZS5qcC9nb2xkL2UtYW5nZWwvaW1nX2NhcnQvZXh0L2NoZWNrbWFya18wMS5naWYiKTsKYmFja2dyb3VuZC1wb3NpdGlvbjogMHB4IDVweDsKYmFja2dyb3VuZC1yZXBlYXQ6IG5vLXJlcGVhdDsKfQoKLmtha3VuaW5fdGV4dDIgewpmb250LXNpemU6IDE1cHg7CmxpbmUtaGVpZ2h0OiAxLjQ7CnBhZGRpbmc6IDBweCAwcHggMHB4IDIwcHg7Cm1hcmdpbjogMHB4IDEwcHggMHB4IDEwcHg7Cn0KCi5jaHVtb25fdGV4dDMgewpmb250LXNpemU6IDE1cHg7CmZvbnQtd2VpZ2h0OiBib2xkOwpsaW5lLWhlaWdodDogMS40OwpwYWRkaW5nOiAwcHggMHB4IDhweCAyMHB4OwptYXJnaW46IDBweCAxMHB4IDBweCAxMHB4Owpib3JkZXItYm90dG9tOiAxcHggc29saWQgI0JCQjsKfQoKLmtha3VuaW5fdGV4dDIgYiB7Y29sb3I6I0MwMDtmb250LXdlaWdodDpib2xkO30KLmtha3VuaW5fdGV4dDIgc3BhbiB7Y29sb3I6IzM2OTt9Ci5jaHVtb25fdGV4dDMgYiB7Y29sb3I6I0MwMDtmb250LXdlaWdodDpib2xkO30KLmNodW1vbl90ZXh0MyBzcGFuIHtjb2xvcjojMzY5O30KCi5ub3NoaV9saW5rIHsKZm9udC1zaXplOiAxN3B4Owpmb250LXdlaWdodDogYm9sZDsKbGluZS1oZWlnaHQ6IDEuNDsKcGFkZGluZzogMHB4IDBweCA4cHggMjBweDsKbWFyZ2luOiA1cHggMTBweCAwcHggMTBweDsKYm9yZGVyLWJvdHRvbTogMXB4IHNvbGlkICNCQkI7Cn0KCi5ub3NoaV9saW5rIHt9Ci5ub3NoaV9saW5rIGltZyB7dmVydGljYWwtYWxpZ246IGJvdHRvbTt9CgotLT4KPC9zdHlsZT4KPGRpdiBjbGFzcz0idGl0bGUxIj4KICA8aDI+44CQ5ZCN5YWl44KMIOODl+ODrOOCvOODs+ODiOOAkTwvaDI+PC9kaXY+Cgo8cD7llYblk4HlkI3vvJog44CQ5paH5a2X5b2r5Yi76L6844G/44CRM+aemuOCu+ODg+ODiC3jgrnjgr/jg4Pjgrrku5jnmq7jgbLjgoLjg43jg4Pjgq/jg6zjgrk8L3A+CjxwPjxpbWcgc3JjPSJodHRwOi8vaW1hZ2UucmFrdXRlbi5jby5qcC9lLWFuZ2VsL2NhYmluZXQvMDExMzQxMjAvMjAxMDExMjExMjItNjEuanBnIiB3aWR0aD0iNTMwIiBoZWlnaHQ9IjUzMCI+PC9wPgo8cD48aW1nIHNyYz0iaHR0cDovL2ltYWdlLnJha3V0ZW4uY28uanAvZS1hbmdlbC9jYWJpbmV0LzAxMTM0MTIwLzIwMTAxMTIxMTIyLTYyLmpwZyIgd2lkdGg9IjUzMCIgaGVpZ2h0PSI3OTYiPjwvcD4KPHA+PGltZyBzcmM9Imh0dHA6Ly9pbWFnZS5yYWt1dGVuLmNvLmpwL2UtYW5nZWwvY2FiaW5ldC8wMTEzNDEyMC8yMDEwMTEyMTEyMi02My5qcGciIHdpZHRoPSI1MzAiIGhlaWdodD0iMzUzIj48L3A+CjxwPjxpbWcgc3JjPSJodHRwOi8vaW1hZ2UucmFrdXRlbi5jby5qcC9lLWFuZ2VsL2NhYmluZXQvMDExMzQxMjAvMjAxMDExMjExMjItNzAuanBnIiB3aWR0aD0iNTMwIiBoZWlnaHQ9IjUzMCI+PC9wPgo8cD48aW1nIHNyYz0iaHR0cDovL2ltYWdlLnJha3V0ZW4uY28uanAvZS1hbmdlbC9jYWJpbmV0LzAxMTM0MTIwLzIwMTAxMTIxMTIyLTY0LmpwZyIgd2lkdGg9IjUzMCIgaGVpZ2h0PSI2MDAiPjwvcD4KPHA+PGltZyBzcmM9Imh0dHA6Ly9pbWFnZS5yYWt1dGVuLmNvLmpwL2UtYW5nZWwvY2FiaW5ldC8wMTEzNDEyMC8yMDEwMTEyMTEyMi02OS5qcGciIHdpZHRoPSI1MzAiIGhlaWdodD0iOTU5Ij48L3A+CjxwPjxpbWcgc3JjPSJodHRwOi8vaW1hZ2UucmFrdXRlbi5jby5qcC9lLWFuZ2VsL2NhYmluZXQvMDExMzQxMjAvMjAxMDExMjExMjItNjguanBnIiB3aWR0aD0iNTMwIiBoZWlnaHQ9Ijc5NiI+PC9wPgo8RElWPgogIDxwPjxTUEFOIHByb3BlcnR5PSJyZGZzOmNvbW1lbnQiPuOBhOOBtuOBl+OBn+ODouODvOODieOBruODoeOCv+ODq+ODl+ODrOODvOODiOOBqOmdqeOBruiejeWQiOOBjOOCt+ODs+ODl+ODq+OBqu+8tOOCt+ODo+ODhOOChOOCt+ODo+ODhOOBqOebuOaAp+OBjOaKnOe+pO+8gTxCUj4KICAgIOOAgDLmnprnm67jga7jg63jg7PjgrDjg5fjg6zjg7zjg4jjga7oo4/pnaLjgavjga/lpb3jgY3jgarmloflrZfjgpIy6KGM56iL5bqm5b2r5Yi744Gn44GN44G+44GZPC9TUEFOPiA8U1BBTiBwcm9wZXJ0eT0icmRmczpjb21tZW50Ij48QlI+CiAgPC9TUEFOPjwvcD4KPC9ESVY+CjwhLS0g5b2T5bqX57S55LuLIC0tPgo8SFI+CuKWoOODjeODg+OCr+ODrOOCuTxCUj4K4pag44K144Kk44K677ya77yI6Z2p6YOo5YiG44CAMjjvvZg1MO+9je+9je+8ie+8iDLmnprnm640Nu+9mDEw772N772N77yJ77yI44OJ44Kv44Ot77yaMjHvvZgxNe+9je+9je+8iTxCUj4K4pag57SQ44Gu6ZW344GV77yaNjLvvYPvvY3liY3lvozvvIjmraLjgoHlhbfjg6Hjgr/jg6vvvIk8YnI+CuKWoOe0oOadkO+8mumdqeOAgOODoeOCv+ODqzxCUj4K4pagMuaemuebruOBq+W9q+WIu+WPr+iDvTxCUj4KPEJSPgo8SFI+CjxCUj4KPFRBQkxFIGJvcmRlcj0iMCIgY2VsbFNwYWNpbmc9IjAiIGNlbGxQYWRkaW5nPSIxIiB3aWR0aD0iMTAwJSI+CiAgPFRCT0RZPgogICAgPFRSPgogICAgICA8VEQgYmdDb2xvcj0iI2NjY2NjYyI+PFRBQkxFIGJvcmRlcj0iMCIgY2VsbFNwYWNpbmc9IjAiIGNlbGxQYWRkaW5nPSI1IiB3aWR0aD0iMTAwJSI+CiAgICAgICAgPFRCT0RZPgogICAgICAgICAgPFRSPgogICAgICAgICAgICA8VEQgYmdDb2xvcj0iI2ZmZmZmZiI+PHA+4oC75b2T5bqX44Gv5ZCN5YWl44KM5b2r5Yi744CB6KiY5b+15ZOB44CB57WQ5ama56Wd44GE44CB6KqV55Sf5pel44CB57WQ5ama6KiY5b+15pel44CB5Ye655Sj56Wd44GE44CB6YKE5pqm56Wd44GE44CB5paw56+J56Wd44GE44CB6LSI562U55So44CB6YCA6IG36KiY5b+144CB5pWs6ICB44Gu5pel44CB54i244Gu5pel44CB5q+N44Gu5pel44CB44GK5Lit5YWD44CB5Y2S5qWt6KiY5b+15ZOB44CB44Kv44Oq44K544Oe44K544CB44OQ44Os44Oz44K/44Kk44Oz44OH44O844CB44Ob44Ov44Kk44OI44OH44O844CB5b285rCP5b285aWz5oGL5Lq65ZCM5aOr44Oa44Ki44Gn44GK5o+D44GE44Gu44Ki44Kk44OG44Og44CB44Gq44Gp44Gu5qeY44CF44Gq55So6YCU44Gr6YGp44GX44Gf44Kq44O844OA44O844Oh44Kk44OJ44Ku44OV44OI44KE44OX44Os44K844Oz44OI44Gr5pyA6YGp44Gq5ZWG5ZOB44KS5o+Q5L6b44GX44Gm44GE44G+44GZ44CC6LSI44KK54mp44Gv44KC44Gh44KN44KT44Gu44GT44Go44CB44Kq44O844OA44O844Oh44Kk44OJ44Ki44Kk44OG44Og44Go44GX44Gm6Ieq5YiG44G444Gu44GU6KSS576O44Gr44CC44G+44Gf44CB5ZCN5YWl44KM5b2r5Yi744KS5pa944GX44Gf5Y+v5oSb44GE44Oa44OD44OI44Kw44OD44K644G+44Gn5Y+W44KK5o+D44GI44Gm44GK44KK44G+44GZ44CCPC9wPjwvVEQ+CiAgICAgICAgICA8L1RSPgogICAgICAgIDwvVEJPRFk+CiAgICAgIDwvVEFCTEU+PC9URD4KICAgIDwvVFI+CiAgPC9UQk9EWT4KPC9UQUJMRT4KPEJSPgo8QlI+CgoKCgoK44GE44G244GX44Gf44Oi44O844OJ44Gu44Oh44K/44Or44OX44Os44O844OI44Go6Z2p44Gu6J6N5ZCI44GM44K344Oz44OX44Or44Gq77y044K344Oj44OE44KE44K344Oj44OE44Go55u45oCn44GM5oqc576k77yBCuOAgDLmnprnm67jga7jg63jg7PjgrDjg5fjg6zjg7zjg4jjga7oo4/pnaLjgavjga/lpb3jgY3jgarmloflrZfjgpIy6KGM56iL5bqm5b2r5Yi744Gn44GN44G+44GZPGJyIC8+CjxiciAvPgrilqDjg43jg4Pjgq/jg6zjgrk8YnIgLz4K4pag44K144Kk44K677ya77yI6Z2p6YOo5YiG44CAMjjvvZg1MO+9je+9je+8ie+8iDLmnprnm640Nu+9mDEw772N772N77yJ77yI44OJ44Kv44Ot77yaMjHvvZgxNe+9je+9je+8iTxiciAvPgrilqDntJDjga7plbfjgZXvvJo2Mu+9g++9jeWJjeW+jO+8iOatouOCgeWFt+ODoeOCv+ODq++8iTxiciAvPgrilqDntKDmnZDvvJrpnanjgIDjg6Hjgr/jg6s8YnIgLz4K4pagMuaemuebruOBq+W9q+WIu+WPr+iDvQo8YnIgLz48YnIgLz48YnIgLz48YnI+Cjxicj4K44CQ57SN5ZOB5pu444O75piO57Sw5pu444Gr44Gk44GE44Gm44CRPGJyPgrjg5rjg7zjg5Hjg7zjg6zjgrnljJbjgIHlgIvkurrmg4XloLHjga7kv53orbfjgILjgZPjgozjgYvjgonjga7oprPngrnjgavjgojjgorlvZPlupfjgafjga/ntI3lk4Hmm7jjg7vmmI7ntLDmm7jjga8yMDE15bm0NuaciDHml6XjgojjgorjgIHkuIDliIflkIzmorHjgYTjgZ/jgZfjgb7jgZvjgpPjgILkuojjgoHjgZTkuobmib/kuIvjgZXjgYTjgII8YnI+Cu+8iOKAuzIwMTXlubQ15pyIMzHml6Xjgb7jgafjga7jgZTms6jmlofliIbjgb7jgafjga/jgIHku4rjgb7jgafpgJrjgorlkIzlsIHjgYTjgZ/jgZfjgb7jgZnvvIk8YnI+CuOBlOWFpeeUqOOBp+OBguOCjOOBsOWQjOaiseOCguOBl+OBj+OBr+mDtemAgeOBleOBm+OBpumgguOBjeOBvuOBmeOBruOBp+OAgeOBlOazqOaWh+OBrumam+OAgeWCmeiAg+ashOOBjOOBlOOBluOBhOOBvuOBmeOBruOBp+OAkOe0jeWTgeabuOW4jOacm+OAkeOBqOOBlOiomOWFpeOBj+OBoOOBleOBhOOAggrigLvjgZTluIzmnJvjga7jgYrlrqLmp5jjga/jgZ3jga7ku5bjgZTopoHmnJvmrITjgavjgZToqJjlhaXjgY/jgaDjgZXjgYTjgb7jgZvjgILjgb7jgZ9QREbjgafjga7pgIHku5jjgoLlj6/og73jgafjgZkgPGJyPgo8YnI+CuKXj+OCquODquOCuOODiuODq+WVhuWTgeOBq+OBpOOBjeW+oeazqOaWh+aZguOBq+iomOWFpeOBruOBiumbu+ipseeVquWPt+OBr+OBpOOBquOBjOOCiuOChOOBmeOBhOeVquWPt+OCkuOBlOiomOWFpeOBiumhmOOBhOOBhOOBn+OBl+OBvuOBmTwhLS1HLeODqeODs+OCreODs+OCsOOBk+OBk+OBi+OCiS0tPgo8ZGl2IHN0eWxlPSJ3aWR0aDo1MzBweDsgbWFyZ2luLWJvdHRvbToyMHB4OyI+CjxpbWcgc3JjPSJodHRwOi8vd3d3LnJha3V0ZW4ubmUuanAvZ29sZC9lLWFuZ2VsL2FzcC8yX2dyYW5rL3NpZ25ib2FyZF9pbWcucG5nIiB3aWR0aD0iNTMwcHgiPjxici8+CjxkaXYgc3R5bGU9IndpZHRoOjUzMHB4OyBoZWlnaHQ6NjAwcHg7IG92ZXJmbG93OmhpZGRlbjsiPgoKPC9kaXY+CjwvZGl2Pgo8IS0tRy3jg6njg7Pjgq3jg7PjgrDjgZPjgZPjgb7jgactLT4KCjwhLS0g44GT44GT44GL44KJIEct44Ki44Op44Kk44OQ44OrIC0tPgo8ZGl2IHN0eWxlPSJ3aWR0aDo1MzBweDsgbWFyZ2luLWJvdHRvbToyMHB4OyI+CjxpbWcgc3JjPSJodHRwOi8vd3d3LnJha3V0ZW4ubmUuanAvZ29sZC9lLWFuZ2VsL2FzcC8xX2dhcnJpdmFsL3NpZ25ib2FyZF9pbWcucG5nIiB3aWR0aD0iNTMwcHgiPjxici8+CjxkaXYgc3R5bGU9IndpZHRoOjUzMHB4OyBoZWlnaHQ6MjIwcHg7IG92ZXJmbG93OmhpZGRlbjsiPgoKPC9kaXY+CjwvZGl2Pgo8IS0tIOOBk+OBk+OBvuOBpyBHLeOCouODqeOCpOODkOODqyAtLT4KCjwhLS0g44GT44GT44GL44KJIOODquOCouWPlyAtLT4KPGRpdiBzdHlsZT0id2lkdGg6NTMwcHg7IG1hcmdpbi1ib3R0b206MjBweDsiPgo8aW1nIHNyYz0iaHR0cDovL3d3dy5yYWt1dGVuLm5lLmpwL2dvbGQvZS1hbmdlbC9hc3AvMV9yZWFsL3NpZ25ib2FyZF9pbWcucG5nIiB3aWR0aD0iNTMwcHgiPjxici8+CjxkaXYgc3R5bGU9IndpZHRoOjUzMHB4OyBoZWlnaHQ6MjgwcHg7IG92ZXJmbG93OmhpZGRlbjsiPgoKPC9kaXY+CjwvZGl2Pgo8IS0tIOOBk+OBk+OBvuOBpyDjg6rjgqLlj5cgLS0+Cgo8IS0tIOOBk+OBk+OBi+OCiSDjg6rjgqLjgrPjg6EgLS0+CjxkaXYgc3R5bGU9IndpZHRoOjUzMHB4OyBtYXJnaW46MDsiPgo8aW1nIHNyYz0iaHR0cDovL3d3dy5yYWt1dGVuLm5lLmpwL2dvbGQvZS1hbmdlbC9hc3AvMV9yZWFsY28vc2lnbmJvYXJkX2ltZy5wbmciIHdpZHRoPSI1MzBweCI+PGJyLz4KPGRpdiBzdHlsZT0id2lkdGg6NTMwcHg7IGhlaWdodDozMjBweDsgb3ZlcmZsb3c6aGlkZGVuOyI+Cgo8L2Rpdj4KPC9kaXY+CjwhLS0g44GT44GT44G+44GnIOODquOCouOCs+ODoSAtLT4=,44CQ5ZCN5YWl44KM5bCC6ZaA44CR44CQ5ZCN5YWl44KMIOODl+ODrOOCvOODs+ODiOOAkSAz5p6a44K744OD44OILeOCueOCv+ODg+OCuuS7mOearuOBsuOCguODjeODg+OCr+ODrOOCue+8muWQjeWFpeOCjOOCruODleODiOWwgumWgCDjgqjjg7Pjgrjjgqfjg6rjg4Pjgq8=,5ZCN5YWl44KM44OX44Os44K844Oz44OI44Kq44Oq44K444OK44Or44Ku44OV44OI44GK6YWS6KiY5b+15pel6KqV55Sf5pel5Ye655Sj56Wd44GE44Ks44Op44K544Kv44Oq44K544Oe44K544GK56Wd44GE44OW44Op44Kk44OA44Or44OW44Op44Oz44OJ5pC65biv44K544OI44Op44OD44OX44Ki44Kv44K744K144Oq44O844K344Or44OQ44O844Ki44Kv44K744K144Oq44O844ON44OD44Kv44Os44K544Kt44O844Ob44Or44OA44O86LKh5biD5ZCN5Yi65YWl44KM44K444OD44Od44CQ5ZCN5YWl44KM5bCC6ZaA44CR44CQ5ZCN5YWl44KMIOODl+ODrOOCvOODs+ODiOOAkSAz5p6a44K744OD44OILeOCueOCv+ODg+OCuuS7mOearuOBsuOCguODjeODg+OCr+ODrOOCuQ==,44CQ44Ku44OV44OI44O744GK56Wd44GE44O76KqV55Sf5pel44O744Kv44Oq44K544Oe44K544O744OW44Op44Kk44OA44Or44CR44CC44CQ5ZCN5YWl44KM5bCC6ZaA44CR44CQ5ZCN5YWl44KMIOODl+ODrOOCvOODs+ODiOOAkSAz5p6a44K744OD44OILeOCueOCv+ODg+OCuuS7mOearuOBsuOCguODjeODg+OCr+ODrOOCuQ==[rn]
39-1065,aHR0cDovL3RzaG9wLnIxMHMuanAvZS1hbmdlbC9jYWJpbmV0LzAxMTM0MTIwL2ltZzU2MjQxNjAyLmpwZz9maXRpbj03MDA6NzAw,NDIzMy42MDAw,,44K444Ol44Ko44Oq44O844O744Ki44Kv44K744K144Oq44O8ID4g44Os44OH44Kj44O844K544K444Ol44Ko44Oq44O844O744Ki44Kv44K744K144Oq44O8ID4g44ON44OD44Kv44Os44K544OB44Kn44O844Oz,44CQ5ZCN5YWl44KM5bCC6ZaA44CR44CQ5ZCN5YWl44KMIOODl+ODrOOCvOODs+ODiOOAkSDjgrXjg7zjgq/jg6tX44OE44Kk44Oz44OX44Os44O844OI44Oa44Oz44OA44Oz44OI,44CQ44Ku44OV44OI44O744GK56Wd44GE44O76KqV55Sf5pel44O744Kv44Oq44K544Oe44K544O744OW44Op44Kk44OA44Or44CR,PHN0eWxlIHR5cGU9InRleHQvY3NzIj4KPCEtLQoudGl0bGUxIHsKdGV4dC1hbGlnbjogbGVmdDsKcGFkZGluZy1sZWZ0OiAycHg7Cm1hcmdpbjogMHB4IDBweCAyMHB4IDBweDsKYm9yZGVyLWxlZnQ6IDZweCBzb2xpZCAjMzlmOwpib3JkZXItYm90dG9tOiAxcHggc29saWQgIzM5ZjsKfQoKLnRpdGxlMSBoMiB7CmZvbnQtc2l6ZTogMTdweDsKZm9udC13ZWlnaHQ6IGJvbGQ7CmxldHRlci1zcGFjaW5nOiAxcHg7CmxpbmUtaGVpZ2h0OiAxLjI7CnBhZGRpbmc6IDFweCA1cHg7Cm1hcmdpbjogMHB4IDBweCAwcHggMHB4Owpib3JkZXItbGVmdDogM3B4IHNvbGlkICMzNmY7Cn0KCi5zYW1wbGVfdGV4dDEgewpmb250LXNpemU6IDE3cHg7CmZvbnQtd2VpZ2h0OiBib2xkOwpsaW5lLWhlaWdodDogMS4yOwpwYWRkaW5nOiA5cHggMHB4OwptYXJnaW46IDBweDsKfQoKLmNodW1fdGV4dDIgewpmb250LXNpemU6IDE3cHg7CmZvbnQtd2VpZ2h0OiBib2xkOwpsaW5lLWhlaWdodDogMS40Owp0ZXh0LWFsaWduOiBsZWZ0OwpwYWRkaW5nOiA4cHggMHB4IDBweCAwcHg7Cm1hcmdpbjogMHB4Owp9CgouY2h1bV90ZXh0MiBzcGFuIHtjb2xvcjogI0MwMDt9Cgoua291bW9rdTIgewpjb2xvcjogI0ZGRjsKZm9udC1zaXplOiAxM3B4OwpsaW5lLWhlaWdodDogMS4yOwp0ZXh0LWFsaWduOiBjZW50ZXI7Cm1hcmdpbjogMjBweCAwcHggMHB4IDBweDsKcGFkZGluZzogNHB4IDEwcHg7CmJhY2tncm91bmQtY29sb3I6I0MwMDsKfQoKLmtvdW1va3UyIHNwYW4gewpmb250LXNpemU6IDE3cHg7CmZvbnQtd2VpZ2h0OiBib2xkOwp9CgouaG93dG8gewp3aWR0aDogMTAwJTsKaGVpZ2h0OiA3NzBweDsKdGV4dC1hbGlnbjogY2VudGVyOwptYXJnaW46IDVweCAwcHggMHB4IDBweDsKYmFja2dyb3VuZC1jb2xvcjogI0ZGRjsKb3ZlcmZsb3c6IGF1dG87CmJvcmRlcjogMXB4IHNvbGlkICM5OTk7CmJhY2tncm91bmQtY29sb3I6ICNGREQ7Cn0KCi5ob3d0byBwIHsKZm9udC1zaXplOiAxNXB4Owpmb250LXdlaWdodDogYm9sZDsKbGluZS1oZWlnaHQ6IDEuMjsKdGV4dC1hbGlnbjogY2VudGVyOwptYXJnaW46IDBweDsKcGFkZGluZzogOXB4IDBweDsKfQoKLmNodW1vbl9ib3JkIHsKYm9yZGVyOiAzcHggZG91YmxlICMzNjk7Cn0KCi5jaHVtb25fdGl0bGUgewpjb2xvcjogI0ZGRjsKZm9udC1zaXplOiAxN3B4Owpmb250LXdlaWdodDogYm9sZDsKdGV4dC1hbGlnbjogY2VudGVyOwpsaW5lLWhlaWdodDogMS4yOwpsZXR0ZXItc3BhY2luZzogMXB4OwpwYWRkaW5nOiA0cHggMHB4OwptYXJnaW46IDBweDsKYmFja2dyb3VuZC1jb2xvcjogIzM2OTsKfQoKLmNodW1vbl9ib3ggewpvdmVyZmxvdzogYXV0bzsKaGVpZ2h0OiA0NjBweDsKfQoKLmNodW1vbl90ZXh0MSB7CmNvbG9yOiAjMzY5Owpmb250LXNpemU6IDE3cHg7CmZvbnQtd2VpZ2h0OiBib2xkOwpsaW5lLWhlaWdodDogMS40OwpwYWRkaW5nOiAwcHggMHB4IDBweCAyMHB4OwptYXJnaW46IDhweCAxMHB4IDBweCAxMHB4OwpiYWNrZ3JvdW5kLWltYWdlOiB1cmwoImh0dHA6Ly93d3cucmFrdXRlbi5uZS5qcC9nb2xkL2UtYW5nZWwvaW1nX2NhcnQvZXh0L2NoZWNrbWFya18wMS5naWYiKTsKYmFja2dyb3VuZC1wb3NpdGlvbjogMHB4IDVweDsKYmFja2dyb3VuZC1yZXBlYXQ6IG5vLXJlcGVhdDsKfQoKLmtha3VuaW5fdGV4dDIgewpmb250LXNpemU6IDE1cHg7CmxpbmUtaGVpZ2h0OiAxLjQ7CnBhZGRpbmc6IDBweCAwcHggMHB4IDIwcHg7Cm1hcmdpbjogMHB4IDEwcHggMHB4IDEwcHg7Cn0KCi5jaHVtb25fdGV4dDMgewpmb250LXNpemU6IDE1cHg7CmZvbnQtd2VpZ2h0OiBib2xkOwpsaW5lLWhlaWdodDogMS40OwpwYWRkaW5nOiAwcHggMHB4IDhweCAyMHB4OwptYXJnaW46IDBweCAxMHB4IDBweCAxMHB4Owpib3JkZXItYm90dG9tOiAxcHggc29saWQgI0JCQjsKfQoKLmtha3VuaW5fdGV4dDIgYiB7Y29sb3I6I0MwMDtmb250LXdlaWdodDpib2xkO30KLmtha3VuaW5fdGV4dDIgc3BhbiB7Y29sb3I6IzM2OTt9Ci5jaHVtb25fdGV4dDMgYiB7Y29sb3I6I0MwMDtmb250LXdlaWdodDpib2xkO30KLmNodW1vbl90ZXh0MyBzcGFuIHtjb2xvcjojMzY5O30KCi5ub3NoaV9saW5rIHsKZm9udC1zaXplOiAxN3B4Owpmb250LXdlaWdodDogYm9sZDsKbGluZS1oZWlnaHQ6IDEuNDsKcGFkZGluZzogMHB4IDBweCA4cHggMjBweDsKbWFyZ2luOiA1cHggMTBweCAwcHggMTBweDsKYm9yZGVyLWJvdHRvbTogMXB4IHNvbGlkICNCQkI7Cn0KCi5ub3NoaV9saW5rIHt9Ci5ub3NoaV9saW5rIGltZyB7dmVydGljYWwtYWxpZ246IGJvdHRvbTt9CgotLT4KPC9zdHlsZT4KPGRpdiBjbGFzcz0idGl0bGUxIj4KICA8aDI+44CQ5ZCN5YWl44KMIOODl+ODrOOCvOODs+ODiOOAkTwvaDI+PC9kaXY+Cgo8cD48aW1nIHNyYz0iaHR0cDovL2ltYWdlLnJha3V0ZW4uY28uanAvZS1hbmdlbC9jYWJpbmV0LzAxMTM0MTIwL2ltZzU1MzM0NDY4LmpwZyIgd2lkdGg9IjUxMyIgaGVpZ2h0PSIxMTQiIC8+PC9wPgoy5p6a44GM6YeN44Gq44Gj44Gf44GK5rSS6JC944GqV+ODl+ODrOODvOODiOODmuODs+ODgOODs+ODiOOAguaXpeOBq+OCiOOBo+OBpuS4iuOBq+OBj+OCi+mdouOCkuWkieOBiOOBpuOCgualveOBl+OBneOBhiHjgrfjg6vjg5Djg7zjg7vjgrTjg7zjg6vjg4njgrPjg7Pjg5Pjga/jgYrjgZnjgZnjgoHjgafjgZnvvIEx5p6a44Gl44Gk5paH5a2X44Gu5YaF5a6544Gv6L+U44KJ44KM44G+44GZPGJyIC8+CjxiciAvPgrilqDjg5fjg6zjg7zjg4jjgrXjgqTjgrrvvJrlpJblr7jnm7TlvoQzMG1t44CA5YaF5a+455u05b6EMjNtbeOAgOWOmuOBvzEuM21tPGJyIC8+CuKWoOODl+ODrOODvOODiOe0oOadkO+8muecn+mNrjxiciAvPgrilqDjgqvjg6njg7zvvJrjgrfjg6vjg5Djg7zjg7vjgrTjg7zjg6vjg4njgIDntYTlkIjjgo/jgZvoh6rnlLE8YnIgLz4K4pag44OB44Kn44O844Oz77ya44Oc44O844Or44OB44Kn44O844Oz77yI6ZW344GV6Kq/5pW05Y+v6IO977yJPGJyIC8+CuKWoOaWh+Wtl+WPr+iDve+8mjLmnprjgajjgoLlj6/og708YnIgLz4K4pag5paH5a2X5L2T77ya44OW44Ot44OD44Kv5L2T44CA5aSn5paH5a2X6ZmQ5a6a77yI5LiK6KiY5paH5a2X5L2T44GM5LiA55Wq57a66bqX44Gq5LuV5LiK44GM44KK44Gr44Gq44KL44Gf44KB5paH5a2X5L2T44KS5oyH5a6a44GX44Gm44GK44KK44G+44GZ77yJPGJyIC8+CuKWoOaWh+Wtl+aVsOOAgOeJh+mdojIw5paH5a2X5Lul5YaF44GM55CG5oOz44Gn44GZPGJyIC8+CjxiciAvPgrigLvllYblk4Hjga7mgKfos6rkuIrjgIHjgqrjg5fjgrfjg6fjg7Pjga7jg5Djg7zjgrnjg4fjgqPjgrnjg4jjg7zjg7PjgpLov73liqDjgZnjgovjgZPjgajjga/lh7rmnaXjgb7jgZvjgpPjgII8YnIgLz4KCgoKCjLmnprjgYzph43jgarjgaPjgZ/jgYrmtJLokL3jgapX44OX44Os44O844OI44Oa44Oz44OA44Oz44OI44CC5pel44Gr44KI44Gj44Gm5LiK44Gr44GP44KL6Z2i44KS5aSJ44GI44Gm44KC5qW944GX44Gd44GGIeOCt+ODq+ODkOODvOODu+OCtOODvOODq+ODieOCs+ODs+ODk+OBr+OBiuOBmeOBmeOCgeOBp+OBme+8gTHmnprjgaXjgaTmloflrZfjga7lhoXlrrnjga/ov5Tjgonjgozjgb7jgZk8YnIgLz4KPGJyIC8+CuKWoOODl+ODrOODvOODiOOCteOCpOOCuu+8muWkluWvuOebtOW+hDMwbW3jgIDlhoXlr7jnm7TlvoQyM21t44CA5Y6a44G/MS4zbW08YnIgLz4K4pag44OX44Os44O844OI57Sg5p2Q77ya55yf6Y2uPGJyIC8+CuKWoOOCq+ODqeODvO+8muOCt+ODq+ODkOODvOODu+OCtOODvOODq+ODieOAgOe1hOWQiOOCj+OBm+iHqueUsTxiciAvPgrilqDjg4Hjgqfjg7zjg7PvvJrjg5zjg7zjg6vjg4Hjgqfjg7zjg7PvvIjplbfjgZXoqr/mlbTlj6/og73vvIk8YnIgLz4K4pag5paH5a2X5Y+v6IO977yaMuaemuOBqOOCguWPr+iDvTxiciAvPgrilqDmloflrZfkvZPvvJrjg5bjg63jg4Pjgq/kvZPjgIDlpKfmloflrZfpmZDlrprvvIjkuIroqJjmloflrZfkvZPjgYzkuIDnlarntrrpupfjgarku5XkuIrjgYzjgorjgavjgarjgovjgZ/jgoHmloflrZfkvZPjgpLmjIflrprjgZfjgabjgYrjgorjgb7jgZnvvIk8YnIgLz4K4pag5paH5a2X5pWw44CA54mH6Z2iMjDmloflrZfku6XlhoXjgYznkIbmg7PjgafjgZk8YnIgLz4KPGJyIC8+CuKAu+WVhuWTgeOBruaAp+izquS4iuOAgeOCquODl+OCt+ODp+ODs+OBruODkOODvOOCueODh+OCo+OCueODiOODvOODs+OCkui/veWKoOOBmeOCi+OBk+OBqOOBr+WHuuadpeOBvuOBm+OCk+OAgjxiciAvPjxiciAvPjxiciAvPjxicj4KPGJyPgrjgJDntI3lk4Hmm7jjg7vmmI7ntLDmm7jjgavjgaTjgYTjgabjgJE8YnI+CuODmuODvOODkeODvOODrOOCueWMluOAgeWAi+S6uuaDheWgseOBruS/neitt+OAguOBk+OCjOOBi+OCieOBruims+eCueOBq+OCiOOCiuW9k+W6l+OBp+OBr+e0jeWTgeabuOODu+aYjue0sOabuOOBrzIwMTXlubQ25pyIMeaXpeOCiOOCiuOAgeS4gOWIh+WQjOaiseOBhOOBn+OBl+OBvuOBm+OCk+OAguS6iOOCgeOBlOS6huaJv+S4i+OBleOBhOOAgjxicj4K77yI4oC7MjAxNeW5tDXmnIgzMeaXpeOBvuOBp+OBruOBlOazqOaWh+WIhuOBvuOBp+OBr+OAgeS7iuOBvuOBp+mAmuOCiuWQjOWwgeOBhOOBn+OBl+OBvuOBme+8iTxicj4K44GU5YWl55So44Gn44GC44KM44Gw5ZCM5qKx44KC44GX44GP44Gv6YO16YCB44GV44Gb44Gm6aCC44GN44G+44GZ44Gu44Gn44CB44GU5rOo5paH44Gu6Zqb44CB5YKZ6ICD5qyE44GM44GU44GW44GE44G+44GZ44Gu44Gn44CQ57SN5ZOB5pu45biM5pyb44CR44Go44GU6KiY5YWl44GP44Gg44GV44GE44CCCuKAu+OBlOW4jOacm+OBruOBiuWuouanmOOBr+OBneOBruS7luOBlOimgeacm+ashOOBq+OBlOiomOWFpeOBj+OBoOOBleOBhOOBvuOBm+OAguOBvuOBn1BERuOBp+OBrumAgeS7mOOCguWPr+iDveOBp+OBmSA8YnI+Cjxicj4K4peP44Kq44Oq44K444OK44Or5ZWG5ZOB44Gr44Gk44GN5b6h5rOo5paH5pmC44Gr6KiY5YWl44Gu44GK6Zu76Kmx55Wq5Y+344Gv44Gk44Gq44GM44KK44KE44GZ44GE55Wq5Y+344KS44GU6KiY5YWl44GK6aGY44GE44GE44Gf44GX44G+44GZPGJyPgrlhaXlrabnpZ3jgIDmmIfpgLLnpZ3jgIDlsLHogbfnpZ3jgYTjgIDoqpXnlJ/ml6XjgIDotIjjgornianjgIDlvavjgornianjgIDpo5/lmajjgIDjg5fjg6zjgrzjg7Pjg4jjgIDjgq7jg5Xjg4jjgIDoqpXnlJ/npZ3jgYTjgIDjgYroqpXnlJ/ml6XjgIDoqpXnlJ/npZ3jgYTjgIDpgIDogbfnpZ3jgYTjgIDoqJjlv7Xlk4HjgIDjgqTjg5njg7Pjg4jlk4HjgIDlh7rnlKPnpZ3jgYTjgIDlhoXnpZ3jgYTjgIDntZDlqZrnpZ3jgYTjgIBXZWRkaW5nLOWQjeWFpeOCjOOAgOOCruODleODiOW9q+WIu+OAgOWwseiBt+elneOBhOOAgOaEn+isneOAgOODkOODvOOCueODh+ODvOOAgOW+oeekvOOAgOaYh+mAsuelneOBhOOAgOaghOi7ouelneOBhOOAgOWFpeWtpuelneOBhOOAgOWNkualreelneOBhOOAgOaIkOS6uuelneOBhOOAgOWRveWQjeOAgOmWi+W6l+elneOBhOOAgOW/q+awl+elneOBhOOAgOaWsOevieelneOBhOOAgOW8lei2iuelneOBhOOAgOW8leOBjeWHuueJqeOAgOODqeODmeODq+OAgOi0iOetlOeUqOOAgOOBiuats+aaruOAgOOBiuS4reWFg+OAgOWGoOWpmuiRrOelreOAgOWIu+WNsOOAgOW9q+WIu+OAgOWQjeWJjeOAgOOCquODvOODgOODvOODoeOCpOODieOAgOODoeODg+OCu+ODvOOCuOOAgOOBiuOBl+OCg+OCjOOAgOOBi+OCj+OBhOOBhOOAgOODreOCtOOAgOOCpOODi+OCt+ODo+ODq+OAgOOCquODquOCuOODiuODq+OAgCDniLbjga7ml6XjgIDmr43jga7ml6XjgIDjgZPjganjgoLjga7ml6XjgIDmlazogIHjga7ml6XjgIDjgq/jg6rjgrnjg57jgrnjgIDjg5Djg6zjg7Pjgr/jgqTjg7PjgIDjg5vjg6/jgqTjg4jjg4fjg7w8dGFibGUgd2lkdGg9IjYwMyIgYm9yZGVyPSIwIiBjZWxsc3BhY2luZz0iMCIgY2VsbHBhZGRpbmc9IjIiPiAKICA8dHIgYWxpZ249ImNlbnRlciI+IAogICAgPHRkIGNvbHNwYW49IjMiPjxpbWcgc3JjPSJodHRwOi8vd3d3LnJha3V0ZW4ubmUuanAvZ29sZC9lLWFuZ2VsL2ltZy9rYW5hbW9ub3RpdGxlLmpwZyIgd2lkdGg9IjUwMCIgaGVpZ2h0PSIxMDAiPjwvdGQ+IAogIDwvdHI+ICAKICA8dHIgYWxpZ249ImNlbnRlciI+IAogICAgPHRkIGNvbHNwYW49IjMiPjx0YWJsZSBib3JkZXI9IjAiIGNlbGxzcGFjaW5nPSIwIiBjZWxscGFkZGluZz0iMCI+IAogICAgICAgIDx0cj4gCiAgICAgICAgICA8dGQgaGVpZ2h0PSI1IiB2YWxpZ249InRvcCI+PGltZyBzcmM9Imh0dHA6Ly93d3cucmFrdXRlbi5uZS5qcC9nb2xkL2UtYW5nZWwvaW1nL3RkMl90b3AuZ2lmIiB3aWR0aD0iNjAwIiBoZWlnaHQ9IjUiPjwvdGQ+IAogICAgICAgIDwvdHI+IAogICAgICAgIDx0cj4gCiAgICAgICAgICA8dGQgYmdjb2xvcj0iI0JEOTI3MyI+PHRhYmxlIHdpZHRoPSI1OTAiIGJvcmRlcj0iMCIgYWxpZ249ImNlbnRlciIgY2VsbHBhZGRpbmc9IjUiIGNlbGxzcGFjaW5nPSIwIj4gCiAgICAgICAgICAgICAgPHRyPiAKICAgICAgICAgICAgICAgIDx0ZCB3aWR0aD0iNTQ0Ij48Zm9udCBjb2xvcj0iI0ZGRkZGRiIgc2l6ZT0iLTEiPjxzdHJvbmc+5ZCN5b2r44KK5Y+v6IO95ZWG5ZOBPC9zdHJvbmc+PC9mb250PjwvdGQ+IAogICAgICAgICAgICAgIDwvdHI+IAogICAgICAgICAgICAgIDx0cj4gCiAgICAgICAgICAgICAgICA8dGQ+PGZvbnQgY29sb3I9IiM2NjY2NjYiIHNpemU9Ii0xIj48Zm9udCBjb2xvcj0iI0ZGRkZGRiI+44CQ5paH5a2X5b2r44KK44CRPC9mb250PjwvZm9udD48L3RkPiAKICAgICAgICAgICAgICA8L3RyPiAKICAgICAgICAgICAgICA8dHI+IAogICAgICAgICAgICAgICAgPHRkIGJnY29sb3I9IiNGRkZGRkYiPjxmb250IGNvbG9yPSIjNjY2NjY2IiBzaXplPSItMSI+44CAIOOAgCDmloflrZfkvZPjgrXjg7Pjg5fjg6vjgojjgormm7jkvZPjgpLmsbrjgoHjgIHms6jmlofmmYLjgavpgbjmip7jgZfjgabjgY/jgaDjgZXjgYTjgII8L2ZvbnQ+PC90ZD4gCiAgICAgICAgICAgICAgPC90cj4gCiAgICAgICAgICAgICAgPHRyPiAKICAgICAgICAgICAgICAgIDx0ZD48Zm9udCBjb2xvcj0iIzY2NjY2NiIgc2l6ZT0iLTEiPjxmb250IGNvbG9yPSIjRkZGRkZGIj7jgJDjg4fjgrbjgqTjg7PlvavjgorjgJE8L2ZvbnQ+PC9mb250PjwvdGQ+IAogICAgICAgICAgICAgIDwvdHI+IAogICAgICAgICAgICAgIDx0cj4gCiAgICAgICAgICAgICAgICA8dGQgYmdjb2xvcj0iI0ZGRkZGRiI+PGZvbnQgY29sb3I9IiM2NjY2NjYiIHNpemU9Ii0xIj7jgIAg44CAIOODh+OCtuOCpOODs+OCteODs+ODl+ODq+OCiOOCiuODh+OCtuOCpOODs+OCkuaxuuOCgeOAgeazqOaWh+aZguOBruWCmeiAg+ashOOBq+ODh+OCtuOCpOODs+WQjeOCkuiomOi8ieOBl+OBpuOBj+OBoOOBleOBhOOAgjxicj4gCiAgICAgICAgICAgICAgICAgIOOAgCDjgIAg4oC744Gd44Gu6Zqb44CB44GK5omL5pWw44Gn44GZ44GM44Ks44Op44K544GL6YeR5bGe44GL44KC6YG45oqe44GX44Gm44GP44Gg44GV44GE44CCPC9mb250PjwvdGQ+IAogICAgICAgICAgICAgIDwvdHI+IAogICAgICAgICAgICAgIDx0cj4gCiAgICAgICAgICAgICAgICA8dGQ+PGZvbnQgY29sb3I9IiM2NjY2NjYiIHNpemU9Ii0xIj48Zm9udCBjb2xvcj0iI0ZGRkZGRiI+44CQ44Oh44OD44K744O844K444CRPC9mb250PjwvZm9udD48L3RkPiAKICAgICAgICAgICAgICA8L3RyPiAKICAgICAgICAgICAgICA8dHI+IAogICAgICAgICAgICAgICAgPHRkIGJnY29sb3I9IiNGRkZGRkYiPjxmb250IGNvbG9yPSIjNjY2NjY2IiBzaXplPSItMSI+44CAIOOAgCDlvavjgovlhoXlrrnjgpLms6jmlofmmYLjgavlgpnogIPmrITjgavjgaboqJjovInjgZfjgabjgY/jgaDjgZXjgYTjgII8YnI+IAogICAgICAgICAgICAgICAgICDjgIAg44CAIOihjOaVsOOCkuaMh+WumuOBleOCjOOCi+WgtOWQiOOBr+OBneOBruaXqOOCguOBlOiomOWFpeOBj+OBoOOBleOBhOOAgjwvZm9udD48L3RkPiAKICAgICAgICAgICAgICA8L3RyPiAKICAgICAgICAgICAgPC90YWJsZT48L3RkPiAKICAgICAgICA8L3RyPiAKICAgICAgICA8dHI+IAogICAgICAgICAgPHRkIGhlaWdodD0iNSIgdmFsaWduPSJtaWRkbGUiPjxpbWcgc3JjPSJodHRwOi8vd3d3LnJha3V0ZW4ubmUuanAvZ29sZC9lLWFuZ2VsL2ltZy90ZDJfYm90dG9uLmdpZiIgd2lkdGg9IjYwMCIgaGVpZ2h0PSI1Ij48L3RkPiAKICAgICAgICA8L3RyPiAKICAgICAgPC90YWJsZT48L3RkPiAKICA8L3RyPiAKICA8dHI+IAogICAgPHRkIHdpZHRoPSIxOTciIGFsaWduPSJjZW50ZXIiPjxpbWcgc3JjPSJodHRwOi8vd3d3LnJha3V0ZW4ubmUuanAvZ29sZC9lLWFuZ2VsL2ltZy9zYW1wbGVfMDUuanBnIiB3aWR0aD0iMTUwIiBoZWlnaHQ9IjUwIiBib3JkZXI9IjAiPjwvdGQ+IAogICAgPHRkIHdpZHRoPSIxOTciIGFsaWduPSJjZW50ZXIiPjxpbWcgc3JjPSJodHRwOi8vd3d3LnJha3V0ZW4ubmUuanAvZ29sZC9lLWFuZ2VsL2ltZy9zYW1wbGVfMDMuanBnIiB3aWR0aD0iMTUwIiBoZWlnaHQ9IjUwIiBib3JkZXI9IjAiPjwvdGQ+IAogICAgPHRkIHdpZHRoPSIxOTciIGFsaWduPSJjZW50ZXIiPjxpbWcgc3JjPSJodHRwOi8vd3d3LnJha3V0ZW4ubmUuanAvZ29sZC9lLWFuZ2VsL2ltZy9zYW1wbGVfMDEuanBnIiB3aWR0aD0iMTUwIiBoZWlnaHQ9IjUwIiBib3JkZXI9IjAiPjwvdGQ+IAogIDwvdHI+IAo8L3RhYmxlPg==,44CQ5ZCN5YWl44KM5bCC6ZaA44CR44CQ5ZCN5YWl44KMIOODl+ODrOOCvOODs+ODiOOAkSDjgrXjg7zjgq/jg6tX44OE44Kk44Oz44OX44Os44O844OI44Oa44Oz44OA44Oz44OI77ya5ZCN5YWl44KM44Ku44OV44OI5bCC6ZaAIOOCqOODs+OCuOOCp+ODquODg+OCrw==,5ZCN5YWl44KM44OX44Os44K844Oz44OI44Kq44Oq44K444OK44Or44Ku44OV44OI44GK6YWS6KiY5b+15pel6KqV55Sf5pel5Ye655Sj56Wd44GE44Ks44Op44K544Kv44Oq44K544Oe44K544GK56Wd44GE44OW44Op44Kk44OA44Or44OW44Op44Oz44OJ5pC65biv44K544OI44Op44OD44OX44Ki44Kv44K744K144Oq44O844K344Or44OQ44O844Ki44Kv44K744K144Oq44O844ON44OD44Kv44Os44K544Kt44O844Ob44Or44OA44O86LKh5biD5ZCN5Yi65YWl44KM44K444OD44Od44CQ5ZCN5YWl44KM5bCC6ZaA44CR44CQ5ZCN5YWl44KMIOODl+ODrOOCvOODs+ODiOOAkSDjgrXjg7zjgq/jg6tX44OE44Kk44Oz44OX44Os44O844OI44Oa44Oz44OA44Oz44OI,44CQ44Ku44OV44OI44O744GK56Wd44GE44O76KqV55Sf5pel44O744Kv44Oq44K544Oe44K544O744OW44Op44Kk44OA44Or44CR44CC44CQ5ZCN5YWl44KM5bCC6ZaA44CR44CQ5ZCN5YWl44KMIOODl+ODrOOCvOODs+ODiOOAkSDjgrXjg7zjgq/jg6tX44OE44Kk44Oz44OX44Os44O844OI44Oa44Oz44OA44Oz44OI[rn]
39-1066,aHR0cDovL3RzaG9wLnIxMHMuanAva2lsaW1zL2NhYmluZXQvMDZhYy9hY3M0MGYuanBnP2ZpdGluPTcwMDo3MDA=,ODAwLjAwMDA=,,44K444Ol44Ko44Oq44O844O744Ki44Kv44K744K144Oq44O8ID4g44Os44OH44Kj44O844K544K444Ol44Ko44Oq44O844O744Ki44Kv44K744K144Oq44O8ID4g44ON44OD44Kv44Os44K544OB44Kn44O844Oz,44K344Or44OQ44O8OTI144ON44OD44Kv44Os44K544OB44Kn44O844OzNDBjbeOAkOODrOOCv+ODvOODkeODg+OCr+WPr+OAkeODleOCo+OCrOODreODgeOCp+ODvOODszEuNW1t,,PGRpdiBhbGlnbj1jZW50ZXI+PGltZyBzcmM9aHR0cDovL2ltYWdlLnJha3V0ZW4uY28uanAva2lsaW1zL2NhYmluZXQvMDZhYy9hY3M0MGYuanBnIHdpZHRoPSI1ODAiPjxicj48dGFibGUgd2lkdGg9OTglIGNlbGxzcGFjaW5nPTQ+PHRyPjx0ZD48dGFibGUgY2xhc3M9c2l6ZT48dHIgY2xhc3M9c2l6ZUc+PHRkIGNsYXNzPXNpemVHPuOCteOCpOOCujwvdGQ+PC90cj48dHI+PHRkPumVt+OBleOAgDQwY20v44OB44Kn44O844Oz44Gu5aSq44GVMsOXMW1tPC90ZD48L3RyPjx0cj48dGQgIGNsYXNzPXNpemVHPuadkOOAgOizqjwvdGQ+PC90cj48dHI+PHRkPuOCt+ODq+ODkOODvO+8me+8ku+8le+8iOOCueOCv+ODvOODquODs+OCsOOCt+ODq+ODkOODvO+8iTwvdGQ+PC90cj48L3RhYmxlPjxwIGNsYXNzPXAxMT7lpKfjgY3jgZXjga7pgZXjgYbllpzlubPjgr/jgqTjg5fjga7jg5Hjg7zjg4TjgYzntYTjgb/lkIjjgo/jgZXjgozjgabjgYTjgb7jgZnjgILjgq3jg6njgq3jg6nlhYnjgovoj6/jgoTjgYvjgarjg4Hjgqfjg7zjg7PjgafjgZnjgII8YnI+PGJyPjxicj48YnI+PC9wPjwvdGQ+PHRkPjxpbWcgc3JjPWh0dHA6Ly9pbWFnZS5yYWt1dGVuLmNvLmpwL2tpbGltcy9jYWJpbmV0LzA2YWMvYWNzNDBmaW1nLmpwZyB3aWR0aD0yODA+PC90ZD48L3RyPjwvdGFibGU+PC9kaXY+PGRpdiBhbGlnbj1jZW50ZXI+CgoKPGltZyBzcmM9Imh0dHBzOi8vaW1hZ2UucmFrdXRlbi5jby5qcC9raWxpbXMvY2FiaW5ldC96LzIwMTdrdXJhdG9wNzUwLmpwZyIgYm9yZGVyPSIwIiB3aWR0aD0iNTgwIiBhbHQ9IuiUteWHuuOBl+W4giI+Cjxicj48YnI+CgoKCgo8aW1nIHNyYz0iaHR0cDovL2ltYWdlLnJha3V0ZW4uY28uanAva2lsaW1zL2NhYmluZXQvdG9wLzIwMTdtYWluMzAuanBnIiBib3JkZXI9IjAiIHdpZHRoPSI1ODAiIGFsdD0i44K544O844OR44O8REVBTOacgOWkpzMwJeODneOCpOODs+ODiOODkOODg+OCryI+Cjxicj48YnI+CgoKCgo8IS0tCgo8aW1nIHNyYz0iaHR0cDovL3d3dy5yYWt1dGVuLm5lLmpwL2dvbGQva2lsaW1zL3htYXMvYXNzZXRzL2ltZy9wb3J0Zm9saW8vbGFtcGJuMDEuanBnIiB3aWR0aD0iNTgwIiBhbHQ9IjIwMTbjgIDjg6njg7Pjg5fnibnpm4YiPgo8YnI+PGJyPgotLT4KCgoKCjwhLS3jgqjjg7Pjg4jjg6rjg7wx5YCLCjx0YWJsZSBjZWxsc3BhY2luZz0wIGJvcmRlcj0wIGNlbGxwYWRkaW5nPTggd2lkdGg9NTgwIGFsaWduPSJjZW50ZXIiPgo8dHI+Cjx0ZCBiYWNrZ3JvdW5kPWh0dHA6Ly9pbWFnZS5yYWt1dGVuLmNvLmpwL2tpbGltcy9jYWJpbmV0L3RvcC9lbnRyeTIwMTYtMXZlci5qcGcgd2lkdGg9MTAwIGhlaWdodD02OT4mbmJzcDs8L3RkPjx0ZCBiZ2NvbG9yPTQwMjUwQj4=,44K344Or44OQ44O8OTI144ON44OD44Kv44Os44K544OB44Kn44O844OzNDBjbeOAkOODrOOCv+ODvOODkeODg+OCr+WPr+OAkeODleOCo+OCrOODreODgeOCp+ODvOODszEuNW1t77ya44Ks44Op44K/44OQ44K244O844Or77yI44Kt44Oq44Og77yG6ZuR6LKo77yJ,44Kt44Oq44Og44Kt44Oq44Og44OQ44OD44Kw44Kt44Oq44Og44Kv44OD44K344On44Oz44OI44Or44Kz44K/44Kk44Or44OI44Or44Kz6Zm25Zmo44Kk44Op44Oz44Kt44Oq44Og44Ku44Oj44OD44OZ44Kr44Os44Oz44K344Or44OQ44O844K344Or44OQ44O8OTI144ON44OD44Kv44Os44K544OB44Kn44O844OzNDBjbeOAkOODrOOCv+ODvOODkeODg+OCr+WPr+OAkeODleOCo+OCrOODreODgeOCp+ODvOODszEuNW1t,44K344Or44OQ44O8OTI144ON44OD44Kv44Os44K544OB44Kn44O844OzNDBjbeOAkOODrOOCv+ODvOODkeODg+OCr+WPr+OAkeODleOCo+OCrOODreODgeOCp+ODvOODszEuNW1t[rn]
39-1067,aHR0cDovL3RzaG9wLnIxMHMuanAva2lsaW1zL2NhYmluZXQvMDZhYy9hY3M0MGd4LmpwZz9maXRpbj03MDA6NzAw,ODAwLjAwMDA=,,44K444Ol44Ko44Oq44O844O744Ki44Kv44K744K144Oq44O8ID4g44Os44OH44Kj44O844K544K444Ol44Ko44Oq44O844O744Ki44Kv44K744K144Oq44O8ID4g44ON44OD44Kv44Os44K544OB44Kn44O844Oz,44K344Or44OQ44O8OTI144ON44OD44Kv44Os44K544OB44Kn44O844OzNDBjbeOAkOODrOOCv+ODvOODkeODg+OCr+WPr+OAkeODreODvOODl+ODgeOCp+ODvOODsy/lj6Tnvo7oibLnh7vliqDlt6U=,,PGRpdiBhbGlnbj1jZW50ZXI+PGltZyBzcmM9aHR0cDovL2ltYWdlLnJha3V0ZW4uY28uanAva2lsaW1zL2NhYmluZXQvMDZhYy9hY3M0MGd4LmpwZyB3aWR0aD0iNTgwIj48YnI+PHRhYmxlIHdpZHRoPTk4JSBjZWxsc3BhY2luZz00Pjx0cj48dGQ+PHRhYmxlIGNsYXNzPXNpemU+PHRyIGNsYXNzPXNpemVHPjx0ZCBjbGFzcz1zaXplRz7jgrXjgqTjgro8L3RkPjwvdHI+PHRyPjx0ZD7plbfjgZXjgIA0MGNtL+ODgeOCp+ODvOODs+OBruWkquOBlTEuNcOXMS41bW08L3RkPjwvdHI+PHRyPjx0ZCAgY2xhc3M9c2l6ZUc+5p2Q44CA6LOqPC90ZD48L3RyPjx0cj48dGQ+44K344Or44OQ44O877yZ77yS77yV77yI44K544K/44O844Oq44Oz44Kw44K344Or44OQ44O877yJPC90ZD48L3RyPjx0cj48dGQgY2xhc3M9c2l6ZUc+5Yi244CA5L2cPC90ZD48L3RyPjx0cj48dGQ+MS41PC90ZD48L3RyPjwvdGFibGU+PHAgY2xhc3M9cDExPue4hOOBruOCiOOBhuOBq+e3qOOBv+S4iuOBkuOCieOCjOOBn+ODreODvOODl+ODgeOCp+ODvOODs+OAguOBhOOBtuOBl+mKgOWKoOW3peOAgjxicj48YnI+PGJyPjxicj48L3A+PC90ZD48dGQ+PGltZyBzcmM9aHR0cDovL2ltYWdlLnJha3V0ZW4uY28uanAva2lsaW1zL2NhYmluZXQvMDZhYy9hY3M0MGd4aW1nLmpwZyB3aWR0aD0yODA+PC90ZD48L3RyPjwvdGFibGU+PC9kaXY+PGRpdiBhbGlnbj1jZW50ZXI+CgoKPGltZyBzcmM9Imh0dHBzOi8vaW1hZ2UucmFrdXRlbi5jby5qcC9raWxpbXMvY2FiaW5ldC96LzIwMTdrdXJhdG9wNzUwLmpwZyIgYm9yZGVyPSIwIiB3aWR0aD0iNTgwIiBhbHQ9IuiUteWHuuOBl+W4giI+Cjxicj48YnI+CgoKCgo8aW1nIHNyYz0iaHR0cDovL2ltYWdlLnJha3V0ZW4uY28uanAva2lsaW1zL2NhYmluZXQvdG9wLzIwMTdtYWluMzAuanBnIiBib3JkZXI9IjAiIHdpZHRoPSI1ODAiIGFsdD0i44K544O844OR44O8REVBTOacgOWkpzMwJeODneOCpOODs+ODiOODkOODg+OCryI+Cjxicj48YnI+CgoKCgo8IS0tCgo8aW1nIHNyYz0iaHR0cDovL3d3dy5yYWt1dGVuLm5lLmpwL2dvbGQva2lsaW1zL3htYXMvYXNzZXRzL2ltZy9wb3J0Zm9saW8vbGFtcGJuMDEuanBnIiB3aWR0aD0iNTgwIiBhbHQ9IjIwMTbjgIDjg6njg7Pjg5fnibnpm4YiPgo8YnI+PGJyPgotLT4KCgoKCjwhLS3jgqjjg7Pjg4jjg6rjg7wx5YCLCjx0YWJsZSBjZWxsc3BhY2luZz0wIGJvcmRlcj0wIGNlbGxwYWRkaW5nPTggd2lkdGg9NTgwIGFsaWduPSJjZW50ZXIiPgo8dHI+Cjx0ZCBiYWNrZ3JvdW5kPWh0dHA6Ly9pbWFnZS5yYWt1dGVuLmNvLmpwL2tpbGltcy9jYWJpbmV0L3RvcC9lbnRyeTIwMTYtMXZlci5qcGcgd2lkdGg9MTAwIGhlaWdodD02OT4mbmJzcDs8L3RkPjx0ZCBiZ2NvbG9yPTQwMjUwQj4=,44K344Or44OQ44O8OTI144ON44OD44Kv44Os44K544OB44Kn44O844OzNDBjbeOAkOODrOOCv+ODvOODkeODg+OCr+WPr+OAkeODreODvOODl+ODgeOCp+ODvOODsy/lj6Tnvo7oibLnh7vliqDlt6XvvJrjgqzjg6njgr/jg5Djgrbjg7zjg6vvvIjjgq3jg6rjg6DvvIbpm5HosqjvvIk=,44Kt44Oq44Og44Kt44Oq44Og44OQ44OD44Kw44Kt44Oq44Og44Kv44OD44K344On44Oz44OI44Or44Kz44K/44Kk44Or44OI44Or44Kz6Zm25Zmo44Kk44Op44Oz44Kt44Oq44Og44Ku44Oj44OD44OZ44Kr44Os44Oz44K344Or44OQ44O844K344Or44OQ44O8OTI144ON44OD44Kv44Os44K544OB44Kn44O844OzNDBjbeOAkOODrOOCv+ODvOODkeODg+OCr+WPr+OAkeODreODvOODl+ODgeOCp+ODvOODsy/lj6Tnvo7oibLnh7vliqDlt6U=,44K344Or44OQ44O8OTI144ON44OD44Kv44Os44K544OB44Kn44O844OzNDBjbeOAkOODrOOCv+ODvOODkeODg+OCr+WPr+OAkeODreODvOODl+ODgeOCp+ODvOODsy/lj6Tnvo7oibLnh7vliqDlt6U=[rn]
39-1068,aHR0cDovL3RzaG9wLnIxMHMuanAva2lsaW1zL2NhYmluZXQvMDZhYy9hY3M0MGh4LmpwZz9maXRpbj03MDA6NzAw,OTYwLjAwMDA=,,44K444Ol44Ko44Oq44O844O744Ki44Kv44K744K144Oq44O8ID4g44Os44OH44Kj44O844K544K444Ol44Ko44Oq44O844O744Ki44Kv44K744K144Oq44O8ID4g44ON44OD44Kv44Os44K544OB44Kn44O844Oz,44K344Or44OQ44O8OTI144ON44OD44Kv44Os44K544OB44Kn44O844OzNDBjbeOAkOODrOOCv+ODvOODkeODg+OCr+WPr+OAkeOCq+ODg+ODiOOCueODjeODvOOCry/lj6Tnvo7oibLnh7vliqDlt6U=,,PGRpdiBhbGlnbj1jZW50ZXI+PGltZyBzcmM9aHR0cDovL2ltYWdlLnJha3V0ZW4uY28uanAva2lsaW1zL2NhYmluZXQvMDZhYy9hY3M0MGh4LmpwZyB3aWR0aD0iNTgwIj48YnI+PHRhYmxlIHdpZHRoPTk4JSBjZWxsc3BhY2luZz00Pjx0cj48dGQ+PHRhYmxlIGNsYXNzPXNpemU+PHRyIGNsYXNzPXNpemVHPjx0ZCBjbGFzcz1zaXplRz7jgrXjgqTjgro8L3RkPjwvdHI+PHRyPjx0ZD7plbfjgZXjgIA0MGNtL+ODgeOCp+ODvOODs+OBruWkquOBlTAuOMOXLjhtbTwvdGQ+PC90cj48dHI+PHRkICBjbGFzcz1zaXplRz7mnZDjgIDos6o8L3RkPjwvdHI+PHRyPjx0ZD7jgrfjg6vjg5Djg7zvvJnvvJLvvJXvvIjjgrnjgr/jg7zjg6rjg7PjgrDjgrfjg6vjg5Djg7zvvIk8L3RkPjwvdHI+PHRyPjx0ZCBjbGFzcz1zaXplRz7liLbjgIDkvZw8L3RkPjwvdHI+PHRyPjx0ZD4uODwvdGQ+PC90cj48L3RhYmxlPjxwIGNsYXNzPXAxMT7vvJTpnaLjgavjgqvjg4Pjg4jjgZXjgozjgZ/jgrnjg43jg7zjgq/jg4Hjgqfjg7zjg7PjgafjgZnjgILjgqTjgr/jg6rjgqLoo73jgILjgYTjgbbjgZfpioDliqDlt6XjgII8YnI+PGJyPjxicj48YnI+PC9wPjwvdGQ+PHRkPjxpbWcgc3JjPWh0dHA6Ly9pbWFnZS5yYWt1dGVuLmNvLmpwL2tpbGltcy9jYWJpbmV0LzA2YWMvYWNzNDBoeGltZy5qcGcgd2lkdGg9MjgwPjwvdGQ+PC90cj48L3RhYmxlPjwvZGl2PjxkaXYgYWxpZ249Y2VudGVyPgoKCjxpbWcgc3JjPSJodHRwczovL2ltYWdlLnJha3V0ZW4uY28uanAva2lsaW1zL2NhYmluZXQvei8yMDE3a3VyYXRvcDc1MC5qcGciIGJvcmRlcj0iMCIgd2lkdGg9IjU4MCIgYWx0PSLolLXlh7rjgZfluIIiPgo8YnI+PGJyPgoKCgoKPGltZyBzcmM9Imh0dHA6Ly9pbWFnZS5yYWt1dGVuLmNvLmpwL2tpbGltcy9jYWJpbmV0L3RvcC8yMDE3bWFpbjMwLmpwZyIgYm9yZGVyPSIwIiB3aWR0aD0iNTgwIiBhbHQ9IuOCueODvOODkeODvERFQUzmnIDlpKczMCXjg53jgqTjg7Pjg4jjg5Djg4Pjgq8iPgo8YnI+PGJyPgoKCgoKPCEtLQoKPGltZyBzcmM9Imh0dHA6Ly93d3cucmFrdXRlbi5uZS5qcC9nb2xkL2tpbGltcy94bWFzL2Fzc2V0cy9pbWcvcG9ydGZvbGlvL2xhbXBibjAxLmpwZyIgd2lkdGg9IjU4MCIgYWx0PSIyMDE244CA44Op44Oz44OX54m56ZuGIj4KPGJyPjxicj4KLS0+CgoKCgo8IS0t44Ko44Oz44OI44Oq44O8MeWAiwo8dGFibGUgY2VsbHNwYWNpbmc9MCBib3JkZXI9MCBjZWxscGFkZGluZz04IHdpZHRoPTU4MCBhbGlnbj0iY2VudGVyIj4KPHRyPgo8dGQgYmFja2dyb3VuZD1odHRwOi8vaW1hZ2UucmFrdXRlbi5jby5qcC9raWxpbXMvY2FiaW5ldC90b3AvZW50cnkyMDE2LTF2ZXIuanBnIHdpZHRoPTEwMCBoZWlnaHQ9Njk+Jm5ic3A7PC90ZD48dGQgYmdjb2xvcj00MDI1MEI+,44K344Or44OQ44O8OTI144ON44OD44Kv44Os44K544OB44Kn44O844OzNDBjbeOAkOODrOOCv+ODvOODkeODg+OCr+WPr+OAkeOCq+ODg+ODiOOCueODjeODvOOCry/lj6Tnvo7oibLnh7vliqDlt6XvvJrjgqzjg6njgr/jg5Djgrbjg7zjg6vvvIjjgq3jg6rjg6DvvIbpm5HosqjvvIk=,44Kt44Oq44Og44Kt44Oq44Og44OQ44OD44Kw44Kt44Oq44Og44Kv44OD44K344On44Oz44OI44Or44Kz44K/44Kk44Or44OI44Or44Kz6Zm25Zmo44Kk44Op44Oz44Kt44Oq44Og44Ku44Oj44OD44OZ44Kr44Os44Oz44K344Or44OQ44O844K344Or44OQ44O8OTI144ON44OD44Kv44Os44K544OB44Kn44O844OzNDBjbeOAkOODrOOCv+ODvOODkeODg+OCr+WPr+OAkeOCq+ODg+ODiOOCueODjeODvOOCry/lj6Tnvo7oibLnh7vliqDlt6U=,44K344Or44OQ44O8OTI144ON44OD44Kv44Os44K544OB44Kn44O844OzNDBjbeOAkOODrOOCv+ODvOODkeODg+OCr+WPr+OAkeOCq+ODg+ODiOOCueODjeODvOOCry/lj6Tnvo7oibLnh7vliqDlt6U=[rn]
39-1069,aHR0cDovL3RzaG9wLnIxMHMuanAva2lsaW1zL2NhYmluZXQvMDZhYy9hY3M0NWEuanBnP2ZpdGluPTcwMDo3MDA=,ODAwLjAwMDA=,,44K444Ol44Ko44Oq44O844O744Ki44Kv44K744K144Oq44O8ID4g44Os44OH44Kj44O844K544K444Ol44Ko44Oq44O844O744Ki44Kv44K744K144Oq44O8ID4g44ON44OD44Kv44Os44K544OB44Kn44O844Oz,44K344Or44OQ44O8OTI144ON44OD44Kv44Os44K544OB44Kn44O844OzNDVjbeOAkOODrOOCv+ODvOODkeODg+OCr+WPr+OAkeWwj+ixhuODgeOCp+ODvOODszFtbQ==,,PGRpdiBhbGlnbj1jZW50ZXI+PGltZyBzcmM9aHR0cDovL2ltYWdlLnJha3V0ZW4uY28uanAva2lsaW1zL2NhYmluZXQvMDZhYy9hY3M0NWEuanBnIHdpZHRoPSI1ODAiPjxicj48dGFibGUgd2lkdGg9OTglIGNlbGxzcGFjaW5nPTQ+PHRyPjx0ZD48dGFibGUgY2xhc3M9c2l6ZT48dHIgY2xhc3M9c2l6ZUc+PHRkIGNsYXNzPXNpemVHPuOCteOCpOOCujwvdGQ+PC90cj48dHI+PHRkPumVt+OBleOAgDQ1Y20v44OB44Kn44O844Oz44Gu5aSq44GVMcOXMW1tPC90ZD48L3RyPjx0cj48dGQgIGNsYXNzPXNpemVHPuadkOOAgOizqjwvdGQ+PC90cj48dHI+PHRkPuOCt+ODq+ODkOODvO+8me+8ku+8le+8iOOCueOCv+ODvOODquODs+OCsOOCt+ODq+ODkOODvO+8iTwvdGQ+PC90cj48L3RhYmxlPjxwIGNsYXNzPXAxMT7mpZXlhoblvaLjga7jgYLjgZrjgY3jga7jgojjgYbjgarjg5Hjg7zjg4TjgpLpgKPjga3jgZ/jgrfjg7Pjg5fjg6vjgarjg4Hjgqfjg7zjg7PjgafjgZnjgILntLDjgoHjga7nuYrntLDjgarjgqTjg6Hjg7zjgrjjga7jg4Hjgqfjg7zjg7PjgafjgZnjga7jgafjgIHlsI/jgZXjgoHjga7jg5Hjg7zjg4TjgpLntYTjgb/lkIjjgo/jgovjga7jgavjgYrjgZnjgZnjgoHjgII8YnI+PGJyPjxicj48YnI+PC9wPjwvdGQ+PHRkPjxpbWcgc3JjPWh0dHA6Ly9pbWFnZS5yYWt1dGVuLmNvLmpwL2tpbGltcy9jYWJpbmV0LzA2YWMvYWNzNDVhaW1nLmpwZyB3aWR0aD0yODA+PC90ZD48L3RyPjwvdGFibGU+PC9kaXY+PGRpdiBhbGlnbj1jZW50ZXI+CgoKPGltZyBzcmM9Imh0dHBzOi8vaW1hZ2UucmFrdXRlbi5jby5qcC9raWxpbXMvY2FiaW5ldC96LzIwMTdrdXJhdG9wNzUwLmpwZyIgYm9yZGVyPSIwIiB3aWR0aD0iNTgwIiBhbHQ9IuiUteWHuuOBl+W4giI+Cjxicj48YnI+CgoKCgo8aW1nIHNyYz0iaHR0cDovL2ltYWdlLnJha3V0ZW4uY28uanAva2lsaW1zL2NhYmluZXQvdG9wLzIwMTdtYWluMzAuanBnIiBib3JkZXI9IjAiIHdpZHRoPSI1ODAiIGFsdD0i44K544O844OR44O8REVBTOacgOWkpzMwJeODneOCpOODs+ODiOODkOODg+OCryI+Cjxicj48YnI+CgoKCgo8IS0tCgo8aW1nIHNyYz0iaHR0cDovL3d3dy5yYWt1dGVuLm5lLmpwL2dvbGQva2lsaW1zL3htYXMvYXNzZXRzL2ltZy9wb3J0Zm9saW8vbGFtcGJuMDEuanBnIiB3aWR0aD0iNTgwIiBhbHQ9IjIwMTbjgIDjg6njg7Pjg5fnibnpm4YiPgo8YnI+PGJyPgotLT4KCgoKCjwhLS3jgqjjg7Pjg4jjg6rjg7wx5YCLCjx0YWJsZSBjZWxsc3BhY2luZz0wIGJvcmRlcj0wIGNlbGxwYWRkaW5nPTggd2lkdGg9NTgwIGFsaWduPSJjZW50ZXIiPgo8dHI+Cjx0ZCBiYWNrZ3JvdW5kPWh0dHA6Ly9pbWFnZS5yYWt1dGVuLmNvLmpwL2tpbGltcy9jYWJpbmV0L3RvcC9lbnRyeTIwMTYtMXZlci5qcGcgd2lkdGg9MTAwIGhlaWdodD02OT4mbmJzcDs8L3RkPjx0ZCBiZ2NvbG9yPTQwMjUwQj4=,44K344Or44OQ44O8OTI144ON44OD44Kv44Os44K544OB44Kn44O844OzNDVjbeOAkOODrOOCv+ODvOODkeODg+OCr+WPr+OAkeWwj+ixhuODgeOCp+ODvOODszFtbe+8muOCrOODqeOCv+ODkOOCtuODvOODq++8iOOCreODquODoO+8humbkeiyqO+8iQ==,44Kt44Oq44Og44Kt44Oq44Og44OQ44OD44Kw44Kt44Oq44Og44Kv44OD44K344On44Oz44OI44Or44Kz44K/44Kk44Or44OI44Or44Kz6Zm25Zmo44Kk44Op44Oz44Kt44Oq44Og44Ku44Oj44OD44OZ44Kr44Os44Oz44K344Or44OQ44O844K344Or44OQ44O8OTI144ON44OD44Kv44Os44K544OB44Kn44O844OzNDVjbeOAkOODrOOCv+ODvOODkeODg+OCr+WPr+OAkeWwj+ixhuODgeOCp+ODvOODszFtbQ==,44K344Or44OQ44O8OTI144ON44OD44Kv44Os44K544OB44Kn44O844OzNDVjbeOAkOODrOOCv+ODvOODkeODg+OCr+WPr+OAkeWwj+ixhuODgeOCp+ODvOODszFtbQ==[rn]
39-1070,aHR0cDovL3RzaG9wLnIxMHMuanAva2lsaW1zL2NhYmluZXQvMDZhYy9hY3M1MGUuanBnP2ZpdGluPTcwMDo3MDA=,NjA4MC4wMDAw,,44K444Ol44Ko44Oq44O844O744Ki44Kv44K744K144Oq44O8ID4g44Os44OH44Kj44O844K544K444Ol44Ko44Oq44O844O744Ki44Kv44K744K144Oq44O8ID4g44ON44OD44Kv44Os44K544OB44Kn44O844Oz,44K344Or44OQ44O8OTI144ON44OD44Kv44Os44K544OB44Kn44O844OzNTBjbeOAkOODrOOCv+ODvOODkeODg+OCr+WPr+OAkeODreODs+OCsOODleOCo+OCrOODreODgeOCp+ODvOODszEx772YNW1t,,PGRpdiBhbGlnbj1jZW50ZXI+PGltZyBzcmM9aHR0cDovL2ltYWdlLnJha3V0ZW4uY28uanAva2lsaW1zL2NhYmluZXQvMDZhYy9hY3M1MGUuanBnIHdpZHRoPSI1ODAiPjxicj48dGFibGUgd2lkdGg9OTglIGNlbGxzcGFjaW5nPTQ+PHRyPjx0ZD48dGFibGUgY2xhc3M9c2l6ZT48dHIgY2xhc3M9c2l6ZUc+PHRkIGNsYXNzPXNpemVHPuOCteOCpOOCujwvdGQ+PC90cj48dHI+PHRkPumVt+OBleOAgDUwY20v44OB44Kn44O844Oz44Gu5aSq44GVNcOXMm1tPC90ZD48L3RyPjx0cj48dGQgIGNsYXNzPXNpemVHPuadkOOAgOizqjwvdGQ+PC90cj48dHI+PHRkPuOCt+ODq+ODkOODvO+8me+8ku+8le+8iOOCueOCv+ODvOODquODs+OCsOOCt+ODq+ODkOODvO+8iTwvdGQ+PC90cj48dHI+PHRkIGNsYXNzPXNpemVHPuWItuOAgOS9nDwvdGQ+PC90cj48dHI+PHRkPjI8L3RkPjwvdHI+PC90YWJsZT48cCBjbGFzcz1wMTE+5bmF77yV772N772N44Gu5a2Y5Zyo5oSf44GC44KL44OV44Kj44Ks44Ot44OB44Kn44O844Oz44CC5aSn44GN44GV44Gu6YGV44GG5Zac5bmz44K/44Kk44OX44Gu44OR44O844OE44GM57WE44G/5ZCI44KP44GV44KM44Gm44GE44G+44GZ44CC44Oa44Oz44OA44Oz44OI44OI44OD44OX44KS44Gk44GR44Ga44Gr44K344Oz44OX44Or44Gr44GK5L2/44GE44GE44Gf44Gg44GP44Gu44KC77yn77yv77yv77yk44CCPGJyPjxicj48YnI+PGJyPjwvcD48L3RkPjx0ZD48aW1nIHNyYz1odHRwOi8vaW1hZ2UucmFrdXRlbi5jby5qcC9raWxpbXMvY2FiaW5ldC8wNmFjL2FjczUwZWltZy5qcGcgd2lkdGg9MjgwPjwvdGQ+PC90cj48L3RhYmxlPjwvZGl2PjxkaXYgYWxpZ249Y2VudGVyPgoKCjxpbWcgc3JjPSJodHRwczovL2ltYWdlLnJha3V0ZW4uY28uanAva2lsaW1zL2NhYmluZXQvei8yMDE3a3VyYXRvcDc1MC5qcGciIGJvcmRlcj0iMCIgd2lkdGg9IjU4MCIgYWx0PSLolLXlh7rjgZfluIIiPgo8YnI+PGJyPgoKCgoKPGltZyBzcmM9Imh0dHA6Ly9pbWFnZS5yYWt1dGVuLmNvLmpwL2tpbGltcy9jYWJpbmV0L3RvcC8yMDE3bWFpbjMwLmpwZyIgYm9yZGVyPSIwIiB3aWR0aD0iNTgwIiBhbHQ9IuOCueODvOODkeODvERFQUzmnIDlpKczMCXjg53jgqTjg7Pjg4jjg5Djg4Pjgq8iPgo8YnI+PGJyPgoKCgoKPCEtLQoKPGltZyBzcmM9Imh0dHA6Ly93d3cucmFrdXRlbi5uZS5qcC9nb2xkL2tpbGltcy94bWFzL2Fzc2V0cy9pbWcvcG9ydGZvbGlvL2xhbXBibjAxLmpwZyIgd2lkdGg9IjU4MCIgYWx0PSIyMDE244CA44Op44Oz44OX54m56ZuGIj4KPGJyPjxicj4KLS0+CgoKCgo8IS0t44Ko44Oz44OI44Oq44O8MeWAiwo8dGFibGUgY2VsbHNwYWNpbmc9MCBib3JkZXI9MCBjZWxscGFkZGluZz04IHdpZHRoPTU4MCBhbGlnbj0iY2VudGVyIj4KPHRyPgo8dGQgYmFja2dyb3VuZD1odHRwOi8vaW1hZ2UucmFrdXRlbi5jby5qcC9raWxpbXMvY2FiaW5ldC90b3AvZW50cnkyMDE2LTF2ZXIuanBnIHdpZHRoPTEwMCBoZWlnaHQ9Njk+Jm5ic3A7PC90ZD48dGQgYmdjb2xvcj00MDI1MEI+,44K344Or44OQ44O8OTI144ON44OD44Kv44Os44K544OB44Kn44O844OzNTBjbeOAkOODrOOCv+ODvOODkeODg+OCr+WPr+OAkeODreODs+OCsOODleOCo+OCrOODreODgeOCp+ODvOODszEx772YNW1t77ya44Ks44Op44K/44OQ44K244O844Or77yI44Kt44Oq44Og77yG6ZuR6LKo77yJ,44Kt44Oq44Og44Kt44Oq44Og44OQ44OD44Kw44Kt44Oq44Og44Kv44OD44K344On44Oz44OI44Or44Kz44K/44Kk44Or44OI44Or44Kz6Zm25Zmo44Kk44Op44Oz44Kt44Oq44Og44Ku44Oj44OD44OZ44Kr44Os44Oz44K344Or44OQ44O844K344Or44OQ44O8OTI144ON44OD44Kv44Os44K544OB44Kn44O844OzNTBjbeOAkOODrOOCv+ODvOODkeODg+OCr+WPr+OAkeODreODs+OCsOODleOCo+OCrOODreODgeOCp+ODvOODszEx772YNW1t,44K344Or44OQ44O8OTI144ON44OD44Kv44Os44K544OB44Kn44O844OzNTBjbeOAkOODrOOCv+ODvOODkeODg+OCr+WPr+OAkeODreODs+OCsOODleOCo+OCrOODreODgeOCp+ODvOODszEx772YNW1t[rn]
39-1071,aHR0cDovL3RzaG9wLnIxMHMuanAva2lsaW1zL2NhYmluZXQvMDZhYy9hY3M0MGEuanBnP2ZpdGluPTcwMDo3MDA=,NzIwLjAwMDA=,,44K444Ol44Ko44Oq44O844O744Ki44Kv44K744K144Oq44O8ID4g44Os44OH44Kj44O844K544K444Ol44Ko44Oq44O844O744Ki44Kv44K744K144Oq44O8ID4g44ON44OD44Kv44Os44K544OB44Kn44O844Oz,44K344Or44OQ44O8OTI144ON44OD44Kv44Os44K544OB44Kn44O844OzNDBjbeOAkOODrOOCv+ODvOODkeODg+OCr+WPr+OAkeWwj+ixhuODgeOCp+ODvOODszFtbQ==,,PGRpdiBhbGlnbj1jZW50ZXI+PGltZyBzcmM9aHR0cDovL2ltYWdlLnJha3V0ZW4uY28uanAva2lsaW1zL2NhYmluZXQvMDZhYy9hY3M0MGEuanBnIHdpZHRoPSI1ODAiPjxicj48dGFibGUgd2lkdGg9OTglIGNlbGxzcGFjaW5nPTQ+PHRyPjx0ZD48dGFibGUgY2xhc3M9c2l6ZT48dHIgY2xhc3M9c2l6ZUc+PHRkIGNsYXNzPXNpemVHPuOCteOCpOOCujwvdGQ+PC90cj48dHI+PHRkPumVt+OBleOAgDQwY20v44OB44Kn44O844Oz44Gu5aSq44GVMcOXMW1tPC90ZD48L3RyPjx0cj48dGQgIGNsYXNzPXNpemVHPuadkOOAgOizqjwvdGQ+PC90cj48dHI+PHRkPuOCt+ODq+ODkOODvO+8me+8ku+8le+8iOOCueOCv+ODvOODquODs+OCsOOCt+ODq+ODkOODvO+8iTwvdGQ+PC90cj48L3RhYmxlPjxwIGNsYXNzPXAxMT7mpZXlhoblvaLjga7jgYLjgZrjgY3jga7jgojjgYbjgarjg5Hjg7zjg4TjgpLpgKPjga3jgZ/jgrfjg7Pjg5fjg6vjgarjg4Hjgqfjg7zjg7PjgafjgZnjgILntLDjgoHjga7nuYrntLDjgarjgqTjg6Hjg7zjgrjjga7jg4Hjgqfjg7zjg7PjgafjgZnjga7jgafjgIHlsI/jgZXjgoHjga7jg5Hjg7zjg4TjgpLntYTjgb/lkIjjgo/jgovjga7jgavjgYrjgZnjgZnjgoHjgII8YnI+PGJyPjxicj48YnI+PC9wPjwvdGQ+PHRkPjxpbWcgc3JjPWh0dHA6Ly9pbWFnZS5yYWt1dGVuLmNvLmpwL2tpbGltcy9jYWJpbmV0LzA2YWMvYWNzNDBhaW1nLmpwZyB3aWR0aD0yODA+PC90ZD48L3RyPjwvdGFibGU+PC9kaXY+PGRpdiBhbGlnbj1jZW50ZXI+CgoKPGltZyBzcmM9Imh0dHBzOi8vaW1hZ2UucmFrdXRlbi5jby5qcC9raWxpbXMvY2FiaW5ldC96LzIwMTdrdXJhdG9wNzUwLmpwZyIgYm9yZGVyPSIwIiB3aWR0aD0iNTgwIiBhbHQ9IuiUteWHuuOBl+W4giI+Cjxicj48YnI+CgoKCgo8aW1nIHNyYz0iaHR0cDovL2ltYWdlLnJha3V0ZW4uY28uanAva2lsaW1zL2NhYmluZXQvdG9wLzIwMTdtYWluMzAuanBnIiBib3JkZXI9IjAiIHdpZHRoPSI1ODAiIGFsdD0i44K544O844OR44O8REVBTOacgOWkpzMwJeODneOCpOODs+ODiOODkOODg+OCryI+Cjxicj48YnI+CgoKCgo8IS0tCgo8aW1nIHNyYz0iaHR0cDovL3d3dy5yYWt1dGVuLm5lLmpwL2dvbGQva2lsaW1zL3htYXMvYXNzZXRzL2ltZy9wb3J0Zm9saW8vbGFtcGJuMDEuanBnIiB3aWR0aD0iNTgwIiBhbHQ9IjIwMTbjgIDjg6njg7Pjg5fnibnpm4YiPgo8YnI+PGJyPgotLT4KCgoKCjwhLS3jgqjjg7Pjg4jjg6rjg7wx5YCLCjx0YWJsZSBjZWxsc3BhY2luZz0wIGJvcmRlcj0wIGNlbGxwYWRkaW5nPTggd2lkdGg9NTgwIGFsaWduPSJjZW50ZXIiPgo8dHI+Cjx0ZCBiYWNrZ3JvdW5kPWh0dHA6Ly9pbWFnZS5yYWt1dGVuLmNvLmpwL2tpbGltcy9jYWJpbmV0L3RvcC9lbnRyeTIwMTYtMXZlci5qcGcgd2lkdGg9MTAwIGhlaWdodD02OT4mbmJzcDs8L3RkPjx0ZCBiZ2NvbG9yPTQwMjUwQj4=,44K344Or44OQ44O8OTI144ON44OD44Kv44Os44K544OB44Kn44O844OzNDBjbeOAkOODrOOCv+ODvOODkeODg+OCr+WPr+OAkeWwj+ixhuODgeOCp+ODvOODszFtbe+8muOCrOODqeOCv+ODkOOCtuODvOODq++8iOOCreODquODoO+8humbkeiyqO+8iQ==,44Kt44Oq44Og44Kt44Oq44Og44OQ44OD44Kw44Kt44Oq44Og44Kv44OD44K344On44Oz44OI44Or44Kz44K/44Kk44Or44OI44Or44Kz6Zm25Zmo44Kk44Op44Oz44Kt44Oq44Og44Ku44Oj44OD44OZ44Kr44Os44Oz44K344Or44OQ44O844K344Or44OQ44O8OTI144ON44OD44Kv44Os44K544OB44Kn44O844OzNDBjbeOAkOODrOOCv+ODvOODkeODg+OCr+WPr+OAkeWwj+ixhuODgeOCp+ODvOODszFtbQ==,44K344Or44OQ44O8OTI144ON44OD44Kv44Os44K544OB44Kn44O844OzNDBjbeOAkOODrOOCv+ODvOODkeODg+OCr+WPr+OAkeWwj+ixhuODgeOCp+ODvOODszFtbQ==[rn]
39-1072,aHR0cDovL3RzaG9wLnIxMHMuanAva2lsaW1zL2NhYmluZXQvMDZhYy9hY3M0MGIuanBnP2ZpdGluPTcwMDo3MDA=,OTYwLjAwMDA=,,44K444Ol44Ko44Oq44O844O744Ki44Kv44K744K144Oq44O8ID4g44Os44OH44Kj44O844K544K444Ol44Ko44Oq44O844O744Ki44Kv44K744K144Oq44O8ID4g44ON44OD44Kv44Os44K544OB44Kn44O844Oz,44K344Or44OQ44O8OTI144ON44OD44Kv44Os44K544OB44Kn44O844OzNDBjbeOAkOODrOOCv+ODvOODkeODg+OCr+WPr+OAkeOCq+ODg+ODiOOCueODjeODvOOCrzFtbQ==,,PGRpdiBhbGlnbj1jZW50ZXI+PGltZyBzcmM9aHR0cDovL2ltYWdlLnJha3V0ZW4uY28uanAva2lsaW1zL2NhYmluZXQvMDZhYy9hY3M0MGIuanBnIHdpZHRoPSI1ODAiPjxicj48dGFibGUgd2lkdGg9OTglIGNlbGxzcGFjaW5nPTQ+PHRyPjx0ZD48dGFibGUgY2xhc3M9c2l6ZT48dHIgY2xhc3M9c2l6ZUc+PHRkIGNsYXNzPXNpemVHPuOCteOCpOOCujwvdGQ+PC90cj48dHI+PHRkPumVt+OBleOAgDQwY20v44OB44Kn44O844Oz44Gu5aSq44GVMcOXMW1tPC90ZD48L3RyPjx0cj48dGQgIGNsYXNzPXNpemVHPuadkOOAgOizqjwvdGQ+PC90cj48dHI+PHRkPuOCt+ODq+ODkOODvO+8me+8ku+8le+8iOOCueOCv+ODvOODquODs+OCsOOCt+ODq+ODkOODvO+8iTwvdGQ+PC90cj48L3RhYmxlPjxwIGNsYXNzPXAxMT7vvJTpnaLjgavjgqvjg4Pjg4jjgZXjgozjgZ/jgrnjg43jg7zjgq/jg4Hjgqfjg7zjg7PjgafjgZnjgILjgqTjgr/jg6rjgqLoo73jgII8YnI+PGJyPjxicj48YnI+PC9wPjwvdGQ+PHRkPjxpbWcgc3JjPWh0dHA6Ly9pbWFnZS5yYWt1dGVuLmNvLmpwL2tpbGltcy9jYWJpbmV0LzA2YWMvYWNzNDBiaW1nLmpwZyB3aWR0aD0yODA+PC90ZD48L3RyPjwvdGFibGU+PC9kaXY+PGRpdiBhbGlnbj1jZW50ZXI+CgoKPGltZyBzcmM9Imh0dHBzOi8vaW1hZ2UucmFrdXRlbi5jby5qcC9raWxpbXMvY2FiaW5ldC96LzIwMTdrdXJhdG9wNzUwLmpwZyIgYm9yZGVyPSIwIiB3aWR0aD0iNTgwIiBhbHQ9IuiUteWHuuOBl+W4giI+Cjxicj48YnI+CgoKCgo8aW1nIHNyYz0iaHR0cDovL2ltYWdlLnJha3V0ZW4uY28uanAva2lsaW1zL2NhYmluZXQvdG9wLzIwMTdtYWluMzAuanBnIiBib3JkZXI9IjAiIHdpZHRoPSI1ODAiIGFsdD0i44K544O844OR44O8REVBTOacgOWkpzMwJeODneOCpOODs+ODiOODkOODg+OCryI+Cjxicj48YnI+CgoKCgo8IS0tCgo8aW1nIHNyYz0iaHR0cDovL3d3dy5yYWt1dGVuLm5lLmpwL2dvbGQva2lsaW1zL3htYXMvYXNzZXRzL2ltZy9wb3J0Zm9saW8vbGFtcGJuMDEuanBnIiB3aWR0aD0iNTgwIiBhbHQ9IjIwMTbjgIDjg6njg7Pjg5fnibnpm4YiPgo8YnI+PGJyPgotLT4KCgoKCjwhLS3jgqjjg7Pjg4jjg6rjg7wx5YCLCjx0YWJsZSBjZWxsc3BhY2luZz0wIGJvcmRlcj0wIGNlbGxwYWRkaW5nPTggd2lkdGg9NTgwIGFsaWduPSJjZW50ZXIiPgo8dHI+Cjx0ZCBiYWNrZ3JvdW5kPWh0dHA6Ly9pbWFnZS5yYWt1dGVuLmNvLmpwL2tpbGltcy9jYWJpbmV0L3RvcC9lbnRyeTIwMTYtMXZlci5qcGcgd2lkdGg9MTAwIGhlaWdodD02OT4mbmJzcDs8L3RkPjx0ZCBiZ2NvbG9yPTQwMjUwQj4=,44K344Or44OQ44O8OTI144ON44OD44Kv44Os44K544OB44Kn44O844OzNDBjbeOAkOODrOOCv+ODvOODkeODg+OCr+WPr+OAkeOCq+ODg+ODiOOCueODjeODvOOCrzFtbe+8muOCrOODqeOCv+ODkOOCtuODvOODq++8iOOCreODquODoO+8humbkeiyqO+8iQ==,44Kt44Oq44Og44Kt44Oq44Og44OQ44OD44Kw44Kt44Oq44Og44Kv44OD44K344On44Oz44OI44Or44Kz44K/44Kk44Or44OI44Or44Kz6Zm25Zmo44Kk44Op44Oz44Kt44Oq44Og44Ku44Oj44OD44OZ44Kr44Os44Oz44K344Or44OQ44O844K344Or44OQ44O8OTI144ON44OD44Kv44Os44K544OB44Kn44O844OzNDBjbeOAkOODrOOCv+ODvOODkeODg+OCr+WPr+OAkeOCq+ODg+ODiOOCueODjeODvOOCrzFtbQ==,44K344Or44OQ44O8OTI144ON44OD44Kv44Os44K544OB44Kn44O844OzNDBjbeOAkOODrOOCv+ODvOODkeODg+OCr+WPr+OAkeOCq+ODg+ODiOOCueODjeODvOOCrzFtbQ==[rn]
39-1073,aHR0cDovL3RzaG9wLnIxMHMuanAva2lsaW1zL2NhYmluZXQvMDZhYy9hY3M0MGMuanBnP2ZpdGluPTcwMDo3MDA=,OTYwLjAwMDA=,,44K444Ol44Ko44Oq44O844O744Ki44Kv44K744K144Oq44O8ID4g44Os44OH44Kj44O844K544K444Ol44Ko44Oq44O844O744Ki44Kv44K744K144Oq44O8ID4g44ON44OD44Kv44Os44K544OB44Kn44O844Oz,44K344Or44OQ44O8OTI144ON44OD44Kv44Os44K544OB44Kn44O844OzNDBjbeOAkOODrOOCv+ODvOODkeODg+OCr+WPr+OAkeOBj+OBleOBs+WeizEuNW1t,,PGRpdiBhbGlnbj1jZW50ZXI+PGltZyBzcmM9aHR0cDovL2ltYWdlLnJha3V0ZW4uY28uanAva2lsaW1zL2NhYmluZXQvMDZhYy9hY3M0MGMuanBnIHdpZHRoPSI1ODAiPjxicj48dGFibGUgd2lkdGg9OTglIGNlbGxzcGFjaW5nPTQ+PHRyPjx0ZD48dGFibGUgY2xhc3M9c2l6ZT48dHIgY2xhc3M9c2l6ZUc+PHRkIGNsYXNzPXNpemVHPuOCteOCpOOCujwvdGQ+PC90cj48dHI+PHRkPumVt+OBleOAgDQwY20v44OB44Kn44O844Oz44Gu5aSq44GVMS4yw5cxLjJtbTwvdGQ+PC90cj48dHI+PHRkICBjbGFzcz1zaXplRz7mnZDjgIDos6o8L3RkPjwvdHI+PHRyPjx0ZD7jgrfjg6vjg5Djg7zvvJnvvJLvvJXvvIjjgrnjgr/jg7zjg6rjg7PjgrDjgrfjg6vjg5Djg7zvvIk8L3RkPjwvdHI+PC90YWJsZT48cCBjbGFzcz1wMTE+5qWU77yI44GP44GV44Gz77yJ5Z6L44Gu5aSJ5b2i44OR44O844OE44KS57WE44G/5ZCI44KP44Gb44Gf44OH44K244Kk44Oz44CCPGJyPjxicj48YnI+PGJyPjwvcD48L3RkPjx0ZD48aW1nIHNyYz1odHRwOi8vaW1hZ2UucmFrdXRlbi5jby5qcC9raWxpbXMvY2FiaW5ldC8wNmFjL2FjczQwY2ltZy5qcGcgd2lkdGg9MjgwPjwvdGQ+PC90cj48L3RhYmxlPjwvZGl2PjxkaXYgYWxpZ249Y2VudGVyPgoKCjxpbWcgc3JjPSJodHRwczovL2ltYWdlLnJha3V0ZW4uY28uanAva2lsaW1zL2NhYmluZXQvei8yMDE3a3VyYXRvcDc1MC5qcGciIGJvcmRlcj0iMCIgd2lkdGg9IjU4MCIgYWx0PSLolLXlh7rjgZfluIIiPgo8YnI+PGJyPgoKCgoKPGltZyBzcmM9Imh0dHA6Ly9pbWFnZS5yYWt1dGVuLmNvLmpwL2tpbGltcy9jYWJpbmV0L3RvcC8yMDE3bWFpbjMwLmpwZyIgYm9yZGVyPSIwIiB3aWR0aD0iNTgwIiBhbHQ9IuOCueODvOODkeODvERFQUzmnIDlpKczMCXjg53jgqTjg7Pjg4jjg5Djg4Pjgq8iPgo8YnI+PGJyPgoKCgoKPCEtLQoKPGltZyBzcmM9Imh0dHA6Ly93d3cucmFrdXRlbi5uZS5qcC9nb2xkL2tpbGltcy94bWFzL2Fzc2V0cy9pbWcvcG9ydGZvbGlvL2xhbXBibjAxLmpwZyIgd2lkdGg9IjU4MCIgYWx0PSIyMDE244CA44Op44Oz44OX54m56ZuGIj4KPGJyPjxicj4KLS0+CgoKCgo8IS0t44Ko44Oz44OI44Oq44O8MeWAiwo8dGFibGUgY2VsbHNwYWNpbmc9MCBib3JkZXI9MCBjZWxscGFkZGluZz04IHdpZHRoPTU4MCBhbGlnbj0iY2VudGVyIj4KPHRyPgo8dGQgYmFja2dyb3VuZD1odHRwOi8vaW1hZ2UucmFrdXRlbi5jby5qcC9raWxpbXMvY2FiaW5ldC90b3AvZW50cnkyMDE2LTF2ZXIuanBnIHdpZHRoPTEwMCBoZWlnaHQ9Njk+Jm5ic3A7PC90ZD48dGQgYmdjb2xvcj00MDI1MEI+,44K344Or44OQ44O8OTI144ON44OD44Kv44Os44K544OB44Kn44O844OzNDBjbeOAkOODrOOCv+ODvOODkeODg+OCr+WPr+OAkeOBj+OBleOBs+WeizEuNW1t77ya44Ks44Op44K/44OQ44K244O844Or77yI44Kt44Oq44Og77yG6ZuR6LKo77yJ,44Kt44Oq44Og44Kt44Oq44Og44OQ44OD44Kw44Kt44Oq44Og44Kv44OD44K344On44Oz44OI44Or44Kz44K/44Kk44Or44OI44Or44Kz6Zm25Zmo44Kk44Op44Oz44Kt44Oq44Og44Ku44Oj44OD44OZ44Kr44Os44Oz44K344Or44OQ44O844K344Or44OQ44O8OTI144ON44OD44Kv44Os44K544OB44Kn44O844OzNDBjbeOAkOODrOOCv+ODvOODkeODg+OCr+WPr+OAkeOBj+OBleOBs+WeizEuNW1t,44K344Or44OQ44O8OTI144ON44OD44Kv44Os44K544OB44Kn44O844OzNDBjbeOAkOODrOOCv+ODvOODkeODg+OCr+WPr+OAkeOBj+OBleOBs+WeizEuNW1t[rn]
39-1074,aHR0cDovL3RzaG9wLnIxMHMuanAva2lsaW1zL2NhYmluZXQvMDZldC9ldDIyMS5qcGc/Zml0aW49NzAwOjcwMA==,MzA0MC4wMDAw,,44K444Ol44Ko44Oq44O844O744Ki44Kv44K744K144Oq44O8ID4g44Os44OH44Kj44O844K544K444Ol44Ko44Oq44O844O744Ki44Kv44K744K144Oq44O8ID4g44ON44OD44Kv44Os44K544OB44Kn44O844Oz,44Ko44OB44Kq44OU44Ki44Oz44Kv44Ot44K544O755qu44Gy44KC44ON44OD44Kv44Os44K5ZXQyMjE=,,PGRpdiBhbGlnbj1jZW50ZXI+PHRhYmxlIGJnY29sb3I9I2NjMDAzMyBjZWxscGFkZGluZz04IHNlbGxzcGFjaW5nPTI+PHRyPjx0ZCBiZ2NvbG9yPUZGRkZGRj48cCBjbGFzcz1wMTE+44GT44Gu44Oa44O844K444Gu5ZWG5ZOB44Gv6LKp5aOy5riI44Gn44GZ44CC44OP44Oz44OJ44Oh44Kk44OJ44Gu5LiA54K544KC44Gu44Gu44Gf44KB44CB5YWo44GP5ZCM44GY5ZWG5ZOB44Gu5YaN5YWl6I2344Gv44GU44GW44GE44G+44Gb44KT44CCPC9wPjwvdGQ+PC90cj48L3RhYmxlPjxicj48YnI+PGZvbnQgc2l6ZT0rMT48Yj48YSBocmVmPWh0dHA6Ly9pdGVtLnJha3V0ZW4uY28uanAva2lsaW1zL2MvMDAwMDAwMjU0NC8+4oeS6LKp5aOy5Lit44Gu44Ko44OB44Kq44OU44Ki44Oz44Kv44Ot44K544Gv44GT44Gh44KJ44GL44KJPC9hPjwvYj48L2ZvbnQ+PGJyPjxicj48aW1nIHNyYz1odHRwOi8vaW1hZ2UucmFrdXRlbi5jby5qcC9raWxpbXMvY2FiaW5ldC8wNmV0L2V0MjIxLmpwZyBhbHQ944Ko44OB44Kq44OU44Ki44Oz44Kv44Ot44K544O755qu44Gy44KC44ON44OD44Kv44Os44K5Pjxicj48YnI+PHRhYmxlIHdpZHRoPTU4MD48dHI+PHRkIHdpZHRoPTUwJT48aDE+44Ko44OB44Kq44OU44Ki44Oz44Kv44Ot44K544O755qu44Gy44KC44ON44OD44Kv44Os44K5PC9oMT48cCBjbGFzcz10eHQ+44Kt44Oq44K544OI5pWZ5Zu944Gn44GC44KL44Ki44OV44Oq44Kr44Gu6KeS44O744Ko44OB44Kq44OU44Ki44Gn44CB5Lq644CF44GM44GE44Gk44KC6aaW44Gr44GL44GR44Gm44GE44KL5omL5L2c44KK44Gu44Kv44Ot44K544CCPGJyPirnmq7jgbLjgoLjga/ntZDjgpPjgafjgYLjgovjgaDjgZHjgarjga7jgafjgIHmu5HjgonjgZvjgabplbfjgZXjgpLoqr/nr4DjgZfjgabjgYrkvb/jgYTjgY/jgaDjgZXjgYTjgII8L3A+PHRhYmxlIGNsYXNzPXNpemU+PHRyPjx0ZCAgY2xhc3M9c2l6ZUc+44K144Kk44K6PC90ZD48L3RyPjx0cj48dGQ+44Kv44Ot44K544Gu5aSn44GN44GV77ya57SENi41w5czY20gPC90ZD48L3RyPjx0cj48dGQgIGNsYXNzPXNpemVHPuadkOOAgOizqjwvdGQ+PC90cj48dHI+PHRkPuODoeOCv+ODq+OAgC/jgIDnmq7jgbLjgoI8L3RkPjwvdHI+PHRyPjx0ZCAgY2xhc3M9c2l6ZUc+6KO944CA5L2cPC90ZD48L3RyPjx0cj48dGQ+44Ko44OB44Kq44OU44Ki77yI5Y+k44GE44KC44Gu44Gn44GZ77yJPC90ZD48L3RyPjwvdGFibGU+PC90ZD48dGQ+PGltZyBzcmM9aHR0cDovL2ltYWdlLnJha3V0ZW4uY28uanAva2lsaW1zL2NhYmluZXQvMDZldC9ldHVwLmpwZz48YnI+55qu44Gy44KC6YOo5YiGPC90ZD48L3RyPjwvdGFibGU+PC9kaXY+PC90cj48L3RhYmxlPjwvZGl2Pjx0YWJsZSB3aWR0aD01ODA+PHRyPjx0ZCBhbGlnbj1yaWdodD48cCBjbGFzcz1rZXk+S0VZOuOCouODs+ODhuOCo+ODvOOCr+ODu+ODk+ODvOOCuuODu+OCouODleODquOCq+ODu+OCqOOCueODi+ODg+OCr+ODu+ODmuODs+ODgOODs+ODiDwvcD48cCBjbGFzcz1uYXZpPjxicj48aW1nIHNyYz1odHRwOi8vaW1hZ2UucmFrdXRlbi5jby5qcC9raWxpbXMvY2FiaW5ldC9wYWdlYXJyb3dnLmdpZj7jgqjjg4Hjgqrjg5TjgqLjg7Pjg7vjgq/jg63jgrk8L3A+PC90ZD48L3RyPjwvdGFibGU+PHA+PC9wPjxkaXYgYWxpZ249Y2VudGVyPjx0YWJsZSB3aWR0aD00ODAgY2VsbHBhZGRpbmc9Mz48dHI+PHRkPjxpbWcgc3JjPWh0dHA6Ly9pbWFnZS5yYWt1dGVuLmNvLmpwL2tpbGltcy9jYWJpbmV0L2ltZy8yNDB3cmFwcGluZy5qcGcgYWx0PeOCruODleODiOODqeODg+ODlOODs+OCsD48L3RkPjx0ZD48cCBjbGFzcz10eHQ+44Op44OD44OU44Oz44Kw44Gu44GK55Sz44GX6L6844G/44Gv44CB44GU5rOo5paH44Gu6YCU5Lit44Gu55S76Z2i44GL44KJ44GK55Sz44GX6L6844G/44GE44Gf44Gg44GR44G+44GZ44CC77yI5pyJ5paZMzAw5YaG77yJPGJyPuOCruODleODiOOCq+ODvOODieOCkuOBiuS7mOOBkeOBhOOBn+OBl+OBvuOBmeOBruOBp+OAgeODoeODg+OCu+ODvOOCuOOBjOOBguOCiuOBvuOBl+OBn+OCieOAgeWCmeiAg+ashOOBq+OBiuabuOOBjea3u+OBiOOBj+OBoOOBleOBhOOBreOAgjxicj48YnI+4oeS44Op44OD44OU44Oz44Kw44Kk44Oh44O844K477yI5paw44GX44GE44Km44Kk44Oz44OJ44Km77yJPC9wPjwvdGQ+PC90cj48L3RhYmxlPjxkaXYgYWxpZ249Y2VudGVyPgoKCjxpbWcgc3JjPSJodHRwczovL2ltYWdlLnJha3V0ZW4uY28uanAva2lsaW1zL2NhYmluZXQvei8yMDE3a3VyYXRvcDc1MC5qcGciIGJvcmRlcj0iMCIgd2lkdGg9IjU4MCIgYWx0PSLolLXlh7rjgZfluIIiPgo8YnI+PGJyPgoKCjxpbWcgc3JjPSJodHRwOi8vaW1hZ2UucmFrdXRlbi5jby5qcC9raWxpbXMvY2FiaW5ldC90b3AvMjAxN21haW4zMC5qcGciIGJvcmRlcj0iMCIgd2lkdGg9IjU4MCIgYWx0PSLjgrnjg7zjg5Hjg7xERUFM5pyA5aSnMzAl44Od44Kk44Oz44OI44OQ44OD44KvIj4KPGJyPjxicj4KCgo8IS0t44Ko44Oz44OI44Oq44O8MeWAiwo8dGFibGUgY2VsbHNwYWNpbmc9MCBib3JkZXI9MCBjZWxscGFkZGluZz04IHdpZHRoPTU4MCBhbGlnbj0iY2VudGVyIj4KPHRyPgo8dGQgYmFja2dyb3VuZD1odHRwOi8vaW1hZ2UucmFrdXRlbi5jby5qcC9raWxpbXMvY2FiaW5ldC90b3AvZW50cnkyMDE2LTF2ZXIuanBnIHdpZHRoPTEwMCBoZWlnaHQ9Njk+Jm5ic3A7PC90ZD48dGQgYmdjb2xvcj00MDI1MEI+,44Ko44OB44Kq44OU44Ki44Oz44Kv44Ot44K544O755qu44Gy44KC44ON44OD44Kv44Os44K5ZXQyMjHvvJrjgqzjg6njgr/jg5Djgrbjg7zjg6vvvIjjgq3jg6rjg6DvvIbpm5HosqjvvIk=,44Kt44Oq44Og44Kt44Oq44Og44OQ44OD44Kw44Kt44Oq44Og44Kv44OD44K344On44Oz44OI44Or44Kz44K/44Kk44Or44OI44Or44Kz6Zm25Zmo44Kk44Op44Oz44Kt44Oq44Og44Ku44Oj44OD44OZ44Kr44Os44Oz44K344Or44OQ44O844Ko44OB44Kq44OU44Ki44Oz44Kv44Ot44K544O755qu44Gy44KC44ON44OD44Kv44Os44K5ZXQyMjE=,44CC44Ko44OB44Kq44OU44Ki44Oz44Kv44Ot44K544O755qu44Gy44KC44ON44OD44Kv44Os44K5ZXQyMjE=[rn]
39-1075,aHR0cDovL3RzaG9wLnIxMHMuanAva2lsaW1zL2NhYmluZXQvMDZldC9ldDIyMi5qcGc/Zml0aW49NzAwOjcwMA==,MzA0MC4wMDAw,,44K444Ol44Ko44Oq44O844O744Ki44Kv44K744K144Oq44O8ID4g44Os44OH44Kj44O844K544K444Ol44Ko44Oq44O844O744Ki44Kv44K744K144Oq44O8ID4g44ON44OD44Kv44Os44K544OB44Kn44O844Oz,44Ko44OB44Kq44OU44Ki44Oz44Kv44Ot44K544O755qu44Gy44KC44ON44OD44Kv44Os44K5ZXQyMjI=,,PGRpdiBhbGlnbj1jZW50ZXI+PHRhYmxlIGJnY29sb3I9I2NjMDAzMyBjZWxscGFkZGluZz04IHNlbGxzcGFjaW5nPTI+PHRyPjx0ZCBiZ2NvbG9yPUZGRkZGRj48cCBjbGFzcz1wMTE+44GT44Gu44Oa44O844K444Gu5ZWG5ZOB44Gv6LKp5aOy5riI44Gn44GZ44CC44OP44Oz44OJ44Oh44Kk44OJ44Gu5LiA54K544KC44Gu44Gu44Gf44KB44CB5YWo44GP5ZCM44GY5ZWG5ZOB44Gu5YaN5YWl6I2344Gv44GU44GW44GE44G+44Gb44KT44CCPC9wPjwvdGQ+PC90cj48L3RhYmxlPjxicj48YnI+PGZvbnQgc2l6ZT0rMT48Yj48YSBocmVmPWh0dHA6Ly9pdGVtLnJha3V0ZW4uY28uanAva2lsaW1zL2MvMDAwMDAwMjU0NC8+4oeS6LKp5aOy5Lit44Gu44Ko44OB44Kq44OU44Ki44Oz44Kv44Ot44K544Gv44GT44Gh44KJ44GL44KJPC9hPjwvYj48L2ZvbnQ+PGJyPjxicj48aW1nIHNyYz1odHRwOi8vaW1hZ2UucmFrdXRlbi5jby5qcC9raWxpbXMvY2FiaW5ldC8wNmV0L2V0MjIyLmpwZyBhbHQ944Ko44OB44Kq44OU44Ki44Oz44Kv44Ot44K544O755qu44Gy44KC44ON44OD44Kv44Os44K5Pjxicj48YnI+PHRhYmxlIHdpZHRoPTU4MD48dHI+PHRkIHdpZHRoPTUwJT48aDE+44Ko44OB44Kq44OU44Ki44Oz44Kv44Ot44K544O755qu44Gy44KC44ON44OD44Kv44Os44K5PC9oMT48cCBjbGFzcz10eHQ+44Kt44Oq44K544OI5pWZ5Zu944Gn44GC44KL44Ki44OV44Oq44Kr44Gu6KeS44O744Ko44OB44Kq44OU44Ki44Gn44CB5Lq644CF44GM44GE44Gk44KC6aaW44Gr44GL44GR44Gm44GE44KL5omL5L2c44KK44Gu44Kv44Ot44K544CCPGJyPirnmq7jgbLjgoLjga/ntZDjgpPjgafjgYLjgovjgaDjgZHjgarjga7jgafjgIHmu5HjgonjgZvjgabplbfjgZXjgpLoqr/nr4DjgZfjgabjgYrkvb/jgYTjgY/jgaDjgZXjgYTjgII8L3A+PHRhYmxlIGNsYXNzPXNpemU+PHRyPjx0ZCAgY2xhc3M9c2l6ZUc+44K144Kk44K6PC90ZD48L3RyPjx0cj48dGQ+44Kv44Ot44K544Gu5aSn44GN44GV77ya57SENS4zw5czLjNjbSA8L3RkPjwvdHI+PHRyPjx0ZCAgY2xhc3M9c2l6ZUc+5p2Q44CA6LOqPC90ZD48L3RyPjx0cj48dGQ+44Oh44K/44Or44CAL+OAgOearuOBsuOCgjwvdGQ+PC90cj48dHI+PHRkICBjbGFzcz1zaXplRz7oo73jgIDkvZw8L3RkPjwvdHI+PHRyPjx0ZD7jgqjjg4Hjgqrjg5TjgqLvvIjlj6TjgYTjgoLjga7jgafjgZnvvIk8L3RkPjwvdHI+PC90YWJsZT48L3RkPjx0ZD48aW1nIHNyYz1odHRwOi8vaW1hZ2UucmFrdXRlbi5jby5qcC9raWxpbXMvY2FiaW5ldC8wNmV0L2V0dXAuanBnPjxicj7nmq7jgbLjgoLpg6jliIY8L3RkPjwvdHI+PC90YWJsZT48L2Rpdj48L3RyPjwvdGFibGU+PC9kaXY+PHRhYmxlIHdpZHRoPTU4MD48dHI+PHRkIGFsaWduPXJpZ2h0PjxwIGNsYXNzPWtleT5LRVk644Ki44Oz44OG44Kj44O844Kv44O744OT44O844K644O744Ki44OV44Oq44Kr44O744Ko44K544OL44OD44Kv44O744Oa44Oz44OA44Oz44OIPC9wPjxwIGNsYXNzPW5hdmk+PGJyPjxpbWcgc3JjPWh0dHA6Ly9pbWFnZS5yYWt1dGVuLmNvLmpwL2tpbGltcy9jYWJpbmV0L3BhZ2VhcnJvd2cuZ2lmPuOCqOODgeOCquODlOOCouODs+ODu+OCr+ODreOCuTwvcD48L3RkPjwvdHI+PC90YWJsZT48cD48L3A+PGRpdiBhbGlnbj1jZW50ZXI+PHRhYmxlIHdpZHRoPTQ4MCBjZWxscGFkZGluZz0zPjx0cj48dGQ+PGltZyBzcmM9aHR0cDovL2ltYWdlLnJha3V0ZW4uY28uanAva2lsaW1zL2NhYmluZXQvaW1nLzI0MHdyYXBwaW5nLmpwZyBhbHQ944Ku44OV44OI44Op44OD44OU44Oz44KwPjwvdGQ+PHRkPjxwIGNsYXNzPXR4dD7jg6njg4Pjg5Tjg7PjgrDjga7jgYrnlLPjgZfovrzjgb/jga/jgIHjgZTms6jmlofjga7pgJTkuK3jga7nlLvpnaLjgYvjgonjgYrnlLPjgZfovrzjgb/jgYTjgZ/jgaDjgZHjgb7jgZnjgILvvIjmnInmlpkzMDDlhobvvIk8YnI+44Ku44OV44OI44Kr44O844OJ44KS44GK5LuY44GR44GE44Gf44GX44G+44GZ44Gu44Gn44CB44Oh44OD44K744O844K444GM44GC44KK44G+44GX44Gf44KJ44CB5YKZ6ICD5qyE44Gr44GK5pu444GN5re744GI44GP44Gg44GV44GE44Gt44CCPGJyPjxicj7ih5Ljg6njg4Pjg5Tjg7PjgrDjgqTjg6Hjg7zjgrjvvIjmlrDjgZfjgYTjgqbjgqTjg7Pjg4njgqbvvIk8L3A+PC90ZD48L3RyPjwvdGFibGU+PGRpdiBhbGlnbj1jZW50ZXI+CgoKPGltZyBzcmM9Imh0dHBzOi8vaW1hZ2UucmFrdXRlbi5jby5qcC9raWxpbXMvY2FiaW5ldC96LzIwMTdrdXJhdG9wNzUwLmpwZyIgYm9yZGVyPSIwIiB3aWR0aD0iNTgwIiBhbHQ9IuiUteWHuuOBl+W4giI+Cjxicj48YnI+CgoKPGltZyBzcmM9Imh0dHA6Ly9pbWFnZS5yYWt1dGVuLmNvLmpwL2tpbGltcy9jYWJpbmV0L3RvcC8yMDE3bWFpbjMwLmpwZyIgYm9yZGVyPSIwIiB3aWR0aD0iNTgwIiBhbHQ9IuOCueODvOODkeODvERFQUzmnIDlpKczMCXjg53jgqTjg7Pjg4jjg5Djg4Pjgq8iPgo8YnI+PGJyPgoKCjwhLS3jgqjjg7Pjg4jjg6rjg7wx5YCLCjx0YWJsZSBjZWxsc3BhY2luZz0wIGJvcmRlcj0wIGNlbGxwYWRkaW5nPTggd2lkdGg9NTgwIGFsaWduPSJjZW50ZXIiPgo8dHI+Cjx0ZCBiYWNrZ3JvdW5kPWh0dHA6Ly9pbWFnZS5yYWt1dGVuLmNvLmpwL2tpbGltcy9jYWJpbmV0L3RvcC9lbnRyeTIwMTYtMXZlci5qcGcgd2lkdGg9MTAwIGhlaWdodD02OT4mbmJzcDs8L3RkPjx0ZCBiZ2NvbG9yPTQwMjUwQj4=,44Ko44OB44Kq44OU44Ki44Oz44Kv44Ot44K544O755qu44Gy44KC44ON44OD44Kv44Os44K5ZXQyMjLvvJrjgqzjg6njgr/jg5Djgrbjg7zjg6vvvIjjgq3jg6rjg6DvvIbpm5HosqjvvIk=,44Kt44Oq44Og44Kt44Oq44Og44OQ44OD44Kw44Kt44Oq44Og44Kv44OD44K344On44Oz44OI44Or44Kz44K/44Kk44Or44OI44Or44Kz6Zm25Zmo44Kk44Op44Oz44Kt44Oq44Og44Ku44Oj44OD44OZ44Kr44Os44Oz44K344Or44OQ44O844Ko44OB44Kq44OU44Ki44Oz44Kv44Ot44K544O755qu44Gy44KC44ON44OD44Kv44Os44K5ZXQyMjI=,44Ko44OB44Kq44OU44Ki44Oz44Kv44Ot44K544O755qu44Gy44KC44ON44OD44Kv44Os44K5ZXQyMjI=[rn]
39-1076,aHR0cDovL3RzaG9wLnIxMHMuanAva2lsaW1zL2NhYmluZXQvMDYvc2x2MzEuanBnP2ZpdGluPTcwMDo3MDA=,MjE2MC4wMDAw,,44K444Ol44Ko44Oq44O844O744Ki44Kv44K744K144Oq44O8ID4g44Os44OH44Kj44O844K544K444Ol44Ko44Oq44O844O744Ki44Kv44K744K144Oq44O8ID4g44ON44OD44Kv44Os44K544OB44Kn44O844Oz,44Ki44Op44OW6aKo44Gu44OB44Kn44O844Oz44K344Or44OQ44O8IO+8nOOCouODgOODkeOCtuODq++8nuODlOOCouOCuS/jgrnjgrrjg6njg7M=,,PGRpdiBhbGlnbj1jZW50ZXI+PGltZyB3aWR0aD01ODAgc3JjPWh0dHA6Ly9pbWFnZS5yYWt1dGVuLmNvLmpwL2tpbGltcy9jYWJpbmV0LzA2L3NsdjMxLmpwZz48YnI+PGJyPjxpbWcgd2lkdGg9NTgwIHNyYz1odHRwOi8vaW1hZ2UucmFrdXRlbi5jby5qcC9raWxpbXMvY2FiaW5ldC8wNi9zbHYzMWltZy5qcGc+PGJyPjxoMT7jgqLjg6njg5bpoqjjga7jg4Hjgqfjg7zjg7Pjgrfjg6vjg5Djg7wg77yc44Ki44OA44OR44K244Or77ye44OU44Ki44K5L+OCueOCuuODqeODszwvaDE+PHRhYmxlIHdpZHRoPTk4JSBjZWxsc3BhY2luZz00Pjx0cj48dGQ+PHRhYmxlIGNsYXNzPXNpemU+PHRyIGNsYXNzPXNpemVHPuOCteOCpOOCujwvdGQ+PC90cj48dHI+PHRkPumVt+OBleOAgDVjbS/jg4jjg4Pjg5fjga7jgrXjgqTjgro0w5cxLjNjbTwvdGQ+PC90cj48dHI+PHRkICBjbGFzcz1zaXplRz7mnZDjgIDos6o8L3RkPjwvdHI+PHRyPjx0ZD7jgrfjg6vjg5Djg7zjgILpu4ToibLlkbPjga7jgarjgYTnmb3jgafjgZnjgII8L3RkPjwvdHI+PHRyPjx0ZCBjbGFzcz1zaXplRz7liLbjgIDkvZw8L3RkPjwvdHI+PHRyPjx0ZD48L3RkPjwvdHI+PC90YWJsZT48cCBjbGFzcz1wMTE+44GZ44G544Gm5omL5L2c5qWt44Gn5LiB5a+n44Gr57WE44G/56uL44Gm44KJ44KM44Gm44GE44G+44GZ44CCPGJyPuOCpOOCueODqeODoOOBruWls+aAp+OBn+OBoeOBr+m7kuOBhOODgeODo+ODieODq+OBruS4i+OBq+OBn+OBj+OBleOCk+OBruijhemjvuWTgeOCkuOBpOOBkeOBpuedgOmjvuOCiuOBvuOBmeOAgue0sOOBi+OBque0sOW3peOBruOCt+ODq+ODkOODvOODlOOCouOCueOBr+OAgeODjeODg+OCr+ODrOOCueOBqOOCu+ODg+ODiOOBp+OBqeOBhuOBnuOAgjxicj48YnI+PGJyPjxicj48L3A+PC90ZD48dGQ+PGltZyBzcmM9aHR0cDovL2ltYWdlLnJha3V0ZW4uY28uanAva2lsaW1zL2NhYmluZXQvMDYvc2x2MzF1cC5qcGcgd2lkdGg9MjgwPjwvdGQ+PC90cj48L3RhYmxlPjwvZGl2Pjx0YWJsZSB3aWR0aD01ODA+PHRyPjx0ZCBhbGlnbj1yaWdodD48cCBjbGFzcz1uYXZpPjxicj48aW1nIHNyYz1odHRwOi8vaW1hZ2UucmFrdXRlbi5jby5qcC9raWxpbXMvY2FiaW5ldC9wYWdlYXJyb3dnLmdpZj7jgqLjg6njg5bpoqjjgrfjg6vjg5Djg7w8L3A+PC90ZD48L3RyPjwvdGFibGU+PHA+PC9wPjxkaXYgYWxpZ249Y2VudGVyPjx0YWJsZSB3aWR0aD00ODAgY2VsbHBhZGRpbmc9Mz48dHI+PHRkPjxpbWcgc3JjPWh0dHA6Ly9pbWFnZS5yYWt1dGVuLmNvLmpwL2tpbGltcy9jYWJpbmV0L2ltZy8yNDB3cmFwcGluZy5qcGcgYWx0PeOCruODleODiOODqeODg+ODlOODs+OCsD48L3RkPjx0ZD48cCBjbGFzcz10eHQ+44Op44OD44OU44Oz44Kw44Gu44GK55Sz44GX6L6844G/44Gv44CB44GU5rOo5paH44Gu6YCU5Lit44Gu55S76Z2i44GL44KJ44GK55Sz44GX6L6844G/44GE44Gf44Gg44GR44G+44GZ44CC77yI5pyJ5paZMzAw5YaG77yJPGJyPuOCruODleODiOOCq+ODvOODieOCkuOBiuS7mOOBkeOBhOOBn+OBl+OBvuOBmeOBruOBp+OAgeODoeODg+OCu+ODvOOCuOOBjOOBguOCiuOBvuOBl+OBn+OCieOAgeWCmeiAg+ashOOBq+OBiuabuOOBjea3u+OBiOOBj+OBoOOBleOBhOOBreOAgjxicj48YnI+4oeS44Op44OD44OU44Oz44Kw44Kk44Oh44O844K477yI5paw44GX44GE44Km44Kk44Oz44OJ44Km77yJPC9wPjwvdGQ+PC90cj48L3RhYmxlPjxkaXYgYWxpZ249Y2VudGVyPgoKCjxpbWcgc3JjPSJodHRwczovL2ltYWdlLnJha3V0ZW4uY28uanAva2lsaW1zL2NhYmluZXQvei8yMDE3a3VyYXRvcDc1MC5qcGciIGJvcmRlcj0iMCIgd2lkdGg9IjU4MCIgYWx0PSLolLXlh7rjgZfluIIiPgo8YnI+PGJyPgoKCjxpbWcgc3JjPSJodHRwOi8vaW1hZ2UucmFrdXRlbi5jby5qcC9raWxpbXMvY2FiaW5ldC90b3AvMjAxN21haW4zMC5qcGciIGJvcmRlcj0iMCIgd2lkdGg9IjU4MCIgYWx0PSLjgrnjg7zjg5Hjg7xERUFM5pyA5aSnMzAl44Od44Kk44Oz44OI44OQ44OD44KvIj4KPGJyPjxicj4KCgo8IS0t44Ko44Oz44OI44Oq44O8MeWAiwo8dGFibGUgY2VsbHNwYWNpbmc9MCBib3JkZXI9MCBjZWxscGFkZGluZz04IHdpZHRoPTU4MCBhbGlnbj0iY2VudGVyIj4KPHRyPgo8dGQgYmFja2dyb3VuZD1odHRwOi8vaW1hZ2UucmFrdXRlbi5jby5qcC9raWxpbXMvY2FiaW5ldC90b3AvZW50cnkyMDE2LTF2ZXIuanBnIHdpZHRoPTEwMCBoZWlnaHQ9Njk+Jm5ic3A7PC90ZD48dGQgYmdjb2xvcj00MDI1MEI+,44Ki44Op44OW6aKo44Gu44OB44Kn44O844Oz44K344Or44OQ44O8IO+8nOOCouODgOODkeOCtuODq++8nuODlOOCouOCuS/jgrnjgrrjg6njg7PvvJrjgqzjg6njgr/jg5Djgrbjg7zjg6vvvIjjgq3jg6rjg6DvvIbpm5HosqjvvIk=,44Kt44Oq44Og44Kt44Oq44Og44OQ44OD44Kw44Kt44Oq44Og44Kv44OD44K344On44Oz44OI44Or44Kz44K/44Kk44Or44OI44Or44Kz6Zm25Zmo44Kk44Op44Oz44Kt44Oq44Og44Ku44Oj44OD44OZ44Kr44Os44Oz44K344Or44OQ44O844Ki44Op44OW6aKo44Gu44OB44Kn44O844Oz44K344Or44OQ44O8IO+8nOOCouODgOODkeOCtuODq++8nuODlOOCouOCuS/jgrnjgrrjg6njg7M=,44CC44Ki44Op44OW6aKo44Gu44OB44Kn44O844Oz44K344Or44OQ44O8IO+8nOOCouODgOODkeOCtuODq++8nuODlOOCouOCuS/jgrnjgrrjg6njg7M=[rn]
39-1077,aHR0cDovL3RzaG9wLnIxMHMuanAvbG91aXNlLWJxL2NhYmluZXQvcHJvZHVjdDUyL3NmN2QwNjktMS5qcGc/Zml0aW49NzAwOjcwMA==,Nzk5LjIwMDA=,,44K444Ol44Ko44Oq44O844O744Ki44Kv44K744K144Oq44O8ID4g44Os44OH44Kj44O844K544K444Ol44Ko44Oq44O844O744Ki44Kv44K744K144Oq44O8ID4g44ON44OD44Kv44Os44K544OB44Kn44O844Oz,44CQ44GC44GZ5qW944CR44OU44Ki44K5IOOCreODo+ODg+ODgSDjg5TjgqLjgrkgIOODkOOCv+ODleODqeOCpOODouODgeODvOODlTLpgKPjg5Hjg7zjg6vjg43jg4Pjgq/jg6zjgrkm44OU44Ki44K544Ki44Kv44K744K144Oq44O844K744OD44OIWzLngrnjgrvjg4Pjg4hdIFvjg4njg6zjgrkg44Kt44Oj44OQIOOBiuawtCDnp4HmnI0g44Kr44K444Ol44Ki44OrIGxhZGllcyBkcmVzc11b44K444Ol44Ko44Oq44O8IOODjeODg+OCr+ODrOOCuSDpppbpo77jgoog6ICz6aO+44KKIOODlOOCouOCuSDjgqLjgq/jgrvjgrXjg6rjg7wg5aSn5Lq6IOWls+aAp11b5bCP54mpXQ==,44GC44GZ5qW9IOODlOOCouOCuSDjgq3jg6Pjg4Pjg4Eg44ON44OD44Kv44Os44K5IOODrOODh+OCo+ODvOOCuSDjgrvjg4Pjg4g=,PGRpdj48YSBocmVmPSJodHRwOi8vZXZlbnQucmFrdXRlbi5jby5qcC9hc3VyYWt1L2Fib3V0LyI+PGltZyBzcmM9Imh0dHA6Ly9pbWFnZS5yYWt1dGVuLmNvLmpwL2xvdWlzZS1icS9jYWJpbmV0L2FzdXJha3VfMS5qcGciIHdpZHRoPSIxMDAlIj48L2E+PGJyIC8+PGJyIC8+PC9kaXY+PGZvbnQgY29sb3I9IiM2NjY2NjYiIHNpemU9IjIiPiAK44OJ44Os44K544KE44K544O844OE44KS552A44Gm6IO45YWD44GM5a+C44GX44GE4oCm44Go44GE44GG5pmC44Gr44GK44GZ44GZ44KB44Gu44Ki44Kv44K744K144Oq44O844K744OD44OI44CCMumAo+ODkeODvOODq+miqOODjeODg+OCr+ODrOOCueOBq+i8neOBj+ODkOOCv+ODleODqeOCpOODouODgeODvOODleOBjOWkp+S6uuOCq+ODr+OCpOOCpOWNsOixoeOBq+OAguODkeODvOODq+S9v+OBhOOBruOCouOCr+OCu+OCteODquODvOOBr+ODleOCqeODvOODnuODq+OCt+ODvOODs+OBp+OCguOBiuS9v+OBhOmgguOBkeOCi+OBruOBp+OAgeOBiuS7leS6i+eUqOOBr+OCguOBoeOCjeOCk+aApeOBquOBiuWRvOOBsOOCjOOBq+OCguWvvuW/nE9L44Gq44Ki44Kk44OG44Og44Gn44GZ44CCPGJyPiAKPGhyPiAK44CQ6Kmz57Sw44CRPGJyPiAK44CA44ON44OD44Kv44Os44K55YWo6ZW3OjQ1Y20gCuOAgOODouODgeODvOODlTo0LjhjbSAK44CA44OU44Ki44K5Oue4pjNjbSAK57Sg5p2QOumHkeWxniAK4oC76KO95ZOB44Gr44KI44KK44K144Kk44K644Gr44Gw44KJ44Gk44GN44GM44GU44GW44GE44G+44GZ44CC44GC44KJ44GL44GY44KB44GU55WZ5oSP44GP44Gg44GV44GE44CCPGJyPiAK4oC76YeR5bGe44Ki44Os44Or44Ku44O844Gu5pa544Gv6ZW35pmC6ZaT44Gu44GU5L2/55So44KS44GK6YG/44GR44GP44Gg44GV44GE44CCPGJyPiAK4oC75b2T6KO95ZOB44Gv57Sg5p2Q44Gr44KI44KK44CB5rGX44CB5rC044CB6Zuo44CB5rm/5rCX44CB44Gf44Gw44GT44Gu44Ok44OL562J44GM5Y6f5Zug44Gn5p+T6Imy44Gu5LiA6YOo44GM6Imy6JC944Gh44CB5aSJ6Imy44GZ44KL5aC05ZCI44GM44GC44KK44G+44GZ44CCPGJyPjwvZm9udD48aHI+PGRpdiBzdHlsZT0ibWFyZ2luIDogNXB4Ij4KPHAgc3R5bGU9Im1hcmdpbi1ib3R0b206MHB4O2JhY2tncm91bmQ6I0Y5QzIzMTtjb2xvcjojNjY2O2ZvbnQtc2l6ZToxOHB4O2ZvbnQtd2VpZ2h0OmJvbGQ7dGV4dC1hbGlnbjogY2VudGVyO3BhZGRpbmctdG9wOjVweCI+44Os44OT44Ol44O844KS5pu444GR44Gw5b+F44Ga44KC44KJ44GI44KL77yBPC9wPgo8aW1nIHNyYz0iaHR0cHM6Ly9pbWFnZS5yYWt1dGVuLmNvLmpwL2xvdWlzZS1icS9jYWJpbmV0L3NtYXJ0cGhvbmUvcmV2aWV3X2NvdXBvbi5qcGciIHdpZHRoPSIxMDAlIj4KCjwvZGl2PgoKCjwhLS08ZGl2IGNsYXNzPSJzYWxlX2xlZnQgZml4ZWQiPgo8dWw+CjxsaSBpZD0iTjIiIHN0eWxlPSJtYXJnaW4tbGVmdDogNXB4OyI+PGltZyBzcmM9Imh0dHA6Ly9pbWFnZS5yYWt1dGVuLmNvLmpwL2xvdWlzZS1icS9jYWJpbmV0L3NhbGUvMTYwM3NzLzUwMF8xMG9mZi5qcGciIHdpZHRoPSI4MHB4Ij48L2xpPgo8bGkgaWQ9Ik4xIiBzdHlsZT0ibWFyZ2luLWxlZnQ6IDVweDsiPjxpbWcgc3JjPSJodHRwOi8vaW1hZ2UucmFrdXRlbi5jby5qcC9sb3Vpc2UtYnEvY2FiaW5ldC9zYWxlLzE2MDNzcy81MDBfMS5qcGciIHdpZHRoPSI4MHB4Ij48L2xpPgo8bGkgaWQ9Ik4zIiBzdHlsZT0ibWFyZ2luLWxlZnQ6NXB4OyI+PGltZyBzcmM9Imh0dHA6Ly9pbWFnZS5yYWt1dGVuLmNvLmpwL2xvdWlzZS1icS9jYWJpbmV0L3NhbGUvMTYwM3NzLzUwMF8zLmpwZyIgd2lkdGg9IjgwcHgiPjwvbGk+CjxsaSBpZD0iTjQiIHN0eWxlPSJtYXJnaW4tbGVmdDogNXB4OyI+PGltZyBzcmM9Imh0dHA6Ly9pbWFnZS5yYWt1dGVuLmNvLmpwL2xvdWlzZS1icS9jYWJpbmV0L3NhbGUvMTYwM3NzLzUwMF84LmpwZyIgd2lkdGg9IjgwcHgiPjwvbGk+CjxsaSBpZD0iTjUiIHN0eWxlPSJtYXJnaW4tbGVmdDogNXB4OyI+PGltZyBzcmM9Imh0dHA6Ly9pbWFnZS5yYWt1dGVuLmNvLmpwL2xvdWlzZS1icS9jYWJpbmV0L3NhbGUvMTYwM3NzLzUwMF80LmpwZyIgd2lkdGg9IjgwcHgiPjwvbGk+CjxsaSBpZD0iTjYiIHN0eWxlPSJtYXJnaW4tbGVmdDogNXB4OyI+PGltZyBzcmM9Imh0dHA6Ly9pbWFnZS5yYWt1dGVuLmNvLmpwL2xvdWlzZS1icS9jYWJpbmV0L3NhbGUvMTYwM3NzLzUwMF82LmpwZyIgd2lkdGg9IjgwcHgiPjwvbGk+Cgo8bGkgaWQ9Ik43IiBzdHlsZT0ibWFyZ2luLWxlZnQ6IDVweDsiPjxpbWcgc3JjPSJodHRwOi8vaW1hZ2UucmFrdXRlbi5jby5qcC9sb3Vpc2UtYnEvY2FiaW5ldC9zYWxlLzE2MDNzcy90b3BfLmpwZyIgd2lkdGg9IjgwcHgiPjwvbGk+Cgo8L3VsPgo8L2Rpdj4tLT4KCjxzdHlsZSB0eXBlPSJ0ZXh0L2NzcyI+CgoubGlzdDAwM3sKICAgIG1hcmdpbi1ib3R0b206IDEwcHg7CiAgICBvdmVyZmxvdzogaGlkZGVuOwp9Ci5saXN0MDAzIHVsIGxpIHsKICAgIGRpc3BsYXk6IGJsb2NrOwogICAgd2lkdGg6IDMyJTsKICAgIG1hcmdpbi1sZWZ0OiAxJTsKICAgIGZsb2F0OiBsZWZ0Owp9Ci5saXN0MDAzIHVsIGxpIGF7CiAgICAKICAgIHRleHQtZGVjb3JhdGlvbjogbm9uZTsKICAgIH0KCnVsewoJbWFyZ2luOiAwcHggIWltcG9ydGFudDsKCXBhZGRpbmc6IDBweCAhaW1wb3J0YW50Owp9CmxpewoJbGlzdC1zdHlsZTpub25lOwp9CgouY3Vwb25fbGlzdDA0ewoJY2xlYXI6IGJvdGg7CglvdmVyZmxvdzogaGlkZGVuOwoJbWFyZ2luOiAxMHB4IDA7Cgl3aWR0aDo3NDBweDsKfQouY3Vwb25fbGlzdDA0IHVsIHsKCQp9Ci5jdXBvbl9saXN0MDQgdWwgbGl7CglmbG9hdDogbGVmdDsKCXdpZHRoOiAyMyU7CgltYXJnaW4tcmlnaHQ6IDElOwoJbWFyZ2luLWxlZnQ6IDElOwoJCgl9Cgouc2FsZV9sZWZ0ewoJd2lkdGg6IDgwcHg7Cglwb3NpdGlvbjphYnNvbHV0ZTsKCXRvcDoxMDBweDsKCWxlZnQ6IDBweDsKfQoKLnNhbGVfcmlnaHR7Cglwb3NpdGlvbjphYnNvbHV0ZTsKCXRvcDoxMDBweDsKcmlnaHQ6IDBweDsKfQouZml4ZWR7Cglwb3NpdGlvbjpmaXhlZDsKCXRvcDoxMDBweDsvKuWbuuWumuOBleOBm+OBn+OBhOS9jee9riovCn0KCi5maXhlZF9iewoJcG9zaXRpb246Zml4ZWQ7Cgl0b3A6MjAwcHg7Lyrlm7rlrprjgZXjgZvjgZ/jgYTkvY3nva4qLwp9Ci5maXhlZF9jewoJcG9zaXRpb246Zml4ZWQ7Cgl0b3A6MzAwcHg7Lyrlm7rlrprjgZXjgZvjgZ/jgYTkvY3nva4qLwp9CgouZml4ZWRfZHsKCXBvc2l0aW9uOmZpeGVkOwoJdG9wOjQwMHB4Oy8q5Zu65a6a44GV44Gb44Gf44GE5L2N572uKi8KfQoKLmZpeGVkX2V7Cglwb3NpdGlvbjpmaXhlZDsKCXRvcDo1MDBweDsvKuWbuuWumuOBleOBm+OBn+OBhOS9jee9riovCn0KCi5maXhlZF9mewoJcG9zaXRpb246Zml4ZWQ7Cgl0b3A6NjAwcHg7Lyrlm7rlrprjgZXjgZvjgZ/jgYTkvY3nva4qLwp9CgouZml4ZWRfZ3sKCXBvc2l0aW9uOmZpeGVkOwoJdG9wOjcwMHB4Oy8q5Zu65a6a44GV44Gb44Gf44GE5L2N572uKi8KfQoKLnNhbGVfcmlnaHRiewoJcG9zaXRpb246Zml4ZWQ7Cgl0b3A6MzYwcHg7CnJpZ2h0OiAwcHg7Cn0KPC9zdHlsZT4KCjwhLS0KPGRpdiBjbGFzcz0ic2FsZV9yaWdodCBmaXhlZCI+Cjx1bD4KPGxpPjxpbWcgc3JjPSJodHRwOi8vaW1hZ2UucmFrdXRlbi5jby5qcC9sb3Vpc2UtYnEvY2FiaW5ldC9zYWxlL2ZsYXNoY291cG9uL2ZsYXNoY291cG9uMTAwLmdpZiIgd2lkdGg9IjgwcHgiPjwvbGk+Cgo8L3VsPgo8L2Rpdj4KCgo8ZGl2IGNsYXNzPSJzYWxlX3JpZ2h0YiBmaXhlZCI+Cjx1bD4KPGxpPjxpbWcgc3JjPSJodHRwOi8vaW1hZ2UucmFrdXRlbi5jby5qcC9sb3Vpc2UtYnEvY2FiaW5ldC8yMDE1c2FudGEvc2FsZV9wY25hdmkuZ2lmIiB3aWR0aD0iODBweCI+PC9saT4KCjwvdWw+CjwvZGl2PgotLT4=,44CQ44GC44GZ5qW944CR44OU44Ki44K5IOOCreODo+ODg+ODgSDjg5TjgqLjgrkgIOODkOOCv+ODleODqeOCpOODouODgeODvOODlTLpgKPjg5Hjg7zjg6vjg43jg4Pjgq/jg6zjgrkmYW1wO+ODlOOCouOCueOCouOCr+OCu+OCteODquODvOOCu+ODg+ODiFsy54K544K744OD44OIXSBb44OJ44Os44K5IOOCreODo+ODkCDjgYrmsLQg56eB5pyNIOOCq+OCuOODpeOCouODqyBsYWRpZXMgZHJlc3NdW+OCuOODpeOCqOODquODvCDjg43jg4Pjgq/jg6zjgrkg6aaW6aO+44KKIOiAs+mjvuOCiiDjg5TjgqLjgrkg44Ki44Kv44K744K144Oq44O8IOWkp+S6uiDlpbPmgKddW+Wwj+eJqV3vvJpkYXp6eXN0b3Jl77yI44OH44Kk44K444O844K544OI44Ki77yJ,44Kt44Oj44OQ44OJ44Os44K544Ov44Oz44OU44O844K544Kr44Op44Kz44Oz44OR44O844OG44Kj44O844OJ44Os44K544OM44O844OW44Op44OJ44Os44K544Kz44K544OX44Os44OP44Ot44Km44Kj44Oz44OR44Oz44OX44K544K144Oz44OA44Or44OW44O844OE44Kt44Oj44OQ44Kt44Oj44OQ44CA44OJ44Os44K544Of44OL44OJ44Os44K544Or44O844Og44Km44Kn44Ki5LiL552A44OW44OpIOOCu+ODg+ODiOODnuOCuOODg+OCr+ODouODs+ODreODvOi1pOOCr+ODquOCueODnuOCueOAkOOBguOBmealveOAkeODlOOCouOCuSDjgq3jg6Pjg4Pjg4Eg44OU44Ki44K5ICDjg5Djgr/jg5Xjg6njgqTjg6Ljg4Hjg7zjg5Uy6YCj44OR44O844Or44ON44OD44Kv44Os44K5JmFtcDvjg5TjgqLjgrnjgqLjgq/jgrvjgrXjg6rjg7zjgrvjg4Pjg4hbMueCueOCu+ODg+ODiF0gW+ODieODrOOCuSDjgq3jg6Pjg5Ag44GK5rC0IOengeacjSDjgqvjgrjjg6XjgqLjg6sgbGFkaWVzIGRyZXNzXVvjgrjjg6Xjgqjjg6rjg7wg44ON44OD44Kv44Os44K5IOmmlumjvuOCiiDogLPpo77jgoog44OU44Ki44K5IOOCouOCr+OCu+OCteODquODvCDlpKfkurog5aWz5oCnXVvlsI/niald,44GC44GZ5qW9IOODlOOCouOCuSDjgq3jg6Pjg4Pjg4Eg44ON44OD44Kv44Os44K5IOODrOODh+OCo+ODvOOCuSDjgrvjg4Pjg4jjgILjgJDjgYLjgZnmpb3jgJHjg5TjgqLjgrkg44Kt44Oj44OD44OBIOODlOOCouOCuSAg44OQ44K/44OV44Op44Kk44Oi44OB44O844OVMumAo+ODkeODvOODq+ODjeODg+OCr+ODrOOCuSZhbXA744OU44Ki44K544Ki44Kv44K744K144Oq44O844K744OD44OIWzLngrnjgrvjg4Pjg4hdIFvjg4njg6zjgrkg44Kt44Oj44OQIOOBiuawtCDnp4HmnI0g44Kr44K444Ol44Ki44OrIGxhZGllcyBkcmVzc11b44K444Ol44Ko44Oq44O8IOODjeODg+OCr+ODrOOCuSDpppbpo77jgoog6ICz6aO+44KKIOODlOOCouOCuSDjgqLjgq/jgrvjgrXjg6rjg7wg5aSn5Lq6IOWls+aAp11b5bCP54mpXQ==[rn]
39-1078,aHR0cDovL3RzaG9wLnIxMHMuanAvbG91aXNlLWJxL2NhYmluZXQvcHJvZHVjdDUxL3NmN2QwMzUtMS5qcGc/Zml0aW49NzAwOjcwMA==,ODc5LjIwMDA=,,44K444Ol44Ko44Oq44O844O744Ki44Kv44K744K144Oq44O8ID4g44Os44OH44Kj44O844K544K444Ol44Ko44Oq44O844O744Ki44Kv44K744K144Oq44O8ID4g44ON44OD44Kv44Os44K544OB44Kn44O844Oz,44CQ44GC44GZ5qW944CR44OU44Ki44K5IOOCreODo+ODg+ODgSDjg5TjgqLjgrkgIOODqeOCpOODs+OCueODiOODvOODs+S7mOODjeODg+OCr+ODrOOCuSbjg5TjgqLjgrnjgqLjgq/jgrvjgrXjg6rjg7zjgrvjg4Pjg4hbMueCueOCu+ODg+ODiF0gW+ODieODrOOCuSDjgq3jg6Pjg5Ag44GK5rC0IOengeacjSDjgqvjgrjjg6XjgqLjg6sgbGFkaWVzIGRyZXNzXVvjgrjjg6Xjgqjjg6rjg7wg44ON44OD44Kv44Os44K5IOmmlumjvuOCiiDogLPpo77jgoog44OU44Ki44K5IOOCouOCr+OCu+OCteODquODvCDlpKfkurog5aWz5oCnXVvlsI/niald,44GC44GZ5qW9IOODlOOCouOCuSDjgq3jg6Pjg4Pjg4Eg44ON44OD44Kv44Os44K5IOODrOODh+OCo+ODvOOCuSDjgrvjg4Pjg4g=,PGRpdj48YSBocmVmPSJodHRwOi8vZXZlbnQucmFrdXRlbi5jby5qcC9hc3VyYWt1L2Fib3V0LyI+PGltZyBzcmM9Imh0dHA6Ly9pbWFnZS5yYWt1dGVuLmNvLmpwL2xvdWlzZS1icS9jYWJpbmV0L2FzdXJha3VfMS5qcGciIHdpZHRoPSIxMDAlIj48L2E+PGJyIC8+PGJyIC8+PC9kaXY+PGZvbnQgY29sb3I9IiM2NjY2NjYiIHNpemU9IjIiPgrlrInjgZfjgYTjgqLjgq/jgrvjgrXjg6rjg7zjga7jgrvjg4Pjg4jjgILjgrfjg7Pjg5fjg6vjgarjgYzjgonjgq3jg6njgq3jg6njgY3jgonjgoHjgYTjgabku5jjgZHjgabjgYTjgovjgaDjgZHjgacK44GE44Gj44GN44Gr6I+v44KE44GL44Gr44Gq44KK5Y2w6LGh44KS44GM44KJ44KK44Go5aSJ44GI44Gm44GP44KM44G+44GZ44CCCgoKPGhyPiAK44CQ6Kmz57Sw44CRPGJyPiAK44CA44ON44OD44Kv44Os44K55YWo6ZW3OjUwY208YnI+CuOAgOODouODgeODvOODlTo5Y208YnI+CuOAgOODlOOCouOCuTrnuKYzLjVjbTxicj4K57Sg5p2QOumHkeWxni/jg6njgqTjg7Pjgrnjg4jjg7zjg7M8YnI+CuKAu+aOoeWvuOOBr+Wun+WvuOOBp+ihjOOBo+OBpuOBiuOCiuOBvuOBmeOAguOCueOCv+ODg+ODleOBq+OCiOOCi+aOoeWvuOOBp+OBmeOBruOBp+WkmuWwkeOBruiqpOW3ruOBr+OBlOS6huaJv+OBj+OBoOOBleOBhOOAgjxicj4K4oC76KO95ZOB44Gr44KI44KK44K144Kk44K644Gr44Gw44KJ44Gk44GN44GM44GU44GW44GE44G+44GZ44CC44GC44KJ44GL44GY44KB44GU55WZ5oSP44GP44Gg44GV44GE44CCPGJyPgrigLvph5HlsZ7jgqLjg6zjg6vjgq7jg7zjga7mlrnjga/plbfmmYLplpPjga7jgZTkvb/nlKjjgpLjgYrpgb/jgZHjgY/jgaDjgZXjgYTjgII8YnI+CuKAu+W9k+ijveWTgeOBr+e0oOadkOOBq+OCiOOCiuOAgeaxl+OAgeawtOOAgembqOOAgea5v+awl+OAgeOBn+OBsOOBk+OBruODpOODi+etieOBjOWOn+WboOOBp+afk+iJsuOBruS4gOmDqOOBjOiJsuiQveOBoeOAgeWkieiJsuOBmeOCi+WgtOWQiOOBjOOBguOCiuOBvuOBmeOAggo8YnI+PC9mb250Pgo8aHI+PGRpdiBzdHlsZT0ibWFyZ2luIDogNXB4Ij4KPHAgc3R5bGU9Im1hcmdpbi1ib3R0b206MHB4O2JhY2tncm91bmQ6I0Y5QzIzMTtjb2xvcjojNjY2O2ZvbnQtc2l6ZToxOHB4O2ZvbnQtd2VpZ2h0OmJvbGQ7dGV4dC1hbGlnbjogY2VudGVyO3BhZGRpbmctdG9wOjVweCI+44Os44OT44Ol44O844KS5pu444GR44Gw5b+F44Ga44KC44KJ44GI44KL77yBPC9wPgo8aW1nIHNyYz0iaHR0cHM6Ly9pbWFnZS5yYWt1dGVuLmNvLmpwL2xvdWlzZS1icS9jYWJpbmV0L3NtYXJ0cGhvbmUvcmV2aWV3X2NvdXBvbi5qcGciIHdpZHRoPSIxMDAlIj4KCjwvZGl2PgoKCjwhLS08ZGl2IGNsYXNzPSJzYWxlX2xlZnQgZml4ZWQiPgo8dWw+CjxsaSBpZD0iTjIiIHN0eWxlPSJtYXJnaW4tbGVmdDogNXB4OyI+PGltZyBzcmM9Imh0dHA6Ly9pbWFnZS5yYWt1dGVuLmNvLmpwL2xvdWlzZS1icS9jYWJpbmV0L3NhbGUvMTYwM3NzLzUwMF8xMG9mZi5qcGciIHdpZHRoPSI4MHB4Ij48L2xpPgo8bGkgaWQ9Ik4xIiBzdHlsZT0ibWFyZ2luLWxlZnQ6IDVweDsiPjxpbWcgc3JjPSJodHRwOi8vaW1hZ2UucmFrdXRlbi5jby5qcC9sb3Vpc2UtYnEvY2FiaW5ldC9zYWxlLzE2MDNzcy81MDBfMS5qcGciIHdpZHRoPSI4MHB4Ij48L2xpPgo8bGkgaWQ9Ik4zIiBzdHlsZT0ibWFyZ2luLWxlZnQ6NXB4OyI+PGltZyBzcmM9Imh0dHA6Ly9pbWFnZS5yYWt1dGVuLmNvLmpwL2xvdWlzZS1icS9jYWJpbmV0L3NhbGUvMTYwM3NzLzUwMF8zLmpwZyIgd2lkdGg9IjgwcHgiPjwvbGk+CjxsaSBpZD0iTjQiIHN0eWxlPSJtYXJnaW4tbGVmdDogNXB4OyI+PGltZyBzcmM9Imh0dHA6Ly9pbWFnZS5yYWt1dGVuLmNvLmpwL2xvdWlzZS1icS9jYWJpbmV0L3NhbGUvMTYwM3NzLzUwMF84LmpwZyIgd2lkdGg9IjgwcHgiPjwvbGk+CjxsaSBpZD0iTjUiIHN0eWxlPSJtYXJnaW4tbGVmdDogNXB4OyI+PGltZyBzcmM9Imh0dHA6Ly9pbWFnZS5yYWt1dGVuLmNvLmpwL2xvdWlzZS1icS9jYWJpbmV0L3NhbGUvMTYwM3NzLzUwMF80LmpwZyIgd2lkdGg9IjgwcHgiPjwvbGk+CjxsaSBpZD0iTjYiIHN0eWxlPSJtYXJnaW4tbGVmdDogNXB4OyI+PGltZyBzcmM9Imh0dHA6Ly9pbWFnZS5yYWt1dGVuLmNvLmpwL2xvdWlzZS1icS9jYWJpbmV0L3NhbGUvMTYwM3NzLzUwMF82LmpwZyIgd2lkdGg9IjgwcHgiPjwvbGk+Cgo8bGkgaWQ9Ik43IiBzdHlsZT0ibWFyZ2luLWxlZnQ6IDVweDsiPjxpbWcgc3JjPSJodHRwOi8vaW1hZ2UucmFrdXRlbi5jby5qcC9sb3Vpc2UtYnEvY2FiaW5ldC9zYWxlLzE2MDNzcy90b3BfLmpwZyIgd2lkdGg9IjgwcHgiPjwvbGk+Cgo8L3VsPgo8L2Rpdj4tLT4KCjxzdHlsZSB0eXBlPSJ0ZXh0L2NzcyI+CgoubGlzdDAwM3sKICAgIG1hcmdpbi1ib3R0b206IDEwcHg7CiAgICBvdmVyZmxvdzogaGlkZGVuOwp9Ci5saXN0MDAzIHVsIGxpIHsKICAgIGRpc3BsYXk6IGJsb2NrOwogICAgd2lkdGg6IDMyJTsKICAgIG1hcmdpbi1sZWZ0OiAxJTsKICAgIGZsb2F0OiBsZWZ0Owp9Ci5saXN0MDAzIHVsIGxpIGF7CiAgICAKICAgIHRleHQtZGVjb3JhdGlvbjogbm9uZTsKICAgIH0KCnVsewoJbWFyZ2luOiAwcHggIWltcG9ydGFudDsKCXBhZGRpbmc6IDBweCAhaW1wb3J0YW50Owp9CmxpewoJbGlzdC1zdHlsZTpub25lOwp9CgouY3Vwb25fbGlzdDA0ewoJY2xlYXI6IGJvdGg7CglvdmVyZmxvdzogaGlkZGVuOwoJbWFyZ2luOiAxMHB4IDA7Cgl3aWR0aDo3NDBweDsKfQouY3Vwb25fbGlzdDA0IHVsIHsKCQp9Ci5jdXBvbl9saXN0MDQgdWwgbGl7CglmbG9hdDogbGVmdDsKCXdpZHRoOiAyMyU7CgltYXJnaW4tcmlnaHQ6IDElOwoJbWFyZ2luLWxlZnQ6IDElOwoJCgl9Cgouc2FsZV9sZWZ0ewoJd2lkdGg6IDgwcHg7Cglwb3NpdGlvbjphYnNvbHV0ZTsKCXRvcDoxMDBweDsKCWxlZnQ6IDBweDsKfQoKLnNhbGVfcmlnaHR7Cglwb3NpdGlvbjphYnNvbHV0ZTsKCXRvcDoxMDBweDsKcmlnaHQ6IDBweDsKfQouZml4ZWR7Cglwb3NpdGlvbjpmaXhlZDsKCXRvcDoxMDBweDsvKuWbuuWumuOBleOBm+OBn+OBhOS9jee9riovCn0KCi5maXhlZF9iewoJcG9zaXRpb246Zml4ZWQ7Cgl0b3A6MjAwcHg7Lyrlm7rlrprjgZXjgZvjgZ/jgYTkvY3nva4qLwp9Ci5maXhlZF9jewoJcG9zaXRpb246Zml4ZWQ7Cgl0b3A6MzAwcHg7Lyrlm7rlrprjgZXjgZvjgZ/jgYTkvY3nva4qLwp9CgouZml4ZWRfZHsKCXBvc2l0aW9uOmZpeGVkOwoJdG9wOjQwMHB4Oy8q5Zu65a6a44GV44Gb44Gf44GE5L2N572uKi8KfQoKLmZpeGVkX2V7Cglwb3NpdGlvbjpmaXhlZDsKCXRvcDo1MDBweDsvKuWbuuWumuOBleOBm+OBn+OBhOS9jee9riovCn0KCi5maXhlZF9mewoJcG9zaXRpb246Zml4ZWQ7Cgl0b3A6NjAwcHg7Lyrlm7rlrprjgZXjgZvjgZ/jgYTkvY3nva4qLwp9CgouZml4ZWRfZ3sKCXBvc2l0aW9uOmZpeGVkOwoJdG9wOjcwMHB4Oy8q5Zu65a6a44GV44Gb44Gf44GE5L2N572uKi8KfQoKLnNhbGVfcmlnaHRiewoJcG9zaXRpb246Zml4ZWQ7Cgl0b3A6MzYwcHg7CnJpZ2h0OiAwcHg7Cn0KPC9zdHlsZT4KCjwhLS0KPGRpdiBjbGFzcz0ic2FsZV9yaWdodCBmaXhlZCI+Cjx1bD4KPGxpPjxpbWcgc3JjPSJodHRwOi8vaW1hZ2UucmFrdXRlbi5jby5qcC9sb3Vpc2UtYnEvY2FiaW5ldC9zYWxlL2ZsYXNoY291cG9uL2ZsYXNoY291cG9uMTAwLmdpZiIgd2lkdGg9IjgwcHgiPjwvbGk+Cgo8L3VsPgo8L2Rpdj4KCgo8ZGl2IGNsYXNzPSJzYWxlX3JpZ2h0YiBmaXhlZCI+Cjx1bD4KPGxpPjxpbWcgc3JjPSJodHRwOi8vaW1hZ2UucmFrdXRlbi5jby5qcC9sb3Vpc2UtYnEvY2FiaW5ldC8yMDE1c2FudGEvc2FsZV9wY25hdmkuZ2lmIiB3aWR0aD0iODBweCI+PC9saT4KCjwvdWw+CjwvZGl2PgotLT4=,44CQ44GC44GZ5qW944CR44OU44Ki44K5IOOCreODo+ODg+ODgSDjg5TjgqLjgrkgIOODqeOCpOODs+OCueODiOODvOODs+S7mOODjeODg+OCr+ODrOOCuSZhbXA744OU44Ki44K544Ki44Kv44K744K144Oq44O844K744OD44OIWzLngrnjgrvjg4Pjg4hdIFvjg4njg6zjgrkg44Kt44Oj44OQIOOBiuawtCDnp4HmnI0g44Kr44K444Ol44Ki44OrIGxhZGllcyBkcmVzc11b44K444Ol44Ko44Oq44O8IOODjeODg+OCr+ODrOOCuSDpppbpo77jgoog6ICz6aO+44KKIOODlOOCouOCuSDjgqLjgq/jgrvjgrXjg6rjg7wg5aSn5Lq6IOWls+aAp11b5bCP54mpXe+8mmRhenp5c3RvcmXvvIjjg4fjgqTjgrjjg7zjgrnjg4jjgqLvvIk=,44Kt44Oj44OQ44OJ44Os44K544Ov44Oz44OU44O844K544Kr44Op44Kz44Oz44OR44O844OG44Kj44O844OJ44Os44K544OM44O844OW44Op44OJ44Os44K544Kz44K544OX44Os44OP44Ot44Km44Kj44Oz44OR44Oz44OX44K544K144Oz44OA44Or44OW44O844OE44Kt44Oj44OQ44Kt44Oj44OQ44CA44OJ44Os44K544Of44OL44OJ44Os44K544Or44O844Og44Km44Kn44Ki5LiL552A44OW44OpIOOCu+ODg+ODiOODnuOCuOODg+OCr+ODouODs+ODreODvOi1pOOCr+ODquOCueODnuOCueOAkOOBguOBmealveOAkeODlOOCouOCuSDjgq3jg6Pjg4Pjg4Eg44OU44Ki44K5ICDjg6njgqTjg7Pjgrnjg4jjg7zjg7Pku5jjg43jg4Pjgq/jg6zjgrkmYW1wO+ODlOOCouOCueOCouOCr+OCu+OCteODquODvOOCu+ODg+ODiFsy54K544K744OD44OIXSBb44OJ44Os44K5IOOCreODo+ODkCDjgYrmsLQg56eB5pyNIOOCq+OCuOODpeOCouODqyBsYWRpZXMgZHJlc3NdW+OCuOODpeOCqOODquODvCDjg43jg4Pjgq/jg6zjgrkg6aaW6aO+44KKIOiAs+mjvuOCiiDjg5TjgqLjgrkg44Ki44Kv44K744K144Oq44O8IOWkp+S6uiDlpbPmgKddW+Wwj+eJqV0=,44GC44GZ5qW9IOODlOOCouOCuSDjgq3jg6Pjg4Pjg4Eg44ON44OD44Kv44Os44K5IOODrOODh+OCo+ODvOOCuSDjgrvjg4Pjg4jjgILjgJDjgYLjgZnmpb3jgJHjg5TjgqLjgrkg44Kt44Oj44OD44OBIOODlOOCouOCuSAg44Op44Kk44Oz44K544OI44O844Oz5LuY44ON44OD44Kv44Os44K5JmFtcDvjg5TjgqLjgrnjgqLjgq/jgrvjgrXjg6rjg7zjgrvjg4Pjg4hbMueCueOCu+ODg+ODiF0gW+ODieODrOOCuSDjgq3jg6Pjg5Ag44GK5rC0IOengeacjSDjgqvjgrjjg6XjgqLjg6sgbGFkaWVzIGRyZXNzXVvjgrjjg6Xjgqjjg6rjg7wg44ON44OD44Kv44Os44K5IOmmlumjvuOCiiDogLPpo77jgoog44OU44Ki44K5IOOCouOCr+OCu+OCteODquODvCDlpKfkurog5aWz5oCnXVvlsI/niald[rn]
39-1079,aHR0cDovL3RzaG9wLnIxMHMuanAvbG91aXNlLWJxL2NhYmluZXQvcHJvZHVjdDUxL3NmN2QwNjEtMS5qcGc/Zml0aW49NzAwOjcwMA==,NTU5LjIwMDA=,,44K444Ol44Ko44Oq44O844O744Ki44Kv44K744K144Oq44O8ID4g44Os44OH44Kj44O844K544K444Ol44Ko44Oq44O844O744Ki44Kv44K744K144Oq44O8ID4g44ON44OD44Kv44Os44K544OB44Kn44O844Oz,44CQ44GC44GZ5qW944CR44OU44Ki44K5IOOCreODo+ODg+ODgSDjg5TjgqLjgrkgIOODk+ODg+OCsOOCueODiOODvOODs+S7mOODjeODg+OCr+ODrOOCuSbjg5TjgqLjgrnjgqLjgq/jgrvjgrXjg6rjg7zjgrvjg4Pjg4hbMueCueOCu+ODg+ODiF0gW+ODieODrOOCuSDjgq3jg6Pjg5Ag44GK5rC0IOengeacjSDjgqvjgrjjg6XjgqLjg6sgbGFkaWVzIGRyZXNzXVvjgrjjg6Xjgqjjg6rjg7wg44ON44OD44Kv44Os44K5IOmmlumjvuOCiiDogLPpo77jgoog44OU44Ki44K5IOOCouOCr+OCu+OCteODquODvCDlpKfkurog5aWz5oCnXVvlsI/niald,44GC44GZ5qW9IOODlOOCouOCuSDjgq3jg6Pjg4Pjg4Eg44ON44OD44Kv44Os44K5IOODrOODh+OCo+ODvOOCuSDjgrvjg4Pjg4g=,PGRpdj48YSBocmVmPSJodHRwOi8vZXZlbnQucmFrdXRlbi5jby5qcC9hc3VyYWt1L2Fib3V0LyI+PGltZyBzcmM9Imh0dHA6Ly9pbWFnZS5yYWt1dGVuLmNvLmpwL2xvdWlzZS1icS9jYWJpbmV0L2FzdXJha3VfMS5qcGciIHdpZHRoPSIxMDAlIj48L2E+PGJyIC8+PGJyIC8+PC9kaXY+PGZvbnQgY29sb3I9IiM2NjY2NjYiIHNpemU9IjIiPiAK5aSn44GN44Gq44OI44OD44OX44GM6LGq6I+v44Gq6Lyd44GN44KS5pS+44Gk44Ki44Kv44K744K144Oq44O844K744OD44OI44CC44OU44Ki44K544Gu44K544OI44O844Oz44KC5aSn57KS44Gq44Gu44Gn44Gk44GR44KL44Gg44GR44Gn44K044O844K444Oj44K544Gq6Zuw5Zuy5rCX44KS6Ya444GX5Ye644GX44Gm44GP44KM44G+44GZ44CC44GK5LuV5LqL44KE5oCl44Gq44GK5ZG844Gw44KM44CB54m55Yil44Gq6KiY5b+15pel44Gq44Gp5pWw5aSa44GP44Gu44K344O844Oz44Gn5rS76LqN44GZ44KL44Gu44Gn44CB5oyB44Gj44Gm44GE44Gm5pCN44Gu44Gq44GE44Ki44Kk44OG44Og44Gn44GZ44CCIAoKPGhyPiAK44CQ6Kmz57Sw44CRPGJyPiAK44K144Kk44K6PGJyPgrjgIDlhajplbc6NDljbTxicj4K44CA44Oi44OB44O844OVOjRjbQrjgIDjg5TjgqLjgrk657imNC41Y208YnI+Cue0oOadkDxicj4K44CA6YeR5bGePGJyPgrigLvmjqHlr7jjga/lrp/lr7jjgafooYzjgaPjgabjgYrjgorjgb7jgZnjgILjgrnjgr/jg4Pjg5XjgavjgojjgovmjqHlr7jjgafjgZnjga7jgaflpJrlsJHjga7oqqTlt67jgYznlJ/jgZjjgovloLTlkIjjgYzjgYLjgorjgb7jgZnjgILkuIfjgYzkuIDjgIHjgrXjgqTjgrrjgYzlkIjjgo/jgarjgYTloLTlkIjjga/ov5Tlk4HkuqTmj5vjgpLmib/jgorjgb7jgZnjga7jgafjgZTlronlv4PjgY/jgaDjgZXjgYTjgII8YnI+IArigLvoo73lk4HjgavjgojjgorjgrXjgqTjgrrjgavjgbDjgonjgaTjgY3jgYzjgZTjgZbjgYTjgb7jgZnjgILjgYLjgonjgYvjgZjjgoHjgZTnlZnmhI/jgY/jgaDjgZXjgYTjgII8YnI+IArigLvph5HlsZ7jgqLjg6zjg6vjgq7jg7zjga7mlrnjga/plbfmmYLplpPjga7jgZTkvb/nlKjjgpLjgYrpgb/jgZHjgY/jgaDjgZXjgYTjgII8YnI+IArigLvlvZPoo73lk4Hjga/ntKDmnZDjgavjgojjgorjgIHmsZfjgIHmsLTjgIHpm6jjgIHmub/msJfjgIHjgZ/jgbDjgZPjga7jg6Tjg4vnrYnjgYzljp/lm6Djgafmn5PoibLjga7kuIDpg6jjgYzoibLokL3jgaHjgIHlpInoibLjgZnjgovloLTlkIjjgYzjgYLjgorjgb7jgZnjgIIgCjxicj48L2ZvbnQ+PGhyPjxkaXYgc3R5bGU9Im1hcmdpbiA6IDVweCI+CjxwIHN0eWxlPSJtYXJnaW4tYm90dG9tOjBweDtiYWNrZ3JvdW5kOiNGOUMyMzE7Y29sb3I6IzY2Njtmb250LXNpemU6MThweDtmb250LXdlaWdodDpib2xkO3RleHQtYWxpZ246IGNlbnRlcjtwYWRkaW5nLXRvcDo1cHgiPuODrOODk+ODpeODvOOCkuabuOOBkeOBsOW/heOBmuOCguOCieOBiOOCi++8gTwvcD4KPGltZyBzcmM9Imh0dHBzOi8vaW1hZ2UucmFrdXRlbi5jby5qcC9sb3Vpc2UtYnEvY2FiaW5ldC9zbWFydHBob25lL3Jldmlld19jb3Vwb24uanBnIiB3aWR0aD0iMTAwJSI+Cgo8L2Rpdj4KCgo8IS0tPGRpdiBjbGFzcz0ic2FsZV9sZWZ0IGZpeGVkIj4KPHVsPgo8bGkgaWQ9Ik4yIiBzdHlsZT0ibWFyZ2luLWxlZnQ6IDVweDsiPjxpbWcgc3JjPSJodHRwOi8vaW1hZ2UucmFrdXRlbi5jby5qcC9sb3Vpc2UtYnEvY2FiaW5ldC9zYWxlLzE2MDNzcy81MDBfMTBvZmYuanBnIiB3aWR0aD0iODBweCI+PC9saT4KPGxpIGlkPSJOMSIgc3R5bGU9Im1hcmdpbi1sZWZ0OiA1cHg7Ij48aW1nIHNyYz0iaHR0cDovL2ltYWdlLnJha3V0ZW4uY28uanAvbG91aXNlLWJxL2NhYmluZXQvc2FsZS8xNjAzc3MvNTAwXzEuanBnIiB3aWR0aD0iODBweCI+PC9saT4KPGxpIGlkPSJOMyIgc3R5bGU9Im1hcmdpbi1sZWZ0OjVweDsiPjxpbWcgc3JjPSJodHRwOi8vaW1hZ2UucmFrdXRlbi5jby5qcC9sb3Vpc2UtYnEvY2FiaW5ldC9zYWxlLzE2MDNzcy81MDBfMy5qcGciIHdpZHRoPSI4MHB4Ij48L2xpPgo8bGkgaWQ9Ik40IiBzdHlsZT0ibWFyZ2luLWxlZnQ6IDVweDsiPjxpbWcgc3JjPSJodHRwOi8vaW1hZ2UucmFrdXRlbi5jby5qcC9sb3Vpc2UtYnEvY2FiaW5ldC9zYWxlLzE2MDNzcy81MDBfOC5qcGciIHdpZHRoPSI4MHB4Ij48L2xpPgo8bGkgaWQ9Ik41IiBzdHlsZT0ibWFyZ2luLWxlZnQ6IDVweDsiPjxpbWcgc3JjPSJodHRwOi8vaW1hZ2UucmFrdXRlbi5jby5qcC9sb3Vpc2UtYnEvY2FiaW5ldC9zYWxlLzE2MDNzcy81MDBfNC5qcGciIHdpZHRoPSI4MHB4Ij48L2xpPgo8bGkgaWQ9Ik42IiBzdHlsZT0ibWFyZ2luLWxlZnQ6IDVweDsiPjxpbWcgc3JjPSJodHRwOi8vaW1hZ2UucmFrdXRlbi5jby5qcC9sb3Vpc2UtYnEvY2FiaW5ldC9zYWxlLzE2MDNzcy81MDBfNi5qcGciIHdpZHRoPSI4MHB4Ij48L2xpPgoKPGxpIGlkPSJONyIgc3R5bGU9Im1hcmdpbi1sZWZ0OiA1cHg7Ij48aW1nIHNyYz0iaHR0cDovL2ltYWdlLnJha3V0ZW4uY28uanAvbG91aXNlLWJxL2NhYmluZXQvc2FsZS8xNjAzc3MvdG9wXy5qcGciIHdpZHRoPSI4MHB4Ij48L2xpPgoKPC91bD4KPC9kaXY+LS0+Cgo8c3R5bGUgdHlwZT0idGV4dC9jc3MiPgoKLmxpc3QwMDN7CiAgICBtYXJnaW4tYm90dG9tOiAxMHB4OwogICAgb3ZlcmZsb3c6IGhpZGRlbjsKfQoubGlzdDAwMyB1bCBsaSB7CiAgICBkaXNwbGF5OiBibG9jazsKICAgIHdpZHRoOiAzMiU7CiAgICBtYXJnaW4tbGVmdDogMSU7CiAgICBmbG9hdDogbGVmdDsKfQoubGlzdDAwMyB1bCBsaSBhewogICAgCiAgICB0ZXh0LWRlY29yYXRpb246IG5vbmU7CiAgICB9Cgp1bHsKCW1hcmdpbjogMHB4ICFpbXBvcnRhbnQ7CglwYWRkaW5nOiAwcHggIWltcG9ydGFudDsKfQpsaXsKCWxpc3Qtc3R5bGU6bm9uZTsKfQoKLmN1cG9uX2xpc3QwNHsKCWNsZWFyOiBib3RoOwoJb3ZlcmZsb3c6IGhpZGRlbjsKCW1hcmdpbjogMTBweCAwOwoJd2lkdGg6NzQwcHg7Cn0KLmN1cG9uX2xpc3QwNCB1bCB7CgkKfQouY3Vwb25fbGlzdDA0IHVsIGxpewoJZmxvYXQ6IGxlZnQ7Cgl3aWR0aDogMjMlOwoJbWFyZ2luLXJpZ2h0OiAxJTsKCW1hcmdpbi1sZWZ0OiAxJTsKCQoJfQoKLnNhbGVfbGVmdHsKCXdpZHRoOiA4MHB4OwoJcG9zaXRpb246YWJzb2x1dGU7Cgl0b3A6MTAwcHg7CglsZWZ0OiAwcHg7Cn0KCi5zYWxlX3JpZ2h0ewoJcG9zaXRpb246YWJzb2x1dGU7Cgl0b3A6MTAwcHg7CnJpZ2h0OiAwcHg7Cn0KLmZpeGVkewoJcG9zaXRpb246Zml4ZWQ7Cgl0b3A6MTAwcHg7Lyrlm7rlrprjgZXjgZvjgZ/jgYTkvY3nva4qLwp9CgouZml4ZWRfYnsKCXBvc2l0aW9uOmZpeGVkOwoJdG9wOjIwMHB4Oy8q5Zu65a6a44GV44Gb44Gf44GE5L2N572uKi8KfQouZml4ZWRfY3sKCXBvc2l0aW9uOmZpeGVkOwoJdG9wOjMwMHB4Oy8q5Zu65a6a44GV44Gb44Gf44GE5L2N572uKi8KfQoKLmZpeGVkX2R7Cglwb3NpdGlvbjpmaXhlZDsKCXRvcDo0MDBweDsvKuWbuuWumuOBleOBm+OBn+OBhOS9jee9riovCn0KCi5maXhlZF9lewoJcG9zaXRpb246Zml4ZWQ7Cgl0b3A6NTAwcHg7Lyrlm7rlrprjgZXjgZvjgZ/jgYTkvY3nva4qLwp9CgouZml4ZWRfZnsKCXBvc2l0aW9uOmZpeGVkOwoJdG9wOjYwMHB4Oy8q5Zu65a6a44GV44Gb44Gf44GE5L2N572uKi8KfQoKLmZpeGVkX2d7Cglwb3NpdGlvbjpmaXhlZDsKCXRvcDo3MDBweDsvKuWbuuWumuOBleOBm+OBn+OBhOS9jee9riovCn0KCi5zYWxlX3JpZ2h0YnsKCXBvc2l0aW9uOmZpeGVkOwoJdG9wOjM2MHB4OwpyaWdodDogMHB4Owp9Cjwvc3R5bGU+Cgo8IS0tCjxkaXYgY2xhc3M9InNhbGVfcmlnaHQgZml4ZWQiPgo8dWw+CjxsaT48aW1nIHNyYz0iaHR0cDovL2ltYWdlLnJha3V0ZW4uY28uanAvbG91aXNlLWJxL2NhYmluZXQvc2FsZS9mbGFzaGNvdXBvbi9mbGFzaGNvdXBvbjEwMC5naWYiIHdpZHRoPSI4MHB4Ij48L2xpPgoKPC91bD4KPC9kaXY+CgoKPGRpdiBjbGFzcz0ic2FsZV9yaWdodGIgZml4ZWQiPgo8dWw+CjxsaT48aW1nIHNyYz0iaHR0cDovL2ltYWdlLnJha3V0ZW4uY28uanAvbG91aXNlLWJxL2NhYmluZXQvMjAxNXNhbnRhL3NhbGVfcGNuYXZpLmdpZiIgd2lkdGg9IjgwcHgiPjwvbGk+Cgo8L3VsPgo8L2Rpdj4KLS0+,44CQ44GC44GZ5qW944CR44OU44Ki44K5IOOCreODo+ODg+ODgSDjg5TjgqLjgrkgIOODk+ODg+OCsOOCueODiOODvOODs+S7mOODjeODg+OCr+ODrOOCuSZhbXA744OU44Ki44K544Ki44Kv44K744K144Oq44O844K744OD44OIWzLngrnjgrvjg4Pjg4hdIFvjg4njg6zjgrkg44Kt44Oj44OQIOOBiuawtCDnp4HmnI0g44Kr44K444Ol44Ki44OrIGxhZGllcyBkcmVzc11b44K444Ol44Ko44Oq44O8IOODjeODg+OCr+ODrOOCuSDpppbpo77jgoog6ICz6aO+44KKIOODlOOCouOCuSDjgqLjgq/jgrvjgrXjg6rjg7wg5aSn5Lq6IOWls+aAp11b5bCP54mpXe+8mmRhenp5c3RvcmXvvIjjg4fjgqTjgrjjg7zjgrnjg4jjgqLvvIk=,44Kt44Oj44OQ44OJ44Os44K544Ov44Oz44OU44O844K544Kr44Op44Kz44Oz44OR44O844OG44Kj44O844OJ44Os44K544OM44O844OW44Op44OJ44Os44K544Kz44K544OX44Os44OP44Ot44Km44Kj44Oz44OR44Oz44OX44K544K144Oz44OA44Or44OW44O844OE44Kt44Oj44OQ44Kt44Oj44OQ44CA44OJ44Os44K544Of44OL44OJ44Os44K544Or44O844Og44Km44Kn44Ki5LiL552A44OW44OpIOOCu+ODg+ODiOODnuOCuOODg+OCr+ODouODs+ODreODvOi1pOOCr+ODquOCueODnuOCueOAkOOBguOBmealveOAkeODlOOCouOCuSDjgq3jg6Pjg4Pjg4Eg44OU44Ki44K5ICDjg5Pjg4PjgrDjgrnjg4jjg7zjg7Pku5jjg43jg4Pjgq/jg6zjgrkmYW1wO+ODlOOCouOCueOCouOCr+OCu+OCteODquODvOOCu+ODg+ODiFsy54K544K744OD44OIXSBb44OJ44Os44K5IOOCreODo+ODkCDjgYrmsLQg56eB5pyNIOOCq+OCuOODpeOCouODqyBsYWRpZXMgZHJlc3NdW+OCuOODpeOCqOODquODvCDjg43jg4Pjgq/jg6zjgrkg6aaW6aO+44KKIOiAs+mjvuOCiiDjg5TjgqLjgrkg44Ki44Kv44K744K144Oq44O8IOWkp+S6uiDlpbPmgKddW+Wwj+eJqV0=,44GC44GZ5qW9IOODlOOCouOCuSDjgq3jg6Pjg4Pjg4Eg44ON44OD44Kv44Os44K5IOODrOODh+OCo+ODvOOCuSDjgrvjg4Pjg4jjgILjgJDjgYLjgZnmpb3jgJHjg5TjgqLjgrkg44Kt44Oj44OD44OBIOODlOOCouOCuSAg44OT44OD44Kw44K544OI44O844Oz5LuY44ON44OD44Kv44Os44K5JmFtcDvjg5TjgqLjgrnjgqLjgq/jgrvjgrXjg6rjg7zjgrvjg4Pjg4hbMueCueOCu+ODg+ODiF0gW+ODieODrOOCuSDjgq3jg6Pjg5Ag44GK5rC0IOengeacjSDjgqvjgrjjg6XjgqLjg6sgbGFkaWVzIGRyZXNzXVvjgrjjg6Xjgqjjg6rjg7wg44ON44OD44Kv44Os44K5IOmmlumjvuOCiiDogLPpo77jgoog44OU44Ki44K5IOOCouOCr+OCu+OCteODquODvCDlpKfkurog5aWz5oCnXVvlsI/niald[rn]
39-1080,aHR0cDovL3RzaG9wLnIxMHMuanAvb25lcGktYy9jYWJpbmV0L2ZyZW5jaDAxNy93NjA5NzUtMS5qcGc/Zml0aW49NzAwOjcwMA==,MjE1MS4yMDAw,,44K444Ol44Ko44Oq44O844O744Ki44Kv44K744K144Oq44O8ID4g44Os44OH44Kj44O844K544K444Ol44Ko44Oq44O844O744Ki44Kv44K744K144Oq44O8ID4g44ON44OD44Kv44Os44K544OB44Kn44O844Oz,44CQ5YaN5YWl6I234pmqNeaciDIx5pelMTLmmYImMjLmmYLjgojjgorjgJHjgIxmcmVuY2jjgI3jgrPjg7zjg4fjgojjgoroj6/jgoTjgZDjg5Hjg7zjg6vjgajoirHjga7jg43jg4Pjgq/jg6zjgrnjgpLkvb/jgaPjgabmrLLjgZfjgY/jgaY=,44CA,PHRhYmxlIGNlbGxzcGFjaW5nPSIwIiBjZWxscGFkZGluZz0iMCIgd2lkdGg9IjYwMCIgYm9yZGVyPSIwIiA+CiAgPFRCT0RZPgogICAgPFRSPgogICAgICA8dGQgYWxpZ249ImNlbnRlciI+PGJyPgogICAgICA8YnI+PEJSPjxCUj48QlI+CgoKPEJSPjxCUj48QlI+CjxDRU5URVI+PEZPTlQgY29sb3I9IiNjYzAwMDAiIHNpemU9IjQiPgrjgZPjgaHjgonjga7llYblk4Hjga88QlI+PEJSPgrlho3osqnjgavkvLTjgYTjgIHjgYroirHpg6jliIbjga7jgYroibLlkbPjgYw8QlI+PEJSPgrjg6njgqTjg4jjgrDjg6zjg7zjgYvjgonjg5Tjg7Pjgq/jg5njg7zjgrjjg6Xjgavjga7lpInmm7TjgYzjgYLjgorjgb7jgZfjgZ/jgII8QlI+PEJSPgrnrKwy55S75YOP44KS44GU5Y+C54Wn44GP44Gg44GV44GE44CCPEJSPjxCUj4KPC9GT05UPjwvQ0VOVEVSPjxCUj48QlI+PEJSPjxCUj48QlI+PEJSPgoKCgoKPGltZyBzcmM9Imh0dHA6Ly9pbWFnZS5yYWt1dGVuLmNvLmpwL29uZXBpLWMvY2FiaW5ldC9mcmVuY2gwMTcvdzYwOTc1LTEuanBnIiBib3JkZXI9IjAiPjxCUj48QlI+PEJSPjxCUj48QlI+PEJSPjxCUj48QlI+CjxpbWcgc3JjPSJodHRwOi8vaW1hZ2UucmFrdXRlbi5jby5qcC9vbmVwaS1jL2NhYmluZXQvZnJlbmNoMDE3L3c2MDk3NS0yLmpwZyIgYm9yZGVyPSIwIj48QlI+PEJSPjxCUj48QlI+PEJSPjxCUj48QlI+PEJSPgo8aW1nIHNyYz0iaHR0cDovL2ltYWdlLnJha3V0ZW4uY28uanAvb25lcGktYy9jYWJpbmV0L2ZyZW5jaDAxNy93NjA5NzUtMy5qcGciIGJvcmRlcj0iMCI+PEJSPjxCUj48QlI+PEJSPjxCUj48QlI+PEJSPjxCUj4KPGltZyBzcmM9Imh0dHA6Ly9pbWFnZS5yYWt1dGVuLmNvLmpwL29uZXBpLWMvY2FiaW5ldC9mcmVuY2gwMTcvdzYwOTc1LTQuanBnIiBib3JkZXI9IjAiPjxCUj48QlI+PEJSPjxCUj48QlI+PEJSPjxCUj48QlI+CjxpbWcgc3JjPSJodHRwOi8vaW1hZ2UucmFrdXRlbi5jby5qcC9vbmVwaS1jL2NhYmluZXQvZnJlbmNoMDE3L3c2MDk3NS01LmpwZyIgYm9yZGVyPSIwIj48QlI+PEJSPjxCUj48QlI+PEJSPjxCUj48QlI+PEJSPgo8aW1nIHNyYz0iaHR0cDovL2ltYWdlLnJha3V0ZW4uY28uanAvb25lcGktYy9jYWJpbmV0L2ZyZW5jaDAxNy93NjA5NzUtNi5qcGciIGJvcmRlcj0iMCI+PEJSPjxCUj48QlI+PEJSPjxCUj48QlI+PEJSPjxCUj4KPGltZyBzcmM9Imh0dHA6Ly9pbWFnZS5yYWt1dGVuLmNvLmpwL29uZXBpLWMvY2FiaW5ldC9mcmVuY2gwMTcvdzYwOTc1LTcuanBnIiBib3JkZXI9IjAiPjxCUj48QlI+PEJSPjxCUj48QlI+PEJSPjxCUj48QlI+CjxpbWcgc3JjPSJodHRwOi8vaW1hZ2UucmFrdXRlbi5jby5qcC9vbmVwaS1jL2NhYmluZXQvZnJlbmNoMDE3L3c2MDk3NS04LmpwZyIgYm9yZGVyPSIwIj48QlI+PEJSPjxCUj48QlI+PEJSPjxCUj48QlI+PEJSPgo8aW1nIHNyYz0iaHR0cDovL2ltYWdlLnJha3V0ZW4uY28uanAvb25lcGktYy9jYWJpbmV0L2ZyZW5jaDAxNy93NjA5NzUtOS5qcGciIGJvcmRlcj0iMCI+PEJSPjxCUj48QlI+PEJSPjxCUj48QlI+PEJSPjxCUj4KPGltZyBzcmM9Imh0dHA6Ly9pbWFnZS5yYWt1dGVuLmNvLmpwL29uZXBpLWMvY2FiaW5ldC9mcmVuY2gwMTcvdzYwOTc1LTEwLmpwZyIgYm9yZGVyPSIwIj48QlI+PEJSPjxCUj48QlI+PEJSPjxCUj48QlI+PEJSPgo8aW1nIHNyYz0iaHR0cDovL2ltYWdlLnJha3V0ZW4uY28uanAvb25lcGktYy9jYWJpbmV0L2ZyZW5jaDAxNy93NjA5NzUtMTEuanBnIiBib3JkZXI9IjAiPjxCUj48QlI+PEJSPjxCUj48QlI+PEJSPjxCUj48QlI+CjxpbWcgc3JjPSJodHRwOi8vaW1hZ2UucmFrdXRlbi5jby5qcC9vbmVwaS1jL2NhYmluZXQvZnJlbmNoMDE3L3c2MDk3NS0xMi5qcGciIGJvcmRlcj0iMCI+PEJSPjxCUj48QlI+PEJSPjxCUj48QlI+PEJSPjxCUj4KPGltZyBzcmM9Imh0dHA6Ly9pbWFnZS5yYWt1dGVuLmNvLmpwL29uZXBpLWMvY2FiaW5ldC9mcmVuY2gwMTcvdzYwOTc1LTEzLmpwZyIgYm9yZGVyPSIwIj48QlI+PEJSPjxCUj48QlI+PEJSPjxCUj48QlI+PEJSPgo8aW1nIHNyYz0iaHR0cDovL2ltYWdlLnJha3V0ZW4uY28uanAvb25lcGktYy9jYWJpbmV0L2ZyZW5jaDAxNy93NjA5NzUtMTQuanBnIiBib3JkZXI9IjAiPjxCUj48QlI+PEJSPjxCUj48QlI+PEJSPjxCUj48QlI+CjxpbWcgc3JjPSJodHRwOi8vaW1hZ2UucmFrdXRlbi5jby5qcC9vbmVwaS1jL2NhYmluZXQvZnJlbmNoMDE3L3c2MDk3NS0xNS5qcGciIGJvcmRlcj0iMCI+PEJSPjxCUj48QlI+PEJSPjxCUj48QlI+PEJSPjxCUj4KPGltZyBzcmM9Imh0dHA6Ly9pbWFnZS5yYWt1dGVuLmNvLmpwL29uZXBpLWMvY2FiaW5ldC9mcmVuY2gwMTcvdzYwOTc1LTE2LmpwZyIgYm9yZGVyPSIwIj48QlI+PEJSPjxCUj48QlI+PEJSPjxCUj48QlI+PEJSPgo8aW1nIHNyYz0iaHR0cDovL2ltYWdlLnJha3V0ZW4uY28uanAvb25lcGktYy9jYWJpbmV0L2ZyZW5jaDAxNy93NjA5NzUtMTcuanBnIiBib3JkZXI9IjAiPjxCUj48QlI+PEJSPjxCUj48QlI+PEJSPjxCUj48QlI+CjxpbWcgc3JjPSJodHRwOi8vaW1hZ2UucmFrdXRlbi5jby5qcC9vbmVwaS1jL2NhYmluZXQvZnJlbmNoMDE3L3c2MDk3NS0xOC5qcGciIGJvcmRlcj0iMCI+PEJSPjxCUj48QlI+PEJSPjxCUj48QlI+PEJSPjxCUj4KPGltZyBzcmM9Imh0dHA6Ly9pbWFnZS5yYWt1dGVuLmNvLmpwL29uZXBpLWMvY2FiaW5ldC9mcmVuY2gwMTcvdzYwOTc1LTE5LmpwZyIgYm9yZGVyPSIwIj48QlI+PEJSPjxCUj48QlI+PEJSPjxCUj48QlI+PEJSPgo8aW1nIHNyYz0iaHR0cDovL2ltYWdlLnJha3V0ZW4uY28uanAvb25lcGktYy9jYWJpbmV0L2ZyZW5jaDAxNy93NjA5NzUtMjAuanBnIiBib3JkZXI9IjAiPjxCUj48QlI+PEJSPjxCUj48QlI+PEJSPjxCUj48QlI+CjxpbWcgc3JjPSJodHRwOi8vaW1hZ2UucmFrdXRlbi5jby5qcC9vbmVwaS1jL2NhYmluZXQvZnJlbmNoMDE3L3c2MDk3NS0yMS5qcGciIGJvcmRlcj0iMCI+PEJSPjxCUj48QlI+PEJSPjxCUj48QlI+PEJSPjxCUj4KPGltZyBzcmM9Imh0dHA6Ly9pbWFnZS5yYWt1dGVuLmNvLmpwL29uZXBpLWMvY2FiaW5ldC9mcmVuY2gwMTcvdzYwOTc1LTIyLmpwZyIgYm9yZGVyPSIwIj48QlI+PEJSPjxCUj48QlI+PEJSPjxCUj48QlI+PEJSPgo8aW1nIHNyYz0iaHR0cDovL2ltYWdlLnJha3V0ZW4uY28uanAvb25lcGktYy9jYWJpbmV0L2ZyZW5jaDAxNy93NjA5NzUtMjMuanBnIiBib3JkZXI9IjAiPjxCUj48QlI+PEJSPjxCUj48QlI+PEJSPjxCUj48QlI+CjxpbWcgc3JjPSJodHRwOi8vaW1hZ2UucmFrdXRlbi5jby5qcC9vbmVwaS1jL2NhYmluZXQvZnJlbmNoMDE3L3c2MDk3NS0yNC5qcGciIGJvcmRlcj0iMCI+PEJSPjxCUj48QlI+PEJSPjxCUj48QlI+CgoKCgoKCgo8Zm9udCBzaXplPSIxIiBjb2xvcj0iIzk5OTk5OSI+CuWGjeWFpeiNt+OBq+OBpOOBhOOBpuOBrzxicj48YnI+CuODoeODq+ODnuOCrOOBp+OBiuefpeOCieOBm+OBl+OBpuOBiuOCiuOBvuOBmeOAgjxicj48YnI+CuOBlOeZu+mMsuOBrzxhIGhyZWY9Imh0dHA6Ly93d3cucmFrdXRlbi5jby5qcC9vbmVwaS1jL25ld3MuaHRtbCIgdGFyZ2V0PSJfYmxhbmsiPuOBk+OBoeOCiTwvYT7jgojjgoo8YnI+PGJyPjxicj4KICAgICAKICAgICAgPEJSPgogICAgICA8L2ZvbnQ+PC90ZD4KICAgIDwvVFI+CiAgPC9UQk9EWT4KPC90YWJsZT48Zm9udCBjb2xvcj0iIzk5OTk5OSIgc2l6ZT0iMSI+PGJyPgogICAgICA8YnI+CuOCteOCpOOCujxicj4KICAgICAgPElNRyB3aWR0aD0iNDk1IiBoZWlnaHQ9IjYiIHNyYz0iaHR0cDovL2ltYWdlLnJha3V0ZW4uY28uanAvb25lcGktYy9jYWJpbmV0L29uZXBpMDEvYmFyMi5naWYiPjxicj4KICAgICAgPGJyPgogICAgICA8YnI+CiAgICAgIDwvZm9udD4KICAgICAgPHRhYmxlIGJvcmRlcj0iMCIgd2lkdGg9IjQwMCIgY2VsbHBhZGRpbmc9IjEwIj4KICAgICAgICA8dGJvZHk+CiAgICAgICAgICA8dHI+CiAgICAgICAgICAgIDx0ZCB3aWR0aD0iMjAwIiB2YWxpZ249InRvcCIgYWxpZ249ImNlbnRlciI+PGZvbnQgY29sb3I9IiM5OTk5OTkiIHNpemU9IjEiPgoKCuWGheWRqOOCiuOBrumVt+OBleOAgDYyY208YnI+PGJyPgrjgqLjgrjjg6Pjgrnjgr/jg7zjga7plbfjgZXjgIA0LjVjbTxicj48YnI+CuODouODgeODvOODlemDqOWIhuOBruW5heOAgDRjbTxicj48YnI+CuODouODgeODvOODlemDqOWIhuOBrumVt+OBleOAgDRjbTxicj48YnI+Cue0oOadkOOAgOOCpOODn+ODhuODvOOCt+ODp+ODs+ODkeODvOODq+ODu+ODoeODg+OCreOBquOBqTxicj48YnI+Cgo8L2ZvbnQ+PC90ZD4KICAgICAgICAgICAgPHRkIHdpZHRoPSIyMDAiIHZhbGlnbj0idG9wIiBhbGlnbj0iY2VudGVyIj48Zm9udCBjb2xvcj0iIzk5OTk5OSIgc2l6ZT0iMSI+CuesrDLnlLvlg4/jgYzlrp/pmpvjgavov5HjgYToibLjgb/jgavjgarjgorjgb7jgZk8YnI+PGJyPgrph43jgZXjgIDntIQxMDNnPGJyPjxicj4K44Oh44O844Or5L6/44CA5LiN5Y+vPGJyPjxicj4K55Sf55Sj5Zu944CA5Lit5Zu9PGJyPjxicj4KCuODouODh+ODq+i6q+mVtzE1NWNtPGJyPjxicj48YnI+CiAgICAgIDwvZm9udD48L3RkPgogICAgICAgICAgPC90cj4KICAgICAgICA8L3Rib2R5PgogICAgICA8L3RhYmxlPgogICAgICA8Zm9udCBjb2xvcj0iIzk5OTk5OSIgc2l6ZT0iMSI+PGJyPgo8YnI+Cjxicj4KPGJyPgo8YnI+CiAgICAKPGJyPgo8YnI+CjwvZm9udD48YnI+CiAgICAgIDxmb250IGNvbG9yPSIjOTk5OTk5IiBzaXplPSIxIj48YnI+CiAgICAgIDxicj4KICAgICAg44Ks44Kk44OJPGJyPgogICAgICA8SU1HIHdpZHRoPSI0OTUiIGhlaWdodD0iNiIgc3JjPSJodHRwOi8vaW1hZ2UucmFrdXRlbi5jby5qcC9vbmVwaS1jL2NhYmluZXQvb25lcGkwMS9iYXIyLmdpZiI+PGJyPgogICAgICA8L2ZvbnQ+CgoKPGJyPjxicj48YnI+PGJyPjxicj48YnI+PHRhYmxlIGJvcmRlcj0iMCIgY2VsbHBhZGRpbmc9IjYiPgogIDx0Ym9keT4KICAgIDx0cj4KICAgICAgPHRkIGFsaWduPSJjZW50ZXIiPjxpbWcgc3JjPSJodHRwczovL2ltYWdlLnJha3V0ZW4uY28uanAvb25lcGktYy9jYWJpbmV0L296L2ltZ3JjMDA3NDQ0NDQ3OC5qcGciIHdpZHRoPSI3MjAiIGJvcmRlcj0iMCI+PGJyPgogICAgICA8YnI+CiAgICAgIDwvdGQ+CiAgICA8L3RyPgogICAgPHRyPgogICAgICA8dGQgYWxpZ249ImNlbnRlciI+PGltZyBzcmM9Imh0dHA6Ly9pbWFnZS5yYWt1dGVuLmNvLmpwL29uZXBpLWMvY2FiaW5ldC9vei9pbWdyYzAwNzQwNDgwNjguanBnIiB3aWR0aD0iNzIwIiBib3JkZXI9IjAiPjxicj4KICAgICAgPGJyPgogICAgICA8L3RkPgogICAgPC90cj4KICAgIDx0cj4KICAgICAgPHRkIGFsaWduPSJjZW50ZXIiPjxmb250IGNvbG9yPSJhZWEwOGYiIHNpemU9IjEiPjxicj4KICAgICAg5pil44KC44Gu44CA44CA44CA44OsIOODvCDjgrnjgIDjgIDjgIDliLog57mN44CA44CA44CA44K544OI44O844Or44CA44CA44CAIOidtuOAheOAgOOAgOOAgOiKseWIuue5jeOAgOOAgOmzpeOAgOOAgOOAgOODh+ODi+ODoOOAgOOAgOOAgCDlpKfkurrjga7mn4TjgIDjgIDjgIDmmKXjga7otrPlhYPjgIDjgIDjgIDjgYog6IqxPGJyPgogICAgICA8YnI+CiAgICAgIOakjSDniakg44O7IOWun+OAgOOAgOOAgOafkyDjgoHjgIDjgIDjgIDjg5Mg44K4IOODpSDjg7zjgIDjgIDjgIDjg5Ug44OqIOODsyDjgrjjgIDjgIDjgIDlvowg44KN44CA44CA44CA44OHIOODiyDjg6DjgIDjgIDjgIDnt6gg44G/44CA44CA44CA55WwIOWbveOAgOOAgOOAgOOCtyDjg6sg44KoIOODgyDjg4jjgIDjgIDjg6og44ONIOODszxicj4KICAgICAgPGJyPgogICAgICDjgqgg44OXIOODrSDjg7PjgIDjgIDjgIDoopbjgIDjgIDjgIDjgIDjgIDjgIDjgIDog7gg5YWD44CA44CA44CA44CA5b2pIOOCiuOAgOOAgOOAgOOAgOODrCDjgqQg44OkIOODvCDjg4njgIDjgIDjgIDjgIDlpIkg5b2i44CA44CA44CA44CA44ONIOODgyDjgq8g44O7IOmmliDlhYMg44O7IOiln+OAgOOAgOOAgOOAgOe0oCDmlbU8YnI+CiAgICAgIDwvZm9udD48YnI+CiAgICAgIDxicj4KICAgICAgPC90ZD4KICAgIDwvdHI+CiAgPC90Ym9keT4KPC90YWJsZT4=,44CQ5YaN5YWl6I234pmqNeaciDIx5pelMTLmmYImYW1wOzIy5pmC44KI44KK44CR44CMZnJlbmNo44CN44Kz44O844OH44KI44KK6I+v44KE44GQ44OR44O844Or44Go6Iqx44Gu44ON44OD44Kv44Os44K544KS5L2/44Gj44Gm5qyy44GX44GP44Gm77yaY2F3YWlp,44Ov44Oz44OU44O844K55bCC6ZaA5bqX5qOu44Ks44O844Or44OB44Ol44OL44OD44Kv44Ov44Oz44OU44O844K544Os44OI44Ot5p+E44Ov44Oz44OU44O844K55paw5ZOB44Ov44Oz44OU44O844K544K344OV44Kp44Oz57Sg5p2Q44Gu44Ov44Oz44OU44O844K544K344Oj44OE44Ov44Oz44OU44O844K544Kr44K344Ol44Kv44O844Or44Ov44Oz44OU44O844K544OL44OD44OI44Ov44Oz44OU44O844K544OQ44Or44O844Oz44Ov44Oz44OU44O844K55qOu44Ks44O844Or44OV44Kh44OD44K344On44Oz5qOu44Ks44O844Or44K544Kr44O844OI6Iqx5p+E44Ov44Oz44OU44O844K544Ov44Oz44OU44O844K56YCa6LKp44OR44O844OG44Kj44O844Ov44Oz44OU44O844K544Oc44O844OA44O844Ov44Oz44OU44O844K544Os44O844K544Ov44Oz44OU44O844K557WQ5ama5byP44Ov44Oz44OU44O844K544OP44Oz44OJ44Oh44Kk44OJ44Ov44Oz44OU44O844K544Oq44ON44Oz44Ov44Oz44OU44O844K544CQ5YaN5YWl6I234pmqNeaciDIx5pelMTLmmYImYW1wOzIy5pmC44KI44KK44CR44CMZnJlbmNo44CN44Kz44O844OH44KI44KK6I+v44KE44GQ44OR44O844Or44Go6Iqx44Gu44ON44OD44Kv44Os44K544KS5L2/44Gj44Gm5qyy44GX44GP44Gm,44CA44CC44CQ5YaN5YWl6I234pmqNeaciDIx5pelMTLmmYImYW1wOzIy5pmC44KI44KK44CR44CMZnJlbmNo44CN44Kz44O844OH44KI44KK6I+v44KE44GQ44OR44O844Or44Go6Iqx44Gu44ON44OD44Kv44Os44K544KS5L2/44Gj44Gm5qyy44GX44GP44Gm[rn]
39-1081,aHR0cDovL3RzaG9wLnIxMHMuanAvZnVua3ktZnJ1aXQvY2FiaW5ldC8wNDgxNjMzMS8wNTA2NTY1Ni9pbWdyYzAwNjcxODIzNzAuanBnP2ZpdGluPTcwMDo3MDA=,MTIwOS42MDAw,,44K444Ol44Ko44Oq44O844O744Ki44Kv44K744K144Oq44O8ID4g44Os44OH44Kj44O844K544K444Ol44Ko44Oq44O844O744Ki44Kv44K744K144Oq44O8ID4g44ON44OD44Kv44Os44K544OB44Kn44O844Oz,44K544OB44O844Og44OR44Oz44Kv44Ki44Oz44OG44Kj44O844Kv44OB44Kn44O844Oz44ON44OD44Kv44Os44K5IOOCtOODvOODq+ODiSDjgrfjg6vjg5Djg7wg5qmf5qKw5LuV5o6b44GRIOatr+i7iiDjgq7jgqIg44OP44O844OI44CQMeeCueOBruOBv+ODoeODvOODq+S+v+WPr+iDveOAkTUwNjI4MTHjgJA1M27jgJE=,,PGRpdiBhbGlnbj0iY2VudGVyIj4KCjxicj48YnI+PGJyPgo8IS0t77yK55S75YOP77yR5p6a55uu77yKLS0+CjxpbWcgc3JjPSJodHRwOi8vaW1hZ2UucmFrdXRlbi5jby5qcC9mdW5reS1mcnVpdC9jYWJpbmV0LzA0ODE2MzMxLzA1MDY1NjU2L2ltZ3JjMDA2NzE4MjM3MC5qcGciPjxicj4KPGJyPjxicj48YnI+PGJyPjxicj4KCjwhLS3vvIrjgq3jg6Pjg4Pjg4HnlLvlg4/vvIotLT4KPGJyPjxicj48YnI+PGJyPjxicj4KPGltZyBzcmM9Imh0dHA6Ly9pbWFnZS5yYWt1dGVuLmNvLmpwL2Z1bmt5LWZydWl0L2NhYmluZXQvMDQ4MTYzMzEvMDUwNjU2NTYvaW1ncmMwMDY3MTgyMzcxLmpwZyI+PGJyPgo8YnI+PGJyPjxicj48YnI+PGJyPgoKPCEtLe+8iuedgOeUuzHmnprnm67vvIotLT4KPGJyPjxicj48YnI+PGJyPjxicj4KPGltZyBzcmM9Imh0dHA6Ly9pbWFnZS5yYWt1dGVuLmNvLmpwL2Z1bmt5LWZydWl0L2NhYmluZXQvMDQ4MTYzMzEvMDUwNjU2NTYvaW1ncmMwMDY3MTgyMzcyLmpwZyI+PGJyPgo8YnI+PGJyPjxicj48YnI+PGJyPgoKCjwvZGl2PgoKPCEtLeWVhuWTgeips+e0sC0tPgo8YnI+PGJyPjxicj48YnI+CjxpbWcgc3JjPSJodHRwOi8vaW1hZ2UucmFrdXRlbi5jby5qcC9mdW5reS1mcnVpdC9jYWJpbmV0LzAxMDEwMjgxLzAyMjM5MjU0LzAyMjI3NTQ4L2ltZ3JjMDA2NTI5OTE4NS5qcGciPjxicj4KPHRhYmxlIGJvcmRlcj0iMCIgd2lkdGg9IjYwMCI+PHRyPjx0ZD4K44K544OB44O844Og44OR44Oz44Kv44K544K/44Kk44Or44Gr5pyA6YGp44Gq44Kv44Op44K344Kr44Or44Gn5qmf5qKw5LuV5o6b44GR44Gu44OB44Kn44O844Oz44ON44OD44Kv44Os44K544CC44OP44O844OI44CB5qW95Zmo44CB44Os44Oq44O844OV44Go44Gd44KM44Ge44KM44Gu44Oi44OB44O844OV44Gr5YCL5oCn44GM44GC44KK44CB6IO45YWD44KS5b2p44KL44Ki44Kv44K744K144Oq44O844CC5Lit5LiW44Go54++5Zyo44KS44Of44OD44Kv44K544GV44Gb44Gf44KI44GG44Gq44Os44OI44Ot44Gn5pyq5p2l55qE44Gq44K544OB44O844Og44OR44Oz44Kv44Gv6KaB5rOo55uu44Ov44O844OJ44Gr44Gq44KL44GL44KC77yB77yfCjwvdGQ+PC90cj48L3RhYmxlPgo8QlI+Cjx0YWJsZSB3aWR0aD0iNjAwIiBjbGFzcz0idGl0bGUiPjx0cj48dGQ+CuODu+WVhuWTgeips+e0sAo8L3RkPjwvdHI+PC90YWJsZT4KPHRhYmxlIGlkPSJzeW91c2FpIiB3aWR0aD0iNjAwIiBjZWxsc3BhY2luZz0iMSIgY2VsbHBhZGRpbmc9IjUiIGJnY29sb3I9IiNhZGFkYWQiPgo8dHI+Cjx0ZCBjbGFzcz0iaGlkYXJpIj4KPGZvbnQgY29sb3I9IiMwMDAwMDAiIHNpemU9IjEiPgrooajoqJjjgrXjgqTjgro8L2ZvbnQ+CjwvdGQ+Cjx0ZD7jgI7jgrXjgqTjgrrvvKbjgI88YnI+CjwvdGQ+CjwvdHI+Cjx0cj4KPHRkICBjbGFzcz0iaGlkYXJpIj4KPGZvbnQgY29sb3I9IiMwMDAwMDAiIHNpemU9IjEiPueUn+eUo+WcsDwvZm9udD4KPC90ZD4KPHRkPuOAjuS4reWbveOAjzxicj4KPC90ZD4KPC90cj4KPHRyPgo8dGQgY2xhc3M9ImhpZGFyaSI+Cjxmb250IGNvbG9yPSIjMDAwMDAwIiBzaXplPSIxIj7ntKDmnZA8L2ZvbnQ+CjwvdGQ+Cjx0ZD7jgI7nnJ/pja7nrYnjgI88YnI+CjwvdGQ+CjwvdHI+Cgo8dHI+Cjx0ZCBjbGFzcz0iaGlkYXJpIj4KPGZvbnQgY29sb3I9IiMwMDAwMDAiIHNpemU9IjEiPuS8uOe4ruaApzwvZm9udD4KPC90ZD4KPHRkPgrjgI7kvLjnuK7mgKfnhKHjgZfjgI88YnI+CjwvdGQ+CjwvdHI+Cgo8dHI+Cjx0ZCBjbGFzcz0iaGlkYXJpIj4KPGZvbnQgY29sb3I9IiMwMDAwMDAiIHNpemU9IjEiPuOCteOCpOOCujwvZm9udD4KPC90ZD4KPHRkPgrjgI5B44K/44Kk44OX5YWo6ZW357SEMzJjbeODu+ODouODgeODvOODlee0hOe4pjRjbcOX57SE5qiqNWNt44CPPEJSPgrjgI5C44K/44Kk44OX5YWo6ZW357SEMzRjbeODu+ODouODgeODvOODlee0hOe4pjUuNWNtw5fntITmqKo0LjVjbeOAjzxCUj4K44COQ+OCv+OCpOODl+WFqOmVt+e0hDQxY23jg7vjg6Ljg4Hjg7zjg5XntITnuKY2Y23Dl+e0hOaoqjQuM2Nt44CPPEJSPgo8L3RkPgo8L3RyPgoKCjx0cj4KPHRkIGNsYXNzPSJoaWRhcmkiPgo8Zm9udCBjb2xvcj0iIzAwMDAwMCIgc2l6ZT0iMSI+44Kr44Op44O8PC9mb250Pgo8L3RkPgo8dGQ+CuOAjkHjgr/jgqTjg5fjgI/jgI5C44K/44Kk44OX44CP44COQ+OCv+OCpOODl+OAjwo8L3RkPgo8L3RyPgo8L3RhYmxlPgo8YnI+CgoKCgoKCgo8c3R5bGUgdHlwZT0idGV4dC9jc3MiPgo8IS0tCgojc3lvdXNhaSB0ZCB7CnBhZGRpbmc6M3B4OwpiYWNrZ3JvdW5kOiNGRkZGRkY7Cn0KI3N5b3VzYWkgdGQuaGlkYXJpIHsKd2lkdGg6MTQwcHg7CmJhY2tncm91bmQ6I0VGRUZFRjsKfQoKCiNzeW91c2FpLWt1dHUgdGQuaGlkYXJpIHsKd2lkdGg6NzBweDsKYmFja2dyb3VuZDojRUZFRkVGOwp9Cgojc3lvdXNhaS1rdXR1IHRkIHsKcGFkZGluZzozcHg7CmJhY2tncm91bmQ6I0ZGRkZGRjsKfQoKCi50aXRsZSB7IGZvbnQtd2VpZ2h0Om5vcm1hbDsKY29sb3I6I0ZGRkZGRjsgYmFja2dyb3VuZDojYWRhZGFkOyB3aWR0aDo2MDA7Cm1hcmdpbjowOyB9Ci0tPgo8L3N0eWxlPjx0YWJsZSBib3JkZXI9IjAiIHdpZHRoPSI0MDAiPjx0cj48dGQ+PGltZyBzcmM9Imh0dHA6Ly9pbWFnZS5yYWt1dGVuLmNvLmpwL2Z1bmt5LWZydWl0L2NhYmluZXQvMDEwMTAyODEvMDIyMzkyNTQvMDIyMjc1NDgvaW1ncmMwMDY4NDA3ODMyLmpwZyI+PGJyPjxicj48Zm9udCBzaXplPSIyIj7jg7vllYblk4HnlLvlg4/jgajlrp/nianjga7jgYroibLjga/lpJrlsJHpgZXjgYbloLTlkIjjgYzlvqHluqfjgYTjgb7jgZnjga7jgafjgZTkuobmib/kuIvjgZXjgYTjgILjgYrkvb/jgYTjga7jg6Ljg4vjgr/jg7zjgJDmmI7jgovjgZXjgrPjg7Pjg4jjg6njgrnjg4joqK3lrprjgJHjgavjgojjgaPjgaboibLjga7opovjgYjmlrnjgYznlbDjgarjgorjgb7jgZnjgII8YnI+PGJyPuODu+S4iuiomOWun+WvuOOBr+W9k+W6l+OBp+ioiOa4rOOBl+OBpuOBvuOBmeOBruOBp+Wun+mam+OBruWVhuWTgeOBqOiqpOW3ruOBjOWHuuOCi+WgtOWQiOOBjOW+oeW6p+OBhOOBvuOBmeOAgjxicj48YnI+44O75p+T5paZ44Gu5oCn6LOq5LiK6Imy6JC944Gh44GX44G+44GZ44Gu44Gn5LuW44Gu54mp44Go5LiA57eS44Gr5rSX44KP44Gq44GE44Gn5LiL44GV44GE44CCPGJyPjxicj7jg7vmub/jgaPjgZ/nirbmhYvjgafjga7kvb/nlKjjga/mkanmk6bjgavjgojjgoroibLnp7vjgorjgZnjgovloLTlkIjjgYzlvqHluqfjgYTjgb7jgZnjgII8YnI+PGJyPuODu+WkqeeEtue0oOadkOetieOCkuS9v+eUqOOBl+OBpuOBhOOCi+WVhuWTgeOChOa0l+OBhOWKoOW3peetieOBp+W9oueKtuODu+miqOWQiOOBhOetieOBjO+8keOBpO+8keOBpOeVsOOBquOCi+WgtOWQiOOBjOOBguOCiuOBvuOBmeOAgjxicj48YnI+44O75aSn44GN44Gq5p+E44KE44OX44Oq44Oz44OI54mp562J44Gv55Sf5Zyw44Gu5L2/55So6YOo5YiG44Gr44KI44Gj44Gm55S75YOP44Go55Ww44Gq44KL6YWN572u44Gr44Gq44KK44G+44GZ44CCPGJyPjxicj7jg7vlsI/jgZXjgarpg6jlk4HnrYnjgpLkvb/nlKjjgZfjgabjgYTjgovllYblk4HvvIjnibnjgavjgqLjgq/jgrvpoZ7vvInjga/nnYDnlKjjg7vkvb/nlKjjg7vjgYrmiYvlhaXjgozjgavjgZTms6jmhI/kuIvjgZXjgYTjgILnibnjgavph5HlsZ7jgqLjg6zjg6vjgq7jg7zjga7mlrnjga/ljYHliIbjgavjgZTms6jmhI/kuIvjgZXjgYTjgII8L2ZvbnQ+PC90ZD48L3RyPjwvdGFibGU+PGJyPjxicj48aW1nIHNyYz0iaHR0cDovL2ltYWdlLnJha3V0ZW4uY28uanAvZnVua3ktZnJ1aXQvY2FiaW5ldC8wMTAxMDI4MS9tZXdocC9pbWc2MTY2NjE2Ni5naWYiPjxicj48dGFibGUgYm9yZGVyPSIwIiB3aWR0aD0iNDAwIj48dHI+PHRkPjxmb250IHNpemU9IjIiPuODu+S7luW6l+iIl+OBqOOBruWFseacieWcqOW6q+OBqOOBquOCiuOBvuOBmeOBruOBp+OAgeW+oeizvOWFpeW+jOOBq+asoOWTgeOBjOeZuueUn+OBmeOCi+WgtOWQiOOBjOW+oeW6p+OBhOOBvuOBmeOAguWumuacn+eahOOBq+iqv+aVtOOBl+OBpuOBiuOCiuOBvuOBmeOBruOBp+S9leWNkuOBlOS6huaJv+S4i+OBleOBhOOBvuOBm+OAgjxicj48YnI+44O75a6M5aOy5ZWG5ZOB44Gu44GK5ZWP44GE5ZCI44KP44Gb44KS6aCC44GE44Gf5aC05ZCI44CB44Gd44Gu5pmC54K544Gn5YaN55Sf55Sj44Gu5LqI5a6a44GM54Sh44GP44Gm44KC5b6M5pel6L+95Yqg55Sf55Sj77yG5YaN5YWl6I2344GM5rG65a6a44GZ44KL5aC05ZCI44GM5b6h5bqn44GE44G+44GZ44CC44Gd44Gu6Zqb44Gv44GK5ZWP44GE5ZCI44KP44Gb44Gu44GU6L+U562U44Go55u46YGV44GX44G+44GZ44GM44GU5LqG5om/5LiL44GV44GE44CC44G+44Gf44CB44Kt44Oj44Oz44K744Or44KE6L+U5ZOB562J44GM44GC44Gj44Gf5aC05ZCI44Gr44KC5Zyo5bqr54q25rOB44Gv5LqI5ZGK54Sh44GP5aSJ5pu044GV44KM44G+44GZ44CCPC9mb250PjwvdGQ+PC90cj48L3RhYmxlPjxicj48aW1nIHNyYz0iaHR0cHM6Ly9pbWFnZS5yYWt1dGVuLmNvLmpwL2Z1bmt5LWZydWl0L2NhYmluZXQvMDEwMTAyODEvMDIyMzkyNTQvMDIyMjc1NDgvdHRwNzM0XzEwODAuanBnIiB3aWR0aD0iNzUwIj4KPGJyPjxicj48YnI+Cgo8dGFibGUgYWxpZ249ImNlbnRlciI+Cjx0cj48dGQ+Cgo8aW1nIHNyYz0iaHR0cHM6Ly9pbWFnZS5yYWt1dGVuLmNvLmpwL2Z1bmt5LWZydWl0L2NhYmluZXQvMDEwMTAyODEvMDIyMzkyNTQvMDIyMjc1NDgvaW1ncmMwMDY4NDkzOTQ4LmpwZyIgd2lkdGg9IjI1MCI+CjwvdGQ+Cgo8dGQ+Cgo8aW1nIHNyYz0iaHR0cHM6Ly9pbWFnZS5yYWt1dGVuLmNvLmpwL2Z1bmt5LWZydWl0L2NhYmluZXQvMDEwMTAyODEvMDIyMzkyNTQvMDIyMjc1NDgvaW1ncmMwMDY4NDkzOTQ5LmpwZyIgd2lkdGg9IjI1MCI+CjwvdGQ+Cgo8dGQ+Cgo8aW1nIHNyYz0iaHR0cHM6Ly9pbWFnZS5yYWt1dGVuLmNvLmpwL2Z1bmt5LWZydWl0L2NhYmluZXQvMDEwMTAyODEvMDIyMzkyNTQvMDIyMjc1NDgvaW1ncmMwMDY4NTQxOTQ2LmpwZyIgd2lkdGg9IjI1MCI+CjwvdGQ+CjwvdHI+CjwvdGFibGU+Cgo8dGFibGUgYWxpZ249ImNlbnRlciI+Cjx0cj4KPHRkPgoKPGltZyBzcmM9Imh0dHBzOi8vaW1hZ2UucmFrdXRlbi5jby5qcC9mdW5reS1mcnVpdC9jYWJpbmV0LzAxMDEwMjgxLzAyMjM5MjU0LzAyMjI3NTQ4L2ltZ3JjMDA2ODc5NzYwOC5qcGciIHdpZHRoPSIyNTAiPgo8L3RkPgoKPHRkPgoKPGltZyBzcmM9Imh0dHBzOi8vaW1hZ2UucmFrdXRlbi5jby5qcC9mdW5reS1mcnVpdC9jYWJpbmV0LzAxMDEwMjgxLzAyMjM5MjU0LzAyMjI3NTQ4L2ltZ3JjMDA2Nzg0MTk3MS5qcGciIHdpZHRoPSIyNTAiPgo8L3RkPgoKPHRkPgoKPGltZyBzcmM9Imh0dHBzOi8vaW1hZ2UucmFrdXRlbi5jby5qcC9mdW5reS1mcnVpdC9jYWJpbmV0LzAxMDEwMjgxLzAyMjM5MjU0LzAyMjI3NTQ4L2ltZ3JjMDA2NzYxODcyNy5qcGciIHdpZHRoPSIyNTAiPgo8L3RkPgo8L3RyPgo8L3RhYmxlPgoKCgoKCjwhLS3ntI3mnJ/mg4XloLHmloflrZflpInmm7QtLT4KPHN0eWxlIFRZUEU9InRleHQvY3NzIj4KPCEtLQp0ZC5pbnZlbnRvcnkgZm9udHtmb250LXNpemU6MTBweDtjb2xvcjojNjY2NjY2O30KCi0tPgo8L3N0eWxlPgo8IS0t57SN5pyf5oOF5aCx5paH5a2X5aSJ5pu0LS0+,44K544OB44O844Og44OR44Oz44Kv44Ki44Oz44OG44Kj44O844Kv44OB44Kn44O844Oz44ON44OD44Kv44Os44K5IOOCtOODvOODq+ODiSDjgrfjg6vjg5Djg7wg5qmf5qKw5LuV5o6b44GRIOatr+i7iiDjgq7jgqIg44OP44O844OI44CQMeeCueOBruOBv+ODoeODvOODq+S+v+WPr+iDveOAkTUwNjI4MTHjgJA1M27jgJHvvJpGVU5LWUZSVUlU44CA44OV44Kh44Oz44Kt44O844OV44Or44O844OE,44K144Or44Ko44Or44OR44Oz44OE44K144Or44Ko44Or44OH44OL44Og44Ki44Op44K444Oz44OR44Oz44OE44Kq44O844OQ44O844Kq44O844OrRlVOS1kgRlJVSVTnlLflpbPlhbznlKjlpInlvaLjgqvjg7zjg4fjgqPjgqzjg7PlpInlvaLjg5Hjg7Pjg4Tljp/lrr/ns7vljp/jgrPjg6zjg4njg6vjg57jg7Pjg5Hjg7zjgqvlj6TnnYDns7vlgIvmgKfnmoTjg5XjgqHjg4Pjgrfjg6fjg7Pjg4njg4Pjg4jnm7TovLjlhaXmv4DlronjgqLjg5Hjg6zjg6vljbjkvqHmoLzjg5fjg4Hjg5fjg6njgqTjgrnjgrnjg4Hjg7zjg6Djg5Hjg7Pjgq/jgqLjg7Pjg4bjgqPjg7zjgq/jg4Hjgqfjg7zjg7Pjg43jg4Pjgq/jg6zjgrkg44K044O844Or44OJIOOCt+ODq+ODkOODvCDmqZ/morDku5XmjpvjgZEg5q2v6LuKIOOCruOCoiDjg4/jg7zjg4jjgJAx54K544Gu44G/44Oh44O844Or5L6/5Y+v6IO944CRNTA2MjgxMeOAkDUzbuOAkQ==,44K544OB44O844Og44OR44Oz44Kv44Ki44Oz44OG44Kj44O844Kv44OB44Kn44O844Oz44ON44OD44Kv44Os44K5IOOCtOODvOODq+ODiSDjgrfjg6vjg5Djg7wg5qmf5qKw5LuV5o6b44GRIOatr+i7iiDjgq7jgqIg44OP44O844OI44CQMeeCueOBruOBv+ODoeODvOODq+S+v+WPr+iDveOAkTUwNjI4MTHjgJA1M27jgJE=[rn]
39-1082,aHR0cDovL3RzaG9wLnIxMHMuanAvMDEwMW1hcnVpL2NhYmluZXQvdG80MDMvMTgzL3RvNDAzLTE4MzQ2LTAxYi5qcGc/Zml0aW49NzAwOjcwMA==,MjE2MDAuMDAwMA==,,44K444Ol44Ko44Oq44O844O744Ki44Kv44K744K144Oq44O8ID4g44K444Ol44Ko44Oq44O844O744Ki44Kv44K744K144Oq44O855So5ZOBID4g44Gd44Gu5LuW,77yr77yR77yQ44OB44Oj44O844Og77yP44Ki44Ks44OD44OI77yIYWdldGXvvIk=,SzEw776B772s772w776R,PGRpdiBzdHlsZT0id2lkdGg6NzMwcHgiIGNsYXNzPSJmdW5fdHBscyI+PHN0eWxlIFRZUEU9InRleHQvY3NzIj4uZnVuX3RwbHMgKiB7bWFyZ2luOiAwO3BhZGRpbmc6IDA7Zm9udC1zaXplOiAxMnB4O2xpbmUtaGVpZ2h0OiAxLjQ7bGV0dGVyLXNwYWNpbmc6IDAuNXB4O2NvbG9yOiAjMzMzO30uZnVuX3RwbHMgdGFibGUge2JvcmRlci1jb2xsYXBzZTogY29sbGFwc2U7Ym9yZGVyLXNwYWNpbmc6IDA7fS5mdW5fdHBscyB0aCB7dGV4dC1hbGlnbjogbGVmdDt9LmZ1bl90cGxzIGgxIC5mdW5fdHBscyBoMiAuZnVuX3RwbHMgaDMgLmZ1bl90cGxzIGg0IC5mdW5fdHBscyBoNSB7Zm9udC1zaXplOiAxMDAlO30uZnVuX3RwbHMgaW1nIHtib3JkZXI6IDA7fS5mdW5fdHBscyBsaSB7IGxpc3Qtc3R5bGU6IG5vbmU7IH0uZnVuX3RwbHMgYSB7Y29sb3I6ICMxZDhiYzA7dGV4dC1kZWNvcmF0aW9uOiBub25lO30uZnVuX3RwbHMgYTp2aXNpdGVkIHtjb2xvcjogIzFkOGJjMDt0ZXh0LWRlY29yYXRpb246IG5vbmU7fS5mdW5fdHBscyBhOmhvdmVyIHtjb2xvcjogI2Y5YzY0Nzt0ZXh0LWRlY29yYXRpb246IHVuZGVybGluZTt9LmZ1bl90cGxzIC5tZ24zIHttYXJnaW4tYm90dG9tOiAzcHg7fS5mdW5fdHBscyAubWduNSB7bWFyZ2luLWJvdHRvbTogNXB4O30uZnVuX3RwbHMgLm1nbjEwIHttYXJnaW4tYm90dG9tOiAxMHB4O30uZnVuX3RwbHMgLm1nbjE1IHttYXJnaW4tYm90dG9tOiAxNXB4O30uZnVuX3RwbHMgLm1nbjIwIHttYXJnaW4tYm90dG9tOiAyMHB4O30uZnVuX3RwbHMgLm1nbjMwIHttYXJnaW4tYm90dG9tOiAzMHB4O30uZnVuX3RwbHMgLmIge2ZvbnQtd2VpZ2h0OiBib2xkO30uY0ZpeDphZnRlcntjb250ZW50OiAiICI7ZGlzcGxheTogYmxvY2s7aGVpZ2h0OiAwO2NsZWFyOiBib3RoO3Zpc2liaWxpdHk6IGhpZGRlbjt9LmNGaXgge2Rpc3BsYXk6aW5saW5lLWJsb2NrOyAvKiBNYWNJRSAqL21pbi1oZWlnaHQ6MSU7IC8qIElFNyAqL30vKiBNYWNJRS1ub3QgXCovKiBodG1sIC5jRml4IHtoZWlnaHQ6IDElO30uY0ZpeCB7ZGlzcGxheTogYmxvY2s7fS8qIE1hY0lFLW5vdCAqLy5mdW5fdHBscyAuaF90aXRsZSB7d2lkdGg6IDczMHB4O2hlaWdodDogODBweDtiYWNrZ3JvdW5kOiB1cmwoaHR0cDovL2ltYWdlLnJha3V0ZW4uY28uanAvMDEwMW1hcnVpL2NhYmluZXQvZ29sZF9pbWFnZXMvaXRlbV9wYWdlMDEuanBnKTtvdmVyZmxvdzogaGlkZGVuO30uZnVuX3RwbHMgLmhfdGl0bGUgZGl2IHtwYWRkaW5nLWxlZnQ6IDMwcHg7cGFkZGluZy10b3A6IDIwcHg7bGluZS1oZWlnaHQ6IDIwcHg7Zm9udC1zaXplOiAxNnB4O2ZvbnQtd2VpZ2h0OiBib2xkO2NvbG9yOiMzMzM7fS5mdW5fdHBscyAuZmNfc3dhcCB1bCBsaSB7ZmxvYXQ6IGxlZnQ7d2lkdGg6IDE4NXB4O2hlaWdodDogMTg1cHg7fS5mdW5fdHBscyAuZmNfc3dhcCB1bCAjbWFpbl9pbWFnZV9ib3gge3dpZHRoOjM3MHB4O2hlaWdodDozNzBweDt9LmZ1bl90cGxzIC5mY19zd2FwIHVsIC5yaWdodCB7d2lkdGg6MTc1cHg7fS5mdW5fdHBscyAuZmNfc3dhcCB1bCBpbWd7Ym9yZGVyOiBzb2xpZCAxcHggI2NjYzt9c3Bhbi5leHRyYV9pbWFnZV90aXRsZSB7Y29sb3I6ICMzMzMzMzM7fWltZy5leHRyYV9pbWFnZSB7d2lkdGg6IDM1MHB4O2JvcmRlcjogbm9uZTt9LS0+PC9zdHlsZT48aDIgY2xhc3M9ImhfdGl0bGUgbWduMjAiPjxkaXY+77yr77yR77yQ44OB44Oj44O844OgPEJSPu+8j+OCouOCrOODg+ODiO+8iGFnZXRl77yJPC9kaXY+PC9oMj48ZGl2IGNsYXNzPSJhcmVhMSBzcGMzMCBjRml4Ij48ZGl2IGNsYXNzPSJmY19zd2FwIj48dWwgY2xhc3M9ImNGaXgiPjxsaSBpZD0ibWFpbl9pbWFnZV9ib3giPjxhIGhyZWY9Imh0dHA6Ly90aHVtYm5haWwuaW1hZ2UucmFrdXRlbi5jby5qcC9zLz9AMF9tYWxsLzAxMDFtYXJ1aS9jYWJpbmV0L3RvNDAzLzE4My90bzQwMy0xODM0Ni0wMWIuanBnIiB0YXJnZXQ9Il90b3AiPjxpbWcgc3JjPSJodHRwOi8vaW1hZ2UucmFrdXRlbi5jby5qcC8wMTAxbWFydWkvY2FiaW5ldC90bzQwMy8xODMvdG80MDMtMTgzNDYtMDFiLmpwZyIgd2lkdGg9IjM1OCIgaGVpZ2h0PSIzNTgiPjwvYT48L2xpPjxsaSBjbGFzcz0iaW1nT24iPjxhIGhyZWY9Imh0dHA6Ly90aHVtYm5haWwuaW1hZ2UucmFrdXRlbi5jby5qcC9zLz9AMF9tYWxsLzAxMDFtYXJ1aS9jYWJpbmV0L3RvNDAzLzE4My90bzQwMy0xODM0Ni1kMDFiLmpwZyIgdGFyZ2V0PSJfdG9wIj48aW1nIHNyYz0iaHR0cDovL2ltYWdlLnJha3V0ZW4uY28uanAvMDEwMW1hcnVpL2NhYmluZXQvdG80MDMvMTgzL3RvNDAzLTE4MzQ2LWQwMWIuanBnIiB3aWR0aD0iMTczIiBoZWlnaHQ9IjE3MyI+PC9hPjwvbGk+PGxpIGNsYXNzPSJpbWdPbiByaWdodCI+PGEgaHJlZj0iaHR0cDovL3RodW1ibmFpbC5pbWFnZS5yYWt1dGVuLmNvLmpwL3MvP0AwX21hbGwvMDEwMW1hcnVpL2NhYmluZXQvdG80MDMvMTgzL3RvNDAzLTE4MzQ2LWQwM2IuanBnIiB0YXJnZXQ9Il90b3AiPjxpbWcgc3JjPSJodHRwOi8vaW1hZ2UucmFrdXRlbi5jby5qcC8wMTAxbWFydWkvY2FiaW5ldC90bzQwMy8xODMvdG80MDMtMTgzNDYtZDAzYi5qcGciIHdpZHRoPSIxNzMiIGhlaWdodD0iMTczIj48L2E+PC9saT48L3VsPjwvZGl2PjxoMiBjbGFzcz0ic3BjMjAiPjxpbWcgc3JjPSJodHRwOi8vaW1hZ2UucmFrdXRlbi5jby5qcC8wMTAxbWFydWkvY2FiaW5ldC9nb2xkX2ltYWdlcy9pdGVtX3BhZ2UwNy5qcGciIGFsdD0i44Kr44Op44O844OQ44Oq44Ko44O844K344On44OzIj48L2gyPjwvZGl2Pjxicj48dGFibGU+PHRib2R5PjxUUj48dGQgYWxpZ249ImNlbnRlciI+PHNwYW4gY2xhc3M9ImV4dHJhX2ltYWdlX3RpdGxlIj7jg5vjg6/jgqTjg4jvvIjvvJDvvJjvvIk8L3NwYW4+PGJyPjxpbWcgY2xhc3M9ImV4dHJhX2ltYWdlIiBzcmM9Imh0dHA6Ly9pbWFnZS5yYWt1dGVuLmNvLmpwLzAxMDFtYXJ1aS9jYWJpbmV0L3RvNDAzLzE4My90bzQwMy0xODM0Ni0wMWIuanBnIj48L3RkPjwvdGJvZHk+PC90YWJsZT48YnI+PHNwYW4gc3R5bGU9ImZvbnQtc2l6ZTogMC45ZW07IGNvbG9yOiAjNjY2NjY2OyI+55S76Z2i5LiK44Go5a6f54mp44Gn44Gv44CB5aSa5bCR6Imy5YW35ZCI44GM55Ww44Gq44Gj44Gm6KaL44GI44KL5aC05ZCI44GM44GU44GW44GE44G+44GZ44CCPC9zcGFuPjxpbWcgc3JjPSJodHRwOi8vaW1hZ2UucmFrdXRlbi5jby5qcC8wMTAxbWFydWkvY2FiaW5ldC8wMTkwMjMyMy9pbWc1NzE4NTM3Ni5naWYiIGJvcmRlcj0iMCI+PGJyPjxicj7jgqLjgqzjg4Pjg4jjga7vvKvvvJHvvJDjg4Hjg6Pjg7zjg6A8QlI+PEJSPuOAkGFnZXRl44CAQ0xBU1NJQ+OAkeaYpeOBruWEquOBl+OBhOaYjuOBkeaWueOBrueZveOCk+OBoOepuuOCkuOCpOODoeODvOOCuOOBl+OAgeeZveidtuiyneOBruaflOOCieOBi+OBhOeZveOBqOODkeODvOODq+OBrue0lOeZveOCq+ODqeODvOOBp+eZveOBruS4lueVjOOCkuihqOePvuOBl+OBvuOBl+OBn+OAgjxCUj48QlI+55m96J226LKd44Gu6KGo5oOF44Gu44GC44KL6KGo6Z2i44GM56e744KK6KGM44GP56m644Gu6KGo5oOF44KS5oSf44GY44GV44Gb44CB5YSq44GX44GE5pil44Gu56m644KS5oOz5YOP44GV44Gb44G+44GZ44CCPEJSPjxCUj7jgrnjg4Pjgq3jg6rjgajjgZfjgZ/pgI/jgYvjgZfmhJ/jgajjgrXjg7zjgq/jg6vjgr/jgqTjg5fjgYzjgIHjgYrmiYvmjIHjgaHjga7jg4Hjg6Pjg7zjg6DjgajjgoLlkIjjgo/jgZvjgoTjgZnjgYTjg5Xjgqnjg6vjg6DjgavjgarjgaPjgabjgYTjgb7jgZnjgIIgPEJSPjxCUj7igLvlpKnnhLbnn7PjgpLkvb/nlKjjgZfjgabjgYTjgovngrrjgIHjgrXjgqTjgrrjgoToibLjgIHpoqjlkIjjgYTjga/kuIDjgaTkuIDjgaTnlbDjgarjgovloLTlkIjjgYzjgZTjgZbjgYTjgb7jgZnjgILjgb7jgZ/jgIHlhoXljIXnianjgoToi6XlubLjga7lgrfjgarjganjgYzjgYLjgovloLTlkIjjgoLjgZTjgZbjgYTjgb7jgZnjgILkuojjgoHjgZTkuobmib/jgY/jgaDjgZXjgYTjgb7jgZvjgII8QlI+PEJSPlvlnovnlao6MTQxNzExMTcwMDJdPEJSPjxCUj7jgJDjgqLjgqzjg4Pjg4jjgYrli6fjgoHjgJE8YnI+4pag44Kr44Op44O877ya44Ob44Ov44Kk44OI77yI77yQ77yY77yJPGJyPjxicj48aW1nIHNyYz0iaHR0cDovL2ltYWdlLnJha3V0ZW4uY28uanAvMDEwMW1hcnVpL2NhYmluZXQvMDE5MDIzMjMvaW1nNTcxODUzNzcuZ2lmIiBib3JkZXI9IjAiPjxicj48YnI+OTk577yP57imMe+8jjLjg7vmqKox77yOMuODu+WOmuOBvzDvvI4yY208QlI+PGJyPjx0YWJsZSBib3JkZXI9IjAiIGNlbGxwYWRkaW5nPSIyIiBjZWxsc3BhY2luZz0iMCIgd2lkdGg9IjM2MCI+PHRyPjx0ZD7igLso44CAKeOBp+ihqOiomOOBleOCjOOBpuOBhOOCi+aVsOWtl+OBr+ODjOODvOODieOCteOCpOOCuuOBp+OBmeOAguODjOODvOODieOCteOCpOOCuuOBqOOBr+iho+acjeOCkui6q+OBq+OBpOOBkeOBquOBhOi6q+S9k+OBruOCteOCpOOCuuOBp+OBmeOAguOBiuWuouanmOOBlOiHqui6q+OBrui6q+S9k+OCteOCpOOCuuOBqOavlOi8g+OBl+OBpuOBiumBuOOBs+OBj+OBoOOBleOBhOOAgjxicj48YnI+PC90ZD48L3RyPjwvdGFibGU+PGltZyBzcmM9Imh0dHA6Ly9pbWFnZS5yYWt1dGVuLmNvLmpwLzAxMDFtYXJ1aS9jYWJpbmV0LzAxOTAyMzIzL2ltZzU3MTg1Mzc4LmdpZiIgYm9yZGVyPSIwIj48YnI+PGJyPjx0YWJsZT48dGJvZHk+ICA8dHI+ICAgIDx0ZD7ilqDntKDmnZDvvJo8L3RkPiAgICA8dGQ+SzEw44CB55m96J226LKd44CB5reh5rC044OR44O844OrPC90ZD4gIDwvdHI+ICA8dHI+ICAgIDx0ZD7ilqDjgYrmiYvlhaXvvJo8L3RkPiAgICA8dGQ+77yNJm5ic3A7Jm5ic3A7PHNwYW4gY2xhc3M9Im90ZWlyZSI+Jmd0OyZndDvllYblk4Hjga7jgYrlj5bjgormibHjgYTmlrnms5U8L3NwYW4+PC90ZD4gIDwvdHI+ICA8dHI+ICAgIDx0ZD7ilqDljp/nlKPlm73vvJo8L3RkPiAgICA8dGQ+PC90ZD4gIDwvdHI+PC90Ym9keT48L3RhYmxlPjxkaXYgaWQ9Im9yZGVyc19hc2IiPjwvZGl2PjxkaXYgY2xhc3M9Imd1aWRlIj48aW1nIHNyYz0iaHR0cDovL2ltYWdlLnJha3V0ZW4uY28uanAvMDEwMW1hcnVpL2NhYmluZXQvMDE5MDIzMjMvZ3VpZGUuZ2lmIiBib3JkZXI9IjAiPjwvZGl2PjxzdHlsZSB0eXBlPSJ0ZXh0L2NzcyI+PCEtLQoKLyppUGhvbmXjgafjga5pZnJhbWXjgrnjgq/jg63jg7zjg6vliLblvqEqLwouc2Nyb2xsIHsKICB3aWR0aDogNzI4cHg7CiAgYm9yZGVyOiAxcHggc29saWQgI2RkZGRkZDsKICBvdmVyZmxvdzogYXV0bzsKICAtd2Via2l0LW92ZXJmbG93LXNjcm9sbGluZzogdG91Y2g7Cn0KI3Njcm9sbF9zdmNBIHsKICBoZWlnaHQ6IDQyMHB4Owp9CiNzY3JvbGxfc3ZjRyB7CiAgaGVpZ2h0OiA0NjBweDsKfQojc2Nyb2xsX3N2Y0ggewogIGhlaWdodDogNTYwcHg7Cn0KLnNjcm9sbCBpZnJhbWUgewogIHdpZHRoOiAxMDAlOwogIGhlaWdodDogMTAwJTsKICBib3JkZXI6IG5vbmU7CiAgZGlzcGxheTogYmxvY2s7Cn0KCi0tPjwvc3R5bGU+CgoKPGRpdiBjbGFzcz0iY29udGVudHMiPgoKPHRhYmxlIGJvcmRlcj0iMCIgY2VsbHBhZGRpbmc9IjAiIGNlbGxzcGFjaW5nPSIwIj4KICA8dHI+CiAgICA8dGQgc3R5bGU9InBhZGRpbmc6MCAwIDMwcHggMDsiPgogICAgICAKICAgICAgPGltZyBhbHQ9IuOCteOCpOOCuuihqOekuuOBqOOCteOCpOOCuuOBrua4rOOCiuaWueOBq+OBpOOBhOOBpiIgc3JjPSJodHRwOi8vd3d3LnJha3V0ZW4ubmUuanAvZ29sZC8wMTAxbWFydWkvaW1hZ2VzL2t5b19ibnIwMy5qcGciIHdpZHRoPSIzNjAiIGJvcmRlcj0iMCI+CiAgICA8L3RkPgogICAgCiAgICA8dGQgc3R5bGU9InBhZGRpbmc6MCAwIDMwcHggMTBweDsiPgogICAgICAKICAgICAgPGltZyBib3JkZXI9IjAiIGFsdD0i552A55So5oSf44Ks44Kk44OJIiBzcmM9Imh0dHA6Ly93d3cucmFrdXRlbi5uZS5qcC9nb2xkLzAxMDFtYXJ1aS9pbWFnZXMva3lvX2JucjAxLmpwZyIgd2lkdGg9IjM2MCI+CiAgICA8L3RkPgogIDwvdHI+CjwvdGFibGU+Cgo8IS0t44Od44Kk44Oz44OI44Kt44Oj44Oz44Oa44O844OzCjx0YWJsZSBib3JkZXI9IjAiIGNlbGxwYWRkaW5nPSIwIiBjZWxsc3BhY2luZz0iMCI+CiAgPHRyPgogICAgPHRkIHN0eWxlPSJwYWRkaW5nOjAgMCAzMHB4IDA7Ij4KCiAgICAgIDxpbWcgYWx0PSLlr77osaHjgrfjg6fjg4Pjg5fpmZDlrprvvIHjgqjjg7Pjg4jjg6rjg7zjgafjg4DjgqTjg6Tjg6Ljg7Pjg4nkvJrlk6Hjga/jg53jgqTjg7Pjg4gxMOWAjeOAgeODl+ODqeODgeODiuS8muWToeOBr+ODneOCpOODs+ODiDflgI3jgIHjgrTjg7zjg6vjg4nkvJrlk6Hjga/jg53jgqTjg7Pjg4g15YCNIiBzcmM9Imh0dHA6Ly9pbWFnZS5yYWt1dGVuLmNvLmpwLzAxMDFtYXJ1aS9jYWJpbmV0L3NwL2Jhbm5lcl9sL2ltZ3JjMDA2NDE2NjM1MS5naWYiIHdpZHRoPSI3MjgiIGhlaWdodD0iOTAiIGJvcmRlcj0iMCI+CiAgICA8L3RkPgogIDwvdHI+CjwvdGFibGU+LS0+Cgo8IS0t44Os44OT44Ol44O844KS5pu444GE44GmNTAwcHTjgq3jg6Pjg7Pjg5rjg7zjg7MKPGRpdiBzdHlsZT0ibWFyZ2luLWJvdHRvbTozMHB4OyI+Cgo8aW1nIHNyYz0iaHR0cDovL2ltYWdlLnJha3V0ZW4uY28uanAvMDEwMW1hcnVpL2NhYmluZXQvaW1ncmMwMDYyMDE3MzIxLmpwZyI+Cgo8cCBzdHlsZT0idGV4dC1hbGlnbjpyaWdodDsiPu+8nu+8nuODrOODk+ODpeODvOOBruabuOOBjeaWueOBr+OCs+ODgeODqTwvcD4KPC9kaXY+Ci0tPgoKPGRpdiBjbGFzcz0ic2VjdGlvbiBtZ240MCBjbGVhcmZpeCI+CjxkaXYgY2xhc3M9InNlY3Rpb25faGVhZGVyIGNsZWFyZml4Ij4KPGgyPuOCq+ODhuOCtOODquWIpeODh+OCpOODquODvOODqeODs+OCreODs+OCsDwvaDI+CjwvZGl2PgoKPC9kaXY+Cgo8IS0tPGRpdiBjbGFzcz0ic2VjdGlvbiBtZ240MCBjbGVhcmZpeCI+CjxkaXYgY2xhc3M9InNlY3Rpb25faGVhZGVyIGNsZWFyZml4Ij4KPGgyPualveWkqeW4guWgtOODqeODs+OCreODs+OCsOWFpeiznuOCouOCpOODhuODoDwvaDI+CjwvZGl2Pgo8ZGl2IGlkPSJzY3JvbGxfc3ZjSCIgY2xhc3M9InNjcm9sbCI+Cgo8L2Rpdj4KPC9kaXY+Cgo8ZGl2IGNsYXNzPSJzZWN0aW9uIG1nbjQwIGNsZWFyZml4Ij4KPGRpdiBjbGFzcz0ic2VjdGlvbl9oZWFkZXIgY2xlYXJmaXgiPgo8aDI+5rOo55uu44Gu5ZWG5ZOB44Os44OT44Ol44O8PC9oMj4KPHAgY2xhc3M9ImxpbmtfaXRlbXNfYWxsIj4KPHNwYW4+CjxzcGFuIGNsYXNzPSJtb3JlIj7jg6zjg5Pjg6Xjg7zkuIDopqcmbmJzcDvvvJ48L3NwYW4+Cjwvc3Bhbj4KPC9wPgo8L2Rpdj4KPGRpdiBpZD0ic2Nyb2xsX3N2Y0EiIGNsYXNzPSJzY3JvbGwiPgoKPC9kaXY+CjwvZGl2PgoKPGRpdiBjbGFzcz0ic2VjdGlvbiBtZ240MCBjbGVhcmZpeCI+CjxkaXYgY2xhc3M9InNlY3Rpb25faGVhZGVyIGNsZWFyZml4Ij4KPGgyPuacgOaWsOOBruOBlOazqOaWh+eKtuazgTwvaDI+CjwvZGl2Pgo8ZGl2IGlkPSJzY3JvbGxfc3ZjRyIgY2xhc3M9InNjcm9sbCI+Cgo8L2Rpdj4KPC9kaXY+LS0+Cgo8IS0tL2NsYXNzPSJjb250ZW50cyItLT48L2Rpdj4=,77yr77yR77yQ44OB44Oj44O844Og77yP44Ki44Ks44OD44OI77yIYWdldGXvvInvvJrkuLjkupXvvIjjg57jg6vjgqTvvInmpb3lpKnluILloLTlupc=,77yr77yR77yQ44OB44Oj44O844Og77yP44Ki44Ks44OD44OI77yIYWdldGXvvIk=,SzEw776B772s772w776R44CC77yr77yR77yQ44OB44Oj44O844Og77yP44Ki44Ks44OD44OI77yIYWdldGXvvIk=[rn]
39-1083,aHR0cDovL3RzaG9wLnIxMHMuanAvcGxhdGluaXNtL2NhYmluZXQvcm95YWxvcmRlci9yby1vdGhlci9yZi1ib3guanBnP2ZpdGluPTcwMDo3MDA=,Mzg4LjgwMDA=,,44K444Ol44Ko44Oq44O844O744Ki44Kv44K744K144Oq44O8ID4g44K444Ol44Ko44Oq44O844O744Ki44Kv44K744K144Oq44O855So5ZOBID4g44Gd44Gu5LuW,44CQUk9ZQUwgT1JERVLjgJHjg63jgqTjg6Tjg6vjgqrjg7zjg4Djg7zjgJDjgYLjgZnmpb3jgJEvUklOR+OAgEZJTkdFUiBCT1jjgIDjg6rjg7PjgrDjg5XjgqPjg7Pjgqzjg7zjg5zjg4Pjgq/jgrko5beu44GX6L6844G/77yJ,44CQ44GC44GZ5qW944CR,PHN0eWxlPiAjYmlsbCAgeyB3aWR0aDs4MDBweDsgbWFyZ2luLWxlZnQ6IDEwcHg7IG1hcmdpbi1yaWdodDogMjdweDsgbWFyZ2luLXRvcDogLTY1cHg7IH0gPC9zdHlsZT48ZGl2IGlkPSJiaWxsIj48aWZyYW1lIHNyYz0iaHR0cDovL3d3dy5yYWt1dGVuLm5lLmpwL2dvbGQvcGxhdGluaXNtL2FzdXJha3UuaHRtbCJ3aWR0aD0iODAwcHgiIGhlaWdodD0iMTMyN3B4IiBzY3JvbGxpbmc9Im5vIiBtYXJnaW5oZWlnaHQ9IjBweCIgbWFyZ2lud2lkdGg9IjBweCIgZnJhbWVib3JkZXI9IjAiIGNsYXNzPSJsZWZ0Ij48L2lmcmFtZT48L2Rpdj48YnI+PGJyPjxpbWcgc3JjPSJodHRwOi8vaW1hZ2UucmFrdXRlbi5jby5qcC9wbGF0aW5pc20vY2FiaW5ldC9yb3lhbG9yZGVyL3JvLWFjYy9yb19hY2NfMS5qcGciPjxicj48YnI+PHRhYmxlIHdpZHRoPSI0NTAiIGJnY29sb3I9IkQxQ0ZDRiIgY2VsbHNwYWNpbmc9IjEiIGNlbGxwYWRkaW5nPSIzIj48dHI+PHRoIGNvbHNwYW49IjIiIGFsaWduPSJjZW50ZXIiIGJnY29sb3I9IkQxQ0ZDRiI+PGI+PGZvbnQgY29sb3I9IjAwMDAwMCI+4pag5ZWG5ZOB6Kmz57Sw4pagPC9mb250PjwvYj48L3RoPjwvdHI+PHRyPjx0aCBhbGlnbj0iY2VudGVyIiBiZ2NvbG9yPSJGRkZGRkYgIj48Zm9udCBzaXplPSIyIiBjb2xvcj0iMDAwMDAwIj7ntKDmnZA8L2ZvbnQ+PC90aD48dGQgYmdjb2xvcj0iRkZGRkZGIj48Zm9udCBzaXplPSIyIiBjb2xvcj0iMDAwMDAwIj7vvI3vvI3vvI08L2ZvbnQ+PC90ZD48L3RyPjx0cj48dGggYWxpZ249ImNlbnRlciIgYmdjb2xvcj0iRkZGRkZGICI+PGZvbnQgc2l6ZT0iMiIgY29sb3I9IjAwMDAwMCI+44K144Kk44K6PC9mb250PjwvdGg+PHRkIGJnY29sb3I9IkZGRkZGRiI+PGZvbnQgc2l6ZT0iMiIgY29sb3I9IjAwMDAwMCI+77yN77yN77yNPC9mb250PjwvdGQ+PC90cj48dHI+PHRoIGFsaWduPSJjZW50ZXIiIGJnY29sb3I9IkZGRkZGRiAiPjxmb250IHNpemU9IjIiIGNvbG9yPSIwMDAwMDAiPuS7mOWxnjwvZm9udD48L3RoPjx0ZCBiZ2NvbG9yPSJGRkZGRkYiPjxmb250IHNpemU9IjIiIGNvbG9yPSIwMDAwMDAiPuWwgueUqOWklueuseS7mOOBjTwvZm9udD48L3RkPjwvdHI+PHRyPjx0aCBhbGlnbj0iY2VudGVyIiBiZ2NvbG9yPSJGRkZGRkYgIj48Zm9udCBzaXplPSIyIiBjb2xvcj0iMDAwMDAwIj7ms6jmhI88L2ZvbnQ+PC90aD48dGQgYmdjb2xvcj0iRkZGRkZGIj48Zm9udCBzaXplPSIyIiBjb2xvcj0iMDAwMDAwIj7kuK3ouqvjga7jgqLjgq/jgrvjgrXjg6rjg7zjga/ku5jlsZ7jgZfjgb7jgZvjgpPjgILliKXlo7Ljgorjgavjgarjgorjgb7jgZnjgII8L2ZvbnQ+PC90ZD48L3RyPjx0cj48dGggYWxpZ249ImNlbnRlciIgYmdjb2xvcj0iRkZGRkZGICI+PGZvbnQgc2l6ZT0iMiIgY29sb3I9IjAwMDAwMCI+6Kmz57SwPC9mb250PjwvdGg+PHRkIGJnY29sb3I9IkZGRkZGRiI+PGZvbnQgc2l6ZT0iMiIgY29sb3I9IjAwMDAwMCI+44Op44OD44OU44Oz44Kw77yI44Oq44Oc44Oz5o6b44GR77yJ44GU5biM5pyb44Gu5aC05ZCI44Gv44Ki44Kv44K744K144Oq44O844KS5ZCM5pmC6LO85YWl6aCC44GN44CB44GU6KaB5pyb44GM44GC44KK44G+44GX44Gf44KJ44GU6KiY5YWl44KS44GK6aGY44GE6Ie044GX44G+44GZ44CCPC9mb250PjwvdGQ+PC90cj48L3RhYmxlPg==,44CQUk9ZQUwgT1JERVLjgJHjg63jgqTjg6Tjg6vjgqrjg7zjg4Djg7zjgJDjgYLjgZnmpb3jgJEvUklOR+OAgEZJTkdFUiBCT1jjgIDjg6rjg7PjgrDjg5XjgqPjg7Pjgqzjg7zjg5zjg4Pjgq/jgrko5beu44GX6L6844G/77yJ77yaUExBVElOSVNN5qW95aSp5biC5aC05bqX,44OT44Or44Km44Kp44O844Or44Os44K244O8QldM5aSn6LyU6buS576944Ot44Oz44Ov44Oz44K65LiK6YeO44K344Or44OQ44O844Ki44Kv44K744K144Oq44O86LKh5biD44Ot44Kk44Ok44Or44Kq44O844OA44O844OQ44Oz44Kv44Ot44O844OQ44O844Oe44OL44OV44Kp44O844Or44OJ44K444K044Ot44Km44K344Kn44Kk44Kv44OP44Oz44K644Os44OD44OJ44Og44O844Oz44Kv44Op44Oz44OX44Kq44Kv44OI44OR44K544Os44K244O844K544Ks44Oc44Op44OI44Oq44O844Kz44O844OE44Ki44Oz44OJ44OP44Kx44OD44OI44K144O844OJ44Km44Kn44Ki44OJ44Kv44K/44O844Oi44Oz44Ot44O844CQUk9ZQUwgT1JERVLjgJHjg63jgqTjg6Tjg6vjgqrjg7zjg4Djg7zjgJDjgYLjgZnmpb3jgJEvUklOR+OAgEZJTkdFUiBCT1jjgIDjg6rjg7PjgrDjg5XjgqPjg7Pjgqzjg7zjg5zjg4Pjgq/jgrko5beu44GX6L6844G/77yJ,44CQ44GC44GZ5qW944CR44CC44CQUk9ZQUwgT1JERVLjgJHjg63jgqTjg6Tjg6vjgqrjg7zjg4Djg7zjgJDjgYLjgZnmpb3jgJEvUklOR+OAgEZJTkdFUiBCT1jjgIDjg6rjg7PjgrDjg5XjgqPjg7Pjgqzjg7zjg5zjg4Pjgq/jgrko5beu44GX6L6844G/77yJ[rn]
39-1084,aHR0cDovL3RzaG9wLnIxMHMuanAvYmFyYWRpczc4L2NhYmluZXQvaXRlbWluZzUvaW1nNjAzMTg3MDguanBnP2ZpdGluPTcwMDo3MDA=,MjU5Mi4wMDAw,,44K444Ol44Ko44Oq44O844O744Ki44Kv44K744K144Oq44O8ID4g44K444Ol44Ko44Oq44O844O744Ki44Kv44K744K144Oq44O855So5ZOBID4g44Gd44Gu5LuW,576O5ZOB77yB4piF44OW44Or44Ks44Oq44CA44K444Ol44Ko44Oq44O844Oc44OD44Kv44K544CA566x4piF44ON44OD44Kv44Os44K555So44CQ5Lit5Y+k44CR44CQQk7jgJHjgIpCVkwtTkMtNeOAiw==,44CQ6YCB5paZ54Sh5paZ5Luj5byV54Sh5paZ44CR44CQ44Os44OT44Ol44O844KS6KaL44KM44Gw44KP44GL44KL77yB44CR,PGJyPjxicj48Zm9udCBjb2xvcj0jRkY0MDAwIHNpemU9Nj48Yj7lupfpoK3osqnlo7LkvqHmoLzvvJo3LDAyMOWGhjwvYj48L2ZvbnQ+PGJyPjxicj48YnIgLz4KPGNlbnRlcj48Zm9udCBjb2xvcj0jMDAwMGNkIHNpemU9NT48c3Ryb25nPgo8IS0t44CA4pa84pa84pa844K/44Kk44OI44Or4pa84pa84pa844CALS0+CiZuYnNwO+e+juWTge+8geKYheODluODq+OCrOODquOAkEJWTEdBUknjgJE8YnI+44K444Ol44Ko44Oq44O844Oc44OD44Kv44K544CA566x4piF44ON44OD44Kv44Os44K555So44CKQlZMLU5DLTXjgIsKPCEtLeOAgOKWsuKWsuKWsuOCv+OCpOODiOODq+KWsuKWsuKWsuOAgC0tPgo8L3N0cm9uZz48L2ZvbnQ+PC9jZW50ZXI+PGJyIC8+PGJyIC8+Cgo8ZGl2IGFsaWduPSJyaWdodCI+cjEwNDBIPC9kaXY+CgogCjx0YWJsZSB3aWR0aD0iMTAwJSIgYm9yZGVyPSIwIiBjZWxsc3BhY2luZz0iMCIgY2VsbHBhZGRpbmc9IjAiPgo8dHI+Cjx0ZCBiZ2NvbG9yPSIjOTk5OTk5Ij4KPHRhYmxlIHdpZHRoPSIxMDAlIiBib3JkZXI9IjAiIGNlbGxwYWRkaW5nPSIzIiBjZWxsc3BhY2luZz0iMSI+Cjx0ciBiZ2NvbG9yPSIjZmY4NWI0Ij4KPHRkIGhlaWdodD0iMjAiIGNvbHNwYW49IjIiPjxmb250IGNvbG9yPSIjRkZGRkZGIj48c21hbGw+PGI+5ZWG5ZOB5oOF5aCxPC9iPjwvc21hbGw+PC9mb250PjwvdGQ+PC90cj4KPCEtLSoqKioqKioqKioqKioqKioqKioqKioqKioqKioqKioqKioqKioqKioqKioqKioqKioqKioqKioqKioqKioqKioqKioqKioqKioqKioqKioqKioqKioqKioqLS0+Cjx0cj48dGQgd2lkdGg9IjElIiBoZWlnaHQ9IjIwIiBiZ2NvbG9yPSIjZmRjOWRkIj48c21hbGw+44OW44Op44Oz44OJ5ZCNPC9zbWFsbD48YnIgLz4KPGltZyBzcmM9Imh0dHA6Ly9pbWFnZS5yYWt1dGVuLmNvLmpwL2JhcmFkaXM3OC9jYWJpbmV0L2ltZy9zLmdpZiIgd2lkdGg9IjEwMCIgaGVpZ2h0PSIxIiAvPjwvdGQ+Cjx0ZCB2YWxpZ249InRvcCIgYmdjb2xvcj0iI0ZGRkZGRiIgc3R5bGU9InBhZGRpbmc6M3B4Ij48c21hbGw+CjwhLS3jgIDilrzilrzilrzjg5bjg6njg7Pjg4nlkI3ilrzilrzilrzjgIAtLT4KJm5ic3A744OW44Or44Ks44Oq44CQQlZMR0FSSeOAkQo8IS0t44CA4pay4pay4pay44OW44Op44Oz44OJ5ZCN4pay4pay4pay44CALS0+Cjwvc21hbGw+PC90ZD48L3RyPgo8IS0tKioqKioqKioqKioqKioqKioqKioqKioqKioqKioqKioqKioqKioqKioqKioqKioqKioqKioqKioqKioqKioqKioqKioqKioqKioqKioqKioqKioqKioqKiotLT4KPHRyPjx0ZCBoZWlnaHQ9IjIwIiBiZ2NvbG9yPSIjZmRjOWRkIj48c21hbGw+5ZWG5ZOB5ZCNPC9zbWFsbD48L3RkPgo8dGQgdmFsaWduPSJ0b3AiIGJnY29sb3I9IiNGRkZGRkYiIHN0eWxlPSJwYWRkaW5nOjNweCI+PHNtYWxsPgo8IS0t44CA4pa84pa84pa85ZWG5ZOB5ZCN4pa84pa84pa844CALS0+CiZuYnNwO+OCuOODpeOCqOODquODvOODnOODg+OCr+OCuQo8IS0t44CA4pay4pay4pay5ZWG5ZOB5ZCN4pay4pay4pay44CALS0+Cjwvc21hbGw+PC90ZD48L3RyPgo8IS0tKioqKioqKioqKioqKioqKioqKioqKioqKioqKioqKioqKioqKioqKioqKioqKioqKioqKioqKioqKioqKioqKioqKioqKioqKioqKioqKioqKioqKioqKiotLT4KPHRyPjx0ZCBoZWlnaHQ9IjIwIiBiZ2NvbG9yPSIjZmRjOWRkIj48c21hbGw+5Z6L55WqPC9zbWFsbD48L3RkPgo8dGQgdmFsaWduPSJ0b3AiIGJnY29sb3I9IiNGRkZGRkYiIHN0eWxlPSJwYWRkaW5nOjNweCI+PHNtYWxsPgo8IS0t44CA4pa84pa84pa85Z6L55Wq4pa84pa84pa844CALS0+CiZuYnNwOwo8IS0t44CA4pay4pay4pay5Z6L55Wq4pay4pay4pay44CALS0+Cjwvc21hbGw+PC90ZD48L3RyPgo8IS0tKioqKioqKioqKioqKioqKioqKioqKioqKioqKioqKioqKioqKioqKioqKioqKioqKioqKioqKioqKioqKioqKioqKioqKioqKioqKioqKioqKioqKioqKiotLT4KPHRyPjx0ZCBoZWlnaHQ9IjIwIiBiZ2NvbG9yPSIjZmRjOWRkIj48c21hbGw+44Op44Kk44OzPC9zbWFsbD48L3RkPgo8dGQgdmFsaWduPSJ0b3AiIGJnY29sb3I9IiNGRkZGRkYiIHN0eWxlPSJwYWRkaW5nOjNweCI+PHNtYWxsPgo8IS0t44CA4pa84pa84pa844Op44Kk44Oz4pa84pa84pa844CALS0+CiZuYnNwOwo8IS0t44CA4pay4pay4pay44Op44Kk44Oz4pay4pay4pay44CALS0+Cjwvc21hbGw+PC90ZD48L3RyPgo8IS0tKioqKioqKioqKioqKioqKioqKioqKioqKioqKioqKioqKioqKioqKioqKioqKioqKioqKioqKioqKioqKioqKioqKioqKioqKioqKioqKioqKioqKioqKiotLT4KPHRyPjx0ZCBoZWlnaHQ9IjIwIiBiZ2NvbG9yPSIjZmRjOWRkIj48c21hbGw+5a6a5L6hKOWPguiAg+S+oeagvCk8L3NtYWxsPjwvdGQ+Cjx0ZCB2YWxpZ249InRvcCIgYmdjb2xvcj0iI0ZGRkZGRiIgc3R5bGU9InBhZGRpbmc6M3B4Ij48c21hbGw+CjwhLS3jgIDilrzilrzilrzlrprkvqHvvIjlj4LogIPlrprkvqHvvInilrzilrzilrzjgIAtLT4KJm5ic3A7CjwhLS3jgIDilrLilrLilrLlrprkvqHvvIjlj4LogIPlrprkvqHvvInilrLilrLilrLjgIAtLT4KPC9zbWFsbD48L3RkPjwvdHI+CjwhLS0qKioqKioqKioqKioqKioqKioqKioqKioqKioqKioqKioqKioqKioqKioqKioqKioqKioqKioqKioqKioqKioqKioqKioqKioqKioqKioqKioqKioqKioqKi0tPgo8dHI+PHRkIGhlaWdodD0iMjAiIGJnY29sb3I9IiNmZGM5ZGQiPjxzbWFsbD7jgrfjg6rjgqLjg6vjg4rjg7Pjg5Djg7w8L3NtYWxsPjwvdGQ+Cjx0ZCB2YWxpZ249InRvcCIgYmdjb2xvcj0iI0ZGRkZGRiIgc3R5bGU9InBhZGRpbmc6M3B4Ij48c21hbGw+CjwhLS3jgIDilrzilrzilrzjgrfjg6rjgqLjg6vjg4rjg7Pjg5Djg7zilrzilrzilrzjgIAtLT4KJm5ic3A7CjwhLS3jgIDilrLilrLilrLjgrfjg6rjgqLjg6vjg4rjg7Pjg5Djg7zilrLilrLilrLjgIAtLT4KPC9zbWFsbD48L3RkPjwvdHI+CjwhLS0qKioqKioqKioqKioqKioqKioqKioqKioqKioqKioqKioqKioqKioqKioqKioqKioqKioqKioqKioqKioqKioqKioqKioqKioqKioqKioqKioqKioqKioqKi0tPgo8dHI+PHRkIGhlaWdodD0iMjAiIGJnY29sb3I9IiNmZGM5ZGQiPjxzbWFsbD7oibLjg7vntKDmnZA8L3NtYWxsPjwvdGQ+Cjx0ZCB2YWxpZ249InRvcCIgYmdjb2xvcj0iI0ZGRkZGRiIgc3R5bGU9InBhZGRpbmc6M3B4Ij48c21hbGw+CjwhLS3jgIDilrzilrzilrzoibLjg7vntKDmnZDilrzilrzilrzjgIAtLT4KJm5ic3A76Imy77ya6buSCjwhLS3jgIDilrLilrLilrLoibLjg7vntKDmnZDilrLilrLilrLjgIAtLT4KPC9zbWFsbD48L3RkPjwvdHI+CjwhLS0qKioqKioqKioqKioqKioqKioqKioqKioqKioqKioqKioqKioqKioqKioqKioqKioqKioqKioqKioqKioqKioqKioqKioqKioqKioqKioqKioqKioqKioqKi0tPgo8dHI+PHRkIGhlaWdodD0iMjAiIGJnY29sb3I9IiNmZGM5ZGQiPjxzbWFsbD7jg6njg7Pjgq88L3NtYWxsPjwvdGQ+Cjx0ZCB2YWxpZ249InRvcCIgYmdjb2xvcj0iI0ZGRkZGRiIgc3R5bGU9InBhZGRpbmc6M3B4Ij48c21hbGw+CjwhLS3jgIDilrzilrzilrzjg6njg7Pjgq/ilrzilrzilrzjgIAtLT4KJm5ic3A777yh44Op44Oz44KvCjwhLS3jgIDilrLilrLilrLjg6njg7Pjgq/ilrLilrLilrLjgIAtLT4KPC9zbWFsbD48L3RkPjwvdHI+CjwhLS0qKioqKioqKioqKioqKioqKioqKioqKioqKioqKioqKioqKioqKioqKioqKioqKioqKioqKioqKioqKioqKioqKioqKioqKioqKioqKioqKioqKioqKioqKi0tPgo8dHI+PHRkIGhlaWdodD0iMjAiIGJnY29sb3I9IiNmZGM5ZGQiPjxzbWFsbD7jgrXjgqTjgro8L3NtYWxsPjwvdGQ+Cjx0ZCB2YWxpZ249InRvcCIgYmdjb2xvcj0iI0ZGRkZGRiIgc3R5bGU9InBhZGRpbmc6M3B4Ij48c21hbGw+CjwhLS3jgIDilrzilrzilrzjgrXjgqTjgrrilrzilrzilrzjgIAtLT4KJm5ic3A75aSW566xVzEyLjjDl0gxMy40w5dENC44772D772N44CA5YaF566xVzEyw5dIMTIuNcOXRDMuNe+9g++9jQo8IS0t44CA4pay4pay4pay44K144Kk44K64pay4pay4pay44CALS0+Cjwvc21hbGw+PC90ZD48L3RyPgo8IS0tKioqKioqKioqKioqKioqKioqKioqKioqKioqKioqKioqKioqKioqKioqKioqKioqKioqKioqKioqKioqKioqKioqKioqKioqKioqKioqKioqKioqKioqKiotLT4KPHRyPjx0ZCBoZWlnaHQ9IjIwIiBiZ2NvbG9yPSIjZmRjOWRkIj48c21hbGw+5LuY5bGe5ZOBPC9zbWFsbD48L3RkPgo8dGQgdmFsaWduPSJ0b3AiIGJnY29sb3I9IiNGRkZGRkYiIHN0eWxlPSJwYWRkaW5nOjNweCI+PHNtYWxsPgo8IS0t44CA4pa84pa84pa85LuY5bGe5ZOB4pa84pa84pa844CALS0+CiZuYnNwOwo8IS0t44CA4pay4pay4pay5LuY5bGe5ZOB4pay4pay4pay44CALS0+Cjwvc21hbGw+PC90ZD48L3RyPgo8IS0tKioqKioqKioqKioqKioqKioqKioqKioqKioqKioqKioqKioqKioqKioqKioqKioqKioqKioqKioqKioqKioqKioqKioqKioqKioqKioqKioqKioqKioqKiotLT4KPHRyPjx0ZCBoZWlnaHQ9IjIwIiBiZ2NvbG9yPSIjZmRjOWRkIj48c21hbGw+54q25oWL44Gu6Kqs5piOPC9zbWFsbD48L3RkPgo8dGQgdmFsaWduPSJ0b3AiIGJnY29sb3I9IiNGRkZGRkYiIHN0eWxlPSJwYWRkaW5nOjNweCI+PHNtYWxsPgo8IS0t44CA4pa84pa84pa854q25oWL44Gu6Kqs5piO4pa84pa84pa844CALS0+CiZuYnNwO+OBk+OBoeOCieOBruWVhuWTgeOBrueUu+WDj+OBr+OCpOODoeODvOOCuOeUu+WDj+OBp+OBmTxicj4KJm5ic3A754q25oWL44Gv44CB44GC44G+44KK5L2/55So5oSf44Gu44Gq44GE576O5ZOB44Gn44GZPGJyPgo8IS0t44CA4pay4pay4pay54q25oWL44Gu6Kqs5piO4pay4pay4pay44CALS0+Cjwvc21hbGw+PC90ZD48L3RyPgo8IS0tKioqKioqKioqKioqKioqKioqKioqKioqKioqKioqKioqKioqKioqKioqKioqKioqKioqKioqKioqKioqKioqKioqKioqKioqKioqKioqKioqKioqKioqKiotLT4KPHRyPjx0ZCBoZWlnaHQ9IjIwIiBiZ2NvbG9yPSIjZmRjOWRkIj48c21hbGw+44Gd44Gu5LuWPC9zbWFsbD48L3RkPgo8dGQgdmFsaWduPSJ0b3AiIGJnY29sb3I9IiNGRkZGRkYiIHN0eWxlPSJwYWRkaW5nOjNweCI+PHNtYWxsPgo8IS0t44CA4pa84pa84pa844Gd44Gu5LuW4pa84pa84pa844CALS0+CiZuYnNwOwo8IS0t44CA4pay4pay4pay44Gd44Gu5LuW4pay4pay4pay44CALS0+Cjwvc21hbGw+PC90ZD48L3RyPgo8IS0tKioqKioqKioqKioqKioqKioqKioqKioqKioqKioqKioqKioqKioqKioqKioqKioqKioqKioqKioqKioqKioqKioqKioqKioqKioqKioqKioqKioqKioqKiotLT4KCjwvdGFibGU+PC90ZD48L3RyPjwvdGFibGU+Cgo8YnIgLz4KCjx0YWJsZSB3aWR0aD0iMTAwJSIgYm9yZGVyPSIwIiBjZWxsc3BhY2luZz0iMCIgY2VsbHBhZGRpbmc9IjAiPgo8dHI+Cjx0ZCBiZ2NvbG9yPSIjOTk5OTk5Ij4KPHRhYmxlIHdpZHRoPSIxMDAlIiBib3JkZXI9IjAiIGNlbGxwYWRkaW5nPSIzIiBjZWxsc3BhY2luZz0iMSI+Cgo8dHIgYmdjb2xvcj0iI2ZmODViNCI+Cjx0ZCBoZWlnaHQ9IjIwIiBjb2xzcGFuPSIyIj48Zm9udCBjb2xvcj0iI0ZGRkZGRiI+PHNtYWxsPjxiPuODqeODs+OCr+OBq+OBpOOBhOOBpjwvYj48L3NtYWxsPjwvZm9udD48L3RkPgo8L3RyPgo8dHI+Cjx0ZCBjb2xzcGFuPSIyIiB2YWxpZ249InRvcCIgYmdjb2xvcj0iI0ZGRkZGRiI+PHNtYWxsPgo8dWw+CjxsaT5O44CA5paw5ZOBPC9saT4KPGxpPlPjgIDmnKrkvb/nlKjlk4Hjgb7jgZ/jga/mlrDlk4HlkIzmp5jjga7lk4E8L2xpPgo8bGk+QeOAgOWkmuWwkeOBruOCreOCuuOAgeaxmuOCjOOBr+OBguOCi+OBjOeoi+W6puOBruiJr+OBhOWTgTwvbGk+CjxsaT5C44CA44Gd44KM44Gq44KK44Gu44Kt44K644CB5rGa44KM44GM44GC44KK5L2/55So5oSf44Gu44GC44KL5ZOBPC9saT4KPGxpPkPjgIDnm67nq4vjgaTjgq3jgrrjgIHmsZrjgozjgoTjg4Djg6Hjg7zjgrjjga7jgYLjgovlk4E8L2xpPgo8bGk+5LuV44CA5paw5ZOB5LuV5LiK44GS5riI44G/44Gu5ZOBPC9saT4KPC91bD4KPC9zbWFsbD48L3RkPgo8L3RyPgo8L3RhYmxlPjwvdGQ+CjwvdHI+CjwvdGFibGU+Cgo8YnI+44Kt44O844Ov44O844OJ5qSc57Si55So44CQQlZMR0FSSeOAkeOAkOS4reWPpOOAkeOAkFVTRUTjgJHjgJDos6rjgJHjgJDjg6rjgrXjgqTjgq/jg6vjgJHjgJDnibnkvqHjgJHjgJDlronjgYTjgJHjgJDjgYrlgKTmiZPjgJEgCjxicj48IS0t4pa84pa84pa85aSn5p6g44CA6ZaL5aeL4pa84pa84pa8LS0+CjxkaXYgc3R5bGU9IndpZHRoOjc3NXB4OyBoZWlnaHQ6YXV0bzsiPgoKPCEtLeKWvOKWvOW3puWBtOOCs+ODs+ODhuODs+ODhOOAgOmWi+Wni+KWvOKWvC0tPgo8ZGl2IHN0eWxlPSJ3aWR0aDo2MDBweDsgaGVpZ2h0OmF1dG87IGZsb2F0OmxlZnQ7IG1hcmdpbjowcHggNXB4IDBweCAwcHg7Ij4KPCEtLS0g4pa84pa84pa877yR77yX77yY44K/44Kk44Og44K744O844Or4pa84pa84pa8Cjx0YWJsZSB3aWR0aD0iMTAwJSIgYm9yZGVyPSIwIj4KPHRyPgo8dGQgdmFsaWduPSJ0b3AiPgo8aW1nIHNyYz0iaHR0cDovL2ltYWdlLnJha3V0ZW4uY28uanAvYmFyYWRpczc4L2NhYmluZXQvaW1nL3RpbWVzYWxlMi5qcGciIGJvcmRlcj0iMCI+Cjxicj4KPC90ZD4KPC90cj4KPC90YWJsZT4K4pay4pay4pay77yR77yX77yY44K/44Kk44Og44K744O844Or4pay4pay4payIC0tPgoKCjwhLS3mpb3lpKrpg47jga7mlrDnnYDllYblk4Hmg4XloLEtLT4KCjwhLS3mpb3lpKrpg47jga7mlrDnnYDllYblk4Hmg4XloLEtLT4KCjxicj48YnI+CjwhLS3mpb3lpKrpg47ku4rml6Xjga7jg53jgqTjg7Pjg4jooajnpLotLT4KCjwhLS3mpb3lpKrpg47ku4rml6Xjga7jg53jgqTjg7Pjg4jooajnpLotLT4KCgoKPCEtLeOBk+OBk+OBi+OCiealveWkqumDji0tPgoKPCEtLeOBk+OBk+OBvuOBp+alveWkqumDji0tPgoKPCEtLeOBk+OBk+OBi+OCiealveWkqumDji0tPgo8ZGl2IHN0eWxlPSJ3aWR0aDo2MDBweDsgbWFyZ2luOiAwOyBiYWNrZ3JvdW5kLWNvbG9yOiNmZmY7Ij4KCjxwIHN0eWxlPSJiYWNrZ3JvdW5kLWNvbG9yOiNGRjg1QjQ7IGNvbG9yOiNmZmY7IGZvbnQtc2l6ZToxNHB4OyBmb250LXdlaWdodDpib2xkOyBsZXR0ZXItc3BhY2luZzowLjFlbTsgdGV4dC1hbGlnbjpsZWZ0OyB0ZXh0LWluZGVudDowLjhlbTsgbGluZS1oZWlnaHQ6MjhweDsgcGFkZGluZzoycHggMCAwIDA7IG1hcmdpbjowOyI+44GK5a6i5qeY44GL44KJ44Gu44Os44OT44Ol44O8PC9wPgoKPGRpdiBzdHlsZT0iaGVpZ2h0OjMyMHB4OyBvdmVyZmxvdzpoaWRkZW47IGJvcmRlcjoxcHggc29saWQgI0ZGODVCNDsiPgoKCgo8L2Rpdj4KPC9kaXY+PGJyPgo8IS0t44GT44GT44G+44Gn5qW95aSq6YOOLS0+Cgo8IS0t44GT44GT44GL44KJ5qW95aSq6YOOLS0+Cgo8IS0t44GT44GT44G+44Gn5qW95aSq6YOOLS0+Cgo8dGFibGUgd2lkdGg9IjEwMCUiIGJvcmRlcj0iMCIgY2VsbHBhZGRpbmc9IjAiIGNlbGxzcGFjaW5nPSIwIiBzdHlsZT0id2lkdGg6NjAwcHg7IGhlaWdodDphdXRvOyBtYXJnaW46MTBweCAwcHggMjBweCAwcHg7IHBhZGRpbmc6MHB4OyI+Cjx0cj48dGQ+PGltZyBzcmM9Imh0dHA6Ly9pbWFnZS5yYWt1dGVuLmNvLmpwL2JhcmFkaXM3OC9jYWJpbmV0L3RvcC9tYW5hZ2VyX2dyZWV0aW5nX3RvcC5qcGciIHdpZHRoPSI2MDAiIGhlaWdodD0iNDAiIGFsdD0i5bqX6ZW344GU44GC44GE44GV44GkIj48L3RkPjwvdHI+Cjx0cj48dGQgc3R5bGU9ImhlaWdodDphdXRvOyBiYWNrZ3JvdW5kLWltYWdlOnVybChodHRwOi8vaW1hZ2UucmFrdXRlbi5jby5qcC9iYXJhZGlzNzgvY2FiaW5ldC90b3AvbWFuYWdlcl9ncmVldGluZ19taWQuanBnKTtiYWNrZ3JvdW5kLXJlcGVhdDpyZXBlYXQteTsiPgo8aW1nIHNyYz0iaHR0cDovL2ltYWdlLnJha3V0ZW4uY28uanAvYmFyYWRpczc4L2NhYmluZXQvdG9wL21hbmFnZXJfZ3JlZXRpbmdfbWFuLmpwZyIgc3R5bGU9Im1hcmdpbjowcHggMTBweCA1cHggMTBweDsgZmxvYXQ6bGVmdDsiIHdpZHRoPSIxNDgiIGhlaWdodD0iODAiIGFsdD0iIj4KPHAgc3R5bGU9InBhZGRpbmc6MTBweDsiPjxmb250IHNpemU9IjIiPgrjgZPjgpPjgavjgaHjga/jgILlupfplbfjga7lkInnlLDlpYjnvo7jgZPjgajjgIzjgarjgb/jgaHjgI3jgafjgZnjgII8YnI+CuOBhOOBpOOCguW9k+W6l+OCkuOBlOWIqeeUqOOBhOOBn+OBoOOBjeOBguOCiuOBjOOBqOOBhuOBlOOBluOBhOOBvuOBmeOAgjxicj4K56eB44Gv5bKQ6Zic55yM5Lit5rSl5bed5biC44Gn44CB6LOq5bGL44Gu77yT5YWE5byf44Gu5qyh5aWz44Go44GX44Gm55Sf44G+44KM44CBPGJyPgrku4rjga/jgIHku4rlubQyMOats+OBq+OBquOCi+aBr+WtkOOBqOOAgeS7iuaYpeOBi+OCiemrmOagoeeUn+OBq+OBquOCi+mHjueQg+WwkeW5tOOCkuaMgeOBpOavjeimquOBp+OBmeOAgjxicj4K5qCE6aSK5aOr44Gu6LOH5qC844KS5oyB44Gh44CB5pyA6L+R5pW055CG5Y+O57SN44Ki44OJ44OQ44Kk44K244O844Gu6LOH5qC844KS5Y+W44KK44G+44GX44Gf77yBPGJyPgrjg43jg4Pjg4jjgrfjg6fjg4Pjg5fjgarjga7jgavjg6rjgqLjg6vjgavjgYrlrqLmp5jjgajmpb3jgZfjgoHjgovkuovjgaPjgabkvZXjgaDjgo3jgYbvvJ88YnI+CuOBqOOBhOOBpOOCguiAg+OBiOOBpuOBhOOBvuOBme+8gTxicj4K44OW44Op44Oz44OJ5ZOB44Gg44GR44Gn44Gq44GP44CB6auY5qCh55Sf44CB5oGv5a2Q44CB5qCE6aSK5aOr44CB5paZ55CG44CB5pW055CG44O75Y+O57SN44CB5pat5o2o6ZuiCuOBquOBqeOBruODr+ODvOODieOBq+WPjeW/nOODu+WFseaEn+OBl+OBpuOBhOOBn+OBoOOBkeOCi+aWueOAgeODoeODg+OCu+ODvOOCuOOBhOOBn+OBoOOBkeOBvuOBm+OCk+OBi++8nzxicj4K44Gn44Gv44CB44Gd44KT44Gq5bqX6ZW344Gq44G/44Gh44Go5b2T5bqX44KS44KI44KN44GX44GP44GK6aGY44GE44GX44G+44GZ44CCCjwvZm9udD48L3A+PC90ZD48L3RyPgo8dHI+PHRkPjxpbWcgc3JjPSJodHRwOi8vaW1hZ2UucmFrdXRlbi5jby5qcC9iYXJhZGlzNzgvY2FiaW5ldC90b3AvbWFuYWdlcl9ncmVldGluZ19idG0uanBnIiB3aWR0aD0iNjAwIiBoZWlnaHQ9IjE1IiBhbHQ9IiI+PC90ZD48L3RyPgo8L3RhYmxlPgoKPC9kaXY+CjwhLS3ilrLilrLlt6blgbTjgrPjg7Pjg4bjg7Pjg4TjgIDntYLkuobilrLilrItLT4KCjwhLS3ilrzilrzjg6njgqTjg4jjg4rjg5PjgIDplovlp4vilrzilrwtLT4KPGRpdiBzdHlsZT0id2lkdGg6MTYycHg7IGhlaWdodDphdXRvOyBmbG9hdDpsZWZ0OyI+Cgo8IS0t44Kv44O844Od44OzCjxpbWcgc3JjPSJodHRwOi8vaW1hZ2UucmFrdXRlbi5jby5qcC9iYXJhZGlzNzgvY2FiaW5ldC9pbWcvcy5naWYiIGhlaWdodD0iNSIgLz48YnIgLz4KPGltZyBzcmM9Imh0dHA6Ly93d3cucmFrdXRlbi5uZS5qcC9nb2xkL2JhcmFkaXM3OC9jb21wYW55L2ltYWdlcy9iYW5uZXJfdG9rdS5qcGciIGJvcmRlcj0ibm9uZSIgLz48YnIgLz4KLS0+Cgo8aW1nIHNyYz0iaHR0cDovL2ltYWdlLnJha3V0ZW4uY28uanAvYmFyYWRpczc4L2NhYmluZXQvaW1nL3MuZ2lmIiBoZWlnaHQ9IjUiIC8+PGJyIC8+Cgo8aW1nIHNyYz0iaHR0cDovL2ltYWdlLnJha3V0ZW4uY28uanAvYmFyYWRpczc4L2NhYmluZXQvaW1nL2Jsb2cuZ2lmIiAvPjxiciAvPgoKPGltZyBzcmM9Imh0dHA6Ly9pbWFnZS5yYWt1dGVuLmNvLmpwL2JhcmFkaXM3OC9jYWJpbmV0L2ltZy9zLmdpZiIgaGVpZ2h0PSI1IiAvPjxiciAvPgo8aW1nIHNyYz0iaHR0cDovL2ltYWdlLnJha3V0ZW4uY28uanAvYmFyYWRpczc4L2NhYmluZXQvaW1nL21haWxtYWcuZ2lmIiBib3JkZXI9Im5vbmUiIC8+PGJyIC8+CjxpbWcgc3JjPSJodHRwOi8vaW1hZ2UucmFrdXRlbi5jby5qcC9iYXJhZGlzNzgvY2FiaW5ldC9pbWcvcy5naWYiIGhlaWdodD0iNSIgLz48YnIgLz4KCjxpbWcgc3JjPSJodHRwOi8vaW1hZ2UucmFrdXRlbi5jby5qcC9iYXJhZGlzNzgvY2FiaW5ldC90b3AvcGhvbmVhY2Nlc3MuZ2lmIiBzdHlsZT0ibWFyZ2luLWJvdHRvbToxMHB4OyIgLz48YnIgLz4KCjxpbWcgc3JjPSJodHRwOi8vaW1hZ2UucmFrdXRlbi5jby5qcC9iYXJhZGlzNzgvY2FiaW5ldC9pbWcvcy5naWYiIGhlaWdodD0iNSIgLz48YnIgLz4KPGltZyBzcmM9Imh0dHA6Ly9pbWFnZS5yYWt1dGVuLmNvLmpwL2JhcmFkaXM3OC9jYWJpbmV0L3RvcC9zbWFydHBob25lYWNjZXNzLmdpZiIgc3R5bGU9Im1hcmdpbi1ib3R0b206MTBweDsiIC8+CjxpbWcgc3JjPSJodHRwOi8vaW1hZ2UucmFrdXRlbi5jby5qcC9iYXJhZGlzNzgvY2FiaW5ldC9pbWcvcy5naWYiIGhlaWdodD0iNSIgLz48YnIgLz4KPGltZyBzcmM9Imh0dHA6Ly93d3cucmFrdXRlbi5uZS5qcC9nb2xkL2JhcmFkaXM3OC9jb21wYW55L2ltYWdlcy9iYW5uZXJfcWEuanBnIiBzdHlsZT0ibWFyZ2luLWJvdHRvbToxMHB4OyIgLz4KPGltZyBzcmM9Imh0dHA6Ly9pbWFnZS5yYWt1dGVuLmNvLmpwL2JhcmFkaXM3OC9jYWJpbmV0L2ltZy9zLmdpZiIgaGVpZ2h0PSI1IiAvPjxiciAvPgo8aW1nIHNyYz0iaHR0cDovL2ltYWdlLnJha3V0ZW4uY28uanAvYmFyYWRpczc4L2NhYmluZXQvaW1nL2hhcHB5LmpwZyIgLz4KPGltZyBzcmM9Imh0dHA6Ly9pbWFnZS5yYWt1dGVuLmNvLmpwL2JhcmFkaXM3OC9jYWJpbmV0L2ltZy9zLmdpZiIgaGVpZ2h0PSI1IiAvPjxiciAvPgoKPC9kaXY+CjwhLS3ilrLilrLjg6njgqTjg4jjg4rjg5PjgIDntYLkuobilrLilrItLT4KCjwvZGl2Pgo8IS0t4pay4pay4pay5aSn5p6g44CA57WC5LqG4pay4pay4payLS0+,576O5ZOB77yB4piF44OW44Or44Ks44Oq44CA44K444Ol44Ko44Oq44O844Oc44OD44Kv44K544CA566x4piF44ON44OD44Kv44Os44K555So44CQ5Lit5Y+k44CR44CQQk7jgJHjgIpCVkwtTkMtNeOAi++8muS8iuWLouWxi+OCsOODreODvOOCpOODs+OCsOOCouODg+ODlw==,6LOq6LOq5bGL6LOq5bqX44O044Kj44OI44Oz5Lit5Y+k44Ko44Or44Oh44K5VVNFROOCt+ODo+ODjeODq+ODluODqeODs+ODieODluODq+OCrOODquODluODqeODs+OCuuOCquODleODreODrOODg+OCr+OCueODquOCteOCpOOCr+ODq+OCsOODg+ODgeODquOCteOCpOOCr+ODq+OCt+ODp+ODg+ODl+OCq+ODq+ODhuOCo+OCqOODquOCteOCpOOCr+ODq+ODluODhuOCo+ODg+OCr+OCs+ODvOODgeS8iuWLouWxi+OCquODoeOCrOe+juWTge+8geKYheODluODq+OCrOODquOAgOOCuOODpeOCqOODquODvOODnOODg+OCr+OCueOAgOeuseKYheODjeODg+OCr+ODrOOCueeUqOOAkOS4reWPpOOAkeOAkEJO44CR44CKQlZMLU5DLTXjgIs=,44CQ6YCB5paZ54Sh5paZ5Luj5byV54Sh5paZ44CR44CQ44Os44OT44Ol44O844KS6KaL44KM44Gw44KP44GL44KL77yB44CR44CC576O5ZOB77yB4piF44OW44Or44Ks44Oq44CA44K444Ol44Ko44Oq44O844Oc44OD44Kv44K544CA566x4piF44ON44OD44Kv44Os44K555So44CQ5Lit5Y+k44CR44CQQk7jgJHjgIpCVkwtTkMtNeOAiw==[rn]
39-1085,aHR0cDovL3RzaG9wLnIxMHMuanAvMDEwMW1hcnVpL2NhYmluZXQvdG85MTMvMTUxL3RvOTEzLTE1MTI0LTExYi5qcGc/Zml0aW49NzAwOjcwMA==,MTQ2ODguMDAwMA==,,44K444Ol44Ko44Oq44O844O744Ki44Kv44K744K144Oq44O8ID4g44K444Ol44Ko44Oq44O844O744Ki44Kv44K744K144Oq44O855So5ZOBID4g44Gd44Gu5LuW,77yr77yR77yQ44OB44Oj44O844Og77yP44Ki44Ks44OD44OI77yIYWdldGXvvIk=,SzEw776B772s772w776R,PGRpdiBzdHlsZT0id2lkdGg6NzMwcHgiIGNsYXNzPSJmdW5fdHBscyI+PHN0eWxlIFRZUEU9InRleHQvY3NzIj4uZnVuX3RwbHMgKiB7bWFyZ2luOiAwO3BhZGRpbmc6IDA7Zm9udC1zaXplOiAxMnB4O2xpbmUtaGVpZ2h0OiAxLjQ7bGV0dGVyLXNwYWNpbmc6IDAuNXB4O2NvbG9yOiAjMzMzO30uZnVuX3RwbHMgdGFibGUge2JvcmRlci1jb2xsYXBzZTogY29sbGFwc2U7Ym9yZGVyLXNwYWNpbmc6IDA7fS5mdW5fdHBscyB0aCB7dGV4dC1hbGlnbjogbGVmdDt9LmZ1bl90cGxzIGgxIC5mdW5fdHBscyBoMiAuZnVuX3RwbHMgaDMgLmZ1bl90cGxzIGg0IC5mdW5fdHBscyBoNSB7Zm9udC1zaXplOiAxMDAlO30uZnVuX3RwbHMgaW1nIHtib3JkZXI6IDA7fS5mdW5fdHBscyBsaSB7IGxpc3Qtc3R5bGU6IG5vbmU7IH0uZnVuX3RwbHMgYSB7Y29sb3I6ICMxZDhiYzA7dGV4dC1kZWNvcmF0aW9uOiBub25lO30uZnVuX3RwbHMgYTp2aXNpdGVkIHtjb2xvcjogIzFkOGJjMDt0ZXh0LWRlY29yYXRpb246IG5vbmU7fS5mdW5fdHBscyBhOmhvdmVyIHtjb2xvcjogI2Y5YzY0Nzt0ZXh0LWRlY29yYXRpb246IHVuZGVybGluZTt9LmZ1bl90cGxzIC5tZ24zIHttYXJnaW4tYm90dG9tOiAzcHg7fS5mdW5fdHBscyAubWduNSB7bWFyZ2luLWJvdHRvbTogNXB4O30uZnVuX3RwbHMgLm1nbjEwIHttYXJnaW4tYm90dG9tOiAxMHB4O30uZnVuX3RwbHMgLm1nbjE1IHttYXJnaW4tYm90dG9tOiAxNXB4O30uZnVuX3RwbHMgLm1nbjIwIHttYXJnaW4tYm90dG9tOiAyMHB4O30uZnVuX3RwbHMgLm1nbjMwIHttYXJnaW4tYm90dG9tOiAzMHB4O30uZnVuX3RwbHMgLmIge2ZvbnQtd2VpZ2h0OiBib2xkO30uY0ZpeDphZnRlcntjb250ZW50OiAiICI7ZGlzcGxheTogYmxvY2s7aGVpZ2h0OiAwO2NsZWFyOiBib3RoO3Zpc2liaWxpdHk6IGhpZGRlbjt9LmNGaXgge2Rpc3BsYXk6aW5saW5lLWJsb2NrOyAvKiBNYWNJRSAqL21pbi1oZWlnaHQ6MSU7IC8qIElFNyAqL30vKiBNYWNJRS1ub3QgXCovKiBodG1sIC5jRml4IHtoZWlnaHQ6IDElO30uY0ZpeCB7ZGlzcGxheTogYmxvY2s7fS8qIE1hY0lFLW5vdCAqLy5mdW5fdHBscyAuaF90aXRsZSB7d2lkdGg6IDczMHB4O2hlaWdodDogODBweDtiYWNrZ3JvdW5kOiB1cmwoaHR0cDovL2ltYWdlLnJha3V0ZW4uY28uanAvMDEwMW1hcnVpL2NhYmluZXQvZ29sZF9pbWFnZXMvaXRlbV9wYWdlMDEuanBnKTtvdmVyZmxvdzogaGlkZGVuO30uZnVuX3RwbHMgLmhfdGl0bGUgZGl2IHtwYWRkaW5nLWxlZnQ6IDMwcHg7cGFkZGluZy10b3A6IDIwcHg7bGluZS1oZWlnaHQ6IDIwcHg7Zm9udC1zaXplOiAxNnB4O2ZvbnQtd2VpZ2h0OiBib2xkO2NvbG9yOiMzMzM7fS5mdW5fdHBscyAuZmNfc3dhcCB1bCBsaSB7ZmxvYXQ6IGxlZnQ7d2lkdGg6IDE4NXB4O2hlaWdodDogMTg1cHg7fS5mdW5fdHBscyAuZmNfc3dhcCB1bCAjbWFpbl9pbWFnZV9ib3gge3dpZHRoOjM3MHB4O2hlaWdodDozNzBweDt9LmZ1bl90cGxzIC5mY19zd2FwIHVsIC5yaWdodCB7d2lkdGg6MTc1cHg7fS5mdW5fdHBscyAuZmNfc3dhcCB1bCBpbWd7Ym9yZGVyOiBzb2xpZCAxcHggI2NjYzt9c3Bhbi5leHRyYV9pbWFnZV90aXRsZSB7Y29sb3I6ICMzMzMzMzM7fWltZy5leHRyYV9pbWFnZSB7d2lkdGg6IDM1MHB4O2JvcmRlcjogbm9uZTt9LS0+PC9zdHlsZT48aDIgY2xhc3M9ImhfdGl0bGUgbWduMjAiPjxkaXY+77yr77yR77yQ44OB44Oj44O844OgPEJSPu+8j+OCouOCrOODg+ODiO+8iGFnZXRl77yJPC9kaXY+PC9oMj48ZGl2IGNsYXNzPSJhcmVhMSBzcGMzMCBjRml4Ij48ZGl2IGNsYXNzPSJmY19zd2FwIj48dWwgY2xhc3M9ImNGaXgiPjxsaSBpZD0ibWFpbl9pbWFnZV9ib3giPjxhIGhyZWY9Imh0dHA6Ly90aHVtYm5haWwuaW1hZ2UucmFrdXRlbi5jby5qcC9zLz9AMF9tYWxsLzAxMDFtYXJ1aS9jYWJpbmV0L3RvOTEzLzE1MS90bzkxMy0xNTEyNC0xMWIuanBnIiB0YXJnZXQ9Il90b3AiPjxpbWcgc3JjPSJodHRwOi8vaW1hZ2UucmFrdXRlbi5jby5qcC8wMTAxbWFydWkvY2FiaW5ldC90bzkxMy8xNTEvdG85MTMtMTUxMjQtMTFiLmpwZyIgd2lkdGg9IjM1OCIgaGVpZ2h0PSIzNTgiPjwvYT48L2xpPjxsaSBjbGFzcz0iaW1nT24iPjxhIGhyZWY9Imh0dHA6Ly90aHVtYm5haWwuaW1hZ2UucmFrdXRlbi5jby5qcC9zLz9AMF9tYWxsLzAxMDFtYXJ1aS9jYWJpbmV0L3RvOTEzLzE1MS90bzkxMy0xNTEyNC1kMDFiLmpwZyIgdGFyZ2V0PSJfdG9wIj48aW1nIHNyYz0iaHR0cDovL2ltYWdlLnJha3V0ZW4uY28uanAvMDEwMW1hcnVpL2NhYmluZXQvdG85MTMvMTUxL3RvOTEzLTE1MTI0LWQwMWIuanBnIiB3aWR0aD0iMTczIiBoZWlnaHQ9IjE3MyI+PC9hPjwvbGk+PGxpIGNsYXNzPSJpbWdPbiByaWdodCI+PGEgaHJlZj0iaHR0cDovL3RodW1ibmFpbC5pbWFnZS5yYWt1dGVuLmNvLmpwL3MvP0AwX21hbGwvMDEwMW1hcnVpL2NhYmluZXQvdG85MTMvMTUxL3RvOTEzLTE1MTI0LWQwM2IuanBnIiB0YXJnZXQ9Il90b3AiPjxpbWcgc3JjPSJodHRwOi8vaW1hZ2UucmFrdXRlbi5jby5qcC8wMTAxbWFydWkvY2FiaW5ldC90bzkxMy8xNTEvdG85MTMtMTUxMjQtZDAzYi5qcGciIHdpZHRoPSIxNzMiIGhlaWdodD0iMTczIj48L2E+PC9saT48L3VsPjwvZGl2PjxoMiBjbGFzcz0ic3BjMjAiPjxpbWcgc3JjPSJodHRwOi8vaW1hZ2UucmFrdXRlbi5jby5qcC8wMTAxbWFydWkvY2FiaW5ldC9nb2xkX2ltYWdlcy9pdGVtX3BhZ2UwNy5qcGciIGFsdD0i44Kr44Op44O844OQ44Oq44Ko44O844K344On44OzIj48L2gyPjwvZGl2Pjxicj48dGFibGU+PHRib2R5PjxUUj48dGQgYWxpZ249ImNlbnRlciI+PHNwYW4gY2xhc3M9ImV4dHJhX2ltYWdlX3RpdGxlIj7jg5bjg6vjg7zvvIjvvJHvvJbvvIk8L3NwYW4+PGJyPjxpbWcgY2xhc3M9ImV4dHJhX2ltYWdlIiBzcmM9Imh0dHA6Ly9pbWFnZS5yYWt1dGVuLmNvLmpwLzAxMDFtYXJ1aS9jYWJpbmV0L3RvOTEzLzE1MS90bzkxMy0xNTEyNC0xMWIuanBnIj48L3RkPjwvdGJvZHk+PC90YWJsZT48YnI+PHNwYW4gc3R5bGU9ImZvbnQtc2l6ZTogMC45ZW07IGNvbG9yOiAjNjY2NjY2OyI+55S76Z2i5LiK44Go5a6f54mp44Gn44Gv44CB5aSa5bCR6Imy5YW35ZCI44GM55Ww44Gq44Gj44Gm6KaL44GI44KL5aC05ZCI44GM44GU44GW44GE44G+44GZ44CCPC9zcGFuPjxpbWcgc3JjPSJodHRwOi8vaW1hZ2UucmFrdXRlbi5jby5qcC8wMTAxbWFydWkvY2FiaW5ldC8wMTkwMjMyMy9pbWc1NzE4NTM3Ni5naWYiIGJvcmRlcj0iMCI+PGJyPjxicj7jgqLjgqzjg4Pjg4jjga7vvKvvvJHvvJDjg4Hjg6Pjg7zjg6A8QlI+PEJSPuODiOODrOODs+ODieOBruOCpOODs+ODh+OCo+OCouODs+OCuOODpeOCqOODquODvOOCkuaEn+OBmOOBleOBm+OCi+ODhuOCpOOCueODiOOBqOWtmOWcqOaEn+OBq+OBk+OBoOOCj+OCiuOBquOBjOOCieOAgeWls+aAp+OCieOBl+OBhOa0l+e3tOOBleOCjOOBn+ODh+OCtuOCpOODs+OBq+S7leS4iuOBkuOBn+OCv+ODvOOCs+OCpOOCuuOCkuS9v+eUqOOBl+OBn+OCouOCpOODhuODoOOAgjxCUj48QlI+6YCP44GL44GX44Gu5Zyw6YeR44Gr55+z44KS44OR44O044Kn54q244Gr5pW344GN6Kmw44KB44Gf44KK44CB6Imy55+z44KE44OR44O844Or44Go5ZCI44KP44Gb44Gf44KK44CB44Kr44K444Ol44Ki44Or44Gn5Yqb5by344GE44Kk44Oh44O844K444Gu44K/44O844Kz44Kk44K644KS44CB57mK57Sw44Gq44OV44Kh44OD44K344On44Oz44K444Ol44Ko44Oq44O844Go44GX44Gm6KGo54++44GX44G+44GX44Gf44CCPEJSPjxCUj7jgb7jgZ/jgIHlpKnnhLbjga7jgr/jg7zjgrPjgqTjgrrjga7oibLlkbPjgavjgZPjgaDjgo/jgorjgIHjg4fjgrbjgqTjg7PjgZTjgajjgavjgr/jg7zjgrPjgqTjgrrjgpLpgbjjgpPjgafjgYTjgb7jgZnjgII8QlI+PEJSPuOBu+OBqeiJr+OBhOODiOODrOODs+ODieaEn+OBjOOBguOCiuOBquOBjOOCieOAgeS7iuW5tOOCieOBl+OBhOODleOCp+ODn+ODi+ODs+OBquOBiua0i+acjeOBq+OCguOAgeOBvuOBn+OCt+ODs+ODl+ODq+OBquOCueOCv+OCpOODquODs+OCsOOBq+OCgue1hOOBv+WQiOOCj+OBm+OCieOCjOOCi+OCv+ODvOOCs+OCpOOCuuOAgjxCUj48QlI+5LuK5bm044Gg44GR44Gn44Gq44GP44CB5aSP44GM5p2l44KL44Gf44Gz6Lqr44Gr552A44GR44Gf44GP44Gq44KL44KI44GG44Gq6a2F5Yqb44GM44Gk44G+44Gj44Gm44GE44G+44GZ44CCPEJSPjxCUj7jg5Djg4Hjgqvjg7Pjgavjg4DjgqTjg6TjgYzjg4fjgrbjgqTjg7PjgZXjgozjgabjgYTjgovjga7jgafjgIHjg5Djg4Hjgqvjg7Pjga7lpKfjgY3jgZXjgYzmsJfjgavjgarjgonjgZrjg43jg4Pjgq/jg6zjgrnjga7jgojjgYbjgavjgZnjgaPjgY3jgornnYDjgZHjgZPjgarjgZnjgZPjgajjgYzjgafjgY3jgb7jgZnjgII8QlI+PEJSPua0l+e3tOOBleOCjOOBn+ODh+OCtuOCpOODs+OBq+S7leS4iuOBjOOCi+OCiOOBhuOAgeWumuWei+OBruOCv+ODvOOCs+OCpOOCuuOCkuS9v+eUqOOBl+OCreODo+OCueODiOOBruaeoOOBp+eVmeOCgeOBpuOBhOOBvuOBmeOAgjxCUj48QlI+44G744Gp6Imv44GE44K144Kk44K65oSf44Gn6Z2i44Gn44GX44Gj44GL44KK6Imy44GM6KaL44GI44Gm44GP44KL44Gu44Gn44OZ44O844K344OD44Kv44Gu44K544OR44Kk44K544Go44GX44Gm44GK5Yun44KB44Gn44GZ44CCPEJSPjxCUj7igLvlpKnnhLbjga7jgr/jg7zjgrPjgqTjgrrjgpLkvb/nlKjjgZfjgabjgYTjgovngrrjgIHkuIDngrnjgZrjgaTjgqvjg4Pjg4jjgoToibLjgIHpoqjlkIjjgYTjgYzlvq7lppnjgavnlbDjgarjgaPjgabjgYrjgorjgIEg5aSa5bCR44Gu44Kt44K644KE5YaF5YyF54mp44GM6KaL44KJ44KM44KL5aC05ZCI44GM44GU44GW44GE44G+44GZ44GM44CB5ZWG5ZOB44Gu54m55b6044Go44Gq44Gj44Gm44GK44KK44G+44GZ44CC5LqI44KB44GU5LqG5om/44GP44Gg44GV44GE44G+44Gb44CCPEJSPjxCUj5b5Z6L55WqOjEwMTYyMTE3MDI5XTxicj7ilqDjgqvjg6njg7zvvJrjg5bjg6vjg7zvvIjvvJHvvJbvvIk8YnI+PGJyPjxpbWcgc3JjPSJodHRwOi8vaW1hZ2UucmFrdXRlbi5jby5qcC8wMTAxbWFydWkvY2FiaW5ldC8wMTkwMjMyMy9pbWc1NzE4NTM3Ny5naWYiIGJvcmRlcj0iMCI+PGJyPjxicj7vvJnvvJnvvJnvvI/nuKbvvJHvvI7vvJfjg7vmqKrvvJDvvI7vvJnjg7vljprjgb/vvJDvvI7vvJPvvYPvvY08QlI+PGJyPjx0YWJsZSBib3JkZXI9IjAiIGNlbGxwYWRkaW5nPSIyIiBjZWxsc3BhY2luZz0iMCIgd2lkdGg9IjM2MCI+PHRyPjx0ZD7igLso44CAKeOBp+ihqOiomOOBleOCjOOBpuOBhOOCi+aVsOWtl+OBr+ODjOODvOODieOCteOCpOOCuuOBp+OBmeOAguODjOODvOODieOCteOCpOOCuuOBqOOBr+iho+acjeOCkui6q+OBq+OBpOOBkeOBquOBhOi6q+S9k+OBruOCteOCpOOCuuOBp+OBmeOAguOBiuWuouanmOOBlOiHqui6q+OBrui6q+S9k+OCteOCpOOCuuOBqOavlOi8g+OBl+OBpuOBiumBuOOBs+OBj+OBoOOBleOBhOOAgjxicj48YnI+PC90ZD48L3RyPjwvdGFibGU+PGltZyBzcmM9Imh0dHA6Ly9pbWFnZS5yYWt1dGVuLmNvLmpwLzAxMDFtYXJ1aS9jYWJpbmV0LzAxOTAyMzIzL2ltZzU3MTg1Mzc4LmdpZiIgYm9yZGVyPSIwIj48YnI+PGJyPjx0YWJsZT48dGJvZHk+ICA8dHI+ICAgIDx0ZD7ilqDntKDmnZDvvJo8L3RkPiAgICA8dGQ+SzEw44CB44K/44O844Kz44Kk44K644CB44OA44Kk44Ok44Oi44Oz44OJPC90ZD4gIDwvdHI+ICA8dHI+ICAgIDx0ZD7ilqDjgYrmiYvlhaXvvJo8L3RkPiAgICA8dGQ+77yNJm5ic3A7Jm5ic3A7PHNwYW4gY2xhc3M9Im90ZWlyZSI+Jmd0OyZndDvllYblk4Hjga7jgYrlj5bjgormibHjgYTmlrnms5U8L3NwYW4+PC90ZD4gIDwvdHI+ICA8dHI+ICAgIDx0ZD7ilqDljp/nlKPlm73vvJo8L3RkPiAgICA8dGQ+PC90ZD4gIDwvdHI+PC90Ym9keT48L3RhYmxlPjxkaXYgaWQ9Im9yZGVyc19hc2IiPjwvZGl2PjxkaXYgY2xhc3M9Imd1aWRlIj48aW1nIHNyYz0iaHR0cDovL2ltYWdlLnJha3V0ZW4uY28uanAvMDEwMW1hcnVpL2NhYmluZXQvMDE5MDIzMjMvZ3VpZGUuZ2lmIiBib3JkZXI9IjAiPjwvZGl2PjxzdHlsZSB0eXBlPSJ0ZXh0L2NzcyI+PCEtLQoKLyppUGhvbmXjgafjga5pZnJhbWXjgrnjgq/jg63jg7zjg6vliLblvqEqLwouc2Nyb2xsIHsKICB3aWR0aDogNzI4cHg7CiAgYm9yZGVyOiAxcHggc29saWQgI2RkZGRkZDsKICBvdmVyZmxvdzogYXV0bzsKICAtd2Via2l0LW92ZXJmbG93LXNjcm9sbGluZzogdG91Y2g7Cn0KI3Njcm9sbF9zdmNBIHsKICBoZWlnaHQ6IDQyMHB4Owp9CiNzY3JvbGxfc3ZjRyB7CiAgaGVpZ2h0OiA0NjBweDsKfQojc2Nyb2xsX3N2Y0ggewogIGhlaWdodDogNTYwcHg7Cn0KLnNjcm9sbCBpZnJhbWUgewogIHdpZHRoOiAxMDAlOwogIGhlaWdodDogMTAwJTsKICBib3JkZXI6IG5vbmU7CiAgZGlzcGxheTogYmxvY2s7Cn0KCi0tPjwvc3R5bGU+CgoKPGRpdiBjbGFzcz0iY29udGVudHMiPgoKPHRhYmxlIGJvcmRlcj0iMCIgY2VsbHBhZGRpbmc9IjAiIGNlbGxzcGFjaW5nPSIwIj4KICA8dHI+CiAgICA8dGQgc3R5bGU9InBhZGRpbmc6MCAwIDMwcHggMDsiPgogICAgICAKICAgICAgPGltZyBhbHQ9IuOCteOCpOOCuuihqOekuuOBqOOCteOCpOOCuuOBrua4rOOCiuaWueOBq+OBpOOBhOOBpiIgc3JjPSJodHRwOi8vd3d3LnJha3V0ZW4ubmUuanAvZ29sZC8wMTAxbWFydWkvaW1hZ2VzL2t5b19ibnIwMy5qcGciIHdpZHRoPSIzNjAiIGJvcmRlcj0iMCI+CiAgICA8L3RkPgogICAgCiAgICA8dGQgc3R5bGU9InBhZGRpbmc6MCAwIDMwcHggMTBweDsiPgogICAgICAKICAgICAgPGltZyBib3JkZXI9IjAiIGFsdD0i552A55So5oSf44Ks44Kk44OJIiBzcmM9Imh0dHA6Ly93d3cucmFrdXRlbi5uZS5qcC9nb2xkLzAxMDFtYXJ1aS9pbWFnZXMva3lvX2JucjAxLmpwZyIgd2lkdGg9IjM2MCI+CiAgICA8L3RkPgogIDwvdHI+CjwvdGFibGU+Cgo8IS0t44Od44Kk44Oz44OI44Kt44Oj44Oz44Oa44O844OzCjx0YWJsZSBib3JkZXI9IjAiIGNlbGxwYWRkaW5nPSIwIiBjZWxsc3BhY2luZz0iMCI+CiAgPHRyPgogICAgPHRkIHN0eWxlPSJwYWRkaW5nOjAgMCAzMHB4IDA7Ij4KCiAgICAgIDxpbWcgYWx0PSLlr77osaHjgrfjg6fjg4Pjg5fpmZDlrprvvIHjgqjjg7Pjg4jjg6rjg7zjgafjg4DjgqTjg6Tjg6Ljg7Pjg4nkvJrlk6Hjga/jg53jgqTjg7Pjg4gxMOWAjeOAgeODl+ODqeODgeODiuS8muWToeOBr+ODneOCpOODs+ODiDflgI3jgIHjgrTjg7zjg6vjg4nkvJrlk6Hjga/jg53jgqTjg7Pjg4g15YCNIiBzcmM9Imh0dHA6Ly9pbWFnZS5yYWt1dGVuLmNvLmpwLzAxMDFtYXJ1aS9jYWJpbmV0L3NwL2Jhbm5lcl9sL2ltZ3JjMDA2NDE2NjM1MS5naWYiIHdpZHRoPSI3MjgiIGhlaWdodD0iOTAiIGJvcmRlcj0iMCI+CiAgICA8L3RkPgogIDwvdHI+CjwvdGFibGU+LS0+Cgo8IS0t44Os44OT44Ol44O844KS5pu444GE44GmNTAwcHTjgq3jg6Pjg7Pjg5rjg7zjg7MKPGRpdiBzdHlsZT0ibWFyZ2luLWJvdHRvbTozMHB4OyI+Cgo8aW1nIHNyYz0iaHR0cDovL2ltYWdlLnJha3V0ZW4uY28uanAvMDEwMW1hcnVpL2NhYmluZXQvaW1ncmMwMDYyMDE3MzIxLmpwZyI+Cgo8cCBzdHlsZT0idGV4dC1hbGlnbjpyaWdodDsiPu+8nu+8nuODrOODk+ODpeODvOOBruabuOOBjeaWueOBr+OCs+ODgeODqTwvcD4KPC9kaXY+Ci0tPgoKPGRpdiBjbGFzcz0ic2VjdGlvbiBtZ240MCBjbGVhcmZpeCI+CjxkaXYgY2xhc3M9InNlY3Rpb25faGVhZGVyIGNsZWFyZml4Ij4KPGgyPuOCq+ODhuOCtOODquWIpeODh+OCpOODquODvOODqeODs+OCreODs+OCsDwvaDI+CjwvZGl2PgoKPC9kaXY+Cgo8IS0tPGRpdiBjbGFzcz0ic2VjdGlvbiBtZ240MCBjbGVhcmZpeCI+CjxkaXYgY2xhc3M9InNlY3Rpb25faGVhZGVyIGNsZWFyZml4Ij4KPGgyPualveWkqeW4guWgtOODqeODs+OCreODs+OCsOWFpeiznuOCouOCpOODhuODoDwvaDI+CjwvZGl2Pgo8ZGl2IGlkPSJzY3JvbGxfc3ZjSCIgY2xhc3M9InNjcm9sbCI+Cgo8L2Rpdj4KPC9kaXY+Cgo8ZGl2IGNsYXNzPSJzZWN0aW9uIG1nbjQwIGNsZWFyZml4Ij4KPGRpdiBjbGFzcz0ic2VjdGlvbl9oZWFkZXIgY2xlYXJmaXgiPgo8aDI+5rOo55uu44Gu5ZWG5ZOB44Os44OT44Ol44O8PC9oMj4KPHAgY2xhc3M9ImxpbmtfaXRlbXNfYWxsIj4KPHNwYW4+CjxzcGFuIGNsYXNzPSJtb3JlIj7jg6zjg5Pjg6Xjg7zkuIDopqcmbmJzcDvvvJ48L3NwYW4+Cjwvc3Bhbj4KPC9wPgo8L2Rpdj4KPGRpdiBpZD0ic2Nyb2xsX3N2Y0EiIGNsYXNzPSJzY3JvbGwiPgoKPC9kaXY+CjwvZGl2PgoKPGRpdiBjbGFzcz0ic2VjdGlvbiBtZ240MCBjbGVhcmZpeCI+CjxkaXYgY2xhc3M9InNlY3Rpb25faGVhZGVyIGNsZWFyZml4Ij4KPGgyPuacgOaWsOOBruOBlOazqOaWh+eKtuazgTwvaDI+CjwvZGl2Pgo8ZGl2IGlkPSJzY3JvbGxfc3ZjRyIgY2xhc3M9InNjcm9sbCI+Cgo8L2Rpdj4KPC9kaXY+LS0+Cgo8IS0tL2NsYXNzPSJjb250ZW50cyItLT48L2Rpdj4=,77yr77yR77yQ44OB44Oj44O844Og77yP44Ki44Ks44OD44OI77yIYWdldGXvvInvvJrkuLjkupXvvIjjg57jg6vjgqTvvInmpb3lpKnluILloLTlupc=,77yr77yR77yQ44OB44Oj44O844Og77yP44Ki44Ks44OD44OI77yIYWdldGXvvIk=,SzEw776B772s772w776R44CC77yr77yR77yQ44OB44Oj44O844Og77yP44Ki44Ks44OD44OI77yIYWdldGXvvIk=[rn]
39-1086,aHR0cDovL3RzaG9wLnIxMHMuanAvMDEwMW1hcnVpL2NhYmluZXQvdG80MDMvMTgzL3RvNDAzLTE4MzY0LTAxYi5qcGc/Zml0aW49NzAwOjcwMA==,ODY0MC4wMDAw,,44K444Ol44Ko44Oq44O844O744Ki44Kv44K744K144Oq44O8ID4g44K444Ol44Ko44Oq44O844O744Ki44Kv44K744K144Oq44O855So5ZOBID4g44Gd44Gu5LuW,77yr77yR77yQ44OU44Ki44K544OB44Oj44O844Og77yP44Ki44Ks44OD44OI77yIYWdldGXvvIk=,SzEw776L776f772x7729776B772s772w776R,PGRpdiBzdHlsZT0id2lkdGg6NzMwcHgiIGNsYXNzPSJmdW5fdHBscyI+PHN0eWxlIFRZUEU9InRleHQvY3NzIj4uZnVuX3RwbHMgKiB7bWFyZ2luOiAwO3BhZGRpbmc6IDA7Zm9udC1zaXplOiAxMnB4O2xpbmUtaGVpZ2h0OiAxLjQ7bGV0dGVyLXNwYWNpbmc6IDAuNXB4O2NvbG9yOiAjMzMzO30uZnVuX3RwbHMgdGFibGUge2JvcmRlci1jb2xsYXBzZTogY29sbGFwc2U7Ym9yZGVyLXNwYWNpbmc6IDA7fS5mdW5fdHBscyB0aCB7dGV4dC1hbGlnbjogbGVmdDt9LmZ1bl90cGxzIGgxIC5mdW5fdHBscyBoMiAuZnVuX3RwbHMgaDMgLmZ1bl90cGxzIGg0IC5mdW5fdHBscyBoNSB7Zm9udC1zaXplOiAxMDAlO30uZnVuX3RwbHMgaW1nIHtib3JkZXI6IDA7fS5mdW5fdHBscyBsaSB7IGxpc3Qtc3R5bGU6IG5vbmU7IH0uZnVuX3RwbHMgYSB7Y29sb3I6ICMxZDhiYzA7dGV4dC1kZWNvcmF0aW9uOiBub25lO30uZnVuX3RwbHMgYTp2aXNpdGVkIHtjb2xvcjogIzFkOGJjMDt0ZXh0LWRlY29yYXRpb246IG5vbmU7fS5mdW5fdHBscyBhOmhvdmVyIHtjb2xvcjogI2Y5YzY0Nzt0ZXh0LWRlY29yYXRpb246IHVuZGVybGluZTt9LmZ1bl90cGxzIC5tZ24zIHttYXJnaW4tYm90dG9tOiAzcHg7fS5mdW5fdHBscyAubWduNSB7bWFyZ2luLWJvdHRvbTogNXB4O30uZnVuX3RwbHMgLm1nbjEwIHttYXJnaW4tYm90dG9tOiAxMHB4O30uZnVuX3RwbHMgLm1nbjE1IHttYXJnaW4tYm90dG9tOiAxNXB4O30uZnVuX3RwbHMgLm1nbjIwIHttYXJnaW4tYm90dG9tOiAyMHB4O30uZnVuX3RwbHMgLm1nbjMwIHttYXJnaW4tYm90dG9tOiAzMHB4O30uZnVuX3RwbHMgLmIge2ZvbnQtd2VpZ2h0OiBib2xkO30uY0ZpeDphZnRlcntjb250ZW50OiAiICI7ZGlzcGxheTogYmxvY2s7aGVpZ2h0OiAwO2NsZWFyOiBib3RoO3Zpc2liaWxpdHk6IGhpZGRlbjt9LmNGaXgge2Rpc3BsYXk6aW5saW5lLWJsb2NrOyAvKiBNYWNJRSAqL21pbi1oZWlnaHQ6MSU7IC8qIElFNyAqL30vKiBNYWNJRS1ub3QgXCovKiBodG1sIC5jRml4IHtoZWlnaHQ6IDElO30uY0ZpeCB7ZGlzcGxheTogYmxvY2s7fS8qIE1hY0lFLW5vdCAqLy5mdW5fdHBscyAuaF90aXRsZSB7d2lkdGg6IDczMHB4O2hlaWdodDogODBweDtiYWNrZ3JvdW5kOiB1cmwoaHR0cDovL2ltYWdlLnJha3V0ZW4uY28uanAvMDEwMW1hcnVpL2NhYmluZXQvZ29sZF9pbWFnZXMvaXRlbV9wYWdlMDEuanBnKTtvdmVyZmxvdzogaGlkZGVuO30uZnVuX3RwbHMgLmhfdGl0bGUgZGl2IHtwYWRkaW5nLWxlZnQ6IDMwcHg7cGFkZGluZy10b3A6IDIwcHg7bGluZS1oZWlnaHQ6IDIwcHg7Zm9udC1zaXplOiAxNnB4O2ZvbnQtd2VpZ2h0OiBib2xkO2NvbG9yOiMzMzM7fS5mdW5fdHBscyAuZmNfc3dhcCB1bCBsaSB7ZmxvYXQ6IGxlZnQ7d2lkdGg6IDE4NXB4O2hlaWdodDogMTg1cHg7fS5mdW5fdHBscyAuZmNfc3dhcCB1bCAjbWFpbl9pbWFnZV9ib3gge3dpZHRoOjM3MHB4O2hlaWdodDozNzBweDt9LmZ1bl90cGxzIC5mY19zd2FwIHVsIC5yaWdodCB7d2lkdGg6MTc1cHg7fS5mdW5fdHBscyAuZmNfc3dhcCB1bCBpbWd7Ym9yZGVyOiBzb2xpZCAxcHggI2NjYzt9c3Bhbi5leHRyYV9pbWFnZV90aXRsZSB7Y29sb3I6ICMzMzMzMzM7fWltZy5leHRyYV9pbWFnZSB7d2lkdGg6IDM1MHB4O2JvcmRlcjogbm9uZTt9LS0+PC9zdHlsZT48aDIgY2xhc3M9ImhfdGl0bGUgbWduMjAiPjxkaXY+77yr77yR77yQ44OU44Ki44K544OB44Oj44O844OgPEJSPu+8j+OCouOCrOODg+ODiO+8iGFnZXRl77yJPC9kaXY+PC9oMj48ZGl2IGNsYXNzPSJhcmVhMSBzcGMzMCBjRml4Ij48ZGl2IGNsYXNzPSJmY19zd2FwIj48dWwgY2xhc3M9ImNGaXgiPjxsaSBpZD0ibWFpbl9pbWFnZV9ib3giPjxhIGhyZWY9Imh0dHA6Ly90aHVtYm5haWwuaW1hZ2UucmFrdXRlbi5jby5qcC9zLz9AMF9tYWxsLzAxMDFtYXJ1aS9jYWJpbmV0L3RvNDAzLzE4My90bzQwMy0xODM2NC0wMWIuanBnIiB0YXJnZXQ9Il90b3AiPjxpbWcgc3JjPSJodHRwOi8vaW1hZ2UucmFrdXRlbi5jby5qcC8wMTAxbWFydWkvY2FiaW5ldC90bzQwMy8xODMvdG80MDMtMTgzNjQtMDFiLmpwZyIgd2lkdGg9IjM1OCIgaGVpZ2h0PSIzNTgiPjwvYT48L2xpPjxsaSBjbGFzcz0iaW1nT24iPjxhIGhyZWY9Imh0dHA6Ly90aHVtYm5haWwuaW1hZ2UucmFrdXRlbi5jby5qcC9zLz9AMF9tYWxsLzAxMDFtYXJ1aS9jYWJpbmV0L3RvNDAzLzE4My90bzQwMy0xODM2NC1kMDFiLmpwZyIgdGFyZ2V0PSJfdG9wIj48aW1nIHNyYz0iaHR0cDovL2ltYWdlLnJha3V0ZW4uY28uanAvMDEwMW1hcnVpL2NhYmluZXQvdG80MDMvMTgzL3RvNDAzLTE4MzY0LWQwMWIuanBnIiB3aWR0aD0iMTczIiBoZWlnaHQ9IjE3MyI+PC9hPjwvbGk+PGxpIGNsYXNzPSJpbWdPbiByaWdodCI+PGEgaHJlZj0iaHR0cDovL3RodW1ibmFpbC5pbWFnZS5yYWt1dGVuLmNvLmpwL3MvP0AwX21hbGwvMDEwMW1hcnVpL2NhYmluZXQvdG80MDMvMTgzL3RvNDAzLTE4MzY0LWQwM2IuanBnIiB0YXJnZXQ9Il90b3AiPjxpbWcgc3JjPSJodHRwOi8vaW1hZ2UucmFrdXRlbi5jby5qcC8wMTAxbWFydWkvY2FiaW5ldC90bzQwMy8xODMvdG80MDMtMTgzNjQtZDAzYi5qcGciIHdpZHRoPSIxNzMiIGhlaWdodD0iMTczIj48L2E+PC9saT48bGkgY2xhc3M9ImltZ09uIj48YSBocmVmPSJodHRwOi8vdGh1bWJuYWlsLmltYWdlLnJha3V0ZW4uY28uanAvcy8/QDBfbWFsbC8wMTAxbWFydWkvY2FiaW5ldC90bzQwMy8xODMvdG80MDMtMTgzNjQtZDA0Yi5qcGciIHRhcmdldD0iX3RvcCI+PGltZyBzcmM9Imh0dHA6Ly9pbWFnZS5yYWt1dGVuLmNvLmpwLzAxMDFtYXJ1aS9jYWJpbmV0L3RvNDAzLzE4My90bzQwMy0xODM2NC1kMDRiLmpwZyIgd2lkdGg9IjE3MyIgaGVpZ2h0PSIxNzMiPjwvYT48L2xpPjwvdWw+PC9kaXY+PGgyIGNsYXNzPSJzcGMyMCI+PGltZyBzcmM9Imh0dHA6Ly9pbWFnZS5yYWt1dGVuLmNvLmpwLzAxMDFtYXJ1aS9jYWJpbmV0L2dvbGRfaW1hZ2VzL2l0ZW1fcGFnZTA3LmpwZyIgYWx0PSLjgqvjg6njg7zjg5Djg6rjgqjjg7zjgrfjg6fjg7MiPjwvaDI+PC9kaXY+PGJyPjx0YWJsZT48dGJvZHk+PFRSPjx0ZCBhbGlnbj0iY2VudGVyIj48c3BhbiBjbGFzcz0iZXh0cmFfaW1hZ2VfdGl0bGUiPuODluODq+ODvO+8iO+8ke+8lu+8iTwvc3Bhbj48YnI+PGltZyBjbGFzcz0iZXh0cmFfaW1hZ2UiIHNyYz0iaHR0cDovL2ltYWdlLnJha3V0ZW4uY28uanAvMDEwMW1hcnVpL2NhYmluZXQvdG80MDMvMTgzL3RvNDAzLTE4MzY0LTAxYi5qcGciPjwvdGQ+PC90Ym9keT48L3RhYmxlPjxicj48c3BhbiBzdHlsZT0iZm9udC1zaXplOiAwLjllbTsgY29sb3I6ICM2NjY2NjY7Ij7nlLvpnaLkuIrjgajlrp/nianjgafjga/jgIHlpJrlsJHoibLlhbflkIjjgYznlbDjgarjgaPjgabopovjgYjjgovloLTlkIjjgYzjgZTjgZbjgYTjgb7jgZnjgII8L3NwYW4+PGltZyBzcmM9Imh0dHA6Ly9pbWFnZS5yYWt1dGVuLmNvLmpwLzAxMDFtYXJ1aS9jYWJpbmV0LzAxOTAyMzIzL2ltZzU3MTg1Mzc2LmdpZiIgYm9yZGVyPSIwIj48YnI+PGJyPuOCouOCrOODg+ODiOOBru+8q++8ke+8kOODlOOCouOCueODgeODo+ODvOODoDxCUj48QlI+M+aciOOBruiqleeUn+efs+OBp+OBguOCi+OCouOCr+OCouODnuODquODs+OAgua1t+OCkuOBneOBruOBvuOBvumWieOBmOi+vOOCgeOBn+OCiOOBhuOBquOAgeelnuenmOeahOOBqui8neOBjeOCkuaMgeOBpOOCouOCr+OCouODnuODquODs+OBr+OAgeW/g+OBruWuieOCieOBjuOBqOeZkuOBl+OCkuOCguOBn+OCieOBmeOBqOOBleOCjOOBpuOBhOOBvuOBmeOAgjxCUj48QlI+44Ki44Kv44Ki44Oe44Oq44Oz44Gu55+z6KiA6JGJ44CM6IGh5piO77yI44Or44Of44OK44K577ya6Iux77yJ44CN44GL44KJ44Gu44Kk44Oz44K544OU44Os44O844K344On44Oz44Gn44OH44K244Kk44Oz44CCPEJSPjxCUj7jg5TjgqLjgrnjg4Hjg6Pjg7zjg6Djga/jgYvjgo/jgYTjgonjgZfjgYTjg57jg63jg7Pjgqvjg4Pjg4jjgIIgPEJSPjxCUj7jg57jg63jg7Pjgqvjg4Pjg4jjgarjgonjgafjga/jga7nq4vkvZPmhJ/jgajnvo7jgZfjgY/nkZ7jgIXjgZfjgYTjgqvjg6njg7zjgYzjgIHnm67jgpLlvJXjgY3jgb7jgZnjgIIgPEJSPjxCUj7oqpXnlJ/nn7PjgpLjgYrmjqLjgZfjga7mlrnku6XlpJbjgafjgoIx44Gk44Gv5oyB44Gj44Gm44GE44Gf44GE44Ki44Kk44OG44Og44Gn44GZ44CCIDxCUj48QlI+KuWkqeeEtuefs+OAgeODkeODvOODq+OAgeePiueRmuOBquOBqeOBrue0oOadkOOBjOWQq+OBvuOCjOOBpuOBhOOCi+WVhuWTgeOBr+WkmuWwkeOBruWAi+S9k+W3ruOBjOOBguOCi+WgtOWQiOOBjOOBlOOBluOBhOOBvuOBmeOAguOBguOCieOBi+OBmOOCgeOAgeOBlOS6huaJv+OBj+OBoOOBleOBhOOBvuOBm+OAgjxCUj48QlI+W+Wei+eVqjoxMDE3MTExNzAxNF08QlI+PEJSPuOAkOOCouOCrOODg+ODiOOBiuWLp+OCgeOAkSBTQU88YnI+4pag44Kr44Op44O877ya44OW44Or44O877yI77yR77yW77yJPGJyPjxicj48aW1nIHNyYz0iaHR0cDovL2ltYWdlLnJha3V0ZW4uY28uanAvMDEwMW1hcnVpL2NhYmluZXQvMDE5MDIzMjMvaW1nNTcxODUzNzcuZ2lmIiBib3JkZXI9IjAiPjxicj48YnI+OTk577yP57imMO+8jjnjg7vmqKow77yONuODu+WOmuOBvzDvvI4yY208QlI+PGJyPjx0YWJsZSBib3JkZXI9IjAiIGNlbGxwYWRkaW5nPSIyIiBjZWxsc3BhY2luZz0iMCIgd2lkdGg9IjM2MCI+PHRyPjx0ZD7igLso44CAKeOBp+ihqOiomOOBleOCjOOBpuOBhOOCi+aVsOWtl+OBr+ODjOODvOODieOCteOCpOOCuuOBp+OBmeOAguODjOODvOODieOCteOCpOOCuuOBqOOBr+iho+acjeOCkui6q+OBq+OBpOOBkeOBquOBhOi6q+S9k+OBruOCteOCpOOCuuOBp+OBmeOAguOBiuWuouanmOOBlOiHqui6q+OBrui6q+S9k+OCteOCpOOCuuOBqOavlOi8g+OBl+OBpuOBiumBuOOBs+OBj+OBoOOBleOBhOOAgjxicj48YnI+PC90ZD48L3RyPjwvdGFibGU+PGltZyBzcmM9Imh0dHA6Ly9pbWFnZS5yYWt1dGVuLmNvLmpwLzAxMDFtYXJ1aS9jYWJpbmV0LzAxOTAyMzIzL2ltZzU3MTg1Mzc4LmdpZiIgYm9yZGVyPSIwIj48YnI+PGJyPjx0YWJsZT48dGJvZHk+ICA8dHI+ICAgIDx0ZD7ilqDntKDmnZDvvJo8L3RkPiAgICA8dGQ+SzEw44CB44K344Oj44Oz44Kv57ea77yaR0bjgIHjgqLjgq/jgqLjg57jg6rjg7M8L3RkPiAgPC90cj4gIDx0cj4gICAgPHRkPuKWoOOBiuaJi+WFpe+8mjwvdGQ+ICAgIDx0ZD7vvI0mbmJzcDsmbmJzcDs8c3BhbiBjbGFzcz0ib3RlaXJlIj4mZ3Q7Jmd0O+WVhuWTgeOBruOBiuWPluOCiuaJseOBhOaWueazlTwvc3Bhbj48L3RkPiAgPC90cj4gIDx0cj4gICAgPHRkPuKWoOWOn+eUo+Wbve+8mjwvdGQ+ICAgIDx0ZD48L3RkPiAgPC90cj48L3Rib2R5PjwvdGFibGU+PGRpdiBpZD0ib3JkZXJzX2FzYiI+PC9kaXY+PGRpdiBjbGFzcz0iZ3VpZGUiPjxpbWcgc3JjPSJodHRwOi8vaW1hZ2UucmFrdXRlbi5jby5qcC8wMTAxbWFydWkvY2FiaW5ldC8wMTkwMjMyMy9ndWlkZS5naWYiIGJvcmRlcj0iMCI+PC9kaXY+PHN0eWxlIHR5cGU9InRleHQvY3NzIj48IS0tCgovKmlQaG9uZeOBp+OBrmlmcmFtZeOCueOCr+ODreODvOODq+WItuW+oSovCi5zY3JvbGwgewogIHdpZHRoOiA3MjhweDsKICBib3JkZXI6IDFweCBzb2xpZCAjZGRkZGRkOwogIG92ZXJmbG93OiBhdXRvOwogIC13ZWJraXQtb3ZlcmZsb3ctc2Nyb2xsaW5nOiB0b3VjaDsKfQojc2Nyb2xsX3N2Y0EgewogIGhlaWdodDogNDIwcHg7Cn0KI3Njcm9sbF9zdmNHIHsKICBoZWlnaHQ6IDQ2MHB4Owp9CiNzY3JvbGxfc3ZjSCB7CiAgaGVpZ2h0OiA1NjBweDsKfQouc2Nyb2xsIGlmcmFtZSB7CiAgd2lkdGg6IDEwMCU7CiAgaGVpZ2h0OiAxMDAlOwogIGJvcmRlcjogbm9uZTsKICBkaXNwbGF5OiBibG9jazsKfQoKLS0+PC9zdHlsZT4KCgo8ZGl2IGNsYXNzPSJjb250ZW50cyI+Cgo8dGFibGUgYm9yZGVyPSIwIiBjZWxscGFkZGluZz0iMCIgY2VsbHNwYWNpbmc9IjAiPgogIDx0cj4KICAgIDx0ZCBzdHlsZT0icGFkZGluZzowIDAgMzBweCAwOyI+CiAgICAgIAogICAgICA8aW1nIGFsdD0i44K144Kk44K66KGo56S644Go44K144Kk44K644Gu5ris44KK5pa544Gr44Gk44GE44GmIiBzcmM9Imh0dHA6Ly93d3cucmFrdXRlbi5uZS5qcC9nb2xkLzAxMDFtYXJ1aS9pbWFnZXMva3lvX2JucjAzLmpwZyIgd2lkdGg9IjM2MCIgYm9yZGVyPSIwIj4KICAgIDwvdGQ+CiAgICAKICAgIDx0ZCBzdHlsZT0icGFkZGluZzowIDAgMzBweCAxMHB4OyI+CiAgICAgIAogICAgICA8aW1nIGJvcmRlcj0iMCIgYWx0PSLnnYDnlKjmhJ/jgqzjgqTjg4kiIHNyYz0iaHR0cDovL3d3dy5yYWt1dGVuLm5lLmpwL2dvbGQvMDEwMW1hcnVpL2ltYWdlcy9reW9fYm5yMDEuanBnIiB3aWR0aD0iMzYwIj4KICAgIDwvdGQ+CiAgPC90cj4KPC90YWJsZT4KCjwhLS3jg53jgqTjg7Pjg4jjgq3jg6Pjg7Pjg5rjg7zjg7MKPHRhYmxlIGJvcmRlcj0iMCIgY2VsbHBhZGRpbmc9IjAiIGNlbGxzcGFjaW5nPSIwIj4KICA8dHI+CiAgICA8dGQgc3R5bGU9InBhZGRpbmc6MCAwIDMwcHggMDsiPgoKICAgICAgPGltZyBhbHQ9IuWvvuixoeOCt+ODp+ODg+ODl+mZkOWumu+8geOCqOODs+ODiOODquODvOOBp+ODgOOCpOODpOODouODs+ODieS8muWToeOBr+ODneOCpOODs+ODiDEw5YCN44CB44OX44Op44OB44OK5Lya5ZOh44Gv44Od44Kk44Oz44OIN+WAjeOAgeOCtOODvOODq+ODieS8muWToeOBr+ODneOCpOODs+ODiDXlgI0iIHNyYz0iaHR0cDovL2ltYWdlLnJha3V0ZW4uY28uanAvMDEwMW1hcnVpL2NhYmluZXQvc3AvYmFubmVyX2wvaW1ncmMwMDY0MTY2MzUxLmdpZiIgd2lkdGg9IjcyOCIgaGVpZ2h0PSI5MCIgYm9yZGVyPSIwIj4KICAgIDwvdGQ+CiAgPC90cj4KPC90YWJsZT4tLT4KCjwhLS3jg6zjg5Pjg6Xjg7zjgpLmm7jjgYTjgaY1MDBwdOOCreODo+ODs+ODmuODvOODswo8ZGl2IHN0eWxlPSJtYXJnaW4tYm90dG9tOjMwcHg7Ij4KCjxpbWcgc3JjPSJodHRwOi8vaW1hZ2UucmFrdXRlbi5jby5qcC8wMTAxbWFydWkvY2FiaW5ldC9pbWdyYzAwNjIwMTczMjEuanBnIj4KCjxwIHN0eWxlPSJ0ZXh0LWFsaWduOnJpZ2h0OyI+77ye77ye44Os44OT44Ol44O844Gu5pu444GN5pa544Gv44Kz44OB44OpPC9wPgo8L2Rpdj4KLS0+Cgo8ZGl2IGNsYXNzPSJzZWN0aW9uIG1nbjQwIGNsZWFyZml4Ij4KPGRpdiBjbGFzcz0ic2VjdGlvbl9oZWFkZXIgY2xlYXJmaXgiPgo8aDI+44Kr44OG44K044Oq5Yil44OH44Kk44Oq44O844Op44Oz44Kt44Oz44KwPC9oMj4KPC9kaXY+Cgo8L2Rpdj4KCjwhLS08ZGl2IGNsYXNzPSJzZWN0aW9uIG1nbjQwIGNsZWFyZml4Ij4KPGRpdiBjbGFzcz0ic2VjdGlvbl9oZWFkZXIgY2xlYXJmaXgiPgo8aDI+5qW95aSp5biC5aC044Op44Oz44Kt44Oz44Kw5YWl6LOe44Ki44Kk44OG44OgPC9oMj4KPC9kaXY+CjxkaXYgaWQ9InNjcm9sbF9zdmNIIiBjbGFzcz0ic2Nyb2xsIj4KCjwvZGl2Pgo8L2Rpdj4KCjxkaXYgY2xhc3M9InNlY3Rpb24gbWduNDAgY2xlYXJmaXgiPgo8ZGl2IGNsYXNzPSJzZWN0aW9uX2hlYWRlciBjbGVhcmZpeCI+CjxoMj7ms6jnm67jga7llYblk4Hjg6zjg5Pjg6Xjg7w8L2gyPgo8cCBjbGFzcz0ibGlua19pdGVtc19hbGwiPgo8c3Bhbj4KPHNwYW4gY2xhc3M9Im1vcmUiPuODrOODk+ODpeODvOS4gOimpyZuYnNwO++8njwvc3Bhbj4KPC9zcGFuPgo8L3A+CjwvZGl2Pgo8ZGl2IGlkPSJzY3JvbGxfc3ZjQSIgY2xhc3M9InNjcm9sbCI+Cgo8L2Rpdj4KPC9kaXY+Cgo8ZGl2IGNsYXNzPSJzZWN0aW9uIG1nbjQwIGNsZWFyZml4Ij4KPGRpdiBjbGFzcz0ic2VjdGlvbl9oZWFkZXIgY2xlYXJmaXgiPgo8aDI+5pyA5paw44Gu44GU5rOo5paH54q25rOBPC9oMj4KPC9kaXY+CjxkaXYgaWQ9InNjcm9sbF9zdmNHIiBjbGFzcz0ic2Nyb2xsIj4KCjwvZGl2Pgo8L2Rpdj4tLT4KCjwhLS0vY2xhc3M9ImNvbnRlbnRzIi0tPjwvZGl2Pg==,77yr77yR77yQ44OU44Ki44K544OB44Oj44O844Og77yP44Ki44Ks44OD44OI77yIYWdldGXvvInvvJrkuLjkupXvvIjjg57jg6vjgqTvvInmpb3lpKnluILloLTlupc=,77yr77yR77yQ44OU44Ki44K544OB44Oj44O844Og77yP44Ki44Ks44OD44OI77yIYWdldGXvvIk=,SzEw776L776f772x7729776B772s772w776R44CC77yr77yR77yQ44OU44Ki44K544OB44Oj44O844Og77yP44Ki44Ks44OD44OI77yIYWdldGXvvIk=[rn]
39-1087,aHR0cDovL3RzaG9wLnIxMHMuanAvZ3lwc3kvY2FiaW5ldC9jMDAwMDEtL2MwMDE2OS5qcGc/Zml0aW49NzAwOjcwMA==,NTU3LjYwMDA=,,44K444Ol44Ko44Oq44O844O744Ki44Kv44K744K144Oq44O8ID4g44K444Ol44Ko44Oq44O844O744Ki44Kv44K744K144Oq44O855So5ZOBID4g44Gd44Gu5LuW,44OU44Oz44Kt44O844Oq44Oz44KwIOaMh+i8qiDjgrjjg6vjgrPjg4vjgqIg44Oq44Oz44KwIOODrOODh+OCo+ODvOOCuSDpgIHmlpnnhKHmlpkg4omq44KG44GG44Oh44O844Or5L6/6YWN6YCBMTDjg7vku6PlvJXkuI3lj6/iiasg44Oa44Ki44Oq44Oz44KwIOOCqOOCv+ODi+ODhuOCo+ODquODs+OCsCDjgrfjg6vjg5Djg7zjg6rjg7PjgrAg44K344Or44OQ44O8IOOCtOODvOODq+ODiSDjg5Tjg7Pjgq/jgrTjg7zjg6vjg4kg44OX44Os44K844Oz44OIIOOCruODleODiCDlpbPmgKcgMTBQMjZNYXIxNg==,44OU44Oz44Kt44O844Oq44Oz44KwIOaMh+i8qiDjg6Hjg7Pjgrog44Os44OH44Kj44O844K5IOODmuOCouODquODs+OCsA==,PHN0eWxlIHR5cGU9InRleHQvY3NzIj4KPCEtLQpwLnRpdGxlMDEgewptYXJnaW46IDAgMCAxMHB4IDA7CnBhZGRpbmctYm90dG9tOiA0cHg7CmNvbG9yOiAjRjY5Owpmb250LXdlaWdodDogYm9sZDsKZm9udC1zaXplOiAxMjAlOwpib3JkZXItYm90dG9tOiAxcHggZGFzaGVkICNDQ0M7Cn0KLnN0eWxlMyB7Y29sb3I6ICM2NjZ9Ci5zdHlsZTggewpmb250LXNpemU6IDEycHg7CmNvbG9yOiAjNjY2Owp9CmRpdi5pdGVtRGVzY0JveDAxIHsKbWFyZ2luOi0wcHggMCAwIDA7Cn0Kc3Bhbi5pdGVtX25hbWUgewptYXJnaW46IDBweDsKY29sb3I6ICNGNjk7CmZvbnQtc2l6ZTogMTIwJTsKbGluZS1oZWlnaHQ6IDEuMmVtOwp9CnNwYW4uaXRlbV9kZXNjIHsKbWFyZ2luOiAwcHg7CmZvbnQtc2l6ZTo4MCU7CmNvbG9yOiAjNjY2Owp0ZXh0LWFsaWduOmp1c3RpZnk7CmJvcmRlci1ib3R0b206IDFweCBkYXNoZWQgI0NDQzsKbGluZS1oZWlnaHQ6IDEuOGVtOwp9CnRkLmludmVudG9yeV9jaG9pY2VfbmFtZSB7CmJhY2tncm91bmQtY29sb3I6I0Y1RjVGNTsKZm9udC1zaXplOiA4MCU7CmNvbG9yOiAjOTk5Owp9CnNwYW4uaW52ZW50b3J5X2Nob2ljZV9uYW1lIHsKbWFyZ2luOiA0cHg7Cn0KLS0+Cjwvc3R5bGU+CjxkaXYgYWxpZ249ImxlZnQiIGNsYXNzPSJpdGVtRGVzY0JveDAxIj4KPHAgY2xhc3M9InRpdGxlMDEiPgriiarjgobjgYbjg6Hjg7zjg6vkvr/phY3pgIExMOODu+S7o+W8leS4jeWPr+KJqzxicj4K44CO44Oa44KiT0vvvIHjgq3jg6njgq3jg6nvvIbjgrfjg7Pjg5fjg6vjgqjjgr/jg4vjg4bjgqPjg7zjgrfjg6vjg5Djg7zjg6rjg7PjgrDjgI88L3A+CgoKPGltZyBzcmM9Imh0dHA6Ly9pbWFnZS5yYWt1dGVuLmNvLmpwL2d5cHN5L2NhYmluZXQvYzAwMDAxLS9jMDAxNjlyYW4uanBnIiB3aWR0aD0iNjMwIj48YnI+CjxpbWcgc3JjPSJodHRwOi8vaW1hZ2UucmFrdXRlbi5jby5qcC9neXBzeS9jYWJpbmV0L2MwMDAwMi0vYzAwMTY5cmFuLTIuanBnIiB3aWR0aD0iNjMwIj48YnI+CjxpbWcgc3JjPSJodHRwOi8vaW1hZ2UucmFrdXRlbi5jby5qcC9neXBzeS9jYWJpbmV0L2MwMDAwMS0vYzAwMTY5cmViLmpwZyIgd2lkdGg9IjYzMCI+PGJyPgo8aW1nIHNyYz0iaHR0cDovL2ltYWdlLnJha3V0ZW4uY28uanAvZ3lwc3kvY2FiaW5ldC9jMDAwMDEtL2MwMDE2OS5qcGciIHdpZHRoPSI2MzAiPjxicj48YnI+CjxpbWcgc3JjPSJodHRwOi8vaW1hZ2UucmFrdXRlbi5jby5qcC9neXBzeS9jYWJpbmV0L2MwMDAwMS0vYzAwMTY5ci0xLmpwZyIgd2lkdGg9IjYzMCI+PGJyPjxicj4KPGltZyBzcmM9Imh0dHA6Ly9pbWFnZS5yYWt1dGVuLmNvLmpwL2d5cHN5L2NhYmluZXQvYzAwMDAxLS9jMDAxNjlyLTIuanBnIiB3aWR0aD0iNjMwIj48YnI+PGJyPgo8aW1nIHNyYz0iaHR0cDovL2ltYWdlLnJha3V0ZW4uY28uanAvZ3lwc3kvY2FiaW5ldC9jMDAwMDEtL2MwMDE2OXItMy5qcGciIHdpZHRoPSI2MzAiPjxicj48YnI+CjxpbWcgc3JjPSJodHRwOi8vaW1hZ2UucmFrdXRlbi5jby5qcC9neXBzeS9jYWJpbmV0L2MwMDAwMS0vYzAwMTY5ci00LmpwZyIgd2lkdGg9IjYzMCI+PGJyPjxicj4KPGltZyBzcmM9Imh0dHA6Ly9pbWFnZS5yYWt1dGVuLmNvLmpwL2d5cHN5L2NhYmluZXQvYzAwMDAyLS9jemRpYW1vbmQyLmpwZyIgd2lkdGg9IjYzMCI+PGJyPjxicj4KPGltZyBzcmM9Imh0dHA6Ly9pbWFnZS5yYWt1dGVuLmNvLmpwL2d5cHN5L2NhYmluZXQvYzAwMDAyLS9jMDAxNjktMy5qcGciIHdpZHRoPSI2MzAiPjxicj48YnI+CjwvZGl2PgoKCgoKCgoKPHN0eWxlIHR5cGU9InRleHQvY3NzIj4KcCB7bWFyZ2luOjEwcHggMCAwIDA7cGFkZGluZzogMDt9CnRhYmxlLnNwZWMge21hcmdpbjogMDtwYWRkaW5nOiAwO2JvcmRlci1yaWdodDogc29saWQgMXB4ICNCMkIyQjI7Ym9yZGVyLWxlZnQ6IHNvbGlkIDFweCAjQjJCMkIyO2NvbG9yOiAjOTk5O2ZvbnQtc2l6ZTogMTJweDt9CnRhYmxlLnNwZWMgdGQuc3BlY0l0ZW0ge3dpZHRoOiA5NnB4O21hcmdpbjogMDtwYWRkaW5nOiAxMHB4O2JvcmRlci1yaWdodDogc29saWQgMXB4ICNCMkIyQjI7Ym9yZGVyLWJvdHRvbTogc29saWQgMXB4ICNCMkIyQjI7YmFja2dyb3VuZC1jb2xvcjogI0Y1RjVGNTtmb250LXdlaWdodDpib2xkO30KdGFibGUuc3BlYyB0ZC5zcGVjRGV0YWlscyB7bWFyZ2luOiAwO3BhZGRpbmc6IDhweDtib3JkZXItYm90dG9tOiBzb2xpZCAxcHggI0IyQjJCMjtiYWNrZ3JvdW5kLWNvbG9yOiAjRkZGO2xpbmUtaGVpZ2h0OiAxLjVlbTt9Cjwvc3R5bGU+CjxwPjxpbWcgc3JjPSJodHRwOi8vaW1hZ2UucmFrdXRlbi5jby5qcC9neXBzeS9jYWJpbmV0L2thbmJhbi9zcGVjX2hlYWQuZ2lmIiBhbHQ9IuOCueODmuODg+OCryIgd2lkdGg9IjYzMCIgaGVpZ2h0PSIyNCIgLz48L3A+Cjx0YWJsZSBjbGFzcz0ic3BlYyIgd2lkdGg9IjYzMCIgYm9yZGVyPSIwIiBjZWxscGFkZGluZz0iMCIgY2VsbHNwYWNpbmc9IjAiPgo8dGJvZHk+Cjx0cj4KPHRkIGNsYXNzPSJzcGVjSXRlbSI+57Sg5p2QPC90ZD4KPHRkIGNsYXNzPSJzcGVjRGV0YWlscyI+CjwhLS3ihpPjgZPjgZPjgYvjgonntKDmnZDihpMtLT4K4pag57Sg5p2QPGJyPgrlkIjph5EoYnJhc3MpPGJyPgpDWuODgOOCpOODpCjjgq3jg6Xjg7zjg5Pjg4Pjgq/jg7vjgrjjg6vjgrPjg4vjgqIpPGJyPgrigLvjgq3jg6Xjg7zjg5Pjg4Pjgq/jg7vjgrjjg6vjgrPjg4vjgqLjga/kurrlt6Xnn7PjgafjgZnjgII8YnI+CjwhLS3ihpHjgZPjgZPjgb7jgafntKDmnZDihpEtLT4KPC90ZD4KPC90cj4KPHRyPgo8dGQgY2xhc3M9InNwZWNJdGVtIj7jgrXjgqTjgro8L3RkPgo8dGQgY2xhc3M9InNwZWNEZXRhaWxzIj4KPCEtLeKGk+OBk+OBk+OBi+OCieOCteOCpOOCuuKGky0tPgrluYXvvJrntIQzLjBtbTxicj4KPGJyPgrjgJDjgrXjgqTjgrrjgqzjgqTjg4njgJE8YnI+CuKYheWGheWBtOebtOW+hDxicj4KNeWPt++8mjE0LjNtbTxicj4KN+WPt++8mjE1LjBtbTxicj4KMTDlj7fvvJoxNi4wbW08YnI+CjEy5Y+377yaMTYuN21tPGJyPgoxNeWPt++8mjE3LjdtbTxicj4KMTflj7fvvJoxOC4zbW08YnI+CjE55Y+377yaMTkuMG1tPGJyPgo8IS0t4oaR44GT44GT44G+44Gn44K144Kk44K64oaRLS0+CjwvdGQ+CjwvdHI+Cgo8dHI+Cjx0ZCBjbGFzcz0ic3BlY0l0ZW0iPuazqOaEj+eCuTwvdGQ+Cjx0ZCBjbGFzcz0ic3BlY0RldGFpbHMiPgo8IS0t4oaT44GT44GT44GL44KJ5rOo5oSP54K54oaTLS0+CuKWoOOBk+OBoeOCieOBruWVhuWTgeOBr+OCueODhuODs+ODrOOCueijveOBp+OBr+OBlOOBluOBhOOBvuOBm+OCk+OAgjxicj4K4pag44Oi44OL44K/44O844Gu6YO95ZCI5LiK44CB5o6y6LyJ5YaZ55yf44Go5a6f6Zqb44Gu6Imy44GM55Ww44Gq44KL5aC05ZCI44GM44GU44GW44GE44G+44GZ44CCPGJyPgo8IS0t4oaR44GT44GT44G+44Gn5rOo5oSP54K54oaRLS0+CjwvdGQ+CjwvdHI+CjwvdGJvZHk+CjwvdGFibGU+Cjxicj48YnI+CjxhIGhyZWY9Imh0dHA6Ly9pdGVtLnJha3V0ZW4uY28uanAvZ3lwc3kvYy8wMDAwMDAwMTcwLyI+IDxpbWcgc3JjPSJodHRwOi8vaW1hZ2UucmFrdXRlbi5jby5qcC9neXBzeS9jYWJpbmV0L2MwMDAwMi0vbGFwcGluZ19sLmpwZyIgd2lkdGg9IjYzMCI+PC9hPjxicj48YnI+Cjxicj4gPGEgaHJlZj0iaHR0cDovL2ltYWdlLnJha3V0ZW4uY28uanAvZ3lwc3kvY2FiaW5ldC9ndWlkZS9jYXV0aW9uX21haWxfcmUuZ2lmIiB0YXJnZXQ9Il9ibGFuayI+IDxpbWcgc3JjPSJodHRwOi8vaW1hZ2UucmFrdXRlbi5jby5qcC9neXBzeS9jYWJpbmV0L2JhbmEvbWFpbGwtdHl1aS5naWYiIHdpZHRoPSI2MzAiIGJvcmRlcj0iMCI+PC9hPjxicj48YnI+CjxhIGhyZWY9Imh0dHA6Ly9pbWFnZS5yYWt1dGVuLmNvLmpwL2d5cHN5L2NhYmluZXQvZ3VpZGUvbWFpbC1kZWxpMDEuanBnIj48aW1nIHNyYz0iaHR0cDovL2ltYWdlLnJha3V0ZW4uY28uanAvZ3lwc3kvY2FiaW5ldC9ndWlkZS9tYWlsLWRlbGkuanBnIiB3aWR0aD0iNjMwIj48L2E+PGJyPjxicj4KCjxicj48YnI+CjxpbWcgc3JjPSJodHRwOi8vaW1hZ2UucmFrdXRlbi5jby5qcC9neXBzeS9jYWJpbmV0L2d1aWRlL3NvdXJ5b3U0MDAwLmpwZyIgd2lkdGg9IjMyMCIgLz48YnI+PGJyPgrjg5Tjg7Pjgq3jg7zjg6rjg7PjgrAg5oyH6LyqIOODquODs+OCsCDjg6zjg4fjgqPjg7zjgrkg4piF5qW95aSp44Op44Oz44Kt44Oz44Kw5oyH6Lyq6YOo6ZaA44CQMeS9jeOAkeeNsuW+lyEhPGJyPgoK44K344Oz44OX44Or44Gq44OV44Kp44Or44Og44Gu44K344Or44OQ44O844Oq44Oz44Kw44Gr44Kt44Op44Kt44Op44Gu44Kt44Ol44O844OT44OD44Kv44O744K444Or44Kz44OL44Ki44KS77yv77yu4piFPGJyPgrmjIfjgpLli5XjgYvjgZnjgZ/jgbPjgavotIXmsqLjgarovJ3jgY3jgpLmlL7jgaHjgIHjgqjjg6zjgqzjg7Pjg4jjgarmiYvlhYPjgpLmvJTlh7rjgafjgY3jgb7jgZnimao8YnI+Cjxicj4K4oC744Oa44Ki77yv77yr44Gu44K144Kk44K65bGV6ZaL44Gn44GZ44Gu44Gn44OX44Os44K844Oz44OI44Gr44KC5pyA6YGp77yBPGJyPgrigLvjgZPjgaHjgonjga7llYblk4Hjga/jgrnjg4bjg7Pjg6zjgrnoo73jgafjga/jgZTjgZbjgYTjgb7jgZvjgpPjgII8YnI+Cjxicj4KCjxpbWcgc3JjPSJodHRwOi8vaW1hZ2UucmFrdXRlbi5jby5qcC9neXBzeS9jYWJpbmV0L2d1aWRlL21haWwtZGVsaTAwLmpwZyIgd2lkdGg9IjMyMCIgYm9yZGVyPSIwIiB1c2VtYXA9IiNNYXAxMDAiIC8+CjxtYXAgbmFtZT0iTWFwMTAwIj4KICAKPC9tYXA+Cjxicj48c3R5bGUgdHlwZT0idGV4dC9jc3MiPgoKPCEtLQoKLyog5Zyo5bqr6KGo5YaFIOe0jeacn+aDheWgseaWh+WtlyAgKi8KaW52ZW50b3J5IGZvbnR7CmZvbnQtc2l6ZTo3MCUgIWltcG9ydGFudDsKY29sb3I6Izk5OSAhaW1wb3J0YW50Owp9CgpkaXYjbWFpbGJpbkFic29sdXRlIHsKcG9zaXRpb246Zml4ZWQ7CmJvdHRvbTo3MHB4OyByaWdodDo1cHg7Cn0KCgpzcGFuLmNob2ljZXsKZGlzcGxheTpibG9jazsKbWFyZ2luOjEwcHggMCA1cHggMDsKfQoKCnNwYW4uc29sZG91dF9tc2d7CnBhZGRpbmc6MTBweCAwIDAgMDsKZGlzcGxheTpibG9jazsKfQoKLyog5YCL5pWw5YWl5Yqb5qyE44Gu5aSn44GN44GVICovCmlucHV0I3VuaXRzIHsKcGFkZGluZzogMXB4IDBweDsKfQoKLyog44GK6LK344GE54mp44GL44GU44Oc44K/44Oz44Gu5aSn44GN44GVICovCnRkID4gaW5wdXQgewpmb250LXNpemU6IDE1cHg7CnBhZGRpbmc6N3B4IDMwcHg7CndpZHRoOiBhdXRvOwp9CgoKLyog44CM5ZWG5ZOB44Gr44Gk44GE44Gm44Gu5ZWP44GE5ZCI44KP44Gb44CN44Oc44K/44Oz44Gu5aSn44GN44GVKi8KZm9udCBpbnB1dCB7CmZvbnQtc2l6ZTogMTJweDsKcGFkZGluZzoycHg7CndpZHRoOiAxNTBweDsKfQoKLyoqKuOAjOWAi+aVsOOAjemDqOWIhioqKi8KaW5wdXQjdW5pdHN7CmJvcmRlcjpzb2xpZCAjY2NjIDFweDsKYmFja2dyb3VuZDojZmZmOwp3aWR0aDozMHB4OwpoZWlnaHQ6MjBweDsKbGluZS1oZWlnaHQ6MjBweDsKdGV4dC1hbGlnbjpjZW50ZXI7Cn0KCiNyYWt1dGVuTGltaXRlZElkX2Fyb3VuZENhcnQgdGFibGUgdGJvZHkgdHIgdGQgaW5wdXQjdW5pdHN7CnRleHQtaW5kZW50OjBweCAhaW1wb3J0YW50Owp9Ci8qKirilrzllYblk4HpoIXnm67pgbjmip7ogqLjg6njgrjjgqrjg5zjgr/jg7Ppq5jjgZXilrwqKiovCgojcmFrdXRlbkxpbWl0ZWRJZF9hcm91bmRDYXJ0IHRhYmxlIHRib2R5IHRyIHRkIHRhYmxlIHRib2R5IHRyIHRkIHRhYmxlIHRib2R5IHRyIC5pbnZlbnRvcnkgaW5wdXR7CgloZWlnaHQ6MTJweCAhaW1wb3J0YW50Owp9CgovKioq4pay5ZWG5ZOB6aCF55uu6YG45oqe6IKi44Op44K444Kq44Oc44K/44Oz6auY44GV4payKioqLwoKCgovKioq44CM6aCF55uu6YG45oqe6IKi6YOo5YiG44CNKioqLwovKuKWvOOCr+ODreODoOWwgueUqOODj+ODg+OCr+KWvCovCkBtZWRpYSBzY3JlZW4gYW5kICgtd2Via2l0LW1pbi1kZXZpY2UtcGl4ZWwtcmF0aW86MCkgewouaW52ZW50b3J5IGlucHV0ewogICAgICAgIHdpZHRoOjEycHggIWltcG9ydGFudDsKICAgIH0KfQovKuKWsuOCr+ODreODoOWwgueUqOODj+ODg+OCr+KWsiovCgovKuKWvOODqeOCuOOCquODnOOCv+ODs+WRqOi+uuKWvCovCiNyYWt1dGVuTGltaXRlZElkX2Fyb3VuZENhcnQgLmludmVudG9yeXsKICAgcGFkZGluZzo2cHggIWltcG9ydGFudDsKICAgY3Vyc29yOnBvaW50ZXI7Cn0KLyrilrLjg6njgrjjgqrjg5zjgr/jg7PlkajovrrilrIqLwoKLyrilrzjg6njgrjjgqrjg5zjgr/jg7PoqK3lrprilrwqLwouaW52ZW50b3J5IGlucHV0ewpiYWNrZ3JvdW5kOm5vbmUgIWltcG9ydGFudDsKdGV4dC1pbmRlbnQ6IDBweDsKd2lkdGg6MThweDsKcGFkZGluZy1ib3R0b206MHB4OwptYXJnaW4tdG9wOi02cHggIWltcG9ydGFudDsKfQoKCgoKLypJReODj+ODg+OCry0tLS0tLS0tLS3ilrwqLwpodG1sPmJvZHkgLmludmVudG9yeSBpbnB1dHsKIG1hcmdpbi10b3A6LTBweCAhaW1wb3J0YW50Owogem9vbTowOwp9Ci8qSUXjg4/jg4Pjgq8tLS0tLS0tLS0t4payKi8KCi8qSUU544OP44OD44KvLS0tLS0tLS0tLeKWvCovCi5pbnZlbnRvcnkgaW5wdXR7CiBtYXJnaW4tbGVmdDotMXB4XDk7CiB3aWR0aDoyMHB4XDk7CiBtYXJnaW4tdG9wOjVweFw5ICFpbXBvcnRhbnQ7Cgp9Ci8qSUU544OP44OD44KvLS0tLS0tLS0tLeKWsiovCgovKuKWsuODqeOCuOOCquODnOOCv+ODs+ioreWumuKWsiovCgpzcGFuLmludmVudG9yeV9jaG9pY2VfbmFtZSB7CmZvbnQtc2l6ZToxMnB4ICFpbXBvcnRhbnQ7Cn0KCi8q4pa844Op44K444Kq44Oc44K/44Oz4paz44Oe44O844Kv6Kit5a6a4pa8Ki8KaHRtbD5ib2R5IC5pbnZlbnRvcnlfcmVzdHsKIGRpc3BsYXk6YmxvY2sgIWltcG9ydGFudDsKIGZvbnQtc2l6ZTo4MCUgIWltcG9ydGFudDsKfQoKLypJReODj+ODg+OCry0tLS0tLS0tLS3ilrwqLwouaW52ZW50b3J5X3Jlc3R7CiBkaXNwbGF5OmJsb2NrXDk7CiBtYXJnaW4tdG9wOi0wcHhcOTsKIGZvbnQtc2l6ZTo4MCVcOTsKfQovKklF44OP44OD44KvLS0tLS0tLS0tLeKWsiovCgovKuKWsuODqeOCuOOCquODnOOCv+ODs+KWs+ODnuODvOOCr+ioreWumuKWsiovCgoKCi0tPgoKYSBpbWcgewpib3JkZXItc3R5bGU6IG5vbmU7fQo8L3N0eWxlPgo8IS0tLS0+CgoKCgo8c3R5bGUgVFlQRT0idGV4dC9jc3MiPgo8IS0tCnRkLmludmVudG9yeSBmb250e2ZvbnQtc2l6ZToxMHB4O2NvbG9yOiM5NDkzOTM7fQp0ZC5pbnZlbnRvcnl7d29yZC13cmFwOmJyZWFrLXdvcmQ7d2lkdGg6NTBweDt9Ci0tPgo8L3N0eWxlPgoKCiAgICAKPCEtLSDjg53jgqTjg7Pjg4ggLS0+IAo8IS0tPGltZyB3aWR0aD0iMTAwJSIgc3JjPSJodHRwOi8vaW1hZ2UucmFrdXRlbi5jby5qcC9neXBzeS9jYWJpbmV0L2JhbmEvMjAxNTEyMDlfcG9pbnQzLmpwZyIgYm9yZGVyPSIwIiBzdHlsZT0icG9zaXRpb246Zml4ZWQ7Ym90dG9tOjA7bGVmdDowO3otaW5kZXg6MTAwO3dpZHRoOjEwMCU7Ij4tLT4KCjwhLS0g44Od44Kk44Oz44OIIC0tPgoKCgo8IS0t44OV44Oq44O844K744Os44Kv44OI44GT44GT44GL44KJLS0+CjxkaXYgc3R5bGU9IndpZHRoOjYzMHB4Ij4KPHAgc3R5bGU9IgogICAgcGFkZGluZy1ib3R0b206IDVweDsKICAgIGJvcmRlci1ib3R0b206IDJweCBzb2xpZCAjRURFOERGOwogICAgY29sb3I6ICM2QjU5MzM7CiAgICBmb250LXNpemU6IDExcHg7CiAgICBsZXR0ZXItc3BhY2luZzogMC41ZW07CiAgICB0ZXh0LWFsaWduOiBsZWZ0OwogICAgbWFyZ2luLWJvdHRvbTo1cHgiPgogIDxpbWcgc3JjPSJodHRwOi8vd3d3LnJha3V0ZW4ubmUuanAvZ29sZC9neXBzeS9pbWcvdHRsX3JlY29tZW5kLmdpZiIgYWx0PSJSZWNvbW1lbmRJdGVtIiAvPgogIO+8j+OBiuOBmeOBmeOCgeWVhuWTgQo8L3A+CjxkaXYgc3R5bGU9IndpZHRoOjYzMHB4OyBtYXJnaW46NXB4IDAgMTVweCAwOyI+CiAgPGRpdiBzdHlsZT0id2lkdGg6NjMwcHg7IGhlaWdodDo1MDVweDsgb3ZlcmZsb3c6aGlkZGVuOyI+CiAgICAKICA8L2Rpdj4KPC9kaXY+CjwvZGl2Pgo8IS0t44OV44Oq44O844K744Os44Kv44OI44GT44GT44G+44GnLS0+CgoKPCEtLUct44Op44Oz44Kt44Oz44Kw44GT44GT44GL44KJLS0+CjxkaXYgc3R5bGU9IndpZHRoOjYzMHB4OyBtYXJnaW4tYm90dG9tOjE1cHg7Ij4KICA8ZGl2IHN0eWxlPSJib3JkZXItYm90dG9tOjJweCBzb2xpZCAjMDAwOyBtYXJnaW4tYm90dG9tOjEwcHg7IHRleHQtYWxpZ246bGVmdDsiPgogICAgPHAgc3R5bGU9ImNvbG9yOiMwMDA7IGZvbnQtZmFtaWx5OlZlcmRhbmEsIEdlbmV2YSwn44OS44Op44Ku44OO6KeS44K0IFBybyBXMyc7IGZvbnQtd2VpZ2h0OmJvbGQ7IGxpbmUtaGVpZ2h0OjQwcHg7IGZvbnQtc2l6ZToxOHB4OyBtYXJnaW46MDsiPgogICAg4pagIFJBS1VURU4gUkFOS0lORwogICAgPHNwYW4gc3R5bGU9ImNvbG9yOiMzMzM7IGxpbmUtaGVpZ2h0OjIwcHg7IGZvbnQtc2l6ZToxMnB4OyBtYXJnaW4tbGVmdDoxMHB4OyI+5Lq65rCX44Gu5qW95aSp44Op44Oz44Kt44Oz44Kw5Y+X6LOe44Ki44Kk44OG44Og44KS44GU57S55LuL77yBPC9zcGFuPgogICAgPC9wPgogIDwvZGl2PgogIDxkaXYgc3R5bGU9IndpZHRoOjYyOHB4OyBoZWlnaHQ6Mjk4cHg7IG92ZXJmbG93OmhpZGRlbjsgYm9yZGVyOjFweCBzb2xpZCAjY2NjIj4KICAJCiAgPC9kaXY+CjwvZGl2Pgo8IS0tRy3jg6njg7Pjgq3jg7PjgrDjgZPjgZPjgb7jgactLT4KCjwhLS3jg6rjgqLlj5fjgZPjgZPjgYvjgoktLT4KPGRpdiBzdHlsZT0id2lkdGg6NjMwcHg7IG1hcmdpbi1ib3R0b206MTVweDsiPgogICA8ZGl2IHN0eWxlPSJib3JkZXItYm90dG9tOjJweCBzb2xpZCAjMDAwOyBtYXJnaW4tYm90dG9tOjEwcHg7IHRleHQtYWxpZ246bGVmdDsiPgogICAgPHAgc3R5bGU9ImNvbG9yOiMwMDA7IGZvbnQtZmFtaWx5OlZlcmRhbmEsIEdlbmV2YSwn44OS44Op44Ku44OO6KeS44K0IFBybyBXMyc7IGZvbnQtd2VpZ2h0OmJvbGQ7IGZvbnQtc2l6ZToxOHB4OyBsaW5lLWhlaWdodDo0MHB4OyBtYXJnaW46MCI+CiAgICDilqAgUkVBTCBUSU1FIE9SREVSUwogICAgPHNwYW4gc3R5bGU9ImNvbG9yOiMzMzM7IGxpbmUtaGVpZ2h0OjIwcHg7IGZvbnQtc2l6ZToxMnB4OyBtYXJnaW4tbGVmdDoxMHB4OyI+5LuK5aOy44KM44Gm44GE44KL77yB5pyA5paw44Gu5rOo5paH44Ki44Kk44OG44Og77yR77yQ77yQ5Lu244KS44GU57S55LuL77yBPC9zcGFuPgogICAgPC9wPgogIDwvZGl2PgogIDxkaXYgc3R5bGU9IndpZHRoOjYzMHB4OyBoZWlnaHQ6MzAwcHg7IG92ZXJmbG93OmhpZGRlbjsiPgogIAkKICA8L2Rpdj4KCjwvZGl2Pgo8IS0t44Oq44Ki5Y+X44GT44GT44G+44GnLS0+Cgo8IS0t44Oq44Ki44Kz44Oh44GT44GT44GL44KJLS0+CjxkaXYgc3R5bGU9IndpZHRoOjYzMHB4OyBtYXJnaW4tYm90dG9tOjE1cHg7Ij4KICA8ZGl2IHN0eWxlPSJib3JkZXItYm90dG9tOjJweCBzb2xpZCAjMDAwOyBtYXJnaW4tYm90dG9tOjEwcHg7IHRleHQtYWxpZ246bGVmdDsgbWFyZ2luLXRvcDoyMHB4OyI+CiAgICA8cCBzdHlsZT0iY29sb3I6IzAwMDsgZm9udC1mYW1pbHk6VmVyZGFuYSwgR2VuZXZhLCfjg5Ljg6njgq7jg47op5LjgrQgUHJvIFczJzsgZm9udC13ZWlnaHQ6Ym9sZDsgZm9udC1zaXplOjE4cHg7IGxpbmUtaGVpZ2h0OjQwcHg7IGRpc3BsYXk6aW5saW5lIj4KICAgIOKWoCBSRVZJRVcKICAgIDxzcGFuIHN0eWxlPSJjb2xvcjojMzMzOyBsaW5lLWhlaWdodDoyMHB4OyBmb250LXNpemU6MTJweDsgbWFyZ2luLWxlZnQ6MTBweDsiPue0oOaVteOBquODrOODk+ODpeODvOOCkumgguOBjeOBvuOBl+OBn++8gTwvc3Bhbj4KICAgIDwvcD4KICA8L2Rpdj4KICA8ZGl2IHN0eWxlPSJ3aWR0aDo2MzBweDsgaGVpZ2h0OjI4MHB4OyBvdmVyZmxvdzpoaWRkZW47Ij4KICAJCiAgPC9kaXY+CjwvZGl2Pgo8IS0t44Oq44Ki44Kz44Oh44GT44GT44G+44GnLS0+,44OU44Oz44Kt44O844Oq44Oz44KwIOaMh+i8qiDjgrjjg6vjgrPjg4vjgqIg44Oq44Oz44KwIOODrOODh+OCo+ODvOOCuSDpgIHmlpnnhKHmlpkg4omq44KG44GG44Oh44O844Or5L6/6YWN6YCBMTDjg7vku6PlvJXkuI3lj6/iiasg44Oa44Ki44Oq44Oz44KwIOOCqOOCv+ODi+ODhuOCo+ODquODs+OCsCDjgrfjg6vjg5Djg7zjg6rjg7PjgrAg44K344Or44OQ44O8IOOCtOODvOODq+ODiSDjg5Tjg7Pjgq/jgrTjg7zjg6vjg4kg44OX44Os44K844Oz44OIIOOCruODleODiCDlpbPmgKcgMTBQMjZNYXIxNu+8mkdZUFNZ,44OU44Oz44Kt44O844Oq44Oz44KwIOaMh+i8qiDjgrjjg6vjgrPjg4vjgqIg44Oq44Oz44KwIOODrOODh+OCo+ODvOOCuSDpgIHmlpnnhKHmlpkg4omq44KG44GG44Oh44O844Or5L6/6YWN6YCBMTDjg7vku6PlvJXkuI3lj6/iiasg44Oa44Ki44Oq44Oz44KwIOOCqOOCv+ODi+ODhuOCo+ODquODs+OCsCDjgrfjg6vjg5Djg7zjg6rjg7PjgrAg44K344Or44OQ44O8IOOCtOODvOODq+ODiSDjg5Tjg7Pjgq/jgrTjg7zjg6vjg4kg44OX44Os44K844Oz44OIIOOCruODleODiCDlpbPmgKcgMTBQMjZNYXIxNg==,44OU44Oz44Kt44O844Oq44Oz44KwIOaMh+i8qiDjg6Hjg7Pjgrog44Os44OH44Kj44O844K5IOODmuOCouODquODs+OCsCDjgILjg5Tjg7Pjgq3jg7zjg6rjg7PjgrAg5oyH6LyqIOOCuOODq+OCs+ODi+OCoiDjg6rjg7PjgrAg44Os44OH44Kj44O844K5IOmAgeaWmeeEoeaWmSDiiarjgobjgYbjg6Hjg7zjg6vkvr/phY3pgIExMOODu+S7o+W8leS4jeWPr+KJqyDjg5rjgqLjg6rjg7PjgrAg44Ko44K/44OL44OG44Kj44Oq44Oz44KwIOOCt+ODq+ODkOODvOODquODs+OCsCDjgrfjg6vjg5Djg7wg44K044O844Or44OJIOODlOODs+OCr+OCtOODvOODq+ODiSDjg5fjg6zjgrzjg7Pjg4gg44Ku44OV44OIIOWls+aApyAxMFAyNk1hcjE2[rn]
39-1088,aHR0cDovL3RzaG9wLnIxMHMuanAvYXVjLWJhcnphei9jYWJpbmV0L3ZiLTE0MDYtMS5qcGc/Zml0aW49NzAwOjcwMA==,MjQ2NC4wMDAw,,44K444Ol44Ko44Oq44O844O744Ki44Kv44K744K144Oq44O8ID4g44K444Ol44Ko44Oq44O844O744Ki44Kv44K744K144Oq44O855So5ZOBID4g44Gd44Gu5LuW,44Ki44Kv44K744K144Oq44O844Gu5Y+O57SN44Kx44O844K5IOS7leWIh+OCijIw5YCL44K/44Kk44OXIOODl+ODreS7leanmCDjgrjjg6Xjgqjjg6rjg7zjg4jjg6zjg7wg6auY57Sa5a6d55+z566xIOOCuOODpeOCqOODquODvOOCseODvOOCuSDlj47ntI3jg5zjg4Pjgq/jgrkg44K444Ol44Ko44Oq44O844Oc44OD44Kv44K5IOOCuOODpeOCqOODquODvEJPWCDlrp3nrrEg5a6d55+z566xIGpld2Vscnlib3gg5oyH6Lyq5YWl44KMIOODquODs+OCsOOCseODvOOCuSDjgqLjgq/jgrvjgrXjg6rjg7wgYWNjZXNzb3J5IGNhc2Ug44Oh44O844Or5L6/5LiN5Y+vIOalreWLmeeUqCDjgrnjgqjjg7zjg4k=,44Ki44Kv44K744K144Oq44O844Gu5Y+O57SN44Kx44O844K5IOS7leWIh+OCijIw5YCL44K/44Kk44OXIOODl+ODreS7leanmA==,PGRpdiBzdHlsZT0id2lkdGg6NzUwcHg7dGV4dC1hbGlnbjogY2VudGVyOyI+CjxJTUcgU1JDPSJodHRwczovL2ltYWdlLnJha3V0ZW4uY28uanAvYXVjLWJhcnphei9jYWJpbmV0L25ldzkvcmFua3ZiLTE0MDYuanBnIj4KPGJyPgo8SU1HIFNSQz0iaHR0cHM6Ly9pbWFnZS5yYWt1dGVuLmNvLmpwL2F1Yy1iYXJ6YXovY2FiaW5ldC92Yi0xNDA2LTEuanBnIj4KPGJyPgo8SU1HIFNSQz0iaHR0cHM6Ly9pbWFnZS5yYWt1dGVuLmNvLmpwL2F1Yy1iYXJ6YXovY2FiaW5ldC92Yi0xNDA2LTIuanBnIj4KPGJyPgo8SU1HIFNSQz0iaHR0cHM6Ly9pbWFnZS5yYWt1dGVuLmNvLmpwL2F1Yy1iYXJ6YXovY2FiaW5ldC92Yi0xNDA2LTMuanBnIj4KPGJyPgo8SU1HIFNSQz0iaHR0cHM6Ly9pbWFnZS5yYWt1dGVuLmNvLmpwL2F1Yy1iYXJ6YXovY2FiaW5ldC92Yi0xNDA2LTQuanBnIj4KPGJyPgo8YnI+CjxJTUcgU1JDPSJodHRwczovL2ltYWdlLnJha3V0ZW4uY28uanAvYXVjLWJhcnphei9jYWJpbmV0L25ldzkvcmFua3ZiLTE0MDYuanBnIj4KPGJyPgo8SU1HIFNSQz0iaHR0cHM6Ly9pbWFnZS5yYWt1dGVuLmNvLmpwL2F1Yy1iYXJ6YXovY2FiaW5ldC9uZXcxNC9yYW5rdmItMTQwNnIuanBnIj4KPGJyPgo8YnI+CjxGT05UIENPTE9SPSJCbHVlIiBTSVpFPSI2Ij4KPEEgSFJFRj0iaHR0cHM6Ly9zZWFyY2gucmFrdXRlbi5jby5qcC9zZWFyY2gvaW5zaG9wLW1hbGwvdmIlRUYlQkMlOEQxNC8tL3NpZC4yNjI5OTEtc3QuQSI+5Yil5aOy44KK44Gu5LiK6JOL77yI44OV44K/77yJ44Gv44Kz44OB44Op44GL44KJPC9BPgo8YnI+CjxCUj4KPC9GT05UPgoKPCEtLeKGk+ODiOODrOODvOODquODs+OCry0tPgo8Y2VudGVyPgo8dGFibGUgd2lkdGg9IjcwMCIgYmdjb2xvcj0iI2FhYWFhYSIgY2VsbHNwYWNpbmc9IjEiIGNlbGxwYWRkaW5nPSIKNSIgYWxpZ249ImNlbnRlciI+Cjx0ciBiZ2NvbG9yPSJmZmZmZmYiIGFsaWduPSJjZW50ZXIiPgo8dGQgd2lkdGg9IjE3NSI+PGEgaHJlZj0iaHR0cHM6Ly9pdGVtLnJha3V0ZW4uY28uanAvYXVjLWJhcnphei92Yi0xNDAyLyI+PGltZyBzcmM9Imh0dHBzOi8vaW1hZ2UucmFrdXRlbi5jby5qcC9hdWMtYmFyemF6L2NhYmluZXQvbmV3My92Yi0xNDAyXzEuanBnIiB3aWR0aD0iMTUwIj48YnI+44CQ56mN44G/6YeN44Gt44OI44Os44O8LzE0MDLjgJE8YnI+44Oq44Oz44KwL+aMh+i8queUqC88YnI+NeWIl+ODiOODrOODvDwvYT48L3RkPgo8dGQgd2lkdGg9IjE3NSI+PGEgaHJlZj0iaHR0cHM6Ly9pdGVtLnJha3V0ZW4uY28uanAvYXVjLWJhcnphei92Yi0xNDAzLyI+PGltZyBzcmM9Imh0dHBzOi8vaW1hZ2UucmFrdXRlbi5jby5qcC9hdWMtYmFyemF6L2NhYmluZXQvdmItMTQwMy0xLmpwZyIgd2lkdGg9IjE1MCI+PGJyPuOAkOepjeOBv+mHjeOBreODiOODrOODvC8xNDAz44CRPGJyPuODjeODg+OCr+ODrOOCuS88YnI+MjDmnKzjg4jjg6zjg7w8L2E+PC90ZD4KPHRkIHdpZHRoPSIxNzUiPjxhIGhyZWY9Imh0dHBzOi8vaXRlbS5yYWt1dGVuLmNvLmpwL2F1Yy1iYXJ6YXovdmItMTQwNS8iPjxpbWcgc3JjPSJodHRwczovL2ltYWdlLnJha3V0ZW4uY28uanAvYXVjLWJhcnphei9jYWJpbmV0L25ldzMvdmItMTQwNV8xLmpwZyIgd2lkdGg9IjE1MCI+PGJyPuOAkOepjeOBv+mHjeOBreODiOODrOODvC8xNDA144CRPGJyPuODlOOCouOCuS/jgqTjg6Tjg6rjg7PjgrAvPGJyPjIw5YCL44OI44Os44O8PC9hPjwvdGQ+Cjx0ZCB3aWR0aD0iMTc1Ij48YSBocmVmPSJodHRwczovL2l0ZW0ucmFrdXRlbi5jby5qcC9hdWMtYmFyemF6L3ZiLTE0MDYvIj48aW1nIHNyYz0iaHR0cHM6Ly9pbWFnZS5yYWt1dGVuLmNvLmpwL2F1Yy1iYXJ6YXovY2FiaW5ldC92Yi0xNDA2LTEuanBnIiB3aWR0aD0iMTUwIj48YnI+44CQ56mN44G/6YeN44Gt44OI44Os44O8LzE0MDbjgJE8YnI+5bCP54mp5LuV5YiH44KKLzxicj4yMOWAi+ODiOODrOODvDwvYT48L3RkPgo8L3RyPgo8dHIgYmdjb2xvcj0iZmZmZmZmIiBhbGlnbj0iY2VudGVyIj4KPHRkIHdpZHRoPSIxNzUiPjxhIGhyZWY9Imh0dHBzOi8vaXRlbS5yYWt1dGVuLmNvLmpwL2F1Yy1iYXJ6YXovdmItMTQwNy8iPjxpbWcgc3JjPSJodHRwczovL2ltYWdlLnJha3V0ZW4uY28uanAvYXVjLWJhcnphei9jYWJpbmV0L3ZiLTE0MDctMS5qcGciIHdpZHRoPSIxNTAiPjxicj7jgJDnqY3jgb/ph43jga3jg4jjg6zjg7wvMTQwN+OAkTxicj7lsI/nianku5XliIfjgoovPGJyPjEy5YCL44OI44Os44O8PC9hPjwvdGQ+Cjx0ZCB3aWR0aD0iMTc1Ij48YSBocmVmPSJodHRwczovL2l0ZW0ucmFrdXRlbi5jby5qcC9hdWMtYmFyemF6L3ZiLTE0MDgvIj48aW1nIHNyYz0iaHR0cHM6Ly9pbWFnZS5yYWt1dGVuLmNvLmpwL2F1Yy1iYXJ6YXovY2FiaW5ldC92Yi0xNDA4LTEuanBnIiB3aWR0aD0iMTUwIj48YnI+44CQ56mN44G/6YeN44Gt44OI44Os44O8LzE0MDjjgJE8YnI+44ON44OD44Kv44Os44K5Lzxicj4xMOacrOODiOODrOODvDwvYT48L3RkPgo8dGQgd2lkdGg9IjE3NSI+PGEgaHJlZj0iaHR0cHM6Ly9pdGVtLnJha3V0ZW4uY28uanAvYXVjLWJhcnphei92Yi0xNDA5LyI+PGltZyBzcmM9Imh0dHBzOi8vaW1hZ2UucmFrdXRlbi5jby5qcC9hdWMtYmFyemF6L2NhYmluZXQvdmItMTQwOS0xLmpwZyIgd2lkdGg9IjE1MCI+PGJyPuOAkOepjeOBv+mHjeOBreODiOODrOODvC8xNDA544CRPGJyPuiHqueUseOBq+S9v+OBiOOCiy88YnI+44OV44Oq44O8L+ODiOODrOODvDwvYT48L3RkPgo8dGQgd2lkdGg9IjE3NSI+PGEgaHJlZj0iaHR0cHM6Ly9pdGVtLnJha3V0ZW4uY28uanAvYXVjLWJhcnphei92Yi0xNDExLyI+PGltZyBzcmM9Imh0dHBzOi8vaW1hZ2UucmFrdXRlbi5jby5qcC9hdWMtYmFyemF6L2NhYmluZXQvdmIvdmItMTQxMS10b3AuanBnIiB3aWR0aD0iMTUwIj48YnI+44CQ5Y+O57SN44OI44Os44O8LzE0MTHjgJE8YnI+5aSn44GN55uuL+ODmuODs+ODgOODs+ODiC88YnI+MTLmnKwv44OI44Os44O8PC9hPjwvdGQ+CjwvdHI+Cjx0ciBiZ2NvbG9yPSJmZmZmZmYiIGFsaWduPSJjZW50ZXIiPgo8dGQgd2lkdGg9IjE3NSI+PGEgaHJlZj0iaHR0cHM6Ly9pdGVtLnJha3V0ZW4uY28uanAvYXVjLWJhcnphei92Yi0xNDEyLyI+PGltZyBzcmM9Imh0dHBzOi8vaW1hZ2UucmFrdXRlbi5jby5qcC9hdWMtYmFyemF6L2NhYmluZXQvdmIvdmItMTQxMi0xLmpwZyIgd2lkdGg9IjE1MCI+PGJyPuOAkOepjeOBv+mHjeOBreODiOODrOODvC8xNDEy44CRPGJyPuODoeOCrOODjS/ohZXmmYLoqIgvPGJyPjTmnKzlj47ntI3jg4jjg6zjg7w8L2E+PC90ZD4KPHRkIHdpZHRoPSIxNzUiPjxhIGhyZWY9Imh0dHBzOi8vaXRlbS5yYWt1dGVuLmNvLmpwL2F1Yy1iYXJ6YXovdmItMTQxMC8iPjxpbWcgc3JjPSJodHRwczovL2ltYWdlLnJha3V0ZW4uY28uanAvYXVjLWJhcnphei9jYWJpbmV0L3ZiLTE0MTAtMS5qcGciIHdpZHRoPSIxNTAiPjxicj7jgJDok4vjg5Xjgr8vMTQxMOOAkTxicj7lj47ntI3jg4jjg6zjg7zlsILnlKjjga7jg5Xjgr88YnI+PGJyPjwvYT48L3RkPgo8dGQgd2lkdGg9IjE3NSI+PC90ZD4KPHRkIHdpZHRoPSIxNzUiPjwvdGQ+CjwvdHI+CjwvdGFibGU+CjwvY2VudGVyPgo8YnI+PGJyPgo8IS0t4oaR44OI44Os44O844Oq44Oz44KvLS0+Cgo8L2Rpdj4KCjx0YWJsZSB3aWR0aD0iNDIwIiBiZ2NvbG9yPSIjQzhCNzkxIiBjZWxsc3BhY2luZz0iMSIgY2VsbHBhZGRpbmc9IjMiIGFsaWduPSJjZW50ZXIiPgo8dHI+Cjx0aCBjb2xzcGFuPSIyIiBhbGlnbj0iY2VudGVyIiBiZ2NvbG9yPSIjQzhCNzkxIj48Yj48Zm9udCBzdHlsZT0ibGV0dGVyLXNwYWNpbmc6IDAuMmVtOyIgc2l6ZT0iMiIgY29sb3I9IiNGRkZGRkYiPuWVhuWTgeips+e0sDwvZm9udD48L2I+PC90aD4KPC90cj4KPHRyPjx0aCBhbGlnbj0iY2VudGVyIiBiZ2NvbG9yPSIjRTJEOUM1Ij48Zm9udCBzaXplPSIyIiBjb2xvcj0iIzVDNDMyRSI+44K144Kk44K644O75a656YePPC9mb250PjwvdGg+Cjx0ZCBiZ2NvbG9yPSIjRjVGMkVCIj48Zm9udCBzaXplPSIyIiBjb2xvcj0iIzMzMzMzMyI+CuODuzI0MG1tw5cyMTBtbcOXNDVtbTxicj4K44CQ5YaF5a+477ya57SEMy45Y23DlzQuMWNtL+S7leWIh+OCiumrmOOBlee0hDEuOWNtL+ODleOCv+OBvuOBpzMuMGNt44CRPC9mb250PjwvdGQ+PC90cj4KPHRyPjx0aCBhbGlnbj0iY2VudGVyIiBiZ2NvbG9yPSIjRTJEOUM1Ij48Zm9udCBzaXplPSIyIiBjb2xvcj0iIzVDNDMyRSI+6KaP5qC8PC9mb250PjwvdGg+Cjx0ZCBiZ2NvbG9yPSIjRjVGMkVCIj48Zm9udCBzaXplPSIyIiBjb2xvcj0iIzMzMzMzMyI+Cue0oOadkO+8muOCueOCqOODvOODie+8iOOCueOCpuOCp+ODvOODie+8iTxicj4K44Kr44Op44O877ya44OW44Op44Km44OzCjwvZm9udD48L3RkPjwvdHI+Cjx0cj48dGggYWxpZ249ImNlbnRlciIgYmdjb2xvcj0iI0UyRDlDNSI+PGZvbnQgc2l6ZT0iMiIgY29sb3I9IiM1QzQzMkUiPuWCmeiAgzwvZm9udD48L3RoPgo8dGQgYmdjb2xvcj0iI0Y1RjJFQiI+PGZvbnQgc2l6ZT0iMiIgY29sb3I9IiMzMzMzMzMiPgrlpKfliIfjgarjgrjjg6Xjgqjjg6rjg7wv44Ki44Kv44K744K144Oq44O844Gu5L+d566h44Gr5pyA6YGp4pmqPGJyPgrjg5fjg63ku5Xmp5jjga7jgqLjgq/jgrvjgrXjg6rjg7zjg4jjg6zjg7zvvIjjgrHjg7zjgrnvvInjga7nmbvloLTjgafjgZnvvIE8YnI+5LuW44Gu44OI44Os44O844Go6YeN44Gt44Gf44KK5LiK6JOL77yI5Yil5aOy44KK77yJ44KS5LuY44GR44Gf44KK44CBPGJyPueUqOmAlOOBr+iJsuOAhe+8geOBqOOBo+OBpuOCguS+v+WIqeOBp+OBmeOCiO+8gTxicj4KPEZPTlQgQ09MT1I9IlJlZCI+4oC755S75YOP5YaF44Gu44Ki44Kv44K744K144Oq44O844Gv5LuY5bGe44GX44G+44Gb44KT44CCPC9GT05UPgo8YnI+PGJyPjxGT05UIENPTE9SPSJCbHVlIj4KPEEgSFJFRj0iaHR0cHM6Ly9zZWFyY2gucmFrdXRlbi5jby5qcC9zZWFyY2gvaW5zaG9wLW1hbGwvdmIlRUYlQkMlOEQxNC8tL3NpZC4yNjI5OTEtc3QuQSI+5Yil5aOy44KK44Gu5LiK6JOL77yI44OV44K/77yJ44Gv44Kz44OB44Op44KS44Kv44Oq44OD44Kv4pmqPC9BPjwvRk9OVD4KPGJyPgo8L2ZvbnQ+PC90ZD48L3RyPgo8dHI+PHRoIGFsaWduPSJjZW50ZXIiIGJnY29sb3I9IiNFMkQ5QzUiPjxmb250IHNpemU9IjIiIGNvbG9yPSIjNUM0MzJFIj7jg6Hjg7zjg6vkvr/vvIjjgobjgYbjg5HjgrHjg4Pjg4jvvIk8L2ZvbnQ+PC90aD4KPHRkIGJnY29sb3I9IiNGNUYyRUIiPjxmb250IHNpemU9IjIiIGNvbG9yPSIjMzMzMzMzIj4KPGI+Cjxmb250IGNvbG9yPSJyZWQiPuKAu+OCs+ODgeODqeOBruWVhuWTgeOBr+ODoeODvOODq+S+v++8iOOChuOBhuODkeOCseODg+ODiO+8ieOBruOCteOCpOOCuuimj+WumuOBq+WPjuOBvuOCieOBquOBhOeCuuOAgQo8YnI+CuODoeODvOODq+S+v++8iOOChuOBhuODkeOCseODg+ODiO+8ieOBr+OBlOWIqeeUqOOBhOOBn+OBoOOBkeOBvuOBm+OCk+OAgjwvZm9udD48YnI+CuWuhemFjeS+v+OBq+OBpuOBiuWxiuOBkeOBhOOBn+OBl+OBvuOBmeOAgu+8iOODoeODvOODq+S+v+S4jeWPr8OX77yJCjwvZm9udD48L3RkPjwvdHI+CjwvdGFibGU+PGZvbnQgc2l6ZT0iMyIgY29sb3I9InJlZCI+Cjxicj48YnI+CuKAu+OBguOBmealveWvvuW/nOWVhuWTgeOBqDxiPumAmuW4uOWVhuWTgeOCkuWQjOaZguOBq+izvOWFpe+8iOS4gOaLrOeZuumAge+8iQo8YnI+44GV44KM44KL5aC05ZCI44CB44GC44GZ5qW95a++6LGh5aSWPC9iPuOBqOOBquOCiuOBvuOBmeOBruOBp+OBlOazqOaEj+OBj+OBoOOBleOBhOOAggo8L2ZvbnQ+CjxCUj4KPEJSPjxkaXYgc3R5bGU9ImJvcmRlcjoxcHggI2YwZTVjOSBzb2xpZDsiPjxkaXYgc3R5bGU9ImJhY2tncm91bmQtY29sb3I6ICNmMGU1Yzk7Y29sb3I6ICM1NzJjMDA7cGFkZGluZzogN3B4O2ZvbnQtc2l6ZTogMTJweDsiPuODqeODs+OCreODs+OCsDwvZGl2Pgo8L2Rpdj48QlI+PEJSPgo8aW1nIHNyYz0iaHR0cHM6Ly9pbWFnZS5yYWt1dGVuLmNvLmpwL2F1Yy1iYXJ6YXovY2FiaW5ldC9sZWZ0X2ltZy90aXRfaW5mby5qcGciIGFsdD0iQkFSWkFa44Kk44Oz44OV44Kp44Oh44O844K344On44OzIiBoZWlnaHQ9IjI2IiB3aWR0aD0iNzUwIj4KPGRpdiBjbGFzcz0iaW5uZXJfYm94Ij48aW1nIHNyYz0iaHR0cHM6Ly9pbWFnZS5yYWt1dGVuLmNvLmpwL2F1Yy1iYXJ6YXovY2FiaW5ldC9pbWcvYmFfc29yeW8tOHBlci5qcGciIGFsdD0i6YCB5paZIOWFqOWbveS4gOW+izU0MOWGhu+8iOeojui+vO+8iSDllYblk4Hku6Pph5E1LDQwMOWGhuS7peS4iuOBp+mAgeaWmeeEoeaWmeOBp+OBiuWxiuOBkSIgaGVpZ2h0PSIxMTAiIHdpZHRoPSI3MjAiPgo8ZGl2IGNsYXNzPSJsZWZ0X2JveCI+PGltZyBzcmM9Imh0dHBzOi8vaW1hZ2UucmFrdXRlbi5jby5qcC9hdWMtYmFyemF6L2NhYmluZXQvaW1nL21fMDEuanBnIiBhbHQ9IuOBiuaUr+aJleOBhCIgaGVpZ2h0PSIyNCIgd2lkdGg9IjM1MCI+CjxkaXYgY2xhc3M9InRleHRfYm94Ij48c3Bhbj7kuIvoqJjjga7jgYrmlK/miZXmlrnms5XjgpLjgZTliKnnlKjpoILjgZHjgb7jgZnjgII8L3NwYW4+CjxwPjxpbWcgc3JjPSJodHRwczovL2ltYWdlLnJha3V0ZW4uY28uanAvYXVjLWJhcnphei9jYWJpbmV0L2ltZy9wYXkuanBnIiBhbHQ9IiI+PC9wPgo8aW1nIHN0eWxlPSJtYXJnaW46MTBweCBhdXRvIDEwcHggOHB4IiBzcmM9Imh0dHBzOi8vaW1hZ2UucmFrdXRlbi5jby5qcC9hdWMtYmFyemF6L2NhYmluZXQvaW1nL2Jhcl8zMjAuZ2lmIj4KPGRsIGNsYXNzPSJpY29uIj48ZHQ+PGltZyBzcmM9Imh0dHBzOi8vaW1hZ2UucmFrdXRlbi5jby5qcC9hdWMtYmFyemF6L2NhYmluZXQvaW1nL2ljb25fYmFuay5naWYiIGFsdD0i6YqA6KGM5oyv6L68Ij48L2R0Pgo8ZGQ+4pag6YqA6KGM5oyv6L68PGJyPu+8iOalveWkqemKgOihjO+8iTwvZGQ+PC9kbD4KPHAgY2xhc3M9ImNsZWFyIj48YnI+44GU5YWl6YeR44GM56K66KqN44Gn44GN44G+44GX44Gf44KJ44CB6YCf44KE44GL44Gr55m66YCB44KS44GV44Gb44Gm6aCC44GN44G+44GZ44CC77yI5oyv44KK6L6844G/5omL5pWw5paZ44Gv44GK5a6i5qeY44GU6LKg5ouF44Gn44GK6aGY44GE44GX44G+44GZ44CC77yJPC9wPgo8cD48YnI+4oC76YqA6KGM5oyv6L6844Gu44GK5a6i5qeY44Gv44GU5rOo5paH5b6M44CBN+aXpeS7peWGheOBq+OBiuaMr+i+vOS4i+OBleOBhOOAgjxicj7jgYrmlK/miZXmnJ/pmZA35pel44KS6YGO44GO44G+44GZ44Go44Kt44Oj44Oz44K744Or5omx44GE44Go44GV44Gb44Gm6aCC44GP5aC05ZCI44GM44GU44GW44GE44G+44GZ44CCPC9wPgo8aW1nIHN0eWxlPSJtYXJnaW46MTBweCBhdXRvIDEwcHggOHB4IiBzcmM9Imh0dHBzOi8vaW1hZ2UucmFrdXRlbi5jby5qcC9hdWMtYmFyemF6L2NhYmluZXQvaW1nL2Jhcl8zMjAuZ2lmIj4KPGRsIGNsYXNzPSJpY29uIj48ZHQ+PGltZyBzcmM9Imh0dHBzOi8vaW1hZ2UucmFrdXRlbi5jby5qcC9hdWMtYmFyemF6L2NhYmluZXQvaW1nL2ljb25fcmJrLmdpZiIgYWx0PSLmpb3lpKnjg5Djg7Pjgq/msbrmuIgiPjwvZHQ+CjxkZD7ilqDmpb3lpKnjg5Djg7Pjgq/msbrmuIg8YnI+KOWFseWQjOizvOWFpeOAgeOCquODvOOCr+OCt+ODp+ODs+OBp+OBr+OBlOWIqeeUqOOBp+OBjeOBvuOBm+OCk+OAgik8L2RkPgo8L2RsPjxwIGNsYXNzPSJjbGVhciI+PGJyPuOAjOalveWkqeODkOODs+OCr+axuua4iOOAjeOBr+alveWkqemKgOihjOOBq+WPo+W6p+OCkuOBiuaMgeOBoeOBp+OAgealveWkqeS8muWToeOBrumKgOihjOWPo+W6p+OCkueZu+mMsuOBl+OBpuOBhOOCi+OBiuWuouanmOOBruOBv+OAgeOBlOWIqeeUqOOBhOOBn+OBoOOBkeOCi+axuua4iOOCteODvOODk+OCueOBp+OBmeOAgjxicj7jgYLjgonjgYvjgZjjgoHjgIHllYblk4Hku6Pph5HvvIvpgIHmlpnnrYnvvIjvvIvmpb3lpKnjg5Djg7Pjgq/msbrmuIjmiYvmlbDmlpnvvIjjgYrlrqLmp5josqDmi4XmmYLjga7jgb/vvInvvInjga7nt4/poY3jgYzjgIHjgYrlrqLmp5jjga7mrovpq5jjga7nr4Tlm7LlhoXjgafjgYLjgovjgZPjgajjgpLjgZTnorroqo3kuIvjgZXjgYTjgII8L3A+CjxpbWcgc3R5bGU9Im1hcmdpbjoxMHB4IGF1dG8gMTBweCA4cHgiIHNyYz0iaHR0cHM6Ly9pbWFnZS5yYWt1dGVuLmNvLmpwL2F1Yy1iYXJ6YXovY2FiaW5ldC9pbWcvYmFyXzMyMC5naWYiPgo8ZGwgY2xhc3M9Imljb24iPjxkdD48aW1nIHNyYz0iaHR0cHM6Ly9pbWFnZS5yYWt1dGVuLmNvLmpwL2F1Yy1iYXJ6YXovY2FiaW5ldC9pbWcvaWNvbl9kYWliaWtpLmdpZiIgYWx0PSLku6Pph5HlvJXmj5siPjwvZHQ+CjxkZD7ilqDku6Pph5HlvJXmj5s8YnI+77yI44KG44GG44OR44OD44Kv77yJPC9kZD48L2RsPjxwIGNsYXNzPSJjbGVhciI+PGJyPuWVhuWTgeWIsOedgOaZguOBq+mFjemBlOWToeOBuOOBiuaUr+aJleOBhOS4i+OBleOBhOOAgjxicj7vvIjjg6Hjg7zjg6vkvr/jgafjga/jgZTkvb/nlKjjgavjgarjgozjgb7jgZvjgpPjgILvvIk8L3A+CjxpbWcgc3R5bGU9Im1hcmdpbjoxMHB4IGF1dG8gMTBweCA4cHgiIHNyYz0iaHR0cHM6Ly9pbWFnZS5yYWt1dGVuLmNvLmpwL2F1Yy1iYXJ6YXovY2FiaW5ldC9pbWcvYmFyXzMyMC5naWYiPgo8ZGwgY2xhc3M9Imljb24iPjxkdD48aW1nIHNyYz0iaHR0cHM6Ly9pbWFnZS5yYWt1dGVuLmNvLmpwL2F1Yy1iYXJ6YXovY2FiaW5ldC9pbWcvaWNvbl9jYXJkLmdpZiIgYWx0PSLjgqvjg7zjg4nmiZXjgYQiPjwvZHQ+CjxkZD7ilqDjgq/jg6zjgrjjg4Pjg4jjgqvjg7zjg4k8YnI+5LiL6KiY44Gu44Kv44Os44K444OD44OI44Kr44O844OJ44GM44GU5Yip55So6aCC44GR44G+44GZ44CCPC9kZD48L2RsPjxpbWcgc3R5bGU9Im1hcmdpbjoxMHB4IGF1dG8gMTBweCA4cHgiIHNyYz0iaHR0cHM6Ly9pbWFnZS5yYWt1dGVuLmNvLmpwL2F1Yy1iYXJ6YXovY2FiaW5ldC9pbWcvY2FyZDIuZ2lmIj4KPGltZyBzdHlsZT0ibWFyZ2luOjEwcHggYXV0byAxMHB4IDhweCIgc3JjPSJodHRwczovL2ltYWdlLnJha3V0ZW4uY28uanAvYXVjLWJhcnphei9jYWJpbmV0L2ltZy9iYXJfMzIwLmdpZiI+CjxkbCBjbGFzcz0iaWNvbiI+PGR0PjxpbWcgc3JjPSJodHRwczovL2ltYWdlLnJha3V0ZW4uY28uanAvYXVjLWJhcnphei9jYWJpbmV0L2ltZy9pY29uX2F0by5naWYiIGFsdD0i44Kz44Oz44OT44OL5b6M5omV44GEIj48L2R0Pgo8ZGQ+4pag44Kz44Oz44OT44OL5omV44GE77yI5b6M5omV44GE77yJPGJyPuKJquODi+ODg+OCu+ODs++8oOaJleOBhOKJq++8iOOBlOiri+axguaZguOBq+aJi+aVsOaWmTIxNuWGhuOBjOWKoOeul+OBleOCjOOBvuOBmeOAgu+8iTwvZGQ+CjwvZGw+PHAgY2xhc3M9ImNsZWFyIj48YnI+5ZWG5ZOB44Go44Gv5Yil44Gr44CB5qCq5byP5Lya56S+44OL44OD44K744Oz44GL44KJ6LO85YWl6ICF5qeY44Gu44GU5L2P5omA44G46KuL5rGC5pu444GM6YO16YCB44GV44KM44G+44GZ44CC55m66KGM5pel44KI44KKMTTml6Xku6XlhoXjgavjgrPjg7Pjg5Pjg4vjgafjgYrmlK/miZXjgYTjgY/jgaDjgZXjgYTjgII8YnI+5Luj6YeR6K2y5rih562J5qCq5byP5Lya56S+44OL44OD44K744Oz44GM5o+Q5L6b44GZ44KL44K144O844OT44K544Gu56+E5Zuy5YaF44Gn5YCL5Lq65oOF5aCx44KS5o+Q5L6b44GX44G+44GZ44CCPGJyPuS4juS/oeWvqeafu+OBrue1kOaenOOBq+OCiOOCiuS7luOBruaxuua4iOaWueazleOCkuOBlOWIqeeUqOOBl+OBpuOBhOOBn+OBoOOBj+WgtOWQiOOCguOBlOOBluOBhOOBvuOBmeOBruOBp+WQjOaEj+OBruS4iueUs+i+vOS4i+OBleOBhOOAgjxicj7jgZTliKnnlKjpmZDluqbpoY3jga/ntK/oqIjmrovpq5g1NDAwMOWGhu+8iOeojui+vO+8ieOBp+OBmeOAgjwvcD4KPHA+PGJyPuS7peS4i+OBruWgtOWQiOOAgeOCteODvOODk+OCueOCkuOBlOWIqeeUqOOBhOOBn+OBoOOBkeOBvuOBm+OCk+OAguS6iOOCgeOBlOS6huaJv+OBj+OBoOOBleOBhOOAgjxicj7jg7vpg7Xkvr/lsYDnlZnjgoHjg7vpgYvpgIHkvJrnpL7llrbmpa3miYDnlZnjgoHvvIjllrbmpa3miYDjgafjga7lvJXjgY3lj5bjgorvvIk8YnI+44O75ZWG5ZOB44Gu6Lui6YCBPGJyPuODu+eXhemZouOAgeODm+ODhuODq+OAgeWtpuagoeOBruOBlOS9j+aJgOOBp+OBlOWQjee+qeOBjOiBt+WToeS7peWkluOBruWgtOWQiDxicj7jg7vjgrPjg7Pjg5Pjg4vlupfpoK3jgafjga7lj5fjgZHmuKHjgZc8L3A+CjxpbWcgc3R5bGU9Im1hcmdpbjoxMHB4IGF1dG8gMTBweCA4cHgiIHNyYz0iaHR0cHM6Ly9pbWFnZS5yYWt1dGVuLmNvLmpwL2F1Yy1iYXJ6YXovY2FiaW5ldC9pbWcvYXRvMi5naWYiPjwvZGl2Pgo8aW1nIHNyYz0iaHR0cHM6Ly9pbWFnZS5yYWt1dGVuLmNvLmpwL2F1Yy1iYXJ6YXovY2FiaW5ldC9pbWcvbV8wMi5qcGciIGFsdD0i6L+U5ZOB44O75Lqk5o+bIiBoZWlnaHQ9IjI0IiB3aWR0aD0iMzUwIj4KPGRpdiBjbGFzcz0idGV4dF9ib3giPgo8cCBjbGFzcz0iY2xlYXIiPuOAkOWVhuWTgeOBruegtOaQjeOChOmWk+mBleOBhOetieOBq+OCiOOCi+i/lOWTgeODu+S6pOaPm+OAkTxicj7llYblk4Hjga7mpJzlk4HjgIHlk4Hos6rnrqHnkIbjgavjga/kuIflhajjgpLmnJ/jgZfjgabnmbrpgIHjgpLjgZfjgabjgYrjgorjgb7jgZnjgYzjgIHkuIfkuIDnoLTmkI3jgoTjgZTms6jmlofjgajnlbDjgarjgaPjgZ/llYblk4HjgYzlsYrjgYTjgZ/loLTlkIjjga/jgIHllYblk4HliLDnnYDjgojjgoo45pel5Lul5YaF44Gr44Oh44O844Or44GL44GK6Zu76Kmx44Gr44Gm44GU6YCj57Wh44Gu5LiK44CB44GK5omL5pWw44Gn44GZ44GM552A5omV44GE44Gr44Gm44GU6L+U6YCB5LiL44GV44GE44CCPC9wPgo8cD48YnI+44CQ44GK5a6i5qeY44Gu44GU6YO95ZCI44Gr44KI44KL6L+U5ZOB44O75Lqk5o+b44CRPGJyPuOBiuWuouanmOOBruOBlOmDveWQiOOBq+OCiOOCi+i/lOWTgeODu+S6pOaPm+OBr+OAgeWVhuWTgeWIsOedgOOCiOOCijjml6Xku6XlhoXjgavjgZTpgKPntaHpoILjgZHjgb7jgZnjgojjgYbjgYrpoZjjgYToh7TjgZfjgb7jgZnjgII8YnI+44GK5a6i5qeY6YO95ZCI44Gr44KI44KL6L+U5ZOB44CB5Lqk5o+b44Gu5aC05ZCI44Gv44CB6YCB5paZ77yI5b6A5b6p5YiG77yJ44Gu5a6f6LK744CB5omL5pWw5paZ44Gv44GK5a6i5qeY44Gu44GU6LKg5ouF44Go44GV44Gb44Gm6aCC44GN44G+44GZ44CCPGJyPuazqOaEj++8muOBhOOBi+OBquOCi+WgtOWQiOOBq+OCguacquS9v+eUqOOBruWgtOWQiOOBq+mZkOOCieOBm+OBpumgguOBjeOBvuOBmeOBruOBp+OBlOS6huaJv+S4i+OBleOBhOOAgjwvcD4KPHA+PGJyPuKAu+WVhuWTgeaSruW9seOBr+WwkeOBl+OBp+OCguePvueJqeOBq+i/keOBpeOBkeOCi+OCiOOBhuW/g+aOm+OBkeOBpuOBiuOCiuOBvuOBmeOBjOOAgeOBlOS9v+eUqOOBruODouODi+OCv+ODvOOChOeSsOWig+OBq+OCiOOCiuW3rueVsOOBjOeUn+OBmOOCi+WgtOWQiOOBjOOBlOOBluOBhOOBvuOBmeOBruOBp+S6iOOCgeOBlOS6huaJv+OBj+OBoOOBleOBhOOAgjwvcD4KPC9kaXY+PC9kaXY+PGRpdiBjbGFzcz0icmlnaHRfYm94Ij48aW1nIHNyYz0iaHR0cHM6Ly9pbWFnZS5yYWt1dGVuLmNvLmpwL2F1Yy1iYXJ6YXovY2FiaW5ldC9pbWcvbV8wNC5qcGciIGFsdD0i6YWN6YCB44O76YCB5paZIiBoZWlnaHQ9IjI0IiB3aWR0aD0iMzUwIj4KPGRpdiBjbGFzcz0idGV4dF9ib3giIHN0eWxlPSJwYWRkaW5nLWJvdHRvbToxNXB4Ij4KPHNwYW4+44GK6LK344GE5LiK44GSXDUsNDAw77yI56iO6L6877yJ5Lul5LiK44Gv6YCB5paZ54Sh5paZ77yI5rKW57iEL+mbouWztuOCkumZpOOBj++8iTwvc3Bhbj4KPHVsPjxsaT48aW1nIHNyYz0iaHR0cHM6Ly9pbWFnZS5yYWt1dGVuLmNvLmpwL2F1Yy1iYXJ6YXovY2FiaW5ldC9pbWcvdGFrdWhhaS5qcGciPjwvbGk+PC91bD48aW1nIHN0eWxlPSJtYXJnaW46MTVweCBhdXRvIDE1cHggOHB4IiBzcmM9Imh0dHBzOi8vaW1hZ2UucmFrdXRlbi5jby5qcC9hdWMtYmFyemF6L2NhYmluZXQvaW1nL2Jhcl8zMjAuZ2lmIj4KPGRsIGNsYXNzPSJpY29uIj4KPGR0PjxpbWcgc3JjPSJodHRwczovL2ltYWdlLnJha3V0ZW4uY28uanAvYXVjLWJhcnphei9jYWJpbmV0L2ltZy9pY29uX3Rha3VoYWkuZ2lmIiBhbHQ9IuWuhemFjeS+vyI+PC9kdD4KPGRkPuKWoOWuhemFjeS+v++8iOOChuOBhuODkeODg+OCr++8iTxicj7vvIjml6XmnKzpg7Xkvr/vvIk8L2RkPgo8L2RsPgo8cCBjbGFzcz0iY2xlYXIiPjxicj7phY3pgIHmlpnvvJrlhajlm73kuIDlvos1NDDlhobvvIjmspbnuIQv6Zui5bO2L+S4gOmDqOWcsOWfn+OBrzEsMjk25YaG77yJPC9wPjxicj4KPGltZyBzdHlsZT0ibWFyZ2luLWxlZnQ6OHB4IiBzcmM9Imh0dHBzOi8vaW1hZ2UucmFrdXRlbi5jby5qcC9hdWMtYmFyemF6L2NhYmluZXQvaW1nL3l1dXBhY2suanBnIiBhbHQ9IuOChuOBhuODkeODg+OCryIgd2lkdGg9IjEwMCI+CjxwPjxicj7jgJDphY3pgIHluIzmnJvmmYLplpPluK/jgpLkuIvoqJjjgojjgorjgZTmjIflrprlh7rmnaXjgb7jgZnjgJE8YnI+PGJyPuKWoOWNiOWJjeS4reOAgOKWoDEy5pmC772eMTTmmYLjgIDilqAxNOaZgu+9njE25pmCPGJyPuKWoDE25pmC772eMTjmmYIg4pagMTjmmYLvvZ4yMOaZgiDilqAyMOaZgu+9njIx5pmCPC9wPjxicj4KPGltZyBzdHlsZT0ibWFyZ2luLWJvdHRvbToxMHB4OyIgc3JjPSJodHRwczovL2ltYWdlLnJha3V0ZW4uY28uanAvYXVjLWJhcnphei9jYWJpbmV0L2ltZy9qaWthbi5naWYiPgo8YnI+PGJyPjxicj48aW1nIHN0eWxlPSJtYXJnaW46MTVweCBhdXRvIDE1cHggOHB4IiBzcmM9Imh0dHBzOi8vaW1hZ2UucmFrdXRlbi5jby5qcC9hdWMtYmFyemF6L2NhYmluZXQvaW1nL2Jhcl8zMjAuZ2lmIj4KPGRsIGNsYXNzPSJpY29uIj48ZHQ+PGltZyBzcmM9Imh0dHBzOi8vaW1hZ2UucmFrdXRlbi5jby5qcC9hdWMtYmFyemF6L2NhYmluZXQvaW1nL2ljb25fbWFpbC5naWYiIGFsdD0i44KG44GG44OR44KxIj48L2R0Pgo8ZGQ+4pag44Oh44O844Or5L6/77yI44KG44GG44OR44Kx44OD44OI77yJPGJyPu+8iOaXpeacrOmDteS+v++8iTwvZGQ+CjwvZGw+PHAgY2xhc3M9ImNsZWFyIj48YnI+6YWN6YCB5paZ77ya5YWo5Zu95LiA5b6LMOWGhu+8iOODoeODvOODq+S+v+WvvuW/nOWVhuWTgeOBq+mZkOOCiuOBvuOBme+8iTwvcD4KPHA+PGJyPuOAkOmFjemAgeaXpeaZguaMh+WumuS4jeWPr+OAkTxicj7jg53jgrnjg4jmipXlh73jgajjgarjgorjgIHphY3pgIHml6XmmYLjga/jgZTmjIflrprjgYTjgZ/jgaDjgZHjgb7jgZvjgpPjgII8QlI+PEJSPjxCUj48L3A+CjwvZGl2PjxpbWcgc3JjPSJodHRwczovL2ltYWdlLnJha3V0ZW4uY28uanAvYXVjLWJhcnphei9jYWJpbmV0L2ltZy9tXzA1LmpwZyIgYWx0PSLmkLrluK/pm7voqbHjg4njg6HjgqTjg7PmjIflrprjgavjgaTjgYTjgaYiIGhlaWdodD0iMjQiIHdpZHRoPSIzNTAiPgo8ZGl2IGNsYXNzPSJ0ZXh0X2JveCI+CjxwPuOBiuWuouOBleOBvuOBi+OCieOBruOBiuWVj+OBhOWQiOOCj+OBm+etieOAgeW9k+W6l+OBi+OCieODoeODvOODq+OBq+OBpui/lOS/oeOBleOBm+OBpumgguOBj+WgtOWQiOOAgeOCqOODqeODvOOBp+aIu+OBo+OBpuOBjeOBpuOBl+OBvuOBhu+8iOmAgeS/oeOBp+OBjeOBquOBhO+8ieWgtOWQiOOBjOOBlOOBluOBhOOBvuOBmeOAgjxicj7mkLrluK/jg6Hjg7zjg6vjgqLjg4njg6zjgrnjga7jg4njg6HjgqTjg7PmjIflrprnrYnjga7lj5fkv6HoqK3lrprjgoTjgIHjg6Hjg7zjg6vjgqLjg4njg6zjgrnjga7lhaXlipvplpPpgZXjgYTjgarjganjgoLogIPjgYjjgonjgozjgb7jgZnjgIIgPC9wPjxwPjxicj7jgZTms6jmlofvvIjjgYrllY/jgYTlkIjjgo/jgZvvvInlvozjgIHlvZPlupfjgojjgorjg6Hjg7zjg6vjgYzlsYrjgYvjgarjgYTloLTlkIjjga/jgIHjgYrmiYvmlbDjgafjgZnjgYxiYXJ6YXpAdmlzYWdlLWpwLmNvbeOBvuOBp+OAgTxicj7jgZTliKnnlKjlj6/og73jgarjg6Hjg7zjg6vjgqLjg4njg6zjgrnjgojjgorjgZTpgKPntaHkuIvjgZXjgYTjgb7jgZvjgII8QlI+PEJSPjxCUj48L3A+PC9kaXY+CjxpbWcgc3JjPSJodHRwczovL2ltYWdlLnJha3V0ZW4uY28uanAvYXVjLWJhcnphei9jYWJpbmV0L2ltZy9tXzA2LmpwZyIgYWx0PSLllrbmpa3mmYLplpPjg7vjgYrllY/jgYTlkIjjgo/jgZvjgavjgaTjgYTjgaYiIGhlaWdodD0iMjQiIHdpZHRoPSIzNTAiPgo8ZGl2IGNsYXNzPSJ0ZXh0X2JveCI+PHA+44GU5rOo5paH44GvMjTmmYLplpPlj5fjgZHku5jjgZHjgabjgYrjgorjgb7jgZnjgIIgPGJyPuOBiumbu+ipseOBp+OBruOBiuWVj+WQiOOBm+OBr+S4i+iomOOBruaZgumWk+W4r+OBq+OBiumhmOOBhOOBl+OBvuOBmeOAgjwvcD4KPHA+PGJyPuOAkOWWtualreaZgumWk+OAkTxicj7lubPml6XvvJrmnIjvvZ7ph5HjgIAxMO+8mjAw772eMTfvvJowMDxicj7lrprkvJHml6XvvJrlnJ/ml6XnpZ3npa3ml6U8L3A+CjxwPjxicj7jgJDpgYvllrbkvJrnpL7jgJE8YnI+44O044Kj44K144O844K444Ol44K444Oj44OR44Oz5qCq5byP5Lya56S+PGJyPuOAkjYwMy04MzMz44CA5Lqs6YO95biC5YyX5Yy65aSn5bCG6LuN5p2x6be55Y+455S6MjEx5aSn5bCG6LuN44OT44OrMkY8L3A+CjxwPjxicj7jgJDjgYrllY/jgYTlkIjjgo/jgZvjgJE8YnI+44GK5a6i5qeY44K144Od44O844OI44K744Oz44K/44O844CAMDEyMC03NTUtODg4PGJyPm1haWzvvJpiYXJ6YXpAdmlzYWdlLWpwLmNvbTxCUj48QlI+PEJSPjwvcD4KPC9kaXY+CjxpbWcgc3JjPSJodHRwczovL2ltYWdlLnJha3V0ZW4uY28uanAvYXVjLWJhcnphei9jYWJpbmV0L2ltZy9tXzAzLmpwZyIgYWx0PSLjg5fjg6njgqTjg5Djgrfjg7zkv53orbfjgavjgaTjgYTjgaYiIGhlaWdodD0iMjQiIHdpZHRoPSIzNTAiPgo8ZGl2IGNsYXNzPSJ0ZXh0X2JveCI+CjxwIGNsYXNzPSJjbGVhciI+5b2T5bqX44Gn44Gv44GK5a6i44GV44G+44Gu5YCL5Lq65oOF5aCx44Gv6LKs5Lu744KS44KC44Gj44Gm5a6J5YWo44Gr6JOE56mN44O75L+d566h44GX44CB6KOB5Yik5omA44O76K2m5a+f5qmf6Zai562J44O75YWs5YWx5qmf6Zai44GL44KJ44Gu5o+Q5Ye66KaB6KuL44GM44GC44Gj44Gf5aC05ZCI5Lul5aSW44CB56ys5LiJ6ICF44Gr6K2y5rih44O75o+Q5L6b44GZ44KL5LqL44Gv5LiA5YiH44GU44GW44GE44G+44Gb44KT44CCPC9wPgo8cD48YnI+44GK5a6i5qeY44Gu6YCB5Y+X5L+h5oOF5aCx44Gv77yz77yz77ys44K344K544OG44Og44Gr44KI44KK5L+d6K2344GV44KM44Gm44GK44KK44G+44GZ44Gu44Gn44CB5a6J5b+D44GX44Gm44GK6LK344GE54mp5LiL44GV44GE44CCPEJSPjxCUj48QlI+PC9wPgo8L2Rpdj4KPC9kaXY+CjwvZGl2Pgo8L2Rpdj4=,44Ki44Kv44K744K144Oq44O844Gu5Y+O57SN44Kx44O844K5IOS7leWIh+OCijIw5YCL44K/44Kk44OXIOODl+ODreS7leanmCDjgrjjg6Xjgqjjg6rjg7zjg4jjg6zjg7wg6auY57Sa5a6d55+z566xIOOCuOODpeOCqOODquODvOOCseODvOOCuSDlj47ntI3jg5zjg4Pjgq/jgrkg44K444Ol44Ko44Oq44O844Oc44OD44Kv44K5IOOCuOODpeOCqOODquODvEJPWCDlrp3nrrEg5a6d55+z566xIGpld2Vscnlib3gg5oyH6Lyq5YWl44KMIOODquODs+OCsOOCseODvOOCuSDjgqLjgq/jgrvjgrXjg6rjg7wgYWNjZXNzb3J5IGNhc2Ug44Oh44O844Or5L6/5LiN5Y+vIOalreWLmeeUqCDjgrnjgqjjg7zjg4nvvJrjgqLjgq/jgrvjgrXjg6rjg7zjgrfjg6fjg4Pjg5fjg5Djg6vjgrbjgrk=,6KqV55Sf5pel44OX44Os44K844Oz44OI44ON44OD44Kv44Os44K544OU44Ki44K544Kz44OD44OI44Oz44OR44O844Or44Kk44Ok44Oq44Oz44Kw44OW44Os44K544Os44OD44OI44OA44Kk44Ok44Oi44Oz44OJ44OX44Op44OB44OK44ON44OD44Kv44Os44K557WQ5ama6KiY5b+15pelMTjph5Hjgq7jg5Xjg4jnnJ/nj6Djg4/jg7zjg4jjgq/jg63jgrnjgrnjg4bjg7Pjg6zjgrnjg5rjgqLjgqLjgq/jgrvjgrXjg6rjg7zjg6rjg7PjgrDmjIfovKrjgrjjg6Xjgqjjg6rjg7zjg5zjg4Pjgq/jgrnjgrjjg6Xjgqjjg6rjg7xCT1jjgqLjgq/jgrvjgrXjg6rjg7zjga7lj47ntI3jgrHjg7zjgrkg5LuV5YiH44KKMjDlgIvjgr/jgqTjg5cg44OX44Ot5LuV5qeYIOOCuOODpeOCqOODquODvOODiOODrOODvCDpq5jntJrlrp3nn7PnrrEg44K444Ol44Ko44Oq44O844Kx44O844K5IOWPjue0jeODnOODg+OCr+OCuSDjgrjjg6Xjgqjjg6rjg7zjg5zjg4Pjgq/jgrkg44K444Ol44Ko44Oq44O8Qk9YIOWuneeusSDlrp3nn7PnrrEgamV3ZWxyeWJveCDmjIfovKrlhaXjgowg44Oq44Oz44Kw44Kx44O844K5IOOCouOCr+OCu+OCteODquODvCBhY2Nlc3NvcnkgY2FzZSDjg6Hjg7zjg6vkvr/kuI3lj68g5qWt5YuZ55SoIOOCueOCqOODvOODiQ==,44Ki44Kv44K744K144Oq44O844Gu5Y+O57SN44Kx44O844K5IOS7leWIh+OCijIw5YCL44K/44Kk44OXIOODl+ODreS7leanmOOAguOCouOCr+OCu+OCteODquODvOOBruWPjue0jeOCseODvOOCuSDku5XliIfjgooyMOWAi+OCv+OCpOODlyDjg5fjg63ku5Xmp5gg44K444Ol44Ko44Oq44O844OI44Os44O8IOmrmOe0muWuneefs+eusSDjgrjjg6Xjgqjjg6rjg7zjgrHjg7zjgrkg5Y+O57SN44Oc44OD44Kv44K5IOOCuOODpeOCqOODquODvOODnOODg+OCr+OCuSDjgrjjg6Xjgqjjg6rjg7xCT1gg5a6d566xIOWuneefs+eusSBqZXdlbHJ5Ym94IOaMh+i8quWFpeOCjCDjg6rjg7PjgrDjgrHjg7zjgrkg44Ki44Kv44K744K144Oq44O8IGFjY2Vzc29yeSBjYXNlIOODoeODvOODq+S+v+S4jeWPryDmpa3li5nnlKgg44K544Ko44O844OJ[rn]
39-1089,aHR0cDovL3RzaG9wLnIxMHMuanAvYXJ0cy13aWcvY2FiaW5ldC9pdGVtMDMvMTAzMTdfcF8wMS5qcGc/Zml0aW49NzAwOjcwMA==,MTE5OC40MDAw,,44K444Ol44Ko44Oq44O844O744Ki44Kv44K744K144Oq44O8ID4g44K444Ol44Ko44Oq44O844O744Ki44Kv44K744K144Oq44O855So5ZOBID4g44Gd44Gu5LuW,44Ki44Kv44K744K144Oq44O8IOOCueOCv+ODs+ODiSDjgrjjg6Xjgqjjg6rjg7wg44OH44Kj44K544OX44Os44KkIOOCouODs+ODhuOCo+ODvOOCr+iqvyDjg4Tjg6rjg7zlnosg6ZuR6LKoIOOCouOCr+OCu+OCteODquODvOOCseODvOOCuSDjgrjjg6Xjgqjjg6rjg7zjgrHjg7zjgrkg44GK44GX44KD44KMIOWPjue0jSDpgIHmlpnnhKHmlpk=,44ON44OD44Kv44Os44K5IOaZguioiCDmjIfovKog6Y2144Gq44GpIOOCouOCr+OCu+OCteODquODvOOCkumjvuOBo+OBpuWPjue0jQ==,PCEtLSDmpb3lpKnjga7jgb8gLS0+PHN0eWxlPi50YXhfcG9zdGFnZSB7IGZvbnQtc2l6ZTogMTAwJSAhaW1wb3J0YW50O30jcmFrdXRlbkxpbWl0ZWRJZF9hcm91bmRDYXJ0ICogeyBmb250LXNpemU6IDE0cHggIWltcG9ydGFudDsgbGluZS1oZWlnaHQ6IDEuNjsgfSNyYWt1dGVuTGltaXRlZElkX2Fyb3VuZENhcnQgLmludmVudG9yeSB7IHBhZGRpbmc6IDEwcHggIWltcG9ydGFudDsgfSNyYWt1dGVuTGltaXRlZElkX2Fyb3VuZENhcnQgdGFibGUgdGFibGUgdGFibGUgdGQgeyBib3JkZXI6IDFweCBzb2xpZCAjZDRkNGQ0O3BhZGRpbmc6IDEwcHg7IH08L3N0eWxlPjwhLS0gLy/mpb3lpKnjga7jgb8gLS0+PGltZyBzcmM9Imh0dHA6Ly9pbWFnZS5yYWt1dGVuLmNvLmpwL2FydHMtd2lnL2NhYmluZXQvcmFuay9yYW5rX2FsbF8wMS5qcGciIGFsdD0i44Op44Oz44Kt44Oz44Kw5Y+X6LOeIj48YnI+PGJyPjx0YWJsZSB3aWR0aD0iNzAwIiBib3JkZXI9IjAiIGNlbGxzcGFjaW5nPSIwIiBjZWxscGFkZGluZz0iMCI+PHRyPjx0ZD48aW1nIHNyYz0iaHR0cDovL2ltYWdlLnJha3V0ZW4uY28uanAvYXJ0cy13aWcvY2FiaW5ldC9pdGVtMDMvMTAzMTdfcF8wMS5qcGciIGFsdD0i44Ki44Oz44OG44Kj44O844Kv6Kq/44Ki44Kv44K744K144Oq44O844K544K/44Oz44OJIOWwj+mzpeOBruOBleOBiOOBmuOCiiI+PGJyPjxpbWcgc3JjPSJodHRwOi8vaW1hZ2UucmFrdXRlbi5jby5qcC9hcnRzLXdpZy9jYWJpbmV0L2l0ZW0wMy8xMDMxN19wXzAyLmpwZyIgYWx0PSLjgqLjg7Pjg4bjgqPjg7zjgq/oqr/jgqLjgq/jgrvjgrXjg6rjg7zjgrnjgr/jg7Pjg4kg5bCP6bOl44Gu44GV44GI44Ga44KKIj48YnI+PGltZyBzcmM9Imh0dHA6Ly9pbWFnZS5yYWt1dGVuLmNvLmpwL2FydHMtd2lnL2NhYmluZXQvaXRlbTAzLzEwMzE3X3BfMDMuanBnIiBhbHQ9IuOCouODs+ODhuOCo+ODvOOCr+iqv+OCouOCr+OCu+OCteODquODvOOCueOCv+ODs+ODiSDlsI/ps6Xjga7jgZXjgYjjgZrjgooiPjxicj48aW1nIHNyYz0iaHR0cDovL2ltYWdlLnJha3V0ZW4uY28uanAvYXJ0cy13aWcvY2FiaW5ldC9pdGVtMDMvMTAzMTdfcF8wNC5qcGciIGFsdD0i44Ki44Oz44OG44Kj44O844Kv6Kq/44Ki44Kv44K744K144Oq44O844K544K/44Oz44OJIOWwj+mzpeOBruOBleOBiOOBmuOCiiI+PGJyPjwvdGQ+PC90cj48L3RhYmxlPjwhLS0g5qW95aSp44Gu44G/IC0tPgo8YnI+PGJyPjxpbWcgc3JjPSJodHRwOi8vaW1hZ2UucmFrdXRlbi5jby5qcC9hcnRzLXdpZy9jYWJpbmV0L29wZW5fMDEuanBnIj48YnI+PGJyPgo8aW1nIHNyYz0iaHR0cDovL2ltYWdlLnJha3V0ZW4uY28uanAvYXJ0cy13aWcvY2FiaW5ldC9wYWdlL21haWxiaW5faW1nXzA0LmpwZyIgYWx0PSLjg6Hjg7zjg6vkvr8iPjxicj48YnI+CjxpbWcgc3JjPSJodHRwOi8vaW1hZ2UucmFrdXRlbi5jby5qcC9hcnRzLXdpZy9jYWJpbmV0L3BhZ2UveW91cGFja19vcHRpb24uanBnIiBhbHQ9IuODoeODvOODq+S+v+azqOaEj+abuOOBjSI+Cjxicj48YnI+CjxjZW50ZXI+CjxhIGhyZWY9Imh0dHA6Ly93d3cucmFrdXRlbi5jby5qcC9hcnRzLXdpZy9pbmZvMi5odG1sIiB0YXJnZXQ9Il9ibGFuayI+PGltZyBzcmM9Imh0dHA6Ly9pbWFnZS5yYWt1dGVuLmNvLmpwL2FydHMtd2lnL2NhYmluZXQvcGFnZS9ucF8wMi5naWYiPjwvYT4KPC9jZW50ZXI+Cjxicj4KPGltZyBzcmM9Imh0dHA6Ly9pbWFnZS5yYWt1dGVuLmNvLmpwL2FydHMtd2lnL2NhYmluZXQvcGFnZS9yZWNlaXB0LmpwZyIgYWx0PSLpoJjlj47mm7jjgavjgaTjgYTjgaYiPjxicj48YnI+CjwhLS0g5qW95aSp44Gu44G/IC0tPjwhLS0g5ZWG5ZOB6Kmz57SwIC0tPgo8c3R5bGU+Ci53XzQwIHsgd2lkdGg6IDQwMHB4OyBtYXJnaW46IDBweCBhdXRvIDIwcHg7IGZvbnQtc2l6ZTogMTFweDsgfQoud180MCB0ZCBpbWcgeyBib3JkZXI6IDFweCBzb2xpZCAjZDRkNGQ0OyB9Ci53XzQwIHRkIHsgd2lkdGg6IDEyNXB4OyB2ZXJ0aWNhbC1hbGlnbjogdG9wOyBwYWRkaW5nOiA1cHggNXB4IDBweCA1cHg7IH0KLndfNDAgcCB7IHBhZGRpbmc6IDBweCAxMHB4IDVweCAwcHg7IG1hcmdpbjogMDsgfQo8L3N0eWxlPgoKPGltZyBzcmM9Imh0dHA6Ly9pbWFnZS5yYWt1dGVuLmNvLmpwL2FydHMtd2lnL2NhYmluZXQvaXRlbS9tYWlsYmluX2ltZ18wMS5qcGciIGFsdD0i44Oh44O844Or5L6/Ij4KPGJyPjxicj4KPGltZyBzcmM9Imh0dHA6Ly9pbWFnZS5yYWt1dGVuLmNvLmpwL2FydHMtd2lnL2NhYmluZXQvcGFnZS85MDAwMy5qcGciIGFsdD0i6YO144OR44OD44Kv44Kq44OX44K344On44OzIj4KPGJyPjxicj4KCgo8aW1nIHNyYz0iaHR0cDovL2ltYWdlLnJha3V0ZW4uY28uanAvYXJ0cy13aWcvY2FiaW5ldC9pdGVtL2xpbmtfdHRsLmpwZyIgYWx0PSLplqLpgKPllYblk4EiPjxicj4KPHRhYmxlIGNsYXNzPSJ3XzQwIj4KPHRyPgo8dGQ+PGltZyBzcmM9Imh0dHA6Ly9pbWFnZS5yYWt1dGVuLmNvLmpwL2FydHMtd2lnL2NhYmluZXQvaXRlbTA3LzEwMzAyX3BfMDEuanBnIiB3aWR0aD0iMTI1IiBhbHQ9IuODiOODq+OCveODvOWei+OCouOCr+OCu+OCteODquODvOOCueOCv+ODs+ODiSI+PHA+44OI44Or44K944O85Z6L44Ki44Kv44K744K144Oq44O844K544K/44Oz44OJPC9wPjwvdGQ+Cjx0ZD48aW1nIHNyYz0iaHR0cDovL2ltYWdlLnJha3V0ZW4uY28uanAvYXJ0cy13aWcvY2FiaW5ldC9pdGVtMDMvMTAzMTdfcF8wMS5qcGciIHdpZHRoPSIxMjUiIGFsdD0i44Ki44Oz44OG44Kj44O844Kv6Kq/44Ki44Kv44K744K144Oq44O844K544K/44Oz44OJIj48cD7jgqLjg7Pjg4bjgqPjg7zjgq/oqr/jgqLjgq/jgrvjgrXjg6rjg7zjgrnjgr/jg7Pjg4k8L3A+PC90ZD4KPHRkPjxpbWcgc3JjPSJodHRwOi8vaW1hZ2UucmFrdXRlbi5jby5qcC9hcnRzLXdpZy9jYWJpbmV0L2l0ZW0wNy8xMDIzOF9wXzAxLmpwZyIgd2lkdGg9IjEyNSIgYWx0PSLjgqLjgq/jgrvjgrXjg6rjg7zlsZXnpLrjgrnjgr/jg7Pjg4kiPjxwPuOCouOCr+OCu+OCteODquODvOWxleekuuOCueOCv+ODs+ODiTwvcD48L3RkPgo8L3RyPgo8L3RhYmxlPgoKPHRhYmxlIHdpZHRoPSI0MDAiIGJvcmRlcj0iMCIgY2VsbHNwYWNpbmc9IjEiIGNlbGxwYWRkaW5nPSIxMCIgYmdjb2xvcj0iI2NjY2NjYyI+Cjx0cj48dGQgYmdjb2xvcj0iI0YzRjNGMyI+PGI+PGZvbnQgY29sb3I9IiM2NjY2NjYiIHNpemU9IjIiPuWVhuWTgeips+e0sDwvZm9udD48L2I+PC90ZD48L3RyPgo8dHI+PHRkIGJnY29sb3I9IiNGRkZGRkYiPjxmb250IGNvbG9yPSIjNjY2NjY2IiBzaXplPSIyIj4KCuKWvOWVhuWTgeWQjTxicj4K44Ki44Kv44K744K144Oq44O8IOOCueOCv+ODs+ODiSDjgrjjg6Xjgqjjg6rjg7wg44OH44Kj44K544OX44Os44KkIOOCouODs+ODhuOCo+ODvOOCr+iqvyDpm5Hosqgg44Ki44Kv44K744K144Oq44O844Kx44O844K5IOOCuOODpeOCqOODquODvOOCseODvOOCuSDlj47ntI08YnI+Cjxicj4K4pa844K144Kk44K6562J6Kmz57SwPGJyPgrpq5jjgZXvvJrntIQzMGNtPGJyPgrlj5fjgZHnmr/nm7TlvoTvvJrntIQxNWNtIDxicj4K44Kr44Op44O877ya44OW44Ot44Oz44K644O744K344Or44OQ44O8PGJyPgo8YnI+CuKWvOWVhuWTgeiqrOaYjjxicj4K5bCP6bOl44KS44Oi44OB44O844OV44Gr44GX44Gf44Ki44Oz44OG44Kj44O844Kv6aKo44Gu44GK5rSS6JC944Gq44Ki44Kv44K744K144Oq44O844K544K/44Oz44OJ44Gn44GZ44CCIOODjeODg+OCr+ODrOOCueOChOaZguioiOOAgeaMh+i8quOAgemNteOBquOBqeanmOOAheOBquOCouOCr+OCu+OCteODquODvOOBq+OBiuS9v+OBhOOBhOOBn+OBoOOBkeOBvuOBmeOAgueOhOmWouOChOOBiumDqOWxi+OBq+e9ruOBj+OCpOODs+ODhuODquOCouOBqOOBl+OBpuOCguOBtOOBo+OBn+OCiuOBp+OBmeOAguODhOODquODvOOBruW6leOBq+ODjeOCuOOBjOOBguOCi+OBruOBp+ODieODqeOCpOODkOODvOOBp+WkluOBl+OAgeWPl+OBkeeav+OBq+ODhOODquODvOOCkuOBr+OCgei+vOOBv+ODjeOCuOOBp+OBl+OCgeOCi+ewoeWNmOOBque1hOeri+W8j+OBp+OBmeOAggoKPC9mb250PjwvdGQ+PC90cj4KPC90YWJsZT4KCjxmb250IGNvbG9yPSIjNjY2NjY2IiBzaXplPSIyIj4KPGJyPgo8YnI+CuKAu+WVhuWTgeWGmeecn+OBr+OBp+OBjeOCi+mZkOOCiuWun+eJqeOBruiJsuOBq+i/keOBpeOBkeOCi+OCiOOBhuWKoOW3peOBl+OBpuOBiuOCiuOBvuOBmeOBjOOAgeOBiuWuouanmOOBjOS9v+eUqOOBmeOCi+ODkeOCveOCs+ODs+OBruODouODi+OCv+ODvOioreWumuOChOmDqOWxi+OBrueFp+aYjuOBq+OCiOOCiuWkmuWwkeOAgeiJsuOBruWkieWMluOBjOaEn+OBmOOCieOCjOOCi+WgtOWQiOOBjOOBlOOBluOBhOOBvuOBmeOAggo8YnI+PGJyPgo8L2ZvbnQ+Cgo8Zm9udCBjb2xvcj0iI2Q0ZDRkNCIgc2l6ZT0iMiI+CuOCuOODpeOCqOODquODvOODu+OCouOCr+OCu+OCteODquODvCDjgrjjg6Xjgqjjg6rjg7zjg7vjgqLjgq/jgrvjgrXjg6rjg7znlKjlk4Eg44Gd44Gu5LuWPGJyPgo8L2ZvbnQ+Cjxicj48YnI+PHN0eWxlPgouYmFubmVyX2JveCB7IG92ZXJmbG93OiBoaWRkZW47IHdpZHRoOiA3MDBweDsgfQoubGVmdCB7IGZsb2F0OiBsZWZ0OyB9Ci5yaWdodCB7IGZsb2F0OiByaWdodDsgfQoKPC9zdHlsZT4KCjwhLS0g44Op44Oz44OL44Oz44Kw44OQ44OD44KwIAoKPGltZyBzcmM9Imh0dHA6Ly9pbWFnZS5yYWt1dGVuLmNvLmpwL2FydHMtd2lnL2NhYmluZXQvc3AvMTAzNDZfc3BfYi5qcGciPgo8YnI+PGJyPgo8IS0tIC/jg6njg7Pjg4vjg7PjgrDjg5Djg4PjgrAgLS0+Cgo8IS0t44OQ44OK44O8CjxpbWcgc3JjPSJodHRwOi8vaW1hZ2UucmFrdXRlbi5jby5qcC9hcnRzLXdpZy9jYWJpbmV0L2NhbXAvY2FtcF8yMDE1MDgwMS5qcGciPgo8YnI+PGJyPgo8IS0t44OQ44OK44O8IOOBk+OBk+OBvuOBpy0tPgoKCjxpbWcgc3JjPSJodHRwOi8vaW1hZ2UucmFrdXRlbi5jby5qcC9hcnRzLXdpZy9jYWJpbmV0L2l0ZW0wMi9tYWduZV9jYXRlLmpwZyI+Cjxicj48YnI+Cgo8aW1nIHNyYz0iaHR0cDovL2ltYWdlLnJha3V0ZW4uY28uanAvYXJ0cy13aWcvY2FiaW5ldC9wYWdlL2Jhbm5lcl9waG90b3N0YW5kX2wuanBnIj4KPGJyPjxicj4KCjxpbWcgc3JjPSJodHRwOi8vaW1hZ2UucmFrdXRlbi5jby5qcC9hcnRzLXdpZy9jYWJpbmV0L3BhZ2Uvb3Blbl8wMS5qcGciPgo8YnI+Cgo8IS0tCjxkaXYgY2xhc3M9ImJhbm5lcl9ib3giPgo8ZGl2IGNsYXNzPSJsZWZ0Ij48aW1nIHNyYz0iaHR0cDovL2ltYWdlLnJha3V0ZW4uY28uanAvYXJ0cy13aWcvY2FiaW5ldC9hX3dpZy8zMDAwMV9zX2Jhbm5lcl8wNC5qcGciPjwvZGl2Pgo8ZGl2IGNsYXNzPSJyaWdodCI+PGltZyBzcmM9Imh0dHA6Ly9pbWFnZS5yYWt1dGVuLmNvLmpwL2FydHMtd2lnL2NhYmluZXQvYV93aWcvMzAwMDJfc19iYW5uZXJfMDQuanBnIj48L2Rpdj4KPC9kaXY+Ci0tPgoKPGltZyBzcmM9Imh0dHA6Ly9pbWFnZS5yYWt1dGVuLmNvLmpwL2FydHMtd2lnL2NhYmluZXQvcGFnZS9mcmVlX3NoaXBwaW5nLmpwZyI+Cjxicj4KPGltZyBzcmM9Imh0dHA6Ly9pbWFnZS5yYWt1dGVuLmNvLmpwL2FydHMtd2lnL2NhYmluZXQvcGFnZS9zYWxlXzAyLmpwZyIgYWx0PSLotaTlrZfopprmgp/jga7ku4rjgaDjgZHkvqHmoLzvvIEiPjxicj4=,44Ki44Kv44K744K144Oq44O8IOOCueOCv+ODs+ODiSDjgrjjg6Xjgqjjg6rjg7wg44OH44Kj44K544OX44Os44KkIOOCouODs+ODhuOCo+ODvOOCr+iqvyDjg4Tjg6rjg7zlnosg6ZuR6LKoIOOCouOCr+OCu+OCteODquODvOOCseODvOOCuSDjgrjjg6Xjgqjjg6rjg7zjgrHjg7zjgrkg44GK44GX44KD44KMIOWPjue0jSDpgIHmlpnnhKHmlpnvvJrjgqbjgqPjg4PjgrDlsILploAgQVJUUyBXSUcg5qW95aSp5biC5aC05bqX,44Ki44Kv44K744K144Oq44O8IOOCueOCv+ODs+ODiSDjgrjjg6Xjgqjjg6rjg7wg44OH44Kj44K544OX44Os44KkIOOCouODs+ODhuOCo+ODvOOCr+iqvyDjg4Tjg6rjg7zlnosg6ZuR6LKoIOOCouOCr+OCu+OCteODquODvOOCseODvOOCuSDjgrjjg6Xjgqjjg6rjg7zjgrHjg7zjgrkg44GK44GX44KD44KMIOWPjue0jSDpgIHmlpnnhKHmlpk=,44ON44OD44Kv44Os44K5IOaZguioiCDmjIfovKog6Y2144Gq44GpIOOCouOCr+OCu+OCteODquODvOOCkumjvuOBo+OBpuWPjue0jeOAguOCouOCr+OCu+OCteODquODvCDjgrnjgr/jg7Pjg4kg44K444Ol44Ko44Oq44O8IOODh+OCo+OCueODl+ODrOOCpCDjgqLjg7Pjg4bjgqPjg7zjgq/oqr8g44OE44Oq44O85Z6LIOmbkeiyqCDjgqLjgq/jgrvjgrXjg6rjg7zjgrHjg7zjgrkg44K444Ol44Ko44Oq44O844Kx44O844K5IOOBiuOBl+OCg+OCjCDlj47ntI0g6YCB5paZ54Sh5paZ[rn]
39-1090,aHR0cDovL3RzaG9wLnIxMHMuanAvY3JlYW0tZG90L2NhYmluZXQvYTEtYTUwL2EwMDAwMi5qcGc/Zml0aW49NzAwOjcwMA==,NDc4LjQwMDA=,,44K444Ol44Ko44Oq44O844O744Ki44Kv44K744K144Oq44O8ID4g44K444Ol44Ko44Oq44O844O744Ki44Kv44K744K144Oq44O855So5ZOBID4g44Gd44Gu5LuW,44CQ44KG44GG44OR44Kx44OD44OIT0vjgJHjgqjjgr/jg4vjg4bjgqPjg6rjg7PjgrAg44Oq44Oz44KwIOaMh+i8qiDjgrfjg6vjg5Djg7wg44K044O844Or44OJIOODoeODs+OCuiDjg6zjg4fjgqPjg7zjgrkg44Oa44KiIOOCqOOCv+ODi+ODhuOCoyDph43jga3ku5jjgZEg5Lq65rCXIOODqeODs+OCreODs+OCsCDjg5Tjg7Pjgq3jg7zjg6rjg7PjgrAg44OU44Oz44Kv44K044O844Or44OJIOODluODq+ODvCDjg5bjg6njg4Pjgq8g44K344Oz44OX44OrIOOCouOCr+OCu+OCteODquODvCAg44OX44Os44K844Oz44OIIOOCruODleODiCDlpbPmgKcg55S35oCn,44Oq44Oz44KwIOODoeODs+OCuiDjg6zjg4fjgqPjg7zjgrkgTWVuJ3MgUmluZyDjg5rjgqLjg6rjg7PjgrAg5oyH6Lyq,PHN0eWxlIHR5cGU9InRleHQvY3NzIj4KPCEtLQpwLnRpdGxlMDEgewptYXJnaW46IDAgMCAxMHB4IDA7CnBhZGRpbmctYm90dG9tOiA0cHg7CmNvbG9yOiAjRjY5Owpmb250LXdlaWdodDogYm9sZDsKZm9udC1zaXplOiAxMjAlOwpib3JkZXItYm90dG9tOiAxcHggZGFzaGVkICNDQ0M7Cn0KLnN0eWxlMyB7Y29sb3I6ICM2NjZ9Ci5zdHlsZTggewpmb250LXNpemU6IDEycHg7CmNvbG9yOiAjNjY2Owp9CmRpdi5pdGVtRGVzY0JveDAxIHsKbWFyZ2luOi0wcHggMCAwIDA7Cn0Kc3Bhbi5pdGVtX25hbWUgewptYXJnaW46IDBweDsKY29sb3I6ICNGNjk7CmZvbnQtc2l6ZTogMTIwJTsKbGluZS1oZWlnaHQ6IDEuMmVtOwp9CnNwYW4uaXRlbV9kZXNjIHsKbWFyZ2luOiAwcHg7CmZvbnQtc2l6ZTo4MCU7CmNvbG9yOiAjNjY2Owp0ZXh0LWFsaWduOmp1c3RpZnk7CmJvcmRlci1ib3R0b206IDFweCBkYXNoZWQgI0NDQzsKbGluZS1oZWlnaHQ6IDEuOGVtOwp9CnRkLmludmVudG9yeV9jaG9pY2VfbmFtZSB7CmJhY2tncm91bmQtY29sb3I6I0Y1RjVGNTsKZm9udC1zaXplOiA4MCU7CmNvbG9yOiAjOTk5Owp9CnNwYW4uaW52ZW50b3J5X2Nob2ljZV9uYW1lIHsKbWFyZ2luOiA0cHg7Cn0KLS0+Cjwvc3R5bGU+CjxkaXYgYWxpZ249ImxlZnQiPgo8cCBjbGFzcz0idGl0bGUwMSI+CgogCgrjgJDjgobjgYbjg5HjgrHjg4Pjg4hPS+OAkeOAjuODmuOCok9L77yB44Kt44Op44Kt44Op77yG44K344Oz44OX44Or44Ko44K/44OL44OG44Kj44O844K344Or44OQ44O844Oq44Oz44Kw44CPCiA8YnIgLz48L3A+Cgo8aW1nIHNyYz0iaHR0cDovL2ltYWdlLnJha3V0ZW4uY28uanAvY3JlYW0tZG90L2NhYmluZXQvcmFua2luZy1nYXpvdS9rYW5iYWlfYTAwMDAyLmpwZz8xMjMiPjxicj48YnI+CjxpbWcgc3JjPSJodHRwOi8vaW1hZ2UucmFrdXRlbi5jby5qcC9jcmVhbS1kb3QvY2FiaW5ldC9yYW5raW5nLWdhem91L2EwMDAwMl8yMDE3MDIxNy5qcGciPjxicj48YnI+CjxpbWcgc3JjPSJodHRwOi8vaW1hZ2UucmFrdXRlbi5jby5qcC9jcmVhbS1kb3QvY2FiaW5ldC9hMS1hNTAvYTAwMDAyLmpwZz8xMjMiPjxicj48YnI+CjxpbWcgc3JjPSJodHRwOi8vaW1hZ2UucmFrdXRlbi5jby5qcC9jcmVhbS1kb3QvY2FiaW5ldC9hMS1hNTAvYTAwMDAyLTEuanBnPzEyMyI+PGJyPjxicj4KPGltZyBzcmM9Imh0dHA6Ly9pbWFnZS5yYWt1dGVuLmNvLmpwL2NyZWFtLWRvdC9jYWJpbmV0L2ExLWE1MC9hMDAwMDItMi5qcGc/MTIzIj48YnI+PGJyPgo8aW1nIHNyYz0iaHR0cDovL2ltYWdlLnJha3V0ZW4uY28uanAvY3JlYW0tZG90L2NhYmluZXQvYTEtYTUwL2EwMDAwMi0zLmpwZz8xMjMiPjxicj48YnI+CjxpbWcgc3JjPSJodHRwOi8vaW1hZ2UucmFrdXRlbi5jby5qcC9jcmVhbS1kb3QvY2FiaW5ldC9hMS1hNTAvYTAwMDAyLTQuanBnPzEyMyI+PGJyPjxicj4KPGltZyBzcmM9Imh0dHA6Ly9pbWFnZS5yYWt1dGVuLmNvLmpwL2NyZWFtLWRvdC9jYWJpbmV0L2ExLWE1MC9hMDAwMDItNS5qcGc/MTIzIj48YnI+PGJyPgoKCjwvZGl2Pgo8c3R5bGUgdHlwZT0idGV4dC9jc3MiPgpwIHttYXJnaW46MTBweCAwIDAgMDtwYWRkaW5nOiAwO30KdGFibGUuc3BlYyB7bWFyZ2luOiAwO3BhZGRpbmc6IDA7Ym9yZGVyLXJpZ2h0OiBzb2xpZCAxcHggI0IyQjJCMjtib3JkZXItbGVmdDogc29saWQgMXB4ICNCMkIyQjI7Y29sb3I6ICM5OTk7Zm9udC1zaXplOiAxMnB4O30KdGFibGUuc3BlYyB0ZC5zcGVjSXRlbSB7d2lkdGg6IDk2cHg7bWFyZ2luOiAwO3BhZGRpbmc6IDEwcHg7Ym9yZGVyLXJpZ2h0OiBzb2xpZCAxcHggI0IyQjJCMjtib3JkZXItYm90dG9tOiBzb2xpZCAxcHggI0IyQjJCMjtiYWNrZ3JvdW5kLWNvbG9yOiAjRjVGNUY1O2ZvbnQtd2VpZ2h0OmJvbGQ7fQp0YWJsZS5zcGVjIHRkLnNwZWNEZXRhaWxzIHttYXJnaW46IDA7cGFkZGluZzogOHB4O2JvcmRlci1ib3R0b206IHNvbGlkIDFweCAjQjJCMkIyO2JhY2tncm91bmQtY29sb3I6ICNGRkY7bGluZS1oZWlnaHQ6IDEuNWVtO30KPC9zdHlsZT4KPHA+PGltZyBzcmM9Imh0dHA6Ly9pbWFnZS5yYWt1dGVuLmNvLmpwL2NyZWFtLWRvdC9jYWJpbmV0L2thbmJhbi9zcGVjX2hlYWQuZ2lmIiBhbHQ9IuOCueODmuODg+OCryIgd2lkdGg9IjcwMCIgaGVpZ2h0PSIyNCIgLz48L3A+CgoKPHRhYmxlIGNsYXNzPSJzcGVjIiB3aWR0aD0iNzAwIiBib3JkZXI9IjAiIGNlbGxwYWRkaW5nPSIwIiBjZWxsc3BhY2luZz0iMCI+Cjx0Ym9keT4KPHRyPgo8dGQgY2xhc3M9InNwZWNJdGVtIj7ntKDmnZA8L3RkPgo8dGQgY2xhc3M9InNwZWNEZXRhaWxzIj4KPCEtLeKGk+OBk+OBk+OBi+OCiee0oOadkOKGky0tPgrilqDntKDmnZA8YnI+CuWQiOmHkShicmFzcyk8YnI+CkNa44OA44Kk44OkKOOCreODpeODvOODk+ODg+OCr+ODu+OCuOODq+OCs+ODi+OCoik8YnI+CuKAu+OCreODpeODvOODk+ODg+OCr+ODu+OCuOODq+OCs+ODi+OCouOBr+S6uuW3peefs+OBp+OBmeOAgjxicj4KPCEtLeKGkeOBk+OBk+OBvuOBp+e0oOadkOKGkS0tPgo8L3RkPgo8L3RyPgo8dHI+Cjx0ZCBjbGFzcz0ic3BlY0l0ZW0iPuOCteOCpOOCujwvdGQ+Cjx0ZCBjbGFzcz0ic3BlY0RldGFpbHMiPgo8IS0t4oaT44GT44GT44GL44KJ44K144Kk44K64oaTLS0+CuW5he+8mue0hDMuMG1tPGJyPgo8YnI+CuOAkOOCteOCpOOCuuOCrOOCpOODieOAkTxicj4K4piF5YaF5YG055u05b6EPGJyPgo15Y+377yaMTQuM21tPGJyPgo35Y+377yaMTUuMG1tPGJyPgoxMOWPt++8mjE2LjBtbTxicj4KMTLlj7fvvJoxNi43bW08YnI+CjE15Y+377yaMTcuN21tPGJyPgoxN+WPt++8mjE4LjNtbTxicj4KMTnlj7fvvJoxOS4wbW08YnI+CjwhLS3ihpHjgZPjgZPjgb7jgafjgrXjgqTjgrrihpEtLT4KPC90ZD4KPC90cj4KPHRyPgo8dGQgY2xhc3M9InNwZWNJdGVtIj7ms6jmhI/ngrk8L3RkPgo8dGQgY2xhc3M9InNwZWNEZXRhaWxzIj4KPCEtLeKGk+OBk+OBk+OBi+OCieazqOaEj+eCueKGky0tPgrilqDjg6Ljg4vjgr/jg7zjga7pg73lkIjkuIrjgIHmjrLovInlhpnnnJ/jgajlrp/pmpvjga7oibLjgYznlbDjgarjgovloLTlkIjjgYzjgZTjgZbjgYTjgb7jgZnjgIIgCjwhLS3ihpHjgZPjgZPjgb7jgafms6jmhI/ngrnihpEtLT4KPC90ZD4KPC90cj4KPC90Ym9keT4KPC90YWJsZT4K44K344Oz44OX44Or44Gq44OV44Kp44Or44Og44Gu44K344Or44OQ44O844Oq44Oz44Kw44Gr44Kt44Op44Kt44Op44Gu44Kt44Ol44O844OT44OD44Kv44O744K444Or44Kz44OL44Ki44KS77yv77yu4piFPGJyPgrmjIfjgpLli5XjgYvjgZnjgZ/jgbPjgavotIXmsqLjgarovJ3jgY3jgpLmlL7jgaHjgIHjgqjjg6zjgqzjg7Pjg4jjgarmiYvlhYPjgpLmvJTlh7rjgafjgY3jgb7jgZnimao8YnI+Cjxicj4K4oC744Oa44Ki77yv77yr44Gu44K144Kk44K65bGV6ZaL44Gn44GZ44Gu44Gn44OX44Os44K844Oz44OI44Gr44KC5pyA6YGp77yBPGJyPgrigLvjgZPjgaHjgonjga7llYblk4Hjga/jgrnjg4bjg7Pjg6zjgrnoo73jgafjga/jgZTjgZbjgYTjgb7jgZvjgpPjgII8YnI+Cjxicj4KCjxpbWcgc3JjPSJodHRwOi8vaW1hZ2UucmFrdXRlbi5jby5qcC9jcmVhbS1kb3QvY2FiaW5ldC9zaXRlX2Jhbm5lci95b3lha3VjaHV1aS5qcGciIHdpZHRoPSIzMjAiIC8+,44CQ44KG44GG44OR44Kx44OD44OIT0vjgJHjgqjjgr/jg4vjg4bjgqPjg6rjg7PjgrAg44Oq44Oz44KwIOaMh+i8qiDjgrfjg6vjg5Djg7wg44K044O844Or44OJIOODoeODs+OCuiDjg6zjg4fjgqPjg7zjgrkg44Oa44KiIOOCqOOCv+ODi+ODhuOCoyDph43jga3ku5jjgZEg5Lq65rCXIOODqeODs+OCreODs+OCsCDjg5Tjg7Pjgq3jg7zjg6rjg7PjgrAg44OU44Oz44Kv44K044O844Or44OJIOODluODq+ODvCDjg5bjg6njg4Pjgq8g44K344Oz44OX44OrIOOCouOCr+OCu+OCteODquODvCAg44OX44Os44K844Oz44OIIOOCruODleODiCDlpbPmgKcg55S35oCn77yaY3JlYW0gZG90,44K444Ol44Ko44Oq44O844Ki44Kv44K744K144Oq44O844ON44OD44Kv44Os44K544Oq44Oz44Kw44OW44Os44K544Os44OD44OI44OQ44Oz44Kw44Or44OU44Ki44K544Kk44Ok44Oq44Oz44Kw44OY44Ki44Ki44Kv44K744K144Oq44O844OQ44OD44Kw44Kk44Ok44O844Kr44OV44OQ44Os44OD44K/44OY44Ki44OU44Oz44OY44Ki44K044Og44K344Ol44K344Ol44Ki44Oz44Kv44Os44OD44OI44OB44Oj44O844Og44Kz44K144O844K444Ol44OB44Oj44O844Og6YCB5paZ54Sh5paZ44CQ44KG44GG44OR44Kx44OD44OIT0vjgJHjgqjjgr/jg4vjg4bjgqPjg6rjg7PjgrAg44Oq44Oz44KwIOaMh+i8qiDjgrfjg6vjg5Djg7wg44K044O844Or44OJIOODoeODs+OCuiDjg6zjg4fjgqPjg7zjgrkg44Oa44KiIOOCqOOCv+ODi+ODhuOCoyDph43jga3ku5jjgZEg5Lq65rCXIOODqeODs+OCreODs+OCsCDjg5Tjg7Pjgq3jg7zjg6rjg7PjgrAg44OU44Oz44Kv44K044O844Or44OJIOODluODq+ODvCDjg5bjg6njg4Pjgq8g44K344Oz44OX44OrIOOCouOCr+OCu+OCteODquODvCAg44OX44Os44K844Oz44OIIOOCruODleODiCDlpbPmgKcg55S35oCn,44Oq44Oz44KwIOODoeODs+OCuiDjg6zjg4fjgqPjg7zjgrkgTWVuJ3MgUmluZyDjg5rjgqLjg6rjg7PjgrAg5oyH6Lyq44CC44CQ44KG44GG44OR44Kx44OD44OIT0vjgJHjgqjjgr/jg4vjg4bjgqPjg6rjg7PjgrAg44Oq44Oz44KwIOaMh+i8qiDjgrfjg6vjg5Djg7wg44K044O844Or44OJIOODoeODs+OCuiDjg6zjg4fjgqPjg7zjgrkg44Oa44KiIOOCqOOCv+ODi+ODhuOCoyDph43jga3ku5jjgZEg5Lq65rCXIOODqeODs+OCreODs+OCsCDjg5Tjg7Pjgq3jg7zjg6rjg7PjgrAg44OU44Oz44Kv44K044O844Or44OJIOODluODq+ODvCDjg5bjg6njg4Pjgq8g44K344Oz44OX44OrIOOCouOCr+OCu+OCteODquODvCAg44OX44Os44K844Oz44OIIOOCruODleODiCDlpbPmgKcg55S35oCn[rn]
39-1091,aHR0cDovL3RzaG9wLnIxMHMuanAvand0b29sL2NhYmluZXQvaW1hZ2UwMS8wMzAxMDA4MC9pbWc2MTA5MDUzMi5qcGc/Zml0aW49NzAwOjcwMA==,Mjg2NDAuMDAwMA==,,44K444Ol44Ko44Oq44O844O744Ki44Kv44K744K144Oq44O8ID4g44K444Ol44Ko44Oq44O844O744Ki44Kv44K744K144Oq44O855So5ZOBID4g44Gd44Gu5LuW,UHJlc2lkaXVt44CA44Oe44Or44OB44OG44K544K/44O8M+OAgFBtdXQz44CA77yI44Oi44Ki44K144OK44Kk44OI44OG44K544K/44O877yJ44CA44CQ6YCB5paZ54Sh5paZ44CR,44OA44Kk44Ok44Oi44Oz44OJ44OG44K544K/44O844Gn44Oi44Ki44K144OK44Kk44OI44KC5Yik5a6a44GX44G+44GZ44CC,UHJlc2lkaXVt44Gv5a6d55+z6ZGR5a6a5qmf5Zmo44Gn44Gv5LiW55WM44OI44OD44OX44Gu5Lya56S+44Gn44GZ44CCPEJSPgoK5Yik5a6a44Gv44CB44Oh44K/44Or44CB44OA44Kk44Ok44Oi44Oz44OJ5Lul5aSW44Gu55+z44CB44OA44Kk44Ok44Oi44Oz44OJ44CB44Oi44Ki44K144OK44Kk44OI44GoNOeoruOBruWIpOWumuOBjOihjOOBiOOBvuOBmeOAgjxCUj4K44OA44Kk44Ok44Oi44Oz44OJ44OG44K544K/44O844Gu5Lit44GnMeWPsOmBuOWumuOBmeOCi+OBruOBquOCieW8iuekvuOBr+OBk+OCjOOCkuOBiuWLp+OCgeOBl+OBpuOBhOOBvuOBmeOAgjxCUj4K5qmf6IO9PEJSPgrjg6LjgqLjgrXjg4rjgqTjg4jjgIHjgq3jg6Xjg7zjg5Pjg4Pjgq/nrYnjga7liKTlrprvvIgq44Oi44Ki44K144OK44Kk44OI5Lul5aSW44Go44OA44Kk44Ok44Oi44Oz44OJ44KS44Oh44Os44OA44Kk44Ok44GL44KJ56K65a6f44Gr5Yik5a6a44GZ44KL44Gr44Gv44OA44Kk44Ok44Oi44Oz44OJ44K744Os44Kv44K/44O8NOOBjOato+eiuuOBp+OBmeOAgu+8iTxCUj4K5ris5a6a5pa55byPPEJSPgrpm7vmsJfkvJ3lsI7njofjgajnhrHkvJ3lsI7njofjg5fjg63jg7zjg5bmuKzlrprlvI88QlI+CumHjemHjy/lr7jms5U8QlI+Cjk3Zy80MlgxNjBYMjJtbTxCUj4K5LuY5bGe5ZOBPEJSPgrljZg06Zu75rGgM+WAi+OAgeODq+ODvOOCueODm+ODq+ODgOODvOOAgeOCseODvOOCueOAgeODjeODg+OCr+OCueODiOODqeODg+ODlzxCUj48QlI+UHJlc2lkaXVt56S+5q2j6KaP5pel5pys5Luj55CG5bqX6LKp5aOy5ZOB44CA5qCq5byP5Lya56S+44Ki44Or44OV44Kh44O844Of44Op44O844K444OlPEJSPgrovLjlhaXmmYLlhajph4/mpJzmn7vmuIjjgb88QlI+CuaXpeacrOWbveWGheS/neiovOOAgeODoeODvOOCq+ODvOS/neiovOOAgDHlubQ8QlI+,UHJlc2lkaXVt44CA44Oe44Or44OB44OG44K544K/44O8M+OAgFBtdXQz44CA77yI44Oi44Ki44K144OK44Kk44OI44OG44K544K/44O877yJ44CA44CQ6YCB5paZ54Sh5paZ44CR77yaSldUT09MIOalveWkqeW4guWgtOW6lw==,44K344Or44OQ44O844Kv44Oq44O844OK44O844OU44Ki44OD44K144O844OU44OK44OD44Kv77yS44K544OU44O844OH44Kj44OD44OXTXIuTWVpc3RlcuODq+ODvOOCv+ODvOODj+OCrOODhuOCo+ODvOODj+OCrOODhuOCo+OCv+OCpuODs+ODiOODvOOCr+ODquODoeOCpOODs+mAj+aYjuODlOOCouOCuVByZXNpZGl1beOAgOODnuODq+ODgeODhuOCueOCv+ODvDPjgIBQbXV0M+OAgO+8iOODouOCouOCteODiuOCpOODiOODhuOCueOCv+ODvO+8ieOAgOOAkOmAgeaWmeeEoeaWmeOAkQ==,44OA44Kk44Ok44Oi44Oz44OJ44OG44K544K/44O844Gn44Oi44Ki44K144OK44Kk44OI44KC5Yik5a6a44GX44G+44GZ44CC44CCUHJlc2lkaXVt44CA44Oe44Or44OB44OG44K544K/44O8M+OAgFBtdXQz44CA77yI44Oi44Ki44K144OK44Kk44OI44OG44K544K/44O877yJ44CA44CQ6YCB5paZ54Sh5paZ44CR[rn]
39-1092,aHR0cDovL3RzaG9wLnIxMHMuanAvcGx1bWh1dDg4ODgvY2FiaW5ldC95Y2piMDAxYS9pbWdyYzAxMjk3MjcyODMuanBnP2ZpdGluPTcwMDo3MDA=,MjU3NC40MDAw,,44K444Ol44Ko44Oq44O844O744Ki44Kv44K744K144Oq44O8ID4g44K444Ol44Ko44Oq44O844O744Ki44Kv44K744K144Oq44O855So5ZOBID4g44Gd44Gu5LuW,44CQ6Ieq5YiG44G444Gu44GU6KSS576O77yB44Ku44OV44OI44Gr44KC5pyA6YGpIeOAkeWkp+WuuemHjyDpq5jntJrjgqLjgq/jgrvjgrXjg6rjg7zjgrHjg7zjgrkg44K444Ol44Ko44Oq44O844Kx44O844K5IOOCouOCr+OCu+OCteODquODvOWPjue0jeOAjkNBQ0UgR1JBQ0Xjgrjjg6Xjgqjjg6rjg7zjg5zjg4Pjgq/jgrnjgI/jgqLjgq/jgrvjgrXjg6rjg7zjg5zjg4Pjgq/jgrkg44K444Ol44Ko44Oq44O8Qk9YIOaMgemBi+OBsyDmkLrluK8g44Ko44Os44Ks44Oz44OIIOWwj+eJqeWFpeOCjCDpj6Hku5jjgY0g5oyH6LyqIOODlOOCouOCuSDlj47ntI0g5a6d55+z566x,4piF5aWz5oCn5YqbdXDjgqLjgq/jgrvjgrXjg6rjg7zlj47ntI3imIU=,PGRpdiBjbGFzcz0nYmMxc3B3cnAnPjxzdHlsZT48IS0tLmJjMXNwd3JwIGRpdiwuYmMxc3B3cnAgaW1nLC5iYzFzcHdycCB0YWJsZSwuYmMxc3B3cnAgdHIsLmJjMXNwd3JwIHRke3dpZHRoOmF1dG87aGVpZ2h0OmF1dG87cGFkZGluZzowO21hcmdpbjowO292ZXJmbG93OmhpZGRlbn0uYmMxc3B3cnAgdGR7ZmxvYXQ6bm9uZSAhaW1wb3J0YW50fS5iYzFzcHdycCwuYmMxc3B3cnAgZGl2LC5iYzFzcHdycCBkaXYgaDMsLmJjMXNwd3JwIGRpdiBwe2Rpc3BsYXk6YmxvY2t9LmJjMXNwd3JwIGRpdiB0YWJsZXtkaXNwbGF5OnRhYmxlO3dpZHRoOmF1dG87aGVpZ2h0OmF1dG87cGFkZGluZzowO21hcmdpbjowO2JvcmRlci1zcGFjaW5nOjB9LmJjMXNwd3JwIGRpdiB0YWJsZSB0ciwuYmMxc3B3cnAgZGl2IHRhYmxlIHRib2R5IHRye2Rpc3BsYXk6dGFibGUtcm93fS5iYzFzcHdycCBkaXYgdGFibGUgdHIgdGQsLmJjMXNwd3JwIGRpdiB0YWJsZSB0Ym9keSB0ciB0ZHtkaXNwbGF5OnRhYmxlLWNlbGw7ZmxvYXQ6bm9uZSAhaW1wb3J0YW50O3ZlcnRpY2FsLWFsaWduOnRvcH0uYmMxc3B3cnAgdGFibGUgdGFibGV7d2lkdGg6MTAwJX0uYmMxc3B3cnAsLmJjMXNwd3JwIHRoLC5iYzFzcHdycCB0ZHtjb2xvcjojMDAwMDAwO2ZvbnQtc2l6ZToxNnB4ICFpbXBvcnRhbnQ7Zm9udC1mYW1pbHk6J+ODkuODqeOCruODjuinkuOCtCBQcm8gVzMnLCdIaXJhZ2lubyBLYWt1IEdvdGhpYyBQcm8nLOODoeOCpOODquOCqixNZWlyeW8sT3Nha2EsJ++8re+8syDvvLDjgrTjgrfjg4Pjgq8nLCdNUyBQR290aGljJyxzYW5zLXNlcmlmO3RleHQtYWxpZ246Y2VudGVyfS5iYzFzcHdycCBkaXYgaDMsLmJjMXNwd3JwIGRpdiBwLC5iYzFzcHdycCBzdHJvbmd7d29yZC13cmFwOmJyZWFrLXdvcmQ7d29yZC1icmVhazpicmVhay1hbGw7cGFkZGluZzowO21hcmdpbi10b3A6MC41ZW07bWFyZ2luLWJvdHRvbTowLjVlbTtsaW5lLWhlaWdodDoxLjQ7dGV4dC1hbGlnbjpsZWZ0O292ZXJmbG93OnZpc2libGV9LmJjMXNwd3JwIGRpdiBoMywuYmMxc3B3cnAgc3Ryb25ne2ZvbnQtc2l6ZToxMTclO30uYmMxc3BpbXt2ZXJ0aWNhbC1hbGlnbjp0b3B9LmJjMXNwd3JwIGRpdi5iYzFzcGlte21hcmdpbi1sZWZ0OmF1dG87bWFyZ2luLXJpZ2h0OmF1dG87dGV4dC1hbGlnbjpjZW50ZXJ9LmJjMXNwd3JwIHAuYmMxc3BpbXt0ZXh0LWFsaWduOmNlbnRlcn0uYmMxc3B3cnAgZGl2IGltZywuYmMxc3B3cnAgZGl2IGEgaW1ne2JvcmRlcjpub25lO3ZlcnRpY2FsLWFsaWduOmJvdHRvbX0uYmMxc3B3cnAgZGl2LC5iYzFzcHdycCB0YWJsZSB7aGVpZ2h0OmF1dG99LmJjMXNwd3JwIGRpdntvdmVyZmxvdzpoaWRkZW59LmJjMXNwd3JwIGRpdiBkaXZ7b3ZlcmZsb3c6dmlzaWJsZX0uYmMxc3B3cnAgPiBkaXY6YWZ0ZXIsLmJjMXNwd3JwID4gdGFibGU6YWZ0ZXIge2NvbnRlbnQ6IiI7ZGlzcGxheTpibG9jaztoZWlnaHQ6MDtjbGVhcjpib3RoO3Zpc2liaWxpdHk6aGlkZGVufS5iYzFzcHdycHt3aWR0aDo3MDBweDtoZWlnaHQ6YXV0bztiYWNrZ3JvdW5kOiNmZmZmZmY7bWFyZ2luLWxlZnQ6YXV0bzttYXJnaW4tcmlnaHQ6YXV0bztwYWRkaW5nOjB9I2JjMXNwYjAsI2JjMXNwYjEsI2JjMXNwYjIsI2JjMXNwYjMsI2JjMXNwYjQsI2JjMXNwYjUsI2JjMXNwYjYsI2JjMXNwYjcsI2JjMXNwYjgsI2JjMXNwYjksI2JjMXNwYmEsI2JjMXNwYmIsI2JjMXNwYmMsI2JjMXNwYmQsI2JjMXNwYmUsI2JjMXNwYmYsI2JjMXNwYmd7YmFja2dyb3VuZDp0cmFuc3BhcmVudDtwYWRkaW5nOjVweCAwfSNiYzFzcGIwIHRhYmxlLCNiYzFzcGIxIHRhYmxlLCNiYzFzcGIyIHRhYmxlLCNiYzFzcGIzIHRhYmxlLCNiYzFzcGI0IHRhYmxlLCNiYzFzcGI1IHRhYmxlLCNiYzFzcGI2IHRhYmxlLCNiYzFzcGI3IHRhYmxlLCNiYzFzcGI4IHRhYmxlLCNiYzFzcGI5IHRhYmxlLCNiYzFzcGJhIHRhYmxlLCNiYzFzcGJiIHRhYmxlLCNiYzFzcGJjIHRhYmxlLCNiYzFzcGJkIHRhYmxlLCNiYzFzcGJlIHRhYmxlLCNiYzFzcGJmIHRhYmxlLCNiYzFzcGJnIHRhYmxle2JvcmRlci1zcGFjaW5nOjEwcHg7bWFyZ2luOi0xMHB4O3dpZHRoOjcyMHB4fSNiYzFzcGMwLCNiYzFzcGMxLCNiYzFzcGMyLCNiYzFzcGMzLCNiYzFzcGM0LCNiYzFzcGM1LCNiYzFzcGM2LCNiYzFzcGM3LCNiYzFzcGM4LCNiYzFzcGM5LCNiYzFzcGNhLCNiYzFzcGNiLCNiYzFzcGNjLCNiYzFzcGNkLCNiYzFzcGNlLCNiYzFzcGNmLCNiYzFzcGNne3dpZHRoOjcwMHB4O2JhY2tncm91bmQ6dHJhbnNwYXJlbnQ7Ym9yZGVyOnNvbGlkICMwMDAwMDAgMDtwYWRkaW5nOjB9LmJjMXNwaW17d2lkdGg6MTAwJTtoZWlnaHQ6YXV0b30tLT48L3N0eWxlPjwhLS1baWYgZ3RlIElFIDYuMF0+PHN0eWxlPi5iYzFzcHdycCwuYmMxc3B3cnAgZGl2LC5iYzFzcHdycCBoMywuYmMxc3B3cnAgcCwuYmMxc3B3cnAgdGgsLmJjMXNwd3JwIHRke3pvb206MX0uYmMxc3B3cnAsLmJjMXNwd3JwIHRoLC5iYzFzcHdycCB0ZHtmb250LXNpemU6MTZweCAhaW1wb3J0YW50fS5iYzFzcHdycHt3aWR0aDo3MDBweH0jYmMxc3BjMCwjYmMxc3BjMSwjYmMxc3BjMiwjYmMxc3BjMywjYmMxc3BjNCwjYmMxc3BjNSwjYmMxc3BjNiwjYmMxc3BjNywjYmMxc3BjOCwjYmMxc3BjOSwjYmMxc3BjYSwjYmMxc3BjYiwjYmMxc3BjYywjYmMxc3BjZCwjYmMxc3BjZSwjYmMxc3BjZiwjYmMxc3BjZ3t3aWR0aDo3MDBweH08L3N0eWxlPjwhW2VuZGlmXS0tPjxkaXYgaWQ9ImJjMXNwYjAiPjx0YWJsZSBjZWxsc3BhY2luZz0iMTAiPjx0cj48dGQgaWQ9ImJjMXNwYzAiPjxkaXYgY2xhc3M9ImJjMXNwaW0iPjxpbWcgc3JjPSJodHRwOi8vd3d3LnJha3V0ZW4ubmUuanAvZ29sZC9wbHVtaHV0ODg4OC95Y2piMDAxYS95Y2piMDAxYS0wMS5qcGciPjwvZGl2PjwvdGFibGU+PC9kaXY+PC9kaXY+PGRpdiBjbGFzcz0nYzFzcHdycCc+PHN0eWxlPjwhLS0uYzFzcHdycCBkaXYsLmMxc3B3cnAgaW1nLC5jMXNwd3JwIHRhYmxlLC5jMXNwd3JwIHRyLC5jMXNwd3JwIHRke3dpZHRoOmF1dG87aGVpZ2h0OmF1dG87cGFkZGluZzowO21hcmdpbjowO292ZXJmbG93OmhpZGRlbn0uYzFzcHdycCB0ZHtmbG9hdDpub25lICFpbXBvcnRhbnR9LmMxc3B3cnAsLmMxc3B3cnAgZGl2LC5jMXNwd3JwIGRpdiBoMywuYzFzcHdycCBkaXYgcHtkaXNwbGF5OmJsb2NrfS5jMXNwd3JwIGRpdiB0YWJsZXtkaXNwbGF5OnRhYmxlO3dpZHRoOmF1dG87aGVpZ2h0OmF1dG87cGFkZGluZzowO21hcmdpbjowO2JvcmRlci1zcGFjaW5nOjB9LmMxc3B3cnAgZGl2IHRhYmxlIHRyLC5jMXNwd3JwIGRpdiB0YWJsZSB0Ym9keSB0cntkaXNwbGF5OnRhYmxlLXJvd30uYzFzcHdycCBkaXYgdGFibGUgdHIgdGQsLmMxc3B3cnAgZGl2IHRhYmxlIHRib2R5IHRyIHRke2Rpc3BsYXk6dGFibGUtY2VsbDtmbG9hdDpub25lICFpbXBvcnRhbnQ7dmVydGljYWwtYWxpZ246dG9wfS5jMXNwd3JwIHRhYmxlIHRhYmxle3dpZHRoOjEwMCV9LmMxc3B3cnAsLmMxc3B3cnAgdGgsLmMxc3B3cnAgdGR7Y29sb3I6IzAwMDAwMDtmb250LXNpemU6MTZweCAhaW1wb3J0YW50O2ZvbnQtZmFtaWx5Oifjg5Ljg6njgq7jg47op5LjgrQgUHJvIFczJywnSGlyYWdpbm8gS2FrdSBHb3RoaWMgUHJvJyzjg6HjgqTjg6rjgqosTWVpcnlvLE9zYWthLCfvvK3vvLMg77yw44K044K344OD44KvJywnTVMgUEdvdGhpYycsc2Fucy1zZXJpZjt0ZXh0LWFsaWduOmNlbnRlcn0uYzFzcHdycCBkaXYgaDMsLmMxc3B3cnAgZGl2IHAsLmMxc3B3cnAgc3Ryb25ne3dvcmQtd3JhcDpicmVhay13b3JkO3dvcmQtYnJlYWs6YnJlYWstYWxsO3BhZGRpbmc6MDttYXJnaW4tdG9wOjAuNWVtO21hcmdpbi1ib3R0b206MC41ZW07bGluZS1oZWlnaHQ6MS40O3RleHQtYWxpZ246bGVmdDtvdmVyZmxvdzp2aXNpYmxlfS5jMXNwd3JwIGRpdiBoMywuYzFzcHdycCBzdHJvbmd7Zm9udC1zaXplOjExNyU7fS5jMXNwaW17dmVydGljYWwtYWxpZ246dG9wfS5jMXNwd3JwIGRpdi5jMXNwaW17bWFyZ2luLWxlZnQ6YXV0bzttYXJnaW4tcmlnaHQ6YXV0bzt0ZXh0LWFsaWduOmNlbnRlcn0uYzFzcHdycCBwLmMxc3BpbXt0ZXh0LWFsaWduOmNlbnRlcn0uYzFzcHdycCBkaXYgaW1nLC5jMXNwd3JwIGRpdiBhIGltZ3tib3JkZXI6bm9uZTt2ZXJ0aWNhbC1hbGlnbjpib3R0b219LmMxc3B3cnAgZGl2LC5jMXNwd3JwIHRhYmxlIHtoZWlnaHQ6YXV0b30uYzFzcHdycCBkaXZ7b3ZlcmZsb3c6aGlkZGVufS5jMXNwd3JwIGRpdiBkaXZ7b3ZlcmZsb3c6dmlzaWJsZX0uYzFzcHdycCA+IGRpdjphZnRlciwuYzFzcHdycCA+IHRhYmxlOmFmdGVyIHtjb250ZW50OiIiO2Rpc3BsYXk6YmxvY2s7aGVpZ2h0OjA7Y2xlYXI6Ym90aDt2aXNpYmlsaXR5OmhpZGRlbn0uYzFzcHdycHt3aWR0aDo3MTBweDtoZWlnaHQ6YXV0bztiYWNrZ3JvdW5kOiNGRkZGRkY7bWFyZ2luLWxlZnQ6YXV0bzttYXJnaW4tcmlnaHQ6YXV0bztwYWRkaW5nOjB9I2Mxc3BiMCwjYzFzcGIxLCNjMXNwYjJ7YmFja2dyb3VuZDp0cmFuc3BhcmVudDtwYWRkaW5nOjB9I2Mxc3BiMCB0YWJsZSwjYzFzcGIxIHRhYmxlLCNjMXNwYjIgdGFibGV7Ym9yZGVyLXNwYWNpbmc6MTBweDttYXJnaW46LTEwcHg7d2lkdGg6NzMwcHh9I2Mxc3BjMCwjYzFzcGMxLCNjMXNwYzJ7d2lkdGg6NzEwcHg7YmFja2dyb3VuZDp0cmFuc3BhcmVudDtib3JkZXI6c29saWQgIzAwMDAwMCAwO3BhZGRpbmc6MH0uYzFzcGlte3dpZHRoOjEwMCU7aGVpZ2h0OmF1dG99LS0+PC9zdHlsZT48IS0tW2lmIGd0ZSBJRSA2LjBdPjxzdHlsZT4uYzFzcHdycCwuYzFzcHdycCBkaXYsLmMxc3B3cnAgaDMsLmMxc3B3cnAgcCwuYzFzcHdycCB0aCwuYzFzcHdycCB0ZHt6b29tOjF9LmMxc3B3cnAsLmMxc3B3cnAgdGgsLmMxc3B3cnAgdGR7Zm9udC1zaXplOjE2cHggIWltcG9ydGFudH0uYzFzcHdycHt3aWR0aDo3MTBweH0jYzFzcGMwLCNjMXNwYzEsI2Mxc3BjMnt3aWR0aDo3MTBweH08L3N0eWxlPjwhW2VuZGlmXS0tPjxkaXYgaWQ9ImMxc3BiMCI+PHRhYmxlIGNlbGxzcGFjaW5nPSIxMCI+PHRyPjx0ZCBpZD0iYzFzcGMwIj48ZGl2IGNsYXNzPSJjMXNwaW0iPjx0cj48dGQ+PGltZyB3aWR0aD0iMTAwJSIgc3JjPSJodHRwOi8vd3d3LnJha3V0ZW4ubmUuanAvZ29sZC9wbHVtaHV0ODg4OC95Y3NjMDAwL3ljc2MwMDUuanBnIiBib3JkZXI9IjAiLz48L3RkPjwvdHI+PHRyPjx0ZCBoZWlnaHQ9IjYiPjwvdGQ+PC90cj48dHI+PHRkPjxpbWcgd2lkdGg9IjEwMCUiIHNyYz0iaHR0cDovL3d3dy5yYWt1dGVuLm5lLmpwL2dvbGQvcGx1bWh1dDg4ODgveWNzYzAwMC95Y3NjMDA3LmpwZyIgYm9yZGVyPSIwIi8+PC90ZD48L3RyPjx0cj48dGQgaGVpZ2h0PSI2Ij48L3RkPjwvdHI+PHRyPjx0ZD48aW1nIHdpZHRoPSIxMDAlIiBzcmM9Imh0dHA6Ly93d3cucmFrdXRlbi5uZS5qcC9nb2xkL3BsdW1odXQ4ODg4L3ljc2MwMDAveWNzYzAwOS5qcGciIGJvcmRlcj0iMCIvPjwvdGQ+PC90cj48dHI+PHRkIGhlaWdodD0iNiI+PC90ZD48L3RyPjx0cj48dGQ+PGltZyB3aWR0aD0iMTAwJSIgc3JjPSJodHRwOi8vd3d3LnJha3V0ZW4ubmUuanAvZ29sZC9wbHVtaHV0ODg4OC95Y3NjMDAwL3ljc2MwMTAuanBnIiBib3JkZXI9IjAiLz48L3RkPjwvdHI+PHRyPjx0ZCBoZWlnaHQ9IjYiPjwvdGQ+PC90cj48dHI+PHRkPjxpbWcgd2lkdGg9IjEwMCUiIHNyYz0iaHR0cDovL3d3dy5yYWt1dGVuLm5lLmpwL2dvbGQvcGx1bWh1dDg4ODgveWNzYzAwMC95Y3NjMDE1LmpwZyIgYm9yZGVyPSIwIi8+PC90ZD48L3RyPjx0cj48dGQgaGVpZ2h0PSI2Ij48L3RkPjwvdHI+PHRyPjx0ZD48aW1nIHdpZHRoPSIxMDAlIiBzcmM9Imh0dHA6Ly93d3cucmFrdXRlbi5uZS5qcC9nb2xkL3BsdW1odXQ4ODg4L3ljc2MwMDAveWNzYzAxNy5qcGciIGJvcmRlcj0iMCIvPjwvdGQ+PC90cj48dHI+PHRkIGhlaWdodD0iNiI+PC90ZD48L3RyPjx0cj48dGQ+PGltZyB3aWR0aD0iMTAwJSIgc3JjPSJodHRwOi8vd3d3LnJha3V0ZW4ubmUuanAvZ29sZC9wbHVtaHV0ODg4OC95Y3NjMDAwL3ljc2MwMTMuanBnIiBib3JkZXI9IjAiLz48L3RkPjwvdHI+PHRyPjx0ZCBoZWlnaHQ9IjYiPjwvdGQ+PC90cj48dHI+PHRkPjxpbWcgd2lkdGg9IjEwMCUiIHNyYz0iaHR0cDovL3d3dy5yYWt1dGVuLm5lLmpwL2dvbGQvcGx1bWh1dDg4ODgveWNzYzAwMC95Y3NjMDE0LmpwZyIgYm9yZGVyPSIwIi8+PC90ZD48L3RyPjx0cj48dGQgaGVpZ2h0PSI2Ij48L3RkPjwvdHI+PHRyPjx0ZD48aW1nIHdpZHRoPSIxMDAlIiBzcmM9Imh0dHA6Ly93d3cucmFrdXRlbi5uZS5qcC9nb2xkL3BsdW1odXQ4ODg4L3ljc2MwMDAveWNzYzAxNi5qcGciIGJvcmRlcj0iMCIvPjwvdGQ+PC90cj48dHI+PHRkPjxpbWcgd2lkdGg9IjEwMCUiIHNyYz0iaHR0cDovL3d3dy5yYWt1dGVuLm5lLmpwL2dvbGQvcGx1bWh1dDg4ODgveWNtYjAwMC95Y21iMDAxLmpwZyIgYm9yZGVyPSIwIi8+PC90ZD48L3RyPjx0cj48dGQgaGVpZ2h0PSI2Ij48L3RkPjwvdHI+PHRyPjx0ZD48aW1nIHdpZHRoPSIxMDAlIiBzcmM9Imh0dHA6Ly93d3cucmFrdXRlbi5uZS5qcC9nb2xkL3BsdW1odXQ4ODg4L3ljbWIwMDAveWNtYjAwMy5qcGciIGJvcmRlcj0iMCIvPjwvdGQ+PC90cj48dHI+PHRkIGhlaWdodD0iNiI+PC90ZD48L3RyPjwvdGFibGU+PC9kaXY+PC9kaXY+,44CQ6Ieq5YiG44G444Gu44GU6KSS576O77yB44Ku44OV44OI44Gr44KC5pyA6YGpIeOAkeWkp+WuuemHjyDpq5jntJrjgqLjgq/jgrvjgrXjg6rjg7zjgrHjg7zjgrkg44K444Ol44Ko44Oq44O844Kx44O844K5IOOCouOCr+OCu+OCteODquODvOWPjue0jeOAjkNBQ0UgR1JBQ0Xjgrjjg6Xjgqjjg6rjg7zjg5zjg4Pjgq/jgrnjgI/jgqLjgq/jgrvjgrXjg6rjg7zjg5zjg4Pjgq/jgrkg44K444Ol44Ko44Oq44O8Qk9YIOaMgemBi+OBsyDmkLrluK8g44Ko44Os44Ks44Oz44OIIOWwj+eJqeWFpeOCjCDpj6Hku5jjgY0g5oyH6LyqIOODlOOCouOCuSDlj47ntI0g5a6d55+z566x77ya44GT44GT44KN44GM6aaZ44KLIFl1Y2Nh,44CQ6Ieq5YiG44G444Gu44GU6KSS576O77yB44Ku44OV44OI44Gr44KC5pyA6YGpIeOAkeWkp+WuuemHjyDpq5jntJrjgqLjgq/jgrvjgrXjg6rjg7zjgrHjg7zjgrkg44K444Ol44Ko44Oq44O844Kx44O844K5IOOCouOCr+OCu+OCteODquODvOWPjue0jeOAjkNBQ0UgR1JBQ0Xjgrjjg6Xjgqjjg6rjg7zjg5zjg4Pjgq/jgrnjgI/jgqLjgq/jgrvjgrXjg6rjg7zjg5zjg4Pjgq/jgrkg44K444Ol44Ko44Oq44O8Qk9YIOaMgemBi+OBsyDmkLrluK8g44Ko44Os44Ks44Oz44OIIOWwj+eJqeWFpeOCjCDpj6Hku5jjgY0g5oyH6LyqIOODlOOCouOCuSDlj47ntI0g5a6d55+z566x,4piF5aWz5oCn5YqbdXDjgqLjgq/jgrvjgrXjg6rjg7zlj47ntI3imIXjgILjgJDoh6rliIbjgbjjga7jgZTopJLnvo7vvIHjgq7jg5Xjg4jjgavjgoLmnIDpgakh44CR5aSn5a656YePIOmrmOe0muOCouOCr+OCu+OCteODquODvOOCseODvOOCuSDjgrjjg6Xjgqjjg6rjg7zjgrHjg7zjgrkg44Ki44Kv44K744K144Oq44O85Y+O57SN44COQ0FDRSBHUkFDReOCuOODpeOCqOODquODvOODnOODg+OCr+OCueOAj+OCouOCr+OCu+OCteODquODvOODnOODg+OCr+OCuSDjgrjjg6Xjgqjjg6rjg7xCT1gg5oyB6YGL44GzIOaQuuW4ryDjgqjjg6zjgqzjg7Pjg4gg5bCP54mp5YWl44KMIOmPoeS7mOOBjSDmjIfovKog44OU44Ki44K5IOWPjue0jSDlrp3nn7PnrrE=[rn]
39-1093,aHR0cDovL3RzaG9wLnIxMHMuanAvbGVjb2xsaWVyL2NhYmluZXQvMDE3Njc1NTgvMDIwMDdfMTYwODMwMDEuanBnP2ZpdGluPTcwMDo3MDA=,MTU4NC4wMDAw,,44K444Ol44Ko44Oq44O844O744Ki44Kv44K744K144Oq44O8ID4g44K444Ol44Ko44Oq44O844O744Ki44Kv44K744K144Oq44O855So5ZOBID4g44Gd44Gu5LuW,44Kt44Op44Kt44OpY3rjgrfjg6fjg7zjg4jjg4rjg7wg44Kv44Oq44OD44Kr44O8IOODreODs+OCsOODjeODg+OCr+ODrOOCueOBruOCouODrOODs+OCuOOBq+OAgFNWOTI1,,PHN0eWxlIHR5cGU9InRleHQvY3NzIj4KLnN0eWxlX0wgewpmb250LXNpemU6IDE2cHg7CmxpbmUtaGVpZ2h0OjMwcHg7CmZvbnQtZmFtaWx5OiAi77yt77yzIO+8sOOCtOOCt+ODg+OCryIsIE9zYWthOwpjb2xvcjogIzY2MDAwMDsKfQouc3R5bGVfTSB7CmZvbnQtc2l6ZTogMTRweDsKbGluZS1oZWlnaHQ6MjBweDsKZm9udC1mYW1pbHk6ICLvvK3vvLMg77yw44K044K344OD44KvIiwgT3Nha2E7CmNvbG9yOiAzMzMzMzM7Cn0KPC9zdHlsZT4KCjxkaXYgc3R5bGU9ImhlaWdodDphdXRvOyBtYXJnaW4tbGVmdDozMHB4OyIgYWxpZ249ImxlZnQiPgoKICAgIAo8dGFibGUgd2lkdGg9IjYwMCIgYm9yZGVyPSIwIiBjZWxsc3BhY2luZz0iMCIgY2VsbHBhZGRpbmc9IjAiPgoKICA8dHI+IAogICAgPHRkIHdpZHRoPSI2MDAiIHZhbGlnbj0idG9wIiA+PGRpdiBhbGlnbj0iY2VudGVyIj48aW1nIHNyYz0iaHR0cHM6Ly9pbWFnZS5yYWt1dGVuLmNvLmpwL2xlY29sbGllci9jYWJpbmV0LzAxNzY3NTU4LzAyMDA3XzE2MDgzMDAzLmpwZyIgd2lkdGg9IjYwMCIgaGVpZ2h0PSI0MDAiIC8+PGJyPgogICAgICA8L2Rpdj48L3RkPgogIDwvdHI+CjwhLS3ilrLjg4jjg4Pjg5fjga7lhpnnnJ/ilrItLT4KCjwhLS3ilrzjg4jjg4Pjg5fkuIvjga7jg6rjg7zjg4nmlofnq6DilrwtLT4KICA8dHI+IAogICAgPHRkIHZhbGlnbj0idG9wIiB3aWR0aD0iNDAwIj48L3RkPgogIDwvdHI+CjwhLS3ilrLjg4jjg4Pjg5fkuIvjga7jg6rjg7zjg4nmlofnq6DilrItLT4KCjwhLS3ilrzjg4jjg4Pjg5fkuIvjga7llYblk4HlhajoiKzjga7ntLnku4vmlofnq6DilrwtLT4KICA8dHI+IDx0ZCB2YWxpZ249InRvcCIgd2lkdGg9IjYwMCI+PGRpdiBjbGFzcz0ic3R5bGVfTSI+PGJyIC8+CiAgICDjgYrlrqLmp5jjga7jgZTopoHmnJvjgavjgYrlv5zjgYjjgZfjgabjgIHjgZPjga7luqbjgIHjgrfjg6fjg7zjg4jjg4rjg7zmlrDnmbvloLTjgafjgZnvvIE8YnIgLz4KICAgIOOBk+OCjOS4gOOBpOOBp+ODreODs+OCsOODjeODg+OCr+ODrOOCueOBruOCouODrOODs+OCuOOBruW5heOBjOW6g+OBjOOCiuOAgeOBqOOBo+OBpuOCguS+v+WIqeKZqjxiciAvPgogICAg44K344Oz44OX44Or44Gn44GK5rSS6JC944Gq44OH44K244Kk44Oz44KC5b2T5bqX44Gu44GT44Gg44KP44KK44Gn44GZ44CC44Gc44Gy44Ot44Oz44Kw44ON44OD44Kv44Os44K544Gu44GK5L6b44Gr44Gp44GG44Ge4pmqPC9kaXY+PC90ZD4KICA8L3RyPgo8L3RhYmxlPgo8IS0t4pay44OI44OD44OX5LiL44Gu5ZWG5ZOB5YWo6Iis44Gu57S55LuL5paH56ug4payLS0+CjwhLS3ilrzjgrnjg5rjg7zjgrXjg7zilrwtLT4KCjx0YWJsZSB3aWR0aD0iNjAwIiBib3JkZXI9IjAiIGNlbGxzcGFjaW5nPSIwIiBjZWxscGFkZGluZz0iMCI+CiAgPHRyPgogICAgPHRkIGhlaWdodD0iMjYiPjxicj4KICAgICAgPGJyPjwvdGQ+CiAgPC90cj4KICA8dHI+CiAgICA8dGQgaGVpZ2h0PSIyNCI+PGltZyBzcmM9Imh0dHBzOi8vaW1hZ2UucmFrdXRlbi5jby5qcC9sZWNvbGxpZXIvY2FiaW5ldC8wMTc2NzU1OC8wMjAwN18xNjA4MzAwNC5qcGciIHdpZHRoPSI2MDAiIGhlaWdodD0iNDAwIiAvPjxiciAvPgogICAgICDilqDkvb/nlKjjg43jg4Pjgq/jg6zjgrnvvJo8YSBocmVmPSJodHRwczovL2l0ZW0ucmFrdXRlbi5jby5qcC9sZWNvbGxpZXIvMTAwMDEwNzktMi8iIHRhcmdldD0iX2JsYW5rIj7jg5Djg63jg4Pjgq/mt6HmsLTnnJ/nj6A5MGNt44Ot44Oz44Kw44ON44OD44Kv44Os44K5PC9hPjxiciAvPgogICAgICAgIDxiciAvPgogICAgICAgIDxiciAvPgogICAgICAgIDxiciAvPgogICAgPGltZyBzcmM9Imh0dHBzOi8vaW1hZ2UucmFrdXRlbi5jby5qcC9sZWNvbGxpZXIvY2FiaW5ldC8wMTc2NzU1OC8wMjAwN18xNjA4MzAwMi5qcGciIHdpZHRoPSI2MDAiIC8+PGJyIC8+CiAgICDilqDkvb/nlKjjg43jg4Pjgq/jg6zjgrnvvJo8YSBocmVmPSJodHRwczovL2l0ZW0ucmFrdXRlbi5jby5qcC9sZWNvbGxpZXIvMTAwMDEwNzktMi8iIHRhcmdldD0iX2JsYW5rIj7jg5njg5Pjg7zjg5Hjg7zjg6syMDBjbeOCueODvOODkeODvOODreODs+OCsDwvYT48YnIgLz4KICAgIDxiciAvPgogICAgPGJyIC8+CiAgICA8YnIgLz4KICAgIDxpbWcgc3JjPSJodHRwczovL2ltYWdlLnJha3V0ZW4uY28uanAvbGVjb2xsaWVyL2NhYmluZXQvMDE3Njc1NTgvMDIwMDdfMTYwODMwMDUuanBnIiB3aWR0aD0iNjAwIiBoZWlnaHQ9IjQwMCIgLz4gPGJyIC8+CiAgICA8YnIgLz4KICAgIDxhIGhyZWY9Imh0dHBzOi8vaW1hZ2UucmFrdXRlbi5jby5qcC9sZWNvbGxpZXIvY2FiaW5ldC8wMTc2NzU1OC8wMjAwN18xNjA4MzAwNi5qcGciIHRhcmdldD0iX2JsYW5rIj48aW1nIHNyYz0iaHR0cHM6Ly9pbWFnZS5yYWt1dGVuLmNvLmpwL2xlY29sbGllci9jYWJpbmV0LzAxNzY3NTU4LzAyMDA3XzE2MDgzMDA3LmpwZyIgd2lkdGg9IjYwMCIgYm9yZGVyPSIwIiAvPjwvYT48YnIgLz48L3RkPgogIDwvdHI+CiAgPHRyPiAKICAgIDx0ZD48aW1nIHNyYz0iaHR0cHM6Ly93d3cucmFrdXRlbi5uZS5qcC9nb2xkL2xlY29sbGllci9pbWFnZXMvc3BlY2VyLmdpZiIgd2lkdGg9IjEiIGhlaWdodD0iMzAiPjxiciAvPjwvdGQ+CiAgPC90cj4KPC90YWJsZT4KPGJyIC8+Cjx0YWJsZSB3aWR0aD0iNjAwIiBib3JkZXI9IjEiIGJnY29sb3I9IiNmZmZmZmYiIHN0eWxlPSJmb250LXdlaWdodCA6IDQwMDsiPgogIDx0Ym9keT4KICAgIDx0cj4KICAgICAgPHRkIGNvbHNwYW49IjIiIGFsaWduPSJjZW50ZXIiIHN0eWxlPSJjb2xvciA6ICNjYzAwY2M7YmFja2dyb3VuZC1jb2xvciA6ICNmZmQ5ZmY7Ij48Yj7llYblk4Hjg4fjg7zjgr88L2I+PC90ZD4KICAgIDwvdHI+CiAgICA8dHI+CiAgICAgIDx0ZCBiZ2NvbG9yPSIjZmZmZmZmIj7jgrXjgqTjgro8L3RkPgogICAgICA8dGQgYWxpZ249ImNlbnRlciI+57SEMTkuNcOXMTNtbeOAgeW5hee0hDIuMm1t44CB5YaF5b6E57SEMTTDlzkuMm1tPC90ZD4KICAgIDwvdHI+CiAgICA8dHI+CiAgICAgIDx0ZCBiZ2NvbG9yPSIjZmZmZmZmIj7mnZDos6o8L3RkPgogICAgICA8dGQgYWxpZ249ImNlbnRlciI+U1Y5MjUg44Ot44K444Km44Og5Yqg5bel44CB44K444Or44Kz44OL44KiPC90ZD4KICAgIDwvdHI+CiAgPC90Ym9keT4KPC90YWJsZT4KPC9kaXY+PGltZyBzcmM9Imh0dHBzOi8vaW1hZ2UucmFrdXRlbi5jby5qcC9sZWNvbGxpZXIvY2FiaW5ldC9zdXBwb3J0L2ltZzYyOTU5MDIyLmpwZyIgYm9yZGVyPSIgbm9uZSI+PHN0eWxlIHR5cGU9InRleHQvY3NzIj4KPCEtLQovKiDlgIvmlbDlhaXlipvmrITjga7lpKfjgY3jgZUgKi8KaW5wdXQjdW5pdHMgewpwYWRkaW5nOiAxcHggMHB4Owp9CgovKiDjgYrosrfjgYTnianjgYvjgZTjg5zjgr/jg7Pjga7lpKfjgY3jgZUgKi8KdGQgPiBpbnB1dCB7CmZvbnQtc2l6ZTogMTVweDsKcGFkZGluZzoxMnB4IDMwcHg7CndpZHRoOiBhdXRvO2h0dHBzOi8vbGF5b3V0LnJtcy5yYWt1dGVuLmNvLmpwL3Jtcy9tYWxsL3JzZi9sYXlvdXQvdmM/X19ldmVudD1STDMxXzAwMV8wMDQmc2hvcF9iaWQ9MjI3NjIyJmxheW91dF9jb21tb25faWQ9MzI4OTQKfQoKLyog44GL44GU44Oc44K/44Oz5LiK55S75YOP77yI44Op44OD44OU44Oz44Kw5qGI5YaF77yJICovCnNwYW4udW5pdCB7CgkgYmFja2dyb3VuZDogdXJsKGh0dHBzOi8vaW1hZ2UucmFrdXRlbi5jby5qcC9sZWNvbGxpZXIvY2FiaW5ldC9zdXBwb3J0L2ltZzYzODc2NjU2LmpwZykgbm8tcmVwZWF0IGxlZnQgdG9wOwoJdGV4dC1pbmRlbnQ6LTk5OTk7IAoJZGlzcGxheTogYmxvY2s7Cgl3aWR0aDogMzAwcHg7CgloZWlnaHQ6IDYwcHg7CgltYXJnaW46MTBweCAwIDAgMDsKCSB9CgovKiDpgbjmip7ogqLlhoXntI3mnJ/mg4XloLHoqK3lrpogKi8KdGQuaW52ZW50b3J5IGZvbnR7Zm9udC1zaXplOjEwcHg7Y29sb3I6Izk5OTk5OTt9CnRkLmludmVudG9yeXt3b3JkLXdyYXA6YnJlYWstd29yZDt3aWR0aDo4MHB4O30KLS0+Cjwvc3R5bGU+Cgo8YnI+Cjxicj4KCgo8dGFibGUgYm9yZGVyPSIwIiBjZWxscGFkZGluZz0iMCIgY2VsbHNwYWNpbmc9IjAiCiB3aWR0aD0iNzUwIj4KIDwhLS3nibnpm4bjg5Djg4rjg7zpg6jliIYtLT4KIDx0cj4KIDx0ZD4KCjxpbWcgc3JjPSJodHRwczovL2ltYWdlLnJha3V0ZW4uY28uanAvbGVjb2xsaWVyL2NhYmluZXQvMDA0NzQxMDgvaW1ncmMwMDcxNzg1OTk0LmpwZyIgYWx0PSLnnJ/nj6DjgrPjg6zjgq/jgrfjg6fjg7MiICB3aWR0aD0iNzUwIiBib3JkZXI9IjAiLz48YnIgLz4KPGJyIC8+CgogPC90ZD4KIDwvdHI+CgoKIDwhLS3jgqvjg4bjgrTjg6rjg5Djg4rjg7zpg6jliIYtLT4KIDx0cj4KIDx0ZD4KIAo8aW1nIHNyYz0iaHR0cHM6Ly9pbWFnZS5yYWt1dGVuLmNvLmpwL2xlY29sbGllci9jYWJpbmV0L3BlYXJsLzA1MzI3MzgwL2ltZ3JjMDA3MTExMTUwMC5qcGciIGFsdD0i44OV44Kp44O844Oe44Or44OR44O844OrIiAgd2lkdGg9Ijc1MCIgYm9yZGVyPSIwIi8+PGJyIC8+CjxiciAvPgoKIDwvdGQ+CiA8L3RyPgo8IS0t44Kr44OG44K044Oq44OQ44OK44O86YOo5YiG44CA44GT44GT44G+44GnLS0+CgoKPC90YWJsZT4=,44Kt44Op44Kt44OpY3rjgrfjg6fjg7zjg4jjg4rjg7wg44Kv44Oq44OD44Kr44O8IOODreODs+OCsOODjeODg+OCr+ODrOOCueOBruOCouODrOODs+OCuOOBq+OAgFNWOTI177ya44Or44Kz44Oq44Ko,55yf54+g44OR44O844Or44OU44Ki44K544Ot44OD44Kv5Y2X5rSL55yf54+g55m96J226buS6J2244K/44OS44OB44Kv44Oq44K544Oh44Op6JC944Gh44Gq44GE44OR44O844Or44Ot44Oz44Kw44ON44OD44Kv44Os44K556KM5bGx44OU44Ki44K544Kt44Oj44OD44OB44Or44Kz44Oq44Ko5aSn54+g44K044O844Or44OJ44OR44O844Or44Oe44Or44OB44Kr44Op44O85reh5rC044Ki44Kz44Ok44Kq44Oh44Ks44OB44Kn44O844OzUk9LVVpBTuOCreODqeOCreODqWN644K344On44O844OI44OK44O8IOOCr+ODquODg+OCq+ODvCDjg63jg7PjgrDjg43jg4Pjgq/jg6zjgrnjga7jgqLjg6zjg7PjgrjjgavjgIBTVjkyNQ==,44Kt44Op44Kt44OpY3rjgrfjg6fjg7zjg4jjg4rjg7wg44Kv44Oq44OD44Kr44O8IOODreODs+OCsOODjeODg+OCr+ODrOOCueOBruOCouODrOODs+OCuOOBq+OAgFNWOTI1[rn]
39-1094,aHR0cDovL3RzaG9wLnIxMHMuanAvemFrdW1hL2NhYmluZXQvaXRlbTgvdXZjcmFmdF81NS5qcGc/Zml0aW49NzAwOjcwMA==,MTU1NS4yMDAw,,44K444Ol44Ko44Oq44O844O744Ki44Kv44K744K144Oq44O8ID4g44K444Ol44Ko44Oq44O844O744Ki44Kv44K744K144Oq44O855So5ZOBID4g44Gd44Gu5LuW,44CQ5riF5Y6f44CA77y177y244Kv44Op44OV44OI44Os44K444Oz5ray44CANTVn44CR,,PHRhYmxlIHdpZHRoPSIzODAiIGJvcmRlcj0iMCIgY2VsbHBhZGRpbmc9IjUiIGNlbGxzcGFjaW5nPSIxIiBiZ2NvbG9yPSIjNjYzMzMzIj4KPHRyPgogICAgICAgICAgICA8dGQgYmdjb2xvcj0iI0ZGRkZGRiI+CiAgICAgICAgICAgICAgPFRBQkxFIHdpZHRoPTM4MCBib3JkZXI9MCBjZWxsUGFkZGluZz0yIGNlbGxTcGFjaW5nPTI+CiAgICAgICAgICAgICAgICA8VEJPRFk+CiAgICAgICAgICAgICAgICAgIAogICAgICAgICAgICAgICAgICA8VFIgYmdDb2xvcj0iI2ZmZmZmZiI+CiAgICAgICAgICAgICAgICAgICAgPFREIGJnQ29sb3I9IiM2NjMzMzMiIG5vV3JhcCBhbGlnbj0ibWlkZGxlIj48ZGl2IGFsaWduPSJjZW50ZXIiPjxmb250IGNvbG9yPSIjRkZGRkZGIj48c3Ryb25nPuadkOOAgOizqjwvc3Ryb25nPjwvZm9udD48L2Rpdj48L1REPgogICAgICAgICAgICAgICAgICAgIDxURCBhbGlnbj0ibGVmdCI+VVbjg6zjgrjjg7PmtrI8L1REPgogICAgICAgICAgICAgICAgICA8L1RSPgogICAgICAgICAgICAgICAgICA8VFIgYmdDb2xvcj0iI2ZmZmZmZiI+CiAgICAgICAgICAgICAgICAgICAgPFREIGJnQ29sb3I9IiM2NjMzMzMiIGFsaWduPSJtaWRkbGUiPjxkaXYgYWxpZ249ImNlbnRlciI+PGZvbnQgY29sb3I9IiNGRkZGRkYiPjxzdHJvbmc+5ZWG5ZOB6Kqs5piOPC9zdHJvbmc+PC9mb250PjwvZGl2PjwvVEQ+CiAgICAgICAgICAgICAgICAgICAgPFREIGFsaWduPSJsZWZ0Ij7igJzvvLXvvLbjgq/jg6njg5Xjg4jjg6zjgrjjg7PigJ3vvJXvvJVn5YWl44KK44CB44OZ44O844K544O744OB44Oj44O844Og44Go57WE44G/5ZCI44KP44Gb44Gm44GU5Yip55So5LiL44GV44GE44CCPGJyIC8+CiAgICAgICAgICAgICAgICAgICAg56Gs5YyW5pmC6ZaT44Gv5bCC55So44Op44Oz44OX44Gn57SE77yT772e77yV5YiG44CB5aSq6Zm95YWJ44Gn57SEMzDliIbjgY/jgonjgYTjgafjgZnjgII8L1REPgogICAgICAgICAgICAgICAgICA8L1RSPgogICAgICAgICAgICAgICAgICA8VFIgYmdDb2xvcj0iI2ZmZmZmZiI+CiAgICAgICAgICAgICAgICAgICAgPFREIGJnQ29sb3I9IiM2NjMzMzMiIGFsaWduPSJtaWRkbGUiPjxkaXYgYWxpZ249ImNlbnRlciI+PGZvbnQgY29sb3I9IiNGRkZGRkYiPjxzdHJvbmc+54m56ZW3PC9zdHJvbmc+PC9mb250PjwvZGl2PjwvVEQ+CiAgICAgICAgICAgICAgICAgICAgPFREIGFsaWduPSJsZWZ0Ij7noazljJbjgrnjg5Tjg7zjg4njgYzpgJ/jgYTjga7jgafku5XkuIrjgYzjgorjgYzml6njgYTvvIE8YnIgLz4KICAgICAgICAgICAgICAgICAgICDntKvlpJbnt5rjgavlvZPjgabjgarjgYTjgajnoazljJbjgZfjgarjgYTjga7jgafjgIHkvZzmpa3mgKfjgavjgZnjgZDjgozjgabjgYTjgb7jgZnjgII8L1REPgogICAgICAgICAgICAgICAgICA8L1RSPgogICAgICAgICAgICAgICAgICAKCiAgICAgICAgICAgICAgICAgIAoKICAgICAgICAgICAgICAgICAgCiAgICAgICAgICAgICAgICAgIDxUUj4KICAgICAgICAgICAgICAgICAgICA8VEQgd2lkdGg9IjY4IiBub3dyYXAgYmdDb2xvcj0iIzY2MzMzMyI+PGRpdiBhbGlnbj0iY2VudGVyIj48Zm9udCBjb2xvcj0iI0ZGRkZGRiI+PHN0cm9uZz7luoPlkYrmlofosqw8L3N0cm9uZz48L2ZvbnQ+PC9kaXY+PC9URD4KICAgICAgICAgICAgICAgICAgICA8VEQgd2lkdGg9IjI5OCI+5pyJ6ZmQ5Lya56S+44Oh44OH44Kj44Kr44Or44OI44Os44O844OH44Kj44Oz44KwPEJSPgogICAgICAgICAgICAgICAgICAgIFRFTDowNDktMjk4LTc3MTQgPC9URD4KICAgICAgICAgICAgICAgICAgPC9UUj4KICAgICAgICAgICAgICAgIDwvVEJPRFk+CiAgICA8L1RBQkxFPjwvdGQ+CiAgPC90cj4KICAgICAgICA8L3RhYmxlPjwhLS0tLT4=,44CQ5riF5Y6f44CA77y177y244Kv44Op44OV44OI44Os44K444Oz5ray44CANTVn44CR77ya44K244Kv44K244Kv44Oe44O844Kx44OD44OI,5YGl5bq36aOf5ZOB44OA44Kk44Ko44OD44OI6aOf5ZOB44K244Kv44K244Kv44Oe44O844Kx44OD44OI6Kmx6aGM44Gu5ZWG5ZOB44Oe44Kk44Kv44Ot44OA44Kk44Ko44OD44OI44GC44KL44GC44KL5aSn6L6e5YW46LK344GG44OH44OI44Kt44K344Oj44Oz44OQ44K544K444Ol44ON44K5MTIw44K744Or44Oe44OI44Oq44OD44Kv44K56buE6YeR5a6u44Kz44Ko44Oz44K244Kk44Og77yx77yR77yQ44OA44Kk44Ko44OD44OI44K144OX44Oq44Oh44Oz44OI44Kz44Ko44Oz44K244Kk44OgUTEw576O5a6544Ki44Or44OV44Kh44Oq44Od6YW444Kr44Or44OL44OB44Oz44Kq44Or44OL44OB44Oz44Kv44Os44Ki44OB44Oz44CQ5riF5Y6f44CA77y177y244Kv44Op44OV44OI44Os44K444Oz5ray44CANTVn44CR,44CQ5riF5Y6f44CA77y177y244Kv44Op44OV44OI44Os44K444Oz5ray44CANTVn44CR[rn]
39-1095,aHR0cDovL3RzaG9wLnIxMHMuanAvbWFuaWVydS1wYXJ0eS9jYWJpbmV0LzA0OTQxNDYxL2ltZ3JjMDA2NDU1NDEyNC5qcGc/Zml0aW49NzAwOjcwMA==,NDE0Ny4yMDAw,,44K444Ol44Ko44Oq44O844O744Ki44Kv44K744K144Oq44O8ID4g44K444Ol44Ko44Oq44O844O744Ki44Kv44K744K144Oq44O855So5ZOBID4g44Gd44Gu5LuW,44CQ44K344Oj44OT44O844K344OD44Kv44CR44CQ44OV44Os44Oz44OB44CR44CQ44Kv44Op44K344OD44Kv44CR44CQ44O044Kj44Oz44OG44O844K444CR44CQ44Kk44Oz44OG44Oq44Ki44CR44CQ44Ki44Kv44K744K144Oq44O844K544K/44Oz44OJ44CR44CQ5bCP54mp44CR44CQ6ZuR6LKo44CR44CQ44OI44Or44K944O844CR44CQ5pyo6KO944CR44CQ44Km44OD44OJ44CR44CQ44ON44OD44Kv44Os44K55Y+O57SN44CR44CQ44ON44OD44Kv44Os44K55o6b44GR44CR44CQ44K444Ol44Ko44Oq44O855So5ZOB44CR44OH44Kj44K544OX44Os44Kk4piG44K344Oj44OT44O844K344OD44Kv44OI44Or44K944O84piG44K544Kv44Ko44Ki5Z6L,44K344Oj44OT44O844K344OD44Kv4piG44OI44Or44K944O84piG44Ki44Kv44K744K144Oq44O844K544K/44Oz44OJ4piG6ZuR6LKo,PGRpdiBjbGFzcz0iY29udGVudHMiPjxpbWcgc3JjPSIKaHR0cDovL2ltYWdlLnJha3V0ZW4uY28uanAvbWFuaWVydS1wYXJ0eS9jYWJpbmV0LzA0OTQxNDYxL2ltZ3JjMDA2NDU1NDEyOS5qcGcKIi8+PC9kaXY+CjxwIGNsYXNzPSJkaXNwIj4K44CQ44K344Oj44OT44O844K344OD44Kv44CR44CQ44OV44Os44Oz44OB44CR44CQ44Kv44Op44K344OD44Kv44CR44CQ44O044Kj44Oz44OG44O844K444CR44CQ44Kk44Oz44OG44Oq44Ki44CR44CQ44Ki44Kv44K744K144Oq44O844K544K/44Oz44OJ44CR44CQ5bCP54mp44CR44CQ6ZuR6LKo44CR44CQ44OI44Or44K944O844CR44CQ5pyo6KO944CR44CQ44Km44OD44OJ44CR44CQ44ON44OD44Kv44Os44K55Y+O57SN44CR44CQ44ON44OD44Kv44Os44K55o6b44GR44CR44CQ44K444Ol44Ko44Oq44O855So5ZOB44CR44CQ44OH44Kj44K544OX44Os44Kk44CR44CQ44Ks44O844OH44OL44Oz44Kw44CRCjwvcD4KPHAgIGNsYXNzPSJyZXR1cm5fbGluayI+6L+U5ZOB44O75Lqk5o+b44Gr44Gk44GE44GmPC9wPgo8YnI+Cgo8cCBjbGFzcz0iZGV0YWlsX3R4dCI+CuKYhee0oOadkOOAgOacqOijvTxicj4K4piF5Y+C6ICD44K144Kk44K644CAVzE1MMOXRDY1w5dIMzAwbW0KPGJyPjxmb250IGNvbG9yPSIjRkYwMEZGIj7lj4LogIPjga7jgrXjgqTjgrrjgafjgZnjgILjgbLjgajjgaTjgbLjgajjgaTmiYvkvZzjgorjga7jgZ/jgoHjgIHjgrXjgqTjgrrjgoTlvaLnirbjgavjg5Djg6njgaTjgY3jgYzjgYLjgorjgb7jgZnjgII8L2ZvbnQ+PGJyPgrimIXnlJ/nlKPlm73jgIBJbmRvbmVzaWE8YnI+PGJyPgrjgqjjg6zjgqzjg7Pjg4jjgafjgq/jg6njgrfjg4Pjgq/jgarpm7Dlm7LmsJfjgYzmvILjgYbjgrfjg6Pjg5Pjg7zjgrfjg4Pjgq/jgarjg4jjg6vjgr3jg7zjgII8YnI+CuOBiuawl+OBq+WFpeOCiuOBruOCuOODpeOCqOODquODvOOChOOCouOCr+OCu+OCteODquODvOOCkumjvuOBo+OBpue0oOaVteOBquOCpOODs+ODhuODquOCouOBq+OAgjxicj4K5bGV56S65Lya44KE5bqX6IiX44OH44Kj44K544OX44Os44Kk44Go44GX44Gm44KC44GK5L2/44GE44GE44Gf44Gg44GR44G+44GZ44CCCjxicj4K5L2/44GE5Y+k44GV44KM44Gf44KI44GG44Gq5aGX6KOF44Gr44KC5ZOB44KE5ZGz44KP44GE44GM44GC44KK44G+44GZ44CCPGJyPgo8YnI+CuaWsOWFpeiNt+OBruOCueOCr+OCqOOCouOCv+OCpOODl+OBp+OBmeOAggo8YnI+Cjxicj4KPC9wPgoKCuKYheOBlOizvOWFpeOBrumam+OBr+OBlOazqOaEj+OBj+OBoOOBleOBhOOAgjxicj4K4oC75pKu5b2x55So44Gu44K444Ol44Ko44Oq44O844O744OH44Kj44K544OX44Os44Kk562J44Gv5LuY5bGe44GX44G+44Gb44KT44CCPGJyPgrigLvmsLTlubPjgarloLTmiYDjgafjgZTkvb/nlKjjgY/jgaDjgZXjgYTjgII8YnI+CuKAu+ebtOWwhOaXpeWFieOBruW9k+OBn+OCi+WgtOaJgOOChOa5v+W6puOBrumrmOOBhOWgtOaJgOOBp+OBruOBlOS9v+eUqOOBr+mBv+OBkeOBpuOBj+OBoOOBleOBhOOAgjxicj4K4oC744GK5a2Q5qeY44Gu5omL44Gu5bGK44GL44Gq44GE5omA44Gr5L+d566h44GX44Gm44GP44Gg44GV44GE44CCPGJyPgo8YnI+CuKAu+KAu+KAu+KAu+KAu+KAu+KAu+KAu+KAu+KAuzxicj4KPGJyPgo8YnI+CuKYhuOBlOS9v+eUqOOBruODouODi+OCv+eSsOWig+etieOBq+OCiOOCiuWun+mam+OBruWVhuWTgeOBqOiJsuWQiOOBhOOBjOeVsOOBquOCi+WgtOWQiOOBjOOBlOOBluOBhOOBvuOBmeOBruOBp+S6iOOCgeOBlOS6huaJv+OBj+OBoOOBleOBhOOAgjxicj4KPGJyPgrimIbjgZTms6jmloflrozkuoblvozjga7llYblk4Hjga7jgq3jg6Pjg7Pjgrvjg6vjg7vlpInmm7Tjga/lh7rmnaXjgb7jgZvjgpPjga7jgaflv4XjgZrjgZTms6jmloflhoXlrrnjgpLjgZTnorroqo3jgY/jgaDjgZXjgYTjgII8YnI+Cjxicj4K4piG5ZWG5ZOB44KS6KSH5pWw44GU6LO85YWl44GE44Gf44Gg44GE44Gf5aC05ZCI44Gv44CB6YCB5paZ44GMODDjgrXjgqTjgrrku6XkuIrvvIgxMDDvvZ7vvInjgajjgarjgovjgZPjgajjgoLjgZTjgZbjgYTjgb7jgZnjgILjgZ3jga7pmpvjga/jg6Hjg7zjg6vjgavjgabph5HpoY3jgpLjgZTpgKPntaHoh7TjgZfjgb7jgZnjgII8YnI+Cjxicj4K4piG5pC65biv6Zu76Kmx562J44Gu6L+35oOR44Oh44O844Or44Gu5Y+X5L+h5ouS5ZCm6Kit5a6a44CB44Km44Kj44Or44K544K944OV44OI44Gr44KI44KL6Kit5a6a44Gu44Gf44KB44CB5qW95aSp44K344On44OD44OX44GL44KJ44Gu44GU6YCj57Wh44GM44GK5a6i5qeY44G45bGK44GL44Gq44GE5LqL5L6L44GM44GU44GW44GE44G+44GZ44CC5LiH5LiA44CB44GU5rOo5paH44GL44KJM+WWtualreaXpeOCkumBjuOBjuOBpuOCguOBlOmAo+e1oeOBjOOBquOBhOOBiuWuouanmOOBr+W9k+W6l+OBuOOBiuWVj+OBhOWQiOOCj+OBm+OBhOOBn+OBoOOBkeOBvuOBmeOCiOOBhuOBiumhmOOBhOiHtOOBl+OBvuOBmeOAgjxicj4KPGJyPgrimIbovLjlhaXjgqLjgqTjg4bjg6DjgavjgaTjgY3jgb7jgZfjgabjga/jgIHoo73lk4HjgoTjg5Hjg4PjgrHjg7zjgrjjgavjgIzlgrfjg7vmsZrjgozjg7voibLjg6Djg6njg7vnuKvoo73jgYznspfjgYTjg7vlpJrlsJHjga7jgbvjgaTjgozjg7vmjqXnnYDliaTjga7ot6Hjg7sg5oqY44KK55uu44CN562J44GM44GC44KL5aC05ZCI44GM44GU44GW44GE44G+44GZ44CCPGJyPgrkuIroqJjjga7jgojjgYbjgarloLTlkIjjgafjgoLmtbflpJbln7rmupbjgavjgabkuI3oia/lk4HmibHjgYTjgavjga/jgarjgorjgb7jgZvjgpPjga7jgafjgIHkuqTmj5vov5Tlk4HjgpLmib/jgovjgZPjgajjgYzlh7rmnaXjgb7jgZvjgpPjgII8YnI+CuS4jeiJr+WTgeetieOBruWgtOWQiOOBq+OBr+WVhuWTgeWIsOedgOW+jDXml6Xku6XlhoXjgavjgZTpgKPntaHjgY/jgaDjgZXjgYTjgIIKPGJyPjxkaXYgY2xhc3M9ImNvbnRlbnRzIj48L2Rpdj4=,44CQ44K344Oj44OT44O844K344OD44Kv44CR44CQ44OV44Os44Oz44OB44CR44CQ44Kv44Op44K344OD44Kv44CR44CQ44O044Kj44Oz44OG44O844K444CR44CQ44Kk44Oz44OG44Oq44Ki44CR44CQ44Ki44Kv44K744K144Oq44O844K544K/44Oz44OJ44CR44CQ5bCP54mp44CR44CQ6ZuR6LKo44CR44CQ44OI44Or44K944O844CR44CQ5pyo6KO944CR44CQ44Km44OD44OJ44CR44CQ44ON44OD44Kv44Os44K55Y+O57SN44CR44CQ44ON44OD44Kv44Os44K55o6b44GR44CR44CQ44K444Ol44Ko44Oq44O855So5ZOB44CR44OH44Kj44K544OX44Os44Kk4piG44K344Oj44OT44O844K344OD44Kv44OI44Or44K944O84piG44K544Kv44Ko44Ki5Z6L77yabWFuaWVydSBwYXJ0eQ==,44K444Ol44Ko44Oq44O844K444Ol44Ko44Oq44O844K544K/44Oz44OJ44Ki44Kv44K744K144Oq44O844K544K/44Oz44OJ44Of44OL44OI44Or44K944O844Oe44ON44Kt44Oz44OU44Ki44K544ON44OD44Kv44Os44K544OH44Kj44K544OX44Os44Kk44G144GP44GV55+l6IKy546p5YW344OZ44OT44O844K544K/44Kk44KI44Gg44KM44GL44GR44Oh44Op44Of44Oz44Oh44Op44Of44Oz6aOf5Zmo44K344Oj44OT44O844K344OD44Kv6ZuR6LKo44Kk44Oz44OG44Oq44Ki44Ki44Km44OI44Os44OD44OI44Oe44OL44Ko44O844Or44OR44O844OG44Kj44O844CQ44K344Oj44OT44O844K344OD44Kv44CR44CQ44OV44Os44Oz44OB44CR44CQ44Kv44Op44K344OD44Kv44CR44CQ44O044Kj44Oz44OG44O844K444CR44CQ44Kk44Oz44OG44Oq44Ki44CR44CQ44Ki44Kv44K744K144Oq44O844K544K/44Oz44OJ44CR44CQ5bCP54mp44CR44CQ6ZuR6LKo44CR44CQ44OI44Or44K944O844CR44CQ5pyo6KO944CR44CQ44Km44OD44OJ44CR44CQ44ON44OD44Kv44Os44K55Y+O57SN44CR44CQ44ON44OD44Kv44Os44K55o6b44GR44CR44CQ44K444Ol44Ko44Oq44O855So5ZOB44CR44OH44Kj44K544OX44Os44Kk4piG44K344Oj44OT44O844K344OD44Kv44OI44Or44K944O84piG44K544Kv44Ko44Ki5Z6L,44K344Oj44OT44O844K344OD44Kv4piG44OI44Or44K944O84piG44Ki44Kv44K744K144Oq44O844K544K/44Oz44OJ4piG6ZuR6LKo44CC44CQ44K344Oj44OT44O844K344OD44Kv44CR44CQ44OV44Os44Oz44OB44CR44CQ44Kv44Op44K344OD44Kv44CR44CQ44O044Kj44Oz44OG44O844K444CR44CQ44Kk44Oz44OG44Oq44Ki44CR44CQ44Ki44Kv44K744K144Oq44O844K544K/44Oz44OJ44CR44CQ5bCP54mp44CR44CQ6ZuR6LKo44CR44CQ44OI44Or44K944O844CR44CQ5pyo6KO944CR44CQ44Km44OD44OJ44CR44CQ44ON44OD44Kv44Os44K55Y+O57SN44CR44CQ44ON44OD44Kv44Os44K55o6b44GR44CR44CQ44K444Ol44Ko44Oq44O855So5ZOB44CR44OH44Kj44K544OX44Os44Kk4piG44K344Oj44OT44O844K344OD44Kv44OI44Or44K944O84piG44K544Kv44Ko44Ki5Z6L[rn]
39-1096,aHR0cDovL3RzaG9wLnIxMHMuanAvZ3JhZGVvbmUvY2FiaW5ldC9leC9waXRhcmluZ3IuZ2lmP2ZpdGluPTcwMDo3MDA=,Mjc4LjQwMDA=,,44K444Ol44Ko44Oq44O844O744Ki44Kv44K744K144Oq44O8ID4g44K444Ol44Ko44Oq44O844O744Ki44Kv44K744K144Oq44O855So5ZOBID4g44Gd44Gu5LuW,44CQ5qW95aSp44Op44Oz44Kt44Oz44KwMeS9jeOBqOS/oemgvOOBp+OBjeOCizHkuIflgIvjga7osqnlo7Llrp/nuL4hIeOAkeODlOOCv+ODquODs+OCsCjmjIfovKrmraLjgoHjg7vjg6rjg7PjgrDjgrXjgqTjgrroqr/mlbTmqLnohILjg5Hjg7zjg4Qp,5oyH6Lyq44Go5oyH44Gu6ZaT44Gr5oyf44KA44Gg44GR77yB6Zai56+A44GM5aSn44GN44GE5pa544Gr44Gv54m544Gr5L6/5Yip4pmq,PGltZyBzcmM9Ii9ncmFkZW9uZS9jYWJpbmV0L2V4L3BpdGFyaW5nZl8xLmdpZiI+PEJSPgo8UCBhbGlnbj0iY2VudGVyIj48Qj48Rk9OVCBDT0xPUj0iI2NjMDA2NiIgc2l6ZT0iNCI+5oyH6Lyq44GM5Zue44Gj44Gm5Zuw44Gj44Gm44GX44G+44GG5pa544G45oyH6Lyq44Go5oyH44Gu6ZaT44Gr5oyf44KA44Gg44GR77yBPEJSPumWouevgOOBjOWkp+OBjeOBhOaWueOBq+OBr+eJueOBq+S+v+WIqeOCouOCpOODhuODoOKZqiA8L0ZPTlQ+PC9CPjxCUj48QlI+PEJSPgo8SU1HIFNSQz0iL2dyYWRlb25lL2ltZzEwMTIyMDU3Mzc1LmpwZWciIEJPUkRFUj0iMCI+PEJSPjxCUj4KPElNRyBTUkM9Ii9ncmFkZW9uZS9pbWcxMDEyMjA1NzM3Ni5qcGVnIiBCT1JERVI9IjAiPjxCUj48QlI+CjxJTUcgU1JDPSIvZ3JhZGVvbmUvaW1nMTAxMjIwNTc5NTQuanBlZyIgQk9SREVSPSIwIj4KPC9QPjxCUj4KPElNRyBTUkM9Imh0dHA6Ly9pbWFnZS5yYWt1dGVuLmNvLmpwL2dyYWRlb25lL2NhYmluZXQvMWJuMTMuZ2lmIiBCT1JERVI9IjAiPjxzdHlsZSB0eXBlPSJ0ZXh0L2NzcyI+CjwhLS0KCnNwYW4uY2F0Y2hfY29weSwKc3Bhbi5pdGVtX25hbWUgewogIGxpbmUtaGVpZ2h0OiAxODAlOwp9CgovKiDjgq3jg6Pjg4Pjg4HjgrPjg5Tjg7zkuIrpg6jjgavjg6njg5njg6vjgYzjgaTjgY8gKi8Kc3Bhbi5jYXRjaF9jb3B5OmJlZm9yZSB7CiAgICBjb250ZW50OiAi44Oh44O844Or5L6/6YCB5paZ54Sh5paZIjsgLyrjg6njg5njg6vlhoXjga7mlofoqIAqLwogICAgd2lkdGg6IDEwMHB4OyAvKuODqeODmeODq+OBruOCteOCpOOCuiovCiAgICBiYWNrZ3JvdW5kLWNvbG9yOiAjYmYwMDAwOyAvKuODqeODmeODq+OBruiJsiovCiAgICBmb250LXNpemU6IDExcHg7CiAgICBjb2xvcjogI2ZmZjsKICAgIHRleHQtYWxpZ246IGNlbnRlcjsKICAgIGRpc3BsYXk6IGJsb2NrOwogICAgcGFkZGluZzogMXB4IDRweDsKICAgIG1hcmdpbi1ib3R0b206IDRweDsKICAgIGJvcmRlci1yYWRpdXM6IDJweDsKICAgIGNsZWFyOiBib3RoOwp9CgovKiDllYblk4HlkI3kuIvjgavlooPnlYznt5rjgYzlhaXjgosgKi8Kc3Bhbi5pdGVtX25hbWUgewogICAgZGlzcGxheTogYmxvY2s7CiAgICBib3JkZXItYm90dG9tOiAycHggZG90dGVkICNkZGQ7CiAgICBwYWRkaW5nLWJvdHRvbTogOHB4Owp9CgovKiDkvqHmoLzjgavmnqDnt5rjgYzjgaTjgY8gKi8KdGFibGUjcmFrdXRlbkxpbWl0ZWRJZF9jYXJ0IHsKICAgIGJhY2tncm91bmQtY29sb3I6ICNmOGY4Zjg7CiAgICBib3JkZXI6IDFweCBzb2xpZCAjZGRkOwogICAgcGFkZGluZzogOHB4OwogICAgbWFyZ2luOiAxNnB4IDA7Cn0KCnNwYW4ucHJpY2UxIHsKICAgIGNvbG9yOiAjMzMzICFpbXBvcnRhbnQ7CiAgICBmb250LXdlaWdodDogYm9sZDsKICAgIGZvbnQtc2l6ZTogODAlICFpbXBvcnRhbnQ7CiAgICBsaW5lLWhlaWdodDogMzBweDsKICAgIGRpc3BsYXk6IGlubGluZS1ibG9jazsKICAgIG1hcmdpbi1yaWdodDogMTZweDsKfQoKLS0+Cjwvc3R5bGU+Cgo8c3R5bGUgdHlwZT0idGV4dC9jc3MiPgo8IS0tCnNwYW4udW5pdCB7IGJhY2tncm91bmQ6IHVybChodHRwOi8vaW1hZ2UucmFrdXRlbi5jby5qcC9ncmFkZW9uZS9jYWJpbmV0L2RhaWJpa2lodWthLmdpZikgbm8tcmVwZWF0IGxlZnQgdG9wOyB0ZXh0LWluZGVudDoKLTk5OTk7IGRpc3BsYXk6IGJsb2NrOyB3aWR0aDogMjU5OyBoZWlnaHQ6IDI3OyBtYXJnaW46MTVweCAwOyB9Ci0tPgo8L3N0eWxlPgoKPFA+CuOAkOWVhuWTgeiqrOaYjuOAkTxCUj4K44OU44K/44Oq44Oz44Kw44Gv5oyH6Lyq44Go5oyH44Gu6ZaT44Gr44Gv44GV44KA44Gg44GR44Gn44KG44KL44GE5oyH6Lyq44KSPEJSPuaMh+OBq+ODleOCo+ODg+ODiOOBleOBm+OCi+OBk+OBqOOBjOWHuuadpeOCi+ODkeODvOODhOOBp+OBmeOAgjxCUj48QlI+CumWouevgOOBq+aMh+i8quOCteOCpOOCuuOCkuWQiOOCj+OBm+OCi+OBqOaMh+i8quOBjOWbnuOBo+OBpgrjgZfjgb7jgYY8QlI+44GT44Go44Gn44GK5Zuw44KK44Gu5pa544KE44CB5oyH6Lyq44GM44KG44KL44GPCuOBquOBo+OBn+aZguOBq+S+v+WIqeOBp+OBmeOAgjxCUj48QlI+CjxiPjxmb250IGNvbG9yPSIjQ0QwMDAwIj7oqr/nr4Djg5Hjg7zjg4Tjga/jg6rjg7PjgrDjga7lvaLjgavlkIjjgo/jgZvjgaboloTlnovjgagK5Y6a5Z6L44CBPEJSPue0sCjntIQybW3luYXlr77lv5wp44O75LimKOe0hDNtbeW5heWvvuW/nCkK44O7PEJSPuW5heW6gyjntIQ0bW3luYXlr77lv5wp44GuNuOCv+OCpOODl+OBjOWFpeOBo+OBpuOBhOOBvuOBmeOAgjwvZm9udD48L2I+PEJSPjxCUj4KPGZvbnQgY29sb3I9IiMwMDY0MDAiPgrjgJDlupfplbfjga7nnYDnlKjmhJ/mg7PjgJE8QlI+CuODkeODvOODhOiHquS9k+aflOOCieOBi+OBhOe0oOadkOOBp+OBr+OBguOCiuOBvuOBm+OCk+OBjDxCUj4K6KOF552A5oSf44Gv5q+U6LyD55qE6Ieq54S244Gn44CB44Gk44GR44Gm44KC5oyH44KS5a655piT44GrPEJSPgrmm7LjgZLjgovjgZPjgajjgYzjgafjgY3jgIHljYrpgI/mmI7jgqvjg6njg7zjgafjgZnjga7jgac8QlI+CuaOjOOCkuS4iuOBq+OBl+OBpumgguOBhOOBpuOCguebrueri+OBoeOBvuOBm+OCk+OAgjxCUj48QlI+CuOCteOCpOOCuuiqv+aVtOOBrzHlj7fjgYvjgokz5Y+344G+44Gn44Go44GK6ICD44GIPEJSPgrpoILjgY/jgajjgojjgo3jgZfjgYTjgYvjgajmgJ3jgYTjgb7jgZnjgII8QlI+PEJSPgrjg5Hjg7zjg4Tjgavjga8044Gk44Gu54iq44GM56uL44Gj44Gm44GE44G+44GZ44Gu44GnPEJSPgrmjIfovKrjgYzjg5Hjg7zjg4TjgYvjgonlpJbjgozjgavjgY/jgY/jgarjgaPjgabjgYrjgoo8QlI+CuODkeODvOODleOCp+OCr+ODiOOBqOOBr+OBhOOBjeOBvuOBm+OCk+OBjOWIpee0meOBp+iqrOaYjuabuOOCgjxCUj4K44Gk44GE44Gm44GE44Gm44GE44KL5L6/5Yip44Gq44Ki44Kk44OG44Og44Gn44GZ44KIPC9mb250PjxCUj48QlI+CjxiPjxmb250IGNvbG9yPSIjQjAzMDYwIj7ilqDjg43jgrPjg53jgrko5pen6YCf6YGU44Oh44O844Or5L6/KeOCkuOBlOWIqeeUqOOBruWgtOWQiOOBr+WIpemAlDIwMOWGhuOBi+OBi+OCiuOBvuOBmeOAgjxCUj48QlI+4pag44Oh44O844Or5L6/44Gu5Luj5byV44GN44Gv44Gn44GN44G+44Gb44KT44CCPEJSPjxCUj4K4pag44Oh44O844Or5L6/44Gv44Od44K544OI5oqV5Ye944Gu44Gf44KB5pmC6ZaT44O75puc5pel44O75pel5LuY5oyH5a6a44Gv44Gn44GN44G+44Gb44KT44CCIDwvZm9udD4KPC9iPjwvcD4KCjxiPjxmb250IGNvbG9yPSIjZmY2MzQ3IiBmb250IHNpemU9KzE+4pag6KSH5pWw5YCL44Gu44GU5rOo5paH44Gv44GT44Gh44KJ44GM44GK5b6X44Gn44GZPC9mb250PjwvQj48cCBBTElHTj0iQ0VOVEVSIiA+CjxUQUJMRSBCT1JERVI9IjAiIHdpZHRoPSI3MTAiID4KCjxUUj48VEQgQUxJR049IkNFTlRFUiI+Cgo8SU1HIFNSQz0iaHR0cDovL2ltYWdlLnJha3V0ZW4uY28uanAvZ3JhZGVvbmUvY2FiaW5ldC9waXMvYW1lcmljYW4uanBnIiBCT1JERVI9IjAiIHdpZHRoPSI2OTUiPgo8L1REPjwvVFI+CgoKPFRSPjxURCBBTElHTj0iQ0VOVEVSIj4KCjxJTUcgU1JDPSJodHRwOi8vaW1hZ2UucmFrdXRlbi5jby5qcC9ncmFkZW9uZS9jYWJpbmV0L25yci8yODY0ODBzcDMtMy5qcGciIEJPUkRFUj0iMCIgd2lkdGg9IjY5NSI+CjwvVEQ+PC9UUj4KCjxUUj48VEQgQUxJR049IkNFTlRFUiI+Cgo8SU1HIFNSQz0iaHR0cDovL2ltYWdlLnJha3V0ZW4uY28uanAvZ3JhZGVvbmUvY2FiaW5ldC9zbXBoYi80NTI1NzFibi5naWYiIEJPUkRFUj0iMCIgd2lkdGg9IjY5NSI+CjwvVEQ+PC9UUj4KCjxUUj48VEQgQUxJR049IkNFTlRFUiI+Cgo8SU1HIFNSQz0iaHR0cDovL2ltYWdlLnJha3V0ZW4uY28uanAvZ3JhZGVvbmUvY2FiaW5ldC9rZXkvc3o1dzYyMTYxc3A2LmdpZiIgQk9SREVSPSIwIj4KPC9URD48L1RSPgoKPFRSPjxURCBBTElHTj0iQ0VOVEVSIj4KPFRBQkxFIGJvcmRlcj0iMCIgY2VsbHNwYWNpbmc9IjAiIGNlbGxwYWRkaW5nPSIwIj4KICAgIDxUUj4KICAgICAgPFREIHJvd3NwYW49IjIiIGNlbGxzcGFjaW5nPSIwIiBjZWxscGFkZGluZz0iMCI+Cgo8SU1HIFNSQz0iL2dyYWRlb25lL2NhYmluZXQvcGUyLzQxMTEzNHAuanBnIiBCT1JERVI9IjAiPjwvVEQ+CiAgICAgIDxURCByb3dzcGFuPSIyIj4KCjxJTUcgU1JDPSIvZ3JhZGVvbmUvY2FiaW5ldC9wZTIvNDExMTI1cC5qcGciIEJPUkRFUj0iMCI+PC9URD4KICAgIDwvVFI+PC9UQUJMRT4KPC9URD48L1RSPgoKPFRSPjxURCBBTElHTj0iQ0VOVEVSIj4KCjxJTUcgU1JDPSIvZ3JhZGVvbmUvY2FiaW5ldC9uYXZpL2ludHNldHkuanBnIiBCT1JERVI9IjAiPgo8L1REPjwvVFI+Cgo8VFI+PFREIEFMSUdOPSJDRU5URVIiPgoKPElNRyBTUkM9Ii9ncmFkZW9uZS9jYWJpbmV0L25yci8yNjAwNTh5b2tvLmpwZyIgQk9SREVSPSIwIj4KPC9URD48L1RSPgoKPFRSPjxURCBBTElHTj0iQ0VOVEVSIj4KPFRBQkxFIGJvcmRlcj0iMCIgY2VsbHNwYWNpbmc9IjAiIGNlbGxwYWRkaW5nPSIwIj4KICAgIDxUUj4KICAgICAgPFREIHJvd3NwYW49IjIiIGNlbGxzcGFjaW5nPSIwIiBjZWxscGFkZGluZz0iMCI+Cgo8SU1HIFNSQz0iL2dyYWRlb25lL2NhYmluZXQvcGtyLzIxNjYxN3NwMS5qcGciIEJPUkRFUj0iMCI+PC9URD4KICAgICAgPFREIHJvd3NwYW49IjIiPgoKPElNRyBTUkM9Ii9ncmFkZW9uZS9jYWJpbmV0L3Brci8yMTY2MDVzcDEuanBnIiBCT1JERVI9IjAiPjwvVEQ+CiAgICAgIDxURD4KPElNRyBTUkM9Ii9ncmFkZW9uZS9jYWJpbmV0L210LzI4MjI2NnNwLmpwZyIgQk9SREVSPSIwIj48L1REPgogICAgPC9UUj4KPC9UQUJMRT4KPC9URD48L1RSPgoKPFRSPjxURCBBTElHTj0iQ0VOVEVSIj4KPFRBQkxFIGJvcmRlcj0iMCIgY2VsbHNwYWNpbmc9IjAiIGNlbGxwYWRkaW5nPSIwIj4KICAgIDxUUj4KICAgICAgPFREIHJvd3NwYW49IjIiIGNlbGxzcGFjaW5nPSIwIiBjZWxscGFkZGluZz0iMCI+Cgo8SU1HIFNSQz0iL2dyYWRlb25lL2NhYmluZXQvY3IvNjk3NTg4cC5qcGciIEJPUkRFUj0iMCI+PC9URD4KICAgICAgPFREIHJvd3NwYW49IjIiPgoKPElNRyBTUkM9Ii9ncmFkZW9uZS9jYWJpbmV0L2NyLzY5NzU4N3AuanBnIiBCT1JERVI9IjAiPjwvVEQ+CiAgICAgIDxURD4KPElNRyBTUkM9Ii9ncmFkZW9uZS9jYWJpbmV0L3JuLzYwMTEwNGV4NS5qcGciIEJPUkRFUj0iMCI+PC9URD4KICAgIDwvVFI+CjwvVEFCTEU+PC9URD48L1RSPgoKPFRSPjxURCBBTElHTj0iQ0VOVEVSIj4KCjxJTUcgU1JDPSIvZ3JhZGVvbmUvY2FiaW5ldC90ZC9iZWxsc3AzLmpwZyIgQk9SREVSPSIwIj4KCjxJTUcgU1JDPSIvZ3JhZGVvbmUvY2FiaW5ldC9odC82NTcxMjBzcC5qcGciIEJPUkRFUj0iMCI+CjwvVEQ+PC9UUj4KPFRSPjxURCBBTElHTj0iQ0VOVEVSIj4KPFRBQkxFIEJPUkRFUj0iMCIgd2lkdGg9IjY5NiIgY2VsbHNwYWNpbmc9IjAiIGNlbGxwYWRkaW5nPSIwIj4KPFRSIGNlbGxzcGFjaW5nPSIwIj48VEQgQUxJR049ImxlZnQiIGNlbGxzcGFjaW5nPSIwIj4KCjxJTUcgU1JDPSIvZ3JhZGVvbmUvY2FiaW5ldC9tdC8yNDMxMzNzMS5qcGciIEJPUkRFUj0iMCI+CjwvVEQ+PFREIEFMSUdOPSJsZWZ0IiBjZWxsc3BhY2luZz0iMCIgY2VsbHBhZGRpbmc9IjAiPgo8SU1HIFNSQz0iL2dyYWRlb25lL2NhYmluZXQvbXQvMjQzMTMzczIuanBnIiBCT1JERVI9IjAiPgo8L1REPjxURCBBTElHTj0ibGVmdCIgY2VsbHNwYWNpbmc9IjAiIGNlbGxwYWRkaW5nPSIwIj4KPElNRyBTUkM9Ii9ncmFkZW9uZS9jYWJpbmV0L210LzI0MzEzM3MzLmpwZyIgQk9SREVSPSIwIj4KPC9URD48VEQgQUxJR049ImxlZnQiIGNlbGxzcGFjaW5nPSIwIiBjZWxscGFkZGluZz0iMCI+CjxJTUcgU1JDPSIvZ3JhZGVvbmUvY2FiaW5ldC9tdC8yNDMxMzNzNC5qcGciIEJPUkRFUj0iMCI+CjwvVEQ+PC9UUj4KPC9UQUJMRT4KPFRSPjxURCBBTElHTj0iQ0VOVEVSIj4KCjxJTUcgU1JDPSIvZ3JhZGVvbmUvY2FiaW5ldC9hbi9yb3NlYW1zZXRleC5qcGciIEJPUkRFUj0iMCI+CjwvVEQ+PC9UUj4KPFRSPjxURCBBTElHTj0iQ0VOVEVSIj4KPElNRyBTUkM9Ii9ncmFkZW9uZS9jYWJpbmV0LzA4eG0vbW90aWYuZ2lmIiBCT1JERVI9IjAiPgo8L1REPjwvVFI+CjxUUj4KPFREIEFMSUdOPSJDRU5URVIiPgoKPElNRyBTUkM9Ii9ncmFkZW9uZS9jYWJpbmV0L25hdmkvaHMuanBnIiBCT1JERVI9IjAiPgoKPElNRyBTUkM9Ii9ncmFkZW9uZS9jYWJpbmV0L25hdmkvcGxtLmpwZyIgQk9SREVSPSIwIj4KCjxJTUcgU1JDPSIvZ3JhZGVvbmUvY2FiaW5ldC9uYXZpL3RpYXJhLmpwZyIgQk9SREVSPSIwIj4KCjxJTUcgU1JDPSIvZ3JhZGVvbmUvY2FiaW5ldC9uYXZpL3Jvc2VwLmpwZyIgQk9SREVSPSIwIj4KCjxJTUcgU1JDPSIvZ3JhZGVvbmUvY2FiaW5ldC9uYXZpL2FudGlxdWUxLmpwZyIgQk9SREVSPSIwIj4KCjxJTUcgU1JDPSIvZ3JhZGVvbmUvY2FiaW5ldC9uYXZpL3dudC5qcGciIEJPUkRFUj0iMCI+CjxCUj4KCjxJTUcgU1JDPSIvZ3JhZGVvbmUvY2FiaW5ldC9uYXZpL2Zsd3AuanBnIiBCT1JERVI9IjAiPgoKPElNRyBTUkM9Ii9ncmFkZW9uZS9jYWJpbmV0L25hdmkvaHRwLmpwZyIgQk9SREVSPSIwIj4KCjxJTUcgU1JDPSIvZ3JhZGVvbmUvY2FiaW5ldC9uYXZpL2Nsdi5qcGciIEJPUkRFUj0iMCI+Cgo8SU1HIFNSQz0iL2dyYWRlb25lL2NhYmluZXQvbmF2aS9tbnN0LmpwZyIgQk9SREVSPSIwIj4KCjxJTUcgU1JDPSIvZ3JhZGVvbmUvY2FiaW5ldC9uYXZpL2Nyc3AuanBnIiBCT1JERVI9IjAiPgoKPC9URD48L1RSPgo8VFI+PFREIEFMSUdOPSJDRU5URVIiPgo8SU1HIFNSQz0iL2dyYWRlb25lL2NhYmluZXQvMDh4bS9jYXRlZ2lvcnkuZ2lmIiBCT1JERVI9IjAiPgo8L1REPjwvVFI+CjxUUj48VEQgQUxJR049IkNFTlRFUiI+Cgo8SU1HIFNSQz0iL2dyYWRlb25lL2NhYmluZXQvbmF2aS9kaWFzdGFkZ3MuZ2lmIiBCT1JERVI9IjAiPgo8SU1HIFNSQz0iL2dyYWRlb25lL2NhYmluZXQvbmF2aS9zdGFkM3NnLmdpZiIgQk9SREVSPSIwIj4KPEJSPgo8SU1HIFNSQz0iL2dyYWRlb25lL2NhYmluZXQvbmF2aS9waW5reTNnLmdpZiIgQk9SREVSPSIwIj4KPElNRyBTUkM9Ii9ncmFkZW9uZS9jYWJpbmV0L25hdmkvdXJiYW4uanBnIiBCT1JERVI9IjAiPgo8QlI+CjxJTUcgU1JDPSIvZ3JhZGVvbmUvY2FiaW5ldC9uYXZpL2RpYW5lY2suanBnIiBCT1JERVI9IjAiPgo8SU1HIFNSQz0iL2dyYWRlb25lL2NhYmluZXQvbmF2aS9jb2xvcm5rLmdpZiIgQk9SREVSPSIwIj4KPEJSPgo8SU1HIFNSQz0iL2dyYWRlb25lL2NhYmluZXQvbmF2aS9wZWFyc2V0LmpwZyIgQk9SREVSPSIwIj4KPElNRyBTUkM9Ii9ncmFkZW9uZS9jYWJpbmV0L25hdmkvY3Jvc3NtYWluLmpwZyIgQk9SREVSPSIwIj4KPC9URD48L1RSPjwvVEFCTEU+PC9wPg==,44CQ5qW95aSp44Op44Oz44Kt44Oz44KwMeS9jeOBqOS/oemgvOOBp+OBjeOCizHkuIflgIvjga7osqnlo7Llrp/nuL4hIeOAkeODlOOCv+ODquODs+OCsCjmjIfovKrmraLjgoHjg7vjg6rjg7PjgrDjgrXjgqTjgrroqr/mlbTmqLnohILjg5Hjg7zjg4Qp77ya44Kw44Os44O844OJ44Ov44Oz,44OX44Or44Oh44Oq44Ki44Ki44Kv44K744K144Oq44O844OA44Kk44Ok44CA44OA44Kk44Ok44Oi44Oz44OJ44Kv44Ot44K544Ko44K/44OL44OG44Kj44Oq44Oz44Kw44CA44OU44Oz44Kt44O844CA44Kk44Oz44OH44OD44Kv44K544OU44Ki44K544ON44OD44Kv44Os44K544OR44O044KnIOOCpOODi+OCt+ODo+ODq+OCuOODpeOCqOODquODvOOCt+ODs+ODl+ODq+ODrOOCouOCueODiOODvOODs+OAgOODkeODqeOCpOODkOOAgOODl+ODrOOCvOODs+ODiOOAgOi0iOOCiueJqeODleODqeODr+ODvOOAgOiKseODreODvOOCuuOAgOODkOODqeOAgOiWlOiWh+ODkeODvOODq+OAgOecn+ePoOODlOOCv+ODquODs+OCsOOAgOaoueiEguOAgOiqv+aVtOODmuOCouODjeODg+OCr+ODrOOCuemmrOi5hOOAkOalveWkqeODqeODs+OCreODs+OCsDHkvY3jgajkv6HpoLzjgafjgY3jgosx5LiH5YCL44Gu6LKp5aOy5a6f57i+ISHjgJHjg5Tjgr/jg6rjg7PjgrAo5oyH6Lyq5q2i44KB44O744Oq44Oz44Kw44K144Kk44K66Kq/5pW05qi56ISC44OR44O844OEKQ==,5oyH6Lyq44Go5oyH44Gu6ZaT44Gr5oyf44KA44Gg44GR77yB6Zai56+A44GM5aSn44GN44GE5pa544Gr44Gv54m544Gr5L6/5Yip4pmqIOOAguOAkOalveWkqeODqeODs+OCreODs+OCsDHkvY3jgajkv6HpoLzjgafjgY3jgosx5LiH5YCL44Gu6LKp5aOy5a6f57i+ISHjgJHjg5Tjgr/jg6rjg7PjgrAo5oyH6Lyq5q2i44KB44O744Oq44Oz44Kw44K144Kk44K66Kq/5pW05qi56ISC44OR44O844OEKQ==[rn]
39-1097,aHR0cDovL3RzaG9wLnIxMHMuanAvY3VsZXQvY2FiaW5ldC8wNDc3MjQxMy9pbWdyYzAwNzEwNDY3ODEuanBnP2ZpdGluPTcwMDo3MDA=,NjA4LjAwMDA=,,44K444Ol44Ko44Oq44O844O744Ki44Kv44K744K144Oq44O8ID4g44K444Ol44Ko44Oq44O844O744Ki44Kv44K744K144Oq44O855So5ZOBID4g44Gd44Gu5LuW,44K444Ol44Ko44Oq44O844Od44O844OBIOOCueOCqOODvOODiSDjgq3jg6njgq3jg6kg44Of44OL44OI44Op44OZ44Or44Od44O844OBIOaQuuW4r+eUqCDjgqLjgq/jgrvjgrXjg6rjg7zjgrHjg7zjgrkg5peF6KGMIGpld2VscnkgcG91Y2gg44CQ5pmu6YCa6YO15L6/55m66YCB44Gu44G/6YCB5paZ54Sh5paZ44CR,44OH44Kk44Oq44O844Op44Oz44Kt44Oz44Kw77yS5L2N44CQ6YCB5paZ54Sh5paZ44CR5pmu6YCa6YO15L6/44Gu44G/77yB,PGltZyBzcmM9Imh0dHA6Ly9pbWFnZS5yYWt1dGVuLmNvLmpwL2N1bGV0L2NhYmluZXQvMDA0MjEzOTAvaW1ncmMwMDcyOTk5NDk0LmpwZyI+Cjxicj48Y2VudGVyPjLmnIggMTbml6XjgIDjg4fjgqTjg6rjg7zjg6njg7Pjgq3jg7PjgrA8L2NlbnRlcj48YnI+PGJyPgoKPGRpdiBjbGFzcz0iaGFuMSI+CiAgPGRpdiBjbGFzcz0iaGFuMS10aXRsZSI+44K544Ko44O844OJ44Kt44Op44Kt44Op44Of44OL44OI44Op44OZ44Or44Od44O844OBPC9kaXY+CiAgPGltZyBzcmM9Imh0dHA6Ly9pbWFnZS5yYWt1dGVuLmNvLmpwL2N1bGV0L2NhYmluZXQvMDQ3NzI0MTMvaW1ncmMwMDcxMDQ2NzgxLmpwZyI+PGJyPgogIDxpbWcgc3JjPSJodHRwOi8vaW1hZ2UucmFrdXRlbi5jby5qcC9jdWxldC9jYWJpbmV0LzA0NzcyNDEzL2ltZ3JjMDA3MTA0NzkyOC5qcGciPjxicj4KICA8YnI+CiAgPGJyPgogIDxhIGhyZWY9Imh0dHA6Ly9pdGVtLnJha3V0ZW4uY28uanAvY3VsZXQvYy8wMDAwMDAwMjk1LyI+PGltZyBzcmM9Imh0dHA6Ly93d3cucmFrdXRlbi5uZS5qcC9nb2xkL2N1bGV0L2l0ZW0vYm94L2Jhbm5lci1ib3gtcG91Y2guanBnIj48L2E+PGJyPgo8L2Rpdj48dGFibGUgY2xhc3M9InRibDEiPjx0cj48dGg+5ZWG5ZOB56iu6aGePC90aD48dGQ+Cgrjgrjjg6Xjgqjjg6rjg7zjg53jg7zjg4EKCjwvdGQ+PC90cj48dHI+PHRoPuWVhuWTgeS7leanmDwvdGg+PHRkPgoK5oqY44KK44Gf44Gf44G/5pmC44K144Kk44K6PGJyPgrnuKbluYUg57SEMTAwbW3jgIDmqKrluYUg57SENjhtbTxicj4KPGJyPgrlsZXplovmmYLjgrXjgqTjgro8YnI+Cue4puW5hSDntIQxMDBtbeOAgOaoquW5hSDntIQxOTVtbTxicj4KPGJyPgrph43ph4/vvJrntIQyNWc8YnI+Cgo8L3RkPjwvdHI+PC90YWJsZT48IS0tIHdpZHRoPSI3NjAiIOOBjOmZkOeVjCAtLT4KCgoKPGJyPgo8YnI+,44K444Ol44Ko44Oq44O844Od44O844OBIOOCueOCqOODvOODiSDjgq3jg6njgq3jg6kg44Of44OL44OI44Op44OZ44Or44Od44O844OBIOaQuuW4r+eUqCDjgqLjgq/jgrvjgrXjg6rjg7zjgrHjg7zjgrkg5peF6KGMIGpld2VscnkgcG91Y2gg44CQ5pmu6YCa6YO15L6/55m66YCB44Gu44G/6YCB5paZ54Sh5paZ44CR77ya44Kt44Ol44O844Os44OD44OI,6YCB5paZ54Sh5paZcmluZ3XjgqTjg6Tjg6rjg7PjgrDjg5TjgqLjgrnjgqTjg6Tjg5bjg6zjgrnjg6zjg4Pjg4jjg6rjg7PjgrDjg43jg4Pjgq/jg6zjgrnjg4DjgqTjg6Tjg6Ljg7Pjg4nlhbHlkIzos7zlhaXjgrnjg6rjg7zjgrnjg4jjg7zjg7Pjg5fjg6njg4Hjg4rjgrfjg6vjg5Djg7zjgrTjg7zjg6vjg4njg5vjg6/jgqTjg4jjgrTjg7zjg6vjg4njgqLjgq/jgrvjgrXjg6rjg7zjgrjjg6Xjgqjjg6rjg7zjg5fjg6zjgrzjg7Pjg4jlrp3nn7Pjg4bjgqPjg5XjgqHjg4vjg7zjg4/jg7zjg4hwaWFzdeOCuOODpeOCqOODquODvOODneODvOODgSDjgrnjgqjjg7zjg4kg44Kt44Op44Kt44OpIOODn+ODi+ODiOODqeODmeODq+ODneODvOODgSDmkLrluK/nlKgg44Ki44Kv44K744K144Oq44O844Kx44O844K5IOaXheihjCBqZXdlbHJ5IHBvdWNoIOOAkOaZrumAmumDteS+v+eZuumAgeOBruOBv+mAgeaWmeeEoeaWmeOAkQ==,44OH44Kk44Oq44O844Op44Oz44Kt44Oz44Kw77yS5L2N44CQ6YCB5paZ54Sh5paZ44CR5pmu6YCa6YO15L6/44Gu44G/77yB44CC44K444Ol44Ko44Oq44O844Od44O844OBIOOCueOCqOODvOODiSDjgq3jg6njgq3jg6kg44Of44OL44OI44Op44OZ44Or44Od44O844OBIOaQuuW4r+eUqCDjgqLjgq/jgrvjgrXjg6rjg7zjgrHjg7zjgrkg5peF6KGMIGpld2VscnkgcG91Y2gg44CQ5pmu6YCa6YO15L6/55m66YCB44Gu44G/6YCB5paZ54Sh5paZ44CR[rn]
39-1098,aHR0cDovL3RzaG9wLnIxMHMuanAvaXNoaW5vLWt1cmEvY2FiaW5ldC8wMTU2NzAxMi9zb25vdGEvaW1nNjE1OTkxNDIuanBnP2ZpdGluPTcwMDo3MDA=,MTM2MC4wMDAw,,44K444Ol44Ko44Oq44O844O744Ki44Kv44K744K144Oq44O8ID4g44K444Ol44Ko44Oq44O844O744Ki44Kv44K744K144Oq44O855So5ZOBID4g44Gd44Gu5LuW,44CQ44ON44Kz44Od44K55L6/6YCB5paZ54Sh5paZ44CR44Ko44OK44K444O844Kr44O844OJ44CA44OV44Op44Ov44O844Kq44OW44Op44Kk44OV77yI5rS75oCn5YyW77yJ4peHMeaemuWjsuOCiuKXhw==,,56We6IGW44Gq5qih5qeY44KS5YWD44Gr5L2c44KJ44KM44Gf44Kr44O844OJ44Gn44GZ44CCPGJyPgrlnLDnkIPkuIrjgavjgYLjgovlhajjgabjga7nlJ/lkb3kvZPjga7ms6Lli5XjgpLjgZPjga7jgqvjg7zjg4njgpLpgJrjgZfjgablj5fjgZHlj5bjgovjgZPjgajjgYzjgafjgY3jgovjgajoqIDjgo/jgozjgabjgYTjgb7jgZnjgII8YnI+CuWGheOBquOCi+OCqOODjeODq+OCruODvOOCkuWRvOOBs+immuOBvuOBmeOBqOiogOOCj+OCjOOBpuOBiuOCiuOAgeOBneOBruOBn+OCgeeekeaDs+OChOa1hOWMluOBquOBqeODkuODvOODquODs+OCsOOBq+S9v+eUqOOBleOCjOOBpuOBhOOBvuOBmeOAgjxicj4K44OR44Ov44O844K544OI44O844Oz44OW44Os44K544KE44Ki44Kv44K744K144Oq44O844KS6LyJ44Gb44Gm5rWE5YyW44GZ44KL44Gu44Gr44KC44GK5Yun44KB44Gn44GZ44CCPGJyPgrmqKHmp5jjga8444OR44K/44O844Oz44GC44KK44G+44GZ44CCPGJyPgo8YnI+CuOAkOaooeanmOOBruaEj+WRs+OAkTxicj4K4piF44OV44Op44Ov44O844Kq44OW44Op44Kk44OVKOa0u+aAp+WMlinimIU8YnI+CuWkqeOBqOWcsOOCkuWQiOOBm+OBn+WFqOOBpuOBrueUn+WRveOBruWtmOWcqOOAgeS6i+ixoeOAgei8quW7u+i7oueUn+OCkuihqOOBmeOAjOelnuiBluW5vuS9leWtpuaooeanmOOAjeOBruS4gOOBpOOBp+OBmeOAgjxicj4K5LiW55WM5Lit44Gn44G744G85ZCM44GY5ZCN5YmN44Gn5ZG844Gw44KM44Gm44GK44KK44CB5Y+k5Luj44GL44KJ5pmC44KS6ZqU44Gm44Gf5LuK44Gn44KC5Zyw55CD5LiK44CB5LiW55WM5ZCE5Zu944Gr5a2Y5Zyo44GX44Gm44GE44G+44GZ44CCPGJyPgrjgb7jgZ/jgIHjgZPjga7npZ7ogZbjgarlm7PlvaLjga/np4HpgZTjga7ouqvkvZPjga7kuK3jgavmt7HjgY/liLvjgb7jgozjgabjgYTjgovjgZ/jgoHjgIHjganjgZPjgYvjgafnn6Xjgoroqo3orZjjgZfjgabjgYTjgovjgajjgYTjgYTjgb7jgZnjgII8YnI+CuKAnOODleODqeODr+ODvOODu+OCquODluODu+ODqeOCpOODleKAneOBruS4reOBq+OBr+OAgeOBmeOBueOBpuOBrueUn+OBjeOBqOOBl+eUn+OBkeOCi+OCguOBruOBruOBguOCieOChuOCi+WBtOmdouOBjOWGheWMheOBleOCjOOBpuOBhOOBvuOBmeOAgjxicj4K44GZ44G544Gm44Gu5pWw5a2m55qE44Gq5pa55byP44O754mp55CG55qE44Gq5rOV5YmH44O76Z+z5qW944Gu44OP44O844Oi44OL44Kv44K544O755Sf5ZG944Gu5Za244G/44O75Y6f5a2Q44KE5YiG5a2Q44Os44OZ44Or44O744O744O744Gq44Gp44GZ44G544Gm44Gn44GZ44CCPGJyPgrigJzjg5Xjg6njg6/jg7zjg7vjgqrjg5bjg7vjg6njgqTjg5XigJ3jga/jgIExOeWAi+OBruWGhuOCkuaMgeOBoeOAgeWkluWBtOOCkuS6jOmHjeOBruWQjOW/g+WGhuOBq+OCiOOBo+OBpuWbsuOBvuOCjOOBpuOBhOOCi+Wnv+OCkuOBl+OBpuOBhOOBvuOBmeOAgjxicj48YnI+CuOAkOWkp+OBjeOBleOAkeebtOW+hOe0hDcw772N772Nw5fljprjgb/ntIQwLjbvvY3vvY0K44CQ57Sg5p2Q44CR55yf6Y2uKOODoeODg+OCreWKoOW3pSk8YnI+Cjxicj4KPGZvbnQgY29sb3I9cmVkPgrigLvjgZPjgaHjgonjga/jg43jgrPjg53jgrnkvr/pgIHmlpnnhKHmlpnjga7llYblk4HjgafjgZnjgII8YnI+CuWuheaApeS+v+OBr+ODl+ODqeOCuTYwMOWGhuWKoOeul+OBleOCjOOBvuOBmeOAgjxicj4K44G+44Gf44CB5Luj6YeR5byV5o+b5omV44GE44Gv5a6F5oCl5L6/44Gu44G/44Gu55m66YCB44Go44Gq44KK44G+44GZ44Gu44Gn44CB44GU5rOo5oSP5LiL44GV44GE44CCPGJyPgrjgIzil4bnmbrpgIHmlrnms5XjgavjgaTjgYTjgabil4bjgI3jgafjgZTmjIflrprjga7nhKHjgYTloLTlkIjjga/jgIHjg43jgrPjg53jgrnkvr/jgafjgYrpgIHjgoroh7TjgZfjgb7jgZnjgII8YnI+CjwvZm9udD4KPGJyPgo8YnI+Cjx0YWJsZSB3aWR0aD0iMzAwIiBhbGlnbj0iY2VudGVyIiAgY2VsbHNwYWNpbmc9IjAiPgo8dHIgYWxpZ249ImNlbnRlciI+CjwhLS3ku5bjga7jgqjjg4rjgrjjg7zjgqvjg7zjg4njgavjgZTmoYjlhoUtLT4KPHRkPgoKPGltZyBzcmM9Imh0dHA6Ly9pbWFnZS5yYWt1dGVuLmNvLmpwL2lzaGluby1rdXJhL2NhYmluZXQvMDE3MjYwNzUvMDUzNTY4MjQvaW1ncmMwMDY3NDY4NTIwLmpwZyIgd2lkdGg9IjIwMCIgYm9yZGVyPSIwIj4KPC90ZD4KPCEtLemiqOawtOODmuODvOOCuOOBq+OBlOahiOWGhS0tPgo8dGQ+Cgo8aW1nIHNyYz0iaHR0cDovL2ltYWdlLnJha3V0ZW4uY28uanAvaXNoaW5vLWt1cmEvY2FiaW5ldC8wMTcyNjA3NS8wNTM1NjgyNC9pbWdyYzAwNjc0NzAwNDMuanBnIiB3aWR0aD0iMjAwIiBib3JkZXI9IjAiPgo8L3RkPgo8L3RyPgo8L3RhYmxlPjxkaXYgaWQ9ImltYWluIj4KCjxkaXYgY2xhc3M9InBpY2siPgo8cD48aW1nIHNyYz0iaHR0cDovL3d3dy5yYWt1dGVuLm5lLmpwL2dvbGQvaXNoaW5vLWt1cmEvc2hvcC9pbWFnZXMvcGlja3VwLXRvcC5naWYiIGFsdD0i44OU44OD44Kv44Ki44OD44OX44Ki44Kk44OG44OgIiAvPjwvcD4KCjwhLS0t4pa84pa854m56ZuG44OQ44OK44O86LK85LuY5L2N572uLS0tPgo8dGFibGUgd2lkdGg9IjcwMCIgYm9yZGVyPSIwIiBjZWxscGFkZGluZz0iMCIgY2VsbHNwYWNpbmc9IjMiIGNsYXNzPSJtdDUiPgoKPHRyPgo8dGQ+CjxpbWcgc3JjPSJodHRwczovL2ltYWdlLnJha3V0ZW4uY28uanAvaXNoaW5vLWt1cmEvY2FiaW5ldC9iYW5uZXIvYmFuYS03MDAtMTM2L2ltZ3JjMDA2MzE1MzA3Ny5qcGciIGFsdD0iNeaciOOBruiqleeUn+efsyIgd2lkdGg9IjcwMCIgLz48L3RkPgo8L3RyPgoKPHRyPgo8dGQ+CjxpbWcgc3JjPSJodHRwOi8vaW1hZ2UucmFrdXRlbi5jby5qcC9pc2hpbm8ta3VyYS9jYWJpbmV0L2Jhbm5lci9iYW5hLTcwMC0xMzYvaW1ncmMwMDY2NzAyMTY1LmpwZyIgYWx0PSLvvIHjgrjjg6vjgrPjg7Pjgrvjg4Pjg4giIHdpZHRoPSI3MDAiIC8+PC90ZD4KPC90cj4KCjx0cj4KPHRkPgo8aW1nIHNyYz0iaHR0cDovL2ltYWdlLnJha3V0ZW4uY28uanAvaXNoaW5vLWt1cmEvY2FiaW5ldC9iYW5uZXIvYmFuYS03MDAtMTM2L2ltZzYwNzY4MjczLmpwZyIgYWx0PSLlm73nlKPlpKnnhLbnn7MiIHdpZHRoPSI3MDAiIC8+PC90ZD4KPC90cj4KCjwhLS0KPHRyPgo8dGQ+CjxpbWcgc3JjPSJodHRwOi8vaW1hZ2UucmFrdXRlbi5jby5qcC9pc2hpbm8ta3VyYS9jYWJpbmV0L2Jhbm5lci9iYW5hLTcwMC0xMzYvaW1ncmMwMDYyNTE0OTExLmpwZyIgYWx0PSLvvIHjgrfjg6vjgq/jg6rjg5zjg7MiIHdpZHRoPSI3MDAiIC8+PC90ZD4KPC90cj4KLS0+CgoKPHRyPgo8dGQ+CjxpbWcgc3JjPSJodHRwOi8vaW1hZ2UucmFrdXRlbi5jby5qcC9pc2hpbm8ta3VyYS9jYWJpbmV0L2Jhbm5lci9iYW5hLTcwMC0xMzYvaW1ncmMwMDY0ODc3MTkyLmpwZyIgYWx0PSLmlrDlubTjgavnlJ/jgb7jgozlubTjga7morXlrZfjgpIiIHdpZHRoPSI3MDAiIC8+PC90ZD4KPC90cj4KCgo8IS0tCjx0cj4KPHRkPgo8aW1nIHNyYz0iaHR0cDovL2ltYWdlLnJha3V0ZW4uY28uanAvaXNoaW5vLWt1cmEvY2FiaW5ldC9iYW5uZXIvYmFuYS03MDAtMTM2L2ltZ3JjMDA2NTE0MTg0NC5qcGciIGFsdD0i5aSi44KS6YGL44G255+z4pmq44OP44O844Kt44Oe44O844OA44Kk44Ok44Oi44Oz44OJIiB3aWR0aD0iNzAwIiAvPjwvdGQ+CjwvdHI+Ci0tPgoKPCEtLQo8dHI+Cjx0ZD4KPGltZyBzcmM9Imh0dHA6Ly9pbWFnZS5yYWt1dGVuLmNvLmpwL2lzaGluby1rdXJhL2NhYmluZXQvYmFubmVyL2JhbmEtNzAwLTEzNi9pbWdyYzAwNjI4NTk1NjAuanBnIiBhbHQ9IuWkqeS9v+OBrue+veODquODleODrOODg+OCt+ODpeOCu+ODg+ODiCIgd2lkdGg9IjcwMCIgLz48L3RkPgo8L3RyPgotLT4KCjwhLS0KPHRyPgo8dGQ+CjxpbWcgc3JjPSJodHRwOi8vaW1hZ2UucmFrdXRlbi5jby5qcC9pc2hpbm8ta3VyYS9jYWJpbmV0L2Jhbm5lci9iYW5hLTcwMC0xMzYvaW1ncmMwMDY0NDg0OTYyLmpwZyIgYWx0PSLnp4vjga/nkKXnj4AiIHdpZHRoPSI3MDAiIC8+PC90ZD4KPC90cj4KLS0+CgoKPHRyPgo8dGQ+CjxpbWcgc3JjPSJodHRwOi8vaW1hZ2UucmFrdXRlbi5jby5qcC9pc2hpbm8ta3VyYS9jYWJpbmV0L2Jhbm5lci9iYW5hLTcwMC0xMzYvaW1ncmMwMDY0MjAxNDU0LmpwZyIgYWx0PSLpibHnianjg7vljp/nn7MiIHdpZHRoPSI3MDAiIC8+PC90ZD4KPC90cj4KCjx0cj4KPHRkPgo8aW1nIHNyYz0iaHR0cDovL2ltYWdlLnJha3V0ZW4uY28uanAvaXNoaW5vLWt1cmEvY2FiaW5ldC9iYW5uZXIvYmFuYS03MDAtMTM2L2ltZzYwNzU2Nzc5LmpwZyIgYWx0PSLjg5jjg5bjg7PjgqLjg7Pjg4njgqLjg7zjgrkiIHdpZHRoPSI3MDAiIC8+PC90ZD4KPC90cj4KCgo8IS0tCjx0cj4KPHRkPgo8aW1nIHNyYz0iaHR0cDovL2ltYWdlLnJha3V0ZW4uY28uanAvaXNoaW5vLWt1cmEvY2FiaW5ldC9iYW5uZXIvYmFuYS03MDAtMTM2L2ltZzYwNzcyNzAzLmpwZyIgYWx0PSLoh6rliIbjgavjgZTopJLnvo4iIHdpZHRoPSI3MDAiIC8+PC90ZD4KPC90cj4KLS0+Cgo8dHI+Cjx0ZD4KPGltZyBzcmM9Imh0dHA6Ly9pbWFnZS5yYWt1dGVuLmNvLmpwL2lzaGluby1rdXJhL2NhYmluZXQvYmFubmVyL3NtYXJ0cGhvbmUvaW1nNTkwMTkzODkuanBnIiBhbHQ9IumaleefsyIgd2lkdGg9IjcwMCIgLz48L3RkPgo8L3RyPgoKPHRyPgo8dGQ+CjxpbWcgc3JjPSJodHRwOi8vaW1hZ2UucmFrdXRlbi5jby5qcC9pc2hpbm8ta3VyYS9jYWJpbmV0L2Jhbm5lci9zbWFydHBob25lL2ltZzU5MzAzMjUxLmpwZyIgYWx0PSLjg5Hjg6/jg7zjgrnjg4jjg7zjg7PmiYvkvZzjgorjgq3jg4Pjg4giIHdpZHRoPSI3MDAiIC8+PC90ZD4KPC90cj4KCjwhLS0KPHRyPgo8dGQ+CjxpbWcgc3JjPSJodHRwOi8vaW1hZ2UucmFrdXRlbi5jby5qcC9pc2hpbm8ta3VyYS9jYWJpbmV0L2Jhbm5lci9iYW5hLTcwMC0xMzYvaW1ncmMwMDYxOTgxMjg2LmpwZyIgYWx0PSLjgrTjg7zjgrjjg6PjgrnmhJ/mipznvqTvvIHjgrTjg7zjg6vjg4njg5XjgqPjg6vjg4kiIHdpZHRoPSI3MDAiIC8+PC90ZD4KPC90cj4KLS0+Cgo8dHI+Cjx0ZD4KPGltZyBzcmM9Imh0dHA6Ly9pbWFnZS5yYWt1dGVuLmNvLmpwL2lzaGluby1rdXJhL2NhYmluZXQvYmFubmVyL2JhbmEtNzAwLTEzNi9pbWc2MDc1Njc3My5qcGciIGFsdD0i576O5a6544Kw44OD44K6IiB3aWR0aD0iNzAwIiAvPjwvdGQ+CjwvdHI+Cgo8IS0tCjx0cj4KPHRkPgo8aW1nIHNyYz0iaHR0cDovL2ltYWdlLnJha3V0ZW4uY28uanAvaXNoaW5vLWt1cmEvY2FiaW5ldC9iYW5uZXIvYmFuYS03MDAtMTM2L2ltZzYwNzY4Mjc3LmpwZyIgYWx0PSLjga/jgpPjgarjgorkuqzpm5HosqgiIHdpZHRoPSI3MDAiIC8+PC90ZD4KPC90cj4KLS0+Cgo8L3RhYmxlPgoKCjwhLS0t4pa84pa844GT44GT44G+44Gn54m56ZuG44OQ44OK44O86LK85LuY6LK844Gj44Gm44G+44GZLS0tPg==,44CQ44ON44Kz44Od44K55L6/6YCB5paZ54Sh5paZ44CR44Ko44OK44K444O844Kr44O844OJ44CA44OV44Op44Ov44O844Kq44OW44Op44Kk44OV77yI5rS75oCn5YyW77yJ4peHMeaemuWjsuOCiuKXh++8muWkqeeEtuefs+ODk+ODvOOCuuOAgOefs+OBruiUtQ==,44OR44Ov44O844K544OI44O844Oz5aSp54S255+z5aSp54S255+z44OT44O844K65aSp54S255+z44Ki44Kv44K744K144Oq5rWE5YyW44K744OD44OI6aKo5rC044Kv44Oq44K544K/44Or44OB44Ol44O844OK44O844Ob44Ov44Kk44OI44K744O844K444K344Oz44Ku44Oz44Kw44Oc44Km44Or5aSp54S255+z44OU44Ki44K55aSp54S255+z44OW44Os44K56Z+z5Y+J44GK5a6I44KK44Ki44Kv44K744K144Oq55mS44GX44OS44O844Oq44Oz44Kw44OX44Os44K344Oj44K544Kq44OR44O844Or44Or44OT44O844K144OV44Kh44Kk44Ki44K/44Oz44K244OK44Kk44OI44CQ44ON44Kz44Od44K55L6/6YCB5paZ54Sh5paZ44CR44Ko44OK44K444O844Kr44O844OJ44CA44OV44Op44Ov44O844Kq44OW44Op44Kk44OV77yI5rS75oCn5YyW77yJ4peHMeaemuWjsuOCiuKXhw==,44CQ44ON44Kz44Od44K55L6/6YCB5paZ54Sh5paZ44CR44Ko44OK44K444O844Kr44O844OJ44CA44OV44Op44Ov44O844Kq44OW44Op44Kk44OV77yI5rS75oCn5YyW77yJ4peHMeaemuWjsuOCiuKXhw==[rn]
39-1099,aHR0cDovL3RzaG9wLnIxMHMuanAvamV3ZWxjbGltYi9jYWJpbmV0L2pld2VscnkxL29ybmFtZW50L20tbGVkdXZsb3VwZS0wMTI0LXNpLmpwZz9maXRpbj03MDA6NzAw,MzE4NC4wMDAw,,44K444Ol44Ko44Oq44O844O744Ki44Kv44K744K144Oq44O8ID4g44K444Ol44Ko44Oq44O844O744Ki44Kv44K744K144Oq44O855So5ZOBID4g44Gd44Gu5LuW,TEVELVVW44Op44Kk44OIMldBWeODq+ODvOODmihTaWx2ZXIp,,PGNlbnRlcj48dGFibGUgd2lkdGg9Ijg0MCI+PHRyPjx0ZCBhbGlnbj0iY2VudGVyIj48cCBhbGlnbj0iY2VudGVyIj48Yj48Zm9udCBzaXplPSI1Ij5MRUQtVVbjg6njgqTjg4gyV0FZ44Or44O844OaKFNpbHZlcik8L2ZvbnQ+PC9iPjwvcD48cD48ZGl2IGFsaWduPSJjZW50ZXIiPjxpbWcgc3JjPSJodHRwOi8vaW1hZ2UucmFrdXRlbi5jby5qcC9qZXdlbGNsaW1iL2NhYmluZXQvY2xpbWIvbG91cGVfYjEuanBnIj48YnI+CiAgPGJyPgogIDxpbWcgc3JjPSJodHRwOi8vaW1hZ2UucmFrdXRlbi5jby5qcC9qZXdlbGNsaW1iL2NhYmluZXQvY2xpbWIvbG91cGVfYjFfMS5qcGciPjxicj4KICA8YnI+CiAgPHRhYmxlIHdpZHRoPSI4MDAiIGJvcmRlcj0iMCIgY2VsbHBhZGRpbmc9IjAiPgogICAgPHRyPiAKICAgICAgPHRkPiAKICAgICAgICA8ZGl2IGFsaWduPSJjZW50ZXIiPjxmb250IGNvbG9yPSIjMzMzMzMzIiBzaXplPSI0Ij7vvKzvvKXvvKTjg6njgqTjg4jjgpLvvK/vvK7jgZfjgabopovjgozjgbDjgIHjgarjgpPjgajopovjgoTjgZnjgYTjgZPjgajjgafjgZfjgofjgYbjgII8YnI+CiAgICAgICAgICDku4rjgb7jgafopovjgYjjgarjgYvjgaPjgZ/jgajjgZPjgo3jgb7jgafpmoXjgIXjgb7jgafopovjgYjjgabmhJ/li5XjgafjgZnjgIIgPC9mb250PiA8L2Rpdj4KICAgICAgICA8cCBhbGlnbj0iY2VudGVyIj48Zm9udCBjb2xvcj0iIzMzMzMzMyIgc2l6ZT0iNCI+44G+44Gf44CB57Sr5aSW57ea55m65YWJ44GZ44KL44K544OI44O844Oz44Gq44Gp44Gr77y177y244Op44Kk44OI44KS5b2T44Gm44Gm6KaL44KL44GoPGJyPgogICAgICAgICAg6Z2i55m944GE5aSJ5YyW44GM6KaL44KJ44KM6Kaz5a+f44GM5qW944GX44GP44Gq44Gj44Gm44GX44G+44GG6YGK44Gz44GU44GT44KN5rqA54K544Gu5qmf6IO944Gn44GZ44CCPC9mb250Pjxicj4KICAgICAgICA8L3A+CiAgICAgIDwvdGQ+CiAgICA8L3RyPgogIDwvdGFibGU+CiAgPGJyPgogIDxpbWcgc3JjPSJodHRwOi8vaW1hZ2UucmFrdXRlbi5jby5qcC9qZXdlbGNsaW1iL2NhYmluZXQvY2xpbWIvbG91cGVfYjIuanBnIj48YnI+CiAgPGltZyBzcmM9Imh0dHA6Ly9pbWFnZS5yYWt1dGVuLmNvLmpwL2pld2VsY2xpbWIvY2FiaW5ldC9jbGltYi9sb3VwZV9iMV8yLmpwZyI+PGJyPgogICAgPGJyPgogIDx0YWJsZSB3aWR0aD0iODAwIiBib3JkZXI9IjAiIGNlbGxwYWRkaW5nPSIwIj4KICAgIDx0cj4gCiAgICAgIDx0ZD4gCiAgICAgICAgPGRpdiBhbGlnbj0iY2VudGVyIj48Yj48Zm9udCBzaXplPSI0IiBjb2xvcj0iIzY2NjY2NiI+44GC44KK44Gd44GG44Gn44Gq44GL44Gj44Gf77yS77y377yh77y577yN77ys77yl77yk77yN77y177y244Or44O844OaPGJyPgogICAgICAgICAg5pyA5paw44OP44Kk44OG44Kv44Or44O844Oa44KS44Gc44Gy44GT44Gu5qmf5Lya44Gr44GK6LK344GE5rGC44KB44GP44Gg44GV44GE44CCPGJyPgogICAgICAgICAgPC9mb250PjwvYj48L2Rpdj4KICAgICAgPC90ZD4KICAgIDwvdHI+CiAgPC90YWJsZT4KPC9kaXY+CjwvcD48L3RkPjwvdHI+PC90YWJsZT48L2NlbnRlcj48IS0tIEhJVCMjUyAtLT48Y2VudGVyPjx0YWJsZSB3aWR0aD0iODQwIj48dHI+PHRkIGFsaWduPSJjZW50ZXIiPjxwPjxmb250IGNvbG9yPSIjNjY2NjY2Ij7jgqvjg6njg7zjgrnjg4jjg7zjg7PjgoTjgrjjg6Xjgqjjg6rjg7zjgarjganjgIHntLDpg6jjgpLjgZjjgaPjgY/jgorjgag8YnI+CiAg56K66KqN44GZ44KL54K644Gr5Yip55So44GZ44KL5ouh5aSn6Y+h44Gn44GZ44CCPGJyPgogIDxicj4KICDvvKzvvKXvvKTjgajvvLXvvLbvvIjntKvlpJbnt5rjg6njgqTjg4jvvInjgpLlhoXolLXjgZfjgIE8YnI+CiAg44K544Kk44OD44OB44Gr44KI44Gj44Gm5YiH44KK5pu/44GI5Y+v6IO944Gq5pyA5paw44OP44Kk44OG44Kv44Or44O844Oa44Gn44GZ44CCPGJyPgogIDxicj4KICDvvLXvvLbvvIjntKvlpJbnt5rjg6njgqTjg4jvvInjga/kuLvjgavntKvlpJbnt5rnmbroibLjgpLnpLrjgZnjg6vjg7zjgrnjgavkvb/nlKjjgZfjgb7jgZnjgII8YnI+CiAg77yI5L6L77yJ44OA44Kk44Ok44Oi44Oz44OJ44Gu6JuN5YWJ55m66Imy44CBIOODq+ODk+ODvOOBrue0q+Wklue3mueZuuiJsuaknOiovOOAgTxicj4KICA8L2ZvbnQ+PGZvbnQgY29sb3I9IiM2NjY2NjYiPuWQiOaIkOOCouODrOOCreOBruWIpOWumuOAgeOCpuODqeODs+OCrOODqeOCueOAgeODj+ODg+OCr+ODnuODiuOCpOODiOOBquOBqe+9he+9lO+9g++8ju+8ju+8jjxicj4KICA8YnI+CiAgICDil4bmi6HlpKflgI3njofjgIDvvJHvvJDlgI08YnI+CiAgICDil4bjg6zjg7PjgrrlvoTjgIDvvJLvvJDvvI7vvJVtbTxicj4KICAgIOKXhuWLleS9nOeiuuiqjeeUqOOCteODvOODk+OCueODnOOCv+ODs+mbu+axoOS7mCA8YnI+CiAgICDil4bjg5zjgr/jg7Ppm7vmsaDvvJPjgaTkvb/nlKggPGJyPgogIDxicj4KICAgIDxiPjxmb250IGNvbG9yPSIjRkYwMDAwIiBzaXplPSI0Ij7il4bkuqTmj5vpm7vmsaDjga9TUjkzNlNX6Zu75rGg44KS44GU5Yip55So5LiL44GV44GEPC9mb250PjwvYj48Zm9udCBzaXplPSI0Ij48QlI+CiAgICA8L2ZvbnQ+PC9mb250Pjxmb250IGNvbG9yPSIjNjY2NjY2IiBzaXplPSI0Ij7mpb3lpKnluILloLTku5blupfoiJfmp5jjgafjgYrosrfjgYTmsYLjgoHpoILjgZHjgb7jgZnjgII8L2ZvbnQ+PGZvbnQgY29sb3I9IiM2NjY2NjYiPjxicj4KICAgICAgICAgIDxicj4KICAgICAgICAgIDxicj4KICAgICAgICAgIOKJquOBiuefpeOCieOBm+KJqzxicj4KICAgICAgICAgIOODu+azqOaEj++8gee0q+Wklue3muODqeOCpOODiOOCkumVt+aZgumWk+ebtOimluOBl+OBquOBhOOBp+OBj+OBoOOBleOBhOOAgjwvZm9udD4KICAgICAgICAgIDwhLS0gSElUIyNFIC0tPgogICAgICAgICAgPCEtLSBISVQjI1MgLS0+CiAgICAgICAgPC9wPgogICAgICAgIDxwPjxicj48YnI+CjwvcD48IS0tIEhJVCMjRSAtLT48IS0tIEhJVCMjUyAtLT48L3RkPgo8L3RyPjwvdGFibGU+PC9jZW50ZXI+PCEtLSBISVQjI0UgLS0+PCEtLSDosrfjgYTnianjgqvjgrTjg5zjgr/jg7MgLS0+CjxzdHlsZSB0eXBlPSJ0ZXh0L2NzcyI+Ci8q6LK344GE54mp44GL44GU44Gr5YWl44KM44KL44Oc44K/44OzKi8KZGl2I3Jha3V0ZW5MaW1pdGVkSWRfYXJvdW5kQ2FydCBpbnB1dC5yQ2FydEJ0biwgCmRpdiNyYWt1dGVuTGltaXRlZElkX2Fyb3VuZENhcnQgaW5wdXQuckNhcnRCdG5bdHlwZT0ic3VibWl0Il0gewogICAgd2lkdGg6IDMzMHB4ICFpbXBvcnRhbnQ7CiAgICBoZWlnaHQ6IDgwcHggIWltcG9ydGFudDsKICAgIGN1cnNvcjogcG9pbnRlciAhaW1wb3J0YW50OwogICAgYmFja2dyb3VuZDogdXJsKCJodHRwczovL2ltYWdlLnJha3V0ZW4uY28uanAvamV3ZWxjbGltYi9jYWJpbmV0L2NhcnRfMDEuanBnIiluby1yZXBlYXQgMCAwICFpbXBvcnRhbnQ7Cn0KCmRpdiNyYWt1dGVuTGltaXRlZElkX2Fyb3VuZENhcnQgaW5wdXQuckNhcnRCdG4sCmRpdiNyYWt1dGVuTGltaXRlZElkX2Fyb3VuZENhcnQgaW5wdXQuckNhcnRCdG5bdHlwZT0ic3VibWl0Il06aG92ZXIgewogICAgYmFja2dyb3VuZDogdXJsKCJodHRwczovL2ltYWdlLnJha3V0ZW4uY28uanAvamV3ZWxjbGltYi9jYWJpbmV0L2NhcnRfMDIuanBnIiluby1yZXBlYXQgMCAwICFpbXBvcnRhbnQ7Cn0KPC9zdHlsZT4KPCEtLSDosrfjgYTnianjgqvjgrTjg5zjgr/jg7MgLS0+CgoKCjwhLS0g5qSc57Si44Oc44OD44Kv44K55LuY6L+RIC0tPgoKPHN0eWxlIHR5cGU9InRleHQvY3NzIj4KPCEtLQoKZGl2I0hlYWRlcktleXdvcmQgewoJcG9zaXRpb246YWJzb2x1dGU7Cgl0b3A6NjBweDsvKuS4gOeVquS4iuOBi+OCieOBruS9jee9riovCglsZWZ0OjMwcHg7Lyrlt6bnq6/jgYvjgonjga7kvY3nva4qLwp9CgpkaXYjSGVhZGVyS2V5d29yZCBzcGFuIHsKCWJhY2tncm91bmQ6ICNiZjAwMDA7Cgljb2xvcjojZmZmOwoJZm9udC13ZWlnaHQ6Ym9sZDsKCXBhZGRpbmc6MnB4IDVweDsKfQoKZGl2I0hlYWRlcktleXdvcmQgYSB7Cgljb2xvcjojMDA0NENDOwp9CgotLT4KPC9zdHlsZT4KCgoKCjxkaXYgaWQ9IkhlYWRlcktleXdvcmQiPgo8c3Bhbj7ms6jnm67jga7jgq3jg7zjg6/jg7zjg4k8L3NwYW4+CuKXhuODquODvOOCuuODiuODluODq+OCueODiOODvOODswril4bkvqHmoLzjgYzkvY7jgYTpoIYK4peG44Gf44Gg5LuK44K744O844Or5Lit77yBCjwvZGl2PgoKPCEtLSDmpJzntKLjg5zjg4Pjgq/jgrnku5jov5EgLS0+Cgo8ZGl2IGFsaWduPSJjZW50ZXIiPjxmb250IHNpemU9IjIiPjxicj4KICA8L2ZvbnQ+CiAgPHRhYmxlIHdpZHRoPSI3MDAiIGJvcmRlcj0iMCIgY2VsbHBhZGRpbmc9IjAiPgogICAgPHRyPiAKICAgICAgPHRkIGhlaWdodD0iOTQiPiAKICAgICAgICA8ZGl2IGFsaWduPSJjZW50ZXIiPjxmb250IHNpemU9IjIiPjxpbWcgc3JjPSJodHRwczovL2ltYWdlLnJha3V0ZW4uY28uanAvamV3ZWxjbGltYi9jYWJpbmV0L3BlYXJsc2Zvb3QuanBnIiB3aWR0aD0iNDgwIiBoZWlnaHQ9IjcwIiBib3JkZXI9IjEiPjxicj4K5Y6z6YG444GV44KM44Gf5reh5rC044OR44O844Or44K444Ol44Ko44Oq44O844GM55m75aC0PC9mb250PjwvZGl2PgogICAgICAgIDxkaXYgYWxpZ249ImNlbnRlciI+PGZvbnQgc2l6ZT0iMiI+PC9mb250PjwvZGl2PjwvdGQ+CiAgICAgIDx0ZD48dGFibGUgYm9yZGVyPSIwIiBjZWxsc3BhY2luZz0iMSIgY2VsbHBhZGRpbmc9IjEiIGJnY29sb3I9IiM5OTAwMDAiIGFsaWduPSJjZW50ZXIiPgogICAgICAgIDx0cj4KICAgICAgICAgIDx0ZCBiZ2NvbG9yPSIjRkZGRkZGIj48Zm9udCBzaXplPSIyIj48Yj48aW1nIHNyYz0iaHR0cHM6Ly9pbWFnZS5yYWt1dGVuLmNvLmpwL2pld2VsY2xpbWIvY2FiaW5ldC9vdGVnb3JvLmpwZyIgd2lkdGg9IjQ4MCIgYm9yZGVyPSIwIiBoZWlnaHQ9IjcwIiAvPjwvYj48L2ZvbnQ+PC90ZD4KICAgICAgICA8L3RyPgogICAgICA8L3RhYmxlPgogICAgICAgIDxkaXYgYWxpZ249ImNlbnRlciI+PGZvbnQgc2l6ZT0iMiI+576O44GX44GE5a6d55+z44Gf44Gh44KS6YGp5q2j44GL44Gk44CB44GK5omL6aCD44Gr44GK5bGK6Ie044GX44G+44GZ77yB44Oq44O844K644OK44OW44Or44K544OI44O844OzIDwvZm9udD48L2Rpdj48L3RkPgogICAgPC90cj4KICA8L3RhYmxlPgo8L2Rpdj4=,TEVELVVW44Op44Kk44OIMldBWeODq+ODvOODmihTaWx2ZXIp77ya55u06Ly45YWl5L6h5qC844Gu44Or44O844K55bGL44GV44KT,5a6d55+z44K444Ol44Ko44Oq44O844Or44O844K544OR44Ov44O844K544OI44O844Oz44Kq44O844OA44O844Oh44Kk44OJ6KqV55Sf55+z44Or44O844Oa5aSn6Ziq5Y2X6Ii55aC06auY57Sa56m65p6g44K444Ol44Ko44Oq44O85Yqg5bel44Kr44Op44O844K544OI44O844Oz44OA44Kk44Ok44Oi44Oz44OJ6KO455+zTEVELVVW44Op44Kk44OIMldBWeODq+ODvOODmihTaWx2ZXIp,TEVELVVW44Op44Kk44OIMldBWeODq+ODvOODmihTaWx2ZXIp[rn]
39-1100,aHR0cDovL3RzaG9wLnIxMHMuanAvY29zbWVjb21vbmxpbmUvY2FiaW5ldC9pdGVtLWltZzIwL2l0ZW1fMTAwMDAyMjIzOV8xLmpwZz9maXRpbj03MDA6NzAw,MjE2LjAwMDA=,,576O5a6544O744Kz44K544Oh44O76aaZ5rC0ID4g44K544Kt44Oz44Kx44KiID4g5rSX6aGU5paZID4g44Gd44Gu5LuW,44Ku44Oj44OE44OT44O8IOOCruODo+ODhOODk+ODvOOAgOODleOCp+OCpOOCt+ODo+ODq+ODmuODvOODkeODvOOCouOCpOOCueOCv+OCpOODlyDjgJBSQ1DjgJHmpb3lpKkg6YCa6LKpIOWMlueyp+WTgSBA44Kz44K544OhIOOCouODg+ODiOOCs+OCueODoSDjgq/jg4HjgrPjg58g44Ot44Kz44OfIOODqeODs+OCreODs+OCsA==,6aGU44Gu5rGX44CB5rGa44KM44KS44GX44Gj44GL44KK5out44GN5Y+W44KL44CC5Ya344Gf44GE5L2/55So5oSf44Gn44K144OD44OR44Oq54i95b+r77yB,PGRpdiBjbGFzcz0nY29taXRlbWhlYWQnPjx1bD48bGkgY2xhc3M9J2JyZG5hbWUnPjxhIGhyZWY9J2h0dHA6Ly9pdGVtLnJha3V0ZW4uY28uanAvY29zbWVjb21vbmxpbmUvYy8wMDAwMDAyMjg1Lyc+44Ku44Oj44OE44OT44O8PC9hPjwvbGk+PGxpIGNsYXNzPSdicmRidG4nPjxhIGhyZWY9J2h0dHA6Ly9pdGVtLnJha3V0ZW4uY28uanAvY29zbWVjb21vbmxpbmUvYy8wMDAwMDAyMjg1Lyc+PGltZyBzcmM9J2h0dHA6Ly9pbWFnZS5yYWt1dGVuLmNvLmpwL2Nvc21lY29tb25saW5lL2NhYmluZXQvY29tbW9uL2J0X2JyYW5kLmdpZicgYm9yZGVyPScwJz48L2E+PC9saT48L3VsPjwvZGl2PjxkaXYgY2xhc3M9J2NsZWFyJz48L2Rpdj48ZGl2IGNsYXNzPSdjb21pdGVtYm94Jz48cCBjbGFzcz0naXRlbWRldCc+5aSW5Ye65YWI44Gn44Gu44OG44Kr44Oq44KE5rGa44KM44KS44GX44Gj44GL44KK44G144GN5Y+W44KL44CB44Ki44Kk44K544K/44Kk44OX44Gu5rSX6aGU44K344O844OI44Gn44GZ44CCPGJyIC8+44Oh44Oz44OI44O844Or6YWN5ZCI44CB44Kv44O844Or44Gq5L2/55So5oSf44Gn44GK6IKM44KS44Oq44OV44Os44OD44K344Ol44CCPGJyIC8+5Y+O44KM44KT5Yq55p6c44Gn5q+b56m044KS5byV44GN57eg44KB44CB44Ki44OW44Op5rWu44GN44KS44GX44Gj44GL44KK5oqR44GI44G+44GZ44CCPGJyIC8+44OZ44K/44Gk44GN6Ziy5q2i44OR44Km44OA44O86YWN5ZCI44Gn44CB44K144Op44K144Op44GM5oyB57aa44GX44G+44GZ44CCPGJyIC8+MeaemuOBp+OBn+OBo+OBt+OCiuS9v+OBiOOCi+ODoeODg+OCt+ODpeeKtuWkp+Wei+ODmuODvOODkeODvOOBquOBruOBp+OAgeOBiumhlOS7peWkluOBq+OCgummlueti+OAgeiFleOAgeOCueODneODvOODhOW+jOOBruaxl+OBjOawl+OBq+OBquOCi+OBqOOBjeOAgeWLieW8t+ODu+S7leS6i+OBruWQiOmWk+OBquOBqeODquODleODrOODg+OCt+ODpeOBl+OBn+OBhOOBqOOBjeOBq+OCguOBiuS9v+OBhOOBhOOBn+OBoOOBkeOBvuOBmeOAgjwvcD48cCBjbGFzcz0ndXNlJz48c3BhbiBjbGFzcz0nZm9udC1iJz7kvb/jgYTmlrk8L3NwYW4+PGJyPjEu6KGo6Z2i44Gu44K344O844Or44KS77yv77yw77yl77yu44Gu5omA44GL44KJ6ZaL44GR44CA77yR5p6a44Ga44Gk5Y+W44KK5Ye644GX44Gm44GK5L2/44GE44GP44Gg44GV44GE44CCPGJyLz4yLuS4reWRs+OBruS5vueHpeOCkumYsuOBkOOBn+OCgeOAgOOBlOS9v+eUqOW+jOOBr+OCt+ODvOODq+OCkuWFg+OBruOCiOOBhuOBq+OBl+OBo+OBi+OCiumWieOCgeOBpuOBj+OBoOOBleOBhOOAgjwvcD48dGFibGUgY2xhc3M9J3NwZWMnIGJvcmRlcj0nMCcgY2VsbHNwYWNpbmc9JzEnIGNlbGxwYWRkaW5nPSczJz48dHI+PHRoPuWGheWuuemHjzwvdGQ+PHRkPjE15p6aPC90ZD48L3RyPjx0cj48dGg+5oiQ44CA5YiGPC90ZD48dGQgY2xhc3M9J3R4dDEwJz7msLTjgIHjgqjjgr/jg47jg7zjg6vjgIHjgr/jg6vjgq/jgIHvvLDvvLDvvKct77yW44OH44K344Or44OG44OI44Op44OH44K744K5Le+8ku+8kOOAgeODoeODs+ODiOODvOODq+OAgeODoeODs+ODiOOCreOCt+ODl+ODreODkeODs+OCuOOCquODvOODq+OAgeOCr+OCqOODs+mFuO+8ru+9geOAgeOCr+OCqOODs+mFuOOAgeOCteODquODgeODq+mFuOOAgemmmeaWmTwvdGQ+PC90cj48dHI+PHRoPuODoeODvOOCq+ODvDwvdGQ+PHRkPuOCs+OCueODoeODu+OCs+ODoDxmb250IHNpemU9JzEnPuOAgOOAgO+8iDxpbWcgc3JjPSdodHRwOi8vd3d3LnJha3V0ZW4ubmUuanAvZ29sZC9jb3NtZWNvbW9ubGluZS9jb21tb24vaW1hZ2UvaWNvX2Fycm93LmdpZicgd2lkdGg9JzYnIGhlaWdodD0nOScgYm9yZGVyPScwJz7llYblk4HjgavplqLjgZnjgovjgYrllY/lkIjjgZvvvIk8L2ZvbnQ+PC90ZD48L3RyPjx0cj48dGg+5Yy644CA5YiGPC90ZD48dGQ+5pel5pys6KO9ICDljJbnsqflk4E8L3RkPjwvdHI+PHRyPjx0aD7luoPlkYrmlofosqw8L3RkPjx0ZD7moKrlvI/kvJrnpL7jgrPjgrnjg6Hjg7vjgrPjg6DjgIAwMy01NTc1LTEyNzI8L3RkPjwvdHI+PC90YWJsZT48YnI+44K544Kt44Oz44Kx44Ki44O75Z+656SO5YyW57Kn5ZOBIO+8niDjgZ3jga7ku5bmtJfpoZTmlpk8L2Rpdj48YnI+44Ku44Oj44OE44OT44O8L+OCruODo+ODhOODk+ODvOOAgOODleOCp+OCpOOCt+ODo+ODq+ODmuODvOODkeODvOOCouOCpOOCueOCv+OCpOODlzxicj7jg5XjgqfjgqTjgrfjg6Pjg6vjg5rjg7zjg5Hjg7wg44Ki44Kk44K544K/44Kk44OX44CB44Ku44Oj44OE44OT44O844CB44Oe44Oz44OA44OgPGJyPuOBj+OBmeOBvyDpu5LjgZrjgb8g5byV44GN57eg44KBIOinkuizquOCseOCoiDpoZTjga7jg4bjgqvjg6og54i95b+r5oSfIOavm+eptDwhLS3mpJzntKIgc3RhcnQgLS0+CjxkaXYgc3R5bGU9Im1hcmdpbi1ib3R0b206MjBweDsiPgoKPC9kaXY+CjwhLS3mpJzntKIgZW5kIC0tPgoKPGJyPgo8IS0t44Kk44OB44Kq44K3IHN0YXJ0IC0tPgo8ZGl2IHN0eWxlPSJtYXJnaW46MDtiYWNrZ3JvdW5kOiNGM0FBQjM7Zm9udC13ZWlnaHQ6Ym9sZDtjb2xvcjojZmZmZmZmO3RleHQtaW5kZW50OjEwcHg7cGFkZGluZzowcHggMHB4IDBweCAwcHg7bGluZS1oZWlnaHQ6MjJweDt3aWR0aDo4MDBweDtoZWlnaHQ6MjJweDttYXJnaW46MHB4O2ZvbnQtc2l6ZToxMnB4OyI+CuKAleOAgFBJQ0vjgIBVUOOAgEJSQU5EIOKAlQo8L2Rpdj4KPCEtLeOCpOODgeOCquOCtyBlbmQgLS0+Cjxicj4KCiA8dGFibGU+Cjx0cj4KPHRkPgo8aW1nIHNyYz0iaHR0cHM6Ly9pbWFnZS5yYWt1dGVuLmNvLmpwL2Nvc21lY29tb25saW5lL2NhYmluZXQvYnJhbmRyb2dvL3JvZ29fZXR2b3NfMDEuanBnIiBhbHQ9IuOCqOODiOODtOOCqeOCuSIgYm9yZGVyPTAgd2lkdGg9MTQ4IGhlaWdodD0iNjJweCI+PGJyIC8+CiAgICAgICAgICAgIAo8L3RkPgo8dGQ+CjxpbWcgc3JjPSJodHRwczovL2ltYWdlLnJha3V0ZW4uY28uanAvY29zbWVjb21vbmxpbmUvY2FiaW5ldC9icmFuZHJvZ28vcm9nb19ob3VzZW9mcm9zZV8wMS5qcGciIGFsdD0i44OP44Km44K544Kq44OW44Ot44O844K8IiBib3JkZXI9MCB3aWR0aD0xNDggaGVpZ2h0PSI2MnB4Ij48YnIgLz4KCjwvdGQ+Cjx0ZD4KPGltZyBzcmM9Imh0dHBzOi8vaW1hZ2UucmFrdXRlbi5jby5qcC9jb3NtZWNvbW9ubGluZS9jYWJpbmV0L2JyYW5kcm9nby9yb2dvX2xvcmVhbHBhcmlfMDEuanBnIiBhbHQ9IuODreODrOOCouODq+ODkeODqiIgYm9yZGVyPTAgd2lkdGg9MTQ4IGhlaWdodD0iNjJweCI+PGJyIC8+Cgo8L3RkPgo8dGQ+CjxpbWcgc3JjPSJodHRwczovL2ltYWdlLnJha3V0ZW4uY28uanAvY29zbWVjb21vbmxpbmUvY2FiaW5ldC9icmFuZHJvZ28vcm9nb19jaGFjb3R0XzAxLmpwZyIgYWx0PSLjg4Hjg6PjgrPjg4Pjg4giIGJvcmRlcj0wIHdpZHRoPTE0OCBoZWlnaHQ9IjYycHgiPjxiciAvPgoKPC90ZD4KPHRkPgo8aW1nIHNyYz0iaHR0cHM6Ly9pbWFnZS5yYWt1dGVuLmNvLmpwL2Nvc21lY29tb25saW5lL2NhYmluZXQvYnJhbmRyb2dvL3JvZ29fbWFpaGFkYV8wMS5qcGciIGFsdD0i57Gz6IKMIiBib3JkZXI9MCB3aWR0aD0xNDggaGVpZ2h0PSI2MnB4Ij48YnIgLz4KCjwvdGQ+CjwvdHI+Cjx0cj4KPHRkPgo8aW1nIHNyYz0iaHR0cHM6Ly9pbWFnZS5yYWt1dGVuLmNvLmpwL2Nvc21lY29tb25saW5lL2NhYmluZXQvYnJhbmRyb2dvL3JvZ29fZW52aXJvbl8wMi5qcGciIGFsdD0iIOOCqOODs+ODk+ODreODsyIgYm9yZGVyPTAgd2lkdGg9MTQ4IGhlaWdodD0iNjJweCI+PGJyIC8+CiAgICAgICAgICAKPC90ZD4KPHRkPgo8aW1nIHNyYz0iaHR0cHM6Ly9pbWFnZS5yYWt1dGVuLmNvLmpwL2Nvc21lY29tb25saW5lL2NhYmluZXQvYnJhbmRyb2dvL3JvZ29fY2FubWFrZV8wMS5qcGciIGFsdD0i44Kt44Oj44Oz44Oh44Kk44KvIiBib3JkZXI9MCB3aWR0aD0xNDggaGVpZ2h0PSI2MnB4Ij48YnIgLz4KICAgICAgICAgICAKPC90ZD4KPHRkPgo8aW1nIHNyYz0iaHR0cHM6Ly9pbWFnZS5yYWt1dGVuLmNvLmpwL2Nvc21lY29tb25saW5lL2NhYmluZXQvYnJhbmRyb2dvL2ltZ3JjMDA2ODA4MzcwNy5qcGciIGFsdD0i44OK44OB44Ol44Op44Kw44Op44OD44K7IiBib3JkZXI9MCB3aWR0aD0xNDggaGVpZ2h0PSI2MnB4Ij48YnIgLz4KCjwvdGQ+Cjx0ZD4KPGltZyBzcmM9Imh0dHBzOi8vaW1hZ2UucmFrdXRlbi5jby5qcC9jb3NtZWNvbW9ubGluZS9jYWJpbmV0L2JyYW5kcm9nby9yb2dvX2V0dHVzYWlzXzAxLmpwZyIgYWx0PSLjgqjjg4bjg6XjgrsiIGJvcmRlcj0wIHdpZHRoPTE0OCBoZWlnaHQ9IjYycHgiPjxiciAvPgoKPC90ZD4KPHRkPgo8aW1nIHNyYz0iaHR0cHM6Ly9pbWFnZS5yYWt1dGVuLmNvLmpwL2Nvc21lY29tb25saW5lL2NhYmluZXQvYnJhbmRyb2dvL3JvZ29fZmxvd2Z1c2hpXzAxLmpwZyIgYWx0PSLjg5Xjg63jg7zjg5XjgrciIGJvcmRlcj0wIHdpZHRoPTE0OCBoZWlnaHQ9IjYycHgiPjxiciAvPgoKPC90ZD4KPC90cj4KPHRyPgo8dGQ+CjxpbWcgc3JjPSJodHRwczovL2ltYWdlLnJha3V0ZW4uY28uanAvY29zbWVjb21vbmxpbmUvY2FiaW5ldC9icmFuZHJvZ28vcm9nb190c3VkYXNldHN1a29fMDEuanBnIiBhbHQ9IuODhOODgOOCu+ODhOOCsyIgYm9yZGVyPTAgd2lkdGg9MTQ4IGhlaWdodD0iNjJweCI+PGJyIC8+Cgo8L3RkPgo8dGQ+CjxpbWcgc3JjPSJodHRwczovL2ltYWdlLnJha3V0ZW4uY28uanAvY29zbWVjb21vbmxpbmUvY2FiaW5ldC9icmFuZHJvZ28vcm9nb19tb2x0b25icm93bl8wMS5qcGciIGFsdD0i44Oi44Or44OI44Oz44OW44Op44Km44OzIiBib3JkZXI9MCB3aWR0aD0xNDggaGVpZ2h0PSI2MnB4Ij48YnIgLz4KCjwvdGQ+Cjx0ZD4KPGltZyBzcmM9Imh0dHBzOi8vaW1hZ2UucmFrdXRlbi5jby5qcC9jb3NtZWNvbW9ubGluZS9jYWJpbmV0L2JyYW5kcm9nby9yb2dvX3Jldmxvbl8wMS5qcGciIGFsdD0i44Os44OW44Ot44OzIiBib3JkZXI9MCB3aWR0aD0xNDggaGVpZ2h0PSI2MnB4Ij48YnIgLz4KCjwvdGQ+Cjx0ZD4KPGltZyBzcmM9Imh0dHBzOi8vaW1hZ2UucmFrdXRlbi5jby5qcC9jb3NtZWNvbW9ubGluZS9jYWJpbmV0L2JyYW5kcm9nby9yb2dvX21heWJlbGxpbmVfMDEuanBnIiBhbHQ9IuODoeOCpOODmeODquODsyIgYm9yZGVyPTAgd2lkdGg9MTQ4IGhlaWdodD0iNjJweCI+PGJyIC8+CiAgICAgICAgIAo8L3RkPgo8dGQ+CjxpbWcgc3JjPSJodHRwczovL2ltYWdlLnJha3V0ZW4uY28uanAvY29zbWVjb21vbmxpbmUvY2FiaW5ldC9icmFuZHJvZ28vcm9nb19zaGlzZWRvXzAxLmpwZyIgYWx0PSLos4fnlJ/loIIiIGJvcmRlcj0wIHdpZHRoPTE0OCBoZWlnaHQ9IjYycHgiPjxiciAvPgoKPC90ZD4KPC90cj4KPHRyPgo8dGQ+CjxpbWcgc3JjPSJodHRwczovL2ltYWdlLnJha3V0ZW4uY28uanAvY29zbWVjb21vbmxpbmUvY2FiaW5ldC9icmFuZHJvZ28vcm9nb19mb2N1c21rY18wMi5qcGciIGFsdD0i56eB44Gu44GN44KM44GE5pel6KiYIiBib3JkZXI9MCB3aWR0aD0xNDggaGVpZ2h0PSI2MnB4Ij48YnIgLz4KCjwvdGQ+Cjx0ZD4KPGltZyBzcmM9Imh0dHBzOi8vaW1hZ2UucmFrdXRlbi5jby5qcC9jb3NtZWNvbW9ubGluZS9jYWJpbmV0L2JyYW5kcm9nby9yb2dvX3N3ZWV0cy1zd2VldHNfMC5qcGciIGFsdD0i44K544Km44Kj44O844OE44K544Km44Kj44O844OEIiBib3JkZXI9MCB3aWR0aD0xNDggaGVpZ2h0PSI2MnB4Ij48YnIgLz4KIAo8L3RkPgo8dGQ+CjxpbWcgc3JjPSJodHRwczovL2ltYWdlLnJha3V0ZW4uY28uanAvY29zbWVjb21vbmxpbmUvY2FiaW5ldC9icmFuZHJvZ28vcm9nb19tYXF1aWxsYWdlXzAyLmpwZyIgYWx0PSLjg57jgq3jgqLjg7zjgrjjg6UiIGJvcmRlcj0wIHdpZHRoPTE0OCBoZWlnaHQ9IjYycHgiPjxiciAvPgoKPC90ZD4KPHRkPgo8aW1nIHNyYz0iaHR0cHM6Ly9pbWFnZS5yYWt1dGVuLmNvLmpwL2Nvc21lY29tb25saW5lL2NhYmluZXQvYnJhbmRyb2dvL3JvZ29faGFiYV8wMS5qcGciIGFsdD0i44OP44O844OQ44O8IiBib3JkZXI9MCB3aWR0aD0xNDggaGVpZ2h0PSI2MnB4Ij48YnIgLz4KICAgICAgICAgCjwvdGQ+Cjx0ZD4KPGltZyBzcmM9Imh0dHBzOi8vaW1hZ2UucmFrdXRlbi5jby5qcC9jb3NtZWNvbW9ubGluZS9jYWJpbmV0L2JyYW5kcm9nby9yb2dvX3Exc3RfMDEuanBnIiBhbHQ9IuOCr+OCquODquODhuOCo+ODleOCoeODvOOCueODiCIgYm9yZGVyPTAgd2lkdGg9MTQ4IGhlaWdodD0iNjJweCI+PGJyIC8+Cgo8L3RkPgo8L3RyPgo8dHI+Cjx0ZD4KPGltZyBzcmM9Imh0dHBzOi8vaW1hZ2UucmFrdXRlbi5jby5qcC9jb3NtZWNvbW9ubGluZS9jYWJpbmV0L2JyYW5kcm9nby9yb2dvX3Jtc18wMS5qcGciIGFsdD0icm1zIiBib3JkZXI9MCB3aWR0aD0xNDggaGVpZ2h0PSI2MnB4Ij48YnIgLz4KCjwvdGQ+Cjx0ZD4KPGltZyBzcmM9Imh0dHBzOi8vaW1hZ2UucmFrdXRlbi5jby5qcC9jb3NtZWNvbW9ubGluZS9jYWJpbmV0L2JyYW5kcm9nby9yb2dvX29waV8wMS5qcGciIGFsdD0iT1BJIiBib3JkZXI9MCB3aWR0aD0xNDggaGVpZ2h0PSI2MnB4Ij48YnIgLz4KIAo8L3RkPgo8dGQ+CjxpbWcgc3JjPSJodHRwczovL2ltYWdlLnJha3V0ZW4uY28uanAvY29zbWVjb21vbmxpbmUvY2FiaW5ldC9icmFuZHJvZ28vcm9nb19qdXJsaXF1ZV8wMS5qcGciIGFsdD0i44K444Ol44Oq44O844KvIiBib3JkZXI9MCB3aWR0aD0xNDggaGVpZ2h0PSI2MnB4Ij48YnIgLz4KCjwvdGQ+Cjx0ZD4KPGltZyBzcmM9Imh0dHBzOi8vaW1hZ2UucmFrdXRlbi5jby5qcC9jb3NtZWNvbW9ubGluZS9jYWJpbmV0L2JyYW5kcm9nby9yb2dvX3ZlY3VhaG9uZXlfMDEuanBnIiBhbHQ9IuOBueOCreODpeOCouODj+ODi+ODvCIgYm9yZGVyPTAgd2lkdGg9MTQ4IGhlaWdodD0iNjJweCI+PGJyIC8+Cgo8L3RkPgo8dGQ+CjxpbWcgc3JjPSJodHRwczovL2ltYWdlLnJha3V0ZW4uY28uanAvY29zbWVjb21vbmxpbmUvY2FiaW5ldC9icmFuZHJvZ28vcm9nb19iZWF1dGVkZXNhZV8wMS5qcGciIGFsdD0i44Oc44O844OG44OH44Ol44K144KoIiBib3JkZXI9MCB3aWR0aD0xNDggaGVpZ2h0PSI2MnB4Ij48YnIgLz4KICAgICAgICAgIAo8L3RkPgo8L3RyPgo8L3RhYmxlPgoKCjxicj4KPCEtLeOCpOODgeOCquOCtyBzdGFydCAtLT4KPGRpdiBzdHlsZT0ibWFyZ2luOjA7YmFja2dyb3VuZDojRjNBQUIzO2ZvbnQtd2VpZ2h0OmJvbGQ7Y29sb3I6I2ZmZmZmZjt0ZXh0LWluZGVudDoxMHB4O3BhZGRpbmc6MHB4IDBweCAwcHggMHB4O2xpbmUtaGVpZ2h0OjIycHg7d2lkdGg6ODAwcHg7aGVpZ2h0OjIycHg7bWFyZ2luOjBweDtmb250LXNpemU6MTJweDsiPgrigJXjgIBORVfjgIBJVEVNIOKAlQo8L2Rpdj4KPCEtLeOCpOODgeOCquOCtyBlbmQgLS0+Cjxicj4=,44Ku44Oj44OE44OT44O8IOOCruODo+ODhOODk+ODvOOAgOODleOCp+OCpOOCt+ODo+ODq+ODmuODvOODkeODvOOCouOCpOOCueOCv+OCpOODlyDjgJBSQ1DjgJHmpb3lpKkg6YCa6LKpIOWMlueyp+WTgSBA44Kz44K544OhIOOCouODg+ODiOOCs+OCueODoSDjgq/jg4HjgrPjg58g44Ot44Kz44OfIOODqeODs+OCreODs+OCsO+8muOCouODg+ODiOOCs+OCueODoeOCt+ODp+ODg+ODlOODs+OCsA==,44Kz44K544Oh44CA5qW95aSp5qW95aSp44CA6YCB5paZ54Sh5paZ44Kz44K544Oh44CA5qC85a6J44Kz44K544Oh44O744Kz44Og44OO44Oz44K344Oq44Kz44Oz44K344Oj44Oz44OX44O844OO44Oz44K344Oq44Kz44Oz44K344Oj44Oz44OX44O844CA5qW95aSp44OB44Oj44Kz44OD44OI44CA5qW95aSp44OP44Km44K544Kq44OW44Ot44O844K844CA5qW95aSp77yg44Kz44K544Oh44OB44Oj44Kz44OD44OI44OP44Km44K544Kq44OW44Ot44O844K844Ku44Oj44OE44OT44O8IOOCruODo+ODhOODk+ODvOOAgOODleOCp+OCpOOCt+ODo+ODq+ODmuODvOODkeODvOOCouOCpOOCueOCv+OCpOODlyDjgJBSQ1DjgJHmpb3lpKkg6YCa6LKpIOWMlueyp+WTgSBA44Kz44K544OhIOOCouODg+ODiOOCs+OCueODoSDjgq/jg4HjgrPjg58g44Ot44Kz44OfIOODqeODs+OCreODs+OCsA==,6aGU44Gu5rGX44CB5rGa44KM44KS44GX44Gj44GL44KK5out44GN5Y+W44KL44CC5Ya344Gf44GE5L2/55So5oSf44Gn44K144OD44OR44Oq54i95b+r77yB44CC44Ku44Oj44OE44OT44O8IOOCruODo+ODhOODk+ODvOOAgOODleOCp+OCpOOCt+ODo+ODq+ODmuODvOODkeODvOOCouOCpOOCueOCv+OCpOODlyDjgJBSQ1DjgJHmpb3lpKkg6YCa6LKpIOWMlueyp+WTgSBA44Kz44K544OhIOOCouODg+ODiOOCs+OCueODoSDjgq/jg4HjgrPjg58g44Ot44Kz44OfIOODqeODs+OCreODs+OCsA==[rn]
