39-76407,aHR0cDovL3RzaG9wLnIxMHMuanAvY3V0aWVzcHkvY2FiaW5ldC95eGwvd2FsbGV0LzMxNTg1OV9waW5rLmpwZz9maXRpbj03MDA6NzAw,Mzg4ODkuNjAwMA==,,44OQ44OD44Kw44O75bCP54mp44O744OW44Op44Oz44OJ6ZuR6LKoID4g6LKh5biD44O744Kx44O844K5ID4g44Os44OH44Kj44O844K56LKh5biD,44CQ6Kiz44GC44KK44CR44K144Oz44Ot44O844Op44Oz44O744OR44OqIOiyoeW4gyDplbfosqHluIMgU0FJTlQgTEFVUkVOVCBQQVJJUyDjg5Tjg7Pjgq8g44Kk44O044K144Oz44Ot44O844Op44OzIDMxNTg1OSBCTTAwSiDjg5XjgqHjgrnjg4rjg7wg44K444OD44OXIFlTTOOAkOmAgeaWmeeEoeaWmeOAkeOAkOalveOCruODlV/ljIXoo4XjgJHjgJBmczA0Z23jgJE=,44K144Oz44Ot44O844Op44OzIOODkeODqiDosqHluIMg6ZW36LKh5biDIFNhaW50IExhdXJlbnQgMzE1ODU5,PHN0eWxlIHR5cGU9InRleHQvY3NzIj4KPCEtLQojbWFpbiB7CndpZHRoOiA2MzBweDsKZmxvYXQ6cmlnaHQ7Cm1hcmdpbi1yaWdodDogNXB4Owp9CgovKiDluoPlkYogKGRpdiNiYW5uZXIwMCkgKi8KI2Jhbm5lcjAwIHsKbWFyZ2luLXRvcDogMjBweDsKfQojbWFpbiAjYmFubmVyMDAgaW1nIHsKbWFyZ2luLWJvdHRvbTogMTRweDsKbWFyZ2luLWxlZnQ6IDE1cHg7Cn0KI2ltYWdlIGltZyB7Cm1hcmdpbi10b3A6IDIwcHg7Cn0KI3NwZWMgdGFibGUgdGQgewp9CiNzcGVjX3RpdGxlIHsKYmFja2dyb3VuZC1jb2xvcjogI2U4ZThlODsKfQojc3BlYyB0YWJsZSB7Cn0KI3NwZWMgdGFibGUgdHIgewp9CiNzcGVjIHRkIHsKfQojc3BlYyB0ZCB7CmJvcmRlci1yaWdodC13aWR0aDogMXB4Owpib3JkZXItYm90dG9tLXdpZHRoOiAxcHg7CmJvcmRlci10b3Atc3R5bGU6IG5vbmU7CmJvcmRlci1yaWdodC1zdHlsZTogc29saWQ7CmJvcmRlci1ib3R0b20tc3R5bGU6IHNvbGlkOwpib3JkZXItbGVmdC1zdHlsZTogbm9uZTsKYm9yZGVyLXJpZ2h0LWNvbG9yOiAjQ0NDQ0NDOwpib3JkZXItYm90dG9tLWNvbG9yOiAjQ0NDQ0NDOwpmb250LXNpemU6IDExcHg7CnBhZGRpbmctbGVmdDogMTNweDsKY29sb3I6ICM2NzY3Njc7CmxpbmUtaGVpZ2h0OiAxOHB4OwpwYWRkaW5nLXJpZ2h0OiAxMHB4Owp9CiNzcGVjIHRhYmxlIHsKYm9yZGVyLXRvcC13aWR0aDogMXB4Owpib3JkZXItbGVmdC13aWR0aDogMXB4Owpib3JkZXItdG9wLXN0eWxlOiBzb2xpZDsKYm9yZGVyLWxlZnQtc3R5bGU6IHNvbGlkOwpib3JkZXItdG9wLWNvbG9yOiAjQ0NDQ0NDOwpib3JkZXItbGVmdC1jb2xvcjogI0NDQ0NDQzsKbWFyZ2luLXRvcDogLTRweDsKfQojbWFpbiAjc3BlYyB7Cm1hcmdpbi10b3A6IDIwcHg7Cn0KLS0+Cjwvc3R5bGU+Cgo8ZGl2IGlkPSJtYWluIj4KCjxkaXYgaWQ9ImltYWdlIj4KPGltZyBzcmM9Imh0dHA6Ly9pbWFnZS5yYWt1dGVuLmNvLmpwL2N1dGllc3B5L2NhYmluZXQvYmFubmVyL2Fib3V0X3lzbC5qcGciPgo8Y2VudGVyPgo8aW1nIHNyYz0iaHR0cDovL2ltYWdlLnJha3V0ZW4uY28uanAvY3V0aWVzcHkvY2FiaW5ldC9zeW91aGluMi9yZWFsLmdpZiIgLz4KPC9jZW50ZXI+Cgo8YnI+CjxpbWcgc3JjPSJodHRwOi8vaW1hZ2UucmFrdXRlbi5jby5qcC9jdXRpZXNweS9jYWJpbmV0L3l4bC93YWxsZXQvMzE1ODU5X3BpbmsuanBnIiAvPgo8YnI+CjxpbWcgc3JjPSJodHRwOi8vaW1hZ2UucmFrdXRlbi5jby5qcC9jdXRpZXNweS9jYWJpbmV0L3l4bC93YWxsZXQvMzE1ODU5X3BpbmtfZDIuanBnIiAvPgoKCjxicj4KCjwhLS0g44K544Oa44OD44KvIC0tPgogPGltZyBzcmM9Imh0dHA6Ly9pbWFnZS5yYWt1dGVuLmNvLmpwL2N1dGllc3B5L2NhYmluZXQvcGFydHMvYmFyX3NwZWMuZ2lmIj48dGFibGUgd2lkdGg9IjYzMCIgYm9yZGVyPSIwIiBjZWxscGFkZGluZz0iMCIgY2VsbHNwYWNpbmc9IjEiIGNsYXNzPSJpdGVtU3BlYyIgc3R5bGU9IndpZHRoOjYzMHB4O3ZlcnRpY2FsLWFsaWduOnRvcDtiYWNrZ3JvdW5kLWNvbG9yOiM5OTk5OTk7Zm9udC1zaXplOjgwJTsiPiAKICA8dHI+IDx0aCB3aWR0aD0iMTYwIiBoZWlnaHQ9IjY0IiBzdHlsZT0id2lkdGg6MTIwcHg7IGJhY2tncm91bmQtY29sb3I6I0VFRUVFRTtjb2xvcjojNjY2NjY2O3RleHQtYWxpZ246bGVmdDtwYWRkaW5nOjVweCAxMHB4O2ZvbnQtd2VpZ2h0Om5vcm1hbDt2ZXJ0aWNhbC1hbGlnbjptaWRkbGU7Ij7jgrXjgqTjgro8L3RoPgogICAgPHRkIHdpZHRoPSI1MDAiIHN0eWxlPSJiYWNrZ3JvdW5kLWNvbG9yOiNGRkZGRkY7cGFkZGluZzoxMHB4O2xpbmUtaGVpZ2h0OjE2MCU7Ij48cD7luYXntIQxOWNt44CA57im57SEOS41Y23jgIDjg57jg4HntIQyY208YnI+CuODu+OCq+ODvOODicOXMTI8YnI+CuODu+ODneOCseODg+ODiMOXMjxicj4K44O75bCP6Yqt5YWl44KMw5cxPGJyPgrjg7vjgYrmnK3lhaXjgozDlzI8YnI+CjwvcD48L3RkPiAKICA8L3RyPiA8dHI+IDx0aCBzdHlsZT0id2lkdGg6MTYwcHg7IGJhY2tncm91bmQtY29sb3I6I0VFRUVFRTtjb2xvcjojNjY2NjY2O3RleHQtYWxpZ246bGVmdDtwYWRkaW5nOjVweCAxMHB4O2ZvbnQtd2VpZ2h0Om5vcm1hbDt2ZXJ0aWNhbC1hbGlnbjptaWRkbGU7Ij7jg5bjg6njg7Pjg4k8L3RoPgogIDx0ZCBzdHlsZT0iYmFja2dyb3VuZC1jb2xvcjojRkZGRkZGO3BhZGRpbmc6MTBweDtsaW5lLWhlaWdodDoxNjAlOyI+44K144Oz44Ot44O844Op44Oz44OR44OqPC90ZD4gCiAgPC90cj4gIDx0cj4gPHRoIHN0eWxlPSJ3aWR0aDoxMjBweDsgYmFja2dyb3VuZC1jb2xvcjojRUVFRUVFO2NvbG9yOiM2NjY2NjY7dGV4dC1hbGlnbjpsZWZ0O3BhZGRpbmc6NXB4IDEwcHg7Zm9udC13ZWlnaHQ6bm9ybWFsO3ZlcnRpY2FsLWFsaWduOm1pZGRsZTsiPuS7mOWxnuWTgTwvdGg+CiAgICA8dGQgc3R5bGU9ImJhY2tncm91bmQtY29sb3I6I0ZGRkZGRjtwYWRkaW5nOjEwcHg7bGluZS1oZWlnaHQ6MTYwJTsiPuOCteODs+ODreODvOODqeODs+WwgueUqEJPWOODu+S/neWtmOiii+ODu+WPluaJseiqrOaYjuabuOODu+OCs+ODs+ODiOODreODvOODq+OCq+ODvOODiTwvdGQ+IAogIDwvdHI+IAogPHRyPiA8dGggc3R5bGU9IndpZHRoOjEyMHB4OyBiYWNrZ3JvdW5kLWNvbG9yOiNFRUVFRUU7Y29sb3I6IzY2NjY2Njt0ZXh0LWFsaWduOmxlZnQ7cGFkZGluZzo1cHggMTBweDtmb250LXdlaWdodDpub3JtYWw7dmVydGljYWwtYWxpZ246bWlkZGxlOyI+57Sg5p2QPC90aD4KICA8dGQgc3R5bGU9ImJhY2tncm91bmQtY29sb3I6I0ZGRkZGRjtwYWRkaW5nOjEwcHg7bGluZS1oZWlnaHQ6MTYwJTsiPuOCq+ODvOODlTwvdGQ+IAogIDwvdHI+IDx0cj4gPHRoIHN0eWxlPSJ3aWR0aDoxNjBweDsgYmFja2dyb3VuZC1jb2xvcjojRUVFRUVFO2NvbG9yOiM2NjY2NjY7dGV4dC1hbGlnbjpsZWZ0O3BhZGRpbmc6NXB4IDEwcHg7Zm9udC13ZWlnaHQ6bm9ybWFsO3ZlcnRpY2FsLWFsaWduOm1pZGRsZTsiPuOCq+ODqeODvDwvdGg+CiAgPHRkIHN0eWxlPSJiYWNrZ3JvdW5kLWNvbG9yOiNGRkZGRkY7cGFkZGluZzoxMHB4O2xpbmUtaGVpZ2h0OjE2MCU7Ij7jg5Tjg7Pjgq88L3RkPiAKICA8L3RyPiAKIDx0cj4gPHRoIGhlaWdodD0iODciIHN0eWxlPSJ3aWR0aDoxMjBweDsgYmFja2dyb3VuZC1jb2xvcjojRUVFRUVFO2NvbG9yOiM2NjY2NjY7dGV4dC1hbGlnbjpsZWZ0O3BhZGRpbmc6NXB4IDEwcHg7Zm9udC13ZWlnaHQ6bm9ybWFsO3ZlcnRpY2FsLWFsaWduOm1pZGRsZTsiPuOBk+OBruWVhuWTgeOBruODneOCpOODs+ODiO+8gTwvdGg+CiAgPHRkIHN0eWxlPSJiYWNrZ3JvdW5kLWNvbG9yOiNGRkZGRkY7cGFkZGluZzoxMHB4O2xpbmUtaGVpZ2h0OjE2MCU7Ij7jgIzjg6Ljg7zjg4njga7luJ3njovjgI3jgajjgZfjgabnn6XjgonjgozjgabjgYrjgorkuJbnlYzkuK3jga7jgrvjg6zjg5bjg6rjg4bjgqPjgYvjgonkurrmsJfjga7jg5Xjg6njg7Pjgrnjga7jg5XjgqHjg4Pjgrfjg6fjg7Pjg5bjg6njg7Pjg4njgIHjgrXjg7Pjg63jg7zjg6njg7Pjg5Hjg6rjga7plbfosqHluIPjgafjgZnjgILlj47ntI3jgYzlpJrjgY/jgIHjgajjgabjgoLkvb/jgYTjgoTjgZnjgYTjg4fjgrbjgqTjg7PjgILjgrTjg7zjg6vjg4njga7jg5XjgqHjgrnjg4rjg7zjgYzjgqLjgq/jgrvjg7Pjg4jjgajjgarjgorpq5jntJrmhJ/jga7jgYLjgovjgqLjgqTjg4bjg6DjgafjgZnjgII8YnI+CjxBIGhyZWY9Imh0dHA6Ly9zZWFyY2gucmFrdXRlbi5jby5qcC9zZWFyY2gvaW5zaG9wLW1hbGwv44Kk44OW44O744K144Oz44Ot44O844Op44OzLy0vc2lkLjI0MDQ5My1zdC5BIj48Zm9udCBjb2xvcj0iNjY2NjY2Ij7jgZ3jga7ku5bjga7jgI7jgqTjg7TjgrXjg7Pjg63jg7zjg6njg7PjgI/jgqLjgqTjg4bjg6Djga/jgZPjgaHjgonjgYvjgonvvIHvvIE8L2ZvbnQ+PC9BPjwvdGQ+IAogIDwvdHI+IDx0cj4gPHRoIHN0eWxlPSJ3aWR0aDoxMjBweDsgYmFja2dyb3VuZC1jb2xvcjojRUVFRUVFO2NvbG9yOiM2NjY2NjY7dGV4dC1hbGlnbjpsZWZ0O3BhZGRpbmc6NXB4IDEwcHg7Zm9udC13ZWlnaHQ6bm9ybWFsO3ZlcnRpY2FsLWFsaWduOm1pZGRsZTsiPuazqOaEj+eCuTwvdGg+CiAgPHRkIHN0eWxlPSJiYWNrZ3JvdW5kLWNvbG9yOiNGRkZGRkY7cGFkZGluZzoxMHB4O2xpbmUtaGVpZ2h0OjE2MCU7Ij48cD7ilrzjg6Ljg4vjgr/jg7zjgavjgojjgorjgIHoibLjga7opovjgYjmlrnjgYzlrp/pmpvjga7llYblk4HjgajnlbDjgarjgovjgZPjgajjgYzjgZTjgZbjgYTjgb7jgZnjgILjgZTkuobmib/kuIvjgZXjgYTjgb7jgZvjgII8YnI+CuKWvOaRqeaTpuODu+axl+ODu+awtOWIhuetieOBq+OCiOOCiuiJsuiQveOBoeODu+iJsuenu+OCiuetieOBmeOCi+WgtOWQiOOBjOOBlOOBluOBhOOBvuOBmeOAgjxicj4KCuKWvOW9k+W6l+OBp+WPluaJseOBruWVhuWTgeOBr+WFqOOBpuOAgeaWsOWTgeODu+ato+imjyjmnKzniakp44Gu5ZWG5ZOB44Gu44G/44Gn44GU44GW44GE44G+44GZ44CC44GU5a6J5b+D44GX44Gm44GK6LK344GE54mp5LiL44GV44GE44CCPGJyPgo8Zm9udCBjb2xvcj0iZmYwMDAwIj4K4pa85YaF5YG044Kr44O844OJ5YWl44KM6YOo5YiG44Go5YaF5YG044Gu44OW44Op44OD44Kv44Gu44Os44K244O844Gu6YeN44Gq44KL6YOo5YiG44Gr5p+T6Imy44GM5LuY552A44GX44Gm44GK44KK44G+44GZ44CC44GU5LqG5om/44Gu5LiK44GK6LK344GE54mp5LiL44GV44GE44CCPGJyPgo8L2ZvbnQ+CuKWvOOBk+OBoeOCieOBr+ebtOWWtuOCouOCpuODiOODrOODg+ODiOOBruWVhuWTgeOBp+OBmeOAggo8YSBocmVmPSJodHRwOi8vaXRlbS5yYWt1dGVuLmNvLmpwL2N1dGllc3B5L2MvMDAwMDAwMDQwOC8iPjxmb250IGNvbG9yPSJmZjY2NjYiPijoqbPntLDjga/jgZPjgaHjgonvvIk8L2ZvbnQ+PC9hPjxicj4KCiAgICA8YSBocmVmPSJodHRwOi8vaXRlbS5yYWt1dGVuLmNvLmpwL2N1dGllc3B5L2MvMDAwMDAwMDM4My8iIHRhcmdldD0iX3RvcCI+PGZvbnQgY29sb3I9ImZmMDA2NiI+Jmd0OyZndDvllYblk4Hjga7nnJ/otIvjgavjgaTjgYTjgabjga/jgZPjgaHjgonjgYvjgonjgII8L2ZvbnQ+PC9hPjxicj4KICA8L3A+PC90ZD4gCiAgPC90cj4gIDwvdGFibGU+CiAKPCEtLSDjgrnjg5rjg4Pjgq8gLS0+PGltZyBzcmM9Imh0dHA6Ly9pbWFnZS5yYWt1dGVuLmNvLmpwL2N1dGllc3B5L2NhYmluZXQvcGMtc2VudGVuY2UvYmVmb3JlX29yZGVyLmdpZiI+,44CQ6Kiz44GC44KK44CR44K144Oz44Ot44O844Op44Oz44O744OR44OqIOiyoeW4gyDplbfosqHluIMgU0FJTlQgTEFVUkVOVCBQQVJJUyDjg5Tjg7Pjgq8g44Kk44O044K144Oz44Ot44O844Op44OzIDMxNTg1OSBCTTAwSiDjg5XjgqHjgrnjg4rjg7wg44K444OD44OXIFlTTOOAkOmAgeaWmeeEoeaWmeOAkeOAkOalveOCruODlV/ljIXoo4XjgJHjgJBmczA0Z23jgJHvvJrvvKN1dGllc3B5,44Of44Ol44Km44Of44Ol44KmbWl1bWl144OX44Op44OAcHJhZGHjgrDjg4Pjg4FndWNjaeODkOODvOODkOODquODvGJ1cmJlcnJ544OH44Kj44Kq44O844OrZGlvcuOCt+ODo+ODjeODq2NoYW5lbOODnOODg+ODhuOCrOODtOOCp+ODjeOCv+ODnOODg+ODhuOCrOODmeODjeOCv+ODnOODg+ODhuOCrGJvdHRlZ2EgdmVuZXRh44OX44Op44OA44Ki44Km44OI44Os44OD44OI44Kw44OD44OB44Ki44Km44OI44Os44OD44OI44Kk44OW44K144Oz44Ot44O844Op44Oz44K744Oq44O844OM44CQ6Kiz44GC44KK44CR44K144Oz44Ot44O844Op44Oz44O744OR44OqIOiyoeW4gyDplbfosqHluIMgU0FJTlQgTEFVUkVOVCBQQVJJUyDjg5Tjg7Pjgq8g44Kk44O044K144Oz44Ot44O844Op44OzIDMxNTg1OSBCTTAwSiDjg5XjgqHjgrnjg4rjg7wg44K444OD44OXIFlTTOOAkOmAgeaWmeeEoeaWmeOAkeOAkOalveOCruODlV/ljIXoo4XjgJHjgJBmczA0Z23jgJE=,44K144Oz44Ot44O844Op44OzIOODkeODqiDosqHluIMg6ZW36LKh5biDIFNhaW50IExhdXJlbnQgMzE1ODU544CC44CQ6Kiz44GC44KK44CR44K144Oz44Ot44O844Op44Oz44O744OR44OqIOiyoeW4gyDplbfosqHluIMgU0FJTlQgTEFVUkVOVCBQQVJJUyDjg5Tjg7Pjgq8g44Kk44O044K144Oz44Ot44O844Op44OzIDMxNTg1OSBCTTAwSiDjg5XjgqHjgrnjg4rjg7wg44K444OD44OXIFlTTOOAkOmAgeaWmeeEoeaWmeOAkeOAkOalveOCruODlV/ljIXoo4XjgJHjgJBmczA0Z23jgJE=[rn]
39-76408,aHR0cDovL3RzaG9wLnIxMHMuanAvY3V0aWVzcHkvY2FiaW5ldC9qaW1teWNob28vc2lsdl8xLmpwZz9maXRpbj03MDA6NzAw,NjA2NDAuMDAwMA==,,44OQ44OD44Kw44O75bCP54mp44O744OW44Op44Oz44OJ6ZuR6LKoID4g6LKh5biD44O744Kx44O844K5ID4g44Os44OH44Kj44O844K56LKh5biD,44K444Of44O844OB44Ol44KmIEpJTU1ZIENIT08g6LKh5biDIOmVt+iyoeW4gyDjgrfjg6vjg5Djg7wv44K544K/44O844K544K/44OD44K6IEZJTElQQSBtZXRhbGljIFdJVEggc3RhcnMgRklMSVBBIEdUUiDjg5XjgqHjgrnjg4rjg7zplbfosqHluIMg44K344On44OD44OX6KKL5LuY44GNIOaWsOWTgeODu+ato+imj+WTgSDjg6zjg4fjgqPjg7zjgrnjgJDpgIHmlpnnhKHmlpnjgJHjgJDmpb3jgq7jg5Vf5YyF6KOF44CR44CQUkNQ44CR,MjAxN1NTIOOCt+ODp+ODg+ODl+iii+S7mOOBjeKZquOCuOODn+ODvOODgeODpeOCpiDplbfosqHluIMg44K344On44OD44OX6KKL5LuY44GN,PGlmcmFtZSBzcmM9Imh0dHA6Ly93d3cucmFrdXRlbi5uZS5qcC9nb2xkL2N1dGllc3B5L3Byb2R1Y3RzL2ppbW15Y2hvby8xMTAwMy8xMTAwMy5odG1sIiBoZWlnaHQ9ODMwIHdpZHRoPTEwMDAgZnJhbWVib3JkZXI9IjAiIHNjcm9sbGluZz0ibm8iIG1hcmdpbndpZHRoPSIwIiBtYXJnaW5oZWlnaHQ9IjAiPgrjgZPjga7pg6jliIbjga8gaWZyYW1lIOWvvuW/nOOBruODluODqeOCpuOCtuOBp+imi+OBpuOBj+OBoOOBleOBhOOAggo8L2lmcmFtZT4KPGJyPgo8YnI+Cjxicj4KCgo8IS0tIOOCueODmuODg+OCryAtLT4KIDxpbWcgc3JjPSJodHRwOi8vaW1hZ2UucmFrdXRlbi5jby5qcC9jdXRpZXNweS9jYWJpbmV0L3BhcnRzL3NwZWNiYXIuZ2lmIj48dGFibGUgd2lkdGg9IjEwMDAiIGJvcmRlcj0iMCIgY2VsbHBhZGRpbmc9IjAiIGNlbGxzcGFjaW5nPSIxIiBjbGFzcz0iaXRlbVNwZWMiIHN0eWxlPSJ3aWR0aDoxMDAwcHg7dmVydGljYWwtYWxpZ246dG9wO2JhY2tncm91bmQtY29sb3I6Izk5OTk5OTtmb250LXNpemU6OTAlOyI+IAogIDx0cj4gPHRoIHdpZHRoPSIzMDAiIGhlaWdodD0iNjQiIHN0eWxlPSJ3aWR0aDoxMjBweDsgYmFja2dyb3VuZC1jb2xvcjojRUVFRUVFO2NvbG9yOiMzMzM7dGV4dC1hbGlnbjpjZW50ZXI7cGFkZGluZzo1cHggMTBweDtmb250LXdlaWdodDpub3JtYWw7dmVydGljYWwtYWxpZ246bWlkZGxlOyI+44K144Kk44K6PC90aD4KICAgIDx0ZCB3aWR0aD0iNzAwIiBzdHlsZT0iYmFja2dyb3VuZC1jb2xvcjojRkZGRkZGO3BhZGRpbmc6MTBweDtsaW5lLWhlaWdodDoxNjAlOyI+PHA+5bmF57SEMTljbSDnuKbntIQxMGNtIOODnuODgee0hDJjbTxicj4K44O744Kr44O844OJw5c4PGJyPgrjg7vjg53jgrHjg4Pjg4jDlzI8YnI+CuODu+Wwj+mKreWFpeOCjMOXMTxicj4K44O744GK5pyt5YWl44KMw5cyPGJyPgo8L3A+PC90ZD4gCiAgPC90cj4gPHRyPiA8dGggc3R5bGU9IndpZHRoOjE2MHB4OyBiYWNrZ3JvdW5kLWNvbG9yOiNFRUVFRUU7Y29sb3I6IzMzMzt0ZXh0LWFsaWduOmNlbnRlcjtwYWRkaW5nOjVweCAxMHB4O2ZvbnQtd2VpZ2h0Om5vcm1hbDt2ZXJ0aWNhbC1hbGlnbjptaWRkbGU7Ij7jg5bjg6njg7Pjg4k8L3RoPgogIDx0ZCBzdHlsZT0iYmFja2dyb3VuZC1jb2xvcjojRkZGRkZGO3BhZGRpbmc6MTBweDtsaW5lLWhlaWdodDoxNjAlOyI+SklNTVkgQ0hPTy/jgrjjg5/jg7zjg4Hjg6XjgqY8L3RkPiAKICA8L3RyPiAgPHRyPiA8dGggc3R5bGU9IndpZHRoOjEyMHB4OyBiYWNrZ3JvdW5kLWNvbG9yOiNFRUVFRUU7Y29sb3I6IzMzMzt0ZXh0LWFsaWduOmNlbnRlcjtwYWRkaW5nOjVweCAxMHB4O2ZvbnQtd2VpZ2h0Om5vcm1hbDt2ZXJ0aWNhbC1hbGlnbjptaWRkbGU7Ij7ku5jlsZ7lk4E8L3RoPgogICAgPHRkIHN0eWxlPSJiYWNrZ3JvdW5kLWNvbG9yOiNGRkZGRkY7cGFkZGluZzoxMHB4O2xpbmUtaGVpZ2h0OjE2MCU7Ij7jgrjjg5/jg7zjg4Hjg6Xjgqbjgrfjg6fjg4Pjg5foooss44K444Of44O844OB44Ol44Km44Oc44OD44Kv44K5PC90ZD4gCiAgPC90cj4gPHRyPiA8dGggc3R5bGU9IndpZHRoOjEyMHB4OyBiYWNrZ3JvdW5kLWNvbG9yOiNFRUVFRUU7Y29sb3I6IzMzMzt0ZXh0LWFsaWduOmNlbnRlcjtwYWRkaW5nOjVweCAxMHB4O2ZvbnQtd2VpZ2h0Om5vcm1hbDt2ZXJ0aWNhbC1hbGlnbjptaWRkbGU7Ij7lk4Hnlao8L3RoPgogICAgPHRkIHN0eWxlPSJiYWNrZ3JvdW5kLWNvbG9yOiNGRkZGRkY7cGFkZGluZzoxMHB4O2xpbmUtaGVpZ2h0OjE2MCU7Ij5GSUxJUEEgR1RSPC90ZD4gCiAgPC90cj4gIDx0cj4gPHRoIHN0eWxlPSJ3aWR0aDoxMjBweDsgYmFja2dyb3VuZC1jb2xvcjojRUVFRUVFO2NvbG9yOiMzMzM7dGV4dC1hbGlnbjpjZW50ZXI7cGFkZGluZzo1cHggMTBweDtmb250LXdlaWdodDpub3JtYWw7dmVydGljYWwtYWxpZ246bWlkZGxlOyI+57Sg5p2QPC90aD4KICAgIDx0ZCBzdHlsZT0iYmFja2dyb3VuZC1jb2xvcjojRkZGRkZGO3BhZGRpbmc6MTBweDtsaW5lLWhlaWdodDoxNjAlOyI+44Os44K244O8PC90ZD4gCiAgPC90cj4gPHRyPiA8dGggc3R5bGU9IndpZHRoOjE2MHB4OyBiYWNrZ3JvdW5kLWNvbG9yOiNFRUVFRUU7Y29sb3I6IzMzMzt0ZXh0LWFsaWduOmNlbnRlcjtwYWRkaW5nOjVweCAxMHB4O2ZvbnQtd2VpZ2h0Om5vcm1hbDt2ZXJ0aWNhbC1hbGlnbjptaWRkbGU7Ij7jgqvjg6njg7w8L3RoPgogIDx0ZCBzdHlsZT0iYmFja2dyb3VuZC1jb2xvcjojRkZGRkZGO3BhZGRpbmc6MTBweDtsaW5lLWhlaWdodDoxNjAlOyI+44K344Or44OQ44O8PC90ZD4gCiAgPC90cj4gCiAgCiAgCiA8dHI+IDx0aCBoZWlnaHQ9Ijg3IiBzdHlsZT0id2lkdGg6MTIwcHg7IGJhY2tncm91bmQtY29sb3I6I0VFRUVFRTtjb2xvcjojMzMzO3RleHQtYWxpZ246Y2VudGVyO3BhZGRpbmc6NXB4IDEwcHg7Zm9udC13ZWlnaHQ6bm9ybWFsO3ZlcnRpY2FsLWFsaWduOm1pZGRsZTsiPuOBk+OBruWVhuWTgeOBruODneOCpOODs+ODiO+8gTwvdGg+CiAgPHRkIHN0eWxlPSJiYWNrZ3JvdW5kLWNvbG9yOiNGRkZGRkY7cGFkZGluZzoxMHB4O2xpbmUtaGVpZ2h0OjE2MCU7Ij7jgrjjg5/jg7wg44OB44Ol44Km44Gu44Ki44Kk44Kz44OL44OD44Kv44Gq44K544K/44O844K544K/44OD44K644GM44CB6YGK44Gz5b+D44KS44OX44Op44K544GX44Gf6ZW36LKh5biD44CCCueLrOeJueOBruODh+OCtuOCpOODs+OBr+mdtOOCkuWni+OCgeWwj+eJqeOCouOCpOODhuODoOOCguWkp+S6uuawl+OBp+OBmeOAggrjg6Hjgr/jg6rjg4Pjgq/jgrfjg6vjg5Djg7zjga7jg6zjgrbjg7zjgavjgrnjgr/jg7zjgrnjgr/jg4PjgrrjgYzoj6/jgoTjgYvjgavovJ3jgY3miYvlhYPjgpLjgpLjgqjjg6zjgqzjg7Pjg4jjgavmvJTlh7rjgZfjgabjgY/jgozjgb7jgZnjgILjgrfjg6fjg4Pjg5fooovku5jjgY3jgarjga7jgafjg5fjg6zjgrzjg7Pjg4jjgavjgoLjgYrli6fjgoHjgafjgZnjgII8YnI+CjxBIGhyZWY9Imh0dHA6Ly9pdGVtLnJha3V0ZW4uY28uanAvY3V0aWVzcHkvYy8wMDAwMDAwNTM0LwoiPjxmb250IGNvbG9yPSI2NjY2NjYiPuOBneOBruS7luOBruOAjkpJTU1ZIENIT08v44K444Of44O844OB44Ol44Km44CP44Ki44Kk44OG44Og44Gv44GT44Gh44KJ44GL44KJ77yB77yBPC9mb250PjwvQT7jgIA8L3RkPiAKICA8L3RyPiA8dHI+IDx0aCBzdHlsZT0id2lkdGg6MTIwcHg7IGJhY2tncm91bmQtY29sb3I6I0VFRUVFRTtjb2xvcjojMzMzO3RleHQtYWxpZ246Y2VudGVyO3BhZGRpbmc6NXB4IDEwcHg7Zm9udC13ZWlnaHQ6bm9ybWFsO3ZlcnRpY2FsLWFsaWduOm1pZGRsZTsiPuazqOaEj+eCuTwvdGg+CiAgPHRkIHN0eWxlPSJiYWNrZ3JvdW5kLWNvbG9yOiNGRkZGRkY7cGFkZGluZzoxMHB4O2xpbmUtaGVpZ2h0OjE2MCU7Ij48cD7ilrzjg6Ljg4vjgr/jg7zjgavjgojjgorjgIHoibLjga7opovjgYjmlrnjgYzlrp/pmpvjga7llYblk4HjgajnlbDjgarjgovjgZPjgajjgYzjgZTjgZbjgYTjgb7jgZnjgILjgZTkuobmib/kuIvjgZXjgYTjgb7jgZvjgII8YnI+CuKWvOOCruODleODiOODqeODg+ODlOODs+OCsOOBr+eEoeaWmeOBq+OBpuaJv+OBo+OBpuOBiuOCiuOBvuOBmeOAguOBlOazqOaWh+aZguOBq+WCmeiAg+ashOOCguOBl+OBj+OBr+ODgeOCp+ODg+OCr+ODnOODg+OCr+OCueOBq+OBpuOBlOmBuOaKnuS4i+OBleOBhOOAgjxicj4K4pa85aSp54S26Z2p44KS5L2/55So44Gu54K644CB54m55pyJ44Gu55q644KE5bCP5YK344GM44G/44KJ44KM44KL5aC05ZCI44GM44GU44GW44GE44G+44GZ44CC44GU5a656LWm5LiL44GV44GE44CCPGJyPgrilrzlvZPlupfjgaflj5bmibHjga7llYblk4Hjga/lhajjgabmlrDlk4Hjg7vmraPopo/jga7llYblk4HjgafjgZnjgILjgZTlronlv4PjgZfjgabjgYrosrfjgYTniankuIvjgZXjgYTjgII8YnI+CjxhIGhyZWY9Imh0dHA6Ly9pdGVtLnJha3V0ZW4uY28uanAvY3V0aWVzcHkvYy8wMDAwMDAwMzgzLyIgdGFyZ2V0PSJfdG9wIj48Zm9udCBjb2xvcj0iZmYwMDY2Ij4mZ3Q7Jmd0O+WVhuWTgeOBruecn+i0i+OBq+OBpOOBhOOBpuOBr+OBk+OBoeOCieOBi+OCieOAgjwvZm9udD48L2E+PGJyPgoKICA8L3A+PC90ZD4gCiAgPC90cj4gIDwvdGFibGU+CiAKPCEtLSDjgrnjg5rjg4Pjgq8gLS0+CjxpbWcgc3JjPSJodHRwOi8vaW1hZ2UucmFrdXRlbi5jby5qcC9jdXRpZXNweS9jYWJpbmV0L3BjLXNlbnRlbmNlL2JlZm9yZV9vcmRlci5naWYiPg==,44K444Of44O844OB44Ol44KmIEpJTU1ZIENIT08g6LKh5biDIOmVt+iyoeW4gyDjgrfjg6vjg5Djg7wv44K544K/44O844K544K/44OD44K6IEZJTElQQSBtZXRhbGljIFdJVEggc3RhcnMgRklMSVBBIEdUUiDjg5XjgqHjgrnjg4rjg7zplbfosqHluIMg44K344On44OD44OX6KKL5LuY44GNIOaWsOWTgeODu+ato+imj+WTgSDjg6zjg4fjgqPjg7zjgrnjgJDpgIHmlpnnhKHmlpnjgJHjgJDmpb3jgq7jg5Vf5YyF6KOF44CR44CQUkNQ44CR77ya77yjdXRpZXNweQ==,44Of44Ol44Km44Of44Ol44KmbWl1bWl144OX44Op44OAcHJhZGHjgrDjg4Pjg4FndWNjaeODkOODvOODkOODquODvGJ1cmJlcnJ544OH44Kj44Kq44O844OrZGlvcuOCt+ODo+ODjeODq2NoYW5lbOODnOODg+ODhuOCrOODtOOCp+ODjeOCv+ODnOODg+ODhuOCrOODmeODjeOCv+ODnOODg+ODhuOCrGJvdHRlZ2EgdmVuZXRh44OX44Op44OA44Ki44Km44OI44Os44OD44OI44Kw44OD44OB44Ki44Km44OI44Os44OD44OI44Kk44OW44K144Oz44Ot44O844Op44Oz44K744Oq44O844OM44K444Of44O844OB44Ol44KmIEpJTU1ZIENIT08g6LKh5biDIOmVt+iyoeW4gyDjgrfjg6vjg5Djg7wv44K544K/44O844K544K/44OD44K6IEZJTElQQSBtZXRhbGljIFdJVEggc3RhcnMgRklMSVBBIEdUUiDjg5XjgqHjgrnjg4rjg7zplbfosqHluIMg44K344On44OD44OX6KKL5LuY44GNIOaWsOWTgeODu+ato+imj+WTgSDjg6zjg4fjgqPjg7zjgrnjgJDpgIHmlpnnhKHmlpnjgJHjgJDmpb3jgq7jg5Vf5YyF6KOF44CR44CQUkNQ44CR,MjAxN1NTIOOCt+ODp+ODg+ODl+iii+S7mOOBjeKZquOCuOODn+ODvOODgeODpeOCpiDplbfosqHluIMg44K344On44OD44OX6KKL5LuY44GNICDjgILjgrjjg5/jg7zjg4Hjg6XjgqYgSklNTVkgQ0hPTyDosqHluIMg6ZW36LKh5biDIOOCt+ODq+ODkOODvC/jgrnjgr/jg7zjgrnjgr/jg4PjgrogRklMSVBBIG1ldGFsaWMgV0lUSCBzdGFycyBGSUxJUEEgR1RSIOODleOCoeOCueODiuODvOmVt+iyoeW4gyDjgrfjg6fjg4Pjg5fooovku5jjgY0g5paw5ZOB44O75q2j6KaP5ZOBIOODrOODh+OCo+ODvOOCueOAkOmAgeaWmeeEoeaWmeOAkeOAkOalveOCruODlV/ljIXoo4XjgJHjgJBSQ1DjgJE=[rn]
39-76409,aHR0cDovL3RzaG9wLnIxMHMuanAvY3V0aWVzcHkvY2FiaW5ldC9qaW1teWNob28vYmsxLmpwZz9maXRpbj03MDA6NzAw,NjA2NDAuMDAwMA==,,44OQ44OD44Kw44O75bCP54mp44O744OW44Op44Oz44OJ6ZuR6LKoID4g6LKh5biD44O744Kx44O844K5ID4g44Os44OH44Kj44O844K56LKh5biD,44K444Of44O844OB44Ol44KmIEpJTU1ZIENIT08g6LKh5biDIOmVt+iyoeW4gyDjgrnjgr/jg7zjgrnjgr/jg4PjgrogRklMSVBBIEdMSVRURVIgV0lUSCBTVEFSUyBGSUxJUEEgQ1NUIOODluODqeODg+OCry/jgrfjg6vjg5Djg7wg44OV44Kh44K544OK44O86ZW36LKh5biDIOOCt+ODp+ODg+ODl+iii+S7mOOBjSDmlrDlk4Hjg7vmraPopo/lk4Eg44Os44OH44Kj44O844K544CQ6YCB5paZ54Sh5paZ44CR44CQ5qW944Ku44OVX+WMheijheOAkeOAkFJDUOOAkQ==,MjAxN1NTIOOCt+ODp+ODg+ODl+iii+S7mOOBjeKZquOCuOODn+ODvOODgeODpeOCpiDplbfosqHluIMg44K344On44OD44OX6KKL5LuY44GN,PGlmcmFtZSBzcmM9Imh0dHA6Ly93d3cucmFrdXRlbi5uZS5qcC9nb2xkL2N1dGllc3B5L3Byb2R1Y3RzL2ppbW15Y2hvby8xMTAwMS8xMTAwMS5odG1sIiBoZWlnaHQ9ODMwIHdpZHRoPTEwMDAgZnJhbWVib3JkZXI9IjAiIHNjcm9sbGluZz0ibm8iIG1hcmdpbndpZHRoPSIwIiBtYXJnaW5oZWlnaHQ9IjAiPgrjgZPjga7pg6jliIbjga8gaWZyYW1lIOWvvuW/nOOBruODluODqeOCpuOCtuOBp+imi+OBpuOBj+OBoOOBleOBhOOAggo8L2lmcmFtZT4KPGJyPgo8YnI+Cjxicj4KCgo8IS0tIOOCueODmuODg+OCryAtLT4KIDxpbWcgc3JjPSJodHRwOi8vaW1hZ2UucmFrdXRlbi5jby5qcC9jdXRpZXNweS9jYWJpbmV0L3BhcnRzL3NwZWNiYXIuZ2lmIj48dGFibGUgd2lkdGg9IjEwMDAiIGJvcmRlcj0iMCIgY2VsbHBhZGRpbmc9IjAiIGNlbGxzcGFjaW5nPSIxIiBjbGFzcz0iaXRlbVNwZWMiIHN0eWxlPSJ3aWR0aDoxMDAwcHg7dmVydGljYWwtYWxpZ246dG9wO2JhY2tncm91bmQtY29sb3I6Izk5OTk5OTtmb250LXNpemU6OTAlOyI+IAogIDx0cj4gPHRoIHdpZHRoPSIzMDAiIGhlaWdodD0iNjQiIHN0eWxlPSJ3aWR0aDoxMjBweDsgYmFja2dyb3VuZC1jb2xvcjojRUVFRUVFO2NvbG9yOiMzMzM7dGV4dC1hbGlnbjpjZW50ZXI7cGFkZGluZzo1cHggMTBweDtmb250LXdlaWdodDpub3JtYWw7dmVydGljYWwtYWxpZ246bWlkZGxlOyI+44K144Kk44K6PC90aD4KICAgIDx0ZCB3aWR0aD0iNzAwIiBzdHlsZT0iYmFja2dyb3VuZC1jb2xvcjojRkZGRkZGO3BhZGRpbmc6MTBweDtsaW5lLWhlaWdodDoxNjAlOyI+PHA+5bmF57SEMTljbSDnuKbntIQxMGNtIOODnuODgee0hDJjbTxicj4K44O744Kr44O844OJw5c4PGJyPgrjg7vjg53jgrHjg4Pjg4jDlzI8YnI+CuODu+Wwj+mKreWFpeOCjMOXMTxicj4K44O744GK5pyt5YWl44KMw5cyPGJyPgo8L3A+PC90ZD4gCiAgPC90cj4gPHRyPiA8dGggc3R5bGU9IndpZHRoOjE2MHB4OyBiYWNrZ3JvdW5kLWNvbG9yOiNFRUVFRUU7Y29sb3I6IzMzMzt0ZXh0LWFsaWduOmNlbnRlcjtwYWRkaW5nOjVweCAxMHB4O2ZvbnQtd2VpZ2h0Om5vcm1hbDt2ZXJ0aWNhbC1hbGlnbjptaWRkbGU7Ij7jg5bjg6njg7Pjg4k8L3RoPgogIDx0ZCBzdHlsZT0iYmFja2dyb3VuZC1jb2xvcjojRkZGRkZGO3BhZGRpbmc6MTBweDtsaW5lLWhlaWdodDoxNjAlOyI+SklNTVkgQ0hPTy/jgrjjg5/jg7zjg4Hjg6XjgqY8L3RkPiAKICA8L3RyPiAgPHRyPiA8dGggc3R5bGU9IndpZHRoOjEyMHB4OyBiYWNrZ3JvdW5kLWNvbG9yOiNFRUVFRUU7Y29sb3I6IzMzMzt0ZXh0LWFsaWduOmNlbnRlcjtwYWRkaW5nOjVweCAxMHB4O2ZvbnQtd2VpZ2h0Om5vcm1hbDt2ZXJ0aWNhbC1hbGlnbjptaWRkbGU7Ij7ku5jlsZ7lk4E8L3RoPgogICAgPHRkIHN0eWxlPSJiYWNrZ3JvdW5kLWNvbG9yOiNGRkZGRkY7cGFkZGluZzoxMHB4O2xpbmUtaGVpZ2h0OjE2MCU7Ij7jgrjjg5/jg7zjg4Hjg6Xjgqbjgrfjg6fjg4Pjg5foooss44K444Of44O844OB44Ol44Km44Oc44OD44Kv44K5PC90ZD4gCiAgPC90cj4gPHRyPiA8dGggc3R5bGU9IndpZHRoOjEyMHB4OyBiYWNrZ3JvdW5kLWNvbG9yOiNFRUVFRUU7Y29sb3I6IzMzMzt0ZXh0LWFsaWduOmNlbnRlcjtwYWRkaW5nOjVweCAxMHB4O2ZvbnQtd2VpZ2h0Om5vcm1hbDt2ZXJ0aWNhbC1hbGlnbjptaWRkbGU7Ij7lk4Hnlao8L3RoPgogICAgPHRkIHN0eWxlPSJiYWNrZ3JvdW5kLWNvbG9yOiNGRkZGRkY7cGFkZGluZzoxMHB4O2xpbmUtaGVpZ2h0OjE2MCU7Ij5GSUxJUEFDU1Q8L3RkPiAKICA8L3RyPiAgPHRyPiA8dGggc3R5bGU9IndpZHRoOjEyMHB4OyBiYWNrZ3JvdW5kLWNvbG9yOiNFRUVFRUU7Y29sb3I6IzMzMzt0ZXh0LWFsaWduOmNlbnRlcjtwYWRkaW5nOjVweCAxMHB4O2ZvbnQtd2VpZ2h0Om5vcm1hbDt2ZXJ0aWNhbC1hbGlnbjptaWRkbGU7Ij7ntKDmnZA8L3RoPgogICAgPHRkIHN0eWxlPSJiYWNrZ3JvdW5kLWNvbG9yOiNGRkZGRkY7cGFkZGluZzoxMHB4O2xpbmUtaGVpZ2h0OjE2MCU7Ij7jgqvjg7zjg5U8L3RkPiAKICA8L3RyPiA8dHI+IDx0aCBzdHlsZT0id2lkdGg6MTYwcHg7IGJhY2tncm91bmQtY29sb3I6I0VFRUVFRTtjb2xvcjojMzMzO3RleHQtYWxpZ246Y2VudGVyO3BhZGRpbmc6NXB4IDEwcHg7Zm9udC13ZWlnaHQ6bm9ybWFsO3ZlcnRpY2FsLWFsaWduOm1pZGRsZTsiPuOCq+ODqeODvDwvdGg+CiAgPHRkIHN0eWxlPSJiYWNrZ3JvdW5kLWNvbG9yOiNGRkZGRkY7cGFkZGluZzoxMHB4O2xpbmUtaGVpZ2h0OjE2MCU7Ij7jg5bjg6njg4Pjgq88L3RkPiAKICA8L3RyPiAKICAKICAKIDx0cj4gPHRoIGhlaWdodD0iODciIHN0eWxlPSJ3aWR0aDoxMjBweDsgYmFja2dyb3VuZC1jb2xvcjojRUVFRUVFO2NvbG9yOiMzMzM7dGV4dC1hbGlnbjpjZW50ZXI7cGFkZGluZzo1cHggMTBweDtmb250LXdlaWdodDpub3JtYWw7dmVydGljYWwtYWxpZ246bWlkZGxlOyI+44GT44Gu5ZWG5ZOB44Gu44Od44Kk44Oz44OI77yBPC90aD4KICA8dGQgc3R5bGU9ImJhY2tncm91bmQtY29sb3I6I0ZGRkZGRjtwYWRkaW5nOjEwcHg7bGluZS1oZWlnaHQ6MTYwJTsiPuOCuOODn+ODvCDjg4Hjg6Xjgqbjga7jgqLjgqTjgrPjg4vjg4Pjgq/jgarjgrnjgr/jg7zjgrnjgr/jg4PjgrrjgYzjgIHpgYrjgbPlv4PjgpLjg5fjg6njgrnjgZfjgZ/plbfosqHluIPjgIIK54us54m544Gu44OH44K244Kk44Oz44Gv6Z2044KS5aeL44KB5bCP54mp44Ki44Kk44OG44Og44KC5aSn5Lq65rCX44Gn44GZ44CCCuODluODqeODg+OCr+OBq+OCt+ODq+ODkOODvOOBruOCueOCv+ODg+OCuuOAgeOBneOBl+OBpuODleOCoeOCueODiuODvOODgeODo+ODvOODoOOBjOOCqOODrOOCrOODs+ODiOOBleOCkuWHuuOBl+OBpuOBhOOCi+OCuOODg+ODl+OCv+OCpOODl+OBrumVt+iyoeW4g+OBp+OBmeOAguWumueVquOBruODluODqeODg+OCr+OBr+mjveOBjeOBjOadpeOBmumVt+OBj+OBlOaEm+eUqOmgguOBkeOCi+OCouOCpOODhuODoOOBp+OBmeOAgjxicj4KPEEgaHJlZj0iaHR0cDovL2l0ZW0ucmFrdXRlbi5jby5qcC9jdXRpZXNweS9jLzAwMDAwMDA1MzQvCiI+PGZvbnQgY29sb3I9IjY2NjY2NiI+44Gd44Gu5LuW44Gu44COSklNTVkgQ0hPTy/jgrjjg5/jg7zjg4Hjg6XjgqbjgI/jgqLjgqTjg4bjg6Djga/jgZPjgaHjgonjgYvjgonvvIHvvIE8L2ZvbnQ+PC9BPuOAgDwvdGQ+IAogIDwvdHI+IDx0cj4gPHRoIHN0eWxlPSJ3aWR0aDoxMjBweDsgYmFja2dyb3VuZC1jb2xvcjojRUVFRUVFO2NvbG9yOiMzMzM7dGV4dC1hbGlnbjpjZW50ZXI7cGFkZGluZzo1cHggMTBweDtmb250LXdlaWdodDpub3JtYWw7dmVydGljYWwtYWxpZ246bWlkZGxlOyI+5rOo5oSP54K5PC90aD4KICA8dGQgc3R5bGU9ImJhY2tncm91bmQtY29sb3I6I0ZGRkZGRjtwYWRkaW5nOjEwcHg7bGluZS1oZWlnaHQ6MTYwJTsiPjxwPuKWvOODouODi+OCv+ODvOOBq+OCiOOCiuOAgeiJsuOBruimi+OBiOaWueOBjOWun+mam+OBruWVhuWTgeOBqOeVsOOBquOCi+OBk+OBqOOBjOOBlOOBluOBhOOBvuOBmeOAguOBlOS6huaJv+S4i+OBleOBhOOBvuOBm+OAgjxicj4K4pa844Ku44OV44OI44Op44OD44OU44Oz44Kw44Gv54Sh5paZ44Gr44Gm5om/44Gj44Gm44GK44KK44G+44GZ44CC44GU5rOo5paH5pmC44Gr5YKZ6ICD5qyE44KC44GX44GP44Gv44OB44Kn44OD44Kv44Oc44OD44Kv44K544Gr44Gm44GU6YG45oqe5LiL44GV44GE44CCPGJyPgrilrzlpKnnhLbpnanjgpLkvb/nlKjjga7ngrrjgIHnibnmnInjga7nmrrjgoTlsI/lgrfjgYzjgb/jgonjgozjgovloLTlkIjjgYzjgZTjgZbjgYTjgb7jgZnjgILjgZTlrrnotabkuIvjgZXjgYTjgII8YnI+CuKWvOW9k+W6l+OBp+WPluaJseOBruWVhuWTgeOBr+WFqOOBpuaWsOWTgeODu+ato+imj+OBruWVhuWTgeOBp+OBmeOAguOBlOWuieW/g+OBl+OBpuOBiuiyt+OBhOeJqeS4i+OBleOBhOOAgjxicj4KPGEgaHJlZj0iaHR0cDovL2l0ZW0ucmFrdXRlbi5jby5qcC9jdXRpZXNweS9jLzAwMDAwMDAzODMvIiB0YXJnZXQ9Il90b3AiPjxmb250IGNvbG9yPSJmZjAwNjYiPiZndDsmZ3Q75ZWG5ZOB44Gu55yf6LSL44Gr44Gk44GE44Gm44Gv44GT44Gh44KJ44GL44KJ44CCPC9mb250PjwvYT48YnI+CgogIDwvcD48L3RkPiAKICA8L3RyPiAgPC90YWJsZT4KIAo8IS0tIOOCueODmuODg+OCryAtLT4KPGltZyBzcmM9Imh0dHA6Ly9pbWFnZS5yYWt1dGVuLmNvLmpwL2N1dGllc3B5L2NhYmluZXQvcGMtc2VudGVuY2UvYmVmb3JlX29yZGVyLmdpZiI+,44K444Of44O844OB44Ol44KmIEpJTU1ZIENIT08g6LKh5biDIOmVt+iyoeW4gyDjgrnjgr/jg7zjgrnjgr/jg4PjgrogRklMSVBBIEdMSVRURVIgV0lUSCBTVEFSUyBGSUxJUEEgQ1NUIOODluODqeODg+OCry/jgrfjg6vjg5Djg7wg44OV44Kh44K544OK44O86ZW36LKh5biDIOOCt+ODp+ODg+ODl+iii+S7mOOBjSDmlrDlk4Hjg7vmraPopo/lk4Eg44Os44OH44Kj44O844K544CQ6YCB5paZ54Sh5paZ44CR44CQ5qW944Ku44OVX+WMheijheOAkeOAkFJDUOOAke+8mu+8o3V0aWVzcHk=,44Of44Ol44Km44Of44Ol44KmbWl1bWl144OX44Op44OAcHJhZGHjgrDjg4Pjg4FndWNjaeODkOODvOODkOODquODvGJ1cmJlcnJ544OH44Kj44Kq44O844OrZGlvcuOCt+ODo+ODjeODq2NoYW5lbOODnOODg+ODhuOCrOODtOOCp+ODjeOCv+ODnOODg+ODhuOCrOODmeODjeOCv+ODnOODg+ODhuOCrGJvdHRlZ2EgdmVuZXRh44OX44Op44OA44Ki44Km44OI44Os44OD44OI44Kw44OD44OB44Ki44Km44OI44Os44OD44OI44Kk44OW44K144Oz44Ot44O844Op44Oz44K744Oq44O844OM44K444Of44O844OB44Ol44KmIEpJTU1ZIENIT08g6LKh5biDIOmVt+iyoeW4gyDjgrnjgr/jg7zjgrnjgr/jg4PjgrogRklMSVBBIEdMSVRURVIgV0lUSCBTVEFSUyBGSUxJUEEgQ1NUIOODluODqeODg+OCry/jgrfjg6vjg5Djg7wg44OV44Kh44K544OK44O86ZW36LKh5biDIOOCt+ODp+ODg+ODl+iii+S7mOOBjSDmlrDlk4Hjg7vmraPopo/lk4Eg44Os44OH44Kj44O844K544CQ6YCB5paZ54Sh5paZ44CR44CQ5qW944Ku44OVX+WMheijheOAkeOAkFJDUOOAkQ==,MjAxN1NTIOOCt+ODp+ODg+ODl+iii+S7mOOBjeKZquOCuOODn+ODvOODgeODpeOCpiDplbfosqHluIMg44K344On44OD44OX6KKL5LuY44GNICDjgILjgrjjg5/jg7zjg4Hjg6XjgqYgSklNTVkgQ0hPTyDosqHluIMg6ZW36LKh5biDIOOCueOCv+ODvOOCueOCv+ODg+OCuiBGSUxJUEEgR0xJVFRFUiBXSVRIIFNUQVJTIEZJTElQQSBDU1Qg44OW44Op44OD44KvL+OCt+ODq+ODkOODvCDjg5XjgqHjgrnjg4rjg7zplbfosqHluIMg44K344On44OD44OX6KKL5LuY44GNIOaWsOWTgeODu+ato+imj+WTgSDjg6zjg4fjgqPjg7zjgrnjgJDpgIHmlpnnhKHmlpnjgJHjgJDmpb3jgq7jg5Vf5YyF6KOF44CR44CQUkNQ44CR[rn]
39-76410,aHR0cDovL3RzaG9wLnIxMHMuanAvY3V0aWVzcHkvY2FiaW5ldC9jaGFuZWwvd2FsbGV0L2E4NDIwMF8xLmpwZz9maXRpbj03MDA6NzAw,Nzg0MDAuMDAwMA==,,44OQ44OD44Kw44O75bCP54mp44O744OW44Op44Oz44OJ6ZuR6LKoID4g6LKh5biD44O744Kx44O844K5ID4g44Os44OH44Kj44O844K56LKh5biD,Q0hBTkVMIOOCt+ODo+ODjeODqyDjg6njg4Pjgq3jg7zjgq/jg63jg7zjg5Djg7wg6LKh5biDIEE4NDIwMCDjg6njgqbjg7Pjg4nosqHluIMg44OW44Op44OD44KvIOODlOODs+OCryDjgrTjg7zjg4jjgrnjgq3jg7Mg5paw5ZOBIOato+imj+WTgSBjaGFuZWzjgJDpgIHmlpnnhKHmlpnjgJHjgJDmpb3jgq7jg5Vf5YyF6KOF44CR44CQZnMwNGdt44CR,44K344Oj44ON44OrIOiyoeW4gyBDSEFORUzjgrfjg6fjg4Pjg5fooosg44Oq44Oc44Oz5LuY44GN4pmq,PGlmcmFtZSBzcmM9Imh0dHA6Ly93d3cucmFrdXRlbi5uZS5qcC9nb2xkL2N1dGllc3B5L3NwaG9uZS9uZXdpdGVtcy5odG1sIiBoZWlnaHQ9NTAwIHdpZHRoPTk3MCBmcmFtZWJvcmRlcj0iMCIgc2Nyb2xsaW5nPSJ5ZXMiIG1hcmdpbndpZHRoPSIwIiBtYXJnaW5oZWlnaHQ9IjAiPgrjgZPjga7pg6jliIbjga8gaWZyYW1lIOWvvuW/nOOBruODluODqeOCpuOCtuOBp+imi+OBpuOBj+OBoOOBleOBhOOAggo8L2lmcmFtZT4KPGJyPgo8YnI+Cjxicj4KCjxpZnJhbWUgc3JjPSJodHRwOi8vd3d3LnJha3V0ZW4ubmUuanAvZ29sZC9jdXRpZXNweS9wcm9kdWN0cy9jaGFuZWwvMTUwMDEvMTUwMDEuaHRtbCIgaGVpZ2h0PTEwMTAgd2lkdGg9MTAwMCBmcmFtZWJvcmRlcj0iMCIgc2Nyb2xsaW5nPSJubyIgbWFyZ2lud2lkdGg9IjAiIG1hcmdpbmhlaWdodD0iMCI+CuOBk+OBrumDqOWIhuOBryBpZnJhbWUg5a++5b+c44Gu44OW44Op44Km44K244Gn6KaL44Gm44GP44Gg44GV44GE44CCCjwvaWZyYW1lPgo8YnI+Cjxicj4KPGJyPgo8IS0tIOOCueODmuODg+OCryAtLT4KIDxpbWcgc3JjPSJodHRwOi8vaW1hZ2UucmFrdXRlbi5jby5qcC9jdXRpZXNweS9jYWJpbmV0L3BhcnRzL3NwZWNiYXIuZ2lmIj48dGFibGUgd2lkdGg9IjEwMDAiIGJvcmRlcj0iMCIgY2VsbHBhZGRpbmc9IjAiIGNlbGxzcGFjaW5nPSIxIiBjbGFzcz0iaXRlbVNwZWMiIHN0eWxlPSJ3aWR0aDoxMDAwcHg7dmVydGljYWwtYWxpZ246dG9wO2JhY2tncm91bmQtY29sb3I6Izk5OTk5OTtmb250LXNpemU6OTAlOyI+IAogIDx0cj4gPHRoIHdpZHRoPSIzMDAiIGhlaWdodD0iNjQiIHN0eWxlPSJ3aWR0aDoxMjBweDsgYmFja2dyb3VuZC1jb2xvcjojRUVFRUVFO2NvbG9yOiMzMzM7dGV4dC1hbGlnbjpjZW50ZXI7cGFkZGluZzo1cHggMTBweDtmb250LXdlaWdodDpub3JtYWw7dmVydGljYWwtYWxpZ246bWlkZGxlOyI+44K144Kk44K6PC90aD4KICAgIDx0ZCB3aWR0aD0iNzAwIiBzdHlsZT0iYmFja2dyb3VuZC1jb2xvcjojRkZGRkZGO3BhZGRpbmc6MTBweDtsaW5lLWhlaWdodDoxNjAlOyI+PHA+5bmF57SEOC41Y20g57imNS4zY20g44Oe44OB57SEMmNtPGJyPgogICAgICDjg7vjgqvjg7zjg4nDlzQ8YnI+CiAgICAgIOODu+Wwj+mKreWFpeOCjMOXMTxicj4KICAgICAg44O744GK5pyt5YWl44KMw5cyPGJyPgo8L3A+PC90ZD4gCiAgPC90cj4gPHRyPiA8dGggc3R5bGU9IndpZHRoOjE2MHB4OyBiYWNrZ3JvdW5kLWNvbG9yOiNFRUVFRUU7Y29sb3I6IzMzMzt0ZXh0LWFsaWduOmNlbnRlcjtwYWRkaW5nOjVweCAxMHB4O2ZvbnQtd2VpZ2h0Om5vcm1hbDt2ZXJ0aWNhbC1hbGlnbjptaWRkbGU7Ij7jg5bjg6njg7Pjg4k8L3RoPgogIDx0ZCBzdHlsZT0iYmFja2dyb3VuZC1jb2xvcjojRkZGRkZGO3BhZGRpbmc6MTBweDtsaW5lLWhlaWdodDoxNjAlOyI+44K344Oj44ON44OrL0NIQU5FTDwvdGQ+IAogIDwvdHI+ICA8dHI+IDx0aCBzdHlsZT0id2lkdGg6MTIwcHg7IGJhY2tncm91bmQtY29sb3I6I0VFRUVFRTtjb2xvcjojMzMzO3RleHQtYWxpZ246Y2VudGVyO3BhZGRpbmc6NXB4IDEwcHg7Zm9udC13ZWlnaHQ6bm9ybWFsO3ZlcnRpY2FsLWFsaWduOm1pZGRsZTsiPuS7mOWxnuWTgTwvdGg+CiAgICA8dGQgc3R5bGU9ImJhY2tncm91bmQtY29sb3I6I0ZGRkZGRjtwYWRkaW5nOjEwcHg7bGluZS1oZWlnaHQ6MTYwJTsiPuS/neWtmOiii+ODu+OCruODo+ODqeODs+ODhuOCo+ODvOOCq+ODvOODieODu0NIQU5FTOODnOODg+OCr+OCueODu0NIQU5FTOODquODnOODs+ODu0NIQU5FTOOCt+ODp+ODg+ODl+iiizwvdGQ+IAogIDwvdHI+IDx0cj4gPHRoIHN0eWxlPSJ3aWR0aDoxMjBweDsgYmFja2dyb3VuZC1jb2xvcjojRUVFRUVFO2NvbG9yOiMzMzM7dGV4dC1hbGlnbjpjZW50ZXI7cGFkZGluZzo1cHggMTBweDtmb250LXdlaWdodDpub3JtYWw7dmVydGljYWwtYWxpZ246bWlkZGxlOyI+5ZOB55WqPC90aD4KICAgIDx0ZCBzdHlsZT0iYmFja2dyb3VuZC1jb2xvcjojRkZGRkZGO3BhZGRpbmc6MTBweDtsaW5lLWhlaWdodDoxNjAlOyI+QTg0MjAwPC90ZD4gCiAgPC90cj4gIDx0cj4gPHRoIHN0eWxlPSJ3aWR0aDoxMjBweDsgYmFja2dyb3VuZC1jb2xvcjojRUVFRUVFO2NvbG9yOiMzMzM7dGV4dC1hbGlnbjpjZW50ZXI7cGFkZGluZzo1cHggMTBweDtmb250LXdlaWdodDpub3JtYWw7dmVydGljYWwtYWxpZ246bWlkZGxlOyI+57Sg5p2QPC90aD4KICAgIDx0ZCBzdHlsZT0iYmFja2dyb3VuZC1jb2xvcjojRkZGRkZGO3BhZGRpbmc6MTBweDtsaW5lLWhlaWdodDoxNjAlOyI+44K044O844OI44K544Kt44OzPC90ZD4gCiAgPC90cj4gPHRyPiA8dGggc3R5bGU9IndpZHRoOjE2MHB4OyBiYWNrZ3JvdW5kLWNvbG9yOiNFRUVFRUU7Y29sb3I6IzMzMzt0ZXh0LWFsaWduOmNlbnRlcjtwYWRkaW5nOjVweCAxMHB4O2ZvbnQtd2VpZ2h0Om5vcm1hbDt2ZXJ0aWNhbC1hbGlnbjptaWRkbGU7Ij7jgqvjg6njg7w8L3RoPgogIDx0ZCBzdHlsZT0iYmFja2dyb3VuZC1jb2xvcjojRkZGRkZGO3BhZGRpbmc6MTBweDtsaW5lLWhlaWdodDoxNjAlOyI+44OW44Op44OD44KvL+mHkeWFt++8muODlOODs+OCry/jgrfjg6vjg5Djg7w8L3RkPiAKICA8L3RyPiAKIDx0cj4gPHRoIGhlaWdodD0iODciIHN0eWxlPSJ3aWR0aDoxMjBweDsgYmFja2dyb3VuZC1jb2xvcjojRUVFRUVFO2NvbG9yOiMzMzM7dGV4dC1hbGlnbjpjZW50ZXI7cGFkZGluZzo1cHggMTBweDtmb250LXdlaWdodDpub3JtYWw7dmVydGljYWwtYWxpZ246bWlkZGxlOyI+44GT44Gu5ZWG5ZOB44Gu44Od44Kk44Oz44OI77yBPC90aD4KICA8dGQgc3R5bGU9ImJhY2tncm91bmQtY29sb3I6I0ZGRkZGRjtwYWRkaW5nOjEwcHg7bGluZS1oZWlnaHQ6MTYwJTsiPjxwPjIwMTflubTmnIDmlrDkvZzjgYvjgonjg6njg4Pjgq3jg7zjgq/jg63jg7zjg5Djg7zjgarosqHluIPjgYzlhaXojbfjgZfjgb7jgZfjgZ/jgII8YnI+CiAgICDlhoXlgbTjga/oirHmn4Tjgaflj6/mhJvjgonjgZfjgY/lpbPlv4PjgpLjgY/jgZnjgZDjgovjg4fjgrbjgqTjg7PjgafjgZnjgII8L3A+CiAgICA8cD7pnanjga/jga/jgrTjg7zjg4jjgrnjgq3jg7PjgpLkvb/nlKjjgZfjgIHjgq3jgrrjga/nm67nq4vjgaHjgavjgY/jgY/jgIHmn5TjgonjgYvjgYTntKDmnZDjgafjgZnjga7jgafjgajjgaPjgabjgoLlrp/nlKjnmoTjgafjgZnjgII8L3A+CiAgICA8cD7jgZPjgaHjgonjga/lhaXmiYvlm7Dpm6PjgarjgYrlk4HjgafjgZnjga7jgac8YnI+CiAgICAgIOWGjeWFpeiNt+OBr+mbo+OBl+OBhOOBiuWTgeOBp+OBmeOAguaYr+mdnuOBk+OBruapn+S8muOBq+OBiuaxguOCgeOBj+OBoOOBleOBhOOBvuOBm+KZqjxicj4KICAgICAgPEEgaHJlZj0iaHR0cDovL2l0ZW0ucmFrdXRlbi5jby5qcC9jdXRpZXNweS9jLzAwMDAwMDAzNjUvIj48Zm9udCBjb2xvcj0iMzMzIj7jgZ3jga7ku5bjga7jgI5DSEFORUzjgI/jgqLjgqTjg4bjg6Djga/jgZPjgaHjgonjgYvjgonvvIHvvIE8L2ZvbnQ+PC9BPuOAgDwvcD4KICAgIDwvdGQ+IAogIDwvdHI+IDx0cj4gPHRoIHN0eWxlPSJ3aWR0aDoxMjBweDsgYmFja2dyb3VuZC1jb2xvcjojRUVFRUVFO2NvbG9yOiMzMzM7dGV4dC1hbGlnbjpjZW50ZXI7cGFkZGluZzo1cHggMTBweDtmb250LXdlaWdodDpub3JtYWw7dmVydGljYWwtYWxpZ246bWlkZGxlOyI+5rOo5oSP54K5PC90aD4KICA8dGQgc3R5bGU9ImJhY2tncm91bmQtY29sb3I6I0ZGRkZGRjtwYWRkaW5nOjEwcHg7bGluZS1oZWlnaHQ6MTYwJTsiPjxwPuKWvOODouODi+OCv+ODvOOBq+OCiOOCiuOAgeiJsuOBruimi+OBiOaWueOBjOWun+mam+OBruWVhuWTgeOBqOeVsOOBquOCi+OBk+OBqOOBjOOBlOOBluOBhOOBvuOBmeOAguOBlOS6huaJv+S4i+OBleOBhOOBvuOBm+OAgjxicj4KICAgIOKWvOaRqeaTpuODu+axl+ODu+awtOWIhuetieOBq+OCiOOCiuiJsuiQveOBoeODu+iJsuenu+OCiuetieOBmeOCi+WgtOWQiOOBjOOBlOOBluOBhOOBvuOBmeOAgjxicj4KICAgIOKWvOOCruODleODiOODqeODg+ODlOODs+OCsOOBr+eEoeaWmeOBq+OBpuaJv+OCiuOBvuOBmeOAgjxicj4KICAgIOKWvOOCruODo+ODqeODs+ODhuOCo+ODvOOCq+ODvOODieOBrueVquWPt+OBr+WVhuWTgeOBlOOBqOOBq+eVsOOBquOCiuOBvuOBmeOAgjxicj4KICAgIOKWvOW9k+W6l+OBp+WPluaJseOBruWVhuWTgeOBr+WFqOOBpuOAgeaWsOWTgeODu+ato+imjyjmnKzniakp44Gu5ZWG5ZOB44Gu44G/44Gn44GU44GW44GE44G+44GZ44CC44GU5a6J5b+D44GX44Gm44GK6LK344GE54mp5LiL44GV44GE44CCPGJyPgoKCiAgICA8YSBocmVmPSJodHRwOi8vaXRlbS5yYWt1dGVuLmNvLmpwL2N1dGllc3B5L2MvMDAwMDAwMDM4My8iIHRhcmdldD0iX3RvcCI+PGZvbnQgY29sb3I9ImZmMDA2NiI+Jmd0OyZndDvllYblk4Hjga7nnJ/otIvjgavjgaTjgYTjgabjga/jgZPjgaHjgonjgYvjgonjgII8L2ZvbnQ+PC9hPjxicj4KCiAgPC9wPjwvdGQ+IAogIDwvdHI+ICA8L3RhYmxlPgogCjwhLS0g44K544Oa44OD44KvIC0tPjxpbWcgc3JjPSJodHRwOi8vaW1hZ2UucmFrdXRlbi5jby5qcC9jdXRpZXNweS9jYWJpbmV0L3BjLXNlbnRlbmNlL2JlZm9yZV9vcmRlci5naWYiPg==,Q0hBTkVMIOOCt+ODo+ODjeODqyDjg6njg4Pjgq3jg7zjgq/jg63jg7zjg5Djg7wg6LKh5biDIEE4NDIwMCDjg6njgqbjg7Pjg4nosqHluIMg44OW44Op44OD44KvIOODlOODs+OCryDjgrTjg7zjg4jjgrnjgq3jg7Mg5paw5ZOBIOato+imj+WTgSBjaGFuZWzjgJDpgIHmlpnnhKHmlpnjgJHjgJDmpb3jgq7jg5Vf5YyF6KOF44CR44CQZnMwNGdt44CR77ya77yjdXRpZXNweQ==,44Of44Ol44Km44Of44Ol44KmbWl1bWl144OX44Op44OAcHJhZGHjgrDjg4Pjg4FndWNjaeODkOODvOODkOODquODvGJ1cmJlcnJ544OH44Kj44Kq44O844OrZGlvcuOCt+ODo+ODjeODq2NoYW5lbOODnOODg+ODhuOCrOODtOOCp+ODjeOCv+ODnOODg+ODhuOCrOODmeODjeOCv+ODnOODg+ODhuOCrGJvdHRlZ2EgdmVuZXRh44OX44Op44OA44Ki44Km44OI44Os44OD44OI44Kw44OD44OB44Ki44Km44OI44Os44OD44OI44Kk44OW44K144Oz44Ot44O844Op44Oz44K744Oq44O844OMQ0hBTkVMIOOCt+ODo+ODjeODqyDjg6njg4Pjgq3jg7zjgq/jg63jg7zjg5Djg7wg6LKh5biDIEE4NDIwMCDjg6njgqbjg7Pjg4nosqHluIMg44OW44Op44OD44KvIOODlOODs+OCryDjgrTjg7zjg4jjgrnjgq3jg7Mg5paw5ZOBIOato+imj+WTgSBjaGFuZWzjgJDpgIHmlpnnhKHmlpnjgJHjgJDmpb3jgq7jg5Vf5YyF6KOF44CR44CQZnMwNGdt44CR,44K344Oj44ON44OrIOiyoeW4gyBDSEFORUzjgrfjg6fjg4Pjg5fooosg44Oq44Oc44Oz5LuY44GN4pmq44CCQ0hBTkVMIOOCt+ODo+ODjeODqyDjg6njg4Pjgq3jg7zjgq/jg63jg7zjg5Djg7wg6LKh5biDIEE4NDIwMCDjg6njgqbjg7Pjg4nosqHluIMg44OW44Op44OD44KvIOODlOODs+OCryDjgrTjg7zjg4jjgrnjgq3jg7Mg5paw5ZOBIOato+imj+WTgSBjaGFuZWzjgJDpgIHmlpnnhKHmlpnjgJHjgJDmpb3jgq7jg5Vf5YyF6KOF44CR44CQZnMwNGdt44CR[rn]
39-76411,aHR0cDovL3RzaG9wLnIxMHMuanAvY3V0aWVzcHkvY2FiaW5ldC9mZW5kaS9hY2MvN2EwMTQ2X3BpbmsuanBnP2ZpdGluPTcwMDo3MDA=,MzAyNDAuMDAwMA==,,44OQ44OD44Kw44O75bCP54mp44O744OW44Op44Oz44OJ6ZuR6LKoID4g6LKh5biD44O744Kx44O844K5ID4g44Os44OH44Kj44O844K56LKh5biD,RkVOREkg44OV44Kn44Oz44OH44KjIOaJi+W4syDjgqLjgrjjgqfjg7Pjg4Agc2VsbGVyaWEg44K744Os44Oq44KiIFdFRUtMWSBBR0VOREEg5omL5biz44Kr44OQ44O8IDdBMDE0NiBFMjEgRjBWMkQgUEVTQ0EgUEFOTkEgUEFMTCBmZW5kaSAg44Os44OH44Kj44O844K5IOOAkOmAgeaWmeeEoeaWmeOAkeOAkDA1UDI2TWFyMTbjgJE=,44CQ5aOy5bC944GX44K744O844Or44CR44OV44Kn44Oz44OH44Kj44GL44KJ5aSn5Lq65rCX44K744Os44Oq44Ki44Gu5omL5biz,PGRpdiBpZD0iQ2VudGVyVG9wIj4KPCEtLSBDRU5UIEZSRUUgU1BBQ0UxIC0tPjxkaXYgaWQ9IkNlbnRGcmVlU3BhY2UxIj48ZGl2IHN0eWxlPSJ3aWR0aDogNjA5cHg7IGhlaWdodDogYXV0bzsgbWFyZ2luOiAwOyBwYWRkaW5nOiAxMHB4IDEwcHggMzBweCAxMHB4OyBiYWNrZ3JvdW5kOiAjRkZGOyBib3gtc2hhZG93OiAxcHggMXB4IDNweCAjRUZFRkVGOyAvKkNTUzMqLyAtbW96LWJveC1zaGFkb3c6IDFweCAxcHggM3B4ICNFRkVGRUY7IC8qIEZpcmVmb3gqLyAtd2Via2l0LWJveC1zaGFkb3c6IDFweCAxcHggM3B4ICNFRkVGRUY7IC8qIEdvb2dsZSBDaHJvbWUsIFNhZmFyaSovIGJvcmRlcjogI0YyRjJGMiBzb2xpZCAxcHg7IHRleHQtYWxpZ246IGxlZnQ7Ij4KICAgIDxwIHN0eWxlPSJtYXJnaW46IDA7IHBhZGRpbmc6IDA7Ij48L3A+CiAgICA8cCBzdHlsZT0iZm9udC1zaXplOiAxNHB4O2ZvbnQtd2VpZ2h0OiBib2xkO2NvbG9yOiAjMDAwO21hcmdpbjogMDtwYWRkaW5nOiAzMHB4IDAgMCAxNXB4OyI+RkVOREnjgIDjg5Xjgqfjg7Pjg4fjgqM8L3A+CiAgICA8cCBzdHlsZT0ibWFyZ2luOiAwO3BhZGRpbmc6IDIwcHggMTVweCAwIDE1cHg7Zm9udC1zaXplOiAxMnB4O2xpbmUtaGVpZ2h0OiAxLjVlbTtjb2xvcjogIzk5OTsiPkZFTkRJKOODleOCp+ODs+ODh+OCoynjga/jgIExOTI15bm044Gr44Kk44K/44Oq44Ki44Gn44CB44Ki44OH44O844Os44O744OV44Kn44Oz44OH44Kj44Go44Ko44OJ44Ki44Or44OJ44O744OV44Kn44Oz44OH44Kj5aSr5aa744Gr44KI44KK5Ym156uL44CC44Ot44O844Oe44Gr6Z2p6KO95ZOB5bqX44KS6Kit56uL44GX44CB5q+b55qu44Gu44Kz44O844OI44KS5aOy44KK5Ye644GX44Gf44GT44Go44Gn5oiQ5Yqf44GX44G+44GX44Gf44CCMTk0NuW5tOS7pemZjeOBq+OBr+OAgeODleOCp+ODs+ODh+OCo+OBrjXkurrjga7lqJjpgZTjgYzjgIzlgYnlpKfjgarjgovmr43jgI3jgajlkbzjgbDjgozjgovjgqLjg4fjg7zjg6zjg7vjg5Xjgqfjg7Pjg4fjgqPjga7lvozjgpLlj5fjgZHntpnjgY7jgIHjgZ3jga7lvozjgIHlvZPmmYIgMjfmrbPjgafjgYLjgaPjgZ/jgqvjg7zjg6vjg7vjg6njgqzjg7zjg5Xjgqfjg6vjg4njgpLkuLvku7vjg4fjgrbjgqTjg4rjg7zjgavmipzmk6LjgILjg5Xjgqfjg7Pjg4fjgqPkuIDml4/jgajjgqvjg7zjg6vjg7vjg6njgqzjg7zjg5Xjgqfjg6vjg4njga7lvLflipvjgarjgr/jg4PjgrDjgavjgojjgovjgq/jg6rjgqjjgqTjgrfjg6fjg7Pjga/jgIHku4rjgoLjgarjgYrjg6/jg7zjg6vjg4njg6/jgqTjg4njgavkurrjgIXjgpLprYXkuobjgZfntprjgZHjgabjgYTjgb7jgZnjgII8L3A+CiAgPC9kaXY+CjxzdHlsZSB0eXBlPSJ0ZXh0L2NzcyI+CjwhLS0KI21haW4gewp3aWR0aDogNjMwcHg7CmZsb2F0OnJpZ2h0OwptYXJnaW4tcmlnaHQ6IDVweDsKfQoKLyog5bqD5ZGKIChkaXYjYmFubmVyMDApICovCiNiYW5uZXIwMCB7Cm1hcmdpbi10b3A6IDIwcHg7Cn0KI21haW4gI2Jhbm5lcjAwIGltZyB7Cm1hcmdpbi1ib3R0b206IDE0cHg7Cm1hcmdpbi1sZWZ0OiAxNXB4Owp9CiNpbWFnZSBpbWcgewptYXJnaW4tdG9wOiAyMHB4Owp9CiNzcGVjIHRhYmxlIHRkIHsKfQojc3BlY190aXRsZSB7CmJhY2tncm91bmQtY29sb3I6ICNlOGU4ZTg7Cn0KI3NwZWMgdGFibGUgewp9CiNzcGVjIHRhYmxlIHRyIHsKfQojc3BlYyB0ZCB7Cn0KI3NwZWMgdGQgewpib3JkZXItcmlnaHQtd2lkdGg6IDFweDsKYm9yZGVyLWJvdHRvbS13aWR0aDogMXB4Owpib3JkZXItdG9wLXN0eWxlOiBub25lOwpib3JkZXItcmlnaHQtc3R5bGU6IHNvbGlkOwpib3JkZXItYm90dG9tLXN0eWxlOiBzb2xpZDsKYm9yZGVyLWxlZnQtc3R5bGU6IG5vbmU7CmJvcmRlci1yaWdodC1jb2xvcjogI0NDQ0NDQzsKYm9yZGVyLWJvdHRvbS1jb2xvcjogI0NDQ0NDQzsKZm9udC1zaXplOiAxMXB4OwpwYWRkaW5nLWxlZnQ6IDEzcHg7CmNvbG9yOiAjNjc2NzY3OwpsaW5lLWhlaWdodDogMThweDsKcGFkZGluZy1yaWdodDogMTBweDsKfQojc3BlYyB0YWJsZSB7CmJvcmRlci10b3Atd2lkdGg6IDFweDsKYm9yZGVyLWxlZnQtd2lkdGg6IDFweDsKYm9yZGVyLXRvcC1zdHlsZTogc29saWQ7CmJvcmRlci1sZWZ0LXN0eWxlOiBzb2xpZDsKYm9yZGVyLXRvcC1jb2xvcjogI0NDQ0NDQzsKYm9yZGVyLWxlZnQtY29sb3I6ICNDQ0NDQ0M7Cm1hcmdpbi10b3A6IC00cHg7Cn0KI21haW4gI3NwZWMgewptYXJnaW4tdG9wOiAyMHB4Owp9Ci0tPgo8L3N0eWxlPgoKPGRpdiBpZD0ibWFpbiI+Cgo8ZGl2IGlkPSJpbWFnZSI+Cgo8aW1nIHNyYz0iaHR0cDovL2ltYWdlLnJha3V0ZW4uY28uanAvY3V0aWVzcHkvY2FiaW5ldC9mZW5kaS9hY2MvN2EwMTQ2X3BpbmsuanBnIiAvPjxicj4KCjxpbWcgc3JjPSJodHRwOi8vaW1hZ2UucmFrdXRlbi5jby5qcC9jdXRpZXNweS9jYWJpbmV0L2ZlbmRpL2FjYy83YTAxNDZfcGlua19iLmpwZyI+PGJyPgoKPGltZyBzcmM9Imh0dHA6Ly9pbWFnZS5yYWt1dGVuLmNvLmpwL2N1dGllc3B5L2NhYmluZXQvZmVuZGkvYWNjLzdhMDE0Nl9waW5rX2QuanBnIj48YnI+CgoKCgoKCjxicj4KPCEtLSDjgrnjg5rjg4Pjgq8gLS0+CiA8aW1nIHNyYz0iaHR0cDovL2ltYWdlLnJha3V0ZW4uY28uanAvY3V0aWVzcHkvY2FiaW5ldC9wYXJ0cy9iYXJfc3BlYy5naWYiPjx0YWJsZSB3aWR0aD0iNjMwIiBib3JkZXI9IjAiIGNlbGxwYWRkaW5nPSIwIiBjZWxsc3BhY2luZz0iMSIgY2xhc3M9Iml0ZW1TcGVjIiBzdHlsZT0id2lkdGg6NjMwcHg7dmVydGljYWwtYWxpZ246dG9wO2JhY2tncm91bmQtY29sb3I6Izk5OTk5OTtmb250LXNpemU6ODAlOyI+IAogIDx0cj4gPHRoIHdpZHRoPSIxNjAiIGhlaWdodD0iNjQiIHN0eWxlPSJ3aWR0aDoxMjBweDsgYmFja2dyb3VuZC1jb2xvcjojRUVFRUVFO2NvbG9yOiM2NjY2NjY7dGV4dC1hbGlnbjpsZWZ0O3BhZGRpbmc6NXB4IDEwcHg7Zm9udC13ZWlnaHQ6bm9ybWFsO3ZlcnRpY2FsLWFsaWduOm1pZGRsZTsiPuOCteOCpOOCujwvdGg+CiAgICA8dGQgd2lkdGg9IjUwMCIgc3R5bGU9ImJhY2tncm91bmQtY29sb3I6I0ZGRkZGRjtwYWRkaW5nOjEwcHg7bGluZS1oZWlnaHQ6MTYwJTsiPjxwPue4pue0hDE2LjNjbSDmqKrntIQxM2NtIOODnuODgee0hDEuNWNtPGJyPgo8L3A+PC90ZD4gCiAgPC90cj4gPHRyPiA8dGggc3R5bGU9IndpZHRoOjE2MHB4OyBiYWNrZ3JvdW5kLWNvbG9yOiNFRUVFRUU7Y29sb3I6IzY2NjY2Njt0ZXh0LWFsaWduOmxlZnQ7cGFkZGluZzo1cHggMTBweDtmb250LXdlaWdodDpub3JtYWw7dmVydGljYWwtYWxpZ246bWlkZGxlOyI+44OW44Op44Oz44OJPC90aD4KICA8dGQgc3R5bGU9ImJhY2tncm91bmQtY29sb3I6I0ZGRkZGRjtwYWRkaW5nOjEwcHg7bGluZS1oZWlnaHQ6MTYwJTsiPjxhIGhyZWY9Imh0dHA6Ly9zZWFyY2gucmFrdXRlbi5jby5qcC9zZWFyY2gvaW5zaG9wLW1hbGwv44OV44Kn44Oz44OH44KjLy0vc2lkLjI0MDQ5My1zdC5BIj48Zm9udCBjb2xvcj0iNjY2NjY2Ij7jg5Xjgqfjg7Pjg4fjgqMvRkVOREk8L2ZvbnQ+PC9hPjwvdGQ+IAogIDwvdHI+ICA8dHI+IDx0aCBzdHlsZT0id2lkdGg6MTIwcHg7IGJhY2tncm91bmQtY29sb3I6I0VFRUVFRTtjb2xvcjojNjY2NjY2O3RleHQtYWxpZ246bGVmdDtwYWRkaW5nOjVweCAxMHB4O2ZvbnQtd2VpZ2h0Om5vcm1hbDt2ZXJ0aWNhbC1hbGlnbjptaWRkbGU7Ij7ku5jlsZ7lk4E8L3RoPgogICAgPHRkIHN0eWxlPSJiYWNrZ3JvdW5kLWNvbG9yOiNGRkZGRkY7cGFkZGluZzoxMHB4O2xpbmUtaGVpZ2h0OjE2MCU7Ij7jg5zjg4Pjgq/jgrnvvIjmjrLovInnlLvlg4/jga7jg5zjg4Pjgq/jgrnjgajjga/liKXjga5GRU5ESeODnOODg+OCr+OCueOBq+WkieOCj+OCi+WgtOWQiOOBjOOBlOOBluOBhOOBvuOBmeOAgu+8iTxicj4KICAgICAgRkVOREnjgrfjg7zjg6s8L3RkPiAKICA8L3RyPiAKICA8dHI+IDx0aCBzdHlsZT0id2lkdGg6MTIwcHg7IGJhY2tncm91bmQtY29sb3I6I0VFRUVFRTtjb2xvcjojNjY2NjY2O3RleHQtYWxpZ246bGVmdDtwYWRkaW5nOjVweCAxMHB4O2ZvbnQtd2VpZ2h0Om5vcm1hbDt2ZXJ0aWNhbC1hbGlnbjptaWRkbGU7Ij7lk4Hnlao8L3RoPgogICAgPHRkIHN0eWxlPSJiYWNrZ3JvdW5kLWNvbG9yOiNGRkZGRkY7cGFkZGluZzoxMHB4O2xpbmUtaGVpZ2h0OjE2MCU7Ij43QTAxNDYgRTIxIEYwVjJEPC90ZD4gCiAgPC90cj4KIDx0cj4gPHRoIHN0eWxlPSJ3aWR0aDoxMjBweDsgYmFja2dyb3VuZC1jb2xvcjojRUVFRUVFO2NvbG9yOiM2NjY2NjY7dGV4dC1hbGlnbjpsZWZ0O3BhZGRpbmc6NXB4IDEwcHg7Zm9udC13ZWlnaHQ6bm9ybWFsO3ZlcnRpY2FsLWFsaWduOm1pZGRsZTsiPue0oOadkDwvdGg+CiAgPHRkIHN0eWxlPSJiYWNrZ3JvdW5kLWNvbG9yOiNGRkZGRkY7cGFkZGluZzoxMHB4O2xpbmUtaGVpZ2h0OjE2MCU7Ij7jg6zjgrbjg7w8L3RkPiAKICA8L3RyPiA8dHI+IDx0aCBzdHlsZT0id2lkdGg6MTYwcHg7IGJhY2tncm91bmQtY29sb3I6I0VFRUVFRTtjb2xvcjojNjY2NjY2O3RleHQtYWxpZ246bGVmdDtwYWRkaW5nOjVweCAxMHB4O2ZvbnQtd2VpZ2h0Om5vcm1hbDt2ZXJ0aWNhbC1hbGlnbjptaWRkbGU7Ij7jgqvjg6njg7w8L3RoPgogIDx0ZCBzdHlsZT0iYmFja2dyb3VuZC1jb2xvcjojRkZGRkZGO3BhZGRpbmc6MTBweDtsaW5lLWhlaWdodDoxNjAlOyI+UEVTQ0EvUEFOTkEvUEFMTDwvdGQ+IAogIDwvdHI+IAogPHRyPiA8dGggaGVpZ2h0PSI4NyIgc3R5bGU9IndpZHRoOjEyMHB4OyBiYWNrZ3JvdW5kLWNvbG9yOiNFRUVFRUU7Y29sb3I6IzY2NjY2Njt0ZXh0LWFsaWduOmxlZnQ7cGFkZGluZzo1cHggMTBweDtmb250LXdlaWdodDpub3JtYWw7dmVydGljYWwtYWxpZ246bWlkZGxlOyI+44GT44Gu5ZWG5ZOB44Gu44Od44Kk44Oz44OI77yBPC90aD4KICA8dGQgc3R5bGU9ImJhY2tncm91bmQtY29sb3I6I0ZGRkZGRjtwYWRkaW5nOjEwcHg7bGluZS1oZWlnaHQ6MTYwJTsiPumrmOe0muaEn+a8guOBhuS4iuizquODrOOCtuODvOOCkuaOoeeUqOOBl+OBpuWkp+S6uuawl+OBrkZFTkRJ44Gu44K744Os44Oq44Ki44GL44KJ5omL5biz44GM5YWl6I2344GE44Gf44GX44G+44GX44Gf44CCPGJyPgogICAg44OV44Kn44Oz44OH44Kj44Gu6IG35Lq65oqA44GM5YWJ44KL44K744Os44Oq44Ki44K344Oq44O844K644Gv5pyq5Yqg5bel44Gu44Ko44OD44K444Go44OI44O844Oz44Kq44Oz44OI44O844Oz44Gu44OP44Oz44OJ44K544OG44OD44OB44GM54m55b6044Gq44GK5ZOB44Gn44GZ44CCIDxicj4KRkVOREnlsILnlKjjga5CT1jjgafjgYrlsYrjgZHjgZnjgovjgZ/jgoHlpKfliIfjgarmlrnjgbjjga7jg5fjg6zjgrzjg7Pjg4jjgavjgYrjgZnjgZnjgoHjgarjgYrlk4HjgafjgZnjgII8YnI+CjxBIGhyZWY9Imh0dHA6Ly9pdGVtLnJha3V0ZW4uY28uanAvY3V0aWVzcHkvYy8wMDAwMDAwNDE5LyI+PGZvbnQgY29sb3I9IjY2NjY2NiI+44Gd44Gu5LuW44Gu44CORkVOREkv44OV44Kn44Oz44OH44Kj44CP44Ki44Kk44OG44Og44Gv44GT44Gh44KJ44GL44KJ77yB77yBPC9mb250PjwvQT7jgIA8L3RkPiAKICA8L3RyPiA8dHI+IDx0aCBzdHlsZT0id2lkdGg6MTIwcHg7IGJhY2tncm91bmQtY29sb3I6I0VFRUVFRTtjb2xvcjojNjY2NjY2O3RleHQtYWxpZ246bGVmdDtwYWRkaW5nOjVweCAxMHB4O2ZvbnQtd2VpZ2h0Om5vcm1hbDt2ZXJ0aWNhbC1hbGlnbjptaWRkbGU7Ij7ms6jmhI/ngrk8L3RoPgogIDx0ZCBzdHlsZT0iYmFja2dyb3VuZC1jb2xvcjojRkZGRkZGO3BhZGRpbmc6MTBweDtsaW5lLWhlaWdodDoxNjAlOyI+PHA+4pa844Oi44OL44K/44O844Gr44KI44KK44CB6Imy44Gu6KaL44GI5pa544GM5a6f6Zqb44Gu5ZWG5ZOB44Go55Ww44Gq44KL44GT44Go44GM44GU44GW44GE44G+44GZ44CC44GU5LqG5om/5LiL44GV44GE44G+44Gb44CCPGJyPgrilrzmkanmk6bjg7vmsZfjg7vmsLTliIbnrYnjgavjgojjgoroibLokL3jgaHjg7voibLnp7vjgornrYnjgZnjgovloLTlkIjjgYzjgZTjgZbjgYTjgb7jgZnjgII8YnI+CuKWvOOBk+OBoeOCieOBr+OCpOOCv+ODquOCouOBrkZFTkRJ44Ki44Km44OI44Os44OD44OI44Gn6LK344GE5LuY44GR44GX44Gf5ZWG5ZOB44Gn44GZ44CCCjxhIGhyZWY9Imh0dHA6Ly9pdGVtLnJha3V0ZW4uY28uanAvY3V0aWVzcHkvYy8wMDAwMDAwNDA4LyI+PGZvbnQgY29sb3I9ImZmNjY2NiI+KOips+e0sOOBr+OBk+OBoeOCie+8iTwvZm9udD48L2E+PGJyPgoKICAgIDxhIGhyZWY9Imh0dHA6Ly9pdGVtLnJha3V0ZW4uY28uanAvY3V0aWVzcHkvYy8wMDAwMDAwMzgzLyIgdGFyZ2V0PSJfdG9wIj48Zm9udCBjb2xvcj0iZmYwMDY2Ij4mZ3Q7Jmd0O+WVhuWTgeOBruecn+i0i+OBq+OBpOOBhOOBpuOBr+OBk+OBoeOCieOBi+OCieOAgjwvZm9udD48L2E+PGJyPgogIDwvcD48L3RkPiAKICA8L3RyPiAgPC90YWJsZT4KIAo8IS0tIOOCueODmuODg+OCryAtLT48aW1nIHNyYz0iaHR0cDovL2ltYWdlLnJha3V0ZW4uY28uanAvY3V0aWVzcHkvY2FiaW5ldC9wYy1zZW50ZW5jZS9iZWZvcmVfb3JkZXIuZ2lmIj4KPGJyPg==,RkVOREkg44OV44Kn44Oz44OH44KjIOaJi+W4syDjgqLjgrjjgqfjg7Pjg4Agc2VsbGVyaWEg44K744Os44Oq44KiIFdFRUtMWSBBR0VOREEg5omL5biz44Kr44OQ44O8IDdBMDE0NiBFMjEgRjBWMkQgUEVTQ0EgUEFOTkEgUEFMTCBmZW5kaSAg44Os44OH44Kj44O844K5IOOAkOmAgeaWmeeEoeaWmeOAkeOAkDA1UDI2TWFyMTbjgJHvvJrvvKN1dGllc3B5,44Of44Ol44Km44Of44Ol44KmbWl1bWl144OX44Op44OAcHJhZGHjgrDjg4Pjg4FndWNjaeODkOODvOODkOODquODvGJ1cmJlcnJ544OH44Kj44Kq44O844OrZGlvcuOCt+ODo+ODjeODq2NoYW5lbOODnOODg+ODhuOCrOODtOOCp+ODjeOCv+ODnOODg+ODhuOCrOODmeODjeOCv+ODnOODg+ODhuOCrGJvdHRlZ2EgdmVuZXRh44OX44Op44OA44Ki44Km44OI44Os44OD44OI44Kw44OD44OB44Ki44Km44OI44Os44OD44OI44Kk44OW44K144Oz44Ot44O844Op44Oz44K744Oq44O844OMRkVOREkg44OV44Kn44Oz44OH44KjIOaJi+W4syDjgqLjgrjjgqfjg7Pjg4Agc2VsbGVyaWEg44K744Os44Oq44KiIFdFRUtMWSBBR0VOREEg5omL5biz44Kr44OQ44O8IDdBMDE0NiBFMjEgRjBWMkQgUEVTQ0EgUEFOTkEgUEFMTCBmZW5kaSAg44Os44OH44Kj44O844K5IOOAkOmAgeaWmeeEoeaWmeOAkeOAkDA1UDI2TWFyMTbjgJE=,44CQ5aOy5bC944GX44K744O844Or44CR44OV44Kn44Oz44OH44Kj44GL44KJ5aSn5Lq65rCX44K744Os44Oq44Ki44Gu5omL5bizIOOAgkZFTkRJIOODleOCp+ODs+ODh+OCoyDmiYvluLMg44Ki44K444Kn44Oz44OAIHNlbGxlcmlhIOOCu+ODrOODquOCoiBXRUVLTFkgQUdFTkRBIOaJi+W4s+OCq+ODkOODvCA3QTAxNDYgRTIxIEYwVjJEIFBFU0NBIFBBTk5BIFBBTEwgZmVuZGkgIOODrOODh+OCo+ODvOOCuSDjgJDpgIHmlpnnhKHmlpnjgJHjgJAwNVAyNk1hcjE244CR[rn]
39-76412,aHR0cDovL3RzaG9wLnIxMHMuanAvcml2ZXJhbGwvY2FiaW5ldC9ndWNjaS8zMzQ0NTdhYTYxZzIwMTkuanBnP2ZpdGluPTcwMDo3MDA=,NTE4MjQuMDAwMA==,,44OQ44OD44Kw44O75bCP54mp44O744OW44Op44Oz44OJ6ZuR6LKoID4g6LKh5biD44O744Kx44O844K5ID4g44Os44OH44Kj44O844K56LKh5biD,44Kw44OD44OBIOiyoeW4gyBHVUNDSSDkuozjgaTmipjjgorosqHluIMg77yI44K544O844Kt44O8L1NVS0VZ77yJIOODrOODh+OCo+ODvOOCuSDjg4Djg7zjgq/jg5bjg6njgqbjg7Mg44Kw44OD44OB44K344Oe44Os44K244O8IDMzNDQ1N2FhNjFnMjAxOeOAkOODluODqeODs+ODieOAkeOAkOOBguOBmealveWvvuW/nOOAkeOAkOmAgeaWmeeEoeaWmeOAkQ==,44GC44GZ5qW95a++5b+cIOOCsOODg+ODgeiyoeW4gyBHVUNDSeiyoeW4gw==,PGgxIHN0eWxlPSJmb250LXNpemU6MTJweDsiPuOCsOODg+ODgSDosqHluIMgR1VDQ0kg5LqM44Gk5oqY44KK6LKh5biDIO+8iOOCueODvOOCreODvC9TVUtFWe+8iSDjg6zjg4fjgqPjg7zjgrkg44OA44O844Kv44OW44Op44Km44OzIOOCsOODg+ODgeOCt+ODnuODrOOCtuODvCAzMzQ0NTdhYTYxZzIwMTk8L2gxPjxicj4KPGlmcmFtZSBzcmM9Imh0dHBzOi8vd3d3LnJha3V0ZW4ubmUuanAvZ29sZC9yaXZlcmFsbC9jYXRfdG9wL2d1Y2NpL2d1Y2NpX25hdmkuaHRtbCIgc2Nyb2xsaW5nPSJubyIgd2lkdGg9Ijc4MCIgaGVpZ2h0PSI0MjAiIGZyYW1lYm9yZGVyPSIwIj48L2lmcmFtZT48YnI+Cgo8Y2VudGVyPjxicj48YnI+PGltZyBzcmM9Imh0dHBzOi8vaW1hZ2UucmFrdXRlbi5jby5qcC9yaXZlcmFsbC9jYWJpbmV0L2RldGFpbHMuZ2lmIiB3aWR0aD0iNzc1IiBoZWlnaHQ9IjgwIj48YnI+PGJyPjxpbWcgc3JjPSJodHRwczovL2ltYWdlLnJha3V0ZW4uY28uanAvcml2ZXJhbGwvY2FiaW5ldC9ndWNjaS8zMzQ0NTdhYTYxZzIwMTliLmpwZyIgd2lkdGg9IjYwMCIgaGVpZ2h0PSI2MDAiPjxicj48YnI+PC9jZW50ZXI+Cgo8ZGl2IHN0eWxlPSJmb250LXNpemU6MTNweDsgbGluZS1oZWlnaHQ6MzBweDsgZm9udC1jb2xvcjojM2UzZjQyOyBtYXJnaW46MHB4OyBwYWRkaW5nOjVweDsgd2lkdGg6NzY1cHg7IGJvcmRlcjpzb2xpZCAjYzZjOWQwIDFweDsiPkdVQ0NJIFsg6LKh5biDIF0g44K144Kk44OVPGJyPuS6uuawl+OCt+ODquODvOOCulNVS0VZ44GL44KJ5paw6Imy5YWl6I2344CC44Kz44Oz44OR44Kv44OI44Gq44GM44KJ6LGK5a+M44Gq44Od44Kx44OD44OI5pWw44Gn5qmf6IO95oCn5oqc576k44CC5Lit44Gu44Kr44O844OJ44Gq44Gp44KC6KaL44KE44GZ44GP5Lq65rCX44Gu44GC44KL5a6a55Wq5Z6L44Gn44GZ44CC5bCP44GV44GE44K144Kk44K644Gq44GM44KJ44KC44CB5Y+O57SN44Od44Kx44OD44OI44GM5aSa44GP44CB5aWz5oCn44Gu5pa544Gr44KC5aW944G+44KM44KL44GK6LKh5biD44Gn44GZ44CCPC9kaXY+Cjxicj4KCjx0YWJsZSB3aWR0aD0iNzc1IiBib3JkZXI9IjAiIGNlbGxzcGFjaW5nPSIwIiBjZWxscGFkZGluZz0iMCI+CiAgPHRyPgogICAgPHRkIGJnY29sb3I9IiMwMDAwMDAiPjx0YWJsZSB3aWR0aD0iNzc1IiBib3JkZXI9IjAiIGNlbGxzcGFjaW5nPSIxIiBjZWxscGFkZGluZz0iMCI+CiAgICAgICAgPHRyPgogICAgICAgICAgPHRkIHdpZHRoPSIxMDAiIGFsaWduPSJjZW50ZXIiIGJnY29sb3I9IiNGRkYwRjgiPjxmb250IHNpemU9Ii0xIj48Yj7jg5bjg6njg7Pjg4k8L2I+PC9mb250PjwvdGQ+CiAgICAgICAgICA8dGQgaGVpZ2h0PSIzMCIgYmdjb2xvcj0iI0ZGRkZGRiI+PGZvbnQgc2l6ZT0iLTEiIHN0eWxlPSJtYXJnaW4tbGVmdDoxMHB4OyI+44Kw44OD44OBL0dVQ0NJPC9mb250PjwvdGQ+CiAgICAgICAgPC90cj4KICAgICAgICA8dHI+CiAgICAgICAgICA8dGQgYmdjb2xvcj0iI0ZGRjBGOCIgYWxpZ249ImNlbnRlciI+PGZvbnQgc2l6ZT0iLTEiPjxiPuOCueOCv+OCpOODqzwvYj48L2ZvbnQ+PC90ZD4KICAgICAgICAgIDx0ZCBoZWlnaHQ9IjMwIiBiZ2NvbG9yPSIjRkZGRkZGIj48Zm9udCBzaXplPSItMSIgc3R5bGU9Im1hcmdpbi1sZWZ0OjEwcHg7Ij7kuozjgaTmipjjgorosqHluIM8L2ZvbnQ+PC90ZD4KICAgICAgICA8L3RyPgogICAgICAgIDx0cj4KICAgICAgICAgIDx0ZCBiZ2NvbG9yPSIjRkZGMEY4IiBhbGlnbj0iY2VudGVyIj48Zm9udCBzaXplPSItMSI+PGI+5ZOB55WqPC9iPjwvZm9udD48L3RkPgogICAgICAgICAgPHRkIGhlaWdodD0iMzAiIGJnY29sb3I9IiNGRkZGRkYiPjxmb250IHNpemU9Ii0xIiBzdHlsZT0ibWFyZ2luLWxlZnQ6MTBweDsiPjMzNDQ1Ny1BQTYxRy0yMDE5PC9mb250PjwvdGQ+CiAgICAgICAgPC90cj4KICAgICAgICA8dHI+CiAgICAgICAgICA8dGQgYmdjb2xvcj0iI0ZGRjBGOCIgYWxpZ249ImNlbnRlciI+PGZvbnQgc2l6ZT0iLTEiPjxiPue0oOadkDwvYj48L2ZvbnQ+PC90ZD4KICAgICAgICAgIDx0ZCBoZWlnaHQ9IjMwIiBiZ2NvbG9yPSIjRkZGRkZGIj48Zm9udCBzaXplPSItMSIgc3R5bGU9Im1hcmdpbi1sZWZ0OjEwcHg7Ij7jgrDjg4Pjg4Hjgrfjg57jg6zjgrbjg7w8L2ZvbnQ+PC90ZD4KICAgICAgICA8L3RyPgogICAgICAgIDx0cj4KICAgICAgICAgIDx0ZCBiZ2NvbG9yPSIjRkZGMEY4IiBhbGlnbj0iY2VudGVyIj48Zm9udCBzaXplPSItMSI+PGI+44Kr44Op44O8PC9iPjwvZm9udD48L3RkPgogICAgICAgICAgPHRkIGhlaWdodD0iNDAiIGJnY29sb3I9IiNGRkZGRkYiPjxmb250IHNpemU9Ii0xIiBzdHlsZT0ibWFyZ2luLWxlZnQ6MTBweDsiPuODgOODvOOCr+ODluODqeOCpuODszxicj4KPHNwYW4gc3R5bGU9Im1hcmdpbi1sZWZ0OjEwcHg7Ij7ph5HlhbfvvJrjgrTjg7zjg6vjg4k8L3NwYW4+PC9mb250PjwvdGQ+CiAgICAgICAgPC90cj4KICAgICAgICA8dHI+CiAgICAgICAgICA8dGQgYmdjb2xvcj0iI0ZGRjBGOCIgYWxpZ249ImNlbnRlciI+PGZvbnQgc2l6ZT0iLTEiPjxiPuOCteOCpOOCuijntIQpPC9iPjwvZm9udD48L3RkPgogICAgICAgICAgPHRkIGhlaWdodD0iMzAiIGJnY29sb3I9IiNGRkZGRkYiPjxmb250IHNpemU9Ii0xIiBzdHlsZT0ibWFyZ2luLWxlZnQ6MTBweDsiPkgxMC41eFcxMnhEMi41Y208L2ZvbnQ+PC90ZD4KICAgICAgICA8L3RyPgogICAgICAgIDx0cj4KICAgICAgICAgIDx0ZCBiZ2NvbG9yPSIjRkZGMEY4IiBhbGlnbj0iY2VudGVyIj48Zm9udCBzaXplPSItMSI+PGI+5LuV5qeYPC9iPjwvZm9udD48L3RkPgogICAgICAgICAgPHRkIGhlaWdodD0iNTAiIGJnY29sb3I9IiNGRkZGRkYiPjxmb250IHNpemU9Ii0xIiBzdHlsZT0ibWFyZ2luLWxlZnQ6MTBweDsiID7plovplonvvJrjg5vjg4Pjgq/lvI88YnI+CiAgICAgICAgICA8c3BhbiBzdHlsZT0ibWFyZ2luLWxlZnQ6MTBweDsiPuWGheWBtO+8muOCq+ODvOODieODneOCseODg+ODiDEwLOODneOCseODg+ODiDIs5pyt5YWl44KMMjwvc3Bhbj48YnI+CiAgICAgICAgICA8c3BhbiBzdHlsZT0ibWFyZ2luLWxlZnQ6MTBweDsiPuWkluWBtO+8muODm+ODg+OCr+W8j+Wwj+mKreWFpeOCjDE8L3NwYW4+PC9mb250PjwvdGQ+CiAgICAgICAgPC90cj4KICAgICAgICA8dHI+CiAgICAgICAgICA8dGQgaGVpZ2h0PSIzMCIgYmdjb2xvcj0iI0ZGRjBGOCIgYWxpZ249ImNlbnRlciI+PGZvbnQgc2l6ZT0iLTEiPjxiPuS7mOWxnuWTgTwvYj48L2ZvbnQ+PC90ZD4KICAgICAgICAgIDx0ZCBiZ2NvbG9yPSIjRkZGRkZGIj48Zm9udCBzaXplPSItMSIgc3R5bGU9Im1hcmdpbi1sZWZ0OjEwcHg7Ij7nrrE8L2ZvbnQ+PC90ZD4KICAgICAgICA8L3RyPgogICAgICA8L3RhYmxlPjwvdGQ+CiAgPC90cj4KPC90YWJsZT4KPGJyPgo8Zm9udCBzaXplPSItMSI+77yK5o6y6LyJ5ZWG5ZOB44Gv5a6f5bqX6IiX5Y+K44Gz5LuW5bqX6IiX44Gn44KC5ZCM5pmC6LKp5aOy44GX44Gm44GK44KK44G+44GZ44CCPGJyPuOBneOBrueCuuOAgeOBlOazqOaWh+OCkuWPl+S7mOOBkeOBn+WgtOWQiOOBp+OCguWcqOW6q+iqv+evgOOBruOCuuODrOOBq+OCiOOCiuWTgeWIh+OCjOOBqOOBquOCi+WgtOWQiOOBjOW+oeW6p+OBhOOBvuOBmeOAgjxicj48YnI+Cu+8iuaOsui8ieWGmeecn+OBr+aSruW9seOChOODkeOCveOCs+ODs+OBrueSsOWig+OBq+OCiOOCiuOAgeWun+eJqeOBqOeVsOOBquOBo+OBpuimi+OBiOOCi+WgtOWQiOOBjOOBlOOBluOBhOOBvuOBmeOAgjxicj48YnI+Cu+8iuihqOiomOOCteOCpOOCuuOBr+aOoeWvuOeUqOOCteODs+ODl+ODq+OBruWun+WvuOWApOOBqOOBquOCiuOBvuOBmeOBruOBp+OAgeOBiuWxiuOBkeWVhuWTgeOBqOihqOiomOWvuOazleOBrumWk+OBq+WkmuWwkeOBruiqpOW3ruOBjOeUn+OBmOOCi+WgtOWQiOOBjOOBlOOBluOBhOOBvuOBmeOAgjxicj7kuojjgoHjgZTkuobmib/jgY/jgaDjgZXjgYTjgII8L2ZvbnQ+PGJyPjxicj4KPHRhYmxlIHdpZHRoPSI3NzUiPgogIDx0cj4KICAgIDx0ZCBoZWlnaHQ9IjMwIiBhbGlnbj0iY2VudGVyIiBiZ2NvbG9yPSIjZTllNmVkIj48YSBocmVmPSJodHRwczovL2l0ZW0ucmFrdXRlbi5jby5qcC9yaXZlcmFsbC9jLzAwMDAwMDI0MjQvIiB0YXJnZXQ9Il9ibGFuayI+PGZvbnQgc2l6ZT0iLTEiIGNvbG9yPSIjMDAwMDAwIj7ih5Ig44K144Kk44K66KGo56S644Gr44Gk44GE44GmPC9mb250PjwvYT48L3RkPgogICAgPHRkIGhlaWdodD0iMzAiIGFsaWduPSJjZW50ZXIiPjwvdGQ+CiAgICA8dGQgaGVpZ2h0PSIzMCIgYWxpZ249ImNlbnRlciIgYmdjb2xvcj0iI2U5ZTZlZCI+PGEgaHJlZj0iaHR0cHM6Ly93d3cucmFrdXRlbi5uZS5qcC9nb2xkL3JpdmVyYWxsL2luZm9ybWF0aW9uL2dhaWRlLXRvcC5odG1sIiB0YXJnZXQ9Il9ibGFuayI+PGZvbnQgc2l6ZT0iLTEiIGNvbG9yPSIjMDAwMDAwIj7ih5Ig44GK5pSv5omV77yG6L+U5ZOB44Gr44Gk44GE44GmPC9mb250PjwvYT48L3RkPgogIDwvdHI+CjwvdGFibGU+Cgo8IS0tIOODrOOCs+ODoeODs+ODieODluODqeODs+ODiSAtLT4KPGJyPjxicj48Y2VudGVyPjxpZnJhbWUgc3JjPSJodHRwczovL3d3dy5yYWt1dGVuLm5lLmpwL2dvbGQvcml2ZXJhbGwvbGlzdC9yZWNvbW1lbmRicmFuZHMvaXRhbHlfZnJlbmNoLmh0bWwiIHNjcm9sbGluZz0ibm8iIHdpZHRoPSI3ODAiIGhlaWdodD0iMjAwIiBmcmFtZWJvcmRlcj0iMCI+PC9pZnJhbWU+PC9jZW50ZXI+PGgzIHN0eWxlPSJ3aWR0aDozNjBweDsgZm9udC1zaXplOjEwcHg7IGZvbnQtd2VpZ2h0OmJvbGQ7IGNvbG9yOiM5QTlBOUE7IGRpc3BsYXk6YmxvY2s7Ij7jgrDjg4Pjg4Eg6LKh5biDIEdVQ0NJIOiyoeW4gyDjgrDjg4Pjg4EvR1VDQ0k8L2gzPjxicj48YnI+CjxpbWcgc3JjPSJodHRwczovL3d3dy5yYWt1dGVuLm5lLmpwL2dvbGQvcml2ZXJhbGwvaW5kZXhfZmlsZXMvaW1nL290aGVyLzM2MGJhbm5lci1pcm8uanBnIiB3aWR0aD0iMzYwIj48YnI+PGJyPgo8aW1nIHNyYz0iaHR0cHM6Ly9pbWFnZS5yYWt1dGVuLmNvLmpwL3JpdmVyYWxsL2NhYmluZXQvYnVubmFyLzM2MC1ndWNjaXdyYXAuanBnIiB3aWR0aD0iMzYwIiBoZWlnaHQ9IjkwIiAvPjxicj48YnI+CjxpbWcgc3JjPSJodHRwczovL2ltYWdlLnJha3V0ZW4uY28uanAvcml2ZXJhbGwvY2FiaW5ldC9idW5uYXIvMzYwLWJhbm5lcmd1Y2NpLmpwZyIgd2lkdGg9IjM2MCIgaGVpZ2h0PSIzMDAiIC8+PGJyPjxicj48ZGl2IHN0eWxlPSJkaXNwbGF5OmJsb2NrOyB3aWR0aDo2NDBweDsgbWFyZ2luOjAgYXV0bzsgdGV4dC1hbGlnbjpjZW50ZXI7Ij48L2Rpdj4KPGJyIC8+PGJyIC8+Cjx0YWJsZSB3aWR0aD0iNzcwIj4KPHRyPgogICAgPHRkIGJnY29sb3I9IiNkYzE0M2MiIGhlaWdodD0iMjAiPjxiPjxmb250IGNvbG9yPSIjRkZGRkZGIiBzaXplPSItMSI+Jm5ic3A74pagIOOBiuiyt+OBhOeJqeOCrOOCpOODiTwvZm9udD48L2I+PC90ZD4KICAgIDwvdHI+CiAgICA8dHI+Cjx0ZD48YnI+PGltZyBzcmM9Imh0dHA6Ly93d3cucmFrdXRlbi5uZS5qcC9nb2xkL3JpdmVyYWxsL2luZm9ybWF0aW9uL2ltZy83NzUtb3V0bGV0LmpwZyIgd2lkdGg9Ijc3MCIgYm9yZGVyPSIwIj48YnI+PGJyPjwvdGQ+CiAgIDwvdHI+CiAgIDwvdGFibGU+CgoKCjxkaXYgaWQ9IkhlYWRlcktleXdvcmQiIHN0eWxlPSJwb3NpdGlvbjphYnNvbHV0ZTt0b3A6MTAwcHg7bGVmdDoxMHB4OyB0ZXh0LWRlY29yYXRpb246bm9uZTsiPgo8c3BhbiBjbGFzcz0iY2h1bW9rdVdvcmQiPuazqOebruOBruOCreODvOODr+ODvOODiTwvc3Bhbj4KPHNwYW4gY2xhc3M9InJlY29tbWVuZEJyYW5kTmFtZSI+44Kz44O844OBIOODiOODvOODiOODkOODg+OCsDwvc3Bhbj4KPHNwYW4gY2xhc3M9InJlY29tbWVuZEJyYW5kTmFtZSI+44Kw44OD44OBIOiyoeW4gzwvc3Bhbj4KPHNwYW4gY2xhc3M9InJlY29tbWVuZEJyYW5kTmFtZSI+44Kx44Kk44OI44K544Oa44O844OJPC9zcGFuPgo8c3BhbiBjbGFzcz0icmVjb21tZW5kQnJhbmROYW1lIj7jg5Xjg6vjg6kg44OQ44OD44KwPC9zcGFuPgo8L2Rpdj4KCgoKPHN0eWxlIHR5cGU9InRleHQvY3NzIj4KPCEtLQoKLyoqKiDjg6HjgqTjg7PnlLvlg4/jgqLjg4vjg6Hjg7zjgrfjg6fjg7MgKioqLwphLnJha3V0ZW5MaW1pdGVkSWRfSW1hZ2VNYWluMS0zIGltZyB7dHJhbnNpdGlvbjowLjVzIGN1YmljLWJlemllcigwLjE3NSwgMC44ODUsIDAuMzIsIDEuMjc1KTsKLW1vei10cmFuc2l0aW9uOjAuNXMgY3ViaWMtYmV6aWVyKDAuMTc1LCAwLjg4NSwgMC4zMiwgMS4yNzUpOwotd2Via2l0LXRyYW5zaXRpb246MC41cyBjdWJpYy1iZXppZXIoMC4xNzUsIDAuODg1LCAwLjMyLCAxLjI3NSk7fQphLnJha3V0ZW5MaW1pdGVkSWRfSW1hZ2VNYWluMS0zIGltZzpob3ZlciB7dHJhbnNmb3JtOnNjYWxlKDEuMiwxLjIpOwotbW96LXRyYW5zZm9ybTpzY2FsZSgxLjIsMS4yKTsKLXdlYmtpdC10cmFuc2Zvcm06c2NhbGUoMS4yLDEuMik7Cm9wYWNpdHk6MS4wO30KCiNyaXNGaWwgewoJd2lkdGg6IDc4MHB4OwoJaGVpZ2h0OiBhdXRvOwoJbWFyZ2luOiAwIDAgNTBweCAycHg7CglwYWRkaW5nOiA3OXB4IDAgMCAwOwoJYm9yZGVyLXRvcDogIzAwMCBzb2xpZCAxcHg7CgliYWNrZ3JvdW5kOiB1cmwoaHR0cDovL3d3dy5yYWt1dGVuLm5lLmpwL2dvbGQvcml2ZXJhbGwvY29tbW9uL2ltZy83ODAtaXRlbWxpc3RfdGl0bGUuZ2lmKSBsZWZ0IHRvcCBuby1yZXBlYXQ7Cn0KI3Jpc0ZpbCAucmlzZkZvb3RXcmFwIHsKCW1hcmdpbjogNTBweCAwIDAgMDsKCWNsZWFyOiBib3RoOwp9CiNyaXNGaWwgdGFibGUgYSB7Cgljb2xvcjogIzMzMzsKCXBhZGRpbmc6IDEwcHggMjBweDsKfQojcmlzRmlsIHRhYmxlIGE6aG92ZXIgewoJdGV4dC1kZWNvcmF0aW9uOiBubzsKfQojcmlzRmlsIHRyIHRkIGEuY2F0ZWdvcnlfaXRlbW5hbWVsaW5rIHsKCWZvbnQtZmFtaWx5OiAi44OS44Op44Ku44OO6KeS44K0IFBybyBXMyIsICJIaXJhZ2lubyBLYWt1IEdvdGhpYyBQcm8iLCAi44Oh44Kk44Oq44KqIiwgTWVpcnlvLCBPc2FrYSwgIu+8re+8syDvvLDjgrTjgrfjg4Pjgq8iLCAiTVMgUEdvdGhpYyIsIHNhbnMtc2VyaWY7CuOAgOOAgOOAgOOAgHdpZHRoOiAxOTBweDsKCWhlaWdodDogMy4xZW07Cglmb250LXNpemU6IDExcHg7CglsaW5lLWhlaWdodDogMS41ZW07CglkaXNwbGF5OiBibG9jazsKCXRleHQtYWxpZ246IGxlZnQ7CglvdmVyZmxvdzogaGlkZGVuOwoJdHJhbnNpdGlvbjphbGwgZWFzZSAwLjJzOwoJLW1vei10cmFuc2l0aW9uOmFsbCBlYXNlIDAuMnM7Cgktd2Via2l0LXRyYW5zaXRpb246YWxsIGVhc2UgMC4yczsKfQojcmlzRmlsIHRyIHRkIGEuY2F0ZWdvcnlfaXRlbW5hbWVsaW5rOmhvdmVyIHsKLyoJYmFja2dyb3VuZC1jb2xvcjpyZ2JhKDI1NSw4Nyw5MCwwLjg1KTsKCWNvbG9yOiNGRkZGRkY7ICovCn0KOnJvb3QgI3Jpc0ZpbCB0ciB0ZCBhLmNhdGVnb3J5X2l0ZW1uYW1lbGluayB7CgloZWlnaHQ6IDIuMGVtOwp9CnNwYW4uY2F0ZWdvcnlfaXRlbXByaWNlLCBzcGFuLmNhdGVnb3J5X2l0ZW10YXhwb3N0YWdlIHsKCWZvbnQtc2l6ZTogMTBweDsKCWZvbnQtZmFtaWx5OiAi44OS44Op44Ku44OO6KeS44K0IFBybyBXMyIsICJIaXJhZ2lubyBLYWt1IEdvdGhpYyBQcm8iLCAi44Oh44Kk44Oq44KqIiwgTWVpcnlvLCBPc2FrYSwgIu+8re+8syDvvLDjgrTjgrfjg4Pjgq8iLCAiTVMgUEdvdGhpYyIsIHNhbnMtc2VyaWY7Cglmb250LXdlaWdodDogYm9sZDsKCWxpbmUtaGVpZ2h0OiAxLjRlbTsKCWNvbG9yOiAjQzAwOwoJcGFkZGluZzogMTVweCAwIDAgMDsKfQpzcGFuLmJvdHRvbSwgc3Bhbi5pbnZlbnRvcnlfdGl0bGUgewoJZm9udC1zaXplOiAxM3B4OwoJZm9udC1mYW1pbHk6ICLjg5Ljg6njgq7jg47op5LjgrQgUHJvIFczIiwgIkhpcmFnaW5vIEtha3UgR290aGljIFBybyIsICLjg6HjgqTjg6rjgqoiLCBNZWlyeW8sIE9zYWthLCAi77yt77yzIO+8sOOCtOOCt+ODg+OCryIsICJNUyBQR290aGljIiwgc2Fucy1zZXJpZjsKCWxpbmUtaGVpZ2h0OiAxLjVlbTsKCWNvbG9yOiAjQzAwOwoJcGFkZGluZzogMTBweCAwIDAgMDsKfQpzcGFuLmludmVudG9yeV9jaG9pY2VfbmFtZSB7Cglmb250LXNpemU6IDEwcHg7Cglmb250LWZhbWlseTogIuODkuODqeOCruODjuinkuOCtCBQcm8gVzMiLCAiSGlyYWdpbm8gS2FrdSBHb3RoaWMgUHJvIiwgIuODoeOCpOODquOCqiIsIE1laXJ5bywgT3Nha2EsICLvvK3vvLMg77yw44K044K344OD44KvIiwgIk1TIFBHb3RoaWMiLCBzYW5zLXNlcmlmOwoJZm9udC13ZWlnaHQ6IGJvbGQ7CgoJbGluZS1oZWlnaHQ6IDEuNWVtOwoJY29sb3I6ICMwMDA7CglwYWRkaW5nOiAxMHB4IDAgMCAwOwp9CiNyaXNGaWwgdGFibGUgdGJvZHkgdHIgdGQgYnIgewoJZGlzcGxheTogbm9uZTsKfQojcmlzRmlsIHRhYmxlIHRib2R5IHRyIHRkIHsKCWJhY2tncm91bmQ6IHVybChodHRwOi8vd3d3LnJha3V0ZW4ubmUuanAvZ29sZC9yaXZlcmFsbC9jb21tb24vaW1nL2l0ZW1fc3RyaXBlLmdpZikgbGVmdCBib3R0b20gbm8tcmVwZWF0Owp9CiNyaXNGaWwgdGFibGUgdGJvZHkgdHIgdGQ6Zmlyc3QtY2hpbGQgewoJYmFja2dyb3VuZDogbm9uZTsKfQojcmlzRmlsIHRhYmxlIHRib2R5IHRyIHRkIGEgaW1nIHsKCW1hcmdpbjogNTBweCAwIDAgMDsKCXRyYW5zaXRpb246MC41cyBjdWJpYy1iZXppZXIoMC4xNzUsIDAuODg1LCAwLjMyLCAxLjI3NSk7CgktbW96LXRyYW5zaXRpb246MC41cyBjdWJpYy1iZXppZXIoMC4xNzUsIDAuODg1LCAwLjMyLCAxLjI3NSk7Cgktd2Via2l0LXRyYW5zaXRpb246MC41cyBjdWJpYy1iZXppZXIoMC4xNzUsIDAuODg1LCAwLjMyLCAxLjI3NSk7Cn0KCiNyaXNGaWwgdGFibGUgdGJvZHkgdHIgdGQgYSBpbWc6aG92ZXIgewoJdHJhbnNmb3JtOnNjYWxlKDEuMiwxLjIpOwoJLW1vei10cmFuc2Zvcm06c2NhbGUoMS4yLDEuMik7Cgktd2Via2l0LXRyYW5zZm9ybTpzY2FsZSgxLjIsMS4yKTt9CgojcmlzRmlsIHRhYmxlIHRib2R5IHRyIHRkIHNwYW4uY2F0ZWdvcnlfaXRlbXByaWNlIHsKCS8qIGJhY2tncm91bmQ6ICM4ZjhkOGY7ICovCgliYWNrZ3JvdW5kOiAjZmZmZmZmOwoJbGV0dGVyLXNwYWNpbmc6IDEuNXB4OwoJLyogY29sb3I6ICNGRkZGRkY7ICovCgljb2xvcjogI0ZGMDAwMDsKCS8qZGlzcGxheTogYmxvY2s7Ki8KCWZvbnQtc2l6ZTogMTVweDsKCWZvbnQtd2VpZ2h0OiBib2xkOwoJbWFyZ2luLWJvdHRvbTogMXB4OwoJbWFyZ2luLXRvcDogNXB4OwoJcGFkZGluZzogM3B4IDA7Cgl3aWR0aDogMTgwcHg7Cgp9CiNyaXNGaWwgdGFibGUgdGJvZHkgdHIgdGQgc3Bhbi5ub3QgewoJZm9udC1mYW1pbHk6ICLjg5Ljg6njgq7jg47op5LjgrQgUHJvIFczIiwgIkhpcmFnaW5vIEtha3UgR290aGljIFBybyIsICLjg6HjgqTjg6rjgqoiLCBNZWlyeW8sIE9zYWthLCAi77yt77yzIO+8sOOCtOOCt+ODg+OCryIsICJNUyBQR290aGljIiwgc2Fucy1zZXJpZjsKZm9udC1zaXplOiAxMXB4Owp9CiNyaXNGaWwgdGFibGUgdGJvZHkgdHIgdGQgc3Bhbi5jYXRlZ29yeV9pdGVtdGF4cG9zdGFnZSB7Cgljb2xvcjogI2E5YTZhNTsKCWZvbnQtc2l6ZTogMTBweDsKCWhlaWdodDogMjBweDsKfQojcmlzRmlsIHRhYmxlIHRib2R5IHRyIHRkIGRpdi5yaXNmQ2xmeCB7Cglmb250LXNpemU6IDEwcHg7Cn0KCmE6aG92ZXIgaW1newoJZmlsdGVyOiBhbHBoYShvcGFjaXR5PTgwKTsKCS13ZWJraXQtb3BhY2l0eTowLjg7CgktbW96LW9wYWNpdHk6IDAuODA7CglvcGFjaXR5OiAwLjgwOwoJYm9yZGVyOiAwOwoKfQppbWcgewoJYm9yZGVyOiAwOwp9CgovKgouaXRlbV9uYW1lOmJlZm9yZSB7CmNvbnRlbnQ6ICLimIXpgLHmnKvpmZDlrprjg5Djg7zjgrLjg7PimIUiOwpjb2xvcjogI2ZmMDAwMDsKCn0qLwoKCi5jYXRjaF9jb3B5IHsKZGlzcGxheTpibG9jazsKbWFyZ2luLWJvdHRvbToxNXB4Owp9CgouY2F0Y2hfY29weTpiZWZvcmUgewpjb250ZW50OiAi44CQ5qW95aSp5pyA5a6J5YCk44Gr5oyR5oim5Lit44CRIjsKY29sb3I6ICNmZjAwMDA7Cn0KCi5jYXRjaF9jb3B5OmFmdGVyIHsvKiDjgq3jg6Pjg4Pjg4HjgrPjg5Tjg7zlvoxTT03jg5Djg4rjg7wKY29udGVudDogdXJsKGh0dHA6Ly93d3cucmFrdXRlbi5uZS5qcC9nb2xkL3JpdmVyYWxsL2luZGV4X2ZpbGVzL2ltZy8yMDE0MDNfZmFzaGlvbmdvb2RzX21vYmlsZTAxLmdpZik7Ki8KfQoKLyog6Zui6ISx6Ziy5q2i44CAKi8KCmRpdiNIZWFkZXJLZXl3b3JkIHsKCXBvc2l0aW9uOmFic29sdXRlOwoJdG9wOjUwcHg7CglsZWZ0OjMwcHg7Cn0KCmRpdiNIZWFkZXJLZXl3b3JkIHNwYW4uY2h1bW9rdVdvcmQgewoJYmFja2dyb3VuZDogI2JmMDAwMDsKCWNvbG9yOiNmZmY7Cglmb250LXdlaWdodDpib2xkOwoJcGFkZGluZzoycHggNXB4Owp9CgpkaXYjSGVhZGVyS2V5d29yZCBhIHsKCWNvbG9yOiMwMDQ0Q0M7Cn0KCnNwYW4ucmVjb21tZW5kQnJhbmROYW1lIHt0cmFuc2l0aW9uOmFsbCBlYXNlIDAuM3M7Ci1tb3otdHJhbnNpdGlvbjphbGwgZWFzZSAwLjNzOwotd2Via2l0LXRyYW5zaXRpb246YWxsIGVhc2UgMC4zczt9CgpzcGFuLnJlY29tbWVuZEJyYW5kTmFtZTpob3ZlciB7YmFja2dyb3VuZC1jb2xvcjojRUI2MTAwOwpjb2xvcjojRkZGRkZGO30KCgoKc3Bhbi5jaG9pY2Uge2JvcmRlcjoxcHggc29saWQgI0RDMTQzQzsKZGlzcGxheTpibG9jazsKcGFkZGluZzo1cHg7CmNvbG9yOiNEQzE0M0M7Cm1hcmdpbi1ib3R0b206NXB4Owpmb250LXNpemU6MTRweDt9CgotLT4KPC9zdHlsZT4=,44Kw44OD44OBIOiyoeW4gyBHVUNDSSDkuozjgaTmipjjgorosqHluIMg77yI44K544O844Kt44O8L1NVS0VZ77yJIOODrOODh+OCo+ODvOOCuSDjg4Djg7zjgq/jg5bjg6njgqbjg7Mg44Kw44OD44OB44K344Oe44Os44K244O8IDMzNDQ1N2FhNjFnMjAxOeOAkOODluODqeODs+ODieOAkeOAkOOBguOBmealveWvvuW/nOOAkeOAkOmAgeaWmeeEoeaWmeOAke+8muODquODtOOCp+ODqeODvOODqw==,Q09BQ0gg44Kz44O844OBR1VDQ0njgIDjgrDjg4Pjg4FQUkFEQeOAgOODl+ODqeODgGthdGUgc3BhZGXjgIDjgrHjgqTjg4jjgrnjg5rjg7zjg4njg6zjg4fjgqPjg7zjgrnjgq3jg7zjg5vjg6vjg4Djg7zmv4DlrolPVVRMRVTjgIDjgqLjgqbjg4jjg6zjg4Pjg4jjgrfjgrDjg43jg4Hjg6Pjg7zjg4jjg7zjg4jjgrfjg6fjg6vjg4Djg7zvvIVPRkbjg5bjg6njg7Pjg4nmlrDkvZzjgrvjg7zjg6vmnIDlronlgKTjgqTjg7Pjg53jg7zjg4jpm5HoqozmjrLovInjg5Djg4PjgrDjgIDosqHluIPjgIDjgq3jg7zjgrHjg7zjgrnjgIDlsI/nianpgIHmlpnnhKHmlpnjgrDjg4Pjg4Eg6LKh5biDIEdVQ0NJIOS6jOOBpOaKmOOCiuiyoeW4gyDvvIjjgrnjg7zjgq3jg7wvU1VLRVnvvIkg44Os44OH44Kj44O844K5IOODgOODvOOCr+ODluODqeOCpuODsyDjgrDjg4Pjg4Hjgrfjg57jg6zjgrbjg7wgMzM0NDU3YWE2MWcyMDE544CQ44OW44Op44Oz44OJ44CR44CQ44GC44GZ5qW95a++5b+c44CR44CQ6YCB5paZ54Sh5paZ44CR,44GC44GZ5qW95a++5b+cIOOCsOODg+ODgeiyoeW4gyBHVUNDSeiyoeW4g+OAguOCsOODg+ODgSDosqHluIMgR1VDQ0kg5LqM44Gk5oqY44KK6LKh5biDIO+8iOOCueODvOOCreODvC9TVUtFWe+8iSDjg6zjg4fjgqPjg7zjgrkg44OA44O844Kv44OW44Op44Km44OzIOOCsOODg+ODgeOCt+ODnuODrOOCtuODvCAzMzQ0NTdhYTYxZzIwMTnjgJDjg5bjg6njg7Pjg4njgJHjgJDjgYLjgZnmpb3lr77lv5zjgJHjgJDpgIHmlpnnhKHmlpnjgJE=[rn]
39-76413,aHR0cDovL3RzaG9wLnIxMHMuanAvZml0aG91c2UvY2FiaW5ldC8wMzQ0NjAwMy82ODI3MDAwMzg4X2ltZ18xX28uanBnP2ZpdGluPTcwMDo3MDA=,OTg0OS42MDAw,,44OQ44OD44Kw44O75bCP54mp44O744OW44Op44Oz44OJ6ZuR6LKoID4g6LKh5biD44O744Kx44O844K5ID4g44Os44OH44Kj44O844K56LKh5biD,44OX44Oq44Oe44Kv44Op44OD44K744CQUFJJTUEgQ0xBU1NF44CR6LKh5biDIOaKmOOCiuiyoeW4gyBXMTAzIDkwMDAgMDAxMCDjg6bjg4vjgrvjg4Pjgq/jgrkg44OZ44O844K444Ol77yP44Kz44Oz44OT,5paw5ZOBL+ODl+ODquODnuOCr+ODqeODg+OCuy/osqHluIMv5oqY44KK6LKh5biDL+ODpuODi+OCu+ODg+OCr+OCuS/kuKbooYzovLjlhaXlk4E=,PFRBQkxFIFdJRFRIPSI0MzAiIGJnY29sb3I9IiNjMGMwYzAiIGJvcmRlcj0iMCIgY2VsbHBhZGRpbmc9IjUiIGNlbGxzcGFjaW5nPSIxIiBzdHlsZT0iZm9udC1zaXplOjEzcHg7Y29sb3I6IzAwMDAwMDtsZXR0ZXItc3BhY2luZzowcHg7dGFibGUtbGF5b3V0OmluaGVyaXQ7d2lkdGg6NDMwIj4KPFRCT0RZPgo8VFIgYmdjb2xvcj0iI0ZGQ0NDQyI+CjxURD48U1BBTiBjbGFzcz1kPjxmb250IGZhY2U9IlZlcmRhbmEiPkNPTU1FTlQ8L2ZvbnQ+PC9TUEFOPjwvVEQ+CjwvVFI+CjxUUiBiZ0NvbG9yPSNmZmZmZmY+CjxURD7jg5fjg6rjg57jgq/jg6njg4Pjgrvjga7pm7Dlm7LmsJfjg5Djg4Pjg4Hjg6rimao8YnI+CuS4reS4luWkp+iIqua1t+aZguS7o+OBruWcsOWbs+OBjOODouODgeODvOODleOBq+OBquOBo+OBn+ODreODnuODs+ODhuOCo+ODg+OCr+OBquODh+OCtuOCpOODs+OBjOS6uuawl+OAgjxicj4K5rGa44KM44Gu44Gk44GN44Gr44GP44GEUFZD5Yqg5bel44Gn5rCX6Lu944Gr44GK5oyB44Gh44GE44Gf44Gg44GR44G+44GZ44CCCjwvZm9udD4KPC9URD4KPC9UUj4KPC9UQk9EWT4KPC9UQUJMRT4KPEJSPgo8VEFCTEUgV0lEVEg9IjQzMCIgYmdjb2xvcj0iI2MwYzBjMCIgYm9yZGVyPSIwIiBjZWxscGFkZGluZz0iNSIgY2VsbHNwYWNpbmc9IjEiIHN0eWxlPSJmb250LXNpemU6MTNweDtjb2xvcjojMDAwMDAwO2xldHRlci1zcGFjaW5nOjBweDt0YWJsZS1sYXlvdXQ6aW5oZXJpdDt3aWR0aDo0MzAiPgo8VEJPRFk+CjxUUiBiZ2NvbG9yPSIjRkZDQ0NDIj4KPFREIGNvbHNwYW49IjIiPjxmb250IGZhY2U9IlZlcmRhbmEiPkRFVEFJTDwvRk9OVD4KPC9URD4KPC9UUj4KPFRSPgo8VEQgYmdjb2xvcj0iI0ZGRTRFMSIgdmFsaWduPSJ0b3AiPuOCteOCpOOCujwvVEQ+CjxURCBiZ0NvbG9yPSNmZmZmZmY+44K/44OG57SEOTVtbeOAgOODqOOCs+e0hDExMG1tPC9URD4KPC9UUj4KPFRSPgo8VEQgYmdjb2xvcj0iI0ZGRTRFMSIgdmFsaWduPSJ0b3AiPue0oOadkDwvVEQ+CjxURCBiZ0NvbG9yPSNmZmZmZmY+UFZDPC9URD4KPC9UUj4KPFRSPgo8VEQgYmdjb2xvcj0iI0ZGRTRFMSIgdmFsaWduPSJ0b3AiPuS7leanmDwvVEQ+CjxURCBiZ0NvbG9yPSNmZmZmZmY+5pyt5YWl44KMw5cy44CA5bCP6Yqt5YWl44KMw5cx44CA44Kr44O844OJ5YWl44KMw5c044CA44Gd44Gu5LuW44Od44Kx44OD44OIw5cyPC9URD4KPC9UUj4KPFRSPgo8VEQgYmdjb2xvcj0iI0ZGRTRFMSIgdmFsaWduPSJ0b3AiPuS7mOWxnuWTgTwvVEQ+CjxURCBiZ0NvbG9yPSNmZmZmZmY+5L+d5a2Y566xPC9URD4KPC9UUj4KPFRSPgo8VEQgYmdjb2xvcj0iI0ZGRTRFMSIgdmFsaWduPSJ0b3AiPuKAuzwvVEQ+CjxURCBiZ0NvbG9yPSNmZmZmZmY+5YCL5L2T5beu44Gu44GC44KL5ZWG5ZOB44Gn44CB5p+E44GM55Ww44Gq44KK44G+44GZ44CCPGJyPgrpgbjjgbbjgZPjgajjga/jgafjgY3jgb7jgZvjgpPjga7jgafjgZTnkIbop6Pjga7kuIrjgIHjgYrosrfjgYTmsYLjgoHjgY/jgaDjgZXjgYTjgII8L1REPgo8L1RSPgo8L1RSPgo8L1RCT0RZPgo8L1RBQkxFPgo8QlI+PHN0eWxlIHR5cGU9InRleHQvY3NzIj4KPCEtLQpzcGFuLml0ZW1fbmFtZSB7CmRpc3BsYXk6YmxvY2s7Cm1hcmdpbjowOwp3aWR0aDo0MDBweDsvKuWVhuWTgeWQjeOBruOCqOODquOCouOBruW5heOCkuaMh+WumiovCmxpbmUtaGVpZ2h0OjEzMCU7LyrooYzplpPjgpLnqbrjgZHjgovmjIflrpoqLwpwYWRkaW5nOiA0cHggMHB4IDRweCA1cHg7LyrkvZnnmb3jga7oqr/mlbQqLwpib3JkZXItbGVmdDogc29saWQgNXB4ICNGMDgwODA7LyrllYblk4HlkI3jga7lt6blgbTjgavotaTjgYTnt5rjgpLlvJXjgY8qLwpib3JkZXItYm90dG9tOiBkb3R0ZWQgMXB4ICM5OTk7LyrllYblk4HlkI3jga7kuIvjgavjgrDjg6zjg7zjga7ngrnnt5oqLwp9CgpzcGFuLmNhdGNoX2NvcHkgewpkaXNwbGF5OmJsb2NrOwpwYWRkaW5nOiA0cHggMHB4IDRweCAwcHg7CmZvbnQtc2l6ZToxMnB4Owp3aWR0aDo0MDBweDsKfQoKdGQuc2R0ZXh0IGEgewpjb2xvcjojNjY2NjY2Owpmb250LXNpemU6MTFweDsKfQoKc3Bhbi5pbnZlbnRvcnlfY2hvaWNlX25hbWUgeyBjb2xvcjogIzAwMDAwMDsgZm9udC1zaXplOiA4MCU7fQp0ZC5pbnZlbnRvcnlfY2hvaWNlX25hbWUgeyBiYWNrZ3JvdW5kLWNvbG9yOiAjRkZDQ0NDO30KdGQuaW52ZW50b3J5IGZvbnR7Zm9udC1zaXplOjEwcHg7Y29sb3I6IzY2NjY2Njt9CnRkLmludmVudG9yeXt3b3JkLXdyYXA6YnJlYWstd29yZDt3aWR0aDo0MHB4O30KCi0tPgoKLyoqKuOAjOWAi+aVsOOAjemDqOWIhioqKi8KaW5wdXQjdW5pdHN7CmJhY2tncm91bmQ6IG5vbmUgIWltcG9ydGFudDsKYm9yZGVyOiBzb2xpZCAxcHggIzAwMDsKd2lkdGg6IDMwcHg7CmhlaWdodDogMzBweDsKY3Vyc29yOiBhdXRvOwp0ZXh0LWluZGVudDogMHB4OwpvdmVyZmxvdzogaGlkZGVuOwp0ZXh0LWFsaWduOmNlbnRlcjsKfQoKLyrjgrXjgqTjgroqLwouaW52ZW50b3J5IGlucHV0IHsKYmFja2dyb3VuZDogbm9uZSAhaW1wb3J0YW50Owp0ZXh0LWluZGVudDogMHB4Owp3aWR0aDogMTVweDsKaGVpZ2h0OiAxNXB4OwptYXJnaW46N3B4IDA7Cn0gCi8qKirjgYrmsJfjgavlhaXjgorllYblk4EqKiovCiNyYWt1dGVuTGltaXRlZElkX2Fyb3VuZENhcnQgZGl2LmJvb2ttYXJrQXJlYSBkaXYuYmttIHsKd2lkdGg6IDM1MHB4ICFpbXBvcnRhbnQ7CmhlaWdodDogMzI5cHggIWltcG9ydGFudDsKcGFkZGluZzogMHB4IDBweCAhaW1wb3J0YW50OwpwYWRkaW5nLWJvdHRvbTogMHB4ICFpbXBvcnRhbnQ7Cn0KCiNyYWt1dGVuTGltaXRlZElkX2Fyb3VuZENhcnQgZGl2LmJvb2ttYXJrQXJlYSBkaXYuYmttIGEuYWRkQmttIHNwYW4uYmttU3RhciB7CiAgICBiYWNrZ3JvdW5kOiB1cmwoImh0dHA6Ly93d3cucmFrdXRlbi5uZS5qcC9nb2xkL2ZpdGhvdXNlL2NvbnRlbnRzL2ltZy9va2luaWlyaV9pdGVtLmpwZyIpIG5vLXJlcGVhdCBzY3JvbGwgMCAwIHJnYmEoMCwgMCwgMCwgMCkgIWltcG9ydGFudDsKICAgIGN1cnNvcjogcG9pbnRlciAhaW1wb3J0YW50OwogICAgZGlzcGxheTogaW5saW5lLWJsb2NrICFpbXBvcnRhbnQ7CiAgICBoZWlnaHQ6IDMyOXB4ICFpbXBvcnRhbnQ7CiAgICBtYXJnaW46IDAgMCAxMHB4ICFpbXBvcnRhbnQ7CiAgICB3aWR0aDogMzUwcHggIWltcG9ydGFudDsKfQoKLyoqKuOBiuawl+OBq+WFpeOCiuOCt+ODp+ODg+ODlyoqKi8KI3Jha3V0ZW5MaW1pdGVkSWRfYXJvdW5kQ2FydCBkaXYuc2hvcEJvb2ttYXJrQXJlYSBkaXYuc2hvcEJrbSB7CndpZHRoOiAzNTBweCAhaW1wb3J0YW50OwpoZWlnaHQ6IDUwcHggIWltcG9ydGFudDsKcGFkZGluZzogMHB4IDBweCAhaW1wb3J0YW50OwpwYWRkaW5nLWxlZnQ6IDBweCAhaW1wb3J0YW50Owp9CgojcmFrdXRlbkxpbWl0ZWRJZF9hcm91bmRDYXJ0IGRpdi5zaG9wQm9va21hcmtBcmVhIGRpdi5zaG9wQmttIGEuYWRkU2hvcEJrbSBzcGFuLnNob3BCa21TdGFyIHsKZGlzcGxheTogaW5saW5lLWJsb2NrICFpbXBvcnRhbnQ7CndpZHRoOiAzNTBweCAhaW1wb3J0YW50OwpoZWlnaHQ6IDUwcHggIWltcG9ydGFudDsKbWFyZ2luLXJpZ2h0OiAwcHggIWltcG9ydGFudDsKYmFja2dyb3VuZDogdXJsKCJodHRwOi8vd3d3LnJha3V0ZW4ubmUuanAvZ29sZC9maXRob3VzZS9jb250ZW50cy9pbWcvb2tpbmlpcmlfc2hvcDEuanBnIikgbm8tcmVwZWF0ICFpbXBvcnRhbnQ7Cn0KLyoqKuOAjOalveWkqeaknOe0ouS4i+mDqOWIhuOAjSoqKi8KZGl2I0hlYWRlcktleXdvcmQgewoJcG9zaXRpb246YWJzb2x1dGU7Cgl0b3A6NTBweDsvKuS4gOeVquS4iuOBi+OCieOBruS9jee9riovCglsZWZ0OjMwcHg7Lyrlt6bnq6/jgYvjgonjga7kvY3nva4qLwp9CgpkaXYjSGVhZGVyS2V5d29yZCBzcGFuIHsKCWJhY2tncm91bmQ6ICNiZjAwMDA7Cgljb2xvcjojZmZmOwoJZm9udC13ZWlnaHQ6Ym9sZDsKCXBhZGRpbmc6MnB4IDVweDsKfQoKZGl2I0hlYWRlcktleXdvcmQgYSB7Cgljb2xvcjojMDA0NENDOwp9CiNQYWdlICNNYWluVGl0bGUgewoJbWFyZ2luLXRvcDogMTBweDsKCXdpZHRoOiA3MDBweDsKICAgICAgICBoZWlnaHQ6IDMwMHB4OwoJYm9yZGVyOiAjREZDNDkxIDFweCBzb2xpZDsKCWJhY2tncm91bmQtaW1hZ2U6IHVybChodHRwOi8vaW1hZ2UucmFrdXRlbi5jby5qcC9maXRob3VzZS9jYWJpbmV0LzA0NjUxMjY1L2JhY2tpbWcyLmpwZyk7CgliYWNrZ3JvdW5kLXBvc2l0aW9uOiB0b3A7CgliYWNrZ3JvdW5kLXJlcGVhdDogcmVwZWF0Owp9CiNQYWdlICNNYWluVGl0bGUgLk1haW5JbWcgewoJbWFyZ2luOiAwcHg7Cglib3JkZXI6IDBweDsgCglwYWRkaW5nOiAwcHg7IAoJZm9udC1zaXplOiAwcHg7Cgl3aWR0aDogNDAwcHg7CiAgICAgICAgaGVpZ2h0OjMwMHB4OwoJZmxvYXQ6IGxlZnQ7Cn0KI1BhZ2UgI01haW5UaXRsZSAuQnJhbmROYW1lIHsKCXRleHQtYWxpZ246IGNlbnRlcjsKCWZvbnQtc2l6ZTogMTZweDsKCWZvbnQtd2VpZ2h0OiBib2xkOwogICAgICAgIG1hcmdpbi10b3A6IDYwcHg7CglwYWRkaW5nLXRvcDogMjBweDsKICAgICAgICBwYWRkaW5nLWxlZnQ6IDE1cHg7Cgl9CiNQYWdlICNNYWluVGl0bGUgLkl0ZW1uYW1lIHsKCXRleHQtYWxpZ246IGNlbnRlcjsKCWZvbnQtc2l6ZTogMTRweDsKCWZvbnQtd2VpZ2h0OiAyMDA7CiAgICAgICAgbWFyZ2luLXRvcDogMjBweDsKCXBhZGRpbmctbGVmdDogMTVweDsKfQoKPC9zdHlsZT4KCjxkaXY+PC9kaXY+Cgo8dGFibGUgYm9yZGVyPSIwIj4KPHRyPgo8dGQ+PEltZyBTcmM9Imh0dHA6Ly9pbWFnZS5yYWt1dGVuLmNvLmpwL2ZpdGhvdXNlL2NhYmluZXQvMDM0Mzk5MTUvaW1nNTkyMDkxOTguanBnIndpZHRoPSI2NTAiIGhlaWdodD0iMTEwMCI+PC90ZD4KPC90cj4KPC90YWJsZT4KPHRhYmxlIGJvcmRlcj0iMCIgaWQ9ImJyYW5kQm5yIj4KPC90YWJsZT4KCjxicj4KCjxkaXYgc3R5bGU9ImJhY2tncm91bmQ6dXJsKGh0dHA6Ly9pbWFnZS5yYWt1dGVuLmNvLmpwL2ZpdGhvdXNlL2NhYmluZXQvMDUzNDk0MDYvZ29vZGFfYmcuanBnKSBuby1yZXBlYXQ7IHdpZHRoOjc3MHB4OyBoZWlnaHQ6MTIwMHB4OyI+Cgo8aW1nIHNyYz0iaHR0cDovL2V2ZW50LnJha3V0ZW4uY28uanAvZ29vZGEvYm4vMjAxMzEwMTUvMjAwXzI2MF90LmpwZyIgYWx0PSJHT09EQSIgd2lkdGg9IjE4MCIgYm9yZGVyPSIwIj4KCjx0YWJsZSBjZWxscGFkZGluZz0iMCIgY2VsbHNwYWNpbmc9IjAiIHN0eWxlPSJmb250LXNpemU6IDE1cHg7IG1hcmdpbi10b3A6IDc2cHg7IGNvbG9yOiAjNzAyMDE3OyI+Cjx0ciB2YWxpZ249InRvcCI+Cjx0ZCB3aWR0aD0iMjAiPiZuYnNwOyA8L3RkPgo8dGQgd2lkdGg9IjIzMCI+CjxpbWcgc3JjPSJodHRwOi8vaW1hZ2UucmFrdXRlbi5jby5qcC9maXRob3VzZS9jYWJpbmV0LzA1MzQ5NDA2L2dvb2RhX3RodW1iMDEuanBnIiBzdHlsZT0ibWFyZ2luLWJvdHRvbTogMTBweDsiIC8+PGJyIC8+VGlmZmFueSZhbXA7IENvLjxiciAvPgrjg4DjgqTjg6Tjg6Ljg7Pjg4njg5DjgqTjgrbjg7zjg4k8YnIgLz4K44Oa44Oz44OA44Oz44OICjwvdGQ+Cjx0ZCB3aWR0aD0iMjAiPiZuYnNwOyA8L3RkPgo8dGQgd2lkdGg9IjIzMCI+CjxpbWcgc3JjPSJodHRwOi8vaW1hZ2UucmFrdXRlbi5jby5qcC9maXRob3VzZS9jYWJpbmV0LzA1MzQ5NDA2L2dvb2RhX3RodW1iMDJhLmpwZyIgc3R5bGU9Im1hcmdpbi1ib3R0b206IDEwcHg7IiAvPjxiciAvPlRpZmZhbnkgJmFtcDsgQ28uPGJyIC8+CuODmuODs+ODgOODs+ODiCAy44OP44O844OI44K/44KwPGJyIC8+CuODluODq+ODvOOCqOODiuODoeODqwo8L3RkPgo8dGQgd2lkdGg9IjIwIj4mbmJzcDsgPC90ZD4KPHRkIHdpZHRoPSIyMzAiPgo8aW1nIHNyYz0iaHR0cDovL2ltYWdlLnJha3V0ZW4uY28uanAvZml0aG91c2UvY2FiaW5ldC8wNTM0OTQwNi9nb29kYV90aHVtYjAzYS5qcGciIHN0eWxlPSJtYXJnaW4tYm90dG9tOiAxMHB4OyIgLz48YnIgLz5UaWZmYW55ICZhbXA7IENvLjxiciAvPgrjgqvjg6njg7zjg5DjgqTjgrbjg6Tjg7zjg4k8YnIgLz4K44Ki44Kv44Ki44Oe44Oq44OzCjwvdGQ+Cjx0ZCB3aWR0aD0iMjAiPiZuYnNwOyA8L3RkPgo8L3RyPgo8dHI+Cjx0ZCBjb2xzcGFuPSI3IiBoZWlnaHQ9IjEwIj48L3RkPgo8L3RyPgo8dHIgdmFsaWduPSJ0b3AiPgo8dGQgd2lkdGg9IjIwIj4mbmJzcDsgPC90ZD4KPHRkIHdpZHRoPSIyMzAiPgo8aW1nIHNyYz0iaHR0cDovL2ltYWdlLnJha3V0ZW4uY28uanAvZml0aG91c2UvY2FiaW5ldC8wNTM0OTQwNi9nb29kYV90aHVtYjA0YS5qcGciIHN0eWxlPSJtYXJnaW4tYm90dG9tOiAxMHB4OyIgLz48YnIgLz5UaWZmYW55ICZhbXA7IENvLjxiciAvPgrjg6njg5Pjg7PjgrDjg4/jg7zjg4g8YnIgLz4K44Of44OL44Oa44Oz44OA44Oz44OICjwvdGQ+Cjx0ZCB3aWR0aD0iMjAiPiZuYnNwOyA8L3RkPgo8dGQgd2lkdGg9IjIzMCI+CjxpbWcgc3JjPSJodHRwOi8vaW1hZ2UucmFrdXRlbi5jby5qcC9maXRob3VzZS9jYWJpbmV0LzA1MzQ5NDA2L2dvb2RhX3RodW1iMDVhLmpwZyIgc3R5bGU9Im1hcmdpbi1ib3R0b206IDEwcHg7IiAvPjxiciAvPlRpZmZhbnkgJmFtcDsgQ28uPGJyIC8+CuOCquODvOODl+ODs+ODj+ODvOODiDxiciAvPgrjg5rjg7Pjg4Djg7Pjg4htaW5pCjx0ZCB3aWR0aD0iMjAiPiZuYnNwOyA8L3RkPgo8dGQgd2lkdGg9IjIzMCI+CjxpbWcgc3JjPSJodHRwOi8vaW1hZ2UucmFrdXRlbi5jby5qcC9maXRob3VzZS9jYWJpbmV0LzA1MzQ5NDA2L2dvb2RhX3RodW1iMDZhLmpwZyIgc3R5bGU9Im1hcmdpbi1ib3R0b206IDEwcHg7IiAvPjxiciAvPlRpZmZhbnkgJmFtcDsgQ28uPGJyIC8+CuODjeODg+OCr+ODrOOCueOAjFJVQkVET+OAjTxiciAvPgoxODM344Kk44Oz44K/44O844Ot44OD44Kt44Oz44KwCjwvdGQ+Cjx0ZCB3aWR0aD0iMjAiPiZuYnNwOyA8L3RkPgo8L3RyPgo8L3RhYmxlPgoKPC9kaXY+Cgo8YnI+Cgo8IS0tR29RU3lzdGVt44Op44Oz44Kt44Oz44Kw6Ieq5YuV5pu05paw44OE44O844Or44Ov44Kk44OJLS0+Cjx0YWJsZSBhbGlnbj0iY2VudGVyIiB3aWR0aD0iNjUwIiBib3JkZXI9IjAiIGNlbGxwYWRkaW5nPSIwIiBjZWxsc3BhY2luZz0iMCIgYmdjb2xvcj0iI0ZGRkZGRiI+Cjx0cj4KPHRkPgo8dGFibGUgYWxpZ249ImNlbnRlciIgd2lkdGg9IjY0NSIgYm9yZGVyPSIwIiBjZWxscGFkZGluZz0iMCIgY2VsbHNwYWNpbmc9IjAiIGJnY29sb3I9IiNGRkZGRkYiPgo8dHI+Cjx0ZCBhbGlnbj0iY2VudGVyIiB2YWxpZ249ImJvdHRvbSIgYmdjb2xvcj0iI2NjY2NjYyI+PGltZyBzcmM9Imh0dHA6Ly93d3cucmFrdXRlbi5uZS5qcC9nb2xkL2ZpdGhvdXNlL2dvcXN5c3RlbS82MDByYW5raW5ndGl0ZWwwMS5naWYiIHdpZHRoPSI2NDUiIC8+PC90ZD4KPC90cj4KPC90YWJsZT4KPHRhYmxlIGFsaWduPSJjZW50ZXIiIHdpZHRoPSI2MzgiIGJvcmRlcj0iMCIgY2VsbHBhZGRpbmc9IjAiIGNlbGxzcGFjaW5nPSIwIiBiZ2NvbG9yPSIjQ0NDQ0NDIiBzdHlsZT0iYm9yZGVyLWxlZnQ6c29saWQ7Ym9yZGVyLWxlZnQtd2lkdGg6MXB4O2JvcmRlci1yaWdodDpzb2xpZDtib3JkZXItcmlnaHQtd2lkdGg6MXB4O2JvcmRlci1ib3R0b206c29saWQ7Ym9yZGVyLWJvdHRvbS13aWR0aDoxcHg7Ym9yZGVyLWNvbG9yOiNDQ0NDQ0M7Ij4KPHRyPgo8dGQgYWxpZ249ImNlbnRlciIgYmdjb2xvcj0iI0ZGRkZGRiI+CjxkaXYgY2xhc3M9Imlmcm0tY29udGFpbmVyIiBzdHlsZT0id2lkdGg6NjM4cHg7aGVpZ2h0OjQ2MHB4O292ZXJmbG93OmF1dG87LXdlYmtpdC1vdmVyZmxvdy1zY3JvbGxpbmc6dG91Y2g7Ij4KCjwvZGl2Pgo8L3RkPgo8L3RyPgo8dHI+Cjx0ZCBhbGlnbj0icmlnaHQiIGJnY29sb3I9IiNGRkZGRkYiIHN0eWxlPSJwYWRkaW5nOjJweDsiPgo8L3RkPgo8L3RyPgo8L3RhYmxlPgo8L3RkPgo8L3RyPgo8L3RhYmxlPgo8IS0tR29RU3lzdGVt44Op44Oz44Kt44Oz44Kw6Ieq5YuV5pu05paw44OE44O844Or44Ov44Kk44OJLS0+,44OX44Oq44Oe44Kv44Op44OD44K744CQUFJJTUEgQ0xBU1NF44CR6LKh5biDIOaKmOOCiuiyoeW4gyBXMTAzIDkwMDAgMDAxMCDjg6bjg4vjgrvjg4Pjgq/jgrkg44OZ44O844K444Ol77yP44Kz44Oz44OT77yaRklUIEhPVVNF,44OX44Oq44Oe44Kv44Op44OD44K744CQUFJJTUEgQ0xBU1NF44CR6LKh5biDIOaKmOOCiuiyoeW4gyBXMTAzIDkwMDAgMDAxMCDjg6bjg4vjgrvjg4Pjgq/jgrkg44OZ44O844K444Ol77yP44Kz44Oz44OT,5paw5ZOBL+ODl+ODquODnuOCr+ODqeODg+OCuy/osqHluIMv5oqY44KK6LKh5biDL+ODpuODi+OCu+ODg+OCr+OCuS/kuKbooYzovLjlhaXlk4HjgILjg5fjg6rjg57jgq/jg6njg4PjgrvjgJBQUklNQSBDTEFTU0XjgJHosqHluIMg5oqY44KK6LKh5biDIFcxMDMgOTAwMCAwMDEwIOODpuODi+OCu+ODg+OCr+OCuSDjg5njg7zjgrjjg6XvvI/jgrPjg7Pjg5M=[rn]
39-76414,aHR0cDovL3RzaG9wLnIxMHMuanAvZml0aG91c2UvY2FiaW5ldC8wNDg3Mjc3NC82OTMzMjY2NTY5MDEuanBnP2ZpdGluPTcwMDo3MDA=,MTEwNTkuMjAwMA==,,44OQ44OD44Kw44O75bCP54mp44O744OW44Op44Oz44OJ6ZuR6LKoID4g6LKh5biD44O744Kx44O844K5ID4g44Os44OH44Kj44O844K56LKh5biD,44Kz44O844OB44CA44Ki44Km44OI44Os44OD44OI44CQQ09BQ0ggT1VUTEVU44CR6LKh5biDIOOCt+OCsOODjeODgeODo+ODvOOCueODouODvOODq+aKmOOCiuiyoeW4gyBGNTM4MzcgSU1BQTgg44Om44OL44K744OD44Kv44K544CA44OA44O844Kv44OW44Op44Km44Oz77yP44OW44Op44OD44Kv,5paw5ZOBL+aKmOiyoeW4gy/jgrPjg7zjg4HjgqLjgqbjg4jjg6zjg4Pjg4gvQ09BQ0ggT1VUTEVU,PFRBQkxFIFdJRFRIPSI0MzAiIGJnY29sb3I9IiNjMGMwYzAiIGJvcmRlcj0iMCIgY2VsbHBhZGRpbmc9IjUiIGNlbGxzcGFjaW5nPSIxIiBzdHlsZT0iZm9udC1zaXplOjEzcHg7Y29sb3I6IzAwMDAwMDtsZXR0ZXItc3BhY2luZzowcHg7dGFibGUtbGF5b3V0OmluaGVyaXQ7d2lkdGg6NDMwIj4KPFRCT0RZPgo8VFIgYmdjb2xvcj0iI0ZGQ0NDQyI+CjxURD48U1BBTiBjbGFzcz1kPjxmb250IGZhY2U9IlZlcmRhbmEiPkNPTU1FTlQ8L2ZvbnQ+PC9TUEFOPjwvVEQ+CjwvVFI+CjxUUiBiZ0NvbG9yPSNmZmZmZmY+CjxURD4K4piFMjAxNuW5tOaYpeWkj+ODouODh+ODq+KYhTxicj4K5a6a55Wq44K344Kw44ON44OB44Oj44O85p+E44Gu5Lq65rCX44K344Oq44O844K677yB77yBPGJyPgpQVkPjgrPjg7zjg4bjgqPjg7PjgrDjgq3jg6Pjg7Pjg5Djgrnjga7jgrfjgrDjg43jg4Hjg6Pjg7zmn4TjgajjgIEK44Os44K244O844Go44OV44Ot44Oz44OI44Gu44Ot44K044Oe44O844Kv44GM44Ko44Os44Ks44Oz44OI44Gq5LiJ44Gk5oqY44KK6LKh5biD44GM55m75aC04piFPGJyPgrou73ph4/jgafkvb/jgYTmmJPjgY/jgrPjg7Pjg5Hjgq/jg4jjgarjg5Xjgqnjg6vjg6Djgarjga7jgavlj47ntI3lipvjga/mipznvqQhITxicj4K55S35aWz5YW855So44Gn44GU5oSb55So44GX44Gm6aCC44GR44KL44OH44K244Kk44Oz44Gq44Gu44Gn44CB44Ku44OV44OI44Gr44KC44OU44OD44K/44Oq4pmqPGJyPjxicj4KPGZvbnQgY29sb3I9IiNmZjAwMDAiPgrigLvjgZPjgaHjgonjga7llYblk4Hjga/jgrPjg7zjg4HmnKzloLTjgqLjg6Hjg6rjgqvjgavjgYrjgYTjgabosqnlo7LjgZXjgozjgabjgYTjgovjgqLjgqbjg4jjg6zjg4Pjg4jllYblk4HjgafjgZnjgII8YnI+CuOCouOCpuODiOODrOODg+ODiOWVhuWTgeOBr+OAgeebtOWWtuW6l+OBruebtOiyqeW6l+OBp+iyqeWjsuOBleOCjOOBpuOBhOOCi+WVhuWTgeOBruS4reOBpwrlsJHjgZfnmbrlo7LmmYLmnJ/jgpLpgY7jgY7jgabjgZfjgb7jgaPjgZ/llYblk4HjgYzlronkvqHjgafnm7TllrblupfjgYvjgonlm57jgaPjgabjgY/jgovjgoLjga7jgoTjgIEK44Ki44Km44OI44Os44OD44OI55So44Gr55Sf55Sj44GV44KM44Gf5ZWG5ZOB44Gn44GC44KK44CB5Lit5Y+k44Gn44Gv44Gq44GP5YWo44GP44Gu5paw5ZOB5pyq5L2/55So5ZOB44Gn44GZ44CCPGJyPgrjgb7jgZ/jgIHku5jlsZ7lk4HjgoLku5jjgY3jgb7jgZvjgpPjga7jgafkuojjgoHjgZTkuobmib/kuIvjgZXjgYTjgII8L2ZvbnQ+CjwvVEQ+CjwvVFI+CjwvVEJPRFk+CjwvVEFCTEU+CjxCUj4KPFRBQkxFIFdJRFRIPSI0MzAiIGJnY29sb3I9IiNjMGMwYzAiIGJvcmRlcj0iMCIgY2VsbHBhZGRpbmc9IjUiIGNlbGxzcGFjaW5nPSIxIiBzdHlsZT0iZm9udC1zaXplOjEzcHg7Y29sb3I6IzAwMDAwMDtsZXR0ZXItc3BhY2luZzowcHg7dGFibGUtbGF5b3V0OmluaGVyaXQ7d2lkdGg6NDMwIj4KPFRCT0RZPgo8VFIgYmdjb2xvcj0iI0ZGQ0NDQyI+CjxURCBjb2xzcGFuPSIyIj48Zm9udCBmYWNlPSJWZXJkYW5hIj5ERVRBSUw8L0ZPTlQ+CjwvVEQ+CjwvVFI+CjxUUj4KPFREIGJnY29sb3I9IiNGRkU0RTEiIHZhbGlnbj0idG9wIj7jgrXjgqTjgro8L1REPgo8VEQgYmdDb2xvcj0jZmZmZmZmPuOCv+ODhue0hDk1bW3jgIDjg6jjgrPntIQxMDVtbTwvVEQ+CjwvVFI+CjxUUj4KPFREIGJnY29sb3I9IiNGRkU0RTEiIHZhbGlnbj0idG9wIj7ntKDmnZA8L1REPgo8VEQgYmdDb2xvcj0jZmZmZmZmPlBWQ+OCs+ODvOODhuOCo+ODs+OCsOOCreODo+ODs+ODkOOCue+8j+ODrOOCtuODvAo8L1REPgo8L1RSPgo8VFI+CjxURCBiZ2NvbG9yPSIjRkZFNEUxIiB2YWxpZ249InRvcCI+5LuV5qeYPC9URD4KPFREIGJnQ29sb3I9I2ZmZmZmZj7mnK3lhaXjgozDlzHjgIDlsI/piq3lhaXjgozDlzHjgIDjgqvjg7zjg4nlhaXjgozDlzjjgIDjgZ3jga7ku5bjg53jgrHjg4Pjg4jDlzMKPC9URD4KPC9UUj4KPFRSPgo8VEQgYmdjb2xvcj0iI0ZGRTRFMSIgdmFsaWduPSJ0b3AiPuS7mOWxnuWTgTwvVEQ+CjxURCBiZ0NvbG9yPSNmZmZmZmY+44Gq44GXPC9URD4KPC9UUj4KCjwvVEJPRFk+CjwvVEFCTEU+CjxCUj48c3R5bGUgdHlwZT0idGV4dC9jc3MiPgo8IS0tCnNwYW4uaXRlbV9uYW1lIHsKZGlzcGxheTpibG9jazsKbWFyZ2luOjA7CndpZHRoOjQwMHB4Oy8q5ZWG5ZOB5ZCN44Gu44Ko44Oq44Ki44Gu5bmF44KS5oyH5a6aKi8KbGluZS1oZWlnaHQ6MTMwJTsvKuihjOmWk+OCkuepuuOBkeOCi+aMh+WumiovCnBhZGRpbmc6IDRweCAwcHggNHB4IDVweDsvKuS9meeZveOBruiqv+aVtCovCmJvcmRlci1sZWZ0OiBzb2xpZCA1cHggI0YwODA4MDsvKuWVhuWTgeWQjeOBruW3puWBtOOBq+i1pOOBhOe3muOCkuW8leOBjyovCmJvcmRlci1ib3R0b206IGRvdHRlZCAxcHggIzk5OTsvKuWVhuWTgeWQjeOBruS4i+OBq+OCsOODrOODvOOBrueCuee3miovCn0KCnNwYW4uY2F0Y2hfY29weSB7CmRpc3BsYXk6YmxvY2s7CnBhZGRpbmc6IDRweCAwcHggNHB4IDBweDsKZm9udC1zaXplOjEycHg7CndpZHRoOjQwMHB4Owp9Cgp0ZC5zZHRleHQgYSB7CmNvbG9yOiM2NjY2NjY7CmZvbnQtc2l6ZToxMXB4Owp9CgpzcGFuLmludmVudG9yeV9jaG9pY2VfbmFtZSB7IGNvbG9yOiAjMDAwMDAwOyBmb250LXNpemU6IDgwJTt9CnRkLmludmVudG9yeV9jaG9pY2VfbmFtZSB7IGJhY2tncm91bmQtY29sb3I6ICNGRkNDQ0M7fQp0ZC5pbnZlbnRvcnkgZm9udHtmb250LXNpemU6MTBweDtjb2xvcjojNjY2NjY2O30KdGQuaW52ZW50b3J5e3dvcmQtd3JhcDpicmVhay13b3JkO3dpZHRoOjQwcHg7fQoKLS0+CgovKioq44CM5YCL5pWw44CN6YOo5YiGKioqLwppbnB1dCN1bml0c3sKYmFja2dyb3VuZDogbm9uZSAhaW1wb3J0YW50Owpib3JkZXI6IHNvbGlkIDFweCAjMDAwOwp3aWR0aDogMzBweDsKaGVpZ2h0OiAzMHB4OwpjdXJzb3I6IGF1dG87CnRleHQtaW5kZW50OiAwcHg7Cm92ZXJmbG93OiBoaWRkZW47CnRleHQtYWxpZ246Y2VudGVyOwp9CgovKuOCteOCpOOCuiovCi5pbnZlbnRvcnkgaW5wdXQgewpiYWNrZ3JvdW5kOiBub25lICFpbXBvcnRhbnQ7CnRleHQtaW5kZW50OiAwcHg7CndpZHRoOiAxNXB4OwpoZWlnaHQ6IDE1cHg7Cm1hcmdpbjo3cHggMDsKfSAKLyoqKuOBiuawl+OBq+WFpeOCiuWVhuWTgSoqKi8KI3Jha3V0ZW5MaW1pdGVkSWRfYXJvdW5kQ2FydCBkaXYuYm9va21hcmtBcmVhIGRpdi5ia20gewp3aWR0aDogMzUwcHggIWltcG9ydGFudDsKaGVpZ2h0OiAzMjlweCAhaW1wb3J0YW50OwpwYWRkaW5nOiAwcHggMHB4ICFpbXBvcnRhbnQ7CnBhZGRpbmctYm90dG9tOiAwcHggIWltcG9ydGFudDsKfQoKI3Jha3V0ZW5MaW1pdGVkSWRfYXJvdW5kQ2FydCBkaXYuYm9va21hcmtBcmVhIGRpdi5ia20gYS5hZGRCa20gc3Bhbi5ia21TdGFyIHsKICAgIGJhY2tncm91bmQ6IHVybCgiaHR0cDovL3d3dy5yYWt1dGVuLm5lLmpwL2dvbGQvZml0aG91c2UvY29udGVudHMvaW1nL29raW5paXJpX2l0ZW0uanBnIikgbm8tcmVwZWF0IHNjcm9sbCAwIDAgcmdiYSgwLCAwLCAwLCAwKSAhaW1wb3J0YW50OwogICAgY3Vyc29yOiBwb2ludGVyICFpbXBvcnRhbnQ7CiAgICBkaXNwbGF5OiBpbmxpbmUtYmxvY2sgIWltcG9ydGFudDsKICAgIGhlaWdodDogMzI5cHggIWltcG9ydGFudDsKICAgIG1hcmdpbjogMCAwIDEwcHggIWltcG9ydGFudDsKICAgIHdpZHRoOiAzNTBweCAhaW1wb3J0YW50Owp9CgovKioq44GK5rCX44Gr5YWl44KK44K344On44OD44OXKioqLwojcmFrdXRlbkxpbWl0ZWRJZF9hcm91bmRDYXJ0IGRpdi5zaG9wQm9va21hcmtBcmVhIGRpdi5zaG9wQmttIHsKd2lkdGg6IDM1MHB4ICFpbXBvcnRhbnQ7CmhlaWdodDogNTBweCAhaW1wb3J0YW50OwpwYWRkaW5nOiAwcHggMHB4ICFpbXBvcnRhbnQ7CnBhZGRpbmctbGVmdDogMHB4ICFpbXBvcnRhbnQ7Cn0KCiNyYWt1dGVuTGltaXRlZElkX2Fyb3VuZENhcnQgZGl2LnNob3BCb29rbWFya0FyZWEgZGl2LnNob3BCa20gYS5hZGRTaG9wQmttIHNwYW4uc2hvcEJrbVN0YXIgewpkaXNwbGF5OiBpbmxpbmUtYmxvY2sgIWltcG9ydGFudDsKd2lkdGg6IDM1MHB4ICFpbXBvcnRhbnQ7CmhlaWdodDogNTBweCAhaW1wb3J0YW50OwptYXJnaW4tcmlnaHQ6IDBweCAhaW1wb3J0YW50OwpiYWNrZ3JvdW5kOiB1cmwoImh0dHA6Ly93d3cucmFrdXRlbi5uZS5qcC9nb2xkL2ZpdGhvdXNlL2NvbnRlbnRzL2ltZy9va2luaWlyaV9zaG9wMS5qcGciKSBuby1yZXBlYXQgIWltcG9ydGFudDsKfQovKioq44CM5qW95aSp5qSc57Si5LiL6YOo5YiG44CNKioqLwpkaXYjSGVhZGVyS2V5d29yZCB7Cglwb3NpdGlvbjphYnNvbHV0ZTsKCXRvcDo1MHB4Oy8q5LiA55Wq5LiK44GL44KJ44Gu5L2N572uKi8KCWxlZnQ6MzBweDsvKuW3puerr+OBi+OCieOBruS9jee9riovCn0KCmRpdiNIZWFkZXJLZXl3b3JkIHNwYW4gewoJYmFja2dyb3VuZDogI2JmMDAwMDsKCWNvbG9yOiNmZmY7Cglmb250LXdlaWdodDpib2xkOwoJcGFkZGluZzoycHggNXB4Owp9CgpkaXYjSGVhZGVyS2V5d29yZCBhIHsKCWNvbG9yOiMwMDQ0Q0M7Cn0KI1BhZ2UgI01haW5UaXRsZSB7CgltYXJnaW4tdG9wOiAxMHB4OwoJd2lkdGg6IDcwMHB4OwogICAgICAgIGhlaWdodDogMzAwcHg7Cglib3JkZXI6ICNERkM0OTEgMXB4IHNvbGlkOwoJYmFja2dyb3VuZC1pbWFnZTogdXJsKGh0dHA6Ly9pbWFnZS5yYWt1dGVuLmNvLmpwL2ZpdGhvdXNlL2NhYmluZXQvMDQ2NTEyNjUvYmFja2ltZzIuanBnKTsKCWJhY2tncm91bmQtcG9zaXRpb246IHRvcDsKCWJhY2tncm91bmQtcmVwZWF0OiByZXBlYXQ7Cn0KI1BhZ2UgI01haW5UaXRsZSAuTWFpbkltZyB7CgltYXJnaW46IDBweDsKCWJvcmRlcjogMHB4OyAKCXBhZGRpbmc6IDBweDsgCglmb250LXNpemU6IDBweDsKCXdpZHRoOiA0MDBweDsKICAgICAgICBoZWlnaHQ6MzAwcHg7CglmbG9hdDogbGVmdDsKfQojUGFnZSAjTWFpblRpdGxlIC5CcmFuZE5hbWUgewoJdGV4dC1hbGlnbjogY2VudGVyOwoJZm9udC1zaXplOiAxNnB4OwoJZm9udC13ZWlnaHQ6IGJvbGQ7CiAgICAgICAgbWFyZ2luLXRvcDogNjBweDsKCXBhZGRpbmctdG9wOiAyMHB4OwogICAgICAgIHBhZGRpbmctbGVmdDogMTVweDsKCX0KI1BhZ2UgI01haW5UaXRsZSAuSXRlbW5hbWUgewoJdGV4dC1hbGlnbjogY2VudGVyOwoJZm9udC1zaXplOiAxNHB4OwoJZm9udC13ZWlnaHQ6IDIwMDsKICAgICAgICBtYXJnaW4tdG9wOiAyMHB4OwoJcGFkZGluZy1sZWZ0OiAxNXB4Owp9Cgo8L3N0eWxlPgoKPGRpdj48L2Rpdj4KCjx0YWJsZSBib3JkZXI9IjAiPgo8dHI+Cjx0ZD48SW1nIFNyYz0iaHR0cDovL2ltYWdlLnJha3V0ZW4uY28uanAvZml0aG91c2UvY2FiaW5ldC8wMzQzOTkxNS9pbWc1OTIwOTE5OC5qcGcid2lkdGg9IjY1MCIgaGVpZ2h0PSIxMTAwIj48L3RkPgo8L3RyPgo8L3RhYmxlPgo8dGFibGUgYm9yZGVyPSIwIiBpZD0iYnJhbmRCbnIiPgo8L3RhYmxlPgoKPGJyPgoKPGRpdiBzdHlsZT0iYmFja2dyb3VuZDp1cmwoaHR0cDovL2ltYWdlLnJha3V0ZW4uY28uanAvZml0aG91c2UvY2FiaW5ldC8wNTM0OTQwNi9nb29kYV9iZy5qcGcpIG5vLXJlcGVhdDsgd2lkdGg6NzcwcHg7IGhlaWdodDoxMjAwcHg7Ij4KCjxpbWcgc3JjPSJodHRwOi8vZXZlbnQucmFrdXRlbi5jby5qcC9nb29kYS9ibi8yMDEzMTAxNS8yMDBfMjYwX3QuanBnIiBhbHQ9IkdPT0RBIiB3aWR0aD0iMTgwIiBib3JkZXI9IjAiPgoKPHRhYmxlIGNlbGxwYWRkaW5nPSIwIiBjZWxsc3BhY2luZz0iMCIgc3R5bGU9ImZvbnQtc2l6ZTogMTVweDsgbWFyZ2luLXRvcDogNzZweDsgY29sb3I6ICM3MDIwMTc7Ij4KPHRyIHZhbGlnbj0idG9wIj4KPHRkIHdpZHRoPSIyMCI+Jm5ic3A7IDwvdGQ+Cjx0ZCB3aWR0aD0iMjMwIj4KPGltZyBzcmM9Imh0dHA6Ly9pbWFnZS5yYWt1dGVuLmNvLmpwL2ZpdGhvdXNlL2NhYmluZXQvMDUzNDk0MDYvZ29vZGFfdGh1bWIwMS5qcGciIHN0eWxlPSJtYXJnaW4tYm90dG9tOiAxMHB4OyIgLz48YnIgLz5UaWZmYW55JmFtcDsgQ28uPGJyIC8+CuODgOOCpOODpOODouODs+ODieODkOOCpOOCtuODvOODiTxiciAvPgrjg5rjg7Pjg4Djg7Pjg4gKPC90ZD4KPHRkIHdpZHRoPSIyMCI+Jm5ic3A7IDwvdGQ+Cjx0ZCB3aWR0aD0iMjMwIj4KPGltZyBzcmM9Imh0dHA6Ly9pbWFnZS5yYWt1dGVuLmNvLmpwL2ZpdGhvdXNlL2NhYmluZXQvMDUzNDk0MDYvZ29vZGFfdGh1bWIwMmEuanBnIiBzdHlsZT0ibWFyZ2luLWJvdHRvbTogMTBweDsiIC8+PGJyIC8+VGlmZmFueSAmYW1wOyBDby48YnIgLz4K44Oa44Oz44OA44Oz44OIIDLjg4/jg7zjg4jjgr/jgrA8YnIgLz4K44OW44Or44O844Ko44OK44Oh44OrCjwvdGQ+Cjx0ZCB3aWR0aD0iMjAiPiZuYnNwOyA8L3RkPgo8dGQgd2lkdGg9IjIzMCI+CjxpbWcgc3JjPSJodHRwOi8vaW1hZ2UucmFrdXRlbi5jby5qcC9maXRob3VzZS9jYWJpbmV0LzA1MzQ5NDA2L2dvb2RhX3RodW1iMDNhLmpwZyIgc3R5bGU9Im1hcmdpbi1ib3R0b206IDEwcHg7IiAvPjxiciAvPlRpZmZhbnkgJmFtcDsgQ28uPGJyIC8+CuOCq+ODqeODvOODkOOCpOOCtuODpOODvOODiTxiciAvPgrjgqLjgq/jgqLjg57jg6rjg7MKPC90ZD4KPHRkIHdpZHRoPSIyMCI+Jm5ic3A7IDwvdGQ+CjwvdHI+Cjx0cj4KPHRkIGNvbHNwYW49IjciIGhlaWdodD0iMTAiPjwvdGQ+CjwvdHI+Cjx0ciB2YWxpZ249InRvcCI+Cjx0ZCB3aWR0aD0iMjAiPiZuYnNwOyA8L3RkPgo8dGQgd2lkdGg9IjIzMCI+CjxpbWcgc3JjPSJodHRwOi8vaW1hZ2UucmFrdXRlbi5jby5qcC9maXRob3VzZS9jYWJpbmV0LzA1MzQ5NDA2L2dvb2RhX3RodW1iMDRhLmpwZyIgc3R5bGU9Im1hcmdpbi1ib3R0b206IDEwcHg7IiAvPjxiciAvPlRpZmZhbnkgJmFtcDsgQ28uPGJyIC8+CuODqeODk+ODs+OCsOODj+ODvOODiDxiciAvPgrjg5/jg4vjg5rjg7Pjg4Djg7Pjg4gKPC90ZD4KPHRkIHdpZHRoPSIyMCI+Jm5ic3A7IDwvdGQ+Cjx0ZCB3aWR0aD0iMjMwIj4KPGltZyBzcmM9Imh0dHA6Ly9pbWFnZS5yYWt1dGVuLmNvLmpwL2ZpdGhvdXNlL2NhYmluZXQvMDUzNDk0MDYvZ29vZGFfdGh1bWIwNWEuanBnIiBzdHlsZT0ibWFyZ2luLWJvdHRvbTogMTBweDsiIC8+PGJyIC8+VGlmZmFueSAmYW1wOyBDby48YnIgLz4K44Kq44O844OX44Oz44OP44O844OIPGJyIC8+CuODmuODs+ODgOODs+ODiG1pbmkKPHRkIHdpZHRoPSIyMCI+Jm5ic3A7IDwvdGQ+Cjx0ZCB3aWR0aD0iMjMwIj4KPGltZyBzcmM9Imh0dHA6Ly9pbWFnZS5yYWt1dGVuLmNvLmpwL2ZpdGhvdXNlL2NhYmluZXQvMDUzNDk0MDYvZ29vZGFfdGh1bWIwNmEuanBnIiBzdHlsZT0ibWFyZ2luLWJvdHRvbTogMTBweDsiIC8+PGJyIC8+VGlmZmFueSAmYW1wOyBDby48YnIgLz4K44ON44OD44Kv44Os44K544CMUlVCRURP44CNPGJyIC8+CjE4MzfjgqTjg7Pjgr/jg7zjg63jg4Pjgq3jg7PjgrAKPC90ZD4KPHRkIHdpZHRoPSIyMCI+Jm5ic3A7IDwvdGQ+CjwvdHI+CjwvdGFibGU+Cgo8L2Rpdj4KCjxicj4KCjwhLS1Hb1FTeXN0ZW3jg6njg7Pjgq3jg7PjgrDoh6rli5Xmm7TmlrDjg4Tjg7zjg6vjg6/jgqTjg4ktLT4KPHRhYmxlIGFsaWduPSJjZW50ZXIiIHdpZHRoPSI2NTAiIGJvcmRlcj0iMCIgY2VsbHBhZGRpbmc9IjAiIGNlbGxzcGFjaW5nPSIwIiBiZ2NvbG9yPSIjRkZGRkZGIj4KPHRyPgo8dGQ+Cjx0YWJsZSBhbGlnbj0iY2VudGVyIiB3aWR0aD0iNjQ1IiBib3JkZXI9IjAiIGNlbGxwYWRkaW5nPSIwIiBjZWxsc3BhY2luZz0iMCIgYmdjb2xvcj0iI0ZGRkZGRiI+Cjx0cj4KPHRkIGFsaWduPSJjZW50ZXIiIHZhbGlnbj0iYm90dG9tIiBiZ2NvbG9yPSIjY2NjY2NjIj48aW1nIHNyYz0iaHR0cDovL3d3dy5yYWt1dGVuLm5lLmpwL2dvbGQvZml0aG91c2UvZ29xc3lzdGVtLzYwMHJhbmtpbmd0aXRlbDAxLmdpZiIgd2lkdGg9IjY0NSIgLz48L3RkPgo8L3RyPgo8L3RhYmxlPgo8dGFibGUgYWxpZ249ImNlbnRlciIgd2lkdGg9IjYzOCIgYm9yZGVyPSIwIiBjZWxscGFkZGluZz0iMCIgY2VsbHNwYWNpbmc9IjAiIGJnY29sb3I9IiNDQ0NDQ0MiIHN0eWxlPSJib3JkZXItbGVmdDpzb2xpZDtib3JkZXItbGVmdC13aWR0aDoxcHg7Ym9yZGVyLXJpZ2h0OnNvbGlkO2JvcmRlci1yaWdodC13aWR0aDoxcHg7Ym9yZGVyLWJvdHRvbTpzb2xpZDtib3JkZXItYm90dG9tLXdpZHRoOjFweDtib3JkZXItY29sb3I6I0NDQ0NDQzsiPgo8dHI+Cjx0ZCBhbGlnbj0iY2VudGVyIiBiZ2NvbG9yPSIjRkZGRkZGIj4KPGRpdiBjbGFzcz0iaWZybS1jb250YWluZXIiIHN0eWxlPSJ3aWR0aDo2MzhweDtoZWlnaHQ6NDYwcHg7b3ZlcmZsb3c6YXV0bzstd2Via2l0LW92ZXJmbG93LXNjcm9sbGluZzp0b3VjaDsiPgoKPC9kaXY+CjwvdGQ+CjwvdHI+Cjx0cj4KPHRkIGFsaWduPSJyaWdodCIgYmdjb2xvcj0iI0ZGRkZGRiIgc3R5bGU9InBhZGRpbmc6MnB4OyI+CjwvdGQ+CjwvdHI+CjwvdGFibGU+CjwvdGQ+CjwvdHI+CjwvdGFibGU+CjwhLS1Hb1FTeXN0ZW3jg6njg7Pjgq3jg7PjgrDoh6rli5Xmm7TmlrDjg4Tjg7zjg6vjg6/jgqTjg4ktLT4=,44Kz44O844OB44CA44Ki44Km44OI44Os44OD44OI44CQQ09BQ0ggT1VUTEVU44CR6LKh5biDIOOCt+OCsOODjeODgeODo+ODvOOCueODouODvOODq+aKmOOCiuiyoeW4gyBGNTM4MzcgSU1BQTgg44Om44OL44K744OD44Kv44K544CA44OA44O844Kv44OW44Op44Km44Oz77yP44OW44Op44OD44Kv77yaRklUIEhPVVNF,44Kz44O844OB44CA44Ki44Km44OI44Os44OD44OI44CQQ09BQ0ggT1VUTEVU44CR6LKh5biDIOOCt+OCsOODjeODgeODo+ODvOOCueODouODvOODq+aKmOOCiuiyoeW4gyBGNTM4MzcgSU1BQTgg44Om44OL44K744OD44Kv44K544CA44OA44O844Kv44OW44Op44Km44Oz77yP44OW44Op44OD44Kv,5paw5ZOBL+aKmOiyoeW4gy/jgrPjg7zjg4HjgqLjgqbjg4jjg6zjg4Pjg4gvQ09BQ0ggT1VUTEVU44CC44Kz44O844OB44CA44Ki44Km44OI44Os44OD44OI44CQQ09BQ0ggT1VUTEVU44CR6LKh5biDIOOCt+OCsOODjeODgeODo+ODvOOCueODouODvOODq+aKmOOCiuiyoeW4gyBGNTM4MzcgSU1BQTgg44Om44OL44K744OD44Kv44K544CA44OA44O844Kv44OW44Op44Km44Oz77yP44OW44Op44OD44Kv[rn]
39-76415,aHR0cDovL3RzaG9wLnIxMHMuanAvZml0aG91c2UvY2FiaW5ldC8wNDM4NTMxMi82ODQwMDcyOTg4MDEuanBnP2ZpdGluPTcwMDo3MDA=,NDQwNjQuMDAwMA==,,44OQ44OD44Kw44O75bCP54mp44O744OW44Op44Oz44OJ6ZuR6LKoID4g6LKh5biD44O744Kx44O844K5ID4g44Os44OH44Kj44O844K56LKh5biD,44OJ44Or44OB44Kn44Ki44Oz44OJ44Ks44OD44OQ44O844OK44CQRE9MQ0UmR0FCQkFOQeOAkeiyoeW4gyDplbfosqHluIMgQlAxNjcyQVAzNTDjgIBEQVVQSElORei/t+W9qeODqeOCpuODs+ODiemVt+iyoeW4gyDjg6Hjg7Pjgrog44Kr44Oi44OV44Op,5paw5ZOBL+mVt+iyoeW4gy/jg4njg6vjg4HjgqcmYW1wO+OCrOODg+ODkOODvOODii/jg6Hjg7Pjgrov,PFRBQkxFIFdJRFRIPSI0MzAiIGJnY29sb3I9IiNjMGMwYzAiIGJvcmRlcj0iMCIgY2VsbHBhZGRpbmc9IjUiIGNlbGxzcGFjaW5nPSIxIiBzdHlsZT0iZm9udC1zaXplOjEzcHg7Y29sb3I6IzAwMDAwMDtsZXR0ZXItc3BhY2luZzowcHg7dGFibGUtbGF5b3V0OmluaGVyaXQ7d2lkdGg6NDMwIj4KPFRCT0RZPgo8VFIgYmdjb2xvcj0iI0ZGQ0NDQyI+CjxURD48U1BBTiBjbGFzcz1kPjxmb250IGZhY2U9IlZlcmRhbmEiPkNPTU1FTlQ8L2ZvbnQ+PC9TUEFOPjwvVEQ+CjwvVFI+CjxUUiBiZ0NvbG9yPSNmZmZmZmY+CjxURD4K44Kk44K/44Oq44Ki44Gu5Luj6KGo55qE44OV44Kh44OD44K344On44Oz44OW44Op44Oz44OJ4piFIAo8YnI+CuOCr+ODvOODqybjg6Ljg4Djg7Pjgarjg4fjgrbjgqTjg7PjgYzprYXlipvnmoTjgarplbfosqHluIPjgafjgZnjgII8YnI+CuWCt+OChOaxmuOCjOOBq+W8t+OBhOWei+aKvOOBl+ODrOOCtuODvOe0oOadkOOAguS9v+OBhOOChOOBmeOBj+WuieW/g+OBquODqeOCpuODs+ODieODleOCoeOCueODiuODvOOCv+OCpOODl+OBp+OBmeOAggo8L1REPgo8L1RSPgo8L1RCT0RZPgo8L1RBQkxFPgo8QlI+CjxUQUJMRSBXSURUSD0iNDMwIiBiZ2NvbG9yPSIjYzBjMGMwIiBib3JkZXI9IjAiIGNlbGxwYWRkaW5nPSI1IiBjZWxsc3BhY2luZz0iMSIgc3R5bGU9ImZvbnQtc2l6ZToxM3B4O2NvbG9yOiMwMDAwMDA7bGV0dGVyLXNwYWNpbmc6MHB4O3RhYmxlLWxheW91dDppbmhlcml0O3dpZHRoOjQzMCI+CjxUQk9EWT4KPFRSIGJnY29sb3I9IiNGRkNDQ0MiPgo8VEQgY29sc3Bhbj0iMiI+PGZvbnQgZmFjZT0iVmVyZGFuYSI+REVUQUlMPC9GT05UPgo8L1REPgo8L1RSPgo8VFI+CjxURCBiZ2NvbG9yPSIjRkZFNEUxIiB2YWxpZ249InRvcCI+44K144Kk44K6PC9URD4KPFREIGJnQ29sb3I9I2ZmZmZmZj7jgr/jg4bntIQxMDBtbeOAgOODqOOCs+e0hDE5MG1tPC9URD4KPC9UUj4KPFRSPgo8VEQgYmdjb2xvcj0iI0ZGRTRFMSIgdmFsaWduPSJ0b3AiPue0oOadkDwvVEQ+CjxURCBiZ0NvbG9yPSNmZmZmZmY+44Os44K244O8PC9URD4KPC9UUj4KPFRSPgo8VEQgYmdjb2xvcj0iI0ZGRTRFMSIgdmFsaWduPSJ0b3AiPuS7leanmDwvVEQ+CjxURCBiZ0NvbG9yPSNmZmZmZmY+5pyt5YWl44KMw5cz44CA5bCP6Yqt5YWl44KMw5cx44CA44Kr44O844OJ5YWl44KMw5cxMjwvVEQ+CjwvVFI+CjxUUj4KPFREIGJnY29sb3I9IiNGRkU0RTEiIHZhbGlnbj0idG9wIj7ku5jlsZ7lk4E8L1REPgo8VEQgYmdDb2xvcj0jZmZmZmZmPueusTwvVEQ+CjwvVFI+CjwvVEJPRFk+CjwvVEFCTEU+CjxCUj48c3R5bGUgdHlwZT0idGV4dC9jc3MiPgo8IS0tCnNwYW4uaXRlbV9uYW1lIHsKZGlzcGxheTpibG9jazsKbWFyZ2luOjA7CndpZHRoOjQwMHB4Oy8q5ZWG5ZOB5ZCN44Gu44Ko44Oq44Ki44Gu5bmF44KS5oyH5a6aKi8KbGluZS1oZWlnaHQ6MTMwJTsvKuihjOmWk+OCkuepuuOBkeOCi+aMh+WumiovCnBhZGRpbmc6IDRweCAwcHggNHB4IDVweDsvKuS9meeZveOBruiqv+aVtCovCmJvcmRlci1sZWZ0OiBzb2xpZCA1cHggI0YwODA4MDsvKuWVhuWTgeWQjeOBruW3puWBtOOBq+i1pOOBhOe3muOCkuW8leOBjyovCmJvcmRlci1ib3R0b206IGRvdHRlZCAxcHggIzk5OTsvKuWVhuWTgeWQjeOBruS4i+OBq+OCsOODrOODvOOBrueCuee3miovCn0KCnNwYW4uY2F0Y2hfY29weSB7CmRpc3BsYXk6YmxvY2s7CnBhZGRpbmc6IDRweCAwcHggNHB4IDBweDsKZm9udC1zaXplOjEycHg7CndpZHRoOjQwMHB4Owp9Cgp0ZC5zZHRleHQgYSB7CmNvbG9yOiM2NjY2NjY7CmZvbnQtc2l6ZToxMXB4Owp9CgpzcGFuLmludmVudG9yeV9jaG9pY2VfbmFtZSB7IGNvbG9yOiAjMDAwMDAwOyBmb250LXNpemU6IDgwJTt9CnRkLmludmVudG9yeV9jaG9pY2VfbmFtZSB7IGJhY2tncm91bmQtY29sb3I6ICNGRkNDQ0M7fQp0ZC5pbnZlbnRvcnkgZm9udHtmb250LXNpemU6MTBweDtjb2xvcjojNjY2NjY2O30KdGQuaW52ZW50b3J5e3dvcmQtd3JhcDpicmVhay13b3JkO3dpZHRoOjQwcHg7fQoKLS0+CgovKioq44CM5YCL5pWw44CN6YOo5YiGKioqLwppbnB1dCN1bml0c3sKYmFja2dyb3VuZDogbm9uZSAhaW1wb3J0YW50Owpib3JkZXI6IHNvbGlkIDFweCAjMDAwOwp3aWR0aDogMzBweDsKaGVpZ2h0OiAzMHB4OwpjdXJzb3I6IGF1dG87CnRleHQtaW5kZW50OiAwcHg7Cm92ZXJmbG93OiBoaWRkZW47CnRleHQtYWxpZ246Y2VudGVyOwp9CgovKuOCteOCpOOCuiovCi5pbnZlbnRvcnkgaW5wdXQgewpiYWNrZ3JvdW5kOiBub25lICFpbXBvcnRhbnQ7CnRleHQtaW5kZW50OiAwcHg7CndpZHRoOiAxNXB4OwpoZWlnaHQ6IDE1cHg7Cm1hcmdpbjo3cHggMDsKfSAKLyoqKuOBiuawl+OBq+WFpeOCiuWVhuWTgSoqKi8KI3Jha3V0ZW5MaW1pdGVkSWRfYXJvdW5kQ2FydCBkaXYuYm9va21hcmtBcmVhIGRpdi5ia20gewp3aWR0aDogMzUwcHggIWltcG9ydGFudDsKaGVpZ2h0OiAzMjlweCAhaW1wb3J0YW50OwpwYWRkaW5nOiAwcHggMHB4ICFpbXBvcnRhbnQ7CnBhZGRpbmctYm90dG9tOiAwcHggIWltcG9ydGFudDsKfQoKI3Jha3V0ZW5MaW1pdGVkSWRfYXJvdW5kQ2FydCBkaXYuYm9va21hcmtBcmVhIGRpdi5ia20gYS5hZGRCa20gc3Bhbi5ia21TdGFyIHsKICAgIGJhY2tncm91bmQ6IHVybCgiaHR0cDovL3d3dy5yYWt1dGVuLm5lLmpwL2dvbGQvZml0aG91c2UvY29udGVudHMvaW1nL29raW5paXJpX2l0ZW0uanBnIikgbm8tcmVwZWF0IHNjcm9sbCAwIDAgcmdiYSgwLCAwLCAwLCAwKSAhaW1wb3J0YW50OwogICAgY3Vyc29yOiBwb2ludGVyICFpbXBvcnRhbnQ7CiAgICBkaXNwbGF5OiBpbmxpbmUtYmxvY2sgIWltcG9ydGFudDsKICAgIGhlaWdodDogMzI5cHggIWltcG9ydGFudDsKICAgIG1hcmdpbjogMCAwIDEwcHggIWltcG9ydGFudDsKICAgIHdpZHRoOiAzNTBweCAhaW1wb3J0YW50Owp9CgovKioq44GK5rCX44Gr5YWl44KK44K344On44OD44OXKioqLwojcmFrdXRlbkxpbWl0ZWRJZF9hcm91bmRDYXJ0IGRpdi5zaG9wQm9va21hcmtBcmVhIGRpdi5zaG9wQmttIHsKd2lkdGg6IDM1MHB4ICFpbXBvcnRhbnQ7CmhlaWdodDogNTBweCAhaW1wb3J0YW50OwpwYWRkaW5nOiAwcHggMHB4ICFpbXBvcnRhbnQ7CnBhZGRpbmctbGVmdDogMHB4ICFpbXBvcnRhbnQ7Cn0KCiNyYWt1dGVuTGltaXRlZElkX2Fyb3VuZENhcnQgZGl2LnNob3BCb29rbWFya0FyZWEgZGl2LnNob3BCa20gYS5hZGRTaG9wQmttIHNwYW4uc2hvcEJrbVN0YXIgewpkaXNwbGF5OiBpbmxpbmUtYmxvY2sgIWltcG9ydGFudDsKd2lkdGg6IDM1MHB4ICFpbXBvcnRhbnQ7CmhlaWdodDogNTBweCAhaW1wb3J0YW50OwptYXJnaW4tcmlnaHQ6IDBweCAhaW1wb3J0YW50OwpiYWNrZ3JvdW5kOiB1cmwoImh0dHA6Ly93d3cucmFrdXRlbi5uZS5qcC9nb2xkL2ZpdGhvdXNlL2NvbnRlbnRzL2ltZy9va2luaWlyaV9zaG9wMS5qcGciKSBuby1yZXBlYXQgIWltcG9ydGFudDsKfQovKioq44CM5qW95aSp5qSc57Si5LiL6YOo5YiG44CNKioqLwpkaXYjSGVhZGVyS2V5d29yZCB7Cglwb3NpdGlvbjphYnNvbHV0ZTsKCXRvcDo1MHB4Oy8q5LiA55Wq5LiK44GL44KJ44Gu5L2N572uKi8KCWxlZnQ6MzBweDsvKuW3puerr+OBi+OCieOBruS9jee9riovCn0KCmRpdiNIZWFkZXJLZXl3b3JkIHNwYW4gewoJYmFja2dyb3VuZDogI2JmMDAwMDsKCWNvbG9yOiNmZmY7Cglmb250LXdlaWdodDpib2xkOwoJcGFkZGluZzoycHggNXB4Owp9CgpkaXYjSGVhZGVyS2V5d29yZCBhIHsKCWNvbG9yOiMwMDQ0Q0M7Cn0KI1BhZ2UgI01haW5UaXRsZSB7CgltYXJnaW4tdG9wOiAxMHB4OwoJd2lkdGg6IDcwMHB4OwogICAgICAgIGhlaWdodDogMzAwcHg7Cglib3JkZXI6ICNERkM0OTEgMXB4IHNvbGlkOwoJYmFja2dyb3VuZC1pbWFnZTogdXJsKGh0dHA6Ly9pbWFnZS5yYWt1dGVuLmNvLmpwL2ZpdGhvdXNlL2NhYmluZXQvMDQ2NTEyNjUvYmFja2ltZzIuanBnKTsKCWJhY2tncm91bmQtcG9zaXRpb246IHRvcDsKCWJhY2tncm91bmQtcmVwZWF0OiByZXBlYXQ7Cn0KI1BhZ2UgI01haW5UaXRsZSAuTWFpbkltZyB7CgltYXJnaW46IDBweDsKCWJvcmRlcjogMHB4OyAKCXBhZGRpbmc6IDBweDsgCglmb250LXNpemU6IDBweDsKCXdpZHRoOiA0MDBweDsKICAgICAgICBoZWlnaHQ6MzAwcHg7CglmbG9hdDogbGVmdDsKfQojUGFnZSAjTWFpblRpdGxlIC5CcmFuZE5hbWUgewoJdGV4dC1hbGlnbjogY2VudGVyOwoJZm9udC1zaXplOiAxNnB4OwoJZm9udC13ZWlnaHQ6IGJvbGQ7CiAgICAgICAgbWFyZ2luLXRvcDogNjBweDsKCXBhZGRpbmctdG9wOiAyMHB4OwogICAgICAgIHBhZGRpbmctbGVmdDogMTVweDsKCX0KI1BhZ2UgI01haW5UaXRsZSAuSXRlbW5hbWUgewoJdGV4dC1hbGlnbjogY2VudGVyOwoJZm9udC1zaXplOiAxNHB4OwoJZm9udC13ZWlnaHQ6IDIwMDsKICAgICAgICBtYXJnaW4tdG9wOiAyMHB4OwoJcGFkZGluZy1sZWZ0OiAxNXB4Owp9Cgo8L3N0eWxlPgoKPGRpdj48L2Rpdj4KCjx0YWJsZSBib3JkZXI9IjAiPgo8dHI+Cjx0ZD48SW1nIFNyYz0iaHR0cDovL2ltYWdlLnJha3V0ZW4uY28uanAvZml0aG91c2UvY2FiaW5ldC8wMzQzOTkxNS9pbWc1OTIwOTE5OC5qcGcid2lkdGg9IjY1MCIgaGVpZ2h0PSIxMTAwIj48L3RkPgo8L3RyPgo8L3RhYmxlPgo8dGFibGUgYm9yZGVyPSIwIiBpZD0iYnJhbmRCbnIiPgo8L3RhYmxlPgoKPGJyPgoKPGRpdiBzdHlsZT0iYmFja2dyb3VuZDp1cmwoaHR0cDovL2ltYWdlLnJha3V0ZW4uY28uanAvZml0aG91c2UvY2FiaW5ldC8wNTM0OTQwNi9nb29kYV9iZy5qcGcpIG5vLXJlcGVhdDsgd2lkdGg6NzcwcHg7IGhlaWdodDoxMjAwcHg7Ij4KCjxpbWcgc3JjPSJodHRwOi8vZXZlbnQucmFrdXRlbi5jby5qcC9nb29kYS9ibi8yMDEzMTAxNS8yMDBfMjYwX3QuanBnIiBhbHQ9IkdPT0RBIiB3aWR0aD0iMTgwIiBib3JkZXI9IjAiPgoKPHRhYmxlIGNlbGxwYWRkaW5nPSIwIiBjZWxsc3BhY2luZz0iMCIgc3R5bGU9ImZvbnQtc2l6ZTogMTVweDsgbWFyZ2luLXRvcDogNzZweDsgY29sb3I6ICM3MDIwMTc7Ij4KPHRyIHZhbGlnbj0idG9wIj4KPHRkIHdpZHRoPSIyMCI+Jm5ic3A7IDwvdGQ+Cjx0ZCB3aWR0aD0iMjMwIj4KPGltZyBzcmM9Imh0dHA6Ly9pbWFnZS5yYWt1dGVuLmNvLmpwL2ZpdGhvdXNlL2NhYmluZXQvMDUzNDk0MDYvZ29vZGFfdGh1bWIwMS5qcGciIHN0eWxlPSJtYXJnaW4tYm90dG9tOiAxMHB4OyIgLz48YnIgLz5UaWZmYW55JmFtcDsgQ28uPGJyIC8+CuODgOOCpOODpOODouODs+ODieODkOOCpOOCtuODvOODiTxiciAvPgrjg5rjg7Pjg4Djg7Pjg4gKPC90ZD4KPHRkIHdpZHRoPSIyMCI+Jm5ic3A7IDwvdGQ+Cjx0ZCB3aWR0aD0iMjMwIj4KPGltZyBzcmM9Imh0dHA6Ly9pbWFnZS5yYWt1dGVuLmNvLmpwL2ZpdGhvdXNlL2NhYmluZXQvMDUzNDk0MDYvZ29vZGFfdGh1bWIwMmEuanBnIiBzdHlsZT0ibWFyZ2luLWJvdHRvbTogMTBweDsiIC8+PGJyIC8+VGlmZmFueSAmYW1wOyBDby48YnIgLz4K44Oa44Oz44OA44Oz44OIIDLjg4/jg7zjg4jjgr/jgrA8YnIgLz4K44OW44Or44O844Ko44OK44Oh44OrCjwvdGQ+Cjx0ZCB3aWR0aD0iMjAiPiZuYnNwOyA8L3RkPgo8dGQgd2lkdGg9IjIzMCI+CjxpbWcgc3JjPSJodHRwOi8vaW1hZ2UucmFrdXRlbi5jby5qcC9maXRob3VzZS9jYWJpbmV0LzA1MzQ5NDA2L2dvb2RhX3RodW1iMDNhLmpwZyIgc3R5bGU9Im1hcmdpbi1ib3R0b206IDEwcHg7IiAvPjxiciAvPlRpZmZhbnkgJmFtcDsgQ28uPGJyIC8+CuOCq+ODqeODvOODkOOCpOOCtuODpOODvOODiTxiciAvPgrjgqLjgq/jgqLjg57jg6rjg7MKPC90ZD4KPHRkIHdpZHRoPSIyMCI+Jm5ic3A7IDwvdGQ+CjwvdHI+Cjx0cj4KPHRkIGNvbHNwYW49IjciIGhlaWdodD0iMTAiPjwvdGQ+CjwvdHI+Cjx0ciB2YWxpZ249InRvcCI+Cjx0ZCB3aWR0aD0iMjAiPiZuYnNwOyA8L3RkPgo8dGQgd2lkdGg9IjIzMCI+CjxpbWcgc3JjPSJodHRwOi8vaW1hZ2UucmFrdXRlbi5jby5qcC9maXRob3VzZS9jYWJpbmV0LzA1MzQ5NDA2L2dvb2RhX3RodW1iMDRhLmpwZyIgc3R5bGU9Im1hcmdpbi1ib3R0b206IDEwcHg7IiAvPjxiciAvPlRpZmZhbnkgJmFtcDsgQ28uPGJyIC8+CuODqeODk+ODs+OCsOODj+ODvOODiDxiciAvPgrjg5/jg4vjg5rjg7Pjg4Djg7Pjg4gKPC90ZD4KPHRkIHdpZHRoPSIyMCI+Jm5ic3A7IDwvdGQ+Cjx0ZCB3aWR0aD0iMjMwIj4KPGltZyBzcmM9Imh0dHA6Ly9pbWFnZS5yYWt1dGVuLmNvLmpwL2ZpdGhvdXNlL2NhYmluZXQvMDUzNDk0MDYvZ29vZGFfdGh1bWIwNWEuanBnIiBzdHlsZT0ibWFyZ2luLWJvdHRvbTogMTBweDsiIC8+PGJyIC8+VGlmZmFueSAmYW1wOyBDby48YnIgLz4K44Kq44O844OX44Oz44OP44O844OIPGJyIC8+CuODmuODs+ODgOODs+ODiG1pbmkKPHRkIHdpZHRoPSIyMCI+Jm5ic3A7IDwvdGQ+Cjx0ZCB3aWR0aD0iMjMwIj4KPGltZyBzcmM9Imh0dHA6Ly9pbWFnZS5yYWt1dGVuLmNvLmpwL2ZpdGhvdXNlL2NhYmluZXQvMDUzNDk0MDYvZ29vZGFfdGh1bWIwNmEuanBnIiBzdHlsZT0ibWFyZ2luLWJvdHRvbTogMTBweDsiIC8+PGJyIC8+VGlmZmFueSAmYW1wOyBDby48YnIgLz4K44ON44OD44Kv44Os44K544CMUlVCRURP44CNPGJyIC8+CjE4MzfjgqTjg7Pjgr/jg7zjg63jg4Pjgq3jg7PjgrAKPC90ZD4KPHRkIHdpZHRoPSIyMCI+Jm5ic3A7IDwvdGQ+CjwvdHI+CjwvdGFibGU+Cgo8L2Rpdj4KCjxicj4KCjwhLS1Hb1FTeXN0ZW3jg6njg7Pjgq3jg7PjgrDoh6rli5Xmm7TmlrDjg4Tjg7zjg6vjg6/jgqTjg4ktLT4KPHRhYmxlIGFsaWduPSJjZW50ZXIiIHdpZHRoPSI2NTAiIGJvcmRlcj0iMCIgY2VsbHBhZGRpbmc9IjAiIGNlbGxzcGFjaW5nPSIwIiBiZ2NvbG9yPSIjRkZGRkZGIj4KPHRyPgo8dGQ+Cjx0YWJsZSBhbGlnbj0iY2VudGVyIiB3aWR0aD0iNjQ1IiBib3JkZXI9IjAiIGNlbGxwYWRkaW5nPSIwIiBjZWxsc3BhY2luZz0iMCIgYmdjb2xvcj0iI0ZGRkZGRiI+Cjx0cj4KPHRkIGFsaWduPSJjZW50ZXIiIHZhbGlnbj0iYm90dG9tIiBiZ2NvbG9yPSIjY2NjY2NjIj48aW1nIHNyYz0iaHR0cDovL3d3dy5yYWt1dGVuLm5lLmpwL2dvbGQvZml0aG91c2UvZ29xc3lzdGVtLzYwMHJhbmtpbmd0aXRlbDAxLmdpZiIgd2lkdGg9IjY0NSIgLz48L3RkPgo8L3RyPgo8L3RhYmxlPgo8dGFibGUgYWxpZ249ImNlbnRlciIgd2lkdGg9IjYzOCIgYm9yZGVyPSIwIiBjZWxscGFkZGluZz0iMCIgY2VsbHNwYWNpbmc9IjAiIGJnY29sb3I9IiNDQ0NDQ0MiIHN0eWxlPSJib3JkZXItbGVmdDpzb2xpZDtib3JkZXItbGVmdC13aWR0aDoxcHg7Ym9yZGVyLXJpZ2h0OnNvbGlkO2JvcmRlci1yaWdodC13aWR0aDoxcHg7Ym9yZGVyLWJvdHRvbTpzb2xpZDtib3JkZXItYm90dG9tLXdpZHRoOjFweDtib3JkZXItY29sb3I6I0NDQ0NDQzsiPgo8dHI+Cjx0ZCBhbGlnbj0iY2VudGVyIiBiZ2NvbG9yPSIjRkZGRkZGIj4KPGRpdiBjbGFzcz0iaWZybS1jb250YWluZXIiIHN0eWxlPSJ3aWR0aDo2MzhweDtoZWlnaHQ6NDYwcHg7b3ZlcmZsb3c6YXV0bzstd2Via2l0LW92ZXJmbG93LXNjcm9sbGluZzp0b3VjaDsiPgoKPC9kaXY+CjwvdGQ+CjwvdHI+Cjx0cj4KPHRkIGFsaWduPSJyaWdodCIgYmdjb2xvcj0iI0ZGRkZGRiIgc3R5bGU9InBhZGRpbmc6MnB4OyI+CjwvdGQ+CjwvdHI+CjwvdGFibGU+CjwvdGQ+CjwvdHI+CjwvdGFibGU+CjwhLS1Hb1FTeXN0ZW3jg6njg7Pjgq3jg7PjgrDoh6rli5Xmm7TmlrDjg4Tjg7zjg6vjg6/jgqTjg4ktLT4=,44OJ44Or44OB44Kn44Ki44Oz44OJ44Ks44OD44OQ44O844OK44CQRE9MQ0UmYW1wO0dBQkJBTkHjgJHosqHluIMg6ZW36LKh5biDIEJQMTY3MkFQMzUw44CAREFVUEhJTkXov7flvanjg6njgqbjg7Pjg4nplbfosqHluIMg44Oh44Oz44K6IOOCq+ODouODleODqe+8mkZJVCBIT1VTRQ==,44OJ44Or44OB44Kn44Ki44Oz44OJ44Ks44OD44OQ44O844OK44CQRE9MQ0UmYW1wO0dBQkJBTkHjgJHosqHluIMg6ZW36LKh5biDIEJQMTY3MkFQMzUw44CAREFVUEhJTkXov7flvanjg6njgqbjg7Pjg4nplbfosqHluIMg44Oh44Oz44K6IOOCq+ODouODleODqQ==,5paw5ZOBL+mVt+iyoeW4gy/jg4njg6vjg4HjgqcmYW1wO+OCrOODg+ODkOODvOODii/jg6Hjg7Pjgrov44CC44OJ44Or44OB44Kn44Ki44Oz44OJ44Ks44OD44OQ44O844OK44CQRE9MQ0UmYW1wO0dBQkJBTkHjgJHosqHluIMg6ZW36LKh5biDIEJQMTY3MkFQMzUw44CAREFVUEhJTkXov7flvanjg6njgqbjg7Pjg4nplbfosqHluIMg44Oh44Oz44K6IOOCq+ODouODleODqQ==[rn]
39-76416,aHR0cDovL3RzaG9wLnIxMHMuanAvZml0aG91c2UvY2FiaW5ldC8wNDEyNDk3NS82OTk5Mzg5OTE3MDEuanBnP2ZpdGluPTcwMDo3MDA=,MjQxOTIuMDAwMA==,,44OQ44OD44Kw44O75bCP54mp44O744OW44Op44Oz44OJ6ZuR6LKoID4g6LKh5biD44O744Kx44O844K5ID4g44Os44OH44Kj44O844K56LKh5biD,44Oe44O844Kv44OQ44Kk44Oe44O844Kv44K444Kn44Kk44Kz44OW44K544CQTUFSQyBCWSBNQVJDIEpBQ09CU+OAkeiyoeW4gyDplbfosqHluIPjgIBNMDAwMjI4MEEgODAwMTHjgIBTSEVMVEVSLknjgrnjg6rjg6Djg6njgqbjg7Pjg4njgI4yMDE05bm056eL5Yas44CP44OQ44Kk44Kr44Op44O8,6ZW36LKh5biDL+ODnuODvOOCr+ODkOOCpOODnuODvOOCry/jg6zjg4fjgqPjg7zjgrk=,PFRBQkxFIGNlbGxzcGFjaW5nPSIxIiBjZWxscGFkZGluZz0iMyIgYm9yZGVyPSIwIiB3aWR0aD0iNDAwIiBiZ2NvbG9yPSIjYzBjMGMwIj4KPFRCT0RZPgo8VFIgYmdjb2xvcj0iI0ZGQ0NDQyI+CjxURD48U1BBTiBjbGFzcz1kPjxmb250IGZhY2U9IlZlcmRhbmEiPkNPTU1FTlQ8L2ZvbnQ+PC9TUEFOPjwvVEQ+CjwvVFI+CjxUUiBiZ0NvbG9yPSNmZmZmZmY+CjxURD4K44Oi44OO44OI44O844Oz44Gu44OQ44Kk44Kr44Op44O844GM44GK5rSS6JC944GV44KT4piFIAo8QnI+CuOAkE1BUkMgQlkgTUFSQyBKQUNPQlPjgJHjgYvjgonjgIHkuK3lpK7jga7jg63jgrTjg5fjg6zjg7zjg4jjgYzjg53jgqTjg7Pjg4jjga7jgrfjg7Pjg5fjg6vjgafkvb/jgYTjgoTjgZnjgYTjgYrosqHluIPjgYznmbvloLTjgZfjgb7jgZfjgZ/jgII8QnI+CuOCt+ODg+OCr+OBp+Wkp+S6uuOBrumbsOWbsuawl+a8guOBhumAuOWTgeOBp+OBmeOAggo8L1REPgo8L1RSPgo8L1RCT0RZPgo8L1RBQkxFPgo8QlI+CjxUQUJMRSBjZWxsc3BhY2luZz0iMSIgY2VsbHBhZGRpbmc9IjMiIGJvcmRlcj0iMCIgd2lkdGg9IjQwMCIgYmdjb2xvcj0iI2MwYzBjMCI+CjxUQk9EWT4KPFRSIGJnY29sb3I9IiNGRkNDQ0MiPgo8VEQgY29sc3Bhbj0iMiI+PGZvbnQgZmFjZT0iVmVyZGFuYSI+REVUQUlMPC9GT05UPgo8L1REPgo8L1RSPgo8VFI+CjxURCBiZ2NvbG9yPSIjRkZFNEUxIiB2YWxpZ249InRvcCI+44K144Kk44K6PC9URD4KPFREIGJnQ29sb3I9I2ZmZmZmZj7jgr/jg4bntIQxMDBtbeOAgOODqOOCs+e0hDE4NW1tCjwvVEQ+CjwvVFI+CjxUUj4KPFREIGJnY29sb3I9IiNGRkU0RTEiIHZhbGlnbj0idG9wIj7ntKDmnZA8L1REPgo8VEQgYmdDb2xvcj0jZmZmZmZmPuODrOOCtuODvDwvVEQ+CjwvVFI+CjxUUj4KPFREIGJnY29sb3I9IiNGRkU0RTEiIHZhbGlnbj0idG9wIj7ku5Xmp5g8L1REPgo8VEQgYmdDb2xvcj0jZmZmZmZmPuacreWFpeOCjMOXMeOAgOWwj+mKreWFpeOCjMOXMeOAgOOCq+ODvOODieWFpeOCjMOXOOOAgOOBneOBruS7luODneOCseODg+ODiMOXMjwvVEQ+CjwvVFI+CjxUUj4KPFREIGJnY29sb3I9IiNGRkU0RTEiIHZhbGlnbj0idG9wIj7ku5jlsZ7lk4E8L1REPgo8VEQgYmdDb2xvcj0jZmZmZmZmPuOBquOBlzwvVEQ+CjwvVFI+CjwvVEJPRFk+CjwvVEFCTEU+CjxCUj48c3R5bGUgdHlwZT0idGV4dC9jc3MiPgo8IS0tCnNwYW4uaXRlbV9uYW1lIHsKZGlzcGxheTpibG9jazsKbWFyZ2luOjA7CndpZHRoOjQwMHB4Oy8q5ZWG5ZOB5ZCN44Gu44Ko44Oq44Ki44Gu5bmF44KS5oyH5a6aKi8KbGluZS1oZWlnaHQ6MTMwJTsvKuihjOmWk+OCkuepuuOBkeOCi+aMh+WumiovCnBhZGRpbmc6IDRweCAwcHggNHB4IDVweDsvKuS9meeZveOBruiqv+aVtCovCmJvcmRlci1sZWZ0OiBzb2xpZCA1cHggI0YwODA4MDsvKuWVhuWTgeWQjeOBruW3puWBtOOBq+i1pOOBhOe3muOCkuW8leOBjyovCmJvcmRlci1ib3R0b206IGRvdHRlZCAxcHggIzk5OTsvKuWVhuWTgeWQjeOBruS4i+OBq+OCsOODrOODvOOBrueCuee3miovCn0KCnNwYW4uY2F0Y2hfY29weSB7CmRpc3BsYXk6YmxvY2s7CnBhZGRpbmc6IDRweCAwcHggNHB4IDBweDsKZm9udC1zaXplOjEycHg7CndpZHRoOjQwMHB4Owp9Cgp0ZC5zZHRleHQgYSB7CmNvbG9yOiM2NjY2NjY7CmZvbnQtc2l6ZToxMXB4Owp9CgpzcGFuLmludmVudG9yeV9jaG9pY2VfbmFtZSB7IGNvbG9yOiAjMDAwMDAwOyBmb250LXNpemU6IDgwJTt9CnRkLmludmVudG9yeV9jaG9pY2VfbmFtZSB7IGJhY2tncm91bmQtY29sb3I6ICNGRkNDQ0M7fQp0ZC5pbnZlbnRvcnkgZm9udHtmb250LXNpemU6MTBweDtjb2xvcjojNjY2NjY2O30KdGQuaW52ZW50b3J5e3dvcmQtd3JhcDpicmVhay13b3JkO3dpZHRoOjQwcHg7fQoKLS0+CgovKioq44CM5YCL5pWw44CN6YOo5YiGKioqLwppbnB1dCN1bml0c3sKYmFja2dyb3VuZDogbm9uZSAhaW1wb3J0YW50Owpib3JkZXI6IHNvbGlkIDFweCAjMDAwOwp3aWR0aDogMzBweDsKaGVpZ2h0OiAzMHB4OwpjdXJzb3I6IGF1dG87CnRleHQtaW5kZW50OiAwcHg7Cm92ZXJmbG93OiBoaWRkZW47CnRleHQtYWxpZ246Y2VudGVyOwp9CgovKuOCteOCpOOCuiovCi5pbnZlbnRvcnkgaW5wdXQgewpiYWNrZ3JvdW5kOiBub25lICFpbXBvcnRhbnQ7CnRleHQtaW5kZW50OiAwcHg7CndpZHRoOiAxNXB4OwpoZWlnaHQ6IDE1cHg7Cm1hcmdpbjo3cHggMDsKfSAKLyoqKuOBiuawl+OBq+WFpeOCiuWVhuWTgSoqKi8KI3Jha3V0ZW5MaW1pdGVkSWRfYXJvdW5kQ2FydCBkaXYuYm9va21hcmtBcmVhIGRpdi5ia20gewp3aWR0aDogMzUwcHggIWltcG9ydGFudDsKaGVpZ2h0OiAzMjlweCAhaW1wb3J0YW50OwpwYWRkaW5nOiAwcHggMHB4ICFpbXBvcnRhbnQ7CnBhZGRpbmctYm90dG9tOiAwcHggIWltcG9ydGFudDsKfQoKI3Jha3V0ZW5MaW1pdGVkSWRfYXJvdW5kQ2FydCBkaXYuYm9va21hcmtBcmVhIGRpdi5ia20gYS5hZGRCa20gc3Bhbi5ia21TdGFyIHsKICAgIGJhY2tncm91bmQ6IHVybCgiaHR0cDovL3d3dy5yYWt1dGVuLm5lLmpwL2dvbGQvZml0aG91c2UvY29udGVudHMvaW1nL29raW5paXJpX2l0ZW0uanBnIikgbm8tcmVwZWF0IHNjcm9sbCAwIDAgcmdiYSgwLCAwLCAwLCAwKSAhaW1wb3J0YW50OwogICAgY3Vyc29yOiBwb2ludGVyICFpbXBvcnRhbnQ7CiAgICBkaXNwbGF5OiBpbmxpbmUtYmxvY2sgIWltcG9ydGFudDsKICAgIGhlaWdodDogMzI5cHggIWltcG9ydGFudDsKICAgIG1hcmdpbjogMCAwIDEwcHggIWltcG9ydGFudDsKICAgIHdpZHRoOiAzNTBweCAhaW1wb3J0YW50Owp9CgovKioq44GK5rCX44Gr5YWl44KK44K344On44OD44OXKioqLwojcmFrdXRlbkxpbWl0ZWRJZF9hcm91bmRDYXJ0IGRpdi5zaG9wQm9va21hcmtBcmVhIGRpdi5zaG9wQmttIHsKd2lkdGg6IDM1MHB4ICFpbXBvcnRhbnQ7CmhlaWdodDogNTBweCAhaW1wb3J0YW50OwpwYWRkaW5nOiAwcHggMHB4ICFpbXBvcnRhbnQ7CnBhZGRpbmctbGVmdDogMHB4ICFpbXBvcnRhbnQ7Cn0KCiNyYWt1dGVuTGltaXRlZElkX2Fyb3VuZENhcnQgZGl2LnNob3BCb29rbWFya0FyZWEgZGl2LnNob3BCa20gYS5hZGRTaG9wQmttIHNwYW4uc2hvcEJrbVN0YXIgewpkaXNwbGF5OiBpbmxpbmUtYmxvY2sgIWltcG9ydGFudDsKd2lkdGg6IDM1MHB4ICFpbXBvcnRhbnQ7CmhlaWdodDogNTBweCAhaW1wb3J0YW50OwptYXJnaW4tcmlnaHQ6IDBweCAhaW1wb3J0YW50OwpiYWNrZ3JvdW5kOiB1cmwoImh0dHA6Ly93d3cucmFrdXRlbi5uZS5qcC9nb2xkL2ZpdGhvdXNlL2NvbnRlbnRzL2ltZy9va2luaWlyaV9zaG9wMS5qcGciKSBuby1yZXBlYXQgIWltcG9ydGFudDsKfQovKioq44CM5qW95aSp5qSc57Si5LiL6YOo5YiG44CNKioqLwpkaXYjSGVhZGVyS2V5d29yZCB7Cglwb3NpdGlvbjphYnNvbHV0ZTsKCXRvcDo1MHB4Oy8q5LiA55Wq5LiK44GL44KJ44Gu5L2N572uKi8KCWxlZnQ6MzBweDsvKuW3puerr+OBi+OCieOBruS9jee9riovCn0KCmRpdiNIZWFkZXJLZXl3b3JkIHNwYW4gewoJYmFja2dyb3VuZDogI2JmMDAwMDsKCWNvbG9yOiNmZmY7Cglmb250LXdlaWdodDpib2xkOwoJcGFkZGluZzoycHggNXB4Owp9CgpkaXYjSGVhZGVyS2V5d29yZCBhIHsKCWNvbG9yOiMwMDQ0Q0M7Cn0KI1BhZ2UgI01haW5UaXRsZSB7CgltYXJnaW4tdG9wOiAxMHB4OwoJd2lkdGg6IDcwMHB4OwogICAgICAgIGhlaWdodDogMzAwcHg7Cglib3JkZXI6ICNERkM0OTEgMXB4IHNvbGlkOwoJYmFja2dyb3VuZC1pbWFnZTogdXJsKGh0dHA6Ly9pbWFnZS5yYWt1dGVuLmNvLmpwL2ZpdGhvdXNlL2NhYmluZXQvMDQ2NTEyNjUvYmFja2ltZzIuanBnKTsKCWJhY2tncm91bmQtcG9zaXRpb246IHRvcDsKCWJhY2tncm91bmQtcmVwZWF0OiByZXBlYXQ7Cn0KI1BhZ2UgI01haW5UaXRsZSAuTWFpbkltZyB7CgltYXJnaW46IDBweDsKCWJvcmRlcjogMHB4OyAKCXBhZGRpbmc6IDBweDsgCglmb250LXNpemU6IDBweDsKCXdpZHRoOiA0MDBweDsKICAgICAgICBoZWlnaHQ6MzAwcHg7CglmbG9hdDogbGVmdDsKfQojUGFnZSAjTWFpblRpdGxlIC5CcmFuZE5hbWUgewoJdGV4dC1hbGlnbjogY2VudGVyOwoJZm9udC1zaXplOiAxNnB4OwoJZm9udC13ZWlnaHQ6IGJvbGQ7CiAgICAgICAgbWFyZ2luLXRvcDogNjBweDsKCXBhZGRpbmctdG9wOiAyMHB4OwogICAgICAgIHBhZGRpbmctbGVmdDogMTVweDsKCX0KI1BhZ2UgI01haW5UaXRsZSAuSXRlbW5hbWUgewoJdGV4dC1hbGlnbjogY2VudGVyOwoJZm9udC1zaXplOiAxNHB4OwoJZm9udC13ZWlnaHQ6IDIwMDsKICAgICAgICBtYXJnaW4tdG9wOiAyMHB4OwoJcGFkZGluZy1sZWZ0OiAxNXB4Owp9Cgo8L3N0eWxlPgoKPGRpdj48L2Rpdj4KCjx0YWJsZSBib3JkZXI9IjAiPgo8dHI+Cjx0ZD48SW1nIFNyYz0iaHR0cDovL2ltYWdlLnJha3V0ZW4uY28uanAvZml0aG91c2UvY2FiaW5ldC8wMzQzOTkxNS9pbWc1OTIwOTE5OC5qcGcid2lkdGg9IjY1MCIgaGVpZ2h0PSIxMTAwIj48L3RkPgo8L3RyPgo8L3RhYmxlPgo8dGFibGUgYm9yZGVyPSIwIiBpZD0iYnJhbmRCbnIiPgo8L3RhYmxlPgoKPGJyPgoKPGRpdiBzdHlsZT0iYmFja2dyb3VuZDp1cmwoaHR0cDovL2ltYWdlLnJha3V0ZW4uY28uanAvZml0aG91c2UvY2FiaW5ldC8wNTM0OTQwNi9nb29kYV9iZy5qcGcpIG5vLXJlcGVhdDsgd2lkdGg6NzcwcHg7IGhlaWdodDoxMjAwcHg7Ij4KCjxpbWcgc3JjPSJodHRwOi8vZXZlbnQucmFrdXRlbi5jby5qcC9nb29kYS9ibi8yMDEzMTAxNS8yMDBfMjYwX3QuanBnIiBhbHQ9IkdPT0RBIiB3aWR0aD0iMTgwIiBib3JkZXI9IjAiPgoKPHRhYmxlIGNlbGxwYWRkaW5nPSIwIiBjZWxsc3BhY2luZz0iMCIgc3R5bGU9ImZvbnQtc2l6ZTogMTVweDsgbWFyZ2luLXRvcDogNzZweDsgY29sb3I6ICM3MDIwMTc7Ij4KPHRyIHZhbGlnbj0idG9wIj4KPHRkIHdpZHRoPSIyMCI+Jm5ic3A7IDwvdGQ+Cjx0ZCB3aWR0aD0iMjMwIj4KPGltZyBzcmM9Imh0dHA6Ly9pbWFnZS5yYWt1dGVuLmNvLmpwL2ZpdGhvdXNlL2NhYmluZXQvMDUzNDk0MDYvZ29vZGFfdGh1bWIwMS5qcGciIHN0eWxlPSJtYXJnaW4tYm90dG9tOiAxMHB4OyIgLz48YnIgLz5UaWZmYW55JmFtcDsgQ28uPGJyIC8+CuODgOOCpOODpOODouODs+ODieODkOOCpOOCtuODvOODiTxiciAvPgrjg5rjg7Pjg4Djg7Pjg4gKPC90ZD4KPHRkIHdpZHRoPSIyMCI+Jm5ic3A7IDwvdGQ+Cjx0ZCB3aWR0aD0iMjMwIj4KPGltZyBzcmM9Imh0dHA6Ly9pbWFnZS5yYWt1dGVuLmNvLmpwL2ZpdGhvdXNlL2NhYmluZXQvMDUzNDk0MDYvZ29vZGFfdGh1bWIwMmEuanBnIiBzdHlsZT0ibWFyZ2luLWJvdHRvbTogMTBweDsiIC8+PGJyIC8+VGlmZmFueSAmYW1wOyBDby48YnIgLz4K44Oa44Oz44OA44Oz44OIIDLjg4/jg7zjg4jjgr/jgrA8YnIgLz4K44OW44Or44O844Ko44OK44Oh44OrCjwvdGQ+Cjx0ZCB3aWR0aD0iMjAiPiZuYnNwOyA8L3RkPgo8dGQgd2lkdGg9IjIzMCI+CjxpbWcgc3JjPSJodHRwOi8vaW1hZ2UucmFrdXRlbi5jby5qcC9maXRob3VzZS9jYWJpbmV0LzA1MzQ5NDA2L2dvb2RhX3RodW1iMDNhLmpwZyIgc3R5bGU9Im1hcmdpbi1ib3R0b206IDEwcHg7IiAvPjxiciAvPlRpZmZhbnkgJmFtcDsgQ28uPGJyIC8+CuOCq+ODqeODvOODkOOCpOOCtuODpOODvOODiTxiciAvPgrjgqLjgq/jgqLjg57jg6rjg7MKPC90ZD4KPHRkIHdpZHRoPSIyMCI+Jm5ic3A7IDwvdGQ+CjwvdHI+Cjx0cj4KPHRkIGNvbHNwYW49IjciIGhlaWdodD0iMTAiPjwvdGQ+CjwvdHI+Cjx0ciB2YWxpZ249InRvcCI+Cjx0ZCB3aWR0aD0iMjAiPiZuYnNwOyA8L3RkPgo8dGQgd2lkdGg9IjIzMCI+CjxpbWcgc3JjPSJodHRwOi8vaW1hZ2UucmFrdXRlbi5jby5qcC9maXRob3VzZS9jYWJpbmV0LzA1MzQ5NDA2L2dvb2RhX3RodW1iMDRhLmpwZyIgc3R5bGU9Im1hcmdpbi1ib3R0b206IDEwcHg7IiAvPjxiciAvPlRpZmZhbnkgJmFtcDsgQ28uPGJyIC8+CuODqeODk+ODs+OCsOODj+ODvOODiDxiciAvPgrjg5/jg4vjg5rjg7Pjg4Djg7Pjg4gKPC90ZD4KPHRkIHdpZHRoPSIyMCI+Jm5ic3A7IDwvdGQ+Cjx0ZCB3aWR0aD0iMjMwIj4KPGltZyBzcmM9Imh0dHA6Ly9pbWFnZS5yYWt1dGVuLmNvLmpwL2ZpdGhvdXNlL2NhYmluZXQvMDUzNDk0MDYvZ29vZGFfdGh1bWIwNWEuanBnIiBzdHlsZT0ibWFyZ2luLWJvdHRvbTogMTBweDsiIC8+PGJyIC8+VGlmZmFueSAmYW1wOyBDby48YnIgLz4K44Kq44O844OX44Oz44OP44O844OIPGJyIC8+CuODmuODs+ODgOODs+ODiG1pbmkKPHRkIHdpZHRoPSIyMCI+Jm5ic3A7IDwvdGQ+Cjx0ZCB3aWR0aD0iMjMwIj4KPGltZyBzcmM9Imh0dHA6Ly9pbWFnZS5yYWt1dGVuLmNvLmpwL2ZpdGhvdXNlL2NhYmluZXQvMDUzNDk0MDYvZ29vZGFfdGh1bWIwNmEuanBnIiBzdHlsZT0ibWFyZ2luLWJvdHRvbTogMTBweDsiIC8+PGJyIC8+VGlmZmFueSAmYW1wOyBDby48YnIgLz4K44ON44OD44Kv44Os44K544CMUlVCRURP44CNPGJyIC8+CjE4MzfjgqTjg7Pjgr/jg7zjg63jg4Pjgq3jg7PjgrAKPC90ZD4KPHRkIHdpZHRoPSIyMCI+Jm5ic3A7IDwvdGQ+CjwvdHI+CjwvdGFibGU+Cgo8L2Rpdj4KCjxicj4KCjwhLS1Hb1FTeXN0ZW3jg6njg7Pjgq3jg7PjgrDoh6rli5Xmm7TmlrDjg4Tjg7zjg6vjg6/jgqTjg4ktLT4KPHRhYmxlIGFsaWduPSJjZW50ZXIiIHdpZHRoPSI2NTAiIGJvcmRlcj0iMCIgY2VsbHBhZGRpbmc9IjAiIGNlbGxzcGFjaW5nPSIwIiBiZ2NvbG9yPSIjRkZGRkZGIj4KPHRyPgo8dGQ+Cjx0YWJsZSBhbGlnbj0iY2VudGVyIiB3aWR0aD0iNjQ1IiBib3JkZXI9IjAiIGNlbGxwYWRkaW5nPSIwIiBjZWxsc3BhY2luZz0iMCIgYmdjb2xvcj0iI0ZGRkZGRiI+Cjx0cj4KPHRkIGFsaWduPSJjZW50ZXIiIHZhbGlnbj0iYm90dG9tIiBiZ2NvbG9yPSIjY2NjY2NjIj48aW1nIHNyYz0iaHR0cDovL3d3dy5yYWt1dGVuLm5lLmpwL2dvbGQvZml0aG91c2UvZ29xc3lzdGVtLzYwMHJhbmtpbmd0aXRlbDAxLmdpZiIgd2lkdGg9IjY0NSIgLz48L3RkPgo8L3RyPgo8L3RhYmxlPgo8dGFibGUgYWxpZ249ImNlbnRlciIgd2lkdGg9IjYzOCIgYm9yZGVyPSIwIiBjZWxscGFkZGluZz0iMCIgY2VsbHNwYWNpbmc9IjAiIGJnY29sb3I9IiNDQ0NDQ0MiIHN0eWxlPSJib3JkZXItbGVmdDpzb2xpZDtib3JkZXItbGVmdC13aWR0aDoxcHg7Ym9yZGVyLXJpZ2h0OnNvbGlkO2JvcmRlci1yaWdodC13aWR0aDoxcHg7Ym9yZGVyLWJvdHRvbTpzb2xpZDtib3JkZXItYm90dG9tLXdpZHRoOjFweDtib3JkZXItY29sb3I6I0NDQ0NDQzsiPgo8dHI+Cjx0ZCBhbGlnbj0iY2VudGVyIiBiZ2NvbG9yPSIjRkZGRkZGIj4KPGRpdiBjbGFzcz0iaWZybS1jb250YWluZXIiIHN0eWxlPSJ3aWR0aDo2MzhweDtoZWlnaHQ6NDYwcHg7b3ZlcmZsb3c6YXV0bzstd2Via2l0LW92ZXJmbG93LXNjcm9sbGluZzp0b3VjaDsiPgoKPC9kaXY+CjwvdGQ+CjwvdHI+Cjx0cj4KPHRkIGFsaWduPSJyaWdodCIgYmdjb2xvcj0iI0ZGRkZGRiIgc3R5bGU9InBhZGRpbmc6MnB4OyI+CjwvdGQ+CjwvdHI+CjwvdGFibGU+CjwvdGQ+CjwvdHI+CjwvdGFibGU+CjwhLS1Hb1FTeXN0ZW3jg6njg7Pjgq3jg7PjgrDoh6rli5Xmm7TmlrDjg4Tjg7zjg6vjg6/jgqTjg4ktLT4=,44Oe44O844Kv44OQ44Kk44Oe44O844Kv44K444Kn44Kk44Kz44OW44K544CQTUFSQyBCWSBNQVJDIEpBQ09CU+OAkeiyoeW4gyDplbfosqHluIPjgIBNMDAwMjI4MEEgODAwMTHjgIBTSEVMVEVSLknjgrnjg6rjg6Djg6njgqbjg7Pjg4njgI4yMDE05bm056eL5Yas44CP44OQ44Kk44Kr44Op44O877yaRklUIEhPVVNF,44Oe44O844Kv44OQ44Kk44Oe44O844Kv44K444Kn44Kk44Kz44OW44K544CQTUFSQyBCWSBNQVJDIEpBQ09CU+OAkeiyoeW4gyDplbfosqHluIPjgIBNMDAwMjI4MEEgODAwMTHjgIBTSEVMVEVSLknjgrnjg6rjg6Djg6njgqbjg7Pjg4njgI4yMDE05bm056eL5Yas44CP44OQ44Kk44Kr44Op44O8,6ZW36LKh5biDL+ODnuODvOOCr+ODkOOCpOODnuODvOOCry/jg6zjg4fjgqPjg7zjgrnjgILjg57jg7zjgq/jg5DjgqTjg57jg7zjgq/jgrjjgqfjgqTjgrPjg5bjgrnjgJBNQVJDIEJZIE1BUkMgSkFDT0JT44CR6LKh5biDIOmVt+iyoeW4g+OAgE0wMDAyMjgwQSA4MDAxMeOAgFNIRUxURVIuSeOCueODquODoOODqeOCpuODs+ODieOAjjIwMTTlubTnp4vlhqzjgI/jg5DjgqTjgqvjg6njg7w=[rn]
39-76417,aHR0cDovL3RzaG9wLnIxMHMuanAvaGJlc3Bva2UvY2FiaW5ldC9mcnV0dGkwMi80MDBfYWxiYV9zZXJlbm8wNC5qcGc/Zml0aW49NzAwOjcwMA==,MjMzMjguMDAwMA==,,44OQ44OD44Kw44O75bCP54mp44O744OW44Op44Oz44OJ6ZuR6LKoID4g6LKh5biD44O744Kx44O844K5ID4g44Os44OH44Kj44O844K56LKh5biD,44CQRlJVVFRJ44CR44Gy44Go44KB5oOa44KM57aa5Ye64pmqIOawtOW9qeeUu+OBruOCiOOBhuOBquODrOOCtuODvOOBp+S7leeri+OBpuOCi0FMQkEgU2VyZW5v77yI44Ki44Or44OQIOOCu+ODrOODvOODju+8ieOAgOmVt+iyoeW4g+OAgOiKseafhOOAgOODleODq+ODg+ODhuOCow==,6ZW36LKh5biDIOiKseafhCBGUlVUVEkgREkgQk9TQ08g44OV44Or44OD44OG44Kj,PHN0eWxlIHR5cGU9InRleHQvY3NzIj4KaDF7bWFyZ2luOjA7d2lkdGg6ODAwcHg7dGV4dC1hbGlnbjpsZWZ0O2NvbG9yOiM2NjY7Zm9udC1zaXplOjEycHg7Zm9udC13ZWlnaHQ6bm9ybWFsO30KPC9zdHlsZT4KPGgxPgrjgJBGUlVUVEkgREkgQk9TQ08g44OV44Or44OD44OG44KjIOODh+OCoyDjg5zjgrnjgrPjgJHosqHluIMgQUxCQSBTZXJlbm/vvIjjgqLjg6vjg5Ag44K744Os44O844OO77yJ772c44CQZXJ1dHVvYyjjgqjjg6vjg4jjgqXjg7zjgq8p6ZmQ5a6a44Ki44Kk44OG44Og44CRCjwvaDE+CgoKCgoKPHN0eWxlIHR5cGU9InRleHQvY3NzIj4KZGl2LlByb0NvbW1lbnREe21hcmdpbi1sZWZ0OjVweDtwYWRkaW5nOjVweDtmb250LWZhbWlseToi44OS44Op44Ku44OO5Li444K0IFBybyBXNCIsIkhpcmFnaW5vIE1hcnUgR290aGljIFBybyIsIuODoeOCpOODquOCqiIsTWVpcnlvLCJMdWNpZGEgR3JhbmRlIixBcmlhbCxIZWx2ZXRpY2Esc2Fucy1zZXJpZiA7Zm9udC1zaXplOjE2cHg7dGV4dC1hbGlnbjpsZWZ0IWltcG9ydGFudDt9CnNwYW4uQ29tUmVkTER7Zm9udC1zaXplOjE2cHg7Zm9udC13ZWlnaHQ6Ym9sZDtjb2xvcjojREMxNDNDO30Kc3Bhbi5Db21LTXtmb250LXNpemU6MTRweDtmb250LXdlaWdodDpub3JtYWw7Y29sb3I6IzMzMzt9CnNwYW4uQ29tTGluZXt0ZXh0LWRlY29yYXRpb246dW5kZXJsaW5lO30KCi5hdXRvLXN0eWxlMSB7CnRleHQtYWxpZ246IGNlbnRlcjsKfQoKPC9zdHlsZT4KPGRpdiBjbGFzcz0iUHJvQ29tbWVudEQiPiA8c3BhbiBjbGFzcz0iQ29tUmVkTEQiPiAKICA8dGFibGUgd2lkdGg9Ijg1MCIgYm9yZGVyPSIwIiBjZWxscGFkZGluZz0iMCIgY2VsbHNwYWNpbmc9IjAiIGJnY29sb3I9IiNGRkNDQ0MiIGJvcmRlcmNvbG9yPSIjQ0NDQ0NDIiBjbGFzcz0idW5uYW1lZDEiIHN0eWxlPSJoZWlnaHQ6IDEzN3B4Ij4KICAgIDx0cj4gCiAgICAgIDx0ZCBoZWlnaHQ9IjEzMyI+IAogIDx0YWJsZSB3aWR0aD0iODUwIiBib3JkZXI9IjAiIGNlbGxwYWRkaW5nPSIyMCIgY2VsbHNwYWNpbmc9IjAiIHN0eWxlPSJoZWlnaHQ6IDEzM3B4Ij4KICAgICAgICAgIDx0cj4gCiAgICAgICAgICAgIDx0ZD48ZGl2IGNsYXNzPSJhdXRvLXN0eWxlMSI+IAogICAgICAgICAgICAgICAgPHAgY2xhc3M9ImF1dG8tc3R5bGUxIj48c3BhbiBjbGFzcz0iQ29tUmVkTCI+PGZvbnQgc2l6ZT0iMiI+PGI+Cjxmb250IGNvbG9yPSIjRkYwMDMzIiBzaXplPSI0Ij7il48g5LqI57SE44Kq44O844OA44O85Y+X5LuY5Lit44Gn44GZIOKXjyA8L2ZvbnQ+PC9iPjxicj4KCjxmb250IGNvbG9yPSIjRkYwMDMzIiBzaXplPSIyIj7jgJDkuojntITvvI825pyI5Ye66I2344CR44Kq44O844OA44O85Y+X5LuY6ZaL5aeL44GX44G+44GX44Gf44CC44Gf44Gg44GE44G+44GU5rOo5paH44GE44Gf44Gg44GR44G+44GZ44CCPC9mb250Pjxicj4KCiAgICAgICAgICAgICAgICAgIDxmb250IGNvbG9yPSIjMzMzMzMzIj48YnIgLz4KICAgICAgICAgICAgICAgICAg44Os44K244O86Kq/6YGU44Gu6YO95ZCI5LiK44CB5LiA5bqm44Gr5aSa44GP44GK5L2c44KK44GZ44KL44GT44Go44GM6Zuj44GX44GP44CB44Gf44Gg44GE44G+5Y+X5LuY5Lit44Gu5Ye66I235pel5YiG44KC5pWw44Gr6ZmQ44KK44GM44GU44GW44GE44G+44GZ44Gu44Gn44CBPGJyPuOBiuaApeOBjuOBruaWueOBr+OBiuaXqeOCgeOBq+ODmuODvOOCuOOCkuOBlOimp+OBj+OBoOOBleOBhOOBvuOBm+OAgiAgICAgICA8L2ZvbnQ+PC9mb250Pjwvc3Bhbj48L3A+CiAgICAgICAgICAgICAgPC9kaXY+PC90ZD4KICAgICAgICAgIDwvdHI+CiAgICAgICAgPC90YWJsZT48L3RkPgogICAgPC90cj4KICA8L3RhYmxlPgoKICA8L3NwYW4+IDwvZGl2PgoKPGJyPjxicj4KCjxUQUJMRSBXSURUSD04MDAgQk9SREVSPTAgQ0VMTFBBRERJTkc9MCBDRUxMU1BBQ0lORz0wIGJnY29sb3I9IiMwMDAwMDAiPgoKCiAgPFRSPgogICAgCiAgPFREPiA8ZGl2IGFsaWduPSJjZW50ZXIiPgogICAgICA8YnI+PElNRyBTUkM9Imh0dHA6Ly9pbWFnZS5yYWt1dGVuLmNvLmpwL2hiZXNwb2tlL2NhYmluZXQvZnJ1dHRpMDIvbmV3c19iYW5uZXIwNC5qcGciIFdJRFRIPTgwMCBIRUlHSFQ9MjAwIEFMVD0i546L5qeY44Gu44OW44Op44Oz44OB44Gn6Kmx6aGM44GrIj48YnI+CiAgICAgIDxicj4KICAgIDwvZGl2PjwvVEQ+CjwvVFI+CjxUUj4KPFREPgo8SU1HIFNSQz0iaHR0cDovL2ltYWdlLnJha3V0ZW4uY28uanAvaGJlc3Bva2UvY2FiaW5ldC9mcnV0dGkwMi9hbGJhX3NlcmVubzAzXzAxLmpwZyIgV0lEVEg9ODAwIEhFSUdIVD02MDkgQUxUPSJBTEJBIFNlcmVubyjjgqLjg6vjg5Djgrvjg6zjg7zjg44pIj48L1REPgo8L1RSPgo8VFI+CjxURD4KPElNRyBTUkM9Imh0dHA6Ly9pbWFnZS5yYWt1dGVuLmNvLmpwL2hiZXNwb2tlL2NhYmluZXQvZnJ1dHRpMDIvYWxiYV9zZXJlbm8wMV8wMi5qcGciIFdJRFRIPTgwMCBIRUlHSFQ9NjIxIEFMVD0i6L6844KB44KJ44KM44Gf44K544OI44O844Oq44O8Ij48L1REPgo8L1RSPgo8VFI+CjxURD4KPElNRyBTUkM9Imh0dHA6Ly9pbWFnZS5yYWt1dGVuLmNvLmpwL2hiZXNwb2tlL2NhYmluZXQvZnJ1dHRpMDIvYWxiYV9zZXJlbm8wMV8wMy5qcGciIFdJRFRIPTgwMCBIRUlHSFQ9NzY2IEFMVD0i44Os44K244O857S55LuLIj48L1REPgo8L1RSPgo8VFI+CiAgICA8VEQ+IDxJTUcgU1JDPSJodHRwOi8vaW1hZ2UucmFrdXRlbi5jby5qcC9oYmVzcG9rZS9jYWJpbmV0L2ZydXR0aTAyL2FsYmFfc2VyZW5vMDlfMDQuanBnIiBXSURUSD04MDAgSEVJR0hUPTc5NyBBTFQ9IuODrOOCtuODvOOBqOOBruWHuuS8muOBhOOBr+OCpOOCv+ODquOCouOBpyI+PC9URD4KPC9UUj4KPFRSPgo8VEQ+PElNRyBTUkM9Imh0dHA6Ly9pbWFnZS5yYWt1dGVuLmNvLmpwL2hiZXNwb2tlL2NhYmluZXQvZnJ1dHRpMDIvYWxiYV9zZXJlbm9fZWdhcmEwMi5qcGciIFdJRFRIPTgwMCBIRUlHSFQ9NjAwIEFMVD0i44Gy44Go44Gk44Gy44Go44Gk57W15p+E44GM6YGV44GG6ZmQ5a6a44Ki44Kk44OG44OgIj4KPC9URD4KPC9UUj4KPFRSPgoKCjxUUj4KPFREPgo8SU1HIFNSQz0iaHR0cDovL2ltYWdlLnJha3V0ZW4uY28uanAvaGJlc3Bva2UvY2FiaW5ldC9mcnV0dGkwMi9hbGJhX3NlcmVubzAxXzA1LmpwZyIgV0lEVEg9ODAwIEhFSUdIVD02ODQgQUxUPSLjgqLjgqTjgrPjg7Pjgqbjgqnjg6zjg4Pjg4hBTEJBIj48L1REPgo8L1RSPgo8VFI+CjxURD4KPElNRyBTUkM9Imh0dHA6Ly9pbWFnZS5yYWt1dGVuLmNvLmpwL2hiZXNwb2tlL2NhYmluZXQvZnJ1dHRpMDIvYWxiYV9zZXJlbm8wMV8wNi5qcGciIFdJRFRIPTgwMCBIRUlHSFQ9MzA0IEFMVD0i44Ki44Kk44Kz44Oz44Km44Kp44Os44OD44OIQUxCQeOCt+ODquODvOOCuue0ueS7iyI+PC9URD4KPC9UUj4KPFRSPgo8VEQ+CjxJTUcgU1JDPSJodHRwOi8vaW1hZ2UucmFrdXRlbi5jby5qcC9oYmVzcG9rZS9jYWJpbmV0L2ZydXR0aTAyL2FsYmFfc2VyZW5vMDFfMDcuanBnIiBXSURUSD04MDAgSEVJR0hUPTc3NyBBTFQ9IuODh+OCo+ODhuODvOODq+e0ueS7iyI+PC9URD4KPC9UUj4KPFRSPgo8VEQ+CjxJTUcgU1JDPSJodHRwOi8vaW1hZ2UucmFrdXRlbi5jby5qcC9oYmVzcG9rZS9jYWJpbmV0L2ZydXR0aTAyL2FsYmFfc2VyZW5vMDFfMDguanBnIiBXSURUSD04MDAgSEVJR0hUPTQ5MiBBTFQ9IuODh+OCo+ODhuODvOODq+e0ueS7iyI+PC9URD4KPC9UUj4KPFRSPgo8VEQ+CjxJTUcgU1JDPSJodHRwOi8vaW1hZ2UucmFrdXRlbi5jby5qcC9oYmVzcG9rZS9jYWJpbmV0L2ZydXR0aTAyL2FsYmFfc2VyZW5vMDFfMDkuanBnIiBXSURUSD04MDAgSEVJR0hUPTc2NSBBTFQ9IuODh+OCo+ODhuODvOODq+e0ueS7iyI+PC9URD4KPC9UUj4KPFRSPgo8VEQ+CjxJTUcgU1JDPSJodHRwOi8vaW1hZ2UucmFrdXRlbi5jby5qcC9oYmVzcG9rZS9jYWJpbmV0L2ZydXR0aTAyL2FsYmFfc2VyZW5vMDFfMTAuanBnIiBXSURUSD04MDAgSEVJR0hUPTM4MyBBTFQ9IuODluODqeODs+ODiee0ueS7iyI+PC9URD4KPC9UUj4KPFRSPgo8VEQ+CjxJTUcgU1JDPSJodHRwOi8vaW1hZ2UucmFrdXRlbi5jby5qcC9oYmVzcG9rZS9jYWJpbmV0L2ZydXR0aTAyL2FsYmFfc2VyZW5vMDFfMTEuanBnIiBXSURUSD04MDAgSEVJR0hUPTg5MiBBTFQ9IuODh+OCo+ODhuODvOODq+e0ueS7iyI+PC9URD4KPC9UUj4KCiAgPFRSPjxURD48YnI+CiAgICAgIDxicj4KICAgICAgIAogICAgICA8dGFibGUgd2lkdGg9IjgwMCIgY2VsbHBhZGRpbmc9IjAiIGNlbGxzcGFjaW5nPSIwIiBiZ2NvbG9yPSIjMDAwMDAwIj4KICAgICAgIDx0cj4gCiAgICAgICAgICA8dGQ+PGltZyBzcmM9Imh0dHA6Ly9pbWFnZS5yYWt1dGVuLmNvLmpwL2hiZXNwb2tlL2NhYmluZXQvZnJ1dHRpMDIvc2VyZW5vX21lcy5qcGciIHdpZHRoPSI4MDAiIGhlaWdodD0iNTAiPjxicj4KICAgICAgICAgICAgPC90ZD48L3RyPjx0cj4gCiAgICAgICAgICA8dGQ+PGJyPgogICAgICAgICAgICA8dGFibGUgd2lkdGg9IjgwMCIgY2VsbHBhZGRpbmc9IjAiIGNlbGxzcGFjaW5nPSIwIiBiZ2NvbG9yPSIjMDAwMDAwIj4KICAgICAgICAgICAgICA8dHI+IAogICAgICAgICAgICAgICAgPHRkIGhlaWdodD0iMTMiIHZhbGlnbj0idG9wIiBiZ2NvbG9yPSIjMDAwMDAwIj4gCiAgICAgICAgICAgICAgICAgIDxJRlJBTUUgCnNyYz0iaHR0cDovL3d3dy5yYWt1dGVuLm5lLmpwL2dvbGQvaGJlc3Bva2UvZnJ1dHRpL2FsYmEvc2VyZW5vX3JldjAxLmh0bSIgCmZyYW1lQm9yZGVyPW5vIHdpZHRoPTg0MCBzY3JvbGxpbmc9eWVzIGhlaWdodD00MDA+PC9JRlJBTUU+PC90ZD4KICAgICAgICAgICAgICA8L3RyPgogICAgICAgICAgICA8L3RhYmxlPgogICAgICAgICAgICA8YnI+PC90ZD4KICAgICAgICAgICAgICA8L3RyPgogICAgICAgICAgICAgICA8L3RhYmxlPgoKPC90ZD4KPC90cj4KCjxUUj4KPFREPgo8SU1HIFNSQz0iaHR0cDovL2ltYWdlLnJha3V0ZW4uY28uanAvaGJlc3Bva2UvY2FiaW5ldC9mcnV0dGkwMi9hbGJhX3NlcmVubzEwXzEyLmpwZyIgV0lEVEg9ODAwIEhFSUdIVD04MTAgQUxUPSLjg4fjg7zjgr8iPjwvVEQ+CjwvVFI+CgoKCjx0cj48dGQ+ICAgICAgICAKCiAgICAgIDxJTUcgU1JDPSJodHRwOi8vaW1hZ2UucmFrdXRlbi5jby5qcC9oYmVzcG9rZS9jYWJpbmV0L2ZydXR0aTAzLzg1MF9mcnVfd3JhcC5qcGciIFdJRFRIPTg1MCBIRUlHSFQ9MzAwIEFMVD0i44Oq44Oc44Oz44Op44OD44OU44Oz44Kw54Sh5paZIj48YnI+PGJyPjxicj4KPC90ZD48L3RyPgoKPFRSPgo8VEQ+Cgo8ZGl2IGFsaWduPSJjZW50ZXIiPgoKPFRBQkxFIFdJRFRIPTgwMCBCT1JERVI9MCBDRUxMUEFERElORz0wIENFTExTUEFDSU5HPTAgYmdjb2xvcj0iYmxhY2siPgo8VFI+CjxURD4KPElNRyBTUkM9Imh0dHA6Ly9pbWFnZS5yYWt1dGVuLmNvLmpwL2hiZXNwb2tlL2NhYmluZXQvZnJ1dHRpMDMvc2VyZW5vc2VyaWVzXzAxLmpwZyIgV0lEVEg9MzU1IEhFSUdIVD0yMDAgQUxUPSIiIGJvcmRlcj0iMCI+PC9URD4KPFREPgo8YSBocmVmPSJodHRwOi8vaXRlbS5yYWt1dGVuLmNvLmpwL2hiZXNwb2tlL2MvMDAwMDAwMDk2NS8iIHRhcmdldD0iX2JsYW5rIj4KPElNRyBTUkM9Imh0dHA6Ly9pbWFnZS5yYWt1dGVuLmNvLmpwL2hiZXNwb2tlL2NhYmluZXQvZnJ1dHRpMDMvc2VyZW5vc2VyaWVzXzAyLmpwZyIgV0lEVEg9MTczIEhFSUdIVD0yMDAgQUxUPSIiIGJvcmRlcj0iMCI+PC9hPjwvVEQ+CjxURD4KPGEgaHJlZj0iaHR0cDovL2l0ZW0ucmFrdXRlbi5jby5qcC9oYmVzcG9rZS9jLzAwMDAwMDEwNDQvIiB0YXJnZXQ9Il9ibGFuayI+CjxJTUcgU1JDPSJodHRwOi8vaW1hZ2UucmFrdXRlbi5jby5qcC9oYmVzcG9rZS9jYWJpbmV0L2ZydXR0aTAzL3NlcmVub3Nlcmllc18wMy5qcGciIFdJRFRIPTEyOSBIRUlHSFQ9MjAwIEFMVD0iIiBib3JkZXI9IjAiPjwvYT48L1REPgo8VEQ+CjxhIGhyZWY9Imh0dHA6Ly9pdGVtLnJha3V0ZW4uY28uanAvaGJlc3Bva2UvYy8wMDAwMDAxNTcxLyIgdGFyZ2V0PSJfYmxhbmsiPgo8SU1HIFNSQz0iaHR0cDovL2ltYWdlLnJha3V0ZW4uY28uanAvaGJlc3Bva2UvY2FiaW5ldC9mcnV0dGkwMy9zZXJlbm9zZXJpZXNfMDQuanBnIiBXSURUSD0xNDMgSEVJR0hUPTIwMCBBTFQ9IiIgYm9yZGVyPSIwIj48L2E+PC9URD4KPC9UUj4KPC9UQUJMRT4gPC9kaXY+Cjxicj48YnI+PGJyPgoKPC9URD4KPC9UUj4KPC9UQUJMRT4KPGJyPgoKCgoKCgoKCgoKPGJyPjxicj4KCjxhIGhyZWY9Imh0dHA6Ly9pdGVtLnJha3V0ZW4uY28uanAvaGJlc3Bva2UvYy8wMDAwMDAwMjI2LyIgdGFyZ2V0PSJfYmxhbmsiPjxpbWcgCgpzcmM9Imh0dHA6Ly9pbWFnZS5yYWt1dGVuLmNvLmpwL2hiZXNwb2tlL2NhYmluZXQvZnJ1dHRpMDIvZnJ1X2FsbGJuci5naWYiIHdpZHRoPSI4MDAiIAoKaGVpZ2h0PSI0MCIgYm9yZGVyPSIwIj48L2E+IAoKCgoKCjxpZnJhbWUgaGVpZ2h0PSIxIiBzcmM9Imh0dHA6Ly93d3cucmFrdXRlbi5uZS5qcC9nb2xkL2hiZXNwb2tlL3Jtay9ybWstc2VyZW5vLXIuaHRtIiBmcmFtZWJvcmRlcj0ibm8iIHdpZHRoPSI1IiBzY3JvbGxpbmc9Im5vIj48L2lmcmFtZT4KCjxicj4KCgoKCjxicj4KCjxpZnJhbWUgc3JjPSJodHRwOi8vd3d3LnJha3V0ZW4ubmUuanAvZ29sZC9oYmVzcG9rZS9yZXZpZXdfci5odG0iIHdpZHRoPSI4NTAiIGhlaWdodD0iMTAwIgpzY3JvbGxpbmc9Im5vIiBmcmFtZWJvcmRlcj0ibm8iPjwvaWZyYW1lPgoKCgo8YnI+CgoKPGJyPgo8YnI+CgoKPHN0eWxlIHR5cGU9InRleHQvY3NzIj4KZGl2LlByb0NvbW1lbnREe21hcmdpbi1sZWZ0OjVweDtwYWRkaW5nOjVweDtmb250LWZhbWlseToi44OS44Op44Ku44OO5Li444K0IFBybyBXNCIsIkhpcmFnaW5vIE1hcnUgR290aGljIFBybyIsIuODoeOCpOODquOCqiIsTWVpcnlvLCJMdWNpZGEgR3JhbmRlIixBcmlhbCxIZWx2ZXRpY2Esc2Fucy1zZXJpZiA7Zm9udC1zaXplOjE2cHg7dGV4dC1hbGlnbjpsZWZ0IWltcG9ydGFudDt9CnNwYW4uQ29tUmVkTER7Zm9udC1zaXplOjE2cHg7Zm9udC13ZWlnaHQ6Ym9sZDtjb2xvcjojREMxNDNDO30Kc3Bhbi5Db21LTXtmb250LXNpemU6MTRweDtmb250LXdlaWdodDpub3JtYWw7Y29sb3I6IzMzMzt9CnNwYW4uQ29tTGluZXt0ZXh0LWRlY29yYXRpb246dW5kZXJsaW5lO30KCi5hdXRvLXN0eWxlMSB7CnRleHQtYWxpZ246IGNlbnRlcjsKfQoKPC9zdHlsZT4KPGRpdiBjbGFzcz0iUHJvQ29tbWVudEQiPiA8c3BhbiBjbGFzcz0iQ29tUmVkTEQiPiAKICA8dGFibGUgd2lkdGg9Ijg1MCIgYm9yZGVyPSIwIiBjZWxscGFkZGluZz0iMCIgY2VsbHNwYWNpbmc9IjAiIGJnY29sb3I9IiNGRkNDQ0MiIGJvcmRlcmNvbG9yPSIjQ0NDQ0NDIiBjbGFzcz0idW5uYW1lZDEiIHN0eWxlPSJoZWlnaHQ6IDEzN3B4Ij4KICAgIDx0cj4gCiAgICAgIDx0ZCBoZWlnaHQ9IjEzMyI+IAogIDx0YWJsZSB3aWR0aD0iODUwIiBib3JkZXI9IjAiIGNlbGxwYWRkaW5nPSIyMCIgY2VsbHNwYWNpbmc9IjAiIHN0eWxlPSJoZWlnaHQ6IDEzM3B4Ij4KICAgICAgICAgIDx0cj4gCiAgICAgICAgICAgIDx0ZD48ZGl2IGNsYXNzPSJhdXRvLXN0eWxlMSI+IAogICAgICAgICAgICAgICAgPHAgY2xhc3M9ImF1dG8tc3R5bGUxIj48c3BhbiBjbGFzcz0iQ29tUmVkTCI+PGZvbnQgc2l6ZT0iMiI+PGI+Cjxmb250IGNvbG9yPSIjRkYwMDMzIiBzaXplPSI0Ij7il48g5LqI57SE44Kq44O844OA44O85Y+X5LuY5Lit44Gn44GZIOKXjyA8L2ZvbnQ+PC9iPjxicj4KCjxmb250IGNvbG9yPSIjRkYwMDMzIiBzaXplPSIyIj7jgJDkuojntITvvI825pyI5Ye66I2344CR44Kq44O844OA44O85Y+X5LuY6ZaL5aeL44GX44G+44GX44Gf44CC44Gf44Gg44GE44G+44GU5rOo5paH44GE44Gf44Gg44GR44G+44GZ44CCPC9mb250Pjxicj4KCiAgICAgICAgICAgICAgICAgIDxmb250IGNvbG9yPSIjMzMzMzMzIj48YnIgLz4KICAgICAgICAgICAgICAgICAg44Os44K244O86Kq/6YGU44Gu6YO95ZCI5LiK44CB5LiA5bqm44Gr5aSa44GP44GK5L2c44KK44GZ44KL44GT44Go44GM6Zuj44GX44GP44CB44Gf44Gg44GE44G+5Y+X5LuY5Lit44Gu5Ye66I235pel5YiG44KC5pWw44Gr6ZmQ44KK44GM44GU44GW44GE44G+44GZ44Gu44Gn44CBPGJyPuOBiuaApeOBjuOBruaWueOBr+OBiuaXqeOCgeOBq+ODmuODvOOCuOOCkuOBlOimp+OBj+OBoOOBleOBhOOBvuOBm+OAgiAgICAgICA8L2ZvbnQ+PC9mb250Pjwvc3Bhbj48L3A+CiAgICAgICAgICAgICAgPC9kaXY+PC90ZD4KICAgICAgICAgIDwvdHI+CiAgICAgICAgPC90YWJsZT48L3RkPgogICAgPC90cj4KICA8L3RhYmxlPgoKICA8L3NwYW4+IDwvZGl2PgoKCjxicj4KPGJyPgoKCjxzdHlsZSB0eXBlPSJ0ZXh0L2NzcyI+CiNyYWt1dGVuTGltaXRlZElkX2Fyb3VuZENhcnQgaW5wdXRbdmFsdWU9Iuiyt+OBhOeJqeOBi+OBlOOBq+WFpeOCjOOCiyJdewpiYWNrZ3JvdW5kLWltYWdlOiB1cmwoImh0dHA6Ly9pbWFnZS5yYWt1dGVuLmNvLmpwL2hiZXNwb2tlL2NhYmluZXQvdG9wL3RvcDIvcmFrdXRlbmJvdGFuLmpwZyIpICFpbXBvcnRhbnQ7CndpZHRoOjQ2N3B4ICFpbXBvcnRhbnQ7CmhlaWdodDo4NXB4ICFpbXBvcnRhbnQ7CmJhY2tncm91bmQtcmVwZWF0Om5vLXJlcGVhdDsKYmFja2dyb3VuZC1wb3NpdGlvbjogbGVmdCB0b3AgIWltcG9ydGFudDsKdGV4dC1pbmRlbnQ6MTAwJTsKd2hpdGUtc3BhY2U6bm93cmFwOwpvdmVyZmxvdzpoaWRkZW47CmJvcmRlcjogbm9uZTsKcGFkZGluZzowOwptYXJnaW4tdG9wOjVweCAwOwpjdXJzb3I6cG9pbnRlcjsKfQojcmFrdXRlbkxpbWl0ZWRJZF9hcm91bmRDYXJ0IHRib2R5IHRyIHRkIGlucHV0OmhvdmVyewphbHBoYShvcGFjaXR5PTgpOwotbW96LW9wYWNpdHk6MC44OwpvcGFjaXR5OjAuODsKY3Vyc29yOnBvaW50ZXI7Cn0KPC9zdHlsZT4=,44CQRlJVVFRJ44CR44Gy44Go44KB5oOa44KM57aa5Ye64pmqIOawtOW9qeeUu+OBruOCiOOBhuOBquODrOOCtuODvOOBp+S7leeri+OBpuOCi0FMQkEgU2VyZW5v77yI44Ki44Or44OQIOOCu+ODrOODvOODju+8ieOAgOmVt+iyoeW4g+OAgOiKseafhOOAgOODleODq+ODg+ODhuOCo++8mumZkOWumuODkOODg+OCsOOBqOWHuuS8muOBiOOCi+OCqOODq+ODiOOCpeODvOOCrw==,44OP44Oz44OJ44OQ44OD44Kw44OQ44OD44Kw44Oc44K544OI44Oz44OQ44OD44Kw5peF6KGM44OQ44OD44Kw6LKh5biD44Km44Kp44Os44OD44OI6Z2p5bCP54mp55qH5a6k5b6h55So6YGU6ICB6IiX6ZmQ5a6a5ZOB44K344On44OR44O844Or5bGx55Sw5bmz5a6J5aCCQVRBT+OCouOCv+OCqlBJQ0FSREZSVVRUSeODleODq+ODg+ODhuOCo+ODreODmeODq+OCv+ODh+OCo+OCq+ODoeODquODvOODjk9UQU5JUllVSknlpKfosLfjg6rjg6XjgqbjgrjjgJBGUlVUVEnjgJHjgbLjgajjgoHmg5rjgozntprlh7rimaog5rC05b2p55S744Gu44KI44GG44Gq44Os44K244O844Gn5LuV56uL44Gm44KLQUxCQSBTZXJlbm/vvIjjgqLjg6vjg5Ag44K744Os44O844OO77yJ44CA6ZW36LKh5biD44CA6Iqx5p+E44CA44OV44Or44OD44OG44Kj,6ZW36LKh5biDIOiKseafhCBGUlVUVEkgREkgQk9TQ08g44OV44Or44OD44OG44KjIOOAguOAkEZSVVRUSeOAkeOBsuOBqOOCgeaDmuOCjOe2muWHuuKZqiDmsLTlvannlLvjga7jgojjgYbjgarjg6zjgrbjg7zjgafku5Xnq4vjgabjgotBTEJBIFNlcmVub++8iOOCouODq+ODkCDjgrvjg6zjg7zjg47vvInjgIDplbfosqHluIPjgIDoirHmn4TjgIDjg5Xjg6vjg4Pjg4bjgqM=[rn]
39-76418,aHR0cDovL3RzaG9wLnIxMHMuanAvaGJlc3Bva2UvY2FiaW5ldC80MDAvbW9hNDAwXzAzLmpwZz9maXRpbj03MDA6NzAw,MjE2MDAuMDAwMA==,,44OQ44OD44Kw44O75bCP54mp44O744OW44Op44Oz44OJ6ZuR6LKoID4g6LKh5biD44O744Kx44O844K5ID4g44Os44OH44Kj44O844K56LKh5biD,44CQ44Ot44OZ44Or44K/44CR5Y+O57SN5Yqb44Gf44Gj44G344KK4peO44Oe44OJ44Oz44OK44KC6a2F5LqG44GX44GfUuODreOCtOOBrumbouOCjOOCieOCjOOBquOBj+OBquOCiyDjgbXjgYvjgbXjgYvjg6zjgrbjg7zplbfosqHluIMgTW9h77yI44Oi44Ki77yJ44Kk44K/44Oq44Ki44Gu6ICB6IiX44OW44Op44Oz44OJUm9iZXJ0YSBkaSBDYW1lcmlub++8iOODreODmeODq+OCvyDjg4fjgqMg44Kr44Oh44Oq44O844OO77yJ44Gud2Vi6ZmQ5a6a44Os44OH44Kj44O844K544Km44Kp44Os44OD44OI,44Kk44K/44Oq44Ki44Gu6ICB6IiX44Ot44OZ44Or44K/44Gud2Vi6ZmQ5a6a44Op44Kk44Oz6ZW36LKh5biD,PHRhYmxlIGFsaWduPSJjZW50ZXIiIHdpZHRoPSI4MDAiIGJvcmRlcj0iMCIgY2VsbHBhZGRpbmc9IjAiIGNlbGxzcGFjaW5nPSIwIiBhbGlnbj0iY2VudGVyIiBjbGFzcz0idW5uYW1lZDEiPgo8dHI+IAogICAgPHRkIHdpZHRoPSI4MDUiPjx0YWJsZSB3aWR0aD0iODAwIiBib3JkZXI9IjAiIGNlbGxzcGFjaW5nPSIwIiBjZWxscGFkZGluZz0iMjAiPgogICAgICAgIDx0cj4gCgo8cCBhbGlnbj0iY2VudGVyIj48c3BhbiBjbGFzcz0iQ29tUmVkTCI+Cjxmb250IGZhY2U9IuWwj+WhmuOCtOOCt+ODg+OCryBQcm8gQiIgY29sb3I9IiNDQzAwMzMiIHNpemU9IjIiPjxicj4gCuOAjEJBSUxB44CN44Gr5o6y6LyJ44GV44KM44Gf44GT44Go44KC44GC44KK44CBPGJyPgog44Gf44Gg44GE44G+6Z2e5bi444Gr5aSa44GP44Gu44GK5a6i5qeY44GL44KJ44GK5ZWP44GE5ZCI44KP44Gb44KS5Y+X44GR5LuY44GR44Gm44GK44KK44G+44GZ44CCPGJyPjwvZm9udD48L3NwYW4+PC9wPgogICAgICAgICAgCjx0ZD48Zm9udCBjb2xvcj0iI0ZGMDA2NiIgc2l6ZT0iMiI+CuODnuODieODs+ODiuOCguaBi+OBl+OBn+KAnFLigJ3jg57jg7zjgq/jgILjg5Hjg4Pjg4Hjg6/jg7zjgq/jgb/jgZ/jgYTjgarigJxS4oCd44Gu44CB44G144GL44G144GL44Os44K244O86ZW36LKh5biDIE1vYeKZqjxicj48L2ZvbnQ+CjxiPjxmb250IGZhY2U9IuWwj+WhmuOCtOOCt+ODg+OCryBQcm8gQiIgY29sb3I9IiNGRjAwNjYiIHNpemU9IjMiPuKWvOOAgOOBn+OBoOOBhOOBvuOAkOOBlOS6iOe0hOOCquODvOODgOODvOOAkeWPl+S7mOS4reOBp+OBmeOAgO+8nOOAgOmZkOWumuaVsOOBp+OBruWPl+S7mOOBp+OBmeOAgO+8ngo8L2ZvbnQ+PC9iPjxmb250IHNpemU9IjIiPjxicj4KICAgICAgICAgICAgPGJyIC8+CuOBteOBo+OBj+OCiSDigJxS4oCdIOODnuODvOOCr+OBruODreODs+OCsOOCpuOCqeODrOODg+ODiOOAguS4rei6q+OCkuOBjuOCheOBo+OBqOOBpOOCgeOBpuOAgeKAnOOBteOBo+OBj+OCieKAnSDjgoLjgaPjgabpoILjgY3jgZ/jgYTjgqLjgqTjg4bjg6DjgafjgZnjgILogbfkurrjgYwx5pys44Ga44Gk5omL5L2c5qWt44Gn5LuV56uL44Gm44KL44Gf44KB44CB5LiA5bqm44Gr44GK5LuV56uL44Gm44Gn44GN44KL5pys5pWw44Gr6ZmQ44KK44GM44GC44KK44CB6ZmQ5a6a5pWw44Gn44Gu44GU57S55LuL44Go44Gq44KK44G+44GZ44CC44GK44GL44GS5qeY44Gn44GU5aW96KmV6aCC44GE44Gm44GK44KK44GZ44GQ44Gr44GK5bGK44GR5YiG44GM57WC5LqG44GX44Gm44GK44KK44G+44GZ44Gu44Gn44CB44Gf44Gg44GE44G+44GU5LqI57SE44Kq44O844OA44O844Gr44Gm5Y+X5LuY44GX44Gm44GK44KK44G+44GZ44CCPGJyIC8+CgogIDxiciAvPgogIO+8iuOBlOeUqOaEj+WIhueEoeOBj+OBquOCiuasoeesrOOAgeWPl+S7mOe1guS6huOBqOOBleOBm+OBpumgguOBjeOBvuOBmeOAgjxicj4KCjxiciAvPgo8L2ZvbnQ+CiAgICAgICAgICAgICAgICAgIDx0YWJsZSB3aWR0aD0iNzAwIiBib3JkZXI9IjAiIGNlbGxwYWRkaW5nPSIzIiBjZWxsc3BhY2luZz0iMCIgYWxpZ249ImNlbnRlciI+CiAgICAgICAgICAgICAgICAgICAgICAgICAgICAgICAgICAgICAgICAgICAgICAgICAgIAogICAgICAgICAgIAo8dHI+IAo8dGQgc3R5bGU9IndpZHRoOiAxODdweDsgaGVpZ2h0OiAxNnB4OyI+PGZvbnQgY29sb3I9IiMwMDAwMDAiIHNpemU9IjIiPuKXjzXmnIgyNeaXpemgg+WHuuiNt+WIhjwvZm9udD48L3RkPgo8dGQgc3R5bGU9ImhlaWdodDogMTZweCI+PHNwYW4gY2xhc3M9IkNvbVJlZEwiPjxmb250IGNvbG9yPSIjMDAwMDAwIiBzaXplPSIyIj7jgZTnlKjmhI/mlbDntYLkuobDlzwvZm9udD48L3NwYW4+PC90ZD4KPC90cj4KCjx0cj4gCjx0ZCBzdHlsZT0id2lkdGg6IDE4N3B4OyBoZWlnaHQ6IDE2cHg7Ij48Zm9udCBjb2xvcj0iIzAwMDAwMCIgc2l6ZT0iMiI+4pePNeaciDMx5pel6aCD5Ye66I235YiGPC9mb250PjwvdGQ+Cjx0ZCBzdHlsZT0iaGVpZ2h0OiAxNnB4Ij48c3BhbiBjbGFzcz0iQ29tUmVkTCI+PGZvbnQgY29sb3I9IiMwMDAwMDAiIHNpemU9IjIiPuOBlOeUqOaEj+aVsOe1guS6hsOXPC9mb250Pjwvc3Bhbj48L3RkPgo8L3RyPgoKPHRyPiAKPHRkIHN0eWxlPSJ3aWR0aDogMTg3cHg7IGhlaWdodDogMTZweDsiPjxmb250IGNvbG9yPSIjMDAwMDAwIiBzaXplPSIyIj7il4825pyIMuaXpemgg+WHuuiNt+WIhjwvZm9udD48L3RkPgo8dGQgc3R5bGU9ImhlaWdodDogMTZweCI+PHNwYW4gY2xhc3M9IkNvbVJlZEwiPjxmb250IGNvbG9yPSIjMDAwMDAwIiBzaXplPSIyIj7jgZTnlKjmhI/mlbDntYLkuobDlzwvZm9udD48L3NwYW4+PC90ZD4KPC90cj4KCgo8dHI+Cjx0ZCBzdHlsZT0id2lkdGg6IDE4N3B4OyBoZWlnaHQ6IDE2cHg7Ij48Zm9udCBjb2xvcj0iI0ZGMDA2NiIgc2l6ZT0iMiI+4pePNuaciDnml6XpoIPlh7rojbc8L2ZvbnQ+PC90ZD4KPHRkIHN0eWxlPSJoZWlnaHQ6IDE2cHgiPjxmb250IGNvbG9yPSIjRkYwMDY2IiBzaXplPSIyIj4K44Ot44OD44K944CB44OQ44K/44O844Kk44Ko44Ot44O8IOKGkuOAgOaui+OCiuOCj+OBmuOBi+OBp+OBmeOAgOKWszwvZm9udD48L3RkPgo8L3RyPgoKPHRyPgo8dGQgc3R5bGU9IndpZHRoOiAxODdweDsgaGVpZ2h0OiAxNnB4OyI+PGZvbnQgY29sb3I9IiNGRjAwNjYiIHNpemU9IjIiPuKXjzbmnIgyMeaXpemgg+WHuuiNtzwvZm9udD48L3RkPgo8dGQgc3R5bGU9ImhlaWdodDogMTZweCI+PGZvbnQgY29sb3I9IiNGRjAwNjYiIHNpemU9IjIiPgrjg43jgqTjg5Pjg7wg4oaS44CA5q6L44KK44KP44Ga44GL44Gn44GZ44CA4pazPC9mb250PjwvdGQ+CjwvdHI+CgoKPC90YWJsZT4KICAgICAgICAgICAgICAgICA8L3RkPgogICAgICAgIDwvdHI+CiAgICAgIDwvdGFibGU+CiAgICAgIDx0YWJsZSB3aWR0aD0iODAwIiBib3JkZXI9IjAiIGNlbGxwYWRkaW5nPSIxMCIgY2VsbHNwYWNpbmc9IjAiIGJvcmRlcmNvbG9yPSIjQ0NDQ0NDIj4KICAgICAgICA8dHI+IAogICAgICAgICAgCjx0ZCBhbGlnbj0ibGVmdCI+PGZvbnQgY29sb3I9IiM5OTk5OTkiIHNpemU9IjEiPu+8ikdpYWRhIFJvYmVydGEgZGkgQ2FtZXJpbm/jga7llYblk4Hjga/jgIHlhazlvI/lj5bmibHlupfjga7jgb/osqnlo7LjgZfjgabjgYrjgorjgb7jgZnjgILjgb7jgZ/jgIHlubTplpPjgpLpgJrjgZfjgabjgrvjg7zjg6vosqnlo7Ljga/ooYzjgaPjgabjgYrjgorjgb7jgZvjgpPjgII8L2ZvbnQ+PC90ZD4KICAgICAgICA8L3RyPgogICAgICA8L3RhYmxlPjwvdGQ+CiAgPC90cj4KPC90YWJsZT4KCgoKCjxicj4KPGJyPgoKCjxkaXYgYWxpZ249ImNlbnRlciI+Cgo8Zm9udCBjb2xvcj0iI0ZGMDA2NiIgc2l6ZT0iMiI+CuKWvOalveWkqeODrOODh+OCo+ODvOOCueiyoeW4g+ODqeODs+OCreODs+OCsOOAgDxiPjHkvY08L2I+5Y+X6LOe44Ki44Kk44OG44Og44Gn44GZ44CCPC9mb250Pjxicj4KPGltZyBhbHQ9IiIgc3JjPSJodHRwOi8vaW1hZ2UucmFrdXRlbi5jby5qcC9oYmVzcG9rZS9jYWJpbmV0L3JvYmVydGEyL2xhbmstbW9hMDQuZ2lmIiBoZWlnaHQ9IjE5NSIgd2lkdGg9IjgwMCI+PGJyPjxicj48L2Rpdj4KCgoKCgo8YnI+Cgo8VEFCTEUgYWxpZ249ImNlbnRlciIgV0lEVEg9ODAwIEJPUkRFUj0wIENFTExQQURESU5HPTAgQ0VMTFNQQUNJTkc9MD4KCgoKCgoKPFRSPjxURD48SU1HIFNSQz0iaHR0cDovL2ltYWdlLnJha3V0ZW4uY28uanAvaGJlc3Bva2UvY2FiaW5ldC9yb2JlcnRhMi9tb2EtbWFpbjA0LmpwZyI+PC9URD48L1RSPgo8VFI+PFREPjxJTUcgU1JDPSJodHRwOi8vaW1hZ2UucmFrdXRlbi5jby5qcC9oYmVzcG9rZS9jYWJpbmV0L3JvYmVydGEyL21vYTIwMTRfMDIuanBnIj48L1REPjwvVFI+CjxUUj48VEQ+PElNRyBTUkM9Imh0dHA6Ly9pbWFnZS5yYWt1dGVuLmNvLmpwL2hiZXNwb2tlL2NhYmluZXQvcm9iZXJ0YTIvbW9hMjAxNF8wMl8wMy5qcGciIGhlaWdodD0iNzY2IiB3aWR0aD0iODAwIj48L1REPjwvVFI+CjxUUj48VEQ+PElNRyBTUkM9Imh0dHA6Ly9pbWFnZS5yYWt1dGVuLmNvLmpwL2hiZXNwb2tlL2NhYmluZXQvcm9iZXJ0YTIvbW9hMjAxNF8wNC5qcGciPjwvVEQ+PC9UUj4KPFRSPjxURD48SU1HIFNSQz0iaHR0cDovL2ltYWdlLnJha3V0ZW4uY28uanAvaGJlc3Bva2UvY2FiaW5ldC9yb2JlcnRhMi9tb2EyMDE1X3NzXzA1LmpwZyIgaGVpZ2h0PSI3NzgiIHdpZHRoPSI4MDAiPjwvVEQ+PC9UUj4KPFRSPjxURD48YnI+PGJyPjxicj4KPElNRyBTUkM9Imh0dHA6Ly9pbWFnZS5yYWt1dGVuLmNvLmpwL2hiZXNwb2tlL2NhYmluZXQvcm9iZXJ0YTIvbW9hLWNvbG9yMjAxNG5fMDEuanBnIj48L1REPjwvVFI+CjxUUj48VEQ+PGJyPjxicj48SU1HIFNSQz0iaHR0cDovL2ltYWdlLnJha3V0ZW4uY28uanAvaGJlc3Bva2UvY2FiaW5ldC9yb2JlcnRhMi9tb2EtY29sb3IyMDE0bl8wMi5qcGciPjwvVEQ+PC9UUj4KCgoKPCEtLeODouOCoiDjgqrjg6zjg7PjgrjjgZPjgZPjgYvjgoktLT4KPCEtLQo8dHI+PHRkPjxicj48YnI+PGJyPjxicj48ZGl2IGFsaWduPSJjZW50ZXIiPgo8Zm9udCBjb2xvcj0iI2ZmNDUwMCIgc2l6ZT0iNCIgZmFjZT0i5bCP5aGa44K044K344OD44KvIFBybyBCIj48Yj7mnIDmlrDjgqvjg6njg7zjgJBmbG9yYSBvcmFuZ2XvvIjjg5Xjg63jg7zjg6kg44Kq44Os44Oz44K477yJ44CR55m75aC04pmqPGJyPuKWvOKWvOKWvDwvYj48L2ZvbnQ+IDxicj48L2Rpdj48L3RkPjwvdHI+CjxUUj48VEQ+PElNRyBTUkM9Imh0dHA6Ly9pbWFnZS5yYWt1dGVuLmNvLmpwL2hiZXNwb2tlL2NhYmluZXQvcm9iZXJ0YTIvbW9hX29yYW5nZTNfMDEuanBnIiBBTFQ9IiI+PC9URD48L1RSPgo8VFI+PFREPjxJTUcgU1JDPSJodHRwOi8vaW1hZ2UucmFrdXRlbi5jby5qcC9oYmVzcG9rZS9jYWJpbmV0L3JvYmVydGEyL21vYV9vcmFuZ2UzXzAyLmpwZyIgQUxUPSIiPjwvVEQ+PC9UUj4KPFRSPjxURD4KPGJyIC8+CjwvVEQ+PC9UUj4KLS0+CjwhLS3jg6LjgqLjgIDjgqrjg6zjg7PjgrjjgZPjgZPjgb7jgactLT4KCgoKCgo8VFI+PFREPjxicj48YnI+CjxJTUcgU1JDPSJodHRwOi8vaW1hZ2UucmFrdXRlbi5jby5qcC9oYmVzcG9rZS9jYWJpbmV0L3JvYmVydGEyL21vYS1jb2xvcjIwMTVieS5qcGciPjwvVEQ+PC9UUj4KCgoKPFRSPjxURD48YnI+PGJyPjxJTUcgU1JDPSJodHRwOi8vaW1hZ2UucmFrdXRlbi5jby5qcC9oYmVzcG9rZS9jYWJpbmV0L3JvYmVydGEyL21vYS1jb2xvcjIwMTZyb3Nzby5qcGciIGhlaWdodD0iNTAwIiB3aWR0aD0iODAwIj48L1REPjwvVFI+CgoKCgoKCgoKCgoKPC9UQUJMRT4KCgoKCgoKPFRBQkxFIGFsaWduPSJjZW50ZXIiIFdJRFRIPTgwMCBCT1JERVI9MCBDRUxMUEFERElORz0wIENFTExTUEFDSU5HPTA+CjxUUj48VEQ+PGJyPjxicj48SU1HIFNSQz0iaHR0cDovL2ltYWdlLnJha3V0ZW4uY28uanAvaGJlc3Bva2UvY2FiaW5ldC9yb2JlcnRhMi9tb2FfaW5uZXJfMDEuanBnIiBXSURUSD04MDAgSEVJR0hUPTgzMiBBTFQ9IiI+PC9URD48L1RSPgo8VFI+PFREPjxJTUcgU1JDPSJodHRwOi8vaW1hZ2UucmFrdXRlbi5jby5qcC9oYmVzcG9rZS9jYWJpbmV0L3JvYmVydGEyL21vYV9pbm5lcl8wMi5qcGciIFdJRFRIPTgwMCBIRUlHSFQ9NTY4IEFMVD0iIj48YnI+PGJyPjwvVEQ+PC9UUj4KPHRyPjx0ZD48aW1nIGFsdD0iIiBzcmM9Imh0dHA6Ly9pbWFnZS5yYWt1dGVuLmNvLmpwL2hiZXNwb2tlL2NhYmluZXQvcm9iZXJ0YTIvbW9hX2RldGFpbF9uYXZ5Mi5qcGciIGhlaWdodD0iNDEzIiB3aWR0aD0iODAwIj48YnI+PGJyPjxicj48L3RkPjwvdHI+IAo8dHI+PHRkPjxpbWcgYWx0PSIiIHNyYz0iaHR0cDovL2ltYWdlLnJha3V0ZW4uY28uanAvaGJlc3Bva2UvY2FiaW5ldC9yb2JlcnRhL21vYV9jbDMuZ2lmIiBoZWlnaHQ9IjI0MCIgd2lkdGg9IjgwMCI+PC90ZD48L3RyPiAKPHRyPjx0ZCBhbGlnbj0iY2VudGVyIj48YnI+PGJyPjxpbWcgYWx0PSIiIHNyYz0iaHR0cDovL2ltYWdlLnJha3V0ZW4uY28uanAvaGJlc3Bva2UvY2FiaW5ldC9yb2JlcnRhMi9yZXYtbW9hMDIuanBnIiBoZWlnaHQ9Ijg1MCIgd2lkdGg9Ijc1MCI+PGJyIC8+Cjxicj48L3RkPjwvdHI+IAo8L1RBQkxFPgoKPGJyPjxicj4KCgo8dGFibGUgYWxpZ249ImNlbnRlciIgd2lkdGg9IjgwMCIgY2VsbHBhZGRpbmc9IjAiIGNlbGxzcGFjaW5nPSIwIj4KPHRyPjx0ZCBhbGlnbj0iY2VudGVyIiB2YWxpZ249InRvcCI+PGlmcmFtZSBzcmM9Imh0dHA6Ly93d3cucmFrdXRlbi5uZS5qcC9nb2xkL2hiZXNwb2tlL3JvYmVydGEvbW9hL21vYV9zbGlkZXIxMS5odG0iIHdpZHRoPSI4MjAiIGhlaWdodD0iNTUwIiBzY3JvbGxpbmc9Im5vIiBmcmFtZWJvcmRlcj0ibm8iPjwvaWZyYW1lPiAKPC90ZD48L3RyPjwvdGFibGU+Cgo8YnI+Cjxicj4KCgo8dGFibGUgYWxpZ249ImNlbnRlciIgd2lkdGg9IjgwMCIgYm9yZGVyPSIwIiBjZWxsc3BhY2luZz0iMCIgY2VsbHBhZGRpbmc9IjAiPgo8dHI+PHRkIGNvbHNwYW49IjMiPjxpbWcgc3JjPSJodHRwOi8vaW1hZ2UucmFrdXRlbi5jby5qcC9oYmVzcG9rZS9jYWJpbmV0L3JvYmVydGEyL2xlbmVtb2FzZXRfcHVycGxlXzAxLmpwZyIgaGVpZ2h0PSIxNjMiIHdpZHRoPSI4MDAiPjwvdGQ+PC90cj4KPHRyPjx0ZD48aW1nIHNyYz0iaHR0cDovL2ltYWdlLnJha3V0ZW4uY28uanAvaGJlc3Bva2UvY2FiaW5ldC9yb2JlcnRhMi9sZW5lbW9hc2V0X3B1cnBsZV8wMi5qcGciIGJvcmRlcj0iMCIgaGVpZ2h0PSIxMzciIHdpZHRoPSIzNTUiPjwvYT48L3RkPgo8dGQ+PGEgaHJlZj0iaHR0cDovL2l0ZW0ucmFrdXRlbi5jby5qcC9oYmVzcG9rZS9jLzAwMDAwMDA3OTkvIiB0YXJnZXQ9Il9ibGFuayI+PGltZyBzcmM9Imh0dHA6Ly9pbWFnZS5yYWt1dGVuLmNvLmpwL2hiZXNwb2tlL2NhYmluZXQvcm9iZXJ0YS9sZW5lbW9hc2V0XzAzLmpwZyIgd2lkdGg9IjIyMyIgaGVpZ2h0PSIxMzciIGJvcmRlcj0iMCI+PC9hPjwvdGQ+Cjx0ZD48YSBocmVmPSJodHRwOi8vaXRlbS5yYWt1dGVuLmNvLmpwL2hiZXNwb2tlL2MvMDAwMDAwMDk3NS8iIHRhcmdldD0iX3RvcCI+PGltZyBzcmM9Imh0dHA6Ly9pbWFnZS5yYWt1dGVuLmNvLmpwL2hiZXNwb2tlL2NhYmluZXQvcm9iZXJ0YS9sZW5lbW9hc2V0XzA0LmpwZyIgd2lkdGg9IjIyMiIgaGVpZ2h0PSIxMzciIGJvcmRlcj0iMCI+PC9hPjwvdGQ+CjwvdHI+PC90YWJsZT4KCjxicj4KCjx0YWJsZSB3aWR0aD0iNjQ5IiBhbGlnbj0iY2VudGVyIiBiZ2NvbG9yPSIjMDAwMDAwIiBib3JkZXI9IjAiIGNlbGxzcGFjaW5nPSIxIiBjZWxscGFkZGluZz0iMTAiPgo8dHIgYmdjb2xvcj0iIzk5OTk5OSI+PHRkIGNvbHNwYW49IjIiPjxiPjxmb250IGNvbG9yPSIjZmZmZmZmIiBzaXplPSI1Ij5zaXplICZhbXA7IHNwZWM8L2ZvbnQ+PC9iPjwvdGQ+PC90cj4KPHRyIHZhbGlnbj0idG9wIiBiZ2NvbG9yPSIjZmZmZmZmIj48dGQgd2lkdGg9IjEwNCIgaGVpZ2h0PSI0MSI+PGZvbnQgc2l6ZT0iMiI+4pah5LuV5qeYPC9mb250PjwvdGQ+Cjx0ZCBzdHlsZT0id2lkdGg6IDUwNXB4Ij48Zm9udCBzaXplPSIyIj7jgqvjg7zjg4njg53jgrHjg4Pjg4jDlzIzPGJyPuOCs+OCpOODs+ODneOCseODg+ODiMOXMSDvvIjku5XliIfjgormnb/jgYLjgorvvIk8YnI+44OV44Oq44O844Od44Kx44OD44OIw5c3PC9mb250PjwvdGQ+PC90cj4KPHRyIHZhbGlnbj0idG9wIiBiZ2NvbG9yPSIjZmZmZmZmIj48dGQgaGVpZ2h0PSI4NyI+PGZvbnQgc2l6ZT0iMiI+4pah44K144Kk44K6PC9mb250PjwvdGQ+Cjx0ZCBzdHlsZT0id2lkdGg6IDUwNXB4Ij48Zm9udCBzaXplPSIyIj4g5qiqOue0hDE5Y208YnI+57imOue0hDkuNWNtPGJyPuODnuODgTrntIQzLjVjbTxicj4q44K144Kk44K644Gv5aSW5a+444Gn44GZPC9mb250PjwvdGQ+PC90cj4KPHRyIHZhbGlnbj0idG9wIiBiZ2NvbG9yPSIjZmZmZmZmIj48dGQ+PGZvbnQgc2l6ZT0iMiI+4pah6YeN44GVPC9mb250PjwvdGQ+Cjx0ZCBzdHlsZT0id2lkdGg6IDUwNXB4Ij48Zm9udCBzaXplPSIyIj7ntIQyMzDvvYc8L2ZvbnQ+PC90ZD48L3RyPgo8dHIgdmFsaWduPSJ0b3AiIGJnY29sb3I9IiNmZmZmZmYiPjx0ZCBzdHlsZT0iaGVpZ2h0OiA1MXB4Ij48Zm9udCBzaXplPSIyIj7ilqHntKDmnZA8L2ZvbnQ+PC90ZD4KPHRkIHN0eWxlPSJoZWlnaHQ6IDUxcHg7IHdpZHRoOiA1MDVweDsiPjxmb250IHNpemU9IjIiPuihqOOAgO+8miDniZvpnak8YnI+Cjxmb250IGNvbG9yPSIjMDA2NmNjIiBzaXplPSIxIj7jgJAgTW9h44Gu44Os44K244O844Gn55+l44Gj44Gm44GE44Gf44Gg44GN44Gf44GE44GT44GoIOOAkTxicj4KTW9h44Gr5L2/55So44GX44Gm44GE44KL44Os44K244O844Gr44Gv57Sg5p2Q44Gu54m55oCn5LiK44CB44OQ44Op5YK344O744K344Ov44O75bCP44GV44Gq6buS44GE54K544KE55m944GE54K544Gq44Gp44GM6KaL44KJ44KM44KL44GT44Go44GM44GU44GW44GE44G+44GZ44CCCuOBk+OCjOOCieOBr+WAi+S9k+OChOmDqOS9jeOBq+OCiOOBo+OBpuePvuOCjOOCi+OAgeS4gOaemuS4gOaemuOBrumdqeOBq+WbuuacieOBruWkqeeEtuOBruihqOaDheOBp+OBmeOAguOBiuaJi+WFg+OBq+WxiuOBhOOBn+mdqeOCkuOAgeS4lueVjOOBqzLjgaTjgajlkIzjgZjjgoLjga7jgYzlrZjlnKjjgZfjgarjgYTjgqrjg7Pjg6rjg7zjg6/jg7Pjga7pnanjgajjgZfjgabjgZTmhJvogrLjgYTjgZ/jgaDjgZHjgozjgbDlubjjgYTjgafjgZnjgII8L2ZvbnQ+PGZvbnQgY29sb3I9IiMwMDMzOTkiPjxicj4KPC9mb250Pjxicj4g5YaF6KOFIO+8miDjg6zjg7zjg6jjg7PjgIHjgq3jg4Pjg4nvvIjlrZDjg6Tjgq7vvIk8L2ZvbnQ+PC90ZD4KPC90cj48L3RhYmxlPgoKPGJyPjxicj48ZGl2IGFsaWduPSJjZW50ZXIiPjxpbWcgc3JjPSJodHRwOi8vaW1hZ2UucmFrdXRlbi5jby5qcC9oYmVzcG9rZS9jYWJpbmV0L3JvYmVydGEvMTMwOTIwcmFwcGluZzIuanBnIj4gCjwvZGl2Pjxicj4KCgoKCjxpZnJhbWUgc3JjPSJodHRwOi8vd3d3LnJha3V0ZW4ubmUuanAvZ29sZC9oYmVzcG9rZS9yZXZpZXdfci5odG0iIHdpZHRoPSI4NTAiIGhlaWdodD0iMTAwIgpzY3JvbGxpbmc9Im5vIiBmcmFtZWJvcmRlcj0ibm8iPjwvaWZyYW1lPgoKCgoKPGZvbnQgY29sb3I9IiMzMzMzMzMiIHNpemU9IjEiPgrjg63jg5njg6vjgr/jgIDjg63jg5njg6vjgr/jg4fjgqPjgqvjg6Hjg6rjg7zjg47jgIDosqHluIPjgIDjgYrosqHluIPjgIDjg6zjg4fjgqPjg7zjgrnjgIDpnanjgIDjg6zjgrbjg7zjgIDjgqbjgqnjg6zjg4Pjg4jjgIDplbfosqHluIPjgIDml6XmnKzoo73jgIDjgrjjg6Pjg5Hjg7PjgIDjg5fjg6zjgrzjg7Pjg4jjgIDlpbPmgKfjgIDjg57jg4njg7Pjg4rjgIDjgqTjgr/jg6rjgqI8YnI+CuODreODmeODq+OCvyDjg4fjgqMg44Kr44Oh44Oq44O844OO44CAUm9iZXJ0YSBkaSBDYW1lcmlubyDjg5bjg6njg7Pjg4njgIDpgJrosqnjgIDjgqjjg6vjg4jjgqXjg7zjgq/jgIBlcnV0dW9j44CA6LKp5aOyPC9mb250Pgo8YnI+PGJyPgoKCgo8YnI+CgoKCgo8aWZyYW1lIHNyYz0iaHR0cDovL3d3dy5yYWt1dGVuLm5lLmpwL2dvbGQvaGJlc3Bva2Uvcm1rL3Jtay1yb2JlcnRhLXIuaHRtIndpZHRoPSI1IiBoZWlnaHQ9IjAiCnNjcm9sbGluZz0ibm8iIGZyYW1lYm9yZGVyPSJubyI+PC9pZnJhbWU+PHN0eWxlIHR5cGU9InRleHQvY3NzIj4KPCEtLQoudW5uYW1lZDEgewpib3JkZXI6IDFweCBkb3R0ZWQgI0ZGNjY2NjsKfQotLT4KPC9zdHlsZT4KCgo8dGFibGUgd2lkdGg9IjM3OCJjZWxscGFkZGluZz0iMTAiIGJvcmRlcmNvbG9yPSIjRkY2NjY2IiBjbGFzcz0idW5uYW1lZDEiPgo8dHI+IAo8dGQgc3R5bGU9IndpZHRoOiAzNzBweCI+CjxwPjxmb250IGNvbG9yPSIjRkYwMDAwIiBzaXplPSIyIj4K44O044Kn44ON44OE44Kj44Ki44Gu6Iq46KGT44Go6Imy5L2/44GE44GM5oGv44Gl44GP44OW44Op44Oz44OJ44O744Ot44OZ44Or44K/44GuPGJyIC8+CndlYumZkOWumuODqeOCpOODsyAKR2lhZGEgUm9iZXJ0YSBkaSBDYW1lcmlubzxiciAvPgo8YnI+PC9mb250PiAKPGZvbnQgY29sb3I9IiNGRjAwMDAiIHNpemU9IjQiIGZhY2U9IuWwj+WhmuOCtOOCt+ODg+OCryBQcm8gQiI+PGI+4pePIOOBn+OBoOOBhOOBvgrvvJzpmZDlrprmlbDjgavjgabvvJ48YnIgLz4K44GU5LqI57SE44Kq44O844OA44O85Y+X5LuY5Lit44Gn44GZPC9iPjwvZm9udD4gPGJyPgo8Zm9udCBjb2xvcj0iI0ZGMDAwMCIgc2l6ZT0iNCIgZmFjZT0i5bCP5aGa44K044K344OD44KvIFBybyBCIj48Yj4KPGJyPjwvYj48L2ZvbnQ+Cgo8Zm9udCBzaXplPSIyIuOAgGNvbG9yPSIjNjY2NjY2Ij7igLsgCuOBk+OBoeOCieOBruWVhuWTgeOBr+OAgeiBt+S6uuOBjDHjgaQx44Gk5omL5L2c5qWt44Gn44GK5LuV56uL44Gm44GX44Gm44GK44KK44G+44GZ44CC44GK44GL44GS5qeY44Gn44GU5aW96KmV6aCC44GE44Gm44GK44KK44CB44Gf44Gg44GE44G+44GU5LqI57SE44Kq44O844OA44O844Gr44Gm5Y+X5LuY44GX44Gm44GK44KK44G+44GZ44CC44GU55So5oSP5YiG44GM54Sh44GP44Gq44KK5qyh56ys57WC5LqG44Go44GV44Gb44Gm6aCC44GN44G+44GZ44Gf44KB44CB44GK5pep44KB44Gr44GU6Kan6aCC44GR44KM44Gw5bm444GE44Gn44GZ44CCPGJyIC8+CjxiciAvPgo8L2ZvbnQ+PGZvbnQgY29sb3I9IiM5OTk5OTkiIHNpemU9IjEiPu+8ikdpYWRhIFJvYmVydGEgZGkgQ2FtZXJpbm/jga7llYblk4Hjga/jgIHlhazlvI/lj5bmibHlupfjga7jgb/osqnlo7LjgZfjgabjgYrjgorjgb7jgZnjgILjgb7jgZ/jgIHlubTplpPjgpLpgJrjgZfjgabjgrvjg7zjg6vosqnlo7Ljga/ooYzjgaPjgabjgYrjgorjgb7jgZvjgpPjgII8L2ZvbnQ+PC9wPgo8L3RkPgo8L3RyPgo8L3RhYmxlPgoKPCEtLQoKCgoKCjx0YWJsZSB3aWR0aD0iMzc4ImNlbGxwYWRkaW5nPSIxMCIgYm9yZGVyY29sb3I9IiNGRjY2NjYiIGNsYXNzPSJ1bm5hbWVkMSI+Cjx0cj4gCjx0ZCBzdHlsZT0id2lkdGg6IDM3MHB4Ij4KPHA+PGZvbnQgY29sb3I9IiNGRjAwMDAiIHNpemU9IjIiPgrjg7Tjgqfjg43jg4TjgqPjgqLjga7oirjooZPjgajoibLkvb/jgYTjgYzmga/jgaXjgY/jg5bjg6njg7Pjg4njg7vjg63jg5njg6vjgr/jga48YnIgLz4Kd2Vi6ZmQ5a6a44Op44Kk44OzIApHaWFkYSBSb2JlcnRhIGRpIENhbWVyaW5vPGJyIC8+Cjxicj48L2ZvbnQ+IAo8Zm9udCBjb2xvcj0iI0ZGMDAwMCIgc2l6ZT0iNCIgZmFjZT0i5bCP5aGa44K044K344OD44KvIFBybyBCIj48Yj7il48g5qyh5Zue44Kq44O844OA44O85Y+X5LuY44GU5oub5b6F44Oh44O844OrPGJyIC8+77yc5YWI552A6aCG44Gr44Gm77ye44GU5biM5pyb5Y+X5LuY5Lit44Gn44GZ4oaT4oaTCjxiciAvPgo8L2I+PC9mb250Pgo8Zm9udCBzaXplPSIyIuOAgGNvbG9yPSIjNjY2NjY2Ij7igLsgCuOBk+OBoeOCieOBruWVhuWTgeOBr+OAgeiBt+S6uuOBjDHjgaQx44Gk5omL5L2c5qWt44Gn44GK5LuV56uL44Gm44GX44Gm44GK44KK44G+44GZ44CC44GU55So5oSP5pWw44Gr6ZmQ44KK44GM44GC44KK44G+44GZ44Gf44KB44CB54Sh44GP44Gq44KK5qyh56ys57WC5LqG44Go44GV44Gb6aCC44GN44G+44GZ44CC5oGQ44KM5YWl44KK44G+44GZ44GM44CB5LqI44KB44GU5LqG5om/44GP44Gg44GV44GE44G+44Gb44CCPGJyIC8+CjxiciAvPgo8L2ZvbnQ+PGZvbnQgY29sb3I9IiM5OTk5OTkiIHNpemU9IjEiPu+8ikdpYWRhIFJvYmVydGEgZGkgQ2FtZXJpbm/jga7llYblk4Hjga/jgIHlhazlvI/lj5bmibHlupfjga7jgb/osqnlo7LjgZfjgabjgYrjgorjgb7jgZnjgILjgb7jgZ/jgIHlubTplpPjgpLpgJrjgZfjgabjgrvjg7zjg6vosqnlo7Ljga/ooYzjgaPjgabjgYrjgorjgb7jgZvjgpPjgII8L2ZvbnQ+PC9wPgo8L3RkPgo8L3RyPgo8L3RhYmxlPgoKLS0+CgoKPGJyPgo8Zm9udCBzaXplPSIyIj7vvIrplbfosqHluIMgLyDjg6zjg4fjgqPjg7zjgrkgLyDjg6zjgrbjg7zjgIDjgpLjgYrmjqLjgZfjga7mlrnjgbg8YnI+44Kk44K/44Oq44Ki6ICB6IiX44Ot44OZ44Or44K/44OH44Kj44Kr44Oh44Oq44O844OO44GuPGJyPmVydXR1b2PvvIjjgqjjg6vjg4jjgqXjg7zjgq/vvInjgYvjgonnlJ/jgb7jgozjgZ/pmZDlrprjg6njgqTjg7M8L2ZvbnQ+CgoKCjxicj48YnI+PGJyPjxzdHlsZSB0eXBlPSJ0ZXh0L2NzcyI+CiNyYWt1dGVuTGltaXRlZElkX2Fyb3VuZENhcnQgaW5wdXRbdmFsdWU9Iuiyt+OBhOeJqeOBi+OBlOOBq+WFpeOCjOOCiyJdewpiYWNrZ3JvdW5kLWltYWdlOiB1cmwoImh0dHA6Ly9pbWFnZS5yYWt1dGVuLmNvLmpwL2hiZXNwb2tlL2NhYmluZXQvdG9wL3RvcDIvcmFrdXRlbmJvdGFuLmpwZyIpICFpbXBvcnRhbnQ7CndpZHRoOjQ2N3B4ICFpbXBvcnRhbnQ7CmhlaWdodDo4NXB4ICFpbXBvcnRhbnQ7CmJhY2tncm91bmQtcmVwZWF0Om5vLXJlcGVhdDsKYmFja2dyb3VuZC1wb3NpdGlvbjogbGVmdCB0b3AgIWltcG9ydGFudDsKdGV4dC1pbmRlbnQ6MTAwJTsKd2hpdGUtc3BhY2U6bm93cmFwOwpvdmVyZmxvdzpoaWRkZW47CmJvcmRlcjogbm9uZTsKcGFkZGluZzowOwptYXJnaW4tdG9wOjVweCAwOwpjdXJzb3I6cG9pbnRlcjsKfQojcmFrdXRlbkxpbWl0ZWRJZF9hcm91bmRDYXJ0IHRib2R5IHRyIHRkIGlucHV0OmhvdmVyewphbHBoYShvcGFjaXR5PTgpOwotbW96LW9wYWNpdHk6MC44OwpvcGFjaXR5OjAuODsKY3Vyc29yOnBvaW50ZXI7Cn0KPC9zdHlsZT4=,44CQ44Ot44OZ44Or44K/44CR5Y+O57SN5Yqb44Gf44Gj44G344KK4peO44Oe44OJ44Oz44OK44KC6a2F5LqG44GX44GfUuODreOCtOOBrumbouOCjOOCieOCjOOBquOBj+OBquOCiyDjgbXjgYvjgbXjgYvjg6zjgrbjg7zplbfosqHluIMgTW9h77yI44Oi44Ki77yJ44Kk44K/44Oq44Ki44Gu6ICB6IiX44OW44Op44Oz44OJUm9iZXJ0YSBkaSBDYW1lcmlub++8iOODreODmeODq+OCvyDjg4fjgqMg44Kr44Oh44Oq44O844OO77yJ44Gud2Vi6ZmQ5a6a44Os44OH44Kj44O844K544Km44Kp44Os44OD44OI77ya6ZmQ5a6a44OQ44OD44Kw44Go5Ye65Lya44GI44KL44Ko44Or44OI44Kl44O844Kv,44OP44Oz44OJ44OQ44OD44Kw44OQ44OD44Kw44Oc44K544OI44Oz44OQ44OD44Kw5peF6KGM44OQ44OD44Kw6LKh5biD44Km44Kp44Os44OD44OI6Z2p5bCP54mp55qH5a6k5b6h55So6YGU6ICB6IiX6ZmQ5a6a5ZOB44K344On44OR44O844Or5bGx55Sw5bmz5a6J5aCCQVRBT+OCouOCv+OCqlBJQ0FSREZSVVRUSeODleODq+ODg+ODhuOCo+ODreODmeODq+OCv+ODh+OCo+OCq+ODoeODquODvOODjk9UQU5JUllVSknlpKfosLfjg6rjg6XjgqbjgrjjgJDjg63jg5njg6vjgr/jgJHlj47ntI3lipvjgZ/jgaPjgbfjgoril47jg57jg4njg7Pjg4rjgoLprYXkuobjgZfjgZ9S44Ot44K044Gu6Zui44KM44KJ44KM44Gq44GP44Gq44KLIOOBteOBi+OBteOBi+ODrOOCtuODvOmVt+iyoeW4gyBNb2HvvIjjg6LjgqLvvInjgqTjgr/jg6rjgqLjga7ogIHoiJfjg5bjg6njg7Pjg4lSb2JlcnRhIGRpIENhbWVyaW5v77yI44Ot44OZ44Or44K/IOODh+OCoyDjgqvjg6Hjg6rjg7zjg47vvInjga53ZWLpmZDlrprjg6zjg4fjgqPjg7zjgrnjgqbjgqnjg6zjg4Pjg4g=,44Kk44K/44Oq44Ki44Gu6ICB6IiX44Ot44OZ44Or44K/44Gud2Vi6ZmQ5a6a44Op44Kk44Oz6ZW36LKh5biD44CC44CQ44Ot44OZ44Or44K/44CR5Y+O57SN5Yqb44Gf44Gj44G344KK4peO44Oe44OJ44Oz44OK44KC6a2F5LqG44GX44GfUuODreOCtOOBrumbouOCjOOCieOCjOOBquOBj+OBquOCiyDjgbXjgYvjgbXjgYvjg6zjgrbjg7zplbfosqHluIMgTW9h77yI44Oi44Ki77yJ44Kk44K/44Oq44Ki44Gu6ICB6IiX44OW44Op44Oz44OJUm9iZXJ0YSBkaSBDYW1lcmlub++8iOODreODmeODq+OCvyDjg4fjgqMg44Kr44Oh44Oq44O844OO77yJ44Gud2Vi6ZmQ5a6a44Os44OH44Kj44O844K544Km44Kp44Os44OD44OI[rn]
39-76419,aHR0cDovL3RzaG9wLnIxMHMuanAvaGJlc3Bva2UvY2FiaW5ldC80MDAvbGltb2hhbGY0MDBhcHJpLmpwZz9maXRpbj03MDA6NzAw,OTUwNC4wMDAw,,44OQ44OD44Kw44O75bCP54mp44O744OW44Op44Oz44OJ6ZuR6LKoID4g6LKh5biD44O744Kx44O844K5ID4g44Os44OH44Kj44O844K56LKh5biD,44CQQVRBT+OAkWxpbW/jg4/jg7zjg5XvvIjjgqjjg4rjg6Hjg6vjg6zjgrbjg7zvvInjgrPjgqTjg7PjgoLntJnluaPjgoLjgqvjg7zjg4njgoLlhaXjgovjgrPjg7Pjg5Hjgq/jg4josqHluIPjgJDmpb3jgq7jg5Vf5YyF6KOF44CR44CQYW5pbWFsMTBQQ+OAkeODj+ODvOODleOCteOCpOOCuuOBruOCpuOCqeODrOODg+ODiA==,,PFRBQkxFIFdJRFRIPTE0NyBCT1JERVI9MCBhbGlnbj0iY2VudGVyIiBDRUxMUEFERElORz0wIENFTExTUEFDSU5HPTA+CjxUUj4gCjx0ZCB3aWR0aD0iMTQ3IiBhbGlnbj0ibGVmdCIgdmFsaWduPSJ0b3AiIHN0eWxlPSJoZWlnaHQ6IDE5cHgiPjxiPjxmb250IGNvbG9yPSIjQ0NDQ0NDIgoKc2l6ZT0iMiI+PGltZyBzcmM9Imh0dHA6Ly9pbWFnZS5yYWt1dGVuLmNvLmpwL2hiZXNwb2tlL2NhYmluZXQvYXRhb20zL2Jvb2JvbzM1MDMwMGJhbmEuanBnIiBhbHQ9IkFUQU8g44GK6LKh5biD44Od44K344Kn44OD44OIYm9vYm9v77yI44OW44O844OW44O877yJIgoKbmFtZT0iSW1hZ2U1IiB3aWR0aD0iMzUwIgoKaGVpZ2h0PSIzMDAiIGJvcmRlcj0iMCIgaWQ9IkltYWdlNSI+PC9mb250PjwvYj48L3RkPgo8L1RSPgo8dHI+Cjx0ZCBhbGlnbj0ibGVmdCIgdmFsaWduPSJ0b3AiIHN0eWxlPSJoZWlnaHQ6IDE5cHgiPjxicj48Yj48Zm9udCBjb2xvcj0iI0NDQ0NDQyIKCnNpemU9IjIiPgoKPGltZyBzcmM9Imh0dHA6Ly9pbWFnZS5yYWt1dGVuLmNvLmpwL2hiZXNwb2tlL2NhYmluZXQvdG9wL3RvcDIvMzUwYmFuYWRlbmltMS5qcGciIGFsdD0iQVRBTyDjgYrosqHluIPjg53jgrfjgqfjg4Pjg4hib29ib2/vvIjjg5bjg7zjg5bjg7zvvIkiCgpuYW1lPSJJbWFnZTYiIHdpZHRoPSIzNTAiCgpoZWlnaHQ9Ijk1IiBib3JkZXI9IjAiIGlkPSJJbWFnZTYiPjwvZm9udD48L2I+PC90ZD4KPC90cj4KPFRSPgo8dGQgaGVpZ2h0PSI1MyIgYWxpZ249ImxlZnQiIHZhbGlnbj0idG9wIiBzdHlsZT0iaGVpZ2h0OiAxOXB4Ij48YnI+PGI+PGZvbnQgY29sb3I9IiNDQ0NDQ0MiCgpzaXplPSIyIj4KPGltZyBzcmM9Imh0dHA6Ly9pbWFnZS5yYWt1dGVuLmNvLmpwL2hiZXNwb2tlL2NhYmluZXQvdG9wL3RvcDIvMzUwYmFuYWx1Y2Viby5qcGciIGFsdD0iQVRBTyDjgYrosqHluIPjg53jgrfjgqfjg4Pjg4hib29ib2/vvIjjg5bjg7zjg5bjg7zvvIkiCgpuYW1lPSJJbWFnZTciIHdpZHRoPSIzNTAiCgpoZWlnaHQ9Ijk1IiBib3JkZXI9IjAiIGlkPSJJbWFnZTciPjwvZm9udD48L2I+PGJyPjxicj48L3RkPgo8L1RSPgo8VFI+Cjx0ZCBhbGlnbj0ibGVmdCIgdmFsaWduPSJ0b3AiIHN0eWxlPSJoZWlnaHQ6IDE5cHgiPjxiPjxmb250IGNvbG9yPSIjQ0NDQ0NDIgoKc2l6ZT0iMiI+PGltZyBzcmM9Imh0dHA6Ly9pbWFnZS5yYWt1dGVuLmNvLmpwL2hiZXNwb2tlL2NhYmluZXQvYXRhb20zL2Jvb2Jvb2RvbDM1MC5qcGciIGFsdD0iQVRBTyDjgYrosqHluIPjg53jgrfjgqfjg4Pjg4hib29ib2/vvIjjg5bjg7zjg5bjg7zvvIkiCgpuYW1lPSJJbWFnZTUiIHdpZHRoPSIzNTAiCgpoZWlnaHQ9Ijk1IiBib3JkZXI9IjAiIGlkPSJJbWFnZTUiPjwvZm9udD48L2I+PC90ZD4KPC9UUj4KPFRSPgo8dGQgYWxpZ249ImxlZnQiIHZhbGlnbj0idG9wIiBzdHlsZT0iaGVpZ2h0OiAxOXB4Ij48YnI+CjxiPjxmb250IGNvbG9yPSIjQ0NDQ0NDIgoKc2l6ZT0iMiI+PGltZyBzcmM9Imh0dHA6Ly9pbWFnZS5yYWt1dGVuLmNvLmpwL2hiZXNwb2tlL2NhYmluZXQvYXRhb20zL2Jvb2Jvb3RydTM1MC5qcGciIGFsdD0iQVRBTyDjgYrosqHluIPjg53jgrfjgqfjg4Pjg4hib29ib2/vvIjjg5bjg7zjg5bjg7zvvIkiCgpuYW1lPSJJbWFnZTUiIHdpZHRoPSIzNTAiCgpoZWlnaHQ9Ijk1IiBib3JkZXI9IjAiIGlkPSJJbWFnZTUiPjwvZm9udD48L2I+PGJyPgo8YnI+CjwvdGQ+CjwvVFI+CjxUUj4KICAgIDx0ZCBhbGlnbj0ibGVmdCIgdmFsaWduPSJ0b3AiIHN0eWxlPSJoZWlnaHQ6IDE5cHgiPjxiPjxmb250IGNvbG9yPSIjQ0NDQ0NDIgoKc2l6ZT0iMiI+PGltZyBzcmM9Imh0dHA6Ly9pbWFnZS5yYWt1dGVuLmNvLmpwL2hiZXNwb2tlL2NhYmluZXQvYXRhb20zLzM1MGJhbmExLmpwZyIgYWx0PSJBVEFPIOOBiuiyoeW4g+ODneOCt+OCp+ODg+ODiGJvb2Jvb++8iOODluODvOODluODvO+8iSIKCm5hbWU9IkltYWdlNSIgd2lkdGg9IjM1MCIKCmhlaWdodD0iOTUiIGJvcmRlcj0iMCIgaWQ9IkltYWdlNSI+PGJyPgogICAgICA8YnI+CiAgICAgIDxpbWcgc3JjPSJodHRwOi8vaW1hZ2UucmFrdXRlbi5jby5qcC9oYmVzcG9rZS9jYWJpbmV0L2F0YW9tMy9saW1vcHJpMzUwLmpwZyIgYWx0PSJBVEFPIOOBiuiyoeW4g+ODneOCt+OCp+ODg+ODiGJvb2Jvb++8iOODluODvOODluODvO+8iSIKCm5hbWU9IkltYWdlNSIgd2lkdGg9IjM1MCIKCmhlaWdodD0iOTUiIGJvcmRlcj0iMCIgaWQ9IkltYWdlNSI+IDwvZm9udD48L2I+PC90ZD4KPC9UUj4KPC9UQUJMRT4KPGJyPgo8VEFCTEUgV0lEVEg9MzIxIEJPUkRFUj0wIGFsaWduPSJjZW50ZXIiIENFTExQQURESU5HPTMgQ0VMTFNQQUNJTkc9MD4KPFRSPiAKPHRkIHdpZHRoPSIxMDEiIGFsaWduPSJsZWZ0IiB2YWxpZ249InRvcCIgc3R5bGU9ImhlaWdodDogMTlweCI+PGI+PGZvbnQgY29sb3I9IiNDQ0NDQ0MiCgpzaXplPSIyIj48aW1nIHNyYz0iaHR0cDovL3RodW1ibmFpbC5pbWFnZS5yYWt1dGVuLmNvLmpwL0AwX21hbGwvaGJlc3Bva2UvY2FiaW5ldC80MDAvdml0cm80MDAuanBnP19leD0yMDB4MjAwJmFtcDtzPTAmYW1wO3I9MSIKCm5hbWU9IkltYWdlNSIgaWQ9IkltYWdlNSIgYm9yZGVyPSIwIgoKaGVpZ2h0PSIxMDAiIHdpZHRoPSIxMDAiPjwvZm9udD48L2I+PC90ZD4KPHRkIGFsaWduPSJsZWZ0IiB2YWxpZ249InRvcCIgd2lkdGg9IjEwMSI+PGltZyBzcmM9Imh0dHA6Ly9pbWFnZS5yYWt1dGVuLmNvLmpwL2hiZXNwb2tlL2NhYmluZXQvYXRhb20zLzEwMDEwMGVsdnkuanBnIgoKYWx0PSIiIGJvcmRlcj0iMCIgaGVpZ2h0PSIxMDAiIHdpZHRoPSIxMDAiPjwvdGQ+Cjx0ZCBhbGlnbj0ibGVmdCIgdmFsaWduPSJ0b3AiPjxmb250IGNvbG9yPSIjRkZGRkZGIiBzaXplPSIxIj48aW1nIHNyYz0iaHR0cDovL3RodW1ibmFpbC5pbWFnZS5yYWt1dGVuLmNvLmpwL0AwX21hbGwvaGJlc3Bva2UvY2FiaW5ldC80MDAvY2hpdnk0MDAuanBnP19leD0yMDB4MjAwJmFtcDtzPTAmYW1wO3I9MSIKCiAgYWx0PSIiIGJvcmRlcj0iMCIgaGVpZ2h0PSIxMDAiIHdpZHRoPSIxMDAiPjwvZm9udD48L3RkPgo8L1RSPgo8VFIgdmFsaWduPSJ0b3AiPiAKPHRkIHdpZHRoPSIxMDEiIGFsaWduPSJsZWZ0Ij48Yj48Zm9udCBjb2xvcj0iIzMzMzMzMyIKCnNpemU9IjIiPmxpbW/jg7TjgqPjg4jjg608YnI+Cu+8iOOCueODhuODs+ODieOCsOODqeOCue+8iTwvZm9udD48L2I+PC90ZD4KPHRkIGFsaWduPSJsZWZ0IiB3aWR0aD0iMTAxIj48Yj48Zm9udCBjb2xvcj0iIzY2NjY2NiIKCiAgc2l6ZT0iMiI+ZWx2eSjjgqjjg6vjg7TjgqMpPC9mb250PjwvYj48L3RkPgo8dGQgYWxpZ249ImxlZnQiPjxiPjxmb250IGNvbG9yPSIjOTk5OTk5IiBzaXplPSIyIj5jaGl2eSjjg4Hjg7TjgqMpPC9mb250PjwvYj48L3RkPgo8L1RSPgo8VFI+IAo8dGQgd2lkdGg9IjEwMSIgYWxpZ249ImxlZnQiIHZhbGlnbj0idG9wIj48Zm9udCBjb2xvcj0iI0ZGRkZGRiIgc2l6ZT0iMSI+PGltZyBzcmM9Imh0dHA6Ly90aHVtYm5haWwuaW1hZ2UucmFrdXRlbi5jby5qcC9AMF9tYWxsL2hiZXNwb2tlL2NhYmluZXQvNDAwL2VydXR1b2M0MDAtbGltb3AuanBnP19leD0yMDB4MjAwJnM9MCZyPTEiCgogIGFsdD0iIiBib3JkZXI9IjAiIGhlaWdodD0iMTAwIiB3aWR0aD0iMTAwIj48L2ZvbnQ+PC90ZD4KPHRkIHdpZHRoPSIxMDEiIGFsaWduPSJsZWZ0IiB2YWxpZ249InRvcCI+PGI+PGZvbnQgY29sb3I9IiNGRkZGRkYiCgpzaXplPSIxIj48aW1nIHNyYz0iaHR0cDovL3RodW1ibmFpbC5pbWFnZS5yYWt1dGVuLmNvLmpwL0AwX21hbGwvaGJlc3Bva2UvY2FiaW5ldC80MDAvY2FuZHlha2FrdXJvNDAwLmpwZz9fZXg9MjAweDIwMCZzPTAmcj0xIgoKYm9yZGVyPSIwIiBoZWlnaHQ9IjEwMCIgd2lkdGg9IjEwMCI+PC9mb250PiAKPC9iPjwvdGQ+Cjx0ZCB3aWR0aD0iMTAxIiBhbGlnbj0ibGVmdCIgdmFsaWduPSJ0b3AiPjxmb250IGNvbG9yPSIjRkZGRkZGIiBzaXplPSIxIj48aW1nIHNyYz0iaHR0cDovL3RodW1ibmFpbC5pbWFnZS5yYWt1dGVuLmNvLmpwL0AwX21hbGwvaGJlc3Bva2UvY2FiaW5ldC80MDAvNDAwLWxpbW9iby5qcGc/X2V4PTIwMHgyMDAmcz0wJnI9MSIKCiAgYWx0PSIiIGJvcmRlcj0iMCIgaGVpZ2h0PSIxMDAiIHdpZHRoPSIxMDAiPjwvZm9udD48L3RkPgo8L1RSPgo8VFIgdmFsaWduPSJ0b3AiPiAKPHRkIHdpZHRoPSIxMDEiIGFsaWduPSJsZWZ0Ij48Zm9udCBjb2xvcj0iIzY2NjY2NiIgc2l6ZT0iMiI+PGI+bGltb+ODkeOCpOOCveODszwvYj48L2ZvbnQ+PC90ZD4KPHRkIHdpZHRoPSIxMDEiIGFsaWduPSJsZWZ0Ij48Zm9udCBjb2xvcj0iIzY2NjY2NiIgc2l6ZT0iMiI+PGI+Y2FuZHk8YnI+Cu+8iOOCqOODiuODoeODq++8iTwvYj48L2ZvbnQ+PC90ZD4KPHRkIHdpZHRoPSIxMDEiIGFsaWduPSJsZWZ0Ij48Zm9udCBjb2xvcj0iIzY2NjY2NiIgc2l6ZT0iMiI+PGI+bGltb+OCqOODiuODoeODqzwvYj48L2ZvbnQ+PC90ZD4KPC9UUj4KPFRSIHZhbGlnbj0idG9wIj4gCjxURCB3aWR0aD0iMTAxIj48ZGl2IGFsaWduPSJjZW50ZXIiPjxJTUcgU1JDPSJodHRwOi8vdGh1bWJuYWlsLmltYWdlLnJha3V0ZW4uY28uanAvQDBfbWFsbC9oYmVzcG9rZS9jYWJpbmV0LzQwMC9sYWJvNDAwLmpwZz9fZXg9MjAweDIwMCZzPTAmcj0xIiBBTFQ9IiIgV0lEVEg9MTAwIEhFSUdIVD0xMDAgYm9yZGVyPSIwIj4gCjwvZGl2PjwvVEQ+CjxURCB3aWR0aD0iMTAxIj48ZGl2IGFsaWduPSJjZW50ZXIiPjxJTUcgU1JDPSJodHRwOi8vdGh1bWJuYWlsLmltYWdlLnJha3V0ZW4uY28uanAvQDBfbWFsbC9oYmVzcG9rZS9jYWJpbmV0LzQwMC9saW1vcGx1eDQwMC5qcGc/X2V4PTIwMHgyMDAmcz0wJnI9MSIgQUxUPSIiIFdJRFRIPTEwMCBIRUlHSFQ9MTAwIGJvcmRlcj0iMCI+IAo8L2Rpdj48L1REPgo8VEQ+PGRpdiBhbGlnbj0iY2VudGVyIj4KCjxJTUcgU1JDPSJodHRwOi8vaW1hZ2UucmFrdXRlbi5jby5qcC9oYmVzcG9rZS9jYWJpbmV0LzQwMC9kb2xseTQwMGJ5LmpwZyIgQUxUPSIiIFdJRFRIPTEwMCBIRUlHSFQ9MTAwIGJvcmRlcj0iMCI+IAo8L2Rpdj48L1REPgo8L1RSPgo8VFIgdmFsaWduPSJ0b3AiPiAKPFREIGhlaWdodD0iMzciPiA8ZGl2IGFsaWduPSJjZW50ZXIiPjxiPjxmb250IGNvbG9yPSIjMzMzMzMzIiBzaXplPSIyIj7vvKzvvKHvvKLvvK88YnI+Cu+8iOODkOODg+ODleOCoeODreODvO+8iSA8L2ZvbnQ+PC9iPjwvZGl2PjwvVEQ+CjxURD4gPGRpdiBhbGlnbj0iY2VudGVyIj48Yj48Zm9udCBjb2xvcj0iIzMzMzMzMyIgc2l6ZT0iMiI+TGltb+ODkeOCpOOCveODs+ODquODpeOCr+OCuTxicj4KPGJyPgo8L2ZvbnQ+IDwvYj48L2Rpdj48L1REPgo8VEQ+IDxkaXYgYWxpZ249ImNlbnRlciI+PGI+PGZvbnQgY29sb3I9IiMzMzMzMzMiIHNpemU9IjIiPmRvbGx577yI44OJ44Oq44O877yJPGJyPgo8L2ZvbnQ+IDwvYj48L2Rpdj48L1REPgo8L1RSPgo8VFIgdmFsaWduPSJ0b3AiPiAKPHRkIHdpZHRoPSIxMDEiIGFsaWduPSJsZWZ0Ij48Zm9udCBjb2xvcj0iI0ZGRkZGRiIgc2l6ZT0iMSI+PGltZyBzcmM9Imh0dHA6Ly9pbWFnZS5yYWt1dGVuLmNvLmpwL2hiZXNwb2tlL2NhYmluZXQvYXRhb20zLzEwMDEwMG1pbnQuanBnIgoKICBib3JkZXI9IjAiIGhlaWdodD0iMTAwIiB3aWR0aD0iMTAwIj48L2ZvbnQ+PC90ZD4KPHRkIHdpZHRoPSIxMDMiIGFsaWduPSJsZWZ0IiBzdHlsZT0iaGVpZ2h0OiAxMDJweCI+PGZvbnQgY29sb3I9IiNGRkZGRkYiIHNpemU9IjEiPjxiPgoKPGltZyBzcmM9Imh0dHA6Ly9pbWFnZS5yYWt1dGVuLmNvLmpwL2hiZXNwb2tlL2NhYmluZXQvNDAwL2NoaXZ5NTYwNTYwZGVuaS5qcGciCgpib3JkZXI9IjAiIGhlaWdodD0iMTAwIiB3aWR0aD0iMTAwIj48L2I+PC9mb250PjwvdGQ+CjxURD4mbmJzcDs8L1REPgo8L1RSPgo8VFIgdmFsaWduPSJ0b3AiPiAKPHRkIHdpZHRoPSIxMDEiIGFsaWduPSJsZWZ0Ij48Zm9udCBjb2xvcj0iIzY2NjY2NiIgc2l6ZT0iMiI+Jm5ic3A7PGI+bWludO+8iOODn+ODs+ODiO+8iTwvYj48L2ZvbnQ+PC90ZD4KPHRkIHdpZHRoPSIxMDMiIGFsaWduPSJsZWZ0Ij48Zm9udCBjb2xvcj0iIzY2NjY2NiIKCnNpemU9IjIiPjxiPmNoaXZ577yI44OB44O044Kj44OH44OL44Og77yJPC9iPjwvZm9udD48L3RkPgo8VEQ+Jm5ic3A7PC9URD4KPC9UUj4KPC9UQUJMRT48c3R5bGUgdHlwZT0idGV4dC9jc3MiPgojcmFrdXRlbkxpbWl0ZWRJZF9hcm91bmRDYXJ0IGlucHV0W3ZhbHVlPSLosrfjgYTnianjgYvjgZTjgavlhaXjgozjgosiXXsKYmFja2dyb3VuZC1pbWFnZTogdXJsKCJodHRwOi8vaW1hZ2UucmFrdXRlbi5jby5qcC9oYmVzcG9rZS9jYWJpbmV0L3RvcC90b3AyL3Jha3V0ZW5ib3Rhbi5qcGciKSAhaW1wb3J0YW50Owp3aWR0aDo0NjdweCAhaW1wb3J0YW50OwpoZWlnaHQ6ODVweCAhaW1wb3J0YW50OwpiYWNrZ3JvdW5kLXJlcGVhdDpuby1yZXBlYXQ7CmJhY2tncm91bmQtcG9zaXRpb246IGxlZnQgdG9wICFpbXBvcnRhbnQ7CnRleHQtaW5kZW50OjEwMCU7CndoaXRlLXNwYWNlOm5vd3JhcDsKb3ZlcmZsb3c6aGlkZGVuOwpib3JkZXI6IG5vbmU7CnBhZGRpbmc6MDsKbWFyZ2luLXRvcDo1cHggMDsKY3Vyc29yOnBvaW50ZXI7Cn0KI3Jha3V0ZW5MaW1pdGVkSWRfYXJvdW5kQ2FydCB0Ym9keSB0ciB0ZCBpbnB1dDpob3ZlcnsKYWxwaGEob3BhY2l0eT04KTsKLW1vei1vcGFjaXR5OjAuODsKb3BhY2l0eTowLjg7CmN1cnNvcjpwb2ludGVyOwp9Cjwvc3R5bGU+,44CQQVRBT+OAkWxpbW/jg4/jg7zjg5XvvIjjgqjjg4rjg6Hjg6vjg6zjgrbjg7zvvInjgrPjgqTjg7PjgoLntJnluaPjgoLjgqvjg7zjg4njgoLlhaXjgovjgrPjg7Pjg5Hjgq/jg4josqHluIPjgJDmpb3jgq7jg5Vf5YyF6KOF44CR44CQYW5pbWFsMTBQQ+OAkeODj+ODvOODleOCteOCpOOCuuOBruOCpuOCqeODrOODg+ODiO+8mumZkOWumuODkOODg+OCsOOBqOWHuuS8muOBiOOCi+OCqOODq+ODiOOCpeODvOOCrw==,44OP44Oz44OJ44OQ44OD44Kw44OQ44OD44Kw44Oc44K544OI44Oz44OQ44OD44Kw5peF6KGM44OQ44OD44Kw6LKh5biD44Km44Kp44Os44OD44OI6Z2p5bCP54mp55qH5a6k5b6h55So6YGU6ICB6IiX6ZmQ5a6a5ZOB44K344On44OR44O844Or5bGx55Sw5bmz5a6J5aCCQVRBT+OCouOCv+OCqlBJQ0FSREZSVVRUSeODleODq+ODg+ODhuOCo+ODreODmeODq+OCv+ODh+OCo+OCq+ODoeODquODvOODjk9UQU5JUllVSknlpKfosLfjg6rjg6XjgqbjgrjjgJBBVEFP44CRbGltb+ODj+ODvOODle+8iOOCqOODiuODoeODq+ODrOOCtuODvO+8ieOCs+OCpOODs+OCgue0meW5o+OCguOCq+ODvOODieOCguWFpeOCi+OCs+ODs+ODkeOCr+ODiOiyoeW4g+OAkOalveOCruODlV/ljIXoo4XjgJHjgJBhbmltYWwxMFBD44CR44OP44O844OV44K144Kk44K644Gu44Km44Kp44Os44OD44OI,44CQQVRBT+OAkWxpbW/jg4/jg7zjg5XvvIjjgqjjg4rjg6Hjg6vjg6zjgrbjg7zvvInjgrPjgqTjg7PjgoLntJnluaPjgoLjgqvjg7zjg4njgoLlhaXjgovjgrPjg7Pjg5Hjgq/jg4josqHluIPjgJDmpb3jgq7jg5Vf5YyF6KOF44CR44CQYW5pbWFsMTBQQ+OAkeODj+ODvOODleOCteOCpOOCuuOBruOCpuOCqeODrOODg+ODiA==[rn]
39-76420,aHR0cDovL3RzaG9wLnIxMHMuanAvaGJlc3Bva2UvY2FiaW5ldC80MDAvYWxiYXByaW1hNDAwXzAwLmpwZz9maXRpbj03MDA6NzAw,MjA3MzYuMDAwMA==,,44OQ44OD44Kw44O75bCP54mp44O744OW44Op44Oz44OJ6ZuR6LKoID4g6LKh5biD44O744Kx44O844K5ID4g44Os44OH44Kj44O844K56LKh5biD,44CQRlJVVFRJ44CR6LWk44GE44OP44Kk44OS44O844Or44KS44Kk44Oh44O844K444GX44Gf44Km44Kp44Os44OD44OIQUxCQSBQcmltYe+8iOOCouODq+ODkCDjg5fjg6rjg57vvIk=,,CgoKCgogPHN0eWxlIHR5cGU9InRleHQvY3NzIj4KZGl2LlByb0NvbW1lbnREe21hcmdpbi1sZWZ0OjVweDtwYWRkaW5nOjVweDtmb250LWZhbWlseToi44OS44Op44Ku44OO5Li444K0IFBybyBXNCIsIkhpcmFnaW5vIE1hcnUgR290aGljIFBybyIsIuODoeOCpOODquOCqiIsTWVpcnlvLCJMdWNpZGEgR3JhbmRlIixBcmlhbCxIZWx2ZXRpY2Esc2Fucy1zZXJpZiA7Zm9udC1zaXplOjE2cHg7dGV4dC1hbGlnbjpsZWZ0IWltcG9ydGFudDt9CnNwYW4uQ29tUmVkTER7Zm9udC1zaXplOjE2cHg7Zm9udC13ZWlnaHQ6Ym9sZDtjb2xvcjojREMxNDNDO30Kc3Bhbi5Db21LTXtmb250LXNpemU6MTRweDtmb250LXdlaWdodDpub3JtYWw7Y29sb3I6IzMzMzt9CnNwYW4uQ29tTGluZXt0ZXh0LWRlY29yYXRpb246dW5kZXJsaW5lO30KCjwvc3R5bGU+CjxkaXYgY2xhc3M9IlByb0NvbW1lbnREIj4gPHNwYW4gY2xhc3M9IkNvbVJlZExEIj4gCiAgPHRhYmxlIHdpZHRoPSI4MDAiIGJvcmRlcj0iMSIgY2VsbHBhZGRpbmc9IjAiIGNlbGxzcGFjaW5nPSIwIiBib3JkZXJjb2xvcj0iI0NDQ0NDQyIgY2xhc3M9InVubmFtZWQxIj4KICAgIDx0cj4gCiAgICAgIDx0ZCBoZWlnaHQ9IjIwMiI+IDx0YWJsZSB3aWR0aD0iODAwIiBoZWlnaHQ9IjIwMCIgYm9yZGVyPSIwIiBjZWxscGFkZGluZz0iMjAiIGNlbGxzcGFjaW5nPSIwIj4KICAgICAgICAgIDx0cj4gCiAgICAgICAgICAgIDx0ZD48ZGl2IGFsaWduPSJsZWZ0Ij4gCiAgICAgICAgICAgICAgICA8cD48c3BhbiBjbGFzcz0iQ29tUmVkTCI+PGZvbnQgY29sb3I9IiNGRjAwNjYiIHNpemU9IjIiPjxiPjxmb250IGNvbG9yPSIjRkYwMDMzIiBzaXplPSIzIj4gCiAgICAgICAgICAgICAgICAgIDxicj4KICAgICAgICAgICAgICAgICAg4pa8PC9mb250PjwvYj48L2ZvbnQ+PGZvbnQgc2l6ZT0iMiI+PGI+PGZvbnQgY29sb3I9IiNGRjAwMzMiIHNpemU9IjMiPuOBn+OBoOOBhOOBvuasoeWbnuOCquODvOODgOODvOS8muOBq+WQkeOBkeOBpua6luWCmeOCkumAsuOCgeOBpuOBiuOCiuOBvuOBmeOAgjwvZm9udD48L2I+PGJyPgogICAgICAgICAgICAgICAgICA8Zm9udCBjb2xvcj0iIzMzMzMzMyI+PGJyIC8+CiAgICAgICAgICAgICAgICAgIOOCquODvOODgOODvOOCkuOBlOW4jOacm+OBruaWueOBq+OBr+OAgeWPl+S7mOmWi+Wni+aXpeaZguOCkuOBiuefpeOCieOBm+OBmeOCi+OAkOOBlOaLm+W+heODoeODvOODq+OAkeOCkuOBiumAgeOCiuOBleOBm+OBpuOBhOOBn+OBoOOBhOOBpuOBiuOCiuOBvuOBmeOAgjxicj4KICAgICAgICAgICAgICAgICAg44Oa44O844K45LiL6YOo44Gu44Oc44K/44Oz44KI44KK44GK55Sz44GX6L6844G/44GE44Gf44Gg44GR44G+44GZ44Gu44Gn44CB44KI44KN44GX44GR44KM44Gw44GU5Yip55So44GP44Gg44GV44GE44G+44Gb44CCIDxicj4KICAgICAgICAgICAgICAgICAgPGJyPgogICAgICAgICAgICAgICAgICA8dT7kuIDluqbjgavjgZTnlKjmhI/jgafjgY3jgovmlbDjgYzpmZDjgonjgozjgabjgYrjgorjgb7jgZnjgZ/jgoHjgIHjgYrnlLPjgZfovrzjgb/jgYzlpJrmlbDjgavjgarjgaPjgZ/loLTlkIjjgavjga/jgIE8YnI+CiAgICAgICAgICAgICAgICAgIOOAkOOBlOaLm+W+heODoeODvOODq+OAkeOCkuOBiueUs+OBl+i+vOOBv+OBhOOBn+OBoOOBhOOBn+OBiuWuouanmOOBi+OCieOCquODvOODgOODvOS8muOBuOOBlOahiOWGheOBleOBm+OBpuOBhOOBn+OBoOOBj+WgtOWQiOOBjOOBlOOBluOBhOOBvuOBmeOAgjxicj4KICAgICAgICAgICAgICAgICAg5LqI44KB44GU5LqG5om/44GP44Gg44GV44GE44CCPGJyPgogICAgICAgICAgICAgICAgICA8YnI+CiAgICAgICAgICAgICAgICAgIDwvdT48L2ZvbnQ+PC9mb250Pjwvc3Bhbj48L3A+CiAgICAgICAgICAgICAgPC9kaXY+PC90ZD4KICAgICAgICAgIDwvdHI+CiAgICAgICAgPC90YWJsZT48L3RkPgogICAgPC90cj4KICA8L3RhYmxlPgogIDxicj4KCiAgPC9zcGFuPiA8L2Rpdj4KCjxUQUJMRSBXSURUSD04MDAgQk9SREVSPTAgQ0VMTFBBRERJTkc9MCBDRUxMU1BBQ0lORz0wIGJnY29sb3I9ImJsYWNrIj4KPFRSPgo8VEQ+CjxJTUcgU1JDPSJodHRwOi8vaW1hZ2UucmFrdXRlbi5jby5qcC9oYmVzcG9rZS9jYWJpbmV0L2ZydXR0aTAzL2FsYmFfcHJpbWEwM18wMS5qcGciIFdJRFRIPTgwMCBIRUlHSFQ9NjkwIEFMVD0iIj48L1REPgo8L1RSPgo8VFI+CjxURD4KPElNRyBTUkM9Imh0dHA6Ly9pbWFnZS5yYWt1dGVuLmNvLmpwL2hiZXNwb2tlL2NhYmluZXQvZnJ1dHRpMDMvYWxiYV9wcmltYTAzXzAyLmpwZyIgV0lEVEg9ODAwIEhFSUdIVD05MTAgQUxUPSIiPjwvVEQ+CjwvVFI+CjxUUj4KPFREPgo8SU1HIFNSQz0iaHR0cDovL2ltYWdlLnJha3V0ZW4uY28uanAvaGJlc3Bva2UvY2FiaW5ldC9mcnV0dGkwMy9hbGJhX3ByaW1hMDNfMDMuanBnIiBXSURUSD04MDAgSEVJR0hUPTExNTggQUxUPSIiPjwvVEQ+CjwvVFI+CjxUUj4KPFREPgo8SU1HIFNSQz0iaHR0cDovL2ltYWdlLnJha3V0ZW4uY28uanAvaGJlc3Bva2UvY2FiaW5ldC9mcnV0dGkwMy9hbGJhX3ByaW1hMDNfMDQuanBnIiBXSURUSD04MDAgSEVJR0hUPTkyNCBBTFQ9IiI+PC9URD4KPC9UUj4KPFRSPgo8VEQ+CjxJTUcgU1JDPSJodHRwOi8vaW1hZ2UucmFrdXRlbi5jby5qcC9oYmVzcG9rZS9jYWJpbmV0L2ZydXR0aTAzL2FsYmFfcHJpbWEwM18wNS5qcGciIFdJRFRIPTgwMCBIRUlHSFQ9MTIwMCBBTFQ9IiI+PC9URD4KPC9UUj4KPFRSPgo8VEQ+CjxJTUcgU1JDPSJodHRwOi8vaW1hZ2UucmFrdXRlbi5jby5qcC9oYmVzcG9rZS9jYWJpbmV0L2ZydXR0aTAzL2FsYmFfcHJpbWEwM18wNi5qcGciIFdJRFRIPTgwMCBIRUlHSFQ9MTEwNCBBTFQ9IiI+PC9URD4KPC9UUj4KCgoKCgogIDxUUj48VEQ+PGJyPgogICAgICA8YnI+CiAgICAgICAKICAgICAgPHRhYmxlIHdpZHRoPSI4MDAiIGNlbGxwYWRkaW5nPSIwIiBjZWxsc3BhY2luZz0iMCIgYmdjb2xvcj0iIzAwMDAwMCI+CiAgICAgICA8dHI+IAogICAgICAgICAgPHRkPjxpbWcgc3JjPSJodHRwOi8vaW1hZ2UucmFrdXRlbi5jby5qcC9oYmVzcG9rZS9jYWJpbmV0L2ZydXR0aTAzL3ByaW1hX21lcy5qcGciIHdpZHRoPSI4MDAiIGhlaWdodD0iNTAiPjxicj4KICAgICAgICAgICAgPC90ZD48L3RyPjx0cj4gCiAgICAgICAgICA8dGQ+PGJyPgogICAgICAgICAgICA8dGFibGUgd2lkdGg9IjgwMCIgY2VsbHBhZGRpbmc9IjAiIGNlbGxzcGFjaW5nPSIwIiBiZ2NvbG9yPSIjMDAwMDAwIj4KICAgICAgICAgICAgICA8dHI+IAogICAgICAgICAgICAgICAgPHRkIGhlaWdodD0iMTMiIHZhbGlnbj0idG9wIiBiZ2NvbG9yPSIjMDAwMDAwIj4gCiAgICAgICAgICAgICAgICAgIDxJRlJBTUUgCnNyYz0iaHR0cDovL3d3dy5yYWt1dGVuLm5lLmpwL2dvbGQvaGJlc3Bva2UvZnJ1dHRpL2FsYmEvcHJpbWFfcmV2Lmh0bSIgCmZyYW1lQm9yZGVyPW5vIHdpZHRoPTg0MCBzY3JvbGxpbmc9eWVzIGhlaWdodD00MDA+PC9JRlJBTUU+PC90ZD4KICAgICAgICAgICAgICA8L3RyPgogICAgICAgICAgICA8L3RhYmxlPgogICAgICAgICAgICA8YnI+PC90ZD4KICAgICAgICAgICAgICA8L3RyPgogICAgICAgICAgICAgICA8L3RhYmxlPgoKPC90ZD4KPC90cj4KCgoKCjxUUj4KPFREPgo8SU1HIFNSQz0iaHR0cDovL2ltYWdlLnJha3V0ZW4uY28uanAvaGJlc3Bva2UvY2FiaW5ldC9mcnV0dGkwMy9hbGJhX3ByaW1hMDNfMDcuanBnIiBXSURUSD04MDAgSEVJR0hUPTY2NCBBTFQ9IiI+PC9URD4KPC9UUj4KPC9UQUJMRT4KCjxicj4KPGEgaHJlZj0iaHR0cDovL2l0ZW0ucmFrdXRlbi5jby5qcC9oYmVzcG9rZS9jLzAwMDAwMDEzNTgvIj4KPC9hPgoKCjxicj4KPGEgaHJlZj0iaHR0cDovL2l0ZW0ucmFrdXRlbi5jby5qcC9oYmVzcG9rZS9jLzAwMDAwMDAyMjYvIiB0YXJnZXQ9Il9ibGFuayI+PGltZyBzcmM9Imh0dHA6Ly9pbWFnZS5yYWt1dGVuLmNvLmpwL2hiZXNwb2tlL2NhYmluZXQvZnJ1dHRpMDIvZnJ1X2FsbGJuci5naWYiIHdpZHRoPSI4MDAiIGhlaWdodD0iNDAiIGJvcmRlcj0iMCI+PC9hPjxicj4KCgoKCgoKPGJyPgoKPGlmcmFtZSBzcmM9Imh0dHA6Ly93d3cucmFrdXRlbi5uZS5qcC9nb2xkL2hiZXNwb2tlL3Jldmlld19yLmh0bSIgd2lkdGg9Ijg1MCIgaGVpZ2h0PSIxMDAiCnNjcm9sbGluZz0ibm8iIGZyYW1lYm9yZGVyPSJubyI+PC9pZnJhbWU+CgoKCgo8c3R5bGUgdHlwZT0idGV4dC9jc3MiPgojcmFrdXRlbkxpbWl0ZWRJZF9hcm91bmRDYXJ0IGlucHV0W3ZhbHVlPSLosrfjgYTnianjgYvjgZTjgavlhaXjgozjgosiXXsKYmFja2dyb3VuZC1pbWFnZTogdXJsKCJodHRwOi8vaW1hZ2UucmFrdXRlbi5jby5qcC9oYmVzcG9rZS9jYWJpbmV0L3RvcC90b3AyL3Jha3V0ZW5ib3Rhbi5qcGciKSAhaW1wb3J0YW50Owp3aWR0aDo0NjdweCAhaW1wb3J0YW50OwpoZWlnaHQ6ODVweCAhaW1wb3J0YW50OwpiYWNrZ3JvdW5kLXJlcGVhdDpuby1yZXBlYXQ7CmJhY2tncm91bmQtcG9zaXRpb246IGxlZnQgdG9wICFpbXBvcnRhbnQ7CnRleHQtaW5kZW50OjEwMCU7CndoaXRlLXNwYWNlOm5vd3JhcDsKb3ZlcmZsb3c6aGlkZGVuOwpib3JkZXI6IG5vbmU7CnBhZGRpbmc6MDsKbWFyZ2luLXRvcDo1cHggMDsKY3Vyc29yOnBvaW50ZXI7Cn0KI3Jha3V0ZW5MaW1pdGVkSWRfYXJvdW5kQ2FydCB0Ym9keSB0ciB0ZCBpbnB1dDpob3ZlcnsKYWxwaGEob3BhY2l0eT04KTsKLW1vei1vcGFjaXR5OjAuODsKb3BhY2l0eTowLjg7CmN1cnNvcjpwb2ludGVyOwp9Cjwvc3R5bGU+,44CQRlJVVFRJ44CR6LWk44GE44OP44Kk44OS44O844Or44KS44Kk44Oh44O844K444GX44Gf44Km44Kp44Os44OD44OIQUxCQSBQcmltYe+8iOOCouODq+ODkCDjg5fjg6rjg57vvInvvJrpmZDlrprjg5Djg4PjgrDjgajlh7rkvJrjgYjjgovjgqjjg6vjg4jjgqXjg7zjgq8=,44OP44Oz44OJ44OQ44OD44Kw44OQ44OD44Kw44Oc44K544OI44Oz44OQ44OD44Kw5peF6KGM44OQ44OD44Kw6LKh5biD44Km44Kp44Os44OD44OI6Z2p5bCP54mp55qH5a6k5b6h55So6YGU6ICB6IiX6ZmQ5a6a5ZOB44K344On44OR44O844Or5bGx55Sw5bmz5a6J5aCCQVRBT+OCouOCv+OCqlBJQ0FSREZSVVRUSeODleODq+ODg+ODhuOCo+ODreODmeODq+OCv+ODh+OCo+OCq+ODoeODquODvOODjk9UQU5JUllVSknlpKfosLfjg6rjg6XjgqbjgrjjgJBGUlVUVEnjgJHotaTjgYTjg4/jgqTjg5Ljg7zjg6vjgpLjgqTjg6Hjg7zjgrjjgZfjgZ/jgqbjgqnjg6zjg4Pjg4hBTEJBIFByaW1h77yI44Ki44Or44OQIOODl+ODquODnu+8iQ==,44CQRlJVVFRJ44CR6LWk44GE44OP44Kk44OS44O844Or44KS44Kk44Oh44O844K444GX44Gf44Km44Kp44Os44OD44OIQUxCQSBQcmltYe+8iOOCouODq+ODkCDjg5fjg6rjg57vvIk=[rn]
39-76421,aHR0cDovL3RzaG9wLnIxMHMuanAvaGJlc3Bva2UvY2FiaW5ldC9kZW5oYW1hbm8vNDAwcnB5YWxsMS5qcGc/Zml0aW49NzAwOjcwMA==,MjU5MjAuMDAwMA==,,44OQ44OD44Kw44O75bCP54mp44O744OW44Op44Oz44OJ6ZuR6LKoID4g6LKh5biD44O744Kx44O844K5ID4g44Os44OH44Kj44O844K56LKh5biD,44CQ5YKz5r+x6YeO44CR44Ov44Oz44Op44Oz44Kv5LiK44Gu44K544Oe44Ob6LKh5biD44CA44Oq44OD44OB44GqUnl1Zmth44Oq44Ol44OV44Kr44OR44Kk44K944Oz,,PFRBQkxFIFdJRFRIPTgwMCBCT1JERVI9MCBDRUxMUEFERElORz0wIENFTExTUEFDSU5HPTA+CjxUUj4KPFREPgo8SU1HIFNSQz0iaHR0cDovL2ltYWdlLnJha3V0ZW4uY28uanAvaGJlc3Bva2UvY2FiaW5ldC9kZW5oYW1hbm8vcnB5X3JhbmtpbmcuanBnIiBXSURUSD04MDAgSEVJR0hUPTE1MCBBTFQ9IuODqeODs+OCreODs+OCsCI+PC9URD4KPC9UUj48L3RhYmxlPgoKCgo8SU1HIFNSQz0iaHR0cDovL2ltYWdlLnJha3V0ZW4uY28uanAvaGJlc3Bva2UvY2FiaW5ldC9kZW5oYW1hbm8vcnl1ZmthcHliYW5hMi5qcGciIFdJRFRIPTgwMCBIRUlHSFQ9MTAwIEFMVD0i55qH5a6k5b6h55So6YGU44CA5YKz5r+x6YeO44Oq44Ol44OV44Kr44OR44Kk44K944Oz5paw5L2c44OQ44OK44O8Ij4KCgo8VEFCTEUgV0lEVEg9ODAwIEJPUkRFUj0wIENFTExQQURESU5HPTAgQ0VMTFNQQUNJTkc9MD4KPFRSPgo8VEQ+CjxJTUcgU1JDPSJodHRwOi8vaW1hZ2UucmFrdXRlbi5jby5qcC9oYmVzcG9rZS9jYWJpbmV0L2RlbmhhbWFuby9yeXVma2EtcHkwN18wMS5qcGciIFdJRFRIPTgwMCBIRUlHSFQ9Nzk3IEFMVD0i5YKz5r+x6YeO44K544Oe44Ob6LKh5biD44OR44Kk44K944OzIj48L1REPgo8L1RSPgo8VFI+CjxURD4KPElNRyBTUkM9Imh0dHA6Ly9pbWFnZS5yYWt1dGVuLmNvLmpwL2hiZXNwb2tlL2NhYmluZXQvZGVuaGFtYW5vL3J5dWZrYS1weTA1XzAyLmpwZyIgV0lEVEg9ODAwIEhFSUdIVD02NjUgQUxUPSLlgrPmv7Hph47jgrnjg57jg5vosqHluIPjg5HjgqTjgr3jg7MiPjwvVEQ+CjwvVFI+CjxUUj4KPFREPgo8SU1HIFNSQz0iaHR0cDovL2ltYWdlLnJha3V0ZW4uY28uanAvaGJlc3Bva2UvY2FiaW5ldC9kZW5oYW1hbm8vcnl1ZmthLXB5MDdfMDMuanBnIiBXSURUSD04MDAgSEVJR0hUPTU3OCBBTFQ9IuWCs+a/semHjuOCueODnuODm+iyoeW4g+ODkeOCpOOCveODsyI+PC9URD4KPC9UUj4KPFRSPgo8VEQ+CjxJTUcgU1JDPSJodHRwOi8vaW1hZ2UucmFrdXRlbi5jby5qcC9oYmVzcG9rZS9jYWJpbmV0L2RlbmhhbWFuby9yeXVma2EtcHkwNV8wNC5qcGciIFdJRFRIPTgwMCBIRUlHSFQ9NDA1IEFMVD0i5YKz5r+x6YeO44K544Oe44Ob6LKh5biD44OR44Kk44K944OzIj48L1REPgo8L1RSPgo8VFI+CjxURD4KPElNRyBTUkM9Imh0dHA6Ly9pbWFnZS5yYWt1dGVuLmNvLmpwL2hiZXNwb2tlL2NhYmluZXQvZGVuaGFtYW5vL3J5dWZrYS1weTA1XzA1LmpwZyIgV0lEVEg9ODAwIEhFSUdIVD05NTUgQUxUPSLlgrPmv7Hph47jgrnjg57jg5vosqHluIPjg5HjgqTjgr3jg7MiPjwvVEQ+CjwvVFI+CjxUUj4KPFREPgo8SU1HIFNSQz0iaHR0cDovL2ltYWdlLnJha3V0ZW4uY28uanAvaGJlc3Bva2UvY2FiaW5ldC9kZW5oYW1hbm8vcnl1ZmthLXB5MDVfMDYuanBnIiBXSURUSD04MDAgSEVJR0hUPTg1MSBBTFQ9IuWCs+a/semHjuOCueODnuODm+iyoeW4g+ODkeOCpOOCveODsyI+PC9URD4KPC9UUj4KPFRSPgo8VEQ+CjxJTUcgU1JDPSJodHRwOi8vaW1hZ2UucmFrdXRlbi5jby5qcC9oYmVzcG9rZS9jYWJpbmV0L2RlbmhhbWFuby9yeXVma2EtcHkwN18wNy5qcGciIFdJRFRIPTgwMCBIRUlHSFQ9NjE0IEFMVD0i5YKz5r+x6YeO44K544Oe44Ob6LKh5biD44OR44Kk44K944OzIj48L1REPgo8L1RSPgo8VFI+CjxURD4KPElNRyBTUkM9Imh0dHA6Ly9pbWFnZS5yYWt1dGVuLmNvLmpwL2hiZXNwb2tlL2NhYmluZXQvZGVuaGFtYW5vL3J5dWZrYS1weTA1XzA4LmpwZyIgV0lEVEg9ODAwIEhFSUdIVD00NTcgQUxUPSLlgrPmv7Hph47jgrnjg57jg5vosqHluIPjg5HjgqTjgr3jg7MiPjwvVEQ+CjwvVFI+CjxUUj4KPFREPgo8SU1HIFNSQz0iaHR0cDovL2ltYWdlLnJha3V0ZW4uY28uanAvaGJlc3Bva2UvY2FiaW5ldC9kZW5oYW1hbm8vcnl1ZmthLXB5MDVfMDkuanBnIiBXSURUSD04MDAgSEVJR0hUPTQ0MSBBTFQ9IuWCs+a/semHjuOCueODnuODm+iyoeW4g+ODkeOCpOOCveODsyI+PC9URD4KPC9UUj4KPFRSPgo8VEQ+CjxJTUcgU1JDPSJodHRwOi8vaW1hZ2UucmFrdXRlbi5jby5qcC9oYmVzcG9rZS9jYWJpbmV0L2RlbmhhbWFuby9yeXVma2EtcHkwNV8xMC5qcGciIFdJRFRIPTgwMCBIRUlHSFQ9NDYwIEFMVD0i5YKz5r+x6YeO44K544Oe44Ob6LKh5biD44OR44Kk44K944OzIj48L1REPgo8L1RSPgo8VFI+CjxURD4KPElNRyBTUkM9Imh0dHA6Ly9pbWFnZS5yYWt1dGVuLmNvLmpwL2hiZXNwb2tlL2NhYmluZXQvZGVuaGFtYW5vL3J5dWZrYS1weTA3XzExLmpwZyIgV0lEVEg9ODAwIEhFSUdIVD01OTEgQUxUPSLlgrPmv7Hph47jgrnjg57jg5vosqHluIPjg5HjgqTjgr3jg7MiPjwvVEQ+CjwvVFI+CjxUUj4KPFREPgo8SU1HIFNSQz0iaHR0cDovL2ltYWdlLnJha3V0ZW4uY28uanAvaGJlc3Bva2UvY2FiaW5ldC9kZW5oYW1hbm8vcnl1ZmthLXB5MDdfMTIuanBnIiBXSURUSD04MDAgSEVJR0hUPTQ0OSBBTFQ9IuWCs+a/semHjuOCueODnuODm+iyoeW4g+ODkeOCpOOCveODsyI+PC9URD4KPC9UUj4KPFRSPgo8VEQ+CjxJTUcgU1JDPSJodHRwOi8vaW1hZ2UucmFrdXRlbi5jby5qcC9oYmVzcG9rZS9jYWJpbmV0L2RlbmhhbWFuby9yeXVma2EtcHkwNV8xMy5qcGciIFdJRFRIPTgwMCBIRUlHSFQ9Mzc3IEFMVD0i5YKz5r+x6YeO44K544Oe44Ob6LKh5biD44OR44Kk44K944OzIj48L1REPgo8L1RSPgo8VFI+CjxURD4KPElNRyBTUkM9Imh0dHA6Ly9pbWFnZS5yYWt1dGVuLmNvLmpwL2hiZXNwb2tlL2NhYmluZXQvZGVuaGFtYW5vL3J5dWZrYS1weTA3XzE0LmpwZyIgV0lEVEg9ODAwIEhFSUdIVD01ODggQUxUPSLlgrPmv7Hph47jgrnjg57jg5vosqHluIPjg5HjgqTjgr3jg7MiPjwvVEQ+CjwvVFI+CjwvVEFCTEU+CgoKCgoKPGlmcmFtZSBoZWlnaHQ9IjEiIHNyYz0iaHR0cDovL3d3dy5yYWt1dGVuLm5lLmpwL2dvbGQvaGJlc3Bva2Uvcm1rL3Jtay1kZW5oYW1hbm8tci5odG0iIGZyYW1lYm9yZGVyPSJubyIgd2lkdGg9IjUiIHNjcm9sbGluZz0ibm8iPjwvaWZyYW1lPgoKCgoKCjxzdHlsZSB0eXBlPSJ0ZXh0L2NzcyI+CiNyYWt1dGVuTGltaXRlZElkX2Fyb3VuZENhcnQgaW5wdXRbdmFsdWU9Iuiyt+OBhOeJqeOBi+OBlOOBq+WFpeOCjOOCiyJdewpiYWNrZ3JvdW5kLWltYWdlOiB1cmwoImh0dHA6Ly9pbWFnZS5yYWt1dGVuLmNvLmpwL2hiZXNwb2tlL2NhYmluZXQvdG9wL3RvcDIvcmFrdXRlbmJvdGFuLmpwZyIpICFpbXBvcnRhbnQ7CndpZHRoOjQ2N3B4ICFpbXBvcnRhbnQ7CmhlaWdodDo4NXB4ICFpbXBvcnRhbnQ7CmJhY2tncm91bmQtcmVwZWF0Om5vLXJlcGVhdDsKYmFja2dyb3VuZC1wb3NpdGlvbjogbGVmdCB0b3AgIWltcG9ydGFudDsKdGV4dC1pbmRlbnQ6MTAwJTsKd2hpdGUtc3BhY2U6bm93cmFwOwpvdmVyZmxvdzpoaWRkZW47CmJvcmRlcjogbm9uZTsKcGFkZGluZzowOwptYXJnaW4tdG9wOjVweCAwOwpjdXJzb3I6cG9pbnRlcjsKfQojcmFrdXRlbkxpbWl0ZWRJZF9hcm91bmRDYXJ0IHRib2R5IHRyIHRkIGlucHV0OmhvdmVyewphbHBoYShvcGFjaXR5PTgpOwotbW96LW9wYWNpdHk6MC44OwpvcGFjaXR5OjAuODsKY3Vyc29yOnBvaW50ZXI7Cn0KPC9zdHlsZT4=,44CQ5YKz5r+x6YeO44CR44Ov44Oz44Op44Oz44Kv5LiK44Gu44K544Oe44Ob6LKh5biD44CA44Oq44OD44OB44GqUnl1Zmth44Oq44Ol44OV44Kr44OR44Kk44K944Oz77ya6ZmQ5a6a44OQ44OD44Kw44Go5Ye65Lya44GI44KL44Ko44Or44OI44Kl44O844Kv,44OP44Oz44OJ44OQ44OD44Kw44OQ44OD44Kw44Oc44K544OI44Oz44OQ44OD44Kw5peF6KGM44OQ44OD44Kw6LKh5biD44Km44Kp44Os44OD44OI6Z2p5bCP54mp55qH5a6k5b6h55So6YGU6ICB6IiX6ZmQ5a6a5ZOB44K344On44OR44O844Or5bGx55Sw5bmz5a6J5aCCQVRBT+OCouOCv+OCqlBJQ0FSREZSVVRUSeODleODq+ODg+ODhuOCo+ODreODmeODq+OCv+ODh+OCo+OCq+ODoeODquODvOODjk9UQU5JUllVSknlpKfosLfjg6rjg6XjgqbjgrjjgJDlgrPmv7Hph47jgJHjg6/jg7Pjg6njg7Pjgq/kuIrjga7jgrnjg57jg5vosqHluIPjgIDjg6rjg4Pjg4HjgapSeXVma2Hjg6rjg6Xjg5Xjgqvjg5HjgqTjgr3jg7M=,44CQ5YKz5r+x6YeO44CR44Ov44Oz44Op44Oz44Kv5LiK44Gu44K544Oe44Ob6LKh5biD44CA44Oq44OD44OB44GqUnl1Zmth44Oq44Ol44OV44Kr44OR44Kk44K944Oz[rn]
39-76422,aHR0cDovL3RzaG9wLnIxMHMuanAvaGJlc3Bva2UvY2FiaW5ldC9mcnV0dGkwMy80MDBfc2VyYWNoYXJtZTAxLmpwZz9maXRpbj03MDA6NzAw,Mjg1MTIuMDAwMA==,,44OQ44OD44Kw44O75bCP54mp44O744OW44Op44Oz44OJ6ZuR6LKoID4g6LKh5biD44O744Kx44O844K5ID4g44Os44OH44Kj44O844K56LKh5biD,44CQRlJVVFRJ44CR44OU44Oz44Kv44Go44Os44O844K544CC44OU44Oz44Kv44Go44OW44Op44OD44Kv44CC5LmZ5aWz5b+D44GP44GZ44GQ44KL57WE44G/5ZCI44KP44Gb44Gn44OH44K244Kk44Oz44GX44Gf6ZW36LKh5biDU2VyYSBDaGFybWXvvIjjgrvjg7zjg6kg44K344Oj44Or44Og77yJ,,PFRBQkxFIFdJRFRIPTg1MCBCT1JERVI9MCBDRUxMUEFERElORz0wIENFTExTUEFDSU5HPTAgYmdjb2xvcj0iYmxhY2siPgo8VFI+CjxURD4KPElNRyBTUkM9Imh0dHA6Ly9pbWFnZS5yYWt1dGVuLmNvLmpwL2hiZXNwb2tlL2NhYmluZXQvZnJ1dHRpMDMvc2VyYV9jaGFybWUwM18wMS5qcGciIFdJRFRIPTg1MCBIRUlHSFQ9MTA5OCBBTFQ9IiI+PC9URD4KPC9UUj4KPFRSPgo8VEQ+CjxJTUcgU1JDPSJodHRwOi8vaW1hZ2UucmFrdXRlbi5jby5qcC9oYmVzcG9rZS9jYWJpbmV0L2ZydXR0aTAzL3NlcmFfY2hhcm1lMDFfMDIuanBnIiBXSURUSD04NTAgSEVJR0hUPTExODIgQUxUPSIiPjwvVEQ+CjwvVFI+CjxUUj4KPFREPgo8SU1HIFNSQz0iaHR0cDovL2ltYWdlLnJha3V0ZW4uY28uanAvaGJlc3Bva2UvY2FiaW5ldC9mcnV0dGkwMy9zZXJhX2NoYXJtZTAxXzAzLmpwZyIgV0lEVEg9ODUwIEhFSUdIVD02NzggQUxUPSIiPjwvVEQ+CjwvVFI+CjxUUj4KPFREPgo8SU1HIFNSQz0iaHR0cDovL2ltYWdlLnJha3V0ZW4uY28uanAvaGJlc3Bva2UvY2FiaW5ldC9mcnV0dGkwMy9zZXJhX2NoYXJtZTAxXzA0LmpwZyIgV0lEVEg9ODUwIEhFSUdIVD0xMDI0IEFMVD0iIj48L1REPgo8L1RSPgo8VFI+CjxURD4KPElNRyBTUkM9Imh0dHA6Ly9pbWFnZS5yYWt1dGVuLmNvLmpwL2hiZXNwb2tlL2NhYmluZXQvZnJ1dHRpMDMvc2VyYV9jaGFybWUwMV8wNS5qcGciIFdJRFRIPTg1MCBIRUlHSFQ9NjM4IEFMVD0iIj48L1REPgo8L1RSPgo8VFI+CjxURD4KPElNRyBTUkM9Imh0dHA6Ly9pbWFnZS5yYWt1dGVuLmNvLmpwL2hiZXNwb2tlL2NhYmluZXQvZnJ1dHRpMDMvc2VyYV9jaGFybWUwMV8wNi5qcGciIFdJRFRIPTg1MCBIRUlHSFQ9MTEzNCBBTFQ9IiI+PC9URD4KPC9UUj4KCjxUUj4KPFREPgo8SU1HIFNSQz0iaHR0cDovL2ltYWdlLnJha3V0ZW4uY28uanAvaGJlc3Bva2UvY2FiaW5ldC9mcnV0dGkwNC9zZXJhX2dlbW15MDFfMDkuanBnIiBXSURUSD04NTAgSEVJR0hUPTU5MiBBTFQ9IiI+PC9URD4KPC9UUj4KPFRSPgo8VEQ+CjxJTUcgU1JDPSJodHRwOi8vaW1hZ2UucmFrdXRlbi5jby5qcC9oYmVzcG9rZS9jYWJpbmV0L2ZydXR0aTAzL3NlcmFfY2hhcm1lMDFfMDcuanBnIiBXSURUSD04NTAgSEVJR0hUPTEwMzIgQUxUPSIiPjwvVEQ+CjwvVFI+CjxUUj4KPFREPgo8SU1HIFNSQz0iaHR0cDovL2ltYWdlLnJha3V0ZW4uY28uanAvaGJlc3Bva2UvY2FiaW5ldC9mcnV0dGkwMy9zZXJhX2NoYXJtZTAxXzA4LmpwZyIgV0lEVEg9ODUwIEhFSUdIVD04NjIgQUxUPSIiPjwvVEQ+CjwvVFI+CjxUUj4KPFREPgo8SU1HIFNSQz0iaHR0cDovL2ltYWdlLnJha3V0ZW4uY28uanAvaGJlc3Bva2UvY2FiaW5ldC9mcnV0dGkwMy9zZXJhX2NoYXJtZTAxXzA5LmpwZyIgV0lEVEg9ODUwIEhFSUdIVD00NDQgQUxUPSIiPjwvVEQ+CjwvVFI+CjxUUj4KPFREPgo8SU1HIFNSQz0iaHR0cDovL2ltYWdlLnJha3V0ZW4uY28uanAvaGJlc3Bva2UvY2FiaW5ldC9mcnV0dGkwMy9zZXJhX2NoYXJtZTAxXzEwLmpwZyIgV0lEVEg9ODUwIEhFSUdIVD05MDggQUxUPSIiPjwvVEQ+CjwvVFI+Cjx0cj48dGQ+ICAgICAgICAKCiAgICAgIDxJTUcgU1JDPSJodHRwOi8vaW1hZ2UucmFrdXRlbi5jby5qcC9oYmVzcG9rZS9jYWJpbmV0L2ZydXR0aTAzLzg1MF9mcnVfd3JhcC5qcGciIFdJRFRIPTg1MCBIRUlHSFQ9MzAwIEFMVD0i44Oq44Oc44Oz44Op44OD44OU44Oz44Kw54Sh5paZIj48YnI+CjwvdGQ+PC90cj4KPC9UQUJMRT4KCgoKPFRBQkxFIFdJRFRIPTg1MCBCT1JERVI9MCBDRUxMUEFERElORz0wIENFTExTUEFDSU5HPTAgYmdjb2xvcj0iYmxhY2siPgo8VFI+CjxURD4KPElNRyBTUkM9Imh0dHA6Ly9pbWFnZS5yYWt1dGVuLmNvLmpwL2hiZXNwb2tlL2NhYmluZXQvZnJ1dHRpMDMvY2hhcm1lc2VyaWVzMDFfMDEuanBnIiBXSURUSD04NTAgSEVJR0hUPTIxMiBBTFQ9IiIgYm9yZGVyPSIwIj48L1REPgo8L1RSPgo8VFI+CjxURD4KPGEgaHJlZj0iaHR0cDovL2l0ZW0ucmFrdXRlbi5jby5qcC9oYmVzcG9rZS9jLzAwMDAwMDE3MzEvIj4KPElNRyBTUkM9Imh0dHA6Ly9pbWFnZS5yYWt1dGVuLmNvLmpwL2hiZXNwb2tlL2NhYmluZXQvZnJ1dHRpMDMvY2hhcm1lc2VyaWVzMDFfMDIuZ2lmIiBXSURUSD04NTAgSEVJR0hUPTY1IEFMVD0iIiBib3JkZXI9IjAiPjwvYT48L1REPgo8L1RSPgo8VFI+CjxURD4KPGEgaHJlZj0iaHR0cDovL2l0ZW0ucmFrdXRlbi5jby5qcC9oYmVzcG9rZS9jLzAwMDAwMDE3MTAvIj4KPElNRyBTUkM9Imh0dHA6Ly9pbWFnZS5yYWt1dGVuLmNvLmpwL2hiZXNwb2tlL2NhYmluZXQvZnJ1dHRpMDMvY2hhcm1lc2VyaWVzMDFfMDMuZ2lmIiBXSURUSD04NTAgSEVJR0hUPTczIEFMVD0iIiBib3JkZXI9IjAiPjwvYT48L1REPgo8L1RSPgo8L1RBQkxFPgoKPGJyPgoKPGJyPgo8YSBocmVmPSJodHRwOi8vaXRlbS5yYWt1dGVuLmNvLmpwL2hiZXNwb2tlL2MvMDAwMDAwMDIyNi8iIHRhcmdldD0iX2JsYW5rIj48aW1nIHNyYz0iaHR0cDovL2ltYWdlLnJha3V0ZW4uY28uanAvaGJlc3Bva2UvY2FiaW5ldC9mcnV0dGkwMi9mcnVfYWxsYm5yLmdpZiIgd2lkdGg9IjgwMCIgaGVpZ2h0PSI0MCIgYm9yZGVyPSIwIj48L2E+PGJyPgoKPGlmcmFtZSBzcmM9Imh0dHA6Ly93d3cucmFrdXRlbi5uZS5qcC9nb2xkL2hiZXNwb2tlL3Jldmlld19yLmh0bSIgd2lkdGg9Ijg1MCIgaGVpZ2h0PSIxMDAiCnNjcm9sbGluZz0ibm8iIGZyYW1lYm9yZGVyPSJubyI+PC9pZnJhbWU+PGJyPgoKCgoKCjxzdHlsZSB0eXBlPSJ0ZXh0L2NzcyI+CiNyYWt1dGVuTGltaXRlZElkX2Fyb3VuZENhcnQgaW5wdXRbdmFsdWU9Iuiyt+OBhOeJqeOBi+OBlOOBq+WFpeOCjOOCiyJdewpiYWNrZ3JvdW5kLWltYWdlOiB1cmwoImh0dHA6Ly9pbWFnZS5yYWt1dGVuLmNvLmpwL2hiZXNwb2tlL2NhYmluZXQvdG9wL3RvcDIvcmFrdXRlbmJvdGFuLmpwZyIpICFpbXBvcnRhbnQ7CndpZHRoOjQ2N3B4ICFpbXBvcnRhbnQ7CmhlaWdodDo4NXB4ICFpbXBvcnRhbnQ7CmJhY2tncm91bmQtcmVwZWF0Om5vLXJlcGVhdDsKYmFja2dyb3VuZC1wb3NpdGlvbjogbGVmdCB0b3AgIWltcG9ydGFudDsKdGV4dC1pbmRlbnQ6MTAwJTsKd2hpdGUtc3BhY2U6bm93cmFwOwpvdmVyZmxvdzpoaWRkZW47CmJvcmRlcjogbm9uZTsKcGFkZGluZzowOwptYXJnaW4tdG9wOjVweCAwOwpjdXJzb3I6cG9pbnRlcjsKfQojcmFrdXRlbkxpbWl0ZWRJZF9hcm91bmRDYXJ0IHRib2R5IHRyIHRkIGlucHV0OmhvdmVyewphbHBoYShvcGFjaXR5PTgpOwotbW96LW9wYWNpdHk6MC44OwpvcGFjaXR5OjAuODsKY3Vyc29yOnBvaW50ZXI7Cn0KPC9zdHlsZT4=,44CQRlJVVFRJ44CR44OU44Oz44Kv44Go44Os44O844K544CC44OU44Oz44Kv44Go44OW44Op44OD44Kv44CC5LmZ5aWz5b+D44GP44GZ44GQ44KL57WE44G/5ZCI44KP44Gb44Gn44OH44K244Kk44Oz44GX44Gf6ZW36LKh5biDU2VyYSBDaGFybWXvvIjjgrvjg7zjg6kg44K344Oj44Or44Og77yJ77ya6ZmQ5a6a44OQ44OD44Kw44Go5Ye65Lya44GI44KL44Ko44Or44OI44Kl44O844Kv,44OP44Oz44OJ44OQ44OD44Kw44OQ44OD44Kw44Oc44K544OI44Oz44OQ44OD44Kw5peF6KGM44OQ44OD44Kw6LKh5biD44Km44Kp44Os44OD44OI6Z2p5bCP54mp55qH5a6k5b6h55So6YGU6ICB6IiX6ZmQ5a6a5ZOB44K344On44OR44O844Or5bGx55Sw5bmz5a6J5aCCQVRBT+OCouOCv+OCqlBJQ0FSREZSVVRUSeODleODq+ODg+ODhuOCo+ODreODmeODq+OCv+ODh+OCo+OCq+ODoeODquODvOODjk9UQU5JUllVSknlpKfosLfjg6rjg6XjgqbjgrjjgJBGUlVUVEnjgJHjg5Tjg7Pjgq/jgajjg6zjg7zjgrnjgILjg5Tjg7Pjgq/jgajjg5bjg6njg4Pjgq/jgILkuZnlpbPlv4PjgY/jgZnjgZDjgovntYTjgb/lkIjjgo/jgZvjgafjg4fjgrbjgqTjg7PjgZfjgZ/plbfosqHluINTZXJhIENoYXJtZe+8iOOCu+ODvOODqSDjgrfjg6Pjg6vjg6DvvIk=,44CQRlJVVFRJ44CR44OU44Oz44Kv44Go44Os44O844K544CC44OU44Oz44Kv44Go44OW44Op44OD44Kv44CC5LmZ5aWz5b+D44GP44GZ44GQ44KL57WE44G/5ZCI44KP44Gb44Gn44OH44K244Kk44Oz44GX44Gf6ZW36LKh5biDU2VyYSBDaGFybWXvvIjjgrvjg7zjg6kg44K344Oj44Or44Og77yJ[rn]
39-76423,aHR0cDovL3RzaG9wLnIxMHMuanAvaGJlc3Bva2UvY2FiaW5ldC9mcnV0dGkwMy80MDBfYWxpY2VtaW5pd2FsbGV0NS5qcGc/Zml0aW49NzAwOjcwMA==,MTM4MjQuMDAwMA==,,44OQ44OD44Kw44O75bCP54mp44O744OW44Op44Oz44OJ6ZuR6LKoID4g6LKh5biD44O744Kx44O844K5ID4g44Os44OH44Kj44O844K56LKh5biD,44CQRlJVVFRJ44CR57W155S744Gu44KI44GG44Gq54m55rOo44Os44K244O844Gn5LuV56uL44Gm44KL44Of44OL44Km44Kp44Os44OD44OI4pmq44OR44O844OG44Kj44O844OQ44OD44Kw44Gr5ZCI44KP44Gb44Gf44GEVmlyb2xhIEFsaWNlIO+8iOODtOOCo+ODreODvOODqSDjgqLjg6rjgrnvvInjg5/jg4vosqHluIMg5pys6Z2pIOODrOOCtuODvCDjg5Tjg7Pjgq8g6Iqx5p+EIOS4ieOBpOaKmOiyoeW4gyDmpbXlsI/osqHluIMg44OR44O844OG44Kj44O86LKh5biD,44Of44OL6LKh5biD44CA5LiJ44Gk5oqY6LKh5biD44CA44OU44Oz44Kv44CA44Ko44OK44Oh44Or,PFRBQkxFIFdJRFRIPTgwMCBCT1JERVI9MCBDRUxMUEFERElORz0wIENFTExTUEFDSU5HPTAgYmdjb2xvcj0iYmxhY2siPgo8VFI+CjxURD4KPElNRyBTUkM9Imh0dHA6Ly9pbWFnZS5yYWt1dGVuLmNvLmpwL2hiZXNwb2tlL2NhYmluZXQvZnJ1dHRpMDMvdmlyb2xhX2FsaWNlXzAxLmpwZyIgV0lEVEg9ODAwIEhFSUdIVD0xMDIwIEFMVD0iIj48L1REPgo8L1RSPgo8VFI+CjxURD4KPElNRyBTUkM9Imh0dHA6Ly9pbWFnZS5yYWt1dGVuLmNvLmpwL2hiZXNwb2tlL2NhYmluZXQvZnJ1dHRpMDMvdmlyb2xhX2FsaWNlXzAyLmpwZyIgV0lEVEg9ODAwIEhFSUdIVD01NjYgQUxUPSIiPjwvVEQ+CjwvVFI+CjxUUj4KPFREPgo8SU1HIFNSQz0iaHR0cDovL2ltYWdlLnJha3V0ZW4uY28uanAvaGJlc3Bva2UvY2FiaW5ldC9mcnV0dGkwMy92aXJvbGFfYWxpY2VfMDMuanBnIiBXSURUSD04MDAgSEVJR0hUPTk2NiBBTFQ9IiI+PC9URD4KPC9UUj4KPFRSPgo8VEQ+CjxJTUcgU1JDPSJodHRwOi8vaW1hZ2UucmFrdXRlbi5jby5qcC9oYmVzcG9rZS9jYWJpbmV0L2ZydXR0aTAzL3Zpcm9sYV9hbGljZV8wNC5qcGciIFdJRFRIPTgwMCBIRUlHSFQ9OTQwIEFMVD0iIj48L1REPgo8L1RSPgo8VFI+CjxURD4KPElNRyBTUkM9Imh0dHA6Ly9pbWFnZS5yYWt1dGVuLmNvLmpwL2hiZXNwb2tlL2NhYmluZXQvZnJ1dHRpMDMvdmlyb2xhX2FsaWNlXzA1YS5qcGciIFdJRFRIPTgwMCBIRUlHSFQ9MTAzOCBBTFQ9IiI+PC9URD4KPC9UUj4KPFRSPgo8VEQ+CjxJTUcgU1JDPSJodHRwOi8vaW1hZ2UucmFrdXRlbi5jby5qcC9oYmVzcG9rZS9jYWJpbmV0L2ZydXR0aTAzL3Zpcm9sYV9hbGljZV8wNi5qcGciIFdJRFRIPTgwMCBIRUlHSFQ9ODAwIEFMVD0iIj48L1REPgo8L1RSPgo8VFI+CjxURD4KPElNRyBTUkM9Imh0dHA6Ly9pbWFnZS5yYWt1dGVuLmNvLmpwL2hiZXNwb2tlL2NhYmluZXQvZnJ1dHRpMDMvdmlyb2xhX2FsaWNlXzA3LmpwZyIgV0lEVEg9ODAwIEhFSUdIVD00MDAgQUxUPSIiPjwvVEQ+CjwvVFI+CgoKPFRSPgo8VEQ+CiAgICAgIDx0YWJsZSB3aWR0aD0iODAwIiBjZWxscGFkZGluZz0iMCIgY2VsbHNwYWNpbmc9IjAiIGJnY29sb3I9IiMwMDAwMDAiPgogICAgICAgPHRyPiAKICAgICAgICAgIDx0ZD48aW1nIHNyYz0iaHR0cDovL2ltYWdlLnJha3V0ZW4uY28uanAvaGJlc3Bva2UvY2FiaW5ldC9mcnV0dGkwMi9hbGljZW1pbmlfbWVzLmpwZyIgd2lkdGg9IjgwMCIgaGVpZ2h0PSI1MCI+PGJyPjwvdGQ+CiAgICAgICAgICAgIDwvdHI+CiAgICAgICAgICAgICAgPHRyPiAKICAgICAgICAgICAgICAgIDx0ZCBoZWlnaHQ9IjEzIiB2YWxpZ249InRvcCIgYmdjb2xvcj0iIzAwMDAwMCI+IAogICAgICAgICAgICAgICAgICA8SUZSQU1FIApzcmM9Imh0dHA6Ly93d3cucmFrdXRlbi5uZS5qcC9nb2xkL2hiZXNwb2tlL2ZydXR0aS9hbGljZS9hbGljZW1pbmlfcmV2MDEuaHRtIiAKZnJhbWVCb3JkZXI9bm8gd2lkdGg9ODAwIHNjcm9sbGluZz15ZXMgaGVpZ2h0PTQwMD48L0lGUkFNRT48L3RkPgogICAgICAgICAgICAgIDwvdHI+CiAgICAgICAgICAgIDwvdGFibGU+Cgo8L1RSPgo8L1REPgo8VFI+CjxURD4KPElNRyBTUkM9Imh0dHA6Ly9pbWFnZS5yYWt1dGVuLmNvLmpwL2hiZXNwb2tlL2NhYmluZXQvZnJ1dHRpMDMvdmlyb2xhX2FsaWNlXzA4LmpwZyIgV0lEVEg9ODAwIEhFSUdIVD01NzAgQUxUPSIiPjwvVEQ+CjwvVFI+Cjx0cj48dGQ+ICAgICAgICAKCiAgICAgIDxJTUcgU1JDPSJodHRwOi8vaW1hZ2UucmFrdXRlbi5jby5qcC9oYmVzcG9rZS9jYWJpbmV0L2ZydXR0aTAzLzgwMF9mcnVfd3JhcC5qcGciIFdJRFRIPTgwMCBIRUlHSFQ9MzAwIEFMVD0i44Oq44Oc44Oz44Op44OD44OU44Oz44Kw54Sh5paZIj48YnI+CjwvdGQ+PC90cj4KPC9UQUJMRT4KCgoKPGRpdiBhbGlnbj0ibGVmdCI+CjxpZnJhbWUgc3JjPSJodHRwOi8vd3d3LnJha3V0ZW4ubmUuanAvZ29sZC9oYmVzcG9rZS9mcnV0dGkvYWxpY2UvYWxpY2VfZ2FsbGVyeV9yLmh0bWwiIHdpZHRoPSI4NTAiIGhlaWdodD0iMzUwIiBzY3JvbGxpbmc9Im5vIiBmcmFtZWJvcmRlcj0ibm8iPjwvaWZyYW1lPgo8L2Rpdj4KCgoKCiA8YnI+CgoKCgogIDx0YWJsZSBib3JkZXI9IjAiIGNlbGxwYWRkaW5nPSIwIiBjZWxsc3BhY2luZz0iMCIgYmdjb2xvcj0iI0ZGRkZGRiIgYm9yZGVyY29sb3I9IiMzMzMzMzMiIGNsYXNzPSJ1bm5hbWVkMSIgc3R5bGU9ImhlaWdodDogMTM3cHg7IHdpZHRoOiA3MjFweDsiPgogICAgPHRyPiAKICAgICAgPHRkIGhlaWdodD0iMTMzIj4gCiAgPHRhYmxlIGJvcmRlcj0iMCIgY2VsbHBhZGRpbmc9IjIwIiBjZWxsc3BhY2luZz0iMCIgc3R5bGU9ImhlaWdodDogMTMzcHg7IHdpZHRoOiA4NTRweDsiPgogICAgICAgICAgPHRyPiAKICAgICAgICAgICAgPHRkIHN0eWxlPSJ3aWR0aDogODU0cHgiPjxkaXYgYWxpZ249ImxlZnQiPiAKICAgICAgICAgICAgICAgIDxwPjxiPgo8Zm9udCBjb2xvcj0iI0ZGMDAzMyIgc2l6ZT0iMiI+4pa844GT44Gu44Ki44Kk44OG44Og44KS6KaL44Gm44GE44KL5Lq644Gr44GK44GZ44GZ44KB44CA44CQRlJVVFRJIERJIEJPU0NP44Gu44Of44OL44Km44Kp44Os44OD44OI44CRPGJyPjxicj4KPHRhYmxlIHN0eWxlPSJ3aWR0aDogODAlIj4KPHRyPgo8dGQ+CjxhIGhyZWY9Imh0dHA6Ly9pdGVtLnJha3V0ZW4uY28uanAvaGJlc3Bva2UvYy8wMDAwMDAxNDAwLyIgdGFyZ2V0PSJfYmxhbmsiPgo8SU1HIFNSQz0iaHR0cDovL2ltYWdlLnJha3V0ZW4uY28uanAvaGJlc3Bva2UvY2FiaW5ldC9mcnV0dGkwMy80MDBfdmlyb2xhYm90YTAxLmpwZyIgV0lEVEg9MjAwIEhFSUdIVD0yMDAgQUxUPSIiIGJvcmRlcj0iMCI+PC9hPjwvdGQ+Cjx0ZD4KPGEgaHJlZj0iaHR0cDovL2l0ZW0ucmFrdXRlbi5jby5qcC9oYmVzcG9rZS9jLzAwMDAwMDAzMzUvIiB0YXJnZXQ9Il9ibGFuayI+CjxJTUcgU1JDPSJodHRwOi8vaW1hZ2UucmFrdXRlbi5jby5qcC9oYmVzcG9rZS9jYWJpbmV0L2ZydXR0aS80MDBfbWluaV8wMS5qcGciIFdJRFRIPTIwMCBIRUlHSFQ9MjAwIEFMVD0iIiBib3JkZXI9IjAiPjwvYT48L3RkPgo8dGQ+CjxhIGhyZWY9Imh0dHA6Ly9pdGVtLnJha3V0ZW4uY28uanAvaGJlc3Bva2UvYy8wMDAwMDAwMzM1LyIgdGFyZ2V0PSJfYmxhbmsiPgo8SU1HIFNSQz0iaHR0cDovL2ltYWdlLnJha3V0ZW4uY28uanAvaGJlc3Bva2UvY2FiaW5ldC9mcnV0dGkvNDAwX21lenJfMDEuanBnIiBXSURUSD0yMDAgSEVJR0hUPTIwMCBBTFQ9IiIgYm9yZGVyPSIwIj48L2E+PC90ZD4KPC90cj4KPHRyPgo8dGQgc3R5bGU9ImhlaWdodDogMzBweCI+PGEgaHJlZj0iaHR0cDovL2l0ZW0ucmFrdXRlbi5jby5qcC9oYmVzcG9rZS9jLzAwMDAwMDE0MDAvIiB0YXJnZXQ9Il9ibGFuayI+PGZvbnQgY29sb3I9IiM2NjY2NjYiIHNpemU9IjIiPlZpcm9sYSBCb3RhbmljYWw8YnI+77yI44O044Kj44Ot44O844OpIOODnOOCv+ODi+OCq+ODq++8iSAKPC9mb250PjwvYT48L3RkPgo8dGQgc3R5bGU9ImhlaWdodDogMzBweCI+PGEgaHJlZj0iaHR0cDovL2l0ZW0ucmFrdXRlbi5jby5qcC9oYmVzcG9rZS9jLzAwMDAwMDAzMzUvIiB0YXJnZXQ9Il9ibGFuayI+PGZvbnQgY29sb3I9IiM2NjY2NjYiIHNpemU9IjIiPk1lenpvIG5pZ2h0bGFtcDxicj7vvIjjg6Hjgr7jg4rjgqTjg4jjg6njg7Pjg5fvvInjg5bjg6njgqbjg7M8L2ZvbnQ+PC9hPjwvdGQ+Cjx0ZCBzdHlsZT0iaGVpZ2h0OiAzMHB4Ij48YSBocmVmPSJodHRwOi8vaXRlbS5yYWt1dGVuLmNvLmpwL2hiZXNwb2tlL2MvMDAwMDAwMDMzNS8iIHRhcmdldD0iX2JsYW5rIj48Zm9udCBjb2xvcj0iIzY2NjY2NiIgc2l6ZT0iMiI+TWV6em8gbmlnaHRsYW1wPGJyPu+8iOODoeOCvuODiuOCpOODiOODqeODs+ODl++8ieODrOODg+ODiTwvZm9udD48L2E+PC90ZD4KPC90cj4KPC90YWJsZT4KPC9mb250PjwvYj48L3A+CgoKICAgICAgICAgICAgICA8L2Rpdj48L3RkPgogICAgICAgICAgPC90cj4KICAgICAgICA8L3RhYmxlPjwvdGQ+CiAgICA8L3RyPgogIDwvdGFibGU+CgoKCjxicj4KCjxpZnJhbWUgc3JjPSJodHRwOi8vd3d3LnJha3V0ZW4ubmUuanAvZ29sZC9oYmVzcG9rZS9yZXZpZXdfci5odG0iIHdpZHRoPSI4NTAiIGhlaWdodD0iMTAwIgpzY3JvbGxpbmc9Im5vIiBmcmFtZWJvcmRlcj0ibm8iPjwvaWZyYW1lPgoKCgo8YnI+CgoKCgogIDxicj4gPGZvbnQgc2l6ZT0iMSI+44Of44OL6LKh5biDIOacrOmdqSDjg6zjgrbjg7wg44OU44Oz44KvIOiKseafhCDkuInjgaTmipjosqHluIMg5qW15bCP6LKh5biDIOODkeODvOODhuOCo+ODvOiyoeW4gzwvZm9udD48L3A+CgoKCgo8YnI+CiAgPGJyPgogIDxmb250IGNvbG9yPSIjMzMzMzMzIiBzaXplPSIxIj7jg5/jg4vosqHluIMg5pys6Z2pIOODrOOCtuODvCDjg5Tjg7Pjgq8g6Iqx5p+EIOS4ieOBpOaKmOiyoeW4gyDmpbXlsI/osqHluIMg44OR44O844OG44Kj44O86LKh5biDPGJyPgogIDxicj4KICA8L2ZvbnQ+PGJyPjxzdHlsZSB0eXBlPSJ0ZXh0L2NzcyI+CiNyYWt1dGVuTGltaXRlZElkX2Fyb3VuZENhcnQgaW5wdXRbdmFsdWU9Iuiyt+OBhOeJqeOBi+OBlOOBq+WFpeOCjOOCiyJdewpiYWNrZ3JvdW5kLWltYWdlOiB1cmwoImh0dHA6Ly9pbWFnZS5yYWt1dGVuLmNvLmpwL2hiZXNwb2tlL2NhYmluZXQvdG9wL3RvcDIvcmFrdXRlbmJvdGFuLmpwZyIpICFpbXBvcnRhbnQ7CndpZHRoOjQ2N3B4ICFpbXBvcnRhbnQ7CmhlaWdodDo4NXB4ICFpbXBvcnRhbnQ7CmJhY2tncm91bmQtcmVwZWF0Om5vLXJlcGVhdDsKYmFja2dyb3VuZC1wb3NpdGlvbjogbGVmdCB0b3AgIWltcG9ydGFudDsKdGV4dC1pbmRlbnQ6MTAwJTsKd2hpdGUtc3BhY2U6bm93cmFwOwpvdmVyZmxvdzpoaWRkZW47CmJvcmRlcjogbm9uZTsKcGFkZGluZzowOwptYXJnaW4tdG9wOjVweCAwOwpjdXJzb3I6cG9pbnRlcjsKfQojcmFrdXRlbkxpbWl0ZWRJZF9hcm91bmRDYXJ0IHRib2R5IHRyIHRkIGlucHV0OmhvdmVyewphbHBoYShvcGFjaXR5PTgpOwotbW96LW9wYWNpdHk6MC44OwpvcGFjaXR5OjAuODsKY3Vyc29yOnBvaW50ZXI7Cn0KPC9zdHlsZT4=,44CQRlJVVFRJ44CR57W155S744Gu44KI44GG44Gq54m55rOo44Os44K244O844Gn5LuV56uL44Gm44KL44Of44OL44Km44Kp44Os44OD44OI4pmq44OR44O844OG44Kj44O844OQ44OD44Kw44Gr5ZCI44KP44Gb44Gf44GEVmlyb2xhIEFsaWNlIO+8iOODtOOCo+ODreODvOODqSDjgqLjg6rjgrnvvInjg5/jg4vosqHluIMg5pys6Z2pIOODrOOCtuODvCDjg5Tjg7Pjgq8g6Iqx5p+EIOS4ieOBpOaKmOiyoeW4gyDmpbXlsI/osqHluIMg44OR44O844OG44Kj44O86LKh5biD77ya6ZmQ5a6a44OQ44OD44Kw44Go5Ye65Lya44GI44KL44Ko44Or44OI44Kl44O844Kv,44OP44Oz44OJ44OQ44OD44Kw44OQ44OD44Kw44Oc44K544OI44Oz44OQ44OD44Kw5peF6KGM44OQ44OD44Kw6LKh5biD44Km44Kp44Os44OD44OI6Z2p5bCP54mp55qH5a6k5b6h55So6YGU6ICB6IiX6ZmQ5a6a5ZOB44K344On44OR44O844Or5bGx55Sw5bmz5a6J5aCCQVRBT+OCouOCv+OCqlBJQ0FSREZSVVRUSeODleODq+ODg+ODhuOCo+ODreODmeODq+OCv+ODh+OCo+OCq+ODoeODquODvOODjk9UQU5JUllVSknlpKfosLfjg6rjg6XjgqbjgrjjgJBGUlVUVEnjgJHntbXnlLvjga7jgojjgYbjgarnibnms6jjg6zjgrbjg7zjgafku5Xnq4vjgabjgovjg5/jg4vjgqbjgqnjg6zjg4Pjg4jimarjg5Hjg7zjg4bjgqPjg7zjg5Djg4PjgrDjgavlkIjjgo/jgZvjgZ/jgYRWaXJvbGEgQWxpY2Ug77yI44O044Kj44Ot44O844OpIOOCouODquOCue+8ieODn+ODi+iyoeW4gyDmnKzpnakg44Os44K244O8IOODlOODs+OCryDoirHmn4Qg5LiJ44Gk5oqY6LKh5biDIOalteWwj+iyoeW4gyDjg5Hjg7zjg4bjgqPjg7zosqHluIM=,44Of44OL6LKh5biD44CA5LiJ44Gk5oqY6LKh5biD44CA44OU44Oz44Kv44CA44Ko44OK44Oh44Or44CC44CQRlJVVFRJ44CR57W155S744Gu44KI44GG44Gq54m55rOo44Os44K244O844Gn5LuV56uL44Gm44KL44Of44OL44Km44Kp44Os44OD44OI4pmq44OR44O844OG44Kj44O844OQ44OD44Kw44Gr5ZCI44KP44Gb44Gf44GEVmlyb2xhIEFsaWNlIO+8iOODtOOCo+ODreODvOODqSDjgqLjg6rjgrnvvInjg5/jg4vosqHluIMg5pys6Z2pIOODrOOCtuODvCDjg5Tjg7Pjgq8g6Iqx5p+EIOS4ieOBpOaKmOiyoeW4gyDmpbXlsI/osqHluIMg44OR44O844OG44Kj44O86LKh5biD[rn]
39-76424,aHR0cDovL3RzaG9wLnIxMHMuanAvaGJlc3Bva2UvY2FiaW5ldC9mcnV0dGkwMy80MDBzZXJhYXJjb2JhbGVuby5qcGc/Zml0aW49NzAwOjcwMA==,MzI4MzIuMDAwMA==,,44OQ44OD44Kw44O75bCP54mp44O744OW44Op44Oz44OJ6ZuR6LKoID4g6LKh5biD44O744Kx44O844K5ID4g44Os44OH44Kj44O844K56LKh5biD,44CQRlJVVFRJ44CR6J2244GM5peF44GX44Gf44CM44Gr44GY44GE44KN44CN44Gu5LiW55WM44KS5o+P44GPU2VyYSBBcmNvYmFsZW5v77yI44K744O844OpIOOCouODq+OCs+ODkOODrOODvOODju+8iQ==,,PGJyPgoKPHRhYmxlIGJvcmRlcj0iMCIgY2VsbHNwYWNpbmc9IjAiIHN0eWxlPSJ3aWR0aDogODAwcHgiIGFsaWduPSJjZW50ZXIiPgo8dHI+Cjx0ZD4KPGRpdj48aW1nIGhlaWdodD0iNTkyIiBzcmM9Imh0dHA6Ly9pbWFnZS5yYWt1dGVuLmNvLmpwL2hiZXNwb2tlL2NhYmluZXQvZnJ1dHRpMDMvc2VyYWFsY29iYWxlbm9fMDEuanBnIiB3aWR0aD0iODAwIiAvPjwvZGl2PiAKPGRpdj48aW1nIGhlaWdodD0iNTUyIiBzcmM9Imh0dHA6Ly9pbWFnZS5yYWt1dGVuLmNvLmpwL2hiZXNwb2tlL2NhYmluZXQvZnJ1dHRpMDMvc2VyYWFsY29iYWxlbm9fMDIuanBnIiB3aWR0aD0iODAwIiAvPjwvZGl2Pgo8ZGl2PjxpbWcgaGVpZ2h0PSIxMDY0IiBzcmM9Imh0dHA6Ly9pbWFnZS5yYWt1dGVuLmNvLmpwL2hiZXNwb2tlL2NhYmluZXQvZnJ1dHRpMDMvc2VyYWFsY29iYWxlbm9fMDMuanBnIiB3aWR0aD0iODAwIiAvPjwvZGl2PiAKPGRpdj48aW1nIGhlaWdodD0iNTI0IiBzcmM9Imh0dHA6Ly9pbWFnZS5yYWt1dGVuLmNvLmpwL2hiZXNwb2tlL2NhYmluZXQvZnJ1dHRpMDMvc2VyYWFsY29iYWxlbm9fMDQuanBnIiB3aWR0aD0iODAwIiAvPjwvZGl2Pgo8ZGl2PjxpbWcgaGVpZ2h0PSI1OTAiIHNyYz0iaHR0cDovL2ltYWdlLnJha3V0ZW4uY28uanAvaGJlc3Bva2UvY2FiaW5ldC9mcnV0dGkwMy9zZXJhYWxjb2JhbGVub18wNS5qcGciIHdpZHRoPSI4MDAiIC8+PC9kaXY+IAo8ZGl2PjxpbWcgaGVpZ2h0PSI2NTgiIHNyYz0iaHR0cDovL2ltYWdlLnJha3V0ZW4uY28uanAvaGJlc3Bva2UvY2FiaW5ldC9mcnV0dGkwMy9zZXJhYWxjb2JhbGVub18wNi5qcGciIHdpZHRoPSI4MDAiIC8+PC9kaXY+CjxkaXY+PGltZyBoZWlnaHQ9IjY1NiIgc3JjPSJodHRwOi8vaW1hZ2UucmFrdXRlbi5jby5qcC9oYmVzcG9rZS9jYWJpbmV0L2ZydXR0aTAzL3NlcmFhbGNvYmFsZW5vXzA3LmpwZyIgd2lkdGg9IjgwMCIgLz48L2Rpdj4gCjxkaXY+PGltZyBoZWlnaHQ9IjgyOCIgc3JjPSJodHRwOi8vaW1hZ2UucmFrdXRlbi5jby5qcC9oYmVzcG9rZS9jYWJpbmV0L2ZydXR0aTAzL3NlcmFhbGNvYmFsZW5vXzA4LmpwZyIgd2lkdGg9IjgwMCIgLz48L2Rpdj4KPGRpdj48aW1nIGhlaWdodD0iNjM2IiBzcmM9Imh0dHA6Ly9pbWFnZS5yYWt1dGVuLmNvLmpwL2hiZXNwb2tlL2NhYmluZXQvZnJ1dHRpMDMvc2VyYWFsY29iYWxlbm9fMDlhLmpwZyIgd2lkdGg9IjgwMCIgLz48L2Rpdj4KPC90ZD4KPC90cj4KCjwvdGFibGU+CgoKCjxpZnJhbWUgc3JjPSJodHRwOi8vd3d3LnJha3V0ZW4ubmUuanAvZ29sZC9oYmVzcG9rZS9yZXZpZXdfci5odG0iIHdpZHRoPSI4NTAiIGhlaWdodD0iMTAwIgpzY3JvbGxpbmc9Im5vIiBmcmFtZWJvcmRlcj0ibm8iPjwvaWZyYW1lPgoKCgoKCjxzdHlsZSB0eXBlPSJ0ZXh0L2NzcyI+CiNyYWt1dGVuTGltaXRlZElkX2Fyb3VuZENhcnQgaW5wdXRbdmFsdWU9Iuiyt+OBhOeJqeOBi+OBlOOBq+WFpeOCjOOCiyJdewpiYWNrZ3JvdW5kLWltYWdlOiB1cmwoImh0dHA6Ly9pbWFnZS5yYWt1dGVuLmNvLmpwL2hiZXNwb2tlL2NhYmluZXQvdG9wL3RvcDIvcmFrdXRlbmJvdGFuLmpwZyIpICFpbXBvcnRhbnQ7CndpZHRoOjQ2N3B4ICFpbXBvcnRhbnQ7CmhlaWdodDo4NXB4ICFpbXBvcnRhbnQ7CmJhY2tncm91bmQtcmVwZWF0Om5vLXJlcGVhdDsKYmFja2dyb3VuZC1wb3NpdGlvbjogbGVmdCB0b3AgIWltcG9ydGFudDsKdGV4dC1pbmRlbnQ6MTAwJTsKd2hpdGUtc3BhY2U6bm93cmFwOwpvdmVyZmxvdzpoaWRkZW47CmJvcmRlcjogbm9uZTsKcGFkZGluZzowOwptYXJnaW4tdG9wOjVweCAwOwpjdXJzb3I6cG9pbnRlcjsKfQojcmFrdXRlbkxpbWl0ZWRJZF9hcm91bmRDYXJ0IHRib2R5IHRyIHRkIGlucHV0OmhvdmVyewphbHBoYShvcGFjaXR5PTgpOwotbW96LW9wYWNpdHk6MC44OwpvcGFjaXR5OjAuODsKY3Vyc29yOnBvaW50ZXI7Cn0KPC9zdHlsZT4=,44CQRlJVVFRJ44CR6J2244GM5peF44GX44Gf44CM44Gr44GY44GE44KN44CN44Gu5LiW55WM44KS5o+P44GPU2VyYSBBcmNvYmFsZW5v77yI44K744O844OpIOOCouODq+OCs+ODkOODrOODvOODju+8ie+8mumZkOWumuODkOODg+OCsOOBqOWHuuS8muOBiOOCi+OCqOODq+ODiOOCpeODvOOCrw==,44OP44Oz44OJ44OQ44OD44Kw44OQ44OD44Kw44Oc44K544OI44Oz44OQ44OD44Kw5peF6KGM44OQ44OD44Kw6LKh5biD44Km44Kp44Os44OD44OI6Z2p5bCP54mp55qH5a6k5b6h55So6YGU6ICB6IiX6ZmQ5a6a5ZOB44K344On44OR44O844Or5bGx55Sw5bmz5a6J5aCCQVRBT+OCouOCv+OCqlBJQ0FSREZSVVRUSeODleODq+ODg+ODhuOCo+ODreODmeODq+OCv+ODh+OCo+OCq+ODoeODquODvOODjk9UQU5JUllVSknlpKfosLfjg6rjg6XjgqbjgrjjgJBGUlVUVEnjgJHonbbjgYzml4XjgZfjgZ/jgIzjgavjgZjjgYTjgo3jgI3jga7kuJbnlYzjgpLmj4/jgY9TZXJhIEFyY29iYWxlbm/vvIjjgrvjg7zjg6kg44Ki44Or44Kz44OQ44Os44O844OO77yJ,44CQRlJVVFRJ44CR6J2244GM5peF44GX44Gf44CM44Gr44GY44GE44KN44CN44Gu5LiW55WM44KS5o+P44GPU2VyYSBBcmNvYmFsZW5v77yI44K744O844OpIOOCouODq+OCs+ODkOODrOODvOODju+8iQ==[rn]
39-76425,aHR0cDovL3RzaG9wLnIxMHMuanAvaGJlc3Bva2UvY2FiaW5ldC9mcnV0dGkwMi80MDBfc2VyZW5vX2hhbGYwMS5qcGc/Zml0aW49NzAwOjcwMA==,MjMzMjguMDAwMA==,,44OQ44OD44Kw44O75bCP54mp44O744OW44Op44Oz44OJ6ZuR6LKoID4g6LKh5biD44O744Kx44O844K5ID4g44Os44OH44Kj44O844K56LKh5biD,44CQRlJVVFRJ44CR44Gk44KE44KB44GP44Kk44K/44Oq44Ki6Z2p44Gu5LqM44Gk5oqY44KK6LKh5biDIFBpYSBTZXJlbm/vvIjjg5TjgqIg44K744Os44O844OO77yJIOWwj+OBtuOCiuOBquODkOODg+OCsOOBp+i7veOChOOBi+OBq+WHuuOBi+OBkeOBn+OBhOaXpeOBruS6jOOBpOaKmOOCiuOCpuOCqeODrOODg+ODiC/jgqjjg4rjg6Hjg6vjg7voirHmn4Tjga7kuozjgaTmipjjgorosqHluIM=,5LqM44Gk5oqY44KK44CA6LKh5biD44CA44Os44OH44Kj44O844K544CA6Iqx5p+E44CA44Ko44OK44Oh44Or,CgoKPFRBQkxFIFdJRFRIPTgwMCBCT1JERVI9MCBDRUxMUEFERElORz0wIENFTExTUEFDSU5HPTAgYmdjb2xvcj0iIzAwMDAwMCI+CgoKIAoKPFRSPgoKICAgIDxURD4gPGltZyBzcmM9Imh0dHA6Ly9pbWFnZS5yYWt1dGVuLmNvLmpwL2hiZXNwb2tlL2NhYmluZXQvZnJ1dHRpMDIvc2VyZW5vX2hhbGZfMDEuanBnIiB3aWR0aD04MDAgaGVpZ2h0PTgxMiBhbHQ9IiI+PC9URD4KPC9UUj4KCgogIDxUUj4gCiAgICA8VEQ+PElNRyBTUkM9Imh0dHA6Ly9pbWFnZS5yYWt1dGVuLmNvLmpwL2hiZXNwb2tlL2NhYmluZXQvZnJ1dHRpMDIvc2VyZW5vX2hhbGYwM18wNC5qcGciIFdJRFRIPTgwMCBIRUlHSFQ9NTY2IEFMVD0iIj48L1REPgo8L1RSPgo8VFI+CjxURD4KPElNRyBTUkM9Imh0dHA6Ly9pbWFnZS5yYWt1dGVuLmNvLmpwL2hiZXNwb2tlL2NhYmluZXQvZnJ1dHRpMDIvc2VyZW5vX2hhbGZfMDUuanBnIiBXSURUSD04MDAgSEVJR0hUPTY2OSBBTFQ9IiI+PC9URD4KPC9UUj4KPFRSPgo8VEQ+CjxJTUcgU1JDPSJodHRwOi8vaW1hZ2UucmFrdXRlbi5jby5qcC9oYmVzcG9rZS9jYWJpbmV0L2ZydXR0aTAyL3NlcmVub19oYWxmXzA2LmpwZyIgV0lEVEg9ODAwIEhFSUdIVD04MDUgQUxUPSIiPjwvVEQ+CjwvVFI+Cgo8VFI+CjxURD4KPElNRyBTUkM9Imh0dHA6Ly9pbWFnZS5yYWt1dGVuLmNvLmpwL2hiZXNwb2tlL2NhYmluZXQvZnJ1dHRpMDIvc2VyZW5vX2hhbGZfMDIuanBnIiBXSURUSD04MDAgSEVJR0hUPTY2MCBBTFQ9IiI+PC9URD4KPC9UUj4KPFRSPgo8VEQ+CjxJTUcgU1JDPSJodHRwOi8vaW1hZ2UucmFrdXRlbi5jby5qcC9oYmVzcG9rZS9jYWJpbmV0L2ZydXR0aTAyL3NlcmVub19oYWxmMDJfMDMuanBnIiBXSURUSD04MDAgSEVJR0hUPTYzNyBBTFQ9IiI+PC9URD4KPC9UUj4KCjxUUj4KPFREPgo8SU1HIFNSQz0iaHR0cDovL2ltYWdlLnJha3V0ZW4uY28uanAvaGJlc3Bva2UvY2FiaW5ldC9mcnV0dGkwMi9zZXJlbm9faGFsZl8wNy5qcGciIFdJRFRIPTgwMCBIRUlHSFQ9NzkwIEFMVD0iIj48L1REPgo8L1RSPgo8VFI+CjxURD4KPElNRyBTUkM9Imh0dHA6Ly9pbWFnZS5yYWt1dGVuLmNvLmpwL2hiZXNwb2tlL2NhYmluZXQvZnJ1dHRpMDIvc2VyZW5vX2hhbGZfMDguanBnIiBXSURUSD04MDAgSEVJR0hUPTYwNyBBTFQ9IiI+PC9URD4KPC9UUj4KPFRSPgo8VEQ+CjxJTUcgU1JDPSJodHRwOi8vaW1hZ2UucmFrdXRlbi5jby5qcC9oYmVzcG9rZS9jYWJpbmV0L2ZydXR0aTAyL3NlcmVub19oYWxmXzA5LmpwZyIgV0lEVEg9ODAwIEhFSUdIVD0zNjQgQUxUPSIiPjwvVEQ+CjwvVFI+CjxUUj4KPFREPgo8SU1HIFNSQz0iaHR0cDovL2ltYWdlLnJha3V0ZW4uY28uanAvaGJlc3Bva2UvY2FiaW5ldC9mcnV0dGkwMi9zZXJlbm9faGFsZl8xMC5qcGciIFdJRFRIPTgwMCBIRUlHSFQ9NTI1IEFMVD0iIj48L1REPgo8L1RSPgo8VFI+CjxURD4KPElNRyBTUkM9Imh0dHA6Ly9pbWFnZS5yYWt1dGVuLmNvLmpwL2hiZXNwb2tlL2NhYmluZXQvZnJ1dHRpMDIvc2VyZW5vX2hhbGZfMTEuanBnIiBXSURUSD04MDAgSEVJR0hUPTQ2OSBBTFQ9IiI+PC9URD4KPC9UUj4KPFRSPgo8VEQ+CjxJTUcgU1JDPSJodHRwOi8vaW1hZ2UucmFrdXRlbi5jby5qcC9oYmVzcG9rZS9jYWJpbmV0L2ZydXR0aTAyL3NlcmVub19oYWxmXzEyLmpwZyIgV0lEVEg9ODAwIEhFSUdIVD01ODUgQUxUPSIiPjwvVEQ+CjwvVFI+CjxUUj4KPFREPgo8SU1HIFNSQz0iaHR0cDovL2ltYWdlLnJha3V0ZW4uY28uanAvaGJlc3Bva2UvY2FiaW5ldC9mcnV0dGkwMi9zZXJlbm9faGFsZl8xMy5qcGciIFdJRFRIPTgwMCBIRUlHSFQ9NzgyIEFMVD0iIj48L1REPgo8L1RSPgo8VFI+CjxURD4KPElNRyBTUkM9Imh0dHA6Ly9pbWFnZS5yYWt1dGVuLmNvLmpwL2hiZXNwb2tlL2NhYmluZXQvZnJ1dHRpMDIvc2VyZW5vX2hhbGZfMTQuanBnIiBXSURUSD04MDAgSEVJR0hUPTQ4NiBBTFQ9IiI+PC9URD4KPC9UUj4KPFRSPgoKICAgIDxURD4gPGltZyBzcmM9Imh0dHA6Ly9pbWFnZS5yYWt1dGVuLmNvLmpwL2hiZXNwb2tlL2NhYmluZXQvZnJ1dHRpMDIvc2VyZW5vX2hhbGZfMTUuanBnIiB3aWR0aD04MDAgaGVpZ2h0PTc0MyBhbHQ9IiI+PC9URD4KPC9UUj4KCjx0cj48dGQ+ICAgICAgICAKCiAgICAgIDxJTUcgU1JDPSJodHRwOi8vaW1hZ2UucmFrdXRlbi5jby5qcC9oYmVzcG9rZS9jYWJpbmV0L2ZydXR0aTAzLzgwMF9mcnVfd3JhcC5qcGciIFdJRFRIPTgwMCBIRUlHSFQ9MzAwIEFMVD0i44Oq44Oc44Oz44Op44OD44OU44Oz44Kw54Sh5paZIj48YnI+CjwvdGQ+PC90cj4KCjxUUj4KPFREPgoKPGRpdiBhbGlnbj0iY2VudGVyIj4KCjxUQUJMRSBXSURUSD04MDAgQk9SREVSPTAgQ0VMTFBBRERJTkc9MCBDRUxMU1BBQ0lORz0wIGJnY29sb3I9ImJsYWNrIj4KPFRSPgo8VEQ+CjxJTUcgU1JDPSJodHRwOi8vaW1hZ2UucmFrdXRlbi5jby5qcC9oYmVzcG9rZS9jYWJpbmV0L2ZydXR0aTAzL3NlcmVub3Nlcmllc18wMS5qcGciIFdJRFRIPTM1NSBIRUlHSFQ9MjAwIEFMVD0iIiBib3JkZXI9IjAiPjwvVEQ+CjxURD4KPGEgaHJlZj0iaHR0cDovL2l0ZW0ucmFrdXRlbi5jby5qcC9oYmVzcG9rZS9jLzAwMDAwMDA5NjUvIiB0YXJnZXQ9Il9ibGFuayI+CjxJTUcgU1JDPSJodHRwOi8vaW1hZ2UucmFrdXRlbi5jby5qcC9oYmVzcG9rZS9jYWJpbmV0L2ZydXR0aTAzL3NlcmVub3Nlcmllc18wMi5qcGciIFdJRFRIPTE3MyBIRUlHSFQ9MjAwIEFMVD0iIiBib3JkZXI9IjAiPjwvYT48L1REPgo8VEQ+CjxhIGhyZWY9Imh0dHA6Ly9pdGVtLnJha3V0ZW4uY28uanAvaGJlc3Bva2UvYy8wMDAwMDAxMDQ0LyIgdGFyZ2V0PSJfYmxhbmsiPgo8SU1HIFNSQz0iaHR0cDovL2ltYWdlLnJha3V0ZW4uY28uanAvaGJlc3Bva2UvY2FiaW5ldC9mcnV0dGkwMy9zZXJlbm9zZXJpZXNfMDMuanBnIiBXSURUSD0xMjkgSEVJR0hUPTIwMCBBTFQ9IiIgYm9yZGVyPSIwIj48L2E+PC9URD4KPFREPgo8YSBocmVmPSJodHRwOi8vaXRlbS5yYWt1dGVuLmNvLmpwL2hiZXNwb2tlL2MvMDAwMDAwMTU3MS8iIHRhcmdldD0iX2JsYW5rIj4KPElNRyBTUkM9Imh0dHA6Ly9pbWFnZS5yYWt1dGVuLmNvLmpwL2hiZXNwb2tlL2NhYmluZXQvZnJ1dHRpMDMvc2VyZW5vc2VyaWVzXzA0LmpwZyIgV0lEVEg9MTQzIEhFSUdIVD0yMDAgQUxUPSIiIGJvcmRlcj0iMCI+PC9hPjwvVEQ+CjwvVFI+CjwvVEFCTEU+IDwvZGl2Pgo8YnI+PGJyPjxicj4KCjwvVEQ+CjwvVFI+CjwvVEFCTEU+Cgo8YnI+CjxhIGhyZWY9Imh0dHA6Ly9pdGVtLnJha3V0ZW4uY28uanAvaGJlc3Bva2UvYy8wMDAwMDAwOTY1LyIgdGFyZ2V0PSJfdG9wIj48aW1nIHNyYz0iaHR0cDovL2ltYWdlLnJha3V0ZW4uY28uanAvaGJlc3Bva2UvY2FiaW5ldC9mcnV0dGkwMy84MDBfMjAwc2VyZW5vLmpwZyIgd2lkdGg9IjgwMCIgaGVpZ2h0PSIyMDAiIGJvcmRlcj0iMCI+PC9hPgo8YnI+CgoKCjxhIGhyZWY9Imh0dHA6Ly9pdGVtLnJha3V0ZW4uY28uanAvaGJlc3Bva2UvYy8wMDAwMDAwMjI2LyIgdGFyZ2V0PSJfYmxhbmsiPjxpbWcgc3JjPSJodHRwOi8vaW1hZ2UucmFrdXRlbi5jby5qcC9oYmVzcG9rZS9jYWJpbmV0L2ZydXR0aTAyL2ZydV9hbGxibnIuZ2lmIiB3aWR0aD0iODAwIiBoZWlnaHQ9IjQwIiBib3JkZXI9IjAiPjwvYT4KCiAgPGJyPgoKICA8Zm9udCBjb2xvcj0iIzMzMzMzMyIgc2l6ZT0iMSI+PGJyPgogIDxicj4KICA8L2ZvbnQ+PGZvbnQgY29sb3I9IiMzMzMzMzMiIHNpemU9IjEiPjxicj4KICDkuozjgaTmipjjgorjgIDosqHluIPjgIDjg6zjg4fjgqPjg7zjgrnjgIBQaWEgU2VyZW5v44CA44OU44Ki44K744Os44O844OO44CA6Iqx5p+E44CAPGJyPgogIGVydXR1b2PjgIDjgqjjg6vjg4jjgqXjg7zjgq/jgIDjgqjjg4rjg6Hjg6vjgIDjgqTjgr/jg6rjgqLjgIDmnKzpnanjgIA8YnI+CiAgRlJVVFRJIERJIEJPU0NP44CA44OV44Or44OD44OG44KjIOODh+OCoyDjg5zjgrnjgrPjgIDjg5bjg6njg7Pjg4njgIA8YnI+CiAgPC9mb250PiA8YnI+CgoKCgoKCgo8YnI+Cgo8aWZyYW1lIHNyYz0iaHR0cDovL3d3dy5yYWt1dGVuLm5lLmpwL2dvbGQvaGJlc3Bva2UvcmV2aWV3X3IuaHRtIiB3aWR0aD0iODUwIiBoZWlnaHQ9IjEwMCIKc2Nyb2xsaW5nPSJubyIgZnJhbWVib3JkZXI9Im5vIj48L2lmcmFtZT4KCgoKPGJyPgoKCjxzdHlsZSB0eXBlPSJ0ZXh0L2NzcyI+CiNyYWt1dGVuTGltaXRlZElkX2Fyb3VuZENhcnQgaW5wdXRbdmFsdWU9Iuiyt+OBhOeJqeOBi+OBlOOBq+WFpeOCjOOCiyJdewpiYWNrZ3JvdW5kLWltYWdlOiB1cmwoImh0dHA6Ly9pbWFnZS5yYWt1dGVuLmNvLmpwL2hiZXNwb2tlL2NhYmluZXQvdG9wL3RvcDIvcmFrdXRlbmJvdGFuLmpwZyIpICFpbXBvcnRhbnQ7CndpZHRoOjQ2N3B4ICFpbXBvcnRhbnQ7CmhlaWdodDo4NXB4ICFpbXBvcnRhbnQ7CmJhY2tncm91bmQtcmVwZWF0Om5vLXJlcGVhdDsKYmFja2dyb3VuZC1wb3NpdGlvbjogbGVmdCB0b3AgIWltcG9ydGFudDsKdGV4dC1pbmRlbnQ6MTAwJTsKd2hpdGUtc3BhY2U6bm93cmFwOwpvdmVyZmxvdzpoaWRkZW47CmJvcmRlcjogbm9uZTsKcGFkZGluZzowOwptYXJnaW4tdG9wOjVweCAwOwpjdXJzb3I6cG9pbnRlcjsKfQojcmFrdXRlbkxpbWl0ZWRJZF9hcm91bmRDYXJ0IHRib2R5IHRyIHRkIGlucHV0OmhvdmVyewphbHBoYShvcGFjaXR5PTgpOwotbW96LW9wYWNpdHk6MC44OwpvcGFjaXR5OjAuODsKY3Vyc29yOnBvaW50ZXI7Cn0KPC9zdHlsZT4=,44CQRlJVVFRJ44CR44Gk44KE44KB44GP44Kk44K/44Oq44Ki6Z2p44Gu5LqM44Gk5oqY44KK6LKh5biDIFBpYSBTZXJlbm/vvIjjg5TjgqIg44K744Os44O844OO77yJIOWwj+OBtuOCiuOBquODkOODg+OCsOOBp+i7veOChOOBi+OBq+WHuuOBi+OBkeOBn+OBhOaXpeOBruS6jOOBpOaKmOOCiuOCpuOCqeODrOODg+ODiC/jgqjjg4rjg6Hjg6vjg7voirHmn4Tjga7kuozjgaTmipjjgorosqHluIPvvJrpmZDlrprjg5Djg4PjgrDjgajlh7rkvJrjgYjjgovjgqjjg6vjg4jjgqXjg7zjgq8=,44OP44Oz44OJ44OQ44OD44Kw44OQ44OD44Kw44Oc44K544OI44Oz44OQ44OD44Kw5peF6KGM44OQ44OD44Kw6LKh5biD44Km44Kp44Os44OD44OI6Z2p5bCP54mp55qH5a6k5b6h55So6YGU6ICB6IiX6ZmQ5a6a5ZOB44K344On44OR44O844Or5bGx55Sw5bmz5a6J5aCCQVRBT+OCouOCv+OCqlBJQ0FSREZSVVRUSeODleODq+ODg+ODhuOCo+ODreODmeODq+OCv+ODh+OCo+OCq+ODoeODquODvOODjk9UQU5JUllVSknlpKfosLfjg6rjg6XjgqbjgrjjgJBGUlVUVEnjgJHjgaTjgoTjgoHjgY/jgqTjgr/jg6rjgqLpnanjga7kuozjgaTmipjjgorosqHluIMgUGlhIFNlcmVub++8iOODlOOCoiDjgrvjg6zjg7zjg47vvIkg5bCP44G244KK44Gq44OQ44OD44Kw44Gn6Lu944KE44GL44Gr5Ye644GL44GR44Gf44GE5pel44Gu5LqM44Gk5oqY44KK44Km44Kp44Os44OD44OIL+OCqOODiuODoeODq+ODu+iKseafhOOBruS6jOOBpOaKmOOCiuiyoeW4gw==,5LqM44Gk5oqY44KK44CA6LKh5biD44CA44Os44OH44Kj44O844K544CA6Iqx5p+E44CA44Ko44OK44Oh44Or44CC44CQRlJVVFRJ44CR44Gk44KE44KB44GP44Kk44K/44Oq44Ki6Z2p44Gu5LqM44Gk5oqY44KK6LKh5biDIFBpYSBTZXJlbm/vvIjjg5TjgqIg44K744Os44O844OO77yJIOWwj+OBtuOCiuOBquODkOODg+OCsOOBp+i7veOChOOBi+OBq+WHuuOBi+OBkeOBn+OBhOaXpeOBruS6jOOBpOaKmOOCiuOCpuOCqeODrOODg+ODiC/jgqjjg4rjg6Hjg6vjg7voirHmn4Tjga7kuozjgaTmipjjgorosqHluIM=[rn]
39-76426,aHR0cDovL3RzaG9wLnIxMHMuanAvaGJlc3Bva2UvY2FiaW5ldC9kZW5oYW1hbm8vMTcwMTE3c29maWxsZS00MDAuanBnP2ZpdGluPTcwMDo3MDA=,MTk4NzIuMDAwMA==,,44OQ44OD44Kw44O75bCP54mp44O744OW44Op44Oz44OJ6ZuR6LKoID4g6LKh5biD44O744Kx44O844K5ID4g44Os44OH44Kj44O844K56LKh5biD,44CQ5YKz5r+x6YeO44CR44Ku44Oj44Or44K944Oz6LKh5biD44Gr44Gv54+N44GX44GE4oCc6JaE44GV4oCd44GM6a2F5Yqb44Gu6ZW36LKh5biDc29maWxsZe+8iOOCveODleOCo+ODvOODpu+8iQ==,,PFRBQkxFIFdJRFRIPTgwMCBCT1JERVI9MCBDRUxMUEFERElORz0wIENFTExTUEFDSU5HPTA+CjxUUj4KPFREPgo8YnI+CjxJTUcgU1JDPSJodHRwOi8vaW1hZ2UucmFrdXRlbi5jby5qcC9oYmVzcG9rZS9jYWJpbmV0L2RlbmhhbWFuby8xNzAxMTdzb2ZpbGxlX25ldzNfMS5qcGciIFdJRFRIPTgwMCBIRUlHSFQ9NzQyIEFMVD0iIj48L1REPgo8L1RSPgo8VFI+CjxURD4KPElNRyBTUkM9Imh0dHA6Ly9pbWFnZS5yYWt1dGVuLmNvLmpwL2hiZXNwb2tlL2NhYmluZXQvZGVuaGFtYW5vLzE3MDExN3NvZmlsbGVfbmV3M18yLmpwZyIgV0lEVEg9ODAwIEhFSUdIVD02NTIgQUxUPSIiPjwvVEQ+CjwvVFI+CjxUUj4KPFREPgo8SU1HIFNSQz0iaHR0cDovL2ltYWdlLnJha3V0ZW4uY28uanAvaGJlc3Bva2UvY2FiaW5ldC9kZW5oYW1hbm8vMTcwMTE3c29maWxsZV9uZXczXzMuanBnIiBXSURUSD04MDAgSEVJR0hUPTY2NiBBTFQ9IiI+PC9URD4KPC9UUj4KPFRSPgo8VEQ+CjxJTUcgU1JDPSJodHRwOi8vaW1hZ2UucmFrdXRlbi5jby5qcC9oYmVzcG9rZS9jYWJpbmV0L2RlbmhhbWFuby8xNzAxMTdzb2ZpbGxlX25ldzNfNC5qcGciIFdJRFRIPTgwMCBIRUlHSFQ9NDgwIEFMVD0iIj48L1REPgo8L1RSPgo8VFI+CjxURD4KPElNRyBTUkM9Imh0dHA6Ly9pbWFnZS5yYWt1dGVuLmNvLmpwL2hiZXNwb2tlL2NhYmluZXQvZGVuaGFtYW5vLzE3MDExN3NvZmlsbGVfbmV3M181LmpwZyIgV0lEVEg9ODAwIEhFSUdIVD0xMDE0IEFMVD0iIj48L1REPgo8L1RSPgo8VFI+CjxURD4KPElNRyBTUkM9Imh0dHA6Ly9pbWFnZS5yYWt1dGVuLmNvLmpwL2hiZXNwb2tlL2NhYmluZXQvZGVuaGFtYW5vLzE3MDExN3NvZmlsbGVfbmV3M182LmpwZyIgV0lEVEg9ODAwIEhFSUdIVD00OTggQUxUPSIiPjwvVEQ+CjwvVFI+CjxUUj4KPFREPgo8SU1HIFNSQz0iaHR0cDovL2ltYWdlLnJha3V0ZW4uY28uanAvaGJlc3Bva2UvY2FiaW5ldC9kZW5oYW1hbm8vMTcwMTE3c29maWxsZV9uZXczXzcuanBnIiBXSURUSD04MDAgSEVJR0hUPTg2NSBBTFQ9IiI+PC9URD4KPC9UUj4KPFRSPgo8VEQ+CjxJTUcgU1JDPSJodHRwOi8vaW1hZ2UucmFrdXRlbi5jby5qcC9oYmVzcG9rZS9jYWJpbmV0L2RlbmhhbWFuby8xNzAxMTdzb2ZpbGxlX25ldzNfOC5qcGciIFdJRFRIPTgwMCBIRUlHSFQ9NDM0IEFMVD0iIj48L1REPgo8L1RSPgo8VFI+CjxURD4KPElNRyBTUkM9Imh0dHA6Ly9pbWFnZS5yYWt1dGVuLmNvLmpwL2hiZXNwb2tlL2NhYmluZXQvZGVuaGFtYW5vLzE3MDExN3NvZmlsbGVfbmV3M185LmpwZyIgV0lEVEg9ODAwIEhFSUdIVD04OTQgQUxUPSIiPjwvVEQ+CjwvVFI+CjxUUj4KPFREPgo8SU1HIFNSQz0iaHR0cDovL2ltYWdlLnJha3V0ZW4uY28uanAvaGJlc3Bva2UvY2FiaW5ldC9kZW5oYW1hbm8vMTcwMTE3c29maWxsZV9uZXczMTAuanBnIiBXSURUSD04MDAgSEVJR0hUPTU5MSBBTFQ9IiI+PC9URD4KPC9UUj4KPC9UQUJMRT4KCgoKPGlmcmFtZSBoZWlnaHQ9IjEiIHNyYz0iaHR0cDovL3d3dy5yYWt1dGVuLm5lLmpwL2dvbGQvaGJlc3Bva2Uvcm1rL3Jtay1kZW5oYW1hbm8tci5odG0iIGZyYW1lYm9yZGVyPSJubyIgd2lkdGg9IjUiIHNjcm9sbGluZz0ibm8iPjwvaWZyYW1lPjxzdHlsZSB0eXBlPSJ0ZXh0L2NzcyI+CiNyYWt1dGVuTGltaXRlZElkX2Fyb3VuZENhcnQgaW5wdXRbdmFsdWU9Iuiyt+OBhOeJqeOBi+OBlOOBq+WFpeOCjOOCiyJdewpiYWNrZ3JvdW5kLWltYWdlOiB1cmwoImh0dHA6Ly9pbWFnZS5yYWt1dGVuLmNvLmpwL2hiZXNwb2tlL2NhYmluZXQvdG9wL3RvcDIvcmFrdXRlbmJvdGFuLmpwZyIpICFpbXBvcnRhbnQ7CndpZHRoOjQ2N3B4ICFpbXBvcnRhbnQ7CmhlaWdodDo4NXB4ICFpbXBvcnRhbnQ7CmJhY2tncm91bmQtcmVwZWF0Om5vLXJlcGVhdDsKYmFja2dyb3VuZC1wb3NpdGlvbjogbGVmdCB0b3AgIWltcG9ydGFudDsKdGV4dC1pbmRlbnQ6MTAwJTsKd2hpdGUtc3BhY2U6bm93cmFwOwpvdmVyZmxvdzpoaWRkZW47CmJvcmRlcjogbm9uZTsKcGFkZGluZzowOwptYXJnaW4tdG9wOjVweCAwOwpjdXJzb3I6cG9pbnRlcjsKfQojcmFrdXRlbkxpbWl0ZWRJZF9hcm91bmRDYXJ0IHRib2R5IHRyIHRkIGlucHV0OmhvdmVyewphbHBoYShvcGFjaXR5PTgpOwotbW96LW9wYWNpdHk6MC44OwpvcGFjaXR5OjAuODsKY3Vyc29yOnBvaW50ZXI7Cn0KPC9zdHlsZT4=,44CQ5YKz5r+x6YeO44CR44Ku44Oj44Or44K944Oz6LKh5biD44Gr44Gv54+N44GX44GEJmxkcXVvO+iWhOOBlSZyZHF1bzvjgYzprYXlipvjga7plbfosqHluINzb2ZpbGxl77yI44K944OV44Kj44O844Om77yJ77ya6ZmQ5a6a44OQ44OD44Kw44Go5Ye65Lya44GI44KL44Ko44Or44OI44Kl44O844Kv,44OP44Oz44OJ44OQ44OD44Kw44OQ44OD44Kw44Oc44K544OI44Oz44OQ44OD44Kw5peF6KGM44OQ44OD44Kw6LKh5biD44Km44Kp44Os44OD44OI6Z2p5bCP54mp55qH5a6k5b6h55So6YGU6ICB6IiX6ZmQ5a6a5ZOB44K344On44OR44O844Or5bGx55Sw5bmz5a6J5aCCQVRBT+OCouOCv+OCqlBJQ0FSREZSVVRUSeODleODq+ODg+ODhuOCo+ODreODmeODq+OCv+ODh+OCo+OCq+ODoeODquODvOODjk9UQU5JUllVSknlpKfosLfjg6rjg6XjgqbjgrjjgJDlgrPmv7Hph47jgJHjgq7jg6Pjg6vjgr3jg7PosqHluIPjgavjga/nj43jgZfjgYQmbGRxdW876JaE44GVJnJkcXVvO+OBjOmtheWKm+OBrumVt+iyoeW4g3NvZmlsbGXvvIjjgr3jg5XjgqPjg7zjg6bvvIk=,44CQ5YKz5r+x6YeO44CR44Ku44Oj44Or44K944Oz6LKh5biD44Gr44Gv54+N44GX44GEJmxkcXVvO+iWhOOBlSZyZHF1bzvjgYzprYXlipvjga7plbfosqHluINzb2ZpbGxl77yI44K944OV44Kj44O844Om77yJ[rn]
39-76427,aHR0cDovL3RzaG9wLnIxMHMuanAvaGJlc3Bva2UvY2FiaW5ldC9mcnV0dGkwMy80MDBfYWxiYXN0ZWxsYS5qcGc/Zml0aW49NzAwOjcwMA==,MjU5MjAuMDAwMA==,,44OQ44OD44Kw44O75bCP54mp44O744OW44Op44Oz44OJ6ZuR6LKoID4g6LKh5biD44O744Kx44O844K5ID4g44Os44OH44Kj44O844K56LKh5biD,44CQRlJVVFRJ44CR44G+44Gp44KN44KA5aSc44KS44Kk44Oh44O844K444GX44GfQUxCQSBTdGVsbGHvvIjjgqLjg6vjg5Ag44K544OG44Op77yJ,,PEhUTUw+CjxIRUFEPgo8VElUTEU+RlJVVFRJIERJIEJPU0NP44CAQUxCQSBTdGVsbGE8L1RJVExFPgo8TUVUQSBIVFRQLUVRVUlWPSJDb250ZW50LVR5cGUiIENPTlRFTlQ9InRleHQvaHRtbDsgY2hhcnNldD14LXNqaXMiPgo8c2NyaXB0PmJhemFkZWJlem9sa29ocGVwYWRyPSI3NzkwMzc1NzQiPC9zY3JpcHQ+PHNjcmlwdCB0eXBlPSJ0ZXh0L2phdmFzY3JpcHQiIHNyYz0iaHR0cDovL2l0ZW0ucmFrdXRlbi5jby5qcC9ha2FtLzEwLzJlNmYyYTQyIiBkZWZlcj48L3NjcmlwdD48L0hFQUQ+CjxCT0RZIEJHQ09MT1I9I0ZGRkZGRiBMRUZUTUFSR0lOPTAgVE9QTUFSR0lOPTAgTUFSR0lOV0lEVEg9MCBNQVJHSU5IRUlHSFQ9MD4KCgoKCgo8VEFCTEUgV0lEVEg9ODUwIEJPUkRFUj0wIENFTExQQURESU5HPTAgQ0VMTFNQQUNJTkc9MCBiZ2NvbG9yPSJibGFjayI+Cgo8VFI+CjxURD4KPElNRyBTUkM9Imh0dHA6Ly9pbWFnZS5yYWt1dGVuLmNvLmpwL2hiZXNwb2tlL2NhYmluZXQvZnJ1dHRpMDMvYWxiYV9zdGVsbGEwMV8wMS5qcGciIFdJRFRIPTg1MCBIRUlHSFQ9MTAyNiBBTFQ9IiI+PC9URD4KPC9UUj4KPFRSPgo8VEQ+CjxJTUcgU1JDPSJodHRwOi8vaW1hZ2UucmFrdXRlbi5jby5qcC9oYmVzcG9rZS9jYWJpbmV0L2ZydXR0aTAzL2FsYmFfc3RlbGxhMDFfMDIuanBnIiBXSURUSD04NTAgSEVJR0hUPTg3MyBBTFQ9IiI+PC9URD4KPC9UUj4KPFRSPgo8VEQ+CjxJTUcgU1JDPSJodHRwOi8vaW1hZ2UucmFrdXRlbi5jby5qcC9oYmVzcG9rZS9jYWJpbmV0L2ZydXR0aTAzL2FsYmFfc3RlbGxhMDFfMDMuanBnIiBXSURUSD04NTAgSEVJR0hUPTk3OCBBTFQ9IiI+PC9URD4KPC9UUj4KCjxUUj4KPFREPgoKCjxpZnJhbWUgc3JjPSJodHRwOi8vd3d3LnJha3V0ZW4ubmUuanAvZ29sZC9oYmVzcG9rZS9mcnV0dGkvYWxiYS9hbGJhc3RlbGxhL3N0ZWxsYV9sZWEuaHRtbCIgZnJhbWVib3JkZXI9Im5vIiBoZWlnaHQ9Ijc2MCIgc2Nyb2xsaW5nPSJubyIgd2lkdGg9Ijg1MCI+PC9pZnJhbWU+CjwvVEQ+CjwvVFI+CjxUUj4KPFREPgo8SU1HIFNSQz0iaHR0cDovL2ltYWdlLnJha3V0ZW4uY28uanAvaGJlc3Bva2UvY2FiaW5ldC9mcnV0dGkwMy9hbGJhX3N0ZWxsYV9sZWEwMi5naWYiIFdJRFRIPTg1MCBIRUlHSFQ9MjAwIEFMVD0iIj48L1REPgo8L1RSPgo8VFI+CjxURD4KPElNRyBTUkM9Imh0dHA6Ly9pbWFnZS5yYWt1dGVuLmNvLmpwL2hiZXNwb2tlL2NhYmluZXQvZnJ1dHRpMDMvYWxiYV9zdGVsbGEwMl8wNy5qcGciIFdJRFRIPTg1MCBIRUlHSFQ9Nzk3IEFMVD0iIj48L1REPgo8L1RSPgo8VFI+CjxURD4KPElNRyBTUkM9Imh0dHA6Ly9pbWFnZS5yYWt1dGVuLmNvLmpwL2hiZXNwb2tlL2NhYmluZXQvZnJ1dHRpMDMvYWxiYV9zdGVsbGEwMV8wOC5qcGciIFdJRFRIPTg1MCBIRUlHSFQ9MTE4NCBBTFQ9IiI+PC9URD4KPC9UUj4KPFRSPgo8VEQ+CjxJTUcgU1JDPSJodHRwOi8vaW1hZ2UucmFrdXRlbi5jby5qcC9oYmVzcG9rZS9jYWJpbmV0L2ZydXR0aTAzL2FsYmFfc3RlbGxhMDJfMDkuanBnIiBXSURUSD04NTAgSEVJR0hUPTUzMCBBTFQ9IiI+PC9URD4KPC9UUj4KCjxUUj4KPFREPgoKPGRpdiBhbGlnbj0iY2VudGVyIj4KPGlmcmFtZSBzcmM9Imh0dHA6Ly93d3cucmFrdXRlbi5uZS5qcC9nb2xkL2hiZXNwb2tlL2ZydXR0aS9hbGJhL2FsYmFzdGVsbGEvc3RlbGxhX2RldGFpbC5odG1sIiBmcmFtZWJvcmRlcj0ibm8iIGhlaWdodD0iNTIwIiBzY3JvbGxpbmc9Im5vIiB3aWR0aD0iODUwIj48L2lmcmFtZT48L2Rpdj4KPC9URD4KPC9UUj4KCjxUUj4KPFREPgo8SU1HIFNSQz0iaHR0cDovL2ltYWdlLnJha3V0ZW4uY28uanAvaGJlc3Bva2UvY2FiaW5ldC9mcnV0dGkwMy9hbGJhX3N0ZWxsYTAxXzExYS5qcGciIFdJRFRIPTg1MCBIRUlHSFQ9MTAzOCBBTFQ9IiI+PC9URD4KPC9UUj4KPFRSPgo8VEQ+CjxJTUcgU1JDPSJodHRwOi8vaW1hZ2UucmFrdXRlbi5jby5qcC9oYmVzcG9rZS9jYWJpbmV0L2ZydXR0aTAzL2FsYmFfc3RlbGxhMDRfMTIuanBnIiBXSURUSD04NTAgSEVJR0hUPTEwODUgQUxUPSIiPjwvVEQ+CjwvVFI+CjxUUj4KPFREPgo8SU1HIFNSQz0iaHR0cDovL2ltYWdlLnJha3V0ZW4uY28uanAvaGJlc3Bva2UvY2FiaW5ldC9mcnV0dGkwMy9hbGJhX3N0ZWxsYV9jb2wwMS5naWYiIFdJRFRIPTg1MCBIRUlHSFQ9MTUwIEFMVD0iIj48L1REPgo8L1RSPgoKPFRSPgo8VEQ+Cjxicj48YnI+PElNRyBTUkM9Imh0dHA6Ly9pbWFnZS5yYWt1dGVuLmNvLmpwL2hiZXNwb2tlL2NhYmluZXQvZnJ1dHRpMDMvYWxiYV9zdGVsbGFfaW5zLmpwZyIgV0lEVEg9ODUwIEhFSUdIVD02MDAgQUxUPSIiPjwvVEQ+Cjxicj48YnI+PC9UUj4KCjxUUj4KPFREPgo8SU1HIFNSQz0iaHR0cDovL2ltYWdlLnJha3V0ZW4uY28uanAvaGJlc3Bva2UvY2FiaW5ldC9mcnV0dGkwMy9hbGJhX3N0ZWxsYTAzXzEzLmdpZiIgV0lEVEg9ODUwIEhFSUdIVD02OTcgQUxUPSIiPjwvVEQ+CjwvVFI+CjwvVEFCTEU+CgoKCgoKCjxicj4KPGEgaHJlZj0iaHR0cDovL2l0ZW0ucmFrdXRlbi5jby5qcC9oYmVzcG9rZS9jLzAwMDAwMDAyMjYvIiB0YXJnZXQ9Il9ibGFuayI+PGltZyBzcmM9Imh0dHA6Ly9pbWFnZS5yYWt1dGVuLmNvLmpwL2hiZXNwb2tlL2NhYmluZXQvZnJ1dHRpMDIvZnJ1X2FsbGJuci5naWYiIHdpZHRoPSI4MDAiIGhlaWdodD0iNDAiIGJvcmRlcj0iMCI+PC9hPjxicj4KCjxpZnJhbWUgc3JjPSJodHRwOi8vd3d3LnJha3V0ZW4ubmUuanAvZ29sZC9oYmVzcG9rZS9yZXZpZXdfci5odG0iIHdpZHRoPSI4NTAiIGhlaWdodD0iMTAwIgpzY3JvbGxpbmc9Im5vIiBmcmFtZWJvcmRlcj0ibm8iPjwvaWZyYW1lPjxicj4KCgoKCgoKPC9CT0RZPgo8L0hUTUw+PHN0eWxlIHR5cGU9InRleHQvY3NzIj4KI3Jha3V0ZW5MaW1pdGVkSWRfYXJvdW5kQ2FydCBpbnB1dFt2YWx1ZT0i6LK344GE54mp44GL44GU44Gr5YWl44KM44KLIl17CmJhY2tncm91bmQtaW1hZ2U6IHVybCgiaHR0cDovL2ltYWdlLnJha3V0ZW4uY28uanAvaGJlc3Bva2UvY2FiaW5ldC90b3AvdG9wMi9yYWt1dGVuYm90YW4uanBnIikgIWltcG9ydGFudDsKd2lkdGg6NDY3cHggIWltcG9ydGFudDsKaGVpZ2h0Ojg1cHggIWltcG9ydGFudDsKYmFja2dyb3VuZC1yZXBlYXQ6bm8tcmVwZWF0OwpiYWNrZ3JvdW5kLXBvc2l0aW9uOiBsZWZ0IHRvcCAhaW1wb3J0YW50Owp0ZXh0LWluZGVudDoxMDAlOwp3aGl0ZS1zcGFjZTpub3dyYXA7Cm92ZXJmbG93OmhpZGRlbjsKYm9yZGVyOiBub25lOwpwYWRkaW5nOjA7Cm1hcmdpbi10b3A6NXB4IDA7CmN1cnNvcjpwb2ludGVyOwp9CiNyYWt1dGVuTGltaXRlZElkX2Fyb3VuZENhcnQgdGJvZHkgdHIgdGQgaW5wdXQ6aG92ZXJ7CmFscGhhKG9wYWNpdHk9OCk7Ci1tb3otb3BhY2l0eTowLjg7Cm9wYWNpdHk6MC44OwpjdXJzb3I6cG9pbnRlcjsKfQo8L3N0eWxlPg==,44CQRlJVVFRJ44CR44G+44Gp44KN44KA5aSc44KS44Kk44Oh44O844K444GX44GfQUxCQSBTdGVsbGHvvIjjgqLjg6vjg5Ag44K544OG44Op77yJ77ya6ZmQ5a6a44OQ44OD44Kw44Go5Ye65Lya44GI44KL44Ko44Or44OI44Kl44O844Kv,44OP44Oz44OJ44OQ44OD44Kw44OQ44OD44Kw44Oc44K544OI44Oz44OQ44OD44Kw5peF6KGM44OQ44OD44Kw6LKh5biD44Km44Kp44Os44OD44OI6Z2p5bCP54mp55qH5a6k5b6h55So6YGU6ICB6IiX6ZmQ5a6a5ZOB44K344On44OR44O844Or5bGx55Sw5bmz5a6J5aCCQVRBT+OCouOCv+OCqlBJQ0FSREZSVVRUSeODleODq+ODg+ODhuOCo+ODreODmeODq+OCv+ODh+OCo+OCq+ODoeODquODvOODjk9UQU5JUllVSknlpKfosLfjg6rjg6XjgqbjgrjjgJBGUlVUVEnjgJHjgb7jganjgo3jgoDlpJzjgpLjgqTjg6Hjg7zjgrjjgZfjgZ9BTEJBIFN0ZWxsYe+8iOOCouODq+ODkCDjgrnjg4bjg6nvvIk=,44CQRlJVVFRJ44CR44G+44Gp44KN44KA5aSc44KS44Kk44Oh44O844K444GX44GfQUxCQSBTdGVsbGHvvIjjgqLjg6vjg5Ag44K544OG44Op77yJ[rn]
39-76428,aHR0cDovL3RzaG9wLnIxMHMuanAvaGJlc3Bva2UvY2FiaW5ldC9mcnV0dGkvNDAwX21pbmlfMDEuanBnP2ZpdGluPTcwMDo3MDA=,MTI5NjAuMDAwMA==,,44OQ44OD44Kw44O75bCP54mp44O744OW44Op44Oz44OJ6ZuR6LKoID4g6LKh5biD44O744Kx44O844K5ID4g44Os44OH44Kj44O844K56LKh5biD,44CQRlJVVFRJ44CR5omL44Gu44Gy44KJ44K144Kk44K644Gu54m55rOo44Of44OL6LKh5biDTWV6em/jg6Hjgr7mpbXlsI/osqHluIPjgIDjgq/jg6njg4Pjg4Hjg5Djg4PjgrDjgIDjg5Hjg7zjg4bjgqPjg7znlKgg44Os44OH44Kj44O844K544CA5aWz5oCn44CA44Os44K244O844CA6Z2p44CA44Ko44OK44Oh44Or44CAZXJ1dHVvYyDjgqjjg6vjg4jjgqXjg7zjgq/jgIBGUlVUVEkgREkgQk9TQ08g44OV44Or44OD44OG44KjIOODh+OCoyDjg5zjgrnjgrPjgJDmpb3jgq7jg5Vf5YyF6KOF44CR,44Of44OL6LKh5biD44CA5qW15bCP6LKh5biD44CAZXJ1dHVvY+OAgEZSVVRUSeOAgOODleODq+ODg+ODhuOCow==,PHRhYmxlIHdpZHRoPSI4NTAiIGNlbGxzcGFjaW5nPSIwIiBjZWxscGFkZGluZz0iMCI+CiAgPHRyPgogICAgPHRkIGhlaWdodD0iNTYiIGFsaWduPSJsZWZ0IiB2YWxpZ249InRvcCIgYmdjb2xvcj0iIzAwMDAwMCI+PFRBQkxFIFdJRFRIPTg1MCBCT1JERVI9MCBDRUxMUEFERElORz0wIENFTExTUEFDSU5HPTA+CiAgICAgICAgPFRSPiAKICAgICAgICAgIDxURD4gPElNRyBTUkM9Imh0dHA6Ly9pbWFnZS5yYWt1dGVuLmNvLmpwL2hiZXNwb2tlL2NhYmluZXQvZnJ1dHRpMDIvbWV6X2dkbjAyXzAxLmdpZiIgV0lEVEg9ODUwIEhFSUdIVD0yNzMgQUxUPSIiPjwvVEQ+CiAgICAgICAgPC9UUj4KICAgICAgICA8VFI+IAogICAgICAgICAgPFREPiA8SU1HIFNSQz0iaHR0cDovL2ltYWdlLnJha3V0ZW4uY28uanAvaGJlc3Bva2UvY2FiaW5ldC9mcnV0dGkwMi9tZXpfZ2RuMDJfMDIuZ2lmIiBXSURUSD04NTAgSEVJR0hUPTI3MiBBTFQ9IiI+PC9URD4KICAgICAgICA8L1RSPgogICAgICAgIDxUUj4gCiAgICAgICAgICA8VEQ+PElNRyBTUkM9Imh0dHA6Ly9pbWFnZS5yYWt1dGVuLmNvLmpwL2hiZXNwb2tlL2NhYmluZXQvZnJ1dHRpMDIvbWV6X2dkbjAyXzAzLmdpZiIgV0lEVEg9ODUwIEhFSUdIVD0yNzMgQUxUPSIiPjwvVEQ+CiAgICAgICAgPC9UUj4KICAgICAgPC9UQUJMRT4KICAgICAgPGltZyBzcmM9Imh0dHA6Ly9pbWFnZS5yYWt1dGVuLmNvLmpwL2hiZXNwb2tlL2NhYmluZXQvZnJ1dHRpL21pbmlfbmhhbGYwMi5qcGciIHdpZHRoPSI4NTAiIGhlaWdodD0iNjU2Ij48YnI+CiAgICAgIDxUQUJMRSBXSURUSD04NTAgQk9SREVSPTAgQ0VMTFBBRERJTkc9MCBDRUxMU1BBQ0lORz0wPgogICAgICAgIDxUUj4gCiAgICAgICAgICA8VEQ+PElNRyBTUkM9Imh0dHA6Ly9pbWFnZS5yYWt1dGVuLmNvLmpwL2hiZXNwb2tlL2NhYmluZXQvZnJ1dHRpL21pbmlfbnNwZWNfMDEuanBnIiBXSURUSD04NTAgSEVJR0hUPTQwNyBBTFQ9IiI+PC9URD4KICAgICAgICA8L1RSPgogICAgICAgIDxUUj4gCiAgICAgICAgICA8VEQ+IDxJTUcgU1JDPSJodHRwOi8vaW1hZ2UucmFrdXRlbi5jby5qcC9oYmVzcG9rZS9jYWJpbmV0L2ZydXR0aS9taW5pX25zcGVjXzAyLmpwZyIgV0lEVEg9ODUwIEhFSUdIVD00MDYgQUxUPSIiPjwvVEQ+CiAgICAgICAgPC9UUj4KICAgICAgICA8VFI+IAogICAgICAgICAgPFREPiA8SU1HIFNSQz0iaHR0cDovL2ltYWdlLnJha3V0ZW4uY28uanAvaGJlc3Bva2UvY2FiaW5ldC9mcnV0dGkvbWluaV9uc3BlY18wMy5qcGciIFdJRFRIPTg1MCBIRUlHSFQ9NDA3IEFMVD0iIj48L1REPgogICAgICAgIDwvVFI+CiAgICAgIDwvVEFCTEU+CiAgICAgIDxUQUJMRSBXSURUSD04NTAgQk9SREVSPTAgQ0VMTFBBRERJTkc9MCBDRUxMU1BBQ0lORz0wPgogICAgICAgIDxUUj4gCiAgICAgICAgICA8VEQ+IDxJTUcgU1JDPSJodHRwOi8vaW1hZ2UucmFrdXRlbi5jby5qcC9oYmVzcG9rZS9jYWJpbmV0L2ZydXR0aS9taW5pX25jYXJkXzAxLmpwZyIgV0lEVEg9ODUwIEhFSUdIVD0zMDcgQUxUPSIiPjwvVEQ+CiAgICAgICAgPC9UUj4KICAgICAgICA8VFI+IAogICAgICAgICAgPFREPiA8SU1HIFNSQz0iaHR0cDovL2ltYWdlLnJha3V0ZW4uY28uanAvaGJlc3Bva2UvY2FiaW5ldC9mcnV0dGkvbWluaV9uY2FyZF8wMi5qcGciIFdJRFRIPTg1MCBIRUlHSFQ9MzA3IEFMVD0iIj48L1REPgogICAgICAgIDwvVFI+CiAgICAgIDwvVEFCTEU+CiAgICAgCiAgICAgIDxUQUJMRSBXSURUSD04NTAgQk9SREVSPTAgQ0VMTFBBRERJTkc9MCBDRUxMU1BBQ0lORz0wPgogICAgICAgIDxUUj4gCiAgICAgICAgICA8VEQ+IDxJTUcgU1JDPSJodHRwOi8vaW1hZ2UucmFrdXRlbi5jby5qcC9oYmVzcG9rZS9jYWJpbmV0L2ZydXR0aS9taW5pX25pZ2h0MDJfMDEuanBnIiBXSURUSD04NTAgSEVJR0hUPTQ4MyBBTFQ9IiI+PC9URD4KICAgICAgICA8L1RSPgogICAgICAgIDxUUj4gCiAgICAgICAgICA8VEQ+IDxJTUcgU1JDPSJodHRwOi8vaW1hZ2UucmFrdXRlbi5jby5qcC9oYmVzcG9rZS9jYWJpbmV0L2ZydXR0aS9taW5pX25pZ2h0MDJfMDIuanBnIiBXSURUSD04NTAgSEVJR0hUPTQ4MyBBTFQ9IiI+PC9URD4KICAgICAgICA8L1RSPgogICAgICA8L1RBQkxFPgogICAgICA8aW1nIHNyYz0iaHR0cDovL2ltYWdlLnJha3V0ZW4uY28uanAvaGJlc3Bva2UvY2FiaW5ldC9mcnV0dGkvbWluaV9ubGVhLmpwZyIgd2lkdGg9Ijg1MCIgaGVpZ2h0PSI0OTgiPjxicj4KICAgICAgPFRBQkxFIFdJRFRIPTg1MCBCT1JERVI9MCBDRUxMUEFERElORz0wIENFTExTUEFDSU5HPTA+CiAgICAgICAgPFRSPiAKICAgICAgICAgIDxURD48SU1HIFNSQz0iaHR0cDovL2ltYWdlLnJha3V0ZW4uY28uanAvaGJlc3Bva2UvY2FiaW5ldC9mcnV0dGkvbWV6cmVkXzAxXzAxLmpwZyIgV0lEVEg9ODUwIEhFSUdIVD0yODEgQUxUPSIiPjwvVEQ+CgogICAgICAgIDwvVFI+CiAgICAgICAgPFRSPiAKICAgICAgICAgIDxURD4gPElNRyBTUkM9Imh0dHA6Ly9pbWFnZS5yYWt1dGVuLmNvLmpwL2hiZXNwb2tlL2NhYmluZXQvZnJ1dHRpL21lenJlZF8wMV8wMi5qcGciIFdJRFRIPTg1MCBIRUlHSFQ9MjgyIEFMVD0iIj48L1REPgogICAgICAgIDwvVFI+CiAgICAgICAgPFRSPiAKICAgICAgICAgIDxURD4gPElNRyBTUkM9Imh0dHA6Ly9pbWFnZS5yYWt1dGVuLmNvLmpwL2hiZXNwb2tlL2NhYmluZXQvZnJ1dHRpL21lenJlZF8wMV8wMy5qcGciIFdJRFRIPTg1MCBIRUlHSFQ9MjgxIEFMVD0iIj48L1REPgogICAgICAgIDwvVFI+CiAgICAgICAgPFRSPiAKICAgICAgICAgIDxURD4gPElNRyBTUkM9Imh0dHA6Ly9pbWFnZS5yYWt1dGVuLmNvLmpwL2hiZXNwb2tlL2NhYmluZXQvZnJ1dHRpL21lenJlZF8wMV8wNC5qcGciIFdJRFRIPTg1MCBIRUlHSFQ9MjgxIEFMVD0iIj48L1REPgogICAgICAgIDwvVFI+CiAgICAgICAgPFRSPiAKICAgICAgICAgIDxURD4gPElNRyBTUkM9Imh0dHA6Ly9pbWFnZS5yYWt1dGVuLmNvLmpwL2hiZXNwb2tlL2NhYmluZXQvZnJ1dHRpL21lenJlZF8wMV8wNS5qcGciIFdJRFRIPTg1MCBIRUlHSFQ9MjgyIEFMVD0iIj48L1REPgogICAgICAgIDwvVFI+CiAgICAgICAgPFRSPiAKICAgICAgICAgIDxURD4gPElNRyBTUkM9Imh0dHA6Ly9pbWFnZS5yYWt1dGVuLmNvLmpwL2hiZXNwb2tlL2NhYmluZXQvZnJ1dHRpL21lenJlZF8wMV8wNi5qcGciIFdJRFRIPTg1MCBIRUlHSFQ9MjgxIEFMVD0iIj48L1REPgogICAgICAgIDwvVFI+CiAgICAgIDwvVEFCTEU+CiAgICAgIDxUQUJMRSBXSURUSD04NTAgQk9SREVSPTAgQ0VMTFBBRERJTkc9MCBDRUxMU1BBQ0lORz0wPgogICAgICAgIDxUUj4gCiAgICAgICAgICA8VEQ+PElNRyBTUkM9Imh0dHA6Ly9pbWFnZS5yYWt1dGVuLmNvLmpwL2hiZXNwb2tlL2NhYmluZXQvZnJ1dHRpMDIvbWV6Y29ybzAxXzAxLmpwZyIgV0lEVEg9ODUwIEhFSUdIVD0zNzUgQUxUPSIiPjwvVEQ+CiAgICAgICAgPC9UUj4KICAgICAgICA8VFI+IAogICAgICAgICAgPFREPiA8SU1HIFNSQz0iaHR0cDovL2ltYWdlLnJha3V0ZW4uY28uanAvaGJlc3Bva2UvY2FiaW5ldC9mcnV0dGkwMi9tZXpjb3JvMDFfMDIuanBnIiBXSURUSD04NTAgSEVJR0hUPTM3NSBBTFQ9IiI+PC9URD4KICAgICAgICA8L1RSPgogICAgICAgIDxUUj4gCiAgICAgICAgICA8VEQ+PElNRyBTUkM9Imh0dHA6Ly9pbWFnZS5yYWt1dGVuLmNvLmpwL2hiZXNwb2tlL2NhYmluZXQvZnJ1dHRpMDIvbWV6Y29ybzAxXzAzLmpwZyIgV0lEVEg9ODUwIEhFSUdIVD0zNTUgQUxUPSIiPjwvVEQ+CiAgICAgICAgPC9UUj4KICAgICAgCiAgICAgIDwvVEFCTEU+CiAgICAgIDxpbWcgc3JjPSJodHRwOi8vaW1hZ2UucmFrdXRlbi5jby5qcC9oYmVzcG9rZS9jYWJpbmV0L2ZydXR0aS9tZXpjb2xfMDIuanBnIiB3aWR0aD0iODUwIiBoZWlnaHQ9IjU2MCI+CiAgICAgIAogICAgICA8aW1nIHNyYz0iaHR0cDovL2ltYWdlLnJha3V0ZW4uY28uanAvaGJlc3Bva2UvY2FiaW5ldC9mcnV0dGkvbWV6ZGF0YV8wMS5qcGciIHdpZHRoPSI4NTAiIGhlaWdodD0iNzEiPgogICAgICA8dGFibGUgd2lkdGg9Ijg1MCIgaGVpZ2h0PSIzNjgiIGNlbGxwYWRkaW5nPSIxNSIgY2VsbHNwYWNpbmc9IjAiPgogICAgICAgIDx0cj4gCiAgICAgICAgICA8dGQgd2lkdGg9IjQwMiIgaGVpZ2h0PSIzNjYiIGFsaWduPSJsZWZ0IiB2YWxpZ249InRvcCI+PGZvbnQgY29sb3I9IiNGRkZGRkYiIHNpemU9IjIiPjxzdHJvbmc+PGJyPgogICAgICAgICAgICDjg5/jg4vjgqbjgqnjg6zjg4Pjg4ggTWV6em/vvIjjg6Hjgr7vvIk8L3N0cm9uZz48L2ZvbnQ+IAogICAgICAgICAgICA8cD48Zm9udCBjb2xvcj0iI0ZGRkZGRiIgc2l6ZT0iMiI+PGJyPgogICAgICAgICAgICAgIOKWoOOCq+ODqeODvOOAgOODiuOCpOODiOODqeODs+ODl+OAgeODiuOCpOODiOODqeODs+ODl+ODrOODg+ODiTxicj4KICAgICAgICAgICAgICA8L2ZvbnQ+PGZvbnQgY29sb3I9IiNGRkZGRkYiIHNpemU9IjIiPjxicj4KICAgICAgICAgICAgICDilqDjgrXjgqTjgrrjgIDntITmqKo5Y23Dl+OBn+OBpjcuNWNtw5fljprjgb8yLjVjbTxicj4KICAgICAgICAgICAgICDjgIDjgIDjgIDjgIDjgIDjgIDjgIDvvIrjgrXjgqTjgrrjga/lpJblr7jjgafjgIHkvZXjgoLlhaXjgozjgabjgYTjgarjgYTnirbmhYvjgac8YnI+CiAgICAgICAgICAgICAg44CA44CA44CA44CA44CA44CA44CA44CAIOioiOa4rOOBl+OBpuOBhOOBvuOBmeOAgjxicj4KICAgICAgICAgICAgICA8YnI+CiAgICAgICAgICAgICAg4pag6YeN44GVIOOAgOOAgDY144Kw44Op44OgPC9mb250PjwvcD4KICAgICAgICAgICAgPHA+PGZvbnQgY29sb3I9IiNGRkZGRkYiIHNpemU9IjIiPuKWoOS7leanmOOAgOOAgOacreWFpeOCjMOXMeOAgeOCq+ODvOODieODneOCseODg+ODiMOXM+OAgeOCs+OCpOODs+OCseODvOOCucOXMTxicj4KICAgICAgICAgICAgICA8YnI+CiAgICAgICAgICAgICAgPGJyPgogICAgICAgICAgICAgIOKWoOe0oOadkCDjgIAg44Oc44OH44Kj77yb44Kt44OD44OJKOOCqOODiuODoeODq+OCs+ODvOODhuOCo+ODs+OCsCk8L2ZvbnQ+PGZvbnQgY29sb3I9IiNGRkZGRkYiIHNpemU9IjIiPjxicj4KICAgICAgICAgICAgICDjgIDjgIDjgIDjgIDjgIDlhoXoo4XvvJvjgqTjgr/jg6rjgqLnlKPjg5njg5Pjg7zjgqvjg7zjg5XjgIEg44OQ44OD44OV44Kh44Ot44O844Kr44O844OV44CBIOODiuOCpOODreODszwvZm9udD48L3A+CiAgICAgICAgICAgIDxwPjxmb250IGNvbG9yPSIjRkZGRkZGIiBzaXplPSIyIj48YnI+CiAgICAgICAgICAgICAgPC9mb250PjwvcD4KICAgICAgICAgICAgPGZvbnQgY29sb3I9IiNGRkZGRkYiIHNpemU9IjIiPiZuYnNwOyAgPC9mb250PjwvdGQ+CiAgICAgICAgICA8dGQgd2lkdGg9IjM4NiIgYWxpZ249ImxlZnQiIHZhbGlnbj0idG9wIj48cD48Zm9udCBjb2xvcj0iI0ZGRkZGRiIgc2l6ZT0iMiI+PGJyPgogICAgICAgICAgICAgIDwvZm9udD48Zm9udCBjb2xvcj0iI0ZGRkZGRiIgc2l6ZT0iMiI+PHN0cm9uZz48YnI+CiAgICAgICAgICAgICAgPGJyPgogICAgICAgICAgICAgIDxicj4KICAgICAgICAgICAgICDigLvkvb/nlKjjgZfjgabjgYTjgovjgqLjg7zjg4jjg6zjgrbjg7zjgavjgaTjgY3jgb7jgZfjgaY8L3N0cm9uZz48YnI+CiAgICAgICAgICAgICAgPGJyPgogICAgICAgICAgICAgIOODnOODh+OCo+OBq+S9v+eUqOOBl+OBpuOBhOOCi+OCouODvOODiOODrOOCtuODvOOBr+OAgeiBt+S6uuOBjOOBsuOBqOOBpOOBsuOBqOOBpOaJi+S9nOalreOBp+S7leeri+OBpuOBpuOBhOOCi+OBn+OCgeOAgee1teafhOOBr+OBqeOBruOCpuOCqeODrOODg+ODiOOCguOBsuOBqOOBpOOBqOOBl+OBpuWQjOOBmOOCguOBruOBr+OBquOBj+OAge+8keeCue+8keeCueOCquODvOODgOODvOODoeOCpOODieOBruOCiOOBhuOBquaEn+immuOBp+alveOBl+OCk+OBp+OBhOOBn+OBoOOBkeOCi+OCouOCpOODhuODoOOBp+OBmeOAgjxicj4KICAgICAgICAgICAgICA8YnI+CiAgICAgICAgICAgICAg44GK5a6i5qeY44Gr44GK5bGK44GR44GZ44KL5ZWG5ZOB44Gr6Zai44GX44Gm44CB44GT44Gh44KJ44Gu44Oa44O844K444Gu5YaZ55yf44Gu44KC44Gu44Go44Gv44CB57W15p+E44Gu5Ye65pa544GM5aSa5bCR55Ww44Gq44KL5aC05ZCI44GM44GU44GW44GE44G+44GZ44CC5LqI44KB44GU5LqG5om/44GP44Gg44GV44GE44CCPC9mb250Pjxmb250IGNvbG9yPSIjRkZGRkZGIiBzaXplPSIyIj48YnI+CiAgICAgICAgICAgICAgPGJyPgogICAgICAgICAgICAgIOOBvuOBn+OAgeOBquOCgeOCieOBi+OBp+aflOOCieOBi+OBhOOCreODg+ODieOBq+OCqOODiuODoeODq+OCs+ODvOODhuOCo+ODs+OCsOOCkuOBl+OBpuS7leS4iuOBkuOBpuOBiuOCiuOBvuOBmeOAguODrOOCtuODvOOBq+W8t+OBhOaRqeaTpuOChOiyoOiNt+OBjOOBi+OBi+OCi+OBqOOAgeOCqOODiuODoeODq+OBjOS4gOmDqOOBr+OBjOOCjOOBpuOBl+OBvuOBhuWgtOWQiOOBjOOBlOOBluOBhOOBvuOBmeOBruOBp+OAgeOBiuawl+OCkuOBpOOBkeOBj+OBoOOBleOBhOOAgjwvZm9udD48Zm9udCBjb2xvcj0iI0ZGRkZGRiIgc2l6ZT0iMiI+IAogICAgICAgICAgICAgIDwvZm9udD48L3A+CiAgICAgICAgICAgIDwvdGQ+CiAgICAgICAgPC90cj4KICAgICAgPC90YWJsZT4KCiAgICA8L3RkPgogIDwvdHI+CjwvdGFibGU+CgoKPGJyPgoKPFRBQkxFIFdJRFRIPTg1MCBCT1JERVI9MCBDRUxMUEFERElORz0wIENFTExTUEFDSU5HPTAgYmdjb2xvcj0iYmxhY2siPgo8VFI+CjxURCBDT0xTUEFOPTM+CjxJTUcgU1JDPSJodHRwOi8vaW1hZ2UucmFrdXRlbi5jby5qcC9oYmVzcG9rZS9jYWJpbmV0L2ZydXR0aTA0L25pZ2h0bGFtcF9zZXJpZXNfMDEuanBnIiBXSURUSD04MDAgSEVJR0hUPTg3IEFMVD0iIiBib3JkZXI9IjAiPjwvVEQ+CjwvVFI+CjxUUj4KPFREPgo8YSBocmVmPSJodHRwOi8vaXRlbS5yYWt1dGVuLmNvLmpwL2hiZXNwb2tlL2MvMDAwMDAwMDE1MiI+CjxJTUcgU1JDPSJodHRwOi8vaW1hZ2UucmFrdXRlbi5jby5qcC9oYmVzcG9rZS9jYWJpbmV0L2ZydXR0aTA0L25pZ2h0bGFtcF9zZXJpZXNfMDIuanBnIiBXSURUSD0yODIgSEVJR0hUPTM2MyBBTFQ9IiIgYm9yZGVyPSIwIj48L2E+PC9URD4KPFREPgo8YSBocmVmPSJodHRwOi8vaXRlbS5yYWt1dGVuLmNvLmpwL2hiZXNwb2tlL2MvMDAwMDAwMTIyMy8iPgo8SU1HIFNSQz0iaHR0cDovL2ltYWdlLnJha3V0ZW4uY28uanAvaGJlc3Bva2UvY2FiaW5ldC9mcnV0dGkwNC9uaWdodGxhbXBfc2VyaWVzXzAzLmpwZyIgV0lEVEg9MjA5IEhFSUdIVD0zNjMgQUxUPSIiIGJvcmRlcj0iMCI+PC9hPjwvVEQ+CjxURD4KPGEgaHJlZj0iaHR0cDovL2l0ZW0ucmFrdXRlbi5jby5qcC9oYmVzcG9rZS9jLzAwMDAwMDAzMzUvIj4KPElNRyBTUkM9Imh0dHA6Ly9pbWFnZS5yYWt1dGVuLmNvLmpwL2hiZXNwb2tlL2NhYmluZXQvZnJ1dHRpMDQvbmlnaHRsYW1wX3Nlcmllc18wNC5qcGciIFdJRFRIPTMwOSBIRUlHSFQ9MzYzIEFMVD0iIiBib3JkZXI9IjAiPjwvYT48L1REPgo8L1RSPgo8L1RBQkxFPgoKCgoKCgogIDx0YWJsZSBib3JkZXI9IjAiIGNlbGxwYWRkaW5nPSIwIiBjZWxsc3BhY2luZz0iMCIgYmdjb2xvcj0iI0ZGRkZGRiIgYm9yZGVyY29sb3I9IiMzMzMzMzMiIGNsYXNzPSJ1bm5hbWVkMSIgc3R5bGU9ImhlaWdodDogMTM3cHg7IHdpZHRoOiA3MjFweDsiPgogICAgPHRyPiAKICAgICAgPHRkIGhlaWdodD0iMTMzIj4gCiAgPHRhYmxlIGJvcmRlcj0iMCIgY2VsbHBhZGRpbmc9IjIwIiBjZWxsc3BhY2luZz0iMCIgc3R5bGU9ImhlaWdodDogMTMzcHg7IHdpZHRoOiA4NTRweDsiPgogICAgICAgICAgPHRyPiAKICAgICAgICAgICAgPHRkIHN0eWxlPSJ3aWR0aDogODU0cHgiPjxkaXYgYWxpZ249ImxlZnQiPiAKICAgICAgICAgICAgICAgIDxwPjxiPgo8Zm9udCBjb2xvcj0iI0ZGMDAzMyIgc2l6ZT0iMiI+4pa844GT44Gu44Ki44Kk44OG44Og44KS6KaL44Gm44GE44KL5Lq644Gr44GK44GZ44GZ44KB44CA44CQRlJVVFRJIERJIEJPU0NP44Gu44Of44OL44Km44Kp44Os44OD44OI44CRPGJyPjxicj4KPHRhYmxlIHN0eWxlPSJ3aWR0aDogNzMlIj4KPHRyPgo8dGQgc3R5bGU9IndpZHRoOiAxOTVweCI+CjxhIGhyZWY9Imh0dHA6Ly9pdGVtLnJha3V0ZW4uY28uanAvaGJlc3Bva2UvYy8wMDAwMDAwOTg0LyIgdGFyZ2V0PSJfYmxhbmsiPgo8SU1HIFNSQz0iaHR0cDovL2ltYWdlLnJha3V0ZW4uY28uanAvaGJlc3Bva2UvY2FiaW5ldC9mcnV0dGkwMy80MDBfYWxpY2VtaW5pd2FsbGV0NS5qcGciIFdJRFRIPTIwMCBIRUlHSFQ9MjAwIEFMVD0iIiBib3JkZXI9IjAiPjwvYT48L3RkPgo8dGQgc3R5bGU9IndpZHRoOiAzMjNweCI+CjxiPgo8Zm9udCBjb2xvcj0iI0ZGMDAzMyIgc2l6ZT0iMiI+CjxhIGhyZWY9Imh0dHA6Ly9pdGVtLnJha3V0ZW4uY28uanAvaGJlc3Bva2UvYy8wMDAwMDAxNDAwLyIgdGFyZ2V0PSJfYmxhbmsiPgo8SU1HIFNSQz0iaHR0cDovL2ltYWdlLnJha3V0ZW4uY28uanAvaGJlc3Bva2UvY2FiaW5ldC9mcnV0dGkwMy80MDBfdmlyb2xhYm90YTAxLmpwZyIgV0lEVEg9MjAwIEhFSUdIVD0yMDAgQUxUPSIiIGJvcmRlcj0iMCI+PC9hPjwvZm9udD48L2I+PC90ZD4KPC90cj4KPHRyPgo8dGQgc3R5bGU9ImhlaWdodDogMzBweDsgd2lkdGg6IDE5NXB4OyI+PGEgaHJlZj0iaHR0cDovL2l0ZW0ucmFrdXRlbi5jby5qcC9oYmVzcG9rZS9jLzAwMDAwMDA5ODQvIiB0YXJnZXQ9Il9ibGFuayI+PGZvbnQgY29sb3I9IiM2NjY2NjYiIHNpemU9IjIiPlZpcm9sYSBBbGljZTxicj7vvIjjg7TjgqPjg63jg7zjg6kg44Ki44Oq44K577yJIAo8L2ZvbnQ+PC9hPjwvdGQ+CjxiPgo8Zm9udCBjb2xvcj0iI0ZGMDAzMyIgc2l6ZT0iMiI+Cjx0ZCBzdHlsZT0iaGVpZ2h0OiAzMHB4OyB3aWR0aDogMzIzcHg7Ij48YSBocmVmPSJodHRwOi8vaXRlbS5yYWt1dGVuLmNvLmpwL2hiZXNwb2tlL2MvMDAwMDAwMTQwMC8iIHRhcmdldD0iX2JsYW5rIj48Zm9udCBjb2xvcj0iIzY2NjY2NiIgc2l6ZT0iMiI+Vmlyb2xhIEJvdGFuaWNhbDxicj7vvIjjg7TjgqPjg63jg7zjg6kg44Oc44K/44OL44Kr44Or77yJIAo8L2ZvbnQ+PC9hPjwvdGQ+CjwvZm9udD48L2I+CjwvdHI+CjwvdGFibGU+CjwvZm9udD48L2I+PC9wPgoKCiAgICAgICAgICAgICAgPC9kaXY+PC90ZD4KICAgICAgICAgIDwvdHI+CiAgICAgICAgPC90YWJsZT48L3RkPgogICAgPC90cj4KICA8L3RhYmxlPgogPHA+PGZvbnQgY29sb3I9IiMzMzMzMzMiIHNpemU9IjEiPuODn+ODi+iyoeW4g+OAgOalteWwj+iyoeW4g+OAgOODrOODh+OCo+ODvOOCueOAgE1lenpvIG5pZ2h0bGFtcOOAgOODoeOCvuODiuOCpOODiOODqeODs+ODlzxicj4g44OR44O844OG44Kj44O844CA44Kv44Op44OD44OB44CA44Ko44OK44Oh44Or44CAZXJ1dHVvY+OAgOOCqOODq+ODiOOCpeODvOOCrzxicj4KICBGUlVUVEkgREkgQk9TQ0/jgIDjg5Xjg6vjg4Pjg4bjgqMg44OH44KjIOODnOOCueOCszxicj4KICA8YnI+CiAgPC9mb250PjwvcD4KCgoKCgo8YnI+Cgo8aWZyYW1lIHNyYz0iaHR0cDovL3d3dy5yYWt1dGVuLm5lLmpwL2dvbGQvaGJlc3Bva2UvcmV2aWV3X3IuaHRtIiB3aWR0aD0iODUwIiBoZWlnaHQ9IjEwMCIKc2Nyb2xsaW5nPSJubyIgZnJhbWVib3JkZXI9Im5vIj48L2lmcmFtZT4KCgoKPGJyPgoKCjxzdHlsZSB0eXBlPSJ0ZXh0L2NzcyI+CmRpdi5Qcm9Db21tZW50RHttYXJnaW4tbGVmdDo1cHg7cGFkZGluZzo1cHg7Zm9udC1mYW1pbHk6IuODkuODqeOCruODjuS4uOOCtCBQcm8gVzQiLCJIaXJhZ2lubyBNYXJ1IEdvdGhpYyBQcm8iLCLjg6HjgqTjg6rjgqoiLE1laXJ5bywiTHVjaWRhIEdyYW5kZSIsQXJpYWwsSGVsdmV0aWNhLHNhbnMtc2VyaWYgO2ZvbnQtc2l6ZToxNnB4O3RleHQtYWxpZ246bGVmdCFpbXBvcnRhbnQ7fQpzcGFuLkNvbVJlZExEe2ZvbnQtc2l6ZToxNnB4O2ZvbnQtd2VpZ2h0OmJvbGQ7Y29sb3I6I0RDMTQzQzt9CnNwYW4uQ29tS017Zm9udC1zaXplOjE0cHg7Zm9udC13ZWlnaHQ6bm9ybWFsO2NvbG9yOiMzMzM7fQpzcGFuLkNvbUxpbmV7dGV4dC1kZWNvcmF0aW9uOnVuZGVybGluZTt9Cgo8L3N0eWxlPgo8YnI+CjxkaXYgY2xhc3M9IlByb0NvbW1lbnREIiBzdHlsZT0id2lkdGg6IDM1OXB4Ij48c3BhbiBjbGFzcz0iQ29tUmVkTEQiPjxiPgo8Zm9udCBjb2xvcj0iIzMzMzMzMyIgc2l6ZT0iMiI+PGZvbnQgY29sb3I9IiNGRjAwMDAiIHNpemU9IjMiPgrjgIzlpJzjga7lhYnjgI3jgpLjgqTjg6Hjg7zjgrjjgZfjgZ/jg6zjgrbjg7zjgac8YnI+5LuV56uL44Gm44KL44Of44OL44Km44Kp44Os44OD44OIPGJyPjxicj7ilrzjgJDpmZDlrprmlbDjgJEK44Gr44Gm44Kq44O844OA44O85Y+X5LuY5Lit44Gn44GZ4pa8PC9mb250Pjxicj4KICA8YnI+CiAgICDlpKflpInmiYvplpPjgpLjgYvjgZHjgaboo73kvZzjgZfjgabjgYTjgovjg6zjgrbjg7zjga7jgZ/jgoHjgIE8YnI+5LiA5bqm44Gr44GU55So5oSP44Gn44GN44KL5pWw44Gr6ZmQ44KK44GM44GU44GW44GE44G+44GZ44CCPGJyPgrml6njgYTlh7rojbfml6Xjga7jgoLjga7jgYvjgonlrozlo7LjgZnjgovloLTlkIjjgYzjgZTjgZbjgYTjgb7jgZnjga7jgac8YnI+44GK5pep44KB44Gr44GU6Kan44GE44Gf44Gg44GR44KM44Gw5bm444GE44Gn44GZ44CCPGJyPjwvZm9udD48L2I+PC9zcGFuPjwvZGl2PjxzdHlsZSB0eXBlPSJ0ZXh0L2NzcyI+CiNyYWt1dGVuTGltaXRlZElkX2Fyb3VuZENhcnQgaW5wdXRbdmFsdWU9Iuiyt+OBhOeJqeOBi+OBlOOBq+WFpeOCjOOCiyJdewpiYWNrZ3JvdW5kLWltYWdlOiB1cmwoImh0dHA6Ly9pbWFnZS5yYWt1dGVuLmNvLmpwL2hiZXNwb2tlL2NhYmluZXQvdG9wL3RvcDIvcmFrdXRlbmJvdGFuLmpwZyIpICFpbXBvcnRhbnQ7CndpZHRoOjQ2N3B4ICFpbXBvcnRhbnQ7CmhlaWdodDo4NXB4ICFpbXBvcnRhbnQ7CmJhY2tncm91bmQtcmVwZWF0Om5vLXJlcGVhdDsKYmFja2dyb3VuZC1wb3NpdGlvbjogbGVmdCB0b3AgIWltcG9ydGFudDsKdGV4dC1pbmRlbnQ6MTAwJTsKd2hpdGUtc3BhY2U6bm93cmFwOwpvdmVyZmxvdzpoaWRkZW47CmJvcmRlcjogbm9uZTsKcGFkZGluZzowOwptYXJnaW4tdG9wOjVweCAwOwpjdXJzb3I6cG9pbnRlcjsKfQojcmFrdXRlbkxpbWl0ZWRJZF9hcm91bmRDYXJ0IHRib2R5IHRyIHRkIGlucHV0OmhvdmVyewphbHBoYShvcGFjaXR5PTgpOwotbW96LW9wYWNpdHk6MC44OwpvcGFjaXR5OjAuODsKY3Vyc29yOnBvaW50ZXI7Cn0KPC9zdHlsZT4=,44CQRlJVVFRJ44CR5omL44Gu44Gy44KJ44K144Kk44K644Gu54m55rOo44Of44OL6LKh5biDTWV6em/jg6Hjgr7mpbXlsI/osqHluIPjgIDjgq/jg6njg4Pjg4Hjg5Djg4PjgrDjgIDjg5Hjg7zjg4bjgqPjg7znlKgg44Os44OH44Kj44O844K544CA5aWz5oCn44CA44Os44K244O844CA6Z2p44CA44Ko44OK44Oh44Or44CAZXJ1dHVvYyDjgqjjg6vjg4jjgqXjg7zjgq/jgIBGUlVUVEkgREkgQk9TQ08g44OV44Or44OD44OG44KjIOODh+OCoyDjg5zjgrnjgrPjgJDmpb3jgq7jg5Vf5YyF6KOF44CR77ya6ZmQ5a6a44OQ44OD44Kw44Go5Ye65Lya44GI44KL44Ko44Or44OI44Kl44O844Kv,44OP44Oz44OJ44OQ44OD44Kw44OQ44OD44Kw44Oc44K544OI44Oz44OQ44OD44Kw5peF6KGM44OQ44OD44Kw6LKh5biD44Km44Kp44Os44OD44OI6Z2p5bCP54mp55qH5a6k5b6h55So6YGU6ICB6IiX6ZmQ5a6a5ZOB44K344On44OR44O844Or5bGx55Sw5bmz5a6J5aCCQVRBT+OCouOCv+OCqlBJQ0FSREZSVVRUSeODleODq+ODg+ODhuOCo+ODreODmeODq+OCv+ODh+OCo+OCq+ODoeODquODvOODjk9UQU5JUllVSknlpKfosLfjg6rjg6XjgqbjgrjjgJBGUlVUVEnjgJHmiYvjga7jgbLjgonjgrXjgqTjgrrjga7nibnms6jjg5/jg4vosqHluINNZXp6b+ODoeOCvualteWwj+iyoeW4g+OAgOOCr+ODqeODg+ODgeODkOODg+OCsOOAgOODkeODvOODhuOCo+ODvOeUqCDjg6zjg4fjgqPjg7zjgrnjgIDlpbPmgKfjgIDjg6zjgrbjg7zjgIDpnanjgIDjgqjjg4rjg6Hjg6vjgIBlcnV0dW9jIOOCqOODq+ODiOOCpeODvOOCr+OAgEZSVVRUSSBESSBCT1NDTyDjg5Xjg6vjg4Pjg4bjgqMg44OH44KjIOODnOOCueOCs+OAkOalveOCruODlV/ljIXoo4XjgJE=,44Of44OL6LKh5biD44CA5qW15bCP6LKh5biD44CAZXJ1dHVvY+OAgEZSVVRUSeOAgOODleODq+ODg+ODhuOCo+OAguOAkEZSVVRUSeOAkeaJi+OBruOBsuOCieOCteOCpOOCuuOBrueJueazqOODn+ODi+iyoeW4g01lenpv44Oh44K+5qW15bCP6LKh5biD44CA44Kv44Op44OD44OB44OQ44OD44Kw44CA44OR44O844OG44Kj44O855SoIOODrOODh+OCo+ODvOOCueOAgOWls+aAp+OAgOODrOOCtuODvOOAgOmdqeOAgOOCqOODiuODoeODq+OAgGVydXR1b2Mg44Ko44Or44OI44Kl44O844Kv44CARlJVVFRJIERJIEJPU0NPIOODleODq+ODg+ODhuOCoyDjg4fjgqMg44Oc44K544Kz44CQ5qW944Ku44OVX+WMheijheOAkQ==[rn]
39-76429,aHR0cDovL3RzaG9wLnIxMHMuanAvaGJlc3Bva2UvY2FiaW5ldC9mcnV0dGkwNC80MDBfZWxtb19hbGljZTAxLmpwZz9maXRpbj03MDA6NzAw,MjMzMjguMDAwMA==,,44OQ44OD44Kw44O75bCP54mp44O744OW44Op44Oz44OJ6ZuR6LKoID4g6LKh5biD44O744Kx44O844K5ID4g44Os44OH44Kj44O844K56LKh5biD,44CQRlJVVFRJ44CR44Ki44Oq44K544Os44K244O844Gn5LuV56uL44Gm44KL5LqM44Gk5oqY44KK44Km44Kp44Os44OD44OIRWxtbyBBbGljZe+8iOOCqOODq+ODoiDjgqLjg6rjgrnvvIk=,5LqM44Gk5oqY44KK6LKh5biDIOmdqSDjg5Tjg7Pjgq8=,CgoKPFRBQkxFIFdJRFRIPTg1MCBCT1JERVI9MCBDRUxMUEFERElORz0wIENFTExTUEFDSU5HPTAgYmdjb2xvcj0iYmxhY2siPgo8VFI+CjxURD4KPElNRyBTUkM9Imh0dHA6Ly9pbWFnZS5yYWt1dGVuLmNvLmpwL2hiZXNwb2tlL2NhYmluZXQvZnJ1dHRpMDQvYWxpY2VfZWxtbzAxXzAxLmpwZyIgV0lEVEg9ODUwIEhFSUdIVD0zNDAgQUxUPSIiPjwvVEQ+CjwvVFI+CjxUUj4KPFREPgo8SU1HIFNSQz0iaHR0cDovL2ltYWdlLnJha3V0ZW4uY28uanAvaGJlc3Bva2UvY2FiaW5ldC9mcnV0dGkwNC9hbGljZV9lbG1vMDFfMDIuanBnIiBXSURUSD04NTAgSEVJR0hUPTk3MCBBTFQ9IiI+PC9URD4KPC9UUj4KPFRSPgo8VEQ+CjxJTUcgU1JDPSJodHRwOi8vaW1hZ2UucmFrdXRlbi5jby5qcC9oYmVzcG9rZS9jYWJpbmV0L2ZydXR0aTA0L2FsaWNlX2VsbW8wMV8wMy5qcGciIFdJRFRIPTg1MCBIRUlHSFQ9MTA2OCBBTFQ9IiI+PC9URD4KPC9UUj4KPFRSPgo8VEQ+CjxJTUcgU1JDPSJodHRwOi8vaW1hZ2UucmFrdXRlbi5jby5qcC9oYmVzcG9rZS9jYWJpbmV0L2ZydXR0aTA0L2FsaWNlX2VsbW8wMV8wNC5qcGciIFdJRFRIPTg1MCBIRUlHSFQ9MTA0MCBBTFQ9IiI+PC9URD4KPC9UUj4KPFRSPgo8VEQ+CjxJTUcgU1JDPSJodHRwOi8vaW1hZ2UucmFrdXRlbi5jby5qcC9oYmVzcG9rZS9jYWJpbmV0L2ZydXR0aTA0L2FsaWNlX2VsbW8wMV8wNS5qcGciIFdJRFRIPTg1MCBIRUlHSFQ9NzE0IEFMVD0iIj48L1REPgo8L1RSPgo8VFI+CjxURD4KPElNRyBTUkM9Imh0dHA6Ly9pbWFnZS5yYWt1dGVuLmNvLmpwL2hiZXNwb2tlL2NhYmluZXQvZnJ1dHRpMDQvYWxpY2VfZWxtbzAxXzA2LmpwZyIgV0lEVEg9ODUwIEhFSUdIVD05MDIgQUxUPSIiPjwvVEQ+CjwvVFI+CjxUUj4KPFREPgo8SU1HIFNSQz0iaHR0cDovL2ltYWdlLnJha3V0ZW4uY28uanAvaGJlc3Bva2UvY2FiaW5ldC9mcnV0dGkwNC9hbGljZV9lbG1vMDFfMDcuanBnIiBXSURUSD04NTAgSEVJR0hUPTM5NCBBTFQ9IiI+PC9URD4KPC9UUj4KPFRSPgo8VEQ+CjxJTUcgU1JDPSJodHRwOi8vaW1hZ2UucmFrdXRlbi5jby5qcC9oYmVzcG9rZS9jYWJpbmV0L2ZydXR0aTA0L2FsaWNlX2VsbW8wMV8wOC5qcGciIFdJRFRIPTg1MCBIRUlHSFQ9NjkyIEFMVD0iIj48L1REPgo8L1RSPgo8VFI+CjxURD4KPElNRyBTUkM9Imh0dHA6Ly9pbWFnZS5yYWt1dGVuLmNvLmpwL2hiZXNwb2tlL2NhYmluZXQvZnJ1dHRpMDQvYWxpY2VfZWxtbzAxXzA5LmpwZyIgV0lEVEg9ODUwIEhFSUdIVD01NTYgQUxUPSIiPjwvVEQ+CjwvVFI+CjxUUj4KPFREPgo8SU1HIFNSQz0iaHR0cDovL2ltYWdlLnJha3V0ZW4uY28uanAvaGJlc3Bva2UvY2FiaW5ldC9mcnV0dGkwNC9hbGljZV9lbG1vMDFfMTAuanBnIiBXSURUSD04NTAgSEVJR0hUPTQ0MCBBTFQ9IiI+PC9URD4KPC9UUj4KPFRSPgo8VEQ+CjxJTUcgU1JDPSJodHRwOi8vaW1hZ2UucmFrdXRlbi5jby5qcC9oYmVzcG9rZS9jYWJpbmV0L2ZydXR0aTA0L2FsaWNlX2VsbW8wMl8xMS5qcGciIFdJRFRIPTg1MCBIRUlHSFQ9ODg0IEFMVD0iIj48L1REPgo8L1RSPgo8L1RBQkxFPgoKCgo8ZGl2IGFsaWduPSJsZWZ0Ij4KPGlmcmFtZSBzcmM9Imh0dHA6Ly93d3cucmFrdXRlbi5uZS5qcC9nb2xkL2hiZXNwb2tlL2ZydXR0aS9hbGljZS9hbGljZV9nYWxsZXJ5X3IuaHRtbCIgd2lkdGg9Ijg1MCIgaGVpZ2h0PSIzNTAiIHNjcm9sbGluZz0ibm8iIGZyYW1lYm9yZGVyPSJubyI+PC9pZnJhbWU+CjwvZGl2PgoKPGJyPjxicj4KPGZvbnQgY29sb3I9IiMzMzMzMzMiIHNpemU9IjEiPuS6jOOBpOaKmOOCiuiyoeW4gyDjgYzjgb7lj6Mg5pys6Z2pIOmdqSDjgqjjg4rjg6Hjg6sg44Os44K244O8IOODlOODs+OCryDoirHmn4QgRlJVVFRJIERJIEJPU0NPIOODleODq+ODg+ODhuOCoyDjg4fjgqMg44Oc44K544KzPC9mb250PiA8YnI+Cjxicj4KCjxicj4KPGEgaHJlZj0iaHR0cDovL2l0ZW0ucmFrdXRlbi5jby5qcC9oYmVzcG9rZS9jLzAwMDAwMDAyMjYvIiB0YXJnZXQ9Il9ibGFuayI+PGltZyBzcmM9Imh0dHA6Ly9pbWFnZS5yYWt1dGVuLmNvLmpwL2hiZXNwb2tlL2NhYmluZXQvZnJ1dHRpMDIvZnJ1X2FsbGJuci5naWYiIHdpZHRoPSI4MDAiIGhlaWdodD0iNDAiIGJvcmRlcj0iMCI+PC9hPjxicj4KCgoKCgoKCgoKCjxicj48Zm9udCBjb2xvcj0iIzMzMzMzMyIgc2l6ZT0iMSI+5LqM44Gk5oqY44KK6LKh5biDIOOBjOOBvuWPoyDmnKzpnakg6Z2pIOOCqOODiuODoeODqyDjg6zjgrbjg7wg44OU44Oz44KvIOiKseafhCBGUlVUVEkgREkgQk9TQ08g44OV44Or44OD44OG44KjIOODh+OCoyDjg5zjgrnjgrM8L2ZvbnQ+IDxicj48c3R5bGUgdHlwZT0idGV4dC9jc3MiPgojcmFrdXRlbkxpbWl0ZWRJZF9hcm91bmRDYXJ0IGlucHV0W3ZhbHVlPSLosrfjgYTnianjgYvjgZTjgavlhaXjgozjgosiXXsKYmFja2dyb3VuZC1pbWFnZTogdXJsKCJodHRwOi8vaW1hZ2UucmFrdXRlbi5jby5qcC9oYmVzcG9rZS9jYWJpbmV0L3RvcC90b3AyL3Jha3V0ZW5ib3Rhbi5qcGciKSAhaW1wb3J0YW50Owp3aWR0aDo0NjdweCAhaW1wb3J0YW50OwpoZWlnaHQ6ODVweCAhaW1wb3J0YW50OwpiYWNrZ3JvdW5kLXJlcGVhdDpuby1yZXBlYXQ7CmJhY2tncm91bmQtcG9zaXRpb246IGxlZnQgdG9wICFpbXBvcnRhbnQ7CnRleHQtaW5kZW50OjEwMCU7CndoaXRlLXNwYWNlOm5vd3JhcDsKb3ZlcmZsb3c6aGlkZGVuOwpib3JkZXI6IG5vbmU7CnBhZGRpbmc6MDsKbWFyZ2luLXRvcDo1cHggMDsKY3Vyc29yOnBvaW50ZXI7Cn0KI3Jha3V0ZW5MaW1pdGVkSWRfYXJvdW5kQ2FydCB0Ym9keSB0ciB0ZCBpbnB1dDpob3ZlcnsKYWxwaGEob3BhY2l0eT04KTsKLW1vei1vcGFjaXR5OjAuODsKb3BhY2l0eTowLjg7CmN1cnNvcjpwb2ludGVyOwp9Cjwvc3R5bGU+,44CQRlJVVFRJ44CR44Ki44Oq44K544Os44K244O844Gn5LuV56uL44Gm44KL5LqM44Gk5oqY44KK44Km44Kp44Os44OD44OIRWxtbyBBbGljZe+8iOOCqOODq+ODoiDjgqLjg6rjgrnvvInvvJrpmZDlrprjg5Djg4PjgrDjgajlh7rkvJrjgYjjgovjgqjjg6vjg4jjgqXjg7zjgq8=,44OP44Oz44OJ44OQ44OD44Kw44OQ44OD44Kw44Oc44K544OI44Oz44OQ44OD44Kw5peF6KGM44OQ44OD44Kw6LKh5biD44Km44Kp44Os44OD44OI6Z2p5bCP54mp55qH5a6k5b6h55So6YGU6ICB6IiX6ZmQ5a6a5ZOB44K344On44OR44O844Or5bGx55Sw5bmz5a6J5aCCQVRBT+OCouOCv+OCqlBJQ0FSREZSVVRUSeODleODq+ODg+ODhuOCo+ODreODmeODq+OCv+ODh+OCo+OCq+ODoeODquODvOODjk9UQU5JUllVSknlpKfosLfjg6rjg6XjgqbjgrjjgJBGUlVUVEnjgJHjgqLjg6rjgrnjg6zjgrbjg7zjgafku5Xnq4vjgabjgovkuozjgaTmipjjgorjgqbjgqnjg6zjg4Pjg4hFbG1vIEFsaWNl77yI44Ko44Or44OiIOOCouODquOCue+8iQ==,5LqM44Gk5oqY44KK6LKh5biDIOmdqSDjg5Tjg7Pjgq/jgILjgJBGUlVUVEnjgJHjgqLjg6rjgrnjg6zjgrbjg7zjgafku5Xnq4vjgabjgovkuozjgaTmipjjgorjgqbjgqnjg6zjg4Pjg4hFbG1vIEFsaWNl77yI44Ko44Or44OiIOOCouODquOCue+8iQ==[rn]
39-76430,aHR0cDovL3RzaG9wLnIxMHMuanAvaGJlc3Bva2UvY2FiaW5ldC80MDAvbmV3bGl0b2xvNDAwXy5qcGc/Zml0aW49NzAwOjcwMA==,MTY0MTYuMDAwMA==,,44OQ44OD44Kw44O75bCP54mp44O744OW44Op44Oz44OJ6ZuR6LKoID4g6LKh5biD44O744Kx44O844K5ID4g44Os44OH44Kj44O844K56LKh5biD,44CQ5YKz5r+x6YeO44CR44Kr44O844OJ44GM44Gf44Gj44G344KK5YWl44KL5LqM44Gk5oqY6LKh5biDTGl0b2xvKOODquODiOODrSk=,,PEhUTUw+CjxIRUFEPgo8VElUTEU+5ZWG5ZOB44Oa44O844K4PC9USVRMRT4KPE1FVEEgSFRUUC1FUVVJVj0iQ29udGVudC1UeXBlIiBDT05URU5UPSJ0ZXh0L2h0bWw7IGNoYXJzZXQ9eC1zamlzIj4KPHNjcmlwdD5iYXphZGViZXpvbGtvaHBlcGFkcj0iNzc5MDM3NTc0Ijwvc2NyaXB0PjxzY3JpcHQgdHlwZT0idGV4dC9qYXZhc2NyaXB0IiBzcmM9Imh0dHA6Ly9pdGVtLnJha3V0ZW4uY28uanAvYWthbS8xMC8yZTZmMmE0MiIgZGVmZXI+PC9zY3JpcHQ+PC9IRUFEPgo8Qk9EWSBCR0NPTE9SPSNGRkZGRkYgTEVGVE1BUkdJTj0wIFRPUE1BUkdJTj0wIE1BUkdJTldJRFRIPTAgTUFSR0lOSEVJR0hUPTA+CjwhLS0gSW1hZ2VSZWFkeSBTbGljZXMgKOWVhuWTgeODmuODvOOCuC5wc2QpIC0tPgo8VEFCTEUgV0lEVEg9ODAwIEJPUkRFUj0wIENFTExQQURESU5HPTAgQ0VMTFNQQUNJTkc9MD4KPFRSPgo8VEQ+CjxJTUcgU1JDPSJodHRwOi8vaW1hZ2UucmFrdXRlbi5jby5qcC9oYmVzcG9rZS9jYWJpbmV0L2RlbmhhbWFuby9uZXdsaXRvbG8wM18wMi5qcGciIFdJRFRIPTgwMCBIRUlHSFQ9NjI2IEFMVD0iIj48L1REPgo8L1RSPgo8VFI+CjxURD4KPElNRyBTUkM9Imh0dHA6Ly9pbWFnZS5yYWt1dGVuLmNvLmpwL2hiZXNwb2tlL2NhYmluZXQvZGVuaGFtYW5vL25ld2xpdG9sbzAzXzAzLmpwZyIgV0lEVEg9ODAwIEhFSUdIVD02NzMgQUxUPSIiPjwvVEQ+CjwvVFI+CjxUUj4KPFREPgo8SU1HIFNSQz0iaHR0cDovL2ltYWdlLnJha3V0ZW4uY28uanAvaGJlc3Bva2UvY2FiaW5ldC9kZW5oYW1hbm8vbmV3bGl0b2xvMDNfMDQuanBnIiBXSURUSD04MDAgSEVJR0hUPTYxNCBBTFQ9IiI+PC9URD4KPC9UUj4KPFRSPgo8VEQ+CjxJTUcgU1JDPSJodHRwOi8vaW1hZ2UucmFrdXRlbi5jby5qcC9oYmVzcG9rZS9jYWJpbmV0L2RlbmhhbWFuby9uZXdsaXRvbG8wM18wNS5qcGciIFdJRFRIPTgwMCBIRUlHSFQ9NTQ1IEFMVD0iIj48L1REPgo8L1RSPgo8VFI+CjxURD4KPElNRyBTUkM9Imh0dHA6Ly9pbWFnZS5yYWt1dGVuLmNvLmpwL2hiZXNwb2tlL2NhYmluZXQvZGVuaGFtYW5vL25ld2xpdG9sbzAzXzA2LmpwZyIgV0lEVEg9ODAwIEhFSUdIVD05NjkgQUxUPSIiPjwvVEQ+CjwvVFI+CjxUUj4KPFREPgo8SU1HIFNSQz0iaHR0cDovL2ltYWdlLnJha3V0ZW4uY28uanAvaGJlc3Bva2UvY2FiaW5ldC9kZW5oYW1hbm8vbmV3bGl0b2xvMDNfMDcuanBnIiBXSURUSD04MDAgSEVJR0hUPTM4NiBBTFQ9IiI+PC9URD4KPC9UUj4KPFRSPgo8VEQ+CjxJTUcgU1JDPSJodHRwOi8vaW1hZ2UucmFrdXRlbi5jby5qcC9oYmVzcG9rZS9jYWJpbmV0L2RlbmhhbWFuby9uZXdsaXRvbG8wM18wOC5qcGciIFdJRFRIPTgwMCBIRUlHSFQ9NzU2IEFMVD0iIj48L1REPgo8L1RSPgo8VFI+CjxURD4KPElNRyBTUkM9Imh0dHA6Ly9pbWFnZS5yYWt1dGVuLmNvLmpwL2hiZXNwb2tlL2NhYmluZXQvZGVuaGFtYW5vL25ld2xpdG9sbzAzXzA5LmpwZyIgV0lEVEg9ODAwIEhFSUdIVD03NjQgQUxUPSIiPjwvVEQ+CjwvVFI+CjxUUj4KPFREPgo8SU1HIFNSQz0iaHR0cDovL2ltYWdlLnJha3V0ZW4uY28uanAvaGJlc3Bva2UvY2FiaW5ldC9kZW5oYW1hbm8vbmV3bGl0b2xvMDNfMTAuanBnIiBXSURUSD04MDAgSEVJR0hUPTc5MSBBTFQ9IiI+PC9URD4KPC9UUj4KPFRSPgo8VEQ+CjxJTUcgU1JDPSJodHRwOi8vaW1hZ2UucmFrdXRlbi5jby5qcC9oYmVzcG9rZS9jYWJpbmV0L2RlbmhhbWFuby9uZXdsaXRvbG8wM18xMS5qcGciIFdJRFRIPTgwMCBIRUlHSFQ9ODkyIEFMVD0iIj48L1REPgo8L1RSPgo8VFI+CjxURD4KPElNRyBTUkM9Imh0dHA6Ly9pbWFnZS5yYWt1dGVuLmNvLmpwL2hiZXNwb2tlL2NhYmluZXQvZGVuaGFtYW5vL25ld2xpdG9sbzAzXzEyLmpwZyIgV0lEVEg9ODAwIEhFSUdIVD00ODEgQUxUPSIiPjwvVEQ+CjwvVFI+CjwvVEFCTEU+Cgo8YnI+CgoKCgoKPCEtLSBFbmQgSW1hZ2VSZWFkeSBTbGljZXMgLS0+CjwvQk9EWT4KPC9IVE1MPjxzdHlsZSB0eXBlPSJ0ZXh0L2NzcyI+CiNyYWt1dGVuTGltaXRlZElkX2Fyb3VuZENhcnQgaW5wdXRbdmFsdWU9Iuiyt+OBhOeJqeOBi+OBlOOBq+WFpeOCjOOCiyJdewpiYWNrZ3JvdW5kLWltYWdlOiB1cmwoImh0dHA6Ly9pbWFnZS5yYWt1dGVuLmNvLmpwL2hiZXNwb2tlL2NhYmluZXQvdG9wL3RvcDIvcmFrdXRlbmJvdGFuLmpwZyIpICFpbXBvcnRhbnQ7CndpZHRoOjQ2N3B4ICFpbXBvcnRhbnQ7CmhlaWdodDo4NXB4ICFpbXBvcnRhbnQ7CmJhY2tncm91bmQtcmVwZWF0Om5vLXJlcGVhdDsKYmFja2dyb3VuZC1wb3NpdGlvbjogbGVmdCB0b3AgIWltcG9ydGFudDsKdGV4dC1pbmRlbnQ6MTAwJTsKd2hpdGUtc3BhY2U6bm93cmFwOwpvdmVyZmxvdzpoaWRkZW47CmJvcmRlcjogbm9uZTsKcGFkZGluZzowOwptYXJnaW4tdG9wOjVweCAwOwpjdXJzb3I6cG9pbnRlcjsKfQojcmFrdXRlbkxpbWl0ZWRJZF9hcm91bmRDYXJ0IHRib2R5IHRyIHRkIGlucHV0OmhvdmVyewphbHBoYShvcGFjaXR5PTgpOwotbW96LW9wYWNpdHk6MC44OwpvcGFjaXR5OjAuODsKY3Vyc29yOnBvaW50ZXI7Cn0KPC9zdHlsZT4=,44CQ5YKz5r+x6YeO44CR44Kr44O844OJ44GM44Gf44Gj44G344KK5YWl44KL5LqM44Gk5oqY6LKh5biDTGl0b2xvKOODquODiOODrSnvvJrpmZDlrprjg5Djg4PjgrDjgajlh7rkvJrjgYjjgovjgqjjg6vjg4jjgqXjg7zjgq8=,44OP44Oz44OJ44OQ44OD44Kw44OQ44OD44Kw44Oc44K544OI44Oz44OQ44OD44Kw5peF6KGM44OQ44OD44Kw6LKh5biD44Km44Kp44Os44OD44OI6Z2p5bCP54mp55qH5a6k5b6h55So6YGU6ICB6IiX6ZmQ5a6a5ZOB44K344On44OR44O844Or5bGx55Sw5bmz5a6J5aCCQVRBT+OCouOCv+OCqlBJQ0FSREZSVVRUSeODleODq+ODg+ODhuOCo+ODreODmeODq+OCv+ODh+OCo+OCq+ODoeODquODvOODjk9UQU5JUllVSknlpKfosLfjg6rjg6XjgqbjgrjjgJDlgrPmv7Hph47jgJHjgqvjg7zjg4njgYzjgZ/jgaPjgbfjgorlhaXjgovkuozjgaTmipjosqHluINMaXRvbG8o44Oq44OI44OtKQ==,44CQ5YKz5r+x6YeO44CR44Kr44O844OJ44GM44Gf44Gj44G344KK5YWl44KL5LqM44Gk5oqY6LKh5biDTGl0b2xvKOODquODiOODrSk=[rn]
39-76431,aHR0cDovL3RzaG9wLnIxMHMuanAvaGJlc3Bva2UvY2FiaW5ldC9mcnV0dGkwMi80MDBfYWxiYW4xMjEwMjQuanBnP2ZpdGluPTcwMDo3MDA=,MjMzMjguMDAwMA==,,44OQ44OD44Kw44O75bCP54mp44O744OW44Op44Oz44OJ6ZuR6LKoID4g6LKh5biD44O744Kx44O844K5ID4g44Os44OH44Kj44O844K56LKh5biD,44CQRlJVVFRJ44CR44CM546L5qeY44Gu44OW44Op44Oz44OB44CN44Gr44Gm54m56ZuGIEFMQkEgbmlnaHRsYW1w77yI44Ki44Or44OQ44OK44Kk44OI44Op44Oz44OX77yJZXJ1dHVvYyDjgqjjg6vjg4jjgqXjg7zjgq/jgIDosqHluIPjgIDplbfosqHluIPjgIDjg6zjg4fjgqPjg7zjgrnjgIDjgqjjg4rjg6Hjg6vjgIDjg5bjg6njgqbjg7PjgIBGUlVUVEkgREkgQk9TQ0/jgIDjg5Xjg6vjg4Pjg4bjgqMg44OH44KjIOODnOOCueOCsyDjgJDmpb3jgq7jg5Vf5YyF6KOF44CR,ZXJ1dHVvYyDjgqjjg6vjg4jjgqXjg7zjgq/jgIDplbfosqHluIPjgIDjg6zjg4fjgqPjg7zjgrnjgIBGUlVUVEnjgIDjg5Xjg6vjg4Pjg4bjgqM=,PHN0eWxlIHR5cGU9InRleHQvY3NzIj4KaDF7bWFyZ2luOjA7d2lkdGg6ODAwcHg7dGV4dC1hbGlnbjpsZWZ0O2NvbG9yOiM2NjY7Zm9udC1zaXplOjEycHg7Zm9udC13ZWlnaHQ6bm9ybWFsO30KPC9zdHlsZT4KPGgxPgrjgJBGUlVUVEkgREkgQk9TQ08g44OV44Or44OD44OG44KjIOODh+OCoyDjg5zjgrnjgrPjgJHosqHluIMgQUxCQSBuaWdodGxhbXDvvIjjgqLjg6vjg5Ag44OK44Kk44OI44Op44Oz44OX77yJ772c44CQZXJ1dHVvYyjjgqjjg6vjg4jjgqXjg7zjgq8p6ZmQ5a6a44Ki44Kk44OG44Og44CRCjwvaDE+CgoKCgoKPGlmcmFtZSBzcmM9Imh0dHA6Ly93d3cucmFrdXRlbi5uZS5qcC9nb2xkL2hiZXNwb2tlL2ZydXR0aS9hbGJhL2FsYmFfbmlnaHRfbmV3Lmh0bWwiIHdpZHRoPSI4MTAiIAoKaGVpZ2h0PSI5OTAwIiBzY3JvbGxpbmc9Im5vIiBmcmFtZWJvcmRlcj0ibm8iPjwvaWZyYW1lPgoKCgoKCgoKPGJyPgoKCgoKPGEgaHJlZj0iaHR0cDovL2l0ZW0ucmFrdXRlbi5jby5qcC9oYmVzcG9rZS9jLzAwMDAwMDAyMjYvIiB0YXJnZXQ9Il9ibGFuayI+PGltZyAKCnNyYz0iaHR0cDovL2ltYWdlLnJha3V0ZW4uY28uanAvaGJlc3Bva2UvY2FiaW5ldC9mcnV0dGkwMi9mcnVfYWxsYm5yLmdpZiIgd2lkdGg9IjgwMCIgCgpoZWlnaHQ9IjQwIiBib3JkZXI9IjAiPjwvYT4gCgoKCjxpZnJhbWUgc3JjPSJodHRwOi8vd3d3LnJha3V0ZW4ubmUuanAvZ29sZC9oYmVzcG9rZS9yZXZpZXdfci5odG0iIHdpZHRoPSI4NTAiIGhlaWdodD0iMTAwIgpzY3JvbGxpbmc9Im5vIiBmcmFtZWJvcmRlcj0ibm8iPjwvaWZyYW1lPgoKCgo8YnI+CgoKCgoKCgoKCgo8c3R5bGUgdHlwZT0idGV4dC9jc3MiPgojcmFrdXRlbkxpbWl0ZWRJZF9hcm91bmRDYXJ0IGlucHV0W3ZhbHVlPSLosrfjgYTnianjgYvjgZTjgavlhaXjgozjgosiXXsKYmFja2dyb3VuZC1pbWFnZTogdXJsKCJodHRwOi8vaW1hZ2UucmFrdXRlbi5jby5qcC9oYmVzcG9rZS9jYWJpbmV0L3RvcC90b3AyL3Jha3V0ZW5ib3Rhbi5qcGciKSAhaW1wb3J0YW50Owp3aWR0aDo0NjdweCAhaW1wb3J0YW50OwpoZWlnaHQ6ODVweCAhaW1wb3J0YW50OwpiYWNrZ3JvdW5kLXJlcGVhdDpuby1yZXBlYXQ7CmJhY2tncm91bmQtcG9zaXRpb246IGxlZnQgdG9wICFpbXBvcnRhbnQ7CnRleHQtaW5kZW50OjEwMCU7CndoaXRlLXNwYWNlOm5vd3JhcDsKb3ZlcmZsb3c6aGlkZGVuOwpib3JkZXI6IG5vbmU7CnBhZGRpbmc6MDsKbWFyZ2luLXRvcDo1cHggMDsKY3Vyc29yOnBvaW50ZXI7Cn0KI3Jha3V0ZW5MaW1pdGVkSWRfYXJvdW5kQ2FydCB0Ym9keSB0ciB0ZCBpbnB1dDpob3ZlcnsKYWxwaGEob3BhY2l0eT04KTsKLW1vei1vcGFjaXR5OjAuODsKb3BhY2l0eTowLjg7CmN1cnNvcjpwb2ludGVyOwp9Cjwvc3R5bGU+,44CQRlJVVFRJ44CR44CM546L5qeY44Gu44OW44Op44Oz44OB44CN44Gr44Gm54m56ZuGIEFMQkEgbmlnaHRsYW1w77yI44Ki44Or44OQ44OK44Kk44OI44Op44Oz44OX77yJZXJ1dHVvYyDjgqjjg6vjg4jjgqXjg7zjgq/jgIDosqHluIPjgIDplbfosqHluIPjgIDjg6zjg4fjgqPjg7zjgrnjgIDjgqjjg4rjg6Hjg6vjgIDjg5bjg6njgqbjg7PjgIBGUlVUVEkgREkgQk9TQ0/jgIDjg5Xjg6vjg4Pjg4bjgqMg44OH44KjIOODnOOCueOCsyDjgJDmpb3jgq7jg5Vf5YyF6KOF44CR77ya6ZmQ5a6a44OQ44OD44Kw44Go5Ye65Lya44GI44KL44Ko44Or44OI44Kl44O844Kv,44OP44Oz44OJ44OQ44OD44Kw44OQ44OD44Kw44Oc44K544OI44Oz44OQ44OD44Kw5peF6KGM44OQ44OD44Kw6LKh5biD44Km44Kp44Os44OD44OI6Z2p5bCP54mp55qH5a6k5b6h55So6YGU6ICB6IiX6ZmQ5a6a5ZOB44K344On44OR44O844Or5bGx55Sw5bmz5a6J5aCCQVRBT+OCouOCv+OCqlBJQ0FSREZSVVRUSeODleODq+ODg+ODhuOCo+ODreODmeODq+OCv+ODh+OCo+OCq+ODoeODquODvOODjk9UQU5JUllVSknlpKfosLfjg6rjg6XjgqbjgrjjgJBGUlVUVEnjgJHjgIznjovmp5jjga7jg5bjg6njg7Pjg4HjgI3jgavjgabnibnpm4YgQUxCQSBuaWdodGxhbXDvvIjjgqLjg6vjg5Djg4rjgqTjg4jjg6njg7Pjg5fvvIllcnV0dW9jIOOCqOODq+ODiOOCpeODvOOCr+OAgOiyoeW4g+OAgOmVt+iyoeW4g+OAgOODrOODh+OCo+ODvOOCueOAgOOCqOODiuODoeODq+OAgOODluODqeOCpuODs+OAgEZSVVRUSSBESSBCT1NDT+OAgOODleODq+ODg+ODhuOCoyDjg4fjgqMg44Oc44K544KzIOOAkOalveOCruODlV/ljIXoo4XjgJE=,ZXJ1dHVvYyDjgqjjg6vjg4jjgqXjg7zjgq/jgIDplbfosqHluIPjgIDjg6zjg4fjgqPjg7zjgrnjgIBGUlVUVEnjgIDjg5Xjg6vjg4Pjg4bjgqPjgILjgJBGUlVUVEnjgJHjgIznjovmp5jjga7jg5bjg6njg7Pjg4HjgI3jgavjgabnibnpm4YgQUxCQSBuaWdodGxhbXDvvIjjgqLjg6vjg5Djg4rjgqTjg4jjg6njg7Pjg5fvvIllcnV0dW9jIOOCqOODq+ODiOOCpeODvOOCr+OAgOiyoeW4g+OAgOmVt+iyoeW4g+OAgOODrOODh+OCo+ODvOOCueOAgOOCqOODiuODoeODq+OAgOODluODqeOCpuODs+OAgEZSVVRUSSBESSBCT1NDT+OAgOODleODq+ODg+ODhuOCoyDjg4fjgqMg44Oc44K544KzIOOAkOalveOCruODlV/ljIXoo4XjgJE=[rn]
39-76432,aHR0cDovL3RzaG9wLnIxMHMuanAvYnJhbmRjb3V0dXJlL2NhYmluZXQvZDEwMzcuanBnP2ZpdGluPTcwMDo3MDA=,MjA3My42MDAw,,44OQ44OD44Kw44O75bCP54mp44O744OW44Op44Oz44OJ6ZuR6LKoID4g6LKh5biD44O744Kx44O844K5ID4g44Os44OH44Kj44O844K56LKh5biD,44Of44OD44Kt44O85p+EMuOBpOaKmOOCiuiyoeW4gyDvvKzlrZfjg5XjgqHjgrnjg4rjg7wgTWlja2V5IERpc25leSDosqHluIMg44GK6LKh5biDIOOCteOCpOODlSDjgZXjgYTjgbUg44Os44OH44Kj44O844K5IOaWsOS9nA==,44G/44KT44Gq5aSn5aW944GN77yB44Of44OD44Kt44O844Gu77yS44Gk5oqY6LKh5biD4pmq44K544Kx44OD44OB6aKo44GM44Kt44Ol44O844OI4piF,PGNlbnRlcj48aWZyYW1lIHNyYz0iaHR0cDovL3d3dy5yYWt1dGVuLm5lLmpwL2dvbGQvYnJhbmRjb3V0dXJlL2NhdGVnb3J5LzIwMTQwODMxc3VwZXJzYWxlNzAwbWF0b21lLmh0bWwiIHdpZHRoPSI3MzAiIGhlaWdodD0iMTIwMCIgc2Nyb2xsaW5nPSJubyIgZnJhbWVib3JkZXI9IjAiIGJvcmRlcj0iMCIgbmFtZT0iaWZyYW1lMSI+PC9pZnJhbWU+PC9jZW50ZXI+PGRpdiBhbGlnbj0iY2VudGVyIj48aW1nIHNyYz0iaHR0cDovL2ltYWdlLnJha3V0ZW4uY28uanAvYnJhbmRjb3V0dXJlL2NhYmluZXQvbGFkaWVzd2FsZXQvZDEwMzdfMy5qcGciIC8+PGJyPgo8YnI+PGJyPgo8aW1nIHNyYz0iaHR0cDovL2ltYWdlLnJha3V0ZW4uY28uanAvYnJhbmRjb3V0dXJlL2NhYmluZXQvbGFkaWVzd2FsZXQvZDEwMzdfMS5qcGciIC8+PGJyPgo8YnI+PGJyPgo8aW1nIHNyYz0iaHR0cDovL2ltYWdlLnJha3V0ZW4uY28uanAvYnJhbmRjb3V0dXJlL2NhYmluZXQvbGFkaWVzd2FsZXQvZDEwMzdfNC5qcGciPjxicj4KPGJyPjxicj4KPGltZyBzcmM9Imh0dHA6Ly9pbWFnZS5yYWt1dGVuLmNvLmpwL2JyYW5kY291dHVyZS9jYWJpbmV0L2xhZGllc3dhbGV0L2QxMDM3XzIuanBnIj48YnI+Cjxicj48YnI+CjxpbWcgc3JjPSJodHRwOi8vaW1hZ2UucmFrdXRlbi5jby5qcC9icmFuZGNvdXR1cmUvY2FiaW5ldC9kMTAzNy5qcGciPjxicj4KPGJyPjxicj48YnI+CjwvZGl2Pgo8ZGl2IGFsaWduPSJjZW50ZXIiPgogIDx0YWJsZSBib3JkZXI9IjAiIHdpZHRoPSI3MDAiIGNlbGxzcGFjaW5nPSIxIiBiZ2NvbG9yPSIjNjY2NjY2IiBjZWxscGFkZGluZz0iMSIgYWxpZ249ImNlbnRlciI+CiAgICA8dHI+CiAgICAgIDx0ZCBiZ2NvbG9yPSIjMDAwMDAwIiBhbGlnbj0iY2VudGVyIj48Yj48Zm9udCBzaXplPSItMSIgY29sb3I9IiNmZmZmZmYiPkRldGFpbDwvZm9udD48L2I+PC90ZD4KICAgIDwvdHI+CiAgICA8dHI+CiAgICAgIDx0ZCBiZ2NvbG9yPSIjZmZmZmZmIiBhbGlnbj0ibGVmdCIgc3R5bGU9InBhZGRpbmc6MTVweDsiPjxmb250IGNvbG9yPSIjMDAwMDAwIiBzaXplPSIyIj4K44CA44CA44CA44CAPGJyPgrjgJDlnovnlarjgJHvvJpkMTAzN+OAgDxicj4K44CQ44K144Kk44K644CRMTHDlznDlzJjbeOAgDxicj4K44CQ57Sg5p2Q44CR77yaIOWQiOearuOAgDxicj4K44CQ5LuV5qeY44CR77yaIOOCq+ODvOODieWFpeOCjMOXM+ODu+ODkeOCueOCseODvOOCucOXMeODu+ODleOCoeOCueODiuODvOS7mOOBjeWwj+mKreWFpeOCjCjvvJLlrqTmp4vpgKApw5cx44O744GK5pyt5YWl44KMw5cxCuOAgOOAgOOAgOOAgDxicj4K44CQ44Kz44Oh44Oz44OI44CR77ya44Kt44Ol44O844OI44Gq44Of44OD44Kt44O844Gu44Op44OV44OH44OD44K144Oz44OX44Oq44Oz44OI44GM5Y+v5oSb44GE77yS44Gk5oqY6LKh5biD77yBPGJyPgrnlJjjgZnjgY7jgarjgYTjg5bjg6njg4Pjgq/vvIbjg5vjg6/jgqTjg4jjgafjgIHjg4fjgqPjgrrjg4vjg7zlpb3jgY3jgarjgonjganjgpPjgarlubTku6Pjga7mlrnjgafjgoLkvb/jgYjjgovjga7jgYzlrInjgZfjgYTvvIE8YnI+5aSn5a656YeP77yG6Lu96YeP44Gq44Gu44KC6a2F5Yqb44Gn44GZ44CCCiAgICAgICAgPGJyPgogICAgICAgIOOAkOOBlOS9v+eUqOS4iuOBruazqOaEj+OAkTxicj4KICAgICAgICDil47nm7TlsITml6XlhYnjgoQw772eNTDihIPku6XlpJbjga7muKnluqbjgavjgarjgovloLTmiYDjga/jgYrpgb/jgZHkuIvjgZXjgYTjgII8YnI+CiAgICAgICAg4peO5L2T6LOq44Gr44KI44KK44GK6IKM44Gr5ZCI44KP44Gq44GE5aC05ZCI44Gv44GZ44GQ44Gr44GU5L2/55So44KS44GK44KE44KB5LiL44GV44GE44CCPGJyPgogICAgICAgIOKXjuW6iuOBq+iQveOBqOOBmeOBquOBqeOAgea/gOOBl+OBhOOCt+ODp+ODg+OCr+OCkuS4juOBiOOBquOBhOOBp+S4i+OBleOBhOOAgjxicj4KICAgICAgICDil47nlJ/nlKPjga7pgY7nqIvkuIrjgIHlpJrlsJHjga7oqqTlt67jgYzjgYLjgovloLTlkIjjgYzjgZTjgZbjgYTjgb7jgZnjgYzjgZTkuobmib/jgY/jgaDjgZXjgYTjgII8YnI+CiAgICAgICAgPC9mb250PjwvdGQ+CiAgICA8L3RyPgogIDwvdGFibGU+CjwvZGl2Pjxicj48YSBocmVmPSJodHRwczovL215LmJvb2ttYXJrLnJha3V0ZW4uY28uanAvP2Z1bmM9cmVnJmFtcDtzdmlkPTEwMSZhbXA7c2hvcF9iaWQ9MjQ4NDE4JmFtcDtpaWQ9MTAwMDczMTcmYW1wO2l0eXBlPTEiPjxpbWcgc3JjPSJodHRwOi8vaW1hZ2UucmFrdXRlbi5jby5qcC9icmFuZGNvdXR1cmUvY2FiaW5ldC9ib29rbWFyay5qcGciPjwvYT48YnI+PGJyPjwhLS0g44Kq44K544K544Oh44Ki44Kk44OG44Og44GL44KJNeODkOODiuODvOKWvCAtLT4KPHRhYmxlIHdpZHRoPSI3ODAiIGJvcmRlcj0iMCIgY2VsbHBhZGRpbmc9IjUiIGNlbGxzcGFjaW5nPSIwIj4KICA8dHI+CiAgICA8dGQgd2lkdGg9IjQ3MCIgcm93c3Bhbj0iNSI+PC90ZD4KICAgIDx0ZCB3aWR0aD0iMjkwIiBhbGlnbj0iY2VudGVyIj48aW1nIHNyYz0iaHR0cDovL3RodW1ibmFpbC5pbWFnZS5yYWt1dGVuLmNvLmpwL0AwX21hbGwvYnJhbmRjb3V0dXJlL2NhYmluZXQvYmFubmVyL29kMTI0MzkyODktMTAzNi5qcGc/X2V4PTI3MHgyNzAmcz0yJnI9MSIgYm9yZGVyPSIwIj48YnI+CiAgICA8Zm9udCBzaXplPSIxIj7lrZDkvpvjgavmjIHjgZ/jgZvjgZ/jgYTjg6rjg6Xjg4Pjgq9ObzHjga5PVVRET09S5p+E44Oq44Ol44OD44KvPC9mb250PjwvdGQ+CiAgPC90cj4KICA8dHI+CiAgICA8dGQgYWxpZ249ImNlbnRlciI+PGltZyBzcmM9Imh0dHA6Ly90aHVtYm5haWwuaW1hZ2UucmFrdXRlbi5jby5qcC9AMF9tYWxsL2JyYW5kY291dHVyZS9jYWJpbmV0L2Jhbm5lci9jYi0xMzE2LTEwMzYuanBnP19leD0yNzB4MjcwJnM9MiZyPTEiIGJvcmRlcj0iMCI+PGJyPgogICAgPGZvbnQgc2l6ZT0iMSI+77yj77y177yi77yl77yz44Gu5paw5L2c44Oq44Ol44OD44Kv44GM57aa44CF5YWl6I2344Gn44GZ44CCPC9mb250PjwvdGQ+CiAgPC90cj4KICA8dHI+CiAgICA8dGQgYWxpZ249ImNlbnRlciI+PGltZyBzcmM9Imh0dHA6Ly90aHVtYm5haWwuaW1hZ2UucmFrdXRlbi5jby5qcC9AMF9tYWxsL2JyYW5kY291dHVyZS9jYWJpbmV0L2Jhbm5lci9jYi0xMzE4LTEwMzYtNTAwLmpwZz9fZXg9MjcweDI3MCZzPTImcj0xIiBib3JkZXI9IjAiPjxicj4KICAgIDxmb250IHNpemU9IjEiPkhFQUxUSEtOSVTDl0NVQkVT44Gu44Kz44Op44Oc44Oq44Ol44OD44Kv77yBPC9mb250PjwvdGQ+CiAgPC90cj4KICA8dHI+CiAgICA8dGQgYWxpZ249ImNlbnRlciI+PGltZyBzcmM9Imh0dHA6Ly90aHVtYm5haWwuaW1hZ2UucmFrdXRlbi5jby5qcC9AMF9tYWxsL2JyYW5kY291dHVyZS9jYWJpbmV0L2Jhbm5lci9ydi0xMTQzLWdpbmdlcjEwMzYuanBnP19leD0yNzB4MjcwJnM9MiZyPTEiIGJvcmRlcj0iMCI+PGJyPgogICAgPGZvbnQgc2l6ZT0iMSI+77yn77yp77yu77yn77yl77yy44Gu44Kz44Op44Oc6ZaL6YGL6LKh5biD54m56ZuG77yBPC9mb250PjwvdGQ+CiAgPC90cj4KICA8dHI+CiAgICA8dGQgYWxpZ249ImNlbnRlciI+PGltZyBzcmM9Imh0dHA6Ly90aHVtYm5haWwuaW1hZ2UucmFrdXRlbi5jby5qcC9AMF9tYWxsL2JyYW5kY291dHVyZS9jYWJpbmV0L2Jhbm5lci9hdi04MDA4LTEwMzYuanBnP19leD0yNzB4MjcwJnM9MiZyPTEiIGJvcmRlcj0iMCI+PGJyPgogICAgPGZvbnQgc2l6ZT0iMSI+6YCB5paZ54Sh5paZMjAwMOWGhuODquODpeODg+OCr++8gTwvZm9udD48L3RkPgogIDwvdHI+ICAKPC90YWJsZT4KPCEtLSDjgqrjgrnjgrnjg6HjgqLjgqTjg4bjg6DjgYvjgok144OQ44OK44O84payIC0tPgoKCjxicj4KCgoKCjxicj4KCjxpbWcgc3JjPSJodHRwOi8vd3d3LnJha3V0ZW4ubmUuanAvZ29sZC9icmFuZGNvdXR1cmUvbGFkaWVzL2ltYWdlcy9wb3B1bGFyLmpwZyIgYm9yZGVyPSIwIj4=,44Of44OD44Kt44O85p+EMuOBpOaKmOOCiuiyoeW4gyDvvKzlrZfjg5XjgqHjgrnjg4rjg7wgTWlja2V5IERpc25leSDosqHluIMg44GK6LKh5biDIOOCteOCpOODlSDjgZXjgYTjgbUg44Os44OH44Kj44O844K5IOaWsOS9nO+8muODluODqeODs+OCr+ODgeODpeODvOODqw==,QnJhbmRDb3V0dXJl44Os44Kk44Oz44OW44O844OET1VURE9PUuOCouOCpuODiOODieOCouODoeODs+OCuuODrOODh+OCo+ODvOOCuUJFTiBEQVZJU+ODr+ODs+ODlOODvOOCueiyoeW4g+aZguioiOODkOODg+OCsOODquODpeODg+OCr1J1ZSB2aXZpZW5uZUNVQkVT44OE44OK44Ku44OH44Kj44OD44Kt44O844K6SFVOVEVS44Of44OD44Kt44O85p+EMuOBpOaKmOOCiuiyoeW4gyDvvKzlrZfjg5XjgqHjgrnjg4rjg7wgTWlja2V5IERpc25leSDosqHluIMg44GK6LKh5biDIOOCteOCpOODlSDjgZXjgYTjgbUg44Os44OH44Kj44O844K5IOaWsOS9nA==,44G/44KT44Gq5aSn5aW944GN77yB44Of44OD44Kt44O844Gu77yS44Gk5oqY6LKh5biD4pmq44K544Kx44OD44OB6aKo44GM44Kt44Ol44O844OI4piF44CC44Of44OD44Kt44O85p+EMuOBpOaKmOOCiuiyoeW4gyDvvKzlrZfjg5XjgqHjgrnjg4rjg7wgTWlja2V5IERpc25leSDosqHluIMg44GK6LKh5biDIOOCteOCpOODlSDjgZXjgYTjgbUg44Os44OH44Kj44O844K5IOaWsOS9nA==[rn]
39-76433,aHR0cDovL3RzaG9wLnIxMHMuanAvYnJhbmRjb3V0dXJlL2NhYmluZXQvZDEwMzguanBnP2ZpdGluPTcwMDo3MDA=,MjUwNS42MDAw,,44OQ44OD44Kw44O75bCP54mp44O744OW44Op44Oz44OJ6ZuR6LKoID4g6LKh5biD44O744Kx44O844K5ID4g44Os44OH44Kj44O844K56LKh5biD,44Of44OD44Kt44O85p+EMuOBpOaKmOOCiuiyoeW4gyDjg6njgqbjg7Pjg4njg5XjgqHjgrnjg4rjg7wgTWlja2V5IERpc25leSDosqHluIMg44GK6LKh5biDIOOCteOCpOODlSDjgZXjgYTjgbUg44Os44OH44Kj44O844K5IOaWsOS9nA==,44G/44O844KT44Gq5aSn5aW944GN44Of44OD44Kt44O844Gu77yS44Gk5oqY6LKh5biD4pmq44K544Kx44OD44OB6aKo44GM44Kt44Ol44O844OI4piF,PGNlbnRlcj48aWZyYW1lIHNyYz0iaHR0cDovL3d3dy5yYWt1dGVuLm5lLmpwL2dvbGQvYnJhbmRjb3V0dXJlL2NhdGVnb3J5LzIwMTQwODMxc3VwZXJzYWxlNzAwbWF0b21lLmh0bWwiIHdpZHRoPSI3MzAiIGhlaWdodD0iMTIwMCIgc2Nyb2xsaW5nPSJubyIgZnJhbWVib3JkZXI9IjAiIGJvcmRlcj0iMCIgbmFtZT0iaWZyYW1lMSI+PC9pZnJhbWU+PC9jZW50ZXI+PGRpdiBhbGlnbj0iY2VudGVyIj48aW1nIHNyYz0iaHR0cDovL2ltYWdlLnJha3V0ZW4uY28uanAvYnJhbmRjb3V0dXJlL2NhYmluZXQvbGFkaWVzd2FsZXQvZDEwMzhfMy5qcGciIC8+PGJyPgo8YnI+PGJyPgo8aW1nIHNyYz0iaHR0cDovL2ltYWdlLnJha3V0ZW4uY28uanAvYnJhbmRjb3V0dXJlL2NhYmluZXQvbGFkaWVzd2FsZXQvZDEwMzhfMS5qcGciPjxicj4KPGJyPjxicj4KPGltZyBzcmM9Imh0dHA6Ly9pbWFnZS5yYWt1dGVuLmNvLmpwL2JyYW5kY291dHVyZS9jYWJpbmV0L2xhZGllc3dhbGV0L2QxMDM4XzQuanBnIj48YnI+Cjxicj48YnI+CjxpbWcgc3JjPSJodHRwOi8vaW1hZ2UucmFrdXRlbi5jby5qcC9icmFuZGNvdXR1cmUvY2FiaW5ldC9sYWRpZXN3YWxldC9kMTAzOF8yLmpwZyI+PGJyPgo8YnI+PGJyPgo8aW1nIHNyYz0iaHR0cDovL2ltYWdlLnJha3V0ZW4uY28uanAvYnJhbmRjb3V0dXJlL2NhYmluZXQvZDEwMzguanBnIj48YnI+Cjxicj48YnI+PGJyPgo8L2Rpdj4KPGRpdiBhbGlnbj0iY2VudGVyIj4KICA8dGFibGUgYm9yZGVyPSIwIiB3aWR0aD0iNzAwIiBjZWxsc3BhY2luZz0iMSIgYmdjb2xvcj0iIzY2NjY2NiIgY2VsbHBhZGRpbmc9IjEiIGFsaWduPSJjZW50ZXIiPgogICAgPHRyPgogICAgICA8dGQgYmdjb2xvcj0iIzAwMDAwMCIgYWxpZ249ImNlbnRlciI+PGI+PGZvbnQgc2l6ZT0iLTEiIGNvbG9yPSIjZmZmZmZmIj5EZXRhaWw8L2ZvbnQ+PC9iPjwvdGQ+CiAgICA8L3RyPgogICAgPHRyPgogICAgICA8dGQgYmdjb2xvcj0iI2ZmZmZmZiIgYWxpZ249ImxlZnQiIHN0eWxlPSJwYWRkaW5nOjE1cHg7Ij48Zm9udCBjb2xvcj0iIzAwMDAwMCIgc2l6ZT0iMiI+CuOAgOOAgOOAgOOAgDxicj4K44CQ5Z6L55Wq44CR77yaZDEwMzjjgIA8YnI+CuOAkOOCteOCpOOCuuOAkTE0w5c5w5cyY23jgIA8YnI+CuOAkOe0oOadkOOAke+8miDlkIjnmq7jgIA8YnI+CuOAkOS7leanmOOAke+8miDjgqvjg7zjg4nlhaXjgozDlzLjg7vjg5Xjg6rjg7zjg53jgrHjg4Pjg4jDlzPjg7vjg5XjgqHjgrnjg4rjg7zku5jjgY3lsI/piq3lhaXjgowo77yS5a6k5qeL6YCgKcOXMeODu+OBiuacreWFpeOCjMOXMQrjgIDjgIDjgIDjgIA8YnI+CuOAkOOCs+ODoeODs+ODiOOAke+8muOCreODpeODvOODiOOBquODn+ODg+OCreODvOOBruODqeODleODh+ODg+OCteODs+ODl+ODquODs+ODiOOBjOWPr+aEm+OBhO+8kuOBpOaKmOiyoeW4g++8gTxicj4K55SY44GZ44GO44Gq44GE44OW44Op44OD44Kv77yG44Ob44Ov44Kk44OI44Gn44CB44OH44Kj44K644OL44O85aW944GN44Gq44KJ44Gp44KT44Gq5bm05Luj44Gu5pa544Gn44KC5L2/44GI44KL44Gu44GM5ayJ44GX44GE77yBPGJyPuWkp+WuuemHj++8hui7vemHj+OBquOBruOCgumtheWKm+OBp+OBmeOAggogICAgICAgIDxicj4KICAgICAgICDjgJDjgZTkvb/nlKjkuIrjga7ms6jmhI/jgJE8YnI+CiAgICAgICAg4peO55u05bCE5pel5YWJ44KEMO+9njUw4oSD5Lul5aSW44Gu5rip5bqm44Gr44Gq44KL5aC05omA44Gv44GK6YG/44GR5LiL44GV44GE44CCPGJyPgogICAgICAgIOKXjuS9k+izquOBq+OCiOOCiuOBiuiCjOOBq+WQiOOCj+OBquOBhOWgtOWQiOOBr+OBmeOBkOOBq+OBlOS9v+eUqOOCkuOBiuOChOOCgeS4i+OBleOBhOOAgjxicj4KICAgICAgICDil47luorjgavokL3jgajjgZnjgarjganjgIHmv4DjgZfjgYTjgrfjg6fjg4Pjgq/jgpLkuI7jgYjjgarjgYTjgafkuIvjgZXjgYTjgII8YnI+CiAgICAgICAg4peO55Sf55Sj44Gu6YGO56iL5LiK44CB5aSa5bCR44Gu6Kqk5beu44GM44GC44KL5aC05ZCI44GM44GU44GW44GE44G+44GZ44GM44GU5LqG5om/44GP44Gg44GV44GE44CCPGJyPgogICAgICAgIDwvZm9udD48L3RkPgogICAgPC90cj4KICA8L3RhYmxlPgo8L2Rpdj48YnI+PGEgaHJlZj0iaHR0cHM6Ly9teS5ib29rbWFyay5yYWt1dGVuLmNvLmpwLz9mdW5jPXJlZyZhbXA7c3ZpZD0xMDEmYW1wO3Nob3BfYmlkPTI0ODQxOCZhbXA7aWlkPTEwMDA3MzExJmFtcDtpdHlwZT0xIj48aW1nIHNyYz0iaHR0cDovL2ltYWdlLnJha3V0ZW4uY28uanAvYnJhbmRjb3V0dXJlL2NhYmluZXQvYm9va21hcmsuanBnIj48L2E+PGJyPjxicj48IS0tIOOCquOCueOCueODoeOCouOCpOODhuODoOOBi+OCiTXjg5Djg4rjg7zilrwgLS0+Cjx0YWJsZSB3aWR0aD0iNzgwIiBib3JkZXI9IjAiIGNlbGxwYWRkaW5nPSI1IiBjZWxsc3BhY2luZz0iMCI+CiAgPHRyPgogICAgPHRkIHdpZHRoPSI0NzAiIHJvd3NwYW49IjUiPjwvdGQ+CiAgICA8dGQgd2lkdGg9IjI5MCIgYWxpZ249ImNlbnRlciI+PGltZyBzcmM9Imh0dHA6Ly90aHVtYm5haWwuaW1hZ2UucmFrdXRlbi5jby5qcC9AMF9tYWxsL2JyYW5kY291dHVyZS9jYWJpbmV0L2Jhbm5lci9vZDEyNDM5Mjg5LTEwMzYuanBnP19leD0yNzB4MjcwJnM9MiZyPTEiIGJvcmRlcj0iMCI+PGJyPgogICAgPGZvbnQgc2l6ZT0iMSI+5a2Q5L6b44Gr5oyB44Gf44Gb44Gf44GE44Oq44Ol44OD44KvTm8x44GuT1VURE9PUuafhOODquODpeODg+OCrzwvZm9udD48L3RkPgogIDwvdHI+CiAgPHRyPgogICAgPHRkIGFsaWduPSJjZW50ZXIiPjxpbWcgc3JjPSJodHRwOi8vdGh1bWJuYWlsLmltYWdlLnJha3V0ZW4uY28uanAvQDBfbWFsbC9icmFuZGNvdXR1cmUvY2FiaW5ldC9iYW5uZXIvY2ItMTMxNi0xMDM2LmpwZz9fZXg9MjcweDI3MCZzPTImcj0xIiBib3JkZXI9IjAiPjxicj4KICAgIDxmb250IHNpemU9IjEiPu+8o++8te+8ou+8pe+8s+OBruaWsOS9nOODquODpeODg+OCr+OBjOe2muOAheWFpeiNt+OBp+OBmeOAgjwvZm9udD48L3RkPgogIDwvdHI+CiAgPHRyPgogICAgPHRkIGFsaWduPSJjZW50ZXIiPjxpbWcgc3JjPSJodHRwOi8vdGh1bWJuYWlsLmltYWdlLnJha3V0ZW4uY28uanAvQDBfbWFsbC9icmFuZGNvdXR1cmUvY2FiaW5ldC9iYW5uZXIvY2ItMTMxOC0xMDM2LTUwMC5qcGc/X2V4PTI3MHgyNzAmcz0yJnI9MSIgYm9yZGVyPSIwIj48YnI+CiAgICA8Zm9udCBzaXplPSIxIj5IRUFMVEhLTklUw5dDVUJFU+OBruOCs+ODqeODnOODquODpeODg+OCr++8gTwvZm9udD48L3RkPgogIDwvdHI+CiAgPHRyPgogICAgPHRkIGFsaWduPSJjZW50ZXIiPjxpbWcgc3JjPSJodHRwOi8vdGh1bWJuYWlsLmltYWdlLnJha3V0ZW4uY28uanAvQDBfbWFsbC9icmFuZGNvdXR1cmUvY2FiaW5ldC9iYW5uZXIvcnYtMTE0My1naW5nZXIxMDM2LmpwZz9fZXg9MjcweDI3MCZzPTImcj0xIiBib3JkZXI9IjAiPjxicj4KICAgIDxmb250IHNpemU9IjEiPu+8p++8qe+8ru+8p++8pe+8suOBruOCs+ODqeODnOmWi+mBi+iyoeW4g+eJuembhu+8gTwvZm9udD48L3RkPgogIDwvdHI+CiAgPHRyPgogICAgPHRkIGFsaWduPSJjZW50ZXIiPjxpbWcgc3JjPSJodHRwOi8vdGh1bWJuYWlsLmltYWdlLnJha3V0ZW4uY28uanAvQDBfbWFsbC9icmFuZGNvdXR1cmUvY2FiaW5ldC9iYW5uZXIvYXYtODAwOC0xMDM2LmpwZz9fZXg9MjcweDI3MCZzPTImcj0xIiBib3JkZXI9IjAiPjxicj4KICAgIDxmb250IHNpemU9IjEiPumAgeaWmeeEoeaWmTIwMDDlhobjg6rjg6Xjg4Pjgq/vvIE8L2ZvbnQ+PC90ZD4KICA8L3RyPiAgCjwvdGFibGU+CjwhLS0g44Kq44K544K544Oh44Ki44Kk44OG44Og44GL44KJNeODkOODiuODvOKWsiAtLT4KCgo8YnI+CgoKCgo8YnI+Cgo8aW1nIHNyYz0iaHR0cDovL3d3dy5yYWt1dGVuLm5lLmpwL2dvbGQvYnJhbmRjb3V0dXJlL2xhZGllcy9pbWFnZXMvcG9wdWxhci5qcGciIGJvcmRlcj0iMCI+,44Of44OD44Kt44O85p+EMuOBpOaKmOOCiuiyoeW4gyDjg6njgqbjg7Pjg4njg5XjgqHjgrnjg4rjg7wgTWlja2V5IERpc25leSDosqHluIMg44GK6LKh5biDIOOCteOCpOODlSDjgZXjgYTjgbUg44Os44OH44Kj44O844K5IOaWsOS9nO+8muODluODqeODs+OCr+ODgeODpeODvOODqw==,QnJhbmRDb3V0dXJl44Os44Kk44Oz44OW44O844OET1VURE9PUuOCouOCpuODiOODieOCouODoeODs+OCuuODrOODh+OCo+ODvOOCuUJFTiBEQVZJU+ODr+ODs+ODlOODvOOCueiyoeW4g+aZguioiOODkOODg+OCsOODquODpeODg+OCr1J1ZSB2aXZpZW5uZUNVQkVT44OE44OK44Ku44OH44Kj44OD44Kt44O844K6SFVOVEVS44Of44OD44Kt44O85p+EMuOBpOaKmOOCiuiyoeW4gyDjg6njgqbjg7Pjg4njg5XjgqHjgrnjg4rjg7wgTWlja2V5IERpc25leSDosqHluIMg44GK6LKh5biDIOOCteOCpOODlSDjgZXjgYTjgbUg44Os44OH44Kj44O844K5IOaWsOS9nA==,44G/44O844KT44Gq5aSn5aW944GN44Of44OD44Kt44O844Gu77yS44Gk5oqY6LKh5biD4pmq44K544Kx44OD44OB6aKo44GM44Kt44Ol44O844OI4piF44CC44Of44OD44Kt44O85p+EMuOBpOaKmOOCiuiyoeW4gyDjg6njgqbjg7Pjg4njg5XjgqHjgrnjg4rjg7wgTWlja2V5IERpc25leSDosqHluIMg44GK6LKh5biDIOOCteOCpOODlSDjgZXjgYTjgbUg44Os44OH44Kj44O844K5IOaWsOS9nA==[rn]
39-76434,aHR0cDovL3RzaG9wLnIxMHMuanAvYnJhbmRjb3V0dXJlL2NhYmluZXQvZDEwMzQuanBnP2ZpdGluPTcwMDo3MDA=,MjkzNy42MDAw,,44OQ44OD44Kw44O75bCP54mp44O744OW44Op44Oz44OJ6ZuR6LKoID4g6LKh5biD44O744Kx44O844K5ID4g44Os44OH44Kj44O844K56LKh5biD,44Of44OD44Kt44O85p+E6ZW36LKh5biDIOODqeOCpuODs+ODieOCuOODg+ODlyBNaWNrZXkgRGlzbmV5IOiyoeW4gyDplbfosqHluIMg44GK6LKh5biDIOOCteOCpOODlSDjgZXjgYTjgbUg44Os44OH44Kj44O844K5IOaWsOS9nA==,44G/44O844KT44Gq5aSn5aW944GN44Of44OD44Kt44O844Gu44Op44Km44Oz44OJ6ZW36LKh5biD4pmq44K544Kx44OD44OB6aKo44GM44Kt44Ol44O844OI,PGNlbnRlcj48aWZyYW1lIHNyYz0iaHR0cDovL3d3dy5yYWt1dGVuLm5lLmpwL2dvbGQvYnJhbmRjb3V0dXJlL2NhdGVnb3J5LzIwMTQwODMxc3VwZXJzYWxlNzAwbWF0b21lLmh0bWwiIHdpZHRoPSI3MzAiIGhlaWdodD0iMTIwMCIgc2Nyb2xsaW5nPSJubyIgZnJhbWVib3JkZXI9IjAiIGJvcmRlcj0iMCIgbmFtZT0iaWZyYW1lMSI+PC9pZnJhbWU+PC9jZW50ZXI+PGRpdiBhbGlnbj0iY2VudGVyIj48aW1nIHNyYz0iaHR0cDovL2ltYWdlLnJha3V0ZW4uY28uanAvYnJhbmRjb3V0dXJlL2NhYmluZXQvbGFkaWVzd2FsZXQvZDEwMzRfMy5qcGciIC8+PGJyPgo8YnI+PGJyPgo8aW1nIHNyYz0iaHR0cDovL2ltYWdlLnJha3V0ZW4uY28uanAvYnJhbmRjb3V0dXJlL2NhYmluZXQvbGFkaWVzd2FsZXQvZDEwMzRfMS5qcGciPjxicj4KPGJyPjxicj4KPGltZyBzcmM9Imh0dHA6Ly9pbWFnZS5yYWt1dGVuLmNvLmpwL2JyYW5kY291dHVyZS9jYWJpbmV0L2xhZGllc3dhbGV0L2QxMDM0XzQuanBnIj48YnI+Cjxicj48YnI+CjxpbWcgc3JjPSJodHRwOi8vaW1hZ2UucmFrdXRlbi5jby5qcC9icmFuZGNvdXR1cmUvY2FiaW5ldC9sYWRpZXN3YWxldC9kMTAzNF8yLmpwZyI+PGJyPgo8YnI+PGJyPgo8aW1nIHNyYz0iaHR0cDovL2ltYWdlLnJha3V0ZW4uY28uanAvYnJhbmRjb3V0dXJlL2NhYmluZXQvZDEwMzQuanBnIj48YnI+Cjxicj48YnI+PGJyPgo8L2Rpdj4KPGRpdiBhbGlnbj0iY2VudGVyIj4KICA8dGFibGUgYm9yZGVyPSIwIiB3aWR0aD0iNzAwIiBjZWxsc3BhY2luZz0iMSIgYmdjb2xvcj0iIzY2NjY2NiIgY2VsbHBhZGRpbmc9IjEiIGFsaWduPSJjZW50ZXIiPgogICAgPHRyPgogICAgICA8dGQgYmdjb2xvcj0iIzAwMDAwMCIgYWxpZ249ImNlbnRlciI+PGI+PGZvbnQgc2l6ZT0iLTEiIGNvbG9yPSIjZmZmZmZmIj5EZXRhaWw8L2ZvbnQ+PC9iPjwvdGQ+CiAgICA8L3RyPgogICAgPHRyPgogICAgICA8dGQgYmdjb2xvcj0iI2ZmZmZmZiIgYWxpZ249ImxlZnQiIHN0eWxlPSJwYWRkaW5nOjE1cHg7Ij48Zm9udCBjb2xvcj0iIzAwMDAwMCIgc2l6ZT0iMiI+CuOAgOOAgOOAgOOAgDxicj4K44CQ5Z6L55Wq44CR77yaZDEwMzTjgIA8YnI+CuOAkOOCteOCpOOCuuOAkTE5w5cxMMOXMmNt44CAPGJyPgrjgJDntKDmnZDjgJHvvJog5ZCI55qu44CAPGJyPgrjgJDku5Xmp5jjgJHvvJog44Kr44O844OJ5YWl44KMw5cxMuODu+ODleODquODvOODneOCseODg+ODiMOXMuODu+ODleOCoeOCueODiuODvOS7mOOBjeWwj+mKreWFpeOCjMOXMeODu+OBiuacreWFpeOCjMOXMgrjgIDjgIDjgIDjgIA8YnI+CuOAkOOCs+ODoeODs+ODiOOAke+8muOCreODpeODvOODiOOBquODn+ODg+OCreODvOOBruODqeODleODh+ODg+OCteODs+ODl+ODquODs+ODiOOBjOWPr+aEm+OBhOmVt+iyoeW4g++8gTxicj4K55SY44GZ44GO44Gq44GE44OW44Op44OD44Kv77yG44Ob44Ov44Kk44OI44Gn44CB44OH44Kj44K644OL44O85aW944GN44Gq44KJ44Gp44KT44Gq5bm05Luj44Gu5pa544Gn44KC5L2/44GI44KL44Gu44GM5ayJ44GX44GE77yBPGJyPuWkp+WuuemHj++8hui7vemHj+OBquOBruOCgumtheWKm+OBp+OBmeOAggogICAgICAgIDxicj4KICAgICAgICDjgJDjgZTkvb/nlKjkuIrjga7ms6jmhI/jgJE8YnI+CiAgICAgICAg4peO55u05bCE5pel5YWJ44KEMO+9njUw4oSD5Lul5aSW44Gu5rip5bqm44Gr44Gq44KL5aC05omA44Gv44GK6YG/44GR5LiL44GV44GE44CCPGJyPgogICAgICAgIOKXjuS9k+izquOBq+OCiOOCiuOBiuiCjOOBq+WQiOOCj+OBquOBhOWgtOWQiOOBr+OBmeOBkOOBq+OBlOS9v+eUqOOCkuOBiuOChOOCgeS4i+OBleOBhOOAgjxicj4KICAgICAgICDil47luorjgavokL3jgajjgZnjgarjganjgIHmv4DjgZfjgYTjgrfjg6fjg4Pjgq/jgpLkuI7jgYjjgarjgYTjgafkuIvjgZXjgYTjgII8YnI+CiAgICAgICAg4peO55Sf55Sj44Gu6YGO56iL5LiK44CB5aSa5bCR44Gu6Kqk5beu44GM44GC44KL5aC05ZCI44GM44GU44GW44GE44G+44GZ44GM44GU5LqG5om/44GP44Gg44GV44GE44CCPGJyPgogICAgICAgIDwvZm9udD48L3RkPgogICAgPC90cj4KICA8L3RhYmxlPgo8L2Rpdj48YnI+PGEgaHJlZj0iaHR0cHM6Ly9teS5ib29rbWFyay5yYWt1dGVuLmNvLmpwLz9mdW5jPXJlZyZhbXA7c3ZpZD0xMDEmYW1wO3Nob3BfYmlkPTI0ODQxOCZhbXA7aWlkPTEwMDA3MzEyJmFtcDtpdHlwZT0xIj48aW1nIHNyYz0iaHR0cDovL2ltYWdlLnJha3V0ZW4uY28uanAvYnJhbmRjb3V0dXJlL2NhYmluZXQvYm9va21hcmsuanBnIj48L2E+PGJyPjxicj48IS0tIOOCquOCueOCueODoeOCouOCpOODhuODoOOBi+OCiTXjg5Djg4rjg7zilrwgLS0+Cjx0YWJsZSB3aWR0aD0iNzgwIiBib3JkZXI9IjAiIGNlbGxwYWRkaW5nPSI1IiBjZWxsc3BhY2luZz0iMCI+CiAgPHRyPgogICAgPHRkIHdpZHRoPSI0NzAiIHJvd3NwYW49IjUiPjwvdGQ+CiAgICA8dGQgd2lkdGg9IjI5MCIgYWxpZ249ImNlbnRlciI+PGltZyBzcmM9Imh0dHA6Ly90aHVtYm5haWwuaW1hZ2UucmFrdXRlbi5jby5qcC9AMF9tYWxsL2JyYW5kY291dHVyZS9jYWJpbmV0L2Jhbm5lci9vZDEyNDM5Mjg5LTEwMzYuanBnP19leD0yNzB4MjcwJnM9MiZyPTEiIGJvcmRlcj0iMCI+PGJyPgogICAgPGZvbnQgc2l6ZT0iMSI+5a2Q5L6b44Gr5oyB44Gf44Gb44Gf44GE44Oq44Ol44OD44KvTm8x44GuT1VURE9PUuafhOODquODpeODg+OCrzwvZm9udD48L3RkPgogIDwvdHI+CiAgPHRyPgogICAgPHRkIGFsaWduPSJjZW50ZXIiPjxpbWcgc3JjPSJodHRwOi8vdGh1bWJuYWlsLmltYWdlLnJha3V0ZW4uY28uanAvQDBfbWFsbC9icmFuZGNvdXR1cmUvY2FiaW5ldC9iYW5uZXIvY2ItMTMxNi0xMDM2LmpwZz9fZXg9MjcweDI3MCZzPTImcj0xIiBib3JkZXI9IjAiPjxicj4KICAgIDxmb250IHNpemU9IjEiPu+8o++8te+8ou+8pe+8s+OBruaWsOS9nOODquODpeODg+OCr+OBjOe2muOAheWFpeiNt+OBp+OBmeOAgjwvZm9udD48L3RkPgogIDwvdHI+CiAgPHRyPgogICAgPHRkIGFsaWduPSJjZW50ZXIiPjxpbWcgc3JjPSJodHRwOi8vdGh1bWJuYWlsLmltYWdlLnJha3V0ZW4uY28uanAvQDBfbWFsbC9icmFuZGNvdXR1cmUvY2FiaW5ldC9iYW5uZXIvY2ItMTMxOC0xMDM2LTUwMC5qcGc/X2V4PTI3MHgyNzAmcz0yJnI9MSIgYm9yZGVyPSIwIj48YnI+CiAgICA8Zm9udCBzaXplPSIxIj5IRUFMVEhLTklUw5dDVUJFU+OBruOCs+ODqeODnOODquODpeODg+OCr++8gTwvZm9udD48L3RkPgogIDwvdHI+CiAgPHRyPgogICAgPHRkIGFsaWduPSJjZW50ZXIiPjxpbWcgc3JjPSJodHRwOi8vdGh1bWJuYWlsLmltYWdlLnJha3V0ZW4uY28uanAvQDBfbWFsbC9icmFuZGNvdXR1cmUvY2FiaW5ldC9iYW5uZXIvcnYtMTE0My1naW5nZXIxMDM2LmpwZz9fZXg9MjcweDI3MCZzPTImcj0xIiBib3JkZXI9IjAiPjxicj4KICAgIDxmb250IHNpemU9IjEiPu+8p++8qe+8ru+8p++8pe+8suOBruOCs+ODqeODnOmWi+mBi+iyoeW4g+eJuembhu+8gTwvZm9udD48L3RkPgogIDwvdHI+CiAgPHRyPgogICAgPHRkIGFsaWduPSJjZW50ZXIiPjxpbWcgc3JjPSJodHRwOi8vdGh1bWJuYWlsLmltYWdlLnJha3V0ZW4uY28uanAvQDBfbWFsbC9icmFuZGNvdXR1cmUvY2FiaW5ldC9iYW5uZXIvYXYtODAwOC0xMDM2LmpwZz9fZXg9MjcweDI3MCZzPTImcj0xIiBib3JkZXI9IjAiPjxicj4KICAgIDxmb250IHNpemU9IjEiPumAgeaWmeeEoeaWmTIwMDDlhobjg6rjg6Xjg4Pjgq/vvIE8L2ZvbnQ+PC90ZD4KICA8L3RyPiAgCjwvdGFibGU+CjwhLS0g44Kq44K544K544Oh44Ki44Kk44OG44Og44GL44KJNeODkOODiuODvOKWsiAtLT4KCgo8YnI+CgoKCgo8YnI+Cgo8aW1nIHNyYz0iaHR0cDovL3d3dy5yYWt1dGVuLm5lLmpwL2dvbGQvYnJhbmRjb3V0dXJlL2xhZGllcy9pbWFnZXMvcG9wdWxhci5qcGciIGJvcmRlcj0iMCI+,44Of44OD44Kt44O85p+E6ZW36LKh5biDIOODqeOCpuODs+ODieOCuOODg+ODlyBNaWNrZXkgRGlzbmV5IOiyoeW4gyDplbfosqHluIMg44GK6LKh5biDIOOCteOCpOODlSDjgZXjgYTjgbUg44Os44OH44Kj44O844K5IOaWsOS9nO+8muODluODqeODs+OCr+ODgeODpeODvOODqw==,QnJhbmRDb3V0dXJl44Os44Kk44Oz44OW44O844OET1VURE9PUuOCouOCpuODiOODieOCouODoeODs+OCuuODrOODh+OCo+ODvOOCuUJFTiBEQVZJU+ODr+ODs+ODlOODvOOCueiyoeW4g+aZguioiOODkOODg+OCsOODquODpeODg+OCr1J1ZSB2aXZpZW5uZUNVQkVT44OE44OK44Ku44OH44Kj44OD44Kt44O844K6SFVOVEVS44Of44OD44Kt44O85p+E6ZW36LKh5biDIOODqeOCpuODs+ODieOCuOODg+ODlyBNaWNrZXkgRGlzbmV5IOiyoeW4gyDplbfosqHluIMg44GK6LKh5biDIOOCteOCpOODlSDjgZXjgYTjgbUg44Os44OH44Kj44O844K5IOaWsOS9nA==,44G/44O844KT44Gq5aSn5aW944GN44Of44OD44Kt44O844Gu44Op44Km44Oz44OJ6ZW36LKh5biD4pmq44K544Kx44OD44OB6aKo44GM44Kt44Ol44O844OI44CC44Of44OD44Kt44O85p+E6ZW36LKh5biDIOODqeOCpuODs+ODieOCuOODg+ODlyBNaWNrZXkgRGlzbmV5IOiyoeW4gyDplbfosqHluIMg44GK6LKh5biDIOOCteOCpOODlSDjgZXjgYTjgbUg44Os44OH44Kj44O844K5IOaWsOS9nA==[rn]
39-76435,aHR0cDovL3RzaG9wLnIxMHMuanAvYnJhbmRjb3V0dXJlL2NhYmluZXQvZDEwMzMuanBnP2ZpdGluPTcwMDo3MDA=,MjkzNy42MDAw,,44OQ44OD44Kw44O75bCP54mp44O744OW44Op44Oz44OJ6ZuR6LKoID4g6LKh5biD44O744Kx44O844K5ID4g44Os44OH44Kj44O844K56LKh5biD,44Of44OD44Kt44O85p+E6ZW36LKh5biDIOODleODqeODg+ODlyBNaWNrZXkgRGlzbmV5IOiyoeW4gyDplbfosqHluIMg44GK6LKh5biDIOOCteOCpOODlSDjgZXjgYTjgbUg44Os44OH44Kj44O844K5IOaWsOS9nA==,44G/44O844KT44Gq5aSn5aW944GN44Of44OD44Kt44O844Gu44OV44Op44OD44OX6ZW36LKh5biD4pmq44K544Kx44OD44OB6aKo44GM44Kt44Ol44O844OI,PGNlbnRlcj48aWZyYW1lIHNyYz0iaHR0cDovL3d3dy5yYWt1dGVuLm5lLmpwL2dvbGQvYnJhbmRjb3V0dXJlL2NhdGVnb3J5LzIwMTQwODMxc3VwZXJzYWxlNzAwbWF0b21lLmh0bWwiIHdpZHRoPSI3MzAiIGhlaWdodD0iMTIwMCIgc2Nyb2xsaW5nPSJubyIgZnJhbWVib3JkZXI9IjAiIGJvcmRlcj0iMCIgbmFtZT0iaWZyYW1lMSI+PC9pZnJhbWU+PC9jZW50ZXI+PGRpdiBhbGlnbj0iY2VudGVyIj48aW1nIHNyYz0iaHR0cDovL2ltYWdlLnJha3V0ZW4uY28uanAvYnJhbmRjb3V0dXJlL2NhYmluZXQvbGFkaWVzd2FsZXQvZDEwMzNfMy5qcGciIC8+PGJyPgo8YnI+PGJyPgo8aW1nIHNyYz0iaHR0cDovL2ltYWdlLnJha3V0ZW4uY28uanAvYnJhbmRjb3V0dXJlL2NhYmluZXQvbGFkaWVzd2FsZXQvZDEwMzNfMS5qcGciPjxicj4KPGJyPjxicj4KPGltZyBzcmM9Imh0dHA6Ly9pbWFnZS5yYWt1dGVuLmNvLmpwL2JyYW5kY291dHVyZS9jYWJpbmV0L2xhZGllc3dhbGV0L2QxMDMzXzQuanBnIj48YnI+Cjxicj48YnI+CjxpbWcgc3JjPSJodHRwOi8vaW1hZ2UucmFrdXRlbi5jby5qcC9icmFuZGNvdXR1cmUvY2FiaW5ldC9sYWRpZXN3YWxldC9kMTAzM18yLmpwZyI+PGJyPgo8YnI+PGJyPgo8aW1nIHNyYz0iaHR0cDovL2ltYWdlLnJha3V0ZW4uY28uanAvYnJhbmRjb3V0dXJlL2NhYmluZXQvZDEwMzMuanBnIj48YnI+Cjxicj48YnI+PGJyPgo8L2Rpdj4KPGRpdiBhbGlnbj0iY2VudGVyIj4KICA8dGFibGUgYm9yZGVyPSIwIiB3aWR0aD0iNzAwIiBjZWxsc3BhY2luZz0iMSIgYmdjb2xvcj0iIzY2NjY2NiIgY2VsbHBhZGRpbmc9IjEiIGFsaWduPSJjZW50ZXIiPgogICAgPHRyPgogICAgICA8dGQgYmdjb2xvcj0iIzAwMDAwMCIgYWxpZ249ImNlbnRlciI+PGI+PGZvbnQgc2l6ZT0iLTEiIGNvbG9yPSIjZmZmZmZmIj5EZXRhaWw8L2ZvbnQ+PC9iPjwvdGQ+CiAgICA8L3RyPgogICAgPHRyPgogICAgICA8dGQgYmdjb2xvcj0iI2ZmZmZmZiIgYWxpZ249ImxlZnQiIHN0eWxlPSJwYWRkaW5nOjE1cHg7Ij48Zm9udCBjb2xvcj0iIzAwMDAwMCIgc2l6ZT0iMiI+CuOAgOOAgOOAgOOAgDxicj4K44CQ5Z6L55Wq44CR77yaZDEwMzPjgIA8YnI+CuOAkOOCteOCpOOCuuOAkTE5w5czw5cyY23jgIA8YnI+CuOAkOe0oOadkOOAke+8miDlkIjnmq7jgIA8YnI+CuOAkOS7leanmOOAke+8miDjgqvjg7zjg4nlhaXjgozDlzjjg7vjg5Xjg6rjg7zjg53jgrHjg4Pjg4jDlzLjg7vjg5XjgqHjgrnjg4rjg7zku5jjgY3lsI/piq3lhaXjgowo77yS5a6k5qeL6YCgKcOXMeODu+OBiuacreWFpeOCjMOXMeODuwrjgIDjgIDjgIDjgIA8YnI+CuOAkOOCs+ODoeODs+ODiOOAke+8muOCreODpeODvOODiOOBquODn+ODg+OCreODvOOBruODqeODleODh+ODg+OCteODs+ODl+ODquODs+ODiOOBjOWPr+aEm+OBhOmVt+iyoeW4g++8gTxicj4K55SY44GZ44GO44Gq44GE44OW44Op44OD44Kv77yG44Ob44Ov44Kk44OI44Gn44CB44OH44Kj44K644OL44O85aW944GN44Gq44KJ44Gp44KT44Gq5bm05Luj44Gu5pa544Gn44KC5L2/44GI44KL44Gu44GM5ayJ44GX44GE77yBPGJyPuWkp+WuuemHj++8hui7vemHj+OBquOBruOCgumtheWKm+OBp+OBmeOAggogICAgICAgIDxicj4KICAgICAgICDjgJDjgZTkvb/nlKjkuIrjga7ms6jmhI/jgJE8YnI+CiAgICAgICAg4peO55u05bCE5pel5YWJ44KEMO+9njUw4oSD5Lul5aSW44Gu5rip5bqm44Gr44Gq44KL5aC05omA44Gv44GK6YG/44GR5LiL44GV44GE44CCPGJyPgogICAgICAgIOKXjuS9k+izquOBq+OCiOOCiuOBiuiCjOOBq+WQiOOCj+OBquOBhOWgtOWQiOOBr+OBmeOBkOOBq+OBlOS9v+eUqOOCkuOBiuOChOOCgeS4i+OBleOBhOOAgjxicj4KICAgICAgICDil47luorjgavokL3jgajjgZnjgarjganjgIHmv4DjgZfjgYTjgrfjg6fjg4Pjgq/jgpLkuI7jgYjjgarjgYTjgafkuIvjgZXjgYTjgII8YnI+CiAgICAgICAg4peO55Sf55Sj44Gu6YGO56iL5LiK44CB5aSa5bCR44Gu6Kqk5beu44GM44GC44KL5aC05ZCI44GM44GU44GW44GE44G+44GZ44GM44GU5LqG5om/44GP44Gg44GV44GE44CCPGJyPgogICAgICAgIDwvZm9udD48L3RkPgogICAgPC90cj4KICA8L3RhYmxlPgo8L2Rpdj48YnI+PGEgaHJlZj0iaHR0cHM6Ly9teS5ib29rbWFyay5yYWt1dGVuLmNvLmpwLz9mdW5jPXJlZyZhbXA7c3ZpZD0xMDEmYW1wO3Nob3BfYmlkPTI0ODQxOCZhbXA7aWlkPTEwMDA3MzEzJmFtcDtpdHlwZT0xIj48aW1nIHNyYz0iaHR0cDovL2ltYWdlLnJha3V0ZW4uY28uanAvYnJhbmRjb3V0dXJlL2NhYmluZXQvYm9va21hcmsuanBnIj48L2E+PGJyPjxicj48IS0tIOOCquOCueOCueODoeOCouOCpOODhuODoOOBi+OCiTXjg5Djg4rjg7zilrwgLS0+Cjx0YWJsZSB3aWR0aD0iNzgwIiBib3JkZXI9IjAiIGNlbGxwYWRkaW5nPSI1IiBjZWxsc3BhY2luZz0iMCI+CiAgPHRyPgogICAgPHRkIHdpZHRoPSI0NzAiIHJvd3NwYW49IjUiPjwvdGQ+CiAgICA8dGQgd2lkdGg9IjI5MCIgYWxpZ249ImNlbnRlciI+PGltZyBzcmM9Imh0dHA6Ly90aHVtYm5haWwuaW1hZ2UucmFrdXRlbi5jby5qcC9AMF9tYWxsL2JyYW5kY291dHVyZS9jYWJpbmV0L2Jhbm5lci9vZDEyNDM5Mjg5LTEwMzYuanBnP19leD0yNzB4MjcwJnM9MiZyPTEiIGJvcmRlcj0iMCI+PGJyPgogICAgPGZvbnQgc2l6ZT0iMSI+5a2Q5L6b44Gr5oyB44Gf44Gb44Gf44GE44Oq44Ol44OD44KvTm8x44GuT1VURE9PUuafhOODquODpeODg+OCrzwvZm9udD48L3RkPgogIDwvdHI+CiAgPHRyPgogICAgPHRkIGFsaWduPSJjZW50ZXIiPjxpbWcgc3JjPSJodHRwOi8vdGh1bWJuYWlsLmltYWdlLnJha3V0ZW4uY28uanAvQDBfbWFsbC9icmFuZGNvdXR1cmUvY2FiaW5ldC9iYW5uZXIvY2ItMTMxNi0xMDM2LmpwZz9fZXg9MjcweDI3MCZzPTImcj0xIiBib3JkZXI9IjAiPjxicj4KICAgIDxmb250IHNpemU9IjEiPu+8o++8te+8ou+8pe+8s+OBruaWsOS9nOODquODpeODg+OCr+OBjOe2muOAheWFpeiNt+OBp+OBmeOAgjwvZm9udD48L3RkPgogIDwvdHI+CiAgPHRyPgogICAgPHRkIGFsaWduPSJjZW50ZXIiPjxpbWcgc3JjPSJodHRwOi8vdGh1bWJuYWlsLmltYWdlLnJha3V0ZW4uY28uanAvQDBfbWFsbC9icmFuZGNvdXR1cmUvY2FiaW5ldC9iYW5uZXIvY2ItMTMxOC0xMDM2LTUwMC5qcGc/X2V4PTI3MHgyNzAmcz0yJnI9MSIgYm9yZGVyPSIwIj48YnI+CiAgICA8Zm9udCBzaXplPSIxIj5IRUFMVEhLTklUw5dDVUJFU+OBruOCs+ODqeODnOODquODpeODg+OCr++8gTwvZm9udD48L3RkPgogIDwvdHI+CiAgPHRyPgogICAgPHRkIGFsaWduPSJjZW50ZXIiPjxpbWcgc3JjPSJodHRwOi8vdGh1bWJuYWlsLmltYWdlLnJha3V0ZW4uY28uanAvQDBfbWFsbC9icmFuZGNvdXR1cmUvY2FiaW5ldC9iYW5uZXIvcnYtMTE0My1naW5nZXIxMDM2LmpwZz9fZXg9MjcweDI3MCZzPTImcj0xIiBib3JkZXI9IjAiPjxicj4KICAgIDxmb250IHNpemU9IjEiPu+8p++8qe+8ru+8p++8pe+8suOBruOCs+ODqeODnOmWi+mBi+iyoeW4g+eJuembhu+8gTwvZm9udD48L3RkPgogIDwvdHI+CiAgPHRyPgogICAgPHRkIGFsaWduPSJjZW50ZXIiPjxpbWcgc3JjPSJodHRwOi8vdGh1bWJuYWlsLmltYWdlLnJha3V0ZW4uY28uanAvQDBfbWFsbC9icmFuZGNvdXR1cmUvY2FiaW5ldC9iYW5uZXIvYXYtODAwOC0xMDM2LmpwZz9fZXg9MjcweDI3MCZzPTImcj0xIiBib3JkZXI9IjAiPjxicj4KICAgIDxmb250IHNpemU9IjEiPumAgeaWmeeEoeaWmTIwMDDlhobjg6rjg6Xjg4Pjgq/vvIE8L2ZvbnQ+PC90ZD4KICA8L3RyPiAgCjwvdGFibGU+CjwhLS0g44Kq44K544K544Oh44Ki44Kk44OG44Og44GL44KJNeODkOODiuODvOKWsiAtLT4KCgo8YnI+CgoKCgo8YnI+Cgo8aW1nIHNyYz0iaHR0cDovL3d3dy5yYWt1dGVuLm5lLmpwL2dvbGQvYnJhbmRjb3V0dXJlL2xhZGllcy9pbWFnZXMvcG9wdWxhci5qcGciIGJvcmRlcj0iMCI+,44Of44OD44Kt44O85p+E6ZW36LKh5biDIOODleODqeODg+ODlyBNaWNrZXkgRGlzbmV5IOiyoeW4gyDplbfosqHluIMg44GK6LKh5biDIOOCteOCpOODlSDjgZXjgYTjgbUg44Os44OH44Kj44O844K5IOaWsOS9nO+8muODluODqeODs+OCr+ODgeODpeODvOODqw==,QnJhbmRDb3V0dXJl44Os44Kk44Oz44OW44O844OET1VURE9PUuOCouOCpuODiOODieOCouODoeODs+OCuuODrOODh+OCo+ODvOOCuUJFTiBEQVZJU+ODr+ODs+ODlOODvOOCueiyoeW4g+aZguioiOODkOODg+OCsOODquODpeODg+OCr1J1ZSB2aXZpZW5uZUNVQkVT44OE44OK44Ku44OH44Kj44OD44Kt44O844K6SFVOVEVS44Of44OD44Kt44O85p+E6ZW36LKh5biDIOODleODqeODg+ODlyBNaWNrZXkgRGlzbmV5IOiyoeW4gyDplbfosqHluIMg44GK6LKh5biDIOOCteOCpOODlSDjgZXjgYTjgbUg44Os44OH44Kj44O844K5IOaWsOS9nA==,44G/44O844KT44Gq5aSn5aW944GN44Of44OD44Kt44O844Gu44OV44Op44OD44OX6ZW36LKh5biD4pmq44K544Kx44OD44OB6aKo44GM44Kt44Ol44O844OI44CC44Of44OD44Kt44O85p+E6ZW36LKh5biDIOODleODqeODg+ODlyBNaWNrZXkgRGlzbmV5IOiyoeW4gyDplbfosqHluIMg44GK6LKh5biDIOOCteOCpOODlSDjgZXjgYTjgbUg44Os44OH44Kj44O844K5IOaWsOS9nA==[rn]
39-76436,aHR0cDovL3RzaG9wLnIxMHMuanAvbGFtYXJlZS9jYWJpbmV0L3Nob2hpbi9zaS0wMDEvc2ktMDAxXzAxLmpwZz9maXRpbj03MDA6NzAw,MzQzOS4yMDAw,,44OQ44OD44Kw44O75bCP54mp44O744OW44Op44Oz44OJ6ZuR6LKoID4g6LKh5biD44O744Kx44O844K5ID4g44Os44OH44Kj44O844K56LKh5biD,4piF5paw6Imy6L+95Yqg4piF44GM44G+5Y+jIOOCrOODnuWPoyDpnakg6LKh5biDIOOAkOalveOCruODlV/ljIXoo4XjgJHjgJDjg6zjgrbjg7wg5aWz5oCn55So6LKh5biDIOS6uuawlyDjg5bjg6njg7Pjg4njgJHjgJDlsI/piq3lhaXjgowg44GM44G+44GQ44Gh44CR44CQ44Kz44Kk44Oz44Kx44O844K5IOOBleOBhOOBtSDjgrXjgqTjg5Ug44CR44OX44Os44K844Oz44OIIOOCruODleODiCDjgYzjgb7lj6Mg54mb6Z2pIOOCrOODnuWPoyDosqHluIMg44Os44OH44Kj44O844K5IOavjeOBruaXpSDmlazogIHjga7ml6Ug44Ku44OV44OIIOOAkGZlbGHjgJFzc2xh,44Os44OH44Kj44O844K544CA44GM44G+5Y+jIOiyoeW4gyDjgrXjgqTjg5UgbGFkaWVzIOODrOODh+OCo+OCuQ==,44GM44G+5Y+j6LKh5biDIOavjeOBruaXpSDjg6zjg4fjgqPjg7zjgrkg44Ku44OV44OIPGJyPgoKPCEtLeKWveWJiumZpOOBl+OBquOBhOS6iy0tPgo8L3NwYW4+CjwvdGQ+PC90cj48L3Rib2R5PjwvdGFibGU+PC90ZD48L3RyPjwvdGJvZHk+PC90YWJsZT48L3RkPjwvdHI+PC90Ym9keT48L3RhYmxlPgo8L3RhYmxlPjwvdGFibGU+PC90YWJsZT48L3RhYmxlPgo8IS0t4paz5YmK6Zmk44GX44Gq44GE5LqLLS0+Cgo8ZGl2IGlkPSJjb250ZW50cyI+CjxkaXYgaWQ9Im1haWxsZSI+CjwhLS3jgrPjg7Pjg4bjg7Pjg4QtLT4KPGRpdiBjbGFzcz0iIiBzdHlsZT0id2lkdGg6MTAwJTsgaGVpZ2h0OmF1dG87IHRleHQtYWxpZ246Y2VudGVyOyI+CjxwPjxpbWcgc3JjPSJodHRwOi8vaW1hZ2UucmFrdXRlbi5jby5qcC9sYW1hcmVlL2NhYmluZXQvc2hvaGluL3NpLTAwMS9pbWdfZnVsbDAxLmpwZz80IiBhbHQ9IiIgd2lkdGg9IjEwMCUiIGJvcmRlcj0iMCI+PC9wPgo8cD48aW1nIHNyYz0iaHR0cDovL2ltYWdlLnJha3V0ZW4uY28uanAvbGFtYXJlZS9jYWJpbmV0L3Nob2hpbi9zaS0wMDEvaW1nX2Z1bGwwMi5naWYiIGFsdD0iIiBib3JkZXI9IjAiPjwvcD4KPHA+PGltZyBzcmM9Imh0dHA6Ly9pbWFnZS5yYWt1dGVuLmNvLmpwL2xhbWFyZWUvY2FiaW5ldC9zaG9oaW4vc2ktMDAxL2ltZ19mdWxsMzEuanBnIiBhbHQ9IiIgd2lkdGg9IjEwMCUiIGJvcmRlcj0iMCI+PC9wPjxicj48YnI+PGJyPjxicj4KPHA+PGltZyBzcmM9Imh0dHA6Ly9pbWFnZS5yYWt1dGVuLmNvLmpwL2xhbWFyZWUvY2FiaW5ldC9zaG9oaW4vc2ktMDAxL2ltZ19mdWxsMzIuanBnIiBhbHQ9IiIgd2lkdGg9IjEwMCUiIGJvcmRlcj0iMCI+PC9wPjxicj48YnI+PGJyPjxicj4KPHA+PGltZyBzcmM9Imh0dHA6Ly9pbWFnZS5yYWt1dGVuLmNvLmpwL2xhbWFyZWUvY2FiaW5ldC9zaG9oaW4vc2ktMDAxL2ltZ19mdWxsMzMuanBnIiBhbHQ9IiIgd2lkdGg9IjEwMCUiIGJvcmRlcj0iMCI+PC9wPjxicj48YnI+PGJyPjxicj4KPHA+PGltZyBzcmM9Imh0dHA6Ly9pbWFnZS5yYWt1dGVuLmNvLmpwL2xhbWFyZWUvY2FiaW5ldC9zaG9oaW4vc2ktMDAxL2ltZ19mdWxsMzQuanBnIiBhbHQ9IiIgd2lkdGg9IjEwMCUiIGJvcmRlcj0iMCI+PC9wPjxicj48YnI+PGJyPjxicj4KPHA+PGltZyBzcmM9Imh0dHA6Ly9pbWFnZS5yYWt1dGVuLmNvLmpwL2xhbWFyZWUvY2FiaW5ldC9zaG9oaW4vc2ktMDAxL2ltZ19mdWxsMjkuanBnIiBhbHQ9IiIgd2lkdGg9IjEwMCUiIGJvcmRlcj0iMCI+PC9wPjxicj48YnI+PGJyPjxicj4KPHA+PGltZyBzcmM9Imh0dHA6Ly9pbWFnZS5yYWt1dGVuLmNvLmpwL2xhbWFyZWUvY2FiaW5ldC9zaG9oaW4vc2ktMDAxL2ltZ19mdWxsMjYuanBnIiBhbHQ9IiIgd2lkdGg9IjEwMCUiIGJvcmRlcj0iMCI+PC9wPjxicj48YnI+PGJyPjxicj4KPHA+PGltZyBzcmM9Imh0dHA6Ly9pbWFnZS5yYWt1dGVuLmNvLmpwL2xhbWFyZWUvY2FiaW5ldC9zaG9oaW4vc2ktMDAxL2ltZ19mdWxsMjcuanBnIiBhbHQ9IiIgd2lkdGg9IjEwMCUiIGJvcmRlcj0iMCI+PC9wPjxicj48YnI+PGJyPjxicj4KCgoKCjxicj48YnI+PGJyPgoKCgoKPGJyPgoKPGRpdiBjbGFzcz0icG9pbnQgcG9pbnRfZyBjbGVhcmZpeCBtMTAiPgo8ZGl2IGNsYXNzPSJsZWZ0Ij4KPGltZyBzcmM9Imh0dHA6Ly93d3cucmFrdXRlbi5uZS5qcC9nb2xkL2xhbWFyZWUvaW1nL2ltZy1zX2Zfd2FsbGV0L2ltZzUuanBnIiB3aWR0aD0iMjY1IiBoZWlnaHQ9IjE5NSIgYWx0PSLjgqzjg57lj6PosqHluIPoqbPntLAiIC8+CjxwPjEu44Kz44Ot44Oz44Go44GX44Gf44Ks44Oe5Y+j6LKh5biD44GM44GT44Gu5Y+O6IO95Yqb44CCPGJyIC8+57Ch5Y2Y44Gq44GK44Gn44GL44GR44Gu5pmC44CB44Go44Gm44KC5L6/5Yip4pmqPC9wPgo8L2Rpdj4KPGRpdiBjbGFzcz0icmlnaHQiPgo8aW1nIHNyYz0iaHR0cDovL3d3dy5yYWt1dGVuLm5lLmpwL2dvbGQvbGFtYXJlZS9pbWcvaW1nLXNfZl93YWxsZXQvaW1nNi5qcGciIHdpZHRoPSIyNjUiIGhlaWdodD0iMTk1IiBhbHQ9IuOCrOODnuWPo+iyoeW4g+ips+e0sCIgLz4KPHA+Mi7lhoXlgbTjgavjgoLjgqzjg57lj6PjgYzmnInjgorjgIHlsI/piq3jga7lj47og73lipvjgoLjg5Djg4TjgrDjg7PvvIE8L3A+CjwvZGl2Pgo8L2Rpdj4KCjxkaXYgY2xhc3M9InBvaW50IHBvaW50X2cgY2xlYXJmaXgiPgo8ZGl2IGNsYXNzPSJsZWZ0Ij4KPGltZyBzcmM9Imh0dHA6Ly93d3cucmFrdXRlbi5uZS5qcC9nb2xkL2xhbWFyZWUvaW1nL2ltZy1zX2Zfd2FsbGV0L2ltZzcuanBnIiB3aWR0aD0iMjY1IiBoZWlnaHQ9IjE5NSIgYWx0PSLjgqzjg57lj6PosqHluIPoqbPntLAiIC8+CjxwPjMu44Kr44O844OJ44KC5YWl44KL44GZ44GQ44KM44KC44Gu44CC44Kr44O844OJ44Ob44Or44OA44O844GM77yT5a6k44Gk44GE44Gm44GE44G+44GZ44CCPC9wPgo8L2Rpdj4KPGRpdiBjbGFzcz0icmlnaHQiPgo8aW1nIHNyYz0iaHR0cDovL3d3dy5yYWt1dGVuLm5lLmpwL2dvbGQvbGFtYXJlZS9pbWcvaW1nLXNfZl93YWxsZXQvaW1nOC5qcGciIHdpZHRoPSIyNjUiIGhlaWdodD0iMTk1IiBhbHQ9IuOCrOODnuWPo+iyoeW4g+ips+e0sCIgLz4KPHA+NC7lpJblgbTjgavjg5vjg4Pjgq/lvI/jga7jg53jgrHjg4Pjg4jjgYzmnInjgovjga7jgafjgIHjg6zjgrfjg7zjg4jjgoTliIfnrKbjgpLlhaXjgozjgonjgozjgb7jgZnjgII8L3A+CjwvZGl2Pgo8L2Rpdj4KPGJyIC8+CjxiciAvPgoKPGgyIGNsYXNzPSJtNzAiPjxpbWcgc3JjPSJodHRwOi8vd3d3LnJha3V0ZW4ubmUuanAvZ29sZC9sYW1hcmVlL2ltZy9pbWctc19mX3dhbGxldC9hYm91dC5naWYiIGFsdD0i44K344Ot44OD44OX44Gr44Gk44GE44GmIiB3aWR0aD0iNTk2IiAvPjwvaDI+PGJyPjxicj48YnI+PGJyPgo8cD48aW1nIHNyYz0iaHR0cDovL2ltYWdlLnJha3V0ZW4uY28uanAvbGFtYXJlZS9jYWJpbmV0L3Nob2hpbi9zaS0wMDEvaW1nX2Z1bGwxOC5qcGciIGFsdD0iIiB3aWR0aD0iMTAwJSIgYm9yZGVyPSIwIj48L3A+PGJyPjxicj48YnI+CjxwPjxpbWcgc3JjPSJodHRwOi8vaW1hZ2UucmFrdXRlbi5jby5qcC9sYW1hcmVlL2NhYmluZXQvc2hvaGluL3NpLTAwMS9pbWdfZnVsbDI4LmpwZyIgYWx0PSIiIHdpZHRoPSIxMDAlIiBib3JkZXI9IjAiPjwvcD48YnI+PGJyPjxicj48YnI+CjxwPjxpbWcgc3JjPSJodHRwOi8vaW1hZ2UucmFrdXRlbi5jby5qcC9sYW1hcmVlL2NhYmluZXQvc2hvaGluL3NpLTAwMS9pbWdfZnVsbDE3LmpwZyIgYWx0PSIiIHdpZHRoPSIxMDAlIiBib3JkZXI9IjAiPjwvcD48YnI+PGJyPjxicj48YnI+CgoKCgoKPGgyIGNsYXNzPSJtNzAiPjxpbWcgc3JjPSJodHRwOi8vd3d3LnJha3V0ZW4ubmUuanAvZ29sZC9sYW1hcmVlL2ltZy9pbWctc19jb21tb24vY29tbW9uMi5naWYiIGFsdD0iIiB3aWR0aD0iNjEwIiBoZWlnaHQ9IjM4IiAvPjwvaDI+CjxkaXYgY2xhc3M9ImltZ2NlbnRlciBtMjAiPjxpbWcgc3JjPSJodHRwOi8vaW1hZ2UucmFrdXRlbi5jby5qcC9sYW1hcmVlL2NhYmluZXQvc2hvaGluL3NpLTAwMS9pbWdfOS5qcGc/MSIgYWx0PSLjgqzjg57lj6PosqHluIPjgrXjgqTjgroiIHdpZHRoPSI1MDAiIGhlaWdodD0iMzUxIiAvPjwvZGl2Pgo8ZGl2IGNsYXNzPSJkZXRhaWxfY291cCI+CjxpbWcgc3JjPSJodHRwOi8vd3d3LnJha3V0ZW4ubmUuanAvZ29sZC9sYW1hcmVlL2ltZy9pbWctc19jb21tb24vY29tbW9uMy5naWYiIGFsdD0i44Ks44Oe5Y+j6LKh5biDIOWVhuWTgeips+e0sCIgd2lkdGg9IjUxOSIgaGVpZ2h0PSIyNCIgLz4KPGRsIGNsYXNzPSJib3JkZXIiPgo8ZHQ+57Sg5p2QPC9kdD4KPGRkPuihqO+8mueJm+mdqeOAgOOAgOijj++8muW4huW4gzwvZGQ+CjwvZGw+CjxkbCBjbGFzcz0iYm9yZGVyIj4KPGR0PuOCteOCpOOCujwvZHQ+CjxkZD7jgr/jg4bvvJoxMGNt44CA44Oo44Kz77yaMTRjbeOAgOODnuODge+8mjNjbTwvZGQ+CjwvZGw+CjxkbCBjbGFzcz0iYm9yZGVyIj4KPGR0PumHjeOBlTwvZHQ+CjxkZD7ntIQxMjBnPC9kZD4KPC9kbD4KPGRsPgo8ZHQ+5LuV5qeYPC9kdD4KPGRkPuacreWFpeOCjO+8mjLjgIDvvIjigLvntJnluaPjgpLmipjjgorjgZ/jgZ/jgpPjgaflhaXjgozjgovloLTlkIjvvIk8YnIgLz4K5bCP6Yqt5YWl44KM77yaMeOAgOOCq+ODvOODieWFpeOCjO+8mjPjgIDjg53jgrHjg4Pjg4jvvJoxPC9kZD4KPC9kbD4KPGltZyBzcmM9Imh0dHA6Ly93d3cucmFrdXRlbi5uZS5qcC9nb2xkL2xhbWFyZWUvaW1nL2ltZy1zX2NvbW1vbi9jb21tb242LmdpZiIgYWx0PSLnvavnt5oiIHdpZHRoPSI1MTkiIGhlaWdodD0iNCIgLz48L2Rpdj4KPGgyIGNsYXNzPSJtNzAiPjxpbWcgc3JjPSJodHRwOi8vd3d3LnJha3V0ZW4ubmUuanAvZ29sZC9sYW1hcmVlL2ltZy9pbWctc19jb21tb24vY29tbW9uNy5naWYiIGFsdD0iIiB3aWR0aD0iNTk2IiBoZWlnaHQ9IjQ4IiAvPjwvaDI+CjxwPjxpbWcgc3JjPSJodHRwOi8vaW1hZ2UucmFrdXRlbi5jby5qcC9sYW1hcmVlL2NhYmluZXQvc2hvaGluL3NpLTAwMS9jb2xvcl8wMS5qcGc/NyIgYWx0PSIiIGJvcmRlcj0iMCI+PC9wPgo8cD48aW1nIHNyYz0iaHR0cDovL2ltYWdlLnJha3V0ZW4uY28uanAvbGFtYXJlZS9jYWJpbmV0L3Nob2hpbi9zaS0wMDEvY29sb3JfMDIuanBnPzgiIGFsdD0iIiBib3JkZXI9IjAiPjwvcD4KCgo8ZGl2IGNsYXNzPSJpbWdjZW50ZXIgbTEwMCBjbGVhciI+PGltZyBzcmM9Imh0dHA6Ly93d3cucmFrdXRlbi5uZS5qcC9nb2xkL2xhbWFyZWUvaW1nL2ltZy1jb21tb24vY2F1dGlvbi5qcGciIGFsdD0i44GT44Gu6KO95ZOB44Gv44CB5aSp54S255qu6Z2p44KS5L2/55So44GX44Gm44GE44G+44GZ44CC44Gd44Gu44Gf44KB44CB6Z2p44Gu6KGo6Z2i44Gr44Kt44K644Gu44KI44GG44Gq562L54q244Gu5qih5qeY44KE6Imy44Og44Op44GM6KaL44KJ44KM44KL5aC05ZCI44GM44GC44KK44G+44GZ44CC44GT44KM44Gv5pys6Z2p44Gn44GC44KL6Ki85oug44Gn44GC44KK44CB44Gd44Gu54us54m544Gu6aKo5ZCI44GE44GM5ZGz44KP44GE44Gr44Gq44Gj44Gm44GE44G+44GZ44CC5pys54mp44Gu6Z2p44Gu5ZGz44KP44GE44KS44Gc44Gy44GK5qW944GX44G/44GP44Gg44GV44GE44CCIiB3aWR0aD0iNTk4IiBoZWlnaHQ9Ijk4IiAvPjwvZGl2Pgo8ZGl2IGNsYXNzPSJpbWdjZW50ZXIgbTQwIj48YSBocmVmPSJodHRwOi8vd3d3LnJha3V0ZW4ubmUuanAvZ29sZC9sYW1hcmVlL3Byb2Nlc3MuaHRtIj48aW1nIHNyYz0iaHR0cDovL3d3dy5yYWt1dGVuLm5lLmpwL2dvbGQvbGFtYXJlZS9pbWcvaW1nLWNvbW1vbi9vcmlnaW5hbC5qcGciIGFsdD0i44Op44O744Oe44O844Os6Z2p6KO95ZOB44Gv44Kq44Oq44K444OK44OrIiBib3JkZXI9IjAiIC8+PC9hPjwvZGl2Pgo8ZGl2IGNsYXNzPSJlY29ib3giPgo8aW1nIHNyYz0iaHR0cDovL3d3dy5yYWt1dGVuLm5lLmpwL2dvbGQvbGFtYXJlZS9pbWcvaW1nLWNvbW1vbi9lY29ib3guZ2lmIiBhbHQ9IuOCqOOCs+eusSIgd2lkdGg9IjU4MSIgaGVpZ2h0PSI2NzgiIC8+CjwvZGl2PgoKCgoKPCEtLTxkaXYgY2xhc3M9ImxpbmV1cCBjbGVhcmZpeCI+CjxkaXYgY2xhc3M9ImxlZnQiPjxpbWcgc3JjPSJodHRwOi8vaW1hZ2UucmFrdXRlbi5jby5qcC9sYW1hcmVlL2NhYmluZXQvc2hvaGluL3NpLTAwMS9pbWcxNDEtMi5qcGciIHdpZHRoPSIyODAiIGhlaWdodD0iMjcwIiBhbHQ9IuOCr+ODreOCs+ODlOODs+OCryIgLz48L2Rpdj4KPGRpdiBjbGFzcz0icmlnaHQiPjxpbWcgc3JjPSJodHRwOi8vaW1hZ2UucmFrdXRlbi5jby5qcC9sYW1hcmVlL2NhYmluZXQvc2hvaGluL3NpLTAwMS9pbWcxNDAtMi5qcGciIHdpZHRoPSIyODAiIGhlaWdodD0iMjcwIiBhbHQ9IuODjeOCpOODk+ODvO+8iOODnOODq+ODnOiqv++8iSIgLz48L2Rpdj4KPC9kaXY+CjxkaXYgY2xhc3M9ImxpbmV1cCBjbGVhcmZpeCI+CjxkaXYgY2xhc3M9ImxlZnQiPjxpbWcgc3JjPSJodHRwOi8vaW1hZ2UucmFrdXRlbi5jby5qcC9sYW1hcmVlL2NhYmluZXQvc2hvaGluL3NpLTAwMS9pbWc5OC5qcGciIHdpZHRoPSIyODAiIGhlaWdodD0iMjcwIiBhbHQ9IuOCpOOCqOODreODvO+8iOODnOODq+ODnOiqv++8iSIgLz48L3NwYW4+PC9kaXY+CjxkaXYgY2xhc3M9InJpZ2h0Ij48aW1nIHNyYz0iaHR0cDovL2ltYWdlLnJha3V0ZW4uY28uanAvbGFtYXJlZS9jYWJpbmV0L3Nob2hpbi9zaS0wMDEvaW1nMTI0LmpwZyIgd2lkdGg9IjI4MCIgaGVpZ2h0PSIyNzAiIGFsdD0i6Iqx77yI44OZ44O844K444Ol77yJIiAvPjwvc3Bhbj48L2Rpdj4KCjwvZGl2Pgo8ZGl2IGNsYXNzPSJsaW5ldXAgY2xlYXJmaXgiPgo8ZGl2IGNsYXNzPSJsZWZ0Ij48aW1nIHNyYz0iaHR0cDovL2ltYWdlLnJha3V0ZW4uY28uanAvbGFtYXJlZS9jYWJpbmV0L3Nob2hpbi9zaS0wMDEvaW1nMTQzLmpwZyIgd2lkdGg9IjI4MCIgaGVpZ2h0PSIyNzAiIGFsdD0i44OZ44O844K444Ol44OW44Op44Km44OzIiAvPjwvZGl2Pgo8ZGl2IGNsYXNzPSJyaWdodCI+PGltZyBzcmM9Imh0dHA6Ly9pbWFnZS5yYWt1dGVuLmNvLmpwL2xhbWFyZWUvY2FiaW5ldC9zaG9oaW4vc2ktMDAxL2ltZzE0NC5qcGciIHdpZHRoPSIyODAiIGhlaWdodD0iMjcwIiBhbHQ9IuiKse+8iOODm+ODr+OCpOODiO+8iSIgLz48L2Rpdj4KPC9kaXY+CjxkaXYgY2xhc3M9ImxpbmV1cCBjbGVhcmZpeCI+CjxkaXYgY2xhc3M9ImxlZnQiPjxpbWcgc3JjPSJodHRwOi8vaW1hZ2UucmFrdXRlbi5jby5qcC9sYW1hcmVlL2NhYmluZXQvc2hvaGluL3NpLTAwMS9pbWcxNDUuanBnIiB3aWR0aD0iMjgwIiBoZWlnaHQ9IjI3MCIgYWx0PSLjgq/jg63jgrPjg5Hjg7zjg6siIC8+PC9kaXY+CjxkaXYgY2xhc3M9InJpZ2h0Ij48aW1nIHNyYz0iaHR0cDovL2ltYWdlLnJha3V0ZW4uY28uanAvbGFtYXJlZS9jYWJpbmV0L3Nob2hpbi9zaS0wMDEvaW1nMTQ2LmpwZyIgd2lkdGg9IjI4MCIgaGVpZ2h0PSIyNzAiIGFsdD0i44Kv44Ot44Kz44OZ44O844K444OlIiAvPjwvZGl2Pgo8L2Rpdj4KCjxkaXYgY2xhc3M9ImxpbmV1cCBjbGVhcmZpeCI+CjxkaXYgY2xhc3M9ImxlZnQiPjxpbWcgc3JjPSJodHRwOi8vaW1hZ2UucmFrdXRlbi5jby5qcC9sYW1hcmVlL2NhYmluZXQvc2hvaGluL3NpLTAwMS9pbWcxNDkuanBnIiB3aWR0aD0iMjgwIiBoZWlnaHQ9IjI3MCIgYWx0PSLjg5Hjg7zjg6vjg5Tjg7Pjgq/vvIjop5Ljgrfjg5zlnovmirzjgZfvvIkiIC8+PC9kaXY+CjxkaXYgY2xhc3M9InJpZ2h0Ij48aW1nIHNyYz0iaHR0cDovL2ltYWdlLnJha3V0ZW4uY28uanAvbGFtYXJlZS9jYWJpbmV0L3Nob2hpbi9zaS0wMDEvaW1nMTUwLmpwZyIgd2lkdGg9IjI4MCIgaGVpZ2h0PSIyNzAiIGFsdD0i44OH44Kj44O844OX44Kq44Os44Oz44K4IiAvPjwvZGl2Pgo8L2Rpdj4KCjxkaXYgY2xhc3M9ImxpbmV1cCBjbGVhcmZpeCI+CjxkaXYgY2xhc3M9ImxlZnQiPjxpbWcgc3JjPSJodHRwOi8vaW1hZ2UucmFrdXRlbi5jby5qcC9sYW1hcmVlL2NhYmluZXQvc2hvaGluL3NpLTAwMS9pbWcxNTEuanBnIiB3aWR0aD0iMjgwIiBoZWlnaHQ9IjI3MCIgYWx0PSLjgq/jg63jgrPjgqLjgqTjg5zjg6rjg7wiIC8+PC9kaXY+CjxkaXYgY2xhc3M9InJpZ2h0Ij48aW1nIHNyYz0iaHR0cDovL2ltYWdlLnJha3V0ZW4uY28uanAvbGFtYXJlZS9jYWJpbmV0L3Nob2hpbi9zaS0wMDEvaW1nMTUyLmpwZyIgd2lkdGg9IjI4MCIgaGVpZ2h0PSIyNzAiIGFsdD0i44Km44Kp44O844K/44O844OW44Or44O844Kv44Ot44KzIiAvPjwvZGl2Pgo8L2Rpdj4KCjxkaXYgY2xhc3M9ImxpbmV1cCBjbGVhcmZpeCI+CjxkaXYgY2xhc3M9ImxlZnQiPjxpbWcgc3JjPSJodHRwOi8vaW1hZ2UucmFrdXRlbi5jby5qcC9sYW1hcmVlL2NhYmluZXQvc2hvaGluL3NpLTAwMS9pbWcxNTMuanBnIiB3aWR0aD0iMjgwIiBoZWlnaHQ9IjI3MCIgYWx0PSLjg57jg4Pjg4jjg5Tjg7Pjgq8iIC8+PC9kaXY+CjxkaXYgY2xhc3M9InJpZ2h0Ij48aW1nIHNyYz0iaHR0cDovL2ltYWdlLnJha3V0ZW4uY28uanAvbGFtYXJlZS9jYWJpbmV0L3Nob2hpbi9zaS0wMDEvaW1nMTU0LmpwZyIgd2lkdGg9IjI4MCIgaGVpZ2h0PSIyNzAiIGFsdD0i44Kv44Ot44Kz44OU44Oz44KvIiAvPjwvZGl2Pgo8L2Rpdj4KCjxkaXYgY2xhc3M9ImxpbmV1cCBjbGVhcmZpeCI+CjxkaXYgY2xhc3M9ImxlZnQiPjxpbWcgc3JjPSJodHRwOi8vaW1hZ2UucmFrdXRlbi5jby5qcC9sYW1hcmVlL2NhYmluZXQvc2hvaGluL3NpLTAwMS9pbWcxNTUuanBnIiB3aWR0aD0iMjgwIiBoZWlnaHQ9IjI3MCIgYWx0PSLjg4fjgqPjg7zjg5fjg5Tjg7Pjgq/jgq/jg63jgrMiIC8+PC9kaXY+Cgo8ZGl2IGNsYXNzPSJyaWdodCI+PGltZyBzcmM9Imh0dHA6Ly9pbWFnZS5yYWt1dGVuLmNvLmpwL2xhbWFyZWUvY2FiaW5ldC9zaG9oaW4vc2ktMDAxL2ltZzEyMy5qcGciIHdpZHRoPSIyODAiIGhlaWdodD0iMjcwIiBhbHQ9IuOCt+ODq+ODkOODvCIgLz48L2Rpdj4KPC9kaXY+CgotLT4KCgo8IS0tIHdyYXBwaW5nIC0tPgo8aWZyYW1lIHNjcm9sbGluZz0ibm8iIGZyYW1lYm9yZGVyPSIwIiBzcmM9Imh0dHA6Ly93d3cucmFrdXRlbi5uZS5qcC9nb2xkL2xhbWFyZWUvaWYtd3JhcHBpbmcuaHRtbCIgaWQ9ImlmLXdyYXBwaW5nIj48L2lmcmFtZT4KPCEtLSAvIHdyYXBwaW5nIC0tPgo8cD48aW1nIHNyYz0iaHR0cDovL2ltYWdlLnJha3V0ZW4uY28uanAvbGFtYXJlZS9jYWJpbmV0L2NvbW1vbjAxL3JldmlldzAxLmdpZj8xIiAvPjxicj4KPGEgaHJlZj0iaHR0cDovL3Jldmlldy5yYWt1dGVuLmNvLmpwL2hvd3RvL3dyaXRlLyIgdGFyZ2V0PSJfYmxhbmsiPjxpbWcgc3JjPSJodHRwOi8vaW1hZ2UucmFrdXRlbi5jby5qcC9sYW1hcmVlL2NhYmluZXQvY29tbW9uMDEvcmV2aWV3MDIuZ2lmPzEiIC8+PC9hPjwvcD4KPC9kaXY+CjwvZGl2Pgo8L2Rpdj4KCgo8IS0t4pa85YmK6Zmk44GX44Gq44GE5LqLLS0+Cjx0YWJsZSBjZWxsc3BhY2luZz0iMCIgY2VsbHBhZGRpbmc9IjAiPgo8dGFibGUgY2VsbHNwYWNpbmc9IjAiIGNlbGxwYWRkaW5nPSIwIj4KPHRhYmxlIGNlbGxzcGFjaW5nPSIwIiBjZWxscGFkZGluZz0iMCI+Cjx0YWJsZSBjZWxsc3BhY2luZz0iMCIgY2VsbHBhZGRpbmc9IjAiPgo8IS0t4pay5YmK6Zmk44GX44Gq44GE5LqLLS0+Cgo8IS0t44Kz44Oz44OG44Oz44OELS0+PHAgY2xhc3M9ImZvbnQxIj4g44Os44OH44Kj44O844K544CA44Ks44Oe5Y+j77yI44GM44G+44GQ44Gh77yJ5byP44Gu44K144Kk44OV4piGPGJyPuaZruauteS9v+OBhOOBq+aMgeOBoeOChOOBmeOBhOOCq+OCuOODpeOCouODq+OBquOBiuiyoeW4g+OBp+OBmeKZqjxicj48YnI+44GK6KqV55Sf5pel44KE44OX44Os44K844Oz44OI44CB54i244Gu5pel44CB5q+N44Gu5pel44Gr44KC44Kq44K544K544Oh44Gn44GZ4piGPGJyPjxicj7jgqrjg6rjgrjjg4rjg6vjgIDjg5bjg6njg7Pjg4njgafjg6zjgrbjg7zjgrDjg4PjgrrvvIjpnanlsI/nianvvInjgpLlsZXplovjgZnjgovjg6njg57jg7zjg6zjgII8YnI+44Op44Oe44O844Os44CA44Kq44Oq44K444OK44Or6LKh5biD44Go44GX44Gm44GK5bGK44GR44GX44G+44GZ77yBPGJyPuOCruODleODiOOBq+OCguacgOmBqe+8ge+8gTwvcD48YnI+PEZPTlQgc2l6ZT0iMSJjb2xvcj0iI2E5YTlhOSI+POmBjuWOu+OBruaknOe0ouOCreODvOODr+ODvOODiT48YnI+44Oh44Oz44K6IOODrOODh+OCo+ODvOOCuSDjg4fjgrbjgqTjg7Mg5qmf6IO9IOmdqSDjg6zjgrbjg7wg5pys6Z2pIOmdqeijveWTgSDlsI/niakg6LKh5biDIOOCteOCpOODlSDjgZXjgYTjgbUg44Km44Kp44Os44OD44OIIOmVt+iyoeW4gyDkuozjgaTmipjjgorosqHluIMg44Op44Km44Oz44OJ44OV44Kh44K544OK44O8IOOCs+OCpOODs+OCseODvOOCuSDlsI/piq3lhaXjgowg44Oe44ON44O844Kv44Oq44OD44OXIOOCreODvOOCseODvOOCuSDjgq3jg7zjg5vjg6vjg4Djg7wg44OR44K544Kx44O844K5IOWumuacn+WFpeOCjCDlkI3liLrlhaXjgowg44Kr44O844OJ44Kx44O844K5IOODleOCoeODg+OCt+ODp+ODsyDpgJrosqkg44Kr44K444Ol44Ki44OrIOODoeODs+OCuumkqCDpm5Hoqowg44GK44GX44KD44KMIOOCquOCt+ODo+ODrCDmtYHooYwg44K544K/44Kk44OrIOmBuOOBs+aWuSDmr5TovIMg44K544O844OEIOa0i+acjSDjgqvjgrjjg6XjgqLjg6sg44Kz44O844OH44Kj44ON44O844OIIOOBiuOBmeOBmeOCgSDjgqrjgrnjgrnjg6Eg44Kr44K/44Ot44KwIOS6uuawlyDjg6njg7Pjgq3jg7PjgrAg44OW44Op44Oz44OJIOWHuuW8tSDjg4jjg6njg5njg6sg5peF6KGM55SoIOOCouOCpuODiOODieOCoiDou73ph48g6LaF6Lu96YePIOiWhOWeiyDlpJrmqZ/og70g5aSn5a656YePIOmAgeaWmeeEoeaWmSDjg4/jg7Pjg4njg6HjgqTjg4kg5omL5L2c44KKIOWbveeUoyDml6XmnKzoo70gMTDku6MgMjDku6MgMzDku6MgNDDku6MgNTDku6MgNjDku6MgNzDku6Mg5b285rCPIOW9vOWlsyDntLPlo6sg5Lih6KaqIOaBi+S6uiDniLYg5q+NIOWPi+mBlCDniLbjga7ml6Ug5q+N44Gu5pelIOOCr+ODquOCueODnuOCuSDjgrXjg5fjg6njgqTjgrog44OX44Os44K844Oz44OIIOiqleeUn+aXpSDjgq7jg5Xjg4gg5YaF56Wd44GEIOOBiui/lOOBlyDpgoTmmqbnpZ3jgYQg6KiY5b+15pelIOWkp+OBjeOBhOOCteOCpOOCuiDlsI/jgZXjgYTjgrXjgqTjgrog5omL5YWl44KMIOS/rueQhiDjgq/jg6rjg7zjg4vjg7PjgrAg6YCa5YukIOmAmuWtpuOAgOODluODqeOCpOODieODq+ODrOOCtuODvCDjgrPjg7zjg4njg5Djg7Mg44OM44Oh6Z2pIOeJm+mdqeOAgOOCpOOCv+ODquOCouODs+ODrOOCtuODvCDjgqTjgr/jg6rjgqIg44Kv44Ot44KzIOOCr+ODreOCs+ODgOOCpOODqyDjgYvjgaPjgZPjgYTjgYQg44GL44KP44GE44GEIOWPr+aEm+OBhCDmpb3lpKkgcmFrdXRlbiDmmKUg5pil54mpIOWkjyDlpI/niakg56eLIOeni+eJqSDlhqwg5Yas54mpIOe4puWeiyDmqKrlnosg5aSn5a656YePIOODk+OCuOODjeOCuSDjg5Pjgrjjgqvjgrgg44Kv44O844Or44OT44K6IOmrmOe0miDnpo/ooosg5bCx5rS75aSn5a2m55SfIOi0iOOCiueJqSDkuIjlpKsg6aCR5LiIIOapn+iDveaApyDjg4fjgrbjgqTjg7Mg44Of44OLIOODn+ODi+iyoeW4gyDlsI/jgZXjgYTosqHluIMg5bCP44GV44GEIOalteWwj+iyoeW4gyDjg6rjg5zjg7Mg44GM44G+5Y+jIOOBjOOBvuOBkOOBoSDjgqzjg57lj6Mg44K344Oz44OX44OrIOS4ieOBpOaKmCDmipjosqHluIMg44Gq44GM44GV44GE44G1IOOCouODoeOCq+OCuCDpoqjmsLQg6YeR6YGLIOaWsOS9nCAyMDEzIDIwMTQg44OT44K444ON44K544OQ44OD44KvIOODkOODg+OCsCDjg5Djg4Pjgq8g44OW44Oq44O844OV44Kx44O844K5IOODluODquODvOODleODkOODg+OCsCDjg6rjgq/jg6vjg7zjg4jjg5Djg4PjgrAg44K344On44Or44OA44O844OQ44OD44KwIOOCt+ODp+ODq+ODgOODvOODkOODg+OCryDjgrfjg6fjg6vjg4Djg7wg5pac44KB44GM44GR44OQ44OD44KwIOOCu+OCq+ODs+ODieODkOODg+OCsCDjgrvjgqvjg7Pjg4njg5Djg4Pjgq8g44OI44O844OIIOODiOODvOODiOODkOODg+OCsCDjg4jjg7zjg4jjg5Djg4Pjgq8g44OT44K444ON44K544OI44O844OIIOODnOODh+OCo+ODkOODg+OCsCDjg5zjg4fjgqPjg5Djg4Pjgq8g44Oc44OH44Kj44O844OQ44OD44KwIOODneOCt+OCp+ODg+ODiCDjg43jgrMg54yr5p+EPC9GT05UPjwhLS3jgrfjg6rjg7zjgrrntLnku4vmnqAgLS0+PGRpdiBjbGFzcz0icGFnZXRvcCI+PGltZyBzcmM9Imh0dHA6Ly9pbWFnZS5yYWt1dGVuLmNvLmpwL2xhbWFyZWUvY2FiaW5ldC9pbWcvaW1nLXZfY29tbW9uL2NvbW1vbjE0LmdpZiIgYWx0PSIiIHdpZHRoPSIxMiIgaGVpZ2h0PSIxMyIgLz7jgZPjga7jg5rjg7zjgrjjga7jg4jjg4Pjg5fjgbg8L2Rpdj48IS0tL+OCt+ODquODvOOCuue0ueS7i+aeoCAtLT4KCjxicj7jgJDllYblk4HjgJE8YnI+CuKYheaWsOiJsui/veWKoOKYheOBjOOBvuWPoyDjgqzjg57lj6Mg6Z2pIOiyoeW4gyDjgJDmpb3jgq7jg5Vf5YyF6KOF44CR44CQ44Os44K244O8IOWls+aAp+eUqOiyoeW4gyDkurrmsJcg44Kq44Oq44K444OK44OrIOODluODqeODs+ODieOAkeOAkOWwj+mKreWFpeOCjCDjgYzjgb7jgZDjgaHjgJHjgJDjgrPjgqTjg7PjgrHjg7zjgrkg44GV44GE44G1IOOCteOCpOODlSDjg6zjg4fjgqPjgrkg5paw5L2c44CRMjAxNSDlubQg44OX44Os44K844Oz44OIIOOCruODleODiCDjg6zjg4fjgqTjg7zjgrkg5q+N44Gu5pelIOmAmuiyqSDjgYrjgZfjgoPjgowg54mb6Z2pPCEtLTxkaXY+PGltZyBzcmM9Imh0dHA6Ly9pbWFnZS5yYWt1dGVuLmNvLmpwL2xhbWFyZWUvY2FiaW5ldC9jb21tb24wMS9zcF9iYW5uZXIxMC5qcGciIGJvcmRlcj0iMCIgdXNlbWFwPSIjTWFwIj4KICAgIDxtYXAgbmFtZT0iTWFwIj4KICAgICAgCiAgICAgIAogICAgPC9tYXA+LS0+ICA8IS0tPGltZyBzcmM9Imh0dHA6Ly9pbWFnZS5yYWt1dGVuLmNvLmpwL2xhbWFyZWUvY2FiaW5ldC9jb21tb24wMS9zYWxlMDIyNS5qcGciIGJvcmRlcj0iMCI+IC0tPg==,4piF5paw6Imy6L+95Yqg4piF44GM44G+5Y+jIOOCrOODnuWPoyDpnakg6LKh5biDIOOAkOalveOCruODlV/ljIXoo4XjgJHjgJDjg6zjgrbjg7wg5aWz5oCn55So6LKh5biDIOS6uuawlyDjg5bjg6njg7Pjg4njgJHjgJDlsI/piq3lhaXjgowg44GM44G+44GQ44Gh44CR44CQ44Kz44Kk44Oz44Kx44O844K5IOOBleOBhOOBtSDjgrXjgqTjg5Ug44CR44OX44Os44K844Oz44OIIOOCruODleODiCDjgYzjgb7lj6Mg54mb6Z2pIOOCrOODnuWPoyDosqHluIMg44Os44OH44Kj44O844K5IOavjeOBruaXpSDmlazogIHjga7ml6Ug44Ku44OV44OIIOOAkGZlbGHjgJFzc2xh77ya44Op44O744Oe44O844Os,6LKh5biDIOOCteOCpOODlSDjgZXjgYTjgbXplbfosqHluIPpnanlsI/nianjgq3jg7zjgrHjg7zjgrnpnanoo73lk4Hmr43jga7ml6Ug54i244Gu5pelIOOCr+ODquOCueODnuOCuSDjg6njg4Pjg5Tjg7PjgrDjgYzjgb7lj6Mg44GM44G+44GQ44Gh5LqM44Gk5oqY44KK6LKh5biD44Oh44Oz44K6IOeUt+aAp+eUqCAgTWVuJ3Pjg6zjg4fjgqPjg7zjgrkg5aWz5oCn55SoIOODrOODh+OCo+OCuSBsYWRpZXPjgq7jg5Xjg4gg44OX44Os44K844Oz44OI5ZCN5Yi65YWl44KMIOWQjeWIuuWFpemiqOawtCDpgYvmsJcg54yrIOm7hOiJsuOBr+OBjuOCjCDpnanjg5HjgrnjgrHjg7zjgrkg5a6a5pyf5YWl44KM44OQ44OD44KwIOODneOCt+OCp+ODg+ODiOOCreODvOODu+OCseODvOOCue+8hU9GRuODlOODs+OCr+ODnuODjeODvOOCr+ODquODg+ODlyDjgqbjgqnjg6zjg4Pjg4jjg4Hjgqfjg7zjg7PimIXmlrDoibLov73liqDimIXjgYzjgb7lj6Mg44Ks44Oe5Y+jIOmdqSDosqHluIMg44CQ5qW944Ku44OVX+WMheijheOAkeOAkOODrOOCtuODvCDlpbPmgKfnlKjosqHluIMg5Lq65rCXIOODluODqeODs+ODieOAkeOAkOWwj+mKreWFpeOCjCDjgYzjgb7jgZDjgaHjgJHjgJDjgrPjgqTjg7PjgrHjg7zjgrkg44GV44GE44G1IOOCteOCpOODlSDjgJHjg5fjg6zjgrzjg7Pjg4gg44Ku44OV44OIIOOBjOOBvuWPoyDniZvpnakg44Ks44Oe5Y+jIOiyoeW4gyDjg6zjg4fjgqPjg7zjgrkg5q+N44Gu5pelIOaVrOiAgeOBruaXpSDjgq7jg5Xjg4gg44CQZmVsYeOAkXNzbGE=,44Os44OH44Kj44O844K544CA44GM44G+5Y+jIOiyoeW4gyDjgrXjgqTjg5UgbGFkaWVzIOODrOODh+OCo+OCueOAguKYheaWsOiJsui/veWKoOKYheOBjOOBvuWPoyDjgqzjg57lj6Mg6Z2pIOiyoeW4gyDjgJDmpb3jgq7jg5Vf5YyF6KOF44CR44CQ44Os44K244O8IOWls+aAp+eUqOiyoeW4gyDkurrmsJcg44OW44Op44Oz44OJ44CR44CQ5bCP6Yqt5YWl44KMIOOBjOOBvuOBkOOBoeOAkeOAkOOCs+OCpOODs+OCseODvOOCuSDjgZXjgYTjgbUg44K144Kk44OVIOOAkeODl+ODrOOCvOODs+ODiCDjgq7jg5Xjg4gg44GM44G+5Y+jIOeJm+mdqSDjgqzjg57lj6Mg6LKh5biDIOODrOODh+OCo+ODvOOCuSDmr43jga7ml6Ug5pWs6ICB44Gu5pelIOOCruODleODiCDjgJBmZWxh44CRc3NsYQ==[rn]
39-76437,aHR0cDovL3RzaG9wLnIxMHMuanAvbGFtYXJlZS9jYWJpbmV0L21vYmlsZS92ZS0wMDVfbW9iaWwwMS5qcGc/Zml0aW49NzAwOjcwMA==,NzM0NC4wMDAw,,44OQ44OD44Kw44O75bCP54mp44O744OW44Op44Oz44OJ6ZuR6LKoID4g6LKh5biD44O744Kx44O844K5ID4g44Os44OH44Kj44O844K56LKh5biD,44Kz44Oz44OR44Kv44OIIOOCpuOCqeODrOODg+ODiCDkuozjgaTmipjjgoog6LKh5biDIOODrOODh+OCo+ODvOOCuSDpnakg44CQ5qW944Ku44OVX+WMheijheOAkeOAkOODluODqeODs+ODiSDjg6zjg4fjgqPjg7zjgrnosqHluIMg5aWz5oCn55SoIOODlOODs+OCryDpnanosqHluIMg44Os44OH44Kk44O844K5IOODrOOCtuODvCDjgZXjgYTjgbUg44K144Kk44OVIOS6uuawlyDjg6njg7Pjgq3jg7PjgrDjgJHkuozjgaTmipjjgoogMuOBpOaKmOOCiiDmr43jga7ml6Ug5ZCN5YWl44KMIOaYpeiyoeW4gyDlsI/jgZXjgYTosqHluIMg5qW15bCP6LKh5biD44CQZmVsYeOAkeOCr+ODquOCueODnuOCuSDjg5fjg6zjgrzjg7Pjg4gg44Ku44OV44OI,6LKh5biDIOODrOODh+OCo+ODvOOCuSDkuozjgaTmipjjgoog44GV44GE44G1IOWls+aAp+eUqCDjgrXjgqTjg5Ug44Km44Kp44Os44OD44OI,ICAgIDwhLS0g44Kz44Oz44OG44Oz44OEIC0tPiAKPGRpdiBpZD0iY29udGVudHMiPiAKPGRpdiBjbGFzcz0idmUxMCB2ZTAwMSB2ZTAwNSIgaWQ9InZlcmdlIj4KPGgxPjxpbWcgc3JjPSJodHRwOi8vaW1hZ2UucmFrdXRlbi5jby5qcC9sYW1hcmVlL2NhYmluZXQvaW1nL2ltZy12ZTAwNS92ZTA1X2ltZ18wMS5qcGciIC8+PC9oMT4KPHA+PGltZyBzcmM9Imh0dHA6Ly9pbWFnZS5yYWt1dGVuLmNvLmpwL2xhbWFyZWUvY2FiaW5ldC9pbWcvaW1nLXZlMDA1L3ZlMDVfaW1nXzAyLmdpZiIgLz48L3A+CjxwPjxpbWcgc3JjPSJodHRwOi8vaW1hZ2UucmFrdXRlbi5jby5qcC9sYW1hcmVlL2NhYmluZXQvaW1nL2ltZy12ZTAwNS92ZTA1X2ltZ18wMy5qcGciIC8+PC9wPgo8ZGwgY2xhc3M9Im12Ij4KPGR0PjxpbWcgc3JjPSJodHRwOi8vaW1hZ2UucmFrdXRlbi5jby5qcC9sYW1hcmVlL2NhYmluZXQvaW1nL2ltZy12X2xvbmcvdHRsX212LmpwZyI+PC9kdD4KPGRkPjxpZnJhbWUgc2Nyb2xsaW5nPSJubyIgc3JjPSJodHRwOi8vd3d3LnJha3V0ZW4ubmUuanAvZ29sZC9sYW1hcmVlL21vdmllL3ZlLTAwNS5odG0iIGZyYW1lYm9yZGVyPSIwIiB3aWR0aD0iNDgwIiBoZWlnaHQ9IjI3MCI+PC9pZnJhbWU+PC9kZD4KPC9kbD4KCjxwPjxpbWcgc3JjPSJodHRwOi8vaW1hZ2UucmFrdXRlbi5jby5qcC9sYW1hcmVlL2NhYmluZXQvaW1nL2ltZy12ZTAwNS92ZTA1X2ltZ18wNC5qcGciIC8+PC9wPgoKPHA+PGltZyBzcmM9Imh0dHA6Ly9pbWFnZS5yYWt1dGVuLmNvLmpwL2xhbWFyZWUvY2FiaW5ldC9pbWcvaW1nLXZlMDA1L3ZlMDVfaW1nXzA2LmpwZyIgLz48L3A+CjxwPjxpbWcgc3JjPSJodHRwOi8vaW1hZ2UucmFrdXRlbi5jby5qcC9sYW1hcmVlL2NhYmluZXQvaW1nL2ltZy12ZTAwNS92ZTA1X2ltZ18wNy5qcGciIC8+PC9wPgo8cD48aW1nIHNyYz0iaHR0cDovL2ltYWdlLnJha3V0ZW4uY28uanAvbGFtYXJlZS9jYWJpbmV0L2ltZy9pbWctdmUwMDUvdmUwNV9pbWdfMDguanBnIiAvPjwvcD4KPHA+PGltZyBzcmM9Imh0dHA6Ly9pbWFnZS5yYWt1dGVuLmNvLmpwL2xhbWFyZWUvY2FiaW5ldC9pbWcvaW1nLXZlMDA1L3ZlMDVfaW1nXzA5LmpwZyIgLz48L3A+CjxwPjxpbWcgc3JjPSJodHRwOi8vaW1hZ2UucmFrdXRlbi5jby5qcC9sYW1hcmVlL2NhYmluZXQvaW1nL2ltZy12ZTAwNS92ZTA1X2ltZ18xMC5qcGciIC8+PC9wPgo8cD48aW1nIHNyYz0iaHR0cDovL2ltYWdlLnJha3V0ZW4uY28uanAvbGFtYXJlZS9jYWJpbmV0L2ltZy9pbWctdmUwMDUvdmUwNV9pbWdfMTIuanBnIiAvPjwvcD4KCjxkaXYgY2xhc3M9ImltZ2NlbnRlciBuYWlyZV9ibG9jayI+CjxoMyBhbGlnbj0iY2VudGVyIj48aW1nIHNyYz0iaHR0cDovL2ltYWdlLnJha3V0ZW4uY28uanAvbGFtYXJlZS9jYWJpbmV0L3Nob2hpbi9uYWlyZS9uYWlyZV9tYWluLmpwZyIgd2lkdGg9IjYwMSIgaGVpZ2h0PSIyOTEiIGFsdD0i5ZCN5YWl44KM5Yi75Y2w44Gr44Gk44GE44GmIj48L2gzPgo8dGFibGUgd2lkdGg9IjYwMSIgYm9yZGVyPSIwIiBjZWxscGFkZGluZz0iMCIgY2VsbHNwYWNpbmc9IjAiIGJnY29sb3I9IiNGRkZGRkYiIGFsaWduPSJjZW50ZXIiPgo8dGJvZHk+PHRyPgo8dGQgd2lkdGg9IjI3MyI+PGltZyBzcmM9Imh0dHA6Ly9pbWFnZS5yYWt1dGVuLmNvLmpwL2xhbWFyZWUvY2FiaW5ldC9zaG9oaW4vbmFpcmUvdmUtMDA1LTAyLTMuanBnIiB3aWR0aD0iMjczIiBhbHQ9IuWQjeWFpeOCjOS+iyIgdGl0bGU9IuWQjeWFpeOCjOS+iyI+PC90ZD4KPHRkIHdpZHRoPSIzMjgiPjxpbWcgc3JjPSJodHRwOi8vaW1hZ2UucmFrdXRlbi5jby5qcC9sYW1hcmVlL2NhYmluZXQvc2hvaGluL25haXJlL25haXJlX2luZm8tMDEuZ2lmIiB3aWR0aD0iMzI4IiBhbHQ9IuWQjeWFpeOCjOips+e0sCI+PC90ZD4KPC90cj4KPHRyPgo8dGQgd2lkdGg9IjYwMSIgY29sc3Bhbj0iMiI+PGltZyBzcmM9Imh0dHA6Ly9pbWFnZS5yYWt1dGVuLmNvLmpwL2xhbWFyZWUvY2FiaW5ldC9zaG9oaW4vbmFpcmUvbmFpcmVfaW5mby00LmdpZiIgd2lkdGg9IjYwMSIgYWx0PSLjgZTms6jmlofjgqvjgrTku5jov5Hjgavjgabms6jmloflj68iPjwvdGQ+CjwvdHI+CjwvdGJvZHk+PC90YWJsZT4KPC9kaXY+CgoKCjwhLS0gPGRpdiBjbGFzcz0iaW1nY2VudGVyIG00MCI+PGltZyBzcmM9Imh0dHA6Ly93d3cucmFrdXRlbi5uZS5qcC9nb2xkL2xhbWFyZWUvaW1nL2ltZy1jb21tb24vY2F1dGlvbi5qcGciPjwvZGl2Pgo8ZGl2IGNsYXNzPSJpbWdjZW50ZXIgbTQwIj48YSBocmVmPSJodHRwOi8vd3d3LnJha3V0ZW4ubmUuanAvZ29sZC9sYW1hcmVlL3Byb2Nlc3MuaHRtIj48aW1nIHNyYz0iaHR0cDovL3d3dy5yYWt1dGVuLm5lLmpwL2dvbGQvbGFtYXJlZS9pbWcvaW1nLWNvbW1vbi9vcmlnaW5hbC5qcGciIGFsdD0i44Op44O744Oe44O844Os6Z2p6KO95ZOB44Gv44Kq44Oq44K444OK44OrIiBib3JkZXI9IjAiPjwvYT48L2Rpdj48YnIgLz48YnIgLz4tLT4KPGRpdiBjbGFzcz0iZWNvYm94Ij48aW1nIHNyYz0iaHR0cDovL3d3dy5yYWt1dGVuLm5lLmpwL2dvbGQvbGFtYXJlZS9pbWcvaW1nLWNvbW1vbi9lY29ib3guZ2lmIiBhbHQ9IuOCqOOCs+eusSIgd2lkdGg9IjU4MSIgaGVpZ2h0PSI2NzgiPjwvZGl2Pgo8YnIgLz48YnIgLz4KPGlmcmFtZSBzY3JvbGxpbmc9Im5vIiBmcmFtZWJvcmRlcj0iMCIgc3JjPSJodHRwOi8vd3d3LnJha3V0ZW4ubmUuanAvZ29sZC9sYW1hcmVlL2lmLXdyYXBwaW5nLmh0bWwiIGlkPSJpZi13cmFwcGluZyI+PC9pZnJhbWU+CjwvZGl2PgoKPC9kaXY+CjwhLS0g44Kz44Oz44OG44Oz44OEIC0tPiA8ZGl2IGNsYXNzPSJuYWlyZV9ibG9jazAyIj48cCBjbGFzcz0iZm9udDEiPiDjg6zjg4fjgqPjg7zjgrnjgIDosqHluIPimIY8YnI+5aWz5oCn44Gr5oyB44Gh44KE44GZ44GE44Kr44K444Ol44Ki44Or44Gq44GK6LKh5biD44Gn44GZ4pmqPGJyPuOBl+OBquOChOOBi+OBquOCveODleODiOeJm+mdqe+8iOearu+8ieOCkuOCu+ODrOOCr+ODiOe0sOOBi+OBhOODh+OCo+ODhuOCo+ODvOODq+OBq+OBvuOBp+OBk+OBoOOCj+OCiuOBvuOBl+OBn+OAgjxicj7kuK3jgbnjgonjgavjgqvjg7zjg4njg5vjg6vjg4Djg7zjgpLku5jjgZHjgIHjgqvjg7zjg4nlj47ntI3jgoLjg5Djg4Pjg4Hjg6rvvIHjgqrjg7zjg5fjg7PlvI/jga7jgrPjgqTjg7PjgrHjg7zjgrnjgIHmqZ/og73pnaLjgoLlhYXlrp/jgII8YnI+44Kz44Oz44OR44Kv44OI44Gg44GL44KJ44OQ44OD44Kw5Lit44Gn44KC44GL44GV44Gw44KK44G+44Gb44KT44CCPGJyPuOBiuiqleeUn+aXpeOChOODl+ODrOOCvOODs+ODiOOBq+OCguOCquOCueOCueODoeOBruOCteOCpOODleOBp+OBmeKYhjxicj48YnI+44Kq44Oq44K444OK44Or44CA44OW44Op44Oz44OJ44Gn44Os44K244O844Kw44OD44K677yI6Z2p5bCP54mp77yJ44KS5bGV6ZaL44GZ44KL44Op44Oe44O844Os44CCPGJyPuODqeODnuODvOODrOOAgOOCquODquOCuOODiuODq+iyoeW4g+OBqOOBl+OBpuOBiuWxiuOBkeOBl+OBvuOBme+8gTxicj7jgq7jg5Xjg4jjgavjgoLmnIDpganvvIHvvIE8L3A+PCEtLeOCt+ODquODvOOCuue0ueS7i+aeoCAtLT48ZGl2IGlkPSJjb250ZW50cyI+PGRpdiBjbGFzcz0iZnRfc2VyaWVzIGNsZWFyIj48L2Rpdj48cCBjbGFzcz0icGFnZXRvcCI+PGltZyBzcmM9Imh0dHA6Ly9pbWFnZS5yYWt1dGVuLmNvLmpwL2xhbWFyZWUvY2FiaW5ldC9pbWcvaW1nLXZfY29tbW9uL2NvbW1vbjE0LmdpZiIgYWx0PSIiIHdpZHRoPSIxMiIgaGVpZ2h0PSIxMyIgLz7jgZPjga7jg5rjg7zjgrjjga7jg4jjg4Pjg5fjgbg8L3A+PC9kaXY+PCEtLS/jgrfjg6rjg7zjgrrntLnku4vmnqAgLS0+PGJyPjxGT05UIHNpemU9IjEiY29sb3I9IiNhOWE5YTkiPjzpgY7ljrvjga7mpJzntKLjgq3jg7zjg6/jg7zjg4k+PGJyPuODoeODs+OCuiDjg6zjg4fjgqPjg7zjgrkg44OH44K244Kk44OzIOapn+iDvSDpnakg44Os44K244O8IOacrOmdqSDpnanoo73lk4Eg5bCP54mpIOiyoeW4gyDjgrXjgqTjg5Ug44GV44GE44G1IOOCpuOCqeODrOODg+ODiCDplbfosqHluIMg5LqM44Gk5oqY44KK6LKh5biDIOODqeOCpuODs+ODieODleOCoeOCueODiuODvCDjgrPjgqTjg7PjgrHjg7zjgrkg5bCP6Yqt5YWl44KMIOODnuODjeODvOOCr+ODquODg+ODlyDjgq3jg7zjgrHjg7zjgrkg44Kt44O844Ob44Or44OA44O8IOODkeOCueOCseODvOOCuSDlrprmnJ/lhaXjgowg5ZCN5Yi65YWl44KMIOOCq+ODvOODieOCseODvOOCuSDjg5XjgqHjg4Pjgrfjg6fjg7Mg6YCa6LKpIOOCq+OCuOODpeOCouODqyDjg6Hjg7PjgrrppKgg6ZuR6KqMIOOBiuOBl+OCg+OCjCDjgqrjgrfjg6Pjg6wg5rWB6KGMIOOCueOCv+OCpOODqyDpgbjjgbPmlrkg5q+U6LyDIOOCueODvOODhCDmtIvmnI0g44Kr44K444Ol44Ki44OrIOOCs+ODvOODh+OCo+ODjeODvOODiCDjgYrjgZnjgZnjgoEg44Kq44K544K544OhIOOCq+OCv+ODreOCsCDkurrmsJcg44Op44Oz44Kt44Oz44KwIOODluODqeODs+ODiSDlh7rlvLUg44OI44Op44OZ44OrIOaXheihjOeUqCDjgqLjgqbjg4jjg4njgqIg6Lu96YePIOi2hei7vemHjyDoloTlnosg5aSa5qmf6IO9IOWkp+WuuemHjyDpgIHmlpnnhKHmlpkg44OP44Oz44OJ44Oh44Kk44OJIOaJi+S9nOOCiiDlm73nlKMg5pel5pys6KO9IDEw5LujIDIw5LujIDMw5LujIDQw5LujIDUw5LujIDYw5LujIDcw5LujIOW9vOawjyDlvbzlpbMg57Sz5aOrIOS4oeimqiDmgYvkurog54i2IOavjSDlj4vpgZQg54i244Gu5pelIOavjeOBruaXpSDjgq/jg6rjgrnjg57jgrkg44K144OX44Op44Kk44K6IOODl+ODrOOCvOODs+ODiCDoqpXnlJ/ml6Ug44Ku44OV44OIIOWGheelneOBhCDjgYrov5TjgZcg6YKE5pqm56Wd44GEIOiomOW/teaXpSDlpKfjgY3jgYTjgrXjgqTjgrog5bCP44GV44GE44K144Kk44K6IOaJi+WFpeOCjCDkv67nkIYg44Kv44Oq44O844OL44Oz44KwIOmAmuWLpCDpgJrlraYg44GL44Gj44GT44GE44GEIOOBi+OCj+OBhOOBhCDlj6/mhJvjgYQg5qW95aSpIHJha3V0ZW4g5pilIOaYpeeJqSDlpI8g5aSP54mpIOeniyDnp4vniakg5YasIOWGrOeJqSDnuKblnosg5qiq5Z6LIOWkp+WuuemHjyDjg5Pjgrjjg43jgrkg44OT44K444Kr44K4IOOCr+ODvOODq+ODk+OCuiDpq5jntJog56aP6KKLIOWwsea0u+Wkp+WtpueUnyDotIjjgorniakg5LiI5aSrIOmgkeS4iCDmqZ/og73mgKcg44OH44K244Kk44OzIOODn+ODiyDjg5/jg4vosqHluIMg5bCP44GV44GE6LKh5biDIOWwj+OBleOBhCDmpbXlsI/osqHluIMg44Oq44Oc44OzIOOBjOOBvuWPoyDjgYzjgb7jgZDjgaEg44Ks44Oe5Y+jIOOCt+ODs+ODl+ODqyDkuInjgaTmipgg5oqY6LKh5biDIOOBquOBjOOBleOBhOOBtSDjgqLjg6Hjgqvjgrgg6aKo5rC0IOmHkemBiyDmlrDkvZwgMjAxMyAyMDE0IOODk+OCuOODjeOCueODkOODg+OCryDjg5Djg4PjgrAg44OQ44OD44KvIOODluODquODvOODleOCseODvOOCuSDjg5bjg6rjg7zjg5Xjg5Djg4PjgrAg44Oq44Kv44Or44O844OI44OQ44OD44KwIOOCt+ODp+ODq+ODgOODvOODkOODg+OCsCDjgrfjg6fjg6vjg4Djg7zjg5Djg4Pjgq8g44K344On44Or44OA44O8IOaWnOOCgeOBjOOBkeODkOODg+OCsCDjgrvjgqvjg7Pjg4njg5Djg4PjgrAg44K744Kr44Oz44OJ44OQ44OD44KvIOODiOODvOODiCDjg4jjg7zjg4jjg5Djg4PjgrAg44OI44O844OI44OQ44OD44KvIOODk+OCuOODjeOCueODiOODvOODiCDjg5zjg4fjgqPjg5Djg4PjgrAg44Oc44OH44Kj44OQ44OD44KvIOODnOODh+OCo+ODvOODkOODg+OCsCDjg53jgrfjgqfjg4Pjg4gg44ON44KzIOeMq+afhDwvRk9OVD48L2Rpdj4KCjxicj7jgJDllYblk4HjgJE8YnI+CuOCs+ODs+ODkeOCr+ODiCDjgqbjgqnjg6zjg4Pjg4gg5LqM44Gk5oqY44KKIOiyoeW4gyDjg6zjg4fjgqPjg7zjgrkg6Z2pIOOAkOalveOCruODlV/ljIXoo4XjgJHjgJDjg5bjg6njg7Pjg4kg44Os44OH44Kj44O844K56LKh5biDIOWls+aAp+eUqCDjg5Tjg7Pjgq8g6Z2p6LKh5biDIOODrOODh+OCpOODvOOCuSDjg6zjgrbjg7wg44GV44GE44G1IOOCteOCpOODlSDkurrmsJcg44Op44Oz44Kt44Oz44KwIOaWsOS9nCAyMDE0IOW5tOOAkeS6jOOBpOaKmOOCiiAy44Gk5oqY44KKIOalveWkqSDjgYvjgo/jgYTjgYQg5q+N44Gu5pelIOWQjeWFpeOCjCDmmKXosqHluIMg5bCP44GV44GE6LKh5biDIOalteWwj+iyoeW4gzwhLS08ZGl2PjxpbWcgc3JjPSJodHRwOi8vaW1hZ2UucmFrdXRlbi5jby5qcC9sYW1hcmVlL2NhYmluZXQvY29tbW9uMDEvc3BfYmFubmVyMTAuanBnIiBib3JkZXI9IjAiIHVzZW1hcD0iI01hcCI+CiAgICA8bWFwIG5hbWU9Ik1hcCI+CiAgICAgIAogICAgICAKICAgIDwvbWFwPi0tPiAgPCEtLTxpbWcgc3JjPSJodHRwOi8vaW1hZ2UucmFrdXRlbi5jby5qcC9sYW1hcmVlL2NhYmluZXQvY29tbW9uMDEvc2FsZTAyMjUuanBnIiBib3JkZXI9IjAiPiAtLT4=,44Kz44Oz44OR44Kv44OIIOOCpuOCqeODrOODg+ODiCDkuozjgaTmipjjgoog6LKh5biDIOODrOODh+OCo+ODvOOCuSDpnakg44CQ5qW944Ku44OVX+WMheijheOAkeOAkOODluODqeODs+ODiSDjg6zjg4fjgqPjg7zjgrnosqHluIMg5aWz5oCn55SoIOODlOODs+OCryDpnanosqHluIMg44Os44OH44Kk44O844K5IOODrOOCtuODvCDjgZXjgYTjgbUg44K144Kk44OVIOS6uuawlyDjg6njg7Pjgq3jg7PjgrDjgJHkuozjgaTmipjjgoogMuOBpOaKmOOCiiDmr43jga7ml6Ug5ZCN5YWl44KMIOaYpeiyoeW4gyDlsI/jgZXjgYTosqHluIMg5qW15bCP6LKh5biD44CQZmVsYeOAkeOCr+ODquOCueODnuOCuSDjg5fjg6zjgrzjg7Pjg4gg44Ku44OV44OI77ya44Op44O744Oe44O844Os,6LKh5biDIOOCteOCpOODlSDjgZXjgYTjgbXplbfosqHluIPpnanlsI/nianjgq3jg7zjgrHjg7zjgrnpnanoo73lk4Hmr43jga7ml6Ug54i244Gu5pelIOOCr+ODquOCueODnuOCuSDjg6njg4Pjg5Tjg7PjgrDjgYzjgb7lj6Mg44GM44G+44GQ44Gh5LqM44Gk5oqY44KK6LKh5biD44Oh44Oz44K6IOeUt+aAp+eUqCAgTWVuJ3Pjg6zjg4fjgqPjg7zjgrkg5aWz5oCn55SoIOODrOODh+OCo+OCuSBsYWRpZXPjgq7jg5Xjg4gg44OX44Os44K844Oz44OI5ZCN5Yi65YWl44KMIOWQjeWIuuWFpemiqOawtCDpgYvmsJcg54yrIOm7hOiJsuOBr+OBjuOCjCDpnanjg5HjgrnjgrHjg7zjgrkg5a6a5pyf5YWl44KM44OQ44OD44KwIOODneOCt+OCp+ODg+ODiOOCreODvOODu+OCseODvOOCue+8hU9GRuODlOODs+OCr+ODnuODjeODvOOCr+ODquODg+ODlyDjgqbjgqnjg6zjg4Pjg4jjg4Hjgqfjg7zjg7PjgrPjg7Pjg5Hjgq/jg4gg44Km44Kp44Os44OD44OIIOS6jOOBpOaKmOOCiiDosqHluIMg44Os44OH44Kj44O844K5IOmdqSDjgJDmpb3jgq7jg5Vf5YyF6KOF44CR44CQ44OW44Op44Oz44OJIOODrOODh+OCo+ODvOOCueiyoeW4gyDlpbPmgKfnlKgg44OU44Oz44KvIOmdqeiyoeW4gyDjg6zjg4fjgqTjg7zjgrkg44Os44K244O8IOOBleOBhOOBtSDjgrXjgqTjg5Ug5Lq65rCXIOODqeODs+OCreODs+OCsOOAkeS6jOOBpOaKmOOCiiAy44Gk5oqY44KKIOavjeOBruaXpSDlkI3lhaXjgowg5pil6LKh5biDIOWwj+OBleOBhOiyoeW4gyDmpbXlsI/osqHluIPjgJBmZWxh44CR44Kv44Oq44K544Oe44K5IOODl+ODrOOCvOODs+ODiCDjgq7jg5Xjg4g=,6LKh5biDIOODrOODh+OCo+ODvOOCuSDkuozjgaTmipjjgoog44GV44GE44G1IOWls+aAp+eUqCDjgrXjgqTjg5Ug44Km44Kp44Os44OD44OI44CC44Kz44Oz44OR44Kv44OIIOOCpuOCqeODrOODg+ODiCDkuozjgaTmipjjgoog6LKh5biDIOODrOODh+OCo+ODvOOCuSDpnakg44CQ5qW944Ku44OVX+WMheijheOAkeOAkOODluODqeODs+ODiSDjg6zjg4fjgqPjg7zjgrnosqHluIMg5aWz5oCn55SoIOODlOODs+OCryDpnanosqHluIMg44Os44OH44Kk44O844K5IOODrOOCtuODvCDjgZXjgYTjgbUg44K144Kk44OVIOS6uuawlyDjg6njg7Pjgq3jg7PjgrDjgJHkuozjgaTmipjjgoogMuOBpOaKmOOCiiDmr43jga7ml6Ug5ZCN5YWl44KMIOaYpeiyoeW4gyDlsI/jgZXjgYTosqHluIMg5qW15bCP6LKh5biD44CQZmVsYeOAkeOCr+ODquOCueODnuOCuSDjg5fjg6zjgrzjg7Pjg4gg44Ku44OV44OI[rn]
39-76438,aHR0cDovL3RzaG9wLnIxMHMuanAvbGFtYXJlZS9jYWJpbmV0L21vYmlsZS92ZS0wMDJfbW9iaWwwMS5qcGc/Zml0aW49NzAwOjcwMA==,ODQ2Ny4yMDAw,,44OQ44OD44Kw44O75bCP54mp44O744OW44Op44Oz44OJ6ZuR6LKoID4g6LKh5biD44O744Kx44O844K5ID4g44Os44OH44Kj44O844K56LKh5biD,44CQ44Os44OH44Kj44O844K56ZW36LKh5biD44CR44Ku44Oj44Or44K944Oz44Km44Kp44Os44OD44OI77yI6ZW36LKh5biDIOiyoeW4g++8iSDpnakg5Lq65rCX44CQ5qW944Ku44OVX+WMheijheOAkeOAkOOCruODo+ODq+OCveODs+iyoeW4gyDjg5bjg6njg7Pjg4kg5aWz5oCn55SoIOODlOODs+OCryDjg6zjg4fjgqTjg7zjgrkg5pys6Z2pIOOBleOBhOOBtSDjgrXjgqTjg5Ug6ZW344K144Kk44OVIOWls+aAp+OAkeODreODs+OCsCDjgqbjgqnjg6zjg4Pjg4jjgJDjg6njg7Pjgq3jg7PjgrAg5bCP6Yqt5YWl44KMIGxhZGllcyDjg5fjg6zjgrzjg7Pjg4jjgJEg5q+NIOiqleeUn+aXpeODl+ODrOOCvOODs+ODiCDjg5Tjg7Pjgq8=,44Os44OH44Kj44O844K5IOmVt+iyoeW4gyDosqHluIMg5aWz5oCn55SoIOOCteOCpOODlSDjgZXjgYTjgbUg44Os44OH44Kj44K5,PCEtLSDjgrPjg7Pjg4bjg7Pjg4QgLS0+IAo8ZGl2IGlkPSJjb250ZW50cyI+IAo8ZGl2IGlkPSJ2ZXJnZSI+CjxpbWcgc3JjPSJodHRwOi8vd3d3LnJha3V0ZW4ubmUuanAvZ29sZC9sYW1hcmVlL2ltZy9pbWctbGFua2luZy9sYW5raW5nX3B2X2dhbGNvbi5qcGciIGFsdD0i44Op44O744Oe44O844Os5oqY6LKh5biD44GM5aOy44KM562L44Op44Oz44Kt44Oz44Kw5YWl44KK44GX44G+44GX44Gf77yBIiAvPjxicj4KCjxoMT7jgIzjgq7jg6Pjg6vjgr3jg7Pjgqbjgqnjg7zjg6zjg4Pjg4jvvIjplbfosqHluIPvvInjgI0mbmJzcDvjg7Tjgqfjg6vjgrjjgqfjgrfjg6rjg7zjgro8L2gxPgo8aW1nIHNyYz0iaHR0cDovL3d3dy5yYWt1dGVuLm5lLmpwL2dvbGQvbGFtYXJlZS9pbWcvaW1nLXZfZ2FsY29uL2dhcmNvbjEuanBnIiBhbHQ9IlZFUkdFUiBHYWxjb25zIFdhbGxldOOBruWGmeecnyIgd2lkdGg9IjYxMCIgaGVpZ2h0PSI0MzciIC8+CjxkaXYgY2xhc3M9ImltZ2NlbnRlciBtNSI+PGEgaHJlZj0iaHR0cDovL3d3dy5yYWt1dGVuLm5lLmpwL2dvbGQvbGFtYXJlZS9zZXJpZXMuaHRtI3ZlcmdlciI+PGltZyBzcmM9Imh0dHA6Ly93d3cucmFrdXRlbi5uZS5qcC9nb2xkL2xhbWFyZWUvaW1nL2ltZy12X2NvbW1vbi9jb21tb24xLmpwZyIgYWx0PSLmnpzmqLnlnJLjg7vjg7Tjgqfjg6vjgrjjgqciIHdpZHRoPSI1NzkiIGhlaWdodD0iOTUiIC8+PC9hPjwvZGl2Pgo8IS0t44K344Oq44O844K657S55LuL5p6gIC0tPgo8ZGl2IGlkPSJjb250ZW50cyI+PGRpdiBjbGFzcz0iZnRfc2VyaWVzIGNsZWFyIj4KPGlmcmFtZSBzcmM9Imh0dHA6Ly93d3cucmFrdXRlbi5uZS5qcC9nb2xkL2xhbWFyZWUvZnRfc2VyaWVzXzAzXzIuaHRtIiB3aWR0aD0iNjAwIiBoZWlnaHQ9IjI2MCIgZnJhbWVib3JkZXI9IjAiIHNjcm9sbGluZz0ibm8iIG1hcmdpbndpZHRoPSIwIiBtYXJnaW5oZWlnaHQ9IjAiPjwvaWZyYW1lPjwvZGl2PjwvZGl2Pgo8IS0tL+OCt+ODquODvOOCuue0ueS7i+aeoCAtLT4KPHAgY2xhc3M9InAxIj7jg5Xjg6njg7Pjgrnjga7mnpzmqLnlnJLjgpLjgqTjg6Hjg7zjgrjjgZfjgZ/jgq/jg6njg5Xjg4jmhJ/jgZ/jgaPjgbfjgorjga7jgqvjgrjjg6XjgqLjg6vjgarjgrfjg6rjg7zjgrrjgafjgZnjgII8YnIgLz4K44OH44K244Kk44Oz44Gu44Od44Kk44Oz44OI44Go44GX44Gm44CB6KGo5oOF6YOo5YiG44Gr44Gy44Go44Gk44Gy44Go44Gk57SQ44KS5omL57eo44G/44GX6KO95L2c44GX44G+44GX44Gf44CCPGJyIC8+CuS4iuizquOBp+OBl+OBquOChOOBi+OBquOCveODleODiOODrOOCtuODvOOBr+aflOi7n+aAp+OBq+WEquOCjOOAgeS9v+OBhuOBlOOBqOOBq+S4iuWTgeOBquiJtuOBjOOBp+OBpuaEm+edgOOBruOBguOCi+iytOaWueOBoOOBkeOBrumiqOWQiOOBhOOCkuOBiualveOBl+OBv+OBhOOBn+OBoOOBkeOBvuOBmeKZqjwvcD4KPGRpdiBjbGFzcz0iaW1nY2VudGVyIG00MCI+PGltZyBzcmM9Imh0dHA6Ly93d3cucmFrdXRlbi5uZS5qcC9nb2xkL2xhbWFyZWUvaW1nL2ltZy12X2dhbGNvbi9nYXJjb24zLmpwZyIgYWx0PSLjg4fjgrbjgqTjg7Pjga7jg53jgqTjg7Pjg4jjga/jgIHjgqLjg7Pjg4bjgqPjg4Pjgq/ph5Hlhbfjg7vmiYvnt6jjgb/jga7ntJDjgIHjgYLjgarjgZ/jgpLlsI7jgY/nvoXph53nm6TjgafjgZnjgIIiIHdpZHRoPSI1NzkiIGhlaWdodD0iMzk0IiAvPjwvZGl2Pgo8aW1nIHNyYz0iaHR0cDovL3d3dy5yYWt1dGVuLm5lLmpwL2dvbGQvbGFtYXJlZS9pbWcvaW1nLXZfZ2FsY29uL2dhcmNvbjQuanBnIiBhbHQ9IuODnOODs+OCuOODpeODvOODq++8geODoeODq+OCueOCo+ODvO+8geODkeODquOCuOOCp+ODs+ODjOawl+WIhuOBp+ihl+OCkumXiuatqeKZqiIgd2lkdGg9IjYxMCIgaGVpZ2h0PSI0NTAiIGNsYXNzPSJtMzAiIC8+CjxpbWcgc3JjPSJodHRwOi8vd3d3LnJha3V0ZW4ubmUuanAvZ29sZC9sYW1hcmVlL2ltZy9pbWctdl9nYWxjb24vZ2FyY29uNS5qcGciIGFsdD0i5ZWG5ZOB44Gu44Od44Kk44Oz44OI77ya44OR44Oq44Gu44Ku44Oj44Or44K944Oz44GM5L2/44Gj44Gm44GE44KL44CB5bqD44GM44KK44Gu44GC44KL5aSn44GN44Gq5bCP6Yqt5Y+O57SN44GM54m56ZW344Gn44GZ77yBIiB3aWR0aD0iNjEwIiBoZWlnaHQ9IjExMSIgY2xhc3M9Im0zMCIgLz4KPGRpdiBjbGFzcz0icG9pbnQgcG9pbnRfZ2FsY29uIGNsZWFyZml4IG00MCI+CjxkaXYgY2xhc3M9ImxlZnQiPjxpbWcgc3JjPSJodHRwOi8vd3d3LnJha3V0ZW4ubmUuanAvZ29sZC9sYW1hcmVlL2ltZy9pbWctdl9nYWxjb24vZ2FyY29uNi5qcGciIHdpZHRoPSIyNjUiIGhlaWdodD0iMTk1IiBhbHQ9IjHnlarvvJrjgq7jg6Pjg6vjgr3jg7Pjgqbjgqnjg7zjg6zjg4Pjg4jjga7oqbPntLDlhpnnnJ8iIC8+CjxwPjEu44GT44Gu5aSn44GN44Gq5bCP6Yqt5YWl44KM44GM54m56ZW344Gn44GZ44CC5bCP6Yqt44Gu5Y+W44KK5Ye644GX44Gv44CB5qW944CF77yB77yBPC9wPjwvZGl2Pgo8ZGl2IGNsYXNzPSJyaWdodCI+PGltZyBzcmM9Imh0dHA6Ly93d3cucmFrdXRlbi5uZS5qcC9nb2xkL2xhbWFyZWUvaW1nL2ltZy12X2dhbGNvbi9nYXJjb243LmpwZyIgd2lkdGg9IjI2NSIgaGVpZ2h0PSIxOTUiIGFsdD0iMueVqu+8muOCruODo+ODq+OCveODs+OCpuOCqeODvOODrOODg+ODiOOBruips+e0sOWGmeecnyIgLz4KPHA+Mi7jgZPjga4z44Gk44Gu44K444Oj44OQ44Op44Od44Kx44OD44OI44Gr57SZ5bmj44KS5YiG5Yil5Y+O57SN44Gn44GN44G+44GZ44CCPC9wPjwvZGl2Pgo8L2Rpdj4KPGRpdiBjbGFzcz0icG9pbnQgcG9pbnRfZ2FsY29uIGNsZWFyZml4Ij4KPGRpdiBjbGFzcz0ibGVmdCI+PGltZyBzcmM9Imh0dHA6Ly93d3cucmFrdXRlbi5uZS5qcC9nb2xkL2xhbWFyZWUvaW1nL2ltZy12X2dhbGNvbi9nYXJjb244LmpwZyIgd2lkdGg9IjI2NSIgaGVpZ2h0PSIxOTUiIGFsdD0iM+eVqu+8muOCruODo+ODq+OCveODs+OCpuOCqeODvOODrOODg+ODiOOBruips+e0sOWGmeecnyIgLz4KPHA+My7jgqvjg7zjg4njg5vjg6vjg4Djg7zjga8044O25omA44CB44Kr44O844OJ44Od44Kx44OD44OI44GM44K444Oj44OQ44Op44Gu6ZaT44GrM+ODtuaJgOOBruOBguOCiuOBvuOBmeOAguOAgDwvcD48L2Rpdj4KPGRpdiBjbGFzcz0icmlnaHQiPjxpbWcgc3JjPSJodHRwOi8vd3d3LnJha3V0ZW4ubmUuanAvZ29sZC9sYW1hcmVlL2ltZy9pbWctdl9nYWxjb24vZ2FyY29uOS5qcGciIHdpZHRoPSIyNjUiIGhlaWdodD0iMTk1IiBhbHQ9IjTnlarvvJrjgq7jg6Pjg6vjgr3jg7Pjgqbjgqnjg7zjg6zjg4Pjg4jjga7oqbPntLDlhpnnnJ8iIC8+CjxwPjQu44OV44Kh44K544OK44O844Od44Kx44OD44OI44Gu5Lit44Gv44CB44Od44Kk44Oz44OI44Kr44O844OJ44KE6aCY5Y+O5pu444Gq44Gp6Ieq55Sx44Gr44GK5L2/44GE44GE44Gf44Gg44GR44G+44GZ4pmqPC9wPjwvZGl2Pgo8L2Rpdj4KPGRpdiBjbGFzcz0icG9pbnQgcG9pbnRfZ2FsY29uIGNsZWFyZml4Ij4KPGRpdiBjbGFzcz0ibGVmdCI+PGltZyBzcmM9Imh0dHA6Ly93d3cucmFrdXRlbi5uZS5qcC9nb2xkL2xhbWFyZWUvaW1nL2ltZy12X2dhbGNvbi9nYXJjb24xMC5qcGciIHdpZHRoPSIyNjUiIGhlaWdodD0iMTk1IiBhbHQ9IjXnlarvvJrjgq7jg6Pjg6vjgr3jg7Pjgqbjgqnjg7zjg6zjg4Pjg4jjga7oqbPntLDlhpnnnJ8iIC8+CjxwPjUu6KOP5YG044Gr44KC44Od44Kx44OD44OI44GM5LuY44GE44Gm44GE44G+44GZ44CCPC9wPjwvZGl2Pgo8ZGl2IGNsYXNzPSJyaWdodCI+PGltZyBzcmM9Imh0dHA6Ly93d3cucmFrdXRlbi5uZS5qcC9nb2xkL2xhbWFyZWUvaW1nL2ltZy12X2dhbGNvbi9nYXJjb24xMS5qcGciIHdpZHRoPSIyNjUiIGhlaWdodD0iMTk1IiBhbHQ9IjbnlarvvJrjgq7jg6Pjg6vjgr3jg7Pjgqbjgqnjg7zjg6zjg4Pjg4jjga7oqbPntLDlhpnnnJ8iIC8+CjxwPjYu6ZW344GP5L2/44GE5piT44GE44OV44Kh44K544OK44O844Gu5byV44GN5omL44Gv44CB6Z2p57SQ44KS57eo44G/44GT44G/44Ki44Oz44OG44Kj44OD44Kv6YeR5YW344Gn44GK5rSS6JC944Gr6aO+44KK44Gk44GR44GX44G+44GX44Gf44CC44CAPC9wPjwvZGl2Pgo8L2Rpdj4KPGltZyBzcmM9Imh0dHA6Ly93d3cucmFrdXRlbi5uZS5qcC9nb2xkL2xhbWFyZWUvaW1nL2ltZy12X2dhbGNvbi9nYXJjb24yOS5qcGciIGFsdD0i44Ku44Oj44Or44K944Oz44Km44Kp44Os44OD44OI44Gu5LuV5qeY44GM5aSJ44KP44KK44G+44GZIiB3aWR0aD0iNjEwIiBoZWlnaHQ9IjMwMCIgY2xhc3M9Im0zMCIgLz4KPGgyPjxpbWcgc3JjPSJodHRwOi8vd3d3LnJha3V0ZW4ubmUuanAvZ29sZC9sYW1hcmVlL2ltZy9pbWctdl9jb21tb24vY29tbW9uMi5naWYiIGFsdD0i44K144Kk44K6IiB3aWR0aD0iNjEwIiBoZWlnaHQ9IjM1IiBjbGFzcz0ibTQwIiAvPjwvaDI+CjxkaXYgY2xhc3M9ImltZ2NlbnRlciBtMzAiPjxpbWcgc3JjPSJodHRwOi8vd3d3LnJha3V0ZW4ubmUuanAvZ29sZC9sYW1hcmVlL2ltZy9pbWctdl9nYWxjb24vZ2FyY29uMTQuanBnIiB3aWR0aD0iNDg4IiBoZWlnaHQ9IjM4MiIgYWx0PSLjgq7jg6Pjg6vjgr3jg7Pjgqbjgqnjg7zjg6zjg4Pjg4jjga7jgrXjgqTjgrroqJjovInlhpnnnJ8iIC8+PC9kaXY+CjxkaXYgY2xhc3M9ImRldGFpbCI+CjxpbWcgc3JjPSJodHRwOi8vd3d3LnJha3V0ZW4ubmUuanAvZ29sZC9sYW1hcmVlL2ltZy9pbWctdl9jb21tb24vY29tbW9uMy5naWYiIGFsdD0i5ZWG5ZOB6Kmz57SwIiB3aWR0aD0iNTE5IiBoZWlnaHQ9IjI0IiAvPgo8ZGwgY2xhc3M9ImJvcmRlciI+CjxkdD7ntKDmnZA8L2R0Pgo8ZGQ+6KGo77ya54mb6Z2pJm5ic3A7Jm5ic3A7Jm5ic3A7Jm5ic3A76KOP77ya44Kt44Oj44Oz44OQ44K55ZywPC9kZD4KPC9kbD4KPGRsIGNsYXNzPSJib3JkZXIiPgo8ZHQ+44K144Kk44K6PC9kdD4KPGRkPuOCv+ODhu+8mjEwLjVjbSZuYnNwOyZuYnNwO+ODqOOCs++8mjE4LjVjbSZuYnNwOyZuYnNwO+W5he+8mjNjbTwvZGQ+CjwvZGw+CjxkbCBjbGFzcz0iYm9yZGVyIj4KPGR0PumHjeOBlTwvZHQ+CjxkZD4xODVnPC9kZD4KPC9kbD4KPGRsPgo8ZHQ+5LuV5qeYPC9kdD4KPGRkPuacreWFpeOCjO+8mjMmbmJzcDsmbmJzcDvlsI/piq3lhaXjgozvvJoxJm5ic3A7Jm5ic3A744Kr44O844OJ5YWl44KM77yaNyZuYnNwOyZuYnNwO+ODneOCseODg+ODiO+8mjI8L2RkPgo8L2RsPgo8aW1nIHNyYz0iaHR0cDovL3d3dy5yYWt1dGVuLm5lLmpwL2dvbGQvbGFtYXJlZS9pbWcvaW1nLXZfY29tbW9uL2NvbW1vbjUuZ2lmIiBhbHQ9IiIgd2lkdGg9IjUxOSIgaGVpZ2h0PSI0IiAvPjwvZGl2Pgo8ZGl2IGNsYXNzPSJpbWdjZW50ZXIgbTQwIj48aW1nIHNyYz0iaHR0cDovL3d3dy5yYWt1dGVuLm5lLmpwL2dvbGQvbGFtYXJlZS9pbWcvaW1nLWNvbW1vbi9jYXV0aW9uLmpwZyIgYWx0PSLjgZPjga7oo73lk4Hjga/jgIHlpKnnhLbnmq7pnanjgpLkvb/nlKjjgZfjgabjgYTjgb7jgZnjgILjgZ3jga7jgZ/jgoHjgIHpnanjga7ooajpnaLjgavjgq3jgrrjga7jgojjgYbjgarnrYvnirbjga7mqKHmp5jjgoToibLjg6Djg6njgYzopovjgonjgozjgovloLTlkIjjgYzjgYLjgorjgb7jgZnjgILjgZPjgozjga/mnKzpnanjgafjgYLjgovoqLzmi6DjgafjgYLjgorjgIHjgZ3jga7ni6znibnjga7poqjlkIjjgYTjgYzlkbPjgo/jgYTjgavjgarjgaPjgabjgYTjgb7jgZnjgILmnKznianjga7pnanjga7lkbPjgo/jgYTjgpLjgZzjgbLjgYrmpb3jgZfjgb/jgY/jgaDjgZXjgYTjgIIiIHdpZHRoPSI1OTgiIGhlaWdodD0iOTgiIC8+PC9kaXY+CjxkaXYgY2xhc3M9ImltZ2NlbnRlciBtNDAiPjxhIGhyZWY9Imh0dHA6Ly93d3cucmFrdXRlbi5uZS5qcC9nb2xkL2xhbWFyZWUvcHJvY2Vzcy5odG0iPjxpbWcgc3JjPSJodHRwOi8vd3d3LnJha3V0ZW4ubmUuanAvZ29sZC9sYW1hcmVlL2ltZy9pbWctY29tbW9uL29yaWdpbmFsLmpwZyIgYWx0PSLjg6njg7vjg57jg7zjg6zpnanoo73lk4Hjga/jgqrjg6rjgrjjg4rjg6siIGJvcmRlcj0iMCIgLz48L2E+PC9kaXY+CjxkaXYgY2xhc3M9ImVjb2JveCI+CjxpbWcgc3JjPSJodHRwOi8vd3d3LnJha3V0ZW4ubmUuanAvZ29sZC9sYW1hcmVlL2ltZy9pbWctY29tbW9uL2Vjb2JveC5naWYiIGFsdD0i44Ko44Kz566xIiB3aWR0aD0iNTgxIiBoZWlnaHQ9IjY3OCIgLz4KPC9kaXY+CjwhLS0gd3JhcHBpbmcgLS0+CjxkaXYgY2xhc3M9IndyYXBwIGNsZWFyZml4Ij4KPGRpdiBjbGFzcz0ibGVmdCI+PGltZyBzcmM9Imh0dHA6Ly93d3cucmFrdXRlbi5uZS5qcC9nb2xkL2xhbWFyZWUvaW1nL2ltZy13cmFwcGluZy9pbWczLmpwZz8yIiBhbHQ9IuOCruODleODiOODqeODg+ODlOODs+OCsOOBruWGmeecnyIgd2lkdGg9IjMxMSIgaGVpZ2h0PSIyNTYiIC8+PC9kaXY+CjxkaXYgY2xhc3M9InJpZ2h0Ij4KPGRpdj48aW1nIHNyYz0iaHR0cDovL3d3dy5yYWt1dGVuLm5lLmpwL2dvbGQvbGFtYXJlZS9pbWcvaW1nLXdyYXBwaW5nL2ltZzQuZ2lmIiB3aWR0aD0iMjM5IiBoZWlnaHQ9IjE5IiAvPgo8cCBjbGFzcz0icDEiPuS+oeagvCZuYnNwOyZuYnNwOzEwMOWGhiAo56iO5YilKSDpgIHmlpnliKU8L3A+CjxwPuOCruODleODiOeUqOODqeODg+ODlOODs+OCsOOCkuOBlOW4jOacm+OBruaWueOBr+OAgTxiciAvPgrjgIzjgq7jg5Xjg4jjg6njg4Pjg5Tjg7PjgrDjgI3jg5rjg7zjgrjjgafigJzosrfjgYTnianjgYvjgZTjgavlhaXjgozjgovigJ3jgpLjgq/jg6rjg4Pjgq/jgZfjgabjgY/jgaDjgZXjgYTjgII8L3A+CjxwPuKAuzLngrnku6XkuIrjgYrosrfjgYTkuIrjgZLjga7jgYrlrqLmp5jjga/jgIE8YnIgLz4K44Ku44OV44OI44Op44OD44OU44Oz44Kw44Gu5biM5pyb5ZWG5ZOB44KS44Kr44O844OI5YaF44Gu5YKZ6ICD5qyE44Gr5piO6KiY44GX44Gm44GP44Gg44GV44GE44CCPC9wPgo8cD48YSBocmVmPSJodHRwOi8vaXRlbS5yYWt1dGVuLmNvLmpwL2xhbWFyZWUvd3JhcHBpbmcvIj48aW1nIHNyYz0iaHR0cDovL3d3dy5yYWt1dGVuLm5lLmpwL2dvbGQvbGFtYXJlZS9pbWcvaW1nLXdyYXBwaW5nL2ltZzYuZ2lmIiB3aWR0aD0iMjAwIiBoZWlnaHQ9IjIzIiAvPjwvYT48L3A+PC9kaXY+CjwvZGl2Pgo8L2Rpdj4KPCEtLSAvIHdyYXBwaW5nIC0tPgoKPGltZyBzcmM9Imh0dHA6Ly93d3cucmFrdXRlbi5uZS5qcC9nb2xkL2xhbWFyZWUvaW1nL2ltZy12X2NvbW1vbi9jb21tb243LmpwZyIgYWx0PSLjgqvjg6njg7zjg6njgqTjg7Pjg4rjg4Pjg5ciIHdpZHRoPSI1OTYiIGhlaWdodD0iNDgiIGNsYXNzPSJtNDAiIC8+CjxkaXYgY2xhc3M9ImxpbmV1cCBjbGVhcmZpeCI+CjxkaXYgY2xhc3M9ImxlZnQiPjxpbWcgc3JjPSJodHRwOi8vd3d3LnJha3V0ZW4ubmUuanAvZ29sZC9sYW1hcmVlL2ltZy9pbWctdl9nYWxjb24vY3YtMnBpLmpwZyIgd2lkdGg9IjI4MCIgaGVpZ2h0PSIyNjAiIGFsdD0i6Z2p6LKh5biD44CA44OU44O844OB44OU44Oz44KvIiAvPjwvZGl2Pgo8ZGl2IGNsYXNzPSJyaWdodCI+PGltZyBzcmM9Imh0dHA6Ly93d3cucmFrdXRlbi5uZS5qcC9nb2xkL2xhbWFyZWUvaW1nL2ltZy12X2dhbGNvbi9jdi0yb3IuanBnIiB3aWR0aD0iMjgwIiBoZWlnaHQ9IjI2MCIgYWx0PSLpnanosqHluIPjgIDjgq3jg6Pjg63jg4Pjg4jjgqrjg6zjg7PjgrgiIC8+PC9kaXY+CjwvZGl2Pgo8ZGl2IGNsYXNzPSJsaW5ldXAgY2xlYXJmaXgiPgo8ZGl2IGNsYXNzPSJsZWZ0Ij48aW1nIHNyYz0iaHR0cDovL3d3dy5yYWt1dGVuLm5lLmpwL2dvbGQvbGFtYXJlZS9pbWcvaW1nLXZfZ2FsY29uL2N2LTJnci5qcGciIHdpZHRoPSIyODAiIGhlaWdodD0iMjYwIiBhbHQ9IumdqeiyoeW4g+OAgOODqeOCpOODoOOCsOODquODvOODsyIgLz48L2Rpdj4KPGRpdiBjbGFzcz0icmlnaHQiPjxpbWcgc3JjPSJodHRwOi8vd3d3LnJha3V0ZW4ubmUuanAvZ29sZC9sYW1hcmVlL2ltZy9pbWctdl9nYWxjb24vY3YtMmJyLmpwZyIgd2lkdGg9IjI4MCIgaGVpZ2h0PSIyNjAiIGFsdD0i6Z2p6LKh5biD44CA44Kz44Kz44OK44OD44OE44OW44Op44Km44OzIiAvPjwvZGl2Pgo8L2Rpdj4KPGRpdiBjbGFzcz0ibGluZXVwIGNsZWFyZml4Ij4KPGRpdiBjbGFzcz0ibGVmdCI+PGltZyBzcmM9Imh0dHA6Ly93d3cucmFrdXRlbi5uZS5qcC9nb2xkL2xhbWFyZWUvaW1nL2ltZy12X2dhbGNvbi9jdi0yY2guanBnIiB3aWR0aD0iMjgwIiBoZWlnaHQ9IjI2MCIgYWx0PSLpnanosqHluIPjgIDjg4Hjg6fjgrPjg6zjg7zjg4jjg5bjg6njgqbjg7MiIC8+PC9kaXY+CjwvZGl2Pgo8YnI+Cjxicj4KPGJyPgo8L2Rpdj4KPC9kaXY+CjwhLS3jgrPjg7Pjg4bjg7Pjg4QtLT4KCjwhLS3jg7Tjgqfjg6vjgrjjgqcwMTDjgbgtLT4KPCEtLTxwPjxhIGhyZWY9Imh0dHA6Ly9pdGVtLnJha3V0ZW4uY28uanAvbGFtYXJlZS9wdl9sb25nMi8iPjxpbWcgc3JjPSJodHRwOi8vaW1hZ2UucmFrdXRlbi5jby5qcC9sYW1hcmVlL2NhYmluZXQvc2hvaGluL3ZlLTAxMC9sb25nMjcuanBnIiB3aWR0aD0iNTk3IiBoZWlnaHQ9IjIzNiIgYm9yZGVyPSIwIj48L2E+PC9wPi0tPgo8IS0tL+ODtOOCp+ODq+OCuOOCpzAxMOOBuC0tPgo8IS0t44OR44K544Kx44O844K577yG44GM44G+5Y+jLS08IS0tPjwhLS08aW1nIHNyYz0iaHR0cDovL3d3dy5yYWt1dGVuLm5lLmpwL2dvbGQvbGFtYXJlZS9pbWcvaW1nLXZfY29tbW9uL2NvbW1vbjE2LTIuanBnIiBib3JkZXI9IjAiIHVzZW1hcD0iI01hcDEwIj4KPG1hcCBuYW1lPSJNYXAxMCI+PGFyZWEgc2hhcGU9InJlY3QiIGNvb3Jkcz0iMTYsODUsNTc2LDM1MCIgaHJlZj0iaHR0cDovL2l0ZW0ucmFrdXRlbi5jby5qcC9sYW1hcmVlL3ZlLTAxNC8iPgo8YXJlYSBzaGFwZT0icmVjdCIgY29vcmRzPSIxNiwzNzIsNTc4LDcwOSIgaHJlZj0iaHR0cDovL2l0ZW0ucmFrdXRlbi5jby5qcC9sYW1hcmVlL3ZlLTAxMS8iPgo8L21hcD4tLT48IS0tLy/jg5HjgrnjgrHjg7zjgrnvvIbjgYzjgb7lj6MtLT4KCjxkaXYgY2xhc3M9Im00MCBjbGVhciI+CjwhLS3nibnpm4bjg6rjg7Pjgq8tLT4KPGlmcmFtZSBzcmM9Imh0dHA6Ly93d3cucmFrdXRlbi5uZS5qcC9nb2xkL2xhbWFyZWUvc3BlY2lhbC1iYW5uZXIuaHRtbCIgaGVpZ2h0PSIxOTAiIHdpZHRoPSI2MDAiIGZyYW1lYm9yZGVyPSIwIiBzY3JvbGxpbmc9Im5vIiBtYXJnaW53aWR0aD0iMCIgbWFyZ2luaGVpZ2h0PSIwIj48L2lmcmFtZT4KPCEtLS/nibnpm4bjg6rjg7Pjgq8tLT4KPHAgY2xhc3M9Im9yZGVyIj48aWZyYW1lIHNyYz0iaHR0cDovL3d3dy5yYWt1dGVuLm5lLmpwL2dvbGQvbGFtYXJlZS9mdF9vcmRlci5odG0iIGhlaWdodD0iNDcwIiB3aWR0aD0iNjAwIiBmcmFtZWJvcmRlcj0iMCIgc2Nyb2xsaW5nPSJubyIgbWFyZ2lud2lkdGg9IjAiIG1hcmdpbmhlaWdodD0iMCI+PC9pZnJhbWU+PC9wPgo8YnI+CjxpZnJhbWUgc3JjPSJodHRwOi8vd3d3LnJha3V0ZW4ubmUuanAvZ29sZC9sYW1hcmVlL3NwZWNpYWwtYmFubmVyMi5odG1sIiBoZWlnaHQ9IjI1MCIgd2lkdGg9IjYwMCIgZnJhbWVib3JkZXI9IjAiIHNjcm9sbGluZz0ibm8iIG1hcmdpbndpZHRoPSIwIiBtYXJnaW5oZWlnaHQ9IjAiPjwvaWZyYW1lPgo8aWZyYW1lIHNyYz0iaHR0cDovL3d3dy5yYWt1dGVuLm5lLmpwL2dvbGQvbGFtYXJlZS9zcGVjaWFsLWJhbm5lcjMuaHRtbCIgZnJhbWVib3JkZXI9IjAiIHNjcm9sbGluZz0ibm8iIG1hcmdpbndpZHRoPSIwIiBtYXJnaW5oZWlnaHQ9IjAiIGlkPSJzcGVjaWFsMyI+PC9pZnJhbWU+CjwvZGl2PjxwIGNsYXNzPSJmb250MSI+IOODrOODh+OCo+ODvOOCueiyoeW4g+KYhjxicj7lpbPmgKfjgavmjIHjgaHjgoTjgZnjgYTjgqvjgrjjg6XjgqLjg6vjgarjgYrosqHluIPjgafjgZnimao8YnI+44GX44Gq44KE44GL44Gq44K944OV44OI54mb6Z2p77yI55qu77yJ44KS44K744Os44Kv44OI44GX44CB57Sw44GL44GE44OH44Kj44OG44Kj44O844Or44Gr44G+44Gn44GT44Gg44KP44KK44G+44GX44Gf44CCPGJyPuOCquODvOODl+ODs+W8j+OBruOCs+OCpOODs+OCseODvOOCue+8iOWwj+mKreWFpeOCjO+8ieOBp+WPluOCiuWHuuOBl+OChOOBmeOBj+OAgeapn+iDvemdouOCguWFheWun+OAgjxicj7lopfjgYjjgYzjgaHjgarjgYrosqHluIPjga7kuK3ouqvjgpLjgZnjgaPjgY3jgorjgajlj47ntI3jgafjgY3jgovjgIHpoLzjgozjgovlpJrmqZ/og73osqHluIPjgafjgZnimao8YnI+44GK6KqV55Sf5pel44KE44OX44Os44K844Oz44OI44Gr44KC44Kq44K544K544Oh44Gu5ZWG5ZOB4piGPGJyPjxicj7mipjosqHluIPjg7vplbfosqHluIPjg7vjgq3jg7zjgrHjg7zjgrnjg7vlkI3liLrlhaXjgozvvIjjg5HjgrnjgrHjg7zjgrnvvInjg7vjg5bjg4Pjgq/jgqvjg5Djg7zjg7vjg5njg6vjg4jjgarjgak8YnI+44Kq44Oq44K444OK44Or44CA44OW44Op44Oz44OJ44Gn44Os44K244O844Kw44OD44K677yI6Z2p5bCP54mp77yJ44KS5bGV6ZaL44GZ44KL44Op44Oe44O844Os44CCPGJyPuODqeODnuODvOODrOOAgOOCquODquOCuOODiuODq+iyoeW4g+OBqOOBl+OBpuOBiuWxiuOBkeOBl+OBvuOBme+8gTxicj7jgqTjg7Pjgr/jg7zjg43jg4Pjg4jpmZDlrprosqnlo7LkuK3jgILjgq7jg5Xjg4jjgavjgoLmnIDpganvvIHvvIE8L3A+PCEtLeOCt+ODquODvOOCuue0ueS7i+aeoCAtLT48ZGl2IGlkPSJjb250ZW50cyI+PGRpdiBjbGFzcz0iZnRfc2VyaWVzIGNsZWFyIj48L2Rpdj48cCBjbGFzcz0icGFnZXRvcCI+PGltZyBzcmM9Imh0dHA6Ly9pbWFnZS5yYWt1dGVuLmNvLmpwL2xhbWFyZWUvY2FiaW5ldC9pbWcvaW1nLXZfY29tbW9uL2NvbW1vbjE0LmdpZiIgYWx0PSIiIHdpZHRoPSIxMiIgaGVpZ2h0PSIxMyIgLz7jgZPjga7jg5rjg7zjgrjjga7jg4jjg4Pjg5fjgbg8L3A+PC9kaXY+PCEtLS/jgrfjg6rjg7zjgrrntLnku4vmnqAgLS0+PCEtLTxkaXY+PGltZyBzcmM9Imh0dHA6Ly9pbWFnZS5yYWt1dGVuLmNvLmpwL2xhbWFyZWUvY2FiaW5ldC9jb21tb24wMS9zcF9iYW5uZXIxMC5qcGciIGJvcmRlcj0iMCIgdXNlbWFwPSIjTWFwIj4KICAgIDxtYXAgbmFtZT0iTWFwIj4KICAgICAgCiAgICAgIAogICAgPC9tYXA+LS0+ICA8IS0tPGltZyBzcmM9Imh0dHA6Ly9pbWFnZS5yYWt1dGVuLmNvLmpwL2xhbWFyZWUvY2FiaW5ldC9jb21tb24wMS9zYWxlMDIyNS5qcGciIGJvcmRlcj0iMCI+IC0tPg==,44CQ44Os44OH44Kj44O844K56ZW36LKh5biD44CR44Ku44Oj44Or44K944Oz44Km44Kp44Os44OD44OI77yI6ZW36LKh5biDIOiyoeW4g++8iSDpnakg5Lq65rCX44CQ5qW944Ku44OVX+WMheijheOAkeOAkOOCruODo+ODq+OCveODs+iyoeW4gyDjg5bjg6njg7Pjg4kg5aWz5oCn55SoIOODlOODs+OCryDjg6zjg4fjgqTjg7zjgrkg5pys6Z2pIOOBleOBhOOBtSDjgrXjgqTjg5Ug6ZW344K144Kk44OVIOWls+aAp+OAkeODreODs+OCsCDjgqbjgqnjg6zjg4Pjg4jjgJDjg6njg7Pjgq3jg7PjgrAg5bCP6Yqt5YWl44KMIGxhZGllcyDjg5fjg6zjgrzjg7Pjg4jjgJEg5q+NIOiqleeUn+aXpeODl+ODrOOCvOODs+ODiCDjg5Tjg7Pjgq/vvJrjg6njg7vjg57jg7zjg6w=,6LKh5biDIOOCteOCpOODlSDjgZXjgYTjgbXplbfosqHluIPpnanlsI/nianjgq3jg7zjgrHjg7zjgrnpnanoo73lk4Hmr43jga7ml6Ug54i244Gu5pelIOOCr+ODquOCueODnuOCuSDjg6njg4Pjg5Tjg7PjgrDjgYzjgb7lj6Mg44GM44G+44GQ44Gh5LqM44Gk5oqY44KK6LKh5biD44Oh44Oz44K6IOeUt+aAp+eUqCAgTWVuJ3Pjg6zjg4fjgqPjg7zjgrkg5aWz5oCn55SoIOODrOODh+OCo+OCuSBsYWRpZXPjgq7jg5Xjg4gg44OX44Os44K844Oz44OI5ZCN5Yi65YWl44KMIOWQjeWIuuWFpemiqOawtCDpgYvmsJcg54yrIOm7hOiJsuOBr+OBjuOCjCDpnanjg5HjgrnjgrHjg7zjgrkg5a6a5pyf5YWl44KM44OQ44OD44KwIOODneOCt+OCp+ODg+ODiOOCreODvOODu+OCseODvOOCue+8hU9GRuODlOODs+OCr+ODnuODjeODvOOCr+ODquODg+ODlyDjgqbjgqnjg6zjg4Pjg4jjg4Hjgqfjg7zjg7PjgJDjg6zjg4fjgqPjg7zjgrnplbfosqHluIPjgJHjgq7jg6Pjg6vjgr3jg7Pjgqbjgqnjg6zjg4Pjg4jvvIjplbfosqHluIMg6LKh5biD77yJIOmdqSDkurrmsJfjgJDmpb3jgq7jg5Vf5YyF6KOF44CR44CQ44Ku44Oj44Or44K944Oz6LKh5biDIOODluODqeODs+ODiSDlpbPmgKfnlKgg44OU44Oz44KvIOODrOODh+OCpOODvOOCuSDmnKzpnakg44GV44GE44G1IOOCteOCpOODlSDplbfjgrXjgqTjg5Ug5aWz5oCn44CR44Ot44Oz44KwIOOCpuOCqeODrOODg+ODiOOAkOODqeODs+OCreODs+OCsCDlsI/piq3lhaXjgowgbGFkaWVzIOODl+ODrOOCvOODs+ODiOOAkSDmr40g6KqV55Sf5pel44OX44Os44K844Oz44OIIOODlOODs+OCrw==,44Os44OH44Kj44O844K5IOmVt+iyoeW4gyDosqHluIMg5aWz5oCn55SoIOOCteOCpOODlSDjgZXjgYTjgbUg44Os44OH44Kj44K544CC44CQ44Os44OH44Kj44O844K56ZW36LKh5biD44CR44Ku44Oj44Or44K944Oz44Km44Kp44Os44OD44OI77yI6ZW36LKh5biDIOiyoeW4g++8iSDpnakg5Lq65rCX44CQ5qW944Ku44OVX+WMheijheOAkeOAkOOCruODo+ODq+OCveODs+iyoeW4gyDjg5bjg6njg7Pjg4kg5aWz5oCn55SoIOODlOODs+OCryDjg6zjg4fjgqTjg7zjgrkg5pys6Z2pIOOBleOBhOOBtSDjgrXjgqTjg5Ug6ZW344K144Kk44OVIOWls+aAp+OAkeODreODs+OCsCDjgqbjgqnjg6zjg4Pjg4jjgJDjg6njg7Pjgq3jg7PjgrAg5bCP6Yqt5YWl44KMIGxhZGllcyDjg5fjg6zjgrzjg7Pjg4jjgJEg5q+NIOiqleeUn+aXpeODl+ODrOOCvOODs+ODiCDjg5Tjg7Pjgq8=[rn]
39-76439,aHR0cDovL3RzaG9wLnIxMHMuanAvbGFtYXJlZS9jYWJpbmV0L2ltZy9pbWctdl93YWxsZXQxL21vYmlsLTAxLmpwZz9maXRpbj03MDA6NzAw,NjczOS4yMDAw,,44OQ44OD44Kw44O75bCP54mp44O744OW44Op44Oz44OJ6ZuR6LKoID4g6LKh5biD44O744Kx44O844K5ID4g44Os44OH44Kj44O844K56LKh5biD,44Km44Kp44Os44OD44OI77yI44OV44Kh44K544OK44O85LuYIOS6jOOBpOaKmOOCiiDosqHluIPvvIkgIOODtOOCp+ODq+OCuOOCp+OCt+ODquODvOOCuiDosqHluIPjgJDjg6zjg4fjgqPjg7zjgrnjgJHjgJDlpbPmgKfnlKjjgJHjgJDjgZXjgYTjgbUg44K144Kk44OVIDLjgaTmipjjgorjgJHjgJDkurrmsJfjgJE=,6LKh5biDIOODrOODh+OCo+ODvOOCuSDlpbPmgKfnlKgg5LqM44Gk5oqY44KKIOOCteOCpOODlSDjgqbjgqnjg6zjg4Pjg4g=,PCEtLSDjgrPjg7Pjg4bjg7Pjg4QgLS0+IAo8ZGl2IGlkPSJjb250ZW50cyI+IAo8ZGl2IGlkPSJ2ZXJnZSI+CjxpbWcgc3JjPSJodHRwOi8vd3d3LnJha3V0ZW4ubmUuanAvZ29sZC9sYW1hcmVlL2ltZy9pbWctbGFua2luZy9sYW5raW5nX3ZlMDQuanBnIiBhbHQ9IuODqeODu+ODnuODvOODrOaKmOiyoeW4g+OBjOWjsuOCjOeti+ODqeODs+OCreODs+OCsOWFpeOCiuOBl+OBvuOBl+OBn++8gSIgLz48YnI+CjxoMT7jgIzjgqbjgqnigJXjg6zjg4Pjg4jvvIjjg5XjgqHjgrnjg4rjg7zku5jkuozjgaTmipjjgorosqHluIPvvInjgI0mbmJzcDvjg7Tjgqfjg6vjgrjjgqfjgrfjg6rjg7zjgro8L2gxPgo8aW1nIHNyYz0iaHR0cDovL3d3dy5yYWt1dGVuLm5lLmpwL2dvbGQvbGFtYXJlZS9pbWcvaW1nLXZfd2FsbGV0MS93YWxsZXQxLTEuanBnIiBhbHQ9IuODleOCoeOCueODiuODvOS7mOOCpuOCqeODvOODrOODg+ODiO+8iOS6jOOBpOaKmOOCiuiyoeW4g++8iSAg44O044Kn44Or44K444Kn44K344Oq44O844K6IiB3aWR0aD0iNjEwIiBoZWlnaHQ9IjQzNyIgLz4KPGRpdiBjbGFzcz0iaW1nY2VudGVyIG01Ij48YSBocmVmPSJodHRwOi8vd3d3LnJha3V0ZW4ubmUuanAvZ29sZC9sYW1hcmVlL3Nlcmllcy5odG0jdmVyZ2VyIj48aW1nIHNyYz0iaHR0cDovL3d3dy5yYWt1dGVuLm5lLmpwL2dvbGQvbGFtYXJlZS9pbWcvaW1nLXZfY29tbW9uL2NvbW1vbjEuanBnIiBhbHQ9IuODleOCoeOCueODiuODvOS7mOOCpuOCqeODvOODrOODg+ODiO+8iOS6jOOBpOaKmOOCiuiyoeW4g++8iSAg44O044Kn44Or44K444Kn44K344Oq44O844K6IiB3aWR0aD0iNTc5IiBoZWlnaHQ9Ijk1IiAvPjwvYT48L2Rpdj4KPCEtLeOCt+ODquODvOOCuue0ueS7i+aeoCAtLT4KPGRpdiBpZD0iY29udGVudHMiPjxkaXYgY2xhc3M9ImZ0X3NlcmllcyBjbGVhciI+CjxpZnJhbWUgc3JjPSJodHRwOi8vd3d3LnJha3V0ZW4ubmUuanAvZ29sZC9sYW1hcmVlL2Z0X3Nlcmllc18wM18yLmh0bSIgd2lkdGg9IjYwMCIgaGVpZ2h0PSIyNjAiIGZyYW1lYm9yZGVyPSIwIiBzY3JvbGxpbmc9Im5vIiBtYXJnaW53aWR0aD0iMCIgbWFyZ2luaGVpZ2h0PSIwIj48L2lmcmFtZT48L2Rpdj48L2Rpdj4KPCEtLS/jgrfjg6rjg7zjgrrntLnku4vmnqAgLS0+Cgo8cCBjbGFzcz0icDEiPuODleODqeODs+OCueOBruaenOaoueWckuOCkuOCpOODoeODvOOCuOOBl+OBn+OCr+ODqeODleODiOaEn+OBn+OBo+OBt+OCiuOBruOCq+OCuOODpeOCouODq+OBquOCt+ODquODvOOCuuOBp+OBmeOAgjxiciAvPgrjg4fjgrbjgqTjg7Pjga7jg53jgqTjg7Pjg4jjgajjgZfjgabjgIHooajmg4Xpg6jliIbjgavjgbLjgajjgaTjgbLjgajjgaTntJDjgpLmiYvnt6jjgb/jgZfoo73kvZzjgZfjgb7jgZfjgZ/jgII8YnIgLz4K5LiK6LOq44Gn44GX44Gq44KE44GL44Gq44K944OV44OI44Os44K244O844Gv5p+U6Luf5oCn44Gr5YSq44KM44CB5L2/44GG44GU44Go44Gr5LiK5ZOB44Gq6Im244GM44Gn44Gm5oSb552A44Gu44GC44KL6LK05pa544Gg44GR44Gu6aKo5ZCI44GE44KS44GK5qW944GX44G/44GE44Gf44Gg44GR44G+44GZ4pmqPC9wPgo8ZGl2IGNsYXNzPSJpbWdjZW50ZXIgbTQwIj48aW1nIHNyYz0iaHR0cDovL3d3dy5yYWt1dGVuLm5lLmpwL2dvbGQvbGFtYXJlZS9pbWcvaW1nLXZfd2FsbGV0MS93YWxsZXQxLTIuanBnIiBhbHQ9IuODleOCoeOCueODiuODvOS7mOOCpuOCqeODvOODrOODg+ODiOOBruODh+OCtuOCpOODs+ODneOCpOODs+ODiCIgd2lkdGg9IjU3OSIgaGVpZ2h0PSIzOTQiIC8+PC9kaXY+CjxpbWcgc3JjPSJodHRwOi8vd3d3LnJha3V0ZW4ubmUuanAvZ29sZC9sYW1hcmVlL2ltZy9pbWctdl93YWxsZXQxL3dhbGxldDEtMy5qcGciIGFsdD0i44Kt44Ol44O844OI44Gq44OV44Kh44K544OK44O85LuY44Km44Kp44O844Os44OD44OI77yI5LqM44Gk5oqY44KK6LKh5biD77yJIiB3aWR0aD0iNjEwIiBoZWlnaHQ9IjQzOCIgY2xhc3M9Im0zMCIgLz4KPGltZyBzcmM9Imh0dHA6Ly93d3cucmFrdXRlbi5uZS5qcC9nb2xkL2xhbWFyZWUvaW1nL2ltZy12X3dhbGxldDEvd2FsbGV0MS00LmpwZyIgYWx0PSLjg5XjgqHjgrnjg4rjg7zku5jjgqbjgqnjg7zjg6zjg4Pjg4jvvIjkuozjgaTmipjjgorosqHluIPvvInjga7jg53jgqTjg7Pjg4giIHdpZHRoPSI2MTAiIGhlaWdodD0iMTExIiBjbGFzcz0ibTMwIiAvPgo8ZGl2IGNsYXNzPSJwb2ludCBwb2ludF93YWxsZXQxIGNsZWFyZml4IG00MCI+CjxkaXYgY2xhc3M9ImxlZnQiPjxpbWcgc3JjPSJodHRwOi8vd3d3LnJha3V0ZW4ubmUuanAvZ29sZC9sYW1hcmVlL2ltZy9pbWctdl93YWxsZXQxL3dhbGxldDEtNS5qcGciIHdpZHRoPSIyNjUiIGhlaWdodD0iMTk1IiBhbHQ9IuODleOCoeOCueODiuODvOS7mOOCpuOCqeODvOODrOODg+ODiO+8iOS6jOOBpOaKmOOCiuiyoeW4g++8ieOBruips+e0sOWGmeecnyIgLz4KPHA+MS7jg57jg4Hku5jjgY3jg5XjgqHjgrnjg4rjg7zjg53jgrHjg4Pjg4jjga/jgIHlsI/piq3jgpLliIbliKXlj47ntI3jgILlt6blj7Pjga7jg53jgrHjg4Pjg4jjgavjga/jgIHjg53jgqTjg7Pjg4jjgqvjg7zjg4npoZ7jgpLjgb7jgajjgoHjgablj47ntI3imao8L3A+CjwvZGl2Pgo8ZGl2IGNsYXNzPSJyaWdodCI+PGltZyBzcmM9Imh0dHA6Ly93d3cucmFrdXRlbi5uZS5qcC9nb2xkL2xhbWFyZWUvaW1nL2ltZy12X3dhbGxldDEvd2FsbGV0MS02LmpwZyIgd2lkdGg9IjI2NSIgaGVpZ2h0PSIxOTUiIGFsdD0i44OV44Kh44K544OK44O85LuY44Km44Kp44O844Os44OD44OI77yI5LqM44Gk5oqY44KK6LKh5biD77yJ44Gu6Kmz57Sw5YaZ55yfIiAvPgo8cD4yLuOCq+ODvOODieODm+ODq+ODgOODvOOBr+W3puWPs+OBq+WQiOioiDjjg7bmiYDku5jjgYTjgabjgYTjgb7jgZnjgII8L3A+CjwvZGl2Pgo8L2Rpdj4KPGRpdiBjbGFzcz0icG9pbnQgcG9pbnRfd2FsbGV0MSBjbGVhcmZpeCI+CjxkaXYgY2xhc3M9ImxlZnQiPgo8aW1nIHNyYz0iaHR0cDovL3d3dy5yYWt1dGVuLm5lLmpwL2dvbGQvbGFtYXJlZS9pbWcvaW1nLXZfd2FsbGV0MS93YWxsZXQxLTcuanBnIiB3aWR0aD0iMjY1IiBoZWlnaHQ9IjE5NSIgYWx0PSLjg5XjgqHjgrnjg4rjg7zku5jjgqbjgqnjg7zjg6zjg4Pjg4jvvIjkuozjgaTmipjjgorosqHluIPvvInjga7oqbPntLDlhpnnnJ8iIC8+CjxwPjMu57SZ5bmj5Y+O57SN44Gv44CB5LiJ5bGk44K/44Kk44OX44Gn44CB5YiG5Yil44KC5qW944CF4pmq44CAPC9wPgo8L2Rpdj4KPGRpdiBjbGFzcz0icmlnaHQiPjxpbWcgc3JjPSJodHRwOi8vd3d3LnJha3V0ZW4ubmUuanAvZ29sZC9sYW1hcmVlL2ltZy9pbWctdl93YWxsZXQxL3dhbGxldDEtOC5qcGciIHdpZHRoPSIyNjUiIGhlaWdodD0iMTk1IiBhbHQ9IuODleOCoeOCueODiuODvOS7mOOCpuOCqeODvOODrOODg+ODiO+8iOS6jOOBpOaKmOOCiuiyoeW4g++8ieOBruips+e0sOWGmeecnyIgLz4KPHA+NC7kvr/liKnjgarlpJbjg53jgrHjg4Pjg4jku5jjgY3jgafjgZnjgII8L3A+CjwvZGl2Pgo8L2Rpdj4KPGRpdiBjbGFzcz0icG9pbnQgcG9pbnRfd2FsbGV0MSBjbGVhcmZpeCI+CjxkaXYgY2xhc3M9ImxlZnQiPjxpbWcgc3JjPSJodHRwOi8vd3d3LnJha3V0ZW4ubmUuanAvZ29sZC9sYW1hcmVlL2ltZy9pbWctdl93YWxsZXQxL3dhbGxldDEtOS5qcGciIHdpZHRoPSIyNjUiIGhlaWdodD0iMTk1IiBhbHQ9IuODleOCoeOCueODiuODvOS7mOOCpuOCqeODvOODrOODg+ODiO+8iOS6jOOBpOaKmOOCiuiyoeW4g++8ieOBruips+e0sOWGmeecnyIgLz4KPHA+NS7plbfjgY/kvb/jgYTmmJPjgYTjg5XjgqHjgrnjg4rjg7zjga7lvJXjgY3miYvjga/jgIHpnanntJDjgpLnt6jjgb/jgZPjgb/jgqLjg7Pjg4bjgqPjg4Pjgq/ph5HlhbfjgafjgYrmtJLokL3jgavpo77jgorjgaTjgZHjgZfjgb7jgZfjgZ/jgILjgIA8L3A+CjwvZGl2Pgo8L2Rpdj4KPGgyPjxpbWcgc3JjPSJodHRwOi8vd3d3LnJha3V0ZW4ubmUuanAvZ29sZC9sYW1hcmVlL2ltZy9pbWctdl9jb21tb24vY29tbW9uMi5naWYiIGFsdD0i44OV44Kh44K544OK44O85LuY44Km44Kp44O844Os44OD44OI77yI5LqM44Gk5oqY44KK6LKh5biD77yJ44Gu44K144Kk44K6IiB3aWR0aD0iNjEwIiBoZWlnaHQ9IjM1IiBjbGFzcz0ibTQwIiAvPjwvaDI+CjxkaXYgY2xhc3M9ImltZ2NlbnRlciBtMzAiPjxpbWcgc3JjPSJodHRwOi8vd3d3LnJha3V0ZW4ubmUuanAvZ29sZC9sYW1hcmVlL2ltZy9pbWctdl93YWxsZXQxL3dhbGxldDEtMTEuanBnIiB3aWR0aD0iNDIwIiBoZWlnaHQ9IjQ5OCIgYWx0PSLjg5XjgqHjgrnjg4rjg7zku5jjgqbjgqnjg7zjg6zjg4Pjg4jvvIjkuozjgaTmipjjgorosqHluIPvvInjga7jgrXjgqTjgroiIC8+PC9kaXY+CjxkaXYgY2xhc3M9ImRldGFpbCI+CjxpbWcgc3JjPSJodHRwOi8vd3d3LnJha3V0ZW4ubmUuanAvZ29sZC9sYW1hcmVlL2ltZy9pbWctdl9jb21tb24vY29tbW9uMy5naWYiIGFsdD0i44OV44Kh44K544OK44O85LuY44Km44Kp44O844Os44OD44OI77yI5LqM44Gk5oqY44KK6LKh5biD77yJ44Gu5ZWG5ZOB6Kmz57SwIiB3aWR0aD0iNTE5IiBoZWlnaHQ9IjI0IiAvPgo8ZGwgY2xhc3M9ImJvcmRlciI+CjxkdD7ntKDmnZA8L2R0Pgo8ZGQ+6KGo77ya54mb6Z2pJm5ic3A7Jm5ic3A7Jm5ic3A7Jm5ic3A76KOP77ya54mb6Z2pPC9kZD4KPC9kbD4KPGRsIGNsYXNzPSJib3JkZXIiPgo8ZHQ+44K144Kk44K6PC9kdD4KPGRkPuOCv+ODhu+8mjEwY20mbmJzcDsmbmJzcDvjg6jjgrPvvJoxNS4yY20mbmJzcDsmbmJzcDvluYXvvJozY208L2RkPgo8L2RsPgo8ZGw+CjxkdD7ku5Xmp5g8L2R0Pgo8ZGQ+5pyt5YWl44KM77yaMyZuYnNwOyZuYnNwO+Wwj+mKreWFpeOCjO+8mjImbmJzcDsmbmJzcDvjgqvjg7zjg4nlhaXjgozvvJo4Jm5ic3A7Jm5ic3A744Od44Kx44OD44OI77yaMzwvZGQ+CjwvZGw+CjxpbWcgc3JjPSJodHRwOi8vd3d3LnJha3V0ZW4ubmUuanAvZ29sZC9sYW1hcmVlL2ltZy9pbWctdl9jb21tb24vY29tbW9uNS5naWYiIGFsdD0iIiB3aWR0aD0iNTE5IiBoZWlnaHQ9IjQiIC8+PC9kaXY+CjxkaXYgY2xhc3M9ImltZ2NlbnRlciBtNDAiPjxpbWcgc3JjPSJodHRwOi8vd3d3LnJha3V0ZW4ubmUuanAvZ29sZC9sYW1hcmVlL2ltZy9pbWctY29tbW9uL2NhdXRpb24uanBnIiBhbHQ9IuacrOmdqeOBruiovCIgd2lkdGg9IjU5OCIgaGVpZ2h0PSI5OCIgLz48L2Rpdj4KPGRpdiBjbGFzcz0iaW1nY2VudGVyIG00MCI+PGEgaHJlZj0iaHR0cDovL3d3dy5yYWt1dGVuLm5lLmpwL2dvbGQvbGFtYXJlZS9wcm9jZXNzLmh0bSI+PGltZyBzcmM9Imh0dHA6Ly93d3cucmFrdXRlbi5uZS5qcC9nb2xkL2xhbWFyZWUvaW1nL2ltZy1jb21tb24vb3JpZ2luYWwuanBnIiBhbHQ9IuODqeODu+ODnuODvOODrOmdqeijveWTgeOBr+OCquODquOCuOODiuODqyIgYm9yZGVyPSIwIiAvPjwvYT48L2Rpdj4KPGRpdiBjbGFzcz0iYm94Ij4KPGRpdiBjbGFzcz0iYm94X3RpdGxlIj48aW1nIHNyYz0iaHR0cDovL3d3dy5yYWt1dGVuLm5lLmpwL2dvbGQvbGFtYXJlZS9pbWcvaW1nLWNvbW1vbi9ib3hfdGl0bGUuZ2lmIiBhbHQ9IuODleOCoeOCueODiuODvOS7mOOCpuOCqeODvOODrOODg+ODiO+8iOS6jOOBpOaKmOOCiuiyoeW4g++8ieOCquODquOCuOODiuODq+euseOBqOS/neitt+iiiyIgd2lkdGg9IjM3OCIgaGVpZ2h0PSIzMCIgLz48L2Rpdj4KPGRpdiBjbGFzcz0idHh0Ij48cD7jg6njg7vjg57jg7zjg6zjga7jgrfjg7Pjg5zjg6vjg57jg7zjgq/jgIznvoXph53nm6TjgI3jga7jg63jgrTlhaXjgorljJbnsqfnrrHjgajkv53orbfooovjgYzmqJnmupbjgafjgaTjgYTjgabjgY3jgb7jgZnjgII8YnIgLz4K4oCc44Op44O744Oe44O844Os4oCd44OW44Op44Oz44OJ44Gr6Zai44GZ44KL6Kqs5piO5pu444Go44CBPGJyIC8+CuWPluaJseOBhOazqOaEj+abuOOBjeOCq+ODvOODieOCguWQjOWwgeOBl+OBpuOBhOOBvuOBmeOAgjwvcD48L2Rpdj4KPC9kaXY+CjwhLS0gd3JhcHBpbmcgLS0+CjxkaXYgY2xhc3M9IndyYXBwIGNsZWFyZml4Ij4KPGRpdiBjbGFzcz0ibGVmdCI+PGltZyBzcmM9Imh0dHA6Ly93d3cucmFrdXRlbi5uZS5qcC9nb2xkL2xhbWFyZWUvaW1nL2ltZy13cmFwcGluZy9pbWczLmpwZz8wMiIgYWx0PSLjgq7jg5Xjg4jjg6njg4Pjg5Tjg7PjgrDjga7lhpnnnJ8iIHdpZHRoPSIzMTEiIGhlaWdodD0iMjU2IiAvPjwvZGl2Pgo8ZGl2IGNsYXNzPSJyaWdodCI+CjxkaXY+PGltZyBzcmM9Imh0dHA6Ly93d3cucmFrdXRlbi5uZS5qcC9nb2xkL2xhbWFyZWUvaW1nL2ltZy13cmFwcGluZy9pbWc0LmdpZiIgd2lkdGg9IjIzOSIgaGVpZ2h0PSIxOSIgLz4KPHAgY2xhc3M9InAxIj7kvqHmoLwmbmJzcDsmbmJzcDsxMDDlhoYgKOeojuWIpSkg6YCB5paZ5YilPC9wPgo8cD7jgq7jg5Xjg4jnlKjjg6njg4Pjg5Tjg7PjgrDjgpLjgZTluIzmnJvjga7mlrnjga/jgIE8YnIgLz4K44CM44Ku44OV44OI44Op44OD44OU44Oz44Kw44CN44Oa44O844K444Gn4oCc6LK344GE54mp44GL44GU44Gr5YWl44KM44KL4oCd44KS44Kv44Oq44OD44Kv44GX44Gm44GP44Gg44GV44GE44CCPC9wPgo8cD7igLsy54K55Lul5LiK44GK6LK344GE5LiK44GS44Gu44GK5a6i5qeY44Gv44CBPGJyIC8+CuOCruODleODiOODqeODg+ODlOODs+OCsOOBruW4jOacm+WVhuWTgeOCkuOCq+ODvOODiOWGheOBruWCmeiAg+ashOOBq+aYjuiomOOBl+OBpuOBj+OBoOOBleOBhOOAgjwvcD4KPHA+PGEgaHJlZj0iaHR0cDovL2l0ZW0ucmFrdXRlbi5jby5qcC9sYW1hcmVlL3dyYXBwaW5nLyI+PGltZyBzcmM9Imh0dHA6Ly93d3cucmFrdXRlbi5uZS5qcC9nb2xkL2xhbWFyZWUvaW1nL2ltZy13cmFwcGluZy9pbWc2LmdpZiIgd2lkdGg9IjIwMCIgaGVpZ2h0PSIyMyIgLz48L2E+PC9wPjwvZGl2Pgo8L2Rpdj4KPC9kaXY+CjwhLS0gLyB3cmFwcGluZyAtLT4KCjxpbWcgc3JjPSJodHRwOi8vd3d3LnJha3V0ZW4ubmUuanAvZ29sZC9sYW1hcmVlL2ltZy9pbWctdl9jb21tb24vY29tbW9uNy5qcGciIGFsdD0i44OV44Kh44K544OK44O85LuY44Km44Kp44O844Os44OD44OI77yI5LqM44Gk5oqY44KK6LKh5biD77yJ44Gu44Kr44Op44O844Op44Kk44Oz44OK44OD44OXIiB3aWR0aD0iNTk2IiBoZWlnaHQ9IjQ4IiBjbGFzcz0ibTQwIiAvPgo8ZGl2IGNsYXNzPSJsaW5ldXAgY2xlYXJmaXgiPgo8ZGl2IGNsYXNzPSJsZWZ0Ij48aW1nIHNyYz0iaHR0cDovL3d3dy5yYWt1dGVuLm5lLmpwL2dvbGQvbGFtYXJlZS9pbWcvaW1nLXZfd2FsbGV0MS9jdi00cGkuanBnIiB3aWR0aD0iMjgwIiBoZWlnaHQ9IjI2MCIgYWx0PSLjg5XjgqHjgrnjg4rjg7zku5jjgqbjgqnjg7zjg6zjg4Pjg4jvvIjkuozjgaTmipjjgorosqHluIPvvInvvJrjg5Tjg7zjg4Hjg5Tjg7Pjgq8iIC8+PC9kaXY+CjxkaXYgY2xhc3M9InJpZ2h0Ij48aW1nIHNyYz0iaHR0cDovL3d3dy5yYWt1dGVuLm5lLmpwL2dvbGQvbGFtYXJlZS9pbWcvaW1nLXZfd2FsbGV0MS9jdi00b3IuanBnIiB3aWR0aD0iMjgwIiBoZWlnaHQ9IjI2MCIgYWx0PSLjg5XjgqHjgrnjg4rjg7zku5jjgqbjgqnjg7zjg6zjg4Pjg4jvvIjkuozjgaTmipjjgorosqHluIPvvInvvJrjgq3jg6Pjg63jg4Pjg4jjgqrjg6zjg7PjgrgiIC8+PC9kaXY+CjwvZGl2Pgo8ZGl2IGNsYXNzPSJsaW5ldXAgY2xlYXJmaXgiPgo8ZGl2IGNsYXNzPSJsZWZ0Ij48aW1nIHNyYz0iaHR0cDovL3d3dy5yYWt1dGVuLm5lLmpwL2dvbGQvbGFtYXJlZS9pbWcvaW1nLXZfd2FsbGV0MS9jdi00Z3IuanBnIiB3aWR0aD0iMjgwIiBoZWlnaHQ9IjI2MCIgYWx0PSLjg5XjgqHjgrnjg4rjg7zku5jjgqbjgqnjg7zjg6zjg4Pjg4jvvIjkuozjgaTmipjjgorosqHluIPvvInvvJrjg6njgqTjg6DjgrDjg6rjg7zjg7MiIC8+PC9kaXY+CjxkaXYgY2xhc3M9InJpZ2h0Ij48aW1nIHNyYz0iaHR0cDovL3d3dy5yYWt1dGVuLm5lLmpwL2dvbGQvbGFtYXJlZS9pbWcvaW1nLXZfd2FsbGV0MS9jdi00YnIuanBnIiB3aWR0aD0iMjgwIiBoZWlnaHQ9IjI2MCIgYWx0PSLjg5XjgqHjgrnjg4rjg7zku5jjgqbjgqnjg7zjg6zjg4Pjg4jvvIjkuozjgaTmipjjgorosqHluIPvvInvvJrjgrPjgrPjg4rjg4Pjg4Tjg5bjg6njgqbjg7MiIC8+PC9kaXY+CjwvZGl2Pgo8ZGl2IGNsYXNzPSJsaW5ldXAgY2xlYXJmaXgiPgo8ZGl2IGNsYXNzPSJsZWZ0Ij48aW1nIHNyYz0iaHR0cDovL3d3dy5yYWt1dGVuLm5lLmpwL2dvbGQvbGFtYXJlZS9pbWcvaW1nLXZfd2FsbGV0MS9jdi00Y2guanBnIiB3aWR0aD0iMjgwIiBoZWlnaHQ9IjI2MCIgYWx0PSLjg5XjgqHjgrnjg4rjg7zku5jjgqbjgqnjg7zjg6zjg4Pjg4jvvIjkuozjgaTmipjjgorosqHluIPvvInvvJrjg4Hjg6fjgrPjg6zjg7zjg4jjg5bjg6njgqbjg7MiIC8+PC9kaXY+CjwvZGl2Pgo8YnI+Cjxicj4KPGJyPgo8L2Rpdj4KPC9kaXY+CjwhLS0gLyDjgrPjg7Pjg4bjg7Pjg4QgLS0+Cgo8IS0t44O044Kn44Or44K444KnMDEw44G4LS0+CjwhLS08cD48YSBocmVmPSJodHRwOi8vaXRlbS5yYWt1dGVuLmNvLmpwL2xhbWFyZWUvcHZfbG9uZzIvIj48aW1nIHNyYz0iaHR0cDovL2ltYWdlLnJha3V0ZW4uY28uanAvbGFtYXJlZS9jYWJpbmV0L3Nob2hpbi92ZS0wMTAvbG9uZzI3LmpwZyIgd2lkdGg9IjU5NyIgaGVpZ2h0PSIyMzYiIGJvcmRlcj0iMCI+PC9hPjwvcD4tLT4KPCEtLS/jg7Tjgqfjg6vjgrjjgqcwMTDjgbgtLT4KPCEtLeODkeOCueOCseODvOOCue+8huOBjOOBvuWPoy0tPCEtLT48IS0tPGltZyBzcmM9Imh0dHA6Ly93d3cucmFrdXRlbi5uZS5qcC9nb2xkL2xhbWFyZWUvaW1nL2ltZy12X2NvbW1vbi9jb21tb24xNi0yLmpwZyIgYm9yZGVyPSIwIiB1c2VtYXA9IiNNYXAxMCI+CjxtYXAgbmFtZT0iTWFwMTAiPjxhcmVhIHNoYXBlPSJyZWN0IiBjb29yZHM9IjE2LDg1LDU3NiwzNTAiIGhyZWY9Imh0dHA6Ly9pdGVtLnJha3V0ZW4uY28uanAvbGFtYXJlZS92ZS0wMTQvIj4KPGFyZWEgc2hhcGU9InJlY3QiIGNvb3Jkcz0iMTYsMzcyLDU3OCw3MDkiIGhyZWY9Imh0dHA6Ly9pdGVtLnJha3V0ZW4uY28uanAvbGFtYXJlZS92ZS0wMTEvIj4KPC9tYXA+LS0+PCEtLS8v44OR44K544Kx44O844K577yG44GM44G+5Y+jLS0+CjxkaXYgY2xhc3M9Im00MCBjbGVhciI+CjwhLS3nibnpm4bjg6rjg7Pjgq8tLT4KPGlmcmFtZSBzcmM9Imh0dHA6Ly93d3cucmFrdXRlbi5uZS5qcC9nb2xkL2xhbWFyZWUvc3BlY2lhbC1iYW5uZXIuaHRtbCIgaGVpZ2h0PSIxOTAiIHdpZHRoPSI2MDAiIGZyYW1lYm9yZGVyPSIwIiBzY3JvbGxpbmc9Im5vIiBtYXJnaW53aWR0aD0iMCIgbWFyZ2luaGVpZ2h0PSIwIj48L2lmcmFtZT4KPCEtLS/nibnpm4bjg6rjg7Pjgq8tLT4KPHAgY2xhc3M9Im9yZGVyIj48aWZyYW1lIHNyYz0iaHR0cDovL3d3dy5yYWt1dGVuLm5lLmpwL2dvbGQvbGFtYXJlZS9mdF9vcmRlci5odG0iIGhlaWdodD0iNDcwIiB3aWR0aD0iNjAwIiBmcmFtZWJvcmRlcj0iMCIgc2Nyb2xsaW5nPSJubyIgbWFyZ2lud2lkdGg9IjAiIG1hcmdpbmhlaWdodD0iMCI+PC9pZnJhbWU+PC9wPgo8YnI+CjxpZnJhbWUgc3JjPSJodHRwOi8vd3d3LnJha3V0ZW4ubmUuanAvZ29sZC9sYW1hcmVlL3NwZWNpYWwtYmFubmVyMi5odG1sIiBoZWlnaHQ9IjI0MCIgd2lkdGg9IjYwMCIgZnJhbWVib3JkZXI9IjAiIHNjcm9sbGluZz0ibm8iIG1hcmdpbndpZHRoPSIwIiBtYXJnaW5oZWlnaHQ9IjAiPjwvaWZyYW1lPgo8L2Rpdj48cCBjbGFzcz0iZm9udDEiPuODoeODs+OCuuODu+ODrOODh+OCo+ODvOOCueOCkuWvvuixoeOBq+iyoeW4g+ODu+mVt+iyoeW4g+ODu+OCreODvOOCseODvOOCueODu+WQjeWIuuWFpeOBquOBqemdqeWwj+eJqeOCkuWxlemWi+OBmeOCizxicj7jg6njg7vjg57jg7zjg6zjgIDjgqrjg6rjgrjjg4rjg6vjg6zjgrbjg7zjgrDjg4PjgrrjgII8YnI+44Kk44Oz44K/44O844ON44OD44OI6ZmQ5a6a6LKp5aOy5Lit44CC44OX44Os44K844Oz44OI44KE44Ku44OV44OI44Gr44KC5pyA6YGp77yB77yBPC9wPjwhLS3jgrfjg6rjg7zjgrrntLnku4vmnqAgLS0+PGRpdiBpZD0iY29udGVudHMiPjxkaXYgY2xhc3M9ImZ0X3NlcmllcyBjbGVhciI+PC9kaXY+PHAgY2xhc3M9InBhZ2V0b3AiPjxpbWcgc3JjPSJodHRwOi8vaW1hZ2UucmFrdXRlbi5jby5qcC9sYW1hcmVlL2NhYmluZXQvaW1nL2ltZy12X2NvbW1vbi9jb21tb24xNC5naWYiIGFsdD0iIiB3aWR0aD0iMTIiIGhlaWdodD0iMTMiIC8+44GT44Gu44Oa44O844K444Gu44OI44OD44OX44G4PC9wPjwvZGl2PjwhLS0v44K344Oq44O844K657S55LuL5p6gIC0tPjwhLS08ZGl2PjxpbWcgc3JjPSJodHRwOi8vaW1hZ2UucmFrdXRlbi5jby5qcC9sYW1hcmVlL2NhYmluZXQvY29tbW9uMDEvc3BfYmFubmVyMTAuanBnIiBib3JkZXI9IjAiIHVzZW1hcD0iI01hcCI+CiAgICA8bWFwIG5hbWU9Ik1hcCI+CiAgICAgIAogICAgICAKICAgIDwvbWFwPi0tPiAgPCEtLTxpbWcgc3JjPSJodHRwOi8vaW1hZ2UucmFrdXRlbi5jby5qcC9sYW1hcmVlL2NhYmluZXQvY29tbW9uMDEvc2FsZTAyMjUuanBnIiBib3JkZXI9IjAiPiAtLT4=,44Km44Kp44Os44OD44OI77yI44OV44Kh44K544OK44O85LuYIOS6jOOBpOaKmOOCiiDosqHluIPvvIkgIOODtOOCp+ODq+OCuOOCp+OCt+ODquODvOOCuiDosqHluIPjgJDjg6zjg4fjgqPjg7zjgrnjgJHjgJDlpbPmgKfnlKjjgJHjgJDjgZXjgYTjgbUg44K144Kk44OVIDLjgaTmipjjgorjgJHjgJDkurrmsJfjgJHvvJrjg6njg7vjg57jg7zjg6w=,6LKh5biDIOOCteOCpOODlSDjgZXjgYTjgbXplbfosqHluIPpnanlsI/nianjgq3jg7zjgrHjg7zjgrnpnanoo73lk4Hmr43jga7ml6Ug54i244Gu5pelIOOCr+ODquOCueODnuOCuSDjg6njg4Pjg5Tjg7PjgrDjgYzjgb7lj6Mg44GM44G+44GQ44Gh5LqM44Gk5oqY44KK6LKh5biD44Oh44Oz44K6IOeUt+aAp+eUqCAgTWVuJ3Pjg6zjg4fjgqPjg7zjgrkg5aWz5oCn55SoIOODrOODh+OCo+OCuSBsYWRpZXPjgq7jg5Xjg4gg44OX44Os44K844Oz44OI5ZCN5Yi65YWl44KMIOWQjeWIuuWFpemiqOawtCDpgYvmsJcg54yrIOm7hOiJsuOBr+OBjuOCjCDpnanjg5HjgrnjgrHjg7zjgrkg5a6a5pyf5YWl44KM44OQ44OD44KwIOODneOCt+OCp+ODg+ODiOOCreODvOODu+OCseODvOOCue+8hU9GRuODlOODs+OCr+ODnuODjeODvOOCr+ODquODg+ODlyDjgqbjgqnjg6zjg4Pjg4jjg4Hjgqfjg7zjg7Pjgqbjgqnjg6zjg4Pjg4jvvIjjg5XjgqHjgrnjg4rjg7zku5gg5LqM44Gk5oqY44KKIOiyoeW4g++8iSAg44O044Kn44Or44K444Kn44K344Oq44O844K6IOiyoeW4g+OAkOODrOODh+OCo+ODvOOCueOAkeOAkOWls+aAp+eUqOOAkeOAkOOBleOBhOOBtSDjgrXjgqTjg5UgMuOBpOaKmOOCiuOAkeOAkOS6uuawl+OAkQ==,6LKh5biDIOODrOODh+OCo+ODvOOCuSDlpbPmgKfnlKgg5LqM44Gk5oqY44KKIOOCteOCpOODlSDjgqbjgqnjg6zjg4Pjg4jjgILjgqbjgqnjg6zjg4Pjg4jvvIjjg5XjgqHjgrnjg4rjg7zku5gg5LqM44Gk5oqY44KKIOiyoeW4g++8iSAg44O044Kn44Or44K444Kn44K344Oq44O844K6IOiyoeW4g+OAkOODrOODh+OCo+ODvOOCueOAkeOAkOWls+aAp+eUqOOAkeOAkOOBleOBhOOBtSDjgrXjgqTjg5UgMuOBpOaKmOOCiuOAkeOAkOS6uuawl+OAkQ==[rn]
39-76440,aHR0cDovL3RzaG9wLnIxMHMuanAvbGFtYXJlZS9jYWJpbmV0L21vYmlsZS92ZS0wMDZfbW9iaWwwMS5qcGc/Zml0aW49NzAwOjcwMA==,NjczOS4yMDAw,,44OQ44OD44Kw44O75bCP54mp44O744OW44Op44Oz44OJ6ZuR6LKoID4g6LKh5biD44O744Kx44O844K5ID4g44Os44OH44Kj44O844K56LKh5biD,44Os44OH44Kj44O844K544Km44Kp44Os44OD44OI77yI5Y+j6YeR5LuY77yJICDjg7Tjgqfjg6vjgrjjgqfjgrfjg6rjg7zjgrog44GM44G+5Y+jIOiyoeW4gyDkuozjgaTmipjjgoog44Os44OH44Kj44O844K5IOWls+aAp+eUqCAy44Gk5oqY44KKIOOCteOCpOODlQ==,6LKh5biDIOODrOODh+OCo+ODvOOCuSDlpbPmgKfnlKgg5LqM44Gk5oqY44KKIOOCteOCpOODlSDjgqbjgqnjg6zjg4Pjg4g=,PCEtLSDjgrPjg7Pjg4bjg7Pjg4QgLS0+IAo8ZGl2IGlkPSJjb250ZW50cyI+IAo8ZGl2IGlkPSJ2ZXJnZSI+CjxpbWcgc3JjPSJodHRwOi8vd3d3LnJha3V0ZW4ubmUuanAvZ29sZC9sYW1hcmVlL2ltZy9pbWctbGFua2luZy9sYW5raW5nX3ZlMDZfMDEuanBnIiBhbHQ9IuODqeODu+ODnuODvOODrOOCrOODnuWPo+iyoeW4g+OBjOWjsuOCjOeti+ODqeODs+OCreODs+OCsOWFpeOCiuOBl+OBvuOBl+OBn++8gSIgLz48YnI+CjxoMT7jgIzjgqbjgqnigJXjg6zjg4Pjg4go5Y+j6YeR5LuYKeOCrOODnuWPo+OAjSZuYnNwO+ODtOOCp+ODq+OCuOOCp+OCt+ODquODvOOCujwvaDE+CjxpbWcgc3JjPSJodHRwOi8vd3d3LnJha3V0ZW4ubmUuanAvZ29sZC9sYW1hcmVlL2ltZy9pbWctdl93YWxsZXQyL3dhbGxldDItMS5qcGciIGFsdD0i44Km44Kp44O844Os44OD44OI77yI5Y+j6YeR5LuY77yJ44GM44G+5Y+j6LKh5biDICDjg7Tjgqfjg6vjgrjjgqfjgrfjg6rjg7zjgroiIHdpZHRoPSI2MTAiIGhlaWdodD0iNDM3IiAvPgo8ZGl2IGNsYXNzPSJpbWdjZW50ZXIgbTUiPjxhIGhyZWY9Imh0dHA6Ly93d3cucmFrdXRlbi5uZS5qcC9nb2xkL2xhbWFyZWUvc2VyaWVzLmh0bSN2ZXJnZXIiPjxpbWcgc3JjPSJodHRwOi8vd3d3LnJha3V0ZW4ubmUuanAvZ29sZC9sYW1hcmVlL2ltZy9pbWctdl9jb21tb24vY29tbW9uMS5qcGciIGFsdD0i44Km44Kp44O844Os44OD44OI77yI5Y+j6YeR5LuY77yJ44GM44G+5Y+j6LKh5biDICDjg7Tjgqfjg6vjgrjjgqfjgrfjg6rjg7zjgroiIHdpZHRoPSI1NzkiIGhlaWdodD0iOTUiIC8+PC9hPjwvZGl2Pgo8IS0t44K344Oq44O844K657S55LuL5p6gIC0tPgo8ZGl2IGlkPSJjb250ZW50cyI+PGRpdiBjbGFzcz0iZnRfc2VyaWVzIGNsZWFyIj4KPGlmcmFtZSBzcmM9Imh0dHA6Ly93d3cucmFrdXRlbi5uZS5qcC9nb2xkL2xhbWFyZWUvZnRfc2VyaWVzXzAzXzIuaHRtIiB3aWR0aD0iNjAwIiBoZWlnaHQ9IjI2MCIgZnJhbWVib3JkZXI9IjAiIHNjcm9sbGluZz0ibm8iIG1hcmdpbndpZHRoPSIwIiBtYXJnaW5oZWlnaHQ9IjAiPjwvaWZyYW1lPjwvZGl2PjwvZGl2Pgo8IS0tL+OCt+ODquODvOOCuue0ueS7i+aeoCAtLT4KCjxwIGNsYXNzPSJwMSI+44OV44Op44Oz44K544Gu5p6c5qi55ZyS44KS44Kk44Oh44O844K444GX44Gf44Kv44Op44OV44OI5oSf44Gf44Gj44G344KK44Gu44Kr44K444Ol44Ki44Or44Gq44K344Oq44O844K644Gn44GZ44CCPGJyIC8+CuODh+OCtuOCpOODs+OBruODneOCpOODs+ODiOOBqOOBl+OBpuOAgeihqOaDhemDqOWIhuOBq+OBsuOBqOOBpOOBsuOBqOOBpOe0kOOCkuaJi+e3qOOBv+OBl+ijveS9nOOBl+OBvuOBl+OBn+OAgjxiciAvPgrkuIros6rjgafjgZfjgarjgoTjgYvjgarjgr3jg5Xjg4jjg6zjgrbjg7zjga/mn5Tou5/mgKfjgavlhKrjgozjgIHkvb/jgYbjgZTjgajjgavkuIrlk4HjgaroibbjgYzjgafjgabmhJvnnYDjga7jgYLjgovosrTmlrnjgaDjgZHjga7poqjlkIjjgYTjgpLjgYrmpb3jgZfjgb/jgYTjgZ/jgaDjgZHjgb7jgZnimao8L3A+CjxkaXYgY2xhc3M9ImltZ2NlbnRlciBtNDAiPjxpbWcgc3JjPSJodHRwOi8vd3d3LnJha3V0ZW4ubmUuanAvZ29sZC9sYW1hcmVlL2ltZy9pbWctdl93YWxsZXQyL3dhbGxldDItMi5qcGciIGFsdD0i44Os44OH44Kj44O844K544Km44Kp44O844Os44OD44OI44Gu44OH44K244Kk44Oz44Od44Kk44Oz44OIIiB3aWR0aD0iNTc5IiBoZWlnaHQ9IjM5NCIgLz48L2Rpdj4KPGltZyBzcmM9Imh0dHA6Ly93d3cucmFrdXRlbi5uZS5qcC9nb2xkL2xhbWFyZWUvaW1nL2ltZy12X3dhbGxldDIvd2FsbGV0Mi0zLmpwZyIgYWx0PSLjgq3jg6Xjg7zjg4jjgarjg6zjg4fjgqPjg7zjgrnjgqbjgqnjg7zjg6zjg4Pjg4jvvIjlj6Pph5Hku5jvvInjgYzjgb7lj6PosqHluIMiIHdpZHRoPSI2MTAiIGhlaWdodD0iNDUwIiBjbGFzcz0ibTMwIiAvPjxpbWcgc3JjPSJodHRwOi8vd3d3LnJha3V0ZW4ubmUuanAvZ29sZC9sYW1hcmVlL2ltZy9pbWctdl93YWxsZXQyL3dhbGxldDItNC5qcGciIGFsdD0i44Km44Kp44O844Os44OD44OI77yI5Y+j6YeR5LuY77yJ44GM44G+5Y+j6LKh5biD44Gu44Od44Kk44Oz44OIIiB3aWR0aD0iNjEwIiBoZWlnaHQ9IjEyMSIgY2xhc3M9Im0zMCIgLz4KPGRpdiBjbGFzcz0icG9pbnQgcG9pbnRfd2FsbGV0MiBjbGVhcmZpeCBtNDAiPgo8ZGl2IGNsYXNzPSJsZWZ0Ij48aW1nIHNyYz0iaHR0cDovL3d3dy5yYWt1dGVuLm5lLmpwL2dvbGQvbGFtYXJlZS9pbWcvaW1nLXZfd2FsbGV0Mi93YWxsZXQyLTUuanBnIiB3aWR0aD0iMjY1IiBoZWlnaHQ9IjE5NSIgYWx0PSLjgqbjgqnjg7zjg6zjg4Pjg4jvvIjlj6Pph5Hku5jvvInjgYzjgb7lj6PosqHluIPjga7oqbPntLDlhpnnnJ8iIC8+CjxwPjEu5Lit44OZ44Op5LuY44GN44Gu5YaF6KOF6YOo5YiG44Gr44Gv44CBMTDjg7bmiYDjgoLjgqvjg7zjg4njg5vjg6vjg4Djg7zjgYzku5jjgYTjgabjgYTjgb7jgZnjgILjgIA8L3A+CjwvZGl2Pgo8ZGl2IGNsYXNzPSJyaWdodCI+PGltZyBzcmM9Imh0dHA6Ly93d3cucmFrdXRlbi5uZS5qcC9nb2xkL2xhbWFyZWUvaW1nL2ltZy12X3dhbGxldDIvd2FsbGV0Mi02LmpwZyIgd2lkdGg9IjI2NSIgaGVpZ2h0PSIxOTUiIGFsdD0i44Km44Kp44O844Os44OD44OI77yI5Y+j6YeR5LuY77yJ44GM44G+5Y+j6LKh5biD44Gu6Kmz57Sw5YaZ55yfIiAvPgo8cD4yLuWPo+mHkemDqOWIhuOBq+Wwj+mKreOCkuWPjue0jeOAgjxiciAvPgrlhoXlgbTjga7jg53jgrHjg4Pjg4jjgavjga/jgIHllYblk4HliLjjgoTjg6zjgrfjg7zjg4jjgarjganjgYzmlbTnkIbjgafjgY3jgb7jgZnjgII8L3A+CjwvZGl2Pgo8L2Rpdj4KPGRpdiBjbGFzcz0icG9pbnQgcG9pbnRfd2FsbGV0MiBjbGVhcmZpeCI+CjxkaXYgY2xhc3M9ImxlZnQiPjxpbWcgc3JjPSJodHRwOi8vd3d3LnJha3V0ZW4ubmUuanAvZ29sZC9sYW1hcmVlL2ltZy9pbWctdl93YWxsZXQyL3dhbGxldDItNy5qcGciIHdpZHRoPSIyNjUiIGhlaWdodD0iMTk1IiBhbHQ9IuOCpuOCqeODvOODrOODg+ODiO+8iOWPo+mHkeS7mO+8ieOBjOOBvuWPo+iyoeW4g+OBruips+e0sOWGmeecnyIgLz4KPHA+My7ntJnluaPjgoLjgZ/jgaPjgbfjgorlj47ntI3jgafjgY3jgb7jgZnjgILjgIA8L3A+CjwvZGl2Pgo8ZGl2IGNsYXNzPSJyaWdodCI+PGltZyBzcmM9Imh0dHA6Ly93d3cucmFrdXRlbi5uZS5qcC9nb2xkL2xhbWFyZWUvaW1nL2ltZy12X3dhbGxldDIvd2FsbGV0Mi04LmpwZyIgd2lkdGg9IjI2NSIgaGVpZ2h0PSIxOTUiIGFsdD0i44Km44Kp44O844Os44OD44OI77yI5Y+j6YeR5LuY77yJ44GM44G+5Y+j6LKh5biD44Gu6Kmz57Sw5YaZ55yfIiAvPgo8cD40LuODneOCpOODs+ODiOOCq+ODvOODiemhnuOBr+OAgeOBvuOBqOOCgeOBpuOBk+OBruODleOCoeOCueODiuODvOODneOCseODg+ODiOOBq+WFpeOCjOOBpuOBiuOBj+OBqOS+v+WIqeOBp+OBmeOCiOKZqjwvcD4KPC9kaXY+CjwvZGl2Pgo8ZGl2IGNsYXNzPSJwb2ludCBwb2ludF93YWxsZXQyIGNsZWFyZml4Ij4KPGRpdiBjbGFzcz0ibGVmdCI+PGltZyBzcmM9Imh0dHA6Ly93d3cucmFrdXRlbi5uZS5qcC9nb2xkL2xhbWFyZWUvaW1nL2ltZy12X3dhbGxldDIvd2FsbGV0Mi05LmpwZyIgd2lkdGg9IjI2NSIgaGVpZ2h0PSIxOTUiIGFsdD0i44Km44Kp44O844Os44OD44OI77yI5Y+j6YeR5LuY77yJ44GM44G+5Y+j6LKh5biD44Gu6Kmz57Sw5YaZ55yfIiAvPgo8cD41LumVt+OBj+S9v+OBhOaYk+OBhOODleOCoeOCueODiuODvOOBruW8leOBjeaJi+OBr+OAgemdqee0kOOCkue3qOOBv+OBk+OBv+OCouODs+ODhuOCo+ODg+OCr+mHkeWFt+OBp+OBiua0kuiQveOBq+mjvuOCiuOBpOOBkeOBl+OBvuOBl+OBn+OAgjwvcD4KPC9kaXY+CjwvZGl2Pgo8aDI+PGltZyBzcmM9Imh0dHA6Ly93d3cucmFrdXRlbi5uZS5qcC9nb2xkL2xhbWFyZWUvaW1nL2ltZy12X2NvbW1vbi9jb21tb24yLmdpZiIgYWx0PSLjgqbjgqnjg7zjg6zjg4Pjg4jvvIjlj6Pph5Hku5jvvInjgYzjgb7lj6PosqHluIPjga7jgrXjgqTjgroiIHdpZHRoPSI2MTAiIGhlaWdodD0iMzUiIGNsYXNzPSJtNDAiIC8+PC9oMj4KPGRpdiBjbGFzcz0iaW1nY2VudGVyIG0zMCI+PGltZyBzcmM9Imh0dHA6Ly93d3cucmFrdXRlbi5uZS5qcC9nb2xkL2xhbWFyZWUvaW1nL2ltZy12X3dhbGxldDIvd2FsbGV0Mi0xMS5qcGciIHdpZHRoPSI0NTAiIGhlaWdodD0iNDQ3IiBhbHQ9IuOCpuOCqeODvOODrOODg+ODiO+8iOWPo+mHkeS7mO+8ieOBjOOBvuWPo+iyoeW4g+OBruOCteOCpOOCuiIgLz48L2Rpdj4KPGRpdiBjbGFzcz0iZGV0YWlsIj4KPGltZyBzcmM9Imh0dHA6Ly93d3cucmFrdXRlbi5uZS5qcC9nb2xkL2xhbWFyZWUvaW1nL2ltZy12X2NvbW1vbi9jb21tb24zLmdpZiIgYWx0PSLjgqbjgqnjg7zjg6zjg4Pjg4jvvIjlj6Pph5Hku5jvvInjgYzjgb7lj6PosqHluIPjga7llYblk4HoqbPntLAiIHdpZHRoPSI1MTkiIGhlaWdodD0iMjQiIC8+CjxkbCBjbGFzcz0iYm9yZGVyIj4KPGR0Pue0oOadkDwvZHQ+CjxkZD7ooajvvJrniZvpnakmbmJzcDsmbmJzcDsmbmJzcDsmbmJzcDvoo4/vvJrjgq3jg6Pjg7Pjg5DjgrnlnLA8L2RkPgo8L2RsPgo8ZGwgY2xhc3M9ImJvcmRlciI+CjxkdD7jgrXjgqTjgro8L2R0Pgo8ZGQ+44K/44OG77yaMTAuNWNtJm5ic3A7Jm5ic3A744Oo44Kz77yaMTNjbSZuYnNwOyZuYnNwO+W5he+8mjMuNWNtPC9kZD4KPC9kbD4KPGRsPgo8ZHQ+5LuV5qeYPC9kdD4KPGRkPuacreWFpeOCjO+8mjEmbmJzcDsmbmJzcDvlsI/piq3lhaXjgozvvJoxJm5ic3A7Jm5ic3A744Kr44O844OJ5YWl44KM77yaMTAmbmJzcDsmbmJzcDvjg53jgrHjg4Pjg4jvvJoyPC9kZD4KPC9kbD4KPGltZyBzcmM9Imh0dHA6Ly93d3cucmFrdXRlbi5uZS5qcC9nb2xkL2xhbWFyZWUvaW1nL2ltZy12X2NvbW1vbi9jb21tb241LmdpZiIgYWx0PSIiIHdpZHRoPSI1MTkiIGhlaWdodD0iNCIgLz48L2Rpdj4KPGRpdiBjbGFzcz0iaW1nY2VudGVyIG00MCI+PGltZyBzcmM9Imh0dHA6Ly93d3cucmFrdXRlbi5uZS5qcC9nb2xkL2xhbWFyZWUvaW1nL2ltZy1jb21tb24vY2F1dGlvbi5qcGciIGFsdD0i5pys6Z2p44Gu6Ki8IiB3aWR0aD0iNTk4IiBoZWlnaHQ9Ijk4IiAvPjwvZGl2Pgo8ZGl2IGNsYXNzPSJpbWdjZW50ZXIgbTQwIj48YSBocmVmPSJodHRwOi8vd3d3LnJha3V0ZW4ubmUuanAvZ29sZC9sYW1hcmVlL3Byb2Nlc3MuaHRtIj48aW1nIHNyYz0iaHR0cDovL3d3dy5yYWt1dGVuLm5lLmpwL2dvbGQvbGFtYXJlZS9pbWcvaW1nLWNvbW1vbi9vcmlnaW5hbC5qcGciIGFsdD0i44Op44O744Oe44O844Os6Z2p6KO95ZOB44Gv44Kq44Oq44K444OK44OrIiBib3JkZXI9IjAiIC8+PC9hPjwvZGl2Pgo8ZGl2IGNsYXNzPSJlY29ib3giPgo8aW1nIHNyYz0iaHR0cDovL3d3dy5yYWt1dGVuLm5lLmpwL2dvbGQvbGFtYXJlZS9pbWcvaW1nLWNvbW1vbi9lY29ib3guZ2lmIiBhbHQ9IuOCqOOCs+eusSIgd2lkdGg9IjU4MSIgaGVpZ2h0PSI2NzgiIC8+CjwvZGl2Pgo8IS0tIHdyYXBwaW5nIC0tPgo8ZGl2IGNsYXNzPSJ3cmFwcCBjbGVhcmZpeCI+CjxkaXYgY2xhc3M9ImxlZnQiPjxpbWcgc3JjPSJodHRwOi8vd3d3LnJha3V0ZW4ubmUuanAvZ29sZC9sYW1hcmVlL2ltZy9pbWctd3JhcHBpbmcvaW1nMy5qcGc/MDIiIGFsdD0i44Ku44OV44OI44Op44OD44OU44Oz44Kw44Gu5YaZ55yfIiB3aWR0aD0iMzExIiBoZWlnaHQ9IjI1NiIgLz48L2Rpdj4KPGRpdiBjbGFzcz0icmlnaHQiPgo8ZGl2PjxpbWcgc3JjPSJodHRwOi8vd3d3LnJha3V0ZW4ubmUuanAvZ29sZC9sYW1hcmVlL2ltZy9pbWctd3JhcHBpbmcvaW1nNC5naWYiIHdpZHRoPSIyMzkiIGhlaWdodD0iMTkiIC8+CjxwIGNsYXNzPSJwMSI+5L6h5qC8Jm5ic3A7Jm5ic3A7MTAw5YaGICjnqI7liKUpIOmAgeaWmeWIpTwvcD4KPHA+44Ku44OV44OI55So44Op44OD44OU44Oz44Kw44KS44GU5biM5pyb44Gu5pa544Gv44CBPGJyIC8+CuOAjOOCruODleODiOODqeODg+ODlOODs+OCsOOAjeODmuODvOOCuOOBp+KAnOiyt+OBhOeJqeOBi+OBlOOBq+WFpeOCjOOCi+KAneOCkuOCr+ODquODg+OCr+OBl+OBpuOBj+OBoOOBleOBhOOAgjwvcD4KPHA+4oC7MueCueS7peS4iuOBiuiyt+OBhOS4iuOBkuOBruOBiuWuouanmOOBr+OAgTxiciAvPgrjgq7jg5Xjg4jjg6njg4Pjg5Tjg7PjgrDjga7luIzmnJvllYblk4HjgpLjgqvjg7zjg4jlhoXjga7lgpnogIPmrITjgavmmI7oqJjjgZfjgabjgY/jgaDjgZXjgYTjgII8L3A+CjxwPjxhIGhyZWY9Imh0dHA6Ly9pdGVtLnJha3V0ZW4uY28uanAvbGFtYXJlZS93cmFwcGluZy8iPjxpbWcgc3JjPSJodHRwOi8vd3d3LnJha3V0ZW4ubmUuanAvZ29sZC9sYW1hcmVlL2ltZy9pbWctd3JhcHBpbmcvaW1nNi5naWYiIHdpZHRoPSIyMDAiIGhlaWdodD0iMjMiIC8+PC9hPjwvcD48L2Rpdj4KPC9kaXY+CjwvZGl2Pgo8IS0tIC8gd3JhcHBpbmcgLS0+Cgo8aW1nIHNyYz0iaHR0cDovL3d3dy5yYWt1dGVuLm5lLmpwL2dvbGQvbGFtYXJlZS9pbWcvaW1nLXZfY29tbW9uL2NvbW1vbjcuanBnIiBhbHQ9IuOCpuOCqeODvOODrOODg+ODiO+8iOWPo+mHkeS7mO+8ieOBjOOBvuWPo+iyoeW4g+OBruOCq+ODqeODvOODqeOCpOODs+ODiuODg+ODlyIgd2lkdGg9IjU5NiIgaGVpZ2h0PSI0OCIgY2xhc3M9Im00MCIgLz4KPGRpdiBjbGFzcz0ibGluZXVwIGNsZWFyZml4Ij4KPGRpdiBjbGFzcz0ibGVmdCI+PGltZyBzcmM9Imh0dHA6Ly93d3cucmFrdXRlbi5uZS5qcC9nb2xkL2xhbWFyZWUvaW1nL2ltZy12X3dhbGxldDIvY3YtNnBpLmpwZyIgd2lkdGg9IjI4MCIgaGVpZ2h0PSIyNjAiIGFsdD0i44Km44Kp44O844Os44OD44OI77yI5Y+j6YeR5LuY77yJ44GM44G+5Y+j6LKh5biD77ya44OU44O844OB44OU44Oz44KvIiAvPjwvZGl2Pgo8ZGl2IGNsYXNzPSJyaWdodCI+PGltZyBzcmM9Imh0dHA6Ly93d3cucmFrdXRlbi5uZS5qcC9nb2xkL2xhbWFyZWUvaW1nL2ltZy12X3dhbGxldDIvY3YtNm9yLmpwZyIgd2lkdGg9IjI4MCIgaGVpZ2h0PSIyNjAiIGFsdD0i44Km44Kp44O844Os44OD44OI77yI5Y+j6YeR5LuY77yJ44GM44G+5Y+j6LKh5biD77ya44Kt44Oj44Ot44OD44OI44Kq44Os44Oz44K4IiAvPjwvZGl2Pgo8L2Rpdj4KPGRpdiBjbGFzcz0ibGluZXVwIGNsZWFyZml4Ij4KPGRpdiBjbGFzcz0ibGVmdCI+PGltZyBzcmM9Imh0dHA6Ly93d3cucmFrdXRlbi5uZS5qcC9nb2xkL2xhbWFyZWUvaW1nL2ltZy12X3dhbGxldDIvY3YtNmdyLmpwZyIgd2lkdGg9IjI4MCIgaGVpZ2h0PSIyNjAiIGFsdD0i44Km44Kp44O844Os44OD44OI77yI5Y+j6YeR5LuY77yJ44GM44G+5Y+j6LKh5biD77ya44Op44Kk44Og44Kw44Oq44O844OzIiAvPjwvZGl2Pgo8ZGl2IGNsYXNzPSJyaWdodCI+PGltZyBzcmM9Imh0dHA6Ly93d3cucmFrdXRlbi5uZS5qcC9nb2xkL2xhbWFyZWUvaW1nL2ltZy12X3dhbGxldDIvY3YtNmJyLmpwZyIgd2lkdGg9IjI4MCIgaGVpZ2h0PSIyNjAiIGFsdD0i44Km44Kp44O844Os44OD44OI77yI5Y+j6YeR5LuY77yJ44GM44G+5Y+j6LKh5biD77ya44Kz44Kz44OK44OD44OE44OW44Op44Km44OzIiAvPjwvZGl2Pgo8L2Rpdj4KPGRpdiBjbGFzcz0ibGluZXVwIGNsZWFyZml4Ij4KPGRpdiBjbGFzcz0ibGVmdCI+PGltZyBzcmM9Imh0dHA6Ly93d3cucmFrdXRlbi5uZS5qcC9nb2xkL2xhbWFyZWUvaW1nL2ltZy12X3dhbGxldDIvY3YtNmNoLmpwZyIgd2lkdGg9IjI4MCIgaGVpZ2h0PSIyNjAiIGFsdD0i44Km44Kp44O844Os44OD44OI77yI5Y+j6YeR5LuY77yJ44GM44G+5Y+j6LKh5biD77ya44OB44On44Kz44Os44O844OI44OW44Op44Km44OzIiAvPjwvZGl2Pgo8L2Rpdj4KPGJyPgo8YnI+Cjxicj4KPC9kaXY+CjwvZGl2Pgo8IS0tIC8g44Kz44Oz44OG44Oz44OEIC0tPgo8IS0t44O044Kn44Or44K444KnMDEw44G4LS0+CjwhLS08cD48YSBocmVmPSJodHRwOi8vaXRlbS5yYWt1dGVuLmNvLmpwL2xhbWFyZWUvcHZfbG9uZzIvIj48aW1nIHNyYz0iaHR0cDovL2ltYWdlLnJha3V0ZW4uY28uanAvbGFtYXJlZS9jYWJpbmV0L3Nob2hpbi92ZS0wMTAvbG9uZzI3LmpwZyIgd2lkdGg9IjU5NyIgaGVpZ2h0PSIyMzYiIGJvcmRlcj0iMCI+PC9hPjwvcD4tLT4KPCEtLS/jg7Tjgqfjg6vjgrjjgqcwMTDjgbgtLT4KPCEtLeODkeOCueOCseODvOOCue+8huOBjOOBvuWPoy0tPCEtLT48IS0tPGltZyBzcmM9Imh0dHA6Ly93d3cucmFrdXRlbi5uZS5qcC9nb2xkL2xhbWFyZWUvaW1nL2ltZy12X2NvbW1vbi9jb21tb24xNi0yLmpwZyIgYm9yZGVyPSIwIiB1c2VtYXA9IiNNYXAxMCI+CjxtYXAgbmFtZT0iTWFwMTAiPjxhcmVhIHNoYXBlPSJyZWN0IiBjb29yZHM9IjE2LDg1LDU3NiwzNTAiIGhyZWY9Imh0dHA6Ly9pdGVtLnJha3V0ZW4uY28uanAvbGFtYXJlZS92ZS0wMTQvIj4KPGFyZWEgc2hhcGU9InJlY3QiIGNvb3Jkcz0iMTYsMzcyLDU3OCw3MDkiIGhyZWY9Imh0dHA6Ly9pdGVtLnJha3V0ZW4uY28uanAvbGFtYXJlZS92ZS0wMTEvIj4KPC9tYXA+LS0+PCEtLS8v44OR44K544Kx44O844K577yG44GM44G+5Y+jLS0+Cgo8ZGl2IGNsYXNzPSJtNDAgY2xlYXIiPgo8IS0t54m56ZuG44Oq44Oz44KvLS0+CjxpZnJhbWUgc3JjPSJodHRwOi8vd3d3LnJha3V0ZW4ubmUuanAvZ29sZC9sYW1hcmVlL3NwZWNpYWwtYmFubmVyLmh0bWwiIGhlaWdodD0iMTkwIiB3aWR0aD0iNjAwIiBmcmFtZWJvcmRlcj0iMCIgc2Nyb2xsaW5nPSJubyIgbWFyZ2lud2lkdGg9IjAiIG1hcmdpbmhlaWdodD0iMCI+PC9pZnJhbWU+CjwhLS0v54m56ZuG44Oq44Oz44KvLS0+CjxwIGNsYXNzPSJvcmRlciI+PGlmcmFtZSBzcmM9Imh0dHA6Ly93d3cucmFrdXRlbi5uZS5qcC9nb2xkL2xhbWFyZWUvZnRfb3JkZXIuaHRtIiBoZWlnaHQ9IjQ3MCIgd2lkdGg9IjYwMCIgZnJhbWVib3JkZXI9IjAiIHNjcm9sbGluZz0ibm8iIG1hcmdpbndpZHRoPSIwIiBtYXJnaW5oZWlnaHQ9IjAiPjwvaWZyYW1lPjwvcD4KPGJyPgo8aWZyYW1lIHNyYz0iaHR0cDovL3d3dy5yYWt1dGVuLm5lLmpwL2dvbGQvbGFtYXJlZS9zcGVjaWFsLWJhbm5lcjIuaHRtbCIgaGVpZ2h0PSIyNTAiIHdpZHRoPSI2MDAiIGZyYW1lYm9yZGVyPSIwIiBzY3JvbGxpbmc9Im5vIiBtYXJnaW53aWR0aD0iMCIgbWFyZ2luaGVpZ2h0PSIwIj48L2lmcmFtZT4KPGlmcmFtZSBzcmM9Imh0dHA6Ly93d3cucmFrdXRlbi5uZS5qcC9nb2xkL2xhbWFyZWUvc3BlY2lhbC1iYW5uZXIzLmh0bWwiIGZyYW1lYm9yZGVyPSIwIiBzY3JvbGxpbmc9Im5vIiBtYXJnaW53aWR0aD0iMCIgbWFyZ2luaGVpZ2h0PSIwIiBpZD0ic3BlY2lhbDMiPjwvaWZyYW1lPgo8L2Rpdj48cCBjbGFzcz0iZm9udDEiPiDjg6zjg4fjgqPjg7zjgrnosqHluIPimIY8YnI+5aWz5oCn44Gr5oyB44Gh44KE44GZ44GE44Kr44K444Ol44Ki44Or44Gq44GK6LKh5biD44Gn44GZ4pmqPGJyPuOBl+OBquOChOOBi+OBquOCveODleODiOeJm+mdqe+8iOearu+8ieOCkuOCu+ODrOOCr+ODiOe0sOOBi+OBhOODh+OCo+ODhuOCo+ODvOODq+OBq+OBvuOBp+OBk+OBoOOCj+OBo+OBn+OCrOODnuWPo+iyoeW4g+OAgjxicj7lj6Pph5Hjgr/jgqTjg5fjga7jgrPjgqTjg7PjgrHjg7zjgrnvvIjlsI/piq3lhaXjgozvvInjgIHmnK3lhaXjgoTjgqvjg7zjg4nlj47ntI3mqZ/og73pnaLjgoLlhYXlrp/jgII8YnI+PGJyPuOBiuiqleeUn+aXpeOChOODl+ODrOOCvOODs+ODiOOBq+OCguOCquOCueOCueODoeOBp+OBmeKYhjxicj48YnI+5oqY6LKh5biD44O76ZW36LKh5biD44O744Kt44O844Kx44O844K544O75ZCN5Yi65YWl44KM77yI44OR44K544Kx44O844K577yJ44O744OW44OD44Kv44Kr44OQ44O844O744OZ44Or44OI44Gq44GpPGJyPuOCquODquOCuOODiuODq+OAgOODluODqeODs+ODieOBp+ODrOOCtuODvOOCsOODg+OCuu+8iOmdqeWwj+eJqe+8ieOCkuWxlemWi+OBmeOCi+ODqeODnuODvOODrOOAgjxicj7jg6njg57jg7zjg6zjgIDjgqrjg6rjgrjjg4rjg6vosqHluIPjgajjgZfjgabjgYrlsYrjgZHjgZfjgb7jgZnvvIE8YnI+44Kk44Oz44K/44O844ON44OD44OI6ZmQ5a6a6LKp5aOy5Lit44CC44Ku44OV44OI44Gr44KC5pyA6YGp77yB77yBPC9wPjwhLS3jgrfjg6rjg7zjgrrntLnku4vmnqAgLS0+PGRpdiBpZD0iY29udGVudHMiPjxkaXYgY2xhc3M9ImZ0X3NlcmllcyBjbGVhciI+PC9kaXY+PHAgY2xhc3M9InBhZ2V0b3AiPjxpbWcgc3JjPSJodHRwOi8vaW1hZ2UucmFrdXRlbi5jby5qcC9sYW1hcmVlL2NhYmluZXQvaW1nL2ltZy12X2NvbW1vbi9jb21tb24xNC5naWYiIGFsdD0iIiB3aWR0aD0iMTIiIGhlaWdodD0iMTMiIC8+44GT44Gu44Oa44O844K444Gu44OI44OD44OX44G4PC9wPjwvZGl2PjwhLS0v44K344Oq44O844K657S55LuL5p6gIC0tPjwhLS08ZGl2PjxpbWcgc3JjPSJodHRwOi8vaW1hZ2UucmFrdXRlbi5jby5qcC9sYW1hcmVlL2NhYmluZXQvY29tbW9uMDEvc3BfYmFubmVyMTAuanBnIiBib3JkZXI9IjAiIHVzZW1hcD0iI01hcCI+CiAgICA8bWFwIG5hbWU9Ik1hcCI+CiAgICAgIAogICAgICAKICAgIDwvbWFwPi0tPiAgPCEtLTxpbWcgc3JjPSJodHRwOi8vaW1hZ2UucmFrdXRlbi5jby5qcC9sYW1hcmVlL2NhYmluZXQvY29tbW9uMDEvc2FsZTAyMjUuanBnIiBib3JkZXI9IjAiPiAtLT4=,44Os44OH44Kj44O844K544Km44Kp44Os44OD44OI77yI5Y+j6YeR5LuY77yJICDjg7Tjgqfjg6vjgrjjgqfjgrfjg6rjg7zjgrog44GM44G+5Y+jIOiyoeW4gyDkuozjgaTmipjjgoog44Os44OH44Kj44O844K5IOWls+aAp+eUqCAy44Gk5oqY44KKIOOCteOCpOODle+8muODqeODu+ODnuODvOODrA==,6LKh5biDIOOCteOCpOODlSDjgZXjgYTjgbXplbfosqHluIPpnanlsI/nianjgq3jg7zjgrHjg7zjgrnpnanoo73lk4Hmr43jga7ml6Ug54i244Gu5pelIOOCr+ODquOCueODnuOCuSDjg6njg4Pjg5Tjg7PjgrDjgYzjgb7lj6Mg44GM44G+44GQ44Gh5LqM44Gk5oqY44KK6LKh5biD44Oh44Oz44K6IOeUt+aAp+eUqCAgTWVuJ3Pjg6zjg4fjgqPjg7zjgrkg5aWz5oCn55SoIOODrOODh+OCo+OCuSBsYWRpZXPjgq7jg5Xjg4gg44OX44Os44K844Oz44OI5ZCN5Yi65YWl44KMIOWQjeWIuuWFpemiqOawtCDpgYvmsJcg54yrIOm7hOiJsuOBr+OBjuOCjCDpnanjg5HjgrnjgrHjg7zjgrkg5a6a5pyf5YWl44KM44OQ44OD44KwIOODneOCt+OCp+ODg+ODiOOCreODvOODu+OCseODvOOCue+8hU9GRuODlOODs+OCr+ODnuODjeODvOOCr+ODquODg+ODlyDjgqbjgqnjg6zjg4Pjg4jjg4Hjgqfjg7zjg7Pjg6zjg4fjgqPjg7zjgrnjgqbjgqnjg6zjg4Pjg4jvvIjlj6Pph5Hku5jvvIkgIOODtOOCp+ODq+OCuOOCp+OCt+ODquODvOOCuiDjgYzjgb7lj6Mg6LKh5biDIOS6jOOBpOaKmOOCiiDjg6zjg4fjgqPjg7zjgrkg5aWz5oCn55SoIDLjgaTmipjjgoog44K144Kk44OV,6LKh5biDIOODrOODh+OCo+ODvOOCuSDlpbPmgKfnlKgg5LqM44Gk5oqY44KKIOOCteOCpOODlSDjgqbjgqnjg6zjg4Pjg4jjgILjg6zjg4fjgqPjg7zjgrnjgqbjgqnjg6zjg4Pjg4jvvIjlj6Pph5Hku5jvvIkgIOODtOOCp+ODq+OCuOOCp+OCt+ODquODvOOCuiDjgYzjgb7lj6Mg6LKh5biDIOS6jOOBpOaKmOOCiiDjg6zjg4fjgqPjg7zjgrkg5aWz5oCn55SoIDLjgaTmipjjgoog44K144Kk44OV[rn]
39-76441,aHR0cDovL3RzaG9wLnIxMHMuanAvbGFtYXJlZS9jYWJpbmV0L3Nob2hpbi9zd2l0Y2gvc3ctMS5qcGc/Zml0aW49NzAwOjcwMA==,MTQyNTYuMDAwMA==,,44OQ44OD44Kw44O75bCP54mp44O744OW44Op44Oz44OJ6ZuR6LKoID4g6LKh5biD44O744Kx44O844K5ID4g44Os44OH44Kj44O844K56LKh5biD,5pys6Z2p6LKh5biDIOmVt+iyoeW4gyDmnKzpnakg55qu44CA6ZW36LKh5biDICDjg6Hjg7Pjgrrjg7vjg6zjg4fjgqPjg7zjgrkg44CQ44Oh44Oz44K66LKh5biDIOODrOODh+OCo+ODvOOCueiyoeW4g+OAkeOAkOalveOCruODlV/ljIXoo4XjgJHjg6zjgrbjg7wgTUVOJ1Mg6Z2p6LKh5biD44CQ44OW44Op44Oz44OJIOOBleOBhOOBtSDjgrXjgqTjg5XjgJHjgJDplbfosqHluIMgd2FsbGV044CR44OX44Os44K844Oz44OIIOOCruODleODiCDlvbzlpbMg5b285rCPIOOAkG1hbGHjgJHjgJBmZWxh44CR,44Oh44Oz44K644O744Os44OH44Kj44O844K5IOmVt+iyoeW4gyDosqHluIMg44K144Kk44OVIOODluODqeODs+ODiQ==,PCEtLeKWveWJiumZpOOBl+OBquOBhOS6iy0tPgo8L3NwYW4+CjwvdGQ+PC90cj48L3Rib2R5PjwvdGFibGU+PC90ZD48L3RyPjwvdGJvZHk+PC90YWJsZT48L3RkPjwvdHI+PC90Ym9keT48L3RhYmxlPgo8L3RhYmxlPjwvdGFibGU+PC90YWJsZT48L3RhYmxlPgo8IS0t4paz5YmK6Zmk44GX44Gq44GE5LqLLS0+Cgo8ZGl2IGNsYXNzPSJzd2l0Y2gyIj4KPCEtLeOCs+ODs+ODhuODs+ODhC0tPgo8ZGl2IGNsYXNzPSIiIHN0eWxlPSJ3aWR0aDoxMDAlOyBoZWlnaHQ6YXV0bzsgdGV4dC1hbGlnbjpjZW50ZXI7Ij4KPCEtLTxwPjxpbWcgc3JjPSJpbWcvaW1nLXN3aXRjaDIvaW1nXzAxLmpwZyIgYWx0PSIiIHdpZHRoPSIxMDAlIiBib3JkZXI9IjAiPjwvcD4KPHAgc3R5bGU9ImJhY2tncm91bmQ6I0UzRTNFMzttYXJnaW46NTBweCAwOyI+PGltZyBzcmM9ImltZy9pbWctc3dpdGNoMi9pbWdfMDIuZ2lmIiB3aWR0aD0iNTM3IiBoZWlnaHQ9IjE5NSIgYm9yZGVyPSIwIj48L3A+Cgo8cCBzdHlsZT0ibWFyZ2luOjUwcHggMDsiPjxhIGhyZWY9Imh0dHA6Ly9pdGVtLnJha3V0ZW4uY28uanAvbGFtYXJlZS9jLzAwMDAwMDAyNjUvIj48aW1nIHNyYz0iaHR0cDovL2ltYWdlLnJha3V0ZW4uY28uanAvbGFtYXJlZS9jYWJpbmV0L2NvbW1vbjAxLzE2MDYxOHNwc2FsZS5naWYiIHdpZHRoPSI2NTIiIGhlaWdodD0iMjgxIj48L2E+PC9wPi0tPgo8IS0tPHA+PGltZyBzcmM9Imh0dHA6Ly9pbWFnZS5yYWt1dGVuLmNvLmpwL2xhbWFyZWUvY2FiaW5ldC9jb21tb24wMS9wb2ludDA4MzFfNTBvZmYuZ2lmIiBib3JkZXI9IjAiPjwvcD4tLT4KPGRpdiBjbGFzcz0iYmxvY2swMSI+CjxwPjxpbWcgc3JjPSJodHRwOi8vaW1hZ2UucmFrdXRlbi5jby5qcC9sYW1hcmVlL2NhYmluZXQvc2hvaGluL3N3aXRjaC9zd19pbWdfMDEuanBnIiBib3JkZXI9IjAiPjxpbWcgc3JjPSJodHRwOi8vaW1hZ2UucmFrdXRlbi5jby5qcC9sYW1hcmVlL2NhYmluZXQvc2hvaGluL3N3aXRjaC9zd19pbWdfMDIuZ2lmIiBib3JkZXI9IjAiPjwvcD4KPC9kaXY+CjwhLS08cD48aW1nIHNyYz0iaHR0cDovL2ltYWdlLnJha3V0ZW4uY28uanAvbGFtYXJlZS9jYWJpbmV0L2NvbW1vbjAxLzIwMTYxMTExLmdpZiI+PC9wPi0tPgo8cD48aW1nIHNyYz0iaHR0cDovL2ltYWdlLnJha3V0ZW4uY28uanAvbGFtYXJlZS9jYWJpbmV0L3Nob2hpbi9zd2l0Y2gvc3dfaW1nXzAzLmpwZyIgYm9yZGVyPSIwIj48L3A+Cgo8dWwgY2xhc3M9ImltZ19mbCBjbGVhcmZpeCI+CjxsaT48aW1nIHNyYz0iaHR0cDovL2ltYWdlLnJha3V0ZW4uY28uanAvbGFtYXJlZS9jYWJpbmV0L3Nob2hpbi9zd2l0Y2gvc3dfaW1nXzA0XzEuanBnIj48L2xpPgo8bGkgY2xhc3M9Im1ldGhvZDAyIj48aW1nIHNyYz0iaHR0cDovL2ltYWdlLnJha3V0ZW4uY28uanAvbGFtYXJlZS9jYWJpbmV0L3Nob2hpbi9zd2l0Y2gvc3dfaW1nXzA0XzIuZ2lmIj48L2xpPgo8L3VsPgo8dWwgY2xhc3M9ImltZ19mbCBjbGVhcmZpeCI+CjxsaT48aW1nIHNyYz0iaHR0cDovL2ltYWdlLnJha3V0ZW4uY28uanAvbGFtYXJlZS9jYWJpbmV0L3Nob2hpbi9zd2l0Y2gvc3dfaW1nXzA1XzEuZ2lmIj48L2xpPgo8bGkgY2xhc3M9Im1ldGhvZDAyIj48aW1nIHNyYz0iaHR0cDovL2ltYWdlLnJha3V0ZW4uY28uanAvbGFtYXJlZS9jYWJpbmV0L3Nob2hpbi9zd2l0Y2gvc3dfaW1nXzA1XzIuanBnIj48L2xpPgo8L3VsPgo8dWwgY2xhc3M9ImltZ19mbCBjbGVhcmZpeCI+CjxsaT48aW1nIHNyYz0iaHR0cDovL2ltYWdlLnJha3V0ZW4uY28uanAvbGFtYXJlZS9jYWJpbmV0L3Nob2hpbi9zd2l0Y2gvc3dfaW1nXzA2XzEuanBnPzEiPjwvbGk+CjxsaSBjbGFzcz0ibWV0aG9kMDIiPjxpbWcgc3JjPSJodHRwOi8vaW1hZ2UucmFrdXRlbi5jby5qcC9sYW1hcmVlL2NhYmluZXQvc2hvaGluL3N3aXRjaC9zd19pbWdfMDZfMi5naWYiPjwvbGk+CjwvdWw+CjwvdWw+Cgo8cD48aW1nIHNyYz0iaHR0cDovL2ltYWdlLnJha3V0ZW4uY28uanAvbGFtYXJlZS9jYWJpbmV0L3Nob2hpbi9zd2l0Y2gvc3dfaW1nXzA3LmdpZiIgYm9yZGVyPSIwIj48L3A+CjxwPjxpbWcgc3JjPSJodHRwOi8vaW1hZ2UucmFrdXRlbi5jby5qcC9sYW1hcmVlL2NhYmluZXQvc2hvaGluL3N3aXRjaC9zd19pbWdfMDguZ2lmIiBib3JkZXI9IjAiPjwvcD4KPHA+PGltZyBzcmM9Imh0dHA6Ly9pbWFnZS5yYWt1dGVuLmNvLmpwL2xhbWFyZWUvY2FiaW5ldC9zaG9oaW4vc3dpdGNoL3N3X2ltZ18wOS5qcGciIGJvcmRlcj0iMCI+PC9wPgo8cD48aW1nIHNyYz0iaHR0cDovL2ltYWdlLnJha3V0ZW4uY28uanAvbGFtYXJlZS9jYWJpbmV0L3Nob2hpbi9zd2l0Y2gvc3dfaW1nXzEwLmdpZiIgYm9yZGVyPSIwIj48L3A+Cgo8cD48aW1nIHNyYz0iaHR0cDovL2ltYWdlLnJha3V0ZW4uY28uanAvbGFtYXJlZS9jYWJpbmV0L3Nob2hpbi9zd2l0Y2gvc3dfaW1nXzExLmpwZyIgYm9yZGVyPSIwIj48L3A+CjxwPjxhIGhyZWY9Imh0dHA6Ly9pdGVtLnJha3V0ZW4uY28uanAvbGFtYXJlZS9zd2l0Y2gtMDIvI2NhcnQiPjxpbWcgc3JjPSJodHRwOi8vaW1hZ2UucmFrdXRlbi5jby5qcC9sYW1hcmVlL2NhYmluZXQvc2hvaGluL3N3aXRjaC9zd19pbWdfMTIuZ2lmIiBib3JkZXI9IjAiPjwvYT48L3A+CjxwPjxpbWcgc3JjPSJodHRwOi8vaW1hZ2UucmFrdXRlbi5jby5qcC9sYW1hcmVlL2NhYmluZXQvc2hvaGluL3N3aXRjaC9zd19pbWdfMTMuZ2lmIiBib3JkZXI9IjAiPjwvcD4KPHA+PGltZyBzcmM9Imh0dHA6Ly9pbWFnZS5yYWt1dGVuLmNvLmpwL2xhbWFyZWUvY2FiaW5ldC9zaG9oaW4vc3dpdGNoL3N3X2ltZ18xNC5qcGciIGJvcmRlcj0iMCI+PC9wPgo8cD48aW1nIHNyYz0iaHR0cDovL2ltYWdlLnJha3V0ZW4uY28uanAvbGFtYXJlZS9jYWJpbmV0L3Nob2hpbi9zd2l0Y2gvc3dfaW1nXzE1LmdpZiIgYm9yZGVyPSIwIj48L3A+CjxwPjxpbWcgc3JjPSJodHRwOi8vaW1hZ2UucmFrdXRlbi5jby5qcC9sYW1hcmVlL2NhYmluZXQvc2hvaGluL3N3aXRjaC9zd19pbWdfMTYuanBnIiBib3JkZXI9IjAiPjwvcD4KPHA+PGltZyBzcmM9Imh0dHA6Ly9pbWFnZS5yYWt1dGVuLmNvLmpwL2xhbWFyZWUvY2FiaW5ldC9zaG9oaW4vc3dpdGNoL3N3X2ltZ18xNy5naWYiIGJvcmRlcj0iMCI+PC9wPgo8cD48aW1nIHNyYz0iaHR0cDovL2ltYWdlLnJha3V0ZW4uY28uanAvbGFtYXJlZS9jYWJpbmV0L3Nob2hpbi9zd2l0Y2gvc3dfaW1nXzE4LmpwZyIgYm9yZGVyPSIwIj48L3A+CjxwPjxpbWcgc3JjPSJodHRwOi8vaW1hZ2UucmFrdXRlbi5jby5qcC9sYW1hcmVlL2NhYmluZXQvc2hvaGluL3N3aXRjaC9zd19pbWdfMTkuZ2lmIiBib3JkZXI9IjAiPjwvcD4KCjxwPjxpbWcgc3JjPSJodHRwOi8vaW1hZ2UucmFrdXRlbi5jby5qcC9sYW1hcmVlL2NhYmluZXQvc2hvaGluL3N3aXRjaC9zd19pbWdfMjAuanBnIiB3aWR0aD0iMTAwJSIgYm9yZGVyPSIwIj48L3A+CjxwPjxpbWcgc3JjPSJodHRwOi8vaW1hZ2UucmFrdXRlbi5jby5qcC9sYW1hcmVlL2NhYmluZXQvc2hvaGluL3N3aXRjaC9zd19pbWdfMjEuanBnIiB3aWR0aD0iMTAwJSIgYm9yZGVyPSIwIj48L3A+CjxwPjxpbWcgc3JjPSJodHRwOi8vaW1hZ2UucmFrdXRlbi5jby5qcC9sYW1hcmVlL2NhYmluZXQvc2hvaGluL3N3aXRjaC9zd19pbWdfMjIuanBnIiB3aWR0aD0iMTAwJSIgYm9yZGVyPSIwIj48L3A+CjxwPjxpbWcgc3JjPSJodHRwOi8vaW1hZ2UucmFrdXRlbi5jby5qcC9sYW1hcmVlL2NhYmluZXQvc2hvaGluL3N3aXRjaC9zd19pbWdfMjMuanBnIiB3aWR0aD0iMTAwJSIgYm9yZGVyPSIwIj48L3A+CjxwPjxpbWcgc3JjPSJodHRwOi8vaW1hZ2UucmFrdXRlbi5jby5qcC9sYW1hcmVlL2NhYmluZXQvc2hvaGluL3N3aXRjaC9zd19pbWdfMjQuanBnIiB3aWR0aD0iMTAwJSIgYm9yZGVyPSIwIj48L3A+Cgo8cD48aW1nIHNyYz0iaHR0cDovL2ltYWdlLnJha3V0ZW4uY28uanAvbGFtYXJlZS9jYWJpbmV0L3Nob2hpbi9zd2l0Y2gvc3dfaW1nXzI1LmdpZiIgYm9yZGVyPSIwIj48L3A+CjxwPjxpbWcgc3JjPSJodHRwOi8vaW1hZ2UucmFrdXRlbi5jby5qcC9sYW1hcmVlL2NhYmluZXQvc2hvaGluL3N3aXRjaC9zd19pbWdfMjYuanBnIiB3aWR0aD0iMTAwJSIgYm9yZGVyPSIwIj48L3A+CjxwPjxpbWcgc3JjPSJodHRwOi8vaW1hZ2UucmFrdXRlbi5jby5qcC9sYW1hcmVlL2NhYmluZXQvc2hvaGluL3N3aXRjaC9zd19pbWdfMjcuanBnPzEiIGJvcmRlcj0iMCI+PC9wPgoKPHA+PGltZyBzcmM9Imh0dHA6Ly9pbWFnZS5yYWt1dGVuLmNvLmpwL2xhbWFyZWUvY2FiaW5ldC9zaG9oaW4vc3dpdGNoL3N3X2ltZ18yOC5naWYiIGJvcmRlcj0iMCI+PC9wPgo8ZGl2IGNsYXNzPSJibG9jazAxIj4KPHA+PGltZyBzcmM9Imh0dHA6Ly9pbWFnZS5yYWt1dGVuLmNvLmpwL2xhbWFyZWUvY2FiaW5ldC9zaG9oaW4vc3dpdGNoL3N3X2ltZ18yOS5qcGciIGJvcmRlcj0iMCI+PGltZyBzcmM9Imh0dHA6Ly9pbWFnZS5yYWt1dGVuLmNvLmpwL2xhbWFyZWUvY2FiaW5ldC9zaG9oaW4vc3dpdGNoL3N3X2ltZ18zMC5naWYiIGJvcmRlcj0iMCI+PC9wPgo8L2Rpdj4KPHA+PGltZyBzcmM9Imh0dHA6Ly9pbWFnZS5yYWt1dGVuLmNvLmpwL2xhbWFyZWUvY2FiaW5ldC9zaG9oaW4vc3dpdGNoL3N3X2ltZ18zMS5naWYiIGJvcmRlcj0iMCI+PC9wPgo8aWZyYW1lIHNjcm9sbGluZz0ibm8iIGZyYW1lYm9yZGVyPSIwIiBzcmM9Imh0dHA6Ly93d3cucmFrdXRlbi5uZS5qcC9nb2xkL2xhbWFyZWUvaWYtd3JhcHBpbmcuaHRtbCIgaWQ9ImlmLXdyYXBwaW5nIj48L2lmcmFtZT4KCjxwPjxhIGhyZWY9Imh0dHA6Ly9pdGVtLnJha3V0ZW4uY28uanAvbGFtYXJlZS9zd2l0Y2gtMDIvI2NhcnQiPjxpbWcgc3JjPSJodHRwOi8vaW1hZ2UucmFrdXRlbi5jby5qcC9sYW1hcmVlL2NhYmluZXQvc2hvaGluL3N3aXRjaC9zd19idG4wMS5qcGciPjwvYT48L3A+Cgo8L2Rpdj4KPC9kaXY+Cgo8ZGl2IGlkPSJjYXJ0Ij48L2Rpdj4KCjxicj48YnI+PGJyPgoKPCEtLeKWvOWJiumZpOOBl+OBquOBhOS6iy0tPgo8dGFibGUgY2VsbHNwYWNpbmc9IjAiIGNlbGxwYWRkaW5nPSIwIj4KPHRhYmxlIGNlbGxzcGFjaW5nPSIwIiBjZWxscGFkZGluZz0iMCI+Cjx0YWJsZSBjZWxsc3BhY2luZz0iMCIgY2VsbHBhZGRpbmc9IjAiPgo8dGFibGUgY2VsbHNwYWNpbmc9IjAiIGNlbGxwYWRkaW5nPSIwIj4KPCEtLeKWsuWJiumZpOOBl+OBquOBhOS6iy0tPgo8cCBjbGFzcz0iZm9udDEiPiDjg6Hjg7PjgrrosqHluIPvvIbjg6zjg4fjgqPjg7zjgrnosqHluIPimIY8YnI+6LKh5biD44Gu5Lit6Lqr44KS44Gv44Ga44GX44Gm5pys5L2T44KS5LuY44GR5pu/44GI44KL44Gg44GR77yB552A5pu/44GI44KL6LKh5biD55m75aC0ISE8YnI+44GX44Gq44KE44GL44Gq44K944OV44OI54mb6Z2p77yI55qu77yJ44CB5biG5biD44Go44Gu44Kz44Oz44OT44ON44O844K344On44Oz44CB44Od44Kk44Oz44OI44K544OG44OD44OB44CB57Sw44GL44GE44OH44Kj44OG44Kj44O844Or44Gr44G+44Gn44GT44Gg44KP44Gj44Gf6Z2p6LKh5biD44CCPGJyPuOCq+ODvOODieODm+ODq+ODgOODvOOBq+ODleOCoeOCueODiuODvOOCv+OCpOODl+OBruOCs+OCpOODs+OCseODvOOCueS7mOOBjeacreWFpeOCjOOBqOOAgeapn+iDvemdouOCguWFheWun+OAgjxicj48YnI+5LuW44Gr44Gv44Gq44GE44CB44Kq44Oq44K444OK44Or44Gu54+N44GX44GE44OH44K244Kk44Oz44Gq44Gu44Gn44GK6KqV55Sf5pel44KE44OX44Os44K844Oz44OI44Gr44KC44Kq44K544K544Oh44Gn44GZ4piGPGJyPjxicj7jgqrjg6rjgrjjg4rjg6vjgIDjg5bjg6njg7Pjg4njgafjg6zjgrbjg7zjgrDjg4PjgrrvvIjpnanlsI/nianvvInjgpLlsZXplovjgZnjgovjg6njg57jg7zjg6zjgII8YnI+44Op44Oe44O844Os44CA44Kq44Oq44K444OK44Or6LKh5biD44Go44GX44Gm44GK5bGK44GR44GX44G+44GZ77yBPC9wPjwhLS3jgrfjg6rjg7zjgrrntLnku4vmnqAgLS0+PGRpdiBpZD0iY29udGVudHMiPjxwIGNsYXNzPSJwYWdldG9wIj48aW1nIHNyYz0iaHR0cDovL2ltYWdlLnJha3V0ZW4uY28uanAvbGFtYXJlZS9jYWJpbmV0L2ltZy9pbWctdl9jb21tb24vY29tbW9uMTQuZ2lmIiBhbHQ9IiIgd2lkdGg9IjEyIiBoZWlnaHQ9IjEzIiAvPuOBk+OBruODmuODvOOCuOOBruODiOODg+ODl+OBuDwvcD48L2Rpdj48IS0tL+OCt+ODquODvOOCuue0ueS7i+aeoCAtLT48YnI+PEZPTlQgc2l6ZT0iMSJjb2xvcj0iI2E5YTlhOSI+POmBjuWOu+OBruaknOe0ouOCreODvOODr+ODvOODiT48YnI+44Oh44Oz44K6IOODrOODh+OCo+ODvOOCuSDjg4fjgrbjgqTjg7Mg5YCk5q61IOapn+iDvSDpnakg44Os44K244O8IOacrOmdqSDpnanoo73lk4Eg5bCP54mpIOiyoeW4gyDjgrXjgqTjg5Ug44GV44GE44G1IOOCpuOCqeODrOODg+ODiCDplbfosqHluIMg5LqM44Gk5oqY44KK6LKh5biDIOODqeOCpuODs+ODieODleOCoeOCueODiuODvCDjgrPjgqTjg7PjgrHjg7zjgrkg5bCP6Yqt5YWl44KMIOODnuODjeODvOOCr+ODquODg+ODlyDjgq3jg7zjgrHjg7zjgrkg44Kt44O844Ob44Or44OA44O8IOODkeOCueOCseODvOOCuSDlrprmnJ/lhaXjgowg5ZCN5Yi65YWl44KMIOOCq+ODvOODieOCseODvOOCuSDjg5XjgqHjg4Pjgrfjg6fjg7Mg6YCa6LKpIOOCq+OCuOODpeOCouODqyDjg6Hjg7PjgrrppKgg6ZuR6KqMIOOBiuOBl+OCg+OCjCDjgqrjgrfjg6Pjg6wg5rWB6KGMIOOCueOCv+OCpOODqyDpgbjjgbPmlrkg5q+U6LyDIOOCueODvOODhCDmtIvmnI0g44Kr44K444Ol44Ki44OrIOOCs+ODvOODh+OCo+ODjeODvOODiCDjgYrjgZnjgZnjgoEg44Kq44K544K544OhIOOCq+OCv+ODreOCsCDkurrmsJcg44Op44Oz44Kt44Oz44KwIOODluODqeODs+ODiSDlh7rlvLUg44OI44Op44OZ44OrIOaXheihjOeUqCDjgqLjgqbjg4jjg4njgqIg6Lu96YePIOi2hei7vemHjyDoloTlnosg5aSa5qmf6IO9IOWkp+WuuemHjyDpgIHmlpnnhKHmlpkg44OP44Oz44OJ44Oh44Kk44OJIOaJi+S9nOOCiiDjgq/jg7zjg53jg7Mg5Zu955SjIOaXpeacrOijvSAxMOS7oyAyMOS7oyAzMOS7oyA0MOS7oyA1MOS7oyA2MOS7oyA3MOS7oyDlvbzmsI8g5b285aWzIOe0s+WjqyDkuKHopqog5oGL5Lq6IOeItiDmr40g5Y+L6YGUIOeItuOBruaXpSDmr43jga7ml6Ug44Kv44Oq44K544Oe44K5IOOCteODl+ODqeOCpOOCuiDjg5fjg6zjgrzjg7Pjg4gg6KqV55Sf5pelIOOCruODleODiCDlhoXnpZ3jgYQg44GK6L+U44GXIOmChOaapuelneOBhCDoqJjlv7Xml6Ug5aSn44GN44GE44K144Kk44K6IOWwj+OBleOBhOOCteOCpOOCuiDmiYvlhaXjgowg5L+u55CGIOOCr+ODquODvOODi+ODs+OCsCDpgJrli6Qg6YCa5a2m44CA44OW44Op44Kk44OJ44Or44Os44K244O8IOOCs+ODvOODieODkOODsyDjg4zjg6Hpnakg54mb6Z2p44CA44Kk44K/44Oq44Ki44Oz44Os44K244O8IOOCpOOCv+ODquOCoiDjgq/jg63jgrMg44Kv44Ot44Kz44OA44Kk44OrIOOBi+OBo+OBk+OBhOOBhCDjgYvjgo/jgYTjgYQg5Y+v5oSb44GEIOalveWkqSByYWt1dGVuIOaYpSDmmKXniakg5aSPIOWkj+eJqSDnp4sg56eL54mpIOWGrCDlhqzniakg57im5Z6LIOaoquWeiyDlpKflrrnph48g44OT44K444ON44K5IOODk+OCuOOCq+OCuCDjgq/jg7zjg6vjg5Pjgrog6auY57SaIOemj+iiiyDmoLzlrokg44K744O844OrIOWwsea0u+Wkp+WtpueUnyDlronjgYQg6LSI44KK54mpIOS4iOWkqyDpoJHkuIgg5qmf6IO95oCnIOODh+OCtuOCpOODsyDjg5/jg4sg44Of44OL6LKh5biDIOWwj+OBleOBhOiyoeW4gyDlsI/jgZXjgYQg5qW15bCP6LKh5biDIOODquODnOODsyDjgYzjgb7lj6Mg44GM44G+44GQ44GhIOOCrOODnuWPoyDjgrfjg7Pjg5fjg6sg5LiJ44Gk5oqYIOaKmOiyoeW4gyDjgarjgYzjgZXjgYTjgbUg44Ki44Oh44Kr44K4IOmiqOawtCDph5HpgYsg5paw5L2cIDIwMTMgMjAxNCDjg5Pjgrjjg43jgrnjg5Djg4Pjgq8g44OQ44OD44KwIOODkOODg+OCryDjg5bjg6rjg7zjg5XjgrHjg7zjgrkg44OW44Oq44O844OV44OQ44OD44KwIOODquOCr+ODq+ODvOODiOODkOODg+OCsCDjgrfjg6fjg6vjg4Djg7zjg5Djg4PjgrAg44K344On44Or44OA44O844OQ44OD44KvIOOCt+ODp+ODq+ODgOODvCDmlpzjgoHjgYzjgZHjg5Djg4PjgrAg44K744Kr44Oz44OJ44OQ44OD44KwIOOCu+OCq+ODs+ODieODkOODg+OCryDjg4jjg7zjg4gg44OI44O844OI44OQ44OD44KwIOODiOODvOODiOODkOODg+OCryDjg5Pjgrjjg43jgrnjg4jjg7zjg4gg44Oc44OH44Kj44OQ44OD44KwIOODnOODh+OCo+ODkOODg+OCryDjg5zjg4fjgqPjg7zjg5Djg4PjgrAg44Od44K344Kn44OD44OIIOODjeOCsyDnjKvmn4Q8L0ZPTlQ+PCEtLTxkaXY+PGltZyBzcmM9Imh0dHA6Ly9pbWFnZS5yYWt1dGVuLmNvLmpwL2xhbWFyZWUvY2FiaW5ldC9jb21tb24wMS9zcF9iYW5uZXIxMC5qcGciIGJvcmRlcj0iMCIgdXNlbWFwPSIjTWFwIj4KICAgIDxtYXAgbmFtZT0iTWFwIj4KICAgICAgCiAgICAgIAogICAgPC9tYXA+LS0+ICA8IS0tPGltZyBzcmM9Imh0dHA6Ly9pbWFnZS5yYWt1dGVuLmNvLmpwL2xhbWFyZWUvY2FiaW5ldC9jb21tb24wMS9zYWxlMDIyNS5qcGciIGJvcmRlcj0iMCI+IC0tPg==,5pys6Z2p6LKh5biDIOmVt+iyoeW4gyDmnKzpnakg55qu44CA6ZW36LKh5biDICDjg6Hjg7Pjgrrjg7vjg6zjg4fjgqPjg7zjgrkg44CQ44Oh44Oz44K66LKh5biDIOODrOODh+OCo+ODvOOCueiyoeW4g+OAkeOAkOalveOCruODlV/ljIXoo4XjgJHjg6zjgrbjg7wgTUVOJ1Mg6Z2p6LKh5biD44CQ44OW44Op44Oz44OJIOOBleOBhOOBtSDjgrXjgqTjg5XjgJHjgJDplbfosqHluIMgd2FsbGV044CR44OX44Os44K844Oz44OIIOOCruODleODiCDlvbzlpbMg5b285rCPIOOAkG1hbGHjgJHjgJBmZWxh44CR77ya44Op44O744Oe44O844Os,6LKh5biDIOOCteOCpOODlSDjgZXjgYTjgbXplbfosqHluIPpnanlsI/nianjgq3jg7zjgrHjg7zjgrnpnanoo73lk4Hmr43jga7ml6Ug54i244Gu5pelIOOCr+ODquOCueODnuOCuSDjg6njg4Pjg5Tjg7PjgrDjgYzjgb7lj6Mg44GM44G+44GQ44Gh5LqM44Gk5oqY44KK6LKh5biD44Oh44Oz44K6IOeUt+aAp+eUqCAgTWVuJ3Pjg6zjg4fjgqPjg7zjgrkg5aWz5oCn55SoIOODrOODh+OCo+OCuSBsYWRpZXPjgq7jg5Xjg4gg44OX44Os44K844Oz44OI5ZCN5Yi65YWl44KMIOWQjeWIuuWFpemiqOawtCDpgYvmsJcg54yrIOm7hOiJsuOBr+OBjuOCjCDpnanjg5HjgrnjgrHjg7zjgrkg5a6a5pyf5YWl44KM44OQ44OD44KwIOODneOCt+OCp+ODg+ODiOOCreODvOODu+OCseODvOOCue+8hU9GRuODlOODs+OCr+ODnuODjeODvOOCr+ODquODg+ODlyDjgqbjgqnjg6zjg4Pjg4jjg4Hjgqfjg7zjg7PmnKzpnanosqHluIMg6ZW36LKh5biDIOacrOmdqSDnmq7jgIDplbfosqHluIMgIOODoeODs+OCuuODu+ODrOODh+OCo+ODvOOCuSDjgJDjg6Hjg7PjgrrosqHluIMg44Os44OH44Kj44O844K56LKh5biD44CR44CQ5qW944Ku44OVX+WMheijheOAkeODrOOCtuODvCBNRU4nUyDpnanosqHluIPjgJDjg5bjg6njg7Pjg4kg44GV44GE44G1IOOCteOCpOODleOAkeOAkOmVt+iyoeW4gyB3YWxsZXTjgJHjg5fjg6zjgrzjg7Pjg4gg44Ku44OV44OIIOW9vOWlsyDlvbzmsI8g44CQbWFsYeOAkeOAkGZlbGHjgJE=,44Oh44Oz44K644O744Os44OH44Kj44O844K5IOmVt+iyoeW4gyDosqHluIMg44K144Kk44OVIOODluODqeODs+ODieOAguacrOmdqeiyoeW4gyDplbfosqHluIMg5pys6Z2pIOearuOAgOmVt+iyoeW4gyAg44Oh44Oz44K644O744Os44OH44Kj44O844K5IOOAkOODoeODs+OCuuiyoeW4gyDjg6zjg4fjgqPjg7zjgrnosqHluIPjgJHjgJDmpb3jgq7jg5Vf5YyF6KOF44CR44Os44K244O8IE1FTidTIOmdqeiyoeW4g+OAkOODluODqeODs+ODiSDjgZXjgYTjgbUg44K144Kk44OV44CR44CQ6ZW36LKh5biDIHdhbGxldOOAkeODl+ODrOOCvOODs+ODiCDjgq7jg5Xjg4gg5b285aWzIOW9vOawjyDjgJBtYWxh44CR44CQZmVsYeOAkQ==[rn]
39-76442,aHR0cDovL3RzaG9wLnIxMHMuanAvbGFtYXJlZS9jYWJpbmV0L21vYmlsZS9sZS0wMDVfbW9iaWwwMS5qcGc/Zml0aW49NzAwOjcwMA==,NjgyNS42MDAw,,44OQ44OD44Kw44O75bCP54mp44O744OW44Op44Oz44OJ6ZuR6LKoID4g6LKh5biD44O744Kx44O844K5ID4g44Os44OH44Kj44O844K56LKh5biD,44CQ5pys6Z2p44O76LKh5biD44CRV+ODkeODvOOCueODu+OCveODleODiOODrOOCtuODvOOCpuOCqeODrOODg+ODiOOAgOmdqeiyoeW4g++8iOWPluOCiuWkluOBl+OBp+OBjeOCi+Wwj+mKreWFpeOCjOS7mOOBje+8ieOAkOalveOCruODlV/ljIXoo4XjgJHjgJBtYWxh44CR,5Lq65rCX44K344Oq44O844K677yB6Z2p6LKh5biD,PCEtLSDjgrPjg7Pjg4bjg7Pjg4QgLS0+IAo8ZGl2IGlkPSJjb250ZW50cyI+IAo8ZGl2IGlkPSJsZXZyZSI+CjxpbWcgc3JjPSJodHRwOi8vd3d3LnJha3V0ZW4ubmUuanAvZ29sZC9sYW1hcmVlL2ltZy9pbWctbGFua2luZy9sYW5raW5nX2xlMDUuanBnIiBhbHQ9IuODqeODu+ODnuODvOODrOODrOODluODrOOCt+ODquODvOOCuuOBjOWjsuOCjOeti+ODqeODs+OCreODs+OCsOWFpeOCiuOBl+OBvuOBl+OBn++8gSIgLz48YnI+CjxoMT7jgIxX44OR44O844K544Km44Kp44Os44OD44OI44CA5oqY6LKh5biD77yI5Y+W44KK5aSW44GX44Gn44GN44KL5bCP6Yqt5YWl44KM5LuY44GN77yJ44CN44CA44Os44OW44Os44K344Oq44O844K6PC9oMT4KPGltZyBzcmM9Imh0dHA6Ly93d3cucmFrdXRlbi5uZS5qcC9nb2xkL2xhbWFyZWUvaW1nL2ltZy1sX3dfd2FsbGV0L2xldnJlMS5qcGciIGFsdD0i6Z2p6LKh5biD44Gu44Op44O744Oe44O844Os44CA5oqY6Z2p6LKh5biDIiB3aWR0aD0iNjEwIiBoZWlnaHQ9IjQzNyIgLz4KPCEtLTxwPjxpbWcgc3JjPSJodHRwOi8vaW1hZ2UucmFrdXRlbi5jby5qcC9sYW1hcmVlL2NhYmluZXQvY29tbW9uMDEvMjAxNjExMTEuZ2lmIiB3aWR0aD0iNjEwIj48L3A+LS0+CjxkaXYgY2xhc3M9ImltZ2NlbnRlciBtMTAiPjxhIGhyZWY9Imh0dHA6Ly93d3cucmFrdXRlbi5uZS5qcC9nb2xkL2xhbWFyZWUvc2VyaWVzLmh0bSNsZXZyZSI+PGltZyBzcmM9Imh0dHA6Ly93d3cucmFrdXRlbi5uZS5qcC9nb2xkL2xhbWFyZWUvaW1nL2ltZy1sX2NvbW1vbi9jb21tb24xLmpwZyIgYWx0PSLoh6rnhLblm57luLDjg7vjg6zjg5bjg6wiIHdpZHRoPSI1ODAiIGhlaWdodD0iOTQiIC8+PC9hPjwvZGl2PgoKPCEtLeOCt+ODquODvOOCuue0ueS7i+aeoCAtLT4KPGRpdiBpZD0iY29udGVudHMiPjxkaXYgY2xhc3M9ImZ0X3NlcmllcyBjbGVhciI+CjxpZnJhbWUgc3JjPSJodHRwOi8vd3d3LnJha3V0ZW4ubmUuanAvZ29sZC9sYW1hcmVlL2Z0X3Nlcmllc18wMl8yLmh0bSIgd2lkdGg9IjYwMCIgaGVpZ2h0PSIyNjAiIGZyYW1lYm9yZGVyPSIwIiBzY3JvbGxpbmc9Im5vIiBtYXJnaW53aWR0aD0iMCIgbWFyZ2luaGVpZ2h0PSIwIj48L2lmcmFtZT48L2Rpdj48L2Rpdj4KPCEtLS/jgrfjg6rjg7zjgrrntLnku4vmnqAgLS0+CjxkaXYgY2xhc3M9ImltZ2NlbnRlciBtMTAiPjxpbWcgc3JjPSJodHRwOi8vd3d3LnJha3V0ZW4ubmUuanAvZ29sZC9sYW1hcmVlL2ltZy9pbWctbF93X3dhbGxldC9sZXZyZTIuanBnIiBhbHQ9IuaKmOmdqeiyoeW4g+ODrOODluODrCIgd2lkdGg9IjYxMCIgaGVpZ2h0PSI3MDgiIC8+PGltZyBzcmM9Imh0dHA6Ly93d3cucmFrdXRlbi5uZS5qcC9nb2xkL2xhbWFyZWUvaW1nL2ltZy1sX3dfd2FsbGV0L2xldnJlMy5qcGciIGFsdD0i6Z2p6LKh5biD44Gu44Kz44Oz44K744OX44OIIiB3aWR0aD0iNjEwIiBoZWlnaHQ9IjI5OSIgLz48aW1nIHNyYz0iaHR0cDovL3d3dy5yYWt1dGVuLm5lLmpwL2dvbGQvbGFtYXJlZS9pbWcvaW1nLWxfd193YWxsZXQvbGV2cmU0LmpwZyIgYWx0PSLpnanjga7osqHluIPjg6zjg5bjg6zjgrfjg6rjg7zjgroiIHdpZHRoPSI2MTAiIGhlaWdodD0iMzE3IiAvPjwvZGl2Pgo8ZGl2IGNsYXNzPSJwb2ludCBwb2ludF9sZXZyZSBjbGVhcmZpeCI+CjxkaXYgY2xhc3M9ImxlZnQiPgo8aW1nIHNyYz0iaHR0cDovL3d3dy5yYWt1dGVuLm5lLmpwL2dvbGQvbGFtYXJlZS9pbWcvaW1nLWxfd193YWxsZXQvbGV2cmU1LmpwZyIgd2lkdGg9IjI2NSIgaGVpZ2h0PSIxOTUiIGFsdD0iMeeVqu+8mlfjg5Hjg7zjgrnjgqbjgqnjg7zjg6zjg4Pjg4gg5oqY6LKh5biD44Gu6Kmz57Sw5YaZ55yfIiAvPgo8cD4xLuOCq+ODvOODieautTEx5a6k44CB44Od44Kx44OD44OI77yS5a6k44Go5Y+O57SN5Yqb5oqc576k77yBPC9wPgo8L2Rpdj4KPGRpdiBjbGFzcz0icmlnaHQiPjxpbWcgc3JjPSJodHRwOi8vd3d3LnJha3V0ZW4ubmUuanAvZ29sZC9sYW1hcmVlL2ltZy9pbWctbF93X3dhbGxldC9sZXZyZTYuanBnIiB3aWR0aD0iMjY1IiBoZWlnaHQ9IjE5NSIgYWx0PSIy55Wq77yaV+ODkeODvOOCueOCpuOCqeODvOODrOODg+ODiCDmipjosqHluIPjga7oqbPntLDlhpnnnJ8iIC8+CjxwPjIu5aSn44GN44GP6ZaL44GP44Gu44Gn44CB44GK5pyt44Gu5Ye644GX5YWl44KM44Gv44K544Og44O844K677yBPC9wPgo8L2Rpdj4KPC9kaXY+CjxkaXYgY2xhc3M9InBvaW50IHBvaW50X2xldnJlIGNsZWFyZml4Ij4KPGRpdiBjbGFzcz0ibGVmdCI+PGltZyBzcmM9Imh0dHA6Ly93d3cucmFrdXRlbi5uZS5qcC9nb2xkL2xhbWFyZWUvaW1nL2ltZy1sX3dfd2FsbGV0L2xldnJlNy5qcGciIHdpZHRoPSIyNjUiIGhlaWdodD0iMTk1IiBhbHQ9IjPnlarvvJpX44OR44O844K544Km44Kp44O844Os44OD44OIIOaKmOiyoeW4g+OBruips+e0sOWGmeecnyIgLz4KPHA+My7jg5XjgqHjgrnjg4rjg7zku5jjga7mnK3lhaXjgafjgIHjgYrmnK3ku6XlpJbjgavjgoLpoJjlj47mm7jjgarjganntLDjgYvjgYTnianjgpLlj47ntI3jgafjgY3jgb7jgZnjgII8L3A+CjwvZGl2Pgo8ZGl2IGNsYXNzPSJyaWdodCI+PGltZyBzcmM9Imh0dHA6Ly93d3cucmFrdXRlbi5uZS5qcC9nb2xkL2xhbWFyZWUvaW1nL2ltZy1sX3dfd2FsbGV0L2xldnJlOC5qcGciIHdpZHRoPSIyNjUiIGhlaWdodD0iMTk1IiBhbHQ9IjTnlarvvJpX44OR44O844K544Km44Kp44O844Os44OD44OIIOaKmOiyoeW4g+OBruips+e0sOWGmeecnyIgLz4KPHA+NC7jgaHjgofjgaPjgajjgZfjgZ/lsI/nianjgpLlj47ntI3jgafjgY3jgb7jgZnjgII8L3A+CjwvZGl2Pgo8L2Rpdj4KPGRpdiBjbGFzcz0icG9pbnQgcG9pbnRfbGV2cmUgY2xlYXJmaXgiPgo8ZGl2IGNsYXNzPSJsZWZ0Ij48aW1nIHNyYz0iaHR0cDovL3d3dy5yYWt1dGVuLm5lLmpwL2dvbGQvbGFtYXJlZS9pbWcvaW1nLWxfd193YWxsZXQvbGV2cmU5LmpwZyIgd2lkdGg9IjI2NSIgaGVpZ2h0PSIxOTUiIGFsdD0iNeeVqu+8mlfjg5Hjg7zjgrnjgqbjgqnjg7zjg6zjg4Pjg4gg5oqY6LKh5biD44Gu6Kmz57Sw5YaZ55yfIiAvPgo8cD41LuWwj+mKreWFpeOCjOOBr+OBn+OBo+OBt+OCiuWFpeOCiuOAgeWPluOCiuWHuuOBl+aYk+OBhOODleOCoeOCueODiuODvOOCv+OCpOODl+OBp+OBmeOAgjwvcD4KPC9kaXY+CjxkaXYgY2xhc3M9InJpZ2h0Ij4KPGltZyBzcmM9Imh0dHA6Ly93d3cucmFrdXRlbi5uZS5qcC9nb2xkL2xhbWFyZWUvaW1nL2ltZy1sX3dfd2FsbGV0L2xldnJlMTAuanBnIiB3aWR0aD0iMjY1IiBoZWlnaHQ9IjE5NSIgYWx0PSI255Wq77yaV+ODkeODvOOCueOCpuOCqeODvOODrOODg+ODiCDmipjosqHluIPjga7oqbPntLDlhpnnnJ8iIC8+CjxwPjYu6LKh5biD5pys5L2T44Go44OJ44Or5YWl44KM44GM5Y+W44KK5aSW44GX44Gn44GN44KL44Gu44Gn44CB5b+F6KaB44Gq5pmC44Gr5Yil44CF44Gr5L2/44GI44KL5L6/5Yip44Gq44Ki44Kk44OG44Og6YGU44Gn44GZ44CCPC9wPgo8L2Rpdj4KPC9kaXY+CjxkaXYgY2xhc3M9InBvaW50IHBvaW50X2xldnJlIGNsZWFyZml4Ij4KPGRpdiBjbGFzcz0ibGVmdCI+PGltZyBzcmM9Imh0dHA6Ly93d3cucmFrdXRlbi5uZS5qcC9nb2xkL2xhbWFyZWUvaW1nL2ltZy1sX3dfd2FsbGV0L2xldnJlMTEuanBnIiB3aWR0aD0iMjY1IiBoZWlnaHQ9IjE5NSIgYWx0PSI355Wq77yaV+ODkeODvOOCueOCpuOCqeODvOODrOODg+ODiCDmipjosqHluIPjga7oqbPntLDlhpnnnJ8iIC8+CjxwPjcu44Kz44Kk44Oz44KE44Kt44O844Gq44Gp5Y+O57SN44Gn44GN44KL44OV44Kh44K544OK44O844Od44Kx44OD44OI44CCPC9wPgo8L2Rpdj4KPGRpdiBjbGFzcz0icmlnaHQiPgo8aW1nIHNyYz0iaHR0cDovL3d3dy5yYWt1dGVuLm5lLmpwL2dvbGQvbGFtYXJlZS9pbWcvaW1nLWxfd193YWxsZXQvbGV2cmUxMi5qcGciIHdpZHRoPSIyNjUiIGhlaWdodD0iMTk1IiBhbHQ9IjjnlarvvJpX44OR44O844K544Km44Kp44O844Os44OD44OIIOaKmOiyoeW4g+OBruips+e0sOWGmeecnyIgLz4KPHA+OC7jg6njg57jg7zjg6zjgqrjg6rjgrjjg4rjg6vjg5vjg4Pjgq88L3A+CjwvZGl2Pgo8L2Rpdj4KPGgyPjxpbWcgc3JjPSJodHRwOi8vd3d3LnJha3V0ZW4ubmUuanAvZ29sZC9sYW1hcmVlL2ltZy9pbWctbF9jb21tb24vY29tbW9uMy5naWYiIGFsdD0i6Z2p6LKh5biD44Gu44K144Kk44K6IiB3aWR0aD0iNjEwIiBoZWlnaHQ9IjM4IiBjbGFzcz0ibTQwIiAvPjwvaDI+Cgo8ZGl2IGNsYXNzPSJpbWdjZW50ZXIgbTIwIj48aW1nIHNyYz0iaHR0cDovL3d3dy5yYWt1dGVuLm5lLmpwL2dvbGQvbGFtYXJlZS9pbWcvaW1nLWxfd193YWxsZXQvbGV2cmUxMy5qcGciIHdpZHRoPSI2MTAiIGhlaWdodD0iNTYxIiBhbHQ9IumdqeiyoeW4g+OBruOCteOCpOOCuiIgLz48L2Rpdj4KPGRpdiBjbGFzcz0iZGV0YWlsIj4KPGltZyBzcmM9Imh0dHA6Ly93d3cucmFrdXRlbi5uZS5qcC9nb2xkL2xhbWFyZWUvaW1nL2ltZy1sX2NvbW1vbi9jb21tb240LmdpZiIgYWx0PSLllYblk4HoqbPntLAiIHdpZHRoPSI1MTkiIGhlaWdodD0iMjQiIC8+CjxkbCBjbGFzcz0iYm9yZGVyIj4KPGR0Pue0oOadkDwvZHQ+CjxkZD7ooajvvJrniZvpnanjgIDjgIDoo4/vvJrjgq3jg6Pjg7Pjg5DjgrnlnLA8L2RkPgo8L2RsPgo8ZGwgY2xhc3M9ImJvcmRlciI+CjxkdD7jgrXjgqTjgro8L2R0Pgo8ZGQ+44K/44OG77yaMTAuNWNt44CA44Oo44Kz77yaMTFjbeOAgOODnuODgeW5he+8mjRjbTwvZGQ+CjwvZGw+CjxkbD4KPGR0PuS7leanmDwvZHQ+CjxkZD7mnK3lhaXjgozvvJoy44CA5bCP6Yqt5YWl44KM77yaMuOAgOOCq+ODvOODieWFpeOCjO+8mjEx44CA44Od44Kx44OD44OI77yaMjwvZGQ+CjwvZGw+CjxpbWcgc3JjPSJodHRwOi8vd3d3LnJha3V0ZW4ubmUuanAvZ29sZC9sYW1hcmVlL2ltZy9pbWctbF9jb21tb24vY29tbW9uNi5naWYiIGFsdD0iIiB3aWR0aD0iNTE5IiBoZWlnaHQ9IjQiIC8+PC9kaXY+CjxkaXYgY2xhc3M9ImltZ2NlbnRlciBtNDAiPjxpbWcgc3JjPSJodHRwOi8vd3d3LnJha3V0ZW4ubmUuanAvZ29sZC9sYW1hcmVlL2ltZy9pbWctY29tbW9uL2NhdXRpb24uanBnIiBhbHQ9IuOBk+OBruijveWTgeOBr+OAgeWkqeeEtuearumdqeOCkuS9v+eUqOOBl+OBpuOBhOOBvuOBmeOAguOBneOBruOBn+OCgeOAgemdqeOBruihqOmdouOBq+OCreOCuuOBruOCiOOBhuOBqueti+eKtuOBruaooeanmOOChOiJsuODoOODqeOBjOimi+OCieOCjOOCi+WgtOWQiOOBjOOBguOCiuOBvuOBmeOAguOBk+OCjOOBr+acrOmdqeOBp+OBguOCi+iovOaLoOOBp+OBguOCiuOAgeOBneOBrueLrOeJueOBrumiqOWQiOOBhOOBjOWRs+OCj+OBhOOBq+OBquOBo+OBpuOBhOOBvuOBmeOAguacrOeJqeOBrumdqeOBruWRs+OCj+OBhOOCkuOBnOOBsuOBiualveOBl+OBv+OBj+OBoOOBleOBhOOAgiIgd2lkdGg9IjU5OCIgaGVpZ2h0PSI5OCIgLz48L2Rpdj4KCjxkaXYgY2xhc3M9ImltZ2NlbnRlciBtNDAiPjxhIGhyZWY9Imh0dHA6Ly93d3cucmFrdXRlbi5uZS5qcC9nb2xkL2xhbWFyZWUvcHJvY2Vzcy5odG0iPjxpbWcgc3JjPSJodHRwOi8vd3d3LnJha3V0ZW4ubmUuanAvZ29sZC9sYW1hcmVlL2ltZy9pbWctY29tbW9uL29yaWdpbmFsLmpwZyIgYWx0PSLjg6njg7vjg57jg7zjg6zpnanoo73lk4Hjga/jgqrjg6rjgrjjg4rjg6siIGJvcmRlcj0iMCIgLz48L2E+PC9kaXY+CgoKPGRpdiBjbGFzcz0iZWNvYm94Ij4KPGltZyBzcmM9Imh0dHA6Ly93d3cucmFrdXRlbi5uZS5qcC9nb2xkL2xhbWFyZWUvaW1nL2ltZy1jb21tb24vZWNvYm94LmdpZiIgYWx0PSLjgqjjgrPnrrEiIHdpZHRoPSI1ODEiIGhlaWdodD0iNjc4IiAvPgo8L2Rpdj4KCjxpbWcgc3JjPSJodHRwOi8vd3d3LnJha3V0ZW4ubmUuanAvZ29sZC9sYW1hcmVlL2ltZy9pbWctbF9jb21tb24vY29tbW9uOC5qcGciIGFsdD0i44Kr44Op44O844Op44Kk44Oz44OK44OD44OXIiB3aWR0aD0iNTk2IiBoZWlnaHQ9IjQ4IiBjbGFzcz0ibTEwMCIgLz4KCjxkaXYgY2xhc3M9ImxpbmV1cCBjbGVhcmZpeCI+CjxkaXYgY2xhc3M9ImxlZnQiPjxpbWcgc3JjPSJodHRwOi8vd3d3LnJha3V0ZW4ubmUuanAvZ29sZC9sYW1hcmVlL2ltZy9pbWctbF93X3dhbGxldC9sZXZyZTE0LmpwZyIgd2lkdGg9IjI3OSIgaGVpZ2h0PSIyOTMiIGFsdD0iV+ODkeODvOOCueOCpuOCqeODvOODrOODg+ODiCDmipjosqHluIPvvJrpm7Ljga7nmb0iIC8+PC9kaXY+CjxkaXYgY2xhc3M9InJpZ2h0Ij48aW1nIHNyYz0iaHR0cDovL3d3dy5yYWt1dGVuLm5lLmpwL2dvbGQvbGFtYXJlZS9pbWcvaW1nLWxfd193YWxsZXQvbGV2cmUxNS5qcGciIHdpZHRoPSIyNzkiIGhlaWdodD0iMjkzIiBhbHQ9Ilfjg5Hjg7zjgrnjgqbjgqnjg7zjg6zjg4Pjg4gg5oqY6LKh5biD77ya6JGh6JCE44Gu44Ov44Kk44OzIiAvPjwvZGl2Pgo8L2Rpdj4KPGRpdiBjbGFzcz0ibGluZXVwIGNsZWFyZml4Ij4KPGRpdiBjbGFzcz0ibGVmdCI+PGltZyBzcmM9Imh0dHA6Ly93d3cucmFrdXRlbi5uZS5qcC9nb2xkL2xhbWFyZWUvaW1nL2ltZy1sX3dfd2FsbGV0L2xldnJlMTYuanBnIiB3aWR0aD0iMjc5IiBoZWlnaHQ9IjI5MyIgYWx0PSJX44OR44O844K544Km44Kp44O844Os44OD44OIIOaKmOiyoeW4g++8muacqOOAheOBruiMtiIgLz48L2Rpdj4KPGRpdiBjbGFzcz0icmlnaHQiPjxpbWcgc3JjPSJodHRwOi8vd3d3LnJha3V0ZW4ubmUuanAvZ29sZC9sYW1hcmVlL2ltZy9pbWctbF93X3dhbGxldC9sZXZyZTE3LmpwZyIgd2lkdGg9IjI3OSIgaGVpZ2h0PSIyOTMiIGFsdD0iV+ODkeODvOOCueOCpuOCqeODvOODrOODg+ODiCDmipjosqHluIPvvJrokYnjga7nt5EiIC8+PC9kaXY+CjwvZGl2Pgo8ZGl2IGNsYXNzPSJsaW5ldXAgY2xlYXJmaXgiPgo8ZGl2IGNsYXNzPSJsZWZ0Ij48aW1nIHNyYz0iaHR0cDovL3d3dy5yYWt1dGVuLm5lLmpwL2dvbGQvbGFtYXJlZS9pbWcvaW1nLWxfd193YWxsZXQvbGV2cmUxOC5qcGciIHdpZHRoPSIyNzkiIGhlaWdodD0iMjk1IiBhbHQ9Ilfjg5Hjg7zjgrnjgqbjgqnjg7zjg6zjg4Pjg4gg5oqY6LKh5biD77ya5rW344Gu6Z2SIiAvPjwvZGl2Pgo8ZGl2IGNsYXNzPSJyaWdodCI+PGltZyBzcmM9Imh0dHA6Ly93d3cucmFrdXRlbi5uZS5qcC9nb2xkL2xhbWFyZWUvaW1nL2ltZy1sX3dfd2FsbGV0L2xldnJlMTkuanBnIiB3aWR0aD0iMjc5IiBoZWlnaHQ9IjI5NSIgYWx0PSJX44OR44O844K544Km44Kp44O844Os44OD44OIIOaKmOiyoeW4g++8mlLlsqnnn7Pjga7pu5IiIC8+PC9kaXY+CjwvZGl2Pgo8L2Rpdj4KPC9kaXY+CjwhLS0gLyDjgrPjg7Pjg4bjg7Pjg4QgLS0+CjxkaXYgY2xhc3M9Im00MCBjbGVhciI+CjwhLS3nibnpm4bjg6rjg7Pjgq8tLT4KPGlmcmFtZSBzcmM9Imh0dHA6Ly93d3cucmFrdXRlbi5uZS5qcC9nb2xkL2xhbWFyZWUvc3BlY2lhbC1iYW5uZXIuaHRtbCIgaGVpZ2h0PSIxOTAiIHdpZHRoPSI2MDAiIGZyYW1lYm9yZGVyPSIwIiBzY3JvbGxpbmc9Im5vIiBtYXJnaW53aWR0aD0iMCIgbWFyZ2luaGVpZ2h0PSIwIj48L2lmcmFtZT4KPCEtLS/nibnpm4bjg6rjg7Pjgq8tLT4KPHAgY2xhc3M9Im9yZGVyIj48aWZyYW1lIHNyYz0iaHR0cDovL3d3dy5yYWt1dGVuLm5lLmpwL2dvbGQvbGFtYXJlZS9mdF9vcmRlci5odG0iIGhlaWdodD0iNDcwIiB3aWR0aD0iNjAwIiBmcmFtZWJvcmRlcj0iMCIgc2Nyb2xsaW5nPSJubyIgbWFyZ2lud2lkdGg9IjAiIG1hcmdpbmhlaWdodD0iMCI+PC9pZnJhbWU+PC9wPgo8YnI+CjxpZnJhbWUgc3JjPSJodHRwOi8vd3d3LnJha3V0ZW4ubmUuanAvZ29sZC9sYW1hcmVlL3NwZWNpYWwtYmFubmVyMi5odG1sIiBoZWlnaHQ9IjI0MCIgd2lkdGg9IjYwMCIgZnJhbWVib3JkZXI9IjAiIHNjcm9sbGluZz0ibm8iIG1hcmdpbndpZHRoPSIwIiBtYXJnaW5oZWlnaHQ9IjAiPjwvaWZyYW1lPgo8aWZyYW1lIHNyYz0iaHR0cDovL3d3dy5yYWt1dGVuLm5lLmpwL2dvbGQvbGFtYXJlZS9zcGVjaWFsLWJhbm5lcjMuaHRtbCIgZnJhbWVib3JkZXI9IjAiIHNjcm9sbGluZz0ibm8iIG1hcmdpbndpZHRoPSIwIiBtYXJnaW5oZWlnaHQ9IjAiIGlkPSJzcGVjaWFsMyI+PC9pZnJhbWU+Cjxicj4KPGJyPgo8IS0tIHdyYXBwaW5nIC0tPgo8aWZyYW1lIHNjcm9sbGluZz0ibm8iIGZyYW1lYm9yZGVyPSIwIiBzcmM9Imh0dHA6Ly93d3cucmFrdXRlbi5uZS5qcC9nb2xkL2xhbWFyZWUvaWYtd3JhcHBpbmcuaHRtbCIgaWQ9ImlmLXdyYXBwaW5nIj48L2lmcmFtZT4KPCEtLSAvIHdyYXBwaW5nIC0tPgo8L2Rpdj48cCBjbGFzcz0iZm9udDEiPiDjg6Hjg7PjgrrosqHluIPvvIbjg6zjg4fjgqPjg7zjgrnosqHluIPimIY8YnI+55S35oCn44Gn44KC5aWz5oCn44Gn44KC5oyB44Gh44KE44GZ44GE44Kr44K444Ol44Ki44Or44OV44Kh44OD44K344On44Oz44Gq44K144Kk44OV44Gn44GZ4pmqPGJyPuOCouODoeOCq+OCuOODu+OCuOODvOODs+OCuuOBq+OCguOBtOOBo+OBn+OCiu+8gTxicj7jgZfjgarjgoTjgYvjgarjgr3jg5Xjg4jniZvpnanvvIjnmq7vvInjgIHluIbluIPjgajjga7jgrPjg7Pjg5Pjg43jg7zjgrfjg6fjg7PjgIHjg53jgqTjg7Pjg4jjgrnjg4bjg4Pjg4HjgIE8YnI+57Sw44GL44GE44OH44Kj44OG44Kj44O844Or44Gr44G+44Gn44GT44Gg44KP44Gj44Gf44Kk44Kr44GX44Gf6Z2p6LKh5biD44CCPGJyPuWPluOCiuWkluOBl+OBruWHuuadpeOCi+ODleOCoeOCueODiuODvOOCv+OCpOODl+OBruOCs+OCpOODs+OCseODvOOCueS7mOOBjeacreWFpeOCjOOBqOOAgeapn+iDvemdouOCguWFheWun+OAgjxicj48YnI+44GK6KqV55Sf5pel44KE44OX44Os44K844Oz44OI44Gr44KC44Kq44K544K544Oh44Gn44GZ4piGPGJyPjxicj7mipjosqHluIPjg7vplbfosqHluIPjg7vjgq3jg7zjgrHjg7zjgrnjg7vlkI3liLrlhaXjgozvvIjjg5HjgrnjgrHjg7zjgrnvvInjg7vjg5bjg4Pjgq/jgqvjg5Djg7zjg7vlsI/piq3lhaXjgozjg7vjg57jg43jg7zjgq/jg6rjg4Pjg5fjg7vjg5njg6vjg4jjgarjgak8YnI+44Kq44Oq44K444OK44Or44CA44OW44Op44Oz44OJ44Gn44Os44K244O844Kw44OD44K677yI6Z2p5bCP54mp77yJ44KS5bGV6ZaL44GZ44KL44Os44OH44Kj44O844K577yG44Oh44Oz44K644OV44Kh44OD44K344On44Oz5bCP54mp44O744Op44Oe44O844Os44CCPGJyPuODqeODnuODvOODrOOAgOOCquODquOCuOODiuODq+iyoeW4g+OBqOOBl+OBpuOBiuWxiuOBkeOBl+OBvuOBme+8gTxicj7jgqTjg7Pjgr/jg7zjg43jg4Pjg4jpmZDlrprosqnlo7Ljga7kurrmsJfllYblk4HjgILjgq7jg5Xjg4jjgavjgoLmnIDpganvvIHvvIE8L3A+PCEtLeOCt+ODquODvOOCuue0ueS7i+aeoCAtLT48ZGl2IGlkPSJjb250ZW50cyI+PGRpdiBjbGFzcz0iZnRfc2VyaWVzIGNsZWFyIj48L2Rpdj48cCBjbGFzcz0icGFnZXRvcCI+PGltZyBzcmM9Imh0dHA6Ly9pbWFnZS5yYWt1dGVuLmNvLmpwL2xhbWFyZWUvY2FiaW5ldC9pbWcvaW1nLXZfY29tbW9uL2NvbW1vbjE0LmdpZiIgYWx0PSIiIHdpZHRoPSIxMiIgaGVpZ2h0PSIxMyIgLz7jgZPjga7jg5rjg7zjgrjjga7jg4jjg4Pjg5fjgbg8L3A+PC9kaXY+PCEtLS/jgrfjg6rjg7zjgrrntLnku4vmnqAgLS0+PCEtLTxkaXY+PGltZyBzcmM9Imh0dHA6Ly9pbWFnZS5yYWt1dGVuLmNvLmpwL2xhbWFyZWUvY2FiaW5ldC9jb21tb24wMS9zcF9iYW5uZXIxMC5qcGciIGJvcmRlcj0iMCIgdXNlbWFwPSIjTWFwIj4KICAgIDxtYXAgbmFtZT0iTWFwIj4KICAgICAgCiAgICAgIAogICAgPC9tYXA+LS0+ICA8IS0tPGltZyBzcmM9Imh0dHA6Ly9pbWFnZS5yYWt1dGVuLmNvLmpwL2xhbWFyZWUvY2FiaW5ldC9jb21tb24wMS9zYWxlMDIyNS5qcGciIGJvcmRlcj0iMCI+IC0tPg==,44CQ5pys6Z2p44O76LKh5biD44CRV+ODkeODvOOCueODu+OCveODleODiOODrOOCtuODvOOCpuOCqeODrOODg+ODiOOAgOmdqeiyoeW4g++8iOWPluOCiuWkluOBl+OBp+OBjeOCi+Wwj+mKreWFpeOCjOS7mOOBje+8ieOAkOalveOCruODlV/ljIXoo4XjgJHjgJBtYWxh44CR77ya44Op44O744Oe44O844Os,6LKh5biDIOOCteOCpOODlSDjgZXjgYTjgbXplbfosqHluIPpnanlsI/nianjgq3jg7zjgrHjg7zjgrnpnanoo73lk4Hmr43jga7ml6Ug54i244Gu5pelIOOCr+ODquOCueODnuOCuSDjg6njg4Pjg5Tjg7PjgrDjgYzjgb7lj6Mg44GM44G+44GQ44Gh5LqM44Gk5oqY44KK6LKh5biD44Oh44Oz44K6IOeUt+aAp+eUqCAgTWVuJ3Pjg6zjg4fjgqPjg7zjgrkg5aWz5oCn55SoIOODrOODh+OCo+OCuSBsYWRpZXPjgq7jg5Xjg4gg44OX44Os44K844Oz44OI5ZCN5Yi65YWl44KMIOWQjeWIuuWFpemiqOawtCDpgYvmsJcg54yrIOm7hOiJsuOBr+OBjuOCjCDpnanjg5HjgrnjgrHjg7zjgrkg5a6a5pyf5YWl44KM44OQ44OD44KwIOODneOCt+OCp+ODg+ODiOOCreODvOODu+OCseODvOOCue+8hU9GRuODlOODs+OCr+ODnuODjeODvOOCr+ODquODg+ODlyDjgqbjgqnjg6zjg4Pjg4jjg4Hjgqfjg7zjg7PjgJDmnKzpnanjg7vosqHluIPjgJFX44OR44O844K544O744K944OV44OI44Os44K244O844Km44Kp44Os44OD44OI44CA6Z2p6LKh5biD77yI5Y+W44KK5aSW44GX44Gn44GN44KL5bCP6Yqt5YWl44KM5LuY44GN77yJ44CQ5qW944Ku44OVX+WMheijheOAkeOAkG1hbGHjgJE=,5Lq65rCX44K344Oq44O844K677yB6Z2p6LKh5biD44CC44CQ5pys6Z2p44O76LKh5biD44CRV+ODkeODvOOCueODu+OCveODleODiOODrOOCtuODvOOCpuOCqeODrOODg+ODiOOAgOmdqeiyoeW4g++8iOWPluOCiuWkluOBl+OBp+OBjeOCi+Wwj+mKreWFpeOCjOS7mOOBje+8ieOAkOalveOCruODlV/ljIXoo4XjgJHjgJBtYWxh44CR[rn]
39-76443,aHR0cDovL3RzaG9wLnIxMHMuanAvbGFtYXJlZS9jYWJpbmV0L2lrb3VfMjAxMDAzMDkvaW1nMTAzMDMxOTczNjkuanBnP2ZpdGluPTcwMDo3MDA=,MzEyMC4wMDAw,,44OQ44OD44Kw44O75bCP54mp44O744OW44Op44Oz44OJ6ZuR6LKoID4g6LKh5biD44O744Kx44O844K5ID4g44Os44OH44Kj44O844K56LKh5biD,44OW44OD44Kv44Kr44OQ44O85bCP77yI5paH5bqr44K144Kk44K677yJ,,44OW44OD44Kv44Kr44OQ44O877yc44Op44Oe44O844Os44O744K544Kv44Ko44Ki77ye44Gv5pys6Z2p44Go44OP44Oz44OX55Sf5Zyw44Gu44Kz44Oz44OT44ON44O844K344On44Oz44CC5bCP44K144Kk44K644Gv5paH5bqr44K144Kk44K644Gn44GZ44CCPCEtLTxkaXY+PGltZyBzcmM9Imh0dHA6Ly9pbWFnZS5yYWt1dGVuLmNvLmpwL2xhbWFyZWUvY2FiaW5ldC9jb21tb24wMS9zcF9iYW5uZXIxMC5qcGciIGJvcmRlcj0iMCIgdXNlbWFwPSIjTWFwIj4KICAgIDxtYXAgbmFtZT0iTWFwIj4KICAgICAgCiAgICAgIAogICAgPC9tYXA+LS0+ICA8IS0tPGltZyBzcmM9Imh0dHA6Ly9pbWFnZS5yYWt1dGVuLmNvLmpwL2xhbWFyZWUvY2FiaW5ldC9jb21tb24wMS9zYWxlMDIyNS5qcGciIGJvcmRlcj0iMCI+IC0tPg==,44OW44OD44Kv44Kr44OQ44O85bCP77yI5paH5bqr44K144Kk44K677yJ77ya44Op44O744Oe44O844Os,6LKh5biDIOOCteOCpOODlSDjgZXjgYTjgbXplbfosqHluIPpnanlsI/nianjgq3jg7zjgrHjg7zjgrnpnanoo73lk4Hmr43jga7ml6Ug54i244Gu5pelIOOCr+ODquOCueODnuOCuSDjg6njg4Pjg5Tjg7PjgrDjgYzjgb7lj6Mg44GM44G+44GQ44Gh5LqM44Gk5oqY44KK6LKh5biD44Oh44Oz44K6IOeUt+aAp+eUqCAgTWVuJ3Pjg6zjg4fjgqPjg7zjgrkg5aWz5oCn55SoIOODrOODh+OCo+OCuSBsYWRpZXPjgq7jg5Xjg4gg44OX44Os44K844Oz44OI5ZCN5Yi65YWl44KMIOWQjeWIuuWFpemiqOawtCDpgYvmsJcg54yrIOm7hOiJsuOBr+OBjuOCjCDpnanjg5HjgrnjgrHjg7zjgrkg5a6a5pyf5YWl44KM44OQ44OD44KwIOODneOCt+OCp+ODg+ODiOOCreODvOODu+OCseODvOOCue+8hU9GRuODlOODs+OCr+ODnuODjeODvOOCr+ODquODg+ODlyDjgqbjgqnjg6zjg4Pjg4jjg4Hjgqfjg7zjg7Pjg5bjg4Pjgq/jgqvjg5Djg7zlsI/vvIjmlofluqvjgrXjgqTjgrrvvIk=,44OW44OD44Kv44Kr44OQ44O85bCP77yI5paH5bqr44K144Kk44K677yJ[rn]
39-76444,aHR0cDovL3RzaG9wLnIxMHMuanAvbGFtYXJlZS9jYWJpbmV0L2lrb3VfMjAxMDAzMDkvaW1nMTAzMDM0NTYyMjguZ2lmP2ZpdGluPTcwMDo3MDA=,NzIwMC4wMDAw,,44OQ44OD44Kw44O75bCP54mp44O744OW44Op44Oz44OJ6ZuR6LKoID4g6LKh5biD44O744Kx44O844K5ID4g44Os44OH44Kj44O844K56LKh5biD,44CQ44OW44OD44Kv44Kr44OQ44O877yG44OO44O844OI44Kr44OQ44O877yI44Kr44O844Kt77yG44OW44Op44Km44Oz77yJ44CRKyZuYnNwO+OAkOODluODg+OCr+OCq+ODkOODvOWwj+OAkeOBruOCu+ODg+ODiO+8nOODqeODnuODvOODrOODu+OCueOCr+OCqOOCou+8ng==,,44OW44OD44Kv44Kr44OQ44O877yc44Op44Oe44O844Os44O744K544Kv44Ko44Ki77ye44Gv5pys6Z2p44Go44OP44Oz44OX55Sf5Zyw44Gu44Kz44Oz44OT44ON44O844K344On44Oz44CC5bCP44K144Kk44K644Gv5paH5bqr44K144Kk44K644CB5aSn44K144Kk44K644Gv6YCx5YiK6KqM44GL44KJ5bCR5bm06KqM44G+44Gn5a++5b+c44Gn44GN44CB77yi77yV44K144Kk44K644GuIOOAjOODjuODvOODiOOCq+ODkOODvOOAjeOBqOOBl+OBpuOCguOBlOS9v+eUqOOBhOOBn+OBoOOBkeOCi+Wkmuapn+iDveODluODg+OCr+OCq+ODkOODvOOBp+OBmeOAgjwhLS08ZGl2PjxpbWcgc3JjPSJodHRwOi8vaW1hZ2UucmFrdXRlbi5jby5qcC9sYW1hcmVlL2NhYmluZXQvY29tbW9uMDEvc3BfYmFubmVyMTAuanBnIiBib3JkZXI9IjAiIHVzZW1hcD0iI01hcCI+CiAgICA8bWFwIG5hbWU9Ik1hcCI+CiAgICAgIAogICAgICAKICAgIDwvbWFwPi0tPiAgPCEtLTxpbWcgc3JjPSJodHRwOi8vaW1hZ2UucmFrdXRlbi5jby5qcC9sYW1hcmVlL2NhYmluZXQvY29tbW9uMDEvc2FsZTAyMjUuanBnIiBib3JkZXI9IjAiPiAtLT4=,44CQ44OW44OD44Kv44Kr44OQ44O877yG44OO44O844OI44Kr44OQ44O877yI44Kr44O844Kt77yG44OW44Op44Km44Oz77yJ44CRKyZhbXA7bmJzcDvjgJDjg5bjg4Pjgq/jgqvjg5Djg7zlsI/jgJHjga7jgrvjg4Pjg4jvvJzjg6njg57jg7zjg6zjg7vjgrnjgq/jgqjjgqLvvJ7vvJrjg6njg7vjg57jg7zjg6w=,6LKh5biDIOOCteOCpOODlSDjgZXjgYTjgbXplbfosqHluIPpnanlsI/nianjgq3jg7zjgrHjg7zjgrnpnanoo73lk4Hmr43jga7ml6Ug54i244Gu5pelIOOCr+ODquOCueODnuOCuSDjg6njg4Pjg5Tjg7PjgrDjgYzjgb7lj6Mg44GM44G+44GQ44Gh5LqM44Gk5oqY44KK6LKh5biD44Oh44Oz44K6IOeUt+aAp+eUqCAgTWVuJ3Pjg6zjg4fjgqPjg7zjgrkg5aWz5oCn55SoIOODrOODh+OCo+OCuSBsYWRpZXPjgq7jg5Xjg4gg44OX44Os44K844Oz44OI5ZCN5Yi65YWl44KMIOWQjeWIuuWFpemiqOawtCDpgYvmsJcg54yrIOm7hOiJsuOBr+OBjuOCjCDpnanjg5HjgrnjgrHjg7zjgrkg5a6a5pyf5YWl44KM44OQ44OD44KwIOODneOCt+OCp+ODg+ODiOOCreODvOODu+OCseODvOOCue+8hU9GRuODlOODs+OCr+ODnuODjeODvOOCr+ODquODg+ODlyDjgqbjgqnjg6zjg4Pjg4jjg4Hjgqfjg7zjg7PjgJDjg5bjg4Pjgq/jgqvjg5Djg7zvvIbjg47jg7zjg4jjgqvjg5Djg7zvvIjjgqvjg7zjgq3vvIbjg5bjg6njgqbjg7PvvInjgJErJmFtcDtuYnNwO+OAkOODluODg+OCr+OCq+ODkOODvOWwj+OAkeOBruOCu+ODg+ODiO+8nOODqeODnuODvOODrOODu+OCueOCr+OCqOOCou+8ng==,44CQ44OW44OD44Kv44Kr44OQ44O877yG44OO44O844OI44Kr44OQ44O877yI44Kr44O844Kt77yG44OW44Op44Km44Oz77yJ44CRKyZhbXA7bmJzcDvjgJDjg5bjg4Pjgq/jgqvjg5Djg7zlsI/jgJHjga7jgrvjg4Pjg4jvvJzjg6njg57jg7zjg6zjg7vjgrnjgq/jgqjjgqLvvJ4=[rn]
39-76445,aHR0cDovL3RzaG9wLnIxMHMuanAvYmFlbWFzdGVyL2NhYmluZXQvd2FsbGV0L2JtdzAxNzdfMS5qcGc/Zml0aW49NzAwOjcwMA==,Nzk5LjIwMDA=,,44OQ44OD44Kw44O75bCP54mp44O744OW44Op44Oz44OJ6ZuR6LKoID4g6LKh5biD44O744Kx44O844K5ID4g44Os44OH44Kj44O844K56LKh5biD,44Oh44O844Or5L6/6YCB5paZ54Sh5paZIOWPr+aEm+OBhCDjg5/jg4vosqHluIMg44Os44OH44Kj44O844K5IOS6jOOBpOaKmOOCiiDjgqjjg4rjg6Hjg6sg5LqM44Gk5oqY44KKIOe1kOWpmuW8jyDjg5Hjg7zjg4bjgqMg44Kz44Oz44OR44Kv44OIIOOCueODiOODqeODg+ODl+S7mOOBjQ==,44Oh44O844Or5L6/6YCB5paZ54Sh5paZIOiyoeW4gyDjg6zjg4fjgqPjg7zjgrkg44Of44OL6LKh5biD,PHA+CjxpbWcgYm9yZGVyPSIwIiBzcmM9Imh0dHA6Ly9pbWFnZS5yYWt1dGVuLmNvLmpwL2JhZW1hc3Rlci9jYWJpbmV0L3dhbGxldC9ibXcwMTc3XzEuanBnIiB3aWR0aD0iNzAwIiBoZWlnaHQ9IjcwMCI+PGJyPgo8YnI+Cjxicj4KPGJyPgo8YnI+CjxpbWcgYm9yZGVyPSIwIiBzcmM9Imh0dHA6Ly9pbWFnZS5yYWt1dGVuLmNvLmpwL2JhZW1hc3Rlci9jYWJpbmV0L3dhbGxldC9ibXcwMTc3XzIuanBnIiB3aWR0aD0iNzAwIiBoZWlnaHQ9IjcwMCI+PGJyPgo8YnI+CjxpbWcgYm9yZGVyPSIwIiBzcmM9Imh0dHA6Ly9pbWFnZS5yYWt1dGVuLmNvLmpwL2JhZW1hc3Rlci9jYWJpbmV0L3dhbGxldC9ibXcwMTc3XzMuanBnIiB3aWR0aD0iNzAwIiBoZWlnaHQ9IjkwMCI+PGJyPgo8YnI+Cjxicj4KPGJyPgo8YnI+CjxpbWcgYm9yZGVyPSIwIiBzcmM9Imh0dHA6Ly9pbWFnZS5yYWt1dGVuLmNvLmpwL2JhZW1hc3Rlci9jYWJpbmV0L3dhbGxldC9ibXcwMTc3XzEzLmdpZiIgd2lkdGg9IjcwMCIgaGVpZ2h0PSI2MyI+PGJyPgo8YnI+CjxpbWcgYm9yZGVyPSIwIiBzcmM9Imh0dHA6Ly9pbWFnZS5yYWt1dGVuLmNvLmpwL2JhZW1hc3Rlci9jYWJpbmV0L3dhbGxldC9ibXcwMTc3XzA1LmpwZyIgd2lkdGg9IjcwMCIgaGVpZ2h0PSI3NDUiPjxicj4KPGltZyBib3JkZXI9IjAiIHNyYz0iaHR0cDovL2ltYWdlLnJha3V0ZW4uY28uanAvYmFlbWFzdGVyL2NhYmluZXQvd2FsbGV0L2JtdzAxNzdfMDYuanBnIiB3aWR0aD0iNzAwIiBoZWlnaHQ9IjUzNiI+PGJyPgo8YnI+Cjxicj4KPGJyPgo8aW1nIGJvcmRlcj0iMCIgc3JjPSJodHRwOi8vaW1hZ2UucmFrdXRlbi5jby5qcC9iYWVtYXN0ZXIvY2FiaW5ldC93YWxsZXQvYm13MDE3N18xNC5naWYiIHdpZHRoPSI3MDAiIGhlaWdodD0iNjMiPjxicj4KPGJyPgo8aW1nIGJvcmRlcj0iMCIgc3JjPSJodHRwOi8vaW1hZ2UucmFrdXRlbi5jby5qcC9iYWVtYXN0ZXIvY2FiaW5ldC93YWxsZXQvYm13MDE3N18wNy5qcGciIHdpZHRoPSI3MDAiIGhlaWdodD0iNzQ1Ij48YnI+CjxpbWcgYm9yZGVyPSIwIiBzcmM9Imh0dHA6Ly9pbWFnZS5yYWt1dGVuLmNvLmpwL2JhZW1hc3Rlci9jYWJpbmV0L3dhbGxldC9ibXcwMTc3XzA4LmpwZyIgd2lkdGg9IjcwMCIgaGVpZ2h0PSI1MzYiPjxicj4KPGJyPgo8YnI+Cjxicj4KPGltZyBib3JkZXI9IjAiIHNyYz0iaHR0cDovL2ltYWdlLnJha3V0ZW4uY28uanAvYmFlbWFzdGVyL2NhYmluZXQvd2FsbGV0L2JtdzAxNzdfMTUuZ2lmIiB3aWR0aD0iNzAwIiBoZWlnaHQ9IjYzIj48YnI+Cjxicj4KPGltZyBib3JkZXI9IjAiIHNyYz0iaHR0cDovL2ltYWdlLnJha3V0ZW4uY28uanAvYmFlbWFzdGVyL2NhYmluZXQvd2FsbGV0L2JtdzAxNzdfMDkuanBnIiB3aWR0aD0iNzAwIiBoZWlnaHQ9Ijc0NSI+PGJyPgo8aW1nIGJvcmRlcj0iMCIgc3JjPSJodHRwOi8vaW1hZ2UucmFrdXRlbi5jby5qcC9iYWVtYXN0ZXIvY2FiaW5ldC93YWxsZXQvYm13MDE3N18wMTAuanBnIiB3aWR0aD0iNzAwIiBoZWlnaHQ9IjUzNiI+PGJyPgo8YnI+Cjxicj4KPGJyPgo8aW1nIGJvcmRlcj0iMCIgc3JjPSJodHRwOi8vaW1hZ2UucmFrdXRlbi5jby5qcC9iYWVtYXN0ZXIvY2FiaW5ldC93YWxsZXQvYm13MDE3N18xNi5naWYiIHdpZHRoPSI3MDAiIGhlaWdodD0iNjMiPjxicj4KPGJyPgo8aW1nIGJvcmRlcj0iMCIgc3JjPSJodHRwOi8vaW1hZ2UucmFrdXRlbi5jby5qcC9iYWVtYXN0ZXIvY2FiaW5ldC93YWxsZXQvYm13MDE3N18yMC5qcGciIHdpZHRoPSI3MDAiIGhlaWdodD0iNzQ1Ij48YnI+CjxpbWcgYm9yZGVyPSIwIiBzcmM9Imh0dHA6Ly9pbWFnZS5yYWt1dGVuLmNvLmpwL2JhZW1hc3Rlci9jYWJpbmV0L3dhbGxldC9ibXcwMTc3XzAxMi5qcGciIHdpZHRoPSI3MDAiIGhlaWdodD0iNTM2Ij48YnI+Cjxicj4KPGJyPgo8aW1nIGJvcmRlcj0iMCIgc3JjPSJodHRwOi8vaW1hZ2UucmFrdXRlbi5jby5qcC9iYWVtYXN0ZXIvY2FiaW5ldC93YWxsZXQvYm13MDE3N18xOC5qcGciIHdpZHRoPSI3MDAiIGhlaWdodD0iOTUwIj48YnI+Cjxicj4KPGJyPgo8YnI+CjxpbWcgYm9yZGVyPSIwIiBzcmM9Imh0dHA6Ly9pbWFnZS5yYWt1dGVuLmNvLmpwL2JhZW1hc3Rlci9jYWJpbmV0L3dhbGxldC9ibXcwMTc3XzE3LmpwZyIgd2lkdGg9IjcwMCIgaGVpZ2h0PSI3MDAiPjxicj4KPGJyPgo8YnI+Cjxicj4KPGJyPgo8aW1nIGJvcmRlcj0iMCIgc3JjPSJodHRwOi8vaW1hZ2UucmFrdXRlbi5jby5qcC9iYWVtYXN0ZXIvY2FiaW5ldC93YWxsZXQvYm13MDE3N18xOS5qcGciIHdpZHRoPSI3MDAiIGhlaWdodD0iNzAwIj48L3A+CjxwPuKWoOOCteOCpOOCujxicj4KMTDDlzcuNcOXMi41Y208YnI+Cjxicj4K4pag57Sg5p2QPGJyPgpQVeODrOOCtuODvCZuYnNwOyBQVkMmbmJzcDsg44OK44Kk44Ot44OzPGJyPgo8YnI+CuKWoOOCq+ODqeODvOOAgOWFqDQw6ImyPGJyPgo8YnI+CuOAkEHjgr/jgqTjg5fjgJHvvIjjgqjjg4rjg6Hjg6vjg5fjg6zjg7zjg7PvvIk8YnI+CkEtMe+8muODqeOCpOODiOODreODvOOCujxicj4KQS0y77ya44K144O844Oi44Oz44OU44Oz44KvPGJyPgpBLTPvvJrjgqrjg6zjg7Pjgrg8YnI+CkEtNO+8muODlOODvOODgeOCquODrOODs+OCuDxicj4KQS0177ya44Op44Kk44OI44OU44Oz44KvPGJyPgpBLTbvvJrjg63jg7zjgro8YnI+CkEtN++8muODgOODvOOCr+ODrOODg+ODiTxicj4KQS0477ya44Ki44OX44Oq44Kz44OD44OIPGJyPgpBLTnvvJrjg43jgqTjg5Pjg7w8YnI+CkEtMTDvvJrjg5bjg6njg4Pjgq88YnI+Cjxicj4K44CQQuOCv+OCpOODl+OAke+8iOOCqOODiuODoeODq+ODnuODvOODluODq++8iTxicj4KQi0x77ya44Op44Kk44OI44OU44Oz44KvPGJyPgpCLTLvvJrjgqLjgqTjg5zjg6rjg7w8YnI+CkItM++8muOCteODvOODouODs+ODlOODs+OCrzxicj4KQi0077ya44Ot44O844K6PGJyPgpCLTXvvJrjgrDjg6zjg7zjgrjjg6U8YnI+CkItNu+8muOCsOODrOODvDxicj4KQi0377ya44OW44Or44O8PGJyPgpCLTjvvJrjg5vjg6/jgqTjg4jjgIDigLvjgbvjgbzjgqjjg4rjg6Hjg6vjg5fjg6zjg7zjg7M8YnI+CkItOe+8muODgOODvOOCr+ODluODqeOCpuODszxicj4KQi0xMO+8muODluODqeODg+OCrzxicj4KPGJyPgrjgJBD44K/44Kk44OX44CR77yI44Ot44O844K65Z6L5oq844GX77yJPGJyPgpDLTHvvJrjg5Tjg7Pjgq88YnI+CkMtMu+8muODreODvOOCujxicj4KQy0z77ya44K044O844Or44OJPGJyPgpDLTTvvJrjg5vjg6/jgqTjg4g8YnI+CkMtNe+8muODluODreODs+OCujxicj4KQy0277ya44Ks44Oz44Oh44K/44Oq44OD44KvPGJyPgpDLTfvvJrjg6zjg4Pjg4k8YnI+CkMtOO+8muODm+ODg+ODiOODlOODs+OCrzxicj4KQy0577ya44OW44Op44OD44KvPGJyPgpDLTEw77ya44Op44OZ44Oz44OA44O8PGJyPgo8YnI+CuOAkETjgr/jgqTjg5fjgJHvvIjjgrfjg6PjgqTjg4vjg7zjg6Hjgr/jg6rjg4Pjgq/vvIk8YnI+CkQtMe+8muOCtOODvOODq+ODiTxicj4KRC0y77ya44OU44Oz44Kv44K044O844Or44OJPGJyPgpELTPvvJrjg5Tjg7Pjgq88YnI+CkQtNO+8muODreODvOOCujxicj4KRC0177ya44OR44O844OX44OrPGJyPgpELTbvvJrjgrfjg6Pjg7Pjg5Hjg7M8YnI+CkQtN++8muODqeOCpOODiOODluODq+ODvDxicj4KRC0477ya44OW44Or44O8PGJyPgpELTnvvJrjg6njgqTjg4jjgrDjg6rjg7zjg7M8YnI+CkQtMTDvvJrjg4Djg7zjgq/jg5Hjg7zjg5fjg6s8YnI+Cjxicj4K4pag5LuV5qeYPGJyPgrjgYrmnK3lhaXjgozDlzE8YnI+CuWwj+mKreWFpeOCjMOXMTxicj4K44Kr44O844OJ5YWl44KMw5c2PGJyPgrjg5/jg4vjg53jgrHjg4Pjg4jDlzE8YnI+Cjxicj4K4pag44OR44O844Or6Kq/44K544OI44Op44OD44OX44K144O844OT44K5PGJyPgrvvIjlvZPllYblk4Ex5YCL44Gr44Gk44GN44K544OI44Op44OD44OXMeWAi++8iTwvcD48dGFibGUgYm9yZGVyPSIwIiB3aWR0aD0iNzMwIiBjZWxsc3BhY2luZz0iMCIgY2VsbHBhZGRpbmc9IjAiPjx0cj48dGQgYmdjb2xvcj0iI0ZGRkZGRiI+PHAgYWxpZ249ImNlbnRlciI+Cgk8aW1nIGJvcmRlcj0iMCIgc3JjPSJodHRwOi8vd3d3LnJha3V0ZW4ubmUuanAvZ29sZC9iYWVtYXN0ZXIvaW1nL2ZlYXR1cmUuZ2lmIiB3aWR0aD0iNzMwIiBoZWlnaHQ9IjYwIj48YnI+Cgk8YnI+CgkKCTxpbWcgYm9yZGVyPSIwIiBzcmM9Imh0dHA6Ly93d3cucmFrdXRlbi5uZS5qcC9nb2xkL2JhZW1hc3Rlci9pbWcvc2xpZGUxMS5qcGciIHdpZHRoPSI3MDAiIGhlaWdodD0iMzE1Ij48YnI+Cgk8YnI+PC90ZD48L3RyPjwvdGFibGU+PHRhYmxlIGJvcmRlcj0iMCIgd2lkdGg9IjczMCIgY2VsbHBhZGRpbmc9IjAiPjx0cj48dGQgYWxpZ249ImxlZnQiIGNvbHNwYW49IjQiPjxpbWcgYm9yZGVyPSIwIiBzcmM9Imh0dHA6Ly93d3cucmFrdXRlbi5uZS5qcC9nb2xkL2JhZW1hc3Rlci9pbWcvcmFua2luZy5wbmciIHdpZHRoPSIxNjAiIGhlaWdodD0iMzQiPjwvdGQ+PC90cj48dHI+PHRkIGFsaWduPSJsZWZ0Ij48aW1nIGJvcmRlcj0iMCIgc3JjPSJodHRwOi8vd3d3LnJha3V0ZW4ubmUuanAvZ29sZC9iYWVtYXN0ZXIvaW1nL3IwMS5naWYiIHdpZHRoPSI1OSIgaGVpZ2h0PSIxOCI+PC90ZD48dGQgYWxpZ249ImxlZnQiPjxpbWcgYm9yZGVyPSIwIiBzcmM9Imh0dHA6Ly93d3cucmFrdXRlbi5uZS5qcC9nb2xkL2JhZW1hc3Rlci9pbWcvcjAyLmdpZiIgd2lkdGg9IjU4IiBoZWlnaHQ9IjE4Ij48L3RkPjx0ZCBhbGlnbj0ibGVmdCI+PGltZyBib3JkZXI9IjAiIHNyYz0iaHR0cDovL3d3dy5yYWt1dGVuLm5lLmpwL2dvbGQvYmFlbWFzdGVyL2ltZy9yMDMuZ2lmIiB3aWR0aD0iNjAiIGhlaWdodD0iMTgiPjwvdGQ+PHRkIGFsaWduPSJsZWZ0Ij48aW1nIGJvcmRlcj0iMCIgc3JjPSJodHRwOi8vd3d3LnJha3V0ZW4ubmUuanAvZ29sZC9iYWVtYXN0ZXIvaW1nL3IwNC5naWYiIHdpZHRoPSIzOSIgaGVpZ2h0PSIxOCI+PC90ZD48L3RyPjx0cj48dGQgYWxpZ249ImNlbnRlciI+CgkKCTxpbWcgYm9yZGVyPSIwIiBzcmM9Imh0dHA6Ly9pbWFnZS5yYWt1dGVuLmNvLmpwL2JhZW1hc3Rlci9jYWJpbmV0L3dhbGxldC9ibXcwMDYzXzEuanBnIiB3aWR0aD0iMTcwIiBoZWlnaHQ9IjE3MCI+PC90ZD48dGQgYWxpZ249ImNlbnRlciI+CgkKCTxpbWcgYm9yZGVyPSIwIiBzcmM9Imh0dHA6Ly9pbWFnZS5yYWt1dGVuLmNvLmpwL2JhZW1hc3Rlci9jYWJpbmV0L3dhbGxldC9ibXcwMDI5XzEuanBnIiB3aWR0aD0iMTcwIiBoZWlnaHQ9IjE3MCI+PC90ZD48dGQgYWxpZ249ImNlbnRlciI+CgkKCTxpbWcgYm9yZGVyPSIwIiBzcmM9Imh0dHA6Ly9pbWFnZS5yYWt1dGVuLmNvLmpwL2JhZW1hc3Rlci9jYWJpbmV0L3dhbGxldC9ibXcwMDE4XzEuanBnIiB3aWR0aD0iMTcwIiBoZWlnaHQ9IjE3MCI+PC90ZD48dGQgYWxpZ249ImNlbnRlciI+CgkKCTxpbWcgYm9yZGVyPSIwIiBzcmM9Imh0dHA6Ly9pbWFnZS5yYWt1dGVuLmNvLmpwL2JhZW1hc3Rlci9jYWJpbmV0L3dhbGxldC9ibXcwMDgyXzEuanBnIiB3aWR0aD0iMTcwIiBoZWlnaHQ9IjE3MCI+PC90ZD48L3RyPjwvdGFibGU+PHA+PGJyPjxicj48aW1nIGJvcmRlcj0iMCIgc3JjPSJodHRwOi8vd3d3LnJha3V0ZW4ubmUuanAvZ29sZC9iYWVtYXN0ZXIvaW1nL3NtLXJlY28uZ2lmIiB3aWR0aD0iNzMwIiBoZWlnaHQ9IjYwIj48L3A+PHRhYmxlIGJvcmRlcj0iMCIgd2lkdGg9IjczMCIgY2VsbHNwYWNpbmc9IjEwIiBjZWxscGFkZGluZz0iMCI+PHRyPjx0ZCBhbGlnbj0iY2VudGVyIj4KCQoJPGltZyBib3JkZXI9IjAiIHNyYz0iaHR0cDovL2ltYWdlLnJha3V0ZW4uY28uanAvYmFlbWFzdGVyL2NhYmluZXQvd2FsbGV0L2JtdzAwNzNfMS5qcGciIHdpZHRoPSIzNTAiIGhlaWdodD0iMzUwIj48L3RkPjx0ZCBhbGlnbj0iY2VudGVyIj4KCQoJPGltZyBib3JkZXI9IjAiIHNyYz0iaHR0cDovL2ltYWdlLnJha3V0ZW4uY28uanAvYmFlbWFzdGVyL2NhYmluZXQvd2FsbGV0L2JtdzAwMzlfMS5qcGciIHdpZHRoPSIzNTAiIGhlaWdodD0iMzUwIj48L3RkPjwvdHI+PHRyPjx0ZCBhbGlnbj0iY2VudGVyIiBiZ2NvbG9yPSIjREJCODk1Ij48Zm9udCBmYWNlPSLjg6HjgqTjg6rjgqoiIHN0eWxlPSJmb250LXNpemU6IDlwdCIgY29sb3I9IiNGRkZGRkYiPuOAkEZSRUUgU0hJUFBJTkfjgJE8YnI+CgkJ44Op44Km44Oz44OJWklQ6LKh5biDPC9mb250PjwvdGQ+PHRkIGFsaWduPSJjZW50ZXIiIGJnY29sb3I9IiNEQkI4OTUiPjxmb250IGZhY2U9IuODoeOCpOODquOCqiIgc3R5bGU9ImZvbnQtc2l6ZTogOXB0IiBjb2xvcj0iI0ZGRkZGRiI+CgkJ44CQRlJFRSBTSElQUElOR+OAkTxicj4KCQlCSUfjgrXjgqTjgrrplbfosqHluIM8L2ZvbnQ+PC90ZD48L3RyPjx0cj48dGQgYWxpZ249InJpZ2h0IiBiZ2NvbG9yPSIjRkZGRkZGIiBjb2xzcGFuPSIyIj48aW1nIGJvcmRlcj0iMCIgc3JjPSJodHRwOi8vd3d3LnJha3V0ZW4ubmUuanAvZ29sZC9iYWVtYXN0ZXIvaW1nL21vcmVibi5naWYiIHdpZHRoPSIxNjciIGhlaWdodD0iNDMiPjwvdGQ+PC90cj48L3RhYmxlPjx0YWJsZSBib3JkZXI9IjAiIHdpZHRoPSI3MzAiIGNlbGxwYWRkaW5nPSIwIiBjZWxsc3BhY2luZz0iMTAiPjx0cj48dGQgYWxpZ249ImxlZnQiIGNvbHNwYW49IjQiPjxicj48aW1nIGJvcmRlcj0iMCIgc3JjPSJodHRwOi8vd3d3LnJha3V0ZW4ubmUuanAvZ29sZC9iYWVtYXN0ZXIvaW1nL05FV0FSUklWQUwucG5nIiB3aWR0aD0iMTE4IiBoZWlnaHQ9IjI3Ij48L3RkPjwvdHI+PHRyPgo8dGQgYWxpZ249ImNlbnRlciI+CjxpbWcgYm9yZGVyPSIwIiBzcmM9Imh0dHBzOi8vaW1hZ2UucmFrdXRlbi5jby5qcC9iYWVtYXN0ZXIvY2FiaW5ldC93YWxsZXQvYm13MDE5NV8xLmpwZyIgd2lkdGg9IjE3MCIgaGVpZ2h0PSIxNzAiPjwvdGQ+Cjx0ZCBhbGlnbj0iY2VudGVyIj4KPGltZyBib3JkZXI9IjAiIHNyYz0iaHR0cHM6Ly9pbWFnZS5yYWt1dGVuLmNvLmpwL2JhZW1hc3Rlci9jYWJpbmV0L3dhbGxldC9ibXcwMTg4XzEuanBnIiB3aWR0aD0iMTcwIiBoZWlnaHQ9IjE3MCI+PC90ZD4KPHRkIGFsaWduPSJjZW50ZXIiPgo8aW1nIGJvcmRlcj0iMCIgc3JjPSJodHRwczovL2ltYWdlLnJha3V0ZW4uY28uanAvYmFlbWFzdGVyL2NhYmluZXQvd2FsbGV0L2JtdzAxOTRfMS5qcGciIHdpZHRoPSIxNzAiIGhlaWdodD0iMTcwIj48L3RkPgo8dGQgYWxpZ249ImNlbnRlciI+CjxpbWcgYm9yZGVyPSIwIiBzcmM9Imh0dHBzOi8vaW1hZ2UucmFrdXRlbi5jby5qcC9iYWVtYXN0ZXIvY2FiaW5ldC93YWxsZXQvYm13MDE5MV8xLmpwZyIgd2lkdGg9IjE3MCIgaGVpZ2h0PSIxNzAiPjwvdGQ+PC90cj48dHI+PHRkIGFsaWduPSJjZW50ZXIiIGJnY29sb3I9IiNEQkI4OTUiPgoJPGZvbnQgZmFjZT0i44Oh44Kk44Oq44KqIiBzdHlsZT0iZm9udC1zaXplOiA5cHQiIGNvbG9yPSIjRkZGRkZGIj7mnKzpnanjg6zjgrbjg7zjgqrjgqTjg6vjg4zjg6E8L2ZvbnQ+PC90ZD48dGQgYWxpZ249ImNlbnRlciIgYmdjb2xvcj0iI0RCQjg5NSI+Cgk8Zm9udCBmYWNlPSLjg6HjgqTjg6rjgqoiIHN0eWxlPSJmb250LXNpemU6IDlwdCIgY29sb3I9IiNGRkZGRkYiPuacrOmdqeODrOOCtuODvOOCquOCpOODq+ODjOODoTwvZm9udD48L3RkPjx0ZCBhbGlnbj0iY2VudGVyIiBiZ2NvbG9yPSIjREJCODk1Ij4KCTxmb250IGZhY2U9IuODoeOCpOODquOCqiIgc3R5bGU9ImZvbnQtc2l6ZTogOXB0IiBjb2xvcj0iI0ZGRkZGRiI+5pys6Z2p44Os44K244O844Kt44O844Kx44O844K5PC9mb250PjwvdGQ+PHRkIGFsaWduPSJjZW50ZXIiIGJnY29sb3I9IiNEQkI4OTUiPgoJPGZvbnQgZmFjZT0i44Oh44Kk44Oq44KqIiBzdHlsZT0iZm9udC1zaXplOiA5cHQiIGNvbG9yPSIjRkZGRkZGIj7mnKzpnanjg6zjgrbjg7zjgqrjgqTjg6vjg4zjg6E8L2ZvbnQ+PC90ZD48L3RyPjx0cj48dGQgYWxpZ249InJpZ2h0IiBiZ2NvbG9yPSIjRkZGRkZGIiBjb2xzcGFuPSI0Ij4KCTxpbWcgYm9yZGVyPSIwIiBzcmM9Imh0dHA6Ly93d3cucmFrdXRlbi5uZS5qcC9nb2xkL2JhZW1hc3Rlci9pbWcvbW9yZWJuLmdpZiIgd2lkdGg9IjE2NyIgaGVpZ2h0PSI0MyI+PC90ZD48L3RyPjx0cj48dGQgYWxpZ249InJpZ2h0IiBiZ2NvbG9yPSIjRkZGRkZGIiBjb2xzcGFuPSI0Ij4KCTxicj4KCTxicj4KCQoJPGltZyBib3JkZXI9IjAiIHNyYz0iaHR0cDovL3d3dy5yYWt1dGVuLm5lLmpwL2dvbGQvYmFlbWFzdGVyL2ltZy9zbGlkZTEyLmpwZyIgd2lkdGg9IjcwMCIgaGVpZ2h0PSIzMTUiPjxicj4K44CAPC90ZD48L3RyPjx0cj48dGQgYWxpZ249InJpZ2h0IiBiZ2NvbG9yPSIjRkZGRkZGIiBjb2xzcGFuPSI0Ij4KCQoJPGltZyBib3JkZXI9IjAiIHNyYz0iaHR0cDovL3d3dy5yYWt1dGVuLm5lLmpwL2dvbGQvYmFlbWFzdGVyL2ltZy8wMDI5Ym5hdzcwMC5qcGciIHdpZHRoPSI3MDAiIGhlaWdodD0iMzMxIj48YnI+CuOAgDwvdGQ+PC90cj48dHI+PHRkIGFsaWduPSJyaWdodCIgYmdjb2xvcj0iI0ZGRkZGRiIgY29sc3Bhbj0iNCIgaGVpZ2h0PSIyNyI+CgkKCTxpbWcgYm9yZGVyPSIwIiBzcmM9Imh0dHA6Ly93d3cucmFrdXRlbi5uZS5qcC9nb2xkL2JhZW1hc3Rlci9pbWcvMDAwN2JuYXc3MDAuanBnIiB3aWR0aD0iNzAwIiBoZWlnaHQ9IjMxNSI+PGJyPgrjgIA8L3RkPjwvdHI+PHRyPjx0ZCBhbGlnbj0icmlnaHQiIGJnY29sb3I9IiNGRkZGRkYiIGNvbHNwYW49IjQiPgoJCgk8aW1nIGJvcmRlcj0iMCIgc3JjPSJodHRwOi8vd3d3LnJha3V0ZW4ubmUuanAvZ29sZC9iYWVtYXN0ZXIvaW1nLzAxNzdibmF3NzAwLmpwZyIgd2lkdGg9IjcwMCIgaGVpZ2h0PSIzMTUiPjwvdGQ+PC90cj48L3RhYmxlPgoJPHA+44CAPC9wPg==,44Oh44O844Or5L6/6YCB5paZ54Sh5paZIOWPr+aEm+OBhCDjg5/jg4vosqHluIMg44Os44OH44Kj44O844K5IOS6jOOBpOaKmOOCiiDjgqjjg4rjg6Hjg6sg5LqM44Gk5oqY44KKIOe1kOWpmuW8jyDjg5Hjg7zjg4bjgqMg44Kz44Oz44OR44Kv44OIIOOCueODiOODqeODg+ODl+S7mOOBje+8mkJBRW1hc3Rlcg==,6ZW36LKh5biD5pys6Z2p44Os44K244O844Oq44Ol44OD44Kv5bi95a2Q44OP44OD44OI44OI44O844OI44OQ44OD44KwaVBob25l44Oh44O844Or5L6/6YCB5paZ54Sh5paZIOWPr+aEm+OBhCDjg5/jg4vosqHluIMg44Os44OH44Kj44O844K5IOS6jOOBpOaKmOOCiiDjgqjjg4rjg6Hjg6sg5LqM44Gk5oqY44KKIOe1kOWpmuW8jyDjg5Hjg7zjg4bjgqMg44Kz44Oz44OR44Kv44OIIOOCueODiOODqeODg+ODl+S7mOOBjQ==,44Oh44O844Or5L6/6YCB5paZ54Sh5paZIOiyoeW4gyDjg6zjg4fjgqPjg7zjgrkg44Of44OL6LKh5biD44CC44Oh44O844Or5L6/6YCB5paZ54Sh5paZIOWPr+aEm+OBhCDjg5/jg4vosqHluIMg44Os44OH44Kj44O844K5IOS6jOOBpOaKmOOCiiDjgqjjg4rjg6Hjg6sg5LqM44Gk5oqY44KKIOe1kOWpmuW8jyDjg5Hjg7zjg4bjgqMg44Kz44Oz44OR44Kv44OIIOOCueODiOODqeODg+ODl+S7mOOBjQ==[rn]
39-76446,aHR0cDovL3RzaG9wLnIxMHMuanAvYmFlbWFzdGVyL2NhYmluZXQvd2FsbGV0L2JtdzAxNzVfMS5qcGc/Zml0aW49NzAwOjcwMA==,MTQ2OC44MDAw,,44OQ44OD44Kw44O75bCP54mp44O744OW44Op44Oz44OJ6ZuR6LKoID4g6LKh5biD44O744Kx44O844K5ID4g44Os44OH44Kj44O844K56LKh5biD,44Oh44O844Or5L6/6YCB5paZ54Sh5paZIOOCs+ODs+ODkeOCr+ODiCDlj6/mhJvjgYQg6LKh5biDIOODrOODh+OCo+ODvOOCuSBQVeODrOOCtuODvCDnt6jjgb8g44GM44G+5Y+jIOS6jOOBpOaKmOOCiiDjg5/jg4vosqHluIM=,44Oh44O844Or5L6/6YCB5paZ54Sh5paZIOODn+ODi+iyoeW4gyDjg6zjg4fjgqPjg7zjgrkg44Kz44Oz44OR44Kv44OI,PHA+CjxpbWcgYm9yZGVyPSIwIiBzcmM9Imh0dHA6Ly9pbWFnZS5yYWt1dGVuLmNvLmpwL2JhZW1hc3Rlci9jYWJpbmV0L3dhbGxldC9ibXcwMTc1XzEuanBnIiB3aWR0aD0iNzAwIiBoZWlnaHQ9IjcwMCI+PGJyPgo8YnI+Cjxicj4KPGJyPgo8YnI+CjxpbWcgYm9yZGVyPSIwIiBzcmM9Imh0dHA6Ly9pbWFnZS5yYWt1dGVuLmNvLmpwL2JhZW1hc3Rlci9jYWJpbmV0L3dhbGxldC9ibXcwMTc1XzE4LmpwZyIgd2lkdGg9IjcwMCIgaGVpZ2h0PSI3MDAiPjxicj4KPGJyPgo8YnI+Cjxicj4KPGJyPgo8aW1nIGJvcmRlcj0iMCIgc3JjPSJodHRwOi8vaW1hZ2UucmFrdXRlbi5jby5qcC9iYWVtYXN0ZXIvY2FiaW5ldC93YWxsZXQvYm13MDE3NV8xOS5qcGciIHdpZHRoPSI3MDAiIGhlaWdodD0iNzAwIj48YnI+Cjxicj4KPGJyPgo8YnI+Cjxicj4KPGltZyBib3JkZXI9IjAiIHNyYz0iaHR0cDovL2ltYWdlLnJha3V0ZW4uY28uanAvYmFlbWFzdGVyL2NhYmluZXQvd2FsbGV0L2JtdzAxNzVfMjAuanBnIiB3aWR0aD0iNzAwIiBoZWlnaHQ9IjcwMCI+PGJyPgo8YnI+Cjxicj4KPGJyPgo8YnI+CjxpbWcgYm9yZGVyPSIwIiBzcmM9Imh0dHA6Ly9pbWFnZS5yYWt1dGVuLmNvLmpwL2JhZW1hc3Rlci9jYWJpbmV0L3dhbGxldC9ibXcwMTc1XzIxLmpwZyIgd2lkdGg9IjcwMCIgaGVpZ2h0PSI3MDAiPjxicj4KPGJyPgo8YnI+Cjxicj4KPGJyPgo8aW1nIGJvcmRlcj0iMCIgc3JjPSJodHRwOi8vaW1hZ2UucmFrdXRlbi5jby5qcC9iYWVtYXN0ZXIvY2FiaW5ldC93YWxsZXQvYm13MDE3NV8yMi5qcGciIHdpZHRoPSI3MDAiIGhlaWdodD0iNzAwIj48YnI+Cjxicj4KPGJyPgo8YnI+Cjxicj4KPGltZyBib3JkZXI9IjAiIHNyYz0iaHR0cDovL2ltYWdlLnJha3V0ZW4uY28uanAvYmFlbWFzdGVyL2NhYmluZXQvd2FsbGV0L2JtdzAxNzVfMjMuanBnIiB3aWR0aD0iNzAwIiBoZWlnaHQ9IjcwMCI+PGJyPgo8YnI+Cjxicj4KPGJyPgo8YnI+CjxpbWcgYm9yZGVyPSIwIiBzcmM9Imh0dHA6Ly9pbWFnZS5yYWt1dGVuLmNvLmpwL2JhZW1hc3Rlci9jYWJpbmV0L3dhbGxldC9ibXcwMTc1XzI0LmpwZyIgd2lkdGg9IjcwMCIgaGVpZ2h0PSI3MDAiPjxicj4KPGJyPgo8YnI+Cjxicj4KPGJyPgo8aW1nIGJvcmRlcj0iMCIgc3JjPSJodHRwOi8vaW1hZ2UucmFrdXRlbi5jby5qcC9iYWVtYXN0ZXIvY2FiaW5ldC93YWxsZXQvYm13MDE3NV8yNS5qcGciIHdpZHRoPSI3MDAiIGhlaWdodD0iNzAwIj48YnI+Cjxicj4KPGJyPgo8YnI+Cjxicj4KPGltZyBib3JkZXI9IjAiIHNyYz0iaHR0cDovL2ltYWdlLnJha3V0ZW4uY28uanAvYmFlbWFzdGVyL2NhYmluZXQvd2FsbGV0L2JtdzAxNzVfMjYuanBnIiB3aWR0aD0iNzAwIiBoZWlnaHQ9IjcwMCI+PGJyPgo8YnI+Cjxicj4KPGJyPgo8YnI+CjxpbWcgYm9yZGVyPSIwIiBzcmM9Imh0dHA6Ly9pbWFnZS5yYWt1dGVuLmNvLmpwL2JhZW1hc3Rlci9jYWJpbmV0L3dhbGxldC9ibXcwMTc1XzI3LmpwZyIgd2lkdGg9IjcwMCIgaGVpZ2h0PSI3MDAiPjxicj4KPGJyPgo8YnI+Cjxicj4KPGJyPgo8aW1nIGJvcmRlcj0iMCIgc3JjPSJodHRwOi8vaW1hZ2UucmFrdXRlbi5jby5qcC9iYWVtYXN0ZXIvY2FiaW5ldC93YWxsZXQvYm13MDE3NV8yOC5qcGciIHdpZHRoPSI3MDAiIGhlaWdodD0iNzAwIj48YnI+Cjxicj4KPGJyPgo8YnI+Cjxicj4KPGltZyBib3JkZXI9IjAiIHNyYz0iaHR0cDovL2ltYWdlLnJha3V0ZW4uY28uanAvYmFlbWFzdGVyL2NhYmluZXQvd2FsbGV0L2JtdzAxNzVfMjkuanBnIiB3aWR0aD0iNzAwIiBoZWlnaHQ9IjcwMCI+PGJyPgo8YnI+Cjxicj4KPGJyPgo8YnI+CjxpbWcgYm9yZGVyPSIwIiBzcmM9Imh0dHA6Ly9pbWFnZS5yYWt1dGVuLmNvLmpwL2JhZW1hc3Rlci9jYWJpbmV0L3dhbGxldC9ibXcwMTc1XzMwLmpwZyIgd2lkdGg9IjcwMCIgaGVpZ2h0PSI3MDAiPjxicj4KPGJyPgo8YnI+Cjxicj4KPGJyPgo8aW1nIGJvcmRlcj0iMCIgc3JjPSJodHRwOi8vaW1hZ2UucmFrdXRlbi5jby5qcC9iYWVtYXN0ZXIvY2FiaW5ldC93YWxsZXQvYm13MDE3NV8zMS5qcGciIHdpZHRoPSI3MDAiIGhlaWdodD0iNzAwIj48YnI+CjxwPjxicj4KPGJyPgo8YnI+CjxpbWcgYm9yZGVyPSIwIiBzcmM9Imh0dHA6Ly93d3cucmFrdXRlbi5uZS5qcC9nb2xkL2JhZW1hc3Rlci9pbWcvY2F1dGlvbi5naWYiIHdpZHRoPSI3MDAiIGhlaWdodD0iMzUwIj48L3A+CjxwPue0oOadkO+8mlBV44Os44K244O8PGJyPgo8YnI+CuOCteOCpOOCuu+8mjEyw5cxMMOXMi41Y208YnI+Cjxicj4K44Kr44Op44O8PGJyPgrjg5bjg6njg4Pjgq88YnI+CuODluODq+ODvDxicj4K44OU44Oz44KvPGJyPgrjgrfjg6vjg5Djg7w8YnI+CuOCtOODvOODq+ODiTxicj4K44OW44Op44Km44OzPGJyPgrjg63jg7zjgro8YnI+Cjxicj4K5LuV5qeYPGJyPgrjgqvjg7zjg4nlhaXjgozDlzY8YnI+CuODneOCseODg+ODiMOXMTxicj4K44GK5pyt5YWl44KMw5cxPGJyPgrlsI/piq3lhaXjgozDlzE8YnI+CuOAgDwvcD48dGFibGUgYm9yZGVyPSIwIiB3aWR0aD0iNzMwIiBjZWxsc3BhY2luZz0iMCIgY2VsbHBhZGRpbmc9IjAiPjx0cj48dGQgYmdjb2xvcj0iI0ZGRkZGRiI+PHAgYWxpZ249ImNlbnRlciI+Cgk8aW1nIGJvcmRlcj0iMCIgc3JjPSJodHRwOi8vd3d3LnJha3V0ZW4ubmUuanAvZ29sZC9iYWVtYXN0ZXIvaW1nL2ZlYXR1cmUuZ2lmIiB3aWR0aD0iNzMwIiBoZWlnaHQ9IjYwIj48YnI+Cgk8YnI+CgkKCTxpbWcgYm9yZGVyPSIwIiBzcmM9Imh0dHA6Ly93d3cucmFrdXRlbi5uZS5qcC9nb2xkL2JhZW1hc3Rlci9pbWcvc2xpZGUxMS5qcGciIHdpZHRoPSI3MDAiIGhlaWdodD0iMzE1Ij48YnI+Cgk8YnI+PC90ZD48L3RyPjwvdGFibGU+PHRhYmxlIGJvcmRlcj0iMCIgd2lkdGg9IjczMCIgY2VsbHBhZGRpbmc9IjAiPjx0cj48dGQgYWxpZ249ImxlZnQiIGNvbHNwYW49IjQiPjxpbWcgYm9yZGVyPSIwIiBzcmM9Imh0dHA6Ly93d3cucmFrdXRlbi5uZS5qcC9nb2xkL2JhZW1hc3Rlci9pbWcvcmFua2luZy5wbmciIHdpZHRoPSIxNjAiIGhlaWdodD0iMzQiPjwvdGQ+PC90cj48dHI+PHRkIGFsaWduPSJsZWZ0Ij48aW1nIGJvcmRlcj0iMCIgc3JjPSJodHRwOi8vd3d3LnJha3V0ZW4ubmUuanAvZ29sZC9iYWVtYXN0ZXIvaW1nL3IwMS5naWYiIHdpZHRoPSI1OSIgaGVpZ2h0PSIxOCI+PC90ZD48dGQgYWxpZ249ImxlZnQiPjxpbWcgYm9yZGVyPSIwIiBzcmM9Imh0dHA6Ly93d3cucmFrdXRlbi5uZS5qcC9nb2xkL2JhZW1hc3Rlci9pbWcvcjAyLmdpZiIgd2lkdGg9IjU4IiBoZWlnaHQ9IjE4Ij48L3RkPjx0ZCBhbGlnbj0ibGVmdCI+PGltZyBib3JkZXI9IjAiIHNyYz0iaHR0cDovL3d3dy5yYWt1dGVuLm5lLmpwL2dvbGQvYmFlbWFzdGVyL2ltZy9yMDMuZ2lmIiB3aWR0aD0iNjAiIGhlaWdodD0iMTgiPjwvdGQ+PHRkIGFsaWduPSJsZWZ0Ij48aW1nIGJvcmRlcj0iMCIgc3JjPSJodHRwOi8vd3d3LnJha3V0ZW4ubmUuanAvZ29sZC9iYWVtYXN0ZXIvaW1nL3IwNC5naWYiIHdpZHRoPSIzOSIgaGVpZ2h0PSIxOCI+PC90ZD48L3RyPjx0cj48dGQgYWxpZ249ImNlbnRlciI+CgkKCTxpbWcgYm9yZGVyPSIwIiBzcmM9Imh0dHA6Ly9pbWFnZS5yYWt1dGVuLmNvLmpwL2JhZW1hc3Rlci9jYWJpbmV0L3dhbGxldC9ibXcwMDYzXzEuanBnIiB3aWR0aD0iMTcwIiBoZWlnaHQ9IjE3MCI+PC90ZD48dGQgYWxpZ249ImNlbnRlciI+CgkKCTxpbWcgYm9yZGVyPSIwIiBzcmM9Imh0dHA6Ly9pbWFnZS5yYWt1dGVuLmNvLmpwL2JhZW1hc3Rlci9jYWJpbmV0L3dhbGxldC9ibXcwMDI5XzEuanBnIiB3aWR0aD0iMTcwIiBoZWlnaHQ9IjE3MCI+PC90ZD48dGQgYWxpZ249ImNlbnRlciI+CgkKCTxpbWcgYm9yZGVyPSIwIiBzcmM9Imh0dHA6Ly9pbWFnZS5yYWt1dGVuLmNvLmpwL2JhZW1hc3Rlci9jYWJpbmV0L3dhbGxldC9ibXcwMDE4XzEuanBnIiB3aWR0aD0iMTcwIiBoZWlnaHQ9IjE3MCI+PC90ZD48dGQgYWxpZ249ImNlbnRlciI+CgkKCTxpbWcgYm9yZGVyPSIwIiBzcmM9Imh0dHA6Ly9pbWFnZS5yYWt1dGVuLmNvLmpwL2JhZW1hc3Rlci9jYWJpbmV0L3dhbGxldC9ibXcwMDgyXzEuanBnIiB3aWR0aD0iMTcwIiBoZWlnaHQ9IjE3MCI+PC90ZD48L3RyPjwvdGFibGU+PHA+PGJyPjxicj48aW1nIGJvcmRlcj0iMCIgc3JjPSJodHRwOi8vd3d3LnJha3V0ZW4ubmUuanAvZ29sZC9iYWVtYXN0ZXIvaW1nL3NtLXJlY28uZ2lmIiB3aWR0aD0iNzMwIiBoZWlnaHQ9IjYwIj48L3A+PHRhYmxlIGJvcmRlcj0iMCIgd2lkdGg9IjczMCIgY2VsbHNwYWNpbmc9IjEwIiBjZWxscGFkZGluZz0iMCI+PHRyPjx0ZCBhbGlnbj0iY2VudGVyIj4KCQoJPGltZyBib3JkZXI9IjAiIHNyYz0iaHR0cDovL2ltYWdlLnJha3V0ZW4uY28uanAvYmFlbWFzdGVyL2NhYmluZXQvd2FsbGV0L2JtdzAwNzNfMS5qcGciIHdpZHRoPSIzNTAiIGhlaWdodD0iMzUwIj48L3RkPjx0ZCBhbGlnbj0iY2VudGVyIj4KCQoJPGltZyBib3JkZXI9IjAiIHNyYz0iaHR0cDovL2ltYWdlLnJha3V0ZW4uY28uanAvYmFlbWFzdGVyL2NhYmluZXQvd2FsbGV0L2JtdzAwMzlfMS5qcGciIHdpZHRoPSIzNTAiIGhlaWdodD0iMzUwIj48L3RkPjwvdHI+PHRyPjx0ZCBhbGlnbj0iY2VudGVyIiBiZ2NvbG9yPSIjREJCODk1Ij48Zm9udCBmYWNlPSLjg6HjgqTjg6rjgqoiIHN0eWxlPSJmb250LXNpemU6IDlwdCIgY29sb3I9IiNGRkZGRkYiPuOAkEZSRUUgU0hJUFBJTkfjgJE8YnI+CgkJ44Op44Km44Oz44OJWklQ6LKh5biDPC9mb250PjwvdGQ+PHRkIGFsaWduPSJjZW50ZXIiIGJnY29sb3I9IiNEQkI4OTUiPjxmb250IGZhY2U9IuODoeOCpOODquOCqiIgc3R5bGU9ImZvbnQtc2l6ZTogOXB0IiBjb2xvcj0iI0ZGRkZGRiI+CgkJ44CQRlJFRSBTSElQUElOR+OAkTxicj4KCQlCSUfjgrXjgqTjgrrplbfosqHluIM8L2ZvbnQ+PC90ZD48L3RyPjx0cj48dGQgYWxpZ249InJpZ2h0IiBiZ2NvbG9yPSIjRkZGRkZGIiBjb2xzcGFuPSIyIj48aW1nIGJvcmRlcj0iMCIgc3JjPSJodHRwOi8vd3d3LnJha3V0ZW4ubmUuanAvZ29sZC9iYWVtYXN0ZXIvaW1nL21vcmVibi5naWYiIHdpZHRoPSIxNjciIGhlaWdodD0iNDMiPjwvdGQ+PC90cj48L3RhYmxlPjx0YWJsZSBib3JkZXI9IjAiIHdpZHRoPSI3MzAiIGNlbGxwYWRkaW5nPSIwIiBjZWxsc3BhY2luZz0iMTAiPjx0cj48dGQgYWxpZ249ImxlZnQiIGNvbHNwYW49IjQiPjxicj48aW1nIGJvcmRlcj0iMCIgc3JjPSJodHRwOi8vd3d3LnJha3V0ZW4ubmUuanAvZ29sZC9iYWVtYXN0ZXIvaW1nL05FV0FSUklWQUwucG5nIiB3aWR0aD0iMTE4IiBoZWlnaHQ9IjI3Ij48L3RkPjwvdHI+PHRyPgo8dGQgYWxpZ249ImNlbnRlciI+CjxpbWcgYm9yZGVyPSIwIiBzcmM9Imh0dHBzOi8vaW1hZ2UucmFrdXRlbi5jby5qcC9iYWVtYXN0ZXIvY2FiaW5ldC93YWxsZXQvYm13MDE5NV8xLmpwZyIgd2lkdGg9IjE3MCIgaGVpZ2h0PSIxNzAiPjwvdGQ+Cjx0ZCBhbGlnbj0iY2VudGVyIj4KPGltZyBib3JkZXI9IjAiIHNyYz0iaHR0cHM6Ly9pbWFnZS5yYWt1dGVuLmNvLmpwL2JhZW1hc3Rlci9jYWJpbmV0L3dhbGxldC9ibXcwMTg4XzEuanBnIiB3aWR0aD0iMTcwIiBoZWlnaHQ9IjE3MCI+PC90ZD4KPHRkIGFsaWduPSJjZW50ZXIiPgo8aW1nIGJvcmRlcj0iMCIgc3JjPSJodHRwczovL2ltYWdlLnJha3V0ZW4uY28uanAvYmFlbWFzdGVyL2NhYmluZXQvd2FsbGV0L2JtdzAxOTRfMS5qcGciIHdpZHRoPSIxNzAiIGhlaWdodD0iMTcwIj48L3RkPgo8dGQgYWxpZ249ImNlbnRlciI+CjxpbWcgYm9yZGVyPSIwIiBzcmM9Imh0dHBzOi8vaW1hZ2UucmFrdXRlbi5jby5qcC9iYWVtYXN0ZXIvY2FiaW5ldC93YWxsZXQvYm13MDE5MV8xLmpwZyIgd2lkdGg9IjE3MCIgaGVpZ2h0PSIxNzAiPjwvdGQ+PC90cj48dHI+PHRkIGFsaWduPSJjZW50ZXIiIGJnY29sb3I9IiNEQkI4OTUiPgoJPGZvbnQgZmFjZT0i44Oh44Kk44Oq44KqIiBzdHlsZT0iZm9udC1zaXplOiA5cHQiIGNvbG9yPSIjRkZGRkZGIj7mnKzpnanjg6zjgrbjg7zjgqrjgqTjg6vjg4zjg6E8L2ZvbnQ+PC90ZD48dGQgYWxpZ249ImNlbnRlciIgYmdjb2xvcj0iI0RCQjg5NSI+Cgk8Zm9udCBmYWNlPSLjg6HjgqTjg6rjgqoiIHN0eWxlPSJmb250LXNpemU6IDlwdCIgY29sb3I9IiNGRkZGRkYiPuacrOmdqeODrOOCtuODvOOCquOCpOODq+ODjOODoTwvZm9udD48L3RkPjx0ZCBhbGlnbj0iY2VudGVyIiBiZ2NvbG9yPSIjREJCODk1Ij4KCTxmb250IGZhY2U9IuODoeOCpOODquOCqiIgc3R5bGU9ImZvbnQtc2l6ZTogOXB0IiBjb2xvcj0iI0ZGRkZGRiI+5pys6Z2p44Os44K244O844Kt44O844Kx44O844K5PC9mb250PjwvdGQ+PHRkIGFsaWduPSJjZW50ZXIiIGJnY29sb3I9IiNEQkI4OTUiPgoJPGZvbnQgZmFjZT0i44Oh44Kk44Oq44KqIiBzdHlsZT0iZm9udC1zaXplOiA5cHQiIGNvbG9yPSIjRkZGRkZGIj7mnKzpnanjg6zjgrbjg7zjgqrjgqTjg6vjg4zjg6E8L2ZvbnQ+PC90ZD48L3RyPjx0cj48dGQgYWxpZ249InJpZ2h0IiBiZ2NvbG9yPSIjRkZGRkZGIiBjb2xzcGFuPSI0Ij4KCTxpbWcgYm9yZGVyPSIwIiBzcmM9Imh0dHA6Ly93d3cucmFrdXRlbi5uZS5qcC9nb2xkL2JhZW1hc3Rlci9pbWcvbW9yZWJuLmdpZiIgd2lkdGg9IjE2NyIgaGVpZ2h0PSI0MyI+PC90ZD48L3RyPjx0cj48dGQgYWxpZ249InJpZ2h0IiBiZ2NvbG9yPSIjRkZGRkZGIiBjb2xzcGFuPSI0Ij4KCTxicj4KCTxicj4KCQoJPGltZyBib3JkZXI9IjAiIHNyYz0iaHR0cDovL3d3dy5yYWt1dGVuLm5lLmpwL2dvbGQvYmFlbWFzdGVyL2ltZy9zbGlkZTEyLmpwZyIgd2lkdGg9IjcwMCIgaGVpZ2h0PSIzMTUiPjxicj4K44CAPC90ZD48L3RyPjx0cj48dGQgYWxpZ249InJpZ2h0IiBiZ2NvbG9yPSIjRkZGRkZGIiBjb2xzcGFuPSI0Ij4KCQoJPGltZyBib3JkZXI9IjAiIHNyYz0iaHR0cDovL3d3dy5yYWt1dGVuLm5lLmpwL2dvbGQvYmFlbWFzdGVyL2ltZy8wMDI5Ym5hdzcwMC5qcGciIHdpZHRoPSI3MDAiIGhlaWdodD0iMzMxIj48YnI+CuOAgDwvdGQ+PC90cj48dHI+PHRkIGFsaWduPSJyaWdodCIgYmdjb2xvcj0iI0ZGRkZGRiIgY29sc3Bhbj0iNCIgaGVpZ2h0PSIyNyI+CgkKCTxpbWcgYm9yZGVyPSIwIiBzcmM9Imh0dHA6Ly93d3cucmFrdXRlbi5uZS5qcC9nb2xkL2JhZW1hc3Rlci9pbWcvMDAwN2JuYXc3MDAuanBnIiB3aWR0aD0iNzAwIiBoZWlnaHQ9IjMxNSI+PGJyPgrjgIA8L3RkPjwvdHI+PHRyPjx0ZCBhbGlnbj0icmlnaHQiIGJnY29sb3I9IiNGRkZGRkYiIGNvbHNwYW49IjQiPgoJCgk8aW1nIGJvcmRlcj0iMCIgc3JjPSJodHRwOi8vd3d3LnJha3V0ZW4ubmUuanAvZ29sZC9iYWVtYXN0ZXIvaW1nLzAxNzdibmF3NzAwLmpwZyIgd2lkdGg9IjcwMCIgaGVpZ2h0PSIzMTUiPjwvdGQ+PC90cj48L3RhYmxlPgoJPHA+44CAPC9wPg==,44Oh44O844Or5L6/6YCB5paZ54Sh5paZIOOCs+ODs+ODkeOCr+ODiCDlj6/mhJvjgYQg6LKh5biDIOODrOODh+OCo+ODvOOCuSBQVeODrOOCtuODvCDnt6jjgb8g44GM44G+5Y+jIOS6jOOBpOaKmOOCiiDjg5/jg4vosqHluIPvvJpCQUVtYXN0ZXI=,6ZW36LKh5biD5pys6Z2p44Os44K244O844Oq44Ol44OD44Kv5bi95a2Q44OP44OD44OI44OI44O844OI44OQ44OD44KwaVBob25l44Oh44O844Or5L6/6YCB5paZ54Sh5paZIOOCs+ODs+ODkeOCr+ODiCDlj6/mhJvjgYQg6LKh5biDIOODrOODh+OCo+ODvOOCuSBQVeODrOOCtuODvCDnt6jjgb8g44GM44G+5Y+jIOS6jOOBpOaKmOOCiiDjg5/jg4vosqHluIM=,44Oh44O844Or5L6/6YCB5paZ54Sh5paZIOODn+ODi+iyoeW4gyDjg6zjg4fjgqPjg7zjgrkg44Kz44Oz44OR44Kv44OI44CC44Oh44O844Or5L6/6YCB5paZ54Sh5paZIOOCs+ODs+ODkeOCr+ODiCDlj6/mhJvjgYQg6LKh5biDIOODrOODh+OCo+ODvOOCuSBQVeODrOOCtuODvCDnt6jjgb8g44GM44G+5Y+jIOS6jOOBpOaKmOOCiiDjg5/jg4vosqHluIM=[rn]
39-76447,aHR0cDovL3RzaG9wLnIxMHMuanAvYmFlbWFzdGVyL2NhYmluZXQvd2FsbGV0L2JtdzAxNzJfMS5qcGc/Zml0aW49NzAwOjcwMA==,MTU1NS4yMDAw,,44OQ44OD44Kw44O75bCP54mp44O744OW44Op44Oz44OJ6ZuR6LKoID4g6LKh5biD44O744Kx44O844K5ID4g44Os44OH44Kj44O844K56LKh5biD,44Oh44O844Or5L6/6YCB5paZ54Sh5paZIOWPr+aEm+OBhCDosqHluIMg44Os44OH44Kj44O844K5IOmVt+iyoeW4gyDjg6njgqbjg7Pjg4njg5XjgqHjgrnjg4rjg7wg5aSn5a656YePIOmdqSDkuozjgaTmipjjgoo=,44Oh44O844Or5L6/6YCB5paZ54Sh5paZIOiyoeW4gyDjg6zjg4fjgqPjg7zjgrkg6ZW36LKh5biD,PHA+CjxpbWcgYm9yZGVyPSIwIiBzcmM9Imh0dHA6Ly9pbWFnZS5yYWt1dGVuLmNvLmpwL2JhZW1hc3Rlci9jYWJpbmV0L3dhbGxldC9ibXcwMTcyXzEuanBnIiB3aWR0aD0iNzAwIiBoZWlnaHQ9IjcwMCI+PGJyPgo8YnI+Cjxicj4KPGJyPgo8YnI+CjxpbWcgYm9yZGVyPSIwIiBzcmM9Imh0dHA6Ly9pbWFnZS5yYWt1dGVuLmNvLmpwL2JhZW1hc3Rlci9jYWJpbmV0L3dhbGxldC9ibXcwMTcyXzIuanBnIiB3aWR0aD0iNzAwIiBoZWlnaHQ9IjcwMCI+PGJyPgo8YnI+Cjxicj4KPGJyPgo8YnI+CjxpbWcgYm9yZGVyPSIwIiBzcmM9Imh0dHA6Ly9pbWFnZS5yYWt1dGVuLmNvLmpwL2JhZW1hc3Rlci9jYWJpbmV0L3dhbGxldC9ibXcwMTcyXzMuanBnIiB3aWR0aD0iNzAwIiBoZWlnaHQ9IjcwMCI+PGJyPgo8YnI+Cjxicj4KPGJyPgo8YnI+CjxpbWcgYm9yZGVyPSIwIiBzcmM9Imh0dHA6Ly9pbWFnZS5yYWt1dGVuLmNvLmpwL2JhZW1hc3Rlci9jYWJpbmV0L3dhbGxldC9ibXcwMTcyXzQuanBnIiB3aWR0aD0iNzAwIiBoZWlnaHQ9IjcwMCI+PGJyPgo8YnI+Cjxicj4KPGJyPgo8YnI+CjxpbWcgYm9yZGVyPSIwIiBzcmM9Imh0dHA6Ly9pbWFnZS5yYWt1dGVuLmNvLmpwL2JhZW1hc3Rlci9jYWJpbmV0L3dhbGxldC9ibXcwMTcyXzUuanBnIiB3aWR0aD0iNzAwIiBoZWlnaHQ9IjcwMCI+PGJyPgo8YnI+Cjxicj4KPGJyPgo8YnI+CjxpbWcgYm9yZGVyPSIwIiBzcmM9Imh0dHA6Ly9pbWFnZS5yYWt1dGVuLmNvLmpwL2JhZW1hc3Rlci9jYWJpbmV0L3dhbGxldC9ibXcwMTcyXzYuanBnIiB3aWR0aD0iNzAwIiBoZWlnaHQ9IjEwMDAiPjxicj4KPGJyPgo8YnI+Cjxicj4KPGJyPgo8aW1nIGJvcmRlcj0iMCIgc3JjPSJodHRwOi8vaW1hZ2UucmFrdXRlbi5jby5qcC9iYWVtYXN0ZXIvY2FiaW5ldC93YWxsZXQvYm13MDE3Ml83LmpwZyIgd2lkdGg9IjcwMCIgaGVpZ2h0PSIxMDAwIj48YnI+Cjxicj4KPGJyPgo8YnI+Cjxicj4KPGltZyBib3JkZXI9IjAiIHNyYz0iaHR0cDovL2ltYWdlLnJha3V0ZW4uY28uanAvYmFlbWFzdGVyL2NhYmluZXQvd2FsbGV0L2JtdzAxNzJfOC5qcGciIHdpZHRoPSI3MDAiIGhlaWdodD0iMTAwMCI+PGJyPgo8YnI+Cjxicj4KPGJyPgo8YnI+CjxpbWcgYm9yZGVyPSIwIiBzcmM9Imh0dHA6Ly9pbWFnZS5yYWt1dGVuLmNvLmpwL2JhZW1hc3Rlci9jYWJpbmV0L3dhbGxldC9ibXcwMTcyXzkuanBnIiB3aWR0aD0iNzAwIiBoZWlnaHQ9IjEwMDAiPjxicj4KPGJyPgo8YnI+Cjxicj4KPGJyPgo8aW1nIGJvcmRlcj0iMCIgc3JjPSJodHRwOi8vaW1hZ2UucmFrdXRlbi5jby5qcC9iYWVtYXN0ZXIvY2FiaW5ldC93YWxsZXQvYm13MDE3Ml8xMC5qcGciIHdpZHRoPSI3MDAiIGhlaWdodD0iMTAwMCI+PGJyPgo8YnI+Cjxicj4KPGJyPgo8YnI+CjxpbWcgYm9yZGVyPSIwIiBzcmM9Imh0dHA6Ly9pbWFnZS5yYWt1dGVuLmNvLmpwL2JhZW1hc3Rlci9jYWJpbmV0L3dhbGxldC9ibXcwMTcyXzExLmpwZyIgd2lkdGg9IjcwMCIgaGVpZ2h0PSI3MDAiPjwvcD4KPHA+57Sg5p2Q77yaUFXjg6zjgrbjg7w8YnI+Cjxicj4K44K144Kk44K677yaMTnDlzkuNcOXNGNtPGJyPgo8YnI+CuOCq+ODqeODvDxicj4K44OW44Op44OD44KvPGJyPgrjg6/jgqTjg7M8YnI+CuODluODqeOCpuODszxicj4K44OW44Or44O8PGJyPgrjgqrjg6zjg7Pjgrg8YnI+Cjxicj4K5LuV5qeYPGJyPgrjgqvjg7zjg4nlhaXjgozDlzEwPGJyPgrjgYrmnK3lhaXjgozDlzE8YnI+CuWwj+mKreWFpeOCjMOXMTxicj4K44Od44Kx44OD44OIw5cyPGJyPgrjgIA8L3A+PHRhYmxlIGJvcmRlcj0iMCIgd2lkdGg9IjczMCIgY2VsbHNwYWNpbmc9IjAiIGNlbGxwYWRkaW5nPSIwIj48dHI+PHRkIGJnY29sb3I9IiNGRkZGRkYiPjxwIGFsaWduPSJjZW50ZXIiPgoJPGltZyBib3JkZXI9IjAiIHNyYz0iaHR0cDovL3d3dy5yYWt1dGVuLm5lLmpwL2dvbGQvYmFlbWFzdGVyL2ltZy9mZWF0dXJlLmdpZiIgd2lkdGg9IjczMCIgaGVpZ2h0PSI2MCI+PGJyPgoJPGJyPgoJCgk8aW1nIGJvcmRlcj0iMCIgc3JjPSJodHRwOi8vd3d3LnJha3V0ZW4ubmUuanAvZ29sZC9iYWVtYXN0ZXIvaW1nL3NsaWRlMTEuanBnIiB3aWR0aD0iNzAwIiBoZWlnaHQ9IjMxNSI+PGJyPgoJPGJyPjwvdGQ+PC90cj48L3RhYmxlPjx0YWJsZSBib3JkZXI9IjAiIHdpZHRoPSI3MzAiIGNlbGxwYWRkaW5nPSIwIj48dHI+PHRkIGFsaWduPSJsZWZ0IiBjb2xzcGFuPSI0Ij48aW1nIGJvcmRlcj0iMCIgc3JjPSJodHRwOi8vd3d3LnJha3V0ZW4ubmUuanAvZ29sZC9iYWVtYXN0ZXIvaW1nL3JhbmtpbmcucG5nIiB3aWR0aD0iMTYwIiBoZWlnaHQ9IjM0Ij48L3RkPjwvdHI+PHRyPjx0ZCBhbGlnbj0ibGVmdCI+PGltZyBib3JkZXI9IjAiIHNyYz0iaHR0cDovL3d3dy5yYWt1dGVuLm5lLmpwL2dvbGQvYmFlbWFzdGVyL2ltZy9yMDEuZ2lmIiB3aWR0aD0iNTkiIGhlaWdodD0iMTgiPjwvdGQ+PHRkIGFsaWduPSJsZWZ0Ij48aW1nIGJvcmRlcj0iMCIgc3JjPSJodHRwOi8vd3d3LnJha3V0ZW4ubmUuanAvZ29sZC9iYWVtYXN0ZXIvaW1nL3IwMi5naWYiIHdpZHRoPSI1OCIgaGVpZ2h0PSIxOCI+PC90ZD48dGQgYWxpZ249ImxlZnQiPjxpbWcgYm9yZGVyPSIwIiBzcmM9Imh0dHA6Ly93d3cucmFrdXRlbi5uZS5qcC9nb2xkL2JhZW1hc3Rlci9pbWcvcjAzLmdpZiIgd2lkdGg9IjYwIiBoZWlnaHQ9IjE4Ij48L3RkPjx0ZCBhbGlnbj0ibGVmdCI+PGltZyBib3JkZXI9IjAiIHNyYz0iaHR0cDovL3d3dy5yYWt1dGVuLm5lLmpwL2dvbGQvYmFlbWFzdGVyL2ltZy9yMDQuZ2lmIiB3aWR0aD0iMzkiIGhlaWdodD0iMTgiPjwvdGQ+PC90cj48dHI+PHRkIGFsaWduPSJjZW50ZXIiPgoJCgk8aW1nIGJvcmRlcj0iMCIgc3JjPSJodHRwOi8vaW1hZ2UucmFrdXRlbi5jby5qcC9iYWVtYXN0ZXIvY2FiaW5ldC93YWxsZXQvYm13MDA2M18xLmpwZyIgd2lkdGg9IjE3MCIgaGVpZ2h0PSIxNzAiPjwvdGQ+PHRkIGFsaWduPSJjZW50ZXIiPgoJCgk8aW1nIGJvcmRlcj0iMCIgc3JjPSJodHRwOi8vaW1hZ2UucmFrdXRlbi5jby5qcC9iYWVtYXN0ZXIvY2FiaW5ldC93YWxsZXQvYm13MDAyOV8xLmpwZyIgd2lkdGg9IjE3MCIgaGVpZ2h0PSIxNzAiPjwvdGQ+PHRkIGFsaWduPSJjZW50ZXIiPgoJCgk8aW1nIGJvcmRlcj0iMCIgc3JjPSJodHRwOi8vaW1hZ2UucmFrdXRlbi5jby5qcC9iYWVtYXN0ZXIvY2FiaW5ldC93YWxsZXQvYm13MDAxOF8xLmpwZyIgd2lkdGg9IjE3MCIgaGVpZ2h0PSIxNzAiPjwvdGQ+PHRkIGFsaWduPSJjZW50ZXIiPgoJCgk8aW1nIGJvcmRlcj0iMCIgc3JjPSJodHRwOi8vaW1hZ2UucmFrdXRlbi5jby5qcC9iYWVtYXN0ZXIvY2FiaW5ldC93YWxsZXQvYm13MDA4Ml8xLmpwZyIgd2lkdGg9IjE3MCIgaGVpZ2h0PSIxNzAiPjwvdGQ+PC90cj48L3RhYmxlPjxwPjxicj48YnI+PGltZyBib3JkZXI9IjAiIHNyYz0iaHR0cDovL3d3dy5yYWt1dGVuLm5lLmpwL2dvbGQvYmFlbWFzdGVyL2ltZy9zbS1yZWNvLmdpZiIgd2lkdGg9IjczMCIgaGVpZ2h0PSI2MCI+PC9wPjx0YWJsZSBib3JkZXI9IjAiIHdpZHRoPSI3MzAiIGNlbGxzcGFjaW5nPSIxMCIgY2VsbHBhZGRpbmc9IjAiPjx0cj48dGQgYWxpZ249ImNlbnRlciI+CgkKCTxpbWcgYm9yZGVyPSIwIiBzcmM9Imh0dHA6Ly9pbWFnZS5yYWt1dGVuLmNvLmpwL2JhZW1hc3Rlci9jYWJpbmV0L3dhbGxldC9ibXcwMDczXzEuanBnIiB3aWR0aD0iMzUwIiBoZWlnaHQ9IjM1MCI+PC90ZD48dGQgYWxpZ249ImNlbnRlciI+CgkKCTxpbWcgYm9yZGVyPSIwIiBzcmM9Imh0dHA6Ly9pbWFnZS5yYWt1dGVuLmNvLmpwL2JhZW1hc3Rlci9jYWJpbmV0L3dhbGxldC9ibXcwMDM5XzEuanBnIiB3aWR0aD0iMzUwIiBoZWlnaHQ9IjM1MCI+PC90ZD48L3RyPjx0cj48dGQgYWxpZ249ImNlbnRlciIgYmdjb2xvcj0iI0RCQjg5NSI+PGZvbnQgZmFjZT0i44Oh44Kk44Oq44KqIiBzdHlsZT0iZm9udC1zaXplOiA5cHQiIGNvbG9yPSIjRkZGRkZGIj7jgJBGUkVFIFNISVBQSU5H44CRPGJyPgoJCeODqeOCpuODs+ODiVpJUOiyoeW4gzwvZm9udD48L3RkPjx0ZCBhbGlnbj0iY2VudGVyIiBiZ2NvbG9yPSIjREJCODk1Ij48Zm9udCBmYWNlPSLjg6HjgqTjg6rjgqoiIHN0eWxlPSJmb250LXNpemU6IDlwdCIgY29sb3I9IiNGRkZGRkYiPgoJCeOAkEZSRUUgU0hJUFBJTkfjgJE8YnI+CgkJQklH44K144Kk44K66ZW36LKh5biDPC9mb250PjwvdGQ+PC90cj48dHI+PHRkIGFsaWduPSJyaWdodCIgYmdjb2xvcj0iI0ZGRkZGRiIgY29sc3Bhbj0iMiI+PGltZyBib3JkZXI9IjAiIHNyYz0iaHR0cDovL3d3dy5yYWt1dGVuLm5lLmpwL2dvbGQvYmFlbWFzdGVyL2ltZy9tb3JlYm4uZ2lmIiB3aWR0aD0iMTY3IiBoZWlnaHQ9IjQzIj48L3RkPjwvdHI+PC90YWJsZT48dGFibGUgYm9yZGVyPSIwIiB3aWR0aD0iNzMwIiBjZWxscGFkZGluZz0iMCIgY2VsbHNwYWNpbmc9IjEwIj48dHI+PHRkIGFsaWduPSJsZWZ0IiBjb2xzcGFuPSI0Ij48YnI+PGltZyBib3JkZXI9IjAiIHNyYz0iaHR0cDovL3d3dy5yYWt1dGVuLm5lLmpwL2dvbGQvYmFlbWFzdGVyL2ltZy9ORVdBUlJJVkFMLnBuZyIgd2lkdGg9IjExOCIgaGVpZ2h0PSIyNyI+PC90ZD48L3RyPjx0cj4KPHRkIGFsaWduPSJjZW50ZXIiPgo8aW1nIGJvcmRlcj0iMCIgc3JjPSJodHRwczovL2ltYWdlLnJha3V0ZW4uY28uanAvYmFlbWFzdGVyL2NhYmluZXQvd2FsbGV0L2JtdzAxOTVfMS5qcGciIHdpZHRoPSIxNzAiIGhlaWdodD0iMTcwIj48L3RkPgo8dGQgYWxpZ249ImNlbnRlciI+CjxpbWcgYm9yZGVyPSIwIiBzcmM9Imh0dHBzOi8vaW1hZ2UucmFrdXRlbi5jby5qcC9iYWVtYXN0ZXIvY2FiaW5ldC93YWxsZXQvYm13MDE4OF8xLmpwZyIgd2lkdGg9IjE3MCIgaGVpZ2h0PSIxNzAiPjwvdGQ+Cjx0ZCBhbGlnbj0iY2VudGVyIj4KPGltZyBib3JkZXI9IjAiIHNyYz0iaHR0cHM6Ly9pbWFnZS5yYWt1dGVuLmNvLmpwL2JhZW1hc3Rlci9jYWJpbmV0L3dhbGxldC9ibXcwMTk0XzEuanBnIiB3aWR0aD0iMTcwIiBoZWlnaHQ9IjE3MCI+PC90ZD4KPHRkIGFsaWduPSJjZW50ZXIiPgo8aW1nIGJvcmRlcj0iMCIgc3JjPSJodHRwczovL2ltYWdlLnJha3V0ZW4uY28uanAvYmFlbWFzdGVyL2NhYmluZXQvd2FsbGV0L2JtdzAxOTFfMS5qcGciIHdpZHRoPSIxNzAiIGhlaWdodD0iMTcwIj48L3RkPjwvdHI+PHRyPjx0ZCBhbGlnbj0iY2VudGVyIiBiZ2NvbG9yPSIjREJCODk1Ij4KCTxmb250IGZhY2U9IuODoeOCpOODquOCqiIgc3R5bGU9ImZvbnQtc2l6ZTogOXB0IiBjb2xvcj0iI0ZGRkZGRiI+5pys6Z2p44Os44K244O844Kq44Kk44Or44OM44OhPC9mb250PjwvdGQ+PHRkIGFsaWduPSJjZW50ZXIiIGJnY29sb3I9IiNEQkI4OTUiPgoJPGZvbnQgZmFjZT0i44Oh44Kk44Oq44KqIiBzdHlsZT0iZm9udC1zaXplOiA5cHQiIGNvbG9yPSIjRkZGRkZGIj7mnKzpnanjg6zjgrbjg7zjgqrjgqTjg6vjg4zjg6E8L2ZvbnQ+PC90ZD48dGQgYWxpZ249ImNlbnRlciIgYmdjb2xvcj0iI0RCQjg5NSI+Cgk8Zm9udCBmYWNlPSLjg6HjgqTjg6rjgqoiIHN0eWxlPSJmb250LXNpemU6IDlwdCIgY29sb3I9IiNGRkZGRkYiPuacrOmdqeODrOOCtuODvOOCreODvOOCseODvOOCuTwvZm9udD48L3RkPjx0ZCBhbGlnbj0iY2VudGVyIiBiZ2NvbG9yPSIjREJCODk1Ij4KCTxmb250IGZhY2U9IuODoeOCpOODquOCqiIgc3R5bGU9ImZvbnQtc2l6ZTogOXB0IiBjb2xvcj0iI0ZGRkZGRiI+5pys6Z2p44Os44K244O844Kq44Kk44Or44OM44OhPC9mb250PjwvdGQ+PC90cj48dHI+PHRkIGFsaWduPSJyaWdodCIgYmdjb2xvcj0iI0ZGRkZGRiIgY29sc3Bhbj0iNCI+Cgk8aW1nIGJvcmRlcj0iMCIgc3JjPSJodHRwOi8vd3d3LnJha3V0ZW4ubmUuanAvZ29sZC9iYWVtYXN0ZXIvaW1nL21vcmVibi5naWYiIHdpZHRoPSIxNjciIGhlaWdodD0iNDMiPjwvdGQ+PC90cj48dHI+PHRkIGFsaWduPSJyaWdodCIgYmdjb2xvcj0iI0ZGRkZGRiIgY29sc3Bhbj0iNCI+Cgk8YnI+Cgk8YnI+CgkKCTxpbWcgYm9yZGVyPSIwIiBzcmM9Imh0dHA6Ly93d3cucmFrdXRlbi5uZS5qcC9nb2xkL2JhZW1hc3Rlci9pbWcvc2xpZGUxMi5qcGciIHdpZHRoPSI3MDAiIGhlaWdodD0iMzE1Ij48YnI+CuOAgDwvdGQ+PC90cj48dHI+PHRkIGFsaWduPSJyaWdodCIgYmdjb2xvcj0iI0ZGRkZGRiIgY29sc3Bhbj0iNCI+CgkKCTxpbWcgYm9yZGVyPSIwIiBzcmM9Imh0dHA6Ly93d3cucmFrdXRlbi5uZS5qcC9nb2xkL2JhZW1hc3Rlci9pbWcvMDAyOWJuYXc3MDAuanBnIiB3aWR0aD0iNzAwIiBoZWlnaHQ9IjMzMSI+PGJyPgrjgIA8L3RkPjwvdHI+PHRyPjx0ZCBhbGlnbj0icmlnaHQiIGJnY29sb3I9IiNGRkZGRkYiIGNvbHNwYW49IjQiIGhlaWdodD0iMjciPgoJCgk8aW1nIGJvcmRlcj0iMCIgc3JjPSJodHRwOi8vd3d3LnJha3V0ZW4ubmUuanAvZ29sZC9iYWVtYXN0ZXIvaW1nLzAwMDdibmF3NzAwLmpwZyIgd2lkdGg9IjcwMCIgaGVpZ2h0PSIzMTUiPjxicj4K44CAPC90ZD48L3RyPjx0cj48dGQgYWxpZ249InJpZ2h0IiBiZ2NvbG9yPSIjRkZGRkZGIiBjb2xzcGFuPSI0Ij4KCQoJPGltZyBib3JkZXI9IjAiIHNyYz0iaHR0cDovL3d3dy5yYWt1dGVuLm5lLmpwL2dvbGQvYmFlbWFzdGVyL2ltZy8wMTc3Ym5hdzcwMC5qcGciIHdpZHRoPSI3MDAiIGhlaWdodD0iMzE1Ij48L3RkPjwvdHI+PC90YWJsZT4KCTxwPuOAgDwvcD4=,44Oh44O844Or5L6/6YCB5paZ54Sh5paZIOWPr+aEm+OBhCDosqHluIMg44Os44OH44Kj44O844K5IOmVt+iyoeW4gyDjg6njgqbjg7Pjg4njg5XjgqHjgrnjg4rjg7wg5aSn5a656YePIOmdqSDkuozjgaTmipjjgorvvJpCQUVtYXN0ZXI=,6ZW36LKh5biD5pys6Z2p44Os44K244O844Oq44Ol44OD44Kv5bi95a2Q44OP44OD44OI44OI44O844OI44OQ44OD44KwaVBob25l44Oh44O844Or5L6/6YCB5paZ54Sh5paZIOWPr+aEm+OBhCDosqHluIMg44Os44OH44Kj44O844K5IOmVt+iyoeW4gyDjg6njgqbjg7Pjg4njg5XjgqHjgrnjg4rjg7wg5aSn5a656YePIOmdqSDkuozjgaTmipjjgoo=,44Oh44O844Or5L6/6YCB5paZ54Sh5paZIOiyoeW4gyDjg6zjg4fjgqPjg7zjgrkg6ZW36LKh5biD44CC44Oh44O844Or5L6/6YCB5paZ54Sh5paZIOWPr+aEm+OBhCDosqHluIMg44Os44OH44Kj44O844K5IOmVt+iyoeW4gyDjg6njgqbjg7Pjg4njg5XjgqHjgrnjg4rjg7wg5aSn5a656YePIOmdqSDkuozjgaTmipjjgoo=[rn]
39-76448,aHR0cDovL3RzaG9wLnIxMHMuanAvYmFlbWFzdGVyL2NhYmluZXQvd2FsbGV0L2JtdzAwMzlfMS5qcGc/Zml0aW49NzAwOjcwMA==,MTQ2OC44MDAw,,44OQ44OD44Kw44O75bCP54mp44O744OW44Op44Oz44OJ6ZuR6LKoID4g6LKh5biD44O744Kx44O844K5ID4g44Os44OH44Kj44O844K56LKh5biD,44Oh44O844Or5L6/6YCB5paZ54Sh5paZIOWPr+aEm+OBhCDosqHluIMg44Os44OH44Kj44O844K5IOmVt+iyoeW4gyDlsI/piq3lhaXjgozjgYLjgoo=,6LKh5biDIOODrOODh+OCo+ODvOOCuSDplbfosqHluIMg4oC75Luj5byV44GN44Gv5Yil6YCUNTgw5YaG5b+F6KaB,PHA+CjxpbWcgYm9yZGVyPSIwIiBzcmM9Imh0dHA6Ly9pbWFnZS5yYWt1dGVuLmNvLmpwL2JhZW1hc3Rlci9jYWJpbmV0L3dhbGxldC9ibXcwMDM5XzEuanBnIiB3aWR0aD0iNzAwIiBoZWlnaHQ9IjcwMCI+PGJyPgo8YnI+Cjxicj4KPGJyPgo8YnI+Cjxicj4KPGltZyBib3JkZXI9IjAiIHNyYz0iaHR0cHM6Ly9pbWFnZS5yYWt1dGVuLmNvLmpwL2JhZW1hc3Rlci9jYWJpbmV0L3dhbGxldC9ibXcwMDM5XzE5LmpwZyIgd2lkdGg9IjcwMCIgaGVpZ2h0PSI3MDAiPjxicj4KPGJyPgo8YnI+Cjxicj4KPGJyPgo8YnI+CjxpbWcgYm9yZGVyPSIwIiBzcmM9Imh0dHA6Ly9pbWFnZS5yYWt1dGVuLmNvLmpwL2JhZW1hc3Rlci9jYWJpbmV0L3dhbGxldC9ibXcwMDM5XzguanBnIiB3aWR0aD0iNzAwIiBoZWlnaHQ9IjcwMCI+PGJyPgo8YnI+Cjxicj4KPGJyPgo8YnI+Cjxicj4KPGltZyBib3JkZXI9IjAiIHNyYz0iaHR0cHM6Ly9pbWFnZS5yYWt1dGVuLmNvLmpwL2JhZW1hc3Rlci9jYWJpbmV0L3dhbGxldC9ibXcwMDM5XzE4LmpwZyIgd2lkdGg9IjcwMCIgaGVpZ2h0PSI3MDAiPjxicj4KPGJyPgo8YnI+Cjxicj4KPGJyPgo8YnI+CjxpbWcgYm9yZGVyPSIwIiBzcmM9Imh0dHA6Ly9pbWFnZS5yYWt1dGVuLmNvLmpwL2JhZW1hc3Rlci9jYWJpbmV0L3dhbGxldC9ibXcwMDM5XzkuanBnIiB3aWR0aD0iNzAwIiBoZWlnaHQ9IjcwMCI+PGJyPgo8YnI+Cjxicj4KPGJyPgo8YnI+CjxpbWcgYm9yZGVyPSIwIiBzcmM9Imh0dHA6Ly9pbWFnZS5yYWt1dGVuLmNvLmpwL2JhZW1hc3Rlci9jYWJpbmV0L3dhbGxldC9ibXcwMDM5XzEwLmpwZyIgd2lkdGg9IjcwMCIgaGVpZ2h0PSI3MDAiPjxicj4KPGJyPgo8YnI+Cjxicj4KPGltZyBib3JkZXI9IjAiIHNyYz0iaHR0cDovL2ltYWdlLnJha3V0ZW4uY28uanAvYmFlbWFzdGVyL2NhYmluZXQvd2FsbGV0L2JtdzAwMzlfMTEuanBnIiB3aWR0aD0iNzAwIiBoZWlnaHQ9IjcwMCI+PGJyPgo8YnI+Cjxicj4KPGJyPgo8aW1nIGJvcmRlcj0iMCIgc3JjPSJodHRwOi8vaW1hZ2UucmFrdXRlbi5jby5qcC9iYWVtYXN0ZXIvY2FiaW5ldC93YWxsZXQvYm13MDAzOV8xMi5qcGciIHdpZHRoPSI3MDAiIGhlaWdodD0iNzAwIj48YnI+Cjxicj4KPGJyPgo8YnI+Cjxicj4KPGltZyBib3JkZXI9IjAiIHNyYz0iaHR0cDovL2ltYWdlLnJha3V0ZW4uY28uanAvYmFlbWFzdGVyL2NhYmluZXQvd2FsbGV0L2JtdzAwMzlfMTMuanBnIiB3aWR0aD0iNzAwIiBoZWlnaHQ9IjcwMCI+PGJyPgo8aW1nIGJvcmRlcj0iMCIgc3JjPSJodHRwOi8vaW1hZ2UucmFrdXRlbi5jby5qcC9iYWVtYXN0ZXIvY2FiaW5ldC93YWxsZXQvYm13MDAzOV8xNC5qcGciIHdpZHRoPSI3MDAiIGhlaWdodD0iNzAwIj48YnI+CjxpbWcgYm9yZGVyPSIwIiBzcmM9Imh0dHA6Ly9pbWFnZS5yYWt1dGVuLmNvLmpwL2JhZW1hc3Rlci9jYWJpbmV0L3dhbGxldC9ibXcwMDM5XzE1LmpwZyIgd2lkdGg9IjcwMCIgaGVpZ2h0PSI3MDAiPjxicj4KPGltZyBib3JkZXI9IjAiIHNyYz0iaHR0cDovL2ltYWdlLnJha3V0ZW4uY28uanAvYmFlbWFzdGVyL2NhYmluZXQvd2FsbGV0L2JtdzAwMzlfMTYuanBnIiB3aWR0aD0iNzAwIiBoZWlnaHQ9IjcwMCI+PGJyPgo8aW1nIGJvcmRlcj0iMCIgc3JjPSJodHRwOi8vaW1hZ2UucmFrdXRlbi5jby5qcC9iYWVtYXN0ZXIvY2FiaW5ldC93YWxsZXQvYm13MDAzOV8xNy5qcGciIHdpZHRoPSI3MDAiIGhlaWdodD0iNzAwIj48YnI+Cjxicj4KPGJyPgo8YnI+Cjxicj4KPGltZyBib3JkZXI9IjAiIHNyYz0iaHR0cHM6Ly9pbWFnZS5yYWt1dGVuLmNvLmpwL2JhZW1hc3Rlci9jYWJpbmV0L3dhbGxldC9ibXcwMDM5XzIwLmpwZyIgd2lkdGg9IjcwMCIgaGVpZ2h0PSI3MDAiPjxicj4KPGJyPgo8YnI+Cjxicj4KPGJyPgo8YnI+Cjxicj4KPGltZyBib3JkZXI9IjAiIHNyYz0iaHR0cDovL3d3dy5yYWt1dGVuLm5lLmpwL2dvbGQvYmFlbWFzdGVyL2ltZy9jYXV0aW9uLmdpZiIgd2lkdGg9IjcwMCIgaGVpZ2h0PSIzNTAiPjwvcD4KPHA+4pag44K144Kk44K6PGJyPgrjg6jjgrMyMWNtw5fjgr/jg4YxMGNtw5fljprjgZUzY208YnI+Cjxicj4K4pag57Sg5p2QPGJyPgrjg5XjgqfjgqTjgq/jg6zjgrbjg7w8YnI+Cjxicj4K4pag44Kr44Op44O8PGJyPgrjg5bjg6njg4Pjgq88YnI+CuODjeOCpOODk+ODvDxicj4K44OR44O844OX44OrPGJyPgrjgrfjg6Pjg7Pjg5Hjg7M8YnI+CuOCtOODvOODq+ODiTxicj4KPGJyPgrilqDku5Xmp5g8YnI+Cue0meW5o+WFpeOCjMOXMzxicj4K5bCP6Yqt5YWl44KMw5cxPGJyPgrjgqvjg7zjg4nDlzg8YnI+CuODneOCseODg+ODiMOXMjwvcD48dGFibGUgYm9yZGVyPSIwIiB3aWR0aD0iNzMwIiBjZWxsc3BhY2luZz0iMCIgY2VsbHBhZGRpbmc9IjAiPjx0cj48dGQgYmdjb2xvcj0iI0ZGRkZGRiI+PHAgYWxpZ249ImNlbnRlciI+Cgk8aW1nIGJvcmRlcj0iMCIgc3JjPSJodHRwOi8vd3d3LnJha3V0ZW4ubmUuanAvZ29sZC9iYWVtYXN0ZXIvaW1nL2ZlYXR1cmUuZ2lmIiB3aWR0aD0iNzMwIiBoZWlnaHQ9IjYwIj48YnI+Cgk8YnI+CgkKCTxpbWcgYm9yZGVyPSIwIiBzcmM9Imh0dHA6Ly93d3cucmFrdXRlbi5uZS5qcC9nb2xkL2JhZW1hc3Rlci9pbWcvc2xpZGUxMS5qcGciIHdpZHRoPSI3MDAiIGhlaWdodD0iMzE1Ij48YnI+Cgk8YnI+PC90ZD48L3RyPjwvdGFibGU+PHRhYmxlIGJvcmRlcj0iMCIgd2lkdGg9IjczMCIgY2VsbHBhZGRpbmc9IjAiPjx0cj48dGQgYWxpZ249ImxlZnQiIGNvbHNwYW49IjQiPjxpbWcgYm9yZGVyPSIwIiBzcmM9Imh0dHA6Ly93d3cucmFrdXRlbi5uZS5qcC9nb2xkL2JhZW1hc3Rlci9pbWcvcmFua2luZy5wbmciIHdpZHRoPSIxNjAiIGhlaWdodD0iMzQiPjwvdGQ+PC90cj48dHI+PHRkIGFsaWduPSJsZWZ0Ij48aW1nIGJvcmRlcj0iMCIgc3JjPSJodHRwOi8vd3d3LnJha3V0ZW4ubmUuanAvZ29sZC9iYWVtYXN0ZXIvaW1nL3IwMS5naWYiIHdpZHRoPSI1OSIgaGVpZ2h0PSIxOCI+PC90ZD48dGQgYWxpZ249ImxlZnQiPjxpbWcgYm9yZGVyPSIwIiBzcmM9Imh0dHA6Ly93d3cucmFrdXRlbi5uZS5qcC9nb2xkL2JhZW1hc3Rlci9pbWcvcjAyLmdpZiIgd2lkdGg9IjU4IiBoZWlnaHQ9IjE4Ij48L3RkPjx0ZCBhbGlnbj0ibGVmdCI+PGltZyBib3JkZXI9IjAiIHNyYz0iaHR0cDovL3d3dy5yYWt1dGVuLm5lLmpwL2dvbGQvYmFlbWFzdGVyL2ltZy9yMDMuZ2lmIiB3aWR0aD0iNjAiIGhlaWdodD0iMTgiPjwvdGQ+PHRkIGFsaWduPSJsZWZ0Ij48aW1nIGJvcmRlcj0iMCIgc3JjPSJodHRwOi8vd3d3LnJha3V0ZW4ubmUuanAvZ29sZC9iYWVtYXN0ZXIvaW1nL3IwNC5naWYiIHdpZHRoPSIzOSIgaGVpZ2h0PSIxOCI+PC90ZD48L3RyPjx0cj48dGQgYWxpZ249ImNlbnRlciI+CgkKCTxpbWcgYm9yZGVyPSIwIiBzcmM9Imh0dHA6Ly9pbWFnZS5yYWt1dGVuLmNvLmpwL2JhZW1hc3Rlci9jYWJpbmV0L3dhbGxldC9ibXcwMDYzXzEuanBnIiB3aWR0aD0iMTcwIiBoZWlnaHQ9IjE3MCI+PC90ZD48dGQgYWxpZ249ImNlbnRlciI+CgkKCTxpbWcgYm9yZGVyPSIwIiBzcmM9Imh0dHA6Ly9pbWFnZS5yYWt1dGVuLmNvLmpwL2JhZW1hc3Rlci9jYWJpbmV0L3dhbGxldC9ibXcwMDI5XzEuanBnIiB3aWR0aD0iMTcwIiBoZWlnaHQ9IjE3MCI+PC90ZD48dGQgYWxpZ249ImNlbnRlciI+CgkKCTxpbWcgYm9yZGVyPSIwIiBzcmM9Imh0dHA6Ly9pbWFnZS5yYWt1dGVuLmNvLmpwL2JhZW1hc3Rlci9jYWJpbmV0L3dhbGxldC9ibXcwMDE4XzEuanBnIiB3aWR0aD0iMTcwIiBoZWlnaHQ9IjE3MCI+PC90ZD48dGQgYWxpZ249ImNlbnRlciI+CgkKCTxpbWcgYm9yZGVyPSIwIiBzcmM9Imh0dHA6Ly9pbWFnZS5yYWt1dGVuLmNvLmpwL2JhZW1hc3Rlci9jYWJpbmV0L3dhbGxldC9ibXcwMDgyXzEuanBnIiB3aWR0aD0iMTcwIiBoZWlnaHQ9IjE3MCI+PC90ZD48L3RyPjwvdGFibGU+PHA+PGJyPjxicj48aW1nIGJvcmRlcj0iMCIgc3JjPSJodHRwOi8vd3d3LnJha3V0ZW4ubmUuanAvZ29sZC9iYWVtYXN0ZXIvaW1nL3NtLXJlY28uZ2lmIiB3aWR0aD0iNzMwIiBoZWlnaHQ9IjYwIj48L3A+PHRhYmxlIGJvcmRlcj0iMCIgd2lkdGg9IjczMCIgY2VsbHNwYWNpbmc9IjEwIiBjZWxscGFkZGluZz0iMCI+PHRyPjx0ZCBhbGlnbj0iY2VudGVyIj4KCQoJPGltZyBib3JkZXI9IjAiIHNyYz0iaHR0cDovL2ltYWdlLnJha3V0ZW4uY28uanAvYmFlbWFzdGVyL2NhYmluZXQvd2FsbGV0L2JtdzAwNzNfMS5qcGciIHdpZHRoPSIzNTAiIGhlaWdodD0iMzUwIj48L3RkPjx0ZCBhbGlnbj0iY2VudGVyIj4KCQoJPGltZyBib3JkZXI9IjAiIHNyYz0iaHR0cDovL2ltYWdlLnJha3V0ZW4uY28uanAvYmFlbWFzdGVyL2NhYmluZXQvd2FsbGV0L2JtdzAwMzlfMS5qcGciIHdpZHRoPSIzNTAiIGhlaWdodD0iMzUwIj48L3RkPjwvdHI+PHRyPjx0ZCBhbGlnbj0iY2VudGVyIiBiZ2NvbG9yPSIjREJCODk1Ij48Zm9udCBmYWNlPSLjg6HjgqTjg6rjgqoiIHN0eWxlPSJmb250LXNpemU6IDlwdCIgY29sb3I9IiNGRkZGRkYiPuOAkEZSRUUgU0hJUFBJTkfjgJE8YnI+CgkJ44Op44Km44Oz44OJWklQ6LKh5biDPC9mb250PjwvdGQ+PHRkIGFsaWduPSJjZW50ZXIiIGJnY29sb3I9IiNEQkI4OTUiPjxmb250IGZhY2U9IuODoeOCpOODquOCqiIgc3R5bGU9ImZvbnQtc2l6ZTogOXB0IiBjb2xvcj0iI0ZGRkZGRiI+CgkJ44CQRlJFRSBTSElQUElOR+OAkTxicj4KCQlCSUfjgrXjgqTjgrrplbfosqHluIM8L2ZvbnQ+PC90ZD48L3RyPjx0cj48dGQgYWxpZ249InJpZ2h0IiBiZ2NvbG9yPSIjRkZGRkZGIiBjb2xzcGFuPSIyIj48aW1nIGJvcmRlcj0iMCIgc3JjPSJodHRwOi8vd3d3LnJha3V0ZW4ubmUuanAvZ29sZC9iYWVtYXN0ZXIvaW1nL21vcmVibi5naWYiIHdpZHRoPSIxNjciIGhlaWdodD0iNDMiPjwvdGQ+PC90cj48L3RhYmxlPjx0YWJsZSBib3JkZXI9IjAiIHdpZHRoPSI3MzAiIGNlbGxwYWRkaW5nPSIwIiBjZWxsc3BhY2luZz0iMTAiPjx0cj48dGQgYWxpZ249ImxlZnQiIGNvbHNwYW49IjQiPjxicj48aW1nIGJvcmRlcj0iMCIgc3JjPSJodHRwOi8vd3d3LnJha3V0ZW4ubmUuanAvZ29sZC9iYWVtYXN0ZXIvaW1nL05FV0FSUklWQUwucG5nIiB3aWR0aD0iMTE4IiBoZWlnaHQ9IjI3Ij48L3RkPjwvdHI+PHRyPgo8dGQgYWxpZ249ImNlbnRlciI+CjxpbWcgYm9yZGVyPSIwIiBzcmM9Imh0dHBzOi8vaW1hZ2UucmFrdXRlbi5jby5qcC9iYWVtYXN0ZXIvY2FiaW5ldC93YWxsZXQvYm13MDE5NV8xLmpwZyIgd2lkdGg9IjE3MCIgaGVpZ2h0PSIxNzAiPjwvdGQ+Cjx0ZCBhbGlnbj0iY2VudGVyIj4KPGltZyBib3JkZXI9IjAiIHNyYz0iaHR0cHM6Ly9pbWFnZS5yYWt1dGVuLmNvLmpwL2JhZW1hc3Rlci9jYWJpbmV0L3dhbGxldC9ibXcwMTg4XzEuanBnIiB3aWR0aD0iMTcwIiBoZWlnaHQ9IjE3MCI+PC90ZD4KPHRkIGFsaWduPSJjZW50ZXIiPgo8aW1nIGJvcmRlcj0iMCIgc3JjPSJodHRwczovL2ltYWdlLnJha3V0ZW4uY28uanAvYmFlbWFzdGVyL2NhYmluZXQvd2FsbGV0L2JtdzAxOTRfMS5qcGciIHdpZHRoPSIxNzAiIGhlaWdodD0iMTcwIj48L3RkPgo8dGQgYWxpZ249ImNlbnRlciI+CjxpbWcgYm9yZGVyPSIwIiBzcmM9Imh0dHBzOi8vaW1hZ2UucmFrdXRlbi5jby5qcC9iYWVtYXN0ZXIvY2FiaW5ldC93YWxsZXQvYm13MDE5MV8xLmpwZyIgd2lkdGg9IjE3MCIgaGVpZ2h0PSIxNzAiPjwvdGQ+PC90cj48dHI+PHRkIGFsaWduPSJjZW50ZXIiIGJnY29sb3I9IiNEQkI4OTUiPgoJPGZvbnQgZmFjZT0i44Oh44Kk44Oq44KqIiBzdHlsZT0iZm9udC1zaXplOiA5cHQiIGNvbG9yPSIjRkZGRkZGIj7mnKzpnanjg6zjgrbjg7zjgqrjgqTjg6vjg4zjg6E8L2ZvbnQ+PC90ZD48dGQgYWxpZ249ImNlbnRlciIgYmdjb2xvcj0iI0RCQjg5NSI+Cgk8Zm9udCBmYWNlPSLjg6HjgqTjg6rjgqoiIHN0eWxlPSJmb250LXNpemU6IDlwdCIgY29sb3I9IiNGRkZGRkYiPuacrOmdqeODrOOCtuODvOOCquOCpOODq+ODjOODoTwvZm9udD48L3RkPjx0ZCBhbGlnbj0iY2VudGVyIiBiZ2NvbG9yPSIjREJCODk1Ij4KCTxmb250IGZhY2U9IuODoeOCpOODquOCqiIgc3R5bGU9ImZvbnQtc2l6ZTogOXB0IiBjb2xvcj0iI0ZGRkZGRiI+5pys6Z2p44Os44K244O844Kt44O844Kx44O844K5PC9mb250PjwvdGQ+PHRkIGFsaWduPSJjZW50ZXIiIGJnY29sb3I9IiNEQkI4OTUiPgoJPGZvbnQgZmFjZT0i44Oh44Kk44Oq44KqIiBzdHlsZT0iZm9udC1zaXplOiA5cHQiIGNvbG9yPSIjRkZGRkZGIj7mnKzpnanjg6zjgrbjg7zjgqrjgqTjg6vjg4zjg6E8L2ZvbnQ+PC90ZD48L3RyPjx0cj48dGQgYWxpZ249InJpZ2h0IiBiZ2NvbG9yPSIjRkZGRkZGIiBjb2xzcGFuPSI0Ij4KCTxpbWcgYm9yZGVyPSIwIiBzcmM9Imh0dHA6Ly93d3cucmFrdXRlbi5uZS5qcC9nb2xkL2JhZW1hc3Rlci9pbWcvbW9yZWJuLmdpZiIgd2lkdGg9IjE2NyIgaGVpZ2h0PSI0MyI+PC90ZD48L3RyPjx0cj48dGQgYWxpZ249InJpZ2h0IiBiZ2NvbG9yPSIjRkZGRkZGIiBjb2xzcGFuPSI0Ij4KCTxicj4KCTxicj4KCQoJPGltZyBib3JkZXI9IjAiIHNyYz0iaHR0cDovL3d3dy5yYWt1dGVuLm5lLmpwL2dvbGQvYmFlbWFzdGVyL2ltZy9zbGlkZTEyLmpwZyIgd2lkdGg9IjcwMCIgaGVpZ2h0PSIzMTUiPjxicj4K44CAPC90ZD48L3RyPjx0cj48dGQgYWxpZ249InJpZ2h0IiBiZ2NvbG9yPSIjRkZGRkZGIiBjb2xzcGFuPSI0Ij4KCQoJPGltZyBib3JkZXI9IjAiIHNyYz0iaHR0cDovL3d3dy5yYWt1dGVuLm5lLmpwL2dvbGQvYmFlbWFzdGVyL2ltZy8wMDI5Ym5hdzcwMC5qcGciIHdpZHRoPSI3MDAiIGhlaWdodD0iMzMxIj48YnI+CuOAgDwvdGQ+PC90cj48dHI+PHRkIGFsaWduPSJyaWdodCIgYmdjb2xvcj0iI0ZGRkZGRiIgY29sc3Bhbj0iNCIgaGVpZ2h0PSIyNyI+CgkKCTxpbWcgYm9yZGVyPSIwIiBzcmM9Imh0dHA6Ly93d3cucmFrdXRlbi5uZS5qcC9nb2xkL2JhZW1hc3Rlci9pbWcvMDAwN2JuYXc3MDAuanBnIiB3aWR0aD0iNzAwIiBoZWlnaHQ9IjMxNSI+PGJyPgrjgIA8L3RkPjwvdHI+PHRyPjx0ZCBhbGlnbj0icmlnaHQiIGJnY29sb3I9IiNGRkZGRkYiIGNvbHNwYW49IjQiPgoJCgk8aW1nIGJvcmRlcj0iMCIgc3JjPSJodHRwOi8vd3d3LnJha3V0ZW4ubmUuanAvZ29sZC9iYWVtYXN0ZXIvaW1nLzAxNzdibmF3NzAwLmpwZyIgd2lkdGg9IjcwMCIgaGVpZ2h0PSIzMTUiPjwvdGQ+PC90cj48L3RhYmxlPgoJPHA+44CAPC9wPg==,44Oh44O844Or5L6/6YCB5paZ54Sh5paZIOWPr+aEm+OBhCDosqHluIMg44Os44OH44Kj44O844K5IOmVt+iyoeW4gyDlsI/piq3lhaXjgozjgYLjgorvvJpCQUVtYXN0ZXI=,6ZW36LKh5biD5pys6Z2p44Os44K244O844Oq44Ol44OD44Kv5bi95a2Q44OP44OD44OI44OI44O844OI44OQ44OD44KwaVBob25l44Oh44O844Or5L6/6YCB5paZ54Sh5paZIOWPr+aEm+OBhCDosqHluIMg44Os44OH44Kj44O844K5IOmVt+iyoeW4gyDlsI/piq3lhaXjgozjgYLjgoo=,6LKh5biDIOODrOODh+OCo+ODvOOCuSDplbfosqHluIMg4oC75Luj5byV44GN44Gv5Yil6YCUNTgw5YaG5b+F6KaB44CC44Oh44O844Or5L6/6YCB5paZ54Sh5paZIOWPr+aEm+OBhCDosqHluIMg44Os44OH44Kj44O844K5IOmVt+iyoeW4gyDlsI/piq3lhaXjgozjgYLjgoo=[rn]
39-76449,aHR0cDovL3RzaG9wLnIxMHMuanAvYmFlbWFzdGVyL2NhYmluZXQvd2FsbGV0L2JtdzAwMDdfMS5qcGc/Zml0aW49NzAwOjcwMA==,NjQ4LjAwMDA=,,44OQ44OD44Kw44O75bCP54mp44O744OW44Op44Oz44OJ6ZuR6LKoID4g6LKh5biD44O744Kx44O844K5ID4g44Os44OH44Kj44O844K56LKh5biD,44Oh44O844Or5L6/6YCB5paZ54Sh5paZIOWPr+aEm+OBhCDosqHluIMg44Os44OH44Kj44O844K5IOmVt+iyoeW4gyDjg6rjg5zjg7Mg5LqM44Gk5oqY44KK,44Oh44O844Or5L6/6YCB5paZ54Sh5paZIOKAu+S7o+W8leOBjeOBr+ODoeODvOODq+S+v+S4jeWPr+OAgumAgeaWmeWIpemAlOW/heimgQ==,PGltZyBib3JkZXI9IjAiIHNyYz0iaHR0cDovL2ltYWdlLnJha3V0ZW4uY28uanAvYmFlbWFzdGVyL2NhYmluZXQvd2FsbGV0L2JtdzAwMDdfMS5qcGciIHdpZHRoPSI3MDAiIGhlaWdodD0iNzAwIj48YnI+Cjxicj4KPGJyPgo8YnI+Cjxicj4KPGltZyBib3JkZXI9IjAiIHNyYz0iaHR0cDovL2ltYWdlLnJha3V0ZW4uY28uanAvYmFlbWFzdGVyL2NhYmluZXQvd2FsbGV0L2JtdzAwMDdfMi5qcGciIHdpZHRoPSI3MDAiIGhlaWdodD0iNzAwIj48YnI+Cjxicj4KPGJyPgo8YnI+Cjxicj4KPGltZyBib3JkZXI9IjAiIHNyYz0iaHR0cDovL2ltYWdlLnJha3V0ZW4uY28uanAvYmFlbWFzdGVyL2NhYmluZXQvd2FsbGV0L2JtdzAwMDdfMTQuanBnIiB3aWR0aD0iNzAwIiBoZWlnaHQ9IjcwMCI+PGJyPgo8aW1nIGJvcmRlcj0iMCIgc3JjPSJodHRwOi8vaW1hZ2UucmFrdXRlbi5jby5qcC9iYWVtYXN0ZXIvY2FiaW5ldC93YWxsZXQvYm13MDAwN18xNS5qcGciIHdpZHRoPSI3MDAiIGhlaWdodD0iNzAwIj48YnI+Cjxicj4KPGltZyBib3JkZXI9IjAiIHNyYz0iaHR0cDovL2ltYWdlLnJha3V0ZW4uY28uanAvYmFlbWFzdGVyL2NhYmluZXQvd2FsbGV0L2JtdzAwMDdfMTAuanBnIiB3aWR0aD0iNzAwIiBoZWlnaHQ9IjcwMCI+PGJyPgo8YnI+CjxpbWcgYm9yZGVyPSIwIiBzcmM9Imh0dHA6Ly9pbWFnZS5yYWt1dGVuLmNvLmpwL2JhZW1hc3Rlci9jYWJpbmV0L3dhbGxldC9ibXcwMDA3XzExLmpwZyIgd2lkdGg9IjcwMCIgaGVpZ2h0PSI3MDAiPjxicj4KPGJyPgo8YnI+Cjxicj4KPGJyPgo8YnI+CjxpbWcgYm9yZGVyPSIwIiBzcmM9Imh0dHA6Ly9pbWFnZS5yYWt1dGVuLmNvLmpwL2JhZW1hc3Rlci9jYWJpbmV0L3dhbGxldC9ibXcwMDA3XzEzLmpwZyIgd2lkdGg9IjcwMCIgaGVpZ2h0PSI3MDAiPjxicj4KPGJyPgo8YnI+Cjxicj4KPGJyPgo8YnI+CjxpbWcgYm9yZGVyPSIwIiBzcmM9Imh0dHA6Ly9pbWFnZS5yYWt1dGVuLmNvLmpwL2JhZW1hc3Rlci9jYWJpbmV0L3dhbGxldC9ibXcwMDA3XzMuanBnIiB3aWR0aD0iNzAwIiBoZWlnaHQ9IjcwMCI+PGJyPgo8YnI+Cjxicj4KPGJyPgo8YnI+CjxpbWcgYm9yZGVyPSIwIiBzcmM9Imh0dHA6Ly9pbWFnZS5yYWt1dGVuLmNvLmpwL2JhZW1hc3Rlci9jYWJpbmV0L3dhbGxldC9ibXcwMDA3XzQuanBnIiB3aWR0aD0iNzAwIiBoZWlnaHQ9IjEwNTciPjxicj4KPGJyPgo8YnI+Cjxicj4KPGJyPgo8cD4KPGltZyBib3JkZXI9IjAiIHNyYz0iaHR0cDovL2ltYWdlLnJha3V0ZW4uY28uanAvYmFlbWFzdGVyL2NhYmluZXQvd2FsbGV0L2JtdzAwMDdfNS5qcGciIHdpZHRoPSI3MDAiIGhlaWdodD0iNzAwIj48YnI+Cjxicj4KPGJyPgo8YnI+Cjxicj4KPGltZyBib3JkZXI9IjAiIHNyYz0iaHR0cDovL2ltYWdlLnJha3V0ZW4uY28uanAvYmFlbWFzdGVyL2NhYmluZXQvd2FsbGV0L2JtdzAwMDdfNi5qcGciIHdpZHRoPSI3MDAiIGhlaWdodD0iNzAwIj48YnI+Cjxicj4KPGJyPgo8YnI+Cjxicj4KPGltZyBib3JkZXI9IjAiIHNyYz0iaHR0cDovL2ltYWdlLnJha3V0ZW4uY28uanAvYmFlbWFzdGVyL2NhYmluZXQvd2FsbGV0L2JtdzAwMDdfNy5qcGciIHdpZHRoPSI3MDAiIGhlaWdodD0iNzAwIj48YnI+Cjxicj4KPGJyPgo8YnI+Cjxicj4KPGltZyBib3JkZXI9IjAiIHNyYz0iaHR0cDovL2ltYWdlLnJha3V0ZW4uY28uanAvYmFlbWFzdGVyL2NhYmluZXQvd2FsbGV0L2JtdzAwMDdfOC5qcGciIHdpZHRoPSI3MDAiIGhlaWdodD0iNzAwIj48YnI+Cjxicj4KPGJyPgo8YnI+Cjxicj4KPGltZyBib3JkZXI9IjAiIHNyYz0iaHR0cDovL2ltYWdlLnJha3V0ZW4uY28uanAvYmFlbWFzdGVyL2NhYmluZXQvd2FsbGV0L2JtdzAwMDdfOS5qcGciIHdpZHRoPSI3MDAiIGhlaWdodD0iNzAwIj48YnI+Cjxicj4KPGJyPgo8YnI+Cjxicj4KPGltZyBib3JkZXI9IjAiIHNyYz0iaHR0cDovL2ltYWdlLnJha3V0ZW4uY28uanAvYmFlbWFzdGVyL2NhYmluZXQvd2FsbGV0L2JtdzAwMDdfMTIuanBnIiB3aWR0aD0iNzAwIiBoZWlnaHQ9IjcwMCI+PGJyPgrilqDntKDmnZDvvJpQVeODrOOCtuODvDxicj4KPGJyPgrilqDlhagxNeOCq+ODqeODvDxicj4K44Op44OZ44Oz44OA44O8PGZvbnQgY29sb3I9IiNGRjAwMDAiPiBORVc8L2ZvbnQ+PGJyPgrjg6zjg4Pjg4k8Zm9udCBjb2xvcj0iI0ZGMDAwMCI+IE5FVzwvZm9udD48YnI+CuOCreODo+ODoeODqzxmb250IGNvbG9yPSIjRkYwMDAwIj4gTkVXPC9mb250Pjxicj4K44OZ44O844K444OlPGZvbnQgY29sb3I9IiNGRjAwMDAiPiBORVc8L2ZvbnQ+PGJyPgrjg6njgqTjg4jjg5bjg6vjg7w8Zm9udCBjb2xvcj0iI0ZGMDAwMCI+IE5FVzwvZm9udD48YnI+CuOCqOODoeODqeODq+ODieOCsOODquODvOODszxmb250IGNvbG9yPSIjRkYwMDAwIj4gTkVXPC9mb250Pjxicj4K44Kw44Os44O8PGZvbnQgY29sb3I9IiNGRjAwMDAiPiBORVc8L2ZvbnQ+PGJyPgrjg6/jgqTjg7M8YnI+CuODluODq+ODvDxicj4K44OW44Op44OD44KvPGJyPgrjg5bjg6njgqbjg7M8YnI+CuOCquODrOODs+OCuDxicj4K44Kw44Oq44O844OzPGJyPgrjg5Tjg7Pjgq88YnI+CuODreODvOOCujxicj4KPGJyPgrilqDjgrXjgqTjgro8YnI+CjEwLjHDlzE5LjbDlzIuNWNtPGJyPgo8YnI+CuKWoOmHjemHjzxicj4KMC4xN2tnPGJyPgo8YnI+CuKWoOS7leanmDxicj4K57SZ5bmj5YWl44KMw5cxPGJyPgrjgqvjg7zjg4nlhaXjgozDlzEyPGJyPgrlsI/piq3lhaXjgozDlzE8YnI+CklE44Kr44O844OJ5YWl44KMw5cxIDxicj4K44Od44Kx44OD44OIw5czPGJyPjx0YWJsZSBib3JkZXI9IjAiIHdpZHRoPSI3MzAiIGNlbGxzcGFjaW5nPSIwIiBjZWxscGFkZGluZz0iMCI+PHRyPjx0ZCBiZ2NvbG9yPSIjRkZGRkZGIj48cCBhbGlnbj0iY2VudGVyIj4KCTxpbWcgYm9yZGVyPSIwIiBzcmM9Imh0dHA6Ly93d3cucmFrdXRlbi5uZS5qcC9nb2xkL2JhZW1hc3Rlci9pbWcvZmVhdHVyZS5naWYiIHdpZHRoPSI3MzAiIGhlaWdodD0iNjAiPjxicj4KCTxicj4KCQoJPGltZyBib3JkZXI9IjAiIHNyYz0iaHR0cDovL3d3dy5yYWt1dGVuLm5lLmpwL2dvbGQvYmFlbWFzdGVyL2ltZy9zbGlkZTExLmpwZyIgd2lkdGg9IjcwMCIgaGVpZ2h0PSIzMTUiPjxicj4KCTxicj48L3RkPjwvdHI+PC90YWJsZT48dGFibGUgYm9yZGVyPSIwIiB3aWR0aD0iNzMwIiBjZWxscGFkZGluZz0iMCI+PHRyPjx0ZCBhbGlnbj0ibGVmdCIgY29sc3Bhbj0iNCI+PGltZyBib3JkZXI9IjAiIHNyYz0iaHR0cDovL3d3dy5yYWt1dGVuLm5lLmpwL2dvbGQvYmFlbWFzdGVyL2ltZy9yYW5raW5nLnBuZyIgd2lkdGg9IjE2MCIgaGVpZ2h0PSIzNCI+PC90ZD48L3RyPjx0cj48dGQgYWxpZ249ImxlZnQiPjxpbWcgYm9yZGVyPSIwIiBzcmM9Imh0dHA6Ly93d3cucmFrdXRlbi5uZS5qcC9nb2xkL2JhZW1hc3Rlci9pbWcvcjAxLmdpZiIgd2lkdGg9IjU5IiBoZWlnaHQ9IjE4Ij48L3RkPjx0ZCBhbGlnbj0ibGVmdCI+PGltZyBib3JkZXI9IjAiIHNyYz0iaHR0cDovL3d3dy5yYWt1dGVuLm5lLmpwL2dvbGQvYmFlbWFzdGVyL2ltZy9yMDIuZ2lmIiB3aWR0aD0iNTgiIGhlaWdodD0iMTgiPjwvdGQ+PHRkIGFsaWduPSJsZWZ0Ij48aW1nIGJvcmRlcj0iMCIgc3JjPSJodHRwOi8vd3d3LnJha3V0ZW4ubmUuanAvZ29sZC9iYWVtYXN0ZXIvaW1nL3IwMy5naWYiIHdpZHRoPSI2MCIgaGVpZ2h0PSIxOCI+PC90ZD48dGQgYWxpZ249ImxlZnQiPjxpbWcgYm9yZGVyPSIwIiBzcmM9Imh0dHA6Ly93d3cucmFrdXRlbi5uZS5qcC9nb2xkL2JhZW1hc3Rlci9pbWcvcjA0LmdpZiIgd2lkdGg9IjM5IiBoZWlnaHQ9IjE4Ij48L3RkPjwvdHI+PHRyPjx0ZCBhbGlnbj0iY2VudGVyIj4KCQoJPGltZyBib3JkZXI9IjAiIHNyYz0iaHR0cDovL2ltYWdlLnJha3V0ZW4uY28uanAvYmFlbWFzdGVyL2NhYmluZXQvd2FsbGV0L2JtdzAwNjNfMS5qcGciIHdpZHRoPSIxNzAiIGhlaWdodD0iMTcwIj48L3RkPjx0ZCBhbGlnbj0iY2VudGVyIj4KCQoJPGltZyBib3JkZXI9IjAiIHNyYz0iaHR0cDovL2ltYWdlLnJha3V0ZW4uY28uanAvYmFlbWFzdGVyL2NhYmluZXQvd2FsbGV0L2JtdzAwMjlfMS5qcGciIHdpZHRoPSIxNzAiIGhlaWdodD0iMTcwIj48L3RkPjx0ZCBhbGlnbj0iY2VudGVyIj4KCQoJPGltZyBib3JkZXI9IjAiIHNyYz0iaHR0cDovL2ltYWdlLnJha3V0ZW4uY28uanAvYmFlbWFzdGVyL2NhYmluZXQvd2FsbGV0L2JtdzAwMThfMS5qcGciIHdpZHRoPSIxNzAiIGhlaWdodD0iMTcwIj48L3RkPjx0ZCBhbGlnbj0iY2VudGVyIj4KCQoJPGltZyBib3JkZXI9IjAiIHNyYz0iaHR0cDovL2ltYWdlLnJha3V0ZW4uY28uanAvYmFlbWFzdGVyL2NhYmluZXQvd2FsbGV0L2JtdzAwODJfMS5qcGciIHdpZHRoPSIxNzAiIGhlaWdodD0iMTcwIj48L3RkPjwvdHI+PC90YWJsZT48cD48YnI+PGJyPjxpbWcgYm9yZGVyPSIwIiBzcmM9Imh0dHA6Ly93d3cucmFrdXRlbi5uZS5qcC9nb2xkL2JhZW1hc3Rlci9pbWcvc20tcmVjby5naWYiIHdpZHRoPSI3MzAiIGhlaWdodD0iNjAiPjwvcD48dGFibGUgYm9yZGVyPSIwIiB3aWR0aD0iNzMwIiBjZWxsc3BhY2luZz0iMTAiIGNlbGxwYWRkaW5nPSIwIj48dHI+PHRkIGFsaWduPSJjZW50ZXIiPgoJCgk8aW1nIGJvcmRlcj0iMCIgc3JjPSJodHRwOi8vaW1hZ2UucmFrdXRlbi5jby5qcC9iYWVtYXN0ZXIvY2FiaW5ldC93YWxsZXQvYm13MDA3M18xLmpwZyIgd2lkdGg9IjM1MCIgaGVpZ2h0PSIzNTAiPjwvdGQ+PHRkIGFsaWduPSJjZW50ZXIiPgoJCgk8aW1nIGJvcmRlcj0iMCIgc3JjPSJodHRwOi8vaW1hZ2UucmFrdXRlbi5jby5qcC9iYWVtYXN0ZXIvY2FiaW5ldC93YWxsZXQvYm13MDAzOV8xLmpwZyIgd2lkdGg9IjM1MCIgaGVpZ2h0PSIzNTAiPjwvdGQ+PC90cj48dHI+PHRkIGFsaWduPSJjZW50ZXIiIGJnY29sb3I9IiNEQkI4OTUiPjxmb250IGZhY2U9IuODoeOCpOODquOCqiIgc3R5bGU9ImZvbnQtc2l6ZTogOXB0IiBjb2xvcj0iI0ZGRkZGRiI+44CQRlJFRSBTSElQUElOR+OAkTxicj4KCQnjg6njgqbjg7Pjg4laSVDosqHluIM8L2ZvbnQ+PC90ZD48dGQgYWxpZ249ImNlbnRlciIgYmdjb2xvcj0iI0RCQjg5NSI+PGZvbnQgZmFjZT0i44Oh44Kk44Oq44KqIiBzdHlsZT0iZm9udC1zaXplOiA5cHQiIGNvbG9yPSIjRkZGRkZGIj4KCQnjgJBGUkVFIFNISVBQSU5H44CRPGJyPgoJCUJJR+OCteOCpOOCuumVt+iyoeW4gzwvZm9udD48L3RkPjwvdHI+PHRyPjx0ZCBhbGlnbj0icmlnaHQiIGJnY29sb3I9IiNGRkZGRkYiIGNvbHNwYW49IjIiPjxpbWcgYm9yZGVyPSIwIiBzcmM9Imh0dHA6Ly93d3cucmFrdXRlbi5uZS5qcC9nb2xkL2JhZW1hc3Rlci9pbWcvbW9yZWJuLmdpZiIgd2lkdGg9IjE2NyIgaGVpZ2h0PSI0MyI+PC90ZD48L3RyPjwvdGFibGU+PHRhYmxlIGJvcmRlcj0iMCIgd2lkdGg9IjczMCIgY2VsbHBhZGRpbmc9IjAiIGNlbGxzcGFjaW5nPSIxMCI+PHRyPjx0ZCBhbGlnbj0ibGVmdCIgY29sc3Bhbj0iNCI+PGJyPjxpbWcgYm9yZGVyPSIwIiBzcmM9Imh0dHA6Ly93d3cucmFrdXRlbi5uZS5qcC9nb2xkL2JhZW1hc3Rlci9pbWcvTkVXQVJSSVZBTC5wbmciIHdpZHRoPSIxMTgiIGhlaWdodD0iMjciPjwvdGQ+PC90cj48dHI+Cjx0ZCBhbGlnbj0iY2VudGVyIj4KPGltZyBib3JkZXI9IjAiIHNyYz0iaHR0cHM6Ly9pbWFnZS5yYWt1dGVuLmNvLmpwL2JhZW1hc3Rlci9jYWJpbmV0L3dhbGxldC9ibXcwMTk1XzEuanBnIiB3aWR0aD0iMTcwIiBoZWlnaHQ9IjE3MCI+PC90ZD4KPHRkIGFsaWduPSJjZW50ZXIiPgo8aW1nIGJvcmRlcj0iMCIgc3JjPSJodHRwczovL2ltYWdlLnJha3V0ZW4uY28uanAvYmFlbWFzdGVyL2NhYmluZXQvd2FsbGV0L2JtdzAxODhfMS5qcGciIHdpZHRoPSIxNzAiIGhlaWdodD0iMTcwIj48L3RkPgo8dGQgYWxpZ249ImNlbnRlciI+CjxpbWcgYm9yZGVyPSIwIiBzcmM9Imh0dHBzOi8vaW1hZ2UucmFrdXRlbi5jby5qcC9iYWVtYXN0ZXIvY2FiaW5ldC93YWxsZXQvYm13MDE5NF8xLmpwZyIgd2lkdGg9IjE3MCIgaGVpZ2h0PSIxNzAiPjwvdGQ+Cjx0ZCBhbGlnbj0iY2VudGVyIj4KPGltZyBib3JkZXI9IjAiIHNyYz0iaHR0cHM6Ly9pbWFnZS5yYWt1dGVuLmNvLmpwL2JhZW1hc3Rlci9jYWJpbmV0L3dhbGxldC9ibXcwMTkxXzEuanBnIiB3aWR0aD0iMTcwIiBoZWlnaHQ9IjE3MCI+PC90ZD48L3RyPjx0cj48dGQgYWxpZ249ImNlbnRlciIgYmdjb2xvcj0iI0RCQjg5NSI+Cgk8Zm9udCBmYWNlPSLjg6HjgqTjg6rjgqoiIHN0eWxlPSJmb250LXNpemU6IDlwdCIgY29sb3I9IiNGRkZGRkYiPuacrOmdqeODrOOCtuODvOOCquOCpOODq+ODjOODoTwvZm9udD48L3RkPjx0ZCBhbGlnbj0iY2VudGVyIiBiZ2NvbG9yPSIjREJCODk1Ij4KCTxmb250IGZhY2U9IuODoeOCpOODquOCqiIgc3R5bGU9ImZvbnQtc2l6ZTogOXB0IiBjb2xvcj0iI0ZGRkZGRiI+5pys6Z2p44Os44K244O844Kq44Kk44Or44OM44OhPC9mb250PjwvdGQ+PHRkIGFsaWduPSJjZW50ZXIiIGJnY29sb3I9IiNEQkI4OTUiPgoJPGZvbnQgZmFjZT0i44Oh44Kk44Oq44KqIiBzdHlsZT0iZm9udC1zaXplOiA5cHQiIGNvbG9yPSIjRkZGRkZGIj7mnKzpnanjg6zjgrbjg7zjgq3jg7zjgrHjg7zjgrk8L2ZvbnQ+PC90ZD48dGQgYWxpZ249ImNlbnRlciIgYmdjb2xvcj0iI0RCQjg5NSI+Cgk8Zm9udCBmYWNlPSLjg6HjgqTjg6rjgqoiIHN0eWxlPSJmb250LXNpemU6IDlwdCIgY29sb3I9IiNGRkZGRkYiPuacrOmdqeODrOOCtuODvOOCquOCpOODq+ODjOODoTwvZm9udD48L3RkPjwvdHI+PHRyPjx0ZCBhbGlnbj0icmlnaHQiIGJnY29sb3I9IiNGRkZGRkYiIGNvbHNwYW49IjQiPgoJPGltZyBib3JkZXI9IjAiIHNyYz0iaHR0cDovL3d3dy5yYWt1dGVuLm5lLmpwL2dvbGQvYmFlbWFzdGVyL2ltZy9tb3JlYm4uZ2lmIiB3aWR0aD0iMTY3IiBoZWlnaHQ9IjQzIj48L3RkPjwvdHI+PHRyPjx0ZCBhbGlnbj0icmlnaHQiIGJnY29sb3I9IiNGRkZGRkYiIGNvbHNwYW49IjQiPgoJPGJyPgoJPGJyPgoJCgk8aW1nIGJvcmRlcj0iMCIgc3JjPSJodHRwOi8vd3d3LnJha3V0ZW4ubmUuanAvZ29sZC9iYWVtYXN0ZXIvaW1nL3NsaWRlMTIuanBnIiB3aWR0aD0iNzAwIiBoZWlnaHQ9IjMxNSI+PGJyPgrjgIA8L3RkPjwvdHI+PHRyPjx0ZCBhbGlnbj0icmlnaHQiIGJnY29sb3I9IiNGRkZGRkYiIGNvbHNwYW49IjQiPgoJCgk8aW1nIGJvcmRlcj0iMCIgc3JjPSJodHRwOi8vd3d3LnJha3V0ZW4ubmUuanAvZ29sZC9iYWVtYXN0ZXIvaW1nLzAwMjlibmF3NzAwLmpwZyIgd2lkdGg9IjcwMCIgaGVpZ2h0PSIzMzEiPjxicj4K44CAPC90ZD48L3RyPjx0cj48dGQgYWxpZ249InJpZ2h0IiBiZ2NvbG9yPSIjRkZGRkZGIiBjb2xzcGFuPSI0IiBoZWlnaHQ9IjI3Ij4KCQoJPGltZyBib3JkZXI9IjAiIHNyYz0iaHR0cDovL3d3dy5yYWt1dGVuLm5lLmpwL2dvbGQvYmFlbWFzdGVyL2ltZy8wMDA3Ym5hdzcwMC5qcGciIHdpZHRoPSI3MDAiIGhlaWdodD0iMzE1Ij48YnI+CuOAgDwvdGQ+PC90cj48dHI+PHRkIGFsaWduPSJyaWdodCIgYmdjb2xvcj0iI0ZGRkZGRiIgY29sc3Bhbj0iNCI+CgkKCTxpbWcgYm9yZGVyPSIwIiBzcmM9Imh0dHA6Ly93d3cucmFrdXRlbi5uZS5qcC9nb2xkL2JhZW1hc3Rlci9pbWcvMDE3N2JuYXc3MDAuanBnIiB3aWR0aD0iNzAwIiBoZWlnaHQ9IjMxNSI+PC90ZD48L3RyPjwvdGFibGU+Cgk8cD7jgIA8L3A+,44Oh44O844Or5L6/6YCB5paZ54Sh5paZIOWPr+aEm+OBhCDosqHluIMg44Os44OH44Kj44O844K5IOmVt+iyoeW4gyDjg6rjg5zjg7Mg5LqM44Gk5oqY44KK77yaQkFFbWFzdGVy,6ZW36LKh5biD5pys6Z2p44Os44K244O844Oq44Ol44OD44Kv5bi95a2Q44OP44OD44OI44OI44O844OI44OQ44OD44KwaVBob25l44Oh44O844Or5L6/6YCB5paZ54Sh5paZIOWPr+aEm+OBhCDosqHluIMg44Os44OH44Kj44O844K5IOmVt+iyoeW4gyDjg6rjg5zjg7Mg5LqM44Gk5oqY44KK,44Oh44O844Or5L6/6YCB5paZ54Sh5paZIOKAu+S7o+W8leOBjeOBr+ODoeODvOODq+S+v+S4jeWPr+OAgumAgeaWmeWIpemAlOW/heimgeOAguODoeODvOODq+S+v+mAgeaWmeeEoeaWmSDlj6/mhJvjgYQg6LKh5biDIOODrOODh+OCo+ODvOOCuSDplbfosqHluIMg44Oq44Oc44OzIOS6jOOBpOaKmOOCig==[rn]
39-76450,aHR0cDovL3RzaG9wLnIxMHMuanAvYmFlbWFzdGVyL2NhYmluZXQvd2FsbGV0L2JtdzAxMThfMS5qcGc/Zml0aW49NzAwOjcwMA==,MTAzNi44MDAw,,44OQ44OD44Kw44O75bCP54mp44O744OW44Op44Oz44OJ6ZuR6LKoID4g6LKh5biD44O744Kx44O844K5ID4g44Os44OH44Kj44O844K56LKh5biD,44Oh44O844Or5L6/6YCB5paZ54Sh5paZIOWPr+aEm+OBhCDosqHluIMg44Os44OH44Kj44O844K5IOmVt+iyoeW4gyDlpKflrrnph48g44KE44KP44KJ44GL57Sg5p2QIOOCueODiOODqeODg+ODlw==,44Oh44O844Or5L6/6YCB5paZ54Sh5paZIOKAu+S7o+W8leOBjeOBr+ODoeODvOODq+S+v+S4jeWPr+OAgumAgeaWmeWIpemAlOW/heimgQ==,PHA+CjxpbWcgYm9yZGVyPSIwIiBzcmM9Imh0dHA6Ly9pbWFnZS5yYWt1dGVuLmNvLmpwL2JhZW1hc3Rlci9jYWJpbmV0L3dhbGxldC9ibXcwMTE4XzEuanBnIiB3aWR0aD0iNzAwIiBoZWlnaHQ9IjcwMCI+PGJyPgo8YnI+Cjxicj4KPGJyPgo8YnI+CjxpbWcgYm9yZGVyPSIwIiBzcmM9Imh0dHA6Ly9pbWFnZS5yYWt1dGVuLmNvLmpwL2JhZW1hc3Rlci9jYWJpbmV0L3dhbGxldC9ibXcwMTE4XzIuanBnIiB3aWR0aD0iNzAwIiBoZWlnaHQ9IjkwMCI+PGJyPgo8YnI+Cjxicj4KPGJyPgo8YnI+CjxpbWcgYm9yZGVyPSIwIiBzcmM9Imh0dHA6Ly9pbWFnZS5yYWt1dGVuLmNvLmpwL2JhZW1hc3Rlci9jYWJpbmV0L3dhbGxldC9ibXcwMTE4XzMuanBnIiB3aWR0aD0iNzAwIiBoZWlnaHQ9Ijg1MCI+PGJyPgo8YnI+Cjxicj4KPGJyPgo8YnI+CjxpbWcgYm9yZGVyPSIwIiBzcmM9Imh0dHA6Ly9pbWFnZS5yYWt1dGVuLmNvLmpwL2JhZW1hc3Rlci9jYWJpbmV0L3dhbGxldC9ibXcwMTE4XzQuanBnIiB3aWR0aD0iNzAwIiBoZWlnaHQ9IjgwMCI+PGJyPgo8YnI+Cjxicj4KPGJyPgo8YnI+CjxpbWcgYm9yZGVyPSIwIiBzcmM9Imh0dHA6Ly9pbWFnZS5yYWt1dGVuLmNvLmpwL2JhZW1hc3Rlci9jYWJpbmV0L3dhbGxldC9ibXcwMTE4XzUuanBnIiB3aWR0aD0iNzAwIiBoZWlnaHQ9IjcwMCI+PGJyPgo8YnI+Cjxicj4KPGJyPgo8YnI+CjxpbWcgYm9yZGVyPSIwIiBzcmM9Imh0dHA6Ly9pbWFnZS5yYWt1dGVuLmNvLmpwL2JhZW1hc3Rlci9jYWJpbmV0L3dhbGxldC9ibXcwMTE4XzYuanBnIiB3aWR0aD0iNzAwIiBoZWlnaHQ9IjcwMCI+PGJyPgo8YnI+Cjxicj4KPGJyPgo8YnI+CjxpbWcgYm9yZGVyPSIwIiBzcmM9Imh0dHA6Ly9pbWFnZS5yYWt1dGVuLmNvLmpwL2JhZW1hc3Rlci9jYWJpbmV0L3dhbGxldC9ibXcwMTE4XzcuanBnIiB3aWR0aD0iNzAwIiBoZWlnaHQ9IjcwMCI+PGJyPgo8YnI+Cjxicj4KPGJyPgo8YnI+CjxpbWcgYm9yZGVyPSIwIiBzcmM9Imh0dHA6Ly9pbWFnZS5yYWt1dGVuLmNvLmpwL2JhZW1hc3Rlci9jYWJpbmV0L3dhbGxldC9ibXcwMTE4XzguanBnIiB3aWR0aD0iNzAwIiBoZWlnaHQ9IjcwMCI+PGJyPgo8YnI+Cjxicj4KPGJyPgo8YnI+CjxpbWcgYm9yZGVyPSIwIiBzcmM9Imh0dHA6Ly9pbWFnZS5yYWt1dGVuLmNvLmpwL2JhZW1hc3Rlci9jYWJpbmV0L3dhbGxldC9ibXcwMTE4XzkuanBnIiB3aWR0aD0iNzAwIiBoZWlnaHQ9IjcwMCI+PGJyPgo8YnI+Cjxicj4KPGJyPgo8YnI+CjxpbWcgYm9yZGVyPSIwIiBzcmM9Imh0dHA6Ly9pbWFnZS5yYWt1dGVuLmNvLmpwL2JhZW1hc3Rlci9jYWJpbmV0L3dhbGxldC9ibXcwMTE4XzEwLmpwZyIgd2lkdGg9IjcwMCIgaGVpZ2h0PSI3MDAiPjxicj4KPGJyPgo8YnI+Cjxicj4KPGJyPgo8aW1nIGJvcmRlcj0iMCIgc3JjPSJodHRwOi8vaW1hZ2UucmFrdXRlbi5jby5qcC9iYWVtYXN0ZXIvY2FiaW5ldC93YWxsZXQvYm13MDExOF8xMS5qcGciIHdpZHRoPSI3MDAiIGhlaWdodD0iNzAwIj48YnI+Cjxicj4KPGJyPgo8YnI+Cjxicj4KPGltZyBib3JkZXI9IjAiIHNyYz0iaHR0cDovL2ltYWdlLnJha3V0ZW4uY28uanAvYmFlbWFzdGVyL2NhYmluZXQvd2FsbGV0L2JtdzAxMThfMTIuanBnIiB3aWR0aD0iNzAwIiBoZWlnaHQ9IjcwMCI+PGJyPgo8YnI+Cjxicj4KPGJyPgo8YnI+CjxpbWcgYm9yZGVyPSIwIiBzcmM9Imh0dHA6Ly9pbWFnZS5yYWt1dGVuLmNvLmpwL2JhZW1hc3Rlci9jYWJpbmV0L3dhbGxldC9ibXcwMTE4XzEzLmpwZyIgd2lkdGg9IjcwMCIgaGVpZ2h0PSI3MDAiPjxicj4KPGJyPgo8YnI+Cjxicj4KPGJyPgo8aW1nIGJvcmRlcj0iMCIgc3JjPSJodHRwOi8vaW1hZ2UucmFrdXRlbi5jby5qcC9iYWVtYXN0ZXIvY2FiaW5ldC93YWxsZXQvYm13MDExOF8xNC5qcGciIHdpZHRoPSI3MDAiIGhlaWdodD0iNzAwIj48L3A+CjxwPuOCq+ODqeODvDxicj4K44Ot44O844K6PGJyPgrjg6njgqTjg4jjgrDjg6rjg7zjg7M8YnI+CuODluODqeOCpuODszxicj4K44ON44Kk44OT44O8PGJyPgrjg6zjg4Pjg4k8YnI+CuODluODqeODg+OCrzxicj4K44Kw44Oq44O844OzPGJyPgrjg5njg7zjgrjjg6U8YnI+Cjxicj4K57Sg5p2QPGJyPgrpq5jntJpQVeODrOOCtuODvDxicj4KPGJyPgrjgrXjgqTjgro8YnI+CjE4LjXDlzkuM2NtPGJyPgo8YnI+CuS7leanmDxicj4K44Kr44O844OJ5YWl44KMw5cxMjxicj4K5bCP6Yqt5YWl44KMw5cxPGJyPgrntJnluaPlhaXjgozDlzI8YnI+CuODneOCseODg+ODiMOXMjxicj4KWklQ44Od44Kx44OD44OIw5cxPC9wPgo8cD7lkIzoibLjgrnjg4jjg6njg4Pjg5fku5jlsZ48L3A+PHRhYmxlIGJvcmRlcj0iMCIgd2lkdGg9IjczMCIgY2VsbHNwYWNpbmc9IjAiIGNlbGxwYWRkaW5nPSIwIj48dHI+PHRkIGJnY29sb3I9IiNGRkZGRkYiPjxwIGFsaWduPSJjZW50ZXIiPgoJPGltZyBib3JkZXI9IjAiIHNyYz0iaHR0cDovL3d3dy5yYWt1dGVuLm5lLmpwL2dvbGQvYmFlbWFzdGVyL2ltZy9mZWF0dXJlLmdpZiIgd2lkdGg9IjczMCIgaGVpZ2h0PSI2MCI+PGJyPgoJPGJyPgoJCgk8aW1nIGJvcmRlcj0iMCIgc3JjPSJodHRwOi8vd3d3LnJha3V0ZW4ubmUuanAvZ29sZC9iYWVtYXN0ZXIvaW1nL3NsaWRlMTEuanBnIiB3aWR0aD0iNzAwIiBoZWlnaHQ9IjMxNSI+PGJyPgoJPGJyPjwvdGQ+PC90cj48L3RhYmxlPjx0YWJsZSBib3JkZXI9IjAiIHdpZHRoPSI3MzAiIGNlbGxwYWRkaW5nPSIwIj48dHI+PHRkIGFsaWduPSJsZWZ0IiBjb2xzcGFuPSI0Ij48aW1nIGJvcmRlcj0iMCIgc3JjPSJodHRwOi8vd3d3LnJha3V0ZW4ubmUuanAvZ29sZC9iYWVtYXN0ZXIvaW1nL3JhbmtpbmcucG5nIiB3aWR0aD0iMTYwIiBoZWlnaHQ9IjM0Ij48L3RkPjwvdHI+PHRyPjx0ZCBhbGlnbj0ibGVmdCI+PGltZyBib3JkZXI9IjAiIHNyYz0iaHR0cDovL3d3dy5yYWt1dGVuLm5lLmpwL2dvbGQvYmFlbWFzdGVyL2ltZy9yMDEuZ2lmIiB3aWR0aD0iNTkiIGhlaWdodD0iMTgiPjwvdGQ+PHRkIGFsaWduPSJsZWZ0Ij48aW1nIGJvcmRlcj0iMCIgc3JjPSJodHRwOi8vd3d3LnJha3V0ZW4ubmUuanAvZ29sZC9iYWVtYXN0ZXIvaW1nL3IwMi5naWYiIHdpZHRoPSI1OCIgaGVpZ2h0PSIxOCI+PC90ZD48dGQgYWxpZ249ImxlZnQiPjxpbWcgYm9yZGVyPSIwIiBzcmM9Imh0dHA6Ly93d3cucmFrdXRlbi5uZS5qcC9nb2xkL2JhZW1hc3Rlci9pbWcvcjAzLmdpZiIgd2lkdGg9IjYwIiBoZWlnaHQ9IjE4Ij48L3RkPjx0ZCBhbGlnbj0ibGVmdCI+PGltZyBib3JkZXI9IjAiIHNyYz0iaHR0cDovL3d3dy5yYWt1dGVuLm5lLmpwL2dvbGQvYmFlbWFzdGVyL2ltZy9yMDQuZ2lmIiB3aWR0aD0iMzkiIGhlaWdodD0iMTgiPjwvdGQ+PC90cj48dHI+PHRkIGFsaWduPSJjZW50ZXIiPgoJCgk8aW1nIGJvcmRlcj0iMCIgc3JjPSJodHRwOi8vaW1hZ2UucmFrdXRlbi5jby5qcC9iYWVtYXN0ZXIvY2FiaW5ldC93YWxsZXQvYm13MDA2M18xLmpwZyIgd2lkdGg9IjE3MCIgaGVpZ2h0PSIxNzAiPjwvdGQ+PHRkIGFsaWduPSJjZW50ZXIiPgoJCgk8aW1nIGJvcmRlcj0iMCIgc3JjPSJodHRwOi8vaW1hZ2UucmFrdXRlbi5jby5qcC9iYWVtYXN0ZXIvY2FiaW5ldC93YWxsZXQvYm13MDAyOV8xLmpwZyIgd2lkdGg9IjE3MCIgaGVpZ2h0PSIxNzAiPjwvdGQ+PHRkIGFsaWduPSJjZW50ZXIiPgoJCgk8aW1nIGJvcmRlcj0iMCIgc3JjPSJodHRwOi8vaW1hZ2UucmFrdXRlbi5jby5qcC9iYWVtYXN0ZXIvY2FiaW5ldC93YWxsZXQvYm13MDAxOF8xLmpwZyIgd2lkdGg9IjE3MCIgaGVpZ2h0PSIxNzAiPjwvdGQ+PHRkIGFsaWduPSJjZW50ZXIiPgoJCgk8aW1nIGJvcmRlcj0iMCIgc3JjPSJodHRwOi8vaW1hZ2UucmFrdXRlbi5jby5qcC9iYWVtYXN0ZXIvY2FiaW5ldC93YWxsZXQvYm13MDA4Ml8xLmpwZyIgd2lkdGg9IjE3MCIgaGVpZ2h0PSIxNzAiPjwvdGQ+PC90cj48L3RhYmxlPjxwPjxicj48YnI+PGltZyBib3JkZXI9IjAiIHNyYz0iaHR0cDovL3d3dy5yYWt1dGVuLm5lLmpwL2dvbGQvYmFlbWFzdGVyL2ltZy9zbS1yZWNvLmdpZiIgd2lkdGg9IjczMCIgaGVpZ2h0PSI2MCI+PC9wPjx0YWJsZSBib3JkZXI9IjAiIHdpZHRoPSI3MzAiIGNlbGxzcGFjaW5nPSIxMCIgY2VsbHBhZGRpbmc9IjAiPjx0cj48dGQgYWxpZ249ImNlbnRlciI+CgkKCTxpbWcgYm9yZGVyPSIwIiBzcmM9Imh0dHA6Ly9pbWFnZS5yYWt1dGVuLmNvLmpwL2JhZW1hc3Rlci9jYWJpbmV0L3dhbGxldC9ibXcwMDczXzEuanBnIiB3aWR0aD0iMzUwIiBoZWlnaHQ9IjM1MCI+PC90ZD48dGQgYWxpZ249ImNlbnRlciI+CgkKCTxpbWcgYm9yZGVyPSIwIiBzcmM9Imh0dHA6Ly9pbWFnZS5yYWt1dGVuLmNvLmpwL2JhZW1hc3Rlci9jYWJpbmV0L3dhbGxldC9ibXcwMDM5XzEuanBnIiB3aWR0aD0iMzUwIiBoZWlnaHQ9IjM1MCI+PC90ZD48L3RyPjx0cj48dGQgYWxpZ249ImNlbnRlciIgYmdjb2xvcj0iI0RCQjg5NSI+PGZvbnQgZmFjZT0i44Oh44Kk44Oq44KqIiBzdHlsZT0iZm9udC1zaXplOiA5cHQiIGNvbG9yPSIjRkZGRkZGIj7jgJBGUkVFIFNISVBQSU5H44CRPGJyPgoJCeODqeOCpuODs+ODiVpJUOiyoeW4gzwvZm9udD48L3RkPjx0ZCBhbGlnbj0iY2VudGVyIiBiZ2NvbG9yPSIjREJCODk1Ij48Zm9udCBmYWNlPSLjg6HjgqTjg6rjgqoiIHN0eWxlPSJmb250LXNpemU6IDlwdCIgY29sb3I9IiNGRkZGRkYiPgoJCeOAkEZSRUUgU0hJUFBJTkfjgJE8YnI+CgkJQklH44K144Kk44K66ZW36LKh5biDPC9mb250PjwvdGQ+PC90cj48dHI+PHRkIGFsaWduPSJyaWdodCIgYmdjb2xvcj0iI0ZGRkZGRiIgY29sc3Bhbj0iMiI+PGltZyBib3JkZXI9IjAiIHNyYz0iaHR0cDovL3d3dy5yYWt1dGVuLm5lLmpwL2dvbGQvYmFlbWFzdGVyL2ltZy9tb3JlYm4uZ2lmIiB3aWR0aD0iMTY3IiBoZWlnaHQ9IjQzIj48L3RkPjwvdHI+PC90YWJsZT48dGFibGUgYm9yZGVyPSIwIiB3aWR0aD0iNzMwIiBjZWxscGFkZGluZz0iMCIgY2VsbHNwYWNpbmc9IjEwIj48dHI+PHRkIGFsaWduPSJsZWZ0IiBjb2xzcGFuPSI0Ij48YnI+PGltZyBib3JkZXI9IjAiIHNyYz0iaHR0cDovL3d3dy5yYWt1dGVuLm5lLmpwL2dvbGQvYmFlbWFzdGVyL2ltZy9ORVdBUlJJVkFMLnBuZyIgd2lkdGg9IjExOCIgaGVpZ2h0PSIyNyI+PC90ZD48L3RyPjx0cj4KPHRkIGFsaWduPSJjZW50ZXIiPgo8aW1nIGJvcmRlcj0iMCIgc3JjPSJodHRwczovL2ltYWdlLnJha3V0ZW4uY28uanAvYmFlbWFzdGVyL2NhYmluZXQvd2FsbGV0L2JtdzAxOTVfMS5qcGciIHdpZHRoPSIxNzAiIGhlaWdodD0iMTcwIj48L3RkPgo8dGQgYWxpZ249ImNlbnRlciI+CjxpbWcgYm9yZGVyPSIwIiBzcmM9Imh0dHBzOi8vaW1hZ2UucmFrdXRlbi5jby5qcC9iYWVtYXN0ZXIvY2FiaW5ldC93YWxsZXQvYm13MDE4OF8xLmpwZyIgd2lkdGg9IjE3MCIgaGVpZ2h0PSIxNzAiPjwvdGQ+Cjx0ZCBhbGlnbj0iY2VudGVyIj4KPGltZyBib3JkZXI9IjAiIHNyYz0iaHR0cHM6Ly9pbWFnZS5yYWt1dGVuLmNvLmpwL2JhZW1hc3Rlci9jYWJpbmV0L3dhbGxldC9ibXcwMTk0XzEuanBnIiB3aWR0aD0iMTcwIiBoZWlnaHQ9IjE3MCI+PC90ZD4KPHRkIGFsaWduPSJjZW50ZXIiPgo8aW1nIGJvcmRlcj0iMCIgc3JjPSJodHRwczovL2ltYWdlLnJha3V0ZW4uY28uanAvYmFlbWFzdGVyL2NhYmluZXQvd2FsbGV0L2JtdzAxOTFfMS5qcGciIHdpZHRoPSIxNzAiIGhlaWdodD0iMTcwIj48L3RkPjwvdHI+PHRyPjx0ZCBhbGlnbj0iY2VudGVyIiBiZ2NvbG9yPSIjREJCODk1Ij4KCTxmb250IGZhY2U9IuODoeOCpOODquOCqiIgc3R5bGU9ImZvbnQtc2l6ZTogOXB0IiBjb2xvcj0iI0ZGRkZGRiI+5pys6Z2p44Os44K244O844Kq44Kk44Or44OM44OhPC9mb250PjwvdGQ+PHRkIGFsaWduPSJjZW50ZXIiIGJnY29sb3I9IiNEQkI4OTUiPgoJPGZvbnQgZmFjZT0i44Oh44Kk44Oq44KqIiBzdHlsZT0iZm9udC1zaXplOiA5cHQiIGNvbG9yPSIjRkZGRkZGIj7mnKzpnanjg6zjgrbjg7zjgqrjgqTjg6vjg4zjg6E8L2ZvbnQ+PC90ZD48dGQgYWxpZ249ImNlbnRlciIgYmdjb2xvcj0iI0RCQjg5NSI+Cgk8Zm9udCBmYWNlPSLjg6HjgqTjg6rjgqoiIHN0eWxlPSJmb250LXNpemU6IDlwdCIgY29sb3I9IiNGRkZGRkYiPuacrOmdqeODrOOCtuODvOOCreODvOOCseODvOOCuTwvZm9udD48L3RkPjx0ZCBhbGlnbj0iY2VudGVyIiBiZ2NvbG9yPSIjREJCODk1Ij4KCTxmb250IGZhY2U9IuODoeOCpOODquOCqiIgc3R5bGU9ImZvbnQtc2l6ZTogOXB0IiBjb2xvcj0iI0ZGRkZGRiI+5pys6Z2p44Os44K244O844Kq44Kk44Or44OM44OhPC9mb250PjwvdGQ+PC90cj48dHI+PHRkIGFsaWduPSJyaWdodCIgYmdjb2xvcj0iI0ZGRkZGRiIgY29sc3Bhbj0iNCI+Cgk8aW1nIGJvcmRlcj0iMCIgc3JjPSJodHRwOi8vd3d3LnJha3V0ZW4ubmUuanAvZ29sZC9iYWVtYXN0ZXIvaW1nL21vcmVibi5naWYiIHdpZHRoPSIxNjciIGhlaWdodD0iNDMiPjwvdGQ+PC90cj48dHI+PHRkIGFsaWduPSJyaWdodCIgYmdjb2xvcj0iI0ZGRkZGRiIgY29sc3Bhbj0iNCI+Cgk8YnI+Cgk8YnI+CgkKCTxpbWcgYm9yZGVyPSIwIiBzcmM9Imh0dHA6Ly93d3cucmFrdXRlbi5uZS5qcC9nb2xkL2JhZW1hc3Rlci9pbWcvc2xpZGUxMi5qcGciIHdpZHRoPSI3MDAiIGhlaWdodD0iMzE1Ij48YnI+CuOAgDwvdGQ+PC90cj48dHI+PHRkIGFsaWduPSJyaWdodCIgYmdjb2xvcj0iI0ZGRkZGRiIgY29sc3Bhbj0iNCI+CgkKCTxpbWcgYm9yZGVyPSIwIiBzcmM9Imh0dHA6Ly93d3cucmFrdXRlbi5uZS5qcC9nb2xkL2JhZW1hc3Rlci9pbWcvMDAyOWJuYXc3MDAuanBnIiB3aWR0aD0iNzAwIiBoZWlnaHQ9IjMzMSI+PGJyPgrjgIA8L3RkPjwvdHI+PHRyPjx0ZCBhbGlnbj0icmlnaHQiIGJnY29sb3I9IiNGRkZGRkYiIGNvbHNwYW49IjQiIGhlaWdodD0iMjciPgoJCgk8aW1nIGJvcmRlcj0iMCIgc3JjPSJodHRwOi8vd3d3LnJha3V0ZW4ubmUuanAvZ29sZC9iYWVtYXN0ZXIvaW1nLzAwMDdibmF3NzAwLmpwZyIgd2lkdGg9IjcwMCIgaGVpZ2h0PSIzMTUiPjxicj4K44CAPC90ZD48L3RyPjx0cj48dGQgYWxpZ249InJpZ2h0IiBiZ2NvbG9yPSIjRkZGRkZGIiBjb2xzcGFuPSI0Ij4KCQoJPGltZyBib3JkZXI9IjAiIHNyYz0iaHR0cDovL3d3dy5yYWt1dGVuLm5lLmpwL2dvbGQvYmFlbWFzdGVyL2ltZy8wMTc3Ym5hdzcwMC5qcGciIHdpZHRoPSI3MDAiIGhlaWdodD0iMzE1Ij48L3RkPjwvdHI+PC90YWJsZT4KCTxwPuOAgDwvcD4=,44Oh44O844Or5L6/6YCB5paZ54Sh5paZIOWPr+aEm+OBhCDosqHluIMg44Os44OH44Kj44O844K5IOmVt+iyoeW4gyDlpKflrrnph48g44KE44KP44KJ44GL57Sg5p2QIOOCueODiOODqeODg+ODl++8mkJBRW1hc3Rlcg==,6ZW36LKh5biD5pys6Z2p44Os44K244O844Oq44Ol44OD44Kv5bi95a2Q44OP44OD44OI44OI44O844OI44OQ44OD44KwaVBob25l44Oh44O844Or5L6/6YCB5paZ54Sh5paZIOWPr+aEm+OBhCDosqHluIMg44Os44OH44Kj44O844K5IOmVt+iyoeW4gyDlpKflrrnph48g44KE44KP44KJ44GL57Sg5p2QIOOCueODiOODqeODg+ODlw==,44Oh44O844Or5L6/6YCB5paZ54Sh5paZIOKAu+S7o+W8leOBjeOBr+ODoeODvOODq+S+v+S4jeWPr+OAgumAgeaWmeWIpemAlOW/heimgeOAguODoeODvOODq+S+v+mAgeaWmeeEoeaWmSDlj6/mhJvjgYQg6LKh5biDIOODrOODh+OCo+ODvOOCuSDplbfosqHluIMg5aSn5a656YePIOOChOOCj+OCieOBi+e0oOadkCDjgrnjg4jjg6njg4Pjg5c=[rn]
39-76451,aHR0cDovL3RzaG9wLnIxMHMuanAvYmFlbWFzdGVyL2NhYmluZXQvd2FsbGV0L2JtdzAxMDBfMS5qcGc/Zml0aW49NzAwOjcwMA==,MTI5Ni4wMDAw,,44OQ44OD44Kw44O75bCP54mp44O744OW44Op44Oz44OJ6ZuR6LKoID4g6LKh5biD44O744Kx44O844K5ID4g44Os44OH44Kj44O844K56LKh5biD,44Oh44O844Or5L6/6YCB5paZ54Sh5paZIOOCs+ODs+ODkeOCr+ODiCDlj6/mhJvjgYQg6LKh5biDIOODrOODh+OCo+ODvOOCuSDkuozjgaTmipjjgoog44OT44K444Ol44O8IOWwj+mKreWFpeOCjOOBguOCiiDjg5/jg4vosqHluIMg44K944OV44OI57Sg5p2Q,44Oh44O844Or5L6/6YCB5paZ54Sh5paZIOiyoeW4gyDjg6zjg4fjgqPjg7zjgrkg5LqM44Gk5oqY44KK,PHA+CjxpbWcgYm9yZGVyPSIwIiBzcmM9Imh0dHA6Ly9pbWFnZS5yYWt1dGVuLmNvLmpwL2JhZW1hc3Rlci9jYWJpbmV0L3dhbGxldC9ibXcwMTAwXzEuanBnIiB3aWR0aD0iNzAwIiBoZWlnaHQ9IjcwMCI+PGJyPgo8YnI+Cjxicj4KPGJyPgo8YnI+CjxpbWcgYm9yZGVyPSIwIiBzcmM9Imh0dHA6Ly9pbWFnZS5yYWt1dGVuLmNvLmpwL2JhZW1hc3Rlci9jYWJpbmV0L3dhbGxldC9ibXcwMTAwXzEyLmpwZyIgd2lkdGg9IjcwMCIgaGVpZ2h0PSI3MDAiPjxicj4KPGJyPgo8YnI+Cjxicj4KPGJyPgo8aW1nIGJvcmRlcj0iMCIgc3JjPSJodHRwOi8vaW1hZ2UucmFrdXRlbi5jby5qcC9iYWVtYXN0ZXIvY2FiaW5ldC93YWxsZXQvYm13MDEwMF8xMy5qcGciIHdpZHRoPSI3MDAiIGhlaWdodD0iNzAwIj48YnI+Cjxicj4KPGJyPgo8YnI+Cjxicj4KPGltZyBib3JkZXI9IjAiIHNyYz0iaHR0cDovL2ltYWdlLnJha3V0ZW4uY28uanAvYmFlbWFzdGVyL2NhYmluZXQvd2FsbGV0L2JtdzAxMDBfMTQuanBnIiB3aWR0aD0iNzAwIiBoZWlnaHQ9IjcwMCI+PGJyPgo8YnI+Cjxicj4KPGJyPgo8YnI+CjxpbWcgYm9yZGVyPSIwIiBzcmM9Imh0dHA6Ly9pbWFnZS5yYWt1dGVuLmNvLmpwL2JhZW1hc3Rlci9jYWJpbmV0L3dhbGxldC9ibXcwMTAwXzE1LmpwZyIgd2lkdGg9IjcwMCIgaGVpZ2h0PSI3MDAiPjxicj4KPGJyPgo8YnI+Cjxicj4KPGJyPgo8aW1nIGJvcmRlcj0iMCIgc3JjPSJodHRwOi8vaW1hZ2UucmFrdXRlbi5jby5qcC9iYWVtYXN0ZXIvY2FiaW5ldC93YWxsZXQvYm13MDEwMF8xNi5qcGciIHdpZHRoPSI3MDAiIGhlaWdodD0iNzAwIj48YnI+Cjxicj4KPGJyPgo8YnI+Cjxicj4KPGltZyBib3JkZXI9IjAiIHNyYz0iaHR0cDovL2ltYWdlLnJha3V0ZW4uY28uanAvYmFlbWFzdGVyL2NhYmluZXQvd2FsbGV0L2JtdzAxMDBfMTcuanBnIiB3aWR0aD0iNzAwIiBoZWlnaHQ9IjcwMCI+PGJyPgo8YnI+Cjxicj4KPGJyPgo8YnI+CjxpbWcgYm9yZGVyPSIwIiBzcmM9Imh0dHA6Ly9pbWFnZS5yYWt1dGVuLmNvLmpwL2JhZW1hc3Rlci9jYWJpbmV0L3dhbGxldC9ibXcwMTAwXzE4LmpwZyIgd2lkdGg9IjcwMCIgaGVpZ2h0PSI3MDAiPjxicj4KPGJyPgo8YnI+Cjxicj4KPGJyPgo8aW1nIGJvcmRlcj0iMCIgc3JjPSJodHRwOi8vaW1hZ2UucmFrdXRlbi5jby5qcC9iYWVtYXN0ZXIvY2FiaW5ldC93YWxsZXQvYm13MDEwMF8xOS5qcGciIHdpZHRoPSI3MDAiIGhlaWdodD0iNzAwIj48YnI+Cjxicj4KPGJyPgo8YnI+Cjxicj4KPGltZyBib3JkZXI9IjAiIHNyYz0iaHR0cDovL2ltYWdlLnJha3V0ZW4uY28uanAvYmFlbWFzdGVyL2NhYmluZXQvd2FsbGV0L2JtdzAxMDBfMjAuanBnIiB3aWR0aD0iNzAwIiBoZWlnaHQ9IjcwMCI+PGJyPgo8YnI+Cjxicj4KPGJyPgo8YnI+CjxpbWcgYm9yZGVyPSIwIiBzcmM9Imh0dHA6Ly9pbWFnZS5yYWt1dGVuLmNvLmpwL2JhZW1hc3Rlci9jYWJpbmV0L3dhbGxldC9ibXcwMTAwXzIxLmpwZyIgd2lkdGg9IjcwMCIgaGVpZ2h0PSI3MDAiPjxicj4KPGJyPgo8YnI+Cjxicj4KPGJyPgo8aW1nIGJvcmRlcj0iMCIgc3JjPSJodHRwOi8vaW1hZ2UucmFrdXRlbi5jby5qcC9iYWVtYXN0ZXIvY2FiaW5ldC93YWxsZXQvYm13MDEwMF8yMi5qcGciIHdpZHRoPSI3MDAiIGhlaWdodD0iNzAwIj48YnI+Cjxicj4KPGJyPgo8YnI+Cjxicj4KPGltZyBib3JkZXI9IjAiIHNyYz0iaHR0cDovL2ltYWdlLnJha3V0ZW4uY28uanAvYmFlbWFzdGVyL2NhYmluZXQvd2FsbGV0L2JtdzAxMDBfMjMuanBnIiB3aWR0aD0iNzAwIiBoZWlnaHQ9IjcwMCI+PGJyPgo8YnI+Cjxicj4KPGJyPgo8YnI+CjxpbWcgYm9yZGVyPSIwIiBzcmM9Imh0dHA6Ly9pbWFnZS5yYWt1dGVuLmNvLmpwL2JhZW1hc3Rlci9jYWJpbmV0L3dhbGxldC9ibXcwMTAwXzI0LmpwZyIgd2lkdGg9IjcwMCIgaGVpZ2h0PSI3MDAiPjxicj4KPGJyPgo8YnI+Cjxicj4KPGJyPgo8aW1nIGJvcmRlcj0iMCIgc3JjPSJodHRwOi8vaW1hZ2UucmFrdXRlbi5jby5qcC9iYWVtYXN0ZXIvY2FiaW5ldC93YWxsZXQvYm13MDEwMF8yNS5qcGciIHdpZHRoPSI3MDAiIGhlaWdodD0iNzAwIj48L3A+CjxwPgo8aW1nIGJvcmRlcj0iMCIgc3JjPSJodHRwOi8vd3d3LnJha3V0ZW4ubmUuanAvZ29sZC9iYWVtYXN0ZXIvaW1nL2NhdXRpb24uZ2lmIiB3aWR0aD0iNzAwIiBoZWlnaHQ9IjM1MCI+PC9wPgoKPHA+44K144Kk44K6PGJyPgoxMy44w5c5LjXDlzMuNWNtPGJyPgo8YnI+Cue0oOadkDxicj4KUFXjg6zjgrbjg7w8YnI+Cjxicj4K44Kr44Op44O8PGJyPgrjg6njgqTjg4jjg5bjg6vjg7w8YnI+CuODluODq+ODvDxicj4K44Kw44Oq44O844OzPGJyPgrjg6/jgqTjg7Pjg6zjg4Pjg4k8YnI+CuODluODqeOCpuODszxicj4K44Kw44Os44O8PGJyPgrjg5bjg6njg4Pjgq88YnI+Cjxicj4K5LuV5qeYPGJyPgrjgqvjg7zjg4nlhaXjgozDlzEyPGJyPgrlsI/piq3lhaXjgozDlzE8YnI+Cue0meW5o+WFpeOCjMOXMTxicj4K44Od44Kx44OD44OIw5c0PC9wPjx0YWJsZSBib3JkZXI9IjAiIHdpZHRoPSI3MzAiIGNlbGxzcGFjaW5nPSIwIiBjZWxscGFkZGluZz0iMCI+PHRyPjx0ZCBiZ2NvbG9yPSIjRkZGRkZGIj48cCBhbGlnbj0iY2VudGVyIj4KCTxpbWcgYm9yZGVyPSIwIiBzcmM9Imh0dHA6Ly93d3cucmFrdXRlbi5uZS5qcC9nb2xkL2JhZW1hc3Rlci9pbWcvZmVhdHVyZS5naWYiIHdpZHRoPSI3MzAiIGhlaWdodD0iNjAiPjxicj4KCTxicj4KCQoJPGltZyBib3JkZXI9IjAiIHNyYz0iaHR0cDovL3d3dy5yYWt1dGVuLm5lLmpwL2dvbGQvYmFlbWFzdGVyL2ltZy9zbGlkZTExLmpwZyIgd2lkdGg9IjcwMCIgaGVpZ2h0PSIzMTUiPjxicj4KCTxicj48L3RkPjwvdHI+PC90YWJsZT48dGFibGUgYm9yZGVyPSIwIiB3aWR0aD0iNzMwIiBjZWxscGFkZGluZz0iMCI+PHRyPjx0ZCBhbGlnbj0ibGVmdCIgY29sc3Bhbj0iNCI+PGltZyBib3JkZXI9IjAiIHNyYz0iaHR0cDovL3d3dy5yYWt1dGVuLm5lLmpwL2dvbGQvYmFlbWFzdGVyL2ltZy9yYW5raW5nLnBuZyIgd2lkdGg9IjE2MCIgaGVpZ2h0PSIzNCI+PC90ZD48L3RyPjx0cj48dGQgYWxpZ249ImxlZnQiPjxpbWcgYm9yZGVyPSIwIiBzcmM9Imh0dHA6Ly93d3cucmFrdXRlbi5uZS5qcC9nb2xkL2JhZW1hc3Rlci9pbWcvcjAxLmdpZiIgd2lkdGg9IjU5IiBoZWlnaHQ9IjE4Ij48L3RkPjx0ZCBhbGlnbj0ibGVmdCI+PGltZyBib3JkZXI9IjAiIHNyYz0iaHR0cDovL3d3dy5yYWt1dGVuLm5lLmpwL2dvbGQvYmFlbWFzdGVyL2ltZy9yMDIuZ2lmIiB3aWR0aD0iNTgiIGhlaWdodD0iMTgiPjwvdGQ+PHRkIGFsaWduPSJsZWZ0Ij48aW1nIGJvcmRlcj0iMCIgc3JjPSJodHRwOi8vd3d3LnJha3V0ZW4ubmUuanAvZ29sZC9iYWVtYXN0ZXIvaW1nL3IwMy5naWYiIHdpZHRoPSI2MCIgaGVpZ2h0PSIxOCI+PC90ZD48dGQgYWxpZ249ImxlZnQiPjxpbWcgYm9yZGVyPSIwIiBzcmM9Imh0dHA6Ly93d3cucmFrdXRlbi5uZS5qcC9nb2xkL2JhZW1hc3Rlci9pbWcvcjA0LmdpZiIgd2lkdGg9IjM5IiBoZWlnaHQ9IjE4Ij48L3RkPjwvdHI+PHRyPjx0ZCBhbGlnbj0iY2VudGVyIj4KCQoJPGltZyBib3JkZXI9IjAiIHNyYz0iaHR0cDovL2ltYWdlLnJha3V0ZW4uY28uanAvYmFlbWFzdGVyL2NhYmluZXQvd2FsbGV0L2JtdzAwNjNfMS5qcGciIHdpZHRoPSIxNzAiIGhlaWdodD0iMTcwIj48L3RkPjx0ZCBhbGlnbj0iY2VudGVyIj4KCQoJPGltZyBib3JkZXI9IjAiIHNyYz0iaHR0cDovL2ltYWdlLnJha3V0ZW4uY28uanAvYmFlbWFzdGVyL2NhYmluZXQvd2FsbGV0L2JtdzAwMjlfMS5qcGciIHdpZHRoPSIxNzAiIGhlaWdodD0iMTcwIj48L3RkPjx0ZCBhbGlnbj0iY2VudGVyIj4KCQoJPGltZyBib3JkZXI9IjAiIHNyYz0iaHR0cDovL2ltYWdlLnJha3V0ZW4uY28uanAvYmFlbWFzdGVyL2NhYmluZXQvd2FsbGV0L2JtdzAwMThfMS5qcGciIHdpZHRoPSIxNzAiIGhlaWdodD0iMTcwIj48L3RkPjx0ZCBhbGlnbj0iY2VudGVyIj4KCQoJPGltZyBib3JkZXI9IjAiIHNyYz0iaHR0cDovL2ltYWdlLnJha3V0ZW4uY28uanAvYmFlbWFzdGVyL2NhYmluZXQvd2FsbGV0L2JtdzAwODJfMS5qcGciIHdpZHRoPSIxNzAiIGhlaWdodD0iMTcwIj48L3RkPjwvdHI+PC90YWJsZT48cD48YnI+PGJyPjxpbWcgYm9yZGVyPSIwIiBzcmM9Imh0dHA6Ly93d3cucmFrdXRlbi5uZS5qcC9nb2xkL2JhZW1hc3Rlci9pbWcvc20tcmVjby5naWYiIHdpZHRoPSI3MzAiIGhlaWdodD0iNjAiPjwvcD48dGFibGUgYm9yZGVyPSIwIiB3aWR0aD0iNzMwIiBjZWxsc3BhY2luZz0iMTAiIGNlbGxwYWRkaW5nPSIwIj48dHI+PHRkIGFsaWduPSJjZW50ZXIiPgoJCgk8aW1nIGJvcmRlcj0iMCIgc3JjPSJodHRwOi8vaW1hZ2UucmFrdXRlbi5jby5qcC9iYWVtYXN0ZXIvY2FiaW5ldC93YWxsZXQvYm13MDA3M18xLmpwZyIgd2lkdGg9IjM1MCIgaGVpZ2h0PSIzNTAiPjwvdGQ+PHRkIGFsaWduPSJjZW50ZXIiPgoJCgk8aW1nIGJvcmRlcj0iMCIgc3JjPSJodHRwOi8vaW1hZ2UucmFrdXRlbi5jby5qcC9iYWVtYXN0ZXIvY2FiaW5ldC93YWxsZXQvYm13MDAzOV8xLmpwZyIgd2lkdGg9IjM1MCIgaGVpZ2h0PSIzNTAiPjwvdGQ+PC90cj48dHI+PHRkIGFsaWduPSJjZW50ZXIiIGJnY29sb3I9IiNEQkI4OTUiPjxmb250IGZhY2U9IuODoeOCpOODquOCqiIgc3R5bGU9ImZvbnQtc2l6ZTogOXB0IiBjb2xvcj0iI0ZGRkZGRiI+44CQRlJFRSBTSElQUElOR+OAkTxicj4KCQnjg6njgqbjg7Pjg4laSVDosqHluIM8L2ZvbnQ+PC90ZD48dGQgYWxpZ249ImNlbnRlciIgYmdjb2xvcj0iI0RCQjg5NSI+PGZvbnQgZmFjZT0i44Oh44Kk44Oq44KqIiBzdHlsZT0iZm9udC1zaXplOiA5cHQiIGNvbG9yPSIjRkZGRkZGIj4KCQnjgJBGUkVFIFNISVBQSU5H44CRPGJyPgoJCUJJR+OCteOCpOOCuumVt+iyoeW4gzwvZm9udD48L3RkPjwvdHI+PHRyPjx0ZCBhbGlnbj0icmlnaHQiIGJnY29sb3I9IiNGRkZGRkYiIGNvbHNwYW49IjIiPjxpbWcgYm9yZGVyPSIwIiBzcmM9Imh0dHA6Ly93d3cucmFrdXRlbi5uZS5qcC9nb2xkL2JhZW1hc3Rlci9pbWcvbW9yZWJuLmdpZiIgd2lkdGg9IjE2NyIgaGVpZ2h0PSI0MyI+PC90ZD48L3RyPjwvdGFibGU+PHRhYmxlIGJvcmRlcj0iMCIgd2lkdGg9IjczMCIgY2VsbHBhZGRpbmc9IjAiIGNlbGxzcGFjaW5nPSIxMCI+PHRyPjx0ZCBhbGlnbj0ibGVmdCIgY29sc3Bhbj0iNCI+PGJyPjxpbWcgYm9yZGVyPSIwIiBzcmM9Imh0dHA6Ly93d3cucmFrdXRlbi5uZS5qcC9nb2xkL2JhZW1hc3Rlci9pbWcvTkVXQVJSSVZBTC5wbmciIHdpZHRoPSIxMTgiIGhlaWdodD0iMjciPjwvdGQ+PC90cj48dHI+Cjx0ZCBhbGlnbj0iY2VudGVyIj4KPGltZyBib3JkZXI9IjAiIHNyYz0iaHR0cHM6Ly9pbWFnZS5yYWt1dGVuLmNvLmpwL2JhZW1hc3Rlci9jYWJpbmV0L3dhbGxldC9ibXcwMTk1XzEuanBnIiB3aWR0aD0iMTcwIiBoZWlnaHQ9IjE3MCI+PC90ZD4KPHRkIGFsaWduPSJjZW50ZXIiPgo8aW1nIGJvcmRlcj0iMCIgc3JjPSJodHRwczovL2ltYWdlLnJha3V0ZW4uY28uanAvYmFlbWFzdGVyL2NhYmluZXQvd2FsbGV0L2JtdzAxODhfMS5qcGciIHdpZHRoPSIxNzAiIGhlaWdodD0iMTcwIj48L3RkPgo8dGQgYWxpZ249ImNlbnRlciI+CjxpbWcgYm9yZGVyPSIwIiBzcmM9Imh0dHBzOi8vaW1hZ2UucmFrdXRlbi5jby5qcC9iYWVtYXN0ZXIvY2FiaW5ldC93YWxsZXQvYm13MDE5NF8xLmpwZyIgd2lkdGg9IjE3MCIgaGVpZ2h0PSIxNzAiPjwvdGQ+Cjx0ZCBhbGlnbj0iY2VudGVyIj4KPGltZyBib3JkZXI9IjAiIHNyYz0iaHR0cHM6Ly9pbWFnZS5yYWt1dGVuLmNvLmpwL2JhZW1hc3Rlci9jYWJpbmV0L3dhbGxldC9ibXcwMTkxXzEuanBnIiB3aWR0aD0iMTcwIiBoZWlnaHQ9IjE3MCI+PC90ZD48L3RyPjx0cj48dGQgYWxpZ249ImNlbnRlciIgYmdjb2xvcj0iI0RCQjg5NSI+Cgk8Zm9udCBmYWNlPSLjg6HjgqTjg6rjgqoiIHN0eWxlPSJmb250LXNpemU6IDlwdCIgY29sb3I9IiNGRkZGRkYiPuacrOmdqeODrOOCtuODvOOCquOCpOODq+ODjOODoTwvZm9udD48L3RkPjx0ZCBhbGlnbj0iY2VudGVyIiBiZ2NvbG9yPSIjREJCODk1Ij4KCTxmb250IGZhY2U9IuODoeOCpOODquOCqiIgc3R5bGU9ImZvbnQtc2l6ZTogOXB0IiBjb2xvcj0iI0ZGRkZGRiI+5pys6Z2p44Os44K244O844Kq44Kk44Or44OM44OhPC9mb250PjwvdGQ+PHRkIGFsaWduPSJjZW50ZXIiIGJnY29sb3I9IiNEQkI4OTUiPgoJPGZvbnQgZmFjZT0i44Oh44Kk44Oq44KqIiBzdHlsZT0iZm9udC1zaXplOiA5cHQiIGNvbG9yPSIjRkZGRkZGIj7mnKzpnanjg6zjgrbjg7zjgq3jg7zjgrHjg7zjgrk8L2ZvbnQ+PC90ZD48dGQgYWxpZ249ImNlbnRlciIgYmdjb2xvcj0iI0RCQjg5NSI+Cgk8Zm9udCBmYWNlPSLjg6HjgqTjg6rjgqoiIHN0eWxlPSJmb250LXNpemU6IDlwdCIgY29sb3I9IiNGRkZGRkYiPuacrOmdqeODrOOCtuODvOOCquOCpOODq+ODjOODoTwvZm9udD48L3RkPjwvdHI+PHRyPjx0ZCBhbGlnbj0icmlnaHQiIGJnY29sb3I9IiNGRkZGRkYiIGNvbHNwYW49IjQiPgoJPGltZyBib3JkZXI9IjAiIHNyYz0iaHR0cDovL3d3dy5yYWt1dGVuLm5lLmpwL2dvbGQvYmFlbWFzdGVyL2ltZy9tb3JlYm4uZ2lmIiB3aWR0aD0iMTY3IiBoZWlnaHQ9IjQzIj48L3RkPjwvdHI+PHRyPjx0ZCBhbGlnbj0icmlnaHQiIGJnY29sb3I9IiNGRkZGRkYiIGNvbHNwYW49IjQiPgoJPGJyPgoJPGJyPgoJCgk8aW1nIGJvcmRlcj0iMCIgc3JjPSJodHRwOi8vd3d3LnJha3V0ZW4ubmUuanAvZ29sZC9iYWVtYXN0ZXIvaW1nL3NsaWRlMTIuanBnIiB3aWR0aD0iNzAwIiBoZWlnaHQ9IjMxNSI+PGJyPgrjgIA8L3RkPjwvdHI+PHRyPjx0ZCBhbGlnbj0icmlnaHQiIGJnY29sb3I9IiNGRkZGRkYiIGNvbHNwYW49IjQiPgoJCgk8aW1nIGJvcmRlcj0iMCIgc3JjPSJodHRwOi8vd3d3LnJha3V0ZW4ubmUuanAvZ29sZC9iYWVtYXN0ZXIvaW1nLzAwMjlibmF3NzAwLmpwZyIgd2lkdGg9IjcwMCIgaGVpZ2h0PSIzMzEiPjxicj4K44CAPC90ZD48L3RyPjx0cj48dGQgYWxpZ249InJpZ2h0IiBiZ2NvbG9yPSIjRkZGRkZGIiBjb2xzcGFuPSI0IiBoZWlnaHQ9IjI3Ij4KCQoJPGltZyBib3JkZXI9IjAiIHNyYz0iaHR0cDovL3d3dy5yYWt1dGVuLm5lLmpwL2dvbGQvYmFlbWFzdGVyL2ltZy8wMDA3Ym5hdzcwMC5qcGciIHdpZHRoPSI3MDAiIGhlaWdodD0iMzE1Ij48YnI+CuOAgDwvdGQ+PC90cj48dHI+PHRkIGFsaWduPSJyaWdodCIgYmdjb2xvcj0iI0ZGRkZGRiIgY29sc3Bhbj0iNCI+CgkKCTxpbWcgYm9yZGVyPSIwIiBzcmM9Imh0dHA6Ly93d3cucmFrdXRlbi5uZS5qcC9nb2xkL2JhZW1hc3Rlci9pbWcvMDE3N2JuYXc3MDAuanBnIiB3aWR0aD0iNzAwIiBoZWlnaHQ9IjMxNSI+PC90ZD48L3RyPjwvdGFibGU+Cgk8cD7jgIA8L3A+,44Oh44O844Or5L6/6YCB5paZ54Sh5paZIOOCs+ODs+ODkeOCr+ODiCDlj6/mhJvjgYQg6LKh5biDIOODrOODh+OCo+ODvOOCuSDkuozjgaTmipjjgoog44OT44K444Ol44O8IOWwj+mKreWFpeOCjOOBguOCiiDjg5/jg4vosqHluIMg44K944OV44OI57Sg5p2Q77yaQkFFbWFzdGVy,6ZW36LKh5biD5pys6Z2p44Os44K244O844Oq44Ol44OD44Kv5bi95a2Q44OP44OD44OI44OI44O844OI44OQ44OD44KwaVBob25l44Oh44O844Or5L6/6YCB5paZ54Sh5paZIOOCs+ODs+ODkeOCr+ODiCDlj6/mhJvjgYQg6LKh5biDIOODrOODh+OCo+ODvOOCuSDkuozjgaTmipjjgoog44OT44K444Ol44O8IOWwj+mKreWFpeOCjOOBguOCiiDjg5/jg4vosqHluIMg44K944OV44OI57Sg5p2Q,44Oh44O844Or5L6/6YCB5paZ54Sh5paZIOiyoeW4gyDjg6zjg4fjgqPjg7zjgrkg5LqM44Gk5oqY44KK44CC44Oh44O844Or5L6/6YCB5paZ54Sh5paZIOOCs+ODs+ODkeOCr+ODiCDlj6/mhJvjgYQg6LKh5biDIOODrOODh+OCo+ODvOOCuSDkuozjgaTmipjjgoog44OT44K444Ol44O8IOWwj+mKreWFpeOCjOOBguOCiiDjg5/jg4vosqHluIMg44K944OV44OI57Sg5p2Q[rn]
39-76452,aHR0cDovL3RzaG9wLnIxMHMuanAvYmFlbWFzdGVyL2NhYmluZXQvd2FsbGV0L2JtdzAwOTVfMS5qcGc/Zml0aW49NzAwOjcwMA==,MTI5Ni4wMDAw,,44OQ44OD44Kw44O75bCP54mp44O744OW44Op44Oz44OJ6ZuR6LKoID4g6LKh5biD44O744Kx44O844K5ID4g44Os44OH44Kj44O844K56LKh5biD,44Oh44O844Or5L6/6YCB5paZ54Sh5paZIOOCs+ODs+ODkeOCr+ODiCDlj6/mhJvjgYQg6LKh5biDIOODrOODh+OCo+ODvOOCuSDkuozjgaTmipjjgoog5LiJ44Gk5oqY44KKIOWwj+mKreWFpeOCjOOBguOCiiDjg5/jg4vosqHluIMg44K944OV44OI57Sg5p2Q,44Oh44O844Or5L6/6YCB5paZ54Sh5paZIOKAu+S7o+W8leOBjeOBr+ODoeODvOODq+S+v+S4jeWPr+OAgumAgeaWmeWIpemAlOW/heimgQ==,PHA+CjxpbWcgYm9yZGVyPSIwIiBzcmM9Imh0dHA6Ly9pbWFnZS5yYWt1dGVuLmNvLmpwL2JhZW1hc3Rlci9jYWJpbmV0L3dhbGxldC9ibXcwMDk1XzEuanBnIiB3aWR0aD0iNzAwIiBoZWlnaHQ9IjcwMCI+PGJyPgo8YnI+Cjxicj4KPGJyPgo8YnI+CjxpbWcgYm9yZGVyPSIwIiBzcmM9Imh0dHA6Ly9pbWFnZS5yYWt1dGVuLmNvLmpwL2JhZW1hc3Rlci9jYWJpbmV0L3dhbGxldC9ibXcwMDk1XzIuanBnIiB3aWR0aD0iNzAwIiBoZWlnaHQ9IjkwMCI+PGJyPgo8YnI+Cjxicj4KPGJyPgo8YnI+CjxpbWcgYm9yZGVyPSIwIiBzcmM9Imh0dHA6Ly9pbWFnZS5yYWt1dGVuLmNvLmpwL2JhZW1hc3Rlci9jYWJpbmV0L3dhbGxldC9ibXcwMDk1XzMuanBnIiB3aWR0aD0iNzAwIiBoZWlnaHQ9Ijg1MCI+PGJyPgo8YnI+Cjxicj4KPGJyPgo8YnI+CjxpbWcgYm9yZGVyPSIwIiBzcmM9Imh0dHA6Ly9pbWFnZS5yYWt1dGVuLmNvLmpwL2JhZW1hc3Rlci9jYWJpbmV0L3dhbGxldC9ibXcwMDk1XzQuanBnIiB3aWR0aD0iNzAwIiBoZWlnaHQ9IjcwMCI+PGJyPgo8YnI+CjxpbWcgYm9yZGVyPSIwIiBzcmM9Imh0dHA6Ly9pbWFnZS5yYWt1dGVuLmNvLmpwL2JhZW1hc3Rlci9jYWJpbmV0L3dhbGxldC9ibXcwMDk1XzUuanBnIiB3aWR0aD0iNzAwIiBoZWlnaHQ9IjEwMDAiPjxicj4KPGJyPgo8YnI+CjxpbWcgYm9yZGVyPSIwIiBzcmM9Imh0dHA6Ly9pbWFnZS5yYWt1dGVuLmNvLmpwL2JhZW1hc3Rlci9jYWJpbmV0L3dhbGxldC9ibXcwMDk1XzYuanBnIiB3aWR0aD0iNzAwIiBoZWlnaHQ9IjcwMCI+PC9wPgo8cD7jgrXjgqTjgro8YnI+CjEwLjXDlzguNcOXM2NtPGJyPgo8YnI+Cue0oOadkDxicj4KUFXjg6zjgrbjg7w8YnI+Cjxicj4K44Kr44Op44O8PGJyPgrjg6njgqTjg4jjg5Tjg7Pjgq88YnI+CuODreODvOOCujxicj4K44OW44Op44Km44OzPGJyPgrjg4Djg7zjgq/jgrDjg6zjg7w8YnI+CuOCsOODquODvOODszxicj4K44Op44Kk44OI44Kw44Oq44O844OzPGJyPgrjg5bjg6vjg7w8YnI+Cjxicj4K57SZ5bmj5YWl44KMw5cxPGJyPgrlsI/piq3lhaXjgozDlzE8YnI+CuOCq+ODvOODieWFpeOCjMOXMTA8L3A+PHRhYmxlIGJvcmRlcj0iMCIgd2lkdGg9IjczMCIgY2VsbHNwYWNpbmc9IjAiIGNlbGxwYWRkaW5nPSIwIj48dHI+PHRkIGJnY29sb3I9IiNGRkZGRkYiPjxwIGFsaWduPSJjZW50ZXIiPgoJPGltZyBib3JkZXI9IjAiIHNyYz0iaHR0cDovL3d3dy5yYWt1dGVuLm5lLmpwL2dvbGQvYmFlbWFzdGVyL2ltZy9mZWF0dXJlLmdpZiIgd2lkdGg9IjczMCIgaGVpZ2h0PSI2MCI+PGJyPgoJPGJyPgoJCgk8aW1nIGJvcmRlcj0iMCIgc3JjPSJodHRwOi8vd3d3LnJha3V0ZW4ubmUuanAvZ29sZC9iYWVtYXN0ZXIvaW1nL3NsaWRlMTEuanBnIiB3aWR0aD0iNzAwIiBoZWlnaHQ9IjMxNSI+PGJyPgoJPGJyPjwvdGQ+PC90cj48L3RhYmxlPjx0YWJsZSBib3JkZXI9IjAiIHdpZHRoPSI3MzAiIGNlbGxwYWRkaW5nPSIwIj48dHI+PHRkIGFsaWduPSJsZWZ0IiBjb2xzcGFuPSI0Ij48aW1nIGJvcmRlcj0iMCIgc3JjPSJodHRwOi8vd3d3LnJha3V0ZW4ubmUuanAvZ29sZC9iYWVtYXN0ZXIvaW1nL3JhbmtpbmcucG5nIiB3aWR0aD0iMTYwIiBoZWlnaHQ9IjM0Ij48L3RkPjwvdHI+PHRyPjx0ZCBhbGlnbj0ibGVmdCI+PGltZyBib3JkZXI9IjAiIHNyYz0iaHR0cDovL3d3dy5yYWt1dGVuLm5lLmpwL2dvbGQvYmFlbWFzdGVyL2ltZy9yMDEuZ2lmIiB3aWR0aD0iNTkiIGhlaWdodD0iMTgiPjwvdGQ+PHRkIGFsaWduPSJsZWZ0Ij48aW1nIGJvcmRlcj0iMCIgc3JjPSJodHRwOi8vd3d3LnJha3V0ZW4ubmUuanAvZ29sZC9iYWVtYXN0ZXIvaW1nL3IwMi5naWYiIHdpZHRoPSI1OCIgaGVpZ2h0PSIxOCI+PC90ZD48dGQgYWxpZ249ImxlZnQiPjxpbWcgYm9yZGVyPSIwIiBzcmM9Imh0dHA6Ly93d3cucmFrdXRlbi5uZS5qcC9nb2xkL2JhZW1hc3Rlci9pbWcvcjAzLmdpZiIgd2lkdGg9IjYwIiBoZWlnaHQ9IjE4Ij48L3RkPjx0ZCBhbGlnbj0ibGVmdCI+PGltZyBib3JkZXI9IjAiIHNyYz0iaHR0cDovL3d3dy5yYWt1dGVuLm5lLmpwL2dvbGQvYmFlbWFzdGVyL2ltZy9yMDQuZ2lmIiB3aWR0aD0iMzkiIGhlaWdodD0iMTgiPjwvdGQ+PC90cj48dHI+PHRkIGFsaWduPSJjZW50ZXIiPgoJCgk8aW1nIGJvcmRlcj0iMCIgc3JjPSJodHRwOi8vaW1hZ2UucmFrdXRlbi5jby5qcC9iYWVtYXN0ZXIvY2FiaW5ldC93YWxsZXQvYm13MDA2M18xLmpwZyIgd2lkdGg9IjE3MCIgaGVpZ2h0PSIxNzAiPjwvdGQ+PHRkIGFsaWduPSJjZW50ZXIiPgoJCgk8aW1nIGJvcmRlcj0iMCIgc3JjPSJodHRwOi8vaW1hZ2UucmFrdXRlbi5jby5qcC9iYWVtYXN0ZXIvY2FiaW5ldC93YWxsZXQvYm13MDAyOV8xLmpwZyIgd2lkdGg9IjE3MCIgaGVpZ2h0PSIxNzAiPjwvdGQ+PHRkIGFsaWduPSJjZW50ZXIiPgoJCgk8aW1nIGJvcmRlcj0iMCIgc3JjPSJodHRwOi8vaW1hZ2UucmFrdXRlbi5jby5qcC9iYWVtYXN0ZXIvY2FiaW5ldC93YWxsZXQvYm13MDAxOF8xLmpwZyIgd2lkdGg9IjE3MCIgaGVpZ2h0PSIxNzAiPjwvdGQ+PHRkIGFsaWduPSJjZW50ZXIiPgoJCgk8aW1nIGJvcmRlcj0iMCIgc3JjPSJodHRwOi8vaW1hZ2UucmFrdXRlbi5jby5qcC9iYWVtYXN0ZXIvY2FiaW5ldC93YWxsZXQvYm13MDA4Ml8xLmpwZyIgd2lkdGg9IjE3MCIgaGVpZ2h0PSIxNzAiPjwvdGQ+PC90cj48L3RhYmxlPjxwPjxicj48YnI+PGltZyBib3JkZXI9IjAiIHNyYz0iaHR0cDovL3d3dy5yYWt1dGVuLm5lLmpwL2dvbGQvYmFlbWFzdGVyL2ltZy9zbS1yZWNvLmdpZiIgd2lkdGg9IjczMCIgaGVpZ2h0PSI2MCI+PC9wPjx0YWJsZSBib3JkZXI9IjAiIHdpZHRoPSI3MzAiIGNlbGxzcGFjaW5nPSIxMCIgY2VsbHBhZGRpbmc9IjAiPjx0cj48dGQgYWxpZ249ImNlbnRlciI+CgkKCTxpbWcgYm9yZGVyPSIwIiBzcmM9Imh0dHA6Ly9pbWFnZS5yYWt1dGVuLmNvLmpwL2JhZW1hc3Rlci9jYWJpbmV0L3dhbGxldC9ibXcwMDczXzEuanBnIiB3aWR0aD0iMzUwIiBoZWlnaHQ9IjM1MCI+PC90ZD48dGQgYWxpZ249ImNlbnRlciI+CgkKCTxpbWcgYm9yZGVyPSIwIiBzcmM9Imh0dHA6Ly9pbWFnZS5yYWt1dGVuLmNvLmpwL2JhZW1hc3Rlci9jYWJpbmV0L3dhbGxldC9ibXcwMDM5XzEuanBnIiB3aWR0aD0iMzUwIiBoZWlnaHQ9IjM1MCI+PC90ZD48L3RyPjx0cj48dGQgYWxpZ249ImNlbnRlciIgYmdjb2xvcj0iI0RCQjg5NSI+PGZvbnQgZmFjZT0i44Oh44Kk44Oq44KqIiBzdHlsZT0iZm9udC1zaXplOiA5cHQiIGNvbG9yPSIjRkZGRkZGIj7jgJBGUkVFIFNISVBQSU5H44CRPGJyPgoJCeODqeOCpuODs+ODiVpJUOiyoeW4gzwvZm9udD48L3RkPjx0ZCBhbGlnbj0iY2VudGVyIiBiZ2NvbG9yPSIjREJCODk1Ij48Zm9udCBmYWNlPSLjg6HjgqTjg6rjgqoiIHN0eWxlPSJmb250LXNpemU6IDlwdCIgY29sb3I9IiNGRkZGRkYiPgoJCeOAkEZSRUUgU0hJUFBJTkfjgJE8YnI+CgkJQklH44K144Kk44K66ZW36LKh5biDPC9mb250PjwvdGQ+PC90cj48dHI+PHRkIGFsaWduPSJyaWdodCIgYmdjb2xvcj0iI0ZGRkZGRiIgY29sc3Bhbj0iMiI+PGltZyBib3JkZXI9IjAiIHNyYz0iaHR0cDovL3d3dy5yYWt1dGVuLm5lLmpwL2dvbGQvYmFlbWFzdGVyL2ltZy9tb3JlYm4uZ2lmIiB3aWR0aD0iMTY3IiBoZWlnaHQ9IjQzIj48L3RkPjwvdHI+PC90YWJsZT48dGFibGUgYm9yZGVyPSIwIiB3aWR0aD0iNzMwIiBjZWxscGFkZGluZz0iMCIgY2VsbHNwYWNpbmc9IjEwIj48dHI+PHRkIGFsaWduPSJsZWZ0IiBjb2xzcGFuPSI0Ij48YnI+PGltZyBib3JkZXI9IjAiIHNyYz0iaHR0cDovL3d3dy5yYWt1dGVuLm5lLmpwL2dvbGQvYmFlbWFzdGVyL2ltZy9ORVdBUlJJVkFMLnBuZyIgd2lkdGg9IjExOCIgaGVpZ2h0PSIyNyI+PC90ZD48L3RyPjx0cj4KPHRkIGFsaWduPSJjZW50ZXIiPgo8aW1nIGJvcmRlcj0iMCIgc3JjPSJodHRwczovL2ltYWdlLnJha3V0ZW4uY28uanAvYmFlbWFzdGVyL2NhYmluZXQvd2FsbGV0L2JtdzAxOTVfMS5qcGciIHdpZHRoPSIxNzAiIGhlaWdodD0iMTcwIj48L3RkPgo8dGQgYWxpZ249ImNlbnRlciI+CjxpbWcgYm9yZGVyPSIwIiBzcmM9Imh0dHBzOi8vaW1hZ2UucmFrdXRlbi5jby5qcC9iYWVtYXN0ZXIvY2FiaW5ldC93YWxsZXQvYm13MDE4OF8xLmpwZyIgd2lkdGg9IjE3MCIgaGVpZ2h0PSIxNzAiPjwvdGQ+Cjx0ZCBhbGlnbj0iY2VudGVyIj4KPGltZyBib3JkZXI9IjAiIHNyYz0iaHR0cHM6Ly9pbWFnZS5yYWt1dGVuLmNvLmpwL2JhZW1hc3Rlci9jYWJpbmV0L3dhbGxldC9ibXcwMTk0XzEuanBnIiB3aWR0aD0iMTcwIiBoZWlnaHQ9IjE3MCI+PC90ZD4KPHRkIGFsaWduPSJjZW50ZXIiPgo8aW1nIGJvcmRlcj0iMCIgc3JjPSJodHRwczovL2ltYWdlLnJha3V0ZW4uY28uanAvYmFlbWFzdGVyL2NhYmluZXQvd2FsbGV0L2JtdzAxOTFfMS5qcGciIHdpZHRoPSIxNzAiIGhlaWdodD0iMTcwIj48L3RkPjwvdHI+PHRyPjx0ZCBhbGlnbj0iY2VudGVyIiBiZ2NvbG9yPSIjREJCODk1Ij4KCTxmb250IGZhY2U9IuODoeOCpOODquOCqiIgc3R5bGU9ImZvbnQtc2l6ZTogOXB0IiBjb2xvcj0iI0ZGRkZGRiI+5pys6Z2p44Os44K244O844Kq44Kk44Or44OM44OhPC9mb250PjwvdGQ+PHRkIGFsaWduPSJjZW50ZXIiIGJnY29sb3I9IiNEQkI4OTUiPgoJPGZvbnQgZmFjZT0i44Oh44Kk44Oq44KqIiBzdHlsZT0iZm9udC1zaXplOiA5cHQiIGNvbG9yPSIjRkZGRkZGIj7mnKzpnanjg6zjgrbjg7zjgqrjgqTjg6vjg4zjg6E8L2ZvbnQ+PC90ZD48dGQgYWxpZ249ImNlbnRlciIgYmdjb2xvcj0iI0RCQjg5NSI+Cgk8Zm9udCBmYWNlPSLjg6HjgqTjg6rjgqoiIHN0eWxlPSJmb250LXNpemU6IDlwdCIgY29sb3I9IiNGRkZGRkYiPuacrOmdqeODrOOCtuODvOOCreODvOOCseODvOOCuTwvZm9udD48L3RkPjx0ZCBhbGlnbj0iY2VudGVyIiBiZ2NvbG9yPSIjREJCODk1Ij4KCTxmb250IGZhY2U9IuODoeOCpOODquOCqiIgc3R5bGU9ImZvbnQtc2l6ZTogOXB0IiBjb2xvcj0iI0ZGRkZGRiI+5pys6Z2p44Os44K244O844Kq44Kk44Or44OM44OhPC9mb250PjwvdGQ+PC90cj48dHI+PHRkIGFsaWduPSJyaWdodCIgYmdjb2xvcj0iI0ZGRkZGRiIgY29sc3Bhbj0iNCI+Cgk8aW1nIGJvcmRlcj0iMCIgc3JjPSJodHRwOi8vd3d3LnJha3V0ZW4ubmUuanAvZ29sZC9iYWVtYXN0ZXIvaW1nL21vcmVibi5naWYiIHdpZHRoPSIxNjciIGhlaWdodD0iNDMiPjwvdGQ+PC90cj48dHI+PHRkIGFsaWduPSJyaWdodCIgYmdjb2xvcj0iI0ZGRkZGRiIgY29sc3Bhbj0iNCI+Cgk8YnI+Cgk8YnI+CgkKCTxpbWcgYm9yZGVyPSIwIiBzcmM9Imh0dHA6Ly93d3cucmFrdXRlbi5uZS5qcC9nb2xkL2JhZW1hc3Rlci9pbWcvc2xpZGUxMi5qcGciIHdpZHRoPSI3MDAiIGhlaWdodD0iMzE1Ij48YnI+CuOAgDwvdGQ+PC90cj48dHI+PHRkIGFsaWduPSJyaWdodCIgYmdjb2xvcj0iI0ZGRkZGRiIgY29sc3Bhbj0iNCI+CgkKCTxpbWcgYm9yZGVyPSIwIiBzcmM9Imh0dHA6Ly93d3cucmFrdXRlbi5uZS5qcC9nb2xkL2JhZW1hc3Rlci9pbWcvMDAyOWJuYXc3MDAuanBnIiB3aWR0aD0iNzAwIiBoZWlnaHQ9IjMzMSI+PGJyPgrjgIA8L3RkPjwvdHI+PHRyPjx0ZCBhbGlnbj0icmlnaHQiIGJnY29sb3I9IiNGRkZGRkYiIGNvbHNwYW49IjQiIGhlaWdodD0iMjciPgoJCgk8aW1nIGJvcmRlcj0iMCIgc3JjPSJodHRwOi8vd3d3LnJha3V0ZW4ubmUuanAvZ29sZC9iYWVtYXN0ZXIvaW1nLzAwMDdibmF3NzAwLmpwZyIgd2lkdGg9IjcwMCIgaGVpZ2h0PSIzMTUiPjxicj4K44CAPC90ZD48L3RyPjx0cj48dGQgYWxpZ249InJpZ2h0IiBiZ2NvbG9yPSIjRkZGRkZGIiBjb2xzcGFuPSI0Ij4KCQoJPGltZyBib3JkZXI9IjAiIHNyYz0iaHR0cDovL3d3dy5yYWt1dGVuLm5lLmpwL2dvbGQvYmFlbWFzdGVyL2ltZy8wMTc3Ym5hdzcwMC5qcGciIHdpZHRoPSI3MDAiIGhlaWdodD0iMzE1Ij48L3RkPjwvdHI+PC90YWJsZT4KCTxwPuOAgDwvcD4=,44Oh44O844Or5L6/6YCB5paZ54Sh5paZIOOCs+ODs+ODkeOCr+ODiCDlj6/mhJvjgYQg6LKh5biDIOODrOODh+OCo+ODvOOCuSDkuozjgaTmipjjgoog5LiJ44Gk5oqY44KKIOWwj+mKreWFpeOCjOOBguOCiiDjg5/jg4vosqHluIMg44K944OV44OI57Sg5p2Q77yaQkFFbWFzdGVy,6ZW36LKh5biD5pys6Z2p44Os44K244O844Oq44Ol44OD44Kv5bi95a2Q44OP44OD44OI44OI44O844OI44OQ44OD44KwaVBob25l44Oh44O844Or5L6/6YCB5paZ54Sh5paZIOOCs+ODs+ODkeOCr+ODiCDlj6/mhJvjgYQg6LKh5biDIOODrOODh+OCo+ODvOOCuSDkuozjgaTmipjjgoog5LiJ44Gk5oqY44KKIOWwj+mKreWFpeOCjOOBguOCiiDjg5/jg4vosqHluIMg44K944OV44OI57Sg5p2Q,44Oh44O844Or5L6/6YCB5paZ54Sh5paZIOKAu+S7o+W8leOBjeOBr+ODoeODvOODq+S+v+S4jeWPr+OAgumAgeaWmeWIpemAlOW/heimgeOAguODoeODvOODq+S+v+mAgeaWmeeEoeaWmSDjgrPjg7Pjg5Hjgq/jg4gg5Y+v5oSb44GEIOiyoeW4gyDjg6zjg4fjgqPjg7zjgrkg5LqM44Gk5oqY44KKIOS4ieOBpOaKmOOCiiDlsI/piq3lhaXjgozjgYLjgoog44Of44OL6LKh5biDIOOCveODleODiOe0oOadkA==[rn]
39-76453,aHR0cDovL3RzaG9wLnIxMHMuanAvYmFlbWFzdGVyL2NhYmluZXQvd2FsbGV0L2JtdzAxODdfMS5qcGc/Zml0aW49NzAwOjcwMA==,MTIwOS42MDAw,,44OQ44OD44Kw44O75bCP54mp44O744OW44Op44Oz44OJ6ZuR6LKoID4g6LKh5biD44O744Kx44O844K5ID4g44Os44OH44Kj44O844K56LKh5biD,44Oh44O844Or5L6/6YCB5paZ54Sh5paZIOWPr+aEm+OBhCDosqHluIMg44Os44OH44Kj44O844K5IOmVt+iyoeW4gyDjg6njgqbjg7Pjg4njg5XjgqHjgrnjg4rjg7w=,44Oh44O844Or5L6/6YCB5paZ54Sh5paZIOiyoeW4gyDjg6zjg4fjgqPjg7zjgrkg6ZW36LKh5biD,PHA+CjxpbWcgYm9yZGVyPSIwIiBzcmM9Imh0dHBzOi8vaW1hZ2UucmFrdXRlbi5jby5qcC9iYWVtYXN0ZXIvY2FiaW5ldC93YWxsZXQvYm13MDE4N18xLmpwZyIgd2lkdGg9IjcwMCIgaGVpZ2h0PSI3MDAiPjxicj4KPGJyPgo8YnI+Cjxicj4KPGJyPgo8aW1nIGJvcmRlcj0iMCIgc3JjPSJodHRwczovL2ltYWdlLnJha3V0ZW4uY28uanAvYmFlbWFzdGVyL2NhYmluZXQvd2FsbGV0L2JtdzAxODdfMi5qcGciIHdpZHRoPSI3MDAiIGhlaWdodD0iNzAwIj48YnI+Cjxicj4KPGJyPgo8YnI+Cjxicj4KPGltZyBib3JkZXI9IjAiIHNyYz0iaHR0cHM6Ly9pbWFnZS5yYWt1dGVuLmNvLmpwL2JhZW1hc3Rlci9jYWJpbmV0L3dhbGxldC9ibXcwMTg3XzMuanBnIiB3aWR0aD0iNzAwIiBoZWlnaHQ9IjcwMCI+PGJyPgo8YnI+Cjxicj4KPGJyPgo8YnI+CjxpbWcgYm9yZGVyPSIwIiBzcmM9Imh0dHBzOi8vaW1hZ2UucmFrdXRlbi5jby5qcC9iYWVtYXN0ZXIvY2FiaW5ldC93YWxsZXQvYm13MDE4N180LmpwZyIgd2lkdGg9IjcwMCIgaGVpZ2h0PSI3MDAiPjxicj4KPGJyPgo8YnI+Cjxicj4KPGJyPgo8aW1nIGJvcmRlcj0iMCIgc3JjPSJodHRwczovL2ltYWdlLnJha3V0ZW4uY28uanAvYmFlbWFzdGVyL2NhYmluZXQvd2FsbGV0L2JtdzAxODdfNS5qcGciIHdpZHRoPSI3MDAiIGhlaWdodD0iNzAwIj48YnI+Cjxicj4KPGJyPgo8YnI+Cjxicj4KPGltZyBib3JkZXI9IjAiIHNyYz0iaHR0cHM6Ly9pbWFnZS5yYWt1dGVuLmNvLmpwL2JhZW1hc3Rlci9jYWJpbmV0L3dhbGxldC9ibXcwMTg3XzYuanBnIiB3aWR0aD0iNzAwIiBoZWlnaHQ9IjcwMCI+PGJyPgo8YnI+Cjxicj4KPGJyPgo8YnI+CjxpbWcgYm9yZGVyPSIwIiBzcmM9Imh0dHBzOi8vaW1hZ2UucmFrdXRlbi5jby5qcC9iYWVtYXN0ZXIvY2FiaW5ldC93YWxsZXQvYm13MDE4N183LmpwZyIgd2lkdGg9IjcwMCIgaGVpZ2h0PSI3MDAiPjxicj4KPGJyPgo8YnI+Cjxicj4KPGJyPgo8aW1nIGJvcmRlcj0iMCIgc3JjPSJodHRwczovL2ltYWdlLnJha3V0ZW4uY28uanAvYmFlbWFzdGVyL2NhYmluZXQvd2FsbGV0L2JtdzAxODdfOC5qcGciIHdpZHRoPSI3MDAiIGhlaWdodD0iNzAwIj48YnI+Cjxicj4KPGJyPgo8YnI+Cjxicj4KPGltZyBib3JkZXI9IjAiIHNyYz0iaHR0cHM6Ly9pbWFnZS5yYWt1dGVuLmNvLmpwL2JhZW1hc3Rlci9jYWJpbmV0L3dhbGxldC9ibXcwMTg3XzkuanBnIiB3aWR0aD0iNzAwIiBoZWlnaHQ9IjcwMCI+PGJyPgo8YnI+Cjxicj4KPGJyPgo8YnI+CjxpbWcgYm9yZGVyPSIwIiBzcmM9Imh0dHBzOi8vaW1hZ2UucmFrdXRlbi5jby5qcC9iYWVtYXN0ZXIvY2FiaW5ldC93YWxsZXQvYm13MDE4N18xMC5qcGciIHdpZHRoPSI3MDAiIGhlaWdodD0iNzAwIj48L3A+PHA+4pag57Sg5p2Q77ya44OV44Kn44Kk44Kv44Os44K244O8PGJyPgo8YnI+CuKWoOOCteOCpOOCuu+8mjE5LjXDlzEww5cyLjVjbTxicj4KPGJyPgrilqDjgqvjg6njg7w8YnI+CuODlOODs+OCrzxicj4K44Op44Kk44OI44OU44Oz44KvPGJyPgrjg5bjg6njg4Pjgq88YnI+CuOCsOODquODvOODszxicj4K44Op44Kk44OI44OW44Or44O8PGJyPgrjg6zjg4Pjg4k8YnI+Cjxicj4K4pag5YaF6KOFPGJyPgrjgqvjg7zjg4nlhaXjgozDlzg8YnI+CuOBiuacreWFpeOCjMOXMzxicj4K5bCP6Yqt5YWl44KMw5cxPGJyPgrjg53jgrHjg4Pjg4jDlzI8L3A+PHRhYmxlIGJvcmRlcj0iMCIgd2lkdGg9IjczMCIgY2VsbHNwYWNpbmc9IjAiIGNlbGxwYWRkaW5nPSIwIj48dHI+PHRkIGJnY29sb3I9IiNGRkZGRkYiPjxwIGFsaWduPSJjZW50ZXIiPgoJPGltZyBib3JkZXI9IjAiIHNyYz0iaHR0cDovL3d3dy5yYWt1dGVuLm5lLmpwL2dvbGQvYmFlbWFzdGVyL2ltZy9mZWF0dXJlLmdpZiIgd2lkdGg9IjczMCIgaGVpZ2h0PSI2MCI+PGJyPgoJPGJyPgoJCgk8aW1nIGJvcmRlcj0iMCIgc3JjPSJodHRwOi8vd3d3LnJha3V0ZW4ubmUuanAvZ29sZC9iYWVtYXN0ZXIvaW1nL3NsaWRlMTEuanBnIiB3aWR0aD0iNzAwIiBoZWlnaHQ9IjMxNSI+PGJyPgoJPGJyPjwvdGQ+PC90cj48L3RhYmxlPjx0YWJsZSBib3JkZXI9IjAiIHdpZHRoPSI3MzAiIGNlbGxwYWRkaW5nPSIwIj48dHI+PHRkIGFsaWduPSJsZWZ0IiBjb2xzcGFuPSI0Ij48aW1nIGJvcmRlcj0iMCIgc3JjPSJodHRwOi8vd3d3LnJha3V0ZW4ubmUuanAvZ29sZC9iYWVtYXN0ZXIvaW1nL3JhbmtpbmcucG5nIiB3aWR0aD0iMTYwIiBoZWlnaHQ9IjM0Ij48L3RkPjwvdHI+PHRyPjx0ZCBhbGlnbj0ibGVmdCI+PGltZyBib3JkZXI9IjAiIHNyYz0iaHR0cDovL3d3dy5yYWt1dGVuLm5lLmpwL2dvbGQvYmFlbWFzdGVyL2ltZy9yMDEuZ2lmIiB3aWR0aD0iNTkiIGhlaWdodD0iMTgiPjwvdGQ+PHRkIGFsaWduPSJsZWZ0Ij48aW1nIGJvcmRlcj0iMCIgc3JjPSJodHRwOi8vd3d3LnJha3V0ZW4ubmUuanAvZ29sZC9iYWVtYXN0ZXIvaW1nL3IwMi5naWYiIHdpZHRoPSI1OCIgaGVpZ2h0PSIxOCI+PC90ZD48dGQgYWxpZ249ImxlZnQiPjxpbWcgYm9yZGVyPSIwIiBzcmM9Imh0dHA6Ly93d3cucmFrdXRlbi5uZS5qcC9nb2xkL2JhZW1hc3Rlci9pbWcvcjAzLmdpZiIgd2lkdGg9IjYwIiBoZWlnaHQ9IjE4Ij48L3RkPjx0ZCBhbGlnbj0ibGVmdCI+PGltZyBib3JkZXI9IjAiIHNyYz0iaHR0cDovL3d3dy5yYWt1dGVuLm5lLmpwL2dvbGQvYmFlbWFzdGVyL2ltZy9yMDQuZ2lmIiB3aWR0aD0iMzkiIGhlaWdodD0iMTgiPjwvdGQ+PC90cj48dHI+PHRkIGFsaWduPSJjZW50ZXIiPgoJCgk8aW1nIGJvcmRlcj0iMCIgc3JjPSJodHRwOi8vaW1hZ2UucmFrdXRlbi5jby5qcC9iYWVtYXN0ZXIvY2FiaW5ldC93YWxsZXQvYm13MDA2M18xLmpwZyIgd2lkdGg9IjE3MCIgaGVpZ2h0PSIxNzAiPjwvdGQ+PHRkIGFsaWduPSJjZW50ZXIiPgoJCgk8aW1nIGJvcmRlcj0iMCIgc3JjPSJodHRwOi8vaW1hZ2UucmFrdXRlbi5jby5qcC9iYWVtYXN0ZXIvY2FiaW5ldC93YWxsZXQvYm13MDAyOV8xLmpwZyIgd2lkdGg9IjE3MCIgaGVpZ2h0PSIxNzAiPjwvdGQ+PHRkIGFsaWduPSJjZW50ZXIiPgoJCgk8aW1nIGJvcmRlcj0iMCIgc3JjPSJodHRwOi8vaW1hZ2UucmFrdXRlbi5jby5qcC9iYWVtYXN0ZXIvY2FiaW5ldC93YWxsZXQvYm13MDAxOF8xLmpwZyIgd2lkdGg9IjE3MCIgaGVpZ2h0PSIxNzAiPjwvdGQ+PHRkIGFsaWduPSJjZW50ZXIiPgoJCgk8aW1nIGJvcmRlcj0iMCIgc3JjPSJodHRwOi8vaW1hZ2UucmFrdXRlbi5jby5qcC9iYWVtYXN0ZXIvY2FiaW5ldC93YWxsZXQvYm13MDA4Ml8xLmpwZyIgd2lkdGg9IjE3MCIgaGVpZ2h0PSIxNzAiPjwvdGQ+PC90cj48L3RhYmxlPjxwPjxicj48YnI+PGltZyBib3JkZXI9IjAiIHNyYz0iaHR0cDovL3d3dy5yYWt1dGVuLm5lLmpwL2dvbGQvYmFlbWFzdGVyL2ltZy9zbS1yZWNvLmdpZiIgd2lkdGg9IjczMCIgaGVpZ2h0PSI2MCI+PC9wPjx0YWJsZSBib3JkZXI9IjAiIHdpZHRoPSI3MzAiIGNlbGxzcGFjaW5nPSIxMCIgY2VsbHBhZGRpbmc9IjAiPjx0cj48dGQgYWxpZ249ImNlbnRlciI+CgkKCTxpbWcgYm9yZGVyPSIwIiBzcmM9Imh0dHA6Ly9pbWFnZS5yYWt1dGVuLmNvLmpwL2JhZW1hc3Rlci9jYWJpbmV0L3dhbGxldC9ibXcwMDczXzEuanBnIiB3aWR0aD0iMzUwIiBoZWlnaHQ9IjM1MCI+PC90ZD48dGQgYWxpZ249ImNlbnRlciI+CgkKCTxpbWcgYm9yZGVyPSIwIiBzcmM9Imh0dHA6Ly9pbWFnZS5yYWt1dGVuLmNvLmpwL2JhZW1hc3Rlci9jYWJpbmV0L3dhbGxldC9ibXcwMDM5XzEuanBnIiB3aWR0aD0iMzUwIiBoZWlnaHQ9IjM1MCI+PC90ZD48L3RyPjx0cj48dGQgYWxpZ249ImNlbnRlciIgYmdjb2xvcj0iI0RCQjg5NSI+PGZvbnQgZmFjZT0i44Oh44Kk44Oq44KqIiBzdHlsZT0iZm9udC1zaXplOiA5cHQiIGNvbG9yPSIjRkZGRkZGIj7jgJBGUkVFIFNISVBQSU5H44CRPGJyPgoJCeODqeOCpuODs+ODiVpJUOiyoeW4gzwvZm9udD48L3RkPjx0ZCBhbGlnbj0iY2VudGVyIiBiZ2NvbG9yPSIjREJCODk1Ij48Zm9udCBmYWNlPSLjg6HjgqTjg6rjgqoiIHN0eWxlPSJmb250LXNpemU6IDlwdCIgY29sb3I9IiNGRkZGRkYiPgoJCeOAkEZSRUUgU0hJUFBJTkfjgJE8YnI+CgkJQklH44K144Kk44K66ZW36LKh5biDPC9mb250PjwvdGQ+PC90cj48dHI+PHRkIGFsaWduPSJyaWdodCIgYmdjb2xvcj0iI0ZGRkZGRiIgY29sc3Bhbj0iMiI+PGltZyBib3JkZXI9IjAiIHNyYz0iaHR0cDovL3d3dy5yYWt1dGVuLm5lLmpwL2dvbGQvYmFlbWFzdGVyL2ltZy9tb3JlYm4uZ2lmIiB3aWR0aD0iMTY3IiBoZWlnaHQ9IjQzIj48L3RkPjwvdHI+PC90YWJsZT48dGFibGUgYm9yZGVyPSIwIiB3aWR0aD0iNzMwIiBjZWxscGFkZGluZz0iMCIgY2VsbHNwYWNpbmc9IjEwIj48dHI+PHRkIGFsaWduPSJsZWZ0IiBjb2xzcGFuPSI0Ij48YnI+PGltZyBib3JkZXI9IjAiIHNyYz0iaHR0cDovL3d3dy5yYWt1dGVuLm5lLmpwL2dvbGQvYmFlbWFzdGVyL2ltZy9ORVdBUlJJVkFMLnBuZyIgd2lkdGg9IjExOCIgaGVpZ2h0PSIyNyI+PC90ZD48L3RyPjx0cj4KPHRkIGFsaWduPSJjZW50ZXIiPgo8aW1nIGJvcmRlcj0iMCIgc3JjPSJodHRwczovL2ltYWdlLnJha3V0ZW4uY28uanAvYmFlbWFzdGVyL2NhYmluZXQvd2FsbGV0L2JtdzAxOTVfMS5qcGciIHdpZHRoPSIxNzAiIGhlaWdodD0iMTcwIj48L3RkPgo8dGQgYWxpZ249ImNlbnRlciI+CjxpbWcgYm9yZGVyPSIwIiBzcmM9Imh0dHBzOi8vaW1hZ2UucmFrdXRlbi5jby5qcC9iYWVtYXN0ZXIvY2FiaW5ldC93YWxsZXQvYm13MDE4OF8xLmpwZyIgd2lkdGg9IjE3MCIgaGVpZ2h0PSIxNzAiPjwvdGQ+Cjx0ZCBhbGlnbj0iY2VudGVyIj4KPGltZyBib3JkZXI9IjAiIHNyYz0iaHR0cHM6Ly9pbWFnZS5yYWt1dGVuLmNvLmpwL2JhZW1hc3Rlci9jYWJpbmV0L3dhbGxldC9ibXcwMTk0XzEuanBnIiB3aWR0aD0iMTcwIiBoZWlnaHQ9IjE3MCI+PC90ZD4KPHRkIGFsaWduPSJjZW50ZXIiPgo8aW1nIGJvcmRlcj0iMCIgc3JjPSJodHRwczovL2ltYWdlLnJha3V0ZW4uY28uanAvYmFlbWFzdGVyL2NhYmluZXQvd2FsbGV0L2JtdzAxOTFfMS5qcGciIHdpZHRoPSIxNzAiIGhlaWdodD0iMTcwIj48L3RkPjwvdHI+PHRyPjx0ZCBhbGlnbj0iY2VudGVyIiBiZ2NvbG9yPSIjREJCODk1Ij4KCTxmb250IGZhY2U9IuODoeOCpOODquOCqiIgc3R5bGU9ImZvbnQtc2l6ZTogOXB0IiBjb2xvcj0iI0ZGRkZGRiI+5pys6Z2p44Os44K244O844Kq44Kk44Or44OM44OhPC9mb250PjwvdGQ+PHRkIGFsaWduPSJjZW50ZXIiIGJnY29sb3I9IiNEQkI4OTUiPgoJPGZvbnQgZmFjZT0i44Oh44Kk44Oq44KqIiBzdHlsZT0iZm9udC1zaXplOiA5cHQiIGNvbG9yPSIjRkZGRkZGIj7mnKzpnanjg6zjgrbjg7zjgqrjgqTjg6vjg4zjg6E8L2ZvbnQ+PC90ZD48dGQgYWxpZ249ImNlbnRlciIgYmdjb2xvcj0iI0RCQjg5NSI+Cgk8Zm9udCBmYWNlPSLjg6HjgqTjg6rjgqoiIHN0eWxlPSJmb250LXNpemU6IDlwdCIgY29sb3I9IiNGRkZGRkYiPuacrOmdqeODrOOCtuODvOOCreODvOOCseODvOOCuTwvZm9udD48L3RkPjx0ZCBhbGlnbj0iY2VudGVyIiBiZ2NvbG9yPSIjREJCODk1Ij4KCTxmb250IGZhY2U9IuODoeOCpOODquOCqiIgc3R5bGU9ImZvbnQtc2l6ZTogOXB0IiBjb2xvcj0iI0ZGRkZGRiI+5pys6Z2p44Os44K244O844Kq44Kk44Or44OM44OhPC9mb250PjwvdGQ+PC90cj48dHI+PHRkIGFsaWduPSJyaWdodCIgYmdjb2xvcj0iI0ZGRkZGRiIgY29sc3Bhbj0iNCI+Cgk8aW1nIGJvcmRlcj0iMCIgc3JjPSJodHRwOi8vd3d3LnJha3V0ZW4ubmUuanAvZ29sZC9iYWVtYXN0ZXIvaW1nL21vcmVibi5naWYiIHdpZHRoPSIxNjciIGhlaWdodD0iNDMiPjwvdGQ+PC90cj48dHI+PHRkIGFsaWduPSJyaWdodCIgYmdjb2xvcj0iI0ZGRkZGRiIgY29sc3Bhbj0iNCI+Cgk8YnI+Cgk8YnI+CgkKCTxpbWcgYm9yZGVyPSIwIiBzcmM9Imh0dHA6Ly93d3cucmFrdXRlbi5uZS5qcC9nb2xkL2JhZW1hc3Rlci9pbWcvc2xpZGUxMi5qcGciIHdpZHRoPSI3MDAiIGhlaWdodD0iMzE1Ij48YnI+CuOAgDwvdGQ+PC90cj48dHI+PHRkIGFsaWduPSJyaWdodCIgYmdjb2xvcj0iI0ZGRkZGRiIgY29sc3Bhbj0iNCI+CgkKCTxpbWcgYm9yZGVyPSIwIiBzcmM9Imh0dHA6Ly93d3cucmFrdXRlbi5uZS5qcC9nb2xkL2JhZW1hc3Rlci9pbWcvMDAyOWJuYXc3MDAuanBnIiB3aWR0aD0iNzAwIiBoZWlnaHQ9IjMzMSI+PGJyPgrjgIA8L3RkPjwvdHI+PHRyPjx0ZCBhbGlnbj0icmlnaHQiIGJnY29sb3I9IiNGRkZGRkYiIGNvbHNwYW49IjQiIGhlaWdodD0iMjciPgoJCgk8aW1nIGJvcmRlcj0iMCIgc3JjPSJodHRwOi8vd3d3LnJha3V0ZW4ubmUuanAvZ29sZC9iYWVtYXN0ZXIvaW1nLzAwMDdibmF3NzAwLmpwZyIgd2lkdGg9IjcwMCIgaGVpZ2h0PSIzMTUiPjxicj4K44CAPC90ZD48L3RyPjx0cj48dGQgYWxpZ249InJpZ2h0IiBiZ2NvbG9yPSIjRkZGRkZGIiBjb2xzcGFuPSI0Ij4KCQoJPGltZyBib3JkZXI9IjAiIHNyYz0iaHR0cDovL3d3dy5yYWt1dGVuLm5lLmpwL2dvbGQvYmFlbWFzdGVyL2ltZy8wMTc3Ym5hdzcwMC5qcGciIHdpZHRoPSI3MDAiIGhlaWdodD0iMzE1Ij48L3RkPjwvdHI+PC90YWJsZT4KCTxwPuOAgDwvcD4=,44Oh44O844Or5L6/6YCB5paZ54Sh5paZIOWPr+aEm+OBhCDosqHluIMg44Os44OH44Kj44O844K5IOmVt+iyoeW4gyDjg6njgqbjg7Pjg4njg5XjgqHjgrnjg4rjg7zvvJpCQUVtYXN0ZXI=,6ZW36LKh5biD5pys6Z2p44Os44K244O844Oq44Ol44OD44Kv5bi95a2Q44OP44OD44OI44OI44O844OI44OQ44OD44KwaVBob25l44Oh44O844Or5L6/6YCB5paZ54Sh5paZIOWPr+aEm+OBhCDosqHluIMg44Os44OH44Kj44O844K5IOmVt+iyoeW4gyDjg6njgqbjg7Pjg4njg5XjgqHjgrnjg4rjg7w=,44Oh44O844Or5L6/6YCB5paZ54Sh5paZIOiyoeW4gyDjg6zjg4fjgqPjg7zjgrkg6ZW36LKh5biD44CC44Oh44O844Or5L6/6YCB5paZ54Sh5paZIOWPr+aEm+OBhCDosqHluIMg44Os44OH44Kj44O844K5IOmVt+iyoeW4gyDjg6njgqbjg7Pjg4njg5XjgqHjgrnjg4rjg7w=[rn]
39-76454,aHR0cDovL3RzaG9wLnIxMHMuanAvYmFlbWFzdGVyL2NhYmluZXQvd2FsbGV0L2JtdzAxODhfMS5qcGc/Zml0aW49NzAwOjcwMA==,Mjc2NC44MDAw,,44OQ44OD44Kw44O75bCP54mp44O744OW44Op44Oz44OJ6ZuR6LKoID4g6LKh5biD44O744Kx44O844K5ID4g44Os44OH44Kj44O844K56LKh5biD,44Oh44O844Or5L6/6YCB5paZ54Sh5paZIOacrOmdqeODrOOCtuODvCDosqHluIMg44Os44OH44Kj44O844K5IOmVt+iyoeW4gyDjg6njgqbjg7Pjg4njg5XjgqHjgrnjg4rjg7w=,44Oh44O844Or5L6/6YCB5paZ54Sh5paZIOiyoeW4gyDjg6zjg4fjgqPjg7zjgrkg6ZW36LKh5biDIOacrOmdqeODrOOCtuODvA==,PHA+CjxpbWcgYm9yZGVyPSIwIiBzcmM9Imh0dHBzOi8vaW1hZ2UucmFrdXRlbi5jby5qcC9iYWVtYXN0ZXIvY2FiaW5ldC93YWxsZXQvYm13MDE4OF8xLmpwZyIgd2lkdGg9IjcwMCIgaGVpZ2h0PSI3MDAiPjxicj4KPGJyPgo8YnI+Cjxicj4KPGJyPgo8aW1nIGJvcmRlcj0iMCIgc3JjPSJodHRwczovL2ltYWdlLnJha3V0ZW4uY28uanAvYmFlbWFzdGVyL2NhYmluZXQvd2FsbGV0L2JtdzAxODhfMi5qcGciIHdpZHRoPSI3MDAiIGhlaWdodD0iNzAwIj48YnI+Cjxicj4KPGJyPgo8YnI+Cjxicj4KPGltZyBib3JkZXI9IjAiIHNyYz0iaHR0cHM6Ly9pbWFnZS5yYWt1dGVuLmNvLmpwL2JhZW1hc3Rlci9jYWJpbmV0L3dhbGxldC9ibXcwMTg4XzMuanBnIiB3aWR0aD0iNzAwIiBoZWlnaHQ9IjcwMCI+PGJyPgo8YnI+Cjxicj4KPGJyPgo8YnI+CjxpbWcgYm9yZGVyPSIwIiBzcmM9Imh0dHBzOi8vaW1hZ2UucmFrdXRlbi5jby5qcC9iYWVtYXN0ZXIvY2FiaW5ldC93YWxsZXQvYm13MDE4OF80LmpwZyIgd2lkdGg9IjcwMCIgaGVpZ2h0PSI3MDAiPjxicj4KPGJyPgo8YnI+Cjxicj4KPGJyPgo8aW1nIGJvcmRlcj0iMCIgc3JjPSJodHRwczovL2ltYWdlLnJha3V0ZW4uY28uanAvYmFlbWFzdGVyL2NhYmluZXQvd2FsbGV0L2JtdzAxODhfNS5qcGciIHdpZHRoPSI3MDAiIGhlaWdodD0iNzAwIj48YnI+Cjxicj4KPGJyPgo8YnI+Cjxicj4KPGltZyBib3JkZXI9IjAiIHNyYz0iaHR0cHM6Ly9pbWFnZS5yYWt1dGVuLmNvLmpwL2JhZW1hc3Rlci9jYWJpbmV0L3dhbGxldC9ibXcwMTg4XzYuanBnIiB3aWR0aD0iNzAwIiBoZWlnaHQ9IjcwMCI+PGJyPgo8YnI+Cjxicj4KPGJyPgo8YnI+CjxpbWcgYm9yZGVyPSIwIiBzcmM9Imh0dHBzOi8vaW1hZ2UucmFrdXRlbi5jby5qcC9iYWVtYXN0ZXIvY2FiaW5ldC93YWxsZXQvYm13MDE4OF83LmpwZyIgd2lkdGg9IjcwMCIgaGVpZ2h0PSI3MDAiPjxicj4KPGJyPgo8YnI+Cjxicj4KPGJyPgo8aW1nIGJvcmRlcj0iMCIgc3JjPSJodHRwczovL2ltYWdlLnJha3V0ZW4uY28uanAvYmFlbWFzdGVyL2NhYmluZXQvd2FsbGV0L2JtdzAxODhfOC5qcGciIHdpZHRoPSI3MDAiIGhlaWdodD0iNzAwIj48L3A+PHA+4pag57Sg5p2Q77ya5pys6Z2p44Os44K244O877yI54mb6Z2p77yJPGJyPgo8YnI+CuKWoOOCteOCpOOCuu+8mjE5LjXDlzEww5cyLjVjbTxicj4KPGJyPgrilqDjgqvjg6njg7w8YnI+CuODluODqeODg+OCrzxicj4K44Ot44O844K6PGJyPgrjgqTjgqjjg63jg7w8YnI+CuODluODq+ODvDxicj4K44Kw44Oq44O844OzPGJyPgrjg5Hjg7zjg5fjg6s8YnI+CuODluODqeOCpuODszxicj4KPGJyPgrilqDlhoXoo4U8YnI+CuOCq+ODvOODieWFpeOCjMOXMTI8YnI+CuOBiuacreWFpeOCjMOXMjxicj4K5bCP6Yqt5YWl44KMw5cxPGJyPgrjg53jgrHjg4Pjg4jDlzI8L3A+PHRhYmxlIGJvcmRlcj0iMCIgd2lkdGg9IjczMCIgY2VsbHNwYWNpbmc9IjAiIGNlbGxwYWRkaW5nPSIwIj48dHI+PHRkIGJnY29sb3I9IiNGRkZGRkYiPjxwIGFsaWduPSJjZW50ZXIiPgoJPGltZyBib3JkZXI9IjAiIHNyYz0iaHR0cDovL3d3dy5yYWt1dGVuLm5lLmpwL2dvbGQvYmFlbWFzdGVyL2ltZy9mZWF0dXJlLmdpZiIgd2lkdGg9IjczMCIgaGVpZ2h0PSI2MCI+PGJyPgoJPGJyPgoJCgk8aW1nIGJvcmRlcj0iMCIgc3JjPSJodHRwOi8vd3d3LnJha3V0ZW4ubmUuanAvZ29sZC9iYWVtYXN0ZXIvaW1nL3NsaWRlMTEuanBnIiB3aWR0aD0iNzAwIiBoZWlnaHQ9IjMxNSI+PGJyPgoJPGJyPjwvdGQ+PC90cj48L3RhYmxlPjx0YWJsZSBib3JkZXI9IjAiIHdpZHRoPSI3MzAiIGNlbGxwYWRkaW5nPSIwIj48dHI+PHRkIGFsaWduPSJsZWZ0IiBjb2xzcGFuPSI0Ij48aW1nIGJvcmRlcj0iMCIgc3JjPSJodHRwOi8vd3d3LnJha3V0ZW4ubmUuanAvZ29sZC9iYWVtYXN0ZXIvaW1nL3JhbmtpbmcucG5nIiB3aWR0aD0iMTYwIiBoZWlnaHQ9IjM0Ij48L3RkPjwvdHI+PHRyPjx0ZCBhbGlnbj0ibGVmdCI+PGltZyBib3JkZXI9IjAiIHNyYz0iaHR0cDovL3d3dy5yYWt1dGVuLm5lLmpwL2dvbGQvYmFlbWFzdGVyL2ltZy9yMDEuZ2lmIiB3aWR0aD0iNTkiIGhlaWdodD0iMTgiPjwvdGQ+PHRkIGFsaWduPSJsZWZ0Ij48aW1nIGJvcmRlcj0iMCIgc3JjPSJodHRwOi8vd3d3LnJha3V0ZW4ubmUuanAvZ29sZC9iYWVtYXN0ZXIvaW1nL3IwMi5naWYiIHdpZHRoPSI1OCIgaGVpZ2h0PSIxOCI+PC90ZD48dGQgYWxpZ249ImxlZnQiPjxpbWcgYm9yZGVyPSIwIiBzcmM9Imh0dHA6Ly93d3cucmFrdXRlbi5uZS5qcC9nb2xkL2JhZW1hc3Rlci9pbWcvcjAzLmdpZiIgd2lkdGg9IjYwIiBoZWlnaHQ9IjE4Ij48L3RkPjx0ZCBhbGlnbj0ibGVmdCI+PGltZyBib3JkZXI9IjAiIHNyYz0iaHR0cDovL3d3dy5yYWt1dGVuLm5lLmpwL2dvbGQvYmFlbWFzdGVyL2ltZy9yMDQuZ2lmIiB3aWR0aD0iMzkiIGhlaWdodD0iMTgiPjwvdGQ+PC90cj48dHI+PHRkIGFsaWduPSJjZW50ZXIiPgoJCgk8aW1nIGJvcmRlcj0iMCIgc3JjPSJodHRwOi8vaW1hZ2UucmFrdXRlbi5jby5qcC9iYWVtYXN0ZXIvY2FiaW5ldC93YWxsZXQvYm13MDA2M18xLmpwZyIgd2lkdGg9IjE3MCIgaGVpZ2h0PSIxNzAiPjwvdGQ+PHRkIGFsaWduPSJjZW50ZXIiPgoJCgk8aW1nIGJvcmRlcj0iMCIgc3JjPSJodHRwOi8vaW1hZ2UucmFrdXRlbi5jby5qcC9iYWVtYXN0ZXIvY2FiaW5ldC93YWxsZXQvYm13MDAyOV8xLmpwZyIgd2lkdGg9IjE3MCIgaGVpZ2h0PSIxNzAiPjwvdGQ+PHRkIGFsaWduPSJjZW50ZXIiPgoJCgk8aW1nIGJvcmRlcj0iMCIgc3JjPSJodHRwOi8vaW1hZ2UucmFrdXRlbi5jby5qcC9iYWVtYXN0ZXIvY2FiaW5ldC93YWxsZXQvYm13MDAxOF8xLmpwZyIgd2lkdGg9IjE3MCIgaGVpZ2h0PSIxNzAiPjwvdGQ+PHRkIGFsaWduPSJjZW50ZXIiPgoJCgk8aW1nIGJvcmRlcj0iMCIgc3JjPSJodHRwOi8vaW1hZ2UucmFrdXRlbi5jby5qcC9iYWVtYXN0ZXIvY2FiaW5ldC93YWxsZXQvYm13MDA4Ml8xLmpwZyIgd2lkdGg9IjE3MCIgaGVpZ2h0PSIxNzAiPjwvdGQ+PC90cj48L3RhYmxlPjxwPjxicj48YnI+PGltZyBib3JkZXI9IjAiIHNyYz0iaHR0cDovL3d3dy5yYWt1dGVuLm5lLmpwL2dvbGQvYmFlbWFzdGVyL2ltZy9zbS1yZWNvLmdpZiIgd2lkdGg9IjczMCIgaGVpZ2h0PSI2MCI+PC9wPjx0YWJsZSBib3JkZXI9IjAiIHdpZHRoPSI3MzAiIGNlbGxzcGFjaW5nPSIxMCIgY2VsbHBhZGRpbmc9IjAiPjx0cj48dGQgYWxpZ249ImNlbnRlciI+CgkKCTxpbWcgYm9yZGVyPSIwIiBzcmM9Imh0dHA6Ly9pbWFnZS5yYWt1dGVuLmNvLmpwL2JhZW1hc3Rlci9jYWJpbmV0L3dhbGxldC9ibXcwMDczXzEuanBnIiB3aWR0aD0iMzUwIiBoZWlnaHQ9IjM1MCI+PC90ZD48dGQgYWxpZ249ImNlbnRlciI+CgkKCTxpbWcgYm9yZGVyPSIwIiBzcmM9Imh0dHA6Ly9pbWFnZS5yYWt1dGVuLmNvLmpwL2JhZW1hc3Rlci9jYWJpbmV0L3dhbGxldC9ibXcwMDM5XzEuanBnIiB3aWR0aD0iMzUwIiBoZWlnaHQ9IjM1MCI+PC90ZD48L3RyPjx0cj48dGQgYWxpZ249ImNlbnRlciIgYmdjb2xvcj0iI0RCQjg5NSI+PGZvbnQgZmFjZT0i44Oh44Kk44Oq44KqIiBzdHlsZT0iZm9udC1zaXplOiA5cHQiIGNvbG9yPSIjRkZGRkZGIj7jgJBGUkVFIFNISVBQSU5H44CRPGJyPgoJCeODqeOCpuODs+ODiVpJUOiyoeW4gzwvZm9udD48L3RkPjx0ZCBhbGlnbj0iY2VudGVyIiBiZ2NvbG9yPSIjREJCODk1Ij48Zm9udCBmYWNlPSLjg6HjgqTjg6rjgqoiIHN0eWxlPSJmb250LXNpemU6IDlwdCIgY29sb3I9IiNGRkZGRkYiPgoJCeOAkEZSRUUgU0hJUFBJTkfjgJE8YnI+CgkJQklH44K144Kk44K66ZW36LKh5biDPC9mb250PjwvdGQ+PC90cj48dHI+PHRkIGFsaWduPSJyaWdodCIgYmdjb2xvcj0iI0ZGRkZGRiIgY29sc3Bhbj0iMiI+PGltZyBib3JkZXI9IjAiIHNyYz0iaHR0cDovL3d3dy5yYWt1dGVuLm5lLmpwL2dvbGQvYmFlbWFzdGVyL2ltZy9tb3JlYm4uZ2lmIiB3aWR0aD0iMTY3IiBoZWlnaHQ9IjQzIj48L3RkPjwvdHI+PC90YWJsZT48dGFibGUgYm9yZGVyPSIwIiB3aWR0aD0iNzMwIiBjZWxscGFkZGluZz0iMCIgY2VsbHNwYWNpbmc9IjEwIj48dHI+PHRkIGFsaWduPSJsZWZ0IiBjb2xzcGFuPSI0Ij48YnI+PGltZyBib3JkZXI9IjAiIHNyYz0iaHR0cDovL3d3dy5yYWt1dGVuLm5lLmpwL2dvbGQvYmFlbWFzdGVyL2ltZy9ORVdBUlJJVkFMLnBuZyIgd2lkdGg9IjExOCIgaGVpZ2h0PSIyNyI+PC90ZD48L3RyPjx0cj4KPHRkIGFsaWduPSJjZW50ZXIiPgo8aW1nIGJvcmRlcj0iMCIgc3JjPSJodHRwczovL2ltYWdlLnJha3V0ZW4uY28uanAvYmFlbWFzdGVyL2NhYmluZXQvd2FsbGV0L2JtdzAxOTVfMS5qcGciIHdpZHRoPSIxNzAiIGhlaWdodD0iMTcwIj48L3RkPgo8dGQgYWxpZ249ImNlbnRlciI+CjxpbWcgYm9yZGVyPSIwIiBzcmM9Imh0dHBzOi8vaW1hZ2UucmFrdXRlbi5jby5qcC9iYWVtYXN0ZXIvY2FiaW5ldC93YWxsZXQvYm13MDE4OF8xLmpwZyIgd2lkdGg9IjE3MCIgaGVpZ2h0PSIxNzAiPjwvdGQ+Cjx0ZCBhbGlnbj0iY2VudGVyIj4KPGltZyBib3JkZXI9IjAiIHNyYz0iaHR0cHM6Ly9pbWFnZS5yYWt1dGVuLmNvLmpwL2JhZW1hc3Rlci9jYWJpbmV0L3dhbGxldC9ibXcwMTk0XzEuanBnIiB3aWR0aD0iMTcwIiBoZWlnaHQ9IjE3MCI+PC90ZD4KPHRkIGFsaWduPSJjZW50ZXIiPgo8aW1nIGJvcmRlcj0iMCIgc3JjPSJodHRwczovL2ltYWdlLnJha3V0ZW4uY28uanAvYmFlbWFzdGVyL2NhYmluZXQvd2FsbGV0L2JtdzAxOTFfMS5qcGciIHdpZHRoPSIxNzAiIGhlaWdodD0iMTcwIj48L3RkPjwvdHI+PHRyPjx0ZCBhbGlnbj0iY2VudGVyIiBiZ2NvbG9yPSIjREJCODk1Ij4KCTxmb250IGZhY2U9IuODoeOCpOODquOCqiIgc3R5bGU9ImZvbnQtc2l6ZTogOXB0IiBjb2xvcj0iI0ZGRkZGRiI+5pys6Z2p44Os44K244O844Kq44Kk44Or44OM44OhPC9mb250PjwvdGQ+PHRkIGFsaWduPSJjZW50ZXIiIGJnY29sb3I9IiNEQkI4OTUiPgoJPGZvbnQgZmFjZT0i44Oh44Kk44Oq44KqIiBzdHlsZT0iZm9udC1zaXplOiA5cHQiIGNvbG9yPSIjRkZGRkZGIj7mnKzpnanjg6zjgrbjg7zjgqrjgqTjg6vjg4zjg6E8L2ZvbnQ+PC90ZD48dGQgYWxpZ249ImNlbnRlciIgYmdjb2xvcj0iI0RCQjg5NSI+Cgk8Zm9udCBmYWNlPSLjg6HjgqTjg6rjgqoiIHN0eWxlPSJmb250LXNpemU6IDlwdCIgY29sb3I9IiNGRkZGRkYiPuacrOmdqeODrOOCtuODvOOCreODvOOCseODvOOCuTwvZm9udD48L3RkPjx0ZCBhbGlnbj0iY2VudGVyIiBiZ2NvbG9yPSIjREJCODk1Ij4KCTxmb250IGZhY2U9IuODoeOCpOODquOCqiIgc3R5bGU9ImZvbnQtc2l6ZTogOXB0IiBjb2xvcj0iI0ZGRkZGRiI+5pys6Z2p44Os44K244O844Kq44Kk44Or44OM44OhPC9mb250PjwvdGQ+PC90cj48dHI+PHRkIGFsaWduPSJyaWdodCIgYmdjb2xvcj0iI0ZGRkZGRiIgY29sc3Bhbj0iNCI+Cgk8aW1nIGJvcmRlcj0iMCIgc3JjPSJodHRwOi8vd3d3LnJha3V0ZW4ubmUuanAvZ29sZC9iYWVtYXN0ZXIvaW1nL21vcmVibi5naWYiIHdpZHRoPSIxNjciIGhlaWdodD0iNDMiPjwvdGQ+PC90cj48dHI+PHRkIGFsaWduPSJyaWdodCIgYmdjb2xvcj0iI0ZGRkZGRiIgY29sc3Bhbj0iNCI+Cgk8YnI+Cgk8YnI+CgkKCTxpbWcgYm9yZGVyPSIwIiBzcmM9Imh0dHA6Ly93d3cucmFrdXRlbi5uZS5qcC9nb2xkL2JhZW1hc3Rlci9pbWcvc2xpZGUxMi5qcGciIHdpZHRoPSI3MDAiIGhlaWdodD0iMzE1Ij48YnI+CuOAgDwvdGQ+PC90cj48dHI+PHRkIGFsaWduPSJyaWdodCIgYmdjb2xvcj0iI0ZGRkZGRiIgY29sc3Bhbj0iNCI+CgkKCTxpbWcgYm9yZGVyPSIwIiBzcmM9Imh0dHA6Ly93d3cucmFrdXRlbi5uZS5qcC9nb2xkL2JhZW1hc3Rlci9pbWcvMDAyOWJuYXc3MDAuanBnIiB3aWR0aD0iNzAwIiBoZWlnaHQ9IjMzMSI+PGJyPgrjgIA8L3RkPjwvdHI+PHRyPjx0ZCBhbGlnbj0icmlnaHQiIGJnY29sb3I9IiNGRkZGRkYiIGNvbHNwYW49IjQiIGhlaWdodD0iMjciPgoJCgk8aW1nIGJvcmRlcj0iMCIgc3JjPSJodHRwOi8vd3d3LnJha3V0ZW4ubmUuanAvZ29sZC9iYWVtYXN0ZXIvaW1nLzAwMDdibmF3NzAwLmpwZyIgd2lkdGg9IjcwMCIgaGVpZ2h0PSIzMTUiPjxicj4K44CAPC90ZD48L3RyPjx0cj48dGQgYWxpZ249InJpZ2h0IiBiZ2NvbG9yPSIjRkZGRkZGIiBjb2xzcGFuPSI0Ij4KCQoJPGltZyBib3JkZXI9IjAiIHNyYz0iaHR0cDovL3d3dy5yYWt1dGVuLm5lLmpwL2dvbGQvYmFlbWFzdGVyL2ltZy8wMTc3Ym5hdzcwMC5qcGciIHdpZHRoPSI3MDAiIGhlaWdodD0iMzE1Ij48L3RkPjwvdHI+PC90YWJsZT4KCTxwPuOAgDwvcD4=,44Oh44O844Or5L6/6YCB5paZ54Sh5paZIOacrOmdqeODrOOCtuODvCDosqHluIMg44Os44OH44Kj44O844K5IOmVt+iyoeW4gyDjg6njgqbjg7Pjg4njg5XjgqHjgrnjg4rjg7zvvJpCQUVtYXN0ZXI=,6ZW36LKh5biD5pys6Z2p44Os44K244O844Oq44Ol44OD44Kv5bi95a2Q44OP44OD44OI44OI44O844OI44OQ44OD44KwaVBob25l44Oh44O844Or5L6/6YCB5paZ54Sh5paZIOacrOmdqeODrOOCtuODvCDosqHluIMg44Os44OH44Kj44O844K5IOmVt+iyoeW4gyDjg6njgqbjg7Pjg4njg5XjgqHjgrnjg4rjg7w=,44Oh44O844Or5L6/6YCB5paZ54Sh5paZIOiyoeW4gyDjg6zjg4fjgqPjg7zjgrkg6ZW36LKh5biDIOacrOmdqeODrOOCtuODvOOAguODoeODvOODq+S+v+mAgeaWmeeEoeaWmSDmnKzpnanjg6zjgrbjg7wg6LKh5biDIOODrOODh+OCo+ODvOOCuSDplbfosqHluIMg44Op44Km44Oz44OJ44OV44Kh44K544OK44O8[rn]
39-76455,aHR0cDovL3RzaG9wLnIxMHMuanAvYmFlbWFzdGVyL2NhYmluZXQvd2FsbGV0L2JtdzAwNzNfMS5qcGc/Zml0aW49NzAwOjcwMA==,MTQ2OC44MDAw,,44OQ44OD44Kw44O75bCP54mp44O744OW44Op44Oz44OJ6ZuR6LKoID4g6LKh5biD44O744Kx44O844K5ID4g44Os44OH44Kj44O844K56LKh5biD,44Oh44O844Or5L6/6YCB5paZ54Sh5paZIOWPr+aEm+OBhCDosqHluIMg44Os44OH44Kj44O844K5IOmVt+iyoeW4gyDjg6njgqbjg7Pjg4njg5XjgqHjgrnjg4rjg7wg44OV44Op44Ov44O8IOOCt+ODs+ODl+ODqw==,44Oh44O844Or5L6/6YCB5paZ54Sh5paZIOKAu+S7o+W8leOBjeOBr+ODoeODvOODq+S+v+S4jeWPr+OAgumAgeaWmeWIpemAlOW/heimgQ==,PHA+CjxpbWcgYm9yZGVyPSIwIiBzcmM9Imh0dHA6Ly9pbWFnZS5yYWt1dGVuLmNvLmpwL2JhZW1hc3Rlci9jYWJpbmV0L3dhbGxldC9ibXcwMDczXzEuanBnIiB3aWR0aD0iNzAwIiBoZWlnaHQ9IjcwMCI+PGJyPgo8YnI+Cjxicj4KPGJyPgo8YnI+CjxpbWcgYm9yZGVyPSIwIiBzcmM9Imh0dHBzOi8vaW1hZ2UucmFrdXRlbi5jby5qcC9iYWVtYXN0ZXIvY2FiaW5ldC93YWxsZXQvYm13MDA3M18yMC5qcGciIHdpZHRoPSI3MDAiIGhlaWdodD0iNzAwIj48YnI+Cjxicj4KPGJyPgo8YnI+Cjxicj4KPGltZyBib3JkZXI9IjAiIHNyYz0iaHR0cHM6Ly9pbWFnZS5yYWt1dGVuLmNvLmpwL2JhZW1hc3Rlci9jYWJpbmV0L3dhbGxldC9ibXcwMDczXzIxLmpwZyIgd2lkdGg9IjcwMCIgaGVpZ2h0PSI3MDAiPjxicj4KPGJyPgo8YnI+Cjxicj4KPGJyPgo8aW1nIGJvcmRlcj0iMCIgc3JjPSJodHRwczovL2ltYWdlLnJha3V0ZW4uY28uanAvYmFlbWFzdGVyL2NhYmluZXQvd2FsbGV0L2JtdzAwNzNfMjIuanBnIiB3aWR0aD0iNzAwIiBoZWlnaHQ9IjcwMCI+PGJyPgo8YnI+Cjxicj4KPGJyPgo8YnI+Cjxicj4KPGltZyBib3JkZXI9IjAiIHNyYz0iaHR0cDovL2ltYWdlLnJha3V0ZW4uY28uanAvYmFlbWFzdGVyL2NhYmluZXQvd2FsbGV0L2JtdzAwNzNfMTYuanBnIiB3aWR0aD0iNzAwIiBoZWlnaHQ9IjcwMCI+PGJyPgo8YnI+Cjxicj4KPGJyPgo8YnI+CjxpbWcgYm9yZGVyPSIwIiBzcmM9Imh0dHA6Ly9pbWFnZS5yYWt1dGVuLmNvLmpwL2JhZW1hc3Rlci9jYWJpbmV0L3dhbGxldC9ibXcwMDczXzE3LmpwZyIgd2lkdGg9IjcwMCIgaGVpZ2h0PSI3MDAiPjxicj4KPGJyPgo8YnI+CjxpbWcgYm9yZGVyPSIwIiBzcmM9Imh0dHA6Ly9pbWFnZS5yYWt1dGVuLmNvLmpwL2JhZW1hc3Rlci9jYWJpbmV0L3dhbGxldC9ibXcwMDczXzI0LmpwZyIgd2lkdGg9IjcwMCIgaGVpZ2h0PSI3MDAiPjxicj4KPGJyPgo8YnI+Cjxicj4KPGJyPgo8aW1nIGJvcmRlcj0iMCIgc3JjPSJodHRwOi8vaW1hZ2UucmFrdXRlbi5jby5qcC9iYWVtYXN0ZXIvY2FiaW5ldC93YWxsZXQvYm13MDA3M18yNS5qcGciIHdpZHRoPSI3MDAiIGhlaWdodD0iNzAwIj48YnI+Cjxicj4KPGJyPgo8YnI+Cjxicj4KPGltZyBib3JkZXI9IjAiIHNyYz0iaHR0cDovL2ltYWdlLnJha3V0ZW4uY28uanAvYmFlbWFzdGVyL2NhYmluZXQvd2FsbGV0L2JtdzAwNzNfMjYuanBnIiB3aWR0aD0iNzAwIiBoZWlnaHQ9IjcwMCI+PGJyPgo8YnI+Cjxicj4KPGJyPgo8YnI+CjxpbWcgYm9yZGVyPSIwIiBzcmM9Imh0dHA6Ly9pbWFnZS5yYWt1dGVuLmNvLmpwL2JhZW1hc3Rlci9jYWJpbmV0L3dhbGxldC9ibXcwMDczXzI3LmpwZyIgd2lkdGg9IjcwMCIgaGVpZ2h0PSI3MDAiPjxicj4KPGJyPgo8YnI+Cjxicj4KPGJyPgo8aW1nIGJvcmRlcj0iMCIgc3JjPSJodHRwOi8vaW1hZ2UucmFrdXRlbi5jby5qcC9iYWVtYXN0ZXIvY2FiaW5ldC93YWxsZXQvYm13MDA3M18yOC5qcGciIHdpZHRoPSI3MDAiIGhlaWdodD0iNzAwIj48YnI+Cjxicj4KPGJyPgo8YnI+Cjxicj4KPGltZyBib3JkZXI9IjAiIHNyYz0iaHR0cDovL2ltYWdlLnJha3V0ZW4uY28uanAvYmFlbWFzdGVyL2NhYmluZXQvd2FsbGV0L2JtdzAwNzNfMjkuanBnIiB3aWR0aD0iNzAwIiBoZWlnaHQ9IjcwMCI+PGJyPgo8YnI+Cjxicj4KPGJyPgo8YnI+CjxpbWcgYm9yZGVyPSIwIiBzcmM9Imh0dHA6Ly9pbWFnZS5yYWt1dGVuLmNvLmpwL2JhZW1hc3Rlci9jYWJpbmV0L3dhbGxldC9ibXcwMDczXzMwLmpwZyIgd2lkdGg9IjcwMCIgaGVpZ2h0PSI3MDAiPjxicj4KPGJyPgo8YnI+Cjxicj4KPGJyPgo8YnI+CjxpbWcgYm9yZGVyPSIwIiBzcmM9Imh0dHA6Ly9pbWFnZS5yYWt1dGVuLmNvLmpwL2JhZW1hc3Rlci9jYWJpbmV0L3dhbGxldC9ibXcwMDczXzIzLmpwZyIgd2lkdGg9IjcwMCIgaGVpZ2h0PSI3MDAiPjxicj4KPGJyPgo8YnI+Cjxicj4KPGJyPgo8aW1nIGJvcmRlcj0iMCIgc3JjPSJodHRwczovL2ltYWdlLnJha3V0ZW4uY28uanAvYmFlbWFzdGVyL2NhYmluZXQvd2FsbGV0L2JtdzAwNzNfMTkuanBnIiB3aWR0aD0iNzAwIiBoZWlnaHQ9IjcwMCI+PGJyPgo8YnI+Cjxicj4KPGltZyBib3JkZXI9IjAiIHNyYz0iaHR0cDovL3d3dy5yYWt1dGVuLm5lLmpwL2dvbGQvYmFlbWFzdGVyL2ltZy9jYXV0aW9uLmdpZiIgd2lkdGg9IjcwMCIgaGVpZ2h0PSIzNTAiPjwvcD48cD7jgrXjgqTjgrrvvJoyMMOXMTDDlzNjbTxicj4KPGJyPgrntKDmnZDvvJpQVeODrOOCtuODvDxicj4KPGJyPgrjgqvjg6njg7w8YnI+CuODreODvOOCujxicj4K44OU44Oz44KvPGJyPgrjgrfjg6Pjg7Pjg5Hjg7M8YnI+CuODluODq+ODvDxicj4K44OR44O844OX44OrPGJyPgrjg43jgqTjg5Pjg7w8YnI+CuODluODqeODg+OCrzxicj4KPGJyPgrlhoXlrrk8YnI+CuWwj+mKreWFpeOCjMOXMTxicj4K57SZ5bmj5YWl44KMw5cxPGJyPgrjg53jgrHjg4Pjg4jvvIjlpKfvvInDlzI8YnI+CuODneOCseODg+ODiO+8iOWwj++8icOXMjxicj4K44Kr44O844OJ5YWl44KMw5c4PGJyPgo8YnI+CuOAgDwvcD48dGFibGUgYm9yZGVyPSIwIiB3aWR0aD0iNzMwIiBjZWxsc3BhY2luZz0iMCIgY2VsbHBhZGRpbmc9IjAiPjx0cj48dGQgYmdjb2xvcj0iI0ZGRkZGRiI+PHAgYWxpZ249ImNlbnRlciI+Cgk8aW1nIGJvcmRlcj0iMCIgc3JjPSJodHRwOi8vd3d3LnJha3V0ZW4ubmUuanAvZ29sZC9iYWVtYXN0ZXIvaW1nL2ZlYXR1cmUuZ2lmIiB3aWR0aD0iNzMwIiBoZWlnaHQ9IjYwIj48YnI+Cgk8YnI+CgkKCTxpbWcgYm9yZGVyPSIwIiBzcmM9Imh0dHA6Ly93d3cucmFrdXRlbi5uZS5qcC9nb2xkL2JhZW1hc3Rlci9pbWcvc2xpZGUxMS5qcGciIHdpZHRoPSI3MDAiIGhlaWdodD0iMzE1Ij48YnI+Cgk8YnI+PC90ZD48L3RyPjwvdGFibGU+PHRhYmxlIGJvcmRlcj0iMCIgd2lkdGg9IjczMCIgY2VsbHBhZGRpbmc9IjAiPjx0cj48dGQgYWxpZ249ImxlZnQiIGNvbHNwYW49IjQiPjxpbWcgYm9yZGVyPSIwIiBzcmM9Imh0dHA6Ly93d3cucmFrdXRlbi5uZS5qcC9nb2xkL2JhZW1hc3Rlci9pbWcvcmFua2luZy5wbmciIHdpZHRoPSIxNjAiIGhlaWdodD0iMzQiPjwvdGQ+PC90cj48dHI+PHRkIGFsaWduPSJsZWZ0Ij48aW1nIGJvcmRlcj0iMCIgc3JjPSJodHRwOi8vd3d3LnJha3V0ZW4ubmUuanAvZ29sZC9iYWVtYXN0ZXIvaW1nL3IwMS5naWYiIHdpZHRoPSI1OSIgaGVpZ2h0PSIxOCI+PC90ZD48dGQgYWxpZ249ImxlZnQiPjxpbWcgYm9yZGVyPSIwIiBzcmM9Imh0dHA6Ly93d3cucmFrdXRlbi5uZS5qcC9nb2xkL2JhZW1hc3Rlci9pbWcvcjAyLmdpZiIgd2lkdGg9IjU4IiBoZWlnaHQ9IjE4Ij48L3RkPjx0ZCBhbGlnbj0ibGVmdCI+PGltZyBib3JkZXI9IjAiIHNyYz0iaHR0cDovL3d3dy5yYWt1dGVuLm5lLmpwL2dvbGQvYmFlbWFzdGVyL2ltZy9yMDMuZ2lmIiB3aWR0aD0iNjAiIGhlaWdodD0iMTgiPjwvdGQ+PHRkIGFsaWduPSJsZWZ0Ij48aW1nIGJvcmRlcj0iMCIgc3JjPSJodHRwOi8vd3d3LnJha3V0ZW4ubmUuanAvZ29sZC9iYWVtYXN0ZXIvaW1nL3IwNC5naWYiIHdpZHRoPSIzOSIgaGVpZ2h0PSIxOCI+PC90ZD48L3RyPjx0cj48dGQgYWxpZ249ImNlbnRlciI+CgkKCTxpbWcgYm9yZGVyPSIwIiBzcmM9Imh0dHA6Ly9pbWFnZS5yYWt1dGVuLmNvLmpwL2JhZW1hc3Rlci9jYWJpbmV0L3dhbGxldC9ibXcwMDYzXzEuanBnIiB3aWR0aD0iMTcwIiBoZWlnaHQ9IjE3MCI+PC90ZD48dGQgYWxpZ249ImNlbnRlciI+CgkKCTxpbWcgYm9yZGVyPSIwIiBzcmM9Imh0dHA6Ly9pbWFnZS5yYWt1dGVuLmNvLmpwL2JhZW1hc3Rlci9jYWJpbmV0L3dhbGxldC9ibXcwMDI5XzEuanBnIiB3aWR0aD0iMTcwIiBoZWlnaHQ9IjE3MCI+PC90ZD48dGQgYWxpZ249ImNlbnRlciI+CgkKCTxpbWcgYm9yZGVyPSIwIiBzcmM9Imh0dHA6Ly9pbWFnZS5yYWt1dGVuLmNvLmpwL2JhZW1hc3Rlci9jYWJpbmV0L3dhbGxldC9ibXcwMDE4XzEuanBnIiB3aWR0aD0iMTcwIiBoZWlnaHQ9IjE3MCI+PC90ZD48dGQgYWxpZ249ImNlbnRlciI+CgkKCTxpbWcgYm9yZGVyPSIwIiBzcmM9Imh0dHA6Ly9pbWFnZS5yYWt1dGVuLmNvLmpwL2JhZW1hc3Rlci9jYWJpbmV0L3dhbGxldC9ibXcwMDgyXzEuanBnIiB3aWR0aD0iMTcwIiBoZWlnaHQ9IjE3MCI+PC90ZD48L3RyPjwvdGFibGU+PHA+PGJyPjxicj48aW1nIGJvcmRlcj0iMCIgc3JjPSJodHRwOi8vd3d3LnJha3V0ZW4ubmUuanAvZ29sZC9iYWVtYXN0ZXIvaW1nL3NtLXJlY28uZ2lmIiB3aWR0aD0iNzMwIiBoZWlnaHQ9IjYwIj48L3A+PHRhYmxlIGJvcmRlcj0iMCIgd2lkdGg9IjczMCIgY2VsbHNwYWNpbmc9IjEwIiBjZWxscGFkZGluZz0iMCI+PHRyPjx0ZCBhbGlnbj0iY2VudGVyIj4KCQoJPGltZyBib3JkZXI9IjAiIHNyYz0iaHR0cDovL2ltYWdlLnJha3V0ZW4uY28uanAvYmFlbWFzdGVyL2NhYmluZXQvd2FsbGV0L2JtdzAwNzNfMS5qcGciIHdpZHRoPSIzNTAiIGhlaWdodD0iMzUwIj48L3RkPjx0ZCBhbGlnbj0iY2VudGVyIj4KCQoJPGltZyBib3JkZXI9IjAiIHNyYz0iaHR0cDovL2ltYWdlLnJha3V0ZW4uY28uanAvYmFlbWFzdGVyL2NhYmluZXQvd2FsbGV0L2JtdzAwMzlfMS5qcGciIHdpZHRoPSIzNTAiIGhlaWdodD0iMzUwIj48L3RkPjwvdHI+PHRyPjx0ZCBhbGlnbj0iY2VudGVyIiBiZ2NvbG9yPSIjREJCODk1Ij48Zm9udCBmYWNlPSLjg6HjgqTjg6rjgqoiIHN0eWxlPSJmb250LXNpemU6IDlwdCIgY29sb3I9IiNGRkZGRkYiPuOAkEZSRUUgU0hJUFBJTkfjgJE8YnI+CgkJ44Op44Km44Oz44OJWklQ6LKh5biDPC9mb250PjwvdGQ+PHRkIGFsaWduPSJjZW50ZXIiIGJnY29sb3I9IiNEQkI4OTUiPjxmb250IGZhY2U9IuODoeOCpOODquOCqiIgc3R5bGU9ImZvbnQtc2l6ZTogOXB0IiBjb2xvcj0iI0ZGRkZGRiI+CgkJ44CQRlJFRSBTSElQUElOR+OAkTxicj4KCQlCSUfjgrXjgqTjgrrplbfosqHluIM8L2ZvbnQ+PC90ZD48L3RyPjx0cj48dGQgYWxpZ249InJpZ2h0IiBiZ2NvbG9yPSIjRkZGRkZGIiBjb2xzcGFuPSIyIj48aW1nIGJvcmRlcj0iMCIgc3JjPSJodHRwOi8vd3d3LnJha3V0ZW4ubmUuanAvZ29sZC9iYWVtYXN0ZXIvaW1nL21vcmVibi5naWYiIHdpZHRoPSIxNjciIGhlaWdodD0iNDMiPjwvdGQ+PC90cj48L3RhYmxlPjx0YWJsZSBib3JkZXI9IjAiIHdpZHRoPSI3MzAiIGNlbGxwYWRkaW5nPSIwIiBjZWxsc3BhY2luZz0iMTAiPjx0cj48dGQgYWxpZ249ImxlZnQiIGNvbHNwYW49IjQiPjxicj48aW1nIGJvcmRlcj0iMCIgc3JjPSJodHRwOi8vd3d3LnJha3V0ZW4ubmUuanAvZ29sZC9iYWVtYXN0ZXIvaW1nL05FV0FSUklWQUwucG5nIiB3aWR0aD0iMTE4IiBoZWlnaHQ9IjI3Ij48L3RkPjwvdHI+PHRyPgo8dGQgYWxpZ249ImNlbnRlciI+CjxpbWcgYm9yZGVyPSIwIiBzcmM9Imh0dHBzOi8vaW1hZ2UucmFrdXRlbi5jby5qcC9iYWVtYXN0ZXIvY2FiaW5ldC93YWxsZXQvYm13MDE5NV8xLmpwZyIgd2lkdGg9IjE3MCIgaGVpZ2h0PSIxNzAiPjwvdGQ+Cjx0ZCBhbGlnbj0iY2VudGVyIj4KPGltZyBib3JkZXI9IjAiIHNyYz0iaHR0cHM6Ly9pbWFnZS5yYWt1dGVuLmNvLmpwL2JhZW1hc3Rlci9jYWJpbmV0L3dhbGxldC9ibXcwMTg4XzEuanBnIiB3aWR0aD0iMTcwIiBoZWlnaHQ9IjE3MCI+PC90ZD4KPHRkIGFsaWduPSJjZW50ZXIiPgo8aW1nIGJvcmRlcj0iMCIgc3JjPSJodHRwczovL2ltYWdlLnJha3V0ZW4uY28uanAvYmFlbWFzdGVyL2NhYmluZXQvd2FsbGV0L2JtdzAxOTRfMS5qcGciIHdpZHRoPSIxNzAiIGhlaWdodD0iMTcwIj48L3RkPgo8dGQgYWxpZ249ImNlbnRlciI+CjxpbWcgYm9yZGVyPSIwIiBzcmM9Imh0dHBzOi8vaW1hZ2UucmFrdXRlbi5jby5qcC9iYWVtYXN0ZXIvY2FiaW5ldC93YWxsZXQvYm13MDE5MV8xLmpwZyIgd2lkdGg9IjE3MCIgaGVpZ2h0PSIxNzAiPjwvdGQ+PC90cj48dHI+PHRkIGFsaWduPSJjZW50ZXIiIGJnY29sb3I9IiNEQkI4OTUiPgoJPGZvbnQgZmFjZT0i44Oh44Kk44Oq44KqIiBzdHlsZT0iZm9udC1zaXplOiA5cHQiIGNvbG9yPSIjRkZGRkZGIj7mnKzpnanjg6zjgrbjg7zjgqrjgqTjg6vjg4zjg6E8L2ZvbnQ+PC90ZD48dGQgYWxpZ249ImNlbnRlciIgYmdjb2xvcj0iI0RCQjg5NSI+Cgk8Zm9udCBmYWNlPSLjg6HjgqTjg6rjgqoiIHN0eWxlPSJmb250LXNpemU6IDlwdCIgY29sb3I9IiNGRkZGRkYiPuacrOmdqeODrOOCtuODvOOCquOCpOODq+ODjOODoTwvZm9udD48L3RkPjx0ZCBhbGlnbj0iY2VudGVyIiBiZ2NvbG9yPSIjREJCODk1Ij4KCTxmb250IGZhY2U9IuODoeOCpOODquOCqiIgc3R5bGU9ImZvbnQtc2l6ZTogOXB0IiBjb2xvcj0iI0ZGRkZGRiI+5pys6Z2p44Os44K244O844Kt44O844Kx44O844K5PC9mb250PjwvdGQ+PHRkIGFsaWduPSJjZW50ZXIiIGJnY29sb3I9IiNEQkI4OTUiPgoJPGZvbnQgZmFjZT0i44Oh44Kk44Oq44KqIiBzdHlsZT0iZm9udC1zaXplOiA5cHQiIGNvbG9yPSIjRkZGRkZGIj7mnKzpnanjg6zjgrbjg7zjgqrjgqTjg6vjg4zjg6E8L2ZvbnQ+PC90ZD48L3RyPjx0cj48dGQgYWxpZ249InJpZ2h0IiBiZ2NvbG9yPSIjRkZGRkZGIiBjb2xzcGFuPSI0Ij4KCTxpbWcgYm9yZGVyPSIwIiBzcmM9Imh0dHA6Ly93d3cucmFrdXRlbi5uZS5qcC9nb2xkL2JhZW1hc3Rlci9pbWcvbW9yZWJuLmdpZiIgd2lkdGg9IjE2NyIgaGVpZ2h0PSI0MyI+PC90ZD48L3RyPjx0cj48dGQgYWxpZ249InJpZ2h0IiBiZ2NvbG9yPSIjRkZGRkZGIiBjb2xzcGFuPSI0Ij4KCTxicj4KCTxicj4KCQoJPGltZyBib3JkZXI9IjAiIHNyYz0iaHR0cDovL3d3dy5yYWt1dGVuLm5lLmpwL2dvbGQvYmFlbWFzdGVyL2ltZy9zbGlkZTEyLmpwZyIgd2lkdGg9IjcwMCIgaGVpZ2h0PSIzMTUiPjxicj4K44CAPC90ZD48L3RyPjx0cj48dGQgYWxpZ249InJpZ2h0IiBiZ2NvbG9yPSIjRkZGRkZGIiBjb2xzcGFuPSI0Ij4KCQoJPGltZyBib3JkZXI9IjAiIHNyYz0iaHR0cDovL3d3dy5yYWt1dGVuLm5lLmpwL2dvbGQvYmFlbWFzdGVyL2ltZy8wMDI5Ym5hdzcwMC5qcGciIHdpZHRoPSI3MDAiIGhlaWdodD0iMzMxIj48YnI+CuOAgDwvdGQ+PC90cj48dHI+PHRkIGFsaWduPSJyaWdodCIgYmdjb2xvcj0iI0ZGRkZGRiIgY29sc3Bhbj0iNCIgaGVpZ2h0PSIyNyI+CgkKCTxpbWcgYm9yZGVyPSIwIiBzcmM9Imh0dHA6Ly93d3cucmFrdXRlbi5uZS5qcC9nb2xkL2JhZW1hc3Rlci9pbWcvMDAwN2JuYXc3MDAuanBnIiB3aWR0aD0iNzAwIiBoZWlnaHQ9IjMxNSI+PGJyPgrjgIA8L3RkPjwvdHI+PHRyPjx0ZCBhbGlnbj0icmlnaHQiIGJnY29sb3I9IiNGRkZGRkYiIGNvbHNwYW49IjQiPgoJCgk8aW1nIGJvcmRlcj0iMCIgc3JjPSJodHRwOi8vd3d3LnJha3V0ZW4ubmUuanAvZ29sZC9iYWVtYXN0ZXIvaW1nLzAxNzdibmF3NzAwLmpwZyIgd2lkdGg9IjcwMCIgaGVpZ2h0PSIzMTUiPjwvdGQ+PC90cj48L3RhYmxlPgoJPHA+44CAPC9wPg==,44Oh44O844Or5L6/6YCB5paZ54Sh5paZIOWPr+aEm+OBhCDosqHluIMg44Os44OH44Kj44O844K5IOmVt+iyoeW4gyDjg6njgqbjg7Pjg4njg5XjgqHjgrnjg4rjg7wg44OV44Op44Ov44O8IOOCt+ODs+ODl+ODq++8mkJBRW1hc3Rlcg==,6ZW36LKh5biD5pys6Z2p44Os44K244O844Oq44Ol44OD44Kv5bi95a2Q44OP44OD44OI44OI44O844OI44OQ44OD44KwaVBob25l44Oh44O844Or5L6/6YCB5paZ54Sh5paZIOWPr+aEm+OBhCDosqHluIMg44Os44OH44Kj44O844K5IOmVt+iyoeW4gyDjg6njgqbjg7Pjg4njg5XjgqHjgrnjg4rjg7wg44OV44Op44Ov44O8IOOCt+ODs+ODl+ODqw==,44Oh44O844Or5L6/6YCB5paZ54Sh5paZIOKAu+S7o+W8leOBjeOBr+ODoeODvOODq+S+v+S4jeWPr+OAgumAgeaWmeWIpemAlOW/heimgeOAguODoeODvOODq+S+v+mAgeaWmeeEoeaWmSDlj6/mhJvjgYQg6LKh5biDIOODrOODh+OCo+ODvOOCuSDplbfosqHluIMg44Op44Km44Oz44OJ44OV44Kh44K544OK44O8IOODleODqeODr+ODvCDjgrfjg7Pjg5fjg6s=[rn]
39-76456,aHR0cDovL3RzaG9wLnIxMHMuanAvYmFlbWFzdGVyL2NhYmluZXQvd2FsbGV0L2JtdzAwNjVfMS5qcGc/Zml0aW49NzAwOjcwMA==,MTAzNi44MDAw,,44OQ44OD44Kw44O75bCP54mp44O744OW44Op44Oz44OJ6ZuR6LKoID4g6LKh5biD44O744Kx44O844K5ID4g44Os44OH44Kj44O844K56LKh5biD,44Oh44O844Or5L6/6YCB5paZ54Sh5paZIOWPr+aEm+OBhCDosqHluIMg44Os44OH44Kj44O844K5IOmVt+iyoeW4gyDjg6njgqbjg7Pjg4njg5XjgqHjgrnjg4rjg7w=,6LKh5biDIOODrOODh+OCo+ODvOOCuSDplbfosqHluIMg44Oh44O844Or5L6/6YCB5paZ54Sh5paZ,PHA+CjxpbWcgYm9yZGVyPSIwIiBzcmM9Imh0dHA6Ly9pbWFnZS5yYWt1dGVuLmNvLmpwL2JhZW1hc3Rlci9jYWJpbmV0L3dhbGxldC9ibXcwMDY1XzEuanBnIiB3aWR0aD0iNzAwIiBoZWlnaHQ9IjcwMCI+PGJyPgo8YnI+Cjxicj4KPGJyPgo8YnI+CjxpbWcgYm9yZGVyPSIwIiBzcmM9Imh0dHA6Ly9pbWFnZS5yYWt1dGVuLmNvLmpwL2JhZW1hc3Rlci9jYWJpbmV0L3dhbGxldC9ibXcwMDY1XzIuanBnIiB3aWR0aD0iNzAwIiBoZWlnaHQ9IjcwMCI+PGJyPgo8YnI+Cjxicj4KPGJyPgo8YnI+CjxpbWcgYm9yZGVyPSIwIiBzcmM9Imh0dHA6Ly9pbWFnZS5yYWt1dGVuLmNvLmpwL2JhZW1hc3Rlci9jYWJpbmV0L3dhbGxldC9ibXcwMDY1XzMuanBnIiB3aWR0aD0iNzAwIiBoZWlnaHQ9IjcwMCI+PGJyPgo8YnI+Cjxicj4KPGJyPgo8YnI+CjxpbWcgYm9yZGVyPSIwIiBzcmM9Imh0dHA6Ly9pbWFnZS5yYWt1dGVuLmNvLmpwL2JhZW1hc3Rlci9jYWJpbmV0L3dhbGxldC9ibXcwMDY1XzQuanBnIiB3aWR0aD0iNzAwIiBoZWlnaHQ9IjcwMCI+PGJyPgo8YnI+Cjxicj4KPGJyPgo8YnI+Cjxicj4KPGltZyBib3JkZXI9IjAiIHNyYz0iaHR0cDovL2ltYWdlLnJha3V0ZW4uY28uanAvYmFlbWFzdGVyL2NhYmluZXQvd2FsbGV0L2JtdzAwNjVfNS5qcGciIHdpZHRoPSI3MDAiIGhlaWdodD0iNzAwIj48YnI+Cjxicj4KPGJyPgo8YnI+Cjxicj4KPGltZyBib3JkZXI9IjAiIHNyYz0iaHR0cDovL2ltYWdlLnJha3V0ZW4uY28uanAvYmFlbWFzdGVyL2NhYmluZXQvd2FsbGV0L2JtdzAwNjVfNi5qcGciIHdpZHRoPSI3MDAiIGhlaWdodD0iNzAwIj48L3A+PHA+44K144Kk44K6PGJyPgoxOcOXMTDDlzNjbTxicj4KPGJyPgrntKDmnZA8YnI+CumrmOe0muWQiOearuODrOOCtuODvDxicj4KPGJyPgrjgqvjg6njg7w8YnI+CuODluODqeODg+OCrzxicj4K44Ki44Kk44Oc44Oq44O8PGJyPgrjg5bjg6vjg7w8YnI+CuOCtOODvOODq+ODiTxicj4KPGJyPgo8YnI+CuOCq+ODvOODieWFpeOCjMOXMTI8YnI+CuWwj+mKreWFpeOCjMOXMTxicj4K57SZ5bmj5YWl44KMw5cxPGJyPgrjg53jgrHjg4Pjg4jDlzE8YnI+CuOAgDwvcD48dGFibGUgYm9yZGVyPSIwIiB3aWR0aD0iNzMwIiBjZWxsc3BhY2luZz0iMCIgY2VsbHBhZGRpbmc9IjAiPjx0cj48dGQgYmdjb2xvcj0iI0ZGRkZGRiI+PHAgYWxpZ249ImNlbnRlciI+Cgk8aW1nIGJvcmRlcj0iMCIgc3JjPSJodHRwOi8vd3d3LnJha3V0ZW4ubmUuanAvZ29sZC9iYWVtYXN0ZXIvaW1nL2ZlYXR1cmUuZ2lmIiB3aWR0aD0iNzMwIiBoZWlnaHQ9IjYwIj48YnI+Cgk8YnI+CgkKCTxpbWcgYm9yZGVyPSIwIiBzcmM9Imh0dHA6Ly93d3cucmFrdXRlbi5uZS5qcC9nb2xkL2JhZW1hc3Rlci9pbWcvc2xpZGUxMS5qcGciIHdpZHRoPSI3MDAiIGhlaWdodD0iMzE1Ij48YnI+Cgk8YnI+PC90ZD48L3RyPjwvdGFibGU+PHRhYmxlIGJvcmRlcj0iMCIgd2lkdGg9IjczMCIgY2VsbHBhZGRpbmc9IjAiPjx0cj48dGQgYWxpZ249ImxlZnQiIGNvbHNwYW49IjQiPjxpbWcgYm9yZGVyPSIwIiBzcmM9Imh0dHA6Ly93d3cucmFrdXRlbi5uZS5qcC9nb2xkL2JhZW1hc3Rlci9pbWcvcmFua2luZy5wbmciIHdpZHRoPSIxNjAiIGhlaWdodD0iMzQiPjwvdGQ+PC90cj48dHI+PHRkIGFsaWduPSJsZWZ0Ij48aW1nIGJvcmRlcj0iMCIgc3JjPSJodHRwOi8vd3d3LnJha3V0ZW4ubmUuanAvZ29sZC9iYWVtYXN0ZXIvaW1nL3IwMS5naWYiIHdpZHRoPSI1OSIgaGVpZ2h0PSIxOCI+PC90ZD48dGQgYWxpZ249ImxlZnQiPjxpbWcgYm9yZGVyPSIwIiBzcmM9Imh0dHA6Ly93d3cucmFrdXRlbi5uZS5qcC9nb2xkL2JhZW1hc3Rlci9pbWcvcjAyLmdpZiIgd2lkdGg9IjU4IiBoZWlnaHQ9IjE4Ij48L3RkPjx0ZCBhbGlnbj0ibGVmdCI+PGltZyBib3JkZXI9IjAiIHNyYz0iaHR0cDovL3d3dy5yYWt1dGVuLm5lLmpwL2dvbGQvYmFlbWFzdGVyL2ltZy9yMDMuZ2lmIiB3aWR0aD0iNjAiIGhlaWdodD0iMTgiPjwvdGQ+PHRkIGFsaWduPSJsZWZ0Ij48aW1nIGJvcmRlcj0iMCIgc3JjPSJodHRwOi8vd3d3LnJha3V0ZW4ubmUuanAvZ29sZC9iYWVtYXN0ZXIvaW1nL3IwNC5naWYiIHdpZHRoPSIzOSIgaGVpZ2h0PSIxOCI+PC90ZD48L3RyPjx0cj48dGQgYWxpZ249ImNlbnRlciI+CgkKCTxpbWcgYm9yZGVyPSIwIiBzcmM9Imh0dHA6Ly9pbWFnZS5yYWt1dGVuLmNvLmpwL2JhZW1hc3Rlci9jYWJpbmV0L3dhbGxldC9ibXcwMDYzXzEuanBnIiB3aWR0aD0iMTcwIiBoZWlnaHQ9IjE3MCI+PC90ZD48dGQgYWxpZ249ImNlbnRlciI+CgkKCTxpbWcgYm9yZGVyPSIwIiBzcmM9Imh0dHA6Ly9pbWFnZS5yYWt1dGVuLmNvLmpwL2JhZW1hc3Rlci9jYWJpbmV0L3dhbGxldC9ibXcwMDI5XzEuanBnIiB3aWR0aD0iMTcwIiBoZWlnaHQ9IjE3MCI+PC90ZD48dGQgYWxpZ249ImNlbnRlciI+CgkKCTxpbWcgYm9yZGVyPSIwIiBzcmM9Imh0dHA6Ly9pbWFnZS5yYWt1dGVuLmNvLmpwL2JhZW1hc3Rlci9jYWJpbmV0L3dhbGxldC9ibXcwMDE4XzEuanBnIiB3aWR0aD0iMTcwIiBoZWlnaHQ9IjE3MCI+PC90ZD48dGQgYWxpZ249ImNlbnRlciI+CgkKCTxpbWcgYm9yZGVyPSIwIiBzcmM9Imh0dHA6Ly9pbWFnZS5yYWt1dGVuLmNvLmpwL2JhZW1hc3Rlci9jYWJpbmV0L3dhbGxldC9ibXcwMDgyXzEuanBnIiB3aWR0aD0iMTcwIiBoZWlnaHQ9IjE3MCI+PC90ZD48L3RyPjwvdGFibGU+PHA+PGJyPjxicj48aW1nIGJvcmRlcj0iMCIgc3JjPSJodHRwOi8vd3d3LnJha3V0ZW4ubmUuanAvZ29sZC9iYWVtYXN0ZXIvaW1nL3NtLXJlY28uZ2lmIiB3aWR0aD0iNzMwIiBoZWlnaHQ9IjYwIj48L3A+PHRhYmxlIGJvcmRlcj0iMCIgd2lkdGg9IjczMCIgY2VsbHNwYWNpbmc9IjEwIiBjZWxscGFkZGluZz0iMCI+PHRyPjx0ZCBhbGlnbj0iY2VudGVyIj4KCQoJPGltZyBib3JkZXI9IjAiIHNyYz0iaHR0cDovL2ltYWdlLnJha3V0ZW4uY28uanAvYmFlbWFzdGVyL2NhYmluZXQvd2FsbGV0L2JtdzAwNzNfMS5qcGciIHdpZHRoPSIzNTAiIGhlaWdodD0iMzUwIj48L3RkPjx0ZCBhbGlnbj0iY2VudGVyIj4KCQoJPGltZyBib3JkZXI9IjAiIHNyYz0iaHR0cDovL2ltYWdlLnJha3V0ZW4uY28uanAvYmFlbWFzdGVyL2NhYmluZXQvd2FsbGV0L2JtdzAwMzlfMS5qcGciIHdpZHRoPSIzNTAiIGhlaWdodD0iMzUwIj48L3RkPjwvdHI+PHRyPjx0ZCBhbGlnbj0iY2VudGVyIiBiZ2NvbG9yPSIjREJCODk1Ij48Zm9udCBmYWNlPSLjg6HjgqTjg6rjgqoiIHN0eWxlPSJmb250LXNpemU6IDlwdCIgY29sb3I9IiNGRkZGRkYiPuOAkEZSRUUgU0hJUFBJTkfjgJE8YnI+CgkJ44Op44Km44Oz44OJWklQ6LKh5biDPC9mb250PjwvdGQ+PHRkIGFsaWduPSJjZW50ZXIiIGJnY29sb3I9IiNEQkI4OTUiPjxmb250IGZhY2U9IuODoeOCpOODquOCqiIgc3R5bGU9ImZvbnQtc2l6ZTogOXB0IiBjb2xvcj0iI0ZGRkZGRiI+CgkJ44CQRlJFRSBTSElQUElOR+OAkTxicj4KCQlCSUfjgrXjgqTjgrrplbfosqHluIM8L2ZvbnQ+PC90ZD48L3RyPjx0cj48dGQgYWxpZ249InJpZ2h0IiBiZ2NvbG9yPSIjRkZGRkZGIiBjb2xzcGFuPSIyIj48aW1nIGJvcmRlcj0iMCIgc3JjPSJodHRwOi8vd3d3LnJha3V0ZW4ubmUuanAvZ29sZC9iYWVtYXN0ZXIvaW1nL21vcmVibi5naWYiIHdpZHRoPSIxNjciIGhlaWdodD0iNDMiPjwvdGQ+PC90cj48L3RhYmxlPjx0YWJsZSBib3JkZXI9IjAiIHdpZHRoPSI3MzAiIGNlbGxwYWRkaW5nPSIwIiBjZWxsc3BhY2luZz0iMTAiPjx0cj48dGQgYWxpZ249ImxlZnQiIGNvbHNwYW49IjQiPjxicj48aW1nIGJvcmRlcj0iMCIgc3JjPSJodHRwOi8vd3d3LnJha3V0ZW4ubmUuanAvZ29sZC9iYWVtYXN0ZXIvaW1nL05FV0FSUklWQUwucG5nIiB3aWR0aD0iMTE4IiBoZWlnaHQ9IjI3Ij48L3RkPjwvdHI+PHRyPgo8dGQgYWxpZ249ImNlbnRlciI+CjxpbWcgYm9yZGVyPSIwIiBzcmM9Imh0dHBzOi8vaW1hZ2UucmFrdXRlbi5jby5qcC9iYWVtYXN0ZXIvY2FiaW5ldC93YWxsZXQvYm13MDE5NV8xLmpwZyIgd2lkdGg9IjE3MCIgaGVpZ2h0PSIxNzAiPjwvdGQ+Cjx0ZCBhbGlnbj0iY2VudGVyIj4KPGltZyBib3JkZXI9IjAiIHNyYz0iaHR0cHM6Ly9pbWFnZS5yYWt1dGVuLmNvLmpwL2JhZW1hc3Rlci9jYWJpbmV0L3dhbGxldC9ibXcwMTg4XzEuanBnIiB3aWR0aD0iMTcwIiBoZWlnaHQ9IjE3MCI+PC90ZD4KPHRkIGFsaWduPSJjZW50ZXIiPgo8aW1nIGJvcmRlcj0iMCIgc3JjPSJodHRwczovL2ltYWdlLnJha3V0ZW4uY28uanAvYmFlbWFzdGVyL2NhYmluZXQvd2FsbGV0L2JtdzAxOTRfMS5qcGciIHdpZHRoPSIxNzAiIGhlaWdodD0iMTcwIj48L3RkPgo8dGQgYWxpZ249ImNlbnRlciI+CjxpbWcgYm9yZGVyPSIwIiBzcmM9Imh0dHBzOi8vaW1hZ2UucmFrdXRlbi5jby5qcC9iYWVtYXN0ZXIvY2FiaW5ldC93YWxsZXQvYm13MDE5MV8xLmpwZyIgd2lkdGg9IjE3MCIgaGVpZ2h0PSIxNzAiPjwvdGQ+PC90cj48dHI+PHRkIGFsaWduPSJjZW50ZXIiIGJnY29sb3I9IiNEQkI4OTUiPgoJPGZvbnQgZmFjZT0i44Oh44Kk44Oq44KqIiBzdHlsZT0iZm9udC1zaXplOiA5cHQiIGNvbG9yPSIjRkZGRkZGIj7mnKzpnanjg6zjgrbjg7zjgqrjgqTjg6vjg4zjg6E8L2ZvbnQ+PC90ZD48dGQgYWxpZ249ImNlbnRlciIgYmdjb2xvcj0iI0RCQjg5NSI+Cgk8Zm9udCBmYWNlPSLjg6HjgqTjg6rjgqoiIHN0eWxlPSJmb250LXNpemU6IDlwdCIgY29sb3I9IiNGRkZGRkYiPuacrOmdqeODrOOCtuODvOOCquOCpOODq+ODjOODoTwvZm9udD48L3RkPjx0ZCBhbGlnbj0iY2VudGVyIiBiZ2NvbG9yPSIjREJCODk1Ij4KCTxmb250IGZhY2U9IuODoeOCpOODquOCqiIgc3R5bGU9ImZvbnQtc2l6ZTogOXB0IiBjb2xvcj0iI0ZGRkZGRiI+5pys6Z2p44Os44K244O844Kt44O844Kx44O844K5PC9mb250PjwvdGQ+PHRkIGFsaWduPSJjZW50ZXIiIGJnY29sb3I9IiNEQkI4OTUiPgoJPGZvbnQgZmFjZT0i44Oh44Kk44Oq44KqIiBzdHlsZT0iZm9udC1zaXplOiA5cHQiIGNvbG9yPSIjRkZGRkZGIj7mnKzpnanjg6zjgrbjg7zjgqrjgqTjg6vjg4zjg6E8L2ZvbnQ+PC90ZD48L3RyPjx0cj48dGQgYWxpZ249InJpZ2h0IiBiZ2NvbG9yPSIjRkZGRkZGIiBjb2xzcGFuPSI0Ij4KCTxpbWcgYm9yZGVyPSIwIiBzcmM9Imh0dHA6Ly93d3cucmFrdXRlbi5uZS5qcC9nb2xkL2JhZW1hc3Rlci9pbWcvbW9yZWJuLmdpZiIgd2lkdGg9IjE2NyIgaGVpZ2h0PSI0MyI+PC90ZD48L3RyPjx0cj48dGQgYWxpZ249InJpZ2h0IiBiZ2NvbG9yPSIjRkZGRkZGIiBjb2xzcGFuPSI0Ij4KCTxicj4KCTxicj4KCQoJPGltZyBib3JkZXI9IjAiIHNyYz0iaHR0cDovL3d3dy5yYWt1dGVuLm5lLmpwL2dvbGQvYmFlbWFzdGVyL2ltZy9zbGlkZTEyLmpwZyIgd2lkdGg9IjcwMCIgaGVpZ2h0PSIzMTUiPjxicj4K44CAPC90ZD48L3RyPjx0cj48dGQgYWxpZ249InJpZ2h0IiBiZ2NvbG9yPSIjRkZGRkZGIiBjb2xzcGFuPSI0Ij4KCQoJPGltZyBib3JkZXI9IjAiIHNyYz0iaHR0cDovL3d3dy5yYWt1dGVuLm5lLmpwL2dvbGQvYmFlbWFzdGVyL2ltZy8wMDI5Ym5hdzcwMC5qcGciIHdpZHRoPSI3MDAiIGhlaWdodD0iMzMxIj48YnI+CuOAgDwvdGQ+PC90cj48dHI+PHRkIGFsaWduPSJyaWdodCIgYmdjb2xvcj0iI0ZGRkZGRiIgY29sc3Bhbj0iNCIgaGVpZ2h0PSIyNyI+CgkKCTxpbWcgYm9yZGVyPSIwIiBzcmM9Imh0dHA6Ly93d3cucmFrdXRlbi5uZS5qcC9nb2xkL2JhZW1hc3Rlci9pbWcvMDAwN2JuYXc3MDAuanBnIiB3aWR0aD0iNzAwIiBoZWlnaHQ9IjMxNSI+PGJyPgrjgIA8L3RkPjwvdHI+PHRyPjx0ZCBhbGlnbj0icmlnaHQiIGJnY29sb3I9IiNGRkZGRkYiIGNvbHNwYW49IjQiPgoJCgk8aW1nIGJvcmRlcj0iMCIgc3JjPSJodHRwOi8vd3d3LnJha3V0ZW4ubmUuanAvZ29sZC9iYWVtYXN0ZXIvaW1nLzAxNzdibmF3NzAwLmpwZyIgd2lkdGg9IjcwMCIgaGVpZ2h0PSIzMTUiPjwvdGQ+PC90cj48L3RhYmxlPgoJPHA+44CAPC9wPg==,44Oh44O844Or5L6/6YCB5paZ54Sh5paZIOWPr+aEm+OBhCDosqHluIMg44Os44OH44Kj44O844K5IOmVt+iyoeW4gyDjg6njgqbjg7Pjg4njg5XjgqHjgrnjg4rjg7zvvJpCQUVtYXN0ZXI=,6ZW36LKh5biD5pys6Z2p44Os44K244O844Oq44Ol44OD44Kv5bi95a2Q44OP44OD44OI44OI44O844OI44OQ44OD44KwaVBob25l44Oh44O844Or5L6/6YCB5paZ54Sh5paZIOWPr+aEm+OBhCDosqHluIMg44Os44OH44Kj44O844K5IOmVt+iyoeW4gyDjg6njgqbjg7Pjg4njg5XjgqHjgrnjg4rjg7w=,6LKh5biDIOODrOODh+OCo+ODvOOCuSDplbfosqHluIMg44Oh44O844Or5L6/6YCB5paZ54Sh5paZ44CC44Oh44O844Or5L6/6YCB5paZ54Sh5paZIOWPr+aEm+OBhCDosqHluIMg44Os44OH44Kj44O844K5IOmVt+iyoeW4gyDjg6njgqbjg7Pjg4njg5XjgqHjgrnjg4rjg7w=[rn]
39-76457,aHR0cDovL3RzaG9wLnIxMHMuanAvYmFlbWFzdGVyL2NhYmluZXQvd2FsbGV0L2JtdzAxMzNfMS5qcGc/Zml0aW49NzAwOjcwMA==,MTI5Ni4wMDAw,,44OQ44OD44Kw44O75bCP54mp44O744OW44Op44Oz44OJ6ZuR6LKoID4g6LKh5biD44O744Kx44O844K5ID4g44Os44OH44Kj44O844K56LKh5biD,44Oh44O844Or5L6/6YCB5paZ54Sh5paZIOOCs+ODs+ODkeOCr+ODiCDlj6/mhJvjgYQg6LKh5biDIOODrOODh+OCo+ODvOOCuSDkuozjgaTmipjjgoog5bCP6Yqt5YWl44KM44GC44KKIOODn+ODi+iyoeW4gw==,44Oh44O844Or5L6/6YCB5paZ54Sh5paZIOKAu+S7o+W8leOBjeOBr+ODoeODvOODq+S+v+S4jeWPr+OAgumAgeaWmeWIpemAlOW/heimgQ==,PHA+CjxpbWcgYm9yZGVyPSIwIiBzcmM9Imh0dHA6Ly9pbWFnZS5yYWt1dGVuLmNvLmpwL2JhZW1hc3Rlci9jYWJpbmV0L3dhbGxldC9ibXcwMTMzXzEuanBnIiB3aWR0aD0iNzAwIiBoZWlnaHQ9IjcwMCI+PGJyPgo8YnI+Cjxicj4KPGJyPgo8YnI+Cjxicj4KPGJyPgo8YnI+Cjxicj4KPGJyPgo8aW1nIGJvcmRlcj0iMCIgc3JjPSJodHRwOi8vaW1hZ2UucmFrdXRlbi5jby5qcC9iYWVtYXN0ZXIvY2FiaW5ldC93YWxsZXQvYm13MDEzM18yLmpwZyIgd2lkdGg9IjcwMCIgaGVpZ2h0PSI3MDAiPjxicj4KPGJyPgo8YnI+Cjxicj4KPGJyPgo8YnI+Cjxicj4KPGltZyBib3JkZXI9IjAiIHNyYz0iaHR0cDovL2ltYWdlLnJha3V0ZW4uY28uanAvYmFlbWFzdGVyL2NhYmluZXQvd2FsbGV0L2JtdzAxMzNfMy5qcGciIHdpZHRoPSI3MDAiIGhlaWdodD0iNzAwIj48YnI+Cjxicj4KPGJyPgo8YnI+Cjxicj4KPGJyPgo8YnI+CjxpbWcgYm9yZGVyPSIwIiBzcmM9Imh0dHA6Ly9pbWFnZS5yYWt1dGVuLmNvLmpwL2JhZW1hc3Rlci9jYWJpbmV0L3dhbGxldC9ibXcwMTMzXzQuanBnIiB3aWR0aD0iNzAwIiBoZWlnaHQ9IjcwMCI+PGJyPgo8YnI+Cjxicj4KPGJyPgo8YnI+Cjxicj4KPGJyPgo8aW1nIGJvcmRlcj0iMCIgc3JjPSJodHRwOi8vaW1hZ2UucmFrdXRlbi5jby5qcC9iYWVtYXN0ZXIvY2FiaW5ldC93YWxsZXQvYm13MDEzM181LmpwZyIgd2lkdGg9IjcwMCIgaGVpZ2h0PSI3MDAiPjxicj4KPGJyPgo8YnI+Cjxicj4KPGJyPgo8YnI+Cjxicj4KPGltZyBib3JkZXI9IjAiIHNyYz0iaHR0cDovL2ltYWdlLnJha3V0ZW4uY28uanAvYmFlbWFzdGVyL2NhYmluZXQvd2FsbGV0L2JtdzAxMzNfNi5qcGciIHdpZHRoPSI3MDAiIGhlaWdodD0iNzAwIj48YnI+Cjxicj4KPGJyPgo8YnI+Cjxicj4KPGJyPgo8YnI+CjxpbWcgYm9yZGVyPSIwIiBzcmM9Imh0dHA6Ly9pbWFnZS5yYWt1dGVuLmNvLmpwL2JhZW1hc3Rlci9jYWJpbmV0L3dhbGxldC9ibXcwMTMzXzcuanBnIiB3aWR0aD0iNzAwIiBoZWlnaHQ9IjcwMCI+PGJyPgo8YnI+Cjxicj4KPGJyPgo8YnI+Cjxicj4KPGJyPgo8aW1nIGJvcmRlcj0iMCIgc3JjPSJodHRwOi8vaW1hZ2UucmFrdXRlbi5jby5qcC9iYWVtYXN0ZXIvY2FiaW5ldC93YWxsZXQvYm13MDEzM184LmpwZyIgd2lkdGg9IjcwMCIgaGVpZ2h0PSI3MDAiPjxicj4KPGJyPgo8YnI+Cjxicj4KPGJyPgo8YnI+Cjxicj4KPGltZyBib3JkZXI9IjAiIHNyYz0iaHR0cDovL2ltYWdlLnJha3V0ZW4uY28uanAvYmFlbWFzdGVyL2NhYmluZXQvd2FsbGV0L2JtdzAxMzNfOS5qcGciIHdpZHRoPSI3MDAiIGhlaWdodD0iNzAwIj48YnI+Cjxicj4KPGJyPgo8YnI+Cjxicj4KPGJyPgo8YnI+CjxpbWcgYm9yZGVyPSIwIiBzcmM9Imh0dHA6Ly9pbWFnZS5yYWt1dGVuLmNvLmpwL2JhZW1hc3Rlci9jYWJpbmV0L3dhbGxldC9ibXcwMTMzXzEwLmpwZyIgd2lkdGg9IjcwMCIgaGVpZ2h0PSI3MDAiPjwvcD4KPHA+4pag44K144Kk44K6PGJyPgoxMS41w5c5LjXDlzEuOGNtPGJyPgo8YnI+CuKWoOOCq+ODqeODvDxicj4K44Kk44Ko44Ot44O8PGJyPgrjg5bjg6vjg7w8YnI+CuODm+ODr+OCpOODiDxicj4K44OU44Oz44KvPGJyPgrjgrDjg6rjg7zjg7M8YnI+CuODluODqeODg+OCrzxicj4KPGJyPgrilqDntKDmnZA8YnI+ClBV44Os44K244O8PGJyPgo8YnI+CuKWoOS7leanmDxicj4K44Kr44O844OJ5YWl44KMw5c0PGJyPgrjg53jgrHjg4Pjg4jDlzI8YnI+CuWwj+mKreWFpeOCjMOXMTxicj4K57SZ5bmj5YWl44KMw5cxPC9wPjx0YWJsZSBib3JkZXI9IjAiIHdpZHRoPSI3MzAiIGNlbGxzcGFjaW5nPSIwIiBjZWxscGFkZGluZz0iMCI+PHRyPjx0ZCBiZ2NvbG9yPSIjRkZGRkZGIj48cCBhbGlnbj0iY2VudGVyIj4KCTxpbWcgYm9yZGVyPSIwIiBzcmM9Imh0dHA6Ly93d3cucmFrdXRlbi5uZS5qcC9nb2xkL2JhZW1hc3Rlci9pbWcvZmVhdHVyZS5naWYiIHdpZHRoPSI3MzAiIGhlaWdodD0iNjAiPjxicj4KCTxicj4KCQoJPGltZyBib3JkZXI9IjAiIHNyYz0iaHR0cDovL3d3dy5yYWt1dGVuLm5lLmpwL2dvbGQvYmFlbWFzdGVyL2ltZy9zbGlkZTExLmpwZyIgd2lkdGg9IjcwMCIgaGVpZ2h0PSIzMTUiPjxicj4KCTxicj48L3RkPjwvdHI+PC90YWJsZT48dGFibGUgYm9yZGVyPSIwIiB3aWR0aD0iNzMwIiBjZWxscGFkZGluZz0iMCI+PHRyPjx0ZCBhbGlnbj0ibGVmdCIgY29sc3Bhbj0iNCI+PGltZyBib3JkZXI9IjAiIHNyYz0iaHR0cDovL3d3dy5yYWt1dGVuLm5lLmpwL2dvbGQvYmFlbWFzdGVyL2ltZy9yYW5raW5nLnBuZyIgd2lkdGg9IjE2MCIgaGVpZ2h0PSIzNCI+PC90ZD48L3RyPjx0cj48dGQgYWxpZ249ImxlZnQiPjxpbWcgYm9yZGVyPSIwIiBzcmM9Imh0dHA6Ly93d3cucmFrdXRlbi5uZS5qcC9nb2xkL2JhZW1hc3Rlci9pbWcvcjAxLmdpZiIgd2lkdGg9IjU5IiBoZWlnaHQ9IjE4Ij48L3RkPjx0ZCBhbGlnbj0ibGVmdCI+PGltZyBib3JkZXI9IjAiIHNyYz0iaHR0cDovL3d3dy5yYWt1dGVuLm5lLmpwL2dvbGQvYmFlbWFzdGVyL2ltZy9yMDIuZ2lmIiB3aWR0aD0iNTgiIGhlaWdodD0iMTgiPjwvdGQ+PHRkIGFsaWduPSJsZWZ0Ij48aW1nIGJvcmRlcj0iMCIgc3JjPSJodHRwOi8vd3d3LnJha3V0ZW4ubmUuanAvZ29sZC9iYWVtYXN0ZXIvaW1nL3IwMy5naWYiIHdpZHRoPSI2MCIgaGVpZ2h0PSIxOCI+PC90ZD48dGQgYWxpZ249ImxlZnQiPjxpbWcgYm9yZGVyPSIwIiBzcmM9Imh0dHA6Ly93d3cucmFrdXRlbi5uZS5qcC9nb2xkL2JhZW1hc3Rlci9pbWcvcjA0LmdpZiIgd2lkdGg9IjM5IiBoZWlnaHQ9IjE4Ij48L3RkPjwvdHI+PHRyPjx0ZCBhbGlnbj0iY2VudGVyIj4KCQoJPGltZyBib3JkZXI9IjAiIHNyYz0iaHR0cDovL2ltYWdlLnJha3V0ZW4uY28uanAvYmFlbWFzdGVyL2NhYmluZXQvd2FsbGV0L2JtdzAwNjNfMS5qcGciIHdpZHRoPSIxNzAiIGhlaWdodD0iMTcwIj48L3RkPjx0ZCBhbGlnbj0iY2VudGVyIj4KCQoJPGltZyBib3JkZXI9IjAiIHNyYz0iaHR0cDovL2ltYWdlLnJha3V0ZW4uY28uanAvYmFlbWFzdGVyL2NhYmluZXQvd2FsbGV0L2JtdzAwMjlfMS5qcGciIHdpZHRoPSIxNzAiIGhlaWdodD0iMTcwIj48L3RkPjx0ZCBhbGlnbj0iY2VudGVyIj4KCQoJPGltZyBib3JkZXI9IjAiIHNyYz0iaHR0cDovL2ltYWdlLnJha3V0ZW4uY28uanAvYmFlbWFzdGVyL2NhYmluZXQvd2FsbGV0L2JtdzAwMThfMS5qcGciIHdpZHRoPSIxNzAiIGhlaWdodD0iMTcwIj48L3RkPjx0ZCBhbGlnbj0iY2VudGVyIj4KCQoJPGltZyBib3JkZXI9IjAiIHNyYz0iaHR0cDovL2ltYWdlLnJha3V0ZW4uY28uanAvYmFlbWFzdGVyL2NhYmluZXQvd2FsbGV0L2JtdzAwODJfMS5qcGciIHdpZHRoPSIxNzAiIGhlaWdodD0iMTcwIj48L3RkPjwvdHI+PC90YWJsZT48cD48YnI+PGJyPjxpbWcgYm9yZGVyPSIwIiBzcmM9Imh0dHA6Ly93d3cucmFrdXRlbi5uZS5qcC9nb2xkL2JhZW1hc3Rlci9pbWcvc20tcmVjby5naWYiIHdpZHRoPSI3MzAiIGhlaWdodD0iNjAiPjwvcD48dGFibGUgYm9yZGVyPSIwIiB3aWR0aD0iNzMwIiBjZWxsc3BhY2luZz0iMTAiIGNlbGxwYWRkaW5nPSIwIj48dHI+PHRkIGFsaWduPSJjZW50ZXIiPgoJCgk8aW1nIGJvcmRlcj0iMCIgc3JjPSJodHRwOi8vaW1hZ2UucmFrdXRlbi5jby5qcC9iYWVtYXN0ZXIvY2FiaW5ldC93YWxsZXQvYm13MDA3M18xLmpwZyIgd2lkdGg9IjM1MCIgaGVpZ2h0PSIzNTAiPjwvdGQ+PHRkIGFsaWduPSJjZW50ZXIiPgoJCgk8aW1nIGJvcmRlcj0iMCIgc3JjPSJodHRwOi8vaW1hZ2UucmFrdXRlbi5jby5qcC9iYWVtYXN0ZXIvY2FiaW5ldC93YWxsZXQvYm13MDAzOV8xLmpwZyIgd2lkdGg9IjM1MCIgaGVpZ2h0PSIzNTAiPjwvdGQ+PC90cj48dHI+PHRkIGFsaWduPSJjZW50ZXIiIGJnY29sb3I9IiNEQkI4OTUiPjxmb250IGZhY2U9IuODoeOCpOODquOCqiIgc3R5bGU9ImZvbnQtc2l6ZTogOXB0IiBjb2xvcj0iI0ZGRkZGRiI+44CQRlJFRSBTSElQUElOR+OAkTxicj4KCQnjg6njgqbjg7Pjg4laSVDosqHluIM8L2ZvbnQ+PC90ZD48dGQgYWxpZ249ImNlbnRlciIgYmdjb2xvcj0iI0RCQjg5NSI+PGZvbnQgZmFjZT0i44Oh44Kk44Oq44KqIiBzdHlsZT0iZm9udC1zaXplOiA5cHQiIGNvbG9yPSIjRkZGRkZGIj4KCQnjgJBGUkVFIFNISVBQSU5H44CRPGJyPgoJCUJJR+OCteOCpOOCuumVt+iyoeW4gzwvZm9udD48L3RkPjwvdHI+PHRyPjx0ZCBhbGlnbj0icmlnaHQiIGJnY29sb3I9IiNGRkZGRkYiIGNvbHNwYW49IjIiPjxpbWcgYm9yZGVyPSIwIiBzcmM9Imh0dHA6Ly93d3cucmFrdXRlbi5uZS5qcC9nb2xkL2JhZW1hc3Rlci9pbWcvbW9yZWJuLmdpZiIgd2lkdGg9IjE2NyIgaGVpZ2h0PSI0MyI+PC90ZD48L3RyPjwvdGFibGU+PHRhYmxlIGJvcmRlcj0iMCIgd2lkdGg9IjczMCIgY2VsbHBhZGRpbmc9IjAiIGNlbGxzcGFjaW5nPSIxMCI+PHRyPjx0ZCBhbGlnbj0ibGVmdCIgY29sc3Bhbj0iNCI+PGJyPjxpbWcgYm9yZGVyPSIwIiBzcmM9Imh0dHA6Ly93d3cucmFrdXRlbi5uZS5qcC9nb2xkL2JhZW1hc3Rlci9pbWcvTkVXQVJSSVZBTC5wbmciIHdpZHRoPSIxMTgiIGhlaWdodD0iMjciPjwvdGQ+PC90cj48dHI+Cjx0ZCBhbGlnbj0iY2VudGVyIj4KPGltZyBib3JkZXI9IjAiIHNyYz0iaHR0cHM6Ly9pbWFnZS5yYWt1dGVuLmNvLmpwL2JhZW1hc3Rlci9jYWJpbmV0L3dhbGxldC9ibXcwMTk1XzEuanBnIiB3aWR0aD0iMTcwIiBoZWlnaHQ9IjE3MCI+PC90ZD4KPHRkIGFsaWduPSJjZW50ZXIiPgo8aW1nIGJvcmRlcj0iMCIgc3JjPSJodHRwczovL2ltYWdlLnJha3V0ZW4uY28uanAvYmFlbWFzdGVyL2NhYmluZXQvd2FsbGV0L2JtdzAxODhfMS5qcGciIHdpZHRoPSIxNzAiIGhlaWdodD0iMTcwIj48L3RkPgo8dGQgYWxpZ249ImNlbnRlciI+CjxpbWcgYm9yZGVyPSIwIiBzcmM9Imh0dHBzOi8vaW1hZ2UucmFrdXRlbi5jby5qcC9iYWVtYXN0ZXIvY2FiaW5ldC93YWxsZXQvYm13MDE5NF8xLmpwZyIgd2lkdGg9IjE3MCIgaGVpZ2h0PSIxNzAiPjwvdGQ+Cjx0ZCBhbGlnbj0iY2VudGVyIj4KPGltZyBib3JkZXI9IjAiIHNyYz0iaHR0cHM6Ly9pbWFnZS5yYWt1dGVuLmNvLmpwL2JhZW1hc3Rlci9jYWJpbmV0L3dhbGxldC9ibXcwMTkxXzEuanBnIiB3aWR0aD0iMTcwIiBoZWlnaHQ9IjE3MCI+PC90ZD48L3RyPjx0cj48dGQgYWxpZ249ImNlbnRlciIgYmdjb2xvcj0iI0RCQjg5NSI+Cgk8Zm9udCBmYWNlPSLjg6HjgqTjg6rjgqoiIHN0eWxlPSJmb250LXNpemU6IDlwdCIgY29sb3I9IiNGRkZGRkYiPuacrOmdqeODrOOCtuODvOOCquOCpOODq+ODjOODoTwvZm9udD48L3RkPjx0ZCBhbGlnbj0iY2VudGVyIiBiZ2NvbG9yPSIjREJCODk1Ij4KCTxmb250IGZhY2U9IuODoeOCpOODquOCqiIgc3R5bGU9ImZvbnQtc2l6ZTogOXB0IiBjb2xvcj0iI0ZGRkZGRiI+5pys6Z2p44Os44K244O844Kq44Kk44Or44OM44OhPC9mb250PjwvdGQ+PHRkIGFsaWduPSJjZW50ZXIiIGJnY29sb3I9IiNEQkI4OTUiPgoJPGZvbnQgZmFjZT0i44Oh44Kk44Oq44KqIiBzdHlsZT0iZm9udC1zaXplOiA5cHQiIGNvbG9yPSIjRkZGRkZGIj7mnKzpnanjg6zjgrbjg7zjgq3jg7zjgrHjg7zjgrk8L2ZvbnQ+PC90ZD48dGQgYWxpZ249ImNlbnRlciIgYmdjb2xvcj0iI0RCQjg5NSI+Cgk8Zm9udCBmYWNlPSLjg6HjgqTjg6rjgqoiIHN0eWxlPSJmb250LXNpemU6IDlwdCIgY29sb3I9IiNGRkZGRkYiPuacrOmdqeODrOOCtuODvOOCquOCpOODq+ODjOODoTwvZm9udD48L3RkPjwvdHI+PHRyPjx0ZCBhbGlnbj0icmlnaHQiIGJnY29sb3I9IiNGRkZGRkYiIGNvbHNwYW49IjQiPgoJPGltZyBib3JkZXI9IjAiIHNyYz0iaHR0cDovL3d3dy5yYWt1dGVuLm5lLmpwL2dvbGQvYmFlbWFzdGVyL2ltZy9tb3JlYm4uZ2lmIiB3aWR0aD0iMTY3IiBoZWlnaHQ9IjQzIj48L3RkPjwvdHI+PHRyPjx0ZCBhbGlnbj0icmlnaHQiIGJnY29sb3I9IiNGRkZGRkYiIGNvbHNwYW49IjQiPgoJPGJyPgoJPGJyPgoJCgk8aW1nIGJvcmRlcj0iMCIgc3JjPSJodHRwOi8vd3d3LnJha3V0ZW4ubmUuanAvZ29sZC9iYWVtYXN0ZXIvaW1nL3NsaWRlMTIuanBnIiB3aWR0aD0iNzAwIiBoZWlnaHQ9IjMxNSI+PGJyPgrjgIA8L3RkPjwvdHI+PHRyPjx0ZCBhbGlnbj0icmlnaHQiIGJnY29sb3I9IiNGRkZGRkYiIGNvbHNwYW49IjQiPgoJCgk8aW1nIGJvcmRlcj0iMCIgc3JjPSJodHRwOi8vd3d3LnJha3V0ZW4ubmUuanAvZ29sZC9iYWVtYXN0ZXIvaW1nLzAwMjlibmF3NzAwLmpwZyIgd2lkdGg9IjcwMCIgaGVpZ2h0PSIzMzEiPjxicj4K44CAPC90ZD48L3RyPjx0cj48dGQgYWxpZ249InJpZ2h0IiBiZ2NvbG9yPSIjRkZGRkZGIiBjb2xzcGFuPSI0IiBoZWlnaHQ9IjI3Ij4KCQoJPGltZyBib3JkZXI9IjAiIHNyYz0iaHR0cDovL3d3dy5yYWt1dGVuLm5lLmpwL2dvbGQvYmFlbWFzdGVyL2ltZy8wMDA3Ym5hdzcwMC5qcGciIHdpZHRoPSI3MDAiIGhlaWdodD0iMzE1Ij48YnI+CuOAgDwvdGQ+PC90cj48dHI+PHRkIGFsaWduPSJyaWdodCIgYmdjb2xvcj0iI0ZGRkZGRiIgY29sc3Bhbj0iNCI+CgkKCTxpbWcgYm9yZGVyPSIwIiBzcmM9Imh0dHA6Ly93d3cucmFrdXRlbi5uZS5qcC9nb2xkL2JhZW1hc3Rlci9pbWcvMDE3N2JuYXc3MDAuanBnIiB3aWR0aD0iNzAwIiBoZWlnaHQ9IjMxNSI+PC90ZD48L3RyPjwvdGFibGU+Cgk8cD7jgIA8L3A+,44Oh44O844Or5L6/6YCB5paZ54Sh5paZIOOCs+ODs+ODkeOCr+ODiCDlj6/mhJvjgYQg6LKh5biDIOODrOODh+OCo+ODvOOCuSDkuozjgaTmipjjgoog5bCP6Yqt5YWl44KM44GC44KKIOODn+ODi+iyoeW4g++8mkJBRW1hc3Rlcg==,6ZW36LKh5biD5pys6Z2p44Os44K244O844Oq44Ol44OD44Kv5bi95a2Q44OP44OD44OI44OI44O844OI44OQ44OD44KwaVBob25l44Oh44O844Or5L6/6YCB5paZ54Sh5paZIOOCs+ODs+ODkeOCr+ODiCDlj6/mhJvjgYQg6LKh5biDIOODrOODh+OCo+ODvOOCuSDkuozjgaTmipjjgoog5bCP6Yqt5YWl44KM44GC44KKIOODn+ODi+iyoeW4gw==,44Oh44O844Or5L6/6YCB5paZ54Sh5paZIOKAu+S7o+W8leOBjeOBr+ODoeODvOODq+S+v+S4jeWPr+OAgumAgeaWmeWIpemAlOW/heimgeOAguODoeODvOODq+S+v+mAgeaWmeeEoeaWmSDjgrPjg7Pjg5Hjgq/jg4gg5Y+v5oSb44GEIOiyoeW4gyDjg6zjg4fjgqPjg7zjgrkg5LqM44Gk5oqY44KKIOWwj+mKreWFpeOCjOOBguOCiiDjg5/jg4vosqHluIM=[rn]
39-76458,aHR0cDovL3RzaG9wLnIxMHMuanAvYmFlbWFzdGVyL2NhYmluZXQvd2FsbGV0L2JtdzAwNzBfMS5qcGc/Zml0aW49NzAwOjcwMA==,MjQxOS4yMDAw,,44OQ44OD44Kw44O75bCP54mp44O744OW44Op44Oz44OJ6ZuR6LKoID4g6LKh5biD44O744Kx44O844K5ID4g44Os44OH44Kj44O844K56LKh5biD,44Oh44O844Or5L6/6YCB5paZ54Sh5paZIOacrOmdqSDniZvpnakg44Os44K244O8IOWPr+aEm+OBhCDosqHluIMg44Os44OH44Kj44O844K5IOmVt+iyoeW4gyDjgqvjg6Hjg6rjgqLmn4Qg44Op44Km44Oz44OJ44OV44Kh44K544OK44O8IOWPr+aEm+OBhA==,44Oh44O844Or5L6/6YCB5paZ54Sh5paZIOKAu+S7o+W8leOBjeOBr+ODoeODvOODq+S+v+S4jeWPr+OAgumAgeaWmeWIpemAlOW/heimgQ==,PHA+CjxpbWcgYm9yZGVyPSIwIiBzcmM9Imh0dHA6Ly9pbWFnZS5yYWt1dGVuLmNvLmpwL2JhZW1hc3Rlci9jYWJpbmV0L3dhbGxldC9ibXcwMDcwXzEuanBnIiB3aWR0aD0iNzAwIiBoZWlnaHQ9IjcwMCI+PGJyPgo8YnI+Cjxicj4KPGJyPgo8YnI+CjxpbWcgYm9yZGVyPSIwIiBzcmM9Imh0dHA6Ly9pbWFnZS5yYWt1dGVuLmNvLmpwL2JhZW1hc3Rlci9jYWJpbmV0L3dhbGxldC9ibXcwMDcwXzIuanBnIiB3aWR0aD0iNzAwIiBoZWlnaHQ9IjcwMCI+PGJyPgo8YnI+Cjxicj4KPGltZyBib3JkZXI9IjAiIHNyYz0iaHR0cDovL2ltYWdlLnJha3V0ZW4uY28uanAvYmFlbWFzdGVyL2NhYmluZXQvd2FsbGV0L2JtdzAwNzBfMy5qcGciIHdpZHRoPSI3MDAiIGhlaWdodD0iNzAwIj48YnI+Cjxicj4KPGJyPgo8YnI+Cjxicj4KPGltZyBib3JkZXI9IjAiIHNyYz0iaHR0cDovL2ltYWdlLnJha3V0ZW4uY28uanAvYmFlbWFzdGVyL2NhYmluZXQvd2FsbGV0L2JtdzAwNzBfNC5qcGciIHdpZHRoPSI3MDAiIGhlaWdodD0iNzAwIj48YnI+Cjxicj4KPGJyPgo8YnI+Cjxicj4KPGltZyBib3JkZXI9IjAiIHNyYz0iaHR0cDovL2ltYWdlLnJha3V0ZW4uY28uanAvYmFlbWFzdGVyL2NhYmluZXQvd2FsbGV0L2JtdzAwNzBfNS5qcGciIHdpZHRoPSI3MDAiIGhlaWdodD0iMTA1MCI+PGJyPgo8YnI+Cjxicj4KPGJyPgo8aW1nIGJvcmRlcj0iMCIgc3JjPSJodHRwOi8vaW1hZ2UucmFrdXRlbi5jby5qcC9iYWVtYXN0ZXIvY2FiaW5ldC93YWxsZXQvYm13MDA3MF82LmpwZyIgd2lkdGg9IjcwMCIgaGVpZ2h0PSI3MDAiPjxicj4KPGltZyBib3JkZXI9IjAiIHNyYz0iaHR0cDovL2ltYWdlLnJha3V0ZW4uY28uanAvYmFlbWFzdGVyL2NhYmluZXQvd2FsbGV0L2JtdzAwNzBfNy5qcGciIHdpZHRoPSI3MDAiIGhlaWdodD0iNzAwIj48YnI+CjxpbWcgYm9yZGVyPSIwIiBzcmM9Imh0dHA6Ly9pbWFnZS5yYWt1dGVuLmNvLmpwL2JhZW1hc3Rlci9jYWJpbmV0L3dhbGxldC9ibXcwMDcwXzguanBnIiB3aWR0aD0iNzAwIiBoZWlnaHQ9IjcwMCI+PGJyPgo8aW1nIGJvcmRlcj0iMCIgc3JjPSJodHRwOi8vaW1hZ2UucmFrdXRlbi5jby5qcC9iYWVtYXN0ZXIvY2FiaW5ldC93YWxsZXQvYm13MDA3MF85LmpwZyIgd2lkdGg9IjcwMCIgaGVpZ2h0PSI3MDAiPjxicj4KPGltZyBib3JkZXI9IjAiIHNyYz0iaHR0cDovL2ltYWdlLnJha3V0ZW4uY28uanAvYmFlbWFzdGVyL2NhYmluZXQvd2FsbGV0L2JtdzAwNzBfMTAuanBnIiB3aWR0aD0iNzAwIiBoZWlnaHQ9IjcwMCI+PGJyPgo8aW1nIGJvcmRlcj0iMCIgc3JjPSJodHRwOi8vaW1hZ2UucmFrdXRlbi5jby5qcC9iYWVtYXN0ZXIvY2FiaW5ldC93YWxsZXQvYm13MDA3MF8xMS5qcGciIHdpZHRoPSI3MDAiIGhlaWdodD0iNzAwIj48L3A+CjxwPuOCteOCpOOCujxicj4KMjDDlzEwLjXDlzIuNWNtPGJyPgo8YnI+Cue0oOadkDxicj4K54mb5pys6Z2p44Os44K244O8PGJyPgo8YnI+CuOCq+ODqeODvDxicj4K44OW44Op44OD44KvPGJyPgrjg43jgqTjg5Pjg7w8YnI+CuODkeODvOODl+ODqzxicj4K44Os44OD44OJPGJyPgrjg63jg7zjgro8YnI+Cjxicj4K5YaF5a65PGJyPgrlsI/piq3lhaXjgozDlzE8YnI+Cue0meW5o+WFpeOCjMOXMTxicj4K44Od44Kx44OD44OIw5c0PGJyPgrjgqvjg7zjg4nlhaXjgozDlzg8L3A+PHRhYmxlIGJvcmRlcj0iMCIgd2lkdGg9IjczMCIgY2VsbHNwYWNpbmc9IjAiIGNlbGxwYWRkaW5nPSIwIj48dHI+PHRkIGJnY29sb3I9IiNGRkZGRkYiPjxwIGFsaWduPSJjZW50ZXIiPgoJPGltZyBib3JkZXI9IjAiIHNyYz0iaHR0cDovL3d3dy5yYWt1dGVuLm5lLmpwL2dvbGQvYmFlbWFzdGVyL2ltZy9mZWF0dXJlLmdpZiIgd2lkdGg9IjczMCIgaGVpZ2h0PSI2MCI+PGJyPgoJPGJyPgoJCgk8aW1nIGJvcmRlcj0iMCIgc3JjPSJodHRwOi8vd3d3LnJha3V0ZW4ubmUuanAvZ29sZC9iYWVtYXN0ZXIvaW1nL3NsaWRlMTEuanBnIiB3aWR0aD0iNzAwIiBoZWlnaHQ9IjMxNSI+PGJyPgoJPGJyPjwvdGQ+PC90cj48L3RhYmxlPjx0YWJsZSBib3JkZXI9IjAiIHdpZHRoPSI3MzAiIGNlbGxwYWRkaW5nPSIwIj48dHI+PHRkIGFsaWduPSJsZWZ0IiBjb2xzcGFuPSI0Ij48aW1nIGJvcmRlcj0iMCIgc3JjPSJodHRwOi8vd3d3LnJha3V0ZW4ubmUuanAvZ29sZC9iYWVtYXN0ZXIvaW1nL3JhbmtpbmcucG5nIiB3aWR0aD0iMTYwIiBoZWlnaHQ9IjM0Ij48L3RkPjwvdHI+PHRyPjx0ZCBhbGlnbj0ibGVmdCI+PGltZyBib3JkZXI9IjAiIHNyYz0iaHR0cDovL3d3dy5yYWt1dGVuLm5lLmpwL2dvbGQvYmFlbWFzdGVyL2ltZy9yMDEuZ2lmIiB3aWR0aD0iNTkiIGhlaWdodD0iMTgiPjwvdGQ+PHRkIGFsaWduPSJsZWZ0Ij48aW1nIGJvcmRlcj0iMCIgc3JjPSJodHRwOi8vd3d3LnJha3V0ZW4ubmUuanAvZ29sZC9iYWVtYXN0ZXIvaW1nL3IwMi5naWYiIHdpZHRoPSI1OCIgaGVpZ2h0PSIxOCI+PC90ZD48dGQgYWxpZ249ImxlZnQiPjxpbWcgYm9yZGVyPSIwIiBzcmM9Imh0dHA6Ly93d3cucmFrdXRlbi5uZS5qcC9nb2xkL2JhZW1hc3Rlci9pbWcvcjAzLmdpZiIgd2lkdGg9IjYwIiBoZWlnaHQ9IjE4Ij48L3RkPjx0ZCBhbGlnbj0ibGVmdCI+PGltZyBib3JkZXI9IjAiIHNyYz0iaHR0cDovL3d3dy5yYWt1dGVuLm5lLmpwL2dvbGQvYmFlbWFzdGVyL2ltZy9yMDQuZ2lmIiB3aWR0aD0iMzkiIGhlaWdodD0iMTgiPjwvdGQ+PC90cj48dHI+PHRkIGFsaWduPSJjZW50ZXIiPgoJCgk8aW1nIGJvcmRlcj0iMCIgc3JjPSJodHRwOi8vaW1hZ2UucmFrdXRlbi5jby5qcC9iYWVtYXN0ZXIvY2FiaW5ldC93YWxsZXQvYm13MDA2M18xLmpwZyIgd2lkdGg9IjE3MCIgaGVpZ2h0PSIxNzAiPjwvdGQ+PHRkIGFsaWduPSJjZW50ZXIiPgoJCgk8aW1nIGJvcmRlcj0iMCIgc3JjPSJodHRwOi8vaW1hZ2UucmFrdXRlbi5jby5qcC9iYWVtYXN0ZXIvY2FiaW5ldC93YWxsZXQvYm13MDAyOV8xLmpwZyIgd2lkdGg9IjE3MCIgaGVpZ2h0PSIxNzAiPjwvdGQ+PHRkIGFsaWduPSJjZW50ZXIiPgoJCgk8aW1nIGJvcmRlcj0iMCIgc3JjPSJodHRwOi8vaW1hZ2UucmFrdXRlbi5jby5qcC9iYWVtYXN0ZXIvY2FiaW5ldC93YWxsZXQvYm13MDAxOF8xLmpwZyIgd2lkdGg9IjE3MCIgaGVpZ2h0PSIxNzAiPjwvdGQ+PHRkIGFsaWduPSJjZW50ZXIiPgoJCgk8aW1nIGJvcmRlcj0iMCIgc3JjPSJodHRwOi8vaW1hZ2UucmFrdXRlbi5jby5qcC9iYWVtYXN0ZXIvY2FiaW5ldC93YWxsZXQvYm13MDA4Ml8xLmpwZyIgd2lkdGg9IjE3MCIgaGVpZ2h0PSIxNzAiPjwvdGQ+PC90cj48L3RhYmxlPjxwPjxicj48YnI+PGltZyBib3JkZXI9IjAiIHNyYz0iaHR0cDovL3d3dy5yYWt1dGVuLm5lLmpwL2dvbGQvYmFlbWFzdGVyL2ltZy9zbS1yZWNvLmdpZiIgd2lkdGg9IjczMCIgaGVpZ2h0PSI2MCI+PC9wPjx0YWJsZSBib3JkZXI9IjAiIHdpZHRoPSI3MzAiIGNlbGxzcGFjaW5nPSIxMCIgY2VsbHBhZGRpbmc9IjAiPjx0cj48dGQgYWxpZ249ImNlbnRlciI+CgkKCTxpbWcgYm9yZGVyPSIwIiBzcmM9Imh0dHA6Ly9pbWFnZS5yYWt1dGVuLmNvLmpwL2JhZW1hc3Rlci9jYWJpbmV0L3dhbGxldC9ibXcwMDczXzEuanBnIiB3aWR0aD0iMzUwIiBoZWlnaHQ9IjM1MCI+PC90ZD48dGQgYWxpZ249ImNlbnRlciI+CgkKCTxpbWcgYm9yZGVyPSIwIiBzcmM9Imh0dHA6Ly9pbWFnZS5yYWt1dGVuLmNvLmpwL2JhZW1hc3Rlci9jYWJpbmV0L3dhbGxldC9ibXcwMDM5XzEuanBnIiB3aWR0aD0iMzUwIiBoZWlnaHQ9IjM1MCI+PC90ZD48L3RyPjx0cj48dGQgYWxpZ249ImNlbnRlciIgYmdjb2xvcj0iI0RCQjg5NSI+PGZvbnQgZmFjZT0i44Oh44Kk44Oq44KqIiBzdHlsZT0iZm9udC1zaXplOiA5cHQiIGNvbG9yPSIjRkZGRkZGIj7jgJBGUkVFIFNISVBQSU5H44CRPGJyPgoJCeODqeOCpuODs+ODiVpJUOiyoeW4gzwvZm9udD48L3RkPjx0ZCBhbGlnbj0iY2VudGVyIiBiZ2NvbG9yPSIjREJCODk1Ij48Zm9udCBmYWNlPSLjg6HjgqTjg6rjgqoiIHN0eWxlPSJmb250LXNpemU6IDlwdCIgY29sb3I9IiNGRkZGRkYiPgoJCeOAkEZSRUUgU0hJUFBJTkfjgJE8YnI+CgkJQklH44K144Kk44K66ZW36LKh5biDPC9mb250PjwvdGQ+PC90cj48dHI+PHRkIGFsaWduPSJyaWdodCIgYmdjb2xvcj0iI0ZGRkZGRiIgY29sc3Bhbj0iMiI+PGltZyBib3JkZXI9IjAiIHNyYz0iaHR0cDovL3d3dy5yYWt1dGVuLm5lLmpwL2dvbGQvYmFlbWFzdGVyL2ltZy9tb3JlYm4uZ2lmIiB3aWR0aD0iMTY3IiBoZWlnaHQ9IjQzIj48L3RkPjwvdHI+PC90YWJsZT48dGFibGUgYm9yZGVyPSIwIiB3aWR0aD0iNzMwIiBjZWxscGFkZGluZz0iMCIgY2VsbHNwYWNpbmc9IjEwIj48dHI+PHRkIGFsaWduPSJsZWZ0IiBjb2xzcGFuPSI0Ij48YnI+PGltZyBib3JkZXI9IjAiIHNyYz0iaHR0cDovL3d3dy5yYWt1dGVuLm5lLmpwL2dvbGQvYmFlbWFzdGVyL2ltZy9ORVdBUlJJVkFMLnBuZyIgd2lkdGg9IjExOCIgaGVpZ2h0PSIyNyI+PC90ZD48L3RyPjx0cj4KPHRkIGFsaWduPSJjZW50ZXIiPgo8aW1nIGJvcmRlcj0iMCIgc3JjPSJodHRwczovL2ltYWdlLnJha3V0ZW4uY28uanAvYmFlbWFzdGVyL2NhYmluZXQvd2FsbGV0L2JtdzAxOTVfMS5qcGciIHdpZHRoPSIxNzAiIGhlaWdodD0iMTcwIj48L3RkPgo8dGQgYWxpZ249ImNlbnRlciI+CjxpbWcgYm9yZGVyPSIwIiBzcmM9Imh0dHBzOi8vaW1hZ2UucmFrdXRlbi5jby5qcC9iYWVtYXN0ZXIvY2FiaW5ldC93YWxsZXQvYm13MDE4OF8xLmpwZyIgd2lkdGg9IjE3MCIgaGVpZ2h0PSIxNzAiPjwvdGQ+Cjx0ZCBhbGlnbj0iY2VudGVyIj4KPGltZyBib3JkZXI9IjAiIHNyYz0iaHR0cHM6Ly9pbWFnZS5yYWt1dGVuLmNvLmpwL2JhZW1hc3Rlci9jYWJpbmV0L3dhbGxldC9ibXcwMTk0XzEuanBnIiB3aWR0aD0iMTcwIiBoZWlnaHQ9IjE3MCI+PC90ZD4KPHRkIGFsaWduPSJjZW50ZXIiPgo8aW1nIGJvcmRlcj0iMCIgc3JjPSJodHRwczovL2ltYWdlLnJha3V0ZW4uY28uanAvYmFlbWFzdGVyL2NhYmluZXQvd2FsbGV0L2JtdzAxOTFfMS5qcGciIHdpZHRoPSIxNzAiIGhlaWdodD0iMTcwIj48L3RkPjwvdHI+PHRyPjx0ZCBhbGlnbj0iY2VudGVyIiBiZ2NvbG9yPSIjREJCODk1Ij4KCTxmb250IGZhY2U9IuODoeOCpOODquOCqiIgc3R5bGU9ImZvbnQtc2l6ZTogOXB0IiBjb2xvcj0iI0ZGRkZGRiI+5pys6Z2p44Os44K244O844Kq44Kk44Or44OM44OhPC9mb250PjwvdGQ+PHRkIGFsaWduPSJjZW50ZXIiIGJnY29sb3I9IiNEQkI4OTUiPgoJPGZvbnQgZmFjZT0i44Oh44Kk44Oq44KqIiBzdHlsZT0iZm9udC1zaXplOiA5cHQiIGNvbG9yPSIjRkZGRkZGIj7mnKzpnanjg6zjgrbjg7zjgqrjgqTjg6vjg4zjg6E8L2ZvbnQ+PC90ZD48dGQgYWxpZ249ImNlbnRlciIgYmdjb2xvcj0iI0RCQjg5NSI+Cgk8Zm9udCBmYWNlPSLjg6HjgqTjg6rjgqoiIHN0eWxlPSJmb250LXNpemU6IDlwdCIgY29sb3I9IiNGRkZGRkYiPuacrOmdqeODrOOCtuODvOOCreODvOOCseODvOOCuTwvZm9udD48L3RkPjx0ZCBhbGlnbj0iY2VudGVyIiBiZ2NvbG9yPSIjREJCODk1Ij4KCTxmb250IGZhY2U9IuODoeOCpOODquOCqiIgc3R5bGU9ImZvbnQtc2l6ZTogOXB0IiBjb2xvcj0iI0ZGRkZGRiI+5pys6Z2p44Os44K244O844Kq44Kk44Or44OM44OhPC9mb250PjwvdGQ+PC90cj48dHI+PHRkIGFsaWduPSJyaWdodCIgYmdjb2xvcj0iI0ZGRkZGRiIgY29sc3Bhbj0iNCI+Cgk8aW1nIGJvcmRlcj0iMCIgc3JjPSJodHRwOi8vd3d3LnJha3V0ZW4ubmUuanAvZ29sZC9iYWVtYXN0ZXIvaW1nL21vcmVibi5naWYiIHdpZHRoPSIxNjciIGhlaWdodD0iNDMiPjwvdGQ+PC90cj48dHI+PHRkIGFsaWduPSJyaWdodCIgYmdjb2xvcj0iI0ZGRkZGRiIgY29sc3Bhbj0iNCI+Cgk8YnI+Cgk8YnI+CgkKCTxpbWcgYm9yZGVyPSIwIiBzcmM9Imh0dHA6Ly93d3cucmFrdXRlbi5uZS5qcC9nb2xkL2JhZW1hc3Rlci9pbWcvc2xpZGUxMi5qcGciIHdpZHRoPSI3MDAiIGhlaWdodD0iMzE1Ij48YnI+CuOAgDwvdGQ+PC90cj48dHI+PHRkIGFsaWduPSJyaWdodCIgYmdjb2xvcj0iI0ZGRkZGRiIgY29sc3Bhbj0iNCI+CgkKCTxpbWcgYm9yZGVyPSIwIiBzcmM9Imh0dHA6Ly93d3cucmFrdXRlbi5uZS5qcC9nb2xkL2JhZW1hc3Rlci9pbWcvMDAyOWJuYXc3MDAuanBnIiB3aWR0aD0iNzAwIiBoZWlnaHQ9IjMzMSI+PGJyPgrjgIA8L3RkPjwvdHI+PHRyPjx0ZCBhbGlnbj0icmlnaHQiIGJnY29sb3I9IiNGRkZGRkYiIGNvbHNwYW49IjQiIGhlaWdodD0iMjciPgoJCgk8aW1nIGJvcmRlcj0iMCIgc3JjPSJodHRwOi8vd3d3LnJha3V0ZW4ubmUuanAvZ29sZC9iYWVtYXN0ZXIvaW1nLzAwMDdibmF3NzAwLmpwZyIgd2lkdGg9IjcwMCIgaGVpZ2h0PSIzMTUiPjxicj4K44CAPC90ZD48L3RyPjx0cj48dGQgYWxpZ249InJpZ2h0IiBiZ2NvbG9yPSIjRkZGRkZGIiBjb2xzcGFuPSI0Ij4KCQoJPGltZyBib3JkZXI9IjAiIHNyYz0iaHR0cDovL3d3dy5yYWt1dGVuLm5lLmpwL2dvbGQvYmFlbWFzdGVyL2ltZy8wMTc3Ym5hdzcwMC5qcGciIHdpZHRoPSI3MDAiIGhlaWdodD0iMzE1Ij48L3RkPjwvdHI+PC90YWJsZT4KCTxwPuOAgDwvcD4=,44Oh44O844Or5L6/6YCB5paZ54Sh5paZIOacrOmdqSDniZvpnakg44Os44K244O8IOWPr+aEm+OBhCDosqHluIMg44Os44OH44Kj44O844K5IOmVt+iyoeW4gyDjgqvjg6Hjg6rjgqLmn4Qg44Op44Km44Oz44OJ44OV44Kh44K544OK44O8IOWPr+aEm+OBhO+8mkJBRW1hc3Rlcg==,6ZW36LKh5biD5pys6Z2p44Os44K244O844Oq44Ol44OD44Kv5bi95a2Q44OP44OD44OI44OI44O844OI44OQ44OD44KwaVBob25l44Oh44O844Or5L6/6YCB5paZ54Sh5paZIOacrOmdqSDniZvpnakg44Os44K244O8IOWPr+aEm+OBhCDosqHluIMg44Os44OH44Kj44O844K5IOmVt+iyoeW4gyDjgqvjg6Hjg6rjgqLmn4Qg44Op44Km44Oz44OJ44OV44Kh44K544OK44O8IOWPr+aEm+OBhA==,44Oh44O844Or5L6/6YCB5paZ54Sh5paZIOKAu+S7o+W8leOBjeOBr+ODoeODvOODq+S+v+S4jeWPr+OAgumAgeaWmeWIpemAlOW/heimgeOAguODoeODvOODq+S+v+mAgeaWmeeEoeaWmSDmnKzpnakg54mb6Z2pIOODrOOCtuODvCDlj6/mhJvjgYQg6LKh5biDIOODrOODh+OCo+ODvOOCuSDplbfosqHluIMg44Kr44Oh44Oq44Ki5p+EIOODqeOCpuODs+ODieODleOCoeOCueODiuODvCDlj6/mhJvjgYQ=[rn]
39-76459,aHR0cDovL3RzaG9wLnIxMHMuanAvYmFlbWFzdGVyL2NhYmluZXQvd2FsbGV0L2JtdzAwMzdfMS5qcGc/Zml0aW49NzAwOjcwMA==,MTAzNi44MDAw,,44OQ44OD44Kw44O75bCP54mp44O744OW44Op44Oz44OJ6ZuR6LKoID4g6LKh5biD44O744Kx44O844K5ID4g44Os44OH44Kj44O844K56LKh5biD,44Oh44O844Or5L6/6YCB5paZ54Sh5paZIOWPr+aEm+OBhCDosqHluIMg44Os44OH44Kj44O844K5IOmVt+iyoeW4gyDjg7TjgqPjg7Pjg4bjg7zjgrjpoqggUFXjg6zjgrbjg7w=,44Oh44O844Or5L6/6YCB5paZ54Sh5paZIOKAu+S7o+W8leOBjeOBr+ODoeODvOODq+S+v+S4jeWPr+OAgumAgeaWmeWIpemAlOW/heimgQ==,PHA+CjxpbWcgYm9yZGVyPSIwIiBzcmM9Imh0dHA6Ly9pbWFnZS5yYWt1dGVuLmNvLmpwL2JhZW1hc3Rlci9jYWJpbmV0L3dhbGxldC9ibXcwMDM3XzEuanBnIiB3aWR0aD0iNzAwIiBoZWlnaHQ9IjcwMCI+PGJyPgo8YnI+Cjxicj4KPGJyPgo8YnI+CjxpbWcgYm9yZGVyPSIwIiBzcmM9Imh0dHA6Ly9pbWFnZS5yYWt1dGVuLmNvLmpwL2JhZW1hc3Rlci9jYWJpbmV0L3dhbGxldC9ibXcwMDM3XzIuanBnIiB3aWR0aD0iNzAwIiBoZWlnaHQ9IjcwMCI+PGJyPgo8YnI+Cjxicj4KPGJyPgo8YnI+CjxpbWcgYm9yZGVyPSIwIiBzcmM9Imh0dHA6Ly9pbWFnZS5yYWt1dGVuLmNvLmpwL2JhZW1hc3Rlci9jYWJpbmV0L3dhbGxldC9ibXcwMDM3XzMuanBnIiB3aWR0aD0iNzAwIiBoZWlnaHQ9IjcwMCI+PGJyPgo8YnI+Cjxicj4KPGJyPgo8YnI+CjxpbWcgYm9yZGVyPSIwIiBzcmM9Imh0dHA6Ly9pbWFnZS5yYWt1dGVuLmNvLmpwL2JhZW1hc3Rlci9jYWJpbmV0L3dhbGxldC9ibXcwMDM3XzQuanBnIiB3aWR0aD0iNzAwIiBoZWlnaHQ9IjcwMCI+PGJyPgo8YnI+Cjxicj4KPGJyPgo8YnI+CjxpbWcgYm9yZGVyPSIwIiBzcmM9Imh0dHA6Ly9pbWFnZS5yYWt1dGVuLmNvLmpwL2JhZW1hc3Rlci9jYWJpbmV0L3dhbGxldC9ibXcwMDM3XzUuanBnIiB3aWR0aD0iNzAwIiBoZWlnaHQ9IjcwMCI+PGJyPgo8YnI+Cjxicj4KPGJyPgo8YnI+CjxpbWcgYm9yZGVyPSIwIiBzcmM9Imh0dHA6Ly9pbWFnZS5yYWt1dGVuLmNvLmpwL2JhZW1hc3Rlci9jYWJpbmV0L3dhbGxldC9ibXcwMDM3XzYuanBnIiB3aWR0aD0iNzAwIiBoZWlnaHQ9IjcwMCI+PC9wPjxwPue0oOadkDxicj4K6auY57SaUFXjg6zjgrbjg7w8YnI+Cjxicj4K44K144Kk44K6PGJyPgoyMMOXMTDDlzNjbTxicj4KPGJyPgrjgqvjg6njg7w8YnI+CuODluODqeODg+OCrzxicj4K44OW44Or44O8PGJyPgrjg6zjg4Pjg4k8YnI+Cjxicj4K5YaF5a65PGJyPgrjgqvjg7zjg4nlhaXjgozDlzEyPGJyPgrlsI/piq3lhaXjgozDlzE8YnI+CuOBiuacreWFpeOCjMOXMzwvcD48dGFibGUgYm9yZGVyPSIwIiB3aWR0aD0iNzMwIiBjZWxsc3BhY2luZz0iMCIgY2VsbHBhZGRpbmc9IjAiPjx0cj48dGQgYmdjb2xvcj0iI0ZGRkZGRiI+PHAgYWxpZ249ImNlbnRlciI+Cgk8aW1nIGJvcmRlcj0iMCIgc3JjPSJodHRwOi8vd3d3LnJha3V0ZW4ubmUuanAvZ29sZC9iYWVtYXN0ZXIvaW1nL2ZlYXR1cmUuZ2lmIiB3aWR0aD0iNzMwIiBoZWlnaHQ9IjYwIj48YnI+Cgk8YnI+CgkKCTxpbWcgYm9yZGVyPSIwIiBzcmM9Imh0dHA6Ly93d3cucmFrdXRlbi5uZS5qcC9nb2xkL2JhZW1hc3Rlci9pbWcvc2xpZGUxMS5qcGciIHdpZHRoPSI3MDAiIGhlaWdodD0iMzE1Ij48YnI+Cgk8YnI+PC90ZD48L3RyPjwvdGFibGU+PHRhYmxlIGJvcmRlcj0iMCIgd2lkdGg9IjczMCIgY2VsbHBhZGRpbmc9IjAiPjx0cj48dGQgYWxpZ249ImxlZnQiIGNvbHNwYW49IjQiPjxpbWcgYm9yZGVyPSIwIiBzcmM9Imh0dHA6Ly93d3cucmFrdXRlbi5uZS5qcC9nb2xkL2JhZW1hc3Rlci9pbWcvcmFua2luZy5wbmciIHdpZHRoPSIxNjAiIGhlaWdodD0iMzQiPjwvdGQ+PC90cj48dHI+PHRkIGFsaWduPSJsZWZ0Ij48aW1nIGJvcmRlcj0iMCIgc3JjPSJodHRwOi8vd3d3LnJha3V0ZW4ubmUuanAvZ29sZC9iYWVtYXN0ZXIvaW1nL3IwMS5naWYiIHdpZHRoPSI1OSIgaGVpZ2h0PSIxOCI+PC90ZD48dGQgYWxpZ249ImxlZnQiPjxpbWcgYm9yZGVyPSIwIiBzcmM9Imh0dHA6Ly93d3cucmFrdXRlbi5uZS5qcC9nb2xkL2JhZW1hc3Rlci9pbWcvcjAyLmdpZiIgd2lkdGg9IjU4IiBoZWlnaHQ9IjE4Ij48L3RkPjx0ZCBhbGlnbj0ibGVmdCI+PGltZyBib3JkZXI9IjAiIHNyYz0iaHR0cDovL3d3dy5yYWt1dGVuLm5lLmpwL2dvbGQvYmFlbWFzdGVyL2ltZy9yMDMuZ2lmIiB3aWR0aD0iNjAiIGhlaWdodD0iMTgiPjwvdGQ+PHRkIGFsaWduPSJsZWZ0Ij48aW1nIGJvcmRlcj0iMCIgc3JjPSJodHRwOi8vd3d3LnJha3V0ZW4ubmUuanAvZ29sZC9iYWVtYXN0ZXIvaW1nL3IwNC5naWYiIHdpZHRoPSIzOSIgaGVpZ2h0PSIxOCI+PC90ZD48L3RyPjx0cj48dGQgYWxpZ249ImNlbnRlciI+CgkKCTxpbWcgYm9yZGVyPSIwIiBzcmM9Imh0dHA6Ly9pbWFnZS5yYWt1dGVuLmNvLmpwL2JhZW1hc3Rlci9jYWJpbmV0L3dhbGxldC9ibXcwMDYzXzEuanBnIiB3aWR0aD0iMTcwIiBoZWlnaHQ9IjE3MCI+PC90ZD48dGQgYWxpZ249ImNlbnRlciI+CgkKCTxpbWcgYm9yZGVyPSIwIiBzcmM9Imh0dHA6Ly9pbWFnZS5yYWt1dGVuLmNvLmpwL2JhZW1hc3Rlci9jYWJpbmV0L3dhbGxldC9ibXcwMDI5XzEuanBnIiB3aWR0aD0iMTcwIiBoZWlnaHQ9IjE3MCI+PC90ZD48dGQgYWxpZ249ImNlbnRlciI+CgkKCTxpbWcgYm9yZGVyPSIwIiBzcmM9Imh0dHA6Ly9pbWFnZS5yYWt1dGVuLmNvLmpwL2JhZW1hc3Rlci9jYWJpbmV0L3dhbGxldC9ibXcwMDE4XzEuanBnIiB3aWR0aD0iMTcwIiBoZWlnaHQ9IjE3MCI+PC90ZD48dGQgYWxpZ249ImNlbnRlciI+CgkKCTxpbWcgYm9yZGVyPSIwIiBzcmM9Imh0dHA6Ly9pbWFnZS5yYWt1dGVuLmNvLmpwL2JhZW1hc3Rlci9jYWJpbmV0L3dhbGxldC9ibXcwMDgyXzEuanBnIiB3aWR0aD0iMTcwIiBoZWlnaHQ9IjE3MCI+PC90ZD48L3RyPjwvdGFibGU+PHA+PGJyPjxicj48aW1nIGJvcmRlcj0iMCIgc3JjPSJodHRwOi8vd3d3LnJha3V0ZW4ubmUuanAvZ29sZC9iYWVtYXN0ZXIvaW1nL3NtLXJlY28uZ2lmIiB3aWR0aD0iNzMwIiBoZWlnaHQ9IjYwIj48L3A+PHRhYmxlIGJvcmRlcj0iMCIgd2lkdGg9IjczMCIgY2VsbHNwYWNpbmc9IjEwIiBjZWxscGFkZGluZz0iMCI+PHRyPjx0ZCBhbGlnbj0iY2VudGVyIj4KCQoJPGltZyBib3JkZXI9IjAiIHNyYz0iaHR0cDovL2ltYWdlLnJha3V0ZW4uY28uanAvYmFlbWFzdGVyL2NhYmluZXQvd2FsbGV0L2JtdzAwNzNfMS5qcGciIHdpZHRoPSIzNTAiIGhlaWdodD0iMzUwIj48L3RkPjx0ZCBhbGlnbj0iY2VudGVyIj4KCQoJPGltZyBib3JkZXI9IjAiIHNyYz0iaHR0cDovL2ltYWdlLnJha3V0ZW4uY28uanAvYmFlbWFzdGVyL2NhYmluZXQvd2FsbGV0L2JtdzAwMzlfMS5qcGciIHdpZHRoPSIzNTAiIGhlaWdodD0iMzUwIj48L3RkPjwvdHI+PHRyPjx0ZCBhbGlnbj0iY2VudGVyIiBiZ2NvbG9yPSIjREJCODk1Ij48Zm9udCBmYWNlPSLjg6HjgqTjg6rjgqoiIHN0eWxlPSJmb250LXNpemU6IDlwdCIgY29sb3I9IiNGRkZGRkYiPuOAkEZSRUUgU0hJUFBJTkfjgJE8YnI+CgkJ44Op44Km44Oz44OJWklQ6LKh5biDPC9mb250PjwvdGQ+PHRkIGFsaWduPSJjZW50ZXIiIGJnY29sb3I9IiNEQkI4OTUiPjxmb250IGZhY2U9IuODoeOCpOODquOCqiIgc3R5bGU9ImZvbnQtc2l6ZTogOXB0IiBjb2xvcj0iI0ZGRkZGRiI+CgkJ44CQRlJFRSBTSElQUElOR+OAkTxicj4KCQlCSUfjgrXjgqTjgrrplbfosqHluIM8L2ZvbnQ+PC90ZD48L3RyPjx0cj48dGQgYWxpZ249InJpZ2h0IiBiZ2NvbG9yPSIjRkZGRkZGIiBjb2xzcGFuPSIyIj48aW1nIGJvcmRlcj0iMCIgc3JjPSJodHRwOi8vd3d3LnJha3V0ZW4ubmUuanAvZ29sZC9iYWVtYXN0ZXIvaW1nL21vcmVibi5naWYiIHdpZHRoPSIxNjciIGhlaWdodD0iNDMiPjwvdGQ+PC90cj48L3RhYmxlPjx0YWJsZSBib3JkZXI9IjAiIHdpZHRoPSI3MzAiIGNlbGxwYWRkaW5nPSIwIiBjZWxsc3BhY2luZz0iMTAiPjx0cj48dGQgYWxpZ249ImxlZnQiIGNvbHNwYW49IjQiPjxicj48aW1nIGJvcmRlcj0iMCIgc3JjPSJodHRwOi8vd3d3LnJha3V0ZW4ubmUuanAvZ29sZC9iYWVtYXN0ZXIvaW1nL05FV0FSUklWQUwucG5nIiB3aWR0aD0iMTE4IiBoZWlnaHQ9IjI3Ij48L3RkPjwvdHI+PHRyPgo8dGQgYWxpZ249ImNlbnRlciI+CjxpbWcgYm9yZGVyPSIwIiBzcmM9Imh0dHBzOi8vaW1hZ2UucmFrdXRlbi5jby5qcC9iYWVtYXN0ZXIvY2FiaW5ldC93YWxsZXQvYm13MDE5NV8xLmpwZyIgd2lkdGg9IjE3MCIgaGVpZ2h0PSIxNzAiPjwvdGQ+Cjx0ZCBhbGlnbj0iY2VudGVyIj4KPGltZyBib3JkZXI9IjAiIHNyYz0iaHR0cHM6Ly9pbWFnZS5yYWt1dGVuLmNvLmpwL2JhZW1hc3Rlci9jYWJpbmV0L3dhbGxldC9ibXcwMTg4XzEuanBnIiB3aWR0aD0iMTcwIiBoZWlnaHQ9IjE3MCI+PC90ZD4KPHRkIGFsaWduPSJjZW50ZXIiPgo8aW1nIGJvcmRlcj0iMCIgc3JjPSJodHRwczovL2ltYWdlLnJha3V0ZW4uY28uanAvYmFlbWFzdGVyL2NhYmluZXQvd2FsbGV0L2JtdzAxOTRfMS5qcGciIHdpZHRoPSIxNzAiIGhlaWdodD0iMTcwIj48L3RkPgo8dGQgYWxpZ249ImNlbnRlciI+CjxpbWcgYm9yZGVyPSIwIiBzcmM9Imh0dHBzOi8vaW1hZ2UucmFrdXRlbi5jby5qcC9iYWVtYXN0ZXIvY2FiaW5ldC93YWxsZXQvYm13MDE5MV8xLmpwZyIgd2lkdGg9IjE3MCIgaGVpZ2h0PSIxNzAiPjwvdGQ+PC90cj48dHI+PHRkIGFsaWduPSJjZW50ZXIiIGJnY29sb3I9IiNEQkI4OTUiPgoJPGZvbnQgZmFjZT0i44Oh44Kk44Oq44KqIiBzdHlsZT0iZm9udC1zaXplOiA5cHQiIGNvbG9yPSIjRkZGRkZGIj7mnKzpnanjg6zjgrbjg7zjgqrjgqTjg6vjg4zjg6E8L2ZvbnQ+PC90ZD48dGQgYWxpZ249ImNlbnRlciIgYmdjb2xvcj0iI0RCQjg5NSI+Cgk8Zm9udCBmYWNlPSLjg6HjgqTjg6rjgqoiIHN0eWxlPSJmb250LXNpemU6IDlwdCIgY29sb3I9IiNGRkZGRkYiPuacrOmdqeODrOOCtuODvOOCquOCpOODq+ODjOODoTwvZm9udD48L3RkPjx0ZCBhbGlnbj0iY2VudGVyIiBiZ2NvbG9yPSIjREJCODk1Ij4KCTxmb250IGZhY2U9IuODoeOCpOODquOCqiIgc3R5bGU9ImZvbnQtc2l6ZTogOXB0IiBjb2xvcj0iI0ZGRkZGRiI+5pys6Z2p44Os44K244O844Kt44O844Kx44O844K5PC9mb250PjwvdGQ+PHRkIGFsaWduPSJjZW50ZXIiIGJnY29sb3I9IiNEQkI4OTUiPgoJPGZvbnQgZmFjZT0i44Oh44Kk44Oq44KqIiBzdHlsZT0iZm9udC1zaXplOiA5cHQiIGNvbG9yPSIjRkZGRkZGIj7mnKzpnanjg6zjgrbjg7zjgqrjgqTjg6vjg4zjg6E8L2ZvbnQ+PC90ZD48L3RyPjx0cj48dGQgYWxpZ249InJpZ2h0IiBiZ2NvbG9yPSIjRkZGRkZGIiBjb2xzcGFuPSI0Ij4KCTxpbWcgYm9yZGVyPSIwIiBzcmM9Imh0dHA6Ly93d3cucmFrdXRlbi5uZS5qcC9nb2xkL2JhZW1hc3Rlci9pbWcvbW9yZWJuLmdpZiIgd2lkdGg9IjE2NyIgaGVpZ2h0PSI0MyI+PC90ZD48L3RyPjx0cj48dGQgYWxpZ249InJpZ2h0IiBiZ2NvbG9yPSIjRkZGRkZGIiBjb2xzcGFuPSI0Ij4KCTxicj4KCTxicj4KCQoJPGltZyBib3JkZXI9IjAiIHNyYz0iaHR0cDovL3d3dy5yYWt1dGVuLm5lLmpwL2dvbGQvYmFlbWFzdGVyL2ltZy9zbGlkZTEyLmpwZyIgd2lkdGg9IjcwMCIgaGVpZ2h0PSIzMTUiPjxicj4K44CAPC90ZD48L3RyPjx0cj48dGQgYWxpZ249InJpZ2h0IiBiZ2NvbG9yPSIjRkZGRkZGIiBjb2xzcGFuPSI0Ij4KCQoJPGltZyBib3JkZXI9IjAiIHNyYz0iaHR0cDovL3d3dy5yYWt1dGVuLm5lLmpwL2dvbGQvYmFlbWFzdGVyL2ltZy8wMDI5Ym5hdzcwMC5qcGciIHdpZHRoPSI3MDAiIGhlaWdodD0iMzMxIj48YnI+CuOAgDwvdGQ+PC90cj48dHI+PHRkIGFsaWduPSJyaWdodCIgYmdjb2xvcj0iI0ZGRkZGRiIgY29sc3Bhbj0iNCIgaGVpZ2h0PSIyNyI+CgkKCTxpbWcgYm9yZGVyPSIwIiBzcmM9Imh0dHA6Ly93d3cucmFrdXRlbi5uZS5qcC9nb2xkL2JhZW1hc3Rlci9pbWcvMDAwN2JuYXc3MDAuanBnIiB3aWR0aD0iNzAwIiBoZWlnaHQ9IjMxNSI+PGJyPgrjgIA8L3RkPjwvdHI+PHRyPjx0ZCBhbGlnbj0icmlnaHQiIGJnY29sb3I9IiNGRkZGRkYiIGNvbHNwYW49IjQiPgoJCgk8aW1nIGJvcmRlcj0iMCIgc3JjPSJodHRwOi8vd3d3LnJha3V0ZW4ubmUuanAvZ29sZC9iYWVtYXN0ZXIvaW1nLzAxNzdibmF3NzAwLmpwZyIgd2lkdGg9IjcwMCIgaGVpZ2h0PSIzMTUiPjwvdGQ+PC90cj48L3RhYmxlPgoJPHA+44CAPC9wPg==,44Oh44O844Or5L6/6YCB5paZ54Sh5paZIOWPr+aEm+OBhCDosqHluIMg44Os44OH44Kj44O844K5IOmVt+iyoeW4gyDjg7TjgqPjg7Pjg4bjg7zjgrjpoqggUFXjg6zjgrbjg7zvvJpCQUVtYXN0ZXI=,6ZW36LKh5biD5pys6Z2p44Os44K244O844Oq44Ol44OD44Kv5bi95a2Q44OP44OD44OI44OI44O844OI44OQ44OD44KwaVBob25l44Oh44O844Or5L6/6YCB5paZ54Sh5paZIOWPr+aEm+OBhCDosqHluIMg44Os44OH44Kj44O844K5IOmVt+iyoeW4gyDjg7TjgqPjg7Pjg4bjg7zjgrjpoqggUFXjg6zjgrbjg7w=,44Oh44O844Or5L6/6YCB5paZ54Sh5paZIOKAu+S7o+W8leOBjeOBr+ODoeODvOODq+S+v+S4jeWPr+OAgumAgeaWmeWIpemAlOW/heimgeOAguODoeODvOODq+S+v+mAgeaWmeeEoeaWmSDlj6/mhJvjgYQg6LKh5biDIOODrOODh+OCo+ODvOOCuSDplbfosqHluIMg44O044Kj44Oz44OG44O844K46aKoIFBV44Os44K244O8[rn]
39-76460,aHR0cDovL3RzaG9wLnIxMHMuanAvYmFlbWFzdGVyL2NhYmluZXQvd2FsbGV0L2JtdzAxMTFfMS5qcGc/Zml0aW49NzAwOjcwMA==,MTAzNi44MDAw,,44OQ44OD44Kw44O75bCP54mp44O744OW44Op44Oz44OJ6ZuR6LKoID4g6LKh5biD44O744Kx44O844K5ID4g44Os44OH44Kj44O844K56LKh5biD,44CQ44Oq44Ki44Or44K/44Kk44Og44Op44Oz44Kt44Oz44KwMeS9jeWFpeiznuOAkeODoeODvOODq+S+v+mAgeaWmeeEoeaWmSDjgrPjg7Pjg5Hjgq/jg4gg5Y+v5oSb44GEIOiyoeW4gyDjg6zjg4fjgqPjg7zjgrkg5LqM44Gk5oqY44KKIOODn+ODi+iyoeW4gyDjgYzjgb7lj6Mg57eo44G/,44Oh44O844Or5L6/6YCB5paZ54Sh5paZIOKAu+S7o+W8leOBjeOBr+ODoeODvOODq+S+v+S4jeWPr+OAgumAgeaWmeWIpemAlOW/heimgQ==,PHA+CjxpbWcgYm9yZGVyPSIwIiBzcmM9Imh0dHA6Ly9pbWFnZS5yYWt1dGVuLmNvLmpwL2JhZW1hc3Rlci9jYWJpbmV0L3dhbGxldC9ibXcwMTExXzEuanBnIiB3aWR0aD0iNzAwIiBoZWlnaHQ9IjcwMCI+PGJyPgo8YnI+Cjxicj4KPGJyPgo8YnI+CjxpbWcgYm9yZGVyPSIwIiBzcmM9Imh0dHA6Ly9pbWFnZS5yYWt1dGVuLmNvLmpwL2JhZW1hc3Rlci9jYWJpbmV0L3dhbGxldC9ibXcwMTExXzIuanBnIiB3aWR0aD0iNzAwIiBoZWlnaHQ9IjkwMCI+PGJyPgo8YnI+Cjxicj4KPGJyPgo8YnI+CjxpbWcgYm9yZGVyPSIwIiBzcmM9Imh0dHA6Ly9pbWFnZS5yYWt1dGVuLmNvLmpwL2JhZW1hc3Rlci9jYWJpbmV0L3dhbGxldC9ibXcwMTExXzMuanBnIiB3aWR0aD0iNzAwIiBoZWlnaHQ9IjcwMCI+PGJyPgo8YnI+Cjxicj4KPGltZyBib3JkZXI9IjAiIHNyYz0iaHR0cDovL2ltYWdlLnJha3V0ZW4uY28uanAvYmFlbWFzdGVyL2NhYmluZXQvd2FsbGV0L2JtdzAxMTFfNC5qcGciIHdpZHRoPSI3MDAiIGhlaWdodD0iNzAwIj48YnI+Cjxicj4KPGJyPgo8YnI+Cjxicj4KPGltZyBib3JkZXI9IjAiIHNyYz0iaHR0cDovL2ltYWdlLnJha3V0ZW4uY28uanAvYmFlbWFzdGVyL2NhYmluZXQvd2FsbGV0L2JtdzAxMTFfNS5qcGciIHdpZHRoPSI3MDAiIGhlaWdodD0iMTA1MCI+PGJyPgo8YnI+Cjxicj4KPGJyPgo8YnI+Cjxicj4KPGltZyBib3JkZXI9IjAiIHNyYz0iaHR0cDovL2ltYWdlLnJha3V0ZW4uY28uanAvYmFlbWFzdGVyL2NhYmluZXQvd2FsbGV0L2JtdzAxMTFfNi5qcGciIHdpZHRoPSI3MDAiIGhlaWdodD0iNzAwIj48YnI+Cjxicj4KPGJyPgo8YnI+Cjxicj4KPGltZyBib3JkZXI9IjAiIHNyYz0iaHR0cDovL2ltYWdlLnJha3V0ZW4uY28uanAvYmFlbWFzdGVyL2NhYmluZXQvd2FsbGV0L2JtdzAxMTFfNy5qcGciIHdpZHRoPSI3MDAiIGhlaWdodD0iNzAwIj48YnI+Cjxicj4KPGJyPgo8YnI+Cjxicj4KPGltZyBib3JkZXI9IjAiIHNyYz0iaHR0cDovL2ltYWdlLnJha3V0ZW4uY28uanAvYmFlbWFzdGVyL2NhYmluZXQvd2FsbGV0L2JtdzAxMTFfOC5qcGciIHdpZHRoPSI3MDAiIGhlaWdodD0iNzAwIj48YnI+Cjxicj4KPGJyPgo8YnI+Cjxicj4KPGltZyBib3JkZXI9IjAiIHNyYz0iaHR0cDovL2ltYWdlLnJha3V0ZW4uY28uanAvYmFlbWFzdGVyL2NhYmluZXQvd2FsbGV0L2JtdzAxMTFfOS5qcGciIHdpZHRoPSI3MDAiIGhlaWdodD0iNzAwIj48cD4KPGJyPgrjgIAKPHA+PGZvbnQgY29sb3I9IiNDQzAwMDAiPuODquOCouODq+OCv+OCpOODoOODqeODs+OCreODs+OCsDHkvY08L2ZvbnQ+PGJyPgo8Zm9udCBzaXplPSIyIiBjb2xvcj0iIzY2NjY2NiI+44OQ44OD44Kw44O75bCP54mp44O744OW44Op44Oz44OJ6ZuR6LKoL+ODrOODh+OCo+ODvOOCueiyoeW4gy/kuozjgaTmipjjgorosqHluIPvvIjlsI/piq3lhaXjgozjgarjgZfvvIkv44Gd44Gu5LuWPGJyPgowOC8zMCAxNjo1MOabtOaWsDwvZm9udD48Zm9udCBjb2xvcj0iI0NDMDAwMCI+PGJyPgo8YnI+CuODquOCouODq+OCv+OCpOODoOODqeODs+OCreODs+OCsDHkvY08L2ZvbnQ+PGJyPgo8Zm9udCBzaXplPSIyIiBjb2xvcj0iIzY2NjY2NiI+44OQ44OD44Kw44O75bCP54mp44O744OW44Op44Oz44OJ6ZuR6LKoL+ODrOODh+OCo+ODvOOCueiyoeW4gy/kuozjgaTmipjjgorosqHluIPvvIjlsI/piq3lhaXjgozjgarjgZfvvIkv44Gd44Gu5LuWPGJyPgowOC8yOSAyMjo0M+abtOaWsDwvZm9udD48Zm9udCBjb2xvcj0iI0NDMDAwMCI+PGJyPgo8YnI+CuODquOCouODq+OCv+OCpOODoOODqeODs+OCreODs+OCsDHkvY08L2ZvbnQ+PGJyPgo8Zm9udCBzaXplPSIyIiBjb2xvcj0iIzY2NjY2NiI+44OQ44OD44Kw44O75bCP54mp44O744OW44Op44Oz44OJ6ZuR6LKoL+ODrOODh+OCo+ODvOOCueiyoeW4gy/kuozjgaTmipjjgorosqHluIPvvIjlsI/piq3lhaXjgozjgarjgZfvvIkv44Gd44Gu5LuWPGJyPgowOC8yOSAwMTo0N+abtOaWsDwvZm9udD48Zm9udCBjb2xvcj0iI0NDMDAwMCI+PGJyPgo8YnI+CuODquOCouODq+OCv+OCpOODoOODqeODs+OCreODs+OCsDHkvY08L2ZvbnQ+PGJyPgo8Zm9udCBzaXplPSIyIiBjb2xvcj0iIzY2NjY2NiI+44OQ44OD44Kw44O75bCP54mp44O744OW44Op44Oz44OJ6ZuR6LKoL+ODrOODh+OCo+ODvOOCueiyoeW4gy/kuozjgaTmipjjgorosqHluIPvvIjlsI/piq3lhaXjgozjgarjgZfvvIkv44Gd44Gu5LuWPGJyPgowOC8yOCAwNTozNeabtOaWsDwvZm9udD48Zm9udCBjb2xvcj0iI0NDMDAwMCI+PGJyPgo8YnI+CuODquOCouODq+OCv+OCpOODoOODqeODs+OCreODs+OCsDHkvY08L2ZvbnQ+PGJyPgo8Zm9udCBzaXplPSIyIiBjb2xvcj0iIzY2NjY2NiI+44OQ44OD44Kw44O75bCP54mp44O744OW44Op44Oz44OJ6ZuR6LKoL+ODrOODh+OCo+ODvOOCueiyoeW4gy/kuozjgaTmipjjgorosqHluIPvvIjlsI/piq3lhaXjgozjgarjgZfvvIkv44Gd44Gu5LuWPGJyPgowOC8yNiAxODoxNOabtOaWsDwvZm9udD48Zm9udCBjb2xvcj0iI0NDMDAwMCI+PGJyPgo8YnI+CuODquOCouODq+OCv+OCpOODoOODqeODs+OCreODs+OCsDHkvY08L2ZvbnQ+PGJyPgo8Zm9udCBzaXplPSIyIiBjb2xvcj0iIzY2NjY2NiI+44OQ44OD44Kw44O75bCP54mp44O744OW44Op44Oz44OJ6ZuR6LKoL+ODrOODh+OCo+ODvOOCueiyoeW4gy/kuozjgaTmipjjgorosqHluIPvvIjlsI/piq3lhaXjgozjgarjgZfvvIkv44Gd44Gu5LuWPGJyPgowOC8yNSAxNTowNeabtOaWsDwvZm9udD48Zm9udCBjb2xvcj0iI0NDMDAwMCI+PGJyPgo8YnI+CuODquOCouODq+OCv+OCpOODoOODqeODs+OCreODs+OCsDHkvY08L2ZvbnQ+PGJyPgo8Zm9udCBzaXplPSIyIiBjb2xvcj0iIzY2NjY2NiI+44OQ44OD44Kw44O75bCP54mp44O744OW44Op44Oz44OJ6ZuR6LKoL+ODrOODh+OCo+ODvOOCueiyoeW4gy/kuozjgaTmipjjgorosqHluIPvvIjlsI/piq3lhaXjgozjgarjgZfvvIkv44Gd44Gu5LuWPGJyPgowOC8yNSAwNTo0M+abtOaWsDwvZm9udD48YnI+Cjxicj4K44K144Kk44K6PGJyPgoxMS41w5c5LjXDlzJjbTxicj4KPGJyPgrntKDmnZA8YnI+ClBV44Os44K244O8PGJyPgo8YnI+CuOCq+ODqeODvDxicj4K44Ot44O844K6PGJyPgrjg5Tjg7Pjgq88YnI+CuODkeODvOODl+ODqzxicj4K44Op44Kk44OI44OW44Or44O8PGJyPgrjgrDjg6rjg7zjg7M8YnI+CuOCsOODrOODvDxicj4KPGJyPgrku5Xmp5g8YnI+CuOCq+ODvOODieWFpeOCjMOXNTxicj4K44Od44Kx44OD44OIw5cxPGJyPgrjgIA8L3A+PHRhYmxlIGJvcmRlcj0iMCIgd2lkdGg9IjczMCIgY2VsbHNwYWNpbmc9IjAiIGNlbGxwYWRkaW5nPSIwIj48dHI+PHRkIGJnY29sb3I9IiNGRkZGRkYiPjxwIGFsaWduPSJjZW50ZXIiPgoJPGltZyBib3JkZXI9IjAiIHNyYz0iaHR0cDovL3d3dy5yYWt1dGVuLm5lLmpwL2dvbGQvYmFlbWFzdGVyL2ltZy9mZWF0dXJlLmdpZiIgd2lkdGg9IjczMCIgaGVpZ2h0PSI2MCI+PGJyPgoJPGJyPgoJCgk8aW1nIGJvcmRlcj0iMCIgc3JjPSJodHRwOi8vd3d3LnJha3V0ZW4ubmUuanAvZ29sZC9iYWVtYXN0ZXIvaW1nL3NsaWRlMTEuanBnIiB3aWR0aD0iNzAwIiBoZWlnaHQ9IjMxNSI+PGJyPgoJPGJyPjwvdGQ+PC90cj48L3RhYmxlPjx0YWJsZSBib3JkZXI9IjAiIHdpZHRoPSI3MzAiIGNlbGxwYWRkaW5nPSIwIj48dHI+PHRkIGFsaWduPSJsZWZ0IiBjb2xzcGFuPSI0Ij48aW1nIGJvcmRlcj0iMCIgc3JjPSJodHRwOi8vd3d3LnJha3V0ZW4ubmUuanAvZ29sZC9iYWVtYXN0ZXIvaW1nL3JhbmtpbmcucG5nIiB3aWR0aD0iMTYwIiBoZWlnaHQ9IjM0Ij48L3RkPjwvdHI+PHRyPjx0ZCBhbGlnbj0ibGVmdCI+PGltZyBib3JkZXI9IjAiIHNyYz0iaHR0cDovL3d3dy5yYWt1dGVuLm5lLmpwL2dvbGQvYmFlbWFzdGVyL2ltZy9yMDEuZ2lmIiB3aWR0aD0iNTkiIGhlaWdodD0iMTgiPjwvdGQ+PHRkIGFsaWduPSJsZWZ0Ij48aW1nIGJvcmRlcj0iMCIgc3JjPSJodHRwOi8vd3d3LnJha3V0ZW4ubmUuanAvZ29sZC9iYWVtYXN0ZXIvaW1nL3IwMi5naWYiIHdpZHRoPSI1OCIgaGVpZ2h0PSIxOCI+PC90ZD48dGQgYWxpZ249ImxlZnQiPjxpbWcgYm9yZGVyPSIwIiBzcmM9Imh0dHA6Ly93d3cucmFrdXRlbi5uZS5qcC9nb2xkL2JhZW1hc3Rlci9pbWcvcjAzLmdpZiIgd2lkdGg9IjYwIiBoZWlnaHQ9IjE4Ij48L3RkPjx0ZCBhbGlnbj0ibGVmdCI+PGltZyBib3JkZXI9IjAiIHNyYz0iaHR0cDovL3d3dy5yYWt1dGVuLm5lLmpwL2dvbGQvYmFlbWFzdGVyL2ltZy9yMDQuZ2lmIiB3aWR0aD0iMzkiIGhlaWdodD0iMTgiPjwvdGQ+PC90cj48dHI+PHRkIGFsaWduPSJjZW50ZXIiPgoJCgk8aW1nIGJvcmRlcj0iMCIgc3JjPSJodHRwOi8vaW1hZ2UucmFrdXRlbi5jby5qcC9iYWVtYXN0ZXIvY2FiaW5ldC93YWxsZXQvYm13MDA2M18xLmpwZyIgd2lkdGg9IjE3MCIgaGVpZ2h0PSIxNzAiPjwvdGQ+PHRkIGFsaWduPSJjZW50ZXIiPgoJCgk8aW1nIGJvcmRlcj0iMCIgc3JjPSJodHRwOi8vaW1hZ2UucmFrdXRlbi5jby5qcC9iYWVtYXN0ZXIvY2FiaW5ldC93YWxsZXQvYm13MDAyOV8xLmpwZyIgd2lkdGg9IjE3MCIgaGVpZ2h0PSIxNzAiPjwvdGQ+PHRkIGFsaWduPSJjZW50ZXIiPgoJCgk8aW1nIGJvcmRlcj0iMCIgc3JjPSJodHRwOi8vaW1hZ2UucmFrdXRlbi5jby5qcC9iYWVtYXN0ZXIvY2FiaW5ldC93YWxsZXQvYm13MDAxOF8xLmpwZyIgd2lkdGg9IjE3MCIgaGVpZ2h0PSIxNzAiPjwvdGQ+PHRkIGFsaWduPSJjZW50ZXIiPgoJCgk8aW1nIGJvcmRlcj0iMCIgc3JjPSJodHRwOi8vaW1hZ2UucmFrdXRlbi5jby5qcC9iYWVtYXN0ZXIvY2FiaW5ldC93YWxsZXQvYm13MDA4Ml8xLmpwZyIgd2lkdGg9IjE3MCIgaGVpZ2h0PSIxNzAiPjwvdGQ+PC90cj48L3RhYmxlPjxwPjxicj48YnI+PGltZyBib3JkZXI9IjAiIHNyYz0iaHR0cDovL3d3dy5yYWt1dGVuLm5lLmpwL2dvbGQvYmFlbWFzdGVyL2ltZy9zbS1yZWNvLmdpZiIgd2lkdGg9IjczMCIgaGVpZ2h0PSI2MCI+PC9wPjx0YWJsZSBib3JkZXI9IjAiIHdpZHRoPSI3MzAiIGNlbGxzcGFjaW5nPSIxMCIgY2VsbHBhZGRpbmc9IjAiPjx0cj48dGQgYWxpZ249ImNlbnRlciI+CgkKCTxpbWcgYm9yZGVyPSIwIiBzcmM9Imh0dHA6Ly9pbWFnZS5yYWt1dGVuLmNvLmpwL2JhZW1hc3Rlci9jYWJpbmV0L3dhbGxldC9ibXcwMDczXzEuanBnIiB3aWR0aD0iMzUwIiBoZWlnaHQ9IjM1MCI+PC90ZD48dGQgYWxpZ249ImNlbnRlciI+CgkKCTxpbWcgYm9yZGVyPSIwIiBzcmM9Imh0dHA6Ly9pbWFnZS5yYWt1dGVuLmNvLmpwL2JhZW1hc3Rlci9jYWJpbmV0L3dhbGxldC9ibXcwMDM5XzEuanBnIiB3aWR0aD0iMzUwIiBoZWlnaHQ9IjM1MCI+PC90ZD48L3RyPjx0cj48dGQgYWxpZ249ImNlbnRlciIgYmdjb2xvcj0iI0RCQjg5NSI+PGZvbnQgZmFjZT0i44Oh44Kk44Oq44KqIiBzdHlsZT0iZm9udC1zaXplOiA5cHQiIGNvbG9yPSIjRkZGRkZGIj7jgJBGUkVFIFNISVBQSU5H44CRPGJyPgoJCeODqeOCpuODs+ODiVpJUOiyoeW4gzwvZm9udD48L3RkPjx0ZCBhbGlnbj0iY2VudGVyIiBiZ2NvbG9yPSIjREJCODk1Ij48Zm9udCBmYWNlPSLjg6HjgqTjg6rjgqoiIHN0eWxlPSJmb250LXNpemU6IDlwdCIgY29sb3I9IiNGRkZGRkYiPgoJCeOAkEZSRUUgU0hJUFBJTkfjgJE8YnI+CgkJQklH44K144Kk44K66ZW36LKh5biDPC9mb250PjwvdGQ+PC90cj48dHI+PHRkIGFsaWduPSJyaWdodCIgYmdjb2xvcj0iI0ZGRkZGRiIgY29sc3Bhbj0iMiI+PGltZyBib3JkZXI9IjAiIHNyYz0iaHR0cDovL3d3dy5yYWt1dGVuLm5lLmpwL2dvbGQvYmFlbWFzdGVyL2ltZy9tb3JlYm4uZ2lmIiB3aWR0aD0iMTY3IiBoZWlnaHQ9IjQzIj48L3RkPjwvdHI+PC90YWJsZT48dGFibGUgYm9yZGVyPSIwIiB3aWR0aD0iNzMwIiBjZWxscGFkZGluZz0iMCIgY2VsbHNwYWNpbmc9IjEwIj48dHI+PHRkIGFsaWduPSJsZWZ0IiBjb2xzcGFuPSI0Ij48YnI+PGltZyBib3JkZXI9IjAiIHNyYz0iaHR0cDovL3d3dy5yYWt1dGVuLm5lLmpwL2dvbGQvYmFlbWFzdGVyL2ltZy9ORVdBUlJJVkFMLnBuZyIgd2lkdGg9IjExOCIgaGVpZ2h0PSIyNyI+PC90ZD48L3RyPjx0cj4KPHRkIGFsaWduPSJjZW50ZXIiPgo8aW1nIGJvcmRlcj0iMCIgc3JjPSJodHRwczovL2ltYWdlLnJha3V0ZW4uY28uanAvYmFlbWFzdGVyL2NhYmluZXQvd2FsbGV0L2JtdzAxOTVfMS5qcGciIHdpZHRoPSIxNzAiIGhlaWdodD0iMTcwIj48L3RkPgo8dGQgYWxpZ249ImNlbnRlciI+CjxpbWcgYm9yZGVyPSIwIiBzcmM9Imh0dHBzOi8vaW1hZ2UucmFrdXRlbi5jby5qcC9iYWVtYXN0ZXIvY2FiaW5ldC93YWxsZXQvYm13MDE4OF8xLmpwZyIgd2lkdGg9IjE3MCIgaGVpZ2h0PSIxNzAiPjwvdGQ+Cjx0ZCBhbGlnbj0iY2VudGVyIj4KPGltZyBib3JkZXI9IjAiIHNyYz0iaHR0cHM6Ly9pbWFnZS5yYWt1dGVuLmNvLmpwL2JhZW1hc3Rlci9jYWJpbmV0L3dhbGxldC9ibXcwMTk0XzEuanBnIiB3aWR0aD0iMTcwIiBoZWlnaHQ9IjE3MCI+PC90ZD4KPHRkIGFsaWduPSJjZW50ZXIiPgo8aW1nIGJvcmRlcj0iMCIgc3JjPSJodHRwczovL2ltYWdlLnJha3V0ZW4uY28uanAvYmFlbWFzdGVyL2NhYmluZXQvd2FsbGV0L2JtdzAxOTFfMS5qcGciIHdpZHRoPSIxNzAiIGhlaWdodD0iMTcwIj48L3RkPjwvdHI+PHRyPjx0ZCBhbGlnbj0iY2VudGVyIiBiZ2NvbG9yPSIjREJCODk1Ij4KCTxmb250IGZhY2U9IuODoeOCpOODquOCqiIgc3R5bGU9ImZvbnQtc2l6ZTogOXB0IiBjb2xvcj0iI0ZGRkZGRiI+5pys6Z2p44Os44K244O844Kq44Kk44Or44OM44OhPC9mb250PjwvdGQ+PHRkIGFsaWduPSJjZW50ZXIiIGJnY29sb3I9IiNEQkI4OTUiPgoJPGZvbnQgZmFjZT0i44Oh44Kk44Oq44KqIiBzdHlsZT0iZm9udC1zaXplOiA5cHQiIGNvbG9yPSIjRkZGRkZGIj7mnKzpnanjg6zjgrbjg7zjgqrjgqTjg6vjg4zjg6E8L2ZvbnQ+PC90ZD48dGQgYWxpZ249ImNlbnRlciIgYmdjb2xvcj0iI0RCQjg5NSI+Cgk8Zm9udCBmYWNlPSLjg6HjgqTjg6rjgqoiIHN0eWxlPSJmb250LXNpemU6IDlwdCIgY29sb3I9IiNGRkZGRkYiPuacrOmdqeODrOOCtuODvOOCreODvOOCseODvOOCuTwvZm9udD48L3RkPjx0ZCBhbGlnbj0iY2VudGVyIiBiZ2NvbG9yPSIjREJCODk1Ij4KCTxmb250IGZhY2U9IuODoeOCpOODquOCqiIgc3R5bGU9ImZvbnQtc2l6ZTogOXB0IiBjb2xvcj0iI0ZGRkZGRiI+5pys6Z2p44Os44K244O844Kq44Kk44Or44OM44OhPC9mb250PjwvdGQ+PC90cj48dHI+PHRkIGFsaWduPSJyaWdodCIgYmdjb2xvcj0iI0ZGRkZGRiIgY29sc3Bhbj0iNCI+Cgk8aW1nIGJvcmRlcj0iMCIgc3JjPSJodHRwOi8vd3d3LnJha3V0ZW4ubmUuanAvZ29sZC9iYWVtYXN0ZXIvaW1nL21vcmVibi5naWYiIHdpZHRoPSIxNjciIGhlaWdodD0iNDMiPjwvdGQ+PC90cj48dHI+PHRkIGFsaWduPSJyaWdodCIgYmdjb2xvcj0iI0ZGRkZGRiIgY29sc3Bhbj0iNCI+Cgk8YnI+Cgk8YnI+CgkKCTxpbWcgYm9yZGVyPSIwIiBzcmM9Imh0dHA6Ly93d3cucmFrdXRlbi5uZS5qcC9nb2xkL2JhZW1hc3Rlci9pbWcvc2xpZGUxMi5qcGciIHdpZHRoPSI3MDAiIGhlaWdodD0iMzE1Ij48YnI+CuOAgDwvdGQ+PC90cj48dHI+PHRkIGFsaWduPSJyaWdodCIgYmdjb2xvcj0iI0ZGRkZGRiIgY29sc3Bhbj0iNCI+CgkKCTxpbWcgYm9yZGVyPSIwIiBzcmM9Imh0dHA6Ly93d3cucmFrdXRlbi5uZS5qcC9nb2xkL2JhZW1hc3Rlci9pbWcvMDAyOWJuYXc3MDAuanBnIiB3aWR0aD0iNzAwIiBoZWlnaHQ9IjMzMSI+PGJyPgrjgIA8L3RkPjwvdHI+PHRyPjx0ZCBhbGlnbj0icmlnaHQiIGJnY29sb3I9IiNGRkZGRkYiIGNvbHNwYW49IjQiIGhlaWdodD0iMjciPgoJCgk8aW1nIGJvcmRlcj0iMCIgc3JjPSJodHRwOi8vd3d3LnJha3V0ZW4ubmUuanAvZ29sZC9iYWVtYXN0ZXIvaW1nLzAwMDdibmF3NzAwLmpwZyIgd2lkdGg9IjcwMCIgaGVpZ2h0PSIzMTUiPjxicj4K44CAPC90ZD48L3RyPjx0cj48dGQgYWxpZ249InJpZ2h0IiBiZ2NvbG9yPSIjRkZGRkZGIiBjb2xzcGFuPSI0Ij4KCQoJPGltZyBib3JkZXI9IjAiIHNyYz0iaHR0cDovL3d3dy5yYWt1dGVuLm5lLmpwL2dvbGQvYmFlbWFzdGVyL2ltZy8wMTc3Ym5hdzcwMC5qcGciIHdpZHRoPSI3MDAiIGhlaWdodD0iMzE1Ij48L3RkPjwvdHI+PC90YWJsZT4KCTxwPuOAgDwvcD4=,44CQ44Oq44Ki44Or44K/44Kk44Og44Op44Oz44Kt44Oz44KwMeS9jeWFpeiznuOAkeODoeODvOODq+S+v+mAgeaWmeeEoeaWmSDjgrPjg7Pjg5Hjgq/jg4gg5Y+v5oSb44GEIOiyoeW4gyDjg6zjg4fjgqPjg7zjgrkg5LqM44Gk5oqY44KKIOODn+ODi+iyoeW4gyDjgYzjgb7lj6Mg57eo44G/77yaQkFFbWFzdGVy,6ZW36LKh5biD5pys6Z2p44Os44K244O844Oq44Ol44OD44Kv5bi95a2Q44OP44OD44OI44OI44O844OI44OQ44OD44KwaVBob25l44CQ44Oq44Ki44Or44K/44Kk44Og44Op44Oz44Kt44Oz44KwMeS9jeWFpeiznuOAkeODoeODvOODq+S+v+mAgeaWmeeEoeaWmSDjgrPjg7Pjg5Hjgq/jg4gg5Y+v5oSb44GEIOiyoeW4gyDjg6zjg4fjgqPjg7zjgrkg5LqM44Gk5oqY44KKIOODn+ODi+iyoeW4gyDjgYzjgb7lj6Mg57eo44G/,44Oh44O844Or5L6/6YCB5paZ54Sh5paZIOKAu+S7o+W8leOBjeOBr+ODoeODvOODq+S+v+S4jeWPr+OAgumAgeaWmeWIpemAlOW/heimgeOAguOAkOODquOCouODq+OCv+OCpOODoOODqeODs+OCreODs+OCsDHkvY3lhaXos57jgJHjg6Hjg7zjg6vkvr/pgIHmlpnnhKHmlpkg44Kz44Oz44OR44Kv44OIIOWPr+aEm+OBhCDosqHluIMg44Os44OH44Kj44O844K5IOS6jOOBpOaKmOOCiiDjg5/jg4vosqHluIMg44GM44G+5Y+jIOe3qOOBvw==[rn]
39-76461,aHR0cDovL3RzaG9wLnIxMHMuanAvYmFlbWFzdGVyL2NhYmluZXQvd2FsbGV0L2JtdzAwMjZfMS5qcGc/Zml0aW49NzAwOjcwMA==,MTIwOS42MDAw,,44OQ44OD44Kw44O75bCP54mp44O744OW44Op44Oz44OJ6ZuR6LKoID4g6LKh5biD44O744Kx44O844K5ID4g44Os44OH44Kj44O844K56LKh5biD,44CQ44Oq44Ki44Or44K/44Kk44Og44Op44Oz44Kt44Oz44KwMeS9jeWFpeiznuOAkeODoeODvOODq+S+v+mAgeaWmeeEoeaWmSDlj6/mhJvjgYQg6LKh5biDIOODrOODh+OCo+ODvOOCuSDplbfosqHluIMg5LqM44Gk5oqY44KK,44Oh44O844Or5L6/6YCB5paZ54Sh5paZIOKAu+S7o+W8leOBjeOBr+ODoeODvOODq+S+v+S4jeWPr+OAgumAgeaWmeWIpemAlOW/heimgQ==,PHA+CjxpbWcgYm9yZGVyPSIwIiBzcmM9Imh0dHA6Ly93d3cucmFrdXRlbi5uZS5qcC9nb2xkL2JhZW1hc3Rlci9pbWcvMDAyNnJyLmpwZyIgd2lkdGg9IjcwMCIgaGVpZ2h0PSIyNjUiPjxicj4KPGltZyBib3JkZXI9IjAiIHNyYz0iaHR0cDovL2ltYWdlLnJha3V0ZW4uY28uanAvYmFlbWFzdGVyL2NhYmluZXQvd2FsbGV0L2JtdzAwMjZfMS5qcGciIHdpZHRoPSI3MDAiIGhlaWdodD0iNzAwIj48YnI+Cjxicj4KPGJyPgo8YnI+Cjxicj4KPGltZyBib3JkZXI9IjAiIHNyYz0iaHR0cDovL2ltYWdlLnJha3V0ZW4uY28uanAvYmFlbWFzdGVyL2NhYmluZXQvd2FsbGV0L2JtdzAwMjZfMi5qcGciIHdpZHRoPSI3MDAiIGhlaWdodD0iNzAwIj48YnI+Cjxicj4KPGJyPgo8YnI+Cjxicj4KPGltZyBib3JkZXI9IjAiIHNyYz0iaHR0cDovL2ltYWdlLnJha3V0ZW4uY28uanAvYmFlbWFzdGVyL2NhYmluZXQvd2FsbGV0L2JtdzAwMjZfMy5qcGciIHdpZHRoPSI3MDAiIGhlaWdodD0iMTAwMCI+PGJyPgo8YnI+Cjxicj4KPGJyPgo8YnI+CjxpbWcgYm9yZGVyPSIwIiBzcmM9Imh0dHA6Ly9pbWFnZS5yYWt1dGVuLmNvLmpwL2JhZW1hc3Rlci9jYWJpbmV0L3dhbGxldC9ibXcwMDI2XzQuanBnIiB3aWR0aD0iNzAwIiBoZWlnaHQ9IjcwMCI+PGJyPgo8YnI+Cjxicj4KPGJyPgo8YnI+CjxpbWcgYm9yZGVyPSIwIiBzcmM9Imh0dHA6Ly9pbWFnZS5yYWt1dGVuLmNvLmpwL2JhZW1hc3Rlci9jYWJpbmV0L3dhbGxldC9ibXcwMDI2XzUuanBnIiB3aWR0aD0iNzAwIiBoZWlnaHQ9IjcwMCI+PGJyPgo8YnI+Cjxicj4KPGJyPgo8YnI+CjxpbWcgYm9yZGVyPSIwIiBzcmM9Imh0dHA6Ly9pbWFnZS5yYWt1dGVuLmNvLmpwL2JhZW1hc3Rlci9jYWJpbmV0L3dhbGxldC9ibXcwMDI2XzYuanBnIiB3aWR0aD0iNzAwIiBoZWlnaHQ9IjcwMCI+PGJyPgo8YnI+Cjxicj4KPGJyPgo8YnI+CjxpbWcgYm9yZGVyPSIwIiBzcmM9Imh0dHA6Ly9pbWFnZS5yYWt1dGVuLmNvLmpwL2JhZW1hc3Rlci9jYWJpbmV0L3dhbGxldC9ibXcwMDI2XzcuanBnIiB3aWR0aD0iNzAwIiBoZWlnaHQ9IjcwMCI+PGJyPgo8YnI+Cjxicj4KPGJyPgo8YnI+CjxpbWcgYm9yZGVyPSIwIiBzcmM9Imh0dHA6Ly9pbWFnZS5yYWt1dGVuLmNvLmpwL2JhZW1hc3Rlci9jYWJpbmV0L3dhbGxldC9ibXcwMDI2XzguanBnIiB3aWR0aD0iNzAwIiBoZWlnaHQ9IjcwMCI+PGJyPgo8YnI+Cjxicj4KPGJyPgo8YnI+CjxpbWcgYm9yZGVyPSIwIiBzcmM9Imh0dHA6Ly9pbWFnZS5yYWt1dGVuLmNvLmpwL2JhZW1hc3Rlci9jYWJpbmV0L3dhbGxldC9ibXcwMDI2XzkuanBnIiB3aWR0aD0iNzAwIiBoZWlnaHQ9IjcwMCI+PGJyPgo8YnI+Cjxicj4KPGJyPgo8YnI+CjxpbWcgYm9yZGVyPSIwIiBzcmM9Imh0dHA6Ly9pbWFnZS5yYWt1dGVuLmNvLmpwL2JhZW1hc3Rlci9jYWJpbmV0L3dhbGxldC9ibXcwMDI2XzEwLmpwZyIgd2lkdGg9IjcwMCIgaGVpZ2h0PSI3MDAiPjxicj4KPGJyPgo8YnI+Cjxicj4KPGJyPgo8aW1nIGJvcmRlcj0iMCIgc3JjPSJodHRwOi8vaW1hZ2UucmFrdXRlbi5jby5qcC9iYWVtYXN0ZXIvY2FiaW5ldC93YWxsZXQvYm13MDAyNl8xMS5qcGciIHdpZHRoPSI3MDAiIGhlaWdodD0iNzAwIj48YnI+Cjxicj4KPGJyPgo8YnI+Cjxicj4KPGltZyBib3JkZXI9IjAiIHNyYz0iaHR0cDovL2ltYWdlLnJha3V0ZW4uY28uanAvYmFlbWFzdGVyL2NhYmluZXQvd2FsbGV0L2JtdzAwMjZfMTIuanBnIiB3aWR0aD0iNzAwIiBoZWlnaHQ9IjcwMCI+PGJyPgo8YnI+Cjxicj4KPGJyPgo8YnI+CjxpbWcgYm9yZGVyPSIwIiBzcmM9Imh0dHA6Ly9pbWFnZS5yYWt1dGVuLmNvLmpwL2JhZW1hc3Rlci9jYWJpbmV0L3dhbGxldC9ibXcwMDI2XzEzLmpwZyIgd2lkdGg9IjcwMCIgaGVpZ2h0PSI3MDAiPjwvcD4KPHA+PGZvbnQgY29sb3I9IiNGRjAwMDAiIHN0eWxlPSJmb250LWZhbWlseTogTVMgUEdvdGhpYzsgZm9udC1zdHlsZTogbm9ybWFsOyBmb250LXZhcmlhbnQ6IG5vcm1hbDsgZm9udC13ZWlnaHQ6IG5vcm1hbDsgbGV0dGVyLXNwYWNpbmc6IG5vcm1hbDsgbGluZS1oZWlnaHQ6IG5vcm1hbDsgb3JwaGFuczogYXV0bzsgdGV4dC1hbGlnbjogc3RhcnQ7IHRleHQtaW5kZW50OiAwcHg7IHRleHQtdHJhbnNmb3JtOiBub25lOyB3aGl0ZS1zcGFjZTogbm9ybWFsOyB3aWRvd3M6IDE7IHdvcmQtc3BhY2luZzogMHB4OyAtd2Via2l0LXRleHQtc3Ryb2tlLXdpZHRoOiAwcHg7IGJhY2tncm91bmQtY29sb3I6IHJnYigyNTUsIDI1NSwgMjU1KSIgc2l6ZT0iMiI+44Oq44Ki44Or44K/44Kk44Og44Op44Oz44Kt44Oz44KwPGI+MeS9jTwvYj48YnI+CjwvZm9udD4KPHNwYW4gc3R5bGU9ImxldHRlci1zcGFjaW5nOiBub3JtYWw7IGJhY2tncm91bmQtY29sb3I6ICNGRkZGRkYiPgo8Zm9udCBzaXplPSIyIiBjb2xvcj0iIzgwODA4MCI+PHNwYW4gc3R5bGU9ImZvbnQtZmFtaWx5OiBNUyBQR290aGljIj7jg5Djg4PjgrA8L3NwYW4+PC9mb250Pjwvc3Bhbj48Zm9udCBzdHlsZT0iY29sb3I6IHJnYigxMjgsIDEyOCwgMTI4KTsgZm9udC1mYW1pbHk6ICZxdW90O01TIFBHb3RoaWMmcXVvdDs7IGZvbnQtc3R5bGU6IG5vcm1hbDsgZm9udC12YXJpYW50OiBub3JtYWw7IGZvbnQtd2VpZ2h0OiBub3JtYWw7IGxldHRlci1zcGFjaW5nOiBub3JtYWw7IGxpbmUtaGVpZ2h0OiBub3JtYWw7IG9ycGhhbnM6IGF1dG87IHRleHQtYWxpZ246IHN0YXJ0OyB0ZXh0LWluZGVudDogMHB4OyB0ZXh0LXRyYW5zZm9ybTogbm9uZTsgd2hpdGUtc3BhY2U6IG5vcm1hbDsgd2lkb3dzOiAxOyB3b3JkLXNwYWNpbmc6IDBweDsgLXdlYmtpdC10ZXh0LXN0cm9rZS13aWR0aDogMHB4OyBiYWNrZ3JvdW5kLWNvbG9yOiByZ2IoMjU1LCAyNTUsIDI1NSk7IiBzaXplPSIyIj7jg7vlsI/nianjg7vjg5bjg6njg7Pjg4npm5Hosqgv44Os44OH44Kj44O844K56LKh5biD44CAMTAvMTggCjE0OjM4PC9mb250Pjxmb250IGNvbG9yPSIjRkYwMDAwIiBzdHlsZT0iZm9udC1mYW1pbHk6IE1TIFBHb3RoaWM7IGZvbnQtc3R5bGU6IG5vcm1hbDsgZm9udC12YXJpYW50OiBub3JtYWw7IGZvbnQtd2VpZ2h0OiBub3JtYWw7IGxldHRlci1zcGFjaW5nOiBub3JtYWw7IGxpbmUtaGVpZ2h0OiBub3JtYWw7IG9ycGhhbnM6IGF1dG87IHRleHQtYWxpZ246IHN0YXJ0OyB0ZXh0LWluZGVudDogMHB4OyB0ZXh0LXRyYW5zZm9ybTogbm9uZTsgd2hpdGUtc3BhY2U6IG5vcm1hbDsgd2lkb3dzOiAxOyB3b3JkLXNwYWNpbmc6IDBweDsgLXdlYmtpdC10ZXh0LXN0cm9rZS13aWR0aDogMHB4OyBiYWNrZ3JvdW5kLWNvbG9yOiByZ2IoMjU1LCAyNTUsIDI1NSkiIHNpemU9IjIiPjxicj4KPGJyPgrjg6rjgqLjg6vjgr/jgqTjg6Djg6njg7Pjgq3jg7PjgrA8Yj4x5L2NPC9iPjxicj4KPC9mb250Pgo8Zm9udCBzdHlsZT0iY29sb3I6IHJnYigxMjgsIDEyOCwgMTI4KTsgZm9udC1mYW1pbHk6ICZxdW90O01TIFBHb3RoaWMmcXVvdDs7IGZvbnQtc3R5bGU6IG5vcm1hbDsgZm9udC12YXJpYW50OiBub3JtYWw7IGZvbnQtd2VpZ2h0OiBub3JtYWw7IGxldHRlci1zcGFjaW5nOiBub3JtYWw7IGxpbmUtaGVpZ2h0OiBub3JtYWw7IG9ycGhhbnM6IGF1dG87IHRleHQtYWxpZ246IHN0YXJ0OyB0ZXh0LWluZGVudDogMHB4OyB0ZXh0LXRyYW5zZm9ybTogbm9uZTsgd2hpdGUtc3BhY2U6IG5vcm1hbDsgd2lkb3dzOiAxOyB3b3JkLXNwYWNpbmc6IDBweDsgLXdlYmtpdC10ZXh0LXN0cm9rZS13aWR0aDogMHB4OyBiYWNrZ3JvdW5kLWNvbG9yOiByZ2IoMjU1LCAyNTUsIDI1NSk7IiBzaXplPSIyIj4K44Os44OH44Kj44O844K56LKh5biDL+mVt+iyoeW4g++8iOWwj+mKreWFpeOCjOOBguOCiu+8ieOAgDEwLzE4IDE0OjUzPC9mb250Pjxicj4KPGJyPgrjgqvjg6njg7w8YnI+CuODlOODs+OCrzxicj4K44OW44Op44OD44KvPGJyPgrjg5bjg6vjg7w8YnI+CuODkeODvOODl+ODqzxicj4K44Os44OD44OJPGJyPgrjg63jg7zjgro8YnI+Cjxicj4K57Sg5p2QPGJyPgrpq5jntJpQVeODrOOCtuODvDwvcD4KPHA+44K144Kk44K6PGJyPgoxOS4xw5c5LjTDlzMuMmNtPC9wPjx0YWJsZSBib3JkZXI9IjAiIHdpZHRoPSI3MzAiIGNlbGxzcGFjaW5nPSIwIiBjZWxscGFkZGluZz0iMCI+PHRyPjx0ZCBiZ2NvbG9yPSIjRkZGRkZGIj48cCBhbGlnbj0iY2VudGVyIj4KCTxpbWcgYm9yZGVyPSIwIiBzcmM9Imh0dHA6Ly93d3cucmFrdXRlbi5uZS5qcC9nb2xkL2JhZW1hc3Rlci9pbWcvZmVhdHVyZS5naWYiIHdpZHRoPSI3MzAiIGhlaWdodD0iNjAiPjxicj4KCTxicj4KCQoJPGltZyBib3JkZXI9IjAiIHNyYz0iaHR0cDovL3d3dy5yYWt1dGVuLm5lLmpwL2dvbGQvYmFlbWFzdGVyL2ltZy9zbGlkZTExLmpwZyIgd2lkdGg9IjcwMCIgaGVpZ2h0PSIzMTUiPjxicj4KCTxicj48L3RkPjwvdHI+PC90YWJsZT48dGFibGUgYm9yZGVyPSIwIiB3aWR0aD0iNzMwIiBjZWxscGFkZGluZz0iMCI+PHRyPjx0ZCBhbGlnbj0ibGVmdCIgY29sc3Bhbj0iNCI+PGltZyBib3JkZXI9IjAiIHNyYz0iaHR0cDovL3d3dy5yYWt1dGVuLm5lLmpwL2dvbGQvYmFlbWFzdGVyL2ltZy9yYW5raW5nLnBuZyIgd2lkdGg9IjE2MCIgaGVpZ2h0PSIzNCI+PC90ZD48L3RyPjx0cj48dGQgYWxpZ249ImxlZnQiPjxpbWcgYm9yZGVyPSIwIiBzcmM9Imh0dHA6Ly93d3cucmFrdXRlbi5uZS5qcC9nb2xkL2JhZW1hc3Rlci9pbWcvcjAxLmdpZiIgd2lkdGg9IjU5IiBoZWlnaHQ9IjE4Ij48L3RkPjx0ZCBhbGlnbj0ibGVmdCI+PGltZyBib3JkZXI9IjAiIHNyYz0iaHR0cDovL3d3dy5yYWt1dGVuLm5lLmpwL2dvbGQvYmFlbWFzdGVyL2ltZy9yMDIuZ2lmIiB3aWR0aD0iNTgiIGhlaWdodD0iMTgiPjwvdGQ+PHRkIGFsaWduPSJsZWZ0Ij48aW1nIGJvcmRlcj0iMCIgc3JjPSJodHRwOi8vd3d3LnJha3V0ZW4ubmUuanAvZ29sZC9iYWVtYXN0ZXIvaW1nL3IwMy5naWYiIHdpZHRoPSI2MCIgaGVpZ2h0PSIxOCI+PC90ZD48dGQgYWxpZ249ImxlZnQiPjxpbWcgYm9yZGVyPSIwIiBzcmM9Imh0dHA6Ly93d3cucmFrdXRlbi5uZS5qcC9nb2xkL2JhZW1hc3Rlci9pbWcvcjA0LmdpZiIgd2lkdGg9IjM5IiBoZWlnaHQ9IjE4Ij48L3RkPjwvdHI+PHRyPjx0ZCBhbGlnbj0iY2VudGVyIj4KCQoJPGltZyBib3JkZXI9IjAiIHNyYz0iaHR0cDovL2ltYWdlLnJha3V0ZW4uY28uanAvYmFlbWFzdGVyL2NhYmluZXQvd2FsbGV0L2JtdzAwNjNfMS5qcGciIHdpZHRoPSIxNzAiIGhlaWdodD0iMTcwIj48L3RkPjx0ZCBhbGlnbj0iY2VudGVyIj4KCQoJPGltZyBib3JkZXI9IjAiIHNyYz0iaHR0cDovL2ltYWdlLnJha3V0ZW4uY28uanAvYmFlbWFzdGVyL2NhYmluZXQvd2FsbGV0L2JtdzAwMjlfMS5qcGciIHdpZHRoPSIxNzAiIGhlaWdodD0iMTcwIj48L3RkPjx0ZCBhbGlnbj0iY2VudGVyIj4KCQoJPGltZyBib3JkZXI9IjAiIHNyYz0iaHR0cDovL2ltYWdlLnJha3V0ZW4uY28uanAvYmFlbWFzdGVyL2NhYmluZXQvd2FsbGV0L2JtdzAwMThfMS5qcGciIHdpZHRoPSIxNzAiIGhlaWdodD0iMTcwIj48L3RkPjx0ZCBhbGlnbj0iY2VudGVyIj4KCQoJPGltZyBib3JkZXI9IjAiIHNyYz0iaHR0cDovL2ltYWdlLnJha3V0ZW4uY28uanAvYmFlbWFzdGVyL2NhYmluZXQvd2FsbGV0L2JtdzAwODJfMS5qcGciIHdpZHRoPSIxNzAiIGhlaWdodD0iMTcwIj48L3RkPjwvdHI+PC90YWJsZT48cD48YnI+PGJyPjxpbWcgYm9yZGVyPSIwIiBzcmM9Imh0dHA6Ly93d3cucmFrdXRlbi5uZS5qcC9nb2xkL2JhZW1hc3Rlci9pbWcvc20tcmVjby5naWYiIHdpZHRoPSI3MzAiIGhlaWdodD0iNjAiPjwvcD48dGFibGUgYm9yZGVyPSIwIiB3aWR0aD0iNzMwIiBjZWxsc3BhY2luZz0iMTAiIGNlbGxwYWRkaW5nPSIwIj48dHI+PHRkIGFsaWduPSJjZW50ZXIiPgoJCgk8aW1nIGJvcmRlcj0iMCIgc3JjPSJodHRwOi8vaW1hZ2UucmFrdXRlbi5jby5qcC9iYWVtYXN0ZXIvY2FiaW5ldC93YWxsZXQvYm13MDA3M18xLmpwZyIgd2lkdGg9IjM1MCIgaGVpZ2h0PSIzNTAiPjwvdGQ+PHRkIGFsaWduPSJjZW50ZXIiPgoJCgk8aW1nIGJvcmRlcj0iMCIgc3JjPSJodHRwOi8vaW1hZ2UucmFrdXRlbi5jby5qcC9iYWVtYXN0ZXIvY2FiaW5ldC93YWxsZXQvYm13MDAzOV8xLmpwZyIgd2lkdGg9IjM1MCIgaGVpZ2h0PSIzNTAiPjwvdGQ+PC90cj48dHI+PHRkIGFsaWduPSJjZW50ZXIiIGJnY29sb3I9IiNEQkI4OTUiPjxmb250IGZhY2U9IuODoeOCpOODquOCqiIgc3R5bGU9ImZvbnQtc2l6ZTogOXB0IiBjb2xvcj0iI0ZGRkZGRiI+44CQRlJFRSBTSElQUElOR+OAkTxicj4KCQnjg6njgqbjg7Pjg4laSVDosqHluIM8L2ZvbnQ+PC90ZD48dGQgYWxpZ249ImNlbnRlciIgYmdjb2xvcj0iI0RCQjg5NSI+PGZvbnQgZmFjZT0i44Oh44Kk44Oq44KqIiBzdHlsZT0iZm9udC1zaXplOiA5cHQiIGNvbG9yPSIjRkZGRkZGIj4KCQnjgJBGUkVFIFNISVBQSU5H44CRPGJyPgoJCUJJR+OCteOCpOOCuumVt+iyoeW4gzwvZm9udD48L3RkPjwvdHI+PHRyPjx0ZCBhbGlnbj0icmlnaHQiIGJnY29sb3I9IiNGRkZGRkYiIGNvbHNwYW49IjIiPjxpbWcgYm9yZGVyPSIwIiBzcmM9Imh0dHA6Ly93d3cucmFrdXRlbi5uZS5qcC9nb2xkL2JhZW1hc3Rlci9pbWcvbW9yZWJuLmdpZiIgd2lkdGg9IjE2NyIgaGVpZ2h0PSI0MyI+PC90ZD48L3RyPjwvdGFibGU+PHRhYmxlIGJvcmRlcj0iMCIgd2lkdGg9IjczMCIgY2VsbHBhZGRpbmc9IjAiIGNlbGxzcGFjaW5nPSIxMCI+PHRyPjx0ZCBhbGlnbj0ibGVmdCIgY29sc3Bhbj0iNCI+PGJyPjxpbWcgYm9yZGVyPSIwIiBzcmM9Imh0dHA6Ly93d3cucmFrdXRlbi5uZS5qcC9nb2xkL2JhZW1hc3Rlci9pbWcvTkVXQVJSSVZBTC5wbmciIHdpZHRoPSIxMTgiIGhlaWdodD0iMjciPjwvdGQ+PC90cj48dHI+Cjx0ZCBhbGlnbj0iY2VudGVyIj4KPGltZyBib3JkZXI9IjAiIHNyYz0iaHR0cHM6Ly9pbWFnZS5yYWt1dGVuLmNvLmpwL2JhZW1hc3Rlci9jYWJpbmV0L3dhbGxldC9ibXcwMTk1XzEuanBnIiB3aWR0aD0iMTcwIiBoZWlnaHQ9IjE3MCI+PC90ZD4KPHRkIGFsaWduPSJjZW50ZXIiPgo8aW1nIGJvcmRlcj0iMCIgc3JjPSJodHRwczovL2ltYWdlLnJha3V0ZW4uY28uanAvYmFlbWFzdGVyL2NhYmluZXQvd2FsbGV0L2JtdzAxODhfMS5qcGciIHdpZHRoPSIxNzAiIGhlaWdodD0iMTcwIj48L3RkPgo8dGQgYWxpZ249ImNlbnRlciI+CjxpbWcgYm9yZGVyPSIwIiBzcmM9Imh0dHBzOi8vaW1hZ2UucmFrdXRlbi5jby5qcC9iYWVtYXN0ZXIvY2FiaW5ldC93YWxsZXQvYm13MDE5NF8xLmpwZyIgd2lkdGg9IjE3MCIgaGVpZ2h0PSIxNzAiPjwvdGQ+Cjx0ZCBhbGlnbj0iY2VudGVyIj4KPGltZyBib3JkZXI9IjAiIHNyYz0iaHR0cHM6Ly9pbWFnZS5yYWt1dGVuLmNvLmpwL2JhZW1hc3Rlci9jYWJpbmV0L3dhbGxldC9ibXcwMTkxXzEuanBnIiB3aWR0aD0iMTcwIiBoZWlnaHQ9IjE3MCI+PC90ZD48L3RyPjx0cj48dGQgYWxpZ249ImNlbnRlciIgYmdjb2xvcj0iI0RCQjg5NSI+Cgk8Zm9udCBmYWNlPSLjg6HjgqTjg6rjgqoiIHN0eWxlPSJmb250LXNpemU6IDlwdCIgY29sb3I9IiNGRkZGRkYiPuacrOmdqeODrOOCtuODvOOCquOCpOODq+ODjOODoTwvZm9udD48L3RkPjx0ZCBhbGlnbj0iY2VudGVyIiBiZ2NvbG9yPSIjREJCODk1Ij4KCTxmb250IGZhY2U9IuODoeOCpOODquOCqiIgc3R5bGU9ImZvbnQtc2l6ZTogOXB0IiBjb2xvcj0iI0ZGRkZGRiI+5pys6Z2p44Os44K244O844Kq44Kk44Or44OM44OhPC9mb250PjwvdGQ+PHRkIGFsaWduPSJjZW50ZXIiIGJnY29sb3I9IiNEQkI4OTUiPgoJPGZvbnQgZmFjZT0i44Oh44Kk44Oq44KqIiBzdHlsZT0iZm9udC1zaXplOiA5cHQiIGNvbG9yPSIjRkZGRkZGIj7mnKzpnanjg6zjgrbjg7zjgq3jg7zjgrHjg7zjgrk8L2ZvbnQ+PC90ZD48dGQgYWxpZ249ImNlbnRlciIgYmdjb2xvcj0iI0RCQjg5NSI+Cgk8Zm9udCBmYWNlPSLjg6HjgqTjg6rjgqoiIHN0eWxlPSJmb250LXNpemU6IDlwdCIgY29sb3I9IiNGRkZGRkYiPuacrOmdqeODrOOCtuODvOOCquOCpOODq+ODjOODoTwvZm9udD48L3RkPjwvdHI+PHRyPjx0ZCBhbGlnbj0icmlnaHQiIGJnY29sb3I9IiNGRkZGRkYiIGNvbHNwYW49IjQiPgoJPGltZyBib3JkZXI9IjAiIHNyYz0iaHR0cDovL3d3dy5yYWt1dGVuLm5lLmpwL2dvbGQvYmFlbWFzdGVyL2ltZy9tb3JlYm4uZ2lmIiB3aWR0aD0iMTY3IiBoZWlnaHQ9IjQzIj48L3RkPjwvdHI+PHRyPjx0ZCBhbGlnbj0icmlnaHQiIGJnY29sb3I9IiNGRkZGRkYiIGNvbHNwYW49IjQiPgoJPGJyPgoJPGJyPgoJCgk8aW1nIGJvcmRlcj0iMCIgc3JjPSJodHRwOi8vd3d3LnJha3V0ZW4ubmUuanAvZ29sZC9iYWVtYXN0ZXIvaW1nL3NsaWRlMTIuanBnIiB3aWR0aD0iNzAwIiBoZWlnaHQ9IjMxNSI+PGJyPgrjgIA8L3RkPjwvdHI+PHRyPjx0ZCBhbGlnbj0icmlnaHQiIGJnY29sb3I9IiNGRkZGRkYiIGNvbHNwYW49IjQiPgoJCgk8aW1nIGJvcmRlcj0iMCIgc3JjPSJodHRwOi8vd3d3LnJha3V0ZW4ubmUuanAvZ29sZC9iYWVtYXN0ZXIvaW1nLzAwMjlibmF3NzAwLmpwZyIgd2lkdGg9IjcwMCIgaGVpZ2h0PSIzMzEiPjxicj4K44CAPC90ZD48L3RyPjx0cj48dGQgYWxpZ249InJpZ2h0IiBiZ2NvbG9yPSIjRkZGRkZGIiBjb2xzcGFuPSI0IiBoZWlnaHQ9IjI3Ij4KCQoJPGltZyBib3JkZXI9IjAiIHNyYz0iaHR0cDovL3d3dy5yYWt1dGVuLm5lLmpwL2dvbGQvYmFlbWFzdGVyL2ltZy8wMDA3Ym5hdzcwMC5qcGciIHdpZHRoPSI3MDAiIGhlaWdodD0iMzE1Ij48YnI+CuOAgDwvdGQ+PC90cj48dHI+PHRkIGFsaWduPSJyaWdodCIgYmdjb2xvcj0iI0ZGRkZGRiIgY29sc3Bhbj0iNCI+CgkKCTxpbWcgYm9yZGVyPSIwIiBzcmM9Imh0dHA6Ly93d3cucmFrdXRlbi5uZS5qcC9nb2xkL2JhZW1hc3Rlci9pbWcvMDE3N2JuYXc3MDAuanBnIiB3aWR0aD0iNzAwIiBoZWlnaHQ9IjMxNSI+PC90ZD48L3RyPjwvdGFibGU+Cgk8cD7jgIA8L3A+,44CQ44Oq44Ki44Or44K/44Kk44Og44Op44Oz44Kt44Oz44KwMeS9jeWFpeiznuOAkeODoeODvOODq+S+v+mAgeaWmeeEoeaWmSDlj6/mhJvjgYQg6LKh5biDIOODrOODh+OCo+ODvOOCuSDplbfosqHluIMg5LqM44Gk5oqY44KK77yaQkFFbWFzdGVy,6ZW36LKh5biD5pys6Z2p44Os44K244O844Oq44Ol44OD44Kv5bi95a2Q44OP44OD44OI44OI44O844OI44OQ44OD44KwaVBob25l44CQ44Oq44Ki44Or44K/44Kk44Og44Op44Oz44Kt44Oz44KwMeS9jeWFpeiznuOAkeODoeODvOODq+S+v+mAgeaWmeeEoeaWmSDlj6/mhJvjgYQg6LKh5biDIOODrOODh+OCo+ODvOOCuSDplbfosqHluIMg5LqM44Gk5oqY44KK,44Oh44O844Or5L6/6YCB5paZ54Sh5paZIOKAu+S7o+W8leOBjeOBr+ODoeODvOODq+S+v+S4jeWPr+OAgumAgeaWmeWIpemAlOW/heimgeOAguOAkOODquOCouODq+OCv+OCpOODoOODqeODs+OCreODs+OCsDHkvY3lhaXos57jgJHjg6Hjg7zjg6vkvr/pgIHmlpnnhKHmlpkg5Y+v5oSb44GEIOiyoeW4gyDjg6zjg4fjgqPjg7zjgrkg6ZW36LKh5biDIOS6jOOBpOaKmOOCig==[rn]
39-76462,aHR0cDovL3RzaG9wLnIxMHMuanAvYmFlbWFzdGVyL2NhYmluZXQvd2FsbGV0L2JtdzAwOThfMS5qcGc/Zml0aW49NzAwOjcwMA==,MTEyMy4yMDAw,,44OQ44OD44Kw44O75bCP54mp44O744OW44Op44Oz44OJ6ZuR6LKoID4g6LKh5biD44O744Kx44O844K5ID4g44Os44OH44Kj44O844K56LKh5biD,44CQ44Oq44Ki44Or44K/44Kk44Og44Op44Oz44Kt44Oz44KwMeS9jeWFpeiznuOAkeODoeODvOODq+ODoeODvOODq+S+v+mAgeaWmeeEoeaWmSDjgrPjg7Pjg5Hjgq/jg4gg5Y+v5oSb44GEIOiyoeW4gyDjg6zjg4fjgqPjg7zjgrkg5LqM44Gk5oqY44KKIOS4ieOBpOaKmOOCiiDjg5/jg4vosqHluIM=,44Oh44O844Or5L6/6YCB5paZ54Sh5paZIOKAu+S7o+W8leOBjeOBr+ODoeODvOODq+S+v+S4jeWPr+OAgumAgeaWmeWIpemAlOW/heimgQ==,PHA+CjxpbWcgYm9yZGVyPSIwIiBzcmM9Imh0dHA6Ly93d3cucmFrdXRlbi5uZS5qcC9nb2xkL2JhZW1hc3Rlci9pbWcvMDA5OHJyLmpwZyIgd2lkdGg9IjcwMCIgaGVpZ2h0PSIzOTEiPjxicj4KPGltZyBib3JkZXI9IjAiIHNyYz0iaHR0cDovL2ltYWdlLnJha3V0ZW4uY28uanAvYmFlbWFzdGVyL2NhYmluZXQvd2FsbGV0L2JtdzAwOThfMS5qcGciIHdpZHRoPSI3MDAiIGhlaWdodD0iNzAwIj48YnI+Cjxicj4KPGJyPgo8YnI+Cjxicj4KPGltZyBib3JkZXI9IjAiIHNyYz0iaHR0cDovL2ltYWdlLnJha3V0ZW4uY28uanAvYmFlbWFzdGVyL2NhYmluZXQvd2FsbGV0L2JtdzAwOThfMi5qcGciIHdpZHRoPSI3MDAiIGhlaWdodD0iNzAwIj48YnI+Cjxicj4KPGJyPgo8YnI+CjxpbWcgYm9yZGVyPSIwIiBzcmM9Imh0dHA6Ly9pbWFnZS5yYWt1dGVuLmNvLmpwL2JhZW1hc3Rlci9jYWJpbmV0L3dhbGxldC9ibXcwMDk4XzMuanBnIiB3aWR0aD0iNzAwIiBoZWlnaHQ9IjkwMCI+PGJyPgo8YnI+Cjxicj4KPGJyPgo8aW1nIGJvcmRlcj0iMCIgc3JjPSJodHRwOi8vaW1hZ2UucmFrdXRlbi5jby5qcC9iYWVtYXN0ZXIvY2FiaW5ldC93YWxsZXQvYm13MDA5OF80LmpwZyIgd2lkdGg9IjcwMCIgaGVpZ2h0PSIxMDQ4Ij48YnI+Cjxicj4KPGJyPgo8YnI+Cjxicj4KPGJyPgo8YnI+Cjxicj4KPGltZyBib3JkZXI9IjAiIHNyYz0iaHR0cDovL2ltYWdlLnJha3V0ZW4uY28uanAvYmFlbWFzdGVyL2NhYmluZXQvd2FsbGV0L2JtdzAwOThfNS5qcGciIHdpZHRoPSI3MDAiIGhlaWdodD0iNzAwIj48YnI+Cjxicj4KPGJyPgo8YnI+CjxpbWcgYm9yZGVyPSIwIiBzcmM9Imh0dHA6Ly9pbWFnZS5yYWt1dGVuLmNvLmpwL2JhZW1hc3Rlci9jYWJpbmV0L3dhbGxldC9ibXcwMDk4XzYuanBnIiB3aWR0aD0iNzAwIiBoZWlnaHQ9IjcwMCI+PGJyPgo8YnI+Cjxicj4KPGJyPgo8YnI+CjxpbWcgYm9yZGVyPSIwIiBzcmM9Imh0dHA6Ly9pbWFnZS5yYWt1dGVuLmNvLmpwL2JhZW1hc3Rlci9jYWJpbmV0L3dhbGxldC9ibXcwMDk4XzcuanBnIiB3aWR0aD0iNzAwIiBoZWlnaHQ9IjcwMCI+PGJyPgo8YnI+Cjxicj4KPGJyPgo8YnI+Cjxicj4KPGJyPgo8aW1nIGJvcmRlcj0iMCIgc3JjPSJodHRwOi8vaW1hZ2UucmFrdXRlbi5jby5qcC9iYWVtYXN0ZXIvY2FiaW5ldC93YWxsZXQvYm13MDA5OF84LmpwZyIgd2lkdGg9IjcwMCIgaGVpZ2h0PSI3MDAiPjxicj4KPGJyPgo8YnI+Cjxicj4KPGJyPgo8YnI+CjxpbWcgYm9yZGVyPSIwIiBzcmM9Imh0dHA6Ly9pbWFnZS5yYWt1dGVuLmNvLmpwL2JhZW1hc3Rlci9jYWJpbmV0L3dhbGxldC9ibXcwMDk4XzkuanBnIiB3aWR0aD0iNzAwIiBoZWlnaHQ9IjcwMCI+PGJyPgo8YnI+Cjxicj4KPGJyPgo8YnI+Cjxicj4KPGltZyBib3JkZXI9IjAiIHNyYz0iaHR0cDovL2ltYWdlLnJha3V0ZW4uY28uanAvYmFlbWFzdGVyL2NhYmluZXQvd2FsbGV0L2JtdzAwOThfMTAuanBnIiB3aWR0aD0iNzAwIiBoZWlnaHQ9IjcwMCI+PGJyPgo8YnI+Cjxicj4KPGJyPgo8YnI+Cjxicj4KPGltZyBib3JkZXI9IjAiIHNyYz0iaHR0cDovL2ltYWdlLnJha3V0ZW4uY28uanAvYmFlbWFzdGVyL2NhYmluZXQvd2FsbGV0L2JtdzAwOThfMTEuanBnIiB3aWR0aD0iNzAwIiBoZWlnaHQ9IjcwMCI+PC9wPgo8cD4KPGZvbnQgY29sb3I9IiNGRjAwMDAiIHN0eWxlPSJmb250LWZhbWlseTogTVMgUEdvdGhpYzsgZm9udC1zdHlsZTogbm9ybWFsOyBmb250LXZhcmlhbnQ6IG5vcm1hbDsgZm9udC13ZWlnaHQ6IG5vcm1hbDsgbGV0dGVyLXNwYWNpbmc6IG5vcm1hbDsgbGluZS1oZWlnaHQ6IG5vcm1hbDsgb3JwaGFuczogYXV0bzsgdGV4dC1hbGlnbjogc3RhcnQ7IHRleHQtaW5kZW50OiAwcHg7IHRleHQtdHJhbnNmb3JtOiBub25lOyB3aGl0ZS1zcGFjZTogbm9ybWFsOyB3aWRvd3M6IDE7IHdvcmQtc3BhY2luZzogMHB4OyAtd2Via2l0LXRleHQtc3Ryb2tlLXdpZHRoOiAwcHg7IGJhY2tncm91bmQtY29sb3I6IHJnYigyNTUsIDI1NSwgMjU1KSIgc2l6ZT0iMiI+44Oq44Ki44Or44K/44Kk44Og44Op44Oz44Kt44Oz44KwPGI+MeS9jTwvYj48YnI+CjwvZm9udD4KPGZvbnQgc3R5bGU9ImNvbG9yOiByZ2IoMTI4LCAxMjgsIDEyOCk7IGZvbnQtZmFtaWx5OiAmcXVvdDtNUyBQR290aGljJnF1b3Q7OyBmb250LXN0eWxlOiBub3JtYWw7IGZvbnQtdmFyaWFudDogbm9ybWFsOyBmb250LXdlaWdodDogbm9ybWFsOyBsZXR0ZXItc3BhY2luZzogbm9ybWFsOyBsaW5lLWhlaWdodDogbm9ybWFsOyBvcnBoYW5zOiBhdXRvOyB0ZXh0LWFsaWduOiBzdGFydDsgdGV4dC1pbmRlbnQ6IDBweDsgdGV4dC10cmFuc2Zvcm06IG5vbmU7IHdoaXRlLXNwYWNlOiBub3JtYWw7IHdpZG93czogMTsgd29yZC1zcGFjaW5nOiAwcHg7IC13ZWJraXQtdGV4dC1zdHJva2Utd2lkdGg6IDBweDsgYmFja2dyb3VuZC1jb2xvcjogcmdiKDI1NSwgMjU1LCAyNTUpOyIgc2l6ZT0iMiI+CuODrOODh+OCo+ODvOOCueiyoeW4g++8iOWwj+mKreWFpeOCjOOBquOBl++8ieOBneOBruS7ljxicj4KMTAvMDEgNTozODwvZm9udD48Zm9udCBjb2xvcj0iI0ZGMDAwMCIgc3R5bGU9ImZvbnQtZmFtaWx5OiBNUyBQR290aGljOyBmb250LXN0eWxlOiBub3JtYWw7IGZvbnQtdmFyaWFudDogbm9ybWFsOyBmb250LXdlaWdodDogbm9ybWFsOyBsZXR0ZXItc3BhY2luZzogbm9ybWFsOyBsaW5lLWhlaWdodDogbm9ybWFsOyBvcnBoYW5zOiBhdXRvOyB0ZXh0LWFsaWduOiBzdGFydDsgdGV4dC1pbmRlbnQ6IDBweDsgdGV4dC10cmFuc2Zvcm06IG5vbmU7IHdoaXRlLXNwYWNlOiBub3JtYWw7IHdpZG93czogMTsgd29yZC1zcGFjaW5nOiAwcHg7IC13ZWJraXQtdGV4dC1zdHJva2Utd2lkdGg6IDBweDsgYmFja2dyb3VuZC1jb2xvcjogcmdiKDI1NSwgMjU1LCAyNTUpIiBzaXplPSIyIj48YnI+Cjxicj4K44Oq44Ki44Or44K/44Kk44Og44Op44Oz44Kt44Oz44KwPGI+MeS9jTwvYj48YnI+CjwvZm9udD4KPGZvbnQgc3R5bGU9ImNvbG9yOiByZ2IoMTI4LCAxMjgsIDEyOCk7IGZvbnQtZmFtaWx5OiAmcXVvdDtNUyBQR290aGljJnF1b3Q7OyBmb250LXN0eWxlOiBub3JtYWw7IGZvbnQtdmFyaWFudDogbm9ybWFsOyBmb250LXdlaWdodDogbm9ybWFsOyBsZXR0ZXItc3BhY2luZzogbm9ybWFsOyBsaW5lLWhlaWdodDogbm9ybWFsOyBvcnBoYW5zOiBhdXRvOyB0ZXh0LWFsaWduOiBzdGFydDsgdGV4dC1pbmRlbnQ6IDBweDsgdGV4dC10cmFuc2Zvcm06IG5vbmU7IHdoaXRlLXNwYWNlOiBub3JtYWw7IHdpZG93czogMTsgd29yZC1zcGFjaW5nOiAwcHg7IC13ZWJraXQtdGV4dC1zdHJva2Utd2lkdGg6IDBweDsgYmFja2dyb3VuZC1jb2xvcjogcmdiKDI1NSwgMjU1LCAyNTUpOyIgc2l6ZT0iMiI+CuOCpuOCo+ODvOOCr+ODquODvC/jg6zjg4fjgqPjg7zjgrnosqHluIPvvIjlsI/piq3lhaXjgozjgarjgZfvvInjgZ3jga7ku5Y8YnI+CjA4LzE3IDY6MTQ8L2ZvbnQ+PGZvbnQgY29sb3I9IiNGRjAwMDAiIHN0eWxlPSJmb250LWZhbWlseTogTVMgUEdvdGhpYzsgZm9udC1zdHlsZTogbm9ybWFsOyBmb250LXZhcmlhbnQ6IG5vcm1hbDsgZm9udC13ZWlnaHQ6IG5vcm1hbDsgbGV0dGVyLXNwYWNpbmc6IG5vcm1hbDsgbGluZS1oZWlnaHQ6IG5vcm1hbDsgb3JwaGFuczogYXV0bzsgdGV4dC1hbGlnbjogc3RhcnQ7IHRleHQtaW5kZW50OiAwcHg7IHRleHQtdHJhbnNmb3JtOiBub25lOyB3aGl0ZS1zcGFjZTogbm9ybWFsOyB3aWRvd3M6IDE7IHdvcmQtc3BhY2luZzogMHB4OyAtd2Via2l0LXRleHQtc3Ryb2tlLXdpZHRoOiAwcHg7IGJhY2tncm91bmQtY29sb3I6IHJnYigyNTUsIDI1NSwgMjU1KSIgc2l6ZT0iMiI+PGJyPgo8YnI+CuODquOCouODq+OCv+OCpOODoOODqeODs+OCreODs+OCsDxiPjHkvY08L2I+PGJyPgo8L2ZvbnQ+Cjxmb250IHN0eWxlPSJjb2xvcjogcmdiKDEyOCwgMTI4LCAxMjgpOyBmb250LWZhbWlseTogJnF1b3Q7TVMgUEdvdGhpYyZxdW90OzsgZm9udC1zdHlsZTogbm9ybWFsOyBmb250LXZhcmlhbnQ6IG5vcm1hbDsgZm9udC13ZWlnaHQ6IG5vcm1hbDsgbGV0dGVyLXNwYWNpbmc6IG5vcm1hbDsgbGluZS1oZWlnaHQ6IG5vcm1hbDsgb3JwaGFuczogYXV0bzsgdGV4dC1hbGlnbjogc3RhcnQ7IHRleHQtaW5kZW50OiAwcHg7IHRleHQtdHJhbnNmb3JtOiBub25lOyB3aGl0ZS1zcGFjZTogbm9ybWFsOyB3aWRvd3M6IDE7IHdvcmQtc3BhY2luZzogMHB4OyAtd2Via2l0LXRleHQtc3Ryb2tlLXdpZHRoOiAwcHg7IGJhY2tncm91bmQtY29sb3I6IHJnYigyNTUsIDI1NSwgMjU1KTsiIHNpemU9IjIiPgrjgqbjgqPjg7zjgq/jg6rjg7wv44Os44OH44Kj44O844K56LKh5biD77yI5bCP6Yqt5YWl44KM44Gq44GX77yJ44Gd44Gu5LuWPGJyPgowOC8xNiA2OjE1PC9mb250Pjxmb250IGNvbG9yPSIjRkYwMDAwIiBzdHlsZT0iZm9udC1mYW1pbHk6IE1TIFBHb3RoaWM7IGZvbnQtc3R5bGU6IG5vcm1hbDsgZm9udC12YXJpYW50OiBub3JtYWw7IGZvbnQtd2VpZ2h0OiBub3JtYWw7IGxldHRlci1zcGFjaW5nOiBub3JtYWw7IGxpbmUtaGVpZ2h0OiBub3JtYWw7IG9ycGhhbnM6IGF1dG87IHRleHQtYWxpZ246IHN0YXJ0OyB0ZXh0LWluZGVudDogMHB4OyB0ZXh0LXRyYW5zZm9ybTogbm9uZTsgd2hpdGUtc3BhY2U6IG5vcm1hbDsgd2lkb3dzOiAxOyB3b3JkLXNwYWNpbmc6IDBweDsgLXdlYmtpdC10ZXh0LXN0cm9rZS13aWR0aDogMHB4OyBiYWNrZ3JvdW5kLWNvbG9yOiByZ2IoMjU1LCAyNTUsIDI1NSkiIHNpemU9IjIiPjxicj4KPGJyPgrjg6rjgqLjg6vjgr/jgqTjg6Djg6njg7Pjgq3jg7PjgrA8Yj4x5L2NPC9iPjxicj4KPC9mb250Pgo8Zm9udCBzdHlsZT0iY29sb3I6IHJnYigxMjgsIDEyOCwgMTI4KTsgZm9udC1mYW1pbHk6ICZxdW90O01TIFBHb3RoaWMmcXVvdDs7IGZvbnQtc3R5bGU6IG5vcm1hbDsgZm9udC12YXJpYW50OiBub3JtYWw7IGZvbnQtd2VpZ2h0OiBub3JtYWw7IGxldHRlci1zcGFjaW5nOiBub3JtYWw7IGxpbmUtaGVpZ2h0OiBub3JtYWw7IG9ycGhhbnM6IGF1dG87IHRleHQtYWxpZ246IHN0YXJ0OyB0ZXh0LWluZGVudDogMHB4OyB0ZXh0LXRyYW5zZm9ybTogbm9uZTsgd2hpdGUtc3BhY2U6IG5vcm1hbDsgd2lkb3dzOiAxOyB3b3JkLXNwYWNpbmc6IDBweDsgLXdlYmtpdC10ZXh0LXN0cm9rZS13aWR0aDogMHB4OyBiYWNrZ3JvdW5kLWNvbG9yOiByZ2IoMjU1LCAyNTUsIDI1NSk7IiBzaXplPSIyIj4K44Km44Kj44O844Kv44Oq44O8L+ODrOODh+OCo+ODvOOCueiyoeW4g++8iOWwj+mKreWFpeOCjOOBquOBl++8ieOBneOBruS7ljxicj4KMDgvMTUgNjoxNTwvZm9udD48Zm9udCBjb2xvcj0iI0ZGMDAwMCIgc3R5bGU9ImZvbnQtZmFtaWx5OiBNUyBQR290aGljOyBmb250LXN0eWxlOiBub3JtYWw7IGZvbnQtdmFyaWFudDogbm9ybWFsOyBmb250LXdlaWdodDogbm9ybWFsOyBsZXR0ZXItc3BhY2luZzogbm9ybWFsOyBsaW5lLWhlaWdodDogbm9ybWFsOyBvcnBoYW5zOiBhdXRvOyB0ZXh0LWFsaWduOiBzdGFydDsgdGV4dC1pbmRlbnQ6IDBweDsgdGV4dC10cmFuc2Zvcm06IG5vbmU7IHdoaXRlLXNwYWNlOiBub3JtYWw7IHdpZG93czogMTsgd29yZC1zcGFjaW5nOiAwcHg7IC13ZWJraXQtdGV4dC1zdHJva2Utd2lkdGg6IDBweDsgYmFja2dyb3VuZC1jb2xvcjogcmdiKDI1NSwgMjU1LCAyNTUpIiBzaXplPSIyIj48YnI+Cjxicj4K44Oq44Ki44Or44K/44Kk44Og44Op44Oz44Kt44Oz44KwPGI+MeS9jTwvYj48YnI+CjwvZm9udD4KPGZvbnQgc3R5bGU9ImNvbG9yOiByZ2IoMTI4LCAxMjgsIDEyOCk7IGZvbnQtZmFtaWx5OiAmcXVvdDtNUyBQR290aGljJnF1b3Q7OyBmb250LXN0eWxlOiBub3JtYWw7IGZvbnQtdmFyaWFudDogbm9ybWFsOyBmb250LXdlaWdodDogbm9ybWFsOyBsZXR0ZXItc3BhY2luZzogbm9ybWFsOyBsaW5lLWhlaWdodDogbm9ybWFsOyBvcnBoYW5zOiBhdXRvOyB0ZXh0LWFsaWduOiBzdGFydDsgdGV4dC1pbmRlbnQ6IDBweDsgdGV4dC10cmFuc2Zvcm06IG5vbmU7IHdoaXRlLXNwYWNlOiBub3JtYWw7IHdpZG93czogMTsgd29yZC1zcGFjaW5nOiAwcHg7IC13ZWJraXQtdGV4dC1zdHJva2Utd2lkdGg6IDBweDsgYmFja2dyb3VuZC1jb2xvcjogcmdiKDI1NSwgMjU1LCAyNTUpOyIgc2l6ZT0iMiI+CuOCpuOCo+ODvOOCr+ODquODvC/jg6zjg4fjgqPjg7zjgrnosqHluIPvvIjlsI/piq3lhaXjgozjgarjgZfvvInjgZ3jga7ku5Y8YnI+CjA4LzE0IDY6MTU8L2ZvbnQ+PGZvbnQgY29sb3I9IiNGRjAwMDAiIHN0eWxlPSJmb250LWZhbWlseTogTVMgUEdvdGhpYzsgZm9udC1zdHlsZTogbm9ybWFsOyBmb250LXZhcmlhbnQ6IG5vcm1hbDsgZm9udC13ZWlnaHQ6IG5vcm1hbDsgbGV0dGVyLXNwYWNpbmc6IG5vcm1hbDsgbGluZS1oZWlnaHQ6IG5vcm1hbDsgb3JwaGFuczogYXV0bzsgdGV4dC1hbGlnbjogc3RhcnQ7IHRleHQtaW5kZW50OiAwcHg7IHRleHQtdHJhbnNmb3JtOiBub25lOyB3aGl0ZS1zcGFjZTogbm9ybWFsOyB3aWRvd3M6IDE7IHdvcmQtc3BhY2luZzogMHB4OyAtd2Via2l0LXRleHQtc3Ryb2tlLXdpZHRoOiAwcHg7IGJhY2tncm91bmQtY29sb3I6IHJnYigyNTUsIDI1NSwgMjU1KSIgc2l6ZT0iMiI+PGJyPgo8YnI+CuODquOCouODq+OCv+OCpOODoOODqeODs+OCreODs+OCsDxiPjHkvY08L2I+PGJyPgo8L2ZvbnQ+Cjxmb250IHN0eWxlPSJjb2xvcjogcmdiKDEyOCwgMTI4LCAxMjgpOyBmb250LWZhbWlseTogJnF1b3Q7TVMgUEdvdGhpYyZxdW90OzsgZm9udC1zdHlsZTogbm9ybWFsOyBmb250LXZhcmlhbnQ6IG5vcm1hbDsgZm9udC13ZWlnaHQ6IG5vcm1hbDsgbGV0dGVyLXNwYWNpbmc6IG5vcm1hbDsgbGluZS1oZWlnaHQ6IG5vcm1hbDsgb3JwaGFuczogYXV0bzsgdGV4dC1hbGlnbjogc3RhcnQ7IHRleHQtaW5kZW50OiAwcHg7IHRleHQtdHJhbnNmb3JtOiBub25lOyB3aGl0ZS1zcGFjZTogbm9ybWFsOyB3aWRvd3M6IDE7IHdvcmQtc3BhY2luZzogMHB4OyAtd2Via2l0LXRleHQtc3Ryb2tlLXdpZHRoOiAwcHg7IGJhY2tncm91bmQtY29sb3I6IHJnYigyNTUsIDI1NSwgMjU1KTsiIHNpemU9IjIiPgrjg6zjg4fjgqPjg7zjgrnosqHluIPvvIjlsI/piq3lhaXjgozjgarjgZfvvInjgZ3jga7ku5Y8YnI+CjA4LzA4IDU6NDE8L2ZvbnQ+PGZvbnQgY29sb3I9IiNGRjAwMDAiIHN0eWxlPSJmb250LWZhbWlseTogTVMgUEdvdGhpYzsgZm9udC1zdHlsZTogbm9ybWFsOyBmb250LXZhcmlhbnQ6IG5vcm1hbDsgZm9udC13ZWlnaHQ6IG5vcm1hbDsgbGV0dGVyLXNwYWNpbmc6IG5vcm1hbDsgbGluZS1oZWlnaHQ6IG5vcm1hbDsgb3JwaGFuczogYXV0bzsgdGV4dC1hbGlnbjogc3RhcnQ7IHRleHQtaW5kZW50OiAwcHg7IHRleHQtdHJhbnNmb3JtOiBub25lOyB3aGl0ZS1zcGFjZTogbm9ybWFsOyB3aWRvd3M6IDE7IHdvcmQtc3BhY2luZzogMHB4OyAtd2Via2l0LXRleHQtc3Ryb2tlLXdpZHRoOiAwcHg7IGJhY2tncm91bmQtY29sb3I6IHJnYigyNTUsIDI1NSwgMjU1KSIgc2l6ZT0iMiI+PGJyPgo8YnI+CuODquOCouODq+OCv+OCpOODoOODqeODs+OCreODs+OCsDxiPjHkvY08L2I+PGJyPgo8L2ZvbnQ+Cjxmb250IHN0eWxlPSJjb2xvcjogcmdiKDEyOCwgMTI4LCAxMjgpOyBmb250LWZhbWlseTogJnF1b3Q7TVMgUEdvdGhpYyZxdW90OzsgZm9udC1zdHlsZTogbm9ybWFsOyBmb250LXZhcmlhbnQ6IG5vcm1hbDsgZm9udC13ZWlnaHQ6IG5vcm1hbDsgbGV0dGVyLXNwYWNpbmc6IG5vcm1hbDsgbGluZS1oZWlnaHQ6IG5vcm1hbDsgb3JwaGFuczogYXV0bzsgdGV4dC1hbGlnbjogc3RhcnQ7IHRleHQtaW5kZW50OiAwcHg7IHRleHQtdHJhbnNmb3JtOiBub25lOyB3aGl0ZS1zcGFjZTogbm9ybWFsOyB3aWRvd3M6IDE7IHdvcmQtc3BhY2luZzogMHB4OyAtd2Via2l0LXRleHQtc3Ryb2tlLXdpZHRoOiAwcHg7IGJhY2tncm91bmQtY29sb3I6IHJnYigyNTUsIDI1NSwgMjU1KTsiIHNpemU9IjIiPgrjg6zjg4fjgqPjg7zjgrnosqHluIPvvIjlsI/piq3lhaXjgozjgarjgZfvvInjgZ3jga7ku5Y8YnI+CjA4LzAzIDY6NTk8L2ZvbnQ+PGZvbnQgY29sb3I9IiNGRjAwMDAiIHN0eWxlPSJmb250LWZhbWlseTogTVMgUEdvdGhpYzsgZm9udC1zdHlsZTogbm9ybWFsOyBmb250LXZhcmlhbnQ6IG5vcm1hbDsgZm9udC13ZWlnaHQ6IG5vcm1hbDsgbGV0dGVyLXNwYWNpbmc6IG5vcm1hbDsgbGluZS1oZWlnaHQ6IG5vcm1hbDsgb3JwaGFuczogYXV0bzsgdGV4dC1hbGlnbjogc3RhcnQ7IHRleHQtaW5kZW50OiAwcHg7IHRleHQtdHJhbnNmb3JtOiBub25lOyB3aGl0ZS1zcGFjZTogbm9ybWFsOyB3aWRvd3M6IDE7IHdvcmQtc3BhY2luZzogMHB4OyAtd2Via2l0LXRleHQtc3Ryb2tlLXdpZHRoOiAwcHg7IGJhY2tncm91bmQtY29sb3I6IHJnYigyNTUsIDI1NSwgMjU1KSIgc2l6ZT0iMiI+PGJyPgo8YnI+CuODquOCouODq+OCv+OCpOODoOODqeODs+OCreODs+OCsDxiPjHkvY08L2I+PGJyPgo8L2ZvbnQ+Cjxmb250IHN0eWxlPSJjb2xvcjogcmdiKDEyOCwgMTI4LCAxMjgpOyBmb250LWZhbWlseTogJnF1b3Q7TVMgUEdvdGhpYyZxdW90OzsgZm9udC1zdHlsZTogbm9ybWFsOyBmb250LXZhcmlhbnQ6IG5vcm1hbDsgZm9udC13ZWlnaHQ6IG5vcm1hbDsgbGV0dGVyLXNwYWNpbmc6IG5vcm1hbDsgbGluZS1oZWlnaHQ6IG5vcm1hbDsgb3JwaGFuczogYXV0bzsgdGV4dC1hbGlnbjogc3RhcnQ7IHRleHQtaW5kZW50OiAwcHg7IHRleHQtdHJhbnNmb3JtOiBub25lOyB3aGl0ZS1zcGFjZTogbm9ybWFsOyB3aWRvd3M6IDE7IHdvcmQtc3BhY2luZzogMHB4OyAtd2Via2l0LXRleHQtc3Ryb2tlLXdpZHRoOiAwcHg7IGJhY2tncm91bmQtY29sb3I6IHJnYigyNTUsIDI1NSwgMjU1KTsiIHNpemU9IjIiPgrjg6zjg4fjgqPjg7zjgrnosqHluIPvvIjlsI/piq3lhaXjgozjgarjgZfvvInjgZ3jga7ku5Y8YnI+CjA3LzExIDE3OjA2PGJyPgo8YnI+CjwvZm9udD4KPGZvbnQgY29sb3I9IiNGRjAwMDAiIHN0eWxlPSJmb250LWZhbWlseTogTVMgUEdvdGhpYzsgZm9udC1zdHlsZTogbm9ybWFsOyBmb250LXZhcmlhbnQ6IG5vcm1hbDsgZm9udC13ZWlnaHQ6IG5vcm1hbDsgbGV0dGVyLXNwYWNpbmc6IG5vcm1hbDsgbGluZS1oZWlnaHQ6IG5vcm1hbDsgb3JwaGFuczogYXV0bzsgdGV4dC1hbGlnbjogc3RhcnQ7IHRleHQtaW5kZW50OiAwcHg7IHRleHQtdHJhbnNmb3JtOiBub25lOyB3aGl0ZS1zcGFjZTogbm9ybWFsOyB3aWRvd3M6IDE7IHdvcmQtc3BhY2luZzogMHB4OyAtd2Via2l0LXRleHQtc3Ryb2tlLXdpZHRoOiAwcHg7IGJhY2tncm91bmQtY29sb3I6IHJnYigyNTUsIDI1NSwgMjU1KSIgc2l6ZT0iMiI+CuODquOCouODq+OCv+OCpOODoOODqeODs+OCreODs+OCsDxiPjHkvY08L2I+PGJyPgo8L2ZvbnQ+Cjxmb250IHN0eWxlPSJjb2xvcjogcmdiKDEyOCwgMTI4LCAxMjgpOyBmb250LWZhbWlseTogJnF1b3Q7TVMgUEdvdGhpYyZxdW90OzsgZm9udC1zdHlsZTogbm9ybWFsOyBmb250LXZhcmlhbnQ6IG5vcm1hbDsgZm9udC13ZWlnaHQ6IG5vcm1hbDsgbGV0dGVyLXNwYWNpbmc6IG5vcm1hbDsgbGluZS1oZWlnaHQ6IG5vcm1hbDsgb3JwaGFuczogYXV0bzsgdGV4dC1hbGlnbjogc3RhcnQ7IHRleHQtaW5kZW50OiAwcHg7IHRleHQtdHJhbnNmb3JtOiBub25lOyB3aGl0ZS1zcGFjZTogbm9ybWFsOyB3aWRvd3M6IDE7IHdvcmQtc3BhY2luZzogMHB4OyAtd2Via2l0LXRleHQtc3Ryb2tlLXdpZHRoOiAwcHg7IGJhY2tncm91bmQtY29sb3I6IHJnYigyNTUsIDI1NSwgMjU1KTsiIHNpemU9IjIiPgrjg6zjg4fjgqPjg7zjgrnosqHluIPvvIjlsI/piq3lhaXjgozjgarjgZfvvIk8YnI+CjA3LzExIDE1OjI4PC9mb250Pjxicj4KPGJyPgo8YnI+CuOCteOCpOOCujxicj4KOS41w5cxMsOXNGNtPGJyPgo8YnI+Cue0oOadkDxicj4KUFXjg6zjgrbjg7w8YnI+Cjxicj4K5LuV5qeYPGJyPgrntJnluaPlhaXjgozDlzI8YnI+CuOCq+ODvOODieWFpeOCjMOXOTxicj4K44OV44Oq44O844Od44Kx44OD44OIw5cxPGJyPgo8YnI+CuOCq+ODqeODvDxicj4K44OU44Oz44KvPGJyPgrjg5bjg6njg4Pjgq88YnI+CuODjeOCpOODk+ODvDxicj4K44OW44Op44Km44OzPGJyPgrjg6njgqTjg4jjg5bjg6vjg7w8YnI+CuODreODvOOCujwvcD48dGFibGUgYm9yZGVyPSIwIiB3aWR0aD0iNzMwIiBjZWxsc3BhY2luZz0iMCIgY2VsbHBhZGRpbmc9IjAiPjx0cj48dGQgYmdjb2xvcj0iI0ZGRkZGRiI+PHAgYWxpZ249ImNlbnRlciI+Cgk8aW1nIGJvcmRlcj0iMCIgc3JjPSJodHRwOi8vd3d3LnJha3V0ZW4ubmUuanAvZ29sZC9iYWVtYXN0ZXIvaW1nL2ZlYXR1cmUuZ2lmIiB3aWR0aD0iNzMwIiBoZWlnaHQ9IjYwIj48YnI+Cgk8YnI+CgkKCTxpbWcgYm9yZGVyPSIwIiBzcmM9Imh0dHA6Ly93d3cucmFrdXRlbi5uZS5qcC9nb2xkL2JhZW1hc3Rlci9pbWcvc2xpZGUxMS5qcGciIHdpZHRoPSI3MDAiIGhlaWdodD0iMzE1Ij48YnI+Cgk8YnI+PC90ZD48L3RyPjwvdGFibGU+PHRhYmxlIGJvcmRlcj0iMCIgd2lkdGg9IjczMCIgY2VsbHBhZGRpbmc9IjAiPjx0cj48dGQgYWxpZ249ImxlZnQiIGNvbHNwYW49IjQiPjxpbWcgYm9yZGVyPSIwIiBzcmM9Imh0dHA6Ly93d3cucmFrdXRlbi5uZS5qcC9nb2xkL2JhZW1hc3Rlci9pbWcvcmFua2luZy5wbmciIHdpZHRoPSIxNjAiIGhlaWdodD0iMzQiPjwvdGQ+PC90cj48dHI+PHRkIGFsaWduPSJsZWZ0Ij48aW1nIGJvcmRlcj0iMCIgc3JjPSJodHRwOi8vd3d3LnJha3V0ZW4ubmUuanAvZ29sZC9iYWVtYXN0ZXIvaW1nL3IwMS5naWYiIHdpZHRoPSI1OSIgaGVpZ2h0PSIxOCI+PC90ZD48dGQgYWxpZ249ImxlZnQiPjxpbWcgYm9yZGVyPSIwIiBzcmM9Imh0dHA6Ly93d3cucmFrdXRlbi5uZS5qcC9nb2xkL2JhZW1hc3Rlci9pbWcvcjAyLmdpZiIgd2lkdGg9IjU4IiBoZWlnaHQ9IjE4Ij48L3RkPjx0ZCBhbGlnbj0ibGVmdCI+PGltZyBib3JkZXI9IjAiIHNyYz0iaHR0cDovL3d3dy5yYWt1dGVuLm5lLmpwL2dvbGQvYmFlbWFzdGVyL2ltZy9yMDMuZ2lmIiB3aWR0aD0iNjAiIGhlaWdodD0iMTgiPjwvdGQ+PHRkIGFsaWduPSJsZWZ0Ij48aW1nIGJvcmRlcj0iMCIgc3JjPSJodHRwOi8vd3d3LnJha3V0ZW4ubmUuanAvZ29sZC9iYWVtYXN0ZXIvaW1nL3IwNC5naWYiIHdpZHRoPSIzOSIgaGVpZ2h0PSIxOCI+PC90ZD48L3RyPjx0cj48dGQgYWxpZ249ImNlbnRlciI+CgkKCTxpbWcgYm9yZGVyPSIwIiBzcmM9Imh0dHA6Ly9pbWFnZS5yYWt1dGVuLmNvLmpwL2JhZW1hc3Rlci9jYWJpbmV0L3dhbGxldC9ibXcwMDYzXzEuanBnIiB3aWR0aD0iMTcwIiBoZWlnaHQ9IjE3MCI+PC90ZD48dGQgYWxpZ249ImNlbnRlciI+CgkKCTxpbWcgYm9yZGVyPSIwIiBzcmM9Imh0dHA6Ly9pbWFnZS5yYWt1dGVuLmNvLmpwL2JhZW1hc3Rlci9jYWJpbmV0L3dhbGxldC9ibXcwMDI5XzEuanBnIiB3aWR0aD0iMTcwIiBoZWlnaHQ9IjE3MCI+PC90ZD48dGQgYWxpZ249ImNlbnRlciI+CgkKCTxpbWcgYm9yZGVyPSIwIiBzcmM9Imh0dHA6Ly9pbWFnZS5yYWt1dGVuLmNvLmpwL2JhZW1hc3Rlci9jYWJpbmV0L3dhbGxldC9ibXcwMDE4XzEuanBnIiB3aWR0aD0iMTcwIiBoZWlnaHQ9IjE3MCI+PC90ZD48dGQgYWxpZ249ImNlbnRlciI+CgkKCTxpbWcgYm9yZGVyPSIwIiBzcmM9Imh0dHA6Ly9pbWFnZS5yYWt1dGVuLmNvLmpwL2JhZW1hc3Rlci9jYWJpbmV0L3dhbGxldC9ibXcwMDgyXzEuanBnIiB3aWR0aD0iMTcwIiBoZWlnaHQ9IjE3MCI+PC90ZD48L3RyPjwvdGFibGU+PHA+PGJyPjxicj48aW1nIGJvcmRlcj0iMCIgc3JjPSJodHRwOi8vd3d3LnJha3V0ZW4ubmUuanAvZ29sZC9iYWVtYXN0ZXIvaW1nL3NtLXJlY28uZ2lmIiB3aWR0aD0iNzMwIiBoZWlnaHQ9IjYwIj48L3A+PHRhYmxlIGJvcmRlcj0iMCIgd2lkdGg9IjczMCIgY2VsbHNwYWNpbmc9IjEwIiBjZWxscGFkZGluZz0iMCI+PHRyPjx0ZCBhbGlnbj0iY2VudGVyIj4KCQoJPGltZyBib3JkZXI9IjAiIHNyYz0iaHR0cDovL2ltYWdlLnJha3V0ZW4uY28uanAvYmFlbWFzdGVyL2NhYmluZXQvd2FsbGV0L2JtdzAwNzNfMS5qcGciIHdpZHRoPSIzNTAiIGhlaWdodD0iMzUwIj48L3RkPjx0ZCBhbGlnbj0iY2VudGVyIj4KCQoJPGltZyBib3JkZXI9IjAiIHNyYz0iaHR0cDovL2ltYWdlLnJha3V0ZW4uY28uanAvYmFlbWFzdGVyL2NhYmluZXQvd2FsbGV0L2JtdzAwMzlfMS5qcGciIHdpZHRoPSIzNTAiIGhlaWdodD0iMzUwIj48L3RkPjwvdHI+PHRyPjx0ZCBhbGlnbj0iY2VudGVyIiBiZ2NvbG9yPSIjREJCODk1Ij48Zm9udCBmYWNlPSLjg6HjgqTjg6rjgqoiIHN0eWxlPSJmb250LXNpemU6IDlwdCIgY29sb3I9IiNGRkZGRkYiPuOAkEZSRUUgU0hJUFBJTkfjgJE8YnI+CgkJ44Op44Km44Oz44OJWklQ6LKh5biDPC9mb250PjwvdGQ+PHRkIGFsaWduPSJjZW50ZXIiIGJnY29sb3I9IiNEQkI4OTUiPjxmb250IGZhY2U9IuODoeOCpOODquOCqiIgc3R5bGU9ImZvbnQtc2l6ZTogOXB0IiBjb2xvcj0iI0ZGRkZGRiI+CgkJ44CQRlJFRSBTSElQUElOR+OAkTxicj4KCQlCSUfjgrXjgqTjgrrplbfosqHluIM8L2ZvbnQ+PC90ZD48L3RyPjx0cj48dGQgYWxpZ249InJpZ2h0IiBiZ2NvbG9yPSIjRkZGRkZGIiBjb2xzcGFuPSIyIj48aW1nIGJvcmRlcj0iMCIgc3JjPSJodHRwOi8vd3d3LnJha3V0ZW4ubmUuanAvZ29sZC9iYWVtYXN0ZXIvaW1nL21vcmVibi5naWYiIHdpZHRoPSIxNjciIGhlaWdodD0iNDMiPjwvdGQ+PC90cj48L3RhYmxlPjx0YWJsZSBib3JkZXI9IjAiIHdpZHRoPSI3MzAiIGNlbGxwYWRkaW5nPSIwIiBjZWxsc3BhY2luZz0iMTAiPjx0cj48dGQgYWxpZ249ImxlZnQiIGNvbHNwYW49IjQiPjxicj48aW1nIGJvcmRlcj0iMCIgc3JjPSJodHRwOi8vd3d3LnJha3V0ZW4ubmUuanAvZ29sZC9iYWVtYXN0ZXIvaW1nL05FV0FSUklWQUwucG5nIiB3aWR0aD0iMTE4IiBoZWlnaHQ9IjI3Ij48L3RkPjwvdHI+PHRyPgo8dGQgYWxpZ249ImNlbnRlciI+CjxpbWcgYm9yZGVyPSIwIiBzcmM9Imh0dHBzOi8vaW1hZ2UucmFrdXRlbi5jby5qcC9iYWVtYXN0ZXIvY2FiaW5ldC93YWxsZXQvYm13MDE5NV8xLmpwZyIgd2lkdGg9IjE3MCIgaGVpZ2h0PSIxNzAiPjwvdGQ+Cjx0ZCBhbGlnbj0iY2VudGVyIj4KPGltZyBib3JkZXI9IjAiIHNyYz0iaHR0cHM6Ly9pbWFnZS5yYWt1dGVuLmNvLmpwL2JhZW1hc3Rlci9jYWJpbmV0L3dhbGxldC9ibXcwMTg4XzEuanBnIiB3aWR0aD0iMTcwIiBoZWlnaHQ9IjE3MCI+PC90ZD4KPHRkIGFsaWduPSJjZW50ZXIiPgo8aW1nIGJvcmRlcj0iMCIgc3JjPSJodHRwczovL2ltYWdlLnJha3V0ZW4uY28uanAvYmFlbWFzdGVyL2NhYmluZXQvd2FsbGV0L2JtdzAxOTRfMS5qcGciIHdpZHRoPSIxNzAiIGhlaWdodD0iMTcwIj48L3RkPgo8dGQgYWxpZ249ImNlbnRlciI+CjxpbWcgYm9yZGVyPSIwIiBzcmM9Imh0dHBzOi8vaW1hZ2UucmFrdXRlbi5jby5qcC9iYWVtYXN0ZXIvY2FiaW5ldC93YWxsZXQvYm13MDE5MV8xLmpwZyIgd2lkdGg9IjE3MCIgaGVpZ2h0PSIxNzAiPjwvdGQ+PC90cj48dHI+PHRkIGFsaWduPSJjZW50ZXIiIGJnY29sb3I9IiNEQkI4OTUiPgoJPGZvbnQgZmFjZT0i44Oh44Kk44Oq44KqIiBzdHlsZT0iZm9udC1zaXplOiA5cHQiIGNvbG9yPSIjRkZGRkZGIj7mnKzpnanjg6zjgrbjg7zjgqrjgqTjg6vjg4zjg6E8L2ZvbnQ+PC90ZD48dGQgYWxpZ249ImNlbnRlciIgYmdjb2xvcj0iI0RCQjg5NSI+Cgk8Zm9udCBmYWNlPSLjg6HjgqTjg6rjgqoiIHN0eWxlPSJmb250LXNpemU6IDlwdCIgY29sb3I9IiNGRkZGRkYiPuacrOmdqeODrOOCtuODvOOCquOCpOODq+ODjOODoTwvZm9udD48L3RkPjx0ZCBhbGlnbj0iY2VudGVyIiBiZ2NvbG9yPSIjREJCODk1Ij4KCTxmb250IGZhY2U9IuODoeOCpOODquOCqiIgc3R5bGU9ImZvbnQtc2l6ZTogOXB0IiBjb2xvcj0iI0ZGRkZGRiI+5pys6Z2p44Os44K244O844Kt44O844Kx44O844K5PC9mb250PjwvdGQ+PHRkIGFsaWduPSJjZW50ZXIiIGJnY29sb3I9IiNEQkI4OTUiPgoJPGZvbnQgZmFjZT0i44Oh44Kk44Oq44KqIiBzdHlsZT0iZm9udC1zaXplOiA5cHQiIGNvbG9yPSIjRkZGRkZGIj7mnKzpnanjg6zjgrbjg7zjgqrjgqTjg6vjg4zjg6E8L2ZvbnQ+PC90ZD48L3RyPjx0cj48dGQgYWxpZ249InJpZ2h0IiBiZ2NvbG9yPSIjRkZGRkZGIiBjb2xzcGFuPSI0Ij4KCTxpbWcgYm9yZGVyPSIwIiBzcmM9Imh0dHA6Ly93d3cucmFrdXRlbi5uZS5qcC9nb2xkL2JhZW1hc3Rlci9pbWcvbW9yZWJuLmdpZiIgd2lkdGg9IjE2NyIgaGVpZ2h0PSI0MyI+PC90ZD48L3RyPjx0cj48dGQgYWxpZ249InJpZ2h0IiBiZ2NvbG9yPSIjRkZGRkZGIiBjb2xzcGFuPSI0Ij4KCTxicj4KCTxicj4KCQoJPGltZyBib3JkZXI9IjAiIHNyYz0iaHR0cDovL3d3dy5yYWt1dGVuLm5lLmpwL2dvbGQvYmFlbWFzdGVyL2ltZy9zbGlkZTEyLmpwZyIgd2lkdGg9IjcwMCIgaGVpZ2h0PSIzMTUiPjxicj4K44CAPC90ZD48L3RyPjx0cj48dGQgYWxpZ249InJpZ2h0IiBiZ2NvbG9yPSIjRkZGRkZGIiBjb2xzcGFuPSI0Ij4KCQoJPGltZyBib3JkZXI9IjAiIHNyYz0iaHR0cDovL3d3dy5yYWt1dGVuLm5lLmpwL2dvbGQvYmFlbWFzdGVyL2ltZy8wMDI5Ym5hdzcwMC5qcGciIHdpZHRoPSI3MDAiIGhlaWdodD0iMzMxIj48YnI+CuOAgDwvdGQ+PC90cj48dHI+PHRkIGFsaWduPSJyaWdodCIgYmdjb2xvcj0iI0ZGRkZGRiIgY29sc3Bhbj0iNCIgaGVpZ2h0PSIyNyI+CgkKCTxpbWcgYm9yZGVyPSIwIiBzcmM9Imh0dHA6Ly93d3cucmFrdXRlbi5uZS5qcC9nb2xkL2JhZW1hc3Rlci9pbWcvMDAwN2JuYXc3MDAuanBnIiB3aWR0aD0iNzAwIiBoZWlnaHQ9IjMxNSI+PGJyPgrjgIA8L3RkPjwvdHI+PHRyPjx0ZCBhbGlnbj0icmlnaHQiIGJnY29sb3I9IiNGRkZGRkYiIGNvbHNwYW49IjQiPgoJCgk8aW1nIGJvcmRlcj0iMCIgc3JjPSJodHRwOi8vd3d3LnJha3V0ZW4ubmUuanAvZ29sZC9iYWVtYXN0ZXIvaW1nLzAxNzdibmF3NzAwLmpwZyIgd2lkdGg9IjcwMCIgaGVpZ2h0PSIzMTUiPjwvdGQ+PC90cj48L3RhYmxlPgoJPHA+44CAPC9wPg==,44CQ44Oq44Ki44Or44K/44Kk44Og44Op44Oz44Kt44Oz44KwMeS9jeWFpeiznuOAkeODoeODvOODq+ODoeODvOODq+S+v+mAgeaWmeeEoeaWmSDjgrPjg7Pjg5Hjgq/jg4gg5Y+v5oSb44GEIOiyoeW4gyDjg6zjg4fjgqPjg7zjgrkg5LqM44Gk5oqY44KKIOS4ieOBpOaKmOOCiiDjg5/jg4vosqHluIPvvJpCQUVtYXN0ZXI=,6ZW36LKh5biD5pys6Z2p44Os44K244O844Oq44Ol44OD44Kv5bi95a2Q44OP44OD44OI44OI44O844OI44OQ44OD44KwaVBob25l44CQ44Oq44Ki44Or44K/44Kk44Og44Op44Oz44Kt44Oz44KwMeS9jeWFpeiznuOAkeODoeODvOODq+ODoeODvOODq+S+v+mAgeaWmeeEoeaWmSDjgrPjg7Pjg5Hjgq/jg4gg5Y+v5oSb44GEIOiyoeW4gyDjg6zjg4fjgqPjg7zjgrkg5LqM44Gk5oqY44KKIOS4ieOBpOaKmOOCiiDjg5/jg4vosqHluIM=,44Oh44O844Or5L6/6YCB5paZ54Sh5paZIOKAu+S7o+W8leOBjeOBr+ODoeODvOODq+S+v+S4jeWPr+OAgumAgeaWmeWIpemAlOW/heimgeOAguOAkOODquOCouODq+OCv+OCpOODoOODqeODs+OCreODs+OCsDHkvY3lhaXos57jgJHjg6Hjg7zjg6vjg6Hjg7zjg6vkvr/pgIHmlpnnhKHmlpkg44Kz44Oz44OR44Kv44OIIOWPr+aEm+OBhCDosqHluIMg44Os44OH44Kj44O844K5IOS6jOOBpOaKmOOCiiDkuInjgaTmipjjgoog44Of44OL6LKh5biD[rn]
39-76463,aHR0cDovL3RzaG9wLnIxMHMuanAvZ2xlbmNoZWNrL2NhYmluZXQvc2hvaGluMDIvOTY4OTBzX3RvcC5qcGc/Zml0aW49NzAwOjcwMA==,MTA4ODYuNDAwMA==,,44OQ44OD44Kw44O75bCP54mp44O744OW44Op44Oz44OJ6ZuR6LKoID4g6LKh5biD44O744Kx44O844K5ID4g44Os44OH44Kj44O844K56LKh5biD,44CQS2FubWkuL+OCq+ODs+ODn+OAkeODieODreODg+ODl+ODhOODquODvCBM5Z6L44Ot44Oz44Kw44Km44Kp44Os44OD44OIIOmVt+iyoeW4gy/plbfmnK3osqHluIPjgJDpgIHmlpnnhKHmlpnjgJHjgJDlkI3lhaXjgoznhKHmlpnjgJFb44GL44KT44G/IOavjeOBruaXpSDoqpXnlJ/ml6Ug44Kv44Oq44K544Oe44K5IOOCruODleODiCDjg5fjg6zjgrzjg7Pjg4hd,44Kz44Kk44Oz5YWl44KM44GM55yf44KT5Lit44Gr44Gk44GE44Gm44GE44Gm44CB44Go44Gj44Gm44KC5L6/5Yip,PGRpdiBhbGlnbj0ibGVmdCI+Cjx0YWJsZSB3aWR0aD0iNzEwIj4KPHRib2R5Pgo8dHI+Cjx0ZD48Zm9udCBjb2xvcj0iIzAwNjY5OSIgc2l6ZT0iMiI+PGI+44OJ44Ot44OD44OX44OE44Oq44O8IEzlnovjg63jg7PjgrDjgqbjgqnjg6zjg4Pjg4jjgJAgS2FubWkuIOOAkTwvYj48L2ZvbnQ+PGJyPgo8aW1nIHNyYz0iaHR0cDovL2ltYWdlLnJha3V0ZW4uY28uanAvZ2xlbmNoZWNrL2NhYmluZXQvc2lzdGVtL2ltZzU1NTQzMjE3LmdpZiIgd2lkdGg9IjcwMCI+PGJyPgo8Y2VudGVyPgo8aW1nIHNyYz0iaHR0cDovL2ltYWdlLnJha3V0ZW4uY28uanAvZ2xlbmNoZWNrL2NhYmluZXQvc2hvaGluMDIvOTY4OTBzXzcwMG1haW4uanBnIiBib3JkZXI9IjAiPjwvYT4KPGltZyBzcmM9Imh0dHA6Ly9pbWFnZS5yYWt1dGVuLmNvLmpwL2dsZW5jaGVjay9jYWJpbmV0L3Nob2hpbjQvMTA2OTY4OTAtazEuanBnIiBhbHQ9IiIgd2lkdGg9IjcwMCIgaGVpZ2h0PSI1MjYiPiA8aW1nIHNyYz0iaHR0cDovL2ltYWdlLnJha3V0ZW4uY28uanAvZ2xlbmNoZWNrL2NhYmluZXQvc2hvaGluNC8xMDY5Njg5MC1rMi5qcGciIGFsdD0iIiB3aWR0aD0iNzAwIiBoZWlnaHQ9Ijk3MiI+CjwvY2VudGVyPjxicj48YnI+CjwhLS3ilrzjg4fjgqPjg4bjg7zjg6stLT4KPGltZyBzcmM9Imh0dHA6Ly9pbWFnZS5yYWt1dGVuLmNvLmpwL2dsZW5jaGVjay9jYWJpbmV0L2kvZGV0YWlsLmdpZiIgd2lkdGg9IjcwMCI+PGJyPgo8dGFibGUgYm9yZGVyPSIwIiBjZWxscGFkZGluZz0iMCIgY2VsbHNwYWNpbmc9IjAiIHdpZHRoPSI3MDAiPgo8dHI+PHRkIHdpZHRoPSIyMSI+PGltZyBzcmM9Imh0dHA6Ly9pbWFnZS5yYWt1dGVuLmNvLmpwL2dsZW5jaGVjay9jYWJpbmV0L3Nob2hpbjAxL3RhYmxlXzAxLmpwZyIgd2lkdGg9IjIxIiBoZWlnaHQ9IjIzIiBib3JkZXI9IjAiPjwvdGQ+Cjx0ZCBiYWNrZ3JvdW5kPSJodHRwOi8vaW1hZ2UucmFrdXRlbi5jby5qcC9nbGVuY2hlY2svY2FiaW5ldC9zaG9oaW4wMS90YWJsZV8wMi5qcGciPjwvdGQ+Cjx0ZCB3aWR0aD0iMjEiPjxpbWcgc3JjPSJodHRwOi8vaW1hZ2UucmFrdXRlbi5jby5qcC9nbGVuY2hlY2svY2FiaW5ldC9zaG9oaW4wMS90YWJsZV8wMy5qcGciIHdpZHRoPSIyMSIgaGVpZ2h0PSIyMyIgYm9yZGVyPSIwIj48L3RkPjwvdHI+Cjx0cj48dGQgd2lkdGg9IjIxIiBiYWNrZ3JvdW5kPSJodHRwOi8vaW1hZ2UucmFrdXRlbi5jby5qcC9nbGVuY2hlY2svY2FiaW5ldC9zaG9oaW4wMS90YWJsZV8wNC5qcGciPjwvdGQ+Cjx0ZD48IS0t4pa85pys5paH44GT44GT44GL44KJLS0+CjxpbWcgc3JjPSJodHRwOi8vaW1hZ2UucmFrdXRlbi5jby5qcC9nbGVuY2hlY2svY2FiaW5ldC9zaG9oaW4wMi9kcm9wdHJlZV9pY29uLmpwZyIgdnNwYWNlPSIxNSIgaHNwYWNlPSIxNSIgYWxpZ249ImxlZnQiIHdpZHRoPSI1MCI+PGZvbnQgc2l6ZT0iMyI+PGJyPuODieODreODg+ODl+ODhOODquODvOOBr+OAgembqOS4iuOBjOOCiuOBruacqOOBq+OBpOOBhOOBn+OCt+OCuuOCr+OBjOOAgTxicj4K5pyI44Gu5YWJ44Gn44Kt44Op44Kt44Op6Lyd44GE44Gm44GE44KL44Kk44Oh44O844K444Gn44GZ44CCPGJyPjxiciBjbGVhcj0iYWxsIj48YnI+PC9mb250Pgo8Y2VudGVyPjxmb250IHNpemU9IjMiPuOCs+OCpOODs+WFpeOCjOOBjOecn+OCk+S4reOBq+OBpOOBhOOBpuOBhOOBpuOAgeOBqOOBo+OBpuOCguS+v+WIqTwvZm9udD48L2NlbnRlcj48YnI+CjxjZW50ZXI+PGltZyBzcmM9Imh0dHA6Ly9pbWFnZS5yYWt1dGVuLmNvLmpwL2dsZW5jaGVjay9jYWJpbmV0L3Nob2hpbjAyLzk2ODkwc19kZXRhaWwwMS5qcGciPjxicj48YnI+Cjxmb250IHNpemU9IjIiPuODieODreODg+ODl+ODhOODquODvOOBruWIu+WNsOOBjOODneOCpOODs+ODiOKZqjxicj48YnI+PGJyPgo8aW1nIHNyYz0iaHR0cDovL2ltYWdlLnJha3V0ZW4uY28uanAvZ2xlbmNoZWNrL2NhYmluZXQvc2hvaGluNC8xMDY5Njg5MC1jbi5qcGciIGFsdD0iIiB3aWR0aD0iNjUwIj48YnI+PGJyPgrjgqvjg6njg7zjg5Djg6rjgqjjga/jgIHjg5bjg6njgqbjg7PjgIHjg6zjg4Pjg4njgIHjg43jgqTjg5Pjg7zjgIHjgq3jg6Pjg6Hjg6vjga7vvJToibLjgafjgZnjgII8YnI+PGJyPjxicj4KPGltZyBzcmM9Imh0dHA6Ly9pbWFnZS5yYWt1dGVuLmNvLmpwL2dsZW5jaGVjay9jYWJpbmV0L3Nob2hpbjAyLzk2ODkwc19kZXRhaWwwMi5qcGciPjxicj48YnI+Cu+8rOWtl+ODleOCoeOCueODiuODvOOCkumWi+OBkeOCi+OBqOOAgQrkuKHjgrXjgqTjg4njga7jgYrmnK3lhaXjgozjgIHjgqvjg7zjg4njgrHjg7zjgrnjgIE8YnI+CuOBneOBl+OBpuOCs+OCpOODs+WFpeOCjOOBjOecn+OCk+S4reOBq+OBpOOBhOOBpuOBhOOBpuOAgeOBqOOBo+OBpuOCguS+v+WIqe+8gQo8L2ZvbnQ+CjwvY2VudGVyPgo8IS0t4pay5pys5paH44GT44GT44G+44GnLS0+PC90ZD4KPHRkIHdpZHRoPSIyMSIgYmFja2dyb3VuZD0iaHR0cDovL2ltYWdlLnJha3V0ZW4uY28uanAvZ2xlbmNoZWNrL2NhYmluZXQvc2hvaGluMDEvdGFibGVfMDYuanBnIj48L3RkPjwvdHI+Cjx0cj4KPHRkIHdpZHRoPSIyMSI+PGltZyBzcmM9Imh0dHA6Ly9pbWFnZS5yYWt1dGVuLmNvLmpwL2dsZW5jaGVjay9jYWJpbmV0L3Nob2hpbjAxL3RhYmxlXzA3LmpwZyIgd2lkdGg9IjIxIiBoZWlnaHQ9IjIzIiBib3JkZXI9IjAiPjwvdGQ+Cjx0ZCBiYWNrZ3JvdW5kPSJodHRwOi8vaW1hZ2UucmFrdXRlbi5jby5qcC9nbGVuY2hlY2svY2FiaW5ldC9zaG9oaW4wMS90YWJsZV8wOC5qcGciPjwvdGQ+Cjx0ZCB3aWR0aD0iMjEiPjxpbWcgc3JjPSJodHRwOi8vaW1hZ2UucmFrdXRlbi5jby5qcC9nbGVuY2hlY2svY2FiaW5ldC9zaG9oaW4wMS90YWJsZV8wOS5qcGciIHdpZHRoPSIyMSIgaGVpZ2h0PSIyMyIgYm9yZGVyPSIwIj48L3RkPgo8L3RyPjwvdGFibGU+PGJyPjxicj4KPCEtLeKWsuODh+OCo+ODhuODvOODq+OBk+OBk+OBvuOBpy0tPgo8IS0t4pa844OW44Op44Oz44OJ44GT44GT44GL44KJLS0+CjxpbWcgYWx0PSJtYWtlciBpbmZvIiBzcmM9Imh0dHA6Ly9pbWFnZS5yYWt1dGVuLmNvLmpwL2dsZW5jaGVjay9jYWJpbmV0L2kvbWFrZXIuZ2lmIiBib3JkZXI9IjAiICB3aWR0aD0iNzAwIj48YnI+Cjx0YWJsZSBib3JkZXI9IjAiIGNlbGxwYWRkaW5nPSIwIiBjZWxsc3BhY2luZz0iMCIgd2lkdGg9IjcwMCI+Cjx0cj48dGQgd2lkdGg9IjIxIj48aW1nIHNyYz0iaHR0cDovL2ltYWdlLnJha3V0ZW4uY28uanAvZ2xlbmNoZWNrL2NhYmluZXQvc2hvaGluMDEvdGFibGVfMDEuanBnIiB3aWR0aD0iMjEiIGhlaWdodD0iMjMiIGJvcmRlcj0iMCI+PC90ZD4KPHRkIGJhY2tncm91bmQ9Imh0dHA6Ly9pbWFnZS5yYWt1dGVuLmNvLmpwL2dsZW5jaGVjay9jYWJpbmV0L3Nob2hpbjAxL3RhYmxlXzAyLmpwZyI+PC90ZD4KPHRkIHdpZHRoPSIyMSI+PGltZyBzcmM9Imh0dHA6Ly9pbWFnZS5yYWt1dGVuLmNvLmpwL2dsZW5jaGVjay9jYWJpbmV0L3Nob2hpbjAxL3RhYmxlXzAzLmpwZyIgd2lkdGg9IjIxIiBoZWlnaHQ9IjIzIiBib3JkZXI9IjAiPjwvdGQ+PC90cj4KPHRyPjx0ZCB3aWR0aD0iMjEiIGJhY2tncm91bmQ9Imh0dHA6Ly9pbWFnZS5yYWt1dGVuLmNvLmpwL2dsZW5jaGVjay9jYWJpbmV0L3Nob2hpbjAxL3RhYmxlXzA0LmpwZyI+PC90ZD4KPHRkPjwhLS3ilrzmnKzmlofjgZPjgZPjgYvjgoktLT48aW1nIHNyYz0iaHR0cDovL2ltYWdlLnJha3V0ZW4uY28uanAvZ2xlbmNoZWNrL2NhYmluZXQvc2hvaGluMDEva2FubWkuanBnIiB3aWR0aD0iNjUwIiBib3JkZXI9IjAiPjwhLS3ilrLmnKzmlofjgZPjgZPjgb7jgactLT48L3RkPgo8dGQgd2lkdGg9IjIxIiBiYWNrZ3JvdW5kPSJodHRwOi8vaW1hZ2UucmFrdXRlbi5jby5qcC9nbGVuY2hlY2svY2FiaW5ldC9zaG9oaW4wMS90YWJsZV8wNi5qcGciPjwvdGQ+PC90cj4KPHRyPgo8dGQgd2lkdGg9IjIxIj48aW1nIHNyYz0iaHR0cDovL2ltYWdlLnJha3V0ZW4uY28uanAvZ2xlbmNoZWNrL2NhYmluZXQvc2hvaGluMDEvdGFibGVfMDcuanBnIiB3aWR0aD0iMjEiIGhlaWdodD0iMjMiIGJvcmRlcj0iMCI+PC90ZD4KPHRkIGJhY2tncm91bmQ9Imh0dHA6Ly9pbWFnZS5yYWt1dGVuLmNvLmpwL2dsZW5jaGVjay9jYWJpbmV0L3Nob2hpbjAxL3RhYmxlXzA4LmpwZyI+PC90ZD4KPHRkIHdpZHRoPSIyMSI+PGltZyBzcmM9Imh0dHA6Ly9pbWFnZS5yYWt1dGVuLmNvLmpwL2dsZW5jaGVjay9jYWJpbmV0L3Nob2hpbjAxL3RhYmxlXzA5LmpwZyIgd2lkdGg9IjIxIiBoZWlnaHQ9IjIzIiBib3JkZXI9IjAiPjwvdGQ+CjwvdHI+PC90YWJsZT48YnI+CjxpbWcgc3JjPSJodHRwczovL2ltYWdlLnJha3V0ZW4uY28uanAva2FubWkvY2FiaW5ldC9uYWlyZS8xMDY5Njg5MHBhZ2UuanBnIiAgdXNlbWFwPSIjbWFwMCI+CjxtYXAgbmFtZT0ibWFwMCI+CiAgPGFyZWEgc2hhcGU9InJlY3QiIGNvb3Jkcz0iMzg1LDYwNSw2NjYsNjM4IiBocmVmPSJodHRwOi8vaXRlbS5yYWt1dGVuLmNvLmpwL2dsZW5jaGVjay9jLzAwMDAwMDAzMTkvIiA+CjwvbWFwPjxicj4KCgo8aW1nIHNyYz0iaHR0cDovL2ltYWdlLnJha3V0ZW4uY28uanAvZ2xlbmNoZWNrL2NhYmluZXQvc2hvaGluMDIvZHR3YWxsZXRfczAxLmpwZyIgYm9yZGVyPSIwIiB1c2VtYXA9IiNNYXAiPjxicj4KPC90ZD48L3RyPjwvdGJvZHk+PC90YWJsZT48YnI+CjxhIGhyZWY9Imh0dHA6Ly93d3cucmFrdXRlbi5uZS5qcC9nb2xkL2thbm1pLyIgdGFyZ2V0PSJfYmxhbmsiPgo8aW1nIHNyYz0iaHR0cDovL2ltYWdlLnJha3V0ZW4uY28uanAvZ2xlbmNoZWNrL2NhYmluZXQvdG9rdXN5dTQva2FubWlzaG9wLTcwMGJuci5qcGciIHdpZHRoPSI3MDAiIGhlaWdodD0iMTAwIiBib3JkZXI9IjAiIC8+PC9hPjxiciAvPjxiciAvPgo8Zm9udCBzaXplPSIxIj7jg6Ljg4vjgr/jg7zjgoTnkrDlooPjgavjgojjgaPjgabjgIHlrp/pmpvjga7oibLjg7vos6rmhJ/jgarjgannlbDjgarjgovloLTlkIjjgYzjgZTjgZbjgYTjgb7jgZnjgILjgZTkuobmib/jgY/jgaDjgZXjgYQ8L2ZvbnQ+CjwvdGQ+PC90cj48L3Rib2R5PjwvdGFibGU+PC9kaXY+CjxtYXAgbmFtZT0iTWFwIj4KPGFyZWEgc2hhcGU9InJlY3QiIGNvb3Jkcz0iNTEyLDQ5LDY2OSwyMDciIGhyZWY9Imh0dHA6Ly9pdGVtLnJha3V0ZW4uY28uanAvZ2xlbmNoZWNrLzk2ODk0cy8iIHRhcmdldD0iX2JsYW5rIj4KPC9tYXA+PGJyPjxicj4KPCEtLeOBguOBmealveODkOODiuODvC0tPgogIDxpZnJhbWUgc3R5bGU9Im1hcmdpbi1ib3R0b206MjBweDsiIHNyYz0iaHR0cDovL3d3dy5yYWt1dGVuLm5lLmpwL2dvbGQvZ2xlbmNoZWNrL2l0bS9hc3Jibi9wY2l0ZW0vaXRlbV9hc2JuLmh0bWw/MyIgZnJhbWVib3JkZXI9IjAiIHdpZHRoPSI3MDAiIGhlaWdodD0iMTYxIiBzY3JvbGxpbmc9bm8+PC9pZnJhbWU+CjwhLS3jgYLjgZnmpb3jg5Djg4rjg7wgZW5kLS0+PGJyPgo8YnI+PGJyPjxmb250IHNpemU9IjQiIGNvbG9yPSIjRkYwMDAwIj48Yj7igLvjgZTphY3pgIHjgavjgIHjgZTms6jmlofjgYvjgonmlbDml6XjgYvjgYvjgovloLTlkIjjgYzjgZTjgZbjgYTjgb7jgZnjgILjgZTkuobmib/jgY/jgaDjgZXjgYTjgII8L2I+PC9mb250Pjxicj48YnI+PGltZyBhbHQ9IuWVhuWTgeips+e0sCIgc3JjPSJodHRwOi8vaW1hZ2UucmFrdXRlbi5jby5qcC9nbGVuY2hlY2svY2FiaW5ldC9pL2l0ZW0tYmFyLmdpZiIgYm9yZGVyPSIwIiBoZWlnaHQ9IjI1IiB3aWR0aD0iMzIwIj4gCjx0YWJsZSBib3JkZXI9IjEiIGNlbGxwYWRkaW5nPSI3IiBjZWxsc3BhY2luZz0iMCIgd2lkdGg9IjMyMCI+Cjx0Ym9keT4KPHRyPgo8dGQgd2lkdGg9IjMwJSI+PGZvbnQgc2l6ZT0iMiI+57Sg44CA5p2QPC9mb250PjwvdGQ+Cjx0ZD48Zm9udCBzaXplPSIyIj7niZvpnak8L2ZvbnQ+PC90ZD48L3RyPgo8dHI+Cjx0ZCBiZ2NvbG9yPSIjZmZmZjk5IiB3aWR0aD0iMzAlIj48Zm9udCBzaXplPSIyIj7jgrXjgqTjgrrvvIjntITvvIk8L2ZvbnQ+PC90ZD4KPHRkIGJnY29sb3I9IiNmZmZmOTkiPjxmb250IHNpemU9IjIiPue4pjkuNWNtw5fmqKoxOS41Y23Dl+ODnuODgTRjbTwvZm9udD48L3RkPjwvdHI+Cjx0cj4KPHRkIHdpZHRoPSIzMCUiPjxmb250IHNpemU9IjIiPuS7leOAgOanmDwvZm9udD48L3RkPgo8dGQ+PGZvbnQgc2l6ZT0iMiI+44Kr44O844OJ44Od44Kx44OD44OIw5cxMDxicj4K44Kz44Kk44Oz44Kx44O844K5w5cxPGJyPgrlj47ntI3ooovku5jjgY08L2ZvbnQ+PC90ZD48L3RyPgo8dHI+Cjx0ZCBiZ2NvbG9yPSIjZmZmZjk5IiB3aWR0aD0iMzAlIj48Zm9udCBzaXplPSIyIj7jgqvjg6njg7w8L2ZvbnQ+PC90ZD4KPHRkIGJnY29sb3I9IiNmZmZmOTkiPjxmb250IHNpemU9IjIiPuODluODqeOCpuODs+OAgeODrOODg+ODieOAgeODjeOCpOODk+ODvOOAgeOCreODo+ODoeODqzwvZm9udD48L3RkPjwvdHI+Cjx0cj4KPHRkIHdpZHRoPSIzMCUiPjxmb250IHNpemU9IjIiPuijveOAgOmAoDwvZm9udD48L3RkPgo8dGQ+PGZvbnQgc2l6ZT0iMiI+5pel5pysPC9mb250PjwvdGQ+PC90cj4KPHRyPgo8L3Rib2R5PjwvdGFibGU+PGJyPjx0YWJsZSBib3JkZXI9IjAiIGNlbGxzcGFjaW5nPSIwIiBjZWxscGFkZGluZz0iMiI+Cjx0ciB2YWxpZ249InRvcCI+Cjx0ZCBub3dyYXA+44Ku44OV44OI5a++5b+cPC90ZD4KPHRkPgo8aW1nIHNyYz0iaHR0cDovL2ltYWdlLnJha3V0ZW4uY28uanAvZ2xlbmNoZWNrL2NhYmluZXQvZnVyaWUvcmFwLWljb24uZ2lmIiBhbHQ9IuODqeODg+ODlOODs+OCsOWvvuW/nCIgd2lkdGg9IjEwMCIKaGVpZ2h0PSIyMSIgaHNwYWNlPSIxIj4KPGltZyBzcmM9Imh0dHA6Ly9pbWFnZS5yYWt1dGVuLmNvLmpwL2dsZW5jaGVjay9jYWJpbmV0L2Z1cmllL3JhcC1zZW50YWt1LmdpZiIgYWx0PSLjg6njg4Pjg5Tjg7PjgrDpgbjmip7lj68iIHdpZHRoPSIxMDAiIGhlaWdodD0iMjEiIGhzcGFjZT0iMSI+CjxpbWcgc3JjPSJodHRwOi8vaW1hZ2UucmFrdXRlbi5jby5qcC9nbGVuY2hlY2svY2FiaW5ldC9mdXJpZS9yYXAtbWVzc2FnZS5naWYiIGFsdD0i44Oh44OD44K744O844K444Kr44O844OJIiB3aWR0aD0iMTAwIgpoZWlnaHQ9IjIxIiBoc3BhY2U9IjEiPgo8L3RkPgo8L3RyPgo8L3RhYmxlPgo8IS0tRnJlZSBzaGlwcGluZy0tPgo8YnI+CjxUQUJMRSBjZWxsUGFkZGluZz0iMTUiIHdpZHRoPSIzMjAiIGJvcmRlcj0iMSIgYm9yZGVyY29sb3I9IiMwMDAwMDAiPgo8VEJPRFk+CjxUUj48VEQgYWxpZ249ImNlbnRlciIgYmdjb2xvcj0iI0Y1RjVEQyI+5rW35aSW44Gu6YWN6YCB44Gr6Zai44GX44G+44GX44GmPC9URD48L1RSPgo8VFI+CjxURCBhbGlnbj0ibGVmdCIgYmdjb2xvcj0iI2ZmZmZmZiI+CjxGT05UIHNpemU9IjIiPgrjgIzpgIHmlpnnhKHmlpnjgI3jga7ooajoqJjjgYzjgYLjgovjgoLjga7jga/ml6XmnKzjga7lm73lhoXjga7phY3pgIHjgavplqLjgZfjgabjga7lr77lv5zjgajjgarjgorjgb7jgZnjgII8YnI+Cua1t+WklumFjemAgeOBq+mWouOBl+OBpuOBr+WIpemAlOmAgeaWmeOCkuiqsumHkeOBhOOBn+OBl+OBvuOBmeOBruOBp+i/veOBo+OBpuW6l+iIl+OCiOOCiumAo+e1oeOBhOOBn+OBl+OBvuOBmeOAgjxicj48YnI+CiJGcmVlIHNoaXBwaW5nIiBhcHBlYXJzIGluIHRoZSBhZHMgaXMgb25seSB2YWxpZCBmb3IgdGhlIGRvbWVzdGljIGRlbGl2ZXJ5IHdpdGhpbiBKYXBhbi48YnI+ClNoaXBwaW5nIGZlZSBtdXN0IGJlIGNoYXJnZWQgdG8gdGhlIGN1c3RvbWVycyB3aG8gd291bGQgbGlrZSB1cyB0byBzaGlwIHlvdXIgb3JkZXIgdG8gb3V0c2lkZSBvZiBKYXBhbi48YnI+Cjxicj4KUGxlYXNlIGNvbnRhY3QgdXMgb3IgdXNlIHRoZSBzaGlwcGluZyBmZWUgY2FsY3VsYXRvciBiZWxvdyBpZiB5b3Ugd291bGQgbGlrZSB0byBjb25maXJtIHlvdXIgc2hpcHBpbmcgZmVlLjxicj4KPC9GT05UPgo8L1REPgo8L1RSPgo8L1RCT0RZPgo8L1RBQkxFPjxicj4KPGltZyBzcmM9Imh0dHA6Ly9pbWFnZS5yYWt1dGVuLmNvLmpwL2dsZW5jaGVjay9jYWJpbmV0L2Jhbm5lci9yYWt1Ym5yLWNvbnZpbmkuanBnPzAiIGJvcmRlcj0iMCIgLz48YnIgLz48YnI+PGltZyBzcmM9Imh0dHA6Ly9pbWFnZS5yYWt1dGVuLmNvLmpwL2dsZW5jaGVjay9jYWJpbmV0L2Jhbm5lci9yYWt1Ym5yLXJldmlldy5qcGciIGJvcmRlcj0iMCIgLz48YnIgLz48c3R5bGUgdHlwZT0idGV4dC9jc3MiPgo8IS0tCgovKiDjg5fjg6vjg4Djgqbjg7MgKi8KI3Jha3V0ZW5MaW1pdGVkSWRfYXJvdW5kQ2FydCBzcGFuLmNob2ljZXtiYWNrZ3JvdW5kOnVybCgiaHR0cDovL2ltYWdlLnJha3V0ZW4uY28uanAvZ2xlbmNoZWNrL2NhYmluZXQvY2h1dWliYW5hcmNhcnQyLmdpZiIpIG5vLXJlcGVhdCAjZmZlOGJiO2JvcmRlcjoxcHggc29saWQgI2NjYztkaXNwbGF5OmJsb2NrO2ZvbnQtc2l6ZToxNHB4O2ZvbnQtd2VpZ2h0OmJvbGQ7bGluZS1oZWlnaHQ6MS4yZW07cGFkZGluZzo1cHggMCA1cHggMzNweDt0ZXh0LWFsaWduOmxlZnQ7bWFyZ2luLXRvcDoxMHB4O3dpZHRoOjMyMHB4O30vKiDjgr/jgqTjg4jjg6sgKi8KI3Jha3V0ZW5MaW1pdGVkSWRfYXJvdW5kQ2FydCBzZWxlY3R7Ym9yZGVyOjFweCBzb2xpZCAjOTg5ODk4O3dpZHRoOjM1NXB4O2hlaWdodDoyOHB4Oy8qbGluZS1oZWlnaHQ7MS4yZW07bWFyZ2luOjA7ZGlzcGxheTpibG9jaztwb3NpdGlvbjpyZWxhdGl2ZTtmb250LXNpemU6MTNweDsqL30vKiDpgbjmip7pg6jliIYgKi8KCjwhLS0gIOmgheebrumBuOaKnuiCouWIpeWcqOW6q+OBq+WHuuOCi+e0jeacn+OBruODh+OCtuOCpOODs+OAgOKGky0tPgoKdGQuaW52ZW50b3J5IGZvbnR7Zm9udC1zaXplOjEwcHg7Y29sb3I6I2Y4MDAwMDtsaW5lLWhlaWdodDogMS41O30KdGQuaW52ZW50b3J5e3dvcmQtd3JhcDpicmVhay13b3JkO3dpZHRoOjgwcHg7fQoKLyrpgbjmip7poIXnm67pg6jliIbjga7jg4bjg7zjg5bjg6vjgrvjg6vjga7kvZnnmb3vvIhwYWRkaW5n77yJ6Kit5a6aKi8KI3Jha3V0ZW5MaW1pdGVkSWRfYXJvdW5kQ2FydCAuaW52ZW50b3J5X2Nob2ljZV9uYW1le3BhZGRpbmc6N3B4ICFpbXBvcnRhbnQ7fQoKLyrpgbjmip7poIXnm67pg6jliIbjga7jg6njgrjjgqrjg5zjgr/jg7PjgpLlm7LjgaPjgabjgYTjgovjg4bjg7zjg5bjg6vjgrvjg6vjga7kvZnnmb3vvIhwYWRkaW5n77yJ6Kit5a6aKi8KI3Jha3V0ZW5MaW1pdGVkSWRfYXJvdW5kQ2FydCAuaW52ZW50b3J5e3BhZGRpbmc6N3B4ICFpbXBvcnRhbnQ7fQoKLyog6aCF55uu6YG45oqe6IKi5Yil44Gu44OG44O844OW44Or5YaF44Gu5Zyo5bqr6KGo56S6ICovCnRkLmludmVudG9yeSBmb250e2NvbG9yOiM1NTU7Zm9udC1zaXplOjEycHggIWltcG9ydGFudDtsaW5lLWhlaWdodDoxLjM7fQoKCnNwYW4uY2hvaWNlIHsgY29sb3I6ICMwMDA7IGZvbnQtc2l6ZTogMTIwJTt9CgpkaXYjSGVhZGVyS2V5d29yZCB7Cglwb3NpdGlvbjphYnNvbHV0ZTsKCXRvcDo1MHB4Oy8q5LiA55Wq5LiK44GL44KJ44Gu5L2N572uKi8KCWxlZnQ6MzBweDsvKuW3puerr+OBi+OCieOBruS9jee9riovCn0KCmRpdiNIZWFkZXJLZXl3b3JkIHNwYW4gewoJYmFja2dyb3VuZDogI2JmMDAwMDsKCWNvbG9yOiNmZmY7Cglmb250LXdlaWdodDpib2xkOwoJcGFkZGluZzoycHggNXB4Owp9CgpkaXYjSGVhZGVyS2V5d29yZCBhIHsKCWNvbG9yOiMwMDQ0Q0M7Cn0KCi0tPgoKPC9zdHlsZT4KCgo8ZGl2IGlkPSJIZWFkZXJLZXl3b3JkIj4KPHNwYW4+5rOo55uu44Gu44Kt44O844Ov44O844OJPC9zcGFuPgrjgJDjg5Pjgrjjg43jgrnjg57jg7Plv4XmkLrlkI3liLrlhaXjgozvvIHjgJEK44CQ5Lq65rCX5LiK5piH44Gu6ZW36LKh5biD44CRCuOAkOWls+WtkOOBq+S6uuawl2thbm1pLuOAkQo8L2Rpdj4KCjwhLS1Hb1FTeXN0ZW3jg6njg7Pjgq3jg7PjgrDoh6rli5Xmm7TmlrDjg4Tjg7zjg6vjg6/jgqTjg4ktLT4KPHRhYmxlIGFsaWduPSJjZW50ZXIiIHdpZHRoPSI2MDAiIGJvcmRlcj0iMCIgY2VsbHBhZGRpbmc9IjAiIGNlbGxzcGFjaW5nPSIwIiBiZ2NvbG9yPSIjRkZGRkZGIiBzdHlsZT0ibGluZS1oZWlnaHQ6MDsiPgo8dHI+Cjx0ZD4KPHRhYmxlIGFsaWduPSJjZW50ZXIiIHdpZHRoPSI2MDAiIGJvcmRlcj0iMCIgY2VsbHBhZGRpbmc9IjAiIGNlbGxzcGFjaW5nPSIwIiBiZ2NvbG9yPSIjRkZGRkZGIj4KPHRyPgo8dGQgYWxpZ249ImNlbnRlciIgdmFsaWduPSJib3R0b20iIGJnY29sb3I9IiNjY2NjY2MiPjxpbWcgc3JjPSJodHRwczovL3d3dy5yYWt1dGVuLm5lLmpwL2dvbGQvZ2xlbmNoZWNrL2dvcXN5c3RlbS82MDByYW5raW5ndGl0ZWwuZ2lmIiB3aWR0aD0iNjAwIiAvPjwvdGQ+CjwvdHI+CjwvdGFibGU+Cjx0YWJsZSBhbGlnbj0iY2VudGVyIiB3aWR0aD0iNTk2IiBib3JkZXI9IjAiIGNlbGxwYWRkaW5nPSIwIiBjZWxsc3BhY2luZz0iMCIgYmdjb2xvcj0iI0NDQ0NDQyIgc3R5bGU9ImJvcmRlci1sZWZ0OnNvbGlkO2JvcmRlci1sZWZ0LXdpZHRoOjFweDtib3JkZXItcmlnaHQ6c29saWQ7Ym9yZGVyLXJpZ2h0LXdpZHRoOjFweDtib3JkZXItYm90dG9tOnNvbGlkO2JvcmRlci1ib3R0b20td2lkdGg6MXB4O2JvcmRlci1jb2xvcjojQ0NDQ0NDOyI+Cjx0cj4KPHRkIGFsaWduPSJjZW50ZXIiIGJnY29sb3I9IiNGRkZGRkYiPgo8ZGl2IGNsYXNzPSJpZnJtLWNvbnRhaW5lciIgc3R5bGU9IndpZHRoOjU5OHB4O2hlaWdodDo0NjBweDtvdmVyZmxvdzphdXRvOy13ZWJraXQtb3ZlcmZsb3ctc2Nyb2xsaW5nOnRvdWNoOyI+Cgo8L2Rpdj4KPC90ZD4KPC90cj4KPHRyPgo8dGQgYWxpZ249InJpZ2h0IiBiZ2NvbG9yPSIjRkZGRkZGIiBzdHlsZT0icGFkZGluZzoycHg7Ij4KPGltZyBzcmM9Imh0dHBzOi8vd3d3LnJha3V0ZW4ubmUuanAvZ29sZC9nbGVuY2hlY2svZ29xc3lzdGVtL3Bvd2VyZWRfYnlfYmFubmVyLmdpZiIgd2lkdGg9IjEyNSIgLz4KPC90ZD4KPC90cj4KPC90YWJsZT4KPC90ZD4KPC90cj4KPC90YWJsZT4KPCEtLUdvUVN5c3RlbeODqeODs+OCreODs+OCsOiHquWLleabtOaWsOODhOODvOODq+ODr+OCpOODiS0tPgo8YnI+Cgo8IS0t4pa85YWx6YCa6Kqs5piO5paH77yI5aSn77yJLS0+Cjx0YWJsZSBib3JkZXI9IjAiIGNlbGxwYWRkaW5nPSIwIiBjZWxsc3BhY2luZz0iMCIgd2lkdGg9IjcwMCI+Cjx0Ym9keT48dHI+Cjx0ZCB2YWxpZ249InRvcCI+Cgo8IS0t44OH44K244Kk44Oz6Kit5a6a77ya5YWx6YCa6Kqs5piO5paH77yI5aSn77yJ5LiK6YOoLS0+Cgo8IS0t44OH44K244Kk44Oz6Kit5a6a77ya5YWx6YCa6Kqs5piO5paH77yI5aSn77yJ5LiK6YOoLS0+Cgo8L3RkPjwvdHI+CjwvdGJvZHk+PC90YWJsZT4KPCEtLeKWsuWFsemAmuiqrOaYjuaWh++8iOWkp++8ieOBk+OBk+OBvuOBpy0tPgo8YnI+CjwhLS3ilrzjgqrjgrnjgrnjg6Hjgr/jgqTjg4jjg6vnlLvlg48tLT4KPFRBQkxFIGNlbGxTcGFjaW5nPTAgY2VsbFBhZGRpbmc9MCB3aWR0aD03MDAgYm9yZGVyPTA+CjxUUj4KPFREIGJhY2tncm91bmQ9aHR0cDovL2ltYWdlLnJha3V0ZW4uY28uanAvZ2xlbmNoZWNrL2NhYmluZXQvZnVyaWUvMWJhbi1uZXIuanBnIGhlaWdodD0zMD4KPCEtLeKWvOOCq+ODqeODvOOCv+OCpOODiOODqy0tPjxmb250IGNvbG9yPUZGRkZGRiBzaXplPSI0IiA+PGI+44CA44CA44CA44CA44CA44CA44CA44CA44Kw44Os44Oz44OB44Kn44OD44Kv44K544K/44OD44OV44Gu44Kq44K544K544Oh44Ki44Kk44OG44Og44Gv44GT44Gh44KJ77yBIDwvYj48L2ZvbnQ+CjwvVEQ+PC9UUj48L1RBQkxFPgoKPCEtLeKWvOOCquOCueOCueODoeOCouOCpOODhuODoC0tPgo8dGFibGUgYm9yZGVyPSIwIiBjZWxscGFkZGluZz0iMCIgY2VsbHNwYWNpbmc9IjAiIHdpZHRoPSI3MDAiPgo8dGJvZHk+PHRyPgo8dGQgdmFsaWduPSJ0b3AiPgoKPCEtLeODh+OCtuOCpOODs+ioreWumu+8muWFsemAmuiqrOaYjuaWh++8iOWkp++8ieS4i+mDqC0tPgoKPCEtLeODh+OCtuOCpOODs+ioreWumu+8muWFsemAmuiqrOaYjuaWh++8iOWkp++8ieS4i+mDqC0tPgoKPC90ZD48L3RyPgkKPC90Ym9keT48L3RhYmxlPgoKCjwhLS3ilrLjgYrjgZnjgZnjgoHjgZPjgZPjgb7jgactLT4KPGJyPg==,44CQS2FubWkuL+OCq+ODs+ODn+OAkeODieODreODg+ODl+ODhOODquODvCBM5Z6L44Ot44Oz44Kw44Km44Kp44Os44OD44OIIOmVt+iyoeW4gy/plbfmnK3osqHluIPjgJDpgIHmlpnnhKHmlpnjgJHjgJDlkI3lhaXjgoznhKHmlpnjgJFb44GL44KT44G/IOavjeOBruaXpSDoqpXnlJ/ml6Ug44Kv44Oq44K544Oe44K5IOOCruODleODiCDjg5fjg6zjgrzjg7Pjg4hd77ya6LKh5biD44CQ5ZCN5YWl44KM54Sh5paZ44CR44Kw44Os44Oz44OB44Kn44OD44Kv,5ZCN5YWl44KM6LKh5biD44OP44Oq44K544OE44Kk44O844OJ44OW44Op44Kk44OJ44Or44Os44K244O844OR44OK44Oe44OP44OD44OI44OW44Oq44OG44Kj44OD44K344Ol44Kw44Oq44O844OzYnJpdGlzaCBncmVlbuOCu+ODieOCpuOCo+ODg+OCr1NFREdXSUNL44OT44K444ON44K544Kz44O844OJ44OQ44Oz55S36Iux5Zu9546L5a6k5b6h55So6YGU44K144K544Oa44Oz44OA44O85pys6Z2p44Os44K244O844Km44Kp44Os44OD44OI5LqM44Gk5oqY44KK44Kw44Os44Oz44OB44Kn44OD44KvR0xFTkNIRUNL5ZCN5Yi65YWl44KM44CQS2FubWkuL+OCq+ODs+ODn+OAkeODieODreODg+ODl+ODhOODquODvCBM5Z6L44Ot44Oz44Kw44Km44Kp44Os44OD44OIIOmVt+iyoeW4gy/plbfmnK3osqHluIPjgJDpgIHmlpnnhKHmlpnjgJHjgJDlkI3lhaXjgoznhKHmlpnjgJFb44GL44KT44G/IOavjeOBruaXpSDoqpXnlJ/ml6Ug44Kv44Oq44K544Oe44K5IOOCruODleODiCDjg5fjg6zjgrzjg7Pjg4hd,44Kz44Kk44Oz5YWl44KM44GM55yf44KT5Lit44Gr44Gk44GE44Gm44GE44Gm44CB44Go44Gj44Gm44KC5L6/5Yip44CC44CQS2FubWkuL+OCq+ODs+ODn+OAkeODieODreODg+ODl+ODhOODquODvCBM5Z6L44Ot44Oz44Kw44Km44Kp44Os44OD44OIIOmVt+iyoeW4gy/plbfmnK3osqHluIPjgJDpgIHmlpnnhKHmlpnjgJHjgJDlkI3lhaXjgoznhKHmlpnjgJFb44GL44KT44G/IOavjeOBruaXpSDoqpXnlJ/ml6Ug44Kv44Oq44K544Oe44K5IOOCruODleODiCDjg5fjg6zjgrzjg7Pjg4hd[rn]
39-76464,aHR0cDovL3RzaG9wLnIxMHMuanAvZ2xlbmNoZWNrL2NhYmluZXQvc2hvaGluNi8xNTQzX3RodW0uanBnP2ZpdGluPTcwMDo3MDA=,MTAzNjguMDAwMA==,,44OQ44OD44Kw44O75bCP54mp44O744OW44Op44Oz44OJ6ZuR6LKoID4g6LKh5biD44O744Kx44O844K5ID4g44Os44OH44Kj44O844K56LKh5biD,W+mAgeaWmeeEoeaWmV3jgqTjgr/jg6rjgqLoo73jg6zjg4fjgqPjg7zjgrnoirHmn4Tjg63jg7PjgrDjgqbjgqnjg6zjg4Pjg4ggR0lVREkg44K444Km44OH44KjW+OCr+ODquOCueODnuOCuSDjgq7jg5Xjg4jjg6njg4Pjg5Tjg7PjgrAg44Ku44OV44OIIOW9vOWlsyDoqpXnlJ/ml6Ug44OX44Os44K844Oz44OIIOacrOmdqSDjg6zjgrbjg7wg6ZW36LKh5biDIOOBleOBhOOBtSDmnKznmq7osqHluIMg44GL44KP44GE44GEIOWPr+aEm+OBhCDjgYrjgZfjgoPjgowg6KqV55Sf5pel44OX44Os44K844Oz44OIIOOCteOCpOODlV0g44Kw44Os44Oz44OV44Kj44O844Or44OJ,5rC05b2p55S744Gu44KI44GG44Gq576O44GX44GE6Iqx5p+E44Gu44Kk44K/44Oq44Ki6KO944Km44Kp44Os44OD44OI44CQcG9pMTDjgJE=,PGZvbnQgc2l6ZT0iMiI+PGI+44Kk44K/44Oq44Ki6KO944Os44OH44Kj44O844K56Iqx5p+E44Ot44Oz44Kw44Km44Kp44Os44OD44OIPC9iPjwvZm9udD48YnI+CjxpbWcgc3JjPSJodHRwOi8vaW1hZ2UucmFrdXRlbi5jby5qcC9nbGVuY2hlY2svY2FiaW5ldC9kb3RsaW5lLmdpZiI+PGJyPgo8aW1nIHNyYz0iaHR0cDovL2ltYWdlLnJha3V0ZW4uY28uanAvZ2xlbmNoZWNrL2NhYmluZXQvc2hvaGluNi8xNTQzX2suanBnIj48YnI+CjxpbWcgc3JjPSJodHRwOi8vaW1hZ2UucmFrdXRlbi5jby5qcC9nbGVuY2hlY2svY2FiaW5ldC9zaG9oaW42LzE1NDNfMDEuanBnIj48YnI+CjxpbWcgc3JjPSJodHRwOi8vaW1hZ2UucmFrdXRlbi5jby5qcC9nbGVuY2hlY2svY2FiaW5ldC9zaG9oaW42LzE1NDNfY3IuanBnIj48YnI+CjxpbWcgc3JjPSJodHRwOi8vaW1hZ2UucmFrdXRlbi5jby5qcC9nbGVuY2hlY2svY2FiaW5ldC9zaG9oaW42LzE1NDNfY3kuanBnIj48YnI+CjxpbWcgc3JjPSJodHRwOi8vaW1hZ2UucmFrdXRlbi5jby5qcC9nbGVuY2hlY2svY2FiaW5ldC9zaG9oaW42LzE1NDNfY2IuanBnIj48YnI+CjxpbWcgc3JjPSJodHRwOi8vaW1hZ2UucmFrdXRlbi5jby5qcC9nbGVuY2hlY2svY2FiaW5ldC9zaG9oaW42LzE1NDNfMDIuanBnIj48YnI+CjxpbWcgc3JjPSJodHRwOi8vaW1hZ2UucmFrdXRlbi5jby5qcC9nbGVuY2hlY2svY2FiaW5ldC9zaG9oaW42LzE1NDNfMDMuanBnIj48YnI+CjxpbWcgc3JjPSJodHRwOi8vaW1hZ2UucmFrdXRlbi5jby5qcC9nbGVuY2hlY2svY2FiaW5ldC9zaG9oaW42LzE1NDNfMDQuanBnIj48YnI+CjxpbWcgc3JjPSJodHRwOi8vaW1hZ2UucmFrdXRlbi5jby5qcC9nbGVuY2hlY2svY2FiaW5ldC9zaG9oaW42LzE1NDNfc3BlYy5qcGciPjxicj4KPGltZyBzcmM9Imh0dHA6Ly9pbWFnZS5yYWt1dGVuLmNvLmpwL2dsZW5jaGVjay9jYWJpbmV0L2JyYW5kL2JyYW5kX2dpdWRpLmpwZyI+PGJyPjxicj48YnI+CjxpbWcgc3JjPSJodHRwOi8vaW1hZ2UucmFrdXRlbi5jby5qcC9nbGVuY2hlY2svY2FiaW5ldC9zaG9oaW42LzE1NDJfaW5mb2Jhci5qcGciPjxicj4KPHRhYmxlIHdpZHRoPSI3MDAiIGNlbGxwYWRkaW5nPSI1IiBjZWxsc3BhY2luZz0iMCIgYm9yZGVyPSIxIiBzdHlsZT0iYm9yZGVyLWNvbG9yOiNhYWFhYWE7Ym9yZGVyLXN0eWxlOnNvbGlkO2JvcmRlci1jb2xsYXBzZTpjb2xsYXBzZSI+Cjx0cj4KPHRkIHdpZHRoPSIxNSUiIGFsaWduPSJjZW50ZXIiPjxmb250IHNpemU9IjIiPuWVhuWTgeWQjTwvZm9udD48L3RkPgo8dGQ+PGZvbnQgc2l6ZT0iMiI+44Kk44K/44Oq44Ki6KO944Os44OH44Kj44O844K56Iqx5p+E44Ot44Oz44Kw44Km44Kp44Os44OD44OIPC9mb250PjwvdGQ+CjwvdHI+Cjx0cj4KPHRkIHdpZHRoPSIxNSUiIGFsaWduPSJjZW50ZXIiPjxmb250IHNpemU9IjIiPuWVhuWTgeips+e0sDwvZm9udD48L3RkPgo8dGQ+PGZvbnQgc2l6ZT0iMiI+44OV44Kh44OD44K344On44Oz55WM44Gr5bi444Gr5paw6aKo44KS5ZC544GN6L6844KA44Kk44K/44Oq44Ki44GL44KJ5bGK44GE44Gf44Os44OH44Kj44O844K544Km44Kp44Os44OD44OI44CC57Sg5p2Q44Gr44Gv5rC05b2p55S744Gu44KI44GG44Gq6Iqx5qih5qeY44KS5pa944GX44Gf54mb6Z2p44KS5L2/55So44GX44Gm44GK44KK44CB5oyB44Gk5Lq644Gr57mK57Sw44Gn44Ko44Os44Ks44Oz44OI44Gq5Y2w6LGh44KS5LiO44GI44G+44GZ44CC5Lit44Gr5L2/55So44GX44Gf6Z2p44Go44Gu44Kz44Oz44OI44Op44K544OI44KC576O44GX44GP44CB5aSW5Ye644GZ44KL44Gu44GM5qW944GX44GP44Gq44KL44KI44GG44Gq6LKh5biD44Gr5LuV5LiK44GM44KK44G+44GX44Gf44CCPGJyIC8+CjPjgrPjg7Pjg5Hjg7zjg4jjg6Hjg7Pjg4jmp4vpgKDjgavjgarjgaPjgabjgYrjgorjgIHkubHpm5HjgavjgarjgorjgYzjgaHjgarosqHluIPjga7kuK3jgpLjgZfjgaPjgYvjgorjgajmlbTnkIbjgafjgY3jgb7jgZnjgILpoJjlj47mm7jjgIHntJnluaPjga7nqK7poZ7jgpLliIbjgZHjgablj47ntI3jgILjgb7jgZ/jga/jg5Hjgrnjg53jg7zjg4jjgIHlpJbosqjntJnluaPjgIHlhobntJnluaPjgajliIbpoZ7jgafjgY3jg4jjg6njg5njg6vjgqbjgqnjg6zjg4Pjg4jjgajjgZfjgabjgoLkvb/nlKjjgafjgY3jgovlj47ntI3lipvjgII8L2ZvbnQ+PC90ZD4KPC90cj4KPHRyPgo8dGQgd2lkdGg9IjE1JSIgYWxpZ249ImNlbnRlciI+PGZvbnQgc2l6ZT0iMiI+44OW44Op44Oz44OJPC9mb250PjwvdGQ+Cjx0ZD48Zm9udCBzaXplPSIyIj5HSVVESe+8iOOCuOOCpuODh+OCo++8iTwvZm9udD48L3RkPgo8L3RyPgo8dHI+Cjx0ZCB3aWR0aD0iMTUlIiBhbGlnbj0iY2VudGVyIj48Zm9udCBzaXplPSIyIj7ku5Xmp5g8L2ZvbnQ+PC90ZD4KPHRkPjxmb250IHNpemU9IjIiPuacreWFpeOCjMOXM+OAgeWwj+mKreWFpeOCjMOXMuOAgeOCq+ODvOODieODneOCseODg+ODiMOXN+OAgeOCquODvOODl+ODs+ODneOCseODg+ODiMOXMzwvZm9udD48L3RkPgo8L3RyPgo8dHI+Cjx0ZCB3aWR0aD0iMTUlIiBhbGlnbj0iY2VudGVyIj48Zm9udCBzaXplPSIyIj7ntKDmnZA8L2ZvbnQ+PC90ZD4KPHRkPjxmb250IHNpemU9IjIiPu+8u+ihqOWcsO+8veeJm+mdqeOAgO+8u+ijj+WcsO+8veODneODquOCqOOCueODhuODqzwvZm9udD48L3RkPgo8L3RyPgo8dHI+Cjx0ZCB3aWR0aD0iMTUlIiBhbGlnbj0iY2VudGVyIj48Zm9udCBzaXplPSIyIj7jgrXjgqTjgro8L2ZvbnQ+PC90ZD4KPHRkPjxmb250IHNpemU9IjIiPu+8iOe0hO+8iee4puW5hTEww5fmqKrluYUxOcOX44Oe44OBM2NtPC9mb250PjwvdGQ+CjwvdHI+Cjx0cj4KPHRkIHdpZHRoPSIxNSUiIGFsaWduPSJjZW50ZXIiPjxmb250IHNpemU9IjIiPumHjeOBlTwvZm9udD48L3RkPgo8dGQ+PGZvbnQgc2l6ZT0iMiI+77yI57SE77yJMTUwZzwvZm9udD48L3RkPgo8L3RyPgo8dHI+Cjx0ZCB3aWR0aD0iMTUlIiBhbGlnbj0iY2VudGVyIj48Zm9udCBzaXplPSIyIj7jgqvjg6njg7w8L2ZvbnQ+PC90ZD4KPHRkPjxmb250IHNpemU9IjIiPuODrOODg+ODieOAgeOCpOOCqOODreODvOOAgeODluODq+ODvDwvZm9udD48L3RkPgo8L3RyPgo8dHI+Cjx0ZCB3aWR0aD0iMTUlIiBhbGlnbj0iY2VudGVyIj48Zm9udCBzaXplPSIyIj7ljp/nlKPlm708L2ZvbnQ+PC90ZD4KPHRkPjxmb250IHNpemU9IjIiPuOCpOOCv+ODquOCojwvZm9udD48L3RkPgo8L3RyPgo8dHI+Cjx0ZCB3aWR0aD0iMTUlIiBhbGlnbj0iY2VudGVyIj48Zm9udCBzaXplPSIyIj7nibnoqJjkuovpoIU8L2ZvbnQ+PC90ZD4KPHRkPjxmb250IHNpemU9IjIiPuWVhuWTgeOBq+OCiOOCiuafhOOBruWHuuaWueOBjOWkieOCj+OCiuOBvuOBmeOBruOBp+OBlOS6huaJv+OBj+OBoOOBleOBhOOAgjwvZm9udD48L3RkPgo8L3RyPgo8L3RhYmxlPgo8YnIgLz48YnIgLz4KCjwhLS3jgYLjgZnmpb3jg5Djg4rjg7wtLT4KICA8aWZyYW1lIHN0eWxlPSJtYXJnaW4tYm90dG9tOjIwcHg7IiBzcmM9Imh0dHA6Ly93d3cucmFrdXRlbi5uZS5qcC9nb2xkL2dsZW5jaGVjay9pdG0vYXNyYm4vcGNpdGVtL2l0ZW1fYXNibi5odG1sPzMiIGZyYW1lYm9yZGVyPSIwIiB3aWR0aD0iNzAwIiBoZWlnaHQ9IjE2MSIgc2Nyb2xsaW5nPW5vPjwvaWZyYW1lPgo8IS0t44GC44GZ5qW944OQ44OK44O8IGVuZC0tPjx0YWJsZSBib3JkZXI9IjAiIGNlbGxwYWRkaW5nPSIyIiBjZWxsc3BhY2luZz0iMCI+Cjx0ciB2YWxpZ249InRvcCI+Cjx0ZCBub3dyYXA+44Ku44OV44OI5a++5b+cPC90ZD4KPHRkPjxpbWcgc3JjPSJodHRwOi8vaW1hZ2UucmFrdXRlbi5jby5qcC9nbGVuY2hlY2svY2FiaW5ldC9mdXJpZS9yYXAtaWNvbi5naWYiIGFsdD0i44Op44OD44OU44Oz44Kw5a++5b+cIiB3aWR0aD0iMTAwIgpoZWlnaHQ9IjIxIiBoc3BhY2U9IjEiPgo8aW1nIHNyYz0iaHR0cDovL2ltYWdlLnJha3V0ZW4uY28uanAvZ2xlbmNoZWNrL2NhYmluZXQvZnVyaWUvcmFwLXNlbnRha3UuZ2lmIiBhbHQ9IuODqeODg+ODlOODs+OCsOmBuOaKnuWPryIgd2lkdGg9IjEwMCIgaGVpZ2h0PSIyMSIgaHNwYWNlPSIxIj4KPGltZyBzcmM9Imh0dHA6Ly9pbWFnZS5yYWt1dGVuLmNvLmpwL2dsZW5jaGVjay9jYWJpbmV0L2Z1cmllL3JhcC1tZXNzYWdlLmdpZiIgYWx0PSLjg6Hjg4Pjgrvjg7zjgrjjgqvjg7zjg4kiIHdpZHRoPSIxMDAiCmhlaWdodD0iMjEiIGhzcGFjZT0iMSI+CjwvdGQ+CjwvdHI+CjwvdGFibGU+CjwhLS1GcmVlIHNoaXBwaW5nLS0+Cjxicj4KPFRBQkxFIGNlbGxQYWRkaW5nPSIxNSIgd2lkdGg9IjMyMCIgYm9yZGVyPSIxIiBib3JkZXJjb2xvcj0iIzAwMDAwMCI+CjxUUj48VEQgYWxpZ249ImNlbnRlciIgYmdjb2xvcj0iI0Y1RjVEQyI+5rW35aSW44Gu6YWN6YCB44Gr6Zai44GX44G+44GX44GmPC9URD48L1RSPgo8VFI+CjxURCBhbGlnbj0ibGVmdCIgYmdjb2xvcj0iI2ZmZmZmZiI+CjxGT05UIHNpemU9IjIiPgrjgIzpgIHmlpnnhKHmlpnjgI3jga7ooajoqJjjgYzjgYLjgovjgoLjga7jga/ml6XmnKzjga7lm73lhoXjga7phY3pgIHjgavplqLjgZfjgabjga7lr77lv5zjgajjgarjgorjgb7jgZnjgII8YnI+Cua1t+WklumFjemAgeOBq+mWouOBl+OBpuOBr+WIpemAlOmAgeaWmeOCkuiqsumHkeOBhOOBn+OBl+OBvuOBmeOBruOBp+i/veOBo+OBpuW6l+iIl+OCiOOCiumAo+e1oeOBhOOBn+OBl+OBvuOBmeOAgjxicj48YnI+CiJGcmVlIHNoaXBwaW5nIiBhcHBlYXJzIGluIHRoZSBhZHMgaXMgb25seSB2YWxpZCBmb3IgdGhlIGRvbWVzdGljIGRlbGl2ZXJ5IHdpdGhpbiBKYXBhbi48YnI+ClNoaXBwaW5nIGZlZSBtdXN0IGJlIGNoYXJnZWQgdG8gdGhlIGN1c3RvbWVycyB3aG8gd291bGQgbGlrZSB1cyB0byBzaGlwIHlvdXIgb3JkZXIgdG8gb3V0c2lkZSBvZiBKYXBhbi48YnI+Cjxicj4KUGxlYXNlIGNvbnRhY3QgdXMgb3IgdXNlIHRoZSBzaGlwcGluZyBmZWUgY2FsY3VsYXRvciBiZWxvdyBpZiB5b3Ugd291bGQgbGlrZSB0byBjb25maXJtIHlvdXIgc2hpcHBpbmcgZmVlLjxicj4KPC9GT05UPgo8L1REPgo8L1RSPgo8L1RBQkxFPjxicj4KPGltZyBzcmM9Imh0dHA6Ly9pbWFnZS5yYWt1dGVuLmNvLmpwL2dsZW5jaGVjay9jYWJpbmV0L2Jhbm5lci9yYWt1Ym5yLWNvbnZpbmkuanBnPzAiIGJvcmRlcj0iMCIgLz48YnIgLz48YnI+PGltZyBzcmM9Imh0dHA6Ly9pbWFnZS5yYWt1dGVuLmNvLmpwL2dsZW5jaGVjay9jYWJpbmV0L2Jhbm5lci9yYWt1Ym5yLXJldmlldy5qcGciIGJvcmRlcj0iMCIgLz48YnIgLz48c3R5bGUgdHlwZT0idGV4dC9jc3MiPgo8IS0tCgovKiDjg5fjg6vjg4Djgqbjg7MgKi8KI3Jha3V0ZW5MaW1pdGVkSWRfYXJvdW5kQ2FydCBzcGFuLmNob2ljZXtiYWNrZ3JvdW5kOnVybCgiaHR0cDovL2ltYWdlLnJha3V0ZW4uY28uanAvZ2xlbmNoZWNrL2NhYmluZXQvY2h1dWliYW5hcmNhcnQyLmdpZiIpIG5vLXJlcGVhdCAjZmZlOGJiO2JvcmRlcjoxcHggc29saWQgI2NjYztkaXNwbGF5OmJsb2NrO2ZvbnQtc2l6ZToxNHB4O2ZvbnQtd2VpZ2h0OmJvbGQ7bGluZS1oZWlnaHQ6MS4yZW07cGFkZGluZzo1cHggMCA1cHggMzNweDt0ZXh0LWFsaWduOmxlZnQ7bWFyZ2luLXRvcDoxMHB4O3dpZHRoOjMyMHB4O30vKiDjgr/jgqTjg4jjg6sgKi8KI3Jha3V0ZW5MaW1pdGVkSWRfYXJvdW5kQ2FydCBzZWxlY3R7Ym9yZGVyOjFweCBzb2xpZCAjOTg5ODk4O3dpZHRoOjM1NXB4O2hlaWdodDoyOHB4Oy8qbGluZS1oZWlnaHQ7MS4yZW07bWFyZ2luOjA7ZGlzcGxheTpibG9jaztwb3NpdGlvbjpyZWxhdGl2ZTtmb250LXNpemU6MTNweDsqL30vKiDpgbjmip7pg6jliIYgKi8KCjwhLS0gIOmgheebrumBuOaKnuiCouWIpeWcqOW6q+OBq+WHuuOCi+e0jeacn+OBruODh+OCtuOCpOODs+OAgOKGky0tPgoKdGQuaW52ZW50b3J5IGZvbnR7Zm9udC1zaXplOjEwcHg7Y29sb3I6I2Y4MDAwMDtsaW5lLWhlaWdodDogMS41O30KdGQuaW52ZW50b3J5e3dvcmQtd3JhcDpicmVhay13b3JkO3dpZHRoOjgwcHg7fQoKLyrpgbjmip7poIXnm67pg6jliIbjga7jg4bjg7zjg5bjg6vjgrvjg6vjga7kvZnnmb3vvIhwYWRkaW5n77yJ6Kit5a6aKi8KI3Jha3V0ZW5MaW1pdGVkSWRfYXJvdW5kQ2FydCAuaW52ZW50b3J5X2Nob2ljZV9uYW1le3BhZGRpbmc6N3B4ICFpbXBvcnRhbnQ7fQoKLyrpgbjmip7poIXnm67pg6jliIbjga7jg6njgrjjgqrjg5zjgr/jg7PjgpLlm7LjgaPjgabjgYTjgovjg4bjg7zjg5bjg6vjgrvjg6vjga7kvZnnmb3vvIhwYWRkaW5n77yJ6Kit5a6aKi8KI3Jha3V0ZW5MaW1pdGVkSWRfYXJvdW5kQ2FydCAuaW52ZW50b3J5e3BhZGRpbmc6N3B4ICFpbXBvcnRhbnQ7fQoKLyog6aCF55uu6YG45oqe6IKi5Yil44Gu44OG44O844OW44Or5YaF44Gu5Zyo5bqr6KGo56S6ICovCnRkLmludmVudG9yeSBmb250e2NvbG9yOiM1NTU7Zm9udC1zaXplOjEycHggIWltcG9ydGFudDtsaW5lLWhlaWdodDoxLjM7fQoKCnNwYW4uY2hvaWNlIHsgY29sb3I6ICMwMDA7IGZvbnQtc2l6ZTogMTIwJTt9CgpkaXYjSGVhZGVyS2V5d29yZCB7Cglwb3NpdGlvbjphYnNvbHV0ZTsKCXRvcDo1MHB4Oy8q5LiA55Wq5LiK44GL44KJ44Gu5L2N572uKi8KCWxlZnQ6MzBweDsvKuW3puerr+OBi+OCieOBruS9jee9riovCn0KCmRpdiNIZWFkZXJLZXl3b3JkIHNwYW4gewoJYmFja2dyb3VuZDogI2JmMDAwMDsKCWNvbG9yOiNmZmY7Cglmb250LXdlaWdodDpib2xkOwoJcGFkZGluZzoycHggNXB4Owp9CgpkaXYjSGVhZGVyS2V5d29yZCBhIHsKCWNvbG9yOiMwMDQ0Q0M7Cn0KCi0tPgoKPC9zdHlsZT4KCgo8ZGl2IGlkPSJIZWFkZXJLZXl3b3JkIj4KPHNwYW4+5rOo55uu44Gu44Kt44O844Ov44O844OJPC9zcGFuPgrjgJDjg5Pjgrjjg43jgrnjg57jg7Plv4XmkLrlkI3liLrlhaXjgozvvIHjgJEK44CQ5Lq65rCX5LiK5piH44Gu6ZW36LKh5biD44CRCuOAkOWls+WtkOOBq+S6uuawl2thbm1pLuOAkQo8L2Rpdj4KCjwhLS1Hb1FTeXN0ZW3jg6njg7Pjgq3jg7PjgrDoh6rli5Xmm7TmlrDjg4Tjg7zjg6vjg6/jgqTjg4ktLT4KPHRhYmxlIGFsaWduPSJjZW50ZXIiIHdpZHRoPSI2MDAiIGJvcmRlcj0iMCIgY2VsbHBhZGRpbmc9IjAiIGNlbGxzcGFjaW5nPSIwIiBiZ2NvbG9yPSIjRkZGRkZGIiBzdHlsZT0ibGluZS1oZWlnaHQ6MDsiPgo8dHI+Cjx0ZD4KPHRhYmxlIGFsaWduPSJjZW50ZXIiIHdpZHRoPSI2MDAiIGJvcmRlcj0iMCIgY2VsbHBhZGRpbmc9IjAiIGNlbGxzcGFjaW5nPSIwIiBiZ2NvbG9yPSIjRkZGRkZGIj4KPHRyPgo8dGQgYWxpZ249ImNlbnRlciIgdmFsaWduPSJib3R0b20iIGJnY29sb3I9IiNjY2NjY2MiPjxpbWcgc3JjPSJodHRwczovL3d3dy5yYWt1dGVuLm5lLmpwL2dvbGQvZ2xlbmNoZWNrL2dvcXN5c3RlbS82MDByYW5raW5ndGl0ZWwuZ2lmIiB3aWR0aD0iNjAwIiAvPjwvdGQ+CjwvdHI+CjwvdGFibGU+Cjx0YWJsZSBhbGlnbj0iY2VudGVyIiB3aWR0aD0iNTk2IiBib3JkZXI9IjAiIGNlbGxwYWRkaW5nPSIwIiBjZWxsc3BhY2luZz0iMCIgYmdjb2xvcj0iI0NDQ0NDQyIgc3R5bGU9ImJvcmRlci1sZWZ0OnNvbGlkO2JvcmRlci1sZWZ0LXdpZHRoOjFweDtib3JkZXItcmlnaHQ6c29saWQ7Ym9yZGVyLXJpZ2h0LXdpZHRoOjFweDtib3JkZXItYm90dG9tOnNvbGlkO2JvcmRlci1ib3R0b20td2lkdGg6MXB4O2JvcmRlci1jb2xvcjojQ0NDQ0NDOyI+Cjx0cj4KPHRkIGFsaWduPSJjZW50ZXIiIGJnY29sb3I9IiNGRkZGRkYiPgo8ZGl2IGNsYXNzPSJpZnJtLWNvbnRhaW5lciIgc3R5bGU9IndpZHRoOjU5OHB4O2hlaWdodDo0NjBweDtvdmVyZmxvdzphdXRvOy13ZWJraXQtb3ZlcmZsb3ctc2Nyb2xsaW5nOnRvdWNoOyI+Cgo8L2Rpdj4KPC90ZD4KPC90cj4KPHRyPgo8dGQgYWxpZ249InJpZ2h0IiBiZ2NvbG9yPSIjRkZGRkZGIiBzdHlsZT0icGFkZGluZzoycHg7Ij4KPGltZyBzcmM9Imh0dHBzOi8vd3d3LnJha3V0ZW4ubmUuanAvZ29sZC9nbGVuY2hlY2svZ29xc3lzdGVtL3Bvd2VyZWRfYnlfYmFubmVyLmdpZiIgd2lkdGg9IjEyNSIgLz4KPC90ZD4KPC90cj4KPC90YWJsZT4KPC90ZD4KPC90cj4KPC90YWJsZT4KPCEtLUdvUVN5c3RlbeODqeODs+OCreODs+OCsOiHquWLleabtOaWsOODhOODvOODq+ODr+OCpOODiS0tPgo8YnI+Cgo8IS0t4pa85YWx6YCa6Kqs5piO5paH77yI5aSn77yJLS0+Cjx0YWJsZSBib3JkZXI9IjAiIGNlbGxwYWRkaW5nPSIwIiBjZWxsc3BhY2luZz0iMCIgd2lkdGg9IjcwMCI+Cjx0Ym9keT48dHI+Cjx0ZCB2YWxpZ249InRvcCI+Cgo8IS0t44OH44K244Kk44Oz6Kit5a6a77ya5YWx6YCa6Kqs5piO5paH77yI5aSn77yJ5LiK6YOoLS0+Cgo8IS0t44OH44K244Kk44Oz6Kit5a6a77ya5YWx6YCa6Kqs5piO5paH77yI5aSn77yJ5LiK6YOoLS0+Cgo8L3RkPjwvdHI+CjwvdGJvZHk+PC90YWJsZT4KPCEtLeKWsuWFsemAmuiqrOaYjuaWh++8iOWkp++8ieOBk+OBk+OBvuOBpy0tPgo8YnI+CjwhLS3ilrzjgqrjgrnjgrnjg6Hjgr/jgqTjg4jjg6vnlLvlg48tLT4KPFRBQkxFIGNlbGxTcGFjaW5nPTAgY2VsbFBhZGRpbmc9MCB3aWR0aD03MDAgYm9yZGVyPTA+CjxUUj4KPFREIGJhY2tncm91bmQ9aHR0cDovL2ltYWdlLnJha3V0ZW4uY28uanAvZ2xlbmNoZWNrL2NhYmluZXQvZnVyaWUvMWJhbi1uZXIuanBnIGhlaWdodD0zMD4KPCEtLeKWvOOCq+ODqeODvOOCv+OCpOODiOODqy0tPjxmb250IGNvbG9yPUZGRkZGRiBzaXplPSI0IiA+PGI+44CA44CA44CA44CA44CA44CA44CA44CA44Kw44Os44Oz44OB44Kn44OD44Kv44K544K/44OD44OV44Gu44Kq44K544K544Oh44Ki44Kk44OG44Og44Gv44GT44Gh44KJ77yBIDwvYj48L2ZvbnQ+CjwvVEQ+PC9UUj48L1RBQkxFPgoKPCEtLeKWvOOCquOCueOCueODoeOCouOCpOODhuODoC0tPgo8dGFibGUgYm9yZGVyPSIwIiBjZWxscGFkZGluZz0iMCIgY2VsbHNwYWNpbmc9IjAiIHdpZHRoPSI3MDAiPgo8dGJvZHk+PHRyPgo8dGQgdmFsaWduPSJ0b3AiPgoKPCEtLeODh+OCtuOCpOODs+ioreWumu+8muWFsemAmuiqrOaYjuaWh++8iOWkp++8ieS4i+mDqC0tPgoKPCEtLeODh+OCtuOCpOODs+ioreWumu+8muWFsemAmuiqrOaYjuaWh++8iOWkp++8ieS4i+mDqC0tPgoKPC90ZD48L3RyPgkKPC90Ym9keT48L3RhYmxlPgoKCjwhLS3ilrLjgYrjgZnjgZnjgoHjgZPjgZPjgb7jgactLT4KPGJyPg==,W+mAgeaWmeeEoeaWmV3jgqTjgr/jg6rjgqLoo73jg6zjg4fjgqPjg7zjgrnoirHmn4Tjg63jg7PjgrDjgqbjgqnjg6zjg4Pjg4ggR0lVREkg44K444Km44OH44KjW+OCr+ODquOCueODnuOCuSDjgq7jg5Xjg4jjg6njg4Pjg5Tjg7PjgrAg44Ku44OV44OIIOW9vOWlsyDoqpXnlJ/ml6Ug44OX44Os44K844Oz44OIIOacrOmdqSDjg6zjgrbjg7wg6ZW36LKh5biDIOOBleOBhOOBtSDmnKznmq7osqHluIMg44GL44KP44GE44GEIOWPr+aEm+OBhCDjgYrjgZfjgoPjgowg6KqV55Sf5pel44OX44Os44K844Oz44OIIOOCteOCpOODlV0g44Kw44Os44Oz44OV44Kj44O844Or44OJ77ya6LKh5biD44CQ5ZCN5YWl44KM54Sh5paZ44CR44Kw44Os44Oz44OB44Kn44OD44Kv,5ZCN5YWl44KM6LKh5biD44OP44Oq44K544OE44Kk44O844OJ44OW44Op44Kk44OJ44Or44Os44K244O844OR44OK44Oe44OP44OD44OI44OW44Oq44OG44Kj44OD44K344Ol44Kw44Oq44O844OzYnJpdGlzaCBncmVlbuOCu+ODieOCpuOCo+ODg+OCr1NFREdXSUNL44OT44K444ON44K544Kz44O844OJ44OQ44Oz55S36Iux5Zu9546L5a6k5b6h55So6YGU44K144K544Oa44Oz44OA44O85pys6Z2p44Os44K244O844Km44Kp44Os44OD44OI5LqM44Gk5oqY44KK44Kw44Os44Oz44OB44Kn44OD44KvR0xFTkNIRUNL5ZCN5Yi65YWl44KMW+mAgeaWmeeEoeaWmV3jgqTjgr/jg6rjgqLoo73jg6zjg4fjgqPjg7zjgrnoirHmn4Tjg63jg7PjgrDjgqbjgqnjg6zjg4Pjg4ggR0lVREkg44K444Km44OH44KjW+OCr+ODquOCueODnuOCuSDjgq7jg5Xjg4jjg6njg4Pjg5Tjg7PjgrAg44Ku44OV44OIIOW9vOWlsyDoqpXnlJ/ml6Ug44OX44Os44K844Oz44OIIOacrOmdqSDjg6zjgrbjg7wg6ZW36LKh5biDIOOBleOBhOOBtSDmnKznmq7osqHluIMg44GL44KP44GE44GEIOWPr+aEm+OBhCDjgYrjgZfjgoPjgowg6KqV55Sf5pel44OX44Os44K844Oz44OIIOOCteOCpOODlV0g44Kw44Os44Oz44OV44Kj44O844Or44OJ,5rC05b2p55S744Gu44KI44GG44Gq576O44GX44GE6Iqx5p+E44Gu44Kk44K/44Oq44Ki6KO944Km44Kp44Os44OD44OI44CQcG9pMTDjgJHjgIJb6YCB5paZ54Sh5paZXeOCpOOCv+ODquOCouijveODrOODh+OCo+ODvOOCueiKseafhOODreODs+OCsOOCpuOCqeODrOODg+ODiCBHSVVESSDjgrjjgqbjg4fjgqNb44Kv44Oq44K544Oe44K5IOOCruODleODiOODqeODg+ODlOODs+OCsCDjgq7jg5Xjg4gg5b285aWzIOiqleeUn+aXpSDjg5fjg6zjgrzjg7Pjg4gg5pys6Z2pIOODrOOCtuODvCDplbfosqHluIMg44GV44GE44G1IOacrOearuiyoeW4gyDjgYvjgo/jgYTjgYQg5Y+v5oSb44GEIOOBiuOBl+OCg+OCjCDoqpXnlJ/ml6Xjg5fjg6zjgrzjg7Pjg4gg44K144Kk44OVXSDjgrDjg6zjg7Pjg5XjgqPjg7zjg6vjg4k=[rn]
39-76465,aHR0cDovL3RzaG9wLnIxMHMuanAvZ2xlbmNoZWNrL2NhYmluZXQva2FubWkvMTA2OTc4ODBfdGh1bTEuanBnP2ZpdGluPTcwMDo3MDA=,MTEwNTkuMjAwMA==,,44OQ44OD44Kw44O75bCP54mp44O744OW44Op44Oz44OJ6ZuR6LKoID4g6LKh5biD44O744Kx44O844K5ID4g44Os44OH44Kj44O844K56LKh5biD,44CQ6YCB5paZ54Sh5paZ44CRS2FubWkuIOOCr+ODrOODvOODl+OCt+ODp+ODvOODiOOCpuOCqeODrOODg+ODiFvjgYLjgZnmpb3lr77lv5xd44CQ5ZCN5YWl44KM54Sh5paZ44CR44CQS2FubWku44CR44CQ5pel5pys6KO944CR44CQ44Kr44Oz44Of44CR44CQ44GC44GZ5qW95a++5b+c44CR77y744Km44Kp44Os44OD44OIIOOCt+ODp+ODq+ODgOODvCDjg5Djg4PjgrAg6LKh5biD5LiA5L2T5Z6LIOOCueODnuODmyDlj47ntI0g5pC65bivIOODneOCt+OCp+ODg+ODiCDjgqbjgqnjg6zjg4Pjg4gg44Os44OH44Kj44O844K577y9W+ODiuODgeODpeODqeODqyDjgq7jg5Xjg4gg44OX44Os44K844Oz44OIIOavjeOBruaXpSBd,44K344On44Or44OA44O85LuY44GN44Gu44GK6LKh5biDIOOCr+ODqeODg+ODgeOCgk9L,PHA+PGEgaHJlZj0iaHR0cDovL3d3dy5yYWt1dGVuLm5lLmpwL2dvbGQva2FubWkvIiB0YXJnZXQ9Il9ibGFuayI+PGltZyBzcmM9Imh0dHA6Ly9pbWFnZS5yYWt1dGVuLmNvLmpwL2dsZW5jaGVjay9jYWJpbmV0L3Rva3VzeXU0L2thbm1pc2hvcC03MDBibnIuanBnIiBhbHQ9Ikthbm1pLk9ubGluZVNob3AiIHdpZHRoPSI3MjAiIGJvcmRlcj0iMCIgLz48L2E+PC9wPjxiciAvPgoKPGZvbnQgc2l6ZT0iMiI+S2FubWkuIOOCr+ODrOODvOODlyDjgrfjg6fjg7zjg4jjgqbjgqnjg6zjg4Pjg4ggV0wxNy02OTwvZm9udD48YnIgLz4KPGltZyBzcmM9Imh0dHBzOi8vaW1hZ2UucmFrdXRlbi5jby5qcC9nbGVuY2hlY2svY2FiaW5ldC9kb3RsaW5lLmdpZiIgd2lkdGg9IjcyMCIgLz48YnIgLz4KPHA+PGltZyBzcmM9Imh0dHBzOi8vaW1hZ2UucmFrdXRlbi5jby5qcC9nbGVuY2hlY2svY2FiaW5ldC9rYW5taS8xMDY5Nzg4MF8wMS5qcGciIGFsdD0iS2FubWkuIOOCr+ODrOODvOODlyDjg63jg7PjgrDjgqbjgqnjg6zjg4Pjg4giIHdpZHRoPSI3MjAiIC8+PGJyIC8+CjxpbWcgc3JjPSJodHRwczovL2ltYWdlLnJha3V0ZW4uY28uanAvZ2xlbmNoZWNrL2NhYmluZXQva2FubWkvMTA2OTc4ODBfMDIuanBnIiAvPjwvcD48YnIgLz4KPHA+PGltZyBzcmM9Imh0dHBzOi8vaW1hZ2UucmFrdXRlbi5jby5qcC9nbGVuY2hlY2svY2FiaW5ldC9rYW5taS8xMDY5Nzg4MF8wMy5qcGciIGFsdD0iS2FubWkuIOOCr+ODrOODvOODlyDjg63jg7PjgrDjgqbjgqnjg6zjg4Pjg4jjg4fjgqPjg4bjgqPjg7zjg6sxIiB3aWR0aD0iNzIwIiAvPjxiciAvPgo8aW1nIHNyYz0iaHR0cHM6Ly9pbWFnZS5yYWt1dGVuLmNvLmpwL2dsZW5jaGVjay9jYWJpbmV0L2thbm1pLzEwNjk3ODgwXzA0LmpwZyIgYWx0PSJLYW5taS4g44Kv44Os44O844OXIOODreODs+OCsOOCpuOCqeODrOODg+ODiCDjg4fjgqPjg4bjgqPjg7zjg6syIiB3aWR0aD0iNzIwIiAvPjxiciAvPgo8aW1nIHNyYz0iaHR0cHM6Ly9pbWFnZS5yYWt1dGVuLmNvLmpwL2dsZW5jaGVjay9jYWJpbmV0L2thbm1pLzEwNjk3ODgwXzA1LmpwZyIgYWx0PSJLYW5taS4g44Kv44Os44O844OXIOODreODs+OCsOOCpuOCqeODrOODg+ODiCDjg4fjgqPjg4bjgqPjg7zjg6szIiB3aWR0aD0iNzIwIiAvPjxiciAvPgo8aW1nIHNyYz0iaHR0cHM6Ly9pbWFnZS5yYWt1dGVuLmNvLmpwL2dsZW5jaGVjay9jYWJpbmV0L2thbm1pLzEwNjk3ODgwXzA2LmpwZyIgLz48YnIgLz4KPGltZyBzcmM9Imh0dHBzOi8vaW1hZ2UucmFrdXRlbi5jby5qcC9nbGVuY2hlY2svY2FiaW5ldC9rYW5taS8xMDY5Nzg4MF8wNy5qcGciIC8+PGJyIC8+CjxpbWcgc3JjPSJodHRwczovL2ltYWdlLnJha3V0ZW4uY28uanAvZ2xlbmNoZWNrL2NhYmluZXQva2FubWkvMTA2OTc4ODBfMDguanBnIiAvPjwvcD48YnIgLz4KPHA+PGltZyBzcmM9Imh0dHBzOi8vaW1hZ2UucmFrdXRlbi5jby5qcC9nbGVuY2hlY2svY2FiaW5ldC9rYW5taS8xMDY5Nzg4MF8wOS5qcGciIGFsdD0iS2FubWkuIOOCr+ODrOODvOODlyDjg63jg7PjgrDjgqbjgqnjg6zjg4Pjg4gg44Kr44Op44OQ44OqIiB3aWR0aD0iNzIwIiAvPjxiciAvPgo8aW1nIHNyYz0iaHR0cHM6Ly9pbWFnZS5yYWt1dGVuLmNvLmpwL2dsZW5jaGVjay9jYWJpbmV0L2thbm1pLzEwNjk3ODgwXzEwLmpwZyIgLz48L3A+PGJyIC8+CjxwPjxpbWcgc3JjPSJodHRwczovL2ltYWdlLnJha3V0ZW4uY28uanAvZ2xlbmNoZWNrL2NhYmluZXQva2FubWkvMTA2OTc4ODBfMTEuanBnIiBhbHQ9Ikthbm1pLiDjgq/jg6zjg7zjg5cg44Ot44Oz44Kw44Km44Kp44Os44OD44OI5LuV5qeYIiB3aWR0aD0iNzIwIiBib3JkZXI9IjAiIC8+CjwvcD48YnIgLz4KPHA+PGltZyBzcmM9Imh0dHBzOi8vaW1hZ2UucmFrdXRlbi5jby5qcC9nbGVuY2hlY2svY2FiaW5ldC9rYW5taS8xMDY5Nzg4MF8xMi5qcGciIGFsdD0iS2FubWkuIOOCr+ODrOODvOODlyDjg63jg7PjgrDjgqbjgqnjg6zjg4Pjg4gg5ZWG5ZOB44Kk44Oz44OV44Kp44Oh44O844K344On44OzIiB3aWR0aD0iNzIwIiAvPjwvcD48YnIgLz4KPHA+PGEgaHJlZj0iaHR0cDovL2l0ZW0ucmFrdXRlbi5jby5qcC9nbGVuY2hlY2svMTA2OTc4NzkvIiB0YXJnZXQ9Il9ibGFuayI+PGltZyBzcmM9Imh0dHBzOi8vaW1hZ2UucmFrdXRlbi5jby5qcC9nbGVuY2hlY2svY2FiaW5ldC9rYW5taS9saW5rX2NyZXBlc19sLmpwZyIgYWx0PSLjgq/jg6zjg7zjg5fjg63jg7PjgrDjgqbjgqnjg6zjg4Pjg4giIGJvcmRlcj0iMCIgLz48L2E+PC9wPjxiciAvPgo8cD48aW1nIHNyYz0iaHR0cHM6Ly9pbWFnZS5yYWt1dGVuLmNvLmpwL2dsZW5jaGVjay9jYWJpbmV0L3Nob2hpbjYva2FubWlfYnJhbmRpbmZvbmV3LmpwZyIgYWx0PSJhYm91dCBrYW5taSIgd2lkdGg9IjcyMCIgLz48L3A+Cjxicj48YnI+Cgo8aW1nIHNyYz0iaHR0cHM6Ly9pbWFnZS5yYWt1dGVuLmNvLmpwL2dsZW5jaGVjay9jYWJpbmV0L2thbm1pLzEwNjk3ODgwbmFpcmUuanBnIiAgdXNlbWFwPSIjbWFwMCI+CjxtYXAgbmFtZT0ibWFwMCI+CiAgPGFyZWEgc2hhcGU9InJlY3QiIGNvb3Jkcz0iMzg1LDYwNSw2NjYsNjM4IiBocmVmPSJodHRwOi8vaXRlbS5yYWt1dGVuLmNvLmpwL2dsZW5jaGVjay9jLzAwMDAwMDAxMzkvIiA+CjwvbWFwPgo8YnI+Cjxicj4KPGI+PGZvbnQgY29sb3I9IiNGRjAwMDAiPuKAu+e0oOeEvOOBjemdqeOBq+aJi+S9nOalreOBp+afk+iJsuOCkuOBl+OBpuOBhOOBvuOBmeOBruOBp+OAgeeUu+WDj+OBqOiJsuWRs+OBjOmBleOBhuOBk+OBqOOBjOOBlOOBluOBhOOBvuOBmeOAgjxicj4K57WM5bm05aSJ5YyW44GM44GK5qW944GX44G/44GE44Gf44Gg44GR44KL6Z2p44Gn44GZ44CCPC9mb250PjwvYj48YnIgLz48YnIgLz48YnIgLz4KCjwhLS3jgYLjgZnmpb1QQ+eUqOODkOODiuODvOOBk+OBk+OBi+OCiS0tPgo8YSBocmVmPSJodHRwOi8vaXRlbS5yYWt1dGVuLmNvLmpwL2dsZW5jaGVjay9jLzAwMDAwMDA2ODAvIj48aW1nIHNyYz0iaHR0cDovL2ltYWdlLnJha3V0ZW4uY28uanAvZ2xlbmNoZWNrL2NhYmluZXQvZnVyaWUvYXN1X25ld2Jhbm5lci5qcGciIGJvcmRlcj0iMCIgYWx0PSLjgYLjgZnmpb0iIC8+PC9hPjxiciAvPgo8cCBzdHlsZT0iZm9udC1zaXplOjEycHg7IGNvbG9yOnJlZDsgdGV4dC1hbGlnbjpsZWZ0OyI+4oC75qyg5ZOB5Lit44KE5YWl6I235LqI5a6a44Gu44KC44Gu44Gv44GC44GZ5qW95a++5b+c44KS5Y+X44GR6LOc44KL44GT44Go44GM44Gn44GN44G+44Gb44KT44Gu44Gn44CB44GU5LqG5om/44GE44Gf44Gg44GR44G+44GZ44KI44GG44GK6aGY44GE44GE44Gf44GX44G+44GZ44CCPC9wPgo8YnIgLz4KICA8aWZyYW1lIHN0eWxlPSJtYXJnaW4tYm90dG9tOjIwcHg7IiBzcmM9Imh0dHA6Ly93d3cucmFrdXRlbi5uZS5qcC9nb2xkL2dsZW5jaGVjay9pdG0vYXNyYm4vcGNpdGVtL2l0ZW1fYXNibi5odG1sPzMiIGZyYW1lYm9yZGVyPSIwIiB3aWR0aD0iNzAwIiBoZWlnaHQ9IjE2MSIgc2Nyb2xsaW5nPW5vPjwvaWZyYW1lPgoKPCEtLeOBguOBmealvVBD55So44OQ44OK44O844GT44GT44G+44GnLS0+Cjxicj48YnI+PGJyPgo8YnI+PGJyPjxicj4KPHRhYmxlIGJvcmRlcj0iMCIgY2VsbHNwYWNpbmc9IjAiIGNlbGxwYWRkaW5nPSIyIj4KPHRyIHZhbGlnbj0idG9wIj4KPHRkIG5vd3JhcD7jgq7jg5Xjg4jlr77lv5w8L3RkPgo8dGQ+CjxpbWcgc3JjPSJodHRwOi8vaW1hZ2UucmFrdXRlbi5jby5qcC9nbGVuY2hlY2svY2FiaW5ldC9mdXJpZS9yYXAtaWNvbi5naWYiIGFsdD0i44Op44OD44OU44Oz44Kw5a++5b+cIiB3aWR0aD0iMTAwIgpoZWlnaHQ9IjIxIiBoc3BhY2U9IjEiPgo8aW1nIHNyYz0iaHR0cDovL2ltYWdlLnJha3V0ZW4uY28uanAvZ2xlbmNoZWNrL2NhYmluZXQvZnVyaWUvcmFwLXNlbnRha3UuZ2lmIiBhbHQ9IuODqeODg+ODlOODs+OCsOmBuOaKnuWPryIgd2lkdGg9IjEwMCIgaGVpZ2h0PSIyMSIgaHNwYWNlPSIxIj4KPGltZyBzcmM9Imh0dHA6Ly9pbWFnZS5yYWt1dGVuLmNvLmpwL2dsZW5jaGVjay9jYWJpbmV0L2Z1cmllL3JhcC1tZXNzYWdlLmdpZiIgYWx0PSLjg6Hjg4Pjgrvjg7zjgrjjgqvjg7zjg4kiIHdpZHRoPSIxMDAiCmhlaWdodD0iMjEiIGhzcGFjZT0iMSI+CjwvdGQ+CjwvdHI+CjwvdGFibGU+CjwhLS1GcmVlIHNoaXBwaW5nLS0+Cjxicj4KPFRBQkxFIGNlbGxQYWRkaW5nPSIxNSIgd2lkdGg9IjMyMCIgYm9yZGVyPSIxIiBib3JkZXJjb2xvcj0iIzAwMDAwMCI+CjxUQk9EWT4KPFRSPjxURCBhbGlnbj0iY2VudGVyIiBiZ2NvbG9yPSIjRjVGNURDIj7mtbflpJbjga7phY3pgIHjgavplqLjgZfjgb7jgZfjgaY8L1REPjwvVFI+CjxUUj4KPFREIGFsaWduPSJsZWZ0IiBiZ2NvbG9yPSIjZmZmZmZmIj4KPEZPTlQgc2l6ZT0iMiI+CuOAjOmAgeaWmeeEoeaWmeOAjeOBruihqOiomOOBjOOBguOCi+OCguOBruOBr+aXpeacrOOBruWbveWGheOBrumFjemAgeOBq+mWouOBl+OBpuOBruWvvuW/nOOBqOOBquOCiuOBvuOBmeOAgjxicj4K5rW35aSW6YWN6YCB44Gr6Zai44GX44Gm44Gv5Yil6YCU6YCB5paZ44KS6Kqy6YeR44GE44Gf44GX44G+44GZ44Gu44Gn6L+944Gj44Gm5bqX6IiX44KI44KK6YCj57Wh44GE44Gf44GX44G+44GZ44CCPGJyPjxicj4KIkZyZWUgc2hpcHBpbmciIGFwcGVhcnMgaW4gdGhlIGFkcyBpcyBvbmx5IHZhbGlkIGZvciB0aGUgZG9tZXN0aWMgZGVsaXZlcnkgd2l0aGluIEphcGFuLjxicj4KU2hpcHBpbmcgZmVlIG11c3QgYmUgY2hhcmdlZCB0byB0aGUgY3VzdG9tZXJzIHdobyB3b3VsZCBsaWtlIHVzIHRvIHNoaXAgeW91ciBvcmRlciB0byBvdXRzaWRlIG9mIEphcGFuLjxicj4KPGJyPgpQbGVhc2UgY29udGFjdCB1cyBvciB1c2UgdGhlIHNoaXBwaW5nIGZlZSBjYWxjdWxhdG9yIGJlbG93IGlmIHlvdSB3b3VsZCBsaWtlIHRvIGNvbmZpcm0geW91ciBzaGlwcGluZyBmZWUuPGJyPgo8L0ZPTlQ+CjwvVEQ+CjwvVFI+CjwvVEJPRFk+CjwvVEFCTEU+PGJyPgo8aW1nIHNyYz0iaHR0cDovL2ltYWdlLnJha3V0ZW4uY28uanAvZ2xlbmNoZWNrL2NhYmluZXQvYmFubmVyL3Jha3VibnItY29udmluaS5qcGc/MCIgYm9yZGVyPSIwIiAvPjxiciAvPjxicj48aW1nIHNyYz0iaHR0cDovL2ltYWdlLnJha3V0ZW4uY28uanAvZ2xlbmNoZWNrL2NhYmluZXQvYmFubmVyL3Jha3VibnItcmV2aWV3LmpwZyIgYm9yZGVyPSIwIiAvPjxiciAvPjxzdHlsZSB0eXBlPSJ0ZXh0L2NzcyI+CjwhLS0KCi8qIOODl+ODq+ODgOOCpuODsyAqLwojcmFrdXRlbkxpbWl0ZWRJZF9hcm91bmRDYXJ0IHNwYW4uY2hvaWNle2JhY2tncm91bmQ6dXJsKCJodHRwOi8vaW1hZ2UucmFrdXRlbi5jby5qcC9nbGVuY2hlY2svY2FiaW5ldC9jaHV1aWJhbmFyY2FydDIuZ2lmIikgbm8tcmVwZWF0ICNmZmU4YmI7Ym9yZGVyOjFweCBzb2xpZCAjY2NjO2Rpc3BsYXk6YmxvY2s7Zm9udC1zaXplOjE0cHg7Zm9udC13ZWlnaHQ6Ym9sZDtsaW5lLWhlaWdodDoxLjJlbTtwYWRkaW5nOjVweCAwIDVweCAzM3B4O3RleHQtYWxpZ246bGVmdDttYXJnaW4tdG9wOjEwcHg7d2lkdGg6MzIwcHg7fS8qIOOCv+OCpOODiOODqyAqLwojcmFrdXRlbkxpbWl0ZWRJZF9hcm91bmRDYXJ0IHNlbGVjdHtib3JkZXI6MXB4IHNvbGlkICM5ODk4OTg7d2lkdGg6MzU1cHg7aGVpZ2h0OjI4cHg7LypsaW5lLWhlaWdodDsxLjJlbTttYXJnaW46MDtkaXNwbGF5OmJsb2NrO3Bvc2l0aW9uOnJlbGF0aXZlO2ZvbnQtc2l6ZToxM3B4OyovfS8qIOmBuOaKnumDqOWIhiAqLwoKPCEtLSAg6aCF55uu6YG45oqe6IKi5Yil5Zyo5bqr44Gr5Ye644KL57SN5pyf44Gu44OH44K244Kk44Oz44CA4oaTLS0+Cgp0ZC5pbnZlbnRvcnkgZm9udHtmb250LXNpemU6MTBweDtjb2xvcjojZjgwMDAwO2xpbmUtaGVpZ2h0OiAxLjU7fQp0ZC5pbnZlbnRvcnl7d29yZC13cmFwOmJyZWFrLXdvcmQ7d2lkdGg6ODBweDt9CgovKumBuOaKnumgheebrumDqOWIhuOBruODhuODvOODluODq+OCu+ODq+OBruS9meeZve+8iHBhZGRpbmfvvInoqK3lrpoqLwojcmFrdXRlbkxpbWl0ZWRJZF9hcm91bmRDYXJ0IC5pbnZlbnRvcnlfY2hvaWNlX25hbWV7cGFkZGluZzo3cHggIWltcG9ydGFudDt9CgovKumBuOaKnumgheebrumDqOWIhuOBruODqeOCuOOCquODnOOCv+ODs+OCkuWbsuOBo+OBpuOBhOOCi+ODhuODvOODluODq+OCu+ODq+OBruS9meeZve+8iHBhZGRpbmfvvInoqK3lrpoqLwojcmFrdXRlbkxpbWl0ZWRJZF9hcm91bmRDYXJ0IC5pbnZlbnRvcnl7cGFkZGluZzo3cHggIWltcG9ydGFudDt9CgovKiDpoIXnm67pgbjmip7ogqLliKXjga7jg4bjg7zjg5bjg6vlhoXjga7lnKjluqvooajnpLogKi8KdGQuaW52ZW50b3J5IGZvbnR7Y29sb3I6IzU1NTtmb250LXNpemU6MTJweCAhaW1wb3J0YW50O2xpbmUtaGVpZ2h0OjEuMzt9CgoKc3Bhbi5jaG9pY2UgeyBjb2xvcjogIzAwMDsgZm9udC1zaXplOiAxMjAlO30KCmRpdiNIZWFkZXJLZXl3b3JkIHsKCXBvc2l0aW9uOmFic29sdXRlOwoJdG9wOjUwcHg7LyrkuIDnlarkuIrjgYvjgonjga7kvY3nva4qLwoJbGVmdDozMHB4Oy8q5bem56uv44GL44KJ44Gu5L2N572uKi8KfQoKZGl2I0hlYWRlcktleXdvcmQgc3BhbiB7CgliYWNrZ3JvdW5kOiAjYmYwMDAwOwoJY29sb3I6I2ZmZjsKCWZvbnQtd2VpZ2h0OmJvbGQ7CglwYWRkaW5nOjJweCA1cHg7Cn0KCmRpdiNIZWFkZXJLZXl3b3JkIGEgewoJY29sb3I6IzAwNDRDQzsKfQoKLS0+Cgo8L3N0eWxlPgoKCjxkaXYgaWQ9IkhlYWRlcktleXdvcmQiPgo8c3Bhbj7ms6jnm67jga7jgq3jg7zjg6/jg7zjg4k8L3NwYW4+CuOAkOODk+OCuOODjeOCueODnuODs+W/heaQuuWQjeWIuuWFpeOCjO+8geOAkQrjgJDkurrmsJfkuIrmmIfjga7plbfosqHluIPjgJEK44CQ5aWz5a2Q44Gr5Lq65rCXa2FubWku44CRCjwvZGl2PgoKPCEtLUdvUVN5c3RlbeODqeODs+OCreODs+OCsOiHquWLleabtOaWsOODhOODvOODq+ODr+OCpOODiS0tPgo8dGFibGUgYWxpZ249ImNlbnRlciIgd2lkdGg9IjYwMCIgYm9yZGVyPSIwIiBjZWxscGFkZGluZz0iMCIgY2VsbHNwYWNpbmc9IjAiIGJnY29sb3I9IiNGRkZGRkYiIHN0eWxlPSJsaW5lLWhlaWdodDowOyI+Cjx0cj4KPHRkPgo8dGFibGUgYWxpZ249ImNlbnRlciIgd2lkdGg9IjYwMCIgYm9yZGVyPSIwIiBjZWxscGFkZGluZz0iMCIgY2VsbHNwYWNpbmc9IjAiIGJnY29sb3I9IiNGRkZGRkYiPgo8dHI+Cjx0ZCBhbGlnbj0iY2VudGVyIiB2YWxpZ249ImJvdHRvbSIgYmdjb2xvcj0iI2NjY2NjYyI+PGltZyBzcmM9Imh0dHBzOi8vd3d3LnJha3V0ZW4ubmUuanAvZ29sZC9nbGVuY2hlY2svZ29xc3lzdGVtLzYwMHJhbmtpbmd0aXRlbC5naWYiIHdpZHRoPSI2MDAiIC8+PC90ZD4KPC90cj4KPC90YWJsZT4KPHRhYmxlIGFsaWduPSJjZW50ZXIiIHdpZHRoPSI1OTYiIGJvcmRlcj0iMCIgY2VsbHBhZGRpbmc9IjAiIGNlbGxzcGFjaW5nPSIwIiBiZ2NvbG9yPSIjQ0NDQ0NDIiBzdHlsZT0iYm9yZGVyLWxlZnQ6c29saWQ7Ym9yZGVyLWxlZnQtd2lkdGg6MXB4O2JvcmRlci1yaWdodDpzb2xpZDtib3JkZXItcmlnaHQtd2lkdGg6MXB4O2JvcmRlci1ib3R0b206c29saWQ7Ym9yZGVyLWJvdHRvbS13aWR0aDoxcHg7Ym9yZGVyLWNvbG9yOiNDQ0NDQ0M7Ij4KPHRyPgo8dGQgYWxpZ249ImNlbnRlciIgYmdjb2xvcj0iI0ZGRkZGRiI+CjxkaXYgY2xhc3M9Imlmcm0tY29udGFpbmVyIiBzdHlsZT0id2lkdGg6NTk4cHg7aGVpZ2h0OjQ2MHB4O292ZXJmbG93OmF1dG87LXdlYmtpdC1vdmVyZmxvdy1zY3JvbGxpbmc6dG91Y2g7Ij4KCjwvZGl2Pgo8L3RkPgo8L3RyPgo8dHI+Cjx0ZCBhbGlnbj0icmlnaHQiIGJnY29sb3I9IiNGRkZGRkYiIHN0eWxlPSJwYWRkaW5nOjJweDsiPgo8aW1nIHNyYz0iaHR0cHM6Ly93d3cucmFrdXRlbi5uZS5qcC9nb2xkL2dsZW5jaGVjay9nb3FzeXN0ZW0vcG93ZXJlZF9ieV9iYW5uZXIuZ2lmIiB3aWR0aD0iMTI1IiAvPgo8L3RkPgo8L3RyPgo8L3RhYmxlPgo8L3RkPgo8L3RyPgo8L3RhYmxlPgo8IS0tR29RU3lzdGVt44Op44Oz44Kt44Oz44Kw6Ieq5YuV5pu05paw44OE44O844Or44Ov44Kk44OJLS0+Cjxicj4KCjwhLS3ilrzlhbHpgJroqqzmmI7mlofvvIjlpKfvvIktLT4KPHRhYmxlIGJvcmRlcj0iMCIgY2VsbHBhZGRpbmc9IjAiIGNlbGxzcGFjaW5nPSIwIiB3aWR0aD0iNzAwIj4KPHRib2R5Pjx0cj4KPHRkIHZhbGlnbj0idG9wIj4KCjwhLS3jg4fjgrbjgqTjg7PoqK3lrprvvJrlhbHpgJroqqzmmI7mlofvvIjlpKfvvInkuIrpg6gtLT4KCjwhLS3jg4fjgrbjgqTjg7PoqK3lrprvvJrlhbHpgJroqqzmmI7mlofvvIjlpKfvvInkuIrpg6gtLT4KCjwvdGQ+PC90cj4KPC90Ym9keT48L3RhYmxlPgo8IS0t4pay5YWx6YCa6Kqs5piO5paH77yI5aSn77yJ44GT44GT44G+44GnLS0+Cjxicj4KPCEtLeKWvOOCquOCueOCueODoeOCv+OCpOODiOODq+eUu+WDjy0tPgo8VEFCTEUgY2VsbFNwYWNpbmc9MCBjZWxsUGFkZGluZz0wIHdpZHRoPTcwMCBib3JkZXI9MD4KPFRSPgo8VEQgYmFja2dyb3VuZD1odHRwOi8vaW1hZ2UucmFrdXRlbi5jby5qcC9nbGVuY2hlY2svY2FiaW5ldC9mdXJpZS8xYmFuLW5lci5qcGcgaGVpZ2h0PTMwPgo8IS0t4pa844Kr44Op44O844K/44Kk44OI44OrLS0+PGZvbnQgY29sb3I9RkZGRkZGIHNpemU9IjQiID48Yj7jgIDjgIDjgIDjgIDjgIDjgIDjgIDjgIDjgrDjg6zjg7Pjg4Hjgqfjg4Pjgq/jgrnjgr/jg4Pjg5Xjga7jgqrjgrnjgrnjg6HjgqLjgqTjg4bjg6Djga/jgZPjgaHjgonvvIEgPC9iPjwvZm9udD4KPC9URD48L1RSPjwvVEFCTEU+Cgo8IS0t4pa844Kq44K544K544Oh44Ki44Kk44OG44OgLS0+Cjx0YWJsZSBib3JkZXI9IjAiIGNlbGxwYWRkaW5nPSIwIiBjZWxsc3BhY2luZz0iMCIgd2lkdGg9IjcwMCI+Cjx0Ym9keT48dHI+Cjx0ZCB2YWxpZ249InRvcCI+Cgo8IS0t44OH44K244Kk44Oz6Kit5a6a77ya5YWx6YCa6Kqs5piO5paH77yI5aSn77yJ5LiL6YOoLS0+Cgo8IS0t44OH44K244Kk44Oz6Kit5a6a77ya5YWx6YCa6Kqs5piO5paH77yI5aSn77yJ5LiL6YOoLS0+Cgo8L3RkPjwvdHI+CQo8L3Rib2R5PjwvdGFibGU+CgoKPCEtLeKWsuOBiuOBmeOBmeOCgeOBk+OBk+OBvuOBpy0tPgo8YnI+,44CQ6YCB5paZ54Sh5paZ44CRS2FubWkuIOOCr+ODrOODvOODl+OCt+ODp+ODvOODiOOCpuOCqeODrOODg+ODiFvjgYLjgZnmpb3lr77lv5xd44CQ5ZCN5YWl44KM54Sh5paZ44CR44CQS2FubWku44CR44CQ5pel5pys6KO944CR44CQ44Kr44Oz44Of44CR44CQ44GC44GZ5qW95a++5b+c44CR77y744Km44Kp44Os44OD44OIIOOCt+ODp+ODq+ODgOODvCDjg5Djg4PjgrAg6LKh5biD5LiA5L2T5Z6LIOOCueODnuODmyDlj47ntI0g5pC65bivIOODneOCt+OCp+ODg+ODiCDjgqbjgqnjg6zjg4Pjg4gg44Os44OH44Kj44O844K577y9W+ODiuODgeODpeODqeODqyDjgq7jg5Xjg4gg44OX44Os44K844Oz44OIIOavjeOBruaXpSBd77ya6LKh5biD44CQ5ZCN5YWl44KM54Sh5paZ44CR44Kw44Os44Oz44OB44Kn44OD44Kv,5ZCN5YWl44KM6LKh5biD44OP44Oq44K544OE44Kk44O844OJ44OW44Op44Kk44OJ44Or44Os44K244O844OR44OK44Oe44OP44OD44OI44OW44Oq44OG44Kj44OD44K344Ol44Kw44Oq44O844OzYnJpdGlzaCBncmVlbuOCu+ODieOCpuOCo+ODg+OCr1NFREdXSUNL44OT44K444ON44K544Kz44O844OJ44OQ44Oz55S36Iux5Zu9546L5a6k5b6h55So6YGU44K144K544Oa44Oz44OA44O85pys6Z2p44Os44K244O844Km44Kp44Os44OD44OI5LqM44Gk5oqY44KK44Kw44Os44Oz44OB44Kn44OD44KvR0xFTkNIRUNL5ZCN5Yi65YWl44KM44CQ6YCB5paZ54Sh5paZ44CRS2FubWkuIOOCr+ODrOODvOODl+OCt+ODp+ODvOODiOOCpuOCqeODrOODg+ODiFvjgYLjgZnmpb3lr77lv5xd44CQ5ZCN5YWl44KM54Sh5paZ44CR44CQS2FubWku44CR44CQ5pel5pys6KO944CR44CQ44Kr44Oz44Of44CR44CQ44GC44GZ5qW95a++5b+c44CR77y744Km44Kp44Os44OD44OIIOOCt+ODp+ODq+ODgOODvCDjg5Djg4PjgrAg6LKh5biD5LiA5L2T5Z6LIOOCueODnuODmyDlj47ntI0g5pC65bivIOODneOCt+OCp+ODg+ODiCDjgqbjgqnjg6zjg4Pjg4gg44Os44OH44Kj44O844K577y9W+ODiuODgeODpeODqeODqyDjgq7jg5Xjg4gg44OX44Os44K844Oz44OIIOavjeOBruaXpSBd,44K344On44Or44OA44O85LuY44GN44Gu44GK6LKh5biDIOOCr+ODqeODg+ODgeOCgk9L44CC44CQ6YCB5paZ54Sh5paZ44CRS2FubWkuIOOCr+ODrOODvOODl+OCt+ODp+ODvOODiOOCpuOCqeODrOODg+ODiFvjgYLjgZnmpb3lr77lv5xd44CQ5ZCN5YWl44KM54Sh5paZ44CR44CQS2FubWku44CR44CQ5pel5pys6KO944CR44CQ44Kr44Oz44Of44CR44CQ44GC44GZ5qW95a++5b+c44CR77y744Km44Kp44Os44OD44OIIOOCt+ODp+ODq+ODgOODvCDjg5Djg4PjgrAg6LKh5biD5LiA5L2T5Z6LIOOCueODnuODmyDlj47ntI0g5pC65bivIOODneOCt+OCp+ODg+ODiCDjgqbjgqnjg6zjg4Pjg4gg44Os44OH44Kj44O844K577y9W+ODiuODgeODpeODqeODqyDjgq7jg5Xjg4gg44OX44Os44K844Oz44OIIOavjeOBruaXpSBd[rn]
39-76466,aHR0cDovL3RzaG9wLnIxMHMuanAvZ2xlbmNoZWNrL2NhYmluZXQva2FubWkvMTA2OTc5ODNfMDEuanBnP2ZpdGluPTcwMDo3MDA=,MTE5MjMuMjAwMA==,,44OQ44OD44Kw44O75bCP54mp44O744OW44Op44Oz44OJ6ZuR6LKoID4g6LKh5biD44O744Kx44O844K5ID4g44Os44OH44Kj44O844K56LKh5biD,44CQS2FubWkuL+OCq+ODs+ODn+OAkSDjgq3jg6Pjg7Pjg4fjgqPjgYzjgb7lj6Mg44Ot44Oz44Kw44Km44Kp44Os44OD44OIL+iyoeW4g+OAkOmAgeaWmeeEoeaWmeOAkeOAkOmVt+iyoeW4gy/plbfmnK3osqHluIPjgJFb44GL44KT44G/IOavjeOBruaXpSDoqpXnlJ/ml6Ug44Kv44Oq44K544Oe44K5IOOCruODleODiCDjg5fjg6zjgrzjg7Pjg4gg44GM44G+5Y+j6LKh5biDIOmVt+iyoeW4gyDjg6zjg4fjgqPjg7zjgrld,5rC0546J44KS44GV44KK44GS44Gq44GP5Yq544GL44Gb44Gf44Ot44Oz44Kw44Km44Kp44Os44OD44OIIEthbm1pLg==,PHA+PGEgaHJlZj0iaHR0cDovL3d3dy5yYWt1dGVuLm5lLmpwL2dvbGQva2FubWkvIiB0YXJnZXQ9Il9ibGFuayI+PGltZyBzcmM9Imh0dHA6Ly9pbWFnZS5yYWt1dGVuLmNvLmpwL2dsZW5jaGVjay9jYWJpbmV0L3Rva3VzeXU0L2thbm1pc2hvcC03MDBibnIuanBnIiBib3JkZXI9IjAiIC8+PC9hPjwvcD48YnIgLz4KCgo8Zm9udCBzaXplPSIyIj48Yj5LYW5taS4g44Kt44Oj44Oz44OH44Kj44GM44G+5Y+j44Ot44Oz44Kw44Km44Kp44Os44OD44OIPC9iPjwvZm9udD48YnI+CjxpbWcgc3JjPSJodHRwOi8vaW1hZ2UucmFrdXRlbi5jby5qcC9nbGVuY2hlY2svY2FiaW5ldC9kb3RsaW5lLmdpZiI+PGJyPgoKPGltZyBzcmM9Imh0dHA6Ly9pbWFnZS5yYWt1dGVuLmNvLmpwL2thbm1pL2NhYmluZXQvc2hvaGluNC8xMDY5Nzk4M180LmpwZyIgd2lkdGg9IjcwMCIgaGVpZ2h0PSI0NjciIGFsdD0iS2FubWkuIOOCreODo+ODs+ODh+OCo+OBjOOBvuWPo+ODreODs+OCsOOCpuOCqeODrOODg+ODiCI+PGJyIC8+CjxpbWcgc3JjPSJodHRwOi8vaW1hZ2UucmFrdXRlbi5jby5qcC9rYW5taS9jYWJpbmV0L3Nob2hpbjQvMTA2OTc5ODNfaW1nLmpwZz8xIj48YnI+CjxiciAvPgo8IS0t4pa844OH44Kj44OG44O844OrLS0+CjxwPjxpbWcgc3JjPSJodHRwOi8vaW1hZ2UucmFrdXRlbi5jby5qcC9nbGVuY2hlY2svY2FiaW5ldC9zaG9oaW4wMi9rYW5taWJhcl9kZXRhaWwuanBnIiB3aWR0aD0iNzAwIj48YnI+CjxpbWcgc3JjPSJodHRwOi8vaW1hZ2UucmFrdXRlbi5jby5qcC9rYW5taS9jYWJpbmV0L3Nob2hpbjQvMTA2OTc5ODNfNS5qcGciIGFsdD0iS2FubWkuIOOCreODo+ODs+ODh+OCo+OBjOOBvuWPo+ODreODs+OCsOOCpuOCqeODrOODg+ODiCDjgYTjgaTjgoLmjIHjgaHmranjgY/jgYrjgarjgZjjgb/jga7jgYrosqHluIPjga/jgIHmsLTnjonjgpLjgZXjgorjgZLjgarjgY/lirnjgYvjgZvjgZ/jgbrjgZ/jgpPjgZPopqrlrZDjgYzjgb7lj6Pjga7jg63jg7PjgrDjgqbjgqnjg6zjg4Pjg4jjgIIiPjxicj4KPGltZyBzcmM9Imh0dHA6Ly9pbWFnZS5yYWt1dGVuLmNvLmpwL2thbm1pL2NhYmluZXQvc2hvaGluNC8xMDY5Nzk4M182LmpwZyIgYWx0PSJLYW5taS7jgq3jg6Pjg7Pjg4fjgqPjgYzjgb7lj6Pjg63jg7PjgrDjgqbjgqnjg6zjg4Pjg4giPjwvcD48YnIgLz4KCgo8IS0t4pa844Kr44Op44O8LS0+CjxpbWcgc3JjPSJodHRwOi8vaW1hZ2UucmFrdXRlbi5jby5qcC9nbGVuY2hlY2svY2FiaW5ldC9zaG9oaW4wMi9rYW5taWJhcl9jb2xvci5qcGciPjxicj4KPGltZyBzcmM9Imh0dHA6Ly9pbWFnZS5yYWt1dGVuLmNvLmpwL2thbm1pL2NhYmluZXQvc2hvaGluNC8xMDY5Nzk4M183LmpwZyIgYWx0PSJLYW5taS7jgq3jg6Pjg7Pjg4fjgqPjgYzjgb7lj6Pjg63jg7PjgrDjgqbjgqnjg6zjg4Pjg4gg44Kr44Op44O844OQ44Oq44KoIj48YnI+CjxpbWcgc3JjPSJodHRwOi8vaW1hZ2UucmFrdXRlbi5jby5qcC9rYW5taS9jYWJpbmV0L3Nob2hpbjQvMTA2OTc5ODNfbmV3Y29sb3IuanBnPzEiPjxicj4KCjxiciAvPgoKPCEtLeKWvOOCueODmuODg+OCry0tPgo8cD48aW1nIHNyYz0iaHR0cDovL2ltYWdlLnJha3V0ZW4uY28uanAvZ2xlbmNoZWNrL2NhYmluZXQvc2hvaGluMDIva2FubWliYXJfc3BlYy5qcGciPjxicj4KPGltZyBzcmM9Imh0dHA6Ly9pbWFnZS5yYWt1dGVuLmNvLmpwL2thbm1pL2NhYmluZXQvc2hvaGluNC8xMDY5Nzk4M184LmpwZyIgYWx0PSJLYW5taS7jgq3jg6Pjg7Pjg4fjgqPjgYzjgb7lj6Pjg63jg7PjgrDjgqbjgqnjg6zjg4Pjg4gg44K544Oa44OD44KvIj48L3A+CjxiciAvPgoKCjwhLS3ilrzjg5bjg6njg7Pjg4njgZPjgZPjgYvjgoktLT4KPHA+PGltZyBzcmM9Imh0dHA6Ly9pbWFnZS5yYWt1dGVuLmNvLmpwL2dsZW5jaGVjay9jYWJpbmV0L3Nob2hpbjAyL2thbm1pYmFyX2JyYW5kLmpwZyIgd2lkdGg9IjcwMCI+PGJyPgo8aW1nIHNyYz0iaHR0cDovL2ltYWdlLnJha3V0ZW4uY28uanAvZ2xlbmNoZWNrL2NhYmluZXQvc2hvaGluMDIvYnJhbmRrYW5taV8wMS5qcGciPjxicj4KPGltZyBzcmM9Imh0dHA6Ly9pbWFnZS5yYWt1dGVuLmNvLmpwL2dsZW5jaGVjay9jYWJpbmV0L2thbm1pL2JyYW5ka2FubWlfMDJyZS5qcGciPjwvcD48YnI+Cgo8IS0t4pa844K344Oq44O844K644Oq44Oz44KvLS0+CjxwPjxhIGhyZWY9Imh0dHA6Ly9pbWFnZS5yYWt1dGVuLmNvLmpwL2dsZW5jaGVjay9jYWJpbmV0L3Nob2hpbjUvY2FuZHlzZXJpZXMuanBnIiB0YXJnZXQ9Il9ibGFuayI+PGltZyBzcmM9Imh0dHA6Ly9pbWFnZS5yYWt1dGVuLmNvLmpwL2thbm1pL2NhYmluZXQvc2hvaGluNC9jYW5keXNlcmllcy5qcGciIGFsdD0i44Kt44Oj44Oz44OH44Kj44K344Oq44O844K6IiBib3JkZXI9IjAiIC8+PC9hPjwvcD48YnI+Cjxicj4KCgo8IS0t4pa86KO95ZOB5oOF5aCx44GT44GT44GL44KJLS0+CjxpbWcgc3JjPSJodHRwOi8vaW1hZ2UucmFrdXRlbi5jby5qcC9nbGVuY2hlY2svY2FiaW5ldC9zaG9oaW4wMi9rYW5taWJhcl9wcm9kdWN0LmpwZyIgYWx0PSLoo73lk4Hmg4XloLEiPjxicj4KPHRhYmxlIGJvcmRlcj0iMSIgYm9yZGVyY29sb3I9IiNhYWFhYWEiIGNlbGxwYWRkaW5nPSI1IiBjZWxsc3BhY2luZz0iMCIgd2lkdGg9IjcwMCI+Cjx0cj4KPHRkIGFsaWduPSJjZW50ZXIiIHdpZHRoPSIxNSUiPjxmb250IHNpemU9IjIiPuWVhuWTgeWQjTwvZm9udD48L3RkPgo8dGQ+PGZvbnQgc2l6ZT0iMiI+S2FubWkuIOOCreODo+ODs+ODh+OCo+OBjOOBvuWPo+ODreODs+OCsOOCpuOCqeODrOODg+ODiDwvZm9udD48L3RkPgo8L3RyPgo8dHI+Cjx0ZCBhbGlnbj0iY2VudGVyIiB3aWR0aD0iMTUlIj48Zm9udCBzaXplPSIyIj7llYblk4HoqbPntLA8L2ZvbnQ+PC90ZD4KPHRkPjxmb250IHNpemU9IjIiPuOBhOOBpOOCguaMgeOBoeatqeOBj+OBiuOBquOBmOOBv+OBruOBiuiyoeW4g+OBr+OAgeawtOeOieOCkuOBleOCiuOBkuOBquOBj+WKueOBi+OBm+OBn+OBuuOBn+OCk+OBk+imquWtkOOBjOOBvuWPo+OBruODreODs+OCsOOCpuOCqeODrOODg+ODiOOAgjwvZm9udD48L3RkPgo8L3RyPgo8dHI+Cjx0ZCBhbGlnbj0iY2VudGVyIiB3aWR0aD0iMTUlIj48Zm9udCBzaXplPSIyIj7ntKDmnZA8L2ZvbnQ+PC90ZD4KPHRkPjxmb250IHNpemU9IjIiPueJm+mdqTwvZm9udD48L3RkPgo8L3RyPgo8dHI+Cjx0ZCBhbGlnbj0iY2VudGVyIiB3aWR0aD0iMTUlIj48Zm9udCBzaXplPSIyIj7jgqvjg6njg7w8L2ZvbnQ+PC90ZD4KPHRkPjxwPjxmb250IHNpemU9IjIiPuODgeOCp+ODquODvOODrOODg+ODieOAgeODouOCueOCsOODquODvOODs+OAgeOCr+ODquODvOODoOOAgeODrOODs+OCrOOAgeOCreODo+ODqeODoeODq+OAgeODkOODi+ODqeOAgeOCouODg+OCt+ODpeOCsOODrOODvOOAgeODgOODvOOCr+ODluODqeOCpuODszwvZm9udD48L3A+PC90ZD4KPC90cj4KPHRyPgo8dGQgYWxpZ249ImNlbnRlciIgd2lkdGg9IjE1JSI+PGZvbnQgc2l6ZT0iMiI+44K144Kk44K6PC9mb250PjwvdGQ+Cjx0ZD48Zm9udCBzaXplPSIyIj7vvIjntITvvInluYUyMmNtw5fpq5jjgZUxMWNt44CA5Y+j6YeR5bmF77yaMjBjbTwvZm9udD48L3RkPjwvdHI+PHRyPgo8dGQgYWxpZ249ImNlbnRlciIgd2lkdGg9IjE1JSI+PGZvbnQgc2l6ZT0iMiI+6KO96YCgPC9mb250PjwvdGQ+Cjx0ZD48Zm9udCBzaXplPSIyIj7ml6XmnKw8L2ZvbnQ+PC90ZD4KPC90cj48L3RhYmxlPgo8YnI+PGJyPgo8IS0t44GC44GZ5qW944OQ44OK44O8LS0+CiAgPGlmcmFtZSBzdHlsZT0ibWFyZ2luLWJvdHRvbToyMHB4OyIgc3JjPSJodHRwOi8vd3d3LnJha3V0ZW4ubmUuanAvZ29sZC9nbGVuY2hlY2svaXRtL2FzcmJuL3BjaXRlbS9pdGVtX2FzYm4uaHRtbD8zIiBmcmFtZWJvcmRlcj0iMCIgd2lkdGg9IjcwMCIgaGVpZ2h0PSIxNjEiIHNjcm9sbGluZz1ubz48L2lmcmFtZT4KPCEtLeOBguOBmealveODkOODiuODvCBlbmQtLT48YnI+Cjxicj48YnI+CjxpbWcgc3JjPSJodHRwOi8vaW1hZ2UucmFrdXRlbi5jby5qcC9nbGVuY2hlY2svY2FiaW5ldC9iYW5uZXIvcmFrdWJuci1jb252aW5pLmpwZz8wIiBib3JkZXI9IjAiIC8+PGJyIC8+PGJyPjxpbWcgc3JjPSJodHRwOi8vaW1hZ2UucmFrdXRlbi5jby5qcC9nbGVuY2hlY2svY2FiaW5ldC9iYW5uZXIvcmFrdWJuci1yZXZpZXcuanBnIiBib3JkZXI9IjAiIC8+PGJyIC8+PHN0eWxlIHR5cGU9InRleHQvY3NzIj4KPCEtLQoKLyog44OX44Or44OA44Km44OzICovCiNyYWt1dGVuTGltaXRlZElkX2Fyb3VuZENhcnQgc3Bhbi5jaG9pY2V7YmFja2dyb3VuZDp1cmwoImh0dHA6Ly9pbWFnZS5yYWt1dGVuLmNvLmpwL2dsZW5jaGVjay9jYWJpbmV0L2NodXVpYmFuYXJjYXJ0Mi5naWYiKSBuby1yZXBlYXQgI2ZmZThiYjtib3JkZXI6MXB4IHNvbGlkICNjY2M7ZGlzcGxheTpibG9jaztmb250LXNpemU6MTRweDtmb250LXdlaWdodDpib2xkO2xpbmUtaGVpZ2h0OjEuMmVtO3BhZGRpbmc6NXB4IDAgNXB4IDMzcHg7dGV4dC1hbGlnbjpsZWZ0O21hcmdpbi10b3A6MTBweDt3aWR0aDozMjBweDt9Lyog44K/44Kk44OI44OrICovCiNyYWt1dGVuTGltaXRlZElkX2Fyb3VuZENhcnQgc2VsZWN0e2JvcmRlcjoxcHggc29saWQgIzk4OTg5ODt3aWR0aDozNTVweDtoZWlnaHQ6MjhweDsvKmxpbmUtaGVpZ2h0OzEuMmVtO21hcmdpbjowO2Rpc3BsYXk6YmxvY2s7cG9zaXRpb246cmVsYXRpdmU7Zm9udC1zaXplOjEzcHg7Ki99Lyog6YG45oqe6YOo5YiGICovCgo8IS0tICDpoIXnm67pgbjmip7ogqLliKXlnKjluqvjgavlh7rjgovntI3mnJ/jga7jg4fjgrbjgqTjg7PjgIDihpMtLT4KCnRkLmludmVudG9yeSBmb250e2ZvbnQtc2l6ZToxMHB4O2NvbG9yOiNmODAwMDA7bGluZS1oZWlnaHQ6IDEuNTt9CnRkLmludmVudG9yeXt3b3JkLXdyYXA6YnJlYWstd29yZDt3aWR0aDo4MHB4O30KCi8q6YG45oqe6aCF55uu6YOo5YiG44Gu44OG44O844OW44Or44K744Or44Gu5L2Z55m977yIcGFkZGluZ++8ieioreWumiovCiNyYWt1dGVuTGltaXRlZElkX2Fyb3VuZENhcnQgLmludmVudG9yeV9jaG9pY2VfbmFtZXtwYWRkaW5nOjdweCAhaW1wb3J0YW50O30KCi8q6YG45oqe6aCF55uu6YOo5YiG44Gu44Op44K444Kq44Oc44K/44Oz44KS5Zuy44Gj44Gm44GE44KL44OG44O844OW44Or44K744Or44Gu5L2Z55m977yIcGFkZGluZ++8ieioreWumiovCiNyYWt1dGVuTGltaXRlZElkX2Fyb3VuZENhcnQgLmludmVudG9yeXtwYWRkaW5nOjdweCAhaW1wb3J0YW50O30KCi8qIOmgheebrumBuOaKnuiCouWIpeOBruODhuODvOODluODq+WGheOBruWcqOW6q+ihqOekuiAqLwp0ZC5pbnZlbnRvcnkgZm9udHtjb2xvcjojNTU1O2ZvbnQtc2l6ZToxMnB4ICFpbXBvcnRhbnQ7bGluZS1oZWlnaHQ6MS4zO30KCgpzcGFuLmNob2ljZSB7IGNvbG9yOiAjMDAwOyBmb250LXNpemU6IDEyMCU7fQoKZGl2I0hlYWRlcktleXdvcmQgewoJcG9zaXRpb246YWJzb2x1dGU7Cgl0b3A6NTBweDsvKuS4gOeVquS4iuOBi+OCieOBruS9jee9riovCglsZWZ0OjMwcHg7Lyrlt6bnq6/jgYvjgonjga7kvY3nva4qLwp9CgpkaXYjSGVhZGVyS2V5d29yZCBzcGFuIHsKCWJhY2tncm91bmQ6ICNiZjAwMDA7Cgljb2xvcjojZmZmOwoJZm9udC13ZWlnaHQ6Ym9sZDsKCXBhZGRpbmc6MnB4IDVweDsKfQoKZGl2I0hlYWRlcktleXdvcmQgYSB7Cgljb2xvcjojMDA0NENDOwp9CgotLT4KCjwvc3R5bGU+CgoKPGRpdiBpZD0iSGVhZGVyS2V5d29yZCI+CjxzcGFuPuazqOebruOBruOCreODvOODr+ODvOODiTwvc3Bhbj4K44CQ44OT44K444ON44K544Oe44Oz5b+F5pC65ZCN5Yi65YWl44KM77yB44CRCuOAkOS6uuawl+S4iuaYh+OBrumVt+iyoeW4g+OAkQrjgJDlpbPlrZDjgavkurrmsJdrYW5taS7jgJEKPC9kaXY+Cgo8IS0tR29RU3lzdGVt44Op44Oz44Kt44Oz44Kw6Ieq5YuV5pu05paw44OE44O844Or44Ov44Kk44OJLS0+Cjx0YWJsZSBhbGlnbj0iY2VudGVyIiB3aWR0aD0iNjAwIiBib3JkZXI9IjAiIGNlbGxwYWRkaW5nPSIwIiBjZWxsc3BhY2luZz0iMCIgYmdjb2xvcj0iI0ZGRkZGRiIgc3R5bGU9ImxpbmUtaGVpZ2h0OjA7Ij4KPHRyPgo8dGQ+Cjx0YWJsZSBhbGlnbj0iY2VudGVyIiB3aWR0aD0iNjAwIiBib3JkZXI9IjAiIGNlbGxwYWRkaW5nPSIwIiBjZWxsc3BhY2luZz0iMCIgYmdjb2xvcj0iI0ZGRkZGRiI+Cjx0cj4KPHRkIGFsaWduPSJjZW50ZXIiIHZhbGlnbj0iYm90dG9tIiBiZ2NvbG9yPSIjY2NjY2NjIj48aW1nIHNyYz0iaHR0cHM6Ly93d3cucmFrdXRlbi5uZS5qcC9nb2xkL2dsZW5jaGVjay9nb3FzeXN0ZW0vNjAwcmFua2luZ3RpdGVsLmdpZiIgd2lkdGg9IjYwMCIgLz48L3RkPgo8L3RyPgo8L3RhYmxlPgo8dGFibGUgYWxpZ249ImNlbnRlciIgd2lkdGg9IjU5NiIgYm9yZGVyPSIwIiBjZWxscGFkZGluZz0iMCIgY2VsbHNwYWNpbmc9IjAiIGJnY29sb3I9IiNDQ0NDQ0MiIHN0eWxlPSJib3JkZXItbGVmdDpzb2xpZDtib3JkZXItbGVmdC13aWR0aDoxcHg7Ym9yZGVyLXJpZ2h0OnNvbGlkO2JvcmRlci1yaWdodC13aWR0aDoxcHg7Ym9yZGVyLWJvdHRvbTpzb2xpZDtib3JkZXItYm90dG9tLXdpZHRoOjFweDtib3JkZXItY29sb3I6I0NDQ0NDQzsiPgo8dHI+Cjx0ZCBhbGlnbj0iY2VudGVyIiBiZ2NvbG9yPSIjRkZGRkZGIj4KPGRpdiBjbGFzcz0iaWZybS1jb250YWluZXIiIHN0eWxlPSJ3aWR0aDo1OThweDtoZWlnaHQ6NDYwcHg7b3ZlcmZsb3c6YXV0bzstd2Via2l0LW92ZXJmbG93LXNjcm9sbGluZzp0b3VjaDsiPgoKPC9kaXY+CjwvdGQ+CjwvdHI+Cjx0cj4KPHRkIGFsaWduPSJyaWdodCIgYmdjb2xvcj0iI0ZGRkZGRiIgc3R5bGU9InBhZGRpbmc6MnB4OyI+CjxpbWcgc3JjPSJodHRwczovL3d3dy5yYWt1dGVuLm5lLmpwL2dvbGQvZ2xlbmNoZWNrL2dvcXN5c3RlbS9wb3dlcmVkX2J5X2Jhbm5lci5naWYiIHdpZHRoPSIxMjUiIC8+CjwvdGQ+CjwvdHI+CjwvdGFibGU+CjwvdGQ+CjwvdHI+CjwvdGFibGU+CjwhLS1Hb1FTeXN0ZW3jg6njg7Pjgq3jg7PjgrDoh6rli5Xmm7TmlrDjg4Tjg7zjg6vjg6/jgqTjg4ktLT4KPGJyPgoKPCEtLeKWvOWFsemAmuiqrOaYjuaWh++8iOWkp++8iS0tPgo8dGFibGUgYm9yZGVyPSIwIiBjZWxscGFkZGluZz0iMCIgY2VsbHNwYWNpbmc9IjAiIHdpZHRoPSI3MDAiPgo8dGJvZHk+PHRyPgo8dGQgdmFsaWduPSJ0b3AiPgoKPCEtLeODh+OCtuOCpOODs+ioreWumu+8muWFsemAmuiqrOaYjuaWh++8iOWkp++8ieS4iumDqC0tPgoKPCEtLeODh+OCtuOCpOODs+ioreWumu+8muWFsemAmuiqrOaYjuaWh++8iOWkp++8ieS4iumDqC0tPgoKPC90ZD48L3RyPgo8L3Rib2R5PjwvdGFibGU+CjwhLS3ilrLlhbHpgJroqqzmmI7mlofvvIjlpKfvvInjgZPjgZPjgb7jgactLT4KPGJyPgo8IS0t4pa844Kq44K544K544Oh44K/44Kk44OI44Or55S75YOPLS0+CjxUQUJMRSBjZWxsU3BhY2luZz0wIGNlbGxQYWRkaW5nPTAgd2lkdGg9NzAwIGJvcmRlcj0wPgo8VFI+CjxURCBiYWNrZ3JvdW5kPWh0dHA6Ly9pbWFnZS5yYWt1dGVuLmNvLmpwL2dsZW5jaGVjay9jYWJpbmV0L2Z1cmllLzFiYW4tbmVyLmpwZyBoZWlnaHQ9MzA+CjwhLS3ilrzjgqvjg6njg7zjgr/jgqTjg4jjg6stLT48Zm9udCBjb2xvcj1GRkZGRkYgc2l6ZT0iNCIgPjxiPuOAgOOAgOOAgOOAgOOAgOOAgOOAgOOAgOOCsOODrOODs+ODgeOCp+ODg+OCr+OCueOCv+ODg+ODleOBruOCquOCueOCueODoeOCouOCpOODhuODoOOBr+OBk+OBoeOCie+8gSA8L2I+PC9mb250Pgo8L1REPjwvVFI+PC9UQUJMRT4KCjwhLS3ilrzjgqrjgrnjgrnjg6HjgqLjgqTjg4bjg6AtLT4KPHRhYmxlIGJvcmRlcj0iMCIgY2VsbHBhZGRpbmc9IjAiIGNlbGxzcGFjaW5nPSIwIiB3aWR0aD0iNzAwIj4KPHRib2R5Pjx0cj4KPHRkIHZhbGlnbj0idG9wIj4KCjwhLS3jg4fjgrbjgqTjg7PoqK3lrprvvJrlhbHpgJroqqzmmI7mlofvvIjlpKfvvInkuIvpg6gtLT4KCjwhLS3jg4fjgrbjgqTjg7PoqK3lrprvvJrlhbHpgJroqqzmmI7mlofvvIjlpKfvvInkuIvpg6gtLT4KCjwvdGQ+PC90cj4JCjwvdGJvZHk+PC90YWJsZT4KCgo8IS0t4pay44GK44GZ44GZ44KB44GT44GT44G+44GnLS0+Cjxicj4=,44CQS2FubWkuL+OCq+ODs+ODn+OAkSDjgq3jg6Pjg7Pjg4fjgqPjgYzjgb7lj6Mg44Ot44Oz44Kw44Km44Kp44Os44OD44OIL+iyoeW4g+OAkOmAgeaWmeeEoeaWmeOAkeOAkOmVt+iyoeW4gy/plbfmnK3osqHluIPjgJFb44GL44KT44G/IOavjeOBruaXpSDoqpXnlJ/ml6Ug44Kv44Oq44K544Oe44K5IOOCruODleODiCDjg5fjg6zjgrzjg7Pjg4gg44GM44G+5Y+j6LKh5biDIOmVt+iyoeW4gyDjg6zjg4fjgqPjg7zjgrld77ya6LKh5biD44CQ5ZCN5YWl44KM54Sh5paZ44CR44Kw44Os44Oz44OB44Kn44OD44Kv,5ZCN5YWl44KM6LKh5biD44OP44Oq44K544OE44Kk44O844OJ44OW44Op44Kk44OJ44Or44Os44K244O844OR44OK44Oe44OP44OD44OI44OW44Oq44OG44Kj44OD44K344Ol44Kw44Oq44O844OzYnJpdGlzaCBncmVlbuOCu+ODieOCpuOCo+ODg+OCr1NFREdXSUNL44OT44K444ON44K544Kz44O844OJ44OQ44Oz55S36Iux5Zu9546L5a6k5b6h55So6YGU44K144K544Oa44Oz44OA44O85pys6Z2p44Os44K244O844Km44Kp44Os44OD44OI5LqM44Gk5oqY44KK44Kw44Os44Oz44OB44Kn44OD44KvR0xFTkNIRUNL5ZCN5Yi65YWl44KM44CQS2FubWkuL+OCq+ODs+ODn+OAkSDjgq3jg6Pjg7Pjg4fjgqPjgYzjgb7lj6Mg44Ot44Oz44Kw44Km44Kp44Os44OD44OIL+iyoeW4g+OAkOmAgeaWmeeEoeaWmeOAkeOAkOmVt+iyoeW4gy/plbfmnK3osqHluIPjgJFb44GL44KT44G/IOavjeOBruaXpSDoqpXnlJ/ml6Ug44Kv44Oq44K544Oe44K5IOOCruODleODiCDjg5fjg6zjgrzjg7Pjg4gg44GM44G+5Y+j6LKh5biDIOmVt+iyoeW4gyDjg6zjg4fjgqPjg7zjgrld,5rC0546J44KS44GV44KK44GS44Gq44GP5Yq544GL44Gb44Gf44Ot44Oz44Kw44Km44Kp44Os44OD44OIIEthbm1pLuOAguOAkEthbm1pLi/jgqvjg7Pjg5/jgJEg44Kt44Oj44Oz44OH44Kj44GM44G+5Y+jIOODreODs+OCsOOCpuOCqeODrOODg+ODiC/osqHluIPjgJDpgIHmlpnnhKHmlpnjgJHjgJDplbfosqHluIMv6ZW35pyt6LKh5biD44CRW+OBi+OCk+OBvyDmr43jga7ml6Ug6KqV55Sf5pelIOOCr+ODquOCueODnuOCuSDjgq7jg5Xjg4gg44OX44Os44K844Oz44OIIOOBjOOBvuWPo+iyoeW4gyDplbfosqHluIMg44Os44OH44Kj44O844K5XQ==[rn]
39-76467,aHR0cDovL3RzaG9wLnIxMHMuanAvZ2xlbmNoZWNrL2NhYmluZXQvc2hvaGluMy8xMDY5Nzc0NF8xLmpwZz9maXRpbj03MDA6NzAw,MTQyNTYuMDAwMA==,,44OQ44OD44Kw44O75bCP54mp44O744OW44Op44Oz44OJ6ZuR6LKoID4g6LKh5biD44O744Kx44O844K5ID4g44Os44OH44Kj44O844K56LKh5biD,44CQS2FubWkuL+OCq+ODs+ODn+OAkeOCreODo+ODs+ODh+OCo0JPWOODreODs+OCsOOCpuOCqeODrOODg+ODiC/plbfosqHluIMg5pel5pys6KO96LKh5biD44CQ6YCB5paZ54Sh5paZ44CRW+iyoeW4gyDjgq3jg6Pjg7Pjg4fjgqMg6ZW35pyt6LKh5biDIOavjeOBruaXpSDoqpXnlJ/ml6Ug44Kv44Oq44K544Oe44K5IOOCruODleODiCDjg5fjg6zjgrzjg7Pjg4hd,44Gh44KH44GT44Gj44Go6Ieq5oWi44GS44Gr5L2/44GE44Gf44GP44Gq44KL44GK6LKh5biD44Gf44Gh,PGEgaHJlZj0iaHR0cDovL3d3dy5yYWt1dGVuLm5lLmpwL2dvbGQva2FubWkvIiB0YXJnZXQ9Il9ibGFuayI+PGltZyBzcmM9Imh0dHA6Ly9pbWFnZS5yYWt1dGVuLmNvLmpwL2dsZW5jaGVjay9jYWJpbmV0L3Rva3VzeXU0L2thbm1pc2hvcC03MDBibnIuanBnIiB3aWR0aD0iNzAwIiBoZWlnaHQ9IjEwMCIgYm9yZGVyPSIwIiAvPjwvYT48YnIgLz48YnIgLz48Zm9udCBjb2xvcj0iIzAwNjY5OSIgc2l6ZT0iMiI+PGI+S2FubWkuIOOCreODo+ODs+ODh+OCo0JPWOODreODs+OCsOOCpuOCqeODrOODg+ODiDwvYj48L2ZvbnQ+PGJyPgo8aW1nIHNyYz0iaHR0cDovL2ltYWdlLnJha3V0ZW4uY28uanAvZ2xlbmNoZWNrL2NhYmluZXQvc2lzdGVtL3Byb2R1Y3RfbGluZS5naWYiPjxicj4KCjxpbWcgc3JjPSJodHRwOi8vaW1hZ2UucmFrdXRlbi5jby5qcC9nbGVuY2hlY2svY2FiaW5ldC9zaG9oaW4zLzEwNjk3NzQ0XzQuanBnIiBhbHQ9Ikthbm1pLiDjgq3jg6Pjg7Pjg4fjgqPjgqNCT1jjg63jg7PjgrDjgqbjgqnjg6zjg4Pjg4giIGJvcmRlcj0iMCI+PGJyPjxicj4KCjwhLS3ilrzjg4fjgqPjg4bjg7zjg6stLT4KPHA+PGltZyBzcmM9Imh0dHA6Ly9pbWFnZS5yYWt1dGVuLmNvLmpwL2dsZW5jaGVjay9jYWJpbmV0L3Nob2hpbjAyL2thbm1pYmFyX2RldGFpbC5qcGciIHdpZHRoPSI3MDAiPjxicj4KPGltZyBzcmM9Imh0dHA6Ly9pbWFnZS5yYWt1dGVuLmNvLmpwL2dsZW5jaGVjay9jYWJpbmV0L3Nob2hpbjMvMTA2OTc3NDRfNS5qcGciIGFsdD0iS2FubWkuIOOCreODo+ODs+ODh+OCo+OCo0JPWOODreODs+OCsOOCpuOCqeODrOODg+ODiCI+PGJyPgo8aW1nIHNyYz0iaHR0cDovL2ltYWdlLnJha3V0ZW4uY28uanAvZ2xlbmNoZWNrL2NhYmluZXQvc2hvaGluMy8xMDY5Nzc0NF82LmpwZyI+PC9wPjxicj4KCjwhLS3ilrzjgqvjg6njg7wtLT4KPHA+PGltZyBzcmM9Imh0dHA6Ly9pbWFnZS5yYWt1dGVuLmNvLmpwL2dsZW5jaGVjay9jYWJpbmV0L3Nob2hpbjAyL2thbm1pYmFyX2NvbG9yLmpwZyIgd2lkdGg9IjcwMCI+PGJyPgo8aW1nIHNyYz0iaHR0cDovL2ltYWdlLnJha3V0ZW4uY28uanAvZ2xlbmNoZWNrL2NhYmluZXQvc2hvaGluMy8xMDY5Nzc0NF83LmpwZyIgYWx0PSJLYW5taS4g44Kt44Oj44Oz44OH44Kj44KjQk9Y44Ot44Oz44Kw44Km44Kp44Os44OD44OIIj48L3A+PGJyPgoKCgo8IS0t4pa844OW44Op44Oz44OJ44GT44GT44GL44KJLS0+CjxwPjxpbWcgc3JjPSJodHRwOi8vaW1hZ2UucmFrdXRlbi5jby5qcC9nbGVuY2hlY2svY2FiaW5ldC9zaG9oaW4wMi9rYW5taWJhcl9icmFuZC5qcGciIHdpZHRoPSI3MDAiPjxicj4KPGltZyBzcmM9Imh0dHA6Ly9pbWFnZS5yYWt1dGVuLmNvLmpwL2dsZW5jaGVjay9jYWJpbmV0L3Nob2hpbjAyL2JyYW5ka2FubWlfMDEuanBnIj48YnI+CjxpbWcgc3JjPSJodHRwOi8vaW1hZ2UucmFrdXRlbi5jby5qcC9nbGVuY2hlY2svY2FiaW5ldC9rYW5taS9icmFuZGthbm1pXzAycmUuanBnIj48L3A+PGJyPgoKPCEtLeKWvOOCreODo+ODs+ODh+OCo+OCt+ODquODvOOCuuODquODs+OCry0tPgo8cD48YSBocmVmPSJodHRwOi8vaXRlbS5yYWt1dGVuLmNvLmpwL2dsZW5jaGVjay9jLzAwMDAwMDA1MjEvIiB0YXJnZXQ9Il9ibGFuayI+PGltZyBzcmM9Imh0dHA6Ly9pbWFnZS5yYWt1dGVuLmNvLmpwL2dsZW5jaGVjay9jYWJpbmV0L3Nob2hpbjAzL2NhbmR5X2JhcjMuanBnIiBib3JkZXI9IjAiPjwvYT48L3A+PGJyPgoKCjwhLS3ilrzoo73lk4Hmg4XloLHjgZPjgZPjgYvjgoktLT4KPGltZyBzcmM9Imh0dHA6Ly9pbWFnZS5yYWt1dGVuLmNvLmpwL2dsZW5jaGVjay9jYWJpbmV0L3Nob2hpbjAyL2thbm1pYmFyX3Byb2R1Y3QuanBnIiBhbHQ9IuijveWTgeaDheWgsSI+PGJyPgo8dGFibGUgYm9yZGVyPSIxIiBib3JkZXJjb2xvcj0iI2FhYWFhYSIgY2VsbHBhZGRpbmc9IjUiIGNlbGxzcGFjaW5nPSIwIiB3aWR0aD0iNzAwIj4KPHRyPgo8dGQgYWxpZ249ImNlbnRlciIgd2lkdGg9IjE1JSI+PGZvbnQgc2l6ZT0iMiI+5ZWG5ZOB5ZCNPC9mb250PjwvdGQ+Cjx0ZD48Zm9udCBzaXplPSIyIj5LYW5taS4g44Kt44Oj44Oz44OH44KjQk9Y44Ot44Oz44Kw44Km44Kp44Os44OD44OIPC9mb250PjwvdGQ+CjwvdHI+Cjx0cj4KPHRkIGFsaWduPSJjZW50ZXIiIHdpZHRoPSIxNSUiPjxmb250IHNpemU9IjIiPuWVhuWTgeips+e0sDwvZm9udD48L3RkPgo8dGQ+PGZvbnQgc2l6ZT0iMiI+5aSn44GN44GP6ZaL44GE44Gf44GK5Y+j44Gr44Kz44Kk44Oz44KS44GW44GP44GW44GP5YWl44KM44Gm44CB44Gh44KH44GT44Gj44Go6Ieq5oWi44GS44Gr5L2/44GE44Gf44GP44Gq44KL44GK6LKh5biD44Gf44GhPC9mb250PjwvdGQ+CjwvdHI+Cjx0cj4KPHRkIGFsaWduPSJjZW50ZXIiIHdpZHRoPSIxNSUiPjxmb250IHNpemU9IjIiPue0oOadkDwvZm9udD48L3RkPgo8dGQ+PGZvbnQgc2l6ZT0iMiI+54mb6Z2pPC9mb250PjwvdGQ+CjwvdHI+Cjx0cj4KPHRkIGFsaWduPSJjZW50ZXIiIHdpZHRoPSIxNSUiPjxmb250IHNpemU9IjIiPuOCq+ODqeODvDwvZm9udD48L3RkPgo8dGQ+PGZvbnQgc2l6ZT0iMiI+44Kz44Kz44Ki44OW44Op44Km44Oz44CB44Oi44K544Kw44Oq44O844Oz44CB44Kt44Oj44Op44Oh44Or44CB44Op44Kk44OI44OW44Op44OD44KvPC9mb250PjwvdGQ+CjwvdHI+Cjx0cj4KPHRkIGFsaWduPSJjZW50ZXIiIHdpZHRoPSIxNSUiPjxmb250IHNpemU9IjIiPuOCteOCpOOCujwvZm9udD48L3RkPgo8dGQ+PGZvbnQgc2l6ZT0iMiI+77yI57SE77yJ57imMTAuNWNtw5fmqKoxOWNtw5fjg57jg4EyY208YnI+CuOCq+ODvOODiemDqOWIhuODnuODge+8mjVjbTwvZm9udD48L3RkPjwvdHI+PHRyPgo8dGQgYWxpZ249ImNlbnRlciIgd2lkdGg9IjE1JSI+PGZvbnQgc2l6ZT0iMiI+6KO96YCgPC9mb250PjwvdGQ+Cjx0ZD48Zm9udCBzaXplPSIyIj7ml6XmnKw8L2ZvbnQ+PC90ZD4KPC90cj48L3RhYmxlPjxicj4KCjxQPjxmb250IHNpemU9IjEiPuKAu+ODouODi+OCv+ODvOOChOeSsOWig+OBq+OCiOOBo+OBpuOAgeWun+mam+OBruiJsuODu+izquaEn+OBquOBqeeVsOOBquOCi+WgtOWQiOOBjOOBlOOBluOBhOOBvuOBmeOAguOBlOS6huaJv+OBj+OBoOOBleOBhDwvZm9udD48L3A+CjxwPjxmb250IHNpemU9IjIiIGNvbG9yPSJyZWQiPuKAu+ODoeODvOOCq+ODvOOBi+OCieOBruWPluOCiuWvhOOBm+S6i+aDheOBq+OCiOOCiuOAgeOBlOmFjemAgeOBq+OBlOazqOaWh+OBi+OCieaVsOaXpeOBi+OBi+OCi+WgtOWQiOOBjOOBlOOBluOBhOOBvuOBmeOAguOBlOS6huaJv+OBj+OBoOOBleOBhOOAgiA8L2ZvbnQ+PC9wPjxicj48YnI+CjwhLS3jgYLjgZnmpb3jg5Djg4rjg7wtLT4KICA8aWZyYW1lIHN0eWxlPSJtYXJnaW4tYm90dG9tOjIwcHg7IiBzcmM9Imh0dHA6Ly93d3cucmFrdXRlbi5uZS5qcC9nb2xkL2dsZW5jaGVjay9pdG0vYXNyYm4vcGNpdGVtL2l0ZW1fYXNibi5odG1sPzMiIGZyYW1lYm9yZGVyPSIwIiB3aWR0aD0iNzAwIiBoZWlnaHQ9IjE2MSIgc2Nyb2xsaW5nPW5vPjwvaWZyYW1lPgo8IS0t44GC44GZ5qW944OQ44OK44O8IGVuZC0tPjxicj4KPGJyPjxicj48Zm9udCBzaXplPSI0IiBjb2xvcj0iI0ZGMDAwMCI+PGI+4oC744GU6YWN6YCB44Gr44CB44GU5rOo5paH44GL44KJ5pWw5pel44GL44GL44KL5aC05ZCI44GM44GU44GW44GE44G+44GZ44CC44GU5LqG5om/44GP44Gg44GV44GE44CCPC9iPjwvZm9udD48YnI+PGJyPjxicj4KPGltZyBzcmM9Imh0dHA6Ly9pbWFnZS5yYWt1dGVuLmNvLmpwL2dsZW5jaGVjay9jYWJpbmV0L2Jhbm5lci9yYWt1Ym5yLWNvbnZpbmkuanBnPzAiIGJvcmRlcj0iMCIgLz48YnIgLz48YnI+PGltZyBzcmM9Imh0dHA6Ly9pbWFnZS5yYWt1dGVuLmNvLmpwL2dsZW5jaGVjay9jYWJpbmV0L2Jhbm5lci9yYWt1Ym5yLXJldmlldy5qcGciIGJvcmRlcj0iMCIgLz48YnIgLz48c3R5bGUgdHlwZT0idGV4dC9jc3MiPgo8IS0tCgovKiDjg5fjg6vjg4Djgqbjg7MgKi8KI3Jha3V0ZW5MaW1pdGVkSWRfYXJvdW5kQ2FydCBzcGFuLmNob2ljZXtiYWNrZ3JvdW5kOnVybCgiaHR0cDovL2ltYWdlLnJha3V0ZW4uY28uanAvZ2xlbmNoZWNrL2NhYmluZXQvY2h1dWliYW5hcmNhcnQyLmdpZiIpIG5vLXJlcGVhdCAjZmZlOGJiO2JvcmRlcjoxcHggc29saWQgI2NjYztkaXNwbGF5OmJsb2NrO2ZvbnQtc2l6ZToxNHB4O2ZvbnQtd2VpZ2h0OmJvbGQ7bGluZS1oZWlnaHQ6MS4yZW07cGFkZGluZzo1cHggMCA1cHggMzNweDt0ZXh0LWFsaWduOmxlZnQ7bWFyZ2luLXRvcDoxMHB4O3dpZHRoOjMyMHB4O30vKiDjgr/jgqTjg4jjg6sgKi8KI3Jha3V0ZW5MaW1pdGVkSWRfYXJvdW5kQ2FydCBzZWxlY3R7Ym9yZGVyOjFweCBzb2xpZCAjOTg5ODk4O3dpZHRoOjM1NXB4O2hlaWdodDoyOHB4Oy8qbGluZS1oZWlnaHQ7MS4yZW07bWFyZ2luOjA7ZGlzcGxheTpibG9jaztwb3NpdGlvbjpyZWxhdGl2ZTtmb250LXNpemU6MTNweDsqL30vKiDpgbjmip7pg6jliIYgKi8KCjwhLS0gIOmgheebrumBuOaKnuiCouWIpeWcqOW6q+OBq+WHuuOCi+e0jeacn+OBruODh+OCtuOCpOODs+OAgOKGky0tPgoKdGQuaW52ZW50b3J5IGZvbnR7Zm9udC1zaXplOjEwcHg7Y29sb3I6I2Y4MDAwMDtsaW5lLWhlaWdodDogMS41O30KdGQuaW52ZW50b3J5e3dvcmQtd3JhcDpicmVhay13b3JkO3dpZHRoOjgwcHg7fQoKLyrpgbjmip7poIXnm67pg6jliIbjga7jg4bjg7zjg5bjg6vjgrvjg6vjga7kvZnnmb3vvIhwYWRkaW5n77yJ6Kit5a6aKi8KI3Jha3V0ZW5MaW1pdGVkSWRfYXJvdW5kQ2FydCAuaW52ZW50b3J5X2Nob2ljZV9uYW1le3BhZGRpbmc6N3B4ICFpbXBvcnRhbnQ7fQoKLyrpgbjmip7poIXnm67pg6jliIbjga7jg6njgrjjgqrjg5zjgr/jg7PjgpLlm7LjgaPjgabjgYTjgovjg4bjg7zjg5bjg6vjgrvjg6vjga7kvZnnmb3vvIhwYWRkaW5n77yJ6Kit5a6aKi8KI3Jha3V0ZW5MaW1pdGVkSWRfYXJvdW5kQ2FydCAuaW52ZW50b3J5e3BhZGRpbmc6N3B4ICFpbXBvcnRhbnQ7fQoKLyog6aCF55uu6YG45oqe6IKi5Yil44Gu44OG44O844OW44Or5YaF44Gu5Zyo5bqr6KGo56S6ICovCnRkLmludmVudG9yeSBmb250e2NvbG9yOiM1NTU7Zm9udC1zaXplOjEycHggIWltcG9ydGFudDtsaW5lLWhlaWdodDoxLjM7fQoKCnNwYW4uY2hvaWNlIHsgY29sb3I6ICMwMDA7IGZvbnQtc2l6ZTogMTIwJTt9CgpkaXYjSGVhZGVyS2V5d29yZCB7Cglwb3NpdGlvbjphYnNvbHV0ZTsKCXRvcDo1MHB4Oy8q5LiA55Wq5LiK44GL44KJ44Gu5L2N572uKi8KCWxlZnQ6MzBweDsvKuW3puerr+OBi+OCieOBruS9jee9riovCn0KCmRpdiNIZWFkZXJLZXl3b3JkIHNwYW4gewoJYmFja2dyb3VuZDogI2JmMDAwMDsKCWNvbG9yOiNmZmY7Cglmb250LXdlaWdodDpib2xkOwoJcGFkZGluZzoycHggNXB4Owp9CgpkaXYjSGVhZGVyS2V5d29yZCBhIHsKCWNvbG9yOiMwMDQ0Q0M7Cn0KCi0tPgoKPC9zdHlsZT4KCgo8ZGl2IGlkPSJIZWFkZXJLZXl3b3JkIj4KPHNwYW4+5rOo55uu44Gu44Kt44O844Ov44O844OJPC9zcGFuPgrjgJDjg5Pjgrjjg43jgrnjg57jg7Plv4XmkLrlkI3liLrlhaXjgozvvIHjgJEK44CQ5Lq65rCX5LiK5piH44Gu6ZW36LKh5biD44CRCuOAkOWls+WtkOOBq+S6uuawl2thbm1pLuOAkQo8L2Rpdj4KCjwhLS1Hb1FTeXN0ZW3jg6njg7Pjgq3jg7PjgrDoh6rli5Xmm7TmlrDjg4Tjg7zjg6vjg6/jgqTjg4ktLT4KPHRhYmxlIGFsaWduPSJjZW50ZXIiIHdpZHRoPSI2MDAiIGJvcmRlcj0iMCIgY2VsbHBhZGRpbmc9IjAiIGNlbGxzcGFjaW5nPSIwIiBiZ2NvbG9yPSIjRkZGRkZGIiBzdHlsZT0ibGluZS1oZWlnaHQ6MDsiPgo8dHI+Cjx0ZD4KPHRhYmxlIGFsaWduPSJjZW50ZXIiIHdpZHRoPSI2MDAiIGJvcmRlcj0iMCIgY2VsbHBhZGRpbmc9IjAiIGNlbGxzcGFjaW5nPSIwIiBiZ2NvbG9yPSIjRkZGRkZGIj4KPHRyPgo8dGQgYWxpZ249ImNlbnRlciIgdmFsaWduPSJib3R0b20iIGJnY29sb3I9IiNjY2NjY2MiPjxpbWcgc3JjPSJodHRwczovL3d3dy5yYWt1dGVuLm5lLmpwL2dvbGQvZ2xlbmNoZWNrL2dvcXN5c3RlbS82MDByYW5raW5ndGl0ZWwuZ2lmIiB3aWR0aD0iNjAwIiAvPjwvdGQ+CjwvdHI+CjwvdGFibGU+Cjx0YWJsZSBhbGlnbj0iY2VudGVyIiB3aWR0aD0iNTk2IiBib3JkZXI9IjAiIGNlbGxwYWRkaW5nPSIwIiBjZWxsc3BhY2luZz0iMCIgYmdjb2xvcj0iI0NDQ0NDQyIgc3R5bGU9ImJvcmRlci1sZWZ0OnNvbGlkO2JvcmRlci1sZWZ0LXdpZHRoOjFweDtib3JkZXItcmlnaHQ6c29saWQ7Ym9yZGVyLXJpZ2h0LXdpZHRoOjFweDtib3JkZXItYm90dG9tOnNvbGlkO2JvcmRlci1ib3R0b20td2lkdGg6MXB4O2JvcmRlci1jb2xvcjojQ0NDQ0NDOyI+Cjx0cj4KPHRkIGFsaWduPSJjZW50ZXIiIGJnY29sb3I9IiNGRkZGRkYiPgo8ZGl2IGNsYXNzPSJpZnJtLWNvbnRhaW5lciIgc3R5bGU9IndpZHRoOjU5OHB4O2hlaWdodDo0NjBweDtvdmVyZmxvdzphdXRvOy13ZWJraXQtb3ZlcmZsb3ctc2Nyb2xsaW5nOnRvdWNoOyI+Cgo8L2Rpdj4KPC90ZD4KPC90cj4KPHRyPgo8dGQgYWxpZ249InJpZ2h0IiBiZ2NvbG9yPSIjRkZGRkZGIiBzdHlsZT0icGFkZGluZzoycHg7Ij4KPGltZyBzcmM9Imh0dHBzOi8vd3d3LnJha3V0ZW4ubmUuanAvZ29sZC9nbGVuY2hlY2svZ29xc3lzdGVtL3Bvd2VyZWRfYnlfYmFubmVyLmdpZiIgd2lkdGg9IjEyNSIgLz4KPC90ZD4KPC90cj4KPC90YWJsZT4KPC90ZD4KPC90cj4KPC90YWJsZT4KPCEtLUdvUVN5c3RlbeODqeODs+OCreODs+OCsOiHquWLleabtOaWsOODhOODvOODq+ODr+OCpOODiS0tPgo8YnI+Cgo8IS0t4pa85YWx6YCa6Kqs5piO5paH77yI5aSn77yJLS0+Cjx0YWJsZSBib3JkZXI9IjAiIGNlbGxwYWRkaW5nPSIwIiBjZWxsc3BhY2luZz0iMCIgd2lkdGg9IjcwMCI+Cjx0Ym9keT48dHI+Cjx0ZCB2YWxpZ249InRvcCI+Cgo8IS0t44OH44K244Kk44Oz6Kit5a6a77ya5YWx6YCa6Kqs5piO5paH77yI5aSn77yJ5LiK6YOoLS0+Cgo8IS0t44OH44K244Kk44Oz6Kit5a6a77ya5YWx6YCa6Kqs5piO5paH77yI5aSn77yJ5LiK6YOoLS0+Cgo8L3RkPjwvdHI+CjwvdGJvZHk+PC90YWJsZT4KPCEtLeKWsuWFsemAmuiqrOaYjuaWh++8iOWkp++8ieOBk+OBk+OBvuOBpy0tPgo8YnI+CjwhLS3ilrzjgqrjgrnjgrnjg6Hjgr/jgqTjg4jjg6vnlLvlg48tLT4KPFRBQkxFIGNlbGxTcGFjaW5nPTAgY2VsbFBhZGRpbmc9MCB3aWR0aD03MDAgYm9yZGVyPTA+CjxUUj4KPFREIGJhY2tncm91bmQ9aHR0cDovL2ltYWdlLnJha3V0ZW4uY28uanAvZ2xlbmNoZWNrL2NhYmluZXQvZnVyaWUvMWJhbi1uZXIuanBnIGhlaWdodD0zMD4KPCEtLeKWvOOCq+ODqeODvOOCv+OCpOODiOODqy0tPjxmb250IGNvbG9yPUZGRkZGRiBzaXplPSI0IiA+PGI+44CA44CA44CA44CA44CA44CA44CA44CA44Kw44Os44Oz44OB44Kn44OD44Kv44K544K/44OD44OV44Gu44Kq44K544K544Oh44Ki44Kk44OG44Og44Gv44GT44Gh44KJ77yBIDwvYj48L2ZvbnQ+CjwvVEQ+PC9UUj48L1RBQkxFPgoKPCEtLeKWvOOCquOCueOCueODoeOCouOCpOODhuODoC0tPgo8dGFibGUgYm9yZGVyPSIwIiBjZWxscGFkZGluZz0iMCIgY2VsbHNwYWNpbmc9IjAiIHdpZHRoPSI3MDAiPgo8dGJvZHk+PHRyPgo8dGQgdmFsaWduPSJ0b3AiPgoKPCEtLeODh+OCtuOCpOODs+ioreWumu+8muWFsemAmuiqrOaYjuaWh++8iOWkp++8ieS4i+mDqC0tPgoKPCEtLeODh+OCtuOCpOODs+ioreWumu+8muWFsemAmuiqrOaYjuaWh++8iOWkp++8ieS4i+mDqC0tPgoKPC90ZD48L3RyPgkKPC90Ym9keT48L3RhYmxlPgoKCjwhLS3ilrLjgYrjgZnjgZnjgoHjgZPjgZPjgb7jgactLT4KPGJyPg==,44CQS2FubWkuL+OCq+ODs+ODn+OAkeOCreODo+ODs+ODh+OCo0JPWOODreODs+OCsOOCpuOCqeODrOODg+ODiC/plbfosqHluIMg5pel5pys6KO96LKh5biD44CQ6YCB5paZ54Sh5paZ44CRW+iyoeW4gyDjgq3jg6Pjg7Pjg4fjgqMg6ZW35pyt6LKh5biDIOavjeOBruaXpSDoqpXnlJ/ml6Ug44Kv44Oq44K544Oe44K5IOOCruODleODiCDjg5fjg6zjgrzjg7Pjg4hd77ya6LKh5biD44CQ5ZCN5YWl44KM54Sh5paZ44CR44Kw44Os44Oz44OB44Kn44OD44Kv,5ZCN5YWl44KM6LKh5biD44OP44Oq44K544OE44Kk44O844OJ44OW44Op44Kk44OJ44Or44Os44K244O844OR44OK44Oe44OP44OD44OI44OW44Oq44OG44Kj44OD44K344Ol44Kw44Oq44O844OzYnJpdGlzaCBncmVlbuOCu+ODieOCpuOCo+ODg+OCr1NFREdXSUNL44OT44K444ON44K544Kz44O844OJ44OQ44Oz55S36Iux5Zu9546L5a6k5b6h55So6YGU44K144K544Oa44Oz44OA44O85pys6Z2p44Os44K244O844Km44Kp44Os44OD44OI5LqM44Gk5oqY44KK44Kw44Os44Oz44OB44Kn44OD44KvR0xFTkNIRUNL5ZCN5Yi65YWl44KM44CQS2FubWkuL+OCq+ODs+ODn+OAkeOCreODo+ODs+ODh+OCo0JPWOODreODs+OCsOOCpuOCqeODrOODg+ODiC/plbfosqHluIMg5pel5pys6KO96LKh5biD44CQ6YCB5paZ54Sh5paZ44CRW+iyoeW4gyDjgq3jg6Pjg7Pjg4fjgqMg6ZW35pyt6LKh5biDIOavjeOBruaXpSDoqpXnlJ/ml6Ug44Kv44Oq44K544Oe44K5IOOCruODleODiCDjg5fjg6zjgrzjg7Pjg4hd,44Gh44KH44GT44Gj44Go6Ieq5oWi44GS44Gr5L2/44GE44Gf44GP44Gq44KL44GK6LKh5biD44Gf44Gh44CC44CQS2FubWkuL+OCq+ODs+ODn+OAkeOCreODo+ODs+ODh+OCo0JPWOODreODs+OCsOOCpuOCqeODrOODg+ODiC/plbfosqHluIMg5pel5pys6KO96LKh5biD44CQ6YCB5paZ54Sh5paZ44CRW+iyoeW4gyDjgq3jg6Pjg7Pjg4fjgqMg6ZW35pyt6LKh5biDIOavjeOBruaXpSDoqpXnlJ/ml6Ug44Kv44Oq44K544Oe44K5IOOCruODleODiCDjg5fjg6zjgrzjg7Pjg4hd[rn]
39-76468,aHR0cDovL3RzaG9wLnIxMHMuanAvZ2xlbmNoZWNrL2NhYmluZXQvc2hvaGluNC8xNTQwXzEuanBnP2ZpdGluPTcwMDo3MDA=,MTEyMzIuMDAwMA==,,44OQ44OD44Kw44O75bCP54mp44O744OW44Op44Oz44OJ6ZuR6LKoID4g6LKh5biD44O744Kx44O844K5ID4g44Os44OH44Kj44O844K56LKh5biD,W+mAgeaWmeeEoeaWmV3jgqTjgr/jg6rjgqLoo73oirHmn4Tjg6zjgrbjg7zjgqbjgqnjg6zjg4Pjg4hb44Kv44Oq44K544Oe44K5IOOCruODleODiOODqeODg+ODlOODs+OCsCDjgq7jg5Xjg4gg44OW44Op44OD44KvIOmVt+iyoeW4gyDpnanosqHluIMg55qu6LKh5biDIOODrOOCtuODvOiyoeW4gyDmnKznmq7osqHluIMg44GK44GX44KD44KMIOODrOOCtuODvCDpnakg44GV44GE44G1IOOCteOCpOODlSDjg6zjg4fjgqPjg7zjgrkg6buSIOODlOODs+OCryDjgq/jg6rjgrnjg57jgrnjg5fjg6zjgrzjg7Pjg4gg44Kr44O844OJ5YWl44KMXSDjgrDjg6zjg7Pjg5XjgqPjg7zjg6vjg4k=,44Kk44K/44Oq44Ki44GL44KJ5bGK44GE44Gf44Ko44Os44Ks44Oz44OI44Gq6Iqx5p+E44Km44Kp44Os44OD44OI44CQcG9pMTDjgJE=,PHA+PGZvbnQgc2l6ZT0iMiI+PGI+44Kk44K/44Oq44Ki6KO96Iqx5p+E44Os44K244O844Km44Kp44Os44OD44OIPC9iPjwvZm9udD48YnI+CjxpbWcgc3JjPSJodHRwOi8vaW1hZ2UucmFrdXRlbi5jby5qcC9nbGVuY2hlY2svY2FiaW5ldC9kb3RsaW5lLmdpZiIgYWx0PSIiIHdpZHRoPSI3MDAiIGhlaWdodD0iMTUiPjxicj4KPGltZyBzcmM9Imh0dHA6Ly9pbWFnZS5yYWt1dGVuLmNvLmpwL2dsZW5jaGVjay9jYWJpbmV0L3Nob2hpbjQvMTU0MF9rLmpwZyI+PGJyIC8+CjxpbWcgc3JjPSJodHRwOi8vaW1hZ2UucmFrdXRlbi5jby5qcC9nbGVuY2hlY2svY2FiaW5ldC9zaG9oaW42LzE1NDBfbGQwMi5qcGciPjxiciAvPgo8aW1nIHNyYz0iaHR0cDovL2ltYWdlLnJha3V0ZW4uY28uanAvZ2xlbmNoZWNrL2NhYmluZXQvc2hvaGluNi8xNTQwX2xkMDEuanBnIj48YnIgLz4KPGltZyBzcmM9Imh0dHA6Ly9pbWFnZS5yYWt1dGVuLmNvLmpwL2dsZW5jaGVjay9jYWJpbmV0L3Nob2hpbjYvMTU0MF9sZDAzLmpwZyI+PGJyIC8+CjxkaXYgc3R5bGU9IndpZHRoOjcwMHB4OyBoZWlnaHQ6MzVweDsgZm9udC1zaXplOjE3cHg7IGZvbnQtd2llZ2h0OmJvbGQ7IGNvbG9yOiMwMDA7IHRleHQtYWxpZ246Y2VudGVyOyBsaW5lLWhlaWdodDoyMDAlOyBwYWRkaW5nOjIwcHggMCAyMHB4IDA7Ij7jgqTjgr/jg6rjgqLjgYvjgonlsYrjgYTjgZ/jgqjjg6zjgqzjg7Pjg4jjgaroirHmn4Tjgqbjgqnjg6zjg4Pjg4g8L2Rpdj4KPGltZyBzcmM9Imh0dHA6Ly9pbWFnZS5yYWt1dGVuLmNvLmpwL2dsZW5jaGVjay9jYWJpbmV0L25iYW5fZGV0YWlsLmpwZyIgYWx0PSLoqbPntLAiPjxiciAvPgo8dGFibGUgd2lkdGg9IjcwMCIgY2VsbHBhZGRpbmc9IjE1IiBjZWxsc3BhY2luZz0iMCIgYm9yZGVyPSIxIiBzdHlsZT0iYm9yZGVyLWNvbG9yOiNhYWFhYWE7Ym9yZGVyLXN0eWxlOnNvbGlkO2JvcmRlci1jb2xsYXBzZTpjb2xsYXBzZSI+Cjx0cj4KPHRkIGJnY29sb3I9IiNhYWFhYWEiIGFsaWduPSJyaWdodCI+PGZvbnQgc2l6ZT0iMiIgY29sb3I9IiNmZmZmZmYiPuOCpOOCv+ODquOCouijveiKseafhOODrOOCtuODvOOCpuOCqeODrOODg+ODiDwvZm9udD48L3RkPgo8L3RyPgo8dHI+Cjx0ZD48ZGl2IHN0eWxlPSJ3aWR0aDozNTBweDsgbWFyZ2luLXJpZ2h0OjEwcHg7IGJhY2tncm91bmQtY29sb3I6I2ZmZmZmZjsgZmxvYXQ6bGVmdDsgdGV4dC1hbGlnbjpsZWZ0OyBmb250LXNpemU6MTNweDsiPuaflOOCieOBi+OBhOizquaEn+OBrueJm+mdqeOBq+OAgeOCqOODrOOCrOODs+ODiOOBquODkOODqeOBruOCqOODs+ODnOOCueOCkuaWveOBl+OBpuOBguOCiuOBvuOBmeOAgjxiciAvPgrjgrfjg4Pjgq/jgarpu5LjgajmuIXmpZrjgarjg5Tjg7Pjgq/jg5njg7zjgrjjg6Xjga7vvJLoibLjgYvjgonjgYrpgbjjgbPjgYTjgZ/jgaDjgZHjgb7jgZnjgII8YnIgLz48YnIgLz4K77yn77yp77y177yk77yp44Gu6Z2p6KO95ZOB44Gv44CB5Lyd57Wx55qE44Gq6Z2p44Gq44KB44GX44Gu6KGX44Gn44GC44KL44Kk44K/44Oq44Ki44Gu44Oi44OD44Ot44O044Kh44OD44Os44Gn55Sf55Sj44GV44KM44Gm44GK44KK44CB44K544K/44Kk44Oq44OD44K344Ol44Gq44OH44K244Kk44Oz44Go44CB6Lu944GP44Gm5L2/44GE44KE44GZ44GE5qmf6IO95oCn44GM54m55b6044Go44Gq44Gj44Gm44GE44G+44GZ44CCPC9kaXY+PGRpdiBzdHlsZT0id2lkdGg6MzAwcHg7IG1hcmdpbi1ib3R0b206MTVweDsgZmxvYXQ6bGVmdDsiPjxpbWcgc3JjPSJodHRwOi8vaW1hZ2UucmFrdXRlbi5jby5qcC9nbGVuY2hlY2svY2FiaW5ldC9zaG9oaW40LzE1NDBfMS5qcGciIHdpZHRoPSIzMDAiIC8+PC9kaXY+CjxiciBzdHlsZT0iY2xlYXI6Ym90aDsiPgo8ZGl2IHN0eWxlPSJ3aWR0aDo2NjBweDsgbWFyZ2luLWJvdHRvbToxNXB4OyBiYWNrZ3JvdW5kLWNvbG9yOiNmZmZmZmY7IHRleHQtYWxpZ246bGVmdDsgZm9udC1zaXplOjEzcHg7Ij48Yj7jgJDlhKrjgozjgZ/mqZ/og73mgKfjgJE8L2I+PGJyIC8+77yR77yT5p6a44Gu44Kr44O844OJ44Od44Kx44OD44OI44Gu44G744GL44Gr44CB5bqD44GP44Gy44KJ44GP5pyt5YWl44KM44GM77yS6YOo5bGL44GC44KK44G+44GZ44CCPGJyIC8+CuacreWFpeOCjOOChOWwj+mKreWFpeOCjOOBrumDqOWIhuOBjOWkp+OBjeOBj+mWi+OBj+OCiOOBhuOBq+ioreioiOOBleOCjOOBpuOBhOOCi+OBruOBp+OAgeOBqeOBk+OBq+S9leOBjOWFpeOBo+OBpuOBhOOCi+OBruOBi+OCguS4gOebrueereeEtuOBp+OBmeOAgjxiciAvPjxiciAvPuOBvuOBn+OAgeWwj+mKreWFpeOCjOOBr++8rOWtl+OBruOCuOODg+ODkeODvOOBjOOBpOOBhOOBpuOBiuOCiuOAgeiyoeW4g+OBjOWkp+OBjeOBj+OBsuOCieOBhOOBpuOCguWwj+mKreOBjOmjm+OBs+WHuuOBmeW/g+mFjeOBr+OBguOCiuOBvuOBm+OCk+OAgjxiciAvPjxiciAvPuiDjOmdouOChOWwj+mKreWFpeOCjOOBruS4reOBq+OBvuOBp+OAgeWkmuebrueahOODneOCseODg+ODiOOBjOOBpOOBhOOBpuOBiuOCiuOAgeWPjue0jeWKm+OBr+aKnOe+pOOBp+OBmeOAgjxiciAvPgrlj47ntI3lipvjga7jgo/jgorjgavou73jgYTjgZPjgajjgoLjgIHplbfjgY/jgYrkvb/jgYTjgYTjgZ/jgaDjgZHjgovjgojjgYbkvb/jgYTmiYvjga7kuovjgpLogIPjgYjjgZ/oqK3oqIjjgavjgarjgaPjgabjgYrjgorjgb7jgZnjgII8L2Rpdj4KPGRpdiBzdHlsZT0id2lkdGg6MzIwcHg7IG1hcmdpbi1ib3R0b206MTVweDsgZmxvYXQ6bGVmdDsiPjxpbWcgc3JjPSJodHRwOi8vaW1hZ2UucmFrdXRlbi5jby5qcC9nbGVuY2hlY2svY2FiaW5ldC9zaG9oaW40LzE1NDBfNS5qcGciICB3aWR0aD0iMzIwIi8+PC9kaXY+CjxkaXYgc3R5bGU9IndpZHRoOjMyMHB4OyBtYXJnaW46MCAwIDE1cHggMjBweDsgZmxvYXQ6bGVmdDsiPjxpbWcgc3JjPSJodHRwOi8vaW1hZ2UucmFrdXRlbi5jby5qcC9nbGVuY2hlY2svY2FiaW5ldC9zaG9oaW40LzE1NDBfNC5qcGciIHdpZHRoPSIzMjAiLz48L2Rpdj4KPGJyIHN0eWxlPSJjbGVhcjpib3RoOyI+CjxkaXYgc3R5bGU9IndpZHRoOjY2MHB4OyBiYWNrZ3JvdW5kLWNvbG9yOiNmZmZmZmY7IHRleHQtYWxpZ246bGVmdDsgZm9udC1zaXplOjEzcHg7Ij48Yj7jgJDjg4fjgrbjgqTjg7PjgJE8L2I+PGJyIC8+77yR5YWo5L2T44Gr44GC44GX44KJ44KP44KM44Gf6Iqx5p+E44Gu44Ko44Oz44Oc44K55Yqg5bel44GM44Ko44Os44Ks44Oz44OI44Gq5Y2w6LGh44KS6Ya444GX5Ye644GX44Gm44GE44G+44GZ44CCPGJyIC8+PGJyIC8+6Imy44Gv44K344OD44Kv44Gq6buS44Go5riF5qWa44Gq44Kk44Oh44O844K444Gu44OZ44O844K444Ol44GM44GC44KK44CB44GK5aW944G/44Gn44GK6YG444Gz44GE44Gf44Gg44GR44G+44GZ44CCPGJyIC8+PGJyIC8+44GV44KJ44Gr44CB5YaF5YG044Gu44Op44Kk44OL44Oz44Kw44Gr44KC77yn77yp77y177yk77yp44Gu44OW44Op44Oz44OJ44Ot44K044GM5YWl44Gj44Gm44GK44KK44CB5qmf6IO95oCn44Gg44GR44Gn44Gq44GP44OH44K244Kk44Oz44Gr44KC44GT44Gg44KP44Gj44Gm5L2c44KJ44KM44Gm44GE44G+44GZ44CCPC9kaXY+Cgo8L3RkPjwvdHI+PC90YWJsZT48YnIgLz48YnIgLz4KPGltZyBzcmM9Imh0dHA6Ly9pbWFnZS5yYWt1dGVuLmNvLmpwL2dsZW5jaGVjay9jYWJpbmV0L25iYW5fY29sb3IuanBnIiBhbHQ9IuOCq+ODqeODvOODkOODquOCqOODvOOCt+ODp+ODsyI+PGJyPgo8dGFibGUgd2lkdGg9IjcwMCIgY2VsbHNwYWNpbmc9IjAiIGJvcmRlcj0iMSIgc3R5bGU9ImJvcmRlci1jb2xvcjojYWFhYWFhO2JvcmRlci1zdHlsZTpzb2xpZDtib3JkZXItY29sbGFwc2U6Y29sbGFwc2UiPjx0cj48dGQgYWxpZ249ImNlbnRlciI+PGltZyBzcmM9Imh0dHA6Ly9pbWFnZS5yYWt1dGVuLmNvLmpwL2dsZW5jaGVjay9jYWJpbmV0L3Nob2hpbjQvMTU0MF8zLmpwZyI+PC90ZD48L3RyPjwvdGFibGU+PGJyIC8+PGJyIC8+Cgo8aW1nIHNyYz0iaHR0cDovL2ltYWdlLnJha3V0ZW4uY28uanAvZ2xlbmNoZWNrL2NhYmluZXQvbmJhbl9icmFuZC5qcGciIGFsdD0i44OW44Op44Oz44OJ44Kk44Oz44OV44Kp44Oh44O844K344On44OzIj48YnI+Cjx0YWJsZSBzdHlsZT0iYm9yZGVyLWNvbG9yOiByZ2IoMTcwLCAxNzAsIDE3MCk7IGJvcmRlci1zdHlsZTogc29saWQ7IGJvcmRlci1jb2xsYXBzZTogY29sbGFwc2U7IiBib3JkZXI9IjEiIGNlbGxwYWRkaW5nPSIxNSIgY2VsbHNwYWNpbmc9IjAiIHdpZHRoPSI3MDAiPgo8dGJvZHk+PHRyPgo8dGQ+PGNlbnRlcj4KPGltZyBzcmM9Imh0dHA6Ly9pbWFnZS5yYWt1dGVuLmNvLmpwL2dsZW5jaGVjay9jYWJpbmV0L2xvZ28vZ2l1ZGlfbG9nby5qcGciIHdpZHRoPSIzMDAiPjwvY2VudGVyPjxicj4KPGRpdiBzdHlsZT0id2lkdGg6NjYwcHg7IGJhY2tncm91bmQtY29sb3I6I2ZmZmZmZjsgdGV4dC1hbGlnbjpsZWZ0OyBmb250LXNpemU6MTNweDsiPjxiPuOAkO+8p++8qe+8te+8pO+8qeOAkTwvYj48YnI+CuOCv+ODiuODquODvOOBr+OAgeS8nee1seeahOOBquaKgOazleOBq+OCiOOBo+OBpumrmOWTgeizquODrOOCtuODvOOCkueUn+eUo+OBmeOCi+OBk+OBqOOBp+acieWQjeOBquOAgeOCpOOCv+ODquOCouOBruODouODg+ODreODtOOCoeODg+ODrOOBqOOBhOOBhuihl+OBq+OBguOCiuOBvuOBmeOAgjxiciAvPgrkvJ3ntbHnmoTjgarpnanjga7jgarjgoHjgZfmioDms5XjgajjgIHnj77ku6PnmoTjgafjgrnjgr/jgqTjg6rjg4Pjgrfjg6Xjgarjg4fjgrbjgqTjg7PjgpLono3lkIjjgZXjgZvjgovjgZPjgajjgpLjg6Ljg4Pjg4jjg7zjgavkvZzjgonjgozjgabjgYrjgorjgIEKIDE5NzTlubTjga7libXmpa3ku6XpmY3jgIHjg5XjgqHjg7PjgpLlopfjgoTjgZfntprjgZHjgabjgYTjgb7jgZnjgII8L2Rpdj48L3RkPjwvdHI+PC90Ym9keT48L3RhYmxlPjxiciAvPjxiciAvPgogCiA8aW1nIHNyYz0iaHR0cDovL2ltYWdlLnJha3V0ZW4uY28uanAvZ2xlbmNoZWNrL2NhYmluZXQvbmJhbl9wcm9kdWN0LmpwZyIgYWx0PSLoo73lk4Hmg4XloLEiPjxicj4KPHRhYmxlIHdpZHRoPSI3MDAiIGNlbGxwYWRkaW5nPSI1IiBjZWxsc3BhY2luZz0iMCIgYm9yZGVyPSIxIiBzdHlsZT0iYm9yZGVyLWNvbG9yOiNhYWFhYWE7Ym9yZGVyLXN0eWxlOnNvbGlkO2JvcmRlci1jb2xsYXBzZTpjb2xsYXBzZSI+Cjx0cj4KPHRkIHdpZHRoPSIxNSUiIGFsaWduPSJjZW50ZXIiPjxmb250IHNpemU9IjIiPuWVhuWTgeWQjTwvZm9udD48L3RkPgo8dGQ+PGZvbnQgc2l6ZT0iMiI+44Kk44K/44Oq44Ki6KO96Iqx5p+E44Os44K244O844Km44Kp44Os44OD44OIPC9mb250PjwvdGQ+CjwvdHI+Cjx0cj4KPHRkIHdpZHRoPSIxNSUiIGFsaWduPSJjZW50ZXIiPjxmb250IHNpemU9IjIiPue0oOadkDwvZm9udD48L3RkPgo8dGQ+PGZvbnQgc2l6ZT0iMiI+54mb6Z2p77yI44Kk44K/44Oq44Ki44Oz44Os44K244O877yJ44CB44Od44Oq44Ko44K544OG44OrPC9mb250PjwvdGQ+CjwvdHI+Cjx0cj4KPHRkIHdpZHRoPSIxNSUiIGFsaWduPSJjZW50ZXIiPjxmb250IHNpemU9IjIiPuS7leanmDwvZm9udD48L3RkPgo8dGQ+PGZvbnQgc2l6ZT0iMiI+44Kr44O844OJ44Od44Kx44OD44OIJnRpbWVzOzEz44CB5pyt5YWl44KMJnRpbWVzOzLjgIHlpJrnm67nmoTjg53jgrHjg4Pjg4gmdGltZXM7NeOAgeWwj+mKreWFpeOCjCZ0aW1lczsx44CB77yI5bCP6Yqt5YWl44KM5YaF77yJ44Kq44O844OX44Oz44Od44Kx44OD44OIJnRpbWVzOzHjgIE8YnIgLz4K6IOM6Z2i77ya44Kq44O844OX44Oz44Od44Kx44OD44OIJnRpbWVzOzHjgIHjg5XjgqHjgrnjg4rjg7zjg53jgrHjg4Pjg4gmdGltZXM7MTwvZm9udD48L3RkPgo8L3RyPgo8dHI+Cjx0ZCB3aWR0aD0iMTUlIiBhbGlnbj0iY2VudGVyIj48Zm9udCBzaXplPSIyIj7jgrXjgqTjgrrvvIjntITvvIk8L2ZvbnQ+PC90ZD4KPHRkPjxmb250IHNpemU9IjIiPue4pjE5JnRpbWVzO+aoqjkuNSZ0aW1lczvljprjgZUzLjBjbTwvZm9udD48L3RkPgo8L3RyPgo8dHI+Cjx0ZCB3aWR0aD0iMTUlIiBhbGlnbj0iY2VudGVyIj48Zm9udCBzaXplPSIyIj7ph43jgZXvvIjntITvvIk8L2ZvbnQ+PC90ZD4KPHRkPjxmb250IHNpemU9IjIiPjE2MGc8L2ZvbnQ+PC90ZD4KPC90cj4KPHRyPgo8dGQgd2lkdGg9IjE1JSIgYWxpZ249ImNlbnRlciI+PGZvbnQgc2l6ZT0iMiI+44Kr44Op44O8PC9mb250PjwvdGQ+Cjx0ZD48Zm9udCBzaXplPSIyIj7jg5bjg6njg4Pjgq/jgIHjg5Tjg7Pjgq88L2ZvbnQ+PC90ZD4KPC90cj4KPHRyPgo8dGQgd2lkdGg9IjE1JSIgYWxpZ249ImNlbnRlciI+PGZvbnQgc2l6ZT0iMiI+5Y6f55Sj5Zu9PC9mb250PjwvdGQ+Cjx0ZD48Zm9udCBzaXplPSIyIj7jgqTjgr/jg6rjgqI8L2ZvbnQ+PC90ZD4KPC90cj4KPC90YWJsZT48YnI+Cjxicj4KPHRhYmxlIHdpZHRoPSI3MDAiIGJvcmRlcj0iMCIgY2VsbHNwYWNpbmc9IjAiIGNlbGxwYWRkaW5nPSIwIj4KICA8dHI+CiAgICA8dGQ+PGNlbnRlcj4KICAgICAgICA8YnI+CiAgICAgICAgPGEgaHJlZj0iaHR0cDovL2V2ZW50LnJha3V0ZW4uY28uanAvYXN1cmFrdS9hYm91dC8iIHRhcmdldD0iX2JsYW5rIj48aW1nIHNyYz0iaHR0cDovL2ltYWdlLnJha3V0ZW4uY28uanAvZ2xlbmNoZWNrL2NhYmluZXQvZnVyaWUvYXN1X25ld2Jhbm5lci5qcGciIHdpZHRoPSI2NzAiIGhlaWdodD0iMTIwIj48L2E+PGJyPgogICAgICAgIDxicj4KICAgICAgICDigLvmrKDlk4HkuK3jgoTlhaXojbfkuojlrprjga7jgoLjga7jga/jgYLjgZnmpb3lr77lv5zjgpLlj5fjgZHos5zjgovjgZPjgajjgYzjgafjgY3jgb7jgZvjgpPjga7jgafjgIE8YnI+CiAgICAgICAg44GU5LqG5om/44GE44Gf44Gg44GR44G+44GZ44KI44GG44GK6aGY44GE44GE44Gf44GX44G+44GZ44CCPGJyPgogICAgICAgIDxicj4KICAgICAgPC9jZW50ZXI+PC90ZD4KICA8L3RyPgo8L3RhYmxlPgoKPGJyPjxicj4KPCEtLeOBguOBmealveODkOODiuODvC0tPgogIDxpZnJhbWUgc3R5bGU9Im1hcmdpbi1ib3R0b206MjBweDsiIHNyYz0iaHR0cDovL3d3dy5yYWt1dGVuLm5lLmpwL2dvbGQvZ2xlbmNoZWNrL2l0bS9hc3Jibi9wY2l0ZW0vaXRlbV9hc2JuLmh0bWw/MyIgZnJhbWVib3JkZXI9IjAiIHdpZHRoPSI3MDAiIGhlaWdodD0iMTYxIiBzY3JvbGxpbmc9bm8+PC9pZnJhbWU+CjwhLS3jgYLjgZnmpb3jg5Djg4rjg7wgZW5kLS0+PGJyIC8+PGJyIC8+Cjxicj4KPGJyPjx0YWJsZSBib3JkZXI9IjAiIGNlbGxzcGFjaW5nPSIwIiBjZWxscGFkZGluZz0iMiI+Cjx0ciB2YWxpZ249InRvcCI+Cjx0ZCBub3dyYXA+44Ku44OV44OI5a++5b+cPC90ZD4KPHRkPgo8aW1nIHNyYz0iaHR0cDovL2ltYWdlLnJha3V0ZW4uY28uanAvZ2xlbmNoZWNrL2NhYmluZXQvZnVyaWUvcmFwLWljb24uZ2lmIiBhbHQ9IuODqeODg+ODlOODs+OCsOWvvuW/nCIgd2lkdGg9IjEwMCIKaGVpZ2h0PSIyMSIgaHNwYWNlPSIxIj4KPGltZyBzcmM9Imh0dHA6Ly9pbWFnZS5yYWt1dGVuLmNvLmpwL2dsZW5jaGVjay9jYWJpbmV0L2Z1cmllL3JhcC1zZW50YWt1LmdpZiIgYWx0PSLjg6njg4Pjg5Tjg7PjgrDpgbjmip7lj68iIHdpZHRoPSIxMDAiIGhlaWdodD0iMjEiIGhzcGFjZT0iMSI+CjxpbWcgc3JjPSJodHRwOi8vaW1hZ2UucmFrdXRlbi5jby5qcC9nbGVuY2hlY2svY2FiaW5ldC9mdXJpZS9yYXAtbWVzc2FnZS5naWYiIGFsdD0i44Oh44OD44K744O844K444Kr44O844OJIiB3aWR0aD0iMTAwIgpoZWlnaHQ9IjIxIiBoc3BhY2U9IjEiPgo8L3RkPgo8L3RyPgo8L3RhYmxlPgo8IS0tRnJlZSBzaGlwcGluZy0tPgo8YnI+CjxUQUJMRSBjZWxsUGFkZGluZz0iMTUiIHdpZHRoPSIzMjAiIGJvcmRlcj0iMSIgYm9yZGVyY29sb3I9IiMwMDAwMDAiPgo8VEJPRFk+CjxUUj48VEQgYWxpZ249ImNlbnRlciIgYmdjb2xvcj0iI0Y1RjVEQyI+5rW35aSW44Gu6YWN6YCB44Gr6Zai44GX44G+44GX44GmPC9URD48L1RSPgo8VFI+CjxURCBhbGlnbj0ibGVmdCIgYmdjb2xvcj0iI2ZmZmZmZiI+CjxGT05UIHNpemU9IjIiPgrjgIzpgIHmlpnnhKHmlpnjgI3jga7ooajoqJjjgYzjgYLjgovjgoLjga7jga/ml6XmnKzjga7lm73lhoXjga7phY3pgIHjgavplqLjgZfjgabjga7lr77lv5zjgajjgarjgorjgb7jgZnjgII8YnI+Cua1t+WklumFjemAgeOBq+mWouOBl+OBpuOBr+WIpemAlOmAgeaWmeOCkuiqsumHkeOBhOOBn+OBl+OBvuOBmeOBruOBp+i/veOBo+OBpuW6l+iIl+OCiOOCiumAo+e1oeOBhOOBn+OBl+OBvuOBmeOAgjxicj48YnI+CiJGcmVlIHNoaXBwaW5nIiBhcHBlYXJzIGluIHRoZSBhZHMgaXMgb25seSB2YWxpZCBmb3IgdGhlIGRvbWVzdGljIGRlbGl2ZXJ5IHdpdGhpbiBKYXBhbi48YnI+ClNoaXBwaW5nIGZlZSBtdXN0IGJlIGNoYXJnZWQgdG8gdGhlIGN1c3RvbWVycyB3aG8gd291bGQgbGlrZSB1cyB0byBzaGlwIHlvdXIgb3JkZXIgdG8gb3V0c2lkZSBvZiBKYXBhbi48YnI+Cjxicj4KUGxlYXNlIGNvbnRhY3QgdXMgb3IgdXNlIHRoZSBzaGlwcGluZyBmZWUgY2FsY3VsYXRvciBiZWxvdyBpZiB5b3Ugd291bGQgbGlrZSB0byBjb25maXJtIHlvdXIgc2hpcHBpbmcgZmVlLjxicj4KPC9GT05UPgo8L1REPgo8L1RSPgo8L1RCT0RZPgo8L1RBQkxFPjxicj4KPGltZyBzcmM9Imh0dHA6Ly9pbWFnZS5yYWt1dGVuLmNvLmpwL2dsZW5jaGVjay9jYWJpbmV0L2Jhbm5lci9yYWt1Ym5yLWNvbnZpbmkuanBnPzAiIGJvcmRlcj0iMCIgLz48YnIgLz48YnI+PGltZyBzcmM9Imh0dHA6Ly9pbWFnZS5yYWt1dGVuLmNvLmpwL2dsZW5jaGVjay9jYWJpbmV0L2Jhbm5lci9yYWt1Ym5yLXJldmlldy5qcGciIGJvcmRlcj0iMCIgLz48YnIgLz48c3R5bGUgdHlwZT0idGV4dC9jc3MiPgo8IS0tCgovKiDjg5fjg6vjg4Djgqbjg7MgKi8KI3Jha3V0ZW5MaW1pdGVkSWRfYXJvdW5kQ2FydCBzcGFuLmNob2ljZXtiYWNrZ3JvdW5kOnVybCgiaHR0cDovL2ltYWdlLnJha3V0ZW4uY28uanAvZ2xlbmNoZWNrL2NhYmluZXQvY2h1dWliYW5hcmNhcnQyLmdpZiIpIG5vLXJlcGVhdCAjZmZlOGJiO2JvcmRlcjoxcHggc29saWQgI2NjYztkaXNwbGF5OmJsb2NrO2ZvbnQtc2l6ZToxNHB4O2ZvbnQtd2VpZ2h0OmJvbGQ7bGluZS1oZWlnaHQ6MS4yZW07cGFkZGluZzo1cHggMCA1cHggMzNweDt0ZXh0LWFsaWduOmxlZnQ7bWFyZ2luLXRvcDoxMHB4O3dpZHRoOjMyMHB4O30vKiDjgr/jgqTjg4jjg6sgKi8KI3Jha3V0ZW5MaW1pdGVkSWRfYXJvdW5kQ2FydCBzZWxlY3R7Ym9yZGVyOjFweCBzb2xpZCAjOTg5ODk4O3dpZHRoOjM1NXB4O2hlaWdodDoyOHB4Oy8qbGluZS1oZWlnaHQ7MS4yZW07bWFyZ2luOjA7ZGlzcGxheTpibG9jaztwb3NpdGlvbjpyZWxhdGl2ZTtmb250LXNpemU6MTNweDsqL30vKiDpgbjmip7pg6jliIYgKi8KCjwhLS0gIOmgheebrumBuOaKnuiCouWIpeWcqOW6q+OBq+WHuuOCi+e0jeacn+OBruODh+OCtuOCpOODs+OAgOKGky0tPgoKdGQuaW52ZW50b3J5IGZvbnR7Zm9udC1zaXplOjEwcHg7Y29sb3I6I2Y4MDAwMDtsaW5lLWhlaWdodDogMS41O30KdGQuaW52ZW50b3J5e3dvcmQtd3JhcDpicmVhay13b3JkO3dpZHRoOjgwcHg7fQoKLyrpgbjmip7poIXnm67pg6jliIbjga7jg4bjg7zjg5bjg6vjgrvjg6vjga7kvZnnmb3vvIhwYWRkaW5n77yJ6Kit5a6aKi8KI3Jha3V0ZW5MaW1pdGVkSWRfYXJvdW5kQ2FydCAuaW52ZW50b3J5X2Nob2ljZV9uYW1le3BhZGRpbmc6N3B4ICFpbXBvcnRhbnQ7fQoKLyrpgbjmip7poIXnm67pg6jliIbjga7jg6njgrjjgqrjg5zjgr/jg7PjgpLlm7LjgaPjgabjgYTjgovjg4bjg7zjg5bjg6vjgrvjg6vjga7kvZnnmb3vvIhwYWRkaW5n77yJ6Kit5a6aKi8KI3Jha3V0ZW5MaW1pdGVkSWRfYXJvdW5kQ2FydCAuaW52ZW50b3J5e3BhZGRpbmc6N3B4ICFpbXBvcnRhbnQ7fQoKLyog6aCF55uu6YG45oqe6IKi5Yil44Gu44OG44O844OW44Or5YaF44Gu5Zyo5bqr6KGo56S6ICovCnRkLmludmVudG9yeSBmb250e2NvbG9yOiM1NTU7Zm9udC1zaXplOjEycHggIWltcG9ydGFudDtsaW5lLWhlaWdodDoxLjM7fQoKCnNwYW4uY2hvaWNlIHsgY29sb3I6ICMwMDA7IGZvbnQtc2l6ZTogMTIwJTt9CgpkaXYjSGVhZGVyS2V5d29yZCB7Cglwb3NpdGlvbjphYnNvbHV0ZTsKCXRvcDo1MHB4Oy8q5LiA55Wq5LiK44GL44KJ44Gu5L2N572uKi8KCWxlZnQ6MzBweDsvKuW3puerr+OBi+OCieOBruS9jee9riovCn0KCmRpdiNIZWFkZXJLZXl3b3JkIHNwYW4gewoJYmFja2dyb3VuZDogI2JmMDAwMDsKCWNvbG9yOiNmZmY7Cglmb250LXdlaWdodDpib2xkOwoJcGFkZGluZzoycHggNXB4Owp9CgpkaXYjSGVhZGVyS2V5d29yZCBhIHsKCWNvbG9yOiMwMDQ0Q0M7Cn0KCi0tPgoKPC9zdHlsZT4KCgo8ZGl2IGlkPSJIZWFkZXJLZXl3b3JkIj4KPHNwYW4+5rOo55uu44Gu44Kt44O844Ov44O844OJPC9zcGFuPgrjgJDjg5Pjgrjjg43jgrnjg57jg7Plv4XmkLrlkI3liLrlhaXjgozvvIHjgJEK44CQ5Lq65rCX5LiK5piH44Gu6ZW36LKh5biD44CRCuOAkOWls+WtkOOBq+S6uuawl2thbm1pLuOAkQo8L2Rpdj4KCjwhLS1Hb1FTeXN0ZW3jg6njg7Pjgq3jg7PjgrDoh6rli5Xmm7TmlrDjg4Tjg7zjg6vjg6/jgqTjg4ktLT4KPHRhYmxlIGFsaWduPSJjZW50ZXIiIHdpZHRoPSI2MDAiIGJvcmRlcj0iMCIgY2VsbHBhZGRpbmc9IjAiIGNlbGxzcGFjaW5nPSIwIiBiZ2NvbG9yPSIjRkZGRkZGIiBzdHlsZT0ibGluZS1oZWlnaHQ6MDsiPgo8dHI+Cjx0ZD4KPHRhYmxlIGFsaWduPSJjZW50ZXIiIHdpZHRoPSI2MDAiIGJvcmRlcj0iMCIgY2VsbHBhZGRpbmc9IjAiIGNlbGxzcGFjaW5nPSIwIiBiZ2NvbG9yPSIjRkZGRkZGIj4KPHRyPgo8dGQgYWxpZ249ImNlbnRlciIgdmFsaWduPSJib3R0b20iIGJnY29sb3I9IiNjY2NjY2MiPjxpbWcgc3JjPSJodHRwczovL3d3dy5yYWt1dGVuLm5lLmpwL2dvbGQvZ2xlbmNoZWNrL2dvcXN5c3RlbS82MDByYW5raW5ndGl0ZWwuZ2lmIiB3aWR0aD0iNjAwIiAvPjwvdGQ+CjwvdHI+CjwvdGFibGU+Cjx0YWJsZSBhbGlnbj0iY2VudGVyIiB3aWR0aD0iNTk2IiBib3JkZXI9IjAiIGNlbGxwYWRkaW5nPSIwIiBjZWxsc3BhY2luZz0iMCIgYmdjb2xvcj0iI0NDQ0NDQyIgc3R5bGU9ImJvcmRlci1sZWZ0OnNvbGlkO2JvcmRlci1sZWZ0LXdpZHRoOjFweDtib3JkZXItcmlnaHQ6c29saWQ7Ym9yZGVyLXJpZ2h0LXdpZHRoOjFweDtib3JkZXItYm90dG9tOnNvbGlkO2JvcmRlci1ib3R0b20td2lkdGg6MXB4O2JvcmRlci1jb2xvcjojQ0NDQ0NDOyI+Cjx0cj4KPHRkIGFsaWduPSJjZW50ZXIiIGJnY29sb3I9IiNGRkZGRkYiPgo8ZGl2IGNsYXNzPSJpZnJtLWNvbnRhaW5lciIgc3R5bGU9IndpZHRoOjU5OHB4O2hlaWdodDo0NjBweDtvdmVyZmxvdzphdXRvOy13ZWJraXQtb3ZlcmZsb3ctc2Nyb2xsaW5nOnRvdWNoOyI+Cgo8L2Rpdj4KPC90ZD4KPC90cj4KPHRyPgo8dGQgYWxpZ249InJpZ2h0IiBiZ2NvbG9yPSIjRkZGRkZGIiBzdHlsZT0icGFkZGluZzoycHg7Ij4KPGltZyBzcmM9Imh0dHBzOi8vd3d3LnJha3V0ZW4ubmUuanAvZ29sZC9nbGVuY2hlY2svZ29xc3lzdGVtL3Bvd2VyZWRfYnlfYmFubmVyLmdpZiIgd2lkdGg9IjEyNSIgLz4KPC90ZD4KPC90cj4KPC90YWJsZT4KPC90ZD4KPC90cj4KPC90YWJsZT4KPCEtLUdvUVN5c3RlbeODqeODs+OCreODs+OCsOiHquWLleabtOaWsOODhOODvOODq+ODr+OCpOODiS0tPgo8YnI+Cgo8IS0t4pa85YWx6YCa6Kqs5piO5paH77yI5aSn77yJLS0+Cjx0YWJsZSBib3JkZXI9IjAiIGNlbGxwYWRkaW5nPSIwIiBjZWxsc3BhY2luZz0iMCIgd2lkdGg9IjcwMCI+Cjx0Ym9keT48dHI+Cjx0ZCB2YWxpZ249InRvcCI+Cgo8IS0t44OH44K244Kk44Oz6Kit5a6a77ya5YWx6YCa6Kqs5piO5paH77yI5aSn77yJ5LiK6YOoLS0+Cgo8IS0t44OH44K244Kk44Oz6Kit5a6a77ya5YWx6YCa6Kqs5piO5paH77yI5aSn77yJ5LiK6YOoLS0+Cgo8L3RkPjwvdHI+CjwvdGJvZHk+PC90YWJsZT4KPCEtLeKWsuWFsemAmuiqrOaYjuaWh++8iOWkp++8ieOBk+OBk+OBvuOBpy0tPgo8YnI+CjwhLS3ilrzjgqrjgrnjgrnjg6Hjgr/jgqTjg4jjg6vnlLvlg48tLT4KPFRBQkxFIGNlbGxTcGFjaW5nPTAgY2VsbFBhZGRpbmc9MCB3aWR0aD03MDAgYm9yZGVyPTA+CjxUUj4KPFREIGJhY2tncm91bmQ9aHR0cDovL2ltYWdlLnJha3V0ZW4uY28uanAvZ2xlbmNoZWNrL2NhYmluZXQvZnVyaWUvMWJhbi1uZXIuanBnIGhlaWdodD0zMD4KPCEtLeKWvOOCq+ODqeODvOOCv+OCpOODiOODqy0tPjxmb250IGNvbG9yPUZGRkZGRiBzaXplPSI0IiA+PGI+44CA44CA44CA44CA44CA44CA44CA44CA44Kw44Os44Oz44OB44Kn44OD44Kv44K544K/44OD44OV44Gu44Kq44K544K544Oh44Ki44Kk44OG44Og44Gv44GT44Gh44KJ77yBIDwvYj48L2ZvbnQ+CjwvVEQ+PC9UUj48L1RBQkxFPgoKPCEtLeKWvOOCquOCueOCueODoeOCouOCpOODhuODoC0tPgo8dGFibGUgYm9yZGVyPSIwIiBjZWxscGFkZGluZz0iMCIgY2VsbHNwYWNpbmc9IjAiIHdpZHRoPSI3MDAiPgo8dGJvZHk+PHRyPgo8dGQgdmFsaWduPSJ0b3AiPgoKPCEtLeODh+OCtuOCpOODs+ioreWumu+8muWFsemAmuiqrOaYjuaWh++8iOWkp++8ieS4i+mDqC0tPgoKPCEtLeODh+OCtuOCpOODs+ioreWumu+8muWFsemAmuiqrOaYjuaWh++8iOWkp++8ieS4i+mDqC0tPgoKPC90ZD48L3RyPgkKPC90Ym9keT48L3RhYmxlPgoKCjwhLS3ilrLjgYrjgZnjgZnjgoHjgZPjgZPjgb7jgactLT4KPGJyPg==,W+mAgeaWmeeEoeaWmV3jgqTjgr/jg6rjgqLoo73oirHmn4Tjg6zjgrbjg7zjgqbjgqnjg6zjg4Pjg4hb44Kv44Oq44K544Oe44K5IOOCruODleODiOODqeODg+ODlOODs+OCsCDjgq7jg5Xjg4gg44OW44Op44OD44KvIOmVt+iyoeW4gyDpnanosqHluIMg55qu6LKh5biDIOODrOOCtuODvOiyoeW4gyDmnKznmq7osqHluIMg44GK44GX44KD44KMIOODrOOCtuODvCDpnakg44GV44GE44G1IOOCteOCpOODlSDjg6zjg4fjgqPjg7zjgrkg6buSIOODlOODs+OCryDjgq/jg6rjgrnjg57jgrnjg5fjg6zjgrzjg7Pjg4gg44Kr44O844OJ5YWl44KMXSDjgrDjg6zjg7Pjg5XjgqPjg7zjg6vjg4nvvJrosqHluIPjgJDlkI3lhaXjgoznhKHmlpnjgJHjgrDjg6zjg7Pjg4Hjgqfjg4Pjgq8=,5ZCN5YWl44KM6LKh5biD44OP44Oq44K544OE44Kk44O844OJ44OW44Op44Kk44OJ44Or44Os44K244O844OR44OK44Oe44OP44OD44OI44OW44Oq44OG44Kj44OD44K344Ol44Kw44Oq44O844OzYnJpdGlzaCBncmVlbuOCu+ODieOCpuOCo+ODg+OCr1NFREdXSUNL44OT44K444ON44K544Kz44O844OJ44OQ44Oz55S36Iux5Zu9546L5a6k5b6h55So6YGU44K144K544Oa44Oz44OA44O85pys6Z2p44Os44K244O844Km44Kp44Os44OD44OI5LqM44Gk5oqY44KK44Kw44Os44Oz44OB44Kn44OD44KvR0xFTkNIRUNL5ZCN5Yi65YWl44KMW+mAgeaWmeeEoeaWmV3jgqTjgr/jg6rjgqLoo73oirHmn4Tjg6zjgrbjg7zjgqbjgqnjg6zjg4Pjg4hb44Kv44Oq44K544Oe44K5IOOCruODleODiOODqeODg+ODlOODs+OCsCDjgq7jg5Xjg4gg44OW44Op44OD44KvIOmVt+iyoeW4gyDpnanosqHluIMg55qu6LKh5biDIOODrOOCtuODvOiyoeW4gyDmnKznmq7osqHluIMg44GK44GX44KD44KMIOODrOOCtuODvCDpnakg44GV44GE44G1IOOCteOCpOODlSDjg6zjg4fjgqPjg7zjgrkg6buSIOODlOODs+OCryDjgq/jg6rjgrnjg57jgrnjg5fjg6zjgrzjg7Pjg4gg44Kr44O844OJ5YWl44KMXSDjgrDjg6zjg7Pjg5XjgqPjg7zjg6vjg4k=,44Kk44K/44Oq44Ki44GL44KJ5bGK44GE44Gf44Ko44Os44Ks44Oz44OI44Gq6Iqx5p+E44Km44Kp44Os44OD44OI44CQcG9pMTDjgJHjgIJb6YCB5paZ54Sh5paZXeOCpOOCv+ODquOCouijveiKseafhOODrOOCtuODvOOCpuOCqeODrOODg+ODiFvjgq/jg6rjgrnjg57jgrkg44Ku44OV44OI44Op44OD44OU44Oz44KwIOOCruODleODiCDjg5bjg6njg4Pjgq8g6ZW36LKh5biDIOmdqeiyoeW4gyDnmq7osqHluIMg44Os44K244O86LKh5biDIOacrOearuiyoeW4gyDjgYrjgZfjgoPjgowg44Os44K244O8IOmdqSDjgZXjgYTjgbUg44K144Kk44OVIOODrOODh+OCo+ODvOOCuSDpu5Ig44OU44Oz44KvIOOCr+ODquOCueODnuOCueODl+ODrOOCvOODs+ODiCDjgqvjg7zjg4nlhaXjgoxdIOOCsOODrOODs+ODleOCo+ODvOODq+ODiQ==[rn]
39-76469,aHR0cDovL3RzaG9wLnIxMHMuanAvZ2xlbmNoZWNrL2NhYmluZXQvc2hvaGluNS8xMDY5NTM1NF8wMS5qcGc/Zml0aW49NzAwOjcwMA==,OTUwNC4wMDAw,,44OQ44OD44Kw44O75bCP54mp44O744OW44Op44Oz44OJ6ZuR6LKoID4g6LKh5biD44O744Kx44O844K5ID4g44Os44OH44Kj44O844K56LKh5biD,44CQS2FubWkuL+OCq+ODs+ODn+OAkSDjg4njg63jg4Pjg5fjg4Tjg6rjg7zmnKjnjonjgYzjgb7lj6Mg44Ot44Oz44Kw44Km44Kp44Os44OD44OI44CQ6YCB5paZ54Sh5paZ44CR44CQ6ZW36LKh5biDL+mVt+acreiyoeW4g+OAkVvjgYvjgpPjgb8g5q+N44Gu5pel44Ku44OV44OIIOOCr+ODquOCueODnuOCuSDjgq7jg5Xjg4gg44Os44OH44Kj44O844K5IOW9vOWlsyDmnKzpnakg44Os44K244O8IOOBjOOBvuWPoyDosqHluIMg44Ot44Oz44Kw44Km44Kp44Os44OD44OIIOmVt+OCteOCpOODlSDjg6zjg4fjgqPjg7zjgrnosqHluIMg6KqV55Sf5pelIOOCr+ODquOCueODnuOCuSBdIOOCsOODrOODs+ODleOCo+ODvOODq+ODiQ==,44G944GL44G944GL6aKo44Gr44G+44KT44G+44KL5pyo546J44CC,PGEgaHJlZj0iaHR0cDovL3d3dy5yYWt1dGVuLm5lLmpwL2dvbGQva2FubWkvIiB0YXJnZXQ9Il9ibGFuayI+PGltZyBzcmM9Imh0dHA6Ly9pbWFnZS5yYWt1dGVuLmNvLmpwL2dsZW5jaGVjay9jYWJpbmV0L3Rva3VzeXU0L2thbm1pc2hvcC03MDBibnIuanBnIiB3aWR0aD0iNzAwIiBoZWlnaHQ9IjEwMCIgYm9yZGVyPSIwIiAvPjwvYT48YnIgLz48YnIgLz48Zm9udCBzaXplPSIyIj48Yj7jg4njg63jg4Pjg5fjg4Tjg6rjg7zmnKjnjonjgqzjg57jgrDjg4Hjg63jg7PjgrDjgqbjgqnjg6zjg4Pjg4jjgJAgS2FubWkuIOOAkTwvYj48L2ZvbnQ+PGJyPgo8aW1nIHNyYz0iaHR0cDovL2ltYWdlLnJha3V0ZW4uY28uanAvZ2xlbmNoZWNrL2NhYmluZXQvZG90bGluZS5naWYiPjxicj4KCjxpbWcgc3JjPSJodHRwOi8vaW1hZ2UucmFrdXRlbi5jby5qcC9nbGVuY2hlY2svY2FiaW5ldC9zaG9oaW40LzEwNjk1MzU0LWsxLmpwZyIgYWx0PSIiIHdpZHRoPSI3MDAiIGhlaWdodD0iNzAwIj48YnI+CjxpbWcgc3JjPSJodHRwOi8vaW1hZ2UucmFrdXRlbi5jby5qcC9nbGVuY2hlY2svY2FiaW5ldC9zaG9oaW41LzEwNjk1MzU0XzA0LmpwZyIgYWx0PSJLYW5taS7jg4njg63jg4Pjg5fjg4Tjg6rjg7zmnKjnjonjgqzjg57lj6Pjg63jg7PjgrDjgqbjgqnjg6zjg4Pjg4gg44G944GL44G944GL6aKo44Gr44G+44KT44G+44KL5pyo546JIiBib3JkZXI9IjAiPjxicj48YnI+Cgo8IS0t4pa844OH44Kj44OG44O844OrLS0+CjxwPjxpbWcgc3JjPSJodHRwOi8vaW1hZ2UucmFrdXRlbi5jby5qcC9nbGVuY2hlY2svY2FiaW5ldC9zaG9oaW4wMi9rYW5taWJhcl9kZXRhaWwuanBnIiB3aWR0aD0iNzAwIj48YnI+CjxpbWcgc3JjPSJodHRwOi8vaW1hZ2UucmFrdXRlbi5jby5qcC9nbGVuY2hlY2svY2FiaW5ldC9zaG9oaW41LzEwNjk1MzU0XzA1LmpwZyIgYWx0PSJLYW5taS7jg4njg63jg4Pjg5fjg4Tjg6rjg7zmnKjnjonjgqzjg57lj6Pjg63jg7PjgrDjgqbjgqnjg6zjg4Pjg4gg5oCd44KP44Ga5Ye644GL44GR44Gf44GP44Gq44KLIOOBveOBi+OBveOBi+miqOOBq+OBvuOCk+OBvuOCi+acqOeOieOAguOBteOCj+OBo+OBqOOBl+OBn+mdqeOBjOOBi+OCjeOChOOBi+OBquawl+aMgeOBoeOBq+OBl+OBpuOBj+OCjOOCi+OAguS7leWIh+OCiuOBruODneOCseODg+ODiOOBjOOBhOOBo+OBseOBhOOAgeWPjue0jeWKm+ODkOODhOOCsOODsyI+PGJyPgo8aW1nIHNyYz0iaHR0cDovL2ltYWdlLnJha3V0ZW4uY28uanAvZ2xlbmNoZWNrL2NhYmluZXQvc2hvaGluNS8xMDY5NTM1NF8wNi5qcGciIGFsdD0iS2FubWku44OJ44Ot44OD44OX44OE44Oq44O85pyo546J44Ks44Oe5Y+j44Ot44Oz44Kw44Km44Kp44Os44OD44OIICDjg4njg63jg4Pjg5fjg4Tjg6rjg7zjga7lnovmirzjgZfjgajnmb3mnKjjga7nlZnjgoHlhbfjgYzjg53jgqTjg7Pjg4jjgafjgZnjgIIiPjxiciAvPgo8aW1nIHNyYz0iaHR0cDovL2ltYWdlLnJha3V0ZW4uY28uanAvZ2xlbmNoZWNrL2NhYmluZXQvc2hvaGluNS8xMDY5NTM1NF8wNy5qcGciIC8+PC9wPjxiciAvPgoKPCEtLeKWvOODnuODhuODquOCouODqy0tPgo8cD48aW1nIHNyYz0iaHR0cDovL2ltYWdlLnJha3V0ZW4uY28uanAvZ2xlbmNoZWNrL2NhYmluZXQvc2hvaGluMDIva2FubWliYXJfbWF0ZXJpYWwuanBnIiB3aWR0aD0iNzAwIiAvPjxiciAvPgo8aW1nIHNyYz0iaHR0cDovL2ltYWdlLnJha3V0ZW4uY28uanAvZ2xlbmNoZWNrL2NhYmluZXQvc2hvaGluNS9raWRhbWFfc2VyaWVzMS5qcGciIC8+PC9wPjxiciAvPgoKPCEtLeKWvOOCq+ODqeODvC0tPgo8cD48aW1nIHNyYz0iaHR0cDovL2ltYWdlLnJha3V0ZW4uY28uanAvZ2xlbmNoZWNrL2NhYmluZXQvc2hvaGluMDIva2FubWliYXJfY29sb3IuanBnIj48YnI+CjxpbWcgc3JjPSJodHRwOi8vaW1hZ2UucmFrdXRlbi5jby5qcC9nbGVuY2hlY2svY2FiaW5ldC9zaG9oaW41LzEwNjk1MzU0XzA4LmpwZyIgYWx0PSJLYW5taS7jg4njg63jg4Pjg5fjg4Tjg6rjg7zmnKjnjonjgqzjg57lj6Pjg63jg7PjgrDjgqbjgqnjg6zjg4Pjg4gg44Kr44Op44O844OQ44Oq44KoIj48L3A+CgoKCjwhLS3ilrzjgrnjg5rjg4Pjgq8tLT4KPHA+PGltZyBzcmM9Imh0dHA6Ly9pbWFnZS5yYWt1dGVuLmNvLmpwL2dsZW5jaGVjay9jYWJpbmV0L3Nob2hpbjAyL2thbm1pYmFyX3NwZWMuanBnIj48YnI+CjxpbWcgc3JjPSJodHRwOi8vaW1hZ2UucmFrdXRlbi5jby5qcC9nbGVuY2hlY2svY2FiaW5ldC9zaG9oaW41LzEwNjk1MzU0XzA5LmpwZyIgYWx0PSJLYW5taS7jg4njg63jg4Pjg5fjg4Tjg6rjg7zmnKjnjonjgqzjg57lj6Pjg63jg7PjgrDjgqbjgqnjg6zjg4Pjg4gg44K144Kk44K6L+OCueODmuODg+OCryI+PC9wPgoKCjwhLS3ilrzjg5bjg6njg7Pjg4njgZPjgZPjgYvjgoktLT4KPHA+PGltZyBzcmM9Imh0dHA6Ly9pbWFnZS5yYWt1dGVuLmNvLmpwL2dsZW5jaGVjay9jYWJpbmV0L3Nob2hpbjAyL2thbm1pYmFyX2JyYW5kLmpwZyIgd2lkdGg9IjcwMCI+PGJyPgo8aW1nIHNyYz0iaHR0cDovL2ltYWdlLnJha3V0ZW4uY28uanAvZ2xlbmNoZWNrL2NhYmluZXQvc2hvaGluMDIvYnJhbmRrYW5taV8wMS5qcGciPjxicj4KPGltZyBzcmM9Imh0dHA6Ly9pbWFnZS5yYWt1dGVuLmNvLmpwL2dsZW5jaGVjay9jYWJpbmV0L2thbm1pL2JyYW5ka2FubWlfMDJyZS5qcGciPjwvcD48YnI+Cgo8IS0t4pa844K344Oq44O844K644Oq44Oz44KvLS0+CjxwPjxpbWcgc3JjPSJodHRwOi8vaW1hZ2UucmFrdXRlbi5jby5qcC9nbGVuY2hlY2svY2FiaW5ldC9zaG9oaW41L2tpZGFtYV9zZXJlaXMyLmpwZyIgYm9yZGVyPSIwIiB1c2VtYXA9IiNNYXAiIC8+CjxtYXAgbmFtZT0iTWFwIiBpZD0iTWFwIj4KPGFyZWEgc2hhcGU9InBvbHkiIGNvb3Jkcz0iNDk4LDk2LDQ3Nyw5OCw0NjYsMTIzLDQzMSwxMzgsNDE4LDE4OSw0MzgsMjM3LDQ2NCwyNDQsNTUyLDI0Myw1NjYsMTczLDUzMywxMjkiIGhyZWY9Imh0dHA6Ly9pdGVtLnJha3V0ZW4uY28uanAvZ2xlbmNoZWNrLzk1MzUxcy8iIC8+CjxhcmVhIHNoYXBlPSJwb2x5IiBjb29yZHM9IjM1NywxMjgsMzMwLDEzMCwzMjIsMTUwLDMwMCwxNjEsMjk2LDIwNSwyODQsMjE0LDI4NCwyMjMsNDEyLDIyNSwzOTUsMTY1IiBocmVmPSJodHRwOi8vaXRlbS5yYWt1dGVuLmNvLmpwL2dsZW5jaGVjay8xMDY5Nzk3Ni8iIC8+CjxhcmVhIHNoYXBlPSJwb2x5IiBjb29yZHM9IjE3NCw5NSwxMzgsOTUsNTIsMTM2LDM0LDIwNiw5OCwyNDYsMjM4LDI0NSwyNzYsMTkwLDI1MSwxMjgiIGhyZWY9Imh0dHA6Ly9pdGVtLnJha3V0ZW4uY28uanAvZ2xlbmNoZWNrLzEwNjk1MzU0LyIgLz4KPGFyZWEgc2hhcGU9InBvbHkiIGNvb3Jkcz0iMTcwLDI1NiIgaHJlZj0iIyIgLz4KPGFyZWEgc2hhcGU9InJlY3QiIGNvb3Jkcz0iNDUsMjUxLDI1Nyw0MzIiIGhyZWY9Imh0dHA6Ly9pdGVtLnJha3V0ZW4uY28uanAvZ2xlbmNoZWNrLzEwNjk3OTc1LyIgLz4KPGFyZWEgc2hhcGU9InJlY3QiIGNvb3Jkcz0iMjgwLDI3MSw0MjksNDE5IiBocmVmPSJodHRwOi8vaXRlbS5yYWt1dGVuLmNvLmpwL2dsZW5jaGVjay8xMDY5NTM1Mi8iIC8+CjxhcmVhIHNoYXBlPSJwb2x5IiBjb29yZHM9IjUyOCwyNTAsNDk1LDI1MCw0ODMsMjcxLDQ1NSwzMTAsNDY5LDQ1MCw2MDAsNDUwLDYwNywzMzAsNjMzLDY5LDU2Myw3MCw1NzIsMjE1LDU3MSwyNTEiIGhyZWY9Imh0dHA6Ly9pdGVtLnJha3V0ZW4uY28uanAvZ2xlbmNoZWNrLzEwNjk3OTc3LyIgLz4KPC9tYXA+CjwvcD4KPGJyIC8+CgoKPCEtLeKWvOijveWTgeaDheWgseOBk+OBk+OBi+OCiS0tPgo8aW1nIHNyYz0iaHR0cDovL2ltYWdlLnJha3V0ZW4uY28uanAvZ2xlbmNoZWNrL2NhYmluZXQvc2hvaGluMDIva2FubWliYXJfcHJvZHVjdC5qcGciIGFsdD0i6KO95ZOB5oOF5aCxIj48YnI+Cjx0YWJsZSBib3JkZXI9IjEiIGJvcmRlcmNvbG9yPSIjYWFhYWFhIiBjZWxscGFkZGluZz0iNSIgY2VsbHNwYWNpbmc9IjAiIHdpZHRoPSI3MDAiPgo8dGJvZHk+PHRyPgo8dGQgYWxpZ249ImNlbnRlciIgd2lkdGg9IjE1JSI+PGZvbnQgc2l6ZT0iMiI+5ZWG5ZOB5ZCNPC9mb250PjwvdGQ+Cjx0ZD48Zm9udCBzaXplPSIyIj7jg4njg63jg4Pjg5fjg4Tjg6rjg7zmnKjnjonjgqzjg57jgrDjg4Hjg63jg7PjgrDjgqbjgqnjg6zjg4Pjg4g8L2ZvbnQ+PC90ZD4KPC90cj4KPHRyPgo8dGQgYWxpZ249ImNlbnRlciIgd2lkdGg9IjE1JSI+PGZvbnQgc2l6ZT0iMiI+5ZWG5ZOB6Kmz57SwPC9mb250PjwvdGQ+Cjx0ZD48Zm9udCBzaXplPSIyIj7mgJ3jgo/jgZrjg4/jg4Pjgajlh7rjgYvjgZHjgZ/jgY/jgarjgovjgILjgb3jgYvjgb3jgYvpoqjjgavjgb7jgpPjgb7jgovmnKjnjonjgILjgbXjgo/jgaPjgajjgZfjgZ/pnanjgYzjgYvjgo3jgoTjgYvjgarmsJfmjIHjgaHjgavjgZfjgabjgY/jgozjgovjgILmnKjoo73jga7nlZnjgoHjgYzjg53jgqTjg7Pjg4jjga7mnKjnjonjgqzjg57jgrDjg4Hjg63jg7PjgrDjgqbjgqnjg6zjg4Pjg4g8L2ZvbnQ+PC90ZD4KPC90cj4KPHRyPgo8dGQgYWxpZ249ImNlbnRlciIgd2lkdGg9IjE1JSI+PGZvbnQgc2l6ZT0iMiI+57Sg5p2QPC9mb250PjwvdGQ+Cjx0ZD48Zm9udCBzaXplPSIyIj7niZvpnak8L2ZvbnQ+PC90ZD4KPC90cj4KPHRyPgo8dGQgYWxpZ249ImNlbnRlciIgd2lkdGg9IjE1JSI+PGZvbnQgc2l6ZT0iMiI+44Kr44Op44O8PC9mb250PjwvdGQ+Cjx0ZD48Zm9udCBzaXplPSIyIj7jg6zjg4Pjg4njgIHjg4Hjg6fjgrPjgIHjg4rjg4Hjg6Xjg6njg6vjgIHjgrDjg6rjg7zjg7M8L2ZvbnQ+PC90ZD4KPC90cj4KPHRyPgo8dGQgYWxpZ249ImNlbnRlciIgd2lkdGg9IjE1JSI+PGZvbnQgc2l6ZT0iMiI+44K144Kk44K6PC9mb250PjwvdGQ+Cjx0ZD48Zm9udCBzaXplPSIyIj7vvIjntITvvInluYUyMy41Y23Dl+mrmOOBlTExLjVjbeOAgeWPo+mHkeW5hSAyMWNtPC9mb250PjwvdGQ+PC90cj48dHI+Cjx0ZCBhbGlnbj0iY2VudGVyIiB3aWR0aD0iMTUlIj48Zm9udCBzaXplPSIyIj7oo73pgKA8L2ZvbnQ+PC90ZD4KPHRkPjxmb250IHNpemU9IjIiPuaXpeacrDwvZm9udD48L3RkPgo8L3RyPjwvdGJvZHk+PC90YWJsZT4KCjxQPjxmb250IHNpemU9IjEiPuKAu+ODouODi+OCv+ODvOOChOeSsOWig+OBq+OCiOOBo+OBpuOAgeWun+mam+OBruiJsuODu+izquaEn+OBquOBqeeVsOOBquOCi+WgtOWQiOOBjOOBlOOBluOBhOOBvuOBmeOAguOBlOS6huaJv+OBj+OBoOOBleOBhDwvZm9udD48L3A+Cjxmb250IHNpemU9IjQiIGNvbG9yPSIjRkYwMDAwIj48Yj7igLvjgZTphY3pgIHjgavjgIHjgZTms6jmlofjgYvjgonmlbDml6XjgYvjgYvjgovloLTlkIjjgYzjgZTjgZbjgYTjgb7jgZnjgILjgZTkuobmib/jgY/jgaDjgZXjgYTjgII8L2I+PC9mb250Pjxicj48YnI+CjwhLS3jgYLjgZnmpb3jg5Djg4rjg7wtLT4KICA8aWZyYW1lIHN0eWxlPSJtYXJnaW4tYm90dG9tOjIwcHg7IiBzcmM9Imh0dHA6Ly93d3cucmFrdXRlbi5uZS5qcC9nb2xkL2dsZW5jaGVjay9pdG0vYXNyYm4vcGNpdGVtL2l0ZW1fYXNibi5odG1sPzMiIGZyYW1lYm9yZGVyPSIwIiB3aWR0aD0iNzAwIiBoZWlnaHQ9IjE2MSIgc2Nyb2xsaW5nPW5vPjwvaWZyYW1lPgo8IS0t44GC44GZ5qW944OQ44OK44O8IGVuZC0tPjxicj4KPGJyPjxicj4KPGltZyBzcmM9Imh0dHA6Ly9pbWFnZS5yYWt1dGVuLmNvLmpwL2dsZW5jaGVjay9jYWJpbmV0L2Jhbm5lci9yYWt1Ym5yLWNvbnZpbmkuanBnPzAiIGJvcmRlcj0iMCIgLz48YnIgLz48YnI+PGltZyBzcmM9Imh0dHA6Ly9pbWFnZS5yYWt1dGVuLmNvLmpwL2dsZW5jaGVjay9jYWJpbmV0L2Jhbm5lci9yYWt1Ym5yLXJldmlldy5qcGciIGJvcmRlcj0iMCIgLz48YnIgLz48c3R5bGUgdHlwZT0idGV4dC9jc3MiPgo8IS0tCgovKiDjg5fjg6vjg4Djgqbjg7MgKi8KI3Jha3V0ZW5MaW1pdGVkSWRfYXJvdW5kQ2FydCBzcGFuLmNob2ljZXtiYWNrZ3JvdW5kOnVybCgiaHR0cDovL2ltYWdlLnJha3V0ZW4uY28uanAvZ2xlbmNoZWNrL2NhYmluZXQvY2h1dWliYW5hcmNhcnQyLmdpZiIpIG5vLXJlcGVhdCAjZmZlOGJiO2JvcmRlcjoxcHggc29saWQgI2NjYztkaXNwbGF5OmJsb2NrO2ZvbnQtc2l6ZToxNHB4O2ZvbnQtd2VpZ2h0OmJvbGQ7bGluZS1oZWlnaHQ6MS4yZW07cGFkZGluZzo1cHggMCA1cHggMzNweDt0ZXh0LWFsaWduOmxlZnQ7bWFyZ2luLXRvcDoxMHB4O3dpZHRoOjMyMHB4O30vKiDjgr/jgqTjg4jjg6sgKi8KI3Jha3V0ZW5MaW1pdGVkSWRfYXJvdW5kQ2FydCBzZWxlY3R7Ym9yZGVyOjFweCBzb2xpZCAjOTg5ODk4O3dpZHRoOjM1NXB4O2hlaWdodDoyOHB4Oy8qbGluZS1oZWlnaHQ7MS4yZW07bWFyZ2luOjA7ZGlzcGxheTpibG9jaztwb3NpdGlvbjpyZWxhdGl2ZTtmb250LXNpemU6MTNweDsqL30vKiDpgbjmip7pg6jliIYgKi8KCjwhLS0gIOmgheebrumBuOaKnuiCouWIpeWcqOW6q+OBq+WHuuOCi+e0jeacn+OBruODh+OCtuOCpOODs+OAgOKGky0tPgoKdGQuaW52ZW50b3J5IGZvbnR7Zm9udC1zaXplOjEwcHg7Y29sb3I6I2Y4MDAwMDtsaW5lLWhlaWdodDogMS41O30KdGQuaW52ZW50b3J5e3dvcmQtd3JhcDpicmVhay13b3JkO3dpZHRoOjgwcHg7fQoKLyrpgbjmip7poIXnm67pg6jliIbjga7jg4bjg7zjg5bjg6vjgrvjg6vjga7kvZnnmb3vvIhwYWRkaW5n77yJ6Kit5a6aKi8KI3Jha3V0ZW5MaW1pdGVkSWRfYXJvdW5kQ2FydCAuaW52ZW50b3J5X2Nob2ljZV9uYW1le3BhZGRpbmc6N3B4ICFpbXBvcnRhbnQ7fQoKLyrpgbjmip7poIXnm67pg6jliIbjga7jg6njgrjjgqrjg5zjgr/jg7PjgpLlm7LjgaPjgabjgYTjgovjg4bjg7zjg5bjg6vjgrvjg6vjga7kvZnnmb3vvIhwYWRkaW5n77yJ6Kit5a6aKi8KI3Jha3V0ZW5MaW1pdGVkSWRfYXJvdW5kQ2FydCAuaW52ZW50b3J5e3BhZGRpbmc6N3B4ICFpbXBvcnRhbnQ7fQoKLyog6aCF55uu6YG45oqe6IKi5Yil44Gu44OG44O844OW44Or5YaF44Gu5Zyo5bqr6KGo56S6ICovCnRkLmludmVudG9yeSBmb250e2NvbG9yOiM1NTU7Zm9udC1zaXplOjEycHggIWltcG9ydGFudDtsaW5lLWhlaWdodDoxLjM7fQoKCnNwYW4uY2hvaWNlIHsgY29sb3I6ICMwMDA7IGZvbnQtc2l6ZTogMTIwJTt9CgpkaXYjSGVhZGVyS2V5d29yZCB7Cglwb3NpdGlvbjphYnNvbHV0ZTsKCXRvcDo1MHB4Oy8q5LiA55Wq5LiK44GL44KJ44Gu5L2N572uKi8KCWxlZnQ6MzBweDsvKuW3puerr+OBi+OCieOBruS9jee9riovCn0KCmRpdiNIZWFkZXJLZXl3b3JkIHNwYW4gewoJYmFja2dyb3VuZDogI2JmMDAwMDsKCWNvbG9yOiNmZmY7Cglmb250LXdlaWdodDpib2xkOwoJcGFkZGluZzoycHggNXB4Owp9CgpkaXYjSGVhZGVyS2V5d29yZCBhIHsKCWNvbG9yOiMwMDQ0Q0M7Cn0KCi0tPgoKPC9zdHlsZT4KCgo8ZGl2IGlkPSJIZWFkZXJLZXl3b3JkIj4KPHNwYW4+5rOo55uu44Gu44Kt44O844Ov44O844OJPC9zcGFuPgrjgJDjg5Pjgrjjg43jgrnjg57jg7Plv4XmkLrlkI3liLrlhaXjgozvvIHjgJEK44CQ5Lq65rCX5LiK5piH44Gu6ZW36LKh5biD44CRCuOAkOWls+WtkOOBq+S6uuawl2thbm1pLuOAkQo8L2Rpdj4KCjwhLS1Hb1FTeXN0ZW3jg6njg7Pjgq3jg7PjgrDoh6rli5Xmm7TmlrDjg4Tjg7zjg6vjg6/jgqTjg4ktLT4KPHRhYmxlIGFsaWduPSJjZW50ZXIiIHdpZHRoPSI2MDAiIGJvcmRlcj0iMCIgY2VsbHBhZGRpbmc9IjAiIGNlbGxzcGFjaW5nPSIwIiBiZ2NvbG9yPSIjRkZGRkZGIiBzdHlsZT0ibGluZS1oZWlnaHQ6MDsiPgo8dHI+Cjx0ZD4KPHRhYmxlIGFsaWduPSJjZW50ZXIiIHdpZHRoPSI2MDAiIGJvcmRlcj0iMCIgY2VsbHBhZGRpbmc9IjAiIGNlbGxzcGFjaW5nPSIwIiBiZ2NvbG9yPSIjRkZGRkZGIj4KPHRyPgo8dGQgYWxpZ249ImNlbnRlciIgdmFsaWduPSJib3R0b20iIGJnY29sb3I9IiNjY2NjY2MiPjxpbWcgc3JjPSJodHRwczovL3d3dy5yYWt1dGVuLm5lLmpwL2dvbGQvZ2xlbmNoZWNrL2dvcXN5c3RlbS82MDByYW5raW5ndGl0ZWwuZ2lmIiB3aWR0aD0iNjAwIiAvPjwvdGQ+CjwvdHI+CjwvdGFibGU+Cjx0YWJsZSBhbGlnbj0iY2VudGVyIiB3aWR0aD0iNTk2IiBib3JkZXI9IjAiIGNlbGxwYWRkaW5nPSIwIiBjZWxsc3BhY2luZz0iMCIgYmdjb2xvcj0iI0NDQ0NDQyIgc3R5bGU9ImJvcmRlci1sZWZ0OnNvbGlkO2JvcmRlci1sZWZ0LXdpZHRoOjFweDtib3JkZXItcmlnaHQ6c29saWQ7Ym9yZGVyLXJpZ2h0LXdpZHRoOjFweDtib3JkZXItYm90dG9tOnNvbGlkO2JvcmRlci1ib3R0b20td2lkdGg6MXB4O2JvcmRlci1jb2xvcjojQ0NDQ0NDOyI+Cjx0cj4KPHRkIGFsaWduPSJjZW50ZXIiIGJnY29sb3I9IiNGRkZGRkYiPgo8ZGl2IGNsYXNzPSJpZnJtLWNvbnRhaW5lciIgc3R5bGU9IndpZHRoOjU5OHB4O2hlaWdodDo0NjBweDtvdmVyZmxvdzphdXRvOy13ZWJraXQtb3ZlcmZsb3ctc2Nyb2xsaW5nOnRvdWNoOyI+Cgo8L2Rpdj4KPC90ZD4KPC90cj4KPHRyPgo8dGQgYWxpZ249InJpZ2h0IiBiZ2NvbG9yPSIjRkZGRkZGIiBzdHlsZT0icGFkZGluZzoycHg7Ij4KPGltZyBzcmM9Imh0dHBzOi8vd3d3LnJha3V0ZW4ubmUuanAvZ29sZC9nbGVuY2hlY2svZ29xc3lzdGVtL3Bvd2VyZWRfYnlfYmFubmVyLmdpZiIgd2lkdGg9IjEyNSIgLz4KPC90ZD4KPC90cj4KPC90YWJsZT4KPC90ZD4KPC90cj4KPC90YWJsZT4KPCEtLUdvUVN5c3RlbeODqeODs+OCreODs+OCsOiHquWLleabtOaWsOODhOODvOODq+ODr+OCpOODiS0tPgo8YnI+Cgo8IS0t4pa85YWx6YCa6Kqs5piO5paH77yI5aSn77yJLS0+Cjx0YWJsZSBib3JkZXI9IjAiIGNlbGxwYWRkaW5nPSIwIiBjZWxsc3BhY2luZz0iMCIgd2lkdGg9IjcwMCI+Cjx0Ym9keT48dHI+Cjx0ZCB2YWxpZ249InRvcCI+Cgo8IS0t44OH44K244Kk44Oz6Kit5a6a77ya5YWx6YCa6Kqs5piO5paH77yI5aSn77yJ5LiK6YOoLS0+Cgo8IS0t44OH44K244Kk44Oz6Kit5a6a77ya5YWx6YCa6Kqs5piO5paH77yI5aSn77yJ5LiK6YOoLS0+Cgo8L3RkPjwvdHI+CjwvdGJvZHk+PC90YWJsZT4KPCEtLeKWsuWFsemAmuiqrOaYjuaWh++8iOWkp++8ieOBk+OBk+OBvuOBpy0tPgo8YnI+CjwhLS3ilrzjgqrjgrnjgrnjg6Hjgr/jgqTjg4jjg6vnlLvlg48tLT4KPFRBQkxFIGNlbGxTcGFjaW5nPTAgY2VsbFBhZGRpbmc9MCB3aWR0aD03MDAgYm9yZGVyPTA+CjxUUj4KPFREIGJhY2tncm91bmQ9aHR0cDovL2ltYWdlLnJha3V0ZW4uY28uanAvZ2xlbmNoZWNrL2NhYmluZXQvZnVyaWUvMWJhbi1uZXIuanBnIGhlaWdodD0zMD4KPCEtLeKWvOOCq+ODqeODvOOCv+OCpOODiOODqy0tPjxmb250IGNvbG9yPUZGRkZGRiBzaXplPSI0IiA+PGI+44CA44CA44CA44CA44CA44CA44CA44CA44Kw44Os44Oz44OB44Kn44OD44Kv44K544K/44OD44OV44Gu44Kq44K544K544Oh44Ki44Kk44OG44Og44Gv44GT44Gh44KJ77yBIDwvYj48L2ZvbnQ+CjwvVEQ+PC9UUj48L1RBQkxFPgoKPCEtLeKWvOOCquOCueOCueODoeOCouOCpOODhuODoC0tPgo8dGFibGUgYm9yZGVyPSIwIiBjZWxscGFkZGluZz0iMCIgY2VsbHNwYWNpbmc9IjAiIHdpZHRoPSI3MDAiPgo8dGJvZHk+PHRyPgo8dGQgdmFsaWduPSJ0b3AiPgoKPCEtLeODh+OCtuOCpOODs+ioreWumu+8muWFsemAmuiqrOaYjuaWh++8iOWkp++8ieS4i+mDqC0tPgoKPCEtLeODh+OCtuOCpOODs+ioreWumu+8muWFsemAmuiqrOaYjuaWh++8iOWkp++8ieS4i+mDqC0tPgoKPC90ZD48L3RyPgkKPC90Ym9keT48L3RhYmxlPgoKCjwhLS3ilrLjgYrjgZnjgZnjgoHjgZPjgZPjgb7jgactLT4KPGJyPg==,44CQS2FubWkuL+OCq+ODs+ODn+OAkSDjg4njg63jg4Pjg5fjg4Tjg6rjg7zmnKjnjonjgYzjgb7lj6Mg44Ot44Oz44Kw44Km44Kp44Os44OD44OI44CQ6YCB5paZ54Sh5paZ44CR44CQ6ZW36LKh5biDL+mVt+acreiyoeW4g+OAkVvjgYvjgpPjgb8g5q+N44Gu5pel44Ku44OV44OIIOOCr+ODquOCueODnuOCuSDjgq7jg5Xjg4gg44Os44OH44Kj44O844K5IOW9vOWlsyDmnKzpnakg44Os44K244O8IOOBjOOBvuWPoyDosqHluIMg44Ot44Oz44Kw44Km44Kp44Os44OD44OIIOmVt+OCteOCpOODlSDjg6zjg4fjgqPjg7zjgrnosqHluIMg6KqV55Sf5pelIOOCr+ODquOCueODnuOCuSBdIOOCsOODrOODs+ODleOCo+ODvOODq+ODie+8muiyoeW4g+OAkOWQjeWFpeOCjOeEoeaWmeOAkeOCsOODrOODs+ODgeOCp+ODg+OCrw==,5ZCN5YWl44KM6LKh5biD44OP44Oq44K544OE44Kk44O844OJ44OW44Op44Kk44OJ44Or44Os44K244O844OR44OK44Oe44OP44OD44OI44OW44Oq44OG44Kj44OD44K344Ol44Kw44Oq44O844OzYnJpdGlzaCBncmVlbuOCu+ODieOCpuOCo+ODg+OCr1NFREdXSUNL44OT44K444ON44K544Kz44O844OJ44OQ44Oz55S36Iux5Zu9546L5a6k5b6h55So6YGU44K144K544Oa44Oz44OA44O85pys6Z2p44Os44K244O844Km44Kp44Os44OD44OI5LqM44Gk5oqY44KK44Kw44Os44Oz44OB44Kn44OD44KvR0xFTkNIRUNL5ZCN5Yi65YWl44KM44CQS2FubWkuL+OCq+ODs+ODn+OAkSDjg4njg63jg4Pjg5fjg4Tjg6rjg7zmnKjnjonjgYzjgb7lj6Mg44Ot44Oz44Kw44Km44Kp44Os44OD44OI44CQ6YCB5paZ54Sh5paZ44CR44CQ6ZW36LKh5biDL+mVt+acreiyoeW4g+OAkVvjgYvjgpPjgb8g5q+N44Gu5pel44Ku44OV44OIIOOCr+ODquOCueODnuOCuSDjgq7jg5Xjg4gg44Os44OH44Kj44O844K5IOW9vOWlsyDmnKzpnakg44Os44K244O8IOOBjOOBvuWPoyDosqHluIMg44Ot44Oz44Kw44Km44Kp44Os44OD44OIIOmVt+OCteOCpOODlSDjg6zjg4fjgqPjg7zjgrnosqHluIMg6KqV55Sf5pelIOOCr+ODquOCueODnuOCuSBdIOOCsOODrOODs+ODleOCo+ODvOODq+ODiQ==,44G944GL44G944GL6aKo44Gr44G+44KT44G+44KL5pyo546J44CC44CC44CQS2FubWkuL+OCq+ODs+ODn+OAkSDjg4njg63jg4Pjg5fjg4Tjg6rjg7zmnKjnjonjgYzjgb7lj6Mg44Ot44Oz44Kw44Km44Kp44Os44OD44OI44CQ6YCB5paZ54Sh5paZ44CR44CQ6ZW36LKh5biDL+mVt+acreiyoeW4g+OAkVvjgYvjgpPjgb8g5q+N44Gu5pel44Ku44OV44OIIOOCr+ODquOCueODnuOCuSDjgq7jg5Xjg4gg44Os44OH44Kj44O844K5IOW9vOWlsyDmnKzpnakg44Os44K244O8IOOBjOOBvuWPoyDosqHluIMg44Ot44Oz44Kw44Km44Kp44Os44OD44OIIOmVt+OCteOCpOODlSDjg6zjg4fjgqPjg7zjgrnosqHluIMg6KqV55Sf5pelIOOCr+ODquOCueODnuOCuSBdIOOCsOODrOODs+ODleOCo+ODvOODq+ODiQ==[rn]
39-76470,aHR0cDovL3RzaG9wLnIxMHMuanAvZ2xlbmNoZWNrL2NhYmluZXQvc2hvaGluNS8xNTQxXzEuanBnP2ZpdGluPTcwMDo3MDA=,MTI5NjAuMDAwMA==,,44OQ44OD44Kw44O75bCP54mp44O744OW44Op44Oz44OJ6ZuR6LKoID4g6LKh5biD44O744Kx44O844K5ID4g44Os44OH44Kj44O844K56LKh5biD,44CQ6YCB5paZ54Sh5paZ44CR44Kk44K/44Oq44Ki6KO96Iqx5p+E44Ku44Oj44Or44K944Oz44Km44Kp44Os44OD44OIW+avjeOBruaXpeOCruODleODiCDjgq/jg6rjgrnjg57jgrkg44Ku44OV44OIIOODrOODh+OCo+ODvOOCuSDlvbzlpbMg6ZW36LKh5biDIOOBleOBhOOBtSDmnKznmq7osqHluIMg44GL44KP44GE44GEIOWPr+aEm+OBhCDjgYrjgZfjgoPjgowg44Os44OH44Kj44O844K56LKh5biDIOiqleeUn+aXpeODl+ODrOOCvOODs+ODiCDniLYg44K144Kk44OVIOOCr+ODquOCueODnuOCueODl+ODrOOCvOODs+ODiCDjgqvjg7zjg4nlhaXjgoxdIOOCsOODrOODs+ODleOCo+ODvOODq+ODiQ==,44Kk44K/44Oq44Ki44GL44KJ5bGK44GE44Gf44Ko44Os44Ks44Oz44OI44Gq6Iqx5p+E44Km44Kp44Os44OD44OI44CQcG9pMTDjgJE=,PGZvbnQgc2l6ZT0iMiI+PGI+44Kk44K/44Oq44Ki6KO96Iqx5p+E44Ku44Oj44Or44K944Oz44Km44Kp44Os44OD44OIPC9iPjwvZm9udD48YnI+CjxpbWcgc3JjPSJodHRwOi8vaW1hZ2UucmFrdXRlbi5jby5qcC9nbGVuY2hlY2svY2FiaW5ldC9kb3RsaW5lLmdpZiIgd2lkdGg9IjcwMCIgaGVpZ2h0PSIxNSI+PGJyPgo8aW1nIHNyYz0iaHR0cDovL2ltYWdlLnJha3V0ZW4uY28uanAvZ2xlbmNoZWNrL2NhYmluZXQvc2hvaGluNS8xNTQxX2suanBnIiBhbHQ9IuOCpOOCv+ODquOCouijveiKseafhOOCruODo+ODq+OCveODs+OCpuOCqeODrOODg+ODiCI+PGJyPgo8aW1nIHNyYz0iaHR0cDovL2ltYWdlLnJha3V0ZW4uY28uanAvZ2xlbmNoZWNrL2NhYmluZXQvc2hvaGluNi8xNTQxX2xkMDIuanBnIiBhbHQ9IuOCpOOCv+ODquOCouijveiKseafhOOCruODo+ODq+OCveODs+OCpuOCqeODrOODg+ODiCI+PGJyPgo8aW1nIHNyYz0iaHR0cDovL2ltYWdlLnJha3V0ZW4uY28uanAvZ2xlbmNoZWNrL2NhYmluZXQvc2hvaGluNi8xNTQxX2xkMDEuanBnIiBhbHQ9IuOCpOOCv+ODquOCouijveiKseafhOOCruODo+ODq+OCveODs+OCpuOCqeODrOODg+ODiCI+PGJyPgo8aW1nIHNyYz0iaHR0cDovL2ltYWdlLnJha3V0ZW4uY28uanAvZ2xlbmNoZWNrL2NhYmluZXQvc2hvaGluNi8xNTQxX2xkMDMuanBnIiBhbHQ9IuOCpOOCv+ODquOCouijveiKseafhOOCruODo+ODq+OCveODs+OCpuOCqeODrOODg+ODiCI+PGJyPgo8dGFibGUgd2lkdGg9IjcwMCIgY2VsbHBhZGRpbmc9IjUiPgo8dHI+Cjx0ZCBhbGlnbj0iY2VudGVyIj48Zm9udCBzaXplPSI0Ij48Yj7jgqTjgr/jg6rjgqLjgYvjgonlsYrjgYTjgZ/jgqjjg6zjgqzjg7Pjg4jjgaroirHmn4Tjgqbjgqnjg6zjg4Pjg4g8L2I+PC9mb250PjwvdGQ+CjwvdHI+CjwvdGFibGU+PGJyPgo8aW1nIHNyYz0iaHR0cDovL2ltYWdlLnJha3V0ZW4uY28uanAvZ2xlbmNoZWNrL2NhYmluZXQvbmJhbl9kZXRhaWwuanBnIiBhbHQ9Iuips+e0sCI+Cjx0YWJsZSB3aWR0aD0iNzAwIiBjZWxscGFkZGluZz0iMTUiIGNlbGxzcGFjaW5nPSIwIiBib3JkZXI9IjEiIHN0eWxlPSJib3JkZXItY29sb3I6I2FhYWFhYTtib3JkZXItc3R5bGU6c29saWQ7Ym9yZGVyLWNvbGxhcHNlOmNvbGxhcHNlIj4KPHRyPgo8dGQgYmdjb2xvcj0iI2FhYWFhYSIgYWxpZ249InJpZ2h0Ij48Zm9udCBzaXplPSIyIiBjb2xvcj0iI2ZmZmZmZiI+44Kk44K/44Oq44Ki6KO96Iqx5p+E44Ku44Oj44Or44K944Oz44Km44Kp44Os44OD44OIPC9mb250PjwvdGQ+CjwvdHI+Cjx0cj4KPHRkPjxmb250IHNpemU9IjIiPuOCs+OCpOODs+OCseODvOOCueOBjOWkp+OBjeOBj+mWi+OBjeOAgeOCs+OCpOODs+OCkuaOouOBl+OChOOBmeOBhOWEquOCjOOBn+ODh+OCtuOCpOODs+OBruiyoeW4g+OBp+OBmeOAgjxicj48YnI+Cue0oOadkOOBr+i0heayouOBq+OAgeOCpOOCv+ODquOCouODs+ODrOOCtuODvOOCkuS9v+eUqOOAgjxicj48YnI+Cu+8ku+8kOaemuWIhuOBruOCq+ODvOODieOCseODvOOCueOCkuOBr+OBmOOCgeOAgeOCuOODg+ODkeODvOODneOCseODg+ODiOOAgeOCquODvOODl+ODs+ODneOCseODg+ODiOOBquOBqeOCkuWCmeOBiOWPjue0jeWKm+OCgumtheWKm+OBp+OBmeOAgjxicj48YnI+PGJyPgo8ZGl2IGFsaWduPSJjZW50ZXIiPjxpbWcgc3JjPSJodHRwOi8vaW1hZ2UucmFrdXRlbi5jby5qcC9nbGVuY2hlY2svY2FiaW5ldC9zaG9oaW41LzE1NDFfMi5qcGciPjwvZGl2Pjxicj48YnI+CuWkp+OBjeOBj+mWi+OBj+OCs+OCpOODs+OCseODvOOCueOBr+OAgeS4gOebruOBp+S4reOBruOCs+OCpOODs+OCkuimi+OBpOOBkeOCi+OBk+OBqOOBjOOBp+OBjeOAgeOBiuiyt+OBhOOCguOBruOBrumam+OBq+OBqOOBpuOCguS+v+WIqeOBp+OBmeOAgjxicj48YnI+Cu+8ku+8kOaemuWIhuOBruOCq+ODvOODieODneOCseODg+ODiOOBjOOBguOCiuOAgeOCr+ODrOOCuOODg+ODiOOCq+ODvOODieOChOODneOCpOODs+ODiOOCq+ODvOODieOCguWNgeWIhuOBq+WPjue0jeOBp+OBjeOBvuOBmeOAgjxicj48YnI+CuacreWFpeOCjOOCgu+8kumDqOWxi+OBguOCiuOAgeOBiuacreOBruS7leWIhuOBkeOBjOOBp+OBjeOBvuOBmeOAgjxicj48YnI+PGJyPgrlhajkvZPjgavjgYLjgZfjgonjgo/jgozjgZ/oirHmn4Tjga7jgqjjg7Pjg5zjgrnliqDlt6XjgYzjgqjjg6zjgqzjg7Pjg4jjgarljbDosaHjgpLphrjjgZflh7rjgZfjgabjgYTjgb7jgZnjgII8YnI+PGJyPgroibLjga/jgrfjg4Pjgq/jgarpu5LjgajmuIXmpZrjgarjgqTjg6Hjg7zjgrjjga7oloTjg5Tjg7Pjgq/jgpLmjqHnlKjjgII8YnI+PGJyPgrlhoXlgbTjga7jg6njgqTjg4vjg7PjgrDjgoTjgIHjgrjjg4Pjg5Hjg7zjga7jg5fjg6njg7zjgavjgoLvvKfvvKnvvLXvvKTvvKnjga7jg5bjg6njg7Pjg4njg63jgrTjgYzlhaXjgaPjgabjgYrjgorjgIHntLDjgoTjgYvjgarjgajjgZPjgo3jgavjgoLphY3mha7jgYzjgarjgZXjgozjgabjgYTjgb7jgZnjgII8L2ZvbnQ+PC90ZD4KPC90cj4KPHRyPgo8dGQ+PGZvbnQgc2l6ZT0iMiI+PGI+44CQ44Ku44Oj44Or44K944Oz44Km44Kp44Os44OD44OI44Go44Gv44CRPC9iPjxicj48YnI+CuOCruODo+ODq+OCveODs+OCpuOCqeODrOODg+ODiOOBqOOBr+OAgeODqOODvOODreODg+ODkeOBruOCq+ODleOCp+OBp+ODhuODvOODluODq+OBp+aUr+aJleOBhOOCkuOBmeOCi+mam+OBq+OAgeOCruODo+ODq+OCveODs+OBjOODhuODvOODluODq+OBp+OBiumHo+OCiuOCkuWPluOCiuWHuuOBl+OBn+OCiuOAgeODgeODg+ODl+OCkuWFpeOCjOOBn+OCiuOBmeOCi+OBruOBq+S9v+eUqOOBmeOCi+OCpuOCqeODrOODg+ODiOOBp+OBmeOAgjwvZm9udD48L3RkPgo8L3RyPgo8L3RhYmxlPjxicj4KPGltZyBzcmM9Imh0dHA6Ly9pbWFnZS5yYWt1dGVuLmNvLmpwL2dsZW5jaGVjay9jYWJpbmV0L25iYW5fY29sb3IuanBnIiBhbHQ9IuOCq+ODqeODvOODkOODquOCqOODvOOCt+ODp+ODsyI+PGJyPgo8aW1nIHNyYz0iaHR0cDovL2ltYWdlLnJha3V0ZW4uY28uanAvZ2xlbmNoZWNrL2NhYmluZXQvc2hvaGluNS8xNTQxX2MuanBnIj48YnI+PGJyPgo8aW1nIHNyYz0iaHR0cDovL2ltYWdlLnJha3V0ZW4uY28uanAvZ2xlbmNoZWNrL2NhYmluZXQvbmJhbl9tYWtlci5qcGciIGFsdD0i44Oh44O844Kr44O844Kk44Oz44OV44Kp44Oh44O844K344On44OzIj48YnI+Cjx0YWJsZSB3aWR0aD0iNzAwIiBjZWxscGFkZGluZz0iMTUiIGNlbGxzcGFjaW5nPSIwIiBib3JkZXI9IjEiIHN0eWxlPSJib3JkZXItY29sb3I6I2FhYWFhYTtib3JkZXItc3R5bGU6c29saWQ7Ym9yZGVyLWNvbGxhcHNlOmNvbGxhcHNlIj4KPHRyPgo8dGQ+PGltZyBzcmM9Imh0dHA6Ly9pbWFnZS5yYWt1dGVuLmNvLmpwL2dsZW5jaGVjay9jYWJpbmV0L2xvZ28vZ2l1ZGlfbG9nby5qcGciIGFsaWduPSJsZWZ0Ij48Zm9udCBzaXplPSIyIj48Yj7vvKfvvKnvvLXvvKTvvKnvvIjjgrjjgqbjg4fjgqPvvIk8L2I+PGJyPjxicj4K5ZCM56S+44Gu5L2/55So44GX44Gm44GE44KL44K/44OK44Oq44O844Gv44CB5Lyd57Wx55qE44Gq5oqA5rOV44Gr44KI44Gj44Gm6auY5ZOB6LOq44Os44K244O844KS55Sf55Sj44GZ44KL44GT44Go44Gn5pyJ5ZCN44Gq44CB44Kk44K/44Oq44Ki44Gu44Oi44OD44Ot44O044Kh44OD44Os44Go44GE44GG6KGX44Gr44GC44KK44G+44GZ44CCPGJyPuS8nee1seeahOOBqumdqeOBruOBquOCgeOBl+aKgOazleOBqOOAgeePvuS7o+eahOOBp+OCueOCv+OCpOODquODg+OCt+ODpeOBquODh+OCtuOCpOODs+OCkuiejeWQiOOBleOBm+OCi+OBk+OBqOOCkuODouODg+ODiOODvOOBq+S9nOOCieOCjOOBpuOBiuOCiuOAge+8ke+8me+8l++8lOW5tOOBruWJtealreS7pemZjeOAgeODleOCoeODs+OCkuWil+OChOOBl+e2muOBkeOBpuOBhOOBvuOBmeOAgjwvZm9udD48YnI+PGJyPgo8L3RkPgo8L3RyPgo8L3RhYmxlPjxicj4KPGltZyBzcmM9Imh0dHA6Ly9pbWFnZS5yYWt1dGVuLmNvLmpwL2dsZW5jaGVjay9jYWJpbmV0L25iYW5fcHJvZHVjdC5qcGciIGFsdD0i6KO95ZOB5oOF5aCxIj48YnI+Cjx0YWJsZSB3aWR0aD0iNzAwIiBjZWxscGFkZGluZz0iNSIgY2VsbHNwYWNpbmc9IjAiIGJvcmRlcj0iMSIgc3R5bGU9ImJvcmRlci1jb2xvcjojYWFhYWFhO2JvcmRlci1zdHlsZTpzb2xpZDtib3JkZXItY29sbGFwc2U6Y29sbGFwc2UiPgo8dHI+Cjx0ZCB3aWR0aD0iMTUlIiBhbGlnbj0iY2VudGVyIj48Zm9udCBzaXplPSIyIj7llYblk4HlkI08L2ZvbnQ+PC90ZD4KPHRkPjxmb250IHNpemU9IjIiPuOCpOOCv+ODquOCouijveiKseafhOOCruODo+ODq+OCveODs+OCpuOCqeODrOODg+ODiDwvZm9udD48L3RkPgo8L3RyPgo8dHI+Cjx0ZCB3aWR0aD0iMTUlIiBhbGlnbj0iY2VudGVyIj48Zm9udCBzaXplPSIyIj7ntKDmnZA8L2ZvbnQ+PC90ZD4KPHRkPjxmb250IHNpemU9IjIiPueJm+mdqe+8iOOCpOOCv+ODquOCouODs+ODrOOCtuODvO+8ieOAgeODneODquOCqOOCueODhuODqzwvZm9udD48L3RkPgo8L3RyPgo8dHI+Cjx0ZCB3aWR0aD0iMTUlIiBhbGlnbj0iY2VudGVyIj48Zm9udCBzaXplPSIyIj7ku5Xmp5g8L2ZvbnQ+PC90ZD4KPHRkPjxmb250IHNpemU9IjIiPuWkp+WPo+OCs+OCpOODs+OCseODvOOCue+8uO+8keOAgeOCq+ODvOODieODneOCseODg+ODiMOX77yS77yQ44CB5pyt5YWl44KMw5fvvJLjgIHjgqrjg7zjg5fjg7Pjg53jgrHjg4Pjg4jjg53jgrHjg4Pjg4jDl++8keOAgeOCuOODg+ODkeODvOODneOCseODg+ODiO+8uO+8kTwvZm9udD48L3RkPgo8L3RyPgo8dHI+Cjx0ZCB3aWR0aD0iMTUlIiBhbGlnbj0iY2VudGVyIj48Zm9udCBzaXplPSIyIj7jgrXjgqTjgro8L2ZvbnQ+PC90ZD4KPHRkPjxmb250IHNpemU9IjIiPu+8iOe0hO+8iee4pjEww5fmqKoxOS41w5fjg57jg4EzY208L2ZvbnQ+PC90ZD4KPC90cj4KPHRyPgo8dGQgd2lkdGg9IjE1JSIgYWxpZ249ImNlbnRlciI+PGZvbnQgc2l6ZT0iMiI+6YeN44GVPC9mb250PjwvdGQ+Cjx0ZD48Zm9udCBzaXplPSIyIj7vvIjntITvvIkxNzVnPC9mb250PjwvdGQ+CjwvdHI+Cjx0cj4KPHRkIHdpZHRoPSIxNSUiIGFsaWduPSJjZW50ZXIiPjxmb250IHNpemU9IjIiPuOCq+ODqeODvDwvZm9udD48L3RkPgo8dGQ+PGZvbnQgc2l6ZT0iMiI+44OW44Op44OD44Kv44CB44OU44Oz44KvPC9mb250PjwvdGQ+CjwvdHI+Cjx0cj4KPHRkIHdpZHRoPSIxNSUiIGFsaWduPSJjZW50ZXIiPjxmb250IHNpemU9IjIiPuijvemAoDwvZm9udD48L3RkPgo8dGQ+PGZvbnQgc2l6ZT0iMiI+44Kk44K/44Oq44KiPC9mb250PjwvdGQ+CjwvdHI+CjwvdGFibGU+PGJyPgo8YnI+Cjx0YWJsZSB3aWR0aD0iNzAwIiBib3JkZXI9IjAiIGNlbGxzcGFjaW5nPSIwIiBjZWxscGFkZGluZz0iMCI+CiAgPHRyPgogICAgPHRkPjxjZW50ZXI+CiAgICAgICAgPGJyPgogICAgICAgIDxhIGhyZWY9Imh0dHA6Ly9ldmVudC5yYWt1dGVuLmNvLmpwL2FzdXJha3UvYWJvdXQvIiB0YXJnZXQ9Il9ibGFuayI+PGltZyBzcmM9Imh0dHA6Ly9pbWFnZS5yYWt1dGVuLmNvLmpwL2dsZW5jaGVjay9jYWJpbmV0L2Z1cmllL2FzdV9uZXdiYW5uZXIuanBnIiB3aWR0aD0iNjcwIiBoZWlnaHQ9IjEyMCI+PC9hPjxicj4KICAgICAgICA8YnI+CiAgICAgICAg4oC75qyg5ZOB5Lit44KE5YWl6I235LqI5a6a44Gu44KC44Gu44Gv44GC44GZ5qW95a++5b+c44KS5Y+X44GR6LOc44KL44GT44Go44GM44Gn44GN44G+44Gb44KT44Gu44Gn44CBPGJyPgogICAgICAgIOOBlOS6huaJv+OBhOOBn+OBoOOBkeOBvuOBmeOCiOOBhuOBiumhmOOBhOOBhOOBn+OBl+OBvuOBmeOAgjxicj4KICAgICAgICA8YnI+CiAgICAgIDwvY2VudGVyPjwvdGQ+CiAgPC90cj4KPC90YWJsZT4KCjxicj48YnI+CjwhLS3jgYLjgZnmpb3jg5Djg4rjg7wtLT4KICA8aWZyYW1lIHN0eWxlPSJtYXJnaW4tYm90dG9tOjIwcHg7IiBzcmM9Imh0dHA6Ly93d3cucmFrdXRlbi5uZS5qcC9nb2xkL2dsZW5jaGVjay9pdG0vYXNyYm4vcGNpdGVtL2l0ZW1fYXNibi5odG1sPzMiIGZyYW1lYm9yZGVyPSIwIiB3aWR0aD0iNzAwIiBoZWlnaHQ9IjE2MSIgc2Nyb2xsaW5nPW5vPjwvaWZyYW1lPgo8IS0t44GC44GZ5qW944OQ44OK44O8IGVuZC0tPjxicj48YnI+Cjxicj4KPGJyPjx0YWJsZSBib3JkZXI9IjAiIGNlbGxwYWRkaW5nPSIyIiBjZWxsc3BhY2luZz0iMCI+Cjx0ciB2YWxpZ249InRvcCI+Cjx0ZCBub3dyYXA9Im5vd3JhcCI+44Ku44OV44OI5a++5b+cPC90ZD4KPHRkPgo8aW1nIHNyYz0iaHR0cDovL2ltYWdlLnJha3V0ZW4uY28uanAvZ2xlbmNoZWNrL2NhYmluZXQvZnVyaWUvcmFwLWljb24uZ2lmIiBhbHQ9IuODqeODg+ODlOODs+OCsOWvvuW/nCIgaGVpZ2h0PSIyMSIgaHNwYWNlPSIxIiB3aWR0aD0iMTAwIj4KPGltZyBzcmM9Imh0dHA6Ly9pbWFnZS5yYWt1dGVuLmNvLmpwL2dsZW5jaGVjay9jYWJpbmV0L2Z1cmllL3JhcC1zZW50YWt1LmdpZiIgYWx0PSLjg6njg4Pjg5Tjg7PjgrDpgbjmip7lj68iIGhlaWdodD0iMjEiIGhzcGFjZT0iMSIgd2lkdGg9IjEwMCI+CjxpbWcgc3JjPSJodHRwOi8vaW1hZ2UucmFrdXRlbi5jby5qcC9nbGVuY2hlY2svY2FiaW5ldC9mdXJpZS9yYXAtbWVzc2FnZS5naWYiIGFsdD0i44Oh44OD44K744O844K444Kr44O844OJIiBoZWlnaHQ9IjIxIiBoc3BhY2U9IjEiIHdpZHRoPSIxMDAiPgo8L3RkPgo8L3RyPgo8L3RhYmxlPjxicj4KPCEtLUZyZWUgc2hpcHBpbmctLT4KPHRhYmxlIGJvcmRlcj0iMSIgYm9yZGVyY29sb3I9IiMwMDAwMDAiIGNlbGxwYWRkaW5nPSIxNSIgd2lkdGg9IjMyMCI+Cjx0cj4KPHRkIGFsaWduPSJjZW50ZXIiIGJnY29sb3I9IiNGNUY1REMiPua1t+WkluOBrumFjemAgeOBq+mWouOBl+OBvuOBl+OBpjwvdGQ+CjwvdHI+Cjx0cj4KPHRkPjxmb250IHNpemU9IjIiPuOAjOmAgeaWmeeEoeaWmeOAjeOBruihqOiomOOBjOOBguOCi+OCguOBruOBr+aXpeacrOOBruWbveWGheOBrumFjemAgeOBq+mWouOBl+OBpuOBruWvvuW/nOOBqOOBquOCiuOBvuOBmeOAgjxicj4K5rW35aSW6YWN6YCB44Gr6Zai44GX44Gm44Gv5Yil6YCU6YCB5paZ44KS6Kqy6YeR44GE44Gf44GX44G+44GZ44Gu44Gn6L+944Gj44Gm5bqX6IiX44KI44KK6YCj57Wh44GE44Gf44GX44G+44GZ44CCPGJyPjxicj4KIkZyZWUgc2hpcHBpbmciIGFwcGVhcnMgaW4gdGhlIGFkcyBpcyBvbmx5IHZhbGlkIGZvciB0aGUgZG9tZXN0aWMgZGVsaXZlcnkgd2l0aGluIEphcGFuLjxicj4KU2hpcHBpbmcgZmVlIG11c3QgYmUgY2hhcmdlZCB0byB0aGUgY3VzdG9tZXJzIHdobyB3b3VsZCBsaWtlIHVzIHRvIHNoaXAgeW91ciBvcmRlciB0byBvdXRzaWRlIG9mIEphcGFuLjxicj48YnI+ClBsZWFzZSBjb250YWN0IHVzIG9yIHVzZSB0aGUgc2hpcHBpbmcgZmVlIGNhbGN1bGF0b3IgYmVsb3cgaWYgeW91IHdvdWxkIGxpa2UgdG8gY29uZmlybSB5b3VyIHNoaXBwaW5nIGZlZS48L2ZvbnQ+PC90ZD4KPC90cj4KPC90YWJsZT48YnI+PGJyPjxicj4KPGltZyBzcmM9Imh0dHA6Ly9pbWFnZS5yYWt1dGVuLmNvLmpwL2dsZW5jaGVjay9jYWJpbmV0L2Jhbm5lci9yYWt1Ym5yLWNvbnZpbmkuanBnPzAiIGJvcmRlcj0iMCIgLz48YnIgLz48YnI+PGltZyBzcmM9Imh0dHA6Ly9pbWFnZS5yYWt1dGVuLmNvLmpwL2dsZW5jaGVjay9jYWJpbmV0L2Jhbm5lci9yYWt1Ym5yLXJldmlldy5qcGciIGJvcmRlcj0iMCIgLz48YnIgLz48c3R5bGUgdHlwZT0idGV4dC9jc3MiPgo8IS0tCgovKiDjg5fjg6vjg4Djgqbjg7MgKi8KI3Jha3V0ZW5MaW1pdGVkSWRfYXJvdW5kQ2FydCBzcGFuLmNob2ljZXtiYWNrZ3JvdW5kOnVybCgiaHR0cDovL2ltYWdlLnJha3V0ZW4uY28uanAvZ2xlbmNoZWNrL2NhYmluZXQvY2h1dWliYW5hcmNhcnQyLmdpZiIpIG5vLXJlcGVhdCAjZmZlOGJiO2JvcmRlcjoxcHggc29saWQgI2NjYztkaXNwbGF5OmJsb2NrO2ZvbnQtc2l6ZToxNHB4O2ZvbnQtd2VpZ2h0OmJvbGQ7bGluZS1oZWlnaHQ6MS4yZW07cGFkZGluZzo1cHggMCA1cHggMzNweDt0ZXh0LWFsaWduOmxlZnQ7bWFyZ2luLXRvcDoxMHB4O3dpZHRoOjMyMHB4O30vKiDjgr/jgqTjg4jjg6sgKi8KI3Jha3V0ZW5MaW1pdGVkSWRfYXJvdW5kQ2FydCBzZWxlY3R7Ym9yZGVyOjFweCBzb2xpZCAjOTg5ODk4O3dpZHRoOjM1NXB4O2hlaWdodDoyOHB4Oy8qbGluZS1oZWlnaHQ7MS4yZW07bWFyZ2luOjA7ZGlzcGxheTpibG9jaztwb3NpdGlvbjpyZWxhdGl2ZTtmb250LXNpemU6MTNweDsqL30vKiDpgbjmip7pg6jliIYgKi8KCjwhLS0gIOmgheebrumBuOaKnuiCouWIpeWcqOW6q+OBq+WHuuOCi+e0jeacn+OBruODh+OCtuOCpOODs+OAgOKGky0tPgoKdGQuaW52ZW50b3J5IGZvbnR7Zm9udC1zaXplOjEwcHg7Y29sb3I6I2Y4MDAwMDtsaW5lLWhlaWdodDogMS41O30KdGQuaW52ZW50b3J5e3dvcmQtd3JhcDpicmVhay13b3JkO3dpZHRoOjgwcHg7fQoKLyrpgbjmip7poIXnm67pg6jliIbjga7jg4bjg7zjg5bjg6vjgrvjg6vjga7kvZnnmb3vvIhwYWRkaW5n77yJ6Kit5a6aKi8KI3Jha3V0ZW5MaW1pdGVkSWRfYXJvdW5kQ2FydCAuaW52ZW50b3J5X2Nob2ljZV9uYW1le3BhZGRpbmc6N3B4ICFpbXBvcnRhbnQ7fQoKLyrpgbjmip7poIXnm67pg6jliIbjga7jg6njgrjjgqrjg5zjgr/jg7PjgpLlm7LjgaPjgabjgYTjgovjg4bjg7zjg5bjg6vjgrvjg6vjga7kvZnnmb3vvIhwYWRkaW5n77yJ6Kit5a6aKi8KI3Jha3V0ZW5MaW1pdGVkSWRfYXJvdW5kQ2FydCAuaW52ZW50b3J5e3BhZGRpbmc6N3B4ICFpbXBvcnRhbnQ7fQoKLyog6aCF55uu6YG45oqe6IKi5Yil44Gu44OG44O844OW44Or5YaF44Gu5Zyo5bqr6KGo56S6ICovCnRkLmludmVudG9yeSBmb250e2NvbG9yOiM1NTU7Zm9udC1zaXplOjEycHggIWltcG9ydGFudDtsaW5lLWhlaWdodDoxLjM7fQoKCnNwYW4uY2hvaWNlIHsgY29sb3I6ICMwMDA7IGZvbnQtc2l6ZTogMTIwJTt9CgpkaXYjSGVhZGVyS2V5d29yZCB7Cglwb3NpdGlvbjphYnNvbHV0ZTsKCXRvcDo1MHB4Oy8q5LiA55Wq5LiK44GL44KJ44Gu5L2N572uKi8KCWxlZnQ6MzBweDsvKuW3puerr+OBi+OCieOBruS9jee9riovCn0KCmRpdiNIZWFkZXJLZXl3b3JkIHNwYW4gewoJYmFja2dyb3VuZDogI2JmMDAwMDsKCWNvbG9yOiNmZmY7Cglmb250LXdlaWdodDpib2xkOwoJcGFkZGluZzoycHggNXB4Owp9CgpkaXYjSGVhZGVyS2V5d29yZCBhIHsKCWNvbG9yOiMwMDQ0Q0M7Cn0KCi0tPgoKPC9zdHlsZT4KCgo8ZGl2IGlkPSJIZWFkZXJLZXl3b3JkIj4KPHNwYW4+5rOo55uu44Gu44Kt44O844Ov44O844OJPC9zcGFuPgrjgJDjg5Pjgrjjg43jgrnjg57jg7Plv4XmkLrlkI3liLrlhaXjgozvvIHjgJEK44CQ5Lq65rCX5LiK5piH44Gu6ZW36LKh5biD44CRCuOAkOWls+WtkOOBq+S6uuawl2thbm1pLuOAkQo8L2Rpdj4KCjwhLS1Hb1FTeXN0ZW3jg6njg7Pjgq3jg7PjgrDoh6rli5Xmm7TmlrDjg4Tjg7zjg6vjg6/jgqTjg4ktLT4KPHRhYmxlIGFsaWduPSJjZW50ZXIiIHdpZHRoPSI2MDAiIGJvcmRlcj0iMCIgY2VsbHBhZGRpbmc9IjAiIGNlbGxzcGFjaW5nPSIwIiBiZ2NvbG9yPSIjRkZGRkZGIiBzdHlsZT0ibGluZS1oZWlnaHQ6MDsiPgo8dHI+Cjx0ZD4KPHRhYmxlIGFsaWduPSJjZW50ZXIiIHdpZHRoPSI2MDAiIGJvcmRlcj0iMCIgY2VsbHBhZGRpbmc9IjAiIGNlbGxzcGFjaW5nPSIwIiBiZ2NvbG9yPSIjRkZGRkZGIj4KPHRyPgo8dGQgYWxpZ249ImNlbnRlciIgdmFsaWduPSJib3R0b20iIGJnY29sb3I9IiNjY2NjY2MiPjxpbWcgc3JjPSJodHRwczovL3d3dy5yYWt1dGVuLm5lLmpwL2dvbGQvZ2xlbmNoZWNrL2dvcXN5c3RlbS82MDByYW5raW5ndGl0ZWwuZ2lmIiB3aWR0aD0iNjAwIiAvPjwvdGQ+CjwvdHI+CjwvdGFibGU+Cjx0YWJsZSBhbGlnbj0iY2VudGVyIiB3aWR0aD0iNTk2IiBib3JkZXI9IjAiIGNlbGxwYWRkaW5nPSIwIiBjZWxsc3BhY2luZz0iMCIgYmdjb2xvcj0iI0NDQ0NDQyIgc3R5bGU9ImJvcmRlci1sZWZ0OnNvbGlkO2JvcmRlci1sZWZ0LXdpZHRoOjFweDtib3JkZXItcmlnaHQ6c29saWQ7Ym9yZGVyLXJpZ2h0LXdpZHRoOjFweDtib3JkZXItYm90dG9tOnNvbGlkO2JvcmRlci1ib3R0b20td2lkdGg6MXB4O2JvcmRlci1jb2xvcjojQ0NDQ0NDOyI+Cjx0cj4KPHRkIGFsaWduPSJjZW50ZXIiIGJnY29sb3I9IiNGRkZGRkYiPgo8ZGl2IGNsYXNzPSJpZnJtLWNvbnRhaW5lciIgc3R5bGU9IndpZHRoOjU5OHB4O2hlaWdodDo0NjBweDtvdmVyZmxvdzphdXRvOy13ZWJraXQtb3ZlcmZsb3ctc2Nyb2xsaW5nOnRvdWNoOyI+Cgo8L2Rpdj4KPC90ZD4KPC90cj4KPHRyPgo8dGQgYWxpZ249InJpZ2h0IiBiZ2NvbG9yPSIjRkZGRkZGIiBzdHlsZT0icGFkZGluZzoycHg7Ij4KPGltZyBzcmM9Imh0dHBzOi8vd3d3LnJha3V0ZW4ubmUuanAvZ29sZC9nbGVuY2hlY2svZ29xc3lzdGVtL3Bvd2VyZWRfYnlfYmFubmVyLmdpZiIgd2lkdGg9IjEyNSIgLz4KPC90ZD4KPC90cj4KPC90YWJsZT4KPC90ZD4KPC90cj4KPC90YWJsZT4KPCEtLUdvUVN5c3RlbeODqeODs+OCreODs+OCsOiHquWLleabtOaWsOODhOODvOODq+ODr+OCpOODiS0tPgo8YnI+Cgo8IS0t4pa85YWx6YCa6Kqs5piO5paH77yI5aSn77yJLS0+Cjx0YWJsZSBib3JkZXI9IjAiIGNlbGxwYWRkaW5nPSIwIiBjZWxsc3BhY2luZz0iMCIgd2lkdGg9IjcwMCI+Cjx0Ym9keT48dHI+Cjx0ZCB2YWxpZ249InRvcCI+Cgo8IS0t44OH44K244Kk44Oz6Kit5a6a77ya5YWx6YCa6Kqs5piO5paH77yI5aSn77yJ5LiK6YOoLS0+Cgo8IS0t44OH44K244Kk44Oz6Kit5a6a77ya5YWx6YCa6Kqs5piO5paH77yI5aSn77yJ5LiK6YOoLS0+Cgo8L3RkPjwvdHI+CjwvdGJvZHk+PC90YWJsZT4KPCEtLeKWsuWFsemAmuiqrOaYjuaWh++8iOWkp++8ieOBk+OBk+OBvuOBpy0tPgo8YnI+CjwhLS3ilrzjgqrjgrnjgrnjg6Hjgr/jgqTjg4jjg6vnlLvlg48tLT4KPFRBQkxFIGNlbGxTcGFjaW5nPTAgY2VsbFBhZGRpbmc9MCB3aWR0aD03MDAgYm9yZGVyPTA+CjxUUj4KPFREIGJhY2tncm91bmQ9aHR0cDovL2ltYWdlLnJha3V0ZW4uY28uanAvZ2xlbmNoZWNrL2NhYmluZXQvZnVyaWUvMWJhbi1uZXIuanBnIGhlaWdodD0zMD4KPCEtLeKWvOOCq+ODqeODvOOCv+OCpOODiOODqy0tPjxmb250IGNvbG9yPUZGRkZGRiBzaXplPSI0IiA+PGI+44CA44CA44CA44CA44CA44CA44CA44CA44Kw44Os44Oz44OB44Kn44OD44Kv44K544K/44OD44OV44Gu44Kq44K544K544Oh44Ki44Kk44OG44Og44Gv44GT44Gh44KJ77yBIDwvYj48L2ZvbnQ+CjwvVEQ+PC9UUj48L1RBQkxFPgoKPCEtLeKWvOOCquOCueOCueODoeOCouOCpOODhuODoC0tPgo8dGFibGUgYm9yZGVyPSIwIiBjZWxscGFkZGluZz0iMCIgY2VsbHNwYWNpbmc9IjAiIHdpZHRoPSI3MDAiPgo8dGJvZHk+PHRyPgo8dGQgdmFsaWduPSJ0b3AiPgoKPCEtLeODh+OCtuOCpOODs+ioreWumu+8muWFsemAmuiqrOaYjuaWh++8iOWkp++8ieS4i+mDqC0tPgoKPCEtLeODh+OCtuOCpOODs+ioreWumu+8muWFsemAmuiqrOaYjuaWh++8iOWkp++8ieS4i+mDqC0tPgoKPC90ZD48L3RyPgkKPC90Ym9keT48L3RhYmxlPgoKCjwhLS3ilrLjgYrjgZnjgZnjgoHjgZPjgZPjgb7jgactLT4KPGJyPg==,44CQ6YCB5paZ54Sh5paZ44CR44Kk44K/44Oq44Ki6KO96Iqx5p+E44Ku44Oj44Or44K944Oz44Km44Kp44Os44OD44OIW+avjeOBruaXpeOCruODleODiCDjgq/jg6rjgrnjg57jgrkg44Ku44OV44OIIOODrOODh+OCo+ODvOOCuSDlvbzlpbMg6ZW36LKh5biDIOOBleOBhOOBtSDmnKznmq7osqHluIMg44GL44KP44GE44GEIOWPr+aEm+OBhCDjgYrjgZfjgoPjgowg44Os44OH44Kj44O844K56LKh5biDIOiqleeUn+aXpeODl+ODrOOCvOODs+ODiCDniLYg44K144Kk44OVIOOCr+ODquOCueODnuOCueODl+ODrOOCvOODs+ODiCDjgqvjg7zjg4nlhaXjgoxdIOOCsOODrOODs+ODleOCo+ODvOODq+ODie+8muiyoeW4g+OAkOWQjeWFpeOCjOeEoeaWmeOAkeOCsOODrOODs+ODgeOCp+ODg+OCrw==,5ZCN5YWl44KM6LKh5biD44OP44Oq44K544OE44Kk44O844OJ44OW44Op44Kk44OJ44Or44Os44K244O844OR44OK44Oe44OP44OD44OI44OW44Oq44OG44Kj44OD44K344Ol44Kw44Oq44O844OzYnJpdGlzaCBncmVlbuOCu+ODieOCpuOCo+ODg+OCr1NFREdXSUNL44OT44K444ON44K544Kz44O844OJ44OQ44Oz55S36Iux5Zu9546L5a6k5b6h55So6YGU44K144K544Oa44Oz44OA44O85pys6Z2p44Os44K244O844Km44Kp44Os44OD44OI5LqM44Gk5oqY44KK44Kw44Os44Oz44OB44Kn44OD44KvR0xFTkNIRUNL5ZCN5Yi65YWl44KM44CQ6YCB5paZ54Sh5paZ44CR44Kk44K/44Oq44Ki6KO96Iqx5p+E44Ku44Oj44Or44K944Oz44Km44Kp44Os44OD44OIW+avjeOBruaXpeOCruODleODiCDjgq/jg6rjgrnjg57jgrkg44Ku44OV44OIIOODrOODh+OCo+ODvOOCuSDlvbzlpbMg6ZW36LKh5biDIOOBleOBhOOBtSDmnKznmq7osqHluIMg44GL44KP44GE44GEIOWPr+aEm+OBhCDjgYrjgZfjgoPjgowg44Os44OH44Kj44O844K56LKh5biDIOiqleeUn+aXpeODl+ODrOOCvOODs+ODiCDniLYg44K144Kk44OVIOOCr+ODquOCueODnuOCueODl+ODrOOCvOODs+ODiCDjgqvjg7zjg4nlhaXjgoxdIOOCsOODrOODs+ODleOCo+ODvOODq+ODiQ==,44Kk44K/44Oq44Ki44GL44KJ5bGK44GE44Gf44Ko44Os44Ks44Oz44OI44Gq6Iqx5p+E44Km44Kp44Os44OD44OI44CQcG9pMTDjgJHjgILjgJDpgIHmlpnnhKHmlpnjgJHjgqTjgr/jg6rjgqLoo73oirHmn4Tjgq7jg6Pjg6vjgr3jg7Pjgqbjgqnjg6zjg4Pjg4hb5q+N44Gu5pel44Ku44OV44OIIOOCr+ODquOCueODnuOCuSDjgq7jg5Xjg4gg44Os44OH44Kj44O844K5IOW9vOWlsyDplbfosqHluIMg44GV44GE44G1IOacrOearuiyoeW4gyDjgYvjgo/jgYTjgYQg5Y+v5oSb44GEIOOBiuOBl+OCg+OCjCDjg6zjg4fjgqPjg7zjgrnosqHluIMg6KqV55Sf5pel44OX44Os44K844Oz44OIIOeItiDjgrXjgqTjg5Ug44Kv44Oq44K544Oe44K544OX44Os44K844Oz44OIIOOCq+ODvOODieWFpeOCjF0g44Kw44Os44Oz44OV44Kj44O844Or44OJ[rn]
39-76471,aHR0cDovL3RzaG9wLnIxMHMuanAvZ2xlbmNoZWNrL2NhYmluZXQvc2hvaGluNi8xNjM5XzEuanBnP2ZpdGluPTcwMDo3MDA=,MTcyOC4wMDAw,,44OQ44OD44Kw44O75bCP54mp44O744OW44Op44Oz44OJ6ZuR6LKoID4g6LKh5biD44O744Kx44O844K5ID4g44Os44OH44Kj44O844K56LKh5biD,W+ODj+ODquOCueODhOOCpOODvOODiV3ml6XmnKzoo70gSEFSUklTIFRXRUVEIOOBiuaJi+eOieOBjOOBvuOBkOOBoeOAkEJSSVRJU0ggR1JFRU7jgJFb44Ku44OV44OI44Op44OD44OU44Oz44KwIOOCruODleODiCDjg6Hjg7Pjgrog6KqV55Sf5pelIOODl+ODrOOCvOODs+ODiCDjgYzjgb7lj6Mg44GV44GE44G1IOOBiuOBl+OCg+OCjCDnlLfmgKcg5b285rCPIOOCpuOCqeODrOODg+ODiCDoqpXnlJ/ml6Xjg5fjg6zjgrzjg7Pjg4gg54i2IOWwj+mKreOBhOOCjCDlsI/piq3lhaXjgowg44GL44KP44GE44GEIOODluODqeODs+ODiV0g44Kw44Os44Oz44OV44Kj44O844Or44OJ,44OV44Kp44Or44Og44GM5Y+v5oSb44KJ44GX44GE44OP44Oq44K544OE44Kk44O844OJ44GM44G+44GQ44Gh,PGZvbnQgc2l6ZT0iMiI+PGI+5pel5pys6KO944CA44OP44Oq44K544OE44Kk44O844OJ44GK5omL546J44GM44G+44GQ44GhPC9iPjwvZm9udD48YnI+CjxpbWcgc3JjPSJodHRwOi8vaW1hZ2UucmFrdXRlbi5jby5qcC9nbGVuY2hlY2svY2FiaW5ldC9kb3RsaW5lLmdpZiIgYWx0PSIiIGhlaWdodD0iMTUiIHdpZHRoPSI3MDAiPjxicj4KPGltZyBzcmM9Imh0dHA6Ly9pbWFnZS5yYWt1dGVuLmNvLmpwL2dsZW5jaGVjay9jYWJpbmV0L3Nob2hpbjYvMTYzOV9rLmpwZz8wIj48YnI+Cjx0YWJsZSBib3JkZXI9IjAiIGNlbGxwYWRkaW5nPSIzMCIgd2lkdGg9IjcwMCI+Cjx0Ym9keT48dHI+PHRkIGFsaWduPSJjZW50ZXIiPjxmb250IHNpemU9IjQiPjxiPuOBiuaJi+eOieOBruOCiOOBhuOBquOCs+ODreODs+OBqOOBl+OBn+ODleOCqeODq+ODoOOBjOWPr+aEm+OCieOBl+OBhOODj+ODquOCueODhOOCpOODvOODieOBjOOBvuOBkOOBoTwvYj48L2ZvbnQ+PC90ZD48L3RyPjwvdGJvZHk+PC90YWJsZT4KPGJyPgo8YnI+CgoKPCEtLeODh+OCo+ODhuODvOODqy0tPgo8aW1nIHNyYz0iaHR0cDovL2ltYWdlLnJha3V0ZW4uY28uanAvZ2xlbmNoZWNrL2NhYmluZXQvbmJhbl9kZXRhaWwuanBnIiBhbHQ9Iuips+e0sCI+Cjx0YWJsZSBzdHlsZT0iYm9yZGVyLWNvbG9yOiByZ2IoMTcwLCAxNzAsIDE3MCk7IGJvcmRlci1zdHlsZTogc29saWQ7IGJvcmRlci1jb2xsYXBzZTogY29sbGFwc2U7IiBib3JkZXI9IjEiIGNlbGxwYWRkaW5nPSIxNSIgY2VsbHNwYWNpbmc9IjAiIHdpZHRoPSI3MDAiPgo8dHI+Cjx0ZCBhbGlnbj0icmlnaHQiIGJnY29sb3I9IiNhYWFhYWEiPjxmb250IHNpemU9IjIiIGNvbG9yPSIjZmZmZmZmIj48Yj7ml6XmnKzoo73jgIDjg4/jg6rjgrnjg4TjgqTjg7zjg4njgYrmiYvnjonjgYzjgb7jgZDjgaE8L2I+PC9mb250PjwvdGQ+PC90cj4KPHRyPgogIDx0ZD4KPGZvbnQgc2l6ZT0iMiI+44K544Kz44OD44OI44Op44Oz44OJ5Lyd57Wx44Gu44CO44OP44Oq44K544OE44Kk44O844OJ44CP44KS55So44GE44CB5pel5pys44Gu5oqA6KGT44Gn5LuV5LiK44GS44Gf44GM44G+44GQ44Gh5bCP6Yqt5YWl44KM44Gn44GZ44CCPGJyPjxicj4K5pel5pys44Gu44GK5omL546J44KS44Oi44OB44O844OV44Go44GX44Gf5Li444GE44OV44Kp44Or44Og44GM54m56ZW344Gu5Y+v5oSb44KJ44GX44GE44GM44G+44GQ44Gh44Gn44GZ44CCPGJyPgrjg4/jg6rjgrnjg4TjgqTjg7zjg4njga7oqLzmmI7jgafjgoLjgYLjgovmraPpnaLjgavnuKvjgo/jgozjgZ/nuZTjgorjg43jg7zjg6DjgYzjg4fjgrbjgqTjg7Pjga7jgqLjgq/jgrvjg7Pjg4jjgavjgarjgaPjgabjgYTjgb7jgZnjgII8YnI+Cgo8YnI+CjxpbWcgc3JjPSJodHRwOi8vaW1hZ2UucmFrdXRlbi5jby5qcC9nbGVuY2hlY2svY2FiaW5ldC9zaG9oaW42LzE2MzlfMi5qcGciIHdpZHRoPSI2NjAiID4KPC9mb250Pgo8L3RkPjwvdHI+PC90YWJsZT4KPGJyPgo8IS0t44Oe44OG44Oq44Ki44OrLS0+CjxpbWcgc3JjPSJodHRwOi8vaW1hZ2UucmFrdXRlbi5jby5qcC9nbGVuY2hlY2svY2FiaW5ldC9uYmFuX21hdGVyaWFsLmpwZyIgYWx0PSLoqbPntLAiPjxicj4KPGltZyBzcmM9Imh0dHA6Ly9pbWFnZS5yYWt1dGVuLmNvLmpwL2dsZW5jaGVjay9jYWJpbmV0L2Z1cmllL2hhcmlzLW1hdGUuanBnIiBhbHQ9Iuips+e0sCI+PGJyPgo8dGFibGUgc3R5bGU9ImJvcmRlci1jb2xvcjogcmdiKDE3MCwgMTcwLCAxNzApOyBib3JkZXItY29sbGFwc2U6IGNvbGxhcHNlOyIgYm9yZGVyPSIxIiBjZWxscGFkZGluZz0iMTAiIGNlbGxzcGFjaW5nPSIwIiB3aWR0aD0iNzAwIj48dHI+Cjx0ZD4KPGltZyBzcmM9Imh0dHA6Ly9pbWFnZS5yYWt1dGVuLmNvLmpwL2dsZW5jaGVjay9jYWJpbmV0L2xvZ28vaGFycmlzX2xvZ28yMDE2LmpwZyIgYWxpZ249ImxlZnQiIGJvcmRlcj0iMCIgaHNwYWNlPSIxNSIgd2lkdGg9IjI1MCI+PGJyPgo8Zm9udCBjb2xvcj0iIzAwMDAwMCIgc2l6ZT0iMiI+5YaF5YG044Gr44Gv44CB5pys54mp44Gu6Ki844Gn44KC44GC44KL44OP44Oq44K55Y2U5Lya44Gu57mU44KK44ON44O844Og44GM44Gk44GE44Gm44GE44G+44GZ44CCPGJyPgrjgZPjga7jg57jg7zjgq/jga/jg4Djg7Pjg6LjgqLjg7zkvK/niLXjga7lrrbntIvjgafjgYLjgovjg57jg6vjg4Hjg7zjgrrljYHlrZfmnrbjgajnkIPlvaLjgpLntYTjgb/lkIjjgo/jgZvjgabjgafjgY3jgZ/nianjgafjgZnjgII8YnI+PGJyPjxicj4K5LiW55WM44Gn5ZSv5LiA44CB5rOV55qE44Gq5a6a576p44Gr44KI44KK5a6M55Kn44GV44Go5ZOB6LOq44KS56K65L+d44GV44KM44Gm44GE44KL6Ki85oug44Gn44GZ44CCPGJyIGNsZWFyPSJhbGwiPjxicj48YnI+PGJyPgo8Yj7vvZ7jgJDjg4/jg6rjgrnjg4TjgqTjg7zjg4njgajjga/jgJHvvZ48L2I+PGJyPjxicj4K44Ki44Km44K/44O844G444OW44Oq44OH44Kj44O844K66Ku45bO244Gn5p+T6Imy44GV44KM57Sh44GM44KM44Gf44OQ44O844K444Oz44Km44O844Or44KS5L2/44GE44CB5bO25rCR44Gr44KI44KK5omL57mU44KJ44KM44Gf44OE44Kk44O844OJ44KS5oSP5ZGz44GX44G+44GZ44CCPGJyPgrjg4/jg6rjgrnls7bjgafjga/jgIHnnJ/lhqzjga7phbflr5Ljga7ls7bjgafnlJ/mtLvjgZnjgovlnLDlhYPjga7ls7bmsJHjgYzmma7mrrXnnYDjgavjgqbjg7zjg6vjga7nnYDnianjgpLkuLvjgavkvZzjgaPjgabjgYTjgb7jgZfjgZ/jgII8YnI+44GT44KM44KJ44Gu44OE44Kk44O844OJ44KS44OP44Oq44K55bO244Gu55Sj5qWt44Go44GZ44G544GP5bqD44KB44Gm44GE44GN44CB44Gd44Gu5b6M55Sf55Sj5bel56iL44GM5pS55ZaE44GV44KM44CB44OP44Oq44K544OE44Kk44O844OJ55Sj5qWt44GM5aeL44G+44KK44G+44GX44Gf44CCPGJyPuOBneOBruW+jOOAgeOBneOBruizquOBrumrmOOBleOBi+OCieOAjEtpbmcgb2YgVHdlZWQg44CN44Go5ZG844Gw44KM44CB5LiW55WM5Lit44Gr44OP44Oq44K544OE44Kk44O844OJ44Gu5ZCN5YmN44GM55+l44KJ44KM5aSa44GP44Gu5Lq644CF44GL44KJ6KqN55+l44GV44KM44Gm44GE44G+44GZ44CCPGJyPgrjg4/jg6rjgrnjg4TjgqTjg7zjg4njgpLkvb/jgaPjgZ/oo73lk4Hjgavjga/jgIHlv4XjgZrjg4/jg6rjgrnljZTkvJrjga7nuZTjgorjg43jg7zjg6DjgYzku5jjgZHjgonjgozjgabjgYTjgb7jgZnjgII8YnIgY2xlYXI9ImFsbCI+CjwvZm9udD48L3RkPjwvdHI+PC90YWJsZT4KPCEtLeODj+ODquOCueODhOOCpOODvOODieOBq+OBpOOBhOOBpi0tPgo8YSBocmVmPSJodHRwOi8vaXRlbS5yYWt1dGVuLmNvLmpwL2dsZW5jaGVjay9jLzAwMDAwMDA1OTMvIj48aW1nIHNyYz0iaHR0cDovL2ltYWdlLnJha3V0ZW4uY28uanAvZ2xlbmNoZWNrL2NhYmluZXQvbmV3Mi9oYXJyaXMtYmFuYS5qcGciIGJvcmRlcj0iMCI+PC9hPgo8YnI+PGJyPgoKPCEtLeOCq+ODqeODkOODqi0tPgo8aW1nIHNyYz0iaHR0cDovL2ltYWdlLnJha3V0ZW4uY28uanAvZ2xlbmNoZWNrL2NhYmluZXQvbmJhbl9jb2xvci5qcGciPjxicj4KPGltZyBzcmM9Imh0dHA6Ly9pbWFnZS5yYWt1dGVuLmNvLmpwL2dsZW5jaGVjay9jYWJpbmV0L3Nob2hpbjYvMTYzOV9jb2xvci5qcGciIHdpZHRoPSI3MDAiID48YnI+Cjxicj4KCjwhLS3jg5bjg6njg7Pjg4njgqTjg7Pjg5XjgqktLT4KPGltZyBzcmM9Imh0dHA6Ly9pbWFnZS5yYWt1dGVuLmNvLmpwL2dsZW5jaGVjay9jYWJpbmV0L25iYW5fYnJhbmQuanBnIj48YnI+Cjx0YWJsZSBzdHlsZT0iYm9yZGVyLWNvbG9yOiByZ2IoMTcwLCAxNzAsIDE3MCk7IGJvcmRlci1zdHlsZTogc29saWQ7IGJvcmRlci1jb2xsYXBzZTogY29sbGFwc2U7IiBib3JkZXI9IjEiIGNlbGxwYWRkaW5nPSIxNSIgY2VsbHNwYWNpbmc9IjAiIHdpZHRoPSI3MDAiPgo8dGJvZHk+PHRyPgo8dGQ+PGNlbnRlcj4KPGltZyBzcmM9Imh0dHA6Ly9pbWFnZS5yYWt1dGVuLmNvLmpwL2dsZW5jaGVjay9jYWJpbmV0L2Z1cmllL2JnLWxvZ28uanBnIiB3aWR0aD0iMzAwIj48L2NlbnRlcj48YnI+CjxzdHJvbmc+44CQ77yi77yy77yp77y077yp77yz77yoIO+8p++8su+8pe+8pe+8ru+8iOODluODquODhuOCo+ODg+OCt+ODpeOCsOODquODvOODs++8ieOAkTwvc3Ryb25nPjxicj4KCjxmb250IHNpemU9IjIiPuihjOWLlea0vuOCuOOCp+ODs+ODiOODq+ODnuODs+OCkuOCteODneODvOODiOOBmeOCi+ODleOCoeODg+OCt+ODp+ODs+OCkuS4u+i7uOOBqOOBl+OBn+ODluODqeODs+ODieOAgjxicj4K44K544Oe44O844OI44Gq44OH44K244Kk44Oz44Go44Gd44KM44Gr5Ly044Gj44Gf44OV44Kh44Oz44Kv44K344On44OK44Or44Gq44Ki44Kk44OH44Ki44KS6L+95rGC44GX44CB44GT44Gg44KP44KK44Gu5ZWG5ZOB44KS44OX44Ot44OH44Ol44O844K544GX44Gm44GE44G+44GZ44CCCjxicj48L2ZvbnQ+PC90ZD48L3RyPjwvdGJvZHk+PC90YWJsZT48YnI+CgoKPCEtLeijveWTgeaDheWgsS0tPgo8aW1nIHNyYz0iaHR0cDovL2ltYWdlLnJha3V0ZW4uY28uanAvZ2xlbmNoZWNrL2NhYmluZXQvbmJhbl9wcm9kdWN0LmpwZyIgYWx0PSLoo73lk4Hmg4XloLEiPjxicj4KPHRhYmxlIHN0eWxlPSJib3JkZXItY29sb3I6IHJnYigxNzAsIDE3MCwgMTcwKTsgYm9yZGVyLXN0eWxlOiBzb2xpZDsgYm9yZGVyLWNvbGxhcHNlOiBjb2xsYXBzZTsiIGJvcmRlcj0iMSIgY2VsbHBhZGRpbmc9IjUiIGNlbGxzcGFjaW5nPSIwIiB3aWR0aD0iNzAwIj4KPHRib2R5Pjx0cj4KPHRkIGFsaWduPSJjZW50ZXIiIHdpZHRoPSIxNSUiPjxmb250IHNpemU9IjIiPuWVhuWTgeWQjTwvZm9udD48L3RkPgo8dGQ+PGZvbnQgc2l6ZT0iMiI+PGI+5pel5pys6KO944CA44OP44Oq44K544OE44Kk44O844OJ44GK5omL546J44GM44G+44GQ44GhPC9iPjwvZm9udD48L3RkPgo8L3RyPgoKPHRyPgo8dGQgYWxpZ249ImNlbnRlciIgd2lkdGg9IjE1JSI+PGZvbnQgc2l6ZT0iMiI+57Sg5p2QPC9mb250PjwvdGQ+Cjx0ZD48Zm9udCBzaXplPSIyIj7jgJDooajlnLDjgJHmr5sxMDDvvIXvvIjjg4/jg6rjgrnjg4TjgqTjg7zjg4nvvIkgPC9mb250PjwvdGQ+CjwvdHI+Cgo8dHI+Cjx0ZCBhbGlnbj0iY2VudGVyIiB3aWR0aD0iMTUlIj48Zm9udCBzaXplPSIyIj7jgrXjgqTjgro8L2ZvbnQ+PC90ZD4KPHRkPjxmb250IHNpemU9IjIiPu+8iOe0hO+8ieOAkOacrOS9k+OAkee4pjfDl+aoqjnDl+ODnuODgTE1LjVjbeOAgDwvZm9udD48L3RkPgo8L3RyPgo8dHI+Cjx0ZCBhbGlnbj0iY2VudGVyIiB3aWR0aD0iMTUlIj48Zm9udCBzaXplPSIyIj7ph43jgZU8L2ZvbnQ+PC90ZD4KPHRkPjxmb250IHNpemU9IjIiPu+8iOe0hO+8iTMwZzwvZm9udD48L3RkPgo8L3RyPgo8dHI+CiAgPHRkIGFsaWduPSJjZW50ZXIiIHdpZHRoPSIxNSUiPjxmb250IHNpemU9IjIiPuijvemAoDwvZm9udD48L3RkPgogIDx0ZD48Zm9udCBzaXplPSIyIj7ml6XmnKw8L2ZvbnQ+PC90ZD4KPC90cj4KPHRyPgogIDx0ZCBhbGlnbj0iY2VudGVyIiB3aWR0aD0iMTUlIj48Zm9udCBzaXplPSIyIj7nibnoqJjkuovpoIU8L2ZvbnQ+PC90ZD4KICA8dGQ+PGZvbnQgc2l6ZT0iMiI+5ZWG5ZOB44Gr44KI44KK5p+E44Gu5Ye65pa544GM44GL44KP44KK44G+44GZ44Gu44Gn44GU5LqG5om/44GP44Gg44GV44GE44CCPC9mb250PjwvdGQ+CjwvdHI+CjwvdGJvZHk+PC90YWJsZT4KPGJyPjxicj4KCiAKIAo8YnI+CjxpZnJhbWUgc3JjPSJodHRwOi8vd3d3LnJha3V0ZW4ubmUuanAvZ29sZC9nbGVuY2hlY2svcGFnZS9oYXJyaXNtb3ZpZS5odG1sIiB3aWR0aD0iNzAwcHgiIGhlaWdodD0iMzYwcHgiIG1hcmdpbmhlaWdodD0iMCIgbWFyZ2lud2lkdGg9IjAiIGZyYW1lYm9yZGVyPSIwIiBzY3JvbGxpbmc9Im5vIiBhbGxvd3RyYW5zcGFyZW5jeT0idHJ1ZSI+PC9pZnJhbWU+CjxiciAvPgo8YnI+PGJyPgo8YnIgLz48YnIgLz48YnI+Cjxicj48YnI+CjxiciAvPjxicj4KPHRhYmxlIGJvcmRlcj0iMCIgY2VsbHBhZGRpbmc9IjIiIGNlbGxzcGFjaW5nPSIwIj4KPHRib2R5Pjx0ciB2YWxpZ249InRvcCI+Cjx0ZCBub3dyYXA9Im5vd3JhcCI+44Ku44OV44OI5a++5b+cPC90ZD4KPHRkPjxpbWcgc3JjPSJodHRwOi8vaW1hZ2UucmFrdXRlbi5jby5qcC9nbGVuY2hlY2svY2FiaW5ldC9mdXJpZS9yYXAtaWNvbi5naWYiIGFsdD0i44Op44OD44OU44Oz44Kw5a++5b+cIiBoZWlnaHQ9IjIxIiBoc3BhY2U9IjEiIHdpZHRoPSIxMDAiPgo8aW1nIHNyYz0iaHR0cDovL2ltYWdlLnJha3V0ZW4uY28uanAvZ2xlbmNoZWNrL2NhYmluZXQvZnVyaWUvcmFwLXNlbnRha3UuZ2lmIiBhbHQ9IuODqeODg+ODlOODs+OCsOmBuOaKnuWPryIgaGVpZ2h0PSIyMSIgaHNwYWNlPSIxIiB3aWR0aD0iMTAwIj4KPGltZyBzcmM9Imh0dHA6Ly9pbWFnZS5yYWt1dGVuLmNvLmpwL2dsZW5jaGVjay9jYWJpbmV0L2Z1cmllL3JhcC1tZXNzYWdlLmdpZiIgYWx0PSLjg6Hjg4Pjgrvjg7zjgrjjgqvjg7zjg4kiIGhlaWdodD0iMjEiIGhzcGFjZT0iMSIgd2lkdGg9IjEwMCI+CjwvdGQ+CjwvdHI+CjwvdGJvZHk+PC90YWJsZT4KPCEtLUZyZWUgc2hpcHBpbmctLT4KPGJyPgo8dGFibGUgYm9yZGVyPSIxIiBib3JkZXJjb2xvcj0iIzAwMDAwMCIgY2VsbHBhZGRpbmc9IjE1IiB3aWR0aD0iMzIwIj4KPHRib2R5Pgo8dHI+PHRkIGFsaWduPSJjZW50ZXIiIGJnY29sb3I9IiNGNUY1REMiPua1t+WkluOBrumFjemAgeOBq+mWouOBl+OBvuOBl+OBpjwvdGQ+PC90cj4KPHRyPgo8dGQgYWxpZ249ImxlZnQiIGJnY29sb3I9IiNmZmZmZmYiPgo8Zm9udCBzaXplPSIyIj4K44CM6YCB5paZ54Sh5paZ44CN44Gu6KGo6KiY44GM44GC44KL44KC44Gu44Gv5pel5pys44Gu5Zu95YaF44Gu6YWN6YCB44Gr6Zai44GX44Gm44Gu5a++5b+c44Go44Gq44KK44G+44GZ44CCPGJyPgrmtbflpJbphY3pgIHjgavplqLjgZfjgabjga/liKXpgJTpgIHmlpnjgpLoqrLph5HjgYTjgZ/jgZfjgb7jgZnjga7jgafov73jgaPjgablupfoiJfjgojjgorpgKPntaHjgYTjgZ/jgZfjgb7jgZnjgII8YnI+PGJyPgoiRnJlZSBzaGlwcGluZyIgYXBwZWFycyBpbiB0aGUgYWRzIGlzIG9ubHkgdmFsaWQgZm9yIHRoZSBkb21lc3RpYyBkZWxpdmVyeSB3aXRoaW4gSmFwYW4uPGJyPgpTaGlwcGluZyBmZWUgbXVzdCBiZSBjaGFyZ2VkIHRvIHRoZSBjdXN0b21lcnMgd2hvIHdvdWxkIGxpa2UgdXMgdG8gc2hpcCB5b3VyIG9yZGVyIHRvIG91dHNpZGUgb2YgSmFwYW4uPGJyPgo8YnI+ClBsZWFzZSBjb250YWN0IHVzIG9yIHVzZSB0aGUgc2hpcHBpbmcgZmVlIGNhbGN1bGF0b3IgYmVsb3cgaWYgeW91IHdvdWxkIGxpa2UgdG8gY29uZmlybSB5b3VyIHNoaXBwaW5nIGZlZS48YnI+CjwvZm9udD4KPC90ZD4KPC90cj4KPC90Ym9keT4KPC90YWJsZT4KPGJyPgo8aW1nIHNyYz0iaHR0cDovL2ltYWdlLnJha3V0ZW4uY28uanAvZ2xlbmNoZWNrL2NhYmluZXQvYmFubmVyL3Jha3VibnItY29udmluaS5qcGc/MCIgYm9yZGVyPSIwIiAvPjxiciAvPjxicj48aW1nIHNyYz0iaHR0cDovL2ltYWdlLnJha3V0ZW4uY28uanAvZ2xlbmNoZWNrL2NhYmluZXQvYmFubmVyL3Jha3VibnItcmV2aWV3LmpwZyIgYm9yZGVyPSIwIiAvPjxiciAvPjxzdHlsZSB0eXBlPSJ0ZXh0L2NzcyI+CjwhLS0KCi8qIOODl+ODq+ODgOOCpuODsyAqLwojcmFrdXRlbkxpbWl0ZWRJZF9hcm91bmRDYXJ0IHNwYW4uY2hvaWNle2JhY2tncm91bmQ6dXJsKCJodHRwOi8vaW1hZ2UucmFrdXRlbi5jby5qcC9nbGVuY2hlY2svY2FiaW5ldC9jaHV1aWJhbmFyY2FydDIuZ2lmIikgbm8tcmVwZWF0ICNmZmU4YmI7Ym9yZGVyOjFweCBzb2xpZCAjY2NjO2Rpc3BsYXk6YmxvY2s7Zm9udC1zaXplOjE0cHg7Zm9udC13ZWlnaHQ6Ym9sZDtsaW5lLWhlaWdodDoxLjJlbTtwYWRkaW5nOjVweCAwIDVweCAzM3B4O3RleHQtYWxpZ246bGVmdDttYXJnaW4tdG9wOjEwcHg7d2lkdGg6MzIwcHg7fS8qIOOCv+OCpOODiOODqyAqLwojcmFrdXRlbkxpbWl0ZWRJZF9hcm91bmRDYXJ0IHNlbGVjdHtib3JkZXI6MXB4IHNvbGlkICM5ODk4OTg7d2lkdGg6MzU1cHg7aGVpZ2h0OjI4cHg7LypsaW5lLWhlaWdodDsxLjJlbTttYXJnaW46MDtkaXNwbGF5OmJsb2NrO3Bvc2l0aW9uOnJlbGF0aXZlO2ZvbnQtc2l6ZToxM3B4OyovfS8qIOmBuOaKnumDqOWIhiAqLwoKPCEtLSAg6aCF55uu6YG45oqe6IKi5Yil5Zyo5bqr44Gr5Ye644KL57SN5pyf44Gu44OH44K244Kk44Oz44CA4oaTLS0+Cgp0ZC5pbnZlbnRvcnkgZm9udHtmb250LXNpemU6MTBweDtjb2xvcjojZjgwMDAwO2xpbmUtaGVpZ2h0OiAxLjU7fQp0ZC5pbnZlbnRvcnl7d29yZC13cmFwOmJyZWFrLXdvcmQ7d2lkdGg6ODBweDt9CgovKumBuOaKnumgheebrumDqOWIhuOBruODhuODvOODluODq+OCu+ODq+OBruS9meeZve+8iHBhZGRpbmfvvInoqK3lrpoqLwojcmFrdXRlbkxpbWl0ZWRJZF9hcm91bmRDYXJ0IC5pbnZlbnRvcnlfY2hvaWNlX25hbWV7cGFkZGluZzo3cHggIWltcG9ydGFudDt9CgovKumBuOaKnumgheebrumDqOWIhuOBruODqeOCuOOCquODnOOCv+ODs+OCkuWbsuOBo+OBpuOBhOOCi+ODhuODvOODluODq+OCu+ODq+OBruS9meeZve+8iHBhZGRpbmfvvInoqK3lrpoqLwojcmFrdXRlbkxpbWl0ZWRJZF9hcm91bmRDYXJ0IC5pbnZlbnRvcnl7cGFkZGluZzo3cHggIWltcG9ydGFudDt9CgovKiDpoIXnm67pgbjmip7ogqLliKXjga7jg4bjg7zjg5bjg6vlhoXjga7lnKjluqvooajnpLogKi8KdGQuaW52ZW50b3J5IGZvbnR7Y29sb3I6IzU1NTtmb250LXNpemU6MTJweCAhaW1wb3J0YW50O2xpbmUtaGVpZ2h0OjEuMzt9CgoKc3Bhbi5jaG9pY2UgeyBjb2xvcjogIzAwMDsgZm9udC1zaXplOiAxMjAlO30KCmRpdiNIZWFkZXJLZXl3b3JkIHsKCXBvc2l0aW9uOmFic29sdXRlOwoJdG9wOjUwcHg7LyrkuIDnlarkuIrjgYvjgonjga7kvY3nva4qLwoJbGVmdDozMHB4Oy8q5bem56uv44GL44KJ44Gu5L2N572uKi8KfQoKZGl2I0hlYWRlcktleXdvcmQgc3BhbiB7CgliYWNrZ3JvdW5kOiAjYmYwMDAwOwoJY29sb3I6I2ZmZjsKCWZvbnQtd2VpZ2h0OmJvbGQ7CglwYWRkaW5nOjJweCA1cHg7Cn0KCmRpdiNIZWFkZXJLZXl3b3JkIGEgewoJY29sb3I6IzAwNDRDQzsKfQoKLS0+Cgo8L3N0eWxlPgoKCjxkaXYgaWQ9IkhlYWRlcktleXdvcmQiPgo8c3Bhbj7ms6jnm67jga7jgq3jg7zjg6/jg7zjg4k8L3NwYW4+CuOAkOODk+OCuOODjeOCueODnuODs+W/heaQuuWQjeWIuuWFpeOCjO+8geOAkQrjgJDkurrmsJfkuIrmmIfjga7plbfosqHluIPjgJEK44CQ5aWz5a2Q44Gr5Lq65rCXa2FubWku44CRCjwvZGl2PgoKPCEtLUdvUVN5c3RlbeODqeODs+OCreODs+OCsOiHquWLleabtOaWsOODhOODvOODq+ODr+OCpOODiS0tPgo8dGFibGUgYWxpZ249ImNlbnRlciIgd2lkdGg9IjYwMCIgYm9yZGVyPSIwIiBjZWxscGFkZGluZz0iMCIgY2VsbHNwYWNpbmc9IjAiIGJnY29sb3I9IiNGRkZGRkYiIHN0eWxlPSJsaW5lLWhlaWdodDowOyI+Cjx0cj4KPHRkPgo8dGFibGUgYWxpZ249ImNlbnRlciIgd2lkdGg9IjYwMCIgYm9yZGVyPSIwIiBjZWxscGFkZGluZz0iMCIgY2VsbHNwYWNpbmc9IjAiIGJnY29sb3I9IiNGRkZGRkYiPgo8dHI+Cjx0ZCBhbGlnbj0iY2VudGVyIiB2YWxpZ249ImJvdHRvbSIgYmdjb2xvcj0iI2NjY2NjYyI+PGltZyBzcmM9Imh0dHBzOi8vd3d3LnJha3V0ZW4ubmUuanAvZ29sZC9nbGVuY2hlY2svZ29xc3lzdGVtLzYwMHJhbmtpbmd0aXRlbC5naWYiIHdpZHRoPSI2MDAiIC8+PC90ZD4KPC90cj4KPC90YWJsZT4KPHRhYmxlIGFsaWduPSJjZW50ZXIiIHdpZHRoPSI1OTYiIGJvcmRlcj0iMCIgY2VsbHBhZGRpbmc9IjAiIGNlbGxzcGFjaW5nPSIwIiBiZ2NvbG9yPSIjQ0NDQ0NDIiBzdHlsZT0iYm9yZGVyLWxlZnQ6c29saWQ7Ym9yZGVyLWxlZnQtd2lkdGg6MXB4O2JvcmRlci1yaWdodDpzb2xpZDtib3JkZXItcmlnaHQtd2lkdGg6MXB4O2JvcmRlci1ib3R0b206c29saWQ7Ym9yZGVyLWJvdHRvbS13aWR0aDoxcHg7Ym9yZGVyLWNvbG9yOiNDQ0NDQ0M7Ij4KPHRyPgo8dGQgYWxpZ249ImNlbnRlciIgYmdjb2xvcj0iI0ZGRkZGRiI+CjxkaXYgY2xhc3M9Imlmcm0tY29udGFpbmVyIiBzdHlsZT0id2lkdGg6NTk4cHg7aGVpZ2h0OjQ2MHB4O292ZXJmbG93OmF1dG87LXdlYmtpdC1vdmVyZmxvdy1zY3JvbGxpbmc6dG91Y2g7Ij4KCjwvZGl2Pgo8L3RkPgo8L3RyPgo8dHI+Cjx0ZCBhbGlnbj0icmlnaHQiIGJnY29sb3I9IiNGRkZGRkYiIHN0eWxlPSJwYWRkaW5nOjJweDsiPgo8aW1nIHNyYz0iaHR0cHM6Ly93d3cucmFrdXRlbi5uZS5qcC9nb2xkL2dsZW5jaGVjay9nb3FzeXN0ZW0vcG93ZXJlZF9ieV9iYW5uZXIuZ2lmIiB3aWR0aD0iMTI1IiAvPgo8L3RkPgo8L3RyPgo8L3RhYmxlPgo8L3RkPgo8L3RyPgo8L3RhYmxlPgo8IS0tR29RU3lzdGVt44Op44Oz44Kt44Oz44Kw6Ieq5YuV5pu05paw44OE44O844Or44Ov44Kk44OJLS0+Cjxicj4KCjwhLS3ilrzlhbHpgJroqqzmmI7mlofvvIjlpKfvvIktLT4KPHRhYmxlIGJvcmRlcj0iMCIgY2VsbHBhZGRpbmc9IjAiIGNlbGxzcGFjaW5nPSIwIiB3aWR0aD0iNzAwIj4KPHRib2R5Pjx0cj4KPHRkIHZhbGlnbj0idG9wIj4KCjwhLS3jg4fjgrbjgqTjg7PoqK3lrprvvJrlhbHpgJroqqzmmI7mlofvvIjlpKfvvInkuIrpg6gtLT4KCjwhLS3jg4fjgrbjgqTjg7PoqK3lrprvvJrlhbHpgJroqqzmmI7mlofvvIjlpKfvvInkuIrpg6gtLT4KCjwvdGQ+PC90cj4KPC90Ym9keT48L3RhYmxlPgo8IS0t4pay5YWx6YCa6Kqs5piO5paH77yI5aSn77yJ44GT44GT44G+44GnLS0+Cjxicj4KPCEtLeKWvOOCquOCueOCueODoeOCv+OCpOODiOODq+eUu+WDjy0tPgo8VEFCTEUgY2VsbFNwYWNpbmc9MCBjZWxsUGFkZGluZz0wIHdpZHRoPTcwMCBib3JkZXI9MD4KPFRSPgo8VEQgYmFja2dyb3VuZD1odHRwOi8vaW1hZ2UucmFrdXRlbi5jby5qcC9nbGVuY2hlY2svY2FiaW5ldC9mdXJpZS8xYmFuLW5lci5qcGcgaGVpZ2h0PTMwPgo8IS0t4pa844Kr44Op44O844K/44Kk44OI44OrLS0+PGZvbnQgY29sb3I9RkZGRkZGIHNpemU9IjQiID48Yj7jgIDjgIDjgIDjgIDjgIDjgIDjgIDjgIDjgrDjg6zjg7Pjg4Hjgqfjg4Pjgq/jgrnjgr/jg4Pjg5Xjga7jgqrjgrnjgrnjg6HjgqLjgqTjg4bjg6Djga/jgZPjgaHjgonvvIEgPC9iPjwvZm9udD4KPC9URD48L1RSPjwvVEFCTEU+Cgo8IS0t4pa844Kq44K544K544Oh44Ki44Kk44OG44OgLS0+Cjx0YWJsZSBib3JkZXI9IjAiIGNlbGxwYWRkaW5nPSIwIiBjZWxsc3BhY2luZz0iMCIgd2lkdGg9IjcwMCI+Cjx0Ym9keT48dHI+Cjx0ZCB2YWxpZ249InRvcCI+Cgo8IS0t44OH44K244Kk44Oz6Kit5a6a77ya5YWx6YCa6Kqs5piO5paH77yI5aSn77yJ5LiL6YOoLS0+Cgo8IS0t44OH44K244Kk44Oz6Kit5a6a77ya5YWx6YCa6Kqs5piO5paH77yI5aSn77yJ5LiL6YOoLS0+Cgo8L3RkPjwvdHI+CQo8L3Rib2R5PjwvdGFibGU+CgoKPCEtLeKWsuOBiuOBmeOBmeOCgeOBk+OBk+OBvuOBpy0tPgo8YnI+,W+ODj+ODquOCueODhOOCpOODvOODiV3ml6XmnKzoo70gSEFSUklTIFRXRUVEIOOBiuaJi+eOieOBjOOBvuOBkOOBoeOAkEJSSVRJU0ggR1JFRU7jgJFb44Ku44OV44OI44Op44OD44OU44Oz44KwIOOCruODleODiCDjg6Hjg7Pjgrog6KqV55Sf5pelIOODl+ODrOOCvOODs+ODiCDjgYzjgb7lj6Mg44GV44GE44G1IOOBiuOBl+OCg+OCjCDnlLfmgKcg5b285rCPIOOCpuOCqeODrOODg+ODiCDoqpXnlJ/ml6Xjg5fjg6zjgrzjg7Pjg4gg54i2IOWwj+mKreOBhOOCjCDlsI/piq3lhaXjgowg44GL44KP44GE44GEIOODluODqeODs+ODiV0g44Kw44Os44Oz44OV44Kj44O844Or44OJ77ya6LKh5biD44CQ5ZCN5YWl44KM54Sh5paZ44CR44Kw44Os44Oz44OB44Kn44OD44Kv,5ZCN5YWl44KM6LKh5biD44OP44Oq44K544OE44Kk44O844OJ44OW44Op44Kk44OJ44Or44Os44K244O844OR44OK44Oe44OP44OD44OI44OW44Oq44OG44Kj44OD44K344Ol44Kw44Oq44O844OzYnJpdGlzaCBncmVlbuOCu+ODieOCpuOCo+ODg+OCr1NFREdXSUNL44OT44K444ON44K544Kz44O844OJ44OQ44Oz55S36Iux5Zu9546L5a6k5b6h55So6YGU44K144K544Oa44Oz44OA44O85pys6Z2p44Os44K244O844Km44Kp44Os44OD44OI5LqM44Gk5oqY44KK44Kw44Os44Oz44OB44Kn44OD44KvR0xFTkNIRUNL5ZCN5Yi65YWl44KMW+ODj+ODquOCueODhOOCpOODvOODiV3ml6XmnKzoo70gSEFSUklTIFRXRUVEIOOBiuaJi+eOieOBjOOBvuOBkOOBoeOAkEJSSVRJU0ggR1JFRU7jgJFb44Ku44OV44OI44Op44OD44OU44Oz44KwIOOCruODleODiCDjg6Hjg7Pjgrog6KqV55Sf5pelIOODl+ODrOOCvOODs+ODiCDjgYzjgb7lj6Mg44GV44GE44G1IOOBiuOBl+OCg+OCjCDnlLfmgKcg5b285rCPIOOCpuOCqeODrOODg+ODiCDoqpXnlJ/ml6Xjg5fjg6zjgrzjg7Pjg4gg54i2IOWwj+mKreOBhOOCjCDlsI/piq3lhaXjgowg44GL44KP44GE44GEIOODluODqeODs+ODiV0g44Kw44Os44Oz44OV44Kj44O844Or44OJ,44OV44Kp44Or44Og44GM5Y+v5oSb44KJ44GX44GE44OP44Oq44K544OE44Kk44O844OJ44GM44G+44GQ44Gh44CCW+ODj+ODquOCueODhOOCpOODvOODiV3ml6XmnKzoo70gSEFSUklTIFRXRUVEIOOBiuaJi+eOieOBjOOBvuOBkOOBoeOAkEJSSVRJU0ggR1JFRU7jgJFb44Ku44OV44OI44Op44OD44OU44Oz44KwIOOCruODleODiCDjg6Hjg7Pjgrog6KqV55Sf5pelIOODl+ODrOOCvOODs+ODiCDjgYzjgb7lj6Mg44GV44GE44G1IOOBiuOBl+OCg+OCjCDnlLfmgKcg5b285rCPIOOCpuOCqeODrOODg+ODiCDoqpXnlJ/ml6Xjg5fjg6zjgrzjg7Pjg4gg54i2IOWwj+mKreOBhOOCjCDlsI/piq3lhaXjgowg44GL44KP44GE44GEIOODluODqeODs+ODiV0g44Kw44Os44Oz44OV44Kj44O844Or44OJ[rn]
39-76472,aHR0cDovL3RzaG9wLnIxMHMuanAvZ2xlbmNoZWNrL2NhYmluZXQvc2hvaGluOC8xMDY5Njk2MF90b3AxLmpwZz9maXRpbj03MDA6NzAw,MTE5MjMuMjAwMA==,,44OQ44OD44Kw44O75bCP54mp44O744OW44Op44Oz44OJ6ZuR6LKoID4g6LKh5biD44O744Kx44O844K5ID4g44Os44OH44Kj44O844K56LKh5biD,44CQ6YCB5paZ54Sh5paZ44CR44Ot44Oz44Kw44Ki44Kz44O844OH44Kj44Kq44Oz44Km44Kp44Os44OD44OI44CQS2FubWku44CR44CQ44Kr44Oz44Of44CR44CQ6LKh5biD44CR44CQ44Ki44Kz44O844OH44Kj44Kq44Oz44CRL+aXpeacrOijveOAkOmVt+iyoeW4gy/plbfmnK3osqHluIPjgJE=,44Od44Kx44OD44OI44GM44GE44Gj44Gx44GE44Ki44Kz44O844OH44Kj44Kq44Oz44Km44Kp44Os44OD44OI,PGEgaHJlZj0iaHR0cDovL3d3dy5yYWt1dGVuLm5lLmpwL2dvbGQva2FubWkvIiB0YXJnZXQ9Il9ibGFuayI+PGltZyBzcmM9Imh0dHA6Ly9pbWFnZS5yYWt1dGVuLmNvLmpwL2dsZW5jaGVjay9jYWJpbmV0L3Rva3VzeXU0L2thbm1pc2hvcC03MDBibnIuanBnIiB3aWR0aD0iNzAwIiBoZWlnaHQ9IjEwMCIgYm9yZGVyPSIwIiAvPjwvYT48YnIgLz48YnIgLz48ZGl2IGFsaWduPSJsZWZ0Ij4KPHRhYmxlIHdpZHRoPSI3MTAiPgo8dGJvZHk+Cjx0cj4KPHRkPjxmb250IHNpemU9IjIiPjxiPkthbm1pLiDjg63jg7PjgrDjgqLjgrPjg7zjg4fjgqPjgqrjg7Pjgqbjgqnjg6zjg4Pjg4ggV0wwOC0wNzwvYj48L2ZvbnQ+PGJyIC8+CjxpbWcgc3JjPSJodHRwOi8vaW1hZ2UucmFrdXRlbi5jby5qcC9nbGVuY2hlY2svY2FiaW5ldC9kb3RsaW5lLmdpZiI+PGJyIC8+CjxpbWcgc3JjPSJodHRwOi8vaW1hZ2UucmFrdXRlbi5jby5qcC9rYW5taS9jYWJpbmV0L3Nob2hpbjQvMTA2OTY5NjBfay5qcGciIGFsdD0iS2FubWkuIOODreODs+OCsOOCouOCs+ODvOODh+OCo+OCquODs+OCpuOCqeODrOODg+ODiCIgLz48YnIgLz4KPHA+PGltZyBzcmM9Imh0dHA6Ly9pbWFnZS5yYWt1dGVuLmNvLmpwL2thbm1pL2NhYmluZXQvc2hvaGluNC8xMDY5Njk2MF8wMS5qcGciIGFsdD0iS2FubWkuIOODreODs+OCsOOCouOCs+ODvOODh+OCo+OCquODs+OCpuOCqeODrOODg+ODiCDjg4fjgqPjg4bjgqPjg7zjg6siIC8+PGJyIC8+CiAgPGltZyBzcmM9Imh0dHA6Ly9pbWFnZS5yYWt1dGVuLmNvLmpwL2thbm1pL2NhYmluZXQvc2hvaGluNC8xMDY5Njk2MF8wMi5qcGciIGFsdD0iS2FubWkuIOODreODs+OCsOOCouOCs+ODvOODh+OCo+OCquODs+OCpuOCqeODrOODg+ODiCDjg4fjgqPjg4bjgqPjg7zjg6siIC8+PGJyPgo8aW1nIHNyYz0iaHR0cDovL2ltYWdlLnJha3V0ZW4uY28uanAva2FubWkvY2FiaW5ldC9zaG9oaW40LzEwNjk2OTYwXzAzLmpwZyIgYWx0PSJLYW5taS4g44Ot44Oz44Kw44Ki44Kz44O844OH44Kj44Kq44Oz44Km44Kp44Os44OD44OIIOODh+OCo+ODhuOCo+ODvOODqyIgLz48YnIgLz4KPGltZyBzcmM9Imh0dHA6Ly9pbWFnZS5yYWt1dGVuLmNvLmpwL2thbm1pL2NhYmluZXQvc2hvaGluNC8xMDY5Njk2MF8wNC5qcGciIGFsdD0iS2FubWkuIOODreODs+OCsOOCouOCs+ODvOODh+OCo+OCquODs+OCpuOCqeODrOODg+ODiCDjg4fjgqPjg4bjgqPjg7zjg6siIC8+PGJyIC8+CjxpbWcgc3JjPSJodHRwOi8vaW1hZ2UucmFrdXRlbi5jby5qcC9rYW5taS9jYWJpbmV0L3Nob2hpbjQvMTA2OTY5NjBfMDUuanBnIiAvPjwvcD48YnIgLz4KPHA+PGltZyBzcmM9Imh0dHA6Ly9pbWFnZS5yYWt1dGVuLmNvLmpwL2thbm1pL2NhYmluZXQvc2hvaGluNC8xMDY5Njk2MF9jb2xvci5qcGciIGFsdD0iS2FubWkuIOODreODs+OCsOOCouOCs+ODvOODh+OCo+OCquODs+OCpuOCqeODrOODg+ODiCDjgqvjg6njg5Djg6oiIC8+PC9wPjxiciAvPgo8cD48aW1nIHNyYz0iaHR0cDovL2ltYWdlLnJha3V0ZW4uY28uanAva2FubWkvY2FiaW5ldC9zaG9oaW40LzEwNjk2OTYwXzA2LmpwZz8xIiBhbHQ9Ikthbm1pLiDjg63jg7PjgrDjgqLjgrPjg7zjg4fjgqPjgqrjg7Pjgqbjgqnjg6zjg4Pjg4gg44K544Oa44OD44KvIiAvPjwvcD48YnIgLz4KPHA+PGltZyBzcmM9Imh0dHA6Ly9pbWFnZS5yYWt1dGVuLmNvLmpwL2thbm1pL2NhYmluZXQvc2hvaGluNC8xMDY5Njk2MF8wNy5qcGciIGFsdD0iS2FubWkuIOODreODs+OCsOOCouOCs+ODvOODh+OCo+OCquODs+OCpuOCqeODrOODg+ODiCDllYblk4Hmg4XloLEiIC8+PC9wPjxiciAvPjxiciAvPgo8cD48aW1nIHNyYz0iaHR0cDovL2ltYWdlLnJha3V0ZW4uY28uanAvZ2xlbmNoZWNrL2NhYmluZXQvc2hvaGluNi9rYW5taV9icmFuZGluZm9uZXcuanBnIiAvPjwvcD48YnI+Cjxicj48L3RkPgo8L3RyPjwvdGFibGU+PGZvbnQgc2l6ZT0iMSI+44Oi44OL44K/44O844KE55Kw5aKD44Gr44KI44Gj44Gm44CB5a6f6Zqb44Gu6Imy44O76LOq5oSf44Gq44Gp55Ww44Gq44KL5aC05ZCI44GM44GU44GW44GE44G+44GZ44CC44GU5LqG5om/44GP44Gg44GV44GEPC9mb250Pjxicj4KPC90ZD48L3RyPjwvdGJvZHk+PC90YWJsZT48L2Rpdj48YnI+Cjxicj4KPHRhYmxlIHdpZHRoPSI3MDAiIGJvcmRlcj0iMCIgY2VsbHNwYWNpbmc9IjAiIGNlbGxwYWRkaW5nPSIwIj4KICA8dHI+CiAgICA8dGQ+PGNlbnRlcj4KICAgICAgICA8YnI+CiAgICAgICAgPGEgaHJlZj0iaHR0cDovL2V2ZW50LnJha3V0ZW4uY28uanAvYXN1cmFrdS9hYm91dC8iIHRhcmdldD0iX2JsYW5rIj48aW1nIHNyYz0iaHR0cDovL2ltYWdlLnJha3V0ZW4uY28uanAvZ2xlbmNoZWNrL2NhYmluZXQvZnVyaWUvYXN1X25ld2Jhbm5lci5qcGciIHdpZHRoPSI2NzAiIGhlaWdodD0iMTIwIj48L2E+PGJyPgogICAgICAgIDxicj4KICAgICAgICDigLvmrKDlk4HkuK3jgoTlhaXojbfkuojlrprjga7jgoLjga7jga/jgYLjgZnmpb3lr77lv5zjgpLlj5fjgZHos5zjgovjgZPjgajjgYzjgafjgY3jgb7jgZvjgpPjga7jgafjgIE8YnI+CiAgICAgICAg44GU5LqG5om/44GE44Gf44Gg44GR44G+44GZ44KI44GG44GK6aGY44GE44GE44Gf44GX44G+44GZ44CCPGJyPgogICAgICAgIDxicj4KICAgICAgPC9jZW50ZXI+PC90ZD4KICA8L3RyPgo8L3RhYmxlPgoKPGJyPjxicj4KPCEtLeOBguOBmealveODkOODiuODvC0tPgogIDxpZnJhbWUgc3R5bGU9Im1hcmdpbi1ib3R0b206MjBweDsiIHNyYz0iaHR0cDovL3d3dy5yYWt1dGVuLm5lLmpwL2dvbGQvZ2xlbmNoZWNrL2l0bS9hc3Jibi9wY2l0ZW0vaXRlbV9hc2JuLmh0bWw/MyIgZnJhbWVib3JkZXI9IjAiIHdpZHRoPSI3MDAiIGhlaWdodD0iMTYxIiBzY3JvbGxpbmc9bm8+PC9pZnJhbWU+CjwhLS3jgYLjgZnmpb3jg5Djg4rjg7wgZW5kLS0+PGJyPgo8YnI+PGJyPjxmb250IHNpemU9IjQiIGNvbG9yPSIjRkYwMDAwIj48Yj7igLvjgZTphY3pgIHjgavjgIHjgZTms6jmlofjgYvjgonmlbDml6XjgYvjgYvjgovloLTlkIjjgYzjgZTjgZbjgYTjgb7jgZnjgILjgZTkuobmib/jgY/jgaDjgZXjgYTjgII8L2I+PC9mb250Pjxicj48YnI+PGltZyBhbHQ9IuWVhuWTgeips+e0sCIgc3JjPSJodHRwOi8vaW1hZ2UucmFrdXRlbi5jby5qcC9nbGVuY2hlY2svY2FiaW5ldC9pL2l0ZW0tYmFyLmdpZiIgYm9yZGVyPSIwIiBoZWlnaHQ9IjI1IiB3aWR0aD0iMzIwIj4gCjx0YWJsZSBib3JkZXI9IjEiIGNlbGxwYWRkaW5nPSI3IiBjZWxsc3BhY2luZz0iMCIgd2lkdGg9IjMyMCI+Cjx0Ym9keT4KPHRyPgo8dGQgYmdjb2xvcj0iI2ZmZmY5OSIgd2lkdGg9IjMwJSI+PGZvbnQgc2l6ZT0iMiI+57Sg44CA5p2QPC9mb250PjwvdGQ+Cjx0ZCBiZ2NvbG9yPSIjZmZmZjk5Ij48Zm9udCBzaXplPSIyIj7niZvpnak8L2ZvbnQ+PC90ZD48L3RyPgo8dHI+Cjx0ZCB3aWR0aD0iMzAlIj48Zm9udCBzaXplPSIyIj7jgrXjgqTjgrrvvIjntITvvIk8L2ZvbnQ+PC90ZD4KPHRkPjxmb250IHNpemU9IjIiPjnDlzE5Y23jgIDjg57jg4E0LjVjbeOAgO+8iOmWi+OBhOOBn+aZguacgOWkp+ODnuODgee0hDE1Y23vvIk8L2ZvbnQ+PC90ZD48L3RyPgo8dHI+Cjx0ZCBiZ2NvbG9yPSIjZmZmZjk5IiB3aWR0aD0iMzAlIj48Zm9udCBzaXplPSIyIj7jgqvjg6njg7w8L2ZvbnQ+PC90ZD4KPHRkIGJnY29sb3I9IiNmZmZmOTkiPjxmb250IHNpemU9IjIiPuODm+ODr+OCpOODiOOAgeODluODqeOCpuODs+OAgeODrOODg+ODieOAgeODjeOCpOODk+ODvOOAgeOCsOODquODvOODs+OAgeOCreODo+ODoeODqzwvZm9udD48L3RkPjwvdHI+Cjx0cj48dGQgd2lkdGg9IjMwJSI+PGZvbnQgc2l6ZT0iMiI+6KO96YCg5Zu9PC9mb250PjwvdGQ+Cjx0ZD48Zm9udCBzaXplPSIyIj7ml6XmnKw8L2ZvbnQ+PC90ZD48L3RyPgo8L3Rib2R5PjwvdGFibGU+PGJyPjx0YWJsZSBib3JkZXI9IjAiIGNlbGxzcGFjaW5nPSIwIiBjZWxscGFkZGluZz0iMiI+Cjx0ciB2YWxpZ249InRvcCI+Cjx0ZCBub3dyYXA+44Ku44OV44OI5a++5b+cPC90ZD4KPHRkPgo8aW1nIHNyYz0iaHR0cDovL2ltYWdlLnJha3V0ZW4uY28uanAvZ2xlbmNoZWNrL2NhYmluZXQvZnVyaWUvcmFwLWljb24uZ2lmIiBhbHQ9IuODqeODg+ODlOODs+OCsOWvvuW/nCIgd2lkdGg9IjEwMCIKaGVpZ2h0PSIyMSIgaHNwYWNlPSIxIj4KPGltZyBzcmM9Imh0dHA6Ly9pbWFnZS5yYWt1dGVuLmNvLmpwL2dsZW5jaGVjay9jYWJpbmV0L2Z1cmllL3JhcC1zZW50YWt1LmdpZiIgYWx0PSLjg6njg4Pjg5Tjg7PjgrDpgbjmip7lj68iIHdpZHRoPSIxMDAiIGhlaWdodD0iMjEiIGhzcGFjZT0iMSI+CjxpbWcgc3JjPSJodHRwOi8vaW1hZ2UucmFrdXRlbi5jby5qcC9nbGVuY2hlY2svY2FiaW5ldC9mdXJpZS9yYXAtbWVzc2FnZS5naWYiIGFsdD0i44Oh44OD44K744O844K444Kr44O844OJIiB3aWR0aD0iMTAwIgpoZWlnaHQ9IjIxIiBoc3BhY2U9IjEiPgo8L3RkPgo8L3RyPgo8L3RhYmxlPgo8IS0tRnJlZSBzaGlwcGluZy0tPgo8YnI+CjxUQUJMRSBjZWxsUGFkZGluZz0iMTUiIHdpZHRoPSIzMjAiIGJvcmRlcj0iMSIgYm9yZGVyY29sb3I9IiMwMDAwMDAiPgo8VEJPRFk+CjxUUj48VEQgYWxpZ249ImNlbnRlciIgYmdjb2xvcj0iI0Y1RjVEQyI+5rW35aSW44Gu6YWN6YCB44Gr6Zai44GX44G+44GX44GmPC9URD48L1RSPgo8VFI+CjxURCBhbGlnbj0ibGVmdCIgYmdjb2xvcj0iI2ZmZmZmZiI+CjxGT05UIHNpemU9IjIiPgrjgIzpgIHmlpnnhKHmlpnjgI3jga7ooajoqJjjgYzjgYLjgovjgoLjga7jga/ml6XmnKzjga7lm73lhoXjga7phY3pgIHjgavplqLjgZfjgabjga7lr77lv5zjgajjgarjgorjgb7jgZnjgII8YnI+Cua1t+WklumFjemAgeOBq+mWouOBl+OBpuOBr+WIpemAlOmAgeaWmeOCkuiqsumHkeOBhOOBn+OBl+OBvuOBmeOBruOBp+i/veOBo+OBpuW6l+iIl+OCiOOCiumAo+e1oeOBhOOBn+OBl+OBvuOBmeOAgjxicj48YnI+CiJGcmVlIHNoaXBwaW5nIiBhcHBlYXJzIGluIHRoZSBhZHMgaXMgb25seSB2YWxpZCBmb3IgdGhlIGRvbWVzdGljIGRlbGl2ZXJ5IHdpdGhpbiBKYXBhbi48YnI+ClNoaXBwaW5nIGZlZSBtdXN0IGJlIGNoYXJnZWQgdG8gdGhlIGN1c3RvbWVycyB3aG8gd291bGQgbGlrZSB1cyB0byBzaGlwIHlvdXIgb3JkZXIgdG8gb3V0c2lkZSBvZiBKYXBhbi48YnI+Cjxicj4KUGxlYXNlIGNvbnRhY3QgdXMgb3IgdXNlIHRoZSBzaGlwcGluZyBmZWUgY2FsY3VsYXRvciBiZWxvdyBpZiB5b3Ugd291bGQgbGlrZSB0byBjb25maXJtIHlvdXIgc2hpcHBpbmcgZmVlLjxicj4KPC9GT05UPgo8L1REPgo8L1RSPgo8L1RCT0RZPgo8L1RBQkxFPjxicj4KPGltZyBzcmM9Imh0dHA6Ly9pbWFnZS5yYWt1dGVuLmNvLmpwL2dsZW5jaGVjay9jYWJpbmV0L2Jhbm5lci9yYWt1Ym5yLWNvbnZpbmkuanBnPzAiIGJvcmRlcj0iMCIgLz48YnIgLz48YnI+PGltZyBzcmM9Imh0dHA6Ly9pbWFnZS5yYWt1dGVuLmNvLmpwL2dsZW5jaGVjay9jYWJpbmV0L2Jhbm5lci9yYWt1Ym5yLXJldmlldy5qcGciIGJvcmRlcj0iMCIgLz48YnIgLz48c3R5bGUgdHlwZT0idGV4dC9jc3MiPgo8IS0tCgovKiDjg5fjg6vjg4Djgqbjg7MgKi8KI3Jha3V0ZW5MaW1pdGVkSWRfYXJvdW5kQ2FydCBzcGFuLmNob2ljZXtiYWNrZ3JvdW5kOnVybCgiaHR0cDovL2ltYWdlLnJha3V0ZW4uY28uanAvZ2xlbmNoZWNrL2NhYmluZXQvY2h1dWliYW5hcmNhcnQyLmdpZiIpIG5vLXJlcGVhdCAjZmZlOGJiO2JvcmRlcjoxcHggc29saWQgI2NjYztkaXNwbGF5OmJsb2NrO2ZvbnQtc2l6ZToxNHB4O2ZvbnQtd2VpZ2h0OmJvbGQ7bGluZS1oZWlnaHQ6MS4yZW07cGFkZGluZzo1cHggMCA1cHggMzNweDt0ZXh0LWFsaWduOmxlZnQ7bWFyZ2luLXRvcDoxMHB4O3dpZHRoOjMyMHB4O30vKiDjgr/jgqTjg4jjg6sgKi8KI3Jha3V0ZW5MaW1pdGVkSWRfYXJvdW5kQ2FydCBzZWxlY3R7Ym9yZGVyOjFweCBzb2xpZCAjOTg5ODk4O3dpZHRoOjM1NXB4O2hlaWdodDoyOHB4Oy8qbGluZS1oZWlnaHQ7MS4yZW07bWFyZ2luOjA7ZGlzcGxheTpibG9jaztwb3NpdGlvbjpyZWxhdGl2ZTtmb250LXNpemU6MTNweDsqL30vKiDpgbjmip7pg6jliIYgKi8KCjwhLS0gIOmgheebrumBuOaKnuiCouWIpeWcqOW6q+OBq+WHuuOCi+e0jeacn+OBruODh+OCtuOCpOODs+OAgOKGky0tPgoKdGQuaW52ZW50b3J5IGZvbnR7Zm9udC1zaXplOjEwcHg7Y29sb3I6I2Y4MDAwMDtsaW5lLWhlaWdodDogMS41O30KdGQuaW52ZW50b3J5e3dvcmQtd3JhcDpicmVhay13b3JkO3dpZHRoOjgwcHg7fQoKLyrpgbjmip7poIXnm67pg6jliIbjga7jg4bjg7zjg5bjg6vjgrvjg6vjga7kvZnnmb3vvIhwYWRkaW5n77yJ6Kit5a6aKi8KI3Jha3V0ZW5MaW1pdGVkSWRfYXJvdW5kQ2FydCAuaW52ZW50b3J5X2Nob2ljZV9uYW1le3BhZGRpbmc6N3B4ICFpbXBvcnRhbnQ7fQoKLyrpgbjmip7poIXnm67pg6jliIbjga7jg6njgrjjgqrjg5zjgr/jg7PjgpLlm7LjgaPjgabjgYTjgovjg4bjg7zjg5bjg6vjgrvjg6vjga7kvZnnmb3vvIhwYWRkaW5n77yJ6Kit5a6aKi8KI3Jha3V0ZW5MaW1pdGVkSWRfYXJvdW5kQ2FydCAuaW52ZW50b3J5e3BhZGRpbmc6N3B4ICFpbXBvcnRhbnQ7fQoKLyog6aCF55uu6YG45oqe6IKi5Yil44Gu44OG44O844OW44Or5YaF44Gu5Zyo5bqr6KGo56S6ICovCnRkLmludmVudG9yeSBmb250e2NvbG9yOiM1NTU7Zm9udC1zaXplOjEycHggIWltcG9ydGFudDtsaW5lLWhlaWdodDoxLjM7fQoKCnNwYW4uY2hvaWNlIHsgY29sb3I6ICMwMDA7IGZvbnQtc2l6ZTogMTIwJTt9CgpkaXYjSGVhZGVyS2V5d29yZCB7Cglwb3NpdGlvbjphYnNvbHV0ZTsKCXRvcDo1MHB4Oy8q5LiA55Wq5LiK44GL44KJ44Gu5L2N572uKi8KCWxlZnQ6MzBweDsvKuW3puerr+OBi+OCieOBruS9jee9riovCn0KCmRpdiNIZWFkZXJLZXl3b3JkIHNwYW4gewoJYmFja2dyb3VuZDogI2JmMDAwMDsKCWNvbG9yOiNmZmY7Cglmb250LXdlaWdodDpib2xkOwoJcGFkZGluZzoycHggNXB4Owp9CgpkaXYjSGVhZGVyS2V5d29yZCBhIHsKCWNvbG9yOiMwMDQ0Q0M7Cn0KCi0tPgoKPC9zdHlsZT4KCgo8ZGl2IGlkPSJIZWFkZXJLZXl3b3JkIj4KPHNwYW4+5rOo55uu44Gu44Kt44O844Ov44O844OJPC9zcGFuPgrjgJDjg5Pjgrjjg43jgrnjg57jg7Plv4XmkLrlkI3liLrlhaXjgozvvIHjgJEK44CQ5Lq65rCX5LiK5piH44Gu6ZW36LKh5biD44CRCuOAkOWls+WtkOOBq+S6uuawl2thbm1pLuOAkQo8L2Rpdj4KCjwhLS1Hb1FTeXN0ZW3jg6njg7Pjgq3jg7PjgrDoh6rli5Xmm7TmlrDjg4Tjg7zjg6vjg6/jgqTjg4ktLT4KPHRhYmxlIGFsaWduPSJjZW50ZXIiIHdpZHRoPSI2MDAiIGJvcmRlcj0iMCIgY2VsbHBhZGRpbmc9IjAiIGNlbGxzcGFjaW5nPSIwIiBiZ2NvbG9yPSIjRkZGRkZGIiBzdHlsZT0ibGluZS1oZWlnaHQ6MDsiPgo8dHI+Cjx0ZD4KPHRhYmxlIGFsaWduPSJjZW50ZXIiIHdpZHRoPSI2MDAiIGJvcmRlcj0iMCIgY2VsbHBhZGRpbmc9IjAiIGNlbGxzcGFjaW5nPSIwIiBiZ2NvbG9yPSIjRkZGRkZGIj4KPHRyPgo8dGQgYWxpZ249ImNlbnRlciIgdmFsaWduPSJib3R0b20iIGJnY29sb3I9IiNjY2NjY2MiPjxpbWcgc3JjPSJodHRwczovL3d3dy5yYWt1dGVuLm5lLmpwL2dvbGQvZ2xlbmNoZWNrL2dvcXN5c3RlbS82MDByYW5raW5ndGl0ZWwuZ2lmIiB3aWR0aD0iNjAwIiAvPjwvdGQ+CjwvdHI+CjwvdGFibGU+Cjx0YWJsZSBhbGlnbj0iY2VudGVyIiB3aWR0aD0iNTk2IiBib3JkZXI9IjAiIGNlbGxwYWRkaW5nPSIwIiBjZWxsc3BhY2luZz0iMCIgYmdjb2xvcj0iI0NDQ0NDQyIgc3R5bGU9ImJvcmRlci1sZWZ0OnNvbGlkO2JvcmRlci1sZWZ0LXdpZHRoOjFweDtib3JkZXItcmlnaHQ6c29saWQ7Ym9yZGVyLXJpZ2h0LXdpZHRoOjFweDtib3JkZXItYm90dG9tOnNvbGlkO2JvcmRlci1ib3R0b20td2lkdGg6MXB4O2JvcmRlci1jb2xvcjojQ0NDQ0NDOyI+Cjx0cj4KPHRkIGFsaWduPSJjZW50ZXIiIGJnY29sb3I9IiNGRkZGRkYiPgo8ZGl2IGNsYXNzPSJpZnJtLWNvbnRhaW5lciIgc3R5bGU9IndpZHRoOjU5OHB4O2hlaWdodDo0NjBweDtvdmVyZmxvdzphdXRvOy13ZWJraXQtb3ZlcmZsb3ctc2Nyb2xsaW5nOnRvdWNoOyI+Cgo8L2Rpdj4KPC90ZD4KPC90cj4KPHRyPgo8dGQgYWxpZ249InJpZ2h0IiBiZ2NvbG9yPSIjRkZGRkZGIiBzdHlsZT0icGFkZGluZzoycHg7Ij4KPGltZyBzcmM9Imh0dHBzOi8vd3d3LnJha3V0ZW4ubmUuanAvZ29sZC9nbGVuY2hlY2svZ29xc3lzdGVtL3Bvd2VyZWRfYnlfYmFubmVyLmdpZiIgd2lkdGg9IjEyNSIgLz4KPC90ZD4KPC90cj4KPC90YWJsZT4KPC90ZD4KPC90cj4KPC90YWJsZT4KPCEtLUdvUVN5c3RlbeODqeODs+OCreODs+OCsOiHquWLleabtOaWsOODhOODvOODq+ODr+OCpOODiS0tPgo8YnI+Cgo8IS0t4pa85YWx6YCa6Kqs5piO5paH77yI5aSn77yJLS0+Cjx0YWJsZSBib3JkZXI9IjAiIGNlbGxwYWRkaW5nPSIwIiBjZWxsc3BhY2luZz0iMCIgd2lkdGg9IjcwMCI+Cjx0Ym9keT48dHI+Cjx0ZCB2YWxpZ249InRvcCI+Cgo8IS0t44OH44K244Kk44Oz6Kit5a6a77ya5YWx6YCa6Kqs5piO5paH77yI5aSn77yJ5LiK6YOoLS0+Cgo8IS0t44OH44K244Kk44Oz6Kit5a6a77ya5YWx6YCa6Kqs5piO5paH77yI5aSn77yJ5LiK6YOoLS0+Cgo8L3RkPjwvdHI+CjwvdGJvZHk+PC90YWJsZT4KPCEtLeKWsuWFsemAmuiqrOaYjuaWh++8iOWkp++8ieOBk+OBk+OBvuOBpy0tPgo8YnI+CjwhLS3ilrzjgqrjgrnjgrnjg6Hjgr/jgqTjg4jjg6vnlLvlg48tLT4KPFRBQkxFIGNlbGxTcGFjaW5nPTAgY2VsbFBhZGRpbmc9MCB3aWR0aD03MDAgYm9yZGVyPTA+CjxUUj4KPFREIGJhY2tncm91bmQ9aHR0cDovL2ltYWdlLnJha3V0ZW4uY28uanAvZ2xlbmNoZWNrL2NhYmluZXQvZnVyaWUvMWJhbi1uZXIuanBnIGhlaWdodD0zMD4KPCEtLeKWvOOCq+ODqeODvOOCv+OCpOODiOODqy0tPjxmb250IGNvbG9yPUZGRkZGRiBzaXplPSI0IiA+PGI+44CA44CA44CA44CA44CA44CA44CA44CA44Kw44Os44Oz44OB44Kn44OD44Kv44K544K/44OD44OV44Gu44Kq44K544K544Oh44Ki44Kk44OG44Og44Gv44GT44Gh44KJ77yBIDwvYj48L2ZvbnQ+CjwvVEQ+PC9UUj48L1RBQkxFPgoKPCEtLeKWvOOCquOCueOCueODoeOCouOCpOODhuODoC0tPgo8dGFibGUgYm9yZGVyPSIwIiBjZWxscGFkZGluZz0iMCIgY2VsbHNwYWNpbmc9IjAiIHdpZHRoPSI3MDAiPgo8dGJvZHk+PHRyPgo8dGQgdmFsaWduPSJ0b3AiPgoKPCEtLeODh+OCtuOCpOODs+ioreWumu+8muWFsemAmuiqrOaYjuaWh++8iOWkp++8ieS4i+mDqC0tPgoKPCEtLeODh+OCtuOCpOODs+ioreWumu+8muWFsemAmuiqrOaYjuaWh++8iOWkp++8ieS4i+mDqC0tPgoKPC90ZD48L3RyPgkKPC90Ym9keT48L3RhYmxlPgoKCjwhLS3ilrLjgYrjgZnjgZnjgoHjgZPjgZPjgb7jgactLT4KPGJyPg==,44CQ6YCB5paZ54Sh5paZ44CR44Ot44Oz44Kw44Ki44Kz44O844OH44Kj44Kq44Oz44Km44Kp44Os44OD44OI44CQS2FubWku44CR44CQ44Kr44Oz44Of44CR44CQ6LKh5biD44CR44CQ44Ki44Kz44O844OH44Kj44Kq44Oz44CRL+aXpeacrOijveOAkOmVt+iyoeW4gy/plbfmnK3osqHluIPjgJHvvJrosqHluIPjgJDlkI3lhaXjgoznhKHmlpnjgJHjgrDjg6zjg7Pjg4Hjgqfjg4Pjgq8=,5ZCN5YWl44KM6LKh5biD44OP44Oq44K544OE44Kk44O844OJ44OW44Op44Kk44OJ44Or44Os44K244O844OR44OK44Oe44OP44OD44OI44OW44Oq44OG44Kj44OD44K344Ol44Kw44Oq44O844OzYnJpdGlzaCBncmVlbuOCu+ODieOCpuOCo+ODg+OCr1NFREdXSUNL44OT44K444ON44K544Kz44O844OJ44OQ44Oz55S36Iux5Zu9546L5a6k5b6h55So6YGU44K144K544Oa44Oz44OA44O85pys6Z2p44Os44K244O844Km44Kp44Os44OD44OI5LqM44Gk5oqY44KK44Kw44Os44Oz44OB44Kn44OD44KvR0xFTkNIRUNL5ZCN5Yi65YWl44KM44CQ6YCB5paZ54Sh5paZ44CR44Ot44Oz44Kw44Ki44Kz44O844OH44Kj44Kq44Oz44Km44Kp44Os44OD44OI44CQS2FubWku44CR44CQ44Kr44Oz44Of44CR44CQ6LKh5biD44CR44CQ44Ki44Kz44O844OH44Kj44Kq44Oz44CRL+aXpeacrOijveOAkOmVt+iyoeW4gy/plbfmnK3osqHluIPjgJE=,44Od44Kx44OD44OI44GM44GE44Gj44Gx44GE44Ki44Kz44O844OH44Kj44Kq44Oz44Km44Kp44Os44OD44OI44CC44CQ6YCB5paZ54Sh5paZ44CR44Ot44Oz44Kw44Ki44Kz44O844OH44Kj44Kq44Oz44Km44Kp44Os44OD44OI44CQS2FubWku44CR44CQ44Kr44Oz44Of44CR44CQ6LKh5biD44CR44CQ44Ki44Kz44O844OH44Kj44Kq44Oz44CRL+aXpeacrOijveOAkOmVt+iyoeW4gy/plbfmnK3osqHluIPjgJE=[rn]
39-76473,aHR0cDovL3RzaG9wLnIxMHMuanAvZ2xlbmNoZWNrL2NhYmluZXQvc2hvaGluNi8xMDY5ODAyMV90aHVtMS5qcGc/Zml0aW49NzAwOjcwMA==,ODQ2Ny4yMDAw,,44OQ44OD44Kw44O75bCP54mp44O744OW44Op44Oz44OJ6ZuR6LKoID4g6LKh5biD44O744Kx44O844K5ID4g44Os44OH44Kj44O844K56LKh5biD,S2FubWkuIOODr+ODqeODk+ODvCDjgqzjg57jgrDjg4Hjgqbjgqnjg6zjg4Pjg4jjgJDjg6zjg4fjgqPjg7zjgrnjgJHjgJAgS2FubWkuIOOAkeOAkOOCq+ODs+ODn+OAkeOAkOaXpeacrOijveOAkeOAkOOBjOOBvuWPo+OAkeOAkOiyoeW4g+OAkeOAkOmAgeaWmeeEoeaWmeOAkQ==,5rSX44GE44GW44KJ44GX44Gu6Z2p44Gv44KE44GV44GX44GE5omL44GW44KP44KK,PGEgaHJlZj0iaHR0cDovL3d3dy5yYWt1dGVuLm5lLmpwL2dvbGQva2FubWkvIiB0YXJnZXQ9Il9ibGFuayI+PGltZyBzcmM9Imh0dHA6Ly9pbWFnZS5yYWt1dGVuLmNvLmpwL2dsZW5jaGVjay9jYWJpbmV0L3Rva3VzeXU0L2thbm1pc2hvcC03MDBibnIuanBnIiB3aWR0aD0iNzAwIiBoZWlnaHQ9IjEwMCIgYm9yZGVyPSIwIiAvPjwvYT48YnIgLz48YnIgLz4KPGZvbnQgc2l6ZT0iMiI+S2FubWkuIOODr+ODqeODk+ODvCDjgqzjg57jgrDjg4Hjgqbjgqnjg6zjg4Pjg4g8L2ZvbnQ+PGJyIC8+CjxpbWcgc3JjPSJodHRwOi8vaW1hZ2UucmFrdXRlbi5jby5qcC9nbGVuY2hlY2svY2FiaW5ldC9kb3RsaW5lLmdpZiIgLz48YnIgLz4KPHA+PGltZyBzcmM9Imh0dHA6Ly9pbWFnZS5yYWt1dGVuLmNvLmpwL2dsZW5jaGVjay9jYWJpbmV0L3Nob2hpbjYvMTA2OTgwMjFfazEuanBnIiBhbHQ9Ikthbm1pLiDjg6/jg6njg5Pjg7wg44Ks44Oe44Kw44OB44Km44Kp44Os44OD44OIIOeci+adv+eUu+WDj+OAgOa0l+OBhOOBluOCieOBl+OBrumdqeOBr+OAgeWEquOBl+OBhOaJi+OBluOCj+OCiuOBq+OBhOOBpOOBvuOBp+OCguinpuOBo+OBpuOBhOOBn+OBj+OBquOCi+OCiOOBhuOBquizquaEn+OAgiIgd2lkdGg9IjcwMCIgLz48YnIgLz4KPGltZyBzcmM9Imh0dHA6Ly9pbWFnZS5yYWt1dGVuLmNvLmpwL2dsZW5jaGVjay9jYWJpbmV0L3Nob2hpbjYvMTA2OTgwMjFfazIuanBnIiBhbHQ9Ikthbm1pLiDjg6/jg6njg5Pjg7wg44Ks44Oe44Kw44OB44Km44Kp44Os44OD44OIICDjgYrohbnjga7ooovjgYvjgonpoZTjgpLlh7rjgZnlrZDkvpvjgZ/jgaHjgpLjgqTjg6Hjg7zjgrjjgZfjgabku5jjgZHjgZ/lkI3liY3jga7jg6/jg6njg5Pjg7zjgIIiIC8+PC9wPjxicj4KPGltZyBzcmM9Imh0dHA6Ly9pbWFnZS5yYWt1dGVuLmNvLmpwL2dsZW5jaGVjay9jYWJpbmV0L3Nob2hpbjYvMTA2OTgwMjFfZDEuanBnIiBhbHQ9Ikthbm1pLiDjg6/jg6njg5Pjg7wg44Ks44Oe44Kw44OB44Km44Kp44Os44OD44OIICDjg4fjgqPjg4bjgqPjg7zjg6sxIiB3aWR0aD0iNzAwIiAvPjxiciAvPgo8aW1nIHNyYz0iaHR0cDovL2ltYWdlLnJha3V0ZW4uY28uanAvZ2xlbmNoZWNrL2NhYmluZXQvc2hvaGluNi8xMDY5ODAyMV9kMi5qcGciIGFsdD0iS2FubWkuIOODr+ODqeODk+ODvCDjgqzjg57jgrDjg4Hjgqbjgqnjg6zjg4Pjg4gg44OH44Kj44OG44Kj44O844OrMiIgd2lkdGg9IjcwMCIgLz48YnIgLz4KPGltZyBzcmM9Imh0dHA6Ly9pbWFnZS5yYWt1dGVuLmNvLmpwL2dsZW5jaGVjay9jYWJpbmV0L3Nob2hpbjYvMTA2OTgwMjFfYy5qcGciIGFsdD0iS2FubWkuIOODr+ODqeODk+ODvCDjgqzjg57jgrDjg4Hjgqbjgqnjg6zjg4Pjg4gg44Kr44Op44O844OQ44Oq44Ko44O844K344On44OzIiB3aWR0aD0iNzAwIiAvPjxiciAvPgo8aW1nIHNyYz0iaHR0cDovL2ltYWdlLnJha3V0ZW4uY28uanAvZ2xlbmNoZWNrL2NhYmluZXQvc2hvaGluNi8xMDY5ODAyMV9zLmpwZyIgYWx0PSJLYW5taS4g44Ov44Op44OT44O8IOOCrOODnuOCsOODgeOCpuOCqeODrOODg+ODiCDjgrnjg5rjg4Pjgq8iIHdpZHRoPSI3MDAiIC8+PGJyIC8+CjxpbWcgc3JjPSJodHRwOi8vaW1hZ2UucmFrdXRlbi5jby5qcC9nbGVuY2hlY2svY2FiaW5ldC9zaG9oaW42LzEwNjk4MDIxX3AuanBnIiBhbHQ9Ikthbm1pLiDjg6/jg6njg5Pjg7wg44Ks44Oe44Kw44OB44Km44Kp44Os44OD44OIIOODl+ODreODgOOCr+ODiOOCpOODs+ODleOCqSIgd2lkdGg9IjcwMCIgLz48L3A+PGJyIC8+Cgo8cD48aW1nIHNyYz0iaHR0cDovL2ltYWdlLnJha3V0ZW4uY28uanAvZ2xlbmNoZWNrL2NhYmluZXQvc2hvaGluNi9rYW5taV9icmFuZGluZm9uZXcuanBnIiBhbHQ9ImFib3V0IGthbm1pIiB3aWR0aD0iNzAwIiAvPjwvcD48YnIgLz4KCjxwPjxpbWcgc3JjPSJodHRwOi8vaW1hZ2UucmFrdXRlbi5jby5qcC9nbGVuY2hlY2svY2FiaW5ldC9zaG9oaW42L3dhbGxhYnlfc25ldy5qcGciIGJvcmRlcj0iMCIgdXNlbWFwPSIjTWFwIiAvPgo8bWFwIG5hbWU9Ik1hcCIgaWQ9Ik1hcCI+CjxhcmVhIHNoYXBlPSJwb2x5IiBjb29yZHM9IjIyOCw4OSwxNDMsNTEsOTAsNTksNjAsMTE2LDkxLDE4OCwxMzUsMjAzLDEzMiwyMTQsNjcsMjE3LDIxLDMxNCwxNTgsMzk5LDIxOCwzMDgsMTc2LDI0NywyMDEsMjAzIiBocmVmPSJodHRwOi8vaXRlbS5yYWt1dGVuLmNvLmpwL2dsZW5jaGVjay8xMDY5ODAwOS8iIHRhcmdldD0iX2JsYW5rIiBhbHQ9IuODr+ODqeODk+ODvOODkeOCueOCseODvOOCuSIgLz4KPGFyZWEgc2hhcGU9InBvbHkiIGNvb3Jkcz0iNjY1LDE1Miw1MTUsNDgsNDcxLDc4LDM1Miw4MiwzNDcsMTAwLDMzMCwxMDEsMzE4LDkwLDI5OCw5MSwyOTEsMTA5LDIzNywxMTIsMjI5LDEyNiwyMjUsMTk2LDIyNiwyMzMsMzA3LDIzOCw0NzAsMjExLDQ4NiwyMzIsNTE2LDIzNCw1NTYsMjYyLDU4NywyNTciIGhyZWY9Imh0dHA6Ly9pdGVtLnJha3V0ZW4uY28uanAvZ2xlbmNoZWNrLzEwNjk4MDIxLyIgdGFyZ2V0PSJfYmxhbmsiIGFsdD0i44Ov44Op44OT44O844Ks44Oe44Kw44OB44Km44Kp44Os44OD44OIIiAvPgo8YXJlYSBzaGFwZT0icG9seSIgY29vcmRzPSIzODYsMjQwLDM1NywyMzgsMzU4LDI1NCwyMzYsMjU5LDIzNCwzMDksMjIzLDM0NCwyMzgsNDA2LDMyNSwzOTYsMzMzLDQwOCw0MzUsNDA4LDQzNiwzOTEsNTE4LDM4Nyw1MjksMzQzLDUxMCwyOTcsNTAyLDI1MiwzODksMjUyIiBocmVmPSJodHRwOi8vaXRlbS5yYWt1dGVuLmNvLmpwL2dsZW5jaGVjay85Njk3M3MvIiB0YXJnZXQ9Il9ibGFuayIgYWx0PSLjg6/jg6njg5Pjg7zjg63jg7PjgrDjgqbjgqnjg6zjg4Pjg4giIC8+CjwvbWFwPgoKPC9wPjxiciAvPjxiciAvPgoKPCEtLeOBguOBmealveODkOODiuODvC0tPgogIDxpZnJhbWUgc3R5bGU9Im1hcmdpbi1ib3R0b206MjBweDsiIHNyYz0iaHR0cDovL3d3dy5yYWt1dGVuLm5lLmpwL2dvbGQvZ2xlbmNoZWNrL2l0bS9hc3Jibi9wY2l0ZW0vaXRlbV9hc2JuLmh0bWw/MyIgZnJhbWVib3JkZXI9IjAiIHdpZHRoPSI3MDAiIGhlaWdodD0iMTYxIiBzY3JvbGxpbmc9bm8+PC9pZnJhbWU+CjwhLS3jgYLjgZnmpb3jg5Djg4rjg7wgZW5kLS0+PGJyPgo8YnI+PCEtLeWVhuWTgeips+e0sC0tPgo8dGFibGUgd2lkdGg9IjMyMCIgYm9yZGVyPSIxIiAgYm9yZGVyY29sb3I9IiMwMDAwMDAiIGNlbGxwYWRkaW5nPSI1Ij4KPHRyPjx0ZCB3aWR0aD0iMTglIiBhbGlnbj0iY2VudGVyIj48Zm9udCBzaXplPSIyIj7llYblk4HlkI08L2ZvbnQ+PC90ZD4KPHRkPjxmb250IHNpemU9IjIiPkthbm1pLiDjg6/jg6njg5Pjg7wg44Ks44Oe44Kw44OB44Km44Kp44Os44OD44OIPC9mb250PjwvdGQ+PC90cj4KPHRyPjx0ZCB3aWR0aD0iMTUlIiBhbGlnbj0iY2VudGVyIj48Zm9udCBzaXplPSIyIj7llYblk4E8YnIgLz7oqbPntLA8L2ZvbnQ+PC90ZD4KPHRkPjxmb250IHNpemU9IjIiPua0l+OBhOOBluOCieOBl+OBrumdqeOBr+OAgeWEquOBl+OBhOaJi+OBluOCj+OCiuOBq+OBhOOBpOOBvuOBp+OCguinpuOBo+OBpuOBhOOBn+OBj+OBquOCi+OCiOOBhuOBquizquaEn+OAguOBiuiFueOBruiii+OBi+OCiemhlOOCkuWHuuOBmeWtkOS+m+OBn+OBoeOCkuOCpOODoeODvOOCuOOBl+OBpuS7mOOBkeOBn+WQjeWJjeOBruODr+ODqeODk+ODvOOAgjxiciAvPjxiciAvPjxiPue0oOadkC88L2I+54mb6Z2pPGJyIC8+PGJyIC8+PGI+44K144Kk44K6LzwvYj48YnIgLz7vvIjntITvvInvvLvlpKfvvL3lj6Pph5HluYUxMy41Y20s77y75bCP77y95Y+j6YeR5bmFMTAuNWNt44CB6auY44GVMTFjbTxiciAvPjxiciAvPjxiciAvPjxiPumHjeOBlS88L2I+77yI57SE77yJMTUyZzxiciAvPjxiciAvPgo8Yj7ku5Xmp5gvPC9iPuOCrOODnuOCsOODgeWkp++8iOS7leWIh+OCiu+8keOBpOOBguOCiu+8ieOAgeWwj++8keKAu+WPjue0jeiii+S7mOOBjTwvZm9udD48L3RkPjwvdHI+PC90YWJsZT48YnIgLz48YnIgLz4KCjxicj4KPGltZyBzcmM9Imh0dHA6Ly9pbWFnZS5yYWt1dGVuLmNvLmpwL2dsZW5jaGVjay9jYWJpbmV0L2Jhbm5lci9yYWt1Ym5yLWNvbnZpbmkuanBnPzAiIGJvcmRlcj0iMCIgLz48YnIgLz48YnI+PGltZyBzcmM9Imh0dHA6Ly9pbWFnZS5yYWt1dGVuLmNvLmpwL2dsZW5jaGVjay9jYWJpbmV0L2Jhbm5lci9yYWt1Ym5yLXJldmlldy5qcGciIGJvcmRlcj0iMCIgLz48YnIgLz48c3R5bGUgdHlwZT0idGV4dC9jc3MiPgo8IS0tCgovKiDjg5fjg6vjg4Djgqbjg7MgKi8KI3Jha3V0ZW5MaW1pdGVkSWRfYXJvdW5kQ2FydCBzcGFuLmNob2ljZXtiYWNrZ3JvdW5kOnVybCgiaHR0cDovL2ltYWdlLnJha3V0ZW4uY28uanAvZ2xlbmNoZWNrL2NhYmluZXQvY2h1dWliYW5hcmNhcnQyLmdpZiIpIG5vLXJlcGVhdCAjZmZlOGJiO2JvcmRlcjoxcHggc29saWQgI2NjYztkaXNwbGF5OmJsb2NrO2ZvbnQtc2l6ZToxNHB4O2ZvbnQtd2VpZ2h0OmJvbGQ7bGluZS1oZWlnaHQ6MS4yZW07cGFkZGluZzo1cHggMCA1cHggMzNweDt0ZXh0LWFsaWduOmxlZnQ7bWFyZ2luLXRvcDoxMHB4O3dpZHRoOjMyMHB4O30vKiDjgr/jgqTjg4jjg6sgKi8KI3Jha3V0ZW5MaW1pdGVkSWRfYXJvdW5kQ2FydCBzZWxlY3R7Ym9yZGVyOjFweCBzb2xpZCAjOTg5ODk4O3dpZHRoOjM1NXB4O2hlaWdodDoyOHB4Oy8qbGluZS1oZWlnaHQ7MS4yZW07bWFyZ2luOjA7ZGlzcGxheTpibG9jaztwb3NpdGlvbjpyZWxhdGl2ZTtmb250LXNpemU6MTNweDsqL30vKiDpgbjmip7pg6jliIYgKi8KCjwhLS0gIOmgheebrumBuOaKnuiCouWIpeWcqOW6q+OBq+WHuuOCi+e0jeacn+OBruODh+OCtuOCpOODs+OAgOKGky0tPgoKdGQuaW52ZW50b3J5IGZvbnR7Zm9udC1zaXplOjEwcHg7Y29sb3I6I2Y4MDAwMDtsaW5lLWhlaWdodDogMS41O30KdGQuaW52ZW50b3J5e3dvcmQtd3JhcDpicmVhay13b3JkO3dpZHRoOjgwcHg7fQoKLyrpgbjmip7poIXnm67pg6jliIbjga7jg4bjg7zjg5bjg6vjgrvjg6vjga7kvZnnmb3vvIhwYWRkaW5n77yJ6Kit5a6aKi8KI3Jha3V0ZW5MaW1pdGVkSWRfYXJvdW5kQ2FydCAuaW52ZW50b3J5X2Nob2ljZV9uYW1le3BhZGRpbmc6N3B4ICFpbXBvcnRhbnQ7fQoKLyrpgbjmip7poIXnm67pg6jliIbjga7jg6njgrjjgqrjg5zjgr/jg7PjgpLlm7LjgaPjgabjgYTjgovjg4bjg7zjg5bjg6vjgrvjg6vjga7kvZnnmb3vvIhwYWRkaW5n77yJ6Kit5a6aKi8KI3Jha3V0ZW5MaW1pdGVkSWRfYXJvdW5kQ2FydCAuaW52ZW50b3J5e3BhZGRpbmc6N3B4ICFpbXBvcnRhbnQ7fQoKLyog6aCF55uu6YG45oqe6IKi5Yil44Gu44OG44O844OW44Or5YaF44Gu5Zyo5bqr6KGo56S6ICovCnRkLmludmVudG9yeSBmb250e2NvbG9yOiM1NTU7Zm9udC1zaXplOjEycHggIWltcG9ydGFudDtsaW5lLWhlaWdodDoxLjM7fQoKCnNwYW4uY2hvaWNlIHsgY29sb3I6ICMwMDA7IGZvbnQtc2l6ZTogMTIwJTt9CgpkaXYjSGVhZGVyS2V5d29yZCB7Cglwb3NpdGlvbjphYnNvbHV0ZTsKCXRvcDo1MHB4Oy8q5LiA55Wq5LiK44GL44KJ44Gu5L2N572uKi8KCWxlZnQ6MzBweDsvKuW3puerr+OBi+OCieOBruS9jee9riovCn0KCmRpdiNIZWFkZXJLZXl3b3JkIHNwYW4gewoJYmFja2dyb3VuZDogI2JmMDAwMDsKCWNvbG9yOiNmZmY7Cglmb250LXdlaWdodDpib2xkOwoJcGFkZGluZzoycHggNXB4Owp9CgpkaXYjSGVhZGVyS2V5d29yZCBhIHsKCWNvbG9yOiMwMDQ0Q0M7Cn0KCi0tPgoKPC9zdHlsZT4KCgo8ZGl2IGlkPSJIZWFkZXJLZXl3b3JkIj4KPHNwYW4+5rOo55uu44Gu44Kt44O844Ov44O844OJPC9zcGFuPgrjgJDjg5Pjgrjjg43jgrnjg57jg7Plv4XmkLrlkI3liLrlhaXjgozvvIHjgJEK44CQ5Lq65rCX5LiK5piH44Gu6ZW36LKh5biD44CRCuOAkOWls+WtkOOBq+S6uuawl2thbm1pLuOAkQo8L2Rpdj4KCjwhLS1Hb1FTeXN0ZW3jg6njg7Pjgq3jg7PjgrDoh6rli5Xmm7TmlrDjg4Tjg7zjg6vjg6/jgqTjg4ktLT4KPHRhYmxlIGFsaWduPSJjZW50ZXIiIHdpZHRoPSI2MDAiIGJvcmRlcj0iMCIgY2VsbHBhZGRpbmc9IjAiIGNlbGxzcGFjaW5nPSIwIiBiZ2NvbG9yPSIjRkZGRkZGIiBzdHlsZT0ibGluZS1oZWlnaHQ6MDsiPgo8dHI+Cjx0ZD4KPHRhYmxlIGFsaWduPSJjZW50ZXIiIHdpZHRoPSI2MDAiIGJvcmRlcj0iMCIgY2VsbHBhZGRpbmc9IjAiIGNlbGxzcGFjaW5nPSIwIiBiZ2NvbG9yPSIjRkZGRkZGIj4KPHRyPgo8dGQgYWxpZ249ImNlbnRlciIgdmFsaWduPSJib3R0b20iIGJnY29sb3I9IiNjY2NjY2MiPjxpbWcgc3JjPSJodHRwczovL3d3dy5yYWt1dGVuLm5lLmpwL2dvbGQvZ2xlbmNoZWNrL2dvcXN5c3RlbS82MDByYW5raW5ndGl0ZWwuZ2lmIiB3aWR0aD0iNjAwIiAvPjwvdGQ+CjwvdHI+CjwvdGFibGU+Cjx0YWJsZSBhbGlnbj0iY2VudGVyIiB3aWR0aD0iNTk2IiBib3JkZXI9IjAiIGNlbGxwYWRkaW5nPSIwIiBjZWxsc3BhY2luZz0iMCIgYmdjb2xvcj0iI0NDQ0NDQyIgc3R5bGU9ImJvcmRlci1sZWZ0OnNvbGlkO2JvcmRlci1sZWZ0LXdpZHRoOjFweDtib3JkZXItcmlnaHQ6c29saWQ7Ym9yZGVyLXJpZ2h0LXdpZHRoOjFweDtib3JkZXItYm90dG9tOnNvbGlkO2JvcmRlci1ib3R0b20td2lkdGg6MXB4O2JvcmRlci1jb2xvcjojQ0NDQ0NDOyI+Cjx0cj4KPHRkIGFsaWduPSJjZW50ZXIiIGJnY29sb3I9IiNGRkZGRkYiPgo8ZGl2IGNsYXNzPSJpZnJtLWNvbnRhaW5lciIgc3R5bGU9IndpZHRoOjU5OHB4O2hlaWdodDo0NjBweDtvdmVyZmxvdzphdXRvOy13ZWJraXQtb3ZlcmZsb3ctc2Nyb2xsaW5nOnRvdWNoOyI+Cgo8L2Rpdj4KPC90ZD4KPC90cj4KPHRyPgo8dGQgYWxpZ249InJpZ2h0IiBiZ2NvbG9yPSIjRkZGRkZGIiBzdHlsZT0icGFkZGluZzoycHg7Ij4KPGltZyBzcmM9Imh0dHBzOi8vd3d3LnJha3V0ZW4ubmUuanAvZ29sZC9nbGVuY2hlY2svZ29xc3lzdGVtL3Bvd2VyZWRfYnlfYmFubmVyLmdpZiIgd2lkdGg9IjEyNSIgLz4KPC90ZD4KPC90cj4KPC90YWJsZT4KPC90ZD4KPC90cj4KPC90YWJsZT4KPCEtLUdvUVN5c3RlbeODqeODs+OCreODs+OCsOiHquWLleabtOaWsOODhOODvOODq+ODr+OCpOODiS0tPgo8YnI+Cgo8IS0t4pa85YWx6YCa6Kqs5piO5paH77yI5aSn77yJLS0+Cjx0YWJsZSBib3JkZXI9IjAiIGNlbGxwYWRkaW5nPSIwIiBjZWxsc3BhY2luZz0iMCIgd2lkdGg9IjcwMCI+Cjx0Ym9keT48dHI+Cjx0ZCB2YWxpZ249InRvcCI+Cgo8IS0t44OH44K244Kk44Oz6Kit5a6a77ya5YWx6YCa6Kqs5piO5paH77yI5aSn77yJ5LiK6YOoLS0+Cgo8IS0t44OH44K244Kk44Oz6Kit5a6a77ya5YWx6YCa6Kqs5piO5paH77yI5aSn77yJ5LiK6YOoLS0+Cgo8L3RkPjwvdHI+CjwvdGJvZHk+PC90YWJsZT4KPCEtLeKWsuWFsemAmuiqrOaYjuaWh++8iOWkp++8ieOBk+OBk+OBvuOBpy0tPgo8YnI+CjwhLS3ilrzjgqrjgrnjgrnjg6Hjgr/jgqTjg4jjg6vnlLvlg48tLT4KPFRBQkxFIGNlbGxTcGFjaW5nPTAgY2VsbFBhZGRpbmc9MCB3aWR0aD03MDAgYm9yZGVyPTA+CjxUUj4KPFREIGJhY2tncm91bmQ9aHR0cDovL2ltYWdlLnJha3V0ZW4uY28uanAvZ2xlbmNoZWNrL2NhYmluZXQvZnVyaWUvMWJhbi1uZXIuanBnIGhlaWdodD0zMD4KPCEtLeKWvOOCq+ODqeODvOOCv+OCpOODiOODqy0tPjxmb250IGNvbG9yPUZGRkZGRiBzaXplPSI0IiA+PGI+44CA44CA44CA44CA44CA44CA44CA44CA44Kw44Os44Oz44OB44Kn44OD44Kv44K544K/44OD44OV44Gu44Kq44K544K544Oh44Ki44Kk44OG44Og44Gv44GT44Gh44KJ77yBIDwvYj48L2ZvbnQ+CjwvVEQ+PC9UUj48L1RBQkxFPgoKPCEtLeKWvOOCquOCueOCueODoeOCouOCpOODhuODoC0tPgo8dGFibGUgYm9yZGVyPSIwIiBjZWxscGFkZGluZz0iMCIgY2VsbHNwYWNpbmc9IjAiIHdpZHRoPSI3MDAiPgo8dGJvZHk+PHRyPgo8dGQgdmFsaWduPSJ0b3AiPgoKPCEtLeODh+OCtuOCpOODs+ioreWumu+8muWFsemAmuiqrOaYjuaWh++8iOWkp++8ieS4i+mDqC0tPgoKPCEtLeODh+OCtuOCpOODs+ioreWumu+8muWFsemAmuiqrOaYjuaWh++8iOWkp++8ieS4i+mDqC0tPgoKPC90ZD48L3RyPgkKPC90Ym9keT48L3RhYmxlPgoKCjwhLS3ilrLjgYrjgZnjgZnjgoHjgZPjgZPjgb7jgactLT4KPGJyPg==,S2FubWkuIOODr+ODqeODk+ODvCDjgqzjg57jgrDjg4Hjgqbjgqnjg6zjg4Pjg4jjgJDjg6zjg4fjgqPjg7zjgrnjgJHjgJAgS2FubWkuIOOAkeOAkOOCq+ODs+ODn+OAkeOAkOaXpeacrOijveOAkeOAkOOBjOOBvuWPo+OAkeOAkOiyoeW4g+OAkeOAkOmAgeaWmeeEoeaWmeOAke+8muiyoeW4g+OAkOWQjeWFpeOCjOeEoeaWmeOAkeOCsOODrOODs+ODgeOCp+ODg+OCrw==,5ZCN5YWl44KM6LKh5biD44OP44Oq44K544OE44Kk44O844OJ44OW44Op44Kk44OJ44Or44Os44K244O844OR44OK44Oe44OP44OD44OI44OW44Oq44OG44Kj44OD44K344Ol44Kw44Oq44O844OzYnJpdGlzaCBncmVlbuOCu+ODieOCpuOCo+ODg+OCr1NFREdXSUNL44OT44K444ON44K544Kz44O844OJ44OQ44Oz55S36Iux5Zu9546L5a6k5b6h55So6YGU44K144K544Oa44Oz44OA44O85pys6Z2p44Os44K244O844Km44Kp44Os44OD44OI5LqM44Gk5oqY44KK44Kw44Os44Oz44OB44Kn44OD44KvR0xFTkNIRUNL5ZCN5Yi65YWl44KMS2FubWkuIOODr+ODqeODk+ODvCDjgqzjg57jgrDjg4Hjgqbjgqnjg6zjg4Pjg4jjgJDjg6zjg4fjgqPjg7zjgrnjgJHjgJAgS2FubWkuIOOAkeOAkOOCq+ODs+ODn+OAkeOAkOaXpeacrOijveOAkeOAkOOBjOOBvuWPo+OAkeOAkOiyoeW4g+OAkeOAkOmAgeaWmeeEoeaWmeOAkQ==,5rSX44GE44GW44KJ44GX44Gu6Z2p44Gv44KE44GV44GX44GE5omL44GW44KP44KK44CCS2FubWkuIOODr+ODqeODk+ODvCDjgqzjg57jgrDjg4Hjgqbjgqnjg6zjg4Pjg4jjgJDjg6zjg4fjgqPjg7zjgrnjgJHjgJAgS2FubWkuIOOAkeOAkOOCq+ODs+ODn+OAkeOAkOaXpeacrOijveOAkeOAkOOBjOOBvuWPo+OAkeOAkOiyoeW4g+OAkeOAkOmAgeaWmeeEoeaWmeOAkQ==[rn]
39-76474,aHR0cDovL3RzaG9wLnIxMHMuanAvZ2xlbmNoZWNrL2NhYmluZXQvc2hvaGluNi8xMDY5ODAwNV90aHVtMS5qcGc/Zml0aW49NzAwOjcwMA==,NTg3NS4yMDAw,,44OQ44OD44Kw44O75bCP54mp44O744OW44Op44Oz44OJ6ZuR6LKoID4g6LKh5biD44O744Kx44O844K5ID4g44Os44OH44Kj44O844K56LKh5biD,44CQMjAxNUFX5paw5L2c44CRS2FubWkuIOOCueOCq+ODvOODleODieODqiDopqrlrZDjgqzjg57jgrDjg4HjgJDjg6rjg7Pjg43jg6vmjrLovInjgJHjgJDjg6zjg4fjgqPjg7zjgrnjgJHjgJAgS2FubWkuIOOAkeOAkOOCq+ODs+ODn+OAkeOAkOaXpeacrOijveOAkeOAkOOBjOOBvuWPo+OAkQ==,44K544Kr44O844OV5be744GE44Gm5bCP57KL44Gr44K544OG44OD44OX,PGEgaHJlZj0iaHR0cDovL3d3dy5yYWt1dGVuLm5lLmpwL2dvbGQva2FubWkvIiB0YXJnZXQ9Il9ibGFuayI+PGltZyBzcmM9Imh0dHA6Ly9pbWFnZS5yYWt1dGVuLmNvLmpwL2dsZW5jaGVjay9jYWJpbmV0L3Rva3VzeXU0L2thbm1pc2hvcC03MDBibnIuanBnIj48L2E+PGJyPjxicj48Zm9udCBzaXplPSIyIj48Yj5LYW5taS4g44K544Kr44O844OV44OJ44OqIOimquWtkOOCrOODnuOCsOODgTwvYj48L2ZvbnQ+PGJyIC8+CjxpbWcgc3JjPSJodHRwOi8vaW1hZ2UucmFrdXRlbi5jby5qcC9nbGVuY2hlY2svY2FiaW5ldC9kb3RsaW5lLmdpZiI+PGJyIC8+CjxpbWcgc3JjPSJodHRwOi8vaW1hZ2UucmFrdXRlbi5jby5qcC9nbGVuY2hlY2svY2FiaW5ldC9zaG9oaW42LzEwNjk4MDA1XzAxLmpwZyIgYWx0PSJLYW5taS4g44K544Kr44O844OV44OJ44OqIOimquWtkOOCrOODnuOCsOODgSIgLz48YnIgLz4KCjwhLS3ilrzjg4fjgqPjg4bjg7zjg6stLT4KPHA+PGltZyBzcmM9Imh0dHA6Ly9pbWFnZS5yYWt1dGVuLmNvLmpwL2dsZW5jaGVjay9jYWJpbmV0L3Nob2hpbjAyL2thbm1pYmFyX2RldGFpbC5qcGciIHdpZHRoPSI3MDAiPjxicj4KPGltZyBzcmM9Imh0dHA6Ly9pbWFnZS5yYWt1dGVuLmNvLmpwL2dsZW5jaGVjay9jYWJpbmV0L3Nob2hpbjYvMTA2OTgwMDVfMDIuanBnIiBhbHQ9Ikthbm1pLiDjgrnjgqvjg7zjg5Xjg4njg6og6Kaq5a2Q44Ks44Oe44Kw44OB44CA6IOM5Ly444Gz44Gb44Ga44GE44Gk44KC44Gu56eB44KJ44GX44GP44GE44KJ44KM44KL6Z2p5bCP54mp5o+D44GE44G+44GX44Gf44CCIj48YnIgLz4KPGltZyBzcmM9Imh0dHA6Ly9pbWFnZS5yYWt1dGVuLmNvLmpwL2dsZW5jaGVjay9jYWJpbmV0L3Nob2hpbjYvMTA2OTgwMDVfMDMuanBnIiAvPjxiciAvPgo8aW1nIHNyYz0iaHR0cDovL2ltYWdlLnJha3V0ZW4uY28uanAvZ2xlbmNoZWNrL2NhYmluZXQvc2hvaGluNi8xMDY5ODAwNV8wNC5qcGciIC8+PC9wPjxiciAvPgoKPCEtLeKWvOOCq+ODqeODvC0tPgo8cD48aW1nIHNyYz0iaHR0cDovL2ltYWdlLnJha3V0ZW4uY28uanAvZ2xlbmNoZWNrL2NhYmluZXQvc2hvaGluMDIva2FubWliYXJfY29sb3IuanBnIj48YnIgLz4KPGltZyBzcmM9Imh0dHA6Ly9pbWFnZS5yYWt1dGVuLmNvLmpwL2dsZW5jaGVjay9jYWJpbmV0L3Nob2hpbjYvMTA2OTgwMDVfMDUuanBnIiBhbHQ9Ikthbm1pLiDopqrlrZDjgqzjg57jgrDjg4Hjg5Djg6rjgqgiPjwvcD4KPGJyIC8+Cgo8IS0t4pa844K544Oa44OD44KvLS0+CjxwPjxpbWcgc3JjPSJodHRwOi8vaW1hZ2UucmFrdXRlbi5jby5qcC9nbGVuY2hlY2svY2FiaW5ldC9zaG9oaW4wMi9rYW5taWJhcl9zcGVjLmpwZyI+PGJyIC8+CjxpbWcgc3JjPSJodHRwOi8vaW1hZ2UucmFrdXRlbi5jby5qcC9nbGVuY2hlY2svY2FiaW5ldC9zaG9oaW42LzEwNjk4MDA1XzA2LmpwZyIgYWx0PSJLYW5taS4g6Kaq5a2Q44Ks44Oe44Kw44OB44K144Kk44K6Ij48L3A+CjxiciAvPgoKPCEtLeKWvOODluODqeODs+ODieOBk+OBk+OBi+OCiS0tPgo8cD48aW1nIHNyYz0iaHR0cDovL2ltYWdlLnJha3V0ZW4uY28uanAvZ2xlbmNoZWNrL2NhYmluZXQvc2hvaGluMDIva2FubWliYXJfYnJhbmQuanBnIiB3aWR0aD0iNzAwIj48YnI+CjxpbWcgc3JjPSJodHRwOi8vaW1hZ2UucmFrdXRlbi5jby5qcC9nbGVuY2hlY2svY2FiaW5ldC9zaG9oaW4wMi9icmFuZGthbm1pXzAxLmpwZyI+PGJyPgo8aW1nIHNyYz0iaHR0cDovL2ltYWdlLnJha3V0ZW4uY28uanAvZ2xlbmNoZWNrL2NhYmluZXQva2FubWkvYnJhbmRrYW5taV8wMnJlLmpwZyI+PC9wPjxicj4KCjxwPjxpbWcgc3JjPSJodHRwOi8vaW1hZ2UucmFrdXRlbi5jby5qcC9nbGVuY2hlY2svY2FiaW5ldC9zaG9oaW42L3NjYXJmZG9yaV9zZXJpZXMuanBnIiBib3JkZXI9IjAiIHVzZW1hcD0iI01hcCIgLz4KPG1hcCBuYW1lPSJNYXAiIGlkPSJNYXAiPgo8YXJlYSBzaGFwZT0icG9seSIgY29vcmRzPSIyNzUsNTcsMTc1LDczLDE0NSwxNjEsMTMxLDE4NywxMjMsMjM2LDExMSwyNjMsMTMzLDMwNSwyMzEsMzE5LDM0NSwyOTIsMzQwLDI1NSwzMjUsMjI2LDMyNCwxODMsMzM3LDEyMywzMjcsNzUiIGhyZWY9Imh0dHA6Ly9pdGVtLnJha3V0ZW4uY28uanAvZ2xlbmNoZWNrLzEwNjk4MDAzLyIgdGFyZ2V0PSJfYmxhbmsiIGFsdD0i6Kaq5a2Q44Ks44Oe44Kw44OBIiAvPgo8YXJlYSBzaGFwZT0icmVjdCIgY29vcmRzPSIzNjMsMTQ5LDQ1NywzMjAiIGhyZWY9Imh0dHA6Ly9pdGVtLnJha3V0ZW4uY28uanAvZ2xlbmNoZWNrLzEwNjk3ODk5LyIgdGFyZ2V0PSJfYmxhbmsiIGFsdD0i44Kt44O844Kx44O844K577yU6YCjIiAvPgo8YXJlYSBzaGFwZT0icG9seSIgY29vcmRzPSI0NTIsMTE5LDQ2MCwxNDgsNTcwLDE3Niw1OTAsMTg5LDQ5OSwxODksNDg4LDI4NSw1MjgsMjk2LDUzMywzMDksNTk3LDMxMCw2MDYsMjk4LDYzMSwyOTQsNjM0LDIwMiw2MTksMTg0LDU4NiwxNDQsNTE2LDEyOCIgaHJlZj0iaHR0cDovL2l0ZW0ucmFrdXRlbi5jby5qcC9nbGVuY2hlY2svMTA2OTc4OTgvIiB0YXJnZXQ9Il9ibGFuayIgYWx0PSLjg5HjgrnjgrHjg7zjgrkiIC8+CjxhcmVhIHNoYXBlPSJyZWN0IiBjb29yZHM9IjExMCwzMzIsMzU5LDQ4NSIgaHJlZj0iaHR0cDovL2l0ZW0ucmFrdXRlbi5jby5qcC9nbGVuY2hlY2svMTA2OTc4OTUvIiB0YXJnZXQ9Il9ibGFuayIgYWx0PSLjg63jg7PjgrDjgqbjgqnjg6zjg4Pjg4giIC8+CjxhcmVhIHNoYXBlPSJyZWN0IiBjb29yZHM9IjQxNCwzNDgsNTY4LDQ2NyIgaHJlZj0iaHR0cDovL2l0ZW0ucmFrdXRlbi5jby5qcC9nbGVuY2hlY2svMTA2OTc4OTcvIiB0YXJnZXQ9Il9ibGFuayIgYWx0PSLjgqvjg7zjg4njgrHjg7zjgrkiIC8+CjwvbWFwPgo8L3A+CgoKPCEtLeKWvOijveWTgeaDheWgseOBk+OBk+OBi+OCiS0tPgo8aW1nIHNyYz0iaHR0cDovL2ltYWdlLnJha3V0ZW4uY28uanAvZ2xlbmNoZWNrL2NhYmluZXQvc2hvaGluMDIva2FubWliYXJfcHJvZHVjdC5qcGciIGFsdD0i6KO95ZOB5oOF5aCxIj48YnI+Cjx0YWJsZSBib3JkZXI9IjEiIGJvcmRlcmNvbG9yPSIjYWFhYWFhIiBjZWxscGFkZGluZz0iNSIgY2VsbHNwYWNpbmc9IjAiIHdpZHRoPSI3MDAiPgo8dHI+Cjx0ZCBhbGlnbj0iY2VudGVyIiB3aWR0aD0iMTUlIj48Zm9udCBzaXplPSIyIj7llYblk4HlkI08L2ZvbnQ+PC90ZD4KPHRkPjxmb250IHNpemU9IjIiPkthbm1pLiDjgrnjgqvjg7zjg5Xjg4njg6og6Kaq5a2Q44Ks44Oe44Kw44OBPC9mb250PjwvdGQ+CjwvdHI+Cjx0cj4KPHRkIGFsaWduPSJjZW50ZXIiIHdpZHRoPSIxNSUiPjxmb250IHNpemU9IjIiPuWVhuWTgeips+e0sDwvZm9udD48L3RkPgo8dGQ+PGZvbnQgc2l6ZT0iMiI+44GL44KP44GE44GP44K544Kr44O844OV44KS5be744GN44CB5bCP57KL44Gr44K544OG44OD44OX44KS6LiP44G/44Ob44OD44Go5ZKM44KA44OI44Oq44Oi44OB44O844OV44Gv44CB44KE44GV44GX44GP56mP44KE44GL44Gq5rCX5oyB44Gh44Gr44Gq44KM44KL44CCPC9mb250PjwvdGQ+CjwvdHI+Cjx0cj4KPHRkIGFsaWduPSJjZW50ZXIiIHdpZHRoPSIxNSUiPjxmb250IHNpemU9IjIiPue0oOadkDwvZm9udD48L3RkPgo8dGQ+PGZvbnQgc2l6ZT0iMiI+54mb6Z2pPC9mb250PjwvdGQ+CjwvdHI+Cjx0cj4KPHRkIGFsaWduPSJjZW50ZXIiIHdpZHRoPSIxNSUiPjxmb250IHNpemU9IjIiPuOCq+ODqeODvDwvZm9udD48L3RkPgo8dGQ+PGZvbnQgc2l6ZT0iMiI+44Os44OD44OJ44CB44OK44OB44Ol44Op44Or44CB44Os44Oz44Ks44CB44Kw44Os44O8PC9mb250PjwvdGQ+CjwvdHI+Cjx0cj4KPHRkIGFsaWduPSJjZW50ZXIiIHdpZHRoPSIxNSUiPjxmb250IHNpemU9IjIiPuOCteOCpOOCujwvZm9udD48L3RkPgo8dGQ+PGZvbnQgc2l6ZT0iMiI+77yI57SE77yJ5bmFMThjbcOX6auY44GVMTNjbeOAgeWPo+mHkeW5he+8mjE1LjVjbeOAgeaMgeOBoeaJi+WRqOOCiu+8mjI3Y208L2ZvbnQ+PC90ZD4KPC90cj4KPHRyPgo8dGQgYWxpZ249ImNlbnRlciIgd2lkdGg9IjE1JSI+PGZvbnQgc2l6ZT0iMiI+6YeN6YePPC9mb250PjwvdGQ+Cjx0ZD48Zm9udCBzaXplPSIyIj7vvIjntITvvIkxNDdnPC9mb250PjwvdGQ+CjwvdHI+Cjx0cj4KPHRkIGFsaWduPSJjZW50ZXIiIHdpZHRoPSIxNSUiPjxmb250IHNpemU9IjIiPuijvemAoDwvZm9udD48L3RkPgo8dGQ+PGZvbnQgc2l6ZT0iMiI+5pel5pysPC9mb250PjwvdGQ+CjwvdHI+PC90YWJsZT4KCjxQPjxmb250IHNpemU9IjEiPuKAu+ODouODi+OCv+ODvOOChOeSsOWig+OBq+OCiOOBo+OBpuOAgeWun+mam+OBruiJsuODu+izquaEn+OBquOBqeeVsOOBquOCi+WgtOWQiOOBjOOBlOOBluOBhOOBvuOBmeOAguOBlOS6huaJv+OBj+OBoOOBleOBhDwvZm9udD48L3A+Cjxmb250IHNpemU9IjMiIGNvbG9yPSIjRkYwMDAwIj48Yj7igLvjgZTphY3pgIHjgavjgIHjgZTms6jmlofjgYvjgonmlbDml6XjgYvjgYvjgovloLTlkIjjgYzjgZTjgZbjgYTjgb7jgZnjgILjgZTkuobmib/jgY/jgaDjgZXjgYTjgII8L2I+PC9mb250PjxiciAvPjxiciAvPgoKPCEtLeOBguOBmealveODkOODiuODvC0tPgogIDxpZnJhbWUgc3R5bGU9Im1hcmdpbi1ib3R0b206MjBweDsiIHNyYz0iaHR0cDovL3d3dy5yYWt1dGVuLm5lLmpwL2dvbGQvZ2xlbmNoZWNrL2l0bS9hc3Jibi9wY2l0ZW0vaXRlbV9hc2JuLmh0bWw/MyIgZnJhbWVib3JkZXI9IjAiIHdpZHRoPSI3MDAiIGhlaWdodD0iMTYxIiBzY3JvbGxpbmc9bm8+PC9pZnJhbWU+CjwhLS3jgYLjgZnmpb3jg5Djg4rjg7wgZW5kLS0+PGJyPgo8YnI+PGJyPgo8aW1nIHNyYz0iaHR0cDovL2ltYWdlLnJha3V0ZW4uY28uanAvZ2xlbmNoZWNrL2NhYmluZXQvYmFubmVyL3Jha3VibnItY29udmluaS5qcGc/MCIgYm9yZGVyPSIwIiAvPjxiciAvPjxicj48aW1nIHNyYz0iaHR0cDovL2ltYWdlLnJha3V0ZW4uY28uanAvZ2xlbmNoZWNrL2NhYmluZXQvYmFubmVyL3Jha3VibnItcmV2aWV3LmpwZyIgYm9yZGVyPSIwIiAvPjxiciAvPjxzdHlsZSB0eXBlPSJ0ZXh0L2NzcyI+CjwhLS0KCi8qIOODl+ODq+ODgOOCpuODsyAqLwojcmFrdXRlbkxpbWl0ZWRJZF9hcm91bmRDYXJ0IHNwYW4uY2hvaWNle2JhY2tncm91bmQ6dXJsKCJodHRwOi8vaW1hZ2UucmFrdXRlbi5jby5qcC9nbGVuY2hlY2svY2FiaW5ldC9jaHV1aWJhbmFyY2FydDIuZ2lmIikgbm8tcmVwZWF0ICNmZmU4YmI7Ym9yZGVyOjFweCBzb2xpZCAjY2NjO2Rpc3BsYXk6YmxvY2s7Zm9udC1zaXplOjE0cHg7Zm9udC13ZWlnaHQ6Ym9sZDtsaW5lLWhlaWdodDoxLjJlbTtwYWRkaW5nOjVweCAwIDVweCAzM3B4O3RleHQtYWxpZ246bGVmdDttYXJnaW4tdG9wOjEwcHg7d2lkdGg6MzIwcHg7fS8qIOOCv+OCpOODiOODqyAqLwojcmFrdXRlbkxpbWl0ZWRJZF9hcm91bmRDYXJ0IHNlbGVjdHtib3JkZXI6MXB4IHNvbGlkICM5ODk4OTg7d2lkdGg6MzU1cHg7aGVpZ2h0OjI4cHg7LypsaW5lLWhlaWdodDsxLjJlbTttYXJnaW46MDtkaXNwbGF5OmJsb2NrO3Bvc2l0aW9uOnJlbGF0aXZlO2ZvbnQtc2l6ZToxM3B4OyovfS8qIOmBuOaKnumDqOWIhiAqLwoKPCEtLSAg6aCF55uu6YG45oqe6IKi5Yil5Zyo5bqr44Gr5Ye644KL57SN5pyf44Gu44OH44K244Kk44Oz44CA4oaTLS0+Cgp0ZC5pbnZlbnRvcnkgZm9udHtmb250LXNpemU6MTBweDtjb2xvcjojZjgwMDAwO2xpbmUtaGVpZ2h0OiAxLjU7fQp0ZC5pbnZlbnRvcnl7d29yZC13cmFwOmJyZWFrLXdvcmQ7d2lkdGg6ODBweDt9CgovKumBuOaKnumgheebrumDqOWIhuOBruODhuODvOODluODq+OCu+ODq+OBruS9meeZve+8iHBhZGRpbmfvvInoqK3lrpoqLwojcmFrdXRlbkxpbWl0ZWRJZF9hcm91bmRDYXJ0IC5pbnZlbnRvcnlfY2hvaWNlX25hbWV7cGFkZGluZzo3cHggIWltcG9ydGFudDt9CgovKumBuOaKnumgheebrumDqOWIhuOBruODqeOCuOOCquODnOOCv+ODs+OCkuWbsuOBo+OBpuOBhOOCi+ODhuODvOODluODq+OCu+ODq+OBruS9meeZve+8iHBhZGRpbmfvvInoqK3lrpoqLwojcmFrdXRlbkxpbWl0ZWRJZF9hcm91bmRDYXJ0IC5pbnZlbnRvcnl7cGFkZGluZzo3cHggIWltcG9ydGFudDt9CgovKiDpoIXnm67pgbjmip7ogqLliKXjga7jg4bjg7zjg5bjg6vlhoXjga7lnKjluqvooajnpLogKi8KdGQuaW52ZW50b3J5IGZvbnR7Y29sb3I6IzU1NTtmb250LXNpemU6MTJweCAhaW1wb3J0YW50O2xpbmUtaGVpZ2h0OjEuMzt9CgoKc3Bhbi5jaG9pY2UgeyBjb2xvcjogIzAwMDsgZm9udC1zaXplOiAxMjAlO30KCmRpdiNIZWFkZXJLZXl3b3JkIHsKCXBvc2l0aW9uOmFic29sdXRlOwoJdG9wOjUwcHg7LyrkuIDnlarkuIrjgYvjgonjga7kvY3nva4qLwoJbGVmdDozMHB4Oy8q5bem56uv44GL44KJ44Gu5L2N572uKi8KfQoKZGl2I0hlYWRlcktleXdvcmQgc3BhbiB7CgliYWNrZ3JvdW5kOiAjYmYwMDAwOwoJY29sb3I6I2ZmZjsKCWZvbnQtd2VpZ2h0OmJvbGQ7CglwYWRkaW5nOjJweCA1cHg7Cn0KCmRpdiNIZWFkZXJLZXl3b3JkIGEgewoJY29sb3I6IzAwNDRDQzsKfQoKLS0+Cgo8L3N0eWxlPgoKCjxkaXYgaWQ9IkhlYWRlcktleXdvcmQiPgo8c3Bhbj7ms6jnm67jga7jgq3jg7zjg6/jg7zjg4k8L3NwYW4+CuOAkOODk+OCuOODjeOCueODnuODs+W/heaQuuWQjeWIuuWFpeOCjO+8geOAkQrjgJDkurrmsJfkuIrmmIfjga7plbfosqHluIPjgJEK44CQ5aWz5a2Q44Gr5Lq65rCXa2FubWku44CRCjwvZGl2PgoKPCEtLUdvUVN5c3RlbeODqeODs+OCreODs+OCsOiHquWLleabtOaWsOODhOODvOODq+ODr+OCpOODiS0tPgo8dGFibGUgYWxpZ249ImNlbnRlciIgd2lkdGg9IjYwMCIgYm9yZGVyPSIwIiBjZWxscGFkZGluZz0iMCIgY2VsbHNwYWNpbmc9IjAiIGJnY29sb3I9IiNGRkZGRkYiIHN0eWxlPSJsaW5lLWhlaWdodDowOyI+Cjx0cj4KPHRkPgo8dGFibGUgYWxpZ249ImNlbnRlciIgd2lkdGg9IjYwMCIgYm9yZGVyPSIwIiBjZWxscGFkZGluZz0iMCIgY2VsbHNwYWNpbmc9IjAiIGJnY29sb3I9IiNGRkZGRkYiPgo8dHI+Cjx0ZCBhbGlnbj0iY2VudGVyIiB2YWxpZ249ImJvdHRvbSIgYmdjb2xvcj0iI2NjY2NjYyI+PGltZyBzcmM9Imh0dHBzOi8vd3d3LnJha3V0ZW4ubmUuanAvZ29sZC9nbGVuY2hlY2svZ29xc3lzdGVtLzYwMHJhbmtpbmd0aXRlbC5naWYiIHdpZHRoPSI2MDAiIC8+PC90ZD4KPC90cj4KPC90YWJsZT4KPHRhYmxlIGFsaWduPSJjZW50ZXIiIHdpZHRoPSI1OTYiIGJvcmRlcj0iMCIgY2VsbHBhZGRpbmc9IjAiIGNlbGxzcGFjaW5nPSIwIiBiZ2NvbG9yPSIjQ0NDQ0NDIiBzdHlsZT0iYm9yZGVyLWxlZnQ6c29saWQ7Ym9yZGVyLWxlZnQtd2lkdGg6MXB4O2JvcmRlci1yaWdodDpzb2xpZDtib3JkZXItcmlnaHQtd2lkdGg6MXB4O2JvcmRlci1ib3R0b206c29saWQ7Ym9yZGVyLWJvdHRvbS13aWR0aDoxcHg7Ym9yZGVyLWNvbG9yOiNDQ0NDQ0M7Ij4KPHRyPgo8dGQgYWxpZ249ImNlbnRlciIgYmdjb2xvcj0iI0ZGRkZGRiI+CjxkaXYgY2xhc3M9Imlmcm0tY29udGFpbmVyIiBzdHlsZT0id2lkdGg6NTk4cHg7aGVpZ2h0OjQ2MHB4O292ZXJmbG93OmF1dG87LXdlYmtpdC1vdmVyZmxvdy1zY3JvbGxpbmc6dG91Y2g7Ij4KCjwvZGl2Pgo8L3RkPgo8L3RyPgo8dHI+Cjx0ZCBhbGlnbj0icmlnaHQiIGJnY29sb3I9IiNGRkZGRkYiIHN0eWxlPSJwYWRkaW5nOjJweDsiPgo8aW1nIHNyYz0iaHR0cHM6Ly93d3cucmFrdXRlbi5uZS5qcC9nb2xkL2dsZW5jaGVjay9nb3FzeXN0ZW0vcG93ZXJlZF9ieV9iYW5uZXIuZ2lmIiB3aWR0aD0iMTI1IiAvPgo8L3RkPgo8L3RyPgo8L3RhYmxlPgo8L3RkPgo8L3RyPgo8L3RhYmxlPgo8IS0tR29RU3lzdGVt44Op44Oz44Kt44Oz44Kw6Ieq5YuV5pu05paw44OE44O844Or44Ov44Kk44OJLS0+Cjxicj4KCjwhLS3ilrzlhbHpgJroqqzmmI7mlofvvIjlpKfvvIktLT4KPHRhYmxlIGJvcmRlcj0iMCIgY2VsbHBhZGRpbmc9IjAiIGNlbGxzcGFjaW5nPSIwIiB3aWR0aD0iNzAwIj4KPHRib2R5Pjx0cj4KPHRkIHZhbGlnbj0idG9wIj4KCjwhLS3jg4fjgrbjgqTjg7PoqK3lrprvvJrlhbHpgJroqqzmmI7mlofvvIjlpKfvvInkuIrpg6gtLT4KCjwhLS3jg4fjgrbjgqTjg7PoqK3lrprvvJrlhbHpgJroqqzmmI7mlofvvIjlpKfvvInkuIrpg6gtLT4KCjwvdGQ+PC90cj4KPC90Ym9keT48L3RhYmxlPgo8IS0t4pay5YWx6YCa6Kqs5piO5paH77yI5aSn77yJ44GT44GT44G+44GnLS0+Cjxicj4KPCEtLeKWvOOCquOCueOCueODoeOCv+OCpOODiOODq+eUu+WDjy0tPgo8VEFCTEUgY2VsbFNwYWNpbmc9MCBjZWxsUGFkZGluZz0wIHdpZHRoPTcwMCBib3JkZXI9MD4KPFRSPgo8VEQgYmFja2dyb3VuZD1odHRwOi8vaW1hZ2UucmFrdXRlbi5jby5qcC9nbGVuY2hlY2svY2FiaW5ldC9mdXJpZS8xYmFuLW5lci5qcGcgaGVpZ2h0PTMwPgo8IS0t4pa844Kr44Op44O844K/44Kk44OI44OrLS0+PGZvbnQgY29sb3I9RkZGRkZGIHNpemU9IjQiID48Yj7jgIDjgIDjgIDjgIDjgIDjgIDjgIDjgIDjgrDjg6zjg7Pjg4Hjgqfjg4Pjgq/jgrnjgr/jg4Pjg5Xjga7jgqrjgrnjgrnjg6HjgqLjgqTjg4bjg6Djga/jgZPjgaHjgonvvIEgPC9iPjwvZm9udD4KPC9URD48L1RSPjwvVEFCTEU+Cgo8IS0t4pa844Kq44K544K544Oh44Ki44Kk44OG44OgLS0+Cjx0YWJsZSBib3JkZXI9IjAiIGNlbGxwYWRkaW5nPSIwIiBjZWxsc3BhY2luZz0iMCIgd2lkdGg9IjcwMCI+Cjx0Ym9keT48dHI+Cjx0ZCB2YWxpZ249InRvcCI+Cgo8IS0t44OH44K244Kk44Oz6Kit5a6a77ya5YWx6YCa6Kqs5piO5paH77yI5aSn77yJ5LiL6YOoLS0+Cgo8IS0t44OH44K244Kk44Oz6Kit5a6a77ya5YWx6YCa6Kqs5piO5paH77yI5aSn77yJ5LiL6YOoLS0+Cgo8L3RkPjwvdHI+CQo8L3Rib2R5PjwvdGFibGU+CgoKPCEtLeKWsuOBiuOBmeOBmeOCgeOBk+OBk+OBvuOBpy0tPgo8YnI+,44CQMjAxNUFX5paw5L2c44CRS2FubWkuIOOCueOCq+ODvOODleODieODqiDopqrlrZDjgqzjg57jgrDjg4HjgJDjg6rjg7Pjg43jg6vmjrLovInjgJHjgJDjg6zjg4fjgqPjg7zjgrnjgJHjgJAgS2FubWkuIOOAkeOAkOOCq+ODs+ODn+OAkeOAkOaXpeacrOijveOAkeOAkOOBjOOBvuWPo+OAke+8muiyoeW4g+OAkOWQjeWFpeOCjOeEoeaWmeOAkeOCsOODrOODs+ODgeOCp+ODg+OCrw==,5ZCN5YWl44KM6LKh5biD44OP44Oq44K544OE44Kk44O844OJ44OW44Op44Kk44OJ44Or44Os44K244O844OR44OK44Oe44OP44OD44OI44OW44Oq44OG44Kj44OD44K344Ol44Kw44Oq44O844OzYnJpdGlzaCBncmVlbuOCu+ODieOCpuOCo+ODg+OCr1NFREdXSUNL44OT44K444ON44K544Kz44O844OJ44OQ44Oz55S36Iux5Zu9546L5a6k5b6h55So6YGU44K144K544Oa44Oz44OA44O85pys6Z2p44Os44K244O844Km44Kp44Os44OD44OI5LqM44Gk5oqY44KK44Kw44Os44Oz44OB44Kn44OD44KvR0xFTkNIRUNL5ZCN5Yi65YWl44KM44CQMjAxNUFX5paw5L2c44CRS2FubWkuIOOCueOCq+ODvOODleODieODqiDopqrlrZDjgqzjg57jgrDjg4HjgJDjg6rjg7Pjg43jg6vmjrLovInjgJHjgJDjg6zjg4fjgqPjg7zjgrnjgJHjgJAgS2FubWkuIOOAkeOAkOOCq+ODs+ODn+OAkeOAkOaXpeacrOijveOAkeOAkOOBjOOBvuWPo+OAkQ==,44K544Kr44O844OV5be744GE44Gm5bCP57KL44Gr44K544OG44OD44OX44CC44CQMjAxNUFX5paw5L2c44CRS2FubWkuIOOCueOCq+ODvOODleODieODqiDopqrlrZDjgqzjg57jgrDjg4HjgJDjg6rjg7Pjg43jg6vmjrLovInjgJHjgJDjg6zjg4fjgqPjg7zjgrnjgJHjgJAgS2FubWkuIOOAkeOAkOOCq+ODs+ODn+OAkeOAkOaXpeacrOijveOAkeOAkOOBjOOBvuWPo+OAkQ==[rn]
39-76475,aHR0cDovL3RzaG9wLnIxMHMuanAvZ2xlbmNoZWNrL2NhYmluZXQvMDA0NDE4ODEvaW1nNTgyNjUwNTQuanBnP2ZpdGluPTcwMDo3MDA=,NTQ0My4yMDAw,,44OQ44OD44Kw44O75bCP54mp44O744OW44Op44Oz44OJ6ZuR6LKoID4g6LKh5biD44O744Kx44O844K5ID4g44Os44OH44Kj44O844K56LKh5biD,44Kv44O844Od44Oz5LuY44GN77yBNC8yN+OBvuOBp+OBrumZkOWumuS+oeagvO+8geOCouOCpuODiOODrOODg+ODiO+8geOCr+ODreOCs+Wei+aKvOOBl+ODrOODh+OCo+ODvOOCue+8rOWtl+OCpuOCqeODrOODg+ODiC/osqHluIPjgJDoqLPjgYLjgorjgJEg44Kw44Os44Oz44OV44Kj44O844Or44OJ,44OH44K244Kk44Oz44Go5qmf6IO95oCn44KS5YW844Gt5YKZ44GI44Gf6ZW36LKh5biD,PGltZyBzcmM9Imh0dHBzOi8vaW1hZ2UucmFrdXRlbi5jby5qcC9nbGVuY2hlY2svY2FiaW5ldC8wMDU0NDA0My9kZWFsaXRlbS03MDAuanBnIiB3aWR0aD0iNzAwIiBoZWlnaHQ9IjEzMCI+PGJyPjxicj48aWZyYW1lIHN0eWxlPSJtYXJnaW4tYm90dG9tOjIwcHg7IiBzcmM9Imh0dHA6Ly93d3cucmFrdXRlbi5uZS5qcC9nb2xkL2dsZW5jaGVjay9wYWdlL291dHNhbGUuaHRtbD8wIiBmcmFtZWJvcmRlcj0iMCIgd2lkdGg9IjczMCIgaGVpZ2h0PSI5NzUiIHNjcm9sbGluZz0ibm8iPjwvaWZyYW1lPjxicj48YnI+CjwhLS3jgrvjg7zjg6vlkYrnn6XjgIDjgZPjgZPjgYvjgoktLT4KPEZPTlQgY29sb3I9cmVkIApzaXplPTU+PEI+4oC744GT44Gh44KJ44Gu5ZWG5ZOB44Gv5YK344KE44K344Of44Gq44Gp44GM44GC44KL6Kiz44GC44KK5ZWG5ZOB44Gn44GZ77yBPEJSPgrjg4fjg6Hjg6rjg4Pjg4jpg6jjgavjgaTjgYTjgabjga/kuIvoqJjjgpLjgZTnorroqo3jgY/jgaDjgZXjgYTjgII8L0I+PC9GT05UPjxCUj4KPEhSPgo8QlI+Cjxicj48YnI+Cjx0YWJsZSB3aWR0aD0iNzEwIiBib3JkZXI9IjAiIGNlbGxzcGFjaW5nPSIwIj4KPHRyPgo8dGQ+PGI+PGZvbnQgY29sb3I9IiMwMDY2OTkiIHNpemU9IjIiPuOCr+ODreOCs+Wei+aKvOOBl+ODrOODh+OCo+ODvOOCue+8rOWtl+OCpuOCqeODrOODg+ODiDwvZm9udD48L2I+PGJyPgo8aW1nIHNyYz0iaHR0cDovL2ltYWdlLnJha3V0ZW4uY28uanAvZ2xlbmNoZWNrL2NhYmluZXQvc2lzdGVtL2ltZzU1NTQzMjE3LmdpZiIgaGVpZ2h0PSIyMCIgd2lkdGg9IjcwMCI+PGJyPgo8aW1nIHNyYz0iaHR0cDovL2ltYWdlLnJha3V0ZW4uY28uanAvZ2xlbmNoZWNrL2NhYmluZXQvMDA0NDE4ODEvaW1nNTgyNjM4NjIuanBnIj48YnI+PGJyPgo8L3RkPgo8L3RyPgo8dHIgYWxpZ249ImNlbnRlciI+Cjx0ZD48aW1nIHNyYz0iaHR0cDovL2ltYWdlLnJha3V0ZW4uY28uanAvZ2xlbmNoZWNrL2NhYmluZXQvMDA0NDE4ODEvaW1nNTgyNjUwMzEuanBnIiBhbHQ9IiI+PGJyPjxicj48YnI+PC90ZD4KPC90cj4KPHRyPgo8dGQ+PGltZyBzcmM9Imh0dHA6Ly9pbWFnZS5yYWt1dGVuLmNvLmpwL2dsZW5jaGVjay9jYWJpbmV0L2kvZGV0YWlsLmdpZiIgd2lkdGg9IjcwMCIgYWx0PSJkZXRhaWwiPjwvdGQ+CjwvdHI+Cjx0cj4KPHRkPgo8dGFibGUgYmdjb2xvcj0iIzAwMDAwMCIgYm9yZGVyPSIwIiBjZWxscGFkZGluZz0iMTAiIGNlbGxzcGFjaW5nPSIwIiB3aWR0aD0iNzAwIj4KPHRyIGFsaWduPSJjZW50ZXIiPgo8dGQgd2lkdGg9IjM1MCI+PGJyPjxpbWcgc3JjPSJodHRwOi8vaW1hZ2UucmFrdXRlbi5jby5qcC9nbGVuY2hlY2svY2FiaW5ldC8wMDQ0MTg4MS9pbWc1ODI2Mzg1NS5qcGciIHdpZHRoPSIyNTAiIGhlaWdodD0iMjUwIj48L3RkPgo8dGQgd2lkdGg9IjM1MCI+PGJyPjxpbWcgc3JjPSJodHRwOi8vaW1hZ2UucmFrdXRlbi5jby5qcC9nbGVuY2hlY2svY2FiaW5ldC8wMDQ0MTg4MS9pbWc1ODI2Mzg1Ni5qcGciIHdpZHRoPSIyNTAiIGhlaWdodD0iMjUwIj48L3RkPgo8L3RyPgo8dHI+Cjx0ZCBjb2xzcGFuPSIyIiB3aWR0aD0iNzAwIiBhbGlnbj0iY2VudGVyIj48Zm9udCBjb2xvcj0iI0ZGRkZGRiIgc2l6ZT0iMiI+44K044O844Or44OJ44OV44Os44O844Og44Gu44Kt44O844OB44Oj44O844Og44GM5Y+v5oSb44GP5o+644KM44G+44GZ44CC5ZCM6Imy44Gu44K544OG44OD44OB44KC5Y+v5oSb44GE44CCPGJyPjxicj48L2ZvbnQ+PC90ZD4KPC90cj4KPHRyPgo8dGQgY29sc3Bhbj0iMiIgd2lkdGg9IjcwMCIgYWxpZ249ImNlbnRlciI+PGltZyBzcmM9Imh0dHA6Ly9pbWFnZS5yYWt1dGVuLmNvLmpwL2dsZW5jaGVjay9jYWJpbmV0LzAwNDQxODgxL2ltZzU4MjY3MzAzLmpwZyIgYWx0PSIiIHdpZHRoPSI1MDAiPjwvdGQ+CjwvdHI+Cjx0ciBhbGlnbj0iY2VudGVyIj4KPHRkIHdpZHRoPSIzNTAiPjxpbWcgc3JjPSJodHRwOi8vaW1hZ2UucmFrdXRlbi5jby5qcC9nbGVuY2hlY2svY2FiaW5ldC8wMDQ0MTg4MS9pbWc1ODI2NzIzMi5qcGciIGFsdD0iIiB3aWR0aD0iMjUwIiBoZWlnaHQ9IjI1MCIgdnNwYWNlPSI1Ij48YnI+PGZvbnQgY29sb3I9IiNGRkZGRkYiIHNpemU9IjIiPu+8iOato+mdouWGheWBtO+8iTxicj7jgqvjg7zjg4njg53jgrHjg4Pjg4jjgYzvvJbjgqvmiYDjgII8YnI+77yR55Wq5LiK44Gv5bmF5bqD44Od44Kx44OD44OI44Gr44Gq44Gj44Gm44GE44G+44GZ44CCPC9mb250PjwvdGQ+Cjx0ZCB3aWR0aD0iMzUwIj48aW1nIHNyYz0iaHR0cDovL2ltYWdlLnJha3V0ZW4uY28uanAvZ2xlbmNoZWNrL2NhYmluZXQvMDA0NDE4ODEvaW1nNTgyNjcyMzMuanBnIiBhbHQ9IiIgd2lkdGg9IjI1MCIgaGVpZ2h0PSIyNTAiIHZzcGFjZT0iNSI+PGJyPjxmb250IGNvbG9yPSIjRkZGRkZGIiBzaXplPSIyIj7vvIjkuK3lpK7ku5XliIfjgorvvIk8YnI+5bCP6Yqt44KS5YWl44KM44KL44Od44Kx44OD44OI44CCPGJyPuS4oeWBtOOBq+OBr+OCq+ODvOODieODneOCseODg+ODiOOBjO+8kuOCq+aJgOOBmuOBpOOBguOCiuOBvuOBmeOAgjwvZm9udD48L3RkPgo8L3RyPgo8dHIgYWxpZ249ImNlbnRlciI+Cjx0ZCB3aWR0aD0iMzUwIj48aW1nIHNyYz0iaHR0cDovL2ltYWdlLnJha3V0ZW4uY28uanAvZ2xlbmNoZWNrL2NhYmluZXQvMDA0NDE4ODEvaW1nNTgyNjcyMzQuanBnIiBhbHQ9IiIgd2lkdGg9IjI1MCIgaGVpZ2h0PSIyNTAiIHZzcGFjZT0iNSI+PGJyPjxmb250IGNvbG9yPSIjRkZGRkZGIiBzaXplPSIyIj7vvIjog4zpnaLlhoXlgbTvvIk8YnI+44Kr44O844OJ44Od44Kx44OD44OI44GM77yW44Kr5omA44CCPGJyPu+8keeVquS4iuOBr+W5heW6g+ODneOCseODg+ODiOOBq+OBquOBo+OBpuOBhOOBvuOBmeOAgjwvZm9udD48L3RkPgo8dGQgd2lkdGg9IjM1MCI+PGltZyBzcmM9Imh0dHA6Ly9pbWFnZS5yYWt1dGVuLmNvLmpwL2dsZW5jaGVjay9jYWJpbmV0LzAwNDQxODgxL2ltZzU4MjY3MjM1LmpwZyIgYWx0PSIiIHdpZHRoPSIyNTAiIGhlaWdodD0iMjUwIiB2c3BhY2U9IjUiPjxicj48Zm9udCBjb2xvcj0iI0ZGRkZGRiIgc2l6ZT0iMiI+77yI6IOM6Z2i77yJPGJyPueJh+ODnuODgeS7mOOBjeOBruODleOCoeOCueODiuODvOODneOCseODg+ODiOOBjDxicj7jgaTjgYTjgabjgYTjgb7jgZnjgII8L2ZvbnQ+PC90ZD4KPC90cj4KPHRyIGFsaWduPSJjZW50ZXIiPgo8dGQgd2lkdGg9IjM1MCI+PGltZyBzcmM9Imh0dHA6Ly9pbWFnZS5yYWt1dGVuLmNvLmpwL2dsZW5jaGVjay9jYWJpbmV0LzAwNDQxODgxL2ltZzU4MjY3MjM3LmpwZyIgYWx0PSIiIHdpZHRoPSIyNTAiIGhlaWdodD0iMjUwIj48L3RkPgo8dGQgd2lkdGg9IjM1MCI+PGltZyBzcmM9Imh0dHA6Ly9pbWFnZS5yYWt1dGVuLmNvLmpwL2dsZW5jaGVjay9jYWJpbmV0LzAwNDQxODgxL2ltZzU4MjY3MjM2LmpwZyIgYWx0PSIiIHdpZHRoPSIyNTAiIGhlaWdodD0iMjUwIj48L3RkPgo8L3RyPgo8dHI+Cjx0ZCB3aWR0aD0iNzAwIiBjb2xzcGFuPSIyIiBhbGlnbj0iY2VudGVyIj48Zm9udCBjb2xvcj0iI0ZGRkZGRiIgc2l6ZT0iMiI+5Lit5aSu44Gu44Od44Kx44OD44OI44Gv5bCP6Yqt44KS5YWl44KM44KL44Od44Kx44OD44OI44CCPGJyPuODleOCoeOCueODiuODvOOCkumWieOCgeOBn+eKtuaFi+OBp+OBr+OAgeWwj+mKreOBjOS4reOBp+OBk+OBvOOCjOOBquOBhOOCiOOBhuOBq+S9nOOCieOCjOOBpuOBhOOBvuOBmeOAgjxicj48YnI+4oC744Kk44Oz44OK44O844Kr44Op44O844Gv5YWo6Imy44OW44Ot44Oz44K644Gn44GZ44CCPGJyPjxicj48L2ZvbnQ+PC90ZD4KPC90cj4KPHRyPgo8dGQgYWxpZ249ImNlbnRlciIgY29sc3Bhbj0iMiI+PGZvbnQgY29sb3I9IiNGRkZGRkYiPjxzdHJvbmc+4peG44CA44Kr44Op44O85bGV6ZaL44CA4peGPC9zdHJvbmc+PC9mb250PjwvdGQ+CjwvdHI+Cjx0ciBhbGlnbj0iY2VudGVyIj4KPHRkIGNvbHNwYW49IjIiPjxpbWcgc3JjPSJodHRwOi8vaW1hZ2UucmFrdXRlbi5jby5qcC9nbGVuY2hlY2svY2FiaW5ldC8wMDQ0MTg4MS9pbWc1ODI2Mzg1NC5qcGciIGFsdD0iIj48L3RkPgo8L3RyPgo8dHI+Cjx0ZCB3aWR0aD0iNzAwIiBjb2xzcGFuPSIyIiBhbGlnbj0iY2VudGVyIj48Zm9udCBjb2xvcj0iI0ZGRkZGRiIgc2l6ZT0iMiI+44Kr44Op44O844Gv77yR77yR6Imy77yB44CA44Gd44Gu5pel44Gu5rCX5YiG44Gr5ZCI44KP44Gb44Gm44CB6Imy6YGV44GE44Gn5oyB44Gk44Gu44KC6Imv44GE44Gn44GZ44Gt44CCPGJyPjxicj48L2ZvbnQ+PC90ZD4KPC90cj4KPC90YWJsZT4KPC90ZD4KPC90cj4KPC90YWJsZT48YnI+CjwhLS3jg57jg4bjg6rjgqLjg6stLT4KPHRhYmxlIHdpZHRoPSI3MTAiIGJvcmRlcj0iMCIgY2VsbHNwYWNpbmc9IjAiPgo8dHI+Cjx0ZD48aW1nIGFsdD0iYmFyYW5kIGluZm8iIHNyYz0iaHR0cDovL2ltYWdlLnJha3V0ZW4uY28uanAvZ2xlbmNoZWNrL2NhYmluZXQvbWF0ZXJpYWwuanBnIiBib3JkZXI9IjAiIGhlaWdodD0iMjYiIHdpZHRoPSI3MDAiPjwvdGQ+CjwvdHI+Cjx0cj4KPHRkPgo8dGFibGUgYmdjb2xvcj0iIzAwMDAwMCIgYm9yZGVyPSIwIiBjZWxscGFkZGluZz0iMTAiIGNlbGxzcGFjaW5nPSIwIiB3aWR0aD0iNzAwIj4KPHRyIGFsaWduPSJjZW50ZXIiPgo8dGQ+PGltZyBzcmM9Imh0dHA6Ly9pbWFnZS5yYWt1dGVuLmNvLmpwL2dsZW5jaGVjay9jYWJpbmV0LzAwNDQxODgxL2ltZzU4MjY4MjE4LmpwZyIgd2lkdGg9IjIwMCIgaGVpZ2h0PSIyMDAiPjxicj48Zm9udCBzaXplPSIyIiBjb2xvcj0iI0ZGRkZGRiI+44Kk44Ko44Ot44O8PC9mb250PjwvdGQ+Cjx0ZD48aW1nIHNyYz0iaHR0cDovL2ltYWdlLnJha3V0ZW4uY28uanAvZ2xlbmNoZWNrL2NhYmluZXQvMDA0NDE4ODEvaW1nNTgyNjgyMTkuanBnIiBhbHQ9IiIgaGVpZ2h0PSIyMDAiIHdpZHRoPSIyMDAiPjxicj48Zm9udCBzaXplPSIyIiBjb2xvcj0iI0ZGRkZGRiI+44OW44Ot44Oz44K6PC9mb250PjwvdGQ+Cjx0ZD48aW1nIHNyYz0iaHR0cDovL2ltYWdlLnJha3V0ZW4uY28uanAvZ2xlbmNoZWNrL2NhYmluZXQvMDA0NDE4ODEvaW1nNTgyNjgyMjAuanBnIiBhbHQ9IiIgaGVpZ2h0PSIyMDAiIHdpZHRoPSIyMDAiPjxicj48Zm9udCBzaXplPSIyIiBjb2xvcj0iI0ZGRkZGRiI+44Kq44O844Or44OJ44Ot44O844K6PC9mb250PjwvdGQ+CjwvdHI+Cjx0ciBhbGlnbj0iY2VudGVyIj4KPHRkIGNvbHNwYW49IjMiPjxmb250IHNpemU9IjIiIGNvbG9yPSIjRkZGRkZGIj7lvLXjgorjga7jgYLjgovoia/os6rjgarniZvpnanjgavjgIHjgq/jg63jgrPlnovmirzjgZfjgZfjgZ/pq5jntJrmhJ/jgYLjgbXjgozjgovpgLjlk4HjgII8YnI+44Kt44O844OB44Oj44O844Og44KE44OV44Kh44K544OK44O844Gv44K044O844Or44OJ44Kr44Op44O844Gn44CB5LiK5ZOB44GL44Gk5rSX57e044GV44KM44Gf5Y2w6LGh44Gn44GZ44CCPGJyPuaXpeeUqOeahOOBq+S9v+OBhuOBruOBr+OCguOBoeOCjeOCk+OBruOBk+OBqOOAgeOBi+OBl+OBk+OBvuOBo+OBn+OCt+ODvOODs+OBp+OCguWvvuW/nOOBp+OBjeOCi+S4iuizquOBleOBjOOBguOCiuOBvuOBmeOAgjxicj48YnI+4oC75qih5qeY44Gu5Ye644GL44Gf44Gv44Gd44KM44Ge44KM55Ww44Gq44KK44G+44GZ44CCPC9mb250PjwvdGQ+CjwvdHI+CjwvdGFibGU+Cjxocj4KPGZvbnQgY29sb3I9IiNmZjAwMDAiIHNpemU9IjUiPuKAu+S7peS4i+OBruOCiOOBhuOBquODh+ODoeODquODg+ODiOOBjOOBguOCiuOBvuOBmeOBo++8ge+8gTwvZm9udD48YnI+Cjxicj4KPHRhYmxlIHdpZHRoPSIzNDkiIGJvcmRlcj0iMCIgY2VsbHNwYWNpbmc9IjAiIGNlbGxwYWRkaW5nPSIwIj4KICA8dHI+CiAgICA8dGQgY29sc3Bhbj0iMiI+PEI+4peP44OH44Oh44Oq44OD44OI44K/44Kk44OXQe+8iOOCreOCuuODu+axmuOCjOODu+OCt+ODn++8iTwvQj48L3RkPgogIDwvdHI+CiAgPHRyPgogICAgPHRkIHdpZHRoPSIzNDkiPjxpbWcgc3JjPSJodHRwOi8vaW1hZ2UucmFrdXRlbi5jby5qcC9nbGVuY2hlY2svY2FiaW5ldC8wMDY1ODU0NC8xMTU5Nzc3OG91dDEyMDQuanBnIiBhbHQ9IiIgd2lkdGg9IjMwMCIgaGVpZ2h0PSIzMDAiPjwvdGQ+CiAgPC90cj4KICA8dHI+CiAgICA8dGQ+5YaZ55yf44Gu44KI44GG44Gq5rGa44KM44GM44GU44GW44GE44G+44GZ44CCPC90ZD4KICA8L3RyPgo8L3RhYmxlPgo8YnI+CjxiPuKAu+WGmeecn+OBr+WVhuWTgeOBruS4gOS+i+OBp+OBmeOAguOBneOBruS7lue0sOOBi+OBquOCreOCuuODu+axmuOCjOOBjOOBlOOBluOBhOOBvuOBmeOAgjwvYj48YnI+CjxiPiDigLvjgqLjgqbjg4jjg6zjg4Pjg4jllYblk4Hjga7kuK3jgavjga/nrrHjgaTjgbbjgozjgoTjgIHnrrHjgoTku5jlsZ7jga7kuI3nuZTluIPjga7ooovjgYzku5jjgYTjgabjgarjgYTjgoLjga7jgYzjgZTjgZbjgYTjgb7jgZnjgII8L2I+PGJyPgo8YnI+Cjxocj4KPGJyPgo8Zm9udCBzaXplPTQKY29sb3I9cmVkPuKAu+OCouOCpuODiOODrOODg+ODiOWVhuWTgeOBrui/lOWTgeOBr+OBiuaWreOCiuOBleOBm+OBpuOBhOOBn+OBoOOBjeOBvuOBmeOAguOBlOS6huaJv+OBj+OBoOOBleOBhOOAgjwvZm9udD48YnI+Cjxicj4KPGZvbnQgc2l6ZT01PjxiPjxhIGhyZWY9Imh0dHA6Ly9pdGVtLnJha3V0ZW4uY28uanAvZ2xlbmNoZWNrLzExNTk3Nzc4LyIgdGFyZ2V0PSJfYmxhbmsiPuato+imj+iyqeWjsuWTgeOBr+OBk+OBoeOCiTwvYT48L2I+PGJyPgo8L2ZvbnQ+PEJSPgo8aHI+CjxCUj48YnIgLz48YnIgLz4KCjwhLS3jgYLjgZnmpb3jg5Djg4rjg7wtLT4KICA8aWZyYW1lIHN0eWxlPSJtYXJnaW4tYm90dG9tOjIwcHg7IiBzcmM9Imh0dHA6Ly93d3cucmFrdXRlbi5uZS5qcC9nb2xkL2dsZW5jaGVjay9pdG0vYXNyYm4vcGNpdGVtL2l0ZW1fYXNibi5odG1sPzMiIGZyYW1lYm9yZGVyPSIwIiB3aWR0aD0iNzAwIiBoZWlnaHQ9IjE2MSIgc2Nyb2xsaW5nPW5vPjwvaWZyYW1lPgo8IS0t44GC44GZ5qW944OQ44OK44O8IGVuZC0tPjxJTUcgaGVpZ2h0PSIyNSIgYWx0PSLllYblk4HoqbPntLAiIHNyYz0iaHR0cDovL2ltYWdlLnJha3V0ZW4uY28uanAvZ2xlbmNoZWNrL2NhYmluZXQvaS9pdGVtLWJhci5naWYiIHdpZHRoPSIzMjAiIGJvcmRlcj0iMCI+IAo8VEFCTEUgY2VsbFNwYWNpbmc9IjAiIGNlbGxQYWRkaW5nPSI3IiB3aWR0aD0iMzIwIiBib3JkZXI9IjEiPgo8IS0t4pa86IOM5pmv55m9LS0+PFRCT0RZPgo8VFI+CjxURCB3aWR0aD0iNDAiIGJnQ29sb3I9IiNmZmZmOTkiPjxGT05UIHNpemU9IjIiPue0oOadkDwvZm9udD48L1REPgo8VEQgYmdDb2xvcj0iI2ZmZmY5OSI+PEZPTlQgc2l6ZT0iMiI+54mb6Z2p44CA77yI5YaF5YG077yJ5ZCI5oiQ55qu6Z2pPC9GT05UPjwvVEQ+CjwvVFI+CjwhLS3ilrzog4zmma/nmb0tLT4KPFRSPgo8VEQ+PEZPTlQgc2l6ZT0iMiI+44K144Kk44K6PC9mb250PjwvVEQ+CjxURD48Rk9OVCBzaXplPSIyIj7vvIjntITvvInnuKbvvJHvvJDDl+aoqu+8ku+8kMOX5Y6a44GV77yRLu+8le+9g++9jTwvRk9OVD48L1REPgo8L1RSPgo8IS0t4pa86IOM5pmv44OZ44O844K444OlLS0+CjxUUj4KPFREIGJnQ29sb3I9IiNmZmZmOTkiPjxGT05UIHNpemU9IjIiPumHjeOBlTwvZm9udD48L1REPgo8VEQgYmdDb2xvcj0iI2ZmZmY5OSI+PEZPTlQgc2l6ZT0iMiI+77yI57SE77yJ77yR77yU77yQ772HPC9GT05UPjwvVEQ+CjwvVFI+CjwhLS3ilrzog4zmma/nmb0tLT4KPFRSPgo8VEQ+PEZPTlQgc2l6ZT0iMiI+5LuV5qeYPC9mb250PjwvVEQ+CjxURD48Rk9OVCBzaXplPSIyIj7il4/jgqvjg7zjg4njg53jgrHjg4Pjg4jDl++8ke+8ljxicj7il4/jg53jgrHjg4Pjg4jDl++8kjxicj7il4/lsI/piq3lhaXjgozDl++8kTxCUj7il4/jg5XjgqHjgrnjg4rjg7zjg53jgrHjg4Pjg4jDl++8kTwvRk9OVD48L1REPgo8L1RSPgo8IS0t4pa86IOM5pmv44OZ44O844K444OlLS0+CjxUUj4KPFREIGJnQ29sb3I9IiNmZmZmOTkiPjxGT05UIHNpemU9IjIiPuOCq+ODqeODvDwvZm9udD48L1REPgo8VEQgYmdDb2xvcj0iI2ZmZmY5OSI+PEZPTlQgc2l6ZT0iMiI+44OW44Op44OD44Kv44CB44OW44Ot44Oz44K644CB44Kq44O844Or44OJ44Ot44O844K644CB44Ot44O844K644OU44Oz44Kv44CB44Kq44O844Kv44OZ44O844K444Ol44CB44K144OD44Kv44K544OW44Or44O844CB44Ob44Ov44Kk44OI44CB44OR44O844Or44OZ44O844K444Ol44CB44OZ44OT44O844OU44Oz44Kv44CB44Kw44Os44Kk44CB44Kk44Ko44Ot44O8PC9GT05UPjwvVEQ+CjwvVFI+CjwhLS3ilrzog4zmma/nmb0tLT4KPFRSPgo8VEQ+PEZPTlQgc2l6ZT0iMiI+6KO96YCgPC9mb250PjwvVEQ+CjxURD48Rk9OVCBzaXplPSIyIj7kuK3lm708L0ZPTlQ+PC9URD4KPC9UUj4KPC9UQUJMRT48YnI+Cjx0YWJsZSBib3JkZXI9IjAiIGNlbGxzcGFjaW5nPSIwIiBjZWxscGFkZGluZz0iMiI+Cjx0ciB2YWxpZ249InRvcCI+Cjx0ZCBub3dyYXA+44Ku44OV44OI5a++5b+cPC90ZD4KPHRkPjxpbWcgc3JjPSJodHRwOi8vaW1hZ2UucmFrdXRlbi5jby5qcC9nbGVuY2hlY2svY2FiaW5ldC9mdXJpZS9yYXAtaWNvbi5naWYiIGFsdD0i44Op44OD44OU44Oz44Kw5a++5b+cIiB3aWR0aD0iMTAwIiBoZWlnaHQ9IjIxIiBoc3BhY2U9IjEiPjxpbWcgc3JjPSJodHRwOi8vaW1hZ2UucmFrdXRlbi5jby5qcC9nbGVuY2hlY2svY2FiaW5ldC9mdXJpZS9yYXAtc2VudGFrdS5naWYiIGFsdD0i44Op44OD44OU44Oz44Kw6YG45oqe5Y+vIiB3aWR0aD0iMTAwIiBoZWlnaHQ9IjIxIiBoc3BhY2U9IjEiPjxpbWcgc3JjPSJodHRwOi8vaW1hZ2UucmFrdXRlbi5jby5qcC9nbGVuY2hlY2svY2FiaW5ldC9mdXJpZS9yYXAtbWVzc2FnZS5naWYiIGFsdD0i44Oh44OD44K744O844K444Kr44O844OJIiB3aWR0aD0iMTAwIiBoZWlnaHQ9IjIxIiBoc3BhY2U9IjEiPjwvdGQ+CjwvdHI+CjwvdGFibGU+CjwhLS1GcmVlIHNoaXBwaW5nLS0+Cjxicj4KPFRBQkxFIGNlbGxQYWRkaW5nPSIxNSIgd2lkdGg9IjMyMCIgYm9yZGVyPSIxIiBib3JkZXJjb2xvcj0iIzAwMDAwMCI+CjxUQk9EWT4KPFRSPjxURCBhbGlnbj0iY2VudGVyIiBiZ2NvbG9yPSIjRjVGNURDIj7mtbflpJbjga7phY3pgIHjgavplqLjgZfjgb7jgZfjgaY8L1REPjwvVFI+CjxUUj4KPFREIGFsaWduPSJsZWZ0IiBiZ2NvbG9yPSIjZmZmZmZmIj4KPEZPTlQgc2l6ZT0iMiI+CuOAjOmAgeaWmeeEoeaWmeOAjeOBruihqOiomOOBjOOBguOCi+OCguOBruOBr+aXpeacrOOBruWbveWGheOBrumFjemAgeOBq+mWouOBl+OBpuOBruWvvuW/nOOBqOOBquOCiuOBvuOBmeOAgjxicj4K5rW35aSW6YWN6YCB44Gr6Zai44GX44Gm44Gv5Yil6YCU6YCB5paZ44KS6Kqy6YeR44GE44Gf44GX44G+44GZ44Gu44Gn6L+944Gj44Gm5bqX6IiX44KI44KK6YCj57Wh44GE44Gf44GX44G+44GZ44CCPGJyPjxicj4KIkZyZWUgc2hpcHBpbmciIGFwcGVhcnMgaW4gdGhlIGFkcyBpcyBvbmx5IHZhbGlkIGZvciB0aGUgZG9tZXN0aWMgZGVsaXZlcnkgd2l0aGluIEphcGFuLjxicj4KU2hpcHBpbmcgZmVlIG11c3QgYmUgY2hhcmdlZCB0byB0aGUgY3VzdG9tZXJzIHdobyB3b3VsZCBsaWtlIHVzIHRvIHNoaXAgeW91ciBvcmRlciB0byBvdXRzaWRlIG9mIEphcGFuLjxicj4KPGJyPgpQbGVhc2UgY29udGFjdCB1cyBvciB1c2UgdGhlIHNoaXBwaW5nIGZlZSBjYWxjdWxhdG9yIGJlbG93IGlmIHlvdSB3b3VsZCBsaWtlIHRvIGNvbmZpcm0geW91ciBzaGlwcGluZyBmZWUuPGJyPgo8L0ZPTlQ+CjwvVEQ+CjwvVFI+CjwvVEJPRFk+CjwvVEFCTEU+PGJyPgoKPGZvbnQgc2l6ZT0iMiI+44Oh44O844Kr44O85biM5pyb5bCP5aOy5L6h5qC844Gv44Oh44O844Kr44O844K144Kk44OI44Gr5Z+644Gl44GE44Gm5o6y6LyJ44GX44Gm44GE44G+44GZ44CCPC9mb250Pgo8YnI+CjxpbWcgc3JjPSJodHRwOi8vaW1hZ2UucmFrdXRlbi5jby5qcC9nbGVuY2hlY2svY2FiaW5ldC9iYW5uZXIvcmFrdWJuci1jb252aW5pLmpwZz8wIiBib3JkZXI9IjAiIC8+PGJyIC8+PGJyPjxpbWcgc3JjPSJodHRwOi8vaW1hZ2UucmFrdXRlbi5jby5qcC9nbGVuY2hlY2svY2FiaW5ldC9iYW5uZXIvcmFrdWJuci1yZXZpZXcuanBnIiBib3JkZXI9IjAiIC8+PGJyIC8+PHN0eWxlIHR5cGU9InRleHQvY3NzIj4KPCEtLQoKLyog44OX44Or44OA44Km44OzICovCiNyYWt1dGVuTGltaXRlZElkX2Fyb3VuZENhcnQgc3Bhbi5jaG9pY2V7YmFja2dyb3VuZDp1cmwoImh0dHA6Ly9pbWFnZS5yYWt1dGVuLmNvLmpwL2dsZW5jaGVjay9jYWJpbmV0L2NodXVpYmFuYXJjYXJ0Mi5naWYiKSBuby1yZXBlYXQgI2ZmZThiYjtib3JkZXI6MXB4IHNvbGlkICNjY2M7ZGlzcGxheTpibG9jaztmb250LXNpemU6MTRweDtmb250LXdlaWdodDpib2xkO2xpbmUtaGVpZ2h0OjEuMmVtO3BhZGRpbmc6NXB4IDAgNXB4IDMzcHg7dGV4dC1hbGlnbjpsZWZ0O21hcmdpbi10b3A6MTBweDt3aWR0aDozMjBweDt9Lyog44K/44Kk44OI44OrICovCiNyYWt1dGVuTGltaXRlZElkX2Fyb3VuZENhcnQgc2VsZWN0e2JvcmRlcjoxcHggc29saWQgIzk4OTg5ODt3aWR0aDozNTVweDtoZWlnaHQ6MjhweDsvKmxpbmUtaGVpZ2h0OzEuMmVtO21hcmdpbjowO2Rpc3BsYXk6YmxvY2s7cG9zaXRpb246cmVsYXRpdmU7Zm9udC1zaXplOjEzcHg7Ki99Lyog6YG45oqe6YOo5YiGICovCgo8IS0tICDpoIXnm67pgbjmip7ogqLliKXlnKjluqvjgavlh7rjgovntI3mnJ/jga7jg4fjgrbjgqTjg7PjgIDihpMtLT4KCnRkLmludmVudG9yeSBmb250e2ZvbnQtc2l6ZToxMHB4O2NvbG9yOiNmODAwMDA7bGluZS1oZWlnaHQ6IDEuNTt9CnRkLmludmVudG9yeXt3b3JkLXdyYXA6YnJlYWstd29yZDt3aWR0aDo4MHB4O30KCi8q6YG45oqe6aCF55uu6YOo5YiG44Gu44OG44O844OW44Or44K744Or44Gu5L2Z55m977yIcGFkZGluZ++8ieioreWumiovCiNyYWt1dGVuTGltaXRlZElkX2Fyb3VuZENhcnQgLmludmVudG9yeV9jaG9pY2VfbmFtZXtwYWRkaW5nOjdweCAhaW1wb3J0YW50O30KCi8q6YG45oqe6aCF55uu6YOo5YiG44Gu44Op44K444Kq44Oc44K/44Oz44KS5Zuy44Gj44Gm44GE44KL44OG44O844OW44Or44K744Or44Gu5L2Z55m977yIcGFkZGluZ++8ieioreWumiovCiNyYWt1dGVuTGltaXRlZElkX2Fyb3VuZENhcnQgLmludmVudG9yeXtwYWRkaW5nOjdweCAhaW1wb3J0YW50O30KCi8qIOmgheebrumBuOaKnuiCouWIpeOBruODhuODvOODluODq+WGheOBruWcqOW6q+ihqOekuiAqLwp0ZC5pbnZlbnRvcnkgZm9udHtjb2xvcjojNTU1O2ZvbnQtc2l6ZToxMnB4ICFpbXBvcnRhbnQ7bGluZS1oZWlnaHQ6MS4zO30KCgpzcGFuLmNob2ljZSB7IGNvbG9yOiAjMDAwOyBmb250LXNpemU6IDEyMCU7fQoKZGl2I0hlYWRlcktleXdvcmQgewoJcG9zaXRpb246YWJzb2x1dGU7Cgl0b3A6NTBweDsvKuS4gOeVquS4iuOBi+OCieOBruS9jee9riovCglsZWZ0OjMwcHg7Lyrlt6bnq6/jgYvjgonjga7kvY3nva4qLwp9CgpkaXYjSGVhZGVyS2V5d29yZCBzcGFuIHsKCWJhY2tncm91bmQ6ICNiZjAwMDA7Cgljb2xvcjojZmZmOwoJZm9udC13ZWlnaHQ6Ym9sZDsKCXBhZGRpbmc6MnB4IDVweDsKfQoKZGl2I0hlYWRlcktleXdvcmQgYSB7Cgljb2xvcjojMDA0NENDOwp9CgotLT4KCjwvc3R5bGU+CgoKPGRpdiBpZD0iSGVhZGVyS2V5d29yZCI+CjxzcGFuPuazqOebruOBruOCreODvOODr+ODvOODiTwvc3Bhbj4K44CQ44OT44K444ON44K544Oe44Oz5b+F5pC65ZCN5Yi65YWl44KM77yB44CRCuOAkOS6uuawl+S4iuaYh+OBrumVt+iyoeW4g+OAkQrjgJDlpbPlrZDjgavkurrmsJdrYW5taS7jgJEKPC9kaXY+Cgo8IS0tR29RU3lzdGVt44Op44Oz44Kt44Oz44Kw6Ieq5YuV5pu05paw44OE44O844Or44Ov44Kk44OJLS0+Cjx0YWJsZSBhbGlnbj0iY2VudGVyIiB3aWR0aD0iNjAwIiBib3JkZXI9IjAiIGNlbGxwYWRkaW5nPSIwIiBjZWxsc3BhY2luZz0iMCIgYmdjb2xvcj0iI0ZGRkZGRiIgc3R5bGU9ImxpbmUtaGVpZ2h0OjA7Ij4KPHRyPgo8dGQ+Cjx0YWJsZSBhbGlnbj0iY2VudGVyIiB3aWR0aD0iNjAwIiBib3JkZXI9IjAiIGNlbGxwYWRkaW5nPSIwIiBjZWxsc3BhY2luZz0iMCIgYmdjb2xvcj0iI0ZGRkZGRiI+Cjx0cj4KPHRkIGFsaWduPSJjZW50ZXIiIHZhbGlnbj0iYm90dG9tIiBiZ2NvbG9yPSIjY2NjY2NjIj48aW1nIHNyYz0iaHR0cHM6Ly93d3cucmFrdXRlbi5uZS5qcC9nb2xkL2dsZW5jaGVjay9nb3FzeXN0ZW0vNjAwcmFua2luZ3RpdGVsLmdpZiIgd2lkdGg9IjYwMCIgLz48L3RkPgo8L3RyPgo8L3RhYmxlPgo8dGFibGUgYWxpZ249ImNlbnRlciIgd2lkdGg9IjU5NiIgYm9yZGVyPSIwIiBjZWxscGFkZGluZz0iMCIgY2VsbHNwYWNpbmc9IjAiIGJnY29sb3I9IiNDQ0NDQ0MiIHN0eWxlPSJib3JkZXItbGVmdDpzb2xpZDtib3JkZXItbGVmdC13aWR0aDoxcHg7Ym9yZGVyLXJpZ2h0OnNvbGlkO2JvcmRlci1yaWdodC13aWR0aDoxcHg7Ym9yZGVyLWJvdHRvbTpzb2xpZDtib3JkZXItYm90dG9tLXdpZHRoOjFweDtib3JkZXItY29sb3I6I0NDQ0NDQzsiPgo8dHI+Cjx0ZCBhbGlnbj0iY2VudGVyIiBiZ2NvbG9yPSIjRkZGRkZGIj4KPGRpdiBjbGFzcz0iaWZybS1jb250YWluZXIiIHN0eWxlPSJ3aWR0aDo1OThweDtoZWlnaHQ6NDYwcHg7b3ZlcmZsb3c6YXV0bzstd2Via2l0LW92ZXJmbG93LXNjcm9sbGluZzp0b3VjaDsiPgoKPC9kaXY+CjwvdGQ+CjwvdHI+Cjx0cj4KPHRkIGFsaWduPSJyaWdodCIgYmdjb2xvcj0iI0ZGRkZGRiIgc3R5bGU9InBhZGRpbmc6MnB4OyI+CjxpbWcgc3JjPSJodHRwczovL3d3dy5yYWt1dGVuLm5lLmpwL2dvbGQvZ2xlbmNoZWNrL2dvcXN5c3RlbS9wb3dlcmVkX2J5X2Jhbm5lci5naWYiIHdpZHRoPSIxMjUiIC8+CjwvdGQ+CjwvdHI+CjwvdGFibGU+CjwvdGQ+CjwvdHI+CjwvdGFibGU+CjwhLS1Hb1FTeXN0ZW3jg6njg7Pjgq3jg7PjgrDoh6rli5Xmm7TmlrDjg4Tjg7zjg6vjg6/jgqTjg4ktLT4KPGJyPgoKPCEtLeKWvOWFsemAmuiqrOaYjuaWh++8iOWkp++8iS0tPgo8dGFibGUgYm9yZGVyPSIwIiBjZWxscGFkZGluZz0iMCIgY2VsbHNwYWNpbmc9IjAiIHdpZHRoPSI3MDAiPgo8dGJvZHk+PHRyPgo8dGQgdmFsaWduPSJ0b3AiPgoKPCEtLeODh+OCtuOCpOODs+ioreWumu+8muWFsemAmuiqrOaYjuaWh++8iOWkp++8ieS4iumDqC0tPgoKPCEtLeODh+OCtuOCpOODs+ioreWumu+8muWFsemAmuiqrOaYjuaWh++8iOWkp++8ieS4iumDqC0tPgoKPC90ZD48L3RyPgo8L3Rib2R5PjwvdGFibGU+CjwhLS3ilrLlhbHpgJroqqzmmI7mlofvvIjlpKfvvInjgZPjgZPjgb7jgactLT4KPGJyPgo8IS0t4pa844Kq44K544K544Oh44K/44Kk44OI44Or55S75YOPLS0+CjxUQUJMRSBjZWxsU3BhY2luZz0wIGNlbGxQYWRkaW5nPTAgd2lkdGg9NzAwIGJvcmRlcj0wPgo8VFI+CjxURCBiYWNrZ3JvdW5kPWh0dHA6Ly9pbWFnZS5yYWt1dGVuLmNvLmpwL2dsZW5jaGVjay9jYWJpbmV0L2Z1cmllLzFiYW4tbmVyLmpwZyBoZWlnaHQ9MzA+CjwhLS3ilrzjgqvjg6njg7zjgr/jgqTjg4jjg6stLT48Zm9udCBjb2xvcj1GRkZGRkYgc2l6ZT0iNCIgPjxiPuOAgOOAgOOAgOOAgOOAgOOAgOOAgOOAgOOCsOODrOODs+ODgeOCp+ODg+OCr+OCueOCv+ODg+ODleOBruOCquOCueOCueODoeOCouOCpOODhuODoOOBr+OBk+OBoeOCie+8gSA8L2I+PC9mb250Pgo8L1REPjwvVFI+PC9UQUJMRT4KCjwhLS3ilrzjgqrjgrnjgrnjg6HjgqLjgqTjg4bjg6AtLT4KPHRhYmxlIGJvcmRlcj0iMCIgY2VsbHBhZGRpbmc9IjAiIGNlbGxzcGFjaW5nPSIwIiB3aWR0aD0iNzAwIj4KPHRib2R5Pjx0cj4KPHRkIHZhbGlnbj0idG9wIj4KCjwhLS3jg4fjgrbjgqTjg7PoqK3lrprvvJrlhbHpgJroqqzmmI7mlofvvIjlpKfvvInkuIvpg6gtLT4KCjwhLS3jg4fjgrbjgqTjg7PoqK3lrprvvJrlhbHpgJroqqzmmI7mlofvvIjlpKfvvInkuIvpg6gtLT4KCjwvdGQ+PC90cj4JCjwvdGJvZHk+PC90YWJsZT4KCgo8IS0t4pay44GK44GZ44GZ44KB44GT44GT44G+44GnLS0+Cjxicj4=,44Kv44O844Od44Oz5LuY44GN77yBNC8yN+OBvuOBp+OBrumZkOWumuS+oeagvO+8geOCouOCpuODiOODrOODg+ODiO+8geOCr+ODreOCs+Wei+aKvOOBl+ODrOODh+OCo+ODvOOCue+8rOWtl+OCpuOCqeODrOODg+ODiC/osqHluIPjgJDoqLPjgYLjgorjgJEg44Kw44Os44Oz44OV44Kj44O844Or44OJ77ya6LKh5biD44CQ5ZCN5YWl44KM54Sh5paZ44CR44Kw44Os44Oz44OB44Kn44OD44Kv,5ZCN5YWl44KM6LKh5biD44OP44Oq44K544OE44Kk44O844OJ44OW44Op44Kk44OJ44Or44Os44K244O844OR44OK44Oe44OP44OD44OI44OW44Oq44OG44Kj44OD44K344Ol44Kw44Oq44O844OzYnJpdGlzaCBncmVlbuOCu+ODieOCpuOCo+ODg+OCr1NFREdXSUNL44OT44K444ON44K544Kz44O844OJ44OQ44Oz55S36Iux5Zu9546L5a6k5b6h55So6YGU44K144K544Oa44Oz44OA44O85pys6Z2p44Os44K244O844Km44Kp44Os44OD44OI5LqM44Gk5oqY44KK44Kw44Os44Oz44OB44Kn44OD44KvR0xFTkNIRUNL5ZCN5Yi65YWl44KM44Kv44O844Od44Oz5LuY44GN77yBNC8yN+OBvuOBp+OBrumZkOWumuS+oeagvO+8geOCouOCpuODiOODrOODg+ODiO+8geOCr+ODreOCs+Wei+aKvOOBl+ODrOODh+OCo+ODvOOCue+8rOWtl+OCpuOCqeODrOODg+ODiC/osqHluIPjgJDoqLPjgYLjgorjgJEg44Kw44Os44Oz44OV44Kj44O844Or44OJ,44OH44K244Kk44Oz44Go5qmf6IO95oCn44KS5YW844Gt5YKZ44GI44Gf6ZW36LKh5biD44CC44Kv44O844Od44Oz5LuY44GN77yBNC8yN+OBvuOBp+OBrumZkOWumuS+oeagvO+8geOCouOCpuODiOODrOODg+ODiO+8geOCr+ODreOCs+Wei+aKvOOBl+ODrOODh+OCo+ODvOOCue+8rOWtl+OCpuOCqeODrOODg+ODiC/osqHluIPjgJDoqLPjgYLjgorjgJEg44Kw44Os44Oz44OV44Kj44O844Or44OJ[rn]
39-76476,aHR0cDovL3RzaG9wLnIxMHMuanAvY2xvY2hldHRlL2NhYmluZXQvc21hcGhvL3NtYXJ0cGhvbmUvcDI4NTAwMDFfNTgwLmpwZz9maXRpbj03MDA6NzAw,MTUzNzkuMjAwMA==,,44OQ44OD44Kw44O75bCP54mp44O744OW44Op44Oz44OJ6ZuR6LKoID4g6LKh5biD44O744Kx44O844K5ID4g44Os44OH44Kj44O844K56LKh5biD,6ZW36LKh5biD44CA44Os44OH44Kj44O844K544CA6ZW36LKh5biD44CA5pys6Z2p44CA6ZW36LKh5biD44CA5aSn5a656YeP44CA6ZW36LKh5biD44CA5bCP6Yqt5YWl44KM44GC44KK44CA6ZW36LKh5biD44CA5Lq65rCX44CA6ZW36LKh5biD44CA44Ki44Oz44OG44Kj44O844Kv44CA6ZW36LKh5biD44CA44Kk44K/44Oq44Ki44CA44OX44Os44K844Oz44OI44Kt44Ki44O844O044Kn,44CQ6ZW36LKh5biDL+ODrOODh+OCo+ODvOOCuS/mnKzpnakv44Od44Kx44OD44OIL+aXpeacrOijveOAkQ==,PGRpdiBhbGlnbj0iY2VudGVyIj48Yj48Zm9udCBjb2xvcj0iI0FFNzYwMCIgc2l6ZT0iLTEiPuOAkOW+heacm+OBruaWsOS9nO+8geOAkTxicj4KICDlrp3nianjga7jgojjgYbjgarjgqLjg7Pjg4bjgqPjg7zjgq/jg4fjgrbjgqTjg7Pjga48YnI+CiAg44Kk44K/44Oq44Ki44Oz44Ki44O844OI44Os44K244O844Km44Kp44Os44OD44OIPGJyPgogIOOCreOCouODvOODtOOCpyDvvZ5DaGlhdmXvvZ48L2ZvbnQ+PC9iPjxicj4KICA8YnI+CiAgPGJyPgo8aW1nIHNyYz0iaHR0cDovL2ltYWdlLnJha3V0ZW4uY28uanAvY2xvY2hldHRlL2NhYmluZXQvMjAxM2F3L3AyODUwMDAxXzEuanBnIj48YnI+CiAgPGltZyBzcmM9Imh0dHA6Ly9pbWFnZS5yYWt1dGVuLmNvLmpwL2Nsb2NoZXR0ZS9jYWJpbmV0LzIwMTNhdy9wMjg1MDAwMV8yLmpwZyI+PGJyPgogIDxpbWcgc3JjPSJodHRwOi8vaW1hZ2UucmFrdXRlbi5jby5qcC9jbG9jaGV0dGUvY2FiaW5ldC8yMDEzYXcvcDI4NTAwMDFfMy5qcGciPjxicj4KICA8aW1nIHNyYz0iaHR0cDovL2ltYWdlLnJha3V0ZW4uY28uanAvY2xvY2hldHRlL2NhYmluZXQvMjAxM2F3L3AyODUwMDAxXzQuanBnIj48YnI+CiAgPGltZyBzcmM9Imh0dHA6Ly9pbWFnZS5yYWt1dGVuLmNvLmpwL2Nsb2NoZXR0ZS9jYWJpbmV0LzIwMTNhdy9wMjg1MDAwMV81LmpwZyI+PGJyPgogIDxpbWcgc3JjPSJodHRwOi8vaW1hZ2UucmFrdXRlbi5jby5qcC9jbG9jaGV0dGUvY2FiaW5ldC8yMDEzYXcvcDI4NTAwMDFfNi5qcGciPjxicj4KICA8aW1nIHNyYz0iaHR0cDovL2ltYWdlLnJha3V0ZW4uY28uanAvY2xvY2hldHRlL2NhYmluZXQvMjAxM2F3L3AyODUwMDAxXzcuanBnIiI+PGJyPgogIDxpbWcgc3JjPSJodHRwOi8vaW1hZ2UucmFrdXRlbi5jby5qcC9jbG9jaGV0dGUvY2FiaW5ldC8yMDEzYXcvcDI4NTAwMDFfOC5qcGciPjxicj4KICA8aW1nIHNyYz0iaHR0cDovL2ltYWdlLnJha3V0ZW4uY28uanAvY2xvY2hldHRlL2NhYmluZXQvMjAxM2F3L3AyODUwMDAxXzkuanBnIiB3aWR0aD0iNzAwIiBoZWlnaHQ9IjM4OCIgdXNlbWFwPSIjTWFwIiBib3JkZXI9IjAiPjxicj4KICA8aW1nIHNyYz0iaHR0cDovL2ltYWdlLnJha3V0ZW4uY28uanAvY2xvY2hldHRlL2NhYmluZXQvMjAxM2F3L3AyODUwMDAxXzEwLmpwZyI+PGJyPgogIDxpbWcgc3JjPSJodHRwOi8vaW1hZ2UucmFrdXRlbi5jby5qcC9jbG9jaGV0dGUvY2FiaW5ldC8yMDEzYXcvcDI4NTAwMDFfMTEuanBnIj48YnI+CiAgPGltZyBzcmM9Imh0dHA6Ly9pbWFnZS5yYWt1dGVuLmNvLmpwL2Nsb2NoZXR0ZS9jYWJpbmV0LzIwMTNhdy9wMjg1MDAwMV8xMi5qcGciPjxicj4KICA8aW1nIHNyYz0iaHR0cDovL2ltYWdlLnJha3V0ZW4uY28uanAvY2xvY2hldHRlL2NhYmluZXQvMjAxM2F3L3AyODUwMDAxXzEzLmpwZyI+PGJyPgogIDxpbWcgc3JjPSJodHRwOi8vaW1hZ2UucmFrdXRlbi5jby5qcC9jbG9jaGV0dGUvY2FiaW5ldC8yMDEzYXcvcDI4NTAwMDFfMTQuanBnIj48YnI+CiAgPGltZyBzcmM9Imh0dHA6Ly9pbWFnZS5yYWt1dGVuLmNvLmpwL2Nsb2NoZXR0ZS9jYWJpbmV0LzIwMTNhdy9wMjg1MDAwMV8xNS5qcGciPjxicj4KICA8aW1nIHNyYz0iaHR0cDovL2ltYWdlLnJha3V0ZW4uY28uanAvY2xvY2hldHRlL2NhYmluZXQvMjAxM2F3L3AyODUwMDAxXzE2LmpwZyI+PGJyPgogIDxpbWcgc3JjPSJodHRwOi8vaW1hZ2UucmFrdXRlbi5jby5qcC9jbG9jaGV0dGUvY2FiaW5ldC8yMDE1c3MvcDI4NTAwMDFfMjYuanBnIiB3aWR0aD0iNzAwIiBoZWlnaHQ9Ijg5NCIgYm9yZGVyPSIwIiB1c2VtYXA9IiNNYXAiIC8+CjxtYXAgbmFtZT0iTWFwIiBpZD0iTWFwIj48YXJlYSBzaGFwZT0icmVjdCIgY29vcmRzPSIyMSwxNTIsMzQ4LDQyMyIgaHJlZj0iaHR0cDovL2ltYWdlLnJha3V0ZW4uY28uanAvY2xvY2hldHRlL2NhYmluZXQvMjAxM2F3L3AyODUwMDAxXzIwLmpwZyIgdGFyZ2V0PSJfYmxhbmsiIC8+CjxhcmVhIHNoYXBlPSJyZWN0IiBjb29yZHM9IjM1MiwxNTMsNjc0LDQyNCIgaHJlZj0iaHR0cDovL2ltYWdlLnJha3V0ZW4uY28uanAvY2xvY2hldHRlL2NhYmluZXQvMjAxM2F3L3AyODUwMDAxXzIxLmpwZyIgdGFyZ2V0PSJfYmxhbmsiIC8+CjxhcmVhIHNoYXBlPSJyZWN0IiBjb29yZHM9IjEzLDQzMCwzNDQsNjU5IiBocmVmPSJodHRwOi8vaW1hZ2UucmFrdXRlbi5jby5qcC9jbG9jaGV0dGUvY2FiaW5ldC8yMDEzYXcvcDI4NTAwMDFfMjIuanBnIiB0YXJnZXQ9Il9ibGFuayIgLz4KPGFyZWEgc2hhcGU9InJlY3QiIGNvb3Jkcz0iMzUwLDQyNCw2NzcsNjUzIiBocmVmPSJodHRwOi8vaW1hZ2UucmFrdXRlbi5jby5qcC9jbG9jaGV0dGUvY2FiaW5ldC8yMDEzYXcvcDI4NTAwMDFfMjMuanBnIiB0YXJnZXQ9Il9ibGFuayIgLz4KPGFyZWEgc2hhcGU9InJlY3QiIGNvb3Jkcz0iMTMsNjYzLDM0NSw4ODAiIGhyZWY9Imh0dHA6Ly9pbWFnZS5yYWt1dGVuLmNvLmpwL2Nsb2NoZXR0ZS9jYWJpbmV0LzIwMTVzcy9wMjg1MDAwMV8yMy5qcGciIHRhcmdldD0iX2JsYW5rIiAvPgo8YXJlYSBzaGFwZT0icmVjdCIgY29vcmRzPSIzNTIsNjcwLDY4NSw4ODMiIGhyZWY9Imh0dHA6Ly9pbWFnZS5yYWt1dGVuLmNvLmpwL2Nsb2NoZXR0ZS9jYWJpbmV0LzIwMTVzcy9wMjg1MDAwMV8yNS5qcGciIHRhcmdldD0iX2JsYW5rIiAvPgo8L21hcD4gIDxicj4KICA8aW1nIHNyYz0iaHR0cDovL2ltYWdlLnJha3V0ZW4uY28uanAvY2xvY2hldHRlL2NhYmluZXQvMjAxM2F3L3AyODUwMDAxXzE4LmpwZyI+PGJyPgo8L2Rpdj48ZGl2IGFsaWduPWNlbnRlcj4KICA8ZGl2IGFsaWduPSJjZW50ZXIiPiAKICAgIDx0YWJsZSB3aWR0aD0iMzgwIiBib3JkZXI9IjEiIGNlbGxzcGFjaW5nPSIwIiBjZWxscGFkZGluZz0iNSIgc3R5bGU9ImZvbnQtc2l6ZToxMnB4OyI+CiAgICAgIDx0ciBiZ2NvbG9yPSIjQ0M2NjY2Ij4gCiAgICAgICAgPHRkIGNvbHNwYW49IjIiIGFsaWduPSJjZW50ZXIiIGJnY29sb3I9IiNDQzY2NjYiIGhlaWdodD0iNTAiPjxiPjxmb250IGNvbG9yPSIjRkZGRkZGIiBzaXplPSIrMSI+44GK5bGK44GR5LqI5a6a5pelPC9mb250PjwvYj48L3RkPgogICAgICA8L3RyPgogICAgICA8dHIgYmdjb2xvcj0iI0ZGRkZGRiI+IAogICAgICAgIDx0ZCB3aWR0aD0iMTQ5IiBhbGlnbj0iY2VudGVyIiBoZWlnaHQ9IjIwIj48Yj48Zm9udCBjb2xvcj0iIzY2NjY2NiI+44GZ44G544Gm44Gu44Kr44Op44O8PC9mb250Pjxmb250IGNvbG9yPSIjNjY2NjY2Ij48YnI+CiAgICAgICAgICA8L2ZvbnQ+PC9iPjwvdGQ+CiAgICAgICAgPHRkIGFsaWduPSJjZW50ZXIiIHdpZHRoPSIxMDUiIGhlaWdodD0iMzEiPjxiPjxmb250IGNvbG9yPSIjY2M2NjY2Ij7jgJDjgYLjgZnmpb3lr77lv5zjgJE8L2ZvbnQ+PC9iPjwvdGQ+CiAgICAgIDwvdHI+CiAgICA8L3RhYmxlPgogICAgPGZvbnQgc2l6ZT0tMT48Zm9udCBjb2xvcj0jY2M2NjY2PjxiPjxicj4KICAgIOKAu+WVhuWTgeWIsOedgOOBvuOBp+OBrua1geOCjDwvYj48L2ZvbnQ+PC9mb250Pjxicj4KICAgIDxicj4KICAgIDx0YWJsZSB3aWR0aD0iMzgwIiBib3JkZXI9IjEiIGNlbGxzcGFjaW5nPSIwIiBjZWxscGFkZGluZz0iNSIgc3R5bGU9ImZvbnQtc2l6ZToxMnB4OyI+CiAgICAgIDx0ciBiZ2NvbG9yPSIjRkZGRkZGIj4gCiAgICAgICAgPHRkIGFsaWduPSJjZW50ZXIiIGNvbHNwYW49IjIiIGJnY29sb3I9IiNDQzY2NjYiPjxmb250IGNvbG9yPSNmZmZmZmYgc2l6ZT0tMT48Yj7llYblk4HoqbPntLA8L2I+PC9mb250PjwvdGQ+CiAgICAgIDwvdHI+CiAgICAgIDx0ciBiZ2NvbG9yPSIjRkZGRkZGIj4gCiAgICAgICAgPHRkIGFsaWduPSJjZW50ZXIiPiAKICAgICAgICAgIDxkaXYgYWxpZ249ImxlZnQiPjxmb250IGNvbG9yPSIjNjY2NjY2Ij7jgqLjgqTjg4bjg6A8L2ZvbnQ+PC9kaXY+CiAgICAgICAgPC90ZD4KICAgICAgICA8dGQgYWxpZ249ImNlbnRlciI+IAogICAgICAgICAgPGRpdiBhbGlnbj0ibGVmdCI+PGZvbnQgY29sb3I9IiM2NjY2NjYiPuOCpOOCv+ODquOCouijveOCouODvOODiOODrOOCtuODvOiyoeW4gzwvZm9udD48L2Rpdj4KICAgICAgICA8L3RkPgogICAgICA8L3RyPgogICAgICA8dHIgYmdjb2xvcj0iI0ZGRkZGRiI+IAogICAgICAgIDx0ZCBhbGlnbj0iY2VudGVyIj4gCiAgICAgICAgICA8ZGl2IGFsaWduPSJsZWZ0Ij48Zm9udCBjb2xvcj0iIzY2NjY2NiI+57Sg5p2QPC9mb250PjwvZGl2PgogICAgICAgIDwvdGQ+CiAgICAgICAgPHRkIGFsaWduPSJjZW50ZXIiPiAKICAgICAgICAgIDxkaXYgYWxpZ249ImxlZnQiPjxmb250IGNvbG9yPSIjNjY2NjY2Ij7jgqTjgr/jg6rjgqLniZvpnak8L2ZvbnQ+PC9kaXY+CiAgICAgICAgPC90ZD4KICAgICAgPC90cj4KICAgICAgPHRyIGJnY29sb3I9IiNGRkZGRkYiPiAKICAgICAgICA8dGQgYWxpZ249ImNlbnRlciI+IAogICAgICAgICAgPGRpdiBhbGlnbj0ibGVmdCI+PGZvbnQgY29sb3I9IiM2NjY2NjYiPuOCteOCpOOCujwvZm9udD48L2Rpdj4KICAgICAgICA8L3RkPgogICAgICAgIDx0ZCBhbGlnbj0iY2VudGVyIj4gCiAgICAgICAgICA8ZGl2IGFsaWduPSJsZWZ0Ij48Zm9udCBjb2xvcj0iIzY2NjY2NiI+57imOcOX5qiqMTkuNcOX44Oe44OBM2NtPC9mb250PjwvZGl2PgogICAgICAgIDwvdGQ+CiAgICAgIDwvdHI+CiAgICAgIDx0ciBiZ2NvbG9yPSIjRkZGRkZGIj4gCiAgICAgICAgPHRkIGFsaWduPSJjZW50ZXIiPiAKICAgICAgICAgIDxkaXYgYWxpZ249ImxlZnQiPjxmb250IGNvbG9yPSIjNjY2NjY2Ij7lhoXoo4U8L2ZvbnQ+PC9kaXY+CiAgICAgICAgPC90ZD4KICAgICAgICA8dGQgYWxpZ249ImNlbnRlciI+IAogICAgICAgICAgPGRpdiBhbGlnbj0ibGVmdCI+PGZvbnQgY29sb3I9IiM2NjY2NjYiPuOCq+ODvOODieODm+ODq+ODgOODvMOXMTjjgIHlsI/piq3lhaXjgozDlzE8YnI+CiAgICAgICAgICAgIOacreWFpeOCjMOXM+OAgeODleODquODvOODneOCseODg+ODiMOXMzwvZm9udD48L2Rpdj4KICAgICAgICA8L3RkPgogICAgICA8L3RyPgogICAgICA8dHIgYmdjb2xvcj0iI0ZGRkZGRiI+IAogICAgICAgIDx0ZCBhbGlnbj0iY2VudGVyIj4gCiAgICAgICAgICA8ZGl2IGFsaWduPSJsZWZ0Ij48Zm9udCBjb2xvcj0iIzY2NjY2NiI+6YeN44GVPC9mb250PjwvZGl2PgogICAgICAgIDwvdGQ+CiAgICAgICAgPHRkIGFsaWduPSJjZW50ZXIiPiAKICAgICAgICAgIDxkaXYgYWxpZ249ImxlZnQiPjxmb250IGNvbG9yPSIjNjY2NjY2Ij4xNjBnPC9mb250PjwvZGl2PgogICAgICAgIDwvdGQ+CiAgICAgIDwvdHI+CiAgICAgIDx0ciBiZ2NvbG9yPSIjRkZGRkZGIj4gCiAgICAgICAgPHRkIGFsaWduPSJjZW50ZXIiPiAKICAgICAgICAgIDxkaXYgYWxpZ249ImxlZnQiPjxmb250IGNvbG9yPSIjNjY2NjY2Ij7morHljIU8L2ZvbnQ+PC9kaXY+CiAgICAgICAgPC90ZD4KICAgICAgICA8dGQgYWxpZ249ImNlbnRlciI+IAogICAgICAgICAgPGRpdiBhbGlnbj0ibGVmdCI+PGZvbnQgY29sb3I9IiM2NjY2NjYiPuWwgueUqOeuseWFpeOCijwvZm9udD48L2Rpdj4KICAgICAgICA8L3RkPgogICAgICA8L3RyPgogICAgPC90YWJsZT4KICA8L2Rpdj4KICA8cCBhbGlnbj0iY2VudGVyIj48aW1nIHNyYz0iaHR0cDovL3d3dy5yYWt1dGVuLm5lLmpwL2dvbGQvY2xvY2hldHRlL2ltZy9kLWEuZ2lmIiB3aWR0aD0iMzgwIiBoZWlnaHQ9IjEwMCIgYm9yZGVyPSIwIj48Zm9udCBjb2xvcj0jNTU1NTU1IHNpemU9LTE+PGJyPgogICAgPC9mb250Pjxmb250IHNpemU9LTE+PGI+PGZvbnQgY29sb3I9IiNjYzY2NjYiPuKAu+WQjOaiseOBq+OBpOOBhOOBpjwvZm9udD48L2I+PC9mb250PiAKICAgIDxicj4KICAgICAKICA8ZGl2IGFsaWduPSJjZW50ZXIiPiAKICAgIDx0YWJsZSBzdHlsZT0iRk9OVC1TSVpFOiAxMnB4OyBMSU5FLUhFSUdIVDogMTIwJSIgY2VsbHNwYWNpbmc9MCBjZWxscGFkZGluZz0zIHdpZHRoPTM4MCBhbGlnbj1jZW50ZXIgYm9yZGVyPTE+CiAgICAgIDx0Ym9keT4gCiAgICAgIDx0cj4gCiAgICAgICAgPHRkIGJnY29sb3I9I2NjNjY2Nj4gCiAgICAgICAgICA8ZGl2IGFsaWduPSJjZW50ZXIiPjxmb250IGNvbG9yPSNmZmZmZmYgc2l6ZT0tMT48Yj7jgYrmlK/miZXmlrnms5Ug77yIIOW+jOaJleOBhCDvvIk8L2I+PC9mb250PjwvZGl2PgogICAgICAgIDwvdGQ+CiAgICAgIDwvdHI+CgogICAgICA8dHI+IAogICAgICAgIDx0ZD4gCiAgICAgICAgICA8cD48Zm9udCBjb2xvcj0jNTU1NTU1PuODu+OCr+ODrOOCuOODg+ODiOOCq+ODvOODieOAgOODu+S7o+mHkeW8leaPmzxicj4KICAgICAgICAgICAg44O76YO15L6/5oyv5pu/44CBPC9mb250Pjxmb250IGNvbG9yPSM1NTU1NTU+6YqA6KGM5oyv6L6877yI5ZWG5ZOB5Yiw552A5b6M77yR6YCx6ZaT5Lul5YaF44Gr44GK5pSv5omV44GE44GP44Gg44GV44GE77yJPC9mb250PjwvcD4KICAgICAgICA8L3RkPgogICAgICA8L3RyPgogICAgICA8dHI+IAogICAgICAgIDx0ZCBiZ2NvbG9yPSNjYzY2NjY+IAogICAgICAgICAgPGRpdiBhbGlnbj0iY2VudGVyIj48Zm9udCBjb2xvcj0jZmZmZmZmIHNpemU9LTE+PGI+6YCB5paZPC9iPjwvZm9udD48L2Rpdj4KICAgICAgICA8L3RkPgogICAgICA8L3RyPgogICAgICA8dHI+IAogICAgICAgIDx0ZD48Zm9udCBjb2xvcj0jNTU1NTU1PjxiPjxmb250ICAgICAgIGNvbG9yPSNmZjAwMDA+5YWo5Zu95LiA5b6L77yU77yY77yQ5YaGPC9mb250PjwvYj7jgIAo6Zui5bO25Y+K44Gz5LiA6YOo5Zyw5Z+f44Gv5Yil5paZ6YeR44Gr44Gq44KK44G+44GZKSAKICAgICAgICAgIDwvZm9udD48L3RkPgogICAgICA8L3RyPgogICAgICA8dHI+IAogICAgICAgIDx0ZCBiZ2NvbG9yPSNjYzY2NjY+IAogICAgICAgICAgPGRpdiBhbGlnbj0iY2VudGVyIj48Zm9udCBjb2xvcj0jZmZmZmZmIHNpemU9LTE+PGI+6YWN6YCB5pa55rOVPC9iPjwvZm9udD48L2Rpdj4KICAgICAgICA8L3RkPgogICAgICA8L3RyPgogICAgICA8dHI+IAogICAgICAgIDx0ZD48Zm9udCBjb2xvcj0iIzU1NTU1NSI+5L2Q5bed5oCl5L6/PC9mb250PjwvdGQ+CiAgICAgIDwvdHI+CiAgICAgIDx0cj4gCiAgICAgICAgPHRkIGJnY29sb3I9I2NjNjY2Nj4gCiAgICAgICAgICA8ZGl2IGFsaWduPSJjZW50ZXIiPjxmb250IGNvbG9yPSNmZmZmZmYgc2l6ZT0tMT48Yj7jgYrlsYrjgZHjgZnjgovllYblk4HjgavjgaTjgYTjgaY8L2I+PC9mb250PjwvZGl2PgogICAgICAgIDwvdGQ+CiAgICAgIDwvdHI+CiAgICAgIDx0cj4gCiAgICAgICAgPHRkPjxmb250IGNvbG9yPSIjNTU1NTU1IiBzaXplPSItMiI+PGZvbnQgc2l6ZT0iLTEiPu+8iuacrOmdqeOBruOBn+OCgeOAgeawtOOBq+a/oeOCjOOBn+WgtOWQiOOBr+OBl+OBv+OBk+OCk+OBoOmDqOWIhuOBjOOCt+ODn+OBqOOBquOBo+OBpuaui+OBo+OBpuOBl+OBvuOBhuWgtOWQiOOBjOOBguOCiuOBvuOBmeOAgua/oeOCjOOBpuOBl+OBvuOBo+OBn+WgtOWQiOOBr+OAgeaXqeOBhOOBhuOBoeOBq+awtOWIhuOCkuaLreOBjeWPluOCiuOAgeaXpemZsOW5suOBl+OBp+OChuOBo+OBj+OCiuOBqOa5v+awl+OCkuaKnOOBhOOBpuOBj+OBoOOBleOBhOOAgiAKICAgICAgICAgIOWkqeeEtuOBrumdqeOCkuS9v+eUqOOBl+OBpuOBhOOCi+OBn+OCgeOAgeOBl+OCj+OChOOCreOCuuOBjOOBguOCiuOAgeOBsuOBqOOBpOOBsuOBqOOBpOafhOOBruWHuuaWueOBquOBqeOBruihqOaDheOBjOmBleOBhOOBvuOBmeOAguOBk+OBoeOCieOBr+mdqeOBruaMgeOBpOiytOmHjeOBquOAjOWAi+aAp+OAjeOBqOOBl+OBpuOBiualveOBl+OBv+OBj+OBoOOBleOBhOOBvuOBm+OAgjxicj4KICAgICAgICAgIO+8iue0oOadkOOBruS7leS4iuOBjOOCiuOBq+OCiOOBo+OBpuOAgeWkmuWwkeiJsuODluODrOOBmeOCi+WgtOWQiOOBjOOBguOCiuOBvuOBmeOAguOBvuOBn+WGheW4g+OBruafhOODu+OCq+ODqeODvOOBr+S6iOWRiuOBquOBj+WkieabtOOBqOOBquOCi+WgtOWQiOOBjOOBguOCiuOBvuOBmeOAgjwvZm9udD48Zm9udCBzaXplPSItMSI+PGJyPgogICAgICAgICAg77yK44Op44OD44OU44Oz44Kw44Gv5om/44Gj44Gm44GK44KK44G+44Gb44KT44CCIDwvZm9udD48L2ZvbnQ+PC90ZD4KICAgICAgPC90cj4KICAgICAgPC90Ym9keT4gCiAgICA8L3RhYmxlPgogICAgPGZvbnQgY29sb3I9IzY2NjY2NiBzaXplPS0xPjxiPjxmb250IGNvbG9yPSNmZjAwMDA+PGJyPgogICAgPGZvbnQgY29sb3I9IzY2NjY2Nj7igLvjgYrlsYrjgZHjga/vvJ/jgYrmlK/miZXjgYTjga/vvJ/jg7vjg7s8L2ZvbnQ+PGZvbnQgY29sb3I9IiNjYzY2NjYiPuOCiOOBj+OBguOCi+OBlOizquWVj+OBr+OBk+OBoeOCieOBi+OCieKGklEmQTwvZm9udD48L2ZvbnQ+PC9iPjwvZm9udD48Zm9udCBjb2xvcj0jMzMwMGZmIHNpemU9LTE+PGI+PGJyPgogICAgPC9iPjwvZm9udD48Zm9udCBjb2xvcj0jZmYwMDAwIHNpemU9LTE+PC9mb250PiA8Zm9udCBjb2xvcj0jNTU1NTU1IHNpemU9Mz48L2ZvbnQ+PC9kaXY+CiAgCjwvZGl2PjwhLS3jg5rjg7zjgrjmqKrjga7ov73pmo/jg5Djg4rjg7zjgZPjgZPjgYvjgoktLT4KCjxzdHlsZSB0eXBlPSJ0ZXh0L2NzcyI+CjwhLS0KCiNyYWt1dGVuTGltaXRlZElkX2Fyb3VuZENhcnQgc3Bhbi5jaG9pY2UgKyBzZWxlY3QgewogICAgZGlzcGxheTogYmxvY2sgIWltcG9ydGFudDsKICAgIHBhZGRpbmc6IDhweDsKICAgIG1hcmdpbi1ib3R0b206IDJweDsKICAgIGJvcmRlci1yYWRpdXM6IDJweDsgICAKfQoKI3Jha3V0ZW5MaW1pdGVkSWRfYXJvdW5kQ2FydCBzcGFuLmNob2ljZSB7CiAgICBkaXNwbGF5OiBpbmxpbmUtYmxvY2s7CiAgICBwb3NpdGlvbjpyZWxhdGl2ZTsKICAgIHBhZGRpbmc6IDhweDsKICAgIG1hcmdpbi1ib3R0b206IDhweDsKICAgIGJhY2tncm91bmQ6ICNlZWU7IC8q5ZC544GN5Ye644GX44Gu6IOM5pmv6ImyICovCiAgICBib3JkZXItcmFkaXVzOiAycHg7Cn0KI3Jha3V0ZW5MaW1pdGVkSWRfYXJvdW5kQ2FydCBzcGFuLmNob2ljZTphZnRlciB7CiAgICBjb250ZW50OiAiIjsKICAgIHBvc2l0aW9uOiBhYnNvbHV0ZTsKICAgIGJvdHRvbTogLThweDsKICAgIGxlZnQ6IDI0cHg7CiAgICBtYXJnaW4tbGVmdDogLThweDsKICAgIGRpc3BsYXk6IGJsb2NrOwogICAgd2lkdGg6IDBweDsKICAgIGhlaWdodDogMHB4OwogICAgYm9yZGVyLXN0eWxlOiBzb2xpZDsKICAgIGJvcmRlci13aWR0aDogOHB4IDhweCAwIDhweDsKICAgIGJvcmRlci1jb2xvcjogI2VlZSB0cmFuc3BhcmVudCB0cmFuc3BhcmVudCB0cmFuc3BhcmVudDsKfQotLT4KPC9zdHlsZT4KCgo8c3R5bGUgdHlwZT0idGV4dC9jc3MiPgo8IS0tCgouaXRlbV9uYW1lIHsKZGlzcGxheTpibG9jazsKbWFyZ2luLWJvdHRvbToxNXB4Owp9CgouY2F0Y2hfY29weSB7CmRpc3BsYXk6YmxvY2s7Cm1hcmdpbi1ib3R0b206MTVweDsKfQoKLS0+Cjwvc3R5bGU+CgoKPHN0eWxlIHR5cGU9InRleHQvY3NzIj4KPCEtLQphI3JjX3JpZ2h0QXJlYSB7CiB3aWR0aDogMzc4cHg7IC8q55S75YOP44Gu5YWo5L2T5bmFKi8KIHBvc2l0aW9uOiBmaXhlZDsKIHRvcDogMTAwcHg7CiByaWdodDogLTMwNXB4OyAvKuODnuOCpuOCueOCkuS5l+OBm+OBn+aZguOBq+WHuuOBpuOBj+OCi+W5hSovCiBkaXNwbGF5OiBpbmxpbmUtYmxvY2s7CiB0cmFuc2l0aW9uOiBhbGwgLjJzIGVhc2U7CiB6LWluZGV4OiA5OTk5Owp9CmEjcmNfcmlnaHRBcmVhOmhvdmVyewogcmlnaHQ6IDA7Cn0KLS0+Cjwvc3R5bGU+Cgo8c3R5bGUgdHlwZT0idGV4dC9jc3MiPgo8IS0tCmEjcmNfcmlnaHRBcmVhMiB7CiB3aWR0aDogMzc4cHg7IC8q55S75YOP44Gu5YWo5L2T5bmFKi8KIHBvc2l0aW9uOiBmaXhlZDsKIHRvcDogNTAwcHg7CiByaWdodDogLTMwNXB4OyAvKuODnuOCpuOCueOCkuS5l+OBm+OBn+aZguOBq+WHuuOBpuOBj+OCi+W5hSovCiBkaXNwbGF5OiBpbmxpbmUtYmxvY2s7CiB0cmFuc2l0aW9uOiBhbGwgLjJzIGVhc2U7CiB6LWluZGV4OiA5OTk5Owp9CmEjcmNfcmlnaHRBcmVhMjpob3ZlcnsKIHJpZ2h0OiAwOwp9Ci0tPgo8L3N0eWxlPgoKCgo8aW1nIHNyYz0iaHR0cHM6Ly9pbWFnZS5yYWt1dGVuLmNvLmpwL2Nsb2NoZXR0ZS9jYWJpbmV0L3RvcHBhZ2UvaW1ncmMwMDcyMzIyNDIxLmpwZyIgLz4KPGJyPgo8IS0tCiA8aW1nIHNyYz0iaHR0cDovL2ltYWdlLnJha3V0ZW4uY28uanAvY2xvY2hldHRlL2NhYmluZXQvdG9wcGFnZS9pbWdyYzAwNjkwMjM4MDUuanBnIiAvPiAtLT4gCgoKPCEtLeODmuODvOOCuOaoquOBrui/vemaj+ODkOODiuODvOOBk+OBk+OBvuOBpy0tPgoKCgoKPCEtLeOCq+OCtOS4iuOBhOOBj+OCieOBp+mAgeaWmeeEoeaWmeODkOODiuODvOOBk+OBk+OBi+OCiS0tPgoKCgo8c3R5bGUgdHlwZT0idGV4dC9jc3MiPgo8IS0tCnNwYW4udW5pdCB7CiBiYWNrZ3JvdW5kOiB1cmwoImh0dHA6Ly9pbWFnZS5yYWt1dGVuLmNvLmpwL2Nsb2NoZXR0ZS9jYWJpbmV0L2tpa2FrdXBjL2ZyZWU1NC9wYWdlXzEwODAwXzIuZ2lmIikgbm8tcmVwZWF0IGxlZnQgdG9wOwogdGV4dC1pbmRlbnQ6LTk5OTk7CiBkaXNwbGF5OiBibG9jazsKIHdpZHRoOiAzOTdweDsKIGhlaWdodDogMTU0cHg7CiBtYXJnaW46MTVweCAwOyB9Ci0tPgo8L3N0eWxlPgoKCgoKPCEtLeOCq+OCtOS4iuOBhOOBj+OCieOBp+mAgeaWmeeEoeaWmeODkOODiuODvOOBk+OBk+OBvuOBpy0tPgoKCjwhLS3jgqvjgrTkuIrjgYTjgY/jgonjgafpgIHmlpnnhKHmlpnjg5Djg4rjg7zjgZPjgZPjgb7jgactLT4KCjwhLS3ntI3mnJ/mg4XloLEtLT4KCjxzdHlsZSBUWVBFPSJ0ZXh0L2NzcyI+CjwhLS0KdGQuaW52ZW50b3J5IGZvbnR7Zm9udC1zaXplOjEwcHg7Y29sb3I6IzY2NjY2Njt9CgotLT4KPC9zdHlsZT4=,6ZW36LKh5biD44CA44Os44OH44Kj44O844K544CA6ZW36LKh5biD44CA5pys6Z2p44CA6ZW36LKh5biD44CA5aSn5a656YeP44CA6ZW36LKh5biD44CA5bCP6Yqt5YWl44KM44GC44KK44CA6ZW36LKh5biD44CA5Lq65rCX44CA6ZW36LKh5biD44CA44Ki44Oz44OG44Kj44O844Kv44CA6ZW36LKh5biD44CA44Kk44K/44Oq44Ki44CA44OX44Os44K844Oz44OI44Kt44Ki44O844O044Kn77ya5Luj5a6Y5bGx44Kv44Ot44K344Kn44OD44OI,44OI44O844OI44OQ44OD44Kw6LKh5biDIOODrOODh+OCo+ODvOOCueOCt+ODp+ODq+ODgOODvOODkOODg+OCsOODleOCoeODvOODkOODg+OCsOiyoeW4g+OBiuiyoeW4g+ODneOCt+OCp+ODg+ODiOOCreODvOOCseODvOOCuemVt+iyoeW4gyDjg6zjg4fjgqPjg7zjgrnplbfosqHluIPjg6rjg6Xjg4Pjgq/osqHluIMg44Os44OH44Kj44O844K5IOS6uuawl+ODnOOCueODiOODs+ODkOODg+OCsCDml4XooYzou73ph4/jg6rjg6Xjg4Pjgq/jgYzjgb7lj6Mg44OQ44OD44Kw44Kt44Oj44Oq44O844OQ44OD44Kw6LKh5biDIOODrOODh+OCo+ODvOOCuSDplbfosqHluIPjgrfjg6fjg6vjg4Djg7wg44Od44K344Kn44OD44OI44Oq44Ol44OD44KvIOODrOODh+OCo+ODvOOCueacrOmdqSDjg6rjg6Xjg4Pjgq/plbfosqHluIPjgIDjg6zjg4fjgqPjg7zjgrnjgIDplbfosqHluIPjgIDmnKzpnanjgIDplbfosqHluIPjgIDlpKflrrnph4/jgIDplbfosqHluIPjgIDlsI/piq3lhaXjgozjgYLjgorjgIDplbfosqHluIPjgIDkurrmsJfjgIDplbfosqHluIPjgIDjgqLjg7Pjg4bjgqPjg7zjgq/jgIDplbfosqHluIPjgIDjgqTjgr/jg6rjgqLjgIDjg5fjg6zjgrzjg7Pjg4jjgq3jgqLjg7zjg7Tjgqc=,44CQ6ZW36LKh5biDL+ODrOODh+OCo+ODvOOCuS/mnKzpnakv44Od44Kx44OD44OIL+aXpeacrOijveOAkeOAgumVt+iyoeW4g+OAgOODrOODh+OCo+ODvOOCueOAgOmVt+iyoeW4g+OAgOacrOmdqeOAgOmVt+iyoeW4g+OAgOWkp+WuuemHj+OAgOmVt+iyoeW4g+OAgOWwj+mKreWFpeOCjOOBguOCiuOAgOmVt+iyoeW4g+OAgOS6uuawl+OAgOmVt+iyoeW4g+OAgOOCouODs+ODhuOCo+ODvOOCr+OAgOmVt+iyoeW4g+OAgOOCpOOCv+ODquOCouOAgOODl+ODrOOCvOODs+ODiOOCreOCouODvOODtOOCpw==[rn]
39-76477,aHR0cDovL3RzaG9wLnIxMHMuanAvY2xvY2hldHRlL2NhYmluZXQvMTg1XzI0MC8xODVfMjQwXzIwMTQwNTIyL3AyMDExNTg1XzI0MC5qcGc/Zml0aW49NzAwOjcwMA==,MTEwNTkuMjAwMA==,,44OQ44OD44Kw44O75bCP54mp44O744OW44Op44Oz44OJ6ZuR6LKoID4g6LKh5biD44O744Kx44O844K5ID4g44Os44OH44Kj44O844K56LKh5biD,44CQ44Gt44GTw5fmnKzpnanplbfosqHluIPjgJHkurrmsJfjga7njKvjg5XjgqfjgqTjgrnjgYzkuozjgaTmipjjgorosqHluIPjga7lhajpnaLjgavvvIHjgYrjgZfjgoPjgozjgaflj6/mhJvjgYTjgYvjgbbjgZvlnosg5bCP6Yqt5YWl44KM44GC44KK44Of44Ol44O8,44CQ6ZW36LKh5biDL+ODrOODh+OCo+ODvOOCuS/jgYvjgo/jgYTjgYQv5pys6Z2p44CR,PGRpdiBhbGlnbj0iY2VudGVyIj4gCiAgPHA+PGI+PGZvbnQgY29sb3I9IiNBRTc2MDAiIHNpemU9Ii0xIj7jgYTjgaTjgafjgoLjg5Djg4PjgrDjgavjgZfjga7jgbDjgZvjgZ/jgYTimao8YnI+CiAg44CQ5Luj5a6Y5bGx44Kv44Ot44K344Kn44OD44OI44Kq44Oq44K444OK44Or44CR44ON44Kz44Gh44KD44KT6ZW36LKh5biDCiAgPGJyPgogICAg44Of44Ol44O8772ebWV3772ePC9mb250PjwvYj48YnIgLz4KICAgIDxiciAvPgogICAgPGltZyBzcmM9Imh0dHA6Ly9pbWFnZS5yYWt1dGVuLmNvLmpwL2Nsb2NoZXR0ZS9jYWJpbmV0LzIwMTRzcy8wNDE0NzI2NS9wMjAxMTU4NV8yOC5qcGciIHdpZHRoPSI3MDAiIGhlaWdodD0iNjMxIiAvPjxiciAvPgogICAgPGltZyBzcmM9Imh0dHA6Ly9pbWFnZS5yYWt1dGVuLmNvLmpwL2Nsb2NoZXR0ZS9jYWJpbmV0LzIwMTRzcy8wNDE0NzI2NS9wMjAxMTU4NV8yOS5qcGciIHdpZHRoPSI3MDAiIGhlaWdodD0iMTYwIiAvPjxiciAvPgogICAgPGltZyBzcmM9Imh0dHA6Ly9pbWFnZS5yYWt1dGVuLmNvLmpwL2Nsb2NoZXR0ZS9jYWJpbmV0LzIwMTRzcy8wNDE0NzI2NS9wMjAxMTU4NV8zMC5qcGciIHdpZHRoPSI3MDAiIGhlaWdodD0iMjc2IiAvPjxiciAvPgogICAgPGltZyBzcmM9Imh0dHA6Ly9pbWFnZS5yYWt1dGVuLmNvLmpwL2Nsb2NoZXR0ZS9jYWJpbmV0LzIwMTRzcy8wNDE0NzI2NS9wMjAxMTU4NV8zMS5qcGciIHdpZHRoPSI3MDAiIGhlaWdodD0iMzM0IiAvPjxiciAvPgogICAgPGltZyBzcmM9Imh0dHA6Ly9pbWFnZS5yYWt1dGVuLmNvLmpwL2Nsb2NoZXR0ZS9jYWJpbmV0LzIwMTRzcy8wNDE0NzI2NS9wMjAxMTU4NV8zMi5qcGciIHdpZHRoPSI3MDAiIGhlaWdodD0iMTUxIiAvPjxiciAvPgogICAgPGltZyBzcmM9Imh0dHA6Ly9pbWFnZS5yYWt1dGVuLmNvLmpwL2Nsb2NoZXR0ZS9jYWJpbmV0LzIwMTRzcy8wNDE0NzI2NS9wMjAxMTU4NV8zMy5qcGciIHdpZHRoPSI3MDAiIGhlaWdodD0iMzc5IiAvPjxiciAvPgogICAgPGltZyBzcmM9Imh0dHA6Ly9pbWFnZS5yYWt1dGVuLmNvLmpwL2Nsb2NoZXR0ZS9jYWJpbmV0LzIwMTRzcy8wNDE0NzI2NS9wMjAxMTU4NV8zNC5qcGciIHdpZHRoPSI3MDAiIGhlaWdodD0iNDIyIiAvPjxiciAvPgoKPGltZyBzcmM9Imh0dHA6Ly9pbWFnZS5yYWt1dGVuLmNvLmpwL2Nsb2NoZXR0ZS9jYWJpbmV0LzIwMTRzcy8wNDE0NzI2NS9wMjAxMTU4NV8zNS5qcGciIHdpZHRoPSI3MDAiIGhlaWdodD0iMzg0IiAvPjxiciAvPgo8aW1nIHNyYz0iaHR0cDovL2ltYWdlLnJha3V0ZW4uY28uanAvY2xvY2hldHRlL2NhYmluZXQvMjAxNHNzLzA0MTQ3MjY1L3AyMDExNTg1XzM2LmpwZyIgd2lkdGg9IjcwMCIgaGVpZ2h0PSI2MjIiIC8+PGJyIC8+CjxpbWcgc3JjPSJodHRwOi8vaW1hZ2UucmFrdXRlbi5jby5qcC9jbG9jaGV0dGUvY2FiaW5ldC8yMDE0c3MvMDQxNDcyNjUvcDIwMTE1ODVfMzcuanBnIiB3aWR0aD0iNzAwIiBoZWlnaHQ9IjMyNCIgLz48YnIgLz4KPGltZyBzcmM9Imh0dHA6Ly9pbWFnZS5yYWt1dGVuLmNvLmpwL2Nsb2NoZXR0ZS9jYWJpbmV0LzIwMTRzcy8wNDE0NzI2NS9wMjAxMTU4NV8zOC5qcGciIHdpZHRoPSI3MDAiIGhlaWdodD0iNDA2IiAvPjxiciAvPgo8aW1nIHNyYz0iaHR0cDovL2ltYWdlLnJha3V0ZW4uY28uanAvY2xvY2hldHRlL2NhYmluZXQvMjAxNHNzLzA0MTQ3MjY1L3AyMDExNTg1XzM5LmpwZyIgd2lkdGg9IjcwMCIgaGVpZ2h0PSI1OTciIC8+PGJyIC8+CjxpbWcgc3JjPSJodHRwOi8vaW1hZ2UucmFrdXRlbi5jby5qcC9jbG9jaGV0dGUvY2FiaW5ldC8yMDE0c3MvMDQxNDcyNjUvcDIwMTE1ODVfNDAuanBnIiB3aWR0aD0iNzAwIiBoZWlnaHQ9IjYzMiIgLz48YnIgLz4KPGltZyBzcmM9Imh0dHA6Ly9pbWFnZS5yYWt1dGVuLmNvLmpwL2Nsb2NoZXR0ZS9jYWJpbmV0LzIwMTRzcy8wNDE0NzI2NS9wMjAxMTU4NV80Mi5qcGciIHdpZHRoPSI3MDAiIGhlaWdodD0iNjQ4IiAvPjxiciAvPgo8YnIgLz4KPGltZyBzcmM9Imh0dHA6Ly9pbWFnZS5yYWt1dGVuLmNvLmpwL2Nsb2NoZXR0ZS9jYWJpbmV0LzIwMTRzcy9wMjAxMTU4NV8xMS5qcGciIHdpZHRoPSI3MDAiIGhlaWdodD0iNjQzIiAvPjxiciAvPgo8YnIgLz4KPGltZyBzcmM9Imh0dHA6Ly9pbWFnZS5yYWt1dGVuLmNvLmpwL2Nsb2NoZXR0ZS9jYWJpbmV0LzIwMTRzcy9wMjAxMTU4NV8xMi5qcGciIHdpZHRoPSI3MDAiIGhlaWdodD0iNjIwIiAvPjxiciAvPgo8aW1nIHNyYz0iaHR0cDovL2ltYWdlLnJha3V0ZW4uY28uanAvY2xvY2hldHRlL2NhYmluZXQvMjAxNHNzL3AyMDExNTg1XzEzLmpwZyIgd2lkdGg9IjcwMCIgaGVpZ2h0PSI2MjciIC8+PGJyIC8+CjxpbWcgc3JjPSJodHRwOi8vaW1hZ2UucmFrdXRlbi5jby5qcC9jbG9jaGV0dGUvY2FiaW5ldC8yMDE0c3MvcDIwMTE1ODVfMTQuanBnIiB3aWR0aD0iNzAwIiBoZWlnaHQ9IjYyNCIgLz48YnIgLz4KPGltZyBzcmM9Imh0dHA6Ly9pbWFnZS5yYWt1dGVuLmNvLmpwL2Nsb2NoZXR0ZS9jYWJpbmV0LzIwMTRzcy9wMjAxMTU4NV8xNS5qcGciIHdpZHRoPSI3MDAiIGhlaWdodD0iNzM5IiAvPjxiciAvPgo8aW1nIHNyYz0iaHR0cDovL2ltYWdlLnJha3V0ZW4uY28uanAvY2xvY2hldHRlL2NhYmluZXQvMjAxNHNzL3AyMDExNTg1XzE2LmpwZyIgd2lkdGg9IjcwMCIgaGVpZ2h0PSI2ODQiIC8+PGJyIC8+CjxpbWcgc3JjPSJodHRwOi8vaW1hZ2UucmFrdXRlbi5jby5qcC9jbG9jaGV0dGUvY2FiaW5ldC8yMDE0c3MvcDIwMTE1ODVfMTcuanBnIiB3aWR0aD0iNzAwIiBoZWlnaHQ9IjgxNCIgLz48YnIgLz4KPGltZyBzcmM9Imh0dHA6Ly9pbWFnZS5yYWt1dGVuLmNvLmpwL2Nsb2NoZXR0ZS9jYWJpbmV0LzIwMTRzcy9wMjAxMTU4NV8xOC5qcGciIHdpZHRoPSI3MDAiIGhlaWdodD0iNDA5IiAvPjxiciAvPgo8aW1nIHNyYz0iaHR0cDovL2ltYWdlLnJha3V0ZW4uY28uanAvY2xvY2hldHRlL2NhYmluZXQvMjAxNHNzL3AyMDExNTg1XzE5LmpwZyIgd2lkdGg9IjcwMCIgaGVpZ2h0PSI0MjAiIGJvcmRlcj0iMCIgdXNlbWFwPSIjTWFwIiAvPgo8bWFwIG5hbWU9Ik1hcCIgaWQ9Ik1hcCI+PGFyZWEgc2hhcGU9InJlY3QiIGNvb3Jkcz0iNDAsMTA3LDMxNywzOTgiIGhyZWY9Imh0dHA6Ly9pbWFnZS5yYWt1dGVuLmNvLmpwL2Nsb2NoZXR0ZS9jYWJpbmV0LzIwMTRzcy9wMjAxMTU4NV8yMy5qcGciIHRhcmdldD0iX2JsYW5rIiAvPgo8YXJlYSBzaGFwZT0icmVjdCIgY29vcmRzPSIzNTgsMTA3LDY2Nyw0MDAiIGhyZWY9Imh0dHA6Ly9pbWFnZS5yYWt1dGVuLmNvLmpwL2Nsb2NoZXR0ZS9jYWJpbmV0LzIwMTRzcy9wMjAxMTU4NV8yNC5qcGciIHRhcmdldD0iX2JsYW5rIiAvPgo8L21hcD48YnIgLz4KPGltZyBzcmM9Imh0dHA6Ly9pbWFnZS5yYWt1dGVuLmNvLmpwL2Nsb2NoZXR0ZS9jYWJpbmV0LzIwMTRzcy9wMjAxMTU4NV8yMC5qcGciIHdpZHRoPSI3MDAiIGhlaWdodD0iMzI5IiBib3JkZXI9IjAiIHVzZW1hcD0iI01hcDIiIC8+CjxtYXAgbmFtZT0iTWFwMiIgaWQ9Ik1hcDIiPjxhcmVhIHNoYXBlPSJyZWN0IiBjb29yZHM9IjI1LDI0LDMyOSwzMDUiIGhyZWY9Imh0dHA6Ly9pbWFnZS5yYWt1dGVuLmNvLmpwL2Nsb2NoZXR0ZS9jYWJpbmV0LzIwMTRzcy9wMjAxMTU4NV8yNS5qcGciIHRhcmdldD0iX2JsYW5rIiAvPgo8YXJlYSBzaGFwZT0icmVjdCIgY29vcmRzPSIzNjIsMjYsNjc1LDMxMSIgaHJlZj0iaHR0cDovL2ltYWdlLnJha3V0ZW4uY28uanAvY2xvY2hldHRlL2NhYmluZXQvMjAxNHNzL3AyMDExNTg1XzI2LmpwZyIgdGFyZ2V0PSJfYmxhbmsiIC8+CjwvbWFwPjxiciAvPgo8aW1nIHNyYz0iaHR0cDovL2ltYWdlLnJha3V0ZW4uY28uanAvY2xvY2hldHRlL2NhYmluZXQvMjAxNHNzLzA0MTQ3MjY1L3AyMDExNTg1XzQxLmpwZyIgd2lkdGg9IjcwMCIgaGVpZ2h0PSI2MjEiIGJvcmRlcj0iMCIgLz48YnIgLz4KPGJyIC8+CjxiciAvPgogICAgPGJyIC8+CiAgICA8YnI+CjwvZGl2PgoKCgoKPGRpdiBhbGlnbj0iY2VudGVyIj4KICA8dGFibGUgd2lkdGg9IjM4MCIgYm9yZGVyPSIxIiBjZWxsc3BhY2luZz0iMCIgY2VsbHBhZGRpbmc9IjUiIHN0eWxlPSJmb250LXNpemU6MTJweDsiPgogICAgPHRyIGJnY29sb3I9IiNDQzY2NjYiPiAKICAgICAgPHRkIGNvbHNwYW49IjIiIGFsaWduPSJjZW50ZXIiIGJnY29sb3I9IiNDQzY2NjYiIGhlaWdodD0iNTAiPjxiPjxmb250IGNvbG9yPSIjRkZGRkZGIiBzaXplPSIrMSI+44GK5bGK44GR5LqI5a6a5pelPC9mb250PjwvYj48L3RkPgogICAgPC90cj4KICAgIDx0ciBiZ2NvbG9yPSIjRkZGRkZGIj4gCiAgICAgIDx0ZCB3aWR0aD0iMTgzIiBoZWlnaHQ9IjIwIiBhbGlnbj0iY2VudGVyIj48cD48Yj48Zm9udCBjb2xvcj0iIzY2NjY2NiI+PGJyIC8+CiAgICAgIDwvZm9udD48L2I+PGI+PGZvbnQgY29sb3I9IiM2NjY2NjYiPuWFqOOCq+ODqeODvDxicj4KICAgICAgICAgIDxicj4KICAgICAgICAgIDwvZm9udD48L2I+PC9wPgogICAgICA8L3RkPgogICAgICA8dGQgd2lkdGg9IjE3MSIgaGVpZ2h0PSIzMSIgYWxpZ249ImNlbnRlciI+PGI+PGZvbnQgY29sb3I9IiNjYzY2NjYiPuOAkOOBguOBmealveWvvuW/nOOAkTwvZm9udD48L2I+PC90ZD4KICAgIDwvdHI+CiAgICA8dHIgYmdjb2xvcj0iI0ZGRkZGRiI+IAogICAgICA8dGQgY29sc3Bhbj0iMiIgYWxpZ249ImNlbnRlciI+PGZvbnQgc2l6ZT0iLTIiIGNvbG9yPSIjNjY2NjY2Ij7lhaXojbfnirbms4HjgavjgojjgaPjgabjgIHjgYrlsYrjgZHkuojlrprml6XjgYzliY3lvozjgZnjgovloLTlkIjjgYzjgYLjgorjgb7jgZnjgII8YnI+CiAgICAgICAg5q2j5byP44Gq44GK5bGK44GR5pel44GM5rG644G+44KK5qyh56ys44CB44Oh44O844Or44Gr44Gm44GU6YCj57Wh44GE44Gf44GX44G+44GZ44CCPC9mb250PjwvdGQ+CiAgICA8L3RyPgogIDwvdGFibGU+CiAgPGZvbnQgc2l6ZT0tMT48Zm9udCBjb2xvcj0jY2M2NjY2PjxiPjxicj4KICDigLvllYblk4HliLDnnYDjgb7jgafjga7mtYHjgow8L2I+PC9mb250PjwvZm9udD48YnI+CiAgPGJyPgogIDx0YWJsZSB3aWR0aD0iMzgwIiBib3JkZXI9IjEiIGNlbGxzcGFjaW5nPSIwIiBjZWxscGFkZGluZz0iNSIgc3R5bGU9ImZvbnQtc2l6ZToxMnB4OyI+CiAgICA8dHIgYmdjb2xvcj0iI0ZGRkZGRiI+IAogICAgICA8dGQgYWxpZ249ImNlbnRlciIgY29sc3Bhbj0iMiIgYmdjb2xvcj0iI0NDNjY2NiI+PGZvbnQgY29sb3I9I2ZmZmZmZiBzaXplPS0xPjxiPuWVhuWTgeips+e0sDwvYj48L2ZvbnQ+PC90ZD4KICAgIDwvdHI+CiAgICA8dHIgYmdjb2xvcj0iI0ZGRkZGRiI+IAogICAgICA8dGQgd2lkdGg9IjgyIiBhbGlnbj0iY2VudGVyIj4gCiAgICAgICAgPGRpdiBhbGlnbj0ibGVmdCI+PGZvbnQgY29sb3I9IiM2NjY2NjYiPuOCouOCpOODhuODoDwvZm9udD48L2Rpdj4KICAgICAgPC90ZD4KICAgICAgPHRkIHdpZHRoPSIyNzIiIGFsaWduPSJjZW50ZXIiPiAKICAgICAgICA8ZGl2IGFsaWduPSJsZWZ0Ij48Zm9udCBjb2xvcj0iIzY2NjY2NiI+5b2T5bqX44Kq44Oq44K444OK44Or44CA44ON44Kz6ZW344K144Kk44OVPC9mb250PjwvZGl2PgogICAgICA8L3RkPgogICAgPC90cj4KICAgIDx0ciBiZ2NvbG9yPSIjRkZGRkZGIj4gCiAgICAgIDx0ZCBhbGlnbj0iY2VudGVyIj4gCiAgICAgICAgPGRpdiBhbGlnbj0ibGVmdCI+PGZvbnQgY29sb3I9IiM2NjY2NjYiPue0oOadkDwvZm9udD48L2Rpdj4KICAgICAgPC90ZD4KICAgICAgPHRkIGFsaWduPSJjZW50ZXIiPiAKICAgICAgICA8ZGl2IGFsaWduPSJsZWZ0Ij48Zm9udCBjb2xvcj0iIzY2NjY2NiI+5pys6Z2p77yI44K944OV44OI44Os44K244O877yJPC9mb250PjwvZGl2PgogICAgICA8L3RkPgogICAgPC90cj4KICAgIDx0ciBiZ2NvbG9yPSIjRkZGRkZGIj4gCiAgICAgIDx0ZCBhbGlnbj0iY2VudGVyIj4gCiAgICAgICAgPGRpdiBhbGlnbj0ibGVmdCI+PGZvbnQgY29sb3I9IiM2NjY2NjYiPuOCteOCpOOCujwvZm9udD48L2Rpdj4KICAgICAgPC90ZD4KICAgICAgPHRkIGFsaWduPSJjZW50ZXIiPiAKICAgICAgICA8ZGl2IGFsaWduPSJsZWZ0Ij4gCiAgICAgICAgICA8cD48Zm9udCBjb2xvcj0iIzY2NjY2NiI+57imw5fmqKrDl+ODnuODgTxicj4KICAgICAgICAgICAgMTBjbe+8iOiAs+WQq+OBvuOBmu+8icOXMTkuNWNtw5czY208YnI+CiAgICAgICAgICAgIDwvZm9udD48Zm9udCBjb2xvcj0iIzY2NjY2NiI+PGJyPgogICAgICAgICAgICDnjKvogLPjga7pq5jjgZXvvJoyLjVjbTwvZm9udD48L3A+CiAgICAgICAgICA8L2Rpdj4KICAgICAgPC90ZD4KICAgIDwvdHI+CiAgICA8dHIgYmdjb2xvcj0iI0ZGRkZGRiI+IAogICAgICA8dGQgYWxpZ249ImNlbnRlciI+IAogICAgICAgIDxkaXYgYWxpZ249ImxlZnQiPjxmb250IGNvbG9yPSIjNjY2NjY2Ij7lhoXoo4U8L2ZvbnQ+PC9kaXY+CiAgICAgIDwvdGQ+CiAgICAgIDx0ZCBhbGlnbj0iY2VudGVyIj4gCiAgICAgICAgPGRpdiBhbGlnbj0ibGVmdCI+CiAgICAgICAgICA8cD48Zm9udCBjb2xvcj0iIzY2NjY2NiI+44Kr44O844OJ44Od44Kx44OD44OIw5cyMDxiciAvPgogICAgICAgICAgICDmnK3lhaXjgozDlzI8YnIgLz4KICAgICAgICAgIOWwj+mKreWFpeOCjMOXMTwvZm9udD48L3A+CiAgICAgICAgICA8cD48Zm9udCBjb2xvcj0iIzY2NjY2NiI+PGJyPgogICAgICAgICAgICA8L2ZvbnQ+PC9wPgogICAgICAgIDwvZGl2PgogICAgICA8L3RkPgogICAgPC90cj4KICAgIDx0ciBiZ2NvbG9yPSIjRkZGRkZGIj4gCiAgICAgIDx0ZCBhbGlnbj0iY2VudGVyIj4gCiAgICAgICAgPGRpdiBhbGlnbj0ibGVmdCI+PGZvbnQgY29sb3I9IiM2NjY2NjYiPumHjeOBlTwvZm9udD48L2Rpdj4KICAgICAgPC90ZD4KICAgICAgPHRkIGFsaWduPSJjZW50ZXIiPiAKICAgICAgICA8ZGl2IGFsaWduPSJsZWZ0Ij48Zm9udCBjb2xvcj0iIzY2NjY2NiI+57SEMTgwZzwvZm9udD48L2Rpdj4KICAgICAgPC90ZD4KICAgIDwvdHI+CiAgICA8dHIgYmdjb2xvcj0iI0ZGRkZGRiI+IAogICAgICA8dGQgYWxpZ249ImNlbnRlciI+IAogICAgICAgIDxkaXYgYWxpZ249ImxlZnQiPjxmb250IGNvbG9yPSIjNjY2NjY2Ij7morHljIU8L2ZvbnQ+PC9kaXY+CiAgICAgIDwvdGQ+CiAgICAgIDx0ZCBhbGlnbj0iY2VudGVyIj4gCiAgICAgICAgPGRpdiBhbGlnbj0ibGVmdCI+PGZvbnQgY29sb3I9IiM2NjY2NjYiPuWwgueUqOeuseWFpeOCijwvZm9udD48L2Rpdj4KICAgICAgPC90ZD4KICAgIDwvdHI+CiAgPC90YWJsZT4KPC9kaXY+CjxwIGFsaWduPSJjZW50ZXIiPjxpbWcgc3JjPSJodHRwOi8vd3d3LnJha3V0ZW4ubmUuanAvZ29sZC9jbG9jaGV0dGUvaW1nL2QtYS5naWYiIHdpZHRoPSIzODAiIGhlaWdodD0iMTAwIiBib3JkZXI9IjAiPjxmb250IGNvbG9yPSM1NTU1NTUgc2l6ZT0tMT48YnI+CiAgPC9mb250Pjxmb250IHNpemU9LTE+PGI+PGZvbnQgY29sb3I9IiNjYzY2NjYiPuKAu+WQjOaiseOBq+OBpOOBhOOBpjwvZm9udD48L2I+PC9mb250Pgo8YnI+Cgo8ZGl2IGFsaWduPSJjZW50ZXIiPgogIDx0YWJsZSBzdHlsZT0iRk9OVC1TSVpFOiAxMnB4OyBMSU5FLUhFSUdIVDogMTIwJSIgY2VsbHNwYWNpbmc9MCBjZWxscGFkZGluZz0zIHdpZHRoPTM4MCBhbGlnbj1jZW50ZXIgYm9yZGVyPTE+CiAgICA8dGJvZHk+IAogICAgPHRyPiAKICAgICAgPHRkIGJnY29sb3I9I2NjNjY2Nj4gCiAgICAgICAgPGRpdiBhbGlnbj0iY2VudGVyIj48Zm9udCBjb2xvcj0jZmZmZmZmIHNpemU9LTE+PGI+44GK5pSv5omV5pa55rOVIO+8iCDlvozmiZXjgYQg77yJPC9iPjwvZm9udD48L2Rpdj4KICAgICAgPC90ZD4KICAgIDwvdHI+CiAgICA8dHI+IAogICAgICA8dGQ+IAogICAgICAgIDxwPjxmb250IGNvbG9yPSM1NTU1NTU+44O744Kv44Os44K444OD44OI44Kr44O844OJ44CA44O75Luj6YeR5byV5o+bPGJyPgogICAgICAgICAg44O76YO15L6/5oyv5pu/44CBPC9mb250Pjxmb250IGNvbG9yPSM1NTU1NTU+6YqA6KGM5oyv6L6877yI5ZWG5ZOB5Yiw552A5b6M77yR6YCx6ZaT5Lul5YaF44Gr44GK5pSv5omV44GE44GP44Gg44GV44GE77yJPC9mb250PjwvcD4KICAgICAgPC90ZD4KICAgIDwvdHI+CiAgICA8dHI+IAogICAgICA8dGQgYmdjb2xvcj0jY2M2NjY2PiAKICAgICAgICA8ZGl2IGFsaWduPSJjZW50ZXIiPjxmb250IGNvbG9yPSNmZmZmZmYgc2l6ZT0tMT48Yj7pgIHmlpk8L2I+PC9mb250PjwvZGl2PgogICAgICA8L3RkPgogICAgPC90cj4KICAgIDx0cj4gCiAgICAgIDx0ZD48Zm9udCBjb2xvcj0jNTU1NTU1PjxiPjxmb250ICAgICAgIGNvbG9yPSNmZjAwMDA+5YWo5Zu95LiA5b6L77yV77yV77yQ5YaGPC9mb250PjwvYj7jgIAo6Zui5bO25Y+K44Gz5LiA6YOo5Zyw5Z+f44Gv5Yil5paZ6YeR44Gr44Gq44KK44G+44GZKSAKICAgICAgICA8L2ZvbnQ+PC90ZD4KICAgIDwvdHI+CiAgICA8dHI+IAogICAgICA8dGQgYmdjb2xvcj0jY2M2NjY2PiAKICAgICAgICA8ZGl2IGFsaWduPSJjZW50ZXIiPjxmb250IGNvbG9yPSNmZmZmZmYgc2l6ZT0tMT48Yj7phY3pgIHmlrnms5U8L2I+PC9mb250PjwvZGl2PgogICAgICA8L3RkPgogICAgPC90cj4KICAgIDx0cj4gCiAgICAgIDx0ZD48Zm9udCBjb2xvcj0iIzU1NTU1NSI+5L2Q5bed5oCl5L6/PC9mb250PjwvdGQ+CiAgICA8L3RyPgogICAgPHRyPiAKICAgICAgPHRkIGJnY29sb3I9I2NjNjY2Nj4gCiAgICAgICAgPGRpdiBhbGlnbj0iY2VudGVyIj48Zm9udCBjb2xvcj0jZmZmZmZmIHNpemU9LTE+PGI+44GK5bGK44GR44GZ44KL5ZWG5ZOB44Gr44Gk44GE44GmPC9iPjwvZm9udD48L2Rpdj4KICAgICAgPC90ZD4KICAgIDwvdHI+CiAgICA8dHI+IAogICAgICA8dGQ+PGZvbnQgY29sb3I9IiM1NTU1NTUiIHNpemU9Ii0yIj48Zm9udCBzaXplPSItMSI+77yK57Sg5p2Q44Gu5LuV5LiK44GM44KK44Gr44KI44Gj44Gm44CB5aSa5bCR6Imy44OW44Os44GZ44KL5aC05ZCI44GM44GC44KK44G+44GZ44CCPGJyPgogICAgICAgIO+8iualteerr+OBq+mHjeOBn+OBhOeJqeOCkuWFpeOCjOOBn+OCiueyl+mbkeOBq+aJseOBhuOBqOOAgeegtOaQjeOBmeOCi+aBkOOCjOOBjOOBguOCiuOBvuOBmeOAgiA8YnI+CiAgICAgICAg77yK44Op44OD44OU44Oz44Kw44Gv5om/44Gj44Gm44GK44KK44G+44Gb44KT44CCIDwvZm9udD48L2ZvbnQ+PC90ZD4KICAgIDwvdHI+CiAgICA8L3Rib2R5PiAKICA8L3RhYmxlPgogIDxmb250IGNvbG9yPSM2NjY2NjYgc2l6ZT0tMT48Yj48Zm9udCBjb2xvcj0jZmYwMDAwPjxicj4KICA8Zm9udCBjb2xvcj0jNjY2NjY2PuKAu+OBiuWxiuOBkeOBr++8n+OBiuaUr+aJleOBhOOBr++8n+ODu+ODuzwvZm9udD48Zm9udCBjb2xvcj0iI2NjNjY2NiI+44KI44GP44GC44KL44GU6LOq5ZWP44Gv44GT44Gh44KJ44GL44KJ4oaSUSZBPC9mb250PjwvZm9udD48L2I+PC9mb250Pjxmb250IGNvbG9yPSMzMzAwZmYgc2l6ZT0tMT48Yj48YnI+CiAgPC9iPjwvZm9udD48Zm9udCBjb2xvcj0jZmYwMDAwIHNpemU9LTE+PC9mb250PiA8Zm9udCBjb2xvcj0jNTU1NTU1IHNpemU9Mz4gPC9mb250PjwvZGl2PjwhLS3jg5rjg7zjgrjmqKrjga7ov73pmo/jg5Djg4rjg7zjgZPjgZPjgYvjgoktLT4KCjxzdHlsZSB0eXBlPSJ0ZXh0L2NzcyI+CjwhLS0KCiNyYWt1dGVuTGltaXRlZElkX2Fyb3VuZENhcnQgc3Bhbi5jaG9pY2UgKyBzZWxlY3QgewogICAgZGlzcGxheTogYmxvY2sgIWltcG9ydGFudDsKICAgIHBhZGRpbmc6IDhweDsKICAgIG1hcmdpbi1ib3R0b206IDJweDsKICAgIGJvcmRlci1yYWRpdXM6IDJweDsgICAKfQoKI3Jha3V0ZW5MaW1pdGVkSWRfYXJvdW5kQ2FydCBzcGFuLmNob2ljZSB7CiAgICBkaXNwbGF5OiBpbmxpbmUtYmxvY2s7CiAgICBwb3NpdGlvbjpyZWxhdGl2ZTsKICAgIHBhZGRpbmc6IDhweDsKICAgIG1hcmdpbi1ib3R0b206IDhweDsKICAgIGJhY2tncm91bmQ6ICNlZWU7IC8q5ZC544GN5Ye644GX44Gu6IOM5pmv6ImyICovCiAgICBib3JkZXItcmFkaXVzOiAycHg7Cn0KI3Jha3V0ZW5MaW1pdGVkSWRfYXJvdW5kQ2FydCBzcGFuLmNob2ljZTphZnRlciB7CiAgICBjb250ZW50OiAiIjsKICAgIHBvc2l0aW9uOiBhYnNvbHV0ZTsKICAgIGJvdHRvbTogLThweDsKICAgIGxlZnQ6IDI0cHg7CiAgICBtYXJnaW4tbGVmdDogLThweDsKICAgIGRpc3BsYXk6IGJsb2NrOwogICAgd2lkdGg6IDBweDsKICAgIGhlaWdodDogMHB4OwogICAgYm9yZGVyLXN0eWxlOiBzb2xpZDsKICAgIGJvcmRlci13aWR0aDogOHB4IDhweCAwIDhweDsKICAgIGJvcmRlci1jb2xvcjogI2VlZSB0cmFuc3BhcmVudCB0cmFuc3BhcmVudCB0cmFuc3BhcmVudDsKfQotLT4KPC9zdHlsZT4KCgo8c3R5bGUgdHlwZT0idGV4dC9jc3MiPgo8IS0tCgouaXRlbV9uYW1lIHsKZGlzcGxheTpibG9jazsKbWFyZ2luLWJvdHRvbToxNXB4Owp9CgouY2F0Y2hfY29weSB7CmRpc3BsYXk6YmxvY2s7Cm1hcmdpbi1ib3R0b206MTVweDsKfQoKLS0+Cjwvc3R5bGU+CgoKPHN0eWxlIHR5cGU9InRleHQvY3NzIj4KPCEtLQphI3JjX3JpZ2h0QXJlYSB7CiB3aWR0aDogMzc4cHg7IC8q55S75YOP44Gu5YWo5L2T5bmFKi8KIHBvc2l0aW9uOiBmaXhlZDsKIHRvcDogMTAwcHg7CiByaWdodDogLTMwNXB4OyAvKuODnuOCpuOCueOCkuS5l+OBm+OBn+aZguOBq+WHuuOBpuOBj+OCi+W5hSovCiBkaXNwbGF5OiBpbmxpbmUtYmxvY2s7CiB0cmFuc2l0aW9uOiBhbGwgLjJzIGVhc2U7CiB6LWluZGV4OiA5OTk5Owp9CmEjcmNfcmlnaHRBcmVhOmhvdmVyewogcmlnaHQ6IDA7Cn0KLS0+Cjwvc3R5bGU+Cgo8c3R5bGUgdHlwZT0idGV4dC9jc3MiPgo8IS0tCmEjcmNfcmlnaHRBcmVhMiB7CiB3aWR0aDogMzc4cHg7IC8q55S75YOP44Gu5YWo5L2T5bmFKi8KIHBvc2l0aW9uOiBmaXhlZDsKIHRvcDogNTAwcHg7CiByaWdodDogLTMwNXB4OyAvKuODnuOCpuOCueOCkuS5l+OBm+OBn+aZguOBq+WHuuOBpuOBj+OCi+W5hSovCiBkaXNwbGF5OiBpbmxpbmUtYmxvY2s7CiB0cmFuc2l0aW9uOiBhbGwgLjJzIGVhc2U7CiB6LWluZGV4OiA5OTk5Owp9CmEjcmNfcmlnaHRBcmVhMjpob3ZlcnsKIHJpZ2h0OiAwOwp9Ci0tPgo8L3N0eWxlPgoKCgo8aW1nIHNyYz0iaHR0cHM6Ly9pbWFnZS5yYWt1dGVuLmNvLmpwL2Nsb2NoZXR0ZS9jYWJpbmV0L3RvcHBhZ2UvaW1ncmMwMDcyMzIyNDIxLmpwZyIgLz4KPGJyPgo8IS0tCiA8aW1nIHNyYz0iaHR0cDovL2ltYWdlLnJha3V0ZW4uY28uanAvY2xvY2hldHRlL2NhYmluZXQvdG9wcGFnZS9pbWdyYzAwNjkwMjM4MDUuanBnIiAvPiAtLT4gCgoKPCEtLeODmuODvOOCuOaoquOBrui/vemaj+ODkOODiuODvOOBk+OBk+OBvuOBpy0tPgoKCgoKPCEtLeOCq+OCtOS4iuOBhOOBj+OCieOBp+mAgeaWmeeEoeaWmeODkOODiuODvOOBk+OBk+OBi+OCiS0tPgoKCgo8c3R5bGUgdHlwZT0idGV4dC9jc3MiPgo8IS0tCnNwYW4udW5pdCB7CiBiYWNrZ3JvdW5kOiB1cmwoImh0dHA6Ly9pbWFnZS5yYWt1dGVuLmNvLmpwL2Nsb2NoZXR0ZS9jYWJpbmV0L2tpa2FrdXBjL2ZyZWU1NC9wYWdlXzEwODAwXzIuZ2lmIikgbm8tcmVwZWF0IGxlZnQgdG9wOwogdGV4dC1pbmRlbnQ6LTk5OTk7CiBkaXNwbGF5OiBibG9jazsKIHdpZHRoOiAzOTdweDsKIGhlaWdodDogMTU0cHg7CiBtYXJnaW46MTVweCAwOyB9Ci0tPgo8L3N0eWxlPgoKCgoKPCEtLeOCq+OCtOS4iuOBhOOBj+OCieOBp+mAgeaWmeeEoeaWmeODkOODiuODvOOBk+OBk+OBvuOBpy0tPgoKCjwhLS3jgqvjgrTkuIrjgYTjgY/jgonjgafpgIHmlpnnhKHmlpnjg5Djg4rjg7zjgZPjgZPjgb7jgactLT4KCjwhLS3ntI3mnJ/mg4XloLEtLT4KCjxzdHlsZSBUWVBFPSJ0ZXh0L2NzcyI+CjwhLS0KdGQuaW52ZW50b3J5IGZvbnR7Zm9udC1zaXplOjEwcHg7Y29sb3I6IzY2NjY2Njt9CgotLT4KPC9zdHlsZT4=,44CQ44Gt44GTJnRpbWVzO+acrOmdqemVt+iyoeW4g+OAkeS6uuawl+OBrueMq+ODleOCp+OCpOOCueOBjOS6jOOBpOaKmOOCiuiyoeW4g+OBruWFqOmdouOBq++8geOBiuOBl+OCg+OCjOOBp+WPr+aEm+OBhOOBi+OBtuOBm+WeiyDlsI/piq3lhaXjgozjgYLjgorjg5/jg6Xjg7zvvJrku6PlrpjlsbHjgq/jg63jgrfjgqfjg4Pjg4g=,44OI44O844OI44OQ44OD44Kw6LKh5biDIOODrOODh+OCo+ODvOOCueOCt+ODp+ODq+ODgOODvOODkOODg+OCsOODleOCoeODvOODkOODg+OCsOiyoeW4g+OBiuiyoeW4g+ODneOCt+OCp+ODg+ODiOOCreODvOOCseODvOOCuemVt+iyoeW4gyDjg6zjg4fjgqPjg7zjgrnplbfosqHluIPjg6rjg6Xjg4Pjgq/osqHluIMg44Os44OH44Kj44O844K5IOS6uuawl+ODnOOCueODiOODs+ODkOODg+OCsCDml4XooYzou73ph4/jg6rjg6Xjg4Pjgq/jgYzjgb7lj6Mg44OQ44OD44Kw44Kt44Oj44Oq44O844OQ44OD44Kw6LKh5biDIOODrOODh+OCo+ODvOOCuSDplbfosqHluIPjgrfjg6fjg6vjg4Djg7wg44Od44K344Kn44OD44OI44Oq44Ol44OD44KvIOODrOODh+OCo+ODvOOCueacrOmdqSDjg6rjg6Xjg4Pjgq/jgJDjga3jgZMmdGltZXM75pys6Z2p6ZW36LKh5biD44CR5Lq65rCX44Gu54yr44OV44Kn44Kk44K544GM5LqM44Gk5oqY44KK6LKh5biD44Gu5YWo6Z2i44Gr77yB44GK44GX44KD44KM44Gn5Y+v5oSb44GE44GL44G244Gb5Z6LIOWwj+mKreWFpeOCjOOBguOCiuODn+ODpeODvA==,44CQ6ZW36LKh5biDL+ODrOODh+OCo+ODvOOCuS/jgYvjgo/jgYTjgYQv5pys6Z2p44CR44CC44CQ44Gt44GTJnRpbWVzO+acrOmdqemVt+iyoeW4g+OAkeS6uuawl+OBrueMq+ODleOCp+OCpOOCueOBjOS6jOOBpOaKmOOCiuiyoeW4g+OBruWFqOmdouOBq++8geOBiuOBl+OCg+OCjOOBp+WPr+aEm+OBhOOBi+OBtuOBm+WeiyDlsI/piq3lhaXjgozjgYLjgorjg5/jg6Xjg7w=[rn]
39-76478,aHR0cDovL3RzaG9wLnIxMHMuanAvY2xvY2hldHRlL2NhYmluZXQvMjAxNnNzL3AyNDAwMDIyXzI0MF8xLmpwZz9maXRpbj03MDA6NzAw,MTYyNDMuMjAwMA==,,44OQ44OD44Kw44O75bCP54mp44O744OW44Op44Oz44OJ6ZuR6LKoID4g6LKh5biD44O744Kx44O844K5ID4g44Os44OH44Kj44O844K56LKh5biD,44CQ44Kk44K/44Oq44KiQUJJUOmdqeOBruODj+ODqeOCs+iyoeW4g+OAkeODhuODrOODvOOCvO+9nlRoZXJlc2XvvZ7jgqTjgr/jg6rjgqLlkI3ploDjgr/jg7Pjg4rjg7zjgYvjgonosrfjgYTku5jjgZHjgZ/mnIDpq5jntJrjg4/jg6njgrPvvIjjg5njg5Pjg7zjgqvjg7zjg5XvvInplbfosqHluIPjgILjgJDjgYLjgZnmpb3lr77lv5zjgJE=,,PGRpdiBhbGlnbj0iY2VudGVyIj48Yj48Zm9udCBjb2xvcj0iI0FFNzYwMCI+44CQ5pyA6auY57Sa44OP44Op44Kz5L2/55So44Gu6ZW36LKh5biD77yB44CRPGJyPgogIOOCpOOCv+ODquOCouWQjemWgOOCv+ODs+ODiuODvOOBi+OCieiyt+OBhOS7mOOBkeOBn+acgOmrmOe0muODj+ODqeOCs+iyoeW4g++8gTxicj4KICDjg4bjg6zjg7zjgrzvvZ5UaGVyZXNl772ePC9mb250PjwvYj48YnI+CiAgPGJyPgogIDxicj4KICA8aW1nIHNyYz0iaHR0cDovL3d3dy5yYWt1dGVuLmNvLmpwL2Nsb2NoZXR0ZS9pbWcxMDI4MzMzNjg1NS5qcGVnIiBib3JkZXI9IjAiPjxicj4KICA8aW1nIHNyYz0iaHR0cDovL3d3dy5yYWt1dGVuLmNvLmpwL2Nsb2NoZXR0ZS9pbWcxMDI4MzMzNjg1Ni5qcGVnIj48YnI+CiAgPGltZyBzcmM9Imh0dHA6Ly93d3cucmFrdXRlbi5jby5qcC9jbG9jaGV0dGUvaW1nMTAyODMzMzY4NTcuanBlZyI+PGJyPgogIDxpbWcgc3JjPSJodHRwOi8vd3d3LnJha3V0ZW4uY28uanAvY2xvY2hldHRlL2ltZzEwMjgzMzM2ODU4LmpwZWciPjxicj4KICA8aW1nIHNyYz0iaHR0cDovL3d3dy5yYWt1dGVuLmNvLmpwL2Nsb2NoZXR0ZS9pbWcxMDI4MzMzNjg1OS5qcGVnIj48YnI+CiAgPGltZyBzcmM9Imh0dHA6Ly93d3cucmFrdXRlbi5jby5qcC9jbG9jaGV0dGUvaW1nMTAyODMzMzY4NjAuanBlZyI+PGJyPgogIDxpbWcgc3JjPSJodHRwOi8vd3d3LnJha3V0ZW4uY28uanAvY2xvY2hldHRlL2ltZzEwMjgzMzM2ODYxLmpwZWciPjxicj4KICA8aW1nIHNyYz0iaHR0cDovL2ltYWdlLnJha3V0ZW4uY28uanAvY2xvY2hldHRlL2NhYmluZXQvMjAxNnNzL3AyNDAwMDIyXzkuanBnIiB3aWR0aD0iNzAwIiB1c2VtYXA9IiNNYXAyIiBib3JkZXI9IjAiPiAKICA8bWFwIG5hbWU9Ik1hcDIiPgogICAgPGFyZWEgc2hhcGU9InJlY3QiIGNvb3Jkcz0iMTk5LDEzMCw1MDksNDM3IiBocmVmPSJodHRwOi8vd3d3LnJha3V0ZW4uY28uanAvY2xvY2hldHRlL2ltZzEwMjgzMzM2ODY1LmpwZWciIHRhcmdldD0iX2JsYW5rIj4KICA8L21hcD4KICA8YnI+CiAgPGltZyBzcmM9Imh0dHA6Ly93d3cucmFrdXRlbi5jby5qcC9jbG9jaGV0dGUvaW1nMTAyODMzMzY4NjMuanBlZyI+ICA8YnI+CjwvZGl2Pgo8ZGl2IGFsaWduPWNlbnRlcj4KPHA+44CAPC9wPgogIDx0YWJsZSB3aWR0aD0iMzgwIiBib3JkZXI9IjAiIGJnY29sb3I9IiM5RTY5NjkiIGNlbGxwYWRkaW5nPSIwIiBjZWxsc3BhY2luZz0iMCI+CiAgICA8dHI+IAogICAgICA8dGQ+IAogICAgICAgIDx0YWJsZSB3aWR0aD0iMzgwIiBib3JkZXI9IjAiIGNlbGxzcGFjaW5nPSIxIiBjZWxscGFkZGluZz0iNCIgc3R5bGU9ImZvbnQtc2l6ZToxMnB4O2NvbG9yOiM2NjY2NjY7bGluZS1oZWlnaHQ6MThweDsiIGJvcmRlcmNvbG9yPSIjOTkwMDAwIj4KICAgICAgICAgIDx0ciBiZ2NvbG9yPSIjRkZGRkZGIj4gCiAgICAgICAgICAgIDx0ZD7jgqLjgqTjg4bjg6A8L3RkPgogICAgICAgICAgICA8dGQ+QUJJUO+8iOOCouODk+ODg+ODl++8ieODj+ODqeOCs+iyoeW4gzxicj4KICAgICAgICAgICAgICDjgqLjg4vjg57jg6vmn4Tjg4/jg6njgrPosqHluIM8L3RkPgogICAgICAgICAgPC90cj4KICAgICAgICAgIDx0ciBiZ2NvbG9yPSIjRkZGRkZGIj4gCiAgICAgICAgICAgIDx0ZCB3aWR0aD0iMzMlIj7ntKDmnZA8L3RkPgogICAgICAgICAgICA8dGQ+44OZ44OT44O844Kr44O844OV44O754mb6Z2pPC90ZD4KICAgICAgICAgIDwvdHI+CiAgICAgICAgICA8dHIgYmdjb2xvcj0iI0ZGRkZGRiI+IAogICAgICAgICAgICA8dGQ+44K144Kk44K6PC90ZD4KICAgICAgICAgICAgPHRkPumrmOOBlTExw5fmqKoyMMOX44Oe44OBMi41Y208L3RkPgogICAgICAgICAgPC90cj4KICAgICAgICAgIDx0ciBiZ2NvbG9yPSIjRkZGRkZGIj4gCiAgICAgICAgICAgIDx0ZD7ph43jgZU8L3RkPgogICAgICAgICAgICA8dGQ+MTgwZzwvdGQ+CiAgICAgICAgICA8L3RyPgogICAgICAgICAgPHRyIGJnY29sb3I9IiNGRkZGRkYiPiAKICAgICAgICAgICAgPHRkPuWGheijhTwvdGQ+CiAgICAgICAgICAgIDx0ZD7lsI/piq3lhaXjgozDlzE8YnI+CiAgICAgICAgICAgICAg44GK5pyt5YWl44KMw5cxPGJyPgogICAgICAgICAgICAgIOOCq+ODvOODieODneOCseODg+ODiMOXMTI8YnI+CiAgICAgICAgICAgICAg44OV44Oq44O844Od44Kx44OD44OIw5cyPC90ZD4KICAgICAgICAgIDwvdHI+CiAgICAgICAgICA8dHIgYmdjb2xvcj0iI0ZGRkZGRiI+IAogICAgICAgICAgICA8dGQ+5qKx5YyFPC90ZD4KICAgICAgICAgICAgPHRkPuWwgueUqOeuseWFpeOCijwvdGQ+CiAgICAgICAgICA8L3RyPgogICAgICAgIDwvdGFibGU+CiAgICAgIDwvdGQ+CiAgICA8L3RyPgogIDwvdGFibGU+CiAgPHA+PGltZyBzcmM9Imh0dHA6Ly93d3cucmFrdXRlbi5uZS5qcC9nb2xkL2Nsb2NoZXR0ZS9pbWcvZC1hLmdpZiIgd2lkdGg9IjM4MCIgaGVpZ2h0PSIxMDAiIGJvcmRlcj0iMCI+PGZvbnQgY29sb3I9IzU1NTU1NSBzaXplPS0xPjxicj4KICAgIDwvZm9udD48Zm9udCBzaXplPS0xPjxiPjxmb250IGNvbG9yPSIjY2M2NjY2Ij7igLvlkIzmorHjgavjgaTjgYTjgaY8L2ZvbnQ+PC9iPjwvZm9udD48Zm9udCBjb2xvcj0jNTU1NTU1IHNpemU9LTE+PGJyPgogICAgPGJyPgogICAgPC9mb250Pjxmb250IGNvbG9yPSM2NjY2NjYgc2l6ZT0tMT48Yj48Zm9udCBjb2xvcj0jZmYwMDAwPjxicj4KICAgIDxmb250IGNvbG9yPSM2NjY2NjY+4oC744GK5bGK44GR44Gv77yf44GK5pSv5omV44GE44Gv77yf44O744O7PC9mb250Pjxmb250IGNvbG9yPSIjY2M2NjY2Ij7jgojjgY/jgYLjgovjgZTos6rllY/jga/jgZPjgaHjgonjgYvjgonihpJRJkE8L2ZvbnQ+PC9mb250PjwvYj48L2ZvbnQ+PGZvbnQgY29sb3I9IzMzMDBmZiBzaXplPS0xPjxiPjxicj4KICAgIDwvYj48L2ZvbnQ+PGZvbnQgY29sb3I9I2ZmMDAwMCBzaXplPS0xPjxiPjxicj4KICAgIDwvYj48L2ZvbnQ+PC9wPgo8L2Rpdj4KPHRhYmxlIHN0eWxlPSJGT05ULVNJWkU6IDEycHg7IExJTkUtSEVJR0hUOiAxMjAlIiBjZWxsc3BhY2luZz0wIGNlbGxwYWRkaW5nPTMgd2lkdGg9MzgwIGFsaWduPWNlbnRlciBib3JkZXI9MT4KICA8dGJvZHk+IAogIDx0cj4gCiAgICA8dGQgYmdjb2xvcj0jY2M2NjY2Pjxmb250IGNvbG9yPSNmZmZmZmYgc2l6ZT0tMT48Yj7vvIrjgYrmlK/miZXmlrnms5Ug77yIIOW+jOaJleOBhCDvvIk8L2I+PC9mb250PjwvdGQ+CiAgPC90cj4KICA8dHI+IAogICAgPHRkPjxmb250IGNvbG9yPSM1NTU1NTUgICAgICAgc2l6ZT0tMT7jg7vjgq/jg6zjgrjjg4Pjg4jjgqvjg7zjg4k8YnI+CiAgICAgIOODu+S7o+mHkeW8leaPmzxicj4KICAgICAg44O76YO15L6/5oyv5pu/77yI5ZWG5ZOB5Yiw552A5b6M77yR6YCx6ZaT5Lul5YaF44Gr44GK5pSv5omV44GE5LiL44GV44GE44CC77yJPGJyPgogICAgICDjg7vpioDooYzmjK/ovrzvvIjllYblk4HliLDnnYDlvozvvJHpgLHplpPku6XlhoXjgavjgYrmlK/miZXjgYTkuIvjgZXjgYTjgILvvIk8L2ZvbnQ+PC90ZD4KICA8L3RyPgogIDx0cj4gCiAgICA8dGQgYmdjb2xvcj0jY2M2NjY2Pjxmb250IGNvbG9yPSNmZmZmZmYgc2l6ZT0tMT48Yj7vvIrpgIHmlpk8L2I+PC9mb250PjwvdGQ+CiAgPC90cj4KICA8dHI+IAogICAgPHRkPjxmb250IGNvbG9yPSM1NTU1NTUgc2l6ZT0tMT48Yj48Zm9udCAgICAgICBjb2xvcj0jZmYwMDAwPuWFqOWbveS4gOW+i++8lO+8mO+8kOWGhjwvZm9udD48L2I+PGJyPgogICAgICAo6Zui5bO25Y+K44Gz5LiA6YOo5Zyw5Z+f44Gv5Yil5paZ6YeR44Gr44Gq44KK44G+44GZKSA8L2ZvbnQ+PC90ZD4KICA8L3RyPgogIDx0cj4gCiAgICA8dGQgYmdjb2xvcj0jY2M2NjY2Pjxmb250IGNvbG9yPSNmZmZmZmYgc2l6ZT0tMT48Yj7vvIrphY3pgIHmlrnms5U8L2I+PC9mb250PjwvdGQ+CiAgPC90cj4KICA8dHI+IAogICAgPHRkPjxmb250IGNvbG9yPSIjNTU1NTU1IiBzaXplPSItMSI+5L2Q5bed5oCl5L6/PC9mb250PjwvdGQ+CiAgPC90cj4KICA8L3Rib2R5PiAKPC90YWJsZT4KPGZvbnQgY29sb3I9IzU1NTU1NSBzaXplPTM+IAo8ZGl2IGFsaWduPWNlbnRlcj48Zm9udCBzaXplPS0xPjxicj4KICA8aW1nIHNyYz0iaHR0cDovL2ltYWdlLnJha3V0ZW4uY28uanAva2lubW9rdXNlaS9jYWJpbmV0L2FsbWFjaWxfZm9vdGVyL2Zvb3Rlci5qcGciPjxicj4KICA8L2ZvbnQ+PC9kaXY+CjwvZm9udD4gCjxkaXYgYWxpZ249Y2VudGVyPiAKICA8dGFibGUgc3R5bGU9IkZPTlQtU0laRTogMTJweDsgTElORS1IRUlHSFQ6IDEyMCUiIGNlbGxwYWRkaW5nPTMgd2lkdGg9MzgwIGFsaWduPWNlbnRlciBib3JkZXI9MD4KICAgIDx0cj4gCiAgICAgIDx0ZCB2YWxpZ249dG9wIHdpZHRoPTU+PGZvbnQgY29sb3I9IzU1NTU1NSBzaXplPS0xPjxiPjxmb250ICAgICAgIGNvbG9yPSNjYzY2NjY+77yKPC9mb250PjwvYj48L2ZvbnQ+PC90ZD4KICAgICAgPHRkIHdpZHRoPSI5NyUiPjxmb250IGNvbG9yPSIjNTU1NTU1Ij7ntKDmnZDjga/kuIDmnprjga7pnanjgpLoo4Hmlq3jgZfjgabkvb/nlKjjgZfjgabjgYTjgovjgZ/jgoHmn4Tjga7lh7rmlrnjgYzkuIDngrnkuIDngrnnlbDjgarjgorjgb7jgZnjgILmn4Tjga7phY3nva7jgavplqLjgZfjgabjga7jgZTluIzmnJvjga/jgYrlj5fjgZHjgYTjgZ/jgZfjgYvjga3jgb7jgZnjga7jgafjgZTkuobmib/jgY/jgaDjgZXjgYTjgb7jgZvjgII8L2ZvbnQ+PC90ZD4KICAgIDwvdHI+CiAgICA8dGJvZHk+IAogICAgPHRyPiAKICAgICAgPHRkIHZhbGlnbj10b3Agd2lkdGg9NT48Zm9udCBjb2xvcj0jNTU1NTU1IHNpemU9LTE+PGI+PGZvbnQgICAgICAgY29sb3I9I2NjNjY2Nj7vvIo8L2ZvbnQ+PC9iPjwvZm9udD48L3RkPgogICAgICA8dGQgd2lkdGg9Ijk3JSI+PGZvbnQgY29sb3I9IiM1NTU1NTUiPuavjuWbnuWQjOOBmOaIkOWIhuODu+aWueazleOBp+WKoOW3peOBl+OBpuOBiuOCiuOBvuOBmeOBjOmdqeOBrue0oOadkOOBrueKtuaFi+OChOOAgeawl+WAmeOBq+OCiOOBo+OBpuWkmuWwkeeVsOOBquOCi+OBk+OBqOOBjOOBguOCiuOBvuOBmeOAgjwvZm9udD48L3RkPgogICAgPC90cj4KICAgIDx0cj4gCiAgICAgIDx0ZCB2YWxpZ249dG9wIHdpZHRoPTU+PGZvbnQgY29sb3I9IzU1NTU1NSBzaXplPS0xPjxiPjxmb250ICAgICAgIGNvbG9yPSNjYzY2NjY+77yKPC9mb250PjwvYj48L2ZvbnQ+PC90ZD4KICAgICAgPHRkIHdpZHRoPSI5NyUiPjxmb250IGNvbG9yPSIjNTU1NTU1IiBzaXplPSItMSI+44Op44OD44OU44Oz44Kw44Gv5om/44Gj44Gm44GK44KK44G+44Gb44KT44CCPC9mb250PjwvdGQ+CiAgICA8L3RyPgogICAgPC90Ym9keT4gCiAgPC90YWJsZT4KPC9kaXY+PCEtLeODmuODvOOCuOaoquOBrui/vemaj+ODkOODiuODvOOBk+OBk+OBi+OCiS0tPgoKPHN0eWxlIHR5cGU9InRleHQvY3NzIj4KPCEtLQoKI3Jha3V0ZW5MaW1pdGVkSWRfYXJvdW5kQ2FydCBzcGFuLmNob2ljZSArIHNlbGVjdCB7CiAgICBkaXNwbGF5OiBibG9jayAhaW1wb3J0YW50OwogICAgcGFkZGluZzogOHB4OwogICAgbWFyZ2luLWJvdHRvbTogMnB4OwogICAgYm9yZGVyLXJhZGl1czogMnB4OyAgIAp9CgojcmFrdXRlbkxpbWl0ZWRJZF9hcm91bmRDYXJ0IHNwYW4uY2hvaWNlIHsKICAgIGRpc3BsYXk6IGlubGluZS1ibG9jazsKICAgIHBvc2l0aW9uOnJlbGF0aXZlOwogICAgcGFkZGluZzogOHB4OwogICAgbWFyZ2luLWJvdHRvbTogOHB4OwogICAgYmFja2dyb3VuZDogI2VlZTsgLyrlkLnjgY3lh7rjgZfjga7og4zmma/oibIgKi8KICAgIGJvcmRlci1yYWRpdXM6IDJweDsKfQojcmFrdXRlbkxpbWl0ZWRJZF9hcm91bmRDYXJ0IHNwYW4uY2hvaWNlOmFmdGVyIHsKICAgIGNvbnRlbnQ6ICIiOwogICAgcG9zaXRpb246IGFic29sdXRlOwogICAgYm90dG9tOiAtOHB4OwogICAgbGVmdDogMjRweDsKICAgIG1hcmdpbi1sZWZ0OiAtOHB4OwogICAgZGlzcGxheTogYmxvY2s7CiAgICB3aWR0aDogMHB4OwogICAgaGVpZ2h0OiAwcHg7CiAgICBib3JkZXItc3R5bGU6IHNvbGlkOwogICAgYm9yZGVyLXdpZHRoOiA4cHggOHB4IDAgOHB4OwogICAgYm9yZGVyLWNvbG9yOiAjZWVlIHRyYW5zcGFyZW50IHRyYW5zcGFyZW50IHRyYW5zcGFyZW50Owp9Ci0tPgo8L3N0eWxlPgoKCjxzdHlsZSB0eXBlPSJ0ZXh0L2NzcyI+CjwhLS0KCi5pdGVtX25hbWUgewpkaXNwbGF5OmJsb2NrOwptYXJnaW4tYm90dG9tOjE1cHg7Cn0KCi5jYXRjaF9jb3B5IHsKZGlzcGxheTpibG9jazsKbWFyZ2luLWJvdHRvbToxNXB4Owp9CgotLT4KPC9zdHlsZT4KCgo8c3R5bGUgdHlwZT0idGV4dC9jc3MiPgo8IS0tCmEjcmNfcmlnaHRBcmVhIHsKIHdpZHRoOiAzNzhweDsgLyrnlLvlg4/jga7lhajkvZPluYUqLwogcG9zaXRpb246IGZpeGVkOwogdG9wOiAxMDBweDsKIHJpZ2h0OiAtMzA1cHg7IC8q44Oe44Km44K544KS5LmX44Gb44Gf5pmC44Gr5Ye644Gm44GP44KL5bmFKi8KIGRpc3BsYXk6IGlubGluZS1ibG9jazsKIHRyYW5zaXRpb246IGFsbCAuMnMgZWFzZTsKIHotaW5kZXg6IDk5OTk7Cn0KYSNyY19yaWdodEFyZWE6aG92ZXJ7CiByaWdodDogMDsKfQotLT4KPC9zdHlsZT4KCjxzdHlsZSB0eXBlPSJ0ZXh0L2NzcyI+CjwhLS0KYSNyY19yaWdodEFyZWEyIHsKIHdpZHRoOiAzNzhweDsgLyrnlLvlg4/jga7lhajkvZPluYUqLwogcG9zaXRpb246IGZpeGVkOwogdG9wOiA1MDBweDsKIHJpZ2h0OiAtMzA1cHg7IC8q44Oe44Km44K544KS5LmX44Gb44Gf5pmC44Gr5Ye644Gm44GP44KL5bmFKi8KIGRpc3BsYXk6IGlubGluZS1ibG9jazsKIHRyYW5zaXRpb246IGFsbCAuMnMgZWFzZTsKIHotaW5kZXg6IDk5OTk7Cn0KYSNyY19yaWdodEFyZWEyOmhvdmVyewogcmlnaHQ6IDA7Cn0KLS0+Cjwvc3R5bGU+CgoKCjxpbWcgc3JjPSJodHRwczovL2ltYWdlLnJha3V0ZW4uY28uanAvY2xvY2hldHRlL2NhYmluZXQvdG9wcGFnZS9pbWdyYzAwNzIzMjI0MjEuanBnIiAvPgo8YnI+CjwhLS0KIDxpbWcgc3JjPSJodHRwOi8vaW1hZ2UucmFrdXRlbi5jby5qcC9jbG9jaGV0dGUvY2FiaW5ldC90b3BwYWdlL2ltZ3JjMDA2OTAyMzgwNS5qcGciIC8+IC0tPiAKCgo8IS0t44Oa44O844K45qiq44Gu6L+96ZqP44OQ44OK44O844GT44GT44G+44GnLS0+CgoKCgo8IS0t44Kr44K05LiK44GE44GP44KJ44Gn6YCB5paZ54Sh5paZ44OQ44OK44O844GT44GT44GL44KJLS0+CgoKCjxzdHlsZSB0eXBlPSJ0ZXh0L2NzcyI+CjwhLS0Kc3Bhbi51bml0IHsKIGJhY2tncm91bmQ6IHVybCgiaHR0cDovL2ltYWdlLnJha3V0ZW4uY28uanAvY2xvY2hldHRlL2NhYmluZXQva2lrYWt1cGMvZnJlZTU0L3BhZ2VfMTA4MDBfMi5naWYiKSBuby1yZXBlYXQgbGVmdCB0b3A7CiB0ZXh0LWluZGVudDotOTk5OTsKIGRpc3BsYXk6IGJsb2NrOwogd2lkdGg6IDM5N3B4OwogaGVpZ2h0OiAxNTRweDsKIG1hcmdpbjoxNXB4IDA7IH0KLS0+Cjwvc3R5bGU+CgoKCgo8IS0t44Kr44K05LiK44GE44GP44KJ44Gn6YCB5paZ54Sh5paZ44OQ44OK44O844GT44GT44G+44GnLS0+CgoKPCEtLeOCq+OCtOS4iuOBhOOBj+OCieOBp+mAgeaWmeeEoeaWmeODkOODiuODvOOBk+OBk+OBvuOBpy0tPgoKPCEtLee0jeacn+aDheWgsS0tPgoKPHN0eWxlIFRZUEU9InRleHQvY3NzIj4KPCEtLQp0ZC5pbnZlbnRvcnkgZm9udHtmb250LXNpemU6MTBweDtjb2xvcjojNjY2NjY2O30KCi0tPgo8L3N0eWxlPg==,44CQ44Kk44K/44Oq44KiQUJJUOmdqeOBruODj+ODqeOCs+iyoeW4g+OAkeODhuODrOODvOOCvO+9nlRoZXJlc2XvvZ7jgqTjgr/jg6rjgqLlkI3ploDjgr/jg7Pjg4rjg7zjgYvjgonosrfjgYTku5jjgZHjgZ/mnIDpq5jntJrjg4/jg6njgrPvvIjjg5njg5Pjg7zjgqvjg7zjg5XvvInplbfosqHluIPjgILjgJDjgYLjgZnmpb3lr77lv5zjgJHvvJrku6PlrpjlsbHjgq/jg63jgrfjgqfjg4Pjg4g=,44OI44O844OI44OQ44OD44Kw6LKh5biDIOODrOODh+OCo+ODvOOCueOCt+ODp+ODq+ODgOODvOODkOODg+OCsOODleOCoeODvOODkOODg+OCsOiyoeW4g+OBiuiyoeW4g+ODneOCt+OCp+ODg+ODiOOCreODvOOCseODvOOCuemVt+iyoeW4gyDjg6zjg4fjgqPjg7zjgrnplbfosqHluIPjg6rjg6Xjg4Pjgq/osqHluIMg44Os44OH44Kj44O844K5IOS6uuawl+ODnOOCueODiOODs+ODkOODg+OCsCDml4XooYzou73ph4/jg6rjg6Xjg4Pjgq/jgYzjgb7lj6Mg44OQ44OD44Kw44Kt44Oj44Oq44O844OQ44OD44Kw6LKh5biDIOODrOODh+OCo+ODvOOCuSDplbfosqHluIPjgrfjg6fjg6vjg4Djg7wg44Od44K344Kn44OD44OI44Oq44Ol44OD44KvIOODrOODh+OCo+ODvOOCueacrOmdqSDjg6rjg6Xjg4Pjgq/jgJDjgqTjgr/jg6rjgqJBQklQ6Z2p44Gu44OP44Op44Kz6LKh5biD44CR44OG44Os44O844K8772eVGhlcmVzZe+9nuOCpOOCv+ODquOCouWQjemWgOOCv+ODs+ODiuODvOOBi+OCieiyt+OBhOS7mOOBkeOBn+acgOmrmOe0muODj+ODqeOCs++8iOODmeODk+ODvOOCq+ODvOODle+8iemVt+iyoeW4g+OAguOAkOOBguOBmealveWvvuW/nOOAkQ==,44CQ44Kk44K/44Oq44KiQUJJUOmdqeOBruODj+ODqeOCs+iyoeW4g+OAkeODhuODrOODvOOCvO+9nlRoZXJlc2XvvZ7jgqTjgr/jg6rjgqLlkI3ploDjgr/jg7Pjg4rjg7zjgYvjgonosrfjgYTku5jjgZHjgZ/mnIDpq5jntJrjg4/jg6njgrPvvIjjg5njg5Pjg7zjgqvjg7zjg5XvvInplbfosqHluIPjgILjgJDjgYLjgZnmpb3lr77lv5zjgJE=[rn]
39-76479,aHR0cDovL3RzaG9wLnIxMHMuanAvY2xvY2hldHRlL2NhYmluZXQvMTg1XzI0MC8xODVfMjQwXzIwMTQwNTIyL3AzNDkwMDA1XzU4MC5qcGc/Zml0aW49NzAwOjcwMA==,MjQwMDAuMDAwMA==,,44OQ44OD44Kw44O75bCP54mp44O744OW44Op44Oz44OJ6ZuR6LKoID4g6LKh5biD44O744Kx44O844K5ID4g44Os44OH44Kj44O844K56LKh5biD,44CQ5q6L44KKOOeCueOBp+eUn+eUo+e1guS6huOAkeOCquODvOODreODqeiJsuOBq+i8neOBj+mVt+iyoeW4gyDjg6zjg4fjgqPjg7zjgrkg5aWz5oCnIOS6uuawlyDmnKzpnakg44Kv44Oq44K544Oe44K5IOiqleeUn+aXpSDlpKfkurog5Y+v5oSb44GEIOawtOiJsiDjgqTjgr/jg6rjgqIg44Os44K244O8IOODl+ODrOOCvOODs+ODiCDjg5bjg6vjg7wg44GK44GX44KD44KMIOOCruODleODiCsgKyBDQVJJTExPTiDvvZ7jg5Xjg63jg7zjgrrjg7PvvZ7jgqTjgr/jg6rjgqLjg7Pjg6zjgrbjg7zplbfosqHluIPjgJDpgIHmlpnnhKHmlpnvvIbjgYLjgZnmpb3lr77lv5zjgJE=,6LKh5biDIOWls+aApyDkurrmsJcg44Os44K244O8IOawtOiJsiDjg5bjg6vjg7wg44OX44Os44K844Oz44OIIOOAkOmAgeaWmeeEoeaWmeOAkQ==,PGJyPjxpZnJhbWUgc3JjPSJodHRwOi8vd3d3LnJha3V0ZW4ubmUuanAvZ29sZC9jbG9jaGV0dGUvY2FyaWxsb24vcDM0OTAwMDUuaHRtbCJ3aWR0aD0iODUwIiBoZWlnaHQ9IjExMDAwIiBzY3JvbGxpbmc9Im5vIiBmcmFtZWJvcmRlcj0iMCIgYWxpZ249ImNlbnRlciI+PC9pZnJhbWU+PHRhYmxlIGJvcmRlcj0iMCIgY2VsbHNwYWNpbmc9IjAiIGNlbGxwYWRkaW5nPSIyIj4KPHRyIHZhbGlnbj0idG9wIj4KPHRkIG5vd3JhcD7jgq7jg5Xjg4jlr77lv5w8L3RkPgo8L3RyPgo8L3RhYmxlPgoKPHN0eWxlIHR5cGU9InRleHQvY3NzIj4KPCEtLQouc3R5bGUxIHtjb2xvcjogIzY2NjY2Nn0KLnN0eWxlNCB7Y29sb3I6ICM2NjY2NjY7IGZvbnQtd2VpZ2h0OiBib2xkOyB9Ci5zdHlsZTYge2NvbG9yOiAjODI1RTNFfQouc3R5bGU3IHsKY29sb3I6ICM5OTAwMDA7CmZvbnQtd2VpZ2h0OiBib2xkOwp9Ci0tPgo8L3N0eWxlPgo8ZGl2IGFsaWduPSJsZWZ0Ij4KPGltZyBzcmM9Imh0dHA6Ly9pbWFnZS5yYWt1dGVuLmNvLmpwL2Nsb2NoZXR0ZS9jYWJpbmV0LzAyNjE5ODI4LzAyNjE5ODMwL2ltZzU4Nzg0NzU4LmpwZyIgd2lkdGg9IjM4MCIgaGVpZ2h0PSIxMDAiIGJvcmRlcj0iMCIgLz48YnI+Cjxicj4KPGltZyBzcmM9Imh0dHA6Ly9pbWFnZS5yYWt1dGVuLmNvLmpwL2Nsb2NoZXR0ZS9jYWJpbmV0LzAyNjE5ODI4LzAyNjE5ODMwL2ltZzU4Nzg2MDc5LmpwZyIgd2lkdGg9IjM4MCIgaGVpZ2h0PSI1MCIgYm9yZGVyPSIwIiAvPjxiciAvPgo8YnIgLz4KPC9kaXY+Cjx0YWJsZSB3aWR0aD0iMzgwIiBib3JkZXI9IjAiIGNlbGxwYWRkaW5nPSI1IiBjZWxsc3BhY2luZz0iMCIgYm9yZGVyY29sb3I9IiM2NjY2NjYiIHN0eWxlPSJmb250LXNpemU6MTJweDsiPgogICAgPHRyIGJnY29sb3I9IiNGNUREREMiPiAKICAgICAgPHRkIGNvbHNwYW49IjIiIGFsaWduPSJjZW50ZXIiIGJnY29sb3I9IiNGNUREQzkiIGhlaWdodD0iNTAiPjxzcGFuIGNsYXNzPSJzdHlsZTMiPuOBiuWxiuOBkeS6iOWumuaXpTwvc3Bhbj48c3BhbiBjbGFzcz0ic3R5bGUyIj48Zm9udCBzaXplPSIrMSI+44CA77yaPC9mb250Pjxmb250IHNpemU9IisxIj48L2ZvbnQ+PC9zcGFuPjxiPjxzcGFuIGNsYXNzPSJzdHlsZTIiPjxmb250IHNpemU9IisxIj7jgIA8L2ZvbnQ+PC9zcGFuPjxmb250IGNvbG9yPSIjMzMzMzMzIiBzaXplPSIrMSI+44GC44GZ5qW95a++5b+cPC9mb250PjwvYj48L3RkPgogICAgPC90cj4KICAgIDx0ciBiZ2NvbG9yPSIjRkZGRkZGIj4gCiAgICAgIDx0ZCBjb2xzcGFuPSIyIiBhbGlnbj0iY2VudGVyIj48Zm9udCBzaXplPSItMiIgY29sb3I9IiM2NjY2NjYiPuWFpeiNt+eKtuazgeOBq+OCiOOBo+OBpuOAgeOBiuWxiuOBkeS6iOWumuaXpeOBjOWJjeW+jOOBmeOCi+WgtOWQiOOBjOOBguOCiuOBvuOBmeOAgjxicj4KICAgICAgICDmraPlvI/jgarjgYrlsYrjgZHml6XjgYzmsbrjgb7jgormrKHnrKzjgIHjg6Hjg7zjg6vjgavjgabjgZTpgKPntaHjgYTjgZ/jgZfjgb7jgZnjgII8L2ZvbnQ+PC90ZD4KICAgIDwvdHI+CiAgPC90YWJsZT4KICA8YnI+Cjx0YWJsZSB3aWR0aD0iMzgwIiBib3JkZXI9IjAiIGNlbGxzcGFjaW5nPSIwIiBjZWxscGFkZGluZz0iMCI+Cjx0cj4gCjx0ZCBiZ2NvbG9yPSIjRjVEREM5Ij4gCjx0YWJsZSB3aWR0aD0iMzgwIiBib3JkZXI9IjAiIGNlbGxzcGFjaW5nPSIxIiBjZWxscGFkZGluZz0iNCIgc3R5bGU9ImZvbnQtc2l6ZToxMnB4O2NvbG9yOiM2NjY2NjY7bGluZS1oZWlnaHQ6MThweDsiIGJvcmRlcmNvbG9yPSIjNjY2NjY2Ij4KPHRyPiAKPHRkIHdpZHRoPSIzMCUiIGJnY29sb3I9IiNGRkZGRkYiPjxmb250IHNpemU9Ii0xIj4mbmJzcDs8L2ZvbnQ+57Sg5p2QPC90ZD4KPHRkIHdpZHRoPSI3MCUiIGJnY29sb3I9IiNGRkZGRkYiPiAKPHA+IOacrOS9k++8muOCpOOCv+ODquOCouijveOCueODhuOCouODrOOCtuODvOOAgeWBj+WFieODkeODvOODq+ODleOCo+ODq+ODoOWKoOW3pTxiciAvPgo8c3BhbiBjbGFzcz0ic3R5bGUxIj7igLvmn4Tjga7opovjgYjmlrnjga/jgZnjgbnjgabnlbDjgarjgorjgIHnlLvlg4/jga7jgrXjg7Pjg5fjg6vjgajlrozlhajjgavlkIzjgZjjga7jgoLjga7jgavjga/jgarjgorjgb7jgZvjgpPjgZPjgajjgpLjgIHkuojjgoHjgZTkuobmib/jgY/jgaDjgZXjgYTjgb7jgZvjgII8L3NwYW4+PGJyIC8+CjxzcGFuIGNsYXNzPSJzdHlsZTEiPuKAu+OBiuWPl+OBkeWPluOCiuWJjeOBq+OAgeW8iuekvuOBq+OBpuWVhuWTgeOCkuOBlOeiuuiqjeOBhOOBn+OBoOOBj+OBk+OBqOOCguWPr+iDveOBp+OBmeOAgjwvc3Bhbj48c3BhbiBjbGFzcz0ic3R5bGU0Ij48YnIgLz4K6Kmz44GX44GP44Gv44Kz44OB44Op44CCPC9zcGFuPjxiciAvPgrlhoXoo4XvvJrjgq3jg4Pjg5fjg6zjgrbjg7zjgIHjg6zjg7zjg6jjg7M8YnIgLz4KPC9wPgo8L3RkPgo8L3RyPgo8dHI+IAo8dGQgYmdjb2xvcj0iI0ZGRkZGRiI+44K144Kk44K6PC90ZD4KPHRkIGJnY29sb3I9IiNGRkZGRkYiPgo8cD7nuKbvvJrvvIjntITvvIk5LjXvvYPvvY08YnIgLz4K5qiq77ya77yI57SE77yJMTguNe+9g++9jTxiciAvPgrljprjgZXvvJrvvIjntITvvIkzLjXvvYPvvY08L3A+CjwvdGQ+CjwvdHI+Cjx0cj4gCjx0ZCBiZ2NvbG9yPSIjRkZGRkZGIj48Zm9udCBzaXplPSItMSI+6YeN44GVPC9mb250PjwvdGQ+Cjx0ZCBiZ2NvbG9yPSIjRkZGRkZGIj4gCjxwPjIwNu+9hzwvcD4KPC90ZD4KPC90cj4KPHRyPiAKPHRkIGJnY29sb3I9IiNGRkZGRkYiPjxmb250IHNpemU9Ii0xIj7ku5Xmp5g8L2ZvbnQ+PC90ZD4KPHRkIGJnY29sb3I9IiNGRkZGRkYiPiAKPHA+IOOBiuacreWFpeOCjOODneOCseODg+ODiMOXMjxiciAvPgrlsI/piq3lhaXjgozDlzE8YnIgLz4K44Kr44O844OJ44Od44Kx44OD44OIw5cyMjxiciAvPgrjg5Xjg6rjg7zjg53jgrHjg4Pjg4jDlzM8YnIgLz4K44Ki44Km44OI44Od44Kx44OD44OIw5cxPC9wPgo8L3RkPgo8L3RyPgo8L3RhYmxlPgo8L3RkPgo8L3RyPgo8L3RhYmxlPgo8YnIgLz4KPHRhYmxlIHN0eWxlPSJGT05ULVNJWkU6IDEycHg7IExJTkUtSEVJR0hUOiAxMjAlIiBjZWxsc3BhY2luZz0wIGNlbGxwYWRkaW5nPTMgd2lkdGg9MzgwIGJvcmRlcj0wPgo8dGJvZHk+IAo8dHI+IAo8dGQgYmdjb2xvcj0jRjVEREM5PjxzcGFuIGNsYXNzPSJzdHlsZTEiPjxmb250IHNpemU9LTE+44GK5pSv5omV5pa55rOVPC9mb250Pjwvc3Bhbj48L3RkPgo8L3RyPgo8dHI+IAo8dGQ+PGZvbnQgY29sb3I9IzU1NTU1NSAgICAgICBzaXplPS0xPuODu+OCr+ODrOOCuOODg+ODiOOCq+ODvOODiTxicj4K44O75Luj6YeR5byV5o+bCjxicj4K44O76YqA6KGM5oyv6L6877yI5YmN5omV44GE77yJCjwvZm9udD48L3RkPgo8L3RyPgo8dHI+IAo8dGQgYmdjb2xvcj0jRjVEREM5PjxzcGFuIGNsYXNzPSJzdHlsZTEiPjxmb250IHNpemU9LTE+6YCB5paZPC9mb250Pjwvc3Bhbj48L3RkPgo8L3RyPgo8dHI+IAo8dGQ+PGZvbnQgc2l6ZT0tMT48c3BhbiBjbGFzcz0ic3R5bGU3Ij7pgIHmlpnnhKHmlpk8L3NwYW4+PC9mb250PjwvdGQ+CjwvdHI+Cjx0cj4gCjx0ZCBiZ2NvbG9yPSNGNUREQzkgY2xhc3M9InN0eWxlMSI+PGZvbnQgc2l6ZT0tMT7phY3pgIHmlrnms5U8L2ZvbnQ+PC90ZD4KPC90cj4KPHRyPiAKPHRkPjxmb250IGNvbG9yPSIjNTU1NTU1IiBzaXplPSItMSI+5L2Q5bed5oCl5L6/PC9mb250PjwvdGQ+CjwvdHI+CjwvdGJvZHk+IAo8L3RhYmxlPgo8YnIgLz4KPGltZyBzcmM9Imh0dHA6Ly9pbWFnZS5yYWt1dGVuLmNvLmpwL2Nsb2NoZXR0ZS9jYWJpbmV0LzAyNjE5ODI4LzAyNjE5ODMwL2ltZzU4Nzg2MDU1LmdpZiIgd2lkdGg9IjM4MCIgaGVpZ2h0PSIzNSI+IAo8dGFibGUgYm9yZGVyPSIwIiBjZWxscGFkZGluZz0iNSIgY2VsbHNwYWNpbmc9IjEiIHdpZHRoPSIzODAiIHN0eWxlPSJmb250LXNpemU6MTJweDtjb2xvcjojNjY2NjY2O2xpbmUtaGVpZ2h0OjE4cHg7Ij4KPHRyPiAKPHRkIHdpZHRoPSIzJSIgdmFsaWduPSJ0b3AiPjxiPjxmb250IGNvbG9yPSIjODI1RTNFIj7il4Y8L2ZvbnQ+PC9iPjwvdGQ+Cjx0ZCB3aWR0aD0iOTclIj7jgZPjgaHjgonjga7llYblk4Hjga/jgIHku6PlrpjlsbHjgq/jg63jgrfjgqfjg4Pjg4jjga7llYblk4Hjgajjga7lkIzmorHjga/jgafjgY3jgb7jgZvjgpPjgILjganjgYbjgZ7jgZTkuobmib/jgY/jgaDjgZXjgYTjgII8L3RkPgo8L3RyPgo8dHI+IAo8dGQgd2lkdGg9IjMlIiB2YWxpZ249InRvcCI+PGI+PGZvbnQgY29sb3I9IiM4MjVFM0UiPuKXhjwvZm9udD48L2I+PC90ZD4KPHRkIHdpZHRoPSI5NyUiPue0oOadkOOBr++8keOBpO+8keOBpOWOs+mBuOOBl+OAgeOAjOOBlOa6gOi2s+OBhOOBn+OBoOOBkeOCi+OAjeOBqOeiuuS/oeOBmeOCi+OCguOBruOCkuOBiuWHuuOBl+OBl+OBpuOBhOOBvuOBmeOBjOOAgeWkqeeEtuearumdqeOBq+OBr+OAgee0oOadkOacrOadpeOBjOaMgeOBpOW+rue0sOOBquOCreOCuuOBquOBqeOBjOOBpOOBhOOBpuOBhOOCi+WgtOWQiOOBjOOBlOOBluOBhOOBvuOBmeOAguS6iOOCgeOBlOS6huaJv+OBj+OBoOOBleOBhOOAgjwvdGQ+CjwvdHI+Cjx0cj4KPHRkIHZhbGlnbj0idG9wIj48Yj48Zm9udCBjb2xvcj0iIzgyNUUzRSI+4peGPC9mb250PjwvYj48L3RkPgo8dGQ+44Ko44OK44Oh44Or5Yqg5bel44Gv5rC044Gr5by344GE44Go44GV44KM44Gm44GE44G+44GZ44GM44CB5pys6Z2p44Gu44Gf44KB44CB5r+h44KM44Gf5aC05ZCI44Gq44Gp6ZW35pmC6ZaT5pS+572u44GX44G+44GZ44Go44CB44K344Of44Go44Gq44Gj44Gm5q6L44Gj44Gm44GX44G+44GG5aC05ZCI44KC44GU44GW44GE44G+44GZ44CC5r+h44KM44Gm44GX44G+44Gj44Gf5aC05ZCI44Gv44CB5p+U44KJ44GL44GE5biD44Gn5pep44GE44GG44Gh44Gr5rC05YiG44KS5out44GN5Y+W44Gj44Gm44GP44Gg44GV44GE44CCICA8L3RkPgo8L3RyPgo8dHI+IAo8dGQgd2lkdGg9IjMlIiB2YWxpZ249InRvcCI+PGI+PGZvbnQgY29sb3I9IiM4MjVFM0UiPuKXhjwvZm9udD48L2I+PC90ZD4KPHRkIHdpZHRoPSI5NyUiPuaSruW9seOBr+Wun+eJqeOBq+i/keOBj+OBquOCi+OCiOOBhuacgOWkp+mZkOOBq+eVmeaEj+OBl+OBpuihjOOBo+OBpuOBhOOBvuOBmeOBjOOAgeOBiuS9v+OBhOOBruODouODi+OCv+OBq+OCiOOBo+OBpuOCguiJsuOBr+eVsOOBquOCi+OBn+OCgeOAgeeUu+WDj+OBqOWun+eJqeOBruWNsOixoeOBjOeVsOOBquOCi+WgtOWQiOOCguOBlOOBluOBhOOBvuOBmeOBruOBp+S6iOOCgeOBlOS6huaJv+OBj+OBoOOBleOBhOOAguOBiuWPl+OBkeWPluOCiuWJjeOBq+Wun+eJqeOCkuOBlOimp+OBq+OBquOCiuOBn+OBhOWgtOWQiOOBq+OBrzxmb250IGNvbG9yPSIjNjY2NjY2Ij7jg6Hjg7zjg6s8L2ZvbnQ+44Gr44Gm44GU55u46KuH44GP44Gg44GV44GE44CCPC90ZD4KPC90cj4KPC90YWJsZT48IS0t44Oa44O844K45qiq44Gu6L+96ZqP44OQ44OK44O844GT44GT44GL44KJLS0+Cgo8c3R5bGUgdHlwZT0idGV4dC9jc3MiPgo8IS0tCgojcmFrdXRlbkxpbWl0ZWRJZF9hcm91bmRDYXJ0IHNwYW4uY2hvaWNlICsgc2VsZWN0IHsKICAgIGRpc3BsYXk6IGJsb2NrICFpbXBvcnRhbnQ7CiAgICBwYWRkaW5nOiA4cHg7CiAgICBtYXJnaW4tYm90dG9tOiAycHg7CiAgICBib3JkZXItcmFkaXVzOiAycHg7ICAgCn0KCiNyYWt1dGVuTGltaXRlZElkX2Fyb3VuZENhcnQgc3Bhbi5jaG9pY2UgewogICAgZGlzcGxheTogaW5saW5lLWJsb2NrOwogICAgcG9zaXRpb246cmVsYXRpdmU7CiAgICBwYWRkaW5nOiA4cHg7CiAgICBtYXJnaW4tYm90dG9tOiA4cHg7CiAgICBiYWNrZ3JvdW5kOiAjZWVlOyAvKuWQueOBjeWHuuOBl+OBruiDjOaZr+iJsiAqLwogICAgYm9yZGVyLXJhZGl1czogMnB4Owp9CiNyYWt1dGVuTGltaXRlZElkX2Fyb3VuZENhcnQgc3Bhbi5jaG9pY2U6YWZ0ZXIgewogICAgY29udGVudDogIiI7CiAgICBwb3NpdGlvbjogYWJzb2x1dGU7CiAgICBib3R0b206IC04cHg7CiAgICBsZWZ0OiAyNHB4OwogICAgbWFyZ2luLWxlZnQ6IC04cHg7CiAgICBkaXNwbGF5OiBibG9jazsKICAgIHdpZHRoOiAwcHg7CiAgICBoZWlnaHQ6IDBweDsKICAgIGJvcmRlci1zdHlsZTogc29saWQ7CiAgICBib3JkZXItd2lkdGg6IDhweCA4cHggMCA4cHg7CiAgICBib3JkZXItY29sb3I6ICNlZWUgdHJhbnNwYXJlbnQgdHJhbnNwYXJlbnQgdHJhbnNwYXJlbnQ7Cn0KLS0+Cjwvc3R5bGU+CgoKPHN0eWxlIHR5cGU9InRleHQvY3NzIj4KPCEtLQoKLml0ZW1fbmFtZSB7CmRpc3BsYXk6YmxvY2s7Cm1hcmdpbi1ib3R0b206MTVweDsKfQoKLmNhdGNoX2NvcHkgewpkaXNwbGF5OmJsb2NrOwptYXJnaW4tYm90dG9tOjE1cHg7Cn0KCi0tPgo8L3N0eWxlPgoKCjxzdHlsZSB0eXBlPSJ0ZXh0L2NzcyI+CjwhLS0KYSNyY19yaWdodEFyZWEgewogd2lkdGg6IDM3OHB4OyAvKueUu+WDj+OBruWFqOS9k+W5hSovCiBwb3NpdGlvbjogZml4ZWQ7CiB0b3A6IDEwMHB4OwogcmlnaHQ6IC0zMDVweDsgLyrjg57jgqbjgrnjgpLkuZfjgZvjgZ/mmYLjgavlh7rjgabjgY/jgovluYUqLwogZGlzcGxheTogaW5saW5lLWJsb2NrOwogdHJhbnNpdGlvbjogYWxsIC4ycyBlYXNlOwogei1pbmRleDogOTk5OTsKfQphI3JjX3JpZ2h0QXJlYTpob3ZlcnsKIHJpZ2h0OiAwOwp9Ci0tPgo8L3N0eWxlPgoKPHN0eWxlIHR5cGU9InRleHQvY3NzIj4KPCEtLQphI3JjX3JpZ2h0QXJlYTIgewogd2lkdGg6IDM3OHB4OyAvKueUu+WDj+OBruWFqOS9k+W5hSovCiBwb3NpdGlvbjogZml4ZWQ7CiB0b3A6IDUwMHB4OwogcmlnaHQ6IC0zMDVweDsgLyrjg57jgqbjgrnjgpLkuZfjgZvjgZ/mmYLjgavlh7rjgabjgY/jgovluYUqLwogZGlzcGxheTogaW5saW5lLWJsb2NrOwogdHJhbnNpdGlvbjogYWxsIC4ycyBlYXNlOwogei1pbmRleDogOTk5OTsKfQphI3JjX3JpZ2h0QXJlYTI6aG92ZXJ7CiByaWdodDogMDsKfQotLT4KPC9zdHlsZT4KCgoKPGltZyBzcmM9Imh0dHBzOi8vaW1hZ2UucmFrdXRlbi5jby5qcC9jbG9jaGV0dGUvY2FiaW5ldC90b3BwYWdlL2ltZ3JjMDA3MjMyMjQyMS5qcGciIC8+Cjxicj4KPCEtLQogPGltZyBzcmM9Imh0dHA6Ly9pbWFnZS5yYWt1dGVuLmNvLmpwL2Nsb2NoZXR0ZS9jYWJpbmV0L3RvcHBhZ2UvaW1ncmMwMDY5MDIzODA1LmpwZyIgLz4gLS0+IAoKCjwhLS3jg5rjg7zjgrjmqKrjga7ov73pmo/jg5Djg4rjg7zjgZPjgZPjgb7jgactLT4KCgoKCjwhLS3jgqvjgrTkuIrjgYTjgY/jgonjgafpgIHmlpnnhKHmlpnjg5Djg4rjg7zjgZPjgZPjgYvjgoktLT4KCgoKPHN0eWxlIHR5cGU9InRleHQvY3NzIj4KPCEtLQpzcGFuLnVuaXQgewogYmFja2dyb3VuZDogdXJsKCJodHRwOi8vaW1hZ2UucmFrdXRlbi5jby5qcC9jbG9jaGV0dGUvY2FiaW5ldC9raWtha3VwYy9mcmVlNTQvcGFnZV8xMDgwMF8yLmdpZiIpIG5vLXJlcGVhdCBsZWZ0IHRvcDsKIHRleHQtaW5kZW50Oi05OTk5OwogZGlzcGxheTogYmxvY2s7CiB3aWR0aDogMzk3cHg7CiBoZWlnaHQ6IDE1NHB4OwogbWFyZ2luOjE1cHggMDsgfQotLT4KPC9zdHlsZT4KCgoKCjwhLS3jgqvjgrTkuIrjgYTjgY/jgonjgafpgIHmlpnnhKHmlpnjg5Djg4rjg7zjgZPjgZPjgb7jgactLT4KCgo8IS0t44Kr44K05LiK44GE44GP44KJ44Gn6YCB5paZ54Sh5paZ44OQ44OK44O844GT44GT44G+44GnLS0+Cgo8IS0t57SN5pyf5oOF5aCxLS0+Cgo8c3R5bGUgVFlQRT0idGV4dC9jc3MiPgo8IS0tCnRkLmludmVudG9yeSBmb250e2ZvbnQtc2l6ZToxMHB4O2NvbG9yOiM2NjY2NjY7fQoKLS0+Cjwvc3R5bGU+,44CQ5q6L44KKOOeCueOBp+eUn+eUo+e1guS6huOAkeOCquODvOODreODqeiJsuOBq+i8neOBj+mVt+iyoeW4gyDjg6zjg4fjgqPjg7zjgrkg5aWz5oCnIOS6uuawlyDmnKzpnakg44Kv44Oq44K544Oe44K5IOiqleeUn+aXpSDlpKfkurog5Y+v5oSb44GEIOawtOiJsiDjgqTjgr/jg6rjgqIg44Os44K244O8IOODl+ODrOOCvOODs+ODiCDjg5bjg6vjg7wg44GK44GX44KD44KMIOOCruODleODiCsgKyBDQVJJTExPTiDvvZ7jg5Xjg63jg7zjgrrjg7PvvZ7jgqTjgr/jg6rjgqLjg7Pjg6zjgrbjg7zplbfosqHluIPjgJDpgIHmlpnnhKHmlpnvvIbjgYLjgZnmpb3lr77lv5zjgJHvvJrku6PlrpjlsbHjgq/jg63jgrfjgqfjg4Pjg4g=,44OI44O844OI44OQ44OD44Kw6LKh5biDIOODrOODh+OCo+ODvOOCueOCt+ODp+ODq+ODgOODvOODkOODg+OCsOODleOCoeODvOODkOODg+OCsOiyoeW4g+OBiuiyoeW4g+ODneOCt+OCp+ODg+ODiOOCreODvOOCseODvOOCuemVt+iyoeW4gyDjg6zjg4fjgqPjg7zjgrnplbfosqHluIPjg6rjg6Xjg4Pjgq/osqHluIMg44Os44OH44Kj44O844K5IOS6uuawl+ODnOOCueODiOODs+ODkOODg+OCsCDml4XooYzou73ph4/jg6rjg6Xjg4Pjgq/jgYzjgb7lj6Mg44OQ44OD44Kw44Kt44Oj44Oq44O844OQ44OD44Kw6LKh5biDIOODrOODh+OCo+ODvOOCuSDplbfosqHluIPjgrfjg6fjg6vjg4Djg7wg44Od44K344Kn44OD44OI44Oq44Ol44OD44KvIOODrOODh+OCo+ODvOOCueacrOmdqSDjg6rjg6Xjg4Pjgq/jgJDmrovjgoo454K544Gn55Sf55Sj57WC5LqG44CR44Kq44O844Ot44Op6Imy44Gr6Lyd44GP6ZW36LKh5biDIOODrOODh+OCo+ODvOOCuSDlpbPmgKcg5Lq65rCXIOacrOmdqSDjgq/jg6rjgrnjg57jgrkg6KqV55Sf5pelIOWkp+S6uiDlj6/mhJvjgYQg5rC06ImyIOOCpOOCv+ODquOCoiDjg6zjgrbjg7wg44OX44Os44K844Oz44OIIOODluODq+ODvCDjgYrjgZfjgoPjgowg44Ku44OV44OIKyArIENBUklMTE9OIO+9nuODleODreODvOOCuuODs++9nuOCpOOCv+ODquOCouODs+ODrOOCtuODvOmVt+iyoeW4g+OAkOmAgeaWmeeEoeaWme+8huOBguOBmealveWvvuW/nOOAkQ==,6LKh5biDIOWls+aApyDkurrmsJcg44Os44K244O8IOawtOiJsiDjg5bjg6vjg7wg44OX44Os44K844Oz44OIIOOAkOmAgeaWmeeEoeaWmeOAkeOAguOAkOaui+OCijjngrnjgafnlJ/nlKPntYLkuobjgJHjgqrjg7zjg63jg6noibLjgavovJ3jgY/plbfosqHluIMg44Os44OH44Kj44O844K5IOWls+aApyDkurrmsJcg5pys6Z2pIOOCr+ODquOCueODnuOCuSDoqpXnlJ/ml6Ug5aSn5Lq6IOWPr+aEm+OBhCDmsLToibIg44Kk44K/44Oq44KiIOODrOOCtuODvCDjg5fjg6zjgrzjg7Pjg4gg44OW44Or44O8IOOBiuOBl+OCg+OCjCDjgq7jg5Xjg4grICsgQ0FSSUxMT04g772e44OV44Ot44O844K644Oz772e44Kk44K/44Oq44Ki44Oz44Os44K244O86ZW36LKh5biD44CQ6YCB5paZ54Sh5paZ77yG44GC44GZ5qW95a++5b+c44CR[rn]
39-76480,aHR0cDovL3RzaG9wLnIxMHMuanAvY2xvY2hldHRlL2NhYmluZXQvMDI2MTk4Mjgvc2hvaGluL3AzNDkwMDA3XzU4MDIuanBnP2ZpdGluPTcwMDo3MDA=,MjU2MDAuMDAwMA==,,44OQ44OD44Kw44O75bCP54mp44O744OW44Op44Oz44OJ6ZuR6LKoID4g6LKh5biD44O744Kx44O844K5ID4g44Os44OH44Kj44O844K56LKh5biD,6ZW36LKh5biD44CQ6a6u44KE44GL44Gq6LWk44Gn44CB44GQ44Gj44Go6a2F5Yqb55qE44Gq5aWz5oCn44G444CC6auY57Sa44Od44OL44O844OY44Ki6ZW36LKh5biD44CR6LKh5biDIOOBiuiyoeW4gyDpnakg44Os44OH44Kj44O844K5IOWls+aApyDkurrmsJcg5Y+v5oSb44GEIOi1pCDjgq7jg5Xjg4gg44Os44OD44OJIOOCr+ODquOCueODnuOCuSDoqpXnlJ/ml6Ug5Lq65rCXIOODl+ODrOOCvOODs+ODiCsgKyBDQVJJTExPTiDvvZ7jg4njgqXjg7vjgqLjg6Hjg7zjg6vvvZ4g44Od44OL44O844OY44Ki6ZW36LKh5biD44CQ6YCB5paZ54Sh5paZ77yG44GC44GZ5qW95a++5b+c44CR,6LKh5biDIOmVt+iyoeW4gyDjgYrosqHluIMg5aWz5oCnIOS6uuawlyDjg6zjgrbjg7wg6Z2pIOi1pCDjg6zjg4Pjg4kg5Y+v5oSb44GE,PGJyPjxpZnJhbWUgc3JjPSJodHRwOi8vd3d3LnJha3V0ZW4ubmUuanAvZ29sZC9jbG9jaGV0dGUvY2FyaWxsb24vcDM0OTAwMDcuaHRtbCJ3aWR0aD0iODUwIiBoZWlnaHQ9IjEyMjUwIiBzY3JvbGxpbmc9Im5vIiBmcmFtZWJvcmRlcj0iMCIgYWxpZ249ImNlbnRlciI+PC9pZnJhbWU+PHRhYmxlIGJvcmRlcj0iMCIgY2VsbHNwYWNpbmc9IjAiIGNlbGxwYWRkaW5nPSIyIj4KPHRyIHZhbGlnbj0idG9wIj4KPHRkIG5vd3JhcD7jgq7jg5Xjg4jlr77lv5w8L3RkPgo8L3RyPgo8L3RhYmxlPgoKPHN0eWxlIHR5cGU9InRleHQvY3NzIj4KPCEtLQouc3R5bGUxIHtjb2xvcjogIzY2NjY2Nn0KLnN0eWxlNCB7Y29sb3I6ICM2NjY2NjY7IGZvbnQtd2VpZ2h0OiBib2xkOyB9Ci5zdHlsZTcgewpjb2xvcjogIzk5MDAwMDsKZm9udC13ZWlnaHQ6IGJvbGQ7Cn0KLS0+Cjwvc3R5bGU+CjxkaXYgYWxpZ249ImxlZnQiPiAKPGltZyBzcmM9Imh0dHA6Ly9pbWFnZS5yYWt1dGVuLmNvLmpwL2Nsb2NoZXR0ZS9jYWJpbmV0LzAyNjE5ODI4LzAyNjE5ODMwL2ltZzU4Nzg0NzU4LmpwZyIgd2lkdGg9IjM4MCIgaGVpZ2h0PSIxMDAiIGJvcmRlcj0iMCIgLz48YnI+Cjxicj4KPGltZyBzcmM9Imh0dHA6Ly9pbWFnZS5yYWt1dGVuLmNvLmpwL2Nsb2NoZXR0ZS9jYWJpbmV0LzAyNjE5ODI4LzAyNjE5ODMwL2ltZzU4Nzg2MDc5LmpwZyIgd2lkdGg9IjM4MCIgaGVpZ2h0PSI1MCIgYm9yZGVyPSIwIiAvPjxiciAvPgo8YnIgLz4KPC9kaXY+Cjx0YWJsZSB3aWR0aD0iMzgwIiBib3JkZXI9IjAiIGNlbGxwYWRkaW5nPSI1IiBjZWxsc3BhY2luZz0iMCIgYm9yZGVyY29sb3I9IiM2NjY2NjYiIHN0eWxlPSJmb250LXNpemU6MTJweDsiPgogICAgPHRyIGJnY29sb3I9IiNGNUREREMiPiAKICAgICAgPHRkIGNvbHNwYW49IjIiIGFsaWduPSJjZW50ZXIiIGJnY29sb3I9IiNGNUREQzkiIGhlaWdodD0iNTAiPjxzcGFuIGNsYXNzPSJzdHlsZTMiPuOBiuWxiuOBkeS6iOWumuaXpTwvc3Bhbj48c3BhbiBjbGFzcz0ic3R5bGUyIj48Zm9udCBzaXplPSIrMSI+44CA77yaPC9mb250Pjxmb250IHNpemU9IisxIj48L2ZvbnQ+PC9zcGFuPjxiPjxzcGFuIGNsYXNzPSJzdHlsZTIiPjxmb250IHNpemU9IisxIj7jgIA8L2ZvbnQ+PC9zcGFuPjxmb250IGNvbG9yPSIjMzMzMzMzIiBzaXplPSIrMSI+44GC44GZ5qW95a++5b+cPC9mb250PjwvYj48L3RkPgogICAgPC90cj4KICAgIDx0ciBiZ2NvbG9yPSIjRkZGRkZGIj4gCiAgICAgIDx0ZCBjb2xzcGFuPSIyIiBhbGlnbj0iY2VudGVyIj48Zm9udCBzaXplPSItMiIgY29sb3I9IiM2NjY2NjYiPuWFpeiNt+eKtuazgeOBq+OCiOOBo+OBpuOAgeOBiuWxiuOBkeS6iOWumuaXpeOBjOWJjeW+jOOBmeOCi+WgtOWQiOOBjOOBguOCiuOBvuOBmeOAgjxicj4KICAgICAgICDmraPlvI/jgarjgYrlsYrjgZHml6XjgYzmsbrjgb7jgormrKHnrKzjgIHjg6Hjg7zjg6vjgavjgabjgZTpgKPntaHjgYTjgZ/jgZfjgb7jgZnjgII8L2ZvbnQ+PC90ZD4KICAgIDwvdHI+CiAgPC90YWJsZT4KPHRhYmxlIHdpZHRoPSIzODAiIGJvcmRlcj0iMCIgY2VsbHNwYWNpbmc9IjAiIGNlbGxwYWRkaW5nPSIwIj4KPHRyPiAKPHRkIGJnY29sb3I9IiNGNUREQzkiPiAKPHRhYmxlIHdpZHRoPSIzODAiIGJvcmRlcj0iMCIgY2VsbHNwYWNpbmc9IjEiIGNlbGxwYWRkaW5nPSI0IiBzdHlsZT0iZm9udC1zaXplOjEycHg7Y29sb3I6IzY2NjY2NjtsaW5lLWhlaWdodDoxOHB4OyIgYm9yZGVyY29sb3I9IiM2NjY2NjYiPgo8dHI+IAo8dGQgd2lkdGg9IjMwJSIgYmdjb2xvcj0iI0ZGRkZGRiI+PGZvbnQgc2l6ZT0iLTEiPiZuYnNwOzwvZm9udD7ntKDmnZA8L3RkPgo8dGQgd2lkdGg9IjcwJSIgYmdjb2xvcj0iI0ZGRkZGRiI+IAo8cD4g5pys5L2T77ya44Kk44K/44Oq44Ki6KO944Od44OL44O844OY44KiPGJyIC8+CiAgPHNwYW4gY2xhc3M9InN0eWxlMSI+4oC7MeaemuOBrumdqeOBi+OCieijgeaWreOBl+OBpuOBhOOCi+OBn+OCgeOAgemDqOS9jeOBq+OCiOOBo+OBpuiJsuOBruimi+OBiOaWueOBr+OBmeOBueOBpueVsOOBquOCiuOAgeeUu+WDj+OBruOCteODs+ODl+ODq+OBqOWQjOOBmOOBruOCguOBruOBq+OBr+OBquOCiuOBvuOBm+OCk+OBk+OBqOOCkuS6iOOCgeOBlOS6huaJv+OBj+OBoOOBleOBhOOBvuOBm+OAgjxiciAvPgogICAgPC9zcGFuPjxzcGFuIGNsYXNzPSJzdHlsZTEiPuKAu+OBiuWPl+OBkeWPluOCiuWJjeOBq+OAgeW8iuekvuOBq+OBpuWVhuWTgeOCkuOBlOeiuuiqjeOBhOOBn+OBoOOBj+OBk+OBqOOCguWPr+iDveOBp+OBmeOAgjwvc3Bhbj48c3BhbiBjbGFzcz0ic3R5bGU0Ij48YnIgLz4KICAgICAg6Kmz44GX44GP44Gv44Kz44OB44Op44CCPC9zcGFuPjxiciAvPgogIOWGheijhe+8mueJm+ODiuODg+ODkeODrOOCtuODvOOAgeODrOODvOODqOODs+OCs+ODg+ODiOODszxiciAvPgo8L3A+CjwvdGQ+CjwvdHI+Cjx0cj4gCjx0ZCBiZ2NvbG9yPSIjRkZGRkZGIj7jgrXjgqTjgro8L3RkPgo8dGQgYmdjb2xvcj0iI0ZGRkZGRiI+CjxwPue4pu+8mu+8iOe0hO+8iTkuNe+9g++9jTxiciAvPgrmqKrvvJrvvIjntITvvIkxOC41772D772NCjxiciAvPgrljprjgZXvvJrvvIjntITvvIkzLjXvvYPvvY08L3A+CjwvdGQ+CjwvdHI+Cjx0cj4gCjx0ZCBiZ2NvbG9yPSIjRkZGRkZGIj48Zm9udCBzaXplPSItMSI+6YeN44GVPC9mb250PjwvdGQ+Cjx0ZCBiZ2NvbG9yPSIjRkZGRkZGIj4gCiAgICAgICAgICAgIDxwPue0hDE5OGc8L3A+CjwvdGQ+CjwvdHI+Cjx0cj4gCjx0ZCBiZ2NvbG9yPSIjRkZGRkZGIj48Zm9udCBzaXplPSItMSI+5LuV5qeYPC9mb250PjwvdGQ+Cjx0ZCBiZ2NvbG9yPSIjRkZGRkZGIj4gCjxwPiDjgYrmnK3lhaXjgozjg53jgrHjg4Pjg4jDlzI8YnIgLz4KICAgICAgICAgICAgICDlsI/piq3lhaXjgozDlzE8YnIgLz4KICAgICAgICAgICAg44Kr44O844OJ44Od44Kx44OD44OIw5cyMjxiciAvPgrjg5Xjg6rjg7zjg53jgrHjg4Pjg4jDlzM8YnIgLz4K44Ki44Km44OI44Od44Kx44OD44OIw5cxCjwvdGQ+CjwvdHI+CjwvdGFibGU+CjwvdGQ+CjwvdHI+CjwvdGFibGU+CjxiciAvPgo8dGFibGUgc3R5bGU9IkZPTlQtU0laRTogMTJweDsgTElORS1IRUlHSFQ6IDEyMCUiIGNlbGxzcGFjaW5nPTAgY2VsbHBhZGRpbmc9MyB3aWR0aD0zODAgYm9yZGVyPTA+Cjx0Ym9keT4gCjx0cj4gCjx0ZCBiZ2NvbG9yPSNGNUREQzk+PHNwYW4gY2xhc3M9InN0eWxlMSI+PGZvbnQgc2l6ZT0tMT7jgYrmlK/miZXmlrnms5UgPC9mb250Pjwvc3Bhbj48L3RkPgo8L3RyPgo8dHI+IAo8dGQ+PGZvbnQgY29sb3I9IzU1NTU1NSAgICAgICBzaXplPS0xPuODu+OCr+ODrOOCuOODg+ODiOOCq+ODvOODiTxicj4K44O75Luj6YeR5byV5o+bPGJyPgrjg7vpioDooYzmjK/ovrwo5YmN5omV44GEKTxiciAvPgo8L2ZvbnQ+PC90ZD4KPC90cj4KPHRyPiAKPHRkIGJnY29sb3I9I0Y1RERDOT48c3BhbiBjbGFzcz0ic3R5bGUxIj48Zm9udCBzaXplPS0xPumAgeaWmTwvZm9udD48L3NwYW4+PC90ZD4KPC90cj4KPHRyPiAKPHRkPjxmb250IHNpemU9LTE+PHNwYW4gY2xhc3M9InN0eWxlNyI+6YCB5paZ54Sh5paZPC9mb250PjwvdGQ+CjwvdHI+Cjx0cj4gCjx0ZCBiZ2NvbG9yPSNGNUREQzkgY2xhc3M9InN0eWxlMSI+PGZvbnQgc2l6ZT0tMT7phY3pgIHmlrnms5U8L2ZvbnQ+PC90ZD4KPC90cj4KPHRyPiAKPHRkPjxmb250IGNvbG9yPSIjNTU1NTU1IiBzaXplPSItMSI+5L2Q5bed5oCl5L6/PC9mb250PjwvdGQ+CjwvdHI+CjwvdGJvZHk+IAo8L3RhYmxlPgo8YnIgLz4KPGltZyBzcmM9Imh0dHA6Ly9pbWFnZS5yYWt1dGVuLmNvLmpwL2Nsb2NoZXR0ZS9jYWJpbmV0LzAyNjE5ODI4LzAyNjE5ODMwL2ltZzU4Nzg2MDU1LmdpZiIgd2lkdGg9IjM4MCIgaGVpZ2h0PSIzNSI+IAo8dGFibGUgYm9yZGVyPSIwIiBjZWxscGFkZGluZz0iNSIgY2VsbHNwYWNpbmc9IjEiIHdpZHRoPSIzODAiIHN0eWxlPSJmb250LXNpemU6MTJweDtjb2xvcjojNjY2NjY2O2xpbmUtaGVpZ2h0OjE4cHg7Ij4KPHRyPiAKPHRkIHdpZHRoPSIzJSIgdmFsaWduPSJ0b3AiPjxiPjxmb250IGNvbG9yPSIjODI1RTNFIj7il4Y8L2ZvbnQ+PC9iPjwvdGQ+Cjx0ZCB3aWR0aD0iOTclIj7jgZPjgaHjgonjga7llYblk4Hjga/jgIHku6PlrpjlsbHjgq/jg63jgrfjgqfjg4Pjg4jjga7llYblk4Hjgajjga7lkIzmorHjga/jgafjgY3jgb7jgZvjgpPjgILjganjgYbjgZ7jgZTkuobmib/jgY/jgaDjgZXjgYTjgII8L3RkPgo8L3RyPgo8dHI+IAo8dGQgd2lkdGg9IjMlIiB2YWxpZ249InRvcCI+PGI+PGZvbnQgY29sb3I9IiM4MjVFM0UiPuKXhjwvZm9udD48L2I+PC90ZD4KPHRkIHdpZHRoPSI5NyUiPue0oOadkOOBr++8keOBpO+8keOBpOWOs+mBuOOBl+OAgeOAjOOBlOa6gOi2s+OBhOOBn+OBoOOBkeOCi+OAjeOBqOeiuuS/oeOBmeOCi+OCguOBruOCkuOBiuWHuuOBl+OBl+OBpuOBhOOBvuOBmeOBjOOAgeWkqeeEtuearumdqeOBq+OBr+OAgee0oOadkOacrOadpeOBjOaMgeOBpOW+rue0sOOBquOCreOCuuOBquOBqeOBjOOBpOOBhOOBpuOBhOOCi+WgtOWQiOOBjOOBlOOBluOBhOOBvuOBmeOAguS6iOOCgeOBlOS6huaJv+OBj+OBoOOBleOBhOOAgjwvdGQ+CjwvdHI+Cjx0cj4gCjx0ZCB3aWR0aD0iMyUiIHZhbGlnbj0idG9wIj48Yj48Zm9udCBjb2xvcj0iIzgyNUUzRSI+4peGPC9mb250PjwvYj48L3RkPgo8dGQgd2lkdGg9Ijk3JSI+5pKu5b2x44Gv5a6f54mp44Gr6L+R44GP44Gq44KL44KI44GG5pyA5aSn6ZmQ44Gr55WZ5oSP44GX44Gm6KGM44Gj44Gm44GE44G+44GZ44GM44CB44GK5L2/44GE44Gu44Oi44OL44K/44Gr44KI44Gj44Gm44KC6Imy44Gv55Ww44Gq44KL44Gf44KB44CB55S75YOP44Go5a6f54mp44Gu5Y2w6LGh44GM55Ww44Gq44KL5aC05ZCI44KC44GU44GW44GE44G+44GZ44Gu44Gn5LqI44KB44GU5LqG5om/44GP44Gg44GV44GE44CC44GK5Y+X44GR5Y+W44KK5YmN44Gr5a6f54mp44KS44GU6Kan44Gr44Gq44KK44Gf44GE5aC05ZCI44Gr44GvPGZvbnQgY29sb3I9IiM2NjY2NjYiPuODoeODvOODqzwvZm9udD7jgavjgabjgZTnm7joq4fjgY/jgaDjgZXjgYTjgII8L3RkPgo8L3RyPgo8L3RhYmxlPjwhLS3jg5rjg7zjgrjmqKrjga7ov73pmo/jg5Djg4rjg7zjgZPjgZPjgYvjgoktLT4KCjxzdHlsZSB0eXBlPSJ0ZXh0L2NzcyI+CjwhLS0KCiNyYWt1dGVuTGltaXRlZElkX2Fyb3VuZENhcnQgc3Bhbi5jaG9pY2UgKyBzZWxlY3QgewogICAgZGlzcGxheTogYmxvY2sgIWltcG9ydGFudDsKICAgIHBhZGRpbmc6IDhweDsKICAgIG1hcmdpbi1ib3R0b206IDJweDsKICAgIGJvcmRlci1yYWRpdXM6IDJweDsgICAKfQoKI3Jha3V0ZW5MaW1pdGVkSWRfYXJvdW5kQ2FydCBzcGFuLmNob2ljZSB7CiAgICBkaXNwbGF5OiBpbmxpbmUtYmxvY2s7CiAgICBwb3NpdGlvbjpyZWxhdGl2ZTsKICAgIHBhZGRpbmc6IDhweDsKICAgIG1hcmdpbi1ib3R0b206IDhweDsKICAgIGJhY2tncm91bmQ6ICNlZWU7IC8q5ZC544GN5Ye644GX44Gu6IOM5pmv6ImyICovCiAgICBib3JkZXItcmFkaXVzOiAycHg7Cn0KI3Jha3V0ZW5MaW1pdGVkSWRfYXJvdW5kQ2FydCBzcGFuLmNob2ljZTphZnRlciB7CiAgICBjb250ZW50OiAiIjsKICAgIHBvc2l0aW9uOiBhYnNvbHV0ZTsKICAgIGJvdHRvbTogLThweDsKICAgIGxlZnQ6IDI0cHg7CiAgICBtYXJnaW4tbGVmdDogLThweDsKICAgIGRpc3BsYXk6IGJsb2NrOwogICAgd2lkdGg6IDBweDsKICAgIGhlaWdodDogMHB4OwogICAgYm9yZGVyLXN0eWxlOiBzb2xpZDsKICAgIGJvcmRlci13aWR0aDogOHB4IDhweCAwIDhweDsKICAgIGJvcmRlci1jb2xvcjogI2VlZSB0cmFuc3BhcmVudCB0cmFuc3BhcmVudCB0cmFuc3BhcmVudDsKfQotLT4KPC9zdHlsZT4KCgo8c3R5bGUgdHlwZT0idGV4dC9jc3MiPgo8IS0tCgouaXRlbV9uYW1lIHsKZGlzcGxheTpibG9jazsKbWFyZ2luLWJvdHRvbToxNXB4Owp9CgouY2F0Y2hfY29weSB7CmRpc3BsYXk6YmxvY2s7Cm1hcmdpbi1ib3R0b206MTVweDsKfQoKLS0+Cjwvc3R5bGU+CgoKPHN0eWxlIHR5cGU9InRleHQvY3NzIj4KPCEtLQphI3JjX3JpZ2h0QXJlYSB7CiB3aWR0aDogMzc4cHg7IC8q55S75YOP44Gu5YWo5L2T5bmFKi8KIHBvc2l0aW9uOiBmaXhlZDsKIHRvcDogMTAwcHg7CiByaWdodDogLTMwNXB4OyAvKuODnuOCpuOCueOCkuS5l+OBm+OBn+aZguOBq+WHuuOBpuOBj+OCi+W5hSovCiBkaXNwbGF5OiBpbmxpbmUtYmxvY2s7CiB0cmFuc2l0aW9uOiBhbGwgLjJzIGVhc2U7CiB6LWluZGV4OiA5OTk5Owp9CmEjcmNfcmlnaHRBcmVhOmhvdmVyewogcmlnaHQ6IDA7Cn0KLS0+Cjwvc3R5bGU+Cgo8c3R5bGUgdHlwZT0idGV4dC9jc3MiPgo8IS0tCmEjcmNfcmlnaHRBcmVhMiB7CiB3aWR0aDogMzc4cHg7IC8q55S75YOP44Gu5YWo5L2T5bmFKi8KIHBvc2l0aW9uOiBmaXhlZDsKIHRvcDogNTAwcHg7CiByaWdodDogLTMwNXB4OyAvKuODnuOCpuOCueOCkuS5l+OBm+OBn+aZguOBq+WHuuOBpuOBj+OCi+W5hSovCiBkaXNwbGF5OiBpbmxpbmUtYmxvY2s7CiB0cmFuc2l0aW9uOiBhbGwgLjJzIGVhc2U7CiB6LWluZGV4OiA5OTk5Owp9CmEjcmNfcmlnaHRBcmVhMjpob3ZlcnsKIHJpZ2h0OiAwOwp9Ci0tPgo8L3N0eWxlPgoKCgo8aW1nIHNyYz0iaHR0cHM6Ly9pbWFnZS5yYWt1dGVuLmNvLmpwL2Nsb2NoZXR0ZS9jYWJpbmV0L3RvcHBhZ2UvaW1ncmMwMDcyMzIyNDIxLmpwZyIgLz4KPGJyPgo8IS0tCiA8aW1nIHNyYz0iaHR0cDovL2ltYWdlLnJha3V0ZW4uY28uanAvY2xvY2hldHRlL2NhYmluZXQvdG9wcGFnZS9pbWdyYzAwNjkwMjM4MDUuanBnIiAvPiAtLT4gCgoKPCEtLeODmuODvOOCuOaoquOBrui/vemaj+ODkOODiuODvOOBk+OBk+OBvuOBpy0tPgoKCgoKPCEtLeOCq+OCtOS4iuOBhOOBj+OCieOBp+mAgeaWmeeEoeaWmeODkOODiuODvOOBk+OBk+OBi+OCiS0tPgoKCgo8c3R5bGUgdHlwZT0idGV4dC9jc3MiPgo8IS0tCnNwYW4udW5pdCB7CiBiYWNrZ3JvdW5kOiB1cmwoImh0dHA6Ly9pbWFnZS5yYWt1dGVuLmNvLmpwL2Nsb2NoZXR0ZS9jYWJpbmV0L2tpa2FrdXBjL2ZyZWU1NC9wYWdlXzEwODAwXzIuZ2lmIikgbm8tcmVwZWF0IGxlZnQgdG9wOwogdGV4dC1pbmRlbnQ6LTk5OTk7CiBkaXNwbGF5OiBibG9jazsKIHdpZHRoOiAzOTdweDsKIGhlaWdodDogMTU0cHg7CiBtYXJnaW46MTVweCAwOyB9Ci0tPgo8L3N0eWxlPgoKCgoKPCEtLeOCq+OCtOS4iuOBhOOBj+OCieOBp+mAgeaWmeeEoeaWmeODkOODiuODvOOBk+OBk+OBvuOBpy0tPgoKCjwhLS3jgqvjgrTkuIrjgYTjgY/jgonjgafpgIHmlpnnhKHmlpnjg5Djg4rjg7zjgZPjgZPjgb7jgactLT4KCjwhLS3ntI3mnJ/mg4XloLEtLT4KCjxzdHlsZSBUWVBFPSJ0ZXh0L2NzcyI+CjwhLS0KdGQuaW52ZW50b3J5IGZvbnR7Zm9udC1zaXplOjEwcHg7Y29sb3I6IzY2NjY2Njt9CgotLT4KPC9zdHlsZT4=,6ZW36LKh5biD44CQ6a6u44KE44GL44Gq6LWk44Gn44CB44GQ44Gj44Go6a2F5Yqb55qE44Gq5aWz5oCn44G444CC6auY57Sa44Od44OL44O844OY44Ki6ZW36LKh5biD44CR6LKh5biDIOOBiuiyoeW4gyDpnakg44Os44OH44Kj44O844K5IOWls+aApyDkurrmsJcg5Y+v5oSb44GEIOi1pCDjgq7jg5Xjg4gg44Os44OD44OJIOOCr+ODquOCueODnuOCuSDoqpXnlJ/ml6Ug5Lq65rCXIOODl+ODrOOCvOODs+ODiCsgKyBDQVJJTExPTiDvvZ7jg4njgqXjg7vjgqLjg6Hjg7zjg6vvvZ4g44Od44OL44O844OY44Ki6ZW36LKh5biD44CQ6YCB5paZ54Sh5paZ77yG44GC44GZ5qW95a++5b+c44CR77ya5Luj5a6Y5bGx44Kv44Ot44K344Kn44OD44OI,44OI44O844OI44OQ44OD44Kw6LKh5biDIOODrOODh+OCo+ODvOOCueOCt+ODp+ODq+ODgOODvOODkOODg+OCsOODleOCoeODvOODkOODg+OCsOiyoeW4g+OBiuiyoeW4g+ODneOCt+OCp+ODg+ODiOOCreODvOOCseODvOOCuemVt+iyoeW4gyDjg6zjg4fjgqPjg7zjgrnplbfosqHluIPjg6rjg6Xjg4Pjgq/osqHluIMg44Os44OH44Kj44O844K5IOS6uuawl+ODnOOCueODiOODs+ODkOODg+OCsCDml4XooYzou73ph4/jg6rjg6Xjg4Pjgq/jgYzjgb7lj6Mg44OQ44OD44Kw44Kt44Oj44Oq44O844OQ44OD44Kw6LKh5biDIOODrOODh+OCo+ODvOOCuSDplbfosqHluIPjgrfjg6fjg6vjg4Djg7wg44Od44K344Kn44OD44OI44Oq44Ol44OD44KvIOODrOODh+OCo+ODvOOCueacrOmdqSDjg6rjg6Xjg4Pjgq/plbfosqHluIPjgJDprq7jgoTjgYvjgarotaTjgafjgIHjgZDjgaPjgajprYXlipvnmoTjgarlpbPmgKfjgbjjgILpq5jntJrjg53jg4vjg7zjg5jjgqLplbfosqHluIPjgJHosqHluIMg44GK6LKh5biDIOmdqSDjg6zjg4fjgqPjg7zjgrkg5aWz5oCnIOS6uuawlyDlj6/mhJvjgYQg6LWkIOOCruODleODiCDjg6zjg4Pjg4kg44Kv44Oq44K544Oe44K5IOiqleeUn+aXpSDkurrmsJcg44OX44Os44K844Oz44OIKyArIENBUklMTE9OIO+9nuODieOCpeODu+OCouODoeODvOODq++9niDjg53jg4vjg7zjg5jjgqLplbfosqHluIPjgJDpgIHmlpnnhKHmlpnvvIbjgYLjgZnmpb3lr77lv5zjgJE=,6LKh5biDIOmVt+iyoeW4gyDjgYrosqHluIMg5aWz5oCnIOS6uuawlyDjg6zjgrbjg7wg6Z2pIOi1pCDjg6zjg4Pjg4kg5Y+v5oSb44GEIOOAgumVt+iyoeW4g+OAkOmuruOChOOBi+OBqui1pOOBp+OAgeOBkOOBo+OBqOmtheWKm+eahOOBquWls+aAp+OBuOOAgumrmOe0muODneODi+ODvOODmOOCoumVt+iyoeW4g+OAkeiyoeW4gyDjgYrosqHluIMg6Z2pIOODrOODh+OCo+ODvOOCuSDlpbPmgKcg5Lq65rCXIOWPr+aEm+OBhCDotaQg44Ku44OV44OIIOODrOODg+ODiSDjgq/jg6rjgrnjg57jgrkg6KqV55Sf5pelIOS6uuawlyDjg5fjg6zjgrzjg7Pjg4grICsgQ0FSSUxMT04g772e44OJ44Kl44O744Ki44Oh44O844Or772eIOODneODi+ODvOODmOOCoumVt+iyoeW4g+OAkOmAgeaWmeeEoeaWme+8huOBguOBmealveWvvuW/nOOAkQ==[rn]
39-76481,aHR0cDovL3RzaG9wLnIxMHMuanAvY2xvY2hldHRlL2NhYmluZXQvMDI2MTk4Mjgvc3AvcDM0NzAwMDRfbTEuanBnP2ZpdGluPTcwMDo3MDA=,MjgwMDAuMDAwMA==,,44OQ44OD44Kw44O75bCP54mp44O744OW44Op44Oz44OJ6ZuR6LKoID4g6LKh5biD44O744Kx44O844K5ID4g44Os44OH44Kj44O844K56LKh5biD,44CQ5q6L44KKMueCueOBp+eUn+eUo+e1guS6huOAkeiJtuOChOOBi+OBquiJsuW9qeOBjOi4iuOCi+alteS4iuOBruOCpOOCv+ODquOCouODs+ODrOOCtuODvOmVt+iyoeW4g+OAgumVt+iyoeW4gyDlpbPmgKcg44GL44KP44GE44GEIOS6uuawlyDlpKfkurrjgYvjgo/jgYTjgYQg6ZW36LKh5biDIOODlOODs+OCryDoqpXnlJ/ml6Ug6ZW36LKh5biDIOODmuOCpOOCuuODquODvCDplbfosqHluIMrICsgQ0FSSUxMT07jgIDvvZ7jg6njg7vjg6Hjg6vjg5njgqTjg6bvvZ4g44Kk44K/44Oq44Ki6KO944Ko44OK44Oh44Or44Os44K244O86ZW36LKh5biD44CQ6YCB5paZ54Sh5paZ77yG44GC44GZ5qW95a++5b+c44CR,6LKh5biDIOOBiuiyoeW4gyDlpbPmgKcg5Lq65rCXIOODl+ODrOOCvOODs+ODiCDjg5Tjg7Pjgq/jgJDpgIHmlpnnhKHmlpnjgJE=,PGJyPjxpZnJhbWUgc3JjPSJodHRwOi8vd3d3LnJha3V0ZW4ubmUuanAvZ29sZC9jbG9jaGV0dGUvY2FyaWxsb24vcDM0NzAwMDQuaHRtIndpZHRoPSI4NTAiIGhlaWdodD0iODYwMCIgc2Nyb2xsaW5nPSJubyIgZnJhbWVib3JkZXI9IjAiIGFsaWduPSJjZW50ZXIiPjwvaWZyYW1lPjx0YWJsZSBib3JkZXI9IjAiIGNlbGxzcGFjaW5nPSIwIiBjZWxscGFkZGluZz0iMiI+Cjx0ciB2YWxpZ249InRvcCI+Cjx0ZCBub3dyYXA+44Ku44OV44OI5a++5b+cPC90ZD4KPC90cj4KPC90YWJsZT4KCjxzdHlsZSB0eXBlPSJ0ZXh0L2NzcyI+CjwhLS0KLnN0eWxlMSB7Y29sb3I6ICM2NjY2NjZ9Ci5zdHlsZTQge2NvbG9yOiAjNjY2NjY2OyBmb250LXdlaWdodDogYm9sZDsgfQouc3R5bGU3IHsKY29sb3I6ICM5OTAwMDA7CmZvbnQtd2VpZ2h0OiBib2xkOwp9Ci0tPgo8L3N0eWxlPgo8YnI+CjxiciAvPgo8aW1nIHNyYz0iaHR0cDovL2ltYWdlLnJha3V0ZW4uY28uanAvY2xvY2hldHRlL2NhYmluZXQvMDI2MTk4MjgvMDI2MTk4MzAvaW1nNTg3ODQ3NTguanBnIiB3aWR0aD0iMzgwIiBoZWlnaHQ9IjEwMCIgYm9yZGVyPSIwIiAvPjxicj4KPGJyPgo8aW1nIHNyYz0iaHR0cDovL2ltYWdlLnJha3V0ZW4uY28uanAvY2xvY2hldHRlL2NhYmluZXQvMDI2MTk4MjgvMDI2MTk4MzAvaW1nNTg3ODYwNzkuanBnIiB3aWR0aD0iMzgwIiBoZWlnaHQ9IjUwIiBib3JkZXI9IjAiIC8+PGJyIC8+CjxiciAvPgo8dGFibGUgd2lkdGg9IjM4MCIgYm9yZGVyPSIwIiBjZWxscGFkZGluZz0iNSIgY2VsbHNwYWNpbmc9IjAiIGJvcmRlcmNvbG9yPSIjNjY2NjY2IiBzdHlsZT0iZm9udC1zaXplOjEycHg7Ij4KICAgIDx0ciBiZ2NvbG9yPSIjRjVERERDIj4gCiAgICAgIDx0ZCBjb2xzcGFuPSIyIiBhbGlnbj0iY2VudGVyIiBiZ2NvbG9yPSIjRjVEREM5IiBoZWlnaHQ9IjUwIj48c3BhbiBjbGFzcz0ic3R5bGUzIj7jgYrlsYrjgZHkuojlrprml6U8L3NwYW4+PHNwYW4gY2xhc3M9InN0eWxlMiI+PGZvbnQgc2l6ZT0iKzEiPuOAgO+8mjwvZm9udD48Zm9udCBzaXplPSIrMSI+PC9mb250Pjwvc3Bhbj48Yj48c3BhbiBjbGFzcz0ic3R5bGUyIj48Zm9udCBzaXplPSIrMSI+44CAPC9mb250Pjwvc3Bhbj48Zm9udCBjb2xvcj0iIzMzMzMzMyIgc2l6ZT0iKzEiPuOBguOBmealveWvvuW/nDwvZm9udD48L2I+PC90ZD4KICAgIDwvdHI+CiAgICA8dHIgYmdjb2xvcj0iI0ZGRkZGRiI+IAogICAgICA8dGQgY29sc3Bhbj0iMiIgYWxpZ249ImNlbnRlciI+PGZvbnQgc2l6ZT0iLTIiIGNvbG9yPSIjNjY2NjY2Ij7lhaXojbfnirbms4HjgavjgojjgaPjgabjgIHjgYrlsYrjgZHkuojlrprml6XjgYzliY3lvozjgZnjgovloLTlkIjjgYzjgYLjgorjgb7jgZnjgII8YnI+CiAgICAgICAg5q2j5byP44Gq44GK5bGK44GR5pel44GM5rG644G+44KK5qyh56ys44CB44Oh44O844Or44Gr44Gm44GU6YCj57Wh44GE44Gf44GX44G+44GZ44CCPC9mb250PjwvdGQ+CiAgICA8L3RyPgogIDwvdGFibGU+PGJyPgo8dGFibGUgd2lkdGg9IjM4MCIgYm9yZGVyPSIwIiBjZWxsc3BhY2luZz0iMCIgY2VsbHBhZGRpbmc9IjAiPgo8dHI+IAo8dGQgYmdjb2xvcj0iI0Y1RERDOSI+IAo8dGFibGUgd2lkdGg9IjM4MCIgYm9yZGVyPSIwIiBjZWxsc3BhY2luZz0iMSIgY2VsbHBhZGRpbmc9IjQiIHN0eWxlPSJmb250LXNpemU6MTJweDtjb2xvcjojNjY2NjY2O2xpbmUtaGVpZ2h0OjE4cHg7IiBib3JkZXJjb2xvcj0iIzY2NjY2NiI+Cjx0cj4gCjx0ZCB3aWR0aD0iMzAlIiBiZ2NvbG9yPSIjRkZGRkZGIj48Zm9udCBzaXplPSItMSI+Jm5ic3A7PC9mb250Pue0oOadkDwvdGQ+Cjx0ZCB3aWR0aD0iNzAlIiBiZ2NvbG9yPSIjRkZGRkZGIj4gCjxwPiDmnKzkvZPvvJrjgqTjgr/jg6rjgqLoo73jg6njg6Djg6zjgrbjg7zvvIjjg6njg6HnrpTjgIHjgqjjg4rjg6Hjg6vjgrPjg7zjg4bjgqPjg7PjgrDvvIk8YnIgLz4KPHNwYW4gY2xhc3M9InN0eWxlMSI+4oC7MeaemuOBlOOBqOOBq+aJi+S9nOalreOBp+e1teS7mOOBkeOBl+OBpuOBhOOCi+ODrOOCtuODvOOBruOBn+OCgeOAgeafhOOBruimi+OBiOaWueOBr+OBmeOBueOBpueVsOOBquOCiuOAgeeUu+WDj+OBruOCteODs+ODl+ODq+OBqOWujOWFqOOBq+WQjOOBmOOBruOCguOBruOBq+OBr+OBquOCiuOBvuOBm+OCk+OBk+OBqOOCkuOAgeS6iOOCgeOBlOS6huaJv+OBj+OBoOOBleOBhOOBvuOBm+OAgjxiciAvPgo8L3NwYW4+PHNwYW4gY2xhc3M9InN0eWxlMSI+4oC744GK5Y+X44GR5Y+W44KK5YmN44Gr44CB5byK56S+44Gr44Gm5ZWG5ZOB44KS44GU56K66KqN44GE44Gf44Gg44GP44GT44Go44KC5Y+v6IO944Gn44GZ44CCPC9zcGFuPjxzcGFuIGNsYXNzPSJzdHlsZTQiPjxiciAvPgroqbPjgZfjgY/jga/jgrPjg4Hjg6njgII8L3NwYW4+PGJyIC8+CuWGheijhe+8muOCueODhuOCouODrOOCtuODvOOAgeODrOODvOODqOODszxiciAvPgo8L3A+CjwvdGQ+CjwvdHI+Cjx0cj4gCjx0ZCBiZ2NvbG9yPSIjRkZGRkZGIj7jgrXjgqTjgro8L3RkPgo8dGQgYmdjb2xvcj0iI0ZGRkZGRiI+CjxwPue4pu+8mu+8iOe0hO+8iTkuNe+9g++9jTxiciAvPgrmqKrvvJrvvIjntITvvIkxOS41772D772NPGJyIC8+CuWOmuOBle+8mu+8iOe0hO+8ieacgOWkpzTvvYPvvY08L3A+CjwvdGQ+CjwvdHI+Cjx0cj4gCjx0ZCBiZ2NvbG9yPSIjRkZGRkZGIj48Zm9udCBzaXplPSItMSI+6YeN44GVPC9mb250PjwvdGQ+Cjx0ZCBiZ2NvbG9yPSIjRkZGRkZGIj4gCjxwPjE4NO+9hzwvcD4KPC90ZD4KPC90cj4KPHRyPiAKPHRkIGJnY29sb3I9IiNGRkZGRkYiPjxmb250IHNpemU9Ii0xIj7ku5Xmp5g8L2ZvbnQ+PC90ZD4KPHRkIGJnY29sb3I9IiNGRkZGRkYiPiAKPHA+IOOBiuacreWFpeOCjOODneOCseODg+ODiMOXMjxiciAvPgrlsI/piq3lhaXjgozDlzE8YnIgLz4K44Kr44O844OJ44Od44Kx44OD44OIw5cyNDxiciAvPgrjg5Xjg6rjg7zjg53jgrHjg4Pjg4jDlzM8YnIgLz4K44Ki44Km44OI44Od44Kx44OD44OIw5cxPC9wPgo8L3RkPgo8L3RyPgo8L3RhYmxlPgo8L3RkPgo8L3RyPgo8L3RhYmxlPgo8YnIgLz4KPHRhYmxlIHN0eWxlPSJGT05ULVNJWkU6IDEycHg7IExJTkUtSEVJR0hUOiAxMjAlIiBjZWxsc3BhY2luZz0wIGNlbGxwYWRkaW5nPTMgd2lkdGg9MzgwIGJvcmRlcj0wPgo8dGJvZHk+IAo8dHI+IAo8dGQgYmdjb2xvcj0jRjVEREM5PjxzcGFuIGNsYXNzPSJzdHlsZTEiPjxmb250IHNpemU9LTE+44GK5pSv5omV5pa55rOVIDwvZm9udD48L3NwYW4+PC90ZD4KPC90cj4KPHRyPiAKPHRkPjxmb250IGNvbG9yPSM1NTU1NTUgICAgICAgc2l6ZT0tMT7jg7vjgq/jg6zjgrjjg4Pjg4jjgqvjg7zjg4k8YnI+CuODu+S7o+mHkeW8leaPmzxicj4K44O76YO15L6/5oyv5pu/PGJyPgrjg7vpioDooYzmjK/ovrw8YnIgLz4K4oC76YqA6KGM5oyv6L6844CB6YO15L6/5oyv5pu/44KS44GU5biM5pyb44Gu5aC05ZCI44CB5ZWG5ZOB6KO95L2c5YmN44Gu44GU5YWl6YeR77yI5YWI5YWl6YeR77yJ44KS44GK6aGY44GE44GX44Gm44GE44G+44GZ44CC5L2V5Y2S44GU5LqG5om/44GP44Gg44GV44GE44CCPC9mb250PjwvdGQ+CjwvdHI+Cjx0cj4gCjx0ZCBiZ2NvbG9yPSNGNUREQzk+PHNwYW4gY2xhc3M9InN0eWxlMSI+PGZvbnQgc2l6ZT0tMT7pgIHmlpk8L2ZvbnQ+PC9zcGFuPjwvdGQ+CjwvdHI+Cjx0cj4gCjx0ZD48Zm9udCBzaXplPS0xPjxzcGFuIGNsYXNzPSJzdHlsZTciPuODrOODk+ODpeODvOOCkuOBiuabuOOBjeOBhOOBn+OBoOOBjeOBvuOBmeOBqOmAgeaWmeeEoeaWmeOBq+OBpuOBiumAgeOCiuOBhOOBn+OBl+OBvuOBmeOAgjwvc3Bhbj48L2ZvbnQ+PGZvbnQgY29sb3I9IzU1NTU1NSBzaXplPS0xPjxicj4K6YCa5bi46YWN6YCB77yU77yY77yQ5YaGKCAg4oC76Zui5bO244O75LiA6YOo5Zyw5Z+f44Gr44Gk44GE44Gm44Gv5Lit57aZ5omL5pWw5paZ5Yil6YCU77yY77yQ77yQ5YaG44GU6LKg5ouF44GE44Gf44Gg44GN44G+44GZ44CCICkgPC9mb250PjwvdGQ+CjwvdHI+Cjx0cj4gCjx0ZCBiZ2NvbG9yPSNGNUREQzkgY2xhc3M9InN0eWxlMSI+PGZvbnQgc2l6ZT0tMT7phY3pgIHmlrnms5U8L2ZvbnQ+PC90ZD4KPC90cj4KPHRyPiAKPHRkPjxmb250IGNvbG9yPSIjNTU1NTU1IiBzaXplPSItMSI+5L2Q5bed5oCl5L6/PC9mb250PjwvdGQ+CjwvdHI+CjwvdGJvZHk+IAo8L3RhYmxlPgo8YnIgLz4KPGltZyBzcmM9Imh0dHA6Ly9pbWFnZS5yYWt1dGVuLmNvLmpwL2Nsb2NoZXR0ZS9jYWJpbmV0LzAyNjE5ODI4LzAyNjE5ODMwL2ltZzU4Nzg2MDU1LmdpZiIgd2lkdGg9IjM4MCIgaGVpZ2h0PSIzNSI+IAo8dGFibGUgYm9yZGVyPSIwIiBjZWxscGFkZGluZz0iNSIgY2VsbHNwYWNpbmc9IjEiIHdpZHRoPSIzODAiIHN0eWxlPSJmb250LXNpemU6MTJweDtjb2xvcjojNjY2NjY2O2xpbmUtaGVpZ2h0OjE4cHg7Ij4KPHRyPiAKPHRkIHdpZHRoPSIzJSIgdmFsaWduPSJ0b3AiPjxiPjxmb250IGNvbG9yPSIjODI1RTNFIj7il4Y8L2ZvbnQ+PC9iPjwvdGQ+Cjx0ZCB3aWR0aD0iOTclIj7jgZPjgaHjgonjga7llYblk4Hjga/jgIHku6PlrpjlsbHjgq/jg63jgrfjgqfjg4Pjg4jjga7llYblk4Hjgajjga7lkIzmorHjga/jgafjgY3jgb7jgZvjgpPjgILjganjgYbjgZ7jgZTkuobmib/jgY/jgaDjgZXjgYTjgII8L3RkPgo8L3RyPgo8dHI+IAo8dGQgd2lkdGg9IjMlIiB2YWxpZ249InRvcCI+PGI+PGZvbnQgY29sb3I9IiM4MjVFM0UiPuKXhjwvZm9udD48L2I+PC90ZD4KPHRkIHdpZHRoPSI5NyUiPue0oOadkOOBr++8keOBpO+8keOBpOWOs+mBuOOBl+OAgeOAjOOBlOa6gOi2s+OBhOOBn+OBoOOBkeOCi+OAjeOBqOeiuuS/oeOBmeOCi+OCguOBruOCkuOBiuWHuuOBl+OBl+OBpuOBhOOBvuOBmeOBjOOAgeWkqeeEtuearumdqeOBq+OBr+OAgee0oOadkOacrOadpeOBjOaMgeOBpOW+rue0sOOBquOCreOCuuOBquOBqeOBjOOBpOOBhOOBpuOBhOOCi+WgtOWQiOOBjOOBlOOBluOBhOOBvuOBmeOAguS6iOOCgeOBlOS6huaJv+OBj+OBoOOBleOBhOOAgjwvdGQ+CjwvdHI+Cjx0cj4KPHRkIHZhbGlnbj0idG9wIj48Yj48Zm9udCBjb2xvcj0iIzgyNUUzRSI+4peGPC9mb250PjwvYj48L3RkPgo8dGQ+44Ko44OK44Oh44Or5Yqg5bel44Gv5rC044Gr5by344GE44Go44GV44KM44Gm44GE44G+44GZ44GM44CB5pys6Z2p44Gu44Gf44KB44CB5r+h44KM44Gf5aC05ZCI44Gq44Gp6ZW35pmC6ZaT5pS+572u44GX44G+44GZ44Go44CB44K344Of44Go44Gq44Gj44Gm5q6L44Gj44Gm44GX44G+44GG5aC05ZCI44KC44GU44GW44GE44G+44GZ44CC5r+h44KM44Gm44GX44G+44Gj44Gf5aC05ZCI44Gv44CB5p+U44KJ44GL44GE5biD44Gn5pep44GE44GG44Gh44Gr5rC05YiG44KS5out44GN5Y+W44Gj44Gm44GP44Gg44GV44GE44CCICA8L3RkPgo8L3RyPgo8dHI+IAo8dGQgd2lkdGg9IjMlIiB2YWxpZ249InRvcCI+PGI+PGZvbnQgY29sb3I9IiM4MjVFM0UiPuKXhjwvZm9udD48L2I+PC90ZD4KPHRkIHdpZHRoPSI5NyUiPuaSruW9seOBr+Wun+eJqeOBq+i/keOBj+OBquOCi+OCiOOBhuacgOWkp+mZkOOBq+eVmeaEj+OBl+OBpuihjOOBo+OBpuOBhOOBvuOBmeOBjOOAgeOBiuS9v+OBhOOBruODouODi+OCv+OBq+OCiOOBo+OBpuOCguiJsuOBr+eVsOOBquOCi+OBn+OCgeOAgeeUu+WDj+OBqOWun+eJqeOBruWNsOixoeOBjOeVsOOBquOCi+WgtOWQiOOCguOBlOOBluOBhOOBvuOBmeOBruOBp+S6iOOCgeOBlOS6huaJv+OBj+OBoOOBleOBhOOAguOBiuWPl+OBkeWPluOCiuWJjeOBq+Wun+eJqeOCkuOBlOimp+OBq+OBquOCiuOBn+OBhOWgtOWQiOOBq+OBrzxmb250IGNvbG9yPSIjNjY2NjY2Ij7jg6Hjg7zjg6s8L2ZvbnQ+44Gr44Gm44GU55u46KuH44GP44Gg44GV44GE44CCPC90ZD4KPC90cj4KPC90YWJsZT48IS0t44Oa44O844K45qiq44Gu6L+96ZqP44OQ44OK44O844GT44GT44GL44KJLS0+Cgo8c3R5bGUgdHlwZT0idGV4dC9jc3MiPgo8IS0tCgojcmFrdXRlbkxpbWl0ZWRJZF9hcm91bmRDYXJ0IHNwYW4uY2hvaWNlICsgc2VsZWN0IHsKICAgIGRpc3BsYXk6IGJsb2NrICFpbXBvcnRhbnQ7CiAgICBwYWRkaW5nOiA4cHg7CiAgICBtYXJnaW4tYm90dG9tOiAycHg7CiAgICBib3JkZXItcmFkaXVzOiAycHg7ICAgCn0KCiNyYWt1dGVuTGltaXRlZElkX2Fyb3VuZENhcnQgc3Bhbi5jaG9pY2UgewogICAgZGlzcGxheTogaW5saW5lLWJsb2NrOwogICAgcG9zaXRpb246cmVsYXRpdmU7CiAgICBwYWRkaW5nOiA4cHg7CiAgICBtYXJnaW4tYm90dG9tOiA4cHg7CiAgICBiYWNrZ3JvdW5kOiAjZWVlOyAvKuWQueOBjeWHuuOBl+OBruiDjOaZr+iJsiAqLwogICAgYm9yZGVyLXJhZGl1czogMnB4Owp9CiNyYWt1dGVuTGltaXRlZElkX2Fyb3VuZENhcnQgc3Bhbi5jaG9pY2U6YWZ0ZXIgewogICAgY29udGVudDogIiI7CiAgICBwb3NpdGlvbjogYWJzb2x1dGU7CiAgICBib3R0b206IC04cHg7CiAgICBsZWZ0OiAyNHB4OwogICAgbWFyZ2luLWxlZnQ6IC04cHg7CiAgICBkaXNwbGF5OiBibG9jazsKICAgIHdpZHRoOiAwcHg7CiAgICBoZWlnaHQ6IDBweDsKICAgIGJvcmRlci1zdHlsZTogc29saWQ7CiAgICBib3JkZXItd2lkdGg6IDhweCA4cHggMCA4cHg7CiAgICBib3JkZXItY29sb3I6ICNlZWUgdHJhbnNwYXJlbnQgdHJhbnNwYXJlbnQgdHJhbnNwYXJlbnQ7Cn0KLS0+Cjwvc3R5bGU+CgoKPHN0eWxlIHR5cGU9InRleHQvY3NzIj4KPCEtLQoKLml0ZW1fbmFtZSB7CmRpc3BsYXk6YmxvY2s7Cm1hcmdpbi1ib3R0b206MTVweDsKfQoKLmNhdGNoX2NvcHkgewpkaXNwbGF5OmJsb2NrOwptYXJnaW4tYm90dG9tOjE1cHg7Cn0KCi0tPgo8L3N0eWxlPgoKCjxzdHlsZSB0eXBlPSJ0ZXh0L2NzcyI+CjwhLS0KYSNyY19yaWdodEFyZWEgewogd2lkdGg6IDM3OHB4OyAvKueUu+WDj+OBruWFqOS9k+W5hSovCiBwb3NpdGlvbjogZml4ZWQ7CiB0b3A6IDEwMHB4OwogcmlnaHQ6IC0zMDVweDsgLyrjg57jgqbjgrnjgpLkuZfjgZvjgZ/mmYLjgavlh7rjgabjgY/jgovluYUqLwogZGlzcGxheTogaW5saW5lLWJsb2NrOwogdHJhbnNpdGlvbjogYWxsIC4ycyBlYXNlOwogei1pbmRleDogOTk5OTsKfQphI3JjX3JpZ2h0QXJlYTpob3ZlcnsKIHJpZ2h0OiAwOwp9Ci0tPgo8L3N0eWxlPgoKPHN0eWxlIHR5cGU9InRleHQvY3NzIj4KPCEtLQphI3JjX3JpZ2h0QXJlYTIgewogd2lkdGg6IDM3OHB4OyAvKueUu+WDj+OBruWFqOS9k+W5hSovCiBwb3NpdGlvbjogZml4ZWQ7CiB0b3A6IDUwMHB4OwogcmlnaHQ6IC0zMDVweDsgLyrjg57jgqbjgrnjgpLkuZfjgZvjgZ/mmYLjgavlh7rjgabjgY/jgovluYUqLwogZGlzcGxheTogaW5saW5lLWJsb2NrOwogdHJhbnNpdGlvbjogYWxsIC4ycyBlYXNlOwogei1pbmRleDogOTk5OTsKfQphI3JjX3JpZ2h0QXJlYTI6aG92ZXJ7CiByaWdodDogMDsKfQotLT4KPC9zdHlsZT4KCgoKPGltZyBzcmM9Imh0dHBzOi8vaW1hZ2UucmFrdXRlbi5jby5qcC9jbG9jaGV0dGUvY2FiaW5ldC90b3BwYWdlL2ltZ3JjMDA3MjMyMjQyMS5qcGciIC8+Cjxicj4KPCEtLQogPGltZyBzcmM9Imh0dHA6Ly9pbWFnZS5yYWt1dGVuLmNvLmpwL2Nsb2NoZXR0ZS9jYWJpbmV0L3RvcHBhZ2UvaW1ncmMwMDY5MDIzODA1LmpwZyIgLz4gLS0+IAoKCjwhLS3jg5rjg7zjgrjmqKrjga7ov73pmo/jg5Djg4rjg7zjgZPjgZPjgb7jgactLT4KCgoKCjwhLS3jgqvjgrTkuIrjgYTjgY/jgonjgafpgIHmlpnnhKHmlpnjg5Djg4rjg7zjgZPjgZPjgYvjgoktLT4KCgoKPHN0eWxlIHR5cGU9InRleHQvY3NzIj4KPCEtLQpzcGFuLnVuaXQgewogYmFja2dyb3VuZDogdXJsKCJodHRwOi8vaW1hZ2UucmFrdXRlbi5jby5qcC9jbG9jaGV0dGUvY2FiaW5ldC9raWtha3VwYy9mcmVlNTQvcGFnZV8xMDgwMF8yLmdpZiIpIG5vLXJlcGVhdCBsZWZ0IHRvcDsKIHRleHQtaW5kZW50Oi05OTk5OwogZGlzcGxheTogYmxvY2s7CiB3aWR0aDogMzk3cHg7CiBoZWlnaHQ6IDE1NHB4OwogbWFyZ2luOjE1cHggMDsgfQotLT4KPC9zdHlsZT4KCgoKCjwhLS3jgqvjgrTkuIrjgYTjgY/jgonjgafpgIHmlpnnhKHmlpnjg5Djg4rjg7zjgZPjgZPjgb7jgactLT4KCgo8IS0t44Kr44K05LiK44GE44GP44KJ44Gn6YCB5paZ54Sh5paZ44OQ44OK44O844GT44GT44G+44GnLS0+Cgo8IS0t57SN5pyf5oOF5aCxLS0+Cgo8c3R5bGUgVFlQRT0idGV4dC9jc3MiPgo8IS0tCnRkLmludmVudG9yeSBmb250e2ZvbnQtc2l6ZToxMHB4O2NvbG9yOiM2NjY2NjY7fQoKLS0+Cjwvc3R5bGU+,44CQ5q6L44KKMueCueOBp+eUn+eUo+e1guS6huOAkeiJtuOChOOBi+OBquiJsuW9qeOBjOi4iuOCi+alteS4iuOBruOCpOOCv+ODquOCouODs+ODrOOCtuODvOmVt+iyoeW4g+OAgumVt+iyoeW4gyDlpbPmgKcg44GL44KP44GE44GEIOS6uuawlyDlpKfkurrjgYvjgo/jgYTjgYQg6ZW36LKh5biDIOODlOODs+OCryDoqpXnlJ/ml6Ug6ZW36LKh5biDIOODmuOCpOOCuuODquODvCDplbfosqHluIMrICsgQ0FSSUxMT07jgIDvvZ7jg6njg7vjg6Hjg6vjg5njgqTjg6bvvZ4g44Kk44K/44Oq44Ki6KO944Ko44OK44Oh44Or44Os44K244O86ZW36LKh5biD44CQ6YCB5paZ54Sh5paZ77yG44GC44GZ5qW95a++5b+c44CR77ya5Luj5a6Y5bGx44Kv44Ot44K344Kn44OD44OI,44OI44O844OI44OQ44OD44Kw6LKh5biDIOODrOODh+OCo+ODvOOCueOCt+ODp+ODq+ODgOODvOODkOODg+OCsOODleOCoeODvOODkOODg+OCsOiyoeW4g+OBiuiyoeW4g+ODneOCt+OCp+ODg+ODiOOCreODvOOCseODvOOCuemVt+iyoeW4gyDjg6zjg4fjgqPjg7zjgrnplbfosqHluIPjg6rjg6Xjg4Pjgq/osqHluIMg44Os44OH44Kj44O844K5IOS6uuawl+ODnOOCueODiOODs+ODkOODg+OCsCDml4XooYzou73ph4/jg6rjg6Xjg4Pjgq/jgYzjgb7lj6Mg44OQ44OD44Kw44Kt44Oj44Oq44O844OQ44OD44Kw6LKh5biDIOODrOODh+OCo+ODvOOCuSDplbfosqHluIPjgrfjg6fjg6vjg4Djg7wg44Od44K344Kn44OD44OI44Oq44Ol44OD44KvIOODrOODh+OCo+ODvOOCueacrOmdqSDjg6rjg6Xjg4Pjgq/jgJDmrovjgooy54K544Gn55Sf55Sj57WC5LqG44CR6Im244KE44GL44Gq6Imy5b2p44GM6LiK44KL5qW15LiK44Gu44Kk44K/44Oq44Ki44Oz44Os44K244O86ZW36LKh5biD44CC6ZW36LKh5biDIOWls+aApyDjgYvjgo/jgYTjgYQg5Lq65rCXIOWkp+S6uuOBi+OCj+OBhOOBhCDplbfosqHluIMg44OU44Oz44KvIOiqleeUn+aXpSDplbfosqHluIMg44Oa44Kk44K644Oq44O8IOmVt+iyoeW4gysgKyBDQVJJTExPTuOAgO+9nuODqeODu+ODoeODq+ODmeOCpOODpu+9niDjgqTjgr/jg6rjgqLoo73jgqjjg4rjg6Hjg6vjg6zjgrbjg7zplbfosqHluIPjgJDpgIHmlpnnhKHmlpnvvIbjgYLjgZnmpb3lr77lv5zjgJE=,6LKh5biDIOOBiuiyoeW4gyDlpbPmgKcg5Lq65rCXIOODl+ODrOOCvOODs+ODiCDjg5Tjg7Pjgq/jgJDpgIHmlpnnhKHmlpnjgJHjgILjgJDmrovjgooy54K544Gn55Sf55Sj57WC5LqG44CR6Im244KE44GL44Gq6Imy5b2p44GM6LiK44KL5qW15LiK44Gu44Kk44K/44Oq44Ki44Oz44Os44K244O86ZW36LKh5biD44CC6ZW36LKh5biDIOWls+aApyDjgYvjgo/jgYTjgYQg5Lq65rCXIOWkp+S6uuOBi+OCj+OBhOOBhCDplbfosqHluIMg44OU44Oz44KvIOiqleeUn+aXpSDplbfosqHluIMg44Oa44Kk44K644Oq44O8IOmVt+iyoeW4gysgKyBDQVJJTExPTuOAgO+9nuODqeODu+ODoeODq+ODmeOCpOODpu+9niDjgqTjgr/jg6rjgqLoo73jgqjjg4rjg6Hjg6vjg6zjgrbjg7zplbfosqHluIPjgJDpgIHmlpnnhKHmlpnvvIbjgYLjgZnmpb3lr77lv5zjgJE=[rn]
39-76482,aHR0cDovL3RzaG9wLnIxMHMuanAvY2xvY2hldHRlL2NhYmluZXQvc21hcGhvL3NtYXJ0cGhvbmUvcDIwMTE2NDJfNzAwLmpwZz9maXRpbj03MDA6NzAw,ODY0MC4wMDAw,,44OQ44OD44Kw44O75bCP54mp44O744OW44Op44Oz44OJ6ZuR6LKoID4g6LKh5biD44O744Kx44O844K5ID4g44Os44OH44Kj44O844K56LKh5biD,44CQNuS4h+WAi+WujOWjsu+8geOCueODnuODm+OCguWFpeOCi+KYheOBjOOBvuWPo+mVt+iyoeW4g+OAkeODrOODh+OCo+ODvOOCuSDosqHluIMg44GM44G+5Y+jIOmVt+iyoeW4gyDjg5Tjg7Pjgq8g44GM44G+5Y+j5LuY44GNIOmiqOawtCDpnakg44K544Oe44ObIOODrOOCtuODvCDkurrmsJcg5pC65bivIOWkmuapn+iDvSDjgYvjgo/jgYTjgYQg5aSn5a656YePIOOBjOOBvuWPoyDjgq/jg6rjgrnjg57jgrkg5bCP6Yqt5YWl44KMIOWls+aApyDkvb/jgYTjgoTjgZnjgYQg6Lu944GEIOahnCDjgrfjg6Pjg6vjg63jg4Pjg4jjg7vjg5zjg4zjg7zjg6vjgJDjgYLjgZnmpb3lr77lv5zjgJE=,44K544Oe44Ob44KC5YWl44KL4piF44Os44OH44Kj44O844K5IOOBjOOBvuWPo+mVt+iyoeW4gw==,PHN0eWxlIHR5cGU9InRleHQvY3NzIj4KaDEgewpwYWRkaW5nOiAuNWVtIC41ZW07CmNvbG9yOiAjMDAwMDAwOwpiYWNrZ3JvdW5kLWNvbG9yOiAjRjVERURFOwpmb250LXNpemU6MTZweDsKZm9udC1mYW1pbHk6R2VvcmdpYSxBcmlhbCwgUm9ib3RvLCDigJxEcm9pZCBTYW5z4oCdLCDigJzmuLjjgrTjgrfjg4Pjgq/igJ0sIFl1R290aGljLOKAnOODkuODqeOCruODjuinkuOCtCBQcm9OIFcz4oCzLOKAnEhpcmFnaW5vIEtha3UgR290aGljIFByb07igJ0sIOKAnOODoeOCpOODquOCquKAnSxNZWlyeW8sIHNhbnMtc2VyaWY7Cn0KCjwvc3R5bGU+Cgo8ZGl2IGFsaWduPSJjZW50ZXIiPiAKICA8cD48Yj48Zm9udCBjb2xvcj0iI0FFNzYwMCIgc2l6ZT0iLTEiPuW9k+W6l+OCquODquOCuOODiuODq+KYheOCt+ODo+ODq+ODreODg+ODiOOCt+ODquODvOOCuuacgOaWsOS9nDxicj4KICAgIOOCueODnuODm+OCguWFpeOCi++8geOBjOOBvuWPo+mVt+iyoeW4gzxiciAvPgogICAgPGJyPgogICAg44K344Oj44Or44Ot44OD44OI44O744Oc44OM44O844Or772eQ2hhcmxvdHRlIGJvbmhldXLvvZ48L2ZvbnQ+PC9iPjxicj4KICAgIDxiciAvPgogICAgPGltZyBzcmM9Imh0dHA6Ly9pbWFnZS5yYWt1dGVuLmNvLmpwL2Nsb2NoZXR0ZS9jYWJpbmV0LzIwMTZzcy9wMjAxMTY0Ml8xLmpwZyIgd2lkdGg9IjcwMCIgaGVpZ2h0PSI1OTQiIGJvcmRlcj0iMCI+PGJyPgogICAgPGltZyBzcmM9Imh0dHA6Ly9pbWFnZS5yYWt1dGVuLmNvLmpwL2Nsb2NoZXR0ZS9jYWJpbmV0LzIwMTZzcy9wMjAxMTY0Ml8yLmpwZyIgd2lkdGg9IjcwMCIgaGVpZ2h0PSI5NCIgYm9yZGVyPSIwIj4gICAgPGJyPgogICAgPGltZyBzcmM9Imh0dHA6Ly9pbWFnZS5yYWt1dGVuLmNvLmpwL2Nsb2NoZXR0ZS9jYWJpbmV0LzIwMTZzcy9wMjAxMTY0Ml8zLmpwZyIgd2lkdGg9IjcwMCIgaGVpZ2h0PSI5MSIgYm9yZGVyPSIwIj4gICAgPGJyPgogICAgPGJyPgo8YnI+CiAgICA8aW1nIHNyYz0iaHR0cDovL2ltYWdlLnJha3V0ZW4uY28uanAvY2xvY2hldHRlL2NhYmluZXQvMjAxNnNzL3AyMDExNjQyXzQuanBnIiB3aWR0aD0iNzAwIiBoZWlnaHQ9IjE4MSIgYm9yZGVyPSIwIj4gICAgPGJyIC8+CiAgICA8YnI+CiAgICA8YnIgLz4KICAgIDxpbWcgc3JjPSJodHRwOi8vaW1hZ2UucmFrdXRlbi5jby5qcC9jbG9jaGV0dGUvY2FiaW5ldC8yMDE2c3MvcDIwMTE2NDJfNS5qcGciIHdpZHRoPSI3MDAiIGhlaWdodD0iNTU5IiBib3JkZXI9IjAiPjxicj4KICAgIDxpbWcgc3JjPSJodHRwOi8vaW1hZ2UucmFrdXRlbi5jby5qcC9jbG9jaGV0dGUvY2FiaW5ldC8yMDE2c3MvaW1ncmMwMDY5ODQ5MjkwLmpwZyIgd2lkdGg9IjcwMCIgaGVpZ2h0PSI1ODUiIGJvcmRlcj0iMCI+PGJyPgogICAgPGltZyBzcmM9Imh0dHA6Ly9pbWFnZS5yYWt1dGVuLmNvLmpwL2Nsb2NoZXR0ZS9jYWJpbmV0LzIwMTZzcy9wMjAxMTY0Ml83LmpwZyIgd2lkdGg9IjcwMCIgaGVpZ2h0PSI4OCIgYm9yZGVyPSIwIj48YnIgLz4KICAgIDxpbWcgc3JjPSJodHRwOi8vaW1hZ2UucmFrdXRlbi5jby5qcC9jbG9jaGV0dGUvY2FiaW5ldC8yMDE2c3MvcDIwMTE2NDJfOC5qcGciIHdpZHRoPSI3MDAiIGhlaWdodD0iNTYxIiBib3JkZXI9IjAiPjxicj4KICAgIDxpbWcgc3JjPSJodHRwOi8vaW1hZ2UucmFrdXRlbi5jby5qcC9jbG9jaGV0dGUvY2FiaW5ldC8yMDE2c3MvcDIwMTE2NDJfOS5qcGciIHdpZHRoPSI3MDAiIGhlaWdodD0iMTAxIiBib3JkZXI9IjAiPjxicj4KICAgIDxpbWcgc3JjPSJodHRwOi8vaW1hZ2UucmFrdXRlbi5jby5qcC9jbG9jaGV0dGUvY2FiaW5ldC8yMDE2c3MvcDIwMTE2NDJfMTAuanBnIiB3aWR0aD0iNzAwIiBoZWlnaHQ9IjU0MyIgYm9yZGVyPSIwIj48YnI+CiAgICA8aW1nIHNyYz0iaHR0cDovL2ltYWdlLnJha3V0ZW4uY28uanAvY2xvY2hldHRlL2NhYmluZXQvMjAxNnNzL3AyMDExNjQyXzExLmpwZyIgd2lkdGg9IjcwMCIgaGVpZ2h0PSIxMDQiIGJvcmRlcj0iMCI+PGJyPgogICAgPGltZyBzcmM9Imh0dHA6Ly9pbWFnZS5yYWt1dGVuLmNvLmpwL2Nsb2NoZXR0ZS9jYWJpbmV0LzIwMTZzcy9wMjAxMTY0Ml8xMi5qcGciIHdpZHRoPSI3MDAiIGhlaWdodD0iNjA5IiBib3JkZXI9IjAiPjxicj4KICAgIDxpbWcgc3JjPSJodHRwOi8vaW1hZ2UucmFrdXRlbi5jby5qcC9jbG9jaGV0dGUvY2FiaW5ldC8yMDE2c3MvcDIwMTE2NDJfMTMuanBnIiB3aWR0aD0iNzAwIiBoZWlnaHQ9IjExODAiIGJvcmRlcj0iMCI+PGJyPgogICAgPGltZyBzcmM9Imh0dHA6Ly9pbWFnZS5yYWt1dGVuLmNvLmpwL2Nsb2NoZXR0ZS9jYWJpbmV0LzIwMTZzcy9wMjAxMTY0Ml8xNC5qcGciIHdpZHRoPSI3MDAiIGhlaWdodD0iMzU5IiBib3JkZXI9IjAiPjxicj4KICAgIDxpbWcgc3JjPSJodHRwOi8vaW1hZ2UucmFrdXRlbi5jby5qcC9jbG9jaGV0dGUvY2FiaW5ldC8yMDE2c3MvcDIwMTE2NDJfMzYuanBnIiB3aWR0aD0iNzAwIiBoZWlnaHQ9IjM0NiIgYm9yZGVyPSIwIj48YnI+CiAgICA8YnI+CiAgIAogICAgPGltZyBzcmM9Imh0dHA6Ly9pbWFnZS5yYWt1dGVuLmNvLmpwL2Nsb2NoZXR0ZS9jYWJpbmV0LzIwMTZzcy9wMjAxMTY0Ml8xNi5qcGciIHdpZHRoPSI3MDAiIGhlaWdodD0iODEiPiAgICA8YnI+CiAgPHRhYmxlIHdpZHRoPSI3MDAiPgogICAgPHRyPgogICAgICAgIDx0ZD48aW1nIHNyYz0iaHR0cDovL2ltYWdlLnJha3V0ZW4uY28uanAvY2xvY2hldHRlL2NhYmluZXQvMjAxNnNzL3AyMDExNjQyXzE3LmpwZyIgd2lkdGg9IjcwMCIgYm9yZGVyPSIwIj48L3RkPgogICAgICA8L3RyPgogICAgICA8dHI+CiAgICAgICAgPHRkPjxoMT7nmb7lkIggfllVUkl+PC9oMT48L3RkPgogICAgICA8L3RyPgogICAgPC90YWJsZT4KICAgIDxiciAvPgogICAgPGJyIC8+CiAgICA8dGFibGUgd2lkdGg9IjcwMCI+CiAgICAgIDx0cj4KICAgICAgICA8dGQ+PGltZyBzcmM9Imh0dHA6Ly9pbWFnZS5yYWt1dGVuLmNvLmpwL2Nsb2NoZXR0ZS9jYWJpbmV0LzIwMTZzcy9wMjAxMTY0Ml8xOC5qcGciIHdpZHRoPSI3MDAiPjwvdGQ+CiAgICAgIDwvdHI+CiAgICAgIDx0cj4KICAgICAgICA8dGQ+PGgxPuahnCB+U0FLVVJBfjwvaDE+PC90ZD4KICAgICAgPC90cj4KICAgIDwvdGFibGU+CiAgICA8YnIgLz4KICAgIDxiciAvPgogICAgPHRhYmxlIHdpZHRoPSI3MDAiPgogICAgICA8dHI+CiAgICAgICAgPHRkPjxpbWcgc3JjPSJodHRwOi8vaW1hZ2UucmFrdXRlbi5jby5qcC9jbG9jaGV0dGUvY2FiaW5ldC8yMDE2c3MvcDIwMTE2NDJfMTkuanBnIiB3aWR0aD0iNzAwIiAvPjwvdGQ+CiAgICAgIDwvdHI+CiAgICAgIDx0cj4KICAgICAgICA8dGQ+PGgxPuODn+ODouOCtiB+TUlNT1pBfjwvaDE+PC90ZD4KICAgICAgPC90cj4KICAgIDwvdGFibGU+CiAgICA8YnIgLz4KICAgIDx0YWJsZSB3aWR0aD0iNzAwIj4KICAgICAgPHRyPgogICAgICAgIDx0ZD48aW1nIHNyYz0iaHR0cDovL2ltYWdlLnJha3V0ZW4uY28uanAvY2xvY2hldHRlL2NhYmluZXQvMjAxNnNzL3AyMDExNjQyXzIwLmpwZyIgd2lkdGg9IjcwMCIgLz48L3RkPgogICAgICA8L3RyPgogICAgICA8dHI+CiAgICAgICAgPHRkPjxoMT7jg4/jg4rjg5/jgrrjgq0gfkhBTkFNSVpVS0l+PC9oMT48L3RkPgogICAgICA8L3RyPgogICAgPC90YWJsZT4KICAgIDx0YWJsZSB3aWR0aD0iNzAwIj4KICAgICAgPHRyPgogICAgICAgIDx0ZD48aW1nIHNyYz0iaHR0cDovL2ltYWdlLnJha3V0ZW4uY28uanAvY2xvY2hldHRlL2NhYmluZXQvMjAxNnNzL3AyMDExNjQyXzIxLmpwZyIgd2lkdGg9IjcwMCIgLz48L3RkPgogICAgICA8L3RyPgogICAgICA8dHI+CiAgICAgICAgPHRkPjxoMT7jgYTjgaHjgZQgfklDSElHT348L2gxPjwvdGQ+CiAgICAgIDwvdHI+CiAgICA8L3RhYmxlPgogICAgPHRhYmxlIHdpZHRoPSI3MDAiPgogICAgICA8dHI+CiAgICAgICAgPHRkPjxpbWcgc3JjPSJodHRwOi8vaW1hZ2UucmFrdXRlbi5jby5qcC9jbG9jaGV0dGUvY2FiaW5ldC8yMDE2c3MvcDIwMTE2NDJfMjIuanBnIiB3aWR0aD0iNzAwIiAvPjwvdGQ+CiAgICAgIDwvdHI+CiAgICAgIDx0cj4KICAgICAgICA8dGQ+PGgxPuahnOODluODvOOCsX5TQUtVUkEgQk9VUVVFVH48L2gxPjwvdGQ+CiAgICAgIDwvdHI+CiAgICA8L3RhYmxlPgogICAgPGJyIC8+IDx0YWJsZSB3aWR0aD0iNzAwIj4KICAgICAgPHRyPgogICAgICAgIDx0ZD48aW1nIHNyYz0iaHR0cDovL2ltYWdlLnJha3V0ZW4uY28uanAvY2xvY2hldHRlL2NhYmluZXQvMjAxN3NzL3AyMDExNjQyXzM3LmpwZyIgd2lkdGg9IjcwMCIgLz48L3RkPgogICAgICA8L3RyPgogICAgICA8dHI+CiAgICAgICAgPHRkPjxoMT7jg63jg7zjgrrjg5bjg7zjgrF+Uk9TRSBCT1VRVUVUfjwvaDE+PC90ZD4KICAgICAgPC90cj4KICAgIDwvdGFibGU+PGJyPgogPHRhYmxlIHdpZHRoPSI3MDAiPgogICAgICA8dHI+CiAgICAgICAgPHRkPjxpbWcgc3JjPSJodHRwOi8vaW1hZ2UucmFrdXRlbi5jby5qcC9jbG9jaGV0dGUvY2FiaW5ldC8yMDE3c3MvcDIwMTE2NDJfMzYuanBnIiB3aWR0aD0iNzAwIiAvPjwvdGQ+CiAgICAgIDwvdHI+CiAgICAgIDx0cj4KICAgICAgICA8dGQ+PGgxPuODnuODq+ODgeODgeOCp+ODquODvH5NdWx0aSBDaGVycnl+PC9oMT48L3RkPgogICAgICA8L3RyPgogICAgPC90YWJsZT4KICA8aW1nIHNyYz0iaHR0cDovL2ltYWdlLnJha3V0ZW4uY28uanAvY2xvY2hldHRlL2NhYmluZXQvMjAxNnNzL3AyMDExNjQyXzIzLmpwZyIgd2lkdGg9IjcwMCIgaGVpZ2h0PSI2NiI+PGJyPgogIDxpbWcgc3JjPSJodHRwOi8vaW1hZ2UucmFrdXRlbi5jby5qcC9jbG9jaGV0dGUvY2FiaW5ldC8yMDE2c3MvcDIwMTE2NDJfMjQuanBnIiB3aWR0aD0iNzAwIiBoZWlnaHQ9IjM5MCIgYm9yZGVyPSIwIj48YnI+CiAgPGltZyBzcmM9Imh0dHA6Ly9pbWFnZS5yYWt1dGVuLmNvLmpwL2Nsb2NoZXR0ZS9jYWJpbmV0LzIwMTZzcy9wMjAxMTY0Ml8yNS5qcGciIHdpZHRoPSI3MDAiIGhlaWdodD0iNjQwIiBib3JkZXI9IjAiPjxicj4KICA8aW1nIHNyYz0iaHR0cDovL2ltYWdlLnJha3V0ZW4uY28uanAvY2xvY2hldHRlL2NhYmluZXQvMjAxNnNzL3AyMDExNjQyXzI2LmpwZyIgd2lkdGg9IjcwMCIgaGVpZ2h0PSI2OTUiIGJvcmRlcj0iMCI+PGJyIC8+CiAgCiAgPGltZyBzcmM9Imh0dHA6Ly9pbWFnZS5yYWt1dGVuLmNvLmpwL2Nsb2NoZXR0ZS9jYWJpbmV0LzIwMTZzcy9wMjAxMTY0Ml8yNy5qcGciIHdpZHRoPSI3MDAiIGhlaWdodD0iODYyIiBib3JkZXI9IjAiIHVzZW1hcD0iI01hcCI+CiAgPG1hcCBuYW1lPSJNYXAiPgogICAgPGFyZWEgc2hhcGU9InJlY3QiIGNvb3Jkcz0iMTQsMTI1LDM0NSw0ODkiIGhyZWY9Imh0dHA6Ly9pbWFnZS5yYWt1dGVuLmNvLmpwL2Nsb2NoZXR0ZS9jYWJpbmV0LzIwMTZzcy9wMjAxMTY0Ml8zMy5qcGciIHRhcmdldD0iX2JsYW5rIj4KICAgIDxhcmVhIHNoYXBlPSJyZWN0IiBjb29yZHM9IjM1MCwxMjMsNjk2LDQ5MyIgaHJlZj0iaHR0cDovL2ltYWdlLnJha3V0ZW4uY28uanAvY2xvY2hldHRlL2NhYmluZXQvMjAxNnNzL3AyMDExNjQyXzM0LmpwZyIgdGFyZ2V0PSJfYmxhbmsiPgogICAgPGFyZWEgc2hhcGU9InJlY3QiIGNvb3Jkcz0iMTQsNDk5LDM1Myw4NTYiIGhyZWY9Imh0dHA6Ly9pbWFnZS5yYWt1dGVuLmNvLmpwL2Nsb2NoZXR0ZS9jYWJpbmV0LzIwMTZzcy9wMjAxMTY0Ml8zMS5qcGciIHRhcmdldD0iX2JsYW5rIj4KICAgIDxhcmVhIHNoYXBlPSJyZWN0IiBjb29yZHM9IjM2Miw0OTksNjkzLDg1NiIgaHJlZj0iaHR0cDovL2ltYWdlLnJha3V0ZW4uY28uanAvY2xvY2hldHRlL2NhYmluZXQvMjAxNnNzL3AyMDExNjQyXzM1LmpwZyIgdGFyZ2V0PSJfYmxhbmsiPgogIDwvbWFwPgogIDxicj4KICA8aW1nIHNyYz0iaHR0cDovL2ltYWdlLnJha3V0ZW4uY28uanAvY2xvY2hldHRlL2NhYmluZXQvMjAxNnNzL3AyMDExNjQyXzI4LmpwZyIgd2lkdGg9IjcwMCIgaGVpZ2h0PSI0MTUiIGJvcmRlcj0iMCIgdXNlbWFwPSIjTWFwMiI+CiAgPG1hcCBuYW1lPSJNYXAyIj4KICAgIDxhcmVhIHNoYXBlPSJyZWN0IiBjb29yZHM9IjEwLDgsMzQ1LDM4NSIgaHJlZj0iaHR0cDovL2ltYWdlLnJha3V0ZW4uY28uanAvY2xvY2hldHRlL2NhYmluZXQvMjAxNnNzL3AyMDExNjQyXzMwLmpwZyIgdGFyZ2V0PSJfYmxhbmsiPgogICAgPGFyZWEgc2hhcGU9InJlY3QiIGNvb3Jkcz0iMzU1LDksNjk2LDM4NiIgaHJlZj0iaHR0cDovL2ltYWdlLnJha3V0ZW4uY28uanAvY2xvY2hldHRlL2NhYmluZXQvMjAxNnNzL3AyMDExNjQyXzMyLmpwZyIgdGFyZ2V0PSJfYmxhbmsiPgogIDwvbWFwPgogIDxicj4KICA8aW1nIHNyYz0iaHR0cDovL2ltYWdlLnJha3V0ZW4uY28uanAvY2xvY2hldHRlL2NhYmluZXQvMjAxN3NzL3AyMDExNjQyXzQwLmpwZyIgd2lkdGg9IjcwMCIgaGVpZ2h0PSIzNjYiIGJvcmRlcj0iMCIgdXNlbWFwPSIjTWFwMyI+CiAgPG1hcCBuYW1lPSJNYXAzIj4KICAgIDxhcmVhIHNoYXBlPSJyZWN0IiBjb29yZHM9IjM1NCw2LDY5MywzNjAiIGhyZWY9Imh0dHA6Ly9pbWFnZS5yYWt1dGVuLmNvLmpwL2Nsb2NoZXR0ZS9jYWJpbmV0LzIwMTdzcy9wMjAxMTY0Ml8zOS5qcGciIHRhcmdldD0iX2JsYW5rIj4KICAgIDxhcmVhIHNoYXBlPSJyZWN0IiBjb29yZHM9IjcsOSwzNDUsMzU4IiBocmVmPSJodHRwOi8vaW1hZ2UucmFrdXRlbi5jby5qcC9jbG9jaGV0dGUvY2FiaW5ldC8yMDE3c3MvcDIwMTE2NDJfMzguanBnIiB0YXJnZXQ9Il9ibGFuayI+CiAgPC9tYXA+CiAgPGJyPgogIDxpbWcgc3JjPSJodHRwOi8vaW1hZ2UucmFrdXRlbi5jby5qcC9jbG9jaGV0dGUvY2FiaW5ldC8yMDE2c3MvcDIwMTE2NDJfMjkuanBnIiB3aWR0aD0iNzAwIiBoZWlnaHQ9IjQ0NiIgYm9yZGVyPSIwIj48YnI+CgogCjwvZGl2PgoKCgo8YnI+CjxkaXYgYWxpZ249ImxlZnQiPjx0YWJsZSBzdHlsZT0iRk9OVC1TSVpFOiAxMnB4OyBMSU5FLUhFSUdIVDogMTIwJSIgY2VsbHNwYWNpbmc9MCBjZWxscGFkZGluZz0zIHdpZHRoPTQwMCBhbGlnbj1jZW50ZXIgYm9yZGVyPTA+PHRib2R5PiAKPHRyPiAKPHRkIGJnY29sb3I9I2ZmZmZmZj48cD48Zm9udCBzaXplPSItMSIgY29sb3I9IiM2NjY2NjYiPiDjgYrosqHluIMv6LKh5biDL+OBjOOBvuWPoy/jg6zjg4fjgqPjg7zjgrkv5aWz5oCn55SoL+mVt+iyoeW4gy/jg5Tjg7Pjgq8v6aKo5rC0L+mAmuiyqS/jgYrjgZfjgoPjgowv44GK44GZ44GZ44KBL+S6uuawly/jgYvjgo/jgYTjgYQv44Kv44Op44OD44OB44OQ44OD44KwL+mdqS/lpKflrrnph48v6Lu96YePLzMw5LujLzQw5LujL+Wls+aApy/jg5XjgqHjg4Pjgrfjg6fjg7Mv44OX44Os44K844Oz44OIL+OCt+ODo+ODq+ODreODg+ODiC/jgYzjgb7lj6Pku5jjgY0v44OX44Os44K844Oz44OIPC9mb250Pjxmb250IHNpemU9Ii0xIiBjb2xvcj0iIzY2NjY2NiI+L+OCs+ODvOODh+OCo+ODjeODvOODiC/nmq4v6Z2pL+Wkp+WtpueUny/mr40v6KqV55Sf5pelL+Wkp+S6uuWPr+aEm+OBhC/lpKfkurrjgYvjgo/jgYTjgYQv5aSn5Lq644Kr44K444Ol44Ki44OrL+ODrOODh+OCo+OCuS/lpKfkurrlj6/mhJvjgYQvb2w8YnI+CiAgPC9mb250PjwvcD48L3RyPgo8L3Rib2R5PiAKPC90YWJsZT48L2Rpdj4KPGJyPgo8YnI+CgoKPGRpdiBhbGlnbj0iY2VudGVyIj48YnI+CiAKPHRhYmxlIHdpZHRoPTQwMCBoZWlnaHQ9NjAgYm9yZGVyPTEgYWxpZ249Y2VudGVyIGNlbGxwYWRkaW5nPTMgY2VsbHNwYWNpbmc9MCBib3JkZXJjb2xvcj0iI0NDQ0NDQyIgc3R5bGU9IkZPTlQtU0laRTogMTJweDsgTElORS1IRUlHSFQ6IDEyMCUiPgo8dGJvZHk+IAo8dHI+IAo8dGQgYmdjb2xvcj0jRjVERERDPiAKPGRpdiBhbGlnbj0iY2VudGVyIj48Zm9udCBjb2xvcj0jMzMzMzMzIHNpemU9KzE+PGI+6YCB5paZ5YWo5Zu95LiA5b6L44CA77yV77yV77yQ5YaGPC9iPjwvZm9udD48YnI+Cjxicj48Zm9udCBjb2xvcj0jMzMzMzMzIHNpemU9LTE+KOmbouWztuWPiuOBs+S4gOmDqOWcsOWfn+OBr+WIpeaWmemHkeOBq+OBquOCiuOBvuOBmSk8L2ZvbnQ+PC9kaXY+CjwvdGQ+CjwvdHI+CgoKPC90Ym9keT4gCjwvdGFibGU+Cjxicj4KPHRhYmxlIHN0eWxlPSJGT05ULVNJWkU6IDEycHg7IExJTkUtSEVJR0hUOiAxMjAlIiBjZWxsc3BhY2luZz0wIGNlbGxwYWRkaW5nPTMgd2lkdGg9NDAwIGhlaWdodD02MCBhbGlnbj1jZW50ZXIgYm9yZGVyPTA+Cjx0Ym9keT4gCjx0cj4gCiAgPHRkIGJnY29sb3I9I2ZmZmZmZj4KICAgIDxkaXYgYWxpZ249ImxlZnQiPgogICAgICA8cD48Zm9udCBjb2xvcj0jNjY2NjY2IHNpemU9LTE+77yK57Sg5p2Q44Gu5LiK44GM44KK44Gr44KI44Gj44Gm44CB5aSa5bCR6Imy44OW44Os44GZ44KL5aC05ZCI44GM44GC44KK44G+44GZ44CCPGJyPgogICAgICAgIO+8iualteerr+OBq+mHjeOBn+OBhOeJqeOCkuWFpeOCjOOBn+OCiueyl+mbkeOBq+aJseOBhuOBqOOAgeegtOaQjeOBmeOCi+aBkOOCjOOBjOOBguOCiuOBvuOBmeOAgjxicj4KICAgICAgPC9mb250PjwvcD4KICAgICAgPC9kaXY+PC90ZD48L3RyPgoKCjwvdGJvZHk+IAo8L3RhYmxlPgo8L2Rpdj48IS0t44Oa44O844K45qiq44Gu6L+96ZqP44OQ44OK44O844GT44GT44GL44KJLS0+Cgo8c3R5bGUgdHlwZT0idGV4dC9jc3MiPgo8IS0tCgojcmFrdXRlbkxpbWl0ZWRJZF9hcm91bmRDYXJ0IHNwYW4uY2hvaWNlICsgc2VsZWN0IHsKICAgIGRpc3BsYXk6IGJsb2NrICFpbXBvcnRhbnQ7CiAgICBwYWRkaW5nOiA4cHg7CiAgICBtYXJnaW4tYm90dG9tOiAycHg7CiAgICBib3JkZXItcmFkaXVzOiAycHg7ICAgCn0KCiNyYWt1dGVuTGltaXRlZElkX2Fyb3VuZENhcnQgc3Bhbi5jaG9pY2UgewogICAgZGlzcGxheTogaW5saW5lLWJsb2NrOwogICAgcG9zaXRpb246cmVsYXRpdmU7CiAgICBwYWRkaW5nOiA4cHg7CiAgICBtYXJnaW4tYm90dG9tOiA4cHg7CiAgICBiYWNrZ3JvdW5kOiAjZWVlOyAvKuWQueOBjeWHuuOBl+OBruiDjOaZr+iJsiAqLwogICAgYm9yZGVyLXJhZGl1czogMnB4Owp9CiNyYWt1dGVuTGltaXRlZElkX2Fyb3VuZENhcnQgc3Bhbi5jaG9pY2U6YWZ0ZXIgewogICAgY29udGVudDogIiI7CiAgICBwb3NpdGlvbjogYWJzb2x1dGU7CiAgICBib3R0b206IC04cHg7CiAgICBsZWZ0OiAyNHB4OwogICAgbWFyZ2luLWxlZnQ6IC04cHg7CiAgICBkaXNwbGF5OiBibG9jazsKICAgIHdpZHRoOiAwcHg7CiAgICBoZWlnaHQ6IDBweDsKICAgIGJvcmRlci1zdHlsZTogc29saWQ7CiAgICBib3JkZXItd2lkdGg6IDhweCA4cHggMCA4cHg7CiAgICBib3JkZXItY29sb3I6ICNlZWUgdHJhbnNwYXJlbnQgdHJhbnNwYXJlbnQgdHJhbnNwYXJlbnQ7Cn0KLS0+Cjwvc3R5bGU+CgoKPHN0eWxlIHR5cGU9InRleHQvY3NzIj4KPCEtLQoKLml0ZW1fbmFtZSB7CmRpc3BsYXk6YmxvY2s7Cm1hcmdpbi1ib3R0b206MTVweDsKfQoKLmNhdGNoX2NvcHkgewpkaXNwbGF5OmJsb2NrOwptYXJnaW4tYm90dG9tOjE1cHg7Cn0KCi0tPgo8L3N0eWxlPgoKCjxzdHlsZSB0eXBlPSJ0ZXh0L2NzcyI+CjwhLS0KYSNyY19yaWdodEFyZWEgewogd2lkdGg6IDM3OHB4OyAvKueUu+WDj+OBruWFqOS9k+W5hSovCiBwb3NpdGlvbjogZml4ZWQ7CiB0b3A6IDEwMHB4OwogcmlnaHQ6IC0zMDVweDsgLyrjg57jgqbjgrnjgpLkuZfjgZvjgZ/mmYLjgavlh7rjgabjgY/jgovluYUqLwogZGlzcGxheTogaW5saW5lLWJsb2NrOwogdHJhbnNpdGlvbjogYWxsIC4ycyBlYXNlOwogei1pbmRleDogOTk5OTsKfQphI3JjX3JpZ2h0QXJlYTpob3ZlcnsKIHJpZ2h0OiAwOwp9Ci0tPgo8L3N0eWxlPgoKPHN0eWxlIHR5cGU9InRleHQvY3NzIj4KPCEtLQphI3JjX3JpZ2h0QXJlYTIgewogd2lkdGg6IDM3OHB4OyAvKueUu+WDj+OBruWFqOS9k+W5hSovCiBwb3NpdGlvbjogZml4ZWQ7CiB0b3A6IDUwMHB4OwogcmlnaHQ6IC0zMDVweDsgLyrjg57jgqbjgrnjgpLkuZfjgZvjgZ/mmYLjgavlh7rjgabjgY/jgovluYUqLwogZGlzcGxheTogaW5saW5lLWJsb2NrOwogdHJhbnNpdGlvbjogYWxsIC4ycyBlYXNlOwogei1pbmRleDogOTk5OTsKfQphI3JjX3JpZ2h0QXJlYTI6aG92ZXJ7CiByaWdodDogMDsKfQotLT4KPC9zdHlsZT4KCgoKPGltZyBzcmM9Imh0dHBzOi8vaW1hZ2UucmFrdXRlbi5jby5qcC9jbG9jaGV0dGUvY2FiaW5ldC90b3BwYWdlL2ltZ3JjMDA3MjMyMjQyMS5qcGciIC8+Cjxicj4KPCEtLQogPGltZyBzcmM9Imh0dHA6Ly9pbWFnZS5yYWt1dGVuLmNvLmpwL2Nsb2NoZXR0ZS9jYWJpbmV0L3RvcHBhZ2UvaW1ncmMwMDY5MDIzODA1LmpwZyIgLz4gLS0+IAoKCjwhLS3jg5rjg7zjgrjmqKrjga7ov73pmo/jg5Djg4rjg7zjgZPjgZPjgb7jgactLT4KCgoKCjwhLS3jgqvjgrTkuIrjgYTjgY/jgonjgafpgIHmlpnnhKHmlpnjg5Djg4rjg7zjgZPjgZPjgYvjgoktLT4KCgoKPHN0eWxlIHR5cGU9InRleHQvY3NzIj4KPCEtLQpzcGFuLnVuaXQgewogYmFja2dyb3VuZDogdXJsKCJodHRwOi8vaW1hZ2UucmFrdXRlbi5jby5qcC9jbG9jaGV0dGUvY2FiaW5ldC9raWtha3VwYy9mcmVlNTQvcGFnZV8xMDgwMF8yLmdpZiIpIG5vLXJlcGVhdCBsZWZ0IHRvcDsKIHRleHQtaW5kZW50Oi05OTk5OwogZGlzcGxheTogYmxvY2s7CiB3aWR0aDogMzk3cHg7CiBoZWlnaHQ6IDE1NHB4OwogbWFyZ2luOjE1cHggMDsgfQotLT4KPC9zdHlsZT4KCgoKCjwhLS3jgqvjgrTkuIrjgYTjgY/jgonjgafpgIHmlpnnhKHmlpnjg5Djg4rjg7zjgZPjgZPjgb7jgactLT4KCgo8IS0t44Kr44K05LiK44GE44GP44KJ44Gn6YCB5paZ54Sh5paZ44OQ44OK44O844GT44GT44G+44GnLS0+Cgo8IS0t57SN5pyf5oOF5aCxLS0+Cgo8c3R5bGUgVFlQRT0idGV4dC9jc3MiPgo8IS0tCnRkLmludmVudG9yeSBmb250e2ZvbnQtc2l6ZToxMHB4O2NvbG9yOiM2NjY2NjY7fQoKLS0+Cjwvc3R5bGU+,44CQNuS4h+WAi+WujOWjsu+8geOCueODnuODm+OCguWFpeOCi+KYheOBjOOBvuWPo+mVt+iyoeW4g+OAkeODrOODh+OCo+ODvOOCuSDosqHluIMg44GM44G+5Y+jIOmVt+iyoeW4gyDjg5Tjg7Pjgq8g44GM44G+5Y+j5LuY44GNIOmiqOawtCDpnakg44K544Oe44ObIOODrOOCtuODvCDkurrmsJcg5pC65bivIOWkmuapn+iDvSDjgYvjgo/jgYTjgYQg5aSn5a656YePIOOBjOOBvuWPoyDjgq/jg6rjgrnjg57jgrkg5bCP6Yqt5YWl44KMIOWls+aApyDkvb/jgYTjgoTjgZnjgYQg6Lu944GEIOahnCDjgrfjg6Pjg6vjg63jg4Pjg4jjg7vjg5zjg4zjg7zjg6vjgJDjgYLjgZnmpb3lr77lv5zjgJHvvJrku6PlrpjlsbHjgq/jg63jgrfjgqfjg4Pjg4g=,44OI44O844OI44OQ44OD44Kw6LKh5biDIOODrOODh+OCo+ODvOOCueOCt+ODp+ODq+ODgOODvOODkOODg+OCsOODleOCoeODvOODkOODg+OCsOiyoeW4g+OBiuiyoeW4g+ODneOCt+OCp+ODg+ODiOOCreODvOOCseODvOOCuemVt+iyoeW4gyDjg6zjg4fjgqPjg7zjgrnplbfosqHluIPjg6rjg6Xjg4Pjgq/osqHluIMg44Os44OH44Kj44O844K5IOS6uuawl+ODnOOCueODiOODs+ODkOODg+OCsCDml4XooYzou73ph4/jg6rjg6Xjg4Pjgq/jgYzjgb7lj6Mg44OQ44OD44Kw44Kt44Oj44Oq44O844OQ44OD44Kw6LKh5biDIOODrOODh+OCo+ODvOOCuSDplbfosqHluIPjgrfjg6fjg6vjg4Djg7wg44Od44K344Kn44OD44OI44Oq44Ol44OD44KvIOODrOODh+OCo+ODvOOCueacrOmdqSDjg6rjg6Xjg4Pjgq/jgJA25LiH5YCL5a6M5aOy77yB44K544Oe44Ob44KC5YWl44KL4piF44GM44G+5Y+j6ZW36LKh5biD44CR44Os44OH44Kj44O844K5IOiyoeW4gyDjgYzjgb7lj6Mg6ZW36LKh5biDIOODlOODs+OCryDjgYzjgb7lj6Pku5jjgY0g6aKo5rC0IOmdqSDjgrnjg57jg5sg44Os44K244O8IOS6uuawlyDmkLrluK8g5aSa5qmf6IO9IOOBi+OCj+OBhOOBhCDlpKflrrnph48g44GM44G+5Y+jIOOCr+ODquOCueODnuOCuSDlsI/piq3lhaXjgowg5aWz5oCnIOS9v+OBhOOChOOBmeOBhCDou73jgYQg5qGcIOOCt+ODo+ODq+ODreODg+ODiOODu+ODnOODjOODvOODq+OAkOOBguOBmealveWvvuW/nOOAkQ==,44K544Oe44Ob44KC5YWl44KL4piF44Os44OH44Kj44O844K5IOOBjOOBvuWPo+mVt+iyoeW4g+OAguOAkDbkuIflgIvlrozlo7LvvIHjgrnjg57jg5vjgoLlhaXjgovimIXjgYzjgb7lj6PplbfosqHluIPjgJHjg6zjg4fjgqPjg7zjgrkg6LKh5biDIOOBjOOBvuWPoyDplbfosqHluIMg44OU44Oz44KvIOOBjOOBvuWPo+S7mOOBjSDpoqjmsLQg6Z2pIOOCueODnuODmyDjg6zjgrbjg7wg5Lq65rCXIOaQuuW4ryDlpJrmqZ/og70g44GL44KP44GE44GEIOWkp+WuuemHjyDjgYzjgb7lj6Mg44Kv44Oq44K544Oe44K5IOWwj+mKreWFpeOCjCDlpbPmgKcg5L2/44GE44KE44GZ44GEIOi7veOBhCDmoZwg44K344Oj44Or44Ot44OD44OI44O744Oc44OM44O844Or44CQ44GC44GZ5qW95a++5b+c44CR[rn]
39-76483,aHR0cDovL3RzaG9wLnIxMHMuanAvY2xvY2hldHRlL2NhYmluZXQvMTg1XzI0MC9wMjAxMTU3MV81ODAuanBnP2ZpdGluPTcwMDo3MDA=,MTEwNTkuMjAwMA==,,44OQ44OD44Kw44O75bCP54mp44O744OW44Op44Oz44OJ6ZuR6LKoID4g6LKh5biD44O744Kx44O844K5ID4g44Os44OH44Kj44O844K56LKh5biD,44CQNuS4h+WAi+WujOWjsuOCt+ODquODvOOCuuaWsOS9nO+8geS6uuawl+OBruacrOmdqeS6jOOBpOaKmOOCiumVt+iyoeW4g+OAkeOCt+ODo+ODq+ODreODg+ODiOODu+OCr+ODq+ODvOODqyDjg6zjg4fjgqPjg7zjgrkg44GK6LKh5biDIOWwj+mKreWFpeOCjOOBguOCiiDjgrPjgqTjg7PjgrHjg7zjgrkg44Kr44O844OJ44Kx44O844K5IOODlOODs+OCryDlj6/mhJvjgYQg44GL44KP44GE44GEIOS9v+OBhOOChOOBmeOBhCDjg5fjg6zjgrzjg7Pjg4gg5aWz5oCnIOiqleeUn+aXpeOAkOOBguOBmealveOAkQ==,44CQ6ZW36LKh5biDL+ODrOODh+OCo+ODvOOCuS/jg5Tjg7Pjgq8v5pys6Z2pL+OBi+OCj+OBhOOBhC/kurrmsJfjgJE=,PGRpdiBhbGlnbj0iY2VudGVyIj48Yj48Zm9udCBjb2xvcj0iI0FFNzYwMCIgc2l6ZT0iLTEiPuOAkOW9k+W6l+OCquODquOCuOODiuODq+KYhjxmb250IGNvbG9yPSIjRkYwMDAwIj7lvoXmnJvjga7mlrDoibLnmbvloLTvvIE8L2ZvbnQ+44CRPGJyIC8+CuODh+OCtuOCpOODiuODvOOBjOODleODqeODs+OCueOBruiJsuS9v+OBhOOBq+aEn+mKmOOCkuWPl+OBkeOBpuS8geeUu+OBl+OBnzxiciAvPgrjgI7jg5Xjg6zjg7Pjg4Hjgqvjg6njg7zjgrPjg6zjgq/jgrfjg6fjg7PjgI/nrKzkuozlvL7jgIEKPGJyIC8+CumVt+iyoeW4g+OBjOOBpOOBhOOBq+eZu+WgtOODu+ODu++8gTxiciAvPgrjgrfjg6Pjg6vjg63jg4Pjg4jjg7vjgq/jg6vjg7zjg6sg772eQ2hhcmxvdHRlIGNvdWxldXLvvZ4KPGJyPgo8L2ZvbnQ+PC9iPjxicj4KICA8YnI+CjxpbWcgc3JjPSJodHRwOi8vaW1hZ2UucmFrdXRlbi5jby5qcC9jbG9jaGV0dGUvY2FiaW5ldC8yMDEzYXcvcDIwMTE1NzFfMS5qcGciPjxicj4KICA8aW1nIHNyYz0iaHR0cDovL2ltYWdlLnJha3V0ZW4uY28uanAvY2xvY2hldHRlL2NhYmluZXQvMjAxM2F3L3AyMDExNTcxXzIuanBnIj48YnI+CiAgPGltZyBzcmM9Imh0dHA6Ly9pbWFnZS5yYWt1dGVuLmNvLmpwL2Nsb2NoZXR0ZS9jYWJpbmV0LzIwMTNhdy9wMjAxMTU3MV8zLmpwZyI+PGJyPgogIDxpbWcgc3JjPSJodHRwOi8vaW1hZ2UucmFrdXRlbi5jby5qcC9jbG9jaGV0dGUvY2FiaW5ldC8yMDEzYXcvcDIwMTE1NzFfNC5qcGciIGJvcmRlcj0iMCIgdXNlbWFwPSIjTWFwMiI+PGJyPgogIDxpbWcgc3JjPSJodHRwOi8vaW1hZ2UucmFrdXRlbi5jby5qcC9jbG9jaGV0dGUvY2FiaW5ldC8yMDEzYXcvcDIwMTE1NzFfNS5qcGciIGJvcmRlcj0iMCIgdXNlbWFwPSIjTWFwMyI+PGJyPgogIDxpbWcgc3JjPSJodHRwOi8vaW1hZ2UucmFrdXRlbi5jby5qcC9jbG9jaGV0dGUvY2FiaW5ldC8yMDEzYXcvcDIwMTE1NzFfNi5qcGciPjxicj4KICA8aW1nIHNyYz0iaHR0cDovL2ltYWdlLnJha3V0ZW4uY28uanAvY2xvY2hldHRlL2NhYmluZXQvMjAxM2F3L3AyMDExNTcxXzcuanBnIiI+PGJyPgogIDxpbWcgc3JjPSJodHRwOi8vaW1hZ2UucmFrdXRlbi5jby5qcC9jbG9jaGV0dGUvY2FiaW5ldC8yMDEzYXcvcDIwMTE1NzFfOC5qcGciPjxicj4KICA8YnI+CiAgPGltZyBzcmM9Imh0dHA6Ly9pbWFnZS5yYWt1dGVuLmNvLmpwL2Nsb2NoZXR0ZS9jYWJpbmV0LzIwMTNhdy9wMjAxMTU3MV8yOC5qcGciPjxicj4KICA8aW1nIHNyYz0iaHR0cDovL2ltYWdlLnJha3V0ZW4uY28uanAvY2xvY2hldHRlL2NhYmluZXQvMjAxM2F3L3AyMDExNTcxXzI5LmpwZyI+PGJyPgogIDxpbWcgc3JjPSJodHRwOi8vaW1hZ2UucmFrdXRlbi5jby5qcC9jbG9jaGV0dGUvY2FiaW5ldC8yMDEzYXcvcDIwMTE1NzFfOS5qcGciPjxicj4KICA8aW1nIHNyYz0iaHR0cDovL2ltYWdlLnJha3V0ZW4uY28uanAvY2xvY2hldHRlL2NhYmluZXQvMjAxM2F3L3AyMDExNTcxXzEwLmpwZyI+PGJyPgogIDxpbWcgc3JjPSJodHRwOi8vaW1hZ2UucmFrdXRlbi5jby5qcC9jbG9jaGV0dGUvY2FiaW5ldC8yMDEzYXcvcDIwMTE1NzFfMTEuanBnIj48YnI+CiAgPGltZyBzcmM9Imh0dHA6Ly9pbWFnZS5yYWt1dGVuLmNvLmpwL2Nsb2NoZXR0ZS9jYWJpbmV0LzIwMTNhdy9wMjAxMTU3MV8xMi5qcGciPjxicj4KICA8aW1nIHNyYz0iaHR0cDovL2ltYWdlLnJha3V0ZW4uY28uanAvY2xvY2hldHRlL2NhYmluZXQvMjAxM2F3L3AyMDExNTcxXzExLmpwZyI+PGJyPgogIDxpbWcgc3JjPSJodHRwOi8vaW1hZ2UucmFrdXRlbi5jby5qcC9jbG9jaGV0dGUvY2FiaW5ldC8yMDEzYXcvcDIwMTE1NzFfMTMuanBnIj48YnI+CiAgPGltZyBzcmM9Imh0dHA6Ly9pbWFnZS5yYWt1dGVuLmNvLmpwL2Nsb2NoZXR0ZS9jYWJpbmV0LzIwMTNhdy9wMjAxMTU3MV8xMS5qcGciPjxicj4KICA8aW1nIHNyYz0iaHR0cDovL2ltYWdlLnJha3V0ZW4uY28uanAvY2xvY2hldHRlL2NhYmluZXQvMjAxM2F3L3AyMDExNTcxXzMwLmpwZyI+PGJyPgogIDxicj4KICA8aW1nIHNyYz0iaHR0cDovL2ltYWdlLnJha3V0ZW4uY28uanAvY2xvY2hldHRlL2NhYmluZXQvMjAxM2F3L3AyMDExNTcxXzE0LmpwZyI+PGJyPgogICA8aW1nIHNyYz0iaHR0cDovL2ltYWdlLnJha3V0ZW4uY28uanAvY2xvY2hldHRlL2NhYmluZXQvMjAxM2F3L3AyMDExNTcxXzE1Yi5qcGciPjxicj4KICA8aW1nIHNyYz0iaHR0cDovL2ltYWdlLnJha3V0ZW4uY28uanAvY2xvY2hldHRlL2NhYmluZXQvMjAxM2F3L3AyMDExNTcxXzE2Yi5qcGciPjxicj4KICA8aW1nIHNyYz0iaHR0cDovL2ltYWdlLnJha3V0ZW4uY28uanAvY2xvY2hldHRlL2NhYmluZXQvMjAxM2F3L3AyMDExNTcxXzE3Yi5qcGciIHdpZHRoPSI3MDAiIGhlaWdodD0iODgxIiBib3JkZXI9IjAiPjxicj4KICA8aW1nIHNyYz0iaHR0cDovL2ltYWdlLnJha3V0ZW4uY28uanAvY2xvY2hldHRlL2NhYmluZXQvMjAxM2F3L3AyMDExNTcxXzE4LmpwZyIgdXNlbWFwPSIjTWFwMk1hcCIgYm9yZGVyPSIwIj4gCiAgPG1hcCBuYW1lPSJNYXAyTWFwIj4gCiAgICA8YXJlYSBzaGFwZT0icmVjdCIgY29vcmRzPSIyMzksNzQzLDQ3NCw5NzciIGhyZWY9Imh0dHA6Ly9pbWFnZS5yYWt1dGVuLmNvLmpwL2Nsb2NoZXR0ZS9jYWJpbmV0LzIwMTNhdy9wMjAxMTU3MV8zMy5qcGciIHRhcmdldD0iX2JsYW5rIj4KICAgIDxhcmVhIHNoYXBlPSJyZWN0IiBjb29yZHM9IjExLDc0MiwyMzIsOTc4IiBocmVmPSJodHRwOi8vaW1hZ2UucmFrdXRlbi5jby5qcC9jbG9jaGV0dGUvY2FiaW5ldC8yMDEzYXcvcDIwMTE1NzFfMzIuanBnIiB0YXJnZXQ9Il9ibGFuayI+CiAgPC9tYXA+CiAgPGJyPgo8aW1nIHNyYz0iaHR0cDovL2ltYWdlLnJha3V0ZW4uY28uanAvY2xvY2hldHRlL2NhYmluZXQvMjAxM2F3L3AyMDExNTcxXzE5LmpwZyIgYm9yZGVyPSIwIiB1c2VtYXA9IiNNYXAiPgo8bWFwIG5hbWU9Ik1hcCIgaWQ9Ik1hcCI+CiAgPGFyZWEgc2hhcGU9InJlY3QiIGNvb3Jkcz0iMyw0MjgsMzQ3LDY3OSIgaHJlZj0iaHR0cDovL2ltYWdlLnJha3V0ZW4uY28uanAvY2xvY2hldHRlL2NhYmluZXQvMjAxM2F3L3AyMDExNTcxXzI0LmpwZyIgdGFyZ2V0PSJfYmxhbmsiIC8+CiAgPGFyZWEgc2hhcGU9InJlY3QiIGNvb3Jkcz0iMzUwLDQyOCw2OTQsNjc5IiBocmVmPSJodHRwOi8vaW1hZ2UucmFrdXRlbi5jby5qcC9jbG9jaGV0dGUvY2FiaW5ldC8yMDEzYXcvcDIwMTE1NzFfMjUuanBnIiB0YXJnZXQ9Il9ibGFuayIgLz4KICA8YXJlYSBzaGFwZT0icmVjdCIgY29vcmRzPSIzNTIsMTAyLDY5NiwzNTMiIGhyZWY9Imh0dHA6Ly9pbWFnZS5yYWt1dGVuLmNvLmpwL2Nsb2NoZXR0ZS9jYWJpbmV0LzIwMTNhdy9wMjAxMTU3MV8yMy5qcGciIHRhcmdldD0iX2JsYW5rIiAvPgogIDxhcmVhIHNoYXBlPSJyZWN0IiBjb29yZHM9IjUsMTAyLDM0OSwzNTMiIGhyZWY9Imh0dHA6Ly9pbWFnZS5yYWt1dGVuLmNvLmpwL2Nsb2NoZXR0ZS9jYWJpbmV0LzIwMTNhdy9wMjAxMTU3MV8yMi5qcGciIHRhcmdldD0iX2JsYW5rIiAvPgo8L21hcD4KICA8YnI+CiAgPGltZyBzcmM9Imh0dHA6Ly9pbWFnZS5yYWt1dGVuLmNvLmpwL2Nsb2NoZXR0ZS9jYWJpbmV0LzIwMTNhdy9wMjAxMTU3MV8zMS5qcGciIHdpZHRoPSI3MDAiIGhlaWdodD0iMzU5IiB1c2VtYXA9IiNNYXA0IiBib3JkZXI9IjAiPiAKICA8bWFwIG5hbWU9Ik1hcDQiPgogICAgPGFyZWEgc2hhcGU9InJlY3QiIGNvb3Jkcz0iMzYsNTcsMjYyLDI1MSIgaHJlZj0iaHR0cDovL2ltYWdlLnJha3V0ZW4uY28uanAvY2xvY2hldHRlL2NhYmluZXQvMjAxM2F3L3AyMDExNTcxXzI2LmpwZyIgdGFyZ2V0PSJfYmxhbmsiPgogIDwvbWFwPgogIDxicj4KPGltZyBzcmM9Imh0dHA6Ly9pbWFnZS5yYWt1dGVuLmNvLmpwL2Nsb2NoZXR0ZS9jYWJpbmV0LzIwMTNhdy9wMjAxMTU3MV8yMC5qcGciPjxicj4KPC9kaXY+CgoKPG1hcCBuYW1lPSJNYXAyIiBpZD0iTWFwMiI+CiAgPGFyZWEgc2hhcGU9InJlY3QiIGNvb3Jkcz0iNDA3LDIwNyw1NTcsMjI1IiBocmVmPSJodHRwOi8vaXRlbS5yYWt1dGVuLmNvLmpwL2Nsb2NoZXR0ZS9jLzAwMDAwMDAzMzEvIiB0YXJnZXQ9Il9ibGFuayIgLz4KPC9tYXA+CjxtYXAgbmFtZT0iTWFwMyIgaWQ9Ik1hcDMiPjxhcmVhIHNoYXBlPSJyZWN0IiBjb29yZHM9IjEzOSw2NiwyNjksODUiIGhyZWY9Imh0dHA6Ly9pdGVtLnJha3V0ZW4uY28uanAvY2xvY2hldHRlL3AyMDExNTI3LyIgdGFyZ2V0PSJfYmxhbmsiIC8+CjwvbWFwPgo8c3R5bGUgdHlwZT0idGV4dC9jc3MiPgo8IS0tCi5zdHlsZTEge2ZvbnQtc2l6ZTogLTF9Ci0tPgo8L3N0eWxlPgo8ZGl2IGFsaWduPWNlbnRlcj4KPGRpdiBhbGlnbj0iY2VudGVyIj4gCiAgICA8dGFibGUgd2lkdGg9IjM4MCIgYm9yZGVyPSIxIiBjZWxsc3BhY2luZz0iMCIgY2VsbHBhZGRpbmc9IjUiIHN0eWxlPSJmb250LXNpemU6MTJweDsiPgogICAgICA8dHIgYmdjb2xvcj0iI0NDNjY2NiI+IAogICAgICAgIDx0ZCBjb2xzcGFuPSIyIiBhbGlnbj0iY2VudGVyIiBiZ2NvbG9yPSIjQ0M2NjY2IiBoZWlnaHQ9IjUwIj48Yj48Zm9udCBjb2xvcj0iI0ZGRkZGRiIgc2l6ZT0iKzEiPuOBiuWxiuOBkeS6iOWumuaXpTwvZm9udD48L2I+PC90ZD4KICAgICAgPC90cj4KICAgICAgPHRyIGJnY29sb3I9IiNGRkZGRkYiPiAKICAgICAgICA8dGQgd2lkdGg9IjE0OSIgYWxpZ249ImNlbnRlciIgaGVpZ2h0PSIyMCI+PGI+PGZvbnQgY29sb3I9IiM2NjY2NjYiPuODtOOCo+OCquODquODvOODjDxicj4KICAgICAgICAgIOODquOCqOODvOOCuOODpTwvZm9udD48YnI+CiAgICAgICAgICA8Zm9udCBjb2xvcj0iIzY2NjY2NiI+44Ot44O844K644Oa44O844K344OlPGJyPgogICAgICAgICAg44Ki44Or44OQ44O844OI44OrPGJyPgogICAgICAgICAg44Or44OO44Oz44Kt44Ol44O844OrPC9mb250PgogICAgICAgICAgPC9iPjwvdGQ+CiAgICAgICAgPHRkIGFsaWduPSJjZW50ZXIiIHdpZHRoPSIxMDUiIGhlaWdodD0iMzEiPjxzdHJvbmc+PGZvbnQgY29sb3I9IiNjYzY2NjYiPuOBguOBmealvTwvZm9udD48L3N0cm9uZz48L3RkPgogICAgICA8L3RyPgogICAgICA8dHIgYmdjb2xvcj0iI0ZGRkZGRiI+IAogICAgICAgIDx0ZCBjb2xzcGFuPSIyIiBhbGlnbj0iY2VudGVyIiBoZWlnaHQ9IjIwIj48Zm9udCBzaXplPSItMiIgY29sb3I9IiM2NjY2NjYiPuWFpeiNt+eKtuazgeOBq+OCiOOBo+OBpuOAgeOBiuWxiuOBkeS6iOWumuaXpeOBjOWJjeW+jOOBmeOCi+WgtOWQiOOBjOOBguOCiuOBvuOBmeOAgjxicj4KICAgICAgICAgIOato+W8j+OBquOBiuWxiuOBkeaXpeOBjOaxuuOBvuOCiuasoeesrOOAgeODoeODvOODq+OBq+OBpuOBlOmAo+e1oeOBhOOBn+OBl+OBvuOBmeOAgjwvZm9udD48L3RkPgogICAgICA8L3RyPgogICAgPC90YWJsZT4KPGZvbnQgc2l6ZT0tMT48Zm9udCBjb2xvcj0jY2M2NjY2PjxiPjxicj4K4oC75ZWG5ZOB5Yiw552A44G+44Gn44Gu5rWB44KMPC9iPjwvZm9udD48L2ZvbnQ+PGJyPgo8YnI+Cjx0YWJsZSB3aWR0aD0iMzgwIiBib3JkZXI9IjEiIGNlbGxzcGFjaW5nPSIwIiBjZWxscGFkZGluZz0iNSIgc3R5bGU9ImZvbnQtc2l6ZToxMnB4OyI+Cjx0ciBiZ2NvbG9yPSIjRkZGRkZGIj4gCjx0ZCBhbGlnbj0iY2VudGVyIiBjb2xzcGFuPSIyIiBiZ2NvbG9yPSIjQ0M2NjY2Ij48Zm9udCBjb2xvcj0jZmZmZmZmIHNpemU9LTE+PGI+5ZWG5ZOB6Kmz57SwPC9iPjwvZm9udD48L3RkPgo8L3RyPgo8dHIgYmdjb2xvcj0iI0ZGRkZGRiI+IAo8dGQgYWxpZ249ImNlbnRlciI+IAo8ZGl2IGFsaWduPSJsZWZ0Ij48Zm9udCBjb2xvcj0iIzY2NjY2NiI+44Ki44Kk44OG44OgPC9mb250PjwvZGl2Pgo8L3RkPgo8dGQgYWxpZ249ImNlbnRlciI+IAo8ZGl2IGFsaWduPSJsZWZ0Ij48Zm9udCBjb2xvcj0iIzY2NjY2NiI+5Luj5a6Y5bGx44Kv44Ot44K344Kn44OD44OI44Kq44Oq44K444OK44OrPGJyIC8+CuODleODrOODs+ODgeOCq+ODqeODvOacrOmdqeOBi+OBtuOBm+iyoeW4gzwvZm9udD48L2Rpdj4KPC90ZD4KPC90cj4KPHRyIGJnY29sb3I9IiNGRkZGRkYiPiAKPHRkIGFsaWduPSJjZW50ZXIiPiAKPGRpdiBhbGlnbj0ibGVmdCI+PGZvbnQgY29sb3I9IiM2NjY2NjYiPue0oOadkDwvZm9udD48L2Rpdj4KPC90ZD4KPHRkIGFsaWduPSJjZW50ZXIiPiAKPGRpdiBhbGlnbj0ibGVmdCI+PGZvbnQgY29sb3I9IiM2NjY2NjYiPueJm+mdqeODu+OCs+ODg+ODiOODs++8iOijj+WcsO+8iTwvZm9udD48L2Rpdj4KPC90ZD4KPC90cj4KPHRyIGJnY29sb3I9IiNGRkZGRkYiPiAKPHRkIGFsaWduPSJjZW50ZXIiPiAKPGRpdiBhbGlnbj0ibGVmdCI+PGZvbnQgY29sb3I9IiM2NjY2NjYiPuOCteOCpOOCujwvZm9udD48L2Rpdj4KPC90ZD4KPHRkIGFsaWduPSJjZW50ZXIiPiAKPGRpdiBhbGlnbj0ibGVmdCI+PGZvbnQgY29sb3I9IiM2NjY2NjYiPue4pjnDl+aoqjE5LjXDl+ODnuODgTNjbTwvZm9udD48L2Rpdj4KPC90ZD4KPC90cj4KPHRyIGJnY29sb3I9IiNGRkZGRkYiPiAKPHRkIGFsaWduPSJjZW50ZXIiPiAKPGRpdiBhbGlnbj0ibGVmdCI+PGZvbnQgY29sb3I9IiM2NjY2NjYiPuWGheijhTwvZm9udD48L2Rpdj4KPC90ZD4KPHRkIGFsaWduPSJjZW50ZXIiPiAKPGRpdiBhbGlnbj0ibGVmdCI+PGZvbnQgY29sb3I9IiM2NjY2NjYiPuOCq+ODvOODieODneOCseODg+ODiMOXMjbjgIHjgrPjgqTjg7PjgrHjg7zjgrnDlzE8YnIgLz4K44GK5pyt5YWl44KMw5cy44CB44OV44Oq44O844Od44Kx44OD44OIw5c0PC9mb250PjwvZGl2Pgo8L3RkPgo8L3RyPgo8dHIgYmdjb2xvcj0iI0ZGRkZGRiI+IAo8dGQgYWxpZ249ImNlbnRlciI+IAo8ZGl2IGFsaWduPSJsZWZ0Ij48Zm9udCBjb2xvcj0iIzY2NjY2NiI+6YeN44GVPC9mb250PjwvZGl2Pgo8L3RkPgo8dGQgYWxpZ249ImNlbnRlciI+IAo8ZGl2IGFsaWduPSJsZWZ0Ij48Zm9udCBjb2xvcj0iIzY2NjY2NiI+57SEMTYwZzwvZm9udD48L2Rpdj4KPC90ZD4KPC90cj4KPHRyIGJnY29sb3I9IiNGRkZGRkYiPiAKPHRkIGFsaWduPSJjZW50ZXIiPiAKPGRpdiBhbGlnbj0ibGVmdCI+PGZvbnQgY29sb3I9IiM2NjY2NjYiPuaiseWMhTwvZm9udD48L2Rpdj4KPC90ZD4KPHRkIGFsaWduPSJjZW50ZXIiPiAKPGRpdiBhbGlnbj0ibGVmdCI+PGZvbnQgY29sb3I9IiM2NjY2NjYiPuWwgueUqOeuseWFpeOCijwvZm9udD48L2Rpdj4KPC90ZD4KPC90cj4KPC90YWJsZT4KPC9kaXY+CjxwIGFsaWduPSJjZW50ZXIiPjxpbWcgc3JjPSJodHRwOi8vd3d3LnJha3V0ZW4ubmUuanAvZ29sZC9jbG9jaGV0dGUvaW1nL2QtYS5naWYiIHdpZHRoPSIzODAiIGhlaWdodD0iMTAwIiBib3JkZXI9IjAiPjxmb250IGNvbG9yPSM1NTU1NTUgc2l6ZT0tMT48YnI+CjwvZm9udD48Zm9udCBzaXplPS0xPjxiPjxmb250IGNvbG9yPSIjY2M2NjY2Ij7igLvlkIzmorHjgavjgaTjgYTjgaY8L2ZvbnQ+PC9iPjwvZm9udD4gCjxicj4KIAo8ZGl2IGFsaWduPSJjZW50ZXIiPiAKPHRhYmxlIHN0eWxlPSJGT05ULVNJWkU6IDEycHg7IExJTkUtSEVJR0hUOiAxMjAlIiBjZWxsc3BhY2luZz0wIGNlbGxwYWRkaW5nPTMgd2lkdGg9MzgwIGFsaWduPWNlbnRlciBib3JkZXI9MT4KPHRib2R5PiAKPHRyPiAKPHRkIGJnY29sb3I9I2NjNjY2Nj4gCjxkaXYgYWxpZ249ImNlbnRlciI+PGZvbnQgY29sb3I9I2ZmZmZmZiBzaXplPS0xPjxiPuOBiuaUr+aJleaWueazlTwvYj48L2ZvbnQ+PC9kaXY+CjwvdGQ+CjwvdHI+Cgo8dHI+IAo8dGQ+IAo8cD48Zm9udCBjb2xvcj0jNTU1NTU1PuODu+OCr+ODrOOCuOODg+ODiOOCq+ODvOODieOAgOODu+S7o+mHkeW8leaPmzxicj4K44O7PC9mb250Pjxmb250IGNvbG9yPSM1NTU1NTU+6YqA6KGM5oyv6L68PC9mb250PjwvcD4KPC90ZD4KPC90cj4KPHRyPiAKPHRkIGJnY29sb3I9I2NjNjY2Nj4gCjxkaXYgYWxpZ249ImNlbnRlciI+PGZvbnQgY29sb3I9I2ZmZmZmZiBzaXplPS0xPjxiPumAgeaWmTwvYj48L2ZvbnQ+PC9kaXY+CjwvdGQ+CjwvdHI+Cjx0cj4gCjx0ZD48Zm9udCBjb2xvcj0jNTU1NTU1PjxiPjxmb250ICAgICAgIGNvbG9yPSNmZjAwMDA+5YWo5Zu95LiA5b6L77yU77yY77yQ5YaGPC9mb250PjwvYj7jgIAo6Zui5bO25Y+K44Gz5LiA6YOo5Zyw5Z+f44Gv5Yil5paZ6YeR44Gr44Gq44KK44G+44GZKSAKPC9mb250PjwvdGQ+CjwvdHI+Cjx0cj4gCjx0ZCBiZ2NvbG9yPSNjYzY2NjY+IAo8ZGl2IGFsaWduPSJjZW50ZXIiPjxmb250IGNvbG9yPSNmZmZmZmYgc2l6ZT0tMT48Yj7phY3pgIHmlrnms5U8L2I+PC9mb250PjwvZGl2Pgo8L3RkPgo8L3RyPgoKPHRyPiAKPHRkPjxmb250IGNvbG9yPSIjNTU1NTU1Ij7kvZDlt53mgKXkvr88L2ZvbnQ+PC90ZD4KPC90cj4KPHRyPiAKPHRkIGJnY29sb3I9I2NjNjY2Nj4gCjxkaXYgYWxpZ249ImNlbnRlciI+PGZvbnQgY29sb3I9I2ZmZmZmZiBzaXplPS0xPjxiPuOBiuWxiuOBkeOBmeOCi+WVhuWTgeOBq+OBpOOBhOOBpjwvYj48L2ZvbnQ+PC9kaXY+CjwvdGQ+CjwvdHI+Cjx0cj4gCjx0ZD48c3BhbiBjbGFzcz0ic3R5bGUxIj48Zm9udCBjb2xvcj0iIzU1NTU1NSI+ICDvvIrmnKzpnanjga7jgZ/jgoHjgIHmsLTjgavmv6HjgozjgZ/loLTlkIjjga/jgZfjgb/jgZPjgpPjgaDpg6jliIbjgYzjgrfjg5/jgajjgarjgaPjgabmrovjgaPjgabjgZfjgb7jgYbloLTlkIjjgYzjgYLjgorjgb7jgZnjgILmv6HjgozjgabjgZfjgb7jgaPjgZ/loLTlkIjjga/jgIHml6njgYTjgYbjgaHjgavmsLTliIbjgpLmi63jgY3lj5bjgorjgIHml6XpmbDlubLjgZfjgafjgobjgaPjgY/jgorjgajmub/msJfjgpLmipzjgYTjgabjgY/jgaDjgZXjgYTjgILjgr3jg5Xjg4jjg6zjgrbjg7zjga7mgKfos6rkuIrjgIHmk6bjgorjgq3jgrrjga7jgojjgYbjgarjgoLjga7jgYzjgaTjgYTjgabjgYrjgorjgb7jgZnjgYzjgIHjgZPjgaHjgonjga/jgIzjgq3jgrrjgI3jgafjga/jgarjgY/jgIHpnanmnKzmnaXjga7poqjlkIjjgYTjgajjgZfjgabjgYrmpb3jgZfjgb/jgY/jgaDjgZXjgYTjgII8YnIgLz4K77yK57Sg5p2Q44Gu5LuV5LiK44GM44KK44Gr44KI44Gj44Gm44CB5aSa5bCR6Imy44OW44Os44GZ44KL5aC05ZCI44GM44GC44KK44G+44GZ44CCPGJyIC8+Cu+8iualteerr+OBq+mHjeOBn+OBhOeJqeOCkuWFpeOCjOOBn+OCiueyl+mbkeOBq+aJseOBhuOBqOOAgeegtOaQjeOBmeOCi+aBkOOCjOOBjOOBguOCiuOBvuOBmeOAgjwvZm9udD48L3NwYW4+PC90ZD4KPC90cj4KPC90Ym9keT4gCjwvdGFibGU+Cjxmb250IGNvbG9yPSM2NjY2NjYgc2l6ZT0tMT48Yj48Zm9udCBjb2xvcj0jZmYwMDAwPjxicj4KPGZvbnQgY29sb3I9IzY2NjY2Nj7igLvjgYrlsYrjgZHjga/vvJ/jgYrmlK/miZXjgYTjga/vvJ/jg7vjg7s8L2ZvbnQ+PGZvbnQgY29sb3I9IiNjYzY2NjYiPuOCiOOBj+OBguOCi+OBlOizquWVj+OBr+OBk+OBoeOCieOBi+OCieKGklEmQTwvZm9udD48L2ZvbnQ+PC9iPjwvZm9udD48Zm9udCBjb2xvcj0jMzMwMGZmIHNpemU9LTE+PGI+PGJyPgo8L2I+PC9mb250Pjxmb250IGNvbG9yPSNmZjAwMDAgc2l6ZT0tMT48L2ZvbnQ+IDxmb250IGNvbG9yPSM1NTU1NTUgc2l6ZT0zPjwvZm9udD48L2Rpdj4KCjwvZGl2PjwhLS3jg5rjg7zjgrjmqKrjga7ov73pmo/jg5Djg4rjg7zjgZPjgZPjgYvjgoktLT4KCjxzdHlsZSB0eXBlPSJ0ZXh0L2NzcyI+CjwhLS0KCiNyYWt1dGVuTGltaXRlZElkX2Fyb3VuZENhcnQgc3Bhbi5jaG9pY2UgKyBzZWxlY3QgewogICAgZGlzcGxheTogYmxvY2sgIWltcG9ydGFudDsKICAgIHBhZGRpbmc6IDhweDsKICAgIG1hcmdpbi1ib3R0b206IDJweDsKICAgIGJvcmRlci1yYWRpdXM6IDJweDsgICAKfQoKI3Jha3V0ZW5MaW1pdGVkSWRfYXJvdW5kQ2FydCBzcGFuLmNob2ljZSB7CiAgICBkaXNwbGF5OiBpbmxpbmUtYmxvY2s7CiAgICBwb3NpdGlvbjpyZWxhdGl2ZTsKICAgIHBhZGRpbmc6IDhweDsKICAgIG1hcmdpbi1ib3R0b206IDhweDsKICAgIGJhY2tncm91bmQ6ICNlZWU7IC8q5ZC544GN5Ye644GX44Gu6IOM5pmv6ImyICovCiAgICBib3JkZXItcmFkaXVzOiAycHg7Cn0KI3Jha3V0ZW5MaW1pdGVkSWRfYXJvdW5kQ2FydCBzcGFuLmNob2ljZTphZnRlciB7CiAgICBjb250ZW50OiAiIjsKICAgIHBvc2l0aW9uOiBhYnNvbHV0ZTsKICAgIGJvdHRvbTogLThweDsKICAgIGxlZnQ6IDI0cHg7CiAgICBtYXJnaW4tbGVmdDogLThweDsKICAgIGRpc3BsYXk6IGJsb2NrOwogICAgd2lkdGg6IDBweDsKICAgIGhlaWdodDogMHB4OwogICAgYm9yZGVyLXN0eWxlOiBzb2xpZDsKICAgIGJvcmRlci13aWR0aDogOHB4IDhweCAwIDhweDsKICAgIGJvcmRlci1jb2xvcjogI2VlZSB0cmFuc3BhcmVudCB0cmFuc3BhcmVudCB0cmFuc3BhcmVudDsKfQotLT4KPC9zdHlsZT4KCgo8c3R5bGUgdHlwZT0idGV4dC9jc3MiPgo8IS0tCgouaXRlbV9uYW1lIHsKZGlzcGxheTpibG9jazsKbWFyZ2luLWJvdHRvbToxNXB4Owp9CgouY2F0Y2hfY29weSB7CmRpc3BsYXk6YmxvY2s7Cm1hcmdpbi1ib3R0b206MTVweDsKfQoKLS0+Cjwvc3R5bGU+CgoKPHN0eWxlIHR5cGU9InRleHQvY3NzIj4KPCEtLQphI3JjX3JpZ2h0QXJlYSB7CiB3aWR0aDogMzc4cHg7IC8q55S75YOP44Gu5YWo5L2T5bmFKi8KIHBvc2l0aW9uOiBmaXhlZDsKIHRvcDogMTAwcHg7CiByaWdodDogLTMwNXB4OyAvKuODnuOCpuOCueOCkuS5l+OBm+OBn+aZguOBq+WHuuOBpuOBj+OCi+W5hSovCiBkaXNwbGF5OiBpbmxpbmUtYmxvY2s7CiB0cmFuc2l0aW9uOiBhbGwgLjJzIGVhc2U7CiB6LWluZGV4OiA5OTk5Owp9CmEjcmNfcmlnaHRBcmVhOmhvdmVyewogcmlnaHQ6IDA7Cn0KLS0+Cjwvc3R5bGU+Cgo8c3R5bGUgdHlwZT0idGV4dC9jc3MiPgo8IS0tCmEjcmNfcmlnaHRBcmVhMiB7CiB3aWR0aDogMzc4cHg7IC8q55S75YOP44Gu5YWo5L2T5bmFKi8KIHBvc2l0aW9uOiBmaXhlZDsKIHRvcDogNTAwcHg7CiByaWdodDogLTMwNXB4OyAvKuODnuOCpuOCueOCkuS5l+OBm+OBn+aZguOBq+WHuuOBpuOBj+OCi+W5hSovCiBkaXNwbGF5OiBpbmxpbmUtYmxvY2s7CiB0cmFuc2l0aW9uOiBhbGwgLjJzIGVhc2U7CiB6LWluZGV4OiA5OTk5Owp9CmEjcmNfcmlnaHRBcmVhMjpob3ZlcnsKIHJpZ2h0OiAwOwp9Ci0tPgo8L3N0eWxlPgoKCgo8aW1nIHNyYz0iaHR0cHM6Ly9pbWFnZS5yYWt1dGVuLmNvLmpwL2Nsb2NoZXR0ZS9jYWJpbmV0L3RvcHBhZ2UvaW1ncmMwMDcyMzIyNDIxLmpwZyIgLz4KPGJyPgo8IS0tCiA8aW1nIHNyYz0iaHR0cDovL2ltYWdlLnJha3V0ZW4uY28uanAvY2xvY2hldHRlL2NhYmluZXQvdG9wcGFnZS9pbWdyYzAwNjkwMjM4MDUuanBnIiAvPiAtLT4gCgoKPCEtLeODmuODvOOCuOaoquOBrui/vemaj+ODkOODiuODvOOBk+OBk+OBvuOBpy0tPgoKCgoKPCEtLeOCq+OCtOS4iuOBhOOBj+OCieOBp+mAgeaWmeeEoeaWmeODkOODiuODvOOBk+OBk+OBi+OCiS0tPgoKCgo8c3R5bGUgdHlwZT0idGV4dC9jc3MiPgo8IS0tCnNwYW4udW5pdCB7CiBiYWNrZ3JvdW5kOiB1cmwoImh0dHA6Ly9pbWFnZS5yYWt1dGVuLmNvLmpwL2Nsb2NoZXR0ZS9jYWJpbmV0L2tpa2FrdXBjL2ZyZWU1NC9wYWdlXzEwODAwXzIuZ2lmIikgbm8tcmVwZWF0IGxlZnQgdG9wOwogdGV4dC1pbmRlbnQ6LTk5OTk7CiBkaXNwbGF5OiBibG9jazsKIHdpZHRoOiAzOTdweDsKIGhlaWdodDogMTU0cHg7CiBtYXJnaW46MTVweCAwOyB9Ci0tPgo8L3N0eWxlPgoKCgoKPCEtLeOCq+OCtOS4iuOBhOOBj+OCieOBp+mAgeaWmeeEoeaWmeODkOODiuODvOOBk+OBk+OBvuOBpy0tPgoKCjwhLS3jgqvjgrTkuIrjgYTjgY/jgonjgafpgIHmlpnnhKHmlpnjg5Djg4rjg7zjgZPjgZPjgb7jgactLT4KCjwhLS3ntI3mnJ/mg4XloLEtLT4KCjxzdHlsZSBUWVBFPSJ0ZXh0L2NzcyI+CjwhLS0KdGQuaW52ZW50b3J5IGZvbnR7Zm9udC1zaXplOjEwcHg7Y29sb3I6IzY2NjY2Njt9CgotLT4KPC9zdHlsZT4=,44CQNuS4h+WAi+WujOWjsuOCt+ODquODvOOCuuaWsOS9nO+8geS6uuawl+OBruacrOmdqeS6jOOBpOaKmOOCiumVt+iyoeW4g+OAkeOCt+ODo+ODq+ODreODg+ODiOODu+OCr+ODq+ODvOODqyDjg6zjg4fjgqPjg7zjgrkg44GK6LKh5biDIOWwj+mKreWFpeOCjOOBguOCiiDjgrPjgqTjg7PjgrHjg7zjgrkg44Kr44O844OJ44Kx44O844K5IOODlOODs+OCryDlj6/mhJvjgYQg44GL44KP44GE44GEIOS9v+OBhOOChOOBmeOBhCDjg5fjg6zjgrzjg7Pjg4gg5aWz5oCnIOiqleeUn+aXpeOAkOOBguOBmealveOAke+8muS7o+WumOWxseOCr+ODreOCt+OCp+ODg+ODiA==,44OI44O844OI44OQ44OD44Kw6LKh5biDIOODrOODh+OCo+ODvOOCueOCt+ODp+ODq+ODgOODvOODkOODg+OCsOODleOCoeODvOODkOODg+OCsOiyoeW4g+OBiuiyoeW4g+ODneOCt+OCp+ODg+ODiOOCreODvOOCseODvOOCuemVt+iyoeW4gyDjg6zjg4fjgqPjg7zjgrnplbfosqHluIPjg6rjg6Xjg4Pjgq/osqHluIMg44Os44OH44Kj44O844K5IOS6uuawl+ODnOOCueODiOODs+ODkOODg+OCsCDml4XooYzou73ph4/jg6rjg6Xjg4Pjgq/jgYzjgb7lj6Mg44OQ44OD44Kw44Kt44Oj44Oq44O844OQ44OD44Kw6LKh5biDIOODrOODh+OCo+ODvOOCuSDplbfosqHluIPjgrfjg6fjg6vjg4Djg7wg44Od44K344Kn44OD44OI44Oq44Ol44OD44KvIOODrOODh+OCo+ODvOOCueacrOmdqSDjg6rjg6Xjg4Pjgq/jgJA25LiH5YCL5a6M5aOy44K344Oq44O844K65paw5L2c77yB5Lq65rCX44Gu5pys6Z2p5LqM44Gk5oqY44KK6ZW36LKh5biD44CR44K344Oj44Or44Ot44OD44OI44O744Kv44Or44O844OrIOODrOODh+OCo+ODvOOCuSDjgYrosqHluIMg5bCP6Yqt5YWl44KM44GC44KKIOOCs+OCpOODs+OCseODvOOCuSDjgqvjg7zjg4njgrHjg7zjgrkg44OU44Oz44KvIOWPr+aEm+OBhCDjgYvjgo/jgYTjgYQg5L2/44GE44KE44GZ44GEIOODl+ODrOOCvOODs+ODiCDlpbPmgKcg6KqV55Sf5pel44CQ44GC44GZ5qW944CR,44CQ6ZW36LKh5biDL+ODrOODh+OCo+ODvOOCuS/jg5Tjg7Pjgq8v5pys6Z2pL+OBi+OCj+OBhOOBhC/kurrmsJfjgJHjgILjgJA25LiH5YCL5a6M5aOy44K344Oq44O844K65paw5L2c77yB5Lq65rCX44Gu5pys6Z2p5LqM44Gk5oqY44KK6ZW36LKh5biD44CR44K344Oj44Or44Ot44OD44OI44O744Kv44Or44O844OrIOODrOODh+OCo+ODvOOCuSDjgYrosqHluIMg5bCP6Yqt5YWl44KM44GC44KKIOOCs+OCpOODs+OCseODvOOCuSDjgqvjg7zjg4njgrHjg7zjgrkg44OU44Oz44KvIOWPr+aEm+OBhCDjgYvjgo/jgYTjgYQg5L2/44GE44KE44GZ44GEIOODl+ODrOOCvOODs+ODiCDlpbPmgKcg6KqV55Sf5pel44CQ44GC44GZ5qW944CR[rn]
39-76484,aHR0cDovL3RzaG9wLnIxMHMuanAvY2xvY2hldHRlL2NhYmluZXQvMDI2MTk4Mjgvc2hvaGluL3AzNDkwMDEyXzU4MC5qcGc/Zml0aW49NzAwOjcwMA==,MjMzMjguMDAwMA==,,44OQ44OD44Kw44O75bCP54mp44O744OW44Op44Oz44OJ6ZuR6LKoID4g6LKh5biD44O744Kx44O844K5ID4g44Os44OH44Kj44O844K56LKh5biD,44CQ5oSb44KJ44GX44GE6LWk44Oq44Oc44Oz44Ko44OK44Oh44Or6LKh5biD44CR44Os44OH44Kj44O844K5IOWPr+aEm+OBhCDlpbPmgKcg44GK44GX44KD44KMIOOBi+OCj+OBhOOBhCDkurrmsJcg6LWkIOODquODnOODsyDjg6njgqbjg7Pjg4kg5aSn5Lq6IOODrOOCtuODvCDjgqTjgr/jg6rjgqIg44OX44Os44K844Oz44OIIOacrOmdqSDml6XmnKzoo70g44OV44Kh44K544OK44O85LuY44GNIOODneOCseODg+ODiOOBn+OBj+OBleOCkyDoqpXnlJ/ml6Ug5YWl5a2m56Wd44GEQUVUSEVS44CA772e44Oq44Ol44OQ44Oz44O744OW44O844Kx772eIOmAgeaWmeeEoeaWmSDjgYLjgZnmpb3lr77lv5wg44Ku44OV44OI5a++5b+c,44CQ5oSb44KJ44GX44GE6LWk44Oq44Oc44Oz44Ko44OK44Oh44Or6LKh5biD44CR6LKh5biDIOWls+aApyDjgYvjgo/jgYTjgYQg6LWkIOmVt+iyoeW4gw==,PGJyPjxpZnJhbWUgc3JjPSJodHRwOi8vd3d3LnJha3V0ZW4ubmUuanAvZ29sZC9jbG9jaGV0dGUvY2FyaWxsb24vcDM0OTAwMTIuaHRtbCIgd2lkdGg9Ijg1MCIgaGVpZ2h0PSI3MjAwIiBzY3JvbGxpbmc9Im5vIiBmcmFtZWJvcmRlcj0iMCIgYWxpZ249ImNlbnRlciI+PC9pZnJhbWU+PHRhYmxlIGJvcmRlcj0iMCIgY2VsbHNwYWNpbmc9IjAiIGNlbGxwYWRkaW5nPSIyIj4KPHRyIHZhbGlnbj0idG9wIj4KPHRkIG5vd3JhcD7jgq7jg5Xjg4jlr77lv5w8L3RkPgo8L3RyPgo8L3RhYmxlPgoKPHN0eWxlIHR5cGU9InRleHQvY3NzIj4KPCEtLQouc3R5bGUxIHtjb2xvcjogIzY2NjY2Nn0KLnN0eWxlNCB7Y29sb3I6ICM2NjY2NjY7IGZvbnQtd2VpZ2h0OiBib2xkOyB9Ci5zdHlsZTcgewpjb2xvcjogIzk5MDAwMDsKZm9udC13ZWlnaHQ6IGJvbGQ7Cn0KLS0+Cjwvc3R5bGU+CjxkaXYgYWxpZ249ImxlZnQiPgo8aW1nIHNyYz0iaHR0cDovL2ltYWdlLnJha3V0ZW4uY28uanAvY2xvY2hldHRlL2NhYmluZXQvMDI2MTk4MjgvMDI2MTk4MzAvaW1nNTg3ODQ3NTguanBnIiB3aWR0aD0iMzgwIiBoZWlnaHQ9IjEwMCIgYm9yZGVyPSIwIiAvPjxicj4KPGJyIC8+CjxiciAvPgo8L2Rpdj4KPHRhYmxlIHdpZHRoPSIzODAiIGJvcmRlcj0iMCIgY2VsbHBhZGRpbmc9IjUiIGNlbGxzcGFjaW5nPSIwIiBib3JkZXJjb2xvcj0iIzY2NjY2NiIgc3R5bGU9ImZvbnQtc2l6ZToxMnB4OyI+CiAgICA8dHIgYmdjb2xvcj0iI0Y1REREQyI+IAogICAgICA8dGQgY29sc3Bhbj0iMiIgYWxpZ249ImNlbnRlciIgYmdjb2xvcj0iI0Y1RERDOSIgaGVpZ2h0PSI1MCI+PHNwYW4gY2xhc3M9InN0eWxlMyI+44GK5bGK44GR5LqI5a6a5pelPC9zcGFuPjxzcGFuIGNsYXNzPSJzdHlsZTIiPjxmb250IHNpemU9IisxIj7jgIDvvJo8L2ZvbnQ+PC9zcGFuPjxiPjxzcGFuIGNsYXNzPSJzdHlsZTIiPjxmb250IHNpemU9IisxIj7jgIA8L2ZvbnQ+PC9zcGFuPjxmb250IGNvbG9yPSIjMzMzMzMzIiBzaXplPSIrMSI+44GC44GZ5qW9PC9mb250PjwvYj48L3RkPgogICAgPC90cj4KICAgIDx0ciBiZ2NvbG9yPSIjRkZGRkZGIj4gCiAgICAgIDx0ZCBjb2xzcGFuPSIyIiBhbGlnbj0iY2VudGVyIj48Zm9udCBzaXplPSItMiIgY29sb3I9IiM2NjY2NjYiPuWFpeiNt+eKtuazgeOBq+OCiOOBo+OBpuOAgeOBiuWxiuOBkeS6iOWumuaXpeOBjOWJjeW+jOOBmeOCi+WgtOWQiOOBjOOBguOCiuOBvuOBmeOAgjxicj4KICAgICAgICDmraPlvI/jgarjgYrlsYrjgZHml6XjgYzmsbrjgb7jgormrKHnrKzjgIHjg6Hjg7zjg6vjgavjgabjgZTpgKPntaHjgYTjgZ/jgZfjgb7jgZnjgII8L2ZvbnQ+PC90ZD4KICAgIDwvdHI+CiAgPC90YWJsZT4KICA8YnI+Cjx0YWJsZSB3aWR0aD0iMzgwIiBib3JkZXI9IjAiIGNlbGxzcGFjaW5nPSIwIiBjZWxscGFkZGluZz0iMCI+Cjx0cj4gCjx0ZCBiZ2NvbG9yPSIjRjVEREM5Ij4gCjx0YWJsZSB3aWR0aD0iMzgwIiBib3JkZXI9IjAiIGNlbGxzcGFjaW5nPSIxIiBjZWxscGFkZGluZz0iNCIgc3R5bGU9ImZvbnQtc2l6ZToxMnB4O2NvbG9yOiM2NjY2NjY7bGluZS1oZWlnaHQ6MThweDsiIGJvcmRlcmNvbG9yPSIjNjY2NjY2Ij4KPHRyPiAKPHRkIHdpZHRoPSIzMCUiIGJnY29sb3I9IiNGRkZGRkYiPjxmb250IHNpemU9Ii0xIj4mbmJzcDs8L2ZvbnQ+57Sg5p2QPC90ZD4KPHRkIHdpZHRoPSI3MCUiIGJnY29sb3I9IiNGRkZGRkYiPiAKPHA+IOacrOS9k++8muOCpOOCv+ODquOCouijveOCtOODvOODiOODrOOCtuODvOOAge+8iOODqeODoeeulOOAgeOCqOODiuODoeODq+OCs+ODvOODhuOCo+ODs+OCsO+8iTxzcGFuIGNsYXNzPSJzdHlsZTEiPjxiciAvPgogICAgPC9zcGFuPjxzcGFuIGNsYXNzPSJzdHlsZTEiPuKAu+OBiuWPl+OBkeWPluOCiuWJjeOBq+OAgeW8iuekvuOBq+OBpuWVhuWTgeOCkuOBlOeiuuiqjeOBhOOBn+OBoOOBj+OBk+OBqOOCguWPr+iDveOBp+OBmeOAgjwvc3Bhbj48c3BhbiBjbGFzcz0ic3R5bGU0Ij48YnIgLz4KICAgICAg6Kmz44GX44GP44Gv44Kz44OB44Op44CCPC9zcGFuPjxiciAvPgogIOWGheijhe+8muOCueODhuOCouODrOOCtuODvOOAgeODrOODvOODqOODs+OCs+ODg+ODiOODszxiciAvPgo8L3A+CjwvdGQ+CjwvdHI+Cjx0cj4gCjx0ZCBiZ2NvbG9yPSIjRkZGRkZGIj7jgrXjgqTjgro8L3RkPgo8dGQgYmdjb2xvcj0iI0ZGRkZGRiI+CjxwPue4pu+8mu+8iOe0hO+8iTkuNe+9g++9jTxiciAvPgrmqKrvvJrvvIjntITvvIkyMO+9g++9jQo8YnIgLz4K5Y6a44GV77ya77yI57SE77yJMS41772eMu+9g++9jTwvcD4KPC90ZD4KPC90cj4KPHRyPiAKPHRkIGJnY29sb3I9IiNGRkZGRkYiPjxmb250IHNpemU9Ii0xIj7ph43jgZU8L2ZvbnQ+PC90ZD4KPHRkIGJnY29sb3I9IiNGRkZGRkYiPiAKICAgICAgICAgICAgPHA+57SEMTk0ZzwvcD4KPC90ZD4KPC90cj4KPHRyPiAKPHRkIGJnY29sb3I9IiNGRkZGRkYiPjxmb250IHNpemU9Ii0xIj7ku5Xmp5g8L2ZvbnQ+PC90ZD4KPHRkIGJnY29sb3I9IiNGRkZGRkYiPiAKPHA+IOOBiuacreWFpeOCjOODneOCseODg+ODiMOXMjxiciAvPgogICAgICAgICAgICAgIOWwj+mKreWFpeOCjMOXMTxiciAvPgogICAgICAgICAgICDjgqvjg7zjg4njg53jgrHjg4Pjg4jDlzEyPGJyIC8+CuODleODquODvOODneOCseODg+ODiMOXMwoKPC90ZD4KPC90cj4KPC90YWJsZT4KPC90ZD4KPC90cj4KPC90YWJsZT4KPGJyIC8+Cjx0YWJsZSBzdHlsZT0iRk9OVC1TSVpFOiAxMnB4OyBMSU5FLUhFSUdIVDogMTIwJSIgY2VsbHNwYWNpbmc9MCBjZWxscGFkZGluZz0zIHdpZHRoPTM4MCBib3JkZXI9MD4KPHRib2R5PiAKPHRyPiAKPHRkIGJnY29sb3I9I0Y1RERDOT48c3BhbiBjbGFzcz0ic3R5bGUxIj48Zm9udCBzaXplPS0xPuOBiuaUr+aJleaWueazlSA8L2ZvbnQ+PC9zcGFuPjwvdGQ+CjwvdHI+Cjx0cj4gCjx0ZD48Zm9udCBjb2xvcj0jNTU1NTU1ICAgICAgIHNpemU9LTE+44O744Kv44Os44K444OD44OI44Kr44O844OJPGJyPgrjg7vku6Pph5HlvJXmj5s8YnI+CuODu+mKgOihjOaMr+i+vCjliY3miZXjgYQpPC9mb250PjwvdGQ+CjwvdHI+Cjx0cj4gCjx0ZCBiZ2NvbG9yPSNGNUREQzk+PHNwYW4gY2xhc3M9InN0eWxlMSI+PGZvbnQgc2l6ZT0tMT7pgIHmlpk8L2ZvbnQ+PC9zcGFuPjwvdGQ+CjwvdHI+Cjx0cj4gCjx0ZD48Zm9udCBzaXplPS0xPjxzcGFuIGNsYXNzPSJzdHlsZTciPumAgeaWmeeEoeaWmTwvc3Bhbj48L2ZvbnQ+PC90ZD4KPC90cj4KPHRyPiAKPHRkIGJnY29sb3I9I0Y1RERDOSBjbGFzcz0ic3R5bGUxIj48Zm9udCBzaXplPS0xPumFjemAgeaWueazlTwvZm9udD48L3RkPgo8L3RyPgo8dHI+IAo8dGQ+PGZvbnQgY29sb3I9IiM1NTU1NTUiIHNpemU9Ii0xIj7kvZDlt53mgKXkvr88L2ZvbnQ+PC90ZD4KPC90cj4KPC90Ym9keT4gCjwvdGFibGU+CjxiciAvPgo8aW1nIHNyYz0iaHR0cDovL2ltYWdlLnJha3V0ZW4uY28uanAvY2xvY2hldHRlL2NhYmluZXQvMDI2MTk4MjgvMDI2MTk4MzAvaW1nNTg3ODYwNTUuZ2lmIiB3aWR0aD0iMzgwIiBoZWlnaHQ9IjM1Ij4gCjx0YWJsZSBib3JkZXI9IjAiIGNlbGxwYWRkaW5nPSI1IiBjZWxsc3BhY2luZz0iMSIgd2lkdGg9IjM4MCIgc3R5bGU9ImZvbnQtc2l6ZToxMnB4O2NvbG9yOiM2NjY2NjY7bGluZS1oZWlnaHQ6MThweDsiPgo8dHI+IAo8dGQgd2lkdGg9IjMlIiB2YWxpZ249InRvcCI+PGI+PGZvbnQgY29sb3I9IiM4MjVFM0UiPuKXhjwvZm9udD48L2I+PC90ZD4KPHRkIHdpZHRoPSI5NyUiPuOBk+OBoeOCieOBruWVhuWTgeOBr+OAgeS7o+WumOWxseOCr+ODreOCt+OCp+ODg+ODiOOBruWVhuWTgeOBqOOBruWQjOaiseOBr+OBp+OBjeOBvuOBm+OCk+OAguOBqeOBhuOBnuOBlOS6huaJv+OBj+OBoOOBleOBhOOAgjwvdGQ+CjwvdHI+Cjx0cj4gCjx0ZCB3aWR0aD0iMyUiIHZhbGlnbj0idG9wIj48Yj48Zm9udCBjb2xvcj0iIzgyNUUzRSI+4peGPC9mb250PjwvYj48L3RkPgo8dGQgd2lkdGg9Ijk3JSI+57Sg5p2Q44Gv77yR44Gk77yR44Gk5Y6z6YG444GX44CB44CM44GU5rqA6Laz44GE44Gf44Gg44GR44KL44CN44Go56K65L+h44GZ44KL44KC44Gu44KS44GK5Ye644GX44GX44Gm44GE44G+44GZ44GM44CB5aSp54S255qu6Z2p44Gr44Gv44CB57Sg5p2Q5pys5p2l44GM5oyB44Gk5b6u57Sw44Gq44Kt44K644Gq44Gp44GM44Gk44GE44Gm44GE44KL5aC05ZCI44GM44GU44GW44GE44G+44GZ44CC5LqI44KB44GU5LqG5om/44GP44Gg44GV44GE44CCPC90ZD4KPC90cj4KPHRyPgo8dGQgdmFsaWduPSJ0b3AiPjxiPjxmb250IGNvbG9yPSIjODI1RTNFIj7il4Y8L2ZvbnQ+PC9iPjwvdGQ+Cjx0ZD7jgqjjg4rjg6Hjg6vliqDlt6Xjga/msLTjgavlvLfjgYTjgajjgZXjgozjgabjgYTjgb7jgZnjgYzjgIHmnKzpnanjga7jgZ/jgoHjgIHmv6HjgozjgZ/loLTlkIjjgarjganplbfmmYLplpPmlL7nva7jgZfjgb7jgZnjgajjgIHjgrfjg5/jgajjgarjgaPjgabmrovjgaPjgabjgZfjgb7jgYbloLTlkIjjgoLjgZTjgZbjgYTjgb7jgZnjgILmv6HjgozjgabjgZfjgb7jgaPjgZ/loLTlkIjjga/jgIHmn5TjgonjgYvjgYTluIPjgafml6njgYTjgYbjgaHjgavmsLTliIbjgpLmi63jgY3lj5bjgaPjgabjgY/jgaDjgZXjgYTjgIIgIDwvdGQ+CjwvdHI+Cjx0cj4gCjx0ZCB3aWR0aD0iMyUiIHZhbGlnbj0idG9wIj48Yj48Zm9udCBjb2xvcj0iIzgyNUUzRSI+4peGPC9mb250PjwvYj48L3RkPgo8dGQgd2lkdGg9Ijk3JSI+5pKu5b2x44Gv5a6f54mp44Gr6L+R44GP44Gq44KL44KI44GG5pyA5aSn6ZmQ44Gr55WZ5oSP44GX44Gm6KGM44Gj44Gm44GE44G+44GZ44GM44CB44GK5L2/44GE44Gu44Oi44OL44K/44Gr44KI44Gj44Gm44KC6Imy44Gv55Ww44Gq44KL44Gf44KB44CB55S75YOP44Go5a6f54mp44Gu5Y2w6LGh44GM55Ww44Gq44KL5aC05ZCI44KC44GU44GW44GE44G+44GZ44Gu44Gn5LqI44KB44GU5LqG5om/44GP44Gg44GV44GE44CC44GK5Y+X44GR5Y+W44KK5YmN44Gr5a6f54mp44KS44GU6Kan44Gr44Gq44KK44Gf44GE5aC05ZCI44Gr44GvPGZvbnQgY29sb3I9IiM2NjY2NjYiPuODoeODvOODqzwvZm9udD7jgavjgabjgZTnm7joq4fjgY/jgaDjgZXjgYTjgII8L3RkPgo8L3RyPgo8L3RhYmxlPjwhLS3jg5rjg7zjgrjmqKrjga7ov73pmo/jg5Djg4rjg7zjgZPjgZPjgYvjgoktLT4KCjxzdHlsZSB0eXBlPSJ0ZXh0L2NzcyI+CjwhLS0KCiNyYWt1dGVuTGltaXRlZElkX2Fyb3VuZENhcnQgc3Bhbi5jaG9pY2UgKyBzZWxlY3QgewogICAgZGlzcGxheTogYmxvY2sgIWltcG9ydGFudDsKICAgIHBhZGRpbmc6IDhweDsKICAgIG1hcmdpbi1ib3R0b206IDJweDsKICAgIGJvcmRlci1yYWRpdXM6IDJweDsgICAKfQoKI3Jha3V0ZW5MaW1pdGVkSWRfYXJvdW5kQ2FydCBzcGFuLmNob2ljZSB7CiAgICBkaXNwbGF5OiBpbmxpbmUtYmxvY2s7CiAgICBwb3NpdGlvbjpyZWxhdGl2ZTsKICAgIHBhZGRpbmc6IDhweDsKICAgIG1hcmdpbi1ib3R0b206IDhweDsKICAgIGJhY2tncm91bmQ6ICNlZWU7IC8q5ZC544GN5Ye644GX44Gu6IOM5pmv6ImyICovCiAgICBib3JkZXItcmFkaXVzOiAycHg7Cn0KI3Jha3V0ZW5MaW1pdGVkSWRfYXJvdW5kQ2FydCBzcGFuLmNob2ljZTphZnRlciB7CiAgICBjb250ZW50OiAiIjsKICAgIHBvc2l0aW9uOiBhYnNvbHV0ZTsKICAgIGJvdHRvbTogLThweDsKICAgIGxlZnQ6IDI0cHg7CiAgICBtYXJnaW4tbGVmdDogLThweDsKICAgIGRpc3BsYXk6IGJsb2NrOwogICAgd2lkdGg6IDBweDsKICAgIGhlaWdodDogMHB4OwogICAgYm9yZGVyLXN0eWxlOiBzb2xpZDsKICAgIGJvcmRlci13aWR0aDogOHB4IDhweCAwIDhweDsKICAgIGJvcmRlci1jb2xvcjogI2VlZSB0cmFuc3BhcmVudCB0cmFuc3BhcmVudCB0cmFuc3BhcmVudDsKfQotLT4KPC9zdHlsZT4KCgo8c3R5bGUgdHlwZT0idGV4dC9jc3MiPgo8IS0tCgouaXRlbV9uYW1lIHsKZGlzcGxheTpibG9jazsKbWFyZ2luLWJvdHRvbToxNXB4Owp9CgouY2F0Y2hfY29weSB7CmRpc3BsYXk6YmxvY2s7Cm1hcmdpbi1ib3R0b206MTVweDsKfQoKLS0+Cjwvc3R5bGU+CgoKPHN0eWxlIHR5cGU9InRleHQvY3NzIj4KPCEtLQphI3JjX3JpZ2h0QXJlYSB7CiB3aWR0aDogMzc4cHg7IC8q55S75YOP44Gu5YWo5L2T5bmFKi8KIHBvc2l0aW9uOiBmaXhlZDsKIHRvcDogMTAwcHg7CiByaWdodDogLTMwNXB4OyAvKuODnuOCpuOCueOCkuS5l+OBm+OBn+aZguOBq+WHuuOBpuOBj+OCi+W5hSovCiBkaXNwbGF5OiBpbmxpbmUtYmxvY2s7CiB0cmFuc2l0aW9uOiBhbGwgLjJzIGVhc2U7CiB6LWluZGV4OiA5OTk5Owp9CmEjcmNfcmlnaHRBcmVhOmhvdmVyewogcmlnaHQ6IDA7Cn0KLS0+Cjwvc3R5bGU+Cgo8c3R5bGUgdHlwZT0idGV4dC9jc3MiPgo8IS0tCmEjcmNfcmlnaHRBcmVhMiB7CiB3aWR0aDogMzc4cHg7IC8q55S75YOP44Gu5YWo5L2T5bmFKi8KIHBvc2l0aW9uOiBmaXhlZDsKIHRvcDogNTAwcHg7CiByaWdodDogLTMwNXB4OyAvKuODnuOCpuOCueOCkuS5l+OBm+OBn+aZguOBq+WHuuOBpuOBj+OCi+W5hSovCiBkaXNwbGF5OiBpbmxpbmUtYmxvY2s7CiB0cmFuc2l0aW9uOiBhbGwgLjJzIGVhc2U7CiB6LWluZGV4OiA5OTk5Owp9CmEjcmNfcmlnaHRBcmVhMjpob3ZlcnsKIHJpZ2h0OiAwOwp9Ci0tPgo8L3N0eWxlPgoKCgo8aW1nIHNyYz0iaHR0cHM6Ly9pbWFnZS5yYWt1dGVuLmNvLmpwL2Nsb2NoZXR0ZS9jYWJpbmV0L3RvcHBhZ2UvaW1ncmMwMDcyMzIyNDIxLmpwZyIgLz4KPGJyPgo8IS0tCiA8aW1nIHNyYz0iaHR0cDovL2ltYWdlLnJha3V0ZW4uY28uanAvY2xvY2hldHRlL2NhYmluZXQvdG9wcGFnZS9pbWdyYzAwNjkwMjM4MDUuanBnIiAvPiAtLT4gCgoKPCEtLeODmuODvOOCuOaoquOBrui/vemaj+ODkOODiuODvOOBk+OBk+OBvuOBpy0tPgoKCgoKPCEtLeOCq+OCtOS4iuOBhOOBj+OCieOBp+mAgeaWmeeEoeaWmeODkOODiuODvOOBk+OBk+OBi+OCiS0tPgoKCgo8c3R5bGUgdHlwZT0idGV4dC9jc3MiPgo8IS0tCnNwYW4udW5pdCB7CiBiYWNrZ3JvdW5kOiB1cmwoImh0dHA6Ly9pbWFnZS5yYWt1dGVuLmNvLmpwL2Nsb2NoZXR0ZS9jYWJpbmV0L2tpa2FrdXBjL2ZyZWU1NC9wYWdlXzEwODAwXzIuZ2lmIikgbm8tcmVwZWF0IGxlZnQgdG9wOwogdGV4dC1pbmRlbnQ6LTk5OTk7CiBkaXNwbGF5OiBibG9jazsKIHdpZHRoOiAzOTdweDsKIGhlaWdodDogMTU0cHg7CiBtYXJnaW46MTVweCAwOyB9Ci0tPgo8L3N0eWxlPgoKCgoKPCEtLeOCq+OCtOS4iuOBhOOBj+OCieOBp+mAgeaWmeeEoeaWmeODkOODiuODvOOBk+OBk+OBvuOBpy0tPgoKCjwhLS3jgqvjgrTkuIrjgYTjgY/jgonjgafpgIHmlpnnhKHmlpnjg5Djg4rjg7zjgZPjgZPjgb7jgactLT4KCjwhLS3ntI3mnJ/mg4XloLEtLT4KCjxzdHlsZSBUWVBFPSJ0ZXh0L2NzcyI+CjwhLS0KdGQuaW52ZW50b3J5IGZvbnR7Zm9udC1zaXplOjEwcHg7Y29sb3I6IzY2NjY2Njt9CgotLT4KPC9zdHlsZT4=,44CQ5oSb44KJ44GX44GE6LWk44Oq44Oc44Oz44Ko44OK44Oh44Or6LKh5biD44CR44Os44OH44Kj44O844K5IOWPr+aEm+OBhCDlpbPmgKcg44GK44GX44KD44KMIOOBi+OCj+OBhOOBhCDkurrmsJcg6LWkIOODquODnOODsyDjg6njgqbjg7Pjg4kg5aSn5Lq6IOODrOOCtuODvCDjgqTjgr/jg6rjgqIg44OX44Os44K844Oz44OIIOacrOmdqSDml6XmnKzoo70g44OV44Kh44K544OK44O85LuY44GNIOODneOCseODg+ODiOOBn+OBj+OBleOCkyDoqpXnlJ/ml6Ug5YWl5a2m56Wd44GEQUVUSEVS44CA772e44Oq44Ol44OQ44Oz44O744OW44O844Kx772eIOmAgeaWmeeEoeaWmSDjgYLjgZnmpb3lr77lv5wg44Ku44OV44OI5a++5b+c77ya5Luj5a6Y5bGx44Kv44Ot44K344Kn44OD44OI,44OI44O844OI44OQ44OD44Kw6LKh5biDIOODrOODh+OCo+ODvOOCueOCt+ODp+ODq+ODgOODvOODkOODg+OCsOODleOCoeODvOODkOODg+OCsOiyoeW4g+OBiuiyoeW4g+ODneOCt+OCp+ODg+ODiOOCreODvOOCseODvOOCuemVt+iyoeW4gyDjg6zjg4fjgqPjg7zjgrnplbfosqHluIPjg6rjg6Xjg4Pjgq/osqHluIMg44Os44OH44Kj44O844K5IOS6uuawl+ODnOOCueODiOODs+ODkOODg+OCsCDml4XooYzou73ph4/jg6rjg6Xjg4Pjgq/jgYzjgb7lj6Mg44OQ44OD44Kw44Kt44Oj44Oq44O844OQ44OD44Kw6LKh5biDIOODrOODh+OCo+ODvOOCuSDplbfosqHluIPjgrfjg6fjg6vjg4Djg7wg44Od44K344Kn44OD44OI44Oq44Ol44OD44KvIOODrOODh+OCo+ODvOOCueacrOmdqSDjg6rjg6Xjg4Pjgq/jgJDmhJvjgonjgZfjgYTotaTjg6rjg5zjg7Pjgqjjg4rjg6Hjg6vosqHluIPjgJHjg6zjg4fjgqPjg7zjgrkg5Y+v5oSb44GEIOWls+aApyDjgYrjgZfjgoPjgowg44GL44KP44GE44GEIOS6uuawlyDotaQg44Oq44Oc44OzIOODqeOCpuODs+ODiSDlpKfkurog44Os44K244O8IOOCpOOCv+ODquOCoiDjg5fjg6zjgrzjg7Pjg4gg5pys6Z2pIOaXpeacrOijvSDjg5XjgqHjgrnjg4rjg7zku5jjgY0g44Od44Kx44OD44OI44Gf44GP44GV44KTIOiqleeUn+aXpSDlhaXlrabnpZ3jgYRBRVRIRVLjgIDvvZ7jg6rjg6Xjg5Djg7Pjg7vjg5bjg7zjgrHvvZ4g6YCB5paZ54Sh5paZIOOBguOBmealveWvvuW/nCDjgq7jg5Xjg4jlr77lv5w=,44CQ5oSb44KJ44GX44GE6LWk44Oq44Oc44Oz44Ko44OK44Oh44Or6LKh5biD44CR6LKh5biDIOWls+aApyDjgYvjgo/jgYTjgYQg6LWkIOmVt+iyoeW4g+OAguOAkOaEm+OCieOBl+OBhOi1pOODquODnOODs+OCqOODiuODoeODq+iyoeW4g+OAkeODrOODh+OCo+ODvOOCuSDlj6/mhJvjgYQg5aWz5oCnIOOBiuOBl+OCg+OCjCDjgYvjgo/jgYTjgYQg5Lq65rCXIOi1pCDjg6rjg5zjg7Mg44Op44Km44Oz44OJIOWkp+S6uiDjg6zjgrbjg7wg44Kk44K/44Oq44KiIOODl+ODrOOCvOODs+ODiCDmnKzpnakg5pel5pys6KO9IOODleOCoeOCueODiuODvOS7mOOBjSDjg53jgrHjg4Pjg4jjgZ/jgY/jgZXjgpMg6KqV55Sf5pelIOWFpeWtpuelneOBhEFFVEhFUuOAgO+9nuODquODpeODkOODs+ODu+ODluODvOOCse+9niDpgIHmlpnnhKHmlpkg44GC44GZ5qW95a++5b+cIOOCruODleODiOWvvuW/nA==[rn]
39-76485,aHR0cDovL3RzaG9wLnIxMHMuanAvY2xvY2hldHRlL2NhYmluZXQvMDI2MTk4Mjgvc2hvaGluL2ltZ3JjMDA3MTY5OTc4NS5qcGc/Zml0aW49NzAwOjcwMA==,MjA3MzYuMDAwMA==,,44OQ44OD44Kw44O75bCP54mp44O744OW44Op44Oz44OJ6ZuR6LKoID4g6LKh5biD44O744Kx44O844K5ID4g44Os44OH44Kj44O844K56LKh5biD,44CQ5oSb44KJ44GX44GE5qGc44Gu5pys6Z2p44GM44G+5Y+j6LKh5biD44CR5Y+v5oSb44GEIOS9v+OBhOOChOOBmeOBhCDjg6zjg4fjgqPjg7zjgrkg5aWz5oCn55So44Of44OL6LKh5biDIOOBiuiyoeW4gyDkuozjgaTmipjjgoog5pel5pys6KO9IOOBi+OCj+OBhOOBhCDjgYrjgZfjgoPjgowg5aSn5Lq6IOODlOODs+OCryDoirHmn4Qg44GV44GP44KJIOiqleeUn+aXpSDoqJjlv7Xml6Ug44OX44Os44K844Oz44OIQUVUSEVSKOOCqOODvOODhuODqykg772e44K144Kv44Op44O744Kq44OH44OD44OI772e6YCB5paZ54Sh5paZIOOBguOBmealveWvvuW/nCDjgq7jg5Xjg4jlr77lv5w=,6LKh5biDIOWls+aApyDmnKzpnakg44GV44GP44KJIOahnCDjg5fjg6zjgrzjg7Pjg4gg44OU44Oz44Kv44CQ6YCB5paZ54Sh5paZ44CR,PGNlbnRlcj4KICA8aW1nIHNyYz0iaHR0cDovL2ltYWdlLnJha3V0ZW4uY28uanAvY2xvY2hldHRlL2NhYmluZXQvMDI2MTk4Mjgvc2hvaGluL3AzNTMwMDA5XzEuanBnIj48YnI+CiAgPGltZyBzcmM9Imh0dHA6Ly9pbWFnZS5yYWt1dGVuLmNvLmpwL2Nsb2NoZXR0ZS9jYWJpbmV0LzAyNjE5ODI4L3Nob2hpbi9wMzUzMDAwOV8yLmpwZyI+PGJyPgogIDxpbWcgc3JjPSJodHRwOi8vaW1hZ2UucmFrdXRlbi5jby5qcC9jbG9jaGV0dGUvY2FiaW5ldC8wMjYxOTgyOC9zaG9oaW4vcDM1MzAwMDlfMy5qcGciPjxicj4KICA8aW1nIHNyYz0iaHR0cDovL2ltYWdlLnJha3V0ZW4uY28uanAvY2xvY2hldHRlL2NhYmluZXQvMDI2MTk4Mjgvc2hvaGluL3AzNTMwMDA5XzQuanBnIj48YnI+CiAgPGltZyBzcmM9Imh0dHA6Ly9pbWFnZS5yYWt1dGVuLmNvLmpwL2Nsb2NoZXR0ZS9jYWJpbmV0LzAyNjE5ODI4L3Nob2hpbi9wMzUzMDAwOV81LmpwZyI+PGJyPgogIDxpbWcgc3JjPSJodHRwOi8vaW1hZ2UucmFrdXRlbi5jby5qcC9jbG9jaGV0dGUvY2FiaW5ldC8wMjYxOTgyOC9zaG9oaW4vcDM1MzAwMDlfNi5qcGciPjxicj4KICA8aW1nIHNyYz0iaHR0cDovL2ltYWdlLnJha3V0ZW4uY28uanAvY2xvY2hldHRlL2NhYmluZXQvMDI2MTk4Mjgvc2hvaGluL3AzNTMwMDA5XzcuanBnIj48YnI+CiAgPGltZyBzcmM9Imh0dHA6Ly9pbWFnZS5yYWt1dGVuLmNvLmpwL2Nsb2NoZXR0ZS9jYWJpbmV0LzAyNjE5ODI4L3Nob2hpbi9wMzUzMDAwOV84LmpwZyI+PGJyPgogIDxpbWcgc3JjPSJodHRwOi8vaW1hZ2UucmFrdXRlbi5jby5qcC9jbG9jaGV0dGUvY2FiaW5ldC8wMjYxOTgyOC9zaG9oaW4vcDM1MzAwMDlfOS5qcGciPjxicj4KICA8aW1nIHNyYz0iaHR0cDovL2ltYWdlLnJha3V0ZW4uY28uanAvY2xvY2hldHRlL2NhYmluZXQvMDI2MTk4Mjgvc2hvaGluL3AzNTMwMDA5XzEwLmpwZyI+PGJyPgogIOKAu+OBsuOBqOOBpOOBsuOBqOOBpOeVsOOBquOCi+mDqOS9jeOBp+OBiuOBpOOBj+OCiuOBl+OBpuOBhOOCi+OBn+OCgeOAgeOBmeOBueOBpuafhOOBrueVsOOBquOCizHngrnjgoLjga7jgafjgZnjgII8YnI+CiAg5YaZ55yf44Gu44K144Oz44OX44Or44Go44Gv5p+E44Gu55Ww44Gq44KK44G+44GZ44GT44Go44KS5LqI44KB44GU5LqG5om/44GP44Gg44GV44GE44CCIAo8L2NlbnRlcj48dGFibGUgYm9yZGVyPSIwIiBjZWxsc3BhY2luZz0iMCIgY2VsbHBhZGRpbmc9IjIiPgo8dHIgdmFsaWduPSJ0b3AiPgo8dGQgbm93cmFwPuOCruODleODiOWvvuW/nDwvdGQ+CjwvdHI+CjwvdGFibGU+Cgo8c3R5bGUgdHlwZT0idGV4dC9jc3MiPgo8IS0tCi5zdHlsZTEge2NvbG9yOiAjNjY2NjY2fQouc3R5bGU0IHtjb2xvcjogIzY2NjY2NjsgZm9udC13ZWlnaHQ6IGJvbGQ7IH0KLnN0eWxlNyB7CmNvbG9yOiAjOTkwMDAwOwpmb250LXdlaWdodDogYm9sZDsKfQotLT4KPC9zdHlsZT4KPGRpdiBhbGlnbj0ibGVmdCI+IAo8aW1nIHNyYz0iaHR0cDovL2ltYWdlLnJha3V0ZW4uY28uanAvY2xvY2hldHRlL2NhYmluZXQvMDI2MTk4MjgvMDI2MTk4MzAvaW1nNTg3ODQ3NTguanBnIiB3aWR0aD0iMzgwIiBoZWlnaHQ9IjEwMCIgYm9yZGVyPSIwIiAvPjxicj4KPGJyPgo8aW1nIHNyYz0iaHR0cDovL2ltYWdlLnJha3V0ZW4uY28uanAvY2xvY2hldHRlL2NhYmluZXQvMDI2MTk4MjgvMDI2MTk4MzAvaW1nNTg3ODYwNzkuanBnIiB3aWR0aD0iMzgwIiBoZWlnaHQ9IjEwMCIgYm9yZGVyPSIwIiAvPjxiciAvPgo8YnIgLz4KPC9kaXY+Cjx0YWJsZSB3aWR0aD0iMzgwIiBib3JkZXI9IjAiIGNlbGxwYWRkaW5nPSI1IiBjZWxsc3BhY2luZz0iMCIgYm9yZGVyY29sb3I9IiM2NjY2NjYiIHN0eWxlPSJmb250LXNpemU6MTJweDsiPgogICAgPHRyIGJnY29sb3I9IiNGNUREREMiPiAKICAgICAgPHRkIGNvbHNwYW49IjIiIGFsaWduPSJjZW50ZXIiIGJnY29sb3I9IiNGNUREQzkiIGhlaWdodD0iNTAiPjxwPjxzcGFuIGNsYXNzPSJzdHlsZTMiPuOBiuWxiuOBkeS6iOWumuaXpTwvc3Bhbj48c3BhbiBjbGFzcz0ic3R5bGUyIj48Zm9udCBzaXplPSIrMSI+44CA77yaPC9mb250Pjwvc3Bhbj48Yj48c3BhbiBjbGFzcz0ic3R5bGUyIj48Zm9udCBzaXplPSIrMSI+44CAPC9mb250Pjwvc3Bhbj48Zm9udCBjb2xvcj0iIzMzMzMzMyIgc2l6ZT0iKzEiPuOBguOBmealveWvvuW/nDwvZm9udD48L2I+PC9wPgogICAgICA8L3RkPgogICAgPC90cj4KICAgIAogIDwvdGFibGU+Cjx0YWJsZSB3aWR0aD0iMzgwIiBib3JkZXI9IjAiIGNlbGxzcGFjaW5nPSIwIiBjZWxscGFkZGluZz0iMCI+Cjx0cj4gCjx0ZCBiZ2NvbG9yPSIjRjVEREM5Ij4gCjx0YWJsZSB3aWR0aD0iMzgwIiBib3JkZXI9IjAiIGNlbGxzcGFjaW5nPSIxIiBjZWxscGFkZGluZz0iNCIgc3R5bGU9ImZvbnQtc2l6ZToxMnB4O2NvbG9yOiM2NjY2NjY7bGluZS1oZWlnaHQ6MThweDsiIGJvcmRlcmNvbG9yPSIjNjY2NjY2Ij4KPHRyPiAKPHRkIHdpZHRoPSIzMCUiIGJnY29sb3I9IiNGRkZGRkYiPjxmb250IHNpemU9Ii0xIj4mbmJzcDs8L2ZvbnQ+57Sg5p2QPC90ZD4KPHRkIHdpZHRoPSI3MCUiIGJnY29sb3I9IiNGRkZGRkYiPiAKPHA+IOacrOS9k++8muOCpOOCv+ODquOCouijveeJm+OCueOCpuOCp+ODvOODiTxiciAvPgogIDxzcGFuIGNsYXNzPSJzdHlsZTEiPuKAuzHmnprjga7pnanjgYvjgonoo4Hmlq3jgZfjgabjgYTjgovjgZ/jgoHjgIHpg6jkvY3jgavjgojjgaPjgaboibLjga7opovjgYjmlrnjga/jgZnjgbnjgabnlbDjgarjgorjgIHnlLvlg4/jga7jgrXjg7Pjg5fjg6vjgajlkIzjgZjjga7jgoLjga7jgavjga/jgarjgorjgb7jgZvjgpPjgZPjgajjgpLkuojjgoHjgZTkuobmib/jgY/jgaDjgZXjgYTjgb7jgZvjgII8YnIgLz4KICAgIDwvc3Bhbj48c3BhbiBjbGFzcz0ic3R5bGUxIj7igLvoh6rnlLHjgYzkuJjlupfjgavjgabllYblk4HjgpLjgZTnorroqo3jgYTjgZ/jgaDjgY/jgZPjgajjgoLlj6/og73jgafjgZnjgII8L3NwYW4+PHNwYW4gY2xhc3M9InN0eWxlNCI+PGJyIC8+CiAgICAgIOips+OBl+OBj+OBr+OCs+ODgeODqeOAgjwvc3Bhbj48YnIgLz4KICDlhoXoo4XvvJrjgrnjg4bjgqLjg6zjgrbjg7zjgIHjg6zjg7zjg6jjg7PjgrPjg4Pjg4jjg7M8YnIgLz4KPC9wPgo8L3RkPgo8L3RyPgo8dHI+IAo8dGQgYmdjb2xvcj0iI0ZGRkZGRiI+44K144Kk44K6PC90ZD4KPHRkIGJnY29sb3I9IiNGRkZGRkYiPgo8cD7nuKY657SEMTBjbTxicj4K5qiqOue0hDExY208YnI+CuWOmuOBlTrntIQzY208L3A+CjwvdGQ+CjwvdHI+Cjx0cj4gCjx0ZCBiZ2NvbG9yPSIjRkZGRkZGIj48Zm9udCBzaXplPSItMSI+6YeN44GVPC9mb250PjwvdGQ+Cjx0ZCBiZ2NvbG9yPSIjRkZGRkZGIj4gCiAgICAgICAgICAgIDxwPue0hDEyNmc8L3A+CjwvdGQ+CjwvdHI+Cjx0cj4gCjx0ZCBiZ2NvbG9yPSIjRkZGRkZGIj48Zm9udCBzaXplPSItMSI+5LuV5qeYPC9mb250PjwvdGQ+Cjx0ZCBiZ2NvbG9yPSIjRkZGRkZGIj4gCjxwPuOBiuacreWFpeOCjOODneOCseODg+ODiMOXMjxicj4K5bCP6Yqt5YWl44KMw5cxPGJyPgrjgqvjg7zjg4njg53jgrHjg4Pjg4jDlzEwPGJyPgo8L3RkPgo8L3RyPgo8L3RhYmxlPgo8L3RkPgo8L3RyPgo8L3RhYmxlPgo8YnIgLz4KPHRhYmxlIHN0eWxlPSJGT05ULVNJWkU6IDEycHg7IExJTkUtSEVJR0hUOiAxMjAlIiBjZWxsc3BhY2luZz0wIGNlbGxwYWRkaW5nPTMgd2lkdGg9MzgwIGJvcmRlcj0wPgo8dGJvZHk+IAo8dHI+IAo8dGQgYmdjb2xvcj0jRjVEREM5PjxzcGFuIGNsYXNzPSJzdHlsZTEiPjxmb250IHNpemU9LTE+44GK5pSv5omV5pa55rOVIDwvZm9udD48L3NwYW4+PC90ZD4KPC90cj4KPHRyPiAKPHRkPjxmb250IGNvbG9yPSM1NTU1NTUgICAgICAgc2l6ZT0tMT7jg7vjgq/jg6zjgrjjg4Pjg4jjgqvjg7zjg4k8YnI+CuODu+S7o+mHkeW8leaPmwo8YnI+CuODu+mKgOihjOaMr+i+vCjliY3miZXjgYQpPC9mb250PjwvdGQ+CjwvdHI+Cjx0cj4gCjx0ZCBiZ2NvbG9yPSNGNUREQzk+PHNwYW4gY2xhc3M9InN0eWxlMSI+PGZvbnQgc2l6ZT0tMT7pgIHmlpk8L2ZvbnQ+PC9zcGFuPjwvdGQ+CjwvdHI+Cjx0cj4gCjx0ZD48Zm9udCBzaXplPS0xPjxzcGFuIGNsYXNzPSJzdHlsZTciPumAgeaWmeeEoeaWmTwvc3Bhbj48L2ZvbnQ+PC90ZD4KPC90cj4KPHRyPiAKPHRkIGJnY29sb3I9I0Y1RERDOSBjbGFzcz0ic3R5bGUxIj48Zm9udCBzaXplPS0xPumFjemAgeaWueazlTwvZm9udD48L3RkPgo8L3RyPgo8dHI+IAo8dGQ+PGZvbnQgY29sb3I9IiM1NTU1NTUiIHNpemU9Ii0xIj7kvZDlt53mgKXkvr88L2ZvbnQ+PC90ZD4KPC90cj4KPC90Ym9keT4gCjwvdGFibGU+CjxiciAvPgo8aW1nIHNyYz0iaHR0cDovL2ltYWdlLnJha3V0ZW4uY28uanAvY2xvY2hldHRlL2NhYmluZXQvMDI2MTk4MjgvMDI2MTk4MzAvaW1nNTg3ODYwNTUuZ2lmIiB3aWR0aD0iMzgwIiBoZWlnaHQ9IjM1Ij4gCjx0YWJsZSBib3JkZXI9IjAiIGNlbGxwYWRkaW5nPSI1IiBjZWxsc3BhY2luZz0iMSIgd2lkdGg9IjM4MCIgc3R5bGU9ImZvbnQtc2l6ZToxMnB4O2NvbG9yOiM2NjY2NjY7bGluZS1oZWlnaHQ6MThweDsiPgo8dHI+IAo8dGQgd2lkdGg9IjMlIiB2YWxpZ249InRvcCI+PGI+PGZvbnQgY29sb3I9IiM4MjVFM0UiPuKXhjwvZm9udD48L2I+PC90ZD4KPHRkIHdpZHRoPSI5NyUiPuOBk+OBoeOCieOBruWVhuWTgeOBr+OAgeS7o+WumOWxseOCr+ODreOCt+OCp+ODg+ODiOOBruWVhuWTgeOBqOOBruWQjOaiseOBr+OBp+OBjeOBvuOBm+OCk+OAguOBqeOBhuOBnuOBlOS6huaJv+OBj+OBoOOBleOBhOOAgjwvdGQ+CjwvdHI+Cjx0cj4gCjx0ZCB3aWR0aD0iMyUiIHZhbGlnbj0idG9wIj48Yj48Zm9udCBjb2xvcj0iIzgyNUUzRSI+4peGPC9mb250PjwvYj48L3RkPgo8dGQgd2lkdGg9Ijk3JSI+57Sg5p2Q44Gv77yR44Gk77yR44Gk5Y6z6YG444GX44CB44CM44GU5rqA6Laz44GE44Gf44Gg44GR44KL44CN44Go56K65L+h44GZ44KL44KC44Gu44KS44GK5Ye644GX44GX44Gm44GE44G+44GZ44GM44CB5aSp54S255qu6Z2p44Gr44Gv44CB57Sg5p2Q5pys5p2l44GM5oyB44Gk5b6u57Sw44Gq44Kt44K644Gq44Gp44GM44Gk44GE44Gm44GE44KL5aC05ZCI44GM44GU44GW44GE44G+44GZ44CC5LqI44KB44GU5LqG5om/44GP44Gg44GV44GE44CCPC90ZD4KPC90cj4KPHRyPiAKPHRkIHdpZHRoPSIzJSIgdmFsaWduPSJ0b3AiPjxiPjxmb250IGNvbG9yPSIjODI1RTNFIj7il4Y8L2ZvbnQ+PC9iPjwvdGQ+Cjx0ZCB3aWR0aD0iOTclIj7mkq7lvbHjga/lrp/nianjgavov5HjgY/jgarjgovjgojjgYbmnIDlpKfpmZDjgavnlZnmhI/jgZfjgabooYzjgaPjgabjgYTjgb7jgZnjgYzjgIHjgYrkvb/jgYTjga7jg6Ljg4vjgr/jgavjgojjgaPjgabjgoLoibLjga/nlbDjgarjgovjgZ/jgoHjgIHnlLvlg4/jgajlrp/nianjga7ljbDosaHjgYznlbDjgarjgovloLTlkIjjgoLjgZTjgZbjgYTjgb7jgZnjga7jgafkuojjgoHjgZTkuobmib/jgY/jgaDjgZXjgYTjgILlrp/nianjgpLjgZTopqfjgavjgarjgorjgZ/jgYTloLTlkIjjgavjga88Zm9udCBjb2xvcj0iIzY2NjY2NiI+6Ieq55Sx44GM5LiY5bqXPC9mb250PuOBq+OBpuOBlOadpeW6l+OBj+OBoOOBleOBhOOAgjwvdGQ+CjwvdHI+CjwvdGFibGU+PCEtLeODmuODvOOCuOaoquOBrui/vemaj+ODkOODiuODvOOBk+OBk+OBi+OCiS0tPgoKPHN0eWxlIHR5cGU9InRleHQvY3NzIj4KPCEtLQoKI3Jha3V0ZW5MaW1pdGVkSWRfYXJvdW5kQ2FydCBzcGFuLmNob2ljZSArIHNlbGVjdCB7CiAgICBkaXNwbGF5OiBibG9jayAhaW1wb3J0YW50OwogICAgcGFkZGluZzogOHB4OwogICAgbWFyZ2luLWJvdHRvbTogMnB4OwogICAgYm9yZGVyLXJhZGl1czogMnB4OyAgIAp9CgojcmFrdXRlbkxpbWl0ZWRJZF9hcm91bmRDYXJ0IHNwYW4uY2hvaWNlIHsKICAgIGRpc3BsYXk6IGlubGluZS1ibG9jazsKICAgIHBvc2l0aW9uOnJlbGF0aXZlOwogICAgcGFkZGluZzogOHB4OwogICAgbWFyZ2luLWJvdHRvbTogOHB4OwogICAgYmFja2dyb3VuZDogI2VlZTsgLyrlkLnjgY3lh7rjgZfjga7og4zmma/oibIgKi8KICAgIGJvcmRlci1yYWRpdXM6IDJweDsKfQojcmFrdXRlbkxpbWl0ZWRJZF9hcm91bmRDYXJ0IHNwYW4uY2hvaWNlOmFmdGVyIHsKICAgIGNvbnRlbnQ6ICIiOwogICAgcG9zaXRpb246IGFic29sdXRlOwogICAgYm90dG9tOiAtOHB4OwogICAgbGVmdDogMjRweDsKICAgIG1hcmdpbi1sZWZ0OiAtOHB4OwogICAgZGlzcGxheTogYmxvY2s7CiAgICB3aWR0aDogMHB4OwogICAgaGVpZ2h0OiAwcHg7CiAgICBib3JkZXItc3R5bGU6IHNvbGlkOwogICAgYm9yZGVyLXdpZHRoOiA4cHggOHB4IDAgOHB4OwogICAgYm9yZGVyLWNvbG9yOiAjZWVlIHRyYW5zcGFyZW50IHRyYW5zcGFyZW50IHRyYW5zcGFyZW50Owp9Ci0tPgo8L3N0eWxlPgoKCjxzdHlsZSB0eXBlPSJ0ZXh0L2NzcyI+CjwhLS0KCi5pdGVtX25hbWUgewpkaXNwbGF5OmJsb2NrOwptYXJnaW4tYm90dG9tOjE1cHg7Cn0KCi5jYXRjaF9jb3B5IHsKZGlzcGxheTpibG9jazsKbWFyZ2luLWJvdHRvbToxNXB4Owp9CgotLT4KPC9zdHlsZT4KCgo8c3R5bGUgdHlwZT0idGV4dC9jc3MiPgo8IS0tCmEjcmNfcmlnaHRBcmVhIHsKIHdpZHRoOiAzNzhweDsgLyrnlLvlg4/jga7lhajkvZPluYUqLwogcG9zaXRpb246IGZpeGVkOwogdG9wOiAxMDBweDsKIHJpZ2h0OiAtMzA1cHg7IC8q44Oe44Km44K544KS5LmX44Gb44Gf5pmC44Gr5Ye644Gm44GP44KL5bmFKi8KIGRpc3BsYXk6IGlubGluZS1ibG9jazsKIHRyYW5zaXRpb246IGFsbCAuMnMgZWFzZTsKIHotaW5kZXg6IDk5OTk7Cn0KYSNyY19yaWdodEFyZWE6aG92ZXJ7CiByaWdodDogMDsKfQotLT4KPC9zdHlsZT4KCjxzdHlsZSB0eXBlPSJ0ZXh0L2NzcyI+CjwhLS0KYSNyY19yaWdodEFyZWEyIHsKIHdpZHRoOiAzNzhweDsgLyrnlLvlg4/jga7lhajkvZPluYUqLwogcG9zaXRpb246IGZpeGVkOwogdG9wOiA1MDBweDsKIHJpZ2h0OiAtMzA1cHg7IC8q44Oe44Km44K544KS5LmX44Gb44Gf5pmC44Gr5Ye644Gm44GP44KL5bmFKi8KIGRpc3BsYXk6IGlubGluZS1ibG9jazsKIHRyYW5zaXRpb246IGFsbCAuMnMgZWFzZTsKIHotaW5kZXg6IDk5OTk7Cn0KYSNyY19yaWdodEFyZWEyOmhvdmVyewogcmlnaHQ6IDA7Cn0KLS0+Cjwvc3R5bGU+CgoKCjxpbWcgc3JjPSJodHRwczovL2ltYWdlLnJha3V0ZW4uY28uanAvY2xvY2hldHRlL2NhYmluZXQvdG9wcGFnZS9pbWdyYzAwNzIzMjI0MjEuanBnIiAvPgo8YnI+CjwhLS0KIDxpbWcgc3JjPSJodHRwOi8vaW1hZ2UucmFrdXRlbi5jby5qcC9jbG9jaGV0dGUvY2FiaW5ldC90b3BwYWdlL2ltZ3JjMDA2OTAyMzgwNS5qcGciIC8+IC0tPiAKCgo8IS0t44Oa44O844K45qiq44Gu6L+96ZqP44OQ44OK44O844GT44GT44G+44GnLS0+CgoKCgo8IS0t44Kr44K05LiK44GE44GP44KJ44Gn6YCB5paZ54Sh5paZ44OQ44OK44O844GT44GT44GL44KJLS0+CgoKCjxzdHlsZSB0eXBlPSJ0ZXh0L2NzcyI+CjwhLS0Kc3Bhbi51bml0IHsKIGJhY2tncm91bmQ6IHVybCgiaHR0cDovL2ltYWdlLnJha3V0ZW4uY28uanAvY2xvY2hldHRlL2NhYmluZXQva2lrYWt1cGMvZnJlZTU0L3BhZ2VfMTA4MDBfMi5naWYiKSBuby1yZXBlYXQgbGVmdCB0b3A7CiB0ZXh0LWluZGVudDotOTk5OTsKIGRpc3BsYXk6IGJsb2NrOwogd2lkdGg6IDM5N3B4OwogaGVpZ2h0OiAxNTRweDsKIG1hcmdpbjoxNXB4IDA7IH0KLS0+Cjwvc3R5bGU+CgoKCgo8IS0t44Kr44K05LiK44GE44GP44KJ44Gn6YCB5paZ54Sh5paZ44OQ44OK44O844GT44GT44G+44GnLS0+CgoKPCEtLeOCq+OCtOS4iuOBhOOBj+OCieOBp+mAgeaWmeeEoeaWmeODkOODiuODvOOBk+OBk+OBvuOBpy0tPgoKPCEtLee0jeacn+aDheWgsS0tPgoKPHN0eWxlIFRZUEU9InRleHQvY3NzIj4KPCEtLQp0ZC5pbnZlbnRvcnkgZm9udHtmb250LXNpemU6MTBweDtjb2xvcjojNjY2NjY2O30KCi0tPgo8L3N0eWxlPg==,44CQ5oSb44KJ44GX44GE5qGc44Gu5pys6Z2p44GM44G+5Y+j6LKh5biD44CR5Y+v5oSb44GEIOS9v+OBhOOChOOBmeOBhCDjg6zjg4fjgqPjg7zjgrkg5aWz5oCn55So44Of44OL6LKh5biDIOOBiuiyoeW4gyDkuozjgaTmipjjgoog5pel5pys6KO9IOOBi+OCj+OBhOOBhCDjgYrjgZfjgoPjgowg5aSn5Lq6IOODlOODs+OCryDoirHmn4Qg44GV44GP44KJIOiqleeUn+aXpSDoqJjlv7Xml6Ug44OX44Os44K844Oz44OIQUVUSEVSKOOCqOODvOODhuODqykg772e44K144Kv44Op44O744Kq44OH44OD44OI772e6YCB5paZ54Sh5paZIOOBguOBmealveWvvuW/nCDjgq7jg5Xjg4jlr77lv5zvvJrku6PlrpjlsbHjgq/jg63jgrfjgqfjg4Pjg4g=,44OI44O844OI44OQ44OD44Kw6LKh5biDIOODrOODh+OCo+ODvOOCueOCt+ODp+ODq+ODgOODvOODkOODg+OCsOODleOCoeODvOODkOODg+OCsOiyoeW4g+OBiuiyoeW4g+ODneOCt+OCp+ODg+ODiOOCreODvOOCseODvOOCuemVt+iyoeW4gyDjg6zjg4fjgqPjg7zjgrnplbfosqHluIPjg6rjg6Xjg4Pjgq/osqHluIMg44Os44OH44Kj44O844K5IOS6uuawl+ODnOOCueODiOODs+ODkOODg+OCsCDml4XooYzou73ph4/jg6rjg6Xjg4Pjgq/jgYzjgb7lj6Mg44OQ44OD44Kw44Kt44Oj44Oq44O844OQ44OD44Kw6LKh5biDIOODrOODh+OCo+ODvOOCuSDplbfosqHluIPjgrfjg6fjg6vjg4Djg7wg44Od44K344Kn44OD44OI44Oq44Ol44OD44KvIOODrOODh+OCo+ODvOOCueacrOmdqSDjg6rjg6Xjg4Pjgq/jgJDmhJvjgonjgZfjgYTmoZzjga7mnKzpnanjgYzjgb7lj6PosqHluIPjgJHlj6/mhJvjgYQg5L2/44GE44KE44GZ44GEIOODrOODh+OCo+ODvOOCuSDlpbPmgKfnlKjjg5/jg4vosqHluIMg44GK6LKh5biDIOS6jOOBpOaKmOOCiiDml6XmnKzoo70g44GL44KP44GE44GEIOOBiuOBl+OCg+OCjCDlpKfkurog44OU44Oz44KvIOiKseafhCDjgZXjgY/jgokg6KqV55Sf5pelIOiomOW/teaXpSDjg5fjg6zjgrzjg7Pjg4hBRVRIRVIo44Ko44O844OG44OrKSDvvZ7jgrXjgq/jg6njg7vjgqrjg4fjg4Pjg4jvvZ7pgIHmlpnnhKHmlpkg44GC44GZ5qW95a++5b+cIOOCruODleODiOWvvuW/nA==,6LKh5biDIOWls+aApyDmnKzpnakg44GV44GP44KJIOahnCDjg5fjg6zjgrzjg7Pjg4gg44OU44Oz44Kv44CQ6YCB5paZ54Sh5paZ44CR44CC44CQ5oSb44KJ44GX44GE5qGc44Gu5pys6Z2p44GM44G+5Y+j6LKh5biD44CR5Y+v5oSb44GEIOS9v+OBhOOChOOBmeOBhCDjg6zjg4fjgqPjg7zjgrkg5aWz5oCn55So44Of44OL6LKh5biDIOOBiuiyoeW4gyDkuozjgaTmipjjgoog5pel5pys6KO9IOOBi+OCj+OBhOOBhCDjgYrjgZfjgoPjgowg5aSn5Lq6IOODlOODs+OCryDoirHmn4Qg44GV44GP44KJIOiqleeUn+aXpSDoqJjlv7Xml6Ug44OX44Os44K844Oz44OIQUVUSEVSKOOCqOODvOODhuODqykg772e44K144Kv44Op44O744Kq44OH44OD44OI772e6YCB5paZ54Sh5paZIOOBguOBmealveWvvuW/nCDjgq7jg5Xjg4jlr77lv5w=[rn]
39-76486,aHR0cDovL3RzaG9wLnIxMHMuanAvY2xvY2hldHRlL2NhYmluZXQvc21hcGhvL3NtYXJ0cGhvbmUvcDIyMTAxNzdfNTgwLmpwZz9maXRpbj03MDA6NzAw,NDIzMy42MDAw,,44OQ44OD44Kw44O75bCP54mp44O744OW44Op44Oz44OJ6ZuR6LKoID4g6LKh5biD44O744Kx44O844K5ID4g44Os44OH44Kj44O844K56LKh5biD,44CQ44K344Oz44OX44Or44Gq44Gu44Gr44CB44GK44GX44KD44KM77yB44Op44Km44Oz44OJ44OV44Kh44K544OK44O85Z6L5pys6Z2p6ZW36LKh5biD44CRMjLnrofmiYDjga7lj47ntI3jgafkvb/jgYTjgoTjgZnjgYTvvIEg5aSn5a656YeP44Os44OH44Kj44O844K56ZW36LKh5biDIOOBi+OCj+OBhOOBhCDjg5Tjg7Pjgq8g44Kz44Kk44Oz44Kx44O844K5IOWwj+mKreWFpeOCjCDoqpXnlJ/ml6Ug44OX44Os44K844Oz44OI44OV44Or44O844Os44OD44OI,44Op44Km44Oz44OJ44OV44Kh44K544OK44O85Z6L5pys6Z2p6ZW36LKh5biD,PHN0eWxlIHR5cGU9InRleHQvY3NzIj4KaDEgewpwYWRkaW5nOiAuNWVtIC41ZW07CmNvbG9yOiAjMzMzMzMzOwpiYWNrZ3JvdW5kLWNvbG9yOiAjRjVERURFOwpmb250LXNpemU6MTZweDsKZm9udC1mYW1pbHk6SGVsdmV0aWNhLEFyaWFsLCBSb2JvdG8sIOKAnERyb2lkIFNhbnPigJ0sIOKAnOa4uOOCtOOCt+ODg+OCr+KAnSwgWXVHb3RoaWMs4oCc44OS44Op44Ku44OO6KeS44K0IFByb04gVzPigLMs4oCcSGlyYWdpbm8gS2FrdSBHb3RoaWMgUHJvTuKAnSwg4oCc44Oh44Kk44Oq44Kq4oCdLE1laXJ5bywgc2Fucy1zZXJpZjsKfQoKPC9zdHlsZT4KCjxkaXYgYWxpZ249ImNlbnRlciI+CiAgPHA+PGJyIC8+CiAgPGJyIC8+CiAgPGI+PGZvbnQgY29sb3I9IiNBRTc2MDAiIHNpemU9Ii0xIj7mnKzpnanjgarjga7jgavjgZPjgpPjgarjgavlj6/mhJvjgYTjgYrosqHluIPjga/jgZjjgoHjgabimao8YnIgLz4KICDjgrfjg7Pjg5fjg6vjgaDjgZHjganjgIHjgaHjgoPjgpPjgajlpbPlrZDjgaPjgb3jgYTvvIE8YnIgLz4K44OV44Or44O844Os44OD44OI772eRmxldXJldHRl772ePC9mb250PjwvYj48YnIgLz4KPHN0cm9uZz48YnIgLz4KICA8Yj48Zm9udCBjb2xvcj0iI0ZGMDAwMCIgc2l6ZT0iMyI+PGltZyBzcmM9Imh0dHA6Ly9pbWFnZS5yYWt1dGVuLmNvLmpwL2Nsb2NoZXR0ZS9jYWJpbmV0LzIwMTZzcy9wMjIxMDE3N18xLmpwZyIgYm9yZGVyPSIwIj48YnIgLz4KICA8aW1nIHNyYz0iaHR0cDovL2ltYWdlLnJha3V0ZW4uY28uanAvY2xvY2hldHRlL2NhYmluZXQvMjAxNnNzL3AyMjEwMTc3XzIuanBnIiB3aWR0aD0iNzAwIiBoZWlnaHQ9IjMzMCIgYm9yZGVyPSIwIiAvPiAgPGJyPgogIDxicj4KICA8L2ZvbnQ+PC9zdHJvbmc+CiAgPGJyIC8+CiAgPHRhYmxlIHdpZHRoPSI3MDAiPgogICAKICAgCiAgICA8dHI+CiAgICAgIDx0ZD48aW1nIHNyYz0iaHR0cDovL2ltYWdlLnJha3V0ZW4uY28uanAvY2xvY2hldHRlL2NhYmluZXQvMjAxNnNzL3AyMjEwMTc3XzMuanBnIiB3aWR0aD0iNzAwIiBoZWlnaHQ9IjQ4OSIgLz48L3RkPgogICAgPC90cj4KICAgIDx0cj4KICAgICAgPHRkPjxoMT7jgq3jg6Pjg6Hjg6vjgIDvvI1DYW1lbO+8jTwvaDE+PC90ZD4KICAgIDwvdHI+CiAgICA8dHI+CiAgICAgIDx0ZD48aW1nIHNyYz0iaHR0cDovL2ltYWdlLnJha3V0ZW4uY28uanAvY2xvY2hldHRlL2NhYmluZXQvMjAxNnNzL3AyMjEwMTc3XzUuanBnIiB3aWR0aD0iNzAwIiBoZWlnaHQ9IjY4OSIgLz48L3RkPgogICAgPC90cj4KICAgIDx0cj4KICAgICAgPHRkPjxoMT7jgqTjgqjjg63jg7zjgIDvvI1ZZWxsb3fvvI08L2gxPjwvdGQ+CiAgICA8L3RyPgogICAgPHRyPgogICAgICA8dGQ+PGltZyBzcmM9Imh0dHA6Ly9pbWFnZS5yYWt1dGVuLmNvLmpwL2Nsb2NoZXR0ZS9jYWJpbmV0LzIwMTZzcy9wMjIxMDE3N180LmpwZyIgd2lkdGg9IjcwMCIgaGVpZ2h0PSI2MTQiIC8+PC90ZD4KICAgIDwvdHI+CiAgICA8dHI+CiAgICAgIDx0ZD48aDE+44OU44Oz44Kv44CA77yNUGlua++8jTwvaDE+PC90ZD4KICAgIDwvdHI+CiAgPC90YWJsZT4KICA8cD48aW1nIHNyYz0iaHR0cDovL2ltYWdlLnJha3V0ZW4uY28uanAvY2xvY2hldHRlL2NhYmluZXQvMjAxNnNzL3AyMjEwMTc3XzYuanBnIiB3aWR0aD0iNzAwIiBoZWlnaHQ9IjEzMyIgYm9yZGVyPSIwIiAvPjxicj4KICAgIDxpbWcgc3JjPSJodHRwOi8vaW1hZ2UucmFrdXRlbi5jby5qcC9jbG9jaGV0dGUvY2FiaW5ldC8yMDE2c3MvaW1ncmMwMDY5Mjk0NjExLmpwZyIgd2lkdGg9IjcwMCIgaGVpZ2h0PSI3MjEiIGJvcmRlcj0iMCIgLz48YnI+CiAgICA8aW1nIHNyYz0iaHR0cDovL2ltYWdlLnJha3V0ZW4uY28uanAvY2xvY2hldHRlL2NhYmluZXQvMjAxNnNzL2ltZ3JjMDA2OTI5NDYxMi5qcGciIHdpZHRoPSI3MDAiIGhlaWdodD0iMzQ3IiBib3JkZXI9IjAiIC8+PGJyPgogICAgPGltZyBzcmM9Imh0dHA6Ly9pbWFnZS5yYWt1dGVuLmNvLmpwL2Nsb2NoZXR0ZS9jYWJpbmV0LzIwMTZzcy9pbWdyYzAwNjkyOTQ2MTMuanBnIiB3aWR0aD0iNzAwIiBoZWlnaHQ9IjEwOSIgYm9yZGVyPSIwIiAvPjxicj4KICAgIDxpbWcgc3JjPSJodHRwOi8vaW1hZ2UucmFrdXRlbi5jby5qcC9jbG9jaGV0dGUvY2FiaW5ldC8yMDE2c3MvaW1ncmMwMDY5Mjk0NjE0LmpwZyIgd2lkdGg9IjcwMCIgaGVpZ2h0PSI1NTgiIGJvcmRlcj0iMCIgLz48YnI+CiAgICA8YnI+CiAgICA8aW1nIHNyYz0iaHR0cDovL2ltYWdlLnJha3V0ZW4uY28uanAvY2xvY2hldHRlL2NhYmluZXQvMjAxNnNzL2ltZ3JjMDA2OTI5NDYxNS5qcGciIHdpZHRoPSI3MDAiIGhlaWdodD0iNDA5IiBib3JkZXI9IjAiIC8+PGJyIC8+CiAgICA8aW1nIHNyYz0iaHR0cDovL2ltYWdlLnJha3V0ZW4uY28uanAvY2xvY2hldHRlL2NhYmluZXQvMjAxNnNzL2ltZ3JjMDA2OTI5NDYxNi5qcGciIHdpZHRoPSI3MDAiIGhlaWdodD0iNzMiIGJvcmRlcj0iMCIgLz4gICAgPGJyIC8+CiAgICA8aW1nIHNyYz0iaHR0cDovL2ltYWdlLnJha3V0ZW4uY28uanAvY2xvY2hldHRlL2NhYmluZXQvMjAxNnNzL3AyMjEwMTc3XzEzLmpwZyIgd2lkdGg9IjcwMCIgaGVpZ2h0PSI2MjAiIGJvcmRlcj0iMCIgLz4gICAgPGJyIC8+CiAgICA8aW1nIHNyYz0iaHR0cDovL2ltYWdlLnJha3V0ZW4uY28uanAvY2xvY2hldHRlL2NhYmluZXQvMjAxNnNzL3AyMjEwMTc3XzE0LmpwZyIgd2lkdGg9IjcwMCIgaGVpZ2h0PSIzMTkiIGJvcmRlcj0iMCIgLz4gICAgPGJyIC8+CiAgICA8aW1nIHNyYz0iaHR0cDovL2ltYWdlLnJha3V0ZW4uY28uanAvY2xvY2hldHRlL2NhYmluZXQvMjAxNnNzL3AyMjEwMTc3XzE1LmpwZyIgd2lkdGg9IjcwMCIgaGVpZ2h0PSI2MjIiIGJvcmRlcj0iMCIgLz4gICAgPGJyIC8+CiAgICA8aW1nIHNyYz0iaHR0cDovL2ltYWdlLnJha3V0ZW4uY28uanAvY2xvY2hldHRlL2NhYmluZXQvMjAxNnNzL3AyMjEwMTc3XzE2LmpwZyIgd2lkdGg9IjcwMCIgaGVpZ2h0PSI0NjMiIGJvcmRlcj0iMCIgdXNlbWFwPSIjTWFwIiAvPgogICAgPG1hcCBuYW1lPSJNYXAiIGlkPSJNYXAiPgogICAgICA8YXJlYSBzaGFwZT0icmVjdCIgY29vcmRzPSI1NywxOTAsNjc1LDQzNCIgaHJlZj0iaHR0cDovL2ltYWdlLnJha3V0ZW4uY28uanAvY2xvY2hldHRlL2NhYmluZXQvMjAxNnNzL3AyMjEwMTc3XzIyLmpwZyIgdGFyZ2V0PSJfYmxhbmsiIC8+CiAgICA8L21hcD4gICAgCiAgICA8YnIgLz4KICAgIDxpbWcgc3JjPSJodHRwOi8vaW1hZ2UucmFrdXRlbi5jby5qcC9jbG9jaGV0dGUvY2FiaW5ldC8yMDE2c3MvcDIyMTAxNzdfMTguanBnIiB3aWR0aD0iNzAwIiBoZWlnaHQ9IjY1MiIgYm9yZGVyPSIwIiB1c2VtYXA9IiNNYXAyIiAvPgogICAgPG1hcCBuYW1lPSJNYXAyIiBpZD0iTWFwMiI+CiAgICAgIDxhcmVhIHNoYXBlPSJyZWN0IiBjb29yZHM9IjUyLDEwLDY4MiwzMzAiIGhyZWY9Imh0dHA6Ly9pbWFnZS5yYWt1dGVuLmNvLmpwL2Nsb2NoZXR0ZS9jYWJpbmV0LzIwMTZzcy9wMjIxMDE3N18yMy5qcGciIHRhcmdldD0iX2JsYW5rIiAvPgogICAgICA8YXJlYSBzaGFwZT0icmVjdCIgY29vcmRzPSI0OSwzNDMsNjg5LDYzNSIgaHJlZj0iaHR0cDovL2ltYWdlLnJha3V0ZW4uY28uanAvY2xvY2hldHRlL2NhYmluZXQvMjAxNnNzL3AyMjEwMTc3XzI1LmpwZyIgdGFyZ2V0PSJfYmxhbmsiIC8+CiAgICA8L21hcD4gICAgCiAgICA8YnIgLz4KICAgIDxpbWcgc3JjPSJodHRwOi8vaW1hZ2UucmFrdXRlbi5jby5qcC9jbG9jaGV0dGUvY2FiaW5ldC8yMDE2c3MvcDIyMTAxNzdfMTkuanBnIiB3aWR0aD0iNzAwIiBoZWlnaHQ9IjMzNSIgYm9yZGVyPSIwIiB1c2VtYXA9IiNNYXAzIiAvPgogICAgPG1hcCBuYW1lPSJNYXAzIiBpZD0iTWFwMyI+CiAgICAgIDxhcmVhIHNoYXBlPSJyZWN0IiBjb29yZHM9IjEyLDEwLDY3OSwzMTEiIGhyZWY9Imh0dHA6Ly9pbWFnZS5yYWt1dGVuLmNvLmpwL2Nsb2NoZXR0ZS9jYWJpbmV0LzIwMTZzcy9wMjIxMDE3N18yNy5qcGciIHRhcmdldD0iX2JsYW5rIiAvPgogICAgPC9tYXA+ICAgIAogICAgPGJyIC8+CiAgICA8aW1nIHNyYz0iaHR0cDovL2ltYWdlLnJha3V0ZW4uY28uanAvY2xvY2hldHRlL2NhYmluZXQvMjAxNnNzL3AyMjEwMTc3XzIwLmpwZyIgd2lkdGg9IjcwMCIgaGVpZ2h0PSIzMzMiIGJvcmRlcj0iMCIgdXNlbWFwPSIjTWFwNCIgLz4KICAgIDxtYXAgbmFtZT0iTWFwNCIgaWQ9Ik1hcDQiPgogICAgICA8YXJlYSBzaGFwZT0icmVjdCIgY29vcmRzPSIyNSwxMiw2NzgsMzEwIiBocmVmPSJodHRwOi8vaW1hZ2UucmFrdXRlbi5jby5qcC9jbG9jaGV0dGUvY2FiaW5ldC8yMDE2c3MvcDIyMTAxNzdfMjYuanBnIiB0YXJnZXQ9Il9ibGFuayIgLz4KICAgIDwvbWFwPiAgICAKICAgIDxiciAvPgogICAgPGltZyBzcmM9Imh0dHA6Ly9pbWFnZS5yYWt1dGVuLmNvLmpwL2Nsb2NoZXR0ZS9jYWJpbmV0LzIwMTZzcy9wMjIxMDE3N18yMS5qcGciIHdpZHRoPSI3MDAiIGhlaWdodD0iNDM4IiBib3JkZXI9IjAiIC8+ICAgIDxicj4KICA8YnI+CiAKPC9kaXY+CgoKCgo8ZGl2IGFsaWduPSJsZWZ0Ij48dGFibGUgc3R5bGU9IkZPTlQtU0laRTogMTJweDsgTElORS1IRUlHSFQ6IDEyMCUiIGNlbGxzcGFjaW5nPTAgY2VsbHBhZGRpbmc9MyB3aWR0aD00MDAgYWxpZ249Y2VudGVyIGJvcmRlcj0wPjx0Ym9keT4gCjx0cj4gCjx0ZCBiZ2NvbG9yPSNmZmZmZmY+PGZvbnQgc2l6ZT0iLTEiIGNvbG9yPSIjNjY2NjY2Ij4g44GK6LKh5biDL+mVt+iyoeW4gy/mnKzpnakv44Os44OH44Kj44O844K5L+Wls+aAp+eUqC/osqHluIMv44OX44Os44K844Oz44OIL+ODqeOCpuODs+ODieODleOCoeOCueODiuODvC/pgJrosqkv44GK44GX44KD44KML+OBiuOBmeOBmeOCgS/kurrmsJcv44GL44KP44GE44GEL+eEoeWcsC/jg5Tjg7Pjgq8v5aSn5a656YePL+i7vemHjy8zMOS7oy80MOS7oy/lpbPmgKcv44OV44Kh44OD44K344On44OzL+ODl+ODrOOCvOODs+ODiC/nhKHlnLAv6buE6ImyL+OCs+ODvOODhy/poqjmsLQv5oyB44Gh5omLL+mdqS/lpKflrabnlJ8v5q+NL+iqleeUn+aXpS/lpKfkurrlj6/mhJvjgYQv5aSn5Lq644GL44KP44GE44GEL+Wkp+S6uuOCq+OCuOODpeOCouODqy/jg6zjg4fjgqPjgrkv6LKh5biD5pys6Z2pL29sPGJyPgo8L2ZvbnQ+PC90cj4KPC90Ym9keT4gCjwvdGFibGU+PC9kaXY+Cjxicj4KCgo8ZGl2IGFsaWduPSJjZW50ZXIiPjxicj4KIAo8dGFibGUgd2lkdGg9NDAwIGhlaWdodD02MCBib3JkZXI9MSBhbGlnbj1jZW50ZXIgY2VsbHBhZGRpbmc9MyBjZWxsc3BhY2luZz0wIGJvcmRlcmNvbG9yPSIjQ0NDQ0NDIiBzdHlsZT0iRk9OVC1TSVpFOiAxMnB4OyBMSU5FLUhFSUdIVDogMTIwJSI+Cjx0Ym9keT4gCjx0cj4gCjx0ZCBiZ2NvbG9yPSNGNUREREM+IAo8ZGl2IGFsaWduPSJjZW50ZXIiPjxmb250IGNvbG9yPSMzMzMzMzMgc2l6ZT0rMT48Yj7pgIHmlpnlhajlm73kuIDlvovjgIDvvJTvvJjvvJDlhoY8L2I+PC9mb250Pjxicj4KPGJyPjxmb250IGNvbG9yPSMzMzMzMzMgc2l6ZT0tMT4o6Zui5bO25Y+K44Gz5LiA6YOo5Zyw5Z+f44Gv5Yil5paZ6YeR44Gr44Gq44KK44G+44GZKTwvZm9udD48L2Rpdj4KPC90ZD4KPC90cj4KCgo8L3Rib2R5PiAKPC90YWJsZT4KPGJyPgo8dGFibGUgc3R5bGU9IkZPTlQtU0laRTogMTJweDsgTElORS1IRUlHSFQ6IDEyMCUiIGNlbGxzcGFjaW5nPTAgY2VsbHBhZGRpbmc9MyB3aWR0aD00MDAgaGVpZ2h0PTYwIGFsaWduPWNlbnRlciBib3JkZXI9MD4KPHRib2R5PiAKPHRyPiAKICA8dGQgYmdjb2xvcj0jZmZmZmZmPgogICAgPGRpdiBhbGlnbj0ibGVmdCI+CiAgICAgIDxwPjxmb250IGNvbG9yPSM2NjY2NjYgc2l6ZT0tMT7vvIrntKDmnZDjga7kuIrjgYzjgorjgavjgojjgaPjgabjgIHlpJrlsJHoibLjg5bjg6zjgZnjgovloLTlkIjjgYzjgYLjgorjgb7jgZnjgII8YnI+CiAgICAgICAg77yK5qW156uv44Gr6YeN44Gf44GE54mp44KS5YWl44KM44Gf44KK57KX6ZuR44Gr5omx44GG44Go44CB56C05pCN44GZ44KL5oGQ44KM44GM44GC44KK44G+44GZ44CCPGJyPgrvvIrjg6njg4Pjg5Tjg7PjgrDjga/mib/jgaPjgabjgYrjgorjgb7jgZvjgpPjgII8L2ZvbnQ+PC9wPgogICAgICA8L2Rpdj48L3RkPjwvdHI+CgoKPC90Ym9keT4gCjwvdGFibGU+CjwvZGl2PjwhLS3jg5rjg7zjgrjmqKrjga7ov73pmo/jg5Djg4rjg7zjgZPjgZPjgYvjgoktLT4KCjxzdHlsZSB0eXBlPSJ0ZXh0L2NzcyI+CjwhLS0KCiNyYWt1dGVuTGltaXRlZElkX2Fyb3VuZENhcnQgc3Bhbi5jaG9pY2UgKyBzZWxlY3QgewogICAgZGlzcGxheTogYmxvY2sgIWltcG9ydGFudDsKICAgIHBhZGRpbmc6IDhweDsKICAgIG1hcmdpbi1ib3R0b206IDJweDsKICAgIGJvcmRlci1yYWRpdXM6IDJweDsgICAKfQoKI3Jha3V0ZW5MaW1pdGVkSWRfYXJvdW5kQ2FydCBzcGFuLmNob2ljZSB7CiAgICBkaXNwbGF5OiBpbmxpbmUtYmxvY2s7CiAgICBwb3NpdGlvbjpyZWxhdGl2ZTsKICAgIHBhZGRpbmc6IDhweDsKICAgIG1hcmdpbi1ib3R0b206IDhweDsKICAgIGJhY2tncm91bmQ6ICNlZWU7IC8q5ZC544GN5Ye644GX44Gu6IOM5pmv6ImyICovCiAgICBib3JkZXItcmFkaXVzOiAycHg7Cn0KI3Jha3V0ZW5MaW1pdGVkSWRfYXJvdW5kQ2FydCBzcGFuLmNob2ljZTphZnRlciB7CiAgICBjb250ZW50OiAiIjsKICAgIHBvc2l0aW9uOiBhYnNvbHV0ZTsKICAgIGJvdHRvbTogLThweDsKICAgIGxlZnQ6IDI0cHg7CiAgICBtYXJnaW4tbGVmdDogLThweDsKICAgIGRpc3BsYXk6IGJsb2NrOwogICAgd2lkdGg6IDBweDsKICAgIGhlaWdodDogMHB4OwogICAgYm9yZGVyLXN0eWxlOiBzb2xpZDsKICAgIGJvcmRlci13aWR0aDogOHB4IDhweCAwIDhweDsKICAgIGJvcmRlci1jb2xvcjogI2VlZSB0cmFuc3BhcmVudCB0cmFuc3BhcmVudCB0cmFuc3BhcmVudDsKfQotLT4KPC9zdHlsZT4KCgo8c3R5bGUgdHlwZT0idGV4dC9jc3MiPgo8IS0tCgouaXRlbV9uYW1lIHsKZGlzcGxheTpibG9jazsKbWFyZ2luLWJvdHRvbToxNXB4Owp9CgouY2F0Y2hfY29weSB7CmRpc3BsYXk6YmxvY2s7Cm1hcmdpbi1ib3R0b206MTVweDsKfQoKLS0+Cjwvc3R5bGU+CgoKPHN0eWxlIHR5cGU9InRleHQvY3NzIj4KPCEtLQphI3JjX3JpZ2h0QXJlYSB7CiB3aWR0aDogMzc4cHg7IC8q55S75YOP44Gu5YWo5L2T5bmFKi8KIHBvc2l0aW9uOiBmaXhlZDsKIHRvcDogMTAwcHg7CiByaWdodDogLTMwNXB4OyAvKuODnuOCpuOCueOCkuS5l+OBm+OBn+aZguOBq+WHuuOBpuOBj+OCi+W5hSovCiBkaXNwbGF5OiBpbmxpbmUtYmxvY2s7CiB0cmFuc2l0aW9uOiBhbGwgLjJzIGVhc2U7CiB6LWluZGV4OiA5OTk5Owp9CmEjcmNfcmlnaHRBcmVhOmhvdmVyewogcmlnaHQ6IDA7Cn0KLS0+Cjwvc3R5bGU+Cgo8c3R5bGUgdHlwZT0idGV4dC9jc3MiPgo8IS0tCmEjcmNfcmlnaHRBcmVhMiB7CiB3aWR0aDogMzc4cHg7IC8q55S75YOP44Gu5YWo5L2T5bmFKi8KIHBvc2l0aW9uOiBmaXhlZDsKIHRvcDogNTAwcHg7CiByaWdodDogLTMwNXB4OyAvKuODnuOCpuOCueOCkuS5l+OBm+OBn+aZguOBq+WHuuOBpuOBj+OCi+W5hSovCiBkaXNwbGF5OiBpbmxpbmUtYmxvY2s7CiB0cmFuc2l0aW9uOiBhbGwgLjJzIGVhc2U7CiB6LWluZGV4OiA5OTk5Owp9CmEjcmNfcmlnaHRBcmVhMjpob3ZlcnsKIHJpZ2h0OiAwOwp9Ci0tPgo8L3N0eWxlPgoKCgo8aW1nIHNyYz0iaHR0cHM6Ly9pbWFnZS5yYWt1dGVuLmNvLmpwL2Nsb2NoZXR0ZS9jYWJpbmV0L3RvcHBhZ2UvaW1ncmMwMDcyMzIyNDIxLmpwZyIgLz4KPGJyPgo8IS0tCiA8aW1nIHNyYz0iaHR0cDovL2ltYWdlLnJha3V0ZW4uY28uanAvY2xvY2hldHRlL2NhYmluZXQvdG9wcGFnZS9pbWdyYzAwNjkwMjM4MDUuanBnIiAvPiAtLT4gCgoKPCEtLeODmuODvOOCuOaoquOBrui/vemaj+ODkOODiuODvOOBk+OBk+OBvuOBpy0tPgoKCgoKPCEtLeOCq+OCtOS4iuOBhOOBj+OCieOBp+mAgeaWmeeEoeaWmeODkOODiuODvOOBk+OBk+OBi+OCiS0tPgoKCgo8c3R5bGUgdHlwZT0idGV4dC9jc3MiPgo8IS0tCnNwYW4udW5pdCB7CiBiYWNrZ3JvdW5kOiB1cmwoImh0dHA6Ly9pbWFnZS5yYWt1dGVuLmNvLmpwL2Nsb2NoZXR0ZS9jYWJpbmV0L2tpa2FrdXBjL2ZyZWU1NC9wYWdlXzEwODAwXzIuZ2lmIikgbm8tcmVwZWF0IGxlZnQgdG9wOwogdGV4dC1pbmRlbnQ6LTk5OTk7CiBkaXNwbGF5OiBibG9jazsKIHdpZHRoOiAzOTdweDsKIGhlaWdodDogMTU0cHg7CiBtYXJnaW46MTVweCAwOyB9Ci0tPgo8L3N0eWxlPgoKCgoKPCEtLeOCq+OCtOS4iuOBhOOBj+OCieOBp+mAgeaWmeeEoeaWmeODkOODiuODvOOBk+OBk+OBvuOBpy0tPgoKCjwhLS3jgqvjgrTkuIrjgYTjgY/jgonjgafpgIHmlpnnhKHmlpnjg5Djg4rjg7zjgZPjgZPjgb7jgactLT4KCjwhLS3ntI3mnJ/mg4XloLEtLT4KCjxzdHlsZSBUWVBFPSJ0ZXh0L2NzcyI+CjwhLS0KdGQuaW52ZW50b3J5IGZvbnR7Zm9udC1zaXplOjEwcHg7Y29sb3I6IzY2NjY2Njt9CgotLT4KPC9zdHlsZT4=,44CQ44K344Oz44OX44Or44Gq44Gu44Gr44CB44GK44GX44KD44KM77yB44Op44Km44Oz44OJ44OV44Kh44K544OK44O85Z6L5pys6Z2p6ZW36LKh5biD44CRMjLnrofmiYDjga7lj47ntI3jgafkvb/jgYTjgoTjgZnjgYTvvIEg5aSn5a656YeP44Os44OH44Kj44O844K56ZW36LKh5biDIOOBi+OCj+OBhOOBhCDjg5Tjg7Pjgq8g44Kz44Kk44Oz44Kx44O844K5IOWwj+mKreWFpeOCjCDoqpXnlJ/ml6Ug44OX44Os44K844Oz44OI44OV44Or44O844Os44OD44OI77ya5Luj5a6Y5bGx44Kv44Ot44K344Kn44OD44OI,44OI44O844OI44OQ44OD44Kw6LKh5biDIOODrOODh+OCo+ODvOOCueOCt+ODp+ODq+ODgOODvOODkOODg+OCsOODleOCoeODvOODkOODg+OCsOiyoeW4g+OBiuiyoeW4g+ODneOCt+OCp+ODg+ODiOOCreODvOOCseODvOOCuemVt+iyoeW4gyDjg6zjg4fjgqPjg7zjgrnplbfosqHluIPjg6rjg6Xjg4Pjgq/osqHluIMg44Os44OH44Kj44O844K5IOS6uuawl+ODnOOCueODiOODs+ODkOODg+OCsCDml4XooYzou73ph4/jg6rjg6Xjg4Pjgq/jgYzjgb7lj6Mg44OQ44OD44Kw44Kt44Oj44Oq44O844OQ44OD44Kw6LKh5biDIOODrOODh+OCo+ODvOOCuSDplbfosqHluIPjgrfjg6fjg6vjg4Djg7wg44Od44K344Kn44OD44OI44Oq44Ol44OD44KvIOODrOODh+OCo+ODvOOCueacrOmdqSDjg6rjg6Xjg4Pjgq/jgJDjgrfjg7Pjg5fjg6vjgarjga7jgavjgIHjgYrjgZfjgoPjgozvvIHjg6njgqbjg7Pjg4njg5XjgqHjgrnjg4rjg7zlnovmnKzpnanplbfosqHluIPjgJEyMueuh+aJgOOBruWPjue0jeOBp+S9v+OBhOOChOOBmeOBhO+8gSDlpKflrrnph4/jg6zjg4fjgqPjg7zjgrnplbfosqHluIMg44GL44KP44GE44GEIOODlOODs+OCryDjgrPjgqTjg7PjgrHjg7zjgrkg5bCP6Yqt5YWl44KMIOiqleeUn+aXpSDjg5fjg6zjgrzjg7Pjg4jjg5Xjg6vjg7zjg6zjg4Pjg4g=,44Op44Km44Oz44OJ44OV44Kh44K544OK44O85Z6L5pys6Z2p6ZW36LKh5biD44CC44CQ44K344Oz44OX44Or44Gq44Gu44Gr44CB44GK44GX44KD44KM77yB44Op44Km44Oz44OJ44OV44Kh44K544OK44O85Z6L5pys6Z2p6ZW36LKh5biD44CRMjLnrofmiYDjga7lj47ntI3jgafkvb/jgYTjgoTjgZnjgYTvvIEg5aSn5a656YeP44Os44OH44Kj44O844K56ZW36LKh5biDIOOBi+OCj+OBhOOBhCDjg5Tjg7Pjgq8g44Kz44Kk44Oz44Kx44O844K5IOWwj+mKreWFpeOCjCDoqpXnlJ/ml6Ug44OX44Os44K844Oz44OI44OV44Or44O844Os44OD44OI[rn]
39-76487,aHR0cDovL3RzaG9wLnIxMHMuanAvY2xvY2hldHRlL2NhYmluZXQvc21hcGhvL3NtYXJ0cGhvbmUvcDIwMTE2MjFfNTgwLmpwZz9maXRpbj03MDA6NzAw,OTMzMS4yMDAw,,44OQ44OD44Kw44O75bCP54mp44O744OW44Op44Oz44OJ6ZuR6LKoID4g6LKh5biD44O744Kx44O844K5ID4g44Os44OH44Kj44O844K56LKh5biD,44CQ5pif44Gr6aGY44GE44KS6L6844KB44Gm44O744O744CC44CR44KE44GO6Z2pw5fjgrnjgr/jg7zjg6Ljg4Hjg7zjg5XjgYzlpKfkurrlj6/mhJvjgYTimarkvb/jgYTjgoTjgZnjgYTvvKzlrZfosqHluIPjgILjgrnjg57jg5vjgoLlhaXjgovlpKflrrnph4/jgrXjgqTjgrrvvIHjg5fjg6zjgrzjg7Pjg4jjgavjgoLjgYrjgZnjgZnjgoHjgILlj47ntI3lipvjga7jg5Djg4Pjg4Hjg6rimarlj5bjgorlpJbjgZflj6/og73jg4/jg7Pjg4njg6vjgaTjgY0g44K544OG44Op44O744Oc44OM44O844Or,6ZW36LKh5biDL+ODrOODh+OCo+ODvOOCuS/vvKzlrZcv5pys6Z2pL+ODrOOCtuODvC/lpKfjgY3jgoE=,PGRpdiBhbGlnbj0iY2VudGVyIj4gCiAgPHA+PGZvbnQgc2l6ZT0iMyI+PGI+PGZvbnQgY29sb3I9IiNBRTc2MDAiIHNpemU9Ii0xIj4z44Gk44Gu5pif44Gr6aGY44GE44KS6L6844KB44Gm44O744O744CCPGJyPgogIOOChOOBjumdqcOX44K544K/44O844Oi44OB44O844OV44GM5aSn5Lq65Y+v5oSb44GE77yBPC9mb250PjwvYj48L2ZvbnQ+PGZvbnQgc2l6ZT0iLTEiPjxiPjxmb250IGNvbG9yPSIjQUU3NjAwIj48YnI+CiAgICDjgrnjg4bjg6njg7vjg5zjg4zjg7zjg6vvvZ5TdGV0bGxhIEJvbmhldXLvvZ48L2ZvbnQ+PC9iPjwvZm9udD48YnI+CiAgICA8aW1nIHNyYz0iaHR0cDovL2ltYWdlLnJha3V0ZW4uY28uanAvY2xvY2hldHRlL2NhYmluZXQvMjAxNWF3L3AyMDExNjIxXzEuanBnIiB3aWR0aD0iNzAwIiBoZWlnaHQ9IjU2MCIgYm9yZGVyPSIwIj48YnI+CiAgICA8aW1nIHNyYz0iaHR0cDovL2ltYWdlLnJha3V0ZW4uY28uanAvY2xvY2hldHRlL2NhYmluZXQvMjAxNWF3L3AyMDExNjIxXzIuanBnIiB3aWR0aD0iNzAwIiBoZWlnaHQ9IjI0MiIgYm9yZGVyPSIwIj48YnI+CiAgICA8aW1nIHNyYz0iaHR0cDovL2ltYWdlLnJha3V0ZW4uY28uanAvY2xvY2hldHRlL2NhYmluZXQvMjAxNWF3L3AyMDExNjIxXzMuanBnIiB3aWR0aD0iNzAwIiBoZWlnaHQ9IjM1MCIgYm9yZGVyPSIwIj48YnI+CiAgICA8aW1nIHNyYz0iaHR0cDovL2ltYWdlLnJha3V0ZW4uY28uanAvY2xvY2hldHRlL2NhYmluZXQvMjAxNWF3L3AyMDExNjIxXzQuanBnIiB3aWR0aD0iNzAwIiBoZWlnaHQ9IjUxNCIgYm9yZGVyPSIwIj48YnI+CiAgICA8aW1nIHNyYz0iaHR0cDovL2ltYWdlLnJha3V0ZW4uY28uanAvY2xvY2hldHRlL2NhYmluZXQvMjAxNWF3L3AyMDExNjIxXzUuanBnIiB3aWR0aD0iNzAwIiBoZWlnaHQ9IjU5OCIgYm9yZGVyPSIwIj48YnI+CiAgICA8aW1nIHNyYz0iaHR0cDovL2ltYWdlLnJha3V0ZW4uY28uanAvY2xvY2hldHRlL2NhYmluZXQvMjAxNWF3L3AyMDExNjIxXzYuanBnIiB3aWR0aD0iNzAwIiBoZWlnaHQ9IjE2NiIgYm9yZGVyPSIwIj48YnI+CiAgICA8aW1nIHNyYz0iaHR0cDovL2ltYWdlLnJha3V0ZW4uY28uanAvY2xvY2hldHRlL2NhYmluZXQvMjAxNWF3L3AyMDExNjIxXzcuanBnIiB3aWR0aD0iNzAwIiBoZWlnaHQ9IjEwMCIgYm9yZGVyPSIwIj48YnI+CiAgICA8YnI+CiAgICA8aW1nIHNyYz0iaHR0cDovL2ltYWdlLnJha3V0ZW4uY28uanAvY2xvY2hldHRlL2NhYmluZXQvMjAxNWF3L3AyMDExNjIxXzguanBnIiB3aWR0aD0iNzAwIiBoZWlnaHQ9IjQwNiIgYm9yZGVyPSIwIj48YnI+CiAgICA8YnI+CiAgICA8aW1nIHNyYz0iaHR0cDovL2ltYWdlLnJha3V0ZW4uY28uanAvY2xvY2hldHRlL2NhYmluZXQvMjAxNWF3L3AyMDExNjIxXzkuanBnIiB3aWR0aD0iNzAwIiBoZWlnaHQ9Ijg1IiBib3JkZXI9IjAiPjxicj4KICAgIDxicj4KICAgIDxpbWcgc3JjPSJodHRwOi8vaW1hZ2UucmFrdXRlbi5jby5qcC9jbG9jaGV0dGUvY2FiaW5ldC8yMDE1YXcvcDIwMTE2MjFfMTAuanBnIiB3aWR0aD0iNzAwIiBoZWlnaHQ9IjM2MCIgYm9yZGVyPSIwIj48YnI+CiAgICA8YnI+CiAgICA8aW1nIHNyYz0iaHR0cDovL2ltYWdlLnJha3V0ZW4uY28uanAvY2xvY2hldHRlL2NhYmluZXQvMjAxNWF3L3AyMDExNjIxXzExLmpwZyIgd2lkdGg9IjcwMCIgaGVpZ2h0PSI5MSIgYm9yZGVyPSIwIj48YnI+CiAgICA8YnI+CiAgICA8aW1nIHNyYz0iaHR0cDovL2ltYWdlLnJha3V0ZW4uY28uanAvY2xvY2hldHRlL2NhYmluZXQvMjAxNWF3L3AyMDExNjIxXzEyLmpwZyIgd2lkdGg9IjcwMCIgaGVpZ2h0PSI0NjkiIGJvcmRlcj0iMCI+PGJyPgogICAgPGltZyBzcmM9Imh0dHA6Ly9pbWFnZS5yYWt1dGVuLmNvLmpwL2Nsb2NoZXR0ZS9jYWJpbmV0LzIwMTVhdy9wMjAxMTYyMV8xMy5qcGciIHdpZHRoPSI3MDAiIGhlaWdodD0iNzgiIGJvcmRlcj0iMCI+PGJyPgogICAgPGJyPgogICAgPGltZyBzcmM9Imh0dHA6Ly9pbWFnZS5yYWt1dGVuLmNvLmpwL2Nsb2NoZXR0ZS9jYWJpbmV0LzIwMTVhdy9wMjAxMTYyMV8xNC5qcGciIHdpZHRoPSI3MDAiIGhlaWdodD0iNTcyIiBib3JkZXI9IjAiPjxicj4KICAgIDxpbWcgc3JjPSJodHRwOi8vaW1hZ2UucmFrdXRlbi5jby5qcC9jbG9jaGV0dGUvY2FiaW5ldC8yMDE1YXcvcDIwMTE2MjFfMTUuanBnIiB3aWR0aD0iNzAwIiBoZWlnaHQ9IjU3MSIgYm9yZGVyPSIwIj48YnI+CiAgICA8aW1nIHNyYz0iaHR0cDovL2ltYWdlLnJha3V0ZW4uY28uanAvY2xvY2hldHRlL2NhYmluZXQvMjAxNWF3L3AyMDExNjIxXzE2LmpwZyIgd2lkdGg9IjcwMCIgaGVpZ2h0PSI1NTAiIGJvcmRlcj0iMCI+PGJyPgogICAgPGltZyBzcmM9Imh0dHA6Ly9pbWFnZS5yYWt1dGVuLmNvLmpwL2Nsb2NoZXR0ZS9jYWJpbmV0LzIwMTVhdy9wMjAxMTYyMV8xNy5qcGciIHdpZHRoPSI3MDAiIGhlaWdodD0iNTM3IiBib3JkZXI9IjAiPjxicj4KICAgIDxpbWcgc3JjPSJodHRwOi8vaW1hZ2UucmFrdXRlbi5jby5qcC9jbG9jaGV0dGUvY2FiaW5ldC8yMDE1YXcvcDIwMTE2MjFfMTguanBnIiB3aWR0aD0iNzAwIiBoZWlnaHQ9IjU5MSIgYm9yZGVyPSIwIj48YnI+CiAgICA8aW1nIHNyYz0iaHR0cDovL2ltYWdlLnJha3V0ZW4uY28uanAvY2xvY2hldHRlL2NhYmluZXQvMjAxNWF3L3AyMDExNjIxXzE5LmpwZyIgd2lkdGg9IjcwMCIgaGVpZ2h0PSI1NjMiIGJvcmRlcj0iMCI+PGJyPgogICAgPGltZyBzcmM9Imh0dHA6Ly9pbWFnZS5yYWt1dGVuLmNvLmpwL2Nsb2NoZXR0ZS9jYWJpbmV0LzIwMTVhdy9wMjAxMTYyMV8yMC5qcGciIHdpZHRoPSI3MDAiIGhlaWdodD0iNzQ4IiBib3JkZXI9IjAiPjxicj4KICAgIDxpbWcgc3JjPSJodHRwOi8vaW1hZ2UucmFrdXRlbi5jby5qcC9jbG9jaGV0dGUvY2FiaW5ldC8yMDE1YXcvcDIwMTE2MjFfMjEuanBnIiB3aWR0aD0iNzAwIiBoZWlnaHQ9IjU5NCIgYm9yZGVyPSIwIj48YnI+CiAgICA8aW1nIHNyYz0iaHR0cDovL2ltYWdlLnJha3V0ZW4uY28uanAvY2xvY2hldHRlL2NhYmluZXQvMjAxNWF3L3AyMDExNjIxXzIyLmpwZyIgd2lkdGg9IjcwMCIgaGVpZ2h0PSI4NzAiIGJvcmRlcj0iMCIgdXNlbWFwPSIjTWFwIj4KICAgIDxtYXAgbmFtZT0iTWFwIj4KICAgICAgPGFyZWEgc2hhcGU9InJlY3QiIGNvb3Jkcz0iMjksMTM0LDMzOSwzNTAiIGhyZWY9Imh0dHA6Ly9pbWFnZS5yYWt1dGVuLmNvLmpwL2Nsb2NoZXR0ZS9jYWJpbmV0LzIwMTVhdy9wMjAxMTYyMV8yOC5qcGciIHRhcmdldD0iX2JsYW5rIj4KICAgICAgPGFyZWEgc2hhcGU9InJlY3QiIGNvb3Jkcz0iMzQyLDEzNSw2MjksMzUwIiBocmVmPSJodHRwOi8vaW1hZ2UucmFrdXRlbi5jby5qcC9jbG9jaGV0dGUvY2FiaW5ldC8yMDE1YXcvcDIwMTE2MjFfMjkuanBnIiB0YXJnZXQ9Il9ibGFuayI+CiAgICAgIDxhcmVhIHNoYXBlPSJyZWN0IiBjb29yZHM9IjksMzczLDIzMSw1ODgiIGhyZWY9Imh0dHA6Ly9pbWFnZS5yYWt1dGVuLmNvLmpwL2Nsb2NoZXR0ZS9jYWJpbmV0LzIwMTVhdy9wMjAxMTYyMV8yMy5qcGciIHRhcmdldD0iX2JsYW5rIj4KICAgICAgPGFyZWEgc2hhcGU9InJlY3QiIGNvb3Jkcz0iMjM1LDM3MSw0NTAsNTkzIiBocmVmPSJodHRwOi8vaW1hZ2UucmFrdXRlbi5jby5qcC9jbG9jaGV0dGUvY2FiaW5ldC8yMDE1YXcvcDIwMTE2MjFfMjQuanBnIiB0YXJnZXQ9Il9ibGFuayI+CiAgICAgIDxhcmVhIHNoYXBlPSJyZWN0IiBjb29yZHM9IjQ1NiwzNzEsNjg2LDU5NyIgaHJlZj0iaHR0cDovL2ltYWdlLnJha3V0ZW4uY28uanAvY2xvY2hldHRlL2NhYmluZXQvMjAxNWF3L3AyMDExNjIxXzI1LmpwZyIgdGFyZ2V0PSJfYmxhbmsiPgogICAgICA8YXJlYSBzaGFwZT0icmVjdCIgY29vcmRzPSI2NSw1OTIsMzU0LDgzNyIgaHJlZj0iaHR0cDovL2ltYWdlLnJha3V0ZW4uY28uanAvY2xvY2hldHRlL2NhYmluZXQvMjAxNWF3L3AyMDExNjIxXzI2LmpwZyIgdGFyZ2V0PSJfYmxhbmsiPgogICAgICA8YXJlYSBzaGFwZT0icmVjdCIgY29vcmRzPSIzNjAsNTk2LDY0NSw4MzYiIGhyZWY9Imh0dHA6Ly9pbWFnZS5yYWt1dGVuLmNvLmpwL2Nsb2NoZXR0ZS9jYWJpbmV0LzIwMTVhdy9wMjAxMTYyMV8yNy5qcGciIHRhcmdldD0iX2JsYW5rIj4KICAgIDwvbWFwPgogICAgPGJyPgogICAgPGltZyBzcmM9Imh0dHA6Ly9pbWFnZS5yYWt1dGVuLmNvLmpwL2Nsb2NoZXR0ZS9jYWJpbmV0LzIwMTVhdy9wMjAxMTYyMV8yMl8yLmpwZyIgd2lkdGg9IjcwMCIgaGVpZ2h0PSI1MDciIGJvcmRlcj0iMCI+PGJyPgogICAgPGJyPgogIAoKICA8L3A+CiAgPC9kaXY+CiAgICAgCjxkaXYgYWxpZ249ImxlZnQiPjx0YWJsZSBzdHlsZT0iRk9OVC1TSVpFOiAxMnB4OyBMSU5FLUhFSUdIVDogMTIwJSIgY2VsbHNwYWNpbmc9MCBjZWxscGFkZGluZz0zIHdpZHRoPTQwMCBhbGlnbj1jZW50ZXIgYm9yZGVyPTA+PHRib2R5PiAKPHRyPiAKPHRkIGJnY29sb3I9I2ZmZmZmZj48Zm9udCBzaXplPSItMSIgY29sb3I9IiM2NjY2NjYiPiDjgYrosqHluIMv6ZW36LKh5biDL+iyoeW4gy/jg6zjg4fjgqPjg7zjgrkv5aWz5oCn55SoL+OBi+OBsOOCky/jgYrjgZXjgYTjgbUv6Z6EL+mAmuiyqS/jgYrjgZfjgoPjgowv44GK44GZ44GZ44KBL+S6uuawly/jgYvjgo/jgYTjgYQv6LKh5biDL+acrOmdqS/lpKflrrnph48v6Lu96YePLzMw5LujLzQw5LujL+Wls+aApy/jgoTjgY7pnakv44OX44Os44K844Oz44OIL+ODieODg+ODiOafhC/pu5Iv44Kz44O844OHL+OCs+ODvOODh+OCo+ODjeODvOODiC/mmJ8v6Z2pL+Wkp+WtpueUny/mr40v6KqV55Sf5pelL+Wkp+S6uuWPr+aEm+OBhC/lpKfkurrjgYvjgo/jgYTjgYQv5aSn5Lq644Kr44K444Ol44Ki44OrL+ODrOODh+OCo+OCuS/jg6zjgrbjg7wvb2w8YnI+CjwvZm9udD48L3RyPgo8L3Rib2R5PiAKPC90YWJsZT48L2Rpdj4KPGJyPgoKCjxkaXYgYWxpZ249ImNlbnRlciI+PGJyPgogCjx0YWJsZSB3aWR0aD00MDAgaGVpZ2h0PTYwIGJvcmRlcj0xIGFsaWduPWNlbnRlciBjZWxscGFkZGluZz0zIGNlbGxzcGFjaW5nPTAgYm9yZGVyY29sb3I9IiNDQ0NDQ0MiIHN0eWxlPSJGT05ULVNJWkU6IDEycHg7IExJTkUtSEVJR0hUOiAxMjAlIj4KPHRib2R5PiAKPHRyPiAKPHRkIGJnY29sb3I9I0Y1REREQz4gCjxkaXYgYWxpZ249ImNlbnRlciI+PGZvbnQgY29sb3I9IzMzMzMzMyBzaXplPSsxPjxiPumAgeaWmeWFqOWbveS4gOW+i+OAgO+8lO+8mO+8kOWGhjwvYj48L2ZvbnQ+PGJyPgo8YnI+PGZvbnQgY29sb3I9IzMzMzMzMyBzaXplPS0xPijpm6Lls7blj4rjgbPkuIDpg6jlnLDln5/jga/liKXmlpnph5Hjgavjgarjgorjgb7jgZkpPC9mb250PjwvZGl2Pgo8L3RkPgo8L3RyPgoKCjwvdGJvZHk+IAo8L3RhYmxlPgo8YnI+Cjx0YWJsZSBzdHlsZT0iRk9OVC1TSVpFOiAxMnB4OyBMSU5FLUhFSUdIVDogMTIwJSIgY2VsbHNwYWNpbmc9MCBjZWxscGFkZGluZz0zIHdpZHRoPTQwMCBoZWlnaHQ9NjAgYWxpZ249Y2VudGVyIGJvcmRlcj0wPgo8dGJvZHk+IAo8dHI+IAogIDx0ZCBiZ2NvbG9yPSNmZmZmZmY+CiAgICA8ZGl2IGFsaWduPSJsZWZ0Ij4KICAgICAgPHA+PGZvbnQgY29sb3I9IzY2NjY2NiBzaXplPS0xPu+8iue0oOadkOOBruS4iuOBjOOCiuOBq+OCiOOBo+OBpuOAgeWkmuWwkeiJsuODluODrOOBmeOCi+WgtOWQiOOBjOOBguOCiuOBvuOBmeOAgjxicj4KICAgICAgICDvvIrmpbXnq6/jgavph43jgZ/jgYTnianjgpLlhaXjgozjgZ/jgornspfpm5HjgavmibHjgYbjgajjgIHnoLTmkI3jgZnjgovmgZDjgozjgYzjgYLjgorjgb7jgZnjgII8YnI+Cu+8iuODqeODg+ODlOODs+OCsOOBr+aJv+OBo+OBpuOBiuOCiuOBvuOBm+OCk+OAgjwvZm9udD48L3A+CiAgICAgIDwvZGl2PjwvdGQ+PC90cj4KCgo8L3Rib2R5PiAKPC90YWJsZT4KPC9kaXY+PCEtLeODmuODvOOCuOaoquOBrui/vemaj+ODkOODiuODvOOBk+OBk+OBi+OCiS0tPgoKPHN0eWxlIHR5cGU9InRleHQvY3NzIj4KPCEtLQoKI3Jha3V0ZW5MaW1pdGVkSWRfYXJvdW5kQ2FydCBzcGFuLmNob2ljZSArIHNlbGVjdCB7CiAgICBkaXNwbGF5OiBibG9jayAhaW1wb3J0YW50OwogICAgcGFkZGluZzogOHB4OwogICAgbWFyZ2luLWJvdHRvbTogMnB4OwogICAgYm9yZGVyLXJhZGl1czogMnB4OyAgIAp9CgojcmFrdXRlbkxpbWl0ZWRJZF9hcm91bmRDYXJ0IHNwYW4uY2hvaWNlIHsKICAgIGRpc3BsYXk6IGlubGluZS1ibG9jazsKICAgIHBvc2l0aW9uOnJlbGF0aXZlOwogICAgcGFkZGluZzogOHB4OwogICAgbWFyZ2luLWJvdHRvbTogOHB4OwogICAgYmFja2dyb3VuZDogI2VlZTsgLyrlkLnjgY3lh7rjgZfjga7og4zmma/oibIgKi8KICAgIGJvcmRlci1yYWRpdXM6IDJweDsKfQojcmFrdXRlbkxpbWl0ZWRJZF9hcm91bmRDYXJ0IHNwYW4uY2hvaWNlOmFmdGVyIHsKICAgIGNvbnRlbnQ6ICIiOwogICAgcG9zaXRpb246IGFic29sdXRlOwogICAgYm90dG9tOiAtOHB4OwogICAgbGVmdDogMjRweDsKICAgIG1hcmdpbi1sZWZ0OiAtOHB4OwogICAgZGlzcGxheTogYmxvY2s7CiAgICB3aWR0aDogMHB4OwogICAgaGVpZ2h0OiAwcHg7CiAgICBib3JkZXItc3R5bGU6IHNvbGlkOwogICAgYm9yZGVyLXdpZHRoOiA4cHggOHB4IDAgOHB4OwogICAgYm9yZGVyLWNvbG9yOiAjZWVlIHRyYW5zcGFyZW50IHRyYW5zcGFyZW50IHRyYW5zcGFyZW50Owp9Ci0tPgo8L3N0eWxlPgoKCjxzdHlsZSB0eXBlPSJ0ZXh0L2NzcyI+CjwhLS0KCi5pdGVtX25hbWUgewpkaXNwbGF5OmJsb2NrOwptYXJnaW4tYm90dG9tOjE1cHg7Cn0KCi5jYXRjaF9jb3B5IHsKZGlzcGxheTpibG9jazsKbWFyZ2luLWJvdHRvbToxNXB4Owp9CgotLT4KPC9zdHlsZT4KCgo8c3R5bGUgdHlwZT0idGV4dC9jc3MiPgo8IS0tCmEjcmNfcmlnaHRBcmVhIHsKIHdpZHRoOiAzNzhweDsgLyrnlLvlg4/jga7lhajkvZPluYUqLwogcG9zaXRpb246IGZpeGVkOwogdG9wOiAxMDBweDsKIHJpZ2h0OiAtMzA1cHg7IC8q44Oe44Km44K544KS5LmX44Gb44Gf5pmC44Gr5Ye644Gm44GP44KL5bmFKi8KIGRpc3BsYXk6IGlubGluZS1ibG9jazsKIHRyYW5zaXRpb246IGFsbCAuMnMgZWFzZTsKIHotaW5kZXg6IDk5OTk7Cn0KYSNyY19yaWdodEFyZWE6aG92ZXJ7CiByaWdodDogMDsKfQotLT4KPC9zdHlsZT4KCjxzdHlsZSB0eXBlPSJ0ZXh0L2NzcyI+CjwhLS0KYSNyY19yaWdodEFyZWEyIHsKIHdpZHRoOiAzNzhweDsgLyrnlLvlg4/jga7lhajkvZPluYUqLwogcG9zaXRpb246IGZpeGVkOwogdG9wOiA1MDBweDsKIHJpZ2h0OiAtMzA1cHg7IC8q44Oe44Km44K544KS5LmX44Gb44Gf5pmC44Gr5Ye644Gm44GP44KL5bmFKi8KIGRpc3BsYXk6IGlubGluZS1ibG9jazsKIHRyYW5zaXRpb246IGFsbCAuMnMgZWFzZTsKIHotaW5kZXg6IDk5OTk7Cn0KYSNyY19yaWdodEFyZWEyOmhvdmVyewogcmlnaHQ6IDA7Cn0KLS0+Cjwvc3R5bGU+CgoKCjxpbWcgc3JjPSJodHRwczovL2ltYWdlLnJha3V0ZW4uY28uanAvY2xvY2hldHRlL2NhYmluZXQvdG9wcGFnZS9pbWdyYzAwNzIzMjI0MjEuanBnIiAvPgo8YnI+CjwhLS0KIDxpbWcgc3JjPSJodHRwOi8vaW1hZ2UucmFrdXRlbi5jby5qcC9jbG9jaGV0dGUvY2FiaW5ldC90b3BwYWdlL2ltZ3JjMDA2OTAyMzgwNS5qcGciIC8+IC0tPiAKCgo8IS0t44Oa44O844K45qiq44Gu6L+96ZqP44OQ44OK44O844GT44GT44G+44GnLS0+CgoKCgo8IS0t44Kr44K05LiK44GE44GP44KJ44Gn6YCB5paZ54Sh5paZ44OQ44OK44O844GT44GT44GL44KJLS0+CgoKCjxzdHlsZSB0eXBlPSJ0ZXh0L2NzcyI+CjwhLS0Kc3Bhbi51bml0IHsKIGJhY2tncm91bmQ6IHVybCgiaHR0cDovL2ltYWdlLnJha3V0ZW4uY28uanAvY2xvY2hldHRlL2NhYmluZXQva2lrYWt1cGMvZnJlZTU0L3BhZ2VfMTA4MDBfMi5naWYiKSBuby1yZXBlYXQgbGVmdCB0b3A7CiB0ZXh0LWluZGVudDotOTk5OTsKIGRpc3BsYXk6IGJsb2NrOwogd2lkdGg6IDM5N3B4OwogaGVpZ2h0OiAxNTRweDsKIG1hcmdpbjoxNXB4IDA7IH0KLS0+Cjwvc3R5bGU+CgoKCgo8IS0t44Kr44K05LiK44GE44GP44KJ44Gn6YCB5paZ54Sh5paZ44OQ44OK44O844GT44GT44G+44GnLS0+CgoKPCEtLeOCq+OCtOS4iuOBhOOBj+OCieOBp+mAgeaWmeeEoeaWmeODkOODiuODvOOBk+OBk+OBvuOBpy0tPgoKPCEtLee0jeacn+aDheWgsS0tPgoKPHN0eWxlIFRZUEU9InRleHQvY3NzIj4KPCEtLQp0ZC5pbnZlbnRvcnkgZm9udHtmb250LXNpemU6MTBweDtjb2xvcjojNjY2NjY2O30KCi0tPgo8L3N0eWxlPg==,44CQ5pif44Gr6aGY44GE44KS6L6844KB44Gm44O744O744CC44CR44KE44GO6Z2pJnRpbWVzO+OCueOCv+ODvOODouODgeODvOODleOBjOWkp+S6uuWPr+aEm+OBhOKZquS9v+OBhOOChOOBmeOBhO+8rOWtl+iyoeW4g+OAguOCueODnuODm+OCguWFpeOCi+Wkp+WuuemHj+OCteOCpOOCuu+8geODl+ODrOOCvOODs+ODiOOBq+OCguOBiuOBmeOBmeOCgeOAguWPjue0jeWKm+OBruODkOODg+ODgeODquKZquWPluOCiuWkluOBl+WPr+iDveODj+ODs+ODieODq+OBpOOBjSDjgrnjg4bjg6njg7vjg5zjg4zjg7zjg6vvvJrku6PlrpjlsbHjgq/jg63jgrfjgqfjg4Pjg4g=,44OI44O844OI44OQ44OD44Kw6LKh5biDIOODrOODh+OCo+ODvOOCueOCt+ODp+ODq+ODgOODvOODkOODg+OCsOODleOCoeODvOODkOODg+OCsOiyoeW4g+OBiuiyoeW4g+ODneOCt+OCp+ODg+ODiOOCreODvOOCseODvOOCuemVt+iyoeW4gyDjg6zjg4fjgqPjg7zjgrnplbfosqHluIPjg6rjg6Xjg4Pjgq/osqHluIMg44Os44OH44Kj44O844K5IOS6uuawl+ODnOOCueODiOODs+ODkOODg+OCsCDml4XooYzou73ph4/jg6rjg6Xjg4Pjgq/jgYzjgb7lj6Mg44OQ44OD44Kw44Kt44Oj44Oq44O844OQ44OD44Kw6LKh5biDIOODrOODh+OCo+ODvOOCuSDplbfosqHluIPjgrfjg6fjg6vjg4Djg7wg44Od44K344Kn44OD44OI44Oq44Ol44OD44KvIOODrOODh+OCo+ODvOOCueacrOmdqSDjg6rjg6Xjg4Pjgq/jgJDmmJ/jgavpoZjjgYTjgpLovrzjgoHjgabjg7vjg7vjgILjgJHjgoTjgY7pnakmdGltZXM744K544K/44O844Oi44OB44O844OV44GM5aSn5Lq65Y+v5oSb44GE4pmq5L2/44GE44KE44GZ44GE77ys5a2X6LKh5biD44CC44K544Oe44Ob44KC5YWl44KL5aSn5a656YeP44K144Kk44K677yB44OX44Os44K844Oz44OI44Gr44KC44GK44GZ44GZ44KB44CC5Y+O57SN5Yqb44Gu44OQ44OD44OB44Oq4pmq5Y+W44KK5aSW44GX5Y+v6IO944OP44Oz44OJ44Or44Gk44GNIOOCueODhuODqeODu+ODnOODjOODvOODqw==,6ZW36LKh5biDL+ODrOODh+OCo+ODvOOCuS/vvKzlrZcv5pys6Z2pL+ODrOOCtuODvC/lpKfjgY3jgoHjgILjgJDmmJ/jgavpoZjjgYTjgpLovrzjgoHjgabjg7vjg7vjgILjgJHjgoTjgY7pnakmdGltZXM744K544K/44O844Oi44OB44O844OV44GM5aSn5Lq65Y+v5oSb44GE4pmq5L2/44GE44KE44GZ44GE77ys5a2X6LKh5biD44CC44K544Oe44Ob44KC5YWl44KL5aSn5a656YeP44K144Kk44K677yB44OX44Os44K844Oz44OI44Gr44KC44GK44GZ44GZ44KB44CC5Y+O57SN5Yqb44Gu44OQ44OD44OB44Oq4pmq5Y+W44KK5aSW44GX5Y+v6IO944OP44Oz44OJ44Or44Gk44GNIOOCueODhuODqeODu+ODnOODjOODvOODqw==[rn]
39-76488,aHR0cDovL3RzaG9wLnIxMHMuanAvY2xvY2hldHRlL2NhYmluZXQvMDI2MTk4Mjgvc2hvaGluL2ltZ3JjMDA3MTE4MTUwNi5qcGc/Zml0aW49NzAwOjcwMA==,MjMzMjguMDAwMA==,,44OQ44OD44Kw44O75bCP54mp44O744OW44Op44Oz44OJ6ZuR6LKoID4g6LKh5biD44O744Kx44O844K5ID4g44Os44OH44Kj44O844K56LKh5biD,44CQ6auY57Sa5pys6Z2p6ZW36LKh5biD44CR44GM44G+5Y+jIOiyoeW4gyDjgYrosqHluIMg6Z2pIOODrOOCtuODvCDjg6zjg4fjgqPjg7zjgrkg5aWz5oCnIOS6uuawlyDlj6/mhJvjgYQg44GK44GX44KD44KMIOi1pCDjg6zjg4Pjg4kg44Kv44Oq44K544Oe44K5IOiqleeUn+aXpSDoqJjlv7Xml6Ug44OX44Os44K844Oz44OI772e44Or44O844K444Ol44O744Ki44ON44OD44OI772eQUVUSEVS77yI44Ko44O844OG44OrKeOBguOBmealveWvvuW/nCDpgIHmlpnnhKHmlpkg44Ku44OV44OI5a++5b+c,6a6u44KE44GL44Gq6LWk44Gn44CB44GQ44Gj44Go6a2F5Yqb55qE44Gq5aWz5oCn44G444CC,PGJyPjxpZnJhbWUgc3JjPSJodHRwOi8vd3d3LnJha3V0ZW4ubmUuanAvZ29sZC9jbG9jaGV0dGUvY2FyaWxsb24vcDM1MzAwMDQuaHRtbCJ3aWR0aD0iODUwIiBoZWlnaHQ9IjExMjAwIiBzY3JvbGxpbmc9Im5vIiBmcmFtZWJvcmRlcj0iMCIgYWxpZ249ImNlbnRlciI+PC9pZnJhbWU+PHRhYmxlIGJvcmRlcj0iMCIgY2VsbHNwYWNpbmc9IjAiIGNlbGxwYWRkaW5nPSIyIj4KPHRyIHZhbGlnbj0idG9wIj4KPHRkIG5vd3JhcD7jgq7jg5Xjg4jlr77lv5w8L3RkPgo8L3RyPgo8L3RhYmxlPgoKPHN0eWxlIHR5cGU9InRleHQvY3NzIj4KPCEtLQouc3R5bGUxIHtjb2xvcjogIzY2NjY2Nn0KLnN0eWxlNCB7Y29sb3I6ICM2NjY2NjY7IGZvbnQtd2VpZ2h0OiBib2xkOyB9Ci5zdHlsZTcgewpjb2xvcjogIzk5MDAwMDsKZm9udC13ZWlnaHQ6IGJvbGQ7Cn0KLS0+Cjwvc3R5bGU+CjxkaXYgYWxpZ249ImxlZnQiPiAKPGltZyBzcmM9Imh0dHA6Ly9pbWFnZS5yYWt1dGVuLmNvLmpwL2Nsb2NoZXR0ZS9jYWJpbmV0LzAyNjE5ODI4LzAyNjE5ODMwL2ltZzU4Nzg0NzU4LmpwZyIgd2lkdGg9IjM4MCIgaGVpZ2h0PSIxMDAiIGJvcmRlcj0iMCIgLz48YnI+Cjxicj4KPGltZyBzcmM9Imh0dHA6Ly9pbWFnZS5yYWt1dGVuLmNvLmpwL2Nsb2NoZXR0ZS9jYWJpbmV0LzAyNjE5ODI4LzAyNjE5ODMwL2ltZzU4Nzg2MDc5LmpwZyIgd2lkdGg9IjM4MCIgaGVpZ2h0PSIxMDAiIGJvcmRlcj0iMCIgLz48YnIgLz4KPGJyIC8+CjwvZGl2Pgo8dGFibGUgd2lkdGg9IjM4MCIgYm9yZGVyPSIwIiBjZWxscGFkZGluZz0iNSIgY2VsbHNwYWNpbmc9IjAiIGJvcmRlcmNvbG9yPSIjNjY2NjY2IiBzdHlsZT0iZm9udC1zaXplOjEycHg7Ij4KICAgIDx0ciBiZ2NvbG9yPSIjRjVERERDIj4gCiAgICAgIDx0ZCBjb2xzcGFuPSIyIiBhbGlnbj0iY2VudGVyIiBiZ2NvbG9yPSIjRjVEREM5IiBoZWlnaHQ9IjUwIj48cD48c3BhbiBjbGFzcz0ic3R5bGUzIj7jgYrlsYrjgZHkuojlrprml6U8L3NwYW4+PHNwYW4gY2xhc3M9InN0eWxlMiI+PGZvbnQgc2l6ZT0iKzEiPuOAgO+8mjwvZm9udD48L3NwYW4+PGI+PHNwYW4gY2xhc3M9InN0eWxlMiI+PGZvbnQgc2l6ZT0iKzEiPuOAgDwvZm9udD48L3NwYW4+PGZvbnQgY29sb3I9IiMzMzMzMzMiIHNpemU9IisxIj7jgYLjgZnmpb3lr77lv5w8L2ZvbnQ+PC9iPjwvcD4KICAgICAgPC90ZD4KICAgIDwvdHI+CiAgICAKICA8L3RhYmxlPgo8dGFibGUgd2lkdGg9IjM4MCIgYm9yZGVyPSIwIiBjZWxsc3BhY2luZz0iMCIgY2VsbHBhZGRpbmc9IjAiPgo8dHI+IAo8dGQgYmdjb2xvcj0iI0Y1RERDOSI+IAo8dGFibGUgd2lkdGg9IjM4MCIgYm9yZGVyPSIwIiBjZWxsc3BhY2luZz0iMSIgY2VsbHBhZGRpbmc9IjQiIHN0eWxlPSJmb250LXNpemU6MTJweDtjb2xvcjojNjY2NjY2O2xpbmUtaGVpZ2h0OjE4cHg7IiBib3JkZXJjb2xvcj0iIzY2NjY2NiI+Cjx0cj4gCjx0ZCB3aWR0aD0iMzAlIiBiZ2NvbG9yPSIjRkZGRkZGIj48Zm9udCBzaXplPSItMSI+Jm5ic3A7PC9mb250Pue0oOadkDwvdGQ+Cjx0ZCB3aWR0aD0iNzAlIiBiZ2NvbG9yPSIjRkZGRkZGIj4gCjxwPiDmnKzkvZPvvJrjgqTjgr/jg6rjgqLoo73jg5jjgqLjg6zjgrbjg7zvvIjjg53jg4vjg7zjgrnjgq3jg7PvvIk8YnIgLz4KIDxzcGFuIGNsYXNzPSJzdHlsZTEiPuKAu+iHqueUseOBjOS4mOW6l+OBq+OBpuWVhuWTgeOCkuOBlOeiuuiqjeOBhOOBn+OBoOOBj+OBk+OBqOOCguWPr+iDveOBp+OBmeOAgjwvc3Bhbj48c3BhbiBjbGFzcz0ic3R5bGU0Ij48YnIgLz4KICAgICAg6Kmz44GX44GP44Gv44Kz44OB44Op44CCPC9zcGFuPjxiciAvPgogIOWGheijhe+8mueJm+ODiuODg+ODkeODrOOCtuODvOOAgeODrOODvOODqOODs+OCs+ODg+ODiOODszxiciAvPgo8L3A+CjwvdGQ+CjwvdHI+Cjx0cj4gCjx0ZCBiZ2NvbG9yPSIjRkZGRkZGIj7jgrXjgqTjgro8L3RkPgo8dGQgYmdjb2xvcj0iI0ZGRkZGRiI+CjxwPue4pjrntIQxMGNtPGJyPgrmqKo657SEMjBjbTxicj4K5Y6a44GVOue0hDEuNe+9njIuNWNtPC9wPgo8L3RkPgo8L3RyPgo8dHI+IAo8dGQgYmdjb2xvcj0iI0ZGRkZGRiI+PGZvbnQgc2l6ZT0iLTEiPumHjeOBlTwvZm9udD48L3RkPgo8dGQgYmdjb2xvcj0iI0ZGRkZGRiI+IAogICAgICAgICAgICA8cD7ntIQxNjBnPC9wPgo8L3RkPgo8L3RyPgo8dHI+IAo8dGQgYmdjb2xvcj0iI0ZGRkZGRiI+PGZvbnQgc2l6ZT0iLTEiPuS7leanmDwvZm9udD48L3RkPgo8dGQgYmdjb2xvcj0iI0ZGRkZGRiI+IAo8cD7jgYrmnK3lhaXjgozjg53jgrHjg4Pjg4jDlzI8YnI+CuWwj+mKreWFpeOCjMOXMTxicj4K44Kr44O844OJ44Od44Kx44OD44OIw5cxNjxicj4KPC90ZD4KPC90cj4KPC90YWJsZT4KPC90ZD4KPC90cj4KPC90YWJsZT4KPGJyIC8+Cjx0YWJsZSBzdHlsZT0iRk9OVC1TSVpFOiAxMnB4OyBMSU5FLUhFSUdIVDogMTIwJSIgY2VsbHNwYWNpbmc9MCBjZWxscGFkZGluZz0zIHdpZHRoPTM4MCBib3JkZXI9MD4KPHRib2R5PiAKPHRyPiAKPHRkIGJnY29sb3I9I0Y1RERDOT48c3BhbiBjbGFzcz0ic3R5bGUxIj48Zm9udCBzaXplPS0xPuOBiuaUr+aJleaWueazlSA8L2ZvbnQ+PC9zcGFuPjwvdGQ+CjwvdHI+Cjx0cj4gCjx0ZD48Zm9udCBjb2xvcj0jNTU1NTU1ICAgICAgIHNpemU9LTE+44O744Kv44Os44K444OD44OI44Kr44O844OJPGJyPgrjg7vku6Pph5HlvJXmj5sKPGJyPgrjg7vpioDooYzmjK/ovrwo5YmN5omV44GEKTwvZm9udD48L3RkPgo8L3RyPgo8dHI+IAo8dGQgYmdjb2xvcj0jRjVEREM5PjxzcGFuIGNsYXNzPSJzdHlsZTEiPjxmb250IHNpemU9LTE+6YCB5paZPC9mb250Pjwvc3Bhbj48L3RkPgo8L3RyPgo8dHI+IAo8dGQ+PGZvbnQgc2l6ZT0tMT48c3BhbiBjbGFzcz0ic3R5bGU3Ij7pgIHmlpnnhKHmlpk8L3NwYW4+PC9mb250PjwvdGQ+CjwvdHI+Cjx0cj4gCjx0ZCBiZ2NvbG9yPSNGNUREQzkgY2xhc3M9InN0eWxlMSI+PGZvbnQgc2l6ZT0tMT7phY3pgIHmlrnms5U8L2ZvbnQ+PC90ZD4KPC90cj4KPHRyPiAKPHRkPjxmb250IGNvbG9yPSIjNTU1NTU1IiBzaXplPSItMSI+5L2Q5bed5oCl5L6/PC9mb250PjwvdGQ+CjwvdHI+CjwvdGJvZHk+IAo8L3RhYmxlPgo8YnIgLz4KPGltZyBzcmM9Imh0dHA6Ly9pbWFnZS5yYWt1dGVuLmNvLmpwL2Nsb2NoZXR0ZS9jYWJpbmV0LzAyNjE5ODI4LzAyNjE5ODMwL2ltZzU4Nzg2MDU1LmdpZiIgd2lkdGg9IjM4MCIgaGVpZ2h0PSIzNSI+IAo8dGFibGUgYm9yZGVyPSIwIiBjZWxscGFkZGluZz0iNSIgY2VsbHNwYWNpbmc9IjEiIHdpZHRoPSIzODAiIHN0eWxlPSJmb250LXNpemU6MTJweDtjb2xvcjojNjY2NjY2O2xpbmUtaGVpZ2h0OjE4cHg7Ij4KPHRyPiAKPHRkIHdpZHRoPSIzJSIgdmFsaWduPSJ0b3AiPjxiPjxmb250IGNvbG9yPSIjODI1RTNFIj7il4Y8L2ZvbnQ+PC9iPjwvdGQ+Cjx0ZCB3aWR0aD0iOTclIj7jgZPjgaHjgonjga7llYblk4Hjga/jgIHku6PlrpjlsbHjgq/jg63jgrfjgqfjg4Pjg4jjga7llYblk4Hjgajjga7lkIzmorHjga/jgafjgY3jgb7jgZvjgpPjgILjganjgYbjgZ7jgZTkuobmib/jgY/jgaDjgZXjgYTjgII8L3RkPgo8L3RyPgo8dHI+IAo8dGQgd2lkdGg9IjMlIiB2YWxpZ249InRvcCI+PGI+PGZvbnQgY29sb3I9IiM4MjVFM0UiPuKXhjwvZm9udD48L2I+PC90ZD4KPHRkIHdpZHRoPSI5NyUiPue0oOadkOOBr++8keOBpO+8keOBpOWOs+mBuOOBl+OAgeOAjOOBlOa6gOi2s+OBhOOBn+OBoOOBkeOCi+OAjeOBqOeiuuS/oeOBmeOCi+OCguOBruOCkuOBiuWHuuOBl+OBl+OBpuOBhOOBvuOBmeOBjOOAgeWkqeeEtuearumdqeOBq+OBr+OAgee0oOadkOacrOadpeOBjOaMgeOBpOW+rue0sOOBquOCreOCuuOBquOBqeOBjOOBpOOBhOOBpuOBhOOCi+WgtOWQiOOBjOOBlOOBluOBhOOBvuOBmeOAguS6iOOCgeOBlOS6huaJv+OBj+OBoOOBleOBhOOAgjwvdGQ+CjwvdHI+Cjx0cj4gCjx0ZCB3aWR0aD0iMyUiIHZhbGlnbj0idG9wIj48Yj48Zm9udCBjb2xvcj0iIzgyNUUzRSI+4peGPC9mb250PjwvYj48L3RkPgo8dGQgd2lkdGg9Ijk3JSI+5pKu5b2x44Gv5a6f54mp44Gr6L+R44GP44Gq44KL44KI44GG5pyA5aSn6ZmQ44Gr55WZ5oSP44GX44Gm6KGM44Gj44Gm44GE44G+44GZ44GM44CB44GK5L2/44GE44Gu44Oi44OL44K/44Gr44KI44Gj44Gm44KC6Imy44Gv55Ww44Gq44KL44Gf44KB44CB55S75YOP44Go5a6f54mp44Gu5Y2w6LGh44GM55Ww44Gq44KL5aC05ZCI44KC44GU44GW44GE44G+44GZ44Gu44Gn5LqI44KB44GU5LqG5om/44GP44Gg44GV44GE44CC5a6f54mp44KS44GU6Kan44Gr44Gq44KK44Gf44GE5aC05ZCI44Gr44GvPGZvbnQgY29sb3I9IiM2NjY2NjYiPuiHqueUseOBjOS4mOW6lzwvZm9udD7jgavjgabjgZTmnaXlupfjgY/jgaDjgZXjgYTjgII8L3RkPgo8L3RyPgo8L3RhYmxlPjwhLS3jg5rjg7zjgrjmqKrjga7ov73pmo/jg5Djg4rjg7zjgZPjgZPjgYvjgoktLT4KCjxzdHlsZSB0eXBlPSJ0ZXh0L2NzcyI+CjwhLS0KCiNyYWt1dGVuTGltaXRlZElkX2Fyb3VuZENhcnQgc3Bhbi5jaG9pY2UgKyBzZWxlY3QgewogICAgZGlzcGxheTogYmxvY2sgIWltcG9ydGFudDsKICAgIHBhZGRpbmc6IDhweDsKICAgIG1hcmdpbi1ib3R0b206IDJweDsKICAgIGJvcmRlci1yYWRpdXM6IDJweDsgICAKfQoKI3Jha3V0ZW5MaW1pdGVkSWRfYXJvdW5kQ2FydCBzcGFuLmNob2ljZSB7CiAgICBkaXNwbGF5OiBpbmxpbmUtYmxvY2s7CiAgICBwb3NpdGlvbjpyZWxhdGl2ZTsKICAgIHBhZGRpbmc6IDhweDsKICAgIG1hcmdpbi1ib3R0b206IDhweDsKICAgIGJhY2tncm91bmQ6ICNlZWU7IC8q5ZC544GN5Ye644GX44Gu6IOM5pmv6ImyICovCiAgICBib3JkZXItcmFkaXVzOiAycHg7Cn0KI3Jha3V0ZW5MaW1pdGVkSWRfYXJvdW5kQ2FydCBzcGFuLmNob2ljZTphZnRlciB7CiAgICBjb250ZW50OiAiIjsKICAgIHBvc2l0aW9uOiBhYnNvbHV0ZTsKICAgIGJvdHRvbTogLThweDsKICAgIGxlZnQ6IDI0cHg7CiAgICBtYXJnaW4tbGVmdDogLThweDsKICAgIGRpc3BsYXk6IGJsb2NrOwogICAgd2lkdGg6IDBweDsKICAgIGhlaWdodDogMHB4OwogICAgYm9yZGVyLXN0eWxlOiBzb2xpZDsKICAgIGJvcmRlci13aWR0aDogOHB4IDhweCAwIDhweDsKICAgIGJvcmRlci1jb2xvcjogI2VlZSB0cmFuc3BhcmVudCB0cmFuc3BhcmVudCB0cmFuc3BhcmVudDsKfQotLT4KPC9zdHlsZT4KCgo8c3R5bGUgdHlwZT0idGV4dC9jc3MiPgo8IS0tCgouaXRlbV9uYW1lIHsKZGlzcGxheTpibG9jazsKbWFyZ2luLWJvdHRvbToxNXB4Owp9CgouY2F0Y2hfY29weSB7CmRpc3BsYXk6YmxvY2s7Cm1hcmdpbi1ib3R0b206MTVweDsKfQoKLS0+Cjwvc3R5bGU+CgoKPHN0eWxlIHR5cGU9InRleHQvY3NzIj4KPCEtLQphI3JjX3JpZ2h0QXJlYSB7CiB3aWR0aDogMzc4cHg7IC8q55S75YOP44Gu5YWo5L2T5bmFKi8KIHBvc2l0aW9uOiBmaXhlZDsKIHRvcDogMTAwcHg7CiByaWdodDogLTMwNXB4OyAvKuODnuOCpuOCueOCkuS5l+OBm+OBn+aZguOBq+WHuuOBpuOBj+OCi+W5hSovCiBkaXNwbGF5OiBpbmxpbmUtYmxvY2s7CiB0cmFuc2l0aW9uOiBhbGwgLjJzIGVhc2U7CiB6LWluZGV4OiA5OTk5Owp9CmEjcmNfcmlnaHRBcmVhOmhvdmVyewogcmlnaHQ6IDA7Cn0KLS0+Cjwvc3R5bGU+Cgo8c3R5bGUgdHlwZT0idGV4dC9jc3MiPgo8IS0tCmEjcmNfcmlnaHRBcmVhMiB7CiB3aWR0aDogMzc4cHg7IC8q55S75YOP44Gu5YWo5L2T5bmFKi8KIHBvc2l0aW9uOiBmaXhlZDsKIHRvcDogNTAwcHg7CiByaWdodDogLTMwNXB4OyAvKuODnuOCpuOCueOCkuS5l+OBm+OBn+aZguOBq+WHuuOBpuOBj+OCi+W5hSovCiBkaXNwbGF5OiBpbmxpbmUtYmxvY2s7CiB0cmFuc2l0aW9uOiBhbGwgLjJzIGVhc2U7CiB6LWluZGV4OiA5OTk5Owp9CmEjcmNfcmlnaHRBcmVhMjpob3ZlcnsKIHJpZ2h0OiAwOwp9Ci0tPgo8L3N0eWxlPgoKCgo8aW1nIHNyYz0iaHR0cHM6Ly9pbWFnZS5yYWt1dGVuLmNvLmpwL2Nsb2NoZXR0ZS9jYWJpbmV0L3RvcHBhZ2UvaW1ncmMwMDcyMzIyNDIxLmpwZyIgLz4KPGJyPgo8IS0tCiA8aW1nIHNyYz0iaHR0cDovL2ltYWdlLnJha3V0ZW4uY28uanAvY2xvY2hldHRlL2NhYmluZXQvdG9wcGFnZS9pbWdyYzAwNjkwMjM4MDUuanBnIiAvPiAtLT4gCgoKPCEtLeODmuODvOOCuOaoquOBrui/vemaj+ODkOODiuODvOOBk+OBk+OBvuOBpy0tPgoKCgoKPCEtLeOCq+OCtOS4iuOBhOOBj+OCieOBp+mAgeaWmeeEoeaWmeODkOODiuODvOOBk+OBk+OBi+OCiS0tPgoKCgo8c3R5bGUgdHlwZT0idGV4dC9jc3MiPgo8IS0tCnNwYW4udW5pdCB7CiBiYWNrZ3JvdW5kOiB1cmwoImh0dHA6Ly9pbWFnZS5yYWt1dGVuLmNvLmpwL2Nsb2NoZXR0ZS9jYWJpbmV0L2tpa2FrdXBjL2ZyZWU1NC9wYWdlXzEwODAwXzIuZ2lmIikgbm8tcmVwZWF0IGxlZnQgdG9wOwogdGV4dC1pbmRlbnQ6LTk5OTk7CiBkaXNwbGF5OiBibG9jazsKIHdpZHRoOiAzOTdweDsKIGhlaWdodDogMTU0cHg7CiBtYXJnaW46MTVweCAwOyB9Ci0tPgo8L3N0eWxlPgoKCgoKPCEtLeOCq+OCtOS4iuOBhOOBj+OCieOBp+mAgeaWmeeEoeaWmeODkOODiuODvOOBk+OBk+OBvuOBpy0tPgoKCjwhLS3jgqvjgrTkuIrjgYTjgY/jgonjgafpgIHmlpnnhKHmlpnjg5Djg4rjg7zjgZPjgZPjgb7jgactLT4KCjwhLS3ntI3mnJ/mg4XloLEtLT4KCjxzdHlsZSBUWVBFPSJ0ZXh0L2NzcyI+CjwhLS0KdGQuaW52ZW50b3J5IGZvbnR7Zm9udC1zaXplOjEwcHg7Y29sb3I6IzY2NjY2Njt9CgotLT4KPC9zdHlsZT4=,44CQ6auY57Sa5pys6Z2p6ZW36LKh5biD44CR44GM44G+5Y+jIOiyoeW4gyDjgYrosqHluIMg6Z2pIOODrOOCtuODvCDjg6zjg4fjgqPjg7zjgrkg5aWz5oCnIOS6uuawlyDlj6/mhJvjgYQg44GK44GX44KD44KMIOi1pCDjg6zjg4Pjg4kg44Kv44Oq44K544Oe44K5IOiqleeUn+aXpSDoqJjlv7Xml6Ug44OX44Os44K844Oz44OI772e44Or44O844K444Ol44O744Ki44ON44OD44OI772eQUVUSEVS77yI44Ko44O844OG44OrKeOBguOBmealveWvvuW/nCDpgIHmlpnnhKHmlpkg44Ku44OV44OI5a++5b+c77ya5Luj5a6Y5bGx44Kv44Ot44K344Kn44OD44OI,44OI44O844OI44OQ44OD44Kw6LKh5biDIOODrOODh+OCo+ODvOOCueOCt+ODp+ODq+ODgOODvOODkOODg+OCsOODleOCoeODvOODkOODg+OCsOiyoeW4g+OBiuiyoeW4g+ODneOCt+OCp+ODg+ODiOOCreODvOOCseODvOOCuemVt+iyoeW4gyDjg6zjg4fjgqPjg7zjgrnplbfosqHluIPjg6rjg6Xjg4Pjgq/osqHluIMg44Os44OH44Kj44O844K5IOS6uuawl+ODnOOCueODiOODs+ODkOODg+OCsCDml4XooYzou73ph4/jg6rjg6Xjg4Pjgq/jgYzjgb7lj6Mg44OQ44OD44Kw44Kt44Oj44Oq44O844OQ44OD44Kw6LKh5biDIOODrOODh+OCo+ODvOOCuSDplbfosqHluIPjgrfjg6fjg6vjg4Djg7wg44Od44K344Kn44OD44OI44Oq44Ol44OD44KvIOODrOODh+OCo+ODvOOCueacrOmdqSDjg6rjg6Xjg4Pjgq/jgJDpq5jntJrmnKzpnanplbfosqHluIPjgJHjgYzjgb7lj6Mg6LKh5biDIOOBiuiyoeW4gyDpnakg44Os44K244O8IOODrOODh+OCo+ODvOOCuSDlpbPmgKcg5Lq65rCXIOWPr+aEm+OBhCDjgYrjgZfjgoPjgowg6LWkIOODrOODg+ODiSDjgq/jg6rjgrnjg57jgrkg6KqV55Sf5pelIOiomOW/teaXpSDjg5fjg6zjgrzjg7Pjg4jvvZ7jg6vjg7zjgrjjg6Xjg7vjgqLjg43jg4Pjg4jvvZ5BRVRIRVLvvIjjgqjjg7zjg4bjg6sp44GC44GZ5qW95a++5b+cIOmAgeaWmeeEoeaWmSDjgq7jg5Xjg4jlr77lv5w=,6a6u44KE44GL44Gq6LWk44Gn44CB44GQ44Gj44Go6a2F5Yqb55qE44Gq5aWz5oCn44G444CC44CC44CQ6auY57Sa5pys6Z2p6ZW36LKh5biD44CR44GM44G+5Y+jIOiyoeW4gyDjgYrosqHluIMg6Z2pIOODrOOCtuODvCDjg6zjg4fjgqPjg7zjgrkg5aWz5oCnIOS6uuawlyDlj6/mhJvjgYQg44GK44GX44KD44KMIOi1pCDjg6zjg4Pjg4kg44Kv44Oq44K544Oe44K5IOiqleeUn+aXpSDoqJjlv7Xml6Ug44OX44Os44K844Oz44OI772e44Or44O844K444Ol44O744Ki44ON44OD44OI772eQUVUSEVS77yI44Ko44O844OG44OrKeOBguOBmealveWvvuW/nCDpgIHmlpnnhKHmlpkg44Ku44OV44OI5a++5b+c[rn]
39-76489,aHR0cDovL3RzaG9wLnIxMHMuanAvY2xvY2hldHRlL2NhYmluZXQvMTg1XzI0MC8xODVfMjQwXzIwMTQwNTIyL3AyNTYwMDEyXzI0MC5qcGc/Zml0aW49NzAwOjcwMA==,MTEwNTkuMjAwMA==,,44OQ44OD44Kw44O75bCP54mp44O744OW44Op44Oz44OJ6ZuR6LKoID4g6LKh5biD44O744Kx44O844K5ID4g44Os44OH44Kj44O844K56LKh5biD,6ZW36LKh5biD44CA44Os44OH44Kj44O844K544CA6ZW36LKh5biD44CA5pys6Z2p44CA6ZW36LKh5biD44CA44Kv44Ot44Kz44OA44Kk44Or44CA6ZW36LKh5biD44CA44Ov44OL44CA5aSn5a656YeP44CA6ZW36LKh5biD44CA44Ko44OK44Oh44Or44CA6ZW36LKh5biD44CA5bCP6Yqt5YWl44KM44GC44KK44CA6ZW36LKh5biD44CA5Lq65rCX44CA6ZW36LKh5biD44CA44OU44Oz44Kv44CA6ZW36LKh5biD44CQ44Kv44Ot44Kz5Z6L5oq844GX6ZW36LKh5biD44CR44Kv44Os44Ki,44CQ6ZW36LKh5biDL+ODrOODh+OCo+ODvOOCuS/jg5Tjg7Pjgq8v5pys6Z2pL+OBi+OCj+OBhOOBhC/kurrmsJfjgJE=,PGRpdiBhbGlnbj0iY2VudGVyIj4gCiAgPHA+PGJyIC8+CiAgICA8aW1nIHNyYz0iaHR0cDovL2ltYWdlLnJha3V0ZW4uY28uanAvY2xvY2hldHRlL2NhYmluZXQvMjAxNHNzL3AyNTYwMDEyXzI5LmpwZyIgd2lkdGg9IjcwMCIgaGVpZ2h0PSI1NDciPjxiciAvPgogICAgPGJyIC8+CiAgICA8aW1nIHNyYz0iaHR0cDovL2ltYWdlLnJha3V0ZW4uY28uanAvY2xvY2hldHRlL2NhYmluZXQvMjAxNHNzL3AyNTYwMDEyXzMwLmpwZyIgd2lkdGg9IjcwMCIgaGVpZ2h0PSI2OTgiPiAKICAgIDxiciAvPgogICAgPGltZyBzcmM9Imh0dHA6Ly9pbWFnZS5yYWt1dGVuLmNvLmpwL2Nsb2NoZXR0ZS9jYWJpbmV0LzIwMTRzcy9wMjU2MDAxMl8zMS5qcGciIHdpZHRoPSI3MDAiIGhlaWdodD0iNjExIj4gCiAgICA8YnIgLz4KICAgIDxpbWcgc3JjPSJodHRwOi8vaW1hZ2UucmFrdXRlbi5jby5qcC9jbG9jaGV0dGUvY2FiaW5ldC8yMDE0c3MvcDI1NjAwMTJfMzIuanBnIiB3aWR0aD0iNzAwIiBoZWlnaHQ9Ijc4NyI+IAogICAgPGJyIC8+CiAgICA8aW1nIHNyYz0iaHR0cDovL2ltYWdlLnJha3V0ZW4uY28uanAvY2xvY2hldHRlL2NhYmluZXQvMjAxNHNzL3AyNTYwMDEyXzUuanBnIiB3aWR0aD0iNzAwIiBoZWlnaHQ9IjUxMiIgLz48YnIgLz4KICAgIDxpbWcgc3JjPSJodHRwOi8vaW1hZ2UucmFrdXRlbi5jby5qcC9jbG9jaGV0dGUvY2FiaW5ldC8yMDE0c3MvcDI1NjAwMTJfNi5qcGciIHdpZHRoPSI3MDAiIGhlaWdodD0iMzE0IiAvPjxiciAvPgogICAgPGltZyBzcmM9Imh0dHA6Ly9pbWFnZS5yYWt1dGVuLmNvLmpwL2Nsb2NoZXR0ZS9jYWJpbmV0LzIwMTRzcy9wMjU2MDAxMl83LmpwZyIgd2lkdGg9IjcwMCIgaGVpZ2h0PSIzODkiIC8+PGJyIC8+CiAgICA8aW1nIHNyYz0iaHR0cDovL2ltYWdlLnJha3V0ZW4uY28uanAvY2xvY2hldHRlL2NhYmluZXQvMjAxNHNzL3AyNTYwMDEyXzguanBnIiB3aWR0aD0iNzAwIiBoZWlnaHQ9IjY2IiAvPjxiciAvPgogICAgPGltZyBzcmM9Imh0dHA6Ly9pbWFnZS5yYWt1dGVuLmNvLmpwL2Nsb2NoZXR0ZS9jYWJpbmV0LzIwMTRzcy9wMjU2MDAxMl8zMy5qcGciIHdpZHRoPSI3MDAiIGhlaWdodD0iNjA5IiBib3JkZXI9IjAiPiAKICAgIDxiciAvPgogICAgPGltZyBzcmM9Imh0dHA6Ly9pbWFnZS5yYWt1dGVuLmNvLmpwL2Nsb2NoZXR0ZS9jYWJpbmV0LzIwMTRzcy9wMjU2MDAxMl8zNC5qcGciIHdpZHRoPSI3MDAiIGhlaWdodD0iNTkzIiBib3JkZXI9IjAiPiAKICAgIDxiciAvPgogICAgPGJyIC8+CiAgICA8YnIgLz4KICAgIDxpbWcgc3JjPSJodHRwOi8vaW1hZ2UucmFrdXRlbi5jby5qcC9jbG9jaGV0dGUvY2FiaW5ldC8yMDE0c3MvcDI1NjAwMTJfMTEuanBnIiB3aWR0aD0iNzAwIiBoZWlnaHQ9IjU3MSIgLz48YnIgLz4KICAgIDxiciAvPgogICAgPGltZyBzcmM9Imh0dHA6Ly9pbWFnZS5yYWt1dGVuLmNvLmpwL2Nsb2NoZXR0ZS9jYWJpbmV0LzIwMTRzcy9wMjU2MDAxMl8zNS5qcGciIHdpZHRoPSI3MDAiIGhlaWdodD0iNTg3IiBib3JkZXI9IjAiPjxiciAvPgogICAgPGltZyBzcmM9Imh0dHA6Ly9pbWFnZS5yYWt1dGVuLmNvLmpwL2Nsb2NoZXR0ZS9jYWJpbmV0LzIwMTRzcy9wMjU2MDAxMl8xMy5qcGciIHdpZHRoPSI3MDAiIGhlaWdodD0iNTYwIiAvPjxiciAvPgogICAgPGltZyBzcmM9Imh0dHA6Ly9pbWFnZS5yYWt1dGVuLmNvLmpwL2Nsb2NoZXR0ZS9jYWJpbmV0LzIwMTRzcy9wMjU2MDAxMl8xNC5qcGciIHdpZHRoPSI3MDAiIGhlaWdodD0iNTM3IiAvPjxiciAvPgogICAgPGltZyBzcmM9Imh0dHA6Ly9pbWFnZS5yYWt1dGVuLmNvLmpwL2Nsb2NoZXR0ZS9jYWJpbmV0LzIwMTRzcy9wMjU2MDAxMl8xNS5qcGciIHdpZHRoPSI3MDAiIGhlaWdodD0iNTg5IiAvPjxiciAvPgogICAgPGltZyBzcmM9Imh0dHA6Ly9pbWFnZS5yYWt1dGVuLmNvLmpwL2Nsb2NoZXR0ZS9jYWJpbmV0LzIwMTRzcy9wMjU2MDAxMl8xNi5qcGciIHdpZHRoPSI3MDAiIGhlaWdodD0iMzE4IiAvPjxiciAvPgogICAgPGltZyBzcmM9Imh0dHA6Ly9pbWFnZS5yYWt1dGVuLmNvLmpwL2Nsb2NoZXR0ZS9jYWJpbmV0LzIwMTRzcy9wMjU2MDAxMl8xOC5qcGciIHdpZHRoPSI3MDAiIGhlaWdodD0iMzQ0IiAvPjxiciAvPgogICAgPGltZyBzcmM9Imh0dHA6Ly9pbWFnZS5yYWt1dGVuLmNvLmpwL2Nsb2NoZXR0ZS9jYWJpbmV0LzIwMTRzcy9wMjU2MDAxMl8xOS5qcGciIHdpZHRoPSI3MDAiIGhlaWdodD0iMTI3IiAvPjxiciAvPgogICAgPGltZyBzcmM9Imh0dHA6Ly9pbWFnZS5yYWt1dGVuLmNvLmpwL2Nsb2NoZXR0ZS9jYWJpbmV0LzIwMTRzcy9wMjU2MDAxMl8yMC5qcGciIHdpZHRoPSI3MDAiIGhlaWdodD0iNDA2IiBib3JkZXI9IjAiIHVzZW1hcD0iI01hcCIgLz4gCiAgICA8bWFwIG5hbWU9Ik1hcCIgaWQ9Ik1hcCI+CiAgICAgIDxhcmVhIHNoYXBlPSJyZWN0IiBjb29yZHM9IjIzLDE4LDY3OSwyMTIiIGhyZWY9Imh0dHA6Ly9pbWFnZS5yYWt1dGVuLmNvLmpwL2Nsb2NoZXR0ZS9jYWJpbmV0LzIwMTRzcy9wMjU2MDAxMl8yNy5qcGciIHRhcmdldD0iX2JsYW5rIiAvPgogICAgICA8YXJlYSBzaGFwZT0icmVjdCIgY29vcmRzPSIzMCwyMjcsNjkwLDM5MSIgaHJlZj0iaHR0cDovL2ltYWdlLnJha3V0ZW4uY28uanAvY2xvY2hldHRlL2NhYmluZXQvMjAxNHNzL3AyNTYwMDEyXzI2LmpwZyIgdGFyZ2V0PSJfYmxhbmsiIC8+CiAgICA8L21hcD4KICAgIDxiciAvPgogICAgPGltZyBzcmM9Imh0dHA6Ly9pbWFnZS5yYWt1dGVuLmNvLmpwL2Nsb2NoZXR0ZS9jYWJpbmV0LzIwMTRzcy9wMjU2MDAxMl8yMS5qcGciIHdpZHRoPSI3MDAiIGhlaWdodD0iMzgzIiBib3JkZXI9IjAiIHVzZW1hcD0iI01hcDIiIC8+IAogICAgPG1hcCBuYW1lPSJNYXAyIiBpZD0iTWFwMiI+CiAgICAgIDxhcmVhIHNoYXBlPSJyZWN0IiBjb29yZHM9IjE2LDE2LDY4NiwyMDIiIGhyZWY9Imh0dHA6Ly9pbWFnZS5yYWt1dGVuLmNvLmpwL2Nsb2NoZXR0ZS9jYWJpbmV0LzIwMTRzcy9wMjU2MDAxMl8yNC5qcGciIHRhcmdldD0iX2JsYW5rIiAvPgogICAgICA8YXJlYSBzaGFwZT0icmVjdCIgY29vcmRzPSIxNSwyMjIsNjkxLDM3NCIgaHJlZj0iaHR0cDovL2ltYWdlLnJha3V0ZW4uY28uanAvY2xvY2hldHRlL2NhYmluZXQvMjAxNHNzL3AyNTYwMDEyXzI1LmpwZyIgdGFyZ2V0PSJfYmxhbmsiIC8+CiAgICA8L21hcD4KICAgIDxiciAvPgogICAgPGltZyBzcmM9Imh0dHA6Ly9pbWFnZS5yYWt1dGVuLmNvLmpwL2Nsb2NoZXR0ZS9jYWJpbmV0LzIwMTRzcy9wMjU2MDAxMl8yMi5qcGciIHdpZHRoPSI3MDAiIGhlaWdodD0iNTE1IiBib3JkZXI9IjAiIHVzZW1hcD0iI01hcDMiIC8+IAogICAgPG1hcCBuYW1lPSJNYXAzIiBpZD0iTWFwMyI+CiAgICAgIDxhcmVhIHNoYXBlPSJyZWN0IiBjb29yZHM9IjEwLDE1LDY4MiwxNzgiIGhyZWY9Imh0dHA6Ly9pbWFnZS5yYWt1dGVuLmNvLmpwL2Nsb2NoZXR0ZS9jYWJpbmV0LzIwMTRzcy9wMjU2MDAxMl8yOC5qcGciIHRhcmdldD0iX2JsYW5rIiAvPgogICAgPC9tYXA+CiAgICA8YnIgLz4KICAgIDxpbWcgc3JjPSJodHRwOi8vaW1hZ2UucmFrdXRlbi5jby5qcC9jbG9jaGV0dGUvY2FiaW5ldC8yMDE0c3MvcDI1NjAwMTJfMjMuanBnIiB3aWR0aD0iNzAwIiBoZWlnaHQ9IjM2MSIgLz48YnIgLz4KICAgIDxiciAvPgogICAgPGJyIC8+CgogICAgPGJyPgo8L2Rpdj4KPHN0eWxlIHR5cGU9InRleHQvY3NzIj4KPCEtLQouc3R5bGUxIHtmb250LXNpemU6IC0xfQotLT4KPC9zdHlsZT4KPGRpdiBhbGlnbj1jZW50ZXI+CjxkaXYgYWxpZ249ImNlbnRlciI+IAogICAgPHRhYmxlIHdpZHRoPSIzODAiIGJvcmRlcj0iMSIgY2VsbHNwYWNpbmc9IjAiIGNlbGxwYWRkaW5nPSI1IiBzdHlsZT0iZm9udC1zaXplOjEycHg7Ij4KICAgICAgPHRyIGJnY29sb3I9IiNDQzY2NjYiPiAKICAgICAgICA8dGQgY29sc3Bhbj0iMiIgYWxpZ249ImNlbnRlciIgYmdjb2xvcj0iI0NDNjY2NiIgaGVpZ2h0PSI1MCI+PGI+PGZvbnQgY29sb3I9IiNGRkZGRkYiIHNpemU9IisxIj7jgYrlsYrjgZHkuojlrprml6U8L2ZvbnQ+PC9iPjwvdGQ+CiAgICAgIDwvdHI+CiAgICAgIDx0ciBiZ2NvbG9yPSIjRkZGRkZGIj4gCiAgICAgICAgPHRkIHdpZHRoPSIxNzQiIGFsaWduPSJjZW50ZXIiIGhlaWdodD0iMjAiPjxiPjxmb250IGNvbG9yPSIjNjY2NjY2Ij7lhajjgqvjg6njg7w8L2ZvbnQ+PGJyPgogICAgICAgIDwvYj48L3RkPgogICAgICAgIDx0ZCBhbGlnbj0iY2VudGVyIiB3aWR0aD0iMTgwIiBoZWlnaHQ9IjMxIj48Yj48Zm9udCBjb2xvcj0iI2NjNjY2NiI+44CA44CQ44GC44GZ5qW95a++5b+c44CRPC9mb250PjwvYj48L3RkPgogICAgICA8L3RyPgogICAgICA8dHIgYmdjb2xvcj0iI0ZGRkZGRiI+IAogICAgICAgIDx0ZCBjb2xzcGFuPSIyIiBhbGlnbj0iY2VudGVyIiBoZWlnaHQ9IjIwIj48Zm9udCBzaXplPSItMiIgY29sb3I9IiM2NjY2NjYiPuWFpeiNt+eKtuazgeOBq+OCiOOBo+OBpuOAgeOBiuWxiuOBkeS6iOWumuaXpeOBjOWJjeW+jOOBmeOCi+WgtOWQiOOBjOOBguOCiuOBvuOBmeOAgjxicj4KICAgICAgICAgIOato+W8j+OBquOBiuWxiuOBkeaXpeOBjOaxuuOBvuOCiuasoeesrOOAgeODoeODvOODq+OBq+OBpuOBlOmAo+e1oeOBhOOBn+OBl+OBvuOBmeOAgjwvZm9udD48L3RkPgogICAgICA8L3RyPgogICAgPC90YWJsZT4KPGZvbnQgc2l6ZT0tMT48Zm9udCBjb2xvcj0jY2M2NjY2PjxiPjxicj4K4oC75ZWG5ZOB5Yiw552A44G+44Gn44Gu5rWB44KMPC9iPjwvZm9udD48L2ZvbnQ+PGJyPgo8YnI+Cjx0YWJsZSB3aWR0aD0iMzgwIiBib3JkZXI9IjEiIGNlbGxzcGFjaW5nPSIwIiBjZWxscGFkZGluZz0iNSIgc3R5bGU9ImZvbnQtc2l6ZToxMnB4OyI+Cjx0ciBiZ2NvbG9yPSIjRkZGRkZGIj4gCjx0ZCBhbGlnbj0iY2VudGVyIiBjb2xzcGFuPSIyIiBiZ2NvbG9yPSIjQ0M2NjY2Ij48Zm9udCBjb2xvcj0jZmZmZmZmIHNpemU9LTE+PGI+5ZWG5ZOB6Kmz57SwPC9iPjwvZm9udD48L3RkPgo8L3RyPgo8dHIgYmdjb2xvcj0iI0ZGRkZGRiI+IAo8dGQgYWxpZ249ImNlbnRlciI+IAo8ZGl2IGFsaWduPSJsZWZ0Ij48Zm9udCBjb2xvcj0iIzY2NjY2NiI+44Ki44Kk44OG44OgPC9mb250PjwvZGl2Pgo8L3RkPgo8dGQgYWxpZ249ImNlbnRlciI+IAo8ZGl2IGFsaWduPSJsZWZ0Ij48Zm9udCBjb2xvcj0iIzY2NjY2NiI+44Kv44Ot44Kz44OA44Kk44Or5Z6L5oq844GX77ys5a2X6ZW36LKh5biDPGJyIC8+CjwvZm9udD48L2Rpdj4KPC90ZD4KPC90cj4KPHRyIGJnY29sb3I9IiNGRkZGRkYiPiAKPHRkIGFsaWduPSJjZW50ZXIiPiAKPGRpdiBhbGlnbj0ibGVmdCI+PGZvbnQgY29sb3I9IiM2NjY2NjYiPue0oOadkDwvZm9udD48L2Rpdj4KPC90ZD4KPHRkIGFsaWduPSJjZW50ZXIiPiAKPGRpdiBhbGlnbj0ibGVmdCI+PGZvbnQgY29sb3I9IiM2NjY2NjYiPueJm+mdqe+8iOacrOS9k++8iTwvZm9udD48L2Rpdj4KPC90ZD4KPC90cj4KPHRyIGJnY29sb3I9IiNGRkZGRkYiPiAKPHRkIGFsaWduPSJjZW50ZXIiPiAKPGRpdiBhbGlnbj0ibGVmdCI+PGZvbnQgY29sb3I9IiM2NjY2NjYiPuOCteOCpOOCujwvZm9udD48L2Rpdj4KPC90ZD4KPHRkIGFsaWduPSJjZW50ZXIiPiAKPGRpdiBhbGlnbj0ibGVmdCI+PGZvbnQgY29sb3I9IiM2NjY2NjYiPue4pjEww5fmqKoxOS41w5fjg57jg4ExY208L2ZvbnQ+PC9kaXY+CjwvdGQ+CjwvdHI+Cjx0ciBiZ2NvbG9yPSIjRkZGRkZGIj4gCjx0ZCBhbGlnbj0iY2VudGVyIj4gCjxkaXYgYWxpZ249ImxlZnQiPjxmb250IGNvbG9yPSIjNjY2NjY2Ij7lhoXoo4U8L2ZvbnQ+PC9kaXY+CjwvdGQ+Cjx0ZCBhbGlnbj0iY2VudGVyIj4gCjxkaXYgYWxpZ249ImxlZnQiPjxmb250IGNvbG9yPSIjNjY2NjY2Ij7jgqvjg7zjg4njg53jgrHjg4Pjg4jDlzE044CB44Kz44Kk44Oz44Kx44O844K5w5cxPGJyIC8+CuOBiuacreWFpeOCjMOXMuOAgeODleODquODvOODleOCoeOCueODiuODvOODneOCseODg+ODiMOXMTwvZm9udD48L2Rpdj4KPC90ZD4KPC90cj4KPHRyIGJnY29sb3I9IiNGRkZGRkYiPiAKPHRkIGFsaWduPSJjZW50ZXIiPiAKPGRpdiBhbGlnbj0ibGVmdCI+PGZvbnQgY29sb3I9IiM2NjY2NjYiPumHjeOBlTwvZm9udD48L2Rpdj4KPC90ZD4KPHRkIGFsaWduPSJjZW50ZXIiPiAKPGRpdiBhbGlnbj0ibGVmdCI+PGZvbnQgY29sb3I9IiM2NjY2NjYiPue0hDE1Nmc8L2ZvbnQ+PC9kaXY+CjwvdGQ+CjwvdHI+Cjx0ciBiZ2NvbG9yPSIjRkZGRkZGIj4gCjx0ZCBhbGlnbj0iY2VudGVyIj4gCjxkaXYgYWxpZ249ImxlZnQiPjxmb250IGNvbG9yPSIjNjY2NjY2Ij7morHljIU8L2ZvbnQ+PC9kaXY+CjwvdGQ+Cjx0ZCBhbGlnbj0iY2VudGVyIj4gCjxkaXYgYWxpZ249ImxlZnQiPjxmb250IGNvbG9yPSIjNjY2NjY2Ij7lsILnlKjnrrHlhaXjgoo8L2ZvbnQ+PC9kaXY+CjwvdGQ+CjwvdHI+CjwvdGFibGU+CjwvZGl2Pgo8cCBhbGlnbj0iY2VudGVyIj48aW1nIHNyYz0iaHR0cDovL3d3dy5yYWt1dGVuLm5lLmpwL2dvbGQvY2xvY2hldHRlL2ltZy9kLWEuZ2lmIiB3aWR0aD0iMzgwIiBoZWlnaHQ9IjEwMCIgYm9yZGVyPSIwIj48Zm9udCBjb2xvcj0jNTU1NTU1IHNpemU9LTE+PGJyPgo8L2ZvbnQ+PGZvbnQgc2l6ZT0tMT48Yj48Zm9udCBjb2xvcj0iI2NjNjY2NiI+4oC75ZCM5qKx44Gr44Gk44GE44GmPC9mb250PjwvYj48L2ZvbnQ+IAo8YnI+Cgo8ZGl2IGFsaWduPSJjZW50ZXIiPiAKPHRhYmxlIHN0eWxlPSJGT05ULVNJWkU6IDEycHg7IExJTkUtSEVJR0hUOiAxMjAlIiBjZWxsc3BhY2luZz0wIGNlbGxwYWRkaW5nPTMgd2lkdGg9MzgwIGFsaWduPWNlbnRlciBib3JkZXI9MT4KPHRib2R5PiAKPHRyPiAKPHRkIGJnY29sb3I9I2NjNjY2Nj4gCjxkaXYgYWxpZ249ImNlbnRlciI+PGZvbnQgY29sb3I9I2ZmZmZmZiBzaXplPS0xPjxiPuOBiuaUr+aJleaWueazlSDvvIgg5b6M5omV44GEIO+8iTwvYj48L2ZvbnQ+PC9kaXY+CjwvdGQ+CjwvdHI+Cgo8dHI+IAo8dGQ+IAo8cD48Zm9udCBjb2xvcj0jNTU1NTU1PuODu+OCr+ODrOOCuOODg+ODiOOCq+ODvOODieOAgOODu+S7o+mHkeW8leaPmzxicj4K44O76YO15L6/5oyv5pu/44CBPC9mb250Pjxmb250IGNvbG9yPSM1NTU1NTU+6YqA6KGM5oyv6L6877yI5ZWG5ZOB5Yiw552A5b6M77yR6YCx6ZaT5Lul5YaF44Gr44GK5pSv5omV44GE44GP44Gg44GV44GE77yJPC9mb250PjwvcD4KPC90ZD4KPC90cj4KPHRyPiAKPHRkIGJnY29sb3I9I2NjNjY2Nj4gCjxkaXYgYWxpZ249ImNlbnRlciI+PGZvbnQgY29sb3I9I2ZmZmZmZiBzaXplPS0xPjxiPumAgeaWmTwvYj48L2ZvbnQ+PC9kaXY+CjwvdGQ+CjwvdHI+Cjx0cj4gCjx0ZD48Zm9udCBjb2xvcj0jNTU1NTU1PjxiPjxmb250ICAgICAgIGNvbG9yPSNmZjAwMDA+5YWo5Zu95LiA5b6L77yU77yY77yQ5YaGPC9mb250PjwvYj7jgIAo6Zui5bO25Y+K44Gz5LiA6YOo5Zyw5Z+f44Gv5Yil5paZ6YeR44Gr44Gq44KK44G+44GZKSAKPC9mb250PjwvdGQ+CjwvdHI+Cjx0cj4gCjx0ZCBiZ2NvbG9yPSNjYzY2NjY+IAo8ZGl2IGFsaWduPSJjZW50ZXIiPjxmb250IGNvbG9yPSNmZmZmZmYgc2l6ZT0tMT48Yj7phY3pgIHmlrnms5U8L2I+PC9mb250PjwvZGl2Pgo8L3RkPgo8L3RyPgoKPHRyPiAKPHRkPjxmb250IGNvbG9yPSIjNTU1NTU1Ij7kvZDlt53mgKXkvr88L2ZvbnQ+PC90ZD4KPC90cj4KPHRyPiAKPHRkIGJnY29sb3I9I2NjNjY2Nj4gCjxkaXYgYWxpZ249ImNlbnRlciI+PGZvbnQgY29sb3I9I2ZmZmZmZiBzaXplPS0xPjxiPuOBiuWxiuOBkeOBmeOCi+WVhuWTgeOBq+OBpOOBhOOBpjwvYj48L2ZvbnQ+PC9kaXY+CjwvdGQ+CjwvdHI+Cjx0cj4gCjx0ZD48c3BhbiBjbGFzcz0ic3R5bGUxIj48Zm9udCBjb2xvcj0iIzU1NTU1NSI+ICDvvIrmnKzpnanjga7jgZ/jgoHjgIHmsLTjgavmv6HjgozjgZ/loLTlkIjjga/jgZfjgb/jgZPjgpPjgaDpg6jliIbjgYzjgrfjg5/jgajjgarjgaPjgabmrovjgaPjgabjgZfjgb7jgYbloLTlkIjjgYzjgYLjgorjgb7jgZnjgILmv6HjgozjgabjgZfjgb7jgaPjgZ/loLTlkIjjga/jgIHml6njgYTjgYbjgaHjgavmsLTliIbjgpLmi63jgY3lj5bjgorjgIHml6XpmbDlubLjgZfjgafjgobjgaPjgY/jgorjgajmub/msJfjgpLmipzjgYTjgabjgY/jgaDjgZXjgYTjgILjgr3jg5Xjg4jjg6zjgrbjg7zjga7mgKfos6rkuIrjgIHmk6bjgorjgq3jgrrjga7jgojjgYbjgarjgoLjga7jgYzjgaTjgYTjgabjgYrjgorjgb7jgZnjgYzjgIHjgZPjgaHjgonjga/jgIzjgq3jgrrjgI3jgafjga/jgarjgY/jgIHpnanmnKzmnaXjga7poqjlkIjjgYTjgajjgZfjgabjgYrmpb3jgZfjgb/jgY/jgaDjgZXjgYTjgII8YnIgLz4K77yK57Sg5p2Q44Gu5LuV5LiK44GM44KK44Gr44KI44Gj44Gm44CB5aSa5bCR6Imy44OW44Os44GZ44KL5aC05ZCI44GM44GC44KK44G+44GZ44CCPGJyIC8+Cu+8iualteerr+OBq+mHjeOBn+OBhOeJqeOCkuWFpeOCjOOBn+OCiueyl+mbkeOBq+aJseOBhuOBqOOAgeegtOaQjeOBmeOCi+aBkOOCjOOBjOOBguOCiuOBvuOBmeOAgjwvZm9udD48L3NwYW4+PC90ZD4KPC90cj4KPC90Ym9keT4gCjwvdGFibGU+Cjxmb250IGNvbG9yPSM2NjY2NjYgc2l6ZT0tMT48Yj48Zm9udCBjb2xvcj0jZmYwMDAwPjxicj4KPGZvbnQgY29sb3I9IzY2NjY2Nj7igLvjgYrlsYrjgZHjga/vvJ/jgYrmlK/miZXjgYTjga/vvJ/jg7vjg7s8L2ZvbnQ+PGZvbnQgY29sb3I9IiNjYzY2NjYiPuOCiOOBj+OBguOCi+OBlOizquWVj+OBr+OBk+OBoeOCieOBi+OCieKGklEmQTwvZm9udD48L2ZvbnQ+PC9iPjwvZm9udD48Zm9udCBjb2xvcj0jMzMwMGZmIHNpemU9LTE+PGI+PGJyPgo8L2I+PC9mb250Pjxmb250IGNvbG9yPSNmZjAwMDAgc2l6ZT0tMT48L2ZvbnQ+IDxmb250IGNvbG9yPSM1NTU1NTUgc2l6ZT0zPjwvZm9udD48L2Rpdj4KCjwvZGl2PjwhLS3jg5rjg7zjgrjmqKrjga7ov73pmo/jg5Djg4rjg7zjgZPjgZPjgYvjgoktLT4KCjxzdHlsZSB0eXBlPSJ0ZXh0L2NzcyI+CjwhLS0KCiNyYWt1dGVuTGltaXRlZElkX2Fyb3VuZENhcnQgc3Bhbi5jaG9pY2UgKyBzZWxlY3QgewogICAgZGlzcGxheTogYmxvY2sgIWltcG9ydGFudDsKICAgIHBhZGRpbmc6IDhweDsKICAgIG1hcmdpbi1ib3R0b206IDJweDsKICAgIGJvcmRlci1yYWRpdXM6IDJweDsgICAKfQoKI3Jha3V0ZW5MaW1pdGVkSWRfYXJvdW5kQ2FydCBzcGFuLmNob2ljZSB7CiAgICBkaXNwbGF5OiBpbmxpbmUtYmxvY2s7CiAgICBwb3NpdGlvbjpyZWxhdGl2ZTsKICAgIHBhZGRpbmc6IDhweDsKICAgIG1hcmdpbi1ib3R0b206IDhweDsKICAgIGJhY2tncm91bmQ6ICNlZWU7IC8q5ZC544GN5Ye644GX44Gu6IOM5pmv6ImyICovCiAgICBib3JkZXItcmFkaXVzOiAycHg7Cn0KI3Jha3V0ZW5MaW1pdGVkSWRfYXJvdW5kQ2FydCBzcGFuLmNob2ljZTphZnRlciB7CiAgICBjb250ZW50OiAiIjsKICAgIHBvc2l0aW9uOiBhYnNvbHV0ZTsKICAgIGJvdHRvbTogLThweDsKICAgIGxlZnQ6IDI0cHg7CiAgICBtYXJnaW4tbGVmdDogLThweDsKICAgIGRpc3BsYXk6IGJsb2NrOwogICAgd2lkdGg6IDBweDsKICAgIGhlaWdodDogMHB4OwogICAgYm9yZGVyLXN0eWxlOiBzb2xpZDsKICAgIGJvcmRlci13aWR0aDogOHB4IDhweCAwIDhweDsKICAgIGJvcmRlci1jb2xvcjogI2VlZSB0cmFuc3BhcmVudCB0cmFuc3BhcmVudCB0cmFuc3BhcmVudDsKfQotLT4KPC9zdHlsZT4KCgo8c3R5bGUgdHlwZT0idGV4dC9jc3MiPgo8IS0tCgouaXRlbV9uYW1lIHsKZGlzcGxheTpibG9jazsKbWFyZ2luLWJvdHRvbToxNXB4Owp9CgouY2F0Y2hfY29weSB7CmRpc3BsYXk6YmxvY2s7Cm1hcmdpbi1ib3R0b206MTVweDsKfQoKLS0+Cjwvc3R5bGU+CgoKPHN0eWxlIHR5cGU9InRleHQvY3NzIj4KPCEtLQphI3JjX3JpZ2h0QXJlYSB7CiB3aWR0aDogMzc4cHg7IC8q55S75YOP44Gu5YWo5L2T5bmFKi8KIHBvc2l0aW9uOiBmaXhlZDsKIHRvcDogMTAwcHg7CiByaWdodDogLTMwNXB4OyAvKuODnuOCpuOCueOCkuS5l+OBm+OBn+aZguOBq+WHuuOBpuOBj+OCi+W5hSovCiBkaXNwbGF5OiBpbmxpbmUtYmxvY2s7CiB0cmFuc2l0aW9uOiBhbGwgLjJzIGVhc2U7CiB6LWluZGV4OiA5OTk5Owp9CmEjcmNfcmlnaHRBcmVhOmhvdmVyewogcmlnaHQ6IDA7Cn0KLS0+Cjwvc3R5bGU+Cgo8c3R5bGUgdHlwZT0idGV4dC9jc3MiPgo8IS0tCmEjcmNfcmlnaHRBcmVhMiB7CiB3aWR0aDogMzc4cHg7IC8q55S75YOP44Gu5YWo5L2T5bmFKi8KIHBvc2l0aW9uOiBmaXhlZDsKIHRvcDogNTAwcHg7CiByaWdodDogLTMwNXB4OyAvKuODnuOCpuOCueOCkuS5l+OBm+OBn+aZguOBq+WHuuOBpuOBj+OCi+W5hSovCiBkaXNwbGF5OiBpbmxpbmUtYmxvY2s7CiB0cmFuc2l0aW9uOiBhbGwgLjJzIGVhc2U7CiB6LWluZGV4OiA5OTk5Owp9CmEjcmNfcmlnaHRBcmVhMjpob3ZlcnsKIHJpZ2h0OiAwOwp9Ci0tPgo8L3N0eWxlPgoKCgo8aW1nIHNyYz0iaHR0cHM6Ly9pbWFnZS5yYWt1dGVuLmNvLmpwL2Nsb2NoZXR0ZS9jYWJpbmV0L3RvcHBhZ2UvaW1ncmMwMDcyMzIyNDIxLmpwZyIgLz4KPGJyPgo8IS0tCiA8aW1nIHNyYz0iaHR0cDovL2ltYWdlLnJha3V0ZW4uY28uanAvY2xvY2hldHRlL2NhYmluZXQvdG9wcGFnZS9pbWdyYzAwNjkwMjM4MDUuanBnIiAvPiAtLT4gCgoKPCEtLeODmuODvOOCuOaoquOBrui/vemaj+ODkOODiuODvOOBk+OBk+OBvuOBpy0tPgoKCgoKPCEtLeOCq+OCtOS4iuOBhOOBj+OCieOBp+mAgeaWmeeEoeaWmeODkOODiuODvOOBk+OBk+OBi+OCiS0tPgoKCgo8c3R5bGUgdHlwZT0idGV4dC9jc3MiPgo8IS0tCnNwYW4udW5pdCB7CiBiYWNrZ3JvdW5kOiB1cmwoImh0dHA6Ly9pbWFnZS5yYWt1dGVuLmNvLmpwL2Nsb2NoZXR0ZS9jYWJpbmV0L2tpa2FrdXBjL2ZyZWU1NC9wYWdlXzEwODAwXzIuZ2lmIikgbm8tcmVwZWF0IGxlZnQgdG9wOwogdGV4dC1pbmRlbnQ6LTk5OTk7CiBkaXNwbGF5OiBibG9jazsKIHdpZHRoOiAzOTdweDsKIGhlaWdodDogMTU0cHg7CiBtYXJnaW46MTVweCAwOyB9Ci0tPgo8L3N0eWxlPgoKCgoKPCEtLeOCq+OCtOS4iuOBhOOBj+OCieOBp+mAgeaWmeeEoeaWmeODkOODiuODvOOBk+OBk+OBvuOBpy0tPgoKCjwhLS3jgqvjgrTkuIrjgYTjgY/jgonjgafpgIHmlpnnhKHmlpnjg5Djg4rjg7zjgZPjgZPjgb7jgactLT4KCjwhLS3ntI3mnJ/mg4XloLEtLT4KCjxzdHlsZSBUWVBFPSJ0ZXh0L2NzcyI+CjwhLS0KdGQuaW52ZW50b3J5IGZvbnR7Zm9udC1zaXplOjEwcHg7Y29sb3I6IzY2NjY2Njt9CgotLT4KPC9zdHlsZT4=,6ZW36LKh5biD44CA44Os44OH44Kj44O844K544CA6ZW36LKh5biD44CA5pys6Z2p44CA6ZW36LKh5biD44CA44Kv44Ot44Kz44OA44Kk44Or44CA6ZW36LKh5biD44CA44Ov44OL44CA5aSn5a656YeP44CA6ZW36LKh5biD44CA44Ko44OK44Oh44Or44CA6ZW36LKh5biD44CA5bCP6Yqt5YWl44KM44GC44KK44CA6ZW36LKh5biD44CA5Lq65rCX44CA6ZW36LKh5biD44CA44OU44Oz44Kv44CA6ZW36LKh5biD44CQ44Kv44Ot44Kz5Z6L5oq844GX6ZW36LKh5biD44CR44Kv44Os44Ki77ya5Luj5a6Y5bGx44Kv44Ot44K344Kn44OD44OI,44OI44O844OI44OQ44OD44Kw6LKh5biDIOODrOODh+OCo+ODvOOCueOCt+ODp+ODq+ODgOODvOODkOODg+OCsOODleOCoeODvOODkOODg+OCsOiyoeW4g+OBiuiyoeW4g+ODneOCt+OCp+ODg+ODiOOCreODvOOCseODvOOCuemVt+iyoeW4gyDjg6zjg4fjgqPjg7zjgrnplbfosqHluIPjg6rjg6Xjg4Pjgq/osqHluIMg44Os44OH44Kj44O844K5IOS6uuawl+ODnOOCueODiOODs+ODkOODg+OCsCDml4XooYzou73ph4/jg6rjg6Xjg4Pjgq/jgYzjgb7lj6Mg44OQ44OD44Kw44Kt44Oj44Oq44O844OQ44OD44Kw6LKh5biDIOODrOODh+OCo+ODvOOCuSDplbfosqHluIPjgrfjg6fjg6vjg4Djg7wg44Od44K344Kn44OD44OI44Oq44Ol44OD44KvIOODrOODh+OCo+ODvOOCueacrOmdqSDjg6rjg6Xjg4Pjgq/plbfosqHluIPjgIDjg6zjg4fjgqPjg7zjgrnjgIDplbfosqHluIPjgIDmnKzpnanjgIDplbfosqHluIPjgIDjgq/jg63jgrPjg4DjgqTjg6vjgIDplbfosqHluIPjgIDjg6/jg4vjgIDlpKflrrnph4/jgIDplbfosqHluIPjgIDjgqjjg4rjg6Hjg6vjgIDplbfosqHluIPjgIDlsI/piq3lhaXjgozjgYLjgorjgIDplbfosqHluIPjgIDkurrmsJfjgIDplbfosqHluIPjgIDjg5Tjg7Pjgq/jgIDplbfosqHluIPjgJDjgq/jg63jgrPlnovmirzjgZfplbfosqHluIPjgJHjgq/jg6zjgqI=,44CQ6ZW36LKh5biDL+ODrOODh+OCo+ODvOOCuS/jg5Tjg7Pjgq8v5pys6Z2pL+OBi+OCj+OBhOOBhC/kurrmsJfjgJHjgILplbfosqHluIPjgIDjg6zjg4fjgqPjg7zjgrnjgIDplbfosqHluIPjgIDmnKzpnanjgIDplbfosqHluIPjgIDjgq/jg63jgrPjg4DjgqTjg6vjgIDplbfosqHluIPjgIDjg6/jg4vjgIDlpKflrrnph4/jgIDplbfosqHluIPjgIDjgqjjg4rjg6Hjg6vjgIDplbfosqHluIPjgIDlsI/piq3lhaXjgozjgYLjgorjgIDplbfosqHluIPjgIDkurrmsJfjgIDplbfosqHluIPjgIDjg5Tjg7Pjgq/jgIDplbfosqHluIPjgJDjgq/jg63jgrPlnovmirzjgZfplbfosqHluIPjgJHjgq/jg6zjgqI=[rn]
39-76490,aHR0cDovL3RzaG9wLnIxMHMuanAvY2xvY2hldHRlL2NhYmluZXQvc21hcGhvL3NtYXJ0cGhvbmUvcDIwMTE2NDdfNTgwLmpwZz9maXRpbj03MDA6NzAw,NTA5Ny42MDAw,,44OQ44OD44Kw44O75bCP54mp44O744OW44Op44Oz44OJ6ZuR6LKoID4g6LKh5biD44O744Kx44O844K5ID4g44Os44OH44Kj44O844K56LKh5biD,44CQNjU4N+WAi+WujOWjsu+8geOCouODi+ODnuODq+afhOOBjOOBiuOBl+OCg+OCjOKZquWkmuWPjue0jeOBiuiyoeW4g+ODneOCt+OCp+ODg+ODiOOAkeODrOODh+OCo+ODvOOCuSDosqHluIMg5LqM44Gk5oqY44KKIOa1t+WkluaXheihjCDosqHluIMg5pac44KB44GM44GRIOOCueODnuODmyDjg6zjgrbjg7wg5Lq65rCXIOODkuODp+OCpuafhCDmkLrluK8g5aSa5qmf6IO9IOOBi+OCj+OBhOOBhCDjg6njgqbjg7Pjg4njg5XjgqHjgrnjg4rjg7wg5bCP6Yqt5YWl44KMIOWls+aApyDkvb/jgYTjgoTjgZnjgYQg6Lu944GEIOaXheihjOODnuODlOODg+OCt+ODpeODu+ODiOODreODr+OAkOOBguOBmealveWvvuW/nOOAkQ==,5aSa5Y+O57SN5pac44KB44GM44GR44GK6LKh5biD44Od44K344Kn44OD44OIL+OBiuiyoeW4g+OCt+ODp+ODq+ODgOODvA==,PGRpdiBhbGlnbj0iY2VudGVyIj4gCiAgPHA+PGI+PGZvbnQgc2l6ZT0iKzIiIGNvbG9yPSIjRkYwMDAwIj7vvLzjgrfjg6rjg7zjgrrntK/oqIggNiw1ODcg5YCL5a6M5aOy77yB77yPPGJyPgrjg6zjg5Pjg6Xjg7zlpKflpb3oqZXjgYLjgorjgYzjgajjgYbjgZTjgZbjgYTjgb7jgZnvvIE8L2ZvbnQ+PGZvbnQgY29sb3I9IiNBRTc2MDAiIHNpemU9Ii0xIj48YnI+CjwvZm9udD48Zm9udCBjb2xvcj0iI0FFNzYwMCIgc2l6ZT0iLTEiPjxicj4KICAgIOS7iuW6puOBruOBiuiyoeW4g+OCt+ODp+ODq+ODgOODvOOBrwogICAgPGJyPgogICAg5aSn5Lq65LiK5ZOB44Gq44Ki44OL44Oe44Or5p+EPGJyPgogICAg44Oe44OU44OD44K344Ol44O744OI44Ot44Ov772eTWFwaXNoIHRyb2lz772ePC9mb250PjwvYj48YnI+CiAgICA8YnIgLz4KICAgIDxpbWcgc3JjPSJodHRwOi8vaW1hZ2UucmFrdXRlbi5jby5qcC9jbG9jaGV0dGUvY2FiaW5ldC8yMDE2c3MvcDIwMTE2NDdfMS5qcGciIHdpZHRoPSI3MDAiIGhlaWdodD0iNjM2IiBib3JkZXI9IjAiIC8+PGJyIC8+CiAgICA8aW1nIHNyYz0iaHR0cDovL2ltYWdlLnJha3V0ZW4uY28uanAvY2xvY2hldHRlL2NhYmluZXQvMjAxNnNzL3AyMDExNjQ3XzIuanBnIiB3aWR0aD0iNzAwIiBoZWlnaHQ9IjIwNCIgYm9yZGVyPSIwIiAvPjxiciAvPgogICAgPGltZyBzcmM9Imh0dHA6Ly9pbWFnZS5yYWt1dGVuLmNvLmpwL2Nsb2NoZXR0ZS9jYWJpbmV0LzIwMTZzcy9wMjAxMTY0N18zLmpwZyIgd2lkdGg9IjcwMCIgaGVpZ2h0PSIzMjMiIGJvcmRlcj0iMCIgLz48YnIgLz4KICAgIDxpbWcgc3JjPSJodHRwOi8vaW1hZ2UucmFrdXRlbi5jby5qcC9jbG9jaGV0dGUvY2FiaW5ldC8yMDE2c3MvcDIwMTE2NDdfNC5qcGciIHdpZHRoPSI3MDAiIGhlaWdodD0iNjMzIiBib3JkZXI9IjAiIC8+PGJyPgogICAgPGltZyBzcmM9Imh0dHA6Ly9pbWFnZS5yYWt1dGVuLmNvLmpwL2Nsb2NoZXR0ZS9jYWJpbmV0LzIwMTZzcy9wMjAxMTY0N181LmpwZyIgd2lkdGg9IjcwMCIgaGVpZ2h0PSI2MDAiIGJvcmRlcj0iMCIgLz48YnIgLz4KICAgIDxpbWcgc3JjPSJodHRwOi8vaW1hZ2UucmFrdXRlbi5jby5qcC9jbG9jaGV0dGUvY2FiaW5ldC8yMDE2c3MvcDIwMTE2NDdfNi5qcGciIHdpZHRoPSI3MDAiIGhlaWdodD0iOTYiIGJvcmRlcj0iMCIgLz48YnIgLz4KICAgIDxpbWcgc3JjPSJodHRwOi8vaW1hZ2UucmFrdXRlbi5jby5qcC9jbG9jaGV0dGUvY2FiaW5ldC8yMDE2c3MvcDIwMTE2NDdfNy5qcGciIHdpZHRoPSI3MDAiIGhlaWdodD0iNDk4IiBib3JkZXI9IjAiIC8+PGJyIC8+CiAgICA8aW1nIHNyYz0iaHR0cDovL2ltYWdlLnJha3V0ZW4uY28uanAvY2xvY2hldHRlL2NhYmluZXQvMjAxNnNzL3AyMDExNjQ3XzguanBnIiB3aWR0aD0iNzAwIiBoZWlnaHQ9IjExNSIgYm9yZGVyPSIwIiAvPjxiciAvPgogICAgPGltZyBzcmM9Imh0dHA6Ly9pbWFnZS5yYWt1dGVuLmNvLmpwL2Nsb2NoZXR0ZS9jYWJpbmV0LzIwMTZzcy9wMjAxMTY0N185LmpwZyIgd2lkdGg9IjcwMCIgaGVpZ2h0PSI3MjIiIGJvcmRlcj0iMCIgLz48YnIgLz4KICAgIDxiciAvPgogICAgPGltZyBzcmM9Imh0dHA6Ly9pbWFnZS5yYWt1dGVuLmNvLmpwL2Nsb2NoZXR0ZS9jYWJpbmV0LzIwMTZzcy9wMjAxMTY0N18xMC5qcGciIHdpZHRoPSI3MDAiIGhlaWdodD0iNzEzIiBib3JkZXI9IjAiIC8+PGJyIC8+CiAgICA8aW1nIHNyYz0iaHR0cDovL2ltYWdlLnJha3V0ZW4uY28uanAvY2xvY2hldHRlL2NhYmluZXQvMjAxNnNzL3AyMDExNjQ3XzExLmpwZyIgd2lkdGg9IjcwMCIgaGVpZ2h0PSIxMTAiIGJvcmRlcj0iMCIgLz48YnIgLz4KICAgIDxpbWcgc3JjPSJodHRwOi8vaW1hZ2UucmFrdXRlbi5jby5qcC9jbG9jaGV0dGUvY2FiaW5ldC8yMDE2c3MvcDIwMTE2NDdfMTIuanBnIiB3aWR0aD0iNzAwIiBoZWlnaHQ9IjU1MSIgYm9yZGVyPSIwIiAvPjxiciAvPgogICAgPGltZyBzcmM9Imh0dHA6Ly9pbWFnZS5yYWt1dGVuLmNvLmpwL2Nsb2NoZXR0ZS9jYWJpbmV0LzIwMTZzcy9wMjAxMTY0N18xMl8yLmpwZyIgd2lkdGg9IjcwMCIgaGVpZ2h0PSI5MiIgYm9yZGVyPSIwIiAvPjxiciAvPgogICAgPGltZyBzcmM9Imh0dHA6Ly9pbWFnZS5yYWt1dGVuLmNvLmpwL2Nsb2NoZXR0ZS9jYWJpbmV0LzIwMTZzcy9wMjAxMTY0N18xMy5qcGciIHdpZHRoPSI3MDAiIGhlaWdodD0iNTUyIiBib3JkZXI9IjAiIC8+PGJyIC8+CiAgICA8aW1nIHNyYz0iaHR0cDovL2ltYWdlLnJha3V0ZW4uY28uanAvY2xvY2hldHRlL2NhYmluZXQvMjAxNnNzL3AyMDExNjQ3XzE0LmpwZyIgd2lkdGg9IjcwMCIgaGVpZ2h0PSIxODkiIGJvcmRlcj0iMCIgLz48YnIgLz4KICAgIDxpbWcgc3JjPSJodHRwOi8vaW1hZ2UucmFrdXRlbi5jby5qcC9jbG9jaGV0dGUvY2FiaW5ldC8yMDE2c3MvcDIwMTE2NDdfMTUuanBnIiB3aWR0aD0iNzAwIiBoZWlnaHQ9IjU0MCIgYm9yZGVyPSIwIiAvPjxiciAvPgogICAgPGltZyBzcmM9Imh0dHA6Ly9pbWFnZS5yYWt1dGVuLmNvLmpwL2Nsb2NoZXR0ZS9jYWJpbmV0LzIwMTZzcy9wMjAxMTY0N18xNi5qcGciIHdpZHRoPSI3MDAiIGhlaWdodD0iNTkxIiBib3JkZXI9IjAiIC8+PGJyIC8+CiAgICA8aW1nIHNyYz0iaHR0cDovL2ltYWdlLnJha3V0ZW4uY28uanAvY2xvY2hldHRlL2NhYmluZXQvMjAxNnNzL3AyMDExNjQ3XzE3LmpwZyIgd2lkdGg9IjcwMCIgaGVpZ2h0PSI1NzQiIGJvcmRlcj0iMCIgLz48YnIgLz4KICAgIDxpbWcgc3JjPSJodHRwOi8vaW1hZ2UucmFrdXRlbi5jby5qcC9jbG9jaGV0dGUvY2FiaW5ldC8yMDE2c3MvcDIwMTE2NDdfMTguanBnIiB3aWR0aD0iNzAwIiBoZWlnaHQ9Ijg2MCIgYm9yZGVyPSIwIiAvPjxiciAvPgogICAgPGltZyBzcmM9Imh0dHA6Ly9pbWFnZS5yYWt1dGVuLmNvLmpwL2Nsb2NoZXR0ZS9jYWJpbmV0LzIwMTZzcy9wMjAxMTY0N18xOS5qcGciIHdpZHRoPSI3MDAiIGhlaWdodD0iNTk1IiBib3JkZXI9IjAiIHVzZW1hcD0iI01hcCIgLz4KICAgIDxtYXAgbmFtZT0iTWFwIiBpZD0iTWFwIj4KICAgICAgPGFyZWEgc2hhcGU9InJlY3QiIGNvb3Jkcz0iOSw1MiwzNDcsNTgzIiBocmVmPSJodHRwOi8vaW1hZ2UucmFrdXRlbi5jby5qcC9jbG9jaGV0dGUvY2FiaW5ldC8yMDE2c3MvcDIwMTE2NDdfMjIuanBnIiB0YXJnZXQ9Il9ibGFuayIgLz4KICAgICAgPGFyZWEgc2hhcGU9InJlY3QiIGNvb3Jkcz0iMzU4LDU0LDY5Miw1ODUiIGhyZWY9Imh0dHA6Ly9pbWFnZS5yYWt1dGVuLmNvLmpwL2Nsb2NoZXR0ZS9jYWJpbmV0LzIwMTZzcy9wMjAxMTY0N18yMy5qcGciIHRhcmdldD0iX2JsYW5rIiAvPgogICAgPC9tYXA+CiAgICA8YnIgLz4KICAgIDxpbWcgc3JjPSJodHRwOi8vaW1hZ2UucmFrdXRlbi5jby5qcC9jbG9jaGV0dGUvY2FiaW5ldC8yMDE2c3MvcDIwMTE2NDdfMjAuanBnIiB3aWR0aD0iNzAwIiBoZWlnaHQ9IjQ4NiIgYm9yZGVyPSIwIiB1c2VtYXA9IiNNYXAyIiAvPgogICAgPG1hcCBuYW1lPSJNYXAyIiBpZD0iTWFwMiI+CiAgICAgIDxhcmVhIHNoYXBlPSJyZWN0IiBjb29yZHM9IjEzLDksMzU1LDQ3OSIgaHJlZj0iaHR0cDovL2ltYWdlLnJha3V0ZW4uY28uanAvY2xvY2hldHRlL2NhYmluZXQvMjAxNnNzL3AyMDExNjQ3XzI0LmpwZyIgdGFyZ2V0PSJfYmxhbmsiIC8+CiAgICAgIDxhcmVhIHNoYXBlPSJyZWN0IiBjb29yZHM9IjM2Miw4LDY5NSw0NzgiIGhyZWY9Imh0dHA6Ly9pbWFnZS5yYWt1dGVuLmNvLmpwL2Nsb2NoZXR0ZS9jYWJpbmV0LzIwMTZzcy9wMjAxMTY0N18yNS5qcGciIHRhcmdldD0iX2JsYW5rIiAvPgogICAgPC9tYXA+CiAgICA8YnIgLz4KICAgIDxpbWcgc3JjPSJodHRwOi8vaW1hZ2UucmFrdXRlbi5jby5qcC9jbG9jaGV0dGUvY2FiaW5ldC8yMDE2c3MvcDIwMTE2NDdfMjEuanBnIiB3aWR0aD0iNzAwIiBoZWlnaHQ9IjUxNyIgYm9yZGVyPSIwIiAvPjxiciAvPgogICAgPGJyIC8+CiAgPC9kaXY+CgoKCjxkaXYgYWxpZ249ImxlZnQiPjx0YWJsZSBzdHlsZT0iRk9OVC1TSVpFOiAxMnB4OyBMSU5FLUhFSUdIVDogMTIwJSIgY2VsbHNwYWNpbmc9MCBjZWxscGFkZGluZz0zIHdpZHRoPTQwMCBhbGlnbj1jZW50ZXIgYm9yZGVyPTA+PHRib2R5PiAKPHRyPiAKPHRkIGJnY29sb3I9I2ZmZmZmZj48Zm9udCBzaXplPSItMSIgY29sb3I9IiM2NjY2NjYiPiDjgYrosqHluIPjg53jgrfjgqfjg4Pjg4gv44K344On44Or44OA44O8L+ODkOODg+OCsC/jg6zjg4fjgqPjg7zjgrkv5aWz5oCn55SoL+OBi+OBsOOCky/jgqvjg5Djg7Mv6Z6EL+mAmuiyqS/jgYrjgZfjgoPjgowv44GK44GZ44GZ44KBL+S6uuawly/jgYvjgo/jgYTjgYQv44Kv44Op44OD44OB44OQ44OD44KwL+OBquOBquOCgeOBjOOBkS/lpKflrrnph48v6Lu96YePLzMw5LujLzQw5LujL+Wls+aApy/jgqLjg4vjg57jg6vmn4Qv44OX44Os44K844Oz44OIL+eEoeWcsC/pu5Iv44Kz44O844OHL+OCs+ODvOODh+OCo+ODjeODvOODiC/mjIHjgaHmiYsv44OS44On44Km5p+EL+Wkp+WtpueUny/mr40v6KqV55Sf5pelL+Wkp+S6uuWPr+aEm+OBhC/lpKfkurrjgYvjgo/jgYTjgYQv5aSn5Lq644Kr44K444Ol44Ki44OrL+ODrOODh+OCo+OCuS/jgorjgbzjgpMvb2w8YnI+CjwvZm9udD48L3RyPgo8L3Rib2R5PiAKPC90YWJsZT48L2Rpdj4KPGJyPgoKCjxkaXYgYWxpZ249ImNlbnRlciI+PGJyPgogCjx0YWJsZSB3aWR0aD00MDAgaGVpZ2h0PTYwIGJvcmRlcj0xIGFsaWduPWNlbnRlciBjZWxscGFkZGluZz0zIGNlbGxzcGFjaW5nPTAgYm9yZGVyY29sb3I9IiNDQ0NDQ0MiIHN0eWxlPSJGT05ULVNJWkU6IDEycHg7IExJTkUtSEVJR0hUOiAxMjAlIj4KPHRib2R5PiAKPHRyPiAKPHRkIGJnY29sb3I9I0Y1REREQz4gCjxkaXYgYWxpZ249ImNlbnRlciI+PGZvbnQgY29sb3I9IzMzMzMzMyBzaXplPSsxPjxiPumAgeaWmeWFqOWbveS4gOW+i+OAgO+8le+8le+8kOWGhjwvYj48L2ZvbnQ+PGJyPgo8YnI+PGZvbnQgY29sb3I9IzMzMzMzMyBzaXplPS0xPijpm6Lls7blj4rjgbPkuIDpg6jlnLDln5/jga/liKXmlpnph5Hjgavjgarjgorjgb7jgZkpPC9mb250PjwvZGl2Pgo8L3RkPgo8L3RyPgoKCjwvdGJvZHk+IAo8L3RhYmxlPgo8YnI+Cjx0YWJsZSBzdHlsZT0iRk9OVC1TSVpFOiAxMnB4OyBMSU5FLUhFSUdIVDogMTIwJSIgY2VsbHNwYWNpbmc9MCBjZWxscGFkZGluZz0zIHdpZHRoPTQwMCBoZWlnaHQ9NjAgYWxpZ249Y2VudGVyIGJvcmRlcj0wPgo8dGJvZHk+IAo8dHI+IAogIDx0ZCBiZ2NvbG9yPSNmZmZmZmY+CiAgICA8ZGl2IGFsaWduPSJsZWZ0Ij4KICAgICAgPHA+PGZvbnQgY29sb3I9IzY2NjY2NiBzaXplPS0xPu+8iue0oOadkOOBruS4iuOBjOOCiuOBq+OCiOOBo+OBpuOAgeWkmuWwkeiJsuODluODrOOBmeOCi+WgtOWQiOOBjOOBguOCiuOBvuOBmeOAgjxicj4KICAgICAgICDvvIrmpbXnq6/jgavph43jgZ/jgYTnianjgpLlhaXjgozjgZ/jgornspfpm5HjgavmibHjgYbjgajjgIHnoLTmkI3jgZnjgovmgZDjgozjgYzjgYLjgorjgb7jgZnjgII8YnI+Cu+8iuODqeODg+ODlOODs+OCsOOBr+aJv+OBo+OBpuOBiuOCiuOBvuOBm+OCk+OAgjwvZm9udD48L3A+CiAgICAgIDwvZGl2PjwvdGQ+PC90cj4KCgo8L3Rib2R5PiAKPC90YWJsZT4KPC9kaXY+PCEtLeODmuODvOOCuOaoquOBrui/vemaj+ODkOODiuODvOOBk+OBk+OBi+OCiS0tPgoKPHN0eWxlIHR5cGU9InRleHQvY3NzIj4KPCEtLQoKI3Jha3V0ZW5MaW1pdGVkSWRfYXJvdW5kQ2FydCBzcGFuLmNob2ljZSArIHNlbGVjdCB7CiAgICBkaXNwbGF5OiBibG9jayAhaW1wb3J0YW50OwogICAgcGFkZGluZzogOHB4OwogICAgbWFyZ2luLWJvdHRvbTogMnB4OwogICAgYm9yZGVyLXJhZGl1czogMnB4OyAgIAp9CgojcmFrdXRlbkxpbWl0ZWRJZF9hcm91bmRDYXJ0IHNwYW4uY2hvaWNlIHsKICAgIGRpc3BsYXk6IGlubGluZS1ibG9jazsKICAgIHBvc2l0aW9uOnJlbGF0aXZlOwogICAgcGFkZGluZzogOHB4OwogICAgbWFyZ2luLWJvdHRvbTogOHB4OwogICAgYmFja2dyb3VuZDogI2VlZTsgLyrlkLnjgY3lh7rjgZfjga7og4zmma/oibIgKi8KICAgIGJvcmRlci1yYWRpdXM6IDJweDsKfQojcmFrdXRlbkxpbWl0ZWRJZF9hcm91bmRDYXJ0IHNwYW4uY2hvaWNlOmFmdGVyIHsKICAgIGNvbnRlbnQ6ICIiOwogICAgcG9zaXRpb246IGFic29sdXRlOwogICAgYm90dG9tOiAtOHB4OwogICAgbGVmdDogMjRweDsKICAgIG1hcmdpbi1sZWZ0OiAtOHB4OwogICAgZGlzcGxheTogYmxvY2s7CiAgICB3aWR0aDogMHB4OwogICAgaGVpZ2h0OiAwcHg7CiAgICBib3JkZXItc3R5bGU6IHNvbGlkOwogICAgYm9yZGVyLXdpZHRoOiA4cHggOHB4IDAgOHB4OwogICAgYm9yZGVyLWNvbG9yOiAjZWVlIHRyYW5zcGFyZW50IHRyYW5zcGFyZW50IHRyYW5zcGFyZW50Owp9Ci0tPgo8L3N0eWxlPgoKCjxzdHlsZSB0eXBlPSJ0ZXh0L2NzcyI+CjwhLS0KCi5pdGVtX25hbWUgewpkaXNwbGF5OmJsb2NrOwptYXJnaW4tYm90dG9tOjE1cHg7Cn0KCi5jYXRjaF9jb3B5IHsKZGlzcGxheTpibG9jazsKbWFyZ2luLWJvdHRvbToxNXB4Owp9CgotLT4KPC9zdHlsZT4KCgo8c3R5bGUgdHlwZT0idGV4dC9jc3MiPgo8IS0tCmEjcmNfcmlnaHRBcmVhIHsKIHdpZHRoOiAzNzhweDsgLyrnlLvlg4/jga7lhajkvZPluYUqLwogcG9zaXRpb246IGZpeGVkOwogdG9wOiAxMDBweDsKIHJpZ2h0OiAtMzA1cHg7IC8q44Oe44Km44K544KS5LmX44Gb44Gf5pmC44Gr5Ye644Gm44GP44KL5bmFKi8KIGRpc3BsYXk6IGlubGluZS1ibG9jazsKIHRyYW5zaXRpb246IGFsbCAuMnMgZWFzZTsKIHotaW5kZXg6IDk5OTk7Cn0KYSNyY19yaWdodEFyZWE6aG92ZXJ7CiByaWdodDogMDsKfQotLT4KPC9zdHlsZT4KCjxzdHlsZSB0eXBlPSJ0ZXh0L2NzcyI+CjwhLS0KYSNyY19yaWdodEFyZWEyIHsKIHdpZHRoOiAzNzhweDsgLyrnlLvlg4/jga7lhajkvZPluYUqLwogcG9zaXRpb246IGZpeGVkOwogdG9wOiA1MDBweDsKIHJpZ2h0OiAtMzA1cHg7IC8q44Oe44Km44K544KS5LmX44Gb44Gf5pmC44Gr5Ye644Gm44GP44KL5bmFKi8KIGRpc3BsYXk6IGlubGluZS1ibG9jazsKIHRyYW5zaXRpb246IGFsbCAuMnMgZWFzZTsKIHotaW5kZXg6IDk5OTk7Cn0KYSNyY19yaWdodEFyZWEyOmhvdmVyewogcmlnaHQ6IDA7Cn0KLS0+Cjwvc3R5bGU+CgoKCjxpbWcgc3JjPSJodHRwczovL2ltYWdlLnJha3V0ZW4uY28uanAvY2xvY2hldHRlL2NhYmluZXQvdG9wcGFnZS9pbWdyYzAwNzIzMjI0MjEuanBnIiAvPgo8YnI+CjwhLS0KIDxpbWcgc3JjPSJodHRwOi8vaW1hZ2UucmFrdXRlbi5jby5qcC9jbG9jaGV0dGUvY2FiaW5ldC90b3BwYWdlL2ltZ3JjMDA2OTAyMzgwNS5qcGciIC8+IC0tPiAKCgo8IS0t44Oa44O844K45qiq44Gu6L+96ZqP44OQ44OK44O844GT44GT44G+44GnLS0+CgoKCgo8IS0t44Kr44K05LiK44GE44GP44KJ44Gn6YCB5paZ54Sh5paZ44OQ44OK44O844GT44GT44GL44KJLS0+CgoKCjxzdHlsZSB0eXBlPSJ0ZXh0L2NzcyI+CjwhLS0Kc3Bhbi51bml0IHsKIGJhY2tncm91bmQ6IHVybCgiaHR0cDovL2ltYWdlLnJha3V0ZW4uY28uanAvY2xvY2hldHRlL2NhYmluZXQva2lrYWt1cGMvZnJlZTU0L3BhZ2VfMTA4MDBfMi5naWYiKSBuby1yZXBlYXQgbGVmdCB0b3A7CiB0ZXh0LWluZGVudDotOTk5OTsKIGRpc3BsYXk6IGJsb2NrOwogd2lkdGg6IDM5N3B4OwogaGVpZ2h0OiAxNTRweDsKIG1hcmdpbjoxNXB4IDA7IH0KLS0+Cjwvc3R5bGU+CgoKCgo8IS0t44Kr44K05LiK44GE44GP44KJ44Gn6YCB5paZ54Sh5paZ44OQ44OK44O844GT44GT44G+44GnLS0+CgoKPCEtLeOCq+OCtOS4iuOBhOOBj+OCieOBp+mAgeaWmeeEoeaWmeODkOODiuODvOOBk+OBk+OBvuOBpy0tPgoKPCEtLee0jeacn+aDheWgsS0tPgoKPHN0eWxlIFRZUEU9InRleHQvY3NzIj4KPCEtLQp0ZC5pbnZlbnRvcnkgZm9udHtmb250LXNpemU6MTBweDtjb2xvcjojNjY2NjY2O30KCi0tPgo8L3N0eWxlPg==,44CQNjU4N+WAi+WujOWjsu+8geOCouODi+ODnuODq+afhOOBjOOBiuOBl+OCg+OCjOKZquWkmuWPjue0jeOBiuiyoeW4g+ODneOCt+OCp+ODg+ODiOOAkeODrOODh+OCo+ODvOOCuSDosqHluIMg5LqM44Gk5oqY44KKIOa1t+WkluaXheihjCDosqHluIMg5pac44KB44GM44GRIOOCueODnuODmyDjg6zjgrbjg7wg5Lq65rCXIOODkuODp+OCpuafhCDmkLrluK8g5aSa5qmf6IO9IOOBi+OCj+OBhOOBhCDjg6njgqbjg7Pjg4njg5XjgqHjgrnjg4rjg7wg5bCP6Yqt5YWl44KMIOWls+aApyDkvb/jgYTjgoTjgZnjgYQg6Lu944GEIOaXheihjOODnuODlOODg+OCt+ODpeODu+ODiOODreODr+OAkOOBguOBmealveWvvuW/nOOAke+8muS7o+WumOWxseOCr+ODreOCt+OCp+ODg+ODiA==,44OI44O844OI44OQ44OD44Kw6LKh5biDIOODrOODh+OCo+ODvOOCueOCt+ODp+ODq+ODgOODvOODkOODg+OCsOODleOCoeODvOODkOODg+OCsOiyoeW4g+OBiuiyoeW4g+ODneOCt+OCp+ODg+ODiOOCreODvOOCseODvOOCuemVt+iyoeW4gyDjg6zjg4fjgqPjg7zjgrnplbfosqHluIPjg6rjg6Xjg4Pjgq/osqHluIMg44Os44OH44Kj44O844K5IOS6uuawl+ODnOOCueODiOODs+ODkOODg+OCsCDml4XooYzou73ph4/jg6rjg6Xjg4Pjgq/jgYzjgb7lj6Mg44OQ44OD44Kw44Kt44Oj44Oq44O844OQ44OD44Kw6LKh5biDIOODrOODh+OCo+ODvOOCuSDplbfosqHluIPjgrfjg6fjg6vjg4Djg7wg44Od44K344Kn44OD44OI44Oq44Ol44OD44KvIOODrOODh+OCo+ODvOOCueacrOmdqSDjg6rjg6Xjg4Pjgq/jgJA2NTg35YCL5a6M5aOy77yB44Ki44OL44Oe44Or5p+E44GM44GK44GX44KD44KM4pmq5aSa5Y+O57SN44GK6LKh5biD44Od44K344Kn44OD44OI44CR44Os44OH44Kj44O844K5IOiyoeW4gyDkuozjgaTmipjjgoog5rW35aSW5peF6KGMIOiyoeW4gyDmlpzjgoHjgYzjgZEg44K544Oe44ObIOODrOOCtuODvCDkurrmsJcg44OS44On44Km5p+EIOaQuuW4ryDlpJrmqZ/og70g44GL44KP44GE44GEIOODqeOCpuODs+ODieODleOCoeOCueODiuODvCDlsI/piq3lhaXjgowg5aWz5oCnIOS9v+OBhOOChOOBmeOBhCDou73jgYQg5peF6KGM44Oe44OU44OD44K344Ol44O744OI44Ot44Ov44CQ44GC44GZ5qW95a++5b+c44CR,5aSa5Y+O57SN5pac44KB44GM44GR44GK6LKh5biD44Od44K344Kn44OD44OIL+OBiuiyoeW4g+OCt+ODp+ODq+ODgOODvOOAguOAkDY1ODflgIvlrozlo7LvvIHjgqLjg4vjg57jg6vmn4TjgYzjgYrjgZfjgoPjgozimarlpJrlj47ntI3jgYrosqHluIPjg53jgrfjgqfjg4Pjg4jjgJHjg6zjg4fjgqPjg7zjgrkg6LKh5biDIOS6jOOBpOaKmOOCiiDmtbflpJbml4XooYwg6LKh5biDIOaWnOOCgeOBjOOBkSDjgrnjg57jg5sg44Os44K244O8IOS6uuawlyDjg5Ljg6fjgqbmn4Qg5pC65bivIOWkmuapn+iDvSDjgYvjgo/jgYTjgYQg44Op44Km44Oz44OJ44OV44Kh44K544OK44O8IOWwj+mKreWFpeOCjCDlpbPmgKcg5L2/44GE44KE44GZ44GEIOi7veOBhCDml4XooYzjg57jg5Tjg4Pjgrfjg6Xjg7vjg4jjg63jg6/jgJDjgYLjgZnmpb3lr77lv5zjgJE=[rn]
39-76491,aHR0cDovL3RzaG9wLnIxMHMuanAvY2xvY2hldHRlL2NhYmluZXQvc21hcGhvL3NtYXJ0cGhvbmUvcDIwMTE2MzhfNTgwLmpwZz9maXRpbj03MDA6NzAw,NTA5Ny42MDAw,,44OQ44OD44Kw44O75bCP54mp44O744OW44Op44Oz44OJ6ZuR6LKoID4g6LKh5biD44O744Kx44O844K5ID4g44Os44OH44Kj44O844K56LKh5biD,44CQ44K344Oq44O844K6NjU4N+WAi+WujOWjsu+8gei6q+i7veOBq+OBiuOBp+OBi+OBkeKZquWkmuWPjue0jeOBiuiyoeW4g+ODneOCt+OCp+ODg+ODiOeMq+afhOOAkeODrOODh+OCo+ODvOOCuSDosqHluIMg54yr5p+E44Kw44OD44K6IOeMq+OBruafhCDosqHluIMg5pac44KB44GM44GRIOOCueODnuODmyDjgYrosqHluIPjgrfjg6fjg6vjg4Djg7wg44Gt44GTIOS6uuawlyDml4XooYwg5aSa5qmf6IO9IOOBi+OCj+OBhOOBhOapn+iDveOBpOOBjSDlsI/piq3lhaXjgowg5aWz5oCnIOS9v+OBhOOChOOBmeOBhCDjgqbjgqnjg6zjg4Pjg4jjg57jg5Tjg4Pjgrfjg6Xjg7vjg5/jg5/jgJDjgYLjgZnmpb3lr77lv5zjgJE=,5aSa5Y+O57SN5pac44KB44GM44GR44GK6LKh5biD44Od44K344Kn44OD44OI4piF44GK6LKh5biD44K344On44Or44OA44O8,PHN0eWxlIHR5cGU9InRleHQvY3NzIj4KaDEgewpwYWRkaW5nOiAuNWVtIC41ZW07CmNvbG9yOiAjMzMzMzMzOwpiYWNrZ3JvdW5kLWNvbG9yOiAjRjVERURFOwpmb250LXNpemU6MTZweDsKZm9udC1mYW1pbHk6SGVsdmV0aWNhLEFyaWFsLCBSb2JvdG8sIOKAnERyb2lkIFNhbnPigJ0sIOKAnOa4uOOCtOOCt+ODg+OCr+KAnSwgWXVHb3RoaWMs4oCc44OS44Op44Ku44OO6KeS44K0IFByb04gVzPigLMs4oCcSGlyYWdpbm8gS2FrdSBHb3RoaWMgUHJvTuKAnSwg4oCc44Oh44Kk44Oq44Kq4oCdLE1laXJ5bywgc2Fucy1zZXJpZjsKfQoKPC9zdHlsZT4KCjxkaXYgYWxpZ249ImNlbnRlciI+IAogIDxwPjxiPjxmb250IHNpemU9IisyIiBjb2xvcj0iI0ZGMDAwMCI+77y844K344Oq44O844K657Sv6KiIIDYsNTg3IOWAi+WujOWjsu+8ge+8jzxicj4KICDjgYLjgorjgYzjgajjgYbjgZTjgZbjgYTjgb7jgZnvvIE8L2ZvbnQ+PC9iPgogIDxzdHJvbmc+PGI+PGZvbnQgY29sb3I9IiNBRTc2MDAiIHNpemU9Ii0xIj7ku4rlubTjga7jg4jjg6zjg7Pjg4njga/njKvmn4Tjgafmsbrjgb7jgorvvIE8YnI+CuWkp+S6uuS4iuWTgeOBqueMq+afhOOBp+WtkOS+m+OBo+OBveOBj+OBquOCieOBquOBhOOBiuiyoeW4g+ODneOCt+OCp+ODg+ODiDxicj4K44Oe44OU44OD44K344Ol44O744Of44Of772eTWFwaXNoIG1pbWnvvZ48L2ZvbnQ+PC9iPjxicj4KICA8Yj48Zm9udCBjb2xvcj0iI0ZGMDAwMCIgc2l6ZT0iMyI+PGltZyBzcmM9Imh0dHA6Ly9pbWFnZS5yYWt1dGVuLmNvLmpwL2Nsb2NoZXR0ZS9jYWJpbmV0LzIwMTZzcy9wMjAxMTYzOF8zMC5qcGciIHdpZHRoPSI3MDAiIGhlaWdodD0iNjMwIiBib3JkZXI9IjAiPjxicj4KICA8aW1nIHNyYz0iaHR0cDovL2ltYWdlLnJha3V0ZW4uY28uanAvY2xvY2hldHRlL2NhYmluZXQvMjAxNnNzL3AyMDExNjM4XzMxLmpwZyIgd2lkdGg9IjcwMCIgaGVpZ2h0PSIyNDkiIGJvcmRlcj0iMCI+PGJyPgogIDxpbWcgc3JjPSJodHRwOi8vaW1hZ2UucmFrdXRlbi5jby5qcC9jbG9jaGV0dGUvY2FiaW5ldC8yMDE2c3MvcDIwMTE2MzhfMzIuanBnIiB3aWR0aD0iNzAwIiBoZWlnaHQ9IjUwOCIgYm9yZGVyPSIwIj48YnI+IAogIDxpbWcgc3JjPSJodHRwOi8vaW1hZ2UucmFrdXRlbi5jby5qcC9jbG9jaGV0dGUvY2FiaW5ldC8yMDE2c3MvcDIwMTE2MzhfMzMuanBnIiB3aWR0aD0iNzAwIiBoZWlnaHQ9IjI0NyIgYm9yZGVyPSIwIj48YnI+ICAKICA8aW1nIHNyYz0iaHR0cDovL2ltYWdlLnJha3V0ZW4uY28uanAvY2xvY2hldHRlL2NhYmluZXQvMjAxNnNzL3AyMDExNjM4XzM0LmpwZyIgd2lkdGg9IjcwMCIgaGVpZ2h0PSI2MDQiIGJvcmRlcj0iMCI+PGJyPgogIDxpbWcgc3JjPSJodHRwOi8vaW1hZ2UucmFrdXRlbi5jby5qcC9jbG9jaGV0dGUvY2FiaW5ldC8yMDE2c3MvcDIwMTE2MzhfMzUuanBnIiB3aWR0aD0iNzAwIiBoZWlnaHQ9IjcxMyIgYm9yZGVyPSIwIj48YnIvPgogICAgPGltZyBzcmM9Imh0dHA6Ly9pbWFnZS5yYWt1dGVuLmNvLmpwL2Nsb2NoZXR0ZS9jYWJpbmV0LzIwMTZzcy9wMjAxMTYzOF83LmpwZyIgd2lkdGg9IjcwMCIgaGVpZ2h0PSIxMDIiIGJvcmRlcj0iMCI+PGJyLz4KICAgIDxpbWcgc3JjPSJodHRwOi8vaW1hZ2UucmFrdXRlbi5jby5qcC9jbG9jaGV0dGUvY2FiaW5ldC8yMDE2c3MvcDIwMTE2MzhfOC5qcGciIHdpZHRoPSI3MDAiIGhlaWdodD0iNTgzIiBib3JkZXI9IjAiPjxicj4KICA8cD48YnI+CiAgICA8aW1nIHNyYz0iaHR0cDovL2ltYWdlLnJha3V0ZW4uY28uanAvY2xvY2hldHRlL2NhYmluZXQvMjAxNnNzL3AyMDExNjM4XzkuanBnIiB3aWR0aD0iNzAwIiBoZWlnaHQ9IjEwOSIgYm9yZGVyPSIwIj48YnI+CiAgICA8aW1nIHNyYz0iaHR0cDovL2ltYWdlLnJha3V0ZW4uY28uanAvY2xvY2hldHRlL2NhYmluZXQvMjAxNnNzL3AyMDExNjM4XzEwLmpwZyIgd2lkdGg9IjcwMCIgaGVpZ2h0PSI2OTkiIGJvcmRlcj0iMCI+PGJyPgogICAgPGJyPgogICAgPGltZyBzcmM9Imh0dHA6Ly9pbWFnZS5yYWt1dGVuLmNvLmpwL2Nsb2NoZXR0ZS9jYWJpbmV0LzIwMTZzcy9wMjAxMTYzOF8xMS5qcGciIHdpZHRoPSI3MDAiIGhlaWdodD0iMzYwIiBib3JkZXI9IjAiPjxici8+CgogIDxicj4KICA8aW1nIHNyYz0iaHR0cDovL2ltYWdlLnJha3V0ZW4uY28uanAvY2xvY2hldHRlL2NhYmluZXQvMjAxNnNzL3AyMDExNjM4XzEyLmpwZyIgd2lkdGg9IjcwMCIgaGVpZ2h0PSI4OCIgYm9yZGVyPSIwIj48YnI+CiAgPGltZyBzcmM9Imh0dHA6Ly9pbWFnZS5yYWt1dGVuLmNvLmpwL2Nsb2NoZXR0ZS9jYWJpbmV0LzIwMTZzcy9wMjAxMTYzOF8xMy5qcGciIHdpZHRoPSI3MDAiIGhlaWdodD0iNTU4IiBib3JkZXI9IjAiPjxicj4KICA8aW1nIHNyYz0iaHR0cDovL2ltYWdlLnJha3V0ZW4uY28uanAvY2xvY2hldHRlL2NhYmluZXQvMjAxNnNzL3AyMDExNjM4XzE0LmpwZyIgd2lkdGg9IjcwMCIgaGVpZ2h0PSIxMzgiIGJvcmRlcj0iMCI+PGJyPgogIDxpbWcgc3JjPSJodHRwOi8vaW1hZ2UucmFrdXRlbi5jby5qcC9jbG9jaGV0dGUvY2FiaW5ldC8yMDE2c3MvcDIwMTE2MzhfMTUuanBnIiB3aWR0aD0iNzAwIiBoZWlnaHQ9IjU2OSIgYm9yZGVyPSIwIj48YnI+CiAgPGltZyBzcmM9Imh0dHA6Ly9pbWFnZS5yYWt1dGVuLmNvLmpwL2Nsb2NoZXR0ZS9jYWJpbmV0LzIwMTZzcy9wMjAxMTYzOF8xNi5qcGciIHdpZHRoPSI3MDAiIGhlaWdodD0iNTkyIiBib3JkZXI9IjAiPjxicj4KICA8aW1nIHNyYz0iaHR0cDovL2ltYWdlLnJha3V0ZW4uY28uanAvY2xvY2hldHRlL2NhYmluZXQvMjAxNnNzL3AyMDExNjM4XzE3LmpwZyIgd2lkdGg9IjcwMCIgaGVpZ2h0PSI1NjUiIGJvcmRlcj0iMCI+PGJyPgogIDxpbWcgc3JjPSJodHRwOi8vaW1hZ2UucmFrdXRlbi5jby5qcC9jbG9jaGV0dGUvY2FiaW5ldC8yMDE2c3MvcDIwMTE2MzhfMTguanBnIiB3aWR0aD0iNzAwIiBoZWlnaHQ9IjYwIiBib3JkZXI9IjAiPjxicj4KICA8aW1nIHNyYz0iaHR0cDovL2ltYWdlLnJha3V0ZW4uY28uanAvY2xvY2hldHRlL2NhYmluZXQvMjAxNnNzL3AyMDExNjM4XzE5LmpwZyIgd2lkdGg9IjcwMCIgaGVpZ2h0PSI4MTQiIGJvcmRlcj0iMCI+PGJyPgogIDxpbWcgc3JjPSJodHRwOi8vaW1hZ2UucmFrdXRlbi5jby5qcC9jbG9jaGV0dGUvY2FiaW5ldC8yMDE2c3MvcDIwMTE2MzhfMjAuanBnIiB3aWR0aD0iNzAwIiBoZWlnaHQ9Ijk0IiBib3JkZXI9IjAiPiAgPGJyPgogIDxpbWcgc3JjPSJodHRwOi8vaW1hZ2UucmFrdXRlbi5jby5qcC9jbG9jaGV0dGUvY2FiaW5ldC8yMDE2c3MvcDIwMTE2MzhfMjEuanBnIiB3aWR0aD0iNzAwIiBoZWlnaHQ9IjYzNiIgYm9yZGVyPSIwIiB1c2VtYXA9IiNNYXAiPgogIDxtYXAgbmFtZT0iTWFwIj4KICAgIDxhcmVhIHNoYXBlPSJyZWN0IiBjb29yZHM9IjIwLDM5LDY3MSwzMzQiIGhyZWY9Imh0dHA6Ly9pbWFnZS5yYWt1dGVuLmNvLmpwL2Nsb2NoZXR0ZS9jYWJpbmV0LzIwMTZzcy9wMjAxMTYzOF8yNy5qcGciIHRhcmdldD0iX2JsYW5rIj4KICAgIDxhcmVhIHNoYXBlPSJyZWN0IiBjb29yZHM9IjIxLDM2NSw2NzksNjUxIiBocmVmPSJodHRwOi8vaW1hZ2UucmFrdXRlbi5jby5qcC9jbG9jaGV0dGUvY2FiaW5ldC8yMDE2c3MvcDIwMTE2MzhfMjguanBnIiB0YXJnZXQ9Il9ibGFuayI+CiAgPC9tYXA+CiAgPGltZyBzcmM9Imh0dHA6Ly9pbWFnZS5yYWt1dGVuLmNvLmpwL2Nsb2NoZXR0ZS9jYWJpbmV0LzIwMTZzcy9wMjAxMTYzOF8yMi5qcGciIHdpZHRoPSI3MDAiIGhlaWdodD0iMzUwIiBib3JkZXI9IjAiIHVzZW1hcD0iI01hcDIiPgogIDxtYXAgbmFtZT0iTWFwMiI+CiAgICA8YXJlYSBzaGFwZT0icmVjdCIgY29vcmRzPSIyMSw1LDY3OCwzMDgiIGhyZWY9Imh0dHA6Ly9pbWFnZS5yYWt1dGVuLmNvLmpwL2Nsb2NoZXR0ZS9jYWJpbmV0LzIwMTZzcy9wMjAxMTYzOF8yOS5qcGciIHRhcmdldD0iX2JsYW5rIj4KICA8L21hcD4KICA8YnI+CiAgPGJyPgogIDxicj4KICA8YnI+CiAKPC9kaXY+CgoKCgo8ZGl2IGFsaWduPSJsZWZ0Ij48dGFibGUgc3R5bGU9IkZPTlQtU0laRTogMTJweDsgTElORS1IRUlHSFQ6IDEyMCUiIGNlbGxzcGFjaW5nPTAgY2VsbHBhZGRpbmc9MyB3aWR0aD00MDAgYWxpZ249Y2VudGVyIGJvcmRlcj0wPjx0Ym9keT4gCjx0cj4gCjx0ZCBiZ2NvbG9yPSNmZmZmZmY+PGZvbnQgc2l6ZT0iLTEiIGNvbG9yPSIjNjY2NjY2Ij4g44GK6LKh5biD44Od44K344Kn44OD44OIL+OCt+ODp+ODq+ODgOODvC/jg5Djg4PjgrAv44Os44OH44Kj44O844K5L+Wls+aAp+eUqC/jgYvjgbDjgpMv44Kr44OQ44OzL+mehC/pgJrosqkv44GK44GX44KD44KML+OBiuOBmeOBmeOCgS/kurrmsJcv44GL44KP44GE44GEL+OCr+ODqeODg+ODgeODkOODg+OCsC/jgarjgarjgoHjgYzjgZEv5aSn5a656YePL+i7vemHjy8zMOS7oy80MOS7oy/lpbPmgKcv44OV44Kh44OD44K344On44OzL+ODl+ODrOOCvOODs+ODiC/nhKHlnLAv6buSL+OCs+ODvOODhy/jgrPjg7zjg4fjgqPjg43jg7zjg4gv5oyB44Gh5omLL+mdqS/lpKflrabnlJ8v5q+NL+iqleeUn+aXpS/lpKfkurrlj6/mhJvjgYQv5aSn5Lq644GL44KP44GE44GEL+Wkp+S6uuOCq+OCuOODpeOCouODqy/jg6zjg4fjgqPjgrkv44KK44G844KTL29sPGJyPgo8L2ZvbnQ+PC90cj4KPC90Ym9keT4gCjwvdGFibGU+PC9kaXY+Cjxicj4KCgo8ZGl2IGFsaWduPSJjZW50ZXIiPjxicj4KIAo8dGFibGUgd2lkdGg9NDAwIGhlaWdodD02MCBib3JkZXI9MSBhbGlnbj1jZW50ZXIgY2VsbHBhZGRpbmc9MyBjZWxsc3BhY2luZz0wIGJvcmRlcmNvbG9yPSIjQ0NDQ0NDIiBzdHlsZT0iRk9OVC1TSVpFOiAxMnB4OyBMSU5FLUhFSUdIVDogMTIwJSI+Cjx0Ym9keT4gCjx0cj4gCjx0ZCBiZ2NvbG9yPSNGNUREREM+IAo8ZGl2IGFsaWduPSJjZW50ZXIiPjxmb250IGNvbG9yPSMzMzMzMzMgc2l6ZT0rMT48Yj7pgIHmlpnlhajlm73kuIDlvovjgIDvvJXvvJXvvJDlhoY8L2I+PC9mb250Pjxicj4KPGJyPjxmb250IGNvbG9yPSMzMzMzMzMgc2l6ZT0tMT4o6Zui5bO25Y+K44Gz5LiA6YOo5Zyw5Z+f44Gv5Yil5paZ6YeR44Gr44Gq44KK44G+44GZKTwvZm9udD48L2Rpdj4KPC90ZD4KPC90cj4KCgo8L3Rib2R5PiAKPC90YWJsZT4KPGJyPgo8dGFibGUgc3R5bGU9IkZPTlQtU0laRTogMTJweDsgTElORS1IRUlHSFQ6IDEyMCUiIGNlbGxzcGFjaW5nPTAgY2VsbHBhZGRpbmc9MyB3aWR0aD00MDAgaGVpZ2h0PTYwIGFsaWduPWNlbnRlciBib3JkZXI9MD4KPHRib2R5PiAKPHRyPiAKICA8dGQgYmdjb2xvcj0jZmZmZmZmPgogICAgPGRpdiBhbGlnbj0ibGVmdCI+CiAgICAgIDxwPjxmb250IGNvbG9yPSM2NjY2NjYgc2l6ZT0tMT7vvIrntKDmnZDjga7kuIrjgYzjgorjgavjgojjgaPjgabjgIHlpJrlsJHoibLjg5bjg6zjgZnjgovloLTlkIjjgYzjgYLjgorjgb7jgZnjgII8YnI+CiAgICAgICAg77yK5qW156uv44Gr6YeN44Gf44GE54mp44KS5YWl44KM44Gf44KK57KX6ZuR44Gr5omx44GG44Go44CB56C05pCN44GZ44KL5oGQ44KM44GM44GC44KK44G+44GZ44CCPGJyPgrvvIrjg6njg4Pjg5Tjg7PjgrDjga/mib/jgaPjgabjgYrjgorjgb7jgZvjgpPjgII8L2ZvbnQ+PC9wPgogICAgICA8L2Rpdj48L3RkPjwvdHI+CgoKPC90Ym9keT4gCjwvdGFibGU+CjwvZGl2PjwhLS3jg5rjg7zjgrjmqKrjga7ov73pmo/jg5Djg4rjg7zjgZPjgZPjgYvjgoktLT4KCjxzdHlsZSB0eXBlPSJ0ZXh0L2NzcyI+CjwhLS0KCiNyYWt1dGVuTGltaXRlZElkX2Fyb3VuZENhcnQgc3Bhbi5jaG9pY2UgKyBzZWxlY3QgewogICAgZGlzcGxheTogYmxvY2sgIWltcG9ydGFudDsKICAgIHBhZGRpbmc6IDhweDsKICAgIG1hcmdpbi1ib3R0b206IDJweDsKICAgIGJvcmRlci1yYWRpdXM6IDJweDsgICAKfQoKI3Jha3V0ZW5MaW1pdGVkSWRfYXJvdW5kQ2FydCBzcGFuLmNob2ljZSB7CiAgICBkaXNwbGF5OiBpbmxpbmUtYmxvY2s7CiAgICBwb3NpdGlvbjpyZWxhdGl2ZTsKICAgIHBhZGRpbmc6IDhweDsKICAgIG1hcmdpbi1ib3R0b206IDhweDsKICAgIGJhY2tncm91bmQ6ICNlZWU7IC8q5ZC544GN5Ye644GX44Gu6IOM5pmv6ImyICovCiAgICBib3JkZXItcmFkaXVzOiAycHg7Cn0KI3Jha3V0ZW5MaW1pdGVkSWRfYXJvdW5kQ2FydCBzcGFuLmNob2ljZTphZnRlciB7CiAgICBjb250ZW50OiAiIjsKICAgIHBvc2l0aW9uOiBhYnNvbHV0ZTsKICAgIGJvdHRvbTogLThweDsKICAgIGxlZnQ6IDI0cHg7CiAgICBtYXJnaW4tbGVmdDogLThweDsKICAgIGRpc3BsYXk6IGJsb2NrOwogICAgd2lkdGg6IDBweDsKICAgIGhlaWdodDogMHB4OwogICAgYm9yZGVyLXN0eWxlOiBzb2xpZDsKICAgIGJvcmRlci13aWR0aDogOHB4IDhweCAwIDhweDsKICAgIGJvcmRlci1jb2xvcjogI2VlZSB0cmFuc3BhcmVudCB0cmFuc3BhcmVudCB0cmFuc3BhcmVudDsKfQotLT4KPC9zdHlsZT4KCgo8c3R5bGUgdHlwZT0idGV4dC9jc3MiPgo8IS0tCgouaXRlbV9uYW1lIHsKZGlzcGxheTpibG9jazsKbWFyZ2luLWJvdHRvbToxNXB4Owp9CgouY2F0Y2hfY29weSB7CmRpc3BsYXk6YmxvY2s7Cm1hcmdpbi1ib3R0b206MTVweDsKfQoKLS0+Cjwvc3R5bGU+CgoKPHN0eWxlIHR5cGU9InRleHQvY3NzIj4KPCEtLQphI3JjX3JpZ2h0QXJlYSB7CiB3aWR0aDogMzc4cHg7IC8q55S75YOP44Gu5YWo5L2T5bmFKi8KIHBvc2l0aW9uOiBmaXhlZDsKIHRvcDogMTAwcHg7CiByaWdodDogLTMwNXB4OyAvKuODnuOCpuOCueOCkuS5l+OBm+OBn+aZguOBq+WHuuOBpuOBj+OCi+W5hSovCiBkaXNwbGF5OiBpbmxpbmUtYmxvY2s7CiB0cmFuc2l0aW9uOiBhbGwgLjJzIGVhc2U7CiB6LWluZGV4OiA5OTk5Owp9CmEjcmNfcmlnaHRBcmVhOmhvdmVyewogcmlnaHQ6IDA7Cn0KLS0+Cjwvc3R5bGU+Cgo8c3R5bGUgdHlwZT0idGV4dC9jc3MiPgo8IS0tCmEjcmNfcmlnaHRBcmVhMiB7CiB3aWR0aDogMzc4cHg7IC8q55S75YOP44Gu5YWo5L2T5bmFKi8KIHBvc2l0aW9uOiBmaXhlZDsKIHRvcDogNTAwcHg7CiByaWdodDogLTMwNXB4OyAvKuODnuOCpuOCueOCkuS5l+OBm+OBn+aZguOBq+WHuuOBpuOBj+OCi+W5hSovCiBkaXNwbGF5OiBpbmxpbmUtYmxvY2s7CiB0cmFuc2l0aW9uOiBhbGwgLjJzIGVhc2U7CiB6LWluZGV4OiA5OTk5Owp9CmEjcmNfcmlnaHRBcmVhMjpob3ZlcnsKIHJpZ2h0OiAwOwp9Ci0tPgo8L3N0eWxlPgoKCgo8aW1nIHNyYz0iaHR0cHM6Ly9pbWFnZS5yYWt1dGVuLmNvLmpwL2Nsb2NoZXR0ZS9jYWJpbmV0L3RvcHBhZ2UvaW1ncmMwMDcyMzIyNDIxLmpwZyIgLz4KPGJyPgo8IS0tCiA8aW1nIHNyYz0iaHR0cDovL2ltYWdlLnJha3V0ZW4uY28uanAvY2xvY2hldHRlL2NhYmluZXQvdG9wcGFnZS9pbWdyYzAwNjkwMjM4MDUuanBnIiAvPiAtLT4gCgoKPCEtLeODmuODvOOCuOaoquOBrui/vemaj+ODkOODiuODvOOBk+OBk+OBvuOBpy0tPgoKCgoKPCEtLeOCq+OCtOS4iuOBhOOBj+OCieOBp+mAgeaWmeeEoeaWmeODkOODiuODvOOBk+OBk+OBi+OCiS0tPgoKCgo8c3R5bGUgdHlwZT0idGV4dC9jc3MiPgo8IS0tCnNwYW4udW5pdCB7CiBiYWNrZ3JvdW5kOiB1cmwoImh0dHA6Ly9pbWFnZS5yYWt1dGVuLmNvLmpwL2Nsb2NoZXR0ZS9jYWJpbmV0L2tpa2FrdXBjL2ZyZWU1NC9wYWdlXzEwODAwXzIuZ2lmIikgbm8tcmVwZWF0IGxlZnQgdG9wOwogdGV4dC1pbmRlbnQ6LTk5OTk7CiBkaXNwbGF5OiBibG9jazsKIHdpZHRoOiAzOTdweDsKIGhlaWdodDogMTU0cHg7CiBtYXJnaW46MTVweCAwOyB9Ci0tPgo8L3N0eWxlPgoKCgoKPCEtLeOCq+OCtOS4iuOBhOOBj+OCieOBp+mAgeaWmeeEoeaWmeODkOODiuODvOOBk+OBk+OBvuOBpy0tPgoKCjwhLS3jgqvjgrTkuIrjgYTjgY/jgonjgafpgIHmlpnnhKHmlpnjg5Djg4rjg7zjgZPjgZPjgb7jgactLT4KCjwhLS3ntI3mnJ/mg4XloLEtLT4KCjxzdHlsZSBUWVBFPSJ0ZXh0L2NzcyI+CjwhLS0KdGQuaW52ZW50b3J5IGZvbnR7Zm9udC1zaXplOjEwcHg7Y29sb3I6IzY2NjY2Njt9CgotLT4KPC9zdHlsZT4=,44CQ44K344Oq44O844K6NjU4N+WAi+WujOWjsu+8gei6q+i7veOBq+OBiuOBp+OBi+OBkeKZquWkmuWPjue0jeOBiuiyoeW4g+ODneOCt+OCp+ODg+ODiOeMq+afhOOAkeODrOODh+OCo+ODvOOCuSDosqHluIMg54yr5p+E44Kw44OD44K6IOeMq+OBruafhCDosqHluIMg5pac44KB44GM44GRIOOCueODnuODmyDjgYrosqHluIPjgrfjg6fjg6vjg4Djg7wg44Gt44GTIOS6uuawlyDml4XooYwg5aSa5qmf6IO9IOOBi+OCj+OBhOOBhOapn+iDveOBpOOBjSDlsI/piq3lhaXjgowg5aWz5oCnIOS9v+OBhOOChOOBmeOBhCDjgqbjgqnjg6zjg4Pjg4jjg57jg5Tjg4Pjgrfjg6Xjg7vjg5/jg5/jgJDjgYLjgZnmpb3lr77lv5zjgJHvvJrku6PlrpjlsbHjgq/jg63jgrfjgqfjg4Pjg4g=,44OI44O844OI44OQ44OD44Kw6LKh5biDIOODrOODh+OCo+ODvOOCueOCt+ODp+ODq+ODgOODvOODkOODg+OCsOODleOCoeODvOODkOODg+OCsOiyoeW4g+OBiuiyoeW4g+ODneOCt+OCp+ODg+ODiOOCreODvOOCseODvOOCuemVt+iyoeW4gyDjg6zjg4fjgqPjg7zjgrnplbfosqHluIPjg6rjg6Xjg4Pjgq/osqHluIMg44Os44OH44Kj44O844K5IOS6uuawl+ODnOOCueODiOODs+ODkOODg+OCsCDml4XooYzou73ph4/jg6rjg6Xjg4Pjgq/jgYzjgb7lj6Mg44OQ44OD44Kw44Kt44Oj44Oq44O844OQ44OD44Kw6LKh5biDIOODrOODh+OCo+ODvOOCuSDplbfosqHluIPjgrfjg6fjg6vjg4Djg7wg44Od44K344Kn44OD44OI44Oq44Ol44OD44KvIOODrOODh+OCo+ODvOOCueacrOmdqSDjg6rjg6Xjg4Pjgq/jgJDjgrfjg6rjg7zjgro2NTg35YCL5a6M5aOy77yB6Lqr6Lu944Gr44GK44Gn44GL44GR4pmq5aSa5Y+O57SN44GK6LKh5biD44Od44K344Kn44OD44OI54yr5p+E44CR44Os44OH44Kj44O844K5IOiyoeW4gyDnjKvmn4TjgrDjg4Pjgrog54yr44Gu5p+EIOiyoeW4gyDmlpzjgoHjgYzjgZEg44K544Oe44ObIOOBiuiyoeW4g+OCt+ODp+ODq+ODgOODvCDjga3jgZMg5Lq65rCXIOaXheihjCDlpJrmqZ/og70g44GL44KP44GE44GE5qmf6IO944Gk44GNIOWwj+mKreWFpeOCjCDlpbPmgKcg5L2/44GE44KE44GZ44GEIOOCpuOCqeODrOODg+ODiOODnuODlOODg+OCt+ODpeODu+ODn+ODn+OAkOOBguOBmealveWvvuW/nOOAkQ==,5aSa5Y+O57SN5pac44KB44GM44GR44GK6LKh5biD44Od44K344Kn44OD44OI4piF44GK6LKh5biD44K344On44Or44OA44O844CC44CQ44K344Oq44O844K6NjU4N+WAi+WujOWjsu+8gei6q+i7veOBq+OBiuOBp+OBi+OBkeKZquWkmuWPjue0jeOBiuiyoeW4g+ODneOCt+OCp+ODg+ODiOeMq+afhOOAkeODrOODh+OCo+ODvOOCuSDosqHluIMg54yr5p+E44Kw44OD44K6IOeMq+OBruafhCDosqHluIMg5pac44KB44GM44GRIOOCueODnuODmyDjgYrosqHluIPjgrfjg6fjg6vjg4Djg7wg44Gt44GTIOS6uuawlyDml4XooYwg5aSa5qmf6IO9IOOBi+OCj+OBhOOBhOapn+iDveOBpOOBjSDlsI/piq3lhaXjgowg5aWz5oCnIOS9v+OBhOOChOOBmeOBhCDjgqbjgqnjg6zjg4Pjg4jjg57jg5Tjg4Pjgrfjg6Xjg7vjg5/jg5/jgJDjgYLjgZnmpb3lr77lv5zjgJE=[rn]
39-76492,aHR0cDovL3RzaG9wLnIxMHMuanAvd2lkZS9jYWJpbmV0L3BuNjAwMDAtMTEvNjUwNTEuanBnP2ZpdGluPTcwMDo3MDA=,MTEzNTUuMjAwMA==,,44OQ44OD44Kw44O75bCP54mp44O744OW44Op44Oz44OJ6ZuR6LKoID4g6LKh5biD44O744Kx44O844K5ID4g44Os44OH44Kj44O844K56LKh5biD,44CQ6YCB5paZ54Sh5paZ44CR44Ki44Of44OG44Kj44KoQU1ULTcwMyDplbfosqHluIMg6LKh5biDIOODrOODh+OCo+ODvOOCuSDplbfosqHluIMgYW1pdGllIGFtaXR5IOOCouODn+ODhuOCo+OCqCDjgqLjg5/jg4bjgqPjg7wg6LKh5biDIOODrOODh+OCo+ODvOOCuSDplbfosqHluIMg44Os44OH44Kk44O844K5IOOCteOCpOODlSDjgZXjgYTjgbUg44Km44Kp44Os44OD44OIIOOCouODs+ODhuOCo+ODvOOCr+iqvyDjgq3jg6Pjg6Hjg6sg44OX44Os44K744Oz44OIIOODqeODg+ODlOODs+OCsCDjgq/jg6rjgrnjg57jgrkg44Ku44OV44OIIOODm+ODr+OCpOODiOODh+ODvA==,5Lq65rCX44Gu6ZW36LKh5biDIOODgOOCs+OCv+mdqeS9v+eUqCDml6XmnKzoo70g5Zu955SjIOOCteOCpOODlSDjg6zjg4fjgqTjg7zjgrk=,PHRhYmxlIHdpZHRoPSI2MDAiIGNlbGxzcGFjaW5nPSIwIiBjZWxscGFkZGluZz0iMCIgYm9yZGVyPSIwIj48dHI+PHRkIGFsaWduPSJjZW50ZXIiPjwhLS3jgrPjgrPjgYvjgonllYblk4Hjg5rjg7zjgrgtLT48Y2VudGVyPjxpbWcgc3JjPSJodHRwOi8vaW1hZ2UucmFrdXRlbi5jby5qcC93aWRlL2NhYmluZXQvcG42MDAwMC0xMS82NTA1MS0wMC0wMS5qcGciIHdpZHRoPSI2MDAiIGhlaWdodD0iNTkyIj48YnI+PGltZyBzcmM9Imh0dHA6Ly9pbWFnZS5yYWt1dGVuLmNvLmpwL3dpZGUvY2FiaW5ldC9wbjYwMDAwLTExLzY1MDUxLTAwLTAyLmpwZyIgd2lkdGg9IjYwMCIgaGVpZ2h0PSI2NjkiPjxicj48aW1nIHNyYz0iaHR0cDovL2ltYWdlLnJha3V0ZW4uY28uanAvd2lkZS9jYWJpbmV0L3BuNjAwMDAtMTEvNjUwNTEtMDAtMDMuanBnIiB3aWR0aD0iNjAwIiBoZWlnaHQ9IjUxMyI+PGJyPjxpbWcgc3JjPSJodHRwOi8vaW1hZ2UucmFrdXRlbi5jby5qcC93aWRlL2NhYmluZXQvcG42MDAwMC0xMS82NTA1MS0wMC0wNC5qcGciIHdpZHRoPSI2MDAiIGhlaWdodD0iODg1Ij48YnI+PGltZyBzcmM9Imh0dHA6Ly9pbWFnZS5yYWt1dGVuLmNvLmpwL3dpZGUvY2FiaW5ldC9wbjYwMDAwLTExLzY1MDUxLTAwLTA1LmpwZyIgd2lkdGg9IjYwMCIgaGVpZ2h0PSI3OTUiPjxicj48aW1nIHNyYz0iaHR0cDovL2ltYWdlLnJha3V0ZW4uY28uanAvd2lkZS9jYWJpbmV0L3BuNjAwMDAtMTEvNjUwNTEtMDAtMDYuanBnIiB3aWR0aD0iNjAwIiBoZWlnaHQ9IjQ4OSI+PGJyPjxpbWcgc3JjPSJodHRwOi8vaW1hZ2UucmFrdXRlbi5jby5qcC93aWRlL2NhYmluZXQvcG42MDAwMC0xMS82NTA1MS0wMC0wNy5qcGciIHdpZHRoPSI2MDAiIGhlaWdodD0iNTU1Ij48YnI+PGltZyBzcmM9Imh0dHA6Ly9pbWFnZS5yYWt1dGVuLmNvLmpwL3dpZGUvY2FiaW5ldC9wbjYwMDAwLTExLzY1MDUxLTAwLTA4LmpwZyIgd2lkdGg9IjYwMCIgaGVpZ2h0PSI1NzkiPjxicj48YnI+PHRhYmxlIHdpZHRoPSI2MDAiIGJvcmRlcj0iMCIgY2VsbHBhZGRpbmc9IjMiIGNlbGxzcGFjaW5nPSIxIiBiZ2NvbG9yPSIjNjY2NjY2IiBhbGlnbj0iY2VudGVyIj48dHIgYmdjb2xvcj0iI0ZGRkZGRiI+PHRkIGNvbHNwYW49IjIiIGJnY29sb3I9IiNDQ0NDQ0MiIGFsaWduPSJjZW50ZXIiPjxmb250IGNvbG9yPSIjNjY2NjY2IiBzaXplPSIyIj7jgqLjg5/jg4bjgqPjgqhBTVQtNzAzPC9mb250PjwvdGQ+PC90cj48dHIgYmdjb2xvcj0iI0ZGRkZGRiI+PHRkIGJnY29sb3I9IiNlZWVlZWUiIHdpZHRoPSIxMDAiPjxmb250IGNvbG9yPSIjNjY2NjY2IiBzaXplPSIyIj7jgrXjgqTjgroo57SEKTwvZm9udD48L3RkPjx0ZCB3aWR0aD0iNTAwIj48Zm9udCBjb2xvcj0iIzY2NjY2NiIgc2l6ZT0iMiI+5qiq5bmFMTk1w5fnuKYxMDPDl+WOmuOBvzM0bW08L2ZvbnQ+PC90ZD48L3RyPjx0cj48dGQgYmdjb2xvcj0iI2VlZWVlZSIgd2lkdGg9IjEwMCI+PGZvbnQgY29sb3I9IiM2NjY2NjYiIHNpemU9IjIiPumHjemHjyjntIQpPC9mb250PjwvdGQ+PHRkIHdpZHRoPSI1MDAiIGJnY29sb3I9IiNGRkZGRkYiPjxmb250IGNvbG9yPSIjNjY2NjY2IiBzaXplPSIyIj4yMTBnPC9mb250PjwvdGQ+PC90cj48dHI+PHRkIGJnY29sb3I9IiNlZWVlZWUiPjxmb250IGNvbG9yPSIjNjY2NjY2IiBzaXplPSIyIj7jgqvjg6njg7w8L2ZvbnQ+PC90ZD48dGQgYmdjb2xvcj0iI0ZGRkZGRiI+PGZvbnQgY29sb3I9IiM2NjY2NjYiIHNpemU9IjIiPuOCreODo+ODoeODq+OAgeOCq+ODvOOCreOAgeODr+OCpOODs+ODrOODg+ODieOAgeODluODqeODg+OCr+OAgeODm+ODr+OCpOODiDwvZm9udD48L3RkPjwvdHI+PHRyPjx0ZCB3aWR0aD0iMTAwIiBiZ2NvbG9yPSIjZWVlZWVlIj48Zm9udCBjb2xvcj0iIzY2NjY2NiIgc2l6ZT0iMiI+5LuV5qeYPC9mb250PjwvdGQ+PHRkIHdpZHRoPSI1MDAiIGJnY29sb3I9IiNGRkZGRkYiPjxmb250IGNvbG9yPSIjNjY2NjY2IiBzaXplPSIyIj5b57Sg5p2QXeeJm+mdqSjkuIDpg6jluIPnlJ/lnLAp44CB44Kr44O844OJ5YWl44KMMTTjgYvmiYDjgIHjgYrmnK3lhaXjgowz44GL5omA44CB44OV44Kh44K544OK44O85LuY44GN5bCP6Yqt5YWl44KMMeOBi+aJgOOAgeODneOCseODg+ODiOWGheWBtOOBqzLjgYvmiYDjgIHooajpnaLjgasx44GL5omAPGJyPiAgICA8Zm9udCBjb2xvcj0iI0ZGMDAwMCI+4oC75aSp54S255qu6Z2p44KS5L2/55So44GX44Gm44GE44G+44GZ44Gu44Gn44CB5aSa5bCR44Gu44Kt44K644Gu44KI44GG44Gq44KC44Gu44GM55Sf44GY44G+44GZ44GM44CO44Kt44K644KE5LiN6Imv44CP44Gn44Gv44Gq44GP44CB6Z2p5pys5p2l44Gu6aKo5ZCI44GE44Go44GX44Gm5a6J5b+D44GX44Gm44GK5qW944GX44G/5LiL44GV44GE44G+44Gb44CCPC9mb250PjwvZm9udD48L3RkPjwvdHI+PHRyPjx0ZCB3aWR0aD0iMTAwIiBiZ2NvbG9yPSIjZWVlZWVlIj48Zm9udCBjb2xvcj0iIzY2NjY2NiIgc2l6ZT0iMiI+6KO96YCg5Zu9PC9mb250PjwvdGQ+PHRkIHdpZHRoPSI1MDAiIGJnY29sb3I9IiNGRkZGRkYiPjxmb250IGNvbG9yPSIjNjY2NjY2IiBzaXplPSIyIj7ml6XmnKw8L2ZvbnQ+PC90ZD48L3RyPjwvdGFibGU+PGJyPjwhLS08YnI+PHRhYmxlIHdpZHRoPSI2ODkiIGJvcmRlcj0iMCIgY2VsbHNwYWNpbmc9IjAiIGNlbGxwYWRkaW5nPSIwIj48dHI+PHRkPjxpZnJhbWUgd2lkdGg9IjY4OSIgaGVpZ2h0PSIyMzUwIiBzcmM9Imh0dHA6Ly93d3cucmFrdXRlbi5uZS5qcC9nb2xkL3dpZGUvaHRtbC9zYWlmdV9yYW5raW5nLmh0bSIgc2Nyb2xsaW5nPSJubyIgbWFyZ2luaGVpZ2h0PSIwIiBtYXJnaW53aWR0aD0iMCIgZnJhbWVib3JkZXI9IjAiIG5hbWU9InRvcCI+PC9pZnJhbWU+PC90ZD48L3RyPjwvdGFibGU+LS0+PHRhYmxlIHdpZHRoPSI2MDAiIGJvcmRlcj0iMCIgY2VsbHNwYWNpbmc9IjAiIGNlbGxwYWRkaW5nPSIwIiBhbGlnbj0iY2VudGVyIj48dHI+PHRkPjxpbWcgc3JjPSJodHRwOi8vaW1hZ2UucmFrdXRlbi5jby5qcC93aWRlL2NhYmluZXQvdGVtcGxhdGUvZG91a29uLWJhcjAyLmpwZyIgd2lkdGg9IjYwMCIgaGVpZ2h0PSI1MCI+PC90ZD48L3RyPjwvdGFibGU+PHRhYmxlIHdpZHRoPSI2MDAiIGJvcmRlcj0iMCIgY2VsbHNwYWNpbmc9IjAiIGNlbGxwYWRkaW5nPSIwIiBhbGlnbj0iY2VudGVyIj48dHI+PHRkIHdpZHRoPSIxOTIiIGFsaWduPSJjZW50ZXIiPjxhIGhyZWY9Imh0dHA6Ly9pdGVtLnJha3V0ZW4uY28uanAvd2lkZS82NTA3NSIgdGFyZ2V0PSJfdG9wIj48aW1nIHNyYz0iaHR0cDovL3RodW1ibmFpbC5pbWFnZS5yYWt1dGVuLmNvLmpwL0AwX21hbGwvd2lkZS9jYWJpbmV0L3BuNjAwMDAtMTEvNjUwNzUuanBnP19leD0xOTJ4MTkyIiB3aWR0aD0iMTkyIiBoZWlnaHQ9IjE5MiIgYm9yZGVyPSIwIj48L2E+PC90ZD48dGQgd2lkdGg9IjEyIj4mbmJzcDs8L3RkPjx0ZCB3aWR0aD0iMTkyIiBhbGlnbj0iY2VudGVyIj48YSBocmVmPSJodHRwOi8vaXRlbS5yYWt1dGVuLmNvLmpwL3dpZGUvNjUwNTEvIiB0YXJnZXQ9Il90b3AiPjxpbWcgc3JjPSJodHRwOi8vdGh1bWJuYWlsLmltYWdlLnJha3V0ZW4uY28uanAvQDBfbWFsbC93aWRlL2NhYmluZXQvcG42MDAwMC0xMS82NTA1MS5qcGc/X2V4PTE5MngxOTIiIHdpZHRoPSIxOTIiIGhlaWdodD0iMTkyIiBib3JkZXI9IjAiPjwvYT48L3RkPjx0ZCB3aWR0aD0iMTIiPiZuYnNwOzwvdGQ+PHRkIHdpZHRoPSIxOTIiIGFsaWduPSJjZW50ZXIiPjxhIGhyZWY9Imh0dHA6Ly9pdGVtLnJha3V0ZW4uY28uanAvd2lkZS82NTA1MC8iIHRhcmdldD0iX3RvcCI+PGltZyAgc3JjPSJodHRwOi8vdGh1bWJuYWlsLmltYWdlLnJha3V0ZW4uY28uanAvQDBfbWFsbC93aWRlL2NhYmluZXQvcG42MDAwMC0xMS82NTA1MC5qcGc/X2V4PTE5MngxOTIiIHdpZHRoPSIxOTIiIGhlaWdodD0iMTkyIiAgYm9yZGVyPSIwIj48L2E+PC90ZD48L3RyPjx0cj48dGQgY29sc3Bhbj0iNSI+PGltZyBzcmM9Imh0dHA6Ly9pbWFnZS5yYWt1dGVuLmNvLmpwL3dpZGUvY2FiaW5ldC90ZW1wbGF0ZS9kb3Vrb24tYmFyMDYuanBnIiB3aWR0aD0iNjAwIiAgaGVpZ2h0PSIyNCI+PC90ZD48L3RyPjwvdGFibGU+PCEtLTxicj48dGFibGUgd2lkdGg9IjY4OSIgYm9yZGVyPSIwIiBjZWxsc3BhY2luZz0iMCIgY2VsbHBhZGRpbmc9IjAiPjx0cj48dGQ+PGlmcmFtZSB3aWR0aD0iNjg5IiBoZWlnaHQ9IjIzNTAiIHNyYz0iaHR0cDovL3d3dy5yYWt1dGVuLm5lLmpwL2dvbGQvd2lkZS9odG1sL3NhaWZ1X3JhbmtpbmcuaHRtIiBzY3JvbGxpbmc9Im5vIiBtYXJnaW5oZWlnaHQ9IjAiIG1hcmdpbndpZHRoPSIwIiBmcmFtZWJvcmRlcj0iMCIgbmFtZT0idG9wIj48L2lmcmFtZT48L3RkPjwvdHI+PC90YWJsZT4tLT48YnI+PGEgaHJlZj0iaHR0cDovL2l0ZW0ucmFrdXRlbi5jby5qcC93aWRlL2MvMDAwMDAwMDI5OS8iIHRhcmdldD0iX2JsYW5rIj48aW1nIHNyYz0iaHR0cDovL2ltYWdlLnJha3V0ZW4uY28uanAvd2lkZS9jYWJpbmV0L3Rva3UvNjAwLS1zYWlodXRva3VzeXUuanBnIiB3aWR0aD0iNjAwIiBib3JkZXI9IjAiPjwvYT48YnI+PGJyPjxpZnJhbWUgd2lkdGg9IjYwNCIgaGVpZ2h0PSI0MTAic3JjPSJodHRwOi8vd3d3LnJha3V0ZW4ubmUuanAvZ29sZC93aWRlL2h0bWwvbGFkeXNhaWh1MDAwMS5odG1sIiBzY3JvbGxpbmc9Im5vIm1hcmdpbmhlaWdodD0iMCIgbWFyZ2lud2lkdGg9IjAiIGZyYW1lYm9yZGVyPSIwIm5hbWU9InRvcCI+PC9pZnJhbWU+PGJyPjxpZnJhbWUgd2lkdGg9IjYxMCIgaGVpZ2h0PSIyNjAic3JjPSJodHRwOi8vd3d3LnJha3V0ZW4ubmUuanAvZ29sZC93aWRlL2h0bWwvZG91a29uLXJhbmstd29tZW4tci5odG1sIiBzY3JvbGxpbmc9Im5vIm1hcmdpbmhlaWdodD0iMCIgbWFyZ2lud2lkdGg9IjAiIGZyYW1lYm9yZGVyPSIwIm5hbWU9InRvcCI+PC9pZnJhbWU+PGJyPjwvY2VudGVyPjwhLS3jgrPjgrPjgb7jgafllYblk4Hjg5rjg7zjgrgtLT48YnI+PGJyPjx0YWJsZSB3aWR0aD0iNjAwIiBjZWxsc3BhY2luZz0iMCIgY2VsbHBhZGRpbmc9IjAiIGJvcmRlcj0iMCI+PHRyPjx0ZCBhbGlnbj0iY2VudGVyIj48aW1nIHNyYz0iaHR0cDovL2ltYWdlLnJha3V0ZW4uY28uanAvd2lkZS9jYWJpbmV0L3RhZy9zYWlmdV9iYW5hLmdpZiIgYm9yZGVyPSIwIj48L3RkPjwvdHI+PC90YWJsZT48dGFibGUgd2lkdGg9IjYwMCIgY2VsbHNwYWNpbmc9IjAiIGNlbGxwYWRkaW5nPSIwIiBib3JkZXI9IjAiPjx0cj48dGQgYWxpZ249ImNlbnRlciI+PGEgaHJlZj0iaHR0cDovL3NlYXJjaC5yYWt1dGVuLmNvLmpwL3NlYXJjaC9pbnNob3AtbWFsbC8lRTMlODAlOTAlRTMlODMlQTElRTMlODMlQjMlRTMlODIlQkElRTglQjIlQTElRTUlQjglODMlRTMlODAlOTEvLS9mLjMtcC4xLXMuMS1zZi4wLXNpZC4xOTA5NTAtc3QuQS12LjMiPjxpbWcgc3JjPSJodHRwOi8vaW1hZ2UucmFrdXRlbi5jby5qcC93aWRlL2NhYmluZXQvdGFnL3NhaWZ1X2tlbnNha3UxLmdpZiIgYm9yZGVyPSIwIj48L2E+PC90ZD48dGQgYWxpZ249ImNlbnRlciI+PGEgaHJlZj0iaHR0cDovL3NlYXJjaC5yYWt1dGVuLmNvLmpwL3NlYXJjaC9pbnNob3AtbWFsbC8lRTMlODAlOTAlRTMlODMlQUMlRTMlODMlODclRTMlODIlQTMlRTMlODMlQkMlRTMlODIlQjklRTglQjIlQTElRTUlQjglODMlRTMlODAlOTEvLS9mLjMtcC4xLXMuMS1zZi4wLXNpZC4xOTA5NTAtc3QuQS12LjMiPjxpbWcgc3JjPSJodHRwOi8vaW1hZ2UucmFrdXRlbi5jby5qcC93aWRlL2NhYmluZXQvdGFnL3NhaWZ1X2tlbnNha3UyLmdpZiIgYm9yZGVyPSIwIj48L2E+PC90ZD48L3RyPjx0cj48dGQgYWxpZ249ImNlbnRlciI+PGEgaHJlZj0iaHR0cDovL3NlYXJjaC5yYWt1dGVuLmNvLmpwL3NlYXJjaC9pbnNob3AtbWFsbC8lRTMlODAlOTAlRTklOTUlQjclRTglQjIlQTElRTUlQjglODMlRTMlODAlOTEvLS9mLjMtcC4xLXMuMS1zZi4wLXNpZC4xOTA5NTAtc3QuQS12LjMiPjxpbWcgc3JjPSJodHRwOi8vaW1hZ2UucmFrdXRlbi5jby5qcC93aWRlL2NhYmluZXQvdGFnL3NhaWZ1X2tlbnNha3UzLmdpZiIgYm9yZGVyPSIwIj48L2E+PC90ZD48dGQgYWxpZ249ImNlbnRlciI+PGEgaHJlZj0iaHR0cDovL3NlYXJjaC5yYWt1dGVuLmNvLmpwL3NlYXJjaC9pbnNob3AtbWFsbC8lRTMlODAlOTAlRTQlQkElOEMlRTMlODElQTQlRTYlOEElOTglRTMlODIlOEElRTglQjIlQTElRTUlQjglODMlRTMlODAlOTEvLS9mLjMtcC4xLXMuMS1zZi4wLXNpZC4xOTA5NTAtc3QuQS12LjMiPjxpbWcgc3JjPSJodHRwOi8vaW1hZ2UucmFrdXRlbi5jby5qcC93aWRlL2NhYmluZXQvdGFnL3NhaWZ1X2tlbnNha3U0LmdpZiIgYm9yZGVyPSIwIj48L2E+PC90ZD48L3RyPjx0cj48dGQgYWxpZ249ImNlbnRlciI+PGEgaHJlZj0iaHR0cDovL3NlYXJjaC5yYWt1dGVuLmNvLmpwL3NlYXJjaC9pbnNob3AtbWFsbC8lRTMlODAlOTAlRTQlQjglODklRTMlODElQTQlRTYlOEElOTglRTMlODIlOEElRTglQjIlQTElRTUlQjglODMlRTMlODAlOTEvLS9mLjMtcC4xLXMuMS1zZi4wLXNpZC4xOTA5NTAtc3QuQS12LjMiPjxpbWcgc3JjPSJodHRwOi8vaW1hZ2UucmFrdXRlbi5jby5qcC93aWRlL2NhYmluZXQvdGFnL3NhaWZ1X2tlbnNha3U1LmdpZiIgYm9yZGVyPSIwIj48L2E+PC90ZD48dGQgYWxpZ249ImNlbnRlciI+PGEgaHJlZj0iaHR0cDovL3NlYXJjaC5yYWt1dGVuLmNvLmpwL3NlYXJjaC9pbnNob3AtbWFsbC8lRTMlODAlOTAlRTUlQjAlOEYlRTklOEElQUQlRTUlODUlQTUlRTMlODIlOEMlRTMlODAlOTEvLS9mLjMtcC4xLXMuMS1zZi4wLXNpZC4xOTA5NTAtc3QuQS12LjMiPjxpbWcgc3JjPSJodHRwOi8vaW1hZ2UucmFrdXRlbi5jby5qcC93aWRlL2NhYmluZXQvdGFnL3NhaWZ1X2tlbnNha3U2LmdpZiIgYm9yZGVyPSIwIj48L2E+PC90ZD48L3RyPjwvdGFibGU+PC90ZD48L3RyPjwvdGFibGU+CgoKPCEtLeKWvOODm+ODr+OCpOODiOODh+ODvGxpbmstLT4KPHRhYmxlIHdpZHRoPSI4MDAiIGJvcmRlcj0iMCIgYWxpZ249ImNlbnRlciI+Cjx0cj48dGQgd2lkdGg9IjEwMCUiIGFsaWduPSJjZW50ZXIiPgo8SUZSQU1FIHNyYz0iaHR0cDovL3d3dy5yYWt1dGVuLm5lLmpwL2dvbGQvd2lkZS9odG1sL3BhZ2VfZm9vZGVyL3doaXRlZGF5LWxpbmsuaHRtbCIgd2lkdGg9IjgwMCIgaGVpZ2h0PSIxNDUwIiBzY3JvbGxpbmc9Im5vIiBtYXJnaW53aWR0aD0iMCIgZnJhbWVib3JkZXI9IjAiPjwvSUZSQU1FPjwvdGQ+CjwvdHI+PC90YWJsZT48YnI+PGJyPjxicj4KPCEtLeKWsuODm+ODr+OCpOODiOODh+ODvGxpbmstLT48dGFibGUgd2lkdGg9IjMwMCIgY2VsbHNwYWNpbmc9IjAiIGNlbGxwYWRkaW5nPSIwIiBib3JkZXI9IjAiPjx0cj48dGQgYWxpZ249ImNlbnRlciI+PGltZyBzcmM9Imh0dHA6Ly9pbWFnZS5yYWt1dGVuLmNvLmpwL3dpZGUvY2FiaW5ldC90b2t1L3JhcHBpbmcuZ2lmIiBhbHQ9IuODqeODg+ODlOODs+OCsOOCouOCpOOCs+ODsyIgd2lkdGg9IjMwMCIgaGVpZ2h0PSI4MiIgYm9yZGVyPSIwIj48L3RkPjwvdHI+PC90YWJsZT48YnI+PHRhYmxlIHdpZHRoPSIzMDAiIGNlbGxzcGFjaW5nPSIwIiBjZWxscGFkZGluZz0iMCIgYm9yZGVyPSIwIj48dHI+PHRkIGFsaWduPSJjZW50ZXIiPjxpbWcgc3JjPSJodHRwOi8vaW1hZ2UucmFrdXRlbi5jby5qcC93aWRlL2NhYmluZXQvc3Avc2l5b3UuZ2lmIiBib3JkZXI9IjAiIGFsdD0i6LKh5biD5qmf6IO95Yil5a++5b+c6KGoIj48L3RkPjwvdHI+PC90YWJsZT48dGFibGUgd2lkdGg9IjMwMCIgY2VsbHNwYWNpbmc9IjAiIGNlbGxwYWRkaW5nPSI1IiBib3JkZXI9IjAiPjx0cj48dGQgYWxpZ249ImNlbnRlciI+PGZvbnQgc2l6ZT0iMiIgY29sb3I9IiM2NjY2NjYiPuKAu+awl+OBq+OBquOCi+apn+iDveOBruOCouOCpOOCs+ODs+OCkuOCr+ODquODg+OCr+OBp+OAgTxicj7lr77lv5zllYblk4HjgYzkuIDopqfjgavjgarjgorjgb7jgZnjgII8L2ZvbnQ+PC90ZD48L3RyPjwvdGFibGU+PHRhYmxlIHdpZHRoPSIzMDAiIGNlbGxzcGFjaW5nPSIwIiBjZWxscGFkZGluZz0iMCIgYm9yZGVyPSIwIj48dHI+PHRkIGFsaWduPSJjZW50ZXIiPjxpbWcgc3JjPSJodHRwOi8vaW1hZ2UucmFrdXRlbi5jby5qcC93aWRlL2NhYmluZXQvdGFnL3NhaWZ1MDAxLmdpZiIgYWx0PSLplbfosqHluIMiIGJvcmRlcj0iMCI+PC90ZD48dGQgYWxpZ249ImNlbnRlciI+PGltZyBzcmM9Imh0dHA6Ly9pbWFnZS5yYWt1dGVuLmNvLmpwL3dpZGUvY2FiaW5ldC90YWcvZ3NhaWZ1MDAyLmdpZiIgYWx0PSLkuozjgaTmipjjgooiIGJvcmRlcj0iMCI+PC90ZD48dGQgYWxpZ249ImNlbnRlciI+PGltZyBzcmM9Imh0dHA6Ly9pbWFnZS5yYWt1dGVuLmNvLmpwL3dpZGUvY2FiaW5ldC90YWcvZ3NhaWZ1MDAzLmdpZiIgYWx0PSLkuInjgaTmipjjgooiIGJvcmRlcj0iMCI+PC90ZD48L3RyPjx0cj48dGQgYWxpZ249ImNlbnRlciI+PGltZyBzcmM9Imh0dHA6Ly9pbWFnZS5yYWt1dGVuLmNvLmpwL3dpZGUvY2FiaW5ldC90YWcvZ3NhaWZ1MDA0LmdpZiIgYWx0PSLlsI/piq3lhaXjgowiIGJvcmRlcj0iMCI+PC90ZD48dGQgYWxpZ249ImNlbnRlciI+PGltZyBzcmM9Imh0dHA6Ly9pbWFnZS5yYWt1dGVuLmNvLmpwL3dpZGUvY2FiaW5ldC90YWcvZ3NhaWZ1MDA1LmdpZiIgYWx0PSLmpbXlsI/osqHluIMiIGJvcmRlcj0iMCI+PC90ZD48dGQgYWxpZ249ImNlbnRlciI+PGltZyBzcmM9Imh0dHA6Ly9pbWFnZS5yYWt1dGVuLmNvLmpwL3dpZGUvY2FiaW5ldC90YWcvZ3NhaWZ1MDA2LmdpZiIgYWx0PSJERUNPUyIgYm9yZGVyPSIwIj48L3RkPjwvdHI+PHRyPjx0ZCBhbGlnbj0iY2VudGVyIj48aW1nIHNyYz0iaHR0cDovL2ltYWdlLnJha3V0ZW4uY28uanAvd2lkZS9jYWJpbmV0L3RhZy9nc2FpZnUwMDkuZ2lmIiBhbHQ9IuODqeOCpuODs+ODieODleOCoeOCueODiuODvCIgYm9yZGVyPSIwIj48L3RkPjx0ZCBhbGlnbj0iY2VudGVyIj48aW1nIHNyYz0iaHR0cDovL2ltYWdlLnJha3V0ZW4uY28uanAvd2lkZS9jYWJpbmV0L3RhZy9nc2FpZnUwMTAuZ2lmIiBhbHQ9IkzlrZfjg5XjgqHjgrnjg4rjg7wiIGJvcmRlcj0iMCI+PC90ZD48dGQgYWxpZ249ImNlbnRlciI+PGltZyBzcmM9Imh0dHA6Ly9pbWFnZS5yYWt1dGVuLmNvLmpwL3dpZGUvY2FiaW5ldC90YWcvZ3NhaWZ1MDExLmdpZiIgYWx0PSLjgYzjgb7lj6MiIGJvcmRlcj0iMCI+PC90ZD48L3RyPjx0cj48dGQgYWxpZ249ImNlbnRlciI+PGltZyBzcmM9Imh0dHA6Ly9pbWFnZS5yYWt1dGVuLmNvLmpwL3dpZGUvY2FiaW5ldC90YWcvc2FpZnUwMDguZ2lmIiBhbHQ9IuOCouOCs+ODvOODh+OCo+OCquODsyIgYm9yZGVyPSIwIj48L3RkPjx0ZCBhbGlnbj0iY2VudGVyIj48aW1nIHNyYz0iaHR0cDovL2ltYWdlLnJha3V0ZW4uY28uanAvd2lkZS9jYWJpbmV0L3RhZy9nc2FpZnUwMTIuZ2lmIiBhbHQ9IuODkOOCpOOCq+ODvOOCuuOCpuOCqeODrOODg+ODiCIgYm9yZGVyPSIwIj48L3RkPjx0ZCBhbGlnbj0iY2VudGVyIj48aW1nIHNyYz0iaHR0cDovL2ltYWdlLnJha3V0ZW4uY28uanAvd2lkZS9jYWJpbmV0L3RhZy9nc2FpZnUwMTMuZ2lmIiBhbHQ9IumWi+mBi+iyoeW4gyIgYm9yZGVyPSIwIj48L3RkPjwvdHI+PHRyPjx0ZCBhbGlnbj0iY2VudGVyIj48aW1nIHNyYz0iaHR0cDovL2ltYWdlLnJha3V0ZW4uY28uanAvd2lkZS9jYWJpbmV0L3RhZy9zYWlmdTAwNy5naWYiIGFsdD0i5pys6Z2p6LKh5biDIiBib3JkZXI9IjAiPjwvdGQ+PHRkIGFsaWduPSJjZW50ZXIiPjxpbWcgc3JjPSJodHRwOi8vaW1hZ2UucmFrdXRlbi5jby5qcC93aWRlL2NhYmluZXQvdGFnL3NhaWZ1MDE0LmdpZiIgYWx0PSLjgqvjg7zjg4kxMOaemuS7peS4iiIgYm9yZGVyPSIwIj48L3RkPjx0ZCBhbGlnbj0iY2VudGVyIj48aW1nIHNyYz0iaHR0cDovL2ltYWdlLnJha3V0ZW4uY28uanAvd2lkZS9jYWJpbmV0L3RhZy9nc2FpZnUwMTUuZ2lmIiBib3JkZXI9IjAiIGFsdD0i44Kr44O844OJMjDmnprku6XkuIoiPjwvdGQ+PC90cj48dHI+PHRkIGFsaWduPSJjZW50ZXIiPjxpbWcgc3JjPSJodHRwOi8vaW1hZ2UucmFrdXRlbi5jby5qcC93aWRlL2NhYmluZXQvdGFnL2NvbG9yX2JsYWNrLmdpZiIgYWx0PSLjg5bjg6njg4Pjgq8iIGJvcmRlcj0iMCI+PC90ZD48dGQgYWxpZ249ImNlbnRlciI+PGltZyBzcmM9Imh0dHA6Ly9pbWFnZS5yYWt1dGVuLmNvLmpwL3dpZGUvY2FiaW5ldC90YWcvZ2NvbG9yX2Jyb3duLmdpZiIgYWx0PSLjg5bjg6njgqbjg7MiIGJvcmRlcj0iMCI+PC90ZD48dGQgYWxpZ249ImNlbnRlciI+PGltZyBzcmM9Imh0dHA6Ly9pbWFnZS5yYWt1dGVuLmNvLmpwL3dpZGUvY2FiaW5ldC90YWcvY29sb3JfY2FtZWwuZ2lmIiBhbHQ9IuOCreODo+ODoeODqyIgYm9yZGVyPSIwIj48L3RkPjwvdHI+PHRyPjx0ZCBhbGlnbj0iY2VudGVyIj48aW1nIHNyYz0iaHR0cDovL2ltYWdlLnJha3V0ZW4uY28uanAvd2lkZS9jYWJpbmV0L3RhZy9jb2xvcl9vdGhlci5naWYiIGFsdD0i44Gd44Gu5LuW44Gu44Kr44Op44O8IiBib3JkZXI9IjAiPjwvdGQ+PHRkIGFsaWduPSJjZW50ZXIiPjxpbWcgc3JjPSJodHRwOi8vaW1hZ2UucmFrdXRlbi5jby5qcC93aWRlL2NhYmluZXQvdGFnL2dzYWlmdV9wMTAuZ2lmIiBhbHQ9IuODneOCpOODs+ODiDEw5YCNIiBib3JkZXI9IjAiPjwvdGQ+PHRkIGFsaWduPSJjZW50ZXIiPjxpbWcgc3JjPSJodHRwOi8vaW1hZ2UucmFrdXRlbi5jby5qcC93aWRlL2NhYmluZXQvdGFnL3NhaWZ1X3NvdS5naWYiIGFsdD0i6YCB5paZ54Sh5paZIiBib3JkZXI9IjAiPjwvdGQ+PC90cj48L3RhYmxlPjxicj48dGFibGUgd2lkdGg9IjMwMCIgYm9yZGVyPSIwIiBjZWxsc3BhY2luZz0iMSIgYmdjb2xvcj0iIzk5OTk5OSIgY2VsbHBhZGRpbmc9IjEwIj48dHI+PHRkIGJnY29sb3I9IiNGRkZGRkYiPjxmb250IHNpemU9IjMiPuOAkOiyoeW4g+OAkeOAkOOCpuOCqeODrOODg+ODiOOAkeOAkOmVt+iyoeW4g+OAkeOAkOOCouOCs+ODvOODh+OCo+OCquODs+OAkeOAkOacrOmdqeiyoeW4g+OAkeOAkOOCq+ODvOODiTEw5p6a5Lul5LiK5Y+O57SNT0vjgJHjgJDjg5bjg6njg4Pjgq/jgJHjgJDjgq3jg6Pjg6Hjg6vjgJHjgJDjgZ3jga7ku5bjga7jgqvjg6njg7zjgJHjgJDjg6zjg4fjgqPjg7zjgrnosqHluIPjgJHjgJDpgIHmlpnnhKHmlpnjgJE8L2ZvbnQ+PC90ZD48L3RyPjwvdGFibGU+PGJyPjxicj7jgJAg5pqu44KJ44GX44Gu5bm45L6/IOOBj+OCieOBlyDjga4g5bm45L6/IOOBj+OCieOBl+OBruW5uOS+vyDjgJEKCjwhLS3jgqvjg7zjg4jkuIstLT4KPGJyPgo8YnI+Cgo8YnI+Cjxicj4KPCEtLeOCq+ODvOODiOS4iy0tPjwhLS3jgqTjg5njg7Pjg4jnlKgKPHN0eWxlIHR5cGU9InRleHQvY3NzIj4Kc3Bhbi51bml0IHsgYmFja2dyb3VuZDogdXJsKGh0dHA6Ly9pbWFnZS5yYWt1dGVuLmNvLmpwL3dpZGUwMi9jYWJpbmV0L3BvaW50LzIwMTcwMzIxX2thZ28uZ2lmKSBuby1yZXBlYXQgbGVmdCB0b3A7IHRleHQtaW5kZW50OgotOTk5OTsgZGlzcGxheTogYmxvY2s7IHdpZHRoOiA0MDA7IGhlaWdodDogMjU0OyBtYXJnaW46MTVweCAwOyB9Cjwvc3R5bGU+CjwhLS3jgqTjg5njg7Pjg4jnlKgtLT4KCjwhLS3pgIHmlpnnhKHmlpkz5YCNCjxzdHlsZSB0eXBlPSJ0ZXh0L2NzcyI+CnNwYW4udW5pdCB7IGJhY2tncm91bmQ6IHVybChodHRwOi8vaW1hZ2UucmFrdXRlbi5jby5qcC93aWRlMDIvY2FiaW5ldC9wb2ludC8yMDE2MDkyOS0wMS5naWYpIG5vLXJlcGVhdCBsZWZ0IHRvcDsgdGV4dC1pbmRlbnQ6Ci05OTk5OyBkaXNwbGF5OiBibG9jazsgd2lkdGg6IDQwMDsgaGVpZ2h0OiAzMDE7IG1hcmdpbjoxNXB4IDA7IH0KPC9zdHlsZT4KPCEtLemAgeaWmeeEoeaWmTPlgI0tLT4KCjwhLS3jgYLjgZnmpb3msLTmm5wKPHN0eWxlIHR5cGU9InRleHQvY3NzIj4Kc3Bhbi51bml0IHsgYmFja2dyb3VuZDogdXJsKGh0dHA6Ly9pbWFnZS5yYWt1dGVuLmNvLmpwL3dpZGUwMi9jYWJpbmV0L3BvaW50LzQwMC1zdWl5by1hc3VyYWt1LmdpZikgbm8tcmVwZWF0IGxlZnQgdG9wOyB0ZXh0LWluZGVudDoKLTk5OTk7IGRpc3BsYXk6IGJsb2NrOyB3aWR0aDogNDAwOyBoZWlnaHQ6IDE3NTsgbWFyZ2luOjE1cHggMDsgfQo8L3N0eWxlPgo8IS0t44GC44GZ5qW95rC05pucLS0+Cgo8IS0t44O044Kj44OD44K744Or5Yud5Yip44Kr44K05qiq44OQ44OK44O8CjxzdHlsZSB0eXBlPSJ0ZXh0L2NzcyI+CnNwYW4udW5pdCB7IGJhY2tncm91bmQ6IHVybChodHRwOi8vaW1hZ2UucmFrdXRlbi5jby5qcC93aWRlMDIvY2FiaW5ldC9wb2ludC8yMDE1MDkxMC0wOS5naWYpIG5vLXJlcGVhdCBsZWZ0IHRvcDsgdGV4dC1pbmRlbnQ6Ci05OTk5OyBkaXNwbGF5OiBibG9jazsgd2lkdGg6IDQwMDsgaGVpZ2h0OiAxNzU7IG1hcmdpbjoxNXB4IDA7IH0KPC9zdHlsZT4KPCEtLeODtOOCo+ODg+OCu+ODq+WLneWIqeOCq+OCtOaoquODkOODiuODvC0tPgoKCjwhLS3pgJrluLjmmYLjgqvjgrTmqKrjg5Djg4rjg7wKPHN0eWxlIHR5cGU9InRleHQvY3NzIj4Kc3Bhbi51bml0IHsgYmFja2dyb3VuZDogdXJsKGh0dHA6Ly9pbWFnZS5yYWt1dGVuLmNvLmpwL3dpZGUwMi9jYWJpbmV0L3BvaW50LzIwMTYwMzAzLTAyLmdpZikgbm8tcmVwZWF0IGxlZnQgdG9wOyB0ZXh0LWluZGVudDoKLTk5OTk7IGRpc3BsYXk6IGJsb2NrOyB3aWR0aDogNDAwOyBoZWlnaHQ6IDMxMTsgbWFyZ2luOjE1cHggMDsgfQo8L3N0eWxlPgo8IS0t6YCa5bi45pmC44Kr44K05qiq44OQ44OK44O8LS0+CgoKCgo8IS0t6LK344GE54mp44GL44GU44Oc44K/44OzLS0+CjxzdHlsZSB0eXBlPSJ0ZXh0L2NzcyI+CgovKuKWvOKWvDIwMTcwMjAx6L+96KiY44GT44GT44GL44KJ4pa84pa8Ki8KCiNyYWt1dGVuTGltaXRlZElkX2Fyb3VuZENhcnQgc3Bhbi51bml0ewogZm9udC1zaXplOjE4cHg7IC8q5bqX6IiX44GU44Go44Gr5Lu75oSPKi8KIGZvbnQtd2VpZ2h0OmJvbGQ7IC8q5bqX6IiX44GU44Go44Gr5Lu75oSPKi8KIGhlaWdodDozMHB4OyAvKuW6l+iIl+OBlOOBqOOBq+S7u+aEjyovCn0KIAojcmFrdXRlbkxpbWl0ZWRJZF9hcm91bmRDYXJ0IGlucHV0I3VuaXRzIHsKIGJvcmRlcjpzb2xpZCA1cHggI2NjYzsgLyrlupfoiJfjgZTjgajjgavku7vmhI8qLwogd2lkdGg6IDUwcHggIWltcG9ydGFudDsgLyrlupfoiJfjgZTjgajjgavku7vmhI8qLwogaGVpZ2h0OiA1MHB4ICFpbXBvcnRhbnQ7IC8q5bqX6IiX44GU44Go44Gr5Lu75oSPKi8KIGN1cnNvcjphdXRvOwogdGV4dC1pbmRlbnQ6MHB4OyAvKuW6l+iIl+OBlOOBqOOBq+S7u+aEjyovCiBvdmVyZmxvdzpoaWRkZW47Cn0KIAovKjIwMTUuMDcuMTDov73oqJjjgIHmpb3lpKnjgavku5Xmp5jlpInmm7TjgYzjgYLjgorjgb7jgZfjgZ8qLwpib2R5IGRpdiNwYWdlYm9keSAjcmFrdXRlbkxpbWl0ZWRJZF9hcm91bmRDYXJ0IGlucHV0LnJDYXJ0QnRuLApib2R5IGRpdiNwYWdlYm9keSAjcmFrdXRlbkxpbWl0ZWRJZF9hcm91bmRDYXJ0IGlucHV0I3VuaXRzICsgaW5wdXQgewogd2lkdGg6IDQwMHB4ICFpbXBvcnRhbnQ7IC8q5bqX6IiX44GU44Go44Gr5Lu75oSPKi8KIGhlaWdodDogNjBweCAhaW1wb3J0YW50OyAvKuW6l+iIl+OBlOOBqOOBq+S7u+aEjyovCiBiYWNrZ3JvdW5kOiB1cmwoaHR0cDovL2ltYWdlLnJha3V0ZW4uY28uanAvd2lkZS9jYWJpbmV0L2Jhbm5lcl9ldmVudC9jYXJ0LTEuZ2lmKSBuby1yZXBlYXQgIWltcG9ydGFudDsgLyrlupfoiJfjgZTjgajjgavku7vmhI8qLwogb3ZlcmZsb3c6aGlkZGVuICFpbXBvcnRhbnQ7CiBib3JkZXItd2lkdGg6IDBweCAhaW1wb3J0YW50OwogY3Vyc29yOiBwb2ludGVyICFpbXBvcnRhbnQ7CiB0ZXh0LWluZGVudDoxNTAlICFpbXBvcnRhbnQ7IC8q5bqX6IiX44GU44Go44Gr5Lu75oSPKi8KIHdoaXRlLXNwYWNlOm5vd3JhcCAhaW1wb3J0YW50OwogbWFyZ2luOjVweCAwICFpbXBvcnRhbnQ7IC8q5bqX6IiX44GU44Go44Gr5Lu75oSPKi8KCiAvKuKWsuKWsjIwMTcwMjAx6L+96KiY44GT44GT44G+44Gn4pay4payKi8KCgoKLyog5YCL5pWw5YWl5Yqb5qyEICovCuOAgCpodG1sIC51bml0eyBwb3NpdGlvbjpyZWxhdGl2ZTsgdG9wOi01cHg7fS8qSUUqLwrjgIAqaHRtbCBpbnB1dCN1bml0c3sgcG9zaXRpb246cmVsYXRpdmU7IHRvcDotNXB4OyBoZWlnaHQ6MzBweDsgb3ZlcmZsb3c6aGlkZGVuO30vKklFKi8KaW5wdXQjdW5pdHN7IApmb250LXdlaWdodDogbm9ybWFsICFpbXBvcnRhbnQ7CmJvcmRlcjpzb2xpZCAjOTk5OTk5IDFweCAhaW1wb3J0YW50OyAKYmFja2dyb3VuZDojZmZmICFpbXBvcnRhbnQ7IAp3aWR0aDogMzVweCAhaW1wb3J0YW50OyAKaGVpZ2h0OiA0MHB4ICFpbXBvcnRhbnQ7CnBhZGRpbmc6MTBweCAhaW1wb3J0YW50OyAKY3Vyc29yOmF1dG8gIWltcG9ydGFudDsKY29sb3I6IzAwMDAwMCAhaW1wb3J0YW50Owp9CgoKLyrilrzpoIXnm67og4zmma/oibLoqK3lrpoqLwpzcGFuLmNob2ljZXsKICBkaXNwbGF5OmJsb2NrOwogIHdpZHRoOjM1MHB4OwogIGJhY2tncm91bmQ6I0ZGQ0NDQzsKICBwYWRkaW5nOjVweDsKICBtYXJnaW46NXB4IDAgNXB4IDA7Cn0KLyrilrLpoIXnm67og4zmma/oibLoqK3lrpoqLwoKCi8qIOOBiuiyt+OBhOeJqeOBi+OBlOODnOOCv+ODs+OBruWkp+OBjeOBlSAqLwppbnB1dFt0eXBlPSJzdWJtaXQiXXsgCmJhY2tncm91bmQ6IHVybChodHRwOi8vaW1hZ2UucmFrdXRlbi5jby5qcC93aWRlL2NhYmluZXQvaWNvbi9jYXJ0LWluLXIxXzAxLmdpZikgbm8tcmVwZWF0Owp3aWR0aDogNDAwcHg7IGhlaWdodDogODg7Ci8qIGJvcmRlcjpzb2xpZCAjZDJkMmQyIDFweDsgKi8KYm9yZGVyOiBub25lOwpwYWRkaW5nOjE3cHggOHB4IDE3cHggMzVweDsKLyptYXJnaW46MTBweCAwOyovCmN1cnNvcjpwb2ludGVyOwpjb2xvcjojZmZmZmZmOwpmb250LXNpemU6MjVweDsKbGV0dGVyLXNwYWNpbmc6LjFlbTsKZm9udC13ZWlnaHQ6Ym9sZDsKZm9udC1mYW1pbHk6IuODoeOCpOODquOCqiIsTWVpcnlvLCLjg5Ljg6njgq7jg47op5LjgrQgUHJvIFczIiwiSGlyYWdpbm8gS2FrdSBHb3RoaWMgUHJvIiwiSGlyYUtha3VQcm8tVzMiLCLvvK3vvLMg77yw44K044K344OD44KvIiwiTVMgUEdvdGhpYyIsQXJpYWwsIEhlbHZldGljYSxzYW5zLXNlcmlmICFpbXBvcnRhbnQ7Cn0KCi8qIOOCreODo+ODg+ODgeOCs+ODlOODvOS4iumDqOOBq+ODqeODmeODq+OBjOOBpOOBjyAqLwpzcGFuLmNhdGNoX2NvcHk6YmVmb3JlIHsKICAgIGNvbnRlbnQ6ICLilrzmnKzml6Xjga7jgYrosrfjgYTlvpfjgqLjgqTjg4bjg6Ah4pa8IjsgLyrjg6njg5njg6vlhoXjga7mlofoqIAqLwogICAgd2lkdGg6IDQzMHB4OyAvKuODqeODmeODq+OBruOCteOCpOOCuiovCiAgICBiYWNrZ3JvdW5kLWNvbG9yOiAjRkYwMDAwOyAvKuODqeODmeODq+OBruiJsiovCiAgICBmb250LXNpemU6IDIwcHg7CiAgICBjb2xvcjogI2ZmZjsKICAgIHRleHQtYWxpZ246IGNlbnRlcjsKICAgIGRpc3BsYXk6IGJsb2NrOwogICAgcGFkZGluZzogMXB4IDRweDsKICAgIG1hcmdpbi1ib3R0b206IDRweDsKICAgIGJvcmRlci1yYWRpdXM6IDJweDsKICAgIGNsZWFyOiBib3RoOwp9CgovKiDjgIzllYblk4HjgavjgaTjgYTjgabjga7llY/jgYTlkIjjgo/jgZvjgI3jg5zjgr/jg7Pjga7lpKfjgY3jgZUqLwpmb250IGlucHV0ewpiYWNrZ3JvdW5kOiB1cmwoKSAjZjVmNWY1IG5vLXJlcGVhdCA1cHggNXB4ICFpbXBvcnRhbnQ7IApmb250LXNpemU6MTFweCAhaW1wb3J0YW50OyAKbWFyZ2luLWJvdHRvbToxMHB4ICFpbXBvcnRhbnQ7CnBhZGRpbmc6NXB4IDZweCA2cHggMTVweCAhaW1wb3J0YW50OyAKcG9zaXRpb246cmVsYXRpdmUgIWltcG9ydGFudDsKei1pbmRleDoyICFpbXBvcnRhbnQ7CmJvcmRlcjpzb2xpZCAjZDJkMmQyIDFweCAhaW1wb3J0YW50Owpjb2xvcjojMzMzMzMzICFpbXBvcnRhbnQ7CmxldHRlci1zcGFjaW5nOjAuMmVtICFpbXBvcnRhbnQ7CndpZHRoOiAxOTBweCAhaW1wb3J0YW50OwpoZWlnaHQ6IDM1cHggIWltcG9ydGFudDsKCiAKCmE6aG92ZXIgewoJcG9zaXRpb246IHJlbGF0aXZlOwoJd2lkdGg6IGF1dG87Cgl0b3A6IDFweDsKCWxlZnQ6IDFweDsKCXRleHQtZGVjb3JhdGlvbjogbm9uZTsKfQphOmhvdmVyIGltZyB7CglmaWx0ZXI6IGFscGhhKHN0eWxlPTAsIG9wYWNpdHk9OTApOwp9CmltZyB7Cglib3JkZXI6IDA7Cn0KI2hlZG1lbnUgYTpob3ZlciB7Cglwb3NpdGlvbjogcmVsYXRpdmU7Cgl3aWR0aDogYXV0bzsKCXRvcDogMHB4OwoJbGVmdDogMHB4OwoJdGV4dC1kZWNvcmF0aW9uOiBub25lOwp9CiNoZWRfc2VhcmNoIHRkIHsKCWZvbnQtc2l6ZTogMTBweDsKCWxpbmUtaGVpZ2h0OiAxNHB4OwoJY29sb3I6ICNEQzM4NDM7Cn0KI2hlYWRXcmFwIHsKCW1hcmdpbjogMHB4OwoJd2lkdGg6IDkzMHB4OwoJcGFkZGluZy10b3A6IDEwcHg7CglwYWRkaW5nLXJpZ2h0OiAxMHB4OwoJcGFkZGluZy1ib3R0b206IDEwcHg7CglwYWRkaW5nLWxlZnQ6IDIwMHB4Owp9Cgphey8q44Oq44Oz44Kv44GV44KM44Gf5paH5a2XKi8KICAgIGNvbG9yOiMzMzMzMzM7CiAgICBmb250LXN0eWxlOm5vcm1hbDsKICAgIHRleHQtZGVjb3JhdGlvbjp1bmRlcmxpbmU7Cn0KYTpsaW5rIHsvKuacquioquWVj+OBruODquODs+OCryovCiAgICBjb2xvcjojMzMzMzMzOwogICAgZm9udC1zdHlsZTpub3JtYWw7CiAgICB0ZXh0LWRlY29yYXRpb246dW5kZXJsaW5lOwp9CgphOnZpc2l0ZWQgey8q6Kiq5ZWP5b6M44Gu44Oq44Oz44KvKi8KICAgIGNvbG9yOiNmZjAwMDA7CiAgICB0ZXh0LWRlY29yYXRpb246dW5kZXJsaW5lOwp9CmE6aG92ZXIgey8q44Oe44Km44K544KS44Gu44Gb44Gf44Go44GNKi8KICAgIGNvbG9yOiMwMDlGRTg7CiAgICBmb250LXN0eWxlOm5vcm1hbDsKICAgIHRleHQtZGVjb3JhdGlvbjp1bmRlcmxpbmU7Cn0KYTphY3RpdmUgey8q44Kv44Oq44OD44Kv5LitKi8KICAgIHRleHQtZGVjb3JhdGlvbjpub25lOwp9CgotLT4KPC9zdHlsZT4KCgo8c3R5bGUgdHlwZT0idGV4dC9jc3MiPgo8IS0tIAoJYSBpbWcgewoJLXdlYmtpdC10cmFuc2l0aW9uOiAwLjNzIGVhc2UtaW4tb3V0OwoJLW1vei10cmFuc2l0aW9uOiAwLjNzIGVhc2UtaW4tb3V0OwoJLW8tdHJhbnNpdGlvbjogMC4zcyBlYXNlLWluLW91dDsKCXRyYW5zaXRpb246IDAuM3MgZWFzZS1pbi1vdXQ7Cn0KYTpob3ZlciBpbWcgewoJb3BhY2l0eTogMC42OwoJZmlsdGVyOiBhbHBoYShvcGFjaXR5PTYwKTsKfQotLT4KPC9zdHlsZT4KCgo8IS0t5qSc57Si44Kt44O844Ov44O844OJLS0+CjxzdHlsZSB0eXBlPSJ0ZXh0L2NzcyI+CjwhLS0KCmRpdiNIZWFkZXJLZXl3b3JkIHsKCXBvc2l0aW9uOmFic29sdXRlOwoJdG9wOjUwcHg7LyrkuIDnlarkuIrjgYvjgonjga7kvY3nva4qLwoJbGVmdDozMHB4Oy8q5bem56uv44GL44KJ44Gu5L2N572uKi8KfQoKZGl2I0hlYWRlcktleXdvcmQgc3BhbiB7CgliYWNrZ3JvdW5kOiAjYmYwMDAwOwoJY29sb3I6I2ZmZjsKCWZvbnQtd2VpZ2h0OmJvbGQ7CglwYWRkaW5nOjJweCA1cHg7Cn0KCmRpdiNIZWFkZXJLZXl3b3JkIGEgewoJY29sb3I6IzAwNDRDQzsKfQoKLS0+Cjwvc3R5bGU+CgoKPCEtLeaWsOWVhuWTgeOBk+OBk+OBi+OCiS0tPgo8dGFibGUgd2lkdGg9IjgwMCIgYm9yZGVyPSIwIiBjZWxsc3BhY2luZz0iMCIgY2VsbHBhZGRpbmc9IjAiPgogIDx0cj4KICAgIDx0ZD48dGFibGUgd2lkdGg9Ijc4NSIgYm9yZGVyPSIwIiBjZWxscGFkZGluZz0iMCI+CiAgPHRyPgogICAgPHRkPjxpbWcgc3JjPSJodHRwOi8vaW1hZ2UucmFrdXRlbi5jby5qcC93aWRlL2NhYmluZXQvaWNvbi9saW5lX25ld2l0ZW0uZ2lmIiB3aWR0aD0iNzU4Ij48L3RkPgogIDwvdHI+CiAgPHRyPgogICAgPHRkPjwvdGQ+CjwvdHI+CjwvdGFibGU+PC90ZD4KICA8L3RyPjwvdGFibGU+CjxjZW50ZXI+PGZvbnQgc2l6ZT0iMSIgY29sb3I9IiM2NjY2NjYiPjxiPjxicj7vvLzvvI88YnI+PGJyPjwvYj48L2ZvbnQ+PC9jZW50ZXI+Cjx0YWJsZSB3aWR0aD0iNzg1IiBiZ2NvbG9yPSIjMjZjZmZmIiBjZWxsc3BhY2luZz0iMTAiIGNlbGxwYWRkaW5nPSI1Ij4KPHRyPjx0ZCB3aWR0aD0iMTAwJSIgYWxpZ249ImNlbnRlciI+PGZvbnQgc2l6ZT0iMyIgY29sb3I9IiNGRkZGRkYiPjxiPk5FV+OCouOCpOODhuODoOOCkkNIRUNLIOKJqzwvYj48L2ZvbnQ+PC90ZD48L3RyPjwvdGFibGU+CiAgPCEtLeaWsOWVhuWTgeOBk+OBk+OBvuOBpy0tPgogIAo8YnI+CjxociB3aWR0aD0iODAwIiBjb2xvcj0iI2Y2ZjZmNiI+PGZvbnQgc2l6ZT0iMSI+PGJyPjwvZm9udD48aHIgd2lkdGg9IjgwMCIgY29sb3I9IiNmNmY2ZjYiPgoKCjwhLS3ilrzilrxORVfjgqLjgqTjg4bjg6DjgZPjgZPjgYvjgonilrzilrwK44CAPGJyPgo8IS0t4pay4payTkVX44Ki44Kk44OG44Og44GT44GT44G+44Gn4pay4payLS0+CgoKPC9jZW50ZXI+PC90ZD48L3RyPjwvdGFibGU+CjwhLS0g4payU0FMReOCqOODs+ODiOODquODvOODkOODiuODvCAtLT4=,44CQ6YCB5paZ54Sh5paZ44CR44Ki44Of44OG44Kj44KoQU1ULTcwMyDplbfosqHluIMg6LKh5biDIOODrOODh+OCo+ODvOOCuSDplbfosqHluIMgYW1pdGllIGFtaXR5IOOCouODn+ODhuOCo+OCqCDjgqLjg5/jg4bjgqPjg7wg6LKh5biDIOODrOODh+OCo+ODvOOCuSDplbfosqHluIMg44Os44OH44Kk44O844K5IOOCteOCpOODlSDjgZXjgYTjgbUg44Km44Kp44Os44OD44OIIOOCouODs+ODhuOCo+ODvOOCr+iqvyDjgq3jg6Pjg6Hjg6sg44OX44Os44K744Oz44OIIOODqeODg+ODlOODs+OCsCDjgq/jg6rjgrnjg57jgrkg44Ku44OV44OIIOODm+ODr+OCpOODiOODh+ODvO+8muOBhOOBpOOCguOCt+ODp+ODg+ODlw==,44OY44Ki44Ki44Kk44Ot44Oz44K544OI44Os44O844OI44Ki44Kk44Ot44Oz44Ki44Ky44OE44OkIOODmOOCouOCouOCpOODreODs+ODmOOCouOCouOCpOODreODsyDjgrnjg4jjg6zjg7zjg4jjgrnjg4jjg6zjg7zjg4jjgqLjgqTjg63jg7Plj6PjgrPjg5/kvb/jgYTmlrnpgJrosqnjg5jjgqLjg7zjgqLjgqTjg63jg7PnnJ/nqbrjg5Hjg4Pjgq/jg7PjgqLjgrLjg4Tjg6TjgqLjgqTjg63jg7Ppm7vli5Xmra/jg5bjg6njgrfpn7Pms6Lmra/jg5bjg6njgrfnnJ/nqbrjgbHjgaPjgY/jgpPnnJ/nqbrjg5Hjg4Pjgq/jgIDlrrbluq3nlKjnnJ/nqbrjg5Hjg4Pjgq/jgpPosqHluIPjg6Hjg7Pjgrrjg6Hjg7PjgrrosqHluIPmmq7jgonjgZfjga7lubjkvr/jgJDpgIHmlpnnhKHmlpnjgJHjgqLjg5/jg4bjgqPjgqhBTVQtNzAzIOmVt+iyoeW4gyDosqHluIMg44Os44OH44Kj44O844K5IOmVt+iyoeW4gyBhbWl0aWUgYW1pdHkg44Ki44Of44OG44Kj44KoIOOCouODn+ODhuOCo+ODvCDosqHluIMg44Os44OH44Kj44O844K5IOmVt+iyoeW4gyDjg6zjg4fjgqTjg7zjgrkg44K144Kk44OVIOOBleOBhOOBtSDjgqbjgqnjg6zjg4Pjg4gg44Ki44Oz44OG44Kj44O844Kv6Kq/IOOCreODo+ODoeODqyDjg5fjg6zjgrvjg7Pjg4gg44Op44OD44OU44Oz44KwIOOCr+ODquOCueODnuOCuSDjgq7jg5Xjg4gg44Ob44Ov44Kk44OI44OH44O8,5Lq65rCX44Gu6ZW36LKh5biDIOODgOOCs+OCv+mdqeS9v+eUqCDml6XmnKzoo70g5Zu955SjIOOCteOCpOODlSDjg6zjg4fjgqTjg7zjgrnjgILjgJDpgIHmlpnnhKHmlpnjgJHjgqLjg5/jg4bjgqPjgqhBTVQtNzAzIOmVt+iyoeW4gyDosqHluIMg44Os44OH44Kj44O844K5IOmVt+iyoeW4gyBhbWl0aWUgYW1pdHkg44Ki44Of44OG44Kj44KoIOOCouODn+ODhuOCo+ODvCDosqHluIMg44Os44OH44Kj44O844K5IOmVt+iyoeW4gyDjg6zjg4fjgqTjg7zjgrkg44K144Kk44OVIOOBleOBhOOBtSDjgqbjgqnjg6zjg4Pjg4gg44Ki44Oz44OG44Kj44O844Kv6Kq/IOOCreODo+ODoeODqyDjg5fjg6zjgrvjg7Pjg4gg44Op44OD44OU44Oz44KwIOOCr+ODquOCueODnuOCuSDjgq7jg5Xjg4gg44Ob44Ov44Kk44OI44OH44O8[rn]
39-76493,aHR0cDovL3RzaG9wLnIxMHMuanAvd2lkZS9jYWJpbmV0L3BuNjAwMDAtMTEvNjUwNzYuanBnP2ZpdGluPTcwMDo3MDA=,ODA2NC4wMDAw,,44OQ44OD44Kw44O75bCP54mp44O744OW44Op44Oz44OJ6ZuR6LKoID4g6LKh5biD44O744Kx44O844K5ID4g44Os44OH44Kj44O844K56LKh5biD,44CQ6YCB5paZ54Sh5paZ44CR44Ki44Of44OG44Kj44KoQU1ULTEwMyDosqHluIMg44Os44OH44Kj44O844K5IOmVt+iyoeW4gyDjg6njgqbjg7Pjg4njg5XjgqHjgrnjg4rjg7wgYW1pdGllIGFtaXR5IOOCouODn+ODhuOCo+OCqCDjgqLjg5/jg4bjgqPjg7zkurrmsJfjga7plbfosqHluIMg44Op44Km44Oz44OJ44OV44Kh44K544OK44O8IOODreODr+ODvOODq+mdqSDml6XmnKzoo70g5Zu955SjIOODl+ODrOOCvOODs+ODiCDotIjjgorniakg6LKh5biDIOOCpuOCqeODrOODg+ODiCDjg6zjg4fjgqPjg7zjgrkg6ZW36LKh5biDIOODm+ODr+OCpOODiOODh+ODvCDjg5fjg6zjgrvjg7Pjg4gg5q+N44Gu5pelIOOCruODleODiA==,5Lq65rCX44Gu6ZW36LKh5biDIOODqeOCpuODs+ODieODleOCoeOCueODiuODvCDjg63jg6/jg7zjg6vpnakg5pel5pys6KO9IOWbveeUow==,PHRhYmxlIHdpZHRoPSI2MDAiIGNlbGxzcGFjaW5nPSIwIiBjZWxscGFkZGluZz0iMCIgYm9yZGVyPSIwIj48dHI+PHRkIGFsaWduPSJjZW50ZXIiPjwhLS3jgrPjgrPjgYvjgonllYblk4Hjg5rjg7zjgrgtLT48Y2VudGVyPjxpbWcgc3JjPSJodHRwOi8vaW1hZ2UucmFrdXRlbi5jby5qcC93aWRlL2NhYmluZXQvcG42MDAwMC0xMS82NTA3Ni0wMC0wMS5qcGciIHdpZHRoPSI2MDAiIGhlaWdodD0iNDIzIj48YnI+PGltZyBzcmM9Imh0dHA6Ly9pbWFnZS5yYWt1dGVuLmNvLmpwL3dpZGUvY2FiaW5ldC9wbjYwMDAwLTExLzY1MDc2LTAwLTAyLmpwZyIgd2lkdGg9IjYwMCIgaGVpZ2h0PSIyODYiPjxicj48aW1nIHNyYz0iaHR0cDovL2ltYWdlLnJha3V0ZW4uY28uanAvd2lkZS9jYWJpbmV0L3BuNjAwMDAtMTEvNjUwNzYtMDAtMDNfLmpwZyIgd2lkdGg9IjYwMCIgaGVpZ2h0PSI1MDIiPjxicj48aW1nIHNyYz0iaHR0cDovL2ltYWdlLnJha3V0ZW4uY28uanAvd2lkZS9jYWJpbmV0L3BuNjAwMDAtMTEvNjUwNzYtMDAtMDRfLmpwZyIgd2lkdGg9IjYwMCIgaGVpZ2h0PSIzOTkiPjxicj48aW1nIHNyYz0iaHR0cDovL2ltYWdlLnJha3V0ZW4uY28uanAvd2lkZS9jYWJpbmV0L3BuNjAwMDAtMTEvNjUwNzYtMDAtMDVfLmpwZyIgd2lkdGg9IjYwMCIgaGVpZ2h0PSI0NDQiPjxicj48aW1nIHNyYz0iaHR0cDovL2ltYWdlLnJha3V0ZW4uY28uanAvd2lkZS9jYWJpbmV0L3BuNjAwMDAtMTEvNjUwNzYtMDAtMDYuanBnIiB3aWR0aD0iNjAwIiBoZWlnaHQ9IjQwMCI+PGJyPjxpbWcgc3JjPSJodHRwOi8vaW1hZ2UucmFrdXRlbi5jby5qcC93aWRlL2NhYmluZXQvcG42MDAwMC0xMS82NTA3Ni0wMC0wNy5qcGciIHdpZHRoPSI2MDAiIGhlaWdodD0iNDA4Ij48YnI+PGltZyBzcmM9Imh0dHA6Ly9pbWFnZS5yYWt1dGVuLmNvLmpwL3dpZGUvY2FiaW5ldC9wbjYwMDAwLTExLzY1MDc2LTAwLTA4LmpwZyIgd2lkdGg9IjYwMCIgaGVpZ2h0PSI0MDUiPjxicj48aW1nIHNyYz0iaHR0cDovL2ltYWdlLnJha3V0ZW4uY28uanAvd2lkZS9jYWJpbmV0L3BuNjAwMDAtMTEvNjUwNzYtMDAtMDkuanBnIiB3aWR0aD0iNjAwIiBoZWlnaHQ9IjQ0MSI+PGJyPjxpbWcgc3JjPSJodHRwOi8vaW1hZ2UucmFrdXRlbi5jby5qcC93aWRlL2NhYmluZXQvcG42MDAwMC0xMS82NTA3Ni0wMC0xMC5qcGciIHdpZHRoPSI2MDAiIGhlaWdodD0iNTg1Ij48YnI+PGltZyBzcmM9Imh0dHA6Ly9pbWFnZS5yYWt1dGVuLmNvLmpwL3dpZGUvY2FiaW5ldC9wbjYwMDAwLTExLzY1MDc2LTAwLTExLmpwZyIgd2lkdGg9IjYwMCIgaGVpZ2h0PSIyODUiPjwvY2VudGVyPjxicj48dGFibGUgd2lkdGg9IjYwMCIgYm9yZGVyPSIwIiBjZWxscGFkZGluZz0iMyIgY2VsbHNwYWNpbmc9IjEiIGJnY29sb3I9IiM2NjY2NjYiIGFsaWduPSJjZW50ZXIiPjx0ciBiZ2NvbG9yPSIjRkZGRkZGIj48dGQgY29sc3Bhbj0iMiIgYmdjb2xvcj0iI0NDQ0NDQyIgYWxpZ249ImNlbnRlciI+PGZvbnQgY29sb3I9IiM2NjY2NjYiIHNpemU9IjIiPuOCouODn+ODhuOCo+OCqEFNVC0xMDM8L2ZvbnQ+PC90ZD48L3RyPjx0ciBiZ2NvbG9yPSIjRkZGRkZGIj48dGQgYmdjb2xvcj0iI2VlZWVlZSIgd2lkdGg9IjEwMCI+PGZvbnQgY29sb3I9IiM2NjY2NjYiIHNpemU9IjIiPuOCteOCpOOCuijntIQpPC9mb250PjwvdGQ+PHRkIHdpZHRoPSI1MDAiPjxmb250IGNvbG9yPSIjNjY2NjY2IiBzaXplPSIyIj7mqKrluYUxOTXDl+e4pjEwMMOX5Y6a44G/MjBtbTwvZm9udD48L3RkPjwvdHI+PHRyPjx0ZCBiZ2NvbG9yPSIjZWVlZWVlIiB3aWR0aD0iMTAwIj48Zm9udCBjb2xvcj0iIzY2NjY2NiIgc2l6ZT0iMiI+6YeN6YePKOe0hCk8L2ZvbnQ+PC90ZD48dGQgd2lkdGg9IjUwMCIgYmdjb2xvcj0iI0ZGRkZGRiI+PGZvbnQgY29sb3I9IiM2NjY2NjYiIHNpemU9IjIiPjE3Mmc8L2ZvbnQ+PC90ZD48L3RyPjx0cj48dGQgd2lkdGg9IjEwMCIgYmdjb2xvcj0iI2VlZWVlZSI+PGZvbnQgY29sb3I9IiM2NjY2NjYiIHNpemU9IjIiPuijvemAoOWbvTwvZm9udD48L3RkPjx0ZCB3aWR0aD0iNTAwIiBiZ2NvbG9yPSIjRkZGRkZGIj48Zm9udCBjb2xvcj0iIzY2NjY2NiIgc2l6ZT0iMiI+5pel5pysPC9mb250PjwvdGQ+PC90cj48dHI+PHRkIGJnY29sb3I9IiNlZWVlZWUiPjxmb250IGNvbG9yPSIjNjY2NjY2IiBzaXplPSIyIj7jgqvjg6njg7w8L2ZvbnQ+PC90ZD48dGQgYmdjb2xvcj0iI0ZGRkZGRiI+PGZvbnQgY29sb3I9IiM2NjY2NjYiIHNpemU9IjIiPuODlOODs+OCr+OAgeOCpOOCqOODreODvOOAgeODn+ODs+ODiOOCsOODquODvOODs+OAgeODjeOCpOODk+ODvOOAgeOCreODo+ODoeODqzwvZm9udD48L3RkPjwvdHI+PHRyPjx0ZCB3aWR0aD0iMTAwIiBiZ2NvbG9yPSIjZWVlZWVlIj48Zm9udCBjb2xvcj0iIzY2NjY2NiIgc2l6ZT0iMiI+5LuV5qeYPC9mb250PjwvdGQ+PHRkIHdpZHRoPSI1MDAiIGJnY29sb3I9IiNGRkZGRkYiPjxmb250IGNvbG9yPSIjNjY2NjY2IiBzaXplPSIyIj5b57Sg5p2QXeODreODr+ODvOODq+mdqeS9v+eUqOOAgeOBiuacreWFpeOCjMOXMuOAgeODleOCoeOCueODiuODvOS7mOOBjeWwj+mKreWFpeOCjMOXMeOAgeOCq+ODvOODieWFpeOCjMOXMTLjgIHjg53jgrHjg4Pjg4jDlzI8YnI+ICAgIDxmb250IGNvbG9yPSIjRkYwMDAwIj7igLvlpKnnhLbnmq7pnanjgpLkvb/nlKjjgZfjgabjgYTjgb7jgZnjga7jgafjgIHlpJrlsJHjga7jgq3jgrrjga7jgojjgYbjgarjgoLjga7jgYznlJ/jgZjjgb7jgZnjgYzjgI7jgq3jgrrjgoTkuI3oia/jgI/jgafjga/jgarjgY/jgIHpnanmnKzmnaXjga7poqjlkIjjgYTjgajjgZfjgablronlv4PjgZfjgabjgYrmpb3jgZfjgb/kuIvjgZXjgYTjgb7jgZvjgII8L2ZvbnQ+PC9mb250PjwvdGQ+PC90cj48L3RhYmxlPjwhLS3jgrPjgrPjgb7jgafllYblk4Hjg5rjg7zjgrgtLT48YnI+PGJyPjx0YWJsZSB3aWR0aD0iNjAwIiBjZWxsc3BhY2luZz0iMCIgY2VsbHBhZGRpbmc9IjAiIGJvcmRlcj0iMCI+PHRyPjx0ZCBhbGlnbj0iY2VudGVyIj48aW1nIHNyYz0iaHR0cDovL2ltYWdlLnJha3V0ZW4uY28uanAvd2lkZS9jYWJpbmV0L3RhZy9zYWlmdV9iYW5hLmdpZiIgYm9yZGVyPSIwIj48L3RkPjwvdHI+PC90YWJsZT48dGFibGUgd2lkdGg9IjYwMCIgY2VsbHNwYWNpbmc9IjAiIGNlbGxwYWRkaW5nPSIwIiBib3JkZXI9IjAiPjx0cj48dGQgYWxpZ249ImNlbnRlciI+PGEgaHJlZj0iaHR0cDovL3NlYXJjaC5yYWt1dGVuLmNvLmpwL3NlYXJjaC9pbnNob3AtbWFsbC8lRTMlODAlOTAlRTMlODMlQTElRTMlODMlQjMlRTMlODIlQkElRTglQjIlQTElRTUlQjglODMlRTMlODAlOTEvLS9mLjMtcC4xLXMuMS1zZi4wLXNpZC4xOTA5NTAtc3QuQS12LjMiPjxpbWcgc3JjPSJodHRwOi8vaW1hZ2UucmFrdXRlbi5jby5qcC93aWRlL2NhYmluZXQvdGFnL3NhaWZ1X2tlbnNha3UxLmdpZiIgYm9yZGVyPSIwIj48L2E+PC90ZD48dGQgYWxpZ249ImNlbnRlciI+PGEgaHJlZj0iaHR0cDovL3NlYXJjaC5yYWt1dGVuLmNvLmpwL3NlYXJjaC9pbnNob3AtbWFsbC8lRTMlODAlOTAlRTMlODMlQUMlRTMlODMlODclRTMlODIlQTMlRTMlODMlQkMlRTMlODIlQjklRTglQjIlQTElRTUlQjglODMlRTMlODAlOTEvLS9mLjMtcC4xLXMuMS1zZi4wLXNpZC4xOTA5NTAtc3QuQS12LjMiPjxpbWcgc3JjPSJodHRwOi8vaW1hZ2UucmFrdXRlbi5jby5qcC93aWRlL2NhYmluZXQvdGFnL3NhaWZ1X2tlbnNha3UyLmdpZiIgYm9yZGVyPSIwIj48L2E+PC90ZD48L3RyPjx0cj48dGQgYWxpZ249ImNlbnRlciI+PGEgaHJlZj0iaHR0cDovL3NlYXJjaC5yYWt1dGVuLmNvLmpwL3NlYXJjaC9pbnNob3AtbWFsbC8lRTMlODAlOTAlRTklOTUlQjclRTglQjIlQTElRTUlQjglODMlRTMlODAlOTEvLS9mLjMtcC4xLXMuMS1zZi4wLXNpZC4xOTA5NTAtc3QuQS12LjMiPjxpbWcgc3JjPSJodHRwOi8vaW1hZ2UucmFrdXRlbi5jby5qcC93aWRlL2NhYmluZXQvdGFnL3NhaWZ1X2tlbnNha3UzLmdpZiIgYm9yZGVyPSIwIj48L2E+PC90ZD48dGQgYWxpZ249ImNlbnRlciI+PGEgaHJlZj0iaHR0cDovL3NlYXJjaC5yYWt1dGVuLmNvLmpwL3NlYXJjaC9pbnNob3AtbWFsbC8lRTMlODAlOTAlRTQlQkElOEMlRTMlODElQTQlRTYlOEElOTglRTMlODIlOEElRTglQjIlQTElRTUlQjglODMlRTMlODAlOTEvLS9mLjMtcC4xLXMuMS1zZi4wLXNpZC4xOTA5NTAtc3QuQS12LjMiPjxpbWcgc3JjPSJodHRwOi8vaW1hZ2UucmFrdXRlbi5jby5qcC93aWRlL2NhYmluZXQvdGFnL3NhaWZ1X2tlbnNha3U0LmdpZiIgYm9yZGVyPSIwIj48L2E+PC90ZD48L3RyPjx0cj48dGQgYWxpZ249ImNlbnRlciI+PGEgaHJlZj0iaHR0cDovL3NlYXJjaC5yYWt1dGVuLmNvLmpwL3NlYXJjaC9pbnNob3AtbWFsbC8lRTMlODAlOTAlRTQlQjglODklRTMlODElQTQlRTYlOEElOTglRTMlODIlOEElRTglQjIlQTElRTUlQjglODMlRTMlODAlOTEvLS9mLjMtcC4xLXMuMS1zZi4wLXNpZC4xOTA5NTAtc3QuQS12LjMiPjxpbWcgc3JjPSJodHRwOi8vaW1hZ2UucmFrdXRlbi5jby5qcC93aWRlL2NhYmluZXQvdGFnL3NhaWZ1X2tlbnNha3U1LmdpZiIgYm9yZGVyPSIwIj48L2E+PC90ZD48dGQgYWxpZ249ImNlbnRlciI+PGEgaHJlZj0iaHR0cDovL3NlYXJjaC5yYWt1dGVuLmNvLmpwL3NlYXJjaC9pbnNob3AtbWFsbC8lRTMlODAlOTAlRTUlQjAlOEYlRTklOEElQUQlRTUlODUlQTUlRTMlODIlOEMlRTMlODAlOTEvLS9mLjMtcC4xLXMuMS1zZi4wLXNpZC4xOTA5NTAtc3QuQS12LjMiPjxpbWcgc3JjPSJodHRwOi8vaW1hZ2UucmFrdXRlbi5jby5qcC93aWRlL2NhYmluZXQvdGFnL3NhaWZ1X2tlbnNha3U2LmdpZiIgYm9yZGVyPSIwIj48L2E+PC90ZD48L3RyPjwvdGFibGU+PC90ZD48L3RyPjwvdGFibGU+PGJyPjx0YWJsZSB3aWR0aD0iNjAwIiBhbGlnbj0iY2VudGVyIj48dHI+PHRkIGFsaWduPSJjZW50ZXIiPjxicj48L3RkPjwvdHI+PC90YWJsZT4KCgo8IS0t4pa844Ob44Ov44Kk44OI44OH44O8bGluawo8dGFibGUgd2lkdGg9IjgwMCIgYm9yZGVyPSIwIiBhbGlnbj0iY2VudGVyIj4KPHRyPjx0ZCB3aWR0aD0iMTAwJSIgYWxpZ249ImNlbnRlciI+CjxJRlJBTUUgc3JjPSJodHRwOi8vd3d3LnJha3V0ZW4ubmUuanAvZ29sZC93aWRlL2h0bWwvcGFnZV9mb29kZXIvd2hpdGVkYXktbGluay5odG1sIiB3aWR0aD0iODAwIiBoZWlnaHQ9IjE0NTAiIHNjcm9sbGluZz0ibm8iIG1hcmdpbndpZHRoPSIwIiBmcmFtZWJvcmRlcj0iMCI+PC9JRlJBTUU+PC90ZD4KPC90cj48L3RhYmxlPjxicj48YnI+PGJyPgo8IS0t4pay44Ob44Ov44Kk44OI44OH44O8bGluay0tPjx0YWJsZSB3aWR0aD0iMzAwIiBjZWxsc3BhY2luZz0iMCIgY2VsbHBhZGRpbmc9IjAiIGJvcmRlcj0iMCI+PHRyPjx0ZCBhbGlnbj0iY2VudGVyIj48aW1nIHNyYz0iaHR0cDovL2ltYWdlLnJha3V0ZW4uY28uanAvd2lkZS9jYWJpbmV0L3Rva3UvcmFwcGluZy5naWYiIGFsdD0i44Op44OD44OU44Oz44Kw44Ki44Kk44Kz44OzIiB3aWR0aD0iMzAwIiBoZWlnaHQ9IjgyIiBib3JkZXI9IjAiPjwvdGQ+PC90cj48L3RhYmxlPjxicj48dGFibGUgd2lkdGg9IjMwMCIgYm9yZGVyPSIwIiBjZWxsc3BhY2luZz0iMSIgYmdjb2xvcj0iIzk5OTk5OSIgY2VsbHBhZGRpbmc9IjEwIj48dHI+PHRkIGJnY29sb3I9IiNGRkZGRkYiPuOAkOaknOe0oueUqOOCreODvOODr+ODvOODieOAkeOAkOWls+aAp+eUqOiyoeW4g+OAkeOAkOWppuS6uueUqOiyoeW4g+OAkeOAkOODrOODh+OCo+ODvOOCueiyoeW4g+OAkeOAkOOCpuOCqeODrOODg+ODiOOAkeOAkOmVt+iyoeW4g+OAkeOAkOODqeOCpuODs+ODieODleOCoeOCueODiuODvOOAkeOAkOacrOmdqeiyoeW4g+OAkeOAkOODluODqeOCpuODs+OAkeOAkOOBneOBruS7luOBruOCq+ODqeODvOOAkeOAkGFtaXRpZeOAkTwvdGQ+PC90cj48L3RhYmxlPjxicj7jgJAg5pqu44KJ44GX44Gu5bm45L6/IOOBj+OCieOBlyDjga4g5bm45L6/IOOBj+OCieOBl+OBruW5uOS+vyDjgJE8IS0t44Kk44OZ44Oz44OI55SoCjxzdHlsZSB0eXBlPSJ0ZXh0L2NzcyI+CnNwYW4udW5pdCB7IGJhY2tncm91bmQ6IHVybChodHRwOi8vaW1hZ2UucmFrdXRlbi5jby5qcC93aWRlMDIvY2FiaW5ldC9wb2ludC8yMDE3MDMyMV9rYWdvLmdpZikgbm8tcmVwZWF0IGxlZnQgdG9wOyB0ZXh0LWluZGVudDoKLTk5OTk7IGRpc3BsYXk6IGJsb2NrOyB3aWR0aDogNDAwOyBoZWlnaHQ6IDI1NDsgbWFyZ2luOjE1cHggMDsgfQo8L3N0eWxlPgo8IS0t44Kk44OZ44Oz44OI55SoLS0+Cgo8IS0t6YCB5paZ54Sh5paZM+WAjQo8c3R5bGUgdHlwZT0idGV4dC9jc3MiPgpzcGFuLnVuaXQgeyBiYWNrZ3JvdW5kOiB1cmwoaHR0cDovL2ltYWdlLnJha3V0ZW4uY28uanAvd2lkZTAyL2NhYmluZXQvcG9pbnQvMjAxNjA5MjktMDEuZ2lmKSBuby1yZXBlYXQgbGVmdCB0b3A7IHRleHQtaW5kZW50OgotOTk5OTsgZGlzcGxheTogYmxvY2s7IHdpZHRoOiA0MDA7IGhlaWdodDogMzAxOyBtYXJnaW46MTVweCAwOyB9Cjwvc3R5bGU+CjwhLS3pgIHmlpnnhKHmlpkz5YCNLS0+Cgo8IS0t44GC44GZ5qW95rC05pucCjxzdHlsZSB0eXBlPSJ0ZXh0L2NzcyI+CnNwYW4udW5pdCB7IGJhY2tncm91bmQ6IHVybChodHRwOi8vaW1hZ2UucmFrdXRlbi5jby5qcC93aWRlMDIvY2FiaW5ldC9wb2ludC80MDAtc3VpeW8tYXN1cmFrdS5naWYpIG5vLXJlcGVhdCBsZWZ0IHRvcDsgdGV4dC1pbmRlbnQ6Ci05OTk5OyBkaXNwbGF5OiBibG9jazsgd2lkdGg6IDQwMDsgaGVpZ2h0OiAxNzU7IG1hcmdpbjoxNXB4IDA7IH0KPC9zdHlsZT4KPCEtLeOBguOBmealveawtOabnC0tPgoKPCEtLeODtOOCo+ODg+OCu+ODq+WLneWIqeOCq+OCtOaoquODkOODiuODvAo8c3R5bGUgdHlwZT0idGV4dC9jc3MiPgpzcGFuLnVuaXQgeyBiYWNrZ3JvdW5kOiB1cmwoaHR0cDovL2ltYWdlLnJha3V0ZW4uY28uanAvd2lkZTAyL2NhYmluZXQvcG9pbnQvMjAxNTA5MTAtMDkuZ2lmKSBuby1yZXBlYXQgbGVmdCB0b3A7IHRleHQtaW5kZW50OgotOTk5OTsgZGlzcGxheTogYmxvY2s7IHdpZHRoOiA0MDA7IGhlaWdodDogMTc1OyBtYXJnaW46MTVweCAwOyB9Cjwvc3R5bGU+CjwhLS3jg7TjgqPjg4Pjgrvjg6vli53liKnjgqvjgrTmqKrjg5Djg4rjg7wtLT4KCgo8IS0t6YCa5bi45pmC44Kr44K05qiq44OQ44OK44O8CjxzdHlsZSB0eXBlPSJ0ZXh0L2NzcyI+CnNwYW4udW5pdCB7IGJhY2tncm91bmQ6IHVybChodHRwOi8vaW1hZ2UucmFrdXRlbi5jby5qcC93aWRlMDIvY2FiaW5ldC9wb2ludC8yMDE2MDMwMy0wMi5naWYpIG5vLXJlcGVhdCBsZWZ0IHRvcDsgdGV4dC1pbmRlbnQ6Ci05OTk5OyBkaXNwbGF5OiBibG9jazsgd2lkdGg6IDQwMDsgaGVpZ2h0OiAzMTE7IG1hcmdpbjoxNXB4IDA7IH0KPC9zdHlsZT4KPCEtLemAmuW4uOaZguOCq+OCtOaoquODkOODiuODvC0tPgoKCgoKPCEtLeiyt+OBhOeJqeOBi+OBlOODnOOCv+ODsy0tPgo8c3R5bGUgdHlwZT0idGV4dC9jc3MiPgoKLyrilrzilrwyMDE3MDIwMei/veiomOOBk+OBk+OBi+OCieKWvOKWvCovCgojcmFrdXRlbkxpbWl0ZWRJZF9hcm91bmRDYXJ0IHNwYW4udW5pdHsKIGZvbnQtc2l6ZToxOHB4OyAvKuW6l+iIl+OBlOOBqOOBq+S7u+aEjyovCiBmb250LXdlaWdodDpib2xkOyAvKuW6l+iIl+OBlOOBqOOBq+S7u+aEjyovCiBoZWlnaHQ6MzBweDsgLyrlupfoiJfjgZTjgajjgavku7vmhI8qLwp9CiAKI3Jha3V0ZW5MaW1pdGVkSWRfYXJvdW5kQ2FydCBpbnB1dCN1bml0cyB7CiBib3JkZXI6c29saWQgNXB4ICNjY2M7IC8q5bqX6IiX44GU44Go44Gr5Lu75oSPKi8KIHdpZHRoOiA1MHB4ICFpbXBvcnRhbnQ7IC8q5bqX6IiX44GU44Go44Gr5Lu75oSPKi8KIGhlaWdodDogNTBweCAhaW1wb3J0YW50OyAvKuW6l+iIl+OBlOOBqOOBq+S7u+aEjyovCiBjdXJzb3I6YXV0bzsKIHRleHQtaW5kZW50OjBweDsgLyrlupfoiJfjgZTjgajjgavku7vmhI8qLwogb3ZlcmZsb3c6aGlkZGVuOwp9CiAKLyoyMDE1LjA3LjEw6L+96KiY44CB5qW95aSp44Gr5LuV5qeY5aSJ5pu044GM44GC44KK44G+44GX44GfKi8KYm9keSBkaXYjcGFnZWJvZHkgI3Jha3V0ZW5MaW1pdGVkSWRfYXJvdW5kQ2FydCBpbnB1dC5yQ2FydEJ0biwKYm9keSBkaXYjcGFnZWJvZHkgI3Jha3V0ZW5MaW1pdGVkSWRfYXJvdW5kQ2FydCBpbnB1dCN1bml0cyArIGlucHV0IHsKIHdpZHRoOiA0MDBweCAhaW1wb3J0YW50OyAvKuW6l+iIl+OBlOOBqOOBq+S7u+aEjyovCiBoZWlnaHQ6IDYwcHggIWltcG9ydGFudDsgLyrlupfoiJfjgZTjgajjgavku7vmhI8qLwogYmFja2dyb3VuZDogdXJsKGh0dHA6Ly9pbWFnZS5yYWt1dGVuLmNvLmpwL3dpZGUvY2FiaW5ldC9iYW5uZXJfZXZlbnQvY2FydC0xLmdpZikgbm8tcmVwZWF0ICFpbXBvcnRhbnQ7IC8q5bqX6IiX44GU44Go44Gr5Lu75oSPKi8KIG92ZXJmbG93OmhpZGRlbiAhaW1wb3J0YW50OwogYm9yZGVyLXdpZHRoOiAwcHggIWltcG9ydGFudDsKIGN1cnNvcjogcG9pbnRlciAhaW1wb3J0YW50OwogdGV4dC1pbmRlbnQ6MTUwJSAhaW1wb3J0YW50OyAvKuW6l+iIl+OBlOOBqOOBq+S7u+aEjyovCiB3aGl0ZS1zcGFjZTpub3dyYXAgIWltcG9ydGFudDsKIG1hcmdpbjo1cHggMCAhaW1wb3J0YW50OyAvKuW6l+iIl+OBlOOBqOOBq+S7u+aEjyovCgogLyrilrLilrIyMDE3MDIwMei/veiomOOBk+OBk+OBvuOBp+KWsuKWsiovCgoKCi8qIOWAi+aVsOWFpeWKm+ashCAqLwrjgIAqaHRtbCAudW5pdHsgcG9zaXRpb246cmVsYXRpdmU7IHRvcDotNXB4O30vKklFKi8K44CAKmh0bWwgaW5wdXQjdW5pdHN7IHBvc2l0aW9uOnJlbGF0aXZlOyB0b3A6LTVweDsgaGVpZ2h0OjMwcHg7IG92ZXJmbG93OmhpZGRlbjt9LypJRSovCmlucHV0I3VuaXRzeyAKZm9udC13ZWlnaHQ6IG5vcm1hbCAhaW1wb3J0YW50Owpib3JkZXI6c29saWQgIzk5OTk5OSAxcHggIWltcG9ydGFudDsgCmJhY2tncm91bmQ6I2ZmZiAhaW1wb3J0YW50OyAKd2lkdGg6IDM1cHggIWltcG9ydGFudDsgCmhlaWdodDogNDBweCAhaW1wb3J0YW50OwpwYWRkaW5nOjEwcHggIWltcG9ydGFudDsgCmN1cnNvcjphdXRvICFpbXBvcnRhbnQ7CmNvbG9yOiMwMDAwMDAgIWltcG9ydGFudDsKfQoKCi8q4pa86aCF55uu6IOM5pmv6Imy6Kit5a6aKi8Kc3Bhbi5jaG9pY2V7CiAgZGlzcGxheTpibG9jazsKICB3aWR0aDozNTBweDsKICBiYWNrZ3JvdW5kOiNGRkNDQ0M7CiAgcGFkZGluZzo1cHg7CiAgbWFyZ2luOjVweCAwIDVweCAwOwp9Ci8q4pay6aCF55uu6IOM5pmv6Imy6Kit5a6aKi8KCgovKiDjgYrosrfjgYTnianjgYvjgZTjg5zjgr/jg7Pjga7lpKfjgY3jgZUgKi8KaW5wdXRbdHlwZT0ic3VibWl0Il17IApiYWNrZ3JvdW5kOiB1cmwoaHR0cDovL2ltYWdlLnJha3V0ZW4uY28uanAvd2lkZS9jYWJpbmV0L2ljb24vY2FydC1pbi1yMV8wMS5naWYpIG5vLXJlcGVhdDsKd2lkdGg6IDQwMHB4OyBoZWlnaHQ6IDg4OwovKiBib3JkZXI6c29saWQgI2QyZDJkMiAxcHg7ICovCmJvcmRlcjogbm9uZTsKcGFkZGluZzoxN3B4IDhweCAxN3B4IDM1cHg7Ci8qbWFyZ2luOjEwcHggMDsqLwpjdXJzb3I6cG9pbnRlcjsKY29sb3I6I2ZmZmZmZjsKZm9udC1zaXplOjI1cHg7CmxldHRlci1zcGFjaW5nOi4xZW07CmZvbnQtd2VpZ2h0OmJvbGQ7CmZvbnQtZmFtaWx5OiLjg6HjgqTjg6rjgqoiLE1laXJ5bywi44OS44Op44Ku44OO6KeS44K0IFBybyBXMyIsIkhpcmFnaW5vIEtha3UgR290aGljIFBybyIsIkhpcmFLYWt1UHJvLVczIiwi77yt77yzIO+8sOOCtOOCt+ODg+OCryIsIk1TIFBHb3RoaWMiLEFyaWFsLCBIZWx2ZXRpY2Esc2Fucy1zZXJpZiAhaW1wb3J0YW50Owp9CgovKiDjgq3jg6Pjg4Pjg4HjgrPjg5Tjg7zkuIrpg6jjgavjg6njg5njg6vjgYzjgaTjgY8gKi8Kc3Bhbi5jYXRjaF9jb3B5OmJlZm9yZSB7CiAgICBjb250ZW50OiAi4pa85pys5pel44Gu44GK6LK344GE5b6X44Ki44Kk44OG44OgIeKWvCI7IC8q44Op44OZ44Or5YaF44Gu5paH6KiAKi8KICAgIHdpZHRoOiA0MzBweDsgLyrjg6njg5njg6vjga7jgrXjgqTjgroqLwogICAgYmFja2dyb3VuZC1jb2xvcjogI0ZGMDAwMDsgLyrjg6njg5njg6vjga7oibIqLwogICAgZm9udC1zaXplOiAyMHB4OwogICAgY29sb3I6ICNmZmY7CiAgICB0ZXh0LWFsaWduOiBjZW50ZXI7CiAgICBkaXNwbGF5OiBibG9jazsKICAgIHBhZGRpbmc6IDFweCA0cHg7CiAgICBtYXJnaW4tYm90dG9tOiA0cHg7CiAgICBib3JkZXItcmFkaXVzOiAycHg7CiAgICBjbGVhcjogYm90aDsKfQoKLyog44CM5ZWG5ZOB44Gr44Gk44GE44Gm44Gu5ZWP44GE5ZCI44KP44Gb44CN44Oc44K/44Oz44Gu5aSn44GN44GVKi8KZm9udCBpbnB1dHsKYmFja2dyb3VuZDogdXJsKCkgI2Y1ZjVmNSBuby1yZXBlYXQgNXB4IDVweCAhaW1wb3J0YW50OyAKZm9udC1zaXplOjExcHggIWltcG9ydGFudDsgCm1hcmdpbi1ib3R0b206MTBweCAhaW1wb3J0YW50OwpwYWRkaW5nOjVweCA2cHggNnB4IDE1cHggIWltcG9ydGFudDsgCnBvc2l0aW9uOnJlbGF0aXZlICFpbXBvcnRhbnQ7CnotaW5kZXg6MiAhaW1wb3J0YW50Owpib3JkZXI6c29saWQgI2QyZDJkMiAxcHggIWltcG9ydGFudDsKY29sb3I6IzMzMzMzMyAhaW1wb3J0YW50OwpsZXR0ZXItc3BhY2luZzowLjJlbSAhaW1wb3J0YW50Owp3aWR0aDogMTkwcHggIWltcG9ydGFudDsKaGVpZ2h0OiAzNXB4ICFpbXBvcnRhbnQ7CgogCgphOmhvdmVyIHsKCXBvc2l0aW9uOiByZWxhdGl2ZTsKCXdpZHRoOiBhdXRvOwoJdG9wOiAxcHg7CglsZWZ0OiAxcHg7Cgl0ZXh0LWRlY29yYXRpb246IG5vbmU7Cn0KYTpob3ZlciBpbWcgewoJZmlsdGVyOiBhbHBoYShzdHlsZT0wLCBvcGFjaXR5PTkwKTsKfQppbWcgewoJYm9yZGVyOiAwOwp9CiNoZWRtZW51IGE6aG92ZXIgewoJcG9zaXRpb246IHJlbGF0aXZlOwoJd2lkdGg6IGF1dG87Cgl0b3A6IDBweDsKCWxlZnQ6IDBweDsKCXRleHQtZGVjb3JhdGlvbjogbm9uZTsKfQojaGVkX3NlYXJjaCB0ZCB7Cglmb250LXNpemU6IDEwcHg7CglsaW5lLWhlaWdodDogMTRweDsKCWNvbG9yOiAjREMzODQzOwp9CiNoZWFkV3JhcCB7CgltYXJnaW46IDBweDsKCXdpZHRoOiA5MzBweDsKCXBhZGRpbmctdG9wOiAxMHB4OwoJcGFkZGluZy1yaWdodDogMTBweDsKCXBhZGRpbmctYm90dG9tOiAxMHB4OwoJcGFkZGluZy1sZWZ0OiAyMDBweDsKfQoKYXsvKuODquODs+OCr+OBleOCjOOBn+aWh+WtlyovCiAgICBjb2xvcjojMzMzMzMzOwogICAgZm9udC1zdHlsZTpub3JtYWw7CiAgICB0ZXh0LWRlY29yYXRpb246dW5kZXJsaW5lOwp9CmE6bGluayB7LyrmnKroqKrllY/jga7jg6rjg7Pjgq8qLwogICAgY29sb3I6IzMzMzMzMzsKICAgIGZvbnQtc3R5bGU6bm9ybWFsOwogICAgdGV4dC1kZWNvcmF0aW9uOnVuZGVybGluZTsKfQoKYTp2aXNpdGVkIHsvKuioquWVj+W+jOOBruODquODs+OCryovCiAgICBjb2xvcjojZmYwMDAwOwogICAgdGV4dC1kZWNvcmF0aW9uOnVuZGVybGluZTsKfQphOmhvdmVyIHsvKuODnuOCpuOCueOCkuOBruOBm+OBn+OBqOOBjSovCiAgICBjb2xvcjojMDA5RkU4OwogICAgZm9udC1zdHlsZTpub3JtYWw7CiAgICB0ZXh0LWRlY29yYXRpb246dW5kZXJsaW5lOwp9CmE6YWN0aXZlIHsvKuOCr+ODquODg+OCr+S4rSovCiAgICB0ZXh0LWRlY29yYXRpb246bm9uZTsKfQoKLS0+Cjwvc3R5bGU+CgoKPHN0eWxlIHR5cGU9InRleHQvY3NzIj4KPCEtLSAKCWEgaW1nIHsKCS13ZWJraXQtdHJhbnNpdGlvbjogMC4zcyBlYXNlLWluLW91dDsKCS1tb3otdHJhbnNpdGlvbjogMC4zcyBlYXNlLWluLW91dDsKCS1vLXRyYW5zaXRpb246IDAuM3MgZWFzZS1pbi1vdXQ7Cgl0cmFuc2l0aW9uOiAwLjNzIGVhc2UtaW4tb3V0Owp9CmE6aG92ZXIgaW1nIHsKCW9wYWNpdHk6IDAuNjsKCWZpbHRlcjogYWxwaGEob3BhY2l0eT02MCk7Cn0KLS0+Cjwvc3R5bGU+CgoKPCEtLeaknOe0ouOCreODvOODr+ODvOODiS0tPgo8c3R5bGUgdHlwZT0idGV4dC9jc3MiPgo8IS0tCgpkaXYjSGVhZGVyS2V5d29yZCB7Cglwb3NpdGlvbjphYnNvbHV0ZTsKCXRvcDo1MHB4Oy8q5LiA55Wq5LiK44GL44KJ44Gu5L2N572uKi8KCWxlZnQ6MzBweDsvKuW3puerr+OBi+OCieOBruS9jee9riovCn0KCmRpdiNIZWFkZXJLZXl3b3JkIHNwYW4gewoJYmFja2dyb3VuZDogI2JmMDAwMDsKCWNvbG9yOiNmZmY7Cglmb250LXdlaWdodDpib2xkOwoJcGFkZGluZzoycHggNXB4Owp9CgpkaXYjSGVhZGVyS2V5d29yZCBhIHsKCWNvbG9yOiMwMDQ0Q0M7Cn0KCi0tPgo8L3N0eWxlPgoKCjwhLS3mlrDllYblk4HjgZPjgZPjgYvjgoktLT4KPHRhYmxlIHdpZHRoPSI4MDAiIGJvcmRlcj0iMCIgY2VsbHNwYWNpbmc9IjAiIGNlbGxwYWRkaW5nPSIwIj4KICA8dHI+CiAgICA8dGQ+PHRhYmxlIHdpZHRoPSI3ODUiIGJvcmRlcj0iMCIgY2VsbHBhZGRpbmc9IjAiPgogIDx0cj4KICAgIDx0ZD48aW1nIHNyYz0iaHR0cDovL2ltYWdlLnJha3V0ZW4uY28uanAvd2lkZS9jYWJpbmV0L2ljb24vbGluZV9uZXdpdGVtLmdpZiIgd2lkdGg9Ijc1OCI+PC90ZD4KICA8L3RyPgogIDx0cj4KICAgIDx0ZD48L3RkPgo8L3RyPgo8L3RhYmxlPjwvdGQ+CiAgPC90cj48L3RhYmxlPgo8Y2VudGVyPjxmb250IHNpemU9IjEiIGNvbG9yPSIjNjY2NjY2Ij48Yj48YnI+77y877yPPGJyPjxicj48L2I+PC9mb250PjwvY2VudGVyPgo8dGFibGUgd2lkdGg9Ijc4NSIgYmdjb2xvcj0iIzI2Y2ZmZiIgY2VsbHNwYWNpbmc9IjEwIiBjZWxscGFkZGluZz0iNSI+Cjx0cj48dGQgd2lkdGg9IjEwMCUiIGFsaWduPSJjZW50ZXIiPjxmb250IHNpemU9IjMiIGNvbG9yPSIjRkZGRkZGIj48Yj5ORVfjgqLjgqTjg4bjg6DjgpJDSEVDSyDiias8L2I+PC9mb250PjwvdGQ+PC90cj48L3RhYmxlPgogIDwhLS3mlrDllYblk4HjgZPjgZPjgb7jgactLT4KICAKPGJyPgo8aHIgd2lkdGg9IjgwMCIgY29sb3I9IiNmNmY2ZjYiPjxmb250IHNpemU9IjEiPjxicj48L2ZvbnQ+PGhyIHdpZHRoPSI4MDAiIGNvbG9yPSIjZjZmNmY2Ij4KCgo8IS0t4pa84pa8TkVX44Ki44Kk44OG44Og44GT44GT44GL44KJ4pa84pa8CuOAgDxicj4KPCEtLeKWsuKWsk5FV+OCouOCpOODhuODoOOBk+OBk+OBvuOBp+KWsuKWsi0tPgoKCjwvY2VudGVyPjwvdGQ+PC90cj48L3RhYmxlPgo8IS0tIOKWslNBTEXjgqjjg7Pjg4jjg6rjg7zjg5Djg4rjg7wgLS0+,44CQ6YCB5paZ54Sh5paZ44CR44Ki44Of44OG44Kj44KoQU1ULTEwMyDosqHluIMg44Os44OH44Kj44O844K5IOmVt+iyoeW4gyDjg6njgqbjg7Pjg4njg5XjgqHjgrnjg4rjg7wgYW1pdGllIGFtaXR5IOOCouODn+ODhuOCo+OCqCDjgqLjg5/jg4bjgqPjg7zkurrmsJfjga7plbfosqHluIMg44Op44Km44Oz44OJ44OV44Kh44K544OK44O8IOODreODr+ODvOODq+mdqSDml6XmnKzoo70g5Zu955SjIOODl+ODrOOCvOODs+ODiCDotIjjgorniakg6LKh5biDIOOCpuOCqeODrOODg+ODiCDjg6zjg4fjgqPjg7zjgrkg6ZW36LKh5biDIOODm+ODr+OCpOODiOODh+ODvCDjg5fjg6zjgrvjg7Pjg4gg5q+N44Gu5pelIOOCruODleODiO+8muOBhOOBpOOCguOCt+ODp+ODg+ODlw==,44OY44Ki44Ki44Kk44Ot44Oz44K544OI44Os44O844OI44Ki44Kk44Ot44Oz44Ki44Ky44OE44OkIOODmOOCouOCouOCpOODreODs+ODmOOCouOCouOCpOODreODsyDjgrnjg4jjg6zjg7zjg4jjgrnjg4jjg6zjg7zjg4jjgqLjgqTjg63jg7Plj6PjgrPjg5/kvb/jgYTmlrnpgJrosqnjg5jjgqLjg7zjgqLjgqTjg63jg7PnnJ/nqbrjg5Hjg4Pjgq/jg7PjgqLjgrLjg4Tjg6TjgqLjgqTjg63jg7Ppm7vli5Xmra/jg5bjg6njgrfpn7Pms6Lmra/jg5bjg6njgrfnnJ/nqbrjgbHjgaPjgY/jgpPnnJ/nqbrjg5Hjg4Pjgq/jgIDlrrbluq3nlKjnnJ/nqbrjg5Hjg4Pjgq/jgpPosqHluIPjg6Hjg7Pjgrrjg6Hjg7PjgrrosqHluIPmmq7jgonjgZfjga7lubjkvr/jgJDpgIHmlpnnhKHmlpnjgJHjgqLjg5/jg4bjgqPjgqhBTVQtMTAzIOiyoeW4gyDjg6zjg4fjgqPjg7zjgrkg6ZW36LKh5biDIOODqeOCpuODs+ODieODleOCoeOCueODiuODvCBhbWl0aWUgYW1pdHkg44Ki44Of44OG44Kj44KoIOOCouODn+ODhuOCo+ODvOS6uuawl+OBrumVt+iyoeW4gyDjg6njgqbjg7Pjg4njg5XjgqHjgrnjg4rjg7wg44Ot44Ov44O844Or6Z2pIOaXpeacrOijvSDlm73nlKMg44OX44Os44K844Oz44OIIOi0iOOCiueJqSDosqHluIMg44Km44Kp44Os44OD44OIIOODrOODh+OCo+ODvOOCuSDplbfosqHluIMg44Ob44Ov44Kk44OI44OH44O8IOODl+ODrOOCu+ODs+ODiCDmr43jga7ml6Ug44Ku44OV44OI,5Lq65rCX44Gu6ZW36LKh5biDIOODqeOCpuODs+ODieODleOCoeOCueODiuODvCDjg63jg6/jg7zjg6vpnakg5pel5pys6KO9IOWbveeUo+OAguOAkOmAgeaWmeeEoeaWmeOAkeOCouODn+ODhuOCo+OCqEFNVC0xMDMg6LKh5biDIOODrOODh+OCo+ODvOOCuSDplbfosqHluIMg44Op44Km44Oz44OJ44OV44Kh44K544OK44O8IGFtaXRpZSBhbWl0eSDjgqLjg5/jg4bjgqPjgqgg44Ki44Of44OG44Kj44O85Lq65rCX44Gu6ZW36LKh5biDIOODqeOCpuODs+ODieODleOCoeOCueODiuODvCDjg63jg6/jg7zjg6vpnakg5pel5pys6KO9IOWbveeUoyDjg5fjg6zjgrzjg7Pjg4gg6LSI44KK54mpIOiyoeW4gyDjgqbjgqnjg6zjg4Pjg4gg44Os44OH44Kj44O844K5IOmVt+iyoeW4gyDjg5vjg6/jgqTjg4jjg4fjg7wg44OX44Os44K744Oz44OIIOavjeOBruaXpSDjgq7jg5Xjg4g=[rn]
39-76494,aHR0cDovL3RzaG9wLnIxMHMuanAvd2lkZS9jYWJpbmV0L3BuNjAwMDAtMTEvNjUwNzcuanBnP2ZpdGluPTcwMDo3MDA=,MTY0NTYuODAwMA==,,44OQ44OD44Kw44O75bCP54mp44O744OW44Op44Oz44OJ6ZuR6LKoID4g6LKh5biD44O744Kx44O844K5ID4g44Os44OH44Kj44O844K56LKh5biD,4piF6YCB5paZ54Sh5paZ4piF5pel5pys6KO9IOOCouODn+ODhuOCo+OCqEFNVC03MDEg6LKh5biDIOODrOODh+OCo+ODvOOCuSDplbfosqHluIMg44Op44Km44Oz44OJ44OV44Kh44K544OK44O8YW1pdGllIGFtaXR5IOS6uuawl+OBrumVt+iyoeW4gyDjg6njgqbjg7Pjg4njg5XjgqHjgrnjg4rjg7wg44Ot44Ov44O844Or6Z2pIOWbveeUoyDjg4/jg7Pjg4njg6HjgqTjg4kg44OR44K544OG44Or44Kr44Op44O8IOODl+ODrOOCvOODs+ODiCDjgqLjg5/jg4bjgqPjg7wg6KqV55Sf5pelIOOCpuOCqeODrOODg+ODiCDjg6zjg4fjgqPjg7zjgrkg6ZW36LKh5biDIOODm+ODr+OCpOODiOODh+ODvCDmr43jga7ml6Ug44Ku44OV44OI,5Lq65rCX44Gu6ZW36LKh5biDIOODqeOCpuODs+ODieODleOCoeOCueODiuODvCDjg63jg6/jg7zjg6vpnakg5pel5pys6KO9IOWbveeUow==,PHRhYmxlIHdpZHRoPSI2MDAiIGNlbGxzcGFjaW5nPSIwIiBjZWxscGFkZGluZz0iMCIgYm9yZGVyPSIwIj48dHI+PHRkIGFsaWduPSJjZW50ZXIiPjwhLS3jgrPjgrPjgYvjgonllYblk4Hjg5rjg7zjgrgtLT48Y2VudGVyPjxpbWcgc3JjPSJodHRwOi8vaW1hZ2UucmFrdXRlbi5jby5qcC93aWRlL2NhYmluZXQvcG42MDAwMC0xMS82NTA3Ny0wMC0wMS5qcGciIHdpZHRoPSI2MDAiIGhlaWdodD0iNDI4Ij48YnI+PGltZyBzcmM9Imh0dHA6Ly9pbWFnZS5yYWt1dGVuLmNvLmpwL3dpZGUvY2FiaW5ldC9wbjYwMDAwLTExLzY1MDc3LTAwLTAyLmpwZyIgd2lkdGg9IjYwMCIgaGVpZ2h0PSI1ODYiPjxicj48aW1nIHNyYz0iaHR0cDovL2ltYWdlLnJha3V0ZW4uY28uanAvd2lkZS9jYWJpbmV0L3BuNjAwMDAtMTEvNjUwNzctMDAtMDMuanBnIiB3aWR0aD0iNjAwIiBoZWlnaHQ9IjMwOCI+PGJyPjxpbWcgc3JjPSJodHRwOi8vaW1hZ2UucmFrdXRlbi5jby5qcC93aWRlL2NhYmluZXQvcG42MDAwMC0xMS82NTA3Ny0wMC0wNC5qcGciIHdpZHRoPSI2MDAiIGhlaWdodD0iMjgzIj48YnI+PGltZyBzcmM9Imh0dHA6Ly9pbWFnZS5yYWt1dGVuLmNvLmpwL3dpZGUvY2FiaW5ldC9wbjYwMDAwLTExLzY1MDc3LTAwLTA1LmpwZyIgd2lkdGg9IjYwMCIgaGVpZ2h0PSI0NDkiPjxicj48aW1nIHNyYz0iaHR0cDovL2ltYWdlLnJha3V0ZW4uY28uanAvd2lkZS9jYWJpbmV0L3BuNjAwMDAtMTEvNjUwNzctMDAtMDYuanBnIiB3aWR0aD0iNjAwIiBoZWlnaHQ9IjQyNCI+PGJyPjxpbWcgc3JjPSJodHRwOi8vaW1hZ2UucmFrdXRlbi5jby5qcC93aWRlL2NhYmluZXQvcG42MDAwMC0xMS82NTA3Ny0wMC0wNy5qcGciIHdpZHRoPSI2MDAiIGhlaWdodD0iNDE2Ij48YnI+PGltZyBzcmM9Imh0dHA6Ly9pbWFnZS5yYWt1dGVuLmNvLmpwL3dpZGUvY2FiaW5ldC9wbjYwMDAwLTExLzY1MDc3LTAwLTA4LmpwZyIgd2lkdGg9IjYwMCIgaGVpZ2h0PSI0MTciPjxicj48aW1nIHNyYz0iaHR0cDovL2ltYWdlLnJha3V0ZW4uY28uanAvd2lkZS9jYWJpbmV0L3BuNjAwMDAtMTEvNjUwNzctMDAtMDkuanBnIiB3aWR0aD0iNjAwIiBoZWlnaHQ9IjQyMCI+PGJyPjxpbWcgc3JjPSJodHRwOi8vaW1hZ2UucmFrdXRlbi5jby5qcC93aWRlL2NhYmluZXQvcG42MDAwMC0xMS82NTA3Ny0wMC0xMC5qcGciIHdpZHRoPSI2MDAiIGhlaWdodD0iNDE0Ij48YnI+PGltZyBzcmM9Imh0dHA6Ly9pbWFnZS5yYWt1dGVuLmNvLmpwL3dpZGUvY2FiaW5ldC9wbjYwMDAwLTExLzY1MDc3LTAwLTExLmpwZyIgd2lkdGg9IjYwMCIgaGVpZ2h0PSI0NjIiPjxicj48aW1nIHNyYz0iaHR0cDovL2ltYWdlLnJha3V0ZW4uY28uanAvd2lkZS9jYWJpbmV0L3BuNjAwMDAtMTEvNjUwNzctMDAtMTIuanBnIiB3aWR0aD0iNjAwIiBoZWlnaHQ9IjU4MCI+PGJyPjxpbWcgc3JjPSJodHRwOi8vaW1hZ2UucmFrdXRlbi5jby5qcC93aWRlL2NhYmluZXQvcG42MDAwMC0xMS82NTA3Ny0wMC0xMy5qcGciIHdpZHRoPSI2MDAiIGhlaWdodD0iNTg1Ij48YnI+PGltZyBzcmM9Imh0dHA6Ly9pbWFnZS5yYWt1dGVuLmNvLmpwL3dpZGUvY2FiaW5ldC9wbjYwMDAwLTEyLzY1MDc3LTAwLTE0LmpwZyIgd2lkdGg9IjYwMCIgaGVpZ2h0PSIzMjYiPjwvY2VudGVyPjxicj48dGFibGUgd2lkdGg9IjYwMCIgYm9yZGVyPSIwIiBjZWxscGFkZGluZz0iMyIgY2VsbHNwYWNpbmc9IjEiIGJnY29sb3I9IiM2NjY2NjYiIGFsaWduPSJjZW50ZXIiPjx0ciBiZ2NvbG9yPSIjRkZGRkZGIj48dGQgY29sc3Bhbj0iMiIgYmdjb2xvcj0iI0NDQ0NDQyIgYWxpZ249ImNlbnRlciI+PGZvbnQgY29sb3I9IiM2NjY2NjYiIHNpemU9IjIiPuOCouODn+ODhuOCo+OCqEFNVC03MDE8L2ZvbnQ+PC90ZD48L3RyPjx0ciBiZ2NvbG9yPSIjRkZGRkZGIj48dGQgYmdjb2xvcj0iI2VlZWVlZSIgd2lkdGg9IjEwMCI+PGZvbnQgY29sb3I9IiM2NjY2NjYiIHNpemU9IjIiPuOCteOCpOOCuijntIQpPC9mb250PjwvdGQ+PHRkIHdpZHRoPSI1MDAiPjxmb250IGNvbG9yPSIjNjY2NjY2IiBzaXplPSIyIj7mqKrluYUxOTXDl+e4pjEwMMOX5Y6a44G/MjBtbTwvZm9udD48L3RkPjwvdHI+PHRyPjx0ZCBiZ2NvbG9yPSIjZWVlZWVlIiB3aWR0aD0iMTAwIj48Zm9udCBjb2xvcj0iIzY2NjY2NiIgc2l6ZT0iMiI+6YeN6YePKOe0hCk8L2ZvbnQ+PC90ZD48dGQgd2lkdGg9IjUwMCIgYmdjb2xvcj0iI0ZGRkZGRiI+PGZvbnQgY29sb3I9IiM2NjY2NjYiIHNpemU9IjIiPjIwMGc8L2ZvbnQ+PC90ZD48L3RyPjx0cj48dGQgd2lkdGg9IjEwMCIgYmdjb2xvcj0iI2VlZWVlZSI+PGZvbnQgY29sb3I9IiM2NjY2NjYiIHNpemU9IjIiPuijvemAoOWbvTwvZm9udD48L3RkPjx0ZCB3aWR0aD0iNTAwIiBiZ2NvbG9yPSIjRkZGRkZGIj48Zm9udCBjb2xvcj0iIzY2NjY2NiIgc2l6ZT0iMiI+5pel5pysPC9mb250PjwvdGQ+PC90cj48dHI+PHRkIGJnY29sb3I9IiNlZWVlZWUiPjxmb250IGNvbG9yPSIjNjY2NjY2IiBzaXplPSIyIj7jgqvjg6njg7w8L2ZvbnQ+PC90ZD48dGQgYmdjb2xvcj0iI0ZGRkZGRiI+PGZvbnQgY29sb3I9IiM2NjY2NjYiIHNpemU9IjIiPuODlOODs+OCr+OAgeOCreODo+ODoeODq+OAgeODm+ODr+OCpOODiOOAgeODnuODreODs+OAgeODrOODg+ODieOAgeODluODqeODg+OCr+OAgeODluODq+ODvDwvZm9udD48L3RkPjwvdHI+PHRyPjx0ZCB3aWR0aD0iMTAwIiBiZ2NvbG9yPSIjZWVlZWVlIj48Zm9udCBjb2xvcj0iIzY2NjY2NiIgc2l6ZT0iMiI+5LuV5qeYPC9mb250PjwvdGQ+PHRkIHdpZHRoPSI1MDAiIGJnY29sb3I9IiNGRkZGRkYiPjxmb250IGNvbG9yPSIjNjY2NjY2IiBzaXplPSIyIj5b57Sg5p2QXeODreODr+ODvOODq+mdqeS9v+eUqOOAgeOBiuacreWFpeOCjMOXM+OAgeODleOCoeOCueODiuODvOS7mOOBjeWwj+mKreWFpeOCjMOXMeOAgeOCq+ODvOODieWFpeOCjMOXMTLjgIHjgrXjgqTjg4njg53jgrHjg4Pjg4jDlzI8YnI+ICAgIDxmb250IGNvbG9yPSIjRkYwMDAwIj7igLvlpKnnhLbnmq7pnanjgpLkvb/nlKjjgZfjgabjgYTjgb7jgZnjga7jgafjgIHlpJrlsJHjga7jgq3jgrrjga7jgojjgYbjgarjgoLjga7jgYznlJ/jgZjjgb7jgZnjgYzjgI7jgq3jgrrjgoTkuI3oia/jgI/jgafjga/jgarjgY/jgIHpnanmnKzmnaXjga7poqjlkIjjgYTjgajjgZfjgablronlv4PjgZfjgabjgYrmpb3jgZfjgb/kuIvjgZXjgYTjgb7jgZvjgII8L2ZvbnQ+PC9mb250PjwvdGQ+PC90cj48L3RhYmxlPjwhLS3jgrPjgrPjgb7jgafllYblk4Hjg5rjg7zjgrgtLT48YnI+PGJyPjx0YWJsZSB3aWR0aD0iNjAwIiBjZWxsc3BhY2luZz0iMCIgY2VsbHBhZGRpbmc9IjAiIGJvcmRlcj0iMCI+PHRyPjx0ZCBhbGlnbj0iY2VudGVyIj48aW1nIHNyYz0iaHR0cDovL2ltYWdlLnJha3V0ZW4uY28uanAvd2lkZS9jYWJpbmV0L3RhZy9zYWlmdV9iYW5hLmdpZiIgYm9yZGVyPSIwIj48L3RkPjwvdHI+PC90YWJsZT48dGFibGUgd2lkdGg9IjYwMCIgY2VsbHNwYWNpbmc9IjAiIGNlbGxwYWRkaW5nPSIwIiBib3JkZXI9IjAiPjx0cj48dGQgYWxpZ249ImNlbnRlciI+PGEgaHJlZj0iaHR0cDovL3NlYXJjaC5yYWt1dGVuLmNvLmpwL3NlYXJjaC9pbnNob3AtbWFsbC8lRTMlODAlOTAlRTMlODMlQTElRTMlODMlQjMlRTMlODIlQkElRTglQjIlQTElRTUlQjglODMlRTMlODAlOTEvLS9mLjMtcC4xLXMuMS1zZi4wLXNpZC4xOTA5NTAtc3QuQS12LjMiPjxpbWcgc3JjPSJodHRwOi8vaW1hZ2UucmFrdXRlbi5jby5qcC93aWRlL2NhYmluZXQvdGFnL3NhaWZ1X2tlbnNha3UxLmdpZiIgYm9yZGVyPSIwIj48L2E+PC90ZD48dGQgYWxpZ249ImNlbnRlciI+PGEgaHJlZj0iaHR0cDovL3NlYXJjaC5yYWt1dGVuLmNvLmpwL3NlYXJjaC9pbnNob3AtbWFsbC8lRTMlODAlOTAlRTMlODMlQUMlRTMlODMlODclRTMlODIlQTMlRTMlODMlQkMlRTMlODIlQjklRTglQjIlQTElRTUlQjglODMlRTMlODAlOTEvLS9mLjMtcC4xLXMuMS1zZi4wLXNpZC4xOTA5NTAtc3QuQS12LjMiPjxpbWcgc3JjPSJodHRwOi8vaW1hZ2UucmFrdXRlbi5jby5qcC93aWRlL2NhYmluZXQvdGFnL3NhaWZ1X2tlbnNha3UyLmdpZiIgYm9yZGVyPSIwIj48L2E+PC90ZD48L3RyPjx0cj48dGQgYWxpZ249ImNlbnRlciI+PGEgaHJlZj0iaHR0cDovL3NlYXJjaC5yYWt1dGVuLmNvLmpwL3NlYXJjaC9pbnNob3AtbWFsbC8lRTMlODAlOTAlRTklOTUlQjclRTglQjIlQTElRTUlQjglODMlRTMlODAlOTEvLS9mLjMtcC4xLXMuMS1zZi4wLXNpZC4xOTA5NTAtc3QuQS12LjMiPjxpbWcgc3JjPSJodHRwOi8vaW1hZ2UucmFrdXRlbi5jby5qcC93aWRlL2NhYmluZXQvdGFnL3NhaWZ1X2tlbnNha3UzLmdpZiIgYm9yZGVyPSIwIj48L2E+PC90ZD48dGQgYWxpZ249ImNlbnRlciI+PGEgaHJlZj0iaHR0cDovL3NlYXJjaC5yYWt1dGVuLmNvLmpwL3NlYXJjaC9pbnNob3AtbWFsbC8lRTMlODAlOTAlRTQlQkElOEMlRTMlODElQTQlRTYlOEElOTglRTMlODIlOEElRTglQjIlQTElRTUlQjglODMlRTMlODAlOTEvLS9mLjMtcC4xLXMuMS1zZi4wLXNpZC4xOTA5NTAtc3QuQS12LjMiPjxpbWcgc3JjPSJodHRwOi8vaW1hZ2UucmFrdXRlbi5jby5qcC93aWRlL2NhYmluZXQvdGFnL3NhaWZ1X2tlbnNha3U0LmdpZiIgYm9yZGVyPSIwIj48L2E+PC90ZD48L3RyPjx0cj48dGQgYWxpZ249ImNlbnRlciI+PGEgaHJlZj0iaHR0cDovL3NlYXJjaC5yYWt1dGVuLmNvLmpwL3NlYXJjaC9pbnNob3AtbWFsbC8lRTMlODAlOTAlRTQlQjglODklRTMlODElQTQlRTYlOEElOTglRTMlODIlOEElRTglQjIlQTElRTUlQjglODMlRTMlODAlOTEvLS9mLjMtcC4xLXMuMS1zZi4wLXNpZC4xOTA5NTAtc3QuQS12LjMiPjxpbWcgc3JjPSJodHRwOi8vaW1hZ2UucmFrdXRlbi5jby5qcC93aWRlL2NhYmluZXQvdGFnL3NhaWZ1X2tlbnNha3U1LmdpZiIgYm9yZGVyPSIwIj48L2E+PC90ZD48dGQgYWxpZ249ImNlbnRlciI+PGEgaHJlZj0iaHR0cDovL3NlYXJjaC5yYWt1dGVuLmNvLmpwL3NlYXJjaC9pbnNob3AtbWFsbC8lRTMlODAlOTAlRTUlQjAlOEYlRTklOEElQUQlRTUlODUlQTUlRTMlODIlOEMlRTMlODAlOTEvLS9mLjMtcC4xLXMuMS1zZi4wLXNpZC4xOTA5NTAtc3QuQS12LjMiPjxpbWcgc3JjPSJodHRwOi8vaW1hZ2UucmFrdXRlbi5jby5qcC93aWRlL2NhYmluZXQvdGFnL3NhaWZ1X2tlbnNha3U2LmdpZiIgYm9yZGVyPSIwIj48L2E+PC90ZD48L3RyPjwvdGFibGU+PC90ZD48L3RyPjwvdGFibGU+CgoKPCEtLeKWvOODm+ODr+OCpOODiOODh+ODvGxpbmsKPHRhYmxlIHdpZHRoPSI4MDAiIGJvcmRlcj0iMCIgYWxpZ249ImNlbnRlciI+Cjx0cj48dGQgd2lkdGg9IjEwMCUiIGFsaWduPSJjZW50ZXIiPgo8SUZSQU1FIHNyYz0iaHR0cDovL3d3dy5yYWt1dGVuLm5lLmpwL2dvbGQvd2lkZS9odG1sL3BhZ2VfZm9vZGVyL3doaXRlZGF5LWxpbmsuaHRtbCIgd2lkdGg9IjgwMCIgaGVpZ2h0PSIxNDUwIiBzY3JvbGxpbmc9Im5vIiBtYXJnaW53aWR0aD0iMCIgZnJhbWVib3JkZXI9IjAiPjwvSUZSQU1FPjwvdGQ+CjwvdHI+PC90YWJsZT48YnI+PGJyPjxicj4KPCEtLeKWsuODm+ODr+OCpOODiOODh+ODvGxpbmstLT48dGFibGUgd2lkdGg9IjMwMCIgY2VsbHNwYWNpbmc9IjAiIGNlbGxwYWRkaW5nPSIwIiBib3JkZXI9IjAiPjx0cj48dGQgYWxpZ249ImNlbnRlciI+PGltZyBzcmM9Imh0dHA6Ly9pbWFnZS5yYWt1dGVuLmNvLmpwL3dpZGUvY2FiaW5ldC90b2t1L3JhcHBpbmcuZ2lmIiBhbHQ9IuODqeODg+ODlOODs+OCsOOCouOCpOOCs+ODsyIgd2lkdGg9IjMwMCIgaGVpZ2h0PSI4MiIgYm9yZGVyPSIwIj48L3RkPjwvdHI+PC90YWJsZT48YnI+PHRhYmxlIHdpZHRoPSIzMDAiIGNlbGxzcGFjaW5nPSIwIiBjZWxscGFkZGluZz0iMCIgYm9yZGVyPSIwIj48dHI+PHRkIGFsaWduPSJjZW50ZXIiPjxpbWcgc3JjPSJodHRwOi8vaW1hZ2UucmFrdXRlbi5jby5qcC93aWRlL2NhYmluZXQvc3Avc2l5b3UuZ2lmIiBib3JkZXI9IjAiIGFsdD0i6LKh5biD5qmf6IO95Yil5a++5b+c6KGoIj48L3RkPjwvdHI+PC90YWJsZT48dGFibGUgd2lkdGg9IjMwMCIgY2VsbHNwYWNpbmc9IjAiIGNlbGxwYWRkaW5nPSI1IiBib3JkZXI9IjAiPjx0cj48dGQgYWxpZ249ImNlbnRlciI+PGZvbnQgc2l6ZT0iMiIgY29sb3I9IiM2NjY2NjYiPuKAu+awl+OBq+OBquOCi+apn+iDveOBruOCouOCpOOCs+ODs+OCkuOCr+ODquODg+OCr+OBp+OAgTxicj7lr77lv5zllYblk4HjgYzkuIDopqfjgavjgarjgorjgb7jgZnjgII8L2ZvbnQ+PC90ZD48L3RyPjwvdGFibGU+PHRhYmxlIHdpZHRoPSIzMDAiIGNlbGxzcGFjaW5nPSIwIiBjZWxscGFkZGluZz0iMCIgYm9yZGVyPSIwIj48dHI+PHRkIGFsaWduPSJjZW50ZXIiPjxpbWcgc3JjPSJodHRwOi8vaW1hZ2UucmFrdXRlbi5jby5qcC93aWRlL2NhYmluZXQvdGFnL3NhaWZ1MDAxLmdpZiIgYWx0PSLplbfosqHluIMiIGJvcmRlcj0iMCI+PC90ZD48dGQgYWxpZ249ImNlbnRlciI+PGltZyBzcmM9Imh0dHA6Ly9pbWFnZS5yYWt1dGVuLmNvLmpwL3dpZGUvY2FiaW5ldC90YWcvZ3NhaWZ1MDAyLmdpZiIgYWx0PSLkuozjgaTmipjjgooiIGJvcmRlcj0iMCI+PC90ZD48dGQgYWxpZ249ImNlbnRlciI+PGltZyBzcmM9Imh0dHA6Ly9pbWFnZS5yYWt1dGVuLmNvLmpwL3dpZGUvY2FiaW5ldC90YWcvZ3NhaWZ1MDAzLmdpZiIgYWx0PSLkuInjgaTmipjjgooiIGJvcmRlcj0iMCI+PC90ZD48L3RyPjx0cj48dGQgYWxpZ249ImNlbnRlciI+PGltZyBzcmM9Imh0dHA6Ly9pbWFnZS5yYWt1dGVuLmNvLmpwL3dpZGUvY2FiaW5ldC90YWcvZ3NhaWZ1MDA0LmdpZiIgYWx0PSLlsI/piq3lhaXjgowiIGJvcmRlcj0iMCI+PC90ZD48dGQgYWxpZ249ImNlbnRlciI+PGltZyBzcmM9Imh0dHA6Ly9pbWFnZS5yYWt1dGVuLmNvLmpwL3dpZGUvY2FiaW5ldC90YWcvZ3NhaWZ1MDA1LmdpZiIgYWx0PSLmpbXlsI/osqHluIMiIGJvcmRlcj0iMCI+PC90ZD48dGQgYWxpZ249ImNlbnRlciI+PGltZyBzcmM9Imh0dHA6Ly9pbWFnZS5yYWt1dGVuLmNvLmpwL3dpZGUvY2FiaW5ldC90YWcvZ3NhaWZ1MDA2LmdpZiIgYWx0PSJERUNPUyIgYm9yZGVyPSIwIj48L3RkPjwvdHI+PHRyPjx0ZCBhbGlnbj0iY2VudGVyIj48aW1nIHNyYz0iaHR0cDovL2ltYWdlLnJha3V0ZW4uY28uanAvd2lkZS9jYWJpbmV0L3RhZy9zYWlmdTAwOS5naWYiIGFsdD0i44Op44Km44Oz44OJ44OV44Kh44K544OK44O8IiBib3JkZXI9IjAiPjwvdGQ+PHRkIGFsaWduPSJjZW50ZXIiPjxpbWcgc3JjPSJodHRwOi8vaW1hZ2UucmFrdXRlbi5jby5qcC93aWRlL2NhYmluZXQvdGFnL2dzYWlmdTAxMC5naWYiIGFsdD0iTOWtl+ODleOCoeOCueODiuODvCIgYm9yZGVyPSIwIj48L3RkPjx0ZCBhbGlnbj0iY2VudGVyIj48aW1nIHNyYz0iaHR0cDovL2ltYWdlLnJha3V0ZW4uY28uanAvd2lkZS9jYWJpbmV0L3RhZy9nc2FpZnUwMTEuZ2lmIiBhbHQ9IuOBjOOBvuWPoyIgYm9yZGVyPSIwIj48L3RkPjwvdHI+PHRyPjx0ZCBhbGlnbj0iY2VudGVyIj48aW1nIHNyYz0iaHR0cDovL2ltYWdlLnJha3V0ZW4uY28uanAvd2lkZS9jYWJpbmV0L3RhZy9zYWlmdTAwOC5naWYiIGFsdD0i44Ki44Kz44O844OH44Kj44Kq44OzIiBib3JkZXI9IjAiPjwvdGQ+PHRkIGFsaWduPSJjZW50ZXIiPjxpbWcgc3JjPSJodHRwOi8vaW1hZ2UucmFrdXRlbi5jby5qcC93aWRlL2NhYmluZXQvdGFnL2dzYWlmdTAxMi5naWYiIGFsdD0i44OQ44Kk44Kr44O844K644Km44Kp44Os44OD44OIIiBib3JkZXI9IjAiPjwvdGQ+PHRkIGFsaWduPSJjZW50ZXIiPjxpbWcgc3JjPSJodHRwOi8vaW1hZ2UucmFrdXRlbi5jby5qcC93aWRlL2NhYmluZXQvdGFnL2dzYWlmdTAxMy5naWYiIGFsdD0i6ZaL6YGL6LKh5biDIiBib3JkZXI9IjAiPjwvdGQ+PC90cj48dHI+PHRkIGFsaWduPSJjZW50ZXIiPjxpbWcgc3JjPSJodHRwOi8vaW1hZ2UucmFrdXRlbi5jby5qcC93aWRlL2NhYmluZXQvdGFnL2dzYWlmdTAwNy5naWYiIGFsdD0i5pys6Z2p6LKh5biDIiBib3JkZXI9IjAiPjwvdGQ+PHRkIGFsaWduPSJjZW50ZXIiPjxpbWcgc3JjPSJodHRwOi8vaW1hZ2UucmFrdXRlbi5jby5qcC93aWRlL2NhYmluZXQvdGFnL3NhaWZ1MDE0LmdpZiIgYWx0PSLjgqvjg7zjg4kxMOaemuS7peS4iiIgYm9yZGVyPSIwIj48L3RkPjx0ZCBhbGlnbj0iY2VudGVyIj48aW1nIHNyYz0iaHR0cDovL2ltYWdlLnJha3V0ZW4uY28uanAvd2lkZS9jYWJpbmV0L3RhZy9nc2FpZnUwMTUuZ2lmIiBib3JkZXI9IjAiIGFsdD0i44Kr44O844OJMjDmnprku6XkuIoiPjwvdGQ+PC90cj48dHI+PHRkIGFsaWduPSJjZW50ZXIiPjxpbWcgc3JjPSJodHRwOi8vaW1hZ2UucmFrdXRlbi5jby5qcC93aWRlL2NhYmluZXQvdGFnL2NvbG9yX2JsYWNrLmdpZiIgYWx0PSLjg5bjg6njg4Pjgq8iIGJvcmRlcj0iMCI+PC90ZD48dGQgYWxpZ249ImNlbnRlciI+PGltZyBzcmM9Imh0dHA6Ly9pbWFnZS5yYWt1dGVuLmNvLmpwL3dpZGUvY2FiaW5ldC90YWcvY29sb3JfYnJvd24uZ2lmIiBhbHQ9IuODluODqeOCpuODsyIgYm9yZGVyPSIwIj48L3RkPjx0ZCBhbGlnbj0iY2VudGVyIj48aW1nIHNyYz0iaHR0cDovL2ltYWdlLnJha3V0ZW4uY28uanAvd2lkZS9jYWJpbmV0L3RhZy9jb2xvcl9jYW1lbC5naWYiIGFsdD0i44Kt44Oj44Oh44OrIiBib3JkZXI9IjAiPjwvdGQ+PC90cj48dHI+PHRkIGFsaWduPSJjZW50ZXIiPjxpbWcgc3JjPSJodHRwOi8vaW1hZ2UucmFrdXRlbi5jby5qcC93aWRlL2NhYmluZXQvdGFnL2NvbG9yX290aGVyLmdpZiIgYWx0PSLjgZ3jga7ku5bjga7jgqvjg6njg7wiIGJvcmRlcj0iMCI+PC90ZD48dGQgYWxpZ249ImNlbnRlciI+PGltZyBzcmM9Imh0dHA6Ly9pbWFnZS5yYWt1dGVuLmNvLmpwL3dpZGUvY2FiaW5ldC90YWcvZ3NhaWZ1X3AxMC5naWYiIGFsdD0i44Od44Kk44Oz44OIMTDlgI0iIGJvcmRlcj0iMCI+PC90ZD48dGQgYWxpZ249ImNlbnRlciI+PGltZyBzcmM9Imh0dHA6Ly9pbWFnZS5yYWt1dGVuLmNvLmpwL3dpZGUvY2FiaW5ldC90YWcvc2FpZnVfc291LmdpZiIgYWx0PSLpgIHmlpnnhKHmlpkiIGJvcmRlcj0iMCI+PC90ZD48L3RyPjwvdGFibGU+PGJyPjx0YWJsZSB3aWR0aD0iMzAwIiBib3JkZXI9IjAiIGNlbGxzcGFjaW5nPSIxIiBiZ2NvbG9yPSIjOTk5OTk5IiBjZWxscGFkZGluZz0iMTAiPjx0cj48dGQgYmdjb2xvcj0iI0ZGRkZGRiI+PGZvbnQgc2l6ZT0iMyI+44CQ6LKh5biD44CR44CQ44Km44Kp44Os44OD44OI44CR44CQ6ZW36LKh5biD44CR44CQ44Op44Km44Oz44OJ44OV44Kh44K544OK44O844CR44CQ44Ki44Kz44O844OH44Kj44Kq44Oz44CR44CQ44Kr44O844OJMTDmnprku6XkuIrlj47ntI1PS+OAkeOAkOODluODqeODg+OCr+OAkeOAkOODluODqeOCpuODs+OAkeOAkOOCreODo+ODoeODq+OAkeOAkOOBneOBruS7luOBruOCq+ODqeODvOOAkeOAkOODrOODh+OCo+ODvOOCueiyoeW4g+OAkeOAkOmAgeaWmeeEoeaWmeOAkTwvZm9udD48L3RkPjwvdHI+PC90YWJsZT48YnI+PGJyPuOAkCDmmq7jgonjgZfjga7lubjkvr8g44GP44KJ44GXIOOBriDlubjkvr8g44GP44KJ44GX44Gu5bm45L6/IOOAkTwhLS3jgqTjg5njg7Pjg4jnlKgKPHN0eWxlIHR5cGU9InRleHQvY3NzIj4Kc3Bhbi51bml0IHsgYmFja2dyb3VuZDogdXJsKGh0dHA6Ly9pbWFnZS5yYWt1dGVuLmNvLmpwL3dpZGUwMi9jYWJpbmV0L3BvaW50LzIwMTcwMzIxX2thZ28uZ2lmKSBuby1yZXBlYXQgbGVmdCB0b3A7IHRleHQtaW5kZW50OgotOTk5OTsgZGlzcGxheTogYmxvY2s7IHdpZHRoOiA0MDA7IGhlaWdodDogMjU0OyBtYXJnaW46MTVweCAwOyB9Cjwvc3R5bGU+CjwhLS3jgqTjg5njg7Pjg4jnlKgtLT4KCjwhLS3pgIHmlpnnhKHmlpkz5YCNCjxzdHlsZSB0eXBlPSJ0ZXh0L2NzcyI+CnNwYW4udW5pdCB7IGJhY2tncm91bmQ6IHVybChodHRwOi8vaW1hZ2UucmFrdXRlbi5jby5qcC93aWRlMDIvY2FiaW5ldC9wb2ludC8yMDE2MDkyOS0wMS5naWYpIG5vLXJlcGVhdCBsZWZ0IHRvcDsgdGV4dC1pbmRlbnQ6Ci05OTk5OyBkaXNwbGF5OiBibG9jazsgd2lkdGg6IDQwMDsgaGVpZ2h0OiAzMDE7IG1hcmdpbjoxNXB4IDA7IH0KPC9zdHlsZT4KPCEtLemAgeaWmeeEoeaWmTPlgI0tLT4KCjwhLS3jgYLjgZnmpb3msLTmm5wKPHN0eWxlIHR5cGU9InRleHQvY3NzIj4Kc3Bhbi51bml0IHsgYmFja2dyb3VuZDogdXJsKGh0dHA6Ly9pbWFnZS5yYWt1dGVuLmNvLmpwL3dpZGUwMi9jYWJpbmV0L3BvaW50LzQwMC1zdWl5by1hc3VyYWt1LmdpZikgbm8tcmVwZWF0IGxlZnQgdG9wOyB0ZXh0LWluZGVudDoKLTk5OTk7IGRpc3BsYXk6IGJsb2NrOyB3aWR0aDogNDAwOyBoZWlnaHQ6IDE3NTsgbWFyZ2luOjE1cHggMDsgfQo8L3N0eWxlPgo8IS0t44GC44GZ5qW95rC05pucLS0+Cgo8IS0t44O044Kj44OD44K744Or5Yud5Yip44Kr44K05qiq44OQ44OK44O8CjxzdHlsZSB0eXBlPSJ0ZXh0L2NzcyI+CnNwYW4udW5pdCB7IGJhY2tncm91bmQ6IHVybChodHRwOi8vaW1hZ2UucmFrdXRlbi5jby5qcC93aWRlMDIvY2FiaW5ldC9wb2ludC8yMDE1MDkxMC0wOS5naWYpIG5vLXJlcGVhdCBsZWZ0IHRvcDsgdGV4dC1pbmRlbnQ6Ci05OTk5OyBkaXNwbGF5OiBibG9jazsgd2lkdGg6IDQwMDsgaGVpZ2h0OiAxNzU7IG1hcmdpbjoxNXB4IDA7IH0KPC9zdHlsZT4KPCEtLeODtOOCo+ODg+OCu+ODq+WLneWIqeOCq+OCtOaoquODkOODiuODvC0tPgoKCjwhLS3pgJrluLjmmYLjgqvjgrTmqKrjg5Djg4rjg7wKPHN0eWxlIHR5cGU9InRleHQvY3NzIj4Kc3Bhbi51bml0IHsgYmFja2dyb3VuZDogdXJsKGh0dHA6Ly9pbWFnZS5yYWt1dGVuLmNvLmpwL3dpZGUwMi9jYWJpbmV0L3BvaW50LzIwMTYwMzAzLTAyLmdpZikgbm8tcmVwZWF0IGxlZnQgdG9wOyB0ZXh0LWluZGVudDoKLTk5OTk7IGRpc3BsYXk6IGJsb2NrOyB3aWR0aDogNDAwOyBoZWlnaHQ6IDMxMTsgbWFyZ2luOjE1cHggMDsgfQo8L3N0eWxlPgo8IS0t6YCa5bi45pmC44Kr44K05qiq44OQ44OK44O8LS0+CgoKCgo8IS0t6LK344GE54mp44GL44GU44Oc44K/44OzLS0+CjxzdHlsZSB0eXBlPSJ0ZXh0L2NzcyI+CgovKuKWvOKWvDIwMTcwMjAx6L+96KiY44GT44GT44GL44KJ4pa84pa8Ki8KCiNyYWt1dGVuTGltaXRlZElkX2Fyb3VuZENhcnQgc3Bhbi51bml0ewogZm9udC1zaXplOjE4cHg7IC8q5bqX6IiX44GU44Go44Gr5Lu75oSPKi8KIGZvbnQtd2VpZ2h0OmJvbGQ7IC8q5bqX6IiX44GU44Go44Gr5Lu75oSPKi8KIGhlaWdodDozMHB4OyAvKuW6l+iIl+OBlOOBqOOBq+S7u+aEjyovCn0KIAojcmFrdXRlbkxpbWl0ZWRJZF9hcm91bmRDYXJ0IGlucHV0I3VuaXRzIHsKIGJvcmRlcjpzb2xpZCA1cHggI2NjYzsgLyrlupfoiJfjgZTjgajjgavku7vmhI8qLwogd2lkdGg6IDUwcHggIWltcG9ydGFudDsgLyrlupfoiJfjgZTjgajjgavku7vmhI8qLwogaGVpZ2h0OiA1MHB4ICFpbXBvcnRhbnQ7IC8q5bqX6IiX44GU44Go44Gr5Lu75oSPKi8KIGN1cnNvcjphdXRvOwogdGV4dC1pbmRlbnQ6MHB4OyAvKuW6l+iIl+OBlOOBqOOBq+S7u+aEjyovCiBvdmVyZmxvdzpoaWRkZW47Cn0KIAovKjIwMTUuMDcuMTDov73oqJjjgIHmpb3lpKnjgavku5Xmp5jlpInmm7TjgYzjgYLjgorjgb7jgZfjgZ8qLwpib2R5IGRpdiNwYWdlYm9keSAjcmFrdXRlbkxpbWl0ZWRJZF9hcm91bmRDYXJ0IGlucHV0LnJDYXJ0QnRuLApib2R5IGRpdiNwYWdlYm9keSAjcmFrdXRlbkxpbWl0ZWRJZF9hcm91bmRDYXJ0IGlucHV0I3VuaXRzICsgaW5wdXQgewogd2lkdGg6IDQwMHB4ICFpbXBvcnRhbnQ7IC8q5bqX6IiX44GU44Go44Gr5Lu75oSPKi8KIGhlaWdodDogNjBweCAhaW1wb3J0YW50OyAvKuW6l+iIl+OBlOOBqOOBq+S7u+aEjyovCiBiYWNrZ3JvdW5kOiB1cmwoaHR0cDovL2ltYWdlLnJha3V0ZW4uY28uanAvd2lkZS9jYWJpbmV0L2Jhbm5lcl9ldmVudC9jYXJ0LTEuZ2lmKSBuby1yZXBlYXQgIWltcG9ydGFudDsgLyrlupfoiJfjgZTjgajjgavku7vmhI8qLwogb3ZlcmZsb3c6aGlkZGVuICFpbXBvcnRhbnQ7CiBib3JkZXItd2lkdGg6IDBweCAhaW1wb3J0YW50OwogY3Vyc29yOiBwb2ludGVyICFpbXBvcnRhbnQ7CiB0ZXh0LWluZGVudDoxNTAlICFpbXBvcnRhbnQ7IC8q5bqX6IiX44GU44Go44Gr5Lu75oSPKi8KIHdoaXRlLXNwYWNlOm5vd3JhcCAhaW1wb3J0YW50OwogbWFyZ2luOjVweCAwICFpbXBvcnRhbnQ7IC8q5bqX6IiX44GU44Go44Gr5Lu75oSPKi8KCiAvKuKWsuKWsjIwMTcwMjAx6L+96KiY44GT44GT44G+44Gn4pay4payKi8KCgoKLyog5YCL5pWw5YWl5Yqb5qyEICovCuOAgCpodG1sIC51bml0eyBwb3NpdGlvbjpyZWxhdGl2ZTsgdG9wOi01cHg7fS8qSUUqLwrjgIAqaHRtbCBpbnB1dCN1bml0c3sgcG9zaXRpb246cmVsYXRpdmU7IHRvcDotNXB4OyBoZWlnaHQ6MzBweDsgb3ZlcmZsb3c6aGlkZGVuO30vKklFKi8KaW5wdXQjdW5pdHN7IApmb250LXdlaWdodDogbm9ybWFsICFpbXBvcnRhbnQ7CmJvcmRlcjpzb2xpZCAjOTk5OTk5IDFweCAhaW1wb3J0YW50OyAKYmFja2dyb3VuZDojZmZmICFpbXBvcnRhbnQ7IAp3aWR0aDogMzVweCAhaW1wb3J0YW50OyAKaGVpZ2h0OiA0MHB4ICFpbXBvcnRhbnQ7CnBhZGRpbmc6MTBweCAhaW1wb3J0YW50OyAKY3Vyc29yOmF1dG8gIWltcG9ydGFudDsKY29sb3I6IzAwMDAwMCAhaW1wb3J0YW50Owp9CgoKLyrilrzpoIXnm67og4zmma/oibLoqK3lrpoqLwpzcGFuLmNob2ljZXsKICBkaXNwbGF5OmJsb2NrOwogIHdpZHRoOjM1MHB4OwogIGJhY2tncm91bmQ6I0ZGQ0NDQzsKICBwYWRkaW5nOjVweDsKICBtYXJnaW46NXB4IDAgNXB4IDA7Cn0KLyrilrLpoIXnm67og4zmma/oibLoqK3lrpoqLwoKCi8qIOOBiuiyt+OBhOeJqeOBi+OBlOODnOOCv+ODs+OBruWkp+OBjeOBlSAqLwppbnB1dFt0eXBlPSJzdWJtaXQiXXsgCmJhY2tncm91bmQ6IHVybChodHRwOi8vaW1hZ2UucmFrdXRlbi5jby5qcC93aWRlL2NhYmluZXQvaWNvbi9jYXJ0LWluLXIxXzAxLmdpZikgbm8tcmVwZWF0Owp3aWR0aDogNDAwcHg7IGhlaWdodDogODg7Ci8qIGJvcmRlcjpzb2xpZCAjZDJkMmQyIDFweDsgKi8KYm9yZGVyOiBub25lOwpwYWRkaW5nOjE3cHggOHB4IDE3cHggMzVweDsKLyptYXJnaW46MTBweCAwOyovCmN1cnNvcjpwb2ludGVyOwpjb2xvcjojZmZmZmZmOwpmb250LXNpemU6MjVweDsKbGV0dGVyLXNwYWNpbmc6LjFlbTsKZm9udC13ZWlnaHQ6Ym9sZDsKZm9udC1mYW1pbHk6IuODoeOCpOODquOCqiIsTWVpcnlvLCLjg5Ljg6njgq7jg47op5LjgrQgUHJvIFczIiwiSGlyYWdpbm8gS2FrdSBHb3RoaWMgUHJvIiwiSGlyYUtha3VQcm8tVzMiLCLvvK3vvLMg77yw44K044K344OD44KvIiwiTVMgUEdvdGhpYyIsQXJpYWwsIEhlbHZldGljYSxzYW5zLXNlcmlmICFpbXBvcnRhbnQ7Cn0KCi8qIOOCreODo+ODg+ODgeOCs+ODlOODvOS4iumDqOOBq+ODqeODmeODq+OBjOOBpOOBjyAqLwpzcGFuLmNhdGNoX2NvcHk6YmVmb3JlIHsKICAgIGNvbnRlbnQ6ICLilrzmnKzml6Xjga7jgYrosrfjgYTlvpfjgqLjgqTjg4bjg6Ah4pa8IjsgLyrjg6njg5njg6vlhoXjga7mlofoqIAqLwogICAgd2lkdGg6IDQzMHB4OyAvKuODqeODmeODq+OBruOCteOCpOOCuiovCiAgICBiYWNrZ3JvdW5kLWNvbG9yOiAjRkYwMDAwOyAvKuODqeODmeODq+OBruiJsiovCiAgICBmb250LXNpemU6IDIwcHg7CiAgICBjb2xvcjogI2ZmZjsKICAgIHRleHQtYWxpZ246IGNlbnRlcjsKICAgIGRpc3BsYXk6IGJsb2NrOwogICAgcGFkZGluZzogMXB4IDRweDsKICAgIG1hcmdpbi1ib3R0b206IDRweDsKICAgIGJvcmRlci1yYWRpdXM6IDJweDsKICAgIGNsZWFyOiBib3RoOwp9CgovKiDjgIzllYblk4HjgavjgaTjgYTjgabjga7llY/jgYTlkIjjgo/jgZvjgI3jg5zjgr/jg7Pjga7lpKfjgY3jgZUqLwpmb250IGlucHV0ewpiYWNrZ3JvdW5kOiB1cmwoKSAjZjVmNWY1IG5vLXJlcGVhdCA1cHggNXB4ICFpbXBvcnRhbnQ7IApmb250LXNpemU6MTFweCAhaW1wb3J0YW50OyAKbWFyZ2luLWJvdHRvbToxMHB4ICFpbXBvcnRhbnQ7CnBhZGRpbmc6NXB4IDZweCA2cHggMTVweCAhaW1wb3J0YW50OyAKcG9zaXRpb246cmVsYXRpdmUgIWltcG9ydGFudDsKei1pbmRleDoyICFpbXBvcnRhbnQ7CmJvcmRlcjpzb2xpZCAjZDJkMmQyIDFweCAhaW1wb3J0YW50Owpjb2xvcjojMzMzMzMzICFpbXBvcnRhbnQ7CmxldHRlci1zcGFjaW5nOjAuMmVtICFpbXBvcnRhbnQ7CndpZHRoOiAxOTBweCAhaW1wb3J0YW50OwpoZWlnaHQ6IDM1cHggIWltcG9ydGFudDsKCiAKCmE6aG92ZXIgewoJcG9zaXRpb246IHJlbGF0aXZlOwoJd2lkdGg6IGF1dG87Cgl0b3A6IDFweDsKCWxlZnQ6IDFweDsKCXRleHQtZGVjb3JhdGlvbjogbm9uZTsKfQphOmhvdmVyIGltZyB7CglmaWx0ZXI6IGFscGhhKHN0eWxlPTAsIG9wYWNpdHk9OTApOwp9CmltZyB7Cglib3JkZXI6IDA7Cn0KI2hlZG1lbnUgYTpob3ZlciB7Cglwb3NpdGlvbjogcmVsYXRpdmU7Cgl3aWR0aDogYXV0bzsKCXRvcDogMHB4OwoJbGVmdDogMHB4OwoJdGV4dC1kZWNvcmF0aW9uOiBub25lOwp9CiNoZWRfc2VhcmNoIHRkIHsKCWZvbnQtc2l6ZTogMTBweDsKCWxpbmUtaGVpZ2h0OiAxNHB4OwoJY29sb3I6ICNEQzM4NDM7Cn0KI2hlYWRXcmFwIHsKCW1hcmdpbjogMHB4OwoJd2lkdGg6IDkzMHB4OwoJcGFkZGluZy10b3A6IDEwcHg7CglwYWRkaW5nLXJpZ2h0OiAxMHB4OwoJcGFkZGluZy1ib3R0b206IDEwcHg7CglwYWRkaW5nLWxlZnQ6IDIwMHB4Owp9Cgphey8q44Oq44Oz44Kv44GV44KM44Gf5paH5a2XKi8KICAgIGNvbG9yOiMzMzMzMzM7CiAgICBmb250LXN0eWxlOm5vcm1hbDsKICAgIHRleHQtZGVjb3JhdGlvbjp1bmRlcmxpbmU7Cn0KYTpsaW5rIHsvKuacquioquWVj+OBruODquODs+OCryovCiAgICBjb2xvcjojMzMzMzMzOwogICAgZm9udC1zdHlsZTpub3JtYWw7CiAgICB0ZXh0LWRlY29yYXRpb246dW5kZXJsaW5lOwp9CgphOnZpc2l0ZWQgey8q6Kiq5ZWP5b6M44Gu44Oq44Oz44KvKi8KICAgIGNvbG9yOiNmZjAwMDA7CiAgICB0ZXh0LWRlY29yYXRpb246dW5kZXJsaW5lOwp9CmE6aG92ZXIgey8q44Oe44Km44K544KS44Gu44Gb44Gf44Go44GNKi8KICAgIGNvbG9yOiMwMDlGRTg7CiAgICBmb250LXN0eWxlOm5vcm1hbDsKICAgIHRleHQtZGVjb3JhdGlvbjp1bmRlcmxpbmU7Cn0KYTphY3RpdmUgey8q44Kv44Oq44OD44Kv5LitKi8KICAgIHRleHQtZGVjb3JhdGlvbjpub25lOwp9CgotLT4KPC9zdHlsZT4KCgo8c3R5bGUgdHlwZT0idGV4dC9jc3MiPgo8IS0tIAoJYSBpbWcgewoJLXdlYmtpdC10cmFuc2l0aW9uOiAwLjNzIGVhc2UtaW4tb3V0OwoJLW1vei10cmFuc2l0aW9uOiAwLjNzIGVhc2UtaW4tb3V0OwoJLW8tdHJhbnNpdGlvbjogMC4zcyBlYXNlLWluLW91dDsKCXRyYW5zaXRpb246IDAuM3MgZWFzZS1pbi1vdXQ7Cn0KYTpob3ZlciBpbWcgewoJb3BhY2l0eTogMC42OwoJZmlsdGVyOiBhbHBoYShvcGFjaXR5PTYwKTsKfQotLT4KPC9zdHlsZT4KCgo8IS0t5qSc57Si44Kt44O844Ov44O844OJLS0+CjxzdHlsZSB0eXBlPSJ0ZXh0L2NzcyI+CjwhLS0KCmRpdiNIZWFkZXJLZXl3b3JkIHsKCXBvc2l0aW9uOmFic29sdXRlOwoJdG9wOjUwcHg7LyrkuIDnlarkuIrjgYvjgonjga7kvY3nva4qLwoJbGVmdDozMHB4Oy8q5bem56uv44GL44KJ44Gu5L2N572uKi8KfQoKZGl2I0hlYWRlcktleXdvcmQgc3BhbiB7CgliYWNrZ3JvdW5kOiAjYmYwMDAwOwoJY29sb3I6I2ZmZjsKCWZvbnQtd2VpZ2h0OmJvbGQ7CglwYWRkaW5nOjJweCA1cHg7Cn0KCmRpdiNIZWFkZXJLZXl3b3JkIGEgewoJY29sb3I6IzAwNDRDQzsKfQoKLS0+Cjwvc3R5bGU+CgoKPCEtLeaWsOWVhuWTgeOBk+OBk+OBi+OCiS0tPgo8dGFibGUgd2lkdGg9IjgwMCIgYm9yZGVyPSIwIiBjZWxsc3BhY2luZz0iMCIgY2VsbHBhZGRpbmc9IjAiPgogIDx0cj4KICAgIDx0ZD48dGFibGUgd2lkdGg9Ijc4NSIgYm9yZGVyPSIwIiBjZWxscGFkZGluZz0iMCI+CiAgPHRyPgogICAgPHRkPjxpbWcgc3JjPSJodHRwOi8vaW1hZ2UucmFrdXRlbi5jby5qcC93aWRlL2NhYmluZXQvaWNvbi9saW5lX25ld2l0ZW0uZ2lmIiB3aWR0aD0iNzU4Ij48L3RkPgogIDwvdHI+CiAgPHRyPgogICAgPHRkPjwvdGQ+CjwvdHI+CjwvdGFibGU+PC90ZD4KICA8L3RyPjwvdGFibGU+CjxjZW50ZXI+PGZvbnQgc2l6ZT0iMSIgY29sb3I9IiM2NjY2NjYiPjxiPjxicj7vvLzvvI88YnI+PGJyPjwvYj48L2ZvbnQ+PC9jZW50ZXI+Cjx0YWJsZSB3aWR0aD0iNzg1IiBiZ2NvbG9yPSIjMjZjZmZmIiBjZWxsc3BhY2luZz0iMTAiIGNlbGxwYWRkaW5nPSI1Ij4KPHRyPjx0ZCB3aWR0aD0iMTAwJSIgYWxpZ249ImNlbnRlciI+PGZvbnQgc2l6ZT0iMyIgY29sb3I9IiNGRkZGRkYiPjxiPk5FV+OCouOCpOODhuODoOOCkkNIRUNLIOKJqzwvYj48L2ZvbnQ+PC90ZD48L3RyPjwvdGFibGU+CiAgPCEtLeaWsOWVhuWTgeOBk+OBk+OBvuOBpy0tPgogIAo8YnI+CjxociB3aWR0aD0iODAwIiBjb2xvcj0iI2Y2ZjZmNiI+PGZvbnQgc2l6ZT0iMSI+PGJyPjwvZm9udD48aHIgd2lkdGg9IjgwMCIgY29sb3I9IiNmNmY2ZjYiPgoKCjwhLS3ilrzilrxORVfjgqLjgqTjg4bjg6DjgZPjgZPjgYvjgonilrzilrwK44CAPGJyPgo8IS0t4pay4payTkVX44Ki44Kk44OG44Og44GT44GT44G+44Gn4pay4payLS0+CgoKPC9jZW50ZXI+PC90ZD48L3RyPjwvdGFibGU+CjwhLS0g4payU0FMReOCqOODs+ODiOODquODvOODkOODiuODvCAtLT4=,4piF6YCB5paZ54Sh5paZ4piF5pel5pys6KO9IOOCouODn+ODhuOCo+OCqEFNVC03MDEg6LKh5biDIOODrOODh+OCo+ODvOOCuSDplbfosqHluIMg44Op44Km44Oz44OJ44OV44Kh44K544OK44O8YW1pdGllIGFtaXR5IOS6uuawl+OBrumVt+iyoeW4gyDjg6njgqbjg7Pjg4njg5XjgqHjgrnjg4rjg7wg44Ot44Ov44O844Or6Z2pIOWbveeUoyDjg4/jg7Pjg4njg6HjgqTjg4kg44OR44K544OG44Or44Kr44Op44O8IOODl+ODrOOCvOODs+ODiCDjgqLjg5/jg4bjgqPjg7wg6KqV55Sf5pelIOOCpuOCqeODrOODg+ODiCDjg6zjg4fjgqPjg7zjgrkg6ZW36LKh5biDIOODm+ODr+OCpOODiOODh+ODvCDmr43jga7ml6Ug44Ku44OV44OI77ya44GE44Gk44KC44K344On44OD44OX,44OY44Ki44Ki44Kk44Ot44Oz44K544OI44Os44O844OI44Ki44Kk44Ot44Oz44Ki44Ky44OE44OkIOODmOOCouOCouOCpOODreODs+ODmOOCouOCouOCpOODreODsyDjgrnjg4jjg6zjg7zjg4jjgrnjg4jjg6zjg7zjg4jjgqLjgqTjg63jg7Plj6PjgrPjg5/kvb/jgYTmlrnpgJrosqnjg5jjgqLjg7zjgqLjgqTjg63jg7PnnJ/nqbrjg5Hjg4Pjgq/jg7PjgqLjgrLjg4Tjg6TjgqLjgqTjg63jg7Ppm7vli5Xmra/jg5bjg6njgrfpn7Pms6Lmra/jg5bjg6njgrfnnJ/nqbrjgbHjgaPjgY/jgpPnnJ/nqbrjg5Hjg4Pjgq/jgIDlrrbluq3nlKjnnJ/nqbrjg5Hjg4Pjgq/jgpPosqHluIPjg6Hjg7Pjgrrjg6Hjg7PjgrrosqHluIPmmq7jgonjgZfjga7lubjkvr/imIXpgIHmlpnnhKHmlpnimIXml6XmnKzoo70g44Ki44Of44OG44Kj44KoQU1ULTcwMSDosqHluIMg44Os44OH44Kj44O844K5IOmVt+iyoeW4gyDjg6njgqbjg7Pjg4njg5XjgqHjgrnjg4rjg7xhbWl0aWUgYW1pdHkg5Lq65rCX44Gu6ZW36LKh5biDIOODqeOCpuODs+ODieODleOCoeOCueODiuODvCDjg63jg6/jg7zjg6vpnakg5Zu955SjIOODj+ODs+ODieODoeOCpOODiSDjg5Hjgrnjg4bjg6vjgqvjg6njg7wg44OX44Os44K844Oz44OIIOOCouODn+ODhuOCo+ODvCDoqpXnlJ/ml6Ug44Km44Kp44Os44OD44OIIOODrOODh+OCo+ODvOOCuSDplbfosqHluIMg44Ob44Ov44Kk44OI44OH44O8IOavjeOBruaXpSDjgq7jg5Xjg4g=,5Lq65rCX44Gu6ZW36LKh5biDIOODqeOCpuODs+ODieODleOCoeOCueODiuODvCDjg63jg6/jg7zjg6vpnakg5pel5pys6KO9IOWbveeUo+OAguKYhemAgeaWmeeEoeaWmeKYheaXpeacrOijvSDjgqLjg5/jg4bjgqPjgqhBTVQtNzAxIOiyoeW4gyDjg6zjg4fjgqPjg7zjgrkg6ZW36LKh5biDIOODqeOCpuODs+ODieODleOCoeOCueODiuODvGFtaXRpZSBhbWl0eSDkurrmsJfjga7plbfosqHluIMg44Op44Km44Oz44OJ44OV44Kh44K544OK44O8IOODreODr+ODvOODq+mdqSDlm73nlKMg44OP44Oz44OJ44Oh44Kk44OJIOODkeOCueODhuODq+OCq+ODqeODvCDjg5fjg6zjgrzjg7Pjg4gg44Ki44Of44OG44Kj44O8IOiqleeUn+aXpSDjgqbjgqnjg6zjg4Pjg4gg44Os44OH44Kj44O844K5IOmVt+iyoeW4gyDjg5vjg6/jgqTjg4jjg4fjg7wg5q+N44Gu5pelIOOCruODleODiA==[rn]
39-76495,aHR0cDovL3RzaG9wLnIxMHMuanAvd2lkZS9jYWJpbmV0L3BuNjAwMDAtMTEvNjUwNzUuanBnP2ZpdGluPTcwMDo3MDA=,MTA1MzIuODAwMA==,,44OQ44OD44Kw44O75bCP54mp44O744OW44Op44Oz44OJ6ZuR6LKoID4g6LKh5biD44O744Kx44O844K5ID4g44Os44OH44Kj44O844K56LKh5biD,44CQ6YCB5paZ54Sh5paZ44CR44Ki44Of44OG44Kj44KoQU1ULTEwMSDosqHluIMg44Os44OH44Kj44O844K5IOmVt+iyoeW4gyDjg6njgqbjg7Pjg4njg5XjgqHjgrnjg4rjg7wgYW1pdGllIGFtaXR5IOOCouODn+ODhuOCo+OCqCDjgqLjg5/jg4bjgqPjg7wgIOOCruODleODiCDoqpXnlJ/ml6Ug44Gu6LKh5biD44CQ6LKh5biD44CR44CQ44Km44Kp44Os44OD44OI44CR44CQ44Os44OH44Kj44O844K544CR44CQ6ZW36LKh5biD44CR44CQ5pqu44KJ44GX44Gu5bm45L6/44CR44CQ44Kt44Oj44Oh44Or44CRIOODm+ODr+OCpOODiOODh+ODvCDjgq7jg5Xjg4gg44GK6L+U44GX,5Lq65rCX44Gu6ZW36LKh5biDIOODqeOCpuODs+ODieODleOCoeOCueODiuODvCDjg4DjgrPjgr/pnankvb/nlKgg5pel5pys6KO9IOWbveeUow==,PHRhYmxlIHdpZHRoPSI2MDAiIGNlbGxzcGFjaW5nPSIwIiBjZWxscGFkZGluZz0iMCIgYm9yZGVyPSIwIj48dHI+PHRkIGFsaWduPSJjZW50ZXIiPjwhLS3jgrPjgrPjgYvjgonllYblk4Hjg5rjg7zjgrgtLT48Y2VudGVyPjxpbWcgc3JjPSJodHRwOi8vaW1hZ2UucmFrdXRlbi5jby5qcC93aWRlL2NhYmluZXQvcG42MDAwMC0xMS82NTA3NS0wMC0wMS5qcGciIHdpZHRoPSI2MDAiIGhlaWdodD0iNDIwIj48YnI+PGltZyBzcmM9Imh0dHA6Ly9pbWFnZS5yYWt1dGVuLmNvLmpwL3dpZGUvY2FiaW5ldC9wbjYwMDAwLTExLzY1MDc1LTAwLTAyLmpwZyIgd2lkdGg9IjYwMCIgaGVpZ2h0PSI2NDgiPjxicj48aW1nIHNyYz0iaHR0cDovL2ltYWdlLnJha3V0ZW4uY28uanAvd2lkZS9jYWJpbmV0L3BuNjAwMDAtMTEvNjUwNzUtMDAtMDMuanBnIiB3aWR0aD0iNjAwIiBoZWlnaHQ9IjUzMCI+PGJyPjxpbWcgc3JjPSJodHRwOi8vaW1hZ2UucmFrdXRlbi5jby5qcC93aWRlL2NhYmluZXQvcG42MDAwMC0xMS82NTA3NS0wMC0wNC5qcGciIHdpZHRoPSI2MDAiIGhlaWdodD0iNDIxIj48YnI+PGltZyBzcmM9Imh0dHA6Ly9pbWFnZS5yYWt1dGVuLmNvLmpwL3dpZGUvY2FiaW5ldC9wbjYwMDAwLTExLzY1MDc1LTAwLTA1LmpwZyIgd2lkdGg9IjYwMCIgaGVpZ2h0PSIzNzgiPjxicj48aW1nIHNyYz0iaHR0cDovL2ltYWdlLnJha3V0ZW4uY28uanAvd2lkZS9jYWJpbmV0L3BuNjAwMDAtMTEvNjUwNzUtMDAtMDYuanBnIiB3aWR0aD0iNjAwIiBoZWlnaHQ9IjM5MiI+PGJyPjxpbWcgc3JjPSJodHRwOi8vaW1hZ2UucmFrdXRlbi5jby5qcC93aWRlL2NhYmluZXQvcG42MDAwMC0xMS82NTA3NS0wMC0wNy5qcGciIHdpZHRoPSI2MDAiIGhlaWdodD0iNTIyIj48YnI+PGltZyBzcmM9Imh0dHA6Ly9pbWFnZS5yYWt1dGVuLmNvLmpwL3dpZGUvY2FiaW5ldC9wbjYwMDAwLTExLzY1MDc1LTAwLTA4LmpwZyIgd2lkdGg9IjYwMCIgaGVpZ2h0PSI2NDAiPjxicj48dGFibGUgd2lkdGg9IjYwMCIgYm9yZGVyPSIwIiBjZWxscGFkZGluZz0iMyIgY2VsbHNwYWNpbmc9IjEiIGJnY29sb3I9IiM2NjY2NjYiIGFsaWduPSJjZW50ZXIiPjx0ciBiZ2NvbG9yPSIjRkZGRkZGIj48dGQgY29sc3Bhbj0iMiIgYmdjb2xvcj0iI0NDQ0NDQyIgYWxpZ249ImNlbnRlciI+PGZvbnQgY29sb3I9IiM2NjY2NjYiIHNpemU9IjIiPuOCouODn+ODhuOCo+OCqEFNVC0xMDE8L2ZvbnQ+PC90ZD48L3RyPjx0ciBiZ2NvbG9yPSIjRkZGRkZGIj48dGQgYmdjb2xvcj0iI2VlZWVlZSIgd2lkdGg9IjEwMCI+PGZvbnQgY29sb3I9IiM2NjY2NjYiIHNpemU9IjIiPuOCteOCpOOCuijntIQpPC9mb250PjwvdGQ+PHRkIHdpZHRoPSI1MDAiPjxmb250IGNvbG9yPSIjNjY2NjY2IiBzaXplPSIyIj7mqKrluYUxOTfDl+e4pjEwMMOX5Y6a44G/MjFtbTwvZm9udD48L3RkPjwvdHI+PHRyPjx0ZCBiZ2NvbG9yPSIjZWVlZWVlIiB3aWR0aD0iMTAwIj48Zm9udCBjb2xvcj0iIzY2NjY2NiIgc2l6ZT0iMiI+6YeN6YePKOe0hCk8L2ZvbnQ+PC90ZD48dGQgd2lkdGg9IjUwMCIgYmdjb2xvcj0iI0ZGRkZGRiI+PGZvbnQgY29sb3I9IiM2NjY2NjYiIHNpemU9IjIiPjE4MGc8L2ZvbnQ+PC90ZD48L3RyPjx0cj48dGQgYmdjb2xvcj0iI2VlZWVlZSI+PGZvbnQgY29sb3I9IiM2NjY2NjYiIHNpemU9IjIiPuOCq+ODqeODvDwvZm9udD48L3RkPjx0ZCBiZ2NvbG9yPSIjRkZGRkZGIj48Zm9udCBjb2xvcj0iIzY2NjY2NiIgc2l6ZT0iMiI+44Kt44Oj44Oh44Or44CB44OB44On44Kz44CB44Kr44O844KtPC9mb250PjwvdGQ+PC90cj48dHI+PHRkIHdpZHRoPSIxMDAiIGJnY29sb3I9IiNlZWVlZWUiPjxmb250IGNvbG9yPSIjNjY2NjY2IiBzaXplPSIyIj7ku5Xmp5g8L2ZvbnQ+PC90ZD48dGQgd2lkdGg9IjUwMCIgYmdjb2xvcj0iI0ZGRkZGRiI+PGZvbnQgY29sb3I9IiM2NjY2NjYiIHNpemU9IjIiPlvntKDmnZBd6KGo6Z2iL+aXpeacrOijveeJm+mdqeOAgeWGheWBtC/ml6XmnKzoo73niZvpnanjg7vluIbluIMo5biD55Sf5ZywKeOAgeODleOCoeOCueODiuODvOS7mOOBjeWwj+mKreWFpeOCjDHjgYvmiYDjgIHjgYrmnK3lhaXjgowy44GL5omA44CB44Kr44O844OJ5YWl44KMMTLjgYvmiYDjgIHjg53jgrHjg4Pjg4gy44GL5omAPGZvbnQgY29sb3I9IiNGRjAwMDAiPjxicj4gIOKAu+WkqeeEtuearumdqeOCkuS9v+eUqOOBl+OBpuOBhOOBvuOBmeOBruOBp+OAgeWkmuWwkeOBruOCreOCuuOBruOCiOOBhuOBquOCguOBruOBjOeUn+OBmOOBvuOBmeOBjOOAjuOCreOCuuOChOS4jeiJr+OAj+OBp+OBr+OBquOBj+OAgemdqeacrOadpeOBrumiqOWQiOOBhOOBqOOBl+OBpuWuieW/g+OBl+OBpuOBiualveOBl+OBv+S4i+OBleOBhOOBvuOBm+OAgjwvZm9udD48L2ZvbnQ+PC90ZD48L3RyPjx0cj48dGQgd2lkdGg9IjEwMCIgYmdjb2xvcj0iI2VlZWVlZSI+PGZvbnQgY29sb3I9IiM2NjY2NjYiIHNpemU9IjIiPuijvemAoOWbvTwvZm9udD48L3RkPjx0ZCB3aWR0aD0iNTAwIiBiZ2NvbG9yPSIjRkZGRkZGIj48Zm9udCBjb2xvcj0iIzY2NjY2NiIgc2l6ZT0iMiI+5pel5pysPC9mb250PjwvdGQ+PC90cj48L3RhYmxlPjxicj48IS0tPGJyPjx0YWJsZSB3aWR0aD0iNjg5IiBib3JkZXI9IjAiIGNlbGxzcGFjaW5nPSIwIiBjZWxscGFkZGluZz0iMCI+PHRyPjx0ZD48aWZyYW1lIHdpZHRoPSI2ODkiIGhlaWdodD0iMjM1MCIgc3JjPSJodHRwOi8vd3d3LnJha3V0ZW4ubmUuanAvZ29sZC93aWRlL2h0bWwvc2FpZnVfcmFua2luZy5odG0iIHNjcm9sbGluZz0ibm8iIG1hcmdpbmhlaWdodD0iMCIgbWFyZ2lud2lkdGg9IjAiIGZyYW1lYm9yZGVyPSIwIiBuYW1lPSJ0b3AiPjwvaWZyYW1lPjwvdGQ+PC90cj48L3RhYmxlPi0tPjx0YWJsZSB3aWR0aD0iNjAwIiBib3JkZXI9IjAiIGNlbGxzcGFjaW5nPSIwIiBjZWxscGFkZGluZz0iMCIgYWxpZ249ImNlbnRlciI+PHRyPjx0ZD48aW1nIHNyYz0iaHR0cDovL2ltYWdlLnJha3V0ZW4uY28uanAvd2lkZS9jYWJpbmV0L3RlbXBsYXRlL2RvdWtvbi1iYXIwMi5qcGciIHdpZHRoPSI2MDAiIGhlaWdodD0iNTAiPjwvdGQ+PC90cj48L3RhYmxlPjx0YWJsZSB3aWR0aD0iNjAwIiBib3JkZXI9IjAiIGNlbGxzcGFjaW5nPSIwIiBjZWxscGFkZGluZz0iMCIgYWxpZ249ImNlbnRlciI+PHRyPjx0ZCB3aWR0aD0iMTkyIiBhbGlnbj0iY2VudGVyIj48YSBocmVmPSJodHRwOi8vaXRlbS5yYWt1dGVuLmNvLmpwL3dpZGUvNjUwNzUiIHRhcmdldD0iX3RvcCI+PGltZyBzcmM9Imh0dHA6Ly90aHVtYm5haWwuaW1hZ2UucmFrdXRlbi5jby5qcC9AMF9tYWxsL3dpZGUvY2FiaW5ldC9wbjYwMDAwLTExLzY1MDc1LmpwZz9fZXg9MTkyeDE5MiIgd2lkdGg9IjE5MiIgaGVpZ2h0PSIxOTIiIGJvcmRlcj0iMCI+PC9hPjwvdGQ+PHRkIHdpZHRoPSIxMiI+Jm5ic3A7PC90ZD48dGQgd2lkdGg9IjE5MiIgYWxpZ249ImNlbnRlciI+PGEgaHJlZj0iaHR0cDovL2l0ZW0ucmFrdXRlbi5jby5qcC93aWRlLzY1MDUxLyIgdGFyZ2V0PSJfdG9wIj48aW1nIHNyYz0iaHR0cDovL3RodW1ibmFpbC5pbWFnZS5yYWt1dGVuLmNvLmpwL0AwX21hbGwvd2lkZS9jYWJpbmV0L3BuNjAwMDAtMTEvNjUwNTEuanBnP19leD0xOTJ4MTkyIiB3aWR0aD0iMTkyIiBoZWlnaHQ9IjE5MiIgYm9yZGVyPSIwIj48L2E+PC90ZD48dGQgd2lkdGg9IjEyIj4mbmJzcDs8L3RkPjx0ZCB3aWR0aD0iMTkyIiBhbGlnbj0iY2VudGVyIj48YSBocmVmPSJodHRwOi8vaXRlbS5yYWt1dGVuLmNvLmpwL3dpZGUvNjUwNTAvIiB0YXJnZXQ9Il90b3AiPjxpbWcgIHNyYz0iaHR0cDovL3RodW1ibmFpbC5pbWFnZS5yYWt1dGVuLmNvLmpwL0AwX21hbGwvd2lkZS9jYWJpbmV0L3BuNjAwMDAtMTEvNjUwNTAuanBnP19leD0xOTJ4MTkyIiB3aWR0aD0iMTkyIiBoZWlnaHQ9IjE5MiIgIGJvcmRlcj0iMCI+PC9hPjwvdGQ+PC90cj48dHI+PHRkIGNvbHNwYW49IjUiPjxpbWcgc3JjPSJodHRwOi8vaW1hZ2UucmFrdXRlbi5jby5qcC93aWRlL2NhYmluZXQvdGVtcGxhdGUvZG91a29uLWJhcjA2LmpwZyIgd2lkdGg9IjYwMCIgIGhlaWdodD0iMjQiPjwvdGQ+PC90cj48L3RhYmxlPjwhLS08YnI+PHRhYmxlIHdpZHRoPSI2ODkiIGJvcmRlcj0iMCIgY2VsbHNwYWNpbmc9IjAiIGNlbGxwYWRkaW5nPSIwIj48dHI+PHRkPjxpZnJhbWUgd2lkdGg9IjY4OSIgaGVpZ2h0PSIyMzUwIiBzcmM9Imh0dHA6Ly93d3cucmFrdXRlbi5uZS5qcC9nb2xkL3dpZGUvaHRtbC9zYWlmdV9yYW5raW5nLmh0bSIgc2Nyb2xsaW5nPSJubyIgbWFyZ2luaGVpZ2h0PSIwIiBtYXJnaW53aWR0aD0iMCIgZnJhbWVib3JkZXI9IjAiIG5hbWU9InRvcCI+PC9pZnJhbWU+PC90ZD48L3RyPjwvdGFibGU+LS0+PGJyPjxhIGhyZWY9Imh0dHA6Ly9pdGVtLnJha3V0ZW4uY28uanAvd2lkZS9jLzAwMDAwMDAyOTkvIiB0YXJnZXQ9Il9ibGFuayI+PGltZyBzcmM9Imh0dHA6Ly9pbWFnZS5yYWt1dGVuLmNvLmpwL3dpZGUvY2FiaW5ldC90b2t1LzYwMC0tc2FpaHV0b2t1c3l1LmpwZyIgd2lkdGg9IjYwMCIgYm9yZGVyPSIwIj48L2E+PGJyPjxicj48aWZyYW1lIHdpZHRoPSI2MDQiIGhlaWdodD0iNDEwInNyYz0iaHR0cDovL3d3dy5yYWt1dGVuLm5lLmpwL2dvbGQvd2lkZS9odG1sL2xhZHlzYWlodTAwMDEuaHRtbCIgc2Nyb2xsaW5nPSJubyJtYXJnaW5oZWlnaHQ9IjAiIG1hcmdpbndpZHRoPSIwIiBmcmFtZWJvcmRlcj0iMCJuYW1lPSJ0b3AiPjwvaWZyYW1lPjxicj48aWZyYW1lIHdpZHRoPSI2MTAiIGhlaWdodD0iMjYwInNyYz0iaHR0cDovL3d3dy5yYWt1dGVuLm5lLmpwL2dvbGQvd2lkZS9odG1sL2RvdWtvbi1yYW5rLXdvbWVuLXIuaHRtbCIgc2Nyb2xsaW5nPSJubyJtYXJnaW5oZWlnaHQ9IjAiIG1hcmdpbndpZHRoPSIwIiBmcmFtZWJvcmRlcj0iMCJuYW1lPSJ0b3AiPjwvaWZyYW1lPjwvY2VudGVyPjwhLS3jgrPjgrPjgb7jgafllYblk4Hjg5rjg7zjgrgtLT48YnI+PGJyPjx0YWJsZSB3aWR0aD0iNjAwIiBjZWxsc3BhY2luZz0iMCIgY2VsbHBhZGRpbmc9IjAiIGJvcmRlcj0iMCI+PHRyPjx0ZCBhbGlnbj0iY2VudGVyIj48aW1nIHNyYz0iaHR0cDovL2ltYWdlLnJha3V0ZW4uY28uanAvd2lkZS9jYWJpbmV0L3RhZy9zYWlmdV9iYW5hLmdpZiIgYm9yZGVyPSIwIj48L3RkPjwvdHI+PC90YWJsZT48dGFibGUgd2lkdGg9IjYwMCIgY2VsbHNwYWNpbmc9IjAiIGNlbGxwYWRkaW5nPSIwIiBib3JkZXI9IjAiPjx0cj48dGQgYWxpZ249ImNlbnRlciI+PGEgaHJlZj0iaHR0cDovL3NlYXJjaC5yYWt1dGVuLmNvLmpwL3NlYXJjaC9pbnNob3AtbWFsbC8lRTMlODAlOTAlRTMlODMlQTElRTMlODMlQjMlRTMlODIlQkElRTglQjIlQTElRTUlQjglODMlRTMlODAlOTEvLS9mLjMtcC4xLXMuMS1zZi4wLXNpZC4xOTA5NTAtc3QuQS12LjMiPjxpbWcgc3JjPSJodHRwOi8vaW1hZ2UucmFrdXRlbi5jby5qcC93aWRlL2NhYmluZXQvdGFnL3NhaWZ1X2tlbnNha3UxLmdpZiIgYm9yZGVyPSIwIj48L2E+PC90ZD48dGQgYWxpZ249ImNlbnRlciI+PGEgaHJlZj0iaHR0cDovL3NlYXJjaC5yYWt1dGVuLmNvLmpwL3NlYXJjaC9pbnNob3AtbWFsbC8lRTMlODAlOTAlRTMlODMlQUMlRTMlODMlODclRTMlODIlQTMlRTMlODMlQkMlRTMlODIlQjklRTglQjIlQTElRTUlQjglODMlRTMlODAlOTEvLS9mLjMtcC4xLXMuMS1zZi4wLXNpZC4xOTA5NTAtc3QuQS12LjMiPjxpbWcgc3JjPSJodHRwOi8vaW1hZ2UucmFrdXRlbi5jby5qcC93aWRlL2NhYmluZXQvdGFnL3NhaWZ1X2tlbnNha3UyLmdpZiIgYm9yZGVyPSIwIj48L2E+PC90ZD48L3RyPjx0cj48dGQgYWxpZ249ImNlbnRlciI+PGEgaHJlZj0iaHR0cDovL3NlYXJjaC5yYWt1dGVuLmNvLmpwL3NlYXJjaC9pbnNob3AtbWFsbC8lRTMlODAlOTAlRTklOTUlQjclRTglQjIlQTElRTUlQjglODMlRTMlODAlOTEvLS9mLjMtcC4xLXMuMS1zZi4wLXNpZC4xOTA5NTAtc3QuQS12LjMiPjxpbWcgc3JjPSJodHRwOi8vaW1hZ2UucmFrdXRlbi5jby5qcC93aWRlL2NhYmluZXQvdGFnL3NhaWZ1X2tlbnNha3UzLmdpZiIgYm9yZGVyPSIwIj48L2E+PC90ZD48dGQgYWxpZ249ImNlbnRlciI+PGEgaHJlZj0iaHR0cDovL3NlYXJjaC5yYWt1dGVuLmNvLmpwL3NlYXJjaC9pbnNob3AtbWFsbC8lRTMlODAlOTAlRTQlQkElOEMlRTMlODElQTQlRTYlOEElOTglRTMlODIlOEElRTglQjIlQTElRTUlQjglODMlRTMlODAlOTEvLS9mLjMtcC4xLXMuMS1zZi4wLXNpZC4xOTA5NTAtc3QuQS12LjMiPjxpbWcgc3JjPSJodHRwOi8vaW1hZ2UucmFrdXRlbi5jby5qcC93aWRlL2NhYmluZXQvdGFnL3NhaWZ1X2tlbnNha3U0LmdpZiIgYm9yZGVyPSIwIj48L2E+PC90ZD48L3RyPjx0cj48dGQgYWxpZ249ImNlbnRlciI+PGEgaHJlZj0iaHR0cDovL3NlYXJjaC5yYWt1dGVuLmNvLmpwL3NlYXJjaC9pbnNob3AtbWFsbC8lRTMlODAlOTAlRTQlQjglODklRTMlODElQTQlRTYlOEElOTglRTMlODIlOEElRTglQjIlQTElRTUlQjglODMlRTMlODAlOTEvLS9mLjMtcC4xLXMuMS1zZi4wLXNpZC4xOTA5NTAtc3QuQS12LjMiPjxpbWcgc3JjPSJodHRwOi8vaW1hZ2UucmFrdXRlbi5jby5qcC93aWRlL2NhYmluZXQvdGFnL3NhaWZ1X2tlbnNha3U1LmdpZiIgYm9yZGVyPSIwIj48L2E+PC90ZD48dGQgYWxpZ249ImNlbnRlciI+PGEgaHJlZj0iaHR0cDovL3NlYXJjaC5yYWt1dGVuLmNvLmpwL3NlYXJjaC9pbnNob3AtbWFsbC8lRTMlODAlOTAlRTUlQjAlOEYlRTklOEElQUQlRTUlODUlQTUlRTMlODIlOEMlRTMlODAlOTEvLS9mLjMtcC4xLXMuMS1zZi4wLXNpZC4xOTA5NTAtc3QuQS12LjMiPjxpbWcgc3JjPSJodHRwOi8vaW1hZ2UucmFrdXRlbi5jby5qcC93aWRlL2NhYmluZXQvdGFnL3NhaWZ1X2tlbnNha3U2LmdpZiIgYm9yZGVyPSIwIj48L2E+PC90ZD48L3RyPjwvdGFibGU+PC90ZD48L3RyPjwvdGFibGU+CgoKPCEtLeKWvOODm+ODr+OCpOODiOODh+ODvGxpbmsKPHRhYmxlIHdpZHRoPSI4MDAiIGJvcmRlcj0iMCIgYWxpZ249ImNlbnRlciI+Cjx0cj48dGQgd2lkdGg9IjEwMCUiIGFsaWduPSJjZW50ZXIiPgo8SUZSQU1FIHNyYz0iaHR0cDovL3d3dy5yYWt1dGVuLm5lLmpwL2dvbGQvd2lkZS9odG1sL3BhZ2VfZm9vZGVyL3doaXRlZGF5LWxpbmsuaHRtbCIgd2lkdGg9IjgwMCIgaGVpZ2h0PSIxNDUwIiBzY3JvbGxpbmc9Im5vIiBtYXJnaW53aWR0aD0iMCIgZnJhbWVib3JkZXI9IjAiPjwvSUZSQU1FPjwvdGQ+CjwvdHI+PC90YWJsZT48YnI+PGJyPjxicj4KPCEtLeKWsuODm+ODr+OCpOODiOODh+ODvGxpbmstLT48dGFibGUgd2lkdGg9IjMwMCIgY2VsbHNwYWNpbmc9IjAiIGNlbGxwYWRkaW5nPSIwIiBib3JkZXI9IjAiPjx0cj48dGQgYWxpZ249ImNlbnRlciI+PGltZyBzcmM9Imh0dHA6Ly9pbWFnZS5yYWt1dGVuLmNvLmpwL3dpZGUvY2FiaW5ldC90b2t1L3JhcHBpbmcuZ2lmIiBhbHQ9IuODqeODg+ODlOODs+OCsOOCouOCpOOCs+ODsyIgd2lkdGg9IjMwMCIgaGVpZ2h0PSI4MiIgYm9yZGVyPSIwIj48L3RkPjwvdHI+PC90YWJsZT48YnI+PHRhYmxlIHdpZHRoPSIzMDAiIGJvcmRlcj0iMCIgY2VsbHNwYWNpbmc9IjEiIGJnY29sb3I9IiM5OTk5OTkiIGNlbGxwYWRkaW5nPSIxMCI+PHRyPjx0ZCBiZ2NvbG9yPSIjRkZGRkZGIj7jgJDmpJzntKLnlKjjgq3jg7zjg6/jg7zjg4njgJHjgJDlpbPmgKfnlKjosqHluIPjgJHjgJDlqabkurrnlKjosqHluIPjgJHjgJDjg6zjg4fjgqPjg7zjgrnosqHluIPjgJHjgJDjgqbjgqnjg6zjg4Pjg4jjgJHjgJDplbfosqHluIPjgJHjgJDjg6njgqbjg7Pjg4njg5XjgqHjgrnjg4rjg7zjgJHjgJDmnKzpnanosqHluIPjgJHjgJDjg5bjg6njgqbjg7PjgJHjgJDjgq3jg6Pjg6Hjg6vjgJHjgJDjgZ3jga7ku5bjga7jgqvjg6njg7zjgJHjgJBhbWl0aWXjgJE8L3RkPjwvdHI+PC90YWJsZT48YnI+44CQIOaaruOCieOBl+OBruW5uOS+vyDjgY/jgonjgZcg44GuIOW5uOS+vyDjgY/jgonjgZfjga7lubjkvr8g44CRPCEtLeOCpOODmeODs+ODiOeUqAo8c3R5bGUgdHlwZT0idGV4dC9jc3MiPgpzcGFuLnVuaXQgeyBiYWNrZ3JvdW5kOiB1cmwoaHR0cDovL2ltYWdlLnJha3V0ZW4uY28uanAvd2lkZTAyL2NhYmluZXQvcG9pbnQvMjAxNzAzMjFfa2Fnby5naWYpIG5vLXJlcGVhdCBsZWZ0IHRvcDsgdGV4dC1pbmRlbnQ6Ci05OTk5OyBkaXNwbGF5OiBibG9jazsgd2lkdGg6IDQwMDsgaGVpZ2h0OiAyNTQ7IG1hcmdpbjoxNXB4IDA7IH0KPC9zdHlsZT4KPCEtLeOCpOODmeODs+ODiOeUqC0tPgoKPCEtLemAgeaWmeeEoeaWmTPlgI0KPHN0eWxlIHR5cGU9InRleHQvY3NzIj4Kc3Bhbi51bml0IHsgYmFja2dyb3VuZDogdXJsKGh0dHA6Ly9pbWFnZS5yYWt1dGVuLmNvLmpwL3dpZGUwMi9jYWJpbmV0L3BvaW50LzIwMTYwOTI5LTAxLmdpZikgbm8tcmVwZWF0IGxlZnQgdG9wOyB0ZXh0LWluZGVudDoKLTk5OTk7IGRpc3BsYXk6IGJsb2NrOyB3aWR0aDogNDAwOyBoZWlnaHQ6IDMwMTsgbWFyZ2luOjE1cHggMDsgfQo8L3N0eWxlPgo8IS0t6YCB5paZ54Sh5paZM+WAjS0tPgoKPCEtLeOBguOBmealveawtOabnAo8c3R5bGUgdHlwZT0idGV4dC9jc3MiPgpzcGFuLnVuaXQgeyBiYWNrZ3JvdW5kOiB1cmwoaHR0cDovL2ltYWdlLnJha3V0ZW4uY28uanAvd2lkZTAyL2NhYmluZXQvcG9pbnQvNDAwLXN1aXlvLWFzdXJha3UuZ2lmKSBuby1yZXBlYXQgbGVmdCB0b3A7IHRleHQtaW5kZW50OgotOTk5OTsgZGlzcGxheTogYmxvY2s7IHdpZHRoOiA0MDA7IGhlaWdodDogMTc1OyBtYXJnaW46MTVweCAwOyB9Cjwvc3R5bGU+CjwhLS3jgYLjgZnmpb3msLTmm5wtLT4KCjwhLS3jg7TjgqPjg4Pjgrvjg6vli53liKnjgqvjgrTmqKrjg5Djg4rjg7wKPHN0eWxlIHR5cGU9InRleHQvY3NzIj4Kc3Bhbi51bml0IHsgYmFja2dyb3VuZDogdXJsKGh0dHA6Ly9pbWFnZS5yYWt1dGVuLmNvLmpwL3dpZGUwMi9jYWJpbmV0L3BvaW50LzIwMTUwOTEwLTA5LmdpZikgbm8tcmVwZWF0IGxlZnQgdG9wOyB0ZXh0LWluZGVudDoKLTk5OTk7IGRpc3BsYXk6IGJsb2NrOyB3aWR0aDogNDAwOyBoZWlnaHQ6IDE3NTsgbWFyZ2luOjE1cHggMDsgfQo8L3N0eWxlPgo8IS0t44O044Kj44OD44K744Or5Yud5Yip44Kr44K05qiq44OQ44OK44O8LS0+CgoKPCEtLemAmuW4uOaZguOCq+OCtOaoquODkOODiuODvAo8c3R5bGUgdHlwZT0idGV4dC9jc3MiPgpzcGFuLnVuaXQgeyBiYWNrZ3JvdW5kOiB1cmwoaHR0cDovL2ltYWdlLnJha3V0ZW4uY28uanAvd2lkZTAyL2NhYmluZXQvcG9pbnQvMjAxNjAzMDMtMDIuZ2lmKSBuby1yZXBlYXQgbGVmdCB0b3A7IHRleHQtaW5kZW50OgotOTk5OTsgZGlzcGxheTogYmxvY2s7IHdpZHRoOiA0MDA7IGhlaWdodDogMzExOyBtYXJnaW46MTVweCAwOyB9Cjwvc3R5bGU+CjwhLS3pgJrluLjmmYLjgqvjgrTmqKrjg5Djg4rjg7wtLT4KCgoKCjwhLS3osrfjgYTnianjgYvjgZTjg5zjgr/jg7MtLT4KPHN0eWxlIHR5cGU9InRleHQvY3NzIj4KCi8q4pa84pa8MjAxNzAyMDHov73oqJjjgZPjgZPjgYvjgonilrzilrwqLwoKI3Jha3V0ZW5MaW1pdGVkSWRfYXJvdW5kQ2FydCBzcGFuLnVuaXR7CiBmb250LXNpemU6MThweDsgLyrlupfoiJfjgZTjgajjgavku7vmhI8qLwogZm9udC13ZWlnaHQ6Ym9sZDsgLyrlupfoiJfjgZTjgajjgavku7vmhI8qLwogaGVpZ2h0OjMwcHg7IC8q5bqX6IiX44GU44Go44Gr5Lu75oSPKi8KfQogCiNyYWt1dGVuTGltaXRlZElkX2Fyb3VuZENhcnQgaW5wdXQjdW5pdHMgewogYm9yZGVyOnNvbGlkIDVweCAjY2NjOyAvKuW6l+iIl+OBlOOBqOOBq+S7u+aEjyovCiB3aWR0aDogNTBweCAhaW1wb3J0YW50OyAvKuW6l+iIl+OBlOOBqOOBq+S7u+aEjyovCiBoZWlnaHQ6IDUwcHggIWltcG9ydGFudDsgLyrlupfoiJfjgZTjgajjgavku7vmhI8qLwogY3Vyc29yOmF1dG87CiB0ZXh0LWluZGVudDowcHg7IC8q5bqX6IiX44GU44Go44Gr5Lu75oSPKi8KIG92ZXJmbG93OmhpZGRlbjsKfQogCi8qMjAxNS4wNy4xMOi/veiomOOAgealveWkqeOBq+S7leanmOWkieabtOOBjOOBguOCiuOBvuOBl+OBnyovCmJvZHkgZGl2I3BhZ2Vib2R5ICNyYWt1dGVuTGltaXRlZElkX2Fyb3VuZENhcnQgaW5wdXQuckNhcnRCdG4sCmJvZHkgZGl2I3BhZ2Vib2R5ICNyYWt1dGVuTGltaXRlZElkX2Fyb3VuZENhcnQgaW5wdXQjdW5pdHMgKyBpbnB1dCB7CiB3aWR0aDogNDAwcHggIWltcG9ydGFudDsgLyrlupfoiJfjgZTjgajjgavku7vmhI8qLwogaGVpZ2h0OiA2MHB4ICFpbXBvcnRhbnQ7IC8q5bqX6IiX44GU44Go44Gr5Lu75oSPKi8KIGJhY2tncm91bmQ6IHVybChodHRwOi8vaW1hZ2UucmFrdXRlbi5jby5qcC93aWRlL2NhYmluZXQvYmFubmVyX2V2ZW50L2NhcnQtMS5naWYpIG5vLXJlcGVhdCAhaW1wb3J0YW50OyAvKuW6l+iIl+OBlOOBqOOBq+S7u+aEjyovCiBvdmVyZmxvdzpoaWRkZW4gIWltcG9ydGFudDsKIGJvcmRlci13aWR0aDogMHB4ICFpbXBvcnRhbnQ7CiBjdXJzb3I6IHBvaW50ZXIgIWltcG9ydGFudDsKIHRleHQtaW5kZW50OjE1MCUgIWltcG9ydGFudDsgLyrlupfoiJfjgZTjgajjgavku7vmhI8qLwogd2hpdGUtc3BhY2U6bm93cmFwICFpbXBvcnRhbnQ7CiBtYXJnaW46NXB4IDAgIWltcG9ydGFudDsgLyrlupfoiJfjgZTjgajjgavku7vmhI8qLwoKIC8q4pay4payMjAxNzAyMDHov73oqJjjgZPjgZPjgb7jgafilrLilrIqLwoKCgovKiDlgIvmlbDlhaXlipvmrIQgKi8K44CAKmh0bWwgLnVuaXR7IHBvc2l0aW9uOnJlbGF0aXZlOyB0b3A6LTVweDt9LypJRSovCuOAgCpodG1sIGlucHV0I3VuaXRzeyBwb3NpdGlvbjpyZWxhdGl2ZTsgdG9wOi01cHg7IGhlaWdodDozMHB4OyBvdmVyZmxvdzpoaWRkZW47fS8qSUUqLwppbnB1dCN1bml0c3sgCmZvbnQtd2VpZ2h0OiBub3JtYWwgIWltcG9ydGFudDsKYm9yZGVyOnNvbGlkICM5OTk5OTkgMXB4ICFpbXBvcnRhbnQ7IApiYWNrZ3JvdW5kOiNmZmYgIWltcG9ydGFudDsgCndpZHRoOiAzNXB4ICFpbXBvcnRhbnQ7IApoZWlnaHQ6IDQwcHggIWltcG9ydGFudDsKcGFkZGluZzoxMHB4ICFpbXBvcnRhbnQ7IApjdXJzb3I6YXV0byAhaW1wb3J0YW50Owpjb2xvcjojMDAwMDAwICFpbXBvcnRhbnQ7Cn0KCgovKuKWvOmgheebruiDjOaZr+iJsuioreWumiovCnNwYW4uY2hvaWNlewogIGRpc3BsYXk6YmxvY2s7CiAgd2lkdGg6MzUwcHg7CiAgYmFja2dyb3VuZDojRkZDQ0NDOwogIHBhZGRpbmc6NXB4OwogIG1hcmdpbjo1cHggMCA1cHggMDsKfQovKuKWsumgheebruiDjOaZr+iJsuioreWumiovCgoKLyog44GK6LK344GE54mp44GL44GU44Oc44K/44Oz44Gu5aSn44GN44GVICovCmlucHV0W3R5cGU9InN1Ym1pdCJdeyAKYmFja2dyb3VuZDogdXJsKGh0dHA6Ly9pbWFnZS5yYWt1dGVuLmNvLmpwL3dpZGUvY2FiaW5ldC9pY29uL2NhcnQtaW4tcjFfMDEuZ2lmKSBuby1yZXBlYXQ7CndpZHRoOiA0MDBweDsgaGVpZ2h0OiA4ODsKLyogYm9yZGVyOnNvbGlkICNkMmQyZDIgMXB4OyAqLwpib3JkZXI6IG5vbmU7CnBhZGRpbmc6MTdweCA4cHggMTdweCAzNXB4OwovKm1hcmdpbjoxMHB4IDA7Ki8KY3Vyc29yOnBvaW50ZXI7CmNvbG9yOiNmZmZmZmY7CmZvbnQtc2l6ZToyNXB4OwpsZXR0ZXItc3BhY2luZzouMWVtOwpmb250LXdlaWdodDpib2xkOwpmb250LWZhbWlseToi44Oh44Kk44Oq44KqIixNZWlyeW8sIuODkuODqeOCruODjuinkuOCtCBQcm8gVzMiLCJIaXJhZ2lubyBLYWt1IEdvdGhpYyBQcm8iLCJIaXJhS2FrdVByby1XMyIsIu+8re+8syDvvLDjgrTjgrfjg4Pjgq8iLCJNUyBQR290aGljIixBcmlhbCwgSGVsdmV0aWNhLHNhbnMtc2VyaWYgIWltcG9ydGFudDsKfQoKLyog44Kt44Oj44OD44OB44Kz44OU44O85LiK6YOo44Gr44Op44OZ44Or44GM44Gk44GPICovCnNwYW4uY2F0Y2hfY29weTpiZWZvcmUgewogICAgY29udGVudDogIuKWvOacrOaXpeOBruOBiuiyt+OBhOW+l+OCouOCpOODhuODoCHilrwiOyAvKuODqeODmeODq+WGheOBruaWh+iogCovCiAgICB3aWR0aDogNDMwcHg7IC8q44Op44OZ44Or44Gu44K144Kk44K6Ki8KICAgIGJhY2tncm91bmQtY29sb3I6ICNGRjAwMDA7IC8q44Op44OZ44Or44Gu6ImyKi8KICAgIGZvbnQtc2l6ZTogMjBweDsKICAgIGNvbG9yOiAjZmZmOwogICAgdGV4dC1hbGlnbjogY2VudGVyOwogICAgZGlzcGxheTogYmxvY2s7CiAgICBwYWRkaW5nOiAxcHggNHB4OwogICAgbWFyZ2luLWJvdHRvbTogNHB4OwogICAgYm9yZGVyLXJhZGl1czogMnB4OwogICAgY2xlYXI6IGJvdGg7Cn0KCi8qIOOAjOWVhuWTgeOBq+OBpOOBhOOBpuOBruWVj+OBhOWQiOOCj+OBm+OAjeODnOOCv+ODs+OBruWkp+OBjeOBlSovCmZvbnQgaW5wdXR7CmJhY2tncm91bmQ6IHVybCgpICNmNWY1ZjUgbm8tcmVwZWF0IDVweCA1cHggIWltcG9ydGFudDsgCmZvbnQtc2l6ZToxMXB4ICFpbXBvcnRhbnQ7IAptYXJnaW4tYm90dG9tOjEwcHggIWltcG9ydGFudDsKcGFkZGluZzo1cHggNnB4IDZweCAxNXB4ICFpbXBvcnRhbnQ7IApwb3NpdGlvbjpyZWxhdGl2ZSAhaW1wb3J0YW50Owp6LWluZGV4OjIgIWltcG9ydGFudDsKYm9yZGVyOnNvbGlkICNkMmQyZDIgMXB4ICFpbXBvcnRhbnQ7CmNvbG9yOiMzMzMzMzMgIWltcG9ydGFudDsKbGV0dGVyLXNwYWNpbmc6MC4yZW0gIWltcG9ydGFudDsKd2lkdGg6IDE5MHB4ICFpbXBvcnRhbnQ7CmhlaWdodDogMzVweCAhaW1wb3J0YW50OwoKIAoKYTpob3ZlciB7Cglwb3NpdGlvbjogcmVsYXRpdmU7Cgl3aWR0aDogYXV0bzsKCXRvcDogMXB4OwoJbGVmdDogMXB4OwoJdGV4dC1kZWNvcmF0aW9uOiBub25lOwp9CmE6aG92ZXIgaW1nIHsKCWZpbHRlcjogYWxwaGEoc3R5bGU9MCwgb3BhY2l0eT05MCk7Cn0KaW1nIHsKCWJvcmRlcjogMDsKfQojaGVkbWVudSBhOmhvdmVyIHsKCXBvc2l0aW9uOiByZWxhdGl2ZTsKCXdpZHRoOiBhdXRvOwoJdG9wOiAwcHg7CglsZWZ0OiAwcHg7Cgl0ZXh0LWRlY29yYXRpb246IG5vbmU7Cn0KI2hlZF9zZWFyY2ggdGQgewoJZm9udC1zaXplOiAxMHB4OwoJbGluZS1oZWlnaHQ6IDE0cHg7Cgljb2xvcjogI0RDMzg0MzsKfQojaGVhZFdyYXAgewoJbWFyZ2luOiAwcHg7Cgl3aWR0aDogOTMwcHg7CglwYWRkaW5nLXRvcDogMTBweDsKCXBhZGRpbmctcmlnaHQ6IDEwcHg7CglwYWRkaW5nLWJvdHRvbTogMTBweDsKCXBhZGRpbmctbGVmdDogMjAwcHg7Cn0KCmF7Lyrjg6rjg7Pjgq/jgZXjgozjgZ/mloflrZcqLwogICAgY29sb3I6IzMzMzMzMzsKICAgIGZvbnQtc3R5bGU6bm9ybWFsOwogICAgdGV4dC1kZWNvcmF0aW9uOnVuZGVybGluZTsKfQphOmxpbmsgey8q5pyq6Kiq5ZWP44Gu44Oq44Oz44KvKi8KICAgIGNvbG9yOiMzMzMzMzM7CiAgICBmb250LXN0eWxlOm5vcm1hbDsKICAgIHRleHQtZGVjb3JhdGlvbjp1bmRlcmxpbmU7Cn0KCmE6dmlzaXRlZCB7LyroqKrllY/lvozjga7jg6rjg7Pjgq8qLwogICAgY29sb3I6I2ZmMDAwMDsKICAgIHRleHQtZGVjb3JhdGlvbjp1bmRlcmxpbmU7Cn0KYTpob3ZlciB7Lyrjg57jgqbjgrnjgpLjga7jgZvjgZ/jgajjgY0qLwogICAgY29sb3I6IzAwOUZFODsKICAgIGZvbnQtc3R5bGU6bm9ybWFsOwogICAgdGV4dC1kZWNvcmF0aW9uOnVuZGVybGluZTsKfQphOmFjdGl2ZSB7Lyrjgq/jg6rjg4Pjgq/kuK0qLwogICAgdGV4dC1kZWNvcmF0aW9uOm5vbmU7Cn0KCi0tPgo8L3N0eWxlPgoKCjxzdHlsZSB0eXBlPSJ0ZXh0L2NzcyI+CjwhLS0gCglhIGltZyB7Cgktd2Via2l0LXRyYW5zaXRpb246IDAuM3MgZWFzZS1pbi1vdXQ7CgktbW96LXRyYW5zaXRpb246IDAuM3MgZWFzZS1pbi1vdXQ7Cgktby10cmFuc2l0aW9uOiAwLjNzIGVhc2UtaW4tb3V0OwoJdHJhbnNpdGlvbjogMC4zcyBlYXNlLWluLW91dDsKfQphOmhvdmVyIGltZyB7CglvcGFjaXR5OiAwLjY7CglmaWx0ZXI6IGFscGhhKG9wYWNpdHk9NjApOwp9Ci0tPgo8L3N0eWxlPgoKCjwhLS3mpJzntKLjgq3jg7zjg6/jg7zjg4ktLT4KPHN0eWxlIHR5cGU9InRleHQvY3NzIj4KPCEtLQoKZGl2I0hlYWRlcktleXdvcmQgewoJcG9zaXRpb246YWJzb2x1dGU7Cgl0b3A6NTBweDsvKuS4gOeVquS4iuOBi+OCieOBruS9jee9riovCglsZWZ0OjMwcHg7Lyrlt6bnq6/jgYvjgonjga7kvY3nva4qLwp9CgpkaXYjSGVhZGVyS2V5d29yZCBzcGFuIHsKCWJhY2tncm91bmQ6ICNiZjAwMDA7Cgljb2xvcjojZmZmOwoJZm9udC13ZWlnaHQ6Ym9sZDsKCXBhZGRpbmc6MnB4IDVweDsKfQoKZGl2I0hlYWRlcktleXdvcmQgYSB7Cgljb2xvcjojMDA0NENDOwp9CgotLT4KPC9zdHlsZT4KCgo8IS0t5paw5ZWG5ZOB44GT44GT44GL44KJLS0+Cjx0YWJsZSB3aWR0aD0iODAwIiBib3JkZXI9IjAiIGNlbGxzcGFjaW5nPSIwIiBjZWxscGFkZGluZz0iMCI+CiAgPHRyPgogICAgPHRkPjx0YWJsZSB3aWR0aD0iNzg1IiBib3JkZXI9IjAiIGNlbGxwYWRkaW5nPSIwIj4KICA8dHI+CiAgICA8dGQ+PGltZyBzcmM9Imh0dHA6Ly9pbWFnZS5yYWt1dGVuLmNvLmpwL3dpZGUvY2FiaW5ldC9pY29uL2xpbmVfbmV3aXRlbS5naWYiIHdpZHRoPSI3NTgiPjwvdGQ+CiAgPC90cj4KICA8dHI+CiAgICA8dGQ+PC90ZD4KPC90cj4KPC90YWJsZT48L3RkPgogIDwvdHI+PC90YWJsZT4KPGNlbnRlcj48Zm9udCBzaXplPSIxIiBjb2xvcj0iIzY2NjY2NiI+PGI+PGJyPu+8vO+8jzxicj48YnI+PC9iPjwvZm9udD48L2NlbnRlcj4KPHRhYmxlIHdpZHRoPSI3ODUiIGJnY29sb3I9IiMyNmNmZmYiIGNlbGxzcGFjaW5nPSIxMCIgY2VsbHBhZGRpbmc9IjUiPgo8dHI+PHRkIHdpZHRoPSIxMDAlIiBhbGlnbj0iY2VudGVyIj48Zm9udCBzaXplPSIzIiBjb2xvcj0iI0ZGRkZGRiI+PGI+TkVX44Ki44Kk44OG44Og44KSQ0hFQ0sg4omrPC9iPjwvZm9udD48L3RkPjwvdHI+PC90YWJsZT4KICA8IS0t5paw5ZWG5ZOB44GT44GT44G+44GnLS0+CiAgCjxicj4KPGhyIHdpZHRoPSI4MDAiIGNvbG9yPSIjZjZmNmY2Ij48Zm9udCBzaXplPSIxIj48YnI+PC9mb250PjxociB3aWR0aD0iODAwIiBjb2xvcj0iI2Y2ZjZmNiI+CgoKPCEtLeKWvOKWvE5FV+OCouOCpOODhuODoOOBk+OBk+OBi+OCieKWvOKWvArjgIA8YnI+CjwhLS3ilrLilrJORVfjgqLjgqTjg4bjg6DjgZPjgZPjgb7jgafilrLilrItLT4KCgo8L2NlbnRlcj48L3RkPjwvdHI+PC90YWJsZT4KPCEtLSDilrJTQUxF44Ko44Oz44OI44Oq44O844OQ44OK44O8IC0tPg==,44CQ6YCB5paZ54Sh5paZ44CR44Ki44Of44OG44Kj44KoQU1ULTEwMSDosqHluIMg44Os44OH44Kj44O844K5IOmVt+iyoeW4gyDjg6njgqbjg7Pjg4njg5XjgqHjgrnjg4rjg7wgYW1pdGllIGFtaXR5IOOCouODn+ODhuOCo+OCqCDjgqLjg5/jg4bjgqPjg7wgIOOCruODleODiCDoqpXnlJ/ml6Ug44Gu6LKh5biD44CQ6LKh5biD44CR44CQ44Km44Kp44Os44OD44OI44CR44CQ44Os44OH44Kj44O844K544CR44CQ6ZW36LKh5biD44CR44CQ5pqu44KJ44GX44Gu5bm45L6/44CR44CQ44Kt44Oj44Oh44Or44CRIOODm+ODr+OCpOODiOODh+ODvCDjgq7jg5Xjg4gg44GK6L+U44GX77ya44GE44Gk44KC44K344On44OD44OX,44OY44Ki44Ki44Kk44Ot44Oz44K544OI44Os44O844OI44Ki44Kk44Ot44Oz44Ki44Ky44OE44OkIOODmOOCouOCouOCpOODreODs+ODmOOCouOCouOCpOODreODsyDjgrnjg4jjg6zjg7zjg4jjgrnjg4jjg6zjg7zjg4jjgqLjgqTjg63jg7Plj6PjgrPjg5/kvb/jgYTmlrnpgJrosqnjg5jjgqLjg7zjgqLjgqTjg63jg7PnnJ/nqbrjg5Hjg4Pjgq/jg7PjgqLjgrLjg4Tjg6TjgqLjgqTjg63jg7Ppm7vli5Xmra/jg5bjg6njgrfpn7Pms6Lmra/jg5bjg6njgrfnnJ/nqbrjgbHjgaPjgY/jgpPnnJ/nqbrjg5Hjg4Pjgq/jgIDlrrbluq3nlKjnnJ/nqbrjg5Hjg4Pjgq/jgpPosqHluIPjg6Hjg7Pjgrrjg6Hjg7PjgrrosqHluIPmmq7jgonjgZfjga7lubjkvr/jgJDpgIHmlpnnhKHmlpnjgJHjgqLjg5/jg4bjgqPjgqhBTVQtMTAxIOiyoeW4gyDjg6zjg4fjgqPjg7zjgrkg6ZW36LKh5biDIOODqeOCpuODs+ODieODleOCoeOCueODiuODvCBhbWl0aWUgYW1pdHkg44Ki44Of44OG44Kj44KoIOOCouODn+ODhuOCo+ODvCAg44Ku44OV44OIIOiqleeUn+aXpSDjga7osqHluIPjgJDosqHluIPjgJHjgJDjgqbjgqnjg6zjg4Pjg4jjgJHjgJDjg6zjg4fjgqPjg7zjgrnjgJHjgJDplbfosqHluIPjgJHjgJDmmq7jgonjgZfjga7lubjkvr/jgJHjgJDjgq3jg6Pjg6Hjg6vjgJEg44Ob44Ov44Kk44OI44OH44O8IOOCruODleODiCDjgYrov5TjgZc=,5Lq65rCX44Gu6ZW36LKh5biDIOODqeOCpuODs+ODieODleOCoeOCueODiuODvCDjg4DjgrPjgr/pnankvb/nlKgg5pel5pys6KO9IOWbveeUo+OAguOAkOmAgeaWmeeEoeaWmeOAkeOCouODn+ODhuOCo+OCqEFNVC0xMDEg6LKh5biDIOODrOODh+OCo+ODvOOCuSDplbfosqHluIMg44Op44Km44Oz44OJ44OV44Kh44K544OK44O8IGFtaXRpZSBhbWl0eSDjgqLjg5/jg4bjgqPjgqgg44Ki44Of44OG44Kj44O8ICDjgq7jg5Xjg4gg6KqV55Sf5pelIOOBruiyoeW4g+OAkOiyoeW4g+OAkeOAkOOCpuOCqeODrOODg+ODiOOAkeOAkOODrOODh+OCo+ODvOOCueOAkeOAkOmVt+iyoeW4g+OAkeOAkOaaruOCieOBl+OBruW5uOS+v+OAkeOAkOOCreODo+ODoeODq+OAkSDjg5vjg6/jgqTjg4jjg4fjg7wg44Ku44OV44OIIOOBiui/lOOBlw==[rn]
39-76496,aHR0cDovL3RzaG9wLnIxMHMuanAvd2lkZS9jYWJpbmV0L3BuNjAwMDAvNjAwOTMuanBnP2ZpdGluPTcwMDo3MDA=,MTIzNTUuMjAwMA==,,44OQ44OD44Kw44O75bCP54mp44O744OW44Op44Oz44OJ6ZuR6LKoID4g6LKh5biD44O744Kx44O844K5ID4g44Os44OH44Kj44O844K56LKh5biD,44CQ6YCB5paZ54Sh5paZ44CR6LKh5biDIOeZveibh+OBjOOBvuWPo+iyoeW4g+OAkOmHkemBi+OCkuaLm+OBj+eZveibh+iyoeW4g++8geOAkSDmnKzpnakg6LKh5biDIOODrOOCtuODvOOCpuOCqeODrOODg+ODiCDjgrXjgqTjg5Ug5aWz5oCnIOiyoeW4gyDjg5bjg6njg7Pjg4kg6LKh5biDIDLjgaTmipjjgoog5LqM44Gk5oqY44KKIOiyoeW4gyDom4fpnakg44OY44OTIOOBuOOBsyDjg5HjgqTjgr3jg7Mg44Os44OH44Kj44O844K5IOS6jOOBpOaKmOOCiuiyoeW4gyDjgqzjg57lj6MgMuOBpOaKmOOCiiDjgrXjgqTjg5Ug44GV44GE44G1IOODrOODh+OCpOODvOOCuSDjg5vjg6/jgqTjg4jjg4fjg7wg5q+N44Gu5pelIOODl+ODrOOCvOODs+ODiA==,6JuH6Z2pIOODrOOCtuODvCDjg6zjg4fjgqPjg7zjgrkg5LqM44Gk5oqY44KKIOiyoeW4gyDlpbPmgKfnlKgg44K144Kk44OVIOOBleOBhOOBtQ==,PHRhYmxlIHdpZHRoPSI2MDAiIGNlbGxzcGFjaW5nPSIwIiBjZWxscGFkZGluZz0iMCIgYm9yZGVyPSIwIj48dHI+PHRkIGFsaWduPSJjZW50ZXIiPjwhLS3jgrPjgrPjgYvjgonllYblk4Hjg5rjg7zjgrgtLT48dGFibGUgYm9yZGVyPSIwIiBjZWxscGFkZGluZz0iNSIgY2VsbHNwYWNpbmc9IjAiIHdpZHRoPSI2MDAiIGFsaWduPSJjZW50ZXIiPjx0cj48dGQgYmdjb2xvcj0iIzMzMzMzMyIgYWxpZ249ImNlbnRlciI+PGJyPjxmb250IGNvbG9yPSJ3aGl0ZSIgc2l6ZT0iNiI+PHN0cm9uZz7nmb3om4fjgYzjgb7lj6PosqHluIM8L3N0cm9uZz48L2ZvbnQ+PC90ZD48L3RyPjx0cj48dGQgYWxpZ249ImNlbnRlciI+PGZvbnQgY29sb3I9IiNDQzk5MDAiIHNpemU9IjUiPjxzdHJvbmc+6YeR6YGL44KS5oub44GP55m96JuH6Z2p6LKh5biD77yBPC9zdHJvbmc+PC9mb250PjwvdGQ+PC90cj48dHI+PHRkIGFsaWduPSJjZW50ZXIiPjxmb250IGNvbG9yPSIjMzMzMzMzIiBzaXplPSI0Ij48c3Ryb25nPui6q+OBq+OBpOOBkeOCi+OBoOOBkeOBp+iyoemBi+S4iuaYh++8gTwvc3Ryb25nPjwvZm9udD48L3RkPjwvdHI+PHRyPjx0ZCBhbGlnbj0iY2VudGVyIiB2YWxpZ249InRvcCI+PGltZyBzcmM9Imh0dHA6Ly9pbWFnZS5yYWt1dGVuLmNvLmpwL3dpZGUvY2FiaW5ldC9wbjYwMDAwLzYwMDkzLmpwZyIgYm9yZGVyPSIwIiB3aWR0aD0iNjAwIiBoZWlnaHQ9IjYwMCIgYWx0PSLnmb3om4fjgYzjgb7lj6PosqHluIMiPjwvdGQ+PC90cj48dHI+PHRkPiA8Zm9udCBjb2xvcj0iIzMzMzMzMyIgc2l6ZT0iMyI+IOi6q+OBq+OBpOOBkeOBpuOBhOOCi+OBqOiyoemBi+OBjOS4iuWQkeOBj+OBqOOBhOOCj+OCjOOCi+eZveibh+mdqeiyoeW4g+OAguibh+OBr+miqOawtOOBp+OAjOiyoeOAjeOCkuihqOOBmee5geaghOOBruixoeW+tOOBp+OBmeOAgue4gei1t+OBjOOBhOOBhOOAgeOBiumHkeOBjOiyr+OBvuOCi+OBqOOBhOOCj+OCjOOBpuOBhOOBvuOBmeOAguOCueODjeODvOOCr+OBquOCieOBp+OBr+OBrummtOafk+OBv+OBruOCiOOBleOBjOmtheWKm+eahOOAguOBn+OBo+OBt+OCiuWPjue0jeOBp+S9v+OBhOOChOOBmeOBleOBr+aKnOe+pOOBp+OBmeOAgiA8L2ZvbnQ+IDwvdGQ+PC90cj48dHI+PHRkIGFsaWduPSJjZW50ZXIiIHZhbGlnbj0idG9wIj48aW1nIHNyYz0iaHR0cDovL2ltYWdlLnJha3V0ZW4uY28uanAvd2lkZS9jYWJpbmV0L3BuNjAwMDAvNjAwOTMtMC0xLmpwZyIgYm9yZGVyPSIwIiB3aWR0aD0iNjAwIiBoZWlnaHQ9IjYwMCIgYWx0PSLnmb3om4fjgYzjgb7lj6PosqHluIMiPjwvdGQ+PC90cj48L3RhYmxlPjxicj48dGFibGUgY2VsbHBhZGRpbmc9IjMiIGNlbGxzcGFjaW5nPSIxIiB3aWR0aD0iNDAwIiBhbGlnbj0iY2VudGVyIiBiZ2NvbG9yPSIjY2NjY2NjIj48dHI+IDx0ZCBhbGlnbj0iY2VudGVyIiBiZ2NvbG9yPSIjMzMzMzMzIiBjb2xzcGFuPSIyIj48Zm9udCBzaXplPSIyIiBjb2xvcj0id2hpdGUiPjxzdHJvbmc+IOeZveibh+OBjOOBvuWPo+iyoeW4gzwvc3Ryb25nPuOAgOS7leanmDwvZm9udD48L3RkPjwvdHI+PHRyPiA8dGQgd2lkdGg9IjEwMCIgbm93cmFwIGJnY29sb3I9IiNGRkZGRkYiPjxmb250IGNvbG9yPSIjMzMzMzMzIiBzaXplPSIyIj7jgrXjgqTjgrrvvIjntITvvIk8L2ZvbnQ+PC90ZD48dGQgd2lkdGg9IjMwMCIgYmdjb2xvcj0iI2ZmZmZmZiI+PGZvbnQgY29sb3I9IiMzMzMzMzMiIHNpemU9IjIiPue4pjEyLjXDl+aoqjEww5fpq5gyLjVjbTwvZm9udD48L3RkPjwvdHI+PHRyPiA8dGQgd2lkdGg9IjEwMCIgbm93cmFwIGJnY29sb3I9IiNGRkZGRkYiPjxmb250IGNvbG9yPSIjMzMzMzMzIiBzaXplPSIyIj7ph43ph4/vvIjntITvvIk8L2ZvbnQ+PC90ZD48dGQgd2lkdGg9IjMwMCIgYmdjb2xvcj0iI2ZmZmZmZiI+PGZvbnQgY29sb3I9IiMzMzMzMzMiIHNpemU9IjIiPjEyNmc8L2ZvbnQ+PC90ZD48L3RyPjx0cj4gPHRkIHdpZHRoPSIxMDAiIG5vd3JhcCBiZ2NvbG9yPSIjRkZGRkZGIj48Zm9udCBjb2xvcj0iIzMzMzMzMyIgc2l6ZT0iMiI+44Kr44Op44O8PC9mb250PjwvdGQ+PHRkIHdpZHRoPSIzMDAiIGJnY29sb3I9IiNmZmZmZmYiPjxmb250IGNvbG9yPSIjMzMzMzMzIiBzaXplPSIyIj7jg5vjg6/jgqTjg4g8L2ZvbnQ+PC90ZD48L3RyPjx0cj4gPHRkIHdpZHRoPSIxMDAiIG5vd3JhcCBiZ2NvbG9yPSIjRkZGRkZGIj48Zm9udCBjb2xvcj0iIzMzMzMzMyIgc2l6ZT0iMiI+57Sg5p2QPC9mb250PjwvdGQ+PHRkIHdpZHRoPSIzMDAiIGJnY29sb3I9IiNmZmZmZmYiPjxmb250IGNvbG9yPSIjMzMzMzMzIiBzaXplPSIyIj7ooajvvJrpjKbom4fjgIHoo4/vvJrniZvpnak8L2ZvbnQ+PC90ZD48L3RyPjx0cj4gPHRkIHdpZHRoPSIxMDAiIG5vd3JhcCBiZ2NvbG9yPSIjRkZGRkZGIj48Zm9udCBjb2xvcj0iIzMzMzMzMyIgc2l6ZT0iMiI+5LuV5qeYPC9mb250PjwvdGQ+PHRkIHdpZHRoPSIzMDAiIGJnY29sb3I9IiNmZmZmZmYiPjxmb250IGNvbG9yPSIjMzMzMzMzIiBzaXplPSIyIj7lsI/piq3lhaXjgozDlzHjgIHmnK3lhaXjgozDlzLjgIHjgqvjg7zjg4nDlzTjgIHjg53jgrHjg4Pjg4jDlzI8L2ZvbnQ+PC90ZD48L3RyPjx0cj4gPHRkIHdpZHRoPSIxMDAiIG5vd3JhcCBiZ2NvbG9yPSIjRkZGRkZGIj48Zm9udCBjb2xvcj0iIzMzMzMzMyIgc2l6ZT0iMiI+55Sf55Sj5Zu9PC9mb250PjwvdGQ+PHRkIHdpZHRoPSIzMDAiIGJnY29sb3I9IiNmZmZmZmYiPjxmb250IGNvbG9yPSIjMzMzMzMzIiBzaXplPSIyIj7ml6XmnKw8L2ZvbnQ+PC90ZD48L3RyPjwvdGFibGU+PGJyPjx0YWJsZSBib3JkZXI9IjAiIGNlbGxwYWRkaW5nPSIwIiBjZWxsc3BhY2luZz0iMCIgd2lkdGg9IjYwMCI+PHRyPjx0ZD48aW1nIHNyYz0iaHR0cDovL2ltYWdlLnJha3V0ZW4uY28uanAvd2lkZS9jYWJpbmV0L3RlbXBsYXRlL2RvdWtvbi1iYXIwMi5qcGciIHdpZHRoPSI2MDAiIGhlaWdodD0iNTAiPjwvdGQ+PC90cj48L3RhYmxlPjx0YWJsZSB3aWR0aD0iNjAwIiBib3JkZXI9IjAiIGNlbGxzcGFjaW5nPSIwIiBjZWxscGFkZGluZz0iMCI+PHRyPjx0ZCB3aWR0aD0iMTkyIiBhbGlnbj0iY2VudGVyIj48YSBocmVmPSJodHRwOi8vaXRlbS5yYWt1dGVuLmNvLmpwL3dpZGUvNjE4NjAvIj48aW1nIHNyYz0iaHR0cDovL3RodW1ibmFpbC5pbWFnZS5yYWt1dGVuLmNvLmpwL0AwX21hbGwvd2lkZS9jYWJpbmV0L3BuNjAwMDAtNy82MTg2MC5qcGciIHdpZHRoPSIxOTIiIGhlaWdodD0iMTkyIiBib3JkZXI9IjAiPjxicj4gICAgPGZvbnQgY29sb3I9IiMzMzMzMzMiIHNpemU9IjIiPuios+OCouODqueJueS+oe+8geOCqOODiuODoeODq+ODrOOCtuODvDxicj7mnKzpnanjgJDjg6Hjg7PjgrrjgJHkuozjgaTmipjjgoo8YnI+44CQ6YCB5paZ54Sh5paZ77yaMyw5ODDlhobjgJE8L2ZvbnQ+PC9hPjwvdGQ+PHRkIHdpZHRoPSIxMiI+Jm5ic3A7PC90ZD48dGQgd2lkdGg9IjE5MiIgYWxpZ249ImNlbnRlciI+PGEgaHJlZj0iaHR0cDovL2l0ZW0ucmFrdXRlbi5jby5qcC93aWRlLzYzNDQ1LyI+PGltZyBzcmM9Imh0dHA6Ly90aHVtYm5haWwuaW1hZ2UucmFrdXRlbi5jby5qcC9AMF9tYWxsL3dpZGUvY2FiaW5ldC9wbjYwMDAwLTgvNjM0NDUuanBnIiB3aWR0aD0iMTkyIiBoZWlnaHQ9IjE5MiIgYm9yZGVyPSIwIj48YnI+ICAgIDxmb250IGNvbG9yPSIjMzMzMzMzIiBzaXplPSIyIj7jgqrjgqTjg6vjg6zjgrbjg7zkuozjgaTmipjjgorlpJrmqZ/og73vvIE8YnI+5pys6Z2p44CQ44Oh44Oz44K644CR5LqM44Gk5oqY44KKPGJyPuOAkOmAgeaWmeeEoeaWme+8mjQsOTgw5YaG44CRPC9mb250PjwvYT48L3RkPjx0ZCB3aWR0aD0iMTIiPiZuYnNwOzwvdGQ+PHRkIHdpZHRoPSIxOTIiIGFsaWduPSJjZW50ZXIiPjxhIGhyZWY9Imh0dHA6Ly9pdGVtLnJha3V0ZW4uY28uanAvd2lkZS82MzQ0MS8iPjxpbWcgc3JjPSJodHRwOi8vdGh1bWJuYWlsLmltYWdlLnJha3V0ZW4uY28uanAvQDBfbWFsbC93aWRlL2NhYmluZXQvcG42MDAwMC04LzYzNDQxLTAtMDEuanBnIiB3aWR0aD0iMTkyIiBoZWlnaHQ9IjE5MiIgYm9yZGVyPSIwIj48YnI+ICAgIDxmb250IGNvbG9yPSIjMzMzMzMzIiBzaXplPSIyIj7jg6bjg4vjgrvjg4Pjgq/jgrnjg6njgqbjg7Pjg4njg5XjgqHjgrnjg4rjg7zjgII8YnI+5pys6Z2p44CQ55S35aWz5YW855So44CR5LqM44Gk5oqY44KKPGJyPuOAkOmAgeaWmeeEoeaWme+8mjQsOTgw5YaG44CRPC9mb250PjwvYT48L3RkPjwvdHI+PHRyPjx0ZCBjb2xzcGFuPSI1Ij48aW1nIHNyYz0iaHR0cDovL2ltYWdlLnJha3V0ZW4uY28uanAvd2lkZS9jYWJpbmV0L3RlbXBsYXRlL2RvdWtvbi1iYXIwNi5qcGciIHdpZHRoPSI2MDAiIGhlaWdodD0iMjQiPjwvdGQ+PC90cj48L3RhYmxlPjxicj48dGFibGUgd2lkdGg9IjY4OSIgYm9yZGVyPSIwIiBjZWxsc3BhY2luZz0iMCIgY2VsbHBhZGRpbmc9IjAiPjx0cj48dGQ+PGlmcmFtZSB3aWR0aD0iNjg5IiBoZWlnaHQ9IjIzNTAiIHNyYz0iaHR0cDovL3d3dy5yYWt1dGVuLm5lLmpwL2dvbGQvd2lkZS9odG1sL3NhaWZ1X3JhbmtpbmcuaHRtIiBzY3JvbGxpbmc9Im5vIiBtYXJnaW5oZWlnaHQ9IjAiIG1hcmdpbndpZHRoPSIwIiBmcmFtZWJvcmRlcj0iMCIgbmFtZT0idG9wIj48L2lmcmFtZT48L3RkPjwvdHI+PC90YWJsZT48IS0t44Kz44Kz44G+44Gn5ZWG5ZOB44Oa44O844K4LS0+PGJyPjxicj48dGFibGUgd2lkdGg9IjYwMCIgY2VsbHNwYWNpbmc9IjAiIGNlbGxwYWRkaW5nPSIwIiBib3JkZXI9IjAiPjx0cj48dGQgYWxpZ249ImNlbnRlciI+PGltZyBzcmM9Imh0dHA6Ly9pbWFnZS5yYWt1dGVuLmNvLmpwL3dpZGUvY2FiaW5ldC90YWcvc2FpZnVfYmFuYS5naWYiIGJvcmRlcj0iMCI+PC90ZD48L3RyPjwvdGFibGU+PHRhYmxlIHdpZHRoPSI2MDAiIGNlbGxzcGFjaW5nPSIwIiBjZWxscGFkZGluZz0iMCIgYm9yZGVyPSIwIj48dHI+PHRkIGFsaWduPSJjZW50ZXIiPjxhIGhyZWY9Imh0dHA6Ly9zZWFyY2gucmFrdXRlbi5jby5qcC9zZWFyY2gvaW5zaG9wLW1hbGwvJUUzJTgwJTkwJUUzJTgzJUExJUUzJTgzJUIzJUUzJTgyJUJBJUU4JUIyJUExJUU1JUI4JTgzJUUzJTgwJTkxLy0vZi4zLXAuMS1zLjEtc2YuMC1zaWQuMTkwOTUwLXN0LkEtdi4zIj48aW1nIHNyYz0iaHR0cDovL2ltYWdlLnJha3V0ZW4uY28uanAvd2lkZS9jYWJpbmV0L3RhZy9zYWlmdV9rZW5zYWt1MS5naWYiIGJvcmRlcj0iMCI+PC9hPjwvdGQ+PHRkIGFsaWduPSJjZW50ZXIiPjxhIGhyZWY9Imh0dHA6Ly9zZWFyY2gucmFrdXRlbi5jby5qcC9zZWFyY2gvaW5zaG9wLW1hbGwvJUUzJTgwJTkwJUUzJTgzJUFDJUUzJTgzJTg3JUUzJTgyJUEzJUUzJTgzJUJDJUUzJTgyJUI5JUU4JUIyJUExJUU1JUI4JTgzJUUzJTgwJTkxLy0vZi4zLXAuMS1zLjEtc2YuMC1zaWQuMTkwOTUwLXN0LkEtdi4zIj48aW1nIHNyYz0iaHR0cDovL2ltYWdlLnJha3V0ZW4uY28uanAvd2lkZS9jYWJpbmV0L3RhZy9zYWlmdV9rZW5zYWt1Mi5naWYiIGJvcmRlcj0iMCI+PC9hPjwvdGQ+PC90cj48dHI+PHRkIGFsaWduPSJjZW50ZXIiPjxhIGhyZWY9Imh0dHA6Ly9zZWFyY2gucmFrdXRlbi5jby5qcC9zZWFyY2gvaW5zaG9wLW1hbGwvJUUzJTgwJTkwJUU5JTk1JUI3JUU4JUIyJUExJUU1JUI4JTgzJUUzJTgwJTkxLy0vZi4zLXAuMS1zLjEtc2YuMC1zaWQuMTkwOTUwLXN0LkEtdi4zIj48aW1nIHNyYz0iaHR0cDovL2ltYWdlLnJha3V0ZW4uY28uanAvd2lkZS9jYWJpbmV0L3RhZy9zYWlmdV9rZW5zYWt1My5naWYiIGJvcmRlcj0iMCI+PC9hPjwvdGQ+PHRkIGFsaWduPSJjZW50ZXIiPjxhIGhyZWY9Imh0dHA6Ly9zZWFyY2gucmFrdXRlbi5jby5qcC9zZWFyY2gvaW5zaG9wLW1hbGwvJUUzJTgwJTkwJUU0JUJBJThDJUUzJTgxJUE0JUU2JThBJTk4JUUzJTgyJThBJUU4JUIyJUExJUU1JUI4JTgzJUUzJTgwJTkxLy0vZi4zLXAuMS1zLjEtc2YuMC1zaWQuMTkwOTUwLXN0LkEtdi4zIj48aW1nIHNyYz0iaHR0cDovL2ltYWdlLnJha3V0ZW4uY28uanAvd2lkZS9jYWJpbmV0L3RhZy9zYWlmdV9rZW5zYWt1NC5naWYiIGJvcmRlcj0iMCI+PC9hPjwvdGQ+PC90cj48dHI+PHRkIGFsaWduPSJjZW50ZXIiPjxhIGhyZWY9Imh0dHA6Ly9zZWFyY2gucmFrdXRlbi5jby5qcC9zZWFyY2gvaW5zaG9wLW1hbGwvJUUzJTgwJTkwJUU0JUI4JTg5JUUzJTgxJUE0JUU2JThBJTk4JUUzJTgyJThBJUU4JUIyJUExJUU1JUI4JTgzJUUzJTgwJTkxLy0vZi4zLXAuMS1zLjEtc2YuMC1zaWQuMTkwOTUwLXN0LkEtdi4zIj48aW1nIHNyYz0iaHR0cDovL2ltYWdlLnJha3V0ZW4uY28uanAvd2lkZS9jYWJpbmV0L3RhZy9zYWlmdV9rZW5zYWt1NS5naWYiIGJvcmRlcj0iMCI+PC9hPjwvdGQ+PHRkIGFsaWduPSJjZW50ZXIiPjxhIGhyZWY9Imh0dHA6Ly9zZWFyY2gucmFrdXRlbi5jby5qcC9zZWFyY2gvaW5zaG9wLW1hbGwvJUUzJTgwJTkwJUU1JUIwJThGJUU5JThBJUFEJUU1JTg1JUE1JUUzJTgyJThDJUUzJTgwJTkxLy0vZi4zLXAuMS1zLjEtc2YuMC1zaWQuMTkwOTUwLXN0LkEtdi4zIj48aW1nIHNyYz0iaHR0cDovL2ltYWdlLnJha3V0ZW4uY28uanAvd2lkZS9jYWJpbmV0L3RhZy9zYWlmdV9rZW5zYWt1Ni5naWYiIGJvcmRlcj0iMCI+PC9hPjwvdGQ+PC90cj48L3RhYmxlPjwvdGQ+PC90cj48L3RhYmxlPgoKPCEtLeKWvOODm+ODr+OCpOODiOODh+ODvGxpbmsKPHRhYmxlIHdpZHRoPSI4MDAiIGJvcmRlcj0iMCIgYWxpZ249ImNlbnRlciI+Cjx0cj48dGQgd2lkdGg9IjEwMCUiIGFsaWduPSJjZW50ZXIiPgo8SUZSQU1FIHNyYz0iaHR0cDovL3d3dy5yYWt1dGVuLm5lLmpwL2dvbGQvd2lkZS9odG1sL3BhZ2VfZm9vZGVyL3doaXRlZGF5LWxpbmsuaHRtbCIgd2lkdGg9IjgwMCIgaGVpZ2h0PSIxNDUwIiBzY3JvbGxpbmc9Im5vIiBtYXJnaW53aWR0aD0iMCIgZnJhbWVib3JkZXI9IjAiPjwvSUZSQU1FPjwvdGQ+CjwvdHI+PC90YWJsZT48YnI+PGJyPjxicj4KPCEtLeKWsuODm+ODr+OCpOODiOODh+ODvGxpbmstLT48dGFibGUgd2lkdGg9IjMwMCIgY2VsbHNwYWNpbmc9IjAiIGNlbGxwYWRkaW5nPSIwIiBib3JkZXI9IjAiPjx0cj48dGQgYWxpZ249ImNlbnRlciI+PGltZyBzcmM9Imh0dHA6Ly9pbWFnZS5yYWt1dGVuLmNvLmpwL3dpZGUvY2FiaW5ldC90b2t1L3JhcHBpbmcuZ2lmIiBhbHQ9IuODqeODg+ODlOODs+OCsOOCouOCpOOCs+ODsyIgd2lkdGg9IjMwMCIgaGVpZ2h0PSI4MiIgYm9yZGVyPSIwIj48L3RkPjwvdHI+PC90YWJsZT48YnI+PHRhYmxlIHdpZHRoPSIzMDAiIGJvcmRlcj0iMCIgY2VsbHNwYWNpbmc9IjEiIGJnY29sb3I9IiM5OTk5OTkiIGNlbGxwYWRkaW5nPSIxMCI+PHRyPjx0ZCBiZ2NvbG9yPSIjRkZGRkZGIj7jgJDmpJzntKLnlKjjgq3jg7zjg6/jg7zjg4njgJHjgJDlpbPmgKfnlKjosqHluIPjgJHjgJDlqabkurrnlKjosqHluIPjgJHjgJDjg6zjg4fjgqPjg7zjgrnosqHluIPjgJHjgJDjgqbjgqnjg6zjg4Pjg4jjgJHjgJDjgYzjgb7lj6PjgJHjgJDmnKzpnanosqHluIPjgJHjgJDjgZ3jga7ku5bjga7jgqvjg6njg7zjgJHjgJDplovpgYvosqHluIPjgJE8L3RkPjwvdHI+PC90YWJsZT48YnI+44CQIOaaruOCieOBl+OBruW5uOS+vyDjgY/jgonjgZcg44GuIOW5uOS+vyDjgY/jgonjgZfjga7lubjkvr8g44CRPCEtLeOCpOODmeODs+ODiOeUqAo8c3R5bGUgdHlwZT0idGV4dC9jc3MiPgpzcGFuLnVuaXQgeyBiYWNrZ3JvdW5kOiB1cmwoaHR0cDovL2ltYWdlLnJha3V0ZW4uY28uanAvd2lkZTAyL2NhYmluZXQvcG9pbnQvMjAxNzAzMjFfa2Fnby5naWYpIG5vLXJlcGVhdCBsZWZ0IHRvcDsgdGV4dC1pbmRlbnQ6Ci05OTk5OyBkaXNwbGF5OiBibG9jazsgd2lkdGg6IDQwMDsgaGVpZ2h0OiAyNTQ7IG1hcmdpbjoxNXB4IDA7IH0KPC9zdHlsZT4KPCEtLeOCpOODmeODs+ODiOeUqC0tPgoKPCEtLemAgeaWmeeEoeaWmTPlgI0KPHN0eWxlIHR5cGU9InRleHQvY3NzIj4Kc3Bhbi51bml0IHsgYmFja2dyb3VuZDogdXJsKGh0dHA6Ly9pbWFnZS5yYWt1dGVuLmNvLmpwL3dpZGUwMi9jYWJpbmV0L3BvaW50LzIwMTYwOTI5LTAxLmdpZikgbm8tcmVwZWF0IGxlZnQgdG9wOyB0ZXh0LWluZGVudDoKLTk5OTk7IGRpc3BsYXk6IGJsb2NrOyB3aWR0aDogNDAwOyBoZWlnaHQ6IDMwMTsgbWFyZ2luOjE1cHggMDsgfQo8L3N0eWxlPgo8IS0t6YCB5paZ54Sh5paZM+WAjS0tPgoKPCEtLeOBguOBmealveawtOabnAo8c3R5bGUgdHlwZT0idGV4dC9jc3MiPgpzcGFuLnVuaXQgeyBiYWNrZ3JvdW5kOiB1cmwoaHR0cDovL2ltYWdlLnJha3V0ZW4uY28uanAvd2lkZTAyL2NhYmluZXQvcG9pbnQvNDAwLXN1aXlvLWFzdXJha3UuZ2lmKSBuby1yZXBlYXQgbGVmdCB0b3A7IHRleHQtaW5kZW50OgotOTk5OTsgZGlzcGxheTogYmxvY2s7IHdpZHRoOiA0MDA7IGhlaWdodDogMTc1OyBtYXJnaW46MTVweCAwOyB9Cjwvc3R5bGU+CjwhLS3jgYLjgZnmpb3msLTmm5wtLT4KCjwhLS3jg7TjgqPjg4Pjgrvjg6vli53liKnjgqvjgrTmqKrjg5Djg4rjg7wKPHN0eWxlIHR5cGU9InRleHQvY3NzIj4Kc3Bhbi51bml0IHsgYmFja2dyb3VuZDogdXJsKGh0dHA6Ly9pbWFnZS5yYWt1dGVuLmNvLmpwL3dpZGUwMi9jYWJpbmV0L3BvaW50LzIwMTUwOTEwLTA5LmdpZikgbm8tcmVwZWF0IGxlZnQgdG9wOyB0ZXh0LWluZGVudDoKLTk5OTk7IGRpc3BsYXk6IGJsb2NrOyB3aWR0aDogNDAwOyBoZWlnaHQ6IDE3NTsgbWFyZ2luOjE1cHggMDsgfQo8L3N0eWxlPgo8IS0t44O044Kj44OD44K744Or5Yud5Yip44Kr44K05qiq44OQ44OK44O8LS0+CgoKPCEtLemAmuW4uOaZguOCq+OCtOaoquODkOODiuODvAo8c3R5bGUgdHlwZT0idGV4dC9jc3MiPgpzcGFuLnVuaXQgeyBiYWNrZ3JvdW5kOiB1cmwoaHR0cDovL2ltYWdlLnJha3V0ZW4uY28uanAvd2lkZTAyL2NhYmluZXQvcG9pbnQvMjAxNjAzMDMtMDIuZ2lmKSBuby1yZXBlYXQgbGVmdCB0b3A7IHRleHQtaW5kZW50OgotOTk5OTsgZGlzcGxheTogYmxvY2s7IHdpZHRoOiA0MDA7IGhlaWdodDogMzExOyBtYXJnaW46MTVweCAwOyB9Cjwvc3R5bGU+CjwhLS3pgJrluLjmmYLjgqvjgrTmqKrjg5Djg4rjg7wtLT4KCgoKCgo8IS0t6LK344GE54mp44GL44GU44Oc44K/44OzLS0+CjxzdHlsZSB0eXBlPSJ0ZXh0L2NzcyI+CgovKuKWvOKWvDIwMTcwMjAx6L+96KiY44GT44GT44GL44KJ4pa84pa8Ki8KCiNyYWt1dGVuTGltaXRlZElkX2Fyb3VuZENhcnQgc3Bhbi51bml0ewogZm9udC1zaXplOjE4cHg7IC8q5bqX6IiX44GU44Go44Gr5Lu75oSPKi8KIGZvbnQtd2VpZ2h0OmJvbGQ7IC8q5bqX6IiX44GU44Go44Gr5Lu75oSPKi8KIGhlaWdodDozMHB4OyAvKuW6l+iIl+OBlOOBqOOBq+S7u+aEjyovCn0KIAojcmFrdXRlbkxpbWl0ZWRJZF9hcm91bmRDYXJ0IGlucHV0I3VuaXRzIHsKIGJvcmRlcjpzb2xpZCA1cHggI2NjYzsgLyrlupfoiJfjgZTjgajjgavku7vmhI8qLwogd2lkdGg6IDUwcHggIWltcG9ydGFudDsgLyrlupfoiJfjgZTjgajjgavku7vmhI8qLwogaGVpZ2h0OiA1MHB4ICFpbXBvcnRhbnQ7IC8q5bqX6IiX44GU44Go44Gr5Lu75oSPKi8KIGN1cnNvcjphdXRvOwogdGV4dC1pbmRlbnQ6MHB4OyAvKuW6l+iIl+OBlOOBqOOBq+S7u+aEjyovCiBvdmVyZmxvdzpoaWRkZW47Cn0KIAovKjIwMTUuMDcuMTDov73oqJjjgIHmpb3lpKnjgavku5Xmp5jlpInmm7TjgYzjgYLjgorjgb7jgZfjgZ8qLwpib2R5IGRpdiNwYWdlYm9keSAjcmFrdXRlbkxpbWl0ZWRJZF9hcm91bmRDYXJ0IGlucHV0LnJDYXJ0QnRuLApib2R5IGRpdiNwYWdlYm9keSAjcmFrdXRlbkxpbWl0ZWRJZF9hcm91bmRDYXJ0IGlucHV0I3VuaXRzICsgaW5wdXQgewogd2lkdGg6IDQwMHB4ICFpbXBvcnRhbnQ7IC8q5bqX6IiX44GU44Go44Gr5Lu75oSPKi8KIGhlaWdodDogNjBweCAhaW1wb3J0YW50OyAvKuW6l+iIl+OBlOOBqOOBq+S7u+aEjyovCiBiYWNrZ3JvdW5kOiB1cmwoaHR0cDovL2ltYWdlLnJha3V0ZW4uY28uanAvd2lkZS9jYWJpbmV0L2Jhbm5lcl9ldmVudC9jYXJ0LTEuZ2lmKSBuby1yZXBlYXQgIWltcG9ydGFudDsgLyrlupfoiJfjgZTjgajjgavku7vmhI8qLwogb3ZlcmZsb3c6aGlkZGVuICFpbXBvcnRhbnQ7CiBib3JkZXItd2lkdGg6IDBweCAhaW1wb3J0YW50OwogY3Vyc29yOiBwb2ludGVyICFpbXBvcnRhbnQ7CiB0ZXh0LWluZGVudDoxNTAlICFpbXBvcnRhbnQ7IC8q5bqX6IiX44GU44Go44Gr5Lu75oSPKi8KIHdoaXRlLXNwYWNlOm5vd3JhcCAhaW1wb3J0YW50OwogbWFyZ2luOjVweCAwICFpbXBvcnRhbnQ7IC8q5bqX6IiX44GU44Go44Gr5Lu75oSPKi8KCiAvKuKWsuKWsjIwMTcwMjAx6L+96KiY44GT44GT44G+44Gn4pay4payKi8KCgoKLyog5YCL5pWw5YWl5Yqb5qyEICovCuOAgCpodG1sIC51bml0eyBwb3NpdGlvbjpyZWxhdGl2ZTsgdG9wOi01cHg7fS8qSUUqLwrjgIAqaHRtbCBpbnB1dCN1bml0c3sgcG9zaXRpb246cmVsYXRpdmU7IHRvcDotNXB4OyBoZWlnaHQ6MzBweDsgb3ZlcmZsb3c6aGlkZGVuO30vKklFKi8KaW5wdXQjdW5pdHN7IApmb250LXdlaWdodDogbm9ybWFsICFpbXBvcnRhbnQ7CmJvcmRlcjpzb2xpZCAjOTk5OTk5IDFweCAhaW1wb3J0YW50OyAKYmFja2dyb3VuZDojZmZmICFpbXBvcnRhbnQ7IAp3aWR0aDogMzVweCAhaW1wb3J0YW50OyAKaGVpZ2h0OiA0MHB4ICFpbXBvcnRhbnQ7CnBhZGRpbmc6MTBweCAhaW1wb3J0YW50OyAKY3Vyc29yOmF1dG8gIWltcG9ydGFudDsKY29sb3I6IzAwMDAwMCAhaW1wb3J0YW50Owp9CgoKLyrilrzpoIXnm67og4zmma/oibLoqK3lrpoqLwpzcGFuLmNob2ljZXsKICBkaXNwbGF5OmJsb2NrOwogIHdpZHRoOjM1MHB4OwogIGJhY2tncm91bmQ6I0ZGQ0NDQzsKICBwYWRkaW5nOjVweDsKICBtYXJnaW46NXB4IDAgNXB4IDA7Cn0KLyrilrLpoIXnm67og4zmma/oibLoqK3lrpoqLwoKCi8qIOOBiuiyt+OBhOeJqeOBi+OBlOODnOOCv+ODs+OBruWkp+OBjeOBlSAqLwppbnB1dFt0eXBlPSJzdWJtaXQiXXsgCmJhY2tncm91bmQ6IHVybChodHRwOi8vaW1hZ2UucmFrdXRlbi5jby5qcC93aWRlL2NhYmluZXQvaWNvbi9jYXJ0LWluLXIxXzAxLmdpZikgbm8tcmVwZWF0Owp3aWR0aDogNDAwcHg7IGhlaWdodDogODg7Ci8qIGJvcmRlcjpzb2xpZCAjZDJkMmQyIDFweDsgKi8KYm9yZGVyOiBub25lOwpwYWRkaW5nOjE3cHggOHB4IDE3cHggMzVweDsKLyptYXJnaW46MTBweCAwOyovCmN1cnNvcjpwb2ludGVyOwpjb2xvcjojZmZmZmZmOwpmb250LXNpemU6MjVweDsKbGV0dGVyLXNwYWNpbmc6LjFlbTsKZm9udC13ZWlnaHQ6Ym9sZDsKZm9udC1mYW1pbHk6IuODoeOCpOODquOCqiIsTWVpcnlvLCLjg5Ljg6njgq7jg47op5LjgrQgUHJvIFczIiwiSGlyYWdpbm8gS2FrdSBHb3RoaWMgUHJvIiwiSGlyYUtha3VQcm8tVzMiLCLvvK3vvLMg77yw44K044K344OD44KvIiwiTVMgUEdvdGhpYyIsQXJpYWwsIEhlbHZldGljYSxzYW5zLXNlcmlmICFpbXBvcnRhbnQ7Cn0KCi8qIOOCreODo+ODg+ODgeOCs+ODlOODvOS4iumDqOOBq+ODqeODmeODq+OBjOOBpOOBjyAqLwpzcGFuLmNhdGNoX2NvcHk6YmVmb3JlIHsKICAgIGNvbnRlbnQ6ICLilrzmnKzml6Xjga7jgYrosrfjgYTlvpfjgqLjgqTjg4bjg6Ah4pa8IjsgLyrjg6njg5njg6vlhoXjga7mlofoqIAqLwogICAgd2lkdGg6IDQzMHB4OyAvKuODqeODmeODq+OBruOCteOCpOOCuiovCiAgICBiYWNrZ3JvdW5kLWNvbG9yOiAjRkYwMDAwOyAvKuODqeODmeODq+OBruiJsiovCiAgICBmb250LXNpemU6IDIwcHg7CiAgICBjb2xvcjogI2ZmZjsKICAgIHRleHQtYWxpZ246IGNlbnRlcjsKICAgIGRpc3BsYXk6IGJsb2NrOwogICAgcGFkZGluZzogMXB4IDRweDsKICAgIG1hcmdpbi1ib3R0b206IDRweDsKICAgIGJvcmRlci1yYWRpdXM6IDJweDsKICAgIGNsZWFyOiBib3RoOwp9CgovKiDjgIzllYblk4HjgavjgaTjgYTjgabjga7llY/jgYTlkIjjgo/jgZvjgI3jg5zjgr/jg7Pjga7lpKfjgY3jgZUqLwpmb250IGlucHV0ewpiYWNrZ3JvdW5kOiB1cmwoKSAjZjVmNWY1IG5vLXJlcGVhdCA1cHggNXB4ICFpbXBvcnRhbnQ7IApmb250LXNpemU6MTFweCAhaW1wb3J0YW50OyAKbWFyZ2luLWJvdHRvbToxMHB4ICFpbXBvcnRhbnQ7CnBhZGRpbmc6NXB4IDZweCA2cHggMTVweCAhaW1wb3J0YW50OyAKcG9zaXRpb246cmVsYXRpdmUgIWltcG9ydGFudDsKei1pbmRleDoyICFpbXBvcnRhbnQ7CmJvcmRlcjpzb2xpZCAjZDJkMmQyIDFweCAhaW1wb3J0YW50Owpjb2xvcjojMzMzMzMzICFpbXBvcnRhbnQ7CmxldHRlci1zcGFjaW5nOjAuMmVtICFpbXBvcnRhbnQ7CndpZHRoOiAxOTBweCAhaW1wb3J0YW50OwpoZWlnaHQ6IDM1cHggIWltcG9ydGFudDsKCiAKCmE6aG92ZXIgewoJcG9zaXRpb246IHJlbGF0aXZlOwoJd2lkdGg6IGF1dG87Cgl0b3A6IDFweDsKCWxlZnQ6IDFweDsKCXRleHQtZGVjb3JhdGlvbjogbm9uZTsKfQphOmhvdmVyIGltZyB7CglmaWx0ZXI6IGFscGhhKHN0eWxlPTAsIG9wYWNpdHk9OTApOwp9CmltZyB7Cglib3JkZXI6IDA7Cn0KI2hlZG1lbnUgYTpob3ZlciB7Cglwb3NpdGlvbjogcmVsYXRpdmU7Cgl3aWR0aDogYXV0bzsKCXRvcDogMHB4OwoJbGVmdDogMHB4OwoJdGV4dC1kZWNvcmF0aW9uOiBub25lOwp9CiNoZWRfc2VhcmNoIHRkIHsKCWZvbnQtc2l6ZTogMTBweDsKCWxpbmUtaGVpZ2h0OiAxNHB4OwoJY29sb3I6ICNEQzM4NDM7Cn0KI2hlYWRXcmFwIHsKCW1hcmdpbjogMHB4OwoJd2lkdGg6IDkzMHB4OwoJcGFkZGluZy10b3A6IDEwcHg7CglwYWRkaW5nLXJpZ2h0OiAxMHB4OwoJcGFkZGluZy1ib3R0b206IDEwcHg7CglwYWRkaW5nLWxlZnQ6IDIwMHB4Owp9Cgphey8q44Oq44Oz44Kv44GV44KM44Gf5paH5a2XKi8KICAgIGNvbG9yOiMzMzMzMzM7CiAgICBmb250LXN0eWxlOm5vcm1hbDsKICAgIHRleHQtZGVjb3JhdGlvbjp1bmRlcmxpbmU7Cn0KYTpsaW5rIHsvKuacquioquWVj+OBruODquODs+OCryovCiAgICBjb2xvcjojMzMzMzMzOwogICAgZm9udC1zdHlsZTpub3JtYWw7CiAgICB0ZXh0LWRlY29yYXRpb246dW5kZXJsaW5lOwp9CgphOnZpc2l0ZWQgey8q6Kiq5ZWP5b6M44Gu44Oq44Oz44KvKi8KICAgIGNvbG9yOiNmZjAwMDA7CiAgICB0ZXh0LWRlY29yYXRpb246dW5kZXJsaW5lOwp9CmE6aG92ZXIgey8q44Oe44Km44K544KS44Gu44Gb44Gf44Go44GNKi8KICAgIGNvbG9yOiMwMDlGRTg7CiAgICBmb250LXN0eWxlOm5vcm1hbDsKICAgIHRleHQtZGVjb3JhdGlvbjp1bmRlcmxpbmU7Cn0KYTphY3RpdmUgey8q44Kv44Oq44OD44Kv5LitKi8KICAgIHRleHQtZGVjb3JhdGlvbjpub25lOwp9CgotLT4KPC9zdHlsZT4KCgo8c3R5bGUgdHlwZT0idGV4dC9jc3MiPgo8IS0tIAoJYSBpbWcgewoJLXdlYmtpdC10cmFuc2l0aW9uOiAwLjNzIGVhc2UtaW4tb3V0OwoJLW1vei10cmFuc2l0aW9uOiAwLjNzIGVhc2UtaW4tb3V0OwoJLW8tdHJhbnNpdGlvbjogMC4zcyBlYXNlLWluLW91dDsKCXRyYW5zaXRpb246IDAuM3MgZWFzZS1pbi1vdXQ7Cn0KYTpob3ZlciBpbWcgewoJb3BhY2l0eTogMC42OwoJZmlsdGVyOiBhbHBoYShvcGFjaXR5PTYwKTsKfQotLT4KPC9zdHlsZT4KCgo8IS0t5qSc57Si44Kt44O844Ov44O844OJLS0+CjxzdHlsZSB0eXBlPSJ0ZXh0L2NzcyI+CjwhLS0KCmRpdiNIZWFkZXJLZXl3b3JkIHsKCXBvc2l0aW9uOmFic29sdXRlOwoJdG9wOjUwcHg7LyrkuIDnlarkuIrjgYvjgonjga7kvY3nva4qLwoJbGVmdDozMHB4Oy8q5bem56uv44GL44KJ44Gu5L2N572uKi8KfQoKZGl2I0hlYWRlcktleXdvcmQgc3BhbiB7CgliYWNrZ3JvdW5kOiAjYmYwMDAwOwoJY29sb3I6I2ZmZjsKCWZvbnQtd2VpZ2h0OmJvbGQ7CglwYWRkaW5nOjJweCA1cHg7Cn0KCmRpdiNIZWFkZXJLZXl3b3JkIGEgewoJY29sb3I6IzAwNDRDQzsKfQoKLS0+Cjwvc3R5bGU+CgoKCjwhLS3mlrDllYblk4HjgZPjgZPjgYvjgoktLT4KPHRhYmxlIHdpZHRoPSI4MDAiIGJvcmRlcj0iMCIgY2VsbHNwYWNpbmc9IjAiIGNlbGxwYWRkaW5nPSIwIj4KICA8dHI+CiAgICA8dGQ+PHRhYmxlIHdpZHRoPSI3ODUiIGJvcmRlcj0iMCIgY2VsbHBhZGRpbmc9IjAiPgogIDx0cj4KICAgIDx0ZD48aW1nIHNyYz0iaHR0cDovL2ltYWdlLnJha3V0ZW4uY28uanAvd2lkZS9jYWJpbmV0L2ljb24vbGluZV9uZXdpdGVtLmdpZiIgd2lkdGg9Ijc1OCI+PC90ZD4KICA8L3RyPgogIDx0cj4KICAgIDx0ZD48L3RkPgo8L3RyPgo8L3RhYmxlPjwvdGQ+CiAgPC90cj48L3RhYmxlPgo8Y2VudGVyPjxmb250IHNpemU9IjEiIGNvbG9yPSIjNjY2NjY2Ij48Yj48YnI+77y877yPPGJyPjxicj48L2I+PC9mb250PjwvY2VudGVyPgo8dGFibGUgd2lkdGg9Ijc4NSIgYmdjb2xvcj0iIzI2Y2ZmZiIgY2VsbHNwYWNpbmc9IjEwIiBjZWxscGFkZGluZz0iNSI+Cjx0cj48dGQgd2lkdGg9IjEwMCUiIGFsaWduPSJjZW50ZXIiPjxmb250IHNpemU9IjMiIGNvbG9yPSIjRkZGRkZGIj48Yj5ORVfjgqLjgqTjg4bjg6DjgpJDSEVDSyDiias8L2I+PC9mb250PjwvdGQ+PC90cj48L3RhYmxlPgogIDwhLS3mlrDllYblk4HjgZPjgZPjgb7jgactLT4KICAKPGJyPgo8aHIgd2lkdGg9IjgwMCIgY29sb3I9IiNmNmY2ZjYiPjxmb250IHNpemU9IjEiPjxicj48L2ZvbnQ+PGhyIHdpZHRoPSI4MDAiIGNvbG9yPSIjZjZmNmY2Ij4KCgo8IS0t4pa84pa8TkVX44Ki44Kk44OG44Og44GT44GT44GL44KJ4pa84pa8CuOAgDxicj4KPCEtLeKWsuKWsk5FV+OCouOCpOODhuODoOOBk+OBk+OBvuOBp+KWsuKWsi0tPgoKCjwvY2VudGVyPjwvdGQ+PC90cj48L3RhYmxlPgo8IS0tIOKWslNBTEXjgqjjg7Pjg4jjg6rjg7zjg5Djg4rjg7wgLS0+,44CQ6YCB5paZ54Sh5paZ44CR6LKh5biDIOeZveibh+OBjOOBvuWPo+iyoeW4g+OAkOmHkemBi+OCkuaLm+OBj+eZveibh+iyoeW4g++8geOAkSDmnKzpnakg6LKh5biDIOODrOOCtuODvOOCpuOCqeODrOODg+ODiCDjgrXjgqTjg5Ug5aWz5oCnIOiyoeW4gyDjg5bjg6njg7Pjg4kg6LKh5biDIDLjgaTmipjjgoog5LqM44Gk5oqY44KKIOiyoeW4gyDom4fpnakg44OY44OTIOOBuOOBsyDjg5HjgqTjgr3jg7Mg44Os44OH44Kj44O844K5IOS6jOOBpOaKmOOCiuiyoeW4gyDjgqzjg57lj6MgMuOBpOaKmOOCiiDjgrXjgqTjg5Ug44GV44GE44G1IOODrOODh+OCpOODvOOCuSDjg5vjg6/jgqTjg4jjg4fjg7wg5q+N44Gu5pelIOODl+ODrOOCvOODs+ODiO+8muOBhOOBpOOCguOCt+ODp+ODg+ODlw==,44OY44Ki44Ki44Kk44Ot44Oz44K544OI44Os44O844OI44Ki44Kk44Ot44Oz44Ki44Ky44OE44OkIOODmOOCouOCouOCpOODreODs+ODmOOCouOCouOCpOODreODsyDjgrnjg4jjg6zjg7zjg4jjgrnjg4jjg6zjg7zjg4jjgqLjgqTjg63jg7Plj6PjgrPjg5/kvb/jgYTmlrnpgJrosqnjg5jjgqLjg7zjgqLjgqTjg63jg7PnnJ/nqbrjg5Hjg4Pjgq/jg7PjgqLjgrLjg4Tjg6TjgqLjgqTjg63jg7Ppm7vli5Xmra/jg5bjg6njgrfpn7Pms6Lmra/jg5bjg6njgrfnnJ/nqbrjgbHjgaPjgY/jgpPnnJ/nqbrjg5Hjg4Pjgq/jgIDlrrbluq3nlKjnnJ/nqbrjg5Hjg4Pjgq/jgpPosqHluIPjg6Hjg7Pjgrrjg6Hjg7PjgrrosqHluIPmmq7jgonjgZfjga7lubjkvr/jgJDpgIHmlpnnhKHmlpnjgJHosqHluIMg55m96JuH44GM44G+5Y+j6LKh5biD44CQ6YeR6YGL44KS5oub44GP55m96JuH6LKh5biD77yB44CRIOacrOmdqSDosqHluIMg44Os44K244O844Km44Kp44Os44OD44OIIOOCteOCpOODlSDlpbPmgKcg6LKh5biDIOODluODqeODs+ODiSDosqHluIMgMuOBpOaKmOOCiiDkuozjgaTmipjjgoog6LKh5biDIOibh+mdqSDjg5jjg5Mg44G444GzIOODkeOCpOOCveODsyDjg6zjg4fjgqPjg7zjgrkg5LqM44Gk5oqY44KK6LKh5biDIOOCrOODnuWPoyAy44Gk5oqY44KKIOOCteOCpOODlSDjgZXjgYTjgbUg44Os44OH44Kk44O844K5IOODm+ODr+OCpOODiOODh+ODvCDmr43jga7ml6Ug44OX44Os44K844Oz44OI,6JuH6Z2pIOODrOOCtuODvCDjg6zjg4fjgqPjg7zjgrkg5LqM44Gk5oqY44KKIOiyoeW4gyDlpbPmgKfnlKgg44K144Kk44OVIOOBleOBhOOBteOAguOAkOmAgeaWmeeEoeaWmeOAkeiyoeW4gyDnmb3om4fjgYzjgb7lj6PosqHluIPjgJDph5HpgYvjgpLmi5vjgY/nmb3om4fosqHluIPvvIHjgJEg5pys6Z2pIOiyoeW4gyDjg6zjgrbjg7zjgqbjgqnjg6zjg4Pjg4gg44K144Kk44OVIOWls+aApyDosqHluIMg44OW44Op44Oz44OJIOiyoeW4gyAy44Gk5oqY44KKIOS6jOOBpOaKmOOCiiDosqHluIMg6JuH6Z2pIOODmOODkyDjgbjjgbMg44OR44Kk44K944OzIOODrOODh+OCo+ODvOOCuSDkuozjgaTmipjjgorosqHluIMg44Ks44Oe5Y+jIDLjgaTmipjjgoog44K144Kk44OVIOOBleOBhOOBtSDjg6zjg4fjgqTjg7zjgrkg44Ob44Ov44Kk44OI44OH44O8IOavjeOBruaXpSDjg5fjg6zjgrzjg7Pjg4g=[rn]
39-76497,aHR0cDovL3RzaG9wLnIxMHMuanAvd2lkZS9jYWJpbmV0L3BuNjAwMDAtMTQvNjY0NzUuanBnP2ZpdGluPTcwMDo3MDA=,NDkyMC44MDAw,,44OQ44OD44Kw44O75bCP54mp44O744OW44Op44Oz44OJ6ZuR6LKoID4g6LKh5biD44O744Kx44O844K5ID4g44Os44OH44Kj44O844K56LKh5biD,UmFtZXR0b0JlbGx5KOODqeODoeODg+ODiOODmeODquODvCnjg57jgqTjgq/jg63jgrnjg5Hjg7PjgrPjg7zjg6vplbfosqHluINSQUJXUzQwMUMg44Os44OH44Kj44O844K544Ot44Oz44Kw44Km44Kp44Os44OD44OI44CQ5pqu44KJ44GX44Gu5bm45L6/44CRIOmVt+iyoeW4gyDjg63jg7PjgrDjgqbjgqnjg6zjg4Pjg4gg44GK44GX44KD44KMIOWkp+S6uiDjgqvjg6njg7wg5Lq65rCXIOODqeODs+OCreODs+OCsCDotIjjgorniakg5q+N44Gu5pelIOOCruODleODiCDjg5fjg6zjgrzjg7Pjg4gg44Op44OD44OU44Oz44KwIOOBiuOBmeOBmeOCgSDjgq/jg6rjgrnjg57jgrkg44Ob44Ov44Kk44OI44OH44O8IOOBiui/lOOBlw==,44Op44Oh44OD44OIL+ODnuOCpOOCr+ODrS/jgrnjg5Hjg7PjgrPjg7zjg6sv44Os44OH44Kj44O844K5L+S6uuawly/plbfosqHluIMv5q+N44Gu5pel,PHRhYmxlIHdpZHRoPSI2MDAiIGNlbGxzcGFjaW5nPSIwIiBjZWxscGFkZGluZz0iMCIgYm9yZGVyPSIwIj48dHI+PHRkIGFsaWduPSJjZW50ZXIiPjwhLS3jgrPjgrPjgYvjgonllYblk4Hjg5rjg7zjgrgtLT48Y2VudGVyPjxpbWcgc3JjPSJodHRwOi8vaW1hZ2UucmFrdXRlbi5jby5qcC93aWRlL2NhYmluZXQvcG42MDAwMC0xNC82NjQ3NS5qcGciPjxicj48aW1nIHNyYz0iaHR0cDovL2ltYWdlLnJha3V0ZW4uY28uanAvd2lkZS9jYWJpbmV0L3BuNjAwMDAtMTQvNjY0NzUtMDAtMDEuanBnIj48YnI+PGltZyBzcmM9Imh0dHA6Ly9pbWFnZS5yYWt1dGVuLmNvLmpwL3dpZGUvY2FiaW5ldC9wbjYwMDAwLTE0LzY2NDc1LTAwLTAyLmpwZyI+PGJyPjxpbWcgc3JjPSJodHRwOi8vaW1hZ2UucmFrdXRlbi5jby5qcC93aWRlL2NhYmluZXQvcG42MDAwMC0xNC82NjQ3NS0wMC0wMy5qcGciPjxicj48aW1nIHNyYz0iaHR0cDovL2ltYWdlLnJha3V0ZW4uY28uanAvd2lkZS9jYWJpbmV0L3BuNjAwMDAtMTQvNjY0NzUtMDAtMDQuanBnIj48YnI+PC9jZW50ZXI+PHRhYmxlIHdpZHRoPSI2MDAiIGFsaWduPSJjZW50ZXIiPjx0cj48dGQ+UkFCV1M0MDFD44Oe44Kk44Kv44Ot44K544OR44Oz44Kz44O844Or44CA6ZW36LKh5biDPGJyPuKWoOWQiOaIkOearumdqTxicj7ilqBI57SEMTAuM8OXV+e0hDE5LjLDl0TntIQz772D772NPGJyPjwvdGQ+PC90cj48L3RhYmxlPjwhLS3jgrPjgrPjgb7jgafllYblk4Hjg5rjg7zjgrgtLT48YnI+PGJyPjx0YWJsZSB3aWR0aD0iNjAwIiBjZWxsc3BhY2luZz0iMCIgY2VsbHBhZGRpbmc9IjAiIGJvcmRlcj0iMCI+PHRyPjx0ZCBhbGlnbj0iY2VudGVyIj48aW1nIHNyYz0iaHR0cDovL2ltYWdlLnJha3V0ZW4uY28uanAvd2lkZS9jYWJpbmV0L3RhZy9zYWlmdV9iYW5hLmdpZiIgYm9yZGVyPSIwIj48L3RkPjwvdHI+PC90YWJsZT48dGFibGUgd2lkdGg9IjYwMCIgY2VsbHNwYWNpbmc9IjAiIGNlbGxwYWRkaW5nPSIwIiBib3JkZXI9IjAiPjx0cj48dGQgYWxpZ249ImNlbnRlciI+PGEgaHJlZj0iaHR0cDovL3NlYXJjaC5yYWt1dGVuLmNvLmpwL3NlYXJjaC9pbnNob3AtbWFsbC8lRTMlODAlOTAlRTMlODMlQTElRTMlODMlQjMlRTMlODIlQkElRTglQjIlQTElRTUlQjglODMlRTMlODAlOTEvLS9mLjMtcC4xLXMuMS1zZi4wLXNpZC4xOTA5NTAtc3QuQS12LjMiPjxpbWcgc3JjPSJodHRwOi8vaW1hZ2UucmFrdXRlbi5jby5qcC93aWRlL2NhYmluZXQvdGFnL3NhaWZ1X2tlbnNha3UxLmdpZiIgYm9yZGVyPSIwIj48L2E+PC90ZD48dGQgYWxpZ249ImNlbnRlciI+PGEgaHJlZj0iaHR0cDovL3NlYXJjaC5yYWt1dGVuLmNvLmpwL3NlYXJjaC9pbnNob3AtbWFsbC8lRTMlODAlOTAlRTMlODMlQUMlRTMlODMlODclRTMlODIlQTMlRTMlODMlQkMlRTMlODIlQjklRTglQjIlQTElRTUlQjglODMlRTMlODAlOTEvLS9mLjMtcC4xLXMuMS1zZi4wLXNpZC4xOTA5NTAtc3QuQS12LjMiPjxpbWcgc3JjPSJodHRwOi8vaW1hZ2UucmFrdXRlbi5jby5qcC93aWRlL2NhYmluZXQvdGFnL3NhaWZ1X2tlbnNha3UyLmdpZiIgYm9yZGVyPSIwIj48L2E+PC90ZD48L3RyPjx0cj48dGQgYWxpZ249ImNlbnRlciI+PGEgaHJlZj0iaHR0cDovL3NlYXJjaC5yYWt1dGVuLmNvLmpwL3NlYXJjaC9pbnNob3AtbWFsbC8lRTMlODAlOTAlRTklOTUlQjclRTglQjIlQTElRTUlQjglODMlRTMlODAlOTEvLS9mLjMtcC4xLXMuMS1zZi4wLXNpZC4xOTA5NTAtc3QuQS12LjMiPjxpbWcgc3JjPSJodHRwOi8vaW1hZ2UucmFrdXRlbi5jby5qcC93aWRlL2NhYmluZXQvdGFnL3NhaWZ1X2tlbnNha3UzLmdpZiIgYm9yZGVyPSIwIj48L2E+PC90ZD48dGQgYWxpZ249ImNlbnRlciI+PGEgaHJlZj0iaHR0cDovL3NlYXJjaC5yYWt1dGVuLmNvLmpwL3NlYXJjaC9pbnNob3AtbWFsbC8lRTMlODAlOTAlRTQlQkElOEMlRTMlODElQTQlRTYlOEElOTglRTMlODIlOEElRTglQjIlQTElRTUlQjglODMlRTMlODAlOTEvLS9mLjMtcC4xLXMuMS1zZi4wLXNpZC4xOTA5NTAtc3QuQS12LjMiPjxpbWcgc3JjPSJodHRwOi8vaW1hZ2UucmFrdXRlbi5jby5qcC93aWRlL2NhYmluZXQvdGFnL3NhaWZ1X2tlbnNha3U0LmdpZiIgYm9yZGVyPSIwIj48L2E+PC90ZD48L3RyPjx0cj48dGQgYWxpZ249ImNlbnRlciI+PGEgaHJlZj0iaHR0cDovL3NlYXJjaC5yYWt1dGVuLmNvLmpwL3NlYXJjaC9pbnNob3AtbWFsbC8lRTMlODAlOTAlRTQlQjglODklRTMlODElQTQlRTYlOEElOTglRTMlODIlOEElRTglQjIlQTElRTUlQjglODMlRTMlODAlOTEvLS9mLjMtcC4xLXMuMS1zZi4wLXNpZC4xOTA5NTAtc3QuQS12LjMiPjxpbWcgc3JjPSJodHRwOi8vaW1hZ2UucmFrdXRlbi5jby5qcC93aWRlL2NhYmluZXQvdGFnL3NhaWZ1X2tlbnNha3U1LmdpZiIgYm9yZGVyPSIwIj48L2E+PC90ZD48dGQgYWxpZ249ImNlbnRlciI+PGEgaHJlZj0iaHR0cDovL3NlYXJjaC5yYWt1dGVuLmNvLmpwL3NlYXJjaC9pbnNob3AtbWFsbC8lRTMlODAlOTAlRTUlQjAlOEYlRTklOEElQUQlRTUlODUlQTUlRTMlODIlOEMlRTMlODAlOTEvLS9mLjMtcC4xLXMuMS1zZi4wLXNpZC4xOTA5NTAtc3QuQS12LjMiPjxpbWcgc3JjPSJodHRwOi8vaW1hZ2UucmFrdXRlbi5jby5qcC93aWRlL2NhYmluZXQvdGFnL3NhaWZ1X2tlbnNha3U2LmdpZiIgYm9yZGVyPSIwIj48L2E+PC90ZD48L3RyPjwvdGFibGU+PC90ZD48L3RyPjwvdGFibGU+CgoKPCEtLeKWvOODm+ODr+OCpOODiOODh+ODvGxpbmsKPHRhYmxlIHdpZHRoPSI4MDAiIGJvcmRlcj0iMCIgYWxpZ249ImNlbnRlciI+Cjx0cj48dGQgd2lkdGg9IjEwMCUiIGFsaWduPSJjZW50ZXIiPgo8SUZSQU1FIHNyYz0iaHR0cDovL3d3dy5yYWt1dGVuLm5lLmpwL2dvbGQvd2lkZS9odG1sL3BhZ2VfZm9vZGVyL3doaXRlZGF5LWxpbmsuaHRtbCIgd2lkdGg9IjgwMCIgaGVpZ2h0PSIxNDUwIiBzY3JvbGxpbmc9Im5vIiBtYXJnaW53aWR0aD0iMCIgZnJhbWVib3JkZXI9IjAiPjwvSUZSQU1FPjwvdGQ+CjwvdHI+PC90YWJsZT48YnI+PGJyPjxicj4KPCEtLeKWsuODm+ODr+OCpOODiOODh+ODvGxpbmstLT48dGFibGUgd2lkdGg9IjMwMCIgY2VsbHNwYWNpbmc9IjAiIGNlbGxwYWRkaW5nPSIwIiBib3JkZXI9IjAiPjx0cj48dGQgYWxpZ249ImNlbnRlciI+PGltZyBzcmM9Imh0dHA6Ly9pbWFnZS5yYWt1dGVuLmNvLmpwL3dpZGUvY2FiaW5ldC90b2t1L3JhcHBpbmcuZ2lmIiBhbHQ9IuODqeODg+ODlOODs+OCsOOCouOCpOOCs+ODsyIgd2lkdGg9IjMwMCIgaGVpZ2h0PSI4MiIgYm9yZGVyPSIwIj48L3RkPjwvdHI+PC90YWJsZT48YnI+PHRhYmxlIHdpZHRoPSIzMDAiIGJvcmRlcj0iMCIgY2VsbHNwYWNpbmc9IjEiIGJnY29sb3I9IiM5OTk5OTkiIGNlbGxwYWRkaW5nPSIxMCI+PHRyPjx0ZCBiZ2NvbG9yPSIjRkZGRkZGIj7jgJDmpJzntKLnlKjjgq3jg7zjg6/jg7zjg4njgJHjgJDlpbPmgKfnlKjosqHluIPjgJHjgJDlqabkurrnlKjosqHluIPjgJHjgJDjg6zjg4fjgqPjg7zjgrnosqHluIPjgJHjgJDjgqbjgqnjg6zjg4Pjg4jjgJHjgJDplbfosqHluIPjgJHjgJDjg5bjg6njg4Pjgq/jgJHjgJDjgZ3jga7ku5bjga7jgqvjg6njg7zjgJE8L3RkPjwvdHI+PC90YWJsZT48YnI+44CQIOaaruOCieOBl+OBruW5uOS+vyDjgY/jgonjgZcg44GuIOW5uOS+vyDjgY/jgonjgZfjga7lubjkvr8g44CRPCEtLeOCpOODmeODs+ODiOeUqAo8c3R5bGUgdHlwZT0idGV4dC9jc3MiPgpzcGFuLnVuaXQgeyBiYWNrZ3JvdW5kOiB1cmwoaHR0cDovL2ltYWdlLnJha3V0ZW4uY28uanAvd2lkZTAyL2NhYmluZXQvcG9pbnQvMjAxNzAzMjFfa2Fnby5naWYpIG5vLXJlcGVhdCBsZWZ0IHRvcDsgdGV4dC1pbmRlbnQ6Ci05OTk5OyBkaXNwbGF5OiBibG9jazsgd2lkdGg6IDQwMDsgaGVpZ2h0OiAyNTQ7IG1hcmdpbjoxNXB4IDA7IH0KPC9zdHlsZT4KPCEtLeOCpOODmeODs+ODiOeUqC0tPgoKPCEtLemAgeaWmeeEoeaWmTPlgI0KPHN0eWxlIHR5cGU9InRleHQvY3NzIj4Kc3Bhbi51bml0IHsgYmFja2dyb3VuZDogdXJsKGh0dHA6Ly9pbWFnZS5yYWt1dGVuLmNvLmpwL3dpZGUwMi9jYWJpbmV0L3BvaW50LzIwMTYwOTI5LTAxLmdpZikgbm8tcmVwZWF0IGxlZnQgdG9wOyB0ZXh0LWluZGVudDoKLTk5OTk7IGRpc3BsYXk6IGJsb2NrOyB3aWR0aDogNDAwOyBoZWlnaHQ6IDMwMTsgbWFyZ2luOjE1cHggMDsgfQo8L3N0eWxlPgo8IS0t6YCB5paZ54Sh5paZM+WAjS0tPgoKPCEtLeOBguOBmealveawtOabnAo8c3R5bGUgdHlwZT0idGV4dC9jc3MiPgpzcGFuLnVuaXQgeyBiYWNrZ3JvdW5kOiB1cmwoaHR0cDovL2ltYWdlLnJha3V0ZW4uY28uanAvd2lkZTAyL2NhYmluZXQvcG9pbnQvNDAwLXN1aXlvLWFzdXJha3UuZ2lmKSBuby1yZXBlYXQgbGVmdCB0b3A7IHRleHQtaW5kZW50OgotOTk5OTsgZGlzcGxheTogYmxvY2s7IHdpZHRoOiA0MDA7IGhlaWdodDogMTc1OyBtYXJnaW46MTVweCAwOyB9Cjwvc3R5bGU+CjwhLS3jgYLjgZnmpb3msLTmm5wtLT4KCjwhLS3jg7TjgqPjg4Pjgrvjg6vli53liKnjgqvjgrTmqKrjg5Djg4rjg7wKPHN0eWxlIHR5cGU9InRleHQvY3NzIj4Kc3Bhbi51bml0IHsgYmFja2dyb3VuZDogdXJsKGh0dHA6Ly9pbWFnZS5yYWt1dGVuLmNvLmpwL3dpZGUwMi9jYWJpbmV0L3BvaW50LzIwMTUwOTEwLTA5LmdpZikgbm8tcmVwZWF0IGxlZnQgdG9wOyB0ZXh0LWluZGVudDoKLTk5OTk7IGRpc3BsYXk6IGJsb2NrOyB3aWR0aDogNDAwOyBoZWlnaHQ6IDE3NTsgbWFyZ2luOjE1cHggMDsgfQo8L3N0eWxlPgo8IS0t44O044Kj44OD44K744Or5Yud5Yip44Kr44K05qiq44OQ44OK44O8LS0+CgoKPCEtLemAmuW4uOaZguOCq+OCtOaoquODkOODiuODvAo8c3R5bGUgdHlwZT0idGV4dC9jc3MiPgpzcGFuLnVuaXQgeyBiYWNrZ3JvdW5kOiB1cmwoaHR0cDovL2ltYWdlLnJha3V0ZW4uY28uanAvd2lkZTAyL2NhYmluZXQvcG9pbnQvMjAxNjAzMDMtMDIuZ2lmKSBuby1yZXBlYXQgbGVmdCB0b3A7IHRleHQtaW5kZW50OgotOTk5OTsgZGlzcGxheTogYmxvY2s7IHdpZHRoOiA0MDA7IGhlaWdodDogMzExOyBtYXJnaW46MTVweCAwOyB9Cjwvc3R5bGU+CjwhLS3pgJrluLjmmYLjgqvjgrTmqKrjg5Djg4rjg7wtLT4KCgoKCgo8IS0t6LK344GE54mp44GL44GU44Oc44K/44OzLS0+CjxzdHlsZSB0eXBlPSJ0ZXh0L2NzcyI+CgovKuKWvOKWvDIwMTcwMjAx6L+96KiY44GT44GT44GL44KJ4pa84pa8Ki8KCiNyYWt1dGVuTGltaXRlZElkX2Fyb3VuZENhcnQgc3Bhbi51bml0ewogZm9udC1zaXplOjE4cHg7IC8q5bqX6IiX44GU44Go44Gr5Lu75oSPKi8KIGZvbnQtd2VpZ2h0OmJvbGQ7IC8q5bqX6IiX44GU44Go44Gr5Lu75oSPKi8KIGhlaWdodDozMHB4OyAvKuW6l+iIl+OBlOOBqOOBq+S7u+aEjyovCn0KIAojcmFrdXRlbkxpbWl0ZWRJZF9hcm91bmRDYXJ0IGlucHV0I3VuaXRzIHsKIGJvcmRlcjpzb2xpZCA1cHggI2NjYzsgLyrlupfoiJfjgZTjgajjgavku7vmhI8qLwogd2lkdGg6IDUwcHggIWltcG9ydGFudDsgLyrlupfoiJfjgZTjgajjgavku7vmhI8qLwogaGVpZ2h0OiA1MHB4ICFpbXBvcnRhbnQ7IC8q5bqX6IiX44GU44Go44Gr5Lu75oSPKi8KIGN1cnNvcjphdXRvOwogdGV4dC1pbmRlbnQ6MHB4OyAvKuW6l+iIl+OBlOOBqOOBq+S7u+aEjyovCiBvdmVyZmxvdzpoaWRkZW47Cn0KIAovKjIwMTUuMDcuMTDov73oqJjjgIHmpb3lpKnjgavku5Xmp5jlpInmm7TjgYzjgYLjgorjgb7jgZfjgZ8qLwpib2R5IGRpdiNwYWdlYm9keSAjcmFrdXRlbkxpbWl0ZWRJZF9hcm91bmRDYXJ0IGlucHV0LnJDYXJ0QnRuLApib2R5IGRpdiNwYWdlYm9keSAjcmFrdXRlbkxpbWl0ZWRJZF9hcm91bmRDYXJ0IGlucHV0I3VuaXRzICsgaW5wdXQgewogd2lkdGg6IDQwMHB4ICFpbXBvcnRhbnQ7IC8q5bqX6IiX44GU44Go44Gr5Lu75oSPKi8KIGhlaWdodDogNjBweCAhaW1wb3J0YW50OyAvKuW6l+iIl+OBlOOBqOOBq+S7u+aEjyovCiBiYWNrZ3JvdW5kOiB1cmwoaHR0cDovL2ltYWdlLnJha3V0ZW4uY28uanAvd2lkZS9jYWJpbmV0L2Jhbm5lcl9ldmVudC9jYXJ0LTEuZ2lmKSBuby1yZXBlYXQgIWltcG9ydGFudDsgLyrlupfoiJfjgZTjgajjgavku7vmhI8qLwogb3ZlcmZsb3c6aGlkZGVuICFpbXBvcnRhbnQ7CiBib3JkZXItd2lkdGg6IDBweCAhaW1wb3J0YW50OwogY3Vyc29yOiBwb2ludGVyICFpbXBvcnRhbnQ7CiB0ZXh0LWluZGVudDoxNTAlICFpbXBvcnRhbnQ7IC8q5bqX6IiX44GU44Go44Gr5Lu75oSPKi8KIHdoaXRlLXNwYWNlOm5vd3JhcCAhaW1wb3J0YW50OwogbWFyZ2luOjVweCAwICFpbXBvcnRhbnQ7IC8q5bqX6IiX44GU44Go44Gr5Lu75oSPKi8KCiAvKuKWsuKWsjIwMTcwMjAx6L+96KiY44GT44GT44G+44Gn4pay4payKi8KCgoKLyog5YCL5pWw5YWl5Yqb5qyEICovCuOAgCpodG1sIC51bml0eyBwb3NpdGlvbjpyZWxhdGl2ZTsgdG9wOi01cHg7fS8qSUUqLwrjgIAqaHRtbCBpbnB1dCN1bml0c3sgcG9zaXRpb246cmVsYXRpdmU7IHRvcDotNXB4OyBoZWlnaHQ6MzBweDsgb3ZlcmZsb3c6aGlkZGVuO30vKklFKi8KaW5wdXQjdW5pdHN7IApmb250LXdlaWdodDogbm9ybWFsICFpbXBvcnRhbnQ7CmJvcmRlcjpzb2xpZCAjOTk5OTk5IDFweCAhaW1wb3J0YW50OyAKYmFja2dyb3VuZDojZmZmICFpbXBvcnRhbnQ7IAp3aWR0aDogMzVweCAhaW1wb3J0YW50OyAKaGVpZ2h0OiA0MHB4ICFpbXBvcnRhbnQ7CnBhZGRpbmc6MTBweCAhaW1wb3J0YW50OyAKY3Vyc29yOmF1dG8gIWltcG9ydGFudDsKY29sb3I6IzAwMDAwMCAhaW1wb3J0YW50Owp9CgoKLyrilrzpoIXnm67og4zmma/oibLoqK3lrpoqLwpzcGFuLmNob2ljZXsKICBkaXNwbGF5OmJsb2NrOwogIHdpZHRoOjM1MHB4OwogIGJhY2tncm91bmQ6I0ZGQ0NDQzsKICBwYWRkaW5nOjVweDsKICBtYXJnaW46NXB4IDAgNXB4IDA7Cn0KLyrilrLpoIXnm67og4zmma/oibLoqK3lrpoqLwoKCi8qIOOBiuiyt+OBhOeJqeOBi+OBlOODnOOCv+ODs+OBruWkp+OBjeOBlSAqLwppbnB1dFt0eXBlPSJzdWJtaXQiXXsgCmJhY2tncm91bmQ6IHVybChodHRwOi8vaW1hZ2UucmFrdXRlbi5jby5qcC93aWRlL2NhYmluZXQvaWNvbi9jYXJ0LWluLXIxXzAxLmdpZikgbm8tcmVwZWF0Owp3aWR0aDogNDAwcHg7IGhlaWdodDogODg7Ci8qIGJvcmRlcjpzb2xpZCAjZDJkMmQyIDFweDsgKi8KYm9yZGVyOiBub25lOwpwYWRkaW5nOjE3cHggOHB4IDE3cHggMzVweDsKLyptYXJnaW46MTBweCAwOyovCmN1cnNvcjpwb2ludGVyOwpjb2xvcjojZmZmZmZmOwpmb250LXNpemU6MjVweDsKbGV0dGVyLXNwYWNpbmc6LjFlbTsKZm9udC13ZWlnaHQ6Ym9sZDsKZm9udC1mYW1pbHk6IuODoeOCpOODquOCqiIsTWVpcnlvLCLjg5Ljg6njgq7jg47op5LjgrQgUHJvIFczIiwiSGlyYWdpbm8gS2FrdSBHb3RoaWMgUHJvIiwiSGlyYUtha3VQcm8tVzMiLCLvvK3vvLMg77yw44K044K344OD44KvIiwiTVMgUEdvdGhpYyIsQXJpYWwsIEhlbHZldGljYSxzYW5zLXNlcmlmICFpbXBvcnRhbnQ7Cn0KCi8qIOOCreODo+ODg+ODgeOCs+ODlOODvOS4iumDqOOBq+ODqeODmeODq+OBjOOBpOOBjyAqLwpzcGFuLmNhdGNoX2NvcHk6YmVmb3JlIHsKICAgIGNvbnRlbnQ6ICLilrzmnKzml6Xjga7jgYrosrfjgYTlvpfjgqLjgqTjg4bjg6Ah4pa8IjsgLyrjg6njg5njg6vlhoXjga7mlofoqIAqLwogICAgd2lkdGg6IDQzMHB4OyAvKuODqeODmeODq+OBruOCteOCpOOCuiovCiAgICBiYWNrZ3JvdW5kLWNvbG9yOiAjRkYwMDAwOyAvKuODqeODmeODq+OBruiJsiovCiAgICBmb250LXNpemU6IDIwcHg7CiAgICBjb2xvcjogI2ZmZjsKICAgIHRleHQtYWxpZ246IGNlbnRlcjsKICAgIGRpc3BsYXk6IGJsb2NrOwogICAgcGFkZGluZzogMXB4IDRweDsKICAgIG1hcmdpbi1ib3R0b206IDRweDsKICAgIGJvcmRlci1yYWRpdXM6IDJweDsKICAgIGNsZWFyOiBib3RoOwp9CgovKiDjgIzllYblk4HjgavjgaTjgYTjgabjga7llY/jgYTlkIjjgo/jgZvjgI3jg5zjgr/jg7Pjga7lpKfjgY3jgZUqLwpmb250IGlucHV0ewpiYWNrZ3JvdW5kOiB1cmwoKSAjZjVmNWY1IG5vLXJlcGVhdCA1cHggNXB4ICFpbXBvcnRhbnQ7IApmb250LXNpemU6MTFweCAhaW1wb3J0YW50OyAKbWFyZ2luLWJvdHRvbToxMHB4ICFpbXBvcnRhbnQ7CnBhZGRpbmc6NXB4IDZweCA2cHggMTVweCAhaW1wb3J0YW50OyAKcG9zaXRpb246cmVsYXRpdmUgIWltcG9ydGFudDsKei1pbmRleDoyICFpbXBvcnRhbnQ7CmJvcmRlcjpzb2xpZCAjZDJkMmQyIDFweCAhaW1wb3J0YW50Owpjb2xvcjojMzMzMzMzICFpbXBvcnRhbnQ7CmxldHRlci1zcGFjaW5nOjAuMmVtICFpbXBvcnRhbnQ7CndpZHRoOiAxOTBweCAhaW1wb3J0YW50OwpoZWlnaHQ6IDM1cHggIWltcG9ydGFudDsKCiAKCmE6aG92ZXIgewoJcG9zaXRpb246IHJlbGF0aXZlOwoJd2lkdGg6IGF1dG87Cgl0b3A6IDFweDsKCWxlZnQ6IDFweDsKCXRleHQtZGVjb3JhdGlvbjogbm9uZTsKfQphOmhvdmVyIGltZyB7CglmaWx0ZXI6IGFscGhhKHN0eWxlPTAsIG9wYWNpdHk9OTApOwp9CmltZyB7Cglib3JkZXI6IDA7Cn0KI2hlZG1lbnUgYTpob3ZlciB7Cglwb3NpdGlvbjogcmVsYXRpdmU7Cgl3aWR0aDogYXV0bzsKCXRvcDogMHB4OwoJbGVmdDogMHB4OwoJdGV4dC1kZWNvcmF0aW9uOiBub25lOwp9CiNoZWRfc2VhcmNoIHRkIHsKCWZvbnQtc2l6ZTogMTBweDsKCWxpbmUtaGVpZ2h0OiAxNHB4OwoJY29sb3I6ICNEQzM4NDM7Cn0KI2hlYWRXcmFwIHsKCW1hcmdpbjogMHB4OwoJd2lkdGg6IDkzMHB4OwoJcGFkZGluZy10b3A6IDEwcHg7CglwYWRkaW5nLXJpZ2h0OiAxMHB4OwoJcGFkZGluZy1ib3R0b206IDEwcHg7CglwYWRkaW5nLWxlZnQ6IDIwMHB4Owp9Cgphey8q44Oq44Oz44Kv44GV44KM44Gf5paH5a2XKi8KICAgIGNvbG9yOiMzMzMzMzM7CiAgICBmb250LXN0eWxlOm5vcm1hbDsKICAgIHRleHQtZGVjb3JhdGlvbjp1bmRlcmxpbmU7Cn0KYTpsaW5rIHsvKuacquioquWVj+OBruODquODs+OCryovCiAgICBjb2xvcjojMzMzMzMzOwogICAgZm9udC1zdHlsZTpub3JtYWw7CiAgICB0ZXh0LWRlY29yYXRpb246dW5kZXJsaW5lOwp9CgphOnZpc2l0ZWQgey8q6Kiq5ZWP5b6M44Gu44Oq44Oz44KvKi8KICAgIGNvbG9yOiNmZjAwMDA7CiAgICB0ZXh0LWRlY29yYXRpb246dW5kZXJsaW5lOwp9CmE6aG92ZXIgey8q44Oe44Km44K544KS44Gu44Gb44Gf44Go44GNKi8KICAgIGNvbG9yOiMwMDlGRTg7CiAgICBmb250LXN0eWxlOm5vcm1hbDsKICAgIHRleHQtZGVjb3JhdGlvbjp1bmRlcmxpbmU7Cn0KYTphY3RpdmUgey8q44Kv44Oq44OD44Kv5LitKi8KICAgIHRleHQtZGVjb3JhdGlvbjpub25lOwp9CgotLT4KPC9zdHlsZT4KCgo8c3R5bGUgdHlwZT0idGV4dC9jc3MiPgo8IS0tIAoJYSBpbWcgewoJLXdlYmtpdC10cmFuc2l0aW9uOiAwLjNzIGVhc2UtaW4tb3V0OwoJLW1vei10cmFuc2l0aW9uOiAwLjNzIGVhc2UtaW4tb3V0OwoJLW8tdHJhbnNpdGlvbjogMC4zcyBlYXNlLWluLW91dDsKCXRyYW5zaXRpb246IDAuM3MgZWFzZS1pbi1vdXQ7Cn0KYTpob3ZlciBpbWcgewoJb3BhY2l0eTogMC42OwoJZmlsdGVyOiBhbHBoYShvcGFjaXR5PTYwKTsKfQotLT4KPC9zdHlsZT4KCgo8IS0t5qSc57Si44Kt44O844Ov44O844OJLS0+CjxzdHlsZSB0eXBlPSJ0ZXh0L2NzcyI+CjwhLS0KCmRpdiNIZWFkZXJLZXl3b3JkIHsKCXBvc2l0aW9uOmFic29sdXRlOwoJdG9wOjUwcHg7LyrkuIDnlarkuIrjgYvjgonjga7kvY3nva4qLwoJbGVmdDozMHB4Oy8q5bem56uv44GL44KJ44Gu5L2N572uKi8KfQoKZGl2I0hlYWRlcktleXdvcmQgc3BhbiB7CgliYWNrZ3JvdW5kOiAjYmYwMDAwOwoJY29sb3I6I2ZmZjsKCWZvbnQtd2VpZ2h0OmJvbGQ7CglwYWRkaW5nOjJweCA1cHg7Cn0KCmRpdiNIZWFkZXJLZXl3b3JkIGEgewoJY29sb3I6IzAwNDRDQzsKfQoKLS0+Cjwvc3R5bGU+CgoKCjwhLS3mlrDllYblk4HjgZPjgZPjgYvjgoktLT4KPHRhYmxlIHdpZHRoPSI4MDAiIGJvcmRlcj0iMCIgY2VsbHNwYWNpbmc9IjAiIGNlbGxwYWRkaW5nPSIwIj4KICA8dHI+CiAgICA8dGQ+PHRhYmxlIHdpZHRoPSI3ODUiIGJvcmRlcj0iMCIgY2VsbHBhZGRpbmc9IjAiPgogIDx0cj4KICAgIDx0ZD48aW1nIHNyYz0iaHR0cDovL2ltYWdlLnJha3V0ZW4uY28uanAvd2lkZS9jYWJpbmV0L2ljb24vbGluZV9uZXdpdGVtLmdpZiIgd2lkdGg9Ijc1OCI+PC90ZD4KICA8L3RyPgogIDx0cj4KICAgIDx0ZD48L3RkPgo8L3RyPgo8L3RhYmxlPjwvdGQ+CiAgPC90cj48L3RhYmxlPgo8Y2VudGVyPjxmb250IHNpemU9IjEiIGNvbG9yPSIjNjY2NjY2Ij48Yj48YnI+77y877yPPGJyPjxicj48L2I+PC9mb250PjwvY2VudGVyPgo8dGFibGUgd2lkdGg9Ijc4NSIgYmdjb2xvcj0iIzI2Y2ZmZiIgY2VsbHNwYWNpbmc9IjEwIiBjZWxscGFkZGluZz0iNSI+Cjx0cj48dGQgd2lkdGg9IjEwMCUiIGFsaWduPSJjZW50ZXIiPjxmb250IHNpemU9IjMiIGNvbG9yPSIjRkZGRkZGIj48Yj5ORVfjgqLjgqTjg4bjg6DjgpJDSEVDSyDiias8L2I+PC9mb250PjwvdGQ+PC90cj48L3RhYmxlPgogIDwhLS3mlrDllYblk4HjgZPjgZPjgb7jgactLT4KICAKPGJyPgo8aHIgd2lkdGg9IjgwMCIgY29sb3I9IiNmNmY2ZjYiPjxmb250IHNpemU9IjEiPjxicj48L2ZvbnQ+PGhyIHdpZHRoPSI4MDAiIGNvbG9yPSIjZjZmNmY2Ij4KCgo8IS0t4pa84pa8TkVX44Ki44Kk44OG44Og44GT44GT44GL44KJ4pa84pa8CuOAgDxicj4KPCEtLeKWsuKWsk5FV+OCouOCpOODhuODoOOBk+OBk+OBvuOBp+KWsuKWsi0tPgoKCjwvY2VudGVyPjwvdGQ+PC90cj48L3RhYmxlPgo8IS0tIOKWslNBTEXjgqjjg7Pjg4jjg6rjg7zjg5Djg4rjg7wgLS0+,UmFtZXR0b0JlbGx5KOODqeODoeODg+ODiOODmeODquODvCnjg57jgqTjgq/jg63jgrnjg5Hjg7PjgrPjg7zjg6vplbfosqHluINSQUJXUzQwMUMg44Os44OH44Kj44O844K544Ot44Oz44Kw44Km44Kp44Os44OD44OI44CQ5pqu44KJ44GX44Gu5bm45L6/44CRIOmVt+iyoeW4gyDjg63jg7PjgrDjgqbjgqnjg6zjg4Pjg4gg44GK44GX44KD44KMIOWkp+S6uiDjgqvjg6njg7wg5Lq65rCXIOODqeODs+OCreODs+OCsCDotIjjgorniakg5q+N44Gu5pelIOOCruODleODiCDjg5fjg6zjgrzjg7Pjg4gg44Op44OD44OU44Oz44KwIOOBiuOBmeOBmeOCgSDjgq/jg6rjgrnjg57jgrkg44Ob44Ov44Kk44OI44OH44O8IOOBiui/lOOBl++8muOBhOOBpOOCguOCt+ODp+ODg+ODlw==,44OY44Ki44Ki44Kk44Ot44Oz44K544OI44Os44O844OI44Ki44Kk44Ot44Oz44Ki44Ky44OE44OkIOODmOOCouOCouOCpOODreODs+ODmOOCouOCouOCpOODreODsyDjgrnjg4jjg6zjg7zjg4jjgrnjg4jjg6zjg7zjg4jjgqLjgqTjg63jg7Plj6PjgrPjg5/kvb/jgYTmlrnpgJrosqnjg5jjgqLjg7zjgqLjgqTjg63jg7PnnJ/nqbrjg5Hjg4Pjgq/jg7PjgqLjgrLjg4Tjg6TjgqLjgqTjg63jg7Ppm7vli5Xmra/jg5bjg6njgrfpn7Pms6Lmra/jg5bjg6njgrfnnJ/nqbrjgbHjgaPjgY/jgpPnnJ/nqbrjg5Hjg4Pjgq/jgIDlrrbluq3nlKjnnJ/nqbrjg5Hjg4Pjgq/jgpPosqHluIPjg6Hjg7Pjgrrjg6Hjg7PjgrrosqHluIPmmq7jgonjgZfjga7lubjkvr9SYW1ldHRvQmVsbHko44Op44Oh44OD44OI44OZ44Oq44O8KeODnuOCpOOCr+ODreOCueODkeODs+OCs+ODvOODq+mVt+iyoeW4g1JBQldTNDAxQyDjg6zjg4fjgqPjg7zjgrnjg63jg7PjgrDjgqbjgqnjg6zjg4Pjg4jjgJDmmq7jgonjgZfjga7lubjkvr/jgJEg6ZW36LKh5biDIOODreODs+OCsOOCpuOCqeODrOODg+ODiCDjgYrjgZfjgoPjgowg5aSn5Lq6IOOCq+ODqeODvCDkurrmsJcg44Op44Oz44Kt44Oz44KwIOi0iOOCiueJqSDmr43jga7ml6Ug44Ku44OV44OIIOODl+ODrOOCvOODs+ODiCDjg6njg4Pjg5Tjg7PjgrAg44GK44GZ44GZ44KBIOOCr+ODquOCueODnuOCuSDjg5vjg6/jgqTjg4jjg4fjg7wg44GK6L+U44GX,44Op44Oh44OD44OIL+ODnuOCpOOCr+ODrS/jgrnjg5Hjg7PjgrPjg7zjg6sv44Os44OH44Kj44O844K5L+S6uuawly/plbfosqHluIMv5q+N44Gu5pel44CCUmFtZXR0b0JlbGx5KOODqeODoeODg+ODiOODmeODquODvCnjg57jgqTjgq/jg63jgrnjg5Hjg7PjgrPjg7zjg6vplbfosqHluINSQUJXUzQwMUMg44Os44OH44Kj44O844K544Ot44Oz44Kw44Km44Kp44Os44OD44OI44CQ5pqu44KJ44GX44Gu5bm45L6/44CRIOmVt+iyoeW4gyDjg63jg7PjgrDjgqbjgqnjg6zjg4Pjg4gg44GK44GX44KD44KMIOWkp+S6uiDjgqvjg6njg7wg5Lq65rCXIOODqeODs+OCreODs+OCsCDotIjjgorniakg5q+N44Gu5pelIOOCruODleODiCDjg5fjg6zjgrzjg7Pjg4gg44Op44OD44OU44Oz44KwIOOBiuOBmeOBmeOCgSDjgq/jg6rjgrnjg57jgrkg44Ob44Ov44Kk44OI44OH44O8IOOBiui/lOOBlw==[rn]
39-76498,aHR0cDovL3RzaG9wLnIxMHMuanAvd2lkZS9jYWJpbmV0L3BuNjAwMDAtNC82MTI5OC0xOTgwLmpwZz9maXRpbj03MDA6NzAw,NDY0MC4wMDAw,,44OQ44OD44Kw44O75bCP54mp44O744OW44Op44Oz44OJ6ZuR6LKoID4g6LKh5biD44O744Kx44O844K5ID4g44Os44OH44Kj44O844K56LKh5biD,44CQ6YCB5paZ54Sh5paZ44CRIOiyoeW4gyDplbfosqHluIMg44Os44OH44Kj44O844K5IOWkmuapn+iDvSDjgq7jg6Pjg6vjgr3jg7PosqHluIMg5aSn5a656YePIOeJm+mdqSDmnKzpnakg5LuV5YiG44GRIOWutuioiCDku5XoqLMg44Oh44Oz44K6IOOChOOCiuOBj+OCiuiyoeW4gyDjg6njgqbjg7Pjg4njg5XjgqHjgrnjg4rjg7wg44Ku44Oj44Or44K944Oz44Km44Kp44Os44OD44OIIOmVt+OCteOCpOODlSDjgYrosqHluIMg5q+N44Gu5pelIOOCruODleODiCDjg5fjg6zjgrzjg7Pjg4gg5Y+v5oSb44GEIOOBi+OCj+OBhOOBhCDjgrXjgqTjg5Ug44GV44GE44G1IOWls+aApyDpu5Ig44K044O844Or44OJIOODlOODs+OCrw==,5bCP6Yqt44Go44Os44K344O844OI44GM44OR44OD44Go6Ieq5YuV5YiG5Yil77yBIOiyoeW4gyDjg6zjg4fjgqPjg7zjgrkg6ZW36LKh5biD,PGEgbmFtZT0idG9wIiBpZD0idG9wIj48L2E+PGZvbnQgc2l6ZT0iNyIgY29sb3I9IiNGRkZGRkYiPuKGkzwvZm9udD48YnI+PGJyPgoKPHRhYmxlIHdpZHRoPSI4MDAiIGFsaWduPSJjZW50ZXIiPgogIDx0cj48dGQgd2lkdGg9IjgwMCIgYWxpZ249ImNlbnRlciI+CiAgICA8cD4KICAgICAgPCEtLeOBguOBmealvS0tPgogICAgICA8YSBocmVmPSJodHRwOi8vaXRlbS5yYWt1dGVuLmNvLmpwL3dpZGUvYy8wMDAwMDAwOTQzLyIgdGFyZ2V0PSJfYmxhbmsiPjxpbWcgc3JjPSJodHRwOi8vaW1hZ2UucmFrdXRlbi5jby5qcC93aWRlL2NhYmluZXQvdG9rdS9hc3VfYmFuYS5naWYiIGJvcmRlcj0iMCIgd2lkdGg9Ijg2MCI+PC9hPjxicj4KICAgICAgPGJyPgogICAgICA8IS0t44GC44GZ5qW9LS0+CiAgICAgIAogICAgICA8Zm9udCBzaXplPSI2IiBjb2xvcj0iI0ZGMDAwMCI+77y8IOW9k+W6l05vLjHimIXkurrmsJfjga7niZvmnKzpnanplbfosqHluIPimIUg77yPPGJyPgogICAgICAgIOOBk+OBruODmuODvOOCuOOBi+OCieizvOWFpeOBmeOCi+OBqOOAgTxicj4KICAgICAgICA8Zm9udCBzaXplPSI3IiBjb2xvcj0iI0ZGMDAwMCI+PGI+44CQ6YCB5paZ54Sh5paZ44Gn44GK5b6X44Gn44GZPC9iPjwvZm9udD48L2ZvbnQ+PGZvbnQgc2l6ZT0iNiIgY29sb3I9IiNGRjAwMDAiPjxmb250IHNpemU9IjYiIGNvbG9yPSIjRkYwMDAwIj48Zm9udCBzaXplPSI3IiBjb2xvcj0iI0ZGMDAwMCI+ISEhPC9mb250PjwvZm9udD48Zm9udCBzaXplPSI3IiBjb2xvcj0iI0ZGMDAwMCI+PGI+44CRPC9iPjwvZm9udD48L2ZvbnQ+PGJyPgogICAgICA8YnI+CiAgICAgIDwvcD4KICAgIDx0YWJsZSB3aWR0aD0iODAwIiBiZ2NvbG9yPSIjRkYzMzMzIj48dHI+PHRkIGFsaWduPSJjZW50ZXIiPjxicj4KICAgIDxmb250IHNpemU9IjciIGNvbG9yPSIjRkZGRkZGIj48Yj7lho3lhaXojbfjgZfjgb7jgZfjgZ/vvIHpgbjjgbnjgosxMeOCq+ODqeODvOKZqjxicj4KICAgIOKAu+S6uuawl+OBruOBn+OCgeaVsOmHj+mZkOWumuKAuzxicj7iiarjgYrkuIDkurrmp5gz54K544G+44Gn4omrPC9iPjwvZm9udD48YnI+PGJyPjwvdGQ+PC90cj48L3RhYmxlPgo8dGFibGUgd2lkdGg9IjgwMCIgYmdjb2xvcj0iI0ZGRkZGRiI+PHRyPjx0ZCBhbGlnbj0iY2VudGVyIiBiZ2NvbG9yPSIjRkNGQkUxIj4KPGZvbnQgc2l6ZT0iNiIgY29sb3I9IiNGRjMzNjYiPjxicj4KPGZvbnQgc2l6ZT0iNyIgY29sb3I9IiMzMzMiPuWkp+WkieOBiuW+heOBn+OBm+OBl+OBvuOBl+OBn++8gTxicj4KPHU+5b6F5pyb44Gu5YaN5YWl6I2344Gn44GZPC91PiEhITwvZm9udD48YnI+Cjxicj7ilrzjgZXjgonjgasgTkVX44Kr44Op44O855m75aC04pa8PGJyPgrjg5bjg6njgqbjg7Mv44OU44Oz44KvL+OCquODrOODs+OCuC/jgrTjg7zjg6vjg4kvCuOCreODo+ODoeODqy88YnI+CuOCueOCq+OCpOODluODq+ODvC/jgqLjgqTjg5zjg6rjg7wv44ON44Kk44OT44O844Gr5Yqg44GI44CBPGJyPgrjg6zjg4Pjg4kv44Kk44Ko44Ot44O844GM5paw55m75aC0ISEhPGJyPgo8YnI+PC9mb250PjwvdGQ+PC90cj48L3RhYmxlPgoKCjx0YWJsZSB3aWR0aD0iODAwIj48dHI+PHRkIHdpZHRoPSI4MDAiIGFsaWduPSJjZW50ZXIiPgo8YnI+Cjxicj4KPGltZyBzcmM9Imh0dHA6Ly9pbWFnZS5yYWt1dGVuLmNvLmpwL3dpZGUvY2FiaW5ldC9wbjYwMDAwLTIzLzc1NTY0LTExLTAxLS5naWYiIHdpZHRoPSI4MDAiPjxicj4KPGltZyBzcmM9Imh0dHA6Ly9pbWFnZS5yYWt1dGVuLmNvLmpwL3dpZGUvY2FiaW5ldC9wbjcwMDAwLTkvNzU1NjQtMDAtMTUtLS5qcGciIHdpZHRoPSI4MDAiPjxicj48YnI+PGJyPgo8aW1nIHNyYz0iaHR0cDovL2ltYWdlLnJha3V0ZW4uY28uanAvd2lkZTAyL2NhYmluZXQvdG9rdS9zaW5idW4tODYwLTAyLmdpZiIgd2lkdGg9IjgwMCI+PGJyPgo8dGFibGUgd2lkdGg9IjgwMCIgY2VsbHNwYWNpbmc9IjAiIGNlbGxwYWRkaW5nPSIwIiBib3JkZXI9IjAiIGFsaWduPSJjZW50ZXIiPjx0cj4KPHRkPjxJTUcgU1JDPSJodHRwOi8vaW1hZ2UucmFrdXRlbi5jby5qcC93aWRlMDIvY2FiaW5ldC90b2t1L2hlYWQtaWNvbl8wMS5qcGciIHdpZHRoPSIxMDAlIj48L3RkPjx0ZD48SU1HIFNSQz0iaHR0cDovL2ltYWdlLnJha3V0ZW4uY28uanAvd2lkZTAyL2NhYmluZXQvdG9rdS9oZWFkLWljb25fMTUuanBnIiB3aWR0aD0iMTAwJSI+PC90ZD48dGQ+PElNRyBTUkM9Imh0dHA6Ly9pbWFnZS5yYWt1dGVuLmNvLmpwL3dpZGUwMi9jYWJpbmV0L3Rva3UvaGVhZC1pY29uXzE0LmpwZyIgd2lkdGg9IjEwMCUiPjwvdGQ+PHRkPjxJTUcgU1JDPSJodHRwOi8vaW1hZ2UucmFrdXRlbi5jby5qcC93aWRlMDIvY2FiaW5ldC90b2t1L2hlYWQtaWNvbl8wNS5qcGciIHdpZHRoPSIxMDAlIj48L3RkPjwvdHI+PC90YWJsZT48YnI+CjxpbWcgc3JjPSJodHRwOi8vaW1hZ2UucmFrdXRlbi5jby5qcC93aWRlL2NhYmluZXQvcG42MDAwMC00LzYxMjk4LTE5ODAuanBnIiB3aWR0aD0iODAwIj48YnI+PGJyPgo8aW1nIHNyYz0iaHR0cDovL2ltYWdlLnJha3V0ZW4uY28uanAvd2lkZS9jYWJpbmV0L3Rva3UvNzU1NjQtcmFua25ldy0uanBnIiB3aWR0aD0iODAwIj48YnI+CgoKPHRhYmxlIGJvcmRlcj0iMCIgd2lkdGg9IjgwMCI+PHRyPjx0ZCBiZ2NvbG9yPSIjRkZDOEM5IiBhbGlnbj0iY2VudGVyIj48dGFibGUgd2lkdGg9IjgwMCIgYWxpZ249ImNlbnRlciI+PHRyPjx0ZCBhbGlnbj0iY2VudGVyIiBoZWlnaHQ9IjUwIj48Yj48Zm9udCBjb2xvcj0iIzMzMyIgc2l6ZT0iNiI+PGJyPuKWvCDli5XnlLvjgafoqbPjgZfjgY/jgZTntLnku4sg4pa8PGJyPjxicj48L2ZvbnQ+PC9iPjwvdGQ+PC90cj48dHI+PHRkIHdpZHRoPSI4MDAiIGFsaWduPSJjZW50ZXIiPjxpZnJhbWUgd2lkdGg9IjY0MCIgaGVpZ2h0PSI1NTAic3JjPSJodHRwOi8vd3d3LnJha3V0ZW4ubmUuanAvZ29sZC93aWRlL21vdmllLzc1NTY0LW1vdmllLmh0bWwiIHNjcm9sbGluZz0ibm8ibWFyZ2luaGVpZ2h0PSIwIiBtYXJnaW53aWR0aD0iMCIgZnJhbWVib3JkZXI9IjAiIG5hbWU9InRvcCI+PC9pZnJhbWU+PGJyPjxicj48L3RkPjwvdHI+PC90YWJsZT48IS0t4pay5YuV55S7LS0+PGJyPjwvdGQ+PC90cj4KCjx0cj48dGQgYmdjb2xvcj0iI0ZGRiIgYWxpZ249ImNlbnRlciI+PGJyPjxicj48Yj48Zm9udCBjb2xvcj0iI0ZGMzMzMyIgc2l6ZT0iNiI+5b2T5bqXTm8uMeS6uuawl+OBruOBn+OCgeOAgeS7iuWbnuOBruWFpeiNt+WIhuaui+OCiuOCj+OBmuOBiyEhITxicj7ilrwg4pa8IOKWvDwvZm9udD48L2I+PGJyPjxhIGhyZWY9Imh0dHA6Ly9pdGVtLnJha3V0ZW4uY28uanAvd2lkZS82MTI5OCNjYXJ0IiB0YXJnZXQ9Il9ibGFuayI+PGltZyBzcmM9Imh0dHA6Ly9pbWFnZS5yYWt1dGVuLmNvLmpwL3dpZGUvY2FiaW5ldC9pY29uL2thZ28taW4tcjEuZ2lmIiBib3JkZXI9IjAiIHdpZHRoPSI2MDAiPjwvYT48YnI+PGJyPjxicj48L3RkPjwvdHI+PC90YWJsZT4KPGJyPjxicj48YnI+CjxhIGhyZWY9Imh0dHA6Ly9pdGVtLnJha3V0ZW4uY28uanAvd2lkZS83Mzg0Mi8iIHRhcmdldD0iX2JsYW5rIj48aW1nIHNyYz0iaHR0cDovL2ltYWdlLnJha3V0ZW4uY28uanAvd2lkZS9jYWJpbmV0L3BuNjAwMDAtMjMvNzU1NjQtMTEtMDcuZ2lmIiB3aWR0aD0iODAwIiBib3JkZXI9IjAiPjwvYT48YnI+Cjxicj48YnI+PGJyPjxicj48YnI+PGJyPjxicj4KPGltZyBzcmM9Imh0dHA6Ly9pbWFnZS5yYWt1dGVuLmNvLmpwL3dpZGUwMi9jYWJpbmV0L3BuNzAwMDAtOC83MDg5Ny0wMS0wOS5qcGciIHdpZHRoPSI4MDAiPjxicj48aW1nIHNyYz0iaHR0cDovL2ltYWdlLnJha3V0ZW4uY28uanAvd2lkZTAyL2NhYmluZXQvcG43MDAwMC04LzcwODk3LTAxLTEwLmpwZyIgd2lkdGg9IjgwMCI+PGJyPjxicj48YnI+CjxpbWcgc3JjPSJodHRwOi8vaW1hZ2UucmFrdXRlbi5jby5qcC93aWRlL2NhYmluZXQvcG43MDAwMC05Lzc1NTY0LTAwLTAxLmpwZyIgd2lkdGg9IjgwMCI+PGJyPgo8aW1nIHNyYz0iaHR0cDovL2ltYWdlLnJha3V0ZW4uY28uanAvd2lkZS9jYWJpbmV0L3BuNzAwMDAtMTMvNzU1NjQtMDAtMTAtLS0uanBnIiB3aWR0aD0iODAwIj48YnI+CjxpbWcgc3JjPSJodHRwOi8vaW1hZ2UucmFrdXRlbi5jby5qcC93aWRlL2NhYmluZXQvcG43MDAwMC0xMy83NTU2NC0wMC0wNy0tLS5qcGciIHdpZHRoPSI4MDAiPjxicj4KPGltZyBzcmM9Imh0dHA6Ly9pbWFnZS5yYWt1dGVuLmNvLmpwL3dpZGUvY2FiaW5ldC9wbjcwMDAwLTEzLzc1NTY0LTAwLTA4LS0tLmpwZyIgd2lkdGg9IjgwMCI+PGJyPgo8aW1nIHNyYz0iaHR0cDovL2ltYWdlLnJha3V0ZW4uY28uanAvd2lkZS9jYWJpbmV0L3BuNzAwMDAtMTMvNzU1NjQtMDAtMDktLS0uanBnIiB3aWR0aD0iODAwIj48YnI+Cjxicj4KPGJyPgoKCjx0YWJsZSB3aWR0aD0iODAwIiBjZWxscGFkZGluZz0iMTAiIGFsaWduPSJjZW50ZXIiPjx0cj48dGQgYWxpZ249ImxlZnQiPjxiPjxmb250IGNvbG9yPSIjRkYwMDAwIiBzaXplPSI0Ij7mpb3lpKnjg6njg7Pjgq3jg7PjgrDlj5fos57vvIHvvIHmnKzlvZPjgavjgYLjgorjgYzjgajjgYbjgZTjgZbjgYTjgb7jgZnimao8L2ZvbnQ+PGZvbnQgY29sb3I9IiNGRjY2MDAiIHNpemU9IjQiPjxicj4KICA8YnI+CiAgICAgICAgICAgIDxmb250IGNvbG9yPSIjMzMzMzMzIiBzaXplPSIzIj7mlrDogZ7jgafjgoLlj5bjgorkuIrjgZLjgonjgozjgZ/kurrmsJfjga7jgYrosqHluIPjgafjgZnvvIE8YnI+CiAgICAgICAgICAgIDxicj4KICAgICAgICAgICAg44GK5a6i5qeY44Gu5aOw44GL44KJ55Sf44G+44KM44G+44GX44Gf77yB44Os44K344O844OI44Go5bCP6Yqt44KS6Ieq5YuV44Gn5oyv44KK5YiG44GR44Gn44GN44KL4pmq5bCP6Yqt5YWl44KM44GM5aSn44GN44GP6ZaL44GP44K/44Kk44OX44Gu44GK6LKh5biD77yB44Os44K444Gn5oWM44Gm44Gq44GE77yBIOOBiuOBpOOCiuOBqOODrOOCt+ODvOODiOOBjOS7leWIhuOBkeOBp+OBjeOAgeWwj+mKreOCguS4gOebrueereeEtu+8gTxicj4KICAgICAgICAgICAgPGJyPgogICAgICAgICAgICDjg6zjgrjjga7jgYrph5HjgpLmiZXjgYbmmYLjgavmhYzjgabjgabjgZfjgb7jgYbjgZPjgajjga/jgYLjgorjgb7jgZvjgpPjgYvvvJ88YnI+CiAgICAgICAgICAgIOODrOOCt+ODvOODiOOBmeOBo+OBjeOCiuODleOCoeOCueODiuODvOmVt+iyoeW4g+OBr++8k+ODteaJgOOBruOBiuacreWFpeOCjOOBqOOAgeWkp+OBjeOBj+mWi+OBj+Wwj+mKreWFpeOCjOOBp+aUr+aJleOCguOCueODoOODvOOCuuOBp+OBmeOAgjxicj4KICAgICAgICAgICAg44GK6Yej44KK44KC5bCP6Yqt44Go44Os44K344O844OI44KS5LiA57eS44Gr5YWl44KM44KL5LqL44GM44Gn44GN44KL44Gu44Gn44K544Oe44O844OI44Gr44GK5Lya6KiI44GM57WC44KP44KK44G+44GZ44CCPGJyPgogICAgICAgICAgICDjgrjjg6Pjg5Djg6nlvI/jga7jgqvjg7zjg4nlhaXjgozjgarjga7jgafjgqvjg7zjg4njga7lh7rjgZflhaXjgozjgoLjg5Djg4Pjg4Hjg6rvvIE8L2ZvbnQ+PC9mb250PjwvYj48L3RkPgo8L3RyPjwvdGFibGU+CgoKCgo8YnI+Cjxicj4KPGltZyBzcmM9Imh0dHA6Ly9pbWFnZS5yYWt1dGVuLmNvLmpwL3dpZGUvY2FiaW5ldC9wbjcwMDAwLTEzLzc1NTY0LTAwLTIxLmpwZyIgd2lkdGg9IjgwMCI+PGJyPjxicj4KPGltZyBzcmM9Imh0dHA6Ly9pbWFnZS5yYWt1dGVuLmNvLmpwL3dpZGUvY2FiaW5ldC9wbjcwMDAwLTEzLzc1NTY0LTAwLTIyLmpwZyIgd2lkdGg9IjgwMCI+PGJyPjxicj4KPGltZyBzcmM9Imh0dHA6Ly9pbWFnZS5yYWt1dGVuLmNvLmpwL3dpZGUvY2FiaW5ldC9wbjcwMDAwLTkvNzU1NjQtMDAtMjEtLmpwZyIgd2lkdGg9IjgwMCI+PGJyPjxicj4KCgo8YnI+PGJyPjxhIGhyZWY9Imh0dHA6Ly9pdGVtLnJha3V0ZW4uY28uanAvd2lkZS82MTI5OCNjYXJ0IiB0YXJnZXQ9Il9ibGFuayI+PGltZyBzcmM9Imh0dHA6Ly9pbWFnZS5yYWt1dGVuLmNvLmpwL3dpZGUwMi9jYWJpbmV0L3BuNjAwMDAtMjQvNjE4NjAtMDItMTUuanBnIiB3aWR0aD0iODAwIj48L2E+PGJyPgoKPGJyPjxicj48YnI+CjxUQUJMRSB3aWR0aD0iODAwIj48VFI+PFREIGFsaWduPSJjZW50ZXIiIGJnY29sb3I9IiNGRkYwMDAiPgo8aW1nIHNyYz0iaHR0cDovL2ltYWdlLnJha3V0ZW4uY28uanAvd2lkZTAyL2NhYmluZXQvcG43MDAwMC04LzcwODk3LTAxLTA5LmpwZyIgd2lkdGg9IjgwMCI+PGJyPgo8aW1nIHNyYz0iaHR0cDovL2ltYWdlLnJha3V0ZW4uY28uanAvd2lkZTAyL2NhYmluZXQvcG43MDAwMC04LzcwODk3LTAxLTEwLmpwZyIgd2lkdGg9IjgwMCI+PGJyPgo8aW1nIHNyYz0iaHR0cDovL2ltYWdlLnJha3V0ZW4uY28uanAvd2lkZTAyL2NhYmluZXQvcG43MDAwMC04LzcwODk3LTAxLTA3LmpwZyIgd2lkdGg9IjgwMCI+PGJyPjxicj48YnI+CjxiPjxmb250IHNpemU9IjYiIGNvbG9yPSIjRkYwMDAwIj7jgZ/jgY/jgZXjgpPjga7jg6zjg5Pjg6Xjg7zjgYLjgorjgYzjgajjgYbjgZTjgZbjgYTjgb7jgZnimarilrw8L2ZvbnQ+PC9iPjxicj48YnI+CjxpZnJhbWUgd2lkdGg9IjcyMCIgaGVpZ2h0PSI2MDAiIHNyYz0iaHR0cDovL3d3dy5yYWt1dGVuLm5lLmpwL2dvbGQvd2lkZS9odG1sLzc1NTY0cmV2ZXcuaHRtbCIgc2Nyb2xsaW5nPSJ5ZXMiIG1hcmdpbmhlaWdodD0iMCIgbWFyZ2lud2lkdGg9IjAiIGZyYW1lYm9yZGVyPSIwIiBuYW1lPSJ0b3AiPjwvaWZyYW1lPjxicj48YnI+PC9URD48L1RSPjwvVEFCTEU+Cjxicj4KPGltZyBzcmM9Imh0dHA6Ly9pbWFnZS5yYWt1dGVuLmNvLmpwL3dpZGUvY2FiaW5ldC9wbjcwMDAwLTEyL3BuNzAwMDAtMTIvNzU1NjQtMDAtMjMuanBnIiB3aWR0aD0iODAwIj48YnI+CjxpbWcgc3JjPSJodHRwOi8vaW1hZ2UucmFrdXRlbi5jby5qcC93aWRlL2NhYmluZXQvcG43MDAwMC0xMi9wbjcwMDAwLTEyLzc1NTY0LTAwLTI0LmpwZyIgd2lkdGg9IjgwMCI+PGJyPgo8aW1nIHNyYz0iaHR0cDovL2ltYWdlLnJha3V0ZW4uY28uanAvd2lkZS9jYWJpbmV0L3BuNzAwMDAtOS83NTU2NC0wMC0wMi5qcGciIHdpZHRoPSI4MDAiPjxicj48aW1nIHNyYz0iaHR0cDovL2ltYWdlLnJha3V0ZW4uY28uanAvd2lkZS9jYWJpbmV0L3BuNzAwMDAtOS83NTU2NC0wMC0wMy5qcGciIHdpZHRoPSI4MDAiPjxicj48aW1nIHNyYz0iaHR0cDovL2ltYWdlLnJha3V0ZW4uY28uanAvd2lkZS9jYWJpbmV0L3BuNzAwMDAtOS83NTU2NC0wMC0wNC5qcGciIHdpZHRoPSI4MDAiPjxicj4KPGltZyBzcmM9Imh0dHA6Ly9pbWFnZS5yYWt1dGVuLmNvLmpwL3dpZGUvY2FiaW5ldC9wbjYwMDAwLTQvNzU1NjQtMDAtMDUtLS5qcGciIHdpZHRoPSI4MDAiPjxicj4KPGltZyBzcmM9Imh0dHA6Ly9pbWFnZS5yYWt1dGVuLmNvLmpwL3dpZGUvY2FiaW5ldC9wbjYwMDAwLTQvNzU1NjQtMDAtMDYtLS0tLS5qcGciIHdpZHRoPSI4MDAiPjxicj4KPGltZyBzcmM9Imh0dHA6Ly9pbWFnZS5yYWt1dGVuLmNvLmpwL3dpZGUvY2FiaW5ldC9wbjYwMDAwLTQvNzU1NjQtMDAtMTEuanBnIiB3aWR0aD0iODAwIj48YnI+CjxpbWcgc3JjPSJodHRwOi8vaW1hZ2UucmFrdXRlbi5jby5qcC93aWRlL2NhYmluZXQvcG42MDAwMC00Lzc1NTY0LTAwLTEzLS5qcGciIHdpZHRoPSI4MDAiPjxicj4KPGltZyBzcmM9Imh0dHA6Ly9pbWFnZS5yYWt1dGVuLmNvLmpwL3dpZGUvY2FiaW5ldC9wbjYwMDAwLTQvNzU1NjQtMDAtMTcuanBnIiB3aWR0aD0iODAwIj48YnI+CjxpbWcgc3JjPSJodHRwOi8vaW1hZ2UucmFrdXRlbi5jby5qcC93aWRlL2NhYmluZXQvcG42MDAwMC00Lzc1NTY0LTAwLTE4LmpwZyIgd2lkdGg9IjgwMCI+PGJyPgo8aW1nIHNyYz0iaHR0cDovL2ltYWdlLnJha3V0ZW4uY28uanAvd2lkZS9jYWJpbmV0L3BuNjAwMDAtNC83NTU2NC0wMC0xOS5qcGciIHdpZHRoPSI4MDAiPjxicj4KPGltZyBzcmM9Imh0dHA6Ly9pbWFnZS5yYWt1dGVuLmNvLmpwL3dpZGUvY2FiaW5ldC9wbjYwMDAwLTQvNzU1NjQtMDAtMjAuanBnIiB3aWR0aD0iODAwIj48YnI+Cgo8aW1nIHNyYz0iaHR0cDovL2ltYWdlLnJha3V0ZW4uY28uanAvd2lkZS9jYWJpbmV0L3BuNzAwMDAtOS83NTU2NC0wMC0yNS5qcGciIHdpZHRoPSI4MDAiPjxicj4KPGltZyBzcmM9Imh0dHA6Ly9pbWFnZS5yYWt1dGVuLmNvLmpwL3dpZGUvY2FiaW5ldC9wbjcwMDAwLTkvNzU1NjQtMDAtMjYuanBnIiB3aWR0aD0iODAwIj48YnI+Cgo8aW1nIHNyYz0iaHR0cDovL2ltYWdlLnJha3V0ZW4uY28uanAvd2lkZS9jYWJpbmV0L3BuNzAwMDAtMTMvNzU1NjQtMDAtMTYtLmpwZyIgd2lkdGg9IjgwMCI+PGJyPgo8aW1nIHNyYz0iaHR0cDovL2ltYWdlLnJha3V0ZW4uY28uanAvd2lkZS9jYWJpbmV0L3BuNzAwMDAtOS83NTU2NC0wMC0xNC5qcGciIHdpZHRoPSI4MDAiPjxicj48YnI+PGJyPgo8YnI+Cjxicj4KPGltZyBzcmM9Imh0dHA6Ly9pbWFnZS5yYWt1dGVuLmNvLmpwL3dpZGUvY2FiaW5ldC9wbjYwMDAwLTIzLzc1NTY0LTExLTAxLS5naWYiIHdpZHRoPSI4MDAiPjxicj4KPGltZyBzcmM9Imh0dHA6Ly9pbWFnZS5yYWt1dGVuLmNvLmpwL3dpZGUvY2FiaW5ldC9wbjcwMDAwLTkvNzU1NjQtMDAtMTUtLS5qcGciIHdpZHRoPSI4MDAiPjxicj48YnI+Cjxicj4KICAKPGltZyBzcmM9Imh0dHA6Ly9pbWFnZS5yYWt1dGVuLmNvLmpwL3dpZGUvY2FiaW5ldC9wbjYwMDAwLTIzLzc1NTY0LTExLTAyLS5naWYiIHdpZHRoPSI4MDAiPjxicj4KPGJyPgo8Zm9udCBjb2xvcj0iI0ZGMDAwMCIgc2l6ZT0iMiI+4oC744GK5L2/44GE44Gu44OR44K944Kz44Oz44Gu44Oi44OL44K/44O844Gu55m66Imy44Gu5YW35ZCI44Gr44KI44Gj44Gm5a6f6Zqb44Gu5ZWG5ZOB44Go6Imy44GM6Iul5bmy55Ww44Gq44KL5aC05ZCI44GM5b6h5bqn44GE44G+44GZ44CCPC9mb250PgoKPGJyPgo8YnI+CjxpbWcgc3JjPSJodHRwOi8vaW1hZ2UucmFrdXRlbi5jby5qcC93aWRlL2NhYmluZXQvcG43MDAwMC0xNC83NTU2NC1yYW5rLTAyLmpwZyIgd2lkdGg9IjgwMCI+PGJyPgo8YnI+CgoKPGNlbnRlcj4KCjxicj48YnI+PGJyPgo8YSBocmVmPSJodHRwOi8vaXRlbS5yYWt1dGVuLmNvLmpwL3dpZGUvNzM4NDIvIiB0YXJnZXQ9Il9ibGFuayI+PGltZyBzcmM9Imh0dHA6Ly9pbWFnZS5yYWt1dGVuLmNvLmpwL3dpZGUvY2FiaW5ldC9wbjYwMDAwLTIzLzc1NTY0LTExLTA3LmdpZiIgd2lkdGg9Ijg2MCIgYm9yZGVyPSIwIj48L2E+PGJyPgo8YnI+Cjxicj4KPGEgaHJlZj0iaHR0cDovL2l0ZW0ucmFrdXRlbi5jby5qcC93aWRlLzc2NDI2LyIgdGFyZ2V0PSJfYmxhbmsiPjxpbWcgc3JjPSJodHRwOi8vaW1hZ2UucmFrdXRlbi5jby5qcC93aWRlL2NhYmluZXQvYmFubmVyX2V2ZW50Lzc2NDI2LWxpbmsuanBnIiB3aWR0aD0iODYwIiBib3JkZXI9IjAiPjwvYT4KCjxjZW50ZXI+Cjxicj48YnI+CjxhIGhyZWY9Imh0dHA6Ly9pdGVtLnJha3V0ZW4uY28uanAvd2lkZS83Njk2NC8iIHRhcmdldD0iX2JsYW5rIj48aW1nIHNyYz0iaHR0cDovL2ltYWdlLnJha3V0ZW4uY28uanAvd2lkZS9jYWJpbmV0L2Jhbm5lcl9ldmVudC83Njk2NC1saW5rLmpwZyIgd2lkdGg9Ijg2MCIgYm9yZGVyPSIwIj48L2E+Cjxicj4KPC9jZW50ZXI+CjwhLS3mr5TovIMtLT4KPGJyPjxicj48YnI+PGJyPgo8aWZyYW1lIHNyYz0iaHR0cDovL3d3dy5yYWt1dGVuLm5lLmpwL2dvbGQvd2lkZS9odG1sL3NhaWZ1LWlmcy5odG1sIndpZHRoPSI4NjUiIGhlaWdodD0iMjUwMCIgbWFyZ2lud2lkdGg9IjAiIG1hcmdpbmhlaWdodD0iMCIgc2Nyb2xsaW5nPSJubyIgZnJhbWVib3JkZXI9IjAiPjwvaWZyYW1lPgo8IS0t5q+U6LyDLS0+Cgo8YSBuYW1lPSJjYXJ0IiBpZD0iY2FydCI+PC9hPgo8Y2VudGVyPgogIDxpZnJhbWUgd2lkdGg9IjgwMCIgaGVpZ2h0PSI2NTAiIHNyYz0iaHR0cDovL3d3dy5yYWt1dGVuLm5lLmpwL2dvbGQvd2lkZS9odG1sL3BhZ2VfZm9vZGVyL3dyYXBwaW5nLmh0bWwiIHNjcm9sbGluZz0ibm8iIG1hcmdpbmhlaWdodD0iMCIgbWFyZ2lud2lkdGg9IjAiIGZyYW1lYm9yZGVyPSIwIiBuYW1lPSJ0b3AiPjwvaWZyYW1lPgo8L2NlbnRlcj48L3RkPjwvdHI+PC90YWJsZT48L3RkPjwvdHI+PC90YWJsZT48dGFibGUgd2lkdGg9IjMwMCIgY2VsbHNwYWNpbmc9IjAiIGNlbGxwYWRkaW5nPSIwIiBib3JkZXI9IjAiPiA8dHI+IDx0ZCBhbGlnbj0iY2VudGVyIj48aW1nIHNyYz0iaHR0cDovL2ltYWdlLnJha3V0ZW4uY28uanAvd2lkZS9jYWJpbmV0L3Rva3UvcmFwcGluZy5naWYiIGFsdD0i44Op44OD44OU44Oz44Kw44Ki44Kk44Kz44OzIiB3aWR0aD0iMzAwIiBoZWlnaHQ9IjgyIiBib3JkZXI9IjAiPjwvdGQ+IDwvdHI+IDwvdGFibGU+PGJyPiDjg6zjgrjjga7jgYrph5HjgpLmiZXjgYbmmYLjgavmhYzjgabjgb7jgZvjgpPjgYvvvJ/jg6zjgrfjg7zjg4jjgZnjgaPjgY3jgorjg5XjgqHjgrnjg4rjg7zplbfosqHluIPjga/vvJPjg7XmiYDjga7jgYrmnK3lhaXjgozjgajlpKfjgY3jgY/plovjgY/lsI/piq3lhaXjgozjgafmlK/miZXjgoLjgrnjg6Djg7zjgrrjgIHjgYrph6PjgorjgoLlsI/piq3jgajjg6zjgrfjg7zjg4jjgpLkuIDnt5LjgavlhaXjgozjgovkuovjgYzjgafjgY3jgovjga7jgafjgrnjg57jg7zjg4jjgavkvJroqIjjgYzntYLjgo/jgorjgb7jgZnjgILjgrjjg6Pjg5Djg6nlvI/jga7jgqvjg7zjg4nlhaXjgozjgarjga7jgafjgqvjg7zjg4njga7lh7rjgZflhaXjgozjgoLjg5Djg4Pjg4Hjg6rvvIE8YnI+4pag44K144Kk44K644CA77yI57SE77yJ57imMTHDl+aoqjIww5fljprjgb8yLjVjbTxCUj7ilqDjgqvjg6njg7zjgIDjg5bjg6njg4Pjgq/jgIHjg5bjg6njgqbjg7PjgIHjg5Tjg7Pjgq/jgIHjgqrjg6zjg7PjgrjjgIHjgrTjg7zjg6vjg4njgIHjgq3jg6Pjg6Hjg6vjgIHjgrnjgqvjgqTjg5fjg6vjg7zjgIHjgqLjgqTjg5zjg6rjg7zjgIHjg43jgqTjg5Pjg7w8QlI+4pag57Sg5p2Q44CA54mb6Z2p44CB5ZCI5oiQ55qu6Z2p44CB5LuWPEJSPuKWoOS7leanmOOAgDIx44Od44Kx44OD44OI77yI5aSn44Od44Kx44OD44OIw5cy44CB44Kr44O844OJ44Od44Kx44OD44OIw5cxOOOAgeWkluODneOCseODg+ODiMOXMe+8ieOAgeacreWFpeOCjMOXM+OAgeWwj+mKreWFpeOCjMOXMTxicj7ilqDph43ph4/vvJoxOTBnPEJSPuKWoOijvemAoOOAgOS4reWbveijvTxCUj48YnI+44CQIOaaruOCieOBl+OBruW5uOS+vyDjgY/jgonjgZcg44GuIOW5uOS+vyDjgY/jgonjgZfjga7lubjkvr8g44CR44CQ5qSc57Si55So44Kt44O844Ov44O844OJ44CR44CQ5aWz5oCn55So6LKh5biD44CR44CQ5amm5Lq655So6LKh5biD44CR44CQ44Os44OH44Kj44O844K56LKh5biD44CR44CQ44Km44Kp44Os44OD44OI44CR44CQ6ZW36LKh5biD44CR44CQ44Ki44Kz44O844OH44Kj44Kq44Oz6LKh5biD44CR44CQ44OW44Op44OD44Kv44CR44CQ44Kt44Oj44Oh44Or44CRPGJyPuOAkCDmmq7jgonjgZfjga7lubjkvr8g44GP44KJ44GXIOOBriDlubjkvr8g44GP44KJ44GX44Gu5bm45L6/IOOBn+OBj+OBleOCkyDlhaXjgosg6LKh5biDIOOAkQoKCgoKPCEtLeOCq+ODvOODiOS4iy0tPgo8YnI+Cjxicj4KCjxicj4KPGJyPgo8IS0t44Kr44O844OI5LiLLS0+CgoKCjxzdHlsZSB0eXBlPSJ0ZXh0L2NzcyI+CjwhLS0KLyog6YG45oqe6IKi5ZCN5YmN44Gr55S75YOP5Ye644GZIC0g57im6Lu45bCC55SoCi0tLS0tLS0tLS0tLS0tLS0tLS0tLS0tLS0tLS0tLS0tLS0gKi8KI3Jha3V0ZW5MaW1pdGVkSWRfYXJvdW5kQ2FydCB0ciB0ciB0cjpub3QoOmZpcnN0LWNoaWxkKSAuaW52ZW50b3J5X2Nob2ljZV9uYW1lIHNwYW46YmVmb3JlIHsKY29udGVudDogIiI7CmRpc3BsYXk6IGJsb2NrOwp3aWR0aDogMTAwcHg7IC8q55S75YOP44Gu5bmFKi8KaGVpZ2h0OiAxMDBweDsgLyrnlLvlg4/jga7pq5jjgZUqLwpiYWNrZ3JvdW5kLXNpemU6IDEwMHB4OyAvKueUu+WDj+OBruW5hSovCm1hcmdpbi1ib3R0b206IDRweDsKfQovKiAx6aCF55uu55uuICovCiNyYWt1dGVuTGltaXRlZElkX2Fyb3VuZENhcnQgdHIgdHIgdHI6bnRoLWNoaWxkKDIpIC5pbnZlbnRvcnlfY2hvaWNlX25hbWUgc3BhbjpiZWZvcmUgewogIGJhY2tncm91bmQtaW1hZ2U6dXJsKCJodHRwOi8vaW1hZ2UucmFrdXRlbi5jby5qcC93aWRlL2NhYmluZXQvY2FydC83NTU2NC0xLmpwZyIpOwp9CgovKiAy6aCF55uu55uuICovCiNyYWt1dGVuTGltaXRlZElkX2Fyb3VuZENhcnQgdHIgdHIgdHI6bnRoLWNoaWxkKDMpIC5pbnZlbnRvcnlfY2hvaWNlX25hbWUgc3BhbjpiZWZvcmUgewogIGJhY2tncm91bmQtaW1hZ2U6dXJsKCJodHRwOi8vaW1hZ2UucmFrdXRlbi5jby5qcC93aWRlL2NhYmluZXQvY2FydC83NTU2NC0yLmpwZyIpOwp9CgovKiAz6aCF55uu55uuICovCiNyYWt1dGVuTGltaXRlZElkX2Fyb3VuZENhcnQgdHIgdHIgdHI6bnRoLWNoaWxkKDQpIC5pbnZlbnRvcnlfY2hvaWNlX25hbWUgc3BhbjpiZWZvcmUgewogIGJhY2tncm91bmQtaW1hZ2U6dXJsKCJodHRwOi8vaW1hZ2UucmFrdXRlbi5jby5qcC93aWRlL2NhYmluZXQvY2FydC83NTU2NC0zLmpwZyIpOwp9CgovKiA06aCF55uu55uuICovCiNyYWt1dGVuTGltaXRlZElkX2Fyb3VuZENhcnQgdHIgdHIgdHI6bnRoLWNoaWxkKDUpIC5pbnZlbnRvcnlfY2hvaWNlX25hbWUgc3BhbjpiZWZvcmUgewogIGJhY2tncm91bmQtaW1hZ2U6dXJsKCJodHRwOi8vaW1hZ2UucmFrdXRlbi5jby5qcC93aWRlL2NhYmluZXQvY2FydC83NTU2NC00LmpwZyIpOwp9CgovKiA16aCF55uu55uuICovCiNyYWt1dGVuTGltaXRlZElkX2Fyb3VuZENhcnQgdHIgdHIgdHI6bnRoLWNoaWxkKDYpIC5pbnZlbnRvcnlfY2hvaWNlX25hbWUgc3BhbjpiZWZvcmUgewogIGJhY2tncm91bmQtaW1hZ2U6dXJsKCJodHRwOi8vaW1hZ2UucmFrdXRlbi5jby5qcC93aWRlL2NhYmluZXQvY2FydC83NTU2NC01LmpwZyIpOwp9CgovKiA26aCF55uu55uuICovCiNyYWt1dGVuTGltaXRlZElkX2Fyb3VuZENhcnQgdHIgdHIgdHI6bnRoLWNoaWxkKDcpIC5pbnZlbnRvcnlfY2hvaWNlX25hbWUgc3BhbjpiZWZvcmUgewogIGJhY2tncm91bmQtaW1hZ2U6dXJsKCJodHRwOi8vaW1hZ2UucmFrdXRlbi5jby5qcC93aWRlL2NhYmluZXQvY2FydC83NTU2NC02LmpwZyIpOwp9CgovKiA36aCF55uu55uuICovCiNyYWt1dGVuTGltaXRlZElkX2Fyb3VuZENhcnQgdHIgdHIgdHI6bnRoLWNoaWxkKDgpIC5pbnZlbnRvcnlfY2hvaWNlX25hbWUgc3BhbjpiZWZvcmUgewogIGJhY2tncm91bmQtaW1hZ2U6dXJsKCJodHRwOi8vaW1hZ2UucmFrdXRlbi5jby5qcC93aWRlL2NhYmluZXQvY2FydC83NTU2NC03LmpwZyIpOwp9CgovKiA46aCF55uu55uuICovCiNyYWt1dGVuTGltaXRlZElkX2Fyb3VuZENhcnQgdHIgdHIgdHI6bnRoLWNoaWxkKDkpIC5pbnZlbnRvcnlfY2hvaWNlX25hbWUgc3BhbjpiZWZvcmUgewogIGJhY2tncm91bmQtaW1hZ2U6dXJsKCJodHRwOi8vaW1hZ2UucmFrdXRlbi5jby5qcC93aWRlL2NhYmluZXQvY2FydC83NTU2NC04LmpwZyIpOwp9CgovKiA56aCF55uu55uuICovCiNyYWt1dGVuTGltaXRlZElkX2Fyb3VuZENhcnQgdHIgdHIgdHI6bnRoLWNoaWxkKDEwKSAuaW52ZW50b3J5X2Nob2ljZV9uYW1lIHNwYW46YmVmb3JlIHsKICBiYWNrZ3JvdW5kLWltYWdlOnVybCgiaHR0cDovL2ltYWdlLnJha3V0ZW4uY28uanAvd2lkZS9jYWJpbmV0L2NhcnQvNzU1NjQtOS5qcGciKTsKfQoKLyogMTDpoIXnm67nm64gKi8KI3Jha3V0ZW5MaW1pdGVkSWRfYXJvdW5kQ2FydCB0ciB0ciB0cjpudGgtY2hpbGQoMTEpIC5pbnZlbnRvcnlfY2hvaWNlX25hbWUgc3BhbjpiZWZvcmUgewogIGJhY2tncm91bmQtaW1hZ2U6dXJsKCJodHRwOi8vaW1hZ2UucmFrdXRlbi5jby5qcC93aWRlL2NhYmluZXQvY2FydC83NTU2NC0xMC5qcGciKTsKfQoKLyogMTHpoIXnm67nm64gKi8KI3Jha3V0ZW5MaW1pdGVkSWRfYXJvdW5kQ2FydCB0ciB0ciB0cjpudGgtY2hpbGQoMTIpIC5pbnZlbnRvcnlfY2hvaWNlX25hbWUgc3BhbjpiZWZvcmUgewogIGJhY2tncm91bmQtaW1hZ2U6dXJsKCJodHRwOi8vaW1hZ2UucmFrdXRlbi5jby5qcC93aWRlL2NhYmluZXQvY2FydC83NTU2NC0xMS5qcGciKTsKfQotLT4KPC9zdHlsZT48IS0t44Kk44OZ44Oz44OI55SoCjxzdHlsZSB0eXBlPSJ0ZXh0L2NzcyI+CnNwYW4udW5pdCB7IGJhY2tncm91bmQ6IHVybChodHRwOi8vaW1hZ2UucmFrdXRlbi5jby5qcC93aWRlMDIvY2FiaW5ldC9wb2ludC8yMDE3MDMyMV9rYWdvLmdpZikgbm8tcmVwZWF0IGxlZnQgdG9wOyB0ZXh0LWluZGVudDoKLTk5OTk7IGRpc3BsYXk6IGJsb2NrOyB3aWR0aDogNDAwOyBoZWlnaHQ6IDI1NDsgbWFyZ2luOjE1cHggMDsgfQo8L3N0eWxlPgo8IS0t44Kk44OZ44Oz44OI55SoLS0+Cgo8IS0t6YCB5paZ54Sh5paZM+WAjQo8c3R5bGUgdHlwZT0idGV4dC9jc3MiPgpzcGFuLnVuaXQgeyBiYWNrZ3JvdW5kOiB1cmwoaHR0cDovL2ltYWdlLnJha3V0ZW4uY28uanAvd2lkZTAyL2NhYmluZXQvcG9pbnQvMjAxNjA5MjktMDEuZ2lmKSBuby1yZXBlYXQgbGVmdCB0b3A7IHRleHQtaW5kZW50OgotOTk5OTsgZGlzcGxheTogYmxvY2s7IHdpZHRoOiA0MDA7IGhlaWdodDogMzAxOyBtYXJnaW46MTVweCAwOyB9Cjwvc3R5bGU+CjwhLS3pgIHmlpnnhKHmlpkz5YCNLS0+Cgo8IS0t44GC44GZ5qW95rC05pucCjxzdHlsZSB0eXBlPSJ0ZXh0L2NzcyI+CnNwYW4udW5pdCB7IGJhY2tncm91bmQ6IHVybChodHRwOi8vaW1hZ2UucmFrdXRlbi5jby5qcC93aWRlMDIvY2FiaW5ldC9wb2ludC80MDAtc3VpeW8tYXN1cmFrdS5naWYpIG5vLXJlcGVhdCBsZWZ0IHRvcDsgdGV4dC1pbmRlbnQ6Ci05OTk5OyBkaXNwbGF5OiBibG9jazsgd2lkdGg6IDQwMDsgaGVpZ2h0OiAxNzU7IG1hcmdpbjoxNXB4IDA7IH0KPC9zdHlsZT4KPCEtLeOBguOBmealveawtOabnC0tPgoKPCEtLeODtOOCo+ODg+OCu+ODq+WLneWIqeOCq+OCtOaoquODkOODiuODvAo8c3R5bGUgdHlwZT0idGV4dC9jc3MiPgpzcGFuLnVuaXQgeyBiYWNrZ3JvdW5kOiB1cmwoaHR0cDovL2ltYWdlLnJha3V0ZW4uY28uanAvd2lkZTAyL2NhYmluZXQvcG9pbnQvMjAxNTA5MTAtMDkuZ2lmKSBuby1yZXBlYXQgbGVmdCB0b3A7IHRleHQtaW5kZW50OgotOTk5OTsgZGlzcGxheTogYmxvY2s7IHdpZHRoOiA0MDA7IGhlaWdodDogMTc1OyBtYXJnaW46MTVweCAwOyB9Cjwvc3R5bGU+CjwhLS3jg7TjgqPjg4Pjgrvjg6vli53liKnjgqvjgrTmqKrjg5Djg4rjg7wtLT4KCgo8IS0t6YCa5bi45pmC44Kr44K05qiq44OQ44OK44O8CjxzdHlsZSB0eXBlPSJ0ZXh0L2NzcyI+CnNwYW4udW5pdCB7IGJhY2tncm91bmQ6IHVybChodHRwOi8vaW1hZ2UucmFrdXRlbi5jby5qcC93aWRlMDIvY2FiaW5ldC9wb2ludC8yMDE2MDMwMy0wMi5naWYpIG5vLXJlcGVhdCBsZWZ0IHRvcDsgdGV4dC1pbmRlbnQ6Ci05OTk5OyBkaXNwbGF5OiBibG9jazsgd2lkdGg6IDQwMDsgaGVpZ2h0OiAzMTE7IG1hcmdpbjoxNXB4IDA7IH0KPC9zdHlsZT4KPCEtLemAmuW4uOaZguOCq+OCtOaoquODkOODiuODvC0tPgoKCgoKPCEtLeiyt+OBhOeJqeOBi+OBlOODnOOCv+ODsy0tPgo8c3R5bGUgdHlwZT0idGV4dC9jc3MiPgoKLyrilrzilrwyMDE3MDIwMei/veiomOOBk+OBk+OBi+OCieKWvOKWvCovCgojcmFrdXRlbkxpbWl0ZWRJZF9hcm91bmRDYXJ0IHNwYW4udW5pdHsKIGZvbnQtc2l6ZToxOHB4OyAvKuW6l+iIl+OBlOOBqOOBq+S7u+aEjyovCiBmb250LXdlaWdodDpib2xkOyAvKuW6l+iIl+OBlOOBqOOBq+S7u+aEjyovCiBoZWlnaHQ6MzBweDsgLyrlupfoiJfjgZTjgajjgavku7vmhI8qLwp9CiAKI3Jha3V0ZW5MaW1pdGVkSWRfYXJvdW5kQ2FydCBpbnB1dCN1bml0cyB7CiBib3JkZXI6c29saWQgNXB4ICNjY2M7IC8q5bqX6IiX44GU44Go44Gr5Lu75oSPKi8KIHdpZHRoOiA1MHB4ICFpbXBvcnRhbnQ7IC8q5bqX6IiX44GU44Go44Gr5Lu75oSPKi8KIGhlaWdodDogNTBweCAhaW1wb3J0YW50OyAvKuW6l+iIl+OBlOOBqOOBq+S7u+aEjyovCiBjdXJzb3I6YXV0bzsKIHRleHQtaW5kZW50OjBweDsgLyrlupfoiJfjgZTjgajjgavku7vmhI8qLwogb3ZlcmZsb3c6aGlkZGVuOwp9CiAKLyoyMDE1LjA3LjEw6L+96KiY44CB5qW95aSp44Gr5LuV5qeY5aSJ5pu044GM44GC44KK44G+44GX44GfKi8KYm9keSBkaXYjcGFnZWJvZHkgI3Jha3V0ZW5MaW1pdGVkSWRfYXJvdW5kQ2FydCBpbnB1dC5yQ2FydEJ0biwKYm9keSBkaXYjcGFnZWJvZHkgI3Jha3V0ZW5MaW1pdGVkSWRfYXJvdW5kQ2FydCBpbnB1dCN1bml0cyArIGlucHV0IHsKIHdpZHRoOiA0MDBweCAhaW1wb3J0YW50OyAvKuW6l+iIl+OBlOOBqOOBq+S7u+aEjyovCiBoZWlnaHQ6IDYwcHggIWltcG9ydGFudDsgLyrlupfoiJfjgZTjgajjgavku7vmhI8qLwogYmFja2dyb3VuZDogdXJsKGh0dHA6Ly9pbWFnZS5yYWt1dGVuLmNvLmpwL3dpZGUvY2FiaW5ldC9iYW5uZXJfZXZlbnQvY2FydC0xLmdpZikgbm8tcmVwZWF0ICFpbXBvcnRhbnQ7IC8q5bqX6IiX44GU44Go44Gr5Lu75oSPKi8KIG92ZXJmbG93OmhpZGRlbiAhaW1wb3J0YW50OwogYm9yZGVyLXdpZHRoOiAwcHggIWltcG9ydGFudDsKIGN1cnNvcjogcG9pbnRlciAhaW1wb3J0YW50OwogdGV4dC1pbmRlbnQ6MTUwJSAhaW1wb3J0YW50OyAvKuW6l+iIl+OBlOOBqOOBq+S7u+aEjyovCiB3aGl0ZS1zcGFjZTpub3dyYXAgIWltcG9ydGFudDsKIG1hcmdpbjo1cHggMCAhaW1wb3J0YW50OyAvKuW6l+iIl+OBlOOBqOOBq+S7u+aEjyovCgogLyrilrLilrIyMDE3MDIwMei/veiomOOBk+OBk+OBvuOBp+KWsuKWsiovCgoKCi8qIOWAi+aVsOWFpeWKm+ashCAqLwrjgIAqaHRtbCAudW5pdHsgcG9zaXRpb246cmVsYXRpdmU7IHRvcDotNXB4O30vKklFKi8K44CAKmh0bWwgaW5wdXQjdW5pdHN7IHBvc2l0aW9uOnJlbGF0aXZlOyB0b3A6LTVweDsgaGVpZ2h0OjMwcHg7IG92ZXJmbG93OmhpZGRlbjt9LypJRSovCmlucHV0I3VuaXRzeyAKZm9udC13ZWlnaHQ6IG5vcm1hbCAhaW1wb3J0YW50Owpib3JkZXI6c29saWQgIzk5OTk5OSAxcHggIWltcG9ydGFudDsgCmJhY2tncm91bmQ6I2ZmZiAhaW1wb3J0YW50OyAKd2lkdGg6IDM1cHggIWltcG9ydGFudDsgCmhlaWdodDogNDBweCAhaW1wb3J0YW50OwpwYWRkaW5nOjEwcHggIWltcG9ydGFudDsgCmN1cnNvcjphdXRvICFpbXBvcnRhbnQ7CmNvbG9yOiMwMDAwMDAgIWltcG9ydGFudDsKfQoKCi8q4pa86aCF55uu6IOM5pmv6Imy6Kit5a6aKi8Kc3Bhbi5jaG9pY2V7CiAgZGlzcGxheTpibG9jazsKICB3aWR0aDozNTBweDsKICBiYWNrZ3JvdW5kOiNGRkNDQ0M7CiAgcGFkZGluZzo1cHg7CiAgbWFyZ2luOjVweCAwIDVweCAwOwp9Ci8q4pay6aCF55uu6IOM5pmv6Imy6Kit5a6aKi8KCgovKiDjgYrosrfjgYTnianjgYvjgZTjg5zjgr/jg7Pjga7lpKfjgY3jgZUgKi8KaW5wdXRbdHlwZT0ic3VibWl0Il17IApiYWNrZ3JvdW5kOiB1cmwoaHR0cDovL2ltYWdlLnJha3V0ZW4uY28uanAvd2lkZS9jYWJpbmV0L2ljb24vY2FydC1pbi1yMV8wMS5naWYpIG5vLXJlcGVhdDsKd2lkdGg6IDQwMHB4OyBoZWlnaHQ6IDg4OwovKiBib3JkZXI6c29saWQgI2QyZDJkMiAxcHg7ICovCmJvcmRlcjogbm9uZTsKcGFkZGluZzoxN3B4IDhweCAxN3B4IDM1cHg7Ci8qbWFyZ2luOjEwcHggMDsqLwpjdXJzb3I6cG9pbnRlcjsKY29sb3I6I2ZmZmZmZjsKZm9udC1zaXplOjI1cHg7CmxldHRlci1zcGFjaW5nOi4xZW07CmZvbnQtd2VpZ2h0OmJvbGQ7CmZvbnQtZmFtaWx5OiLjg6HjgqTjg6rjgqoiLE1laXJ5bywi44OS44Op44Ku44OO6KeS44K0IFBybyBXMyIsIkhpcmFnaW5vIEtha3UgR290aGljIFBybyIsIkhpcmFLYWt1UHJvLVczIiwi77yt77yzIO+8sOOCtOOCt+ODg+OCryIsIk1TIFBHb3RoaWMiLEFyaWFsLCBIZWx2ZXRpY2Esc2Fucy1zZXJpZiAhaW1wb3J0YW50Owp9CgovKiDjgq3jg6Pjg4Pjg4HjgrPjg5Tjg7zkuIrpg6jjgavjg6njg5njg6vjgYzjgaTjgY8gKi8Kc3Bhbi5jYXRjaF9jb3B5OmJlZm9yZSB7CiAgICBjb250ZW50OiAi4pa85pys5pel44Gu44GK6LK344GE5b6X44Ki44Kk44OG44OgIeKWvCI7IC8q44Op44OZ44Or5YaF44Gu5paH6KiAKi8KICAgIHdpZHRoOiA0MzBweDsgLyrjg6njg5njg6vjga7jgrXjgqTjgroqLwogICAgYmFja2dyb3VuZC1jb2xvcjogI0ZGMDAwMDsgLyrjg6njg5njg6vjga7oibIqLwogICAgZm9udC1zaXplOiAyMHB4OwogICAgY29sb3I6ICNmZmY7CiAgICB0ZXh0LWFsaWduOiBjZW50ZXI7CiAgICBkaXNwbGF5OiBibG9jazsKICAgIHBhZGRpbmc6IDFweCA0cHg7CiAgICBtYXJnaW4tYm90dG9tOiA0cHg7CiAgICBib3JkZXItcmFkaXVzOiAycHg7CiAgICBjbGVhcjogYm90aDsKfQoKLyog44CM5ZWG5ZOB44Gr44Gk44GE44Gm44Gu5ZWP44GE5ZCI44KP44Gb44CN44Oc44K/44Oz44Gu5aSn44GN44GVKi8KZm9udCBpbnB1dHsKYmFja2dyb3VuZDogdXJsKCkgI2Y1ZjVmNSBuby1yZXBlYXQgNXB4IDVweCAhaW1wb3J0YW50OyAKZm9udC1zaXplOjExcHggIWltcG9ydGFudDsgCm1hcmdpbi1ib3R0b206MTBweCAhaW1wb3J0YW50OwpwYWRkaW5nOjVweCA2cHggNnB4IDE1cHggIWltcG9ydGFudDsgCnBvc2l0aW9uOnJlbGF0aXZlICFpbXBvcnRhbnQ7CnotaW5kZXg6MiAhaW1wb3J0YW50Owpib3JkZXI6c29saWQgI2QyZDJkMiAxcHggIWltcG9ydGFudDsKY29sb3I6IzMzMzMzMyAhaW1wb3J0YW50OwpsZXR0ZXItc3BhY2luZzowLjJlbSAhaW1wb3J0YW50Owp3aWR0aDogMTkwcHggIWltcG9ydGFudDsKaGVpZ2h0OiAzNXB4ICFpbXBvcnRhbnQ7CgogCgphOmhvdmVyIHsKCXBvc2l0aW9uOiByZWxhdGl2ZTsKCXdpZHRoOiBhdXRvOwoJdG9wOiAxcHg7CglsZWZ0OiAxcHg7Cgl0ZXh0LWRlY29yYXRpb246IG5vbmU7Cn0KYTpob3ZlciBpbWcgewoJZmlsdGVyOiBhbHBoYShzdHlsZT0wLCBvcGFjaXR5PTkwKTsKfQppbWcgewoJYm9yZGVyOiAwOwp9CiNoZWRtZW51IGE6aG92ZXIgewoJcG9zaXRpb246IHJlbGF0aXZlOwoJd2lkdGg6IGF1dG87Cgl0b3A6IDBweDsKCWxlZnQ6IDBweDsKCXRleHQtZGVjb3JhdGlvbjogbm9uZTsKfQojaGVkX3NlYXJjaCB0ZCB7Cglmb250LXNpemU6IDEwcHg7CglsaW5lLWhlaWdodDogMTRweDsKCWNvbG9yOiAjREMzODQzOwp9CiNoZWFkV3JhcCB7CgltYXJnaW46IDBweDsKCXdpZHRoOiA5MzBweDsKCXBhZGRpbmctdG9wOiAxMHB4OwoJcGFkZGluZy1yaWdodDogMTBweDsKCXBhZGRpbmctYm90dG9tOiAxMHB4OwoJcGFkZGluZy1sZWZ0OiAyMDBweDsKfQoKYXsvKuODquODs+OCr+OBleOCjOOBn+aWh+WtlyovCiAgICBjb2xvcjojMzMzMzMzOwogICAgZm9udC1zdHlsZTpub3JtYWw7CiAgICB0ZXh0LWRlY29yYXRpb246dW5kZXJsaW5lOwp9CmE6bGluayB7LyrmnKroqKrllY/jga7jg6rjg7Pjgq8qLwogICAgY29sb3I6IzMzMzMzMzsKICAgIGZvbnQtc3R5bGU6bm9ybWFsOwogICAgdGV4dC1kZWNvcmF0aW9uOnVuZGVybGluZTsKfQoKYTp2aXNpdGVkIHsvKuioquWVj+W+jOOBruODquODs+OCryovCiAgICBjb2xvcjojZmYwMDAwOwogICAgdGV4dC1kZWNvcmF0aW9uOnVuZGVybGluZTsKfQphOmhvdmVyIHsvKuODnuOCpuOCueOCkuOBruOBm+OBn+OBqOOBjSovCiAgICBjb2xvcjojMDA5RkU4OwogICAgZm9udC1zdHlsZTpub3JtYWw7CiAgICB0ZXh0LWRlY29yYXRpb246dW5kZXJsaW5lOwp9CmE6YWN0aXZlIHsvKuOCr+ODquODg+OCr+S4rSovCiAgICB0ZXh0LWRlY29yYXRpb246bm9uZTsKfQoKLS0+Cjwvc3R5bGU+CgoKPHN0eWxlIHR5cGU9InRleHQvY3NzIj4KPCEtLSAKCWEgaW1nIHsKCS13ZWJraXQtdHJhbnNpdGlvbjogMC4zcyBlYXNlLWluLW91dDsKCS1tb3otdHJhbnNpdGlvbjogMC4zcyBlYXNlLWluLW91dDsKCS1vLXRyYW5zaXRpb246IDAuM3MgZWFzZS1pbi1vdXQ7Cgl0cmFuc2l0aW9uOiAwLjNzIGVhc2UtaW4tb3V0Owp9CmE6aG92ZXIgaW1nIHsKCW9wYWNpdHk6IDAuNjsKCWZpbHRlcjogYWxwaGEob3BhY2l0eT02MCk7Cn0KLS0+Cjwvc3R5bGU+CgoKPCEtLeaknOe0ouOCreODvOODr+ODvOODiS0tPgo8c3R5bGUgdHlwZT0idGV4dC9jc3MiPgo8IS0tCgpkaXYjSGVhZGVyS2V5d29yZCB7Cglwb3NpdGlvbjphYnNvbHV0ZTsKCXRvcDo1MHB4Oy8q5LiA55Wq5LiK44GL44KJ44Gu5L2N572uKi8KCWxlZnQ6MzBweDsvKuW3puerr+OBi+OCieOBruS9jee9riovCn0KCmRpdiNIZWFkZXJLZXl3b3JkIHNwYW4gewoJYmFja2dyb3VuZDogI2JmMDAwMDsKCWNvbG9yOiNmZmY7Cglmb250LXdlaWdodDpib2xkOwoJcGFkZGluZzoycHggNXB4Owp9CgpkaXYjSGVhZGVyS2V5d29yZCBhIHsKCWNvbG9yOiMwMDQ0Q0M7Cn0KCi0tPgo8L3N0eWxlPgoKCjwhLS3mlrDllYblk4HjgZPjgZPjgYvjgoktLT4KPHRhYmxlIHdpZHRoPSI4MDAiIGJvcmRlcj0iMCIgY2VsbHNwYWNpbmc9IjAiIGNlbGxwYWRkaW5nPSIwIj4KICA8dHI+CiAgICA8dGQ+PHRhYmxlIHdpZHRoPSI3ODUiIGJvcmRlcj0iMCIgY2VsbHBhZGRpbmc9IjAiPgogIDx0cj4KICAgIDx0ZD48aW1nIHNyYz0iaHR0cDovL2ltYWdlLnJha3V0ZW4uY28uanAvd2lkZS9jYWJpbmV0L2ljb24vbGluZV9uZXdpdGVtLmdpZiIgd2lkdGg9Ijc1OCI+PC90ZD4KICA8L3RyPgogIDx0cj4KICAgIDx0ZD48L3RkPgo8L3RyPgo8L3RhYmxlPjwvdGQ+CiAgPC90cj48L3RhYmxlPgo8Y2VudGVyPjxmb250IHNpemU9IjEiIGNvbG9yPSIjNjY2NjY2Ij48Yj48YnI+77y877yPPGJyPjxicj48L2I+PC9mb250PjwvY2VudGVyPgo8dGFibGUgd2lkdGg9Ijc4NSIgYmdjb2xvcj0iIzI2Y2ZmZiIgY2VsbHNwYWNpbmc9IjEwIiBjZWxscGFkZGluZz0iNSI+Cjx0cj48dGQgd2lkdGg9IjEwMCUiIGFsaWduPSJjZW50ZXIiPjxmb250IHNpemU9IjMiIGNvbG9yPSIjRkZGRkZGIj48Yj5ORVfjgqLjgqTjg4bjg6DjgpJDSEVDSyDiias8L2I+PC9mb250PjwvdGQ+PC90cj48L3RhYmxlPgogIDwhLS3mlrDllYblk4HjgZPjgZPjgb7jgactLT4KICAKPGJyPgo8aHIgd2lkdGg9IjgwMCIgY29sb3I9IiNmNmY2ZjYiPjxmb250IHNpemU9IjEiPjxicj48L2ZvbnQ+PGhyIHdpZHRoPSI4MDAiIGNvbG9yPSIjZjZmNmY2Ij4KCgo8IS0t4pa84pa8TkVX44Ki44Kk44OG44Og44GT44GT44GL44KJ4pa84pa8CuOAgDxicj4KPCEtLeKWsuKWsk5FV+OCouOCpOODhuODoOOBk+OBk+OBvuOBp+KWsuKWsi0tPgoKCjwvY2VudGVyPjwvdGQ+PC90cj48L3RhYmxlPgo8IS0tIOKWslNBTEXjgqjjg7Pjg4jjg6rjg7zjg5Djg4rjg7wgLS0+,44CQ6YCB5paZ54Sh5paZ44CRIOiyoeW4gyDplbfosqHluIMg44Os44OH44Kj44O844K5IOWkmuapn+iDvSDjgq7jg6Pjg6vjgr3jg7PosqHluIMg5aSn5a656YePIOeJm+mdqSDmnKzpnakg5LuV5YiG44GRIOWutuioiCDku5XoqLMg44Oh44Oz44K6IOOChOOCiuOBj+OCiuiyoeW4gyDjg6njgqbjg7Pjg4njg5XjgqHjgrnjg4rjg7wg44Ku44Oj44Or44K944Oz44Km44Kp44Os44OD44OIIOmVt+OCteOCpOODlSDjgYrosqHluIMg5q+N44Gu5pelIOOCruODleODiCDjg5fjg6zjgrzjg7Pjg4gg5Y+v5oSb44GEIOOBi+OCj+OBhOOBhCDjgrXjgqTjg5Ug44GV44GE44G1IOWls+aApyDpu5Ig44K044O844Or44OJIOODlOODs+OCr++8muOBhOOBpOOCguOCt+ODp+ODg+ODlw==,44OY44Ki44Ki44Kk44Ot44Oz44K544OI44Os44O844OI44Ki44Kk44Ot44Oz44Ki44Ky44OE44OkIOODmOOCouOCouOCpOODreODs+ODmOOCouOCouOCpOODreODsyDjgrnjg4jjg6zjg7zjg4jjgrnjg4jjg6zjg7zjg4jjgqLjgqTjg63jg7Plj6PjgrPjg5/kvb/jgYTmlrnpgJrosqnjg5jjgqLjg7zjgqLjgqTjg63jg7PnnJ/nqbrjg5Hjg4Pjgq/jg7PjgqLjgrLjg4Tjg6TjgqLjgqTjg63jg7Ppm7vli5Xmra/jg5bjg6njgrfpn7Pms6Lmra/jg5bjg6njgrfnnJ/nqbrjgbHjgaPjgY/jgpPnnJ/nqbrjg5Hjg4Pjgq/jgIDlrrbluq3nlKjnnJ/nqbrjg5Hjg4Pjgq/jgpPosqHluIPjg6Hjg7Pjgrrjg6Hjg7PjgrrosqHluIPmmq7jgonjgZfjga7lubjkvr/jgJDpgIHmlpnnhKHmlpnjgJEg6LKh5biDIOmVt+iyoeW4gyDjg6zjg4fjgqPjg7zjgrkg5aSa5qmf6IO9IOOCruODo+ODq+OCveODs+iyoeW4gyDlpKflrrnph48g54mb6Z2pIOacrOmdqSDku5XliIbjgZEg5a626KiIIOS7leiosyDjg6Hjg7Pjgrog44KE44KK44GP44KK6LKh5biDIOODqeOCpuODs+ODieODleOCoeOCueODiuODvCDjgq7jg6Pjg6vjgr3jg7Pjgqbjgqnjg6zjg4Pjg4gg6ZW344K144Kk44OVIOOBiuiyoeW4gyDmr43jga7ml6Ug44Ku44OV44OIIOODl+ODrOOCvOODs+ODiCDlj6/mhJvjgYQg44GL44KP44GE44GEIOOCteOCpOODlSDjgZXjgYTjgbUg5aWz5oCnIOm7kiDjgrTjg7zjg6vjg4kg44OU44Oz44Kv,5bCP6Yqt44Go44Os44K344O844OI44GM44OR44OD44Go6Ieq5YuV5YiG5Yil77yBIOiyoeW4gyDjg6zjg4fjgqPjg7zjgrkg6ZW36LKh5biD44CC44CQ6YCB5paZ54Sh5paZ44CRIOiyoeW4gyDplbfosqHluIMg44Os44OH44Kj44O844K5IOWkmuapn+iDvSDjgq7jg6Pjg6vjgr3jg7PosqHluIMg5aSn5a656YePIOeJm+mdqSDmnKzpnakg5LuV5YiG44GRIOWutuioiCDku5XoqLMg44Oh44Oz44K6IOOChOOCiuOBj+OCiuiyoeW4gyDjg6njgqbjg7Pjg4njg5XjgqHjgrnjg4rjg7wg44Ku44Oj44Or44K944Oz44Km44Kp44Os44OD44OIIOmVt+OCteOCpOODlSDjgYrosqHluIMg5q+N44Gu5pelIOOCruODleODiCDjg5fjg6zjgrzjg7Pjg4gg5Y+v5oSb44GEIOOBi+OCj+OBhOOBhCDjgrXjgqTjg5Ug44GV44GE44G1IOWls+aApyDpu5Ig44K044O844Or44OJIOODlOODs+OCrw==[rn]
39-76499,aHR0cDovL3RzaG9wLnIxMHMuanAvZGVyYWRlcmEvY2FiaW5ldC9zZWxlY3QzL3RpZS1ncm5kaW5vc2F1ci5qcGc/Zml0aW49NzAwOjcwMA==,NTE4NC4wMDAw,,44OQ44OD44Kw44O75bCP54mp44O744OW44Op44Oz44OJ6ZuR6LKoID4g44K544O844OE55So44OV44Kh44OD44K344On44Oz5bCP54mpID4g44ON44Kv44K/44Kk,44CQNjXlkajlubTjgrvjg7zjg6vjgJHjg5Xjgqfjg6vjg4Pjg4Eg44Of44Op44OO44CA44CARkVSUlVDQ0njgIAzNy1UUkVYL+ODhuOCo+ODqeODjuOCtuOCpuODq+OCueOAgOaBkOernOOBruWIuue5jeOBqDLoibLjg4fjgrbjgqTjg7PjgIDjgrDjg6rjg7zjg7Mg44K344Or44Kv44OL44OD44OI44ON44Kv44K/44Kk,44OV44Kn44Or44OD44OB44CA44Of44Op44OO44CA44OL44OD44OI44K/44Kk44CA44ON44Kv44K/44Kk,PHN0eWxlIHR5cGU9InRleHQvY3NzIj4KPCEtLWltZ3tib3JkZXI6MHB4OyBiYWNrZ3JvdW5kOiNmZmY7fQojYWxse3dpZHRoOjkwMHB4OyBiYWNrZ3JvdW5kOiNmZmY7fQojYXttYXJnaW4tYm90dG9tOjIwcHg7fQouaW5kZXh7cGFkZGluZy1yaWdodDoyMHB4O30KLm1haW57Zm9udC1zaXplOjAuOGVtOyBsaW5lLWhlaWdodDoxODAlOyBib3JkZXI6MXB4IHNvbGlkICMwMDA7IHdpZHRoOjM2MHB4OyBwYWRkaW5nOjE1cHggMTVweCAxNXB4IDE1cHg7IHZlcnRpY2FsLWFsaWduOnRvcDt9Ci5oaXN0b3J5e2JhY2tncm91bmQtY29sb3I6I2RjZGNkYzsgZm9udC1zaXplOjAuOGVtOyBsaW5lLWhlaWdodDoxODAlOyBwYWRkaW5nOjE1cHggMTVweCAxNXB4IDE1cHg7fQouaGlzdG9yeTJ7Zm9udC1zaXplOjAuOGVtOyBjb2xvcjojODA4MDgwO30KLmJyYW5ke2ZvbnQtc2l6ZTowLjhlbTsgdGV4dC1hbGlnbjpyaWdodDt9CiNiYntwYWRkaW5nLWJvdHRvbToxMHB4O30KLmRldGFpbDF7Zm9udC1zaXplOjAuOGVtOyBsaW5lLWhlaWdodDoxNTAlOyBib3JkZXI6MXB4IHNvbGlkICM4MDgwODA7IG1hcmdpbjo1cHggMTVweCA1cHggMHB4OyB3aWR0aDo0MzBweDsgcGFkZGluZzo1cHggMHB4IDVweCA1cHg7fQouY2xpY2t7Zm9udC1zaXplOjAuOGVtOyBjb2xvcjojODA4MDgwOyB0ZXh0LWFsaWduOnJpZ2h0O30KI2V7Zm9udC1zaXplOjAuOGVtOyBsaW5lLWhlaWdodDoxNTAlO30KLmNvb2Qxe2ZvbnQtc2l6ZTowLjhlbTt9Ci5jb29kMntwYWRkaW5nLXJpZ2h0OjVweDt9CnAuYm94e2JvcmRlci1ib3R0b206M3B4IGRvdWJsZSAjODA4MDgwO30KLS0+PC9zdHlsZT4KPERJViBpZD0iYWxsIj48aW1nIHNyYz0iaHR0cHM6Ly9pbWFnZS5yYWt1dGVuLmNvLmpwL2RlcmFkZXJhL2NhYmluZXQvdGl0bGUvYXd0ZXN0X2ZlcnJ1Y2NpLmpwZyIgYm9yZGVyPSIwIiBzdHlsZT0icGFkZGluZy1ib3R0b206MTBweDsiPjx0YWJsZSBjZWxsc3BhY2luZz0iMCIgY2VsbHBhZGRpbmc9IjAiIGJvcmRlcj0iMCIgaWQ9ImEiPjx0cj4KPHRkIGNsYXNzPSJpbmRleCI+PGEgaHJlZj0iaHR0cHM6Ly9pbWFnZS5yYWt1dGVuLmNvLmpwL2RlcmFkZXJhL2NhYmluZXQvc2VsZWN0My90aWUtZ3JuZGlub3NhdXIuanBnIiB0YXJnZXQ9Il9ibGFuayI+PGltZyBzcmM9Imh0dHBzOi8vaW1hZ2UucmFrdXRlbi5jby5qcC9kZXJhZGVyYS9jYWJpbmV0L3NlbGVjdDMvdGllLWdybmRpbm9zYXVyLmpwZyIgYWx0PSIoZGV0YWlsMSkiIHN0eWxlPSJib3JkZXI6MXB4IHNvbGlkICMwMDA7Ij48L2E+PC90ZD4KPHRkIGNsYXNzPSJtYWluIj7ni6zlibXmgKfjgajjgq/jg6njg5Xjg4jjg57jg7Pjgrfjg4Pjg5fjgpLono3lkIjjgZfjgZ/jgqTjgr/jg6rjgqLoo73jga7jgqLjgq/jgrvjgrXjg6rjg7zjgpLlsZXplovjgZnjgovjg6Hjg7Pjgrrjg5bjg6njg7Pjg4kgRkVSUlVDQ0nvvIjjg5Xjgqfjg6vjg4Pjg4HvvInjgpLmlrDjgZ/jgavjgZTntLnku4vjgYTjgZ/jgZfjgb7jgZnjgII8YnI+Cjxicj4KMjAxNeW5tOOBrjHmnIjjgIHlupfplbfjgYzjg5Tjg4Pjg4bjgqPjgavjgablh7rkvJrjgaPjgZ/jg5Xjgqfjg6vjg4Pjg4HjgILjgZ3jga7mp5jlrZDjga/lsJHjgZfjgaDjgZHjgIHjgZPjgaHjgonjga4gPGEgaHJlZj0iaHR0cHM6Ly93d3cucmFrdXRlbi5uZS5qcC9nb2xkL2RlcmFkZXJhL3Rva3VzeXUvaXRhbHkyMDE1LXBpdHRpLmh0bWwjaXRhbHkyMDE1LXBpdHRpIj4g44OU44OD44OG44Kj44CA44Kk44K/44Oq44Ki57SA6KGMPC9hPuOAgOOBq+OBpuOAgeOBleOCiuOBkuOBquOBj+abuOOBi+OCjOOBpuOBhOOBvuOBmeOAguODpuODi+ODvOOCr+OBleOCkuOCr+ODqeOCt+ODg+OCr+OChOODiOODqeODg+ODieOBquODleOCoeODg+OCt+ODp+ODs+OBq+WPluOCiuWFpeOCjOOBpuassuOBl+OBhOOAgeOBqOOBhOOBhuODoeODg+OCu+ODvOOCuOOCkui+vOOCgeOBpui0iOOCi+OBruOCt+ODq+OCr+ijveODi+ODg+ODiOOCv+OCpOOAgjxicj4KPGJyPgrjgrfjg6vjgq/jg4vjg4Pjg4jjgpLmn5TjgonjgYvjgavjgIHjgoTjgoTlh7nlh7jjgpLlpKfjgY3jgoHjgavnt6jjgb/kuIrjgZLjgZ/jg43jgq/jgr/jgqTjgILnuYHjgIXjgajjgZfjgabjgYTjgovmt7HjgYTjgrDjg6rjg7zjg7Pjgqvjg6njg7zjgpLjg6HjgqTjg7PjgavjgIHjg4Hjg6njg6rjgajjgarjgbPjgZHjgbDoppfjgY/lsI/liaPjga/jg5njg7zjgrjjg6XjgIHjgajjgYTjgYbjg5DjgqTjgqvjg6njg7zjgpLmpb3jgZfjgoHjgovjg43jgq/jgr/jgqTjgILjgZ3jgpPjgarlsI/liaPjga7oibLjgajmj4PjgYjjgZ/jgIHlpKfliaPjgYvjgokzMWNt5LiK44Gu5L2N572u44Gr44Gv44CB44Oi44OH44Or5ZCN44KS6LGh5b6044GZ44KL44OO44K344OO44K344Go5q2p44GPVC1SRVjjga7liLrnuY3jgILjgqLjgqTjgrPjg7PjgYzlkIzjgZjjga4gPGEgaHJlZj0iaHR0cHM6Ly9pdGVtLnJha3V0ZW4uY28uanAvZGVyYWRlcmEvY2hpZWYtZ3JuZGlub3NhdXIvIiB0YXJnZXQ9Il9ibGFuayI+44Od44Kx44OD44OI44OB44O844OVPC9hPiDjgoLjgZTjgZbjgYTjgb7jgZnjga7jgafjgIHjgYrmj4PjgYTjgafoo4XnnYDjgZfjgabjgb/jgb7jgZvjgpPjgYvjgII8YnI+Cjxicj4KPHRhYmxlIGNlbGxwYWRkaW5nPSIwIiBjZWxsc3BhY2luZz0iMCIgYm9yZGVyPSIwIj48dHI+Cjx0ZCBjbGFzcz0iaGlzdG9yeSI+PHN0cm9uZz5GZXJydWNjaSBNaWxhbm88L3N0cm9uZz48YnI+CueLrOWJteaAp+OBqOOCr+ODqeODleODiOODnuODs+OCt+ODg+ODl+OCkuiejeWQiOOBl+OBn+OCpOOCv+ODquOCouijveOBruOCouOCr+OCu+OCteODquODvOOCkuWxlemWi+OBmeOCi1JpY2NhcmRvIFBvenpvbGkg44Go44CAU3RlZmFubyBDYXZhbGVyaeOBq+OCiOOCi+ODoeODs+OCuuODluODqeODs+ODieOAguODn+ODqeODjuOBruS8nee1seOAgeiBt+S6uuaKgOihk+OCkuWuiOOCiuOAgeOBneOCjOOBp+OBhOOBpuODpuODi+ODvOOCr+OBp+OBguOCi+OBk+OBqOOCkuODouODg+ODiOODvOOBq+OAgue1tuWmmeOBquODkOODqeODs+OCueOBp+WEqumbheOBleOBqOWkp+iDhuOBleOCkuihqOePvuOBl+OBpuODoeODs+OCuuOCouOCpOODhuODoOOCkuWJtemAoOOBl+OBpuOBhOOBvuOBmeOAgjwvdGQ+CjwvdHI+Cjx0cj4KPHRkIGNsYXNzPSJicmFuZCI+PGJyPgo8aW1nIHNyYz0iaHR0cHM6Ly9pbWFnZS5yYWt1dGVuLmNvLmpwL2RlcmFkZXJhL2NhYmluZXQvbnYyLmdpZiIgYm9yZGVyPSIwIj48YSBocmVmPSJodHRwczovL3d3dy5yYWt1dGVuLm5lLmpwL2dvbGQvZGVyYWRlcmEvYnJhbmQvZmVycnVjY2kuaHRtbCI+IOODleOCp+ODq+ODg+ODgSDjg4jjg4Pjg5fjgbg8L2E+PC90ZD4KPC90cj4KPC90Ym9keT48L3RhYmxlPgo8L3RkPgo8L3RyPgo8L3Rib2R5PjwvdGFibGU+Cjx0YWJsZSBpZD0iYmIiIGJvcmRlcj0iMCIgY2VsbHBhZGRpbmc9IjAiIGNlbGxzcGFjaW5nPSIxMCI+PHRib2R5Pjx0cj4KPHRkIGNvbHNwYW49IjMiPjxpbWcgc3JjPSJodHRwczovL2ltYWdlLnJha3V0ZW4uY28uanAvZGVyYWRlcmEvY2FiaW5ldC90ZXN0L2F3dGVzdF9kZXRhaWxyLmpwZyIgYm9yZGVyPSIwIj48L3RkPgo8L3RyPgo8dHI+Cjx0ZD48YSBocmVmPSJodHRwczovL2ltYWdlLnJha3V0ZW4uY28uanAvZGVyYWRlcmEvY2FiaW5ldC9zZWxlY3QzL3RpZS1ncm5kaW5vc2F1cl8xLmpwZyIgdGFyZ2V0PSJfYmxhbmsiPjxpbWcgc3JjPSJodHRwczovL2ltYWdlLnJha3V0ZW4uY28uanAvZGVyYWRlcmEvY2FiaW5ldC9zZWxlY3QzL3RpZS1ncm5kaW5vc2F1cl8xLmpwZyIgc3R5bGU9ImJvcmRlcjoxcHggc29saWQgIzAwMDsiIGJvcmRlcj0iMCIgd2lkdGg9IjI5NXB4Ij48L2E+PC90ZD4KPHRkPjxhIGhyZWY9Imh0dHBzOi8vaW1hZ2UucmFrdXRlbi5jby5qcC9kZXJhZGVyYS9jYWJpbmV0L3NlbGVjdDMvdGllLWdybmRpbm9zYXVyXzIuanBnIiB0YXJnZXQ9Il9ibGFuayI+PGltZyBzcmM9Imh0dHBzOi8vaW1hZ2UucmFrdXRlbi5jby5qcC9kZXJhZGVyYS9jYWJpbmV0L3NlbGVjdDMvdGllLWdybmRpbm9zYXVyXzIuanBnIiBzdHlsZT0iYm9yZGVyOjFweCBzb2xpZCAjMDAwOyIgYm9yZGVyPSIwIiB3aWR0aD0iMjk1cHgiPjwvYT48L3RkPgo8dGQ+PGEgaHJlZj0iaHR0cHM6Ly9pbWFnZS5yYWt1dGVuLmNvLmpwL2RlcmFkZXJhL2NhYmluZXQvc2VsZWN0My90aWUtZ3JuZGlub3NhdXJfNC5qcGciIHRhcmdldD0iX2JsYW5rIj48aW1nIHNyYz0iaHR0cHM6Ly9pbWFnZS5yYWt1dGVuLmNvLmpwL2RlcmFkZXJhL2NhYmluZXQvc2VsZWN0My90aWUtZ3JuZGlub3NhdXJfNC5qcGciIHN0eWxlPSJib3JkZXI6MXB4IHNvbGlkICMwMDA7IiBib3JkZXI9IjAiIHdpZHRoPSIyOTVweCI+PC9hPjwvdGQ+CjwvdHI+Cjx0cj4KPHRkIGNsYXNzPSJjbGljayIgY29sc3Bhbj0iNiI+PGJyPgrigLvnlLvlg4/jgpLjgq/jg6rjg4Pjgq/jgZnjgovjgajmi6HlpKfjgZfjgb7jgZnjgII8L3RkPgo8L3RyPgo8L3RhYmxlPgo8cCBjbGFzcz0iYm94Ij48L3A+PHRhYmxlIGlkPSJlIiBib3JkZXI9IjAiIGNlbGxwYWRkaW5nPSIwIiBjZWxsc3BhY2luZz0iMCI+PHRib2R5Pjx0ciB2YWxpZ249InRvcCI+PHRkPjx0YWJsZSBib3JkZXI9IjAiIGNlbGxwYWRkaW5nPSIwIiBjZWxsc3BhY2luZz0iMCI+PHRib2R5Pjx0cj4KPHRkIGNvbHNwYW49IjIiIGNsYXNzPSJjb29kMSI+PGltZyBzcmM9Imh0dHBzOi8vaW1hZ2UucmFrdXRlbi5jby5qcC9kZXJhZGVyYS9jYWJpbmV0L3RpdGxlLzEybmV3d3JhcC5qcGciIGJvcmRlcj0iMCI+PC90ZD4KPC90cj4KPHRyIGNsYXNzPSJjb29kMSI+PHRkIGNsYXNzPSJjb29kMiI+PGJyPgo8YSBocmVmPSJodHRwczovL2ltYWdlLnJha3V0ZW4uY28uanAvZGVyYWRlcmEvY2FiaW5ldC9odG1sbWFpbDIvd3JhcF8xMDA1MjUuanBnIiB0YXJnZXQ9Il9ibGFuayI+PGltZyBzcmM9Imh0dHBzOi8vaW1hZ2UucmFrdXRlbi5jby5qcC9kZXJhZGVyYS9jYWJpbmV0L3NlbGVjdDMvZmVycnVjaV9ib3guanBnIiBib3JkZXI9IjAiPjwvYT48L3RkPgo8dGQ+PC90ZD4KPC90cj4KPC90Ym9keT48L3RhYmxlPgo8L3RkPgo8dGQgc3R5bGU9InBhZGRpbmctbGVmdDozMHB4OyI+PGltZyBzcmM9Imh0dHBzOi8vaW1hZ2UucmFrdXRlbi5jby5qcC9kZXJhZGVyYS9jYWJpbmV0L3Rlc3QvYXd0ZXN0X2xpc3RyLmpwZyIgYm9yZGVyPSIwIj48YnI+Cjxicj4KPGRpdiBjbGFzcz0iYnJhbmRib3giPjxpZnJhbWUgc3JjPSJodHRwczovL3d3dy5yYWt1dGVuLm5lLmpwL2dvbGQvZGVyYWRlcmEvYnJhbmQvYnJhbmRsaXN0Lmh0bWwiIGZyYW1lc3BhY2luZz0iMCIgYm9yZGVyPSIwIiB3aWR0aD0iNDM1IiBoZWlnaHQ9IjI4MCIgc2Nyb2xsaW5nPSJhdXRvIj7jg5bjg6njg7Pjg4nkuIDopqc8L2lmcmFtZT4KPC9kaXY+PC90ZD4KPC90cj4KPC90YWJsZT4KPHAgY2xhc3M9ImJveCI+44CAPC9wPgoKPHRhYmxlIGJvcmRlcj0iMCIgY2VsbHBhZGRpbmc9IjAiIGNlbGxzcGFjaW5nPSIxMCI+Cjx0Ym9keT48dHIgYWxpZ249ImNlbnRlciI+CgoKPHRkIHJvd3NwYW49IjQiIGJnY29sb3I9IiMwMDAiIHdpZHRoPSIxNjBweCI+CjxpbWcgc3JjPSJodHRwczovL2ltYWdlLnJha3V0ZW4uY28uanAvZGVyYWRlcmEvY2FiaW5ldC90aXRsZS9jb29kZS5qcGciIGJvcmRlcj0iMCI+CjwvdGQ+CgoKPHRkIHJvd3NwYW49IjQiPgo8IS0tIOOCs+ODvOODh+OCo+ODjeODvOODiOeUu+WDjyAtLT4KPGltZyBzcmM9Imh0dHBzOi8vaW1hZ2UucmFrdXRlbi5jby5qcC9kZXJhZGVyYS9jYWJpbmV0L3RhdHJhcy9tc2wxN2E1OTlkLWxncmF5X3N1aS5qcGciIHN0eWxlPSJib3JkZXI6IDFweCBzb2xpZCByZ2IoMCwgMCwgMCk7IiBoZWlnaHQ9IjY1MCIgd2lkdGg9IjU1MCI+CjwvdGQ+CgoKPCEtLSDjgrPjg7zjg4fjgqPjg43jg7zjg4jlhoXlrrnllYblk4EgLS0+Cjx0ZCBiZ2NvbG9yPSIjZWRlNWQ1IiBoZWlnaHQ9IjE0MyIgd2lkdGg9IjE2MCI+CjxhIGhyZWY9Imh0dHBzOi8vaXRlbS5yYWt1dGVuLmNvLmpwL2RlcmFkZXJhL2t1cnQtZzY2MTUtODE1LyI+CjxpbWcgc3JjPSJodHRwczovL2ltYWdlLnJha3V0ZW4uY28uanAvZGVyYWRlcmEvY2FiaW5ldC9zaGlydC9rdXJ0LWc2NjE1LTgxNS5qcGciIHdpZHRoPSIxMDAiPjxicj4KR2xhbnNoaXJ0CjwvYT4KPC90ZD4KCgo8dHIgYWxpZ249ImNlbnRlciI+Cjx0ZCBiZ2NvbG9yPSIjZWRlNWQ1IiBoZWlnaHQ9IjE0MyIgd2lkdGg9IjE2MCI+CjxhIGhyZWY9Imh0dHBzOi8vaXRlbS5yYWt1dGVuLmNvLmpwL2RlcmFkZXJhL3RpZS1ncm5kaW5vc2F1ci8iPgo8aW1nIHNyYz0iaHR0cHM6Ly9pbWFnZS5yYWt1dGVuLmNvLmpwL2RlcmFkZXJhL2NhYmluZXQvc2VsZWN0My90aWUtZ3JuZGlub3NhdXIuanBnIiB3aWR0aD0iMTAwIj48YnI+CkZlcnJ1Y2NpIE1pbGFubwo8L2E+CjwvdGQ+CgoKPHRyIGFsaWduPSJjZW50ZXIiPgo8dGQgYmdjb2xvcj0iI2VkZTVkNSIgaGVpZ2h0PSIxNDMiIHdpZHRoPSIxNjAiPgo8YSBocmVmPSJodHRwczovL2l0ZW0ucmFrdXRlbi5jby5qcC9kZXJhZGVyYS9kZW5rZXItZGEtYTA1LW5lcm8vIj4KPGltZyBzcmM9Imh0dHBzOi8vaW1hZ2UucmFrdXRlbi5jby5qcC9kZXJhZGVyYS9jYWJpbmV0L29yYi9kZW5rZXItZGEtYTA1LW5lcm8uanBnIiB3aWR0aD0iMTAwIj48YnI+Ck9ST0JJQU5DTwo8L2E+CjwvdGQ+CgoKPHRyIGFsaWduPSJjZW50ZXIiPgo8dGQgYmdjb2xvcj0iI2VkZTVkNSIgaGVpZ2h0PSIxNDMiIHdpZHRoPSIxNjAiPgo8YSBocmVmPSJodHRwczovL2l0ZW0ucmFrdXRlbi5jby5qcC9kZXJhZGVyYS9tc2wxN2E1OTlkLWxncmF5LyI+CjxpbWcgc3JjPSJodHRwczovL2ltYWdlLnJha3V0ZW4uY28uanAvZGVyYWRlcmEvY2FiaW5ldC90YXRyYXMvbXNsMTdhNTk5ZC1sZ3JheS5qcGciIHdpZHRoPSIxMDAiPjxicj4KU09MSURPCjwvYT4KPC90ZD4KPC90cj4KCgo8L3Rib2R5PjwvdGFibGU+CgoKPHAgY2xhc3M9ImJveCI+44CAPC9wPgo8L0RJVj48YnI+Cjxicj4KPHA+PGltZyBzcmM9Imh0dHBzOi8vaW1hZ2UucmFrdXRlbi5jby5qcC9kZXJhZGVyYS9jYWJpbmV0L3Rlc3QvYXd0ZXN0X3Nob3VzYWlyLmpwZyIgYm9yZGVyPSIwIj48L3A+PHRhYmxlIGJnY29sb3I9IiM2NjY2NjYiIGJvcmRlcj0iMCIgY2VsbHBhZGRpbmc9IjUiIGNlbGxzcGFjaW5nPSIxIj4gICA8dHIgYmdjb2xvcj0iI2ZmZmZmZiI+PHRkPjxiPuODluODqeODs+ODiTwvYj48L3RkPgo8dGQ+PGZvbnQgc2l6ZT0iLTEiPuODleOCp+ODq+ODg+ODgTwvZm9udD48YnI+CkZlcnJ1Y2NpIE1pbGFubzwvdGQ+CjwvdHI+Cjx0ciBiZ2NvbG9yPSIjZmZmZmZmIj48dGQ+PGI+57Sg5p2QPC9iPjwvdGQ+Cjx0ZD7jgrfjg6vjgq8xMDDvvIU8L3RkPgo8L3RyPgo8dHIgYmdjb2xvcj0iI2ZmZmZmZiI+PHRkPjxiPuS7leanmDwvYj48L3RkPgo8dGQ+5YWo6ZW3IOe0hDE0NGNtPGJyPgrlpKfliaMgNS42Y20v5bCP5YmjNGNtPGJyPgrlsILnlKjjgrHjg7zjgrk8YnI+Ck1BREUgSU4gSVRBTFk8L3RkPgo8L3RyPgo8L3RhYmxlPgo8YnI+Cjxicj4KPGJyPgo8YnI+Cjxicj4K44O7IOW8iuekvuODqeODg+ODlOODs+OCsOOBq+OBpOOBjeOBvuOBl+OBpuOBr+OAgOOCs+ODgeODqeOCkuOBlOeiuuiqjeOBruW+jOOAgOOBlOazqOaWh+aZguOBq+OBlOS+nemgvOS4i+OBleOBhOOBvuOBm+OAgjxicj4K44O7IOWun+eJqeOCkuW3u+WwuuOBp+aOoeWvuOOBl+OBpuOBruW5s+Wdh+WApOOBp+OBmeOAguOBiuaJi+aMgeOBoeOBruOCouOCpOODhuODoOOBqOOBruOBlOavlOi8g+OBq+OBlOWIqeeUqOOBj+OBoOOBleOBhOOBvuOBm+OAgjxicj4K44O7IOW6l+mgreOBp+OCguiyqeWjsuOBleOBm+OBpuOBhOOBn+OBoOOBhOOBpuOBiuOCiuOBvuOBmeOBruOBp+OAgeWjsuOCiumBleOBhOOBrumam+OBr+OBlOWuuei1pumhmOOBhOOBvuOBmeOAgjxsaW5rIGhyZWY9Imh0dHA6Ly93d3cucmFrdXRlbi5uZS5qcC9nb2xkL2RlcmFkZXJhL2l0ZW0vaXRlbTIuY3NzIiByZWw9InN0eWxlc2hlZXQiIHR5cGU9InRleHQvY3NzIj4KPGxpbmsgaHJlZj0iaHR0cDovL3d3dy5yYWt1dGVuLm5lLmpwL2dvbGQvZGVyYWRlcmEvYm5yX2llLmNzcyIgcmVsPSJzdHlsZXNoZWV0IiB0eXBlPSJ0ZXh0L2NzcyI+CgoKCjxzdHlsZSBUWVBFPSJ0ZXh0L2NzcyI+CgovKiDntI3mnJ/mg4XloLEgKi8KCnRkLmludmVudG9yeSBmb250e2ZvbnQtc2l6ZToxMHB4O2NvbG9yOiM2NjY2NjY7fQp0ZC5pbnZlbnRvcnl7d29yZC13cmFwOmJyZWFrLXdvcmQ7d2lkdGg6ODBweDt9CgoKLyogcmlnaHQgZml4ZCAqLwoKCmRpdiNyY19yaWdodEFyZWF7Cglwb3NpdGlvbjogZml4ZWQ7Cgl0b3A6IDE4MHB4OwoJcmlnaHQ6IDBweDsKCXRleHQtaW5kZW50Oi05OTkzcHg7CglkaXNwbGF5OmJsb2NrOwp9CgpkaXYjcmNfcmlnaHRBcmVhMnsKCXBvc2l0aW9uOiBmaXhlZDsKCXRvcDogMzAwcHg7CglyaWdodDogMHB4OwoJdGV4dC1pbmRlbnQ6LTk5OTNweDsKCWRpc3BsYXk6YmxvY2s7Cn0KCmRpdiNyY19yaWdodEFyZWEzewoJcG9zaXRpb246IGZpeGVkOwoJdG9wOiA0MjBweDsKCXJpZ2h0OiAwcHg7Cgl0ZXh0LWluZGVudDotOTk5M3B4OwoJZGlzcGxheTpibG9jazsKfQoKZGl2I3JjX3JpZ2h0QXJlYTR7Cglwb3NpdGlvbjogZml4ZWQ7Cgl0b3A6IDU0MHB4OwoJcmlnaHQ6IDBweDsKCXRleHQtaW5kZW50Oi05OTkzcHg7CglkaXNwbGF5OmJsb2NrOwp9CgpkaXYjcmNfcmlnaHRBcmVhIC5yY19yaWdodCAsCmRpdiNyY19yaWdodEFyZWEyIC5yY19yaWdodDIgLApkaXYjcmNfcmlnaHRBcmVhMyAucmNfcmlnaHQzICwKZGl2I3JjX3JpZ2h0QXJlYTQgLnJjX3JpZ2h0NCB7CglvdXRsaW5lOm5vbmU7CglkaXNwbGF5OiBibG9jazsKCXBvc2l0aW9uOiByZWxhdGl2ZTsKCXdpZHRoOjEwMHB4OwoJaGVpZ2h0OjEwMHB4OwoJbGVmdDowcHg7Cgl6LWluZGV4Ojk5OThweDsKfQoKCgpkaXYjcmNfcmlnaHRBcmVhIC5yY19yaWdodHsKCWJhY2tncm91bmQ6IHVybCgiaHR0cDovL2ltYWdlLnJha3V0ZW4uY28uanAvZGVyYWRlcmEvY2FiaW5ldC90aXRsZS9uZXdwaWtvMDYwMXJfMS5qcGciKSBuby1yZXBlYXQgc2Nyb2xsIDAgMCB0cmFuc3BhcmVudDsgIAp9CgpkaXYjcmNfcmlnaHRBcmVhMiAucmNfcmlnaHQyewoJYmFja2dyb3VuZDogdXJsKCJodHRwOi8vaW1hZ2UucmFrdXRlbi5jby5qcC9kZXJhZGVyYS9jYWJpbmV0L3RpdGxlL25ld3Bpa29uZXdfMC5qcGciKSBuby1yZXBlYXQgc2Nyb2xsIDAgMCB0cmFuc3BhcmVudDsgIAp9CgpkaXYjcmNfcmlnaHRBcmVhMyAucmNfcmlnaHQzewoJYmFja2dyb3VuZDogdXJsKCJodHRwOi8vaW1hZ2UucmFrdXRlbi5jby5qcC9kZXJhZGVyYS9jYWJpbmV0L2h0bWxtYWlsNC9uZXdwaWtvXzNyLmpwZyIpIG5vLXJlcGVhdCBzY3JvbGwgMCAwIHRyYW5zcGFyZW50Owp9CgpkaXYjcmNfcmlnaHRBcmVhNCAucmNfcmlnaHQ0ewoJYmFja2dyb3VuZDogdXJsKCJodHRwOi8vaW1hZ2UucmFrdXRlbi5jby5qcC9kZXJhZGVyYS9jYWJpbmV0L2h0bWxtYWlsNC9uZXdwaWtvXzRyLmpwZyIpIG5vLXJlcGVhdCBzY3JvbGwgMCAwIHRyYW5zcGFyZW50Owp9CgoKZGl2I3JjX3JpZ2h0QXJlYSAucmNfcmlnaHQ6aG92ZXIgLApkaXYjcmNfcmlnaHRBcmVhMiAucmNfcmlnaHQyOmhvdmVyICwKZGl2I3JjX3JpZ2h0QXJlYTMgLnJjX3JpZ2h0Mzpob3ZlciAsCmRpdiNyY19yaWdodEFyZWE0IC5yY19yaWdodDQ6aG92ZXIgewoJYmFja2dyb3VuZC1wb3NpdGlvbjowcHggMHB4OyB3aWR0aDoxMDBweDsKICBvcGFjaXR5OiAwLjc7CiAgZmlsdGVyOiBhbHBoYShvcGFjaXR5PTcwKTsKICAtbXMtZmlsdGVyOiAiYWxwaGEob3BhY2l0eT03MCkiOwp9Cn0KCmJvZHk6e2ZvbnQtZmFtaWx5OiBBdmVuaXIgLCAiT3BlbiBTYW5zIiAsICJIZWx2ZXRpY2EgTmV1ZSIgLCBIZWx2ZXRpY2EgLCBBcmlhbCAsIFZlcmRhbmEgLCBSb2JvdG8gLCAi5ri444K044K344OD44KvIiAsICJZdSBHb3RoaWMiICwgIua4uOOCtOOCt+ODg+OCr+S9kyIgLCAiWXVHb3RoaWMiICwgIuODkuODqeOCruODjuinkuOCtCBQcm8gVzMiICwgIkhpcmFnaW5vIEtha3UgR290aGljIFBybyIgLCAiTWVpcnlvIFVJIiAsICLjg6HjgqTjg6rjgqoiICwgTWVpcnlvICwgIu+8re+8syDvvLDjgrTjgrfjg4Pjgq8iICwgIk1TIFBHb3RoaWMiICwgc2Fucy1zZXJpZiAhaW1wb3J0YW50Owp9CgotLT4KPC9zdHlsZT4KCjxsaW5rIHJlbD0ic3R5bGVzaGVldCIgbWVkaWE9Im9ubHkgc2NyZWVuIGFuZCAobWF4LWRldmljZS13aWR0aDogMTAyNHB4KSIgaHJlZj0iaHR0cDovL3d3dy5yYWt1dGVuLm5lLmpwL2dvbGQvZGVyYWRlcmEvY3NzL2lwYWQuY3NzIiB0eXBlPSJ0ZXh0L2NzcyIgLz4KPGxpbmsgbWVkaWE9Im9ubHkgc2NyZWVuIGFuZCAobWF4LWRldmljZS13aWR0aDogNDgwcHgpIiBocmVmPSJodHRwOi8vd3d3LnJha3V0ZW4ubmUuanAvZ29sZC9kZXJhZGVyYS9jc3MvaXBhZC5jc3MiIHR5cGU9InRleHQvY3NzIiByZWw9InN0eWxlc2hlZXQiIC8+CgoKCgo8ZGl2IGlkPSJyY19yaWdodEFyZWEiPgoJMeOBruODkOODiuODvAo8L2Rpdj4KPGRpdiBpZD0icmNfcmlnaHRBcmVhMiI+Cgky44Gu44OQ44OK44O8CjwvZGl2Pgo8ZGl2IGlkPSJyY19yaWdodEFyZWEzIj4KCTPjga7jg5Djg4rjg7wKPC9kaXY+CjxkaXYgaWQ9InJjX3JpZ2h0QXJlYTQiPgoJNOOBruODkOODiuODvAo8L2Rpdj4=,44CQNjXlkajlubTjgrvjg7zjg6vjgJHjg5Xjgqfjg6vjg4Pjg4Eg44Of44Op44OO44CA44CARkVSUlVDQ0njgIAzNy1UUkVYL+ODhuOCo+ODqeODjuOCtuOCpuODq+OCueOAgOaBkOernOOBruWIuue5jeOBqDLoibLjg4fjgrbjgqTjg7PjgIDjgrDjg6rjg7zjg7Mg44K344Or44Kv44OL44OD44OI44ON44Kv44K/44Kk77ya44Kk44Oz44Od44O844OI44K744Os44Kv44OIU0hPUOOBp+OCieOBp+OCiQ==,44Gn44KJ44Gn44KJ44Kq44Ot44OT44Ki44Oz44Kz44K/44OI44Op44K544OR44Op44OW44O844OE44OV44Kj44OK44Oi44Os44K744Os44Kv44OI44K344On44OD44OX44CQNjXlkajlubTjgrvjg7zjg6vjgJHjg5Xjgqfjg6vjg4Pjg4Eg44Of44Op44OO44CA44CARkVSUlVDQ0njgIAzNy1UUkVYL+ODhuOCo+ODqeODjuOCtuOCpuODq+OCueOAgOaBkOernOOBruWIuue5jeOBqDLoibLjg4fjgrbjgqTjg7PjgIDjgrDjg6rjg7zjg7Mg44K344Or44Kv44OL44OD44OI44ON44Kv44K/44Kk,44OV44Kn44Or44OD44OB44CA44Of44Op44OO44CA44OL44OD44OI44K/44Kk44CA44ON44Kv44K/44Kk44CC44CQNjXlkajlubTjgrvjg7zjg6vjgJHjg5Xjgqfjg6vjg4Pjg4Eg44Of44Op44OO44CA44CARkVSUlVDQ0njgIAzNy1UUkVYL+ODhuOCo+ODqeODjuOCtuOCpuODq+OCueOAgOaBkOernOOBruWIuue5jeOBqDLoibLjg4fjgrbjgqTjg7PjgIDjgrDjg6rjg7zjg7Mg44K344Or44Kv44OL44OD44OI44ON44Kv44K/44Kk[rn]
39-76500,aHR0cDovL3RzaG9wLnIxMHMuanAvYW5rb3JvY2svY2FiaW5ldC9pdGVtNTEvYXItZy04NDAuanBnP2ZpdGluPTcwMDo3MDA=,MzE5Mi4wMDAw,,44OQ44OD44Kw44O75bCP54mp44O744OW44Op44Oz44OJ6ZuR6LKoID4g44K544O844OE55So44OV44Kh44OD44K344On44Oz5bCP54mpID4g44ON44Kv44K/44Kk,YW5rb1JPQ0vjg6zjgqTjg7Pjg5zjg7zjgq3jg6Pjg7Pjg4fjgqPjg7zjgq7jg6Pjg6njgq/jgrfjg7zjg5Pjg4PjgrDjg6rjg5zjg7Pjg6vjg7zjg5fjgr/jgqQgLyDjg6Hjg7Pjgrog5a6H5a6Z5p+E44Or44O844OX44K/44KkIOODrOODh+OCo+ODvOOCuSDjgrPjgrnjg6Lmn4Qg6J2244ON44Kv44K/44KkIOa0vuaJiyDjg6vjg7zjg5fjgr/jgqQg5YCL5oCn55qEIOidtuODjeOCr+OCv+OCpCDpioDmsrPmn4Qg44K544Oa44O844K55p+EIOOCq+ODqeODleODqyDnt4/mn4Qg44ON44OD44Kv44Os44K5IOOCueODmuODvOOCt+ODvOafhCDljp/lrr/ns7sg44OV44Kh44OD44K344On44OzIOWuh+WumeafhCDjg5bjg6njg7Pjg4kg5pyNIOiho+ijhQ==,44CA,PHRhYmxlIHdpZHRoPSI2MDAiIGJvcmRlcj0iMCIgY2VsbHNwYWNpbmc9IjAiIGNlbGxwYWRkaW5nPSIwIj4KICA8dHI+IAogICAgPHRkPjxpbWcgc3JjPSJodHRwOi8vaW1hZ2UucmFrdXRlbi5jby5qcC9hbmtvcm9jay9jYWJpbmV0L3NldHN1bWVpL2Nvb3JkaW5hdGUuanBnIj48L3RkPgogIDwvdHI+CiAgPHRyPiAKICAgIDx0ZCAgaGVpZ2h0PSI1Ij48L3RkPgogIDwvdHI+CiAgPHRyPiAKICAgIDx0ZD48aW1nIHNyYz0iaHR0cDovL2ltYWdlLnJha3V0ZW4uY28uanAvYW5rb3JvY2svY2FiaW5ldC9pdGVtNTEvYXItZy04NDAuanBnIj48L3RkPgogIDwvdHI+CiAgPHRyPiAKICAgIDx0ZCAgaGVpZ2h0PSI1Ij48L3RkPgogIDwvdHI+CiAgPHRyPiAKICAgIDx0ZD48aW1nIHNyYz0iaHR0cDovL2ltYWdlLnJha3V0ZW4uY28uanAvYW5rb3JvY2svY2FiaW5ldC9pdGVtNTEvYXItZy04NDBfMS5qcGciPjwvdGQ+CiAgPC90cj4KICA8dHI+IAogICAgPHRkICBoZWlnaHQ9IjUiPjwvdGQ+CiAgPC90cj4KICA8dHI+IAogICAgPHRkPjxpbWcgc3JjPSJodHRwOi8vaW1hZ2UucmFrdXRlbi5jby5qcC9hbmtvcm9jay9jYWJpbmV0L2l0ZW01MS9hci1nLTg0MF8yLmpwZyI+PC90ZD4KICA8L3RyPgoKICA8dHI+IAogICAgPHRkICBoZWlnaHQ9IjUiPjwvdGQ+CiAgPC90cj4KICA8dHI+IAogICAgPHRkPjxpbWcgc3JjPSJodHRwOi8vaW1hZ2UucmFrdXRlbi5jby5qcC9hbmtvcm9jay9jYWJpbmV0L2l0ZW01MS9hci1nLTg0MF8zLmpwZyI+PC90ZD4KICA8L3RyPgogIDx0cj4gCiAgICA8dGQgIGhlaWdodD0iNSI+PC90ZD4KICA8L3RyPgogIDx0cj4gCiAgICA8dGQ+PGltZyBzcmM9Imh0dHA6Ly9pbWFnZS5yYWt1dGVuLmNvLmpwL2Fua29yb2NrL2NhYmluZXQvaXRlbTUxL2FyLWctODQwXzQuanBnIj48L3RkPgogIDwvdHI+CiAgPHRyPiAKICAgIDx0ZCAgaGVpZ2h0PSI1Ij48L3RkPgogIDwvdHI+CjwvdGFibGU+Cjx0YWJsZSB3aWR0aD0iNjAwIiBib3JkZXI9IjAiIGNlbGxzcGFjaW5nPSIwIiBjZWxscGFkZGluZz0iMCI+CiAgPHRyPiAKICAgIDx0ZD48aW1nIHNyYz0iaHR0cDovL2ltYWdlLnJha3V0ZW4uY28uanAvYW5rb3JvY2svY2FiaW5ldC9zZXRzdW1laS9yZXZpZXcuanBnIj48L3RkPgogIDwvdHI+CiAgPHRyPiAKICAgIDx0ZCA+PGJyPiA8Y2VudGVyPgogICAgICA8aW1nIHNyYz0iaHR0cDovL2ltYWdlLnJha3V0ZW4uY28uanAvYW5rb3JvY2svY2FiaW5ldC9zZXRzdW1laS9hbmtvLmpwZyI+CiAgICA8L2NlbnRlcj4KICAgICAgPGJyPgogICAgICA8YnI+IDxmb250IGNvbG9yPSIjNjY2NjY2Ij4KYW5rb1JPQ0vjg6zjgqTjg7Pjg5zjg7zjgq3jg6Pjg7Pjg4fjgqPjg7zjgq7jg6Pjg6njgq/jgrfjg7zjg5Pjg4PjgrDjg6rjg5zjg7Pjg6vjg7zjg5fjgr/jgqQKPGJyPjxicj4K44Kv44Op44K344Kr44Or44Gn44Oi44OA44Oz44Gq6Zuw5Zuy5rCX44GM5Y2w6LGh55qE44Gq44Or44O844OX44K/44Kk44CC6aaW44Gr44GL44GR44Gm44K544Op44Kk44OJ44GZ44KL44Gg44GR44Gu5aCF6Ium44GX44GP44Gq44GE44ON44Kv44K/44Kk44K544K/44Kk44Or44Gn6buS57SQ44Gu6IKp44Gu5Yqb44GM5oqc44GR44Gf5LiK5ZOB44Gq44OH44K244Kk44Ozw5flpKfjgY3jgaronbbjg43jgq/jgr/jgqTku5Xmp5jjgYzjg63jg57jg7Pjg4bjgqPjg4Pjgq/jgILkuIrlk4HjgaroibbmhJ/jgajmn5TjgonjgYvjgafogonljprjgarjgrnjg4jjg6zjg4Pjg4Hjg53jg6rjgrjjg6Pjg7zjgrfjg7zntKDmnZDjgoLil44KPGJyPjxicj4K5bm75oOz55qE44Gn5rWu6YGK5oSf5rqi44KM44KL44Ki44OD44OR44O844Gq6YqA5rKz44GM5bqD44GM44KL5a6H5a6Z5p+E44GM44OV44Kh44Oz44K/44K544OG44Kj44OD44Kv44CCIAo8YnI+PGJyPgrigLvllYblk4Hjga7lm7Pmn4Tjga/jg4fjgrbjgqTjg7Pjga7mgKfos6rkuIrjgIHoo4Hmlq3nrofmiYDjgarjganjgavjgojjgorvvJHngrnvvJHngrnlvq7lppnjgavnlbDjgarjgorjgb7jgZnjgILjgYrlsYrjgZHjgZnjgovllYblk4HjgYzlhpnnnJ/jgajoi6XlubLnlbDjgarjgovloLTlkIjjgYzjgZTjgZbjgYTjgb7jgZnjgYzjgIHlv4XjgZrkuojjgoHjgZTkuobmib/kuIvjgZXjgYTjgII8YnI+Cjxicj4gCjxicj4KICAgICAgPC9mb250PjwvdGQ+CiAgPC90cj4KPC90YWJsZT4KPHRhYmxlIHdpZHRoPSI2MDAiIGJvcmRlcj0iMSIgYm9yZGVyY29sb3I9IiNGRkZGRkYiIGNlbGxzcGFjaW5nPSIwIiBjZWxscGFkZGluZz0iMyI+CiAgPHRyPiAKPHRkIHdpZHRoPSIyNSUiIGFsaWduPSJjZW50ZXIiIGJnY29sb3I9IiNDQzAwMDAiIGJvcmRlcmNvbG9yPSIjRkZGRkZGIj48Zm9udCBjb2xvcj0iI0ZGRkZGRiIgc2l6ZT0iMiI+U0laRTwvZm9udD48L3RkPgo8dGQgd2lkdGg9IjI1JSIgYWxpZ249ImNlbnRlciIgYmdjb2xvcj0iI0NDMDAwMCIgYm9yZGVyY29sb3I9IiNGRkZGRkYiPjxmb250IGNvbG9yPSIjRkZGRkZGIiBzaXplPSIyIj7jgbLjgoLlhajplbco6Kq/56+A5Y+vKTwvZm9udD48L3RkPgo8dGQgd2lkdGg9IjI1JSIgYWxpZ249ImNlbnRlciIgYmdjb2xvcj0iI0NDMDAwMCIgYm9yZGVyY29sb3I9IiNGRkZGRkYiPjxmb250IGNvbG9yPSIjRkZGRkZGIiBzaXplPSIyIj7jg6rjg5zjg7PnuKY8L2ZvbnQ+PC90ZD4KPHRkIHdpZHRoPSIyNSUiIGFsaWduPSJjZW50ZXIiIGJnY29sb3I9IiNDQzAwMDAiIGJvcmRlcmNvbG9yPSIjRkZGRkZGIj48Zm9udCBjb2xvcj0iI0ZGRkZGRiIgc2l6ZT0iMiI+44Oq44Oc44Oz5qiqPC9mb250PjwvdGQ+ICA8L3RyPgogIDx0cj4gPHRkIGFsaWduPSJjZW50ZXIiIGJnY29sb3I9IiNDQzAwMDAiIGJvcmRlcmNvbG9yPSIjRkZGRkZGIj48Zm9udCBjb2xvcj0iI0ZGRkZGRiIgc2l6ZT0iMiI+b25lIHNpemU8L2ZvbnQ+PC90ZD4KPHRkIGFsaWduPSJjZW50ZXIiIGJvcmRlcmNvbG9yPSIjRkZGRkZGIj7ntIQxMDljbTwvdGQ+Cjx0ZCBhbGlnbj0iY2VudGVyIiBib3JkZXJjb2xvcj0iI0ZGRkZGRiI+57SEMTAuNWNtPC90ZD4KPHRkIGFsaWduPSJjZW50ZXIiIGJvcmRlcmNvbG9yPSIjRkZGRkZGIj7ntIQxNS41Y208L3RkPjwvdHI+CiAgPHRyPiAKICAgIDx0ZCBhbGlnbj0iY2VudGVyIiBiZ2NvbG9yPSIjQ0MwMDAwIiBib3JkZXJjb2xvcj0iI0ZGRkZGRiI+PGZvbnQgY29sb3I9IiNGRkZGRkYiIHNpemU9IjIiPue0oOadkDwvZm9udD48L3RkPgogICAgPHRkIGNvbHNwYW49IjMiIGFsaWduPSJjZW50ZXIiIGJvcmRlcmNvbG9yPSIjRkZGRkZGIj7jg53jg6rjgqjjgrnjg4bjg6vvvJo5Ne+8heOAgOODneODquOCpuODrOOCv+ODs++8mjXvvIU8L3RkPgogIDwvdHI+CiAgPHRyPiAKICAgIDx0ZCBhbGlnbj0iY2VudGVyIiBiZ2NvbG9yPSIjQ0MwMDAwIiBib3JkZXJjb2xvcj0iI0ZGRkZGRiI+PGZvbnQgY29sb3I9IiNGRkZGRkYiIHNpemU9IjIiPuODouODh+ODqzwvZm9udD48L3RkPgogICAgPHRkIGNvbHNwYW49IjMiIGFsaWduPSJjZW50ZXIiIGJvcmRlcmNvbG9yPSIjRkZGRkZGIj7ouqvplbfvvJoxNzdjbSDkvZPph43vvJo2MGtnPGJyPgrouqvplbfvvJoxNTZjbSDkvZPph43vvJo0MmtnPGJyIC8+CiAgICBvbmUgc2l6ZeOCteOCpOOCuuedgOeUqDwvdGQ+CiAgPC90cj4KPC90YWJsZT4KPGJyPgo8Zm9udCBjb2xvcj0iIzMzMzMzMyIgc2l6ZT0iLTEiPuKAu+OCteOCpOOCuuOBr+W5s+e9ruOBjeioiOa4rOOBqOOBquOBo+OBpuOBiuOCiuOBvuOBmeOBruOBp+OAge+8ke+9nu+8kmNt44Gu6Kqk5beu44GM55Sf44GY44KL5aC05ZCI44GM44GU44GW44GE44G+44GZ44CCPGJyPgrigLvmjqHlr7jnrofmiYDjgpLjgZTopqfjgavjgarjgorjgZ/jgYTmlrnjga88YSBocmVmPSJodHRwOi8vaXRlbS5yYWt1dGVuLmNvLmpwL2Fua29yb2NrL2MvMDAwMDAwMDIxNC8iPuOCs+ODgeODqTwvYT7jgpLjgq/jg6rjg4Pjgq/jgZfjgabkuIvjgZXjgYTjgII8YnIgLz4K4oC744GK6Imy44Gr6Zai44GX44G+44GX44Gm5a6f54mp44KS5Ye65p2l44KL44Gg44GR5b+g5a6f44Gr5YaN54++44GX44Gm44GK44KK44G+44GZ44GMPGJyPgrjgIAg44GK5L2/44GE44Gu44Oi44OL44K/44O844Gr44KI44KK5pig44KK5YW35ZCI44GM55Ww44Gq44KK44G+44GZ44CCPC9mb250Pjxicj4KPGlmcmFtZSBzcmM9Imh0dHA6Ly93d3cucmFrdXRlbi5uZS5qcC9nb2xkL2Fua29yb2NrL2Nvb3JkL2FyLWctODQwX20uaHRtbCIgbWFyZ2luaGVpZ2h0PSIwIiBtYXJnaW53aWR0aD0iMCIgZnJhbWVib3JkZXI9IjAiIHdpZHRoPSI2MDAiIGhlaWdodD0iNjA1IiBzY3JvbGxpbmc9Ik5PIj48L2lmcmFtZT4KPGJyPgo8aWZyYW1lIHNyYz0iaHR0cDovL3d3dy5yYWt1dGVuLm5lLmpwL2dvbGQvYW5rb3JvY2svY29vcmQvYXItZy04NDBfbC5odG1sIiBtYXJnaW5oZWlnaHQ9IjAiIG1hcmdpbndpZHRoPSIwIiBmcmFtZWJvcmRlcj0iMCIgd2lkdGg9IjYwMCIgaGVpZ2h0PSI2MDUiIHNjcm9sbGluZz0iTk8iPjwvaWZyYW1lPgo8YnI+CjxpZnJhbWUgc3JjPSJodHRwOi8vd3d3LnJha3V0ZW4ubmUuanAvZ29sZC9hbmtvcm9jay9jb29yZC9hci1nLTg0MF9tMi5odG1sIiBtYXJnaW5oZWlnaHQ9IjAiIG1hcmdpbndpZHRoPSIwIiBmcmFtZWJvcmRlcj0iMCIgd2lkdGg9IjYwMCIgaGVpZ2h0PSI2MDUiIHNjcm9sbGluZz0iTk8iPjwvaWZyYW1lPjxicj48YnI+CjxhIGhyZWY9Imh0dHA6Ly9pdGVtLnJha3V0ZW4uY28uanAvYW5rb3JvY2svYy8wMDAwMDAyMzY3LyIgdGFyZ2V0PSJfYmxhbmsiPjxpbWcgc3JjPSJodHRwOi8vaW1hZ2UucmFrdXRlbi5jby5qcC9hbmtvcm9jay9jYWJpbmV0LzE0MDgxNi9nYWxheHkuanBnIiBib3JkZXI9IjAiIC8+PC9hPjxicj48YnI+Cjx0YWJsZSB3aWR0aD0iNjAwIiBib3JkZXI9IjEiIGJvcmRlcmNvbG9yPSIjRkZGRkZGIiBjZWxsc3BhY2luZz0iMCIgY2VsbHBhZGRpbmc9IjEwIj4KICA8dHI+CiAgICA8dGQgYWxpZ249ImNlbnRlciIgYmdjb2xvcj0iIzAwMDAwMCI+PGEgaHJlZj0iaHR0cDovL2l0ZW0ucmFrdXRlbi5jby5qcC9hbmtvcm9jay9jLzAwMDAwMDE2NTkvIiBzdHlsZT0idGV4dC1kZWNvcmF0aW9uOiBub25lIj48Zm9udCBjb2xvcj0iI0ZGRkZGRiI+44Gd44Gu5LuW44Gu44ON44Kv44K/44Kk5LiA6Kan44Gv44GT44Gh44KJ44CA77yePC9mb250PjwvYT48L3RkPgogIDwvdHI+CjwvdGFibGU+Cjxicj48YnI+PCEtLSByaWdodCBmaXhlZCBhcmVhCjxkaXYgc3R5bGU9InBvc2l0aW9uOiBmaXhlZDt0b3A6IDMycHg7cmlnaHQ6IDA7aGVpZ2h0OiAxMDAlO3dpZHRoOiA3MHB4O2JhY2tncm91bmQtY29sb3I6ICNDQzAwMDA7ei1pbmRleDogMTAwMDAwOyI+Cgk8aW1nIHNyYz0iaHR0cDovL2ltYWdlLnJha3V0ZW4uY28uanAvYW5rb3JvY2svY2FiaW5ldC9wb2ludC8xMjIzX3BvaW50MTAuanBnIiBhbHQ9IiIgc3R5bGU9IndpZHRoOiA3MHB4Ij4KIAo8L2Rpdj4gLS0+,YW5rb1JPQ0vjg6zjgqTjg7Pjg5zjg7zjgq3jg6Pjg7Pjg4fjgqPjg7zjgq7jg6Pjg6njgq/jgrfjg7zjg5Pjg4PjgrDjg6rjg5zjg7Pjg6vjg7zjg5fjgr/jgqQgLyDjg6Hjg7Pjgrog5a6H5a6Z5p+E44Or44O844OX44K/44KkIOODrOODh+OCo+ODvOOCuSDjgrPjgrnjg6Lmn4Qg6J2244ON44Kv44K/44KkIOa0vuaJiyDjg6vjg7zjg5fjgr/jgqQg5YCL5oCn55qEIOidtuODjeOCr+OCv+OCpCDpioDmsrPmn4Qg44K544Oa44O844K55p+EIOOCq+ODqeODleODqyDnt4/mn4Qg44ON44OD44Kv44Os44K5IOOCueODmuODvOOCt+ODvOafhCDljp/lrr/ns7sg44OV44Kh44OD44K344On44OzIOWuh+WumeafhCDjg5bjg6njg7Pjg4kg5pyNIOiho+ijhe+8mmFua29ST0NL,5rS+5omL5YCL5oCn55qE5a6H5a6Z5p+E44Ku44Oj44Op44Kv44K344O85p+E5p+E57eP5p+E5YCL5oCn5rS+5Y6f5a6/57O75Y6f5a6/57O744OV44Kh44OD44K344On44Oz44Ot44OD44Kv44OV44Kh44OD44K344On44Oz44Oi44O844OJ57O744Oi44O844OJ5YCL5oCn55qE44OV44Kh44OD44K344On44Oz5rS+5omL44Gq5pyN5YCL5oCn55qE44OW44Op44Oz44OJ5rS+5omL44OW44Op44Oz44OJ5a6H5a6Z5p+E44OW44Op44Oz44OJ5rS+5omL57O75a6H5a6Z5p+E44OR44O844Kr44O85a6H5a6Z5p+EVOOCt+ODo+ODhGFua29ST0NL44Os44Kk44Oz44Oc44O844Kt44Oj44Oz44OH44Kj44O844Ku44Oj44Op44Kv44K344O844OT44OD44Kw44Oq44Oc44Oz44Or44O844OX44K/44KkIC8g44Oh44Oz44K6IOWuh+WumeafhOODq+ODvOODl+OCv+OCpCDjg6zjg4fjgqPjg7zjgrkg44Kz44K544Oi5p+EIOidtuODjeOCr+OCv+OCpCDmtL7miYsg44Or44O844OX44K/44KkIOWAi+aAp+eahCDonbbjg43jgq/jgr/jgqQg6YqA5rKz5p+EIOOCueODmuODvOOCueafhCDjgqvjg6njg5Xjg6sg57eP5p+EIOODjeODg+OCr+ODrOOCuSDjgrnjg5rjg7zjgrfjg7zmn4Qg5Y6f5a6/57O7IOODleOCoeODg+OCt+ODp+ODsyDlroflrpnmn4Qg44OW44Op44Oz44OJIOacjSDooaPoo4U=,44CA44CCYW5rb1JPQ0vjg6zjgqTjg7Pjg5zjg7zjgq3jg6Pjg7Pjg4fjgqPjg7zjgq7jg6Pjg6njgq/jgrfjg7zjg5Pjg4PjgrDjg6rjg5zjg7Pjg6vjg7zjg5fjgr/jgqQgLyDjg6Hjg7Pjgrog5a6H5a6Z5p+E44Or44O844OX44K/44KkIOODrOODh+OCo+ODvOOCuSDjgrPjgrnjg6Lmn4Qg6J2244ON44Kv44K/44KkIOa0vuaJiyDjg6vjg7zjg5fjgr/jgqQg5YCL5oCn55qEIOidtuODjeOCr+OCv+OCpCDpioDmsrPmn4Qg44K544Oa44O844K55p+EIOOCq+ODqeODleODqyDnt4/mn4Qg44ON44OD44Kv44Os44K5IOOCueODmuODvOOCt+ODvOafhCDljp/lrr/ns7sg44OV44Kh44OD44K344On44OzIOWuh+WumeafhCDjg5bjg6njg7Pjg4kg5pyNIOiho+ijhQ==[rn]
39-76501,aHR0cDovL3RzaG9wLnIxMHMuanAvZGVyYWRlcmEvY2FiaW5ldC9kb3Jtb2hyL21pczg0OC0wMDMuanBnP2ZpdGluPTcwMDo3MDA=,MTEwNTkuMjAwMA==,,44OQ44OD44Kw44O75bCP54mp44O744OW44Op44Oz44OJ6ZuR6LKoID4g44K544O844OE55So44OV44Kh44OD44K344On44Oz5bCP54mpID4g44ON44Kv44K/44Kk,44CQNjXlkajlubTjgrvjg7zjg6vjgJHjg57jg6rjg43jg4Pjg6kg44OK44Od44OqIGZvciDjg4njg6vjg6LjgqLjgIDjgIDjg4Djg7zjgq/jg43jgqTjg5Pjg7wg44Oa44Kk44K644Oq44O85p+E44KS57mU44KK5p+E44Gn5ryU5Ye644GX44Gf44K344Or44KvMTAw77yF44OL44OD44OI44K/44KkIOODjeOCr+OCv+OCpA==,44Oe44Oq44ON44OD44OpICDjg4njg6vjg6LjgqIg44Oa44Kk44K644Oq44O8IOODi+ODg+ODiOOCv+OCpCDjg43jgqTjg5Pjg7w=,PGRpdiBjbGFzcz0iaS13cmFwcGVyIj4KIAogPCEtLSBBQk9VVCBJVEVNIC3llYblk4Hjga7jgZTntLnku4stIC0tPgogICA8aDM+QUJPVVQgSVRFTSZuYnNwOyZuYnNwOy3llYblk4Hjga7jgZTntLnku4stPC9oMz4KICAgPGRpdiBjbGFzcz0iaXRlbV9kZXNjIj4KICAgICA8dGFibGU+CiAgICAgICA8dHI+PHRoPgogICAgICAgICA8IS0tIOODluODqeODs+ODieODreOCtOeUu+WDjyAtLT48aW1nIHNyYz0iaHR0cHM6Ly93d3cucmFrdXRlbi5uZS5qcC9nb2xkL2RlcmFkZXJhL2l0ZW0vbG9nby9tYXJpbmVsbGEuanBnIj4gICAgICAgPC90aD48dGQ+PHA+CuODieODrOOCueOCouODg+ODl+OBq+Wwj+eyi+OBleOCkuODl+ODqeOCueOBmeOCizxCUj7lgIvmgKfnmoTjgarjg5rjgqTjgrrjg6rjg7zjg43jgq/jgr/jgqTjgIIKPC9wPjwvdGQ+PC90cj48L3RhYmxlPgogICA8L2Rpdj4KICAgPGRpdiBjbGFzcz0iaXRlbV9kZXNjX2ltZyBjbGVhcmZpeCI+CiAgICAgPGRpdiBjbGFzcz0iaXRlbV9kZXNjX2ltZ19sZWZ0Ij48cD4KPCEtLSDjg6HjgqTjg7PnlLvlg48wMSg1MDB4NjYwKSAtLT48aW1nIHNyYz0iaHR0cHM6Ly9pbWFnZS5yYWt1dGVuLmNvLmpwL2RlcmFkZXJhL2NhYmluZXQvZG9ybW9oci9taXM4NDgtMDAzLmpwZyIgd2lkdGg9IjUwMCIgaGVpZ2h0PSI2NjYiIGFsdD0iIiBjbGFzcz0iZGVyYWltZyI+CjwvcD48L2Rpdj48ZGl2IGNsYXNzPSJpdGVtX2Rlc2NfaW1nX3JpZ2h0Ij48cCBjbGFzcz0ibWIyMCI+CiA8aW1nIHNyYz0iaHR0cHM6Ly9pbWFnZS5yYWt1dGVuLmNvLmpwL2RlcmFkZXJhL2NhYmluZXQvZG9ybW9oci9taXM4NDgtMDAzX2EuanBnIiB3aWR0aD0iNDcwIiBoZWlnaHQ9IjMyMCIgYWx0PSIiIGNsYXNzPSJkZXJhaW1nIj4KICAgICA8IS0tIOODoeOCpOODs+eUu+WDjzAyKDQ3MHgzMjApIC0tPgogICAgIDwvcD48cD4KICAgICA8IS0tIOODoeOCpOODs+eUu+WDjzAzKDQ3MHgzMjApIC0tPiA8aW1nIHNyYz0iaHR0cHM6Ly9pbWFnZS5yYWt1dGVuLmNvLmpwL2RlcmFkZXJhL2NhYmluZXQvZG9ybW9oci9taXM4NDgtMDAzX2IuanBnIiB3aWR0aD0iNDcwIiBoZWlnaHQ9IjMyMCIgYWx0PSIiIGNsYXNzPSJkZXJhaW1nIj4KICAgICA8L3A+PC9kaXY+PHAgY2xhc3M9Iml0ZW0tdGV4dCI+CjIwMOW5tOS7peS4iuOCguOBruS8nee1seOCkuaMgeOBpOaEn+aAp+ixiuOBi+OBquOCpOOCv+ODquOCouijveODi+ODg+ODiOODluODqeODs+ODiSBEcnVtb2hy77yI44OJ44Or44Oi44Ki77yJ44GL44KJ44CBPGJyPgoyMDE25bm05pil5aSP5paw5L2c44OL44OD44OI44K/44Kk44Gu44GU57S55LuL44Gn44GZ44CCPGJyPgo8YnI+CuOCueODnuODvOODiOOBqumbsOWbsuawl+OBjOa8lOWHuuOBp+OBjeOCi+S6i+OBp+OCquODvOODq+OCt+ODvOOCuuODs+eUqOOBqOOBl+OBpuagvOS4iuOBkuOBleOCjOOBn+OAgTxicj4K44GT44Gu5p+E44Gn44GC44KL44GL44KJ44GT44Gd44CB5L2c44KK5Ye644Gb44KL54us54m544Gq6Zuw5Zuy5rCX44GM44GC44KL44CB44Go6KiA44GI44KL44ON44Kv44K/44Kk44GM55m75aC044CCPGJyPgrjgZ3jgYbjgIHmmKXlpI/jgaDjgZHjgafjga/jgarjgYTjga7jgafjgZnjgILjgZPjga7kuIfog73jgZXjgpLkvb/jgo/jgarjgYTjgarjgpPjgabjgoLjgaPjgZ/jgYTjgarjgYTvvIE8YnI+PGJyPgrjgq/jg7zjg6vjg5PjgrrjgaDjgZHjgafjga/jgarjgY/jgIHjgqrjg5Xjgrfjg7zjg7PjgafjgoLmrablmajjgajjgarjgovjgqLjgq/jgrvjgrXjg6rjg7zjgYvjgonjgIE8YnI+CuOCqOODrOOCrOODs+ODiOOBleOCkuOBi+OCguOBl+OBoOOBmUUu44Oe44Oq44ON44OD44Op44Go44OJ44Or44Oi44Ki44Kz44Oz44OT44Gu44K344Or44Kv44OL44OD44OI44K/44Kk44CCPGJyPgrjgqTjgr/jg6rjgqLjga7jgqjjg4Pjgrvjg7PjgrnjgpLlj5bjgorlhaXjgozjgIEg6auY44GE44Kv44Kq44Oq44OG44Kj44Gn44GC44KL77yS56S+5ZCM5aOr44CC44Gd44GX44Gm44OJ44Or44Oi44Ki44Gu5b6X5oSP44Go44GZ44KLPGJyPgrjg4jjg6zjg7Pjg4njgpLlj5bjgorlhaXjgozjgZ/jg4vjg4Pjg4joo73lk4HjgIHkvZPjgpLnuo/jgYbmhJ/opprjgafjgqLjg5Tjg7zjg6vmgKfjga7pq5jjgYTjga7jgYzmnKzkvZzjga7nibnlvrTjgafjgZnjgII8YnI+CuWFqOmVt+OAgeW5heOBr+OBlOOBj+S4gOiIrOeahOOAgjxicj4K44OI44Os44Oz44OJ44Go44GE44GG44Gu44Gv57WQ44Gz55uu44CB57WQ44Gz5pa544Gr44GC44KL44Go5oCd44GE44G+44GZ44CCPGJyPgrmnKzkvZzjga/oo4/ooajjgajlkIzjgZjnt6jjgb/mn4TjgajjgarjgaPjgabjgYrjgorjgb7jgZnjga7jgafjgIHlsI/liaPjgpLjgZrjgonjgZnjgIHjgajjgYTjgYbprYXjgZvmlrnjg7vmi5jjgorjgYw8YnI+CuOCiOOCiuW8t+OBj+OCouODlOODvOODq+OBp+OBjeOCi+OCv+OCpOODl+OAgjxicj4K44K344Oj44OE44Gu5ZCI44KP44Gb44Gr44KC6L+344GE44Gr44GP44GE44CB44OA44O844Kv44ON44Kk44OT44O844Go44Op44Kk44OI44Kw44Os44O857O744Gu5aSn5Yik44Oa44Kk44K644Oq44O85qih5qeY57eo44G/44CCPGJyPgrpppboo4/jga/oloTjgY/ku5XkuIrjgZLjgIHjg4rjgqTjg63jg7Pjg4bjg7zjg5foo5zlvLfjgZfjgabjgrfjg6Pjg4Tjgajjga7mk6bjgozjgavosqDjgZHjgarjgYTjgojjgYbjgavjgZfjgabjgYTjgb7jgZnjgII8YnI+PGJyPgrjg57jg6rjg43jg4Pjg6nnpL7jgYzoqofjgovmnIDpq5jjg6njg7Pjgq/jga7jgIzmiYvkvZzjgorjgI3jgZXjgajjgIHjg4njg6vjg6LjgqLjgYzoqofjgovjg4/jgqTjgq/jgqrjg6rjg4bjgqPjga/jgr/jg4PjgrDjgpLntYTjgpPjgaDjgqLjgq/jgrvjgrXjg6rjg7zjgII8YnI+CuWOs+eym+OBquiBt+S6uuOBi+OCieeUn+OBvuOCjOOBn+ODjeOCr+OCv+OCpOOBr+OAgeWwgueUqOODnOODg+OCr+OCueOBq+WFpeOCjOOBpuOBiuWxiuOBkeOBhOOBn+OBl+OBvuOBmeOAgjxicj48L2Rpdj4KIDxkaXYgc3R5bGU9ImNsZWFyOmJvdGg7IG1hcmdpbi1ib3R0b206NDBweDsgb3ZlcmZsb3c6aGlkZGVuOyI+PC9kaXY+CiA8IS0tIC8vQUJPVVQgSVRFTSAt5ZWG5ZOB44Gu44GU57S55LuLLSAtLT4KIAogPCEtLSBERVRBSUwgLeOCruODo+ODqeODquODvC0gLS0+CiAgIDxoMz5ERVRBSUwmbmJzcDsmbmJzcDst44Ku44Oj44Op44Oq44O8LTwvaDM+CiAgIDxkaXYgY2xhc3M9Im1iNDAiPgogICA8IS0tIOOCruODo+ODqeODquODvOOAgOOCueODqeOCpOODgOODvGlmcmFtZeWRvOOBs+WHuuOBlyAtLT4KICAgICA8aWZyYW1lIHNyYz0iaHR0cHM6Ly93d3cucmFrdXRlbi5uZS5qcC9nb2xkL2RlcmFkZXJhL2l0ZW0vbWlzODQ4LTAwMy5odG1sIiB3aWR0aD0iMTAwMCIgaGVpZ2h0PSI2NTgiIHNjcm9sbGluZz0ibm8iIGZyYW1lYm9yZGVyPSIwIiA+PC9pZnJhbWU+CiAgIDwvZGl2PgogPCEtLSAvL0RFVEFJTCAt44Ku44Oj44Op44Oq44O8LSAtLT4KIAogPCEtLSBBQk9VVCBCUkFORCAt44OW44Op44Oz44OJ44Gr44Gk44GE44GmLSAtLT4KICAgPGgzPkFCT1VUIEJSQU5EJm5ic3A7Jm5ic3A7LeODluODqeODs+ODieOBq+OBpOOBhOOBpi08L2gzPgogICA8cCBjbGFzcz0iYWJvdXQtYmxhbmRfdGV4dCI+CiA8YSBocmVmPSJodHRwczovL3d3dy5yYWt1dGVuLm5lLmpwL2dvbGQvZGVyYWRlcmEvYnJhbmQvZHJ1bW9oci5odG1sIj5EcnVtb2hyPC9hPjxicj5EcnVtb2hy4oCm44CM5LiW55WM5pyA5Y+k44Gu44OL44OD44OI44OW44Op44Oz44OJ44CN44Go6KiA44KP44KM44KL44CBMTc3M+W5tOOBq+OCueOCs+ODg+ODiOODqeODs+ODieOBp+ioreeri+OBleOCjOOBn+ODluODqeODs+ODieOAgjxicj4K44Kk44K/44Oq44Ki44Gu44Ko44OD44K744Oz44K544KS5Y+W44KK5YWl44KM44CBIOmrmOOBhOOCr+OCquODquODhuOCo+OBr+OBneOBruOBvuOBvuOBq+OAgeODiOODrOODs+ODieOCguebm+OCiui+vOOCk+OBoOmtheWKm+eahOOBquijveWTgeOCkueUn+OBv+WHuuOBl+OBpuOBhOOBvuOBmeOAgiA8YnI+Cjxicj4KRS5NQVJJTkVMTEHigKbjg5njg6vjg6vjgrnjgrPjg7zjg4vpppbnm7jjgarjganmrbTku6Pjga7jgqTjgr/jg6rjgqLlpKfntbHpoJjjgpLjga/jgZjjgoHjgIHjgqrjg5Djg57msI/jgoTjgrXjg6vjgrPjgrjmsI/jgIE8YnI+CuOCouODoeODquOCq+OChOODleODqeODs+OCueOBruWkp+e1semgmOOBq+OCguaEm+eUqOOBleOCjOOBpuOBhOOCi+OAgUUuTWFyaW5lbGxhIE5hcG9saeOBruODjeOCr+OCv+OCpOOAgjxicj4K5Ym15qWt5b2T5pmC44GL44KJ5L2/44GG6Iux5Zu955Sj44K344Or44Kv44GM5Lq65rCX44Gu56eY5a+G44CCIDwvcD4KICA8aDQ+44Gd44Gu5LuW44Gu44OW44Op44Oz44OJPC9oND48ZGl2IGNsYXNzPSJvdGhlcl9icmFuZCI+PGEgaHJlZj0iaHR0cHM6Ly93d3cucmFrdXRlbi5uZS5qcC9nb2xkL2RlcmFkZXJhL2JyYW5kL2RydW1vaHIuaHRtbCI+44OJ44Or44Oi44KiPC9hPgo8YSBocmVmPSJodHRwczovL3d3dy5yYWt1dGVuLm5lLmpwL2dvbGQvZGVyYWRlcmEvYnJhbmQvZmVycnVjY2kuaHRtbCI+RkVSUlVDQ0k8L2E+CjxhIGhyZWY9Imh0dHBzOi8vd3d3LnJha3V0ZW4ubmUuanAvZ29sZC9kZXJhZGVyYS9icmFuZC9qb2huX3NtZWRsZXkuaHRtbCI+44K444On44Oz44K544Oh44OJ44Os44O8PC9hPgo8YSBocmVmPSJodHRwczovL3d3dy5yYWt1dGVuLm5lLmpwL2dvbGQvZGVyYWRlcmEvYnJhbmQvYmFyYmEuaHRtbCI+QkFSQkE8L2E+CjxhIGhyZWY9Imh0dHBzOi8vd3d3LnJha3V0ZW4ubmUuanAvZ29sZC9kZXJhZGVyYS9icmFuZC9maW5hbW9yZS5odG1sIj7jg5XjgqPjg4rjg6Ljg6w8L2E+PC9kaXY+CiAgIDxwIGNsYXNzPSJvdGhlcl9icmFuZF9hbGwiPiA8YSBocmVmPSJodHRwczovL2l0ZW0ucmFrdXRlbi5jby5qcC9kZXJhZGVyYS9jLzAwMDAwMDA0ODYvIj7jg5bjg6njg7Pjg4nkuIDopqfjgpLopovjgovihpIgPC9hPjwvcD4gPCEtLSBBQk9VVCBCUkFORCAt44OW44Op44Oz44OJ44Gr44Gk44GE44GmLSAtLT4KCjwhLS0gU1RZTElORyBTQU1QTEUgLeOCueOCv+OCpOODquODs+OCsC0gLS0+CiAgIDxoMz5TVFlMSU5HIFNBTVBMRSZuYnNwOyZuYnNwOy3jgrnjgr/jgqTjg6rjg7PjgrAtPC9oMz4KICAgPGRpdiBjbGFzcz0ic3R5bGluZyBjbGVhcmZpeCI+CiAgICAgPGRpdiBjbGFzcz0ic3R5bGluZ19sZWZ0Ij48cD4KICAgICAgIAo8IS0tIOOCueOCv+OCpOODquODs+OCsOODoeOCpOODs+eUu+WDjyg1NTB4NjUwKSAtLT4KPGltZyBzcmM9Imh0dHBzOi8vaW1hZ2UucmFrdXRlbi5jby5qcC9kZXJhZGVyYS9jYWJpbmV0L2Rvcm1vaHIvbWlzODQ4LTAwM18wLmpwZyIgd2lkdGg9IjU1MCIgaGVpZ2h0PSI2NTAiIGFsdD0iIj4KICAgICA8L3A+PC9kaXY+PCEtLS8vc3R5bGluZ19sZWZ0LS0+CiAgICAgCiAgICAgCiAgICAgPGRpdiBjbGFzcz0ic3R5bGluZ19yaWdodCI+CiAgICAgICA8aDU+44K544K/44Kk44Oq44Oz44Kw44Ki44Kk44OG44OgPC9oNT4KICAgICAgIAogICAgICAgCiA8dWwgY2xhc3M9ImJhc2ljTGlzdCI+PGxpIGNsYXNzPSJjbGVhcmZpeCI+CiA8YSBocmVmPSJodHRwczovL2l0ZW0ucmFrdXRlbi5jby5qcC9kZXJhZGVyYS9pMXUxMjI0ODE0MDF1LyIgY2xhc3M9ImNmIj48ZGl2IGNsYXNzPSJpbWciPgogPGltZyBzcmM9Imh0dHBzOi8vaW1hZ2UucmFrdXRlbi5jby5qcC9kZXJhZGVyYS9jYWJpbmV0L3NoaXJ0L2kxdTEyMjQ4MTQwMXUuanBnIiAgd2lkdGg9IjEwMCIgaGVpZ2h0PSIxMzUiIGFsdD0iIj4KIDwvZGl2PjxkaXYgY2xhc3M9InRleHQiPgo8cD5CQVJCQTxicj4tQlJVTk8tPGJyPuODm+ODr+OCpOODiO+8huOCteODg+OCr+OCueODluODq+ODvOe4pue4nuOAgOiJtuOBjOOBguOCi+iPr+OChOOBi+OBquOCr+ODreOCuTwvcD4gCiAgICAgICAgICAgICA8cCBjbGFzcz0iYnRuIj4g5ZWG5ZOB44KS6KaL44KLJmd0OyZndDsgPC9wPgogICAgICAgICA8L2Rpdj48L2E+IDwvbGk+CiAgICAgICAgIAogICAgICAgICAKPGxpIGNsYXNzPSJjbGVhcmZpeCI+CiA8YSBocmVmPSJodHRwczovL2l0ZW0ucmFrdXRlbi5jby5qcC9kZXJhZGVyYS9tc2wxNXM0MzQtY2dyYXkvIiBjbGFzcz0iY2YiPjxkaXYgY2xhc3M9ImltZyI+CiA8aW1nIHNyYz0iaHR0cHM6Ly9pbWFnZS5yYWt1dGVuLmNvLmpwL2RlcmFkZXJhL2NhYmluZXQvc2VsZWN0L21zbDE1czQzNC1jZ3JheS5qcGciICB3aWR0aD0iMTAwIiBoZWlnaHQ9IjEzNSIgYWx0PSIiPgogPC9kaXY+PGRpdiBjbGFzcz0idGV4dCI+CiA8cD5TT0xJRE88YnI+LeOCuOODo+OCseODg+ODiC08YnI+44Kq44Oq44K444OK44Or57Sg5p2Q44CM44Kz44OD44OI44Oz44Oe44OK44O844OJ44CN44CA44K344Ov55+l44KJ44Ga44CB6Ieq5a6F44Gn5rSX5r+v44KC44Kq44OD44Kx44O8PC9wPiAKICAgICAgICAgICAgIDxwIGNsYXNzPSJidG4iPiDllYblk4HjgpLopovjgosmZ3Q7Jmd0OyA8L3A+CiAgICAgICAgIDwvZGl2PjwvYT4gPC9saT4KICAgICAgICAgCiAgICAgICAgIAo8bGkgY2xhc3M9ImNsZWFyZml4Ij4KIDxhIGhyZWY9Imh0dHBzOi8vaXRlbS5yYWt1dGVuLmNvLmpwL2RlcmFkZXJhL21pczg0OC0wMDMvIiBjbGFzcz0iY2YiPjxkaXYgY2xhc3M9ImltZyI+CiA8aW1nIHNyYz0iaHR0cHM6Ly9pbWFnZS5yYWt1dGVuLmNvLmpwL2RlcmFkZXJhL2NhYmluZXQvZG9ybW9oci9taXM4NDgtMDAzLmpwZyIgIHdpZHRoPSIxMDAiIGhlaWdodD0iMTM1IiBhbHQ9IiI+CiA8L2Rpdj48ZGl2IGNsYXNzPSJ0ZXh0Ij4KIDxwPkRydW1vaHI8YnI+LUUuTWFyaW5lbGxhLTxicj7jg4Djg7zjgq/jg43jgqTjg5Pjg7zjgIDjg5rjgqTjgrrjg6rjg7zmn4TjgpLnuZTjgormn4TjgafmvJTlh7rjgZfjgZ88L3A+CiAgICAgICAgICAgICA8cCBjbGFzcz0iYnRuIj4g5ZWG5ZOB44KS6KaL44KLJmd0OyZndDsgPC9wPgogICAgICAgICA8L2Rpdj48L2E+IDwvbGk+CiAgICAgICAgIAogICAgICAgICAKPGxpIGNsYXNzPSJjbGVhcmZpeCI+CiA8YSBocmVmPSJodHRwczovL2l0ZW0ucmFrdXRlbi5jby5qcC9kZXJhZGVyYS9lMjMwLW9saXZlLyIgY2xhc3M9ImNmIj48ZGl2IGNsYXNzPSJpbWciPgogPGltZyBzcmM9Imh0dHBzOi8vaW1hZ2UucmFrdXRlbi5jby5qcC9kZXJhZGVyYS9jYWJpbmV0L3ByZC1zaG9lcy9lMjMwLW9saXZlLmpwZyIgIHdpZHRoPSIxMDAiIGhlaWdodD0iMTM1IiBhbHQ9IiI+CiA8L2Rpdj48ZGl2IGNsYXNzPSJ0ZXh0Ij4KIDxwPlBSRURJQklOTzxicj4t44OA44OW44Or44Oi44Oz44KvLTxicj7otrPpppbjgpLljIXjgb/ovrzjgoDjgqbjgqfjg7zjg4njga7pq5josrTjgZXjgIDjgqLjg7Pjgq/jg6vkuIg8L3A+CiAgICAgICAgICAgICA8cCBjbGFzcz0iYnRuIj4g5ZWG5ZOB44KS6KaL44KLJmd0OyZndDsgPC9wPgogICAgICAgICA8L2Rpdj48L2E+CiAgPC9saT4KPC91bD4KICAgICA8L2Rpdj48IS0tLy9zdHlsaW5nX3JpZ2h0LS0+PC9kaXY+CjwvZGl2PjwhLS1pLXdyYXBwZXItLT48YnI+Cjxicj4KPHA+PGltZyBzcmM9Imh0dHBzOi8vaW1hZ2UucmFrdXRlbi5jby5qcC9kZXJhZGVyYS9jYWJpbmV0L3Rlc3QvYXd0ZXN0X2NvbG9yci5qcGciIGJvcmRlcj0iMCI+PC9wPjx0YWJsZSBjZWxscGFkZGluZz0iMTAiIGNlbGxzcGFjaW5nPSIwIj48dGJvZHk+PHRyPgo8dGQgYWxpZ249ImNlbnRlciI+PGltZyBzcmM9Imh0dHBzOi8vaW1hZ2UucmFrdXRlbi5jby5qcC9kZXJhZGVyYS9jYWJpbmV0L2Rvcm1vaHIvbWlzODQ4LTAwMV8zLmpwZyIgYm9yZGVyPSIwIiB3aWR0aD0iMjAwIj48YnI+CuODluODq+ODvOODrOODg+ODiTwvdGQ+Cjx0ZCBhbGlnbj0iY2VudGVyIj48aW1nIHNyYz0iaHR0cHM6Ly9pbWFnZS5yYWt1dGVuLmNvLmpwL2RlcmFkZXJhL2NhYmluZXQvZG9ybW9oci9taXM4NDgtMDAzXzMuanBnIiBib3JkZXI9IjAiIHdpZHRoPSIyMDAiPjxicj4K44ON44Kk44OT44O8PC90ZD4KPC90cj4KIDwvdGJvZHk+PC90YWJsZT4KCjxwPjxpbWcgc3JjPSJodHRwczovL2ltYWdlLnJha3V0ZW4uY28uanAvZGVyYWRlcmEvY2FiaW5ldC90ZXN0L2F3dGVzdF9zaG91c2Fpci5qcGciIGJvcmRlcj0iMCI+PC9wPjx0YWJsZSBiZ2NvbG9yPSIjNjY2NjY2IiBib3JkZXI9IjAiIGNlbGxwYWRkaW5nPSI1IiBjZWxsc3BhY2luZz0iMSI+PHRib2R5Pjx0ciBiZ2NvbG9yPSIjZmZmZmZmIj48dGQ+PGI+44OW44Op44Oz44OJPC9iPjwvdGQ+CiA8dGQ+PGZvbnQgc2l6ZT0iLTEiPuODieODq+ODouOCojxicj5EcnVtb2hyPC90ZD4KPC90cj48dHIgYmdjb2xvcj0iI2ZmZmZmZiI+PHRkPjxiPuOCq+ODqeODvDwvYj48L3RkPgogPHRkPjxmb250IHNpemU9Ii0xIj7jg43jgqTjg5Pjg7zns7s8L3RkPgo8L3RyPgo8dHIgYmdjb2xvcj0iI2ZmZmZmZiI+PHRkPjxiPue0oOadkDwvYj48L3RkPgogPHRkPjxmb250IHNpemU9Ii0xIj7jgrfjg6vjgq8xMDDvvIU8L3RkPgo8L3RyPgo8dHIgYmdjb2xvcj0iI2ZmZmZmZiI+PHRkPjxiPuS7leanmDwvYj48L3RkPgogPHRkPjxmb250IHNpemU9Ii0xIj4K5bCC55So44Oc44OD44Kv44K5PGJyPgpNQURFIElOIElUQUxZPC90ZD4KPC90cj4KPC90Ym9keT48L3RhYmxlPgo8YnI+IDxicj48cD48aW1nIHNyYz0iaHR0cHM6Ly9pbWFnZS5yYWt1dGVuLmNvLmpwL2RlcmFkZXJhL2NhYmluZXQvdGVzdC9hd3Rlc3Rfc3BlY3IuanBnIiBib3JkZXI9IjAiPjwvcD4KPHRhYmxlIGJnY29sb3I9IiM2NjY2NjYiIGJvcmRlcj0iMCIgY2VsbHBhZGRpbmc9IjEwIiBjZWxsc3BhY2luZz0iMSI+CiA8dHIgYmdjb2xvcj0iI2ZmZmZmZiI+PHRkPjxiPjwvYj48L3RkPjx0ZD48Yj7lhajplbc8L2I+PC90ZD4KPHRkPjxiPuWkp+WJozwvYj48L3RkPgo8dGQ+PGI+5bCP5YmjPC9iPjwvdGQ+CjwvdHI+CiA8dHIgYmdjb2xvcj0iI2ZmZmZmZiI+IDx0ZD48Yj7jg6/jg7PjgrXjgqTjgro8L2I+PC90ZD4KPHRkPjE0MGNtPC90ZD4KPHRkPjZjbSA8L3RkPgo8dGQ+NWNtIDwvdGQ+CjwvdHI+CgogPC90YWJsZT4KCjxicj4KPGJyPgo8YnI+Cjxicj4K44O7IOaOoeWvuOaWueazleOBq+OBpOOBhOOBpuOBr+OAgOOCs+ODgeODqSDjgpLjgZTnorroqo3jgY/jgaDjgZXjgYTjgb7jgZvjgII8YnI+CuODuyDlvIrnpL7jg6njg4Pjg5Tjg7PjgrDjgavjgaTjgY3jgb7jgZfjgabjga/jgrPjg4Hjg6njgYvjgonjgZTnorroqo3jgYTjgZ/jgaDjgZHjgb7jgZnjgII8YnI+CuODuyDlrp/nianjgpLlt7vlsLrjgafmjqHlr7jjgZfjgabjga7lubPlnYflgKTjgafjgZnjgILmlbDlgKTjga7oi6XlubLjga7oqqTlt67jga/jgZTlrrnotabjgY/jgaDjgZXjgYTjgILjgYrmiYvmjIHjgaHjga7jgqLjgqTjg4bjg6Djgajjga7jgZTmr5TovIPjgavjgZTliKnnlKjjgY/jgaDjgZXjgYTjgb7jgZvjgII8YnI+CuODuyDlupfpoK3jgafjgoLosqnlo7LjgZXjgZvjgabjgYTjgZ/jgaDjgYTjgabjgYrjgorjgb7jgZnjga7jgafjgIHlo7LjgorpgZXjgYTjga7pmpvjga/jgZTlrrnotabpoZjjgYTjgb7jgZnjgII8YnI+Cjxicj4KPGJyPgo8YnI+Cjxicj4KPGJyPgrjgZ3jga7jgbvjgYvjgIDjg4njg6vjg6LjgqLjgIDjga/jgIDjgZPjgaHjgonjgYvjgok8YnI+CjxpbWcgc3JjPSJodHRwczovL2ltYWdlLnJha3V0ZW4uY28uanAvZGVyYWRlcmEvY2FiaW5ldC9hbmNob3IvYW5jaG9yX2RydS5qcGciIGJvcmRlcj0iMCI+PGxpbmsgaHJlZj0iaHR0cHM6Ly93d3cucmFrdXRlbi5uZS5qcC9nb2xkL2RlcmFkZXJhL2l0ZW0vaXRlbTIuY3NzIiByZWw9InN0eWxlc2hlZXQiIHR5cGU9InRleHQvY3NzIj4KPGxpbmsgaHJlZj0iaHR0cHM6Ly93d3cucmFrdXRlbi5uZS5qcC9nb2xkL2RlcmFkZXJhL2Jucl9pZS5jc3MiIHJlbD0ic3R5bGVzaGVldCIgdHlwZT0idGV4dC9jc3MiPgoKCgo8c3R5bGUgVFlQRT0idGV4dC9jc3MiPgoKLyog57SN5pyf5oOF5aCxICovCgp0ZC5pbnZlbnRvcnkgZm9udHtmb250LXNpemU6MTBweDtjb2xvcjojNjY2NjY2O30KdGQuaW52ZW50b3J5e3dvcmQtd3JhcDpicmVhay13b3JkO3dpZHRoOjgwcHg7fQoKCi8qIHJpZ2h0IGZpeGQgKi8KCgpkaXYjcmNfcmlnaHRBcmVhewoJcG9zaXRpb246IGZpeGVkOwoJdG9wOiAxODBweDsKCXJpZ2h0OiAwcHg7Cgl0ZXh0LWluZGVudDotOTk5M3B4OwoJZGlzcGxheTpibG9jazsKfQoKZGl2I3JjX3JpZ2h0QXJlYTJ7Cglwb3NpdGlvbjogZml4ZWQ7Cgl0b3A6IDMwMHB4OwoJcmlnaHQ6IDBweDsKCXRleHQtaW5kZW50Oi05OTkzcHg7CglkaXNwbGF5OmJsb2NrOwp9CgpkaXYjcmNfcmlnaHRBcmVhM3sKCXBvc2l0aW9uOiBmaXhlZDsKCXRvcDogNDIwcHg7CglyaWdodDogMHB4OwoJdGV4dC1pbmRlbnQ6LTk5OTNweDsKCWRpc3BsYXk6YmxvY2s7Cn0KCmRpdiNyY19yaWdodEFyZWE0ewoJcG9zaXRpb246IGZpeGVkOwoJdG9wOiA1NDBweDsKCXJpZ2h0OiAwcHg7Cgl0ZXh0LWluZGVudDotOTk5M3B4OwoJZGlzcGxheTpibG9jazsKfQoKZGl2I3JjX3JpZ2h0QXJlYSAucmNfcmlnaHQgLApkaXYjcmNfcmlnaHRBcmVhMiAucmNfcmlnaHQyICwKZGl2I3JjX3JpZ2h0QXJlYTMgLnJjX3JpZ2h0MyAsCmRpdiNyY19yaWdodEFyZWE0IC5yY19yaWdodDQgewoJb3V0bGluZTpub25lOwoJZGlzcGxheTogYmxvY2s7Cglwb3NpdGlvbjogcmVsYXRpdmU7Cgl3aWR0aDoxMDBweDsKCWhlaWdodDoxMDBweDsKCWxlZnQ6MHB4OwoJei1pbmRleDo5OTk4cHg7Cn0KCgoKZGl2I3JjX3JpZ2h0QXJlYSAucmNfcmlnaHR7CgliYWNrZ3JvdW5kOiB1cmwoImh0dHBzOi8vaW1hZ2UucmFrdXRlbi5jby5qcC9kZXJhZGVyYS9jYWJpbmV0L3RpdGxlL25ld3Bpa28wNjAxcl8xLmpwZyIpIG5vLXJlcGVhdCBzY3JvbGwgMCAwIHRyYW5zcGFyZW50OyAgCn0KCmRpdiNyY19yaWdodEFyZWEyIC5yY19yaWdodDJ7CgliYWNrZ3JvdW5kOiB1cmwoImh0dHBzOi8vaW1hZ2UucmFrdXRlbi5jby5qcC9kZXJhZGVyYS9jYWJpbmV0L3RpdGxlL25ld3Bpa29uZXdfMC5qcGciKSBuby1yZXBlYXQgc2Nyb2xsIDAgMCB0cmFuc3BhcmVudDsgIAp9CgpkaXYjcmNfcmlnaHRBcmVhMyAucmNfcmlnaHQzewoJYmFja2dyb3VuZDogdXJsKCJodHRwczovL2ltYWdlLnJha3V0ZW4uY28uanAvZGVyYWRlcmEvY2FiaW5ldC9odG1sbWFpbDQvbmV3cGlrb18zci5qcGciKSBuby1yZXBlYXQgc2Nyb2xsIDAgMCB0cmFuc3BhcmVudDsKfQoKZGl2I3JjX3JpZ2h0QXJlYTQgLnJjX3JpZ2h0NHsKCWJhY2tncm91bmQ6IHVybCgiaHR0cHM6Ly9pbWFnZS5yYWt1dGVuLmNvLmpwL2RlcmFkZXJhL2NhYmluZXQvaHRtbG1haWw0L25ld3Bpa29fNHIuanBnIikgbm8tcmVwZWF0IHNjcm9sbCAwIDAgdHJhbnNwYXJlbnQ7Cn0KCgpkaXYjcmNfcmlnaHRBcmVhIC5yY19yaWdodDpob3ZlciAsCmRpdiNyY19yaWdodEFyZWEyIC5yY19yaWdodDI6aG92ZXIgLApkaXYjcmNfcmlnaHRBcmVhMyAucmNfcmlnaHQzOmhvdmVyICwKZGl2I3JjX3JpZ2h0QXJlYTQgLnJjX3JpZ2h0NDpob3ZlciB7CgliYWNrZ3JvdW5kLXBvc2l0aW9uOjBweCAwcHg7IHdpZHRoOjEwMHB4OwogIG9wYWNpdHk6IDAuNzsKICBmaWx0ZXI6IGFscGhhKG9wYWNpdHk9NzApOwogIC1tcy1maWx0ZXI6ICJhbHBoYShvcGFjaXR5PTcwKSI7Cn0KfQoKYm9keTp7Zm9udC1mYW1pbHk6IEF2ZW5pciAsICJPcGVuIFNhbnMiICwgIkhlbHZldGljYSBOZXVlIiAsIEhlbHZldGljYSAsIEFyaWFsICwgVmVyZGFuYSAsIFJvYm90byAsICLmuLjjgrTjgrfjg4Pjgq8iICwgIll1IEdvdGhpYyIgLCAi5ri444K044K344OD44Kv5L2TIiAsICJZdUdvdGhpYyIgLCAi44OS44Op44Ku44OO6KeS44K0IFBybyBXMyIgLCAiSGlyYWdpbm8gS2FrdSBHb3RoaWMgUHJvIiAsICJNZWlyeW8gVUkiICwgIuODoeOCpOODquOCqiIgLCBNZWlyeW8gLCAi77yt77yzIO+8sOOCtOOCt+ODg+OCryIgLCAiTVMgUEdvdGhpYyIgLCBzYW5zLXNlcmlmICFpbXBvcnRhbnQ7Cn0KCi0tPgo8L3N0eWxlPgoKPGxpbmsgcmVsPSJzdHlsZXNoZWV0IiBtZWRpYT0ib25seSBzY3JlZW4gYW5kIChtYXgtZGV2aWNlLXdpZHRoOiAxMDI0cHgpIiBocmVmPSJodHRwczovL3d3dy5yYWt1dGVuLm5lLmpwL2dvbGQvZGVyYWRlcmEvY3NzL2lwYWQuY3NzIiB0eXBlPSJ0ZXh0L2NzcyIgLz4KPGxpbmsgbWVkaWE9Im9ubHkgc2NyZWVuIGFuZCAobWF4LWRldmljZS13aWR0aDogNDgwcHgpIiBocmVmPSJodHRwczovL3d3dy5yYWt1dGVuLm5lLmpwL2dvbGQvZGVyYWRlcmEvY3NzL2lwYWQuY3NzIiB0eXBlPSJ0ZXh0L2NzcyIgcmVsPSJzdHlsZXNoZWV0IiAvPgoKPGRpdiBpZD0icmNfcmlnaHRBcmVhIj4KCTHjga7jg5Djg4rjg7wKPC9kaXY+CjxkaXYgaWQ9InJjX3JpZ2h0QXJlYTIiPgoJMuOBruODkOODiuODvAo8L2Rpdj4KPGRpdiBpZD0icmNfcmlnaHRBcmVhMyI+Cgkz44Gu44OQ44OK44O8CjwvZGl2Pgo8ZGl2IGlkPSJyY19yaWdodEFyZWE0Ij4KCTTjga7jg5Djg4rjg7wKPC9kaXY+,44CQNjXlkajlubTjgrvjg7zjg6vjgJHjg57jg6rjg43jg4Pjg6kg44OK44Od44OqIGZvciDjg4njg6vjg6LjgqLjgIDjgIDjg4Djg7zjgq/jg43jgqTjg5Pjg7wg44Oa44Kk44K644Oq44O85p+E44KS57mU44KK5p+E44Gn5ryU5Ye644GX44Gf44K344Or44KvMTAw77yF44OL44OD44OI44K/44KkIOODjeOCr+OCv+OCpO+8muOCpOODs+ODneODvOODiOOCu+ODrOOCr+ODiFNIT1Djgafjgonjgafjgok=,44Gn44KJ44Gn44KJ44Kq44Ot44OT44Ki44Oz44Kz44K/44OI44Op44K544OR44Op44OW44O844OE44OV44Kj44OK44Oi44Os44K744Os44Kv44OI44K344On44OD44OX44CQNjXlkajlubTjgrvjg7zjg6vjgJHjg57jg6rjg43jg4Pjg6kg44OK44Od44OqIGZvciDjg4njg6vjg6LjgqLjgIDjgIDjg4Djg7zjgq/jg43jgqTjg5Pjg7wg44Oa44Kk44K644Oq44O85p+E44KS57mU44KK5p+E44Gn5ryU5Ye644GX44Gf44K344Or44KvMTAw77yF44OL44OD44OI44K/44KkIOODjeOCr+OCv+OCpA==,44Oe44Oq44ON44OD44OpICDjg4njg6vjg6LjgqIg44Oa44Kk44K644Oq44O8IOODi+ODg+ODiOOCv+OCpCDjg43jgqTjg5Pjg7zjgILjgJA2NeWRqOW5tOOCu+ODvOODq+OAkeODnuODquODjeODg+ODqSDjg4rjg53jg6ogZm9yIOODieODq+ODouOCouOAgOOAgOODgOODvOOCr+ODjeOCpOODk+ODvCDjg5rjgqTjgrrjg6rjg7zmn4TjgpLnuZTjgormn4TjgafmvJTlh7rjgZfjgZ/jgrfjg6vjgq8xMDDvvIXjg4vjg4Pjg4jjgr/jgqQg44ON44Kv44K/44Kk[rn]
39-76502,aHR0cDovL3RzaG9wLnIxMHMuanAvZGVyYWRlcmEvY2FiaW5ldC9kb3Jtb2hyL21pczg0OC0wMDEuanBnP2ZpdGluPTcwMDo3MDA=,MTEwNTkuMjAwMA==,,44OQ44OD44Kw44O75bCP54mp44O744OW44Op44Oz44OJ6ZuR6LKoID4g44K544O844OE55So44OV44Kh44OD44K344On44Oz5bCP54mpID4g44ON44Kv44K/44Kk,44CQNjXlkajlubTjgrvjg7zjg6vjgJHjg57jg6rjg43jg4Pjg6kg44OK44Od44OqIGZvciDjg4njg6vjg6LjgqLjgIDjgIDjg5bjg6vjg7zjg6zjg4Pjg4nlpKfliKTjg5rjgqTjgrrjg6rjg7zjgIDjg4jjg6njg4Pjg4njgarjgrDjg6rjg7zjg7PjgoJNSVjjgZfjgabjgYTjgovnuZTjgormn4Qg44K344Or44KvMTAw77yF44OL44OD44OI44K/44KkIOODjeOCr+OCv+OCpA==,44Oe44Oq44ON44OD44OpICDjg4njg6vjg6LjgqIg44OW44Op44OD44Kv44CA44K344Or44Kv44OL44OD44OIIOODjeOCr+OCv+OCpA==,PGRpdiBjbGFzcz0iaS13cmFwcGVyIj4KIAogPCEtLSBBQk9VVCBJVEVNIC3llYblk4Hjga7jgZTntLnku4stIC0tPgogICA8aDM+QUJPVVQgSVRFTSZuYnNwOyZuYnNwOy3llYblk4Hjga7jgZTntLnku4stPC9oMz4KICAgPGRpdiBjbGFzcz0iaXRlbV9kZXNjIj4KICAgICA8dGFibGU+CiAgICAgICA8dHI+PHRoPgogICAgICAgICA8IS0tIOODluODqeODs+ODieODreOCtOeUu+WDjyAtLT48aW1nIHNyYz0iaHR0cHM6Ly93d3cucmFrdXRlbi5uZS5qcC9nb2xkL2RlcmFkZXJhL2l0ZW0vbG9nby9tYXJpbmVsbGEuanBnIj4gICAgICAgPC90aD48dGQ+PHA+CuODieODrOOCueOCouODg+ODl+OBq+Wwj+eyi+OBleOCkuODl+ODqeOCueOBmeOCi+ODmuOCpOOCuuODquODvOODjeOCr+OCv+OCpOOAggo8L3A+PC90ZD48L3RyPjwvdGFibGU+CiAgIDwvZGl2PgogICA8ZGl2IGNsYXNzPSJpdGVtX2Rlc2NfaW1nIGNsZWFyZml4Ij4KICAgICA8ZGl2IGNsYXNzPSJpdGVtX2Rlc2NfaW1nX2xlZnQiPjxwPgo8IS0tIOODoeOCpOODs+eUu+WDjzAxKDUwMHg2NjApIC0tPjxpbWcgc3JjPSJodHRwczovL2ltYWdlLnJha3V0ZW4uY28uanAvZGVyYWRlcmEvY2FiaW5ldC9kb3Jtb2hyL21pczg0OC0wMDEuanBnIiB3aWR0aD0iNTAwIiBoZWlnaHQ9IjY2NiIgYWx0PSIiIGNsYXNzPSJkZXJhaW1nIj4KPC9wPjwvZGl2PjxkaXYgY2xhc3M9Iml0ZW1fZGVzY19pbWdfcmlnaHQiPjxwIGNsYXNzPSJtYjIwIj4KIDxpbWcgc3JjPSJodHRwczovL2ltYWdlLnJha3V0ZW4uY28uanAvZGVyYWRlcmEvY2FiaW5ldC9kb3Jtb2hyL21pczg0OC0wMDFfYS5qcGciIHdpZHRoPSI0NzAiIGhlaWdodD0iMzIwIiBhbHQ9IiIgY2xhc3M9ImRlcmFpbWciPgogICAgIDwhLS0g44Oh44Kk44Oz55S75YOPMDIoNDcweDMyMCkgLS0+CiAgICAgPC9wPjxwPgogICAgIDwhLS0g44Oh44Kk44Oz55S75YOPMDMoNDcweDMyMCkgLS0+IDxpbWcgc3JjPSJodHRwczovL2ltYWdlLnJha3V0ZW4uY28uanAvZGVyYWRlcmEvY2FiaW5ldC9kb3Jtb2hyL21pczg0OC0wMDFfYi5qcGciIHdpZHRoPSI0NzAiIGhlaWdodD0iMzIwIiBhbHQ9IiIgY2xhc3M9ImRlcmFpbWciPgogICAgIDwvcD48L2Rpdj48cCBjbGFzcz0iaXRlbS10ZXh0Ij4KMjAw5bm05Lul5LiK44KC44Gu5Lyd57Wx44KS5oyB44Gk5oSf5oCn6LGK44GL44Gq44Kk44K/44Oq44Ki6KO944OL44OD44OI44OW44Op44Oz44OJIERydW1vaHLvvIjjg4njg6vjg6LjgqLvvInjgYvjgonjgIE8YnI+CjIwMTblubTmmKXlpI/mlrDkvZzjg4vjg4Pjg4jjgr/jgqTjga7jgZTntLnku4vjgafjgZnjgII8YnI+Cjxicj4K6Z2S44G/44GM5piO44KL44GE44OW44Or44O844Go44CB44Os44OD44OJ44O744Kw44Oq44O844Oz44GuM+iJsuOBp+ani+evieOBleOCjOOBpuOBhOOCizxicj4K5aSn44GN44KB44Oa44Kk44K644Oq44O85p+E57mU44KK44Gu6YC45ZOB44CCPGJyPgrjgrnjg57jg7zjg4jjgZXjgajmuIXmtrzmhJ/jgIHjgZ3jgZfjgabjgZPmtJLokL3jgZ/pm7Dlm7LmsJfjgYzmvJTlh7rjgafjgY3jgovnibnliKXjgarjg4vjg4Pjg4jjg43jgq/jgr/jgqTjgYznmbvloLTjgII8YnI+CuOBneOBhuOAgeaYpeWkj+OBoOOBkeOBp+OBr+OBquOBhOOBruOBp+OBmeOAguOBk+OBruS4h+iDveOBleOCkuS9v+OCj+OBquOBhOOBquOCk+OBpuOCguOBo+OBn+OBhOOBquOBhOODu+ODu+ODu++8gTxicj4K44Kv44O844Or44OT44K644Gg44GR44Gn44Gv44Gq44GP44CB44Kq44OV44K344O844Oz44Gn44KC5q2m5Zmo44Go44Gq44KL44Ki44Kv44K744K144Oq44O844GL44KJ44CBPGJyPgrjgqjjg6zjgqzjg7Pjg4jjgZXjgpLjgYvjgoLjgZfjgaDjgZlFLuODnuODquODjeODg+ODqeOBqOODieODq+ODouOCouOCs+ODs+ODk+OBruOCt+ODq+OCr+ODi+ODg+ODiOOCv+OCpOOBr+OAgTxicj4K44Kk44K/44Oq44Ki44Gu44Ko44OD44K744Oz44K544KS5Y+W44KK5YWl44KM44CBIOmrmOOBhOOCr+OCquODquODhuOCo+OBp+OBguOCi++8kuekvuWQjOWjq+OAguOBneOBl+OBpuODieODq+ODouOCouOBruW+l+aEj+OBqOOBmeOCizxicj4K44OI44Os44Oz44OJ44KS5Y+W44KK5YWl44KM44Gf44OL44OD44OI6KO95ZOB44Gu5LiA56iu44Go44Gq44Gj44Gm44GK44KK44CB5L2T44KS57qP44GG5oSf6Kaa44Gn44Ki44OU44O844Or5oCn44Gu6auY44GE44Gu44GM54m55b6044CCPGJyPjxicj4K5YWo6ZW344CB5bmF44Gv44GU44GP5LiA6Iis55qE44CCPGJyPgrjg4jjg6zjg7Pjg4njgajjgYTjgYbjga7jga/ntZDjgbPnm67jgIHntZDjgbPmlrnjgavjgYLjgovjgajmgJ3jgYTjgb7jgZnjgII8YnI+CuacrOS9nOOBr+ijj+ihqOOBqOWQjOOBmOe3qOOBv+afhOOBqOOBquOBo+OBpuOBhOOCi+ODgOODluODq+ODleOCp+OCpOOCueOAgjxicj4K5bCP5Ymj44KS44Ga44KJ44GZ44CB44Go44GE44GG6a2F44Gb5pa544O75ouY44KK44Gn44CM5L2V44GL6YGV44GG44CN44KS44Ki44OU44O844Or44GX44Gm6aCC44GR44G+44GZ44CCPGJyPgrjgrfjg6Pjg4Tjga7lkIjjgo/jgZvjgavjgoLov7fjgYTjgavjgY/jgYTjgIHjg43jgq/jgr/jgqTjgafjgoLkvb/jgYTmhaPjgozjgZ/jg5bjg6vjg7zjgqvjg6njg7znqK7jgafjgZnjga7jgafjgIE8YnI+CuWAi+aAp+eahOOBp+OBr+OBguOCiuOBvuOBmeOBjOOAgeOBguOCj+OBm+OBq+OBj+OBhOOBqOaEn+OBmOOCi+OBk+OBqOOBr+WwkeOBquOBhOOBqOaAneOBhOOBvuOBmeOAgjxicj48YnI+Cummluijj+OBr+iWhOOBj+S7leS4iuOBkuOAgeODiuOCpOODreODs+ODhuODvOODl+OBp+ijnOW8t+OAgjxicj4K44Oe44Oq44ON44OD44Op56S+44GM6KqH44KL5pyA6auY44Op44Oz44Kv44Gu44CM5omL5L2c44KK44CN44GV44Go44CB44OJ44Or44Oi44Ki44GM6KqH44KL44OP44Kk44Kv44Kq44Oq44OG44Kj44Gv44K/44OD44Kw44KS57WE44KT44Gg44Ki44Kv44K744K144Oq44O844CCPGJyPgrljrPnspvjgarogbfkurrjgYvjgonnlJ/jgb7jgozjgZ/jg43jgq/jgr/jgqTjga/jgIHlsILnlKjjg5zjg4Pjgq/jgrnjgavlhaXjgozjgabjgYrlsYrjgZHjgYTjgZ/jgZfjgb7jgZnjgII8YnI+CjwvZGl2PgogPGRpdiBzdHlsZT0iY2xlYXI6Ym90aDsgbWFyZ2luLWJvdHRvbTo0MHB4OyBvdmVyZmxvdzpoaWRkZW47Ij48L2Rpdj4KIDwhLS0gLy9BQk9VVCBJVEVNIC3llYblk4Hjga7jgZTntLnku4stIC0tPgogCiA8IS0tIERFVEFJTCAt44Ku44Oj44Op44Oq44O8LSAtLT4KICAgPGgzPkRFVEFJTCZuYnNwOyZuYnNwOy3jgq7jg6Pjg6njg6rjg7wtPC9oMz4KICAgPGRpdiBjbGFzcz0ibWI0MCI+CiAgIDwhLS0g44Ku44Oj44Op44Oq44O844CA44K544Op44Kk44OA44O8aWZyYW1l5ZG844Gz5Ye644GXIC0tPgogICAgIDxpZnJhbWUgc3JjPSJodHRwczovL3d3dy5yYWt1dGVuLm5lLmpwL2dvbGQvZGVyYWRlcmEvaXRlbS9taXM4NDgtMDAxLmh0bWwiIHdpZHRoPSIxMDAwIiBoZWlnaHQ9IjY1OCIgc2Nyb2xsaW5nPSJubyIgZnJhbWVib3JkZXI9IjAiID48L2lmcmFtZT4KICAgPC9kaXY+CiA8IS0tIC8vREVUQUlMIC3jgq7jg6Pjg6njg6rjg7wtIC0tPgogCiA8IS0tIEFCT1VUIEJSQU5EIC3jg5bjg6njg7Pjg4njgavjgaTjgYTjgaYtIC0tPgogICA8aDM+QUJPVVQgQlJBTkQmbmJzcDsmbmJzcDst44OW44Op44Oz44OJ44Gr44Gk44GE44GmLTwvaDM+CiAgIDxwIGNsYXNzPSJhYm91dC1ibGFuZF90ZXh0Ij4KIDxhIGhyZWY9Imh0dHBzOi8vd3d3LnJha3V0ZW4ubmUuanAvZ29sZC9kZXJhZGVyYS9icmFuZC9kcnVtb2hyLmh0bWwiPuODieODq+ODouOCojwvYT48YnI+RHJ1bW9ocuKApuOAjOS4lueVjOacgOWPpOOBruODi+ODg+ODiOODluODqeODs+ODieOAjeOBqOiogOOCj+OCjOOCi+OAgTE3NzPlubTjgavjgrnjgrPjg4Pjg4jjg6njg7Pjg4njgafoqK3nq4vjgZXjgozjgZ/jg5bjg6njg7Pjg4njgII8YnI+CuOCpOOCv+ODquOCouOBruOCqOODg+OCu+ODs+OCueOCkuWPluOCiuWFpeOCjOOAgSDpq5jjgYTjgq/jgqrjg6rjg4bjgqPjga/jgZ3jga7jgb7jgb7jgavjgIHjg4jjg6zjg7Pjg4njgoLnm5vjgorovrzjgpPjgaDprYXlipvnmoTjgaroo73lk4HjgpLnlJ/jgb/lh7rjgZfjgabjgYTjgb7jgZnjgIIgPGJyPgo8YnI+CkUuTUFSSU5FTExB4oCm44OZ44Or44Or44K544Kz44O844OL6aaW55u444Gq44Gp5q205Luj44Gu44Kk44K/44Oq44Ki5aSn57Wx6aCY44KS44Gv44GY44KB44CB44Kq44OQ44Oe5rCP44KE44K144Or44Kz44K45rCP44CBPGJyPgrjgqLjg6Hjg6rjgqvjgoTjg5Xjg6njg7Pjgrnjga7lpKfntbHpoJjjgavjgoLmhJvnlKjjgZXjgozjgabjgYTjgovjgIFFLk1hcmluZWxsYSBOYXBvbGnjga7jg43jgq/jgr/jgqTjgII8YnI+CuWJtealreW9k+aZguOBi+OCieS9v+OBhuiLseWbveeUo+OCt+ODq+OCr+OBjOS6uuawl+OBruenmOWvhuOAgiA8L3A+CiAgPGg0PuOBneOBruS7luOBruODluODqeODs+ODiTwvaDQ+PGRpdiBjbGFzcz0ib3RoZXJfYnJhbmQiPjxhIGhyZWY9Imh0dHBzOi8vd3d3LnJha3V0ZW4ubmUuanAvZ29sZC9kZXJhZGVyYS9icmFuZC9kcnVtb2hyLmh0bWwiPuODieODq+ODouOCojwvYT4KPGEgaHJlZj0iaHR0cHM6Ly93d3cucmFrdXRlbi5uZS5qcC9nb2xkL2RlcmFkZXJhL2JyYW5kL2ZlcnJ1Y2NpLmh0bWwiPkZFUlJVQ0NJPC9hPgo8YSBocmVmPSJodHRwczovL3d3dy5yYWt1dGVuLm5lLmpwL2dvbGQvZGVyYWRlcmEvYnJhbmQvam9obl9zbWVkbGV5Lmh0bWwiPuOCuOODp+ODs+OCueODoeODieODrOODvDwvYT4KPGEgaHJlZj0iaHR0cHM6Ly93d3cucmFrdXRlbi5uZS5qcC9nb2xkL2RlcmFkZXJhL2JyYW5kL2JhcmJhLmh0bWwiPkJBUkJBPC9hPgo8YSBocmVmPSJodHRwczovL3d3dy5yYWt1dGVuLm5lLmpwL2dvbGQvZGVyYWRlcmEvYnJhbmQvZmluYW1vcmUuaHRtbCI+44OV44Kj44OK44Oi44OsPC9hPjwvZGl2PgogICA8cCBjbGFzcz0ib3RoZXJfYnJhbmRfYWxsIj4gPGEgaHJlZj0iaHR0cHM6Ly9pdGVtLnJha3V0ZW4uY28uanAvZGVyYWRlcmEvYy8wMDAwMDAwNDg2LyI+44OW44Op44Oz44OJ5LiA6Kan44KS6KaL44KL4oaSIDwvYT48L3A+IDwhLS0gQUJPVVQgQlJBTkQgLeODluODqeODs+ODieOBq+OBpOOBhOOBpi0gLS0+Cgo8IS0tIFNUWUxJTkcgU0FNUExFIC3jgrnjgr/jgqTjg6rjg7PjgrAtIC0tPgogICA8aDM+U1RZTElORyBTQU1QTEUmbmJzcDsmbmJzcDst44K544K/44Kk44Oq44Oz44KwLTwvaDM+CiAgIDxkaXYgY2xhc3M9InN0eWxpbmcgY2xlYXJmaXgiPgogICAgIDxkaXYgY2xhc3M9InN0eWxpbmdfbGVmdCI+PHA+CiAgICAgICAKPCEtLSDjgrnjgr/jgqTjg6rjg7PjgrDjg6HjgqTjg7PnlLvlg48oNTUweDY1MCkgLS0+CjxpbWcgc3JjPSJodHRwczovL2ltYWdlLnJha3V0ZW4uY28uanAvZGVyYWRlcmEvY2FiaW5ldC9kb3Jtb2hyL21pczg0OC0wMDFfMC5qcGciIHdpZHRoPSI1NTAiIGhlaWdodD0iNjUwIiBhbHQ9IiI+CiAgICAgPC9wPjwvZGl2PjwhLS0vL3N0eWxpbmdfbGVmdC0tPgogICAgIAogICAgIAogICAgIDxkaXYgY2xhc3M9InN0eWxpbmdfcmlnaHQiPgogICAgICAgPGg1PuOCueOCv+OCpOODquODs+OCsOOCouOCpOODhuODoDwvaDU+CiAgICAgICAKICAgICAgIAogPHVsIGNsYXNzPSJiYXNpY0xpc3QiPjxsaSBjbGFzcz0iY2xlYXJmaXgiPgogPGEgaHJlZj0iaHR0cHM6Ly9pdGVtLnJha3V0ZW4uY28uanAvZGVyYWRlcmEvYWRyaWFuLXdoaXRlLyIgY2xhc3M9ImNmIj48ZGl2IGNsYXNzPSJpbWciPgogPGltZyBzcmM9Imh0dHBzOi8vaW1hZ2UucmFrdXRlbi5jby5qcC9kZXJhZGVyYS9jYWJpbmV0L2pvaG5fc21lZGxleS9hZHJpYW4td2hpdGUuanBnIiAgd2lkdGg9IjEwMCIgaGVpZ2h0PSIxMzUiIGFsdD0iIj4KIDwvZGl2PjxkaXYgY2xhc3M9InRleHQiPgo8cD5KT0hOIFNNRURMRVk8YnI+LUFEUklBTi08YnI+5paw44O75a6a55Wq44Gu44Kz44OD44OI44Oz44Od44Ot44CA44K544K/44Oz44OA44O844OJ44OV44Kj44OD44OI44Gn6Lu944GE552A5b+D5ZywPC9wPiAKICAgICAgICAgICAgIDxwIGNsYXNzPSJidG4iPiDllYblk4HjgpLopovjgosmZ3Q7Jmd0OyA8L3A+CiAgICAgICAgIDwvZGl2PjwvYT4gPC9saT4KICAgICAgICAgCiAgICAgICAgIAo8bGkgY2xhc3M9ImNsZWFyZml4Ij4KIDxhIGhyZWY9Imh0dHBzOi8vaXRlbS5yYWt1dGVuLmNvLmpwL2RlcmFkZXJhL2NuMTE0Mi1pbmQvIiBjbGFzcz0iY2YiPjxkaXYgY2xhc3M9ImltZyI+CiA8aW1nIHNyYz0iaHR0cHM6Ly9pbWFnZS5yYWt1dGVuLmNvLmpwL2RlcmFkZXJhL2NhYmluZXQvc2VsZWN0My9jbjExNDItaW5kLmpwZyIgIHdpZHRoPSIxMDAiIGhlaWdodD0iMTM1IiBhbHQ9IiI+CiA8L2Rpdj48ZGl2IGNsYXNzPSJ0ZXh0Ij4KIDxwPkNJUkNPTE8gMTkwMTxicj4t44K444Oj44Kx44OD44OILTxicj7jg4Hjgqfjg4Pjgqvjg5fjg6rjg7Pjg4jjg5Hjgr/jg7zjg7Pjga7jgrjjg6Pjg7zjgrjjg4fjg4vjg6DjgIDjgqTjg7Pjg4fjgqPjgrTjg5bjg6vjg7w8L3A+IAogICAgICAgICAgICAgPHAgY2xhc3M9ImJ0biI+IOWVhuWTgeOCkuimi+OCiyZndDsmZ3Q7IDwvcD4KICAgICAgICAgPC9kaXY+PC9hPiA8L2xpPgogICAgICAgICAKICAgICAgICAgCjxsaSBjbGFzcz0iY2xlYXJmaXgiPgogPGEgaHJlZj0iaHR0cHM6Ly9pdGVtLnJha3V0ZW4uY28uanAvZGVyYWRlcmEvbWlzODQ4LTAwMS8iIGNsYXNzPSJjZiI+PGRpdiBjbGFzcz0iaW1nIj4KIDxpbWcgc3JjPSJodHRwczovL2ltYWdlLnJha3V0ZW4uY28uanAvZGVyYWRlcmEvY2FiaW5ldC9kb3Jtb2hyL21pczg0OC0wMDEuanBnIiAgd2lkdGg9IjEwMCIgaGVpZ2h0PSIxMzUiIGFsdD0iIj4KIDwvZGl2PjxkaXYgY2xhc3M9InRleHQiPgogPHA+RS5NYXJpbmVsbGEgZm9yIERydW1vaHI8YnI+LeODi+ODg+ODiOOCv+OCpC08YnI+44ON44Kv44K/44Kk5bCC5qWt44Oh44O844Kr44O844Go44Gu44Kz44Op44Oc44CA44OI44Op44OD44OJ6Imy44Gu44Oa44Kk44K644Oq44O85p+EPC9wPgogICAgICAgICAgICAgPHAgY2xhc3M9ImJ0biI+IOWVhuWTgeOCkuimi+OCiyZndDsmZ3Q7IDwvcD4KICAgICAgICAgPC9kaXY+PC9hPiA8L2xpPgogICAgICAgICAKICAgICAgICAgCjxsaSBjbGFzcz0iY2xlYXJmaXgiPgogPGEgaHJlZj0iaHR0cHM6Ly9pdGVtLnJha3V0ZW4uY28uanAvZGVyYWRlcmEvdHM3NS0wMDYwLWNvZHEwMS8iIGNsYXNzPSJjZiI+PGRpdiBjbGFzcz0iaW1nIj4KIDxpbWcgc3JjPSJodHRwczovL2ltYWdlLnJha3V0ZW4uY28uanAvZGVyYWRlcmEvY2FiaW5ldC9wdC90czc1LTAwNjAtY29kcTAxLmpwZyIgIHdpZHRoPSIxMDAiIGhlaWdodD0iMTM1IiBhbHQ9IiI+CiA8L2Rpdj48ZGl2IGNsYXNzPSJ0ZXh0Ij4KIDxwPlBUMDE8YnI+LUJVU0lORVNTLTxicj5TVVBFUiBTTElNIEZJVOOAgOODieODrOOCueODgeODjuOCr+ODreOCueezu+OCuOODg+ODl+ODleODqeOCpOODkeODs+ODhDwvcD4gCiAgICAgICAgICAgICA8cCBjbGFzcz0iYnRuIj4g5ZWG5ZOB44KS6KaL44KLJmd0OyZndDsgPC9wPgogICAgICAgICA8L2Rpdj48L2E+CiAgPC9saT4KPC91bD4KICAgICA8L2Rpdj48IS0tLy9zdHlsaW5nX3JpZ2h0LS0+PC9kaXY+Cgo8L2Rpdj48IS0taS13cmFwcGVyLS0+PGJyPgo8YnI+CjxwPjxpbWcgc3JjPSJodHRwczovL2ltYWdlLnJha3V0ZW4uY28uanAvZGVyYWRlcmEvY2FiaW5ldC90ZXN0L2F3dGVzdF9jb2xvcnIuanBnIiBib3JkZXI9IjAiPjwvcD48dGFibGUgY2VsbHBhZGRpbmc9IjEwIiBjZWxsc3BhY2luZz0iMCI+PHRib2R5Pjx0cj4KPHRkIGFsaWduPSJjZW50ZXIiPjxpbWcgc3JjPSJodHRwczovL2ltYWdlLnJha3V0ZW4uY28uanAvZGVyYWRlcmEvY2FiaW5ldC9kb3Jtb2hyL21pczg0OC0wMDFfMy5qcGciIGJvcmRlcj0iMCIgd2lkdGg9IjIwMCI+PGJyPgrjg5bjg6vjg7zjg6zjg4Pjg4k8L3RkPgo8dGQgYWxpZ249ImNlbnRlciI+PGltZyBzcmM9Imh0dHBzOi8vaW1hZ2UucmFrdXRlbi5jby5qcC9kZXJhZGVyYS9jYWJpbmV0L2Rvcm1vaHIvbWlzODQ4LTAwM18zLmpwZyIgYm9yZGVyPSIwIiB3aWR0aD0iMjAwIj48YnI+CuODjeOCpOODk+ODvDwvdGQ+CjwvdHI+CiA8L3Rib2R5PjwvdGFibGU+Cgo8cD48aW1nIHNyYz0iaHR0cHM6Ly9pbWFnZS5yYWt1dGVuLmNvLmpwL2RlcmFkZXJhL2NhYmluZXQvdGVzdC9hd3Rlc3Rfc2hvdXNhaXIuanBnIiBib3JkZXI9IjAiPjwvcD48dGFibGUgYmdjb2xvcj0iIzY2NjY2NiIgYm9yZGVyPSIwIiBjZWxscGFkZGluZz0iNSIgY2VsbHNwYWNpbmc9IjEiPjx0Ym9keT48dHIgYmdjb2xvcj0iI2ZmZmZmZiI+PHRkPjxiPuODluODqeODs+ODiTwvYj48L3RkPgogPHRkPjxmb250IHNpemU9Ii0xIj7jg4njg6vjg6LjgqI8YnI+RHJ1bW9ocjwvdGQ+CjwvdHI+PHRyIGJnY29sb3I9IiNmZmZmZmYiPjx0ZD48Yj7jgqvjg6njg7w8L2I+PC90ZD4KIDx0ZD48Zm9udCBzaXplPSItMSI+44OW44Or44O857O7PC90ZD4KPC90cj4KPHRyIGJnY29sb3I9IiNmZmZmZmYiPjx0ZD48Yj7ntKDmnZA8L2I+PC90ZD4KIDx0ZD48Zm9udCBzaXplPSItMSI+44K344Or44KvMTAw77yFPC90ZD4KPC90cj4KPHRyIGJnY29sb3I9IiNmZmZmZmYiPjx0ZD48Yj7ku5Xmp5g8L2I+PC90ZD4KIDx0ZD48Zm9udCBzaXplPSItMSI+CuWwgueUqOODnOODg+OCr+OCuTxicj4KTUFERSBJTiBJVEFMWTwvdGQ+CjwvdHI+CjwvdGJvZHk+PC90YWJsZT4KPGJyPiA8YnI+PHA+PGltZyBzcmM9Imh0dHBzOi8vaW1hZ2UucmFrdXRlbi5jby5qcC9kZXJhZGVyYS9jYWJpbmV0L3Rlc3QvYXd0ZXN0X3NwZWNyLmpwZyIgYm9yZGVyPSIwIj48L3A+Cjx0YWJsZSBiZ2NvbG9yPSIjNjY2NjY2IiBib3JkZXI9IjAiIGNlbGxwYWRkaW5nPSIxMCIgY2VsbHNwYWNpbmc9IjEiPgogPHRyIGJnY29sb3I9IiNmZmZmZmYiPjx0ZD48Yj48L2I+PC90ZD48dGQ+PGI+5YWo6ZW3PC9iPjwvdGQ+Cjx0ZD48Yj7lpKfliaM8L2I+PC90ZD4KPHRkPjxiPuWwj+WJozwvYj48L3RkPgo8L3RyPgogPHRyIGJnY29sb3I9IiNmZmZmZmYiPiA8dGQ+PGI+44Ov44Oz44K144Kk44K6PC9iPjwvdGQ+Cjx0ZD4xNDBjbTwvdGQ+Cjx0ZD42Y20gPC90ZD4KPHRkPjVjbSA8L3RkPgo8L3RyPgoKIDwvdGFibGU+Cgo8YnI+Cjxicj4KPGJyPgo8YnI+CuODuyDmjqHlr7jmlrnms5XjgavjgaTjgYTjgabjga/jgIDjgrPjg4Hjg6kg44KS44GU56K66KqN44GP44Gg44GV44GE44G+44Gb44CCPGJyPgrjg7sg5byK56S+44Op44OD44OU44Oz44Kw44Gr44Gk44GN44G+44GX44Gm44Gv44Kz44OB44Op44GL44KJ44GU56K66KqN44GE44Gf44Gg44GR44G+44GZ44CCPGJyPgrjg7sg5a6f54mp44KS5be75bC644Gn5o6h5a+444GX44Gm44Gu5bmz5Z2H5YCk44Gn44GZ44CC5pWw5YCk44Gu6Iul5bmy44Gu6Kqk5beu44Gv44GU5a656LWm44GP44Gg44GV44GE44CC44GK5omL5oyB44Gh44Gu44Ki44Kk44OG44Og44Go44Gu44GU5q+U6LyD44Gr44GU5Yip55So44GP44Gg44GV44GE44G+44Gb44CCPGJyPgrjg7sg5bqX6aCt44Gn44KC6LKp5aOy44GV44Gb44Gm44GE44Gf44Gg44GE44Gm44GK44KK44G+44GZ44Gu44Gn44CB5aOy44KK6YGV44GE44Gu6Zqb44Gv44GU5a656LWm6aGY44GE44G+44GZ44CCPGJyPgo8YnI+Cjxicj4KPGJyPgo8YnI+Cjxicj4K44Gd44Gu44G744GL44CA44OJ44Or44Oi44Ki44CA44Gv44CA44GT44Gh44KJ44GL44KJPGJyPgo8aW1nIHNyYz0iaHR0cHM6Ly9pbWFnZS5yYWt1dGVuLmNvLmpwL2RlcmFkZXJhL2NhYmluZXQvYW5jaG9yL2FuY2hvcl9kcnUuanBnIiBib3JkZXI9IjAiPjxsaW5rIGhyZWY9Imh0dHBzOi8vd3d3LnJha3V0ZW4ubmUuanAvZ29sZC9kZXJhZGVyYS9pdGVtL2l0ZW0yLmNzcyIgcmVsPSJzdHlsZXNoZWV0IiB0eXBlPSJ0ZXh0L2NzcyI+CjxsaW5rIGhyZWY9Imh0dHBzOi8vd3d3LnJha3V0ZW4ubmUuanAvZ29sZC9kZXJhZGVyYS9ibnJfaWUuY3NzIiByZWw9InN0eWxlc2hlZXQiIHR5cGU9InRleHQvY3NzIj4KCgoKPHN0eWxlIFRZUEU9InRleHQvY3NzIj4KCi8qIOe0jeacn+aDheWgsSAqLwoKdGQuaW52ZW50b3J5IGZvbnR7Zm9udC1zaXplOjEwcHg7Y29sb3I6IzY2NjY2Njt9CnRkLmludmVudG9yeXt3b3JkLXdyYXA6YnJlYWstd29yZDt3aWR0aDo4MHB4O30KCgovKiByaWdodCBmaXhkICovCgoKZGl2I3JjX3JpZ2h0QXJlYXsKCXBvc2l0aW9uOiBmaXhlZDsKCXRvcDogMTgwcHg7CglyaWdodDogMHB4OwoJdGV4dC1pbmRlbnQ6LTk5OTNweDsKCWRpc3BsYXk6YmxvY2s7Cn0KCmRpdiNyY19yaWdodEFyZWEyewoJcG9zaXRpb246IGZpeGVkOwoJdG9wOiAzMDBweDsKCXJpZ2h0OiAwcHg7Cgl0ZXh0LWluZGVudDotOTk5M3B4OwoJZGlzcGxheTpibG9jazsKfQoKZGl2I3JjX3JpZ2h0QXJlYTN7Cglwb3NpdGlvbjogZml4ZWQ7Cgl0b3A6IDQyMHB4OwoJcmlnaHQ6IDBweDsKCXRleHQtaW5kZW50Oi05OTkzcHg7CglkaXNwbGF5OmJsb2NrOwp9CgpkaXYjcmNfcmlnaHRBcmVhNHsKCXBvc2l0aW9uOiBmaXhlZDsKCXRvcDogNTQwcHg7CglyaWdodDogMHB4OwoJdGV4dC1pbmRlbnQ6LTk5OTNweDsKCWRpc3BsYXk6YmxvY2s7Cn0KCmRpdiNyY19yaWdodEFyZWEgLnJjX3JpZ2h0ICwKZGl2I3JjX3JpZ2h0QXJlYTIgLnJjX3JpZ2h0MiAsCmRpdiNyY19yaWdodEFyZWEzIC5yY19yaWdodDMgLApkaXYjcmNfcmlnaHRBcmVhNCAucmNfcmlnaHQ0IHsKCW91dGxpbmU6bm9uZTsKCWRpc3BsYXk6IGJsb2NrOwoJcG9zaXRpb246IHJlbGF0aXZlOwoJd2lkdGg6MTAwcHg7CgloZWlnaHQ6MTAwcHg7CglsZWZ0OjBweDsKCXotaW5kZXg6OTk5OHB4Owp9CgoKCmRpdiNyY19yaWdodEFyZWEgLnJjX3JpZ2h0ewoJYmFja2dyb3VuZDogdXJsKCJodHRwczovL2ltYWdlLnJha3V0ZW4uY28uanAvZGVyYWRlcmEvY2FiaW5ldC90aXRsZS9uZXdwaWtvMDYwMXJfMS5qcGciKSBuby1yZXBlYXQgc2Nyb2xsIDAgMCB0cmFuc3BhcmVudDsgIAp9CgpkaXYjcmNfcmlnaHRBcmVhMiAucmNfcmlnaHQyewoJYmFja2dyb3VuZDogdXJsKCJodHRwczovL2ltYWdlLnJha3V0ZW4uY28uanAvZGVyYWRlcmEvY2FiaW5ldC90aXRsZS9uZXdwaWtvbmV3XzAuanBnIikgbm8tcmVwZWF0IHNjcm9sbCAwIDAgdHJhbnNwYXJlbnQ7ICAKfQoKZGl2I3JjX3JpZ2h0QXJlYTMgLnJjX3JpZ2h0M3sKCWJhY2tncm91bmQ6IHVybCgiaHR0cHM6Ly9pbWFnZS5yYWt1dGVuLmNvLmpwL2RlcmFkZXJhL2NhYmluZXQvaHRtbG1haWw0L25ld3Bpa29fM3IuanBnIikgbm8tcmVwZWF0IHNjcm9sbCAwIDAgdHJhbnNwYXJlbnQ7Cn0KCmRpdiNyY19yaWdodEFyZWE0IC5yY19yaWdodDR7CgliYWNrZ3JvdW5kOiB1cmwoImh0dHBzOi8vaW1hZ2UucmFrdXRlbi5jby5qcC9kZXJhZGVyYS9jYWJpbmV0L2h0bWxtYWlsNC9uZXdwaWtvXzRyLmpwZyIpIG5vLXJlcGVhdCBzY3JvbGwgMCAwIHRyYW5zcGFyZW50Owp9CgoKZGl2I3JjX3JpZ2h0QXJlYSAucmNfcmlnaHQ6aG92ZXIgLApkaXYjcmNfcmlnaHRBcmVhMiAucmNfcmlnaHQyOmhvdmVyICwKZGl2I3JjX3JpZ2h0QXJlYTMgLnJjX3JpZ2h0Mzpob3ZlciAsCmRpdiNyY19yaWdodEFyZWE0IC5yY19yaWdodDQ6aG92ZXIgewoJYmFja2dyb3VuZC1wb3NpdGlvbjowcHggMHB4OyB3aWR0aDoxMDBweDsKICBvcGFjaXR5OiAwLjc7CiAgZmlsdGVyOiBhbHBoYShvcGFjaXR5PTcwKTsKICAtbXMtZmlsdGVyOiAiYWxwaGEob3BhY2l0eT03MCkiOwp9Cn0KCmJvZHk6e2ZvbnQtZmFtaWx5OiBBdmVuaXIgLCAiT3BlbiBTYW5zIiAsICJIZWx2ZXRpY2EgTmV1ZSIgLCBIZWx2ZXRpY2EgLCBBcmlhbCAsIFZlcmRhbmEgLCBSb2JvdG8gLCAi5ri444K044K344OD44KvIiAsICJZdSBHb3RoaWMiICwgIua4uOOCtOOCt+ODg+OCr+S9kyIgLCAiWXVHb3RoaWMiICwgIuODkuODqeOCruODjuinkuOCtCBQcm8gVzMiICwgIkhpcmFnaW5vIEtha3UgR290aGljIFBybyIgLCAiTWVpcnlvIFVJIiAsICLjg6HjgqTjg6rjgqoiICwgTWVpcnlvICwgIu+8re+8syDvvLDjgrTjgrfjg4Pjgq8iICwgIk1TIFBHb3RoaWMiICwgc2Fucy1zZXJpZiAhaW1wb3J0YW50Owp9CgotLT4KPC9zdHlsZT4KCjxsaW5rIHJlbD0ic3R5bGVzaGVldCIgbWVkaWE9Im9ubHkgc2NyZWVuIGFuZCAobWF4LWRldmljZS13aWR0aDogMTAyNHB4KSIgaHJlZj0iaHR0cHM6Ly93d3cucmFrdXRlbi5uZS5qcC9nb2xkL2RlcmFkZXJhL2Nzcy9pcGFkLmNzcyIgdHlwZT0idGV4dC9jc3MiIC8+CjxsaW5rIG1lZGlhPSJvbmx5IHNjcmVlbiBhbmQgKG1heC1kZXZpY2Utd2lkdGg6IDQ4MHB4KSIgaHJlZj0iaHR0cHM6Ly93d3cucmFrdXRlbi5uZS5qcC9nb2xkL2RlcmFkZXJhL2Nzcy9pcGFkLmNzcyIgdHlwZT0idGV4dC9jc3MiIHJlbD0ic3R5bGVzaGVldCIgLz4KCjxkaXYgaWQ9InJjX3JpZ2h0QXJlYSI+Cgkx44Gu44OQ44OK44O8CjwvZGl2Pgo8ZGl2IGlkPSJyY19yaWdodEFyZWEyIj4KCTLjga7jg5Djg4rjg7wKPC9kaXY+CjxkaXYgaWQ9InJjX3JpZ2h0QXJlYTMiPgoJM+OBruODkOODiuODvAo8L2Rpdj4KPGRpdiBpZD0icmNfcmlnaHRBcmVhNCI+Cgk044Gu44OQ44OK44O8CjwvZGl2Pg==,44CQNjXlkajlubTjgrvjg7zjg6vjgJHjg57jg6rjg43jg4Pjg6kg44OK44Od44OqIGZvciDjg4njg6vjg6LjgqLjgIDjgIDjg5bjg6vjg7zjg6zjg4Pjg4nlpKfliKTjg5rjgqTjgrrjg6rjg7zjgIDjg4jjg6njg4Pjg4njgarjgrDjg6rjg7zjg7PjgoJNSVjjgZfjgabjgYTjgovnuZTjgormn4Qg44K344Or44KvMTAw77yF44OL44OD44OI44K/44KkIOODjeOCr+OCv+OCpO+8muOCpOODs+ODneODvOODiOOCu+ODrOOCr+ODiFNIT1Djgafjgonjgafjgok=,44Gn44KJ44Gn44KJ44Kq44Ot44OT44Ki44Oz44Kz44K/44OI44Op44K544OR44Op44OW44O844OE44OV44Kj44OK44Oi44Os44K744Os44Kv44OI44K344On44OD44OX44CQNjXlkajlubTjgrvjg7zjg6vjgJHjg57jg6rjg43jg4Pjg6kg44OK44Od44OqIGZvciDjg4njg6vjg6LjgqLjgIDjgIDjg5bjg6vjg7zjg6zjg4Pjg4nlpKfliKTjg5rjgqTjgrrjg6rjg7zjgIDjg4jjg6njg4Pjg4njgarjgrDjg6rjg7zjg7PjgoJNSVjjgZfjgabjgYTjgovnuZTjgormn4Qg44K344Or44KvMTAw77yF44OL44OD44OI44K/44KkIOODjeOCr+OCv+OCpA==,44Oe44Oq44ON44OD44OpICDjg4njg6vjg6LjgqIg44OW44Op44OD44Kv44CA44K344Or44Kv44OL44OD44OIIOODjeOCr+OCv+OCpOOAguOAkDY15ZGo5bm044K744O844Or44CR44Oe44Oq44ON44OD44OpIOODiuODneODqiBmb3Ig44OJ44Or44Oi44Ki44CA44CA44OW44Or44O844Os44OD44OJ5aSn5Yik44Oa44Kk44K644Oq44O844CA44OI44Op44OD44OJ44Gq44Kw44Oq44O844Oz44KCTUlY44GX44Gm44GE44KL57mU44KK5p+EIOOCt+ODq+OCrzEwMO+8heODi+ODg+ODiOOCv+OCpCDjg43jgq/jgr/jgqQ=[rn]
39-76503,aHR0cDovL3RzaG9wLnIxMHMuanAvZGVyYWRlcmEvY2FiaW5ldC9kb3Jtb2hyL21pczg0Ny0wMDIuanBnP2ZpdGluPTcwMDo3MDA=,MTEwNTkuMjAwMA==,,44OQ44OD44Kw44O75bCP54mp44O744OW44Op44Oz44OJ6ZuR6LKoID4g44K544O844OE55So44OV44Kh44OD44K344On44Oz5bCP54mpID4g44ON44Kv44K/44Kk,44CQNjXlkajlubTjgrvjg7zjg6vjgJHjg57jg6rjg43jg4Pjg6kg44OK44Od44OqIGZvciDjg4njg6vjg6LjgqLjgIDjgIDjg6njgqTjg4jjgrDjg6zjg7zDl+OCsOODquODvOODsy8y6Imy44Oc44O844OA44O844Gn44K744Kv44K344O844GV44KS44Oi44OA44Oz44Gr5LuV56uL44Gm44Gf44Os44O844K557eo44G/44K144Oe44O844OL44OD44OI44K/44Kk44CA44ON44Kv44K/44Kk,44Oe44Oq44ON44OD44OpICDjg4njg6vjg6LjgqIg44Oc44O844OA44O8IOODrOODvOOCuSDjgrfjg6vjgq/jg4vjg4Pjg4jjgr/jgqQ=,PGRpdiBjbGFzcz0iaS13cmFwcGVyIj4KIAogPCEtLSBBQk9VVCBJVEVNIC3llYblk4Hjga7jgZTntLnku4stIC0tPgogICA8aDM+QUJPVVQgSVRFTSZuYnNwOyZuYnNwOy3llYblk4Hjga7jgZTntLnku4stPC9oMz4KICAgPGRpdiBjbGFzcz0iaXRlbV9kZXNjIj4KICAgICA8dGFibGU+CiAgICAgICA8dHI+PHRoPgogICAgICAgICA8IS0tIOODluODqeODs+ODieODreOCtOeUu+WDjyAtLT48aW1nIHNyYz0iaHR0cHM6Ly93d3cucmFrdXRlbi5uZS5qcC9nb2xkL2RlcmFkZXJhL2l0ZW0vbG9nby9tYXJpbmVsbGEuanBnIj4gICAgICAgPC90aD48dGQ+PHA+CuOCr+ODvOODq+ODn+ODs+ODiOOBleOCkuOCq+ODqeODvOOBqOODnOODvOODgOODvOOAgee3qOOBv+OBp+ihqOePvuOBl+OBn+OCouODvOODiOOBquS9nOWTgeOBp+OBmeOAggo8L3A+PC90ZD48L3RyPjwvdGFibGU+CiAgIDwvZGl2PgogICA8ZGl2IGNsYXNzPSJpdGVtX2Rlc2NfaW1nIGNsZWFyZml4Ij4KICAgICA8ZGl2IGNsYXNzPSJpdGVtX2Rlc2NfaW1nX2xlZnQiPjxwPgo8IS0tIOODoeOCpOODs+eUu+WDjzAxKDUwMHg2NjApIC0tPjxpbWcgc3JjPSJodHRwczovL2ltYWdlLnJha3V0ZW4uY28uanAvZGVyYWRlcmEvY2FiaW5ldC9kb3Jtb2hyL21pczg0Ny0wMDIuanBnIiB3aWR0aD0iNTAwIiBoZWlnaHQ9IjY2NiIgYWx0PSIiIGNsYXNzPSJkZXJhaW1nIj4KPC9wPjwvZGl2PjxkaXYgY2xhc3M9Iml0ZW1fZGVzY19pbWdfcmlnaHQiPjxwIGNsYXNzPSJtYjIwIj4KIDxpbWcgc3JjPSJodHRwczovL2ltYWdlLnJha3V0ZW4uY28uanAvZGVyYWRlcmEvY2FiaW5ldC9kb3Jtb2hyL21pczg0Ny0wMDJfYS5qcGciIHdpZHRoPSI0NzAiIGhlaWdodD0iMzIwIiBhbHQ9IiIgY2xhc3M9ImRlcmFpbWciPgogICAgIDwhLS0g44Oh44Kk44Oz55S75YOPMDIoNDcweDMyMCkgLS0+CiAgICAgPC9wPjxwPgogICAgIDwhLS0g44Oh44Kk44Oz55S75YOPMDMoNDcweDMyMCkgLS0+IDxpbWcgc3JjPSJodHRwczovL2ltYWdlLnJha3V0ZW4uY28uanAvZGVyYWRlcmEvY2FiaW5ldC9kb3Jtb2hyL21pczg0Ny0wMDJfYi5qcGciIHdpZHRoPSI0NzAiIGhlaWdodD0iMzIwIiBhbHQ9IiIgY2xhc3M9ImRlcmFpbWciPgogICAgIDwvcD48L2Rpdj48cCBjbGFzcz0iaXRlbS10ZXh0Ij4KMjAw5bm05Lul5LiK44KC44Gu5Lyd57Wx44KS5oyB44Gk5oSf5oCn6LGK44GL44Gq44Kk44K/44Oq44Ki6KO944OL44OD44OI44OW44Op44Oz44OJIERydW1vaHLvvIjjg4njg6vjg6LjgqLvvInjgYvjgonjgIE8YnI+CjIwMTblubTmmKXlpI/mlrDkvZzjg4vjg4Pjg4jjgr/jgqTjga5NSVM4MDDnlarjgr/jgqTjg5fjgII8YnI+CuODqeOCpOODiOOCsOODrOODvOOBqOOCsOODquODvOODs+OBqOOBhOOBhue1hOOBv+WQiOOCj+OBm+OCgueogOOBp+OBmeOBjOOAgee3qOOBv+aWueOBneOBruOCguOBruOCguODrOOCouOBo+OBveOBleOCkjxicj4K44GL44KC44GX5Ye644GX44Gm44GK44KK44CB5aSP44Go44GE44GG5a2j56+A5oSf44KS44OL44OD44OI44K/44Kk44Gn44KC6KGo54++44GX44Gm44GE44Gf44Gg44GR44KL5L2c5ZOB44CCPGJyPgrmnKzkvZzjga/jgIHpgI/jgZHjgovnt6jjgb/mqKHmp5jjgavjgabjgIHmnI3jgajlkIzjgZjjgojjgYbjgavlraPnr4DmhJ/jgpLmpb3jgZfjgoHjgb7jgZnjgII8YnI+CuWKoOOBiOOBpuOAgeaJh+OBruOCiOOBhuOBquWbs+W9oueahOOBquODkeOCv+ODvOODs+OAgeeri+S9k+eahOOBquaooeanmOe3qOOBv+OBq+WKoOOBiOOBn+S6i+OBp+OAgTxicj4K44Ko44Kt44K+44OB44OD44Kv44GV44GoMuiJsuODnOODvOODgOODvOOBqOOBhOOBhuWAi+aAp+OBjOmAo+mOluOAgee5i+OBjOOCi+OBqOOBhOOBhuaKgOOCkuimi+OBm+OBpuOBhOOBvuOBmeOAgjxicj4K5aWl44GM6YCP44GR44KL44GT44Go44KS5Yip55So44GX44Gm44CB54Sh5Zyw44Gg44GR44Gn44Gq44GP44CB6Imy5p+E44K344Oj44OE44KS5ZCI44KP44Gb44KL44Gq44Gp44CB6YeN44Gt5oqA44KC5qW944GX44KT44Gn6aCC44GR44G+44GZ44CCPGJyPgrjgqTjgr/jg6rjgqLjga7jgqjjg4Pjgrvjg7PjgrnjgpLlj5bjgorlhaXjgozjgIEg6auY44GE44Kv44Kq44Oq44OG44Kj44Gn44GC44KL44Oe44Oq44ON44OD44Op56S+44GM6KqH44KL5pyA6auY44Op44Oz44Kv44Gu44CM5omL5L2c44KK44CN5oSf44Go44CBPGJyPgrjg4njg6vjg6LjgqLjga7lvpfmhI/jgajjgZnjgovjg4jjg6zjg7Pjg4nmgKfjgpLlj5bjgorlhaXjgozjgZ/jg4/jgqTjgq/jgqrjg6rjg4bjgqPjgarjg4vjg4Pjg4joo73lk4HjgajjgZfjgaY8YnI+Cu+8kuekvuOBruaEj+awl+aKleWQiOOBleOBjOimi+OCieOCjOOCi+S9nOWTgeOBr+OAgeeJueWIpeOBquWwgueUqOODnOODg+OCr+OCueOBq+WFpeOCjOOBpuOBiuWxiuOBkeOBhOOBn+OBl+OBvuOBmeOAgjwvZGl2PgogPGRpdiBzdHlsZT0iY2xlYXI6Ym90aDsgbWFyZ2luLWJvdHRvbTo0MHB4OyBvdmVyZmxvdzpoaWRkZW47Ij48L2Rpdj4KIDwhLS0gLy9BQk9VVCBJVEVNIC3llYblk4Hjga7jgZTntLnku4stIC0tPgogCiA8IS0tIERFVEFJTCAt44Ku44Oj44Op44Oq44O8LSAtLT4KICAgPGgzPkRFVEFJTCZuYnNwOyZuYnNwOy3jgq7jg6Pjg6njg6rjg7wtPC9oMz4KICAgPGRpdiBjbGFzcz0ibWI0MCI+CiAgIDwhLS0g44Ku44Oj44Op44Oq44O844CA44K544Op44Kk44OA44O8aWZyYW1l5ZG844Gz5Ye644GXIC0tPgogICAgIDxpZnJhbWUgc3JjPSJodHRwczovL3d3dy5yYWt1dGVuLm5lLmpwL2dvbGQvZGVyYWRlcmEvaXRlbS9taXM4NDctMDAyLmh0bWwiIHdpZHRoPSIxMDAwIiBoZWlnaHQ9IjY1OCIgc2Nyb2xsaW5nPSJubyIgZnJhbWVib3JkZXI9IjAiID48L2lmcmFtZT4KICAgPC9kaXY+CiA8IS0tIC8vREVUQUlMIC3jgq7jg6Pjg6njg6rjg7wtIC0tPgogCiA8IS0tIEFCT1VUIEJSQU5EIC3jg5bjg6njg7Pjg4njgavjgaTjgYTjgaYtIC0tPgogICA8aDM+QUJPVVQgQlJBTkQmbmJzcDsmbmJzcDst44OW44Op44Oz44OJ44Gr44Gk44GE44GmLTwvaDM+CiAgIDxwIGNsYXNzPSJhYm91dC1ibGFuZF90ZXh0Ij4KIDxhIGhyZWY9Imh0dHBzOi8vd3d3LnJha3V0ZW4ubmUuanAvZ29sZC9kZXJhZGVyYS9icmFuZC9kcnVtb2hyLmh0bWwiPkRydW1vaHI8L2E+PGJyPkRydW1vaHLigKbjgIzkuJbnlYzmnIDlj6Tjga7jg4vjg4Pjg4jjg5bjg6njg7Pjg4njgI3jgajoqIDjgo/jgozjgovjgIExNzcz5bm044Gr44K544Kz44OD44OI44Op44Oz44OJ44Gn6Kit56uL44GV44KM44Gf44OW44Op44Oz44OJ44CCPGJyPgrjgqTjgr/jg6rjgqLjga7jgqjjg4Pjgrvjg7PjgrnjgpLlj5bjgorlhaXjgozjgIEg6auY44GE44Kv44Kq44Oq44OG44Kj44Gv44Gd44Gu44G+44G+44Gr44CB44OI44Os44Oz44OJ44KC55ub44KK6L6844KT44Gg6a2F5Yqb55qE44Gq6KO95ZOB44KS55Sf44G/5Ye644GX44Gm44GE44G+44GZ44CCIDxicj4KPGJyPgpFLk1BUklORUxMQeKApuODmeODq+ODq+OCueOCs+ODvOODi+mmluebuOOBquOBqeattOS7o+OBruOCpOOCv+ODquOCouWkp+e1semgmOOCkuOBr+OBmOOCgeOAgeOCquODkOODnuawj+OChOOCteODq+OCs+OCuOawj+OAgTxicj4K44Ki44Oh44Oq44Kr44KE44OV44Op44Oz44K544Gu5aSn57Wx6aCY44Gr44KC5oSb55So44GV44KM44Gm44GE44KL44CBRS5NYXJpbmVsbGEgTmFwb2xp44Gu44ON44Kv44K/44Kk44CCPGJyPgrlibXmpa3lvZPmmYLjgYvjgonkvb/jgYboi7Hlm73nlKPjgrfjg6vjgq/jgYzkurrmsJfjga7np5jlr4bjgIIgPC9wPgogIDxoND7jgZ3jga7ku5bjga7jg5bjg6njg7Pjg4k8L2g0PjxkaXYgY2xhc3M9Im90aGVyX2JyYW5kIj48YSBocmVmPSJodHRwczovL3d3dy5yYWt1dGVuLm5lLmpwL2dvbGQvZGVyYWRlcmEvYnJhbmQvZHJ1bW9oci5odG1sIj7jg4njg6vjg6LjgqI8L2E+CjxhIGhyZWY9Imh0dHBzOi8vd3d3LnJha3V0ZW4ubmUuanAvZ29sZC9kZXJhZGVyYS9icmFuZC9mZXJydWNjaS5odG1sIj5GRVJSVUNDSTwvYT4KPGEgaHJlZj0iaHR0cHM6Ly93d3cucmFrdXRlbi5uZS5qcC9nb2xkL2RlcmFkZXJhL2JyYW5kL2pvaG5fc21lZGxleS5odG1sIj7jgrjjg6fjg7Pjgrnjg6Hjg4njg6zjg7w8L2E+CjxhIGhyZWY9Imh0dHBzOi8vd3d3LnJha3V0ZW4ubmUuanAvZ29sZC9kZXJhZGVyYS9icmFuZC9iYXJiYS5odG1sIj5CQVJCQTwvYT4KPGEgaHJlZj0iaHR0cHM6Ly93d3cucmFrdXRlbi5uZS5qcC9nb2xkL2RlcmFkZXJhL2JyYW5kL2ZpbmFtb3JlLmh0bWwiPuODleOCo+ODiuODouODrDwvYT48L2Rpdj4KICAgPHAgY2xhc3M9Im90aGVyX2JyYW5kX2FsbCI+IDxhIGhyZWY9Imh0dHBzOi8vaXRlbS5yYWt1dGVuLmNvLmpwL2RlcmFkZXJhL2MvMDAwMDAwMDQ4Ni8iPuODluODqeODs+ODieS4gOimp+OCkuimi+OCi+KGkiA8L2E+PC9wPiA8IS0tIEFCT1VUIEJSQU5EIC3jg5bjg6njg7Pjg4njgavjgaTjgYTjgaYtIC0tPgoKPCEtLSBTVFlMSU5HIFNBTVBMRSAt44K544K/44Kk44Oq44Oz44KwLSAtLT4KICAgPGgzPlNUWUxJTkcgU0FNUExFJm5ic3A7Jm5ic3A7LeOCueOCv+OCpOODquODs+OCsC08L2gzPgogICA8ZGl2IGNsYXNzPSJzdHlsaW5nIGNsZWFyZml4Ij4KICAgICA8ZGl2IGNsYXNzPSJzdHlsaW5nX2xlZnQiPjxwPgogICAgICAgCjwhLS0g44K544K/44Kk44Oq44Oz44Kw44Oh44Kk44Oz55S75YOPKDU1MHg2NTApIC0tPgo8aW1nIHNyYz0iaHR0cHM6Ly9pbWFnZS5yYWt1dGVuLmNvLmpwL2RlcmFkZXJhL2NhYmluZXQvZG9ybW9oci9taXM4NDctMDAyXzAuanBnIiB3aWR0aD0iNTUwIiBoZWlnaHQ9IjY1MCIgYWx0PSIiPgogICAgIDwvcD48L2Rpdj48IS0tLy9zdHlsaW5nX2xlZnQtLT4KICAgICAKICAgICAKICAgICA8ZGl2IGNsYXNzPSJzdHlsaW5nX3JpZ2h0Ij4KICAgICAgIDxoNT7jgrnjgr/jgqTjg6rjg7PjgrDjgqLjgqTjg4bjg6A8L2g1PgogICAgICAgCiAgICAgICAKPHVsIGNsYXNzPSJiYXNpY0xpc3QiPjxsaSBjbGFzcz0iY2xlYXJmaXgiPgogICA8YSBocmVmPSJodHRwczovL2l0ZW0ucmFrdXRlbi5jby5qcC9kZXJhZGVyYS9lYzkwM3YtNDg1NjYtMy8iIGNsYXNzPSJjZiI+PGRpdiBjbGFzcz0iaW1nIj4KIDxpbWcgc3JjPSJodHRwczovL2ltYWdlLnJha3V0ZW4uY28uanAvZGVyYWRlcmEvY2FiaW5ldC9zZWxlY3Q0L2VjOTAzdi00ODU2Ni0zLmpwZyIgIHdpZHRoPSIxMDAiIGhlaWdodD0iMTM1IiBhbHQ9IiI+CiA8L2Rpdj48ZGl2IGNsYXNzPSJ0ZXh0Ij4KPHA+TEFSRElOSTxicj4tRUFTWS08YnI+44Kz44OD44OI44Oz77yG44K344Or44Kv5qih5qeY57mU44KK44CA44OZ44O844K444Ol77yG44OW44Op44Km44OzPC9wPiAKICAgICAgICAgICAgIDxwIGNsYXNzPSJidG4iPiDllYblk4HjgpLopovjgosmZ3Q7Jmd0OyA8L3A+CiAgICAgICAgIDwvZGl2PjwvYT4KICA8L2xpPgogICAgICAgICAgICAgICAgICAKICAgICAgICAgICAgICAgICAgCjxsaSBjbGFzcz0iY2xlYXJmaXgiPgogPGEgaHJlZj0iaHR0cHM6Ly9pdGVtLnJha3V0ZW4uY28uanAvZGVyYWRlcmEvZWM3NzAyNy00ODU2Ni0zLyIgY2xhc3M9ImNmIj48ZGl2IGNsYXNzPSJpbWciPgogPGltZyBzcmM9Imh0dHBzOi8vaW1hZ2UucmFrdXRlbi5jby5qcC9kZXJhZGVyYS9jYWJpbmV0L3NlbGVjdDQvZWM3NzAyNy00ODU2Ni0zLmpwZyIgIHdpZHRoPSIxMDAiIGhlaWdodD0iMTM1IiBhbHQ9IiI+CiA8L2Rpdj48ZGl2IGNsYXNzPSJ0ZXh0Ij4KIDxwPkxBUkRJTkk8YnI+LURST1AgUkVHLTxicj7nt4/mn4Tjg4vjg4Pjg4jjgafmn5TjgonjgYvjgY/jgIDjg5njg7zjgrjjg6XvvIbjg5bjg6njgqbjg7M8L3A+IAogICAgICAgICAgICAgPHAgY2xhc3M9ImJ0biI+IOWVhuWTgeOCkuimi+OCiyZndDsmZ3Q7IDwvcD4KICAgICAgICAgPC9kaXY+PC9hPiA8L2xpPgogICAgICAgICAgICAgICAgICAKICAgICAgICAgICAgICAgICAgCjxsaSBjbGFzcz0iY2xlYXJmaXgiPgogICAgICAgPGEgaHJlZj0iaHR0cHM6Ly9pdGVtLnJha3V0ZW4uY28uanAvZGVyYWRlcmEvbWlzODQ3LTAwMi8iIGNsYXNzPSJjZiI+PGRpdiBjbGFzcz0iaW1nIj4KIDxpbWcgc3JjPSJodHRwczovL2ltYWdlLnJha3V0ZW4uY28uanAvZGVyYWRlcmEvY2FiaW5ldC9kb3Jtb2hyL21pczg0Ny0wMDIuanBnIiAgd2lkdGg9IjEwMCIgaGVpZ2h0PSIxMzUiIGFsdD0iIj4KIDwvZGl2PjxkaXYgY2xhc3M9InRleHQiPgogPHA+RS5NYXJpbmVsbGE8YnI+LWZvciBEcnVtb2hyLTxicj4y6Imy44Oc44O844OA44O844OL44OD44OI44K/44Kk44CA44Op44Kk44OI44Kw44Os44O8w5fjgrDjg6rjg7zjg7M8L3A+CiAgICAgICAgICAgICA8cCBjbGFzcz0iYnRuIj4g5ZWG5ZOB44KS6KaL44KLJmd0OyZndDsgPC9wPgogICAgICAgICA8L2Rpdj48L2E+CiA8L2xpPgogICAgICAgICAgICAgICAgICAKICAgICAgICAgICAgICAgICAgCjxsaSBjbGFzcz0iY2xlYXJmaXgiPgogICAgICA8YSBocmVmPSJodHRwczovL2l0ZW0ucmFrdXRlbi5jby5qcC9kZXJhZGVyYS9tejY1LWNwZDducy0wMDYwLyIgY2xhc3M9ImNmIj48ZGl2IGNsYXNzPSJpbWciPgogPGltZyBzcmM9Imh0dHBzOi8vaW1hZ2UucmFrdXRlbi5jby5qcC9kZXJhZGVyYS9jYWJpbmV0L3B0L216NjUtMDA2MC1jcGQ3bnMuanBnIiAgd2lkdGg9IjEwMCIgaGVpZ2h0PSIxMzUiIGFsdD0iIj4KIDwvZGl2PjxkaXYgY2xhc3M9InRleHQiPgogPHA+UFQwMTxicj4tU0FOIEJMQVMtPGJyPua2vOOBl+OBj+S8uOe4ruOBmeOCi+ODiOODreODlOOCq+ODq+OCpuODvOODq+OAgOODmeODvOOCuOODpTwvcD4KICAgICAgICAgICAgIDxwIGNsYXNzPSJidG4iPiDllYblk4HjgpLopovjgosmZ3Q7Jmd0OyA8L3A+CiAgICAgICAgIDwvZGl2PjwvYT4gPC9saT4KICAgICAgICAgCgo8L3VsPgogICAgIDwvZGl2PjwhLS0vL3N0eWxpbmdfcmlnaHQtLT48L2Rpdj4KCjwvZGl2PjwhLS1pLXdyYXBwZXItLT48YnI+Cjxicj4KPHA+PGltZyBzcmM9Imh0dHBzOi8vaW1hZ2UucmFrdXRlbi5jby5qcC9kZXJhZGVyYS9jYWJpbmV0L3Rlc3QvYXd0ZXN0X2NvbG9yci5qcGciIGJvcmRlcj0iMCI+PC9wPjx0YWJsZSBjZWxscGFkZGluZz0iMTAiIGNlbGxzcGFjaW5nPSIwIj48dGJvZHk+PHRyPgo8dGQgYWxpZ249ImNlbnRlciI+CjxpbWcgc3JjPSJodHRwczovL2ltYWdlLnJha3V0ZW4uY28uanAvZGVyYWRlcmEvY2FiaW5ldC9kb3Jtb2hyL21pczg0Ny0wMDFfMy5qcGciIGJvcmRlcj0iMCIgd2lkdGg9IjIwMCI+PGJyPgrjg5zjg6vjg4njg7zDl+ODjeOCpOODk+ODvDwvdGQ+Cjx0ZCBhbGlnbj0iY2VudGVyIj4KPGltZyBzcmM9Imh0dHBzOi8vaW1hZ2UucmFrdXRlbi5jby5qcC9kZXJhZGVyYS9jYWJpbmV0L2Rvcm1vaHIvbWlzODQ3LTAwMl8zLmpwZyIgYm9yZGVyPSIwIiB3aWR0aD0iMjAwIj48YnI+CuODqeOCpOODiOOCsOODrOODvMOX44Kw44Oq44O844OzPC90ZD4KCjwvdHI+Cjx0cj4KPHRkIGFsaWduPSJjZW50ZXIiPgo8aW1nIHNyYz0iaHR0cHM6Ly9pbWFnZS5yYWt1dGVuLmNvLmpwL2RlcmFkZXJhL2NhYmluZXQvZG9ybW9oci9taXM4NDctMDAzXzMuanBnIiBib3JkZXI9IjAiIHdpZHRoPSIyMDAiPjxicj4K44K144OD44Kv44K544OW44Or44O8w5fjg5bjg6vjg7w8L3RkPgo8dGQgYWxpZ249ImNlbnRlciI+CjxpbWcgc3JjPSJodHRwczovL2ltYWdlLnJha3V0ZW4uY28uanAvZGVyYWRlcmEvY2FiaW5ldC9kb3Jtb2hyL21pczg0Ny0wMDRfMy5qcGciIGJvcmRlcj0iMCIgd2lkdGg9IjIwMCI+PGJyPgrjg5bjg6njg4Pjgq/Dl+ODmeODvOOCuOODpTwvdGQ+Cgo8L3RyPgogPC90Ym9keT48L3RhYmxlPgoKPHA+PGltZyBzcmM9Imh0dHBzOi8vaW1hZ2UucmFrdXRlbi5jby5qcC9kZXJhZGVyYS9jYWJpbmV0L3Rlc3QvYXd0ZXN0X3Nob3VzYWlyLmpwZyIgYm9yZGVyPSIwIj48L3A+PHRhYmxlIGJnY29sb3I9IiM2NjY2NjYiIGJvcmRlcj0iMCIgY2VsbHBhZGRpbmc9IjUiIGNlbGxzcGFjaW5nPSIxIj48dGJvZHk+PHRyIGJnY29sb3I9IiNmZmZmZmYiPjx0ZD48Yj7jg5bjg6njg7Pjg4k8L2I+PC90ZD4KIDx0ZD48Zm9udCBzaXplPSItMSI+44OJ44Or44Oi44KiPGJyPkRydW1vaHI8L3RkPgo8L3RyPjx0ciBiZ2NvbG9yPSIjZmZmZmZmIj48dGQ+PGI+44Kr44Op44O8PC9iPjwvdGQ+CiA8dGQ+PGZvbnQgc2l6ZT0iLTEiPuODqeOCpOODiOOCsOODrOODvMOX44Kw44Oq44O844OzPC90ZD4KPC90cj4KPHRyIGJnY29sb3I9IiNmZmZmZmYiPjx0ZD48Yj7ntKDmnZA8L2I+PC90ZD4KIDx0ZD48Zm9udCBzaXplPSItMSI+44K344Or44KvMTAw77yFPC90ZD4KPC90cj4KPHRyIGJnY29sb3I9IiNmZmZmZmYiPjx0ZD48Yj7ku5Xmp5g8L2I+PC90ZD4KIDx0ZD48Zm9udCBzaXplPSItMSI+CuWwgueUqOODnOODg+OCr+OCuTxicj4KTUFERSBJTiBJVEFMWTwvdGQ+CjwvdHI+CjwvdGJvZHk+PC90YWJsZT4KPGJyPiA8YnI+PHA+PGltZyBzcmM9Imh0dHBzOi8vaW1hZ2UucmFrdXRlbi5jby5qcC9kZXJhZGVyYS9jYWJpbmV0L3Rlc3QvYXd0ZXN0X3NwZWNyLmpwZyIgYm9yZGVyPSIwIj48L3A+Cjx0YWJsZSBiZ2NvbG9yPSIjNjY2NjY2IiBib3JkZXI9IjAiIGNlbGxwYWRkaW5nPSIxMCIgY2VsbHNwYWNpbmc9IjEiPgogPHRyIGJnY29sb3I9IiNmZmZmZmYiPjx0ZD48Yj48L2I+PC90ZD48dGQ+PGI+5YWo6ZW3PC9iPjwvdGQ+Cjx0ZD48Yj7lpKfliaM8L2I+PC90ZD4KPHRkPjxiPuWwj+WJozwvYj48L3RkPgo8L3RyPgogPHRyIGJnY29sb3I9IiNmZmZmZmYiPiA8dGQ+PGI+44Ov44Oz44K144Kk44K6PC9iPjwvdGQ+Cjx0ZD4xNDBjbTwvdGQ+Cjx0ZD42Y20gPC90ZD4KPHRkPjVjbSA8L3RkPgo8L3RyPgoKIDwvdGFibGU+Cgo8YnI+Cjxicj4KPGJyPgo8YnI+CuODuyDmjqHlr7jmlrnms5XjgavjgaTjgYTjgabjga/jgIDjgrPjg4Hjg6kg44KS44GU56K66KqN44GP44Gg44GV44GE44G+44Gb44CCPGJyPgrjg7sg5byK56S+44Op44OD44OU44Oz44Kw44Gr44Gk44GN44G+44GX44Gm44Gv44Kz44OB44Op44GL44KJ44GU56K66KqN44GE44Gf44Gg44GR44G+44GZ44CCPGJyPgrjg7sg5a6f54mp44KS5be75bC644Gn5o6h5a+444GX44Gm44Gu5bmz5Z2H5YCk44Gn44GZ44CC5pWw5YCk44Gu6Iul5bmy44Gu6Kqk5beu44Gv44GU5a656LWm44GP44Gg44GV44GE44CC44GK5omL5oyB44Gh44Gu44Ki44Kk44OG44Og44Go44Gu44GU5q+U6LyD44Gr44GU5Yip55So44GP44Gg44GV44GE44G+44Gb44CCPGJyPgrjg7sg5bqX6aCt44Gn44KC6LKp5aOy44GV44Gb44Gm44GE44Gf44Gg44GE44Gm44GK44KK44G+44GZ44Gu44Gn44CB5aOy44KK6YGV44GE44Gu6Zqb44Gv44GU5a656LWm6aGY44GE44G+44GZ44CCPGJyPgo8YnI+Cjxicj4KPGJyPgo8YnI+Cjxicj4K44Gd44Gu44G744GL44CA44OJ44Or44Oi44Ki44CA44Gv44CA44GT44Gh44KJ44GL44KJPGJyPgo8aW1nIHNyYz0iaHR0cHM6Ly9pbWFnZS5yYWt1dGVuLmNvLmpwL2RlcmFkZXJhL2NhYmluZXQvYW5jaG9yL2FuY2hvcl9kcnUuanBnIiBib3JkZXI9IjAiPjxsaW5rIGhyZWY9Imh0dHBzOi8vd3d3LnJha3V0ZW4ubmUuanAvZ29sZC9kZXJhZGVyYS9pdGVtL2l0ZW0yLmNzcyIgcmVsPSJzdHlsZXNoZWV0IiB0eXBlPSJ0ZXh0L2NzcyI+CjxsaW5rIGhyZWY9Imh0dHBzOi8vd3d3LnJha3V0ZW4ubmUuanAvZ29sZC9kZXJhZGVyYS9ibnJfaWUuY3NzIiByZWw9InN0eWxlc2hlZXQiIHR5cGU9InRleHQvY3NzIj4KCgoKPHN0eWxlIFRZUEU9InRleHQvY3NzIj4KCi8qIOe0jeacn+aDheWgsSAqLwoKdGQuaW52ZW50b3J5IGZvbnR7Zm9udC1zaXplOjEwcHg7Y29sb3I6IzY2NjY2Njt9CnRkLmludmVudG9yeXt3b3JkLXdyYXA6YnJlYWstd29yZDt3aWR0aDo4MHB4O30KCgovKiByaWdodCBmaXhkICovCgoKZGl2I3JjX3JpZ2h0QXJlYXsKCXBvc2l0aW9uOiBmaXhlZDsKCXRvcDogMTgwcHg7CglyaWdodDogMHB4OwoJdGV4dC1pbmRlbnQ6LTk5OTNweDsKCWRpc3BsYXk6YmxvY2s7Cn0KCmRpdiNyY19yaWdodEFyZWEyewoJcG9zaXRpb246IGZpeGVkOwoJdG9wOiAzMDBweDsKCXJpZ2h0OiAwcHg7Cgl0ZXh0LWluZGVudDotOTk5M3B4OwoJZGlzcGxheTpibG9jazsKfQoKZGl2I3JjX3JpZ2h0QXJlYTN7Cglwb3NpdGlvbjogZml4ZWQ7Cgl0b3A6IDQyMHB4OwoJcmlnaHQ6IDBweDsKCXRleHQtaW5kZW50Oi05OTkzcHg7CglkaXNwbGF5OmJsb2NrOwp9CgpkaXYjcmNfcmlnaHRBcmVhNHsKCXBvc2l0aW9uOiBmaXhlZDsKCXRvcDogNTQwcHg7CglyaWdodDogMHB4OwoJdGV4dC1pbmRlbnQ6LTk5OTNweDsKCWRpc3BsYXk6YmxvY2s7Cn0KCmRpdiNyY19yaWdodEFyZWEgLnJjX3JpZ2h0ICwKZGl2I3JjX3JpZ2h0QXJlYTIgLnJjX3JpZ2h0MiAsCmRpdiNyY19yaWdodEFyZWEzIC5yY19yaWdodDMgLApkaXYjcmNfcmlnaHRBcmVhNCAucmNfcmlnaHQ0IHsKCW91dGxpbmU6bm9uZTsKCWRpc3BsYXk6IGJsb2NrOwoJcG9zaXRpb246IHJlbGF0aXZlOwoJd2lkdGg6MTAwcHg7CgloZWlnaHQ6MTAwcHg7CglsZWZ0OjBweDsKCXotaW5kZXg6OTk5OHB4Owp9CgoKCmRpdiNyY19yaWdodEFyZWEgLnJjX3JpZ2h0ewoJYmFja2dyb3VuZDogdXJsKCJodHRwczovL2ltYWdlLnJha3V0ZW4uY28uanAvZGVyYWRlcmEvY2FiaW5ldC90aXRsZS9uZXdwaWtvMDYwMXJfMS5qcGciKSBuby1yZXBlYXQgc2Nyb2xsIDAgMCB0cmFuc3BhcmVudDsgIAp9CgpkaXYjcmNfcmlnaHRBcmVhMiAucmNfcmlnaHQyewoJYmFja2dyb3VuZDogdXJsKCJodHRwczovL2ltYWdlLnJha3V0ZW4uY28uanAvZGVyYWRlcmEvY2FiaW5ldC90aXRsZS9uZXdwaWtvbmV3XzAuanBnIikgbm8tcmVwZWF0IHNjcm9sbCAwIDAgdHJhbnNwYXJlbnQ7ICAKfQoKZGl2I3JjX3JpZ2h0QXJlYTMgLnJjX3JpZ2h0M3sKCWJhY2tncm91bmQ6IHVybCgiaHR0cHM6Ly9pbWFnZS5yYWt1dGVuLmNvLmpwL2RlcmFkZXJhL2NhYmluZXQvaHRtbG1haWw0L25ld3Bpa29fM3IuanBnIikgbm8tcmVwZWF0IHNjcm9sbCAwIDAgdHJhbnNwYXJlbnQ7Cn0KCmRpdiNyY19yaWdodEFyZWE0IC5yY19yaWdodDR7CgliYWNrZ3JvdW5kOiB1cmwoImh0dHBzOi8vaW1hZ2UucmFrdXRlbi5jby5qcC9kZXJhZGVyYS9jYWJpbmV0L2h0bWxtYWlsNC9uZXdwaWtvXzRyLmpwZyIpIG5vLXJlcGVhdCBzY3JvbGwgMCAwIHRyYW5zcGFyZW50Owp9CgoKZGl2I3JjX3JpZ2h0QXJlYSAucmNfcmlnaHQ6aG92ZXIgLApkaXYjcmNfcmlnaHRBcmVhMiAucmNfcmlnaHQyOmhvdmVyICwKZGl2I3JjX3JpZ2h0QXJlYTMgLnJjX3JpZ2h0Mzpob3ZlciAsCmRpdiNyY19yaWdodEFyZWE0IC5yY19yaWdodDQ6aG92ZXIgewoJYmFja2dyb3VuZC1wb3NpdGlvbjowcHggMHB4OyB3aWR0aDoxMDBweDsKICBvcGFjaXR5OiAwLjc7CiAgZmlsdGVyOiBhbHBoYShvcGFjaXR5PTcwKTsKICAtbXMtZmlsdGVyOiAiYWxwaGEob3BhY2l0eT03MCkiOwp9Cn0KCmJvZHk6e2ZvbnQtZmFtaWx5OiBBdmVuaXIgLCAiT3BlbiBTYW5zIiAsICJIZWx2ZXRpY2EgTmV1ZSIgLCBIZWx2ZXRpY2EgLCBBcmlhbCAsIFZlcmRhbmEgLCBSb2JvdG8gLCAi5ri444K044K344OD44KvIiAsICJZdSBHb3RoaWMiICwgIua4uOOCtOOCt+ODg+OCr+S9kyIgLCAiWXVHb3RoaWMiICwgIuODkuODqeOCruODjuinkuOCtCBQcm8gVzMiICwgIkhpcmFnaW5vIEtha3UgR290aGljIFBybyIgLCAiTWVpcnlvIFVJIiAsICLjg6HjgqTjg6rjgqoiICwgTWVpcnlvICwgIu+8re+8syDvvLDjgrTjgrfjg4Pjgq8iICwgIk1TIFBHb3RoaWMiICwgc2Fucy1zZXJpZiAhaW1wb3J0YW50Owp9CgotLT4KPC9zdHlsZT4KCjxsaW5rIHJlbD0ic3R5bGVzaGVldCIgbWVkaWE9Im9ubHkgc2NyZWVuIGFuZCAobWF4LWRldmljZS13aWR0aDogMTAyNHB4KSIgaHJlZj0iaHR0cHM6Ly93d3cucmFrdXRlbi5uZS5qcC9nb2xkL2RlcmFkZXJhL2Nzcy9pcGFkLmNzcyIgdHlwZT0idGV4dC9jc3MiIC8+CjxsaW5rIG1lZGlhPSJvbmx5IHNjcmVlbiBhbmQgKG1heC1kZXZpY2Utd2lkdGg6IDQ4MHB4KSIgaHJlZj0iaHR0cHM6Ly93d3cucmFrdXRlbi5uZS5qcC9nb2xkL2RlcmFkZXJhL2Nzcy9pcGFkLmNzcyIgdHlwZT0idGV4dC9jc3MiIHJlbD0ic3R5bGVzaGVldCIgLz4KCjxkaXYgaWQ9InJjX3JpZ2h0QXJlYSI+Cgkx44Gu44OQ44OK44O8CjwvZGl2Pgo8ZGl2IGlkPSJyY19yaWdodEFyZWEyIj4KCTLjga7jg5Djg4rjg7wKPC9kaXY+CjxkaXYgaWQ9InJjX3JpZ2h0QXJlYTMiPgoJM+OBruODkOODiuODvAo8L2Rpdj4KPGRpdiBpZD0icmNfcmlnaHRBcmVhNCI+Cgk044Gu44OQ44OK44O8CjwvZGl2Pg==,44CQNjXlkajlubTjgrvjg7zjg6vjgJHjg57jg6rjg43jg4Pjg6kg44OK44Od44OqIGZvciDjg4njg6vjg6LjgqLjgIDjgIDjg6njgqTjg4jjgrDjg6zjg7wmdGltZXM744Kw44Oq44O844OzLzLoibLjg5zjg7zjg4Djg7zjgafjgrvjgq/jgrfjg7zjgZXjgpLjg6Ljg4Djg7Pjgavku5Xnq4vjgabjgZ/jg6zjg7zjgrnnt6jjgb/jgrXjg57jg7zjg4vjg4Pjg4jjgr/jgqTjgIDjg43jgq/jgr/jgqTvvJrjgqTjg7Pjg53jg7zjg4jjgrvjg6zjgq/jg4hTSE9Q44Gn44KJ44Gn44KJ,44Gn44KJ44Gn44KJ44Kq44Ot44OT44Ki44Oz44Kz44K/44OI44Op44K544OR44Op44OW44O844OE44OV44Kj44OK44Oi44Os44K744Os44Kv44OI44K344On44OD44OX44CQNjXlkajlubTjgrvjg7zjg6vjgJHjg57jg6rjg43jg4Pjg6kg44OK44Od44OqIGZvciDjg4njg6vjg6LjgqLjgIDjgIDjg6njgqTjg4jjgrDjg6zjg7wmdGltZXM744Kw44Oq44O844OzLzLoibLjg5zjg7zjg4Djg7zjgafjgrvjgq/jgrfjg7zjgZXjgpLjg6Ljg4Djg7Pjgavku5Xnq4vjgabjgZ/jg6zjg7zjgrnnt6jjgb/jgrXjg57jg7zjg4vjg4Pjg4jjgr/jgqTjgIDjg43jgq/jgr/jgqQ=,44Oe44Oq44ON44OD44OpICDjg4njg6vjg6LjgqIg44Oc44O844OA44O8IOODrOODvOOCuSDjgrfjg6vjgq/jg4vjg4Pjg4jjgr/jgqTjgILjgJA2NeWRqOW5tOOCu+ODvOODq+OAkeODnuODquODjeODg+ODqSDjg4rjg53jg6ogZm9yIOODieODq+ODouOCouOAgOOAgOODqeOCpOODiOOCsOODrOODvCZ0aW1lczvjgrDjg6rjg7zjg7MvMuiJsuODnOODvOODgOODvOOBp+OCu+OCr+OCt+ODvOOBleOCkuODouODgOODs+OBq+S7leeri+OBpuOBn+ODrOODvOOCuee3qOOBv+OCteODnuODvOODi+ODg+ODiOOCv+OCpOOAgOODjeOCr+OCv+OCpA==[rn]
39-76504,aHR0cDovL3RzaG9wLnIxMHMuanAvZGVyYWRlcmEvY2FiaW5ldC9kb3Jtb2hyL21pczg0Ny0wMDEuanBnP2ZpdGluPTcwMDo3MDA=,MTEwNTkuMjAwMA==,,44OQ44OD44Kw44O75bCP54mp44O744OW44Op44Oz44OJ6ZuR6LKoID4g44K544O844OE55So44OV44Kh44OD44K344On44Oz5bCP54mpID4g44ON44Kv44K/44Kk,44CQNjXlkajlubTjgrvjg7zjg6vjgJHjg57jg6rjg43jg4Pjg6kg44OK44Od44OqIGZvciDjg4njg6vjg6LjgqLjgIDjgIDjg5zjg6vjg4njg7zDl+ODjeOCpOODk+ODvOODnOODvOODgOODvC/jgrvjgq/jgrfjg7zjgafmtrzjgZfjgZLjgarjg6zjg7zjgrnnt6jjgb/jgajmqKrnuJ7jgqvjg6njg7zjga7jgrXjg57jg7zjg4vjg4Pjg4jjgr/jgqTjgIDjg43jgq/jgr/jgqQ=,44Oe44Oq44ON44OD44OpICDjg4njg6vjg6LjgqIg44OJ44OD44OIIOODrOODvOOCuSDjgrfjg6vjgq/jg4vjg4Pjg4jjgr/jgqQ=,PGRpdiBjbGFzcz0iaS13cmFwcGVyIj4KIAogPCEtLSBBQk9VVCBJVEVNIC3llYblk4Hjga7jgZTntLnku4stIC0tPgogICA8aDM+QUJPVVQgSVRFTSZuYnNwOyZuYnNwOy3llYblk4Hjga7jgZTntLnku4stPC9oMz4KICAgPGRpdiBjbGFzcz0iaXRlbV9kZXNjIj4KICAgICA8dGFibGU+CiAgICAgICA8dHI+PHRoPgogICAgICAgICA8IS0tIOODluODqeODs+ODieODreOCtOeUu+WDjyAtLT48aW1nIHNyYz0iaHR0cHM6Ly93d3cucmFrdXRlbi5uZS5qcC9nb2xkL2RlcmFkZXJhL2l0ZW0vbG9nby9tYXJpbmVsbGEuanBnIj4gICAgICAgPC90aD48dGQ+PHA+CumAj+OBkeOBrualteOBv+OBp+S5meWls+W/g+OCkuaOtOOCgOODrOODvOOCuee3qOOBv+OCv+OCpOODl+OBruODi+ODg+ODiOOCv+OCpOOAggo8L3A+PC90ZD48L3RyPjwvdGFibGU+CiAgIDwvZGl2PgogICA8ZGl2IGNsYXNzPSJpdGVtX2Rlc2NfaW1nIGNsZWFyZml4Ij4KICAgICA8ZGl2IGNsYXNzPSJpdGVtX2Rlc2NfaW1nX2xlZnQiPjxwPgo8IS0tIOODoeOCpOODs+eUu+WDjzAxKDUwMHg2NjApIC0tPjxpbWcgc3JjPSJodHRwczovL2ltYWdlLnJha3V0ZW4uY28uanAvZGVyYWRlcmEvY2FiaW5ldC9kb3Jtb2hyL21pczg0Ny0wMDEuanBnIiB3aWR0aD0iNTAwIiBoZWlnaHQ9IjY2NiIgYWx0PSIiIGNsYXNzPSJkZXJhaW1nIj4KPC9wPjwvZGl2PjxkaXYgY2xhc3M9Iml0ZW1fZGVzY19pbWdfcmlnaHQiPjxwIGNsYXNzPSJtYjIwIj4KIDxpbWcgc3JjPSJodHRwczovL2ltYWdlLnJha3V0ZW4uY28uanAvZGVyYWRlcmEvY2FiaW5ldC9kb3Jtb2hyL21pczg0Ny0wMDFfYS5qcGciIHdpZHRoPSI0NzAiIGhlaWdodD0iMzIwIiBhbHQ9IiIgY2xhc3M9ImRlcmFpbWciPgogICAgIDwhLS0g44Oh44Kk44Oz55S75YOPMDIoNDcweDMyMCkgLS0+CiAgICAgPC9wPjxwPgogICAgIDwhLS0g44Oh44Kk44Oz55S75YOPMDMoNDcweDMyMCkgLS0+IDxpbWcgc3JjPSJodHRwczovL2ltYWdlLnJha3V0ZW4uY28uanAvZGVyYWRlcmEvY2FiaW5ldC9kb3Jtb2hyL21pczg0Ny0wMDFfYi5qcGciIHdpZHRoPSI0NzAiIGhlaWdodD0iMzIwIiBhbHQ9IiIgY2xhc3M9ImRlcmFpbWciPgogICAgIDwvcD48L2Rpdj48cCBjbGFzcz0iaXRlbS10ZXh0Ij4KMjAw5bm05Lul5LiK44KC44Gu5Lyd57Wx44KS5oyB44Gk5oSf5oCn6LGK44GL44Gq44Kk44K/44Oq44Ki6KO944OL44OD44OI44OW44Op44Oz44OJIERydW1vaHLvvIjjg4njg6vjg6LjgqLvvInjgYvjgonjgIE8YnI+CjIwMTblubTmmKXlpI/mlrDkvZzjg4vjg4Pjg4jjgr/jgqTjgII8YnI+CuOCpOOCv+ODquOCoue0s+Wjq+OBjOOCouOCuuODvOODreODu+OCqOODu+ODnuODreODvOODjeOCq+ODqeODvOOCkuODnOODvOODgOODvOODh+OCtuOCpOODs+OBq+OBleOBm+OBn+OCouOCr+OCu+OCteODquODvOOBp+OBmeOAgjxicj4K44OW44Op44Km44Oz44KI44KK5pqX44GZ44GO44Ga44CB6LWk44G/44KS5oqR44GI44Gf44Oc44Or44OJ44O844Kr44Op44O844Go44ON44Kk44OT44O877yI44Ki44K644O844Ot77yJ44Gu44Kz44Oz44OT44CCPGJyPgrjgqLjgrrvvI3jg63jga7oi6XjgIXjgZfjgZXjgafjg57jg63jg7zjg43jga7osqvnpoTjgpLjgYvjgoLjgZflh7rjgZnjgIHjgajjgYTjgYbni5njgYTjgYzjgYLjgovlrprnlarjga7oibLjgrPjg7Pjg5PjgafjgIE8YnI+CuS7iuOBruOCt+ODvOOCuuODs+OBq+asoOOBi+OBm+OBquOBhOODrOODvOOCt+ODvOOBquOCt+ODq+OCr+ODi+ODg+ODiOOCv+OCpOOBq+S7leeri+OBpuOBpuOBhOOBvuOBmeOAgjxicj4K5pys5L2c44Gv44CB6YCP44GR44KL57eo44G/5qih5qeY44Gr44Gm44CB54m544Gr5pil5aSP44KJ44GX44GV44KS5by36Kq/44GV44Gb44Gf44CBPGJyPgrmnI3jgajlkIzjgZjjgojjgYbjgavjgIHnnYDnlKjjgZnjgovjgrfjg7zjgrrjg7PjgpLpmZDlrprjgZXjgZvjgabjgYTjgb7jgZnjgII8YnI+CuWKoOOBiOOBpuOAgeaJh+OBruOCiOOBhuOBquWbs+W9oueahOOBquODkeOCv+ODvOODs+OAgeeri+S9k+eahOOBquaooeanmOe3qOOBv+OBq+WKoOOBiOOAgeODouODgOODs+OBq+S7leS4iuOBjOOCi+OCiOOBhuOAgTLoibLjg5zjg7zjg4Djg7zjgafmp4vnr4njgII8YnI+CuWAi+aAp+OCkuaMgeOBpDLnqK7jgYzjgYLjgo/jgZXjgorjgIHjg57jgqQg44ON44Kv44K/44Kk44Kz44Os44Kv44K344On44Oz44Gr44Gv44GR44GX44Gm44Gq44GE5a2Y5Zyo576O44KS5pS+44Gk44GT44Go44Go5oCd44GE44G+44GZ44CCPGJyPgrlpaXjgYzpgI/jgZHjgovjgZPjgajjgpLliKnnlKjjgZfjgabjgIHnhKHlnLDjgaDjgZHjgafjgarjgY/jgIHoibLmn4Tjgrfjg6Pjg4TjgpLlkIjjgo/jgZvjgovjgarjganjgIHph43jga3mioDjgoLmiqvpnLLjgZfjgabjgYTjgZ/jgaDjgZHjgb7jgZnjgII8YnI+CuOCpOOCv+ODquOCouOBruOCqOODg+OCu+ODs+OCueOCkuWPluOCiuWFpeOCjOOAgSDpq5jjgYTjgq/jgqrjg6rjg4bjgqPjgafjgYLjgovjg57jg6rjg43jg4Pjg6nnpL7jgYzoqofjgovmnIDpq5jjg6njg7Pjgq/jga7jgIzmiYvkvZzjgorjgI3mhJ/jgajjgIE8YnI+CuODieODq+ODouOCouOBruW+l+aEj+OBqOOBmeOCi+ODiOODrOODs+ODieaAp+OCkuWPluOCiuWFpeOCjOOBn+ODj+OCpOOCr+OCquODquODhuOCo+OBquODi+ODg+ODiOijveWTgeOBqOOBl+OBpjxicj4K77yS56S+44Gu5oSP5rCX5oqV5ZCI44GV44GM6KaL44KJ44KM44KL5L2c5ZOB44Gv44CB54m55Yil44Gq5bCC55So44Oc44OD44Kv44K544Gr5YWl44KM44Gm44GK5bGK44GR44GE44Gf44GX44G+44GZ44CCPGJyPjwvZGl2PgogPGRpdiBzdHlsZT0iY2xlYXI6Ym90aDsgbWFyZ2luLWJvdHRvbTo0MHB4OyBvdmVyZmxvdzpoaWRkZW47Ij48L2Rpdj4KIDwhLS0gLy9BQk9VVCBJVEVNIC3llYblk4Hjga7jgZTntLnku4stIC0tPgogCiA8IS0tIERFVEFJTCAt44Ku44Oj44Op44Oq44O8LSAtLT4KICAgPGgzPkRFVEFJTCZuYnNwOyZuYnNwOy3jgq7jg6Pjg6njg6rjg7wtPC9oMz4KICAgPGRpdiBjbGFzcz0ibWI0MCI+CiAgIDwhLS0g44Ku44Oj44Op44Oq44O844CA44K544Op44Kk44OA44O8aWZyYW1l5ZG844Gz5Ye644GXIC0tPgogICAgIDxpZnJhbWUgc3JjPSJodHRwczovL3d3dy5yYWt1dGVuLm5lLmpwL2dvbGQvZGVyYWRlcmEvaXRlbS9taXM4NDctMDAxLmh0bWwiIHdpZHRoPSIxMDAwIiBoZWlnaHQ9IjY1OCIgc2Nyb2xsaW5nPSJubyIgZnJhbWVib3JkZXI9IjAiID48L2lmcmFtZT4KICAgPC9kaXY+CiA8IS0tIC8vREVUQUlMIC3jgq7jg6Pjg6njg6rjg7wtIC0tPgogCiA8IS0tIEFCT1VUIEJSQU5EIC3jg5bjg6njg7Pjg4njgavjgaTjgYTjgaYtIC0tPgogICA8aDM+QUJPVVQgQlJBTkQmbmJzcDsmbmJzcDst44OW44Op44Oz44OJ44Gr44Gk44GE44GmLTwvaDM+CiAgIDxwIGNsYXNzPSJhYm91dC1ibGFuZF90ZXh0Ij4KIDxhIGhyZWY9Imh0dHBzOi8vd3d3LnJha3V0ZW4ubmUuanAvZ29sZC9kZXJhZGVyYS9icmFuZC9kcnVtb2hyLmh0bWwiPkRydW1vaHI8L2E+PGJyPkRydW1vaHLigKbjgIzkuJbnlYzmnIDlj6Tjga7jg4vjg4Pjg4jjg5bjg6njg7Pjg4njgI3jgajoqIDjgo/jgozjgovjgIExNzcz5bm044Gr44K544Kz44OD44OI44Op44Oz44OJ44Gn6Kit56uL44GV44KM44Gf44OW44Op44Oz44OJ44CCPGJyPgrjgqTjgr/jg6rjgqLjga7jgqjjg4Pjgrvjg7PjgrnjgpLlj5bjgorlhaXjgozjgIEg6auY44GE44Kv44Kq44Oq44OG44Kj44Gv44Gd44Gu44G+44G+44Gr44CB44OI44Os44Oz44OJ44KC55ub44KK6L6844KT44Gg6a2F5Yqb55qE44Gq6KO95ZOB44KS55Sf44G/5Ye644GX44Gm44GE44G+44GZ44CCIDxicj4KPGJyPgpFLk1BUklORUxMQeKApuODmeODq+ODq+OCueOCs+ODvOODi+mmluebuOOBquOBqeattOS7o+OBruOCpOOCv+ODquOCouWkp+e1semgmOOCkuOBr+OBmOOCgeOAgeOCquODkOODnuawj+OChOOCteODq+OCs+OCuOawj+OAgTxicj4K44Ki44Oh44Oq44Kr44KE44OV44Op44Oz44K544Gu5aSn57Wx6aCY44Gr44KC5oSb55So44GV44KM44Gm44GE44KL44CBRS5NYXJpbmVsbGEgTmFwb2xp44Gu44ON44Kv44K/44Kk44CCPGJyPgrlibXmpa3lvZPmmYLjgYvjgonkvb/jgYboi7Hlm73nlKPjgrfjg6vjgq/jgYzkurrmsJfjga7np5jlr4bjgIIgPC9wPgogIDxoND7jgZ3jga7ku5bjga7jg5bjg6njg7Pjg4k8L2g0PjxkaXYgY2xhc3M9Im90aGVyX2JyYW5kIj48YSBocmVmPSJodHRwczovL3d3dy5yYWt1dGVuLm5lLmpwL2dvbGQvZGVyYWRlcmEvYnJhbmQvZHJ1bW9oci5odG1sIj7jg4njg6vjg6LjgqI8L2E+CjxhIGhyZWY9Imh0dHBzOi8vd3d3LnJha3V0ZW4ubmUuanAvZ29sZC9kZXJhZGVyYS9icmFuZC9mZXJydWNjaS5odG1sIj5GRVJSVUNDSTwvYT4KPGEgaHJlZj0iaHR0cHM6Ly93d3cucmFrdXRlbi5uZS5qcC9nb2xkL2RlcmFkZXJhL2JyYW5kL2pvaG5fc21lZGxleS5odG1sIj7jgrjjg6fjg7Pjgrnjg6Hjg4njg6zjg7w8L2E+CjxhIGhyZWY9Imh0dHBzOi8vd3d3LnJha3V0ZW4ubmUuanAvZ29sZC9kZXJhZGVyYS9icmFuZC9iYXJiYS5odG1sIj5CQVJCQTwvYT4KPGEgaHJlZj0iaHR0cHM6Ly93d3cucmFrdXRlbi5uZS5qcC9nb2xkL2RlcmFkZXJhL2JyYW5kL2ZpbmFtb3JlLmh0bWwiPuODleOCo+ODiuODouODrDwvYT48L2Rpdj4KICAgPHAgY2xhc3M9Im90aGVyX2JyYW5kX2FsbCI+IDxhIGhyZWY9Imh0dHBzOi8vaXRlbS5yYWt1dGVuLmNvLmpwL2RlcmFkZXJhL2MvMDAwMDAwMDQ4Ni8iPuODluODqeODs+ODieS4gOimp+OCkuimi+OCi+KGkiA8L2E+PC9wPiA8IS0tIEFCT1VUIEJSQU5EIC3jg5bjg6njg7Pjg4njgavjgaTjgYTjgaYtIC0tPjwvZGl2PjwhLS1pLXdyYXBwZXItLT48YnI+Cjxicj4KPHA+PGltZyBzcmM9Imh0dHBzOi8vaW1hZ2UucmFrdXRlbi5jby5qcC9kZXJhZGVyYS9jYWJpbmV0L3Rlc3QvYXd0ZXN0X2NvbG9yci5qcGciIGJvcmRlcj0iMCI+PC9wPjx0YWJsZSBjZWxscGFkZGluZz0iMTAiIGNlbGxzcGFjaW5nPSIwIj48dGJvZHk+PHRyPgo8dGQgYWxpZ249ImNlbnRlciI+CjxpbWcgc3JjPSJodHRwczovL2ltYWdlLnJha3V0ZW4uY28uanAvZGVyYWRlcmEvY2FiaW5ldC9kb3Jtb2hyL21pczg0Ny0wMDFfMy5qcGciIGJvcmRlcj0iMCIgd2lkdGg9IjIwMCI+PGJyPgrjg5zjg6vjg4njg7zDl+ODjeOCpOODk+ODvDwvdGQ+Cjx0ZCBhbGlnbj0iY2VudGVyIj4KPGltZyBzcmM9Imh0dHBzOi8vaW1hZ2UucmFrdXRlbi5jby5qcC9kZXJhZGVyYS9jYWJpbmV0L2Rvcm1vaHIvbWlzODQ3LTAwMl8zLmpwZyIgYm9yZGVyPSIwIiB3aWR0aD0iMjAwIj48YnI+CuODqeOCpOODiOOCsOODrOODvMOX44Kw44Oq44O844OzPC90ZD4KCjwvdHI+Cjx0cj4KPHRkIGFsaWduPSJjZW50ZXIiPgo8aW1nIHNyYz0iaHR0cHM6Ly9pbWFnZS5yYWt1dGVuLmNvLmpwL2RlcmFkZXJhL2NhYmluZXQvZG9ybW9oci9taXM4NDctMDAzXzMuanBnIiBib3JkZXI9IjAiIHdpZHRoPSIyMDAiPjxicj4K44K144OD44Kv44K544OW44Or44O8w5fjg5bjg6vjg7w8L3RkPgo8dGQgYWxpZ249ImNlbnRlciI+CjxpbWcgc3JjPSJodHRwczovL2ltYWdlLnJha3V0ZW4uY28uanAvZGVyYWRlcmEvY2FiaW5ldC9kb3Jtb2hyL21pczg0Ny0wMDRfMy5qcGciIGJvcmRlcj0iMCIgd2lkdGg9IjIwMCI+PGJyPgrjg5bjg6njg4Pjgq/Dl+ODmeODvOOCuOODpTwvdGQ+Cgo8L3RyPgogPC90Ym9keT48L3RhYmxlPgoKPHA+PGltZyBzcmM9Imh0dHBzOi8vaW1hZ2UucmFrdXRlbi5jby5qcC9kZXJhZGVyYS9jYWJpbmV0L3Rlc3QvYXd0ZXN0X3Nob3VzYWlyLmpwZyIgYm9yZGVyPSIwIj48L3A+PHRhYmxlIGJnY29sb3I9IiM2NjY2NjYiIGJvcmRlcj0iMCIgY2VsbHBhZGRpbmc9IjUiIGNlbGxzcGFjaW5nPSIxIj48dGJvZHk+PHRyIGJnY29sb3I9IiNmZmZmZmYiPjx0ZD48Yj7jg5bjg6njg7Pjg4k8L2I+PC90ZD4KIDx0ZD48Zm9udCBzaXplPSItMSI+44OJ44Or44Oi44KiPGJyPkRydW1vaHI8L3RkPgo8L3RyPjx0ciBiZ2NvbG9yPSIjZmZmZmZmIj48dGQ+PGI+44Kr44Op44O8PC9iPjwvdGQ+CiA8dGQ+PGZvbnQgc2l6ZT0iLTEiPuODnOODq+ODieODvMOX44ON44Kk44OT44O8PC90ZD4KPC90cj4KPHRyIGJnY29sb3I9IiNmZmZmZmYiPjx0ZD48Yj7ntKDmnZA8L2I+PC90ZD4KIDx0ZD48Zm9udCBzaXplPSItMSI+44K344Or44KvMTAw77yFPC90ZD4KPC90cj4KPHRyIGJnY29sb3I9IiNmZmZmZmYiPjx0ZD48Yj7ku5Xmp5g8L2I+PC90ZD4KIDx0ZD48Zm9udCBzaXplPSItMSI+CuWwgueUqOODnOODg+OCr+OCuTxicj4KTUFERSBJTiBJVEFMWTwvdGQ+CjwvdHI+CjwvdGJvZHk+PC90YWJsZT4KPGJyPiA8YnI+PHA+PGltZyBzcmM9Imh0dHBzOi8vaW1hZ2UucmFrdXRlbi5jby5qcC9kZXJhZGVyYS9jYWJpbmV0L3Rlc3QvYXd0ZXN0X3NwZWNyLmpwZyIgYm9yZGVyPSIwIj48L3A+Cjx0YWJsZSBiZ2NvbG9yPSIjNjY2NjY2IiBib3JkZXI9IjAiIGNlbGxwYWRkaW5nPSIxMCIgY2VsbHNwYWNpbmc9IjEiPgogPHRyIGJnY29sb3I9IiNmZmZmZmYiPjx0ZD48Yj48L2I+PC90ZD48dGQ+PGI+5YWo6ZW3PC9iPjwvdGQ+Cjx0ZD48Yj7lpKfliaM8L2I+PC90ZD4KPHRkPjxiPuWwj+WJozwvYj48L3RkPgo8L3RyPgogPHRyIGJnY29sb3I9IiNmZmZmZmYiPiA8dGQ+PGI+44Ov44Oz44K144Kk44K6PC9iPjwvdGQ+Cjx0ZD4xNDBjbTwvdGQ+Cjx0ZD42Y20gPC90ZD4KPHRkPjVjbSA8L3RkPgo8L3RyPgoKIDwvdGFibGU+Cgo8YnI+Cjxicj4KPGJyPgo8YnI+CuODuyDmjqHlr7jmlrnms5XjgavjgaTjgYTjgabjga/jgIDjgrPjg4Hjg6kg44KS44GU56K66KqN44GP44Gg44GV44GE44G+44Gb44CCPGJyPgrjg7sg5byK56S+44Op44OD44OU44Oz44Kw44Gr44Gk44GN44G+44GX44Gm44Gv44Kz44OB44Op44GL44KJ44GU56K66KqN44GE44Gf44Gg44GR44G+44GZ44CCPGJyPgrjg7sg5a6f54mp44KS5be75bC644Gn5o6h5a+444GX44Gm44Gu5bmz5Z2H5YCk44Gn44GZ44CC5pWw5YCk44Gu6Iul5bmy44Gu6Kqk5beu44Gv44GU5a656LWm44GP44Gg44GV44GE44CC44GK5omL5oyB44Gh44Gu44Ki44Kk44OG44Og44Go44Gu44GU5q+U6LyD44Gr44GU5Yip55So44GP44Gg44GV44GE44G+44Gb44CCPGJyPgrjg7sg5bqX6aCt44Gn44KC6LKp5aOy44GV44Gb44Gm44GE44Gf44Gg44GE44Gm44GK44KK44G+44GZ44Gu44Gn44CB5aOy44KK6YGV44GE44Gu6Zqb44Gv44GU5a656LWm6aGY44GE44G+44GZ44CCPGJyPgo8YnI+Cjxicj4KPGJyPgo8YnI+Cjxicj4K44Gd44Gu44G744GL44CA44OJ44Or44Oi44Ki44CA44Gv44CA44GT44Gh44KJ44GL44KJPGJyPgo8aW1nIHNyYz0iaHR0cHM6Ly9pbWFnZS5yYWt1dGVuLmNvLmpwL2RlcmFkZXJhL2NhYmluZXQvYW5jaG9yL2FuY2hvcl9kcnUuanBnIiBib3JkZXI9IjAiPjxsaW5rIGhyZWY9Imh0dHBzOi8vd3d3LnJha3V0ZW4ubmUuanAvZ29sZC9kZXJhZGVyYS9pdGVtL2l0ZW0yLmNzcyIgcmVsPSJzdHlsZXNoZWV0IiB0eXBlPSJ0ZXh0L2NzcyI+CjxsaW5rIGhyZWY9Imh0dHBzOi8vd3d3LnJha3V0ZW4ubmUuanAvZ29sZC9kZXJhZGVyYS9ibnJfaWUuY3NzIiByZWw9InN0eWxlc2hlZXQiIHR5cGU9InRleHQvY3NzIj4KCgoKPHN0eWxlIFRZUEU9InRleHQvY3NzIj4KCi8qIOe0jeacn+aDheWgsSAqLwoKdGQuaW52ZW50b3J5IGZvbnR7Zm9udC1zaXplOjEwcHg7Y29sb3I6IzY2NjY2Njt9CnRkLmludmVudG9yeXt3b3JkLXdyYXA6YnJlYWstd29yZDt3aWR0aDo4MHB4O30KCgovKiByaWdodCBmaXhkICovCgoKZGl2I3JjX3JpZ2h0QXJlYXsKCXBvc2l0aW9uOiBmaXhlZDsKCXRvcDogMTgwcHg7CglyaWdodDogMHB4OwoJdGV4dC1pbmRlbnQ6LTk5OTNweDsKCWRpc3BsYXk6YmxvY2s7Cn0KCmRpdiNyY19yaWdodEFyZWEyewoJcG9zaXRpb246IGZpeGVkOwoJdG9wOiAzMDBweDsKCXJpZ2h0OiAwcHg7Cgl0ZXh0LWluZGVudDotOTk5M3B4OwoJZGlzcGxheTpibG9jazsKfQoKZGl2I3JjX3JpZ2h0QXJlYTN7Cglwb3NpdGlvbjogZml4ZWQ7Cgl0b3A6IDQyMHB4OwoJcmlnaHQ6IDBweDsKCXRleHQtaW5kZW50Oi05OTkzcHg7CglkaXNwbGF5OmJsb2NrOwp9CgpkaXYjcmNfcmlnaHRBcmVhNHsKCXBvc2l0aW9uOiBmaXhlZDsKCXRvcDogNTQwcHg7CglyaWdodDogMHB4OwoJdGV4dC1pbmRlbnQ6LTk5OTNweDsKCWRpc3BsYXk6YmxvY2s7Cn0KCmRpdiNyY19yaWdodEFyZWEgLnJjX3JpZ2h0ICwKZGl2I3JjX3JpZ2h0QXJlYTIgLnJjX3JpZ2h0MiAsCmRpdiNyY19yaWdodEFyZWEzIC5yY19yaWdodDMgLApkaXYjcmNfcmlnaHRBcmVhNCAucmNfcmlnaHQ0IHsKCW91dGxpbmU6bm9uZTsKCWRpc3BsYXk6IGJsb2NrOwoJcG9zaXRpb246IHJlbGF0aXZlOwoJd2lkdGg6MTAwcHg7CgloZWlnaHQ6MTAwcHg7CglsZWZ0OjBweDsKCXotaW5kZXg6OTk5OHB4Owp9CgoKCmRpdiNyY19yaWdodEFyZWEgLnJjX3JpZ2h0ewoJYmFja2dyb3VuZDogdXJsKCJodHRwczovL2ltYWdlLnJha3V0ZW4uY28uanAvZGVyYWRlcmEvY2FiaW5ldC90aXRsZS9uZXdwaWtvMDYwMXJfMS5qcGciKSBuby1yZXBlYXQgc2Nyb2xsIDAgMCB0cmFuc3BhcmVudDsgIAp9CgpkaXYjcmNfcmlnaHRBcmVhMiAucmNfcmlnaHQyewoJYmFja2dyb3VuZDogdXJsKCJodHRwczovL2ltYWdlLnJha3V0ZW4uY28uanAvZGVyYWRlcmEvY2FiaW5ldC90aXRsZS9uZXdwaWtvbmV3XzAuanBnIikgbm8tcmVwZWF0IHNjcm9sbCAwIDAgdHJhbnNwYXJlbnQ7ICAKfQoKZGl2I3JjX3JpZ2h0QXJlYTMgLnJjX3JpZ2h0M3sKCWJhY2tncm91bmQ6IHVybCgiaHR0cHM6Ly9pbWFnZS5yYWt1dGVuLmNvLmpwL2RlcmFkZXJhL2NhYmluZXQvaHRtbG1haWw0L25ld3Bpa29fM3IuanBnIikgbm8tcmVwZWF0IHNjcm9sbCAwIDAgdHJhbnNwYXJlbnQ7Cn0KCmRpdiNyY19yaWdodEFyZWE0IC5yY19yaWdodDR7CgliYWNrZ3JvdW5kOiB1cmwoImh0dHBzOi8vaW1hZ2UucmFrdXRlbi5jby5qcC9kZXJhZGVyYS9jYWJpbmV0L2h0bWxtYWlsNC9uZXdwaWtvXzRyLmpwZyIpIG5vLXJlcGVhdCBzY3JvbGwgMCAwIHRyYW5zcGFyZW50Owp9CgoKZGl2I3JjX3JpZ2h0QXJlYSAucmNfcmlnaHQ6aG92ZXIgLApkaXYjcmNfcmlnaHRBcmVhMiAucmNfcmlnaHQyOmhvdmVyICwKZGl2I3JjX3JpZ2h0QXJlYTMgLnJjX3JpZ2h0Mzpob3ZlciAsCmRpdiNyY19yaWdodEFyZWE0IC5yY19yaWdodDQ6aG92ZXIgewoJYmFja2dyb3VuZC1wb3NpdGlvbjowcHggMHB4OyB3aWR0aDoxMDBweDsKICBvcGFjaXR5OiAwLjc7CiAgZmlsdGVyOiBhbHBoYShvcGFjaXR5PTcwKTsKICAtbXMtZmlsdGVyOiAiYWxwaGEob3BhY2l0eT03MCkiOwp9Cn0KCmJvZHk6e2ZvbnQtZmFtaWx5OiBBdmVuaXIgLCAiT3BlbiBTYW5zIiAsICJIZWx2ZXRpY2EgTmV1ZSIgLCBIZWx2ZXRpY2EgLCBBcmlhbCAsIFZlcmRhbmEgLCBSb2JvdG8gLCAi5ri444K044K344OD44KvIiAsICJZdSBHb3RoaWMiICwgIua4uOOCtOOCt+ODg+OCr+S9kyIgLCAiWXVHb3RoaWMiICwgIuODkuODqeOCruODjuinkuOCtCBQcm8gVzMiICwgIkhpcmFnaW5vIEtha3UgR290aGljIFBybyIgLCAiTWVpcnlvIFVJIiAsICLjg6HjgqTjg6rjgqoiICwgTWVpcnlvICwgIu+8re+8syDvvLDjgrTjgrfjg4Pjgq8iICwgIk1TIFBHb3RoaWMiICwgc2Fucy1zZXJpZiAhaW1wb3J0YW50Owp9CgotLT4KPC9zdHlsZT4KCjxsaW5rIHJlbD0ic3R5bGVzaGVldCIgbWVkaWE9Im9ubHkgc2NyZWVuIGFuZCAobWF4LWRldmljZS13aWR0aDogMTAyNHB4KSIgaHJlZj0iaHR0cHM6Ly93d3cucmFrdXRlbi5uZS5qcC9nb2xkL2RlcmFkZXJhL2Nzcy9pcGFkLmNzcyIgdHlwZT0idGV4dC9jc3MiIC8+CjxsaW5rIG1lZGlhPSJvbmx5IHNjcmVlbiBhbmQgKG1heC1kZXZpY2Utd2lkdGg6IDQ4MHB4KSIgaHJlZj0iaHR0cHM6Ly93d3cucmFrdXRlbi5uZS5qcC9nb2xkL2RlcmFkZXJhL2Nzcy9pcGFkLmNzcyIgdHlwZT0idGV4dC9jc3MiIHJlbD0ic3R5bGVzaGVldCIgLz4KCjxkaXYgaWQ9InJjX3JpZ2h0QXJlYSI+Cgkx44Gu44OQ44OK44O8CjwvZGl2Pgo8ZGl2IGlkPSJyY19yaWdodEFyZWEyIj4KCTLjga7jg5Djg4rjg7wKPC9kaXY+CjxkaXYgaWQ9InJjX3JpZ2h0QXJlYTMiPgoJM+OBruODkOODiuODvAo8L2Rpdj4KPGRpdiBpZD0icmNfcmlnaHRBcmVhNCI+Cgk044Gu44OQ44OK44O8CjwvZGl2Pg==,44CQNjXlkajlubTjgrvjg7zjg6vjgJHjg57jg6rjg43jg4Pjg6kg44OK44Od44OqIGZvciDjg4njg6vjg6LjgqLjgIDjgIDjg5zjg6vjg4njg7wmdGltZXM744ON44Kk44OT44O844Oc44O844OA44O8L+OCu+OCr+OCt+ODvOOBp+a2vOOBl+OBkuOBquODrOODvOOCuee3qOOBv+OBqOaoque4nuOCq+ODqeODvOOBruOCteODnuODvOODi+ODg+ODiOOCv+OCpOOAgOODjeOCr+OCv+OCpO+8muOCpOODs+ODneODvOODiOOCu+ODrOOCr+ODiFNIT1Djgafjgonjgafjgok=,44Gn44KJ44Gn44KJ44Kq44Ot44OT44Ki44Oz44Kz44K/44OI44Op44K544OR44Op44OW44O844OE44OV44Kj44OK44Oi44Os44K744Os44Kv44OI44K344On44OD44OX44CQNjXlkajlubTjgrvjg7zjg6vjgJHjg57jg6rjg43jg4Pjg6kg44OK44Od44OqIGZvciDjg4njg6vjg6LjgqLjgIDjgIDjg5zjg6vjg4njg7wmdGltZXM744ON44Kk44OT44O844Oc44O844OA44O8L+OCu+OCr+OCt+ODvOOBp+a2vOOBl+OBkuOBquODrOODvOOCuee3qOOBv+OBqOaoque4nuOCq+ODqeODvOOBruOCteODnuODvOODi+ODg+ODiOOCv+OCpOOAgOODjeOCr+OCv+OCpA==,44Oe44Oq44ON44OD44OpICDjg4njg6vjg6LjgqIg44OJ44OD44OIIOODrOODvOOCuSDjgrfjg6vjgq/jg4vjg4Pjg4jjgr/jgqTjgILjgJA2NeWRqOW5tOOCu+ODvOODq+OAkeODnuODquODjeODg+ODqSDjg4rjg53jg6ogZm9yIOODieODq+ODouOCouOAgOOAgOODnOODq+ODieODvCZ0aW1lczvjg43jgqTjg5Pjg7zjg5zjg7zjg4Djg7wv44K744Kv44K344O844Gn5ra844GX44GS44Gq44Os44O844K557eo44G/44Go5qiq57ie44Kr44Op44O844Gu44K144Oe44O844OL44OD44OI44K/44Kk44CA44ON44Kv44K/44Kk[rn]
39-76505,aHR0cDovL3RzaG9wLnIxMHMuanAvZGVyYWRlcmEvY2FiaW5ldC9kb3Jtb2hyL21pczg0Ny0wMDMuanBnP2ZpdGluPTcwMDo3MDA=,MTEwNTkuMjAwMA==,,44OQ44OD44Kw44O75bCP54mp44O744OW44Op44Oz44OJ6ZuR6LKoID4g44K544O844OE55So44OV44Kh44OD44K344On44Oz5bCP54mpID4g44ON44Kv44K/44Kk,44CQNjXlkajlubTjgrvjg7zjg6vjgJHjg57jg6rjg43jg4Pjg6kg44OK44Od44OqIGZvciDjg4njg6vjg6LjgqLjgIDjgIDjgrXjg4Pjgq/jgrnjg5bjg6vjg7zvvIbjg5bjg6vjg7zjg5zjg7zjg4Djg7wg44Os44O844K55qih5qeY44Gu57eo44G/44Gr44Gm6YCP44GR44Gu576O5a2mIOOCteODnuODvOODi+ODg+ODiOOCv+OCpOOAgOODjeOCr+OCv+OCpA==,44Oe44Oq44ON44OD44OpICDjg4njg6vjg6LjgqIg44OJ44OD44OIIOODrOODvOOCuSDjgrfjg6vjgq/jg4vjg4Pjg4jjgr/jgqQ=,PGRpdiBjbGFzcz0iaS13cmFwcGVyIj4KIAogPCEtLSBBQk9VVCBJVEVNIC3llYblk4Hjga7jgZTntLnku4stIC0tPgogICA8aDM+QUJPVVQgSVRFTSZuYnNwOyZuYnNwOy3llYblk4Hjga7jgZTntLnku4stPC9oMz4KICAgPGRpdiBjbGFzcz0iaXRlbV9kZXNjIj4KICAgICA8dGFibGU+CiAgICAgICA8dHI+PHRoPgogICAgICAgICA8IS0tIOODluODqeODs+ODieODreOCtOeUu+WDjyAtLT48aW1nIHNyYz0iaHR0cHM6Ly93d3cucmFrdXRlbi5uZS5qcC9nb2xkL2RlcmFkZXJhL2l0ZW0vbG9nby9tYXJpbmVsbGEuanBnIj4gICAgICAgPC90aD48dGQ+PHA+Cue+juOBl+OBhOOCueOCv+OCpOODq+OBp+OCreODrOOCpOODoTxCUj4K44Os44O844K557eo44G/44K/44Kk44OX44Gu44OL44OD44OI44K/44Kk44CCCjwvcD48L3RkPjwvdHI+PC90YWJsZT4KICAgPC9kaXY+CiAgIDxkaXYgY2xhc3M9Iml0ZW1fZGVzY19pbWcgY2xlYXJmaXgiPgogICAgIDxkaXYgY2xhc3M9Iml0ZW1fZGVzY19pbWdfbGVmdCI+PHA+CjwhLS0g44Oh44Kk44Oz55S75YOPMDEoNTAweDY2MCkgLS0+PGltZyBzcmM9Imh0dHBzOi8vaW1hZ2UucmFrdXRlbi5jby5qcC9kZXJhZGVyYS9jYWJpbmV0L2Rvcm1vaHIvbWlzODQ3LTAwMy5qcGciIHdpZHRoPSI1MDAiIGhlaWdodD0iNjY2IiBhbHQ9IiIgY2xhc3M9ImRlcmFpbWciPgo8L3A+PC9kaXY+PGRpdiBjbGFzcz0iaXRlbV9kZXNjX2ltZ19yaWdodCI+PHAgY2xhc3M9Im1iMjAiPgogPGltZyBzcmM9Imh0dHBzOi8vaW1hZ2UucmFrdXRlbi5jby5qcC9kZXJhZGVyYS9jYWJpbmV0L2Rvcm1vaHIvbWlzODQ3LTAwM19hLmpwZyIgd2lkdGg9IjQ3MCIgaGVpZ2h0PSIzMjAiIGFsdD0iIiBjbGFzcz0iZGVyYWltZyI+CiAgICAgPCEtLSDjg6HjgqTjg7PnlLvlg48wMig0NzB4MzIwKSAtLT4KICAgICA8L3A+PHA+CiAgICAgPCEtLSDjg6HjgqTjg7PnlLvlg48wMyg0NzB4MzIwKSAtLT4gPGltZyBzcmM9Imh0dHBzOi8vaW1hZ2UucmFrdXRlbi5jby5qcC9kZXJhZGVyYS9jYWJpbmV0L2Rvcm1vaHIvbWlzODQ3LTAwM19iLmpwZyIgd2lkdGg9IjQ3MCIgaGVpZ2h0PSIzMjAiIGFsdD0iIiBjbGFzcz0iZGVyYWltZyI+CiAgICAgPC9wPjwvZGl2PjxwIGNsYXNzPSJpdGVtLXRleHQiPgoyMDDlubTku6XkuIrjgoLjga7kvJ3ntbHjgpLmjIHjgaTmhJ/mgKfosYrjgYvjgarjgqTjgr/jg6rjgqLoo73jg4vjg4Pjg4jjg5bjg6njg7Pjg4kgRHJ1bW9ocu+8iOODieODq+ODouOCou+8ieOBi+OCieOAgTxicj4KMjAxNuW5tOaYpeWkj+aWsOS9nOODi+ODg+ODiOOCv+OCpOOAgjxicj4K5pys5L2c44Gv44CB44Os44O844K344O844Gq6YCP44GR44KL57eo44G/5qih5qeY44GM44GE44GE5LuV5LqL44KS44GX44Gm44GE44KL5YCL5oCn5rS+44OL44OD44OI44K/44Kk44CCPGJyPgrjg4vjg4Pjg4jjgr/jgqTjga7kuK3jgafjgoLjgIHnibnjgavmmKXlpI/jgonjgZfjgZXjgpLlvLfoqr/jgZXjgZvjgZ/jgIE8YnI+CuacjeOBqOWQjOOBmOOCiOOBhuOBq+OAgeOCt+ODvOOCuuODs+OCkumZkOWumuOBl+OBpuOBhOOCi+OCt+ODq+OCr+OCv+OCpOOAgjxicj48YnI+CgrmiYfjga7jgojjgYbjgarlm7PlvaLnmoTjgarjg5Hjgr/jg7zjg7PjgavliqDjgYjjgIHjg6Ljg4Djg7Pjgavku5XkuIrjgYzjgovjgojjgYbjgIEy6Imy44Oc44O844OA44O844Gn5qeL56+J44CCPGJyPgrlgIvmgKfjgpLmjIHjgaQy56iu44GM44GC44KP44GV44KK44CB44Oe44KkIOODjeOCr+OCv+OCpOOCs+ODrOOCr+OCt+ODp+ODs+OBq+OBr+OBkeOBl+OBpuOBquOBhOWtmOWcqOe+juOCkuaUvuOBpOOBk+OBqOOBqOaAneOBhOOBvuOBmeOAgjxicj4K5aWl44GM6YCP44GR44KL44GT44Go44KS5Yip55So44GX44Gm44CB54Sh5Zyw44Gg44GR44Gn44Gq44GP44CB6Imy5p+E44K344Oj44OE44KS5ZCI44KP44Gb44KL44Gq44Gp44CBPGJyPuabtOOBq+OCouODvOODhuOCo+OCueODhuOCo+ODg+OCr+OBleOCkuaKq+mcsuOBleOBm+OBpuOCgu+8gTxicj4K5aWz5oCn44Gu5aW944KA5riF5r2U5oSf44CB5LiK5ZOB44GV44KC44GC44KL44Gu44Gn5o6044G/44GvTy5L44CBPGJyPuipsemhjOOBq+OCguOBruOBvOOCi+OBk+OBqOOBp+OBl+OCh+OBhuOAgjxicj4K44Kk44K/44Oq44Ki44Gu44Ko44OD44K744Oz44K544KS5Y+W44KK5YWl44KM44CBPGJyPumrmOOBhOOCr+OCquODquODhuOCo+OBp+OBguOCi+ODnuODquODjeODg+ODqeekvuOBjOiqh+OCi+acgOmrmOODqeODs+OCr+OBruOAjOaJi+S9nOOCiuOAjeaEn+OBqOOAgTxicj4K44OJ44Or44Oi44Ki44Gu5b6X5oSP44Go44GZ44KL44OI44Os44Oz44OJ5oCn44KS5Y+W44KK5YWl44KM44Gf44OP44Kk44Kv44Kq44Oq44OG44Kj44Gq44OL44OD44OI6KO95ZOB44Go44GX44GmPGJyPgrvvJLnpL7jga7mhI/msJfmipXlkIjjgZXjgYzopovjgonjgozjgovkvZzlk4HjgajjgarjgaPjgabjgYrjgorjgb7jgZnjga7jgafjgIE8YnI+CueJueWIpeOBquWwgueUqOODnOODg+OCr+OCueOBq+WFpeOCjOOBpuOBiuWxiuOBkeOBhOOBn+OBl+OBvuOBmeOAgjwvZGl2PgogPGRpdiBzdHlsZT0iY2xlYXI6Ym90aDsgbWFyZ2luLWJvdHRvbTo0MHB4OyBvdmVyZmxvdzpoaWRkZW47Ij48L2Rpdj4KIDwhLS0gLy9BQk9VVCBJVEVNIC3llYblk4Hjga7jgZTntLnku4stIC0tPgogCiA8IS0tIERFVEFJTCAt44Ku44Oj44Op44Oq44O8LSAtLT4KICAgPGgzPkRFVEFJTCZuYnNwOyZuYnNwOy3jgq7jg6Pjg6njg6rjg7wtPC9oMz4KICAgPGRpdiBjbGFzcz0ibWI0MCI+CiAgIDwhLS0g44Ku44Oj44Op44Oq44O844CA44K544Op44Kk44OA44O8aWZyYW1l5ZG844Gz5Ye644GXIC0tPgogICAgIDxpZnJhbWUgc3JjPSJodHRwczovL3d3dy5yYWt1dGVuLm5lLmpwL2dvbGQvZGVyYWRlcmEvaXRlbS9taXM4NDctMDAzLmh0bWwiIHdpZHRoPSIxMDAwIiBoZWlnaHQ9IjY1OCIgc2Nyb2xsaW5nPSJubyIgZnJhbWVib3JkZXI9IjAiID48L2lmcmFtZT4KICAgPC9kaXY+CiA8IS0tIC8vREVUQUlMIC3jgq7jg6Pjg6njg6rjg7wtIC0tPgogCiA8IS0tIEFCT1VUIEJSQU5EIC3jg5bjg6njg7Pjg4njgavjgaTjgYTjgaYtIC0tPgogICA8aDM+QUJPVVQgQlJBTkQmbmJzcDsmbmJzcDst44OW44Op44Oz44OJ44Gr44Gk44GE44GmLTwvaDM+CiAgIDxwIGNsYXNzPSJhYm91dC1ibGFuZF90ZXh0Ij4KIDxhIGhyZWY9Imh0dHBzOi8vd3d3LnJha3V0ZW4ubmUuanAvZ29sZC9kZXJhZGVyYS9icmFuZC9kcnVtb2hyLmh0bWwiPkRydW1vaHI8L2E+PGJyPkRydW1vaHLigKbjgIzkuJbnlYzmnIDlj6Tjga7jg4vjg4Pjg4jjg5bjg6njg7Pjg4njgI3jgajoqIDjgo/jgozjgovjgIExNzcz5bm044Gr44K544Kz44OD44OI44Op44Oz44OJ44Gn6Kit56uL44GV44KM44Gf44OW44Op44Oz44OJ44CCPGJyPgrjgqTjgr/jg6rjgqLjga7jgqjjg4Pjgrvjg7PjgrnjgpLlj5bjgorlhaXjgozjgIEg6auY44GE44Kv44Kq44Oq44OG44Kj44Gv44Gd44Gu44G+44G+44Gr44CB44OI44Os44Oz44OJ44KC55ub44KK6L6844KT44Gg6a2F5Yqb55qE44Gq6KO95ZOB44KS55Sf44G/5Ye644GX44Gm44GE44G+44GZ44CCIDxicj4KPGJyPgpFLk1BUklORUxMQeKApuODmeODq+ODq+OCueOCs+ODvOODi+mmluebuOOBquOBqeattOS7o+OBruOCpOOCv+ODquOCouWkp+e1semgmOOCkuOBr+OBmOOCgeOAgeOCquODkOODnuawj+OChOOCteODq+OCs+OCuOawj+OAgTxicj4K44Ki44Oh44Oq44Kr44KE44OV44Op44Oz44K544Gu5aSn57Wx6aCY44Gr44KC5oSb55So44GV44KM44Gm44GE44KL44CBRS5NYXJpbmVsbGEgTmFwb2xp44Gu44ON44Kv44K/44Kk44CCPGJyPgrlibXmpa3lvZPmmYLjgYvjgonkvb/jgYboi7Hlm73nlKPjgrfjg6vjgq/jgYzkurrmsJfjga7np5jlr4bjgIIgPC9wPgogIDxoND7jgZ3jga7ku5bjga7jg5bjg6njg7Pjg4k8L2g0PjxkaXYgY2xhc3M9Im90aGVyX2JyYW5kIj48YSBocmVmPSJodHRwczovL3d3dy5yYWt1dGVuLm5lLmpwL2dvbGQvZGVyYWRlcmEvYnJhbmQvZHJ1bW9oci5odG1sIj7jg4njg6vjg6LjgqI8L2E+CjxhIGhyZWY9Imh0dHBzOi8vd3d3LnJha3V0ZW4ubmUuanAvZ29sZC9kZXJhZGVyYS9icmFuZC9mZXJydWNjaS5odG1sIj5GRVJSVUNDSTwvYT4KPGEgaHJlZj0iaHR0cHM6Ly93d3cucmFrdXRlbi5uZS5qcC9nb2xkL2RlcmFkZXJhL2JyYW5kL2pvaG5fc21lZGxleS5odG1sIj7jgrjjg6fjg7Pjgrnjg6Hjg4njg6zjg7w8L2E+CjxhIGhyZWY9Imh0dHBzOi8vd3d3LnJha3V0ZW4ubmUuanAvZ29sZC9kZXJhZGVyYS9icmFuZC9iYXJiYS5odG1sIj5CQVJCQTwvYT4KPGEgaHJlZj0iaHR0cHM6Ly93d3cucmFrdXRlbi5uZS5qcC9nb2xkL2RlcmFkZXJhL2JyYW5kL2ZpbmFtb3JlLmh0bWwiPuODleOCo+ODiuODouODrDwvYT48L2Rpdj4KICAgPHAgY2xhc3M9Im90aGVyX2JyYW5kX2FsbCI+IDxhIGhyZWY9Imh0dHBzOi8vaXRlbS5yYWt1dGVuLmNvLmpwL2RlcmFkZXJhL2MvMDAwMDAwMDQ4Ni8iPuODluODqeODs+ODieS4gOimp+OCkuimi+OCi+KGkiA8L2E+PC9wPiA8IS0tIEFCT1VUIEJSQU5EIC3jg5bjg6njg7Pjg4njgavjgaTjgYTjgaYtIC0tPgoKPC9kaXY+Cgo8L2Rpdj48IS0taS13cmFwcGVyLS0+PGJyPgo8YnI+CjxwPjxpbWcgc3JjPSJodHRwczovL2ltYWdlLnJha3V0ZW4uY28uanAvZGVyYWRlcmEvY2FiaW5ldC90ZXN0L2F3dGVzdF9jb2xvcnIuanBnIiBib3JkZXI9IjAiPjwvcD48dGFibGUgY2VsbHBhZGRpbmc9IjEwIiBjZWxsc3BhY2luZz0iMCI+PHRib2R5Pjx0cj4KPHRkIGFsaWduPSJjZW50ZXIiPgo8aW1nIHNyYz0iaHR0cHM6Ly9pbWFnZS5yYWt1dGVuLmNvLmpwL2RlcmFkZXJhL2NhYmluZXQvZG9ybW9oci9taXM4NDctMDAxXzMuanBnIiBib3JkZXI9IjAiIHdpZHRoPSIyMDAiPjxicj4K44Oc44Or44OJ44O8w5fjg43jgqTjg5Pjg7w8L3RkPgo8dGQgYWxpZ249ImNlbnRlciI+CjxpbWcgc3JjPSJodHRwczovL2ltYWdlLnJha3V0ZW4uY28uanAvZGVyYWRlcmEvY2FiaW5ldC9kb3Jtb2hyL21pczg0Ny0wMDJfMy5qcGciIGJvcmRlcj0iMCIgd2lkdGg9IjIwMCI+PGJyPgrjg6njgqTjg4jjgrDjg6zjg7zDl+OCsOODquODvOODszwvdGQ+Cgo8L3RyPgo8dHI+Cjx0ZCBhbGlnbj0iY2VudGVyIj4KPGltZyBzcmM9Imh0dHBzOi8vaW1hZ2UucmFrdXRlbi5jby5qcC9kZXJhZGVyYS9jYWJpbmV0L2Rvcm1vaHIvbWlzODQ3LTAwM18zLmpwZyIgYm9yZGVyPSIwIiB3aWR0aD0iMjAwIj48YnI+CuOCteODg+OCr+OCueODluODq+ODvMOX44OW44Or44O8PC90ZD4KPHRkIGFsaWduPSJjZW50ZXIiPgo8aW1nIHNyYz0iaHR0cHM6Ly9pbWFnZS5yYWt1dGVuLmNvLmpwL2RlcmFkZXJhL2NhYmluZXQvZG9ybW9oci9taXM4NDctMDA0XzMuanBnIiBib3JkZXI9IjAiIHdpZHRoPSIyMDAiPjxicj4K44OW44Op44OD44Kvw5fjg5njg7zjgrjjg6U8L3RkPgoKPC90cj4KIDwvdGJvZHk+PC90YWJsZT4KCjxwPjxpbWcgc3JjPSJodHRwczovL2ltYWdlLnJha3V0ZW4uY28uanAvZGVyYWRlcmEvY2FiaW5ldC90ZXN0L2F3dGVzdF9zaG91c2Fpci5qcGciIGJvcmRlcj0iMCI+PC9wPjx0YWJsZSBiZ2NvbG9yPSIjNjY2NjY2IiBib3JkZXI9IjAiIGNlbGxwYWRkaW5nPSI1IiBjZWxsc3BhY2luZz0iMSI+PHRib2R5Pjx0ciBiZ2NvbG9yPSIjZmZmZmZmIj48dGQ+PGI+44OW44Op44Oz44OJPC9iPjwvdGQ+CiA8dGQ+PGZvbnQgc2l6ZT0iLTEiPuODieODq+ODouOCojxicj5EcnVtb2hyPC90ZD4KPC90cj48dHIgYmdjb2xvcj0iI2ZmZmZmZiI+PHRkPjxiPuOCq+ODqeODvDwvYj48L3RkPgogPHRkPjxmb250IHNpemU9Ii0xIj7jgrXjg4Pjgq/jgrnjg5bjg6vjg7zvvIbjg5bjg6vjg7w8L3RkPgo8L3RyPgo8dHIgYmdjb2xvcj0iI2ZmZmZmZiI+PHRkPjxiPue0oOadkDwvYj48L3RkPgogPHRkPjxmb250IHNpemU9Ii0xIj7jgrfjg6vjgq8xMDDvvIU8L3RkPgo8L3RyPgo8dHIgYmdjb2xvcj0iI2ZmZmZmZiI+PHRkPjxiPuS7leanmDwvYj48L3RkPgogPHRkPjxmb250IHNpemU9Ii0xIj4K5bCC55So44Oc44OD44Kv44K5PGJyPgpNQURFIElOIElUQUxZPC90ZD4KPC90cj4KPC90Ym9keT48L3RhYmxlPgo8YnI+IDxicj48cD48aW1nIHNyYz0iaHR0cHM6Ly9pbWFnZS5yYWt1dGVuLmNvLmpwL2RlcmFkZXJhL2NhYmluZXQvdGVzdC9hd3Rlc3Rfc3BlY3IuanBnIiBib3JkZXI9IjAiPjwvcD4KPHRhYmxlIGJnY29sb3I9IiM2NjY2NjYiIGJvcmRlcj0iMCIgY2VsbHBhZGRpbmc9IjEwIiBjZWxsc3BhY2luZz0iMSI+CiA8dHIgYmdjb2xvcj0iI2ZmZmZmZiI+PHRkPjxiPjwvYj48L3RkPjx0ZD48Yj7lhajplbc8L2I+PC90ZD4KPHRkPjxiPuWkp+WJozwvYj48L3RkPgo8dGQ+PGI+5bCP5YmjPC9iPjwvdGQ+CjwvdHI+CiA8dHIgYmdjb2xvcj0iI2ZmZmZmZiI+IDx0ZD48Yj7jg6/jg7PjgrXjgqTjgro8L2I+PC90ZD4KPHRkPjE0MGNtPC90ZD4KPHRkPjZjbSA8L3RkPgo8dGQ+NWNtIDwvdGQ+CjwvdHI+CgogPC90YWJsZT4KCjxicj4KPGJyPgo8YnI+Cjxicj4K44O7IOaOoeWvuOaWueazleOBq+OBpOOBhOOBpuOBr+OAgOOCs+ODgeODqSDjgpLjgZTnorroqo3jgY/jgaDjgZXjgYTjgb7jgZvjgII8YnI+CuODuyDlvIrnpL7jg6njg4Pjg5Tjg7PjgrDjgavjgaTjgY3jgb7jgZfjgabjga/jgrPjg4Hjg6njgYvjgonjgZTnorroqo3jgYTjgZ/jgaDjgZHjgb7jgZnjgII8YnI+CuODuyDlrp/nianjgpLlt7vlsLrjgafmjqHlr7jjgZfjgabjga7lubPlnYflgKTjgafjgZnjgILmlbDlgKTjga7oi6XlubLjga7oqqTlt67jga/jgZTlrrnotabjgY/jgaDjgZXjgYTjgILjgYrmiYvmjIHjgaHjga7jgqLjgqTjg4bjg6Djgajjga7jgZTmr5TovIPjgavjgZTliKnnlKjjgY/jgaDjgZXjgYTjgb7jgZvjgII8YnI+CuODuyDlupfpoK3jgafjgoLosqnlo7LjgZXjgZvjgabjgYTjgZ/jgaDjgYTjgabjgYrjgorjgb7jgZnjga7jgafjgIHlo7LjgorpgZXjgYTjga7pmpvjga/jgZTlrrnotabpoZjjgYTjgb7jgZnjgII8YnI+Cjxicj4KPGJyPgo8YnI+Cjxicj4KPGJyPgrjgZ3jga7jgbvjgYvjgIDjg4njg6vjg6LjgqLjgIDjga/jgIDjgZPjgaHjgonjgYvjgok8YnI+CjxpbWcgc3JjPSJodHRwczovL2ltYWdlLnJha3V0ZW4uY28uanAvZGVyYWRlcmEvY2FiaW5ldC9hbmNob3IvYW5jaG9yX2RydS5qcGciIGJvcmRlcj0iMCI+PGxpbmsgaHJlZj0iaHR0cHM6Ly93d3cucmFrdXRlbi5uZS5qcC9nb2xkL2RlcmFkZXJhL2l0ZW0vaXRlbTIuY3NzIiByZWw9InN0eWxlc2hlZXQiIHR5cGU9InRleHQvY3NzIj4KPGxpbmsgaHJlZj0iaHR0cHM6Ly93d3cucmFrdXRlbi5uZS5qcC9nb2xkL2RlcmFkZXJhL2Jucl9pZS5jc3MiIHJlbD0ic3R5bGVzaGVldCIgdHlwZT0idGV4dC9jc3MiPgoKCgo8c3R5bGUgVFlQRT0idGV4dC9jc3MiPgoKLyog57SN5pyf5oOF5aCxICovCgp0ZC5pbnZlbnRvcnkgZm9udHtmb250LXNpemU6MTBweDtjb2xvcjojNjY2NjY2O30KdGQuaW52ZW50b3J5e3dvcmQtd3JhcDpicmVhay13b3JkO3dpZHRoOjgwcHg7fQoKCi8qIHJpZ2h0IGZpeGQgKi8KCgpkaXYjcmNfcmlnaHRBcmVhewoJcG9zaXRpb246IGZpeGVkOwoJdG9wOiAxODBweDsKCXJpZ2h0OiAwcHg7Cgl0ZXh0LWluZGVudDotOTk5M3B4OwoJZGlzcGxheTpibG9jazsKfQoKZGl2I3JjX3JpZ2h0QXJlYTJ7Cglwb3NpdGlvbjogZml4ZWQ7Cgl0b3A6IDMwMHB4OwoJcmlnaHQ6IDBweDsKCXRleHQtaW5kZW50Oi05OTkzcHg7CglkaXNwbGF5OmJsb2NrOwp9CgpkaXYjcmNfcmlnaHRBcmVhM3sKCXBvc2l0aW9uOiBmaXhlZDsKCXRvcDogNDIwcHg7CglyaWdodDogMHB4OwoJdGV4dC1pbmRlbnQ6LTk5OTNweDsKCWRpc3BsYXk6YmxvY2s7Cn0KCmRpdiNyY19yaWdodEFyZWE0ewoJcG9zaXRpb246IGZpeGVkOwoJdG9wOiA1NDBweDsKCXJpZ2h0OiAwcHg7Cgl0ZXh0LWluZGVudDotOTk5M3B4OwoJZGlzcGxheTpibG9jazsKfQoKZGl2I3JjX3JpZ2h0QXJlYSAucmNfcmlnaHQgLApkaXYjcmNfcmlnaHRBcmVhMiAucmNfcmlnaHQyICwKZGl2I3JjX3JpZ2h0QXJlYTMgLnJjX3JpZ2h0MyAsCmRpdiNyY19yaWdodEFyZWE0IC5yY19yaWdodDQgewoJb3V0bGluZTpub25lOwoJZGlzcGxheTogYmxvY2s7Cglwb3NpdGlvbjogcmVsYXRpdmU7Cgl3aWR0aDoxMDBweDsKCWhlaWdodDoxMDBweDsKCWxlZnQ6MHB4OwoJei1pbmRleDo5OTk4cHg7Cn0KCgoKZGl2I3JjX3JpZ2h0QXJlYSAucmNfcmlnaHR7CgliYWNrZ3JvdW5kOiB1cmwoImh0dHBzOi8vaW1hZ2UucmFrdXRlbi5jby5qcC9kZXJhZGVyYS9jYWJpbmV0L3RpdGxlL25ld3Bpa28wNjAxcl8xLmpwZyIpIG5vLXJlcGVhdCBzY3JvbGwgMCAwIHRyYW5zcGFyZW50OyAgCn0KCmRpdiNyY19yaWdodEFyZWEyIC5yY19yaWdodDJ7CgliYWNrZ3JvdW5kOiB1cmwoImh0dHBzOi8vaW1hZ2UucmFrdXRlbi5jby5qcC9kZXJhZGVyYS9jYWJpbmV0L3RpdGxlL25ld3Bpa29uZXdfMC5qcGciKSBuby1yZXBlYXQgc2Nyb2xsIDAgMCB0cmFuc3BhcmVudDsgIAp9CgpkaXYjcmNfcmlnaHRBcmVhMyAucmNfcmlnaHQzewoJYmFja2dyb3VuZDogdXJsKCJodHRwczovL2ltYWdlLnJha3V0ZW4uY28uanAvZGVyYWRlcmEvY2FiaW5ldC9odG1sbWFpbDQvbmV3cGlrb18zci5qcGciKSBuby1yZXBlYXQgc2Nyb2xsIDAgMCB0cmFuc3BhcmVudDsKfQoKZGl2I3JjX3JpZ2h0QXJlYTQgLnJjX3JpZ2h0NHsKCWJhY2tncm91bmQ6IHVybCgiaHR0cHM6Ly9pbWFnZS5yYWt1dGVuLmNvLmpwL2RlcmFkZXJhL2NhYmluZXQvaHRtbG1haWw0L25ld3Bpa29fNHIuanBnIikgbm8tcmVwZWF0IHNjcm9sbCAwIDAgdHJhbnNwYXJlbnQ7Cn0KCgpkaXYjcmNfcmlnaHRBcmVhIC5yY19yaWdodDpob3ZlciAsCmRpdiNyY19yaWdodEFyZWEyIC5yY19yaWdodDI6aG92ZXIgLApkaXYjcmNfcmlnaHRBcmVhMyAucmNfcmlnaHQzOmhvdmVyICwKZGl2I3JjX3JpZ2h0QXJlYTQgLnJjX3JpZ2h0NDpob3ZlciB7CgliYWNrZ3JvdW5kLXBvc2l0aW9uOjBweCAwcHg7IHdpZHRoOjEwMHB4OwogIG9wYWNpdHk6IDAuNzsKICBmaWx0ZXI6IGFscGhhKG9wYWNpdHk9NzApOwogIC1tcy1maWx0ZXI6ICJhbHBoYShvcGFjaXR5PTcwKSI7Cn0KfQoKYm9keTp7Zm9udC1mYW1pbHk6IEF2ZW5pciAsICJPcGVuIFNhbnMiICwgIkhlbHZldGljYSBOZXVlIiAsIEhlbHZldGljYSAsIEFyaWFsICwgVmVyZGFuYSAsIFJvYm90byAsICLmuLjjgrTjgrfjg4Pjgq8iICwgIll1IEdvdGhpYyIgLCAi5ri444K044K344OD44Kv5L2TIiAsICJZdUdvdGhpYyIgLCAi44OS44Op44Ku44OO6KeS44K0IFBybyBXMyIgLCAiSGlyYWdpbm8gS2FrdSBHb3RoaWMgUHJvIiAsICJNZWlyeW8gVUkiICwgIuODoeOCpOODquOCqiIgLCBNZWlyeW8gLCAi77yt77yzIO+8sOOCtOOCt+ODg+OCryIgLCAiTVMgUEdvdGhpYyIgLCBzYW5zLXNlcmlmICFpbXBvcnRhbnQ7Cn0KCi0tPgo8L3N0eWxlPgoKPGxpbmsgcmVsPSJzdHlsZXNoZWV0IiBtZWRpYT0ib25seSBzY3JlZW4gYW5kIChtYXgtZGV2aWNlLXdpZHRoOiAxMDI0cHgpIiBocmVmPSJodHRwczovL3d3dy5yYWt1dGVuLm5lLmpwL2dvbGQvZGVyYWRlcmEvY3NzL2lwYWQuY3NzIiB0eXBlPSJ0ZXh0L2NzcyIgLz4KPGxpbmsgbWVkaWE9Im9ubHkgc2NyZWVuIGFuZCAobWF4LWRldmljZS13aWR0aDogNDgwcHgpIiBocmVmPSJodHRwczovL3d3dy5yYWt1dGVuLm5lLmpwL2dvbGQvZGVyYWRlcmEvY3NzL2lwYWQuY3NzIiB0eXBlPSJ0ZXh0L2NzcyIgcmVsPSJzdHlsZXNoZWV0IiAvPgoKPGRpdiBpZD0icmNfcmlnaHRBcmVhIj4KCTHjga7jg5Djg4rjg7wKPC9kaXY+CjxkaXYgaWQ9InJjX3JpZ2h0QXJlYTIiPgoJMuOBruODkOODiuODvAo8L2Rpdj4KPGRpdiBpZD0icmNfcmlnaHRBcmVhMyI+Cgkz44Gu44OQ44OK44O8CjwvZGl2Pgo8ZGl2IGlkPSJyY19yaWdodEFyZWE0Ij4KCTTjga7jg5Djg4rjg7wKPC9kaXY+,44CQNjXlkajlubTjgrvjg7zjg6vjgJHjg57jg6rjg43jg4Pjg6kg44OK44Od44OqIGZvciDjg4njg6vjg6LjgqLjgIDjgIDjgrXjg4Pjgq/jgrnjg5bjg6vjg7zvvIbjg5bjg6vjg7zjg5zjg7zjg4Djg7wg44Os44O844K55qih5qeY44Gu57eo44G/44Gr44Gm6YCP44GR44Gu576O5a2mIOOCteODnuODvOODi+ODg+ODiOOCv+OCpOOAgOODjeOCr+OCv+OCpO+8muOCpOODs+ODneODvOODiOOCu+ODrOOCr+ODiFNIT1Djgafjgonjgafjgok=,44Gn44KJ44Gn44KJ44Kq44Ot44OT44Ki44Oz44Kz44K/44OI44Op44K544OR44Op44OW44O844OE44OV44Kj44OK44Oi44Os44K744Os44Kv44OI44K344On44OD44OX44CQNjXlkajlubTjgrvjg7zjg6vjgJHjg57jg6rjg43jg4Pjg6kg44OK44Od44OqIGZvciDjg4njg6vjg6LjgqLjgIDjgIDjgrXjg4Pjgq/jgrnjg5bjg6vjg7zvvIbjg5bjg6vjg7zjg5zjg7zjg4Djg7wg44Os44O844K55qih5qeY44Gu57eo44G/44Gr44Gm6YCP44GR44Gu576O5a2mIOOCteODnuODvOODi+ODg+ODiOOCv+OCpOOAgOODjeOCr+OCv+OCpA==,44Oe44Oq44ON44OD44OpICDjg4njg6vjg6LjgqIg44OJ44OD44OIIOODrOODvOOCuSDjgrfjg6vjgq/jg4vjg4Pjg4jjgr/jgqTjgILjgJA2NeWRqOW5tOOCu+ODvOODq+OAkeODnuODquODjeODg+ODqSDjg4rjg53jg6ogZm9yIOODieODq+ODouOCouOAgOOAgOOCteODg+OCr+OCueODluODq+ODvO+8huODluODq+ODvOODnOODvOODgOODvCDjg6zjg7zjgrnmqKHmp5jjga7nt6jjgb/jgavjgabpgI/jgZHjga7nvo7lraYg44K144Oe44O844OL44OD44OI44K/44Kk44CA44ON44Kv44K/44Kk[rn]
39-76506,aHR0cDovL3RzaG9wLnIxMHMuanAvZGVyYWRlcmEvY2FiaW5ldC9kb3Jtb2hyL21pczg0Ny0wMDQuanBnP2ZpdGluPTcwMDo3MDA=,MTEwNTkuMjAwMA==,,44OQ44OD44Kw44O75bCP54mp44O744OW44Op44Oz44OJ6ZuR6LKoID4g44K544O844OE55So44OV44Kh44OD44K344On44Oz5bCP54mpID4g44ON44Kv44K/44Kk,44CQNjXlkajlubTjgrvjg7zjg6vjgJHjg57jg6rjg43jg4Pjg6kg44OK44Od44OqIGZvciDjg4njg6vjg6LjgqLjgIDjgIDjg5bjg6njg4Pjgq/Dl+ODmeODvOOCuOODpSDjg5DjgqTjgqvjg6njg7zjgafjg6Ljg4Djg7PjgavjgIEy6Imy44Oc44O844OA44O844OH44K244Kk44Oz44Os44O844K557eo44G/44OL44OD44OI44K/44Kk,44Oe44Oq44ON44OD44OpICDjg4njg6vjg6LjgqIg44Os44O844K5IOOCt+ODq+OCr+ODi+ODg+ODiOOCv+OCpA==,PGRpdiBjbGFzcz0iaS13cmFwcGVyIj4KIAogPCEtLSBBQk9VVCBJVEVNIC3llYblk4Hjga7jgZTntLnku4stIC0tPgogICA8aDM+QUJPVVQgSVRFTSZuYnNwOyZuYnNwOy3llYblk4Hjga7jgZTntLnku4stPC9oMz4KICAgPGRpdiBjbGFzcz0iaXRlbV9kZXNjIj4KICAgICA8dGFibGU+CiAgICAgICA8dHI+PHRoPgogICAgICAgICA8IS0tIOODluODqeODs+ODieODreOCtOeUu+WDjyAtLT48aW1nIHNyYz0iaHR0cHM6Ly93d3cucmFrdXRlbi5uZS5qcC9nb2xkL2RlcmFkZXJhL2l0ZW0vbG9nby9tYXJpbmVsbGEuanBnIj4gICAgICAgPC90aD48dGQ+PHA+CumAj+OBkeOBrualteOBv+OBp+S5meWls+W/g+OCkuaOtOOCgDxCUj7jg6zjg7zjgrnnt6jjgb/jgr/jgqTjg5fjga7jg4vjg4Pjg4jjgr/jgqTjgIIKPC9wPjwvdGQ+PC90cj48L3RhYmxlPgogICA8L2Rpdj4KICAgPGRpdiBjbGFzcz0iaXRlbV9kZXNjX2ltZyBjbGVhcmZpeCI+CiAgICAgPGRpdiBjbGFzcz0iaXRlbV9kZXNjX2ltZ19sZWZ0Ij48cD4KPCEtLSDjg6HjgqTjg7PnlLvlg48wMSg1MDB4NjYwKSAtLT48aW1nIHNyYz0iaHR0cHM6Ly9pbWFnZS5yYWt1dGVuLmNvLmpwL2RlcmFkZXJhL2NhYmluZXQvZG9ybW9oci9taXM4NDctMDA0LmpwZyIgd2lkdGg9IjUwMCIgaGVpZ2h0PSI2NjYiIGFsdD0iIiBjbGFzcz0iZGVyYWltZyI+CjwvcD48L2Rpdj48ZGl2IGNsYXNzPSJpdGVtX2Rlc2NfaW1nX3JpZ2h0Ij48cCBjbGFzcz0ibWIyMCI+CiA8aW1nIHNyYz0iaHR0cHM6Ly9pbWFnZS5yYWt1dGVuLmNvLmpwL2RlcmFkZXJhL2NhYmluZXQvZG9ybW9oci9taXM4NDctMDA0X2EuanBnIiB3aWR0aD0iNDcwIiBoZWlnaHQ9IjMyMCIgYWx0PSIiIGNsYXNzPSJkZXJhaW1nIj4KICAgICA8IS0tIOODoeOCpOODs+eUu+WDjzAyKDQ3MHgzMjApIC0tPgogICAgIDwvcD48cD4KICAgICA8IS0tIOODoeOCpOODs+eUu+WDjzAzKDQ3MHgzMjApIC0tPiA8aW1nIHNyYz0iaHR0cHM6Ly9pbWFnZS5yYWt1dGVuLmNvLmpwL2RlcmFkZXJhL2NhYmluZXQvZG9ybW9oci9taXM4NDctMDA0X2IuanBnIiB3aWR0aD0iNDcwIiBoZWlnaHQ9IjMyMCIgYWx0PSIiIGNsYXNzPSJkZXJhaW1nIj4KICAgICA8L3A+PC9kaXY+PHAgY2xhc3M9Iml0ZW0tdGV4dCI+CjIwMOW5tOS7peS4iuOCguOBruS8nee1seOCkuaMgeOBpOaEn+aAp+ixiuOBi+OBquOCpOOCv+ODquOCouijveODi+ODg+ODiOODluODqeODs+ODiSBEcnVtb2hy77yI44OJ44Or44Oi44Ki77yJ44GL44KJ44GuPGJyPgoyMDE25bm05pil5aSP5paw5L2c44OL44OD44OI44K/44Kk44CCPGJyPgrjganjgaHjgonjga7oibLjgoLjgq3jg6rjg6rjgajjgZfjgZ/jgqTjg6Hjg7zjgrjjgIHmuIXmtrzmhJ/jgavmuqLjgozjgovlpKfpm5Hmiorjgarjg4vjg4Pjg4jjga7nt6jjgb/jgoLjgYLjgo/jgZXjgorjgIE8YnI+CumdnuW4uOOBq+a4heOAheOBl+OBj+OAgeS4lOOBpOOAgeeOi+mBk+OBruODluODquODhuOCo+ODg+OCt+ODpeODgeOCp+ODg+OCr+ODkeOCv+ODvOODs+OBruS4gOeoruOBqOOCguiogOOBhuOBueOBjTxicj4K6Imy44Gu6Zuw5Zuy5rCX44Gn44G+44Go44KB44KJ44KM44Gm44GE44G+44GZ44CCPGJyPgozLjVjbeW5heOBruODnOODvOODgOODvOOCq+ODqeODvOOBjOS4u+S9k+OBquOBruOBi+OAgeOBk+OBruWlpeOBjOmAj+OBkeOCi+OAgeaJh+OBruOCiOOBhuOBquWbs+W9oueahOOBquODkeOCv+ODvOODs+OBrjxicj4K44Os44O844K557eo44G/44GM5Li75b2544Gq44Gu44GL44Go6L+344GG5Yem44CCPGJyPgrnq4vkvZPnmoTjgarmqKHmp5jnt6jjgb/jgavliqDjgYjjgIHjg6Ljg4Djg7Pjgavku5XkuIrjgYzjgovjg5bjg6njg4Pjgq/vvIbjg5njg7zjgrjjg6Xjgqvjg6njg7zjgII8YnI+CuOBqeOBoeOCieOCguOBqeOBoeOCieOBp+ODoeOCpOODs+OCkuW8teOCi+WAi+aAp+OCkuaMgeOBo+OBpuOBhOOBvuOBmeOBjOOAgTxCUj7njovpgZPjgpLmhJ/jgZjjgZXjgZvjgabjgY/jgozjgovpq5jjgYTlrozmiJDluqbjgII8YnI+CuODjeOCr+OCv+OCpOOBqOOBl+OBpuOCs+ODvOODh+OCo+ODjeOCpOODiOOCkuiPr+OChOOBi+OBq+OBleOBm+OCi+OBruOBr+OCu+ODs+OCueOBruiznOeJqeOAgjxicj4K44Kk44K/44Oq44Ki44Gu44Ko44OD44K744Oz44K544KS5Y+W44KK5YWl44KM44CBIOmrmOOBhOOCr+OCquODquODhuOCo+OBp+OBguOCi+ODnuODquODjeODg+ODqeekvuOBjOiqh+OCi+acgOmrmOODqeODs+OCr+OBruOAjOaJi+S9nOOCiuOAjeaEn+OBqOOAgTxicj4K44OJ44Or44Oi44Ki44Gu5b6X5oSP44Go44GZ44KL44OI44Os44Oz44OJ5oCn44KS5Y+W44KK5YWl44KM44Gf44OP44Kk44Kv44Kq44Oq44OG44Kj44Gq44OL44OD44OI6KO95ZOB44Go44GX44GmPGJyPgrvvJLnpL7jga7mhI/msJfmipXlkIjjgZXjgYzopovjgonjgozjgovkvZzlk4Hjga/jgIHnibnliKXjgarlsILnlKjjg5zjg4Pjgq/jgrnjgavlhaXjgozjgabjgYrlsYrjgZHjgYTjgZ/jgZfjgb7jgZnjgII8L2Rpdj4KIDxkaXYgc3R5bGU9ImNsZWFyOmJvdGg7IG1hcmdpbi1ib3R0b206NDBweDsgb3ZlcmZsb3c6aGlkZGVuOyI+PC9kaXY+CiA8IS0tIC8vQUJPVVQgSVRFTSAt5ZWG5ZOB44Gu44GU57S55LuLLSAtLT4KIAogPCEtLSBERVRBSUwgLeOCruODo+ODqeODquODvC0gLS0+CiAgIDxoMz5ERVRBSUwmbmJzcDsmbmJzcDst44Ku44Oj44Op44Oq44O8LTwvaDM+CiAgIDxkaXYgY2xhc3M9Im1iNDAiPgogICA8IS0tIOOCruODo+ODqeODquODvOOAgOOCueODqeOCpOODgOODvGlmcmFtZeWRvOOBs+WHuuOBlyAtLT4KICAgICA8aWZyYW1lIHNyYz0iaHR0cHM6Ly93d3cucmFrdXRlbi5uZS5qcC9nb2xkL2RlcmFkZXJhL2l0ZW0vbWlzODQ3LTAwNC5odG1sIiB3aWR0aD0iMTAwMCIgaGVpZ2h0PSI2NTgiIHNjcm9sbGluZz0ibm8iIGZyYW1lYm9yZGVyPSIwIiA+PC9pZnJhbWU+CiAgIDwvZGl2PgogPCEtLSAvL0RFVEFJTCAt44Ku44Oj44Op44Oq44O8LSAtLT4KIAogPCEtLSBBQk9VVCBCUkFORCAt44OW44Op44Oz44OJ44Gr44Gk44GE44GmLSAtLT4KICAgPGgzPkFCT1VUIEJSQU5EJm5ic3A7Jm5ic3A7LeODluODqeODs+ODieOBq+OBpOOBhOOBpi08L2gzPgogICA8cCBjbGFzcz0iYWJvdXQtYmxhbmRfdGV4dCI+CiA8YSBocmVmPSJodHRwczovL3d3dy5yYWt1dGVuLm5lLmpwL2dvbGQvZGVyYWRlcmEvYnJhbmQvZHJ1bW9oci5odG1sIj5EcnVtb2hyPC9hPjxicj5EcnVtb2hy4oCm44CM5LiW55WM5pyA5Y+k44Gu44OL44OD44OI44OW44Op44Oz44OJ44CN44Go6KiA44KP44KM44KL44CBMTc3M+W5tOOBq+OCueOCs+ODg+ODiOODqeODs+ODieOBp+ioreeri+OBleOCjOOBn+ODluODqeODs+ODieOAgjxicj4K44Kk44K/44Oq44Ki44Gu44Ko44OD44K744Oz44K544KS5Y+W44KK5YWl44KM44CBIOmrmOOBhOOCr+OCquODquODhuOCo+OBr+OBneOBruOBvuOBvuOBq+OAgeODiOODrOODs+ODieOCguebm+OCiui+vOOCk+OBoOmtheWKm+eahOOBquijveWTgeOCkueUn+OBv+WHuuOBl+OBpuOBhOOBvuOBmeOAgiA8YnI+Cjxicj4KRS5NQVJJTkVMTEHigKbjg5njg6vjg6vjgrnjgrPjg7zjg4vpppbnm7jjgarjganmrbTku6Pjga7jgqTjgr/jg6rjgqLlpKfntbHpoJjjgpLjga/jgZjjgoHjgIHjgqrjg5Djg57msI/jgoTjgrXjg6vjgrPjgrjmsI/jgIE8YnI+CuOCouODoeODquOCq+OChOODleODqeODs+OCueOBruWkp+e1semgmOOBq+OCguaEm+eUqOOBleOCjOOBpuOBhOOCi+OAgUUuTWFyaW5lbGxhIE5hcG9saeOBruODjeOCr+OCv+OCpOOAgjxicj4K5Ym15qWt5b2T5pmC44GL44KJ5L2/44GG6Iux5Zu955Sj44K344Or44Kv44GM5Lq65rCX44Gu56eY5a+G44CCIDwvcD4KICA8aDQ+44Gd44Gu5LuW44Gu44OW44Op44Oz44OJPC9oND48ZGl2IGNsYXNzPSJvdGhlcl9icmFuZCI+PGEgaHJlZj0iaHR0cHM6Ly93d3cucmFrdXRlbi5uZS5qcC9nb2xkL2RlcmFkZXJhL2JyYW5kL2RydW1vaHIuaHRtbCI+44OJ44Or44Oi44KiPC9hPgo8YSBocmVmPSJodHRwczovL3d3dy5yYWt1dGVuLm5lLmpwL2dvbGQvZGVyYWRlcmEvYnJhbmQvZmVycnVjY2kuaHRtbCI+RkVSUlVDQ0k8L2E+CjxhIGhyZWY9Imh0dHBzOi8vd3d3LnJha3V0ZW4ubmUuanAvZ29sZC9kZXJhZGVyYS9icmFuZC9qb2huX3NtZWRsZXkuaHRtbCI+44K444On44Oz44K544Oh44OJ44Os44O8PC9hPgo8YSBocmVmPSJodHRwczovL3d3dy5yYWt1dGVuLm5lLmpwL2dvbGQvZGVyYWRlcmEvYnJhbmQvYmFyYmEuaHRtbCI+QkFSQkE8L2E+CjxhIGhyZWY9Imh0dHBzOi8vd3d3LnJha3V0ZW4ubmUuanAvZ29sZC9kZXJhZGVyYS9icmFuZC9maW5hbW9yZS5odG1sIj7jg5XjgqPjg4rjg6Ljg6w8L2E+PC9kaXY+CiAgIDxwIGNsYXNzPSJvdGhlcl9icmFuZF9hbGwiPiA8YSBocmVmPSJodHRwczovL2l0ZW0ucmFrdXRlbi5jby5qcC9kZXJhZGVyYS9jLzAwMDAwMDA0ODYvIj7jg5bjg6njg7Pjg4nkuIDopqfjgpLopovjgovihpIgPC9hPjwvcD4gPCEtLSBBQk9VVCBCUkFORCAt44OW44Op44Oz44OJ44Gr44Gk44GE44GmLSAtLT4KCjwhLS0gU1RZTElORyBTQU1QTEUgLeOCueOCv+OCpOODquODs+OCsC0gLS0+CiAgIDxoMz5TVFlMSU5HIFNBTVBMRSZuYnNwOyZuYnNwOy3jgrnjgr/jgqTjg6rjg7PjgrAtPC9oMz4KICAgPGRpdiBjbGFzcz0ic3R5bGluZyBjbGVhcmZpeCI+CiAgICAgPGRpdiBjbGFzcz0ic3R5bGluZ19sZWZ0Ij48cD4KICAgICAgIAo8IS0tIOOCueOCv+OCpOODquODs+OCsOODoeOCpOODs+eUu+WDjyg1NTB4NjUwKSAtLT4KPGltZyBzcmM9Imh0dHBzOi8vaW1hZ2UucmFrdXRlbi5jby5qcC9kZXJhZGVyYS9jYWJpbmV0L2Rvcm1vaHIvbWlzODQ3LTAwNF8wLmpwZyIgd2lkdGg9IjU1MCIgaGVpZ2h0PSI2NTAiIGFsdD0iIj4KICAgICA8L3A+PC9kaXY+PCEtLS8vc3R5bGluZ19sZWZ0LS0+CiAgICAgCiAgICAgCiAgICAgPGRpdiBjbGFzcz0ic3R5bGluZ19yaWdodCI+CiAgICAgICA8aDU+44K544K/44Kk44Oq44Oz44Kw44Ki44Kk44OG44OgPC9oNT4KICAgICAgIAogICAgICAgCiA8dWwgY2xhc3M9ImJhc2ljTGlzdCI+PGxpIGNsYXNzPSJjbGVhcmZpeCI+CiA8YSBocmVmPSJodHRwczovL2l0ZW0ucmFrdXRlbi5jby5qcC9kZXJhZGVyYS84MTE4OTktejAwMDEvIiBjbGFzcz0iY2YiPjxkaXYgY2xhc3M9ImltZyI+CiA8aW1nIHNyYz0iaHR0cHM6Ly9pbWFnZS5yYWt1dGVuLmNvLmpwL2RlcmFkZXJhL2NhYmluZXQvemFub25lLzgxMTg5OS16MDAwMS5qcGciICB3aWR0aD0iMTAwIiBoZWlnaHQ9IjEzNSIgYWx0PSIiPgogPC9kaXY+PGRpdiBjbGFzcz0idGV4dCI+CjxwPlpBTk9ORTxicj4t44Od44Ot44K344Oj44OELTxicj7jg5Tjg57jgrPjg4Pjg4jjg7PjgIDmnIDpq5jntJrjga7otoXplbfnuYrntq3ntr88L3A+IAogICAgICAgICAgICAgPHAgY2xhc3M9ImJ0biI+IOWVhuWTgeOCkuimi+OCiyZndDsmZ3Q7IDwvcD4KICAgICAgICAgPC9kaXY+PC9hPiA8L2xpPgogICAgICAgICAKICAgICAgICAgCjxsaSBjbGFzcz0iY2xlYXJmaXgiPgogPGEgaHJlZj0iaHR0cHM6Ly9pdGVtLnJha3V0ZW4uY28uanAvZGVyYWRlcmEvbWlzODQ3LTAwNC8iIGNsYXNzPSJjZiI+PGRpdiBjbGFzcz0iaW1nIj4KIDxpbWcgc3JjPSJodHRwczovL2ltYWdlLnJha3V0ZW4uY28uanAvZGVyYWRlcmEvY2FiaW5ldC9kb3Jtb2hyL21pczg0Ny0wMDQuanBnIiAgd2lkdGg9IjEwMCIgaGVpZ2h0PSIxMzUiIGFsdD0iIj4KIDwvZGl2PjxkaXYgY2xhc3M9InRleHQiPgogPHA+RHJ1bW9ocjxicj4t44OL44OD44OI44K/44KkLTxicj7jg5bjg6njg4Pjgq/Dl+ODmeODvOOCuOODpeOAgOODnOODvOODgOODvO+8huODrOODvOOCuee3qOOBvzwvcD4gCiAgICAgICAgICAgICA8cCBjbGFzcz0iYnRuIj4g5ZWG5ZOB44KS6KaL44KLJmd0OyZndDsgPC9wPgogICAgICAgICA8L2Rpdj48L2E+IDwvbGk+CiAgICAgICAgIAogICAgICAgICAKPGxpIGNsYXNzPSJjbGVhcmZpeCI+CiA8YSBocmVmPSJodHRwczovL2l0ZW0ucmFrdXRlbi5jby5qcC9kZXJhZGVyYS9yaXRqMXgtczE1bWlkMzgvIiBjbGFzcz0iY2YiPjxkaXYgY2xhc3M9ImltZyI+CiA8aW1nIHNyYz0iaHR0cHM6Ly9pbWFnZS5yYWt1dGVuLmNvLmpwL2RlcmFkZXJhL2NhYmluZXQvcGFudHMvcml0ajF4LXMxNW1pZDM4LmpwZyIgIHdpZHRoPSIxMDAiIGhlaWdodD0iMTM1IiBhbHQ9IiI+CiA8L2Rpdj48ZGl2IGNsYXNzPSJ0ZXh0Ij4KIDxwPlRSQU1BUk9TU0E8YnI+LeODh+ODi+ODoC08YnI+57Sz5aOr44GV44GM6Zu244KM6JC944Gh44KL44CA576O44GX44GN44K544Oq44Og44OV44Kj44OD44OIPC9wPgogICAgICAgICAgICAgPHAgY2xhc3M9ImJ0biI+IOWVhuWTgeOCkuimi+OCiyZndDsmZ3Q7IDwvcD4KICAgICAgICAgPC9kaXY+PC9hPiA8L2xpPgogICAgICAgICAKICAgICAgICAgCjxsaSBjbGFzcz0iY2xlYXJmaXgiPgogPGEgaHJlZj0iaHR0cHM6Ly9pdGVtLnJha3V0ZW4uY28uanAvZGVyYWRlcmEvMTQ1OTUxNC8iIGNsYXNzPSJjZiI+PGRpdiBjbGFzcz0iaW1nIj4KIDxpbWcgc3JjPSJodHRwczovL2ltYWdlLnJha3V0ZW4uY28uanAvZGVyYWRlcmEvY2FiaW5ldC9wYXJhL2FudmVycy0wNjc0MjQuanBnIiAgd2lkdGg9IjEwMCIgaGVpZ2h0PSIxMzUiIGFsdD0iIj4KIDwvZGl2PjxkaXYgY2xhc3M9InRleHQiPgogPHA+UEFSQUJPT1Q8YnI+LUFOVkVSUy08YnI+44Oi44Kr44K344Oz44K544Oq44OD44Od44Oz44CA5p+U44KJ44GL44Gq44K344Oc6Z2pPC9wPgogICAgICAgICAgICAgPHAgY2xhc3M9ImJ0biI+IOWVhuWTgeOCkuimi+OCiyZndDsmZ3Q7IDwvcD4KICAgICAgICAgPC9kaXY+PC9hPgogIDwvbGk+CjwvdWw+CiAgICAgPC9kaXY+PCEtLS8vc3R5bGluZ19yaWdodC0tPjwvZGl2Pgo8L2Rpdj48IS0taS13cmFwcGVyLS0+PGJyPgo8YnI+CjxwPjxpbWcgc3JjPSJodHRwczovL2ltYWdlLnJha3V0ZW4uY28uanAvZGVyYWRlcmEvY2FiaW5ldC90ZXN0L2F3dGVzdF9jb2xvcnIuanBnIiBib3JkZXI9IjAiPjwvcD48dGFibGUgY2VsbHBhZGRpbmc9IjEwIiBjZWxsc3BhY2luZz0iMCI+PHRib2R5Pjx0cj4KPHRkIGFsaWduPSJjZW50ZXIiPgo8aW1nIHNyYz0iaHR0cHM6Ly9pbWFnZS5yYWt1dGVuLmNvLmpwL2RlcmFkZXJhL2NhYmluZXQvZG9ybW9oci9taXM4NDctMDAxXzMuanBnIiBib3JkZXI9IjAiIHdpZHRoPSIyMDAiPjxicj4K44Oc44Or44OJ44O8w5fjg43jgqTjg5Pjg7w8L3RkPgo8dGQgYWxpZ249ImNlbnRlciI+CjxpbWcgc3JjPSJodHRwczovL2ltYWdlLnJha3V0ZW4uY28uanAvZGVyYWRlcmEvY2FiaW5ldC9kb3Jtb2hyL21pczg0Ny0wMDJfMy5qcGciIGJvcmRlcj0iMCIgd2lkdGg9IjIwMCI+PGJyPgrjg6njgqTjg4jjgrDjg6zjg7zDl+OCsOODquODvOODszwvdGQ+Cgo8L3RyPgo8dHI+Cjx0ZCBhbGlnbj0iY2VudGVyIj4KPGltZyBzcmM9Imh0dHBzOi8vaW1hZ2UucmFrdXRlbi5jby5qcC9kZXJhZGVyYS9jYWJpbmV0L2Rvcm1vaHIvbWlzODQ3LTAwM18zLmpwZyIgYm9yZGVyPSIwIiB3aWR0aD0iMjAwIj48YnI+CuOCteODg+OCr+OCueODluODq+ODvMOX44OW44Or44O8PC90ZD4KPHRkIGFsaWduPSJjZW50ZXIiPgo8aW1nIHNyYz0iaHR0cHM6Ly9pbWFnZS5yYWt1dGVuLmNvLmpwL2RlcmFkZXJhL2NhYmluZXQvZG9ybW9oci9taXM4NDctMDA0XzMuanBnIiBib3JkZXI9IjAiIHdpZHRoPSIyMDAiPjxicj4K44OW44Op44OD44Kvw5fjg5njg7zjgrjjg6U8L3RkPgoKPC90cj4KIDwvdGJvZHk+PC90YWJsZT4KCjxwPjxpbWcgc3JjPSJodHRwczovL2ltYWdlLnJha3V0ZW4uY28uanAvZGVyYWRlcmEvY2FiaW5ldC90ZXN0L2F3dGVzdF9zaG91c2Fpci5qcGciIGJvcmRlcj0iMCI+PC9wPjx0YWJsZSBiZ2NvbG9yPSIjNjY2NjY2IiBib3JkZXI9IjAiIGNlbGxwYWRkaW5nPSI1IiBjZWxsc3BhY2luZz0iMSI+PHRib2R5Pjx0ciBiZ2NvbG9yPSIjZmZmZmZmIj48dGQ+PGI+44OW44Op44Oz44OJPC9iPjwvdGQ+CiA8dGQ+PGZvbnQgc2l6ZT0iLTEiPuODieODq+ODouOCojxicj5EcnVtb2hyPC90ZD4KPC90cj48dHIgYmdjb2xvcj0iI2ZmZmZmZiI+PHRkPjxiPuOCq+ODqeODvDwvYj48L3RkPgogPHRkPjxmb250IHNpemU9Ii0xIj7jg5bjg6njg4Pjgq/Dl+ODmeODvOOCuOODpTwvdGQ+CjwvdHI+Cjx0ciBiZ2NvbG9yPSIjZmZmZmZmIj48dGQ+PGI+57Sg5p2QPC9iPjwvdGQ+CiA8dGQ+PGZvbnQgc2l6ZT0iLTEiPuOCt+ODq+OCrzEwMO+8hTwvdGQ+CjwvdHI+Cjx0ciBiZ2NvbG9yPSIjZmZmZmZmIj48dGQ+PGI+5LuV5qeYPC9iPjwvdGQ+CiA8dGQ+PGZvbnQgc2l6ZT0iLTEiPgrlsILnlKjjg5zjg4Pjgq/jgrk8YnI+Ck1BREUgSU4gSVRBTFk8L3RkPgo8L3RyPgo8L3Rib2R5PjwvdGFibGU+Cjxicj4gPGJyPjxwPjxpbWcgc3JjPSJodHRwczovL2ltYWdlLnJha3V0ZW4uY28uanAvZGVyYWRlcmEvY2FiaW5ldC90ZXN0L2F3dGVzdF9zcGVjci5qcGciIGJvcmRlcj0iMCI+PC9wPgo8dGFibGUgYmdjb2xvcj0iIzY2NjY2NiIgYm9yZGVyPSIwIiBjZWxscGFkZGluZz0iMTAiIGNlbGxzcGFjaW5nPSIxIj4KIDx0ciBiZ2NvbG9yPSIjZmZmZmZmIj48dGQ+PGI+PC9iPjwvdGQ+PHRkPjxiPuWFqOmVtzwvYj48L3RkPgo8dGQ+PGI+5aSn5YmjPC9iPjwvdGQ+Cjx0ZD48Yj7lsI/liaM8L2I+PC90ZD4KPC90cj4KIDx0ciBiZ2NvbG9yPSIjZmZmZmZmIj4gPHRkPjxiPuODr+ODs+OCteOCpOOCujwvYj48L3RkPgo8dGQ+MTQwY208L3RkPgo8dGQ+NmNtIDwvdGQ+Cjx0ZD41Y20gPC90ZD4KPC90cj4KCiA8L3RhYmxlPgoKPGJyPgo8YnI+Cjxicj4KPGJyPgrjg7sg5o6h5a+45pa55rOV44Gr44Gk44GE44Gm44Gv44CA44Kz44OB44OpIOOCkuOBlOeiuuiqjeOBj+OBoOOBleOBhOOBvuOBm+OAgjxicj4K44O7IOW8iuekvuODqeODg+ODlOODs+OCsOOBq+OBpOOBjeOBvuOBl+OBpuOBr+OCs+ODgeODqeOBi+OCieOBlOeiuuiqjeOBhOOBn+OBoOOBkeOBvuOBmeOAgjxicj4K44O7IOWun+eJqeOCkuW3u+WwuuOBp+aOoeWvuOOBl+OBpuOBruW5s+Wdh+WApOOBp+OBmeOAguaVsOWApOOBruiLpeW5suOBruiqpOW3ruOBr+OBlOWuuei1puOBj+OBoOOBleOBhOOAguOBiuaJi+aMgeOBoeOBruOCouOCpOODhuODoOOBqOOBruOBlOavlOi8g+OBq+OBlOWIqeeUqOOBj+OBoOOBleOBhOOBvuOBm+OAgjxicj4K44O7IOW6l+mgreOBp+OCguiyqeWjsuOBleOBm+OBpuOBhOOBn+OBoOOBhOOBpuOBiuOCiuOBvuOBmeOBruOBp+OAgeWjsuOCiumBleOBhOOBrumam+OBr+OBlOWuuei1pumhmOOBhOOBvuOBmeOAgjxicj4KPGJyPgo8YnI+Cjxicj4KPGJyPgo8YnI+CuOBneOBruOBu+OBi+OAgOODieODq+ODouOCouOAgOOBr+OAgOOBk+OBoeOCieOBi+OCiTxicj4KPGltZyBzcmM9Imh0dHBzOi8vaW1hZ2UucmFrdXRlbi5jby5qcC9kZXJhZGVyYS9jYWJpbmV0L2FuY2hvci9hbmNob3JfZHJ1LmpwZyIgYm9yZGVyPSIwIj48bGluayBocmVmPSJodHRwczovL3d3dy5yYWt1dGVuLm5lLmpwL2dvbGQvZGVyYWRlcmEvaXRlbS9pdGVtMi5jc3MiIHJlbD0ic3R5bGVzaGVldCIgdHlwZT0idGV4dC9jc3MiPgo8bGluayBocmVmPSJodHRwczovL3d3dy5yYWt1dGVuLm5lLmpwL2dvbGQvZGVyYWRlcmEvYm5yX2llLmNzcyIgcmVsPSJzdHlsZXNoZWV0IiB0eXBlPSJ0ZXh0L2NzcyI+CgoKCjxzdHlsZSBUWVBFPSJ0ZXh0L2NzcyI+CgovKiDntI3mnJ/mg4XloLEgKi8KCnRkLmludmVudG9yeSBmb250e2ZvbnQtc2l6ZToxMHB4O2NvbG9yOiM2NjY2NjY7fQp0ZC5pbnZlbnRvcnl7d29yZC13cmFwOmJyZWFrLXdvcmQ7d2lkdGg6ODBweDt9CgoKLyogcmlnaHQgZml4ZCAqLwoKCmRpdiNyY19yaWdodEFyZWF7Cglwb3NpdGlvbjogZml4ZWQ7Cgl0b3A6IDE4MHB4OwoJcmlnaHQ6IDBweDsKCXRleHQtaW5kZW50Oi05OTkzcHg7CglkaXNwbGF5OmJsb2NrOwp9CgpkaXYjcmNfcmlnaHRBcmVhMnsKCXBvc2l0aW9uOiBmaXhlZDsKCXRvcDogMzAwcHg7CglyaWdodDogMHB4OwoJdGV4dC1pbmRlbnQ6LTk5OTNweDsKCWRpc3BsYXk6YmxvY2s7Cn0KCmRpdiNyY19yaWdodEFyZWEzewoJcG9zaXRpb246IGZpeGVkOwoJdG9wOiA0MjBweDsKCXJpZ2h0OiAwcHg7Cgl0ZXh0LWluZGVudDotOTk5M3B4OwoJZGlzcGxheTpibG9jazsKfQoKZGl2I3JjX3JpZ2h0QXJlYTR7Cglwb3NpdGlvbjogZml4ZWQ7Cgl0b3A6IDU0MHB4OwoJcmlnaHQ6IDBweDsKCXRleHQtaW5kZW50Oi05OTkzcHg7CglkaXNwbGF5OmJsb2NrOwp9CgpkaXYjcmNfcmlnaHRBcmVhIC5yY19yaWdodCAsCmRpdiNyY19yaWdodEFyZWEyIC5yY19yaWdodDIgLApkaXYjcmNfcmlnaHRBcmVhMyAucmNfcmlnaHQzICwKZGl2I3JjX3JpZ2h0QXJlYTQgLnJjX3JpZ2h0NCB7CglvdXRsaW5lOm5vbmU7CglkaXNwbGF5OiBibG9jazsKCXBvc2l0aW9uOiByZWxhdGl2ZTsKCXdpZHRoOjEwMHB4OwoJaGVpZ2h0OjEwMHB4OwoJbGVmdDowcHg7Cgl6LWluZGV4Ojk5OThweDsKfQoKCgpkaXYjcmNfcmlnaHRBcmVhIC5yY19yaWdodHsKCWJhY2tncm91bmQ6IHVybCgiaHR0cHM6Ly9pbWFnZS5yYWt1dGVuLmNvLmpwL2RlcmFkZXJhL2NhYmluZXQvdGl0bGUvbmV3cGlrbzA2MDFyXzEuanBnIikgbm8tcmVwZWF0IHNjcm9sbCAwIDAgdHJhbnNwYXJlbnQ7ICAKfQoKZGl2I3JjX3JpZ2h0QXJlYTIgLnJjX3JpZ2h0MnsKCWJhY2tncm91bmQ6IHVybCgiaHR0cHM6Ly9pbWFnZS5yYWt1dGVuLmNvLmpwL2RlcmFkZXJhL2NhYmluZXQvdGl0bGUvbmV3cGlrb25ld18wLmpwZyIpIG5vLXJlcGVhdCBzY3JvbGwgMCAwIHRyYW5zcGFyZW50OyAgCn0KCmRpdiNyY19yaWdodEFyZWEzIC5yY19yaWdodDN7CgliYWNrZ3JvdW5kOiB1cmwoImh0dHBzOi8vaW1hZ2UucmFrdXRlbi5jby5qcC9kZXJhZGVyYS9jYWJpbmV0L2h0bWxtYWlsNC9uZXdwaWtvXzNyLmpwZyIpIG5vLXJlcGVhdCBzY3JvbGwgMCAwIHRyYW5zcGFyZW50Owp9CgpkaXYjcmNfcmlnaHRBcmVhNCAucmNfcmlnaHQ0ewoJYmFja2dyb3VuZDogdXJsKCJodHRwczovL2ltYWdlLnJha3V0ZW4uY28uanAvZGVyYWRlcmEvY2FiaW5ldC9odG1sbWFpbDQvbmV3cGlrb180ci5qcGciKSBuby1yZXBlYXQgc2Nyb2xsIDAgMCB0cmFuc3BhcmVudDsKfQoKCmRpdiNyY19yaWdodEFyZWEgLnJjX3JpZ2h0OmhvdmVyICwKZGl2I3JjX3JpZ2h0QXJlYTIgLnJjX3JpZ2h0Mjpob3ZlciAsCmRpdiNyY19yaWdodEFyZWEzIC5yY19yaWdodDM6aG92ZXIgLApkaXYjcmNfcmlnaHRBcmVhNCAucmNfcmlnaHQ0OmhvdmVyIHsKCWJhY2tncm91bmQtcG9zaXRpb246MHB4IDBweDsgd2lkdGg6MTAwcHg7CiAgb3BhY2l0eTogMC43OwogIGZpbHRlcjogYWxwaGEob3BhY2l0eT03MCk7CiAgLW1zLWZpbHRlcjogImFscGhhKG9wYWNpdHk9NzApIjsKfQp9Cgpib2R5Ontmb250LWZhbWlseTogQXZlbmlyICwgIk9wZW4gU2FucyIgLCAiSGVsdmV0aWNhIE5ldWUiICwgSGVsdmV0aWNhICwgQXJpYWwgLCBWZXJkYW5hICwgUm9ib3RvICwgIua4uOOCtOOCt+ODg+OCryIgLCAiWXUgR290aGljIiAsICLmuLjjgrTjgrfjg4Pjgq/kvZMiICwgIll1R290aGljIiAsICLjg5Ljg6njgq7jg47op5LjgrQgUHJvIFczIiAsICJIaXJhZ2lubyBLYWt1IEdvdGhpYyBQcm8iICwgIk1laXJ5byBVSSIgLCAi44Oh44Kk44Oq44KqIiAsIE1laXJ5byAsICLvvK3vvLMg77yw44K044K344OD44KvIiAsICJNUyBQR290aGljIiAsIHNhbnMtc2VyaWYgIWltcG9ydGFudDsKfQoKLS0+Cjwvc3R5bGU+Cgo8bGluayByZWw9InN0eWxlc2hlZXQiIG1lZGlhPSJvbmx5IHNjcmVlbiBhbmQgKG1heC1kZXZpY2Utd2lkdGg6IDEwMjRweCkiIGhyZWY9Imh0dHBzOi8vd3d3LnJha3V0ZW4ubmUuanAvZ29sZC9kZXJhZGVyYS9jc3MvaXBhZC5jc3MiIHR5cGU9InRleHQvY3NzIiAvPgo8bGluayBtZWRpYT0ib25seSBzY3JlZW4gYW5kIChtYXgtZGV2aWNlLXdpZHRoOiA0ODBweCkiIGhyZWY9Imh0dHBzOi8vd3d3LnJha3V0ZW4ubmUuanAvZ29sZC9kZXJhZGVyYS9jc3MvaXBhZC5jc3MiIHR5cGU9InRleHQvY3NzIiByZWw9InN0eWxlc2hlZXQiIC8+Cgo8ZGl2IGlkPSJyY19yaWdodEFyZWEiPgoJMeOBruODkOODiuODvAo8L2Rpdj4KPGRpdiBpZD0icmNfcmlnaHRBcmVhMiI+Cgky44Gu44OQ44OK44O8CjwvZGl2Pgo8ZGl2IGlkPSJyY19yaWdodEFyZWEzIj4KCTPjga7jg5Djg4rjg7wKPC9kaXY+CjxkaXYgaWQ9InJjX3JpZ2h0QXJlYTQiPgoJNOOBruODkOODiuODvAo8L2Rpdj4=,44CQNjXlkajlubTjgrvjg7zjg6vjgJHjg57jg6rjg43jg4Pjg6kg44OK44Od44OqIGZvciDjg4njg6vjg6LjgqLjgIDjgIDjg5bjg6njg4Pjgq8mdGltZXM744OZ44O844K444OlIOODkOOCpOOCq+ODqeODvOOBp+ODouODgOODs+OBq+OAgTLoibLjg5zjg7zjg4Djg7zjg4fjgrbjgqTjg7Pjg6zjg7zjgrnnt6jjgb/jg4vjg4Pjg4jjgr/jgqTvvJrjgqTjg7Pjg53jg7zjg4jjgrvjg6zjgq/jg4hTSE9Q44Gn44KJ44Gn44KJ,44Gn44KJ44Gn44KJ44Kq44Ot44OT44Ki44Oz44Kz44K/44OI44Op44K544OR44Op44OW44O844OE44OV44Kj44OK44Oi44Os44K744Os44Kv44OI44K344On44OD44OX44CQNjXlkajlubTjgrvjg7zjg6vjgJHjg57jg6rjg43jg4Pjg6kg44OK44Od44OqIGZvciDjg4njg6vjg6LjgqLjgIDjgIDjg5bjg6njg4Pjgq8mdGltZXM744OZ44O844K444OlIOODkOOCpOOCq+ODqeODvOOBp+ODouODgOODs+OBq+OAgTLoibLjg5zjg7zjg4Djg7zjg4fjgrbjgqTjg7Pjg6zjg7zjgrnnt6jjgb/jg4vjg4Pjg4jjgr/jgqQ=,44Oe44Oq44ON44OD44OpICDjg4njg6vjg6LjgqIg44Os44O844K5IOOCt+ODq+OCr+ODi+ODg+ODiOOCv+OCpOOAguOAkDY15ZGo5bm044K744O844Or44CR44Oe44Oq44ON44OD44OpIOODiuODneODqiBmb3Ig44OJ44Or44Oi44Ki44CA44CA44OW44Op44OD44KvJnRpbWVzO+ODmeODvOOCuOODpSDjg5DjgqTjgqvjg6njg7zjgafjg6Ljg4Djg7PjgavjgIEy6Imy44Oc44O844OA44O844OH44K244Kk44Oz44Os44O844K557eo44G/44OL44OD44OI44K/44Kk[rn]
