21-63082,aHR0cDovL3RzaG9wLnIxMHMuanAvY2FydXMvY2FiaW5ldC9reW8tZWkvdDYyMWJfMjAxc2IuanBnP2ZpdGluPTcwMDo3MDA=,OTQzNi44MDAw,,6LuK55So5ZOB44O744OQ44Kk44Kv55So5ZOBID4g44Kr44O855So5ZOBID4g44Ob44Kk44O844Or44O744K/44Kk44Ok5ZGo6L6655So5ZOBID4g44Ot44OD44Kv44OK44OD44OI,44OI44Oo44K/57SU5q2j44Ob44Kk44O844Or5bCC55So4pag44OZ44Or44K/L+ODiOODqOOCv+KWoOODluODq+ODreODg+OCr+OCv+OCueOCreODvO+8i+ODiuODg+ODiFNFVOOAkOW5s+mdouW6p+ODnuOCsOOCv+OCpOODl+OAkU0xMlgxLjUvMjFtbS/pu5Ljg7vjg5bjg6njg4Pjgq/ilqBCdWxsTG9jayBUVVNLRVkm44OK44OD44OI44K744OD44OIIOODreODg+OCrzTlgIvvvaXjg4rjg4Pjg4gxMuWAi+ioiDE25YCL44K744OD44OIIDRI55So,5paw5b2i54q244Ob44Kk44O844Or44OK44OD44OI44CQVE9ZT1RB57SU5q2j44Ob44Kk44O844Or5bCC55SoIOODreODg+OCr+ODiuODg+ODiOOAkQ==,PENFTlRFUj4KPFRBQkxFIGJvcmRlcj0iMCI+CiAgPFRCT0RZPgogICAgPFRSPgogICAgICA8VEQ+PElNRyBzcmM9Imh0dHA6Ly9pbWFnZS5yYWt1dGVuLmNvLmpwL2NhcnVzL2NhYmluZXQva3lvLWVpL3R1c2tleV9tYWluMS5qcGciIHdpZHRoPSI2MDAiPjxicj48aW1nIHNyYz0iaHR0cDovL2ltYWdlLnJha3V0ZW4uY28uanAvY2FydXMvY2FiaW5ldC9reW8tZWkvdHVza2V5X21haW4yLmpwZyIgd2lkdGg9IjYwMCI+CuOAgOOAgDwvVEQ+CiAgIDwvVFI+CiAgPC9UQk9EWT4KPC9UQUJMRT4KPFRBQkxFIGNlbGxzcGFjaW5nPSIyIiBjZWxscGFkZGluZz0iMyIgd2lkdGg9IjYwMCIgYmdjb2xvcj0iIzA4NmRiZCI+CjxUQk9EWT4KPFRSPgogICAgICA8VEQgYWxpZ249Im1pZGRsZSIgY29sc3Bhbj0iMiIgaGVpZ2h0PSIyMyIgYmdjb2xvcj0iIzA4NmRiZCI+PFNUUk9ORz7llYbjgIDjgIDjgIDlk4HjgIDjgIDjgIDlhoXjgIDjgIDjgIDlrrk8L1NUUk9ORz48L1REPgogICAgPC9UUj4KICAgIDxUUj4KICAgICAgPFREIGFsaWduPSJjZW50ZXIiIGJnY29sb3I9IiMzM2ZmY2MiPjxUVD48Qj7ms6jmhI/kuovpoIU8L0I+PC9UVD48L1REPgogICAgICA8VEQgYmdDb2xvcj0jZWVlZWVlPjxicj4KICAgICAg4pag44OI44Oo44K/57SU5q2j44Ob44Kk44O844Or5bCC55So44OK44OD44OI44Gn44GZ44CC44Gd44Gu5LuW44Gu44Ob44Kk44O844Or44Gr44Gv44GU5L2/55So44GE44Gf44Gg44GR44G+44Gb44KT44CCCjxicj48YnI+CiAgICAgIDwvVEQ+CiAgICA8L1RSPgogICAgPFRSPgogICAgICA8VEQgYWxpZ249ImNlbnRlciIgYmdjb2xvcj0iIzMzZmZjYyI+PFRUPjxCPumBqeWQiOi7iueorjwvQj48L1RUPjwvVEQ+CiAgICAgIDxURCAKYmdDb2xvcj0jZWVlZWVlPjxCUj4KICAgICAg44Oe44Kw44K/44Kk44OXKOW5s+mdouW6pynvvJrjg4jjg6jjgr/ntJTmraPjgqLjg6vjg5/jg5vjgqTjg7zjg6vlsILnlKgKICAgICAgPEJSPjxCUj4KICAgICAgPC9URD4KICAgIDwvVFI+CjxUUj4KICAgICAgPFREIGFsaWduPSJjZW50ZXIiIGJnY29sb3I9IiMzM2ZmY2MiPjxUVD48Qj7ku5XjgIDjgIDjgIDmp5g8L0I+PC9UVD48L1REPgogICAgICA8VEQgYmdDT0xPUj0iI0ZGRkZGRiI+CjxJTUcgU1JDPSJodHRwOi8vaW1hZ2UucmFrdXRlbi5jby5qcC9jYXJ1cy9jYWJpbmV0L2t5by1laS90dXNrZXlfc3BlY3QuanBnIj4KICAgICAgPEJSPgogICAgICA8L1REPgogICAgPC9UUj4KPFRSPgogICAgICA8VEQgYWxpZ249ImNlbnRlciIgYmdjb2xvcj0iIzMzZmZjYyI+PFRUPjxCPue0jeOAgOacn+OAgOOBqzxCUj7jgaTjgIDjgYTjgIDjgaY8L0I+PC9UVD48L1REPgogICAgICA8VEQgCmJnQ29sb3I9I2VlZWVlZT48QlI+CiAgICAgIOWVhuWTgeOBr+WcqOW6q+OBjOOBguOCi+WgtOWQiO+8ku+9nu+8k+WWtualreaXpeOBp+eZuumAgeiHtOOBl+OBvuOBmeOAguasoOWTgeOBruWgtOWQiOOBr+e0jeacn+OCkuOBlOmAo+e1oeOBhOOBn+OBl+OBvuOBmeOAgjxCUj4KICAgICAg44G+44Gf44CB5pel5puc44O756Wt5pel44Gv55m66YCB44Gn44GN44G+44Gb44KT44Gu44Gn44GU5LqG5om/5LiL44GV44GE44CCPGJyPgogICAgICDimIXjgYrmgKXjgY7jga7mlrnjga/llY/lkIjjgo/jgZvjgavjgabjgZTnorroqo3kuIvjgZXjgYTjgII8QlI+CiAgICAgIDxCUj4KICAgICAgPC9URD4KPC90cj4KPHRyPgogICAgICA8VEQgYWxpZ249ImNlbnRlciIgYmdjb2xvcj0iIzMzZmZjYyI+PFRUPjxCPumAgeaWmTwvQj48L1RUPjwvVEQ+Cjx0ZCBiZ0NvbG9yPSNlZWVlZWU+Cjxicj4K5YWo5Zu9NjAw5YaGK+eojuOAguS9huOBl+WMl+a1t+mBk+OAgeaylue4hOOBrzE1MDDlhoYr56iO44CCCjxicj48YnI+CjwvdGQ+CiAgICA8L1RSPgogIDwvVEJPRFk+CjwvVEFCTEU+CjwvQ0VOVEVSPjx0YWJsZSBib3JkZXI9IjAiPgo8dHI+CjxURCBhbGlnbj0iY2VudGVyIiB3aWR0aD0iMjQ1IiBzdHlsZT0iYm9yZGVyLXdpZHRoIDogMXB4O2JvcmRlci1zdHlsZSA6IHNvbGlkO2JvcmRlci1jb2xvciA6ICNmZmE2MDA7IiBiZ2NvbG9yPSIjZmZhNjAwIj4KPEI+PEZPTlQgc2l6ZT0iMiI+PEJSPuOAkOi7iueoruOBp+aknOe0ouOAkTxicj4KICAgICAg6LuK56iu5Yil44Gn5ZWG5ZOB44KS6KaL44Gk44GR44KL77yBPEJSPgogICAgICA8L2ZvbnQ+PC9CPjxicj4KPC9URD4KPC90cj4KPHRyPgo8VEQgYmdjb2xvcj0iI2ZmZmZmZiI+Cgo8aW1nIHNyYz0iaHR0cDovL2ltYWdlLnJha3V0ZW4uY28uanAvY2FydXMvY2FiaW5ldC90b3AyMDA3L2RvbWVzdGljLmdpZiIgd2lkdGg9IjI0NSIgYm9yZGVyPSIwIj4KPEJSPjxmb250IHNpemU9IjQiPuWbveeUo+i7iueoruWIpeOBr+OBk+OBoeOCiTwvZm9udD4KPC9URD4KPC90cj4KPHRyPgo8VEQgYmdjb2xvcj0iI2ZmZmZmZiI+Cgo8aW1nIHNyYz0iaHR0cDovL2ltYWdlLnJha3V0ZW4uY28uanAvY2FydXMvY2FiaW5ldC90b3AyMDA3L2ltcG9ydC5naWYiIHdpZHRoPSIyNDUiIGJvcmRlcj0iMCI+CjxCUj48Zm9udCBzaXplPSI0Ij7ovLjlhaXou4rnqK7liKXjga/jgZPjgaHjgok8L2ZvbnQ+CjwvVEQ+CjwvdHI+CjwvdGFibGU+PEJSPuOAkFRZMjIy44CR,44OI44Oo44K/57SU5q2j44Ob44Kk44O844Or5bCC55So4pag44OZ44Or44K/L+ODiOODqOOCv+KWoOODluODq+ODreODg+OCr+OCv+OCueOCreODvO+8i+ODiuODg+ODiFNFVOOAkOW5s+mdouW6p+ODnuOCsOOCv+OCpOODl+OAkU0xMlgxLjUvMjFtbS/pu5Ljg7vjg5bjg6njg4Pjgq/ilqBCdWxsTG9jayBUVVNLRVkmYW1wO+ODiuODg+ODiOOCu+ODg+ODiCDjg63jg4Pjgq805YCL772l44OK44OD44OIMTLlgIvoqIgxNuWAi+OCu+ODg+ODiCA0SOeUqO+8muOCq+ODq+ODvOOCueOCquODvOODiOODkeODvOODhA==,6LuK5qSc5a++5b+c5pS56YCg57SU5q2j5r+A5a6J44K144K544Oa44Oz44K344On44Oz44Ko44Ki44Ot56u25oqA55So44Ob44Kk44O844Or44OK44OD44OI44Ot44OD44Kv44OK44OD44OI44Ov44Kk44OJ44OI44Os44OD44OJ44K544Oa44O844K144O844Ov44Kk44OI44OsSElE44K344O844OI44Kr44OQ44O844OQ44OD44OG44Oq44O844Ko44Ki44Kv44Oq44O844OK44O844K544OR44O844Kv44OX44Op44Kw44OY44OD44OJ44Op44Kk44OIMjAw57O744OP44Kk44Ko44O844K544OX44Oq44Km44K544O044Kn44Or44OV44Kh44Kk44Ki44OI44Oo44K/57SU5q2j44Ob44Kk44O844Or5bCC55So4pag44OZ44Or44K/L+ODiOODqOOCv+KWoOODluODq+ODreODg+OCr+OCv+OCueOCreODvO+8i+ODiuODg+ODiFNFVOOAkOW5s+mdouW6p+ODnuOCsOOCv+OCpOODl+OAkU0xMlgxLjUvMjFtbS/pu5Ljg7vjg5bjg6njg4Pjgq/ilqBCdWxsTG9jayBUVVNLRVkmYW1wO+ODiuODg+ODiOOCu+ODg+ODiCDjg63jg4Pjgq805YCL772l44OK44OD44OIMTLlgIvoqIgxNuWAi+OCu+ODg+ODiCA0SOeUqA==,5paw5b2i54q244Ob44Kk44O844Or44OK44OD44OI44CQVE9ZT1RB57SU5q2j44Ob44Kk44O844Or5bCC55SoIOODreODg+OCr+ODiuODg+ODiOOAkeOAguODiOODqOOCv+e0lOato+ODm+OCpOODvOODq+WwgueUqOKWoOODmeODq+OCvy/jg4jjg6jjgr/ilqDjg5bjg6vjg63jg4Pjgq/jgr/jgrnjgq3jg7zvvIvjg4rjg4Pjg4hTRVTjgJDlubPpnaLluqfjg57jgrDjgr/jgqTjg5fjgJFNMTJYMS41LzIxbW0v6buS44O744OW44Op44OD44Kv4pagQnVsbExvY2sgVFVTS0VZJmFtcDvjg4rjg4Pjg4jjgrvjg4Pjg4gg44Ot44OD44KvNOWAi++9peODiuODg+ODiDEy5YCL6KiIMTblgIvjgrvjg4Pjg4ggNEjnlKg=[rn]
21-63083,aHR0cDovL3RzaG9wLnIxMHMuanAvY2FydXMvY2FiaW5ldC9reW8tZWkvcmF5c251dF9zdGRfdGFucGluLmpwZz9maXRpbj03MDA6NzAw,OTE4MC4wMDAw,,6LuK55So5ZOB44O744OQ44Kk44Kv55So5ZOBID4g44Kr44O855So5ZOBID4g44Ob44Kk44O844Or44O744K/44Kk44Ok5ZGo6L6655So5ZOBID4g44Ot44OD44Kv44OK44OD44OI,44CQUkFZU+i7vemHj+ODiuODg+ODiOOAkTIw5YCL5YWl44KK4oC7NOWAi+S6iOWCmeKWoOODmeODq+OCvy/jg4jjg6jjgr/ilqBNMTLDl1AxLjUvMzVtbeOCueOCv+ODs+ODgOODvOODieOCv+OCpOODl+KWoDHlgIsyNGfjgJDotoXou73ph4/jgrjjg6Xjg6njg6vjg5/jg7Pjg4rjg4Pjg4jjgJHjg6zjgqTjgrog44Ot44OD44KvJuODiuODg+ODiOOCu+ODg+ODiOOAkFJBWVNfc3RkMTXjgJE=,44CQ6LaF6Lu96YeP44OK44OD44OI44CR44Kr44Op44O8IOi1pO+9pemdku+9pem7ku+9peOCrOODs+ODoeOCv++9peODluODreODs+OCui8=,PENFTlRFUj4KPFRBQkxFIGJvcmRlcj0iMCIgd2lkdGg9IjYwMCI+CiAgPFRCT0RZIGFsaWduPSJjZW50ZXIiPgogICAgPFRSPgogICAgICA8VEQ+PGZvbnQgc2l6ZT0iNiIgY29sb3I9IiMwMDAwZmYiPumrmOaAp+iDvemNm+mAoOODm+OCpOODvOODq+ODoeODvOOCq+ODvDxicj7vvaJSQVlT772j44Gu6Lu96YeP44K444Kn44Op44Or44Of44Oz44OK44OD44OI44K744OD44OIPC9mb250Pjxicj48SU1HIHNyYz0iaHR0cDovL2ltYWdlLnJha3V0ZW4uY28uanAvY2FydXMvY2FiaW5ldC9reW8tZWkvcmF5c251dF9zdGRfdGFucGluLmpwZyIgd2lkdGg9IjUwMCIgYWx0PSLjg6zjgqTjgrog44K444Ol44Op44Or44Of44OzIOODreODg+OCr+ODiuODg+ODiOOCu+ODg+ODiCI+CuOAgOOAgDwvVEQ+CiAgIDwvVFI+Cjx0cj48dGQ+CjxpbWcgc3JjPSJodHRwOi8vaW1hZ2UucmFrdXRlbi5jby5qcC9jYXJ1cy9jYWJpbmV0L2t5by1laS9yYXlzbnV0X3N0ZF9yb2NrLmpwZyIgd2lkdGg9IjI1MCIgYWx0PSIiPjxicj4KPGZvbnQgc2l6ZT0iMyIgY29sb3I9IiM2NjY2NjYiPjwvZm9udD4KIAo8L3RkPjwvdHI+CiAgPC9UQk9EWT4KPC9UQUJMRT4KPFRBQkxFIGNlbGxzcGFjaW5nPSIyIiBjZWxscGFkZGluZz0iMyIgd2lkdGg9IjYwMCIgYmdjb2xvcj0iIzA4NmRiZCI+CjxUQk9EWT4KPFRSPgogICAgICA8VEQgYWxpZ249Im1pZGRsZSIgY29sc3Bhbj0iMiIgaGVpZ2h0PSIyMyIgYmdjb2xvcj0iIzA4NmRiZCI+PFNUUk9ORz7llYbjgIDjgIDjgIDlk4HjgIDjgIDjgIDlhoXjgIDjgIDjgIDlrrk8L1NUUk9ORz48L1REPgogICAgPC9UUj4KICAgIDxUUj4KICAgICAgPFREIGFsaWduPSJjZW50ZXIiIGJnY29sb3I9IiMzM2ZmY2MiPjxUVD48Qj7ms6jmhI/kuovpoIU8L0I+PC9UVD48L1REPgogICAgICA8VEQgYmdDb2xvcj0jZWVlZWVlPjxicj4KICAgICAg4pag44Oh44O844Kr44O857SU5q2j44Ob44Kk44O844Or44Gr44Gv44GU5L2/55So44GE44Gf44Gg44GR44G+44Gb44KT44CCCjxicj48YnI+CiAgICAgIDwvVEQ+CiAgICA8L1RSPgogICAgPFRSPgogICAgICA8VEQgYWxpZ249ImNlbnRlciIgYmdjb2xvcj0iIzMzZmZjYyI+PFRUPjxCPumBqeWQiOi7iueorjwvQj48L1RUPjwvVEQ+CiAgICAgIDxURCAKYmdDb2xvcj0jZWVlZWVlPjxCUj4K4pagTTEyWFAxLjUKPGJyPuODiOODqOOCv+ODu+S4ieiPseODu+ODm+ODs+ODgOODu+ODnuODhOODgOODu+OBhOOBmeOCnuODu+ODgOOCpOODj+ODhAo8YnI+PGJyPgoKICAgICAgPC9URD4KICAgIDwvVFI+CjxUUj4KICAgICAgPFREIGFsaWduPSJjZW50ZXIiIGJnY29sb3I9IiMzM2ZmY2MiPjxUVD48Qj7ku5XjgIDjgIDjgIDmp5g8L0I+PC9UVD48L1REPgogICAgICA8VEQgYmdDT0xPUj0iI0ZGRkZGRiI+CjxJTUcgU1JDPSJodHRwOi8vaW1hZ2UucmFrdXRlbi5jby5qcC9jYXJ1cy9jYWJpbmV0L2t5by1laS9yYXlzbnV0X3N0ZF9jb2xvci5qcGciIHdpZHRoPSIyNTAiIGFsaWduPSJsZWZ0Ij4KPGZvbnQgc2l6ZT0iMiIgY29sb3I9IiM2NjY2NjYiPgrilqDlgIvmlbDvvJoyMOWAi+WFpeOCiijjg63jg4Pjgq805YCLKeKAuzTlgIvjga/kuojlgpnjgas8YnI+CuKWoOWFqOmVt++8mjM1bW08YnI+CuKWoOODleODqeODs+OCuOW+hO+8ms+GMjZtbTxicj4K4pag5LqM6Z2i5bmF77yaMTlIRVg8YnI+CuKWoOWPluS7mOW6p++8mjYwwrDjg4bjg7zjg5Hjg7zluqc8YnI+CuKWoOOCteOCpOOCuu+8mk0xMsOXUDEuNTxicj4KIArilqDjgq3jg7zjgqLjg4Djg5fjgr/jg7zlpJblvoTvvJrPhjI4bW0KPC9mb250PgogICAgICA8L1REPgogICAgPC9UUj4KPFRSPgogICAgICA8VEQgYWxpZ249ImNlbnRlciIgYmdjb2xvcj0iIzMzZmZjYyI+PFRUPjxCPue0jeOAgOacn+OAgOOBqzxCUj7jgaTjgIDjgYTjgIDjgaY8L0I+PC9UVD48L1REPgogICAgICA8VEQgCmJnQ29sb3I9I2VlZWVlZT48QlI+CiAgICAgIOWVhuWTgeOBr+WcqOW6q+OBjOOBguOCi+WgtOWQiDPvvZ415Za25qWt5pel44Gn55m66YCB6Ie044GX44G+44GZ44CC5qyg5ZOB44Gu5aC05ZCI44Gv57SN5pyf44KS44GU6YCj57Wh44GE44Gf44GX44G+44GZ44CCPEJSPgogICAgICDjgb7jgZ/jgIHml6Xmm5zjg7vnpa3ml6Xjga/nmbrpgIHjgafjgY3jgb7jgZvjgpPjga7jgafjgZTkuobmib/kuIvjgZXjgYTjgII8YnI+CiAgICAgIOKYheOBiuaApeOBjuOBruaWueOBr+WVj+WQiOOCj+OBm+OBq+OBpuOBlOeiuuiqjeS4i+OBleOBhOOAgjxCUj4KICAgICAgPEJSPgogICAgICA8L1REPgo8L3RyPgo8dHI+CiAgICAgIDxURCBhbGlnbj0iY2VudGVyIiBiZ2NvbG9yPSIjMzNmZmNjIj48VFQ+PEI+6YCB5paZPC9CPjwvVFQ+PC9URD4KPHRkIGJnQ29sb3I9I2VlZWVlZT4KPGJyPgrlhajlm702MDDlhoYr56iO44CC5L2G44GX5YyX5rW36YGT44CB5rKW57iE44GvMTUwMOWGhivnqI7jgIIKPGJyPjxicj4KPC90ZD4KICAgIDwvVFI+CiAgPC9UQk9EWT4KPC9UQUJMRT4KPC9DRU5URVI+PHRhYmxlIGJvcmRlcj0iMCI+Cjx0cj4KPFREIGFsaWduPSJjZW50ZXIiIHdpZHRoPSIyNDUiIHN0eWxlPSJib3JkZXItd2lkdGggOiAxcHg7Ym9yZGVyLXN0eWxlIDogc29saWQ7Ym9yZGVyLWNvbG9yIDogI2ZmYTYwMDsiIGJnY29sb3I9IiNmZmE2MDAiPgo8Qj48Rk9OVCBzaXplPSIyIj48QlI+44CQ6LuK56iu44Gn5qSc57Si44CRPGJyPgogICAgICDou4rnqK7liKXjgafllYblk4HjgpLopovjgaTjgZHjgovvvIE8QlI+CiAgICAgIDwvZm9udD48L0I+PGJyPgo8L1REPgo8L3RyPgo8dHI+CjxURCBiZ2NvbG9yPSIjZmZmZmZmIj4KCjxpbWcgc3JjPSJodHRwOi8vaW1hZ2UucmFrdXRlbi5jby5qcC9jYXJ1cy9jYWJpbmV0L3RvcDIwMDcvZG9tZXN0aWMuZ2lmIiB3aWR0aD0iMjQ1IiBib3JkZXI9IjAiPgo8QlI+PGZvbnQgc2l6ZT0iNCI+5Zu955Sj6LuK56iu5Yil44Gv44GT44Gh44KJPC9mb250Pgo8L1REPgo8L3RyPgo8dHI+CjxURCBiZ2NvbG9yPSIjZmZmZmZmIj4KCjxpbWcgc3JjPSJodHRwOi8vaW1hZ2UucmFrdXRlbi5jby5qcC9jYXJ1cy9jYWJpbmV0L3RvcDIwMDcvaW1wb3J0LmdpZiIgd2lkdGg9IjI0NSIgYm9yZGVyPSIwIj4KPEJSPjxmb250IHNpemU9IjQiPui8uOWFpei7iueoruWIpeOBr+OBk+OBoeOCiTwvZm9udD4KPC9URD4KPC90cj4KPC90YWJsZT7jgJBUWTIyMuOAkQ==,44CQUkFZU+i7vemHj+ODiuODg+ODiOOAkTIw5YCL5YWl44KK4oC7NOWAi+S6iOWCmeKWoOODmeODq+OCvy/jg4jjg6jjgr/ilqBNMTImdGltZXM7UDEuNS8zNW1t44K544K/44Oz44OA44O844OJ44K/44Kk44OX4pagMeWAizI0Z+OAkOi2hei7vemHj+OCuOODpeODqeODq+ODn+ODs+ODiuODg+ODiOOAkeODrOOCpOOCuiDjg63jg4Pjgq8mYW1wO+ODiuODg+ODiOOCu+ODg+ODiOOAkFJBWVNfc3RkMTXjgJHvvJrjgqvjg6vjg7zjgrnjgqrjg7zjg4jjg5Hjg7zjg4Q=,6LuK5qSc5a++5b+c5pS56YCg57SU5q2j5r+A5a6J44K144K544Oa44Oz44K344On44Oz44Ko44Ki44Ot56u25oqA55So44Ob44Kk44O844Or44OK44OD44OI44Ot44OD44Kv44OK44OD44OI44Ov44Kk44OJ44OI44Os44OD44OJ44K544Oa44O844K144O844Ov44Kk44OI44OsSElE44K344O844OI44Kr44OQ44O844OQ44OD44OG44Oq44O844Ko44Ki44Kv44Oq44O844OK44O844K544OR44O844Kv44OX44Op44Kw44OY44OD44OJ44Op44Kk44OIMjAw57O744OP44Kk44Ko44O844K544OX44Oq44Km44K544O044Kn44Or44OV44Kh44Kk44Ki44CQUkFZU+i7vemHj+ODiuODg+ODiOOAkTIw5YCL5YWl44KK4oC7NOWAi+S6iOWCmeKWoOODmeODq+OCvy/jg4jjg6jjgr/ilqBNMTImdGltZXM7UDEuNS8zNW1t44K544K/44Oz44OA44O844OJ44K/44Kk44OX4pagMeWAizI0Z+OAkOi2hei7vemHj+OCuOODpeODqeODq+ODn+ODs+ODiuODg+ODiOOAkeODrOOCpOOCuiDjg63jg4Pjgq8mYW1wO+ODiuODg+ODiOOCu+ODg+ODiOOAkFJBWVNfc3RkMTXjgJE=,44CQ6LaF6Lu96YeP44OK44OD44OI44CR44Kr44Op44O8IOi1pO+9pemdku+9pem7ku+9peOCrOODs+ODoeOCv++9peODluODreODs+OCui/jgILjgJBSQVlT6Lu96YeP44OK44OD44OI44CRMjDlgIvlhaXjgorigLs05YCL5LqI5YKZ4pag44OZ44Or44K/L+ODiOODqOOCv+KWoE0xMiZ0aW1lcztQMS41LzM1bW3jgrnjgr/jg7Pjg4Djg7zjg4njgr/jgqTjg5filqAx5YCLMjRn44CQ6LaF6Lu96YeP44K444Ol44Op44Or44Of44Oz44OK44OD44OI44CR44Os44Kk44K6IOODreODg+OCryZhbXA744OK44OD44OI44K744OD44OI44CQUkFZU19zdGQxNeOAkQ==[rn]
21-63084,aHR0cDovL3RzaG9wLnIxMHMuanAvY2FydXMvY2FiaW5ldC9reW8tZWkvcjQwX2ljbl9yLmpwZz9maXRpbj03MDA6NzAw,MTM3NjQuMDAwMA==,,6LuK55So5ZOB44O744OQ44Kk44Kv55So5ZOBID4g44Kr44O855So5ZOBID4g44Ob44Kk44O844Or44O744K/44Kk44Ok5ZGo6L6655So5ZOBID4g44Ot44OD44Kv44OK44OD44OI,44CQUjQwIElDT05JWCDjgqLjgqTjgrPjg4vjg4Pjgq/jgrkg5qi56ISC44Kt44Oj44OD44OXVmVy44CRMjDlgIvlhaXjgorjgJA05YCL44Gv5LqI5YKZ44CR4pag44OZ44Or44K/L+ODiOODqOOCv+KWoE0xMsOXUDEuNeKWoEtpY3MgUmFjaW5nIENvbXBvc2l0ZVI0MCDjg6zjg7zjgrfjg7PjgrDjgrPjg7Pjg53jgrjjg4Pjg4hSNDAg44Ot44OD44Kv54Sh44GX44OK44OD44OI44K744OD44OI44OW44Op44OD44KvL+m7kuOAkFJJRi0wMUvjgJE=,44Ot44OD44Kv54Sh44GX44OK44OD44OI44K744OD44OI44CQ6Lu96YeP44OK44OD44OI44CR6Y2b6YCg44Ki44Or44Of44Ob44Kk44O844Or44OK44OD44OI,PENFTlRFUj48VEFCTEUgYm9yZGVyPSIwIj48VEJPRFkgYWxpZ249ImNlbnRlciI+PFRSPjxURD48SU1HIHNyYz0iaHR0cDovL2ltYWdlLnJha3V0ZW4uY28uanAvY2FydXMvY2FiaW5ldC9reW8tZWkvcjQwX2ljb19ub19ybWFpbi5qcGciIHdpZHRoPSI2MDAiPjxicj48Zm9udCBzaXplPSI1IiBjb2xvcj0iI2ZmMDA2NiI+PC9mb250PjwvVEQ+PC9UUj48dHI+PHRkPjxmb250IHNpemU9IjMiIGNvbG9yPSIjNjY2NjY2Ij5SYWNpbmcgQ29tcG9zaXRlIFI0MCAvIFI0MCBSRVZP44K/44Kk44OX44Gu6YCy5YyW5Z6L44Go44GX44Gm6ZaL55m644GV44KM44GfUjQwIGlDT05JWO+8iFI0MOOCouOCpOOCs+ODi+ODg+OCr+OCue+8ieOBr+OAgeiyq+mAmuOAgeiii+ODiuODg+ODiOOBruW9ouaFi+OCkuODjeOCuOatouOCgeOBq+aUueiJr+OBl+OAgeODm+OCpOODvOODq+ijheedgOaZguOBp+OCguWuueaYk+OBq+WwgueUqOODrOODs+ODgeOBp+iEseedgOOBp+OBjeOCi+OCiOOBhuOBq+OBl+OBvuOBl+OBn+OAguaEj+WMoOmdouOBp+OCgkhFWOmdouOCkjbpnaLnqbTplovjgZHliqDlt6XjgZfjgqjjg7Pjg4njgq3jg6Pjg4Pjg5fjgYzopovjgYjjgovnibnlvrTnmoTjgarjg4fjgrbjgqTjg7PjgpLmlr3jgZfjg5vjgqTjg7zjg6vjga7jgqLjgq/jgrvjg7Pjg4jjgajjgZfjgabpmpvnq4vjgaTpgLjlk4Hjgavku5XkuIrjgZLjgabjgYTjgb7jgZnjgII8L2ZvbnQ+PC90ZD48L3RyPjwvVEJPRFk+PC9UQUJMRT48VEFCTEUgY2VsbHNwYWNpbmc9IjIiIGNlbGxwYWRkaW5nPSIzIiB3aWR0aD0iNjAwIiBiZ2NvbG9yPSIjMDg2ZGJkIj48VEJPRFk+PFRSPjxURCBhbGlnbj0ibWlkZGxlIiBjb2xzcGFuPSIyIiBoZWlnaHQ9IjIzIiBiZ2NvbG9yPSIjMDg2ZGJkIj48U1RST05HPuWVhuOAgOWTgeOAgOWGheOAgOWuuTwvU1RST05HPjwvVEQ+PC9UUj48VFI+PFREIGFsaWduPSJjZW50ZXIiIGJnY29sb3I9IiMzM2ZmY2MiPjxUVD48Qj7ms6jmhI/kuovpoIU8L0I+PC9UVD48L1REPjxURCBiZ0NvbG9yPSIjZWVlZWVlIj48YnI+4pagNjDluqbjg4bjg7zjg5Hjg7zluqfjgafjgarjgYTjg6Hjg7zjgqvjg7zntJTmraPjg5vjgqTjg7zjg6vjgavjga/jgZTkvb/nlKjjgYTjgZ/jgaDjgZHjgb7jgZvjgpPjgII8YnI+PGJyPjwvVEQ+PC9UUj48VFI+PFREIGFsaWduPSJjZW50ZXIiIGJnY29sb3I9IiMzM2ZmY2MiPjxUVD48Qj7pganlkIjou4rnqK48L0I+PC9UVD48L1REPjxURCBiZ0NvbG9yPSIjZWVlZWVlIj48QlI+4pagTTEyWFAxLjXvvIhSSUYtMDFL77yJPGJyPuODiOODqOOCv++9peODm+ODs+ODgO+9peS4ieiPse+9peODnuODhOODgO+9peODgOOCpOODj+ODhOetiTxCUj48QlI+PC9URD48L1RSPjxUUj48VEQgYWxpZ249ImNlbnRlciIgYmdjb2xvcj0iIzMzZmZjYyI+PFRUPjxCPuS7leOAgOOAgOanmDwvQj48L1RUPjwvVEQ+PFREIGJnQ09MT1I9IiNGRkZGRkYiPjxJTUcgU1JDPSJodHRwOi8vaW1hZ2UucmFrdXRlbi5jby5qcC9jYXJ1cy9jYWJpbmV0L2t5by1laS9yNDBfaWNvX3p1LmpwZyI+PGJyPjxmb250IHNpemU9IjIiIGNvbG9yPSIjNjY2NjY2Ij48L2ZvbnQ+PC9URD48L1RSPjxUUj48VEQgYWxpZ249ImNlbnRlciIgYmdjb2xvcj0iIzMzZmZjYyI+PFRUPjxCPue0jeOAgOacn+OAgOOBqzxCUj7jgaTjgIDjgYTjgIDjgaY8L0I+PC9UVD48L1REPjxURCBiZ0NvbG9yPSIjZWVlZWVlIj48QlI+5ZWG5ZOB44Gv5Zyo5bqr44GM44GC44KL5aC05ZCIM++9njXllrbmpa3ml6XjgafnmbrpgIHoh7TjgZfjgb7jgZnjgILmrKDlk4Hjga7loLTlkIjjga/ntI3mnJ/jgpLjgZTpgKPntaHjgYTjgZ/jgZfjgb7jgZnjgII8QlI+44G+44Gf44CB5pel5puc44O756Wt5pel44Gv55m66YCB44Gn44GN44G+44Gb44KT44Gu44Gn44GU5LqG5om/5LiL44GV44GE44CCPGJyPuKYheOBiuaApeOBjuOBruaWueOBr+WVj+WQiOOCj+OBm+OBq+OBpuOBlOeiuuiqjeS4i+OBleOBhOOAgjxCUj48QlI+PC9URD48L3RyPjx0cj48VEQgYWxpZ249ImNlbnRlciIgYmdjb2xvcj0iIzMzZmZjYyI+PFRUPjxCPumAgeaWmTwvQj48L1RUPjwvVEQ+PHRkIGJnQ29sb3I9IiNlZWVlZWUiPjxicj7lhajlm702MDDlhoYr56iO44CC5L2G44GX5YyX5rW36YGT44CB5rKW57iE44GvMTUwMOWGhivnqI7jgII8YnI+PGJyPjwvdGQ+PC9UUj48L1RCT0RZPjwvVEFCTEU+PC9DRU5URVI+PHRhYmxlIGJvcmRlcj0iMCI+Cjx0cj4KPFREIGFsaWduPSJjZW50ZXIiIHdpZHRoPSIyNDUiIHN0eWxlPSJib3JkZXItd2lkdGggOiAxcHg7Ym9yZGVyLXN0eWxlIDogc29saWQ7Ym9yZGVyLWNvbG9yIDogI2ZmYTYwMDsiIGJnY29sb3I9IiNmZmE2MDAiPgo8Qj48Rk9OVCBzaXplPSIyIj48QlI+44CQ6LuK56iu44Gn5qSc57Si44CRPGJyPgogICAgICDou4rnqK7liKXjgafllYblk4HjgpLopovjgaTjgZHjgovvvIE8QlI+CiAgICAgIDwvZm9udD48L0I+PGJyPgo8L1REPgo8L3RyPgo8dHI+CjxURCBiZ2NvbG9yPSIjZmZmZmZmIj4KCjxpbWcgc3JjPSJodHRwOi8vaW1hZ2UucmFrdXRlbi5jby5qcC9jYXJ1cy9jYWJpbmV0L3RvcDIwMDcvZG9tZXN0aWMuZ2lmIiB3aWR0aD0iMjQ1IiBib3JkZXI9IjAiPgo8QlI+PGZvbnQgc2l6ZT0iNCI+5Zu955Sj6LuK56iu5Yil44Gv44GT44Gh44KJPC9mb250Pgo8L1REPgo8L3RyPgo8dHI+CjxURCBiZ2NvbG9yPSIjZmZmZmZmIj4KCjxpbWcgc3JjPSJodHRwOi8vaW1hZ2UucmFrdXRlbi5jby5qcC9jYXJ1cy9jYWJpbmV0L3RvcDIwMDcvaW1wb3J0LmdpZiIgd2lkdGg9IjI0NSIgYm9yZGVyPSIwIj4KPEJSPjxmb250IHNpemU9IjQiPui8uOWFpei7iueoruWIpeOBr+OBk+OBoeOCiTwvZm9udD4KPC9URD4KPC90cj4KPC90YWJsZT7jgJBUWTIyMuOAkQ==,44CQUjQwIElDT05JWCDjgqLjgqTjgrPjg4vjg4Pjgq/jgrkg5qi56ISC44Kt44Oj44OD44OXVmVy44CRMjDlgIvlhaXjgorjgJA05YCL44Gv5LqI5YKZ44CR4pag44OZ44Or44K/L+ODiOODqOOCv+KWoE0xMiZ0aW1lcztQMS414pagS2ljcyBSYWNpbmcgQ29tcG9zaXRlUjQwIOODrOODvOOCt+ODs+OCsOOCs+ODs+ODneOCuOODg+ODiFI0MCDjg63jg4Pjgq/nhKHjgZfjg4rjg4Pjg4jjgrvjg4Pjg4jjg5bjg6njg4Pjgq8v6buS44CQUklGLTAxS+OAke+8muOCq+ODq+ODvOOCueOCquODvOODiOODkeODvOODhA==,6LuK5qSc5a++5b+c5pS56YCg57SU5q2j5r+A5a6J44K144K544Oa44Oz44K344On44Oz44Ko44Ki44Ot56u25oqA55So44Ob44Kk44O844Or44OK44OD44OI44Ot44OD44Kv44OK44OD44OI44Ov44Kk44OJ44OI44Os44OD44OJ44K544Oa44O844K144O844Ov44Kk44OI44OsSElE44K344O844OI44Kr44OQ44O844OQ44OD44OG44Oq44O844Ko44Ki44Kv44Oq44O844OK44O844K544OR44O844Kv44OX44Op44Kw44OY44OD44OJ44Op44Kk44OIMjAw57O744OP44Kk44Ko44O844K544OX44Oq44Km44K544O044Kn44Or44OV44Kh44Kk44Ki44CQUjQwIElDT05JWCDjgqLjgqTjgrPjg4vjg4Pjgq/jgrkg5qi56ISC44Kt44Oj44OD44OXVmVy44CRMjDlgIvlhaXjgorjgJA05YCL44Gv5LqI5YKZ44CR4pag44OZ44Or44K/L+ODiOODqOOCv+KWoE0xMiZ0aW1lcztQMS414pagS2ljcyBSYWNpbmcgQ29tcG9zaXRlUjQwIOODrOODvOOCt+ODs+OCsOOCs+ODs+ODneOCuOODg+ODiFI0MCDjg63jg4Pjgq/nhKHjgZfjg4rjg4Pjg4jjgrvjg4Pjg4jjg5bjg6njg4Pjgq8v6buS44CQUklGLTAxS+OAkQ==,44Ot44OD44Kv54Sh44GX44OK44OD44OI44K744OD44OI44CQ6Lu96YeP44OK44OD44OI44CR6Y2b6YCg44Ki44Or44Of44Ob44Kk44O844Or44OK44OD44OI44CC44CQUjQwIElDT05JWCDjgqLjgqTjgrPjg4vjg4Pjgq/jgrkg5qi56ISC44Kt44Oj44OD44OXVmVy44CRMjDlgIvlhaXjgorjgJA05YCL44Gv5LqI5YKZ44CR4pag44OZ44Or44K/L+ODiOODqOOCv+KWoE0xMiZ0aW1lcztQMS414pagS2ljcyBSYWNpbmcgQ29tcG9zaXRlUjQwIOODrOODvOOCt+ODs+OCsOOCs+ODs+ODneOCuOODg+ODiFI0MCDjg63jg4Pjgq/nhKHjgZfjg4rjg4Pjg4jjgrvjg4Pjg4jjg5bjg6njg4Pjgq8v6buS44CQUklGLTAxS+OAkQ==[rn]
21-63085,aHR0cDovL3RzaG9wLnIxMHMuanAvY2FydXMvY2FiaW5ldC9reW8tZWkvcjQwX2ljb19uZW8uanBnP2ZpdGluPTcwMDo3MDA=,MTg5NzIuMDAwMA==,,6LuK55So5ZOB44O744OQ44Kk44Kv55So5ZOBID4g44Kr44O855So5ZOBID4g44Ob44Kk44O844Or44O744K/44Kk44Ok5ZGo6L6655So5ZOBID4g44Ot44OD44Kv44OK44OD44OI,44CQUjQwIElDT05JWCDjgqLjgqTjgrPjg4vjg4Pjgq/jgrnjgJEyMOWAi+WFpeOCiuOAkDTlgIvjga/kuojlgpnjgJHilqDjg53jg6vjg4Yv44OI44Oo44K/4pagTTEyw5dQMS414pagS2ljcyBSYWNpbmcgQ29tcG9zaXRlUjQwIOODrOODvOOCt+ODs+OCsOOCs+ODs+ODneOCuOODg+ODiFI0MCDjg63jg4Pjgq8m44OK44OD44OI44K744OD44OI44ON44Kq44Kv44Ot44CQUklBLTExTuOAkQ==,4pag55uX6Zuj6Ziy5q2i44CQ6Lu96YeP44OK44OD44OI44CR6Y2b6YCg44Ki44Or44Of44Ob44Kk44O844Or44OK44OD44OI,PENFTlRFUj48VEFCTEUgYm9yZGVyPSIwIj48VEJPRFkgYWxpZ249ImNlbnRlciI+PFRSPjxURD48SU1HIHNyYz0iaHR0cDovL2ltYWdlLnJha3V0ZW4uY28uanAvY2FydXMvY2FiaW5ldC9reW8tZWkvcjQwX2ljb19tYWluLmpwZyIgd2lkdGg9IjYwMCI+PGJyPjxmb250IHNpemU9IjUiIGNvbG9yPSIjZmYwMDY2Ij48L2ZvbnQ+PC9URD48L1RSPjx0cj48dGQ+PGZvbnQgc2l6ZT0iMyIgY29sb3I9IiM2NjY2NjYiPlJhY2luZyBDb21wb3NpdGUgUjQwIC8gUjQwIFJFVk/jgr/jgqTjg5fjga7pgLLljJblnovjgajjgZfjgabplovnmbrjgZXjgozjgZ9SNDAgaUNPTklY77yIUjQw44Ki44Kk44Kz44OL44OD44Kv44K577yJ44Gv44CB6LKr6YCa44CB6KKL44OK44OD44OI44Gu5b2i5oWL44KS44ON44K45q2i44KB44Gr5pS56Imv44GX44CB44Ob44Kk44O844Or6KOF552A5pmC44Gn44KC5a655piT44Gr5bCC55So44Os44Oz44OB44Gn6ISx552A44Gn44GN44KL44KI44GG44Gr44GX44G+44GX44Gf44CC5oSP5Yyg6Z2i44Gn44KCSEVY6Z2i44KSNumdoueptOmWi+OBkeWKoOW3peOBl+OCqOODs+ODieOCreODo+ODg+ODl+OBjOimi+OBiOOCi+eJueW+tOeahOOBquODh+OCtuOCpOODs+OCkuaWveOBl+ODm+OCpOODvOODq+OBruOCouOCr+OCu+ODs+ODiOOBqOOBl+OBpumam+eri+OBpOmAuOWTgeOBq+S7leS4iuOBkuOBpuOBhOOBvuOBmeOAgjwvZm9udD48L3RkPjwvdHI+PC9UQk9EWT48L1RBQkxFPjxUQUJMRSBjZWxsc3BhY2luZz0iMiIgY2VsbHBhZGRpbmc9IjMiIHdpZHRoPSI2MDAiIGJnY29sb3I9IiMwODZkYmQiPjxUQk9EWT48VFI+PFREIGFsaWduPSJtaWRkbGUiIGNvbHNwYW49IjIiIGhlaWdodD0iMjMiIGJnY29sb3I9IiMwODZkYmQiPjxTVFJPTkc+5ZWG44CA5ZOB44CA5YaF44CA5a65PC9TVFJPTkc+PC9URD48L1RSPjxUUj48VEQgYWxpZ249ImNlbnRlciIgYmdjb2xvcj0iIzMzZmZjYyI+PFRUPjxCPuazqOaEj+S6i+mghTwvQj48L1RUPjwvVEQ+PFREIGJnQ29sb3I9IiNlZWVlZWUiPjxicj7ilqA2MOW6puODhuODvOODkeODvOW6p+OBp+OBquOBhOODoeODvOOCq+ODvOe0lOato+ODm+OCpOODvOODq+OBq+OBr+OBlOS9v+eUqOOBhOOBn+OBoOOBkeOBvuOBm+OCk+OAgjxicj48YnI+PC9URD48L1RSPjxUUj48VEQgYWxpZ249ImNlbnRlciIgYmdjb2xvcj0iIzMzZmZjYyI+PFRUPjxCPumBqeWQiOi7iueorjwvQj48L1RUPjwvVEQ+PFREIGJnQ29sb3I9IiNlZWVlZWUiPjxCUj7ilqBNMTJYUDEuNe+8iFJJQS0xMU7vvIk8YnI+44OI44Oo44K/772l44Ob44Oz44OA772l5LiJ6I+x772l44Oe44OE44OA772l44OA44Kk44OP44OE562JPEJSPjxCUj48L1REPjwvVFI+PFRSPjxURCBhbGlnbj0iY2VudGVyIiBiZ2NvbG9yPSIjMzNmZmNjIj48VFQ+PEI+5LuV44CA44CA5qeYPC9CPjwvVFQ+PC9URD48VEQgYmdDT0xPUj0iI0ZGRkZGRiI+PElNRyBTUkM9Imh0dHA6Ly9pbWFnZS5yYWt1dGVuLmNvLmpwL2NhcnVzL2NhYmluZXQva3lvLWVpL3I0MF9pY29fenUuanBnIj48YnI+PGZvbnQgc2l6ZT0iMiIgY29sb3I9IiM2NjY2NjYiPjwvZm9udD48L1REPjwvVFI+PFRSPjxURCBhbGlnbj0iY2VudGVyIiBiZ2NvbG9yPSIjMzNmZmNjIj48VFQ+PEI+57SN44CA5pyf44CA44GrPEJSPuOBpOOAgOOBhOOAgOOBpjwvQj48L1RUPjwvVEQ+PFREIGJnQ29sb3I9IiNlZWVlZWUiPjxCUj7llYblk4Hjga/lnKjluqvjgYzjgYLjgovloLTlkIgz772eNeWWtualreaXpeOBp+eZuumAgeiHtOOBl+OBvuOBmeOAguasoOWTgeOBruWgtOWQiOOBr+e0jeacn+OCkuOBlOmAo+e1oeOBhOOBn+OBl+OBvuOBmeOAgjxCUj7jgb7jgZ/jgIHml6Xmm5zjg7vnpa3ml6Xjga/nmbrpgIHjgafjgY3jgb7jgZvjgpPjga7jgafjgZTkuobmib/kuIvjgZXjgYTjgII8YnI+4piF44GK5oCl44GO44Gu5pa544Gv5ZWP5ZCI44KP44Gb44Gr44Gm44GU56K66KqN5LiL44GV44GE44CCPEJSPjxCUj48L1REPjwvdHI+PHRyPjxURCBhbGlnbj0iY2VudGVyIiBiZ2NvbG9yPSIjMzNmZmNjIj48VFQ+PEI+6YCB5paZPC9CPjwvVFQ+PC9URD48dGQgYmdDb2xvcj0iI2VlZWVlZSI+PGJyPuWFqOWbvTYwMOWGhivnqI7jgILkvYbjgZfljJfmtbfpgZPjgIHmspbnuITjga8xNTAw5YaGK+eojuOAgjxicj48YnI+PC90ZD48L1RSPjwvVEJPRFk+PC9UQUJMRT48L0NFTlRFUj48dGFibGUgYm9yZGVyPSIwIj4KPHRyPgo8VEQgYWxpZ249ImNlbnRlciIgd2lkdGg9IjI0NSIgc3R5bGU9ImJvcmRlci13aWR0aCA6IDFweDtib3JkZXItc3R5bGUgOiBzb2xpZDtib3JkZXItY29sb3IgOiAjZmZhNjAwOyIgYmdjb2xvcj0iI2ZmYTYwMCI+CjxCPjxGT05UIHNpemU9IjIiPjxCUj7jgJDou4rnqK7jgafmpJzntKLjgJE8YnI+CiAgICAgIOi7iueoruWIpeOBp+WVhuWTgeOCkuimi+OBpOOBkeOCi++8gTxCUj4KICAgICAgPC9mb250PjwvQj48YnI+CjwvVEQ+CjwvdHI+Cjx0cj4KPFREIGJnY29sb3I9IiNmZmZmZmYiPgoKPGltZyBzcmM9Imh0dHA6Ly9pbWFnZS5yYWt1dGVuLmNvLmpwL2NhcnVzL2NhYmluZXQvdG9wMjAwNy9kb21lc3RpYy5naWYiIHdpZHRoPSIyNDUiIGJvcmRlcj0iMCI+CjxCUj48Zm9udCBzaXplPSI0Ij7lm73nlKPou4rnqK7liKXjga/jgZPjgaHjgok8L2ZvbnQ+CjwvVEQ+CjwvdHI+Cjx0cj4KPFREIGJnY29sb3I9IiNmZmZmZmYiPgoKPGltZyBzcmM9Imh0dHA6Ly9pbWFnZS5yYWt1dGVuLmNvLmpwL2NhcnVzL2NhYmluZXQvdG9wMjAwNy9pbXBvcnQuZ2lmIiB3aWR0aD0iMjQ1IiBib3JkZXI9IjAiPgo8QlI+PGZvbnQgc2l6ZT0iNCI+6Ly45YWl6LuK56iu5Yil44Gv44GT44Gh44KJPC9mb250Pgo8L1REPgo8L3RyPgo8L3RhYmxlPuOAkFRZMjIz44CR44CQVFkyMjTjgJE=,44CQUjQwIElDT05JWCDjgqLjgqTjgrPjg4vjg4Pjgq/jgrnjgJEyMOWAi+WFpeOCiuOAkDTlgIvjga/kuojlgpnjgJHilqDjg53jg6vjg4Yv44OI44Oo44K/4pagTTEyJnRpbWVzO1AxLjXilqBLaWNzIFJhY2luZyBDb21wb3NpdGVSNDAg44Os44O844K344Oz44Kw44Kz44Oz44Od44K444OD44OIUjQwIOODreODg+OCryZhbXA744OK44OD44OI44K744OD44OI44ON44Kq44Kv44Ot44CQUklBLTExTuOAke+8muOCq+ODq+ODvOOCueOCquODvOODiOODkeODvOODhA==,6LuK5qSc5a++5b+c5pS56YCg57SU5q2j5r+A5a6J44K144K544Oa44Oz44K344On44Oz44Ko44Ki44Ot56u25oqA55So44Ob44Kk44O844Or44OK44OD44OI44Ot44OD44Kv44OK44OD44OI44Ov44Kk44OJ44OI44Os44OD44OJ44K544Oa44O844K144O844Ov44Kk44OI44OsSElE44K344O844OI44Kr44OQ44O844OQ44OD44OG44Oq44O844Ko44Ki44Kv44Oq44O844OK44O844K544OR44O844Kv44OX44Op44Kw44OY44OD44OJ44Op44Kk44OIMjAw57O744OP44Kk44Ko44O844K544OX44Oq44Km44K544O044Kn44Or44OV44Kh44Kk44Ki44CQUjQwIElDT05JWCDjgqLjgqTjgrPjg4vjg4Pjgq/jgrnjgJEyMOWAi+WFpeOCiuOAkDTlgIvjga/kuojlgpnjgJHilqDjg53jg6vjg4Yv44OI44Oo44K/4pagTTEyJnRpbWVzO1AxLjXilqBLaWNzIFJhY2luZyBDb21wb3NpdGVSNDAg44Os44O844K344Oz44Kw44Kz44Oz44Od44K444OD44OIUjQwIOODreODg+OCryZhbXA744OK44OD44OI44K744OD44OI44ON44Kq44Kv44Ot44CQUklBLTExTuOAkQ==,4pag55uX6Zuj6Ziy5q2i44CQ6Lu96YeP44OK44OD44OI44CR6Y2b6YCg44Ki44Or44Of44Ob44Kk44O844Or44OK44OD44OI44CC44CQUjQwIElDT05JWCDjgqLjgqTjgrPjg4vjg4Pjgq/jgrnjgJEyMOWAi+WFpeOCiuOAkDTlgIvjga/kuojlgpnjgJHilqDjg53jg6vjg4Yv44OI44Oo44K/4pagTTEyJnRpbWVzO1AxLjXilqBLaWNzIFJhY2luZyBDb21wb3NpdGVSNDAg44Os44O844K344Oz44Kw44Kz44Oz44Od44K444OD44OIUjQwIOODreODg+OCryZhbXA744OK44OD44OI44K744OD44OI44ON44Kq44Kv44Ot44CQUklBLTExTuOAkQ==[rn]
21-63086,aHR0cDovL3RzaG9wLnIxMHMuanAvY2FydXMvY2FiaW5ldC9reW8tZWkvcjQwX2ljbl9yLmpwZz9maXRpbj03MDA6NzAw,MTM3NjQuMDAwMA==,,6LuK55So5ZOB44O744OQ44Kk44Kv55So5ZOBID4g44Kr44O855So5ZOBID4g44Ob44Kk44O844Or44O744K/44Kk44Ok5ZGo6L6655So5ZOBID4g44Ot44OD44Kv44OK44OD44OI,44CQUjQwIElDT05JWCDjgqLjgqTjgrPjg4vjg4Pjgq/jgrkg5qi56ISC44Kt44Oj44OD44OXVmVy44CRMjDlgIvlhaXjgorjgJA05YCL44Gv5LqI5YKZ44CR4pag44Od44Or44OGL+ODiOODqOOCv+KWoE0xMsOXUDEuNeKWoEtpY3MgUmFjaW5nIENvbXBvc2l0ZVI0MCDjg6zjg7zjgrfjg7PjgrDjgrPjg7Pjg53jgrjjg4Pjg4hSNDAg44Ot44OD44Kv54Sh44GX44OK44OD44OI44K744OD44OI44OW44Op44OD44KvL+m7kuOAkFJJRi0wMUvjgJE=,44Ot44OD44Kv54Sh44GX44OK44OD44OI44K744OD44OI44CQ6Lu96YeP44OK44OD44OI44CR6Y2b6YCg44Ki44Or44Of44Ob44Kk44O844Or44OK44OD44OI,PENFTlRFUj48VEFCTEUgYm9yZGVyPSIwIj48VEJPRFkgYWxpZ249ImNlbnRlciI+PFRSPjxURD48SU1HIHNyYz0iaHR0cDovL2ltYWdlLnJha3V0ZW4uY28uanAvY2FydXMvY2FiaW5ldC9reW8tZWkvcjQwX2ljb19ub19ybWFpbi5qcGciIHdpZHRoPSI2MDAiPjxicj48Zm9udCBzaXplPSI1IiBjb2xvcj0iI2ZmMDA2NiI+PC9mb250PjwvVEQ+PC9UUj48dHI+PHRkPjxmb250IHNpemU9IjMiIGNvbG9yPSIjNjY2NjY2Ij5SYWNpbmcgQ29tcG9zaXRlIFI0MCAvIFI0MCBSRVZP44K/44Kk44OX44Gu6YCy5YyW5Z6L44Go44GX44Gm6ZaL55m644GV44KM44GfUjQwIGlDT05JWO+8iFI0MOOCouOCpOOCs+ODi+ODg+OCr+OCue+8ieOBr+OAgeiyq+mAmuOAgeiii+ODiuODg+ODiOOBruW9ouaFi+OCkuODjeOCuOatouOCgeOBq+aUueiJr+OBl+OAgeODm+OCpOODvOODq+ijheedgOaZguOBp+OCguWuueaYk+OBq+WwgueUqOODrOODs+ODgeOBp+iEseedgOOBp+OBjeOCi+OCiOOBhuOBq+OBl+OBvuOBl+OBn+OAguaEj+WMoOmdouOBp+OCgkhFWOmdouOCkjbpnaLnqbTplovjgZHliqDlt6XjgZfjgqjjg7Pjg4njgq3jg6Pjg4Pjg5fjgYzopovjgYjjgovnibnlvrTnmoTjgarjg4fjgrbjgqTjg7PjgpLmlr3jgZfjg5vjgqTjg7zjg6vjga7jgqLjgq/jgrvjg7Pjg4jjgajjgZfjgabpmpvnq4vjgaTpgLjlk4Hjgavku5XkuIrjgZLjgabjgYTjgb7jgZnjgII8L2ZvbnQ+PC90ZD48L3RyPjwvVEJPRFk+PC9UQUJMRT48VEFCTEUgY2VsbHNwYWNpbmc9IjIiIGNlbGxwYWRkaW5nPSIzIiB3aWR0aD0iNjAwIiBiZ2NvbG9yPSIjMDg2ZGJkIj48VEJPRFk+PFRSPjxURCBhbGlnbj0ibWlkZGxlIiBjb2xzcGFuPSIyIiBoZWlnaHQ9IjIzIiBiZ2NvbG9yPSIjMDg2ZGJkIj48U1RST05HPuWVhuOAgOWTgeOAgOWGheOAgOWuuTwvU1RST05HPjwvVEQ+PC9UUj48VFI+PFREIGFsaWduPSJjZW50ZXIiIGJnY29sb3I9IiMzM2ZmY2MiPjxUVD48Qj7ms6jmhI/kuovpoIU8L0I+PC9UVD48L1REPjxURCBiZ0NvbG9yPSIjZWVlZWVlIj48YnI+4pagNjDluqbjg4bjg7zjg5Hjg7zluqfjgafjgarjgYTjg6Hjg7zjgqvjg7zntJTmraPjg5vjgqTjg7zjg6vjgavjga/jgZTkvb/nlKjjgYTjgZ/jgaDjgZHjgb7jgZvjgpPjgII8YnI+PGJyPjwvVEQ+PC9UUj48VFI+PFREIGFsaWduPSJjZW50ZXIiIGJnY29sb3I9IiMzM2ZmY2MiPjxUVD48Qj7pganlkIjou4rnqK48L0I+PC9UVD48L1REPjxURCBiZ0NvbG9yPSIjZWVlZWVlIj48QlI+4pagTTEyWFAxLjXvvIhSSUYtMDFL77yJPGJyPuODiOODqOOCv++9peODm+ODs+ODgO+9peS4ieiPse+9peODnuODhOODgO+9peODgOOCpOODj+ODhOetiTxCUj48QlI+PC9URD48L1RSPjxUUj48VEQgYWxpZ249ImNlbnRlciIgYmdjb2xvcj0iIzMzZmZjYyI+PFRUPjxCPuS7leOAgOOAgOanmDwvQj48L1RUPjwvVEQ+PFREIGJnQ09MT1I9IiNGRkZGRkYiPjxJTUcgU1JDPSJodHRwOi8vaW1hZ2UucmFrdXRlbi5jby5qcC9jYXJ1cy9jYWJpbmV0L2t5by1laS9yNDBfaWNvX3p1LmpwZyI+PGJyPjxmb250IHNpemU9IjIiIGNvbG9yPSIjNjY2NjY2Ij48L2ZvbnQ+PC9URD48L1RSPjxUUj48VEQgYWxpZ249ImNlbnRlciIgYmdjb2xvcj0iIzMzZmZjYyI+PFRUPjxCPue0jeOAgOacn+OAgOOBqzxCUj7jgaTjgIDjgYTjgIDjgaY8L0I+PC9UVD48L1REPjxURCBiZ0NvbG9yPSIjZWVlZWVlIj48QlI+5ZWG5ZOB44Gv5Zyo5bqr44GM44GC44KL5aC05ZCIM++9njXllrbmpa3ml6XjgafnmbrpgIHoh7TjgZfjgb7jgZnjgILmrKDlk4Hjga7loLTlkIjjga/ntI3mnJ/jgpLjgZTpgKPntaHjgYTjgZ/jgZfjgb7jgZnjgII8QlI+44G+44Gf44CB5pel5puc44O756Wt5pel44Gv55m66YCB44Gn44GN44G+44Gb44KT44Gu44Gn44GU5LqG5om/5LiL44GV44GE44CCPGJyPuKYheOBiuaApeOBjuOBruaWueOBr+WVj+WQiOOCj+OBm+OBq+OBpuOBlOeiuuiqjeS4i+OBleOBhOOAgjxCUj48QlI+PC9URD48L3RyPjx0cj48VEQgYWxpZ249ImNlbnRlciIgYmdjb2xvcj0iIzMzZmZjYyI+PFRUPjxCPumAgeaWmTwvQj48L1RUPjwvVEQ+PHRkIGJnQ29sb3I9IiNlZWVlZWUiPjxicj7lhajlm702MDDlhoYr56iO44CC5L2G44GX5YyX5rW36YGT44CB5rKW57iE44GvMTUwMOWGhivnqI7jgII8YnI+PGJyPjwvdGQ+PC9UUj48L1RCT0RZPjwvVEFCTEU+PC9DRU5URVI+PHRhYmxlIGJvcmRlcj0iMCI+Cjx0cj4KPFREIGFsaWduPSJjZW50ZXIiIHdpZHRoPSIyNDUiIHN0eWxlPSJib3JkZXItd2lkdGggOiAxcHg7Ym9yZGVyLXN0eWxlIDogc29saWQ7Ym9yZGVyLWNvbG9yIDogI2ZmYTYwMDsiIGJnY29sb3I9IiNmZmE2MDAiPgo8Qj48Rk9OVCBzaXplPSIyIj48QlI+44CQ6LuK56iu44Gn5qSc57Si44CRPGJyPgogICAgICDou4rnqK7liKXjgafllYblk4HjgpLopovjgaTjgZHjgovvvIE8QlI+CiAgICAgIDwvZm9udD48L0I+PGJyPgo8L1REPgo8L3RyPgo8dHI+CjxURCBiZ2NvbG9yPSIjZmZmZmZmIj4KCjxpbWcgc3JjPSJodHRwOi8vaW1hZ2UucmFrdXRlbi5jby5qcC9jYXJ1cy9jYWJpbmV0L3RvcDIwMDcvZG9tZXN0aWMuZ2lmIiB3aWR0aD0iMjQ1IiBib3JkZXI9IjAiPgo8QlI+PGZvbnQgc2l6ZT0iNCI+5Zu955Sj6LuK56iu5Yil44Gv44GT44Gh44KJPC9mb250Pgo8L1REPgo8L3RyPgo8dHI+CjxURCBiZ2NvbG9yPSIjZmZmZmZmIj4KCjxpbWcgc3JjPSJodHRwOi8vaW1hZ2UucmFrdXRlbi5jby5qcC9jYXJ1cy9jYWJpbmV0L3RvcDIwMDcvaW1wb3J0LmdpZiIgd2lkdGg9IjI0NSIgYm9yZGVyPSIwIj4KPEJSPjxmb250IHNpemU9IjQiPui8uOWFpei7iueoruWIpeOBr+OBk+OBoeOCiTwvZm9udD4KPC9URD4KPC90cj4KPC90YWJsZT7jgJBUWTIyM+OAkeOAkFRZMjI044CR,44CQUjQwIElDT05JWCDjgqLjgqTjgrPjg4vjg4Pjgq/jgrkg5qi56ISC44Kt44Oj44OD44OXVmVy44CRMjDlgIvlhaXjgorjgJA05YCL44Gv5LqI5YKZ44CR4pag44Od44Or44OGL+ODiOODqOOCv+KWoE0xMiZ0aW1lcztQMS414pagS2ljcyBSYWNpbmcgQ29tcG9zaXRlUjQwIOODrOODvOOCt+ODs+OCsOOCs+ODs+ODneOCuOODg+ODiFI0MCDjg63jg4Pjgq/nhKHjgZfjg4rjg4Pjg4jjgrvjg4Pjg4jjg5bjg6njg4Pjgq8v6buS44CQUklGLTAxS+OAke+8muOCq+ODq+ODvOOCueOCquODvOODiOODkeODvOODhA==,6LuK5qSc5a++5b+c5pS56YCg57SU5q2j5r+A5a6J44K144K544Oa44Oz44K344On44Oz44Ko44Ki44Ot56u25oqA55So44Ob44Kk44O844Or44OK44OD44OI44Ot44OD44Kv44OK44OD44OI44Ov44Kk44OJ44OI44Os44OD44OJ44K544Oa44O844K144O844Ov44Kk44OI44OsSElE44K344O844OI44Kr44OQ44O844OQ44OD44OG44Oq44O844Ko44Ki44Kv44Oq44O844OK44O844K544OR44O844Kv44OX44Op44Kw44OY44OD44OJ44Op44Kk44OIMjAw57O744OP44Kk44Ko44O844K544OX44Oq44Km44K544O044Kn44Or44OV44Kh44Kk44Ki44CQUjQwIElDT05JWCDjgqLjgqTjgrPjg4vjg4Pjgq/jgrkg5qi56ISC44Kt44Oj44OD44OXVmVy44CRMjDlgIvlhaXjgorjgJA05YCL44Gv5LqI5YKZ44CR4pag44Od44Or44OGL+ODiOODqOOCv+KWoE0xMiZ0aW1lcztQMS414pagS2ljcyBSYWNpbmcgQ29tcG9zaXRlUjQwIOODrOODvOOCt+ODs+OCsOOCs+ODs+ODneOCuOODg+ODiFI0MCDjg63jg4Pjgq/nhKHjgZfjg4rjg4Pjg4jjgrvjg4Pjg4jjg5bjg6njg4Pjgq8v6buS44CQUklGLTAxS+OAkQ==,44Ot44OD44Kv54Sh44GX44OK44OD44OI44K744OD44OI44CQ6Lu96YeP44OK44OD44OI44CR6Y2b6YCg44Ki44Or44Of44Ob44Kk44O844Or44OK44OD44OI44CC44CQUjQwIElDT05JWCDjgqLjgqTjgrPjg4vjg4Pjgq/jgrkg5qi56ISC44Kt44Oj44OD44OXVmVy44CRMjDlgIvlhaXjgorjgJA05YCL44Gv5LqI5YKZ44CR4pag44Od44Or44OGL+ODiOODqOOCv+KWoE0xMiZ0aW1lcztQMS414pagS2ljcyBSYWNpbmcgQ29tcG9zaXRlUjQwIOODrOODvOOCt+ODs+OCsOOCs+ODs+ODneOCuOODg+ODiFI0MCDjg63jg4Pjgq/nhKHjgZfjg4rjg4Pjg4jjgrvjg4Pjg4jjg5bjg6njg4Pjgq8v6buS44CQUklGLTAxS+OAkQ==[rn]
21-63087,aHR0cDovL3RzaG9wLnIxMHMuanAvY2FydXMvY2FiaW5ldC9reW8tZWkvbWNnY3JfdGFucGluLmpwZz9maXRpbj03MDA6NzAw,NTYxNi4wMDAw,,6LuK55So5ZOB44O744OQ44Kk44Kv55So5ZOBID4g44Kr44O855So5ZOBID4g44Ob44Kk44O844Or44O744K/44Kk44Ok5ZGo6L6655So5ZOBID4g44Ot44OD44Kv44OK44OD44OI,4pag44Oe44OD44Kv44Ks44O844OJIOODreODg+OCrzTlgIvjgrvjg4Pjg4jilqDjg53jg6vjg4Yv44OI44Oo44K/4pagTTEyWDEuNS8yMW1tL+ODoeODg+OCreKWoOODm+OCpOODvOODq+ebl+mbo+OCkumYsuOBkOWIh+OCiuacrS/jg5fjg6zjg5/jgqLjg6Djg63jg4Pjgq/jg4rjg4Pjg4ggTWNHYXJkIOato+imj+WPluaJseW6lw==,5Zu95YaF5q2j6KaP5ZOBIOaXpeacrOiqnuODkeODg+OCseODvOOCuOOAkOODreODg+OCrzTlgIvvvIvjgq3jg7wy5YCL44K744OD44OI44CR,PENFTlRFUj4KPFRBQkxFIGJvcmRlcj0iMCI+CiAgPFRCT0RZPgogICAgPFRSPgogICAgICA8VEQ+PElNRyBzcmM9Imh0dHA6Ly9pbWFnZS5yYWt1dGVuLmNvLmpwL2NhcnVzL2NhYmluZXQva3lvLWVpL21jZ2FyZC1tYWluLmpwZyIgd2lkdGg9IjYwMCI+PGJyPgogICAgICAgPGJyPjxpbWcgc3JjPSJodHRwOi8vaW1hZ2UucmFrdXRlbi5jby5qcC9jYXJ1cy9jYWJpbmV0L2t5by1laS9tY2dhcmQtbWFpbjYwMC5qcGciIHdpZHRoPSI2MDAiPgogICAgICAgPGJyPjxpbWcgc3JjPSJodHRwOi8vaW1hZ2UucmFrdXRlbi5jby5qcC9jYXJ1cy9jYWJpbmV0L2t5by1laS9tY2dhcmQtc2V0dW1laS5naWYiIHdpZHRoPSI2MDAiPgogICAgICAgPGJyPjxpbWcgc3JjPSJodHRwOi8vaW1hZ2UucmFrdXRlbi5jby5qcC9jYXJ1cy9jYWJpbmV0L2t5by1laS9tY2dhcmQtc2V0dW1laTIuZ2lmIiB3aWR0aD0iNjAwIj4KICAgICAgIDxicj48aW1nIHNyYz0iaHR0cDovL2ltYWdlLnJha3V0ZW4uY28uanAvY2FydXMvY2FiaW5ldC9reW8tZWkvbWNnYXJkLXNldHVtZWkzLmdpZiIgd2lkdGg9IjYwMCI+CuOAgOOAgDwvVEQ+CiAgIDwvVFI+CiAgPC9UQk9EWT4KPC9UQUJMRT4KPFRBQkxFIGNlbGxzcGFjaW5nPSIyIiBjZWxscGFkZGluZz0iMyIgd2lkdGg9IjYwMCIgYmdjb2xvcj0iIzA4NmRiZCI+CjxUQk9EWT4KPFRSPgogICAgICA8VEQgYWxpZ249Im1pZGRsZSIgY29sc3Bhbj0iMiIgaGVpZ2h0PSIyMyIgYmdjb2xvcj0iIzA4NmRiZCI+PFNUUk9ORz7llYbjgIDjgIDjgIDlk4HjgIDjgIDjgIDlhoXjgIDjgIDjgIDlrrk8L1NUUk9ORz48L1REPgogICAgPC9UUj4KICAgIDxUUj4KICAgICAgPFREIGFsaWduPSJjZW50ZXIiIGJnY29sb3I9IiMzM2ZmY2MiPjxUVD48Qj7ms6jmhI/kuovpoIU8L0I+PC9UVD48L1REPgogICAgICA8VEQgYmdDb2xvcj0jZWVlZWVlPjxicj4KICAgICAg4pag44Oh44O844Kr44O857SU5q2j44Ob44Kk44O844Or44Gr44Gv44GU5L2/55So44GE44Gf44Gg44GR44G+44Gb44KT44CCCjxicj48YnI+CuKAu+W9k+W6l+OBruODnuODg+OCr+OCrOODvOODieOBr+S4h+WFqOOBquOCouODleOCv+ODvOOCteODvOODk+OCueOBjOWPl+OBkeOCieOCjOOCi+aXpeacrOS7leanmOOBruato+imj+WTgeOBp+OBmeOAgiAKPGJyPjxicj4KICAgICAgPC9URD4KICAgIDwvVFI+CjxUUj4KICAgICAgPFREIGFsaWduPSJjZW50ZXIiIGJnY29sb3I9IiMzM2ZmY2MiPjxUVD48Qj7ku5XjgIDjgIDjgIDmp5g8L0I+PC9UVD48L1REPgogICAgICA8VEQgYmdDT0xPUj0iI0ZGRkZGRiI+CjxJTUcgU1JDPSJodHRwOi8vaW1hZ2UucmFrdXRlbi5jby5qcC9jYXJ1cy9jYWJpbmV0L2t5by1laS9tY2djcl90YW5waW4uanBnIj4KICAgICAgPEJSPgogICAgICA8L1REPgogICAgPC9UUj4KPFRSPgogICAgICA8VEQgYWxpZ249ImNlbnRlciIgYmdjb2xvcj0iIzMzZmZjYyI+PFRUPjxCPue0jeOAgOacn+OAgOOBqzxCUj7jgaTjgIDjgYTjgIDjgaY8L0I+PC9UVD48L1REPgogICAgICA8VEQgCmJnQ29sb3I9I2VlZWVlZT48QlI+CiAgICAgIOWVhuWTgeOBr+WcqOW6q+OBjOOBguOCi+WgtOWQiO+8ku+9nu+8k+WWtualreaXpeOBp+eZuumAgeiHtOOBl+OBvuOBmeOAguasoOWTgeOBruWgtOWQiOOBr+e0jeacn+OCkuOBlOmAo+e1oeOBhOOBn+OBl+OBvuOBmeOAgjxCUj4KICAgICAg44G+44Gf44CB5pel5puc44O756Wt5pel44Gv55m66YCB44Gn44GN44G+44Gb44KT44Gu44Gn44GU5LqG5om/5LiL44GV44GE44CCPGJyPgogICAgICDimIXjgYrmgKXjgY7jga7mlrnjga/llY/lkIjjgo/jgZvjgavjgabjgZTnorroqo3kuIvjgZXjgYTjgII8QlI+CiAgICAgIDxCUj4KICAgICAgPC9URD4KPC90cj4KPHRyPgogICAgICA8VEQgYWxpZ249ImNlbnRlciIgYmdjb2xvcj0iIzMzZmZjYyI+PFRUPjxCPumAgeaWmTwvQj48L1RUPjwvVEQ+Cjx0ZCBiZ0NvbG9yPSNlZWVlZWU+Cjxicj4K5YWo5Zu9NjAw5YaGK+eojuOAguS9huOBl+WMl+a1t+mBk+OAgeaylue4hOOBrzE1MDDlhoYr56iO44CCCjxicj48YnI+CjwvdGQ+CiAgICA8L1RSPgogIDwvVEJPRFk+CjwvVEFCTEU+CjwvQ0VOVEVSPjx0YWJsZSBib3JkZXI9IjAiPgo8dHI+CjxURCBhbGlnbj0iY2VudGVyIiB3aWR0aD0iMjQ1IiBzdHlsZT0iYm9yZGVyLXdpZHRoIDogMXB4O2JvcmRlci1zdHlsZSA6IHNvbGlkO2JvcmRlci1jb2xvciA6ICNmZmE2MDA7IiBiZ2NvbG9yPSIjZmZhNjAwIj4KPEI+PEZPTlQgc2l6ZT0iMiI+PEJSPuOAkOi7iueoruOBp+aknOe0ouOAkTxicj4KICAgICAg6LuK56iu5Yil44Gn5ZWG5ZOB44KS6KaL44Gk44GR44KL77yBPEJSPgogICAgICA8L2ZvbnQ+PC9CPjxicj4KPC9URD4KPC90cj4KPHRyPgo8VEQgYmdjb2xvcj0iI2ZmZmZmZiI+Cgo8aW1nIHNyYz0iaHR0cDovL2ltYWdlLnJha3V0ZW4uY28uanAvY2FydXMvY2FiaW5ldC90b3AyMDA3L2RvbWVzdGljLmdpZiIgd2lkdGg9IjI0NSIgYm9yZGVyPSIwIj4KPEJSPjxmb250IHNpemU9IjQiPuWbveeUo+i7iueoruWIpeOBr+OBk+OBoeOCiTwvZm9udD4KPC9URD4KPC90cj4KPHRyPgo8VEQgYmdjb2xvcj0iI2ZmZmZmZiI+Cgo8aW1nIHNyYz0iaHR0cDovL2ltYWdlLnJha3V0ZW4uY28uanAvY2FydXMvY2FiaW5ldC90b3AyMDA3L2ltcG9ydC5naWYiIHdpZHRoPSIyNDUiIGJvcmRlcj0iMCI+CjxCUj48Zm9udCBzaXplPSI0Ij7ovLjlhaXou4rnqK7liKXjga/jgZPjgaHjgok8L2ZvbnQ+CjwvVEQ+CjwvdHI+CjwvdGFibGU+PEJSPuOAkFRZMjIz44CR44CQVFkyMjTjgJE=,4pag44Oe44OD44Kv44Ks44O844OJIOODreODg+OCrzTlgIvjgrvjg4Pjg4jilqDjg53jg6vjg4Yv44OI44Oo44K/4pagTTEyWDEuNS8yMW1tL+ODoeODg+OCreKWoOODm+OCpOODvOODq+ebl+mbo+OCkumYsuOBkOWIh+OCiuacrS/jg5fjg6zjg5/jgqLjg6Djg63jg4Pjgq/jg4rjg4Pjg4ggTWNHYXJkIOato+imj+WPluaJseW6l++8muOCq+ODq+ODvOOCueOCquODvOODiOODkeODvOODhA==,6LuK5qSc5a++5b+c5pS56YCg57SU5q2j5r+A5a6J44K144K544Oa44Oz44K344On44Oz44Ko44Ki44Ot56u25oqA55So44Ob44Kk44O844Or44OK44OD44OI44Ot44OD44Kv44OK44OD44OI44Ov44Kk44OJ44OI44Os44OD44OJ44K544Oa44O844K144O844Ov44Kk44OI44OsSElE44K344O844OI44Kr44OQ44O844OQ44OD44OG44Oq44O844Ko44Ki44Kv44Oq44O844OK44O844K544OR44O844Kv44OX44Op44Kw44OY44OD44OJ44Op44Kk44OIMjAw57O744OP44Kk44Ko44O844K544OX44Oq44Km44K544O044Kn44Or44OV44Kh44Kk44Ki4pag44Oe44OD44Kv44Ks44O844OJIOODreODg+OCrzTlgIvjgrvjg4Pjg4jilqDjg53jg6vjg4Yv44OI44Oo44K/4pagTTEyWDEuNS8yMW1tL+ODoeODg+OCreKWoOODm+OCpOODvOODq+ebl+mbo+OCkumYsuOBkOWIh+OCiuacrS/jg5fjg6zjg5/jgqLjg6Djg63jg4Pjgq/jg4rjg4Pjg4ggTWNHYXJkIOato+imj+WPluaJseW6lw==,5Zu95YaF5q2j6KaP5ZOBIOaXpeacrOiqnuODkeODg+OCseODvOOCuOOAkOODreODg+OCrzTlgIvvvIvjgq3jg7wy5YCL44K744OD44OI44CR44CC4pag44Oe44OD44Kv44Ks44O844OJIOODreODg+OCrzTlgIvjgrvjg4Pjg4jilqDjg53jg6vjg4Yv44OI44Oo44K/4pagTTEyWDEuNS8yMW1tL+ODoeODg+OCreKWoOODm+OCpOODvOODq+ebl+mbo+OCkumYsuOBkOWIh+OCiuacrS/jg5fjg6zjg5/jgqLjg6Djg63jg4Pjgq/jg4rjg4Pjg4ggTWNHYXJkIOato+imj+WPluaJseW6lw==[rn]
21-63088,aHR0cDovL3RzaG9wLnIxMHMuanAvY2FydXMvY2FiaW5ldC9reW8tZWkvMzQyNTdreW9laXNldC5qcGc/Zml0aW49NzAwOjcwMA==,Njk0NC4wMDAw,,6LuK55So5ZOB44O744OQ44Kk44Kv55So5ZOBID4g44Kr44O855So5ZOBID4g44Ob44Kk44O844Or44O744K/44Kk44Ok5ZGo6L6655So5ZOBID4g44Ot44OD44Kv44OK44OD44OI,4pag44Oe44OD44Kv44Ks44O844OJIOODreODg+OCr++8i0tZT0VJ44OK44OD44OI44K744OD44OI4pag44Ki44OI44Os44O8L+ODgOOCpOODj+ODhC9NMTJYMS41LzIxbW0v44Oh44OD44Kt4pag44Ob44Kk44O844Or55uX6Zuj44KS6Ziy44GQ5YiH44KK5pytL+ODl+ODrOODn+OCouODoOODreODg+OCr+ODiuODg+ODiO+8i+ODqeOCsOODiuODg+ODiDHlj7DliIbjga7nibnliKXjgrvjg4Pjg4ggTWNHYXJkIEtZT0VJIOato+imj+WPluaJseW6lw==,5Zu95YaF5q2j6KaP5ZOB44CQ44Ot44OD44KvNOWAi++8i+OCreODvDLlgIvvvIvjg4rjg4Pjg4gx5Y+w5YiG44K744OD44OI44CR,PENFTlRFUj4KPFRBQkxFIGJvcmRlcj0iMCI+CiAgPFRCT0RZPgogICAgPFRSPgogICAgICA8VEQ+PElNRyBzcmM9Imh0dHA6Ly9pbWFnZS5yYWt1dGVuLmNvLmpwL2NhcnVzL2NhYmluZXQva3lvLWVpL21jZ2FyZC1tYWluLmpwZyIgd2lkdGg9IjYwMCI+PGJyPgogICAgICAgPGJyPjxpbWcgc3JjPSJodHRwOi8vaW1hZ2UucmFrdXRlbi5jby5qcC9jYXJ1cy9jYWJpbmV0L2t5by1laS9tY2dhcmQtbWFpbjYwMC5qcGciIHdpZHRoPSI2MDAiPgogICAgICAgPGJyPjxpbWcgc3JjPSJodHRwOi8vaW1hZ2UucmFrdXRlbi5jby5qcC9jYXJ1cy9jYWJpbmV0L2t5by1laS9tY2dhcmQtc2V0dW1laS5naWYiIHdpZHRoPSI2MDAiPgogICAgICAgPGJyPjxpbWcgc3JjPSJodHRwOi8vaW1hZ2UucmFrdXRlbi5jby5qcC9jYXJ1cy9jYWJpbmV0L2t5by1laS9tY2dhcmQtc2V0dW1laTIuZ2lmIiB3aWR0aD0iNjAwIj4KICAgICAgIDxicj48aW1nIHNyYz0iaHR0cDovL2ltYWdlLnJha3V0ZW4uY28uanAvY2FydXMvY2FiaW5ldC9reW8tZWkvbWNnYXJkLXNldHVtZWkzLmdpZiIgd2lkdGg9IjYwMCI+CuOAgOOAgDwvVEQ+CiAgIDwvVFI+CiAgPC9UQk9EWT4KPC9UQUJMRT4KPFRBQkxFIGNlbGxzcGFjaW5nPSIyIiBjZWxscGFkZGluZz0iMyIgd2lkdGg9IjYwMCIgYmdjb2xvcj0iIzA4NmRiZCI+CjxUQk9EWT4KPFRSPgogICAgICA8VEQgYWxpZ249Im1pZGRsZSIgY29sc3Bhbj0iMiIgaGVpZ2h0PSIyMyIgYmdjb2xvcj0iIzA4NmRiZCI+PFNUUk9ORz7llYbjgIDjgIDjgIDlk4HjgIDjgIDjgIDlhoXjgIDjgIDjgIDlrrk8L1NUUk9ORz48L1REPgogICAgPC9UUj4KICAgIDxUUj4KICAgICAgPFREIGFsaWduPSJjZW50ZXIiIGJnY29sb3I9IiMzM2ZmY2MiPjxUVD48Qj7ms6jmhI/kuovpoIU8L0I+PC9UVD48L1REPgogICAgICA8VEQgYmdDb2xvcj0jZWVlZWVlPjxicj4KICAgICAg4pag44Oh44O844Kr44O857SU5q2j44Ob44Kk44O844Or44Gr44Gv44GU5L2/55So44GE44Gf44Gg44GR44G+44Gb44KT44CCCjxicj48YnI+CuKAu+W9k+W6l+OBruODnuODg+OCr+OCrOODvOODieOBr+S4h+WFqOOBquOCouODleOCv+ODvOOCteODvOODk+OCueOBjOWPl+OBkeOCieOCjOOCi+aXpeacrOS7leanmOOBruato+imj+WTgeOBp+OBmeOAgiAKPGJyPjxicj4KICAgICAgPC9URD4KICAgIDwvVFI+CjxUUj4KICAgICAgPFREIGFsaWduPSJjZW50ZXIiIGJnY29sb3I9IiMzM2ZmY2MiPjxUVD48Qj7ku5XjgIDjgIDjgIDmp5g8L0I+PC9UVD48L1REPgogICAgICA8VEQgYmdDT0xPUj0iI0ZGRkZGRiI+CjxJTUcgU1JDPSJodHRwOi8vaW1hZ2UucmFrdXRlbi5jby5qcC9jYXJ1cy9jYWJpbmV0L2t5by1laS8zNDI1N2t5b2Vpc2V0LmpwZyI+CiAgICAgIDxCUj4KICAgICAgPC9URD4KICAgIDwvVFI+CjxUUj4KICAgICAgPFREIGFsaWduPSJjZW50ZXIiIGJnY29sb3I9IiMzM2ZmY2MiPjxUVD48Qj7ntI3jgIDmnJ/jgIDjgas8QlI+44Gk44CA44GE44CA44GmPC9CPjwvVFQ+PC9URD4KICAgICAgPFREIApiZ0NvbG9yPSNlZWVlZWU+PEJSPgogICAgICDllYblk4Hjga/lnKjluqvjgYzjgYLjgovloLTlkIjvvJLvvZ7vvJPllrbmpa3ml6XjgafnmbrpgIHoh7TjgZfjgb7jgZnjgILmrKDlk4Hjga7loLTlkIjjga/ntI3mnJ/jgpLjgZTpgKPntaHjgYTjgZ/jgZfjgb7jgZnjgII8QlI+CiAgICAgIOOBvuOBn+OAgeaXpeabnOODu+elreaXpeOBr+eZuumAgeOBp+OBjeOBvuOBm+OCk+OBruOBp+OBlOS6huaJv+S4i+OBleOBhOOAgjxicj4KICAgICAg4piF44GK5oCl44GO44Gu5pa544Gv5ZWP5ZCI44KP44Gb44Gr44Gm44GU56K66KqN5LiL44GV44GE44CCPEJSPgogICAgICA8QlI+CiAgICAgIDwvVEQ+CjwvdHI+Cjx0cj4KICAgICAgPFREIGFsaWduPSJjZW50ZXIiIGJnY29sb3I9IiMzM2ZmY2MiPjxUVD48Qj7pgIHmlpk8L0I+PC9UVD48L1REPgo8dGQgYmdDb2xvcj0jZWVlZWVlPgo8YnI+CuWFqOWbvTYwMOWGhivnqI7jgILkvYbjgZfljJfmtbfpgZPjgIHmspbnuITjga8xNTAw5YaGK+eojuOAggo8YnI+PGJyPgo8L3RkPgogICAgPC9UUj4KICA8L1RCT0RZPgo8L1RBQkxFPgo8L0NFTlRFUj48dGFibGUgYm9yZGVyPSIwIj4KPHRyPgo8VEQgYWxpZ249ImNlbnRlciIgd2lkdGg9IjI0NSIgc3R5bGU9ImJvcmRlci13aWR0aCA6IDFweDtib3JkZXItc3R5bGUgOiBzb2xpZDtib3JkZXItY29sb3IgOiAjZmZhNjAwOyIgYmdjb2xvcj0iI2ZmYTYwMCI+CjxCPjxGT05UIHNpemU9IjIiPjxCUj7jgJDou4rnqK7jgafmpJzntKLjgJE8YnI+CiAgICAgIOi7iueoruWIpeOBp+WVhuWTgeOCkuimi+OBpOOBkeOCi++8gTxCUj4KICAgICAgPC9mb250PjwvQj48YnI+CjwvVEQ+CjwvdHI+Cjx0cj4KPFREIGJnY29sb3I9IiNmZmZmZmYiPgoKPGltZyBzcmM9Imh0dHA6Ly9pbWFnZS5yYWt1dGVuLmNvLmpwL2NhcnVzL2NhYmluZXQvdG9wMjAwNy9kb21lc3RpYy5naWYiIHdpZHRoPSIyNDUiIGJvcmRlcj0iMCI+CjxCUj48Zm9udCBzaXplPSI0Ij7lm73nlKPou4rnqK7liKXjga/jgZPjgaHjgok8L2ZvbnQ+CjwvVEQ+CjwvdHI+Cjx0cj4KPFREIGJnY29sb3I9IiNmZmZmZmYiPgoKPGltZyBzcmM9Imh0dHA6Ly9pbWFnZS5yYWt1dGVuLmNvLmpwL2NhcnVzL2NhYmluZXQvdG9wMjAwNy9pbXBvcnQuZ2lmIiB3aWR0aD0iMjQ1IiBib3JkZXI9IjAiPgo8QlI+PGZvbnQgc2l6ZT0iNCI+6Ly45YWl6LuK56iu5Yil44Gv44GT44Gh44KJPC9mb250Pgo8L1REPgo8L3RyPgo8L3RhYmxlPjxCUj7jgJBESDAwMuOAkeOAkERIMDAz44CR,4pag44Oe44OD44Kv44Ks44O844OJIOODreODg+OCr++8i0tZT0VJ44OK44OD44OI44K744OD44OI4pag44Ki44OI44Os44O8L+ODgOOCpOODj+ODhC9NMTJYMS41LzIxbW0v44Oh44OD44Kt4pag44Ob44Kk44O844Or55uX6Zuj44KS6Ziy44GQ5YiH44KK5pytL+ODl+ODrOODn+OCouODoOODreODg+OCr+ODiuODg+ODiO+8i+ODqeOCsOODiuODg+ODiDHlj7DliIbjga7nibnliKXjgrvjg4Pjg4ggTWNHYXJkIEtZT0VJIOato+imj+WPluaJseW6l++8muOCq+ODq+ODvOOCueOCquODvOODiOODkeODvOODhA==,6LuK5qSc5a++5b+c5pS56YCg57SU5q2j5r+A5a6J44K144K544Oa44Oz44K344On44Oz44Ko44Ki44Ot56u25oqA55So44Ob44Kk44O844Or44OK44OD44OI44Ot44OD44Kv44OK44OD44OI44Ov44Kk44OJ44OI44Os44OD44OJ44K544Oa44O844K144O844Ov44Kk44OI44OsSElE44K344O844OI44Kr44OQ44O844OQ44OD44OG44Oq44O844Ko44Ki44Kv44Oq44O844OK44O844K544OR44O844Kv44OX44Op44Kw44OY44OD44OJ44Op44Kk44OIMjAw57O744OP44Kk44Ko44O844K544OX44Oq44Km44K544O044Kn44Or44OV44Kh44Kk44Ki4pag44Oe44OD44Kv44Ks44O844OJIOODreODg+OCr++8i0tZT0VJ44OK44OD44OI44K744OD44OI4pag44Ki44OI44Os44O8L+ODgOOCpOODj+ODhC9NMTJYMS41LzIxbW0v44Oh44OD44Kt4pag44Ob44Kk44O844Or55uX6Zuj44KS6Ziy44GQ5YiH44KK5pytL+ODl+ODrOODn+OCouODoOODreODg+OCr+ODiuODg+ODiO+8i+ODqeOCsOODiuODg+ODiDHlj7DliIbjga7nibnliKXjgrvjg4Pjg4ggTWNHYXJkIEtZT0VJIOato+imj+WPluaJseW6lw==,5Zu95YaF5q2j6KaP5ZOB44CQ44Ot44OD44KvNOWAi++8i+OCreODvDLlgIvvvIvjg4rjg4Pjg4gx5Y+w5YiG44K744OD44OI44CR44CC4pag44Oe44OD44Kv44Ks44O844OJIOODreODg+OCr++8i0tZT0VJ44OK44OD44OI44K744OD44OI4pag44Ki44OI44Os44O8L+ODgOOCpOODj+ODhC9NMTJYMS41LzIxbW0v44Oh44OD44Kt4pag44Ob44Kk44O844Or55uX6Zuj44KS6Ziy44GQ5YiH44KK5pytL+ODl+ODrOODn+OCouODoOODreODg+OCr+ODiuODg+ODiO+8i+ODqeOCsOODiuODg+ODiDHlj7DliIbjga7nibnliKXjgrvjg4Pjg4ggTWNHYXJkIEtZT0VJIOato+imj+WPluaJseW6lw==[rn]
21-63089,aHR0cDovL3RzaG9wLnIxMHMuanAvY2FydXMvY2FiaW5ldC9reW8tZWkvbWNnY3JfdGFucGluLmpwZz9maXRpbj03MDA6NzAw,NTYxNi4wMDAw,,6LuK55So5ZOB44O744OQ44Kk44Kv55So5ZOBID4g44Kr44O855So5ZOBID4g44Ob44Kk44O844Or44O744K/44Kk44Ok5ZGo6L6655So5ZOBID4g44Ot44OD44Kv44OK44OD44OI,4pag44Oe44OD44Kv44Ks44O844OJIOODreODg+OCrzTlgIvjgrvjg4Pjg4jilqDjg4bjg6rjgqrjgrnjgq3jg4Pjg4kv44OA44Kk44OP44OEL00xMlgxLjUvMjFtbS/jg6Hjg4Pjgq3ilqDjg5vjgqTjg7zjg6vnm5fpm6PjgpLpmLLjgZDliIfjgormnK0v44OX44Os44Of44Ki44Og44Ot44OD44Kv44OK44OD44OIIE1jR2FyZCDmraPopo/lj5bmibHlupc=,5Zu95YaF5q2j6KaP5ZOBIOaXpeacrOiqnuODkeODg+OCseODvOOCuOOAkOODreODg+OCrzTlgIvvvIvjgq3jg7wy5YCL44K744OD44OI44CR,PENFTlRFUj4KPFRBQkxFIGJvcmRlcj0iMCI+CiAgPFRCT0RZPgogICAgPFRSPgogICAgICA8VEQ+PElNRyBzcmM9Imh0dHA6Ly9pbWFnZS5yYWt1dGVuLmNvLmpwL2NhcnVzL2NhYmluZXQva3lvLWVpL21jZ2FyZC1tYWluLmpwZyIgd2lkdGg9IjYwMCI+PGJyPgogICAgICAgPGJyPjxpbWcgc3JjPSJodHRwOi8vaW1hZ2UucmFrdXRlbi5jby5qcC9jYXJ1cy9jYWJpbmV0L2t5by1laS9tY2dhcmQtbWFpbjYwMC5qcGciIHdpZHRoPSI2MDAiPgogICAgICAgPGJyPjxpbWcgc3JjPSJodHRwOi8vaW1hZ2UucmFrdXRlbi5jby5qcC9jYXJ1cy9jYWJpbmV0L2t5by1laS9tY2dhcmQtc2V0dW1laS5naWYiIHdpZHRoPSI2MDAiPgogICAgICAgPGJyPjxpbWcgc3JjPSJodHRwOi8vaW1hZ2UucmFrdXRlbi5jby5qcC9jYXJ1cy9jYWJpbmV0L2t5by1laS9tY2dhcmQtc2V0dW1laTIuZ2lmIiB3aWR0aD0iNjAwIj4KICAgICAgIDxicj48aW1nIHNyYz0iaHR0cDovL2ltYWdlLnJha3V0ZW4uY28uanAvY2FydXMvY2FiaW5ldC9reW8tZWkvbWNnYXJkLXNldHVtZWkzLmdpZiIgd2lkdGg9IjYwMCI+CuOAgOOAgDwvVEQ+CiAgIDwvVFI+CiAgPC9UQk9EWT4KPC9UQUJMRT4KPFRBQkxFIGNlbGxzcGFjaW5nPSIyIiBjZWxscGFkZGluZz0iMyIgd2lkdGg9IjYwMCIgYmdjb2xvcj0iIzA4NmRiZCI+CjxUQk9EWT4KPFRSPgogICAgICA8VEQgYWxpZ249Im1pZGRsZSIgY29sc3Bhbj0iMiIgaGVpZ2h0PSIyMyIgYmdjb2xvcj0iIzA4NmRiZCI+PFNUUk9ORz7llYbjgIDjgIDjgIDlk4HjgIDjgIDjgIDlhoXjgIDjgIDjgIDlrrk8L1NUUk9ORz48L1REPgogICAgPC9UUj4KICAgIDxUUj4KICAgICAgPFREIGFsaWduPSJjZW50ZXIiIGJnY29sb3I9IiMzM2ZmY2MiPjxUVD48Qj7ms6jmhI/kuovpoIU8L0I+PC9UVD48L1REPgogICAgICA8VEQgYmdDb2xvcj0jZWVlZWVlPjxicj4KICAgICAg4pag44Oh44O844Kr44O857SU5q2j44Ob44Kk44O844Or44Gr44Gv44GU5L2/55So44GE44Gf44Gg44GR44G+44Gb44KT44CCCjxicj48YnI+CuKAu+W9k+W6l+OBruODnuODg+OCr+OCrOODvOODieOBr+S4h+WFqOOBquOCouODleOCv+ODvOOCteODvOODk+OCueOBjOWPl+OBkeOCieOCjOOCi+aXpeacrOS7leanmOOBruato+imj+WTgeOBp+OBmeOAgiAKPGJyPjxicj4KICAgICAgPC9URD4KICAgIDwvVFI+CjxUUj4KICAgICAgPFREIGFsaWduPSJjZW50ZXIiIGJnY29sb3I9IiMzM2ZmY2MiPjxUVD48Qj7ku5XjgIDjgIDjgIDmp5g8L0I+PC9UVD48L1REPgogICAgICA8VEQgYmdDT0xPUj0iI0ZGRkZGRiI+CjxJTUcgU1JDPSJodHRwOi8vaW1hZ2UucmFrdXRlbi5jby5qcC9jYXJ1cy9jYWJpbmV0L2t5by1laS9tY2djcl90YW5waW4uanBnIj4KICAgICAgPEJSPgogICAgICA8L1REPgogICAgPC9UUj4KPFRSPgogICAgICA8VEQgYWxpZ249ImNlbnRlciIgYmdjb2xvcj0iIzMzZmZjYyI+PFRUPjxCPue0jeOAgOacn+OAgOOBqzxCUj7jgaTjgIDjgYTjgIDjgaY8L0I+PC9UVD48L1REPgogICAgICA8VEQgCmJnQ29sb3I9I2VlZWVlZT48QlI+CiAgICAgIOWVhuWTgeOBr+WcqOW6q+OBjOOBguOCi+WgtOWQiO+8ku+9nu+8k+WWtualreaXpeOBp+eZuumAgeiHtOOBl+OBvuOBmeOAguasoOWTgeOBruWgtOWQiOOBr+e0jeacn+OCkuOBlOmAo+e1oeOBhOOBn+OBl+OBvuOBmeOAgjxCUj4KICAgICAg44G+44Gf44CB5pel5puc44O756Wt5pel44Gv55m66YCB44Gn44GN44G+44Gb44KT44Gu44Gn44GU5LqG5om/5LiL44GV44GE44CCPGJyPgogICAgICDimIXjgYrmgKXjgY7jga7mlrnjga/llY/lkIjjgo/jgZvjgavjgabjgZTnorroqo3kuIvjgZXjgYTjgII8QlI+CiAgICAgIDxCUj4KICAgICAgPC9URD4KPC90cj4KPHRyPgogICAgICA8VEQgYWxpZ249ImNlbnRlciIgYmdjb2xvcj0iIzMzZmZjYyI+PFRUPjxCPumAgeaWmTwvQj48L1RUPjwvVEQ+Cjx0ZCBiZ0NvbG9yPSNlZWVlZWU+Cjxicj4K5YWo5Zu9NjAw5YaGK+eojuOAguS9huOBl+WMl+a1t+mBk+OAgeaylue4hOOBrzE1MDDlhoYr56iO44CCCjxicj48YnI+CjwvdGQ+CiAgICA8L1RSPgogIDwvVEJPRFk+CjwvVEFCTEU+CjwvQ0VOVEVSPjx0YWJsZSBib3JkZXI9IjAiPgo8dHI+CjxURCBhbGlnbj0iY2VudGVyIiB3aWR0aD0iMjQ1IiBzdHlsZT0iYm9yZGVyLXdpZHRoIDogMXB4O2JvcmRlci1zdHlsZSA6IHNvbGlkO2JvcmRlci1jb2xvciA6ICNmZmE2MDA7IiBiZ2NvbG9yPSIjZmZhNjAwIj4KPEI+PEZPTlQgc2l6ZT0iMiI+PEJSPuOAkOi7iueoruOBp+aknOe0ouOAkTxicj4KICAgICAg6LuK56iu5Yil44Gn5ZWG5ZOB44KS6KaL44Gk44GR44KL77yBPEJSPgogICAgICA8L2ZvbnQ+PC9CPjxicj4KPC9URD4KPC90cj4KPHRyPgo8VEQgYmdjb2xvcj0iI2ZmZmZmZiI+Cgo8aW1nIHNyYz0iaHR0cDovL2ltYWdlLnJha3V0ZW4uY28uanAvY2FydXMvY2FiaW5ldC90b3AyMDA3L2RvbWVzdGljLmdpZiIgd2lkdGg9IjI0NSIgYm9yZGVyPSIwIj4KPEJSPjxmb250IHNpemU9IjQiPuWbveeUo+i7iueoruWIpeOBr+OBk+OBoeOCiTwvZm9udD4KPC9URD4KPC90cj4KPHRyPgo8VEQgYmdjb2xvcj0iI2ZmZmZmZiI+Cgo8aW1nIHNyYz0iaHR0cDovL2ltYWdlLnJha3V0ZW4uY28uanAvY2FydXMvY2FiaW5ldC90b3AyMDA3L2ltcG9ydC5naWYiIHdpZHRoPSIyNDUiIGJvcmRlcj0iMCI+CjxCUj48Zm9udCBzaXplPSI0Ij7ovLjlhaXou4rnqK7liKXjga/jgZPjgaHjgok8L2ZvbnQ+CjwvVEQ+CjwvdHI+CjwvdGFibGU+PEJSPg==,4pag44Oe44OD44Kv44Ks44O844OJIOODreODg+OCrzTlgIvjgrvjg4Pjg4jilqDjg4bjg6rjgqrjgrnjgq3jg4Pjg4kv44OA44Kk44OP44OEL00xMlgxLjUvMjFtbS/jg6Hjg4Pjgq3ilqDjg5vjgqTjg7zjg6vnm5fpm6PjgpLpmLLjgZDliIfjgormnK0v44OX44Os44Of44Ki44Og44Ot44OD44Kv44OK44OD44OIIE1jR2FyZCDmraPopo/lj5bmibHlupfvvJrjgqvjg6vjg7zjgrnjgqrjg7zjg4jjg5Hjg7zjg4Q=,6LuK5qSc5a++5b+c5pS56YCg57SU5q2j5r+A5a6J44K144K544Oa44Oz44K344On44Oz44Ko44Ki44Ot56u25oqA55So44Ob44Kk44O844Or44OK44OD44OI44Ot44OD44Kv44OK44OD44OI44Ov44Kk44OJ44OI44Os44OD44OJ44K544Oa44O844K144O844Ov44Kk44OI44OsSElE44K344O844OI44Kr44OQ44O844OQ44OD44OG44Oq44O844Ko44Ki44Kv44Oq44O844OK44O844K544OR44O844Kv44OX44Op44Kw44OY44OD44OJ44Op44Kk44OIMjAw57O744OP44Kk44Ko44O844K544OX44Oq44Km44K544O044Kn44Or44OV44Kh44Kk44Ki4pag44Oe44OD44Kv44Ks44O844OJIOODreODg+OCrzTlgIvjgrvjg4Pjg4jilqDjg4bjg6rjgqrjgrnjgq3jg4Pjg4kv44OA44Kk44OP44OEL00xMlgxLjUvMjFtbS/jg6Hjg4Pjgq3ilqDjg5vjgqTjg7zjg6vnm5fpm6PjgpLpmLLjgZDliIfjgormnK0v44OX44Os44Of44Ki44Og44Ot44OD44Kv44OK44OD44OIIE1jR2FyZCDmraPopo/lj5bmibHlupc=,5Zu95YaF5q2j6KaP5ZOBIOaXpeacrOiqnuODkeODg+OCseODvOOCuOOAkOODreODg+OCrzTlgIvvvIvjgq3jg7wy5YCL44K744OD44OI44CR44CC4pag44Oe44OD44Kv44Ks44O844OJIOODreODg+OCrzTlgIvjgrvjg4Pjg4jilqDjg4bjg6rjgqrjgrnjgq3jg4Pjg4kv44OA44Kk44OP44OEL00xMlgxLjUvMjFtbS/jg6Hjg4Pjgq3ilqDjg5vjgqTjg7zjg6vnm5fpm6PjgpLpmLLjgZDliIfjgormnK0v44OX44Os44Of44Ki44Og44Ot44OD44Kv44OK44OD44OIIE1jR2FyZCDmraPopo/lj5bmibHlupc=[rn]
21-63090,aHR0cDovL3RzaG9wLnIxMHMuanAvY2FydXMvY2FiaW5ldC9reW8tZWkvMzQyNTdreW9laXNldC5qcGc/Zml0aW49NzAwOjcwMA==,Njk0NC4wMDAw,,6LuK55So5ZOB44O744OQ44Kk44Kv55So5ZOBID4g44Kr44O855So5ZOBID4g44Ob44Kk44O844Or44O744K/44Kk44Ok5ZGo6L6655So5ZOBID4g44Ot44OD44Kv44OK44OD44OI,4pag44Oe44OD44Kv44Ks44O844OJIOODreODg+OCr++8i0tZT0VJ44OK44OD44OI44K744OD44OI4pag44Ki44OX44Ot44O844K6L+ODgOOCpOODj+ODhC9NMTJYMS41LzIxbW0v44Oh44OD44Kt4pag44Ob44Kk44O844Or55uX6Zuj44KS6Ziy44GQ5YiH44KK5pytL+ODl+ODrOODn+OCouODoOODreODg+OCr+ODiuODg+ODiO+8i+ODqeOCsOODiuODg+ODiDHlj7DliIbjga7nibnliKXjgrvjg4Pjg4ggTWNHYXJkIEtZT0VJIOato+imj+WPluaJseW6lw==,5Zu95YaF5q2j6KaP5ZOB44CQ44Ot44OD44KvNOWAi++8i+OCreODvDLlgIvvvIvjg4rjg4Pjg4gx5Y+w5YiG44K744OD44OI44CR,PENFTlRFUj4KPFRBQkxFIGJvcmRlcj0iMCI+CiAgPFRCT0RZPgogICAgPFRSPgogICAgICA8VEQ+PElNRyBzcmM9Imh0dHA6Ly9pbWFnZS5yYWt1dGVuLmNvLmpwL2NhcnVzL2NhYmluZXQva3lvLWVpL21jZ2FyZC1tYWluLmpwZyIgd2lkdGg9IjYwMCI+PGJyPgogICAgICAgPGJyPjxpbWcgc3JjPSJodHRwOi8vaW1hZ2UucmFrdXRlbi5jby5qcC9jYXJ1cy9jYWJpbmV0L2t5by1laS9tY2dhcmQtbWFpbjYwMC5qcGciIHdpZHRoPSI2MDAiPgogICAgICAgPGJyPjxpbWcgc3JjPSJodHRwOi8vaW1hZ2UucmFrdXRlbi5jby5qcC9jYXJ1cy9jYWJpbmV0L2t5by1laS9tY2dhcmQtc2V0dW1laS5naWYiIHdpZHRoPSI2MDAiPgogICAgICAgPGJyPjxpbWcgc3JjPSJodHRwOi8vaW1hZ2UucmFrdXRlbi5jby5qcC9jYXJ1cy9jYWJpbmV0L2t5by1laS9tY2dhcmQtc2V0dW1laTIuZ2lmIiB3aWR0aD0iNjAwIj4KICAgICAgIDxicj48aW1nIHNyYz0iaHR0cDovL2ltYWdlLnJha3V0ZW4uY28uanAvY2FydXMvY2FiaW5ldC9reW8tZWkvbWNnYXJkLXNldHVtZWkzLmdpZiIgd2lkdGg9IjYwMCI+CuOAgOOAgDwvVEQ+CiAgIDwvVFI+CiAgPC9UQk9EWT4KPC9UQUJMRT4KPFRBQkxFIGNlbGxzcGFjaW5nPSIyIiBjZWxscGFkZGluZz0iMyIgd2lkdGg9IjYwMCIgYmdjb2xvcj0iIzA4NmRiZCI+CjxUQk9EWT4KPFRSPgogICAgICA8VEQgYWxpZ249Im1pZGRsZSIgY29sc3Bhbj0iMiIgaGVpZ2h0PSIyMyIgYmdjb2xvcj0iIzA4NmRiZCI+PFNUUk9ORz7llYbjgIDjgIDjgIDlk4HjgIDjgIDjgIDlhoXjgIDjgIDjgIDlrrk8L1NUUk9ORz48L1REPgogICAgPC9UUj4KICAgIDxUUj4KICAgICAgPFREIGFsaWduPSJjZW50ZXIiIGJnY29sb3I9IiMzM2ZmY2MiPjxUVD48Qj7ms6jmhI/kuovpoIU8L0I+PC9UVD48L1REPgogICAgICA8VEQgYmdDb2xvcj0jZWVlZWVlPjxicj4KICAgICAg4pag44Oh44O844Kr44O857SU5q2j44Ob44Kk44O844Or44Gr44Gv44GU5L2/55So44GE44Gf44Gg44GR44G+44Gb44KT44CCCjxicj48YnI+CuKAu+W9k+W6l+OBruODnuODg+OCr+OCrOODvOODieOBr+S4h+WFqOOBquOCouODleOCv+ODvOOCteODvOODk+OCueOBjOWPl+OBkeOCieOCjOOCi+aXpeacrOS7leanmOOBruato+imj+WTgeOBp+OBmeOAgiAKPGJyPjxicj4KICAgICAgPC9URD4KICAgIDwvVFI+CjxUUj4KICAgICAgPFREIGFsaWduPSJjZW50ZXIiIGJnY29sb3I9IiMzM2ZmY2MiPjxUVD48Qj7ku5XjgIDjgIDjgIDmp5g8L0I+PC9UVD48L1REPgogICAgICA8VEQgYmdDT0xPUj0iI0ZGRkZGRiI+CjxJTUcgU1JDPSJodHRwOi8vaW1hZ2UucmFrdXRlbi5jby5qcC9jYXJ1cy9jYWJpbmV0L2t5by1laS8zNDI1N2t5b2Vpc2V0LmpwZyI+CiAgICAgIDxCUj4KICAgICAgPC9URD4KICAgIDwvVFI+CjxUUj4KICAgICAgPFREIGFsaWduPSJjZW50ZXIiIGJnY29sb3I9IiMzM2ZmY2MiPjxUVD48Qj7ntI3jgIDmnJ/jgIDjgas8QlI+44Gk44CA44GE44CA44GmPC9CPjwvVFQ+PC9URD4KICAgICAgPFREIApiZ0NvbG9yPSNlZWVlZWU+PEJSPgogICAgICDllYblk4Hjga/lnKjluqvjgYzjgYLjgovloLTlkIjvvJLvvZ7vvJPllrbmpa3ml6XjgafnmbrpgIHoh7TjgZfjgb7jgZnjgILmrKDlk4Hjga7loLTlkIjjga/ntI3mnJ/jgpLjgZTpgKPntaHjgYTjgZ/jgZfjgb7jgZnjgII8QlI+CiAgICAgIOOBvuOBn+OAgeaXpeabnOODu+elreaXpeOBr+eZuumAgeOBp+OBjeOBvuOBm+OCk+OBruOBp+OBlOS6huaJv+S4i+OBleOBhOOAgjxicj4KICAgICAg4piF44GK5oCl44GO44Gu5pa544Gv5ZWP5ZCI44KP44Gb44Gr44Gm44GU56K66KqN5LiL44GV44GE44CCPEJSPgogICAgICA8QlI+CiAgICAgIDwvVEQ+CjwvdHI+Cjx0cj4KICAgICAgPFREIGFsaWduPSJjZW50ZXIiIGJnY29sb3I9IiMzM2ZmY2MiPjxUVD48Qj7pgIHmlpk8L0I+PC9UVD48L1REPgo8dGQgYmdDb2xvcj0jZWVlZWVlPgo8YnI+CuWFqOWbvTYwMOWGhivnqI7jgILkvYbjgZfljJfmtbfpgZPjgIHmspbnuITjga8xNTAw5YaGK+eojuOAggo8YnI+PGJyPgo8L3RkPgogICAgPC9UUj4KICA8L1RCT0RZPgo8L1RBQkxFPgo8L0NFTlRFUj48dGFibGUgYm9yZGVyPSIwIj4KPHRyPgo8VEQgYWxpZ249ImNlbnRlciIgd2lkdGg9IjI0NSIgc3R5bGU9ImJvcmRlci13aWR0aCA6IDFweDtib3JkZXItc3R5bGUgOiBzb2xpZDtib3JkZXItY29sb3IgOiAjZmZhNjAwOyIgYmdjb2xvcj0iI2ZmYTYwMCI+CjxCPjxGT05UIHNpemU9IjIiPjxCUj7jgJDou4rnqK7jgafmpJzntKLjgJE8YnI+CiAgICAgIOi7iueoruWIpeOBp+WVhuWTgeOCkuimi+OBpOOBkeOCi++8gTxCUj4KICAgICAgPC9mb250PjwvQj48YnI+CjwvVEQ+CjwvdHI+Cjx0cj4KPFREIGJnY29sb3I9IiNmZmZmZmYiPgoKPGltZyBzcmM9Imh0dHA6Ly9pbWFnZS5yYWt1dGVuLmNvLmpwL2NhcnVzL2NhYmluZXQvdG9wMjAwNy9kb21lc3RpYy5naWYiIHdpZHRoPSIyNDUiIGJvcmRlcj0iMCI+CjxCUj48Zm9udCBzaXplPSI0Ij7lm73nlKPou4rnqK7liKXjga/jgZPjgaHjgok8L2ZvbnQ+CjwvVEQ+CjwvdHI+Cjx0cj4KPFREIGJnY29sb3I9IiNmZmZmZmYiPgoKPGltZyBzcmM9Imh0dHA6Ly9pbWFnZS5yYWt1dGVuLmNvLmpwL2NhcnVzL2NhYmluZXQvdG9wMjAwNy9pbXBvcnQuZ2lmIiB3aWR0aD0iMjQ1IiBib3JkZXI9IjAiPgo8QlI+PGZvbnQgc2l6ZT0iNCI+6Ly45YWl6LuK56iu5Yil44Gv44GT44Gh44KJPC9mb250Pgo8L1REPgo8L3RyPgo8L3RhYmxlPjxCUj7jgJBESDAwN+OAkQ==,4pag44Oe44OD44Kv44Ks44O844OJIOODreODg+OCr++8i0tZT0VJ44OK44OD44OI44K744OD44OI4pag44Ki44OX44Ot44O844K6L+ODgOOCpOODj+ODhC9NMTJYMS41LzIxbW0v44Oh44OD44Kt4pag44Ob44Kk44O844Or55uX6Zuj44KS6Ziy44GQ5YiH44KK5pytL+ODl+ODrOODn+OCouODoOODreODg+OCr+ODiuODg+ODiO+8i+ODqeOCsOODiuODg+ODiDHlj7DliIbjga7nibnliKXjgrvjg4Pjg4ggTWNHYXJkIEtZT0VJIOato+imj+WPluaJseW6l++8muOCq+ODq+ODvOOCueOCquODvOODiOODkeODvOODhA==,6LuK5qSc5a++5b+c5pS56YCg57SU5q2j5r+A5a6J44K144K544Oa44Oz44K344On44Oz44Ko44Ki44Ot56u25oqA55So44Ob44Kk44O844Or44OK44OD44OI44Ot44OD44Kv44OK44OD44OI44Ov44Kk44OJ44OI44Os44OD44OJ44K544Oa44O844K144O844Ov44Kk44OI44OsSElE44K344O844OI44Kr44OQ44O844OQ44OD44OG44Oq44O844Ko44Ki44Kv44Oq44O844OK44O844K544OR44O844Kv44OX44Op44Kw44OY44OD44OJ44Op44Kk44OIMjAw57O744OP44Kk44Ko44O844K544OX44Oq44Km44K544O044Kn44Or44OV44Kh44Kk44Ki4pag44Oe44OD44Kv44Ks44O844OJIOODreODg+OCr++8i0tZT0VJ44OK44OD44OI44K744OD44OI4pag44Ki44OX44Ot44O844K6L+ODgOOCpOODj+ODhC9NMTJYMS41LzIxbW0v44Oh44OD44Kt4pag44Ob44Kk44O844Or55uX6Zuj44KS6Ziy44GQ5YiH44KK5pytL+ODl+ODrOODn+OCouODoOODreODg+OCr+ODiuODg+ODiO+8i+ODqeOCsOODiuODg+ODiDHlj7DliIbjga7nibnliKXjgrvjg4Pjg4ggTWNHYXJkIEtZT0VJIOato+imj+WPluaJseW6lw==,5Zu95YaF5q2j6KaP5ZOB44CQ44Ot44OD44KvNOWAi++8i+OCreODvDLlgIvvvIvjg4rjg4Pjg4gx5Y+w5YiG44K744OD44OI44CR44CC4pag44Oe44OD44Kv44Ks44O844OJIOODreODg+OCr++8i0tZT0VJ44OK44OD44OI44K744OD44OI4pag44Ki44OX44Ot44O844K6L+ODgOOCpOODj+ODhC9NMTJYMS41LzIxbW0v44Oh44OD44Kt4pag44Ob44Kk44O844Or55uX6Zuj44KS6Ziy44GQ5YiH44KK5pytL+ODl+ODrOODn+OCouODoOODreODg+OCr+ODiuODg+ODiO+8i+ODqeOCsOODiuODg+ODiDHlj7DliIbjga7nibnliKXjgrvjg4Pjg4ggTWNHYXJkIEtZT0VJIOato+imj+WPluaJseW6lw==[rn]
21-63091,aHR0cDovL3RzaG9wLnIxMHMuanAvY2FydXMvY2FiaW5ldC9reW8tZWkvbWNnY3JfdGFucGluLmpwZz9maXRpbj03MDA6NzAw,NTYxNi4wMDAw,,6LuK55So5ZOB44O744OQ44Kk44Kv55So5ZOBID4g44Kr44O855So5ZOBID4g44Ob44Kk44O844Or44O744K/44Kk44Ok5ZGo6L6655So5ZOBID4g44Ot44OD44Kv44OK44OD44OI,4pag44Oe44OD44Kv44Ks44O844OJIOODreODg+OCrzTlgIvjgrvjg4Pjg4jilqDjgqLjg5fjg63jg7zjgrov44OA44Kk44OP44OEL00xMlgxLjUvMjFtbS/jg6Hjg4Pjgq3ilqDjg5vjgqTjg7zjg6vnm5fpm6PjgpLpmLLjgZDliIfjgormnK0v44OX44Os44Of44Ki44Og44Ot44OD44Kv44OK44OD44OIIE1jR2FyZCDmraPopo/lj5bmibHlupc=,5Zu95YaF5q2j6KaP5ZOBIOaXpeacrOiqnuODkeODg+OCseODvOOCuOOAkOODreODg+OCrzTlgIvvvIvjgq3jg7wy5YCL44K744OD44OI44CR,PENFTlRFUj4KPFRBQkxFIGJvcmRlcj0iMCI+CiAgPFRCT0RZPgogICAgPFRSPgogICAgICA8VEQ+PElNRyBzcmM9Imh0dHA6Ly9pbWFnZS5yYWt1dGVuLmNvLmpwL2NhcnVzL2NhYmluZXQva3lvLWVpL21jZ2FyZC1tYWluLmpwZyIgd2lkdGg9IjYwMCI+PGJyPgogICAgICAgPGJyPjxpbWcgc3JjPSJodHRwOi8vaW1hZ2UucmFrdXRlbi5jby5qcC9jYXJ1cy9jYWJpbmV0L2t5by1laS9tY2dhcmQtbWFpbjYwMC5qcGciIHdpZHRoPSI2MDAiPgogICAgICAgPGJyPjxpbWcgc3JjPSJodHRwOi8vaW1hZ2UucmFrdXRlbi5jby5qcC9jYXJ1cy9jYWJpbmV0L2t5by1laS9tY2dhcmQtc2V0dW1laS5naWYiIHdpZHRoPSI2MDAiPgogICAgICAgPGJyPjxpbWcgc3JjPSJodHRwOi8vaW1hZ2UucmFrdXRlbi5jby5qcC9jYXJ1cy9jYWJpbmV0L2t5by1laS9tY2dhcmQtc2V0dW1laTIuZ2lmIiB3aWR0aD0iNjAwIj4KICAgICAgIDxicj48aW1nIHNyYz0iaHR0cDovL2ltYWdlLnJha3V0ZW4uY28uanAvY2FydXMvY2FiaW5ldC9reW8tZWkvbWNnYXJkLXNldHVtZWkzLmdpZiIgd2lkdGg9IjYwMCI+CuOAgOOAgDwvVEQ+CiAgIDwvVFI+CiAgPC9UQk9EWT4KPC9UQUJMRT4KPFRBQkxFIGNlbGxzcGFjaW5nPSIyIiBjZWxscGFkZGluZz0iMyIgd2lkdGg9IjYwMCIgYmdjb2xvcj0iIzA4NmRiZCI+CjxUQk9EWT4KPFRSPgogICAgICA8VEQgYWxpZ249Im1pZGRsZSIgY29sc3Bhbj0iMiIgaGVpZ2h0PSIyMyIgYmdjb2xvcj0iIzA4NmRiZCI+PFNUUk9ORz7llYbjgIDjgIDjgIDlk4HjgIDjgIDjgIDlhoXjgIDjgIDjgIDlrrk8L1NUUk9ORz48L1REPgogICAgPC9UUj4KICAgIDxUUj4KICAgICAgPFREIGFsaWduPSJjZW50ZXIiIGJnY29sb3I9IiMzM2ZmY2MiPjxUVD48Qj7ms6jmhI/kuovpoIU8L0I+PC9UVD48L1REPgogICAgICA8VEQgYmdDb2xvcj0jZWVlZWVlPjxicj4KICAgICAg4pag44Oh44O844Kr44O857SU5q2j44Ob44Kk44O844Or44Gr44Gv44GU5L2/55So44GE44Gf44Gg44GR44G+44Gb44KT44CCCjxicj48YnI+CuKAu+W9k+W6l+OBruODnuODg+OCr+OCrOODvOODieOBr+S4h+WFqOOBquOCouODleOCv+ODvOOCteODvOODk+OCueOBjOWPl+OBkeOCieOCjOOCi+aXpeacrOS7leanmOOBruato+imj+WTgeOBp+OBmeOAgiAKPGJyPjxicj4KICAgICAgPC9URD4KICAgIDwvVFI+CjxUUj4KICAgICAgPFREIGFsaWduPSJjZW50ZXIiIGJnY29sb3I9IiMzM2ZmY2MiPjxUVD48Qj7ku5XjgIDjgIDjgIDmp5g8L0I+PC9UVD48L1REPgogICAgICA8VEQgYmdDT0xPUj0iI0ZGRkZGRiI+CjxJTUcgU1JDPSJodHRwOi8vaW1hZ2UucmFrdXRlbi5jby5qcC9jYXJ1cy9jYWJpbmV0L2t5by1laS9tY2djcl90YW5waW4uanBnIj4KICAgICAgPEJSPgogICAgICA8L1REPgogICAgPC9UUj4KPFRSPgogICAgICA8VEQgYWxpZ249ImNlbnRlciIgYmdjb2xvcj0iIzMzZmZjYyI+PFRUPjxCPue0jeOAgOacn+OAgOOBqzxCUj7jgaTjgIDjgYTjgIDjgaY8L0I+PC9UVD48L1REPgogICAgICA8VEQgCmJnQ29sb3I9I2VlZWVlZT48QlI+CiAgICAgIOWVhuWTgeOBr+WcqOW6q+OBjOOBguOCi+WgtOWQiO+8ku+9nu+8k+WWtualreaXpeOBp+eZuumAgeiHtOOBl+OBvuOBmeOAguasoOWTgeOBruWgtOWQiOOBr+e0jeacn+OCkuOBlOmAo+e1oeOBhOOBn+OBl+OBvuOBmeOAgjxCUj4KICAgICAg44G+44Gf44CB5pel5puc44O756Wt5pel44Gv55m66YCB44Gn44GN44G+44Gb44KT44Gu44Gn44GU5LqG5om/5LiL44GV44GE44CCPGJyPgogICAgICDimIXjgYrmgKXjgY7jga7mlrnjga/llY/lkIjjgo/jgZvjgavjgabjgZTnorroqo3kuIvjgZXjgYTjgII8QlI+CiAgICAgIDxCUj4KICAgICAgPC9URD4KPC90cj4KPHRyPgogICAgICA8VEQgYWxpZ249ImNlbnRlciIgYmdjb2xvcj0iIzMzZmZjYyI+PFRUPjxCPumAgeaWmTwvQj48L1RUPjwvVEQ+Cjx0ZCBiZ0NvbG9yPSNlZWVlZWU+Cjxicj4K5YWo5Zu9NjAw5YaGK+eojuOAguS9huOBl+WMl+a1t+mBk+OAgeaylue4hOOBrzE1MDDlhoYr56iO44CCCjxicj48YnI+CjwvdGQ+CiAgICA8L1RSPgogIDwvVEJPRFk+CjwvVEFCTEU+CjwvQ0VOVEVSPjx0YWJsZSBib3JkZXI9IjAiPgo8dHI+CjxURCBhbGlnbj0iY2VudGVyIiB3aWR0aD0iMjQ1IiBzdHlsZT0iYm9yZGVyLXdpZHRoIDogMXB4O2JvcmRlci1zdHlsZSA6IHNvbGlkO2JvcmRlci1jb2xvciA6ICNmZmE2MDA7IiBiZ2NvbG9yPSIjZmZhNjAwIj4KPEI+PEZPTlQgc2l6ZT0iMiI+PEJSPuOAkOi7iueoruOBp+aknOe0ouOAkTxicj4KICAgICAg6LuK56iu5Yil44Gn5ZWG5ZOB44KS6KaL44Gk44GR44KL77yBPEJSPgogICAgICA8L2ZvbnQ+PC9CPjxicj4KPC9URD4KPC90cj4KPHRyPgo8VEQgYmdjb2xvcj0iI2ZmZmZmZiI+Cgo8aW1nIHNyYz0iaHR0cDovL2ltYWdlLnJha3V0ZW4uY28uanAvY2FydXMvY2FiaW5ldC90b3AyMDA3L2RvbWVzdGljLmdpZiIgd2lkdGg9IjI0NSIgYm9yZGVyPSIwIj4KPEJSPjxmb250IHNpemU9IjQiPuWbveeUo+i7iueoruWIpeOBr+OBk+OBoeOCiTwvZm9udD4KPC9URD4KPC90cj4KPHRyPgo8VEQgYmdjb2xvcj0iI2ZmZmZmZiI+Cgo8aW1nIHNyYz0iaHR0cDovL2ltYWdlLnJha3V0ZW4uY28uanAvY2FydXMvY2FiaW5ldC90b3AyMDA3L2ltcG9ydC5naWYiIHdpZHRoPSIyNDUiIGJvcmRlcj0iMCI+CjxCUj48Zm9udCBzaXplPSI0Ij7ovLjlhaXou4rnqK7liKXjga/jgZPjgaHjgok8L2ZvbnQ+CjwvVEQ+CjwvdHI+CjwvdGFibGU+PEJSPuOAkERIMDA344CR,4pag44Oe44OD44Kv44Ks44O844OJIOODreODg+OCrzTlgIvjgrvjg4Pjg4jilqDjgqLjg5fjg63jg7zjgrov44OA44Kk44OP44OEL00xMlgxLjUvMjFtbS/jg6Hjg4Pjgq3ilqDjg5vjgqTjg7zjg6vnm5fpm6PjgpLpmLLjgZDliIfjgormnK0v44OX44Os44Of44Ki44Og44Ot44OD44Kv44OK44OD44OIIE1jR2FyZCDmraPopo/lj5bmibHlupfvvJrjgqvjg6vjg7zjgrnjgqrjg7zjg4jjg5Hjg7zjg4Q=,6LuK5qSc5a++5b+c5pS56YCg57SU5q2j5r+A5a6J44K144K544Oa44Oz44K344On44Oz44Ko44Ki44Ot56u25oqA55So44Ob44Kk44O844Or44OK44OD44OI44Ot44OD44Kv44OK44OD44OI44Ov44Kk44OJ44OI44Os44OD44OJ44K544Oa44O844K144O844Ov44Kk44OI44OsSElE44K344O844OI44Kr44OQ44O844OQ44OD44OG44Oq44O844Ko44Ki44Kv44Oq44O844OK44O844K544OR44O844Kv44OX44Op44Kw44OY44OD44OJ44Op44Kk44OIMjAw57O744OP44Kk44Ko44O844K544OX44Oq44Km44K544O044Kn44Or44OV44Kh44Kk44Ki4pag44Oe44OD44Kv44Ks44O844OJIOODreODg+OCrzTlgIvjgrvjg4Pjg4jilqDjgqLjg5fjg63jg7zjgrov44OA44Kk44OP44OEL00xMlgxLjUvMjFtbS/jg6Hjg4Pjgq3ilqDjg5vjgqTjg7zjg6vnm5fpm6PjgpLpmLLjgZDliIfjgormnK0v44OX44Os44Of44Ki44Og44Ot44OD44Kv44OK44OD44OIIE1jR2FyZCDmraPopo/lj5bmibHlupc=,5Zu95YaF5q2j6KaP5ZOBIOaXpeacrOiqnuODkeODg+OCseODvOOCuOOAkOODreODg+OCrzTlgIvvvIvjgq3jg7wy5YCL44K744OD44OI44CR44CC4pag44Oe44OD44Kv44Ks44O844OJIOODreODg+OCrzTlgIvjgrvjg4Pjg4jilqDjgqLjg5fjg63jg7zjgrov44OA44Kk44OP44OEL00xMlgxLjUvMjFtbS/jg6Hjg4Pjgq3ilqDjg5vjgqTjg7zjg6vnm5fpm6PjgpLpmLLjgZDliIfjgormnK0v44OX44Os44Of44Ki44Og44Ot44OD44Kv44OK44OD44OIIE1jR2FyZCDmraPopo/lj5bmibHlupc=[rn]
21-63092,aHR0cDovL3RzaG9wLnIxMHMuanAvY2FydXMvY2FiaW5ldC9reW8tZWkvMzQyNTdreW9laXNldC5qcGc/Zml0aW49NzAwOjcwMA==,Njk0NC4wMDAw,,6LuK55So5ZOB44O744OQ44Kk44Kv55So5ZOBID4g44Kr44O855So5ZOBID4g44Ob44Kk44O844Or44O744K/44Kk44Ok5ZGo6L6655So5ZOBID4g44Ot44OD44Kv44OK44OD44OI,4pag44Oe44OD44Kv44Ks44O844OJIOODreODg+OCr++8i0tZT0VJ44OK44OD44OI44K744OD44OI4pag44Kv44Kq44O844OsIOOCv+ODvOODnC/jg4DjgqTjg4/jg4QvTTEyWDEuNS8yMW1tL+ODoeODg+OCreKWoOODm+OCpOODvOODq+ebl+mbo+OCkumYsuOBkOWIh+OCiuacrS/jg5fjg6zjg5/jgqLjg6Djg63jg4Pjgq/jg4rjg4Pjg4jvvIvjg6njgrDjg4rjg4Pjg4gx5Y+w5YiG44Gu54m55Yil44K744OD44OIIE1jR2FyZCBLWU9FSSDmraPopo/lj5bmibHlupc=,5Zu95YaF5q2j6KaP5ZOB44CQ44Ot44OD44KvNOWAi++8i+OCreODvDLlgIvvvIvjg4rjg4Pjg4gx5Y+w5YiG44K744OD44OI44CR,PENFTlRFUj4KPFRBQkxFIGJvcmRlcj0iMCI+CiAgPFRCT0RZPgogICAgPFRSPgogICAgICA8VEQ+PElNRyBzcmM9Imh0dHA6Ly9pbWFnZS5yYWt1dGVuLmNvLmpwL2NhcnVzL2NhYmluZXQva3lvLWVpL21jZ2FyZC1tYWluLmpwZyIgd2lkdGg9IjYwMCI+PGJyPgogICAgICAgPGJyPjxpbWcgc3JjPSJodHRwOi8vaW1hZ2UucmFrdXRlbi5jby5qcC9jYXJ1cy9jYWJpbmV0L2t5by1laS9tY2dhcmQtbWFpbjYwMC5qcGciIHdpZHRoPSI2MDAiPgogICAgICAgPGJyPjxpbWcgc3JjPSJodHRwOi8vaW1hZ2UucmFrdXRlbi5jby5qcC9jYXJ1cy9jYWJpbmV0L2t5by1laS9tY2dhcmQtc2V0dW1laS5naWYiIHdpZHRoPSI2MDAiPgogICAgICAgPGJyPjxpbWcgc3JjPSJodHRwOi8vaW1hZ2UucmFrdXRlbi5jby5qcC9jYXJ1cy9jYWJpbmV0L2t5by1laS9tY2dhcmQtc2V0dW1laTIuZ2lmIiB3aWR0aD0iNjAwIj4KICAgICAgIDxicj48aW1nIHNyYz0iaHR0cDovL2ltYWdlLnJha3V0ZW4uY28uanAvY2FydXMvY2FiaW5ldC9reW8tZWkvbWNnYXJkLXNldHVtZWkzLmdpZiIgd2lkdGg9IjYwMCI+CuOAgOOAgDwvVEQ+CiAgIDwvVFI+CiAgPC9UQk9EWT4KPC9UQUJMRT4KPFRBQkxFIGNlbGxzcGFjaW5nPSIyIiBjZWxscGFkZGluZz0iMyIgd2lkdGg9IjYwMCIgYmdjb2xvcj0iIzA4NmRiZCI+CjxUQk9EWT4KPFRSPgogICAgICA8VEQgYWxpZ249Im1pZGRsZSIgY29sc3Bhbj0iMiIgaGVpZ2h0PSIyMyIgYmdjb2xvcj0iIzA4NmRiZCI+PFNUUk9ORz7llYbjgIDjgIDjgIDlk4HjgIDjgIDjgIDlhoXjgIDjgIDjgIDlrrk8L1NUUk9ORz48L1REPgogICAgPC9UUj4KICAgIDxUUj4KICAgICAgPFREIGFsaWduPSJjZW50ZXIiIGJnY29sb3I9IiMzM2ZmY2MiPjxUVD48Qj7ms6jmhI/kuovpoIU8L0I+PC9UVD48L1REPgogICAgICA8VEQgYmdDb2xvcj0jZWVlZWVlPjxicj4KICAgICAg4pag44Oh44O844Kr44O857SU5q2j44Ob44Kk44O844Or44Gr44Gv44GU5L2/55So44GE44Gf44Gg44GR44G+44Gb44KT44CCCjxicj48YnI+CuKAu+W9k+W6l+OBruODnuODg+OCr+OCrOODvOODieOBr+S4h+WFqOOBquOCouODleOCv+ODvOOCteODvOODk+OCueOBjOWPl+OBkeOCieOCjOOCi+aXpeacrOS7leanmOOBruato+imj+WTgeOBp+OBmeOAgiAKPGJyPjxicj4KICAgICAgPC9URD4KICAgIDwvVFI+CjxUUj4KICAgICAgPFREIGFsaWduPSJjZW50ZXIiIGJnY29sb3I9IiMzM2ZmY2MiPjxUVD48Qj7ku5XjgIDjgIDjgIDmp5g8L0I+PC9UVD48L1REPgogICAgICA8VEQgYmdDT0xPUj0iI0ZGRkZGRiI+CjxJTUcgU1JDPSJodHRwOi8vaW1hZ2UucmFrdXRlbi5jby5qcC9jYXJ1cy9jYWJpbmV0L2t5by1laS8zNDI1N2t5b2Vpc2V0LmpwZyI+CiAgICAgIDxCUj4KICAgICAgPC9URD4KICAgIDwvVFI+CjxUUj4KICAgICAgPFREIGFsaWduPSJjZW50ZXIiIGJnY29sb3I9IiMzM2ZmY2MiPjxUVD48Qj7ntI3jgIDmnJ/jgIDjgas8QlI+44Gk44CA44GE44CA44GmPC9CPjwvVFQ+PC9URD4KICAgICAgPFREIApiZ0NvbG9yPSNlZWVlZWU+PEJSPgogICAgICDllYblk4Hjga/lnKjluqvjgYzjgYLjgovloLTlkIjvvJLvvZ7vvJPllrbmpa3ml6XjgafnmbrpgIHoh7TjgZfjgb7jgZnjgILmrKDlk4Hjga7loLTlkIjjga/ntI3mnJ/jgpLjgZTpgKPntaHjgYTjgZ/jgZfjgb7jgZnjgII8QlI+CiAgICAgIOOBvuOBn+OAgeaXpeabnOODu+elreaXpeOBr+eZuumAgeOBp+OBjeOBvuOBm+OCk+OBruOBp+OBlOS6huaJv+S4i+OBleOBhOOAgjxicj4KICAgICAg4piF44GK5oCl44GO44Gu5pa544Gv5ZWP5ZCI44KP44Gb44Gr44Gm44GU56K66KqN5LiL44GV44GE44CCPEJSPgogICAgICA8QlI+CiAgICAgIDwvVEQ+CjwvdHI+Cjx0cj4KICAgICAgPFREIGFsaWduPSJjZW50ZXIiIGJnY29sb3I9IiMzM2ZmY2MiPjxUVD48Qj7pgIHmlpk8L0I+PC9UVD48L1REPgo8dGQgYmdDb2xvcj0jZWVlZWVlPgo8YnI+CuWFqOWbvTYwMOWGhivnqI7jgILkvYbjgZfljJfmtbfpgZPjgIHmspbnuITjga8xNTAw5YaGK+eojuOAggo8YnI+PGJyPgo8L3RkPgogICAgPC9UUj4KICA8L1RCT0RZPgo8L1RBQkxFPgo8L0NFTlRFUj48dGFibGUgYm9yZGVyPSIwIj4KPHRyPgo8VEQgYWxpZ249ImNlbnRlciIgd2lkdGg9IjI0NSIgc3R5bGU9ImJvcmRlci13aWR0aCA6IDFweDtib3JkZXItc3R5bGUgOiBzb2xpZDtib3JkZXItY29sb3IgOiAjZmZhNjAwOyIgYmdjb2xvcj0iI2ZmYTYwMCI+CjxCPjxGT05UIHNpemU9IjIiPjxCUj7jgJDou4rnqK7jgafmpJzntKLjgJE8YnI+CiAgICAgIOi7iueoruWIpeOBp+WVhuWTgeOCkuimi+OBpOOBkeOCi++8gTxCUj4KICAgICAgPC9mb250PjwvQj48YnI+CjwvVEQ+CjwvdHI+Cjx0cj4KPFREIGJnY29sb3I9IiNmZmZmZmYiPgoKPGltZyBzcmM9Imh0dHA6Ly9pbWFnZS5yYWt1dGVuLmNvLmpwL2NhcnVzL2NhYmluZXQvdG9wMjAwNy9kb21lc3RpYy5naWYiIHdpZHRoPSIyNDUiIGJvcmRlcj0iMCI+CjxCUj48Zm9udCBzaXplPSI0Ij7lm73nlKPou4rnqK7liKXjga/jgZPjgaHjgok8L2ZvbnQ+CjwvVEQ+CjwvdHI+Cjx0cj4KPFREIGJnY29sb3I9IiNmZmZmZmYiPgoKPGltZyBzcmM9Imh0dHA6Ly9pbWFnZS5yYWt1dGVuLmNvLmpwL2NhcnVzL2NhYmluZXQvdG9wMjAwNy9pbXBvcnQuZ2lmIiB3aWR0aD0iMjQ1IiBib3JkZXI9IjAiPgo8QlI+PGZvbnQgc2l6ZT0iNCI+6Ly45YWl6LuK56iu5Yil44Gv44GT44Gh44KJPC9mb250Pgo8L1REPgo8L3RyPgo8L3RhYmxlPjxCUj4=,4pag44Oe44OD44Kv44Ks44O844OJIOODreODg+OCr++8i0tZT0VJ44OK44OD44OI44K744OD44OI4pag44Kv44Kq44O844OsIOOCv+ODvOODnC/jg4DjgqTjg4/jg4QvTTEyWDEuNS8yMW1tL+ODoeODg+OCreKWoOODm+OCpOODvOODq+ebl+mbo+OCkumYsuOBkOWIh+OCiuacrS/jg5fjg6zjg5/jgqLjg6Djg63jg4Pjgq/jg4rjg4Pjg4jvvIvjg6njgrDjg4rjg4Pjg4gx5Y+w5YiG44Gu54m55Yil44K744OD44OIIE1jR2FyZCBLWU9FSSDmraPopo/lj5bmibHlupfvvJrjgqvjg6vjg7zjgrnjgqrjg7zjg4jjg5Hjg7zjg4Q=,6LuK5qSc5a++5b+c5pS56YCg57SU5q2j5r+A5a6J44K144K544Oa44Oz44K344On44Oz44Ko44Ki44Ot56u25oqA55So44Ob44Kk44O844Or44OK44OD44OI44Ot44OD44Kv44OK44OD44OI44Ov44Kk44OJ44OI44Os44OD44OJ44K544Oa44O844K144O844Ov44Kk44OI44OsSElE44K344O844OI44Kr44OQ44O844OQ44OD44OG44Oq44O844Ko44Ki44Kv44Oq44O844OK44O844K544OR44O844Kv44OX44Op44Kw44OY44OD44OJ44Op44Kk44OIMjAw57O744OP44Kk44Ko44O844K544OX44Oq44Km44K544O044Kn44Or44OV44Kh44Kk44Ki4pag44Oe44OD44Kv44Ks44O844OJIOODreODg+OCr++8i0tZT0VJ44OK44OD44OI44K744OD44OI4pag44Kv44Kq44O844OsIOOCv+ODvOODnC/jg4DjgqTjg4/jg4QvTTEyWDEuNS8yMW1tL+ODoeODg+OCreKWoOODm+OCpOODvOODq+ebl+mbo+OCkumYsuOBkOWIh+OCiuacrS/jg5fjg6zjg5/jgqLjg6Djg63jg4Pjgq/jg4rjg4Pjg4jvvIvjg6njgrDjg4rjg4Pjg4gx5Y+w5YiG44Gu54m55Yil44K744OD44OIIE1jR2FyZCBLWU9FSSDmraPopo/lj5bmibHlupc=,5Zu95YaF5q2j6KaP5ZOB44CQ44Ot44OD44KvNOWAi++8i+OCreODvDLlgIvvvIvjg4rjg4Pjg4gx5Y+w5YiG44K744OD44OI44CR44CC4pag44Oe44OD44Kv44Ks44O844OJIOODreODg+OCr++8i0tZT0VJ44OK44OD44OI44K744OD44OI4pag44Kv44Kq44O844OsIOOCv+ODvOODnC/jg4DjgqTjg4/jg4QvTTEyWDEuNS8yMW1tL+ODoeODg+OCreKWoOODm+OCpOODvOODq+ebl+mbo+OCkumYsuOBkOWIh+OCiuacrS/jg5fjg6zjg5/jgqLjg6Djg63jg4Pjgq/jg4rjg4Pjg4jvvIvjg6njgrDjg4rjg4Pjg4gx5Y+w5YiG44Gu54m55Yil44K744OD44OIIE1jR2FyZCBLWU9FSSDmraPopo/lj5bmibHlupc=[rn]
21-63093,aHR0cDovL3RzaG9wLnIxMHMuanAvY2FydXMvY2FiaW5ldC9reW8tZWkvMzQyNTdreW9laXNldC5qcGc/Zml0aW49NzAwOjcwMA==,Njk0NC4wMDAw,,6LuK55So5ZOB44O744OQ44Kk44Kv55So5ZOBID4g44Kr44O855So5ZOBID4g44Ob44Kk44O844Or44O744K/44Kk44Ok5ZGo6L6655So5ZOBID4g44Ot44OD44Kv44OK44OD44OI,4pag44Oe44OD44Kv44Ks44O844OJIOODreODg+OCr++8i0tZT0VJ44OK44OD44OI44K744OD44OI4pag44OG44Oq44Kq44K5L+ODgOOCpOODj+ODhC9NMTJYMS41LzIxbW0v44Oh44OD44Kt4pag44Ob44Kk44O844Or55uX6Zuj44KS6Ziy44GQ5YiH44KK5pytL+ODl+ODrOODn+OCouODoOODreODg+OCr+ODiuODg+ODiO+8i+ODqeOCsOODiuODg+ODiDHlj7DliIbjga7nibnliKXjgrvjg4Pjg4ggTWNHYXJkIEtZT0VJIOato+imj+WPluaJseW6lw==,5Zu95YaF5q2j6KaP5ZOB44CQ44Ot44OD44KvNOWAi++8i+OCreODvDLlgIvvvIvjg4rjg4Pjg4gx5Y+w5YiG44K744OD44OI44CR,PENFTlRFUj4KPFRBQkxFIGJvcmRlcj0iMCI+CiAgPFRCT0RZPgogICAgPFRSPgogICAgICA8VEQ+PElNRyBzcmM9Imh0dHA6Ly9pbWFnZS5yYWt1dGVuLmNvLmpwL2NhcnVzL2NhYmluZXQva3lvLWVpL21jZ2FyZC1tYWluLmpwZyIgd2lkdGg9IjYwMCI+PGJyPgogICAgICAgPGJyPjxpbWcgc3JjPSJodHRwOi8vaW1hZ2UucmFrdXRlbi5jby5qcC9jYXJ1cy9jYWJpbmV0L2t5by1laS9tY2dhcmQtbWFpbjYwMC5qcGciIHdpZHRoPSI2MDAiPgogICAgICAgPGJyPjxpbWcgc3JjPSJodHRwOi8vaW1hZ2UucmFrdXRlbi5jby5qcC9jYXJ1cy9jYWJpbmV0L2t5by1laS9tY2dhcmQtc2V0dW1laS5naWYiIHdpZHRoPSI2MDAiPgogICAgICAgPGJyPjxpbWcgc3JjPSJodHRwOi8vaW1hZ2UucmFrdXRlbi5jby5qcC9jYXJ1cy9jYWJpbmV0L2t5by1laS9tY2dhcmQtc2V0dW1laTIuZ2lmIiB3aWR0aD0iNjAwIj4KICAgICAgIDxicj48aW1nIHNyYz0iaHR0cDovL2ltYWdlLnJha3V0ZW4uY28uanAvY2FydXMvY2FiaW5ldC9reW8tZWkvbWNnYXJkLXNldHVtZWkzLmdpZiIgd2lkdGg9IjYwMCI+CuOAgOOAgDwvVEQ+CiAgIDwvVFI+CiAgPC9UQk9EWT4KPC9UQUJMRT4KPFRBQkxFIGNlbGxzcGFjaW5nPSIyIiBjZWxscGFkZGluZz0iMyIgd2lkdGg9IjYwMCIgYmdjb2xvcj0iIzA4NmRiZCI+CjxUQk9EWT4KPFRSPgogICAgICA8VEQgYWxpZ249Im1pZGRsZSIgY29sc3Bhbj0iMiIgaGVpZ2h0PSIyMyIgYmdjb2xvcj0iIzA4NmRiZCI+PFNUUk9ORz7llYbjgIDjgIDjgIDlk4HjgIDjgIDjgIDlhoXjgIDjgIDjgIDlrrk8L1NUUk9ORz48L1REPgogICAgPC9UUj4KICAgIDxUUj4KICAgICAgPFREIGFsaWduPSJjZW50ZXIiIGJnY29sb3I9IiMzM2ZmY2MiPjxUVD48Qj7ms6jmhI/kuovpoIU8L0I+PC9UVD48L1REPgogICAgICA8VEQgYmdDb2xvcj0jZWVlZWVlPjxicj4KICAgICAg4pag44Oh44O844Kr44O857SU5q2j44Ob44Kk44O844Or44Gr44Gv44GU5L2/55So44GE44Gf44Gg44GR44G+44Gb44KT44CCCjxicj48YnI+CuKAu+W9k+W6l+OBruODnuODg+OCr+OCrOODvOODieOBr+S4h+WFqOOBquOCouODleOCv+ODvOOCteODvOODk+OCueOBjOWPl+OBkeOCieOCjOOCi+aXpeacrOS7leanmOOBruato+imj+WTgeOBp+OBmeOAgiAKPGJyPjxicj4KICAgICAgPC9URD4KICAgIDwvVFI+CjxUUj4KICAgICAgPFREIGFsaWduPSJjZW50ZXIiIGJnY29sb3I9IiMzM2ZmY2MiPjxUVD48Qj7ku5XjgIDjgIDjgIDmp5g8L0I+PC9UVD48L1REPgogICAgICA8VEQgYmdDT0xPUj0iI0ZGRkZGRiI+CjxJTUcgU1JDPSJodHRwOi8vaW1hZ2UucmFrdXRlbi5jby5qcC9jYXJ1cy9jYWJpbmV0L2t5by1laS8zNDI1N2t5b2Vpc2V0LmpwZyI+CiAgICAgIDxCUj4KICAgICAgPC9URD4KICAgIDwvVFI+CjxUUj4KICAgICAgPFREIGFsaWduPSJjZW50ZXIiIGJnY29sb3I9IiMzM2ZmY2MiPjxUVD48Qj7ntI3jgIDmnJ/jgIDjgas8QlI+44Gk44CA44GE44CA44GmPC9CPjwvVFQ+PC9URD4KICAgICAgPFREIApiZ0NvbG9yPSNlZWVlZWU+PEJSPgogICAgICDllYblk4Hjga/lnKjluqvjgYzjgYLjgovloLTlkIjvvJLvvZ7vvJPllrbmpa3ml6XjgafnmbrpgIHoh7TjgZfjgb7jgZnjgILmrKDlk4Hjga7loLTlkIjjga/ntI3mnJ/jgpLjgZTpgKPntaHjgYTjgZ/jgZfjgb7jgZnjgII8QlI+CiAgICAgIOOBvuOBn+OAgeaXpeabnOODu+elreaXpeOBr+eZuumAgeOBp+OBjeOBvuOBm+OCk+OBruOBp+OBlOS6huaJv+S4i+OBleOBhOOAgjxicj4KICAgICAg4piF44GK5oCl44GO44Gu5pa544Gv5ZWP5ZCI44KP44Gb44Gr44Gm44GU56K66KqN5LiL44GV44GE44CCPEJSPgogICAgICA8QlI+CiAgICAgIDwvVEQ+CjwvdHI+Cjx0cj4KICAgICAgPFREIGFsaWduPSJjZW50ZXIiIGJnY29sb3I9IiMzM2ZmY2MiPjxUVD48Qj7pgIHmlpk8L0I+PC9UVD48L1REPgo8dGQgYmdDb2xvcj0jZWVlZWVlPgo8YnI+CuWFqOWbvTYwMOWGhivnqI7jgILkvYbjgZfljJfmtbfpgZPjgIHmspbnuITjga8xNTAw5YaGK+eojuOAggo8YnI+PGJyPgo8L3RkPgogICAgPC9UUj4KICA8L1RCT0RZPgo8L1RBQkxFPgo8L0NFTlRFUj48dGFibGUgYm9yZGVyPSIwIj4KPHRyPgo8VEQgYWxpZ249ImNlbnRlciIgd2lkdGg9IjI0NSIgc3R5bGU9ImJvcmRlci13aWR0aCA6IDFweDtib3JkZXItc3R5bGUgOiBzb2xpZDtib3JkZXItY29sb3IgOiAjZmZhNjAwOyIgYmdjb2xvcj0iI2ZmYTYwMCI+CjxCPjxGT05UIHNpemU9IjIiPjxCUj7jgJDou4rnqK7jgafmpJzntKLjgJE8YnI+CiAgICAgIOi7iueoruWIpeOBp+WVhuWTgeOCkuimi+OBpOOBkeOCi++8gTxCUj4KICAgICAgPC9mb250PjwvQj48YnI+CjwvVEQ+CjwvdHI+Cjx0cj4KPFREIGJnY29sb3I9IiNmZmZmZmYiPgoKPGltZyBzcmM9Imh0dHA6Ly9pbWFnZS5yYWt1dGVuLmNvLmpwL2NhcnVzL2NhYmluZXQvdG9wMjAwNy9kb21lc3RpYy5naWYiIHdpZHRoPSIyNDUiIGJvcmRlcj0iMCI+CjxCUj48Zm9udCBzaXplPSI0Ij7lm73nlKPou4rnqK7liKXjga/jgZPjgaHjgok8L2ZvbnQ+CjwvVEQ+CjwvdHI+Cjx0cj4KPFREIGJnY29sb3I9IiNmZmZmZmYiPgoKPGltZyBzcmM9Imh0dHA6Ly9pbWFnZS5yYWt1dGVuLmNvLmpwL2NhcnVzL2NhYmluZXQvdG9wMjAwNy9pbXBvcnQuZ2lmIiB3aWR0aD0iMjQ1IiBib3JkZXI9IjAiPgo8QlI+PGZvbnQgc2l6ZT0iNCI+6Ly45YWl6LuK56iu5Yil44Gv44GT44Gh44KJPC9mb250Pgo8L1REPgo8L3RyPgo8L3RhYmxlPjxCUj7jgJBESDAzMeOAkQ==,4pag44Oe44OD44Kv44Ks44O844OJIOODreODg+OCr++8i0tZT0VJ44OK44OD44OI44K744OD44OI4pag44OG44Oq44Kq44K5L+ODgOOCpOODj+ODhC9NMTJYMS41LzIxbW0v44Oh44OD44Kt4pag44Ob44Kk44O844Or55uX6Zuj44KS6Ziy44GQ5YiH44KK5pytL+ODl+ODrOODn+OCouODoOODreODg+OCr+ODiuODg+ODiO+8i+ODqeOCsOODiuODg+ODiDHlj7DliIbjga7nibnliKXjgrvjg4Pjg4ggTWNHYXJkIEtZT0VJIOato+imj+WPluaJseW6l++8muOCq+ODq+ODvOOCueOCquODvOODiOODkeODvOODhA==,6LuK5qSc5a++5b+c5pS56YCg57SU5q2j5r+A5a6J44K144K544Oa44Oz44K344On44Oz44Ko44Ki44Ot56u25oqA55So44Ob44Kk44O844Or44OK44OD44OI44Ot44OD44Kv44OK44OD44OI44Ov44Kk44OJ44OI44Os44OD44OJ44K544Oa44O844K144O844Ov44Kk44OI44OsSElE44K344O844OI44Kr44OQ44O844OQ44OD44OG44Oq44O844Ko44Ki44Kv44Oq44O844OK44O844K544OR44O844Kv44OX44Op44Kw44OY44OD44OJ44Op44Kk44OIMjAw57O744OP44Kk44Ko44O844K544OX44Oq44Km44K544O044Kn44Or44OV44Kh44Kk44Ki4pag44Oe44OD44Kv44Ks44O844OJIOODreODg+OCr++8i0tZT0VJ44OK44OD44OI44K744OD44OI4pag44OG44Oq44Kq44K5L+ODgOOCpOODj+ODhC9NMTJYMS41LzIxbW0v44Oh44OD44Kt4pag44Ob44Kk44O844Or55uX6Zuj44KS6Ziy44GQ5YiH44KK5pytL+ODl+ODrOODn+OCouODoOODreODg+OCr+ODiuODg+ODiO+8i+ODqeOCsOODiuODg+ODiDHlj7DliIbjga7nibnliKXjgrvjg4Pjg4ggTWNHYXJkIEtZT0VJIOato+imj+WPluaJseW6lw==,5Zu95YaF5q2j6KaP5ZOB44CQ44Ot44OD44KvNOWAi++8i+OCreODvDLlgIvvvIvjg4rjg4Pjg4gx5Y+w5YiG44K744OD44OI44CR44CC4pag44Oe44OD44Kv44Ks44O844OJIOODreODg+OCr++8i0tZT0VJ44OK44OD44OI44K744OD44OI4pag44OG44Oq44Kq44K5L+ODgOOCpOODj+ODhC9NMTJYMS41LzIxbW0v44Oh44OD44Kt4pag44Ob44Kk44O844Or55uX6Zuj44KS6Ziy44GQ5YiH44KK5pytL+ODl+ODrOODn+OCouODoOODreODg+OCr+ODiuODg+ODiO+8i+ODqeOCsOODiuODg+ODiDHlj7DliIbjga7nibnliKXjgrvjg4Pjg4ggTWNHYXJkIEtZT0VJIOato+imj+WPluaJseW6lw==[rn]
21-63094,aHR0cDovL3RzaG9wLnIxMHMuanAvY2FydXMvY2FiaW5ldC9reW8tZWkvMzQyNTdreW9laXNldC5qcGc/Zml0aW49NzAwOjcwMA==,Njk0NC4wMDAw,,6LuK55So5ZOB44O744OQ44Kk44Kv55So5ZOBID4g44Kr44O855So5ZOBID4g44Ob44Kk44O844Or44O744K/44Kk44Ok5ZGo6L6655So5ZOBID4g44Ot44OD44Kv44OK44OD44OI,4pag44Oe44OD44Kv44Ks44O844OJIOODreODg+OCr++8i0tZT0VJ44OK44OD44OI44K744OD44OI4pag44Of44K844OD44OISUkv44OA44Kk44OP44OEL00xMlgxLjUvMjFtbS/jg6Hjg4Pjgq3ilqDjg5vjgqTjg7zjg6vnm5fpm6PjgpLpmLLjgZDliIfjgormnK0v44OX44Os44Of44Ki44Og44Ot44OD44Kv44OK44OD44OI77yL44Op44Kw44OK44OD44OIMeWPsOWIhuOBrueJueWIpeOCu+ODg+ODiCBNY0dhcmQgS1lPRUkg5q2j6KaP5Y+W5omx5bqX,5Zu95YaF5q2j6KaP5ZOB44CQ44Ot44OD44KvNOWAi++8i+OCreODvDLlgIvvvIvjg4rjg4Pjg4gx5Y+w5YiG44K744OD44OI44CR,PENFTlRFUj4KPFRBQkxFIGJvcmRlcj0iMCI+CiAgPFRCT0RZPgogICAgPFRSPgogICAgICA8VEQ+PElNRyBzcmM9Imh0dHA6Ly9pbWFnZS5yYWt1dGVuLmNvLmpwL2NhcnVzL2NhYmluZXQva3lvLWVpL21jZ2FyZC1tYWluLmpwZyIgd2lkdGg9IjYwMCI+PGJyPgogICAgICAgPGJyPjxpbWcgc3JjPSJodHRwOi8vaW1hZ2UucmFrdXRlbi5jby5qcC9jYXJ1cy9jYWJpbmV0L2t5by1laS9tY2dhcmQtbWFpbjYwMC5qcGciIHdpZHRoPSI2MDAiPgogICAgICAgPGJyPjxpbWcgc3JjPSJodHRwOi8vaW1hZ2UucmFrdXRlbi5jby5qcC9jYXJ1cy9jYWJpbmV0L2t5by1laS9tY2dhcmQtc2V0dW1laS5naWYiIHdpZHRoPSI2MDAiPgogICAgICAgPGJyPjxpbWcgc3JjPSJodHRwOi8vaW1hZ2UucmFrdXRlbi5jby5qcC9jYXJ1cy9jYWJpbmV0L2t5by1laS9tY2dhcmQtc2V0dW1laTIuZ2lmIiB3aWR0aD0iNjAwIj4KICAgICAgIDxicj48aW1nIHNyYz0iaHR0cDovL2ltYWdlLnJha3V0ZW4uY28uanAvY2FydXMvY2FiaW5ldC9reW8tZWkvbWNnYXJkLXNldHVtZWkzLmdpZiIgd2lkdGg9IjYwMCI+CuOAgOOAgDwvVEQ+CiAgIDwvVFI+CiAgPC9UQk9EWT4KPC9UQUJMRT4KPFRBQkxFIGNlbGxzcGFjaW5nPSIyIiBjZWxscGFkZGluZz0iMyIgd2lkdGg9IjYwMCIgYmdjb2xvcj0iIzA4NmRiZCI+CjxUQk9EWT4KPFRSPgogICAgICA8VEQgYWxpZ249Im1pZGRsZSIgY29sc3Bhbj0iMiIgaGVpZ2h0PSIyMyIgYmdjb2xvcj0iIzA4NmRiZCI+PFNUUk9ORz7llYbjgIDjgIDjgIDlk4HjgIDjgIDjgIDlhoXjgIDjgIDjgIDlrrk8L1NUUk9ORz48L1REPgogICAgPC9UUj4KICAgIDxUUj4KICAgICAgPFREIGFsaWduPSJjZW50ZXIiIGJnY29sb3I9IiMzM2ZmY2MiPjxUVD48Qj7ms6jmhI/kuovpoIU8L0I+PC9UVD48L1REPgogICAgICA8VEQgYmdDb2xvcj0jZWVlZWVlPjxicj4KICAgICAg4pag44Oh44O844Kr44O857SU5q2j44Ob44Kk44O844Or44Gr44Gv44GU5L2/55So44GE44Gf44Gg44GR44G+44Gb44KT44CCCjxicj48YnI+CuKAu+W9k+W6l+OBruODnuODg+OCr+OCrOODvOODieOBr+S4h+WFqOOBquOCouODleOCv+ODvOOCteODvOODk+OCueOBjOWPl+OBkeOCieOCjOOCi+aXpeacrOS7leanmOOBruato+imj+WTgeOBp+OBmeOAgiAKPGJyPjxicj4KICAgICAgPC9URD4KICAgIDwvVFI+CjxUUj4KICAgICAgPFREIGFsaWduPSJjZW50ZXIiIGJnY29sb3I9IiMzM2ZmY2MiPjxUVD48Qj7ku5XjgIDjgIDjgIDmp5g8L0I+PC9UVD48L1REPgogICAgICA8VEQgYmdDT0xPUj0iI0ZGRkZGRiI+CjxJTUcgU1JDPSJodHRwOi8vaW1hZ2UucmFrdXRlbi5jby5qcC9jYXJ1cy9jYWJpbmV0L2t5by1laS8zNDI1N2t5b2Vpc2V0LmpwZyI+CiAgICAgIDxCUj4KICAgICAgPC9URD4KICAgIDwvVFI+CjxUUj4KICAgICAgPFREIGFsaWduPSJjZW50ZXIiIGJnY29sb3I9IiMzM2ZmY2MiPjxUVD48Qj7ntI3jgIDmnJ/jgIDjgas8QlI+44Gk44CA44GE44CA44GmPC9CPjwvVFQ+PC9URD4KICAgICAgPFREIApiZ0NvbG9yPSNlZWVlZWU+PEJSPgogICAgICDllYblk4Hjga/lnKjluqvjgYzjgYLjgovloLTlkIjvvJLvvZ7vvJPllrbmpa3ml6XjgafnmbrpgIHoh7TjgZfjgb7jgZnjgILmrKDlk4Hjga7loLTlkIjjga/ntI3mnJ/jgpLjgZTpgKPntaHjgYTjgZ/jgZfjgb7jgZnjgII8QlI+CiAgICAgIOOBvuOBn+OAgeaXpeabnOODu+elreaXpeOBr+eZuumAgeOBp+OBjeOBvuOBm+OCk+OBruOBp+OBlOS6huaJv+S4i+OBleOBhOOAgjxicj4KICAgICAg4piF44GK5oCl44GO44Gu5pa544Gv5ZWP5ZCI44KP44Gb44Gr44Gm44GU56K66KqN5LiL44GV44GE44CCPEJSPgogICAgICA8QlI+CiAgICAgIDwvVEQ+CjwvdHI+Cjx0cj4KICAgICAgPFREIGFsaWduPSJjZW50ZXIiIGJnY29sb3I9IiMzM2ZmY2MiPjxUVD48Qj7pgIHmlpk8L0I+PC9UVD48L1REPgo8dGQgYmdDb2xvcj0jZWVlZWVlPgo8YnI+CuWFqOWbvTYwMOWGhivnqI7jgILkvYbjgZfljJfmtbfpgZPjgIHmspbnuITjga8xNTAw5YaGK+eojuOAggo8YnI+PGJyPgo8L3RkPgogICAgPC9UUj4KICA8L1RCT0RZPgo8L1RBQkxFPgo8L0NFTlRFUj48dGFibGUgYm9yZGVyPSIwIj4KPHRyPgo8VEQgYWxpZ249ImNlbnRlciIgd2lkdGg9IjI0NSIgc3R5bGU9ImJvcmRlci13aWR0aCA6IDFweDtib3JkZXItc3R5bGUgOiBzb2xpZDtib3JkZXItY29sb3IgOiAjZmZhNjAwOyIgYmdjb2xvcj0iI2ZmYTYwMCI+CjxCPjxGT05UIHNpemU9IjIiPjxCUj7jgJDou4rnqK7jgafmpJzntKLjgJE8YnI+CiAgICAgIOi7iueoruWIpeOBp+WVhuWTgeOCkuimi+OBpOOBkeOCi++8gTxCUj4KICAgICAgPC9mb250PjwvQj48YnI+CjwvVEQ+CjwvdHI+Cjx0cj4KPFREIGJnY29sb3I9IiNmZmZmZmYiPgoKPGltZyBzcmM9Imh0dHA6Ly9pbWFnZS5yYWt1dGVuLmNvLmpwL2NhcnVzL2NhYmluZXQvdG9wMjAwNy9kb21lc3RpYy5naWYiIHdpZHRoPSIyNDUiIGJvcmRlcj0iMCI+CjxCUj48Zm9udCBzaXplPSI0Ij7lm73nlKPou4rnqK7liKXjga/jgZPjgaHjgok8L2ZvbnQ+CjwvVEQ+CjwvdHI+Cjx0cj4KPFREIGJnY29sb3I9IiNmZmZmZmYiPgoKPGltZyBzcmM9Imh0dHA6Ly9pbWFnZS5yYWt1dGVuLmNvLmpwL2NhcnVzL2NhYmluZXQvdG9wMjAwNy9pbXBvcnQuZ2lmIiB3aWR0aD0iMjQ1IiBib3JkZXI9IjAiPgo8QlI+PGZvbnQgc2l6ZT0iNCI+6Ly45YWl6LuK56iu5Yil44Gv44GT44Gh44KJPC9mb250Pgo8L1REPgo8L3RyPgo8L3RhYmxlPjxCUj7jgJBESDA0N+OAkQ==,4pag44Oe44OD44Kv44Ks44O844OJIOODreODg+OCr++8i0tZT0VJ44OK44OD44OI44K744OD44OI4pag44Of44K844OD44OISUkv44OA44Kk44OP44OEL00xMlgxLjUvMjFtbS/jg6Hjg4Pjgq3ilqDjg5vjgqTjg7zjg6vnm5fpm6PjgpLpmLLjgZDliIfjgormnK0v44OX44Os44Of44Ki44Og44Ot44OD44Kv44OK44OD44OI77yL44Op44Kw44OK44OD44OIMeWPsOWIhuOBrueJueWIpeOCu+ODg+ODiCBNY0dhcmQgS1lPRUkg5q2j6KaP5Y+W5omx5bqX77ya44Kr44Or44O844K544Kq44O844OI44OR44O844OE,6LuK5qSc5a++5b+c5pS56YCg57SU5q2j5r+A5a6J44K144K544Oa44Oz44K344On44Oz44Ko44Ki44Ot56u25oqA55So44Ob44Kk44O844Or44OK44OD44OI44Ot44OD44Kv44OK44OD44OI44Ov44Kk44OJ44OI44Os44OD44OJ44K544Oa44O844K144O844Ov44Kk44OI44OsSElE44K344O844OI44Kr44OQ44O844OQ44OD44OG44Oq44O844Ko44Ki44Kv44Oq44O844OK44O844K544OR44O844Kv44OX44Op44Kw44OY44OD44OJ44Op44Kk44OIMjAw57O744OP44Kk44Ko44O844K544OX44Oq44Km44K544O044Kn44Or44OV44Kh44Kk44Ki4pag44Oe44OD44Kv44Ks44O844OJIOODreODg+OCr++8i0tZT0VJ44OK44OD44OI44K744OD44OI4pag44Of44K844OD44OISUkv44OA44Kk44OP44OEL00xMlgxLjUvMjFtbS/jg6Hjg4Pjgq3ilqDjg5vjgqTjg7zjg6vnm5fpm6PjgpLpmLLjgZDliIfjgormnK0v44OX44Os44Of44Ki44Og44Ot44OD44Kv44OK44OD44OI77yL44Op44Kw44OK44OD44OIMeWPsOWIhuOBrueJueWIpeOCu+ODg+ODiCBNY0dhcmQgS1lPRUkg5q2j6KaP5Y+W5omx5bqX,5Zu95YaF5q2j6KaP5ZOB44CQ44Ot44OD44KvNOWAi++8i+OCreODvDLlgIvvvIvjg4rjg4Pjg4gx5Y+w5YiG44K744OD44OI44CR44CC4pag44Oe44OD44Kv44Ks44O844OJIOODreODg+OCr++8i0tZT0VJ44OK44OD44OI44K744OD44OI4pag44Of44K844OD44OISUkv44OA44Kk44OP44OEL00xMlgxLjUvMjFtbS/jg6Hjg4Pjgq3ilqDjg5vjgqTjg7zjg6vnm5fpm6PjgpLpmLLjgZDliIfjgormnK0v44OX44Os44Of44Ki44Og44Ot44OD44Kv44OK44OD44OI77yL44Op44Kw44OK44OD44OIMeWPsOWIhuOBrueJueWIpeOCu+ODg+ODiCBNY0dhcmQgS1lPRUkg5q2j6KaP5Y+W5omx5bqX[rn]
21-63095,aHR0cDovL3RzaG9wLnIxMHMuanAvY2FydXMvY2FiaW5ldC9reW8tZWkvbWNnY3JfdGFucGluLmpwZz9maXRpbj03MDA6NzAw,NTYxNi4wMDAw,,6LuK55So5ZOB44O744OQ44Kk44Kv55So5ZOBID4g44Kr44O855So5ZOBID4g44Ob44Kk44O844Or44O744K/44Kk44Ok5ZGo6L6655So5ZOBID4g44Ot44OD44Kv44OK44OD44OI,4pag44Oe44OD44Kv44Ks44O844OJIOODreODg+OCrzTlgIvjgrvjg4Pjg4jilqDjg6Djg7zjg7TjgrPjg7Pjg4Yo44Og44O844OW44Kz44Oz44OGKS/jg4DjgqTjg4/jg4QvTTEyWDEuNS8yMW1tL+ODoeODg+OCreKWoOODm+OCpOODvOODq+ebl+mbo+OCkumYsuOBkOWIh+OCiuacrS/jg5fjg6zjg5/jgqLjg6Djg63jg4Pjgq/jg4rjg4Pjg4ggTWNHYXJkIOato+imj+WPluaJseW6lw==,5Zu95YaF5q2j6KaP5ZOBIOaXpeacrOiqnuODkeODg+OCseODvOOCuOOAkOODreODg+OCrzTlgIvvvIvjgq3jg7wy5YCL44K744OD44OI44CR,PENFTlRFUj4KPFRBQkxFIGJvcmRlcj0iMCI+CiAgPFRCT0RZPgogICAgPFRSPgogICAgICA8VEQ+PElNRyBzcmM9Imh0dHA6Ly9pbWFnZS5yYWt1dGVuLmNvLmpwL2NhcnVzL2NhYmluZXQva3lvLWVpL21jZ2FyZC1tYWluLmpwZyIgd2lkdGg9IjYwMCI+PGJyPgogICAgICAgPGJyPjxpbWcgc3JjPSJodHRwOi8vaW1hZ2UucmFrdXRlbi5jby5qcC9jYXJ1cy9jYWJpbmV0L2t5by1laS9tY2dhcmQtbWFpbjYwMC5qcGciIHdpZHRoPSI2MDAiPgogICAgICAgPGJyPjxpbWcgc3JjPSJodHRwOi8vaW1hZ2UucmFrdXRlbi5jby5qcC9jYXJ1cy9jYWJpbmV0L2t5by1laS9tY2dhcmQtc2V0dW1laS5naWYiIHdpZHRoPSI2MDAiPgogICAgICAgPGJyPjxpbWcgc3JjPSJodHRwOi8vaW1hZ2UucmFrdXRlbi5jby5qcC9jYXJ1cy9jYWJpbmV0L2t5by1laS9tY2dhcmQtc2V0dW1laTIuZ2lmIiB3aWR0aD0iNjAwIj4KICAgICAgIDxicj48aW1nIHNyYz0iaHR0cDovL2ltYWdlLnJha3V0ZW4uY28uanAvY2FydXMvY2FiaW5ldC9reW8tZWkvbWNnYXJkLXNldHVtZWkzLmdpZiIgd2lkdGg9IjYwMCI+CuOAgOOAgDwvVEQ+CiAgIDwvVFI+CiAgPC9UQk9EWT4KPC9UQUJMRT4KPFRBQkxFIGNlbGxzcGFjaW5nPSIyIiBjZWxscGFkZGluZz0iMyIgd2lkdGg9IjYwMCIgYmdjb2xvcj0iIzA4NmRiZCI+CjxUQk9EWT4KPFRSPgogICAgICA8VEQgYWxpZ249Im1pZGRsZSIgY29sc3Bhbj0iMiIgaGVpZ2h0PSIyMyIgYmdjb2xvcj0iIzA4NmRiZCI+PFNUUk9ORz7llYbjgIDjgIDjgIDlk4HjgIDjgIDjgIDlhoXjgIDjgIDjgIDlrrk8L1NUUk9ORz48L1REPgogICAgPC9UUj4KICAgIDxUUj4KICAgICAgPFREIGFsaWduPSJjZW50ZXIiIGJnY29sb3I9IiMzM2ZmY2MiPjxUVD48Qj7ms6jmhI/kuovpoIU8L0I+PC9UVD48L1REPgogICAgICA8VEQgYmdDb2xvcj0jZWVlZWVlPjxicj4KICAgICAg4pag44Oh44O844Kr44O857SU5q2j44Ob44Kk44O844Or44Gr44Gv44GU5L2/55So44GE44Gf44Gg44GR44G+44Gb44KT44CCCjxicj48YnI+CuKAu+W9k+W6l+OBruODnuODg+OCr+OCrOODvOODieOBr+S4h+WFqOOBquOCouODleOCv+ODvOOCteODvOODk+OCueOBjOWPl+OBkeOCieOCjOOCi+aXpeacrOS7leanmOOBruato+imj+WTgeOBp+OBmeOAgiAKPGJyPjxicj4KICAgICAgPC9URD4KICAgIDwvVFI+CjxUUj4KICAgICAgPFREIGFsaWduPSJjZW50ZXIiIGJnY29sb3I9IiMzM2ZmY2MiPjxUVD48Qj7ku5XjgIDjgIDjgIDmp5g8L0I+PC9UVD48L1REPgogICAgICA8VEQgYmdDT0xPUj0iI0ZGRkZGRiI+CjxJTUcgU1JDPSJodHRwOi8vaW1hZ2UucmFrdXRlbi5jby5qcC9jYXJ1cy9jYWJpbmV0L2t5by1laS9tY2djcl90YW5waW4uanBnIj4KICAgICAgPEJSPgogICAgICA8L1REPgogICAgPC9UUj4KPFRSPgogICAgICA8VEQgYWxpZ249ImNlbnRlciIgYmdjb2xvcj0iIzMzZmZjYyI+PFRUPjxCPue0jeOAgOacn+OAgOOBqzxCUj7jgaTjgIDjgYTjgIDjgaY8L0I+PC9UVD48L1REPgogICAgICA8VEQgCmJnQ29sb3I9I2VlZWVlZT48QlI+CiAgICAgIOWVhuWTgeOBr+WcqOW6q+OBjOOBguOCi+WgtOWQiO+8ku+9nu+8k+WWtualreaXpeOBp+eZuumAgeiHtOOBl+OBvuOBmeOAguasoOWTgeOBruWgtOWQiOOBr+e0jeacn+OCkuOBlOmAo+e1oeOBhOOBn+OBl+OBvuOBmeOAgjxCUj4KICAgICAg44G+44Gf44CB5pel5puc44O756Wt5pel44Gv55m66YCB44Gn44GN44G+44Gb44KT44Gu44Gn44GU5LqG5om/5LiL44GV44GE44CCPGJyPgogICAgICDimIXjgYrmgKXjgY7jga7mlrnjga/llY/lkIjjgo/jgZvjgavjgabjgZTnorroqo3kuIvjgZXjgYTjgII8QlI+CiAgICAgIDxCUj4KICAgICAgPC9URD4KPC90cj4KPHRyPgogICAgICA8VEQgYWxpZ249ImNlbnRlciIgYmdjb2xvcj0iIzMzZmZjYyI+PFRUPjxCPumAgeaWmTwvQj48L1RUPjwvVEQ+Cjx0ZCBiZ0NvbG9yPSNlZWVlZWU+Cjxicj4K5YWo5Zu9NjAw5YaGK+eojuOAguS9huOBl+WMl+a1t+mBk+OAgeaylue4hOOBrzE1MDDlhoYr56iO44CCCjxicj48YnI+CjwvdGQ+CiAgICA8L1RSPgogIDwvVEJPRFk+CjwvVEFCTEU+CjwvQ0VOVEVSPjx0YWJsZSBib3JkZXI9IjAiPgo8dHI+CjxURCBhbGlnbj0iY2VudGVyIiB3aWR0aD0iMjQ1IiBzdHlsZT0iYm9yZGVyLXdpZHRoIDogMXB4O2JvcmRlci1zdHlsZSA6IHNvbGlkO2JvcmRlci1jb2xvciA6ICNmZmE2MDA7IiBiZ2NvbG9yPSIjZmZhNjAwIj4KPEI+PEZPTlQgc2l6ZT0iMiI+PEJSPuOAkOi7iueoruOBp+aknOe0ouOAkTxicj4KICAgICAg6LuK56iu5Yil44Gn5ZWG5ZOB44KS6KaL44Gk44GR44KL77yBPEJSPgogICAgICA8L2ZvbnQ+PC9CPjxicj4KPC9URD4KPC90cj4KPHRyPgo8VEQgYmdjb2xvcj0iI2ZmZmZmZiI+Cgo8aW1nIHNyYz0iaHR0cDovL2ltYWdlLnJha3V0ZW4uY28uanAvY2FydXMvY2FiaW5ldC90b3AyMDA3L2RvbWVzdGljLmdpZiIgd2lkdGg9IjI0NSIgYm9yZGVyPSIwIj4KPEJSPjxmb250IHNpemU9IjQiPuWbveeUo+i7iueoruWIpeOBr+OBk+OBoeOCiTwvZm9udD4KPC9URD4KPC90cj4KPHRyPgo8VEQgYmdjb2xvcj0iI2ZmZmZmZiI+Cgo8aW1nIHNyYz0iaHR0cDovL2ltYWdlLnJha3V0ZW4uY28uanAvY2FydXMvY2FiaW5ldC90b3AyMDA3L2ltcG9ydC5naWYiIHdpZHRoPSIyNDUiIGJvcmRlcj0iMCI+CjxCUj48Zm9udCBzaXplPSI0Ij7ovLjlhaXou4rnqK7liKXjga/jgZPjgaHjgok8L2ZvbnQ+CjwvVEQ+CjwvdHI+CjwvdGFibGU+PEJSPuOAkERIMDc144CR,4pag44Oe44OD44Kv44Ks44O844OJIOODreODg+OCrzTlgIvjgrvjg4Pjg4jilqDjg6Djg7zjg7TjgrPjg7Pjg4Yo44Og44O844OW44Kz44Oz44OGKS/jg4DjgqTjg4/jg4QvTTEyWDEuNS8yMW1tL+ODoeODg+OCreKWoOODm+OCpOODvOODq+ebl+mbo+OCkumYsuOBkOWIh+OCiuacrS/jg5fjg6zjg5/jgqLjg6Djg63jg4Pjgq/jg4rjg4Pjg4ggTWNHYXJkIOato+imj+WPluaJseW6l++8muOCq+ODq+ODvOOCueOCquODvOODiOODkeODvOODhA==,6LuK5qSc5a++5b+c5pS56YCg57SU5q2j5r+A5a6J44K144K544Oa44Oz44K344On44Oz44Ko44Ki44Ot56u25oqA55So44Ob44Kk44O844Or44OK44OD44OI44Ot44OD44Kv44OK44OD44OI44Ov44Kk44OJ44OI44Os44OD44OJ44K544Oa44O844K144O844Ov44Kk44OI44OsSElE44K344O844OI44Kr44OQ44O844OQ44OD44OG44Oq44O844Ko44Ki44Kv44Oq44O844OK44O844K544OR44O844Kv44OX44Op44Kw44OY44OD44OJ44Op44Kk44OIMjAw57O744OP44Kk44Ko44O844K544OX44Oq44Km44K544O044Kn44Or44OV44Kh44Kk44Ki4pag44Oe44OD44Kv44Ks44O844OJIOODreODg+OCrzTlgIvjgrvjg4Pjg4jilqDjg6Djg7zjg7TjgrPjg7Pjg4Yo44Og44O844OW44Kz44Oz44OGKS/jg4DjgqTjg4/jg4QvTTEyWDEuNS8yMW1tL+ODoeODg+OCreKWoOODm+OCpOODvOODq+ebl+mbo+OCkumYsuOBkOWIh+OCiuacrS/jg5fjg6zjg5/jgqLjg6Djg63jg4Pjgq/jg4rjg4Pjg4ggTWNHYXJkIOato+imj+WPluaJseW6lw==,5Zu95YaF5q2j6KaP5ZOBIOaXpeacrOiqnuODkeODg+OCseODvOOCuOOAkOODreODg+OCrzTlgIvvvIvjgq3jg7wy5YCL44K744OD44OI44CR44CC4pag44Oe44OD44Kv44Ks44O844OJIOODreODg+OCrzTlgIvjgrvjg4Pjg4jilqDjg6Djg7zjg7TjgrPjg7Pjg4Yo44Og44O844OW44Kz44Oz44OGKS/jg4DjgqTjg4/jg4QvTTEyWDEuNS8yMW1tL+ODoeODg+OCreKWoOODm+OCpOODvOODq+ebl+mbo+OCkumYsuOBkOWIh+OCiuacrS/jg5fjg6zjg5/jgqLjg6Djg63jg4Pjgq/jg4rjg4Pjg4ggTWNHYXJkIOato+imj+WPluaJseW6lw==[rn]
21-63096,aHR0cDovL3RzaG9wLnIxMHMuanAvY2FydXMvY2FiaW5ldC9reW8tZWkvbWNnY3JfdGFucGluLmpwZz9maXRpbj03MDA6NzAw,NTYxNi4wMDAw,,6LuK55So5ZOB44O744OQ44Kk44Kv55So5ZOBID4g44Kr44O855So5ZOBID4g44Ob44Kk44O844Or44O744K/44Kk44Ok5ZGo6L6655So5ZOBID4g44Ot44OD44Kv44OK44OD44OI,4pag44Oe44OD44Kv44Ks44O844OJIOODreODg+OCrzTlgIvjgrvjg4Pjg4jilqDjgq/jgqrjg7zjg6wg44K/44O844OcL+ODgOOCpOODj+ODhC9NMTJYMS41LzIxbW0v44Oh44OD44Kt4pag44Ob44Kk44O844Or55uX6Zuj44KS6Ziy44GQ5YiH44KK5pytL+ODl+ODrOODn+OCouODoOODreODg+OCr+ODiuODg+ODiCBNY0dhcmQg5q2j6KaP5Y+W5omx5bqX,5Zu95YaF5q2j6KaP5ZOBIOaXpeacrOiqnuODkeODg+OCseODvOOCuOOAkOODreODg+OCrzTlgIvvvIvjgq3jg7wy5YCL44K744OD44OI44CR,PENFTlRFUj4KPFRBQkxFIGJvcmRlcj0iMCI+CiAgPFRCT0RZPgogICAgPFRSPgogICAgICA8VEQ+PElNRyBzcmM9Imh0dHA6Ly9pbWFnZS5yYWt1dGVuLmNvLmpwL2NhcnVzL2NhYmluZXQva3lvLWVpL21jZ2FyZC1tYWluLmpwZyIgd2lkdGg9IjYwMCI+PGJyPgogICAgICAgPGJyPjxpbWcgc3JjPSJodHRwOi8vaW1hZ2UucmFrdXRlbi5jby5qcC9jYXJ1cy9jYWJpbmV0L2t5by1laS9tY2dhcmQtbWFpbjYwMC5qcGciIHdpZHRoPSI2MDAiPgogICAgICAgPGJyPjxpbWcgc3JjPSJodHRwOi8vaW1hZ2UucmFrdXRlbi5jby5qcC9jYXJ1cy9jYWJpbmV0L2t5by1laS9tY2dhcmQtc2V0dW1laS5naWYiIHdpZHRoPSI2MDAiPgogICAgICAgPGJyPjxpbWcgc3JjPSJodHRwOi8vaW1hZ2UucmFrdXRlbi5jby5qcC9jYXJ1cy9jYWJpbmV0L2t5by1laS9tY2dhcmQtc2V0dW1laTIuZ2lmIiB3aWR0aD0iNjAwIj4KICAgICAgIDxicj48aW1nIHNyYz0iaHR0cDovL2ltYWdlLnJha3V0ZW4uY28uanAvY2FydXMvY2FiaW5ldC9reW8tZWkvbWNnYXJkLXNldHVtZWkzLmdpZiIgd2lkdGg9IjYwMCI+CuOAgOOAgDwvVEQ+CiAgIDwvVFI+CiAgPC9UQk9EWT4KPC9UQUJMRT4KPFRBQkxFIGNlbGxzcGFjaW5nPSIyIiBjZWxscGFkZGluZz0iMyIgd2lkdGg9IjYwMCIgYmdjb2xvcj0iIzA4NmRiZCI+CjxUQk9EWT4KPFRSPgogICAgICA8VEQgYWxpZ249Im1pZGRsZSIgY29sc3Bhbj0iMiIgaGVpZ2h0PSIyMyIgYmdjb2xvcj0iIzA4NmRiZCI+PFNUUk9ORz7llYbjgIDjgIDjgIDlk4HjgIDjgIDjgIDlhoXjgIDjgIDjgIDlrrk8L1NUUk9ORz48L1REPgogICAgPC9UUj4KICAgIDxUUj4KICAgICAgPFREIGFsaWduPSJjZW50ZXIiIGJnY29sb3I9IiMzM2ZmY2MiPjxUVD48Qj7ms6jmhI/kuovpoIU8L0I+PC9UVD48L1REPgogICAgICA8VEQgYmdDb2xvcj0jZWVlZWVlPjxicj4KICAgICAg4pag44Oh44O844Kr44O857SU5q2j44Ob44Kk44O844Or44Gr44Gv44GU5L2/55So44GE44Gf44Gg44GR44G+44Gb44KT44CCCjxicj48YnI+CuKAu+W9k+W6l+OBruODnuODg+OCr+OCrOODvOODieOBr+S4h+WFqOOBquOCouODleOCv+ODvOOCteODvOODk+OCueOBjOWPl+OBkeOCieOCjOOCi+aXpeacrOS7leanmOOBruato+imj+WTgeOBp+OBmeOAgiAKPGJyPjxicj4KICAgICAgPC9URD4KICAgIDwvVFI+CjxUUj4KICAgICAgPFREIGFsaWduPSJjZW50ZXIiIGJnY29sb3I9IiMzM2ZmY2MiPjxUVD48Qj7ku5XjgIDjgIDjgIDmp5g8L0I+PC9UVD48L1REPgogICAgICA8VEQgYmdDT0xPUj0iI0ZGRkZGRiI+CjxJTUcgU1JDPSJodHRwOi8vaW1hZ2UucmFrdXRlbi5jby5qcC9jYXJ1cy9jYWJpbmV0L2t5by1laS9tY2djcl90YW5waW4uanBnIj4KICAgICAgPEJSPgogICAgICA8L1REPgogICAgPC9UUj4KPFRSPgogICAgICA8VEQgYWxpZ249ImNlbnRlciIgYmdjb2xvcj0iIzMzZmZjYyI+PFRUPjxCPue0jeOAgOacn+OAgOOBqzxCUj7jgaTjgIDjgYTjgIDjgaY8L0I+PC9UVD48L1REPgogICAgICA8VEQgCmJnQ29sb3I9I2VlZWVlZT48QlI+CiAgICAgIOWVhuWTgeOBr+WcqOW6q+OBjOOBguOCi+WgtOWQiO+8ku+9nu+8k+WWtualreaXpeOBp+eZuumAgeiHtOOBl+OBvuOBmeOAguasoOWTgeOBruWgtOWQiOOBr+e0jeacn+OCkuOBlOmAo+e1oeOBhOOBn+OBl+OBvuOBmeOAgjxCUj4KICAgICAg44G+44Gf44CB5pel5puc44O756Wt5pel44Gv55m66YCB44Gn44GN44G+44Gb44KT44Gu44Gn44GU5LqG5om/5LiL44GV44GE44CCPGJyPgogICAgICDimIXjgYrmgKXjgY7jga7mlrnjga/llY/lkIjjgo/jgZvjgavjgabjgZTnorroqo3kuIvjgZXjgYTjgII8QlI+CiAgICAgIDxCUj4KICAgICAgPC9URD4KPC90cj4KPHRyPgogICAgICA8VEQgYWxpZ249ImNlbnRlciIgYmdjb2xvcj0iIzMzZmZjYyI+PFRUPjxCPumAgeaWmTwvQj48L1RUPjwvVEQ+Cjx0ZCBiZ0NvbG9yPSNlZWVlZWU+Cjxicj4K5YWo5Zu9NjAw5YaGK+eojuOAguS9huOBl+WMl+a1t+mBk+OAgeaylue4hOOBrzE1MDDlhoYr56iO44CCCjxicj48YnI+CjwvdGQ+CiAgICA8L1RSPgogIDwvVEJPRFk+CjwvVEFCTEU+CjwvQ0VOVEVSPjx0YWJsZSBib3JkZXI9IjAiPgo8dHI+CjxURCBhbGlnbj0iY2VudGVyIiB3aWR0aD0iMjQ1IiBzdHlsZT0iYm9yZGVyLXdpZHRoIDogMXB4O2JvcmRlci1zdHlsZSA6IHNvbGlkO2JvcmRlci1jb2xvciA6ICNmZmE2MDA7IiBiZ2NvbG9yPSIjZmZhNjAwIj4KPEI+PEZPTlQgc2l6ZT0iMiI+PEJSPuOAkOi7iueoruOBp+aknOe0ouOAkTxicj4KICAgICAg6LuK56iu5Yil44Gn5ZWG5ZOB44KS6KaL44Gk44GR44KL77yBPEJSPgogICAgICA8L2ZvbnQ+PC9CPjxicj4KPC9URD4KPC90cj4KPHRyPgo8VEQgYmdjb2xvcj0iI2ZmZmZmZiI+Cgo8aW1nIHNyYz0iaHR0cDovL2ltYWdlLnJha3V0ZW4uY28uanAvY2FydXMvY2FiaW5ldC90b3AyMDA3L2RvbWVzdGljLmdpZiIgd2lkdGg9IjI0NSIgYm9yZGVyPSIwIj4KPEJSPjxmb250IHNpemU9IjQiPuWbveeUo+i7iueoruWIpeOBr+OBk+OBoeOCiTwvZm9udD4KPC9URD4KPC90cj4KPHRyPgo8VEQgYmdjb2xvcj0iI2ZmZmZmZiI+Cgo8aW1nIHNyYz0iaHR0cDovL2ltYWdlLnJha3V0ZW4uY28uanAvY2FydXMvY2FiaW5ldC90b3AyMDA3L2ltcG9ydC5naWYiIHdpZHRoPSIyNDUiIGJvcmRlcj0iMCI+CjxCUj48Zm9udCBzaXplPSI0Ij7ovLjlhaXou4rnqK7liKXjga/jgZPjgaHjgok8L2ZvbnQ+CjwvVEQ+CjwvdHI+CjwvdGFibGU+PEJSPg==,4pag44Oe44OD44Kv44Ks44O844OJIOODreODg+OCrzTlgIvjgrvjg4Pjg4jilqDjgq/jgqrjg7zjg6wg44K/44O844OcL+ODgOOCpOODj+ODhC9NMTJYMS41LzIxbW0v44Oh44OD44Kt4pag44Ob44Kk44O844Or55uX6Zuj44KS6Ziy44GQ5YiH44KK5pytL+ODl+ODrOODn+OCouODoOODreODg+OCr+ODiuODg+ODiCBNY0dhcmQg5q2j6KaP5Y+W5omx5bqX77ya44Kr44Or44O844K544Kq44O844OI44OR44O844OE,6LuK5qSc5a++5b+c5pS56YCg57SU5q2j5r+A5a6J44K144K544Oa44Oz44K344On44Oz44Ko44Ki44Ot56u25oqA55So44Ob44Kk44O844Or44OK44OD44OI44Ot44OD44Kv44OK44OD44OI44Ov44Kk44OJ44OI44Os44OD44OJ44K544Oa44O844K144O844Ov44Kk44OI44OsSElE44K344O844OI44Kr44OQ44O844OQ44OD44OG44Oq44O844Ko44Ki44Kv44Oq44O844OK44O844K544OR44O844Kv44OX44Op44Kw44OY44OD44OJ44Op44Kk44OIMjAw57O744OP44Kk44Ko44O844K544OX44Oq44Km44K544O044Kn44Or44OV44Kh44Kk44Ki4pag44Oe44OD44Kv44Ks44O844OJIOODreODg+OCrzTlgIvjgrvjg4Pjg4jilqDjgq/jgqrjg7zjg6wg44K/44O844OcL+ODgOOCpOODj+ODhC9NMTJYMS41LzIxbW0v44Oh44OD44Kt4pag44Ob44Kk44O844Or55uX6Zuj44KS6Ziy44GQ5YiH44KK5pytL+ODl+ODrOODn+OCouODoOODreODg+OCr+ODiuODg+ODiCBNY0dhcmQg5q2j6KaP5Y+W5omx5bqX,5Zu95YaF5q2j6KaP5ZOBIOaXpeacrOiqnuODkeODg+OCseODvOOCuOOAkOODreODg+OCrzTlgIvvvIvjgq3jg7wy5YCL44K744OD44OI44CR44CC4pag44Oe44OD44Kv44Ks44O844OJIOODreODg+OCrzTlgIvjgrvjg4Pjg4jilqDjgq/jgqrjg7zjg6wg44K/44O844OcL+ODgOOCpOODj+ODhC9NMTJYMS41LzIxbW0v44Oh44OD44Kt4pag44Ob44Kk44O844Or55uX6Zuj44KS6Ziy44GQ5YiH44KK5pytL+ODl+ODrOODn+OCouODoOODreODg+OCr+ODiuODg+ODiCBNY0dhcmQg5q2j6KaP5Y+W5omx5bqX[rn]
21-63097,aHR0cDovL3RzaG9wLnIxMHMuanAvY2FydXMvY2FiaW5ldC9reW8tZWkvMzQyNTdreW9laXNldC5qcGc/Zml0aW49NzAwOjcwMA==,Njk0NC4wMDAw,,6LuK55So5ZOB44O744OQ44Kk44Kv55So5ZOBID4g44Kr44O855So5ZOBID4g44Ob44Kk44O844Or44O744K/44Kk44Ok5ZGo6L6655So5ZOBID4g44Ot44OD44Kv44OK44OD44OI,4pag44Oe44OD44Kv44Ks44O844OJIOODreODg+OCr++8i0tZT0VJ44OK44OD44OI44K744OD44OI4pag44OW44O844OzL+ODgOOCpOODj+ODhC9NMTJYMS41LzIxbW0v44Oh44OD44Kt4pag44Ob44Kk44O844Or55uX6Zuj44KS6Ziy44GQ5YiH44KK5pytL+ODl+ODrOODn+OCouODoOODreODg+OCr+ODiuODg+ODiO+8i+ODqeOCsOODiuODg+ODiDHlj7DliIbjga7nibnliKXjgrvjg4Pjg4ggTWNHYXJkIEtZT0VJIOato+imj+WPluaJseW6lw==,5Zu95YaF5q2j6KaP5ZOB44CQ44Ot44OD44KvNOWAi++8i+OCreODvDLlgIvvvIvjg4rjg4Pjg4gx5Y+w5YiG44K744OD44OI44CR,PENFTlRFUj4KPFRBQkxFIGJvcmRlcj0iMCI+CiAgPFRCT0RZPgogICAgPFRSPgogICAgICA8VEQ+PElNRyBzcmM9Imh0dHA6Ly9pbWFnZS5yYWt1dGVuLmNvLmpwL2NhcnVzL2NhYmluZXQva3lvLWVpL21jZ2FyZC1tYWluLmpwZyIgd2lkdGg9IjYwMCI+PGJyPgogICAgICAgPGJyPjxpbWcgc3JjPSJodHRwOi8vaW1hZ2UucmFrdXRlbi5jby5qcC9jYXJ1cy9jYWJpbmV0L2t5by1laS9tY2dhcmQtbWFpbjYwMC5qcGciIHdpZHRoPSI2MDAiPgogICAgICAgPGJyPjxpbWcgc3JjPSJodHRwOi8vaW1hZ2UucmFrdXRlbi5jby5qcC9jYXJ1cy9jYWJpbmV0L2t5by1laS9tY2dhcmQtc2V0dW1laS5naWYiIHdpZHRoPSI2MDAiPgogICAgICAgPGJyPjxpbWcgc3JjPSJodHRwOi8vaW1hZ2UucmFrdXRlbi5jby5qcC9jYXJ1cy9jYWJpbmV0L2t5by1laS9tY2dhcmQtc2V0dW1laTIuZ2lmIiB3aWR0aD0iNjAwIj4KICAgICAgIDxicj48aW1nIHNyYz0iaHR0cDovL2ltYWdlLnJha3V0ZW4uY28uanAvY2FydXMvY2FiaW5ldC9reW8tZWkvbWNnYXJkLXNldHVtZWkzLmdpZiIgd2lkdGg9IjYwMCI+CuOAgOOAgDwvVEQ+CiAgIDwvVFI+CiAgPC9UQk9EWT4KPC9UQUJMRT4KPFRBQkxFIGNlbGxzcGFjaW5nPSIyIiBjZWxscGFkZGluZz0iMyIgd2lkdGg9IjYwMCIgYmdjb2xvcj0iIzA4NmRiZCI+CjxUQk9EWT4KPFRSPgogICAgICA8VEQgYWxpZ249Im1pZGRsZSIgY29sc3Bhbj0iMiIgaGVpZ2h0PSIyMyIgYmdjb2xvcj0iIzA4NmRiZCI+PFNUUk9ORz7llYbjgIDjgIDjgIDlk4HjgIDjgIDjgIDlhoXjgIDjgIDjgIDlrrk8L1NUUk9ORz48L1REPgogICAgPC9UUj4KICAgIDxUUj4KICAgICAgPFREIGFsaWduPSJjZW50ZXIiIGJnY29sb3I9IiMzM2ZmY2MiPjxUVD48Qj7ms6jmhI/kuovpoIU8L0I+PC9UVD48L1REPgogICAgICA8VEQgYmdDb2xvcj0jZWVlZWVlPjxicj4KICAgICAg4pag44Oh44O844Kr44O857SU5q2j44Ob44Kk44O844Or44Gr44Gv44GU5L2/55So44GE44Gf44Gg44GR44G+44Gb44KT44CCCjxicj48YnI+CuKAu+W9k+W6l+OBruODnuODg+OCr+OCrOODvOODieOBr+S4h+WFqOOBquOCouODleOCv+ODvOOCteODvOODk+OCueOBjOWPl+OBkeOCieOCjOOCi+aXpeacrOS7leanmOOBruato+imj+WTgeOBp+OBmeOAgiAKPGJyPjxicj4KICAgICAgPC9URD4KICAgIDwvVFI+CjxUUj4KICAgICAgPFREIGFsaWduPSJjZW50ZXIiIGJnY29sb3I9IiMzM2ZmY2MiPjxUVD48Qj7ku5XjgIDjgIDjgIDmp5g8L0I+PC9UVD48L1REPgogICAgICA8VEQgYmdDT0xPUj0iI0ZGRkZGRiI+CjxJTUcgU1JDPSJodHRwOi8vaW1hZ2UucmFrdXRlbi5jby5qcC9jYXJ1cy9jYWJpbmV0L2t5by1laS8zNDI1N2t5b2Vpc2V0LmpwZyI+CiAgICAgIDxCUj4KICAgICAgPC9URD4KICAgIDwvVFI+CjxUUj4KICAgICAgPFREIGFsaWduPSJjZW50ZXIiIGJnY29sb3I9IiMzM2ZmY2MiPjxUVD48Qj7ntI3jgIDmnJ/jgIDjgas8QlI+44Gk44CA44GE44CA44GmPC9CPjwvVFQ+PC9URD4KICAgICAgPFREIApiZ0NvbG9yPSNlZWVlZWU+PEJSPgogICAgICDllYblk4Hjga/lnKjluqvjgYzjgYLjgovloLTlkIjvvJLvvZ7vvJPllrbmpa3ml6XjgafnmbrpgIHoh7TjgZfjgb7jgZnjgILmrKDlk4Hjga7loLTlkIjjga/ntI3mnJ/jgpLjgZTpgKPntaHjgYTjgZ/jgZfjgb7jgZnjgII8QlI+CiAgICAgIOOBvuOBn+OAgeaXpeabnOODu+elreaXpeOBr+eZuumAgeOBp+OBjeOBvuOBm+OCk+OBruOBp+OBlOS6huaJv+S4i+OBleOBhOOAgjxicj4KICAgICAg4piF44GK5oCl44GO44Gu5pa544Gv5ZWP5ZCI44KP44Gb44Gr44Gm44GU56K66KqN5LiL44GV44GE44CCPEJSPgogICAgICA8QlI+CiAgICAgIDwvVEQ+CjwvdHI+Cjx0cj4KICAgICAgPFREIGFsaWduPSJjZW50ZXIiIGJnY29sb3I9IiMzM2ZmY2MiPjxUVD48Qj7pgIHmlpk8L0I+PC9UVD48L1REPgo8dGQgYmdDb2xvcj0jZWVlZWVlPgo8YnI+CuWFqOWbvTYwMOWGhivnqI7jgILkvYbjgZfljJfmtbfpgZPjgIHmspbnuITjga8xNTAw5YaGK+eojuOAggo8YnI+PGJyPgo8L3RkPgogICAgPC9UUj4KICA8L1RCT0RZPgo8L1RBQkxFPgo8L0NFTlRFUj48dGFibGUgYm9yZGVyPSIwIj4KPHRyPgo8VEQgYWxpZ249ImNlbnRlciIgd2lkdGg9IjI0NSIgc3R5bGU9ImJvcmRlci13aWR0aCA6IDFweDtib3JkZXItc3R5bGUgOiBzb2xpZDtib3JkZXItY29sb3IgOiAjZmZhNjAwOyIgYmdjb2xvcj0iI2ZmYTYwMCI+CjxCPjxGT05UIHNpemU9IjIiPjxCUj7jgJDou4rnqK7jgafmpJzntKLjgJE8YnI+CiAgICAgIOi7iueoruWIpeOBp+WVhuWTgeOCkuimi+OBpOOBkeOCi++8gTxCUj4KICAgICAgPC9mb250PjwvQj48YnI+CjwvVEQ+CjwvdHI+Cjx0cj4KPFREIGJnY29sb3I9IiNmZmZmZmYiPgoKPGltZyBzcmM9Imh0dHA6Ly9pbWFnZS5yYWt1dGVuLmNvLmpwL2NhcnVzL2NhYmluZXQvdG9wMjAwNy9kb21lc3RpYy5naWYiIHdpZHRoPSIyNDUiIGJvcmRlcj0iMCI+CjxCUj48Zm9udCBzaXplPSI0Ij7lm73nlKPou4rnqK7liKXjga/jgZPjgaHjgok8L2ZvbnQ+CjwvVEQ+CjwvdHI+Cjx0cj4KPFREIGJnY29sb3I9IiNmZmZmZmYiPgoKPGltZyBzcmM9Imh0dHA6Ly9pbWFnZS5yYWt1dGVuLmNvLmpwL2NhcnVzL2NhYmluZXQvdG9wMjAwNy9pbXBvcnQuZ2lmIiB3aWR0aD0iMjQ1IiBib3JkZXI9IjAiPgo8QlI+PGZvbnQgc2l6ZT0iNCI+6Ly45YWl6LuK56iu5Yil44Gv44GT44Gh44KJPC9mb250Pgo8L1REPgo8L3RyPgo8L3RhYmxlPjxCUj7jgJBESDA0NOOAkeOAkERIMDQ144CR44CQREgwODfjgJE=,4pag44Oe44OD44Kv44Ks44O844OJIOODreODg+OCr++8i0tZT0VJ44OK44OD44OI44K744OD44OI4pag44OW44O844OzL+ODgOOCpOODj+ODhC9NMTJYMS41LzIxbW0v44Oh44OD44Kt4pag44Ob44Kk44O844Or55uX6Zuj44KS6Ziy44GQ5YiH44KK5pytL+ODl+ODrOODn+OCouODoOODreODg+OCr+ODiuODg+ODiO+8i+ODqeOCsOODiuODg+ODiDHlj7DliIbjga7nibnliKXjgrvjg4Pjg4ggTWNHYXJkIEtZT0VJIOato+imj+WPluaJseW6l++8muOCq+ODq+ODvOOCueOCquODvOODiOODkeODvOODhA==,6LuK5qSc5a++5b+c5pS56YCg57SU5q2j5r+A5a6J44K144K544Oa44Oz44K344On44Oz44Ko44Ki44Ot56u25oqA55So44Ob44Kk44O844Or44OK44OD44OI44Ot44OD44Kv44OK44OD44OI44Ov44Kk44OJ44OI44Os44OD44OJ44K544Oa44O844K144O844Ov44Kk44OI44OsSElE44K344O844OI44Kr44OQ44O844OQ44OD44OG44Oq44O844Ko44Ki44Kv44Oq44O844OK44O844K544OR44O844Kv44OX44Op44Kw44OY44OD44OJ44Op44Kk44OIMjAw57O744OP44Kk44Ko44O844K544OX44Oq44Km44K544O044Kn44Or44OV44Kh44Kk44Ki4pag44Oe44OD44Kv44Ks44O844OJIOODreODg+OCr++8i0tZT0VJ44OK44OD44OI44K744OD44OI4pag44OW44O844OzL+ODgOOCpOODj+ODhC9NMTJYMS41LzIxbW0v44Oh44OD44Kt4pag44Ob44Kk44O844Or55uX6Zuj44KS6Ziy44GQ5YiH44KK5pytL+ODl+ODrOODn+OCouODoOODreODg+OCr+ODiuODg+ODiO+8i+ODqeOCsOODiuODg+ODiDHlj7DliIbjga7nibnliKXjgrvjg4Pjg4ggTWNHYXJkIEtZT0VJIOato+imj+WPluaJseW6lw==,5Zu95YaF5q2j6KaP5ZOB44CQ44Ot44OD44KvNOWAi++8i+OCreODvDLlgIvvvIvjg4rjg4Pjg4gx5Y+w5YiG44K744OD44OI44CR44CC4pag44Oe44OD44Kv44Ks44O844OJIOODreODg+OCr++8i0tZT0VJ44OK44OD44OI44K744OD44OI4pag44OW44O844OzL+ODgOOCpOODj+ODhC9NMTJYMS41LzIxbW0v44Oh44OD44Kt4pag44Ob44Kk44O844Or55uX6Zuj44KS6Ziy44GQ5YiH44KK5pytL+ODl+ODrOODn+OCouODoOODreODg+OCr+ODiuODg+ODiO+8i+ODqeOCsOODiuODg+ODiDHlj7DliIbjga7nibnliKXjgrvjg4Pjg4ggTWNHYXJkIEtZT0VJIOato+imj+WPluaJseW6lw==[rn]
21-63098,aHR0cDovL3RzaG9wLnIxMHMuanAvY2FydXMvY2FiaW5ldC9reW8tZWkvbWNnYmtfdGFucGluLmpwZz9maXRpbj03MDA6NzAw,NTYxNi4wMDAw,,6LuK55So5ZOB44O744OQ44Kk44Kv55So5ZOBID4g44Kr44O855So5ZOBID4g44Ob44Kk44O844Or44O744K/44Kk44Ok5ZGo6L6655So5ZOBID4g44Ot44OD44Kv44OK44OD44OI,4pag44Oe44OD44Kv44Ks44O844OJIOODreODg+OCrzTlgIvjgrvjg4Pjg4jilqDjgrPjg5rjg7MvTEE0MDBLTDg4MEsv44OA44Kk44OP44OEL00xMlgxLjUvMjFtbS/pu5LvvaXjg5bjg6njg4Pjgq/ilqDjg5vjgqTjg7zjg6vnm5fpm6PjgpLpmLLjgZDliIfjgormnK0v44OX44Os44Of44Ki44Og44Ot44OD44Kv44OK44OD44OIIE1jR2FyZCDmraPopo/lj5bmibHlupc=,5Zu95YaF5q2j6KaP5ZOBIOaXpeacrOiqnuODkeODg+OCseODvOOCuOOAkOODreODg+OCrzTlgIvvvIvjgq3jg7wy5YCL44K744OD44OI44CR,PENFTlRFUj4KPFRBQkxFIGJvcmRlcj0iMCI+CiAgPFRCT0RZPgogICAgPFRSPgogICAgICA8VEQ+PElNRyBzcmM9Imh0dHA6Ly9pbWFnZS5yYWt1dGVuLmNvLmpwL2NhcnVzL2NhYmluZXQva3lvLWVpL21jZ2FyZC1tYWluLmpwZyIgd2lkdGg9IjYwMCI+PGJyPgogICAgICAgPGJyPjxpbWcgc3JjPSJodHRwOi8vaW1hZ2UucmFrdXRlbi5jby5qcC9jYXJ1cy9jYWJpbmV0L2t5by1laS9tY2dhcmQtbWFpbjYwMC5qcGciIHdpZHRoPSI2MDAiPgogICAgICAgPGJyPjxpbWcgc3JjPSJodHRwOi8vaW1hZ2UucmFrdXRlbi5jby5qcC9jYXJ1cy9jYWJpbmV0L2t5by1laS9tY2dhcmQtc2V0dW1laS5naWYiIHdpZHRoPSI2MDAiPgogICAgICAgPGJyPjxpbWcgc3JjPSJodHRwOi8vaW1hZ2UucmFrdXRlbi5jby5qcC9jYXJ1cy9jYWJpbmV0L2t5by1laS9tY2dhcmQtc2V0dW1laTIuZ2lmIiB3aWR0aD0iNjAwIj4KICAgICAgIDxicj48aW1nIHNyYz0iaHR0cDovL2ltYWdlLnJha3V0ZW4uY28uanAvY2FydXMvY2FiaW5ldC9reW8tZWkvbWNnYXJkLXNldHVtZWkzLmdpZiIgd2lkdGg9IjYwMCI+CuOAgOOAgDwvVEQ+CiAgIDwvVFI+CiAgPC9UQk9EWT4KPC9UQUJMRT4KPFRBQkxFIGNlbGxzcGFjaW5nPSIyIiBjZWxscGFkZGluZz0iMyIgd2lkdGg9IjYwMCIgYmdjb2xvcj0iIzA4NmRiZCI+CjxUQk9EWT4KPFRSPgogICAgICA8VEQgYWxpZ249Im1pZGRsZSIgY29sc3Bhbj0iMiIgaGVpZ2h0PSIyMyIgYmdjb2xvcj0iIzA4NmRiZCI+PFNUUk9ORz7llYbjgIDjgIDjgIDlk4HjgIDjgIDjgIDlhoXjgIDjgIDjgIDlrrk8L1NUUk9ORz48L1REPgogICAgPC9UUj4KICAgIDxUUj4KICAgICAgPFREIGFsaWduPSJjZW50ZXIiIGJnY29sb3I9IiMzM2ZmY2MiPjxUVD48Qj7ms6jmhI/kuovpoIU8L0I+PC9UVD48L1REPgogICAgICA8VEQgYmdDb2xvcj0jZWVlZWVlPjxicj4KICAgICAg4pag44Oh44O844Kr44O857SU5q2j44Ob44Kk44O844Or44Gr44Gv44GU5L2/55So44GE44Gf44Gg44GR44G+44Gb44KT44CCCjxicj48YnI+CuKAu+W9k+W6l+OBruODnuODg+OCr+OCrOODvOODieOBr+S4h+WFqOOBquOCouODleOCv+ODvOOCteODvOODk+OCueOBjOWPl+OBkeOCieOCjOOCi+aXpeacrOS7leanmOOBruato+imj+WTgeOBp+OBmeOAgiAKPGJyPjxicj4KICAgICAgPC9URD4KICAgIDwvVFI+CjxUUj4KICAgICAgPFREIGFsaWduPSJjZW50ZXIiIGJnY29sb3I9IiMzM2ZmY2MiPjxUVD48Qj7ku5XjgIDjgIDjgIDmp5g8L0I+PC9UVD48L1REPgogICAgICA8VEQgYmdDT0xPUj0iI0ZGRkZGRiI+CjxJTUcgU1JDPSJodHRwOi8vaW1hZ2UucmFrdXRlbi5jby5qcC9jYXJ1cy9jYWJpbmV0L2t5by1laS9tY2dia190YW5waW4uanBnIj4KICAgICAgPEJSPgogICAgICA8L1REPgogICAgPC9UUj4KPFRSPgogICAgICA8VEQgYWxpZ249ImNlbnRlciIgYmdjb2xvcj0iIzMzZmZjYyI+PFRUPjxCPue0jeOAgOacn+OAgOOBqzxCUj7jgaTjgIDjgYTjgIDjgaY8L0I+PC9UVD48L1REPgogICAgICA8VEQgCmJnQ29sb3I9I2VlZWVlZT48QlI+CiAgICAgIOWVhuWTgeOBr+WcqOW6q+OBjOOBguOCi+WgtOWQiO+8ku+9nu+8k+WWtualreaXpeOBp+eZuumAgeiHtOOBl+OBvuOBmeOAguasoOWTgeOBruWgtOWQiOOBr+e0jeacn+OCkuOBlOmAo+e1oeOBhOOBn+OBl+OBvuOBmeOAgjxCUj4KICAgICAg44G+44Gf44CB5pel5puc44O756Wt5pel44Gv55m66YCB44Gn44GN44G+44Gb44KT44Gu44Gn44GU5LqG5om/5LiL44GV44GE44CCPGJyPgogICAgICDimIXjgYrmgKXjgY7jga7mlrnjga/llY/lkIjjgo/jgZvjgavjgabjgZTnorroqo3kuIvjgZXjgYTjgII8QlI+CiAgICAgIDxCUj4KICAgICAgPC9URD4KPC90cj4KPHRyPgogICAgICA8VEQgYWxpZ249ImNlbnRlciIgYmdjb2xvcj0iIzMzZmZjYyI+PFRUPjxCPumAgeaWmTwvQj48L1RUPjwvVEQ+Cjx0ZCBiZ0NvbG9yPSNlZWVlZWU+Cjxicj4K5YWo5Zu9NjAw5YaGK+eojuOAguS9huOBl+WMl+a1t+mBk+OAgeaylue4hOOBrzE1MDDlhoYr56iO44CCCjxicj48YnI+CjwvdGQ+CiAgICA8L1RSPgogIDwvVEJPRFk+CjwvVEFCTEU+CjwvQ0VOVEVSPjx0YWJsZSBib3JkZXI9IjAiPgo8dHI+CjxURCBhbGlnbj0iY2VudGVyIiB3aWR0aD0iMjQ1IiBzdHlsZT0iYm9yZGVyLXdpZHRoIDogMXB4O2JvcmRlci1zdHlsZSA6IHNvbGlkO2JvcmRlci1jb2xvciA6ICNmZmE2MDA7IiBiZ2NvbG9yPSIjZmZhNjAwIj4KPEI+PEZPTlQgc2l6ZT0iMiI+PEJSPuOAkOi7iueoruOBp+aknOe0ouOAkTxicj4KICAgICAg6LuK56iu5Yil44Gn5ZWG5ZOB44KS6KaL44Gk44GR44KL77yBPEJSPgogICAgICA8L2ZvbnQ+PC9CPjxicj4KPC9URD4KPC90cj4KPHRyPgo8VEQgYmdjb2xvcj0iI2ZmZmZmZiI+Cgo8aW1nIHNyYz0iaHR0cDovL2ltYWdlLnJha3V0ZW4uY28uanAvY2FydXMvY2FiaW5ldC90b3AyMDA3L2RvbWVzdGljLmdpZiIgd2lkdGg9IjI0NSIgYm9yZGVyPSIwIj4KPEJSPjxmb250IHNpemU9IjQiPuWbveeUo+i7iueoruWIpeOBr+OBk+OBoeOCiTwvZm9udD4KPC9URD4KPC90cj4KPHRyPgo8VEQgYmdjb2xvcj0iI2ZmZmZmZiI+Cgo8aW1nIHNyYz0iaHR0cDovL2ltYWdlLnJha3V0ZW4uY28uanAvY2FydXMvY2FiaW5ldC90b3AyMDA3L2ltcG9ydC5naWYiIHdpZHRoPSIyNDUiIGJvcmRlcj0iMCI+CjxCUj48Zm9udCBzaXplPSI0Ij7ovLjlhaXou4rnqK7liKXjga/jgZPjgaHjgok8L2ZvbnQ+CjwvVEQ+CjwvdHI+CjwvdGFibGU+PEJSPuOAkERIMDE344CR44CQREgwMTjjgJE=,4pag44Oe44OD44Kv44Ks44O844OJIOODreODg+OCrzTlgIvjgrvjg4Pjg4jilqDjgrPjg5rjg7MvTEE0MDBLTDg4MEsv44OA44Kk44OP44OEL00xMlgxLjUvMjFtbS/pu5LvvaXjg5bjg6njg4Pjgq/ilqDjg5vjgqTjg7zjg6vnm5fpm6PjgpLpmLLjgZDliIfjgormnK0v44OX44Os44Of44Ki44Og44Ot44OD44Kv44OK44OD44OIIE1jR2FyZCDmraPopo/lj5bmibHlupfvvJrjgqvjg6vjg7zjgrnjgqrjg7zjg4jjg5Hjg7zjg4Q=,6LuK5qSc5a++5b+c5pS56YCg57SU5q2j5r+A5a6J44K144K544Oa44Oz44K344On44Oz44Ko44Ki44Ot56u25oqA55So44Ob44Kk44O844Or44OK44OD44OI44Ot44OD44Kv44OK44OD44OI44Ov44Kk44OJ44OI44Os44OD44OJ44K544Oa44O844K144O844Ov44Kk44OI44OsSElE44K344O844OI44Kr44OQ44O844OQ44OD44OG44Oq44O844Ko44Ki44Kv44Oq44O844OK44O844K544OR44O844Kv44OX44Op44Kw44OY44OD44OJ44Op44Kk44OIMjAw57O744OP44Kk44Ko44O844K544OX44Oq44Km44K544O044Kn44Or44OV44Kh44Kk44Ki4pag44Oe44OD44Kv44Ks44O844OJIOODreODg+OCrzTlgIvjgrvjg4Pjg4jilqDjgrPjg5rjg7MvTEE0MDBLTDg4MEsv44OA44Kk44OP44OEL00xMlgxLjUvMjFtbS/pu5LvvaXjg5bjg6njg4Pjgq/ilqDjg5vjgqTjg7zjg6vnm5fpm6PjgpLpmLLjgZDliIfjgormnK0v44OX44Os44Of44Ki44Og44Ot44OD44Kv44OK44OD44OIIE1jR2FyZCDmraPopo/lj5bmibHlupc=,5Zu95YaF5q2j6KaP5ZOBIOaXpeacrOiqnuODkeODg+OCseODvOOCuOOAkOODreODg+OCrzTlgIvvvIvjgq3jg7wy5YCL44K744OD44OI44CR44CC4pag44Oe44OD44Kv44Ks44O844OJIOODreODg+OCrzTlgIvjgrvjg4Pjg4jilqDjgrPjg5rjg7MvTEE0MDBLTDg4MEsv44OA44Kk44OP44OEL00xMlgxLjUvMjFtbS/pu5LvvaXjg5bjg6njg4Pjgq/ilqDjg5vjgqTjg7zjg6vnm5fpm6PjgpLpmLLjgZDliIfjgormnK0v44OX44Os44Of44Ki44Og44Ot44OD44Kv44OK44OD44OIIE1jR2FyZCDmraPopo/lj5bmibHlupc=[rn]
21-63099,aHR0cDovL3RzaG9wLnIxMHMuanAvY2FydXMvY2FiaW5ldC9reW8tZWkvMzQyNTdreW9laXNldC5qcGc/Zml0aW49NzAwOjcwMA==,Njk0NC4wMDAw,,6LuK55So5ZOB44O744OQ44Kk44Kv55So5ZOBID4g44Kr44O855So5ZOBID4g44Ob44Kk44O844Or44O744K/44Kk44Ok5ZGo6L6655So5ZOBID4g44Ot44OD44Kv44OK44OD44OI,4pag44Oe44OD44Kv44Ks44O844OJIOODreODg+OCr++8i0tZT0VJ44OK44OD44OI44K744OD44OI4pag44K544OI44O844Oq44KiL+ODgOOCpOODj+ODhC9NMTJYMS41LzIxbW0v44Oh44OD44Kt4pag44Ob44Kk44O844Or55uX6Zuj44KS6Ziy44GQ5YiH44KK5pytL+ODl+ODrOODn+OCouODoOODreODg+OCr+ODiuODg+ODiO+8i+ODqeOCsOODiuODg+ODiDHlj7DliIbjga7nibnliKXjgrvjg4Pjg4ggTWNHYXJkIEtZT0VJIOato+imj+WPluaJseW6lw==,5Zu95YaF5q2j6KaP5ZOB44CQ44Ot44OD44KvNOWAi++8i+OCreODvDLlgIvvvIvjg4rjg4Pjg4gx5Y+w5YiG44K744OD44OI44CR,PENFTlRFUj4KPFRBQkxFIGJvcmRlcj0iMCI+CiAgPFRCT0RZPgogICAgPFRSPgogICAgICA8VEQ+PElNRyBzcmM9Imh0dHA6Ly9pbWFnZS5yYWt1dGVuLmNvLmpwL2NhcnVzL2NhYmluZXQva3lvLWVpL21jZ2FyZC1tYWluLmpwZyIgd2lkdGg9IjYwMCI+PGJyPgogICAgICAgPGJyPjxpbWcgc3JjPSJodHRwOi8vaW1hZ2UucmFrdXRlbi5jby5qcC9jYXJ1cy9jYWJpbmV0L2t5by1laS9tY2dhcmQtbWFpbjYwMC5qcGciIHdpZHRoPSI2MDAiPgogICAgICAgPGJyPjxpbWcgc3JjPSJodHRwOi8vaW1hZ2UucmFrdXRlbi5jby5qcC9jYXJ1cy9jYWJpbmV0L2t5by1laS9tY2dhcmQtc2V0dW1laS5naWYiIHdpZHRoPSI2MDAiPgogICAgICAgPGJyPjxpbWcgc3JjPSJodHRwOi8vaW1hZ2UucmFrdXRlbi5jby5qcC9jYXJ1cy9jYWJpbmV0L2t5by1laS9tY2dhcmQtc2V0dW1laTIuZ2lmIiB3aWR0aD0iNjAwIj4KICAgICAgIDxicj48aW1nIHNyYz0iaHR0cDovL2ltYWdlLnJha3V0ZW4uY28uanAvY2FydXMvY2FiaW5ldC9reW8tZWkvbWNnYXJkLXNldHVtZWkzLmdpZiIgd2lkdGg9IjYwMCI+CuOAgOOAgDwvVEQ+CiAgIDwvVFI+CiAgPC9UQk9EWT4KPC9UQUJMRT4KPFRBQkxFIGNlbGxzcGFjaW5nPSIyIiBjZWxscGFkZGluZz0iMyIgd2lkdGg9IjYwMCIgYmdjb2xvcj0iIzA4NmRiZCI+CjxUQk9EWT4KPFRSPgogICAgICA8VEQgYWxpZ249Im1pZGRsZSIgY29sc3Bhbj0iMiIgaGVpZ2h0PSIyMyIgYmdjb2xvcj0iIzA4NmRiZCI+PFNUUk9ORz7llYbjgIDjgIDjgIDlk4HjgIDjgIDjgIDlhoXjgIDjgIDjgIDlrrk8L1NUUk9ORz48L1REPgogICAgPC9UUj4KICAgIDxUUj4KICAgICAgPFREIGFsaWduPSJjZW50ZXIiIGJnY29sb3I9IiMzM2ZmY2MiPjxUVD48Qj7ms6jmhI/kuovpoIU8L0I+PC9UVD48L1REPgogICAgICA8VEQgYmdDb2xvcj0jZWVlZWVlPjxicj4KICAgICAg4pag44Oh44O844Kr44O857SU5q2j44Ob44Kk44O844Or44Gr44Gv44GU5L2/55So44GE44Gf44Gg44GR44G+44Gb44KT44CCCjxicj48YnI+CuKAu+W9k+W6l+OBruODnuODg+OCr+OCrOODvOODieOBr+S4h+WFqOOBquOCouODleOCv+ODvOOCteODvOODk+OCueOBjOWPl+OBkeOCieOCjOOCi+aXpeacrOS7leanmOOBruato+imj+WTgeOBp+OBmeOAgiAKPGJyPjxicj4KICAgICAgPC9URD4KICAgIDwvVFI+CjxUUj4KICAgICAgPFREIGFsaWduPSJjZW50ZXIiIGJnY29sb3I9IiMzM2ZmY2MiPjxUVD48Qj7ku5XjgIDjgIDjgIDmp5g8L0I+PC9UVD48L1REPgogICAgICA8VEQgYmdDT0xPUj0iI0ZGRkZGRiI+CjxJTUcgU1JDPSJodHRwOi8vaW1hZ2UucmFrdXRlbi5jby5qcC9jYXJ1cy9jYWJpbmV0L2t5by1laS8zNDI1N2t5b2Vpc2V0LmpwZyI+CiAgICAgIDxCUj4KICAgICAgPC9URD4KICAgIDwvVFI+CjxUUj4KICAgICAgPFREIGFsaWduPSJjZW50ZXIiIGJnY29sb3I9IiMzM2ZmY2MiPjxUVD48Qj7ntI3jgIDmnJ/jgIDjgas8QlI+44Gk44CA44GE44CA44GmPC9CPjwvVFQ+PC9URD4KICAgICAgPFREIApiZ0NvbG9yPSNlZWVlZWU+PEJSPgogICAgICDllYblk4Hjga/lnKjluqvjgYzjgYLjgovloLTlkIjvvJLvvZ7vvJPllrbmpa3ml6XjgafnmbrpgIHoh7TjgZfjgb7jgZnjgILmrKDlk4Hjga7loLTlkIjjga/ntI3mnJ/jgpLjgZTpgKPntaHjgYTjgZ/jgZfjgb7jgZnjgII8QlI+CiAgICAgIOOBvuOBn+OAgeaXpeabnOODu+elreaXpeOBr+eZuumAgeOBp+OBjeOBvuOBm+OCk+OBruOBp+OBlOS6huaJv+S4i+OBleOBhOOAgjxicj4KICAgICAg4piF44GK5oCl44GO44Gu5pa544Gv5ZWP5ZCI44KP44Gb44Gr44Gm44GU56K66KqN5LiL44GV44GE44CCPEJSPgogICAgICA8QlI+CiAgICAgIDwvVEQ+CjwvdHI+Cjx0cj4KICAgICAgPFREIGFsaWduPSJjZW50ZXIiIGJnY29sb3I9IiMzM2ZmY2MiPjxUVD48Qj7pgIHmlpk8L0I+PC9UVD48L1REPgo8dGQgYmdDb2xvcj0jZWVlZWVlPgo8YnI+CuWFqOWbvTYwMOWGhivnqI7jgILkvYbjgZfljJfmtbfpgZPjgIHmspbnuITjga8xNTAw5YaGK+eojuOAggo8YnI+PGJyPgo8L3RkPgogICAgPC9UUj4KICA8L1RCT0RZPgo8L1RBQkxFPgo8L0NFTlRFUj48dGFibGUgYm9yZGVyPSIwIj4KPHRyPgo8VEQgYWxpZ249ImNlbnRlciIgd2lkdGg9IjI0NSIgc3R5bGU9ImJvcmRlci13aWR0aCA6IDFweDtib3JkZXItc3R5bGUgOiBzb2xpZDtib3JkZXItY29sb3IgOiAjZmZhNjAwOyIgYmdjb2xvcj0iI2ZmYTYwMCI+CjxCPjxGT05UIHNpemU9IjIiPjxCUj7jgJDou4rnqK7jgafmpJzntKLjgJE8YnI+CiAgICAgIOi7iueoruWIpeOBp+WVhuWTgeOCkuimi+OBpOOBkeOCi++8gTxCUj4KICAgICAgPC9mb250PjwvQj48YnI+CjwvVEQ+CjwvdHI+Cjx0cj4KPFREIGJnY29sb3I9IiNmZmZmZmYiPgoKPGltZyBzcmM9Imh0dHA6Ly9pbWFnZS5yYWt1dGVuLmNvLmpwL2NhcnVzL2NhYmluZXQvdG9wMjAwNy9kb21lc3RpYy5naWYiIHdpZHRoPSIyNDUiIGJvcmRlcj0iMCI+CjxCUj48Zm9udCBzaXplPSI0Ij7lm73nlKPou4rnqK7liKXjga/jgZPjgaHjgok8L2ZvbnQ+CjwvVEQ+CjwvdHI+Cjx0cj4KPFREIGJnY29sb3I9IiNmZmZmZmYiPgoKPGltZyBzcmM9Imh0dHA6Ly9pbWFnZS5yYWt1dGVuLmNvLmpwL2NhcnVzL2NhYmluZXQvdG9wMjAwNy9pbXBvcnQuZ2lmIiB3aWR0aD0iMjQ1IiBib3JkZXI9IjAiPgo8QlI+PGZvbnQgc2l6ZT0iNCI+6Ly45YWl6LuK56iu5Yil44Gv44GT44Gh44KJPC9mb250Pgo8L1REPgo8L3RyPgo8L3RhYmxlPjxCUj7jgJBESDAyNOOAkQ==,4pag44Oe44OD44Kv44Ks44O844OJIOODreODg+OCr++8i0tZT0VJ44OK44OD44OI44K744OD44OI4pag44K544OI44O844Oq44KiL+ODgOOCpOODj+ODhC9NMTJYMS41LzIxbW0v44Oh44OD44Kt4pag44Ob44Kk44O844Or55uX6Zuj44KS6Ziy44GQ5YiH44KK5pytL+ODl+ODrOODn+OCouODoOODreODg+OCr+ODiuODg+ODiO+8i+ODqeOCsOODiuODg+ODiDHlj7DliIbjga7nibnliKXjgrvjg4Pjg4ggTWNHYXJkIEtZT0VJIOato+imj+WPluaJseW6l++8muOCq+ODq+ODvOOCueOCquODvOODiOODkeODvOODhA==,6LuK5qSc5a++5b+c5pS56YCg57SU5q2j5r+A5a6J44K144K544Oa44Oz44K344On44Oz44Ko44Ki44Ot56u25oqA55So44Ob44Kk44O844Or44OK44OD44OI44Ot44OD44Kv44OK44OD44OI44Ov44Kk44OJ44OI44Os44OD44OJ44K544Oa44O844K144O844Ov44Kk44OI44OsSElE44K344O844OI44Kr44OQ44O844OQ44OD44OG44Oq44O844Ko44Ki44Kv44Oq44O844OK44O844K544OR44O844Kv44OX44Op44Kw44OY44OD44OJ44Op44Kk44OIMjAw57O744OP44Kk44Ko44O844K544OX44Oq44Km44K544O044Kn44Or44OV44Kh44Kk44Ki4pag44Oe44OD44Kv44Ks44O844OJIOODreODg+OCr++8i0tZT0VJ44OK44OD44OI44K744OD44OI4pag44K544OI44O844Oq44KiL+ODgOOCpOODj+ODhC9NMTJYMS41LzIxbW0v44Oh44OD44Kt4pag44Ob44Kk44O844Or55uX6Zuj44KS6Ziy44GQ5YiH44KK5pytL+ODl+ODrOODn+OCouODoOODreODg+OCr+ODiuODg+ODiO+8i+ODqeOCsOODiuODg+ODiDHlj7DliIbjga7nibnliKXjgrvjg4Pjg4ggTWNHYXJkIEtZT0VJIOato+imj+WPluaJseW6lw==,5Zu95YaF5q2j6KaP5ZOB44CQ44Ot44OD44KvNOWAi++8i+OCreODvDLlgIvvvIvjg4rjg4Pjg4gx5Y+w5YiG44K744OD44OI44CR44CC4pag44Oe44OD44Kv44Ks44O844OJIOODreODg+OCr++8i0tZT0VJ44OK44OD44OI44K744OD44OI4pag44K544OI44O844Oq44KiL+ODgOOCpOODj+ODhC9NMTJYMS41LzIxbW0v44Oh44OD44Kt4pag44Ob44Kk44O844Or55uX6Zuj44KS6Ziy44GQ5YiH44KK5pytL+ODl+ODrOODn+OCouODoOODreODg+OCr+ODiuODg+ODiO+8i+ODqeOCsOODiuODg+ODiDHlj7DliIbjga7nibnliKXjgrvjg4Pjg4ggTWNHYXJkIEtZT0VJIOato+imj+WPluaJseW6lw==[rn]
21-63100,aHR0cDovL3RzaG9wLnIxMHMuanAvY2FydXMvY2FiaW5ldC9reW8tZWkvMzQyMTFreW9laXNldC5qcGc/Zml0aW49NzAwOjcwMA==,ODU4NC4wMDAw,,6LuK55So5ZOB44O744OQ44Kk44Kv55So5ZOBID4g44Kr44O855So5ZOBID4g44Ob44Kk44O844Or44O744K/44Kk44Ok5ZGo6L6655So5ZOBID4g44Ot44OD44Kv44OK44OD44OI,4pag44Oe44OD44Kv44Ks44O844OJIOODreODg+OCr++8i0tZT0VJ44OK44OD44OI44K744OD44OI4pag44Og44O844O044Kz44Oz44OGKOODoOODvOODluOCs+ODs+ODhikv44OA44Kk44OP44OEL00xMlgxLjUvMjFtbS/pu5LvvaXjg5bjg6njg4Pjgq/ilqDjg5vjgqTjg7zjg6vnm5fpm6PjgpLpmLLjgZDliIfjgormnK0v44OX44Os44Of44Ki44Og44Ot44OD44Kv44OK44OD44OI77yL44Op44Kw44OK44OD44OIMeWPsOWIhuOBrueJueWIpeOCu+ODg+ODiCBNY0dhcmQgS1lPRUkg5q2j6KaP5Y+W5omx5bqX,5Zu95YaF5q2j6KaP5ZOB44CQ44Ot44OD44KvNOWAi++8i+OCreODvDLlgIvvvIvjg4rjg4Pjg4gx5Y+w5YiG44K744OD44OI44CR,PENFTlRFUj4KPFRBQkxFIGJvcmRlcj0iMCI+CiAgPFRCT0RZPgogICAgPFRSPgogICAgICA8VEQ+PElNRyBzcmM9Imh0dHA6Ly9pbWFnZS5yYWt1dGVuLmNvLmpwL2NhcnVzL2NhYmluZXQva3lvLWVpL21jZ2FyZC1tYWluLmpwZyIgd2lkdGg9IjYwMCI+PGJyPgogICAgICAgPGJyPjxpbWcgc3JjPSJodHRwOi8vaW1hZ2UucmFrdXRlbi5jby5qcC9jYXJ1cy9jYWJpbmV0L2t5by1laS9tY2dhcmQtbWFpbjYwMC5qcGciIHdpZHRoPSI2MDAiPgogICAgICAgPGJyPjxpbWcgc3JjPSJodHRwOi8vaW1hZ2UucmFrdXRlbi5jby5qcC9jYXJ1cy9jYWJpbmV0L2t5by1laS9tY2dhcmQtc2V0dW1laS5naWYiIHdpZHRoPSI2MDAiPgogICAgICAgPGJyPjxpbWcgc3JjPSJodHRwOi8vaW1hZ2UucmFrdXRlbi5jby5qcC9jYXJ1cy9jYWJpbmV0L2t5by1laS9tY2dhcmQtc2V0dW1laTIuZ2lmIiB3aWR0aD0iNjAwIj4KICAgICAgIDxicj48aW1nIHNyYz0iaHR0cDovL2ltYWdlLnJha3V0ZW4uY28uanAvY2FydXMvY2FiaW5ldC9reW8tZWkvbWNnYXJkLXNldHVtZWkzLmdpZiIgd2lkdGg9IjYwMCI+CuOAgOOAgDwvVEQ+CiAgIDwvVFI+CiAgPC9UQk9EWT4KPC9UQUJMRT4KPFRBQkxFIGNlbGxzcGFjaW5nPSIyIiBjZWxscGFkZGluZz0iMyIgd2lkdGg9IjYwMCIgYmdjb2xvcj0iIzA4NmRiZCI+CjxUQk9EWT4KPFRSPgogICAgICA8VEQgYWxpZ249Im1pZGRsZSIgY29sc3Bhbj0iMiIgaGVpZ2h0PSIyMyIgYmdjb2xvcj0iIzA4NmRiZCI+PFNUUk9ORz7llYbjgIDjgIDjgIDlk4HjgIDjgIDjgIDlhoXjgIDjgIDjgIDlrrk8L1NUUk9ORz48L1REPgogICAgPC9UUj4KICAgIDxUUj4KICAgICAgPFREIGFsaWduPSJjZW50ZXIiIGJnY29sb3I9IiMzM2ZmY2MiPjxUVD48Qj7ms6jmhI/kuovpoIU8L0I+PC9UVD48L1REPgogICAgICA8VEQgYmdDb2xvcj0jZWVlZWVlPjxicj4KICAgICAg4pag44Oh44O844Kr44O857SU5q2j44Ob44Kk44O844Or44Gr44Gv44GU5L2/55So44GE44Gf44Gg44GR44G+44Gb44KT44CCCjxicj48YnI+CuKAu+W9k+W6l+OBruODnuODg+OCr+OCrOODvOODieOBr+S4h+WFqOOBquOCouODleOCv+ODvOOCteODvOODk+OCueOBjOWPl+OBkeOCieOCjOOCi+aXpeacrOS7leanmOOBruato+imj+WTgeOBp+OBmeOAgiAKPGJyPjxicj4KICAgICAgPC9URD4KICAgIDwvVFI+CjxUUj4KICAgICAgPFREIGFsaWduPSJjZW50ZXIiIGJnY29sb3I9IiMzM2ZmY2MiPjxUVD48Qj7ku5XjgIDjgIDjgIDmp5g8L0I+PC9UVD48L1REPgogICAgICA8VEQgYmdDT0xPUj0iI0ZGRkZGRiI+CjxJTUcgU1JDPSJodHRwOi8vaW1hZ2UucmFrdXRlbi5jby5qcC9jYXJ1cy9jYWJpbmV0L2t5by1laS8zNDIxMWt5b2Vpc2V0LmpwZyI+CiAgICAgIDxCUj4KICAgICAgPC9URD4KICAgIDwvVFI+CjxUUj4KICAgICAgPFREIGFsaWduPSJjZW50ZXIiIGJnY29sb3I9IiMzM2ZmY2MiPjxUVD48Qj7ntI3jgIDmnJ/jgIDjgas8QlI+44Gk44CA44GE44CA44GmPC9CPjwvVFQ+PC9URD4KICAgICAgPFREIApiZ0NvbG9yPSNlZWVlZWU+PEJSPgogICAgICDllYblk4Hjga/lnKjluqvjgYzjgYLjgovloLTlkIjvvJLvvZ7vvJPllrbmpa3ml6XjgafnmbrpgIHoh7TjgZfjgb7jgZnjgILmrKDlk4Hjga7loLTlkIjjga/ntI3mnJ/jgpLjgZTpgKPntaHjgYTjgZ/jgZfjgb7jgZnjgII8QlI+CiAgICAgIOOBvuOBn+OAgeaXpeabnOODu+elreaXpeOBr+eZuumAgeOBp+OBjeOBvuOBm+OCk+OBruOBp+OBlOS6huaJv+S4i+OBleOBhOOAgjxicj4KICAgICAg4piF44GK5oCl44GO44Gu5pa544Gv5ZWP5ZCI44KP44Gb44Gr44Gm44GU56K66KqN5LiL44GV44GE44CCPEJSPgogICAgICA8QlI+CiAgICAgIDwvVEQ+CjwvdHI+Cjx0cj4KICAgICAgPFREIGFsaWduPSJjZW50ZXIiIGJnY29sb3I9IiMzM2ZmY2MiPjxUVD48Qj7pgIHmlpk8L0I+PC9UVD48L1REPgo8dGQgYmdDb2xvcj0jZWVlZWVlPgo8YnI+CuWFqOWbvTYwMOWGhivnqI7jgILkvYbjgZfljJfmtbfpgZPjgIHmspbnuITjga8xNTAw5YaGK+eojuOAggo8YnI+PGJyPgo8L3RkPgogICAgPC9UUj4KICA8L1RCT0RZPgo8L1RBQkxFPgo8L0NFTlRFUj48dGFibGUgYm9yZGVyPSIwIj4KPHRyPgo8VEQgYWxpZ249ImNlbnRlciIgd2lkdGg9IjI0NSIgc3R5bGU9ImJvcmRlci13aWR0aCA6IDFweDtib3JkZXItc3R5bGUgOiBzb2xpZDtib3JkZXItY29sb3IgOiAjZmZhNjAwOyIgYmdjb2xvcj0iI2ZmYTYwMCI+CjxCPjxGT05UIHNpemU9IjIiPjxCUj7jgJDou4rnqK7jgafmpJzntKLjgJE8YnI+CiAgICAgIOi7iueoruWIpeOBp+WVhuWTgeOCkuimi+OBpOOBkeOCi++8gTxCUj4KICAgICAgPC9mb250PjwvQj48YnI+CjwvVEQ+CjwvdHI+Cjx0cj4KPFREIGJnY29sb3I9IiNmZmZmZmYiPgoKPGltZyBzcmM9Imh0dHA6Ly9pbWFnZS5yYWt1dGVuLmNvLmpwL2NhcnVzL2NhYmluZXQvdG9wMjAwNy9kb21lc3RpYy5naWYiIHdpZHRoPSIyNDUiIGJvcmRlcj0iMCI+CjxCUj48Zm9udCBzaXplPSI0Ij7lm73nlKPou4rnqK7liKXjga/jgZPjgaHjgok8L2ZvbnQ+CjwvVEQ+CjwvdHI+Cjx0cj4KPFREIGJnY29sb3I9IiNmZmZmZmYiPgoKPGltZyBzcmM9Imh0dHA6Ly9pbWFnZS5yYWt1dGVuLmNvLmpwL2NhcnVzL2NhYmluZXQvdG9wMjAwNy9pbXBvcnQuZ2lmIiB3aWR0aD0iMjQ1IiBib3JkZXI9IjAiPgo8QlI+PGZvbnQgc2l6ZT0iNCI+6Ly45YWl6LuK56iu5Yil44Gv44GT44Gh44KJPC9mb250Pgo8L1REPgo8L3RyPgo8L3RhYmxlPjxCUj7jgJBESDA3NeOAkQ==,4pag44Oe44OD44Kv44Ks44O844OJIOODreODg+OCr++8i0tZT0VJ44OK44OD44OI44K744OD44OI4pag44Og44O844O044Kz44Oz44OGKOODoOODvOODluOCs+ODs+ODhikv44OA44Kk44OP44OEL00xMlgxLjUvMjFtbS/pu5LvvaXjg5bjg6njg4Pjgq/ilqDjg5vjgqTjg7zjg6vnm5fpm6PjgpLpmLLjgZDliIfjgormnK0v44OX44Os44Of44Ki44Og44Ot44OD44Kv44OK44OD44OI77yL44Op44Kw44OK44OD44OIMeWPsOWIhuOBrueJueWIpeOCu+ODg+ODiCBNY0dhcmQgS1lPRUkg5q2j6KaP5Y+W5omx5bqX77ya44Kr44Or44O844K544Kq44O844OI44OR44O844OE,6LuK5qSc5a++5b+c5pS56YCg57SU5q2j5r+A5a6J44K144K544Oa44Oz44K344On44Oz44Ko44Ki44Ot56u25oqA55So44Ob44Kk44O844Or44OK44OD44OI44Ot44OD44Kv44OK44OD44OI44Ov44Kk44OJ44OI44Os44OD44OJ44K544Oa44O844K144O844Ov44Kk44OI44OsSElE44K344O844OI44Kr44OQ44O844OQ44OD44OG44Oq44O844Ko44Ki44Kv44Oq44O844OK44O844K544OR44O844Kv44OX44Op44Kw44OY44OD44OJ44Op44Kk44OIMjAw57O744OP44Kk44Ko44O844K544OX44Oq44Km44K544O044Kn44Or44OV44Kh44Kk44Ki4pag44Oe44OD44Kv44Ks44O844OJIOODreODg+OCr++8i0tZT0VJ44OK44OD44OI44K744OD44OI4pag44Og44O844O044Kz44Oz44OGKOODoOODvOODluOCs+ODs+ODhikv44OA44Kk44OP44OEL00xMlgxLjUvMjFtbS/pu5LvvaXjg5bjg6njg4Pjgq/ilqDjg5vjgqTjg7zjg6vnm5fpm6PjgpLpmLLjgZDliIfjgormnK0v44OX44Os44Of44Ki44Og44Ot44OD44Kv44OK44OD44OI77yL44Op44Kw44OK44OD44OIMeWPsOWIhuOBrueJueWIpeOCu+ODg+ODiCBNY0dhcmQgS1lPRUkg5q2j6KaP5Y+W5omx5bqX,5Zu95YaF5q2j6KaP5ZOB44CQ44Ot44OD44KvNOWAi++8i+OCreODvDLlgIvvvIvjg4rjg4Pjg4gx5Y+w5YiG44K744OD44OI44CR44CC4pag44Oe44OD44Kv44Ks44O844OJIOODreODg+OCr++8i0tZT0VJ44OK44OD44OI44K744OD44OI4pag44Og44O844O044Kz44Oz44OGKOODoOODvOODluOCs+ODs+ODhikv44OA44Kk44OP44OEL00xMlgxLjUvMjFtbS/pu5LvvaXjg5bjg6njg4Pjgq/ilqDjg5vjgqTjg7zjg6vnm5fpm6PjgpLpmLLjgZDliIfjgormnK0v44OX44Os44Of44Ki44Og44Ot44OD44Kv44OK44OD44OI77yL44Op44Kw44OK44OD44OIMeWPsOWIhuOBrueJueWIpeOCu+ODg+ODiCBNY0dhcmQgS1lPRUkg5q2j6KaP5Y+W5omx5bqX[rn]
21-63101,aHR0cDovL3RzaG9wLnIxMHMuanAvY2FydXMvY2FiaW5ldC9reW8tZWkvbWNnYmtfdGFucGluLmpwZz9maXRpbj03MDA6NzAw,NTYxNi4wMDAw,,6LuK55So5ZOB44O744OQ44Kk44Kv55So5ZOBID4g44Kr44O855So5ZOBID4g44Ob44Kk44O844Or44O744K/44Kk44Ok5ZGo6L6655So5ZOBID4g44Ot44OD44Kv44OK44OD44OI,4pag44Oe44OD44Kv44Ks44O844OJIOODreODg+OCrzTlgIvjgrvjg4Pjg4jilqDjgqLjg5fjg63jg7zjgrov44OA44Kk44OP44OEL00xMlgxLjUvMjFtbS/pu5LvvaXjg5bjg6njg4Pjgq/ilqDjg5vjgqTjg7zjg6vnm5fpm6PjgpLpmLLjgZDliIfjgormnK0v44OX44Os44Of44Ki44Og44Ot44OD44Kv44OK44OD44OIIE1jR2FyZCDmraPopo/lj5bmibHlupc=,5Zu95YaF5q2j6KaP5ZOBIOaXpeacrOiqnuODkeODg+OCseODvOOCuOOAkOODreODg+OCrzTlgIvvvIvjgq3jg7wy5YCL44K744OD44OI44CR,PENFTlRFUj4KPFRBQkxFIGJvcmRlcj0iMCI+CiAgPFRCT0RZPgogICAgPFRSPgogICAgICA8VEQ+PElNRyBzcmM9Imh0dHA6Ly9pbWFnZS5yYWt1dGVuLmNvLmpwL2NhcnVzL2NhYmluZXQva3lvLWVpL21jZ2FyZC1tYWluLmpwZyIgd2lkdGg9IjYwMCI+PGJyPgogICAgICAgPGJyPjxpbWcgc3JjPSJodHRwOi8vaW1hZ2UucmFrdXRlbi5jby5qcC9jYXJ1cy9jYWJpbmV0L2t5by1laS9tY2dhcmQtbWFpbjYwMC5qcGciIHdpZHRoPSI2MDAiPgogICAgICAgPGJyPjxpbWcgc3JjPSJodHRwOi8vaW1hZ2UucmFrdXRlbi5jby5qcC9jYXJ1cy9jYWJpbmV0L2t5by1laS9tY2dhcmQtc2V0dW1laS5naWYiIHdpZHRoPSI2MDAiPgogICAgICAgPGJyPjxpbWcgc3JjPSJodHRwOi8vaW1hZ2UucmFrdXRlbi5jby5qcC9jYXJ1cy9jYWJpbmV0L2t5by1laS9tY2dhcmQtc2V0dW1laTIuZ2lmIiB3aWR0aD0iNjAwIj4KICAgICAgIDxicj48aW1nIHNyYz0iaHR0cDovL2ltYWdlLnJha3V0ZW4uY28uanAvY2FydXMvY2FiaW5ldC9reW8tZWkvbWNnYXJkLXNldHVtZWkzLmdpZiIgd2lkdGg9IjYwMCI+CuOAgOOAgDwvVEQ+CiAgIDwvVFI+CiAgPC9UQk9EWT4KPC9UQUJMRT4KPFRBQkxFIGNlbGxzcGFjaW5nPSIyIiBjZWxscGFkZGluZz0iMyIgd2lkdGg9IjYwMCIgYmdjb2xvcj0iIzA4NmRiZCI+CjxUQk9EWT4KPFRSPgogICAgICA8VEQgYWxpZ249Im1pZGRsZSIgY29sc3Bhbj0iMiIgaGVpZ2h0PSIyMyIgYmdjb2xvcj0iIzA4NmRiZCI+PFNUUk9ORz7llYbjgIDjgIDjgIDlk4HjgIDjgIDjgIDlhoXjgIDjgIDjgIDlrrk8L1NUUk9ORz48L1REPgogICAgPC9UUj4KICAgIDxUUj4KICAgICAgPFREIGFsaWduPSJjZW50ZXIiIGJnY29sb3I9IiMzM2ZmY2MiPjxUVD48Qj7ms6jmhI/kuovpoIU8L0I+PC9UVD48L1REPgogICAgICA8VEQgYmdDb2xvcj0jZWVlZWVlPjxicj4KICAgICAg4pag44Oh44O844Kr44O857SU5q2j44Ob44Kk44O844Or44Gr44Gv44GU5L2/55So44GE44Gf44Gg44GR44G+44Gb44KT44CCCjxicj48YnI+CuKAu+W9k+W6l+OBruODnuODg+OCr+OCrOODvOODieOBr+S4h+WFqOOBquOCouODleOCv+ODvOOCteODvOODk+OCueOBjOWPl+OBkeOCieOCjOOCi+aXpeacrOS7leanmOOBruato+imj+WTgeOBp+OBmeOAgiAKPGJyPjxicj4KICAgICAgPC9URD4KICAgIDwvVFI+CjxUUj4KICAgICAgPFREIGFsaWduPSJjZW50ZXIiIGJnY29sb3I9IiMzM2ZmY2MiPjxUVD48Qj7ku5XjgIDjgIDjgIDmp5g8L0I+PC9UVD48L1REPgogICAgICA8VEQgYmdDT0xPUj0iI0ZGRkZGRiI+CjxJTUcgU1JDPSJodHRwOi8vaW1hZ2UucmFrdXRlbi5jby5qcC9jYXJ1cy9jYWJpbmV0L2t5by1laS9tY2dia190YW5waW4uanBnIj4KICAgICAgPEJSPgogICAgICA8L1REPgogICAgPC9UUj4KPFRSPgogICAgICA8VEQgYWxpZ249ImNlbnRlciIgYmdjb2xvcj0iIzMzZmZjYyI+PFRUPjxCPue0jeOAgOacn+OAgOOBqzxCUj7jgaTjgIDjgYTjgIDjgaY8L0I+PC9UVD48L1REPgogICAgICA8VEQgCmJnQ29sb3I9I2VlZWVlZT48QlI+CiAgICAgIOWVhuWTgeOBr+WcqOW6q+OBjOOBguOCi+WgtOWQiO+8ku+9nu+8k+WWtualreaXpeOBp+eZuumAgeiHtOOBl+OBvuOBmeOAguasoOWTgeOBruWgtOWQiOOBr+e0jeacn+OCkuOBlOmAo+e1oeOBhOOBn+OBl+OBvuOBmeOAgjxCUj4KICAgICAg44G+44Gf44CB5pel5puc44O756Wt5pel44Gv55m66YCB44Gn44GN44G+44Gb44KT44Gu44Gn44GU5LqG5om/5LiL44GV44GE44CCPGJyPgogICAgICDimIXjgYrmgKXjgY7jga7mlrnjga/llY/lkIjjgo/jgZvjgavjgabjgZTnorroqo3kuIvjgZXjgYTjgII8QlI+CiAgICAgIDxCUj4KICAgICAgPC9URD4KPC90cj4KPHRyPgogICAgICA8VEQgYWxpZ249ImNlbnRlciIgYmdjb2xvcj0iIzMzZmZjYyI+PFRUPjxCPumAgeaWmTwvQj48L1RUPjwvVEQ+Cjx0ZCBiZ0NvbG9yPSNlZWVlZWU+Cjxicj4K5YWo5Zu9NjAw5YaGK+eojuOAguS9huOBl+WMl+a1t+mBk+OAgeaylue4hOOBrzE1MDDlhoYr56iO44CCCjxicj48YnI+CjwvdGQ+CiAgICA8L1RSPgogIDwvVEJPRFk+CjwvVEFCTEU+CjwvQ0VOVEVSPjx0YWJsZSBib3JkZXI9IjAiPgo8dHI+CjxURCBhbGlnbj0iY2VudGVyIiB3aWR0aD0iMjQ1IiBzdHlsZT0iYm9yZGVyLXdpZHRoIDogMXB4O2JvcmRlci1zdHlsZSA6IHNvbGlkO2JvcmRlci1jb2xvciA6ICNmZmE2MDA7IiBiZ2NvbG9yPSIjZmZhNjAwIj4KPEI+PEZPTlQgc2l6ZT0iMiI+PEJSPuOAkOi7iueoruOBp+aknOe0ouOAkTxicj4KICAgICAg6LuK56iu5Yil44Gn5ZWG5ZOB44KS6KaL44Gk44GR44KL77yBPEJSPgogICAgICA8L2ZvbnQ+PC9CPjxicj4KPC9URD4KPC90cj4KPHRyPgo8VEQgYmdjb2xvcj0iI2ZmZmZmZiI+Cgo8aW1nIHNyYz0iaHR0cDovL2ltYWdlLnJha3V0ZW4uY28uanAvY2FydXMvY2FiaW5ldC90b3AyMDA3L2RvbWVzdGljLmdpZiIgd2lkdGg9IjI0NSIgYm9yZGVyPSIwIj4KPEJSPjxmb250IHNpemU9IjQiPuWbveeUo+i7iueoruWIpeOBr+OBk+OBoeOCiTwvZm9udD4KPC9URD4KPC90cj4KPHRyPgo8VEQgYmdjb2xvcj0iI2ZmZmZmZiI+Cgo8aW1nIHNyYz0iaHR0cDovL2ltYWdlLnJha3V0ZW4uY28uanAvY2FydXMvY2FiaW5ldC90b3AyMDA3L2ltcG9ydC5naWYiIHdpZHRoPSIyNDUiIGJvcmRlcj0iMCI+CjxCUj48Zm9udCBzaXplPSI0Ij7ovLjlhaXou4rnqK7liKXjga/jgZPjgaHjgok8L2ZvbnQ+CjwvVEQ+CjwvdHI+CjwvdGFibGU+PEJSPuOAkERIMDA344CR,4pag44Oe44OD44Kv44Ks44O844OJIOODreODg+OCrzTlgIvjgrvjg4Pjg4jilqDjgqLjg5fjg63jg7zjgrov44OA44Kk44OP44OEL00xMlgxLjUvMjFtbS/pu5LvvaXjg5bjg6njg4Pjgq/ilqDjg5vjgqTjg7zjg6vnm5fpm6PjgpLpmLLjgZDliIfjgormnK0v44OX44Os44Of44Ki44Og44Ot44OD44Kv44OK44OD44OIIE1jR2FyZCDmraPopo/lj5bmibHlupfvvJrjgqvjg6vjg7zjgrnjgqrjg7zjg4jjg5Hjg7zjg4Q=,6LuK5qSc5a++5b+c5pS56YCg57SU5q2j5r+A5a6J44K144K544Oa44Oz44K344On44Oz44Ko44Ki44Ot56u25oqA55So44Ob44Kk44O844Or44OK44OD44OI44Ot44OD44Kv44OK44OD44OI44Ov44Kk44OJ44OI44Os44OD44OJ44K544Oa44O844K144O844Ov44Kk44OI44OsSElE44K344O844OI44Kr44OQ44O844OQ44OD44OG44Oq44O844Ko44Ki44Kv44Oq44O844OK44O844K544OR44O844Kv44OX44Op44Kw44OY44OD44OJ44Op44Kk44OIMjAw57O744OP44Kk44Ko44O844K544OX44Oq44Km44K544O044Kn44Or44OV44Kh44Kk44Ki4pag44Oe44OD44Kv44Ks44O844OJIOODreODg+OCrzTlgIvjgrvjg4Pjg4jilqDjgqLjg5fjg63jg7zjgrov44OA44Kk44OP44OEL00xMlgxLjUvMjFtbS/pu5LvvaXjg5bjg6njg4Pjgq/ilqDjg5vjgqTjg7zjg6vnm5fpm6PjgpLpmLLjgZDliIfjgormnK0v44OX44Os44Of44Ki44Og44Ot44OD44Kv44OK44OD44OIIE1jR2FyZCDmraPopo/lj5bmibHlupc=,5Zu95YaF5q2j6KaP5ZOBIOaXpeacrOiqnuODkeODg+OCseODvOOCuOOAkOODreODg+OCrzTlgIvvvIvjgq3jg7wy5YCL44K744OD44OI44CR44CC4pag44Oe44OD44Kv44Ks44O844OJIOODreODg+OCrzTlgIvjgrvjg4Pjg4jilqDjgqLjg5fjg63jg7zjgrov44OA44Kk44OP44OEL00xMlgxLjUvMjFtbS/pu5LvvaXjg5bjg6njg4Pjgq/ilqDjg5vjgqTjg7zjg6vnm5fpm6PjgpLpmLLjgZDliIfjgormnK0v44OX44Os44Of44Ki44Og44Ot44OD44Kv44OK44OD44OIIE1jR2FyZCDmraPopo/lj5bmibHlupc=[rn]
21-63102,aHR0cDovL3RzaG9wLnIxMHMuanAvZW5ldHJvb20vY2FiaW5ldC9uaXRpeW91aGluMi8yNDU1NjAtc2NuMDEtbi5qcGc/Zml0aW49NzAwOjcwMA==,MjEzMy42MDAw,,6LuK55So5ZOB44O744OQ44Kk44Kv55So5ZOBID4g44Kr44O855So5ZOBID4g44Ob44Kk44O844Or44O744K/44Kk44Ok5ZGo6L6655So5ZOBID4g44K/44Kk44Ok44Op44OD44Kv44O744Kr44OQ44O8,w5fiiarjgr/jgqTjg6TkuqTmj5sg44K544K/44OD44OJ44Os44K5IOWkj+OCv+OCpOODpOWPjue0jeKJq+KJquWcqOW6q+WHpuWIhu+8geaVsOmHj+mZkOWumu+8geKJq+OAkOi7veiHquWLlei7iueUqOOAkeOCv+OCpOODpOODqeODg+OCr+OCreODo+OCueOCv+ODvOS7mCBLVEwtNDUwVOOAlOi7iueUqOWTgSDjgqvjg7znlKjlk4Eg44K544K/44OD44OJ44Os44K5IOWPjue0jSDjgr/jgqTjg6Qg6LuKIOWxi+WkliDpm6rpgZPjgJXjgJDjgqLjgqTjg6rjgrnjgqrjg7zjg6Tjg57jgJHjgJDpmZDlrprjgJEgIOOBiuOBl+OCg+OCjCDpgIHmlpnnhKHmlpk=,44CA,44Gv44KB6L6844G/5byP44Gu44K/44Kk44Ok44Op44OD44Kv44Gn44GZ44CCPGJyPuOBlOWutuW6reOBp+OCgue1hOeri+OBpuOCq+ODs+OCv+ODs+KYhjxicj7ph43jgYTjgr/jgqTjg6TjgoLjg6njgq/jg6njgq/np7vli5Xjga7jgq3jg6Pjgrnjgr/jg7zku5jimao8YnI+PGJyPjxzdHJvbmc+PGZvbnQgY29sb3I9cmVkPuKYheOBiuWuouanmOe1hOeri+KYhTwvZm9udD48L3N0cm9uZz48YnI+PGJyPuKXj+WVhuWTgeOCteOCpOOCuu+8iOe0hO+8ie+8muW5hee0hDQ1w5flpaXooYzjgY3ntIQ0MMOX6auY44GV57SEMTE0Y208YnI+4peP5ZWG5ZOB6YeN6YeP77ya57SENC40a2c8YnI+4peP6YGp5ZCI44K144Kk44K677ya6Lu96Ieq5YuV6LuK55So44K/44Kk44Ok77yI44K/44Kk44Ok5bmFMTYwbS9t5Lul5LiL44CB5aSW5b6ENDg1772eNTUwbS9t77yJPGJyPuKXj+iAkOiNt+mHje+8mue0hDEyMGtnPGJyPuKXj+adkOizqu+8muWhqeODk+iiq+imhumLvOeuoeOAgUFCU+aoueiEguOAgeODneODquOCq+ODvOODnOODjeODvOODiOOAgeOCueODgeODvOODq+OAgeOCtOODoOOAgeODneODquOCouOCu+OCv+ODvOODqwo8YnI+PGJyPjxpbWcgc3JjPWh0dHA6Ly9pbWFnZS5yYWt1dGVuLmNvLmpwL2VuZXRyb29tL2NhYmluZXQvZXZlbnRfd2ViLzEyMTEyNnRpcmVyYWNrLzY2MDE1NWJuMy5qcGcgYm9yZGVyPSIwIj48YnI+PGltZyBzcmM9aHR0cDovL2ltYWdlLnJha3V0ZW4uY28uanAvZW5ldHJvb20vY2FiaW5ldC9ldmVudF93ZWIvMTIxMTI2dGlyZXJhY2svcDcxLmpwZyBib3JkZXI9IjAiPjwhLS08Y2VudGVyPgo8YnI+Cjxmb250IHNpemU9IjYiIGNvbG9yPSJyZWQiPu+8vCDlhYjnnYAyMDDlkI3mp5jvvIE1MDDlhobjgq/jg7zjg53jg7Mg77yPPC9mb250Pjxicj4KCjxpbWcgc3JjPWh0dHA6Ly9pbWFnZS5yYWt1dGVuLmNvLmpwL2VuZXRyb29tL2NhYmluZXQvYmFubmVyLzExMTQtNTAwY291cG9uLmpwZyBib3JkZXI9IjAiIHdpZHRoPSI2NTAiPgo8YnI+PGJyPgoKPGZvbnQgc2l6ZT0iNyIgY29sb3I9InJlZCI+4omq44Kv44O844Od44Oz44Ky44OD44OI44Gv44GT44Gh44KJ44GL44KJ4omrPC9mb250Pjxicj48YnI+PGJyPjxicj4KCjxpbWcgc3JjPSJodHRwOi8vaW1hZ2UucmFrdXRlbi5jby5qcC9lbmV0cm9vbS9jYWJpbmV0L20vbGluZS5qcGciIHdpZHRoPSI2NTAiPjxicj4KPGJyPjxicj48YnI+CgoKPGZvbnQgc2l6ZT0iNiIgY29sb3I9InJlZCI+77y8IOWFiOedgDEwMOWQjeanmO+8gTEwMOWGhuOCr+ODvOODneODsyDvvI88L2ZvbnQ+PGJyPgoKPGltZyBzcmM9aHR0cDovL2ltYWdlLnJha3V0ZW4uY28uanAvZW5ldHJvb20vY2FiaW5ldC9iYW5uZXIvMTExNGNvdXBvbi0xMDAuanBnIGJvcmRlcj0iMCIgd2lkdGg9IjY1MCI+Cjxicj48YnI+Cgo8Zm9udCBzaXplPSI3IiBjb2xvcj0icmVkIj7iiarjgq/jg7zjg53jg7PjgrLjg4Pjg4jjga/jgZPjgaHjgonjgYvjgoniias8L2ZvbnQ+PGJyPjxicj48YnI+PGJyPgoKPGltZyBzcmM9Imh0dHA6Ly9pbWFnZS5yYWt1dGVuLmNvLmpwL2VuZXRyb29tL2NhYmluZXQvbS9saW5lLmpwZyIgd2lkdGg9IjY1MCI+PGJyPi0tPgo8YnI+Cgo8YnI+CjwvY2VudGVyPgoKPCEtLeKWvOe3qOmbhuS4jeWPry0tPgo8aGVhZD4KPHN0eWxlIHR5cGU9InRleHQvY3NzIj4KPCEtLQphOmhvdmVyIHsKZmlsdGVyOmFscGhhKG9wYWNpdHk9NzUpOwotbW96LW9wYWNpdHk6MC43NTsKb3BhY2l0eTowLjc1Owp9Ci0tPgo8L3N0eWxlPgo8L2hlYWQ+CjwhLS3ilrLnt6jpm4bkuI3lj68tLT4=,JnRpbWVzO+KJquOCv+OCpOODpOS6pOaPmyDjgrnjgr/jg4Pjg4njg6zjgrkg5aSP44K/44Kk44Ok5Y+O57SN4omr4omq5Zyo5bqr5Yem5YiG77yB5pWw6YeP6ZmQ5a6a77yB4omr44CQ6Lu96Ieq5YuV6LuK55So44CR44K/44Kk44Ok44Op44OD44Kv44Kt44Oj44K544K/44O85LuYIEtUTC00NTBU44CU6LuK55So5ZOBIOOCq+ODvOeUqOWTgSDjgrnjgr/jg4Pjg4njg6zjgrkg5Y+O57SNIOOCv+OCpOODpCDou4og5bGL5aSWIOmbqumBk+OAleOAkOOCouOCpOODquOCueOCquODvOODpOODnuOAkeOAkOmZkOWumuOAkSAg44GK44GX44KD44KMIOmAgeaWmeeEoeaWme+8muS+v+WIqeeUn+a0u+OAgOODnuOCpOODq+ODvOODoA==,54mp5bmy44GX44Op44Oz44OJ44Oq44O844Kt44OD44OB44Oz44Kk44Oz44OG44Oq44Ki5LiA5Lq65pqu44KJ44GX5Y+O57SN44Ki44Kk44Oq44K544Kq44O844Ok44Oe44Oh44K/44Or5paw55Sf5rS744Kr44Op44O844Oc44OD44Kv44K544Ov44Oz44Or44O844Og44Op44OD44Kv44OG44Os44OT5Y+w44OG44O844OW44Or44OR44K944Kz44Oz44OH44K544Kv44OB44Kn44K544OI44OZ44OD44OJ5a625YW344Kz44O844OH44Kj44ON44O844OI6Ieq6Lui6LuKJnRpbWVzO+KJquOCv+OCpOODpOS6pOaPmyDjgrnjgr/jg4Pjg4njg6zjgrkg5aSP44K/44Kk44Ok5Y+O57SN4omr4omq5Zyo5bqr5Yem5YiG77yB5pWw6YeP6ZmQ5a6a77yB4omr44CQ6Lu96Ieq5YuV6LuK55So44CR44K/44Kk44Ok44Op44OD44Kv44Kt44Oj44K544K/44O85LuYIEtUTC00NTBU44CU6LuK55So5ZOBIOOCq+ODvOeUqOWTgSDjgrnjgr/jg4Pjg4njg6zjgrkg5Y+O57SNIOOCv+OCpOODpCDou4og5bGL5aSWIOmbqumBk+OAleOAkOOCouOCpOODquOCueOCquODvOODpOODnuOAkeOAkOmZkOWumuOAkSAg44GK44GX44KD44KMIOmAgeaWmeeEoeaWmQ==,44CA44CCJnRpbWVzO+KJquOCv+OCpOODpOS6pOaPmyDjgrnjgr/jg4Pjg4njg6zjgrkg5aSP44K/44Kk44Ok5Y+O57SN4omr4omq5Zyo5bqr5Yem5YiG77yB5pWw6YeP6ZmQ5a6a77yB4omr44CQ6Lu96Ieq5YuV6LuK55So44CR44K/44Kk44Ok44Op44OD44Kv44Kt44Oj44K544K/44O85LuYIEtUTC00NTBU44CU6LuK55So5ZOBIOOCq+ODvOeUqOWTgSDjgrnjgr/jg4Pjg4njg6zjgrkg5Y+O57SNIOOCv+OCpOODpCDou4og5bGL5aSWIOmbqumBk+OAleOAkOOCouOCpOODquOCueOCquODvOODpOODnuOAkeOAkOmZkOWumuOAkSAg44GK44GX44KD44KMIOmAgeaWmeeEoeaWmQ==[rn]
21-63103,aHR0cDovL3RzaG9wLnIxMHMuanAvZW5ldHJvb20vY2FiaW5ldC9pa291XzIwMDkxMDIwXzAwNC9pbWcxMDU5NDQxOTcyOC5qcGc/Zml0aW49NzAwOjcwMA==,MjI3MC40MDAw,,6LuK55So5ZOB44O744OQ44Kk44Kv55So5ZOBID4g44Kr44O855So5ZOBID4g44Ob44Kk44O844Or44O744K/44Kk44Ok5ZGo6L6655So5ZOBID4g44K/44Kk44Ok44Op44OD44Kv44O744Kr44OQ44O8,44CQ5pmu6YCa6LuK55So44CR44K/44Kk44Ok5Lqk5o+bIOOCueOCv+ODg+ODieODrOOCuSDlpI/jgr/jgqTjg6Tlj47ntI3iiarlnKjluqvlh6bliIbvvIHmlbDph4/pmZDlrprvvIHiiavjgr/jgqTjg6Tjg6njg4Pjgq8g77y077ys77yo77yN77yX77yS77yQ44CU6LuK55So5ZOBIOOCq+ODvOeUqOWTgSDjgrnjgr/jg4Pjg4njg6zjgrkg5Y+O57SNIOOCv+OCpOODpCDou4og5bGL5aSWIOmbqumBk+OAleOAkOOCouOCpOODquOCueOCquODvOODpOODnuOAkeOAkOmZkOWumuOAkSAg44GK44GX44KD44KMIOmAgeaWmeeEoeaWmQ==,44CA,PHRhYmxlIGJvcmRlcj0iMCI+Cjx0cj48dGQ+CuKXj+S4u+imgeadkOizqu+8mu+8oe+8ou+8s+aoueiEguODu+WhqeWMluODk+ODi+ODvOODq+iiq+imhumLvOeuoQo8L3RkPjwvdHI+PHRyPjx0ZD4K4peP44Kr44Op44O877ya44OW44Op44OD44Kv77yP44Kw44Os44O8CjwvdGQ+PC90cj48dHI+PHRkPgril4/ogJDojbfph43vvJoxMjBrZwo8L3RkPjwvdHI+PHRyPjx0ZD4K4peP5ZWG5ZOB44K144Kk44K6KGNtKe+8muW5hTcxLjPDl+WlpeihjDM4LjPDl+mrmOOBlTY0LjIKPC90ZD48L3RyPjx0cj48dGQ+Cjxicj4K44K/44Kk44Ok44KSMuWAi+OBmuOBpOWIhuOBkeOBpuS/neeuoeOBp+OBjeOCi+OCu+ODkeODrOODvOODiOOCv+OCpOODl+OCv+OCpOODpOODqeODg+OCr+OBp+OBmeOAggrniannva7jga7kuK3jgIHjg5njg6njg7Pjg4DjgIHou5LkuIvjgarjganni63jgYTjgrnjg5rjg7zjgrnjgoLkv53nrqHloLTmiYDjgajjgZfjgabkvb/nlKjjgafjgY3jgb7jgZnjgII8YnI+CuKAuzLlgIvjgacx44K744OD44OI44Go44Gq44Gj44Gm44GK44KK44G+44GZ44CCPFA+Cjxicj48YnI+PGltZyBzcmM9aHR0cDovL2ltYWdlLnJha3V0ZW4uY28uanAvZW5ldHJvb20vY2FiaW5ldC9ldmVudF93ZWIvMTIxMTI2dGlyZXJhY2svNjYwMTU1Ym4zLmpwZyBib3JkZXI9IjAiPjxicj48aW1nIHNyYz1odHRwOi8vaW1hZ2UucmFrdXRlbi5jby5qcC9lbmV0cm9vbS9jYWJpbmV0L2V2ZW50X3dlYi8xMjExMjZ0aXJlcmFjay9wNzEuanBnIGJvcmRlcj0iMCI+PCEtLTxjZW50ZXI+Cjxicj4KPGZvbnQgc2l6ZT0iNiIgY29sb3I9InJlZCI+77y8IOWFiOedgDIwMOWQjeanmO+8gTUwMOWGhuOCr+ODvOODneODsyDvvI88L2ZvbnQ+PGJyPgoKPGltZyBzcmM9aHR0cDovL2ltYWdlLnJha3V0ZW4uY28uanAvZW5ldHJvb20vY2FiaW5ldC9iYW5uZXIvMTExNC01MDBjb3Vwb24uanBnIGJvcmRlcj0iMCIgd2lkdGg9IjY1MCI+Cjxicj48YnI+Cgo8Zm9udCBzaXplPSI3IiBjb2xvcj0icmVkIj7iiarjgq/jg7zjg53jg7PjgrLjg4Pjg4jjga/jgZPjgaHjgonjgYvjgoniias8L2ZvbnQ+PGJyPjxicj48YnI+PGJyPgoKPGltZyBzcmM9Imh0dHA6Ly9pbWFnZS5yYWt1dGVuLmNvLmpwL2VuZXRyb29tL2NhYmluZXQvbS9saW5lLmpwZyIgd2lkdGg9IjY1MCI+PGJyPgo8YnI+PGJyPjxicj4KCgo8Zm9udCBzaXplPSI2IiBjb2xvcj0icmVkIj7vvLwg5YWI552AMTAw5ZCN5qeY77yBMTAw5YaG44Kv44O844Od44OzIO+8jzwvZm9udD48YnI+Cgo8aW1nIHNyYz1odHRwOi8vaW1hZ2UucmFrdXRlbi5jby5qcC9lbmV0cm9vbS9jYWJpbmV0L2Jhbm5lci8xMTE0Y291cG9uLTEwMC5qcGcgYm9yZGVyPSIwIiB3aWR0aD0iNjUwIj4KPGJyPjxicj4KCjxmb250IHNpemU9IjciIGNvbG9yPSJyZWQiPuKJquOCr+ODvOODneODs+OCsuODg+ODiOOBr+OBk+OBoeOCieOBi+OCieKJqzwvZm9udD48YnI+PGJyPjxicj48YnI+Cgo8aW1nIHNyYz0iaHR0cDovL2ltYWdlLnJha3V0ZW4uY28uanAvZW5ldHJvb20vY2FiaW5ldC9tL2xpbmUuanBnIiB3aWR0aD0iNjUwIj48YnI+LS0+Cjxicj4KCjxicj4KPC9jZW50ZXI+Cgo8IS0t4pa857eo6ZuG5LiN5Y+vLS0+CjxoZWFkPgo8c3R5bGUgdHlwZT0idGV4dC9jc3MiPgo8IS0tCmE6aG92ZXIgewpmaWx0ZXI6YWxwaGEob3BhY2l0eT03NSk7Ci1tb3otb3BhY2l0eTowLjc1OwpvcGFjaXR5OjAuNzU7Cn0KLS0+Cjwvc3R5bGU+CjwvaGVhZD4KPCEtLeKWsue3qOmbhuS4jeWPry0tPg==,44CQ5pmu6YCa6LuK55So44CR44K/44Kk44Ok5Lqk5o+bIOOCueOCv+ODg+ODieODrOOCuSDlpI/jgr/jgqTjg6Tlj47ntI3iiarlnKjluqvlh6bliIbvvIHmlbDph4/pmZDlrprvvIHiiavjgr/jgqTjg6Tjg6njg4Pjgq8g77y077ys77yoJm1pbnVzO++8l++8ku+8kOOAlOi7iueUqOWTgSDjgqvjg7znlKjlk4Eg44K544K/44OD44OJ44Os44K5IOWPjue0jSDjgr/jgqTjg6Qg6LuKIOWxi+WkliDpm6rpgZPjgJXjgJDjgqLjgqTjg6rjgrnjgqrjg7zjg6Tjg57jgJHjgJDpmZDlrprjgJEgIOOBiuOBl+OCg+OCjCDpgIHmlpnnhKHmlpnvvJrkvr/liKnnlJ/mtLvjgIDjg57jgqTjg6vjg7zjg6A=,54mp5bmy44GX44Op44Oz44OJ44Oq44O844Kt44OD44OB44Oz44Kk44Oz44OG44Oq44Ki5LiA5Lq65pqu44KJ44GX5Y+O57SN44Ki44Kk44Oq44K544Kq44O844Ok44Oe44Oh44K/44Or5paw55Sf5rS744Kr44Op44O844Oc44OD44Kv44K544Ov44Oz44Or44O844Og44Op44OD44Kv44OG44Os44OT5Y+w44OG44O844OW44Or44OR44K944Kz44Oz44OH44K544Kv44OB44Kn44K544OI44OZ44OD44OJ5a625YW344Kz44O844OH44Kj44ON44O844OI6Ieq6Lui6LuK44CQ5pmu6YCa6LuK55So44CR44K/44Kk44Ok5Lqk5o+bIOOCueOCv+ODg+ODieODrOOCuSDlpI/jgr/jgqTjg6Tlj47ntI3iiarlnKjluqvlh6bliIbvvIHmlbDph4/pmZDlrprvvIHiiavjgr/jgqTjg6Tjg6njg4Pjgq8g77y077ys77yoJm1pbnVzO++8l++8ku+8kOOAlOi7iueUqOWTgSDjgqvjg7znlKjlk4Eg44K544K/44OD44OJ44Os44K5IOWPjue0jSDjgr/jgqTjg6Qg6LuKIOWxi+WkliDpm6rpgZPjgJXjgJDjgqLjgqTjg6rjgrnjgqrjg7zjg6Tjg57jgJHjgJDpmZDlrprjgJEgIOOBiuOBl+OCg+OCjCDpgIHmlpnnhKHmlpk=,44CA44CC44CQ5pmu6YCa6LuK55So44CR44K/44Kk44Ok5Lqk5o+bIOOCueOCv+ODg+ODieODrOOCuSDlpI/jgr/jgqTjg6Tlj47ntI3iiarlnKjluqvlh6bliIbvvIHmlbDph4/pmZDlrprvvIHiiavjgr/jgqTjg6Tjg6njg4Pjgq8g77y077ys77yoJm1pbnVzO++8l++8ku+8kOOAlOi7iueUqOWTgSDjgqvjg7znlKjlk4Eg44K544K/44OD44OJ44Os44K5IOWPjue0jSDjgr/jgqTjg6Qg6LuKIOWxi+WkliDpm6rpgZPjgJXjgJDjgqLjgqTjg6rjgrnjgqrjg7zjg6Tjg57jgJHjgJDpmZDlrprjgJEgIOOBiuOBl+OCg+OCjCDpgIHmlpnnhKHmlpk=[rn]
21-63104,aHR0cDovL3RzaG9wLnIxMHMuanAvZW5ldHJvb20vY2FiaW5ldC9leHRlcmlvci81MjkxMTIuanBnP2ZpdGluPTcwMDo3MDA=,MTAyMi40MDAw,,6LuK55So5ZOB44O744OQ44Kk44Kv55So5ZOBID4g44Kr44O855So5ZOBID4g44Ob44Kk44O844Or44O744K/44Kk44Ok5ZGo6L6655So5ZOBID4g44K/44Kk44Ok44Op44OD44Kv44O744Kr44OQ44O8,4omq44K/44Kk44Ok5Lqk5o+bIOOCueOCv+ODg+ODieODrOOCuSDlpI/jgr/jgqTjg6Tlj47ntI3iiavjgr/jgqTjg6Tjg6njg4Pjgq/jgqvjg5Djg7zjgJTjgr/jgqTjg6Tjgqvjg5Djg7zjgJUgQ1ZQLTQ1MCDjgrfjg6vjg5Djg7zjgJTou4rnlKjlk4Eg44Kr44O855So5ZOBIOOCueOCv+ODg+ODieODrOOCuSDlj47ntI0g44K/44Kk44OkIOi7iiDlsYvlpJYg6Zuq6YGT44CV44CQ44Ki44Kk44Oq44K544Kq44O844Ok44Oe44CRICDjgYrjgZfjgoPjgow=,44CA,44Ki44Kk44Oq44K544Gu44K/44Kk44Ok44Op44OD44Kv77yIVEzjgIFTVEzjgrfjg6rjg7zjgrrvvInjgavjgbTjgaPjgZ/jgorjga7jgqvjg5Djg7zjgafjgZnjgII8YnI+44OZ44Op44Oz44OA44KE5bqt44Gu54mH6ZqF44Gq44Gp44CB6YeO5aSW44Gn5L+d566h44GZ44KL44GT44Go44Gu5aSa44GE44K/44Kk44Ok44KS6Zuo44O76aKo44O75pel5YWJ44GL44KJ5a6I44KL44CB6ICQ5YCZ5p2Q5YWl44KK44Gu44Kr44OQ44O844Gn44GZ44CCPGJyPuijvuOBruODkOOCv+ODhOOCreOCkuaKkeOBiOOCi+ODr+ODs+OCv+ODg+ODgeOBsuOCguatouOCgeS7mOOBjeOBp+OAgeWKo+WMluOBl+OChOOBmeOBhOOCv+OCpOODpOOBruOCtOODoOOCkuOBl+OBo+OBi+OCiuWuiOOCiuOBvuOBmeOAgjxicj48YnI+PGJyPuKXj+WVhuWTgeOCteOCpOOCuu+8muW5hTYww5flpaXooYw0N8OX6auY44GVMTIzPGJyPjxicj48YnI+4peP6YGp5ZCI44Op44OD44Kv77yaPGJyPuODu+OCv+OCpOODpOODqeODg+OCr++8iOOCq+ODkOODvOOBquOBl++8iUtUTC00NTDvvIjou73oh6rli5Xou4rnlKjvvIk8YnI+44O744K544OG44Oz44Os44K544K/44Kk44Ok44Op44OD44Kv77yI44Kr44OQ44O844Gq44GX77yJ6Lu96Ieq5YuV6LuK55SoS1NMLTQ1MDxicj7jg7vjgr/jgqTjg6Tjg6njg4Pjgq/vvIjjgqvjg5Djg7zku5jvvInou73oh6rli5Xou4rnlKhLVEwtNDUwQzxicj7jg7vjgrnjg4bjg7Pjg6zjgrnjgr/jgqTjg6Tjg6njg4Pjgq/vvIjjgqvjg5Djg7zku5jvvInou73oh6rli5Xou4rnlKhLU0wtNDUwQzxicj48YnI+4peP5Li76KaB5p2Q6LOq77ya44Od44Oq44Ko44K544OG44OrPGJyPjxicj48aW1nIHNyYz1odHRwOi8vaW1hZ2UucmFrdXRlbi5jby5qcC9lbmV0cm9vbS9jYWJpbmV0L2V2ZW50X3dlYi8xMjExMjZ0aXJlcmFjay82NjAxNTVibjMuanBnIGJvcmRlcj0iMCI+PGJyPjxpbWcgc3JjPWh0dHA6Ly9pbWFnZS5yYWt1dGVuLmNvLmpwL2VuZXRyb29tL2NhYmluZXQvZXZlbnRfd2ViLzEyMTEyNnRpcmVyYWNrL3A3MS5qcGcgYm9yZGVyPSIwIj48IS0tPGNlbnRlcj4KPGJyPgo8Zm9udCBzaXplPSI2IiBjb2xvcj0icmVkIj7vvLwg5YWI552AMjAw5ZCN5qeY77yBNTAw5YaG44Kv44O844Od44OzIO+8jzwvZm9udD48YnI+Cgo8aW1nIHNyYz1odHRwOi8vaW1hZ2UucmFrdXRlbi5jby5qcC9lbmV0cm9vbS9jYWJpbmV0L2Jhbm5lci8xMTE0LTUwMGNvdXBvbi5qcGcgYm9yZGVyPSIwIiB3aWR0aD0iNjUwIj4KPGJyPjxicj4KCjxmb250IHNpemU9IjciIGNvbG9yPSJyZWQiPuKJquOCr+ODvOODneODs+OCsuODg+ODiOOBr+OBk+OBoeOCieOBi+OCieKJqzwvZm9udD48YnI+PGJyPjxicj48YnI+Cgo8aW1nIHNyYz0iaHR0cDovL2ltYWdlLnJha3V0ZW4uY28uanAvZW5ldHJvb20vY2FiaW5ldC9tL2xpbmUuanBnIiB3aWR0aD0iNjUwIj48YnI+Cjxicj48YnI+PGJyPgoKCjxmb250IHNpemU9IjYiIGNvbG9yPSJyZWQiPu+8vCDlhYjnnYAxMDDlkI3mp5jvvIExMDDlhobjgq/jg7zjg53jg7Mg77yPPC9mb250Pjxicj4KCjxpbWcgc3JjPWh0dHA6Ly9pbWFnZS5yYWt1dGVuLmNvLmpwL2VuZXRyb29tL2NhYmluZXQvYmFubmVyLzExMTRjb3Vwb24tMTAwLmpwZyBib3JkZXI9IjAiIHdpZHRoPSI2NTAiPgo8YnI+PGJyPgoKPGZvbnQgc2l6ZT0iNyIgY29sb3I9InJlZCI+4omq44Kv44O844Od44Oz44Ky44OD44OI44Gv44GT44Gh44KJ44GL44KJ4omrPC9mb250Pjxicj48YnI+PGJyPjxicj4KCjxpbWcgc3JjPSJodHRwOi8vaW1hZ2UucmFrdXRlbi5jby5qcC9lbmV0cm9vbS9jYWJpbmV0L20vbGluZS5qcGciIHdpZHRoPSI2NTAiPjxicj4tLT4KPGJyPgoKPGJyPgo8L2NlbnRlcj4KCjwhLS3ilrznt6jpm4bkuI3lj68tLT4KPGhlYWQ+CjxzdHlsZSB0eXBlPSJ0ZXh0L2NzcyI+CjwhLS0KYTpob3ZlciB7CmZpbHRlcjphbHBoYShvcGFjaXR5PTc1KTsKLW1vei1vcGFjaXR5OjAuNzU7Cm9wYWNpdHk6MC43NTsKfQotLT4KPC9zdHlsZT4KPC9oZWFkPgo8IS0t4pay57eo6ZuG5LiN5Y+vLS0+,4omq44K/44Kk44Ok5Lqk5o+bIOOCueOCv+ODg+ODieODrOOCuSDlpI/jgr/jgqTjg6Tlj47ntI3iiavjgr/jgqTjg6Tjg6njg4Pjgq/jgqvjg5Djg7zjgJTjgr/jgqTjg6Tjgqvjg5Djg7zjgJUgQ1ZQLTQ1MCDjgrfjg6vjg5Djg7zjgJTou4rnlKjlk4Eg44Kr44O855So5ZOBIOOCueOCv+ODg+ODieODrOOCuSDlj47ntI0g44K/44Kk44OkIOi7iiDlsYvlpJYg6Zuq6YGT44CV44CQ44Ki44Kk44Oq44K544Kq44O844Ok44Oe44CRICDjgYrjgZfjgoPjgozvvJrkvr/liKnnlJ/mtLvjgIDjg57jgqTjg6vjg7zjg6A=,54mp5bmy44GX44Op44Oz44OJ44Oq44O844Kt44OD44OB44Oz44Kk44Oz44OG44Oq44Ki5LiA5Lq65pqu44KJ44GX5Y+O57SN44Ki44Kk44Oq44K544Kq44O844Ok44Oe44Oh44K/44Or5paw55Sf5rS744Kr44Op44O844Oc44OD44Kv44K544Ov44Oz44Or44O844Og44Op44OD44Kv44OG44Os44OT5Y+w44OG44O844OW44Or44OR44K944Kz44Oz44OH44K544Kv44OB44Kn44K544OI44OZ44OD44OJ5a625YW344Kz44O844OH44Kj44ON44O844OI6Ieq6Lui6LuK4omq44K/44Kk44Ok5Lqk5o+bIOOCueOCv+ODg+ODieODrOOCuSDlpI/jgr/jgqTjg6Tlj47ntI3iiavjgr/jgqTjg6Tjg6njg4Pjgq/jgqvjg5Djg7zjgJTjgr/jgqTjg6Tjgqvjg5Djg7zjgJUgQ1ZQLTQ1MCDjgrfjg6vjg5Djg7zjgJTou4rnlKjlk4Eg44Kr44O855So5ZOBIOOCueOCv+ODg+ODieODrOOCuSDlj47ntI0g44K/44Kk44OkIOi7iiDlsYvlpJYg6Zuq6YGT44CV44CQ44Ki44Kk44Oq44K544Kq44O844Ok44Oe44CRICDjgYrjgZfjgoPjgow=,44CA44CC4omq44K/44Kk44Ok5Lqk5o+bIOOCueOCv+ODg+ODieODrOOCuSDlpI/jgr/jgqTjg6Tlj47ntI3iiavjgr/jgqTjg6Tjg6njg4Pjgq/jgqvjg5Djg7zjgJTjgr/jgqTjg6Tjgqvjg5Djg7zjgJUgQ1ZQLTQ1MCDjgrfjg6vjg5Djg7zjgJTou4rnlKjlk4Eg44Kr44O855So5ZOBIOOCueOCv+ODg+ODieODrOOCuSDlj47ntI0g44K/44Kk44OkIOi7iiDlsYvlpJYg6Zuq6YGT44CV44CQ44Ki44Kk44Oq44K544Kq44O844Ok44Oe44CRICDjgYrjgZfjgoPjgow=[rn]
21-63105,aHR0cDovL3RzaG9wLnIxMHMuanAvZW5ldHJvb20vY2FiaW5ldC9leHRlcmlvci81MjkxMjIuanBnP2ZpdGluPTcwMDo3MDA=,MTIwOC4wMDAw,,6LuK55So5ZOB44O744OQ44Kk44Kv55So5ZOBID4g44Kr44O855So5ZOBID4g44Ob44Kk44O844Or44O744K/44Kk44Ok5ZGo6L6655So5ZOBID4g44K/44Kk44Ok44Op44OD44Kv44O744Kr44OQ44O8,4omq44K/44Kk44Ok5Lqk5o+bIOOCueOCv+ODg+ODieODrOOCuSDlpI/jgr/jgqTjg6Tlj47ntI3iiavjgr/jgqTjg6Tjg6njg4Pjgq/jgqvjg5Djg7zjgJTjgr/jgqTjg6Tjgqvjg5Djg7zjgJUgQ1ZQLTU5MCDjgrfjg6vjg5Djg7zjgJTou4rnlKjlk4Eg44Kr44O855So5ZOBIOOCueOCv+ODg+ODieODrOOCuSDlj47ntI0g44K/44Kk44OkIOi7iiDlsYvlpJYg6Zuq6YGT44CV44CQ44Ki44Kk44Oq44K544Kq44O844Ok44Oe44CRICDjgYrjgZfjgoPjgow=,44CA,44Ki44Kk44Oq44K544Gu44K/44Kk44Ok44Op44OD44Kv77yIVEzjgIFTVEzjgrfjg6rjg7zjgrrvvInjgavjgbTjgaPjgZ/jgorjga7jgqvjg5Djg7zjgafjgZnjgII8YnI+44OZ44Op44Oz44OA44KE5bqt44Gu54mH6ZqF44Gq44Gp44CB6YeO5aSW44Gn5L+d566h44GZ44KL44GT44Go44Gu5aSa44GE44K/44Kk44Ok44KS6Zuo44O76aKo44O75pel5YWJ44GL44KJ5a6I44KL44CB6ICQ5YCZ5p2Q5YWl44KK44Gu44Kr44OQ44O844Gn44GZ44CCPGJyPuijvuOBruODkOOCv+ODhOOCreOCkuaKkeOBiOOCi+ODr+ODs+OCv+ODg+ODgeOBsuOCguatouOCgeS7mOOBjeOBp+OAgeWKo+WMluOBl+OChOOBmeOBhOOCv+OCpOODpOOBruOCtOODoOOCkuOBl+OBo+OBi+OCiuWuiOOCiuOBvuOBmeOAgjxicj48YnI+PGJyPuKXj+WVhuWTgeOCteOCpOOCuu+8muW5hTcyw5flpaXooYw2McOX6auY44GVMTQ1PGJyPjxicj48YnI+4peP6YGp5ZCI44Op44OD44Kv77yaPGJyPuODu+OCv+OCpOODpOODqeODg+OCr++8iOOCq+ODkOODvOOBquOBl++8ieaZrumAmuiHquWLlei7iueUqCBLVEwtNTkwPGJyPuODu+OCueODhuODs+ODrOOCueOCv+OCpOODpOODqeODg+OCr++8iOOCq+ODkOODvOOBquOBl++8ieaZrumAmuiHquWLlei7iueUqCBLU0wtNTkwPGJyPuODu+OCv+OCpOODpOODqeODg+OCr++8iOOCq+ODkOODvOS7mO+8iSDmma7pgJroh6rli5Xou4rnlKggS1RMLTU5MEM8YnI+44O744K544OG44Oz44Os44K544K/44Kk44Ok44Op44OD44Kv77yI44Kr44OQ44O85LuY77yJ5pmu6YCa6Ieq5YuV6LuK55SoIEtTTC01OTBDPGJyPjxicj7il4/kuLvopoHmnZDos6rvvJrjg53jg6rjgqjjgrnjg4bjg6s8YnI+PGJyPjxpbWcgc3JjPWh0dHA6Ly9pbWFnZS5yYWt1dGVuLmNvLmpwL2VuZXRyb29tL2NhYmluZXQvZXZlbnRfd2ViLzEyMTEyNnRpcmVyYWNrLzY2MDE1NWJuMy5qcGcgYm9yZGVyPSIwIj48YnI+PGltZyBzcmM9aHR0cDovL2ltYWdlLnJha3V0ZW4uY28uanAvZW5ldHJvb20vY2FiaW5ldC9ldmVudF93ZWIvMTIxMTI2dGlyZXJhY2svcDcxLmpwZyBib3JkZXI9IjAiPjwhLS08Y2VudGVyPgo8YnI+Cjxmb250IHNpemU9IjYiIGNvbG9yPSJyZWQiPu+8vCDlhYjnnYAyMDDlkI3mp5jvvIE1MDDlhobjgq/jg7zjg53jg7Mg77yPPC9mb250Pjxicj4KCjxpbWcgc3JjPWh0dHA6Ly9pbWFnZS5yYWt1dGVuLmNvLmpwL2VuZXRyb29tL2NhYmluZXQvYmFubmVyLzExMTQtNTAwY291cG9uLmpwZyBib3JkZXI9IjAiIHdpZHRoPSI2NTAiPgo8YnI+PGJyPgoKPGZvbnQgc2l6ZT0iNyIgY29sb3I9InJlZCI+4omq44Kv44O844Od44Oz44Ky44OD44OI44Gv44GT44Gh44KJ44GL44KJ4omrPC9mb250Pjxicj48YnI+PGJyPjxicj4KCjxpbWcgc3JjPSJodHRwOi8vaW1hZ2UucmFrdXRlbi5jby5qcC9lbmV0cm9vbS9jYWJpbmV0L20vbGluZS5qcGciIHdpZHRoPSI2NTAiPjxicj4KPGJyPjxicj48YnI+CgoKPGZvbnQgc2l6ZT0iNiIgY29sb3I9InJlZCI+77y8IOWFiOedgDEwMOWQjeanmO+8gTEwMOWGhuOCr+ODvOODneODsyDvvI88L2ZvbnQ+PGJyPgoKPGltZyBzcmM9aHR0cDovL2ltYWdlLnJha3V0ZW4uY28uanAvZW5ldHJvb20vY2FiaW5ldC9iYW5uZXIvMTExNGNvdXBvbi0xMDAuanBnIGJvcmRlcj0iMCIgd2lkdGg9IjY1MCI+Cjxicj48YnI+Cgo8Zm9udCBzaXplPSI3IiBjb2xvcj0icmVkIj7iiarjgq/jg7zjg53jg7PjgrLjg4Pjg4jjga/jgZPjgaHjgonjgYvjgoniias8L2ZvbnQ+PGJyPjxicj48YnI+PGJyPgoKPGltZyBzcmM9Imh0dHA6Ly9pbWFnZS5yYWt1dGVuLmNvLmpwL2VuZXRyb29tL2NhYmluZXQvbS9saW5lLmpwZyIgd2lkdGg9IjY1MCI+PGJyPi0tPgo8YnI+Cgo8YnI+CjwvY2VudGVyPgoKPCEtLeKWvOe3qOmbhuS4jeWPry0tPgo8aGVhZD4KPHN0eWxlIHR5cGU9InRleHQvY3NzIj4KPCEtLQphOmhvdmVyIHsKZmlsdGVyOmFscGhhKG9wYWNpdHk9NzUpOwotbW96LW9wYWNpdHk6MC43NTsKb3BhY2l0eTowLjc1Owp9Ci0tPgo8L3N0eWxlPgo8L2hlYWQ+CjwhLS3ilrLnt6jpm4bkuI3lj68tLT4=,4omq44K/44Kk44Ok5Lqk5o+bIOOCueOCv+ODg+ODieODrOOCuSDlpI/jgr/jgqTjg6Tlj47ntI3iiavjgr/jgqTjg6Tjg6njg4Pjgq/jgqvjg5Djg7zjgJTjgr/jgqTjg6Tjgqvjg5Djg7zjgJUgQ1ZQLTU5MCDjgrfjg6vjg5Djg7zjgJTou4rnlKjlk4Eg44Kr44O855So5ZOBIOOCueOCv+ODg+ODieODrOOCuSDlj47ntI0g44K/44Kk44OkIOi7iiDlsYvlpJYg6Zuq6YGT44CV44CQ44Ki44Kk44Oq44K544Kq44O844Ok44Oe44CRICDjgYrjgZfjgoPjgozvvJrkvr/liKnnlJ/mtLvjgIDjg57jgqTjg6vjg7zjg6A=,54mp5bmy44GX44Op44Oz44OJ44Oq44O844Kt44OD44OB44Oz44Kk44Oz44OG44Oq44Ki5LiA5Lq65pqu44KJ44GX5Y+O57SN44Ki44Kk44Oq44K544Kq44O844Ok44Oe44Oh44K/44Or5paw55Sf5rS744Kr44Op44O844Oc44OD44Kv44K544Ov44Oz44Or44O844Og44Op44OD44Kv44OG44Os44OT5Y+w44OG44O844OW44Or44OR44K944Kz44Oz44OH44K544Kv44OB44Kn44K544OI44OZ44OD44OJ5a625YW344Kz44O844OH44Kj44ON44O844OI6Ieq6Lui6LuK4omq44K/44Kk44Ok5Lqk5o+bIOOCueOCv+ODg+ODieODrOOCuSDlpI/jgr/jgqTjg6Tlj47ntI3iiavjgr/jgqTjg6Tjg6njg4Pjgq/jgqvjg5Djg7zjgJTjgr/jgqTjg6Tjgqvjg5Djg7zjgJUgQ1ZQLTU5MCDjgrfjg6vjg5Djg7zjgJTou4rnlKjlk4Eg44Kr44O855So5ZOBIOOCueOCv+ODg+ODieODrOOCuSDlj47ntI0g44K/44Kk44OkIOi7iiDlsYvlpJYg6Zuq6YGT44CV44CQ44Ki44Kk44Oq44K544Kq44O844Ok44Oe44CRICDjgYrjgZfjgoPjgow=,44CA44CC4omq44K/44Kk44Ok5Lqk5o+bIOOCueOCv+ODg+ODieODrOOCuSDlpI/jgr/jgqTjg6Tlj47ntI3iiavjgr/jgqTjg6Tjg6njg4Pjgq/jgqvjg5Djg7zjgJTjgr/jgqTjg6Tjgqvjg5Djg7zjgJUgQ1ZQLTU5MCDjgrfjg6vjg5Djg7zjgJTou4rnlKjlk4Eg44Kr44O855So5ZOBIOOCueOCv+ODg+ODieODrOOCuSDlj47ntI0g44K/44Kk44OkIOi7iiDlsYvlpJYg6Zuq6YGT44CV44CQ44Ki44Kk44Oq44K544Kq44O844Ok44Oe44CRICDjgYrjgZfjgoPjgow=[rn]
21-63106,aHR0cDovL3RzaG9wLnIxMHMuanAvZW5ldHJvb20vY2FiaW5ldC9leHRlcmlvci81MjkxMzIuanBnP2ZpdGluPTcwMDo3MDA=,MTM5Mi44MDAw,,6LuK55So5ZOB44O744OQ44Kk44Kv55So5ZOBID4g44Kr44O855So5ZOBID4g44Ob44Kk44O844Or44O744K/44Kk44Ok5ZGo6L6655So5ZOBID4g44K/44Kk44Ok44Op44OD44Kv44O744Kr44OQ44O8,4omq44K/44Kk44Ok5Lqk5o+bIOOCueOCv+ODg+ODieODrOOCuSDlpI/jgr/jgqTjg6Tlj47ntI3iiavjgr/jgqTjg6Tjg6njg4Pjgq/jgqvjg5Djg7zjgJTjgr/jgqTjg6Tjgqvjg5Djg7zjgJUgQ1ZQLTcxMCDjgrfjg6vjg5Djg7zjgJTou4rnlKjlk4Eg44Kr44O855So5ZOBIOOCueOCv+ODg+ODieODrOOCuSDlj47ntI0g44K/44Kk44OkIOi7iiDlsYvlpJYg6Zuq6YGT44CV44CQ44Ki44Kk44Oq44K544Kq44O844Ok44Oe44CR44CQ6ZmQ5a6a44CRICDjgYrjgZfjgoPjgow=,44CA,44Ki44Kk44Oq44K544Gu44K/44Kk44Ok44Op44OD44Kv77yIVEzjgIFTVEzjgrfjg6rjg7zjgrrvvInjgavjgbTjgaPjgZ/jgorjga7jgqvjg5Djg7zjgafjgZnjgII8YnI+44OZ44Op44Oz44OA44KE5bqt44Gu54mH6ZqF44Gq44Gp44CB6YeO5aSW44Gn5L+d566h44GZ44KL44GT44Go44Gu5aSa44GE44K/44Kk44Ok44KS6Zuo44O76aKo44O75pel5YWJ44GL44KJ5a6I44KL44CB6ICQ5YCZ5p2Q5YWl44KK44Gu44Kr44OQ44O844Gn44GZ44CCPGJyPuijvuOBruODkOOCv+ODhOOCreOCkuaKkeOBiOOCi+ODr+ODs+OCv+ODg+ODgeOBsuOCguatouOCgeS7mOOBjeOBp+OAgeWKo+WMluOBl+OChOOBmeOBhOOCv+OCpOODpOOBruOCtOODoOOCkuOBl+OBo+OBi+OCiuWuiOOCiuOBvuOBmeOAgjxicj48YnI+PGJyPuKXj+WVhuWTgeOCteOCpOOCuu+8muW5hTg1w5flpaXooYw3M8OX6auY44GVMTcwPGJyPjxicj48YnI+4peP6YGp5ZCI44Op44OD44Kv77ya44O744K/44Kk44Ok44Op44OD44Kv77yI44Kr44OQ44O844Gq44GX77yJIFJW6LuK55SoIEtUTC03MTA8YnI+44O744K544OG44Oz44Os44K544K/44Kk44Ok44Op44OD44Kv77yI44Kr44OQ44O844Gq44GX77yJIFJW6LuK55SoIEtTTC03MTA8YnI+44O744K/44Kk44Ok44Op44OD44Kv77yI44Kr44OQ44O85LuY77yJ44CAUlbou4rnlKggS1RMLTcxMEM8YnI+44O744K544OG44Oz44Os44K544K/44Kk44Ok44Op44OD44Kv77yI44Kr44OQ44O85LuY77yJIFJW6LuK55SoIEtTTC03MTBDPGJyPjxicj7il4/kuLvopoHmnZDos6rvvJrjg53jg6rjgqjjgrnjg4bjg6s8YnI+PGJyPjxpbWcgc3JjPWh0dHA6Ly9pbWFnZS5yYWt1dGVuLmNvLmpwL2VuZXRyb29tL2NhYmluZXQvZXZlbnRfd2ViLzEyMTEyNnRpcmVyYWNrLzY2MDE1NWJuMy5qcGcgYm9yZGVyPSIwIj48YnI+PGltZyBzcmM9aHR0cDovL2ltYWdlLnJha3V0ZW4uY28uanAvZW5ldHJvb20vY2FiaW5ldC9ldmVudF93ZWIvMTIxMTI2dGlyZXJhY2svcDcxLmpwZyBib3JkZXI9IjAiPjwhLS08Y2VudGVyPgo8YnI+Cjxmb250IHNpemU9IjYiIGNvbG9yPSJyZWQiPu+8vCDlhYjnnYAyMDDlkI3mp5jvvIE1MDDlhobjgq/jg7zjg53jg7Mg77yPPC9mb250Pjxicj4KCjxpbWcgc3JjPWh0dHA6Ly9pbWFnZS5yYWt1dGVuLmNvLmpwL2VuZXRyb29tL2NhYmluZXQvYmFubmVyLzExMTQtNTAwY291cG9uLmpwZyBib3JkZXI9IjAiIHdpZHRoPSI2NTAiPgo8YnI+PGJyPgoKPGZvbnQgc2l6ZT0iNyIgY29sb3I9InJlZCI+4omq44Kv44O844Od44Oz44Ky44OD44OI44Gv44GT44Gh44KJ44GL44KJ4omrPC9mb250Pjxicj48YnI+PGJyPjxicj4KCjxpbWcgc3JjPSJodHRwOi8vaW1hZ2UucmFrdXRlbi5jby5qcC9lbmV0cm9vbS9jYWJpbmV0L20vbGluZS5qcGciIHdpZHRoPSI2NTAiPjxicj4KPGJyPjxicj48YnI+CgoKPGZvbnQgc2l6ZT0iNiIgY29sb3I9InJlZCI+77y8IOWFiOedgDEwMOWQjeanmO+8gTEwMOWGhuOCr+ODvOODneODsyDvvI88L2ZvbnQ+PGJyPgoKPGltZyBzcmM9aHR0cDovL2ltYWdlLnJha3V0ZW4uY28uanAvZW5ldHJvb20vY2FiaW5ldC9iYW5uZXIvMTExNGNvdXBvbi0xMDAuanBnIGJvcmRlcj0iMCIgd2lkdGg9IjY1MCI+Cjxicj48YnI+Cgo8Zm9udCBzaXplPSI3IiBjb2xvcj0icmVkIj7iiarjgq/jg7zjg53jg7PjgrLjg4Pjg4jjga/jgZPjgaHjgonjgYvjgoniias8L2ZvbnQ+PGJyPjxicj48YnI+PGJyPgoKPGltZyBzcmM9Imh0dHA6Ly9pbWFnZS5yYWt1dGVuLmNvLmpwL2VuZXRyb29tL2NhYmluZXQvbS9saW5lLmpwZyIgd2lkdGg9IjY1MCI+PGJyPi0tPgo8YnI+Cgo8YnI+CjwvY2VudGVyPgoKPCEtLeKWvOe3qOmbhuS4jeWPry0tPgo8aGVhZD4KPHN0eWxlIHR5cGU9InRleHQvY3NzIj4KPCEtLQphOmhvdmVyIHsKZmlsdGVyOmFscGhhKG9wYWNpdHk9NzUpOwotbW96LW9wYWNpdHk6MC43NTsKb3BhY2l0eTowLjc1Owp9Ci0tPgo8L3N0eWxlPgo8L2hlYWQ+CjwhLS3ilrLnt6jpm4bkuI3lj68tLT4=,4omq44K/44Kk44Ok5Lqk5o+bIOOCueOCv+ODg+ODieODrOOCuSDlpI/jgr/jgqTjg6Tlj47ntI3iiavjgr/jgqTjg6Tjg6njg4Pjgq/jgqvjg5Djg7zjgJTjgr/jgqTjg6Tjgqvjg5Djg7zjgJUgQ1ZQLTcxMCDjgrfjg6vjg5Djg7zjgJTou4rnlKjlk4Eg44Kr44O855So5ZOBIOOCueOCv+ODg+ODieODrOOCuSDlj47ntI0g44K/44Kk44OkIOi7iiDlsYvlpJYg6Zuq6YGT44CV44CQ44Ki44Kk44Oq44K544Kq44O844Ok44Oe44CR44CQ6ZmQ5a6a44CRICDjgYrjgZfjgoPjgozvvJrkvr/liKnnlJ/mtLvjgIDjg57jgqTjg6vjg7zjg6A=,54mp5bmy44GX44Op44Oz44OJ44Oq44O844Kt44OD44OB44Oz44Kk44Oz44OG44Oq44Ki5LiA5Lq65pqu44KJ44GX5Y+O57SN44Ki44Kk44Oq44K544Kq44O844Ok44Oe44Oh44K/44Or5paw55Sf5rS744Kr44Op44O844Oc44OD44Kv44K544Ov44Oz44Or44O844Og44Op44OD44Kv44OG44Os44OT5Y+w44OG44O844OW44Or44OR44K944Kz44Oz44OH44K544Kv44OB44Kn44K544OI44OZ44OD44OJ5a625YW344Kz44O844OH44Kj44ON44O844OI6Ieq6Lui6LuK4omq44K/44Kk44Ok5Lqk5o+bIOOCueOCv+ODg+ODieODrOOCuSDlpI/jgr/jgqTjg6Tlj47ntI3iiavjgr/jgqTjg6Tjg6njg4Pjgq/jgqvjg5Djg7zjgJTjgr/jgqTjg6Tjgqvjg5Djg7zjgJUgQ1ZQLTcxMCDjgrfjg6vjg5Djg7zjgJTou4rnlKjlk4Eg44Kr44O855So5ZOBIOOCueOCv+ODg+ODieODrOOCuSDlj47ntI0g44K/44Kk44OkIOi7iiDlsYvlpJYg6Zuq6YGT44CV44CQ44Ki44Kk44Oq44K544Kq44O844Ok44Oe44CR44CQ6ZmQ5a6a44CRICDjgYrjgZfjgoPjgow=,44CA44CC4omq44K/44Kk44Ok5Lqk5o+bIOOCueOCv+ODg+ODieODrOOCuSDlpI/jgr/jgqTjg6Tlj47ntI3iiavjgr/jgqTjg6Tjg6njg4Pjgq/jgqvjg5Djg7zjgJTjgr/jgqTjg6Tjgqvjg5Djg7zjgJUgQ1ZQLTcxMCDjgrfjg6vjg5Djg7zjgJTou4rnlKjlk4Eg44Kr44O855So5ZOBIOOCueOCv+ODg+ODieODrOOCuSDlj47ntI0g44K/44Kk44OkIOi7iiDlsYvlpJYg6Zuq6YGT44CV44CQ44Ki44Kk44Oq44K544Kq44O844Ok44Oe44CR44CQ6ZmQ5a6a44CRICDjgYrjgZfjgoPjgow=[rn]
21-63107,aHR0cDovL3RzaG9wLnIxMHMuanAvZW5ldHJvb20vY2FiaW5ldC9leHRlcmlvci81MjkxNDEuanBnP2ZpdGluPTcwMDo3MDA=,Njg5LjYwMDA=,,6LuK55So5ZOB44O744OQ44Kk44Kv55So5ZOBID4g44Kr44O855So5ZOBID4g44Ob44Kk44O844Or44O744K/44Kk44Ok5ZGo6L6655So5ZOBID4g44K/44Kk44Ok44Op44OD44Kv44O744Kr44OQ44O8,44K/44Kk44Ok44Kr44OQ44O8IFRFLTYwMEUg44K344Or44OQ44O844CQ44Ki44Kk44Oq44K544Kq44O844Ok44Oe44CRICDjgYrjgZfjgoPjgow=,44CA,6Zuo44KE6Zuq44CB44Ob44Kz44Oq44GL44KJ44K/44Kk44Ok44KS5a6I44KL44K/44Kk44Ok44Kr44OQ44O844Gn44GZ44CCPGJyPjxicj7ntKDmnZDjgavkvb/jgo/jgozjgabjgYTjgovjg53jg6rjgqjjgrnjg4bjg6vjga/jgIHplbfmmYLplpPml6XlhYnjgavjgZXjgonjgZfjgabjgoLlvLfjgZXjgYzjgbvjgajjgpPjganlpInjgo/jgorjgb7jgZvjgpPjgII8YnI+44G+44Gf44CB5Ly444Gz57iu44G/44KE5b2i44GP44Ga44KM44GM44G744Go44KT44Gp44Gq44GP44CB5r+h44KM44KE5pGp5pOm44Gr5by344GE57Sg5p2Q44Gn44GZ44CCPGJyPuOCv+OCpOODpOOCkjTmnKzlj47ntI3jgafjgY3jgb7jgZnjgII8YnI+PGJyPjxicj7il4/llYblk4HjgrXjgqTjgrrvvIhjbe+8ie+8muW5hee0hDYww5fpq5jjgZXntIQ4Ne+8iOi7veiHquWLlei7iueUqO+8iTxicj48YnI+4peP5Li76KaB5p2Q6LOq77ya44Od44Oq44Ko44K544OG44OrPGJyPjxicj48aW1nIHNyYz1odHRwOi8vaW1hZ2UucmFrdXRlbi5jby5qcC9lbmV0cm9vbS9jYWJpbmV0L2V2ZW50X3dlYi8xMjExMjZ0aXJlcmFjay82NjAxNTVibjMuanBnIGJvcmRlcj0iMCI+PGJyPjxpbWcgc3JjPWh0dHA6Ly9pbWFnZS5yYWt1dGVuLmNvLmpwL2VuZXRyb29tL2NhYmluZXQvZXZlbnRfd2ViLzEyMTEyNnRpcmVyYWNrL3A3MS5qcGcgYm9yZGVyPSIwIj48IS0tPGNlbnRlcj4KPGJyPgo8Zm9udCBzaXplPSI2IiBjb2xvcj0icmVkIj7vvLwg5YWI552AMjAw5ZCN5qeY77yBNTAw5YaG44Kv44O844Od44OzIO+8jzwvZm9udD48YnI+Cgo8aW1nIHNyYz1odHRwOi8vaW1hZ2UucmFrdXRlbi5jby5qcC9lbmV0cm9vbS9jYWJpbmV0L2Jhbm5lci8xMTE0LTUwMGNvdXBvbi5qcGcgYm9yZGVyPSIwIiB3aWR0aD0iNjUwIj4KPGJyPjxicj4KCjxmb250IHNpemU9IjciIGNvbG9yPSJyZWQiPuKJquOCr+ODvOODneODs+OCsuODg+ODiOOBr+OBk+OBoeOCieOBi+OCieKJqzwvZm9udD48YnI+PGJyPjxicj48YnI+Cgo8aW1nIHNyYz0iaHR0cDovL2ltYWdlLnJha3V0ZW4uY28uanAvZW5ldHJvb20vY2FiaW5ldC9tL2xpbmUuanBnIiB3aWR0aD0iNjUwIj48YnI+Cjxicj48YnI+PGJyPgoKCjxmb250IHNpemU9IjYiIGNvbG9yPSJyZWQiPu+8vCDlhYjnnYAxMDDlkI3mp5jvvIExMDDlhobjgq/jg7zjg53jg7Mg77yPPC9mb250Pjxicj4KCjxpbWcgc3JjPWh0dHA6Ly9pbWFnZS5yYWt1dGVuLmNvLmpwL2VuZXRyb29tL2NhYmluZXQvYmFubmVyLzExMTRjb3Vwb24tMTAwLmpwZyBib3JkZXI9IjAiIHdpZHRoPSI2NTAiPgo8YnI+PGJyPgoKPGZvbnQgc2l6ZT0iNyIgY29sb3I9InJlZCI+4omq44Kv44O844Od44Oz44Ky44OD44OI44Gv44GT44Gh44KJ44GL44KJ4omrPC9mb250Pjxicj48YnI+PGJyPjxicj4KCjxpbWcgc3JjPSJodHRwOi8vaW1hZ2UucmFrdXRlbi5jby5qcC9lbmV0cm9vbS9jYWJpbmV0L20vbGluZS5qcGciIHdpZHRoPSI2NTAiPjxicj4tLT4KPGJyPgoKPGJyPgo8L2NlbnRlcj4KCjwhLS3ilrznt6jpm4bkuI3lj68tLT4KPGhlYWQ+CjxzdHlsZSB0eXBlPSJ0ZXh0L2NzcyI+CjwhLS0KYTpob3ZlciB7CmZpbHRlcjphbHBoYShvcGFjaXR5PTc1KTsKLW1vei1vcGFjaXR5OjAuNzU7Cm9wYWNpdHk6MC43NTsKfQotLT4KPC9zdHlsZT4KPC9oZWFkPgo8IS0t4pay57eo6ZuG5LiN5Y+vLS0+,44K/44Kk44Ok44Kr44OQ44O8IFRFLTYwMEUg44K344Or44OQ44O844CQ44Ki44Kk44Oq44K544Kq44O844Ok44Oe44CRICDjgYrjgZfjgoPjgozvvJrkvr/liKnnlJ/mtLvjgIDjg57jgqTjg6vjg7zjg6A=,54mp5bmy44GX44Op44Oz44OJ44Oq44O844Kt44OD44OB44Oz44Kk44Oz44OG44Oq44Ki5LiA5Lq65pqu44KJ44GX5Y+O57SN44Ki44Kk44Oq44K544Kq44O844Ok44Oe44Oh44K/44Or5paw55Sf5rS744Kr44Op44O844Oc44OD44Kv44K544Ov44Oz44Or44O844Og44Op44OD44Kv44OG44Os44OT5Y+w44OG44O844OW44Or44OR44K944Kz44Oz44OH44K544Kv44OB44Kn44K544OI44OZ44OD44OJ5a625YW344Kz44O844OH44Kj44ON44O844OI6Ieq6Lui6LuK44K/44Kk44Ok44Kr44OQ44O8IFRFLTYwMEUg44K344Or44OQ44O844CQ44Ki44Kk44Oq44K544Kq44O844Ok44Oe44CRICDjgYrjgZfjgoPjgow=,44CA44CC44K/44Kk44Ok44Kr44OQ44O8IFRFLTYwMEUg44K344Or44OQ44O844CQ44Ki44Kk44Oq44K544Kq44O844Ok44Oe44CRICDjgYrjgZfjgoPjgow=[rn]
21-63108,aHR0cDovL3RzaG9wLnIxMHMuanAvZW5ldHJvb20vY2FiaW5ldC9leHRlcmlvci81MjkxNDQuanBnP2ZpdGluPTcwMDo3MDA=,NTcwLjQwMDA=,,6LuK55So5ZOB44O744OQ44Kk44Kv55So5ZOBID4g44Kr44O855So5ZOBID4g44Ob44Kk44O844Or44O744K/44Kk44Ok5ZGo6L6655So5ZOBID4g44K/44Kk44Ok44Op44OD44Kv44O744Kr44OQ44O8,44K/44Kk44Ok44Kr44OQ44O8IFRDUC01NTAg44K344Or44OQ44O844CQ44Ki44Kk44Oq44K544Kq44O844Ok44Oe44CRICDjgYrjgZfjgoPjgow=,44CA,6YeO5aSW44Gn5L+d566h44GX44Gm44GE44KL44K/44Kk44Ok44KS6Zuo44O76aKo44O75pel5YWJ44GL44KJ5a6I44KK44G+44GZ44CCPGJyPuadkOizquOBr+e0q+Wklue3muOBq+W8t+OBhOiAkOWAmeadkOWFpeOCiuOAgjxicj7jgb7jgZ/oo77jga7jg5Djgr/jg4Tjgq3jgpLmipHjgYjjgovjg6/jg7Pjgr/jg4Pjg4HjgbLjgoLmraLjgoHku5jjgY3jgafjgIHjgr/jgqTjg6Tjga7jgrTjg6Djga7liqPljJbjgpLjgZfjgaPjgYvjgorpmLLjgY7jgb7jgZnjgII8YnI+44K/44Kk44Ok44KSNOacrOWPjue0jeOBp+OBjeOBvuOBmeOAgjxicj48YnI+PGJyPuKXj+WVhuWTgeOCteOCpOOCuu+8muW5hTU1LjXDl+mrmOOBlTYz77yI6Lu96Ieq5YuV6LuK44K/44Kk44OX77yJPGJyPjxicj7il4/kuLvopoHmnZDos6rvvJrjg53jg6rjgqjjg4Hjg6zjg7M8YnI+PGJyPjxpbWcgc3JjPWh0dHA6Ly9pbWFnZS5yYWt1dGVuLmNvLmpwL2VuZXRyb29tL2NhYmluZXQvZXZlbnRfd2ViLzEyMTEyNnRpcmVyYWNrLzY2MDE1NWJuMy5qcGcgYm9yZGVyPSIwIj48YnI+PGltZyBzcmM9aHR0cDovL2ltYWdlLnJha3V0ZW4uY28uanAvZW5ldHJvb20vY2FiaW5ldC9ldmVudF93ZWIvMTIxMTI2dGlyZXJhY2svcDcxLmpwZyBib3JkZXI9IjAiPjwhLS08Y2VudGVyPgo8YnI+Cjxmb250IHNpemU9IjYiIGNvbG9yPSJyZWQiPu+8vCDlhYjnnYAyMDDlkI3mp5jvvIE1MDDlhobjgq/jg7zjg53jg7Mg77yPPC9mb250Pjxicj4KCjxpbWcgc3JjPWh0dHA6Ly9pbWFnZS5yYWt1dGVuLmNvLmpwL2VuZXRyb29tL2NhYmluZXQvYmFubmVyLzExMTQtNTAwY291cG9uLmpwZyBib3JkZXI9IjAiIHdpZHRoPSI2NTAiPgo8YnI+PGJyPgoKPGZvbnQgc2l6ZT0iNyIgY29sb3I9InJlZCI+4omq44Kv44O844Od44Oz44Ky44OD44OI44Gv44GT44Gh44KJ44GL44KJ4omrPC9mb250Pjxicj48YnI+PGJyPjxicj4KCjxpbWcgc3JjPSJodHRwOi8vaW1hZ2UucmFrdXRlbi5jby5qcC9lbmV0cm9vbS9jYWJpbmV0L20vbGluZS5qcGciIHdpZHRoPSI2NTAiPjxicj4KPGJyPjxicj48YnI+CgoKPGZvbnQgc2l6ZT0iNiIgY29sb3I9InJlZCI+77y8IOWFiOedgDEwMOWQjeanmO+8gTEwMOWGhuOCr+ODvOODneODsyDvvI88L2ZvbnQ+PGJyPgoKPGltZyBzcmM9aHR0cDovL2ltYWdlLnJha3V0ZW4uY28uanAvZW5ldHJvb20vY2FiaW5ldC9iYW5uZXIvMTExNGNvdXBvbi0xMDAuanBnIGJvcmRlcj0iMCIgd2lkdGg9IjY1MCI+Cjxicj48YnI+Cgo8Zm9udCBzaXplPSI3IiBjb2xvcj0icmVkIj7iiarjgq/jg7zjg53jg7PjgrLjg4Pjg4jjga/jgZPjgaHjgonjgYvjgoniias8L2ZvbnQ+PGJyPjxicj48YnI+PGJyPgoKPGltZyBzcmM9Imh0dHA6Ly9pbWFnZS5yYWt1dGVuLmNvLmpwL2VuZXRyb29tL2NhYmluZXQvbS9saW5lLmpwZyIgd2lkdGg9IjY1MCI+PGJyPi0tPgo8YnI+Cgo8YnI+CjwvY2VudGVyPgoKPCEtLeKWvOe3qOmbhuS4jeWPry0tPgo8aGVhZD4KPHN0eWxlIHR5cGU9InRleHQvY3NzIj4KPCEtLQphOmhvdmVyIHsKZmlsdGVyOmFscGhhKG9wYWNpdHk9NzUpOwotbW96LW9wYWNpdHk6MC43NTsKb3BhY2l0eTowLjc1Owp9Ci0tPgo8L3N0eWxlPgo8L2hlYWQ+CjwhLS3ilrLnt6jpm4bkuI3lj68tLT4=,44K/44Kk44Ok44Kr44OQ44O8IFRDUC01NTAg44K344Or44OQ44O844CQ44Ki44Kk44Oq44K544Kq44O844Ok44Oe44CRICDjgYrjgZfjgoPjgozvvJrkvr/liKnnlJ/mtLvjgIDjg57jgqTjg6vjg7zjg6A=,54mp5bmy44GX44Op44Oz44OJ44Oq44O844Kt44OD44OB44Oz44Kk44Oz44OG44Oq44Ki5LiA5Lq65pqu44KJ44GX5Y+O57SN44Ki44Kk44Oq44K544Kq44O844Ok44Oe44Oh44K/44Or5paw55Sf5rS744Kr44Op44O844Oc44OD44Kv44K544Ov44Oz44Or44O844Og44Op44OD44Kv44OG44Os44OT5Y+w44OG44O844OW44Or44OR44K944Kz44Oz44OH44K544Kv44OB44Kn44K544OI44OZ44OD44OJ5a625YW344Kz44O844OH44Kj44ON44O844OI6Ieq6Lui6LuK44K/44Kk44Ok44Kr44OQ44O8IFRDUC01NTAg44K344Or44OQ44O844CQ44Ki44Kk44Oq44K544Kq44O844Ok44Oe44CRICDjgYrjgZfjgoPjgow=,44CA44CC44K/44Kk44Ok44Kr44OQ44O8IFRDUC01NTAg44K344Or44OQ44O844CQ44Ki44Kk44Oq44K544Kq44O844Ok44Oe44CRICDjgYrjgZfjgoPjgow=[rn]
21-63109,aHR0cDovL3RzaG9wLnIxMHMuanAvZW5ldHJvb20vY2FiaW5ldC9leHRlcmlvci81MjkxNTIuanBnP2ZpdGluPTcwMDo3MDA=,OTE0LjQwMDA=,,6LuK55So5ZOB44O744OQ44Kk44Kv55So5ZOBID4g44Kr44O855So5ZOBID4g44Ob44Kk44O844Or44O744K/44Kk44Ok5ZGo6L6655So5ZOBID4g44K/44Kk44Ok44Op44OD44Kv44O744Kr44OQ44O8,44K/44Kk44Ok44Kr44OQ44O8IFRDRi03MCDjgrfjg6vjg5Djg7zjgJDjgqLjgqTjg6rjgrnjgqrjg7zjg6Tjg57jgJEgIOOBiuOBl+OCg+OCjA==,44CA,6Zuo44KE6Zuq44CB44Ob44Kz44Oq44GL44KJ44K/44Kk44Ok44KS5a6I44KL44K/44Kk44Ok44Kr44OQ44O844Gn44GZ44CCPGJyPuODleOCoeOCueODiuODvOS7mOOBjeOBp+OCv+OCpOODpOOBruedgOiEseOBjOewoeWNmOOBq+WHuuadpeOBvuOBmeOAgjxicj7ntKDmnZDjgavkvb/jgo/jgozjgabjgYTjgovjg53jg6rjgqjjgrnjg4bjg6vjga/jgIHplbfmmYLplpPml6XlhYnjgavjgZXjgonjgZfjgabjgoLlvLfjgZXjga/jgIHjgbvjgajjgpPjganlpInjgo/jgorjgb7jgZvjgpPjgII8YnI+44G+44Gf44CB5Ly444Gz57iu44G/44KE5b2i44GP44Ga44KM44GZ44KL44GT44Go44Gv44G744Go44KT44Gp44Gq44GP44CB5r+h44KM44KE5pGp5pOm44Gr5by344GE57Sg5p2Q44Gn44GZ44CCPGJyPuOCv+OCpOODpOOCkjTmnKzlj47ntI3jgafjgY3jgb7jgZnjgII8YnI+PGJyPjxicj7il4/llYblk4HjgrXjgqTjgrrvvJrluYXntIQ3MMOX6auY44GV57SEMTAw77yI5pmu6YCa5LmX55So6LuK44K/44Kk44OX77yJPGJyPjxicj7il4/kuLvopoHmnZDos6rvvJrjg53jg6rjgqjjgrnjg4bjg6sKPGJyPjxicj48aW1nIHNyYz1odHRwOi8vaW1hZ2UucmFrdXRlbi5jby5qcC9lbmV0cm9vbS9jYWJpbmV0L2V2ZW50X3dlYi8xMjExMjZ0aXJlcmFjay82NjAxNTVibjMuanBnIGJvcmRlcj0iMCI+PGJyPjxpbWcgc3JjPWh0dHA6Ly9pbWFnZS5yYWt1dGVuLmNvLmpwL2VuZXRyb29tL2NhYmluZXQvZXZlbnRfd2ViLzEyMTEyNnRpcmVyYWNrL3A3MS5qcGcgYm9yZGVyPSIwIj48IS0tPGNlbnRlcj4KPGJyPgo8Zm9udCBzaXplPSI2IiBjb2xvcj0icmVkIj7vvLwg5YWI552AMjAw5ZCN5qeY77yBNTAw5YaG44Kv44O844Od44OzIO+8jzwvZm9udD48YnI+Cgo8aW1nIHNyYz1odHRwOi8vaW1hZ2UucmFrdXRlbi5jby5qcC9lbmV0cm9vbS9jYWJpbmV0L2Jhbm5lci8xMTE0LTUwMGNvdXBvbi5qcGcgYm9yZGVyPSIwIiB3aWR0aD0iNjUwIj4KPGJyPjxicj4KCjxmb250IHNpemU9IjciIGNvbG9yPSJyZWQiPuKJquOCr+ODvOODneODs+OCsuODg+ODiOOBr+OBk+OBoeOCieOBi+OCieKJqzwvZm9udD48YnI+PGJyPjxicj48YnI+Cgo8aW1nIHNyYz0iaHR0cDovL2ltYWdlLnJha3V0ZW4uY28uanAvZW5ldHJvb20vY2FiaW5ldC9tL2xpbmUuanBnIiB3aWR0aD0iNjUwIj48YnI+Cjxicj48YnI+PGJyPgoKCjxmb250IHNpemU9IjYiIGNvbG9yPSJyZWQiPu+8vCDlhYjnnYAxMDDlkI3mp5jvvIExMDDlhobjgq/jg7zjg53jg7Mg77yPPC9mb250Pjxicj4KCjxpbWcgc3JjPWh0dHA6Ly9pbWFnZS5yYWt1dGVuLmNvLmpwL2VuZXRyb29tL2NhYmluZXQvYmFubmVyLzExMTRjb3Vwb24tMTAwLmpwZyBib3JkZXI9IjAiIHdpZHRoPSI2NTAiPgo8YnI+PGJyPgoKPGZvbnQgc2l6ZT0iNyIgY29sb3I9InJlZCI+4omq44Kv44O844Od44Oz44Ky44OD44OI44Gv44GT44Gh44KJ44GL44KJ4omrPC9mb250Pjxicj48YnI+PGJyPjxicj4KCjxpbWcgc3JjPSJodHRwOi8vaW1hZ2UucmFrdXRlbi5jby5qcC9lbmV0cm9vbS9jYWJpbmV0L20vbGluZS5qcGciIHdpZHRoPSI2NTAiPjxicj4tLT4KPGJyPgoKPGJyPgo8L2NlbnRlcj4KCjwhLS3ilrznt6jpm4bkuI3lj68tLT4KPGhlYWQ+CjxzdHlsZSB0eXBlPSJ0ZXh0L2NzcyI+CjwhLS0KYTpob3ZlciB7CmZpbHRlcjphbHBoYShvcGFjaXR5PTc1KTsKLW1vei1vcGFjaXR5OjAuNzU7Cm9wYWNpdHk6MC43NTsKfQotLT4KPC9zdHlsZT4KPC9oZWFkPgo8IS0t4pay57eo6ZuG5LiN5Y+vLS0+,44K/44Kk44Ok44Kr44OQ44O8IFRDRi03MCDjgrfjg6vjg5Djg7zjgJDjgqLjgqTjg6rjgrnjgqrjg7zjg6Tjg57jgJEgIOOBiuOBl+OCg+OCjO+8muS+v+WIqeeUn+a0u+OAgOODnuOCpOODq+ODvOODoA==,54mp5bmy44GX44Op44Oz44OJ44Oq44O844Kt44OD44OB44Oz44Kk44Oz44OG44Oq44Ki5LiA5Lq65pqu44KJ44GX5Y+O57SN44Ki44Kk44Oq44K544Kq44O844Ok44Oe44Oh44K/44Or5paw55Sf5rS744Kr44Op44O844Oc44OD44Kv44K544Ov44Oz44Or44O844Og44Op44OD44Kv44OG44Os44OT5Y+w44OG44O844OW44Or44OR44K944Kz44Oz44OH44K544Kv44OB44Kn44K544OI44OZ44OD44OJ5a625YW344Kz44O844OH44Kj44ON44O844OI6Ieq6Lui6LuK44K/44Kk44Ok44Kr44OQ44O8IFRDRi03MCDjgrfjg6vjg5Djg7zjgJDjgqLjgqTjg6rjgrnjgqrjg7zjg6Tjg57jgJEgIOOBiuOBl+OCg+OCjA==,44CA44CC44K/44Kk44Ok44Kr44OQ44O8IFRDRi03MCDjgrfjg6vjg5Djg7zjgJDjgqLjgqTjg6rjgrnjgqrjg7zjg6Tjg57jgJEgIOOBiuOBl+OCg+OCjA==[rn]
21-63110,aHR0cDovL3RzaG9wLnIxMHMuanAvZW5ldHJvb20vY2FiaW5ldC9leHRlcmlvci81MjkxNjEuanBnP2ZpdGluPTcwMDo3MDA=,ODczLjYwMDA=,,6LuK55So5ZOB44O744OQ44Kk44Kv55So5ZOBID4g44Kr44O855So5ZOBID4g44Ob44Kk44O844Or44O744K/44Kk44Ok5ZGo6L6655So5ZOBID4g44K/44Kk44Ok44Op44OD44Kv44O744Kr44OQ44O8,44CQ5Zyo5bqr5Yem5YiG54m55L6h44CRIOOCv+OCpOODpOOCq+ODkOODvCBURS04MzBFIOOCt+ODq+ODkOODvOOAkOOCouOCpOODquOCueOCquODvOODpOODnuOAkSAg44GK44GX44KD44KMIOKXhjI=,44CA,6Zuo44KE6Zuq44CB44Ob44Kz44Oq44GL44KJ44K/44Kk44Ok44KS5a6I44KL44K/44Kk44Ok44Kr44OQ44O844Gn44GZ44CCPGJyPue0oOadkOOBq+S9v+OCj+OCjOOBpuOBhOOCi+ODneODquOCqOOCueODhuODq+OBr+OAgemVt+aZgumWk+aXpeWFieOBq+OBleOCieOBl+OBpuOCguW8t+OBleOBr+OAgeOBu+OBqOOCk+OBqeWkieOCj+OCiuOBvuOBm+OCk+OAgjxicj7jgb7jgZ/jgIHkvLjjgbPnuK7jgb/jgoTlvaLjgY/jgZrjgozjgZnjgovjgZPjgajjga/jgbvjgajjgpPjganjgarjgY/jgIHmv6HjgozjgoTmkanmk6bjgavlvLfjgYTntKDmnZDjgafjgZnjgII8YnI+44K/44Kk44Ok44KSNOacrOWPjue0jeOBp+OBjeOBvuOBmeOAgjxicj48YnI+PGJyPuKXj+WVhuWTgeOCteOCpOOCuu+8muW5hee0hDgzw5flpaXooYzntIQxMjDvvIhSVui7iuOCv+OCpOODl++8iTxicj48YnI+4peP5Li76KaB5p2Q6LOq77ya44Od44Oq44Ko44K544OG44OrPGJyPjxicj48aW1nIHNyYz1odHRwOi8vaW1hZ2UucmFrdXRlbi5jby5qcC9lbmV0cm9vbS9jYWJpbmV0L2V2ZW50X3dlYi8xMjExMjZ0aXJlcmFjay82NjAxNTVibjMuanBnIGJvcmRlcj0iMCI+PGJyPjxpbWcgc3JjPWh0dHA6Ly9pbWFnZS5yYWt1dGVuLmNvLmpwL2VuZXRyb29tL2NhYmluZXQvZXZlbnRfd2ViLzEyMTEyNnRpcmVyYWNrL3A3MS5qcGcgYm9yZGVyPSIwIj48IS0tPGNlbnRlcj4KPGJyPgo8Zm9udCBzaXplPSI2IiBjb2xvcj0icmVkIj7vvLwg5YWI552AMjAw5ZCN5qeY77yBNTAw5YaG44Kv44O844Od44OzIO+8jzwvZm9udD48YnI+Cgo8aW1nIHNyYz1odHRwOi8vaW1hZ2UucmFrdXRlbi5jby5qcC9lbmV0cm9vbS9jYWJpbmV0L2Jhbm5lci8xMTE0LTUwMGNvdXBvbi5qcGcgYm9yZGVyPSIwIiB3aWR0aD0iNjUwIj4KPGJyPjxicj4KCjxmb250IHNpemU9IjciIGNvbG9yPSJyZWQiPuKJquOCr+ODvOODneODs+OCsuODg+ODiOOBr+OBk+OBoeOCieOBi+OCieKJqzwvZm9udD48YnI+PGJyPjxicj48YnI+Cgo8aW1nIHNyYz0iaHR0cDovL2ltYWdlLnJha3V0ZW4uY28uanAvZW5ldHJvb20vY2FiaW5ldC9tL2xpbmUuanBnIiB3aWR0aD0iNjUwIj48YnI+Cjxicj48YnI+PGJyPgoKCjxmb250IHNpemU9IjYiIGNvbG9yPSJyZWQiPu+8vCDlhYjnnYAxMDDlkI3mp5jvvIExMDDlhobjgq/jg7zjg53jg7Mg77yPPC9mb250Pjxicj4KCjxpbWcgc3JjPWh0dHA6Ly9pbWFnZS5yYWt1dGVuLmNvLmpwL2VuZXRyb29tL2NhYmluZXQvYmFubmVyLzExMTRjb3Vwb24tMTAwLmpwZyBib3JkZXI9IjAiIHdpZHRoPSI2NTAiPgo8YnI+PGJyPgoKPGZvbnQgc2l6ZT0iNyIgY29sb3I9InJlZCI+4omq44Kv44O844Od44Oz44Ky44OD44OI44Gv44GT44Gh44KJ44GL44KJ4omrPC9mb250Pjxicj48YnI+PGJyPjxicj4KCjxpbWcgc3JjPSJodHRwOi8vaW1hZ2UucmFrdXRlbi5jby5qcC9lbmV0cm9vbS9jYWJpbmV0L20vbGluZS5qcGciIHdpZHRoPSI2NTAiPjxicj4tLT4KPGJyPgoKPGJyPgo8L2NlbnRlcj4KCjwhLS3ilrznt6jpm4bkuI3lj68tLT4KPGhlYWQ+CjxzdHlsZSB0eXBlPSJ0ZXh0L2NzcyI+CjwhLS0KYTpob3ZlciB7CmZpbHRlcjphbHBoYShvcGFjaXR5PTc1KTsKLW1vei1vcGFjaXR5OjAuNzU7Cm9wYWNpdHk6MC43NTsKfQotLT4KPC9zdHlsZT4KPC9oZWFkPgo8IS0t4pay57eo6ZuG5LiN5Y+vLS0+,44CQ5Zyo5bqr5Yem5YiG54m55L6h44CRIOOCv+OCpOODpOOCq+ODkOODvCBURS04MzBFIOOCt+ODq+ODkOODvOOAkOOCouOCpOODquOCueOCquODvOODpOODnuOAkSAg44GK44GX44KD44KMIOKXhjLvvJrkvr/liKnnlJ/mtLvjgIDjg57jgqTjg6vjg7zjg6A=,54mp5bmy44GX44Op44Oz44OJ44Oq44O844Kt44OD44OB44Oz44Kk44Oz44OG44Oq44Ki5LiA5Lq65pqu44KJ44GX5Y+O57SN44Ki44Kk44Oq44K544Kq44O844Ok44Oe44Oh44K/44Or5paw55Sf5rS744Kr44Op44O844Oc44OD44Kv44K544Ov44Oz44Or44O844Og44Op44OD44Kv44OG44Os44OT5Y+w44OG44O844OW44Or44OR44K944Kz44Oz44OH44K544Kv44OB44Kn44K544OI44OZ44OD44OJ5a625YW344Kz44O844OH44Kj44ON44O844OI6Ieq6Lui6LuK44CQ5Zyo5bqr5Yem5YiG54m55L6h44CRIOOCv+OCpOODpOOCq+ODkOODvCBURS04MzBFIOOCt+ODq+ODkOODvOOAkOOCouOCpOODquOCueOCquODvOODpOODnuOAkSAg44GK44GX44KD44KMIOKXhjI=,44CA44CC44CQ5Zyo5bqr5Yem5YiG54m55L6h44CRIOOCv+OCpOODpOOCq+ODkOODvCBURS04MzBFIOOCt+ODq+ODkOODvOOAkOOCouOCpOODquOCueOCquODvOODpOODnuOAkSAg44GK44GX44KD44KMIOKXhjI=[rn]
21-63111,aHR0cDovL3RzaG9wLnIxMHMuanAvZW5ldHJvb20vY2FiaW5ldC9leHRlcmlvci81MjkxNzMuanBnP2ZpdGluPTcwMDo3MDA=,MzEyLjgwMDA=,,6LuK55So5ZOB44O744OQ44Kk44Kv55So5ZOBID4g44Kr44O855So5ZOBID4g44Ob44Kk44O844Or44O744K/44Kk44Ok5ZGo6L6655So5ZOBID4g44K/44Kk44Ok44Op44OD44Kv44O744Kr44OQ44O8,44K/44Kk44Ok44Kr44OQ44O877yIMeacrOOCv+OCpOODl++8iSBUQ1MtNTUwIOOCt+ODq+ODkOODvOOAkOOCouOCpOODquOCueOCquODvOODpOODnuOAkSAg44GK44GX44KD44KM,44CA,44K/44Kk44Ok44KS5LiA44Gk44Ga44Gk5bCP5YiG44GR44Gr5Y+O57SN44Gn44GN44KL5L6/5Yip44Gq44Kr44OQ44O844Gn44GZ44CCPGJyPuODqeODg+OCr+OCkue9ruOBkeOBquOBhOOCiOOBhuOBquOBoeOCh+OBo+OBqOOBl+OBn+epuuOBjeOCueODmuODvOOCueOCkuWIqeeUqOOBl+OBpuOCv+OCpOODpOOCkuS/neeuoeOBmeOCi+WgtOWQiOOBq+ODlOODg+OCv+ODquOBp+OBmeOAgjxicj7jgb7jgZ/jgIHou4rjgavnqY3jgoDpmpvjgoLjgIHjgYrou4rjgpLmsZrjgZfjgb7jgZvjgpPjgII8YnI+44Ov44Oz44K/44OD44OB44Gy44KC5q2i44KB5LuY44GN44Gn44CB57Ch5Y2Y44Gr44Kr44OQ44O844Gu6KO+44KS57eg44KB44KJ44KM44G+44GZ44CCPGJyPue0q+Wklue3muOBq+W8t+OBhOiAkOWAmeadkOWFpeOCiuOBruOCq+ODkOODvOOBquOBruOBp+OAgembqOODu+miqOOBq+mZkOOCieOBmuOAgeaXpeWFieOBi+OCieOCguOCv+OCpOODpOOCkuWuiOOCiuOAgeOCv+OCpOODpOOBruOCtOODoOOBruWKo+WMluOCkumYsuOBjuOBvuOBmeOAgjxicj7igLvjgZPjgaHjgonjga7llYblk4Hjga8x44OR44OD44Kx44O844K444Gr44Gk44GN44K/44Kk44OkMeacrOWIhuOBruOCq+ODkOODvOOBjOWFpeOBo+OBpuOBiuOCiuOBvuOBmeOAgjxicj48YnI+PGJyPuKXj+WVhuWTgeOCteOCpOOCuu+8iGNt77yJPGJyPuW5hee0hDU1LjXDl+mrmOOBlee0hDI177yI6Lu96Ieq5YuV6LuK44K/44Kk44OX77yJPGJyPjxicj7il4/kuLvopoHmnZDos6rvvJrjg53jg6rjgqjjg4Hjg6zjg7M8YnI+PGJyPuKXj+WPguiAg+OCv+OCpOODpOOCteOCpOOCujxicj4xNDXvvI84MFIxMuOAgTE1Ne+8jzY1UjEz44CBMTU177yPNzBSMTIg44Gq44GpPGJyPuOCv+OCpOODpOW5hee0hDE1LjVjbeS7peS4i+ODu+WkluW+hOe0hDU0LjVjbeS7peS4izxicj48YnI+PGltZyBzcmM9aHR0cDovL2ltYWdlLnJha3V0ZW4uY28uanAvZW5ldHJvb20vY2FiaW5ldC9ldmVudF93ZWIvMTIxMTI2dGlyZXJhY2svNjYwMTU1Ym4zLmpwZyBib3JkZXI9IjAiPjxicj48aW1nIHNyYz1odHRwOi8vaW1hZ2UucmFrdXRlbi5jby5qcC9lbmV0cm9vbS9jYWJpbmV0L2V2ZW50X3dlYi8xMjExMjZ0aXJlcmFjay9wNzEuanBnIGJvcmRlcj0iMCI+PCEtLTxjZW50ZXI+Cjxicj4KPGZvbnQgc2l6ZT0iNiIgY29sb3I9InJlZCI+77y8IOWFiOedgDIwMOWQjeanmO+8gTUwMOWGhuOCr+ODvOODneODsyDvvI88L2ZvbnQ+PGJyPgoKPGltZyBzcmM9aHR0cDovL2ltYWdlLnJha3V0ZW4uY28uanAvZW5ldHJvb20vY2FiaW5ldC9iYW5uZXIvMTExNC01MDBjb3Vwb24uanBnIGJvcmRlcj0iMCIgd2lkdGg9IjY1MCI+Cjxicj48YnI+Cgo8Zm9udCBzaXplPSI3IiBjb2xvcj0icmVkIj7iiarjgq/jg7zjg53jg7PjgrLjg4Pjg4jjga/jgZPjgaHjgonjgYvjgoniias8L2ZvbnQ+PGJyPjxicj48YnI+PGJyPgoKPGltZyBzcmM9Imh0dHA6Ly9pbWFnZS5yYWt1dGVuLmNvLmpwL2VuZXRyb29tL2NhYmluZXQvbS9saW5lLmpwZyIgd2lkdGg9IjY1MCI+PGJyPgo8YnI+PGJyPjxicj4KCgo8Zm9udCBzaXplPSI2IiBjb2xvcj0icmVkIj7vvLwg5YWI552AMTAw5ZCN5qeY77yBMTAw5YaG44Kv44O844Od44OzIO+8jzwvZm9udD48YnI+Cgo8aW1nIHNyYz1odHRwOi8vaW1hZ2UucmFrdXRlbi5jby5qcC9lbmV0cm9vbS9jYWJpbmV0L2Jhbm5lci8xMTE0Y291cG9uLTEwMC5qcGcgYm9yZGVyPSIwIiB3aWR0aD0iNjUwIj4KPGJyPjxicj4KCjxmb250IHNpemU9IjciIGNvbG9yPSJyZWQiPuKJquOCr+ODvOODneODs+OCsuODg+ODiOOBr+OBk+OBoeOCieOBi+OCieKJqzwvZm9udD48YnI+PGJyPjxicj48YnI+Cgo8aW1nIHNyYz0iaHR0cDovL2ltYWdlLnJha3V0ZW4uY28uanAvZW5ldHJvb20vY2FiaW5ldC9tL2xpbmUuanBnIiB3aWR0aD0iNjUwIj48YnI+LS0+Cjxicj4KCjxicj4KPC9jZW50ZXI+Cgo8IS0t4pa857eo6ZuG5LiN5Y+vLS0+CjxoZWFkPgo8c3R5bGUgdHlwZT0idGV4dC9jc3MiPgo8IS0tCmE6aG92ZXIgewpmaWx0ZXI6YWxwaGEob3BhY2l0eT03NSk7Ci1tb3otb3BhY2l0eTowLjc1OwpvcGFjaXR5OjAuNzU7Cn0KLS0+Cjwvc3R5bGU+CjwvaGVhZD4KPCEtLeKWsue3qOmbhuS4jeWPry0tPg==,44K/44Kk44Ok44Kr44OQ44O877yIMeacrOOCv+OCpOODl++8iSBUQ1MtNTUwIOOCt+ODq+ODkOODvOOAkOOCouOCpOODquOCueOCquODvOODpOODnuOAkSAg44GK44GX44KD44KM77ya5L6/5Yip55Sf5rS744CA44Oe44Kk44Or44O844Og,54mp5bmy44GX44Op44Oz44OJ44Oq44O844Kt44OD44OB44Oz44Kk44Oz44OG44Oq44Ki5LiA5Lq65pqu44KJ44GX5Y+O57SN44Ki44Kk44Oq44K544Kq44O844Ok44Oe44Oh44K/44Or5paw55Sf5rS744Kr44Op44O844Oc44OD44Kv44K544Ov44Oz44Or44O844Og44Op44OD44Kv44OG44Os44OT5Y+w44OG44O844OW44Or44OR44K944Kz44Oz44OH44K544Kv44OB44Kn44K544OI44OZ44OD44OJ5a625YW344Kz44O844OH44Kj44ON44O844OI6Ieq6Lui6LuK44K/44Kk44Ok44Kr44OQ44O877yIMeacrOOCv+OCpOODl++8iSBUQ1MtNTUwIOOCt+ODq+ODkOODvOOAkOOCouOCpOODquOCueOCquODvOODpOODnuOAkSAg44GK44GX44KD44KM,44CA44CC44K/44Kk44Ok44Kr44OQ44O877yIMeacrOOCv+OCpOODl++8iSBUQ1MtNTUwIOOCt+ODq+ODkOODvOOAkOOCouOCpOODquOCueOCquODvOODpOODnuOAkSAg44GK44GX44KD44KM[rn]
21-63112,aHR0cDovL3RzaG9wLnIxMHMuanAvamlzbS9jYWJpbmV0LzA1NTMvNDk2NzA5ODc2Nzc5NS5qcGc/Zml0aW49NzAwOjcwMA==,MTA1MDQuODAwMA==,,6LuK55So5ZOB44O744OQ44Kk44Kv55So5ZOBID4g44Kr44O855So5ZOBID4g44Ob44Kk44O844Or44O744K/44Kk44Ok5ZGo6L6655So5ZOBID4g44K/44Kk44Ok44Op44OD44Kv44O744Kr44OQ44O8,NzI1MC00MFNJ44CQ56iO6L6844CRIEJPTkZPUk0g44K/44Kk44Ok44Op44OD44Kv77yI44K344Or44OQ44O877yJIDTmnKznlKgo44K/44Kk44Ok44Kr44OQ44O85LuY44GNKSBbNzI1MDQwU0ld44CQ6L+U5ZOB56iu5YilQeOAkeOAkOmAgeaWmeeEoeaWmeOAkeOAkFJDUOOAkQ==,5YWI552A5pyA5aSnMjAw5YaG44Kv44O844Od44OzKOODq+ODvOODq+OCkuOBlOeiuuiqjeS4i+OBleOBhCnimIU=,5Zyo5bqr54q25rOB77ya4paz5Zyo5bqr5YOF5bCRPGJyPjxicj48YnI+PGZvbnQgY29sb3I9Ymx1ZT7ilqHjgIzov5Tlk4HnqK7liKXjgI3jgavjgaTjgYTjgaboqbPjgZfjgY/jga/jgZPjgaHjgonilqE8L2ZvbnQ+PGJyPjxicj48cD48YnI+PHA+PGJyPuKXhjxiPuOCv+OCpOODpDTmnKzjgpLjg6njgq/jg6njgq/pgYvjgbnjgovjgr/jgqTjg6Tjg6njg4Pjgq/vvIHjgIA8L2I+PGJyPuOCreODo+OCueOCv+ODvOS7mOOBjeOBp+enu+WLlealveOAhTxicj48YnI+4peGPGI+44K/44Kk44Ok44KS5YK344KB44Gq44GE44OR44Kk44OX44Ks44O844OJ5LuYPC9iPjxicj5T772eTOOCteOCpOOCuuOBjOmBqeWQiOWvuOazleOBq+OBquOCiuOBvuOBmeOAgiAo44K/44Kk44Ok5bmFMjQ1bW3jgb7jgacpPGJyPjxicj7ilqDjgIDku5XjgIDmp5jjgIDilqA8dWw+PGxpPuiJsjrjgrfjg6vjg5Djg7w8L2xpPjxsaT7ph43ph48oa2cpOjcuNjwvbGk+PGxpPumBqeWQiDrou73vvaXmma7pgJrou4ovNOODm+ODs+ODqOOCpihTLUwpPC9saT48bGk+5ZOB6LOqOuOCueODgeODvOODqzwvbGk+PC91bD48YnI+PGJyPjxicj4o4oC744GT44Gu6Kqs5piO5paH44Gv5qW95aSp5biC5aC05bqX44Gu6KiY6LyJ5YaF5a6544Gn44GZ44CCVVJM44GvaHR0cDovL2l0ZW0ucmFrdXRlbi5jby5qcC9qaXNtL+OBp+Wni+OBvuOCiuOBvuOBmeOAglVSTOOBjOeVsOOBquOCi+mam+OBr+OCteOCpOODiOOCkuWIqeeUqOOBmeOCi+OBk+OBqOOBruOBquOBhOOCiOOBhuWNgeWIhuOBlOazqOaEj+OBj+OBoOOBleOBhOOAgik8dGFibGUgd2lkdGg9IjYwMCIgYm9yZGVyPTAgY2VsbHBhZGRpbmc9NSBjZWxsc3BhY2luZz0wIGJnY29sb3I9IiNGMEVERTQiPjx0cj48dGQgYWxpZ249ImNlbnRlciIgYmdjb2xvcj0iI0JCQTA0RSI+Cjx0YWJsZSB3aWR0aD0iNTkwIiBib3JkZXI9MCBjZWxscGFkZGluZz0yIGNlbGxzcGFjaW5nPTEgYmdjb2xvcj0iI0YwRURFNCIgc3VtbWFyeT0iIiBzdHlsZT0iZm9udC1zaXplOjEycHg7Ij48dHI+PHRkPuOBiuOBmeOBmeOCgeOCq+ODhuOCtOODquODvOOAgO+8muOAgOOCqOOCouOCs+ODs+OAgOODu+OAgOWKoOa5v+WZqOOAgOODu+OAgOWGt+iUteW6q+OAgOODu+OAgOODm+ODg+ODiOOCq+ODvOODmuODg+ODiOOAgOODu+OAgOW4g+Wbo+S5vueHpeapnzwvdGQ+PC90cj48dHI+PHRkIGFsaWduPSJjZW50ZXIiPuOCtOODq+ODleODnOODvOODq+OAgOODu+OAgOaOg+mZpOapn+ODu+OCr+ODquODvOODiuODvOOAgOODu+OAgO+8tO+8tuOCsuODvOODoOOAgOODu+OAgOmbu+axoOOAgOODu+OAgOWFhembu+axoOODu+WFhembu+WZqOOAgOODu+OAgOODqeODg+ODlOODs+OCsOiiiwo8L3RkPjwvdHI+PC90YWJsZT4KPC90ZD48L3RyPjwvdGFibGU+PGJyPg==,NzI1MC00MFNJ44CQ56iO6L6844CRIEJPTkZPUk0g44K/44Kk44Ok44Op44OD44Kv77yI44K344Or44OQ44O877yJIDTmnKznlKgo44K/44Kk44Ok44Kr44OQ44O85LuY44GNKSBbNzI1MDQwU0ld44CQ6L+U5ZOB56iu5YilQeOAkeOAkOmAgeaWmeeEoeaWmeOAkeOAkFJDUOOAke+8mkpvc2hpbiB3ZWIg5a626Zu744GoUEPjga7lpKflnovlsILploDlupc=,5a626Zu744OR44K944Kz44OzQVbmqZ/lmajpq5jntJrjgqrjg7zjg4fjgqPjgqrjg5vjg5Pjg7zjgYrjgoLjgaHjgoPjgrLjg7zjg6DpiYTpgZPmqKHlnovmmYLoqIhQQ+ODhuODrOODk+ODrOOCs+ODvOODgOODvOmbkeiyqOaooeWei+WGt+iUteW6q+a0l+a/r+apn+OCqOOCouOCs+ODs2dhbWVob2JieWNvbXB1dGVyNzI1MC00MFNJ44CQ56iO6L6844CRIEJPTkZPUk0g44K/44Kk44Ok44Op44OD44Kv77yI44K344Or44OQ44O877yJIDTmnKznlKgo44K/44Kk44Ok44Kr44OQ44O85LuY44GNKSBbNzI1MDQwU0ld44CQ6L+U5ZOB56iu5YilQeOAkeOAkOmAgeaWmeeEoeaWmeOAkeOAkFJDUOOAkQ==,5YWI552A5pyA5aSnMjAw5YaG44Kv44O844Od44OzKOODq+ODvOODq+OCkuOBlOeiuuiqjeS4i+OBleOBhCnimIXjgII3MjUwLTQwU0njgJDnqI7ovrzjgJEgQk9ORk9STSDjgr/jgqTjg6Tjg6njg4Pjgq/vvIjjgrfjg6vjg5Djg7zvvIkgNOacrOeUqCjjgr/jgqTjg6Tjgqvjg5Djg7zku5jjgY0pIFs3MjUwNDBTSV3jgJDov5Tlk4HnqK7liKVB44CR44CQ6YCB5paZ54Sh5paZ44CR44CQUkNQ44CR[rn]
21-63113,aHR0cDovL3RzaG9wLnIxMHMuanAva29uZy9jYWJpbmV0LzAwMDAwMjY1MDAvMjY4NDEuanBnP2ZpdGluPTcwMDo3MDA=,NDU5Mi44MDAw,,6LuK55So5ZOB44O744OQ44Kk44Kv55So5ZOBID4g44Kr44O855So5ZOBID4g44Ob44Kk44O844Or44O744K/44Kk44Ok5ZGo6L6655So5ZOBID4g44K/44Kk44Ok44Op44OD44Kv44O744Kr44OQ44O8,VE9LVUUgc2lzdW5lciDjgrPjg7Pjg5fjg6zjgrnjg5XjgqPjg4Pjg4jvvIgxNOOCpOODs+ODgei/hOeUqO+8iSAx5Y+w5YiG77yaNOaemuWFpeOCiiAgW1RLLUNGU1ZTXQ==,44CQ5YWo5Zu96YCB5paZ54Sh5paZ44CR44CA44CA,PHRhYmxlIHdpZHRoPSI1NzYiIGJvcmRlcj0iMCIgYWxpZ249ImNlbnRlciIgY2VsbHBhZGRpbmc9IjAiIGNlbGxzcGFjaW5nPSIwIj4KPHRyPgo8dGQ+CjxpbWcgc3JjPSJodHRwOi8vaW1hZ2UucmFrdXRlbi5jby5qcC9rb25nL2NhYmluZXQvaGUwMDAxL2ltZzAwMDAwMDE5NzEuanBnIiB3aWR0aD0iNTkwIiBoZWlnaHQ9IjY3OSI+PGJyPgo8aW1nIHNyYz0iaHR0cDovL2ltYWdlLnJha3V0ZW4uY28uanAva29uZy9jYWJpbmV0L2hlMDAwMS9pbWcwMDAwMDAxOTcyLmpwZyIgd2lkdGg9IjU5MCIgaGVpZ2h0PSIxNjciPjxicj4KCjwvdGQ+CjwvdHI+CjwvdGFibGU+PHRhYmxlIHdpZHRoPSI1NzYiIGJvcmRlcj0iMCIgYWxpZ249ImNlbnRlciIgY2VsbHBhZGRpbmc9IjAiIGNlbGxzcGFjaW5nPSIwIj4KPHRyPgo8dGQ+Cjx0YWJsZSB3aWR0aD0iMTAwJSIgYm9yZGVyPSIwIiBjZWxsc3BhY2luZz0iMCIgY2VsbHBhZGRpbmc9IjMiIHN0eWxlPSJmb250LXNpemU6MTJweDtjb2xvcjojMzMzMzMzOyI+Cjx0ciB2YWxpZ249InRvcCI+Cjx0ZCBjb2xzcGFuPSIyIj4mbmJzcDs8L3RkPgo8L3RyPiAgICAgICAgCjx0ciB2YWxpZ249InRvcCI+IAo8dGQgY29sc3Bhbj0iMiI+PGIgc3R5bGU9ImZvbnQtc2l6ZToxMnB4Ij7nsKHljZjlkLjlvJXjgafjgr/jgqTjg6Tlj47ntI3vvIE8L2I+PGJyPjxicj48L3RkPgo8L3RyPgo8dHIgdmFsaWduPSJ0b3AiPiAKPHRkIHdpZHRoPSIxJSI+44O7PC90ZD4KPHRkPuacrOS9k+ODkOODq+ODluOBq+aOg+mZpOapn+OCkuOBguOBpuewoeWNmOOBq+OCv+OCpOODpOOCkuecn+epuuODkeODg+OCr++8gTwvdGQ+CjwvdHI+Cjx0ciB2YWxpZ249InRvcCI+IAo8dGQgd2lkdGg9IjElIj7jg7s8L3RkPgo8dGQ+44K/44Kk44Ok44Gu44OL44Kq44Kk44KE5rGa44KM44KS5rCX44Gr44Gb44Ga44CB5a6244Gu5Lit44Gn44KC5a6J5b+D44GX44Gm5Y+O57SN44Gn44GN44G+44GZ44CCPC90ZD4KPC90cj4KPHRyIHZhbGlnbj0idG9wIj4gCjx0ZCB3aWR0aD0iMSUiPuODuzwvdGQ+Cjx0ZD7jgqrjgr7jg7PjgoTntKvlpJbnt5rjgpLpga7jgorjgr/jgqTjg6Tjga7liqPljJbjgpLmipHjgYjjgrXjg5PjgoTjgqvjg5Pjgarjganjg5vjgqTjg7zjg6vjga7ohZDpo5/jgpLpmLLjgY7jgb7jgZnjgII8L3RkPgo8L3RyPgo8dHIgdmFsaWduPSJ0b3AiPiAKPHRkIHdpZHRoPSIxJSI+44O7PC90ZD4KPHRkPue5sOOCiui/lOOBl+S9v+OBiOOBpuOCqOOCs+ODjuODn+ODvO+8huOCqOOCs+ODreOCuOODvOOBp+OBmeOAgjwvdGQ+CjwvdHI+CjwvdGFibGU+Cjx0YWJsZSB3aWR0aD0iMTAwJSIgYm9yZGVyPSIwIiBjZWxscGFkZGluZz0iNCIgY2VsbHNwYWNpbmc9IjEiIHN0eWxlPSJmb250LXNpemU6MTJweDtjb2xvcjojMzMzMzMzOyI+Cjx0cj4KPHRkPiZuYnNwOzwvdGQ+CjwvdHI+Cjx0cj4gCjx0ZD7ilqDjgZPjga7llYblk4Hjga7jg5Djg6rjgqjjg7zjgrfjg6fjg7MKPGhyIHNpemU9IjEiPgo8L3RkPgo8L3RyPgo8dHIgYmdjb2xvcj0iI0VGRUZFRiI+Cjx0ZD4KPHRhYmxlIHdpZHRoPSIxMDAlIiBjZWxsc3BhY2luZz0iMCIgc3R5bGU9ImZvbnQtc2l6ZToxMnB4OyI+PHRyPgo8dGQ+PGltZyBzcmM9Imh0dHA6Ly90aHVtYm5haWwuaW1hZ2UucmFrdXRlbi5jby5qcC9AMF9tYWxsL2tvbmcvY2FiaW5ldC8wMDAwMDI2NTAwLzI2ODQwLmpwZz9fZXg9MzV4MzUmcz0yJnI9MSIgYWxpZ249ImFic21pZGRsZSI+44Kz44Oz44OX44Os44K544OV44Kj44OD44OI77yIMTXvvZ4yMOOCpOODs+ODgeeUqO+8iSAx5Y+w5YiG77yaNOaemuWFpeOCiiBbVEstQ0ZTVjFdPC90ZD4KPHRkIGFsaWduPSJyaWdodCI+XDY0MDAo56iO6L68KTwvdGQ+CjwvdHI+PC90YWJsZT4KPC90ZD4KPC90cj4KPC90YWJsZT4KPGJyPgo8dGFibGUgd2lkdGg9IjEwMCUiIGJvcmRlcj0iMCIgY2VsbHBhZGRpbmc9IjMiIGNlbGxzcGFjaW5nPSIxIiBiZ2NvbG9yPSIjNjY2NjY2IiBzdHlsZT0iZm9udC1zaXplOjEycHg7Y29sb3I6IzMzMzMzMzsiPgo8dHI+IAo8dGQgY29sc3Bhbj0iMiIgc3R5bGU9ImNvbG9yOiNGRkZGRkY7Ij7ilqDku5Xmp5g8L3RkPgo8L3RyPgo8dHI+IAo8dGQgd2lkdGg9IjIwJSIgYmdjb2xvcj0iI0NDQ0NDQyI+6YGp5ZCI44K144Kk44K6PC90ZD4KPHRkICBiZ2NvbG9yPSIjRkZGRkZGIj4xNOOCpOODs+ODgeS7peS4i++8iOKAu+WFqOOCteOCpOOCuuS9v+eUqOWPr++8iTwvdGQ+CjwvdHI+Cjx0cj4gCjx0ZCB3aWR0aD0iMjAlIiBiZ2NvbG9yPSIjQ0NDQ0NDIj7jgqvjg6njg7w8L3RkPgo8dGQgIGJnY29sb3I9IiNGRkZGRkYiPuOCt+ODq+ODkOODvDwvdGQ+CjwvdHI+Cjx0cj4gCjx0ZCB3aWR0aD0iMjAlIiBiZ2NvbG9yPSIjQ0NDQ0NDIj7jgrXjgqTjgro8L3RkPgo8dGQgIGJnY29sb3I9IiNGRkZGRkYiPjkwMMOXOTg2NW1tLzHmnpo8L3RkPgo8L3RyPgo8dHI+IAo8dGQgd2lkdGg9IjIwJSIgYmdjb2xvcj0iI0NDQ0NDQyI+57Sg5p2QPC90ZD4KPHRkICBiZ2NvbG9yPSIjRkZGRkZGIj7jgrfjg7zjg4jvvJpMTERQReOAgU9OWeOAgDxicj7jg5Djg6vjg5bjg7vjgrnjg6njgqTjg4Djg7zvvJpQUDwvdGQ+CjwvdHI+CjwvdGFibGU+Cjx0YWJsZSB3aWR0aD0iMTAwJSIgYm9yZGVyPSIwIiBjZWxscGFkZGluZz0iMyIgY2VsbHNwYWNpbmc9IjEiIGJnY29sb3I9IiM2NjY2NjYiIHN0eWxlPSJmb250LXNpemU6MTJweDtjb2xvcjojMzMzMzMzOyI+Cjx0cj4KPHRkIGNvbHNwYW49IjQiIHN0eWxlPSJjb2xvcjojRkZGRkZGIj7ilqDllYblk4HlhoXlrrk8L3RkPgo8L3RyPgo8dHI+Cjx0ZCBjb2xzcGFuPSI0IiBiZ2NvbG9yPSIjRkZGRkZGIj4KPHRhYmxlIHdpZHRoPSIxMDAlIiBib3JkZXI9IjAiIGNlbGxzcGFjaW5nPSIwIiBjZWxscGFkZGluZz0iMiIgc3R5bGU9ImZvbnQtc2l6ZToxMnB4O2NvbG9yOiMzMzMzMzM7Ij4KPHRyIHZhbGlnbj0idG9wIiBzdHlsZT0iZm9udC1zaXplOjEwcHg7Ij4gCjx0ZCB3aWR0aD0iMSUiPuODuzwvdGQ+Cjx0ZCB3aWR0aD0iMzMlIj406KKL5YWl44KK77yI77yR5Y+w5YiG77yJPC90ZD4KPC90YWJsZT4KPC90ZD4KPC90cj4KPC90YWJsZT4KPHRhYmxlIHdpZHRoPSIxMDAlIiBib3JkZXI9IjAiIGNlbGxzcGFjaW5nPSIwIiBjZWxscGFkZGluZz0iMiIgc3R5bGU9ImZvbnQtc2l6ZToxMnB4O2NvbG9yOiNGRjAwMDA7Ij4KPHRyPiAKPHRkIGNvbHNwYW49IjIiPiZuYnNwOzwvdGQ+CjwvdHI+Cjx0cj4gCjx0ZCBjb2xzcGFuPSIyIj7jgJDjgZTms6jmhI/jgJE8L3RkPgo8L3RyPgo8dHIgdmFsaWduPSJ0b3AiPiAKPHRkIHdpZHRoPSIxJSI+4oC7PC90ZD4KPHRkPuOBlOizvOWFpeWJjeOBq+W/heOBmumBqeWQiOOCteOCpOOCuuOCkuOBlOeiuuiqjeOBj+OBoOOBleOBhOOAguOCteOCpOOCuumWk+mBleOBiOetieOBq+OCiOOCi+S6pOaPm+ODu+i/lOWTgeOBr+S4gOWIh+OBiuWPl+OBkeOBp+OBjeOBvuOBm+OCk+OAgjwvdGQ+CjwvdHI+Cjx0ciB2YWxpZ249InRvcCI+IAo8dGQgd2lkdGg9IjElIj7igLs8L3RkPgo8dGQ+6ICQ5LmF5oCn44Gv5L2/55So55Kw5aKD44Gr44KI44Gj44Gm55Ww44Gq44KK44G+44GZ44CCPC90ZD4KPC90cj4KPC90YWJsZT4KPHRhYmxlIHdpZHRoPSIxMDAlIiBib3JkZXI9IjAiIGNlbGxzcGFjaW5nPSIwIiBjZWxscGFkZGluZz0iMiIgc3R5bGU9ImZvbnQtc2l6ZToxcHg7Y29sb3I6I0ZGRkZGRjt0YWJsZS1sYXlvdXQ6Zml4ZWQ7Ij4KPHRyPiAKPHRkPgpjb21wcmVzc2ZpdCxjb21wcmVzcyxmaXQs5b6z6YeNLOagquW8j+S8muekvuW+s+mHjSzjgr/jgqTjg6Tjgqvjg5Djg7ws5Zyn57iu6KKLLOS/neeuoSzjgr/jgqTjg6Tjg6njg4Pjgq8s55yf56m6LFRLQ0ZTVlMs44CQc210Yi1G44CRCjwvdGQ+CjwvdHI+CjwvdGFibGU+CjwvdGQ+CjwvdHI+CjwvdGFibGU+PCEtLWNhbXBhaWduIGZyb20gaGVyZeODvC0tPg==,VE9LVUUgc2lzdW5lciDjgrPjg7Pjg5fjg6zjgrnjg5XjgqPjg4Pjg4jvvIgxNOOCpOODs+ODgei/hOeUqO+8iSAx5Y+w5YiG77yaNOaemuWFpeOCiiAgW1RLLUNGU1ZTXe+8mu+8q++8r++8ru+8pyZyc3F1bzvvvZPmpb3lpKnluILloLTlupc=,VEVSWk/jg6vjg7zjg5Xjg5zjg4Pjgq/jgrlJTk5P44Kt44Oj44Oq44Ki44OQ44Or44OW44OP44Ot44Ky44OzSElE44OV44Kp44Kw44Op44Oz44OX44Oc44OH44KjIOOCq+ODkOODvOODnOODs+ODjeODg+ODiCDjgqvjg5Djg7zjg6zjg7zjgrfjg7PjgrAg44OX44Op44Kw55m654KO562S44OP44Oz44OJ44Or44Kr44OQ44O8UElBQUlQRkJsdWV0b290aE5HS+OCqOODvOODouODs+OCouODqeODh+ODs+ODkOODg+ODhuODquODvCDlhYXpm7vlmahUT0tVRSBzaXN1bmVyIOOCs+ODs+ODl+ODrOOCueODleOCo+ODg+ODiO+8iDE044Kk44Oz44OB6L+E55So77yJIDHlj7DliIbvvJo05p6a5YWl44KKICBbVEstQ0ZTVlNd,44CQ5YWo5Zu96YCB5paZ54Sh5paZ44CR44CA44CA44CCVE9LVUUgc2lzdW5lciDjgrPjg7Pjg5fjg6zjgrnjg5XjgqPjg4Pjg4jvvIgxNOOCpOODs+ODgei/hOeUqO+8iSAx5Y+w5YiG77yaNOaemuWFpeOCiiAgW1RLLUNGU1ZTXQ==[rn]
21-63114,aHR0cDovL3RzaG9wLnIxMHMuanAvc2hvcHdvcmxkL2NhYmluZXQvMDIzOTkwOTgvMTAxMzU2MjRzLmpwZz9maXRpbj03MDA6NzAw,MjY0MC4wMDAw,,6LuK55So5ZOB44O744OQ44Kk44Kv55So5ZOBID4g44Kr44O855So5ZOBID4g44Ob44Kk44O844Or44O744K/44Kk44Ok5ZGo6L6655So5ZOBID4g44K/44Kk44Ok44Op44OD44Kv44O744Kr44OQ44O8,44CQ6YCB5paZ54Sh5paZ44CRIOOCv+OCpOODpOODqeODg+OCryDjgqvjg5Djg7zku5gg44Kt44Oj44K544K/44O85LuY44GNIDTmnKwg5qiq572u44GN44CA6Lu96Ieq5YuV6LuKIOiAkOiNt+mHjTEwMGtnIOe1hOeri+W8jyDlubPnqY3jgb/lnosg44Kt44Oj44K544K/44O8IOOCv+OCpOODpOOCq+ODkOODvCDku5jjgY0g5bCP5Z6L6Ieq5YuV6LuKIOWPjue0jSDnnIHjgrnjg5rjg7zjgrkg44K544Oa44KiIOOCueOCv+ODs+ODiSDmqKrnva4g44Kz44Oz44OR44Kv44OIIOS/neeuoSDjgqvjg5Djg7wg57im572u,56e75YuV5L6/5Yip44Gq44Kt44Oj44K544K/44O85LuY44GN44K/44Kk44Ok44Gu5Yqj5YyW44KS5oqR44GI44KL5a6J5b+D6Kit6KiI,PENFTlRFUj4KPGltZyBzcmM9Imh0dHA6Ly9pbWFnZS5yYWt1dGVuLmNvLmpwL3Nob3B3b3JsZC9jYWJpbmV0LzAyMzk5MDk4L2ltZ3JjMDA2ODA5Mzk0Mi5qcGciPjxicj48YnI+CjxpbWcgc3JjPSJodHRwOi8vaW1hZ2UucmFrdXRlbi5jby5qcC9zaG9wd29ybGQvY2FiaW5ldC8wMjM5OTA5OC9pbWdyYzAwNjgwOTM5NDMuanBnIj48YnI+PGJyPgo8aW1nIHNyYz0iaHR0cDovL2ltYWdlLnJha3V0ZW4uY28uanAvc2hvcHdvcmxkL2NhYmluZXQvMDQwOTAxMDYvMDQwOTAxMTEvMTAxMzM1MzlfMS5qcGciPjxicj48YnI+CjxpbWcgc3JjPSJodHRwOi8vaW1hZ2UucmFrdXRlbi5jby5qcC9zaG9wd29ybGQvY2FiaW5ldC8wMjM5OTA5OC9pbWdyYzAwNjgwOTQwNTIuanBnIj48YnI+Cgo8dGFibGUgd2lkdGg9IjYwMCIgYm9yZGVyPSIwIj4KPHRyPjx0ZD48aHI+PGI+NOacrOWPjue0je+8geOCreODo+OCueOCv+ODvO+8huOCv+OCpOODpOOCq+ODkOODvOS7mOOBjTxicj4K57WE56uL5byPIOW5s+epjeOBv+WeiyDjgr/jgqTjg6Tjg6njg4Pjgq88L2I+PEJSPgo8QlI+Cjxmb250IHNpemU9IjIiPjxicj48c3Ryb25nPuW5s+epjeOBv+OBp+epjeOBv+S4iuOBkuOCi+OBruOBp+OCs+ODs+ODkeOCr+ODiOOBq+WPjue0jU9LPGJyPgrjgr/jgqTjg6Tjga7liqPljJbjgpLmipHjgYjjgovlronlv4PoqK3oqIg8QlI+Cjwvc3Ryb25nPgo8QlI+Cgrkvb/jgo/jgarjgYTjgr/jgqTjg6Tjga7kv53nrqHjgoTnva7jgY3loLTmiYDjgavlm7DjgaPjgZ/jgZPjgajjga/jgYLjgorjgb7jgZvjgpPjgYvvvJ88YnI+CuOBneOCk+OBquaZguOBr+i7veODu+Wwj+Wei+iHquWLlei7iueUqOOBrue4pue9ruWei+OCv+OCpOODpOODqeODg+OCr+OBp+WPjue0jeOBleOBm+OBvuOBl+OCh+OBhuOAgjxicj4K44GT44Gu44K/44Kk44Ok44Op44OD44Kv44Gv44K/44Kk44Ok44Go44K/44Kk44Ok44Gu6ZaT6ZqU44KS56m644GR44KL44GT44Go44Gn5YK344KB44Ga44Gr5Y+O57SN44GZ44KL44GT44Go44GM44Gn44GN44G+44GZ44CCPGJyPgo8YnI+CjxiPuS/neeuoeOChOenu+WLleOCguewoeWNmDwvYj48YnI+CuOCv+OCpOODpOOCkjTmnKzlj47ntI3jgafjgY3jgovnuKbnva7lnovjgarjga7jgafni63jgYTloLTmiYDjgavjgoLkv53nrqHjgafjgY3jgIHkvZzmpa3jgrnjg5rjg7zjgrnjga7norrkv53jgYzjgafjgY3jgb7jgZnjgII8YnI+CuOBvuOBn+OAgeOCreODo+OCueOCv+ODvOS7mOOBjeOBquOBruOBp+enu+WLleOCguODqeOCr+ODqeOCr+OBp+OBmeOAgjxicj4KPGJyPgo8Yj7jgr/jgqTjg6Tjga7liqPljJbjgpLpmLLmraI8L2I+PGJyPgrntKvlpJbnt5rjgavjgojjgovliqPljJbjgoTjgbvjgZPjgornrYnjgavjgojjgovmsZrjgozjgafjgIE8YnI+CuOCv+OCpOODpOijvemAoOaZguOBq+aAp+iDveOCkue2reaMgeOBmeOCi+OBn+OCgeOBq+WQq+OBvuOBm+OBn+ayueOBjOaKnOOBkeOAgeehrOOBj+OBquOBo+OBpuOBl+OBvuOBhOOBvuOBmeOAgjxicj4K44K/44Kk44Ok44Kr44OQ44O85LuY44GN44Gq44Gu44Gn44K/44Kk44Ok44KS5Yqj5YyW44GV44Gb44KL44Gu44KS6Ziy5q2i44GX44G+44GZ44CCCjxCUj48QlI+PEJSPgoKPEI+44CQ5ZWG5ZOB6Kmz57Sw44CRPC9CPjxCUj4K44K144Kk44K677ya77yI57SE77yJNDXDlzQ1w5cxMTZjbTxicj4K6YeN6YeP77ya77yI57SE77yJNC4za2c8YnI+CuadkOizqu+8mjxicj4K5pys5L2TIOOCueODgeODvOODq++8iOODneODquOCqOOCueODhuODq+Whl+ijhe+8iTxicj4K5Zu65a6a44OR44O844OEIEFCU+aoueiEgiAvIOODneODquOCqOOCueODhuODqyAvIOOCueODgeODvOODqzxicj4K44K/44Kk44Ok44Kr44OQ44O8IOODneODquOCqOODgeODrOODszxicj4K6ICQ6I236YeN77ya5pyA5aSnMTAwa2c8YnI+CuaQrei8ieOCv+OCpOODpOaVsO+8mjTmnKw8YnI+CuS7mOWxnuWTge+8muOCreODo+OCueOCv+ODvCAvIOOCv+OCpOODpOOCq+ODkOODvDxicj4K44K/44Kk44Ok5bmF77ya5pyA5aSnMjIuNWNtPGJyPgrigLvjgr/jgqTjg6Tjga/ku5jlsZ7jgZfjgabjgYrjgorjgb7jgZvjgpPjgIIKPC9mb250PjwvdGQ+PC90cj4KPHRyPjx0ZD48aHI+PC90ZD48L3RyPgo8dHI+Cjx0ZD48Zm9udCBjb2xvcj0iIzAwMDAwMCIgc2l6ZT0iMiI+CuKAu+OBk+OBoeOCieOBr+KAu+OBk+OBoeOCieOBrzxhIGhyZWY9Imh0dHA6Ly93d3cucmFrdXRlbi5jby5qcC9zaG9wd29ybGQvaW5mby5odG1sIj4K6Ly45YWl5ZWG5ZOBPC9hPuOBqOOBquOCiuOBvuOBmeOAguOBlOazqOaWh+WJjeOBq+W/heOBmjxhIGhyZWY9Imh0dHA6Ly93d3cucmFrdXRlbi5jby5qcC9zaG9wd29ybGQvaW5mby5odG1sIj7ms6jmhI/kuovpoIU8L2E+44KS44GU56K66KqN5LiL44GV44GE44CCPGJyPgrigLvjg6Ljg4vjgr/jg7zjgoTnkrDlooPjgavjgojjgorjgIHoibLjga7opovjgYjmlrnjgYzlrp/pmpvjga7llYblk4HjgajnlbDjgarjgovloLTlkIjjgYzjgZTjgZbjgYTjgb7jgZnjgII8YnI+CuKAu+OBlOazqOaWh+OBjOmbhuS4reOBl+OBn+WgtOWQiOOAgeeJqea1geWAieW6q+OBrua3t+mbkeetieOBq+OCiOOCiuOAgeeZuumAgeOBjOmBheOCjOOCi+WgtOWQiOOBjOOBlOOBluOBhOOBvuOBmeOAgjxCUj4K4oC744GU5biM5pyb44Gu6YWN6YGU5pel5pmC44Gr44GK5bGK44GR5Ye65p2l44Gq44GE5aC05ZCI44GM44GU44GW44GE44G+44GZ44Gu44Gn44CB5LqI44KB44GU5LqG5om/5LiL44GV44GE44CCPGJyPgrigLvkuI3mraPos7zlhaXjgajliKTmlq3jgZfjgZ/loLTlkIjjgavjga/jgZTms6jmlofjgpLlj5bjgormtojjgZfjgZXjgZvjgabpoILjgY/lj6/og73mgKfjgYzjgZTjgZbjgYTjgb7jgZnjgII8L2ZvbnQ+PC90YWJsZT4KPC9DRU5URVI+CjwhLS3morHljIXjgavjgaTjgYTjgaYtLT48YnI+PGNlbnRlcj48YSB0YXJnZXQ9Il9ibGFuayIgaHJlZj0iaHR0cDovL2l0ZW0ucmFrdXRlbi5jby5qcC9zaG9wd29ybGQvYy8wMDAwMDAwNzcyLyI+PGltZyBzcmM9Imh0dHA6Ly9pbWFnZS5yYWt1dGVuLmNvLmpwL3Nob3B3b3JsZC9jYWJpbmV0L3RfaW1nL2Jhbm5lci9lY282MDAuanBnIiBib3JkZXI9IjAiPjwvYT48YnI+PC9jZW50ZXI+44Gd44Gu5LuWIOa0l+i7iuODu+W3peWFt+ODu+ODoeODs+ODhueUqOWTgSDjga/jgZPjgaHjgok8YnI+PGJyPgrjgqvjg7zjg4rjg5PjgIHjg6zjg7zjg4Djg7zmjqLnn6XmqZ/jgIHjg4njg6njgqTjg5bjg6zjgrPjg7zjg4Djg7zjgarjgakg44Gd44Gu5LuWIOODkOOCpOOCr+ODu+OCq+ODvOeUqOWTgSDjga/jgZPjgaHjgok8YnI+PGJyPgrjgr3jg5XjgqHjg7zjgIHjg4bjg7zjg5bjg6vjgIHjg4bjg6zjg5Plj7DjgIHlr53lhbfjgIHmo5rjgIHlj47ntI3nlKjlk4Hjgarjgakg44Gd44Gu5LuWIOOCpOODs+ODhuODquOCoueUqOWTgSDjga/jgZPjgaHjgok8YnI+PGJyPgoKPGZvbnQgc2l6ZT0iMSIgY29sb3I9IkNDQ0NDQyI+44OO44O844Oe44OrIOOCueOCv+ODg+ODieODrOOCuSDjg6njgrjjgqLjg6s8L2ZvbnQ+PGJyPjxicj4KCgo8IS0t44Os44OT44Ol44Ki44O855Wq5LuY44GT44GT44GL44KJLS0+Cjxicj4KPCEtLeODrOODk+ODpeOCouODvOeVquS7mOOBk+OBk+OBvuOBpy0tPgoKCgoKCgoKPCEtLUNTVue3qOmbhueUqDIwMTYxMTEw44G+44GnLS0+PGJyPjxmb250IHNpemU9MSBjb2xvcj05OTk5OTk+IDEwUDAzRGVjMTYgPC9mb250PjwhLS3jgZPjgZPjgb7jgactLT48IS0tM+aciDI05pel772eM+aciDI35pelMTDmmYLjgb7jgactLQo8aW1nIGJvcmRlcj0iMCIgc3JjPSJodHRwOi8vaW1hZ2UucmFrdXRlbi5jby5qcC9zaG9wd29ybGQvY2FiaW5ldC9oLWkvYmFubmFyLzY1MGxlZC1zeW91aGluLmpwZyIgd2lkdGg9IjY1MCIgaGVpZ2h0PSIyNiI+PGJyPgo8aW1nIGJvcmRlcj0iMCIgc3JjPSJodHRwOi8vaW1hZ2UucmFrdXRlbi5jby5qcC9zaG9wd29ybGQvY2FiaW5ldC90X2ltZy9wYXJ0cy9zcGFjZXIuZ2lmIiB3aWR0aD0iMTAwIiBoZWlnaHQ9IjMiPjxicj4KCjx0YWJsZSBib3JkZXI9IjAiIGNlbGxwYWRkaW5nPSIwIiBjZWxsc3BhY2luZz0iMCIgd2lkdGg9IjY1MCI+Cjx0cj4KPHRkIHdpZHRoPSIxNjIiIGFsaWduPSJjZW50ZXIiIHZhbGlnbj0idG9wIj4KCjxpbWcgYm9yZGVyPSIwIiBzcmM9Imh0dHA6Ly9pbWFnZS5yYWt1dGVuLmNvLmpwL3Nob3B3b3JsZC9jYWJpbmV0L3RfaW1nL2l0ZW0yLzEwMTI5MjY1X21zMV9uLmpwZyIgd2lkdGg9IjE2MiIgaGVpZ2h0PSIxNjIiPjxicj4KPGZvbnQgc2l6ZT0iMiI+PGZvbnQgY29sb3I9IiNGRjAwMDAiPjxiPuODneOCpOODs+ODiDEw5YCNPC9iPjwvZm9udD48YnI+44Oq44Ki44Or44K/44Kk44Og44Op44Oz44Kt44Oz44KwPGJyPue3j+WQiOS4gOS9jeWPl+iznjwvZm9udD48YnI+Cjxmb250IHNpemU9IjIiPuS+oeagvDwvZm9udD48Yj48Zm9udCBzaXplPSI0IiBjb2xvcj0iI0ZGMDAwMCI+MSwwMDA8L2ZvbnQ+PC9iPjxmb250IHNpemU9IjIiPjxiPjxmb250IGNvbG9yPSIjRkYwMDAwIj7lhoY8L2ZvbnQ+PC9iPueojui+vDwvZm9udD48L3RkPgo8dGQgd2lkdGg9IjEiPjxpbWcgc3JjPSJodHRwOi8vaW1hZ2UucmFrdXRlbi5jby5qcC9zaG9wd29ybGQvY2FiaW5ldC90X2ltZy9wYXJ0cy9zcGFjZXIuanBnIiB3aWR0aD0iMSI+PC90ZD4KPHRkIHdpZHRoPSIxNjIiIGFsaWduPSJjZW50ZXIiIHZhbGlnbj0idG9wIj4KCjxpbWcgYm9yZGVyPSIwIiBzcmM9Imh0dHA6Ly9pbWFnZS5yYWt1dGVuLmNvLmpwL3Nob3B3b3JsZC9jYWJpbmV0L2gtaS9zaG9oaW4wMS8xMDEzNjI1NnMuanBnIiB3aWR0aD0iMTYyIiBoZWlnaHQ9IjE2MiI+PGJyPgo8Zm9udCBzaXplPSIyIj48Zm9udCBjb2xvcj0iI0ZGMDAwMCI+PGI+44Od44Kk44Oz44OIMTDlgI08L2I+PC9mb250Pjxicj7lhYjooYzosqnlo7Ig6L+35b2p5p+EPGJyPueUt+W/g+OCkuOBj+OBmeOBkOOCizwvZm9udD48YnI+Cjxmb250IHNpemU9IjIiPuS+oeagvDwvZm9udD48Yj48Zm9udCBzaXplPSI0IiBjb2xvcj0iI0ZGMDAwMCI+MSwwMDA8L2ZvbnQ+PC9iPjxmb250IHNpemU9IjIiPjxiPjxmb250IGNvbG9yPSIjRkYwMDAwIj7lhoY8L2ZvbnQ+PC9iPueojui+vDwvZm9udD48L3RkPgo8dGQgd2lkdGg9IjE2MiIgYWxpZ249ImNlbnRlciIgdmFsaWduPSJ0b3AiPgoKPGltZyBib3JkZXI9IjAiIHNyYz0iaHR0cDovL2ltYWdlLnJha3V0ZW4uY28uanAvc2hvcHdvcmxkL2NhYmluZXQvdF9pbWcvaXRlbTIvMTAxMzYwODBfbXMxLmpwZyIgd2lkdGg9IjE2MiIgaGVpZ2h0PSIxNjIiPjxicj4KPGZvbnQgc2l6ZT0iMiI+PGZvbnQgY29sb3I9IiNGRjAwMDAiPjxiPuODneOCpOODs+ODiDEw5YCNPC9iPjwvZm9udD48YnI+6ICB6Iul55S35aWz44Gr5L2/44GI44KLPGJyPuODoeOCv+ODquODg+OCr+OCt+ODq+ODkOODvDwvZm9udD48YnI+Cjxmb250IHNpemU9IjIiPuS+oeagvDwvZm9udD48Yj48Zm9udCBzaXplPSI0IiBjb2xvcj0iI0ZGMDAwMCI+MSwwMDA8L2ZvbnQ+PC9iPjxmb250IHNpemU9IjIiPjxiPjxmb250IGNvbG9yPSIjRkYwMDAwIj7lhoY8L2ZvbnQ+PC9iPueojui+vDwvZm9udD48L3RkPgo8dGQgd2lkdGg9IjEiPjxpbWcgc3JjPSJodHRwOi8vaW1hZ2UucmFrdXRlbi5jby5qcC9zaG9wd29ybGQvY2FiaW5ldC90X2ltZy9wYXJ0cy9zcGFjZXIuanBnIiB3aWR0aD0iMSI+PC90ZD4KPHRkIHdpZHRoPSIxNjIiIGFsaWduPSJjZW50ZXIiIHZhbGlnbj0idG9wIj4KCjxpbWcgYm9yZGVyPSIwIiBzcmM9Imh0dHA6Ly9pbWFnZS5yYWt1dGVuLmNvLmpwL3Nob3B3b3JsZC9jYWJpbmV0L3RfaW1nL2l0ZW0yLzEwMTM2MDgxX21zMS5qcGciIHdpZHRoPSIxNjIiIGhlaWdodD0iMTYyIj48YnI+Cjxmb250IHNpemU9IjIiPjxmb250IGNvbG9yPSIjRkYwMDAwIj48Yj7jg53jgqTjg7Pjg4gxMOWAjTwvYj48L2ZvbnQ+PGJyPuWhvuW4sOOCiuOBruWls+OBruWtkOOBq+OBrzxicj7jg5Tjg7Pjgq/jgpLmjIHjgZ/jgZvjgZ/jgYQ8L2ZvbnQ+PGJyPgo8Zm9udCBzaXplPSIyIj7kvqHmoLw8L2ZvbnQ+PGI+PGZvbnQgc2l6ZT0iNCIgY29sb3I9IiNGRjAwMDAiPjEsMDAwPC9mb250PjwvYj48Zm9udCBzaXplPSIyIj48Yj48Zm9udCBjb2xvcj0iI0ZGMDAwMCI+5YaGPC9mb250PjwvYj7nqI7ovrw8L2ZvbnQ+,44CQ6YCB5paZ54Sh5paZ44CRIOOCv+OCpOODpOODqeODg+OCryDjgqvjg5Djg7zku5gg44Kt44Oj44K544K/44O85LuY44GNIDTmnKwg5qiq572u44GN44CA6Lu96Ieq5YuV6LuKIOiAkOiNt+mHjTEwMGtnIOe1hOeri+W8jyDlubPnqY3jgb/lnosg44Kt44Oj44K544K/44O8IOOCv+OCpOODpOOCq+ODkOODvCDku5jjgY0g5bCP5Z6L6Ieq5YuV6LuKIOWPjue0jSDnnIHjgrnjg5rjg7zjgrkg44K544Oa44KiIOOCueOCv+ODs+ODiSDmqKrnva4g44Kz44Oz44OR44Kv44OIIOS/neeuoSDjgqvjg5Djg7wg57im572u77ya44K344On44OD44OX44Ov44O844Or44OJ,44K344On44OD44OX44Ov44O844Or44OJ5o6D6Zmk5qmf44Os44Kz44O844OJ44OX44Os44O844Ok44O8TEVE44Op44Kk44OI44K144Kk44Kv44Ot44Oz5o6D6Zmk5qmfRFZE44OX44Os44O844Ok44O844Ov44Kk44Oz44OH44Kj44Oz44Kw44Oe44K344Oz44Ov44Kk44Oz44OH44Kj44Oz44Kw44Oe44K344O844Oz5q2v44GO44GX44KK6YCB5paZ54Sh5paZ5rC0562S44K144O844Oi44K55Ya36JS15bqr44Kt44OD44Kv44Oc44O844OJ6Zu75YuV44OJ44Oq44Or44Kt44Oj44OD44OI44K/44Ov44O85Ya36JS15bqr44OG44Oz44OI77ys77yl77yk44Kk44Or44Of44ON44O844K344On44Oz44CQ6YCB5paZ54Sh5paZ44CRIOOCv+OCpOODpOODqeODg+OCryDjgqvjg5Djg7zku5gg44Kt44Oj44K544K/44O85LuY44GNIDTmnKwg5qiq572u44GN44CA6Lu96Ieq5YuV6LuKIOiAkOiNt+mHjTEwMGtnIOe1hOeri+W8jyDlubPnqY3jgb/lnosg44Kt44Oj44K544K/44O8IOOCv+OCpOODpOOCq+ODkOODvCDku5jjgY0g5bCP5Z6L6Ieq5YuV6LuKIOWPjue0jSDnnIHjgrnjg5rjg7zjgrkg44K544Oa44KiIOOCueOCv+ODs+ODiSDmqKrnva4g44Kz44Oz44OR44Kv44OIIOS/neeuoSDjgqvjg5Djg7wg57im572u,56e75YuV5L6/5Yip44Gq44Kt44Oj44K544K/44O85LuY44GN44K/44Kk44Ok44Gu5Yqj5YyW44KS5oqR44GI44KL5a6J5b+D6Kit6KiI44CC44CQ6YCB5paZ54Sh5paZ44CRIOOCv+OCpOODpOODqeODg+OCryDjgqvjg5Djg7zku5gg44Kt44Oj44K544K/44O85LuY44GNIDTmnKwg5qiq572u44GN44CA6Lu96Ieq5YuV6LuKIOiAkOiNt+mHjTEwMGtnIOe1hOeri+W8jyDlubPnqY3jgb/lnosg44Kt44Oj44K544K/44O8IOOCv+OCpOODpOOCq+ODkOODvCDku5jjgY0g5bCP5Z6L6Ieq5YuV6LuKIOWPjue0jSDnnIHjgrnjg5rjg7zjgrkg44K544Oa44KiIOOCueOCv+ODs+ODiSDmqKrnva4g44Kz44Oz44OR44Kv44OIIOS/neeuoSDjgqvjg5Djg7wg57im572u[rn]
21-63115,aHR0cDovL3RzaG9wLnIxMHMuanAvYXBkaXJlY3QvY2FiaW5ldC9ibXcwMy85MDA1MDQwMzYwN19jMC5qcGc/Zml0aW49NzAwOjcwMA==,NDE5MC40MDAw,,6LuK55So5ZOB44O744OQ44Kk44Kv55So5ZOBID4g44Kr44O855So5ZOBID4g44Ob44Kk44O844Or44O744K/44Kk44Ok5ZGo6L6655So5ZOBID4g44K/44Kk44Ok44Op44OD44Kv44O744Kr44OQ44O8,Qk1XIOOCv+OCpOODpC/jg5vjgqTjg7zjg6vjg7vjgqvjg5Djg7zvvIjvvKzjgrXjgqTjgrrnlKjvvIk=,77yi77yt77y357SU5q2jISE=,44CQ44GU5rOo5oSP44CRCuW8iuekvuWcqOW6q+OBqOODoeODvOOCq+ODvOWcqOW6q+OCkuWQiOOCj+OBm+OBpuaOsui8ieOBl+OBpuOBiuOCiuOBvuOBmeOBruOBp+OBiuWxiuOBkeOBvuOBp+OBq+OBiuaZgumWk+OBjOOBi+OBi+OCi+WgtOWQiOOBjOOBlOOBluOBhOOBvuOBmeOAgjxicj4K44G+44Gf44CB44OJ44Kk44OE55m65rOo44Go44Gq44KK5pu044Gr57SN5pyf44GM5b+F6KaB44Gq5ZWG5ZOB44KC44GU44GW44GE44G+44GZ44CCPGJyPgrjgZ3jga7loLTlkIjjga/jgZTms6jmlofmib/oq77jg6Hjg7zjg6vjgavjgabjgYrnn6XjgonjgZvoh7TjgZfjgb7jgZnjgII8YnI+CuS6iOOCgeOBlOS6huaJv+OBruOBhuOBiOOBlOazqOaWh+OCkuOBiumhmOOBhOiHtOOBl+OBvuOBmeOAgjxicj5M44K144Kk44K655So77yIMTjjgqTjg7Pjg4Hku6XkuIoyMeOCpOODs+ODgeOBvuOBp+OAgeOBn+OBoOOBlzE344Kk44Oz44OBMjM1LzY1UjE35Lul5LiK44KC5ZCr44G/44G+44GZ44CC77yJPGJyPuKAu+ODh+OCtuOCpOODs+OBr+WGmeecn+OBqOeVsOOBquOCi+WgtOWQiOOBjOOBguOCiuOBvuOBmeOAgjxicj48YnI+Cjxicj4KCjx0YWJsZSBzdHlsZT0id2lkdGg6NTkwcHg7cGFkZGluZzogNXB4O2JvcmRlcjogMXB4IHNvbGlkICNDQ0M7Ym9yZGVyLWNvbGxhcHNlOiBjb2xsYXBzZTsiPgogIDx0cj4KICAgIDx0ZCBzdHlsZT0iZm9udC1zaXplIDogMTBweDsgY29sb3I6ICNmZmZmZmY7IHBhZGRpbmc6MTBweDtiYWNrZ3JvdW5kLWNvbG9yOiAjNDQ0NDQ0O2ZvbnQtd2VpZ2h0OiBib2xkO3BhZGRpbmc6MTBweDtib3JkZXI6IDFweCBzb2xpZCAjQ0NDOyI+PC90ZD4KICAgIDx0ZCBzdHlsZT0iZm9udC1zaXplIDogMTBweDsgY29sb3I6ICNmZmZmZmY7IHBhZGRpbmc6MTBweDtiYWNrZ3JvdW5kLWNvbG9yOiAjNDQ0NDQ0O2ZvbnQtd2VpZ2h0OiBib2xkO3BhZGRpbmc6MTBweDtib3JkZXI6IDFweCBzb2xpZCAjQ0NDOyI+5YyX5rW36YGTPC90ZD4KICAgIDx0ZCBzdHlsZT0iZm9udC1zaXplIDogMTBweDsgY29sb3I6ICNmZmZmZmY7IHBhZGRpbmc6MTBweDtiYWNrZ3JvdW5kLWNvbG9yOiAjNDQ0NDQ0O2ZvbnQtd2VpZ2h0OiBib2xkO3BhZGRpbmc6MTBweDtib3JkZXI6IDFweCBzb2xpZCAjQ0NDOyI+5p2x5YyXPC90ZD4KICAgIDx0ZCBzdHlsZT0iZm9udC1zaXplIDogMTBweDsgY29sb3I6ICNmZmZmZmY7IHBhZGRpbmc6MTBweDtiYWNrZ3JvdW5kLWNvbG9yOiAjNDQ0NDQ0O2ZvbnQtd2VpZ2h0OiBib2xkO3BhZGRpbmc6MTBweDtib3JkZXI6IDFweCBzb2xpZCAjQ0NDOyI+5YyX5L+h6LaKPC90ZD4KICAgIDx0ZCBzdHlsZT0iZm9udC1zaXplIDogMTBweDsgY29sb3I6ICNmZmZmZmY7IHBhZGRpbmc6MTBweDtiYWNrZ3JvdW5kLWNvbG9yOiAjNDQ0NDQ0O2ZvbnQtd2VpZ2h0OiBib2xkO3BhZGRpbmc6MTBweDtib3JkZXI6IDFweCBzb2xpZCAjQ0NDOyI+6Zai5p2xPC90ZD4KICAgIDx0ZCBzdHlsZT0iZm9udC1zaXplIDogMTBweDsgY29sb3I6ICNmZmZmZmY7IHBhZGRpbmc6MTBweDtiYWNrZ3JvdW5kLWNvbG9yOiAjNDQ0NDQ0O2ZvbnQtd2VpZ2h0OiBib2xkO3BhZGRpbmc6MTBweDtib3JkZXI6IDFweCBzb2xpZCAjQ0NDOyI+5p2x5rW3PC90ZD4KICAgIDx0ZCBzdHlsZT0iZm9udC1zaXplIDogMTBweDsgY29sb3I6ICNmZmZmZmY7IHBhZGRpbmc6MTBweDtiYWNrZ3JvdW5kLWNvbG9yOiAjNDQ0NDQ0O2ZvbnQtd2VpZ2h0OiBib2xkO3BhZGRpbmc6MTBweDtib3JkZXI6IDFweCBzb2xpZCAjQ0NDOyI+6Zai6KW/PC90ZD4KICAgIDx0ZCBzdHlsZT0iZm9udC1zaXplIDogMTBweDsgY29sb3I6ICNmZmZmZmY7IHBhZGRpbmc6MTBweDtiYWNrZ3JvdW5kLWNvbG9yOiAjNDQ0NDQ0O2ZvbnQtd2VpZ2h0OiBib2xkO3BhZGRpbmc6MTBweDtib3JkZXI6IDFweCBzb2xpZCAjQ0NDOyI+5Lit5Zu9PC90ZD4KICAgIDx0ZCBzdHlsZT0iZm9udC1zaXplIDogMTBweDsgY29sb3I6ICNmZmZmZmY7IHBhZGRpbmc6MTBweDtiYWNrZ3JvdW5kLWNvbG9yOiAjNDQ0NDQ0O2ZvbnQtd2VpZ2h0OiBib2xkO3BhZGRpbmc6MTBweDtib3JkZXI6IDFweCBzb2xpZCAjQ0NDOyI+5Zub5Zu9PC90ZD4KICAgIDx0ZCBzdHlsZT0iZm9udC1zaXplIDogMTBweDsgY29sb3I6ICNmZmZmZmY7IHBhZGRpbmc6MTBweDtiYWNrZ3JvdW5kLWNvbG9yOiAjNDQ0NDQ0O2ZvbnQtd2VpZ2h0OiBib2xkO3BhZGRpbmc6MTBweDtib3JkZXI6IDFweCBzb2xpZCAjQ0NDOyI+5Lmd5beePC90ZD4KICAgIDx0ZCBzdHlsZT0iZm9udC1zaXplIDogMTBweDsgY29sb3I6ICNmZmZmZmY7IHBhZGRpbmc6MTBweDtiYWNrZ3JvdW5kLWNvbG9yOiAjNDQ0NDQ0O2ZvbnQtd2VpZ2h0OiBib2xkO3BhZGRpbmc6MTBweDtib3JkZXI6IDFweCBzb2xpZCAjQ0NDOyI+5rKW57iEL+mbouWztjwvdGQ+CiAgPC90cj4KICA8dHI+CiAgICA8dGQgc3R5bGU9ImZvbnQtc2l6ZSA6IDEwcHg7IGNvbG9yOiBwYWRkaW5nOjEwcHg7YmFja2dyb3VuZC1jb2xvcjogI2Y1ZjVmNTtmb250LXdlaWdodDogYm9yZGVyOiAxcHggc29saWQgI0NDQzsiPuWcsOWfnzwvdGQ+CiAgICA8dGQgc3R5bGU9ImZvbnQtc2l6ZSA6IDEwcHg7IHBhZGRpbmc6MTBweDtib3JkZXI6IDFweCBzb2xpZCAjQ0NDOyI+5YyX5rW36YGTPC90ZD4KICAgIDx0ZCBzdHlsZT0iZm9udC1zaXplIDogMTBweDsgcGFkZGluZzoxMHB4O2JvcmRlcjogMXB4IHNvbGlkICNDQ0M7Ij7pnZLmo67nnIw8YnI+5bKp5omL55yMPGJyPueni+eUsOecjDxicj7lrq7ln47nnIw8YnI+5bGx5b2i55yMPGJyPuemj+WztuecjDwvdGQ+CiAgICA8dGQgc3R5bGU9ImZvbnQtc2l6ZSA6IDEwcHg7IHBhZGRpbmc6MTBweDtib3JkZXI6IDFweCBzb2xpZCAjQ0NDOyI+5paw5r2f55yMPGJyPuWvjOWxseecjDxicj7nn7Plt53nnIw8YnI+56aP5LqV55yMPGJyPumVt+mHjuecjDwvdGQ+CiAgICA8dGQgc3R5bGU9ImZvbnQtc2l6ZSA6IDEwcHg7IHBhZGRpbmc6MTBweDtib3JkZXI6IDFweCBzb2xpZCAjQ0NDOyI+6Iyo5Z+O55yMPGJyPuagg+acqOecjDxicj7nvqTppqznnIw8YnI+5Z+8546J55yMPGJyPuWNg+iRieecjDxicj7mnbHkuqzpg708YnI+56We5aWI5bed55yMPGJyPuWxseaiqOecjDwvdGQ+CiAgICA8dGQgc3R5bGU9ImZvbnQtc2l6ZSA6IDEwcHg7IHBhZGRpbmc6MTBweDtib3JkZXI6IDFweCBzb2xpZCAjQ0NDOyI+5bKQ6Zic55yMPGJyPumdmeWyoeecjDxicj7mhJvnn6XnnIw8YnI+5LiJ6YeN55yMPC90ZD4KICAgIDx0ZCBzdHlsZT0iZm9udC1zaXplIDogMTBweDsgcGFkZGluZzoxMHB4O2JvcmRlcjogMXB4IHNvbGlkICNDQ0M7Ij7mu4vos4DnnIw8YnI+5Lqs6YO95bqcPGJyPuWkp+mYquW6nDxicj7lhbXluqvnnIw8YnI+5aWI6Imv55yMPGJyPuWSjOatjOWxseecjDwvdGQ+CiAgICA8dGQgc3R5bGU9ImZvbnQtc2l6ZSA6IDEwcHg7IHBhZGRpbmc6MTBweDtib3JkZXI6IDFweCBzb2xpZCAjQ0NDOyI+6bOl5Y+W55yMPGJyPuWztuagueecjDxicj7lsqHlsbHnnIw8YnI+5bqD5bO255yMPGJyPuWxseWPo+ecjDwvdGQ+CiAgICA8dGQgc3R5bGU9ImZvbnQtc2l6ZSA6IDEwcHg7IHBhZGRpbmc6MTBweDtib3JkZXI6IDFweCBzb2xpZCAjQ0NDOyI+5b6z5bO255yMPGJyPummmeW3neecjDxicj7mhJvlqpvnnIw8YnI+6auY55+l55yMPC90ZD4KICAgIDx0ZCBzdHlsZT0iZm9udC1zaXplIDogMTBweDsgcGFkZGluZzoxMHB4O2JvcmRlcjogMXB4IHNvbGlkICNDQ0M7Ij7npo/lsqHnnIw8YnI+5L2Q6LOA55yMPGJyPumVt+W0juecjDxicj7nhormnKznnIw8YnI+5aSn5YiG55yMPGJyPuWuruW0juecjDxicj7pub/lhZDls7bnnIw8L3RkPgogICAgPHRkIHN0eWxlPSJmb250LXNpemUgOiAxMHB4OyBwYWRkaW5nOjEwcHg7Ym9yZGVyOiAxcHggc29saWQgI0NDQzsiPuaylue4hOecjDwvdGQ+CiAgPC90cj4KCiAgPHRyPgogICAgPHRkIHN0eWxlPSJmb250LXNpemUgOiAxMHB4OyBjb2xvcjogcGFkZGluZzoxMHB4O2JhY2tncm91bmQtY29sb3I6ICNmNWY1ZjU7Zm9udC13ZWlnaHQ6IGJvcmRlcjogMXB4IHNvbGlkICNDQ0M7Ij7pgIHmlpk8L3RkPgogICAgPHRkIHN0eWxlPSJmb250LXNpemUgOiAxMnB4OyBwYWRkaW5nOjEwcHg7Ym9yZGVyOiAxcHggc29saWQgI0NDQzsiPjg2NOWGhjwvdGQ+CiAgICA8dGQgc3R5bGU9ImZvbnQtc2l6ZSA6IDEycHg7IHBhZGRpbmc6MTBweDtib3JkZXI6IDFweCBzb2xpZCAjQ0NDOyI+NjQ45YaGPC90ZD4KICAgIDx0ZCBzdHlsZT0iZm9udC1zaXplIDogMTJweDsgcGFkZGluZzoxMHB4O2JvcmRlcjogMXB4IHNvbGlkICNDQ0M7Ij42NDjlhoY8L3RkPgogICAgPHRkIHN0eWxlPSJmb250LXNpemUgOiAxMnB4OyBwYWRkaW5nOjEwcHg7Ym9yZGVyOiAxcHggc29saWQgI0NDQzsiPjY0OOWGhjwvdGQ+CiAgICA8dGQgc3R5bGU9ImZvbnQtc2l6ZSA6IDEycHg7IHBhZGRpbmc6MTBweDtib3JkZXI6IDFweCBzb2xpZCAjQ0NDOyI+NjQ45YaGPC90ZD4KICAgIDx0ZCBzdHlsZT0iZm9udC1zaXplIDogMTJweDsgcGFkZGluZzoxMHB4O2JvcmRlcjogMXB4IHNvbGlkICNDQ0M7Ij42NDjlhoY8L3RkPgogICAgPHRkIHN0eWxlPSJmb250LXNpemUgOiAxMnB4OyBwYWRkaW5nOjEwcHg7Ym9yZGVyOiAxcHggc29saWQgI0NDQzsiPjY0OOWGhjwvdGQ+CiAgICA8dGQgc3R5bGU9ImZvbnQtc2l6ZSA6IDEycHg7IHBhZGRpbmc6MTBweDtib3JkZXI6IDFweCBzb2xpZCAjQ0NDOyI+ODY05YaGPC90ZD4KICAgIDx0ZCBzdHlsZT0iZm9udC1zaXplIDogMTJweDsgcGFkZGluZzoxMHB4O2JvcmRlcjogMXB4IHNvbGlkICNDQ0M7Ij44NjTlhoY8L3RkPgogICAgPHRkIHN0eWxlPSJmb250LXNpemUgOiAxMnB4OyBwYWRkaW5nOjEwcHg7Ym9yZGVyOiAxcHggc29saWQgI0NDQzsiPjE1MTLlhoY8L3RkPgogIDwvdHI+CjwvdGFibGU+Cjxicj4KPGZvbnQgY29sb3I9InJlZCIgc2l6ZT0iMnB4Ij7igLvjgZTos7zlhaXph5HpoY3jga7lkIjoqIjjgYwxMCwwMDDlhobvvIjnqI7ovrzjgIHpgIHmlpnjg7vku6PlvJXjgY3miYvmlbDmlpnlkKvjgb7jgarjgYTku6XkuIrjga7jgZTms6jmlofjga7loLTlkIjpgIHmlpnnhKHmlpnjgajjgarjgorjgb7jgZk8YnI+CuKAu+mbouWztuODu+S4gOmDqOWcsOWfn+OBr+i/veWKoOmAgeaWmeOBjOOBi+OBi+OCi+WgtOWQiOOBjOOBguOCiuOBvuOBmeOAguWIpemAlOODoeODvOODq+OBq+OBpuOBlOeiuuiqjeOBleOBm+OBpuOBhOOBn+OBoOOBjeOBvuOBmeOAgjwvZm9udD4=,Qk1XIOOCv+OCpOODpC/jg5vjgqTjg7zjg6vjg7vjgqvjg5Djg7zvvIjvvKzjgrXjgqTjgrrnlKjvvInvvJpBUGRpcmVjdA==,Qk1XTUlOSUFiZUJNV01JTknlpKrnlLBCTVcg44Ki44Kv44K744K144OqTUlOSSDjgqLjgq/jgrvjgrXjg6pCTVfntJTmraPpg6jlk4FNSU5J57SU5q2j6YOo5ZOB6Zi/6YOo5ZWG5LyaQk1XIOOCv+OCpOODpC/jg5vjgqTjg7zjg6vjg7vjgqvjg5Djg7zvvIjvvKzjgrXjgqTjgrrnlKjvvIk=,77yi77yt77y357SU5q2jISHjgIJCTVcg44K/44Kk44OkL+ODm+OCpOODvOODq+ODu+OCq+ODkOODvO+8iO+8rOOCteOCpOOCuueUqO+8iQ==[rn]
21-63116,aHR0cDovL3RzaG9wLnIxMHMuanAvYXBkaXJlY3QvY2FiaW5ldC9ibXcwMS85MDA1MDQwMzYwOF9jMC5qcGc/Zml0aW49NzAwOjcwMA==,NDA2MC44MDAw,,6LuK55So5ZOB44O744OQ44Kk44Kv55So5ZOBID4g44Kr44O855So5ZOBID4g44Ob44Kk44O844Or44O744K/44Kk44Ok5ZGo6L6655So5ZOBID4g44K/44Kk44Ok44Op44OD44Kv44O744Kr44OQ44O8,Qk1XIOOCv+OCpOODpC/jg5vjgqTjg7zjg6vjg7vjgqvjg5Djg7zvvIhN44K144Kk44K655So77yJ,77yi77yt77y357SU5q2jISE=,44CQ44GU5rOo5oSP44CRCuW8iuekvuWcqOW6q+OBqOODoeODvOOCq+ODvOWcqOW6q+OCkuWQiOOCj+OBm+OBpuaOsui8ieOBl+OBpuOBiuOCiuOBvuOBmeOBruOBp+OBiuWxiuOBkeOBvuOBp+OBq+OBiuaZgumWk+OBjOOBi+OBi+OCi+WgtOWQiOOBjOOBlOOBluOBhOOBvuOBmeOAgjxicj4K44G+44Gf44CB44OJ44Kk44OE55m65rOo44Go44Gq44KK5pu044Gr57SN5pyf44GM5b+F6KaB44Gq5ZWG5ZOB44KC44GU44GW44GE44G+44GZ44CCPGJyPgrjgZ3jga7loLTlkIjjga/jgZTms6jmlofmib/oq77jg6Hjg7zjg6vjgavjgabjgYrnn6XjgonjgZvoh7TjgZfjgb7jgZnjgII8YnI+CuS6iOOCgeOBlOS6huaJv+OBruOBhuOBiOOBlOazqOaWh+OCkuOBiumhmOOBhOiHtOOBl+OBvuOBmeOAgjxicj5N44K144Kk44K655So77yIMTXjgqTjg7Pjg4Hku6XkuIoxN+OCpOODs+ODgeOBrjIzNS82NVIxN+acqua6gOOBvuOBp++8iTxicj7igLvjg4fjgrbjgqTjg7Pjga/lhpnnnJ/jgajnlbDjgarjgovloLTlkIjjgYzjgYLjgorjgb7jgZnjgII8YnI+PGJyPgo8YnI+Cgo8dGFibGUgc3R5bGU9IndpZHRoOjU5MHB4O3BhZGRpbmc6IDVweDtib3JkZXI6IDFweCBzb2xpZCAjQ0NDO2JvcmRlci1jb2xsYXBzZTogY29sbGFwc2U7Ij4KICA8dHI+CiAgICA8dGQgc3R5bGU9ImZvbnQtc2l6ZSA6IDEwcHg7IGNvbG9yOiAjZmZmZmZmOyBwYWRkaW5nOjEwcHg7YmFja2dyb3VuZC1jb2xvcjogIzQ0NDQ0NDtmb250LXdlaWdodDogYm9sZDtwYWRkaW5nOjEwcHg7Ym9yZGVyOiAxcHggc29saWQgI0NDQzsiPjwvdGQ+CiAgICA8dGQgc3R5bGU9ImZvbnQtc2l6ZSA6IDEwcHg7IGNvbG9yOiAjZmZmZmZmOyBwYWRkaW5nOjEwcHg7YmFja2dyb3VuZC1jb2xvcjogIzQ0NDQ0NDtmb250LXdlaWdodDogYm9sZDtwYWRkaW5nOjEwcHg7Ym9yZGVyOiAxcHggc29saWQgI0NDQzsiPuWMl+a1t+mBkzwvdGQ+CiAgICA8dGQgc3R5bGU9ImZvbnQtc2l6ZSA6IDEwcHg7IGNvbG9yOiAjZmZmZmZmOyBwYWRkaW5nOjEwcHg7YmFja2dyb3VuZC1jb2xvcjogIzQ0NDQ0NDtmb250LXdlaWdodDogYm9sZDtwYWRkaW5nOjEwcHg7Ym9yZGVyOiAxcHggc29saWQgI0NDQzsiPuadseWMlzwvdGQ+CiAgICA8dGQgc3R5bGU9ImZvbnQtc2l6ZSA6IDEwcHg7IGNvbG9yOiAjZmZmZmZmOyBwYWRkaW5nOjEwcHg7YmFja2dyb3VuZC1jb2xvcjogIzQ0NDQ0NDtmb250LXdlaWdodDogYm9sZDtwYWRkaW5nOjEwcHg7Ym9yZGVyOiAxcHggc29saWQgI0NDQzsiPuWMl+S/oei2ijwvdGQ+CiAgICA8dGQgc3R5bGU9ImZvbnQtc2l6ZSA6IDEwcHg7IGNvbG9yOiAjZmZmZmZmOyBwYWRkaW5nOjEwcHg7YmFja2dyb3VuZC1jb2xvcjogIzQ0NDQ0NDtmb250LXdlaWdodDogYm9sZDtwYWRkaW5nOjEwcHg7Ym9yZGVyOiAxcHggc29saWQgI0NDQzsiPumWouadsTwvdGQ+CiAgICA8dGQgc3R5bGU9ImZvbnQtc2l6ZSA6IDEwcHg7IGNvbG9yOiAjZmZmZmZmOyBwYWRkaW5nOjEwcHg7YmFja2dyb3VuZC1jb2xvcjogIzQ0NDQ0NDtmb250LXdlaWdodDogYm9sZDtwYWRkaW5nOjEwcHg7Ym9yZGVyOiAxcHggc29saWQgI0NDQzsiPuadsea1tzwvdGQ+CiAgICA8dGQgc3R5bGU9ImZvbnQtc2l6ZSA6IDEwcHg7IGNvbG9yOiAjZmZmZmZmOyBwYWRkaW5nOjEwcHg7YmFja2dyb3VuZC1jb2xvcjogIzQ0NDQ0NDtmb250LXdlaWdodDogYm9sZDtwYWRkaW5nOjEwcHg7Ym9yZGVyOiAxcHggc29saWQgI0NDQzsiPumWouilvzwvdGQ+CiAgICA8dGQgc3R5bGU9ImZvbnQtc2l6ZSA6IDEwcHg7IGNvbG9yOiAjZmZmZmZmOyBwYWRkaW5nOjEwcHg7YmFja2dyb3VuZC1jb2xvcjogIzQ0NDQ0NDtmb250LXdlaWdodDogYm9sZDtwYWRkaW5nOjEwcHg7Ym9yZGVyOiAxcHggc29saWQgI0NDQzsiPuS4reWbvTwvdGQ+CiAgICA8dGQgc3R5bGU9ImZvbnQtc2l6ZSA6IDEwcHg7IGNvbG9yOiAjZmZmZmZmOyBwYWRkaW5nOjEwcHg7YmFja2dyb3VuZC1jb2xvcjogIzQ0NDQ0NDtmb250LXdlaWdodDogYm9sZDtwYWRkaW5nOjEwcHg7Ym9yZGVyOiAxcHggc29saWQgI0NDQzsiPuWbm+WbvTwvdGQ+CiAgICA8dGQgc3R5bGU9ImZvbnQtc2l6ZSA6IDEwcHg7IGNvbG9yOiAjZmZmZmZmOyBwYWRkaW5nOjEwcHg7YmFja2dyb3VuZC1jb2xvcjogIzQ0NDQ0NDtmb250LXdlaWdodDogYm9sZDtwYWRkaW5nOjEwcHg7Ym9yZGVyOiAxcHggc29saWQgI0NDQzsiPuS5neW3njwvdGQ+CiAgICA8dGQgc3R5bGU9ImZvbnQtc2l6ZSA6IDEwcHg7IGNvbG9yOiAjZmZmZmZmOyBwYWRkaW5nOjEwcHg7YmFja2dyb3VuZC1jb2xvcjogIzQ0NDQ0NDtmb250LXdlaWdodDogYm9sZDtwYWRkaW5nOjEwcHg7Ym9yZGVyOiAxcHggc29saWQgI0NDQzsiPuaylue4hC/pm6Lls7Y8L3RkPgogIDwvdHI+CiAgPHRyPgogICAgPHRkIHN0eWxlPSJmb250LXNpemUgOiAxMHB4OyBjb2xvcjogcGFkZGluZzoxMHB4O2JhY2tncm91bmQtY29sb3I6ICNmNWY1ZjU7Zm9udC13ZWlnaHQ6IGJvcmRlcjogMXB4IHNvbGlkICNDQ0M7Ij7lnLDln588L3RkPgogICAgPHRkIHN0eWxlPSJmb250LXNpemUgOiAxMHB4OyBwYWRkaW5nOjEwcHg7Ym9yZGVyOiAxcHggc29saWQgI0NDQzsiPuWMl+a1t+mBkzwvdGQ+CiAgICA8dGQgc3R5bGU9ImZvbnQtc2l6ZSA6IDEwcHg7IHBhZGRpbmc6MTBweDtib3JkZXI6IDFweCBzb2xpZCAjQ0NDOyI+6Z2S5qOu55yMPGJyPuWyqeaJi+ecjDxicj7np4vnlLDnnIw8YnI+5a6u5Z+O55yMPGJyPuWxseW9ouecjDxicj7npo/ls7bnnIw8L3RkPgogICAgPHRkIHN0eWxlPSJmb250LXNpemUgOiAxMHB4OyBwYWRkaW5nOjEwcHg7Ym9yZGVyOiAxcHggc29saWQgI0NDQzsiPuaWsOa9n+ecjDxicj7lr4zlsbHnnIw8YnI+55+z5bed55yMPGJyPuemj+S6leecjDxicj7plbfph47nnIw8L3RkPgogICAgPHRkIHN0eWxlPSJmb250LXNpemUgOiAxMHB4OyBwYWRkaW5nOjEwcHg7Ym9yZGVyOiAxcHggc29saWQgI0NDQzsiPuiMqOWfjuecjDxicj7moIPmnKjnnIw8YnI+576k6aas55yMPGJyPuWfvOeOieecjDxicj7ljYPokYnnnIw8YnI+5p2x5Lqs6YO9PGJyPuelnuWliOW3neecjDxicj7lsbHmoqjnnIw8L3RkPgogICAgPHRkIHN0eWxlPSJmb250LXNpemUgOiAxMHB4OyBwYWRkaW5nOjEwcHg7Ym9yZGVyOiAxcHggc29saWQgI0NDQzsiPuWykOmYnOecjDxicj7pnZnlsqHnnIw8YnI+5oSb55+l55yMPGJyPuS4iemHjeecjDwvdGQ+CiAgICA8dGQgc3R5bGU9ImZvbnQtc2l6ZSA6IDEwcHg7IHBhZGRpbmc6MTBweDtib3JkZXI6IDFweCBzb2xpZCAjQ0NDOyI+5ruL6LOA55yMPGJyPuS6rOmDveW6nDxicj7lpKfpmKrlupw8YnI+5YW15bqr55yMPGJyPuWliOiJr+ecjDxicj7lkozmrYzlsbHnnIw8L3RkPgogICAgPHRkIHN0eWxlPSJmb250LXNpemUgOiAxMHB4OyBwYWRkaW5nOjEwcHg7Ym9yZGVyOiAxcHggc29saWQgI0NDQzsiPumzpeWPluecjDxicj7ls7bmoLnnnIw8YnI+5bKh5bGx55yMPGJyPuW6g+WztuecjDxicj7lsbHlj6PnnIw8L3RkPgogICAgPHRkIHN0eWxlPSJmb250LXNpemUgOiAxMHB4OyBwYWRkaW5nOjEwcHg7Ym9yZGVyOiAxcHggc29saWQgI0NDQzsiPuW+s+WztuecjDxicj7pppnlt53nnIw8YnI+5oSb5aqb55yMPGJyPumrmOefpeecjDwvdGQ+CiAgICA8dGQgc3R5bGU9ImZvbnQtc2l6ZSA6IDEwcHg7IHBhZGRpbmc6MTBweDtib3JkZXI6IDFweCBzb2xpZCAjQ0NDOyI+56aP5bKh55yMPGJyPuS9kOizgOecjDxicj7plbfltI7nnIw8YnI+54aK5pys55yMPGJyPuWkp+WIhuecjDxicj7lrq7ltI7nnIw8YnI+6bm/5YWQ5bO255yMPC90ZD4KICAgIDx0ZCBzdHlsZT0iZm9udC1zaXplIDogMTBweDsgcGFkZGluZzoxMHB4O2JvcmRlcjogMXB4IHNvbGlkICNDQ0M7Ij7mspbnuITnnIw8L3RkPgogIDwvdHI+CgogIDx0cj4KICAgIDx0ZCBzdHlsZT0iZm9udC1zaXplIDogMTBweDsgY29sb3I6IHBhZGRpbmc6MTBweDtiYWNrZ3JvdW5kLWNvbG9yOiAjZjVmNWY1O2ZvbnQtd2VpZ2h0OiBib3JkZXI6IDFweCBzb2xpZCAjQ0NDOyI+6YCB5paZPC90ZD4KICAgIDx0ZCBzdHlsZT0iZm9udC1zaXplIDogMTJweDsgcGFkZGluZzoxMHB4O2JvcmRlcjogMXB4IHNvbGlkICNDQ0M7Ij44NjTlhoY8L3RkPgogICAgPHRkIHN0eWxlPSJmb250LXNpemUgOiAxMnB4OyBwYWRkaW5nOjEwcHg7Ym9yZGVyOiAxcHggc29saWQgI0NDQzsiPjY0OOWGhjwvdGQ+CiAgICA8dGQgc3R5bGU9ImZvbnQtc2l6ZSA6IDEycHg7IHBhZGRpbmc6MTBweDtib3JkZXI6IDFweCBzb2xpZCAjQ0NDOyI+NjQ45YaGPC90ZD4KICAgIDx0ZCBzdHlsZT0iZm9udC1zaXplIDogMTJweDsgcGFkZGluZzoxMHB4O2JvcmRlcjogMXB4IHNvbGlkICNDQ0M7Ij42NDjlhoY8L3RkPgogICAgPHRkIHN0eWxlPSJmb250LXNpemUgOiAxMnB4OyBwYWRkaW5nOjEwcHg7Ym9yZGVyOiAxcHggc29saWQgI0NDQzsiPjY0OOWGhjwvdGQ+CiAgICA8dGQgc3R5bGU9ImZvbnQtc2l6ZSA6IDEycHg7IHBhZGRpbmc6MTBweDtib3JkZXI6IDFweCBzb2xpZCAjQ0NDOyI+NjQ45YaGPC90ZD4KICAgIDx0ZCBzdHlsZT0iZm9udC1zaXplIDogMTJweDsgcGFkZGluZzoxMHB4O2JvcmRlcjogMXB4IHNvbGlkICNDQ0M7Ij42NDjlhoY8L3RkPgogICAgPHRkIHN0eWxlPSJmb250LXNpemUgOiAxMnB4OyBwYWRkaW5nOjEwcHg7Ym9yZGVyOiAxcHggc29saWQgI0NDQzsiPjg2NOWGhjwvdGQ+CiAgICA8dGQgc3R5bGU9ImZvbnQtc2l6ZSA6IDEycHg7IHBhZGRpbmc6MTBweDtib3JkZXI6IDFweCBzb2xpZCAjQ0NDOyI+ODY05YaGPC90ZD4KICAgIDx0ZCBzdHlsZT0iZm9udC1zaXplIDogMTJweDsgcGFkZGluZzoxMHB4O2JvcmRlcjogMXB4IHNvbGlkICNDQ0M7Ij4xNTEy5YaGPC90ZD4KICA8L3RyPgo8L3RhYmxlPgo8YnI+Cjxmb250IGNvbG9yPSJyZWQiIHNpemU9IjJweCI+4oC744GU6LO85YWl6YeR6aGN44Gu5ZCI6KiI44GMMTAsMDAw5YaG77yI56iO6L6844CB6YCB5paZ44O75Luj5byV44GN5omL5pWw5paZ5ZCr44G+44Gq44GE5Lul5LiK44Gu44GU5rOo5paH44Gu5aC05ZCI6YCB5paZ54Sh5paZ44Go44Gq44KK44G+44GZPGJyPgrigLvpm6Lls7bjg7vkuIDpg6jlnLDln5/jga/ov73liqDpgIHmlpnjgYzjgYvjgYvjgovloLTlkIjjgYzjgYLjgorjgb7jgZnjgILliKXpgJTjg6Hjg7zjg6vjgavjgabjgZTnorroqo3jgZXjgZvjgabjgYTjgZ/jgaDjgY3jgb7jgZnjgII8L2ZvbnQ+,Qk1XIOOCv+OCpOODpC/jg5vjgqTjg7zjg6vjg7vjgqvjg5Djg7zvvIhN44K144Kk44K655So77yJ77yaQVBkaXJlY3Q=,Qk1XTUlOSUFiZUJNV01JTknlpKrnlLBCTVcg44Ki44Kv44K744K144OqTUlOSSDjgqLjgq/jgrvjgrXjg6pCTVfntJTmraPpg6jlk4FNSU5J57SU5q2j6YOo5ZOB6Zi/6YOo5ZWG5LyaQk1XIOOCv+OCpOODpC/jg5vjgqTjg7zjg6vjg7vjgqvjg5Djg7zvvIhN44K144Kk44K655So77yJ,77yi77yt77y357SU5q2jISHjgIJCTVcg44K/44Kk44OkL+ODm+OCpOODvOODq+ODu+OCq+ODkOODvO+8iE3jgrXjgqTjgrrnlKjvvIk=[rn]
21-63117,aHR0cDovL3RzaG9wLnIxMHMuanAvYm1wL2NhYmluZXQvMDEwMDAzMjAvaW1nNTU5ODc2NzUuanBnP2ZpdGluPTcwMDo3MDA=,MzgwMC4wMDAw,,6LuK55So5ZOB44O744OQ44Kk44Kv55So5ZOBID4g44Kr44O855So5ZOBID4g44Ob44Kk44O844Or44O744K/44Kk44Ok5ZGo6L6655So5ZOBID4g44K/44Kk44Ok44Op44OD44Kv44O744Kr44OQ44O8,Qk1XIOOCouOCr+OCu+OCteODquODvCBzYWZldHkgYW5kIHNlY3VyaXR5IOOCv+OCpOODpC/jg5vjgqTjg7zjg6vjgqvjg5Djg7zjgIBN44K144Kk44K6,44CQ77yi77yt77y357SU5q2j44CR,5ZOB6LOq5L+d6Ki844Gu77yi77yt77y357SU5q2j44Ki44Kk44OG44OgPGJyPgo8YnI+CkJNVyBzYWZldHkgYW5kIHNlY3VyaXR5IOOCv+OCpOODpC/jg5vjgqTjg7zjg6vjgqvjg5Djg7zjgIBN44K144Kk44K6PGJyPgo8YnI+Ck3jgrXjgqTjgrrnlKgoMTXjgqTjg7Pjg4Hku6XkuIoxN+OCpOODs+ODgeOBrjIzNS82NS8xN+acqua6gOOBvuOBpyk8YnI+CuS4iumDqOOBq+ODreOCtOWFpeOCiuOBruOCq+ODkOODvOOBjOS7mOWxnuOAgua1uOawtOOCkumYsuatouOBl+OBvuOBmeOAgjxicj4K6YeO5aSW44Gu44K/44Kk44Ok5L+d566h44Gr44KC5pyA6YGp44Gn44GZ44CCPGJyPjxicj4K4oC744OH44K244Kk44Oz44Gv5YaZ55yf44Go55Ww44Gq44KL5aC05ZCI44GM44GC44KK44G+44GZ44CCCgo8YnI+PGJyPjxicj4KPGZvbnQgc2l6ZT0xPgrjg6Hjg7zjgqvjg7zluIzmnJvlsI/lo7LkvqHmoLzjga/jg6Hjg7zjgqvjg7zjgqvjgr/jg63jgrDjgavln7rjgaXjgYTjgabmjrLovInjgZfjgabjgYTjgb7jgZk8YnI+CuKAu+acrOODleOCoeOCpOODq+OBrzRNQuOBqOWkp+WkieWkp+OBjeOBj+OBquOBo+OBpuOBiuOCiuOBvuOBmeOAguOCr+ODquODg+OCr+OBrumam+OBr+OBlOazqOaEj+S4i+OBleOBhOOAggo8L2ZvbnQ+PGltZyBzcmM9Imh0dHBzOi8vaW1hZ2UucmFrdXRlbi5jby5qcC9ibXAvY2FiaW5ldC8wNDk5ODkwNS9pbWdyYzAwNjgxMDIwNTYuanBnIj48YnI+PGJyPgoKCjxzdHlsZT4KCip7Cm1hcmdpbjowOwpwYWRkaW5nOjA7Cn0KCmltZ3sKYm9yZGVyOjA7Cn0KCi5tZ24xMHsKCW1hcmdpbi1ib3R0b206MTBweDsKfQoKCjwvc3R5bGU+CjxkaXYgY2xhc3M9Im1nbjEwIj4KICAKPC9kaXY+CgoKCgo8YnI+PGJyPgoKPGltZyBzcmM9Imh0dHBzOi8vaW1hZ2UucmFrdXRlbi5jby5qcC9ibXAvY2FiaW5ldC8wMTU5NTEwNi9pbWdyYzAwNjgwMzE3MTMuanBnIj4KPGJyPgo8YnI+Cgo8aW1nIHNyYz0iaHR0cDovL2ltYWdlLnJha3V0ZW4uY28uanAvYm1wL2NhYmluZXQvMDQ3MDg5NjUvaW1ncmMwMDY0NzYzNTc5LmpwZyI+Cjxicj4KPGJyPgoKPGltZyBzcmM9Imh0dHBzOi8vaW1hZ2UucmFrdXRlbi5jby5qcC9ibXAvY2FiaW5ldC8wMTU5NTEwNi9pbWdyYzAwNjgwMzE3MTIuanBnIj4KPGJyPgo8YnI+,Qk1XIOOCouOCr+OCu+OCteODquODvCBzYWZldHkgYW5kIHNlY3VyaXR5IOOCv+OCpOODpC/jg5vjgqTjg7zjg6vjgqvjg5Djg7zjgIBN44K144Kk44K677yaQk3jg6Ljg7zjgr/jg7zjg5Hjg7zjg4QgQk1X57SU5q2j5ZOB5bCC6ZaA5bqX,Qk1XQk1XIOe0lOatoyDjg5Hjg7zjg4RibXcg57SU5q2j6YOo5ZOBQk1XIOe0lOato+ODkeODvOODhCDosqnlo7JCTVcgTTNCTVcgTTZtaW5pIOOCouOCr+OCu+OCteODquODvEJNVyBFOTBCTVcgRTkyQk1XIE0zYm13IOOCreODvOODm+ODq+ODgOODvEJNVyBNSU5JQk1XIOOCouOCr+OCu+OCteODquODvGJtdyDjgqjjg7Pjg5bjg6zjg6BCTVcg44OV44Ot44Ki44Oe44OD44OIQk1XIE00IOOCouOCr+OCu+OCteODquODvEJNVyDjg5zjg4fjgqPjg7zjgqvjg5Djg7xibXcg44K544OG44OD44Kr44O8Ym13IOOCouODq+ODn+ODm+OCpOODvOODq0JNVyBQZXJmb3JtYW5jZUJNVyDjgqLjgq/jgrvjgrXjg6rjg7wgc2FmZXR5IGFuZCBzZWN1cml0eSDjgr/jgqTjg6Qv44Ob44Kk44O844Or44Kr44OQ44O844CATeOCteOCpOOCug==,44CQ77yi77yt77y357SU5q2j44CR44CCQk1XIOOCouOCr+OCu+OCteODquODvCBzYWZldHkgYW5kIHNlY3VyaXR5IOOCv+OCpOODpC/jg5vjgqTjg7zjg6vjgqvjg5Djg7zjgIBN44K144Kk44K6[rn]
21-63118,aHR0cDovL3RzaG9wLnIxMHMuanAvYm1wL2NhYmluZXQvMDEzNjU5NjAvaW1nNTY0OTg5NzQuanBnP2ZpdGluPTcwMDo3MDA=,MzgwMC4wMDAw,,6LuK55So5ZOB44O744OQ44Kk44Kv55So5ZOBID4g44Kr44O855So5ZOBID4g44Ob44Kk44O844Or44O744K/44Kk44Ok5ZGo6L6655So5ZOBID4g44K/44Kk44Ok44Op44OD44Kv44O744Kr44OQ44O8,Qk1XIE1JTkkgIOOCouOCr+OCu+OCteODquODvCDjgr/jgqTjg6Qv44Ob44Kk44O844Or44O744Kr44OQ44O8,44CQQk1XIE1JTkkg57SU5q2j44OR44O844OE44CR44CA,5ZOB6LOq5L+d6Ki844GuQk1X57SU5q2j44Ki44Kk44OG44OgPGJyPgo8QlI+CkJNVyBNSU5JIOOCv+OCpOODpC/jg5vjgqTjg7zjg6vjg7vjgqvjg5Djg7w8YnI+CjxCUj4K6YGp55So44K144Kk44K677yaN0pYMTguIDIwNS80MFIxOOOBvuOBpzxCUj4KPEJSPgrjg4Hjg6rjgoTln4PjgIHntKvlpJbnt5rjgIHpnLLjgarjganjgYvjgonlpKfliIfjgarjgr/jgqTjg6Qv44Ob44Kk44O844Or44KS5L+d6K2344GX44G+44GZ44CC44OV44Kh44K544OK44O844Gn6ZaL6ZaJ44Gn44GN44CB5Ye644GX5YWl44KM44Gv57Ch5Y2Y44CCPEJSPgrjgr/jgqTjg6TvvJTmnKzliIbjgYzmpb3jgavlj47ntI3jgafjgY3jgb7jgZnjgII8QlI+Ck1JTknjg63jgrTlhaXjgoov44ON44O844Og44Kx44O844K55LuY44GN44CCPEJSPgo8YnI+PEJSPgrntKDmnZDvvJrogJDlhYnmgKfjgavjgZnjgZDjgozjgZ/jg53jg6rjgqjjgrnjg4bjg6sxMDDvvIXku5Xmp5jjgILjgrfjg6vjg5Djg7zmkqXmsLTliqDlt6XjgIIKCgo8YnI+PGJyPjxicj4KPGZvbnQgc2l6ZT0xPgoK44Oh44O844Kr44O85biM5pyb5bCP5aOy5L6h5qC844Gv44Oh44O844Kr44O844Kr44K/44Ot44Kw44Gr5Z+644Gl44GE44Gm5o6y6LyJ44GX44Gm44GE44G+44GZPGJyPgrigLvmnKzjg5XjgqHjgqTjg6vjga81TULjgajlpKflpInlpKfjgY3jgY/jgarjgaPjgabjgYrjgorjgb7jgZnjgILjgq/jg6rjg4Pjgq/jga7pmpvjga/jgZTms6jmhI/kuIvjgZXjgYTjgIIKPC9mb250PjxpbWcgc3JjPSJodHRwczovL2ltYWdlLnJha3V0ZW4uY28uanAvYm1wL2NhYmluZXQvMDQ5OTg5MDUvaW1ncmMwMDY4MTAyMDU2LmpwZyI+PGJyPjxicj4KCgo8c3R5bGU+CgoqewptYXJnaW46MDsKcGFkZGluZzowOwp9CgppbWd7CmJvcmRlcjowOwp9CgoubWduMTB7CgltYXJnaW4tYm90dG9tOjEwcHg7Cn0KCgo8L3N0eWxlPgo8ZGl2IGNsYXNzPSJtZ24xMCI+CiAgCjwvZGl2PgoKCgoKPGJyPjxicj4KCjxpbWcgc3JjPSJodHRwczovL2ltYWdlLnJha3V0ZW4uY28uanAvYm1wL2NhYmluZXQvMDE1OTUxMDYvaW1ncmMwMDY4MDMxNzEzLmpwZyI+Cjxicj4KPGJyPgoKPGltZyBzcmM9Imh0dHA6Ly9pbWFnZS5yYWt1dGVuLmNvLmpwL2JtcC9jYWJpbmV0LzA0NzA4OTY1L2ltZ3JjMDA2NDc2MzU3OS5qcGciPgo8YnI+Cjxicj4KCjxpbWcgc3JjPSJodHRwczovL2ltYWdlLnJha3V0ZW4uY28uanAvYm1wL2NhYmluZXQvMDE1OTUxMDYvaW1ncmMwMDY4MDMxNzEyLmpwZyI+Cjxicj4KPGJyPg==,Qk1XIE1JTkkgIOOCouOCr+OCu+OCteODquODvCDjgr/jgqTjg6Qv44Ob44Kk44O844Or44O744Kr44OQ44O877yaQk3jg6Ljg7zjgr/jg7zjg5Hjg7zjg4QgQk1X57SU5q2j5ZOB5bCC6ZaA5bqX,Qk1XQk1XIOe0lOatoyDjg5Hjg7zjg4RibXcg57SU5q2j6YOo5ZOBQk1XIOe0lOato+ODkeODvOODhCDosqnlo7JCTVcgTTNCTVcgTTZtaW5pIOOCouOCr+OCu+OCteODquODvEJNVyBFOTBCTVcgRTkyQk1XIE0zYm13IOOCreODvOODm+ODq+ODgOODvEJNVyBNSU5JQk1XIOOCouOCr+OCu+OCteODquODvGJtdyDjgqjjg7Pjg5bjg6zjg6BCTVcg44OV44Ot44Ki44Oe44OD44OIQk1XIE00IOOCouOCr+OCu+OCteODquODvEJNVyDjg5zjg4fjgqPjg7zjgqvjg5Djg7xibXcg44K544OG44OD44Kr44O8Ym13IOOCouODq+ODn+ODm+OCpOODvOODq0JNVyBQZXJmb3JtYW5jZUJNVyBNSU5JICDjgqLjgq/jgrvjgrXjg6rjg7wg44K/44Kk44OkL+ODm+OCpOODvOODq+ODu+OCq+ODkOODvA==,44CQQk1XIE1JTkkg57SU5q2j44OR44O844OE44CR44CA44CCQk1XIE1JTkkgIOOCouOCr+OCu+OCteODquODvCDjgr/jgqTjg6Qv44Ob44Kk44O844Or44O744Kr44OQ44O8[rn]
21-63119,aHR0cDovL3RzaG9wLnIxMHMuanAvYXBkaXJlY3QvY2FiaW5ldC9ibXcwMy8zNjEzNjg1MDgzNHg0X2MwLmpwZz9maXRpbj03MDA6NzAw,MTIzOTguNDAwMA==,,6LuK55So5ZOB44O744OQ44Kk44Kv55So5ZOBID4g44Kr44O855So5ZOBID4g44Ob44Kk44O844Or44O744K/44Kk44Ok5ZGo6L6655So5ZOBID4g44K/44Kk44Ok44Op44OD44Kv44O744Kr44OQ44O8,77yi77yt77y344CA44Ob44Kk44O844Or44K744Oz44K/44O844Kt44Oj44OD44OX77yINOWAi+OCu+ODg+ODiO+8mjHlj7DliIbvvIk=,Qk1X57SU5q2jISE=,44CQ44GU5rOo5oSP44CRPGJyPgrlvIrnpL7lnKjluqvjgajjg6Hjg7zjgqvjg7zlnKjluqvjgpLlkIjjgo/jgZvjgabmjrLovInjgZfjgabjgYrjgorjgb7jgZnjga7jgafjgYrlsYrjgZHjgb7jgafjgavjgYrmmYLplpPjgYzjgYvjgYvjgovloLTlkIjjgYzjgZTjgZbjgYTjgb7jgZnjgII8YnI+CuOBvuOBn+OAgeODieOCpOODhOeZuuazqOOBqOOBquOCiuabtOOBq+e0jeacn+OBjOW/heimgeOBquWVhuWTgeOCguOBlOOBluOBhOOBvuOBmeOAgjxicj4K44Gd44Gu5aC05ZCI44Gv44GU5rOo5paH5om/6Ku+44Oh44O844Or44Gr44Gm44GK55+l44KJ44Gb6Ie044GX44G+44GZ44CCPGJyPgrkuojjgoHjgZTkuobmib/jga7jgYbjgYjjgZTms6jmlofjgpLjgYrpoZjjgYToh7TjgZfjgb7jgZnjgII8YnI+6YGp5b+c6LuK56iuOuS4i+iomOi7iueoruOBrue0lOato+ODm+OCpOODvOODq+OBq+ijheedgOWPr+iDveOAgjxicj7vvJLjgrfjg6rjg7zjgrrvvJpGNDUvRjQ2PGJyPu+8l+OCt+ODquODvOOCuu+8mkcxMS9HMTI8YnI+77y444K344Oq44O844K677yaWDEoRjQ4KTxicj48YnI+44O777yi77yt77y357SU5q2j44CA5paw5Z6L44Gu44Ob44Kk44O844Or44K744Oz44K/44O844Kt44Oj44OD44OX44Gn44GZ44CCPGJyPuODu+OCr+ODreODvOODoOOCqOODg+OCuOOBqOOBquOCiuOCr+OCqeODquODhuOCo+ODvOOBjOagvOauteOBq+OBguOBjOOBo+OBn+WVhuWTgeOBp+OBmeOAgjxicj7jg7vjgb7jgovjgafjg5zjg7Pjg43jg4Pjg4jjgqjjg7Pjg5bjg6zjg6DjgpLotrPlhYPjgavmkK3ovInjgZfjgZ/jgojjgYbjgarmhJ/jgZjjgafjgZnjgII8YnI+44O744K744Oz44K/44O844Kt44Oj44OD44OX44Gu5Y2T6LaK44GX44Gf44K544K/44Kk44Oq44Oz44Kw44Gv44CB44GC44Gq44Gf44Gu77yi77yt77y344Gr5a6M55Kn44Gq6Kq/5ZKM44KS5p6c44Gf44GX44G+44GZ44CCPGJyPjxicj4KPGJyPgoKPHRhYmxlIHN0eWxlPSJ3aWR0aDo1OTBweDtwYWRkaW5nOiA1cHg7Ym9yZGVyOiAxcHggc29saWQgI0NDQztib3JkZXItY29sbGFwc2U6IGNvbGxhcHNlOyI+CiAgPHRyPgogICAgPHRkIHN0eWxlPSJmb250LXNpemUgOiAxMHB4OyBjb2xvcjogI2ZmZmZmZjsgcGFkZGluZzoxMHB4O2JhY2tncm91bmQtY29sb3I6ICM0NDQ0NDQ7Zm9udC13ZWlnaHQ6IGJvbGQ7cGFkZGluZzoxMHB4O2JvcmRlcjogMXB4IHNvbGlkICNDQ0M7Ij48L3RkPgogICAgPHRkIHN0eWxlPSJmb250LXNpemUgOiAxMHB4OyBjb2xvcjogI2ZmZmZmZjsgcGFkZGluZzoxMHB4O2JhY2tncm91bmQtY29sb3I6ICM0NDQ0NDQ7Zm9udC13ZWlnaHQ6IGJvbGQ7cGFkZGluZzoxMHB4O2JvcmRlcjogMXB4IHNvbGlkICNDQ0M7Ij7ljJfmtbfpgZM8L3RkPgogICAgPHRkIHN0eWxlPSJmb250LXNpemUgOiAxMHB4OyBjb2xvcjogI2ZmZmZmZjsgcGFkZGluZzoxMHB4O2JhY2tncm91bmQtY29sb3I6ICM0NDQ0NDQ7Zm9udC13ZWlnaHQ6IGJvbGQ7cGFkZGluZzoxMHB4O2JvcmRlcjogMXB4IHNvbGlkICNDQ0M7Ij7mnbHljJc8L3RkPgogICAgPHRkIHN0eWxlPSJmb250LXNpemUgOiAxMHB4OyBjb2xvcjogI2ZmZmZmZjsgcGFkZGluZzoxMHB4O2JhY2tncm91bmQtY29sb3I6ICM0NDQ0NDQ7Zm9udC13ZWlnaHQ6IGJvbGQ7cGFkZGluZzoxMHB4O2JvcmRlcjogMXB4IHNvbGlkICNDQ0M7Ij7ljJfkv6Hotoo8L3RkPgogICAgPHRkIHN0eWxlPSJmb250LXNpemUgOiAxMHB4OyBjb2xvcjogI2ZmZmZmZjsgcGFkZGluZzoxMHB4O2JhY2tncm91bmQtY29sb3I6ICM0NDQ0NDQ7Zm9udC13ZWlnaHQ6IGJvbGQ7cGFkZGluZzoxMHB4O2JvcmRlcjogMXB4IHNvbGlkICNDQ0M7Ij7plqLmnbE8L3RkPgogICAgPHRkIHN0eWxlPSJmb250LXNpemUgOiAxMHB4OyBjb2xvcjogI2ZmZmZmZjsgcGFkZGluZzoxMHB4O2JhY2tncm91bmQtY29sb3I6ICM0NDQ0NDQ7Zm9udC13ZWlnaHQ6IGJvbGQ7cGFkZGluZzoxMHB4O2JvcmRlcjogMXB4IHNvbGlkICNDQ0M7Ij7mnbHmtbc8L3RkPgogICAgPHRkIHN0eWxlPSJmb250LXNpemUgOiAxMHB4OyBjb2xvcjogI2ZmZmZmZjsgcGFkZGluZzoxMHB4O2JhY2tncm91bmQtY29sb3I6ICM0NDQ0NDQ7Zm9udC13ZWlnaHQ6IGJvbGQ7cGFkZGluZzoxMHB4O2JvcmRlcjogMXB4IHNvbGlkICNDQ0M7Ij7plqLopb88L3RkPgogICAgPHRkIHN0eWxlPSJmb250LXNpemUgOiAxMHB4OyBjb2xvcjogI2ZmZmZmZjsgcGFkZGluZzoxMHB4O2JhY2tncm91bmQtY29sb3I6ICM0NDQ0NDQ7Zm9udC13ZWlnaHQ6IGJvbGQ7cGFkZGluZzoxMHB4O2JvcmRlcjogMXB4IHNvbGlkICNDQ0M7Ij7kuK3lm708L3RkPgogICAgPHRkIHN0eWxlPSJmb250LXNpemUgOiAxMHB4OyBjb2xvcjogI2ZmZmZmZjsgcGFkZGluZzoxMHB4O2JhY2tncm91bmQtY29sb3I6ICM0NDQ0NDQ7Zm9udC13ZWlnaHQ6IGJvbGQ7cGFkZGluZzoxMHB4O2JvcmRlcjogMXB4IHNvbGlkICNDQ0M7Ij7lm5vlm708L3RkPgogICAgPHRkIHN0eWxlPSJmb250LXNpemUgOiAxMHB4OyBjb2xvcjogI2ZmZmZmZjsgcGFkZGluZzoxMHB4O2JhY2tncm91bmQtY29sb3I6ICM0NDQ0NDQ7Zm9udC13ZWlnaHQ6IGJvbGQ7cGFkZGluZzoxMHB4O2JvcmRlcjogMXB4IHNvbGlkICNDQ0M7Ij7kuZ3lt548L3RkPgogICAgPHRkIHN0eWxlPSJmb250LXNpemUgOiAxMHB4OyBjb2xvcjogI2ZmZmZmZjsgcGFkZGluZzoxMHB4O2JhY2tncm91bmQtY29sb3I6ICM0NDQ0NDQ7Zm9udC13ZWlnaHQ6IGJvbGQ7cGFkZGluZzoxMHB4O2JvcmRlcjogMXB4IHNvbGlkICNDQ0M7Ij7mspbnuIQv6Zui5bO2PC90ZD4KICA8L3RyPgogIDx0cj4KICAgIDx0ZCBzdHlsZT0iZm9udC1zaXplIDogMTBweDsgY29sb3I6IHBhZGRpbmc6MTBweDtiYWNrZ3JvdW5kLWNvbG9yOiAjZjVmNWY1O2ZvbnQtd2VpZ2h0OiBib3JkZXI6IDFweCBzb2xpZCAjQ0NDOyI+5Zyw5Z+fPC90ZD4KICAgIDx0ZCBzdHlsZT0iZm9udC1zaXplIDogMTBweDsgcGFkZGluZzoxMHB4O2JvcmRlcjogMXB4IHNvbGlkICNDQ0M7Ij7ljJfmtbfpgZM8L3RkPgogICAgPHRkIHN0eWxlPSJmb250LXNpemUgOiAxMHB4OyBwYWRkaW5nOjEwcHg7Ym9yZGVyOiAxcHggc29saWQgI0NDQzsiPumdkuajruecjDxicj7lsqnmiYvnnIw8YnI+56eL55Sw55yMPGJyPuWuruWfjuecjDxicj7lsbHlvaLnnIw8YnI+56aP5bO255yMPC90ZD4KICAgIDx0ZCBzdHlsZT0iZm9udC1zaXplIDogMTBweDsgcGFkZGluZzoxMHB4O2JvcmRlcjogMXB4IHNvbGlkICNDQ0M7Ij7mlrDmvZ/nnIw8YnI+5a+M5bGx55yMPGJyPuefs+W3neecjDxicj7npo/kupXnnIw8YnI+6ZW36YeO55yMPC90ZD4KICAgIDx0ZCBzdHlsZT0iZm9udC1zaXplIDogMTBweDsgcGFkZGluZzoxMHB4O2JvcmRlcjogMXB4IHNvbGlkICNDQ0M7Ij7ojKjln47nnIw8YnI+5qCD5pyo55yMPGJyPue+pOmmrOecjDxicj7ln7znjonnnIw8YnI+5Y2D6JGJ55yMPGJyPuadseS6rOmDvTxicj7npZ7lpYjlt53nnIw8YnI+5bGx5qKo55yMPC90ZD4KICAgIDx0ZCBzdHlsZT0iZm9udC1zaXplIDogMTBweDsgcGFkZGluZzoxMHB4O2JvcmRlcjogMXB4IHNvbGlkICNDQ0M7Ij7lspDpmJznnIw8YnI+6Z2Z5bKh55yMPGJyPuaEm+efpeecjDxicj7kuInph43nnIw8L3RkPgogICAgPHRkIHN0eWxlPSJmb250LXNpemUgOiAxMHB4OyBwYWRkaW5nOjEwcHg7Ym9yZGVyOiAxcHggc29saWQgI0NDQzsiPua7i+izgOecjDxicj7kuqzpg73lupw8YnI+5aSn6Ziq5bqcPGJyPuWFteW6q+ecjDxicj7lpYjoia/nnIw8YnI+5ZKM5q2M5bGx55yMPC90ZD4KICAgIDx0ZCBzdHlsZT0iZm9udC1zaXplIDogMTBweDsgcGFkZGluZzoxMHB4O2JvcmRlcjogMXB4IHNvbGlkICNDQ0M7Ij7ps6Xlj5bnnIw8YnI+5bO25qC555yMPGJyPuWyoeWxseecjDxicj7luoPls7bnnIw8YnI+5bGx5Y+j55yMPC90ZD4KICAgIDx0ZCBzdHlsZT0iZm9udC1zaXplIDogMTBweDsgcGFkZGluZzoxMHB4O2JvcmRlcjogMXB4IHNvbGlkICNDQ0M7Ij7lvrPls7bnnIw8YnI+6aaZ5bed55yMPGJyPuaEm+Wqm+ecjDxicj7pq5jnn6XnnIw8L3RkPgogICAgPHRkIHN0eWxlPSJmb250LXNpemUgOiAxMHB4OyBwYWRkaW5nOjEwcHg7Ym9yZGVyOiAxcHggc29saWQgI0NDQzsiPuemj+WyoeecjDxicj7kvZDos4DnnIw8YnI+6ZW35bSO55yMPGJyPueGiuacrOecjDxicj7lpKfliIbnnIw8YnI+5a6u5bSO55yMPGJyPum5v+WFkOWztuecjDwvdGQ+CiAgICA8dGQgc3R5bGU9ImZvbnQtc2l6ZSA6IDEwcHg7IHBhZGRpbmc6MTBweDtib3JkZXI6IDFweCBzb2xpZCAjQ0NDOyI+5rKW57iE55yMPC90ZD4KICA8L3RyPgoKICA8dHI+CiAgICA8dGQgc3R5bGU9ImZvbnQtc2l6ZSA6IDEwcHg7IGNvbG9yOiBwYWRkaW5nOjEwcHg7YmFja2dyb3VuZC1jb2xvcjogI2Y1ZjVmNTtmb250LXdlaWdodDogYm9yZGVyOiAxcHggc29saWQgI0NDQzsiPumAgeaWmTwvdGQ+CiAgICA8dGQgc3R5bGU9ImZvbnQtc2l6ZSA6IDEycHg7IHBhZGRpbmc6MTBweDtib3JkZXI6IDFweCBzb2xpZCAjQ0NDOyI+ODY05YaGPC90ZD4KICAgIDx0ZCBzdHlsZT0iZm9udC1zaXplIDogMTJweDsgcGFkZGluZzoxMHB4O2JvcmRlcjogMXB4IHNvbGlkICNDQ0M7Ij42NDjlhoY8L3RkPgogICAgPHRkIHN0eWxlPSJmb250LXNpemUgOiAxMnB4OyBwYWRkaW5nOjEwcHg7Ym9yZGVyOiAxcHggc29saWQgI0NDQzsiPjY0OOWGhjwvdGQ+CiAgICA8dGQgc3R5bGU9ImZvbnQtc2l6ZSA6IDEycHg7IHBhZGRpbmc6MTBweDtib3JkZXI6IDFweCBzb2xpZCAjQ0NDOyI+NjQ45YaGPC90ZD4KICAgIDx0ZCBzdHlsZT0iZm9udC1zaXplIDogMTJweDsgcGFkZGluZzoxMHB4O2JvcmRlcjogMXB4IHNvbGlkICNDQ0M7Ij42NDjlhoY8L3RkPgogICAgPHRkIHN0eWxlPSJmb250LXNpemUgOiAxMnB4OyBwYWRkaW5nOjEwcHg7Ym9yZGVyOiAxcHggc29saWQgI0NDQzsiPjY0OOWGhjwvdGQ+CiAgICA8dGQgc3R5bGU9ImZvbnQtc2l6ZSA6IDEycHg7IHBhZGRpbmc6MTBweDtib3JkZXI6IDFweCBzb2xpZCAjQ0NDOyI+NjQ45YaGPC90ZD4KICAgIDx0ZCBzdHlsZT0iZm9udC1zaXplIDogMTJweDsgcGFkZGluZzoxMHB4O2JvcmRlcjogMXB4IHNvbGlkICNDQ0M7Ij44NjTlhoY8L3RkPgogICAgPHRkIHN0eWxlPSJmb250LXNpemUgOiAxMnB4OyBwYWRkaW5nOjEwcHg7Ym9yZGVyOiAxcHggc29saWQgI0NDQzsiPjg2NOWGhjwvdGQ+CiAgICA8dGQgc3R5bGU9ImZvbnQtc2l6ZSA6IDEycHg7IHBhZGRpbmc6MTBweDtib3JkZXI6IDFweCBzb2xpZCAjQ0NDOyI+MTUxMuWGhjwvdGQ+CiAgPC90cj4KPC90YWJsZT4KPGJyPgo8Zm9udCBjb2xvcj0icmVkIiBzaXplPSIycHgiPuKAu+OBlOizvOWFpemHkemhjeOBruWQiOioiOOBjDEwLDAwMOWGhu+8iOeojui+vOOAgemAgeaWmeODu+S7o+W8leOBjeaJi+aVsOaWmeWQq+OBvuOBquOBhOS7peS4iuOBruOBlOazqOaWh+OBruWgtOWQiOmAgeaWmeeEoeaWmeOBqOOBquOCiuOBvuOBmTxicj4K4oC76Zui5bO244O75LiA6YOo5Zyw5Z+f44Gv6L+95Yqg6YCB5paZ44GM44GL44GL44KL5aC05ZCI44GM44GC44KK44G+44GZ44CC5Yil6YCU44Oh44O844Or44Gr44Gm44GU56K66KqN44GV44Gb44Gm44GE44Gf44Gg44GN44G+44GZ44CCPC9mb250Pg==,77yi77yt77y344CA44Ob44Kk44O844Or44K744Oz44K/44O844Kt44Oj44OD44OX77yINOWAi+OCu+ODg+ODiO+8mjHlj7DliIbvvInvvJpBUGRpcmVjdA==,Qk1XTUlOSUFiZUJNV01JTknlpKrnlLBCTVcg44Ki44Kv44K744K144OqTUlOSSDjgqLjgq/jgrvjgrXjg6pCTVfntJTmraPpg6jlk4FNSU5J57SU5q2j6YOo5ZOB6Zi/6YOo5ZWG5Lya77yi77yt77y344CA44Ob44Kk44O844Or44K744Oz44K/44O844Kt44Oj44OD44OX77yINOWAi+OCu+ODg+ODiO+8mjHlj7DliIbvvIk=,Qk1X57SU5q2jISHjgILvvKLvvK3vvLfjgIDjg5vjgqTjg7zjg6vjgrvjg7Pjgr/jg7zjgq3jg6Pjg4Pjg5fvvIg05YCL44K744OD44OI77yaMeWPsOWIhu+8iQ==[rn]
21-63120,aHR0cDovL3RzaG9wLnIxMHMuanAvYXBkaXJlY3QvY2FiaW5ldC9ibXcwMi8zNjEzNjg1MDgzNF9jMC5qcGc/Zml0aW49NzAwOjcwMA==,MzExMC40MDAw,,6LuK55So5ZOB44O744OQ44Kk44Kv55So5ZOBID4g44Kr44O855So5ZOBID4g44Ob44Kk44O844Or44O744K/44Kk44Ok5ZGo6L6655So5ZOBID4g44K/44Kk44Ok44Op44OD44Kv44O744Kr44OQ44O8,77yi77yt77y344CA44Ob44Kk44O844Or44K744Oz44K/44O844Kt44Oj44OD44OXKDHlgIsp,Qk1X57SU5q2jISE=,44CQ44GU5rOo5oSP44CRPGJyPgrlvIrnpL7lnKjluqvjgajjg6Hjg7zjgqvjg7zlnKjluqvjgpLlkIjjgo/jgZvjgabmjrLovInjgZfjgabjgYrjgorjgb7jgZnjga7jgafjgYrlsYrjgZHjgb7jgafjgavjgYrmmYLplpPjgYzjgYvjgYvjgovloLTlkIjjgYzjgZTjgZbjgYTjgb7jgZnjgII8YnI+CuOBvuOBn+OAgeODieOCpOODhOeZuuazqOOBqOOBquOCiuabtOOBq+e0jeacn+OBjOW/heimgeOBquWVhuWTgeOCguOBlOOBluOBhOOBvuOBmeOAgjxicj4K44Gd44Gu5aC05ZCI44Gv44GU5rOo5paH5om/6Ku+44Oh44O844Or44Gr44Gm44GK55+l44KJ44Gb6Ie044GX44G+44GZ44CCPGJyPgrkuojjgoHjgZTkuobmib/jga7jgYbjgYjjgZTms6jmlofjgpLjgYrpoZjjgYToh7TjgZfjgb7jgZnjgII8YnI+6YGp5b+c6LuK56iuOuS4i+iomOi7iueoruOBrue0lOato+ODm+OCpOODvOODq+OBq+ijheedgOWPr+iDveOAgjxicj7vvJLjgrfjg6rjg7zjgrrvvJpGNDUvRjQ2PGJyPu+8l+OCt+ODquODvOOCuu+8mkcxMS9HMTI8YnI+77y444K344Oq44O844K677yaWDEoRjQ4KTxicj48YnI+44O777yi77yt77y357SU5q2j44CA5paw5Z6L44Gu44Ob44Kk44O844Or44K744Oz44K/44O844Kt44Oj44OD44OX44Gn44GZ44CCPGJyPuODu+OCr+ODreODvOODoOOCqOODg+OCuOOBqOOBquOCiuOCr+OCqeODquODhuOCo+ODvOOBjOagvOauteOBq+OBguOBjOOBo+OBn+WVhuWTgeOBp+OBmeOAgjxicj7jg7vjgb7jgovjgafjg5zjg7Pjg43jg4Pjg4jjgqjjg7Pjg5bjg6zjg6DjgpLotrPlhYPjgavmkK3ovInjgZfjgZ/jgojjgYbjgarmhJ/jgZjjgafjgZnjgII8YnI+44O744K744Oz44K/44O844Kt44Oj44OD44OX44Gu5Y2T6LaK44GX44Gf44K544K/44Kk44Oq44Oz44Kw44Gv44CB44GC44Gq44Gf44Gu77yi77yt77y344Gr5a6M55Kn44Gq6Kq/5ZKM44KS5p6c44Gf44GX44G+44GZ44CCPGJyPjxicj4KPGJyPgoKPHRhYmxlIHN0eWxlPSJ3aWR0aDo1OTBweDtwYWRkaW5nOiA1cHg7Ym9yZGVyOiAxcHggc29saWQgI0NDQztib3JkZXItY29sbGFwc2U6IGNvbGxhcHNlOyI+CiAgPHRyPgogICAgPHRkIHN0eWxlPSJmb250LXNpemUgOiAxMHB4OyBjb2xvcjogI2ZmZmZmZjsgcGFkZGluZzoxMHB4O2JhY2tncm91bmQtY29sb3I6ICM0NDQ0NDQ7Zm9udC13ZWlnaHQ6IGJvbGQ7cGFkZGluZzoxMHB4O2JvcmRlcjogMXB4IHNvbGlkICNDQ0M7Ij48L3RkPgogICAgPHRkIHN0eWxlPSJmb250LXNpemUgOiAxMHB4OyBjb2xvcjogI2ZmZmZmZjsgcGFkZGluZzoxMHB4O2JhY2tncm91bmQtY29sb3I6ICM0NDQ0NDQ7Zm9udC13ZWlnaHQ6IGJvbGQ7cGFkZGluZzoxMHB4O2JvcmRlcjogMXB4IHNvbGlkICNDQ0M7Ij7ljJfmtbfpgZM8L3RkPgogICAgPHRkIHN0eWxlPSJmb250LXNpemUgOiAxMHB4OyBjb2xvcjogI2ZmZmZmZjsgcGFkZGluZzoxMHB4O2JhY2tncm91bmQtY29sb3I6ICM0NDQ0NDQ7Zm9udC13ZWlnaHQ6IGJvbGQ7cGFkZGluZzoxMHB4O2JvcmRlcjogMXB4IHNvbGlkICNDQ0M7Ij7mnbHljJc8L3RkPgogICAgPHRkIHN0eWxlPSJmb250LXNpemUgOiAxMHB4OyBjb2xvcjogI2ZmZmZmZjsgcGFkZGluZzoxMHB4O2JhY2tncm91bmQtY29sb3I6ICM0NDQ0NDQ7Zm9udC13ZWlnaHQ6IGJvbGQ7cGFkZGluZzoxMHB4O2JvcmRlcjogMXB4IHNvbGlkICNDQ0M7Ij7ljJfkv6Hotoo8L3RkPgogICAgPHRkIHN0eWxlPSJmb250LXNpemUgOiAxMHB4OyBjb2xvcjogI2ZmZmZmZjsgcGFkZGluZzoxMHB4O2JhY2tncm91bmQtY29sb3I6ICM0NDQ0NDQ7Zm9udC13ZWlnaHQ6IGJvbGQ7cGFkZGluZzoxMHB4O2JvcmRlcjogMXB4IHNvbGlkICNDQ0M7Ij7plqLmnbE8L3RkPgogICAgPHRkIHN0eWxlPSJmb250LXNpemUgOiAxMHB4OyBjb2xvcjogI2ZmZmZmZjsgcGFkZGluZzoxMHB4O2JhY2tncm91bmQtY29sb3I6ICM0NDQ0NDQ7Zm9udC13ZWlnaHQ6IGJvbGQ7cGFkZGluZzoxMHB4O2JvcmRlcjogMXB4IHNvbGlkICNDQ0M7Ij7mnbHmtbc8L3RkPgogICAgPHRkIHN0eWxlPSJmb250LXNpemUgOiAxMHB4OyBjb2xvcjogI2ZmZmZmZjsgcGFkZGluZzoxMHB4O2JhY2tncm91bmQtY29sb3I6ICM0NDQ0NDQ7Zm9udC13ZWlnaHQ6IGJvbGQ7cGFkZGluZzoxMHB4O2JvcmRlcjogMXB4IHNvbGlkICNDQ0M7Ij7plqLopb88L3RkPgogICAgPHRkIHN0eWxlPSJmb250LXNpemUgOiAxMHB4OyBjb2xvcjogI2ZmZmZmZjsgcGFkZGluZzoxMHB4O2JhY2tncm91bmQtY29sb3I6ICM0NDQ0NDQ7Zm9udC13ZWlnaHQ6IGJvbGQ7cGFkZGluZzoxMHB4O2JvcmRlcjogMXB4IHNvbGlkICNDQ0M7Ij7kuK3lm708L3RkPgogICAgPHRkIHN0eWxlPSJmb250LXNpemUgOiAxMHB4OyBjb2xvcjogI2ZmZmZmZjsgcGFkZGluZzoxMHB4O2JhY2tncm91bmQtY29sb3I6ICM0NDQ0NDQ7Zm9udC13ZWlnaHQ6IGJvbGQ7cGFkZGluZzoxMHB4O2JvcmRlcjogMXB4IHNvbGlkICNDQ0M7Ij7lm5vlm708L3RkPgogICAgPHRkIHN0eWxlPSJmb250LXNpemUgOiAxMHB4OyBjb2xvcjogI2ZmZmZmZjsgcGFkZGluZzoxMHB4O2JhY2tncm91bmQtY29sb3I6ICM0NDQ0NDQ7Zm9udC13ZWlnaHQ6IGJvbGQ7cGFkZGluZzoxMHB4O2JvcmRlcjogMXB4IHNvbGlkICNDQ0M7Ij7kuZ3lt548L3RkPgogICAgPHRkIHN0eWxlPSJmb250LXNpemUgOiAxMHB4OyBjb2xvcjogI2ZmZmZmZjsgcGFkZGluZzoxMHB4O2JhY2tncm91bmQtY29sb3I6ICM0NDQ0NDQ7Zm9udC13ZWlnaHQ6IGJvbGQ7cGFkZGluZzoxMHB4O2JvcmRlcjogMXB4IHNvbGlkICNDQ0M7Ij7mspbnuIQv6Zui5bO2PC90ZD4KICA8L3RyPgogIDx0cj4KICAgIDx0ZCBzdHlsZT0iZm9udC1zaXplIDogMTBweDsgY29sb3I6IHBhZGRpbmc6MTBweDtiYWNrZ3JvdW5kLWNvbG9yOiAjZjVmNWY1O2ZvbnQtd2VpZ2h0OiBib3JkZXI6IDFweCBzb2xpZCAjQ0NDOyI+5Zyw5Z+fPC90ZD4KICAgIDx0ZCBzdHlsZT0iZm9udC1zaXplIDogMTBweDsgcGFkZGluZzoxMHB4O2JvcmRlcjogMXB4IHNvbGlkICNDQ0M7Ij7ljJfmtbfpgZM8L3RkPgogICAgPHRkIHN0eWxlPSJmb250LXNpemUgOiAxMHB4OyBwYWRkaW5nOjEwcHg7Ym9yZGVyOiAxcHggc29saWQgI0NDQzsiPumdkuajruecjDxicj7lsqnmiYvnnIw8YnI+56eL55Sw55yMPGJyPuWuruWfjuecjDxicj7lsbHlvaLnnIw8YnI+56aP5bO255yMPC90ZD4KICAgIDx0ZCBzdHlsZT0iZm9udC1zaXplIDogMTBweDsgcGFkZGluZzoxMHB4O2JvcmRlcjogMXB4IHNvbGlkICNDQ0M7Ij7mlrDmvZ/nnIw8YnI+5a+M5bGx55yMPGJyPuefs+W3neecjDxicj7npo/kupXnnIw8YnI+6ZW36YeO55yMPC90ZD4KICAgIDx0ZCBzdHlsZT0iZm9udC1zaXplIDogMTBweDsgcGFkZGluZzoxMHB4O2JvcmRlcjogMXB4IHNvbGlkICNDQ0M7Ij7ojKjln47nnIw8YnI+5qCD5pyo55yMPGJyPue+pOmmrOecjDxicj7ln7znjonnnIw8YnI+5Y2D6JGJ55yMPGJyPuadseS6rOmDvTxicj7npZ7lpYjlt53nnIw8YnI+5bGx5qKo55yMPC90ZD4KICAgIDx0ZCBzdHlsZT0iZm9udC1zaXplIDogMTBweDsgcGFkZGluZzoxMHB4O2JvcmRlcjogMXB4IHNvbGlkICNDQ0M7Ij7lspDpmJznnIw8YnI+6Z2Z5bKh55yMPGJyPuaEm+efpeecjDxicj7kuInph43nnIw8L3RkPgogICAgPHRkIHN0eWxlPSJmb250LXNpemUgOiAxMHB4OyBwYWRkaW5nOjEwcHg7Ym9yZGVyOiAxcHggc29saWQgI0NDQzsiPua7i+izgOecjDxicj7kuqzpg73lupw8YnI+5aSn6Ziq5bqcPGJyPuWFteW6q+ecjDxicj7lpYjoia/nnIw8YnI+5ZKM5q2M5bGx55yMPC90ZD4KICAgIDx0ZCBzdHlsZT0iZm9udC1zaXplIDogMTBweDsgcGFkZGluZzoxMHB4O2JvcmRlcjogMXB4IHNvbGlkICNDQ0M7Ij7ps6Xlj5bnnIw8YnI+5bO25qC555yMPGJyPuWyoeWxseecjDxicj7luoPls7bnnIw8YnI+5bGx5Y+j55yMPC90ZD4KICAgIDx0ZCBzdHlsZT0iZm9udC1zaXplIDogMTBweDsgcGFkZGluZzoxMHB4O2JvcmRlcjogMXB4IHNvbGlkICNDQ0M7Ij7lvrPls7bnnIw8YnI+6aaZ5bed55yMPGJyPuaEm+Wqm+ecjDxicj7pq5jnn6XnnIw8L3RkPgogICAgPHRkIHN0eWxlPSJmb250LXNpemUgOiAxMHB4OyBwYWRkaW5nOjEwcHg7Ym9yZGVyOiAxcHggc29saWQgI0NDQzsiPuemj+WyoeecjDxicj7kvZDos4DnnIw8YnI+6ZW35bSO55yMPGJyPueGiuacrOecjDxicj7lpKfliIbnnIw8YnI+5a6u5bSO55yMPGJyPum5v+WFkOWztuecjDwvdGQ+CiAgICA8dGQgc3R5bGU9ImZvbnQtc2l6ZSA6IDEwcHg7IHBhZGRpbmc6MTBweDtib3JkZXI6IDFweCBzb2xpZCAjQ0NDOyI+5rKW57iE55yMPC90ZD4KICA8L3RyPgoKICA8dHI+CiAgICA8dGQgc3R5bGU9ImZvbnQtc2l6ZSA6IDEwcHg7IGNvbG9yOiBwYWRkaW5nOjEwcHg7YmFja2dyb3VuZC1jb2xvcjogI2Y1ZjVmNTtmb250LXdlaWdodDogYm9yZGVyOiAxcHggc29saWQgI0NDQzsiPumAgeaWmTwvdGQ+CiAgICA8dGQgc3R5bGU9ImZvbnQtc2l6ZSA6IDEycHg7IHBhZGRpbmc6MTBweDtib3JkZXI6IDFweCBzb2xpZCAjQ0NDOyI+ODY05YaGPC90ZD4KICAgIDx0ZCBzdHlsZT0iZm9udC1zaXplIDogMTJweDsgcGFkZGluZzoxMHB4O2JvcmRlcjogMXB4IHNvbGlkICNDQ0M7Ij42NDjlhoY8L3RkPgogICAgPHRkIHN0eWxlPSJmb250LXNpemUgOiAxMnB4OyBwYWRkaW5nOjEwcHg7Ym9yZGVyOiAxcHggc29saWQgI0NDQzsiPjY0OOWGhjwvdGQ+CiAgICA8dGQgc3R5bGU9ImZvbnQtc2l6ZSA6IDEycHg7IHBhZGRpbmc6MTBweDtib3JkZXI6IDFweCBzb2xpZCAjQ0NDOyI+NjQ45YaGPC90ZD4KICAgIDx0ZCBzdHlsZT0iZm9udC1zaXplIDogMTJweDsgcGFkZGluZzoxMHB4O2JvcmRlcjogMXB4IHNvbGlkICNDQ0M7Ij42NDjlhoY8L3RkPgogICAgPHRkIHN0eWxlPSJmb250LXNpemUgOiAxMnB4OyBwYWRkaW5nOjEwcHg7Ym9yZGVyOiAxcHggc29saWQgI0NDQzsiPjY0OOWGhjwvdGQ+CiAgICA8dGQgc3R5bGU9ImZvbnQtc2l6ZSA6IDEycHg7IHBhZGRpbmc6MTBweDtib3JkZXI6IDFweCBzb2xpZCAjQ0NDOyI+NjQ45YaGPC90ZD4KICAgIDx0ZCBzdHlsZT0iZm9udC1zaXplIDogMTJweDsgcGFkZGluZzoxMHB4O2JvcmRlcjogMXB4IHNvbGlkICNDQ0M7Ij44NjTlhoY8L3RkPgogICAgPHRkIHN0eWxlPSJmb250LXNpemUgOiAxMnB4OyBwYWRkaW5nOjEwcHg7Ym9yZGVyOiAxcHggc29saWQgI0NDQzsiPjg2NOWGhjwvdGQ+CiAgICA8dGQgc3R5bGU9ImZvbnQtc2l6ZSA6IDEycHg7IHBhZGRpbmc6MTBweDtib3JkZXI6IDFweCBzb2xpZCAjQ0NDOyI+MTUxMuWGhjwvdGQ+CiAgPC90cj4KPC90YWJsZT4KPGJyPgo8Zm9udCBjb2xvcj0icmVkIiBzaXplPSIycHgiPuKAu+OBlOizvOWFpemHkemhjeOBruWQiOioiOOBjDEwLDAwMOWGhu+8iOeojui+vOOAgemAgeaWmeODu+S7o+W8leOBjeaJi+aVsOaWmeWQq+OBvuOBquOBhOS7peS4iuOBruOBlOazqOaWh+OBruWgtOWQiOmAgeaWmeeEoeaWmeOBqOOBquOCiuOBvuOBmTxicj4K4oC76Zui5bO244O75LiA6YOo5Zyw5Z+f44Gv6L+95Yqg6YCB5paZ44GM44GL44GL44KL5aC05ZCI44GM44GC44KK44G+44GZ44CC5Yil6YCU44Oh44O844Or44Gr44Gm44GU56K66KqN44GV44Gb44Gm44GE44Gf44Gg44GN44G+44GZ44CCPC9mb250Pg==,77yi77yt77y344CA44Ob44Kk44O844Or44K744Oz44K/44O844Kt44Oj44OD44OXKDHlgIsp77yaQVBkaXJlY3Q=,Qk1XTUlOSUFiZUJNV01JTknlpKrnlLBCTVcg44Ki44Kv44K744K144OqTUlOSSDjgqLjgq/jgrvjgrXjg6pCTVfntJTmraPpg6jlk4FNSU5J57SU5q2j6YOo5ZOB6Zi/6YOo5ZWG5Lya77yi77yt77y344CA44Ob44Kk44O844Or44K744Oz44K/44O844Kt44Oj44OD44OXKDHlgIsp,Qk1X57SU5q2jISHjgILvvKLvvK3vvLfjgIDjg5vjgqTjg7zjg6vjgrvjg7Pjgr/jg7zjgq3jg6Pjg4Pjg5coMeWAiyk=[rn]
21-63121,aHR0cDovL3RzaG9wLnIxMHMuanAvYXVjLXlvcm96dXlhL2NhYmluZXQvc2hvaGluMTIvMDAzNWFqLmpwZz9maXRpbj03MDA6NzAw,NDIwMC4wMDAw,,6LuK55So5ZOB44O744OQ44Kk44Kv55So5ZOBID4g44Kr44O855So5ZOBID4g44Ob44Kk44O844Or44O744K/44Kk44Ok5ZGo6L6655So5ZOBID4g44K/44Kk44Ok44Op44OD44Kv44O744Kr44OQ44O8,44CQ6YCB5paZ54Sh5paZ44CR44K544O844OR44O844Kt44Oj44Or44Ob44Kk44O844Or44Kr44OQ44O8IDEy44Kk44Oz44OBIEJYLTQ1MC8wMDM1YWov44Kr44O855So5ZOBIOiHquWLlei7iueUqOWTgSDoh6rou6Lou4rnlKjlk4Eg6Ieq5YuV6LuKIOiHqui7oui7iiDjgqvjg7wg44OQ44Kk44K544Kv44OrIGNhciBiaWN5Y2xlIOi1sOOCiyDjg63jg7zjg4kg44OE44O844Oq44Oz44KwIOmBk+i3ryDkuqTpgJog6LuK6YGTIOS5l+OCiyDku5jlsZ7lk4Eg5a6J5YWo,44Kr44O855So5ZOBIOiHquWLlei7iueUqOWTgSDoh6rou6Lou4rnlKjlk4Eg6Ieq5YuV6LuKIOiHqui7oui7iiDjgqvjg7wg44OQ44Kk44K544Kv44Or,PHRhYmxlIHdpZHRoPSI2MDAiIGJvcmRlcj0iMCIgYWxpZ249ImNlbnRlciIgY2VsbHBhZGRpbmc9IjAiIGNlbGxzcGFjaW5nPSIwIj48dHI+PHRkPjxmb250IGNvbG9yPSIjMDA5OTk5IiBzaXplPSI1Ij48c3Ryb25nPuOCr+ODreODvOODoOODoeODg+OCreS7leanmOOAguOCr+ODvOODq+OBp+OCq+ODg+OCs+OCpOOCpCE8L3N0cm9uZz48L2ZvbnQ+PC90ZD48L3RyPjwvdGFibGU+PGJyPjx0YWJsZSB3aWR0aD0iNjEwIiBib3JkZXI9IjAiIGFsaWduPSJjZW50ZXIiIGNlbGxwYWRkaW5nPSIxIiBjZWxsc3BhY2luZz0iMCI+IDx0cj4gPHRkIHdpZHRoPSI2MTAiIHZhbGlnbj0idG9wIiBhbGlnbj0iY2VudGVyIj48ZGl2ID48aW1nIHNyYz0iaHR0cDovL2ltYWdlLnJha3V0ZW4uY28uanAvYXVjLXlvcm96dXlhL2NhYmluZXQvc2hvaGluMTIvMDAzNWFqLTAxLmpwZyIgd2lkdGg9IjYwMCIgaGVpZ2h0PSI1NDgiPjwvZGl2Pjxicj48ZGl2IGFsaWduPSdjZW50ZXInPjxpbWcgc3JjPSJodHRwOi8vaW1hZ2UucmFrdXRlbi5jby5qcC9hdWMteW9yb3p1eWEvY2FiaW5ldC9zaG9oaW4xMi8wMDM1YWotMDIuanBnIiB3aWR0aD0iNjAwIiBoZWlnaHQ9IjQyMSI+PC9kaXY+PGJyPjx0YWJsZSB3aWR0aD0iNjAwIiBib3JkZXI9IjAiIGFsaWduPSJjZW50ZXIiIGNlbGxwYWRkaW5nPSIxIiBjZWxsc3BhY2luZz0iMCI+IDx0cj4gPHRkIHdpZHRoPSI2MDAiIHZhbGlnbj0idG9wIiBhbGlnbj0ibGVmdCI+PGJyPjxmb250IHNpemU9IjMiPuOCreODo+ODq+ODq+ODg+OCr+OBruOBiue0hOadn+OAgeODlOODg+OCq+ODlOOCq+OBruODoeODg+OCreODm+OCpOODvOODq+OCq+ODkOODvOOBp+OBmeOAguODleOCoeOCpOODs+ODgOODvOOBi+OCieOBr+OBv+WHuuOBl+OBq+OBj+OBhOW9oueKtuOAgjwvZm9udD48L3RkPjwvdHI+PC90YWJsZT48L3RkPjwvdHI+PC90YWJsZT48dGFibGUgd2lkdGg9IjMwMCIgYm9yZGVyPSIwIiBjZWxsc3BhY2luZz0iMCIgY2VsbHBhZGRpbmc9IjAiPjx0cj48dGQ+PGZvbnQgY29sb3I9IiMzMzMzMzMiIHNpemU9Ii0xIj7jgq3jg6Pjg6vjg6vjg4Pjgq/jga7jgYrntITmnZ/jgIHjg5Tjg4Pjgqvjg5Tjgqvjga7jg6Hjg4Pjgq3jg5vjgqTjg7zjg6vjgqvjg5Djg7zjgafjgZnjgILjg5XjgqHjgqTjg7Pjg4Djg7zjgYvjgonjga/jgb/lh7rjgZfjgavjgY/jgYTlvaLnirbjgII8L2ZvbnQ+PC90ZD48L3RyPjwvdGFibGU+PGJyPjx0YWJsZSB3aWR0aD0iMzAwIiBib3JkZXI9IjAiIGNlbGxwYWRkaW5nPSI1IiBjZWxsc3BhY2luZz0iMSIgYmdjb2xvcj0iIzY2NjY2NiI+PHRyIGJnY29sb3I9IiNGRkZGRkYiPjx0ZCB3aWR0aD0iMjUlIiBhbGlnbj0iY2VudGVyIiBub3dyYXAgYmdjb2xvcj0iI0ZGRkZDQyI+PGZvbnQgY29sb3I9IiMzMzMzMzMiIHNpemU9Ii0xIj7jgrXjgqTjgro8L2ZvbnQ+PC90ZD48dGQgd2lkdGg9Ijc1JSIgYWxpZ249ImxlZnQiPjxmb250IGNvbG9yPSIjMzMzMzMzIiBzaXplPSItMSI+MTLjgqTjg7Pjg4E8L2ZvbnQ+PGJyPjxmb250IGNvbG9yPSIjMzMzMzMzIiBzaXplPSItMSI+5YCL6KOF44K144Kk44K677yaMzQuNcOXMTguNcOXMzQuNWNtPC9mb250PjwvdGQ+PC90cj48dHIgYmdjb2xvcj0iI0ZGRkZGRiI+PHRkIGFsaWduPSJjZW50ZXIiIG5vd3JhcCBiZ2NvbG9yPSIjRkZGRkNDIj48Zm9udCBjb2xvcj0iIzMzMzMzMyIgc2l6ZT0iLTEiPumHjemHjzwvZm9udD48L3RkPjx0ZCBhbGlnbj0ibGVmdCI+PGZvbnQgY29sb3I9IiMzMzMzMzMiIHNpemU9Ii0xIj7lgIvoo4Xph43ph4/vvJoxNzAwZzwvZm9udD48L3RkPjwvdHI+PHRyIGJnY29sb3I9IiNGRkZGRkYiPjx0ZCBhbGlnbj0iY2VudGVyIiBub3dyYXAgYmdjb2xvcj0iI0ZGRkZDQyI+PGZvbnQgY29sb3I9IiMzMzMzMzMiIHNpemU9Ii0xIj7ntKDmnZDjg7vmnZDos6o8L2ZvbnQ+PC90ZD48dGQgYWxpZ249ImxlZnQiPjxmb250IGNvbG9yPSIjMzMzMzMzIiBzaXplPSItMSI+QUJT5qi56ISCPC9mb250PjwvdGQ+PC90cj48dHIgYmdjb2xvcj0iI0ZGRkZGRiI+PHRkIGFsaWduPSJjZW50ZXIiIG5vd3JhcCBiZ2NvbG9yPSIjRkZGRkNDIj48Zm9udCBjb2xvcj0iIzMzMzMzMyIgc2l6ZT0iLTEiPuOCu+ODg+ODiOWGheWuuTwvZm9udD48L3RkPjx0ZCBhbGlnbj0ibGVmdCI+PGZvbnQgY29sb3I9IiMzMzMzMzMiIHNpemU9Ii0xIj4x5Y+w5YiGKDTmnpop44K744OD44OIPC9mb250PjwvdGQ+PC90cj48dHIgYmdjb2xvcj0iI0ZGRkZGRiI+PHRkIGFsaWduPSJjZW50ZXIiIG5vd3JhcCBiZ2NvbG9yPSIjRkZGRkNDIj48Zm9udCBjb2xvcj0iIzMzMzMzMyIgc2l6ZT0iLTEiPuijvemAoOWbvTwvZm9udD48L3RkPjx0ZCBhbGlnbj0ibGVmdCI+PGZvbnQgY29sb3I9IiMzMzMzMzMiIHNpemU9Ii0xIj7lj7Dmub48L2ZvbnQ+PC90ZD48L3RyPjwvdGFibGU+,44CQ6YCB5paZ54Sh5paZ44CR44K544O844OR44O844Kt44Oj44Or44Ob44Kk44O844Or44Kr44OQ44O8IDEy44Kk44Oz44OBIEJYLTQ1MC8wMDM1YWov44Kr44O855So5ZOBIOiHquWLlei7iueUqOWTgSDoh6rou6Lou4rnlKjlk4Eg6Ieq5YuV6LuKIOiHqui7oui7iiDjgqvjg7wg44OQ44Kk44K544Kv44OrIGNhciBiaWN5Y2xlIOi1sOOCiyDjg63jg7zjg4kg44OE44O844Oq44Oz44KwIOmBk+i3ryDkuqTpgJog6LuK6YGTIOS5l+OCiyDku5jlsZ7lk4Eg5a6J5YWo77ya44GC44Gj44Go44KJ44GE44G1,6Ieq6Lui6LuKL+ODmOODq+ODoeODg+ODiC/oh6rou6Lou4rnlKgv44OY44Or44Oh44OD44OIL+OBk+OBqeOCgueUqC/jgZjjgabjgpPjgZfjgoMvaGVsbWV0L+ODmOODq+ODoeODg+ODiC/jgYvjgo/jgYTjgYQv44OY44Or44Oh44OD44OIL+OCreODg+OCui9iZXJuL+ODkOODvOODs+ODkOODg+OCr+OCpOODs+ODkOODg+OCry/nlLflpbPlhbznlKgv44OQ44OD44Kw44Kk44Oz44OQ44OD44KwL+ODkOODg+OCsOOCpOODs+ODkOODg+OCsC/jgqTjg7Pjg4rjg7zjg5Djg4PjgrAv6YCB5paZ54Sh5paZL+ODkOODg+OCsOOCpOODs+ODkOODg+OCsC/ml4XooYznlKjlk4Ev44OQ44OD44Kv44Kk44Oz44OQ44OD44KvL+OBiuOBl+OCg+OCjC/jgrfjg6fjg6vjg4Djg7wv44OI44O844OIL+ODoeODs+OCui/jg6zjg4fjgqPjg7zjgrkv44OQ44OD44KwL+ODiOODvOODiC/jg5zjgrnjg4jjg7Pjg5Djg4PjgrAvYmFnL+mehC/jgYvjgbDjgpMv44Kr44OQ44Oz44K544Oe44Ob44Kx44O844K5aVBob25lNXMvaVBob25lNWMvaVBob25lNS9YcGVyaWEvYS9TTy0wNEUvR2FsYXh5L1M0L0FSUk9XUy9OWC9BUVVPUy9QSE9ORS9pUGhvbmUvNS9pUGhvbmUvNHMvR2FsYXh5L1MzL+OCqOOCr+OCueODmuODquOCoi/jgq7jg6Pjg6njgq/jgrfjg7wv44Ki44Ot44O844K6L+OCouOCr+OCquOCueODleOCqeODsy/jgqLjgqTjg5Xjgqnjg7Ppm7vou4ov44Gn44KT44GX44KDL+mJhOmBky/jgabjgaTjganjgYYv44OI44Os44Kk44OzL+aWsOW5uee3mi/jgZfjgpPjgYvjgpPjgZvjgpMvMOezuy/jgbLjgYvjgoov44GT44Gg44G+L+OCsOODg+OCui/jg5XjgqHjg7Mv44Kz44Os44Kv44K344On44OzL+ODkOODg+OCsC9CQUcv6Z6EL+OBi+OBsOOCky/jgq3jg4Pjgrov44K444Ol44OL44KiL+WtkOS+my/lhaXlnJIv5YWl5a2mL+mAmuWcki/kv53ogrLlnJIv5bm856ia5ZySL+OBiuOCguOBoeOCgy/njqnlhbcv44OX44Os44K844Oz44OIL+i0iOOCiueJqS/jgq7jg5Xjg4gv44GL44KP44GE44GEL+OBi+OBo+OBk+OBhOOBhC9CdWNjYS9Cb28v44OW44OD44Kr44OW44O844OW44Op44Oz44OJL1RSSUNLU1RFUi/jg4jjg6rjg4Pjgq/jgrnjgr/jg7wv44Kq44Kk44Or44Os44K244O8L+OCruODleODiC/jg5fjg6zjgrzjg7Pjg4gv44Op44Km44Oz44OJ44OV44Kh44K544OK44O8L+ODqeOCpuODs+ODieODleOCoeOCueODiuODvOmVt+iyoeW4gy/osqHluIMv44GK6LKh5biDL+OCteOCpOODlS/jgZXjgYTjgbUv44Km44Kp44Os44OD44OIL+ODrOOCtuODvOmVt+iyoeW4gy/jg6Hjg7Pjgrov55S35oCn55SoL+mAmuWLpC/jgYrku5Xkuosv6YCa5a2mL+acrOmdqS/jg6zjgrbjg7wv44K344Oz44OX44Or44Kk44Oz44OG44Oq44KiL+mbkeiyqC/pn7Plo7Av5pmC6KiIL+OBqOOBkeOBhC/lhYnjgosv44Op44Kk44OIL+ebruimmuOBvuOBl+aZguioiC/pn7Plo7DmqZ/og70v6Kqt44G/5LiK44GS44CQ6YCB5paZ54Sh5paZ44CR44K544O844OR44O844Kt44Oj44Or44Ob44Kk44O844Or44Kr44OQ44O8IDEy44Kk44Oz44OBIEJYLTQ1MC8wMDM1YWov44Kr44O855So5ZOBIOiHquWLlei7iueUqOWTgSDoh6rou6Lou4rnlKjlk4Eg6Ieq5YuV6LuKIOiHqui7oui7iiDjgqvjg7wg44OQ44Kk44K544Kv44OrIGNhciBiaWN5Y2xlIOi1sOOCiyDjg63jg7zjg4kg44OE44O844Oq44Oz44KwIOmBk+i3ryDkuqTpgJog6LuK6YGTIOS5l+OCiyDku5jlsZ7lk4Eg5a6J5YWo,44Kr44O855So5ZOBIOiHquWLlei7iueUqOWTgSDoh6rou6Lou4rnlKjlk4Eg6Ieq5YuV6LuKIOiHqui7oui7iiDjgqvjg7wg44OQ44Kk44K544Kv44Or44CC44CQ6YCB5paZ54Sh5paZ44CR44K544O844OR44O844Kt44Oj44Or44Ob44Kk44O844Or44Kr44OQ44O8IDEy44Kk44Oz44OBIEJYLTQ1MC8wMDM1YWov44Kr44O855So5ZOBIOiHquWLlei7iueUqOWTgSDoh6rou6Lou4rnlKjlk4Eg6Ieq5YuV6LuKIOiHqui7oui7iiDjgqvjg7wg44OQ44Kk44K544Kv44OrIGNhciBiaWN5Y2xlIOi1sOOCiyDjg63jg7zjg4kg44OE44O844Oq44Oz44KwIOmBk+i3ryDkuqTpgJog6LuK6YGTIOS5l+OCiyDku5jlsZ7lk4Eg5a6J5YWo[rn]
21-63122,aHR0cDovL3RzaG9wLnIxMHMuanAvY3JlZXIvY2FiaW5ldC8wMTE4NjExNi9pbWc1ODQyNTU3NC5qcGc/Zml0aW49NzAwOjcwMA==,NDk2LjgwMDA=,,6LuK55So5ZOB44O744OQ44Kk44Kv55So5ZOBID4g44Kr44O855So5ZOBID4g44Ob44Kk44O844Or44O744K/44Kk44Ok5ZGo6L6655So5ZOBID4g44K/44Kk44Ok44Op44OD44Kv44O744Kr44OQ44O8,Q0hLIEtZLTMxN1Mg44K/44Kk44Ok5Y+O57SN44Kr44OQ44O8IFPjgrXjgqTjgrog44CQ6Lu96Ieq5YuV6LuK55SoL+ebtOW+hDU1MG1t5Lul5LiL44O744K/44Kk44Ok6auY44GVNjUwbW3ku6XkuIvjgJE=,44CQ44Kr44O844OJT0sh44CR,PENFTlRFUj4KCjxUQUJMRSBXSURUSD04MDAgQ0VMTFNQQUNJTkc9MCBDRUxMUEFERElORz0yPgo8VFIgQkdDT0xPUj0jZmZmZmZmPgo8VEQgQkdDT0xPUj0jRkY2NkZGIEFMSUdOPWNlbnRlciBXSURUSD0yMyU+CjxGT05UIENPTE9SPSNmZmZmZmY+PEI+5ZWG5ZOB6Kqs5piOPC9CPjwvRk9OVD48L1REPgo8VFI+PFREIEJHQ09MT1I9I0ZGNjZGRiBBTElHTj1jZW50ZXI+PFRBQkxFIEJHQ09MT1I9I2ZmZmZmZiBXSURUSD0xMDAlIENFTExQQURESU5HPTU+PFREPgoKCuODu0NIS+OBruOCv+OCpOODpOOCq+ODkOODvOOAgUtZLTMxN1PjgafjgZnjgIIKPEJSPuODu+OCv+OCpOODpDTmnKzjgpLjgZnjgaPjgb3jgorlj47ntI3jgILjgr/jgqTjg6TjgpLmsZrjgozjgIHpm6jjgIHln4PjgYvjgonlrojjgorjgb7jgZnjgIIKPEJSPuODu+ebtOW+hDU1MG1t5Lul5LiL44O744K/44Kk44Ok6auY44GVNjUwbW3ku6XkuIvjgafou73oh6rli5Xou4rnlKjjgr/jgqTjg6TnlKjjgavjgarjgorjgb7jgZnjgIIKCgoKPC9UQUJMRT48L1RSPjwvVEQ+PC9URD48L1RBQkxFPjxzdHlsZSB0eXBlPSJ0ZXh0L2NzcyI+Ci8q6LK344GE54mp44GL44GU44Gr5YWl44KM44KL44Oc44K/44OzKi8KI3Jha3V0ZW5MaW1pdGVkSWRfYXJvdW5kQ2FydCBpbnB1dFt2YWx1ZT0i6LK344GE54mp44GL44GU44Gr5YWl44KM44KLIl17CmJhY2tncm91bmQ6IHVybCgiaHR0cDovL2ltYWdlLnJha3V0ZW4uY28uanAvY3JlZXIvY2FiaW5ldC9pdmVudC9pbWdyYzAwNjM5NDQyMjAuanBnIikgbGVmdCB0b3Agbm8tcmVwZWF0Owp3aWR0aDoyMzVweDsKaGVpZ2h0OjU0cHg7CnRleHQtaW5kZW50OjEwMCU7CndoaXRlLXNwYWNlOm5vd3JhcDsKb3ZlcmZsb3c6aGlkZGVuOwpib3JkZXI6IG5vbmU7CnBhZGRpbmc6MDsKbWFyZ2luLXRvcDo1cHggMDsKY3Vyc29yOnBvaW50ZXI7Cn0KI3Jha3V0ZW5MaW1pdGVkSWRfYXJvdW5kQ2FydCB0Ym9keSB0ciB0ZCBpbnB1dDpob3ZlcnsKYWxwaGEob3BhY2l0eT04KTsKLW1vei1vcGFjaXR5OjAuODsKb3BhY2l0eTowLjg7CmN1cnNvcjpwb2ludGVyOwp9CgovKuWAi+aVsOWFpeWKmyjnrrEpKi8KaW5wdXQjdW5pdHMgewpib3JkZXI6c29saWQgI2NjYyAxcHg7CmJhY2tncm91bmQ6I2ZmZiFpbXBvcnRhbnQ7CndpZHRoOjM1cHg7CmhlaWdodDozNXB4OwpjdXJzb3I6YXV0bzsKcGFkZGluZzo3cHggN3B4IDdweCAzcHg7Cm1hcmdpbi1ib3R0b206MTdweDsKZm9udC1zaXplOjE3cHg7CmNvbG9yOiMwMDA7Cn0KCi8qIOOBiuawl+OBq+WFpeOCiuWVhuWTgeW3ruOBl+abv+OBiOOCv+OCsCAqLwojcmFrdXRlbkxpbWl0ZWRJZF9hcm91bmRDYXJ0ICNzZXJ2aWNlVGFibGVTbWwgdGQuZmF2b3JpdGUgewpwYWRkaW5nLXRvcDogNXB4Owp9CiNyYWt1dGVuTGltaXRlZElkX2Fyb3VuZENhcnQgZGl2LmJvb2ttYXJrQXJlYSBkaXYuYmttIHsKd2lkdGg6IDIwMHB4ICFpbXBvcnRhbnQ7CmhlaWdodDozNXB4ICFpbXBvcnRhbnQ7CnBhZGRpbmc6IDBweCAwcHggMTBweCAwcHggIWltcG9ydGFudDsKfQojcmFrdXRlbkxpbWl0ZWRJZF9hcm91bmRDYXJ0IGRpdi5ib29rbWFya0FyZWEgZGl2LmJrbSBhLmFkZEJrbSB7CndpZHRoOiAyMDBweCAhaW1wb3J0YW50OwpoZWlnaHQ6MzVweCAhaW1wb3J0YW50Owp9CiNyYWt1dGVuTGltaXRlZElkX2Fyb3VuZENhcnQgZGl2LmJvb2ttYXJrQXJlYSBkaXYuYmttIGEuYWRkQmttIHNwYW4uYmttU3RhciB7CmRpc3BsYXk6IGlubGluZS1ibG9jayAhaW1wb3J0YW50Owp3aWR0aDogMjAwcHggIWltcG9ydGFudDsKaGVpZ2h0OjM1cHggIWltcG9ydGFudDsKbWFyZ2luOjBweCAwcHggMTBweCAwcHggIWltcG9ydGFudDsKYmFja2dyb3VuZDogdXJsKCJodHRwOi8vaW1hZ2UucmFrdXRlbi5jby5qcC9jcmVlci9jYWJpbmV0L2l2ZW50L2ltZ3JjMDA2Mzk0NDIzMy5qcGciKSBuby1yZXBlYXQgIWltcG9ydGFudDsKfQoKLyog44GK5rCX44Gr5YWl44KK44K344On44OD44OX5beu44GX5pu/44GI44K/44KwICovCmRpdi5ib29rbWFya0FyZWEgewp3aWR0aDogMjAwcHggIWltcG9ydGFudDsKfQojcmFrdXRlbkxpbWl0ZWRJZF9hcm91bmRDYXJ0IGRpdi5zaG9wQm9va21hcmtBcmVhIGRpdi5zaG9wQmttIHsKd2lkdGg6IDIwMHB4ICFpbXBvcnRhbnQ7CmhlaWdodDozNXB4ICFpbXBvcnRhbnQ7CnBhZGRpbmc6IDBweCAwcHggIWltcG9ydGFudDsKcGFkZGluZy1sZWZ0OiAwcHggIWltcG9ydGFudDsKfQojcmFrdXRlbkxpbWl0ZWRJZF9hcm91bmRDYXJ0IGRpdi5zaG9wQm9va21hcmtBcmVhIGRpdi5zaG9wQmttIGEuYWRkU2hvcEJrbSBzcGFuLnNob3BCa21TdGFyIHsKZGlzcGxheTogaW5saW5lLWJsb2NrICFpbXBvcnRhbnQ7CndpZHRoOiAyMDBweCAhaW1wb3J0YW50OwpoZWlnaHQ6MzVweCAhaW1wb3J0YW50OwptYXJnaW4tcmlnaHQ6IDBweCAhaW1wb3J0YW50OwpiYWNrZ3JvdW5kOiB1cmwoImh0dHA6Ly9pbWFnZS5yYWt1dGVuLmNvLmpwL2NyZWVyL2NhYmluZXQvaXZlbnQvaW1ncmMwMDYzOTQ0MjM0LmpwZyIpIG5vLXJlcGVhdCAhaW1wb3J0YW50Owp9Cjwvc3R5bGU+,Q0hLIEtZLTMxN1Mg44K/44Kk44Ok5Y+O57SN44Kr44OQ44O8IFPjgrXjgqTjgrog44CQ6Lu96Ieq5YuV6LuK55SoL+ebtOW+hDU1MG1t5Lul5LiL44O744K/44Kk44Ok6auY44GVNjUwbW3ku6XkuIvjgJHvvJrjgq/jg6zjg7zjg6vjgqrjg7Pjg6njgqTjg7Pjgrfjg6fjg4Pjg5c=,44Kq44O844OH44Kj44Kq44OG44Kv44OL44Kr44Kz44Og44OG44OD44Kv44K744Or44K544K/44O844Om44OU44OG44Or44Kr44O844Kq44O844OH44Kj44Kq6LuK6auY6Kq/44Os44O844OA44O85o6i55+l5qmf44OH44OD44OJ44OL44Oz44KwQ0hLIEtZLTMxN1Mg44K/44Kk44Ok5Y+O57SN44Kr44OQ44O8IFPjgrXjgqTjgrog44CQ6Lu96Ieq5YuV6LuK55SoL+ebtOW+hDU1MG1t5Lul5LiL44O744K/44Kk44Ok6auY44GVNjUwbW3ku6XkuIvjgJE=,44CQ44Kr44O844OJT0sh44CR44CCQ0hLIEtZLTMxN1Mg44K/44Kk44Ok5Y+O57SN44Kr44OQ44O8IFPjgrXjgqTjgrog44CQ6Lu96Ieq5YuV6LuK55SoL+ebtOW+hDU1MG1t5Lul5LiL44O744K/44Kk44Ok6auY44GVNjUwbW3ku6XkuIvjgJE=[rn]
21-63123,aHR0cDovL3RzaG9wLnIxMHMuanAvY3JlZXIvY2FiaW5ldC9tZWx0ZWMvaW1nNjAyODAyNjUuanBnP2ZpdGluPTcwMDo3MDA=,NjY3LjIwMDA=,,6LuK55So5ZOB44O744OQ44Kk44Kv55So5ZOBID4g44Kr44O855So5ZOBID4g44Ob44Kk44O844Or44O744K/44Kk44Ok5ZGo6L6655So5ZOBID4g44K/44Kk44Ok44Op44OD44Kv44O744Kr44OQ44O8,5aSn6Ieq5bel5qWtIE1lbHRlYyBUQy0wMiDjgr/jgqTjg6Tjgqvjg5Djg7wgTSDmma7pgJrou4rnlKgg44CQ44K/44Kk44Ok5bmFMTk1bW3ku6XkuIvlr77lv5zjgJE=,44CQ44Kr44O844OJT0sh44CR,PENFTlRFUj4KCjxUQUJMRSBXSURUSD04MDAgQ0VMTFNQQUNJTkc9MCBDRUxMUEFERElORz0yPgo8VFIgQkdDT0xPUj0jZmZmZmZmPgo8VEQgQkdDT0xPUj0jRkY2NkZGIEFMSUdOPWNlbnRlciBXSURUSD0yMyU+CjxGT05UIENPTE9SPSNmZmZmZmY+PEI+5ZWG5ZOB6Kqs5piOPC9CPjwvRk9OVD48L1REPgo8VFI+PFREIEJHQ09MT1I9I0ZGNjZGRiBBTElHTj1jZW50ZXI+PFRBQkxFIEJHQ09MT1I9I2ZmZmZmZiBXSURUSD0xMDAlIENFTExQQURESU5HPTU+PFREPgoKCgrjg7vlpKfoh6rlt6Xmpa3jga7jgr/jgqTjg6Tjgqvjg5Djg7wgTSDmma7pgJrou4rnlKjjgIFUQy0wMuOBp+OBmeOAggo8QlI+44O744K/44Kk44Ok5bmFMTk1bW3ku6XkuIvjga7jgr/jgqTjg6Tjgavlr77lv5zjgZfjgb7jgZnjgIIKPEJSPuODu+S+v+WIqeOBque0kOOAgeOCs+ODvOODieODreODg+OCr+OAgeOCv+OCpOODpOS9jee9rueiuuiqjeOCt+ODvOODq+S7mOOBp+OBmeOAggoKPEJSPjxCUj4KPGZvbnQgc2l6ZT0yPgo8Qj7llYblk4Hku5Xmp5g8L0I+CjxCUj7llYblk4HjgrXjgqTjgro657SENjcwKOebtOW+hCnDlzgyMCjpq5jjgZUpIG1tCjxCUj7ph43ph48657SEMjMwIGcKPEJSPuadkOizqjrjg53jg6rjgqjjgrnjg4bjg6sKPEJSPue0kOOAgeOCs+ODvOODieODreODg+OCr+OAgeOCv+OCpOODpOS9jee9rueiuuiqjeOCt+ODvOODqwo8QlI+5Y+C6ICD6LuK56iuOiDjg7TjgqPjg4Pjg4TjgIHjgqvjg63jg7zjg6njgIHjg57jg7zjg4HjgIHjg5XjgqPjg4Pjg4jjgIHjg4fjg5/jgqrjgIHjgrPjg6vjg4hldGMKPEJSPuKAu+OBquOBiuOAgeS4iuiomOi7iueoruOCv+OCpOODpOOBp+OCguS9v+eUqOOBp+OBjeOBquOBhOWgtOWQiOOBjOOBlOOBluOBhOOBvuOBmeOAguOBlOizvOWFpeWJjeOBq+W/heOBmuOCteOCpOOCuuOCkuOBlOeiuuiqjeOBhOOBn+OBoOOBkeOBvuOBmeanmOOBiumhmOOBhOiHtOOBl+OBvuOBmeOAggoKPC9mb250PgoKPC9UQUJMRT48L1RSPjwvVEQ+PC9URD48L1RBQkxFPjxzdHlsZSB0eXBlPSJ0ZXh0L2NzcyI+Ci8q6LK344GE54mp44GL44GU44Gr5YWl44KM44KL44Oc44K/44OzKi8KI3Jha3V0ZW5MaW1pdGVkSWRfYXJvdW5kQ2FydCBpbnB1dFt2YWx1ZT0i6LK344GE54mp44GL44GU44Gr5YWl44KM44KLIl17CmJhY2tncm91bmQ6IHVybCgiaHR0cDovL2ltYWdlLnJha3V0ZW4uY28uanAvY3JlZXIvY2FiaW5ldC9pdmVudC9pbWdyYzAwNjM5NDQyMjAuanBnIikgbGVmdCB0b3Agbm8tcmVwZWF0Owp3aWR0aDoyMzVweDsKaGVpZ2h0OjU0cHg7CnRleHQtaW5kZW50OjEwMCU7CndoaXRlLXNwYWNlOm5vd3JhcDsKb3ZlcmZsb3c6aGlkZGVuOwpib3JkZXI6IG5vbmU7CnBhZGRpbmc6MDsKbWFyZ2luLXRvcDo1cHggMDsKY3Vyc29yOnBvaW50ZXI7Cn0KI3Jha3V0ZW5MaW1pdGVkSWRfYXJvdW5kQ2FydCB0Ym9keSB0ciB0ZCBpbnB1dDpob3ZlcnsKYWxwaGEob3BhY2l0eT04KTsKLW1vei1vcGFjaXR5OjAuODsKb3BhY2l0eTowLjg7CmN1cnNvcjpwb2ludGVyOwp9CgovKuWAi+aVsOWFpeWKmyjnrrEpKi8KaW5wdXQjdW5pdHMgewpib3JkZXI6c29saWQgI2NjYyAxcHg7CmJhY2tncm91bmQ6I2ZmZiFpbXBvcnRhbnQ7CndpZHRoOjM1cHg7CmhlaWdodDozNXB4OwpjdXJzb3I6YXV0bzsKcGFkZGluZzo3cHggN3B4IDdweCAzcHg7Cm1hcmdpbi1ib3R0b206MTdweDsKZm9udC1zaXplOjE3cHg7CmNvbG9yOiMwMDA7Cn0KCi8qIOOBiuawl+OBq+WFpeOCiuWVhuWTgeW3ruOBl+abv+OBiOOCv+OCsCAqLwojcmFrdXRlbkxpbWl0ZWRJZF9hcm91bmRDYXJ0ICNzZXJ2aWNlVGFibGVTbWwgdGQuZmF2b3JpdGUgewpwYWRkaW5nLXRvcDogNXB4Owp9CiNyYWt1dGVuTGltaXRlZElkX2Fyb3VuZENhcnQgZGl2LmJvb2ttYXJrQXJlYSBkaXYuYmttIHsKd2lkdGg6IDIwMHB4ICFpbXBvcnRhbnQ7CmhlaWdodDozNXB4ICFpbXBvcnRhbnQ7CnBhZGRpbmc6IDBweCAwcHggMTBweCAwcHggIWltcG9ydGFudDsKfQojcmFrdXRlbkxpbWl0ZWRJZF9hcm91bmRDYXJ0IGRpdi5ib29rbWFya0FyZWEgZGl2LmJrbSBhLmFkZEJrbSB7CndpZHRoOiAyMDBweCAhaW1wb3J0YW50OwpoZWlnaHQ6MzVweCAhaW1wb3J0YW50Owp9CiNyYWt1dGVuTGltaXRlZElkX2Fyb3VuZENhcnQgZGl2LmJvb2ttYXJrQXJlYSBkaXYuYmttIGEuYWRkQmttIHNwYW4uYmttU3RhciB7CmRpc3BsYXk6IGlubGluZS1ibG9jayAhaW1wb3J0YW50Owp3aWR0aDogMjAwcHggIWltcG9ydGFudDsKaGVpZ2h0OjM1cHggIWltcG9ydGFudDsKbWFyZ2luOjBweCAwcHggMTBweCAwcHggIWltcG9ydGFudDsKYmFja2dyb3VuZDogdXJsKCJodHRwOi8vaW1hZ2UucmFrdXRlbi5jby5qcC9jcmVlci9jYWJpbmV0L2l2ZW50L2ltZ3JjMDA2Mzk0NDIzMy5qcGciKSBuby1yZXBlYXQgIWltcG9ydGFudDsKfQoKLyog44GK5rCX44Gr5YWl44KK44K344On44OD44OX5beu44GX5pu/44GI44K/44KwICovCmRpdi5ib29rbWFya0FyZWEgewp3aWR0aDogMjAwcHggIWltcG9ydGFudDsKfQojcmFrdXRlbkxpbWl0ZWRJZF9hcm91bmRDYXJ0IGRpdi5zaG9wQm9va21hcmtBcmVhIGRpdi5zaG9wQmttIHsKd2lkdGg6IDIwMHB4ICFpbXBvcnRhbnQ7CmhlaWdodDozNXB4ICFpbXBvcnRhbnQ7CnBhZGRpbmc6IDBweCAwcHggIWltcG9ydGFudDsKcGFkZGluZy1sZWZ0OiAwcHggIWltcG9ydGFudDsKfQojcmFrdXRlbkxpbWl0ZWRJZF9hcm91bmRDYXJ0IGRpdi5zaG9wQm9va21hcmtBcmVhIGRpdi5zaG9wQmttIGEuYWRkU2hvcEJrbSBzcGFuLnNob3BCa21TdGFyIHsKZGlzcGxheTogaW5saW5lLWJsb2NrICFpbXBvcnRhbnQ7CndpZHRoOiAyMDBweCAhaW1wb3J0YW50OwpoZWlnaHQ6MzVweCAhaW1wb3J0YW50OwptYXJnaW4tcmlnaHQ6IDBweCAhaW1wb3J0YW50OwpiYWNrZ3JvdW5kOiB1cmwoImh0dHA6Ly9pbWFnZS5yYWt1dGVuLmNvLmpwL2NyZWVyL2NhYmluZXQvaXZlbnQvaW1ncmMwMDYzOTQ0MjM0LmpwZyIpIG5vLXJlcGVhdCAhaW1wb3J0YW50Owp9Cjwvc3R5bGU+,5aSn6Ieq5bel5qWtIE1lbHRlYyBUQy0wMiDjgr/jgqTjg6Tjgqvjg5Djg7wgTSDmma7pgJrou4rnlKgg44CQ44K/44Kk44Ok5bmFMTk1bW3ku6XkuIvlr77lv5zjgJHvvJrjgq/jg6zjg7zjg6vjgqrjg7Pjg6njgqTjg7Pjgrfjg6fjg4Pjg5c=,44Kq44O844OH44Kj44Kq44OG44Kv44OL44Kr44Kz44Og44OG44OD44Kv44K744Or44K544K/44O844Om44OU44OG44Or44Kr44O844Kq44O844OH44Kj44Kq6LuK6auY6Kq/44Os44O844OA44O85o6i55+l5qmf44OH44OD44OJ44OL44Oz44Kw5aSn6Ieq5bel5qWtIE1lbHRlYyBUQy0wMiDjgr/jgqTjg6Tjgqvjg5Djg7wgTSDmma7pgJrou4rnlKgg44CQ44K/44Kk44Ok5bmFMTk1bW3ku6XkuIvlr77lv5zjgJE=,44CQ44Kr44O844OJT0sh44CR44CC5aSn6Ieq5bel5qWtIE1lbHRlYyBUQy0wMiDjgr/jgqTjg6Tjgqvjg5Djg7wgTSDmma7pgJrou4rnlKgg44CQ44K/44Kk44Ok5bmFMTk1bW3ku6XkuIvlr77lv5zjgJE=[rn]
21-63124,aHR0cDovL3RzaG9wLnIxMHMuanAvY3JlZXIvY2FiaW5ldC9tZWx0ZWMvaW1nNjAyODAyNTUuanBnP2ZpdGluPTcwMDo3MDA=,Nzg1LjYwMDA=,,6LuK55So5ZOB44O744OQ44Kk44Kv55So5ZOBID4g44Kr44O855So5ZOBID4g44Ob44Kk44O844Or44O744K/44Kk44Ok5ZGo6L6655So5ZOBID4g44K/44Kk44Ok44Op44OD44Kv44O744Kr44OQ44O8,5aSn6Ieq5bel5qWtIE1lbHRlYyBUQy0wNCDjgr/jgqTjg6Tjgqvjg5Djg7wgTEwgUlbou4rnlKgg44CQ44K/44Kk44Ok5bmFMjc1bW3ku6XkuIvlr77lv5zjgJE=,44CQ44Kr44O844OJT0sh44CR,PENFTlRFUj4KCjxUQUJMRSBXSURUSD04MDAgQ0VMTFNQQUNJTkc9MCBDRUxMUEFERElORz0yPgo8VFIgQkdDT0xPUj0jZmZmZmZmPgo8VEQgQkdDT0xPUj0jRkY2NkZGIEFMSUdOPWNlbnRlciBXSURUSD0yMyU+CjxGT05UIENPTE9SPSNmZmZmZmY+PEI+5ZWG5ZOB6Kqs5piOPC9CPjwvRk9OVD48L1REPgo8VFI+PFREIEJHQ09MT1I9I0ZGNjZGRiBBTElHTj1jZW50ZXI+PFRBQkxFIEJHQ09MT1I9I2ZmZmZmZiBXSURUSD0xMDAlIENFTExQQURESU5HPTU+PFREPgoKCgrjg7vlpKfoh6rlt6Xmpa3jga7jgr/jgqTjg6Tjgqvjg5Djg7wgTEwgUlbou4rnlKjjgIFUQy0wNOOBp+OBmeOAggo8QlI+44O744K/44Kk44Ok5bmFMjc1bW3ku6XkuIvjga7jgr/jgqTjg6Tjgavlr77lv5zjgZfjgb7jgZnjgIIKPEJSPuODu+S+v+WIqeOBque0kOOAgeOCs+ODvOODieODreODg+OCr+OAgeOCv+OCpOODpOS9jee9rueiuuiqjeOCt+ODvOODq+S7mOOBp+OBmeOAggoKPEJSPjxCUj4KPGZvbnQgc2l6ZT0yPgo8Qj7llYblk4Hku5Xmp5g8L0I+CjxCUj7llYblk4HjgrXjgqTjgro657SEODAwKOebtOW+hCnDlzEyMDAo6auY44GVKSBtbQo8QlI+6YeN6YePOue0hDM2MCBnCjxCUj7mnZDos6o644Od44Oq44Ko44K544OG44OrCjxCUj7ntJDjgIHjgrPjg7zjg4njg63jg4Pjgq/jgIHjgr/jgqTjg6TkvY3nva7norroqo3jgrfjg7zjg6sKPEJSPuWPguiAg+i7iueorjog44Op44Oz44OJ44Kv44Or44O844K244O844CB44OX44Op44OJ44CB44OP44Kk44Op44OD44Kv44K544K144O844OV44CB44OR44K444Kn44Ot44CBZXRjCjxCUj7igLvjgarjgYrjgIHkuIroqJjou4rnqK7jgr/jgqTjg6TjgafjgoLkvb/nlKjjgafjgY3jgarjgYTloLTlkIjjgYzjgZTjgZbjgYTjgb7jgZnjgILjgZTos7zlhaXliY3jgavlv4XjgZrjgrXjgqTjgrrjgpLjgZTnorroqo3jgYTjgZ/jgaDjgZHjgb7jgZnmp5jjgYrpoZjjgYToh7TjgZfjgb7jgZnjgIIKCjwvZm9udD4KCjwvVEFCTEU+PC9UUj48L1REPjwvVEQ+PC9UQUJMRT48c3R5bGUgdHlwZT0idGV4dC9jc3MiPgovKuiyt+OBhOeJqeOBi+OBlOOBq+WFpeOCjOOCi+ODnOOCv+ODsyovCiNyYWt1dGVuTGltaXRlZElkX2Fyb3VuZENhcnQgaW5wdXRbdmFsdWU9Iuiyt+OBhOeJqeOBi+OBlOOBq+WFpeOCjOOCiyJdewpiYWNrZ3JvdW5kOiB1cmwoImh0dHA6Ly9pbWFnZS5yYWt1dGVuLmNvLmpwL2NyZWVyL2NhYmluZXQvaXZlbnQvaW1ncmMwMDYzOTQ0MjIwLmpwZyIpIGxlZnQgdG9wIG5vLXJlcGVhdDsKd2lkdGg6MjM1cHg7CmhlaWdodDo1NHB4Owp0ZXh0LWluZGVudDoxMDAlOwp3aGl0ZS1zcGFjZTpub3dyYXA7Cm92ZXJmbG93OmhpZGRlbjsKYm9yZGVyOiBub25lOwpwYWRkaW5nOjA7Cm1hcmdpbi10b3A6NXB4IDA7CmN1cnNvcjpwb2ludGVyOwp9CiNyYWt1dGVuTGltaXRlZElkX2Fyb3VuZENhcnQgdGJvZHkgdHIgdGQgaW5wdXQ6aG92ZXJ7CmFscGhhKG9wYWNpdHk9OCk7Ci1tb3otb3BhY2l0eTowLjg7Cm9wYWNpdHk6MC44OwpjdXJzb3I6cG9pbnRlcjsKfQoKLyrlgIvmlbDlhaXlipso566xKSovCmlucHV0I3VuaXRzIHsKYm9yZGVyOnNvbGlkICNjY2MgMXB4OwpiYWNrZ3JvdW5kOiNmZmYhaW1wb3J0YW50Owp3aWR0aDozNXB4OwpoZWlnaHQ6MzVweDsKY3Vyc29yOmF1dG87CnBhZGRpbmc6N3B4IDdweCA3cHggM3B4OwptYXJnaW4tYm90dG9tOjE3cHg7CmZvbnQtc2l6ZToxN3B4Owpjb2xvcjojMDAwOwp9CgovKiDjgYrmsJfjgavlhaXjgorllYblk4Hlt67jgZfmm7/jgYjjgr/jgrAgKi8KI3Jha3V0ZW5MaW1pdGVkSWRfYXJvdW5kQ2FydCAjc2VydmljZVRhYmxlU21sIHRkLmZhdm9yaXRlIHsKcGFkZGluZy10b3A6IDVweDsKfQojcmFrdXRlbkxpbWl0ZWRJZF9hcm91bmRDYXJ0IGRpdi5ib29rbWFya0FyZWEgZGl2LmJrbSB7CndpZHRoOiAyMDBweCAhaW1wb3J0YW50OwpoZWlnaHQ6MzVweCAhaW1wb3J0YW50OwpwYWRkaW5nOiAwcHggMHB4IDEwcHggMHB4ICFpbXBvcnRhbnQ7Cn0KI3Jha3V0ZW5MaW1pdGVkSWRfYXJvdW5kQ2FydCBkaXYuYm9va21hcmtBcmVhIGRpdi5ia20gYS5hZGRCa20gewp3aWR0aDogMjAwcHggIWltcG9ydGFudDsKaGVpZ2h0OjM1cHggIWltcG9ydGFudDsKfQojcmFrdXRlbkxpbWl0ZWRJZF9hcm91bmRDYXJ0IGRpdi5ib29rbWFya0FyZWEgZGl2LmJrbSBhLmFkZEJrbSBzcGFuLmJrbVN0YXIgewpkaXNwbGF5OiBpbmxpbmUtYmxvY2sgIWltcG9ydGFudDsKd2lkdGg6IDIwMHB4ICFpbXBvcnRhbnQ7CmhlaWdodDozNXB4ICFpbXBvcnRhbnQ7Cm1hcmdpbjowcHggMHB4IDEwcHggMHB4ICFpbXBvcnRhbnQ7CmJhY2tncm91bmQ6IHVybCgiaHR0cDovL2ltYWdlLnJha3V0ZW4uY28uanAvY3JlZXIvY2FiaW5ldC9pdmVudC9pbWdyYzAwNjM5NDQyMzMuanBnIikgbm8tcmVwZWF0ICFpbXBvcnRhbnQ7Cn0KCi8qIOOBiuawl+OBq+WFpeOCiuOCt+ODp+ODg+ODl+W3ruOBl+abv+OBiOOCv+OCsCAqLwpkaXYuYm9va21hcmtBcmVhIHsKd2lkdGg6IDIwMHB4ICFpbXBvcnRhbnQ7Cn0KI3Jha3V0ZW5MaW1pdGVkSWRfYXJvdW5kQ2FydCBkaXYuc2hvcEJvb2ttYXJrQXJlYSBkaXYuc2hvcEJrbSB7CndpZHRoOiAyMDBweCAhaW1wb3J0YW50OwpoZWlnaHQ6MzVweCAhaW1wb3J0YW50OwpwYWRkaW5nOiAwcHggMHB4ICFpbXBvcnRhbnQ7CnBhZGRpbmctbGVmdDogMHB4ICFpbXBvcnRhbnQ7Cn0KI3Jha3V0ZW5MaW1pdGVkSWRfYXJvdW5kQ2FydCBkaXYuc2hvcEJvb2ttYXJrQXJlYSBkaXYuc2hvcEJrbSBhLmFkZFNob3BCa20gc3Bhbi5zaG9wQmttU3RhciB7CmRpc3BsYXk6IGlubGluZS1ibG9jayAhaW1wb3J0YW50Owp3aWR0aDogMjAwcHggIWltcG9ydGFudDsKaGVpZ2h0OjM1cHggIWltcG9ydGFudDsKbWFyZ2luLXJpZ2h0OiAwcHggIWltcG9ydGFudDsKYmFja2dyb3VuZDogdXJsKCJodHRwOi8vaW1hZ2UucmFrdXRlbi5jby5qcC9jcmVlci9jYWJpbmV0L2l2ZW50L2ltZ3JjMDA2Mzk0NDIzNC5qcGciKSBuby1yZXBlYXQgIWltcG9ydGFudDsKfQo8L3N0eWxlPg==,5aSn6Ieq5bel5qWtIE1lbHRlYyBUQy0wNCDjgr/jgqTjg6Tjgqvjg5Djg7wgTEwgUlbou4rnlKgg44CQ44K/44Kk44Ok5bmFMjc1bW3ku6XkuIvlr77lv5zjgJHvvJrjgq/jg6zjg7zjg6vjgqrjg7Pjg6njgqTjg7Pjgrfjg6fjg4Pjg5c=,44Kq44O844OH44Kj44Kq44OG44Kv44OL44Kr44Kz44Og44OG44OD44Kv44K744Or44K544K/44O844Om44OU44OG44Or44Kr44O844Kq44O844OH44Kj44Kq6LuK6auY6Kq/44Os44O844OA44O85o6i55+l5qmf44OH44OD44OJ44OL44Oz44Kw5aSn6Ieq5bel5qWtIE1lbHRlYyBUQy0wNCDjgr/jgqTjg6Tjgqvjg5Djg7wgTEwgUlbou4rnlKgg44CQ44K/44Kk44Ok5bmFMjc1bW3ku6XkuIvlr77lv5zjgJE=,44CQ44Kr44O844OJT0sh44CR44CC5aSn6Ieq5bel5qWtIE1lbHRlYyBUQy0wNCDjgr/jgqTjg6Tjgqvjg5Djg7wgTEwgUlbou4rnlKgg44CQ44K/44Kk44Ok5bmFMjc1bW3ku6XkuIvlr77lv5zjgJE=[rn]
21-63125,aHR0cDovL3RzaG9wLnIxMHMuanAvY3JlZXIvY2FiaW5ldC9tZWx0ZWMvaW1nNjAyODAxODguanBnP2ZpdGluPTcwMDo3MDA=,NzExLjIwMDA=,,6LuK55So5ZOB44O744OQ44Kk44Kv55So5ZOBID4g44Kr44O855So5ZOBID4g44Ob44Kk44O844Or44O744K/44Kk44Ok5ZGo6L6655So5ZOBID4g44K/44Kk44Ok44Op44OD44Kv44O744Kr44OQ44O8,5aSn6Ieq5bel5qWtIE1lbHRlYyBUQy0wMyDjgr/jgqTjg6Tjgqvjg5Djg7wgTCDjg5/jg4vjg5Djg7PnlKgg44CQ44K/44Kk44Ok5bmFMjI1bW3ku6XkuIvlr77lv5zjgJE=,44CQ44Kr44O844OJT0sh44CR,PENFTlRFUj4KCjxUQUJMRSBXSURUSD04MDAgQ0VMTFNQQUNJTkc9MCBDRUxMUEFERElORz0yPgo8VFIgQkdDT0xPUj0jZmZmZmZmPgo8VEQgQkdDT0xPUj0jRkY2NkZGIEFMSUdOPWNlbnRlciBXSURUSD0yMyU+CjxGT05UIENPTE9SPSNmZmZmZmY+PEI+5ZWG5ZOB6Kqs5piOPC9CPjwvRk9OVD48L1REPgo8VFI+PFREIEJHQ09MT1I9I0ZGNjZGRiBBTElHTj1jZW50ZXI+PFRBQkxFIEJHQ09MT1I9I2ZmZmZmZiBXSURUSD0xMDAlIENFTExQQURESU5HPTU+PFREPgoKCgrjg7vlpKfoh6rlt6Xmpa3jga7jgr/jgqTjg6Tjgqvjg5Djg7wgTCDjg5/jg4vjg5Djg7PnlKjjgIFUQy0wM+OBp+OBmeOAggo8QlI+44O744K/44Kk44Ok5bmFMjI1bW3ku6XkuIvjga7jgr/jgqTjg6Tjgavlr77lv5zjgZfjgb7jgZnjgIIKPEJSPuODu+S+v+WIqeOBque0kOOAgeOCs+ODvOODieODreODg+OCr+OAgeOCv+OCpOODpOS9jee9rueiuuiqjeOCt+ODvOODq+S7mOOBp+OBmeOAggoKPEJSPjxCUj4KPGZvbnQgc2l6ZT0yPgo8Qj7llYblk4Hku5Xmp5g8L0I+CjxCUj7llYblk4HjgrXjgqTjgro657SENzcwKOebtOW+hCnDlzEwMDAo6auY44GVKSBtbQo8QlI+6YeN6YePOue0hDMxMCBnCjxCUj7mnZDos6o644Od44Oq44Ko44K544OG44OrCjxCUj7ntJDjgIHjgrPjg7zjg4njg63jg4Pjgq/jgIHjgr/jgqTjg6TkvY3nva7norroqo3jgrfjg7zjg6sKPEJSPuWPguiAg+i7iueorjog44Ki44Or44OV44Kh44O844OJ44CB44Ko44K544OG44Kj44Oe44CB44Ko44Or44Kw44Op44Oz44OJ44CB44Ko44Oq44K344Kq44Oz44CB44Kq44OD44OH44K744Kk44CBTVBW44CBZXRjCjxCUj7igLvjgarjgYrjgIHkuIroqJjou4rnqK7jgr/jgqTjg6TjgafjgoLkvb/nlKjjgafjgY3jgarjgYTloLTlkIjjgYzjgZTjgZbjgYTjgb7jgZnjgILjgZTos7zlhaXliY3jgavlv4XjgZrjgrXjgqTjgrrjgpLjgZTnorroqo3jgYTjgZ/jgaDjgZHjgb7jgZnmp5jjgYrpoZjjgYToh7TjgZfjgb7jgZnjgIIKCjwvZm9udD4KCjwvVEFCTEU+PC9UUj48L1REPjwvVEQ+PC9UQUJMRT48c3R5bGUgdHlwZT0idGV4dC9jc3MiPgovKuiyt+OBhOeJqeOBi+OBlOOBq+WFpeOCjOOCi+ODnOOCv+ODsyovCiNyYWt1dGVuTGltaXRlZElkX2Fyb3VuZENhcnQgaW5wdXRbdmFsdWU9Iuiyt+OBhOeJqeOBi+OBlOOBq+WFpeOCjOOCiyJdewpiYWNrZ3JvdW5kOiB1cmwoImh0dHA6Ly9pbWFnZS5yYWt1dGVuLmNvLmpwL2NyZWVyL2NhYmluZXQvaXZlbnQvaW1ncmMwMDYzOTQ0MjIwLmpwZyIpIGxlZnQgdG9wIG5vLXJlcGVhdDsKd2lkdGg6MjM1cHg7CmhlaWdodDo1NHB4Owp0ZXh0LWluZGVudDoxMDAlOwp3aGl0ZS1zcGFjZTpub3dyYXA7Cm92ZXJmbG93OmhpZGRlbjsKYm9yZGVyOiBub25lOwpwYWRkaW5nOjA7Cm1hcmdpbi10b3A6NXB4IDA7CmN1cnNvcjpwb2ludGVyOwp9CiNyYWt1dGVuTGltaXRlZElkX2Fyb3VuZENhcnQgdGJvZHkgdHIgdGQgaW5wdXQ6aG92ZXJ7CmFscGhhKG9wYWNpdHk9OCk7Ci1tb3otb3BhY2l0eTowLjg7Cm9wYWNpdHk6MC44OwpjdXJzb3I6cG9pbnRlcjsKfQoKLyrlgIvmlbDlhaXlipso566xKSovCmlucHV0I3VuaXRzIHsKYm9yZGVyOnNvbGlkICNjY2MgMXB4OwpiYWNrZ3JvdW5kOiNmZmYhaW1wb3J0YW50Owp3aWR0aDozNXB4OwpoZWlnaHQ6MzVweDsKY3Vyc29yOmF1dG87CnBhZGRpbmc6N3B4IDdweCA3cHggM3B4OwptYXJnaW4tYm90dG9tOjE3cHg7CmZvbnQtc2l6ZToxN3B4Owpjb2xvcjojMDAwOwp9CgovKiDjgYrmsJfjgavlhaXjgorllYblk4Hlt67jgZfmm7/jgYjjgr/jgrAgKi8KI3Jha3V0ZW5MaW1pdGVkSWRfYXJvdW5kQ2FydCAjc2VydmljZVRhYmxlU21sIHRkLmZhdm9yaXRlIHsKcGFkZGluZy10b3A6IDVweDsKfQojcmFrdXRlbkxpbWl0ZWRJZF9hcm91bmRDYXJ0IGRpdi5ib29rbWFya0FyZWEgZGl2LmJrbSB7CndpZHRoOiAyMDBweCAhaW1wb3J0YW50OwpoZWlnaHQ6MzVweCAhaW1wb3J0YW50OwpwYWRkaW5nOiAwcHggMHB4IDEwcHggMHB4ICFpbXBvcnRhbnQ7Cn0KI3Jha3V0ZW5MaW1pdGVkSWRfYXJvdW5kQ2FydCBkaXYuYm9va21hcmtBcmVhIGRpdi5ia20gYS5hZGRCa20gewp3aWR0aDogMjAwcHggIWltcG9ydGFudDsKaGVpZ2h0OjM1cHggIWltcG9ydGFudDsKfQojcmFrdXRlbkxpbWl0ZWRJZF9hcm91bmRDYXJ0IGRpdi5ib29rbWFya0FyZWEgZGl2LmJrbSBhLmFkZEJrbSBzcGFuLmJrbVN0YXIgewpkaXNwbGF5OiBpbmxpbmUtYmxvY2sgIWltcG9ydGFudDsKd2lkdGg6IDIwMHB4ICFpbXBvcnRhbnQ7CmhlaWdodDozNXB4ICFpbXBvcnRhbnQ7Cm1hcmdpbjowcHggMHB4IDEwcHggMHB4ICFpbXBvcnRhbnQ7CmJhY2tncm91bmQ6IHVybCgiaHR0cDovL2ltYWdlLnJha3V0ZW4uY28uanAvY3JlZXIvY2FiaW5ldC9pdmVudC9pbWdyYzAwNjM5NDQyMzMuanBnIikgbm8tcmVwZWF0ICFpbXBvcnRhbnQ7Cn0KCi8qIOOBiuawl+OBq+WFpeOCiuOCt+ODp+ODg+ODl+W3ruOBl+abv+OBiOOCv+OCsCAqLwpkaXYuYm9va21hcmtBcmVhIHsKd2lkdGg6IDIwMHB4ICFpbXBvcnRhbnQ7Cn0KI3Jha3V0ZW5MaW1pdGVkSWRfYXJvdW5kQ2FydCBkaXYuc2hvcEJvb2ttYXJrQXJlYSBkaXYuc2hvcEJrbSB7CndpZHRoOiAyMDBweCAhaW1wb3J0YW50OwpoZWlnaHQ6MzVweCAhaW1wb3J0YW50OwpwYWRkaW5nOiAwcHggMHB4ICFpbXBvcnRhbnQ7CnBhZGRpbmctbGVmdDogMHB4ICFpbXBvcnRhbnQ7Cn0KI3Jha3V0ZW5MaW1pdGVkSWRfYXJvdW5kQ2FydCBkaXYuc2hvcEJvb2ttYXJrQXJlYSBkaXYuc2hvcEJrbSBhLmFkZFNob3BCa20gc3Bhbi5zaG9wQmttU3RhciB7CmRpc3BsYXk6IGlubGluZS1ibG9jayAhaW1wb3J0YW50Owp3aWR0aDogMjAwcHggIWltcG9ydGFudDsKaGVpZ2h0OjM1cHggIWltcG9ydGFudDsKbWFyZ2luLXJpZ2h0OiAwcHggIWltcG9ydGFudDsKYmFja2dyb3VuZDogdXJsKCJodHRwOi8vaW1hZ2UucmFrdXRlbi5jby5qcC9jcmVlci9jYWJpbmV0L2l2ZW50L2ltZ3JjMDA2Mzk0NDIzNC5qcGciKSBuby1yZXBlYXQgIWltcG9ydGFudDsKfQo8L3N0eWxlPg==,5aSn6Ieq5bel5qWtIE1lbHRlYyBUQy0wMyDjgr/jgqTjg6Tjgqvjg5Djg7wgTCDjg5/jg4vjg5Djg7PnlKgg44CQ44K/44Kk44Ok5bmFMjI1bW3ku6XkuIvlr77lv5zjgJHvvJrjgq/jg6zjg7zjg6vjgqrjg7Pjg6njgqTjg7Pjgrfjg6fjg4Pjg5c=,44Kq44O844OH44Kj44Kq44OG44Kv44OL44Kr44Kz44Og44OG44OD44Kv44K744Or44K544K/44O844Om44OU44OG44Or44Kr44O844Kq44O844OH44Kj44Kq6LuK6auY6Kq/44Os44O844OA44O85o6i55+l5qmf44OH44OD44OJ44OL44Oz44Kw5aSn6Ieq5bel5qWtIE1lbHRlYyBUQy0wMyDjgr/jgqTjg6Tjgqvjg5Djg7wgTCDjg5/jg4vjg5Djg7PnlKgg44CQ44K/44Kk44Ok5bmFMjI1bW3ku6XkuIvlr77lv5zjgJE=,44CQ44Kr44O844OJT0sh44CR44CC5aSn6Ieq5bel5qWtIE1lbHRlYyBUQy0wMyDjgr/jgqTjg6Tjgqvjg5Djg7wgTCDjg5/jg4vjg5Djg7PnlKgg44CQ44K/44Kk44Ok5bmFMjI1bW3ku6XkuIvlr77lv5zjgJE=[rn]
21-63126,aHR0cDovL3RzaG9wLnIxMHMuanAvY3JlZXIvY2FiaW5ldC8wMDg3NTU2MS9pbWc2MjM3MTM4My5qcGc/Zml0aW49NzAwOjcwMA==,MzgzNy42MDAw,,6LuK55So5ZOB44O744OQ44Kk44Kv55So5ZOBID4g44Kr44O855So5ZOBID4g44Ob44Kk44O844Or44O744K/44Kk44Ok5ZGo6L6655So5ZOBID4g44K/44Kk44Ok44Op44OD44Kv44O744Kr44OQ44O8,Q0hLIEtZLTMxNlQg44K544Op44Kk44OJ5byPNO+9njjmnKzlj47ntI3jgr/jgqTjg6Tjg6njg4Pjgq8g44CQ44K544K/44OD44OJ44Os44K544K/44Kk44Ok44KE57SU5q2j44K/44Kk44Ok44Gu5Y+O57SN44Gr5pyA6YGpIeOAkQ==,44CQ5Zyo5bqr44GC44KK5Y2z57SNISHjgJHjgJDpgIHmlpnnhKHmlpkh44Kr44O844OJT0sh44CR,PENFTlRFUj4KPElNRyBTUkM9aHR0cDovL2ltYWdlLnJha3V0ZW4uY28uanAvY3JlZXIvY2FiaW5ldC8wMTE4NjExNi9pbWc2MTI0NzEwMi5qcGc+CjxCUj48QlI+CjxUQUJMRSBXSURUSD04MDAgQ0VMTFNQQUNJTkc9MCBDRUxMUEFERElORz0yPgo8VFIgQkdDT0xPUj0jZmZmZmZmPgo8VEQgQkdDT0xPUj0jRkY2NkZGIEFMSUdOPWNlbnRlciBXSURUSD0yMyU+CjxGT05UIENPTE9SPSNmZmZmZmY+PEI+5ZWG5ZOB6Kqs5piOPC9CPjwvRk9OVD48L1REPgo8VFI+PFREIEJHQ09MT1I9I0ZGNjZGRiBBTElHTj1jZW50ZXI+PFRBQkxFIEJHQ09MT1I9I2ZmZmZmZiBXSURUSD0xMDAlIENFTExQQURESU5HPTU+PFREPgoKCuODu0NIS+OBruOCueODqeOCpOODieW8j+OCv+OCpOODpOODqeODg+OCr+OAgUtZLTMxNlTjgafjgZnjgIIKPEJSPuODu+OCueODqeOCpOODieW8j+OBquOBruOBp+OCv+OCpOODpOOBq+WQiOOCj+OBm+OBpuOBtOOBo+OBn+OCiuWPjue0jeOAgui2s+WFg+OBruODjeOCuOOBp+mrmOOBleiqv+aVtOOBjOWPr+iDveOBquOBn+OCgeOCv+OCpOODpOOBjOWCvuOBhOOBpuOBl+OBvuOBo+OBn+OCiuOCrOOCv+OBpOOBjeOCkumYsuatouOBp+OBjeOBvuOBmeOAggo8QlI+44O76auY44GV6Kq/5pW05qmf6IO95LuY44GN44Gn5aSn5b6E44K/44Kk44Ok44KCT0shMTLvvZ4xN+OCpOODs+ODgeOBvuOBp+WvvuW/nOWPr+iDveOAguOCv+OCpOODpOODluODqeOCt+OBquOBqeOCkuW8leOBo+aOm+OBkeOBpuOBiuOBj+OBruOBq+S+v+WIqeOBqu+8s+Wtl+ODleODg+OCr+S7mOOBjeOAggo8QlI+44O75L2Z6KOV44Gu5pyA5aSn56mN6LyJ6YePMTIwa2fjgILogJDkuYXmgKfmipznvqTjga7jgrnjg4Hjg7zjg6vjg5HjgqTjg5fku5Xmp5jjgIIKPEJSPjxCUj4K44O744Op44OD44Kv44KS5Li444GU44Go44Kr44OQ44O844GZ44KLPEI+S1ktMzE1QzwvQj7jgafjgrnjg4Pjgq3jg6rkv53nrqHjgafjgY3jgb7jgZnjgIIKPEJSPgo8Q0VOVEVSPgo8SU1HIFNSQz1odHRwOi8vaW1hZ2UucmFrdXRlbi5jby5qcC9jcmVlci9jYWJpbmV0LzAxMTg2MTE2L2ltZzYxMjQ3MTAzLmpwZz4KCjwvVEFCTEU+PC9UUj48L1REPjwvVEQ+PC9UQUJMRT48c3R5bGUgdHlwZT0idGV4dC9jc3MiPgovKuiyt+OBhOeJqeOBi+OBlOOBq+WFpeOCjOOCi+ODnOOCv+ODsyovCiNyYWt1dGVuTGltaXRlZElkX2Fyb3VuZENhcnQgaW5wdXRbdmFsdWU9Iuiyt+OBhOeJqeOBi+OBlOOBq+WFpeOCjOOCiyJdewpiYWNrZ3JvdW5kOiB1cmwoImh0dHA6Ly9pbWFnZS5yYWt1dGVuLmNvLmpwL2NyZWVyL2NhYmluZXQvaXZlbnQvaW1ncmMwMDYzOTQ0MjIwLmpwZyIpIGxlZnQgdG9wIG5vLXJlcGVhdDsKd2lkdGg6MjM1cHg7CmhlaWdodDo1NHB4Owp0ZXh0LWluZGVudDoxMDAlOwp3aGl0ZS1zcGFjZTpub3dyYXA7Cm92ZXJmbG93OmhpZGRlbjsKYm9yZGVyOiBub25lOwpwYWRkaW5nOjA7Cm1hcmdpbi10b3A6NXB4IDA7CmN1cnNvcjpwb2ludGVyOwp9CiNyYWt1dGVuTGltaXRlZElkX2Fyb3VuZENhcnQgdGJvZHkgdHIgdGQgaW5wdXQ6aG92ZXJ7CmFscGhhKG9wYWNpdHk9OCk7Ci1tb3otb3BhY2l0eTowLjg7Cm9wYWNpdHk6MC44OwpjdXJzb3I6cG9pbnRlcjsKfQoKLyrlgIvmlbDlhaXlipso566xKSovCmlucHV0I3VuaXRzIHsKYm9yZGVyOnNvbGlkICNjY2MgMXB4OwpiYWNrZ3JvdW5kOiNmZmYhaW1wb3J0YW50Owp3aWR0aDozNXB4OwpoZWlnaHQ6MzVweDsKY3Vyc29yOmF1dG87CnBhZGRpbmc6N3B4IDdweCA3cHggM3B4OwptYXJnaW4tYm90dG9tOjE3cHg7CmZvbnQtc2l6ZToxN3B4Owpjb2xvcjojMDAwOwp9CgovKiDjgYrmsJfjgavlhaXjgorllYblk4Hlt67jgZfmm7/jgYjjgr/jgrAgKi8KI3Jha3V0ZW5MaW1pdGVkSWRfYXJvdW5kQ2FydCAjc2VydmljZVRhYmxlU21sIHRkLmZhdm9yaXRlIHsKcGFkZGluZy10b3A6IDVweDsKfQojcmFrdXRlbkxpbWl0ZWRJZF9hcm91bmRDYXJ0IGRpdi5ib29rbWFya0FyZWEgZGl2LmJrbSB7CndpZHRoOiAyMDBweCAhaW1wb3J0YW50OwpoZWlnaHQ6MzVweCAhaW1wb3J0YW50OwpwYWRkaW5nOiAwcHggMHB4IDEwcHggMHB4ICFpbXBvcnRhbnQ7Cn0KI3Jha3V0ZW5MaW1pdGVkSWRfYXJvdW5kQ2FydCBkaXYuYm9va21hcmtBcmVhIGRpdi5ia20gYS5hZGRCa20gewp3aWR0aDogMjAwcHggIWltcG9ydGFudDsKaGVpZ2h0OjM1cHggIWltcG9ydGFudDsKfQojcmFrdXRlbkxpbWl0ZWRJZF9hcm91bmRDYXJ0IGRpdi5ib29rbWFya0FyZWEgZGl2LmJrbSBhLmFkZEJrbSBzcGFuLmJrbVN0YXIgewpkaXNwbGF5OiBpbmxpbmUtYmxvY2sgIWltcG9ydGFudDsKd2lkdGg6IDIwMHB4ICFpbXBvcnRhbnQ7CmhlaWdodDozNXB4ICFpbXBvcnRhbnQ7Cm1hcmdpbjowcHggMHB4IDEwcHggMHB4ICFpbXBvcnRhbnQ7CmJhY2tncm91bmQ6IHVybCgiaHR0cDovL2ltYWdlLnJha3V0ZW4uY28uanAvY3JlZXIvY2FiaW5ldC9pdmVudC9pbWdyYzAwNjM5NDQyMzMuanBnIikgbm8tcmVwZWF0ICFpbXBvcnRhbnQ7Cn0KCi8qIOOBiuawl+OBq+WFpeOCiuOCt+ODp+ODg+ODl+W3ruOBl+abv+OBiOOCv+OCsCAqLwpkaXYuYm9va21hcmtBcmVhIHsKd2lkdGg6IDIwMHB4ICFpbXBvcnRhbnQ7Cn0KI3Jha3V0ZW5MaW1pdGVkSWRfYXJvdW5kQ2FydCBkaXYuc2hvcEJvb2ttYXJrQXJlYSBkaXYuc2hvcEJrbSB7CndpZHRoOiAyMDBweCAhaW1wb3J0YW50OwpoZWlnaHQ6MzVweCAhaW1wb3J0YW50OwpwYWRkaW5nOiAwcHggMHB4ICFpbXBvcnRhbnQ7CnBhZGRpbmctbGVmdDogMHB4ICFpbXBvcnRhbnQ7Cn0KI3Jha3V0ZW5MaW1pdGVkSWRfYXJvdW5kQ2FydCBkaXYuc2hvcEJvb2ttYXJrQXJlYSBkaXYuc2hvcEJrbSBhLmFkZFNob3BCa20gc3Bhbi5zaG9wQmttU3RhciB7CmRpc3BsYXk6IGlubGluZS1ibG9jayAhaW1wb3J0YW50Owp3aWR0aDogMjAwcHggIWltcG9ydGFudDsKaGVpZ2h0OjM1cHggIWltcG9ydGFudDsKbWFyZ2luLXJpZ2h0OiAwcHggIWltcG9ydGFudDsKYmFja2dyb3VuZDogdXJsKCJodHRwOi8vaW1hZ2UucmFrdXRlbi5jby5qcC9jcmVlci9jYWJpbmV0L2l2ZW50L2ltZ3JjMDA2Mzk0NDIzNC5qcGciKSBuby1yZXBlYXQgIWltcG9ydGFudDsKfQo8L3N0eWxlPg==,Q0hLIEtZLTMxNlQg44K544Op44Kk44OJ5byPNO+9njjmnKzlj47ntI3jgr/jgqTjg6Tjg6njg4Pjgq8g44CQ44K544K/44OD44OJ44Os44K544K/44Kk44Ok44KE57SU5q2j44K/44Kk44Ok44Gu5Y+O57SN44Gr5pyA6YGpIeOAke+8muOCr+ODrOODvOODq+OCquODs+ODqeOCpOODs+OCt+ODp+ODg+ODlw==,44Kq44O844OH44Kj44Kq44OG44Kv44OL44Kr44Kz44Og44OG44OD44Kv44K744Or44K544K/44O844Om44OU44OG44Or44Kr44O844Kq44O844OH44Kj44Kq6LuK6auY6Kq/44Os44O844OA44O85o6i55+l5qmf44OH44OD44OJ44OL44Oz44KwQ0hLIEtZLTMxNlQg44K544Op44Kk44OJ5byPNO+9njjmnKzlj47ntI3jgr/jgqTjg6Tjg6njg4Pjgq8g44CQ44K544K/44OD44OJ44Os44K544K/44Kk44Ok44KE57SU5q2j44K/44Kk44Ok44Gu5Y+O57SN44Gr5pyA6YGpIeOAkQ==,44CQ5Zyo5bqr44GC44KK5Y2z57SNISHjgJHjgJDpgIHmlpnnhKHmlpkh44Kr44O844OJT0sh44CR44CCQ0hLIEtZLTMxNlQg44K544Op44Kk44OJ5byPNO+9njjmnKzlj47ntI3jgr/jgqTjg6Tjg6njg4Pjgq8g44CQ44K544K/44OD44OJ44Os44K544K/44Kk44Ok44KE57SU5q2j44K/44Kk44Ok44Gu5Y+O57SN44Gr5pyA6YGpIeOAkQ==[rn]
21-63127,aHR0cDovL3RzaG9wLnIxMHMuanAvY3JlZXIvY2FiaW5ldC8wMDg3NTU2MS9pbWc2MTkzNDgwNi5qcGc/Zml0aW49NzAwOjcwMA==,MTU3MC40MDAw,,6LuK55So5ZOB44O744OQ44Kk44Kv55So5ZOBID4g44Kr44O855So5ZOBID4g44Ob44Kk44O844Or44O744K/44Kk44Ok5ZGo6L6655So5ZOBID4g44K/44Kk44Ok44Op44OD44Kv44O744Kr44OQ44O8,Q0hLIEtZLTMxNUMgS1ktMzE1L0tZLTMxNuWwgueUqCDjgr/jgqTjg6Tjgqvjg5Djg7zjg6njg4Pjgq8g44CQ44Op44OD44Kv44KS5Li444GU44Go44Kr44OQ44O844GX44G+44GZIeOAkQ==,44CQ5Zyo5bqr6ZmQ5a6a6LaF54m55L6hIeOCq+ODvOODiU9LIeOAkQ==,PENFTlRFUj4KPElNRyBTUkM9aHR0cDovL2ltYWdlLnJha3V0ZW4uY28uanAvY3JlZXIvY2FiaW5ldC8wMDg3NTU2MS9pbWc2MTkzNDgwNS5qcGc+Cgo8QlI+PEJSPgo8VEFCTEUgV0lEVEg9ODAwIENFTExTUEFDSU5HPTAgQ0VMTFBBRERJTkc9Mj4KPFRSIEJHQ09MT1I9I2ZmZmZmZj4KPFREIEJHQ09MT1I9I0ZGNjZGRiBBTElHTj1jZW50ZXIgV0lEVEg9MjMlPgo8Rk9OVCBDT0xPUj0jZmZmZmZmPjxCPuWVhuWTgeiqrOaYjjwvQj48L0ZPTlQ+PC9URD4KPFRSPjxURCBCR0NPTE9SPSNGRjY2RkYgQUxJR049Y2VudGVyPjxUQUJMRSBCR0NPTE9SPSNmZmZmZmYgV0lEVEg9MTAwJSBDRUxMUEFERElORz01PjxURD4KCuODu0NIS+OBrktZLTMxNS9LWS0zMTblsILnlKgg44K/44Kk44Ok44Kr44OQ44O844Op44OD44Kv44CBS1ktMzE2Q+OBp+OBmeOAggo8QlI+44O7PEI+S1ktMzE2PC9CPuOBq+WvvuW/nOOBl+OAgeewoeWNmOijheedgOOAgeOCueODg+OCreODquS/neeuoeOBp+ODqeODg+OCr+OCkuS4uOOBlOOBqOOCq+ODkOODvOOBl+OBvuOBmeOAggo8QlI+44O75LiK6YOo44CB5Lit5aSu6YOo44CB5LiL6YOo44Gu77yT44GL5omA44Gr57eg44KB6L6844G/44G+44GZ44CCCjxCUj7jg7vjgrXjgqTjgrrvvJoxMTAww5c3MTDDlzE0MDBtbQo8L1RBQkxFPjwvVFI+PC9URD48L1REPjwvVEFCTEU+PHN0eWxlIHR5cGU9InRleHQvY3NzIj4KLyrosrfjgYTnianjgYvjgZTjgavlhaXjgozjgovjg5zjgr/jg7MqLwojcmFrdXRlbkxpbWl0ZWRJZF9hcm91bmRDYXJ0IGlucHV0W3ZhbHVlPSLosrfjgYTnianjgYvjgZTjgavlhaXjgozjgosiXXsKYmFja2dyb3VuZDogdXJsKCJodHRwOi8vaW1hZ2UucmFrdXRlbi5jby5qcC9jcmVlci9jYWJpbmV0L2l2ZW50L2ltZ3JjMDA2Mzk0NDIyMC5qcGciKSBsZWZ0IHRvcCBuby1yZXBlYXQ7CndpZHRoOjIzNXB4OwpoZWlnaHQ6NTRweDsKdGV4dC1pbmRlbnQ6MTAwJTsKd2hpdGUtc3BhY2U6bm93cmFwOwpvdmVyZmxvdzpoaWRkZW47CmJvcmRlcjogbm9uZTsKcGFkZGluZzowOwptYXJnaW4tdG9wOjVweCAwOwpjdXJzb3I6cG9pbnRlcjsKfQojcmFrdXRlbkxpbWl0ZWRJZF9hcm91bmRDYXJ0IHRib2R5IHRyIHRkIGlucHV0OmhvdmVyewphbHBoYShvcGFjaXR5PTgpOwotbW96LW9wYWNpdHk6MC44OwpvcGFjaXR5OjAuODsKY3Vyc29yOnBvaW50ZXI7Cn0KCi8q5YCL5pWw5YWl5YqbKOeusSkqLwppbnB1dCN1bml0cyB7CmJvcmRlcjpzb2xpZCAjY2NjIDFweDsKYmFja2dyb3VuZDojZmZmIWltcG9ydGFudDsKd2lkdGg6MzVweDsKaGVpZ2h0OjM1cHg7CmN1cnNvcjphdXRvOwpwYWRkaW5nOjdweCA3cHggN3B4IDNweDsKbWFyZ2luLWJvdHRvbToxN3B4Owpmb250LXNpemU6MTdweDsKY29sb3I6IzAwMDsKfQoKLyog44GK5rCX44Gr5YWl44KK5ZWG5ZOB5beu44GX5pu/44GI44K/44KwICovCiNyYWt1dGVuTGltaXRlZElkX2Fyb3VuZENhcnQgI3NlcnZpY2VUYWJsZVNtbCB0ZC5mYXZvcml0ZSB7CnBhZGRpbmctdG9wOiA1cHg7Cn0KI3Jha3V0ZW5MaW1pdGVkSWRfYXJvdW5kQ2FydCBkaXYuYm9va21hcmtBcmVhIGRpdi5ia20gewp3aWR0aDogMjAwcHggIWltcG9ydGFudDsKaGVpZ2h0OjM1cHggIWltcG9ydGFudDsKcGFkZGluZzogMHB4IDBweCAxMHB4IDBweCAhaW1wb3J0YW50Owp9CiNyYWt1dGVuTGltaXRlZElkX2Fyb3VuZENhcnQgZGl2LmJvb2ttYXJrQXJlYSBkaXYuYmttIGEuYWRkQmttIHsKd2lkdGg6IDIwMHB4ICFpbXBvcnRhbnQ7CmhlaWdodDozNXB4ICFpbXBvcnRhbnQ7Cn0KI3Jha3V0ZW5MaW1pdGVkSWRfYXJvdW5kQ2FydCBkaXYuYm9va21hcmtBcmVhIGRpdi5ia20gYS5hZGRCa20gc3Bhbi5ia21TdGFyIHsKZGlzcGxheTogaW5saW5lLWJsb2NrICFpbXBvcnRhbnQ7CndpZHRoOiAyMDBweCAhaW1wb3J0YW50OwpoZWlnaHQ6MzVweCAhaW1wb3J0YW50OwptYXJnaW46MHB4IDBweCAxMHB4IDBweCAhaW1wb3J0YW50OwpiYWNrZ3JvdW5kOiB1cmwoImh0dHA6Ly9pbWFnZS5yYWt1dGVuLmNvLmpwL2NyZWVyL2NhYmluZXQvaXZlbnQvaW1ncmMwMDYzOTQ0MjMzLmpwZyIpIG5vLXJlcGVhdCAhaW1wb3J0YW50Owp9CgovKiDjgYrmsJfjgavlhaXjgorjgrfjg6fjg4Pjg5flt67jgZfmm7/jgYjjgr/jgrAgKi8KZGl2LmJvb2ttYXJrQXJlYSB7CndpZHRoOiAyMDBweCAhaW1wb3J0YW50Owp9CiNyYWt1dGVuTGltaXRlZElkX2Fyb3VuZENhcnQgZGl2LnNob3BCb29rbWFya0FyZWEgZGl2LnNob3BCa20gewp3aWR0aDogMjAwcHggIWltcG9ydGFudDsKaGVpZ2h0OjM1cHggIWltcG9ydGFudDsKcGFkZGluZzogMHB4IDBweCAhaW1wb3J0YW50OwpwYWRkaW5nLWxlZnQ6IDBweCAhaW1wb3J0YW50Owp9CiNyYWt1dGVuTGltaXRlZElkX2Fyb3VuZENhcnQgZGl2LnNob3BCb29rbWFya0FyZWEgZGl2LnNob3BCa20gYS5hZGRTaG9wQmttIHNwYW4uc2hvcEJrbVN0YXIgewpkaXNwbGF5OiBpbmxpbmUtYmxvY2sgIWltcG9ydGFudDsKd2lkdGg6IDIwMHB4ICFpbXBvcnRhbnQ7CmhlaWdodDozNXB4ICFpbXBvcnRhbnQ7Cm1hcmdpbi1yaWdodDogMHB4ICFpbXBvcnRhbnQ7CmJhY2tncm91bmQ6IHVybCgiaHR0cDovL2ltYWdlLnJha3V0ZW4uY28uanAvY3JlZXIvY2FiaW5ldC9pdmVudC9pbWdyYzAwNjM5NDQyMzQuanBnIikgbm8tcmVwZWF0ICFpbXBvcnRhbnQ7Cn0KPC9zdHlsZT4=,Q0hLIEtZLTMxNUMgS1ktMzE1L0tZLTMxNuWwgueUqCDjgr/jgqTjg6Tjgqvjg5Djg7zjg6njg4Pjgq8g44CQ44Op44OD44Kv44KS5Li444GU44Go44Kr44OQ44O844GX44G+44GZIeOAke+8muOCr+ODrOODvOODq+OCquODs+ODqeOCpOODs+OCt+ODp+ODg+ODlw==,44Kq44O844OH44Kj44Kq44OG44Kv44OL44Kr44Kz44Og44OG44OD44Kv44K744Or44K544K/44O844Om44OU44OG44Or44Kr44O844Kq44O844OH44Kj44Kq6LuK6auY6Kq/44Os44O844OA44O85o6i55+l5qmf44OH44OD44OJ44OL44Oz44KwQ0hLIEtZLTMxNUMgS1ktMzE1L0tZLTMxNuWwgueUqCDjgr/jgqTjg6Tjgqvjg5Djg7zjg6njg4Pjgq8g44CQ44Op44OD44Kv44KS5Li444GU44Go44Kr44OQ44O844GX44G+44GZIeOAkQ==,44CQ5Zyo5bqr6ZmQ5a6a6LaF54m55L6hIeOCq+ODvOODiU9LIeOAkeOAgkNISyBLWS0zMTVDIEtZLTMxNS9LWS0zMTblsILnlKgg44K/44Kk44Ok44Kr44OQ44O844Op44OD44KvIOOAkOODqeODg+OCr+OCkuS4uOOBlOOBqOOCq+ODkOODvOOBl+OBvuOBmSHjgJE=[rn]
21-63128,aHR0cDovL3RzaG9wLnIxMHMuanAvY3JlZXIvY2FiaW5ldC9tZWx0ZWMvaW1ncmMwMDYzNzQ3NzQ2LmpwZz9maXRpbj03MDA6NzAw,MjkwNC4wMDAw,,6LuK55So5ZOB44O744OQ44Kk44Kv55So5ZOBID4g44Kr44O855So5ZOBID4g44Ob44Kk44O844Or44O744K/44Kk44Ok5ZGo6L6655So5ZOBID4g44K/44Kk44Ok44Op44OD44Kv44O744Kr44OQ44O8,5aSn6Ieq5bel5qWtIE1lbHRlYyBUUi00IOOCv+OCpOODpOODqeODg+OCryDjgJDlpKfliIfjgarjgr/jgqTjg6TjgpLlgrfjgoHjgarjgYTlronlv4PoqK3oqIgh44CR,44CQ44Kr44O844OJT0sh44CR,PGNlbnRlcj4KPHRhYmxlIHdpZHRoPTgwMCBjZWxsc3BhY2luZz0wIGNlbGxwYWRkaW5nPTI+Cjx0ciBiZ2NvbG9yPSNmZmZmZmY+Cjx0ZCBiZ2NvbG9yPSNGRjY2RkYgYWxpZ249Y2VudGVyIHdpZHRoPTIzJT4KPGZvbnQgY29sb3I9I2ZmZmZmZj48Yj7llYblk4HoqqzmmI48L2I+PC9mb250Pgo8L3RkPgoKPHRyPgo8dGQgYmdjb2xvcj0jRkY2NkZGIGFsaWduPWNlbnRlcj4KPHRhYmxlIGJnY29sb3I9I2ZmZmZmZiB3aWR0aD04MDAgY2VsbHBhZGRpbmc9NT4KPHRkPgo8dGFibGU+Cjx0cj4KPHRkIHZhbGlnbj10b3A+CjxpbWcgc3JjPWh0dHA6Ly9pbWFnZS5yYWt1dGVuLmNvLmpwL2NyZWVyL2NhYmluZXQvbWVsdGVjL2ltZ3JjMDA2Mzc0Nzc1OS5qcGcgaGVpZ2h0PTMyMD4KPC90ZD4KCjx0ZCB2YWxpZ249dG9wPgrjg7vlpKfoh6rlt6Xmpa3jga7ntYTnq4vlvI/jgr/jgqTjg6Tjg6njg4Pjgq/jgIFUUi0044Gn44GZ44CCCjxicj7jg7vlpKfliIfjgarjgr/jgqTjg6TjgpLlgrfjgoHjgZrjgIHjgrPjg7Pjg5Hjgq/jg4jjgavkv53nrqHjgYzjgafjgY3jgovlronlv4PoqK3oqIjjga7jgr/jgqTjg6Tjg6njg4Pjgq/jgafjgZnjgIIKPGJyPuODu+Wkj+OCv+OCpOODpOOBqOOCueOCv+ODg+ODieODrOOCueOCv+OCpOODpOOBruWFpeOCjOabv+OBiOeUqOOChOOAgeaZruauteS9v+OCj+OBquOBhOOCv+OCpOODpOOBruS/neeuoeeUqOOBqOOBl+OBpuWkp+a0u+i6jeOBmeOCi+OBk+OBqOmWk+mBleOBhOeEoeOBl+OBruS4gOWTgeOBp+OBmeOAggo8YnI+44O75LuY5bGe5ZOB44Go44GX44Gm44K/44Kk44Ok44Kr44OQ44O844KC5YWl44Gj44Gm44GE44G+44GZ44CC5ZCI44KP44Gb44Gm5L2/55So44GZ44KL44GT44Go44Gn44K/44Kk44Ok44Gu54q25oWL44KS5L+d44Gk5YON44GN44GM44GC44KK44G+44GZ44CCCjxicj7jg7vmnKzoo73lk4Hjga/jg5vjgqTjg7zjg6vjgajjgrvjg4Pjg4jjgavjgarjgaPjgZ/jgr/jgqTjg6Tjga7kv53nrqHjgavkvb/nlKjjgZnjgovjgoLjga7jgafjgZnjgILjgr/jgqTjg6Tjga7jgb/jga7kv53nrqHjgavjga/kvb/nlKjjgafjgY3jgb7jgZvjgpPjgIIKPGJyPuODu+WPjue0jeWPr+iDveOBquOCv+OCpOODpOOAgeODm+OCpOODvOODq+OBruOCteOCpOOCuuOBr+WbveeUo+e0lOato+OCteOCpOOCuijmnIDlpKfjgafnm7TlvoQ2OTBtbS/luYUyMTVtbeOBvuOBpynjgpLln7rmupbjgajjgZfjgabjgYTjgb7jgZnjgILjgZPjga7jgrXjgqTjgrrjgavlvZPjgabjga/jgb7jgonjgarjgYTjgr/jgqTjg6TjgoTnibnmrorjgarjgqrjg5Xjgrvjg4Pjg4jjga7loLTlkIjjgIHmnKzoo73lk4Hjgafjga/lj47ntI3jgafjgY3jgZrjgIHjgr/jgqTjg6TjgoTjg5vjgqTjg7zjg6vjgpLlgrfjgoHjgabjgZfjgb7jgYbljp/lm6Djgavjgarjgorjgb7jgZnjga7jgafkvb/nlKjjga/jgYrjgoTjgoHjgY/jgaDjgZXjgYTjgIIKPGJyPgo8YnI+PGZvbnQgc2l6ZT0yPjxiPuOAkOOCu+ODg+ODiOWGheWuueOAkTwvYj4KPGJyPigxKeODmeODvOOCueODkOODvEEo44Kt44Oj44K544K/44O85Y+W5LuY56m0MeWAiynDlzLmnKzjgIAoMinjg5njg7zjgrnjg5Djg7xCKOOCreODo+OCueOCv+ODvOWPluS7mOeptDLlgIspw5cy5pys44CAKDMp5Y2B5a2X44K444On44Kk44Oz44OIw5cx5YCLCjxicj4oNCnjg5PjgrnDlzTmnKzjgIAoNSnjgq3jg6Pjgrnjgr/jg7wo44K544OI44OD44OR44O85LuYKcOXNOWAi+OAgCg2KeOCreODo+OCueOCv+ODvMOXMuWAi+OAgCg3KeaUr+afsUEo44OV44K/54ShKcOXMeacrOOAgCg4KeaUr+afsUIo44OV44K/5pyJKcOXMeacrAo8YnI+KDkp5YaG5b2i44K544OI44OD44OR44O85Zu65a6a44OU44Ozw5c05YCL44CAKDEwKeWGhuW9ouOCueODiOODg+ODkeODvMOXNOWAi+OAgCgxMSnjgr/jgqTjg6Tjgqvjg5Djg7zDlzHmnprjgIAoMTIp5YWt6KeS44Os44Oz44OBw5cx5YCLCjxicj4KPGJyPjxiPuOAkOijveWTgeS7leanmOOAkTwvYj4KPGJyPuacrOS9k+OCteOCpOOCuu+8mue0hDQ2NShXKcOXMTA2MChIKcOXNDY1KEQpbW3jgIDmnKzkvZPph43ph4/vvJrntIQ0LjNrZwo8YnI+6ICQ6I236YeN77ya5pyA5aSnODBrZ+OAgOOCv+OCpOODpOW5he+8muacgOWkpzIxNW1t44G+44Gn44CA44K/44Kk44Ok5b6E77ya55u05b6E5pyA5aSnNjkwbW3jgb7jgacKPC9mb250PgoKPC90ZD4KPC90cj4KPC90YWJsZT4KCjwvdGQ+CjwvdGFibGU+CjwvdGQ+CjwvdHI+CjwvdHI+CjwvdGFibGU+CjwvY2VudGVyPjxzdHlsZSB0eXBlPSJ0ZXh0L2NzcyI+Ci8q6LK344GE54mp44GL44GU44Gr5YWl44KM44KL44Oc44K/44OzKi8KI3Jha3V0ZW5MaW1pdGVkSWRfYXJvdW5kQ2FydCBpbnB1dFt2YWx1ZT0i6LK344GE54mp44GL44GU44Gr5YWl44KM44KLIl17CmJhY2tncm91bmQ6IHVybCgiaHR0cDovL2ltYWdlLnJha3V0ZW4uY28uanAvY3JlZXIvY2FiaW5ldC9pdmVudC9pbWdyYzAwNjM5NDQyMjAuanBnIikgbGVmdCB0b3Agbm8tcmVwZWF0Owp3aWR0aDoyMzVweDsKaGVpZ2h0OjU0cHg7CnRleHQtaW5kZW50OjEwMCU7CndoaXRlLXNwYWNlOm5vd3JhcDsKb3ZlcmZsb3c6aGlkZGVuOwpib3JkZXI6IG5vbmU7CnBhZGRpbmc6MDsKbWFyZ2luLXRvcDo1cHggMDsKY3Vyc29yOnBvaW50ZXI7Cn0KI3Jha3V0ZW5MaW1pdGVkSWRfYXJvdW5kQ2FydCB0Ym9keSB0ciB0ZCBpbnB1dDpob3ZlcnsKYWxwaGEob3BhY2l0eT04KTsKLW1vei1vcGFjaXR5OjAuODsKb3BhY2l0eTowLjg7CmN1cnNvcjpwb2ludGVyOwp9CgovKuWAi+aVsOWFpeWKmyjnrrEpKi8KaW5wdXQjdW5pdHMgewpib3JkZXI6c29saWQgI2NjYyAxcHg7CmJhY2tncm91bmQ6I2ZmZiFpbXBvcnRhbnQ7CndpZHRoOjM1cHg7CmhlaWdodDozNXB4OwpjdXJzb3I6YXV0bzsKcGFkZGluZzo3cHggN3B4IDdweCAzcHg7Cm1hcmdpbi1ib3R0b206MTdweDsKZm9udC1zaXplOjE3cHg7CmNvbG9yOiMwMDA7Cn0KCi8qIOOBiuawl+OBq+WFpeOCiuWVhuWTgeW3ruOBl+abv+OBiOOCv+OCsCAqLwojcmFrdXRlbkxpbWl0ZWRJZF9hcm91bmRDYXJ0ICNzZXJ2aWNlVGFibGVTbWwgdGQuZmF2b3JpdGUgewpwYWRkaW5nLXRvcDogNXB4Owp9CiNyYWt1dGVuTGltaXRlZElkX2Fyb3VuZENhcnQgZGl2LmJvb2ttYXJrQXJlYSBkaXYuYmttIHsKd2lkdGg6IDIwMHB4ICFpbXBvcnRhbnQ7CmhlaWdodDozNXB4ICFpbXBvcnRhbnQ7CnBhZGRpbmc6IDBweCAwcHggMTBweCAwcHggIWltcG9ydGFudDsKfQojcmFrdXRlbkxpbWl0ZWRJZF9hcm91bmRDYXJ0IGRpdi5ib29rbWFya0FyZWEgZGl2LmJrbSBhLmFkZEJrbSB7CndpZHRoOiAyMDBweCAhaW1wb3J0YW50OwpoZWlnaHQ6MzVweCAhaW1wb3J0YW50Owp9CiNyYWt1dGVuTGltaXRlZElkX2Fyb3VuZENhcnQgZGl2LmJvb2ttYXJrQXJlYSBkaXYuYmttIGEuYWRkQmttIHNwYW4uYmttU3RhciB7CmRpc3BsYXk6IGlubGluZS1ibG9jayAhaW1wb3J0YW50Owp3aWR0aDogMjAwcHggIWltcG9ydGFudDsKaGVpZ2h0OjM1cHggIWltcG9ydGFudDsKbWFyZ2luOjBweCAwcHggMTBweCAwcHggIWltcG9ydGFudDsKYmFja2dyb3VuZDogdXJsKCJodHRwOi8vaW1hZ2UucmFrdXRlbi5jby5qcC9jcmVlci9jYWJpbmV0L2l2ZW50L2ltZ3JjMDA2Mzk0NDIzMy5qcGciKSBuby1yZXBlYXQgIWltcG9ydGFudDsKfQoKLyog44GK5rCX44Gr5YWl44KK44K344On44OD44OX5beu44GX5pu/44GI44K/44KwICovCmRpdi5ib29rbWFya0FyZWEgewp3aWR0aDogMjAwcHggIWltcG9ydGFudDsKfQojcmFrdXRlbkxpbWl0ZWRJZF9hcm91bmRDYXJ0IGRpdi5zaG9wQm9va21hcmtBcmVhIGRpdi5zaG9wQmttIHsKd2lkdGg6IDIwMHB4ICFpbXBvcnRhbnQ7CmhlaWdodDozNXB4ICFpbXBvcnRhbnQ7CnBhZGRpbmc6IDBweCAwcHggIWltcG9ydGFudDsKcGFkZGluZy1sZWZ0OiAwcHggIWltcG9ydGFudDsKfQojcmFrdXRlbkxpbWl0ZWRJZF9hcm91bmRDYXJ0IGRpdi5zaG9wQm9va21hcmtBcmVhIGRpdi5zaG9wQmttIGEuYWRkU2hvcEJrbSBzcGFuLnNob3BCa21TdGFyIHsKZGlzcGxheTogaW5saW5lLWJsb2NrICFpbXBvcnRhbnQ7CndpZHRoOiAyMDBweCAhaW1wb3J0YW50OwpoZWlnaHQ6MzVweCAhaW1wb3J0YW50OwptYXJnaW4tcmlnaHQ6IDBweCAhaW1wb3J0YW50OwpiYWNrZ3JvdW5kOiB1cmwoImh0dHA6Ly9pbWFnZS5yYWt1dGVuLmNvLmpwL2NyZWVyL2NhYmluZXQvaXZlbnQvaW1ncmMwMDYzOTQ0MjM0LmpwZyIpIG5vLXJlcGVhdCAhaW1wb3J0YW50Owp9Cjwvc3R5bGU+,5aSn6Ieq5bel5qWtIE1lbHRlYyBUUi00IOOCv+OCpOODpOODqeODg+OCryDjgJDlpKfliIfjgarjgr/jgqTjg6TjgpLlgrfjgoHjgarjgYTlronlv4PoqK3oqIgh44CR77ya44Kv44Os44O844Or44Kq44Oz44Op44Kk44Oz44K344On44OD44OX,44Kq44O844OH44Kj44Kq44OG44Kv44OL44Kr44Kz44Og44OG44OD44Kv44K744Or44K544K/44O844Om44OU44OG44Or44Kr44O844Kq44O844OH44Kj44Kq6LuK6auY6Kq/44Os44O844OA44O85o6i55+l5qmf44OH44OD44OJ44OL44Oz44Kw5aSn6Ieq5bel5qWtIE1lbHRlYyBUUi00IOOCv+OCpOODpOODqeODg+OCryDjgJDlpKfliIfjgarjgr/jgqTjg6TjgpLlgrfjgoHjgarjgYTlronlv4PoqK3oqIgh44CR,44CQ44Kr44O844OJT0sh44CR44CC5aSn6Ieq5bel5qWtIE1lbHRlYyBUUi00IOOCv+OCpOODpOODqeODg+OCryDjgJDlpKfliIfjgarjgr/jgqTjg6TjgpLlgrfjgoHjgarjgYTlronlv4PoqK3oqIgh44CR[rn]
21-63129,aHR0cDovL3RzaG9wLnIxMHMuanAvY2FydXMvY2FiaW5ldC9jaHVoYXRzdS9reTMxNWMuanBnP2ZpdGluPTcwMDo3MDA=,Njg0MC4wMDAw,,6LuK55So5ZOB44O744OQ44Kk44Kv55So5ZOBID4g44Kr44O855So5ZOBID4g44Ob44Kk44O844Or44O744K/44Kk44Ok5ZGo6L6655So5ZOBID4g44K/44Kk44Ok44Op44OD44Kv44O744Kr44OQ44O8,4pag44OQ44ON44OD44OI44Op44Or44K0L+aXpeeUo+KWoOOCv+OCpOODpOODqeODg+OCryjlsILnlKjjgqvjg5Djg7zku5gp4pag6auY44GVM+auteiqv+aVtOOBqOaoquW5heOCueODqeOCpOODieiqv+aVtOOBpzEy44Kk44Oz44OB772eMTfjgqTjg7Pjg4Hjgb7jgafmnIDlpKc45pys5Y+O57SN5Y+v6IO94pag44K/44Kk44Ok5Y+O57SNIOOCs+ODs+ODkeOCr+ODiCDoloTlnosg44OZ44Op44Oz44OA44Gq44Gp55yB44K544Oa44O844K5IOacgOWkp+epjei8iemHjzEyMGtn4pagS1ktMzE2VCszMTVD,6auY44GV5bmF6Kq/5pW05Y+v6IO9,PGNlbnRlcj4KCjxmb250IHNpemU9IjYiIGNvbG9yPSIjZmY2NjY2Ij7jgonjgY/jgonjgY/jgr/jgqTjg6Tjg6njg4Pjgq9LWS0zMTZUKOWwgueUqOOCq+ODkOODvOS7mCk8L2ZvbnQ+PGJyPjxicj4KCuecgeOCueODmuODvOOCueOBp+S/neeuoeOBjOWPr+iDveOBquOBruOBp+OCrOODrOODvOOCuOOBrumaheOChOOAgTxicj7jg5njg6njg7Pjg4Djg7vlgInluqvjgavjgoLnva7jgYTjgabjgYTjgZ/jgaDjgZHjgb7jgZnjgIIKCjwvZm9udD48YnI+Cgo8aW1nIHNyYz0iaHR0cDovL2ltYWdlLnJha3V0ZW4uY28uanAvY2FydXMvY2FiaW5ldC9jaHVoYXRzdS9reTMxNWMuanBnIj48YnI+CjxpbWcgc3JjPSJodHRwOi8vaW1hZ2UucmFrdXRlbi5jby5qcC9jYXJ1cy9jYWJpbmV0L2NodWhhdHN1L2t5MzE2LmpwZyI+PGJyPgoKCgo8aW1nIHNyYz0iaHR0cDovL2ltYWdlLnJha3V0ZW4uY28uanAvY2FydXMvY2FiaW5ldC9jaHVoYXRzdS9reTMxNV90aXJlc2l6ZS5naWYiPjxicj4KCjxicj48YnI+Cgo8dGFibGUgd2lkdGg9IjU1MCIgYmdjb2xvcj0iIzY2NjY2NiIgYm9yZGVyPSIwIiBjZWxscGFkZGluZz0iNSIgY2VsbHNwYWNpbmc9IjEiPgoKPHRyPgoKPHRkIGFsaWduPSJjZW50ZXIiIGJnY29sb3I9IiM2NjY2NjYiPgoKPGZvbnQgc2l6ZT0iMyIgY29sb3I9IiNmZmZmZmYiPgoKIOKXjyDil48g4pePIOWVhiDlk4Eg5oOFIOWgsSDil48g4pePIOKXjyAKCjwvZm9udD4KCjwvdGQ+Cgo8L3RyPgoKPHRyPgoKPHRkIGFsaWduPSJsZWZ0IiBiZ2NvbG9yPSIjZmZmZmZmIj4KCjxicj48Zm9udCBjb2xvcj0iIzY2NjY2NiI+CgrjgJDjg6/jg7Pjgr/jg4Pjg4Hjgrnjg6njgqTjg4noqr/mlbTjgafjg5Tjg4Pjgr/jg6rjg5XjgqPjg4Pjg4jvvIHjgJE8QlI+Cgrpq5jjgZUz5q616Kq/5pW044CB5bem5Y+z44K544Op44Kk44OJ6Kq/5pW044Gr44KI44KK44CBNOacrOOBi+OCiTjmnKzjgb7jgafjga7jgr/jgqTjg6TjgpLjgqzjgr/jgaTjgY3jgarjgY/lj47ntI3jgafjgY3jgb7jgZnjgII8QlI+PEJSPgoK44CQ6auY57Sa5oSf44GC44G144KM44KL44K544OR44O844Kv44Oq44Oz44Kw44K344Or44OQ44O85aGX6KOF44CRPEJSPgoK6ICQ5LmF5oCn5oqc576k44Gu44K544OB44O844Or44OR44Kk44OX44Gr44K544OR44O844Kv44Oq44Oz44Kw44K344Or44OQ44O85aGX6KOF44KS5pa944GX44Gm44GE44G+44GZ44CCPEJSPjxCUj4KCuOAkOacgOWkp+epjei8iemHjemHjzEyMGtn44CRPEJSPjxCUj4K44CQS1ktMzE2VOWwgueUqOOCv+OCpOODpOODqeODg+OCr+OCq+ODkOODvOOCteOCpOOCuuOAkTExMDDDlzcwMMOXMTQwMG1tCgo8L2ZvbnQ+PGJyPgoKPC90ZD4KCjwvdHI+Cgo8dHI+Cgo8dGQgYWxpZ249ImNlbnRlciIgYmdjb2xvcj0iIzY2NjY2NiI+Cgo8Zm9udCBzaXplPSIzIiBjb2xvcj0iI2ZmZmZmZiI+Cgog4pePIOKXjyDil48g6YCBIOaWmSDmg4Ug5aCxIOKXjyDil48g4pePIAoKPC9mb250PgoKPC90ZD4KCjwvdHI+Cgo8dHI+Cgo8dGQgYWxpZ249ImxlZnQiIGJnY29sb3I9IiNmZmZmZmYiPgoKPGJyPjxmb250IGNvbG9yPSIjNjY2NjY2Ij4KCuKXj+WFqOWbveS4gOW+izYwMOWGhivnqI7vvIjpmaTjgY/ljJfmtbfpgZPjgIHmspbnuITjga8xNTAw5YaGK+eoju+8iTxicj4KCjwvZm9udD48YnI+Cgo8L3RkPgoKPC90cj4KCjwvdGFibGU+Cgo8L2NlbnRlcj48dGFibGUgYm9yZGVyPSIwIj4KPHRyPgo8VEQgYWxpZ249ImNlbnRlciIgd2lkdGg9IjI0NSIgc3R5bGU9ImJvcmRlci13aWR0aCA6IDFweDtib3JkZXItc3R5bGUgOiBzb2xpZDtib3JkZXItY29sb3IgOiAjZmZhNjAwOyIgYmdjb2xvcj0iI2ZmYTYwMCI+CjxCPjxGT05UIHNpemU9IjIiPjxCUj7jgJDou4rnqK7jgafmpJzntKLjgJE8YnI+CiAgICAgIOi7iueoruWIpeOBp+WVhuWTgeOCkuimi+OBpOOBkeOCi++8gTxCUj4KICAgICAgPC9mb250PjwvQj48YnI+CjwvVEQ+CjwvdHI+Cjx0cj4KPFREIGJnY29sb3I9IiNmZmZmZmYiPgoKPGltZyBzcmM9Imh0dHA6Ly9pbWFnZS5yYWt1dGVuLmNvLmpwL2NhcnVzL2NhYmluZXQvdG9wMjAwNy9kb21lc3RpYy5naWYiIHdpZHRoPSIyNDUiIGJvcmRlcj0iMCI+CjxCUj48Zm9udCBzaXplPSI0Ij7lm73nlKPou4rnqK7liKXjga/jgZPjgaHjgok8L2ZvbnQ+CjwvVEQ+CjwvdHI+Cjx0cj4KPFREIGJnY29sb3I9IiNmZmZmZmYiPgoKPGltZyBzcmM9Imh0dHA6Ly9pbWFnZS5yYWt1dGVuLmNvLmpwL2NhcnVzL2NhYmluZXQvdG9wMjAwNy9pbXBvcnQuZ2lmIiB3aWR0aD0iMjQ1IiBib3JkZXI9IjAiPgo8QlI+PGZvbnQgc2l6ZT0iNCI+6Ly45YWl6LuK56iu5Yil44Gv44GT44Gh44KJPC9mb250Pgo8L1REPgo8L3RyPgo8L3RhYmxlPjxCUj7jgJBOUzA5M+OAkQ==,4pag44OQ44ON44OD44OI44Op44Or44K0L+aXpeeUo+KWoOOCv+OCpOODpOODqeODg+OCryjlsILnlKjjgqvjg5Djg7zku5gp4pag6auY44GVM+auteiqv+aVtOOBqOaoquW5heOCueODqeOCpOODieiqv+aVtOOBpzEy44Kk44Oz44OB772eMTfjgqTjg7Pjg4Hjgb7jgafmnIDlpKc45pys5Y+O57SN5Y+v6IO94pag44K/44Kk44Ok5Y+O57SNIOOCs+ODs+ODkeOCr+ODiCDoloTlnosg44OZ44Op44Oz44OA44Gq44Gp55yB44K544Oa44O844K5IOacgOWkp+epjei8iemHjzEyMGtn4pagS1ktMzE2VCszMTVD77ya44Kr44Or44O844K544Kq44O844OI44OR44O844OE,6LuK5qSc5a++5b+c5pS56YCg57SU5q2j5r+A5a6J44K144K544Oa44Oz44K344On44Oz44Ko44Ki44Ot56u25oqA55So44Ob44Kk44O844Or44OK44OD44OI44Ot44OD44Kv44OK44OD44OI44Ov44Kk44OJ44OI44Os44OD44OJ44K544Oa44O844K144O844Ov44Kk44OI44OsSElE44K344O844OI44Kr44OQ44O844OQ44OD44OG44Oq44O844Ko44Ki44Kv44Oq44O844OK44O844K544OR44O844Kv44OX44Op44Kw44OY44OD44OJ44Op44Kk44OIMjAw57O744OP44Kk44Ko44O844K544OX44Oq44Km44K544O044Kn44Or44OV44Kh44Kk44Ki4pag44OQ44ON44OD44OI44Op44Or44K0L+aXpeeUo+KWoOOCv+OCpOODpOODqeODg+OCryjlsILnlKjjgqvjg5Djg7zku5gp4pag6auY44GVM+auteiqv+aVtOOBqOaoquW5heOCueODqeOCpOODieiqv+aVtOOBpzEy44Kk44Oz44OB772eMTfjgqTjg7Pjg4Hjgb7jgafmnIDlpKc45pys5Y+O57SN5Y+v6IO94pag44K/44Kk44Ok5Y+O57SNIOOCs+ODs+ODkeOCr+ODiCDoloTlnosg44OZ44Op44Oz44OA44Gq44Gp55yB44K544Oa44O844K5IOacgOWkp+epjei8iemHjzEyMGtn4pagS1ktMzE2VCszMTVD,6auY44GV5bmF6Kq/5pW05Y+v6IO944CC4pag44OQ44ON44OD44OI44Op44Or44K0L+aXpeeUo+KWoOOCv+OCpOODpOODqeODg+OCryjlsILnlKjjgqvjg5Djg7zku5gp4pag6auY44GVM+auteiqv+aVtOOBqOaoquW5heOCueODqeOCpOODieiqv+aVtOOBpzEy44Kk44Oz44OB772eMTfjgqTjg7Pjg4Hjgb7jgafmnIDlpKc45pys5Y+O57SN5Y+v6IO94pag44K/44Kk44Ok5Y+O57SNIOOCs+ODs+ODkeOCr+ODiCDoloTlnosg44OZ44Op44Oz44OA44Gq44Gp55yB44K544Oa44O844K5IOacgOWkp+epjei8iemHjzEyMGtn4pagS1ktMzE2VCszMTVD[rn]
21-63130,aHR0cDovL3RzaG9wLnIxMHMuanAvY2FydXMvY2FiaW5ldC9jaHVoYXRzdS9reTMxNWMuanBnP2ZpdGluPTcwMDo3MDA=,Njg0MC4wMDAw,,6LuK55So5ZOB44O744OQ44Kk44Kv55So5ZOBID4g44Kr44O855So5ZOBID4g44Ob44Kk44O844Or44O744K/44Kk44Ok5ZGo6L6655So5ZOBID4g44K/44Kk44Ok44Op44OD44Kv44O744Kr44OQ44O8,4pag44Or44O844OB44KnL+ODnuODhOODgOKWoOOCv+OCpOODpOODqeODg+OCryjlsILnlKjjgqvjg5Djg7zku5gp4pag6auY44GVM+auteiqv+aVtOOBqOaoquW5heOCueODqeOCpOODieiqv+aVtOOBpzEy44Kk44Oz44OB772eMTfjgqTjg7Pjg4Hjgb7jgafmnIDlpKc45pys5Y+O57SN5Y+v6IO94pag44K/44Kk44Ok5Y+O57SNIOOCs+ODs+ODkeOCr+ODiCDoloTlnosg44OZ44Op44Oz44OA44Gq44Gp55yB44K544Oa44O844K5IOacgOWkp+epjei8iemHjzEyMGtn4pagS1ktMzE2VCszMTVD,6auY44GV5bmF6Kq/5pW05Y+v6IO9,PGNlbnRlcj4KCjxmb250IHNpemU9IjYiIGNvbG9yPSIjZmY2NjY2Ij7jgonjgY/jgonjgY/jgr/jgqTjg6Tjg6njg4Pjgq9LWS0zMTZUKOWwgueUqOOCq+ODkOODvOS7mCk8L2ZvbnQ+PGJyPjxicj4KCuecgeOCueODmuODvOOCueOBp+S/neeuoeOBjOWPr+iDveOBquOBruOBp+OCrOODrOODvOOCuOOBrumaheOChOOAgTxicj7jg5njg6njg7Pjg4Djg7vlgInluqvjgavjgoLnva7jgYTjgabjgYTjgZ/jgaDjgZHjgb7jgZnjgIIKCjwvZm9udD48YnI+Cgo8aW1nIHNyYz0iaHR0cDovL2ltYWdlLnJha3V0ZW4uY28uanAvY2FydXMvY2FiaW5ldC9jaHVoYXRzdS9reTMxNWMuanBnIj48YnI+CjxpbWcgc3JjPSJodHRwOi8vaW1hZ2UucmFrdXRlbi5jby5qcC9jYXJ1cy9jYWJpbmV0L2NodWhhdHN1L2t5MzE2LmpwZyI+PGJyPgoKCgo8aW1nIHNyYz0iaHR0cDovL2ltYWdlLnJha3V0ZW4uY28uanAvY2FydXMvY2FiaW5ldC9jaHVoYXRzdS9reTMxNV90aXJlc2l6ZS5naWYiPjxicj4KCjxicj48YnI+Cgo8dGFibGUgd2lkdGg9IjU1MCIgYmdjb2xvcj0iIzY2NjY2NiIgYm9yZGVyPSIwIiBjZWxscGFkZGluZz0iNSIgY2VsbHNwYWNpbmc9IjEiPgoKPHRyPgoKPHRkIGFsaWduPSJjZW50ZXIiIGJnY29sb3I9IiM2NjY2NjYiPgoKPGZvbnQgc2l6ZT0iMyIgY29sb3I9IiNmZmZmZmYiPgoKIOKXjyDil48g4pePIOWVhiDlk4Eg5oOFIOWgsSDil48g4pePIOKXjyAKCjwvZm9udD4KCjwvdGQ+Cgo8L3RyPgoKPHRyPgoKPHRkIGFsaWduPSJsZWZ0IiBiZ2NvbG9yPSIjZmZmZmZmIj4KCjxicj48Zm9udCBjb2xvcj0iIzY2NjY2NiI+CgrjgJDjg6/jg7Pjgr/jg4Pjg4Hjgrnjg6njgqTjg4noqr/mlbTjgafjg5Tjg4Pjgr/jg6rjg5XjgqPjg4Pjg4jvvIHjgJE8QlI+Cgrpq5jjgZUz5q616Kq/5pW044CB5bem5Y+z44K544Op44Kk44OJ6Kq/5pW044Gr44KI44KK44CBNOacrOOBi+OCiTjmnKzjgb7jgafjga7jgr/jgqTjg6TjgpLjgqzjgr/jgaTjgY3jgarjgY/lj47ntI3jgafjgY3jgb7jgZnjgII8QlI+PEJSPgoK44CQ6auY57Sa5oSf44GC44G144KM44KL44K544OR44O844Kv44Oq44Oz44Kw44K344Or44OQ44O85aGX6KOF44CRPEJSPgoK6ICQ5LmF5oCn5oqc576k44Gu44K544OB44O844Or44OR44Kk44OX44Gr44K544OR44O844Kv44Oq44Oz44Kw44K344Or44OQ44O85aGX6KOF44KS5pa944GX44Gm44GE44G+44GZ44CCPEJSPjxCUj4KCuOAkOacgOWkp+epjei8iemHjemHjzEyMGtn44CRPEJSPjxCUj4K44CQS1ktMzE2VOWwgueUqOOCv+OCpOODpOODqeODg+OCr+OCq+ODkOODvOOCteOCpOOCuuOAkTExMDDDlzcwMMOXMTQwMG1tCgo8L2ZvbnQ+PGJyPgoKPC90ZD4KCjwvdHI+Cgo8dHI+Cgo8dGQgYWxpZ249ImNlbnRlciIgYmdjb2xvcj0iIzY2NjY2NiI+Cgo8Zm9udCBzaXplPSIzIiBjb2xvcj0iI2ZmZmZmZiI+Cgog4pePIOKXjyDil48g6YCBIOaWmSDmg4Ug5aCxIOKXjyDil48g4pePIAoKPC9mb250PgoKPC90ZD4KCjwvdHI+Cgo8dHI+Cgo8dGQgYWxpZ249ImxlZnQiIGJnY29sb3I9IiNmZmZmZmYiPgoKPGJyPjxmb250IGNvbG9yPSIjNjY2NjY2Ij4KCuKXj+WFqOWbveS4gOW+izYwMOWGhivnqI7vvIjpmaTjgY/ljJfmtbfpgZPjgIHmspbnuITjga8xNTAw5YaGK+eoju+8iTxicj4KCjwvZm9udD48YnI+Cgo8L3RkPgoKPC90cj4KCjwvdGFibGU+Cgo8L2NlbnRlcj48dGFibGUgYm9yZGVyPSIwIj4KPHRyPgo8VEQgYWxpZ249ImNlbnRlciIgd2lkdGg9IjI0NSIgc3R5bGU9ImJvcmRlci13aWR0aCA6IDFweDtib3JkZXItc3R5bGUgOiBzb2xpZDtib3JkZXItY29sb3IgOiAjZmZhNjAwOyIgYmdjb2xvcj0iI2ZmYTYwMCI+CjxCPjxGT05UIHNpemU9IjIiPjxCUj7jgJDou4rnqK7jgafmpJzntKLjgJE8YnI+CiAgICAgIOi7iueoruWIpeOBp+WVhuWTgeOCkuimi+OBpOOBkeOCi++8gTxCUj4KICAgICAgPC9mb250PjwvQj48YnI+CjwvVEQ+CjwvdHI+Cjx0cj4KPFREIGJnY29sb3I9IiNmZmZmZmYiPgoKPGltZyBzcmM9Imh0dHA6Ly9pbWFnZS5yYWt1dGVuLmNvLmpwL2NhcnVzL2NhYmluZXQvdG9wMjAwNy9kb21lc3RpYy5naWYiIHdpZHRoPSIyNDUiIGJvcmRlcj0iMCI+CjxCUj48Zm9udCBzaXplPSI0Ij7lm73nlKPou4rnqK7liKXjga/jgZPjgaHjgok8L2ZvbnQ+CjwvVEQ+CjwvdHI+Cjx0cj4KPFREIGJnY29sb3I9IiNmZmZmZmYiPgoKPGltZyBzcmM9Imh0dHA6Ly9pbWFnZS5yYWt1dGVuLmNvLmpwL2NhcnVzL2NhYmluZXQvdG9wMjAwNy9pbXBvcnQuZ2lmIiB3aWR0aD0iMjQ1IiBib3JkZXI9IjAiPgo8QlI+PGZvbnQgc2l6ZT0iNCI+6Ly45YWl6LuK56iu5Yil44Gv44GT44Gh44KJPC9mb250Pgo8L1REPgo8L3RyPgo8L3RhYmxlPjxCUj7jgJBNWjA4N+OAkQ==,4pag44Or44O844OB44KnL+ODnuODhOODgOKWoOOCv+OCpOODpOODqeODg+OCryjlsILnlKjjgqvjg5Djg7zku5gp4pag6auY44GVM+auteiqv+aVtOOBqOaoquW5heOCueODqeOCpOODieiqv+aVtOOBpzEy44Kk44Oz44OB772eMTfjgqTjg7Pjg4Hjgb7jgafmnIDlpKc45pys5Y+O57SN5Y+v6IO94pag44K/44Kk44Ok5Y+O57SNIOOCs+ODs+ODkeOCr+ODiCDoloTlnosg44OZ44Op44Oz44OA44Gq44Gp55yB44K544Oa44O844K5IOacgOWkp+epjei8iemHjzEyMGtn4pagS1ktMzE2VCszMTVD77ya44Kr44Or44O844K544Kq44O844OI44OR44O844OE,6LuK5qSc5a++5b+c5pS56YCg57SU5q2j5r+A5a6J44K144K544Oa44Oz44K344On44Oz44Ko44Ki44Ot56u25oqA55So44Ob44Kk44O844Or44OK44OD44OI44Ot44OD44Kv44OK44OD44OI44Ov44Kk44OJ44OI44Os44OD44OJ44K544Oa44O844K144O844Ov44Kk44OI44OsSElE44K344O844OI44Kr44OQ44O844OQ44OD44OG44Oq44O844Ko44Ki44Kv44Oq44O844OK44O844K544OR44O844Kv44OX44Op44Kw44OY44OD44OJ44Op44Kk44OIMjAw57O744OP44Kk44Ko44O844K544OX44Oq44Km44K544O044Kn44Or44OV44Kh44Kk44Ki4pag44Or44O844OB44KnL+ODnuODhOODgOKWoOOCv+OCpOODpOODqeODg+OCryjlsILnlKjjgqvjg5Djg7zku5gp4pag6auY44GVM+auteiqv+aVtOOBqOaoquW5heOCueODqeOCpOODieiqv+aVtOOBpzEy44Kk44Oz44OB772eMTfjgqTjg7Pjg4Hjgb7jgafmnIDlpKc45pys5Y+O57SN5Y+v6IO94pag44K/44Kk44Ok5Y+O57SNIOOCs+ODs+ODkeOCr+ODiCDoloTlnosg44OZ44Op44Oz44OA44Gq44Gp55yB44K544Oa44O844K5IOacgOWkp+epjei8iemHjzEyMGtn4pagS1ktMzE2VCszMTVD,6auY44GV5bmF6Kq/5pW05Y+v6IO944CC4pag44Or44O844OB44KnL+ODnuODhOODgOKWoOOCv+OCpOODpOODqeODg+OCryjlsILnlKjjgqvjg5Djg7zku5gp4pag6auY44GVM+auteiqv+aVtOOBqOaoquW5heOCueODqeOCpOODieiqv+aVtOOBpzEy44Kk44Oz44OB772eMTfjgqTjg7Pjg4Hjgb7jgafmnIDlpKc45pys5Y+O57SN5Y+v6IO94pag44K/44Kk44Ok5Y+O57SNIOOCs+ODs+ODkeOCr+ODiCDoloTlnosg44OZ44Op44Oz44OA44Gq44Gp55yB44K544Oa44O844K5IOacgOWkp+epjei8iemHjzEyMGtn4pagS1ktMzE2VCszMTVD[rn]
21-63131,aHR0cDovL3RzaG9wLnIxMHMuanAvY2FydXMvY2FiaW5ldC9jaHVoYXRzdS9reTMxNWMuanBnP2ZpdGluPTcwMDo3MDA=,Njg0MC4wMDAw,,6LuK55So5ZOB44O744OQ44Kk44Kv55So5ZOBID4g44Kr44O855So5ZOBID4g44Ob44Kk44O844Or44O744K/44Kk44Ok5ZGo6L6655So5ZOBID4g44K/44Kk44Ok44Op44OD44Kv44O744Kr44OQ44O8,4pagMTY1LzcwUjEz4pag44K/44Kk44Ok44Op44OD44KvKOWwgueUqOOCq+ODkOODvOS7mCnilqDpq5jjgZUz5q616Kq/5pW044Go5qiq5bmF44K544Op44Kk44OJ6Kq/5pW044GnMTLjgqTjg7Pjg4HvvZ4xN+OCpOODs+ODgeOBvuOBp+acgOWkpzjmnKzlj47ntI3lj6/og73ilqDjgr/jgqTjg6Tlj47ntI0g44Kz44Oz44OR44Kv44OIIOiWhOWeiyDjg5njg6njg7Pjg4DjgarjgannnIHjgrnjg5rjg7zjgrkg5pyA5aSn56mN6LyJ6YePMTIwa2filqBLWS0zMTZUKzMxNUM=,57WE56uL44Gm57Ch5Y2Y77yB44CQ44Kr44OQ44O85LuY44K/44Kk44Ok44Op44OD44Kv44CR,PGNlbnRlcj4KCjxmb250IHNpemU9IjYiIGNvbG9yPSIjZmY2NjY2Ij7jgonjgY/jgonjgY/jgr/jgqTjg6Tjg6njg4Pjgq9LWS0zMTZUKOWwgueUqOOCq+ODkOODvOS7mCk8L2ZvbnQ+PGJyPjxicj4KCuecgeOCueODmuODvOOCueOBp+S/neeuoeOBjOWPr+iDveOBquOBruOBp+OCrOODrOODvOOCuOOBrumaheOChOOAgTxicj7jg5njg6njg7Pjg4Djg7vlgInluqvjgavjgoLnva7jgYTjgabjgYTjgZ/jgaDjgZHjgb7jgZnjgIIKCjwvZm9udD48YnI+Cgo8aW1nIHNyYz0iaHR0cDovL2ltYWdlLnJha3V0ZW4uY28uanAvY2FydXMvY2FiaW5ldC9jaHVoYXRzdS9reTMxNWMuanBnIj48YnI+CjxpbWcgc3JjPSJodHRwOi8vaW1hZ2UucmFrdXRlbi5jby5qcC9jYXJ1cy9jYWJpbmV0L2NodWhhdHN1L2t5MzE2LmpwZyI+PGJyPgoKCgo8aW1nIHNyYz0iaHR0cDovL2ltYWdlLnJha3V0ZW4uY28uanAvY2FydXMvY2FiaW5ldC9jaHVoYXRzdS9reTMxNV90aXJlc2l6ZS5naWYiPjxicj4KCjxicj48YnI+Cgo8dGFibGUgd2lkdGg9IjU1MCIgYmdjb2xvcj0iIzY2NjY2NiIgYm9yZGVyPSIwIiBjZWxscGFkZGluZz0iNSIgY2VsbHNwYWNpbmc9IjEiPgoKPHRyPgoKPHRkIGFsaWduPSJjZW50ZXIiIGJnY29sb3I9IiM2NjY2NjYiPgoKPGZvbnQgc2l6ZT0iMyIgY29sb3I9IiNmZmZmZmYiPgoKIOKXjyDil48g4pePIOWVhiDlk4Eg5oOFIOWgsSDil48g4pePIOKXjyAKCjwvZm9udD4KCjwvdGQ+Cgo8L3RyPgoKPHRyPgoKPHRkIGFsaWduPSJsZWZ0IiBiZ2NvbG9yPSIjZmZmZmZmIj4KCjxicj48Zm9udCBjb2xvcj0iIzY2NjY2NiI+CgrjgJDjg6/jg7Pjgr/jg4Pjg4Hjgrnjg6njgqTjg4noqr/mlbTjgafjg5Tjg4Pjgr/jg6rjg5XjgqPjg4Pjg4jvvIHjgJE8QlI+Cgrpq5jjgZUz5q616Kq/5pW044CB5bem5Y+z44K544Op44Kk44OJ6Kq/5pW044Gr44KI44KK44CBNOacrOOBi+OCiTjmnKzjgb7jgafjga7jgr/jgqTjg6TjgpLjgqzjgr/jgaTjgY3jgarjgY/lj47ntI3jgafjgY3jgb7jgZnjgII8QlI+PEJSPgoK44CQ6auY57Sa5oSf44GC44G144KM44KL44K544OR44O844Kv44Oq44Oz44Kw44K344Or44OQ44O85aGX6KOF44CRPEJSPgoK6ICQ5LmF5oCn5oqc576k44Gu44K544OB44O844Or44OR44Kk44OX44Gr44K544OR44O844Kv44Oq44Oz44Kw44K344Or44OQ44O85aGX6KOF44KS5pa944GX44Gm44GE44G+44GZ44CCPEJSPjxCUj4KCuOAkOacgOWkp+epjei8iemHjemHjzEyMGtn44CRPEJSPjxCUj4K44CQS1ktMzE2VOWwgueUqOOCv+OCpOODpOODqeODg+OCr+OCq+ODkOODvOOCteOCpOOCuuOAkTExMDDDlzcwMMOXMTQwMG1tCgo8L2ZvbnQ+PGJyPgoKPC90ZD4KCjwvdHI+Cgo8dHI+Cgo8dGQgYWxpZ249ImNlbnRlciIgYmdjb2xvcj0iIzY2NjY2NiI+Cgo8Zm9udCBzaXplPSIzIiBjb2xvcj0iI2ZmZmZmZiI+Cgog4pePIOKXjyDil48g6YCBIOaWmSDmg4Ug5aCxIOKXjyDil48g4pePIAoKPC9mb250PgoKPC90ZD4KCjwvdHI+Cgo8dHI+Cgo8dGQgYWxpZ249ImxlZnQiIGJnY29sb3I9IiNmZmZmZmYiPgoKPGJyPjxmb250IGNvbG9yPSIjNjY2NjY2Ij4KCuKXj+WFqOWbveS4gOW+izYwMOWGhivnqI7vvIjpmaTjgY/ljJfmtbfpgZPjgIHmspbnuITjga8xNTAw5YaGK+eoju+8iTxicj4KCjwvZm9udD48YnI+Cgo8L3RkPgoKPC90cj4KCjwvdGFibGU+Cgo8L2NlbnRlcj48dGFibGUgYm9yZGVyPSIwIj4KPHRyPgo8VEQgYWxpZ249ImNlbnRlciIgd2lkdGg9IjI0NSIgc3R5bGU9ImJvcmRlci13aWR0aCA6IDFweDtib3JkZXItc3R5bGUgOiBzb2xpZDtib3JkZXItY29sb3IgOiAjZmZhNjAwOyIgYmdjb2xvcj0iI2ZmYTYwMCI+CjxCPjxGT05UIHNpemU9IjIiPjxCUj7jgJDou4rnqK7jgafmpJzntKLjgJE8YnI+CiAgICAgIOi7iueoruWIpeOBp+WVhuWTgeOCkuimi+OBpOOBkeOCi++8gTxCUj4KICAgICAgPC9mb250PjwvQj48YnI+CjwvVEQ+CjwvdHI+Cjx0cj4KPFREIGJnY29sb3I9IiNmZmZmZmYiPgoKPGltZyBzcmM9Imh0dHA6Ly9pbWFnZS5yYWt1dGVuLmNvLmpwL2NhcnVzL2NhYmluZXQvdG9wMjAwNy9kb21lc3RpYy5naWYiIHdpZHRoPSIyNDUiIGJvcmRlcj0iMCI+CjxCUj48Zm9udCBzaXplPSI0Ij7lm73nlKPou4rnqK7liKXjga/jgZPjgaHjgok8L2ZvbnQ+CjwvVEQ+CjwvdHI+Cjx0cj4KPFREIGJnY29sb3I9IiNmZmZmZmYiPgoKPGltZyBzcmM9Imh0dHA6Ly9pbWFnZS5yYWt1dGVuLmNvLmpwL2NhcnVzL2NhYmluZXQvdG9wMjAwNy9pbXBvcnQuZ2lmIiB3aWR0aD0iMjQ1IiBib3JkZXI9IjAiPgo8QlI+PGZvbnQgc2l6ZT0iNCI+6Ly45YWl6LuK56iu5Yil44Gv44GT44Gh44KJPC9mb250Pgo8L1REPgo8L3RyPgo8L3RhYmxlPg==,4pagMTY1LzcwUjEz4pag44K/44Kk44Ok44Op44OD44KvKOWwgueUqOOCq+ODkOODvOS7mCnilqDpq5jjgZUz5q616Kq/5pW044Go5qiq5bmF44K544Op44Kk44OJ6Kq/5pW044GnMTLjgqTjg7Pjg4HvvZ4xN+OCpOODs+ODgeOBvuOBp+acgOWkpzjmnKzlj47ntI3lj6/og73ilqDjgr/jgqTjg6Tlj47ntI0g44Kz44Oz44OR44Kv44OIIOiWhOWeiyDjg5njg6njg7Pjg4DjgarjgannnIHjgrnjg5rjg7zjgrkg5pyA5aSn56mN6LyJ6YePMTIwa2filqBLWS0zMTZUKzMxNUPvvJrjgqvjg6vjg7zjgrnjgqrjg7zjg4jjg5Hjg7zjg4Q=,6LuK5qSc5a++5b+c5pS56YCg57SU5q2j5r+A5a6J44K144K544Oa44Oz44K344On44Oz44Ko44Ki44Ot56u25oqA55So44Ob44Kk44O844Or44OK44OD44OI44Ot44OD44Kv44OK44OD44OI44Ov44Kk44OJ44OI44Os44OD44OJ44K544Oa44O844K144O844Ov44Kk44OI44OsSElE44K344O844OI44Kr44OQ44O844OQ44OD44OG44Oq44O844Ko44Ki44Kv44Oq44O844OK44O844K544OR44O844Kv44OX44Op44Kw44OY44OD44OJ44Op44Kk44OIMjAw57O744OP44Kk44Ko44O844K544OX44Oq44Km44K544O044Kn44Or44OV44Kh44Kk44Ki4pagMTY1LzcwUjEz4pag44K/44Kk44Ok44Op44OD44KvKOWwgueUqOOCq+ODkOODvOS7mCnilqDpq5jjgZUz5q616Kq/5pW044Go5qiq5bmF44K544Op44Kk44OJ6Kq/5pW044GnMTLjgqTjg7Pjg4HvvZ4xN+OCpOODs+ODgeOBvuOBp+acgOWkpzjmnKzlj47ntI3lj6/og73ilqDjgr/jgqTjg6Tlj47ntI0g44Kz44Oz44OR44Kv44OIIOiWhOWeiyDjg5njg6njg7Pjg4DjgarjgannnIHjgrnjg5rjg7zjgrkg5pyA5aSn56mN6LyJ6YePMTIwa2filqBLWS0zMTZUKzMxNUM=,57WE56uL44Gm57Ch5Y2Y77yB44CQ44Kr44OQ44O85LuY44K/44Kk44Ok44Op44OD44Kv44CR44CC4pagMTY1LzcwUjEz4pag44K/44Kk44Ok44Op44OD44KvKOWwgueUqOOCq+ODkOODvOS7mCnilqDpq5jjgZUz5q616Kq/5pW044Go5qiq5bmF44K544Op44Kk44OJ6Kq/5pW044GnMTLjgqTjg7Pjg4HvvZ4xN+OCpOODs+ODgeOBvuOBp+acgOWkpzjmnKzlj47ntI3lj6/og73ilqDjgr/jgqTjg6Tlj47ntI0g44Kz44Oz44OR44Kv44OIIOiWhOWeiyDjg5njg6njg7Pjg4DjgarjgannnIHjgrnjg5rjg7zjgrkg5pyA5aSn56mN6LyJ6YePMTIwa2filqBLWS0zMTZUKzMxNUM=[rn]
21-63132,aHR0cDovL3RzaG9wLnIxMHMuanAvY2FydXMvY2FiaW5ldC9jaHVoYXRzdS9reTMxNWMuanBnP2ZpdGluPTcwMDo3MDA=,Njg0MC4wMDAw,,6LuK55So5ZOB44O744OQ44Kk44Kv55So5ZOBID4g44Kr44O855So5ZOBID4g44Ob44Kk44O844Or44O744K/44Kk44Ok5ZGo6L6655So5ZOBID4g44K/44Kk44Ok44Op44OD44Kv44O744Kr44OQ44O8,4pagMTY1LzY1UjE04pag44K/44Kk44Ok44Op44OD44KvKOWwgueUqOOCq+ODkOODvOS7mCnilqDpq5jjgZUz5q616Kq/5pW044Go5qiq5bmF44K544Op44Kk44OJ6Kq/5pW044GnMTLjgqTjg7Pjg4HvvZ4xN+OCpOODs+ODgeOBvuOBp+acgOWkpzjmnKzlj47ntI3lj6/og73ilqDjgr/jgqTjg6Tlj47ntI0g44Kz44Oz44OR44Kv44OIIOiWhOWeiyDjg5njg6njg7Pjg4DjgarjgannnIHjgrnjg5rjg7zjgrkg5pyA5aSn56mN6LyJ6YePMTIwa2filqBLWS0zMTZUKzMxNUM=,57WE56uL44Gm57Ch5Y2Y77yB44CQ44Kr44OQ44O85LuY44K/44Kk44Ok44Op44OD44Kv44CR,PGNlbnRlcj4KCjxmb250IHNpemU9IjYiIGNvbG9yPSIjZmY2NjY2Ij7jgonjgY/jgonjgY/jgr/jgqTjg6Tjg6njg4Pjgq9LWS0zMTZUKOWwgueUqOOCq+ODkOODvOS7mCk8L2ZvbnQ+PGJyPjxicj4KCuecgeOCueODmuODvOOCueOBp+S/neeuoeOBjOWPr+iDveOBquOBruOBp+OCrOODrOODvOOCuOOBrumaheOChOOAgTxicj7jg5njg6njg7Pjg4Djg7vlgInluqvjgavjgoLnva7jgYTjgabjgYTjgZ/jgaDjgZHjgb7jgZnjgIIKCjwvZm9udD48YnI+Cgo8aW1nIHNyYz0iaHR0cDovL2ltYWdlLnJha3V0ZW4uY28uanAvY2FydXMvY2FiaW5ldC9jaHVoYXRzdS9reTMxNWMuanBnIj48YnI+CjxpbWcgc3JjPSJodHRwOi8vaW1hZ2UucmFrdXRlbi5jby5qcC9jYXJ1cy9jYWJpbmV0L2NodWhhdHN1L2t5MzE2LmpwZyI+PGJyPgoKCgo8aW1nIHNyYz0iaHR0cDovL2ltYWdlLnJha3V0ZW4uY28uanAvY2FydXMvY2FiaW5ldC9jaHVoYXRzdS9reTMxNV90aXJlc2l6ZS5naWYiPjxicj4KCjxicj48YnI+Cgo8dGFibGUgd2lkdGg9IjU1MCIgYmdjb2xvcj0iIzY2NjY2NiIgYm9yZGVyPSIwIiBjZWxscGFkZGluZz0iNSIgY2VsbHNwYWNpbmc9IjEiPgoKPHRyPgoKPHRkIGFsaWduPSJjZW50ZXIiIGJnY29sb3I9IiM2NjY2NjYiPgoKPGZvbnQgc2l6ZT0iMyIgY29sb3I9IiNmZmZmZmYiPgoKIOKXjyDil48g4pePIOWVhiDlk4Eg5oOFIOWgsSDil48g4pePIOKXjyAKCjwvZm9udD4KCjwvdGQ+Cgo8L3RyPgoKPHRyPgoKPHRkIGFsaWduPSJsZWZ0IiBiZ2NvbG9yPSIjZmZmZmZmIj4KCjxicj48Zm9udCBjb2xvcj0iIzY2NjY2NiI+CgrjgJDjg6/jg7Pjgr/jg4Pjg4Hjgrnjg6njgqTjg4noqr/mlbTjgafjg5Tjg4Pjgr/jg6rjg5XjgqPjg4Pjg4jvvIHjgJE8QlI+Cgrpq5jjgZUz5q616Kq/5pW044CB5bem5Y+z44K544Op44Kk44OJ6Kq/5pW044Gr44KI44KK44CBNOacrOOBi+OCiTjmnKzjgb7jgafjga7jgr/jgqTjg6TjgpLjgqzjgr/jgaTjgY3jgarjgY/lj47ntI3jgafjgY3jgb7jgZnjgII8QlI+PEJSPgoK44CQ6auY57Sa5oSf44GC44G144KM44KL44K544OR44O844Kv44Oq44Oz44Kw44K344Or44OQ44O85aGX6KOF44CRPEJSPgoK6ICQ5LmF5oCn5oqc576k44Gu44K544OB44O844Or44OR44Kk44OX44Gr44K544OR44O844Kv44Oq44Oz44Kw44K344Or44OQ44O85aGX6KOF44KS5pa944GX44Gm44GE44G+44GZ44CCPEJSPjxCUj4KCuOAkOacgOWkp+epjei8iemHjemHjzEyMGtn44CRPEJSPjxCUj4K44CQS1ktMzE2VOWwgueUqOOCv+OCpOODpOODqeODg+OCr+OCq+ODkOODvOOCteOCpOOCuuOAkTExMDDDlzcwMMOXMTQwMG1tCgo8L2ZvbnQ+PGJyPgoKPC90ZD4KCjwvdHI+Cgo8dHI+Cgo8dGQgYWxpZ249ImNlbnRlciIgYmdjb2xvcj0iIzY2NjY2NiI+Cgo8Zm9udCBzaXplPSIzIiBjb2xvcj0iI2ZmZmZmZiI+Cgog4pePIOKXjyDil48g6YCBIOaWmSDmg4Ug5aCxIOKXjyDil48g4pePIAoKPC9mb250PgoKPC90ZD4KCjwvdHI+Cgo8dHI+Cgo8dGQgYWxpZ249ImxlZnQiIGJnY29sb3I9IiNmZmZmZmYiPgoKPGJyPjxmb250IGNvbG9yPSIjNjY2NjY2Ij4KCuKXj+WFqOWbveS4gOW+izYwMOWGhivnqI7vvIjpmaTjgY/ljJfmtbfpgZPjgIHmspbnuITjga8xNTAw5YaGK+eoju+8iTxicj4KCjwvZm9udD48YnI+Cgo8L3RkPgoKPC90cj4KCjwvdGFibGU+Cgo8L2NlbnRlcj48dGFibGUgYm9yZGVyPSIwIj4KPHRyPgo8VEQgYWxpZ249ImNlbnRlciIgd2lkdGg9IjI0NSIgc3R5bGU9ImJvcmRlci13aWR0aCA6IDFweDtib3JkZXItc3R5bGUgOiBzb2xpZDtib3JkZXItY29sb3IgOiAjZmZhNjAwOyIgYmdjb2xvcj0iI2ZmYTYwMCI+CjxCPjxGT05UIHNpemU9IjIiPjxCUj7jgJDou4rnqK7jgafmpJzntKLjgJE8YnI+CiAgICAgIOi7iueoruWIpeOBp+WVhuWTgeOCkuimi+OBpOOBkeOCi++8gTxCUj4KICAgICAgPC9mb250PjwvQj48YnI+CjwvVEQ+CjwvdHI+Cjx0cj4KPFREIGJnY29sb3I9IiNmZmZmZmYiPgoKPGltZyBzcmM9Imh0dHA6Ly9pbWFnZS5yYWt1dGVuLmNvLmpwL2NhcnVzL2NhYmluZXQvdG9wMjAwNy9kb21lc3RpYy5naWYiIHdpZHRoPSIyNDUiIGJvcmRlcj0iMCI+CjxCUj48Zm9udCBzaXplPSI0Ij7lm73nlKPou4rnqK7liKXjga/jgZPjgaHjgok8L2ZvbnQ+CjwvVEQ+CjwvdHI+Cjx0cj4KPFREIGJnY29sb3I9IiNmZmZmZmYiPgoKPGltZyBzcmM9Imh0dHA6Ly9pbWFnZS5yYWt1dGVuLmNvLmpwL2NhcnVzL2NhYmluZXQvdG9wMjAwNy9pbXBvcnQuZ2lmIiB3aWR0aD0iMjQ1IiBib3JkZXI9IjAiPgo8QlI+PGZvbnQgc2l6ZT0iNCI+6Ly45YWl6LuK56iu5Yil44Gv44GT44Gh44KJPC9mb250Pgo8L1REPgo8L3RyPgo8L3RhYmxlPg==,4pagMTY1LzY1UjE04pag44K/44Kk44Ok44Op44OD44KvKOWwgueUqOOCq+ODkOODvOS7mCnilqDpq5jjgZUz5q616Kq/5pW044Go5qiq5bmF44K544Op44Kk44OJ6Kq/5pW044GnMTLjgqTjg7Pjg4HvvZ4xN+OCpOODs+ODgeOBvuOBp+acgOWkpzjmnKzlj47ntI3lj6/og73ilqDjgr/jgqTjg6Tlj47ntI0g44Kz44Oz44OR44Kv44OIIOiWhOWeiyDjg5njg6njg7Pjg4DjgarjgannnIHjgrnjg5rjg7zjgrkg5pyA5aSn56mN6LyJ6YePMTIwa2filqBLWS0zMTZUKzMxNUPvvJrjgqvjg6vjg7zjgrnjgqrjg7zjg4jjg5Hjg7zjg4Q=,6LuK5qSc5a++5b+c5pS56YCg57SU5q2j5r+A5a6J44K144K544Oa44Oz44K344On44Oz44Ko44Ki44Ot56u25oqA55So44Ob44Kk44O844Or44OK44OD44OI44Ot44OD44Kv44OK44OD44OI44Ov44Kk44OJ44OI44Os44OD44OJ44K544Oa44O844K144O844Ov44Kk44OI44OsSElE44K344O844OI44Kr44OQ44O844OQ44OD44OG44Oq44O844Ko44Ki44Kv44Oq44O844OK44O844K544OR44O844Kv44OX44Op44Kw44OY44OD44OJ44Op44Kk44OIMjAw57O744OP44Kk44Ko44O844K544OX44Oq44Km44K544O044Kn44Or44OV44Kh44Kk44Ki4pagMTY1LzY1UjE04pag44K/44Kk44Ok44Op44OD44KvKOWwgueUqOOCq+ODkOODvOS7mCnilqDpq5jjgZUz5q616Kq/5pW044Go5qiq5bmF44K544Op44Kk44OJ6Kq/5pW044GnMTLjgqTjg7Pjg4HvvZ4xN+OCpOODs+ODgeOBvuOBp+acgOWkpzjmnKzlj47ntI3lj6/og73ilqDjgr/jgqTjg6Tlj47ntI0g44Kz44Oz44OR44Kv44OIIOiWhOWeiyDjg5njg6njg7Pjg4DjgarjgannnIHjgrnjg5rjg7zjgrkg5pyA5aSn56mN6LyJ6YePMTIwa2filqBLWS0zMTZUKzMxNUM=,57WE56uL44Gm57Ch5Y2Y77yB44CQ44Kr44OQ44O85LuY44K/44Kk44Ok44Op44OD44Kv44CR44CC4pagMTY1LzY1UjE04pag44K/44Kk44Ok44Op44OD44KvKOWwgueUqOOCq+ODkOODvOS7mCnilqDpq5jjgZUz5q616Kq/5pW044Go5qiq5bmF44K544Op44Kk44OJ6Kq/5pW044GnMTLjgqTjg7Pjg4HvvZ4xN+OCpOODs+ODgeOBvuOBp+acgOWkpzjmnKzlj47ntI3lj6/og73ilqDjgr/jgqTjg6Tlj47ntI0g44Kz44Oz44OR44Kv44OIIOiWhOWeiyDjg5njg6njg7Pjg4DjgarjgannnIHjgrnjg5rjg7zjgrkg5pyA5aSn56mN6LyJ6YePMTIwa2filqBLWS0zMTZUKzMxNUM=[rn]
21-63133,aHR0cDovL3RzaG9wLnIxMHMuanAvY2FydXMvY2FiaW5ldC9jaHVoYXRzdS9reTMxNWltZy5qcGc/Zml0aW49NzAwOjcwMA==,NDg4OC4wMDAw,,6LuK55So5ZOB44O744OQ44Kk44Kv55So5ZOBID4g44Kr44O855So5ZOBID4g44Ob44Kk44O844Or44O744K/44Kk44Ok5ZGo6L6655So5ZOBID4g44K/44Kk44Ok44Op44OD44Kv44O744Kr44OQ44O8,4pagMTY1LzU1UjE14pag44K/44Kk44Ok44Op44OD44Kv4pag6auY44GVM+auteiqv+aVtOOBqOaoquW5heOCueODqeOCpOODieiqv+aVtOOBpzEy44Kk44Oz44OB772eMTfjgqTjg7Pjg4Hjgb7jgafmnIDlpKc45pys5Y+O57SN5Y+v6IO94pag44K/44Kk44Ok5Y+O57SNIOOCs+ODs+ODkeOCr+ODiCDoloTlnosg44OZ44Op44Oz44OA44Gq44Gp55yB44K544Oa44O844K5IOacgOWkp+epjei8iemHjzEyMGtn4pagS1ktMzE2VA==,6auY44GV5bmF6Kq/5pW05Y+v6IO9,PGNlbnRlcj4KPGZvbnQgc2l6ZT0iNiIgY29sb3I9IiNmZjY2NjYiPuOCieOBj+OCieOBj+OCv+OCpOODpOODqeODg+OCr0tZLTMxNlQ8L2ZvbnQ+PGJyPjxicj4K55yB44K544Oa44O844K544Gn5L+d566h44GM5Y+v6IO944Gq44Gu44Gn44Ks44Os44O844K444Gu6ZqF44KE44CBPGJyPuODmeODqeODs+ODgOODu+WAieW6q+OBq+OCgue9ruOBhOOBpuOBhOOBn+OBoOOBkeOBvuOBmeOAggo8L2ZvbnQ+PGJyPgo8aW1nIHNyYz0iaHR0cDovL2ltYWdlLnJha3V0ZW4uY28uanAvY2FydXMvY2FiaW5ldC9jaHVoYXRzdS9reTMxNi5qcGciPjxicj4KCjxpbWcgc3JjPSJodHRwOi8vaW1hZ2UucmFrdXRlbi5jby5qcC9jYXJ1cy9jYWJpbmV0L2NodWhhdHN1L2t5MzE1X3RpcmVzaXplLmdpZiI+PGJyPgo8YnI+PGJyPgo8dGFibGUgd2lkdGg9IjU1MCIgYmdjb2xvcj0iIzY2NjY2NiIgYm9yZGVyPSIwIiBjZWxscGFkZGluZz0iNSIgY2VsbHNwYWNpbmc9IjEiPgo8dHI+Cjx0ZCBhbGlnbj0iY2VudGVyIiBiZ2NvbG9yPSIjNjY2NjY2Ij4KPGZvbnQgc2l6ZT0iMyIgY29sb3I9IiNmZmZmZmYiPgog4pePIOKXjyDil48g5ZWGIOWTgSDmg4Ug5aCxIOKXjyDil48g4pePIAo8L2ZvbnQ+CjwvdGQ+CjwvdHI+Cjx0cj4KPHRkIGFsaWduPSJsZWZ0IiBiZ2NvbG9yPSIjZmZmZmZmIj4KPGJyPjxmb250IGNvbG9yPSIjNjY2NjY2Ij4K44CQ44Ov44Oz44K/44OD44OB44K544Op44Kk44OJ6Kq/5pW044Gn44OU44OD44K/44Oq44OV44Kj44OD44OI77yB44CRPEJSPgrpq5jjgZUz5q616Kq/5pW044CB5bem5Y+z44K544Op44Kk44OJ6Kq/5pW044Gr44KI44KK44CBNOacrOOBi+OCiTjmnKzjgb7jgafjga7jgr/jgqTjg6TjgpLjgqzjgr/jgaTjgY3jgarjgY/lj47ntI3jgafjgY3jgb7jgZnjgII8QlI+PEJSPgrjgJDpq5jntJrmhJ/jgYLjgbXjgozjgovjgrnjg5Hjg7zjgq/jg6rjg7PjgrDjgrfjg6vjg5Djg7zloZfoo4XjgJE8QlI+CuiAkOS5heaAp+aKnOe+pOOBruOCueODgeODvOODq+ODkeOCpOODl+OBq+OCueODkeODvOOCr+ODquODs+OCsOOCt+ODq+ODkOODvOWhl+ijheOCkuaWveOBl+OBpuOBhOOBvuOBmeOAgjxCUj48QlI+CuOAkOacgOWkp+epjei8iemHjemHjzEyMGtn44CRCjwvZm9udD48YnI+CjwvdGQ+CjwvdHI+Cjx0cj4KPHRkIGFsaWduPSJjZW50ZXIiIGJnY29sb3I9IiM2NjY2NjYiPgo8Zm9udCBzaXplPSIzIiBjb2xvcj0iI2ZmZmZmZiI+CiDil48g4pePIOKXjyDpgIEg5paZIOaDhSDloLEg4pePIOKXjyDil48gCjwvZm9udD4KPC90ZD4KPC90cj4KPHRyPgo8dGQgYWxpZ249ImxlZnQiIGJnY29sb3I9IiNmZmZmZmYiPgo8YnI+PGZvbnQgY29sb3I9IiM2NjY2NjYiPgril4/lhajlm73kuIDlvos2MDDlhoYr56iO77yI6Zmk44GP5YyX5rW36YGT44CB5rKW57iE44GvMTUwMOWGhivnqI7vvIk8YnI+CjwvZm9udD48YnI+CjwvdGQ+CjwvdHI+CjwvdGFibGU+CjwvY2VudGVyPjx0YWJsZSBib3JkZXI9IjAiPgo8dHI+CjxURCBhbGlnbj0iY2VudGVyIiB3aWR0aD0iMjQ1IiBzdHlsZT0iYm9yZGVyLXdpZHRoIDogMXB4O2JvcmRlci1zdHlsZSA6IHNvbGlkO2JvcmRlci1jb2xvciA6ICNmZmE2MDA7IiBiZ2NvbG9yPSIjZmZhNjAwIj4KPEI+PEZPTlQgc2l6ZT0iMiI+PEJSPuOAkOi7iueoruOBp+aknOe0ouOAkTxicj4KICAgICAg6LuK56iu5Yil44Gn5ZWG5ZOB44KS6KaL44Gk44GR44KL77yBPEJSPgogICAgICA8L2ZvbnQ+PC9CPjxicj4KPC9URD4KPC90cj4KPHRyPgo8VEQgYmdjb2xvcj0iI2ZmZmZmZiI+Cgo8aW1nIHNyYz0iaHR0cDovL2ltYWdlLnJha3V0ZW4uY28uanAvY2FydXMvY2FiaW5ldC90b3AyMDA3L2RvbWVzdGljLmdpZiIgd2lkdGg9IjI0NSIgYm9yZGVyPSIwIj4KPEJSPjxmb250IHNpemU9IjQiPuWbveeUo+i7iueoruWIpeOBr+OBk+OBoeOCiTwvZm9udD4KPC9URD4KPC90cj4KPHRyPgo8VEQgYmdjb2xvcj0iI2ZmZmZmZiI+Cgo8aW1nIHNyYz0iaHR0cDovL2ltYWdlLnJha3V0ZW4uY28uanAvY2FydXMvY2FiaW5ldC90b3AyMDA3L2ltcG9ydC5naWYiIHdpZHRoPSIyNDUiIGJvcmRlcj0iMCI+CjxCUj48Zm9udCBzaXplPSI0Ij7ovLjlhaXou4rnqK7liKXjga/jgZPjgaHjgok8L2ZvbnQ+CjwvVEQ+CjwvdHI+CjwvdGFibGU+,4pagMTY1LzU1UjE14pag44K/44Kk44Ok44Op44OD44Kv4pag6auY44GVM+auteiqv+aVtOOBqOaoquW5heOCueODqeOCpOODieiqv+aVtOOBpzEy44Kk44Oz44OB772eMTfjgqTjg7Pjg4Hjgb7jgafmnIDlpKc45pys5Y+O57SN5Y+v6IO94pag44K/44Kk44Ok5Y+O57SNIOOCs+ODs+ODkeOCr+ODiCDoloTlnosg44OZ44Op44Oz44OA44Gq44Gp55yB44K544Oa44O844K5IOacgOWkp+epjei8iemHjzEyMGtn4pagS1ktMzE2VO+8muOCq+ODq+ODvOOCueOCquODvOODiOODkeODvOODhA==,6LuK5qSc5a++5b+c5pS56YCg57SU5q2j5r+A5a6J44K144K544Oa44Oz44K344On44Oz44Ko44Ki44Ot56u25oqA55So44Ob44Kk44O844Or44OK44OD44OI44Ot44OD44Kv44OK44OD44OI44Ov44Kk44OJ44OI44Os44OD44OJ44K544Oa44O844K144O844Ov44Kk44OI44OsSElE44K344O844OI44Kr44OQ44O844OQ44OD44OG44Oq44O844Ko44Ki44Kv44Oq44O844OK44O844K544OR44O844Kv44OX44Op44Kw44OY44OD44OJ44Op44Kk44OIMjAw57O744OP44Kk44Ko44O844K544OX44Oq44Km44K544O044Kn44Or44OV44Kh44Kk44Ki4pagMTY1LzU1UjE14pag44K/44Kk44Ok44Op44OD44Kv4pag6auY44GVM+auteiqv+aVtOOBqOaoquW5heOCueODqeOCpOODieiqv+aVtOOBpzEy44Kk44Oz44OB772eMTfjgqTjg7Pjg4Hjgb7jgafmnIDlpKc45pys5Y+O57SN5Y+v6IO94pag44K/44Kk44Ok5Y+O57SNIOOCs+ODs+ODkeOCr+ODiCDoloTlnosg44OZ44Op44Oz44OA44Gq44Gp55yB44K544Oa44O844K5IOacgOWkp+epjei8iemHjzEyMGtn4pagS1ktMzE2VA==,6auY44GV5bmF6Kq/5pW05Y+v6IO944CC4pagMTY1LzU1UjE14pag44K/44Kk44Ok44Op44OD44Kv4pag6auY44GVM+auteiqv+aVtOOBqOaoquW5heOCueODqeOCpOODieiqv+aVtOOBpzEy44Kk44Oz44OB772eMTfjgqTjg7Pjg4Hjgb7jgafmnIDlpKc45pys5Y+O57SN5Y+v6IO94pag44K/44Kk44Ok5Y+O57SNIOOCs+ODs+ODkeOCr+ODiCDoloTlnosg44OZ44Op44Oz44OA44Gq44Gp55yB44K544Oa44O844K5IOacgOWkp+epjei8iemHjzEyMGtn4pagS1ktMzE2VA==[rn]
21-63134,aHR0cDovL3RzaG9wLnIxMHMuanAvY2FydXMvY2FiaW5ldC9jaHVoYXRzdS9reTMxNWltZy5qcGc/Zml0aW49NzAwOjcwMA==,NDg4OC4wMDAw,,6LuK55So5ZOB44O744OQ44Kk44Kv55So5ZOBID4g44Kr44O855So5ZOBID4g44Ob44Kk44O844Or44O744K/44Kk44Ok5ZGo6L6655So5ZOBID4g44K/44Kk44Ok44Op44OD44Kv44O744Kr44OQ44O8,4pagMTY1LzUwUjE14pag44K/44Kk44Ok44Op44OD44Kv4pag6auY44GVM+auteiqv+aVtOOBqOaoquW5heOCueODqeOCpOODieiqv+aVtOOBpzEy44Kk44Oz44OB772eMTfjgqTjg7Pjg4Hjgb7jgafmnIDlpKc45pys5Y+O57SN5Y+v6IO94pag44K/44Kk44Ok5Y+O57SNIOOCs+ODs+ODkeOCr+ODiCDoloTlnosg44OZ44Op44Oz44OA44Gq44Gp55yB44K544Oa44O844K5IOacgOWkp+epjei8iemHjzEyMGtn4pagS1ktMzE2VA==,6auY44GV5bmF6Kq/5pW05Y+v6IO9,PGNlbnRlcj4KPGZvbnQgc2l6ZT0iNiIgY29sb3I9IiNmZjY2NjYiPuOCieOBj+OCieOBj+OCv+OCpOODpOODqeODg+OCr0tZLTMxNlQ8L2ZvbnQ+PGJyPjxicj4K55yB44K544Oa44O844K544Gn5L+d566h44GM5Y+v6IO944Gq44Gu44Gn44Ks44Os44O844K444Gu6ZqF44KE44CBPGJyPuODmeODqeODs+ODgOODu+WAieW6q+OBq+OCgue9ruOBhOOBpuOBhOOBn+OBoOOBkeOBvuOBmeOAggo8L2ZvbnQ+PGJyPgo8aW1nIHNyYz0iaHR0cDovL2ltYWdlLnJha3V0ZW4uY28uanAvY2FydXMvY2FiaW5ldC9jaHVoYXRzdS9reTMxNi5qcGciPjxicj4KCjxpbWcgc3JjPSJodHRwOi8vaW1hZ2UucmFrdXRlbi5jby5qcC9jYXJ1cy9jYWJpbmV0L2NodWhhdHN1L2t5MzE1X3RpcmVzaXplLmdpZiI+PGJyPgo8YnI+PGJyPgo8dGFibGUgd2lkdGg9IjU1MCIgYmdjb2xvcj0iIzY2NjY2NiIgYm9yZGVyPSIwIiBjZWxscGFkZGluZz0iNSIgY2VsbHNwYWNpbmc9IjEiPgo8dHI+Cjx0ZCBhbGlnbj0iY2VudGVyIiBiZ2NvbG9yPSIjNjY2NjY2Ij4KPGZvbnQgc2l6ZT0iMyIgY29sb3I9IiNmZmZmZmYiPgog4pePIOKXjyDil48g5ZWGIOWTgSDmg4Ug5aCxIOKXjyDil48g4pePIAo8L2ZvbnQ+CjwvdGQ+CjwvdHI+Cjx0cj4KPHRkIGFsaWduPSJsZWZ0IiBiZ2NvbG9yPSIjZmZmZmZmIj4KPGJyPjxmb250IGNvbG9yPSIjNjY2NjY2Ij4K44CQ44Ov44Oz44K/44OD44OB44K544Op44Kk44OJ6Kq/5pW044Gn44OU44OD44K/44Oq44OV44Kj44OD44OI77yB44CRPEJSPgrpq5jjgZUz5q616Kq/5pW044CB5bem5Y+z44K544Op44Kk44OJ6Kq/5pW044Gr44KI44KK44CBNOacrOOBi+OCiTjmnKzjgb7jgafjga7jgr/jgqTjg6TjgpLjgqzjgr/jgaTjgY3jgarjgY/lj47ntI3jgafjgY3jgb7jgZnjgII8QlI+PEJSPgrjgJDpq5jntJrmhJ/jgYLjgbXjgozjgovjgrnjg5Hjg7zjgq/jg6rjg7PjgrDjgrfjg6vjg5Djg7zloZfoo4XjgJE8QlI+CuiAkOS5heaAp+aKnOe+pOOBruOCueODgeODvOODq+ODkeOCpOODl+OBq+OCueODkeODvOOCr+ODquODs+OCsOOCt+ODq+ODkOODvOWhl+ijheOCkuaWveOBl+OBpuOBhOOBvuOBmeOAgjxCUj48QlI+CuOAkOacgOWkp+epjei8iemHjemHjzEyMGtn44CRCjwvZm9udD48YnI+CjwvdGQ+CjwvdHI+Cjx0cj4KPHRkIGFsaWduPSJjZW50ZXIiIGJnY29sb3I9IiM2NjY2NjYiPgo8Zm9udCBzaXplPSIzIiBjb2xvcj0iI2ZmZmZmZiI+CiDil48g4pePIOKXjyDpgIEg5paZIOaDhSDloLEg4pePIOKXjyDil48gCjwvZm9udD4KPC90ZD4KPC90cj4KPHRyPgo8dGQgYWxpZ249ImxlZnQiIGJnY29sb3I9IiNmZmZmZmYiPgo8YnI+PGZvbnQgY29sb3I9IiM2NjY2NjYiPgril4/lhajlm73kuIDlvos2MDDlhoYr56iO77yI6Zmk44GP5YyX5rW36YGT44CB5rKW57iE44GvMTUwMOWGhivnqI7vvIk8YnI+CjwvZm9udD48YnI+CjwvdGQ+CjwvdHI+CjwvdGFibGU+CjwvY2VudGVyPjx0YWJsZSBib3JkZXI9IjAiPgo8dHI+CjxURCBhbGlnbj0iY2VudGVyIiB3aWR0aD0iMjQ1IiBzdHlsZT0iYm9yZGVyLXdpZHRoIDogMXB4O2JvcmRlci1zdHlsZSA6IHNvbGlkO2JvcmRlci1jb2xvciA6ICNmZmE2MDA7IiBiZ2NvbG9yPSIjZmZhNjAwIj4KPEI+PEZPTlQgc2l6ZT0iMiI+PEJSPuOAkOi7iueoruOBp+aknOe0ouOAkTxicj4KICAgICAg6LuK56iu5Yil44Gn5ZWG5ZOB44KS6KaL44Gk44GR44KL77yBPEJSPgogICAgICA8L2ZvbnQ+PC9CPjxicj4KPC9URD4KPC90cj4KPHRyPgo8VEQgYmdjb2xvcj0iI2ZmZmZmZiI+Cgo8aW1nIHNyYz0iaHR0cDovL2ltYWdlLnJha3V0ZW4uY28uanAvY2FydXMvY2FiaW5ldC90b3AyMDA3L2RvbWVzdGljLmdpZiIgd2lkdGg9IjI0NSIgYm9yZGVyPSIwIj4KPEJSPjxmb250IHNpemU9IjQiPuWbveeUo+i7iueoruWIpeOBr+OBk+OBoeOCiTwvZm9udD4KPC9URD4KPC90cj4KPHRyPgo8VEQgYmdjb2xvcj0iI2ZmZmZmZiI+Cgo8aW1nIHNyYz0iaHR0cDovL2ltYWdlLnJha3V0ZW4uY28uanAvY2FydXMvY2FiaW5ldC90b3AyMDA3L2ltcG9ydC5naWYiIHdpZHRoPSIyNDUiIGJvcmRlcj0iMCI+CjxCUj48Zm9udCBzaXplPSI0Ij7ovLjlhaXou4rnqK7liKXjga/jgZPjgaHjgok8L2ZvbnQ+CjwvVEQ+CjwvdHI+CjwvdGFibGU+,4pagMTY1LzUwUjE14pag44K/44Kk44Ok44Op44OD44Kv4pag6auY44GVM+auteiqv+aVtOOBqOaoquW5heOCueODqeOCpOODieiqv+aVtOOBpzEy44Kk44Oz44OB772eMTfjgqTjg7Pjg4Hjgb7jgafmnIDlpKc45pys5Y+O57SN5Y+v6IO94pag44K/44Kk44Ok5Y+O57SNIOOCs+ODs+ODkeOCr+ODiCDoloTlnosg44OZ44Op44Oz44OA44Gq44Gp55yB44K544Oa44O844K5IOacgOWkp+epjei8iemHjzEyMGtn4pagS1ktMzE2VO+8muOCq+ODq+ODvOOCueOCquODvOODiOODkeODvOODhA==,6LuK5qSc5a++5b+c5pS56YCg57SU5q2j5r+A5a6J44K144K544Oa44Oz44K344On44Oz44Ko44Ki44Ot56u25oqA55So44Ob44Kk44O844Or44OK44OD44OI44Ot44OD44Kv44OK44OD44OI44Ov44Kk44OJ44OI44Os44OD44OJ44K544Oa44O844K144O844Ov44Kk44OI44OsSElE44K344O844OI44Kr44OQ44O844OQ44OD44OG44Oq44O844Ko44Ki44Kv44Oq44O844OK44O844K544OR44O844Kv44OX44Op44Kw44OY44OD44OJ44Op44Kk44OIMjAw57O744OP44Kk44Ko44O844K544OX44Oq44Km44K544O044Kn44Or44OV44Kh44Kk44Ki4pagMTY1LzUwUjE14pag44K/44Kk44Ok44Op44OD44Kv4pag6auY44GVM+auteiqv+aVtOOBqOaoquW5heOCueODqeOCpOODieiqv+aVtOOBpzEy44Kk44Oz44OB772eMTfjgqTjg7Pjg4Hjgb7jgafmnIDlpKc45pys5Y+O57SN5Y+v6IO94pag44K/44Kk44Ok5Y+O57SNIOOCs+ODs+ODkeOCr+ODiCDoloTlnosg44OZ44Op44Oz44OA44Gq44Gp55yB44K544Oa44O844K5IOacgOWkp+epjei8iemHjzEyMGtn4pagS1ktMzE2VA==,6auY44GV5bmF6Kq/5pW05Y+v6IO944CC4pagMTY1LzUwUjE14pag44K/44Kk44Ok44Op44OD44Kv4pag6auY44GVM+auteiqv+aVtOOBqOaoquW5heOCueODqeOCpOODieiqv+aVtOOBpzEy44Kk44Oz44OB772eMTfjgqTjg7Pjg4Hjgb7jgafmnIDlpKc45pys5Y+O57SN5Y+v6IO94pag44K/44Kk44Ok5Y+O57SNIOOCs+ODs+ODkeOCr+ODiCDoloTlnosg44OZ44Op44Oz44OA44Gq44Gp55yB44K544Oa44O844K5IOacgOWkp+epjei8iemHjzEyMGtn4pagS1ktMzE2VA==[rn]
21-63135,aHR0cDovL3RzaG9wLnIxMHMuanAvY2FydXMvY2FiaW5ldC9jaHVoYXRzdS9reTMxNWltZy5qcGc/Zml0aW49NzAwOjcwMA==,NDg4OC4wMDAw,,6LuK55So5ZOB44O744OQ44Kk44Kv55So5ZOBID4g44Kr44O855So5ZOBID4g44Ob44Kk44O844Or44O744K/44Kk44Ok5ZGo6L6655So5ZOBID4g44K/44Kk44Ok44Op44OD44Kv44O744Kr44OQ44O8,4pagMjAw57O744OP44Kk44Ko44O844K5L+ODiOODqOOCv+KWoOOCv+OCpOODpOODqeODg+OCr+KWoOmrmOOBlTPmrrXoqr/mlbTjgajmqKrluYXjgrnjg6njgqTjg4noqr/mlbTjgacxMuOCpOODs+ODge+9njE344Kk44Oz44OB44G+44Gn5pyA5aSnOOacrOWPjue0jeWPr+iDveKWoOOCv+OCpOODpOWPjue0jSDjgrPjg7Pjg5Hjgq/jg4gg6JaE5Z6LIOODmeODqeODs+ODgOOBquOBqeecgeOCueODmuODvOOCuSDmnIDlpKfnqY3ovInph48xMjBrZ+KWoEtZLTMxNlQ=,6auY44GV5bmF6Kq/5pW05Y+v6IO9,PGNlbnRlcj4KPGZvbnQgc2l6ZT0iNiIgY29sb3I9IiNmZjY2NjYiPuOCieOBj+OCieOBj+OCv+OCpOODpOODqeODg+OCr0tZLTMxNlQ8L2ZvbnQ+PGJyPjxicj4K55yB44K544Oa44O844K544Gn5L+d566h44GM5Y+v6IO944Gq44Gu44Gn44Ks44Os44O844K444Gu6ZqF44KE44CBPGJyPuODmeODqeODs+ODgOODu+WAieW6q+OBq+OCgue9ruOBhOOBpuOBhOOBn+OBoOOBkeOBvuOBmeOAggo8L2ZvbnQ+PGJyPgo8aW1nIHNyYz0iaHR0cDovL2ltYWdlLnJha3V0ZW4uY28uanAvY2FydXMvY2FiaW5ldC9jaHVoYXRzdS9reTMxNi5qcGciPjxicj4KCjxpbWcgc3JjPSJodHRwOi8vaW1hZ2UucmFrdXRlbi5jby5qcC9jYXJ1cy9jYWJpbmV0L2NodWhhdHN1L2t5MzE1X3RpcmVzaXplLmdpZiI+PGJyPgo8YnI+PGJyPgo8dGFibGUgd2lkdGg9IjU1MCIgYmdjb2xvcj0iIzY2NjY2NiIgYm9yZGVyPSIwIiBjZWxscGFkZGluZz0iNSIgY2VsbHNwYWNpbmc9IjEiPgo8dHI+Cjx0ZCBhbGlnbj0iY2VudGVyIiBiZ2NvbG9yPSIjNjY2NjY2Ij4KPGZvbnQgc2l6ZT0iMyIgY29sb3I9IiNmZmZmZmYiPgog4pePIOKXjyDil48g5ZWGIOWTgSDmg4Ug5aCxIOKXjyDil48g4pePIAo8L2ZvbnQ+CjwvdGQ+CjwvdHI+Cjx0cj4KPHRkIGFsaWduPSJsZWZ0IiBiZ2NvbG9yPSIjZmZmZmZmIj4KPGJyPjxmb250IGNvbG9yPSIjNjY2NjY2Ij4K44CQ44Ov44Oz44K/44OD44OB44K544Op44Kk44OJ6Kq/5pW044Gn44OU44OD44K/44Oq44OV44Kj44OD44OI77yB44CRPEJSPgrpq5jjgZUz5q616Kq/5pW044CB5bem5Y+z44K544Op44Kk44OJ6Kq/5pW044Gr44KI44KK44CBNOacrOOBi+OCiTjmnKzjgb7jgafjga7jgr/jgqTjg6TjgpLjgqzjgr/jgaTjgY3jgarjgY/lj47ntI3jgafjgY3jgb7jgZnjgII8QlI+PEJSPgrjgJDpq5jntJrmhJ/jgYLjgbXjgozjgovjgrnjg5Hjg7zjgq/jg6rjg7PjgrDjgrfjg6vjg5Djg7zloZfoo4XjgJE8QlI+CuiAkOS5heaAp+aKnOe+pOOBruOCueODgeODvOODq+ODkeOCpOODl+OBq+OCueODkeODvOOCr+ODquODs+OCsOOCt+ODq+ODkOODvOWhl+ijheOCkuaWveOBl+OBpuOBhOOBvuOBmeOAgjxCUj48QlI+CuOAkOacgOWkp+epjei8iemHjemHjzEyMGtn44CRCjwvZm9udD48YnI+CjwvdGQ+CjwvdHI+Cjx0cj4KPHRkIGFsaWduPSJjZW50ZXIiIGJnY29sb3I9IiM2NjY2NjYiPgo8Zm9udCBzaXplPSIzIiBjb2xvcj0iI2ZmZmZmZiI+CiDil48g4pePIOKXjyDpgIEg5paZIOaDhSDloLEg4pePIOKXjyDil48gCjwvZm9udD4KPC90ZD4KPC90cj4KPHRyPgo8dGQgYWxpZ249ImxlZnQiIGJnY29sb3I9IiNmZmZmZmYiPgo8YnI+PGZvbnQgY29sb3I9IiM2NjY2NjYiPgril4/lhajlm73kuIDlvos2MDDlhoYr56iO77yI6Zmk44GP5YyX5rW36YGT44CB5rKW57iE44GvMTUwMOWGhivnqI7vvIk8YnI+CjwvZm9udD48YnI+CjwvdGQ+CjwvdHI+CjwvdGFibGU+CjwvY2VudGVyPjx0YWJsZSBib3JkZXI9IjAiPgo8dHI+CjxURCBhbGlnbj0iY2VudGVyIiB3aWR0aD0iMjQ1IiBzdHlsZT0iYm9yZGVyLXdpZHRoIDogMXB4O2JvcmRlci1zdHlsZSA6IHNvbGlkO2JvcmRlci1jb2xvciA6ICNmZmE2MDA7IiBiZ2NvbG9yPSIjZmZhNjAwIj4KPEI+PEZPTlQgc2l6ZT0iMiI+PEJSPuOAkOi7iueoruOBp+aknOe0ouOAkTxicj4KICAgICAg6LuK56iu5Yil44Gn5ZWG5ZOB44KS6KaL44Gk44GR44KL77yBPEJSPgogICAgICA8L2ZvbnQ+PC9CPjxicj4KPC9URD4KPC90cj4KPHRyPgo8VEQgYmdjb2xvcj0iI2ZmZmZmZiI+Cgo8aW1nIHNyYz0iaHR0cDovL2ltYWdlLnJha3V0ZW4uY28uanAvY2FydXMvY2FiaW5ldC90b3AyMDA3L2RvbWVzdGljLmdpZiIgd2lkdGg9IjI0NSIgYm9yZGVyPSIwIj4KPEJSPjxmb250IHNpemU9IjQiPuWbveeUo+i7iueoruWIpeOBr+OBk+OBoeOCiTwvZm9udD4KPC9URD4KPC90cj4KPHRyPgo8VEQgYmdjb2xvcj0iI2ZmZmZmZiI+Cgo8aW1nIHNyYz0iaHR0cDovL2ltYWdlLnJha3V0ZW4uY28uanAvY2FydXMvY2FiaW5ldC90b3AyMDA3L2ltcG9ydC5naWYiIHdpZHRoPSIyNDUiIGJvcmRlcj0iMCI+CjxCUj48Zm9udCBzaXplPSI0Ij7ovLjlhaXou4rnqK7liKXjga/jgZPjgaHjgok8L2ZvbnQ+CjwvVEQ+CjwvdHI+CjwvdGFibGU+PEJSPuOAkFRZMTg344CR,4pagMjAw57O744OP44Kk44Ko44O844K5L+ODiOODqOOCv+KWoOOCv+OCpOODpOODqeODg+OCr+KWoOmrmOOBlTPmrrXoqr/mlbTjgajmqKrluYXjgrnjg6njgqTjg4noqr/mlbTjgacxMuOCpOODs+ODge+9njE344Kk44Oz44OB44G+44Gn5pyA5aSnOOacrOWPjue0jeWPr+iDveKWoOOCv+OCpOODpOWPjue0jSDjgrPjg7Pjg5Hjgq/jg4gg6JaE5Z6LIOODmeODqeODs+ODgOOBquOBqeecgeOCueODmuODvOOCuSDmnIDlpKfnqY3ovInph48xMjBrZ+KWoEtZLTMxNlTvvJrjgqvjg6vjg7zjgrnjgqrjg7zjg4jjg5Hjg7zjg4Q=,6LuK5qSc5a++5b+c5pS56YCg57SU5q2j5r+A5a6J44K144K544Oa44Oz44K344On44Oz44Ko44Ki44Ot56u25oqA55So44Ob44Kk44O844Or44OK44OD44OI44Ot44OD44Kv44OK44OD44OI44Ov44Kk44OJ44OI44Os44OD44OJ44K544Oa44O844K144O844Ov44Kk44OI44OsSElE44K344O844OI44Kr44OQ44O844OQ44OD44OG44Oq44O844Ko44Ki44Kv44Oq44O844OK44O844K544OR44O844Kv44OX44Op44Kw44OY44OD44OJ44Op44Kk44OIMjAw57O744OP44Kk44Ko44O844K544OX44Oq44Km44K544O044Kn44Or44OV44Kh44Kk44Ki4pagMjAw57O744OP44Kk44Ko44O844K5L+ODiOODqOOCv+KWoOOCv+OCpOODpOODqeODg+OCr+KWoOmrmOOBlTPmrrXoqr/mlbTjgajmqKrluYXjgrnjg6njgqTjg4noqr/mlbTjgacxMuOCpOODs+ODge+9njE344Kk44Oz44OB44G+44Gn5pyA5aSnOOacrOWPjue0jeWPr+iDveKWoOOCv+OCpOODpOWPjue0jSDjgrPjg7Pjg5Hjgq/jg4gg6JaE5Z6LIOODmeODqeODs+ODgOOBquOBqeecgeOCueODmuODvOOCuSDmnIDlpKfnqY3ovInph48xMjBrZ+KWoEtZLTMxNlQ=,6auY44GV5bmF6Kq/5pW05Y+v6IO944CC4pagMjAw57O744OP44Kk44Ko44O844K5L+ODiOODqOOCv+KWoOOCv+OCpOODpOODqeODg+OCr+KWoOmrmOOBlTPmrrXoqr/mlbTjgajmqKrluYXjgrnjg6njgqTjg4noqr/mlbTjgacxMuOCpOODs+ODge+9njE344Kk44Oz44OB44G+44Gn5pyA5aSnOOacrOWPjue0jeWPr+iDveKWoOOCv+OCpOODpOWPjue0jSDjgrPjg7Pjg5Hjgq/jg4gg6JaE5Z6LIOODmeODqeODs+ODgOOBquOBqeecgeOCueODmuODvOOCuSDmnIDlpKfnqY3ovInph48xMjBrZ+KWoEtZLTMxNlQ=[rn]
21-63136,aHR0cDovL3RzaG9wLnIxMHMuanAvY2FydXMvY2FiaW5ldC9jaHVoYXRzdS9reTMxNWMuanBnP2ZpdGluPTcwMDo3MDA=,Njg0MC4wMDAw,,6LuK55So5ZOB44O744OQ44Kk44Kv55So5ZOBID4g44Kr44O855So5ZOBID4g44Ob44Kk44O844Or44O744K/44Kk44Ok5ZGo6L6655So5ZOBID4g44K/44Kk44Ok44Op44OD44Kv44O744Kr44OQ44O8,4pagMjAw57O744OP44Kk44Ko44O844K5L+ODiOODqOOCv+KWoOOCv+OCpOODpOODqeODg+OCryjlsILnlKjjgqvjg5Djg7zku5gp4pag6auY44GVM+auteiqv+aVtOOBqOaoquW5heOCueODqeOCpOODieiqv+aVtOOBpzEy44Kk44Oz44OB772eMTfjgqTjg7Pjg4Hjgb7jgafmnIDlpKc45pys5Y+O57SN5Y+v6IO94pag44K/44Kk44Ok5Y+O57SNIOOCs+ODs+ODkeOCr+ODiCDoloTlnosg44OZ44Op44Oz44OA44Gq44Gp55yB44K544Oa44O844K5IOacgOWkp+epjei8iemHjzEyMGtn4pagS1ktMzE2VCszMTVD,6auY44GV5bmF6Kq/5pW05Y+v6IO9,PGNlbnRlcj4KCjxmb250IHNpemU9IjYiIGNvbG9yPSIjZmY2NjY2Ij7jgonjgY/jgonjgY/jgr/jgqTjg6Tjg6njg4Pjgq9LWS0zMTZUKOWwgueUqOOCq+ODkOODvOS7mCk8L2ZvbnQ+PGJyPjxicj4KCuecgeOCueODmuODvOOCueOBp+S/neeuoeOBjOWPr+iDveOBquOBruOBp+OCrOODrOODvOOCuOOBrumaheOChOOAgTxicj7jg5njg6njg7Pjg4Djg7vlgInluqvjgavjgoLnva7jgYTjgabjgYTjgZ/jgaDjgZHjgb7jgZnjgIIKCjwvZm9udD48YnI+Cgo8aW1nIHNyYz0iaHR0cDovL2ltYWdlLnJha3V0ZW4uY28uanAvY2FydXMvY2FiaW5ldC9jaHVoYXRzdS9reTMxNWMuanBnIj48YnI+CjxpbWcgc3JjPSJodHRwOi8vaW1hZ2UucmFrdXRlbi5jby5qcC9jYXJ1cy9jYWJpbmV0L2NodWhhdHN1L2t5MzE2LmpwZyI+PGJyPgoKCgo8aW1nIHNyYz0iaHR0cDovL2ltYWdlLnJha3V0ZW4uY28uanAvY2FydXMvY2FiaW5ldC9jaHVoYXRzdS9reTMxNV90aXJlc2l6ZS5naWYiPjxicj4KCjxicj48YnI+Cgo8dGFibGUgd2lkdGg9IjU1MCIgYmdjb2xvcj0iIzY2NjY2NiIgYm9yZGVyPSIwIiBjZWxscGFkZGluZz0iNSIgY2VsbHNwYWNpbmc9IjEiPgoKPHRyPgoKPHRkIGFsaWduPSJjZW50ZXIiIGJnY29sb3I9IiM2NjY2NjYiPgoKPGZvbnQgc2l6ZT0iMyIgY29sb3I9IiNmZmZmZmYiPgoKIOKXjyDil48g4pePIOWVhiDlk4Eg5oOFIOWgsSDil48g4pePIOKXjyAKCjwvZm9udD4KCjwvdGQ+Cgo8L3RyPgoKPHRyPgoKPHRkIGFsaWduPSJsZWZ0IiBiZ2NvbG9yPSIjZmZmZmZmIj4KCjxicj48Zm9udCBjb2xvcj0iIzY2NjY2NiI+CgrjgJDjg6/jg7Pjgr/jg4Pjg4Hjgrnjg6njgqTjg4noqr/mlbTjgafjg5Tjg4Pjgr/jg6rjg5XjgqPjg4Pjg4jvvIHjgJE8QlI+Cgrpq5jjgZUz5q616Kq/5pW044CB5bem5Y+z44K544Op44Kk44OJ6Kq/5pW044Gr44KI44KK44CBNOacrOOBi+OCiTjmnKzjgb7jgafjga7jgr/jgqTjg6TjgpLjgqzjgr/jgaTjgY3jgarjgY/lj47ntI3jgafjgY3jgb7jgZnjgII8QlI+PEJSPgoK44CQ6auY57Sa5oSf44GC44G144KM44KL44K544OR44O844Kv44Oq44Oz44Kw44K344Or44OQ44O85aGX6KOF44CRPEJSPgoK6ICQ5LmF5oCn5oqc576k44Gu44K544OB44O844Or44OR44Kk44OX44Gr44K544OR44O844Kv44Oq44Oz44Kw44K344Or44OQ44O85aGX6KOF44KS5pa944GX44Gm44GE44G+44GZ44CCPEJSPjxCUj4KCuOAkOacgOWkp+epjei8iemHjemHjzEyMGtn44CRPEJSPjxCUj4K44CQS1ktMzE2VOWwgueUqOOCv+OCpOODpOODqeODg+OCr+OCq+ODkOODvOOCteOCpOOCuuOAkTExMDDDlzcwMMOXMTQwMG1tCgo8L2ZvbnQ+PGJyPgoKPC90ZD4KCjwvdHI+Cgo8dHI+Cgo8dGQgYWxpZ249ImNlbnRlciIgYmdjb2xvcj0iIzY2NjY2NiI+Cgo8Zm9udCBzaXplPSIzIiBjb2xvcj0iI2ZmZmZmZiI+Cgog4pePIOKXjyDil48g6YCBIOaWmSDmg4Ug5aCxIOKXjyDil48g4pePIAoKPC9mb250PgoKPC90ZD4KCjwvdHI+Cgo8dHI+Cgo8dGQgYWxpZ249ImxlZnQiIGJnY29sb3I9IiNmZmZmZmYiPgoKPGJyPjxmb250IGNvbG9yPSIjNjY2NjY2Ij4KCuKXj+WFqOWbveS4gOW+izYwMOWGhivnqI7vvIjpmaTjgY/ljJfmtbfpgZPjgIHmspbnuITjga8xNTAw5YaGK+eoju+8iTxicj4KCjwvZm9udD48YnI+Cgo8L3RkPgoKPC90cj4KCjwvdGFibGU+Cgo8L2NlbnRlcj48dGFibGUgYm9yZGVyPSIwIj4KPHRyPgo8VEQgYWxpZ249ImNlbnRlciIgd2lkdGg9IjI0NSIgc3R5bGU9ImJvcmRlci13aWR0aCA6IDFweDtib3JkZXItc3R5bGUgOiBzb2xpZDtib3JkZXItY29sb3IgOiAjZmZhNjAwOyIgYmdjb2xvcj0iI2ZmYTYwMCI+CjxCPjxGT05UIHNpemU9IjIiPjxCUj7jgJDou4rnqK7jgafmpJzntKLjgJE8YnI+CiAgICAgIOi7iueoruWIpeOBp+WVhuWTgeOCkuimi+OBpOOBkeOCi++8gTxCUj4KICAgICAgPC9mb250PjwvQj48YnI+CjwvVEQ+CjwvdHI+Cjx0cj4KPFREIGJnY29sb3I9IiNmZmZmZmYiPgoKPGltZyBzcmM9Imh0dHA6Ly9pbWFnZS5yYWt1dGVuLmNvLmpwL2NhcnVzL2NhYmluZXQvdG9wMjAwNy9kb21lc3RpYy5naWYiIHdpZHRoPSIyNDUiIGJvcmRlcj0iMCI+CjxCUj48Zm9udCBzaXplPSI0Ij7lm73nlKPou4rnqK7liKXjga/jgZPjgaHjgok8L2ZvbnQ+CjwvVEQ+CjwvdHI+Cjx0cj4KPFREIGJnY29sb3I9IiNmZmZmZmYiPgoKPGltZyBzcmM9Imh0dHA6Ly9pbWFnZS5yYWt1dGVuLmNvLmpwL2NhcnVzL2NhYmluZXQvdG9wMjAwNy9pbXBvcnQuZ2lmIiB3aWR0aD0iMjQ1IiBib3JkZXI9IjAiPgo8QlI+PGZvbnQgc2l6ZT0iNCI+6Ly45YWl6LuK56iu5Yil44Gv44GT44Gh44KJPC9mb250Pgo8L1REPgo8L3RyPgo8L3RhYmxlPjxCUj7jgJBUWTE4N+OAkQ==,4pagMjAw57O744OP44Kk44Ko44O844K5L+ODiOODqOOCv+KWoOOCv+OCpOODpOODqeODg+OCryjlsILnlKjjgqvjg5Djg7zku5gp4pag6auY44GVM+auteiqv+aVtOOBqOaoquW5heOCueODqeOCpOODieiqv+aVtOOBpzEy44Kk44Oz44OB772eMTfjgqTjg7Pjg4Hjgb7jgafmnIDlpKc45pys5Y+O57SN5Y+v6IO94pag44K/44Kk44Ok5Y+O57SNIOOCs+ODs+ODkeOCr+ODiCDoloTlnosg44OZ44Op44Oz44OA44Gq44Gp55yB44K544Oa44O844K5IOacgOWkp+epjei8iemHjzEyMGtn4pagS1ktMzE2VCszMTVD77ya44Kr44Or44O844K544Kq44O844OI44OR44O844OE,6LuK5qSc5a++5b+c5pS56YCg57SU5q2j5r+A5a6J44K144K544Oa44Oz44K344On44Oz44Ko44Ki44Ot56u25oqA55So44Ob44Kk44O844Or44OK44OD44OI44Ot44OD44Kv44OK44OD44OI44Ov44Kk44OJ44OI44Os44OD44OJ44K544Oa44O844K144O844Ov44Kk44OI44OsSElE44K344O844OI44Kr44OQ44O844OQ44OD44OG44Oq44O844Ko44Ki44Kv44Oq44O844OK44O844K544OR44O844Kv44OX44Op44Kw44OY44OD44OJ44Op44Kk44OIMjAw57O744OP44Kk44Ko44O844K544OX44Oq44Km44K544O044Kn44Or44OV44Kh44Kk44Ki4pagMjAw57O744OP44Kk44Ko44O844K5L+ODiOODqOOCv+KWoOOCv+OCpOODpOODqeODg+OCryjlsILnlKjjgqvjg5Djg7zku5gp4pag6auY44GVM+auteiqv+aVtOOBqOaoquW5heOCueODqeOCpOODieiqv+aVtOOBpzEy44Kk44Oz44OB772eMTfjgqTjg7Pjg4Hjgb7jgafmnIDlpKc45pys5Y+O57SN5Y+v6IO94pag44K/44Kk44Ok5Y+O57SNIOOCs+ODs+ODkeOCr+ODiCDoloTlnosg44OZ44Op44Oz44OA44Gq44Gp55yB44K544Oa44O844K5IOacgOWkp+epjei8iemHjzEyMGtn4pagS1ktMzE2VCszMTVD,6auY44GV5bmF6Kq/5pW05Y+v6IO944CC4pagMjAw57O744OP44Kk44Ko44O844K5L+ODiOODqOOCv+KWoOOCv+OCpOODpOODqeODg+OCryjlsILnlKjjgqvjg5Djg7zku5gp4pag6auY44GVM+auteiqv+aVtOOBqOaoquW5heOCueODqeOCpOODieiqv+aVtOOBpzEy44Kk44Oz44OB772eMTfjgqTjg7Pjg4Hjgb7jgafmnIDlpKc45pys5Y+O57SN5Y+v6IO94pag44K/44Kk44Ok5Y+O57SNIOOCs+ODs+ODkeOCr+ODiCDoloTlnosg44OZ44Op44Oz44OA44Gq44Gp55yB44K544Oa44O844K5IOacgOWkp+epjei8iemHjzEyMGtn4pagS1ktMzE2VCszMTVD[rn]
21-63137,aHR0cDovL3RzaG9wLnIxMHMuanAvY2FydXMvY2FiaW5ldC9jaHVoYXRzdS9reTMxNWMuanBnP2ZpdGluPTcwMDo3MDA=,Njg0MC4wMDAw,,6LuK55So5ZOB44O744OQ44Kk44Kv55So5ZOBID4g44Kr44O855So5ZOBID4g44Ob44Kk44O844Or44O744K/44Kk44Ok5ZGo6L6655So5ZOBID4g44K/44Kk44Ok44Op44OD44Kv44O744Kr44OQ44O8,4pag44OX44Op44OD44OEL+ODiOODqOOCv+KWoOOCv+OCpOODpOODqeODg+OCryjlsILnlKjjgqvjg5Djg7zku5gp4pag6auY44GVM+auteiqv+aVtOOBqOaoquW5heOCueODqeOCpOODieiqv+aVtOOBpzEy44Kk44Oz44OB772eMTfjgqTjg7Pjg4Hjgb7jgafmnIDlpKc45pys5Y+O57SN5Y+v6IO94pag44K/44Kk44Ok5Y+O57SNIOOCs+ODs+ODkeOCr+ODiCDoloTlnosg44OZ44Op44Oz44OA44Gq44Gp55yB44K544Oa44O844K5IOacgOWkp+epjei8iemHjzEyMGtn4pagS1ktMzE2VCszMTVD,6auY44GV5bmF6Kq/5pW05Y+v6IO9,PGNlbnRlcj4KCjxmb250IHNpemU9IjYiIGNvbG9yPSIjZmY2NjY2Ij7jgonjgY/jgonjgY/jgr/jgqTjg6Tjg6njg4Pjgq9LWS0zMTZUKOWwgueUqOOCq+ODkOODvOS7mCk8L2ZvbnQ+PGJyPjxicj4KCuecgeOCueODmuODvOOCueOBp+S/neeuoeOBjOWPr+iDveOBquOBruOBp+OCrOODrOODvOOCuOOBrumaheOChOOAgTxicj7jg5njg6njg7Pjg4Djg7vlgInluqvjgavjgoLnva7jgYTjgabjgYTjgZ/jgaDjgZHjgb7jgZnjgIIKCjwvZm9udD48YnI+Cgo8aW1nIHNyYz0iaHR0cDovL2ltYWdlLnJha3V0ZW4uY28uanAvY2FydXMvY2FiaW5ldC9jaHVoYXRzdS9reTMxNWMuanBnIj48YnI+CjxpbWcgc3JjPSJodHRwOi8vaW1hZ2UucmFrdXRlbi5jby5qcC9jYXJ1cy9jYWJpbmV0L2NodWhhdHN1L2t5MzE2LmpwZyI+PGJyPgoKCgo8aW1nIHNyYz0iaHR0cDovL2ltYWdlLnJha3V0ZW4uY28uanAvY2FydXMvY2FiaW5ldC9jaHVoYXRzdS9reTMxNV90aXJlc2l6ZS5naWYiPjxicj4KCjxicj48YnI+Cgo8dGFibGUgd2lkdGg9IjU1MCIgYmdjb2xvcj0iIzY2NjY2NiIgYm9yZGVyPSIwIiBjZWxscGFkZGluZz0iNSIgY2VsbHNwYWNpbmc9IjEiPgoKPHRyPgoKPHRkIGFsaWduPSJjZW50ZXIiIGJnY29sb3I9IiM2NjY2NjYiPgoKPGZvbnQgc2l6ZT0iMyIgY29sb3I9IiNmZmZmZmYiPgoKIOKXjyDil48g4pePIOWVhiDlk4Eg5oOFIOWgsSDil48g4pePIOKXjyAKCjwvZm9udD4KCjwvdGQ+Cgo8L3RyPgoKPHRyPgoKPHRkIGFsaWduPSJsZWZ0IiBiZ2NvbG9yPSIjZmZmZmZmIj4KCjxicj48Zm9udCBjb2xvcj0iIzY2NjY2NiI+CgrjgJDjg6/jg7Pjgr/jg4Pjg4Hjgrnjg6njgqTjg4noqr/mlbTjgafjg5Tjg4Pjgr/jg6rjg5XjgqPjg4Pjg4jvvIHjgJE8QlI+Cgrpq5jjgZUz5q616Kq/5pW044CB5bem5Y+z44K544Op44Kk44OJ6Kq/5pW044Gr44KI44KK44CBNOacrOOBi+OCiTjmnKzjgb7jgafjga7jgr/jgqTjg6TjgpLjgqzjgr/jgaTjgY3jgarjgY/lj47ntI3jgafjgY3jgb7jgZnjgII8QlI+PEJSPgoK44CQ6auY57Sa5oSf44GC44G144KM44KL44K544OR44O844Kv44Oq44Oz44Kw44K344Or44OQ44O85aGX6KOF44CRPEJSPgoK6ICQ5LmF5oCn5oqc576k44Gu44K544OB44O844Or44OR44Kk44OX44Gr44K544OR44O844Kv44Oq44Oz44Kw44K344Or44OQ44O85aGX6KOF44KS5pa944GX44Gm44GE44G+44GZ44CCPEJSPjxCUj4KCuOAkOacgOWkp+epjei8iemHjemHjzEyMGtn44CRPEJSPjxCUj4K44CQS1ktMzE2VOWwgueUqOOCv+OCpOODpOODqeODg+OCr+OCq+ODkOODvOOCteOCpOOCuuOAkTExMDDDlzcwMMOXMTQwMG1tCgo8L2ZvbnQ+PGJyPgoKPC90ZD4KCjwvdHI+Cgo8dHI+Cgo8dGQgYWxpZ249ImNlbnRlciIgYmdjb2xvcj0iIzY2NjY2NiI+Cgo8Zm9udCBzaXplPSIzIiBjb2xvcj0iI2ZmZmZmZiI+Cgog4pePIOKXjyDil48g6YCBIOaWmSDmg4Ug5aCxIOKXjyDil48g4pePIAoKPC9mb250PgoKPC90ZD4KCjwvdHI+Cgo8dHI+Cgo8dGQgYWxpZ249ImxlZnQiIGJnY29sb3I9IiNmZmZmZmYiPgoKPGJyPjxmb250IGNvbG9yPSIjNjY2NjY2Ij4KCuKXj+WFqOWbveS4gOW+izYwMOWGhivnqI7vvIjpmaTjgY/ljJfmtbfpgZPjgIHmspbnuITjga8xNTAw5YaGK+eoju+8iTxicj4KCjwvZm9udD48YnI+Cgo8L3RkPgoKPC90cj4KCjwvdGFibGU+Cgo8L2NlbnRlcj48dGFibGUgYm9yZGVyPSIwIj4KPHRyPgo8VEQgYWxpZ249ImNlbnRlciIgd2lkdGg9IjI0NSIgc3R5bGU9ImJvcmRlci13aWR0aCA6IDFweDtib3JkZXItc3R5bGUgOiBzb2xpZDtib3JkZXItY29sb3IgOiAjZmZhNjAwOyIgYmdjb2xvcj0iI2ZmYTYwMCI+CjxCPjxGT05UIHNpemU9IjIiPjxCUj7jgJDou4rnqK7jgafmpJzntKLjgJE8YnI+CiAgICAgIOi7iueoruWIpeOBp+WVhuWTgeOCkuimi+OBpOOBkeOCi++8gTxCUj4KICAgICAgPC9mb250PjwvQj48YnI+CjwvVEQ+CjwvdHI+Cjx0cj4KPFREIGJnY29sb3I9IiNmZmZmZmYiPgoKPGltZyBzcmM9Imh0dHA6Ly9pbWFnZS5yYWt1dGVuLmNvLmpwL2NhcnVzL2NhYmluZXQvdG9wMjAwNy9kb21lc3RpYy5naWYiIHdpZHRoPSIyNDUiIGJvcmRlcj0iMCI+CjxCUj48Zm9udCBzaXplPSI0Ij7lm73nlKPou4rnqK7liKXjga/jgZPjgaHjgok8L2ZvbnQ+CjwvVEQ+CjwvdHI+Cjx0cj4KPFREIGJnY29sb3I9IiNmZmZmZmYiPgoKPGltZyBzcmM9Imh0dHA6Ly9pbWFnZS5yYWt1dGVuLmNvLmpwL2NhcnVzL2NhYmluZXQvdG9wMjAwNy9pbXBvcnQuZ2lmIiB3aWR0aD0iMjQ1IiBib3JkZXI9IjAiPgo8QlI+PGZvbnQgc2l6ZT0iNCI+6Ly45YWl6LuK56iu5Yil44Gv44GT44Gh44KJPC9mb250Pgo8L1REPgo8L3RyPgo8L3RhYmxlPjxCUj7jgJBUWTIxMeOAkQ==,4pag44OX44Op44OD44OEL+ODiOODqOOCv+KWoOOCv+OCpOODpOODqeODg+OCryjlsILnlKjjgqvjg5Djg7zku5gp4pag6auY44GVM+auteiqv+aVtOOBqOaoquW5heOCueODqeOCpOODieiqv+aVtOOBpzEy44Kk44Oz44OB772eMTfjgqTjg7Pjg4Hjgb7jgafmnIDlpKc45pys5Y+O57SN5Y+v6IO94pag44K/44Kk44Ok5Y+O57SNIOOCs+ODs+ODkeOCr+ODiCDoloTlnosg44OZ44Op44Oz44OA44Gq44Gp55yB44K544Oa44O844K5IOacgOWkp+epjei8iemHjzEyMGtn4pagS1ktMzE2VCszMTVD77ya44Kr44Or44O844K544Kq44O844OI44OR44O844OE,6LuK5qSc5a++5b+c5pS56YCg57SU5q2j5r+A5a6J44K144K544Oa44Oz44K344On44Oz44Ko44Ki44Ot56u25oqA55So44Ob44Kk44O844Or44OK44OD44OI44Ot44OD44Kv44OK44OD44OI44Ov44Kk44OJ44OI44Os44OD44OJ44K544Oa44O844K144O844Ov44Kk44OI44OsSElE44K344O844OI44Kr44OQ44O844OQ44OD44OG44Oq44O844Ko44Ki44Kv44Oq44O844OK44O844K544OR44O844Kv44OX44Op44Kw44OY44OD44OJ44Op44Kk44OIMjAw57O744OP44Kk44Ko44O844K544OX44Oq44Km44K544O044Kn44Or44OV44Kh44Kk44Ki4pag44OX44Op44OD44OEL+ODiOODqOOCv+KWoOOCv+OCpOODpOODqeODg+OCryjlsILnlKjjgqvjg5Djg7zku5gp4pag6auY44GVM+auteiqv+aVtOOBqOaoquW5heOCueODqeOCpOODieiqv+aVtOOBpzEy44Kk44Oz44OB772eMTfjgqTjg7Pjg4Hjgb7jgafmnIDlpKc45pys5Y+O57SN5Y+v6IO94pag44K/44Kk44Ok5Y+O57SNIOOCs+ODs+ODkeOCr+ODiCDoloTlnosg44OZ44Op44Oz44OA44Gq44Gp55yB44K544Oa44O844K5IOacgOWkp+epjei8iemHjzEyMGtn4pagS1ktMzE2VCszMTVD,6auY44GV5bmF6Kq/5pW05Y+v6IO944CC4pag44OX44Op44OD44OEL+ODiOODqOOCv+KWoOOCv+OCpOODpOODqeODg+OCryjlsILnlKjjgqvjg5Djg7zku5gp4pag6auY44GVM+auteiqv+aVtOOBqOaoquW5heOCueODqeOCpOODieiqv+aVtOOBpzEy44Kk44Oz44OB772eMTfjgqTjg7Pjg4Hjgb7jgafmnIDlpKc45pys5Y+O57SN5Y+v6IO94pag44K/44Kk44Ok5Y+O57SNIOOCs+ODs+ODkeOCr+ODiCDoloTlnosg44OZ44Op44Oz44OA44Gq44Gp55yB44K544Oa44O844K5IOacgOWkp+epjei8iemHjzEyMGtn4pagS1ktMzE2VCszMTVD[rn]
21-63138,aHR0cDovL3RzaG9wLnIxMHMuanAvY2FydXMvY2FiaW5ldC9jaHVoYXRzdS9reTMxNWltZy5qcGc/Zml0aW49NzAwOjcwMA==,NDg4OC4wMDAw,,6LuK55So5ZOB44O744OQ44Kk44Kv55So5ZOBID4g44Kr44O855So5ZOBID4g44Ob44Kk44O844Or44O744K/44Kk44Ok5ZGo6L6655So5ZOBID4g44K/44Kk44Ok44Op44OD44Kv44O744Kr44OQ44O8,4pag44OR44OD44K944K744OD44OGL+ODiOODqOOCv+KWoOOCv+OCpOODpOODqeODg+OCr+KWoOmrmOOBlTPmrrXoqr/mlbTjgajmqKrluYXjgrnjg6njgqTjg4noqr/mlbTjgacxMuOCpOODs+ODge+9njE344Kk44Oz44OB44G+44Gn5pyA5aSnOOacrOWPjue0jeWPr+iDveKWoOOCv+OCpOODpOWPjue0jSDjgrPjg7Pjg5Hjgq/jg4gg6JaE5Z6LIOODmeODqeODs+ODgOOBquOBqeecgeOCueODmuODvOOCuSDmnIDlpKfnqY3ovInph48xMjBrZ+KWoEtZLTMxNlQ=,6auY44GV5bmF6Kq/5pW05Y+v6IO9,PGNlbnRlcj4KPGZvbnQgc2l6ZT0iNiIgY29sb3I9IiNmZjY2NjYiPuOCieOBj+OCieOBj+OCv+OCpOODpOODqeODg+OCr0tZLTMxNlQ8L2ZvbnQ+PGJyPjxicj4K55yB44K544Oa44O844K544Gn5L+d566h44GM5Y+v6IO944Gq44Gu44Gn44Ks44Os44O844K444Gu6ZqF44KE44CBPGJyPuODmeODqeODs+ODgOODu+WAieW6q+OBq+OCgue9ruOBhOOBpuOBhOOBn+OBoOOBkeOBvuOBmeOAggo8L2ZvbnQ+PGJyPgo8aW1nIHNyYz0iaHR0cDovL2ltYWdlLnJha3V0ZW4uY28uanAvY2FydXMvY2FiaW5ldC9jaHVoYXRzdS9reTMxNi5qcGciPjxicj4KCjxpbWcgc3JjPSJodHRwOi8vaW1hZ2UucmFrdXRlbi5jby5qcC9jYXJ1cy9jYWJpbmV0L2NodWhhdHN1L2t5MzE1X3RpcmVzaXplLmdpZiI+PGJyPgo8YnI+PGJyPgo8dGFibGUgd2lkdGg9IjU1MCIgYmdjb2xvcj0iIzY2NjY2NiIgYm9yZGVyPSIwIiBjZWxscGFkZGluZz0iNSIgY2VsbHNwYWNpbmc9IjEiPgo8dHI+Cjx0ZCBhbGlnbj0iY2VudGVyIiBiZ2NvbG9yPSIjNjY2NjY2Ij4KPGZvbnQgc2l6ZT0iMyIgY29sb3I9IiNmZmZmZmYiPgog4pePIOKXjyDil48g5ZWGIOWTgSDmg4Ug5aCxIOKXjyDil48g4pePIAo8L2ZvbnQ+CjwvdGQ+CjwvdHI+Cjx0cj4KPHRkIGFsaWduPSJsZWZ0IiBiZ2NvbG9yPSIjZmZmZmZmIj4KPGJyPjxmb250IGNvbG9yPSIjNjY2NjY2Ij4K44CQ44Ov44Oz44K/44OD44OB44K544Op44Kk44OJ6Kq/5pW044Gn44OU44OD44K/44Oq44OV44Kj44OD44OI77yB44CRPEJSPgrpq5jjgZUz5q616Kq/5pW044CB5bem5Y+z44K544Op44Kk44OJ6Kq/5pW044Gr44KI44KK44CBNOacrOOBi+OCiTjmnKzjgb7jgafjga7jgr/jgqTjg6TjgpLjgqzjgr/jgaTjgY3jgarjgY/lj47ntI3jgafjgY3jgb7jgZnjgII8QlI+PEJSPgrjgJDpq5jntJrmhJ/jgYLjgbXjgozjgovjgrnjg5Hjg7zjgq/jg6rjg7PjgrDjgrfjg6vjg5Djg7zloZfoo4XjgJE8QlI+CuiAkOS5heaAp+aKnOe+pOOBruOCueODgeODvOODq+ODkeOCpOODl+OBq+OCueODkeODvOOCr+ODquODs+OCsOOCt+ODq+ODkOODvOWhl+ijheOCkuaWveOBl+OBpuOBhOOBvuOBmeOAgjxCUj48QlI+CuOAkOacgOWkp+epjei8iemHjemHjzEyMGtn44CRCjwvZm9udD48YnI+CjwvdGQ+CjwvdHI+Cjx0cj4KPHRkIGFsaWduPSJjZW50ZXIiIGJnY29sb3I9IiM2NjY2NjYiPgo8Zm9udCBzaXplPSIzIiBjb2xvcj0iI2ZmZmZmZiI+CiDil48g4pePIOKXjyDpgIEg5paZIOaDhSDloLEg4pePIOKXjyDil48gCjwvZm9udD4KPC90ZD4KPC90cj4KPHRyPgo8dGQgYWxpZ249ImxlZnQiIGJnY29sb3I9IiNmZmZmZmYiPgo8YnI+PGZvbnQgY29sb3I9IiM2NjY2NjYiPgril4/lhajlm73kuIDlvos2MDDlhoYr56iO77yI6Zmk44GP5YyX5rW36YGT44CB5rKW57iE44GvMTUwMOWGhivnqI7vvIk8YnI+CjwvZm9udD48YnI+CjwvdGQ+CjwvdHI+CjwvdGFibGU+CjwvY2VudGVyPjx0YWJsZSBib3JkZXI9IjAiPgo8dHI+CjxURCBhbGlnbj0iY2VudGVyIiB3aWR0aD0iMjQ1IiBzdHlsZT0iYm9yZGVyLXdpZHRoIDogMXB4O2JvcmRlci1zdHlsZSA6IHNvbGlkO2JvcmRlci1jb2xvciA6ICNmZmE2MDA7IiBiZ2NvbG9yPSIjZmZhNjAwIj4KPEI+PEZPTlQgc2l6ZT0iMiI+PEJSPuOAkOi7iueoruOBp+aknOe0ouOAkTxicj4KICAgICAg6LuK56iu5Yil44Gn5ZWG5ZOB44KS6KaL44Gk44GR44KL77yBPEJSPgogICAgICA8L2ZvbnQ+PC9CPjxicj4KPC9URD4KPC90cj4KPHRyPgo8VEQgYmdjb2xvcj0iI2ZmZmZmZiI+Cgo8aW1nIHNyYz0iaHR0cDovL2ltYWdlLnJha3V0ZW4uY28uanAvY2FydXMvY2FiaW5ldC90b3AyMDA3L2RvbWVzdGljLmdpZiIgd2lkdGg9IjI0NSIgYm9yZGVyPSIwIj4KPEJSPjxmb250IHNpemU9IjQiPuWbveeUo+i7iueoruWIpeOBr+OBk+OBoeOCiTwvZm9udD4KPC9URD4KPC90cj4KPHRyPgo8VEQgYmdjb2xvcj0iI2ZmZmZmZiI+Cgo8aW1nIHNyYz0iaHR0cDovL2ltYWdlLnJha3V0ZW4uY28uanAvY2FydXMvY2FiaW5ldC90b3AyMDA3L2ltcG9ydC5naWYiIHdpZHRoPSIyNDUiIGJvcmRlcj0iMCI+CjxCUj48Zm9udCBzaXplPSI0Ij7ovLjlhaXou4rnqK7liKXjga/jgZPjgaHjgok8L2ZvbnQ+CjwvVEQ+CjwvdHI+CjwvdGFibGU+PEJSPuOAkFRZMjAw44CR,4pag44OR44OD44K944K744OD44OGL+ODiOODqOOCv+KWoOOCv+OCpOODpOODqeODg+OCr+KWoOmrmOOBlTPmrrXoqr/mlbTjgajmqKrluYXjgrnjg6njgqTjg4noqr/mlbTjgacxMuOCpOODs+ODge+9njE344Kk44Oz44OB44G+44Gn5pyA5aSnOOacrOWPjue0jeWPr+iDveKWoOOCv+OCpOODpOWPjue0jSDjgrPjg7Pjg5Hjgq/jg4gg6JaE5Z6LIOODmeODqeODs+ODgOOBquOBqeecgeOCueODmuODvOOCuSDmnIDlpKfnqY3ovInph48xMjBrZ+KWoEtZLTMxNlTvvJrjgqvjg6vjg7zjgrnjgqrjg7zjg4jjg5Hjg7zjg4Q=,6LuK5qSc5a++5b+c5pS56YCg57SU5q2j5r+A5a6J44K144K544Oa44Oz44K344On44Oz44Ko44Ki44Ot56u25oqA55So44Ob44Kk44O844Or44OK44OD44OI44Ot44OD44Kv44OK44OD44OI44Ov44Kk44OJ44OI44Os44OD44OJ44K544Oa44O844K144O844Ov44Kk44OI44OsSElE44K344O844OI44Kr44OQ44O844OQ44OD44OG44Oq44O844Ko44Ki44Kv44Oq44O844OK44O844K544OR44O844Kv44OX44Op44Kw44OY44OD44OJ44Op44Kk44OIMjAw57O744OP44Kk44Ko44O844K544OX44Oq44Km44K544O044Kn44Or44OV44Kh44Kk44Ki4pag44OR44OD44K944K744OD44OGL+ODiOODqOOCv+KWoOOCv+OCpOODpOODqeODg+OCr+KWoOmrmOOBlTPmrrXoqr/mlbTjgajmqKrluYXjgrnjg6njgqTjg4noqr/mlbTjgacxMuOCpOODs+ODge+9njE344Kk44Oz44OB44G+44Gn5pyA5aSnOOacrOWPjue0jeWPr+iDveKWoOOCv+OCpOODpOWPjue0jSDjgrPjg7Pjg5Hjgq/jg4gg6JaE5Z6LIOODmeODqeODs+ODgOOBquOBqeecgeOCueODmuODvOOCuSDmnIDlpKfnqY3ovInph48xMjBrZ+KWoEtZLTMxNlQ=,6auY44GV5bmF6Kq/5pW05Y+v6IO944CC4pag44OR44OD44K944K744OD44OGL+ODiOODqOOCv+KWoOOCv+OCpOODpOODqeODg+OCr+KWoOmrmOOBlTPmrrXoqr/mlbTjgajmqKrluYXjgrnjg6njgqTjg4noqr/mlbTjgacxMuOCpOODs+ODge+9njE344Kk44Oz44OB44G+44Gn5pyA5aSnOOacrOWPjue0jeWPr+iDveKWoOOCv+OCpOODpOWPjue0jSDjgrPjg7Pjg5Hjgq/jg4gg6JaE5Z6LIOODmeODqeODs+ODgOOBquOBqeecgeOCueODmuODvOOCuSDmnIDlpKfnqY3ovInph48xMjBrZ+KWoEtZLTMxNlQ=[rn]
21-63139,aHR0cDovL3RzaG9wLnIxMHMuanAvY2FydXMvY2FiaW5ldC9jaHVoYXRzdS9reTMxNWltZy5qcGc/Zml0aW49NzAwOjcwMA==,NDg4OC4wMDAw,,6LuK55So5ZOB44O744OQ44Kk44Kv55So5ZOBID4g44Kr44O855So5ZOBID4g44Ob44Kk44O844Or44O744K/44Kk44Ok5ZGo6L6655So5ZOBID4g44K/44Kk44Ok44Op44OD44Kv44O744Kr44OQ44O8,4pag44OX44Ot44Oc44OD44Kv44K5L+ODiOODqOOCv+KWoOOCv+OCpOODpOODqeODg+OCr+KWoOmrmOOBlTPmrrXoqr/mlbTjgajmqKrluYXjgrnjg6njgqTjg4noqr/mlbTjgacxMuOCpOODs+ODge+9njE344Kk44Oz44OB44G+44Gn5pyA5aSnOOacrOWPjue0jeWPr+iDveKWoOOCv+OCpOODpOWPjue0jSDjgrPjg7Pjg5Hjgq/jg4gg6JaE5Z6LIOODmeODqeODs+ODgOOBquOBqeecgeOCueODmuODvOOCuSDmnIDlpKfnqY3ovInph48xMjBrZ+KWoEtZLTMxNlQ=,6auY44GV5bmF6Kq/5pW05Y+v6IO9,PGNlbnRlcj4KPGZvbnQgc2l6ZT0iNiIgY29sb3I9IiNmZjY2NjYiPuOCieOBj+OCieOBj+OCv+OCpOODpOODqeODg+OCr0tZLTMxNlQ8L2ZvbnQ+PGJyPjxicj4K55yB44K544Oa44O844K544Gn5L+d566h44GM5Y+v6IO944Gq44Gu44Gn44Ks44Os44O844K444Gu6ZqF44KE44CBPGJyPuODmeODqeODs+ODgOODu+WAieW6q+OBq+OCgue9ruOBhOOBpuOBhOOBn+OBoOOBkeOBvuOBmeOAggo8L2ZvbnQ+PGJyPgo8aW1nIHNyYz0iaHR0cDovL2ltYWdlLnJha3V0ZW4uY28uanAvY2FydXMvY2FiaW5ldC9jaHVoYXRzdS9reTMxNi5qcGciPjxicj4KCjxpbWcgc3JjPSJodHRwOi8vaW1hZ2UucmFrdXRlbi5jby5qcC9jYXJ1cy9jYWJpbmV0L2NodWhhdHN1L2t5MzE1X3RpcmVzaXplLmdpZiI+PGJyPgo8YnI+PGJyPgo8dGFibGUgd2lkdGg9IjU1MCIgYmdjb2xvcj0iIzY2NjY2NiIgYm9yZGVyPSIwIiBjZWxscGFkZGluZz0iNSIgY2VsbHNwYWNpbmc9IjEiPgo8dHI+Cjx0ZCBhbGlnbj0iY2VudGVyIiBiZ2NvbG9yPSIjNjY2NjY2Ij4KPGZvbnQgc2l6ZT0iMyIgY29sb3I9IiNmZmZmZmYiPgog4pePIOKXjyDil48g5ZWGIOWTgSDmg4Ug5aCxIOKXjyDil48g4pePIAo8L2ZvbnQ+CjwvdGQ+CjwvdHI+Cjx0cj4KPHRkIGFsaWduPSJsZWZ0IiBiZ2NvbG9yPSIjZmZmZmZmIj4KPGJyPjxmb250IGNvbG9yPSIjNjY2NjY2Ij4K44CQ44Ov44Oz44K/44OD44OB44K544Op44Kk44OJ6Kq/5pW044Gn44OU44OD44K/44Oq44OV44Kj44OD44OI77yB44CRPEJSPgrpq5jjgZUz5q616Kq/5pW044CB5bem5Y+z44K544Op44Kk44OJ6Kq/5pW044Gr44KI44KK44CBNOacrOOBi+OCiTjmnKzjgb7jgafjga7jgr/jgqTjg6TjgpLjgqzjgr/jgaTjgY3jgarjgY/lj47ntI3jgafjgY3jgb7jgZnjgII8QlI+PEJSPgrjgJDpq5jntJrmhJ/jgYLjgbXjgozjgovjgrnjg5Hjg7zjgq/jg6rjg7PjgrDjgrfjg6vjg5Djg7zloZfoo4XjgJE8QlI+CuiAkOS5heaAp+aKnOe+pOOBruOCueODgeODvOODq+ODkeOCpOODl+OBq+OCueODkeODvOOCr+ODquODs+OCsOOCt+ODq+ODkOODvOWhl+ijheOCkuaWveOBl+OBpuOBhOOBvuOBmeOAgjxCUj48QlI+CuOAkOacgOWkp+epjei8iemHjemHjzEyMGtn44CRCjwvZm9udD48YnI+CjwvdGQ+CjwvdHI+Cjx0cj4KPHRkIGFsaWduPSJjZW50ZXIiIGJnY29sb3I9IiM2NjY2NjYiPgo8Zm9udCBzaXplPSIzIiBjb2xvcj0iI2ZmZmZmZiI+CiDil48g4pePIOKXjyDpgIEg5paZIOaDhSDloLEg4pePIOKXjyDil48gCjwvZm9udD4KPC90ZD4KPC90cj4KPHRyPgo8dGQgYWxpZ249ImxlZnQiIGJnY29sb3I9IiNmZmZmZmYiPgo8YnI+PGZvbnQgY29sb3I9IiM2NjY2NjYiPgril4/lhajlm73kuIDlvos2MDDlhoYr56iO77yI6Zmk44GP5YyX5rW36YGT44CB5rKW57iE44GvMTUwMOWGhivnqI7vvIk8YnI+CjwvZm9udD48YnI+CjwvdGQ+CjwvdHI+CjwvdGFibGU+CjwvY2VudGVyPjx0YWJsZSBib3JkZXI9IjAiPgo8dHI+CjxURCBhbGlnbj0iY2VudGVyIiB3aWR0aD0iMjQ1IiBzdHlsZT0iYm9yZGVyLXdpZHRoIDogMXB4O2JvcmRlci1zdHlsZSA6IHNvbGlkO2JvcmRlci1jb2xvciA6ICNmZmE2MDA7IiBiZ2NvbG9yPSIjZmZhNjAwIj4KPEI+PEZPTlQgc2l6ZT0iMiI+PEJSPuOAkOi7iueoruOBp+aknOe0ouOAkTxicj4KICAgICAg6LuK56iu5Yil44Gn5ZWG5ZOB44KS6KaL44Gk44GR44KL77yBPEJSPgogICAgICA8L2ZvbnQ+PC9CPjxicj4KPC9URD4KPC90cj4KPHRyPgo8VEQgYmdjb2xvcj0iI2ZmZmZmZiI+Cgo8aW1nIHNyYz0iaHR0cDovL2ltYWdlLnJha3V0ZW4uY28uanAvY2FydXMvY2FiaW5ldC90b3AyMDA3L2RvbWVzdGljLmdpZiIgd2lkdGg9IjI0NSIgYm9yZGVyPSIwIj4KPEJSPjxmb250IHNpemU9IjQiPuWbveeUo+i7iueoruWIpeOBr+OBk+OBoeOCiTwvZm9udD4KPC9URD4KPC90cj4KPHRyPgo8VEQgYmdjb2xvcj0iI2ZmZmZmZiI+Cgo8aW1nIHNyYz0iaHR0cDovL2ltYWdlLnJha3V0ZW4uY28uanAvY2FydXMvY2FiaW5ldC90b3AyMDA3L2ltcG9ydC5naWYiIHdpZHRoPSIyNDUiIGJvcmRlcj0iMCI+CjxCUj48Zm9udCBzaXplPSI0Ij7ovLjlhaXou4rnqK7liKXjga/jgZPjgaHjgok8L2ZvbnQ+CjwvVEQ+CjwvdHI+CjwvdGFibGU+PEJSPuOAkFRZMjIx44CR,4pag44OX44Ot44Oc44OD44Kv44K5L+ODiOODqOOCv+KWoOOCv+OCpOODpOODqeODg+OCr+KWoOmrmOOBlTPmrrXoqr/mlbTjgajmqKrluYXjgrnjg6njgqTjg4noqr/mlbTjgacxMuOCpOODs+ODge+9njE344Kk44Oz44OB44G+44Gn5pyA5aSnOOacrOWPjue0jeWPr+iDveKWoOOCv+OCpOODpOWPjue0jSDjgrPjg7Pjg5Hjgq/jg4gg6JaE5Z6LIOODmeODqeODs+ODgOOBquOBqeecgeOCueODmuODvOOCuSDmnIDlpKfnqY3ovInph48xMjBrZ+KWoEtZLTMxNlTvvJrjgqvjg6vjg7zjgrnjgqrjg7zjg4jjg5Hjg7zjg4Q=,6LuK5qSc5a++5b+c5pS56YCg57SU5q2j5r+A5a6J44K144K544Oa44Oz44K344On44Oz44Ko44Ki44Ot56u25oqA55So44Ob44Kk44O844Or44OK44OD44OI44Ot44OD44Kv44OK44OD44OI44Ov44Kk44OJ44OI44Os44OD44OJ44K544Oa44O844K144O844Ov44Kk44OI44OsSElE44K344O844OI44Kr44OQ44O844OQ44OD44OG44Oq44O844Ko44Ki44Kv44Oq44O844OK44O844K544OR44O844Kv44OX44Op44Kw44OY44OD44OJ44Op44Kk44OIMjAw57O744OP44Kk44Ko44O844K544OX44Oq44Km44K544O044Kn44Or44OV44Kh44Kk44Ki4pag44OX44Ot44Oc44OD44Kv44K5L+ODiOODqOOCv+KWoOOCv+OCpOODpOODqeODg+OCr+KWoOmrmOOBlTPmrrXoqr/mlbTjgajmqKrluYXjgrnjg6njgqTjg4noqr/mlbTjgacxMuOCpOODs+ODge+9njE344Kk44Oz44OB44G+44Gn5pyA5aSnOOacrOWPjue0jeWPr+iDveKWoOOCv+OCpOODpOWPjue0jSDjgrPjg7Pjg5Hjgq/jg4gg6JaE5Z6LIOODmeODqeODs+ODgOOBquOBqeecgeOCueODmuODvOOCuSDmnIDlpKfnqY3ovInph48xMjBrZ+KWoEtZLTMxNlQ=,6auY44GV5bmF6Kq/5pW05Y+v6IO944CC4pag44OX44Ot44Oc44OD44Kv44K5L+ODiOODqOOCv+KWoOOCv+OCpOODpOODqeODg+OCr+KWoOmrmOOBlTPmrrXoqr/mlbTjgajmqKrluYXjgrnjg6njgqTjg4noqr/mlbTjgacxMuOCpOODs+ODge+9njE344Kk44Oz44OB44G+44Gn5pyA5aSnOOacrOWPjue0jeWPr+iDveKWoOOCv+OCpOODpOWPjue0jSDjgrPjg7Pjg5Hjgq/jg4gg6JaE5Z6LIOODmeODqeODs+ODgOOBquOBqeecgeOCueODmuODvOOCuSDmnIDlpKfnqY3ovInph48xMjBrZ+KWoEtZLTMxNlQ=[rn]
21-63140,aHR0cDovL3RzaG9wLnIxMHMuanAvY2FydXMvY2FiaW5ldC9jaHVoYXRzdS9reTMxNWMuanBnP2ZpdGluPTcwMDo3MDA=,Njg0MC4wMDAw,,6LuK55So5ZOB44O744OQ44Kk44Kv55So5ZOBID4g44Kr44O855So5ZOBID4g44Ob44Kk44O844Or44O744K/44Kk44Ok5ZGo6L6655So5ZOBID4g44K/44Kk44Ok44Op44OD44Kv44O744Kr44OQ44O8,4pag44OX44Ot44Oc44OD44Kv44K5L+ODiOODqOOCv+KWoOOCv+OCpOODpOODqeODg+OCryjlsILnlKjjgqvjg5Djg7zku5gp4pag6auY44GVM+auteiqv+aVtOOBqOaoquW5heOCueODqeOCpOODieiqv+aVtOOBpzEy44Kk44Oz44OB772eMTfjgqTjg7Pjg4Hjgb7jgafmnIDlpKc45pys5Y+O57SN5Y+v6IO94pag44K/44Kk44Ok5Y+O57SNIOOCs+ODs+ODkeOCr+ODiCDoloTlnosg44OZ44Op44Oz44OA44Gq44Gp55yB44K544Oa44O844K5IOacgOWkp+epjei8iemHjzEyMGtn4pagS1ktMzE2VCszMTVD,6auY44GV5bmF6Kq/5pW05Y+v6IO9,PGNlbnRlcj4KCjxmb250IHNpemU9IjYiIGNvbG9yPSIjZmY2NjY2Ij7jgonjgY/jgonjgY/jgr/jgqTjg6Tjg6njg4Pjgq9LWS0zMTZUKOWwgueUqOOCq+ODkOODvOS7mCk8L2ZvbnQ+PGJyPjxicj4KCuecgeOCueODmuODvOOCueOBp+S/neeuoeOBjOWPr+iDveOBquOBruOBp+OCrOODrOODvOOCuOOBrumaheOChOOAgTxicj7jg5njg6njg7Pjg4Djg7vlgInluqvjgavjgoLnva7jgYTjgabjgYTjgZ/jgaDjgZHjgb7jgZnjgIIKCjwvZm9udD48YnI+Cgo8aW1nIHNyYz0iaHR0cDovL2ltYWdlLnJha3V0ZW4uY28uanAvY2FydXMvY2FiaW5ldC9jaHVoYXRzdS9reTMxNWMuanBnIj48YnI+CjxpbWcgc3JjPSJodHRwOi8vaW1hZ2UucmFrdXRlbi5jby5qcC9jYXJ1cy9jYWJpbmV0L2NodWhhdHN1L2t5MzE2LmpwZyI+PGJyPgoKCgo8aW1nIHNyYz0iaHR0cDovL2ltYWdlLnJha3V0ZW4uY28uanAvY2FydXMvY2FiaW5ldC9jaHVoYXRzdS9reTMxNV90aXJlc2l6ZS5naWYiPjxicj4KCjxicj48YnI+Cgo8dGFibGUgd2lkdGg9IjU1MCIgYmdjb2xvcj0iIzY2NjY2NiIgYm9yZGVyPSIwIiBjZWxscGFkZGluZz0iNSIgY2VsbHNwYWNpbmc9IjEiPgoKPHRyPgoKPHRkIGFsaWduPSJjZW50ZXIiIGJnY29sb3I9IiM2NjY2NjYiPgoKPGZvbnQgc2l6ZT0iMyIgY29sb3I9IiNmZmZmZmYiPgoKIOKXjyDil48g4pePIOWVhiDlk4Eg5oOFIOWgsSDil48g4pePIOKXjyAKCjwvZm9udD4KCjwvdGQ+Cgo8L3RyPgoKPHRyPgoKPHRkIGFsaWduPSJsZWZ0IiBiZ2NvbG9yPSIjZmZmZmZmIj4KCjxicj48Zm9udCBjb2xvcj0iIzY2NjY2NiI+CgrjgJDjg6/jg7Pjgr/jg4Pjg4Hjgrnjg6njgqTjg4noqr/mlbTjgafjg5Tjg4Pjgr/jg6rjg5XjgqPjg4Pjg4jvvIHjgJE8QlI+Cgrpq5jjgZUz5q616Kq/5pW044CB5bem5Y+z44K544Op44Kk44OJ6Kq/5pW044Gr44KI44KK44CBNOacrOOBi+OCiTjmnKzjgb7jgafjga7jgr/jgqTjg6TjgpLjgqzjgr/jgaTjgY3jgarjgY/lj47ntI3jgafjgY3jgb7jgZnjgII8QlI+PEJSPgoK44CQ6auY57Sa5oSf44GC44G144KM44KL44K544OR44O844Kv44Oq44Oz44Kw44K344Or44OQ44O85aGX6KOF44CRPEJSPgoK6ICQ5LmF5oCn5oqc576k44Gu44K544OB44O844Or44OR44Kk44OX44Gr44K544OR44O844Kv44Oq44Oz44Kw44K344Or44OQ44O85aGX6KOF44KS5pa944GX44Gm44GE44G+44GZ44CCPEJSPjxCUj4KCuOAkOacgOWkp+epjei8iemHjemHjzEyMGtn44CRPEJSPjxCUj4K44CQS1ktMzE2VOWwgueUqOOCv+OCpOODpOODqeODg+OCr+OCq+ODkOODvOOCteOCpOOCuuOAkTExMDDDlzcwMMOXMTQwMG1tCgo8L2ZvbnQ+PGJyPgoKPC90ZD4KCjwvdHI+Cgo8dHI+Cgo8dGQgYWxpZ249ImNlbnRlciIgYmdjb2xvcj0iIzY2NjY2NiI+Cgo8Zm9udCBzaXplPSIzIiBjb2xvcj0iI2ZmZmZmZiI+Cgog4pePIOKXjyDil48g6YCBIOaWmSDmg4Ug5aCxIOKXjyDil48g4pePIAoKPC9mb250PgoKPC90ZD4KCjwvdHI+Cgo8dHI+Cgo8dGQgYWxpZ249ImxlZnQiIGJnY29sb3I9IiNmZmZmZmYiPgoKPGJyPjxmb250IGNvbG9yPSIjNjY2NjY2Ij4KCuKXj+WFqOWbveS4gOW+izYwMOWGhivnqI7vvIjpmaTjgY/ljJfmtbfpgZPjgIHmspbnuITjga8xNTAw5YaGK+eoju+8iTxicj4KCjwvZm9udD48YnI+Cgo8L3RkPgoKPC90cj4KCjwvdGFibGU+Cgo8L2NlbnRlcj48dGFibGUgYm9yZGVyPSIwIj4KPHRyPgo8VEQgYWxpZ249ImNlbnRlciIgd2lkdGg9IjI0NSIgc3R5bGU9ImJvcmRlci13aWR0aCA6IDFweDtib3JkZXItc3R5bGUgOiBzb2xpZDtib3JkZXItY29sb3IgOiAjZmZhNjAwOyIgYmdjb2xvcj0iI2ZmYTYwMCI+CjxCPjxGT05UIHNpemU9IjIiPjxCUj7jgJDou4rnqK7jgafmpJzntKLjgJE8YnI+CiAgICAgIOi7iueoruWIpeOBp+WVhuWTgeOCkuimi+OBpOOBkeOCi++8gTxCUj4KICAgICAgPC9mb250PjwvQj48YnI+CjwvVEQ+CjwvdHI+Cjx0cj4KPFREIGJnY29sb3I9IiNmZmZmZmYiPgoKPGltZyBzcmM9Imh0dHA6Ly9pbWFnZS5yYWt1dGVuLmNvLmpwL2NhcnVzL2NhYmluZXQvdG9wMjAwNy9kb21lc3RpYy5naWYiIHdpZHRoPSIyNDUiIGJvcmRlcj0iMCI+CjxCUj48Zm9udCBzaXplPSI0Ij7lm73nlKPou4rnqK7liKXjga/jgZPjgaHjgok8L2ZvbnQ+CjwvVEQ+CjwvdHI+Cjx0cj4KPFREIGJnY29sb3I9IiNmZmZmZmYiPgoKPGltZyBzcmM9Imh0dHA6Ly9pbWFnZS5yYWt1dGVuLmNvLmpwL2NhcnVzL2NhYmluZXQvdG9wMjAwNy9pbXBvcnQuZ2lmIiB3aWR0aD0iMjQ1IiBib3JkZXI9IjAiPgo8QlI+PGZvbnQgc2l6ZT0iNCI+6Ly45YWl6LuK56iu5Yil44Gv44GT44Gh44KJPC9mb250Pgo8L1REPgo8L3RyPgo8L3RhYmxlPjxCUj7jgJBUWTIyMeOAkQ==,4pag44OX44Ot44Oc44OD44Kv44K5L+ODiOODqOOCv+KWoOOCv+OCpOODpOODqeODg+OCryjlsILnlKjjgqvjg5Djg7zku5gp4pag6auY44GVM+auteiqv+aVtOOBqOaoquW5heOCueODqeOCpOODieiqv+aVtOOBpzEy44Kk44Oz44OB772eMTfjgqTjg7Pjg4Hjgb7jgafmnIDlpKc45pys5Y+O57SN5Y+v6IO94pag44K/44Kk44Ok5Y+O57SNIOOCs+ODs+ODkeOCr+ODiCDoloTlnosg44OZ44Op44Oz44OA44Gq44Gp55yB44K544Oa44O844K5IOacgOWkp+epjei8iemHjzEyMGtn4pagS1ktMzE2VCszMTVD77ya44Kr44Or44O844K544Kq44O844OI44OR44O844OE,6LuK5qSc5a++5b+c5pS56YCg57SU5q2j5r+A5a6J44K144K544Oa44Oz44K344On44Oz44Ko44Ki44Ot56u25oqA55So44Ob44Kk44O844Or44OK44OD44OI44Ot44OD44Kv44OK44OD44OI44Ov44Kk44OJ44OI44Os44OD44OJ44K544Oa44O844K144O844Ov44Kk44OI44OsSElE44K344O844OI44Kr44OQ44O844OQ44OD44OG44Oq44O844Ko44Ki44Kv44Oq44O844OK44O844K544OR44O844Kv44OX44Op44Kw44OY44OD44OJ44Op44Kk44OIMjAw57O744OP44Kk44Ko44O844K544OX44Oq44Km44K544O044Kn44Or44OV44Kh44Kk44Ki4pag44OX44Ot44Oc44OD44Kv44K5L+ODiOODqOOCv+KWoOOCv+OCpOODpOODqeODg+OCryjlsILnlKjjgqvjg5Djg7zku5gp4pag6auY44GVM+auteiqv+aVtOOBqOaoquW5heOCueODqeOCpOODieiqv+aVtOOBpzEy44Kk44Oz44OB772eMTfjgqTjg7Pjg4Hjgb7jgafmnIDlpKc45pys5Y+O57SN5Y+v6IO94pag44K/44Kk44Ok5Y+O57SNIOOCs+ODs+ODkeOCr+ODiCDoloTlnosg44OZ44Op44Oz44OA44Gq44Gp55yB44K544Oa44O844K5IOacgOWkp+epjei8iemHjzEyMGtn4pagS1ktMzE2VCszMTVD,6auY44GV5bmF6Kq/5pW05Y+v6IO944CC4pag44OX44Ot44Oc44OD44Kv44K5L+ODiOODqOOCv+KWoOOCv+OCpOODpOODqeODg+OCryjlsILnlKjjgqvjg5Djg7zku5gp4pag6auY44GVM+auteiqv+aVtOOBqOaoquW5heOCueODqeOCpOODieiqv+aVtOOBpzEy44Kk44Oz44OB772eMTfjgqTjg7Pjg4Hjgb7jgafmnIDlpKc45pys5Y+O57SN5Y+v6IO94pag44K/44Kk44Ok5Y+O57SNIOOCs+ODs+ODkeOCr+ODiCDoloTlnosg44OZ44Op44Oz44OA44Gq44Gp55yB44K544Oa44O844K5IOacgOWkp+epjei8iemHjzEyMGtn4pagS1ktMzE2VCszMTVD[rn]
21-63141,aHR0cDovL3RzaG9wLnIxMHMuanAvY2FydXMvY2FiaW5ldC9jaHVoYXRzdS9reTMxNWMuanBnP2ZpdGluPTcwMDo3MDA=,Njg0MC4wMDAw,,6LuK55So5ZOB44O744OQ44Kk44Kv55So5ZOBID4g44Kr44O855So5ZOBID4g44Ob44Kk44O844Or44O744K/44Kk44Ok5ZGo6L6655So5ZOBID4g44K/44Kk44Ok44Op44OD44Kv44O744Kr44OQ44O8,4pag44OT44K544K/44Ki44Or44OH44KqL+ODiOODqOOCv+KWoOOCv+OCpOODpOODqeODg+OCryjlsILnlKjjgqvjg5Djg7zku5gp4pag6auY44GVM+auteiqv+aVtOOBqOaoquW5heOCueODqeOCpOODieiqv+aVtOOBpzEy44Kk44Oz44OB772eMTfjgqTjg7Pjg4Hjgb7jgafmnIDlpKc45pys5Y+O57SN5Y+v6IO94pag44K/44Kk44Ok5Y+O57SNIOOCs+ODs+ODkeOCr+ODiCDoloTlnosg44OZ44Op44Oz44OA44Gq44Gp55yB44K544Oa44O844K5IOacgOWkp+epjei8iemHjzEyMGtn4pagS1ktMzE2VCszMTVD,6auY44GV5bmF6Kq/5pW05Y+v6IO9,PGNlbnRlcj4KCjxmb250IHNpemU9IjYiIGNvbG9yPSIjZmY2NjY2Ij7jgonjgY/jgonjgY/jgr/jgqTjg6Tjg6njg4Pjgq9LWS0zMTZUKOWwgueUqOOCq+ODkOODvOS7mCk8L2ZvbnQ+PGJyPjxicj4KCuecgeOCueODmuODvOOCueOBp+S/neeuoeOBjOWPr+iDveOBquOBruOBp+OCrOODrOODvOOCuOOBrumaheOChOOAgTxicj7jg5njg6njg7Pjg4Djg7vlgInluqvjgavjgoLnva7jgYTjgabjgYTjgZ/jgaDjgZHjgb7jgZnjgIIKCjwvZm9udD48YnI+Cgo8aW1nIHNyYz0iaHR0cDovL2ltYWdlLnJha3V0ZW4uY28uanAvY2FydXMvY2FiaW5ldC9jaHVoYXRzdS9reTMxNWMuanBnIj48YnI+CjxpbWcgc3JjPSJodHRwOi8vaW1hZ2UucmFrdXRlbi5jby5qcC9jYXJ1cy9jYWJpbmV0L2NodWhhdHN1L2t5MzE2LmpwZyI+PGJyPgoKCgo8aW1nIHNyYz0iaHR0cDovL2ltYWdlLnJha3V0ZW4uY28uanAvY2FydXMvY2FiaW5ldC9jaHVoYXRzdS9reTMxNV90aXJlc2l6ZS5naWYiPjxicj4KCjxicj48YnI+Cgo8dGFibGUgd2lkdGg9IjU1MCIgYmdjb2xvcj0iIzY2NjY2NiIgYm9yZGVyPSIwIiBjZWxscGFkZGluZz0iNSIgY2VsbHNwYWNpbmc9IjEiPgoKPHRyPgoKPHRkIGFsaWduPSJjZW50ZXIiIGJnY29sb3I9IiM2NjY2NjYiPgoKPGZvbnQgc2l6ZT0iMyIgY29sb3I9IiNmZmZmZmYiPgoKIOKXjyDil48g4pePIOWVhiDlk4Eg5oOFIOWgsSDil48g4pePIOKXjyAKCjwvZm9udD4KCjwvdGQ+Cgo8L3RyPgoKPHRyPgoKPHRkIGFsaWduPSJsZWZ0IiBiZ2NvbG9yPSIjZmZmZmZmIj4KCjxicj48Zm9udCBjb2xvcj0iIzY2NjY2NiI+CgrjgJDjg6/jg7Pjgr/jg4Pjg4Hjgrnjg6njgqTjg4noqr/mlbTjgafjg5Tjg4Pjgr/jg6rjg5XjgqPjg4Pjg4jvvIHjgJE8QlI+Cgrpq5jjgZUz5q616Kq/5pW044CB5bem5Y+z44K544Op44Kk44OJ6Kq/5pW044Gr44KI44KK44CBNOacrOOBi+OCiTjmnKzjgb7jgafjga7jgr/jgqTjg6TjgpLjgqzjgr/jgaTjgY3jgarjgY/lj47ntI3jgafjgY3jgb7jgZnjgII8QlI+PEJSPgoK44CQ6auY57Sa5oSf44GC44G144KM44KL44K544OR44O844Kv44Oq44Oz44Kw44K344Or44OQ44O85aGX6KOF44CRPEJSPgoK6ICQ5LmF5oCn5oqc576k44Gu44K544OB44O844Or44OR44Kk44OX44Gr44K544OR44O844Kv44Oq44Oz44Kw44K344Or44OQ44O85aGX6KOF44KS5pa944GX44Gm44GE44G+44GZ44CCPEJSPjxCUj4KCuOAkOacgOWkp+epjei8iemHjemHjzEyMGtn44CRPEJSPjxCUj4K44CQS1ktMzE2VOWwgueUqOOCv+OCpOODpOODqeODg+OCr+OCq+ODkOODvOOCteOCpOOCuuOAkTExMDDDlzcwMMOXMTQwMG1tCgo8L2ZvbnQ+PGJyPgoKPC90ZD4KCjwvdHI+Cgo8dHI+Cgo8dGQgYWxpZ249ImNlbnRlciIgYmdjb2xvcj0iIzY2NjY2NiI+Cgo8Zm9udCBzaXplPSIzIiBjb2xvcj0iI2ZmZmZmZiI+Cgog4pePIOKXjyDil48g6YCBIOaWmSDmg4Ug5aCxIOKXjyDil48g4pePIAoKPC9mb250PgoKPC90ZD4KCjwvdHI+Cgo8dHI+Cgo8dGQgYWxpZ249ImxlZnQiIGJnY29sb3I9IiNmZmZmZmYiPgoKPGJyPjxmb250IGNvbG9yPSIjNjY2NjY2Ij4KCuKXj+WFqOWbveS4gOW+izYwMOWGhivnqI7vvIjpmaTjgY/ljJfmtbfpgZPjgIHmspbnuITjga8xNTAw5YaGK+eoju+8iTxicj4KCjwvZm9udD48YnI+Cgo8L3RkPgoKPC90cj4KCjwvdGFibGU+Cgo8L2NlbnRlcj48dGFibGUgYm9yZGVyPSIwIj4KPHRyPgo8VEQgYWxpZ249ImNlbnRlciIgd2lkdGg9IjI0NSIgc3R5bGU9ImJvcmRlci13aWR0aCA6IDFweDtib3JkZXItc3R5bGUgOiBzb2xpZDtib3JkZXItY29sb3IgOiAjZmZhNjAwOyIgYmdjb2xvcj0iI2ZmYTYwMCI+CjxCPjxGT05UIHNpemU9IjIiPjxCUj7jgJDou4rnqK7jgafmpJzntKLjgJE8YnI+CiAgICAgIOi7iueoruWIpeOBp+WVhuWTgeOCkuimi+OBpOOBkeOCi++8gTxCUj4KICAgICAgPC9mb250PjwvQj48YnI+CjwvVEQ+CjwvdHI+Cjx0cj4KPFREIGJnY29sb3I9IiNmZmZmZmYiPgoKPGltZyBzcmM9Imh0dHA6Ly9pbWFnZS5yYWt1dGVuLmNvLmpwL2NhcnVzL2NhYmluZXQvdG9wMjAwNy9kb21lc3RpYy5naWYiIHdpZHRoPSIyNDUiIGJvcmRlcj0iMCI+CjxCUj48Zm9udCBzaXplPSI0Ij7lm73nlKPou4rnqK7liKXjga/jgZPjgaHjgok8L2ZvbnQ+CjwvVEQ+CjwvdHI+Cjx0cj4KPFREIGJnY29sb3I9IiNmZmZmZmYiPgoKPGltZyBzcmM9Imh0dHA6Ly9pbWFnZS5yYWt1dGVuLmNvLmpwL2NhcnVzL2NhYmluZXQvdG9wMjAwNy9pbXBvcnQuZ2lmIiB3aWR0aD0iMjQ1IiBib3JkZXI9IjAiPgo8QlI+PGZvbnQgc2l6ZT0iNCI+6Ly45YWl6LuK56iu5Yil44Gv44GT44Gh44KJPC9mb250Pgo8L1REPgo8L3RyPgo8L3RhYmxlPjxCUj7jgJBUWTIwNeOAkQ==,4pag44OT44K544K/44Ki44Or44OH44KqL+ODiOODqOOCv+KWoOOCv+OCpOODpOODqeODg+OCryjlsILnlKjjgqvjg5Djg7zku5gp4pag6auY44GVM+auteiqv+aVtOOBqOaoquW5heOCueODqeOCpOODieiqv+aVtOOBpzEy44Kk44Oz44OB772eMTfjgqTjg7Pjg4Hjgb7jgafmnIDlpKc45pys5Y+O57SN5Y+v6IO94pag44K/44Kk44Ok5Y+O57SNIOOCs+ODs+ODkeOCr+ODiCDoloTlnosg44OZ44Op44Oz44OA44Gq44Gp55yB44K544Oa44O844K5IOacgOWkp+epjei8iemHjzEyMGtn4pagS1ktMzE2VCszMTVD77ya44Kr44Or44O844K544Kq44O844OI44OR44O844OE,6LuK5qSc5a++5b+c5pS56YCg57SU5q2j5r+A5a6J44K144K544Oa44Oz44K344On44Oz44Ko44Ki44Ot56u25oqA55So44Ob44Kk44O844Or44OK44OD44OI44Ot44OD44Kv44OK44OD44OI44Ov44Kk44OJ44OI44Os44OD44OJ44K544Oa44O844K144O844Ov44Kk44OI44OsSElE44K344O844OI44Kr44OQ44O844OQ44OD44OG44Oq44O844Ko44Ki44Kv44Oq44O844OK44O844K544OR44O844Kv44OX44Op44Kw44OY44OD44OJ44Op44Kk44OIMjAw57O744OP44Kk44Ko44O844K544OX44Oq44Km44K544O044Kn44Or44OV44Kh44Kk44Ki4pag44OT44K544K/44Ki44Or44OH44KqL+ODiOODqOOCv+KWoOOCv+OCpOODpOODqeODg+OCryjlsILnlKjjgqvjg5Djg7zku5gp4pag6auY44GVM+auteiqv+aVtOOBqOaoquW5heOCueODqeOCpOODieiqv+aVtOOBpzEy44Kk44Oz44OB772eMTfjgqTjg7Pjg4Hjgb7jgafmnIDlpKc45pys5Y+O57SN5Y+v6IO94pag44K/44Kk44Ok5Y+O57SNIOOCs+ODs+ODkeOCr+ODiCDoloTlnosg44OZ44Op44Oz44OA44Gq44Gp55yB44K544Oa44O844K5IOacgOWkp+epjei8iemHjzEyMGtn4pagS1ktMzE2VCszMTVD,6auY44GV5bmF6Kq/5pW05Y+v6IO944CC4pag44OT44K544K/44Ki44Or44OH44KqL+ODiOODqOOCv+KWoOOCv+OCpOODpOODqeODg+OCryjlsILnlKjjgqvjg5Djg7zku5gp4pag6auY44GVM+auteiqv+aVtOOBqOaoquW5heOCueODqeOCpOODieiqv+aVtOOBpzEy44Kk44Oz44OB772eMTfjgqTjg7Pjg4Hjgb7jgafmnIDlpKc45pys5Y+O57SN5Y+v6IO94pag44K/44Kk44Ok5Y+O57SNIOOCs+ODs+ODkeOCr+ODiCDoloTlnosg44OZ44Op44Oz44OA44Gq44Gp55yB44K544Oa44O844K5IOacgOWkp+epjei8iemHjzEyMGtn4pagS1ktMzE2VCszMTVD[rn]
21-63142,aHR0cDovL3RzaG9wLnIxMHMuanAvY2FydXMvY2FiaW5ldC9jaHVoYXRzdS9reTMxNWltZy5qcGc/Zml0aW49NzAwOjcwMA==,NDg4OC4wMDAw,,6LuK55So5ZOB44O744OQ44Kk44Kv55So5ZOBID4g44Kr44O855So5ZOBID4g44Ob44Kk44O844Or44O744K/44Kk44Ok5ZGo6L6655So5ZOBID4g44K/44Kk44Ok44Op44OD44Kv44O744Kr44OQ44O8,4pag44OT44K544K/44Ki44Or44OH44KqL+ODiOODqOOCv+KWoOOCv+OCpOODpOODqeODg+OCr+KWoOmrmOOBlTPmrrXoqr/mlbTjgajmqKrluYXjgrnjg6njgqTjg4noqr/mlbTjgacxMuOCpOODs+ODge+9njE344Kk44Oz44OB44G+44Gn5pyA5aSnOOacrOWPjue0jeWPr+iDveKWoOOCv+OCpOODpOWPjue0jSDjgrPjg7Pjg5Hjgq/jg4gg6JaE5Z6LIOODmeODqeODs+ODgOOBquOBqeecgeOCueODmuODvOOCuSDmnIDlpKfnqY3ovInph48xMjBrZ+KWoEtZLTMxNlQ=,6auY44GV5bmF6Kq/5pW05Y+v6IO9,PGNlbnRlcj4KPGZvbnQgc2l6ZT0iNiIgY29sb3I9IiNmZjY2NjYiPuOCieOBj+OCieOBj+OCv+OCpOODpOODqeODg+OCr0tZLTMxNlQ8L2ZvbnQ+PGJyPjxicj4K55yB44K544Oa44O844K544Gn5L+d566h44GM5Y+v6IO944Gq44Gu44Gn44Ks44Os44O844K444Gu6ZqF44KE44CBPGJyPuODmeODqeODs+ODgOODu+WAieW6q+OBq+OCgue9ruOBhOOBpuOBhOOBn+OBoOOBkeOBvuOBmeOAggo8L2ZvbnQ+PGJyPgo8aW1nIHNyYz0iaHR0cDovL2ltYWdlLnJha3V0ZW4uY28uanAvY2FydXMvY2FiaW5ldC9jaHVoYXRzdS9reTMxNi5qcGciPjxicj4KCjxpbWcgc3JjPSJodHRwOi8vaW1hZ2UucmFrdXRlbi5jby5qcC9jYXJ1cy9jYWJpbmV0L2NodWhhdHN1L2t5MzE1X3RpcmVzaXplLmdpZiI+PGJyPgo8YnI+PGJyPgo8dGFibGUgd2lkdGg9IjU1MCIgYmdjb2xvcj0iIzY2NjY2NiIgYm9yZGVyPSIwIiBjZWxscGFkZGluZz0iNSIgY2VsbHNwYWNpbmc9IjEiPgo8dHI+Cjx0ZCBhbGlnbj0iY2VudGVyIiBiZ2NvbG9yPSIjNjY2NjY2Ij4KPGZvbnQgc2l6ZT0iMyIgY29sb3I9IiNmZmZmZmYiPgog4pePIOKXjyDil48g5ZWGIOWTgSDmg4Ug5aCxIOKXjyDil48g4pePIAo8L2ZvbnQ+CjwvdGQ+CjwvdHI+Cjx0cj4KPHRkIGFsaWduPSJsZWZ0IiBiZ2NvbG9yPSIjZmZmZmZmIj4KPGJyPjxmb250IGNvbG9yPSIjNjY2NjY2Ij4K44CQ44Ov44Oz44K/44OD44OB44K544Op44Kk44OJ6Kq/5pW044Gn44OU44OD44K/44Oq44OV44Kj44OD44OI77yB44CRPEJSPgrpq5jjgZUz5q616Kq/5pW044CB5bem5Y+z44K544Op44Kk44OJ6Kq/5pW044Gr44KI44KK44CBNOacrOOBi+OCiTjmnKzjgb7jgafjga7jgr/jgqTjg6TjgpLjgqzjgr/jgaTjgY3jgarjgY/lj47ntI3jgafjgY3jgb7jgZnjgII8QlI+PEJSPgrjgJDpq5jntJrmhJ/jgYLjgbXjgozjgovjgrnjg5Hjg7zjgq/jg6rjg7PjgrDjgrfjg6vjg5Djg7zloZfoo4XjgJE8QlI+CuiAkOS5heaAp+aKnOe+pOOBruOCueODgeODvOODq+ODkeOCpOODl+OBq+OCueODkeODvOOCr+ODquODs+OCsOOCt+ODq+ODkOODvOWhl+ijheOCkuaWveOBl+OBpuOBhOOBvuOBmeOAgjxCUj48QlI+CuOAkOacgOWkp+epjei8iemHjemHjzEyMGtn44CRCjwvZm9udD48YnI+CjwvdGQ+CjwvdHI+Cjx0cj4KPHRkIGFsaWduPSJjZW50ZXIiIGJnY29sb3I9IiM2NjY2NjYiPgo8Zm9udCBzaXplPSIzIiBjb2xvcj0iI2ZmZmZmZiI+CiDil48g4pePIOKXjyDpgIEg5paZIOaDhSDloLEg4pePIOKXjyDil48gCjwvZm9udD4KPC90ZD4KPC90cj4KPHRyPgo8dGQgYWxpZ249ImxlZnQiIGJnY29sb3I9IiNmZmZmZmYiPgo8YnI+PGZvbnQgY29sb3I9IiM2NjY2NjYiPgril4/lhajlm73kuIDlvos2MDDlhoYr56iO77yI6Zmk44GP5YyX5rW36YGT44CB5rKW57iE44GvMTUwMOWGhivnqI7vvIk8YnI+CjwvZm9udD48YnI+CjwvdGQ+CjwvdHI+CjwvdGFibGU+CjwvY2VudGVyPjx0YWJsZSBib3JkZXI9IjAiPgo8dHI+CjxURCBhbGlnbj0iY2VudGVyIiB3aWR0aD0iMjQ1IiBzdHlsZT0iYm9yZGVyLXdpZHRoIDogMXB4O2JvcmRlci1zdHlsZSA6IHNvbGlkO2JvcmRlci1jb2xvciA6ICNmZmE2MDA7IiBiZ2NvbG9yPSIjZmZhNjAwIj4KPEI+PEZPTlQgc2l6ZT0iMiI+PEJSPuOAkOi7iueoruOBp+aknOe0ouOAkTxicj4KICAgICAg6LuK56iu5Yil44Gn5ZWG5ZOB44KS6KaL44Gk44GR44KL77yBPEJSPgogICAgICA8L2ZvbnQ+PC9CPjxicj4KPC9URD4KPC90cj4KPHRyPgo8VEQgYmdjb2xvcj0iI2ZmZmZmZiI+Cgo8aW1nIHNyYz0iaHR0cDovL2ltYWdlLnJha3V0ZW4uY28uanAvY2FydXMvY2FiaW5ldC90b3AyMDA3L2RvbWVzdGljLmdpZiIgd2lkdGg9IjI0NSIgYm9yZGVyPSIwIj4KPEJSPjxmb250IHNpemU9IjQiPuWbveeUo+i7iueoruWIpeOBr+OBk+OBoeOCiTwvZm9udD4KPC9URD4KPC90cj4KPHRyPgo8VEQgYmdjb2xvcj0iI2ZmZmZmZiI+Cgo8aW1nIHNyYz0iaHR0cDovL2ltYWdlLnJha3V0ZW4uY28uanAvY2FydXMvY2FiaW5ldC90b3AyMDA3L2ltcG9ydC5naWYiIHdpZHRoPSIyNDUiIGJvcmRlcj0iMCI+CjxCUj48Zm9udCBzaXplPSI0Ij7ovLjlhaXou4rnqK7liKXjga/jgZPjgaHjgok8L2ZvbnQ+CjwvVEQ+CjwvdHI+CjwvdGFibGU+PEJSPuOAkFRZMjA144CR,4pag44OT44K544K/44Ki44Or44OH44KqL+ODiOODqOOCv+KWoOOCv+OCpOODpOODqeODg+OCr+KWoOmrmOOBlTPmrrXoqr/mlbTjgajmqKrluYXjgrnjg6njgqTjg4noqr/mlbTjgacxMuOCpOODs+ODge+9njE344Kk44Oz44OB44G+44Gn5pyA5aSnOOacrOWPjue0jeWPr+iDveKWoOOCv+OCpOODpOWPjue0jSDjgrPjg7Pjg5Hjgq/jg4gg6JaE5Z6LIOODmeODqeODs+ODgOOBquOBqeecgeOCueODmuODvOOCuSDmnIDlpKfnqY3ovInph48xMjBrZ+KWoEtZLTMxNlTvvJrjgqvjg6vjg7zjgrnjgqrjg7zjg4jjg5Hjg7zjg4Q=,6LuK5qSc5a++5b+c5pS56YCg57SU5q2j5r+A5a6J44K144K544Oa44Oz44K344On44Oz44Ko44Ki44Ot56u25oqA55So44Ob44Kk44O844Or44OK44OD44OI44Ot44OD44Kv44OK44OD44OI44Ov44Kk44OJ44OI44Os44OD44OJ44K544Oa44O844K144O844Ov44Kk44OI44OsSElE44K344O844OI44Kr44OQ44O844OQ44OD44OG44Oq44O844Ko44Ki44Kv44Oq44O844OK44O844K544OR44O844Kv44OX44Op44Kw44OY44OD44OJ44Op44Kk44OIMjAw57O744OP44Kk44Ko44O844K544OX44Oq44Km44K544O044Kn44Or44OV44Kh44Kk44Ki4pag44OT44K544K/44Ki44Or44OH44KqL+ODiOODqOOCv+KWoOOCv+OCpOODpOODqeODg+OCr+KWoOmrmOOBlTPmrrXoqr/mlbTjgajmqKrluYXjgrnjg6njgqTjg4noqr/mlbTjgacxMuOCpOODs+ODge+9njE344Kk44Oz44OB44G+44Gn5pyA5aSnOOacrOWPjue0jeWPr+iDveKWoOOCv+OCpOODpOWPjue0jSDjgrPjg7Pjg5Hjgq/jg4gg6JaE5Z6LIOODmeODqeODs+ODgOOBquOBqeecgeOCueODmuODvOOCuSDmnIDlpKfnqY3ovInph48xMjBrZ+KWoEtZLTMxNlQ=,6auY44GV5bmF6Kq/5pW05Y+v6IO944CC4pag44OT44K544K/44Ki44Or44OH44KqL+ODiOODqOOCv+KWoOOCv+OCpOODpOODqeODg+OCr+KWoOmrmOOBlTPmrrXoqr/mlbTjgajmqKrluYXjgrnjg6njgqTjg4noqr/mlbTjgacxMuOCpOODs+ODge+9njE344Kk44Oz44OB44G+44Gn5pyA5aSnOOacrOWPjue0jeWPr+iDveKWoOOCv+OCpOODpOWPjue0jSDjgrPjg7Pjg5Hjgq/jg4gg6JaE5Z6LIOODmeODqeODs+ODgOOBquOBqeecgeOCueODmuODvOOCuSDmnIDlpKfnqY3ovInph48xMjBrZ+KWoEtZLTMxNlQ=[rn]
21-63143,aHR0cDovL3RzaG9wLnIxMHMuanAvY2FydXMvY2FiaW5ldC9jaHVoYXRzdS9reTMxNWltZy5qcGc/Zml0aW49NzAwOjcwMA==,NDg4OC4wMDAw,,6LuK55So5ZOB44O744OQ44Kk44Kv55So5ZOBID4g44Kr44O855So5ZOBID4g44Ob44Kk44O844Or44O744K/44Kk44Ok5ZGo6L6655So5ZOBID4g44K/44Kk44Ok44Op44OD44Kv44O744Kr44OQ44O8,4pag44OX44Ot44Kw44OsL+ODiOODqOOCv+KWoOOCv+OCpOODpOODqeODg+OCr+KWoOmrmOOBlTPmrrXoqr/mlbTjgajmqKrluYXjgrnjg6njgqTjg4noqr/mlbTjgacxMuOCpOODs+ODge+9njE344Kk44Oz44OB44G+44Gn5pyA5aSnOOacrOWPjue0jeWPr+iDveKWoOOCv+OCpOODpOWPjue0jSDjgrPjg7Pjg5Hjgq/jg4gg6JaE5Z6LIOODmeODqeODs+ODgOOBquOBqeecgeOCueODmuODvOOCuSDmnIDlpKfnqY3ovInph48xMjBrZ+KWoEtZLTMxNlQ=,6auY44GV5bmF6Kq/5pW05Y+v6IO9,PGNlbnRlcj4KPGZvbnQgc2l6ZT0iNiIgY29sb3I9IiNmZjY2NjYiPuOCieOBj+OCieOBj+OCv+OCpOODpOODqeODg+OCr0tZLTMxNlQ8L2ZvbnQ+PGJyPjxicj4K55yB44K544Oa44O844K544Gn5L+d566h44GM5Y+v6IO944Gq44Gu44Gn44Ks44Os44O844K444Gu6ZqF44KE44CBPGJyPuODmeODqeODs+ODgOODu+WAieW6q+OBq+OCgue9ruOBhOOBpuOBhOOBn+OBoOOBkeOBvuOBmeOAggo8L2ZvbnQ+PGJyPgo8aW1nIHNyYz0iaHR0cDovL2ltYWdlLnJha3V0ZW4uY28uanAvY2FydXMvY2FiaW5ldC9jaHVoYXRzdS9reTMxNi5qcGciPjxicj4KCjxpbWcgc3JjPSJodHRwOi8vaW1hZ2UucmFrdXRlbi5jby5qcC9jYXJ1cy9jYWJpbmV0L2NodWhhdHN1L2t5MzE1X3RpcmVzaXplLmdpZiI+PGJyPgo8YnI+PGJyPgo8dGFibGUgd2lkdGg9IjU1MCIgYmdjb2xvcj0iIzY2NjY2NiIgYm9yZGVyPSIwIiBjZWxscGFkZGluZz0iNSIgY2VsbHNwYWNpbmc9IjEiPgo8dHI+Cjx0ZCBhbGlnbj0iY2VudGVyIiBiZ2NvbG9yPSIjNjY2NjY2Ij4KPGZvbnQgc2l6ZT0iMyIgY29sb3I9IiNmZmZmZmYiPgog4pePIOKXjyDil48g5ZWGIOWTgSDmg4Ug5aCxIOKXjyDil48g4pePIAo8L2ZvbnQ+CjwvdGQ+CjwvdHI+Cjx0cj4KPHRkIGFsaWduPSJsZWZ0IiBiZ2NvbG9yPSIjZmZmZmZmIj4KPGJyPjxmb250IGNvbG9yPSIjNjY2NjY2Ij4K44CQ44Ov44Oz44K/44OD44OB44K544Op44Kk44OJ6Kq/5pW044Gn44OU44OD44K/44Oq44OV44Kj44OD44OI77yB44CRPEJSPgrpq5jjgZUz5q616Kq/5pW044CB5bem5Y+z44K544Op44Kk44OJ6Kq/5pW044Gr44KI44KK44CBNOacrOOBi+OCiTjmnKzjgb7jgafjga7jgr/jgqTjg6TjgpLjgqzjgr/jgaTjgY3jgarjgY/lj47ntI3jgafjgY3jgb7jgZnjgII8QlI+PEJSPgrjgJDpq5jntJrmhJ/jgYLjgbXjgozjgovjgrnjg5Hjg7zjgq/jg6rjg7PjgrDjgrfjg6vjg5Djg7zloZfoo4XjgJE8QlI+CuiAkOS5heaAp+aKnOe+pOOBruOCueODgeODvOODq+ODkeOCpOODl+OBq+OCueODkeODvOOCr+ODquODs+OCsOOCt+ODq+ODkOODvOWhl+ijheOCkuaWveOBl+OBpuOBhOOBvuOBmeOAgjxCUj48QlI+CuOAkOacgOWkp+epjei8iemHjemHjzEyMGtn44CRCjwvZm9udD48YnI+CjwvdGQ+CjwvdHI+Cjx0cj4KPHRkIGFsaWduPSJjZW50ZXIiIGJnY29sb3I9IiM2NjY2NjYiPgo8Zm9udCBzaXplPSIzIiBjb2xvcj0iI2ZmZmZmZiI+CiDil48g4pePIOKXjyDpgIEg5paZIOaDhSDloLEg4pePIOKXjyDil48gCjwvZm9udD4KPC90ZD4KPC90cj4KPHRyPgo8dGQgYWxpZ249ImxlZnQiIGJnY29sb3I9IiNmZmZmZmYiPgo8YnI+PGZvbnQgY29sb3I9IiM2NjY2NjYiPgril4/lhajlm73kuIDlvos2MDDlhoYr56iO77yI6Zmk44GP5YyX5rW36YGT44CB5rKW57iE44GvMTUwMOWGhivnqI7vvIk8YnI+CjwvZm9udD48YnI+CjwvdGQ+CjwvdHI+CjwvdGFibGU+CjwvY2VudGVyPjx0YWJsZSBib3JkZXI9IjAiPgo8dHI+CjxURCBhbGlnbj0iY2VudGVyIiB3aWR0aD0iMjQ1IiBzdHlsZT0iYm9yZGVyLXdpZHRoIDogMXB4O2JvcmRlci1zdHlsZSA6IHNvbGlkO2JvcmRlci1jb2xvciA6ICNmZmE2MDA7IiBiZ2NvbG9yPSIjZmZhNjAwIj4KPEI+PEZPTlQgc2l6ZT0iMiI+PEJSPuOAkOi7iueoruOBp+aknOe0ouOAkTxicj4KICAgICAg6LuK56iu5Yil44Gn5ZWG5ZOB44KS6KaL44Gk44GR44KL77yBPEJSPgogICAgICA8L2ZvbnQ+PC9CPjxicj4KPC9URD4KPC90cj4KPHRyPgo8VEQgYmdjb2xvcj0iI2ZmZmZmZiI+Cgo8aW1nIHNyYz0iaHR0cDovL2ltYWdlLnJha3V0ZW4uY28uanAvY2FydXMvY2FiaW5ldC90b3AyMDA3L2RvbWVzdGljLmdpZiIgd2lkdGg9IjI0NSIgYm9yZGVyPSIwIj4KPEJSPjxmb250IHNpemU9IjQiPuWbveeUo+i7iueoruWIpeOBr+OBk+OBoeOCiTwvZm9udD4KPC9URD4KPC90cj4KPHRyPgo8VEQgYmdjb2xvcj0iI2ZmZmZmZiI+Cgo8aW1nIHNyYz0iaHR0cDovL2ltYWdlLnJha3V0ZW4uY28uanAvY2FydXMvY2FiaW5ldC90b3AyMDA3L2ltcG9ydC5naWYiIHdpZHRoPSIyNDUiIGJvcmRlcj0iMCI+CjxCUj48Zm9udCBzaXplPSI0Ij7ovLjlhaXou4rnqK7liKXjga/jgZPjgaHjgok8L2ZvbnQ+CjwvVEQ+CjwvdHI+CjwvdGFibGU+PEJSPuOAkFRZMjE544CR,4pag44OX44Ot44Kw44OsL+ODiOODqOOCv+KWoOOCv+OCpOODpOODqeODg+OCr+KWoOmrmOOBlTPmrrXoqr/mlbTjgajmqKrluYXjgrnjg6njgqTjg4noqr/mlbTjgacxMuOCpOODs+ODge+9njE344Kk44Oz44OB44G+44Gn5pyA5aSnOOacrOWPjue0jeWPr+iDveKWoOOCv+OCpOODpOWPjue0jSDjgrPjg7Pjg5Hjgq/jg4gg6JaE5Z6LIOODmeODqeODs+ODgOOBquOBqeecgeOCueODmuODvOOCuSDmnIDlpKfnqY3ovInph48xMjBrZ+KWoEtZLTMxNlTvvJrjgqvjg6vjg7zjgrnjgqrjg7zjg4jjg5Hjg7zjg4Q=,6LuK5qSc5a++5b+c5pS56YCg57SU5q2j5r+A5a6J44K144K544Oa44Oz44K344On44Oz44Ko44Ki44Ot56u25oqA55So44Ob44Kk44O844Or44OK44OD44OI44Ot44OD44Kv44OK44OD44OI44Ov44Kk44OJ44OI44Os44OD44OJ44K544Oa44O844K144O844Ov44Kk44OI44OsSElE44K344O844OI44Kr44OQ44O844OQ44OD44OG44Oq44O844Ko44Ki44Kv44Oq44O844OK44O844K544OR44O844Kv44OX44Op44Kw44OY44OD44OJ44Op44Kk44OIMjAw57O744OP44Kk44Ko44O844K544OX44Oq44Km44K544O044Kn44Or44OV44Kh44Kk44Ki4pag44OX44Ot44Kw44OsL+ODiOODqOOCv+KWoOOCv+OCpOODpOODqeODg+OCr+KWoOmrmOOBlTPmrrXoqr/mlbTjgajmqKrluYXjgrnjg6njgqTjg4noqr/mlbTjgacxMuOCpOODs+ODge+9njE344Kk44Oz44OB44G+44Gn5pyA5aSnOOacrOWPjue0jeWPr+iDveKWoOOCv+OCpOODpOWPjue0jSDjgrPjg7Pjg5Hjgq/jg4gg6JaE5Z6LIOODmeODqeODs+ODgOOBquOBqeecgeOCueODmuODvOOCuSDmnIDlpKfnqY3ovInph48xMjBrZ+KWoEtZLTMxNlQ=,6auY44GV5bmF6Kq/5pW05Y+v6IO944CC4pag44OX44Ot44Kw44OsL+ODiOODqOOCv+KWoOOCv+OCpOODpOODqeODg+OCr+KWoOmrmOOBlTPmrrXoqr/mlbTjgajmqKrluYXjgrnjg6njgqTjg4noqr/mlbTjgacxMuOCpOODs+ODge+9njE344Kk44Oz44OB44G+44Gn5pyA5aSnOOacrOWPjue0jeWPr+iDveKWoOOCv+OCpOODpOWPjue0jSDjgrPjg7Pjg5Hjgq/jg4gg6JaE5Z6LIOODmeODqeODs+ODgOOBquOBqeecgeOCueODmuODvOOCuSDmnIDlpKfnqY3ovInph48xMjBrZ+KWoEtZLTMxNlQ=[rn]
21-63144,aHR0cDovL3RzaG9wLnIxMHMuanAvY2FydXMvY2FiaW5ldC9jaHVoYXRzdS9reTMxNWltZy5qcGc/Zml0aW49NzAwOjcwMA==,NDg4OC4wMDAw,,6LuK55So5ZOB44O744OQ44Kk44Kv55So5ZOBID4g44Kr44O855So5ZOBID4g44Ob44Kk44O844Or44O744K/44Kk44Ok5ZGo6L6655So5ZOBID4g44K/44Kk44Ok44Op44OD44Kv44O744Kr44OQ44O8,4pag44OX44Os44Of44KqL+ODiOODqOOCv+KWoOOCv+OCpOODpOODqeODg+OCr+KWoOmrmOOBlTPmrrXoqr/mlbTjgajmqKrluYXjgrnjg6njgqTjg4noqr/mlbTjgacxMuOCpOODs+ODge+9njE344Kk44Oz44OB44G+44Gn5pyA5aSnOOacrOWPjue0jeWPr+iDveKWoOOCv+OCpOODpOWPjue0jSDjgrPjg7Pjg5Hjgq/jg4gg6JaE5Z6LIOODmeODqeODs+ODgOOBquOBqeecgeOCueODmuODvOOCuSDmnIDlpKfnqY3ovInph48xMjBrZ+KWoEtZLTMxNlQ=,6auY44GV5bmF6Kq/5pW05Y+v6IO9,PGNlbnRlcj4KPGZvbnQgc2l6ZT0iNiIgY29sb3I9IiNmZjY2NjYiPuOCieOBj+OCieOBj+OCv+OCpOODpOODqeODg+OCr0tZLTMxNlQ8L2ZvbnQ+PGJyPjxicj4K55yB44K544Oa44O844K544Gn5L+d566h44GM5Y+v6IO944Gq44Gu44Gn44Ks44Os44O844K444Gu6ZqF44KE44CBPGJyPuODmeODqeODs+ODgOODu+WAieW6q+OBq+OCgue9ruOBhOOBpuOBhOOBn+OBoOOBkeOBvuOBmeOAggo8L2ZvbnQ+PGJyPgo8aW1nIHNyYz0iaHR0cDovL2ltYWdlLnJha3V0ZW4uY28uanAvY2FydXMvY2FiaW5ldC9jaHVoYXRzdS9reTMxNi5qcGciPjxicj4KCjxpbWcgc3JjPSJodHRwOi8vaW1hZ2UucmFrdXRlbi5jby5qcC9jYXJ1cy9jYWJpbmV0L2NodWhhdHN1L2t5MzE1X3RpcmVzaXplLmdpZiI+PGJyPgo8YnI+PGJyPgo8dGFibGUgd2lkdGg9IjU1MCIgYmdjb2xvcj0iIzY2NjY2NiIgYm9yZGVyPSIwIiBjZWxscGFkZGluZz0iNSIgY2VsbHNwYWNpbmc9IjEiPgo8dHI+Cjx0ZCBhbGlnbj0iY2VudGVyIiBiZ2NvbG9yPSIjNjY2NjY2Ij4KPGZvbnQgc2l6ZT0iMyIgY29sb3I9IiNmZmZmZmYiPgog4pePIOKXjyDil48g5ZWGIOWTgSDmg4Ug5aCxIOKXjyDil48g4pePIAo8L2ZvbnQ+CjwvdGQ+CjwvdHI+Cjx0cj4KPHRkIGFsaWduPSJsZWZ0IiBiZ2NvbG9yPSIjZmZmZmZmIj4KPGJyPjxmb250IGNvbG9yPSIjNjY2NjY2Ij4K44CQ44Ov44Oz44K/44OD44OB44K544Op44Kk44OJ6Kq/5pW044Gn44OU44OD44K/44Oq44OV44Kj44OD44OI77yB44CRPEJSPgrpq5jjgZUz5q616Kq/5pW044CB5bem5Y+z44K544Op44Kk44OJ6Kq/5pW044Gr44KI44KK44CBNOacrOOBi+OCiTjmnKzjgb7jgafjga7jgr/jgqTjg6TjgpLjgqzjgr/jgaTjgY3jgarjgY/lj47ntI3jgafjgY3jgb7jgZnjgII8QlI+PEJSPgrjgJDpq5jntJrmhJ/jgYLjgbXjgozjgovjgrnjg5Hjg7zjgq/jg6rjg7PjgrDjgrfjg6vjg5Djg7zloZfoo4XjgJE8QlI+CuiAkOS5heaAp+aKnOe+pOOBruOCueODgeODvOODq+ODkeOCpOODl+OBq+OCueODkeODvOOCr+ODquODs+OCsOOCt+ODq+ODkOODvOWhl+ijheOCkuaWveOBl+OBpuOBhOOBvuOBmeOAgjxCUj48QlI+CuOAkOacgOWkp+epjei8iemHjemHjzEyMGtn44CRCjwvZm9udD48YnI+CjwvdGQ+CjwvdHI+Cjx0cj4KPHRkIGFsaWduPSJjZW50ZXIiIGJnY29sb3I9IiM2NjY2NjYiPgo8Zm9udCBzaXplPSIzIiBjb2xvcj0iI2ZmZmZmZiI+CiDil48g4pePIOKXjyDpgIEg5paZIOaDhSDloLEg4pePIOKXjyDil48gCjwvZm9udD4KPC90ZD4KPC90cj4KPHRyPgo8dGQgYWxpZ249ImxlZnQiIGJnY29sb3I9IiNmZmZmZmYiPgo8YnI+PGZvbnQgY29sb3I9IiM2NjY2NjYiPgril4/lhajlm73kuIDlvos2MDDlhoYr56iO77yI6Zmk44GP5YyX5rW36YGT44CB5rKW57iE44GvMTUwMOWGhivnqI7vvIk8YnI+CjwvZm9udD48YnI+CjwvdGQ+CjwvdHI+CjwvdGFibGU+CjwvY2VudGVyPjx0YWJsZSBib3JkZXI9IjAiPgo8dHI+CjxURCBhbGlnbj0iY2VudGVyIiB3aWR0aD0iMjQ1IiBzdHlsZT0iYm9yZGVyLXdpZHRoIDogMXB4O2JvcmRlci1zdHlsZSA6IHNvbGlkO2JvcmRlci1jb2xvciA6ICNmZmE2MDA7IiBiZ2NvbG9yPSIjZmZhNjAwIj4KPEI+PEZPTlQgc2l6ZT0iMiI+PEJSPuOAkOi7iueoruOBp+aknOe0ouOAkTxicj4KICAgICAg6LuK56iu5Yil44Gn5ZWG5ZOB44KS6KaL44Gk44GR44KL77yBPEJSPgogICAgICA8L2ZvbnQ+PC9CPjxicj4KPC9URD4KPC90cj4KPHRyPgo8VEQgYmdjb2xvcj0iI2ZmZmZmZiI+Cgo8aW1nIHNyYz0iaHR0cDovL2ltYWdlLnJha3V0ZW4uY28uanAvY2FydXMvY2FiaW5ldC90b3AyMDA3L2RvbWVzdGljLmdpZiIgd2lkdGg9IjI0NSIgYm9yZGVyPSIwIj4KPEJSPjxmb250IHNpemU9IjQiPuWbveeUo+i7iueoruWIpeOBr+OBk+OBoeOCiTwvZm9udD4KPC9URD4KPC90cj4KPHRyPgo8VEQgYmdjb2xvcj0iI2ZmZmZmZiI+Cgo8aW1nIHNyYz0iaHR0cDovL2ltYWdlLnJha3V0ZW4uY28uanAvY2FydXMvY2FiaW5ldC90b3AyMDA3L2ltcG9ydC5naWYiIHdpZHRoPSIyNDUiIGJvcmRlcj0iMCI+CjxCUj48Zm9udCBzaXplPSI0Ij7ovLjlhaXou4rnqK7liKXjga/jgZPjgaHjgok8L2ZvbnQ+CjwvVEQ+CjwvdHI+CjwvdGFibGU+PEJSPuOAkFRZMjE344CR44CQVFkyMTjjgJE=,4pag44OX44Os44Of44KqL+ODiOODqOOCv+KWoOOCv+OCpOODpOODqeODg+OCr+KWoOmrmOOBlTPmrrXoqr/mlbTjgajmqKrluYXjgrnjg6njgqTjg4noqr/mlbTjgacxMuOCpOODs+ODge+9njE344Kk44Oz44OB44G+44Gn5pyA5aSnOOacrOWPjue0jeWPr+iDveKWoOOCv+OCpOODpOWPjue0jSDjgrPjg7Pjg5Hjgq/jg4gg6JaE5Z6LIOODmeODqeODs+ODgOOBquOBqeecgeOCueODmuODvOOCuSDmnIDlpKfnqY3ovInph48xMjBrZ+KWoEtZLTMxNlTvvJrjgqvjg6vjg7zjgrnjgqrjg7zjg4jjg5Hjg7zjg4Q=,6LuK5qSc5a++5b+c5pS56YCg57SU5q2j5r+A5a6J44K144K544Oa44Oz44K344On44Oz44Ko44Ki44Ot56u25oqA55So44Ob44Kk44O844Or44OK44OD44OI44Ot44OD44Kv44OK44OD44OI44Ov44Kk44OJ44OI44Os44OD44OJ44K544Oa44O844K144O844Ov44Kk44OI44OsSElE44K344O844OI44Kr44OQ44O844OQ44OD44OG44Oq44O844Ko44Ki44Kv44Oq44O844OK44O844K544OR44O844Kv44OX44Op44Kw44OY44OD44OJ44Op44Kk44OIMjAw57O744OP44Kk44Ko44O844K544OX44Oq44Km44K544O044Kn44Or44OV44Kh44Kk44Ki4pag44OX44Os44Of44KqL+ODiOODqOOCv+KWoOOCv+OCpOODpOODqeODg+OCr+KWoOmrmOOBlTPmrrXoqr/mlbTjgajmqKrluYXjgrnjg6njgqTjg4noqr/mlbTjgacxMuOCpOODs+ODge+9njE344Kk44Oz44OB44G+44Gn5pyA5aSnOOacrOWPjue0jeWPr+iDveKWoOOCv+OCpOODpOWPjue0jSDjgrPjg7Pjg5Hjgq/jg4gg6JaE5Z6LIOODmeODqeODs+ODgOOBquOBqeecgeOCueODmuODvOOCuSDmnIDlpKfnqY3ovInph48xMjBrZ+KWoEtZLTMxNlQ=,6auY44GV5bmF6Kq/5pW05Y+v6IO944CC4pag44OX44Os44Of44KqL+ODiOODqOOCv+KWoOOCv+OCpOODpOODqeODg+OCr+KWoOmrmOOBlTPmrrXoqr/mlbTjgajmqKrluYXjgrnjg6njgqTjg4noqr/mlbTjgacxMuOCpOODs+ODge+9njE344Kk44Oz44OB44G+44Gn5pyA5aSnOOacrOWPjue0jeWPr+iDveKWoOOCv+OCpOODpOWPjue0jSDjgrPjg7Pjg5Hjgq/jg4gg6JaE5Z6LIOODmeODqeODs+ODgOOBquOBqeecgeOCueODmuODvOOCuSDmnIDlpKfnqY3ovInph48xMjBrZ+KWoEtZLTMxNlQ=[rn]
21-63145,aHR0cDovL3RzaG9wLnIxMHMuanAvY2FydXMvY2FiaW5ldC9jaHVoYXRzdS9reTMxNWMuanBnP2ZpdGluPTcwMDo3MDA=,Njg0MC4wMDAw,,6LuK55So5ZOB44O744OQ44Kk44Kv55So5ZOBID4g44Kr44O855So5ZOBID4g44Ob44Kk44O844Or44O744K/44Kk44Ok5ZGo6L6655So5ZOBID4g44K/44Kk44Ok44Op44OD44Kv44O744Kr44OQ44O8,4pag44OX44Ot44Kw44OsL+ODiOODqOOCv+KWoOOCv+OCpOODpOODqeODg+OCryjlsILnlKjjgqvjg5Djg7zku5gp4pag6auY44GVM+auteiqv+aVtOOBqOaoquW5heOCueODqeOCpOODieiqv+aVtOOBpzEy44Kk44Oz44OB772eMTfjgqTjg7Pjg4Hjgb7jgafmnIDlpKc45pys5Y+O57SN5Y+v6IO94pag44K/44Kk44Ok5Y+O57SNIOOCs+ODs+ODkeOCr+ODiCDoloTlnosg44OZ44Op44Oz44OA44Gq44Gp55yB44K544Oa44O844K5IOacgOWkp+epjei8iemHjzEyMGtn4pagS1ktMzE2VCszMTVD,6auY44GV5bmF6Kq/5pW05Y+v6IO9,PGNlbnRlcj4KCjxmb250IHNpemU9IjYiIGNvbG9yPSIjZmY2NjY2Ij7jgonjgY/jgonjgY/jgr/jgqTjg6Tjg6njg4Pjgq9LWS0zMTZUKOWwgueUqOOCq+ODkOODvOS7mCk8L2ZvbnQ+PGJyPjxicj4KCuecgeOCueODmuODvOOCueOBp+S/neeuoeOBjOWPr+iDveOBquOBruOBp+OCrOODrOODvOOCuOOBrumaheOChOOAgTxicj7jg5njg6njg7Pjg4Djg7vlgInluqvjgavjgoLnva7jgYTjgabjgYTjgZ/jgaDjgZHjgb7jgZnjgIIKCjwvZm9udD48YnI+Cgo8aW1nIHNyYz0iaHR0cDovL2ltYWdlLnJha3V0ZW4uY28uanAvY2FydXMvY2FiaW5ldC9jaHVoYXRzdS9reTMxNWMuanBnIj48YnI+CjxpbWcgc3JjPSJodHRwOi8vaW1hZ2UucmFrdXRlbi5jby5qcC9jYXJ1cy9jYWJpbmV0L2NodWhhdHN1L2t5MzE2LmpwZyI+PGJyPgoKCgo8aW1nIHNyYz0iaHR0cDovL2ltYWdlLnJha3V0ZW4uY28uanAvY2FydXMvY2FiaW5ldC9jaHVoYXRzdS9reTMxNV90aXJlc2l6ZS5naWYiPjxicj4KCjxicj48YnI+Cgo8dGFibGUgd2lkdGg9IjU1MCIgYmdjb2xvcj0iIzY2NjY2NiIgYm9yZGVyPSIwIiBjZWxscGFkZGluZz0iNSIgY2VsbHNwYWNpbmc9IjEiPgoKPHRyPgoKPHRkIGFsaWduPSJjZW50ZXIiIGJnY29sb3I9IiM2NjY2NjYiPgoKPGZvbnQgc2l6ZT0iMyIgY29sb3I9IiNmZmZmZmYiPgoKIOKXjyDil48g4pePIOWVhiDlk4Eg5oOFIOWgsSDil48g4pePIOKXjyAKCjwvZm9udD4KCjwvdGQ+Cgo8L3RyPgoKPHRyPgoKPHRkIGFsaWduPSJsZWZ0IiBiZ2NvbG9yPSIjZmZmZmZmIj4KCjxicj48Zm9udCBjb2xvcj0iIzY2NjY2NiI+CgrjgJDjg6/jg7Pjgr/jg4Pjg4Hjgrnjg6njgqTjg4noqr/mlbTjgafjg5Tjg4Pjgr/jg6rjg5XjgqPjg4Pjg4jvvIHjgJE8QlI+Cgrpq5jjgZUz5q616Kq/5pW044CB5bem5Y+z44K544Op44Kk44OJ6Kq/5pW044Gr44KI44KK44CBNOacrOOBi+OCiTjmnKzjgb7jgafjga7jgr/jgqTjg6TjgpLjgqzjgr/jgaTjgY3jgarjgY/lj47ntI3jgafjgY3jgb7jgZnjgII8QlI+PEJSPgoK44CQ6auY57Sa5oSf44GC44G144KM44KL44K544OR44O844Kv44Oq44Oz44Kw44K344Or44OQ44O85aGX6KOF44CRPEJSPgoK6ICQ5LmF5oCn5oqc576k44Gu44K544OB44O844Or44OR44Kk44OX44Gr44K544OR44O844Kv44Oq44Oz44Kw44K344Or44OQ44O85aGX6KOF44KS5pa944GX44Gm44GE44G+44GZ44CCPEJSPjxCUj4KCuOAkOacgOWkp+epjei8iemHjemHjzEyMGtn44CRPEJSPjxCUj4K44CQS1ktMzE2VOWwgueUqOOCv+OCpOODpOODqeODg+OCr+OCq+ODkOODvOOCteOCpOOCuuOAkTExMDDDlzcwMMOXMTQwMG1tCgo8L2ZvbnQ+PGJyPgoKPC90ZD4KCjwvdHI+Cgo8dHI+Cgo8dGQgYWxpZ249ImNlbnRlciIgYmdjb2xvcj0iIzY2NjY2NiI+Cgo8Zm9udCBzaXplPSIzIiBjb2xvcj0iI2ZmZmZmZiI+Cgog4pePIOKXjyDil48g6YCBIOaWmSDmg4Ug5aCxIOKXjyDil48g4pePIAoKPC9mb250PgoKPC90ZD4KCjwvdHI+Cgo8dHI+Cgo8dGQgYWxpZ249ImxlZnQiIGJnY29sb3I9IiNmZmZmZmYiPgoKPGJyPjxmb250IGNvbG9yPSIjNjY2NjY2Ij4KCuKXj+WFqOWbveS4gOW+izYwMOWGhivnqI7vvIjpmaTjgY/ljJfmtbfpgZPjgIHmspbnuITjga8xNTAw5YaGK+eoju+8iTxicj4KCjwvZm9udD48YnI+Cgo8L3RkPgoKPC90cj4KCjwvdGFibGU+Cgo8L2NlbnRlcj48dGFibGUgYm9yZGVyPSIwIj4KPHRyPgo8VEQgYWxpZ249ImNlbnRlciIgd2lkdGg9IjI0NSIgc3R5bGU9ImJvcmRlci13aWR0aCA6IDFweDtib3JkZXItc3R5bGUgOiBzb2xpZDtib3JkZXItY29sb3IgOiAjZmZhNjAwOyIgYmdjb2xvcj0iI2ZmYTYwMCI+CjxCPjxGT05UIHNpemU9IjIiPjxCUj7jgJDou4rnqK7jgafmpJzntKLjgJE8YnI+CiAgICAgIOi7iueoruWIpeOBp+WVhuWTgeOCkuimi+OBpOOBkeOCi++8gTxCUj4KICAgICAgPC9mb250PjwvQj48YnI+CjwvVEQ+CjwvdHI+Cjx0cj4KPFREIGJnY29sb3I9IiNmZmZmZmYiPgoKPGltZyBzcmM9Imh0dHA6Ly9pbWFnZS5yYWt1dGVuLmNvLmpwL2NhcnVzL2NhYmluZXQvdG9wMjAwNy9kb21lc3RpYy5naWYiIHdpZHRoPSIyNDUiIGJvcmRlcj0iMCI+CjxCUj48Zm9udCBzaXplPSI0Ij7lm73nlKPou4rnqK7liKXjga/jgZPjgaHjgok8L2ZvbnQ+CjwvVEQ+CjwvdHI+Cjx0cj4KPFREIGJnY29sb3I9IiNmZmZmZmYiPgoKPGltZyBzcmM9Imh0dHA6Ly9pbWFnZS5yYWt1dGVuLmNvLmpwL2NhcnVzL2NhYmluZXQvdG9wMjAwNy9pbXBvcnQuZ2lmIiB3aWR0aD0iMjQ1IiBib3JkZXI9IjAiPgo8QlI+PGZvbnQgc2l6ZT0iNCI+6Ly45YWl6LuK56iu5Yil44Gv44GT44Gh44KJPC9mb250Pgo8L1REPgo8L3RyPgo8L3RhYmxlPjxCUj7jgJBUWTIxOeOAkQ==,4pag44OX44Ot44Kw44OsL+ODiOODqOOCv+KWoOOCv+OCpOODpOODqeODg+OCryjlsILnlKjjgqvjg5Djg7zku5gp4pag6auY44GVM+auteiqv+aVtOOBqOaoquW5heOCueODqeOCpOODieiqv+aVtOOBpzEy44Kk44Oz44OB772eMTfjgqTjg7Pjg4Hjgb7jgafmnIDlpKc45pys5Y+O57SN5Y+v6IO94pag44K/44Kk44Ok5Y+O57SNIOOCs+ODs+ODkeOCr+ODiCDoloTlnosg44OZ44Op44Oz44OA44Gq44Gp55yB44K544Oa44O844K5IOacgOWkp+epjei8iemHjzEyMGtn4pagS1ktMzE2VCszMTVD77ya44Kr44Or44O844K544Kq44O844OI44OR44O844OE,6LuK5qSc5a++5b+c5pS56YCg57SU5q2j5r+A5a6J44K144K544Oa44Oz44K344On44Oz44Ko44Ki44Ot56u25oqA55So44Ob44Kk44O844Or44OK44OD44OI44Ot44OD44Kv44OK44OD44OI44Ov44Kk44OJ44OI44Os44OD44OJ44K544Oa44O844K144O844Ov44Kk44OI44OsSElE44K344O844OI44Kr44OQ44O844OQ44OD44OG44Oq44O844Ko44Ki44Kv44Oq44O844OK44O844K544OR44O844Kv44OX44Op44Kw44OY44OD44OJ44Op44Kk44OIMjAw57O744OP44Kk44Ko44O844K544OX44Oq44Km44K544O044Kn44Or44OV44Kh44Kk44Ki4pag44OX44Ot44Kw44OsL+ODiOODqOOCv+KWoOOCv+OCpOODpOODqeODg+OCryjlsILnlKjjgqvjg5Djg7zku5gp4pag6auY44GVM+auteiqv+aVtOOBqOaoquW5heOCueODqeOCpOODieiqv+aVtOOBpzEy44Kk44Oz44OB772eMTfjgqTjg7Pjg4Hjgb7jgafmnIDlpKc45pys5Y+O57SN5Y+v6IO94pag44K/44Kk44Ok5Y+O57SNIOOCs+ODs+ODkeOCr+ODiCDoloTlnosg44OZ44Op44Oz44OA44Gq44Gp55yB44K544Oa44O844K5IOacgOWkp+epjei8iemHjzEyMGtn4pagS1ktMzE2VCszMTVD,6auY44GV5bmF6Kq/5pW05Y+v6IO944CC4pag44OX44Ot44Kw44OsL+ODiOODqOOCv+KWoOOCv+OCpOODpOODqeODg+OCryjlsILnlKjjgqvjg5Djg7zku5gp4pag6auY44GVM+auteiqv+aVtOOBqOaoquW5heOCueODqeOCpOODieiqv+aVtOOBpzEy44Kk44Oz44OB772eMTfjgqTjg7Pjg4Hjgb7jgafmnIDlpKc45pys5Y+O57SN5Y+v6IO94pag44K/44Kk44Ok5Y+O57SNIOOCs+ODs+ODkeOCr+ODiCDoloTlnosg44OZ44Op44Oz44OA44Gq44Gp55yB44K544Oa44O844K5IOacgOWkp+epjei8iemHjzEyMGtn4pagS1ktMzE2VCszMTVD[rn]
21-63146,aHR0cDovL3RzaG9wLnIxMHMuanAvY2FydXMvY2FiaW5ldC9jaHVoYXRzdS9reTMxNWMuanBnP2ZpdGluPTcwMDo3MDA=,Njg0MC4wMDAw,,6LuK55So5ZOB44O744OQ44Kk44Kv55So5ZOBID4g44Kr44O855So5ZOBID4g44Ob44Kk44O844Or44O744K/44Kk44Ok5ZGo6L6655So5ZOBID4g44K/44Kk44Ok44Op44OD44Kv44O744Kr44OQ44O8,4pag44OR44OD44K9L+ODiOODqOOCv+KWoOOCv+OCpOODpOODqeODg+OCryjlsILnlKjjgqvjg5Djg7zku5gp4pag6auY44GVM+auteiqv+aVtOOBqOaoquW5heOCueODqeOCpOODieiqv+aVtOOBpzEy44Kk44Oz44OB772eMTfjgqTjg7Pjg4Hjgb7jgafmnIDlpKc45pys5Y+O57SN5Y+v6IO94pag44K/44Kk44Ok5Y+O57SNIOOCs+ODs+ODkeOCr+ODiCDoloTlnosg44OZ44Op44Oz44OA44Gq44Gp55yB44K544Oa44O844K5IOacgOWkp+epjei8iemHjzEyMGtn4pagS1ktMzE2VCszMTVD,6auY44GV5bmF6Kq/5pW05Y+v6IO9,PGNlbnRlcj4KCjxmb250IHNpemU9IjYiIGNvbG9yPSIjZmY2NjY2Ij7jgonjgY/jgonjgY/jgr/jgqTjg6Tjg6njg4Pjgq9LWS0zMTZUKOWwgueUqOOCq+ODkOODvOS7mCk8L2ZvbnQ+PGJyPjxicj4KCuecgeOCueODmuODvOOCueOBp+S/neeuoeOBjOWPr+iDveOBquOBruOBp+OCrOODrOODvOOCuOOBrumaheOChOOAgTxicj7jg5njg6njg7Pjg4Djg7vlgInluqvjgavjgoLnva7jgYTjgabjgYTjgZ/jgaDjgZHjgb7jgZnjgIIKCjwvZm9udD48YnI+Cgo8aW1nIHNyYz0iaHR0cDovL2ltYWdlLnJha3V0ZW4uY28uanAvY2FydXMvY2FiaW5ldC9jaHVoYXRzdS9reTMxNWMuanBnIj48YnI+CjxpbWcgc3JjPSJodHRwOi8vaW1hZ2UucmFrdXRlbi5jby5qcC9jYXJ1cy9jYWJpbmV0L2NodWhhdHN1L2t5MzE2LmpwZyI+PGJyPgoKCgo8aW1nIHNyYz0iaHR0cDovL2ltYWdlLnJha3V0ZW4uY28uanAvY2FydXMvY2FiaW5ldC9jaHVoYXRzdS9reTMxNV90aXJlc2l6ZS5naWYiPjxicj4KCjxicj48YnI+Cgo8dGFibGUgd2lkdGg9IjU1MCIgYmdjb2xvcj0iIzY2NjY2NiIgYm9yZGVyPSIwIiBjZWxscGFkZGluZz0iNSIgY2VsbHNwYWNpbmc9IjEiPgoKPHRyPgoKPHRkIGFsaWduPSJjZW50ZXIiIGJnY29sb3I9IiM2NjY2NjYiPgoKPGZvbnQgc2l6ZT0iMyIgY29sb3I9IiNmZmZmZmYiPgoKIOKXjyDil48g4pePIOWVhiDlk4Eg5oOFIOWgsSDil48g4pePIOKXjyAKCjwvZm9udD4KCjwvdGQ+Cgo8L3RyPgoKPHRyPgoKPHRkIGFsaWduPSJsZWZ0IiBiZ2NvbG9yPSIjZmZmZmZmIj4KCjxicj48Zm9udCBjb2xvcj0iIzY2NjY2NiI+CgrjgJDjg6/jg7Pjgr/jg4Pjg4Hjgrnjg6njgqTjg4noqr/mlbTjgafjg5Tjg4Pjgr/jg6rjg5XjgqPjg4Pjg4jvvIHjgJE8QlI+Cgrpq5jjgZUz5q616Kq/5pW044CB5bem5Y+z44K544Op44Kk44OJ6Kq/5pW044Gr44KI44KK44CBNOacrOOBi+OCiTjmnKzjgb7jgafjga7jgr/jgqTjg6TjgpLjgqzjgr/jgaTjgY3jgarjgY/lj47ntI3jgafjgY3jgb7jgZnjgII8QlI+PEJSPgoK44CQ6auY57Sa5oSf44GC44G144KM44KL44K544OR44O844Kv44Oq44Oz44Kw44K344Or44OQ44O85aGX6KOF44CRPEJSPgoK6ICQ5LmF5oCn5oqc576k44Gu44K544OB44O844Or44OR44Kk44OX44Gr44K544OR44O844Kv44Oq44Oz44Kw44K344Or44OQ44O85aGX6KOF44KS5pa944GX44Gm44GE44G+44GZ44CCPEJSPjxCUj4KCuOAkOacgOWkp+epjei8iemHjemHjzEyMGtn44CRPEJSPjxCUj4K44CQS1ktMzE2VOWwgueUqOOCv+OCpOODpOODqeODg+OCr+OCq+ODkOODvOOCteOCpOOCuuOAkTExMDDDlzcwMMOXMTQwMG1tCgo8L2ZvbnQ+PGJyPgoKPC90ZD4KCjwvdHI+Cgo8dHI+Cgo8dGQgYWxpZ249ImNlbnRlciIgYmdjb2xvcj0iIzY2NjY2NiI+Cgo8Zm9udCBzaXplPSIzIiBjb2xvcj0iI2ZmZmZmZiI+Cgog4pePIOKXjyDil48g6YCBIOaWmSDmg4Ug5aCxIOKXjyDil48g4pePIAoKPC9mb250PgoKPC90ZD4KCjwvdHI+Cgo8dHI+Cgo8dGQgYWxpZ249ImxlZnQiIGJnY29sb3I9IiNmZmZmZmYiPgoKPGJyPjxmb250IGNvbG9yPSIjNjY2NjY2Ij4KCuKXj+WFqOWbveS4gOW+izYwMOWGhivnqI7vvIjpmaTjgY/ljJfmtbfpgZPjgIHmspbnuITjga8xNTAw5YaGK+eoju+8iTxicj4KCjwvZm9udD48YnI+Cgo8L3RkPgoKPC90cj4KCjwvdGFibGU+Cgo8L2NlbnRlcj48dGFibGUgYm9yZGVyPSIwIj4KPHRyPgo8VEQgYWxpZ249ImNlbnRlciIgd2lkdGg9IjI0NSIgc3R5bGU9ImJvcmRlci13aWR0aCA6IDFweDtib3JkZXItc3R5bGUgOiBzb2xpZDtib3JkZXItY29sb3IgOiAjZmZhNjAwOyIgYmdjb2xvcj0iI2ZmYTYwMCI+CjxCPjxGT05UIHNpemU9IjIiPjxCUj7jgJDou4rnqK7jgafmpJzntKLjgJE8YnI+CiAgICAgIOi7iueoruWIpeOBp+WVhuWTgeOCkuimi+OBpOOBkeOCi++8gTxCUj4KICAgICAgPC9mb250PjwvQj48YnI+CjwvVEQ+CjwvdHI+Cjx0cj4KPFREIGJnY29sb3I9IiNmZmZmZmYiPgoKPGltZyBzcmM9Imh0dHA6Ly9pbWFnZS5yYWt1dGVuLmNvLmpwL2NhcnVzL2NhYmluZXQvdG9wMjAwNy9kb21lc3RpYy5naWYiIHdpZHRoPSIyNDUiIGJvcmRlcj0iMCI+CjxCUj48Zm9udCBzaXplPSI0Ij7lm73nlKPou4rnqK7liKXjga/jgZPjgaHjgok8L2ZvbnQ+CjwvVEQ+CjwvdHI+Cjx0cj4KPFREIGJnY29sb3I9IiNmZmZmZmYiPgoKPGltZyBzcmM9Imh0dHA6Ly9pbWFnZS5yYWt1dGVuLmNvLmpwL2NhcnVzL2NhYmluZXQvdG9wMjAwNy9pbXBvcnQuZ2lmIiB3aWR0aD0iMjQ1IiBib3JkZXI9IjAiPgo8QlI+PGZvbnQgc2l6ZT0iNCI+6Ly45YWl6LuK56iu5Yil44Gv44GT44Gh44KJPC9mb250Pgo8L1REPgo8L3RyPgo8L3RhYmxlPjxCUj7jgJBUWTE5OOOAkeOAkFRZMTk544CR44CQVFkyODPjgJE=,4pag44OR44OD44K9L+ODiOODqOOCv+KWoOOCv+OCpOODpOODqeODg+OCryjlsILnlKjjgqvjg5Djg7zku5gp4pag6auY44GVM+auteiqv+aVtOOBqOaoquW5heOCueODqeOCpOODieiqv+aVtOOBpzEy44Kk44Oz44OB772eMTfjgqTjg7Pjg4Hjgb7jgafmnIDlpKc45pys5Y+O57SN5Y+v6IO94pag44K/44Kk44Ok5Y+O57SNIOOCs+ODs+ODkeOCr+ODiCDoloTlnosg44OZ44Op44Oz44OA44Gq44Gp55yB44K544Oa44O844K5IOacgOWkp+epjei8iemHjzEyMGtn4pagS1ktMzE2VCszMTVD77ya44Kr44Or44O844K544Kq44O844OI44OR44O844OE,6LuK5qSc5a++5b+c5pS56YCg57SU5q2j5r+A5a6J44K144K544Oa44Oz44K344On44Oz44Ko44Ki44Ot56u25oqA55So44Ob44Kk44O844Or44OK44OD44OI44Ot44OD44Kv44OK44OD44OI44Ov44Kk44OJ44OI44Os44OD44OJ44K544Oa44O844K144O844Ov44Kk44OI44OsSElE44K344O844OI44Kr44OQ44O844OQ44OD44OG44Oq44O844Ko44Ki44Kv44Oq44O844OK44O844K544OR44O844Kv44OX44Op44Kw44OY44OD44OJ44Op44Kk44OIMjAw57O744OP44Kk44Ko44O844K544OX44Oq44Km44K544O044Kn44Or44OV44Kh44Kk44Ki4pag44OR44OD44K9L+ODiOODqOOCv+KWoOOCv+OCpOODpOODqeODg+OCryjlsILnlKjjgqvjg5Djg7zku5gp4pag6auY44GVM+auteiqv+aVtOOBqOaoquW5heOCueODqeOCpOODieiqv+aVtOOBpzEy44Kk44Oz44OB772eMTfjgqTjg7Pjg4Hjgb7jgafmnIDlpKc45pys5Y+O57SN5Y+v6IO94pag44K/44Kk44Ok5Y+O57SNIOOCs+ODs+ODkeOCr+ODiCDoloTlnosg44OZ44Op44Oz44OA44Gq44Gp55yB44K544Oa44O844K5IOacgOWkp+epjei8iemHjzEyMGtn4pagS1ktMzE2VCszMTVD,6auY44GV5bmF6Kq/5pW05Y+v6IO944CC4pag44OR44OD44K9L+ODiOODqOOCv+KWoOOCv+OCpOODpOODqeODg+OCryjlsILnlKjjgqvjg5Djg7zku5gp4pag6auY44GVM+auteiqv+aVtOOBqOaoquW5heOCueODqeOCpOODieiqv+aVtOOBpzEy44Kk44Oz44OB772eMTfjgqTjg7Pjg4Hjgb7jgafmnIDlpKc45pys5Y+O57SN5Y+v6IO94pag44K/44Kk44Ok5Y+O57SNIOOCs+ODs+ODkeOCr+ODiCDoloTlnosg44OZ44Op44Oz44OA44Gq44Gp55yB44K544Oa44O844K5IOacgOWkp+epjei8iemHjzEyMGtn4pagS1ktMzE2VCszMTVD[rn]
21-63147,aHR0cDovL3RzaG9wLnIxMHMuanAvY2FydXMvY2FiaW5ldC9jaHVoYXRzdS9reTMxNWMuanBnP2ZpdGluPTcwMDo3MDA=,Njg0MC4wMDAw,,6LuK55So5ZOB44O744OQ44Kk44Kv55So5ZOBID4g44Kr44O855So5ZOBID4g44Ob44Kk44O844Or44O744K/44Kk44Ok5ZGo6L6655So5ZOBID4g44K/44Kk44Ok44Op44OD44Kv44O744Kr44OQ44O8,4pag44OV44Kh44Oz44Kr44O844K0L+ODiOODqOOCv+KWoOOCv+OCpOODpOODqeODg+OCryjlsILnlKjjgqvjg5Djg7zku5gp4pag6auY44GVM+auteiqv+aVtOOBqOaoquW5heOCueODqeOCpOODieiqv+aVtOOBpzEy44Kk44Oz44OB772eMTfjgqTjg7Pjg4Hjgb7jgafmnIDlpKc45pys5Y+O57SN5Y+v6IO94pag44K/44Kk44Ok5Y+O57SNIOOCs+ODs+ODkeOCr+ODiCDoloTlnosg44OZ44Op44Oz44OA44Gq44Gp55yB44K544Oa44O844K5IOacgOWkp+epjei8iemHjzEyMGtn4pagS1ktMzE2VCszMTVD,6auY44GV5bmF6Kq/5pW05Y+v6IO9,PGNlbnRlcj4KCjxmb250IHNpemU9IjYiIGNvbG9yPSIjZmY2NjY2Ij7jgonjgY/jgonjgY/jgr/jgqTjg6Tjg6njg4Pjgq9LWS0zMTZUKOWwgueUqOOCq+ODkOODvOS7mCk8L2ZvbnQ+PGJyPjxicj4KCuecgeOCueODmuODvOOCueOBp+S/neeuoeOBjOWPr+iDveOBquOBruOBp+OCrOODrOODvOOCuOOBrumaheOChOOAgTxicj7jg5njg6njg7Pjg4Djg7vlgInluqvjgavjgoLnva7jgYTjgabjgYTjgZ/jgaDjgZHjgb7jgZnjgIIKCjwvZm9udD48YnI+Cgo8aW1nIHNyYz0iaHR0cDovL2ltYWdlLnJha3V0ZW4uY28uanAvY2FydXMvY2FiaW5ldC9jaHVoYXRzdS9reTMxNWMuanBnIj48YnI+CjxpbWcgc3JjPSJodHRwOi8vaW1hZ2UucmFrdXRlbi5jby5qcC9jYXJ1cy9jYWJpbmV0L2NodWhhdHN1L2t5MzE2LmpwZyI+PGJyPgoKCgo8aW1nIHNyYz0iaHR0cDovL2ltYWdlLnJha3V0ZW4uY28uanAvY2FydXMvY2FiaW5ldC9jaHVoYXRzdS9reTMxNV90aXJlc2l6ZS5naWYiPjxicj4KCjxicj48YnI+Cgo8dGFibGUgd2lkdGg9IjU1MCIgYmdjb2xvcj0iIzY2NjY2NiIgYm9yZGVyPSIwIiBjZWxscGFkZGluZz0iNSIgY2VsbHNwYWNpbmc9IjEiPgoKPHRyPgoKPHRkIGFsaWduPSJjZW50ZXIiIGJnY29sb3I9IiM2NjY2NjYiPgoKPGZvbnQgc2l6ZT0iMyIgY29sb3I9IiNmZmZmZmYiPgoKIOKXjyDil48g4pePIOWVhiDlk4Eg5oOFIOWgsSDil48g4pePIOKXjyAKCjwvZm9udD4KCjwvdGQ+Cgo8L3RyPgoKPHRyPgoKPHRkIGFsaWduPSJsZWZ0IiBiZ2NvbG9yPSIjZmZmZmZmIj4KCjxicj48Zm9udCBjb2xvcj0iIzY2NjY2NiI+CgrjgJDjg6/jg7Pjgr/jg4Pjg4Hjgrnjg6njgqTjg4noqr/mlbTjgafjg5Tjg4Pjgr/jg6rjg5XjgqPjg4Pjg4jvvIHjgJE8QlI+Cgrpq5jjgZUz5q616Kq/5pW044CB5bem5Y+z44K544Op44Kk44OJ6Kq/5pW044Gr44KI44KK44CBNOacrOOBi+OCiTjmnKzjgb7jgafjga7jgr/jgqTjg6TjgpLjgqzjgr/jgaTjgY3jgarjgY/lj47ntI3jgafjgY3jgb7jgZnjgII8QlI+PEJSPgoK44CQ6auY57Sa5oSf44GC44G144KM44KL44K544OR44O844Kv44Oq44Oz44Kw44K344Or44OQ44O85aGX6KOF44CRPEJSPgoK6ICQ5LmF5oCn5oqc576k44Gu44K544OB44O844Or44OR44Kk44OX44Gr44K544OR44O844Kv44Oq44Oz44Kw44K344Or44OQ44O85aGX6KOF44KS5pa944GX44Gm44GE44G+44GZ44CCPEJSPjxCUj4KCuOAkOacgOWkp+epjei8iemHjemHjzEyMGtn44CRPEJSPjxCUj4K44CQS1ktMzE2VOWwgueUqOOCv+OCpOODpOODqeODg+OCr+OCq+ODkOODvOOCteOCpOOCuuOAkTExMDDDlzcwMMOXMTQwMG1tCgo8L2ZvbnQ+PGJyPgoKPC90ZD4KCjwvdHI+Cgo8dHI+Cgo8dGQgYWxpZ249ImNlbnRlciIgYmdjb2xvcj0iIzY2NjY2NiI+Cgo8Zm9udCBzaXplPSIzIiBjb2xvcj0iI2ZmZmZmZiI+Cgog4pePIOKXjyDil48g6YCBIOaWmSDmg4Ug5aCxIOKXjyDil48g4pePIAoKPC9mb250PgoKPC90ZD4KCjwvdHI+Cgo8dHI+Cgo8dGQgYWxpZ249ImxlZnQiIGJnY29sb3I9IiNmZmZmZmYiPgoKPGJyPjxmb250IGNvbG9yPSIjNjY2NjY2Ij4KCuKXj+WFqOWbveS4gOW+izYwMOWGhivnqI7vvIjpmaTjgY/ljJfmtbfpgZPjgIHmspbnuITjga8xNTAw5YaGK+eoju+8iTxicj4KCjwvZm9udD48YnI+Cgo8L3RkPgoKPC90cj4KCjwvdGFibGU+Cgo8L2NlbnRlcj48dGFibGUgYm9yZGVyPSIwIj4KPHRyPgo8VEQgYWxpZ249ImNlbnRlciIgd2lkdGg9IjI0NSIgc3R5bGU9ImJvcmRlci13aWR0aCA6IDFweDtib3JkZXItc3R5bGUgOiBzb2xpZDtib3JkZXItY29sb3IgOiAjZmZhNjAwOyIgYmdjb2xvcj0iI2ZmYTYwMCI+CjxCPjxGT05UIHNpemU9IjIiPjxCUj7jgJDou4rnqK7jgafmpJzntKLjgJE8YnI+CiAgICAgIOi7iueoruWIpeOBp+WVhuWTgeOCkuimi+OBpOOBkeOCi++8gTxCUj4KICAgICAgPC9mb250PjwvQj48YnI+CjwvVEQ+CjwvdHI+Cjx0cj4KPFREIGJnY29sb3I9IiNmZmZmZmYiPgoKPGltZyBzcmM9Imh0dHA6Ly9pbWFnZS5yYWt1dGVuLmNvLmpwL2NhcnVzL2NhYmluZXQvdG9wMjAwNy9kb21lc3RpYy5naWYiIHdpZHRoPSIyNDUiIGJvcmRlcj0iMCI+CjxCUj48Zm9udCBzaXplPSI0Ij7lm73nlKPou4rnqK7liKXjga/jgZPjgaHjgok8L2ZvbnQ+CjwvVEQ+CjwvdHI+Cjx0cj4KPFREIGJnY29sb3I9IiNmZmZmZmYiPgoKPGltZyBzcmM9Imh0dHA6Ly9pbWFnZS5yYWt1dGVuLmNvLmpwL2NhcnVzL2NhYmluZXQvdG9wMjAwNy9pbXBvcnQuZ2lmIiB3aWR0aD0iMjQ1IiBib3JkZXI9IjAiPgo8QlI+PGZvbnQgc2l6ZT0iNCI+6Ly45YWl6LuK56iu5Yil44Gv44GT44Gh44KJPC9mb250Pgo8L1REPgo8L3RyPgo8L3RhYmxlPjxCUj7jgJBUWTIwOOOAkQ==,4pag44OV44Kh44Oz44Kr44O844K0L+ODiOODqOOCv+KWoOOCv+OCpOODpOODqeODg+OCryjlsILnlKjjgqvjg5Djg7zku5gp4pag6auY44GVM+auteiqv+aVtOOBqOaoquW5heOCueODqeOCpOODieiqv+aVtOOBpzEy44Kk44Oz44OB772eMTfjgqTjg7Pjg4Hjgb7jgafmnIDlpKc45pys5Y+O57SN5Y+v6IO94pag44K/44Kk44Ok5Y+O57SNIOOCs+ODs+ODkeOCr+ODiCDoloTlnosg44OZ44Op44Oz44OA44Gq44Gp55yB44K544Oa44O844K5IOacgOWkp+epjei8iemHjzEyMGtn4pagS1ktMzE2VCszMTVD77ya44Kr44Or44O844K544Kq44O844OI44OR44O844OE,6LuK5qSc5a++5b+c5pS56YCg57SU5q2j5r+A5a6J44K144K544Oa44Oz44K344On44Oz44Ko44Ki44Ot56u25oqA55So44Ob44Kk44O844Or44OK44OD44OI44Ot44OD44Kv44OK44OD44OI44Ov44Kk44OJ44OI44Os44OD44OJ44K544Oa44O844K144O844Ov44Kk44OI44OsSElE44K344O844OI44Kr44OQ44O844OQ44OD44OG44Oq44O844Ko44Ki44Kv44Oq44O844OK44O844K544OR44O844Kv44OX44Op44Kw44OY44OD44OJ44Op44Kk44OIMjAw57O744OP44Kk44Ko44O844K544OX44Oq44Km44K544O044Kn44Or44OV44Kh44Kk44Ki4pag44OV44Kh44Oz44Kr44O844K0L+ODiOODqOOCv+KWoOOCv+OCpOODpOODqeODg+OCryjlsILnlKjjgqvjg5Djg7zku5gp4pag6auY44GVM+auteiqv+aVtOOBqOaoquW5heOCueODqeOCpOODieiqv+aVtOOBpzEy44Kk44Oz44OB772eMTfjgqTjg7Pjg4Hjgb7jgafmnIDlpKc45pys5Y+O57SN5Y+v6IO94pag44K/44Kk44Ok5Y+O57SNIOOCs+ODs+ODkeOCr+ODiCDoloTlnosg44OZ44Op44Oz44OA44Gq44Gp55yB44K544Oa44O844K5IOacgOWkp+epjei8iemHjzEyMGtn4pagS1ktMzE2VCszMTVD,6auY44GV5bmF6Kq/5pW05Y+v6IO944CC4pag44OV44Kh44Oz44Kr44O844K0L+ODiOODqOOCv+KWoOOCv+OCpOODpOODqeODg+OCryjlsILnlKjjgqvjg5Djg7zku5gp4pag6auY44GVM+auteiqv+aVtOOBqOaoquW5heOCueODqeOCpOODieiqv+aVtOOBpzEy44Kk44Oz44OB772eMTfjgqTjg7Pjg4Hjgb7jgafmnIDlpKc45pys5Y+O57SN5Y+v6IO94pag44K/44Kk44Ok5Y+O57SNIOOCs+ODs+ODkeOCr+ODiCDoloTlnosg44OZ44Op44Oz44OA44Gq44Gp55yB44K544Oa44O844K5IOacgOWkp+epjei8iemHjzEyMGtn4pagS1ktMzE2VCszMTVD[rn]
21-63148,aHR0cDovL3RzaG9wLnIxMHMuanAvY3BzLW1tL2NhYmluZXQvb2lsL2ltZ240OTg4NS5qcGc/Zml0aW49NzAwOjcwMA==,NjI5Ni44MDAw,,6LuK55So5ZOB44O744OQ44Kk44Kv55So5ZOBID4g44Kr44O855So5ZOBID4g44Kq44Kk44Or44O75re75Yqg5YmkID4g44Kq44Kk44OrID4g44Ku44Ki44Kq44Kk44Or,Sljjgqjjg43jg6vjgq7jg7wg44Ku44Ok44Kw44Op44Oz44OJIEdMLTUgODBXLTkwIDIwTOODmuODvOODq+e8tiDlpKflnovou4rlkJHjgZHjg5/jg4Pjgrfjg6fjg7Pjg7vjg4fjg5XlhbznlKjjgq7jg6Tmsrk=,44CQ6YCB5paZ54Sh5paZ44CR,PFRBQkxFIGJvcmRlcj0iMCIgd2lkdGg9Ijc1MCIgY2VsbHNwYWNpbmc9IjAiPgogIDxUQk9EWT4KICAgIDxUUj4KICAgICAgPHRkIGNvbHNwYW49IjIiIGFsaWduPSJjZW50ZXIiPjxJTUcgc3JjPSJodHRwOi8vaW1hZ2UucmFrdXRlbi5jby5qcC9jcHMtbW0vY2FiaW5ldC9vaWwvaW1nbjQ5ODg1LTAyLmdpZiIgYm9yZGVyPSIwIj48L3RkPgogICAgPC9UUj4KICAgIDxUUj4KICAgICAgPHRkIGNvbHNwYW49IjIiIGFsaWduPSJjZW50ZXIiPjxJTUcgc3JjPSJodHRwOi8vaW1hZ2UucmFrdXRlbi5jby5qcC9jcHMtbW0vY2FiaW5ldC9vaWwvaW1nbjQ5ODg1LTAzLmdpZiIgYm9yZGVyPSIwIj48L3RkPgogICAgPC9UUj4KICAgIDxUUj4KICAgICAgPFREIGNvbHNwYW49IjIiPjxGT05UIGNvbG9yPSIjZmYwMDAwIiBzaXplPSIyIj48L0ZPTlQ+PEJSPgogICAgICA8Rk9OVCBzaXplPSIyIj48L0ZPTlQ+PC9URD4KICAgIDwvVFI+CiAgPC9UQk9EWT4KPC9UQUJMRT48dGFibGUgd2lkdGg9Ijc1MCIgYm9yZGVyPSIwIiBjZWxsc3BhY2luZz0iNCI+CiAgPHRib2R5IGFsaWduPSJjZW50ZXIiPgo8dHI+Cjx0ZCBjb2xzcGFuPSIyIj48aW1nIHNyYz0iaHR0cDovL2ltYWdlLnJha3V0ZW4uY28uanAvY3BzLW1tL2NhYmluZXQvYnVubmVyL2ltZ2JucndybnR5dHRlYy5naWYiIGJvcmRlcj0iMCI+PC90ZD4KPC90cj4KPHRyPgo8dGQgY29sc3Bhbj0iMiI+PGltZyBzcmM9Imh0dHA6Ly9pbWFnZS5yYWt1dGVuLmNvLmpwL2Nwcy1tbS9jYWJpbmV0L2J1bm5lci9pbWdibnJsZW9uaXMuZ2lmIiBib3JkZXI9IjAiPjwvdGQ+CjwvdHI+Cjx0cj4KICAgICAgPHRkPjxpbWcgc3JjPSJodHRwOi8vaW1hZ2UucmFrdXRlbi5jby5qcC9jcHMtbW0vY2FiaW5ldC9idW5uZXIvaW1nYm5yemFpa28yMDE1MDIuZ2lmIiBib3JkZXI9IjAiPjwvdGQ+CiAgICAgIDx0ZD48aW1nIHNyYz0iaHR0cDovL2ltYWdlLnJha3V0ZW4uY28uanAvY3BzLW1tL2NhYmluZXQvYnVubmVyL2JucjM3MC1reW9laXZhbHZlLmdpZiIgYm9yZGVyPSIwIj48L3RkPgogICAgPC90cj4KICAgIDx0cj4KICAgICAgPHRkIGhlaWdodD0iMjMiPjxmb250IHNpemU9IjIiPueEoeOBj+OBquOCiuasoeesrOOAgee1guS6hu+8ge+8gTwvZm9udD48L3RkPgogICAgICA8dGQ+PGZvbnQgc2l6ZT0iMiI+44Ov44Oz44Od44Kk44Oz44OI44OJ44Os44K544Ki44OD44OX4pmqPC9mb250PjwvdGQ+CiAgICA8L3RyPgogICAgPHRyPgogICAgICA8dGQ+PGltZyBzcmM9Imh0dHA6Ly9pbWFnZS5yYWt1dGVuLmNvLmpwL2Nwcy1tbS9jYWJpbmV0L2J1bm5lci9ibnIzNzAtaHlicmlkYWMuZ2lmIiBib3JkZXI9IjAiPjwvdGQ+CiAgICAgIDx0ZD48aW1nIHNyYz0iaHR0cDovL2ltYWdlLnJha3V0ZW4uY28uanAvY3BzLW1tL2NhYmluZXQvYnVubmVyL2JucjM3MC12YWxlbnRpLmdpZiIgYm9yZGVyPSIwIj48L3RkPgogICAgPC90cj4KICAgIDx0cj4KICAgICAgPHRkIGhlaWdodD0iMjMiIHZhbGlnbj0idG9wIj48Zm9udCBzaXplPSIyIj7lhYnop6blqpLjgaflvLflipvmtojoh63vvIHmipfoj4zmgKfmipznvqTvvIE8L2ZvbnQ+PC90ZD4KICAgICAgPHRkIHZhbGlnbj0idG9wIj48Zm9udCBzaXplPSIyIj7jg4/jgqTjg5Hjg7xMRUTjga7lnKflgJLnmoTmmI7jgovjgZXvvIE8L2ZvbnQ+PC90ZD4KICAgIDwvdHI+CiAgICA8dHI+CiAgICAgIDx0ZD48aW1nIHNyYz0iaHR0cDovL2ltYWdlLnJha3V0ZW4uY28uanAvY3BzLW1tL2NhYmluZXQvYnVubmVyL2JucjM3MC1icmFobXMuZ2lmIiBib3JkZXI9IjAiPjwvdGQ+CiAgICAgIDx0ZD48aW1nIHNyYz0iaHR0cDovL2ltYWdlLnJha3V0ZW4uY28uanAvY3BzLW1tL2NhYmluZXQvYnVubmVyL2JucjM3MC1oYXNlcHJvLmdpZiIgYm9yZGVyPSIwIj48L3RkPgogICAgPC90cj4KICAgIDx0cj4KICAgICAgPHRkIGhlaWdodD0iMjMiIHZhbGlnbj0idG9wIj48Zm9udCBzaXplPSIyIj7nnYDmm7/jgYjjg7vku67nnKDjg7vpmLLniq/jg7vou4rkuK3ms4rjg7vmlq3nhrHjgajnlKjpgJTjga/oibLjgIXimao8L2ZvbnQ+PC90ZD4KICAgICAgPHRkIHZhbGlnbj0idG9wIj48Zm9udCBzaXplPSIyIj7jg6njg6rjg7zku5Xmp5jjga7jg4/jg7Pjg4njg6vjgqvjg5Djg7zimao8L2ZvbnQ+PC90ZD4KICAgIDwvdHI+CiAgICA8dHI+CiAgICAgIDx0ZD48aW1nIHNyYz0iaHR0cDovL2ltYWdlLnJha3V0ZW4uY28uanAvY3BzLW1tL2NhYmluZXQvYnVubmVyL2JucjM3MC1tdWdlbi5naWYiIGJvcmRlcj0iMCI+PC90ZD4KICAgICAgPHRkPjxpbWcgc3JjPSJodHRwOi8vaW1hZ2UucmFrdXRlbi5jby5qcC9jcHMtbW0vY2FiaW5ldC9idW5uZXIvYm5yMzcwLW5pc21vLmdpZiIgYm9yZGVyPSIwIj48L3RkPgogICAgPC90cj4KICAgIDx0cj4KICAgICAgPHRkIGhlaWdodD0iMjMiIGFsaWduPSJjZW50ZXIiIHZhbGlnbj0idG9wIj48Zm9udCBzaXplPSIyIj7jg5vjg7Pjg4Dou4rjgqrjg7zjg4rjg7zjga9NVUdFTjwvZm9udD48L3RkPgogICAgICA8dGQgYWxpZ249ImNlbnRlciIgdmFsaWduPSJ0b3AiPjxmb250IHNpemU9IjIiPuODi+ODg+OCteODs+i7iuOCquODvOODiuODvOOBr+ODi+OCueODojwvZm9udD48L3RkPgogICAgPC90cj4KICAgIDx0cj4KICAgICAgPHRkPjxpbWcgc3JjPSJodHRwOi8vaW1hZ2UucmFrdXRlbi5jby5qcC9jcHMtbW0vY2FiaW5ldC9idW5uZXIvYm5yMzcwLWtlZXBlci5naWYiIGJvcmRlcj0iMCI+PC90ZD4KICAgICAgPHRkPjxpbWcgc3JjPSJodHRwOi8vaW1hZ2UucmFrdXRlbi5jby5qcC9jcHMtbW0vY2FiaW5ldC9idW5uZXIvYm5yMzcwLXNrMjAxNy5naWYiIGJvcmRlcj0iMCI+PC90ZD4KICAgIDwvdHI+CiAgICA8dHI+CiAgICAgIDx0ZCBoZWlnaHQ9IjIzIiB2YWxpZ249InRvcCI+PGZvbnQgc2l6ZT0iMiI+6Lqr5L2T44KC5rSX44GI44KL44G744Gp44Gu5qW15LiK576K5q+bPC9mb250PjwvdGQ+CiAgICAgIDx0ZCB2YWxpZ249InRvcCI+PGZvbnQgc2l6ZT0iMiI+44Kz44Kz44Ot44GK44Gp44KL5bel5YW344K744OD44OI44K744O844OrPC9mb250PjwvdGQ+CiAgICA8L3RyPgo8dHI+CiAgICAgIDx0ZD48aW1nIHNyYz0iaHR0cDovL2ltYWdlLnJha3V0ZW4uY28uanAvY3BzLW1tL2NhYmluZXQvYnVubmVyL2JucjM3MC1qZXRtYXguZ2lmIiBib3JkZXI9IjAiPjwvdGQ+CiAgICAgIDx0ZD48aW1nIHNyYz0iaHR0cDovL2ltYWdlLnJha3V0ZW4uY28uanAvY3BzLW1tL2NhYmluZXQvYnVubmVyL2JucjM3MC1zaWVjbGUuZ2lmIiBib3JkZXI9IjAiPjwvdGQ+CiAgICA8L3RyPgogICAgPHRyPgogICAgICA8dGQgaGVpZ2h0PSIyMyIgdmFsaWduPSJ0b3AiPjxmb250IHNpemU9IjIiPuOCqOOCouOCs+ODs+OBruiHreOBhOOBr+WFg+OBi+OCiTwvZm9udD48L3RkPgogICAgICA8dGQgdmFsaWduPSJ0b3AiPjxmb250IHNpemU9IjIiPuODrOOCueODneODs+OCueODquODs+OCsOOBjOi2heS9jumAn+Wfn+OCkuWkieOBiOOCi++8gTwvZm9udD48L3RkPgogICAgPC90cj4KICAgIDx0cj4KICAgICAgPHRkPjxpbWcgc3JjPSJodHRwOi8vaW1hZ2UucmFrdXRlbi5jby5qcC9jcHMtbW0vY2FiaW5ldC9idW5uZXIvYm5yMzcwLW9yaWdpbmFsZ29vZHMuZ2lmIiBib3JkZXI9IjAiPjwvdGQ+CiAgICAgIDx0ZD48aW1nIHNyYz0iaHR0cDovL2ltYWdlLnJha3V0ZW4uY28uanAvY3BzLW1tL2NhYmluZXQvYnVubmVyL2JucjM3MC1jbGVhbmZpbHRlci5naWYiIGJvcmRlcj0iMCI+PC90ZD4KICAgIDwvdHI+CiAgICA8dHI+CiAgICAgIDx0ZCBoZWlnaHQ9IjIzIiB2YWxpZ249InRvcCI+PGZvbnQgc2l6ZT0iMiI+44OX44Os44K844Oz44OI44Gr44KC5pyA6YGp4pmqPC9mb250PjwvdGQ+CiAgICAgIDx0ZCB2YWxpZ249InRvcCI+PGZvbnQgc2l6ZT0iMiI+5o6S5rCX44Ks44K544O76Iqx57KJ44KS5Y+W6Zmk44GN6LuK5YaF44KS57a66bqX44Gq56m65rCX44GrPC9mb250PjwvdGQ+CiAgICA8L3RyPgogICAgPHRyPgogICAgICA8dGQ+PGltZyBzcmM9Imh0dHA6Ly9pbWFnZS5yYWt1dGVuLmNvLmpwL2Nwcy1tbS9jYWJpbmV0L2J1bm5lci9ibnIzNzAteWFtLmdpZiIgYm9yZGVyPSIwIj48L3RkPgogICAgICA8dGQ+PGltZyBzcmM9Imh0dHA6Ly9pbWFnZS5yYWt1dGVuLmNvLmpwL2Nwcy1tbS9jYWJpbmV0L2J1bm5lci9ibnIzNzAtdGlyZW1lbnQuZ2lmIiBib3JkZXI9IjAiPjwvdGQ+CiAgICA8L3RyPgogICAgPHRyPgogICAgICA8dGQgaGVpZ2h0PSIyMyIgdmFsaWduPSJ0b3AiPjxmb250IHNpemU9IjIiPuODieOCouOCq+ODg+ODl+mDqOWIhuOBr+OBmuOBo+OBqOe2uum6l+OBquOBvuOBvjwvZm9udD48L3RkPgogICAgICA8dGQgdmFsaWduPSJ0b3AiPjxmb250IHNpemU9IjIiPuWuieWFqOOBr+i2s+WFg+OBi+OCieKZqjwvZm9udD48L3RkPgogICAgPC90cj4KPHRyPgogICAgICA8dGQgY29sc3Bhbj0iMiI+PGltZyBzcmM9Imh0dHA6Ly9pbWFnZS5yYWt1dGVuLmNvLmpwL2Nwcy1tbS9jYWJpbmV0L2J1bm5lci9tYWlsLWJpbi5naWYiIGJvcmRlcj0iMCI+PC90ZD4KICAgIDwvdHI+CiAgPC90Ym9keT4KPC90YWJsZT4=,Sljjgqjjg43jg6vjgq7jg7wg44Ku44Ok44Kw44Op44Oz44OJIEdMLTUgODBXLTkwIDIwTOODmuODvOODq+e8tiDlpKflnovou4rlkJHjgZHjg5/jg4Pjgrfjg6fjg7Pjg7vjg4fjg5XlhbznlKjjgq7jg6TmsrnvvJpDYXIgUGFydHMgU2hvcCBNTQ==,44Ob44Kk44O844Or44OQ44OD44OG44Oq44O85YWF6Zu75Zmo44Kr44O855So5ZOB44Kq44O844OH44Kj44Kq44K544OU44O844Kr44O844Kq44Kk44Or44OK44OT44Ky44O844K344On44Oz44OX44Op44Kw44OB44Kn44O844OzZXRj44OP44O844ON44K55Y+W5LuY6YeR5YW35Zyw44OH44K444OJ44Op44Kk44OW44Os44Kz44O844OA44O8VFJE5bel5YW344OE44O844Or44K744OD44OI44Kq44O844OI44Ko44Kw44K8TVVHRU5OSVNNT0pY44Ko44ON44Or44Ku44O8IOOCruODpOOCsOODqeODs+ODiSBHTC01IDgwVy05MCAyMEzjg5rjg7zjg6vnvLYg5aSn5Z6L6LuK5ZCR44GR44Of44OD44K344On44Oz44O744OH44OV5YW855So44Ku44Ok5rK5,44CQ6YCB5paZ54Sh5paZ44CR44CCSljjgqjjg43jg6vjgq7jg7wg44Ku44Ok44Kw44Op44Oz44OJIEdMLTUgODBXLTkwIDIwTOODmuODvOODq+e8tiDlpKflnovou4rlkJHjgZHjg5/jg4Pjgrfjg6fjg7Pjg7vjg4fjg5XlhbznlKjjgq7jg6Tmsrk=[rn]
21-63149,aHR0cDovL3RzaG9wLnIxMHMuanAvcy1haXIvY2FiaW5ldC9pdGVtLzA0NTIxMDMzLmpwZz9maXRpbj03MDA6NzAw,ODcyNi40MDAw,,6LuK55So5ZOB44O744OQ44Kk44Kv55So5ZOBID4g44Kr44O855So5ZOBID4g44Kq44Kk44Or44O75re75Yqg5YmkID4g44Kq44Kk44OrID4g44Ku44Ki44Kq44Kk44Or,44CQ6YCB5paZ54Sh5paZ44CRQ1JPU1PvvIjjgq/jg63jgrnvvIkg44Oe44OL44Ol44Ki44Or44OI44Op44Oz44K544Of44OD44K344On44Oz44Kq44Kk44OrIDgwVy05MCAyMEw=,44Oe44Or44OB44K/44Kk44OX44Ku44Ki44Kq44Kk44Or,PHRhYmxlIHdpZHRoPSI4MDAiPjx0cj48dGQ+PGZvbnQgY29sb3I9IiNmZjAwMDAiPuOAkOWPluOCiuWvhOOBm+WVhuWTgeOAkTwvZm9udD48YnI+4pag44Oh44O844Kr44O85ZCN77yaQ1JPU1M8YnI+PGJyPkdMLTXopo/moLzjga7jg57jg6vjg4Hjgr/jgqTjg5fjgq7jg6TjgqrjgqTjg6vjgILjg5/jg4Pjgrfjg6fjg7PjgIHjg4fjg5XjgqrjgqTjg6s8YnI+44Gq44Gp5bmF5bqD44GP5a++5b+c44CCPGJyPjxicj7ilqDjgZPjgaHjgonjga7jgqrjgqTjg6vjga8yMEznvLbjgajjgarjgaPjgabjgYrjgorjgb7jgZnjgII8YnI+PGJyPuOAkOWVhuWTgeips+e0sOOAkTxicj7jg7vnlKjpgJTvvJrjg57jg4vjg6XjgqLjg6vjg5/jg4Pjgrfjg6fjg7PjgqrjgqTjg6s8YnI+44O75rK556iu77ya6Ymx54mp5rK5PGJyPuODu+WuuemHj++8mjIwTDxicj7jg7vjgrDjg6zjg7zjg4nvvJpHTC01PGJyPuODu+eymOW6pu+8mjgwVy05MDxicj7igLvmqZ/morDlvI9MU0Tjgavjga/jgYrli6fjgoHjgYTjgZ/jgZfjgb7jgZvjgpPjgII8YnI+PGJyPuOAkOOBneOBruS7luOAkTxicj7jg7vllYblk4Hjga/jgZnjgbnjgabjgYrlj5bjgorlr4TjgZvjgajjgarjgaPjgabjgYrjgorjgb7jgZnjgII8YnI+44O75Zyo5bqr54q25rOB44Gr44KI44Gj44Gm44Gv5YWl6I2344G+44Gn44GK5pmC6ZaT44GM44GL44GL44KL5aC05ZCI44GM44GU44GW44GE44G+44GZ44CCPGJyPuODu+OBlOS9v+eUqOOBrumam+OBr+OBiui7iuOBruOCteODvOODk+OCueODnuODi+ODpeOCouODq+OCkuOBlOeiuuiqjeS4i+OBleOBhDxicj7jg7vllYblk4HnlLvlg4/jga/jgqTjg6Hjg7zjgrjjgafjgZnjgILlrp/pmpvjga7llYblk4HjgajnlbDjgarjgovloLTlkIjjgYzjgZTjgZbjgYTjgb7jgZnjgII8L3RkPjwvdHI+PC90YWJsZT48aW1nIHNyYz0iaHR0cDovL2ltYWdlLnJha3V0ZW4uY28uanAvcy1haXIvY2FiaW5ldC9wYXJ0L21pdHVfYm4uZ2lmIiBhbHQ9IuODmeODs+ODhOOChEJNV+OAgVZX44CB44Ki44Km44OH44Kj44CB44OV44Kp44Or44Kv44K544Ov44O844Ky44Oz44Gq44Gp44Gu6Ly45YWl6LuK6YOo5ZOB44CB44OR44O844OE44Gu44Ko44K544Ko44O844Or44Gu54Sh5paZ6KaL56mN44KK44CA6YCa6LKp44Gq44KJ44GK44G+44GL44GbIj4KPGJyPgo8YnI+CjxpbWcgc3JjPSJodHRwOi8vaW1hZ2UucmFrdXRlbi5jby5qcC9zLWFpci9jYWJpbmV0L3BhcnQvMjAxNzAxLWFubmFpLmpwZyIgd2lkdGg9IjcwMCI+CjxCUj48YnI+,44CQ6YCB5paZ54Sh5paZ44CRQ1JPU1PvvIjjgq/jg63jgrnvvIkg44Oe44OL44Ol44Ki44Or44OI44Op44Oz44K544Of44OD44K344On44Oz44Kq44Kk44OrIDgwVy05MCAyMEzvvJrjgqjjgrnjgqjjg7zjg6s=,6Ly45YWl6LuK6YOo5ZOB44Kr44O855So5ZOB44Oc44OD44K344Ol44OQ44OD44OG44Oq44O844OQ44OD44OG44Oq44O86YOo5ZOB44K344Or44OQ44O844OQ44OD44OG44Oq44O844Oc44OH44Kj44Kr44OQ44O844Oc44OH44Kj44O844Kr44OQ44O844K/44Kk44Ok44K544K/44OD44OJ44Os44K544K/44Kk44Ok44OW44Os44O844Kt44OR44OD44OJ44OZ44Oz44OEQk1XVlfjgqLjgqbjg4fjgqPlpJbou4rpg6jlk4HntJTmraPpg6jlk4Hjgqjjgrnjgqjjg7zjg6vjgq/jg6njg7Pjg4Tjgrjjgqzoh6rli5Xou4rjg5Hjg7zjg4TjgJDpgIHmlpnnhKHmlpnjgJFDUk9TU++8iOOCr+ODreOCue+8iSDjg57jg4vjg6XjgqLjg6vjg4jjg6njg7Pjgrnjg5/jg4Pjgrfjg6fjg7PjgqrjgqTjg6sgODBXLTkwIDIwTA==,44Oe44Or44OB44K/44Kk44OX44Ku44Ki44Kq44Kk44Or44CC44CQ6YCB5paZ54Sh5paZ44CRQ1JPU1PvvIjjgq/jg63jgrnvvIkg44Oe44OL44Ol44Ki44Or44OI44Op44Oz44K544Of44OD44K344On44Oz44Kq44Kk44OrIDgwVy05MCAyMEw=[rn]
21-63150,aHR0cDovL3RzaG9wLnIxMHMuanAvY3JlZXIvY2FiaW5ldC8wMjMwNTg0Ny9pbWc1ODEyOTQ1Mi5qcGc/Zml0aW49NzAwOjcwMA==,MTkxOS4yMDAw,,6LuK55So5ZOB44O744OQ44Kk44Kv55So5ZOBID4g44Kr44O855So5ZOBID4g44Kq44Kk44Or44O75re75Yqg5YmkID4g44Kq44Kk44OrID4g44Ku44Ki44Kq44Kk44Or,UkVTUE8g44Os44K544OdIOOCruOCouOCquOCpOODqyBSTUQtMUxSIFItVFlQRSAxMDAl5YyW5a2m5ZCI5oiQ44Of44OD44K344On44Oz44Kq44Kk44OrIFNBRTo3NVctOTAgQVBJOkdMLTUg5YaF5a656YePMUwg44CQ44Oe44OL44Ol44Ki44Or44Of44OD44K344On44OzL+ODh+ODleOCruOCouetieOBq+W5heW6g+OBj+WvvuW/nOOBmeOCi+ODnuODq+ODgeOCv+OCpOODl+OCruOCouOCquOCpOODqyHjgJE=,44CQ5Zyo5bqr44GC44KK5Y2z57SNISHjgJHjgJDpgIHmlpnnhKHmlpkh44Kr44O844OJT0sh44CR,PFRBQkxFIFdJRFRIPTgwMCBDRUxMU1BBQ0lORz0wIENFTExQQURESU5HPTI+CjxUUiBCR0NPTE9SPSNmZmZmZmY+CjxURCBCR0NPTE9SPSNGRjY2RkYgQUxJR049Y2VudGVyIFdJRFRIPTIzJT4KPEZPTlQgQ09MT1I9I2ZmZmZmZj48Qj7llYblk4HoqqzmmI48L0I+PC9GT05UPjwvVEQ+CjxUUj48VEQgQkdDT0xPUj0jRkY2NkZGIEFMSUdOPWNlbnRlcj48VEFCTEUgQkdDT0xPUj0jZmZmZmZmIFdJRFRIPTEwMCUgQ0VMTFBBRERJTkc9NT48VEQ+CgoK44O7UkVTUE/jga7jgq7jgqLjgqrjgqTjg6vjgIFSLVRZUEUgMeODquODg+ODiOODq+OBp+OBmeOAggo8QlI+44O7UkVTUE/jgajjga/nspjlvL7mgKfmvaTmu5HmtYHkvZPjgajlkbzjgbDjgozjgovmsrnohpzjgpLnibnjgavlvLfjgY/jgZnjgovjgqrjgqTjg6vjgafjgZnjgILjgIzjg43jg5Djg6rjgI3jgYzlvLfjgY/ns7jjgpLlvJXjgY9SRVNQT+OBq+OCiOOCiuODn+ODg+OCt+ODp+ODs+OBq+OBiuOBhOOBpuOCgualteOCgeOBpuaKteaKl+OBjOWwkeOBquOBhOeKtuaFi+OCkuW8leOBjeWHuuOBl+OBvuOBmeOAggo8QlI+44O7Ui1UWVBF44Gv5L2O5rip44GL44KJ6auY5rip44G+44Gn56K65a6f44Gq44K344OV44OI44Ov44O844Kv44KS44GK57SE5p2f44GZ44KL5a6a55Wq44Ku44Ki44Kq44Kk44Or44CC5a6J5a6a44GX44Gf5r2k5ruR5oCn6IO944Gv44CB5biC6KGX5Zyw6LWw6KGM44GL44KJ44K544Od44O844OE6LWw6KGM44G+44Gn5a++5b+c44CC5aSW5Zu96LuK44O75Zu955Sj6LuK5YWx44Gr5L2/55So44Gn44GN44G+44GZ44CCCgo8QlI+PEZPTlQgU0laRT0yPgo8QlI+QVBJOkdMLTUKPEJSPlNBRTo3NXctOTAKPEJSPuOCv+OCpOODlzrljJblrablkIjmiJDmsrkKPEJSPgo8QlI+PEI+44Op44Kk44Oz44Ki44OD44OXPC9CPgo8QlI+UlMtVFlQRe+8mjxCPlJNRC0xTFI8L0I+CjxCUj5SUy1UWVBF77yaPEI+Uk1ELTIwTFI8L0I+CjxCUj4KPEJSPjxGT05UIFNJWkU9NT48Qj7jgq7jgqLjgqrjgqTjg6vpganlkIjkuIDopqfooag8L0ZPTlQ+PC9CPgo8QlI+CgoKPFRBQkxFIFdJRFRIPTc5MCBCT1JERVI9MT4KPFRSPgo8VEQgUk9XU1BBTj0yPjxJTUcgU1JDPWh0dHA6Ly9pbWFnZS5yYWt1dGVuLmNvLmpwL2NyZWVyL2NhYmluZXQvMDIzMDU4NDcvaW1nNTgxMjkxODMuZ2lmPjwvVEQ+CjxURCBST1dTUEFOPTI+PEZPTlQgU0laRT0yPuODn+ODg+OCt+ODp+ODsyDjg7vjg4fjg5XkuIDkvZPlvI88L1REPgo8VEQ+PEZPTlQgU0laRT0yPuapn+aisOW8j0wuUy5ELiAo44OX44Os44O844OI5byPKTwvVEQ+CjxURD48Rk9OVCBTSVpFPTI+PEI+CkxlIE1hbnMKPEJSPkxlIE1hbnMgUlMKPEJSPlItVFlQRQo8L1REPgo8VFI+CjxURD48Rk9OVCBTSVpFPTI+TC5TLkQu44Gq44GXIC8g44OI44Or44K744OzIOODu+ODk+OCueOCq+OCuSBMLlMuRC48L1REPgo8VEQ+PEZPTlQgU0laRT0yPjxCPgpMZSBNYW5zCjxCUj5MZSBNYW5zIFJTCjxCUj5SUy1UWVBFCjwvVEQ+CjxUUj4KPFREIFJPV1NQQU49Mj48SU1HIFNSQz1odHRwOi8vaW1hZ2UucmFrdXRlbi5jby5qcC9jcmVlci9jYWJpbmV0LzAyMzA1ODQ3L2ltZzU4MTI5MTg0LmdpZj48L1REPgo8VEQgUk9XU1BBTj0yPjxGT05UIFNJWkU9Mj7jg5/jg4Pjgrfjg6fjg7Mg44O744OH44OV5LiA5L2T5byPPC9URD4KPFREPjxGT05UIFNJWkU9Mj7mqZ/morDlvI9MLlMuRC4gKOODl+ODrOODvOODiOW8jyk8L1REPgo8VEQ+PEZPTlQgU0laRT0yPjxCPgpMZSBNYW5zCjxCUj5MZSBNYW5zIFJTCjxCUj5SLVRZUEUKPC9URD4KPFRSPgo8VEQ+PEZPTlQgU0laRT0yPkwuUy5ELuOBquOBlyAvIOODiOODq+OCu+ODsyDjg7vjg5PjgrnjgqvjgrkgTC5TLkQuPC9URD4KPFREPjxGT05UIFNJWkU9Mj48Qj4KTGUgTWFucwo8QlI+TGUgTWFucyBSUwo8QlI+UlMtVFlQRQo8L1REPgo8L1RSPgo8VFI+CjxURCBST1dTUEFOPTM+PElNRyBTUkM9aHR0cDovL2ltYWdlLnJha3V0ZW4uY28uanAvY3JlZXIvY2FiaW5ldC8wMjMwNTg0Ny9pbWc1ODEyOTE4NS5naWY+PC9URD4KPFREIENPTFNQQU49Mj48Rk9OVCBTSVpFPTI+44Of44OD44K344On44OzPC9URD4KPFREPjxGT05UIFNJWkU9Mj48Qj4KTGUgTWFucwo8QlI+TGUgTWFucyBSUwo8QlI+Ui1UWVBFCjxCUj5SUy1UWVBFCjwvVEQ+PC9UUj4KPFRSPgo8VEQgUk9XU1BBTj0yPjxGT05UIFNJWkU9Mj7jg6rjgqLjg4fjg5U8L1REPgo8VEQ+PEZPTlQgU0laRT0yPuapn+aisOW8j0wuUy5ELiAo44OX44Os44O844OI5byPKTwvVEQ+CjxURD48Rk9OVCBTSVpFPTI+PEI+CkxlIE1hbnMKPC9URD48L1RSPgo8VFI+CjxURD48Rk9OVCBTSVpFPTI+TC5TLkQu44Gq44GXIC8g44OI44Or44K744OzIOODu+ODk+OCueOCq+OCuSBMLlMuRC48L1REPgo8VEQ+PEZPTlQgU0laRT0yPjxCPgpSLVRZUEUKPC9URD48L1RSPgoKPFRSPgo8VEQgUk9XU1BBTj01PjxJTUcgU1JDPWh0dHA6Ly9pbWFnZS5yYWt1dGVuLmNvLmpwL2NyZWVyL2NhYmluZXQvMDIzMDU4NDcvaW1nNTgxMjkxODYuZ2lmPjwvVEQ+CjxURCBDT0xTUEFOPTI+PEZPTlQgU0laRT0yPuODiOODqeODs+OCueODleOCoeODvDwvVEQ+CjxURD48Rk9OVCBTSVpFPTI+PEI+CkxlIE1hbnMKPC9URD48L1RSPgo8VFI+CjxURCBST1dTUEFOPTI+PEZPTlQgU0laRT0yPuODn+ODg+OCt+ODp+ODsyDjg7vjg4fjg5XkuIDkvZPlvI88L1REPgo8VEQ+PEZPTlQgU0laRT0yPuapn+aisOW8j0wuUy5ELiAo44OX44Os44O844OI5byPKTwvVEQ+CjxURD48Rk9OVCBTSVpFPTI+PEI+CkxlIE1hbnMKPEJSPkxlIE1hbnMgUlMKPC9URD48L1RSPgo8VFI+CjxURD48Rk9OVCBTSVpFPTI+TC5TLkQu44Gq44GXIC8g44OI44Or44K744OzIOODu+ODk+OCueOCq+OCuSBMLlMuRC48L1REPgo8VEQ+PEZPTlQgU0laRT0yPjxCPgpMZSBNYW5zIFJTCjxCUj5SLVRZUEUKPC9URD48L1RSPgo8VFI+CjxURCBST1dTUEFOPTI+PEZPTlQgU0laRT0yPuODquOCouODh+ODlTwvVEQ+CjxURD48Rk9OVCBTSVpFPTI+5qmf5qKw5byPTC5TLkQuICjjg5fjg6zjg7zjg4jlvI8pPC9URD4KPFREPjxGT05UIFNJWkU9Mj48Qj4KTGUgTWFucwo8L1REPjwvVFI+CjxUUj4KPFREPjxGT05UIFNJWkU9Mj5MLlMuRC7jgarjgZcgLyDjg4jjg6vjgrvjg7Mg44O744OT44K544Kr44K5IEwuUy5ELjwvVEQ+CjxURD48Rk9OVCBTSVpFPTI+PEI+ClItVFlQRQo8L1REPjwvVFI+CgoKCjxUUj4KPFREIFJPV1NQQU49NT48SU1HIFNSQz1odHRwOi8vaW1hZ2UucmFrdXRlbi5jby5qcC9jcmVlci9jYWJpbmV0LzAyMzA1ODQ3L2ltZzU4MTI5MTg3LmdpZj48L1REPgo8VEQgQ09MU1BBTj0yPjxGT05UIFNJWkU9Mj7jg4jjg6njg7Pjgrnjg5XjgqHjg7w8L1REPgo8VEQ+PEZPTlQgU0laRT0yPjxCPgpSUy1UWVBFCjwvVEQ+PC9UUj4KPFRSPgo8VEQgQ09MU1BBTj0yPjxGT05UIFNJWkU9Mj7jg5/jg4Pjgrfjg6fjg7M8L1REPgo8VEQ+PEZPTlQgU0laRT0yPjxCPgpMZSBNYW5zCjxCUj5MZSBNYW5zIFJTCjxCUj5SLVRZUEUKPEJSPlJTLVRZUEUKPC9URD48L1RSPgo8VFI+CjxURCBST1dTUEFOPTI+PEZPTlQgU0laRT0yPuODleODreODs+ODiOODh+ODlSDjg7vjg6rjgqLjg4fjg5U8L1REPgo8VEQ+PEZPTlQgU0laRT0yPuapn+aisOW8j0wuUy5ELiAo44OX44Os44O844OI5byPKTwvVEQ+CjxURD48Rk9OVCBTSVpFPTI+PEI+CkxlIE1hbnMKPC9URD48L1RSPgo8VFI+CjxURD48Rk9OVCBTSVpFPTI+TC5TLkQu44Gq44GXIC8g44OI44Or44K744OzIOODu+ODk+OCueOCq+OCuSBMLlMuRC48L1REPgo8VEQ+PEZPTlQgU0laRT0yPjxCPgpSLVRZUEUKPC9URD48L1RSPgoKPC9UQUJMRT4KCgo8L1RBQkxFPjwvVFI+PC9URD48L1REPjwvVEFCTEU+PHN0eWxlIHR5cGU9InRleHQvY3NzIj4KLyrosrfjgYTnianjgYvjgZTjgavlhaXjgozjgovjg5zjgr/jg7MqLwojcmFrdXRlbkxpbWl0ZWRJZF9hcm91bmRDYXJ0IGlucHV0W3ZhbHVlPSLosrfjgYTnianjgYvjgZTjgavlhaXjgozjgosiXXsKYmFja2dyb3VuZDogdXJsKCJodHRwOi8vaW1hZ2UucmFrdXRlbi5jby5qcC9jcmVlci9jYWJpbmV0L2l2ZW50L2ltZ3JjMDA2Mzk0NDIyMC5qcGciKSBsZWZ0IHRvcCBuby1yZXBlYXQ7CndpZHRoOjIzNXB4OwpoZWlnaHQ6NTRweDsKdGV4dC1pbmRlbnQ6MTAwJTsKd2hpdGUtc3BhY2U6bm93cmFwOwpvdmVyZmxvdzpoaWRkZW47CmJvcmRlcjogbm9uZTsKcGFkZGluZzowOwptYXJnaW4tdG9wOjVweCAwOwpjdXJzb3I6cG9pbnRlcjsKfQojcmFrdXRlbkxpbWl0ZWRJZF9hcm91bmRDYXJ0IHRib2R5IHRyIHRkIGlucHV0OmhvdmVyewphbHBoYShvcGFjaXR5PTgpOwotbW96LW9wYWNpdHk6MC44OwpvcGFjaXR5OjAuODsKY3Vyc29yOnBvaW50ZXI7Cn0KCi8q5YCL5pWw5YWl5YqbKOeusSkqLwppbnB1dCN1bml0cyB7CmJvcmRlcjpzb2xpZCAjY2NjIDFweDsKYmFja2dyb3VuZDojZmZmIWltcG9ydGFudDsKd2lkdGg6MzVweDsKaGVpZ2h0OjM1cHg7CmN1cnNvcjphdXRvOwpwYWRkaW5nOjdweCA3cHggN3B4IDNweDsKbWFyZ2luLWJvdHRvbToxN3B4Owpmb250LXNpemU6MTdweDsKY29sb3I6IzAwMDsKfQoKLyog44GK5rCX44Gr5YWl44KK5ZWG5ZOB5beu44GX5pu/44GI44K/44KwICovCiNyYWt1dGVuTGltaXRlZElkX2Fyb3VuZENhcnQgI3NlcnZpY2VUYWJsZVNtbCB0ZC5mYXZvcml0ZSB7CnBhZGRpbmctdG9wOiA1cHg7Cn0KI3Jha3V0ZW5MaW1pdGVkSWRfYXJvdW5kQ2FydCBkaXYuYm9va21hcmtBcmVhIGRpdi5ia20gewp3aWR0aDogMjAwcHggIWltcG9ydGFudDsKaGVpZ2h0OjM1cHggIWltcG9ydGFudDsKcGFkZGluZzogMHB4IDBweCAxMHB4IDBweCAhaW1wb3J0YW50Owp9CiNyYWt1dGVuTGltaXRlZElkX2Fyb3VuZENhcnQgZGl2LmJvb2ttYXJrQXJlYSBkaXYuYmttIGEuYWRkQmttIHsKd2lkdGg6IDIwMHB4ICFpbXBvcnRhbnQ7CmhlaWdodDozNXB4ICFpbXBvcnRhbnQ7Cn0KI3Jha3V0ZW5MaW1pdGVkSWRfYXJvdW5kQ2FydCBkaXYuYm9va21hcmtBcmVhIGRpdi5ia20gYS5hZGRCa20gc3Bhbi5ia21TdGFyIHsKZGlzcGxheTogaW5saW5lLWJsb2NrICFpbXBvcnRhbnQ7CndpZHRoOiAyMDBweCAhaW1wb3J0YW50OwpoZWlnaHQ6MzVweCAhaW1wb3J0YW50OwptYXJnaW46MHB4IDBweCAxMHB4IDBweCAhaW1wb3J0YW50OwpiYWNrZ3JvdW5kOiB1cmwoImh0dHA6Ly9pbWFnZS5yYWt1dGVuLmNvLmpwL2NyZWVyL2NhYmluZXQvaXZlbnQvaW1ncmMwMDYzOTQ0MjMzLmpwZyIpIG5vLXJlcGVhdCAhaW1wb3J0YW50Owp9CgovKiDjgYrmsJfjgavlhaXjgorjgrfjg6fjg4Pjg5flt67jgZfmm7/jgYjjgr/jgrAgKi8KZGl2LmJvb2ttYXJrQXJlYSB7CndpZHRoOiAyMDBweCAhaW1wb3J0YW50Owp9CiNyYWt1dGVuTGltaXRlZElkX2Fyb3VuZENhcnQgZGl2LnNob3BCb29rbWFya0FyZWEgZGl2LnNob3BCa20gewp3aWR0aDogMjAwcHggIWltcG9ydGFudDsKaGVpZ2h0OjM1cHggIWltcG9ydGFudDsKcGFkZGluZzogMHB4IDBweCAhaW1wb3J0YW50OwpwYWRkaW5nLWxlZnQ6IDBweCAhaW1wb3J0YW50Owp9CiNyYWt1dGVuTGltaXRlZElkX2Fyb3VuZENhcnQgZGl2LnNob3BCb29rbWFya0FyZWEgZGl2LnNob3BCa20gYS5hZGRTaG9wQmttIHNwYW4uc2hvcEJrbVN0YXIgewpkaXNwbGF5OiBpbmxpbmUtYmxvY2sgIWltcG9ydGFudDsKd2lkdGg6IDIwMHB4ICFpbXBvcnRhbnQ7CmhlaWdodDozNXB4ICFpbXBvcnRhbnQ7Cm1hcmdpbi1yaWdodDogMHB4ICFpbXBvcnRhbnQ7CmJhY2tncm91bmQ6IHVybCgiaHR0cDovL2ltYWdlLnJha3V0ZW4uY28uanAvY3JlZXIvY2FiaW5ldC9pdmVudC9pbWdyYzAwNjM5NDQyMzQuanBnIikgbm8tcmVwZWF0ICFpbXBvcnRhbnQ7Cn0KPC9zdHlsZT4=,UkVTUE8g44Os44K544OdIOOCruOCouOCquOCpOODqyBSTUQtMUxSIFItVFlQRSAxMDAl5YyW5a2m5ZCI5oiQ44Of44OD44K344On44Oz44Kq44Kk44OrIFNBRTo3NVctOTAgQVBJOkdMLTUg5YaF5a656YePMUwg44CQ44Oe44OL44Ol44Ki44Or44Of44OD44K344On44OzL+ODh+ODleOCruOCouetieOBq+W5heW6g+OBj+WvvuW/nOOBmeOCi+ODnuODq+ODgeOCv+OCpOODl+OCruOCouOCquOCpOODqyHjgJHvvJrjgq/jg6zjg7zjg6vjgqrjg7Pjg6njgqTjg7Pjgrfjg6fjg4Pjg5c=,44Kq44O844OH44Kj44Kq44OG44Kv44OL44Kr44Kz44Og44OG44OD44Kv44K744Or44K544K/44O844Om44OU44OG44Or44Kr44O844Kq44O844OH44Kj44Kq6LuK6auY6Kq/44Os44O844OA44O85o6i55+l5qmf44OH44OD44OJ44OL44Oz44KwUkVTUE8g44Os44K544OdIOOCruOCouOCquOCpOODqyBSTUQtMUxSIFItVFlQRSAxMDAl5YyW5a2m5ZCI5oiQ44Of44OD44K344On44Oz44Kq44Kk44OrIFNBRTo3NVctOTAgQVBJOkdMLTUg5YaF5a656YePMUwg44CQ44Oe44OL44Ol44Ki44Or44Of44OD44K344On44OzL+ODh+ODleOCruOCouetieOBq+W5heW6g+OBj+WvvuW/nOOBmeOCi+ODnuODq+ODgeOCv+OCpOODl+OCruOCouOCquOCpOODqyHjgJE=,44CQ5Zyo5bqr44GC44KK5Y2z57SNISHjgJHjgJDpgIHmlpnnhKHmlpkh44Kr44O844OJT0sh44CR44CCUkVTUE8g44Os44K544OdIOOCruOCouOCquOCpOODqyBSTUQtMUxSIFItVFlQRSAxMDAl5YyW5a2m5ZCI5oiQ44Of44OD44K344On44Oz44Kq44Kk44OrIFNBRTo3NVctOTAgQVBJOkdMLTUg5YaF5a656YePMUwg44CQ44Oe44OL44Ol44Ki44Or44Of44OD44K344On44OzL+ODh+ODleOCruOCouetieOBq+W5heW6g+OBj+WvvuW/nOOBmeOCi+ODnuODq+ODgeOCv+OCpOODl+OCruOCouOCquOCpOODqyHjgJE=[rn]
21-63151,aHR0cDovL3RzaG9wLnIxMHMuanAvY3JlZXIvY2FiaW5ldC8wMjMwNTg0Ny9pbWc1ODEyOTcxNS5qcGc/Zml0aW49NzAwOjcwMA==,MzY5NjAuMDAwMA==,,6LuK55So5ZOB44O744OQ44Kk44Kv55So5ZOBID4g44Kr44O855So5ZOBID4g44Kq44Kk44Or44O75re75Yqg5YmkID4g44Kq44Kk44OrID4g44Ku44Ki44Kq44Kk44Or,UkVTUE8g44Os44K544OdIOOCruOCouOCquOCpOODqyBSTUQtMjBMTSBMZU1hbnMgMTAwJeWMluWtpuWQiOaIkOODn+ODg+OCt+ODp+ODs+OCquOCpOODqyBTQUU6ODBXLTE0MCBBUEk6R0wtNSDlhoXlrrnph48yMEwg44CQ5qmf5qKw5byPTC5TLkQuIC/jg6zjg7zjgrnlr77lv5zjgq7jgqLjgqrjgqTjg6sh44CR,44CQ6YCB5paZ54Sh5paZIeOCq+ODvOODiU9LIeOAkQ==,PFRBQkxFIFdJRFRIPTgwMCBDRUxMU1BBQ0lORz0wIENFTExQQURESU5HPTI+CjxUUiBCR0NPTE9SPSNmZmZmZmY+CjxURCBCR0NPTE9SPSNGRjY2RkYgQUxJR049Y2VudGVyIFdJRFRIPTIzJT4KPEZPTlQgQ09MT1I9I2ZmZmZmZj48Qj7llYblk4HoqqzmmI48L0I+PC9GT05UPjwvVEQ+CjxUUj48VEQgQkdDT0xPUj0jRkY2NkZGIEFMSUdOPWNlbnRlcj48VEFCTEUgQkdDT0xPUj0jZmZmZmZmIFdJRFRIPTEwMCUgQ0VMTFBBRERJTkc9NT48VEQ+CgoK44O7UkVTUE/jga7jgq7jgqLjgqrjgqTjg6vjgIFMZU1hbnMgMjDjg6rjg4Pjg4jjg6vjgafjgZnjgIIKPEJSPuODu1JFU1BP44Go44Gv57KY5by+5oCn5r2k5ruR5rWB5L2T44Go5ZG844Gw44KM44KL5rK56Iac44KS54m544Gr5by344GP44GZ44KL44Kq44Kk44Or44Gn44GZ44CC44CM44ON44OQ44Oq44CN44GM5by344GP57O444KS5byV44GPUkVTUE/jgavjgojjgorjg5/jg4Pjgrfjg6fjg7PjgavjgYrjgYTjgabjgoLmpbXjgoHjgabmirXmipfjgYzlsJHjgarjgYTnirbmhYvjgpLlvJXjgY3lh7rjgZfjgb7jgZnjgIIKPEJSPuODu0xlTWFuc+OBr+mBjumFt+OBqumrmOa4qeODu+mrmOiyoOiNt+aZguOBq+OBiuOBhOOBpuOAgeWuieWumuOBl+OBn+apn+aisOW8j0wuUy5ELuOBruWKueOBjeOCkuWun+ePvuOAguODj+OCpOODkeODr+ODvOi7iuOBi+OCieOAgeODrOODvOOCueODu+ODqeODquODvOODu+OCuOODoOOCq+ODvOODiuetieOBruODouODvOOCv+ODvOOCueODneODvOODhOeUqOOCquOCpOODq+OBqOOBl+OBpuOCguacgOmBqeOBp+OBmeOAggoKPEJSPjxGT05UIFNJWkU9Mj4KPEJSPkFQSTpHTC01CjxCUj5TQUU6ODB3LTE0MAo8QlI+44K/44Kk44OXOuWMluWtpuWQiOaIkOayuQo8QlI+CjxCUj48Qj7jg6njgqTjg7PjgqLjg4Pjg5c8L0I+CjxCUj5SUy1UWVBF77yaPEI+Uk1ELTFMTTwvQj4KPEJSPlJTLVRZUEXvvJo8Qj5STUQtMjBMTTwvQj4KPEJSPgo8QlI+PEZPTlQgU0laRT01PjxCPuOCruOCouOCquOCpOODq+mBqeWQiOS4gOimp+ihqDwvRk9OVD48L0I+CjxCUj4KCgo8VEFCTEUgV0lEVEg9NzkwIEJPUkRFUj0xPgo8VFI+CjxURCBST1dTUEFOPTI+PElNRyBTUkM9aHR0cDovL2ltYWdlLnJha3V0ZW4uY28uanAvY3JlZXIvY2FiaW5ldC8wMjMwNTg0Ny9pbWc1ODEyOTE4My5naWY+PC9URD4KPFREIFJPV1NQQU49Mj48Rk9OVCBTSVpFPTI+44Of44OD44K344On44OzIOODu+ODh+ODleS4gOS9k+W8jzwvVEQ+CjxURD48Rk9OVCBTSVpFPTI+5qmf5qKw5byPTC5TLkQuICjjg5fjg6zjg7zjg4jlvI8pPC9URD4KPFREPjxGT05UIFNJWkU9Mj48Qj4KTGUgTWFucwo8QlI+TGUgTWFucyBSUwo8QlI+Ui1UWVBFCjwvVEQ+CjxUUj4KPFREPjxGT05UIFNJWkU9Mj5MLlMuRC7jgarjgZcgLyDjg4jjg6vjgrvjg7Mg44O744OT44K544Kr44K5IEwuUy5ELjwvVEQ+CjxURD48Rk9OVCBTSVpFPTI+PEI+CkxlIE1hbnMKPEJSPkxlIE1hbnMgUlMKPEJSPlJTLVRZUEUKPC9URD4KPFRSPgo8VEQgUk9XU1BBTj0yPjxJTUcgU1JDPWh0dHA6Ly9pbWFnZS5yYWt1dGVuLmNvLmpwL2NyZWVyL2NhYmluZXQvMDIzMDU4NDcvaW1nNTgxMjkxODQuZ2lmPjwvVEQ+CjxURCBST1dTUEFOPTI+PEZPTlQgU0laRT0yPuODn+ODg+OCt+ODp+ODsyDjg7vjg4fjg5XkuIDkvZPlvI88L1REPgo8VEQ+PEZPTlQgU0laRT0yPuapn+aisOW8j0wuUy5ELiAo44OX44Os44O844OI5byPKTwvVEQ+CjxURD48Rk9OVCBTSVpFPTI+PEI+CkxlIE1hbnMKPEJSPkxlIE1hbnMgUlMKPEJSPlItVFlQRQo8L1REPgo8VFI+CjxURD48Rk9OVCBTSVpFPTI+TC5TLkQu44Gq44GXIC8g44OI44Or44K744OzIOODu+ODk+OCueOCq+OCuSBMLlMuRC48L1REPgo8VEQ+PEZPTlQgU0laRT0yPjxCPgpMZSBNYW5zCjxCUj5MZSBNYW5zIFJTCjxCUj5SUy1UWVBFCjwvVEQ+CjwvVFI+CjxUUj4KPFREIFJPV1NQQU49Mz48SU1HIFNSQz1odHRwOi8vaW1hZ2UucmFrdXRlbi5jby5qcC9jcmVlci9jYWJpbmV0LzAyMzA1ODQ3L2ltZzU4MTI5MTg1LmdpZj48L1REPgo8VEQgQ09MU1BBTj0yPjxGT05UIFNJWkU9Mj7jg5/jg4Pjgrfjg6fjg7M8L1REPgo8VEQ+PEZPTlQgU0laRT0yPjxCPgpMZSBNYW5zCjxCUj5MZSBNYW5zIFJTCjxCUj5SLVRZUEUKPEJSPlJTLVRZUEUKPC9URD48L1RSPgo8VFI+CjxURCBST1dTUEFOPTI+PEZPTlQgU0laRT0yPuODquOCouODh+ODlTwvVEQ+CjxURD48Rk9OVCBTSVpFPTI+5qmf5qKw5byPTC5TLkQuICjjg5fjg6zjg7zjg4jlvI8pPC9URD4KPFREPjxGT05UIFNJWkU9Mj48Qj4KTGUgTWFucwo8L1REPjwvVFI+CjxUUj4KPFREPjxGT05UIFNJWkU9Mj5MLlMuRC7jgarjgZcgLyDjg4jjg6vjgrvjg7Mg44O744OT44K544Kr44K5IEwuUy5ELjwvVEQ+CjxURD48Rk9OVCBTSVpFPTI+PEI+ClItVFlQRQo8L1REPjwvVFI+Cgo8VFI+CjxURCBST1dTUEFOPTU+PElNRyBTUkM9aHR0cDovL2ltYWdlLnJha3V0ZW4uY28uanAvY3JlZXIvY2FiaW5ldC8wMjMwNTg0Ny9pbWc1ODEyOTE4Ni5naWY+PC9URD4KPFREIENPTFNQQU49Mj48Rk9OVCBTSVpFPTI+44OI44Op44Oz44K544OV44Kh44O8PC9URD4KPFREPjxGT05UIFNJWkU9Mj48Qj4KTGUgTWFucwo8L1REPjwvVFI+CjxUUj4KPFREIFJPV1NQQU49Mj48Rk9OVCBTSVpFPTI+44Of44OD44K344On44OzIOODu+ODh+ODleS4gOS9k+W8jzwvVEQ+CjxURD48Rk9OVCBTSVpFPTI+5qmf5qKw5byPTC5TLkQuICjjg5fjg6zjg7zjg4jlvI8pPC9URD4KPFREPjxGT05UIFNJWkU9Mj48Qj4KTGUgTWFucwo8QlI+TGUgTWFucyBSUwo8L1REPjwvVFI+CjxUUj4KPFREPjxGT05UIFNJWkU9Mj5MLlMuRC7jgarjgZcgLyDjg4jjg6vjgrvjg7Mg44O744OT44K544Kr44K5IEwuUy5ELjwvVEQ+CjxURD48Rk9OVCBTSVpFPTI+PEI+CkxlIE1hbnMgUlMKPEJSPlItVFlQRQo8L1REPjwvVFI+CjxUUj4KPFREIFJPV1NQQU49Mj48Rk9OVCBTSVpFPTI+44Oq44Ki44OH44OVPC9URD4KPFREPjxGT05UIFNJWkU9Mj7mqZ/morDlvI9MLlMuRC4gKOODl+ODrOODvOODiOW8jyk8L1REPgo8VEQ+PEZPTlQgU0laRT0yPjxCPgpMZSBNYW5zCjwvVEQ+PC9UUj4KPFRSPgo8VEQ+PEZPTlQgU0laRT0yPkwuUy5ELuOBquOBlyAvIOODiOODq+OCu+ODsyDjg7vjg5PjgrnjgqvjgrkgTC5TLkQuPC9URD4KPFREPjxGT05UIFNJWkU9Mj48Qj4KUi1UWVBFCjwvVEQ+PC9UUj4KCgoKPFRSPgo8VEQgUk9XU1BBTj01PjxJTUcgU1JDPWh0dHA6Ly9pbWFnZS5yYWt1dGVuLmNvLmpwL2NyZWVyL2NhYmluZXQvMDIzMDU4NDcvaW1nNTgxMjkxODcuZ2lmPjwvVEQ+CjxURCBDT0xTUEFOPTI+PEZPTlQgU0laRT0yPuODiOODqeODs+OCueODleOCoeODvDwvVEQ+CjxURD48Rk9OVCBTSVpFPTI+PEI+ClJTLVRZUEUKPC9URD48L1RSPgo8VFI+CjxURCBDT0xTUEFOPTI+PEZPTlQgU0laRT0yPuODn+ODg+OCt+ODp+ODszwvVEQ+CjxURD48Rk9OVCBTSVpFPTI+PEI+CkxlIE1hbnMKPEJSPkxlIE1hbnMgUlMKPEJSPlItVFlQRQo8QlI+UlMtVFlQRQo8L1REPjwvVFI+CjxUUj4KPFREIFJPV1NQQU49Mj48Rk9OVCBTSVpFPTI+44OV44Ot44Oz44OI44OH44OVIOODu+ODquOCouODh+ODlTwvVEQ+CjxURD48Rk9OVCBTSVpFPTI+5qmf5qKw5byPTC5TLkQuICjjg5fjg6zjg7zjg4jlvI8pPC9URD4KPFREPjxGT05UIFNJWkU9Mj48Qj4KTGUgTWFucwo8L1REPjwvVFI+CjxUUj4KPFREPjxGT05UIFNJWkU9Mj5MLlMuRC7jgarjgZcgLyDjg4jjg6vjgrvjg7Mg44O744OT44K544Kr44K5IEwuUy5ELjwvVEQ+CjxURD48Rk9OVCBTSVpFPTI+PEI+ClItVFlQRQo8L1REPjwvVFI+Cgo8L1RBQkxFPgoKCjwvVEFCTEU+PC9UUj48L1REPjwvVEQ+PC9UQUJMRT48c3R5bGUgdHlwZT0idGV4dC9jc3MiPgovKuiyt+OBhOeJqeOBi+OBlOOBq+WFpeOCjOOCi+ODnOOCv+ODsyovCiNyYWt1dGVuTGltaXRlZElkX2Fyb3VuZENhcnQgaW5wdXRbdmFsdWU9Iuiyt+OBhOeJqeOBi+OBlOOBq+WFpeOCjOOCiyJdewpiYWNrZ3JvdW5kOiB1cmwoImh0dHA6Ly9pbWFnZS5yYWt1dGVuLmNvLmpwL2NyZWVyL2NhYmluZXQvaXZlbnQvaW1ncmMwMDYzOTQ0MjIwLmpwZyIpIGxlZnQgdG9wIG5vLXJlcGVhdDsKd2lkdGg6MjM1cHg7CmhlaWdodDo1NHB4Owp0ZXh0LWluZGVudDoxMDAlOwp3aGl0ZS1zcGFjZTpub3dyYXA7Cm92ZXJmbG93OmhpZGRlbjsKYm9yZGVyOiBub25lOwpwYWRkaW5nOjA7Cm1hcmdpbi10b3A6NXB4IDA7CmN1cnNvcjpwb2ludGVyOwp9CiNyYWt1dGVuTGltaXRlZElkX2Fyb3VuZENhcnQgdGJvZHkgdHIgdGQgaW5wdXQ6aG92ZXJ7CmFscGhhKG9wYWNpdHk9OCk7Ci1tb3otb3BhY2l0eTowLjg7Cm9wYWNpdHk6MC44OwpjdXJzb3I6cG9pbnRlcjsKfQoKLyrlgIvmlbDlhaXlipso566xKSovCmlucHV0I3VuaXRzIHsKYm9yZGVyOnNvbGlkICNjY2MgMXB4OwpiYWNrZ3JvdW5kOiNmZmYhaW1wb3J0YW50Owp3aWR0aDozNXB4OwpoZWlnaHQ6MzVweDsKY3Vyc29yOmF1dG87CnBhZGRpbmc6N3B4IDdweCA3cHggM3B4OwptYXJnaW4tYm90dG9tOjE3cHg7CmZvbnQtc2l6ZToxN3B4Owpjb2xvcjojMDAwOwp9CgovKiDjgYrmsJfjgavlhaXjgorllYblk4Hlt67jgZfmm7/jgYjjgr/jgrAgKi8KI3Jha3V0ZW5MaW1pdGVkSWRfYXJvdW5kQ2FydCAjc2VydmljZVRhYmxlU21sIHRkLmZhdm9yaXRlIHsKcGFkZGluZy10b3A6IDVweDsKfQojcmFrdXRlbkxpbWl0ZWRJZF9hcm91bmRDYXJ0IGRpdi5ib29rbWFya0FyZWEgZGl2LmJrbSB7CndpZHRoOiAyMDBweCAhaW1wb3J0YW50OwpoZWlnaHQ6MzVweCAhaW1wb3J0YW50OwpwYWRkaW5nOiAwcHggMHB4IDEwcHggMHB4ICFpbXBvcnRhbnQ7Cn0KI3Jha3V0ZW5MaW1pdGVkSWRfYXJvdW5kQ2FydCBkaXYuYm9va21hcmtBcmVhIGRpdi5ia20gYS5hZGRCa20gewp3aWR0aDogMjAwcHggIWltcG9ydGFudDsKaGVpZ2h0OjM1cHggIWltcG9ydGFudDsKfQojcmFrdXRlbkxpbWl0ZWRJZF9hcm91bmRDYXJ0IGRpdi5ib29rbWFya0FyZWEgZGl2LmJrbSBhLmFkZEJrbSBzcGFuLmJrbVN0YXIgewpkaXNwbGF5OiBpbmxpbmUtYmxvY2sgIWltcG9ydGFudDsKd2lkdGg6IDIwMHB4ICFpbXBvcnRhbnQ7CmhlaWdodDozNXB4ICFpbXBvcnRhbnQ7Cm1hcmdpbjowcHggMHB4IDEwcHggMHB4ICFpbXBvcnRhbnQ7CmJhY2tncm91bmQ6IHVybCgiaHR0cDovL2ltYWdlLnJha3V0ZW4uY28uanAvY3JlZXIvY2FiaW5ldC9pdmVudC9pbWdyYzAwNjM5NDQyMzMuanBnIikgbm8tcmVwZWF0ICFpbXBvcnRhbnQ7Cn0KCi8qIOOBiuawl+OBq+WFpeOCiuOCt+ODp+ODg+ODl+W3ruOBl+abv+OBiOOCv+OCsCAqLwpkaXYuYm9va21hcmtBcmVhIHsKd2lkdGg6IDIwMHB4ICFpbXBvcnRhbnQ7Cn0KI3Jha3V0ZW5MaW1pdGVkSWRfYXJvdW5kQ2FydCBkaXYuc2hvcEJvb2ttYXJrQXJlYSBkaXYuc2hvcEJrbSB7CndpZHRoOiAyMDBweCAhaW1wb3J0YW50OwpoZWlnaHQ6MzVweCAhaW1wb3J0YW50OwpwYWRkaW5nOiAwcHggMHB4ICFpbXBvcnRhbnQ7CnBhZGRpbmctbGVmdDogMHB4ICFpbXBvcnRhbnQ7Cn0KI3Jha3V0ZW5MaW1pdGVkSWRfYXJvdW5kQ2FydCBkaXYuc2hvcEJvb2ttYXJrQXJlYSBkaXYuc2hvcEJrbSBhLmFkZFNob3BCa20gc3Bhbi5zaG9wQmttU3RhciB7CmRpc3BsYXk6IGlubGluZS1ibG9jayAhaW1wb3J0YW50Owp3aWR0aDogMjAwcHggIWltcG9ydGFudDsKaGVpZ2h0OjM1cHggIWltcG9ydGFudDsKbWFyZ2luLXJpZ2h0OiAwcHggIWltcG9ydGFudDsKYmFja2dyb3VuZDogdXJsKCJodHRwOi8vaW1hZ2UucmFrdXRlbi5jby5qcC9jcmVlci9jYWJpbmV0L2l2ZW50L2ltZ3JjMDA2Mzk0NDIzNC5qcGciKSBuby1yZXBlYXQgIWltcG9ydGFudDsKfQo8L3N0eWxlPg==,UkVTUE8g44Os44K544OdIOOCruOCouOCquOCpOODqyBSTUQtMjBMTSBMZU1hbnMgMTAwJeWMluWtpuWQiOaIkOODn+ODg+OCt+ODp+ODs+OCquOCpOODqyBTQUU6ODBXLTE0MCBBUEk6R0wtNSDlhoXlrrnph48yMEwg44CQ5qmf5qKw5byPTC5TLkQuIC/jg6zjg7zjgrnlr77lv5zjgq7jgqLjgqrjgqTjg6sh44CR77ya44Kv44Os44O844Or44Kq44Oz44Op44Kk44Oz44K344On44OD44OX,44Kq44O844OH44Kj44Kq44OG44Kv44OL44Kr44Kz44Og44OG44OD44Kv44K744Or44K544K/44O844Om44OU44OG44Or44Kr44O844Kq44O844OH44Kj44Kq6LuK6auY6Kq/44Os44O844OA44O85o6i55+l5qmf44OH44OD44OJ44OL44Oz44KwUkVTUE8g44Os44K544OdIOOCruOCouOCquOCpOODqyBSTUQtMjBMTSBMZU1hbnMgMTAwJeWMluWtpuWQiOaIkOODn+ODg+OCt+ODp+ODs+OCquOCpOODqyBTQUU6ODBXLTE0MCBBUEk6R0wtNSDlhoXlrrnph48yMEwg44CQ5qmf5qKw5byPTC5TLkQuIC/jg6zjg7zjgrnlr77lv5zjgq7jgqLjgqrjgqTjg6sh44CR,44CQ6YCB5paZ54Sh5paZIeOCq+ODvOODiU9LIeOAkeOAglJFU1BPIOODrOOCueODnSDjgq7jgqLjgqrjgqTjg6sgUk1ELTIwTE0gTGVNYW5zIDEwMCXljJblrablkIjmiJDjg5/jg4Pjgrfjg6fjg7PjgqrjgqTjg6sgU0FFOjgwVy0xNDAgQVBJOkdMLTUg5YaF5a656YePMjBMIOOAkOapn+aisOW8j0wuUy5ELiAv44Os44O844K55a++5b+c44Ku44Ki44Kq44Kk44OrIeOAkQ==[rn]
21-63152,aHR0cDovL3RzaG9wLnIxMHMuanAvY3JlZXIvY2FiaW5ldC8wMjMwNTg0Ny9pbWc1ODEyOTYwNi5qcGc/Zml0aW49NzAwOjcwMA==,MzQ3MjAuMDAwMA==,,6LuK55So5ZOB44O744OQ44Kk44Kv55So5ZOBID4g44Kr44O855So5ZOBID4g44Kq44Kk44Or44O75re75Yqg5YmkID4g44Kq44Kk44OrID4g44Ku44Ki44Kq44Kk44Or,UkVTUE8g44Os44K544OdIOOCruOCouOCquOCpOODqyBSTUQtMjBMTVJTIExlTWFucyBSUyAxMDAl5YyW5a2m5ZCI5oiQ44Of44OD44K344On44Oz44Kq44Kk44OrIFNBRTo4MFctMTIwIEFQSTpHTC01IOWGheWuuemHjzIwTCDjgJDmqZ/morDlvI9MLlMuROS4gOS9k+W8j+ODn+ODg+OCt+ODp+ODs+eUqOOCquOCpOODq+OBq+OCguacgOmBqeOBquODouODvOOCv+ODvOOCueODneODvOODhOWvvuW/nOOCruOCouOCquOCpOODqyHjgJE=,44CQ6YCB5paZ54Sh5paZIeOCq+ODvOODiU9LIeOAkQ==,PFRBQkxFIFdJRFRIPTgwMCBDRUxMU1BBQ0lORz0wIENFTExQQURESU5HPTI+CjxUUiBCR0NPTE9SPSNmZmZmZmY+CjxURCBCR0NPTE9SPSNGRjY2RkYgQUxJR049Y2VudGVyIFdJRFRIPTIzJT4KPEZPTlQgQ09MT1I9I2ZmZmZmZj48Qj7llYblk4HoqqzmmI48L0I+PC9GT05UPjwvVEQ+CjxUUj48VEQgQkdDT0xPUj0jRkY2NkZGIEFMSUdOPWNlbnRlcj48VEFCTEUgQkdDT0xPUj0jZmZmZmZmIFdJRFRIPTEwMCUgQ0VMTFBBRERJTkc9NT48VEQ+CgoK44O7UkVTUE/jga7jgq7jgqLjgqrjgqTjg6vjgIFMZU1hbnMgUlMgMjDjg6rjg4Pjg4jjg6vjgafjgZnjgIIKPEJSPuODu1JFU1BP44Go44Gv57KY5by+5oCn5r2k5ruR5rWB5L2T44Go5ZG844Gw44KM44KL5rK56Iac44KS54m544Gr5by344GP44GZ44KL44Kq44Kk44Or44Gn44GZ44CC44CM44ON44OQ44Oq44CN44GM5by344GP57O444KS5byV44GPUkVTUE/jgavjgojjgorjg5/jg4Pjgrfjg6fjg7PjgavjgYrjgYTjgabjgoLmpbXjgoHjgabmirXmipfjgYzlsJHjgarjgYTnirbmhYvjgpLlvJXjgY3lh7rjgZfjgb7jgZnjgIIKPEJSPuODu0xlTWFucyBSU+OBr+ODnuODi+ODpeOCouODq+ODn+ODg+OCt+ODp+ODs+OBq+OBiuOBkeOCi+S9juODleODquOCr+OCt+ODp+ODs+aAp+iDveOBqOOAgeiAkOmrmOa4qeODu+iAkOmrmOiyoOiNt+aAp+iDveOCkuS4oeeri+OAguapn+aisOW8j0wuUy5E5LiA5L2T5byP44Of44OD44K344On44Oz55So44Kq44Kk44Or44Go44GX44Gm44KC5pyA6YGp44Gn44CB44Oi44O844K/44O844K544Od44O844OE44Gr44KC5a++5b+c44GX44G+44GZ44CCCgo8QlI+PEZPTlQgU0laRT0yPgo8QlI+QVBJOkdMLTUKPEJSPlNBRTo4MHctMTIwCjxCUj7jgr/jgqTjg5c65YyW5a2m5ZCI5oiQ5rK5CjxCUj4KPEJSPjxCPuODqeOCpOODs+OCouODg+ODlzwvQj4KPEJSPlJTLVRZUEXvvJo8Qj5STUQtMUxNUlM8L0I+CjxCUj5SUy1UWVBF77yaPEI+Uk1ELTIwTE1SUzwvQj4KPEJSPgo8QlI+PEZPTlQgU0laRT01PjxCPuOCruOCouOCquOCpOODq+mBqeWQiOS4gOimp+ihqDwvRk9OVD48L0I+CjxCUj4KCgo8VEFCTEUgV0lEVEg9NzkwIEJPUkRFUj0xPgo8VFI+CjxURCBST1dTUEFOPTI+PElNRyBTUkM9aHR0cDovL2ltYWdlLnJha3V0ZW4uY28uanAvY3JlZXIvY2FiaW5ldC8wMjMwNTg0Ny9pbWc1ODEyOTE4My5naWY+PC9URD4KPFREIFJPV1NQQU49Mj48Rk9OVCBTSVpFPTI+44Of44OD44K344On44OzIOODu+ODh+ODleS4gOS9k+W8jzwvVEQ+CjxURD48Rk9OVCBTSVpFPTI+5qmf5qKw5byPTC5TLkQuICjjg5fjg6zjg7zjg4jlvI8pPC9URD4KPFREPjxGT05UIFNJWkU9Mj48Qj4KTGUgTWFucwo8QlI+TGUgTWFucyBSUwo8QlI+Ui1UWVBFCjwvVEQ+CjxUUj4KPFREPjxGT05UIFNJWkU9Mj5MLlMuRC7jgarjgZcgLyDjg4jjg6vjgrvjg7Mg44O744OT44K544Kr44K5IEwuUy5ELjwvVEQ+CjxURD48Rk9OVCBTSVpFPTI+PEI+CkxlIE1hbnMKPEJSPkxlIE1hbnMgUlMKPEJSPlJTLVRZUEUKPC9URD4KPFRSPgo8VEQgUk9XU1BBTj0yPjxJTUcgU1JDPWh0dHA6Ly9pbWFnZS5yYWt1dGVuLmNvLmpwL2NyZWVyL2NhYmluZXQvMDIzMDU4NDcvaW1nNTgxMjkxODQuZ2lmPjwvVEQ+CjxURCBST1dTUEFOPTI+PEZPTlQgU0laRT0yPuODn+ODg+OCt+ODp+ODsyDjg7vjg4fjg5XkuIDkvZPlvI88L1REPgo8VEQ+PEZPTlQgU0laRT0yPuapn+aisOW8j0wuUy5ELiAo44OX44Os44O844OI5byPKTwvVEQ+CjxURD48Rk9OVCBTSVpFPTI+PEI+CkxlIE1hbnMKPEJSPkxlIE1hbnMgUlMKPEJSPlItVFlQRQo8L1REPgo8VFI+CjxURD48Rk9OVCBTSVpFPTI+TC5TLkQu44Gq44GXIC8g44OI44Or44K744OzIOODu+ODk+OCueOCq+OCuSBMLlMuRC48L1REPgo8VEQ+PEZPTlQgU0laRT0yPjxCPgpMZSBNYW5zCjxCUj5MZSBNYW5zIFJTCjxCUj5SUy1UWVBFCjwvVEQ+CjwvVFI+CjxUUj4KPFREIFJPV1NQQU49Mz48SU1HIFNSQz1odHRwOi8vaW1hZ2UucmFrdXRlbi5jby5qcC9jcmVlci9jYWJpbmV0LzAyMzA1ODQ3L2ltZzU4MTI5MTg1LmdpZj48L1REPgo8VEQgQ09MU1BBTj0yPjxGT05UIFNJWkU9Mj7jg5/jg4Pjgrfjg6fjg7M8L1REPgo8VEQ+PEZPTlQgU0laRT0yPjxCPgpMZSBNYW5zCjxCUj5MZSBNYW5zIFJTCjxCUj5SLVRZUEUKPEJSPlJTLVRZUEUKPC9URD48L1RSPgo8VFI+CjxURCBST1dTUEFOPTI+PEZPTlQgU0laRT0yPuODquOCouODh+ODlTwvVEQ+CjxURD48Rk9OVCBTSVpFPTI+5qmf5qKw5byPTC5TLkQuICjjg5fjg6zjg7zjg4jlvI8pPC9URD4KPFREPjxGT05UIFNJWkU9Mj48Qj4KTGUgTWFucwo8L1REPjwvVFI+CjxUUj4KPFREPjxGT05UIFNJWkU9Mj5MLlMuRC7jgarjgZcgLyDjg4jjg6vjgrvjg7Mg44O744OT44K544Kr44K5IEwuUy5ELjwvVEQ+CjxURD48Rk9OVCBTSVpFPTI+PEI+ClItVFlQRQo8L1REPjwvVFI+Cgo8VFI+CjxURCBST1dTUEFOPTU+PElNRyBTUkM9aHR0cDovL2ltYWdlLnJha3V0ZW4uY28uanAvY3JlZXIvY2FiaW5ldC8wMjMwNTg0Ny9pbWc1ODEyOTE4Ni5naWY+PC9URD4KPFREIENPTFNQQU49Mj48Rk9OVCBTSVpFPTI+44OI44Op44Oz44K544OV44Kh44O8PC9URD4KPFREPjxGT05UIFNJWkU9Mj48Qj4KTGUgTWFucwo8L1REPjwvVFI+CjxUUj4KPFREIFJPV1NQQU49Mj48Rk9OVCBTSVpFPTI+44Of44OD44K344On44OzIOODu+ODh+ODleS4gOS9k+W8jzwvVEQ+CjxURD48Rk9OVCBTSVpFPTI+5qmf5qKw5byPTC5TLkQuICjjg5fjg6zjg7zjg4jlvI8pPC9URD4KPFREPjxGT05UIFNJWkU9Mj48Qj4KTGUgTWFucwo8QlI+TGUgTWFucyBSUwo8L1REPjwvVFI+CjxUUj4KPFREPjxGT05UIFNJWkU9Mj5MLlMuRC7jgarjgZcgLyDjg4jjg6vjgrvjg7Mg44O744OT44K544Kr44K5IEwuUy5ELjwvVEQ+CjxURD48Rk9OVCBTSVpFPTI+PEI+CkxlIE1hbnMgUlMKPEJSPlItVFlQRQo8L1REPjwvVFI+CjxUUj4KPFREIFJPV1NQQU49Mj48Rk9OVCBTSVpFPTI+44Oq44Ki44OH44OVPC9URD4KPFREPjxGT05UIFNJWkU9Mj7mqZ/morDlvI9MLlMuRC4gKOODl+ODrOODvOODiOW8jyk8L1REPgo8VEQ+PEZPTlQgU0laRT0yPjxCPgpMZSBNYW5zCjwvVEQ+PC9UUj4KPFRSPgo8VEQ+PEZPTlQgU0laRT0yPkwuUy5ELuOBquOBlyAvIOODiOODq+OCu+ODsyDjg7vjg5PjgrnjgqvjgrkgTC5TLkQuPC9URD4KPFREPjxGT05UIFNJWkU9Mj48Qj4KUi1UWVBFCjwvVEQ+PC9UUj4KCgoKPFRSPgo8VEQgUk9XU1BBTj01PjxJTUcgU1JDPWh0dHA6Ly9pbWFnZS5yYWt1dGVuLmNvLmpwL2NyZWVyL2NhYmluZXQvMDIzMDU4NDcvaW1nNTgxMjkxODcuZ2lmPjwvVEQ+CjxURCBDT0xTUEFOPTI+PEZPTlQgU0laRT0yPuODiOODqeODs+OCueODleOCoeODvDwvVEQ+CjxURD48Rk9OVCBTSVpFPTI+PEI+ClJTLVRZUEUKPC9URD48L1RSPgo8VFI+CjxURCBDT0xTUEFOPTI+PEZPTlQgU0laRT0yPuODn+ODg+OCt+ODp+ODszwvVEQ+CjxURD48Rk9OVCBTSVpFPTI+PEI+CkxlIE1hbnMKPEJSPkxlIE1hbnMgUlMKPEJSPlItVFlQRQo8QlI+UlMtVFlQRQo8L1REPjwvVFI+CjxUUj4KPFREIFJPV1NQQU49Mj48Rk9OVCBTSVpFPTI+44OV44Ot44Oz44OI44OH44OVIOODu+ODquOCouODh+ODlTwvVEQ+CjxURD48Rk9OVCBTSVpFPTI+5qmf5qKw5byPTC5TLkQuICjjg5fjg6zjg7zjg4jlvI8pPC9URD4KPFREPjxGT05UIFNJWkU9Mj48Qj4KTGUgTWFucwo8L1REPjwvVFI+CjxUUj4KPFREPjxGT05UIFNJWkU9Mj5MLlMuRC7jgarjgZcgLyDjg4jjg6vjgrvjg7Mg44O744OT44K544Kr44K5IEwuUy5ELjwvVEQ+CjxURD48Rk9OVCBTSVpFPTI+PEI+ClItVFlQRQo8L1REPjwvVFI+Cgo8L1RBQkxFPgoKCjwvVEFCTEU+PC9UUj48L1REPjwvVEQ+PC9UQUJMRT48c3R5bGUgdHlwZT0idGV4dC9jc3MiPgovKuiyt+OBhOeJqeOBi+OBlOOBq+WFpeOCjOOCi+ODnOOCv+ODsyovCiNyYWt1dGVuTGltaXRlZElkX2Fyb3VuZENhcnQgaW5wdXRbdmFsdWU9Iuiyt+OBhOeJqeOBi+OBlOOBq+WFpeOCjOOCiyJdewpiYWNrZ3JvdW5kOiB1cmwoImh0dHA6Ly9pbWFnZS5yYWt1dGVuLmNvLmpwL2NyZWVyL2NhYmluZXQvaXZlbnQvaW1ncmMwMDYzOTQ0MjIwLmpwZyIpIGxlZnQgdG9wIG5vLXJlcGVhdDsKd2lkdGg6MjM1cHg7CmhlaWdodDo1NHB4Owp0ZXh0LWluZGVudDoxMDAlOwp3aGl0ZS1zcGFjZTpub3dyYXA7Cm92ZXJmbG93OmhpZGRlbjsKYm9yZGVyOiBub25lOwpwYWRkaW5nOjA7Cm1hcmdpbi10b3A6NXB4IDA7CmN1cnNvcjpwb2ludGVyOwp9CiNyYWt1dGVuTGltaXRlZElkX2Fyb3VuZENhcnQgdGJvZHkgdHIgdGQgaW5wdXQ6aG92ZXJ7CmFscGhhKG9wYWNpdHk9OCk7Ci1tb3otb3BhY2l0eTowLjg7Cm9wYWNpdHk6MC44OwpjdXJzb3I6cG9pbnRlcjsKfQoKLyrlgIvmlbDlhaXlipso566xKSovCmlucHV0I3VuaXRzIHsKYm9yZGVyOnNvbGlkICNjY2MgMXB4OwpiYWNrZ3JvdW5kOiNmZmYhaW1wb3J0YW50Owp3aWR0aDozNXB4OwpoZWlnaHQ6MzVweDsKY3Vyc29yOmF1dG87CnBhZGRpbmc6N3B4IDdweCA3cHggM3B4OwptYXJnaW4tYm90dG9tOjE3cHg7CmZvbnQtc2l6ZToxN3B4Owpjb2xvcjojMDAwOwp9CgovKiDjgYrmsJfjgavlhaXjgorllYblk4Hlt67jgZfmm7/jgYjjgr/jgrAgKi8KI3Jha3V0ZW5MaW1pdGVkSWRfYXJvdW5kQ2FydCAjc2VydmljZVRhYmxlU21sIHRkLmZhdm9yaXRlIHsKcGFkZGluZy10b3A6IDVweDsKfQojcmFrdXRlbkxpbWl0ZWRJZF9hcm91bmRDYXJ0IGRpdi5ib29rbWFya0FyZWEgZGl2LmJrbSB7CndpZHRoOiAyMDBweCAhaW1wb3J0YW50OwpoZWlnaHQ6MzVweCAhaW1wb3J0YW50OwpwYWRkaW5nOiAwcHggMHB4IDEwcHggMHB4ICFpbXBvcnRhbnQ7Cn0KI3Jha3V0ZW5MaW1pdGVkSWRfYXJvdW5kQ2FydCBkaXYuYm9va21hcmtBcmVhIGRpdi5ia20gYS5hZGRCa20gewp3aWR0aDogMjAwcHggIWltcG9ydGFudDsKaGVpZ2h0OjM1cHggIWltcG9ydGFudDsKfQojcmFrdXRlbkxpbWl0ZWRJZF9hcm91bmRDYXJ0IGRpdi5ib29rbWFya0FyZWEgZGl2LmJrbSBhLmFkZEJrbSBzcGFuLmJrbVN0YXIgewpkaXNwbGF5OiBpbmxpbmUtYmxvY2sgIWltcG9ydGFudDsKd2lkdGg6IDIwMHB4ICFpbXBvcnRhbnQ7CmhlaWdodDozNXB4ICFpbXBvcnRhbnQ7Cm1hcmdpbjowcHggMHB4IDEwcHggMHB4ICFpbXBvcnRhbnQ7CmJhY2tncm91bmQ6IHVybCgiaHR0cDovL2ltYWdlLnJha3V0ZW4uY28uanAvY3JlZXIvY2FiaW5ldC9pdmVudC9pbWdyYzAwNjM5NDQyMzMuanBnIikgbm8tcmVwZWF0ICFpbXBvcnRhbnQ7Cn0KCi8qIOOBiuawl+OBq+WFpeOCiuOCt+ODp+ODg+ODl+W3ruOBl+abv+OBiOOCv+OCsCAqLwpkaXYuYm9va21hcmtBcmVhIHsKd2lkdGg6IDIwMHB4ICFpbXBvcnRhbnQ7Cn0KI3Jha3V0ZW5MaW1pdGVkSWRfYXJvdW5kQ2FydCBkaXYuc2hvcEJvb2ttYXJrQXJlYSBkaXYuc2hvcEJrbSB7CndpZHRoOiAyMDBweCAhaW1wb3J0YW50OwpoZWlnaHQ6MzVweCAhaW1wb3J0YW50OwpwYWRkaW5nOiAwcHggMHB4ICFpbXBvcnRhbnQ7CnBhZGRpbmctbGVmdDogMHB4ICFpbXBvcnRhbnQ7Cn0KI3Jha3V0ZW5MaW1pdGVkSWRfYXJvdW5kQ2FydCBkaXYuc2hvcEJvb2ttYXJrQXJlYSBkaXYuc2hvcEJrbSBhLmFkZFNob3BCa20gc3Bhbi5zaG9wQmttU3RhciB7CmRpc3BsYXk6IGlubGluZS1ibG9jayAhaW1wb3J0YW50Owp3aWR0aDogMjAwcHggIWltcG9ydGFudDsKaGVpZ2h0OjM1cHggIWltcG9ydGFudDsKbWFyZ2luLXJpZ2h0OiAwcHggIWltcG9ydGFudDsKYmFja2dyb3VuZDogdXJsKCJodHRwOi8vaW1hZ2UucmFrdXRlbi5jby5qcC9jcmVlci9jYWJpbmV0L2l2ZW50L2ltZ3JjMDA2Mzk0NDIzNC5qcGciKSBuby1yZXBlYXQgIWltcG9ydGFudDsKfQo8L3N0eWxlPg==,UkVTUE8g44Os44K544OdIOOCruOCouOCquOCpOODqyBSTUQtMjBMTVJTIExlTWFucyBSUyAxMDAl5YyW5a2m5ZCI5oiQ44Of44OD44K344On44Oz44Kq44Kk44OrIFNBRTo4MFctMTIwIEFQSTpHTC01IOWGheWuuemHjzIwTCDjgJDmqZ/morDlvI9MLlMuROS4gOS9k+W8j+ODn+ODg+OCt+ODp+ODs+eUqOOCquOCpOODq+OBq+OCguacgOmBqeOBquODouODvOOCv+ODvOOCueODneODvOODhOWvvuW/nOOCruOCouOCquOCpOODqyHjgJHvvJrjgq/jg6zjg7zjg6vjgqrjg7Pjg6njgqTjg7Pjgrfjg6fjg4Pjg5c=,44Kq44O844OH44Kj44Kq44OG44Kv44OL44Kr44Kz44Og44OG44OD44Kv44K744Or44K544K/44O844Om44OU44OG44Or44Kr44O844Kq44O844OH44Kj44Kq6LuK6auY6Kq/44Os44O844OA44O85o6i55+l5qmf44OH44OD44OJ44OL44Oz44KwUkVTUE8g44Os44K544OdIOOCruOCouOCquOCpOODqyBSTUQtMjBMTVJTIExlTWFucyBSUyAxMDAl5YyW5a2m5ZCI5oiQ44Of44OD44K344On44Oz44Kq44Kk44OrIFNBRTo4MFctMTIwIEFQSTpHTC01IOWGheWuuemHjzIwTCDjgJDmqZ/morDlvI9MLlMuROS4gOS9k+W8j+ODn+ODg+OCt+ODp+ODs+eUqOOCquOCpOODq+OBq+OCguacgOmBqeOBquODouODvOOCv+ODvOOCueODneODvOODhOWvvuW/nOOCruOCouOCquOCpOODqyHjgJE=,44CQ6YCB5paZ54Sh5paZIeOCq+ODvOODiU9LIeOAkeOAglJFU1BPIOODrOOCueODnSDjgq7jgqLjgqrjgqTjg6sgUk1ELTIwTE1SUyBMZU1hbnMgUlMgMTAwJeWMluWtpuWQiOaIkOODn+ODg+OCt+ODp+ODs+OCquOCpOODqyBTQUU6ODBXLTEyMCBBUEk6R0wtNSDlhoXlrrnph48yMEwg44CQ5qmf5qKw5byPTC5TLkTkuIDkvZPlvI/jg5/jg4Pjgrfjg6fjg7PnlKjjgqrjgqTjg6vjgavjgoLmnIDpganjgarjg6Ljg7zjgr/jg7zjgrnjg53jg7zjg4Tlr77lv5zjgq7jgqLjgqrjgqTjg6sh44CR[rn]
21-63153,aHR0cDovL3RzaG9wLnIxMHMuanAvbW9yaXNhbi9jYWJpbmV0L3BlbnpvaWwvaW1ncmMwMDY4NDQ4NTI0LmpwZz9maXRpbj03MDA6NzAw,MjAyNC4wMDAw,,6LuK55So5ZOB44O744OQ44Kk44Kv55So5ZOBID4g44Kr44O855So5ZOBID4g44Kq44Kk44Or44O75re75Yqg5YmkID4g44Kq44Kk44OrID4g44Ku44Ki44Kq44Kk44Or,UEVOTlpPSUzvvIjjg5rjg7Pjgr7jgqTjg6vvvInjgIDjgq7jgqLjg5fjg6njgrkg44Ku44Ok44Kq44Kk44Or44CAODBXLTkw44CA44Ku44Ok44O844Kq44Kk44Or77yIOTQ2bWzvvInjgIDjgJDjgYLjgZnmpb3lr77lv5zjgJE=,44CQ5Zyo5bqr44GC44KK44CR,PGRpdiBhbGlnbj0gY2VudGVyID4KICA8Y2VudGVyPgogIDx0YWJsZSBib3JkZXI9IDEgIHdpZHRoPSA2MDAgIGJvcmRlcmNvbG9yPSAjMTExMTExICBzdHlsZT0gYm9yZGVyLWNvbGxhcHNlOiBjb2xsYXBzZSAgY2VsbHBhZGRpbmc9IDAgIGNlbGxzcGFjaW5nPSAwID4KICAgIDx0cj4KICAgICAgPHRkIHdpZHRoPSAxMDAlID4KICAgICAgICAgPHAgc3R5bGU9Im1hcmdpbi10b3A6IDA7IG1hcmdpbi1ib3R0b206IDAiPjxmb250IHNpemU9IjIiPgogICAgICAgICDjg5rjg7Pjgr7jgqTjg6vjg7vjgq7jgqLjg5fjg6njgrnjga/jgIHkuZfnlKjou4rjgIHjg5DjgrnjgIHjg4jjg6njg4Pjgq/jgIHjgrnjg53jg7zjg4Tku5Xmp5jou4rjga5MU0TjgafnmbrnlJ/jgZfjgYzjgaHjgaomIzgxOTQ7JnF1b3Q744OB44Oj44K/6Z+zJnF1b3Q7JiM4MTk0O+OCkuaKkeOBiOOAgemrmOmAn+mrmOiNt+mHjeOAgeWkp+ODiOODq+OCr+OAgemrmOa4qeS4i+OBp+S9v+eUqOOBleOCjOOCi+OCruOCouODpuODi+ODg+ODiOOCkuS9jua4qemgmOWfn+OBi+OCiemrmOa4qemgmOWfn+OBvuOBp+OBruW6g+evhOWbsuOBq+OCj+OBn+OCiuWuiOOCiuOBvuOBmeOAgjxicj4KICAgICAgICAgPGJyPgogICAgICAgICDnkrDlooPpganlkIjlnovmlrDoqK3oqIjmpbXlnKfliaTjga7phY3lkIjjgafjgIHlhKrjgozjgZ/nhLzjgY3ku5jjgY3pmLLmraLmgKfjgIHohZDpo5/mkanogJfpmLLmraLmgKfjgIHphbjljJbpmLLmraLmgKfjgpLnmbrmj67jgZfjgIHnnIHnh4PosrvnibnmgKfjgpLlhbfjgYjjgZ/jg57jg6vjg4HjgrDjg6zjg7zjg4njgIHjgqrjg7zjg6vjgrfjg7zjgrrjg7PjgIHjg47jg7Pjgrnjg6rjg4Pjg5fjg4fjg5Xjgr/jgqTjg5fjga7jgq7jgqLjgqrjgqTjg6vjgafjgZnjgII8YnI+CiAgICAgICAgIDxicj4KICAgICAgICAgPGJyPgogICAgICAgICBHZWFycGx1cyBHZWFyIE9pbHM8YnI+CiAgICAgICAgIDxicj4KICAgICAgICAgPGJyPgogICAgICAgICDpganlkIjopo/moLzvvJpBUEkgR0wtNTxicj4KICAgICAgICAgPGJyPgogICAgICAgICDnspgg5bqm77yaU0FFIDgwVy05MDxicj4KICAgICAgICAgPGJyPgogICAgICAgICDlrrnph4/vvJox44Kv44Kp44O844OI77yIOTQ2bWzvvIk8QlI+CiAgICAgICAgIDxCUj4KICAgICAgICAgPEJSPgogICAgICAgICA8L2ZvbnQ+CiAgICAgICAgIDxiPjxmb250IGNvbG9yPSAjODAwMDAwICBzaXplPSAyID7jgJDliKXlo7LjgJE8L2ZvbnQ+PC9iPjxmb250IHNpemU9IjIiPjxCUj4KICAgICAgICAgPGltZyBzcmM9IGh0dHA6Ly9pbWFnZS5yYWt1dGVuLmNvLmpwL21vcmlzYW4vY2FiaW5ldC9pbWczNjIwMTgxMy5naWYgIGJvcmRlcj0gMCAgd2lkdGg9IDcgIGhlaWdodD0gOSA+44Kq44Kk44Or6Zai6YCj5bCP54mpPC9mb250PjwvcD4KICAgICAgICAgPHAgc3R5bGU9Im1hcmdpbi10b3A6IDA7IG1hcmdpbi1ib3R0b206IDAiPuOAgDwvdGQ+CiAgICA8L3RyPgogIDwvdGFibGU+CiAgPC9jZW50ZXI+CjwvZGl2PjxwPuOAgDwvcD4KPGRpdiBhbGlnbj0iY2VudGVyIj4KICA8Y2VudGVyPgo8dGFibGUgYm9yZGVyPSIwIiBjZWxscGFkZGluZz0iMCIgY2VsbHNwYWNpbmc9IjAiIHN0eWxlPSJib3JkZXItY29sbGFwc2U6IGNvbGxhcHNlIiBib3JkZXJjb2xvcj0iIzExMTExMSIgd2lkdGg9IjY1MCI+CiAgPHRyPgogICAgPHRkIHdpZHRoPSIxMDAlIiBoZWlnaHQ9IjMwIj4KICAgIDxwIGFsaWduPSJjZW50ZXIiPgo8aW1nIGJvcmRlcj0iMCIgc3JjPSJodHRwOi8vaW1hZ2UucmFrdXRlbi5jby5qcC9tb3Jpc2FuL2NhYmluZXQvdG9wL2ltZzM5NjI4MDQyLmdpZiIgd2lkdGg9IjYwMCIgaGVpZ2h0PSIxMCI+PC90ZD4KICA8L3RyPgogIDwvdGFibGU+CgogIDwvY2VudGVyPgo8L2Rpdj4KPHA+44CAPC9wPg==,UEVOTlpPSUzvvIjjg5rjg7Pjgr7jgqTjg6vvvInjgIDjgq7jgqLjg5fjg6njgrkg44Ku44Ok44Kq44Kk44Or44CAODBXLTkw44CA44Ku44Ok44O844Kq44Kk44Or77yIOTQ2bWzvvInjgIDjgJDjgYLjgZnmpb3lr77lv5zjgJHvvJrmo67jga7kuK3jga7jgqrjg7zjg4fjgqPjgqrlsYvjgZXjgpM=,44OH44OD44OJ44OL44Oz44Kw44Ki44Oh44Oq44Kr6ZuR6LKo44K544OU44O844Kr44O844Km44O844OV44Kh44O844Ko44Ki44Ot44Ov44Kk44OR44O844Kr44O844Kq44O844OH44Kj44Kq44Ov44Kz44O844K6V0FLTydT44Oq44Ki44OT44K444On44Oz44OV44Oq44OD44OX44OA44Km44Oz44Oi44OL44K/44O85Yi25oyv44K344O844OI6Ziy6Z+z44K344O844OI44Kv44Oq44K544K/44Or44Ks44Kk44K244O844Kz44Kr44Kz44O844Op44OG44Kj44OD44K344Ol44Ki44Oh6ZuR6LKo5Lqs6YO944Kk44Oz44OK44O844OQ44OD44OV44Or44Ko44Oz44K444Oz44Kq44Kk44Or5qOu44Gu5Lit44Gu44Kq44O844OH44Kj44Kq5bGL44GV44KTUEVOTlpPSUzvvIjjg5rjg7Pjgr7jgqTjg6vvvInjgIDjgq7jgqLjg5fjg6njgrkg44Ku44Ok44Kq44Kk44Or44CAODBXLTkw44CA44Ku44Ok44O844Kq44Kk44Or77yIOTQ2bWzvvInjgIDjgJDjgYLjgZnmpb3lr77lv5zjgJE=,44CQ5Zyo5bqr44GC44KK44CR44CCUEVOTlpPSUzvvIjjg5rjg7Pjgr7jgqTjg6vvvInjgIDjgq7jgqLjg5fjg6njgrkg44Ku44Ok44Kq44Kk44Or44CAODBXLTkw44CA44Ku44Ok44O844Kq44Kk44Or77yIOTQ2bWzvvInjgIDjgJDjgYLjgZnmpb3lr77lv5zjgJE=[rn]
21-63154,aHR0cDovL3RzaG9wLnIxMHMuanAvbW9yaXNhbi9jYWJpbmV0L21vbm8vaW1nNjU3NzUyNzYuanBnP2ZpdGluPTcwMDo3MDA=,MjcwMDAuMDAwMA==,,6LuK55So5ZOB44O744OQ44Kk44Kv55So5ZOBID4g44Kr44O855So5ZOBID4g44Kq44Kk44Or44O75re75Yqg5YmkID4g44Kq44Kk44OrID4g44Ku44Ki44Kq44Kk44Or,Q2FzdHJvbO+8iOOCq+OCueODiOODreODvOODq++8ieOAgFVuaXZlcnNhbOOAgDc1Vy05MOOAgOODnuODi+ODpeOCouODq+ODiOODqeODs+OCueODn+ODg+OCt+ODp+ODsyBGRui7iuODiOODqeODs+OCueOCouOCr+OCueODq+WFvOeUqOOCquOCpOODqyDjgq7jgqLjgqrjgqTjg6vvvIgyMEzvvIk=,44CQ5qW95aSp44Kr44O844OJ5rG65riI44Gq44KJ44Od44Kk44Oz44OIVVAhIeOAkQ==,PGZvbnQgY29sb3I9ICNmZjAwMDAgIHNpemU9IDIgPjxiPuOAkDIw44Oq44OD44K/44O857y244KS44GK6LK344GE5rGC44KB44Gu5pa544G444CRPC9iPjwvZm9udD48QlI+CiA8Zm9udCBzaXplPSAyID4yMOODquODg+OCv+ODvOe8tuOCkuOBlOizvOWFpeOBruWgtOWQiOOAgeWQjOaiseeZuumAgeOBjOWHuuadpeOBvuOBm+OCk+OAgjwvZm9udD48QlI+CiA8Zm9udCBzaXplPSAyID4x57y244GnMeODtuWPo+OBrumAgeaWmeOCkumgguOBjeOBvuOBmeOAguOBlOS6huaJv+S4i+OBleOBhOOAgjwvZm9udD48QlI+Cgo8cD7jgIA8QlI+CgoKPGRpdiBhbGlnbj0gY2VudGVyID4KICA8Y2VudGVyPgogIDx0YWJsZSBib3JkZXI9IDEgIHdpZHRoPSA2MDAgIGJvcmRlcmNvbG9yPSAjMTExMTExIHN0eWxlPSJib3JkZXItY29sbGFwc2U6IGNvbGxhcHNlIiBjZWxscGFkZGluZz0iMCIgY2VsbHNwYWNpbmc9IjAiID4KICAgIDx0cj4KICAgICAgPHRkIHdpZHRoPSAxMDAlID4KICAgICAgICA8Zm9udCBzaXplPSIyIj7jg57jg4vjg6XjgqLjg6vjg4jjg6njg7Pjgrnjg5/jg4Pjgrfjg6fjg7NGRui7iuODiOODqeODs+OCueOCouOCr+OCueODq+WFvOeUqOOCquOCpOODqzxicj4KICAgICAgICA8YnI+CiAgICAgICAg6ICQ5pGp6ICX5oCn54ax5oCn44GM6Imv44GP44CB44Ku44Ok44O844KS44GX44Gj44GL44KK44Go5L+d6K2344GX44G+44GZ44CCPGJyPgogICAgICAgIDxicj4KICAgICAgICDljZPotorjgZfjgZ/jgrfjg7Pjgq/jg63nibnmgKfjgavjgojjgorjgrnjg6Djg7zjgrrjgarjgq7jg6Tjg7zjg4Hjgqfjg7PjgrjjgpLlrp/nj77jgZfjgb7jgZnjgII8YnI+CiAgICAgICAgPGJyPgogICAgICAgIOmDqOWIhuWQiOaIkOayueOBruaOoeeUqOOBq+OCiOOCiumrmOa4qeaZguOBruWuieWumuaAp+OBq+WEquOCjOOBpuOBhOOBvuOBmeOAgiA8YnI+CiAgICAgICAgPGJyPgogICAgICAgIDxicj4KICAgICAgICDil4/nlKjpgJTvvJog44Oe44OL44Ol44Ki44Or44OI44Op44Oz44K544Of44OD44K344On44Oz55So44O7Rkbou4rjg4jjg6njg7PjgrnjgqLjgq/jgrnjg6vnlKggPGJyPgogICAgICAgIDxicj4KICAgICAgICDil4/ljbHpmbrnrYnntJrvvJogSUlJIDxicj4KICAgICAgICA8YnI+CiAgICAgICAg4peP5Y2x6Zm654mp44Gu56iu5Yil77yaIOesrOWbm+mhniA8YnI+CiAgICAgICAgPGJyPgogICAgICAgIOKXj+WNsemZuueJqeOBruWTgeWQje+8miDnrKw055+z5rK56aGeIDxicj4KICAgICAgICA8YnI+CiAgICAgICAg4peP5Y2x6Zm654mp44Gu5ZCr5pyJ6YeP77yaIDIwTCA8YnI+CiAgICAgICAgPGJyPgogICAgICAgIOKXj0FQSe+8miBHTC0z44CBR0wtNOOAgUdMLTUgPGJyPgogICAgICAgIDxicj4KICAgICAgICDil4/jg5njg7zjgrnjgqrjgqTjg6vvvJog6YOo5YiG5ZCI5oiQ5rK5IDxicj4KICAgICAgICA8YnI+CiAgICAgICAg4peP5Y2x6Zm654mp44Gu5oCn6LOq77yaIOmdnuawtOa6tuaApzwvZm9udD48L3RkPgogICAgPC90cj4KICA8L3RhYmxlPgogIDwvY2VudGVyPgo8L2Rpdj48cD7jgIA8L3A+CjxkaXYgYWxpZ249ImNlbnRlciI+CiAgPGNlbnRlcj4KPHRhYmxlIGJvcmRlcj0iMCIgY2VsbHBhZGRpbmc9IjAiIGNlbGxzcGFjaW5nPSIwIiBzdHlsZT0iYm9yZGVyLWNvbGxhcHNlOiBjb2xsYXBzZSIgYm9yZGVyY29sb3I9IiMxMTExMTEiIHdpZHRoPSI2NTAiPgogIDx0cj4KICAgIDx0ZCB3aWR0aD0iMTAwJSIgaGVpZ2h0PSIzMCI+CiAgICA8cCBhbGlnbj0iY2VudGVyIj4KPGltZyBib3JkZXI9IjAiIHNyYz0iaHR0cDovL2ltYWdlLnJha3V0ZW4uY28uanAvbW9yaXNhbi9jYWJpbmV0L3RvcC9pbWczOTYyODA0Mi5naWYiIHdpZHRoPSI2MDAiIGhlaWdodD0iMTAiPjwvdGQ+CiAgPC90cj4KICA8L3RhYmxlPgoKICA8L2NlbnRlcj4KPC9kaXY+CjxwPuOAgDwvcD4=,Q2FzdHJvbO+8iOOCq+OCueODiOODreODvOODq++8ieOAgFVuaXZlcnNhbOOAgDc1Vy05MOOAgOODnuODi+ODpeOCouODq+ODiOODqeODs+OCueODn+ODg+OCt+ODp+ODsyBGRui7iuODiOODqeODs+OCueOCouOCr+OCueODq+WFvOeUqOOCquOCpOODqyDjgq7jgqLjgqrjgqTjg6vvvIgyMEzvvInvvJrmo67jga7kuK3jga7jgqrjg7zjg4fjgqPjgqrlsYvjgZXjgpM=,44OH44OD44OJ44OL44Oz44Kw44Ki44Oh44Oq44Kr6ZuR6LKo44K544OU44O844Kr44O844Km44O844OV44Kh44O844Ko44Ki44Ot44Ov44Kk44OR44O844Kr44O844Kq44O844OH44Kj44Kq44Ov44Kz44O844K6V0FLTydT44Oq44Ki44OT44K444On44Oz44OV44Oq44OD44OX44OA44Km44Oz44Oi44OL44K/44O85Yi25oyv44K344O844OI6Ziy6Z+z44K344O844OI44Kv44Oq44K544K/44Or44Ks44Kk44K244O844Kz44Kr44Kz44O844Op44OG44Kj44OD44K344Ol44Ki44Oh6ZuR6LKo5Lqs6YO944Kk44Oz44OK44O844OQ44OD44OV44Or44Ko44Oz44K444Oz44Kq44Kk44Or5qOu44Gu5Lit44Gu44Kq44O844OH44Kj44Kq5bGL44GV44KTQ2FzdHJvbO+8iOOCq+OCueODiOODreODvOODq++8ieOAgFVuaXZlcnNhbOOAgDc1Vy05MOOAgOODnuODi+ODpeOCouODq+ODiOODqeODs+OCueODn+ODg+OCt+ODp+ODsyBGRui7iuODiOODqeODs+OCueOCouOCr+OCueODq+WFvOeUqOOCquOCpOODqyDjgq7jgqLjgqrjgqTjg6vvvIgyMEzvvIk=,44CQ5qW95aSp44Kr44O844OJ5rG65riI44Gq44KJ44Od44Kk44Oz44OIVVAhIeOAkeOAgkNhc3Ryb2zvvIjjgqvjgrnjg4jjg63jg7zjg6vvvInjgIBVbml2ZXJzYWzjgIA3NVctOTDjgIDjg57jg4vjg6XjgqLjg6vjg4jjg6njg7Pjgrnjg5/jg4Pjgrfjg6fjg7MgRkbou4rjg4jjg6njg7PjgrnjgqLjgq/jgrnjg6vlhbznlKjjgqrjgqTjg6sg44Ku44Ki44Kq44Kk44Or77yIMjBM77yJ[rn]
21-63155,aHR0cDovL3RzaG9wLnIxMHMuanAvbW9yaXNhbi9jYWJpbmV0L21vbm8vaW1nNjU3NzUyODIuanBnP2ZpdGluPTcwMDo3MDA=,MTYwMC4wMDAw,,6LuK55So5ZOB44O744OQ44Kk44Kv55So5ZOBID4g44Kr44O855So5ZOBID4g44Kq44Kk44Or44O75re75Yqg5YmkID4g44Kq44Kk44OrID4g44Ku44Ki44Kq44Kk44Or,Q2FzdHJvbO+8iOOCq+OCueODiOODreODvOODq++8ieOAgFVuaXZlcnNhbOOAgDc1Vy05MOOAgOODnuODi+ODpeOCouODq+ODiOODqeODs+OCueODn+ODg+OCt+ODp+ODsyBGRui7iuODiOODqeODs+OCueOCouOCr+OCueODq+WFvOeUqOOCquOCpOODqyDjgq7jgqLjgqrjgqTjg6vvvIgxTO+8iQ==,44CQ5qW95aSp44Kr44O844OJ5rG65riI44Gq44KJ44Od44Kk44Oz44OIVVAhIeOAkQ==,PGRpdiBhbGlnbj0gY2VudGVyID4KICA8Y2VudGVyPgogIDx0YWJsZSBib3JkZXI9IDEgIHdpZHRoPSA2MDAgIGJvcmRlcmNvbG9yPSAjMTExMTExIHN0eWxlPSJib3JkZXItY29sbGFwc2U6IGNvbGxhcHNlIiBjZWxscGFkZGluZz0iMCIgY2VsbHNwYWNpbmc9IjAiID4KICAgIDx0cj4KICAgICAgPHRkIHdpZHRoPSAxMDAlID4KICAgICAgICA8Zm9udCBzaXplPSIyIj7jg57jg4vjg6XjgqLjg6vjg4jjg6njg7Pjgrnjg5/jg4Pjgrfjg6fjg7NGRui7iuODiOODqeODs+OCueOCouOCr+OCueODq+WFvOeUqOOCquOCpOODqzxicj4KICAgICAgICA8YnI+CiAgICAgICAg6ICQ5pGp6ICX5oCn54ax5oCn44GM6Imv44GP44CB44Ku44Ok44O844KS44GX44Gj44GL44KK44Go5L+d6K2344GX44G+44GZ44CCPGJyPgogICAgICAgIDxicj4KICAgICAgICDljZPotorjgZfjgZ/jgrfjg7Pjgq/jg63nibnmgKfjgavjgojjgorjgrnjg6Djg7zjgrrjgarjgq7jg6Tjg7zjg4Hjgqfjg7PjgrjjgpLlrp/nj77jgZfjgb7jgZnjgII8YnI+CiAgICAgICAgPGJyPgogICAgICAgIOmDqOWIhuWQiOaIkOayueOBruaOoeeUqOOBq+OCiOOCiumrmOa4qeaZguOBruWuieWumuaAp+OBq+WEquOCjOOBpuOBhOOBvuOBmeOAgiA8YnI+CiAgICAgICAgPGJyPgogICAgICAgIDxicj4KICAgICAgICDil4/nlKjpgJTvvJog44Oe44OL44Ol44Ki44Or44OI44Op44Oz44K544Of44OD44K344On44Oz55So44O7Rkbou4rjg4jjg6njg7PjgrnjgqLjgq/jgrnjg6vnlKggPGJyPgogICAgICAgIDxicj4KICAgICAgICDil4/ljbHpmbrnrYnntJrvvJogSUlJIDxicj4KICAgICAgICA8YnI+CiAgICAgICAg4peP5Y2x6Zm654mp44Gu56iu5Yil77yaIOesrOWbm+mhniA8YnI+CiAgICAgICAgPGJyPgogICAgICAgIOKXj+WNsemZuueJqeOBruWTgeWQje+8miDnrKw055+z5rK56aGeIDxicj4KICAgICAgICA8YnI+CiAgICAgICAg4peP5Y2x6Zm654mp44Gu5ZCr5pyJ6YeP77yaIDFMIDxicj4KICAgICAgICA8YnI+CiAgICAgICAg4pePQVBJ77yaIEdMLTPjgIFHTC0044CBR0wtNSA8YnI+CiAgICAgICAgPGJyPgogICAgICAgIOKXj+ODmeODvOOCueOCquOCpOODq++8miDpg6jliIblkIjmiJDmsrkgPGJyPgogICAgICAgIDxicj4KICAgICAgICDil4/ljbHpmbrnianjga7mgKfos6rvvJog6Z2e5rC05rq25oCnPC9mb250PjwvdGQ+CiAgICA8L3RyPgogIDwvdGFibGU+CiAgPC9jZW50ZXI+CjwvZGl2PjxwPuOAgDwvcD4KPGRpdiBhbGlnbj0iY2VudGVyIj4KICA8Y2VudGVyPgo8dGFibGUgYm9yZGVyPSIwIiBjZWxscGFkZGluZz0iMCIgY2VsbHNwYWNpbmc9IjAiIHN0eWxlPSJib3JkZXItY29sbGFwc2U6IGNvbGxhcHNlIiBib3JkZXJjb2xvcj0iIzExMTExMSIgd2lkdGg9IjY1MCI+CiAgPHRyPgogICAgPHRkIHdpZHRoPSIxMDAlIiBoZWlnaHQ9IjMwIj4KICAgIDxwIGFsaWduPSJjZW50ZXIiPgo8aW1nIGJvcmRlcj0iMCIgc3JjPSJodHRwOi8vaW1hZ2UucmFrdXRlbi5jby5qcC9tb3Jpc2FuL2NhYmluZXQvdG9wL2ltZzM5NjI4MDQyLmdpZiIgd2lkdGg9IjYwMCIgaGVpZ2h0PSIxMCI+PC90ZD4KICA8L3RyPgogIDwvdGFibGU+CgogIDwvY2VudGVyPgo8L2Rpdj4KPHA+44CAPC9wPg==,Q2FzdHJvbO+8iOOCq+OCueODiOODreODvOODq++8ieOAgFVuaXZlcnNhbOOAgDc1Vy05MOOAgOODnuODi+ODpeOCouODq+ODiOODqeODs+OCueODn+ODg+OCt+ODp+ODsyBGRui7iuODiOODqeODs+OCueOCouOCr+OCueODq+WFvOeUqOOCquOCpOODqyDjgq7jgqLjgqrjgqTjg6vvvIgxTO+8ie+8muajruOBruS4reOBruOCquODvOODh+OCo+OCquWxi+OBleOCkw==,44OH44OD44OJ44OL44Oz44Kw44Ki44Oh44Oq44Kr6ZuR6LKo44K544OU44O844Kr44O844Km44O844OV44Kh44O844Ko44Ki44Ot44Ov44Kk44OR44O844Kr44O844Kq44O844OH44Kj44Kq44Ov44Kz44O844K6V0FLTydT44Oq44Ki44OT44K444On44Oz44OV44Oq44OD44OX44OA44Km44Oz44Oi44OL44K/44O85Yi25oyv44K344O844OI6Ziy6Z+z44K344O844OI44Kv44Oq44K544K/44Or44Ks44Kk44K244O844Kz44Kr44Kz44O844Op44OG44Kj44OD44K344Ol44Ki44Oh6ZuR6LKo5Lqs6YO944Kk44Oz44OK44O844OQ44OD44OV44Or44Ko44Oz44K444Oz44Kq44Kk44Or5qOu44Gu5Lit44Gu44Kq44O844OH44Kj44Kq5bGL44GV44KTQ2FzdHJvbO+8iOOCq+OCueODiOODreODvOODq++8ieOAgFVuaXZlcnNhbOOAgDc1Vy05MOOAgOODnuODi+ODpeOCouODq+ODiOODqeODs+OCueODn+ODg+OCt+ODp+ODsyBGRui7iuODiOODqeODs+OCueOCouOCr+OCueODq+WFvOeUqOOCquOCpOODqyDjgq7jgqLjgqrjgqTjg6vvvIgxTO+8iQ==,44CQ5qW95aSp44Kr44O844OJ5rG65riI44Gq44KJ44Od44Kk44Oz44OIVVAhIeOAkeOAgkNhc3Ryb2zvvIjjgqvjgrnjg4jjg63jg7zjg6vvvInjgIBVbml2ZXJzYWzjgIA3NVctOTDjgIDjg57jg4vjg6XjgqLjg6vjg4jjg6njg7Pjgrnjg5/jg4Pjgrfjg6fjg7MgRkbou4rjg4jjg6njg7PjgrnjgqLjgq/jgrnjg6vlhbznlKjjgqrjgqTjg6sg44Ku44Ki44Kq44Kk44Or77yIMUzvvIk=[rn]
21-63156,aHR0cDovL3RzaG9wLnIxMHMuanAvbW9yaXNhbi9jYWJpbmV0L21vbm8vaW1nNjU3NzUyODMuanBnP2ZpdGluPTcwMDo3MDA=,MTYxMDQuMDAwMA==,,6LuK55So5ZOB44O744OQ44Kk44Kv55So5ZOBID4g44Kr44O855So5ZOBID4g44Kq44Kk44Or44O75re75Yqg5YmkID4g44Kq44Kk44OrID4g44Ku44Ki44Kq44Kk44Or,Q2FzdHJvbO+8iOOCq+OCueODiOODreODvOODq++8ieOAgFVuaXZlcnNhbOOAgDgwVy05MOOAgOODnuODi+ODpeOCouODq+ODiOODqeODs+OCueODn+ODg+OCt+ODp+ODsyDjg4fjgqPjg5XjgqHjg6zjg7Pjgrfjg6Pjg6vlhbznlKjjgqrjgqTjg6sg44Ku44Ki44Kq44Kk44Or77yIMjBM77yJ,44CQ5qW95aSp44Kr44O844OJ5rG65riI44Gq44KJ44Od44Kk44Oz44OIVVAhIeOAkQ==,PGZvbnQgY29sb3I9ICNmZjAwMDAgIHNpemU9IDIgPjxiPuOAkDIw44Oq44OD44K/44O857y244KS44GK6LK344GE5rGC44KB44Gu5pa544G444CRPC9iPjwvZm9udD48QlI+CiA8Zm9udCBzaXplPSAyID4yMOODquODg+OCv+ODvOe8tuOCkuOBlOizvOWFpeOBruWgtOWQiOOAgeWQjOaiseeZuumAgeOBjOWHuuadpeOBvuOBm+OCk+OAgjwvZm9udD48QlI+CiA8Zm9udCBzaXplPSAyID4x57y244GnMeODtuWPo+OBrumAgeaWmeOCkumgguOBjeOBvuOBmeOAguOBlOS6huaJv+S4i+OBleOBhOOAgjwvZm9udD48QlI+Cgo8cD7jgIA8QlI+CgoKPGRpdiBhbGlnbj0gY2VudGVyID4KICA8Y2VudGVyPgogIDx0YWJsZSBib3JkZXI9IDEgIHdpZHRoPSA2MDAgIGJvcmRlcmNvbG9yPSAjMTExMTExIHN0eWxlPSJib3JkZXItY29sbGFwc2U6IGNvbGxhcHNlIiBjZWxscGFkZGluZz0iMCIgY2VsbHNwYWNpbmc9IjAiID4KICAgIDx0cj4KICAgICAgPHRkIHdpZHRoPSAxMDAlID4KICAgICAgICA8Zm9udCBzaXplPSIyIj7jg57jg4vjg6XjgqLjg6vjg4jjg6njg7Pjgrnjg5/jg4Pjgrfjg6fjg7Pjg4fjgqPjg5XjgqHjg6zjg7Pjgrfjg6Pjg6vlhbznlKjjgqrjgqTjg6s8YnI+CiAgICAgICAgPGJyPgogICAgICAgIOiAkOaRqeiAl+aAp+OBjOiJr+OBj+OAgeOCruODpOOCkuOBl+OBo+OBi+OCiuOBqOS/neitt+OBl+OBvuOBmeOAgjxicj4KICAgICAgICA8YnI+CiAgICAgICAg6auY5rip5pmC44Gu5a6J5a6a5oCn44Gr5YSq44KM44Gm44GE44G+44GZ44CCIDxicj4KICAgICAgICA8YnI+CiAgICAgICAgPGJyPgogICAgICAgIOKXj+eUqOmAlO+8miDjg57jg4vjg6XjgqLjg6vjg4jjg6njg7Pjgrnjg5/jg4Pjgrfjg6fjg7PnlKjjg7vjg4fjgqPjg5XjgqHjg6zjg7Pjgrfjg6Pjg6vjgq7jg6Tjg7znlKggPGJyPgogICAgICAgIDxicj4KICAgICAgICDil4/ljbHpmbrnrYnntJrvvJogSUlJIDxicj4KICAgICAgICA8YnI+CiAgICAgICAg4peP5Y2x6Zm654mp44Gu56iu5Yil77yaIOesrOWbm+mhniA8YnI+CiAgICAgICAgPGJyPgogICAgICAgIOKXj+WNsemZuueJqeOBruWTgeWQje+8miDnrKw055+z5rK56aGeIDxicj4KICAgICAgICA8YnI+CiAgICAgICAg4peP5Y2x6Zm654mp44Gu5ZCr5pyJ6YeP77yaIDIwTCA8YnI+CiAgICAgICAgPGJyPgogICAgICAgIOKXj0FQSe+8miBHTC0z44CBR0wtNOOAgUdMLTUgPGJyPgogICAgICAgIDxicj4KICAgICAgICDil49TQUXvvJogODBXLTkwIDxicj4KICAgICAgICA8YnI+CiAgICAgICAg4peP5Y2x6Zm654mp44Gu5oCn6LOq77yaIOmdnuawtOa6tuaApzwvZm9udD48L3RkPgogICAgPC90cj4KICA8L3RhYmxlPgogIDwvY2VudGVyPgo8L2Rpdj48cD7jgIA8L3A+CjxkaXYgYWxpZ249ImNlbnRlciI+CiAgPGNlbnRlcj4KPHRhYmxlIGJvcmRlcj0iMCIgY2VsbHBhZGRpbmc9IjAiIGNlbGxzcGFjaW5nPSIwIiBzdHlsZT0iYm9yZGVyLWNvbGxhcHNlOiBjb2xsYXBzZSIgYm9yZGVyY29sb3I9IiMxMTExMTEiIHdpZHRoPSI2NTAiPgogIDx0cj4KICAgIDx0ZCB3aWR0aD0iMTAwJSIgaGVpZ2h0PSIzMCI+CiAgICA8cCBhbGlnbj0iY2VudGVyIj4KPGltZyBib3JkZXI9IjAiIHNyYz0iaHR0cDovL2ltYWdlLnJha3V0ZW4uY28uanAvbW9yaXNhbi9jYWJpbmV0L3RvcC9pbWczOTYyODA0Mi5naWYiIHdpZHRoPSI2MDAiIGhlaWdodD0iMTAiPjwvdGQ+CiAgPC90cj4KICA8L3RhYmxlPgoKICA8L2NlbnRlcj4KPC9kaXY+CjxwPuOAgDwvcD4=,Q2FzdHJvbO+8iOOCq+OCueODiOODreODvOODq++8ieOAgFVuaXZlcnNhbOOAgDgwVy05MOOAgOODnuODi+ODpeOCouODq+ODiOODqeODs+OCueODn+ODg+OCt+ODp+ODsyDjg4fjgqPjg5XjgqHjg6zjg7Pjgrfjg6Pjg6vlhbznlKjjgqrjgqTjg6sg44Ku44Ki44Kq44Kk44Or77yIMjBM77yJ77ya5qOu44Gu5Lit44Gu44Kq44O844OH44Kj44Kq5bGL44GV44KT,44OH44OD44OJ44OL44Oz44Kw44Ki44Oh44Oq44Kr6ZuR6LKo44K544OU44O844Kr44O844Km44O844OV44Kh44O844Ko44Ki44Ot44Ov44Kk44OR44O844Kr44O844Kq44O844OH44Kj44Kq44Ov44Kz44O844K6V0FLTydT44Oq44Ki44OT44K444On44Oz44OV44Oq44OD44OX44OA44Km44Oz44Oi44OL44K/44O85Yi25oyv44K344O844OI6Ziy6Z+z44K344O844OI44Kv44Oq44K544K/44Or44Ks44Kk44K244O844Kz44Kr44Kz44O844Op44OG44Kj44OD44K344Ol44Ki44Oh6ZuR6LKo5Lqs6YO944Kk44Oz44OK44O844OQ44OD44OV44Or44Ko44Oz44K444Oz44Kq44Kk44Or5qOu44Gu5Lit44Gu44Kq44O844OH44Kj44Kq5bGL44GV44KTQ2FzdHJvbO+8iOOCq+OCueODiOODreODvOODq++8ieOAgFVuaXZlcnNhbOOAgDgwVy05MOOAgOODnuODi+ODpeOCouODq+ODiOODqeODs+OCueODn+ODg+OCt+ODp+ODsyDjg4fjgqPjg5XjgqHjg6zjg7Pjgrfjg6Pjg6vlhbznlKjjgqrjgqTjg6sg44Ku44Ki44Kq44Kk44Or77yIMjBM77yJ,44CQ5qW95aSp44Kr44O844OJ5rG65riI44Gq44KJ44Od44Kk44Oz44OIVVAhIeOAkeOAgkNhc3Ryb2zvvIjjgqvjgrnjg4jjg63jg7zjg6vvvInjgIBVbml2ZXJzYWzjgIA4MFctOTDjgIDjg57jg4vjg6XjgqLjg6vjg4jjg6njg7Pjgrnjg5/jg4Pjgrfjg6fjg7Mg44OH44Kj44OV44Kh44Os44Oz44K344Oj44Or5YW855So44Kq44Kk44OrIOOCruOCouOCquOCpOODq++8iDIwTO+8iQ==[rn]
21-63157,aHR0cDovL3RzaG9wLnIxMHMuanAvbW9yaXNhbi9jYWJpbmV0L21vbm8vaW1nNjU3NzUyODQuanBnP2ZpdGluPTcwMDo3MDA=,OTkyLjAwMDA=,,6LuK55So5ZOB44O744OQ44Kk44Kv55So5ZOBID4g44Kr44O855So5ZOBID4g44Kq44Kk44Or44O75re75Yqg5YmkID4g44Kq44Kk44OrID4g44Ku44Ki44Kq44Kk44Or,Q2FzdHJvbO+8iOOCq+OCueODiOODreODvOODq++8ieOAgFVuaXZlcnNhbOOAgDgwVy05MOOAgOODnuODi+ODpeOCouODq+ODiOODqeODs+OCueODn+ODg+OCt+ODp+ODsyDjg4fjgqPjg5XjgqHjg6zjg7Pjgrfjg6Pjg6vlhbznlKjjgqrjgqTjg6sg44Ku44Ki44Kq44Kk44Or77yIMUzvvIk=,44CQ5qW95aSp44Kr44O844OJ5rG65riI44Gq44KJ44Od44Kk44Oz44OIVVAhIeOAkQ==,PGRpdiBhbGlnbj0gY2VudGVyID4KICA8Y2VudGVyPgogIDx0YWJsZSBib3JkZXI9IDEgIHdpZHRoPSA2MDAgIGJvcmRlcmNvbG9yPSAjMTExMTExIHN0eWxlPSJib3JkZXItY29sbGFwc2U6IGNvbGxhcHNlIiBjZWxscGFkZGluZz0iMCIgY2VsbHNwYWNpbmc9IjAiID4KICAgIDx0cj4KICAgICAgPHRkIHdpZHRoPSAxMDAlID4KICAgICAgICA8Zm9udCBzaXplPSIyIj7jg57jg4vjg6XjgqLjg6vjg4jjg6njg7Pjgrnjg5/jg4Pjgrfjg6fjg7Pjg4fjgqPjg5XjgqHjg6zjg7Pjgrfjg6Pjg6vlhbznlKjjgqrjgqTjg6s8YnI+CiAgICAgICAgPGJyPgogICAgICAgIOiAkOaRqeiAl+aAp+OBjOiJr+OBj+OAgeOCruODpOOCkuOBl+OBo+OBi+OCiuOBqOS/neitt+OBl+OBvuOBmeOAgjxicj4KICAgICAgICA8YnI+CiAgICAgICAg6auY5rip5pmC44Gu5a6J5a6a5oCn44Gr5YSq44KM44Gm44GE44G+44GZ44CCIDxicj4KICAgICAgICA8YnI+CiAgICAgICAgPGJyPgogICAgICAgIOKXj+eUqOmAlO+8miDjg57jg4vjg6XjgqLjg6vjg4jjg6njg7Pjgrnjg5/jg4Pjgrfjg6fjg7PnlKjjg7vjg4fjgqPjg5XjgqHjg6zjg7Pjgrfjg6Pjg6vjgq7jg6Tjg7znlKggPGJyPgogICAgICAgIDxicj4KICAgICAgICDil4/ljbHpmbrnrYnntJrvvJogSUlJIDxicj4KICAgICAgICA8YnI+CiAgICAgICAg4peP5Y2x6Zm654mp44Gu56iu5Yil77yaIOesrOWbm+mhniA8YnI+CiAgICAgICAgPGJyPgogICAgICAgIOKXj+WNsemZuueJqeOBruWTgeWQje+8miDnrKw055+z5rK56aGeIDxicj4KICAgICAgICA8YnI+CiAgICAgICAg4peP5Y2x6Zm654mp44Gu5ZCr5pyJ6YeP77yaIDFMIDxicj4KICAgICAgICA8YnI+CiAgICAgICAg4pePQVBJ77yaIEdMLTPjgIFHTC0044CBR0wtNSA8YnI+CiAgICAgICAgPGJyPgogICAgICAgIOKXj1NBRe+8miA4MFctOTAgPGJyPgogICAgICAgIDxicj4KICAgICAgICDil4/ljbHpmbrnianjga7mgKfos6rvvJog6Z2e5rC05rq25oCnPC9mb250PjwvdGQ+CiAgICA8L3RyPgogIDwvdGFibGU+CiAgPC9jZW50ZXI+CjwvZGl2PjxwPuOAgDwvcD4KPGRpdiBhbGlnbj0iY2VudGVyIj4KICA8Y2VudGVyPgo8dGFibGUgYm9yZGVyPSIwIiBjZWxscGFkZGluZz0iMCIgY2VsbHNwYWNpbmc9IjAiIHN0eWxlPSJib3JkZXItY29sbGFwc2U6IGNvbGxhcHNlIiBib3JkZXJjb2xvcj0iIzExMTExMSIgd2lkdGg9IjY1MCI+CiAgPHRyPgogICAgPHRkIHdpZHRoPSIxMDAlIiBoZWlnaHQ9IjMwIj4KICAgIDxwIGFsaWduPSJjZW50ZXIiPgo8aW1nIGJvcmRlcj0iMCIgc3JjPSJodHRwOi8vaW1hZ2UucmFrdXRlbi5jby5qcC9tb3Jpc2FuL2NhYmluZXQvdG9wL2ltZzM5NjI4MDQyLmdpZiIgd2lkdGg9IjYwMCIgaGVpZ2h0PSIxMCI+PC90ZD4KICA8L3RyPgogIDwvdGFibGU+CgogIDwvY2VudGVyPgo8L2Rpdj4KPHA+44CAPC9wPg==,Q2FzdHJvbO+8iOOCq+OCueODiOODreODvOODq++8ieOAgFVuaXZlcnNhbOOAgDgwVy05MOOAgOODnuODi+ODpeOCouODq+ODiOODqeODs+OCueODn+ODg+OCt+ODp+ODsyDjg4fjgqPjg5XjgqHjg6zjg7Pjgrfjg6Pjg6vlhbznlKjjgqrjgqTjg6sg44Ku44Ki44Kq44Kk44Or77yIMUzvvInvvJrmo67jga7kuK3jga7jgqrjg7zjg4fjgqPjgqrlsYvjgZXjgpM=,44OH44OD44OJ44OL44Oz44Kw44Ki44Oh44Oq44Kr6ZuR6LKo44K544OU44O844Kr44O844Km44O844OV44Kh44O844Ko44Ki44Ot44Ov44Kk44OR44O844Kr44O844Kq44O844OH44Kj44Kq44Ov44Kz44O844K6V0FLTydT44Oq44Ki44OT44K444On44Oz44OV44Oq44OD44OX44OA44Km44Oz44Oi44OL44K/44O85Yi25oyv44K344O844OI6Ziy6Z+z44K344O844OI44Kv44Oq44K544K/44Or44Ks44Kk44K244O844Kz44Kr44Kz44O844Op44OG44Kj44OD44K344Ol44Ki44Oh6ZuR6LKo5Lqs6YO944Kk44Oz44OK44O844OQ44OD44OV44Or44Ko44Oz44K444Oz44Kq44Kk44Or5qOu44Gu5Lit44Gu44Kq44O844OH44Kj44Kq5bGL44GV44KTQ2FzdHJvbO+8iOOCq+OCueODiOODreODvOODq++8ieOAgFVuaXZlcnNhbOOAgDgwVy05MOOAgOODnuODi+ODpeOCouODq+ODiOODqeODs+OCueODn+ODg+OCt+ODp+ODsyDjg4fjgqPjg5XjgqHjg6zjg7Pjgrfjg6Pjg6vlhbznlKjjgqrjgqTjg6sg44Ku44Ki44Kq44Kk44Or77yIMUzvvIk=,44CQ5qW95aSp44Kr44O844OJ5rG65riI44Gq44KJ44Od44Kk44Oz44OIVVAhIeOAkeOAgkNhc3Ryb2zvvIjjgqvjgrnjg4jjg63jg7zjg6vvvInjgIBVbml2ZXJzYWzjgIA4MFctOTDjgIDjg57jg4vjg6XjgqLjg6vjg4jjg6njg7Pjgrnjg5/jg4Pjgrfjg6fjg7Mg44OH44Kj44OV44Kh44Os44Oz44K344Oj44Or5YW855So44Kq44Kk44OrIOOCruOCouOCquOCpOODq++8iDFM77yJ[rn]
21-63158,aHR0cDovL3RzaG9wLnIxMHMuanAvbW9yaXNhbi9jYWJpbmV0L21vbm8vaW1nNjU3NzUyODUuanBnP2ZpdGluPTcwMDo3MDA=,MTk4MDguMDAwMA==,,6LuK55So5ZOB44O744OQ44Kk44Kv55So5ZOBID4g44Kr44O855So5ZOBID4g44Kq44Kk44Or44O75re75Yqg5YmkID4g44Kq44Kk44OrID4g44Ku44Ki44Kq44Kk44Or,Q2FzdHJvbO+8iOOCq+OCueODiOODreODvOODq++8ieOAgEF4bGXjg6rjg5/jg4bjg4Pjg4njgrnjg6rjg4Pjg5cgOTAgR0w144CA44OH44Kj44OV44Kh44Os44Oz44K344Oj44Or44Kq44Kk44OrIExTROWvvuW/nCDjgq7jgqLjgqrjgqTjg6vvvIgyMEzvvIk=,44CQ5qW95aSp44Kr44O844OJ5rG65riI44Gq44KJ44Od44Kk44Oz44OIVVAhIeOAkQ==,PGZvbnQgY29sb3I9ICNmZjAwMDAgIHNpemU9IDIgPjxiPuOAkDIw44Oq44OD44K/44O857y244KS44GK6LK344GE5rGC44KB44Gu5pa544G444CRPC9iPjwvZm9udD48QlI+CiA8Zm9udCBzaXplPSAyID4yMOODquODg+OCv+ODvOe8tuOCkuOBlOizvOWFpeOBruWgtOWQiOOAgeWQjOaiseeZuumAgeOBjOWHuuadpeOBvuOBm+OCk+OAgjwvZm9udD48QlI+CiA8Zm9udCBzaXplPSAyID4x57y244GnMeODtuWPo+OBrumAgeaWmeOCkumgguOBjeOBvuOBmeOAguOBlOS6huaJv+S4i+OBleOBhOOAgjwvZm9udD48QlI+Cgo8cD7jgIA8QlI+CgoKPGRpdiBhbGlnbj0gY2VudGVyID4KICA8Y2VudGVyPgogIDx0YWJsZSBib3JkZXI9IDEgIHdpZHRoPSA2MDAgIGJvcmRlcmNvbG9yPSAjMTExMTExIHN0eWxlPSJib3JkZXItY29sbGFwc2U6IGNvbGxhcHNlIiBjZWxscGFkZGluZz0iMCIgY2VsbHNwYWNpbmc9IjAiID4KICAgIDx0cj4KICAgICAgPHRkIHdpZHRoPSAxMDAlID4KICAgICAgICA8Zm9udCBzaXplPSIyIj7jg4fjgqPjg5XjgqHjg6zjg7Pjgrfjg6Pjg6vjgqrjgqTjg6tMU0Tlr77lv5w8YnI+CiAgICAgICAgPGJyPgogICAgICAgIOacgOmBqeOBi+OBpOWuieWumuOBl+OBn+ODleODquOCr+OCt+ODp+ODs+eJueaAp+OBjExTROOBruaAp+iDveOCkuODleODq+OBq+W8leOBjeWHuuOBl+OBvuOBmeOAgjxicj4KICAgICAgICA8YnI+CiAgICAgICAg5YSq44KM44Gf6ICQ5pGp6ICX5oCn54ax5oCn6IO944Go6ICQ6LKg6I235oCn6IO944GM44OH44Kj44OV44Kh44Os44Oz44K344Oj44Or44Ku44Ok44O844KS6ZW35oyB44Gh44GV44Gb44G+44GZ44CCIDxicj4KICAgICAgICA8YnI+CiAgICAgICAgPGJyPgogICAgICAgIOKXj+eUqOmAlO+8miDjg4fjgqPjg5XjgqHjg6zjg7Pjgrfjg6Pjg6vjgq7jg6Tjg7znlKgoTFNE5a++5b+cKSA8YnI+CiAgICAgICAgPGJyPgogICAgICAgIOKXj+WNsemZuuetiee0mu+8miBJSUkgPGJyPgogICAgICAgIDxicj4KICAgICAgICDil4/ljbHpmbrnianjga7nqK7liKXvvJog56ys5Zub6aGeIDxicj4KICAgICAgICA8YnI+CiAgICAgICAg4peP5Y2x6Zm654mp44Gu5ZOB5ZCN77yaIOesrDTnn7PmsrnpoZ4gPGJyPgogICAgICAgIDxicj4KICAgICAgICDil4/ljbHpmbrnianjga7lkKvmnInph4/vvJogMjBMIDxicj4KICAgICAgICA8YnI+CiAgICAgICAg4pePQVBJ77yaIEdMLTUgPGJyPgogICAgICAgIDxicj4KICAgICAgICDil49TQUXvvJogOTAgPGJyPgogICAgICAgIDxicj4KICAgICAgICDil4/ljbHpmbrnianjga7mgKfos6rvvJog6Z2e5rC05rq25oCnPC9mb250PjwvdGQ+CiAgICA8L3RyPgogIDwvdGFibGU+CiAgPC9jZW50ZXI+CjwvZGl2PjxwPuOAgDwvcD4KPGRpdiBhbGlnbj0iY2VudGVyIj4KICA8Y2VudGVyPgo8dGFibGUgYm9yZGVyPSIwIiBjZWxscGFkZGluZz0iMCIgY2VsbHNwYWNpbmc9IjAiIHN0eWxlPSJib3JkZXItY29sbGFwc2U6IGNvbGxhcHNlIiBib3JkZXJjb2xvcj0iIzExMTExMSIgd2lkdGg9IjY1MCI+CiAgPHRyPgogICAgPHRkIHdpZHRoPSIxMDAlIiBoZWlnaHQ9IjMwIj4KICAgIDxwIGFsaWduPSJjZW50ZXIiPgo8aW1nIGJvcmRlcj0iMCIgc3JjPSJodHRwOi8vaW1hZ2UucmFrdXRlbi5jby5qcC9tb3Jpc2FuL2NhYmluZXQvdG9wL2ltZzM5NjI4MDQyLmdpZiIgd2lkdGg9IjYwMCIgaGVpZ2h0PSIxMCI+PC90ZD4KICA8L3RyPgogIDwvdGFibGU+CgogIDwvY2VudGVyPgo8L2Rpdj4KPHA+44CAPC9wPg==,Q2FzdHJvbO+8iOOCq+OCueODiOODreODvOODq++8ieOAgEF4bGXjg6rjg5/jg4bjg4Pjg4njgrnjg6rjg4Pjg5cgOTAgR0w144CA44OH44Kj44OV44Kh44Os44Oz44K344Oj44Or44Kq44Kk44OrIExTROWvvuW/nCDjgq7jgqLjgqrjgqTjg6vvvIgyMEzvvInvvJrmo67jga7kuK3jga7jgqrjg7zjg4fjgqPjgqrlsYvjgZXjgpM=,44OH44OD44OJ44OL44Oz44Kw44Ki44Oh44Oq44Kr6ZuR6LKo44K544OU44O844Kr44O844Km44O844OV44Kh44O844Ko44Ki44Ot44Ov44Kk44OR44O844Kr44O844Kq44O844OH44Kj44Kq44Ov44Kz44O844K6V0FLTydT44Oq44Ki44OT44K444On44Oz44OV44Oq44OD44OX44OA44Km44Oz44Oi44OL44K/44O85Yi25oyv44K344O844OI6Ziy6Z+z44K344O844OI44Kv44Oq44K544K/44Or44Ks44Kk44K244O844Kz44Kr44Kz44O844Op44OG44Kj44OD44K344Ol44Ki44Oh6ZuR6LKo5Lqs6YO944Kk44Oz44OK44O844OQ44OD44OV44Or44Ko44Oz44K444Oz44Kq44Kk44Or5qOu44Gu5Lit44Gu44Kq44O844OH44Kj44Kq5bGL44GV44KTQ2FzdHJvbO+8iOOCq+OCueODiOODreODvOODq++8ieOAgEF4bGXjg6rjg5/jg4bjg4Pjg4njgrnjg6rjg4Pjg5cgOTAgR0w144CA44OH44Kj44OV44Kh44Os44Oz44K344Oj44Or44Kq44Kk44OrIExTROWvvuW/nCDjgq7jgqLjgqrjgqTjg6vvvIgyMEzvvIk=,44CQ5qW95aSp44Kr44O844OJ5rG65riI44Gq44KJ44Od44Kk44Oz44OIVVAhIeOAkeOAgkNhc3Ryb2zvvIjjgqvjgrnjg4jjg63jg7zjg6vvvInjgIBBeGxl44Oq44Of44OG44OD44OJ44K544Oq44OD44OXIDkwIEdMNeOAgOODh+OCo+ODleOCoeODrOODs+OCt+ODo+ODq+OCquOCpOODqyBMU0Tlr77lv5wg44Ku44Ki44Kq44Kk44Or77yIMjBM77yJ[rn]
21-63159,aHR0cDovL3RzaG9wLnIxMHMuanAvanBpdC9jYWJpbmV0L2ctcGFydHMtY2F2aW4vYWlyY29uLWZfbmV3LWc5MDBweC5qcGc/Zml0aW49NzAwOjcwMA==,MTk0NC44MDAw,,6LuK55So5ZOB44O744OQ44Kk44Kv55So5ZOBID4g44Kr44O855So5ZOBID4g44OQ44OD44OG44Oq44O844O744Oh44Oz44OG44OK44Oz44K555So5ZOBID4g44OV44Kj44Or44K/44O8ID4g44Ko44Ki44Kz44Oz44OV44Kj44Or44K/44O8,44Ko44Ki44Kz44Oz44OV44Kj44Or44K/44O8IOODnuODhOODgCDjgqLjg4bjg7PjgrYgIO+8rO+8oe+8je+8o++8l++8kO+8lyDvvIjjgqjjgqLjgrPjg7Pjgq/jg6rjg7zjg4rjg7zjg7vjgq3jg6Pjg5Pjg7Pjg5XjgqPjg6vjgr/jg7zjg7vjgq/jg6rjg7zjg7Pjg5XjgqPjg6vjgr/jg7zjg7vpganlkIjmpJzntKLjgYLjgorvvIkg44CQUkNQ44CR44CQR+OAkQ==,TEEtQzcwNw==,PGZvbnQgc2l6ZT0iMiI+4oC76LuK5qSc6Ki844KS44GU55So5oSP44GP44Gg44GV44GE44CC6LuK56iu5ZCN44O75Z6L5byP44O75bm05byP44GL44KJ5YWo6YGp5ZCI44OV44Kj44Or44K/44O844GM6KaL44Gk44GL44KK44G+44GZ44CCICA8YnI+PGJyPuOAkOWPguiAg+Wei+W8j+OAkSBHSkVGUCBHSkVGVyBHSjJGUCBHSjJGVyBHSjVGUCBHSjVGVyBHSjJBUCBHSjJBVzxicj48YnI+44CQ44K144Kk44K644CRIOe4piAyMTdtbeOAgOaoqiAyMDNtbeOAgOmrmOOBlSAxOG1t44CAPGJyPjxicj48aW1nIHNyYz0iaHR0cDovL2ltYWdlLnJha3V0ZW4uY28uanAvanBpdC9jYWJpbmV0L2ctcGFydHMtY2F2aW4vYWlyY29uLWZfbmV3LWc5MDBweC5qcGciIHdpZHRoPSI2ODAiPjxicj48YnI+PGltZyBzcmM9Imh0dHA6Ly9pbWFnZS5yYWt1dGVuLmNvLmpwL2pwaXQvY2FiaW5ldC9jYXZpbi1rb2t1c2FuL2ltZ3JjMDA3MTU3NTY0MS5qcGciPjxicj48YnI+4peG6Imy77yd44Kk44Ko44Ot44O8PGJyPuKXhuOCv+OCpOODl++8nemrmOapn+iDve+8iOmdmembu+mZpOWhte+8iTxicj7il4bln4Pjg7vjg4Hjg6rvvIgxMDB1beS7peS4iu+8ieODu+ODu+ODuzEwMCXpmaTljrs8YnI+4peG6Iqx57KJ44O744Kr44OT6IOe5a2Q77yIMTDvvZ4xMDB1be+8ieODu+ODu+ODuzEwMCXpmaTljrs8YnI+4peG44K/44OQ44Kz44Gu54WZ44O744OH44O844K844Or54WZ77yIMC4wMe+9njAuNXVt77yJ44O744O744O75pyA5aSnNTAl6Zmk5Y67PGJyPjxicj48aW1nIHNyYz0iaHR0cDovL2ltYWdlLnJha3V0ZW4uY28uanAvanBpdC9jYWJpbmV0LzAzMTIzODgwL2NhdmluLWxvZ28tMDkwMy5qcGciIHdpZHRoPSI2ODAiICBoZWlnaHQ9IjMwIj48YnI+PGJyPjxicj48aW1nIHNyYz0iaHR0cDovL2ltYWdlLnJha3V0ZW4uY28uanAvanBpdC9jYWJpbmV0LzAzMTIzODgwL2tvdWthbi1sb2dvLTA5MDMtMi5qcGciPjxicj48YnI+4peG5Lqk5o+b5pmC5pyf44Gv44CB6LuK56iu44Gr44KI44Gj44Gm55Ww44Gq44KK44G+44GZ44GM44CBMeW5tOOBqzHlm57lj4jjga8xMCwwMDBrbeavjuOBruS6pOaPm+OCkuOBiuiWpuOCgeOBl+OBvuOBmeOAgjxicj7il4bkuqTmj5vmlrnms5Xjga/lj5bku5joqqzmmI7mm7jjgpLjgZTopqfjgY/jgaDjgZXjgYTjgII8YnI+PGJyPjxpbWcgc3JjPSJodHRwOi8vaW1hZ2UucmFrdXRlbi5jby5qcC9qcGl0L2NhYmluZXQvMDMxMjM4ODAvc2V0c3VtZWktbG9nby0wOTAzLTIuanBnIj48YnI+PGJyPuKXhuODluODqeODs+ODieWQjSDjgIxHLVBBUlRT44CN44CA5Zu95YaF57SU5q2j44Oh44O844Kr44O8PGJyPuKXhuacgOmrmOWTgeizquOBruOCqOOCouOCs+ODs+ODleOCo+ODq+OCv+ODvO+8iOOCreODo+ODk+ODs+ODleOCo+ODq+OCv+ODvOODu+OCqOOCouOCs+ODs+OCr+ODquODvOODiuODvOODu+OCr+ODquODvOODs+ODleOCo+ODq+OCv+ODvO+8iTxicj7il4bnibnlvrQ8YnI+44CAKumAmuawl+aKteaKl+OCkuaKkeOBiOOAgeacgOmBqeOBquekvuWGheaPm+awl+OCkuWun+ePvjxicj7jgIAq56m65rCX5Lit44Gu6LaF5b6u57KS5a2Q44KC56K65a6f44Gr5o2V5o2JPGJyPuOAgCrjg6Hjg7Pjg4bjg4rjg7PjgrnjgqTjg7Pjgr/jg7zjg5Djg6vjgpLpgJrjgZjjgabluLjjgavlronlrprjgZfjgZ/jgo3pgY7mgKfog73jgpLnmbrmj648YnI+44CAKuapn+aisOeahOWQuOedgOOBqOmdmembu+awl+WQuOedgOOBq+OCiOOCi+a/vumBjuaAp+iDveOCkueZuuaPrjxicj7jgIAq6auY44GE44OV44Kj44OD44OI5oCn44Go44K344O844Or5oCnPGJyPuOAgCroqbPntLDjgarlj5bku5joqqzmmI7mm7jjgavjgojjgornsKHljZjjgYvjgaTov4XpgJ/jgarlj5bku5jjgYzlj6/og708YnI+4peG44Ko44Ki44Kz44Oz77yI44Kt44Oj44OT44Oz77yJ44OV44Kj44Or44K/44O844Gv56m65rCX5Lit44Gu6Iqx57KJ44KE5LiN5b+r44Gq57KS5a2Q44CB5pyJ5a6z44Ks44K544KS44G744G85a6M5YWo44Gr6Zmk5Y6744GX44CB5b+r6YGp44Gq56S+5YaF55Kw5aKD44KS5a6f54++44GX44G+44GZ44CCPGJyPuKXhuS4jee5lOW4g+OBr+OAgeWkmuaVsOOBrue0sOOBi+OBhOe5iue2reOBp+OBp+OBjeOBpuOBiuOCiuOAgeOBneOBrueJueauiuani+mAoOOBq+OCiOOCiuWfg+OChOOBmeOBmeOBrueykuWtkOOCkuOBu+OBvOWujOWFqOOBq+mZpOWOu+OBl+WMluWtpueJqeizquOCkuS9v+eUqOOBl+OBpuOBiuOCieOBmueVsOiHreOCgueZuueUn+OBl+OBvuOBm+OCk+OAgjxicj48YnI+PGltZyBzcmM9Imh0dHA6Ly9pbWFnZS5yYWt1dGVuLmNvLmpwL2pwaXQvY2FiaW5ldC8wMzEyMzg4MC90eXV1aS1sb2dvLTA5MDMtMi5qcGciPjxicj48YnI+4oC75o6y6LyJ44GX44Gm44GE44G+44GZ5LiA6YOo44Gu6LuK5Lih44Gn44Gv44CB6LuK56iu44CB5Z6L5byP44CB5bm05byP562J44GM5ZCM5LiA44Gu5aC05ZCI44Gn44KC44CB5o6S5rCX6YeP44KE44K/44Kk44OX44CB6LuK5Y+w55Wq5Y+344Gq44Gp44Gr44KI44KKPGJyPumBqeWQiOWVhuWTgeOBjOeVsOOBquOCi+WgtOWQiOOBjOOBlOOBluOBhOOBvuOBmeOAgjxicj7igLvntJTmraPnlarlj7fjgIHou4rlj7Dnlarlj7fjgIHmjpLmsJfph4/jgIHjgr/jgqTjg5fjgpLoqJjovInjgZfjgabjgYTjgovllYblk4Hjga/lv4XjgZrjgZToh6rouqvjga7ou4rkuKHjgajnhaflkIjjgZfjgabjgYTjgZ/jgaDjgY3jgb7jgZnjgojjgYbjgYrpoZjjgYTjgYTjgZ/jgZfjgb7jgZnjgII8YnI+PGJyPjxpbWcgc3JjPSJodHRwOi8vaW1hZ2UucmFrdXRlbi5jby5qcC9qcGl0L2NhYmluZXQvMDMxMjM4ODAvZ3JlZW4tbGluZS5naWYiIHdpZHRoPSI2ODAiPjxicj48YnI+PGZvbnQgc2l6ZT0iMiIgY29sb3I9IiMwMDAwMDAiPuKXhuODoeODvOODq+OBp+OBruOBiuWVj+WQiOOBm+OBruWgtOWQiOOAgeOAjui7iueoruWQjeOAj+OAjui7iuS4oeWei+W8j+OAj+OAjuOCqOODs+OCuOODs+Wei+W8j+OAj+OAjuW5tOW8j+OAj+etieOCkuaYjuiomOOBruS4ijxicj7jgYrlkI3liY3jg7vjgZTpgKPntaHlhYjjgajjgajjgoLjgavpgIHkv6HjgY/jgaDjgZXjgYTjgb7jgZvjgII8YnI+PGJyPjxhIHRhcmdldD0iX2JsYW5rIiBocmVmPSJodHRwczovL2Fzay5zdGVwLnJha3V0ZW4uY28uanAvcm1zL21hbGwvcGEvYXNrL3ZjP19fZXZlbnQ9UEEwMl8wMDBfMDAxJmFza190ZXh0PSVDNSVCOSVDNCVCOSVBNCVDQiVCQyVDMSVDQyVFNCVBNCVCOSVBNCVFQiZzaG9wdXJsPWpwaXQmc2hvcF9iaWQ9Mjg0MjY4JnNob3BfbmFtZT0lQTUlQjglQTUlQTclQTUlQTQlQTUlRDQlQTUlQzMlQTUlQzglQTUlQjclQTUlRTclQTUlQzMlQTUlRDcmbXlzaG9wPTAiPjxpbWcgc3JjPSJodHRwOi8vaW1hZ2UucmFrdXRlbi5jby5qcC9qcGl0L2NhYmluZXQvMDMxMjM4ODAvbWFpbC1ncmVlbi5qcGciIGJvcmRlcj0iMCI+PC9hPjxicj48YnI+4peG6YGp5ZCI6LuK56iu44Gr44Gk44GN44G+44GX44Gm44GU5LiN5piO44Gq5pa544Gv44CB6LuK5qSc6Ki844KS44GU55So5oSP44Gu5LiK44CB5byK56S+44G+44Gn44GK5rCX6Lu944Gr44GU6YCj57Wh44GP44Gg44GV44GE44CCPGJyPjxpbWcgc3JjPSJodHRwOi8vaW1hZ2UucmFrdXRlbi5jby5qcC9qcGl0L2NhYmluZXQvMDMxMjM4ODAvMTk4MDE2LmpwZyI+PGNlbnRlcj4KPGltZyBzcmM9Imh0dHA6Ly9pbWFnZS5yYWt1dGVuLmNvLmpwL2pwaXQvY2FiaW5ldC8wMzEyMzg4MC9rYW50YW4tNC5naWYiIGJvcmRlcj0iMCI+PGJyPjxicj4KPGltZyBzcmM9Imh0dHA6Ly9pbWFnZS5yYWt1dGVuLmNvLmpwL2pwaXQvY2FiaW5ldC8wMzEyMzg4MC90eXVpXzIwXzAyLmdpZiIgYm9yZGVyPSIwIj48Zm9udCBTSVpFPSItMSIgQ09MT1I9IiNmZjAwMDAiPiDou4rnqK7lkI3jg7vlnovlvI/jg7vlubTlvI/jgYzlkIzjgZjjgafjgoLjgIHou4rlj7Dnlarlj7fjg7vjgr/jgqTjg5fnrYnjgavjgojjgaPjgabpganlkIjjgZfjgarjgYTloLTlkIjjgYzjgYLjgorjgb7jgZnjga7jgafjgIHkuIrjga7jgJDnsKHljZjjg5XjgqPjg6vjgr/jg7zpganlkIjmpJzntKLjgJHjg5zjgr/jg7PjgojjgorjgYrmjqLjgZfkuIvjgZXjgYTjgIIKPGJyPjxicj4KPGltZyBzcmM9Imh0dHA6Ly9pbWFnZS5yYWt1dGVuLmNvLmpwL2pwaXQvY2FiaW5ldC8wMzEyMzg4MC9pbWdyYzAwNzE3NDUzMDEuZ2lmIiBib3JkZXI9IjAiPjxicj48L2NlbnRlcj4KCjxicj48YnI+PGZvbnQgQ09MT1I9IiM1NTAwRkYiPuKAu+WQjOaZguazqOaWh+OBq+mZkOOCiuOAgeikh+aVsOOBiuiyt+OBhOS4iuOBkuOBp+OCgumAgeaWmeOBrzHlgIvliIbjga7jgb/vvIE8QlI+KOmHjemHj+eJqeOCkumZpOOBj++8iTwvYj48L2ZvbnQ+CgoKPGJyPjxicj4K44Oh44O844Kr44O85biM5pyb5bCP5aOy5L6h5qC844Gv44Oh44O844Kr44O844Kr44K/44Ot44Kw44Gr5Z+644Gl44GE44Gm5o6y6LyJ44GX44Gm44GE44G+44GZCjxicj48YnI+CjxpbWcgc3JjPSJodHRwczovL2ltYWdlLnJha3V0ZW4uY28uanAvanBpdC9jYWJpbmV0L2V2aWRlbmNlL2V2aWRlbmNlX2M5MzAxXzEuZ2lmIiB3aWR0aD0iMjAwcHgiIC8+Cjxicj4KPGltZyBzcmM9Imh0dHBzOi8vaW1hZ2UucmFrdXRlbi5jby5qcC9qcGl0L2NhYmluZXQvZXZpZGVuY2UvZXZpZGVuY2VfYzkzMDFfMi5naWYiIHdpZHRoPSIyMDBweCIgLz48IS0tPGltZyBzcmM9Imh0dHA6Ly9pbWFnZS5yYWt1dGVuLmNvLmpwL2pwaXQvY2FiaW5ldC8wMzEyMzg4MC9pbWdyYzAwNzMyNDE5NTYuanBnIj48QlI+PEJSPgo8aW1nIHNyYz0iaHR0cDovL3d3dy5yYWt1dGVuLm5lLmpwL2dvbGQvanBpdC9pbWFnZXMvZWFrb24tYmFuYS5qcGciPi0tPgoKPCEtLQo8aW1nIGFsdD0i44Ko44Ki44Kz44Oz44OV44Kj44Or44K/44O8IiBoZWlnaHQ9IjE1MCIgc3JjPSJodHRwOi8vaW1hZ2UucmFrdXRlbi5jby5qcC9qcGl0L2NhYmluZXQvdGVzdDEtc291a2FpNjkweDE1MHguanBnIiB3aWR0aD0iNjkwIj4tLT4KCgoKPEJSPjxCUj4KCgoKCjxzdHlsZSB0eXBlPSJ0ZXh0L2NzcyI+Ci8q6LK344GE54mp44GL44GU44Gr5YWl44KM44KL44Oc44K/44OzKi8KI3Jha3V0ZW5MaW1pdGVkSWRfYXJvdW5kQ2FydCBpbnB1dFt2YWx1ZT0i6LK344GE54mp44GL44GU44Gr5YWl44KM44KLIl17CmJhY2tncm91bmQ6IHVybCgiaHR0cDovL2ltYWdlLnJha3V0ZW4uY28uanAvanBpdC9jYWJpbmV0LzAzMTIzODgwL2ltZ3JjMDA3MDkzODczMS5qcGciKSBsZWZ0IHRvcCBuby1yZXBlYXQ7CndpZHRoOjE5MHB4OwpoZWlnaHQ6NTBweDsKdGV4dC1pbmRlbnQ6MTAwJTsKd2hpdGUtc3BhY2U6bm93cmFwOwpvdmVyZmxvdzpoaWRkZW47CmJvcmRlcjogbm9uZTsKcGFkZGluZzowOwptYXJnaW4tdG9wOjVweCAwOwpjdXJzb3I6cG9pbnRlcjsKfQojcmFrdXRlbkxpbWl0ZWRJZF9hcm91bmRDYXJ0IHRib2R5IHRyIHRkIGlucHV0OmhvdmVyewphbHBoYShvcGFjaXR5PTgpOwotbW96LW9wYWNpdHk6MC44OwpvcGFjaXR5OjAuODsKY3Vyc29yOnBvaW50ZXI7Cn0KCgovKklF5a++5b+cKi8KKmh0bWwgaW5wdXRbdmFsdWU9Iuiyt+OBhOeJqeOBi+OBlOOBq+WFpeOCjOOCiyJdewogIHdpZHRoOjFwdDsKICBvdmVyZmxvdzp2aXNpYmxlOwogIHBhZGRpbmctdG9wOjhweDsKICBwYWRkaW5nLWJvdHRvbTo4cHg7CiAgcGFkZGluZy1sZWZ0OjQwcHg7CiAgYmFja2dyb3VuZDp1cmwoImh0dHA6Ly9pbWFnZS5yYWt1dGVuLmNvLmpwL2pwaXQvY2FiaW5ldC8wMzEyMzg4MC9pbWdyYzAwNzA5Mzg3MzEuanBnIikgI2ZjZmNmYyBuby1yZXBlYXQgMTkwcHggNTBweDsKfQoKPC9zdHlsZT4=,44Ko44Ki44Kz44Oz44OV44Kj44Or44K/44O8IOODnuODhOODgCDjgqLjg4bjg7PjgrYgIO+8rO+8oSZtaW51czvvvKPvvJfvvJDvvJcg77yI44Ko44Ki44Kz44Oz44Kv44Oq44O844OK44O844O744Kt44Oj44OT44Oz44OV44Kj44Or44K/44O844O744Kv44Oq44O844Oz44OV44Kj44Or44K/44O844O76YGp5ZCI5qSc57Si44GC44KK77yJIOOAkFJDUOOAkeOAkEfjgJHvvJrjgrjjgqfjgqTjg5Tjg4Pjg4jjgrfjg6fjg4Pjg5c=,44Ko44Ki44Kz44Oz44OV44Kj44Or44K/44O844Kv44Oq44O844Oz44OV44Kj44Or44K/44O844Ko44Ki44OV44Kj44Or44K/44O844Ko44Ki44Kv44Oq44O844OK44O844Kq44Kk44Or44OV44Kj44Or44K/44O844Kq44Kk44Or44Ko44Os44Oh44Oz44OI44Ko44Ki44Kz44Oz44Kv44Oq44O844OK44O854eD5paZ44OV44Kj44Or44K/44O844OV44Ol44O844Ko44Or44OV44Kj44Or44K/44O854eD5paZ44Ko44Os44Oh44Oz44OI44Ko44Ki44O844OV44Kj44Or44K/44O8TUFOTk1BTk4tRklMVEVS44Oe44Oz44OV44Kj44Or44K/44O8Ry1QQVJUU+OCuOODvOODkeODvOODhOOCreODo+ODk+ODs+ODleOCo+ODq+OCv+ODvOOCqOOCouOCs+ODs+ODleOCo+ODq+OCv+ODvCDjg57jg4Tjg4Ag44Ki44OG44Oz44K2ICDvvKzvvKEmbWludXM777yj77yX77yQ77yXIO+8iOOCqOOCouOCs+ODs+OCr+ODquODvOODiuODvOODu+OCreODo+ODk+ODs+ODleOCo+ODq+OCv+ODvOODu+OCr+ODquODvOODs+ODleOCo+ODq+OCv+ODvOODu+mBqeWQiOaknOe0ouOBguOCiu+8iSDjgJBSQ1DjgJHjgJBH44CR,TEEtQzcwN+OAguOCqOOCouOCs+ODs+ODleOCo+ODq+OCv+ODvCDjg57jg4Tjg4Ag44Ki44OG44Oz44K2ICDvvKzvvKEmbWludXM777yj77yX77yQ77yXIO+8iOOCqOOCouOCs+ODs+OCr+ODquODvOODiuODvOODu+OCreODo+ODk+ODs+ODleOCo+ODq+OCv+ODvOODu+OCr+ODquODvOODs+ODleOCo+ODq+OCv+ODvOODu+mBqeWQiOaknOe0ouOBguOCiu+8iSDjgJBSQ1DjgJHjgJBH44CR[rn]
21-63160,aHR0cDovL3RzaG9wLnIxMHMuanAvbmYvY2FiaW5ldC9yZy96cC5qcGc/Zml0aW49NzAwOjcwMA==,MTkzMi4wMDAw,,6LuK55So5ZOB44O744OQ44Kk44Kv55So5ZOBID4g44Kr44O855So5ZOBID4g44OQ44OD44OG44Oq44O844O744Oh44Oz44OG44OK44Oz44K555So5ZOBID4g44OV44Kj44Or44K/44O8ID4g44Ko44Ki44Kz44Oz44OV44Kj44Or44K/44O8,TUlDUk8g5pel5pys44Oe44Kk44Kv44Ot44OV44Kj44Or44K/44O85bel5qWtIOOCqOOCouOCs+ODs+ODleOCo+ODq+OCv+ODvCDjgrzjgqrjg6njgqTjg4jjg5fjg6njgrkg44Oe44OE44OAIOOCouODhuODs+OCtiBHSiNGUCBHSiNGVyAyMDEy5bm0MTHmnIjvvZ4gW1JDRjg4NTZd,6YCB5paZ54Sh5paZ4oC75rKW57iEL+mbouWztuWIpeaWmemHkQ==,PGI+PGZvbnQgc2l6ZT0iNSIgY29sb3I9IiMwMDAwMDAiPuOCvOOCquODqeOCpOODiOODl+ODqeOCueijveWTgeeJuemVtzwvZm9udD48YnI+PGJyPuKXjzPlsaTjg5XjgqPjg6vjgr/jg7zmp4vpgKDvvIjmlrDntKDmnZDvvInjgavjgojjgorjgIHou4rlhoXjga48Zm9udCBzaXplPSI0IiBjb2xvcj0iI2ZmMDAwMCI+56m65rCX44KS5b+r6YGp44Gr5L+d44GkPC9mb250PuOAgjxicj48YnI+4pePMeWxpOebruOBq+mbu+efs+S4jee5lOW4g++8iOmdmembu+awl+OCkuaMgeOBo+OBn+e5iue2reOBp+S9nOOCieOCjOOCi++8ieOBq+OCiOOCizxmb250IHNpemU9IjQiIGNvbG9yPSIjZmYwMDAwIj7lvq7nspLlrZDlkLjnnYA8L2ZvbnQ+44CCPGJyPjxicj7il48y5bGk55uu44Gr6auY5oCn6IO944K844Kq44Op44Kk44OI77yI5rK455+z77yJ5LiN57mU5biD44Gr44KI44KLPGZvbnQgc2l6ZT0iNCIgY29sb3I9IiNmZjAwMDAiPua2iOiHreOAgeaKl+iPjOWKueaenDwvZm9udD7jgII8YnI+PGJyPuKXjzPlsaTnm67jgavpmLLlobXnlKjkuI3nuZTluIPjgavjgojjgos8Zm9udCBzaXplPSI0IiBjb2xvcj0iI2ZmMDAwMCI+5aG144KE6Iqx57KJ44KS44Kt44Oj44OD44OBPC9mb250PuOAgjxicj48YnI+4peP6JaE57eR6Imy44Gu5aSW6Kaz44Gv44CB5rGa44KM44Gf44KC44Gu44Go44Gu5q+U6LyD44KC44GX44KE44GZ44GE44CCPGJyPjxicj7jgJDkuqTmj5vnm67lronjgJE8YnI+MeW5tOOBqzHlm57jgIDjgb7jgZ/jga/jgIDotbDooYwxNSwwMDBrbTxicj48YnI+PC9iPjxicj48YnI+PGJyPjxiPuOAkOmBqeWQiOOAkTxicj48YnI+44Oe44OE44OAIOOCouODhuODs+OCtjwvYj48YnI+PGJyPuKXj+i7iuS4oeWei+W8j++8mkdKI0ZQIEdKI0ZXPGJyPjxicj7il4/lubTlvI/vvJoyMDEy5bm0MTHmnIjvvZ48bGVmdD4KPGI+4oC744GU5rOo5oSP5LqL6aCFPGJyPgrjgZTms6jmlofliY3jgavjg5rjg7zjgrjkuIvpg6jjga7jgZTliKnnlKjmoYjlhoXjgpLjgZTopqfjga7kuIrjgYrnlLPjgZfovrzjgb/kuIvjgZXjgYTjgII8YnI+CgrmjrLovInnlLvlg4/jga7lpJrjgY/jga/jgqTjg6Hjg7zjgrjnlLvlg4/jgajjgarjgaPjgabjgYrjgorjgb7jgZnjgII8YnI+Cgrlrp/pmpvjga7llYblk4Hjga7lk4HnlarjgIHoibLjgIHjgrXjgqTjgrrjgarjganjga/llYblk4HlkI3jgpLjgZTnorroqo3kuIvjgZXjgYTjgII8YnI+5qW95aSp5biC5aC044Gu44CO5Zyo5bqr44GC44KK44CP57We44KK6L6844G/5qSc57Si44Gn44Gv6LK344GE54mp5Y+v6IO944Gq44GZ44G544Gm44Gu5ZWG5ZOB77yI44GK5Y+W44KK5a+E44Gb5ZWG5ZOB44KE5LqI57SE5ZWG5ZOB5ZCr44KA77yJPGJyPuOBjOWcqOW6q+OBguOCiuOBqOihqOekuuOBleOCjOOBpuOBl+OBvuOBhOOBvuOBmeOAgjxicj4K5b2T56S+44Gu5aC05ZCI44CB5o6y6LyJ5Lit44Gu5ZWG5ZOB44Gv44CB44GU5rOo5paH5b6M44Gu44Oh44O844Kr44O855m65rOo5ZWG5ZOB44KS5aSa5pWw5ZCr44KT44Gn44GK44KK44G+44GZ44Gu44Gn44CBPGJyPu+8nOOBguOBmealveWvvuW/nO+8nuWVhuWTgeS7peWkluOBr+OBlOazqOaWh+W+jOOAgeOAjOasoOWTgeS4reOAjeOAjOeUn+eUo+e1guS6huOAjeetieOBruWgtOWQiOOCguOBlOOBluOBhOOBvuOBmeOAguS6iOOCgeOBlOS6huaJv+S4i+OBleOBhOOAgjxicj4KPC9iPgo8L2xlZnQ+CgoKPHN0eWxlIHR5cGU9InRleHQvY3NzIj4KCi5ibnJfbGlzdCB0ZHsKCXBhZGRpbmc6NXB4IDAgNXB4IDA7Cgl0ZXh0LWFsaWduOmNlbnRlcjsKCWZvbnQtc2l6ZToxMnB4Owp9Cjwvc3R5bGU+Cgo8dGFibGUgY2xhc3M9ImJucl9saXN0Ij4KCQkKICAgIDx0cj4KICAgICAgICA8dGQgd2lkdGg9IjM1MCI+CiAgICAgICAgICAgIDxpbWcgc3JjPSJodHRwOi8vaW1hZ2UucmFrdXRlbi5jby5qcC9uZi9jYWJpbmV0L2ltZzYwMzE5MjI0LmdpZiIgYWx0PSIiIGJvcmRlcj0iMCI+CiAgICAgICAgICAgIOS4gOe3kuOBq+azqOaWh+OBmeOCi+OBqOmAgeaWmeeEoeaWme+8geOBruOCq+ODvOeUqOWTgQogICAgICAgIDwvdGQ+CiAgICAgICAgPHRkIHdpZHRoPSIxMCI+PC90ZD4KICAgICAgICA8dGQgd2lkdGg9IjM1MCI+CiAgICAgICAgICAgIDxpbWcgc3JjPSJodHRwOi8vaW1hZ2UucmFrdXRlbi5jby5qcC9uZi9jYWJpbmV0L2ltZzYwMzE5MjE0LmpwZyIgYWx0PSIiIGJvcmRlcj0iMCI+CiAgICAgICAgICAgIOWPquS7iumAgeaWmeeEoeaWmeOCreODo+ODs+ODmuODvOODs+S4re+8gQogICAgICAgIDwvdGQ+CiAgICA8L3RyPgogICAgPHRyPgogICAgICAgIDx0ZD4KICAgICAgICAgICAgPGltZyBzcmM9Imh0dHA6Ly9pbWFnZS5yYWt1dGVuLmNvLmpwL25mL2NhYmluZXQvaW1nNjAzMTkyMjYuanBnIiBhbHQ9IiIgYm9yZGVyPSIwIj48YnI+CiAgICAgICAgICAgIERpY2tpZXMgUkVDQVJPIFdISVRFIEFSUk9XIOOBquOBqQogICAgICAgIDwvdGQ+CiAgICAgICAgPHRkPjwvdGQ+CiAgICAgICAgPHRkPgogICAgICAgICAgICA8aW1nIHNyYz0iaHR0cDovL2ltYWdlLnJha3V0ZW4uY28uanAvbmYvY2FiaW5ldC9pbWc2MDMxOTIyMS5qcGciIGFsdD0iIiAgYm9yZGVyPSIwIj48YnI+CiAgICAgICAgICAgIENFTExTVEFS44O7WVVQSVRFUlXjg7tDT01URUPjgarjgakKICAgICAgICA8L3RkPgogICAgPC90cj4KICAgIDx0cj4KICAgICAgICA8dGQ+CiAgICAgICAgICAgIDxpbWcgc3JjPSJodHRwOi8vaW1hZ2UucmFrdXRlbi5jby5qcC9uZi9jYWJpbmV0L2ltZzYwMzE5MjIyLmpwZyIgYWx0PSLjgqvjg7zjgrvjgq3jg6Xjg6rjg4bjgqMiICBib3JkZXI9IjAiPjxicj4KICAgICAgICAgICAgQ09NVEVD44O7S0FUTy1ERU5LSeODu1ZJU0lPTuOBquOBqQogICAgICAgIDwvdGQ+CiAgICAgICAgPHRkPjwvdGQ+CiAgICAgICAgPHRkPgogICAgICAgICAgICA8aW1nIHNyYz0iaHR0cDovL2ltYWdlLnJha3V0ZW4uY28uanAvbmYvY2FiaW5ldC9pbWc2MDMxOTIyNS5qcGciIGFsdD0i44Ko44Oz44K444Oz44K544K/44O844K/44O8IiBib3JkZXI9IjAiPjxicj4KICAgICAgICAgICAgQ0FSTUFUReODu0NPTVRFQ+ODu01JVFNVQkHjgarjgakKICAgICAgICA8L3RkPgogICAgPC90cj4KICAgIDx0cj4KICAgICAgICA8dGQ+CiAgICAgICAgICAgIDxpbWcgc3JjPSJodHRwOi8vaW1hZ2UucmFrdXRlbi5jby5qcC9uZi9jYWJpbmV0L2ltZzYwMzE5MjE5LmpwZyIgYWx0PSLjg6Hjg7zjgr/jg7wiIGJvcmRlcj0iMCI+PGJyPgogICAgICAgICAgICBQSVZPVOODu0hLU+ODu1VMVFJB44O7QkxJVFrjg7tBUEVY44Gq44GpCiAgICAgICAgPC90ZD4KICAgICAgICA8dGQ+PC90ZD4KICAgICAgICA8dGQ+CiAgICAgICAgICAgIDxpbWcgc3JjPSJodHRwOi8vaW1hZ2UucmFrdXRlbi5jby5qcC9uZi9jYWJpbmV0L2ltZzYwMzE5MjE3LmpwZyIgYWx0PSLjgq3jg6Pjg6rjgqIiIGJvcmRlcj0iMCI+PGJyPgogICAgICAgICAgICDjg6vjg7zjg5Xjgq3jg6Pjg6rjgqLjg7vjg5zjg4Pjgq/jgrnjg7vjg5XjgqPjg4Pjgrfjg7PjgrDjg7vjg7sKICAgICAgICA8L3RkPgogICAgPC90cj4KICAgIDx0cj4KICAgICAgICA8dGQ+CiAgICAgICAgICAgIDxpbWcgc3JjPSJodHRwOi8vaW1hZ2UucmFrdXRlbi5jby5qcC9uZi9jYWJpbmV0L2ltZzYwMzE5MjIwLmpwZyIgYWx0PSLjgqjjg7Pjgrjjg7PjgqrjgqTjg6siIGJvcmRlcj0iMCI+PGJyPgogICAgICAgICAgICBNb2JpbDHjg7tIS1Pjg7tSRURMSU5F44O744O744O75Y+W5omx5aSa5pWwCiAgICAgICAgPC90ZD4KICAgICAgICA8dGQ+PC90ZD4KICAgICAgICA8dGQ+CiAgICAgICAgICAgIDxpbWcgc3JjPSJodHRwOi8vaW1hZ2UucmFrdXRlbi5jby5qcC9uZi9jYWJpbmV0L2ltZzYwMzE5MjE1LmpwZyIgYWx0PSLjg5Djg4Pjg4bjg6rjg7wiIGJvcmRlcj0iMCI+PGJyPgogICAgICAgICAgICDoh6rli5Xou4rjg7sy6Lyq55So44Gq44Gp44CB55So6YCU5Yil44Gr5Y+W5omx77yBCiAgICAgICAgPC90ZD4KICAgIDwvdHI+CiAgICA8dHI+CiAgICAgICAgPHRkPgogICAgICAgICAgICA8aW1nIHNyYz0iaHR0cDovL2ltYWdlLnJha3V0ZW4uY28uanAvbmYvY2FiaW5ldC9pbWc2MDMxOTIyNy5qcGciIGFsdD0i44Ov44Kk44OR44O8IiBib3JkZXI9IjAiPjxicj4KICAgICAgICAgICAgUElBQeODu0JPU0NI44O7TldC44CA44Ov44Kk44OR44O85Yui5o+D44GECiAgICAgICAgPC90ZD4KICAgICAgICA8dGQ+PC90ZD4KICAgICAgICA8dGQ+CiAgICAgICAgICAgIDxpbWcgc3JjPSJodHRwOi8vaW1hZ2UucmFrdXRlbi5jby5qcC9uZi9jYWJpbmV0L2ltZzYwMzE5MjE2LmpwZyIgYWx0PSLjgqjjgqLjgrPjg7Pjg5XjgqPjg6vjgr/jg7wiIGJvcmRlcj0iMCI+PGJyPgogICAgICAgICAgICDjgqjjgqLjgrPjg7Pjg5XjgqPjg6vjgr/jg7zlkITnqK4KICAgICAgICA8L3RkPgogICAgPC90cj4KICAgIDx0cj4KICAgICAgICA8dGQ+CiAgICAgICAgICAgIDxpbWcgc3JjPSJodHRwOi8vaW1hZ2UucmFrdXRlbi5jby5qcC9uZi9jYWJpbmV0L2ltZzYwMzE5MjE4LmpwZyIgYWx0PSLjg5jjg4Pjg4njg6njg7Pjg5ciICBib3JkZXI9IjAiPjxicj4KICAgICAgICAgICAg44OQ44Or44OW44O744OY44OD44OJ44Op44Kk44OI44O7SElE44O744O744O7CiAgICAgICAgPC90ZD4KICAgICAgICA8dGQ+PC90ZD4KICAgICAgICA8dGQ+CiAgICAgICAgICAgIDxpbWcgc3JjPSJodHRwOi8vaW1hZ2UucmFrdXRlbi5jby5qcC9uZi9jYWJpbmV0L2ltZzYwMzE5MjIzLmpwZyIgYWx0PSLmtJfou4rnlKjlk4EiIGJvcmRlcj0iMCI+PGJyPgogICAgICAgICAgICDjgrfjg6XjgqLjg6njgrnjgr/jg7zjg7vjg6zjgqTjg7Pjgqjjg4Pjgq/jgrnjgarjgakKICAgICAgICA8L3RkPgogICAgPC90cj4KPC90YWJsZT4KCgo8cD4KICA8aW1nIHNyYz0iaHR0cDovL2ltYWdlLnJha3V0ZW4uY28uanAvbmYvY2FiaW5ldC9pbWc2MDMxOTI4OS5naWYiIGFsdD0iIiBib3JkZXI9IjAiPjxicj4KICA8YnI+CiAgPGI+54++5Zyo44Gu5Lq65rCX44Kr44O855So5ZOB44Gv44GT44KM77yBPC9iPjxicj4KPC9wPgoKPGJyPjxicj4=,TUlDUk8g5pel5pys44Oe44Kk44Kv44Ot44OV44Kj44Or44K/44O85bel5qWtIOOCqOOCouOCs+ODs+ODleOCo+ODq+OCv+ODvCDjgrzjgqrjg6njgqTjg4jjg5fjg6njgrkg44Oe44OE44OAIOOCouODhuODs+OCtiBHSiNGUCBHSiNGVyAyMDEy5bm0MTHmnIjvvZ4gW1JDRjg4NTZd77ya44Kr44O855So5ZOB5Y245ZWP5bGL44CA44OL44Ol44O844OV44Ot44Oz44OG44Ki,44Kr44O855So5ZOB44Kr44O844OK44OT44Ky44O844K344On44Oz44Kr44O844Kq44O844OH44Kj44Kq55uX6Zuj6K2m5aCx5qmf44Oq44Oi44Kz44Oz44Ko44Oz44K444Oz44K544K/44O844K/44O844Kk44Oq44K444Km44Og44OX44Op44Kw44K344Oq44Kz44Oz44OX44Op44Kw44Kz44O844OJ44Kt44Oj44Oq44Ki77yl77y077yj6LuK6LyJ5ZmoSElE44OV44Kj44Or44Og44Ki44Oz44OG44OK44Oh44O844K/44O844OH44Kj44OD44Kt44O844K644OQ44Kk44Kv55So5ZOB44Kk44Oz44OQ44O844K/44O844K544OU44O844Kr44O8RFZE44K744Kt44Ol44Oq44OG44Kj44Os44O844OA44O85o6i55+l5qmf44OQ44OD44OG44Oq44O8TUlDUk8g5pel5pys44Oe44Kk44Kv44Ot44OV44Kj44Or44K/44O85bel5qWtIOOCqOOCouOCs+ODs+ODleOCo+ODq+OCv+ODvCDjgrzjgqrjg6njgqTjg4jjg5fjg6njgrkg44Oe44OE44OAIOOCouODhuODs+OCtiBHSiNGUCBHSiNGVyAyMDEy5bm0MTHmnIjvvZ4gW1JDRjg4NTZd,6YCB5paZ54Sh5paZ4oC75rKW57iEL+mbouWztuWIpeaWmemHkeOAgk1JQ1JPIOaXpeacrOODnuOCpOOCr+ODreODleOCo+ODq+OCv+ODvOW3pealrSDjgqjjgqLjgrPjg7Pjg5XjgqPjg6vjgr/jg7wg44K844Kq44Op44Kk44OI44OX44Op44K5IOODnuODhOODgCDjgqLjg4bjg7PjgrYgR0ojRlAgR0ojRlcgMjAxMuW5tDEx5pyI772eIFtSQ0Y4ODU2XQ==[rn]
21-63161,aHR0cDovL3RzaG9wLnIxMHMuanAvYXV0b3BhcnRzLWFnZW5jeS9jYWJpbmV0L3R1bmluZzE5OC9hcGNmLW5zMDA0LWNiXzAwMS5qcGc/Zml0aW49NzAwOjcwMA==,ODg4LjgwMDA=,,6LuK55So5ZOB44O744OQ44Kk44Kv55So5ZOBID4g44Kr44O855So5ZOBID4g44OQ44OD44OG44Oq44O844O744Oh44Oz44OG44OK44Oz44K555So5ZOBID4g44OV44Kj44Or44K/44O8ID4g44Ko44Ki44Kz44Oz44OV44Kj44Or44K/44O8,QVAg44Ko44Ki44Kz44Oz44OV44Kj44Or44K/44O8IOa0u+aAp+eCreWFpeOCiiDjg57jg4Tjg4AgTVBWIExZM1AgMjAwNuW5tDAy5pyI772e,44CA,44CAPGltZyBzcmM9Imh0dHA6Ly9pbWFnZS5yYWt1dGVuLmNvLmpwL2F1dG9wYXJ0cy1hZ2VuY3kvY2FiaW5ldC9pbWFnZXMvdGFubm9raS5naWYiIGFsdD0i5Zyo5bqrIj48YnI+PGJyPuWFpeaVsO+8mjHlgIs8YnI+PGJyPue0lOato+OCiOOCiuOCgumrmOaAp+iDveOAgemrmOWTgeizqu+8gTxicj7mtLvmgKfngq3lhaXjgorjgIHohLHoh63mqZ/og73ku5jjgY3jga7jgqjjgqLjgrPjg7Pjg5XjgqPjg6vjgr/jg7zjgafjgZnvvIE8YnI+PGJyPuKWoOOCqOOCouOCs+ODs+OBruWrjOOBquiHreOBhOOCkuino+a2iOOBl+OBpuOAgeWkluawl+OBruODm+OCs+ODquOChOiKseeyieOCkuOCt+ODo+ODg+ODiOOCouOCpuODiO+8gTxicj7ou4rlpJbjgYvjgonjga7msZrjgozjgZ/nqbrmsJfjgIHoirHnsonjgIHjg5vjgrPjg6rjgIHmjpLmsJfjgqzjgrnjgarjganjgavlkKvjgb7jgozjgovjg4fjgqPjg7zjgrzjg6vnsonjgarjganjgpLjgqvjg4Pjg4jjgZfjgabjgIHou4rlhoXjgpLjgq/jg6rjg7zjg7Pjgaflv6vpganjgarnirbmhYvjgavkv53jgaHjgb7jgZnjgII8YnI+5rS75oCn54Kt5YWl44KK44Gv44CB5a6k5YaF44Gu6Iet44GE44KE5aSW5rCX44Gu6Iet44GE44KS5raI6Iet44GZ44KL5Yq55p6c44GM44GC44KK44G+44GZ77yBPGJyPjxicj7ilqDmhI/lpJbjgavmsZrjgozjgabjgYTjgovlrqTlhoXnlKjjg5XjgqPjg6vjgr/jg7w8YnI+44OV44Kj44Or44K/44O844GM5Y+k44GP44Gq44KL44Go55uu6Kmw44G+44KK44KS44GK44GT44GX44CB44Ko44Ki44Kz44Oz44Gu6aKo6YeP44GM5L2O5LiL44GX44Gf44KK44CB6ISx6Iet5Yq55p6c44GM5L2O5LiL44GX44Gm5auM44Gq6Iet44GE44Gu44KC44Go44Gr44Gq44KK44G+44GZ44Gu44Gn44CB5a6a5pyf55qE44Gq5Lqk5o+b44GM5b+F6KaB44Gn44GZ44CCPGJyPuS6pOaPm+OBruebruWuieOBr++8keS4h++8leWNg2tt44GU44Go44CB5Y+I44Gv77yR5bm044GU44Go44GM5o6o5aWo44GV44KM44Gm44GE44G+44GZ44CCPGJyPjxicj7igLvjgZTkvb/nlKjjga7nkrDlooPjgavjgojjgorlr7/lkb3jgYznlbDjgarjgorjgb7jgZnjga7jgafjgIHmqZ/og73kvY7kuIvjgoTnm67oqbDjgb7jgorjgavjgojjgovpoqjph4/kvY7kuIvjgYznlJ/jgZjjgZ/pmpvjgavjga/jgIHjgYrml6njgoHjga7kuqTmj5vjgpLjgYrli6fjgoHjgZfjgb7jgZnjgII8YnI+PGJyPuOCteOCpOOCui/jgr/jgqTjg5fvvJrmtLvmgKfngq3lhaXjgoo8YnI+PGJyPuWPguiAg+e0lOato+WTgeeVqu+8mkwyMDYtNjEtUDExLDk1ODYxLTU0RzAwPGJyPjxicj7lj4LogIPntJTmraPnlarlj7fvvJpMMjA2LTYxLVAxMSw5NTg2MS01NEcwMDxicj7lj4LogIPmnbHmtIvlk4HnlarvvJpDTUEtNTA3PGJyPuadkOizqu+8muODleOCo+ODq+OCv+ODvOODleOCoeOCpOODkOODvO+8iOa0u+aAp+eCreWFpe+8iTxicj7jg5XjgqPjg6vjgr/jg7zlr7jms5UobW0p77yaMTk4w5cxODfDlzE3bW08YnI+5p6g5a+45rOVKG1tKe+8mjIyNMOXMjE4w5czNG1tPGJyPjxicj7ilqDpganlkIjou4rnqK48YnI+44Oe44OE44OAIE1QVjxicj5MWTNQIDIwMDblubQwMuaciO+9njxicj48YnI+4oC75Y+W5LuY5b6M44Gu5LiN6Imv44Gv5Y+W5LuY44Of44K544KC6ICD44GI44KJ44KM44G+44GZ44Gu44Gn55CG55Sx5aaC5L2V44Gr6Zai44KP44KJ44Ga6L+U5ZOB44Gv5om/44KK44GL44Gt44G+44GZ44CC5Y+W44KK5LuY44GR5YmN44Gr5b+F44Ga54++6LuK44Go44Gu5b2i54q25ZCI44KP44Gb44KS6KGM44GE44OV44Kj44OD44OG44Kj44Oz44Kw44Gu44GU56K66KqN44KS44GK6aGY44GE44GX44G+44GZ44CCPGJyPjxicj48Yj48Zm9udCBjb2xvcj0icmVkIj7jgZPjgaHjgonjga7llYblk4Hjga/pganlkIjnorroqo3jgYzlv4XjgZrlv4XopoHjgafjgZnjgII8YnI+44Kr44O844OI44Gr5YWl44KM44Gf5b6M44CB5rOo5paH44OV44Kp44O844Og44Gu5YKZ6ICD5qyE44Gr6LuK6LyM5oOF5aCx44KS44GU5YWl5Yqb44GP44Gg44GV44GE44CCPGJyPui7iui8jOaDheWgseOBjOOBguOCiuOBvuOBm+OCk+OBqOOAgeWGjeW6pui7iui8jOaDheWgseOCkuOBiuS8uuOBhOOBmeOCi+WgtOWQiOOCguOBguOCiueZuumAgeOBq+OBiuaZgumWk+OBjOOBi+OBi+OCiuOBvuOBmeOBruOBp+OBlOWNlOWKm+OBrueoi+WunOOBl+OBj+OBiumhmOOBhOOBhOOBn+OBl+OBvuOBmeOAgjwvZm9udD48L2I+PGJyPjxicj7ilqDlk4Hnlao8YnI+QVAtQUNGLVNVMDQxTkM8YnI+4pag6Zai6YCj5LqL6aCFPGJyPkwyMDYtNjEtUDExLDk1ODYxLTU0RzAwIOOCreODo+ODk+ODs+ODleOCo+ODq+OCv+ODvCDjgq3jg6Pjg5Pjg7Pjg5XjgqPjg6vjgr8g44Ko44Ki44Kz44Oz44OV44Kj44Or44K/IOOCqOOCouOCs+ODs+OCr+ODquODvOODs+ODleOCo+ODq+OCv+ODvCDjgqjjgqLjgrPjg7Pjgq/jg6rjg7zjg7Pjg5XjgqPjg6vjgr8g44Kv44Oq44O844Oz44OV44Kj44Or44K/44O8IOOCr+ODquODvOODs+ODleOCo+ODq+OCvyDjgqvjg7zjgqjjgqLjgrPjg7Mg44Kr44O844Ko44Ki44Kz44Oz44OV44Kj44Or44K/44O8IOOCq+ODvOOCqOOCouOCs+ODs+ODleOCo+ODq+OCvyDjgqjjgqLjgrPjg7Mg44Kt44Oj44OT44OzIOODleOCo+ODq+OCv+ODvCDjg5XjgqPjg6vjgr8g44OA44OD44K344Ol44Oc44O844OJPGJyPuKWoOmBqeWQiOaDheWgsTxicj5NQVpEQTxicj7ilqDjgZ3jga7ku5Y8YnI+YXV0b21vYmlsZSBtb3RvcmNhciDjgqrjg7zjg4jjg6Ljg7zjg5Pjg6sg44Oi44O844K/44O844Kr44O8IOOCq+ODvCDou4og6Ieq5YuV6LuKIOi7iuS4oTxkaXYgc3R5bGU9Im1hcmdpbi1ib3R0b206MjBweDt0ZXh0LWFsaWduOmNlbnRlcjsiPjxpbWcgc3JjPSJodHRwOi8vaW1hZ2UucmFrdXRlbi5jby5qcC9hdXRvcGFydHMtYWdlbmN5L2NhYmluZXQvbmV3X2F0dGVudGlvbi5naWYiIGJvcmRlcj0iMCIgYWx0PSLntI3mnJ/jg7vllYblk4HjgavjgaTjgYTjgabjga7ms6jmhI/kuovpoIXjgafjgZnjgILnorroqo3jgY/jgaDjgZXjgYQiID4KPC9kaXY+,QVAg44Ko44Ki44Kz44Oz44OV44Kj44Or44K/44O8IOa0u+aAp+eCreWFpeOCiiDjg57jg4Tjg4AgTVBWIExZM1AgMjAwNuW5tDAy5pyI772e77ya44Kq44O844OI44OR44O844OE44Ko44O844K444Kn44Oz44K344O8,44Kr44O844OR44O844OEIOOCquODvOODiOODkeODvOODhCDoh6rli5Xou4rpg6jlk4Eg44Kr44O855So5ZOB44OW44Os44O844Kt44OR44OD44OJ6LuK6auY6Kq/44Kt44OD44OI44Oe44OV44Op44O844Ko44Ki44Kz44Oz44OV44Kj44Or44K/44O844OJ44Op44Kk44OW44K344Oj44OV44OI44K544OG44Ki44Oq44Oz44Kw44OW44O844OE44OQ44OD44OG44Oq44O844K144K544Oa44Oz44K344On44Oz44Ko44Ki44OV44Kj44Or44K/44O8QVAg44Ko44Ki44Kz44Oz44OV44Kj44Or44K/44O8IOa0u+aAp+eCreWFpeOCiiDjg57jg4Tjg4AgTVBWIExZM1AgMjAwNuW5tDAy5pyI772e,44CA44CCQVAg44Ko44Ki44Kz44Oz44OV44Kj44Or44K/44O8IOa0u+aAp+eCreWFpeOCiiDjg57jg4Tjg4AgTVBWIExZM1AgMjAwNuW5tDAy5pyI772e[rn]
21-63162,aHR0cDovL3RzaG9wLnIxMHMuanAvaGM3L2NhYmluZXQvMjAxNi0yL2ttYXNhLTA0MjkzNy5qcGc/Zml0aW49NzAwOjcwMA==,MjU5Ny42MDAw,,6LuK55So5ZOB44O744OQ44Kk44Kv55So5ZOBID4g44Kr44O855So5ZOBID4g44OQ44OD44OG44Oq44O844O744Oh44Oz44OG44OK44Oz44K555So5ZOBID4g44OV44Kj44Or44K/44O8ID4g44Ko44Ki44Kz44Oz44OV44Kj44Or44K/44O8,Qk9TQ0gg44Oc44OD44K344OlIOODl+ODrOODn+OCouODoCAo5oqX44Km44Kj44Or44K544O744Ki44Os44Or54mp6LOq5oqR5Yi244K/44Kk44OXKSDlm73nlKPou4rnlKgg44Ko44Ki44Kz44Oz44OV44Kj44Or44K/44O8IOODnuODhOODgCDlk4HnlarvvJpbQVAtWjA3XSBCT1NDSCBbUE0yLjUg44OB44OqIOODm+OCs+ODqiDln4Mg6Iqx57KJIOODgOODiyDjgq/jg6rjg7zjg7Pjg5XjgqPjg6vjgr/jg7xd44CQUkNQ44CR,MzY15pel5q+O5pel5Za25qWt5Lit44Gu44Ob44O844Og44K744Oz44K/44O844K744OW44OzIDc=,PHRhYmxlIHdpZHRoPSI0MDAiIGNlbGxwYWRkaW5nPSI2IiBjZWxsc3BhY2luZz0iMSIgc3R5bGU9ImZvbnQtc2l6ZToxMnB4OyBjb2xvcjojMzMzOyBsaW5lLWhlaWdodDoxLjU7IGJhY2tncm91bmQ6IzgyNTcwMDsiPjx0cj48dGQgc3R5bGU9ImNvbG9yOiM2NDNCMEY7IGJhY2tncm91bmQ6I0ZGRjsiPuODoeODvOOCq+ODvDwvdGQ+PHRkIHN0eWxlPSJiYWNrZ3JvdW5kOiNGRkY7Ij5CT1NDSDwvdGQ+PC90cj48dHI+PHRkIHdpZHRoPSIxMjAiIHN0eWxlPSJjb2xvcjojNjQzQjBGOyBiYWNrZ3JvdW5kOiNGRkY7Ij7lk4HlkI08L3RkPjx0ZCBzdHlsZT0iYmFja2dyb3VuZDojRkZGOyI+Qk9TQ0gg44Oc44OD44K344OlIOODl+ODrOODn+OCouODoCAo5oqX44Km44Kj44Or44K544O744Ki44Os44Or54mp6LOq5oqR5Yi244K/44Kk44OXKSDlm73nlKPou4rnlKgg44Ko44Ki44Kz44Oz44OV44Kj44Or44K/44O8IOODnuODhOODgCDlk4HnlarvvJpbQVAtWjA3XTwvdGQ+PC90cj48dHI+PHRkIHN0eWxlPSJjb2xvcjojNjQzQjBGOyBiYWNrZ3JvdW5kOiNGRkY7Ij7lk4Hnlarlj4jjga9KQU7jgrPjg7zjg4k8L3RkPjx0ZCBzdHlsZT0iYmFja2dyb3VuZDojRkZGOyI+SkFOOjQ5Njk2NTU0NjIzNjU8L3RkPjwvdHI+PHRyPjx0ZCBzdHlsZT0iY29sb3I6IzY0M0IwRjsgYmFja2dyb3VuZDojRkZGOyI+44K144Kk44K6PC90ZD48dGQgc3R5bGU9ImJhY2tncm91bmQ6I0ZGRjsiPi08L3RkPjwvdHI+PHRyPjx0ZCBzdHlsZT0iY29sb3I6IzY0M0IwRjsgYmFja2dyb3VuZDojRkZGOyI+6YeN6YePPC90ZD48dGQgc3R5bGU9ImJhY2tncm91bmQ6I0ZGRjsiPi08L3RkPjwvdHI+PHRyPjx0ZCBzdHlsZT0iY29sb3I6IzY0M0IwRjsgYmFja2dyb3VuZDojRkZGOyI+5ZWG5ZOB6Kqs5piOPC90ZD48dGQgc3R5bGU9IiBiYWNrZ3JvdW5kOiNGRkY7Ij7jg6Hjg7zjgqvjg7zjgrXjgqTjg4jjgavjgabpganlkIjjgpLjgZTnorroqo3jga7kuIrjgIHjgYrmsYLjgoHjgY/jgaDjgZXjgYTjgII8YnI+5o6y6LyJ55S75YOP44Gv44Kk44Oh44O844K455S75YOP44Gn44GZ44CC5ZOB55Wq44Gr44KI44KK5b2i54q244Gv55Ww44Gq44KK44G+44GZ44CCPGJyPuaKl+iPjOOCv+OCpOODl+OBq+aKl+OCpuOCpOODq+OCueOAgeOCouODrOODq+eJqeizquaKkeWItuapn+iDveOCkui/veWKoOOBl+OAgeOBleOCieOBq+W/q+mBqeaAp+OCkui/veaxguOAgjxicj7oirHnsonvvaXjgbvjgZPjgorjgaDjgZHjgafjgarjgY/vvaTlvq7lsI/nspLlrZDvvIhQTTIuNe+8ieOBrumZpOWOu+OBq+OCguWKueaenOOCkueZuuaPruOBl+OBvuOBme+9oTxicj48YnI+Qk9TQ0gg44Oc44OD44K344OlIOODl+ODrOODn+OCouODoCAo5oqX44Km44Kj44Or44K544O744Ki44Os44Or54mp6LOq5oqR5Yi244K/44Kk44OXKSDlm73nlKPou4rnlKgg44Ko44Ki44Kz44Oz44OV44Kj44Or44K/44O8IOODnuODhOODgCDlk4HnlarvvJpbQVAtWjA3XSBQTTIuNSDjg4Hjg6og44Ob44Kz44OqIOWfgyDoirHnsokg44OA44OLIOOCr+ODquODvOODs+ODleOCo+ODq+OCv+ODvDwvdGQ+PC90cj48L3RhYmxlPjxmb250IHNpemU9IjEiIGNvbG9yPSIjMDAwMDAwIj7igLvnlLvlg4/jga/jgqTjg6Hjg7zjgrjjgafjgZnjgII8YnI+4oC75ZWG5ZOB44Gu6Imy44Gv44CB44Kz44Oz44OU44Ol44O844K/44OH44Kj44K544OX44Os44Kk44Gu5oCn6LOq5LiK44CB5a6f6Zqb44Gu6Imy44Go44Gv5aSa5bCR55Ww44Gq44KK44G+44GZ44CCPGJyPuKAu+S7leanmOOBr+S6iOWRiuOBquOBj+WkieabtOOBmeOCi+WgtOWQiOOBjOOBguOCiuOBvuOBmeOAguWun+mam+OBruWVhuWTgeOBqOODh+OCtuOCpOODs+OAgeiJsuOAgeS7leanmOOBjOS4gOmDqOeVsOOBquOCi+WgtOWQiOOBjOOBlOOBluOBhOOBvuOBmeOAgjxicj48L2ZvbnQ+PHRhYmxlIHdpZHRoPSI3NzMiPiA8dGJvZHk+IDx0cj4gPHRkPjwvdGQ+IDwvdHI+IDwvdGJvZHk+IDwvdGFibGU+CgoKCgoKPHN0eWxlIHR5cGU9InRleHQvY3NzIj4KPCEtLQoKZGl2I0hlYWRlcktleXdvcmQgewoJcG9zaXRpb246YWJzb2x1dGU7Cgl0b3A6NzBweDsvKuS4gOeVquS4iuOBi+OCieOBruS9jee9riovCglsZWZ0OjEwMHB4Oy8q5bem56uv44GL44KJ44Gu5L2N572uKi8KfQoKZGl2I0hlYWRlcktleXdvcmQgc3BhbiB7CgliYWNrZ3JvdW5kOiAjYmYwMDAwOwoJY29sb3I6I2ZmZjsKCWZvbnQtd2VpZ2h0OmJvbGQ7CglwYWRkaW5nOjJweCA1cHg7Cn0KCmRpdiNIZWFkZXJLZXl3b3JkIGEgewoJY29sb3I6IzAwNDRDQzsKfQoKLS0+Cjwvc3R5bGU+Cgo8ZGl2IGlkPSJIZWFkZXJLZXl3b3JkIj4KPHNwYW4+5rOo55uu44Gu44Kt44O844Ov44O844OJPC9zcGFuPgrjg5Djg6rjgrnjgr8K44Gv44GX44GU5YW855So6ISa56uLUkMyLjAtMTUK44OL44Oj44Oz44Go44KCCkRIQ+OAgOODoeODvOODq+S+vwrjg5Hjg4Pjgq/jgrnjg4rjg4Hjg6Xjg63jg7MK6Z+z5rOi5oyv5YuV56OB5rCX44OY44Ki44OW44Op44K3CjwvZGl2PgoKCgoKPHN0eWxlIHR5cGU9InRleHQvY3NzIj4KPCEtLQoKLyog5YCL5pWw5YWl5Yqb5qyE44Gu5aSn44GN44GVICovCmlucHV0I3VuaXRzIHsKcGFkZGluZzogMXB4IDBweDsKfQoKLyog44GK6LK344GE54mp44GL44GU44Oc44K/44Oz44Gu5aSn44GN44GVICovCmlucHV0IHsKZm9udC1zaXplOiAxNXB4OwpwYWRkaW5nOjEwcHggMzBweDsKd2lkdGg6IGF1dG87Cn0KCi8qIOOAjOWVhuWTgeOBq+OBpOOBhOOBpuOBruWVj+OBhOWQiOOCj+OBm+OAjeODnOOCv+ODs+OBruWkp+OBjeOBlSovCmZvbnQgaW5wdXQgewpmb250LXNpemU6IDEycHg7CnBhZGRpbmc6MnB4Owp3aWR0aDogMTUwcHg7Cn0KCi0tPgo8L3N0eWxlPgoKCgoKCgoKCgo8dGFibGUgd2lkdGg9Ijc5MCIgYm9yZGVyPSIwIiBjZWxscGFkZGluZz0iMSIgc3R5bGU9ImxpbmUtaGVpZ2h0OjEycHQgOyBmb250LXNpemU6MTJweCA7IHRleHQtYWxpZ246Y2VudGVyIj4KICA8dHI+CiAgICA8dGQgY29sc3Bhbj0iNCI+PGltZyBzcmM9Imh0dHA6Ly9pbWFnZS5yYWt1dGVuLmNvLmpwL2hjNy9jYWJpbmV0LzIwMTQtMS91cmV0ZW1hc3UtMi5qcGciIHdpZHRoPSI3OTAiIC8+PC90ZD4KICA8L3RyPgogICA8dHI+CiAgICA8dGQ+PGltZyBzcmM9Imh0dHA6Ly9pbWFnZS5yYWt1dGVuLmNvLmpwL2hjNy9jYWJpbmV0L3RhaXlvdXl1c2hpLzQ5MDQ3MzUwNTUyMjgtMS5qcGciIHdpZHRoPSIxOTAiIGJvcmRlcj0iMCIgLz48YnIgLz48L3RkPgogICAgPHRkPjxpbWcgc3JjPSJodHRwOi8vaW1hZ2UucmFrdXRlbi5jby5qcC9oYzcvY2FiaW5ldC90YWl5b3V5dXNoaS80OTA0NzM1MDU1MTgxLTEuanBnIiB3aWR0aD0iMTkwIiBib3JkZXI9IjAiIC8+PC90ZD4KICAgIDx0ZD48aW1nIHNyYz0iaHR0cDovL2ltYWdlLnJha3V0ZW4uY28uanAvaGM3L2NhYmluZXQvdGFpeW91eXVzaGkvNDkwNDczNTA1NTE0My0xLmpwZyIgd2lkdGg9IjE5MCIgYm9yZGVyPSIwIiAvPjwvdGQ+CiAgICA8dGQ+PGltZyBzcmM9Imh0dHA6Ly9pbWFnZS5yYWt1dGVuLmNvLmpwL2hjNy9jYWJpbmV0L3RhaXlvdXl1c2hpLzQ5MDQ3MzUwNTA0MTQuanBnIiB3aWR0aD0iMTkwIiBib3JkZXI9IjAiIC8+PC90ZD4KICA8L3RyPgogIDx0cj4KICAgIDx0ZD7lpKrpmb3msrnohII8YnIgLz4KICAgIOODkeODg+OCr+OCueODiuODgeODpeODreODs+OAgOODnOODh+OCo+OCveODvOODlyDjgIA8L3RkPgogICAgPHRkPuWkqumZveayueiEgjxiciAvPgogICAg44OR44OD44Kv44K544OK44OB44Ol44Ot44Oz44CA44Oq44Oz44K5PC90ZD4KICAgIDx0ZD7lpKrpmb3msrnohII8YnIgLz4KICAgIOODkeODg+OCr+OCueODiuODgeODpeODreODs+OAgOOCt+ODo+ODs+ODl+ODvOOAgDwvdGQ+CiAgICA8dGQ+5aSq6Zm95rK56ISCPGJyIC8+CiAgICDjg5Hjg4Pjgq/jgrnjgIDnn7PjgZHjgpPjg4/jg5/jgqzjgq3jgIA8L3RkPgogIDwvdHI+CiAgICAgIDx0cj4KICAgIDx0ZCBjb2xzcGFuPSI0Ij4mbmJzcDs8L3RkPgogIDwvdHI+CiAgPHRyPgogICAgPHRkPjxpbWcgc3JjPSJodHRwOi8vaW1hZ2UucmFrdXRlbi5jby5qcC9oYzcvY2FiaW5ldC90YWl5b3V5dXNoaS80OTA0NzM1MDU0ODE4LmpwZyIgd2lkdGg9IjE5MCIgYm9yZGVyPSIwIiAvPjwvdGQ+CiAgICA8dGQ+PGltZyBzcmM9Imh0dHA6Ly9pbWFnZS5yYWt1dGVuLmNvLmpwL2hjNy9jYWJpbmV0L3RhaXlvdXl1c2hpLzQ5MDQ3MzUwNTQ3OTUuanBnIiB3aWR0aD0iMTkwIiBib3JkZXI9IjAiIC8+PC90ZD4KICAgIDx0ZD48aW1nIHNyYz0iaHR0cDovL2ltYWdlLnJha3V0ZW4uY28uanAvaGM3L2NhYmluZXQvMjAxMjA3aC80OTAxNzk3MDAzMDUxLmpwZyIgd2lkdGg9IjE5MCIgYm9yZGVyPSIwIiAvPjwvdGQ+CiAgICA8dGQ+PGltZyBzcmM9Imh0dHA6Ly9pbWFnZS5yYWt1dGVuLmNvLmpwL2hjNy9jYWJpbmV0L21hdHV5YW1hLzQ5NTQ1NDAxMDk3NTMuanBnIiB3aWR0aD0iMTkwIiBib3JkZXI9IjAiIC8+PC90ZD4KICA8L3RyPgogIDx0cj4KICAgIDx0ZD7lpKrpmb3msrnohII8YnIgLz4KICAgIOODkeODg+OCr+OCueODmeODk+ODvOODnOODh+OCo+OCr+ODquODvOODoCA8L3RkPgogICAgPHRkPuWkqumZveayueiEgjxiciAvPgogICAg44OR44OD44Kv44K544OZ44OT44O844CA5YWo6Lqr44K344Oj44Oz44OX44O844CAPC90ZD4KICAgIDx0ZD7jgrfjg6Pjg5zjg7Pnjonnn7PjgZHjgpM8YnIgLz4KICAgIOe0lOakjeeJqeaAp+a1tOeUqOODkOOCueOCteOCpOOCujwvdGQ+CiAgICA8dGQ+5p2+5bGx5rK56ISCPGJyIC8+CiAgICDogozjgpLjgYbjgovjgYrjgZnkv53mub/mtbjpgI/msLQ8L3RkPgogIDwvdHI+CjwvdGFibGU+,Qk9TQ0gg44Oc44OD44K344OlIOODl+ODrOODn+OCouODoCAo5oqX44Km44Kj44Or44K544O744Ki44Os44Or54mp6LOq5oqR5Yi244K/44Kk44OXKSDlm73nlKPou4rnlKgg44Ko44Ki44Kz44Oz44OV44Kj44Or44K/44O8IOODnuODhOODgCDlk4HnlarvvJpbQVAtWjA3XSBCT1NDSCBbUE0yLjUg44OB44OqIOODm+OCs+ODqiDln4Mg6Iqx57KJIOODgOODiyDjgq/jg6rjg7zjg7Pjg5XjgqPjg6vjgr/jg7xd44CQUkNQ44CR77ya44Ob44O844Og44K744Oz44K/44O844K744OW44Oz,44OR44OK44K944OL44OD44KvIOOCq+OCquOCuSDjg5Djg4Pjg4bjg6rjg7zjg4vjg6Pjg7PjgajjgoLmuIXmvZTjg4jjgqTjg6zjg5Hjg4Pjgq/jgrnjg4rjg4Hjg6Xjg63jg7Pjg4bjg7Pjg57jg5XjgqPjg4Pjg4Tjgrfjg6Pjg5zjg7PnjonjgZvjgaPjgZHjgpPjg6bjg5Tjg4bjg6vjgrvjg6vjgrnjgr/jg7zjgrnjg7zjg6rjg7xpbm5v44OG44Or44OD44OE44Kp44OR44Kk44Kq44OL44Ki44Kx44Oz44Km44OD44OJ44OJ44Op44Kk44OW44Os44Kz44O844OA44O844OP44K744Ks44OvQk9TQ0gg44Oc44OD44K344OlIOODl+ODrOODn+OCouODoCAo5oqX44Km44Kj44Or44K544O744Ki44Os44Or54mp6LOq5oqR5Yi244K/44Kk44OXKSDlm73nlKPou4rnlKgg44Ko44Ki44Kz44Oz44OV44Kj44Or44K/44O8IOODnuODhOODgCDlk4HnlarvvJpbQVAtWjA3XSBCT1NDSCBbUE0yLjUg44OB44OqIOODm+OCs+ODqiDln4Mg6Iqx57KJIOODgOODiyDjgq/jg6rjg7zjg7Pjg5XjgqPjg6vjgr/jg7xd44CQUkNQ44CR,MzY15pel5q+O5pel5Za25qWt5Lit44Gu44Ob44O844Og44K744Oz44K/44O844K744OW44OzIDfjgIJCT1NDSCDjg5zjg4Pjgrfjg6Ug44OX44Os44Of44Ki44OgICjmipfjgqbjgqPjg6vjgrnjg7vjgqLjg6zjg6vnianos6rmipHliLbjgr/jgqTjg5cpIOWbveeUo+i7iueUqCDjgqjjgqLjgrPjg7Pjg5XjgqPjg6vjgr/jg7wg44Oe44OE44OAIOWTgeeVqu+8mltBUC1aMDddIEJPU0NIIFtQTTIuNSDjg4Hjg6og44Ob44Kz44OqIOWfgyDoirHnsokg44OA44OLIOOCr+ODquODvOODs+ODleOCo+ODq+OCv+ODvF3jgJBSQ1DjgJE=[rn]
21-63163,aHR0cDovL3RzaG9wLnIxMHMuanAvanBpdC9jYWJpbmV0L2ctcGFydHMtY2F2aW4vYWlyY29uLWZfbmV3LWc5MDBweC5qcGc/Zml0aW49NzAwOjcwMA==,MTcwNC44MDAw,,6LuK55So5ZOB44O744OQ44Kk44Kv55So5ZOBID4g44Kr44O855So5ZOBID4g44OQ44OD44OG44Oq44O844O744Oh44Oz44OG44OK44Oz44K555So5ZOBID4g44OV44Kj44Or44K/44O8ID4g44Ko44Ki44Kz44Oz44OV44Kj44Or44K/44O8,44Ko44Ki44Kz44Oz44OV44Kj44Or44K/44O8IOODnuODhOODgCDjg4fjg5/jgqogIO+8rO+8oe+8je+8o++8l++8kO+8lCDvvJLlgIvvvJHjgrvjg4Pjg4gg77yI44Ko44Ki44Kz44Oz44Kv44Oq44O844OK44O844O744Kt44Oj44OT44Oz44OV44Kj44Or44K/44O844O744Kv44Oq44O844Oz44OV44Kj44Or44K/44O844O76YGp5ZCI5qSc57Si44GC44KK77yJIOOAkFJDUOOAkeOAkEfjgJE=,TEEtQzcwNA==,PGZvbnQgc2l6ZT0iMiI+4oC76LuK5qSc6Ki844KS44GU55So5oSP44GP44Gg44GV44GE44CC6LuK56iu5ZCN44O75Z6L5byP44O75bm05byP44GL44KJ5YWo6YGp5ZCI44OV44Kj44Or44K/44O844GM6KaL44Gk44GL44KK44G+44GZ44CCICA8YnI+PGJyPuOAkOWPguiAg+Wei+W8j+OAkSAgREUzQVPjg7tERTNGU+ODu0RFNUZT44O7REVKRlM8YnI+PGJyPuOAkOOCteOCpOOCuuOAkeOAgOe4pjI0N21t44CA5qiqOTltbeOAgOmrmOOBlTE3bW08YnI+PGJyPjxpbWcgc3JjPSJodHRwOi8vaW1hZ2UucmFrdXRlbi5jby5qcC9qcGl0L2NhYmluZXQvZy1wYXJ0cy1jYXZpbi9haXJjb24tZl9uZXctZzkwMHB4LmpwZyIgd2lkdGg9IjY4MCI+PGJyPjxicj48aW1nIHNyYz0iaHR0cDovL2ltYWdlLnJha3V0ZW4uY28uanAvanBpdC9jYWJpbmV0L2NhdmluLWtva3VzYW4vaW1ncmMwMDcxNTc1NjQxLmpwZyI+PGJyPjxicj7il4boibLvvJ3jgqTjgqjjg63jg7w8YnI+4peG44K/44Kk44OX77yd6auY5qmf6IO977yI6Z2Z6Zu76Zmk5aG177yJPGJyPuKXhuWfg+ODu+ODgeODqu+8iDEwMHVt5Lul5LiK77yJ44O744O744O7MTAwJemZpOWOuzxicj7il4boirHnsonjg7vjgqvjg5Pog57lrZDvvIgxMO+9njEwMHVt77yJ44O744O744O7MTAwJemZpOWOuzxicj7il4bjgr/jg5DjgrPjga7nhZnjg7vjg4fjg7zjgrzjg6vnhZnvvIgwLjAx772eMC41dW3vvInjg7vjg7vjg7vmnIDlpKc1MCXpmaTljrs8YnI+PGJyPjxpbWcgc3JjPSJodHRwOi8vaW1hZ2UucmFrdXRlbi5jby5qcC9qcGl0L2NhYmluZXQvMDMxMjM4ODAvY2F2aW4tbG9nby0wOTAzLmpwZyIgd2lkdGg9IjY4MCIgIGhlaWdodD0iMzAiPjxicj48YnI+PGJyPjxpbWcgc3JjPSJodHRwOi8vaW1hZ2UucmFrdXRlbi5jby5qcC9qcGl0L2NhYmluZXQvMDMxMjM4ODAva291a2FuLWxvZ28tMDkwMy0yLmpwZyI+PGJyPjxicj7il4bkuqTmj5vmmYLmnJ/jga/jgIHou4rnqK7jgavjgojjgaPjgabnlbDjgarjgorjgb7jgZnjgYzjgIEx5bm044GrMeWbnuWPiOOBrzEwLDAwMGtt5q+O44Gu5Lqk5o+b44KS44GK6Jam44KB44GX44G+44GZ44CCPGJyPuKXhuS6pOaPm+aWueazleOBr+WPluS7mOiqrOaYjuabuOOCkuOBlOimp+OBj+OBoOOBleOBhOOAgjxicj48YnI+PGltZyBzcmM9Imh0dHA6Ly9pbWFnZS5yYWt1dGVuLmNvLmpwL2pwaXQvY2FiaW5ldC8wMzEyMzg4MC9zZXRzdW1laS1sb2dvLTA5MDMtMi5qcGciPjxicj48YnI+4peG44OW44Op44Oz44OJ5ZCNIOOAjEctUEFSVFPjgI3jgIDlm73lhoXntJTmraPjg6Hjg7zjgqvjg7w8YnI+4peG5pyA6auY5ZOB6LOq44Gu44Ko44Ki44Kz44Oz44OV44Kj44Or44K/44O877yI44Kt44Oj44OT44Oz44OV44Kj44Or44K/44O844O744Ko44Ki44Kz44Oz44Kv44Oq44O844OK44O844O744Kv44Oq44O844Oz44OV44Kj44Or44K/44O877yJPGJyPuKXhueJueW+tDxicj7jgIAq6YCa5rCX5oq15oqX44KS5oqR44GI44CB5pyA6YGp44Gq56S+5YaF5o+b5rCX44KS5a6f54++PGJyPuOAgCrnqbrmsJfkuK3jga7otoXlvq7nspLlrZDjgoLnorrlrp/jgavmjZXmjYk8YnI+44CAKuODoeODs+ODhuODiuODs+OCueOCpOODs+OCv+ODvOODkOODq+OCkumAmuOBmOOBpuW4uOOBq+WuieWumuOBl+OBn+OCjemBjuaAp+iDveOCkueZuuaPrjxicj7jgIAq5qmf5qKw55qE5ZC4552A44Go6Z2Z6Zu75rCX5ZC4552A44Gr44KI44KL5r++6YGO5oCn6IO944KS55m65o+uPGJyPuOAgCrpq5jjgYTjg5XjgqPjg4Pjg4jmgKfjgajjgrfjg7zjg6vmgKc8YnI+44CAKuips+e0sOOBquWPluS7mOiqrOaYjuabuOOBq+OCiOOCiuewoeWNmOOBi+OBpOi/hemAn+OBquWPluS7mOOBjOWPr+iDvTxicj7il4bjgqjjgqLjgrPjg7PvvIjjgq3jg6Pjg5Pjg7PvvInjg5XjgqPjg6vjgr/jg7zjga/nqbrmsJfkuK3jga7oirHnsonjgoTkuI3lv6vjgarnspLlrZDjgIHmnInlrrPjgqzjgrnjgpLjgbvjgbzlrozlhajjgavpmaTljrvjgZfjgIHlv6vpganjgarnpL7lhoXnkrDlooPjgpLlrp/nj77jgZfjgb7jgZnjgII8YnI+4peG5LiN57mU5biD44Gv44CB5aSa5pWw44Gu57Sw44GL44GE57mK57at44Gn44Gn44GN44Gm44GK44KK44CB44Gd44Gu54m55q6K5qeL6YCg44Gr44KI44KK5Z+D44KE44GZ44GZ44Gu57KS5a2Q44KS44G744G85a6M5YWo44Gr6Zmk5Y6744GX5YyW5a2m54mp6LOq44KS5L2/55So44GX44Gm44GK44KJ44Ga55Ww6Iet44KC55m655Sf44GX44G+44Gb44KT44CCPGJyPjxicj48aW1nIHNyYz0iaHR0cDovL2ltYWdlLnJha3V0ZW4uY28uanAvanBpdC9jYWJpbmV0LzAzMTIzODgwL3R5dXVpLWxvZ28tMDkwMy0yLmpwZyI+PGJyPjxicj7igLvmjrLovInjgZfjgabjgYTjgb7jgZnkuIDpg6jjga7ou4rkuKHjgafjga/jgIHou4rnqK7jgIHlnovlvI/jgIHlubTlvI/nrYnjgYzlkIzkuIDjga7loLTlkIjjgafjgoLjgIHmjpLmsJfph4/jgoTjgr/jgqTjg5fjgIHou4rlj7Dnlarlj7fjgarjganjgavjgojjgoo8YnI+6YGp5ZCI5ZWG5ZOB44GM55Ww44Gq44KL5aC05ZCI44GM44GU44GW44GE44G+44GZ44CCPGJyPuKAu+e0lOato+eVquWPt+OAgei7iuWPsOeVquWPt+OAgeaOkuawl+mHj+OAgeOCv+OCpOODl+OCkuiomOi8ieOBl+OBpuOBhOOCi+WVhuWTgeOBr+W/heOBmuOBlOiHqui6q+OBrui7iuS4oeOBqOeFp+WQiOOBl+OBpuOBhOOBn+OBoOOBjeOBvuOBmeOCiOOBhuOBiumhmOOBhOOBhOOBn+OBl+OBvuOBmeOAgjxicj48YnI+PGltZyBzcmM9Imh0dHA6Ly9pbWFnZS5yYWt1dGVuLmNvLmpwL2pwaXQvY2FiaW5ldC8wMzEyMzg4MC9ncmVlbi1saW5lLmdpZiIgd2lkdGg9IjY4MCI+PGJyPjxicj48Zm9udCBzaXplPSIyIiBjb2xvcj0iIzAwMDAwMCI+4peG44Oh44O844Or44Gn44Gu44GK5ZWP5ZCI44Gb44Gu5aC05ZCI44CB44CO6LuK56iu5ZCN44CP44CO6LuK5Lih5Z6L5byP44CP44CO44Ko44Oz44K444Oz5Z6L5byP44CP44CO5bm05byP44CP562J44KS5piO6KiY44Gu5LiKPGJyPuOBiuWQjeWJjeODu+OBlOmAo+e1oeWFiOOBqOOBqOOCguOBq+mAgeS/oeOBj+OBoOOBleOBhOOBvuOBm+OAgjxicj48YnI+PGEgdGFyZ2V0PSJfYmxhbmsiIGhyZWY9Imh0dHBzOi8vYXNrLnN0ZXAucmFrdXRlbi5jby5qcC9ybXMvbWFsbC9wYS9hc2svdmM/X19ldmVudD1QQTAyXzAwMF8wMDEmYXNrX3RleHQ9JUM1JUI5JUM0JUI5JUE0JUNCJUJDJUMxJUNDJUU0JUE0JUI5JUE0JUVCJnNob3B1cmw9anBpdCZzaG9wX2JpZD0yODQyNjgmc2hvcF9uYW1lPSVBNSVCOCVBNSVBNyVBNSVBNCVBNSVENCVBNSVDMyVBNSVDOCVBNSVCNyVBNSVFNyVBNSVDMyVBNSVENyZteXNob3A9MCI+PGltZyBzcmM9Imh0dHA6Ly9pbWFnZS5yYWt1dGVuLmNvLmpwL2pwaXQvY2FiaW5ldC8wMzEyMzg4MC9tYWlsLWdyZWVuLmpwZyIgYm9yZGVyPSIwIj48L2E+PGJyPjxicj7il4bpganlkIjou4rnqK7jgavjgaTjgY3jgb7jgZfjgabjgZTkuI3mmI7jgarmlrnjga/jgIHou4rmpJzoqLzjgpLjgZTnlKjmhI/jga7kuIrjgIHlvIrnpL7jgb7jgafjgYrmsJfou73jgavjgZTpgKPntaHjgY/jgaDjgZXjgYTjgII8YnI+PGltZyBzcmM9Imh0dHA6Ly9pbWFnZS5yYWt1dGVuLmNvLmpwL2pwaXQvY2FiaW5ldC8wMzEyMzg4MC8xOTgwMTYuanBnIj48Y2VudGVyPgo8aW1nIHNyYz0iaHR0cDovL2ltYWdlLnJha3V0ZW4uY28uanAvanBpdC9jYWJpbmV0LzAzMTIzODgwL2thbnRhbi00LmdpZiIgYm9yZGVyPSIwIj48YnI+PGJyPgo8aW1nIHNyYz0iaHR0cDovL2ltYWdlLnJha3V0ZW4uY28uanAvanBpdC9jYWJpbmV0LzAzMTIzODgwL3R5dWlfMjBfMDIuZ2lmIiBib3JkZXI9IjAiPjxmb250IFNJWkU9Ii0xIiBDT0xPUj0iI2ZmMDAwMCI+IOi7iueoruWQjeODu+Wei+W8j+ODu+W5tOW8j+OBjOWQjOOBmOOBp+OCguOAgei7iuWPsOeVquWPt+ODu+OCv+OCpOODl+etieOBq+OCiOOBo+OBpumBqeWQiOOBl+OBquOBhOWgtOWQiOOBjOOBguOCiuOBvuOBmeOBruOBp+OAgeS4iuOBruOAkOewoeWNmOODleOCo+ODq+OCv+ODvOmBqeWQiOaknOe0ouOAkeODnOOCv+ODs+OCiOOCiuOBiuaOouOBl+S4i+OBleOBhOOAggo8YnI+PGJyPgoKPGltZyBzcmM9Imh0dHA6Ly9pbWFnZS5yYWt1dGVuLmNvLmpwL2pwaXQvY2FiaW5ldC8wMzEyMzg4MC9pbWdyYzAwNzE1ODEzMjkuZ2lmIiBib3JkZXI9IjAiPjxicj48YnI+CjxpbWcgc3JjPSJodHRwOi8vaW1hZ2UucmFrdXRlbi5jby5qcC9qcGl0L2NhYmluZXQvMDMxMjM4ODAvaW1ncmMwMDcxNzQ1MzAxLmdpZiIgYm9yZGVyPSIwIj48YnI+PC9jZW50ZXI+Cgo8YnI+PGJyPjxmb250IENPTE9SPSIjNTUwMEZGIj7igLvlkIzmmYLms6jmlofjgavpmZDjgorjgIHopIfmlbDjgYrosrfjgYTkuIrjgZLjgafjgoLpgIHmlpnjga8x5YCL5YiG44Gu44G/77yBPEJSPijph43ph4/nianjgpLpmaTjgY/vvIk8L2I+PC9mb250PgoKPGJyPjxicj4K44Oh44O844Kr44O85biM5pyb5bCP5aOy5L6h5qC844Gv44Oh44O844Kr44O844Kr44K/44Ot44Kw44Gr5Z+644Gl44GE44Gm5o6y6LyJ44GX44Gm44GE44G+44GZCjxicj48YnI+CjxpbWcgc3JjPSJodHRwczovL2ltYWdlLnJha3V0ZW4uY28uanAvanBpdC9jYWJpbmV0L2V2aWRlbmNlL2V2aWRlbmNlX2M5MzAxXzEuZ2lmIiB3aWR0aD0iMjAwcHgiIC8+Cjxicj4KPGltZyBzcmM9Imh0dHBzOi8vaW1hZ2UucmFrdXRlbi5jby5qcC9qcGl0L2NhYmluZXQvZXZpZGVuY2UvZXZpZGVuY2VfYzkzMDFfMi5naWYiIHdpZHRoPSIyMDBweCIgLz48IS0tPGltZyBzcmM9Imh0dHA6Ly9pbWFnZS5yYWt1dGVuLmNvLmpwL2pwaXQvY2FiaW5ldC8wMzEyMzg4MC9pbWdyYzAwNzMyNDE5NTYuanBnIj48QlI+PEJSPgo8aW1nIHNyYz0iaHR0cDovL3d3dy5yYWt1dGVuLm5lLmpwL2dvbGQvanBpdC9pbWFnZXMvZWFrb24tYmFuYS5qcGciPi0tPgoKPCEtLQo8aW1nIGFsdD0i44Ko44Ki44Kz44Oz44OV44Kj44Or44K/44O8IiBoZWlnaHQ9IjE1MCIgc3JjPSJodHRwOi8vaW1hZ2UucmFrdXRlbi5jby5qcC9qcGl0L2NhYmluZXQvdGVzdDEtc291a2FpNjkweDE1MHguanBnIiB3aWR0aD0iNjkwIj4tLT4KCgoKPEJSPjxCUj4KCgoKCjxzdHlsZSB0eXBlPSJ0ZXh0L2NzcyI+Ci8q6LK344GE54mp44GL44GU44Gr5YWl44KM44KL44Oc44K/44OzKi8KI3Jha3V0ZW5MaW1pdGVkSWRfYXJvdW5kQ2FydCBpbnB1dFt2YWx1ZT0i6LK344GE54mp44GL44GU44Gr5YWl44KM44KLIl17CmJhY2tncm91bmQ6IHVybCgiaHR0cDovL2ltYWdlLnJha3V0ZW4uY28uanAvanBpdC9jYWJpbmV0LzAzMTIzODgwL2ltZ3JjMDA3MDkzODczMS5qcGciKSBsZWZ0IHRvcCBuby1yZXBlYXQ7CndpZHRoOjE5MHB4OwpoZWlnaHQ6NTBweDsKdGV4dC1pbmRlbnQ6MTAwJTsKd2hpdGUtc3BhY2U6bm93cmFwOwpvdmVyZmxvdzpoaWRkZW47CmJvcmRlcjogbm9uZTsKcGFkZGluZzowOwptYXJnaW4tdG9wOjVweCAwOwpjdXJzb3I6cG9pbnRlcjsKfQojcmFrdXRlbkxpbWl0ZWRJZF9hcm91bmRDYXJ0IHRib2R5IHRyIHRkIGlucHV0OmhvdmVyewphbHBoYShvcGFjaXR5PTgpOwotbW96LW9wYWNpdHk6MC44OwpvcGFjaXR5OjAuODsKY3Vyc29yOnBvaW50ZXI7Cn0KCgovKklF5a++5b+cKi8KKmh0bWwgaW5wdXRbdmFsdWU9Iuiyt+OBhOeJqeOBi+OBlOOBq+WFpeOCjOOCiyJdewogIHdpZHRoOjFwdDsKICBvdmVyZmxvdzp2aXNpYmxlOwogIHBhZGRpbmctdG9wOjhweDsKICBwYWRkaW5nLWJvdHRvbTo4cHg7CiAgcGFkZGluZy1sZWZ0OjQwcHg7CiAgYmFja2dyb3VuZDp1cmwoImh0dHA6Ly9pbWFnZS5yYWt1dGVuLmNvLmpwL2pwaXQvY2FiaW5ldC8wMzEyMzg4MC9pbWdyYzAwNzA5Mzg3MzEuanBnIikgI2ZjZmNmYyBuby1yZXBlYXQgMTkwcHggNTBweDsKfQoKPC9zdHlsZT4=,44Ko44Ki44Kz44Oz44OV44Kj44Or44K/44O8IOODnuODhOODgCDjg4fjg5/jgqogIO+8rO+8oSZtaW51czvvvKPvvJfvvJDvvJQg77yS5YCL77yR44K744OD44OIIO+8iOOCqOOCouOCs+ODs+OCr+ODquODvOODiuODvOODu+OCreODo+ODk+ODs+ODleOCo+ODq+OCv+ODvOODu+OCr+ODquODvOODs+ODleOCo+ODq+OCv+ODvOODu+mBqeWQiOaknOe0ouOBguOCiu+8iSDjgJBSQ1DjgJHjgJBH44CR77ya44K444Kn44Kk44OU44OD44OI44K344On44OD44OX,44Ko44Ki44Kz44Oz44OV44Kj44Or44K/44O844Kv44Oq44O844Oz44OV44Kj44Or44K/44O844Ko44Ki44OV44Kj44Or44K/44O844Ko44Ki44Kv44Oq44O844OK44O844Kq44Kk44Or44OV44Kj44Or44K/44O844Kq44Kk44Or44Ko44Os44Oh44Oz44OI44Ko44Ki44Kz44Oz44Kv44Oq44O844OK44O854eD5paZ44OV44Kj44Or44K/44O844OV44Ol44O844Ko44Or44OV44Kj44Or44K/44O854eD5paZ44Ko44Os44Oh44Oz44OI44Ko44Ki44O844OV44Kj44Or44K/44O8TUFOTk1BTk4tRklMVEVS44Oe44Oz44OV44Kj44Or44K/44O8Ry1QQVJUU+OCuOODvOODkeODvOODhOOCreODo+ODk+ODs+ODleOCo+ODq+OCv+ODvOOCqOOCouOCs+ODs+ODleOCo+ODq+OCv+ODvCDjg57jg4Tjg4Ag44OH44Of44KqICDvvKzvvKEmbWludXM777yj77yX77yQ77yUIO+8kuWAi++8keOCu+ODg+ODiCDvvIjjgqjjgqLjgrPjg7Pjgq/jg6rjg7zjg4rjg7zjg7vjgq3jg6Pjg5Pjg7Pjg5XjgqPjg6vjgr/jg7zjg7vjgq/jg6rjg7zjg7Pjg5XjgqPjg6vjgr/jg7zjg7vpganlkIjmpJzntKLjgYLjgorvvIkg44CQUkNQ44CR44CQR+OAkQ==,TEEtQzcwNOOAguOCqOOCouOCs+ODs+ODleOCo+ODq+OCv+ODvCDjg57jg4Tjg4Ag44OH44Of44KqICDvvKzvvKEmbWludXM777yj77yX77yQ77yUIO+8kuWAi++8keOCu+ODg+ODiCDvvIjjgqjjgqLjgrPjg7Pjgq/jg6rjg7zjg4rjg7zjg7vjgq3jg6Pjg5Pjg7Pjg5XjgqPjg6vjgr/jg7zjg7vjgq/jg6rjg7zjg7Pjg5XjgqPjg6vjgr/jg7zjg7vpganlkIjmpJzntKLjgYLjgorvvIkg44CQUkNQ44CR44CQR+OAkQ==[rn]
21-63164,aHR0cDovL3RzaG9wLnIxMHMuanAvbmYvY2FiaW5ldC9yZy96cC5qcGc/Zml0aW49NzAwOjcwMA==,MTc5Mi4wMDAw,,6LuK55So5ZOB44O744OQ44Kk44Kv55So5ZOBID4g44Kr44O855So5ZOBID4g44OQ44OD44OG44Oq44O844O744Oh44Oz44OG44OK44Oz44K555So5ZOBID4g44OV44Kj44Or44K/44O8ID4g44Ko44Ki44Kz44Oz44OV44Kj44Or44K/44O8,TUlDUk8g5pel5pys44Oe44Kk44Kv44Ot44OV44Kj44Or44K/44O85bel5qWtIOOCqOOCouOCs+ODs+ODleOCo+ODq+OCv+ODvCDjgrzjgqrjg6njgqTjg4jjg5fjg6njgrkg44Oe44OE44OAIO+8oe+8uuODr+OCtOODsyBNSjIzUyAyMDA45bm0OeaciO+9njIwMTLlubQxMuaciCBbUkNGUzg0OF0=,6YCB5paZ54Sh5paZ4oC75rKW57iEL+mbouWztuWIpeaWmemHkQ==,PGI+PGZvbnQgc2l6ZT0iNSIgY29sb3I9IiMwMDAwMDAiPuOCvOOCquODqeOCpOODiOODl+ODqeOCueijveWTgeeJuemVtzwvZm9udD48YnI+PGJyPuKXjzPlsaTjg5XjgqPjg6vjgr/jg7zmp4vpgKDvvIjmlrDntKDmnZDvvInjgavjgojjgorjgIHou4rlhoXjga48Zm9udCBzaXplPSI0IiBjb2xvcj0iI2ZmMDAwMCI+56m65rCX44KS5b+r6YGp44Gr5L+d44GkPC9mb250PuOAgjxicj48YnI+4pePMeWxpOebruOBq+mbu+efs+S4jee5lOW4g++8iOmdmembu+awl+OCkuaMgeOBo+OBn+e5iue2reOBp+S9nOOCieOCjOOCi++8ieOBq+OCiOOCizxmb250IHNpemU9IjQiIGNvbG9yPSIjZmYwMDAwIj7lvq7nspLlrZDlkLjnnYA8L2ZvbnQ+44CCPGJyPjxicj7il48y5bGk55uu44Gr6auY5oCn6IO944K844Kq44Op44Kk44OI77yI5rK455+z77yJ5LiN57mU5biD44Gr44KI44KLPGZvbnQgc2l6ZT0iNCIgY29sb3I9IiNmZjAwMDAiPua2iOiHreOAgeaKl+iPjOWKueaenDwvZm9udD7jgII8YnI+PGJyPuKXjzPlsaTnm67jgavpmLLlobXnlKjkuI3nuZTluIPjgavjgojjgos8Zm9udCBzaXplPSI0IiBjb2xvcj0iI2ZmMDAwMCI+5aG144KE6Iqx57KJ44KS44Kt44Oj44OD44OBPC9mb250PuOAgjxicj48YnI+4peP6JaE57eR6Imy44Gu5aSW6Kaz44Gv44CB5rGa44KM44Gf44KC44Gu44Go44Gu5q+U6LyD44KC44GX44KE44GZ44GE44CCPGJyPjxicj7jgJDkuqTmj5vnm67lronjgJE8YnI+MeW5tOOBqzHlm57jgIDjgb7jgZ/jga/jgIDotbDooYwxNSwwMDBrbTxicj48YnI+PC9iPjxicj48YnI+PGJyPjxiPuOAkOmBqeWQiOOAkTxicj48YnI+44Oe44OE44OAIO+8oe+8uuODr+OCtOODszwvYj48YnI+PGJyPuKXj+i7iuS4oeWei+W8j++8mk1KMjNTPGJyPjxicj7il4/lubTlvI/vvJoyMDA45bm0OeaciO+9njIwMTLlubQxMuaciDxsZWZ0Pgo8Yj7igLvjgZTms6jmhI/kuovpoIU8YnI+CuOBlOazqOaWh+WJjeOBq+ODmuODvOOCuOS4i+mDqOOBruOBlOWIqeeUqOahiOWGheOCkuOBlOimp+OBruS4iuOBiueUs+OBl+i+vOOBv+S4i+OBleOBhOOAgjxicj4KCuaOsui8ieeUu+WDj+OBruWkmuOBj+OBr+OCpOODoeODvOOCuOeUu+WDj+OBqOOBquOBo+OBpuOBiuOCiuOBvuOBmeOAgjxicj4KCuWun+mam+OBruWVhuWTgeOBruWTgeeVquOAgeiJsuOAgeOCteOCpOOCuuOBquOBqeOBr+WVhuWTgeWQjeOCkuOBlOeiuuiqjeS4i+OBleOBhOOAgjxicj7mpb3lpKnluILloLTjga7jgI7lnKjluqvjgYLjgorjgI/ntZ7jgorovrzjgb/mpJzntKLjgafjga/osrfjgYTnianlj6/og73jgarjgZnjgbnjgabjga7llYblk4HvvIjjgYrlj5bjgorlr4TjgZvllYblk4HjgoTkuojntITllYblk4HlkKvjgoDvvIk8YnI+44GM5Zyo5bqr44GC44KK44Go6KGo56S644GV44KM44Gm44GX44G+44GE44G+44GZ44CCPGJyPgrlvZPnpL7jga7loLTlkIjjgIHmjrLovInkuK3jga7llYblk4Hjga/jgIHjgZTms6jmloflvozjga7jg6Hjg7zjgqvjg7znmbrms6jllYblk4HjgpLlpJrmlbDlkKvjgpPjgafjgYrjgorjgb7jgZnjga7jgafjgIE8YnI+77yc44GC44GZ5qW95a++5b+c77ye5ZWG5ZOB5Lul5aSW44Gv44GU5rOo5paH5b6M44CB44CM5qyg5ZOB5Lit44CN44CM55Sf55Sj57WC5LqG44CN562J44Gu5aC05ZCI44KC44GU44GW44GE44G+44GZ44CC5LqI44KB44GU5LqG5om/5LiL44GV44GE44CCPGJyPgo8L2I+CjwvbGVmdD4KCgo8c3R5bGUgdHlwZT0idGV4dC9jc3MiPgoKLmJucl9saXN0IHRkewoJcGFkZGluZzo1cHggMCA1cHggMDsKCXRleHQtYWxpZ246Y2VudGVyOwoJZm9udC1zaXplOjEycHg7Cn0KPC9zdHlsZT4KCjx0YWJsZSBjbGFzcz0iYm5yX2xpc3QiPgoJCQogICAgPHRyPgogICAgICAgIDx0ZCB3aWR0aD0iMzUwIj4KICAgICAgICAgICAgPGltZyBzcmM9Imh0dHA6Ly9pbWFnZS5yYWt1dGVuLmNvLmpwL25mL2NhYmluZXQvaW1nNjAzMTkyMjQuZ2lmIiBhbHQ9IiIgYm9yZGVyPSIwIj4KICAgICAgICAgICAg5LiA57eS44Gr5rOo5paH44GZ44KL44Go6YCB5paZ54Sh5paZ77yB44Gu44Kr44O855So5ZOBCiAgICAgICAgPC90ZD4KICAgICAgICA8dGQgd2lkdGg9IjEwIj48L3RkPgogICAgICAgIDx0ZCB3aWR0aD0iMzUwIj4KICAgICAgICAgICAgPGltZyBzcmM9Imh0dHA6Ly9pbWFnZS5yYWt1dGVuLmNvLmpwL25mL2NhYmluZXQvaW1nNjAzMTkyMTQuanBnIiBhbHQ9IiIgYm9yZGVyPSIwIj4KICAgICAgICAgICAg5Y+q5LuK6YCB5paZ54Sh5paZ44Kt44Oj44Oz44Oa44O844Oz5Lit77yBCiAgICAgICAgPC90ZD4KICAgIDwvdHI+CiAgICA8dHI+CiAgICAgICAgPHRkPgogICAgICAgICAgICA8aW1nIHNyYz0iaHR0cDovL2ltYWdlLnJha3V0ZW4uY28uanAvbmYvY2FiaW5ldC9pbWc2MDMxOTIyNi5qcGciIGFsdD0iIiBib3JkZXI9IjAiPjxicj4KICAgICAgICAgICAgRGlja2llcyBSRUNBUk8gV0hJVEUgQVJST1cg44Gq44GpCiAgICAgICAgPC90ZD4KICAgICAgICA8dGQ+PC90ZD4KICAgICAgICA8dGQ+CiAgICAgICAgICAgIDxpbWcgc3JjPSJodHRwOi8vaW1hZ2UucmFrdXRlbi5jby5qcC9uZi9jYWJpbmV0L2ltZzYwMzE5MjIxLmpwZyIgYWx0PSIiICBib3JkZXI9IjAiPjxicj4KICAgICAgICAgICAgQ0VMTFNUQVLjg7tZVVBJVEVSVeODu0NPTVRFQ+OBquOBqQogICAgICAgIDwvdGQ+CiAgICA8L3RyPgogICAgPHRyPgogICAgICAgIDx0ZD4KICAgICAgICAgICAgPGltZyBzcmM9Imh0dHA6Ly9pbWFnZS5yYWt1dGVuLmNvLmpwL25mL2NhYmluZXQvaW1nNjAzMTkyMjIuanBnIiBhbHQ9IuOCq+ODvOOCu+OCreODpeODquODhuOCoyIgIGJvcmRlcj0iMCI+PGJyPgogICAgICAgICAgICBDT01URUPjg7tLQVRPLURFTktJ44O7VklTSU9O44Gq44GpCiAgICAgICAgPC90ZD4KICAgICAgICA8dGQ+PC90ZD4KICAgICAgICA8dGQ+CiAgICAgICAgICAgIDxpbWcgc3JjPSJodHRwOi8vaW1hZ2UucmFrdXRlbi5jby5qcC9uZi9jYWJpbmV0L2ltZzYwMzE5MjI1LmpwZyIgYWx0PSLjgqjjg7Pjgrjjg7Pjgrnjgr/jg7zjgr/jg7wiIGJvcmRlcj0iMCI+PGJyPgogICAgICAgICAgICBDQVJNQVRF44O7Q09NVEVD44O7TUlUU1VCQeOBquOBqQogICAgICAgIDwvdGQ+CiAgICA8L3RyPgogICAgPHRyPgogICAgICAgIDx0ZD4KICAgICAgICAgICAgPGltZyBzcmM9Imh0dHA6Ly9pbWFnZS5yYWt1dGVuLmNvLmpwL25mL2NhYmluZXQvaW1nNjAzMTkyMTkuanBnIiBhbHQ9IuODoeODvOOCv+ODvCIgYm9yZGVyPSIwIj48YnI+CiAgICAgICAgICAgIFBJVk9U44O7SEtT44O7VUxUUkHjg7tCTElUWuODu0FQRVjjgarjgakKICAgICAgICA8L3RkPgogICAgICAgIDx0ZD48L3RkPgogICAgICAgIDx0ZD4KICAgICAgICAgICAgPGltZyBzcmM9Imh0dHA6Ly9pbWFnZS5yYWt1dGVuLmNvLmpwL25mL2NhYmluZXQvaW1nNjAzMTkyMTcuanBnIiBhbHQ9IuOCreODo+ODquOCoiIgYm9yZGVyPSIwIj48YnI+CiAgICAgICAgICAgIOODq+ODvOODleOCreODo+ODquOCouODu+ODnOODg+OCr+OCueODu+ODleOCo+ODg+OCt+ODs+OCsOODu+ODuwogICAgICAgIDwvdGQ+CiAgICA8L3RyPgogICAgPHRyPgogICAgICAgIDx0ZD4KICAgICAgICAgICAgPGltZyBzcmM9Imh0dHA6Ly9pbWFnZS5yYWt1dGVuLmNvLmpwL25mL2NhYmluZXQvaW1nNjAzMTkyMjAuanBnIiBhbHQ9IuOCqOODs+OCuOODs+OCquOCpOODqyIgYm9yZGVyPSIwIj48YnI+CiAgICAgICAgICAgIE1vYmlsMeODu0hLU+ODu1JFRExJTkXjg7vjg7vjg7vlj5bmibHlpJrmlbAKICAgICAgICA8L3RkPgogICAgICAgIDx0ZD48L3RkPgogICAgICAgIDx0ZD4KICAgICAgICAgICAgPGltZyBzcmM9Imh0dHA6Ly9pbWFnZS5yYWt1dGVuLmNvLmpwL25mL2NhYmluZXQvaW1nNjAzMTkyMTUuanBnIiBhbHQ9IuODkOODg+ODhuODquODvCIgYm9yZGVyPSIwIj48YnI+CiAgICAgICAgICAgIOiHquWLlei7iuODuzLovKrnlKjjgarjganjgIHnlKjpgJTliKXjgavlj5bmibHvvIEKICAgICAgICA8L3RkPgogICAgPC90cj4KICAgIDx0cj4KICAgICAgICA8dGQ+CiAgICAgICAgICAgIDxpbWcgc3JjPSJodHRwOi8vaW1hZ2UucmFrdXRlbi5jby5qcC9uZi9jYWJpbmV0L2ltZzYwMzE5MjI3LmpwZyIgYWx0PSLjg6/jgqTjg5Hjg7wiIGJvcmRlcj0iMCI+PGJyPgogICAgICAgICAgICBQSUFB44O7Qk9TQ0jjg7tOV0LjgIDjg6/jgqTjg5Hjg7zli6Lmj4PjgYQKICAgICAgICA8L3RkPgogICAgICAgIDx0ZD48L3RkPgogICAgICAgIDx0ZD4KICAgICAgICAgICAgPGltZyBzcmM9Imh0dHA6Ly9pbWFnZS5yYWt1dGVuLmNvLmpwL25mL2NhYmluZXQvaW1nNjAzMTkyMTYuanBnIiBhbHQ9IuOCqOOCouOCs+ODs+ODleOCo+ODq+OCv+ODvCIgYm9yZGVyPSIwIj48YnI+CiAgICAgICAgICAgIOOCqOOCouOCs+ODs+ODleOCo+ODq+OCv+ODvOWQhOeorgogICAgICAgIDwvdGQ+CiAgICA8L3RyPgogICAgPHRyPgogICAgICAgIDx0ZD4KICAgICAgICAgICAgPGltZyBzcmM9Imh0dHA6Ly9pbWFnZS5yYWt1dGVuLmNvLmpwL25mL2NhYmluZXQvaW1nNjAzMTkyMTguanBnIiBhbHQ9IuODmOODg+ODieODqeODs+ODlyIgIGJvcmRlcj0iMCI+PGJyPgogICAgICAgICAgICDjg5Djg6vjg5bjg7vjg5jjg4Pjg4njg6njgqTjg4jjg7tISUTjg7vjg7vjg7sKICAgICAgICA8L3RkPgogICAgICAgIDx0ZD48L3RkPgogICAgICAgIDx0ZD4KICAgICAgICAgICAgPGltZyBzcmM9Imh0dHA6Ly9pbWFnZS5yYWt1dGVuLmNvLmpwL25mL2NhYmluZXQvaW1nNjAzMTkyMjMuanBnIiBhbHQ9Iua0l+i7iueUqOWTgSIgYm9yZGVyPSIwIj48YnI+CiAgICAgICAgICAgIOOCt+ODpeOCouODqeOCueOCv+ODvOODu+ODrOOCpOODs+OCqOODg+OCr+OCueOBquOBqQogICAgICAgIDwvdGQ+CiAgICA8L3RyPgo8L3RhYmxlPgoKCjxwPgogIDxpbWcgc3JjPSJodHRwOi8vaW1hZ2UucmFrdXRlbi5jby5qcC9uZi9jYWJpbmV0L2ltZzYwMzE5Mjg5LmdpZiIgYWx0PSIiIGJvcmRlcj0iMCI+PGJyPgogIDxicj4KICA8Yj7nj77lnKjjga7kurrmsJfjgqvjg7znlKjlk4Hjga/jgZPjgozvvIE8L2I+PGJyPgo8L3A+Cgo8YnI+PGJyPg==,TUlDUk8g5pel5pys44Oe44Kk44Kv44Ot44OV44Kj44Or44K/44O85bel5qWtIOOCqOOCouOCs+ODs+ODleOCo+ODq+OCv+ODvCDjgrzjgqrjg6njgqTjg4jjg5fjg6njgrkg44Oe44OE44OAIO+8oe+8uuODr+OCtOODsyBNSjIzUyAyMDA45bm0OeaciO+9njIwMTLlubQxMuaciCBbUkNGUzg0OF3vvJrjgqvjg7znlKjlk4HljbjllY/lsYvjgIDjg4vjg6Xjg7zjg5Xjg63jg7Pjg4bjgqI=,44Kr44O855So5ZOB44Kr44O844OK44OT44Ky44O844K344On44Oz44Kr44O844Kq44O844OH44Kj44Kq55uX6Zuj6K2m5aCx5qmf44Oq44Oi44Kz44Oz44Ko44Oz44K444Oz44K544K/44O844K/44O844Kk44Oq44K444Km44Og44OX44Op44Kw44K344Oq44Kz44Oz44OX44Op44Kw44Kz44O844OJ44Kt44Oj44Oq44Ki77yl77y077yj6LuK6LyJ5ZmoSElE44OV44Kj44Or44Og44Ki44Oz44OG44OK44Oh44O844K/44O844OH44Kj44OD44Kt44O844K644OQ44Kk44Kv55So5ZOB44Kk44Oz44OQ44O844K/44O844K544OU44O844Kr44O8RFZE44K744Kt44Ol44Oq44OG44Kj44Os44O844OA44O85o6i55+l5qmf44OQ44OD44OG44Oq44O8TUlDUk8g5pel5pys44Oe44Kk44Kv44Ot44OV44Kj44Or44K/44O85bel5qWtIOOCqOOCouOCs+ODs+ODleOCo+ODq+OCv+ODvCDjgrzjgqrjg6njgqTjg4jjg5fjg6njgrkg44Oe44OE44OAIO+8oe+8uuODr+OCtOODsyBNSjIzUyAyMDA45bm0OeaciO+9njIwMTLlubQxMuaciCBbUkNGUzg0OF0=,6YCB5paZ54Sh5paZ4oC75rKW57iEL+mbouWztuWIpeaWmemHkeOAgk1JQ1JPIOaXpeacrOODnuOCpOOCr+ODreODleOCo+ODq+OCv+ODvOW3pealrSDjgqjjgqLjgrPjg7Pjg5XjgqPjg6vjgr/jg7wg44K844Kq44Op44Kk44OI44OX44Op44K5IOODnuODhOODgCDvvKHvvLrjg6/jgrTjg7MgTUoyM1MgMjAwOOW5tDnmnIjvvZ4yMDEy5bm0MTLmnIggW1JDRlM4NDhd[rn]
21-63165,aHR0cDovL3RzaG9wLnIxMHMuanAvanBpdC9jYWJpbmV0L2ctcGFydHMtY2F2aW4vYWlyY29uLWZfbmV3LWc5MDBweC5qcGc/Zml0aW49NzAwOjcwMA==,MTk0NC44MDAw,,6LuK55So5ZOB44O744OQ44Kk44Kv55So5ZOBID4g44Kr44O855So5ZOBID4g44OQ44OD44OG44Oq44O844O744Oh44Oz44OG44OK44Oz44K555So5ZOBID4g44OV44Kj44Or44K/44O8ID4g44Ko44Ki44Kz44Oz44OV44Kj44Or44K/44O8,44Ko44Ki44Kz44Oz44OV44Kj44Or44K/44O8IOODnuODhOODgCDjg5fjg6zjg57jgrfjg7wgIO+8rO+8oe+8je+8o++8l++8kO+8kyDvvJLlgIvvvJHjgrvjg4Pjg4gg77yI44Ko44Ki44Kz44Oz44Kv44Oq44O844OK44O844O744Kt44Oj44OT44Oz44OV44Kj44Or44K/44O844O744Kv44Oq44O844Oz44OV44Kj44Or44K/44O844O76YGp5ZCI5qSc57Si44GC44KK77yJIOOAkFJDUOOAkeOAkEfjgJE=,TEEtQzcwMw==,PGZvbnQgc2l6ZT0iMiI+4oC76LuK5qSc6Ki844KS44GU55So5oSP44GP44Gg44GV44GE44CC6LuK56iu5ZCN44O75Z6L5byP44O75bm05byP44GL44KJ5YWo6YGp5ZCI44OV44Kj44Or44K/44O844GM6KaL44Gk44GL44KK44G+44GZ44CCICA8YnI+PGJyPuOAkOWPguiAg+Wei+W8j+OAkSAgQ1IzV+ODu0NSRVcg44O7Q1dFQVfjg7tDV0VGV+ODu0NXRkZXPGJyPjxicj7jgJDjgrXjgqTjgrrjgJEg57imMjM3bW3jgIDmqKoxMDFtbeOAgOmrmOOBlTIybW08YnI+PGJyPjxpbWcgc3JjPSJodHRwOi8vaW1hZ2UucmFrdXRlbi5jby5qcC9qcGl0L2NhYmluZXQvZy1wYXJ0cy1jYXZpbi9haXJjb24tZl9uZXctZzkwMHB4LmpwZyIgd2lkdGg9IjY4MCI+PGJyPjxicj48aW1nIHNyYz0iaHR0cDovL2ltYWdlLnJha3V0ZW4uY28uanAvanBpdC9jYWJpbmV0L2NhdmluLWtva3VzYW4vaW1ncmMwMDcxNTc1NjQxLmpwZyI+PGJyPjxicj7il4boibLvvJ3jgqTjgqjjg63jg7w8YnI+4peG44K/44Kk44OX77yd6auY5qmf6IO977yI6Z2Z6Zu76Zmk5aG177yJPGJyPuKXhuWfg+ODu+ODgeODqu+8iDEwMHVt5Lul5LiK77yJ44O744O744O7MTAwJemZpOWOuzxicj7il4boirHnsonjg7vjgqvjg5Pog57lrZDvvIgxMO+9njEwMHVt77yJ44O744O744O7MTAwJemZpOWOuzxicj7il4bjgr/jg5DjgrPjga7nhZnjg7vjg4fjg7zjgrzjg6vnhZnvvIgwLjAx772eMC41dW3vvInjg7vjg7vjg7vmnIDlpKc1MCXpmaTljrs8YnI+PGJyPjxpbWcgc3JjPSJodHRwOi8vaW1hZ2UucmFrdXRlbi5jby5qcC9qcGl0L2NhYmluZXQvMDMxMjM4ODAvY2F2aW4tbG9nby0wOTAzLmpwZyIgd2lkdGg9IjY4MCIgIGhlaWdodD0iMzAiPjxicj48YnI+PGJyPjxpbWcgc3JjPSJodHRwOi8vaW1hZ2UucmFrdXRlbi5jby5qcC9qcGl0L2NhYmluZXQvMDMxMjM4ODAva291a2FuLWxvZ28tMDkwMy0yLmpwZyI+PGJyPjxicj7il4bkuqTmj5vmmYLmnJ/jga/jgIHou4rnqK7jgavjgojjgaPjgabnlbDjgarjgorjgb7jgZnjgYzjgIEx5bm044GrMeWbnuWPiOOBrzEwLDAwMGtt5q+O44Gu5Lqk5o+b44KS44GK6Jam44KB44GX44G+44GZ44CCPGJyPuKXhuS6pOaPm+aWueazleOBr+WPluS7mOiqrOaYjuabuOOCkuOBlOimp+OBj+OBoOOBleOBhOOAgjxicj48YnI+PGltZyBzcmM9Imh0dHA6Ly9pbWFnZS5yYWt1dGVuLmNvLmpwL2pwaXQvY2FiaW5ldC8wMzEyMzg4MC9zZXRzdW1laS1sb2dvLTA5MDMtMi5qcGciPjxicj48YnI+4peG44OW44Op44Oz44OJ5ZCNIOOAjEctUEFSVFPjgI3jgIDlm73lhoXntJTmraPjg6Hjg7zjgqvjg7w8YnI+4peG5pyA6auY5ZOB6LOq44Gu44Ko44Ki44Kz44Oz44OV44Kj44Or44K/44O877yI44Kt44Oj44OT44Oz44OV44Kj44Or44K/44O844O744Ko44Ki44Kz44Oz44Kv44Oq44O844OK44O844O744Kv44Oq44O844Oz44OV44Kj44Or44K/44O877yJPGJyPuKXhueJueW+tDxicj7jgIAq6YCa5rCX5oq15oqX44KS5oqR44GI44CB5pyA6YGp44Gq56S+5YaF5o+b5rCX44KS5a6f54++PGJyPuOAgCrnqbrmsJfkuK3jga7otoXlvq7nspLlrZDjgoLnorrlrp/jgavmjZXmjYk8YnI+44CAKuODoeODs+ODhuODiuODs+OCueOCpOODs+OCv+ODvOODkOODq+OCkumAmuOBmOOBpuW4uOOBq+WuieWumuOBl+OBn+OCjemBjuaAp+iDveOCkueZuuaPrjxicj7jgIAq5qmf5qKw55qE5ZC4552A44Go6Z2Z6Zu75rCX5ZC4552A44Gr44KI44KL5r++6YGO5oCn6IO944KS55m65o+uPGJyPuOAgCrpq5jjgYTjg5XjgqPjg4Pjg4jmgKfjgajjgrfjg7zjg6vmgKc8YnI+44CAKuips+e0sOOBquWPluS7mOiqrOaYjuabuOOBq+OCiOOCiuewoeWNmOOBi+OBpOi/hemAn+OBquWPluS7mOOBjOWPr+iDvTxicj7il4bjgqjjgqLjgrPjg7PvvIjjgq3jg6Pjg5Pjg7PvvInjg5XjgqPjg6vjgr/jg7zjga/nqbrmsJfkuK3jga7oirHnsonjgoTkuI3lv6vjgarnspLlrZDjgIHmnInlrrPjgqzjgrnjgpLjgbvjgbzlrozlhajjgavpmaTljrvjgZfjgIHlv6vpganjgarnpL7lhoXnkrDlooPjgpLlrp/nj77jgZfjgb7jgZnjgII8YnI+4peG5LiN57mU5biD44Gv44CB5aSa5pWw44Gu57Sw44GL44GE57mK57at44Gn44Gn44GN44Gm44GK44KK44CB44Gd44Gu54m55q6K5qeL6YCg44Gr44KI44KK5Z+D44KE44GZ44GZ44Gu57KS5a2Q44KS44G744G85a6M5YWo44Gr6Zmk5Y6744GX5YyW5a2m54mp6LOq44KS5L2/55So44GX44Gm44GK44KJ44Ga55Ww6Iet44KC55m655Sf44GX44G+44Gb44KT44CCPGJyPjxicj48aW1nIHNyYz0iaHR0cDovL2ltYWdlLnJha3V0ZW4uY28uanAvanBpdC9jYWJpbmV0LzAzMTIzODgwL3R5dXVpLWxvZ28tMDkwMy0yLmpwZyI+PGJyPjxicj7igLvmjrLovInjgZfjgabjgYTjgb7jgZnkuIDpg6jjga7ou4rkuKHjgafjga/jgIHou4rnqK7jgIHlnovlvI/jgIHlubTlvI/nrYnjgYzlkIzkuIDjga7loLTlkIjjgafjgoLjgIHmjpLmsJfph4/jgoTjgr/jgqTjg5fjgIHou4rlj7Dnlarlj7fjgarjganjgavjgojjgoo8YnI+6YGp5ZCI5ZWG5ZOB44GM55Ww44Gq44KL5aC05ZCI44GM44GU44GW44GE44G+44GZ44CCPGJyPuKAu+e0lOato+eVquWPt+OAgei7iuWPsOeVquWPt+OAgeaOkuawl+mHj+OAgeOCv+OCpOODl+OCkuiomOi8ieOBl+OBpuOBhOOCi+WVhuWTgeOBr+W/heOBmuOBlOiHqui6q+OBrui7iuS4oeOBqOeFp+WQiOOBl+OBpuOBhOOBn+OBoOOBjeOBvuOBmeOCiOOBhuOBiumhmOOBhOOBhOOBn+OBl+OBvuOBmeOAgjxicj48YnI+PGltZyBzcmM9Imh0dHA6Ly9pbWFnZS5yYWt1dGVuLmNvLmpwL2pwaXQvY2FiaW5ldC8wMzEyMzg4MC9ncmVlbi1saW5lLmdpZiIgd2lkdGg9IjY4MCI+PGJyPjxicj48Zm9udCBzaXplPSIyIiBjb2xvcj0iIzAwMDAwMCI+4peG44Oh44O844Or44Gn44Gu44GK5ZWP5ZCI44Gb44Gu5aC05ZCI44CB44CO6LuK56iu5ZCN44CP44CO6LuK5Lih5Z6L5byP44CP44CO44Ko44Oz44K444Oz5Z6L5byP44CP44CO5bm05byP44CP562J44KS5piO6KiY44Gu5LiKPGJyPuOBiuWQjeWJjeODu+OBlOmAo+e1oeWFiOOBqOOBqOOCguOBq+mAgeS/oeOBj+OBoOOBleOBhOOBvuOBm+OAgjxicj48YnI+PGEgdGFyZ2V0PSJfYmxhbmsiIGhyZWY9Imh0dHBzOi8vYXNrLnN0ZXAucmFrdXRlbi5jby5qcC9ybXMvbWFsbC9wYS9hc2svdmM/X19ldmVudD1QQTAyXzAwMF8wMDEmYXNrX3RleHQ9JUM1JUI5JUM0JUI5JUE0JUNCJUJDJUMxJUNDJUU0JUE0JUI5JUE0JUVCJnNob3B1cmw9anBpdCZzaG9wX2JpZD0yODQyNjgmc2hvcF9uYW1lPSVBNSVCOCVBNSVBNyVBNSVBNCVBNSVENCVBNSVDMyVBNSVDOCVBNSVCNyVBNSVFNyVBNSVDMyVBNSVENyZteXNob3A9MCI+PGltZyBzcmM9Imh0dHA6Ly9pbWFnZS5yYWt1dGVuLmNvLmpwL2pwaXQvY2FiaW5ldC8wMzEyMzg4MC9tYWlsLWdyZWVuLmpwZyIgYm9yZGVyPSIwIj48L2E+PGJyPjxicj7il4bpganlkIjou4rnqK7jgavjgaTjgY3jgb7jgZfjgabjgZTkuI3mmI7jgarmlrnjga/jgIHou4rmpJzoqLzjgpLjgZTnlKjmhI/jga7kuIrjgIHlvIrnpL7jgb7jgafjgYrmsJfou73jgavjgZTpgKPntaHjgY/jgaDjgZXjgYTjgII8YnI+PGltZyBzcmM9Imh0dHA6Ly9pbWFnZS5yYWt1dGVuLmNvLmpwL2pwaXQvY2FiaW5ldC8wMzEyMzg4MC8xOTgwMTYuanBnIj48Y2VudGVyPgo8aW1nIHNyYz0iaHR0cDovL2ltYWdlLnJha3V0ZW4uY28uanAvanBpdC9jYWJpbmV0LzAzMTIzODgwL2thbnRhbi00LmdpZiIgYm9yZGVyPSIwIj48YnI+PGJyPgo8aW1nIHNyYz0iaHR0cDovL2ltYWdlLnJha3V0ZW4uY28uanAvanBpdC9jYWJpbmV0LzAzMTIzODgwL3R5dWlfMjBfMDIuZ2lmIiBib3JkZXI9IjAiPjxmb250IFNJWkU9Ii0xIiBDT0xPUj0iI2ZmMDAwMCI+IOi7iueoruWQjeODu+Wei+W8j+ODu+W5tOW8j+OBjOWQjOOBmOOBp+OCguOAgei7iuWPsOeVquWPt+ODu+OCv+OCpOODl+etieOBq+OCiOOBo+OBpumBqeWQiOOBl+OBquOBhOWgtOWQiOOBjOOBguOCiuOBvuOBmeOBruOBp+OAgeS4iuOBruOAkOewoeWNmOODleOCo+ODq+OCv+ODvOmBqeWQiOaknOe0ouOAkeODnOOCv+ODs+OCiOOCiuOBiuaOouOBl+S4i+OBleOBhOOAggo8YnI+PGJyPgo8aW1nIHNyYz0iaHR0cDovL2ltYWdlLnJha3V0ZW4uY28uanAvanBpdC9jYWJpbmV0LzAzMTIzODgwL2ltZ3JjMDA3MTc0NTMwMS5naWYiIGJvcmRlcj0iMCI+PGJyPjwvY2VudGVyPgoKPGJyPjxicj48Zm9udCBDT0xPUj0iIzU1MDBGRiI+4oC75ZCM5pmC5rOo5paH44Gr6ZmQ44KK44CB6KSH5pWw44GK6LK344GE5LiK44GS44Gn44KC6YCB5paZ44GvMeWAi+WIhuOBruOBv++8gTxCUj4o6YeN6YeP54mp44KS6Zmk44GP77yJPC9iPjwvZm9udD4KCgo8YnI+PGJyPgrjg6Hjg7zjgqvjg7zluIzmnJvlsI/lo7LkvqHmoLzjga/jg6Hjg7zjgqvjg7zjgqvjgr/jg63jgrDjgavln7rjgaXjgYTjgabmjrLovInjgZfjgabjgYTjgb7jgZkKPGJyPjxicj4KPGltZyBzcmM9Imh0dHBzOi8vaW1hZ2UucmFrdXRlbi5jby5qcC9qcGl0L2NhYmluZXQvZXZpZGVuY2UvZXZpZGVuY2VfYzkzMDFfMS5naWYiIHdpZHRoPSIyMDBweCIgLz4KPGJyPgo8aW1nIHNyYz0iaHR0cHM6Ly9pbWFnZS5yYWt1dGVuLmNvLmpwL2pwaXQvY2FiaW5ldC9ldmlkZW5jZS9ldmlkZW5jZV9jOTMwMV8yLmdpZiIgd2lkdGg9IjIwMHB4IiAvPjwhLS08aW1nIHNyYz0iaHR0cDovL2ltYWdlLnJha3V0ZW4uY28uanAvanBpdC9jYWJpbmV0LzAzMTIzODgwL2ltZ3JjMDA3MzI0MTk1Ni5qcGciPjxCUj48QlI+CjxpbWcgc3JjPSJodHRwOi8vd3d3LnJha3V0ZW4ubmUuanAvZ29sZC9qcGl0L2ltYWdlcy9lYWtvbi1iYW5hLmpwZyI+LS0+Cgo8IS0tCjxpbWcgYWx0PSLjgqjjgqLjgrPjg7Pjg5XjgqPjg6vjgr/jg7wiIGhlaWdodD0iMTUwIiBzcmM9Imh0dHA6Ly9pbWFnZS5yYWt1dGVuLmNvLmpwL2pwaXQvY2FiaW5ldC90ZXN0MS1zb3VrYWk2OTB4MTUweC5qcGciIHdpZHRoPSI2OTAiPi0tPgoKCgo8QlI+PEJSPgoKCgoKPHN0eWxlIHR5cGU9InRleHQvY3NzIj4KLyrosrfjgYTnianjgYvjgZTjgavlhaXjgozjgovjg5zjgr/jg7MqLwojcmFrdXRlbkxpbWl0ZWRJZF9hcm91bmRDYXJ0IGlucHV0W3ZhbHVlPSLosrfjgYTnianjgYvjgZTjgavlhaXjgozjgosiXXsKYmFja2dyb3VuZDogdXJsKCJodHRwOi8vaW1hZ2UucmFrdXRlbi5jby5qcC9qcGl0L2NhYmluZXQvMDMxMjM4ODAvaW1ncmMwMDcwOTM4NzMxLmpwZyIpIGxlZnQgdG9wIG5vLXJlcGVhdDsKd2lkdGg6MTkwcHg7CmhlaWdodDo1MHB4Owp0ZXh0LWluZGVudDoxMDAlOwp3aGl0ZS1zcGFjZTpub3dyYXA7Cm92ZXJmbG93OmhpZGRlbjsKYm9yZGVyOiBub25lOwpwYWRkaW5nOjA7Cm1hcmdpbi10b3A6NXB4IDA7CmN1cnNvcjpwb2ludGVyOwp9CiNyYWt1dGVuTGltaXRlZElkX2Fyb3VuZENhcnQgdGJvZHkgdHIgdGQgaW5wdXQ6aG92ZXJ7CmFscGhhKG9wYWNpdHk9OCk7Ci1tb3otb3BhY2l0eTowLjg7Cm9wYWNpdHk6MC44OwpjdXJzb3I6cG9pbnRlcjsKfQoKCi8qSUXlr77lv5wqLwoqaHRtbCBpbnB1dFt2YWx1ZT0i6LK344GE54mp44GL44GU44Gr5YWl44KM44KLIl17CiAgd2lkdGg6MXB0OwogIG92ZXJmbG93OnZpc2libGU7CiAgcGFkZGluZy10b3A6OHB4OwogIHBhZGRpbmctYm90dG9tOjhweDsKICBwYWRkaW5nLWxlZnQ6NDBweDsKICBiYWNrZ3JvdW5kOnVybCgiaHR0cDovL2ltYWdlLnJha3V0ZW4uY28uanAvanBpdC9jYWJpbmV0LzAzMTIzODgwL2ltZ3JjMDA3MDkzODczMS5qcGciKSAjZmNmY2ZjIG5vLXJlcGVhdCAxOTBweCA1MHB4Owp9Cgo8L3N0eWxlPg==,44Ko44Ki44Kz44Oz44OV44Kj44Or44K/44O8IOODnuODhOODgCDjg5fjg6zjg57jgrfjg7wgIO+8rO+8oSZtaW51czvvvKPvvJfvvJDvvJMg77yS5YCL77yR44K744OD44OIIO+8iOOCqOOCouOCs+ODs+OCr+ODquODvOODiuODvOODu+OCreODo+ODk+ODs+ODleOCo+ODq+OCv+ODvOODu+OCr+ODquODvOODs+ODleOCo+ODq+OCv+ODvOODu+mBqeWQiOaknOe0ouOBguOCiu+8iSDjgJBSQ1DjgJHjgJBH44CR77ya44K444Kn44Kk44OU44OD44OI44K344On44OD44OX,44Ko44Ki44Kz44Oz44OV44Kj44Or44K/44O844Kv44Oq44O844Oz44OV44Kj44Or44K/44O844Ko44Ki44OV44Kj44Or44K/44O844Ko44Ki44Kv44Oq44O844OK44O844Kq44Kk44Or44OV44Kj44Or44K/44O844Kq44Kk44Or44Ko44Os44Oh44Oz44OI44Ko44Ki44Kz44Oz44Kv44Oq44O844OK44O854eD5paZ44OV44Kj44Or44K/44O844OV44Ol44O844Ko44Or44OV44Kj44Or44K/44O854eD5paZ44Ko44Os44Oh44Oz44OI44Ko44Ki44O844OV44Kj44Or44K/44O8TUFOTk1BTk4tRklMVEVS44Oe44Oz44OV44Kj44Or44K/44O8Ry1QQVJUU+OCuOODvOODkeODvOODhOOCreODo+ODk+ODs+ODleOCo+ODq+OCv+ODvOOCqOOCouOCs+ODs+ODleOCo+ODq+OCv+ODvCDjg57jg4Tjg4Ag44OX44Os44Oe44K344O8ICDvvKzvvKEmbWludXM777yj77yX77yQ77yTIO+8kuWAi++8keOCu+ODg+ODiCDvvIjjgqjjgqLjgrPjg7Pjgq/jg6rjg7zjg4rjg7zjg7vjgq3jg6Pjg5Pjg7Pjg5XjgqPjg6vjgr/jg7zjg7vjgq/jg6rjg7zjg7Pjg5XjgqPjg6vjgr/jg7zjg7vpganlkIjmpJzntKLjgYLjgorvvIkg44CQUkNQ44CR44CQR+OAkQ==,TEEtQzcwM+OAguOCqOOCouOCs+ODs+ODleOCo+ODq+OCv+ODvCDjg57jg4Tjg4Ag44OX44Os44Oe44K344O8ICDvvKzvvKEmbWludXM777yj77yX77yQ77yTIO+8kuWAi++8keOCu+ODg+ODiCDvvIjjgqjjgqLjgrPjg7Pjgq/jg6rjg7zjg4rjg7zjg7vjgq3jg6Pjg5Pjg7Pjg5XjgqPjg6vjgr/jg7zjg7vjgq/jg6rjg7zjg7Pjg5XjgqPjg6vjgr/jg7zjg7vpganlkIjmpJzntKLjgYLjgorvvIkg44CQUkNQ44CR44CQR+OAkQ==[rn]
21-63166,aHR0cDovL3RzaG9wLnIxMHMuanAvYXVjLXBhcnRza2luZy9jYWJpbmV0L3BjLWFjLWZpbHRlci9wYy00MDdjXzEuanBnP2ZpdGluPTcwMDo3MDA=,MjYzOS4yMDAw,,6LuK55So5ZOB44O744OQ44Kk44Kv55So5ZOBID4g44Kr44O855So5ZOBID4g44OQ44OD44OG44Oq44O844O744Oh44Oz44OG44OK44Oz44K555So5ZOBID4g44OV44Kj44Or44K/44O8ID4g44Ko44Ki44Kz44Oz44OV44Kj44Or44K/44O8,56iO6L6844CA6YCB5paZ54Sh5paZ44CA44Ko44Ki44Kz44Oz44OV44Kj44Or44K/44O844CA5rS75oCn54Kt5YWl44KK6ISx6Iet44K/44Kk44OX44Oe44OE44OA44CA44OH44Of44Kq44CAREUzIyPjg7s1RlNb5ZOB55Wq77yaUEMtNDA3Q13pm4blobXlipvjg7vohLHoh63lipvjg7vpmaToj4zlipvjga4z44Gk44Gu5Yq55p6c77yB6LuK5YaF44Gu56m65rCX44KS44Kv44Oq44O844Oz44Gr77yB6Iqx57KJ55eH44O75paw5Z6L44Kk44Oz44OV44Or44Ko44Oz44K25a++562W44CQc210Yi1r44CR44CQa2LjgJHjgJDjgYLjgZnmpb3lr77lv5xf6L+R55W/44CR5qW95aSp44Kr44O844OJ5YiG5Ymy,44OR44K344OV44Kj44OD44Kv5bel5qWt6KO9,PGNlbnRlcj4KPEJSPgo8SW1nIFNyYz0iL2F1Yy1wYXJ0c2tpbmcvY2FiaW5ldC9wYy1hYy1maWx0ZXIvdG9rdXR5b3UuZ2lmIj48QlI+CjxJbWcgU3JjPSIvYXVjLXBhcnRza2luZy9jYWJpbmV0L3BjLWFjLWZpbHRlci9wYy1hY19maWx0ZXIuanBnIj48QlI+PEJSPgoKPFRBQkxFIFdJRFRIPTY1MCBCT1JERVI9MCBDRUxMUEFERElORz01IENFTExTUEFDSU5HPTEgQkdDT0xPUj0jQUJDRUVCPgo8VFIgQkdDT0xPUj0jRThFRUY5Pgo8VEQgV0lEVEg9MTUwIEJHQ09MT1I9IzM0NGZlND4KPEZPTlQgQ09MT1I9I0ZGRkZGRj48U1RST05HPuKWoOWVhuWTgeWQjTwvU1RST05HPjwvRk9OVD4KPC9URD4KPFREIFdJRFRIPTYwNiBCR0NPTE9SPSNGRkZGRkY+CjxTVFJPTkc+CjxCUj4K44Oe44OE44OA44CA44OH44Of44KqPEJSPgrjg5Hjgrfjg5XjgqPjgq/lt6Xmpa3vvIjvvLDvvK3vvKPvvInoo73jgIDjgqjjgqLjgrPjg7PjgIDjgq/jg6rjg7zjg7Pjg5XjgqPjg6vjgr/jg7w8QlI+CjxCUj4K6Iqx57KJ55eH44O75paw5Z6L44Kk44Oz44OV44Or44Ko44Oz44K25a++562W44Gr77yBPEJSPgrpm4blobXjg7vohLHoh63jga/jgoLjgaHjgo3jgpPjgIHpmaToj4zjgb7jgaflrp/nj77jgZfjgb7jgZnvvIE8QlI+Cu+8iOaKl+iPjOODu+aKl+OCq+ODk+ODu+aKl+OCouODrOODq+OCsuODs+ODu+aKl+OCpuOCpOODq+OCue+8iTxCUj4KCjxGT05UIENPTE9SPVJFRD48Qj7nqI7ovrzjgb/vvIHjgIDpgIHmlpnnhKHmlpnvvIHvvIE8YnI+PC9CPjwvRk9OVD48L1NUUk9ORz4KPC9URD4KPC9UUj4KPFRSIEJHQ09MT1I9I0U4RUVGOT4KPFREIEJHQ09MT1I9IzM0NGZlND4KPEZPTlQgQ09MT1I9I0ZGRkZGRj48U1RST05HPuKWoOmBqeW/nOi7iueorjwvU1RST05HPjwvRk9OVD4KPC9URD4KPFREIEJHQ09MT1I9I0ZGRkZGRj4KPFNUUk9ORz48QlI+CuODnuODhOODgOOAgOODh+ODn+OCquOAgERFMyMj44O7NUZT44CA77yI5bmz5oiQMTnlubQ35pyI772e77yJPEJSPgo8L1NUUk9ORz4KPC9URD4KPC9UUj4KPFRSIEJHQ09MT1I9I0U4RUVGOT4KPFREIEJHQ09MT1I9IzM0NGZlND4KPEZPTlQgQ09MT1I9I0ZGRkZGRj48U1RST05HPuKWoFBNQ+WTgeeVquOAgeWumuS+oTwvU1RST05HPjwvRk9OVD4KPC9URD4KPFREIEJHQ09MT1I9I0ZGRkZGRj4KPFNUUk9ORz5QQy00MDdD44CACjxCUj7lrprkvqE0LDYyMOWGhgo8L1NUUk9ORz4KPC9URD4KPC9UUj4KPFRSIEJHQ09MT1I9I0U4RUVGOT4KPFREIEJHQ09MT1I9IzM0NGZlND4KPEZPTlQgQ09MT1I9I0ZGRkZGRj48U1RST05HPuKWoOOBiuaUr+aJleOBhDwvU1RST05HPjwvRk9OVD4KPC9URD4KPFREIEJHQ09MT1I9I0ZGRkZGRj4KPFNUUk9ORz48Rk9OVCBDT0xPUj1SRUQ+PEI+6KGo56S65L6h5qC844Gu44G/44Gu44GK5pSv5omV44GE44Gn44GZ77yB77yBPC9CPjwvRk9OVD7vvIjmtojosrvnqI7jgIHpgIHmlpnovrzjgb/vvIkKPEJSPuKAu+WMl+a1t+mBk+OAgeaylue4hOOAgembouWztuOBr+WIpemAlOmAgeaWmeOCkuOBiumhmOOBhOOBl+OBvuOBmeOAggo8L1NUUk9ORz4KPC9URD4KPC9UUj4KPFRSIEJHQ09MT1I9I0U4RUVGOT4KPFREIEJHQ09MT1I9IzM0NGZlND4KPEZPTlQgQ09MT1I9I0ZGRkZGRj48U1RST05HPuKWoOWCmeiAgzwvU1RST05HPjwvRk9OVD4KPC9URD4KPFREIEJHQ09MT1I9I0ZGRkZGRj4KPFNUUk9ORz4KPEJSPgo8VWw+CjxMaSBUeXBlPSJzcXVhcmUiPuWutuW6reeUqOOBruOCqOOCouOCs+ODs+OBqOWQjOanmOOBq+OCq+ODvOOCqOOCouOCs+ODs+OBq+OCguODleOCo+ODq+OCv+ODvOOBjOS7mOOBhOOBpuOBiuOCiuOBvuOBmeOAguOAgOOCr+ODquODvOODs+ODleOCo+ODq+OCv+ODvOOBr++8keW5tOOBq++8keWbnuOBruWumuacn+eahOOBquS6pOaPm+OBjOW/heimgeOBqua2iOiAl+mDqOWTgeOBp+OBmeOAgjwvTGk+CjxMaSBUeXBlPSJzcXVhcmUiPuS6pOaPm+OBruebruWuieOBrzxGT05UIENPTE9SPVJFRD48Qj7vvJHlubTmr47jgIHjgb7jgZ/jga8xNSwwMDBrbTwvQj48L0ZPTlQ+5YmN5b6M44GM55uu5a6J44Gn44GZ44Gu44Gn5LiA5bqm44KC5Lqk5o+b44KS44GX44Gm44GE44Gq44GE6LuK5Lih44Gv44CB44GL44Gq44KK55uu6Kmw44G+44KK44KE55Ww6Iet44GM55m655Sf44GX44Gm44GE44KL5Y+v6IO95oCn44GM5b6h5bqn44GE44G+44GZ44CCPEJSPjwvTGk+CjxMaSBUeXBlPSJzcXVhcmUiPuWQhOWTgeeVquOBlOOBqOOBruOAgTxGT05UIENPTE9SPVJFRD48Qj7oqbPjgZfjgYTlj5bku5jjgZHoqqzmmI7mm7g8L0I+PC9GT05UPuS7mOOBjeOBp+OBmeOBruOBp+OAgeOCsOODreODvOODluODnOODg+OCr+OCueOBruWPluOCiuWkluOBl+OBjOOBp+OBjeOCjOOBsOOAgeODleOCo+ODq+OCv+ODvOijheedgOOBr+avlOi8g+eahOWuueaYk+OBp+OBmeOAgjxCUj48L0xpPgo8TGkgVHlwZT0ic3F1YXJlIj7vvLDvvK3vvKPjga7jgq/jg6rjg7zjg7Pjg5XjgqPjg6vjgr/jg7zjga/vvJPjg5/jgq/jg63jg7Pku6XkuIrjga7nspLlrZDjgpLlrozlhajjgavpmaTljrvvvIHoirHnsonnrYnjgoLnorrlrp/jgavjgq3jg6Pjg4Pjg4Hoh7TjgZfjgb7jgZnjgIIKPEJSPgrlj4jjgIHoirHnsonnl4fjga7ljp/lm6Djgajjgarjgovlvq7nspLlrZDjgoTjg5Djgq/jg4bjg6rjg6TjgoLjgYvjgarjgorjga7norrnq4vjgaflj5bjgorpmaTjgY3jgb7jgZnjgII8QlI+PC9MaT4KPExpIFR5cGU9InNxdWFyZSI+PEZPTlQgQ09MT1I9UkVEPjxCPuiKseeyieeXhzwvQj48L0ZPTlQ+44Gr6Ium44GX44KA5Lq644Gv44KC44Gh44KN44KT44CB56m65rCX5Lit44Gu6ZuR6I+M44KE44Kr44OT44CB5o6S5rCX44Ks44K544Gr5a++44GX44Gm5oq15oqX5Yqb44GM5byx44GE6LWk44Gh44KD44KT44Gq44GpCuOBq+OBqOOBo+OBpuOBr+OAgTxGT05UIENPTE9SPVJFRD7jgZ/jgaPjgZ/vvJHmnprjga7jg5XjgqPjg6vjgr/jg7zjgafjgZnjgYzjgIHntbblpKfjgarlirnmnpw8L0ZPTlQ+44GM5b6X44KJ44KM44KL44Go5oCd44GE44G+44GZ44CCCjxCUj48L0xpPgo8TGkgVHlwZT0ic3F1YXJlIj7mtLvmgKfngq3jg5XjgqPjg6vjgr/jg7zjgpLov73liqDjgZfjgZ/jgr/jgqTjg5fjgafjgZnjga7jgafjgIHmsJfjgavjgarjgovoh63jgYTjgpLjgZDjgaPjgajmipHjgYjjgb7jgZnjgII8L0xpPgo8L1VsPgoKPC9TVFJPTkc+CjwvVEQ+CjwvVFI+CjwvVEFCTEU+CjxCUj4KPEZvbnQgU2l6ZT0iMiIgQ29sb3I9InJlZCI+PGI+4pa8IOKWvCDilrwg4pa8IOKWvCDilrwg4pa8IOKWvCDilrwg4pa8PC9mb250PjxGb250IFNpemU9IjIiPuOAgOOCs+ODgeODqeOCguOBiuOBmeOBmeOCgeOAgDwvZm9udD48Rm9udCBTaXplPSIyIiBDb2xvcj0icmVkIj7ilrwg4pa8IOKWvCDilrwg4pa8IOKWvCDilrwg4pa8IOKWvCDilrw8L2I+PC9mb250PjxCUj4KPEEgSHJlZj0iaHR0cHM6Ly9pdGVtLnJha3V0ZW4uY28uanAvYXVjLXBhcnRza2luZy9zdXBlcmpldDMyMC8iPjxJbWcgU3JjPSIvYXVjLXBhcnRza2luZy9jYWJpbmV0L3BjLWFjLWZpbHRlci9zdXBlcmpldDMyMC1iYW5hLmpwZyIgYm9yZGVyPSIwIj48L0E+CjxCUj48QlI+CgoKCgo8L2NlbnRlcj48Y2VudGVyPiAKCjxCUj48Y2VudGVyPiAK44Oh44O844Kr44O85biM5pyb5bCP5aOy5L6h5qC844Gv44Oh44O844Kr44O844Kr44K/44Ot44Kw44Gr5Z+644Gl44GE44Gm5o6y6LyJ44GX44Gm44GE44G+44GZPEJSPiAKPEJSPgoKPGltZyBzcmM9L2F1Yy1wYXJ0c2tpbmcvY2FiaW5ldC9ldmlkZW5jZS9wbWNfMDFfZXZpZGVuY2UwMS5naWYgYm9yZGVyPSIwIiB3aWR0aD0iMTUwcHgiPgo8aW1nIHNyYz0vYXVjLXBhcnRza2luZy9jYWJpbmV0L2V2aWRlbmNlL3BtY18wMl9ldmlkZW5jZTAxLmdpZiBib3JkZXI9IjAiIHdpZHRoPSIxNTBweCI+Cjxicj48aW1nIHNyYz0vYXVjLXBhcnRza2luZy9jYWJpbmV0L2NhdGVnb3J5L2ltZ3JjMDA2NDgzMDgzOC5naWY+PGNlbnRlcj4KPGltZyBzcmM9Imh0dHBzOi8vaW1hZ2UucmFrdXRlbi5jby5qcC9hdWMtcGFydHNraW5nL2NhYmluZXQvY2F0ZWdvcnkvaW1ncmMwMDY1MDI1NDYyLmdpZiIgYWx0PSLjg6njg7Pjgq3jg7PjgrDluK8iPjxicj4KCjxpbWcgc3JjPSJodHRwczovL2ltYWdlLnJha3V0ZW4uY28uanAvYXVjLXBhcnRza2luZy9jYWJpbmV0L3N5b3VoaW4vaW1ncmMwMDY0ODczMzE3LmdpZiIgYWx0PSJBVEYiIHdpZHRoPSIxNTBweCI+CjxpbWcgc3JjPSJodHRwczovL2ltYWdlLnJha3V0ZW4uY28uanAvYXVjLXBhcnRza2luZy9jYWJpbmV0LzA0OTI0NTk2L2ltZ3JjMDA2NDg4MzM0Ni5naWYiIGFsdD0iNVczMCIgd2lkdGg9IjE1MHB4Ij4KPGltZyBzcmM9Imh0dHBzOi8vaW1hZ2UucmFrdXRlbi5jby5qcC9hdWMtcGFydHNraW5nL2NhYmluZXQvMDQ5MjQ1OTYvaW1ncmMwMDY0ODc1OTI3LmdpZiIgYWx0PSLjgrfjg5Xjg4jjg47jg5YiIHdpZHRoPSIxNTBweCI+CjxpbWcgc3JjPSJodHRwczovL2ltYWdlLnJha3V0ZW4uY28uanAvYXVjLXBhcnRza2luZy9jYWJpbmV0LzA0OTI0NTk2L2ltZ3JjMDA2NDg4MDYxNy5naWYiIGFsdD0i44Ob44O844OzIiB3aWR0aD0iMTUwcHgiPgo8aW1nIHNyYz0iaHR0cHM6Ly9pbWFnZS5yYWt1dGVuLmNvLmpwL2F1Yy1wYXJ0c2tpbmcvY2FiaW5ldC8wNDkyNDU5Ni9pbWdyYzAwNjQ4NzM2MDcuZ2lmIiBhbHQ9IuOCueODvOODkeODvOOCuOOCp+ODg+ODiOODnuODg+OCr+OCuSIgd2lkdGg9IjE1MHB4Ij4KPGJyPgo8aW1nIHNyYz0iaHR0cHM6Ly9pbWFnZS5yYWt1dGVuLmNvLmpwL2F1Yy1wYXJ0c2tpbmcvY2FiaW5ldC9wbHVnL25na19tYXhfcGx1Z182Z20uanBnIiBhbHQ9Ik1BWOODl+ODqeOCsCIgd2lkdGg9IjE1MHB4Ij4KPGltZyBzcmM9Imh0dHBzOi8vd3d3LnJha3V0ZW4ubmUuanAvZ29sZC9hdWMtcGFydHNraW5nL2ltZy9zeW91aGluL0hEMV8wMC5qcGciIGFsdD0iSEQtMSIgd2lkdGg9IjE1MHB4Ij4KPGltZyBzcmM9Imh0dHBzOi8vaW1hZ2UucmFrdXRlbi5jby5qcC9hdWMtcGFydHNraW5nL2NhYmluZXQvMDQ5MjQ1OTYvaW1ncmMwMDY0NDMyNDk2LmdpZiIgYWx0PSLjg5Djg4Pjg4bjg6rjg7wyMTBIIiB3aWR0aD0iMTUwcHgiPgo8aW1nIHNyYz0iaHR0cHM6Ly9pbWFnZS5yYWt1dGVuLmNvLmpwL2F1Yy1wYXJ0c2tpbmcvY2FiaW5ldC9wbHVnL3J4LTEuZ2lmIiBhbHQ9Ik5HS+ODl+ODrOODn+OCouODoFJY44OX44Op44KwIiB3aWR0aD0iMTUwcHgiPgo8aW1nIHNyYz0iaHR0cHM6Ly93d3cucmFrdXRlbi5uZS5qcC9nb2xkL2F1Yy1wYXJ0c2tpbmcvaW1nL3N5b3VoaW4vQkwtMjVfMDIuanBnIiBhbHQ9IkJMLTI1IiB3aWR0aD0iMTUwcHgiPgoKPGJyPgo8YnI+CjxpbWcgc3JjPSJodHRwczovL2ltYWdlLnJha3V0ZW4uY28uanAvYXVjLXBhcnRza2luZy9jYWJpbmV0L2NhdGVnb3J5L2ltZ3JjMDA2NTAyNTQ2MC5naWYiIGFsdD0i44OH44K244Kk44Oz6Zuq55So44Ov44Kk44OR44O8IiBib3JmZXI9IjAiPgo8aW1nIHNyYz0iaHR0cHM6Ly9pbWFnZS5yYWt1dGVuLmNvLmpwL2F1Yy1wYXJ0c2tpbmcvY2FiaW5ldC9jYXRlZ29yeS9pbWdyYzAwNjUwMjU0NTkuZ2lmIiBhbHQ9IuOCtuODg+OCr+mbqueUqOODr+OCpOODkeODvCIgYm9yZmVyPSIwIj4KPGJyPgo8aW1nIHNyYz0iaHR0cHM6Ly9pbWFnZS5yYWt1dGVuLmNvLmpwL2F1Yy1wYXJ0c2tpbmcvY2FiaW5ldC9jYXRlZ29yeS9pbWdyYzAwNjUwMjU0MjIuZ2lmIiBhbHQ9IkdT44OQ44OD44OG44Oq44O8IiBib3JmZXI9IjAiPgo8aW1nIHNyYz0iaHR0cHM6Ly9pbWFnZS5yYWt1dGVuLmNvLmpwL2F1Yy1wYXJ0c2tpbmcvY2FiaW5ldC9jYXRlZ29yeS9pbWdyYzAwNjUwMjU0MjEuZ2lmIiBhbHQ9IuODluODrOODvOOCreODkeODg+ODiSIgYm9yZmVyPSIwIj4KPGltZyBzcmM9Imh0dHBzOi8vaW1hZ2UucmFrdXRlbi5jby5qcC9hdWMtcGFydHNraW5nL2NhYmluZXQvY2F0ZWdvcnkvaW1ncmMwMDY1MDI1NDIwLmdpZiIgYWx0PSLjg5DjgqTjgq/jg63jg4Pjgq8iIGJvcmZlcj0iMCI+CjxpbWcgc3JjPSJodHRwczovL2ltYWdlLnJha3V0ZW4uY28uanAvYXVjLXBhcnRza2luZy9jYWJpbmV0L2NhdGVnb3J5L2ltZ3JjMDA2NTAyNTQxOS5naWYiIGFsdD0i44K/44Kk44Ok44OB44Kn44O844OzIiBib3JmZXI9IjAiPgo8YnI+CjxpbWcgc3JjPSJodHRwczovL2ltYWdlLnJha3V0ZW4uY28uanAvYXVjLXBhcnRza2luZy9jYWJpbmV0L2NhdGVnb3J5L2ltZ3JjMDA2NTAyNTQxOC5naWYiIGFsdD0i44K544OO44Oc44Kt44Oj44Oq44KiIiBib3JmZXI9IjAiPgo8aW1nIHNyYz0iaHR0cHM6Ly9pbWFnZS5yYWt1dGVuLmNvLmpwL2F1Yy1wYXJ0c2tpbmcvY2FiaW5ldC9jYXRlZ29yeS9pbWdyYzAwNjUwMjU0MTcuZ2lmIiBhbHQ9IuOCreODo+ODquOCoiIgYm9yZmVyPSIwIj4KPGltZyBzcmM9Imh0dHBzOi8vaW1hZ2UucmFrdXRlbi5jby5qcC9hdWMtcGFydHNraW5nL2NhYmluZXQvY2F0ZWdvcnkvaW1ncmMwMDY1MDI1NDE2LmdpZiIgYWx0PSLjgqjjgqLjgrPjg7Pjg5XjgqPjg6vjgr/jg7wiIGJvcmZlcj0iMCI+CjxpbWcgc3JjPSJodHRwczovL2ltYWdlLnJha3V0ZW4uY28uanAvYXVjLXBhcnRza2luZy9jYWJpbmV0L2NhdGVnb3J5L2ltZ3JjMDA2NTAyNTQ0MC5naWYiIGFsdD0i5q+b44Gw44Gf44GNIiBib3JmZXI9IjAiPg==,56iO6L6844CA6YCB5paZ54Sh5paZ44CA44Ko44Ki44Kz44Oz44OV44Kj44Or44K/44O844CA5rS75oCn54Kt5YWl44KK6ISx6Iet44K/44Kk44OX44Oe44OE44OA44CA44OH44Of44Kq44CAREUzIyPjg7s1RlNb5ZOB55Wq77yaUEMtNDA3Q13pm4blobXlipvjg7vohLHoh63lipvjg7vpmaToj4zlipvjga4z44Gk44Gu5Yq55p6c77yB6LuK5YaF44Gu56m65rCX44KS44Kv44Oq44O844Oz44Gr77yB6Iqx57KJ55eH44O75paw5Z6L44Kk44Oz44OV44Or44Ko44Oz44K25a++562W44CQc210Yi1r44CR44CQa2LjgJHjgJDjgYLjgZnmpb3lr77lv5xf6L+R55W/44CR5qW95aSp44Kr44O844OJ5YiG5Ymy77ya44OR44O844OE44Kt44Oz44Kw5qW95aSp5biC5aC05bqX,44OR44O844OE44Kt44Oz44Kw44OX44Op44Kw6LuK44Gu6YOo5ZOB44Kz44O844OJ44Kr44O855So5ZOB44Oe44OV44Op44O844OR44Kk44OXSFNU44Ot44O844K/44O86LuK55So5ZOB6LuK44OQ44Kk44Kv44OQ44Kk44Kv55So5ZOB44OQ44OD44OG44Oq44O844Ok44OK44K7R1Pjg6bjgqLjgrXjg6bjg7zjg63jg5bjg6njg4Pjgq/ljbPml6XnmbrpgIHljbPntI3oh6rli5Xou4rpg6jlk4HnqI7ovrzjgIDpgIHmlpnnhKHmlpnjgIDjgqjjgqLjgrPjg7Pjg5XjgqPjg6vjgr/jg7zjgIDmtLvmgKfngq3lhaXjgorohLHoh63jgr/jgqTjg5fjg57jg4Tjg4DjgIDjg4fjg5/jgqrjgIBERTMjI+ODuzVGU1vlk4HnlarvvJpQQy00MDdDXembhuWhteWKm+ODu+iEseiHreWKm+ODu+mZpOiPjOWKm+OBrjPjgaTjga7lirnmnpzvvIHou4rlhoXjga7nqbrmsJfjgpLjgq/jg6rjg7zjg7PjgavvvIHoirHnsonnl4fjg7vmlrDlnovjgqTjg7Pjg5Xjg6vjgqjjg7Pjgrblr77nrZbjgJBzbXRiLWvjgJHjgJBrYuOAkeOAkOOBguOBmealveWvvuW/nF/ov5Hnlb/jgJHmpb3lpKnjgqvjg7zjg4nliIblibI=,44OR44K344OV44Kj44OD44Kv5bel5qWt6KO944CC56iO6L6844CA6YCB5paZ54Sh5paZ44CA44Ko44Ki44Kz44Oz44OV44Kj44Or44K/44O844CA5rS75oCn54Kt5YWl44KK6ISx6Iet44K/44Kk44OX44Oe44OE44OA44CA44OH44Of44Kq44CAREUzIyPjg7s1RlNb5ZOB55Wq77yaUEMtNDA3Q13pm4blobXlipvjg7vohLHoh63lipvjg7vpmaToj4zlipvjga4z44Gk44Gu5Yq55p6c77yB6LuK5YaF44Gu56m65rCX44KS44Kv44Oq44O844Oz44Gr77yB6Iqx57KJ55eH44O75paw5Z6L44Kk44Oz44OV44Or44Ko44Oz44K25a++562W44CQc210Yi1r44CR44CQa2LjgJHjgJDjgYLjgZnmpb3lr77lv5xf6L+R55W/44CR5qW95aSp44Kr44O844OJ5YiG5Ymy[rn]
21-63167,aHR0cDovL3RzaG9wLnIxMHMuanAvYXV0b3BhcnRzLWFnZW5jeS9jYWJpbmV0L3R1bmluZzIwMC9hcF9haXJjb25maWx0ZXJfMi5qcGc/Zml0aW49NzAwOjcwMA==,ODA2LjQwMDA=,,6LuK55So5ZOB44O744OQ44Kk44Kv55So5ZOBID4g44Kr44O855So5ZOBID4g44OQ44OD44OG44Oq44O844O744Oh44Oz44OG44OK44Oz44K555So5ZOBID4g44OV44Kj44Or44K/44O8ID4g44Ko44Ki44Kz44Oz44OV44Kj44Or44K/44O8,QVAg44Ko44Ki44Kz44Oz44OV44Kj44Or44K/44O8IEFQQ0YtTVowMDUg44Oe44OE44OAIOODh+ODn+OCqiBERUpGU0RFM0FTREUzRlNERTVGUyAyMDA35bm0MDfmnIjvvZ4=,44CA,44CAPGltZyBzcmM9Imh0dHA6Ly9pbWFnZS5yYWt1dGVuLmNvLmpwL2F1dG9wYXJ0cy1hZ2VuY3kvY2FiaW5ldC9pbWFnZXMvdGFubm9raS5naWYiIGFsdD0i5Zyo5bqrIj48YnI+PGJyPuWFpeaVsO+8mjHjgrvjg4Pjg4jvvIgy5YCL77yJPGJyPjxicj7ou4rjga7jgqjjgqLjgrPjg7PlhoXjgavlj5bjgorku5jjgZHjgIHoirHnsonjgoTjgbvjgZPjgorjgpLpmaTljrvjgZfjgIHou4rlhoXjgpLlv6vpganjgavjgZnjgovjg5XjgqPjg6vjgr/jg7zjgafjgZnjgII8YnI+6auY5ZOB6LOq44Gq57mK57at44KS5L2/55So44GX6ZW35pyf6ZaT44Gu5L2/55So44KS5Y+v6IO944Gr44GX44G+44GX44Gf44CCPGJyPjxicj7jgJDkuqTmj5vmmYLmnJ/jgJE8YnI+44CM44Kt44Oj44OT44Oz44OV44Kj44Or44K/44CN44Gv5Lqk5o+b6YOo5ZOB44Gn44GZ44CCPGJyPuWPluS7mOW+jOOAgTHlubTplpPjgYLjgovjgYTjga8xNSwwMDBrbeOCkuebruWuieOBq+S6pOaPm+OBmeOCi+OBk+OBqOOCkuOBiuOBmeOBmeOCgeOBl+OBvuOBmeOAgjxicj48YnI+5rOoKSDjgZTkvb/nlKjjga7nkrDlooPjgavjgojjgorlr7/lkb3jgYznlbDjgarjgorjgb7jgZnjga7jgafjgIHmqZ/og73kvY7kuIvjgoTnm67oqbDjgb7jgorjgavjgojjgovpoqjph4/kvY7kuIvjgYznlJ/jgZjjgZ/pmpvjgavjga/jgIHjgYrml6njgoHjga7kuqTmj5vjgpLjgYrpoZjjgYToh7TjgZfjgb7jgZnjgII8YnI+PGJyPuWPguiAg+e0lOato+WTgeeVqu+8mkQ2NTEtNjEtSjZYPGJyPjxicj7ku5bnpL7lj4LogIPlk4HnlarvvJpDTUEtNTA2PGJyPue0lOato+WPguiAg+WTgeeVqu+8mkQ2NTEtNjEtSjZYPGJyPjxicj7ilqDpganlkIjou4rnqK48YnI+44Oe44OE44OAIOODh+ODn+OCqjxicj5ERUpGUyxERTNBUyxERTNGUyxERTVGUyAyMDA35bm0MDfmnIjvvZ48YnI+PGJyPjxiPjxmb250IGNvbG9yPSJyZWQiPuOBk+OBoeOCieOBruWVhuWTgeOBr+mBqeWQiOeiuuiqjeOBjOW/heOBmuW/heimgeOBp+OBmeOAgjxicj7jgqvjg7zjg4jjgavlhaXjgozjgZ/lvozjgIHms6jmlofjg5Xjgqnjg7zjg6Djga7lgpnogIPmrITjgavou4rovIzmg4XloLHjgpLjgZTlhaXlipvjgY/jgaDjgZXjgYTjgII8YnI+6LuK6LyM5oOF5aCx44GM44GC44KK44G+44Gb44KT44Go44CB5YaN5bqm6LuK6LyM5oOF5aCx44KS44GK5Ly644GE44GZ44KL5aC05ZCI44KC44GC44KK55m66YCB44Gr44GK5pmC6ZaT44GM44GL44GL44KK44G+44GZ44Gu44Gn44GU5Y2U5Yqb44Gu56iL5a6c44GX44GP44GK6aGY44GE44GE44Gf44GX44G+44GZ44CCPC9mb250PjwvYj48YnI+PGJyPuKWoOmWoumAo+S6i+mghTxicj4wIEQ2NTEtNjEtSjZYIOOCreODo+ODk+ODs+ODleOCo+ODq+OCv+ODvCDjgq3jg6Pjg5Pjg7Pjg5XjgqPjg6vjgr8g44Ko44Ki44Kz44Oz44OV44Kj44Or44K/IOOCqOOCouOCs+ODs+OCr+ODquODvOODs+ODleOCo+ODq+OCv+ODvCDjgqjjgqLjgrPjg7Pjgq/jg6rjg7zjg7Pjg5XjgqPjg6vjgr8g44Kv44Oq44O844Oz44OV44Kj44Or44K/44O8IOOCr+ODquODvOODs+ODleOCo+ODq+OCvyDjgqvjg7zjgqjjgqLjgrPjg7Mg44Kr44O844Ko44Ki44Kz44Oz44OV44Kj44Or44K/44O8IOOCq+ODvOOCqOOCouOCs+ODs+ODleOCo+ODq+OCvyDjgqjjgqLjgrPjg7Mg44Kt44Oj44OT44OzIOODleOCo+ODq+OCv+ODvCDjg5XjgqPjg6vjgr8g44OA44OD44K344Ol44Oc44O844OJPGJyPuKWoOmBqeWQiOaDheWgsTxicj5NQVpEQTxicj7ilqDjgZ3jga7ku5Y8YnI+YXV0b21vYmlsZSBtb3RvcmNhciDjgqrjg7zjg4jjg6Ljg7zjg5Pjg6sg44Oi44O844K/44O844Kr44O8IOOCq+ODvCDou4og6Ieq5YuV6LuKIOi7iuS4oTxicj7ilqBKQU48YnI+NDU2MjQzMDA5MjYzNjxkaXYgc3R5bGU9Im1hcmdpbi1ib3R0b206MjBweDt0ZXh0LWFsaWduOmNlbnRlcjsiPjxpbWcgc3JjPSJodHRwOi8vaW1hZ2UucmFrdXRlbi5jby5qcC9hdXRvcGFydHMtYWdlbmN5L2NhYmluZXQvbmV3X2F0dGVudGlvbi5naWYiIGJvcmRlcj0iMCIgYWx0PSLntI3mnJ/jg7vllYblk4HjgavjgaTjgYTjgabjga7ms6jmhI/kuovpoIXjgafjgZnjgILnorroqo3jgY/jgaDjgZXjgYQiID4KPC9kaXY+,QVAg44Ko44Ki44Kz44Oz44OV44Kj44Or44K/44O8IEFQQ0YtTVowMDUg44Oe44OE44OAIOODh+ODn+OCqiBERUpGU0RFM0FTREUzRlNERTVGUyAyMDA35bm0MDfmnIjvvZ7vvJrjgqrjg7zjg4jjg5Hjg7zjg4Tjgqjjg7zjgrjjgqfjg7Pjgrfjg7w=,44Kr44O844OR44O844OEIOOCquODvOODiOODkeODvOODhCDoh6rli5Xou4rpg6jlk4Eg44Kr44O855So5ZOB44OW44Os44O844Kt44OR44OD44OJ6LuK6auY6Kq/44Kt44OD44OI44Oe44OV44Op44O844Ko44Ki44Kz44Oz44OV44Kj44Or44K/44O844OJ44Op44Kk44OW44K344Oj44OV44OI44K544OG44Ki44Oq44Oz44Kw44OW44O844OE44OQ44OD44OG44Oq44O844K144K544Oa44Oz44K344On44Oz44Ko44Ki44OV44Kj44Or44K/44O8QVAg44Ko44Ki44Kz44Oz44OV44Kj44Or44K/44O8IEFQQ0YtTVowMDUg44Oe44OE44OAIOODh+ODn+OCqiBERUpGU0RFM0FTREUzRlNERTVGUyAyMDA35bm0MDfmnIjvvZ4=,44CA44CCQVAg44Ko44Ki44Kz44Oz44OV44Kj44Or44K/44O8IEFQQ0YtTVowMDUg44Oe44OE44OAIOODh+ODn+OCqiBERUpGU0RFM0FTREUzRlNERTVGUyAyMDA35bm0MDfmnIjvvZ4=[rn]
21-63168,aHR0cDovL3RzaG9wLnIxMHMuanAvbmYvY2FiaW5ldC8yMDEzMDcvcGlhYS1jMS5qcGc/Zml0aW49NzAwOjcwMA==,MTg4OS42MDAw,,6LuK55So5ZOB44O744OQ44Kk44Kv55So5ZOBID4g44Kr44O855So5ZOBID4g44OQ44OD44OG44Oq44O844O744Oh44Oz44OG44OK44Oz44K555So5ZOBID4g44OV44Kj44Or44K/44O8ID4g44Ko44Ki44Kz44Oz44OV44Kj44Or44K/44O8,UElBQSjjg5TjgqIpIOOCqOOCouOCs+ODs+ODleOCo+ODq+OCv+ODvCDjgIzjgrPjg7Pjg5Xjgqnjg7zjg4jjgI0g44Oe44OE44OAIOOCouODhuODs+OCtuOAgUNYLTfjgIHjg4fjg5/jgqrjgIHjg5njg6rjg7zjgrXnrYkg44CQRVZDLUEx44CR,44CA,6Kmz44GX44GP44GvUElBQeOCteOCpOODiOOBq+OBpuW+oeimp+S4i+OBleOBhOOAgjxhIGhyZWY9Imh0dHA6Ly9saW5rLnJha3V0ZW4uY28uanAvMS8wMDEvNDQwLyIgVEFSR0VUPSJuZXciPuKYhVBJQUE8L2E+6Iqx57KJ55eH44CB44Ki44Os44Or44Ku44O844Gu5pa544Gr44Gv44CB5LiN57mU5biD77yL5biv6Zu75LiN57mU5biD44GuUElBQeOCqOOCouOCs+ODs+ODleOCo+ODq+OCv+ODvGNvbWZvcnTjgYzjgqrjgrnjgrnjg6HjgafjgZnjgILku6PooajntJTmraPpg6jlk4Hnlarlj7dEMzc1LTYxLVAxMUI8bGVmdD4KPGI+4oC744GU5rOo5oSP5LqL6aCFPGJyPgrjgZTms6jmlofliY3jgavjg5rjg7zjgrjkuIvpg6jjga7jgZTliKnnlKjmoYjlhoXjgpLjgZTopqfjga7kuIrjgYrnlLPjgZfovrzjgb/kuIvjgZXjgYTjgII8YnI+CgrmjrLovInnlLvlg4/jga7lpJrjgY/jga/jgqTjg6Hjg7zjgrjnlLvlg4/jgajjgarjgaPjgabjgYrjgorjgb7jgZnjgII8YnI+Cgrlrp/pmpvjga7llYblk4Hjga7lk4HnlarjgIHoibLjgIHjgrXjgqTjgrrjgarjganjga/llYblk4HlkI3jgpLjgZTnorroqo3kuIvjgZXjgYTjgII8YnI+5qW95aSp5biC5aC044Gu44CO5Zyo5bqr44GC44KK44CP57We44KK6L6844G/5qSc57Si44Gn44Gv6LK344GE54mp5Y+v6IO944Gq44GZ44G544Gm44Gu5ZWG5ZOB77yI44GK5Y+W44KK5a+E44Gb5ZWG5ZOB44KE5LqI57SE5ZWG5ZOB5ZCr44KA77yJPGJyPuOBjOWcqOW6q+OBguOCiuOBqOihqOekuuOBleOCjOOBpuOBl+OBvuOBhOOBvuOBmeOAgjxicj4K5b2T56S+44Gu5aC05ZCI44CB5o6y6LyJ5Lit44Gu5ZWG5ZOB44Gv44CB44GU5rOo5paH5b6M44Gu44Oh44O844Kr44O855m65rOo5ZWG5ZOB44KS5aSa5pWw5ZCr44KT44Gn44GK44KK44G+44GZ44Gu44Gn44CBPGJyPu+8nOOBguOBmealveWvvuW/nO+8nuWVhuWTgeS7peWkluOBr+OBlOazqOaWh+W+jOOAgeOAjOasoOWTgeS4reOAjeOAjOeUn+eUo+e1guS6huOAjeetieOBruWgtOWQiOOCguOBlOOBluOBhOOBvuOBmeOAguS6iOOCgeOBlOS6huaJv+S4i+OBleOBhOOAgjxicj4KPC9iPgo8L2xlZnQ+CgoKPHN0eWxlIHR5cGU9InRleHQvY3NzIj4KCi5ibnJfbGlzdCB0ZHsKCXBhZGRpbmc6NXB4IDAgNXB4IDA7Cgl0ZXh0LWFsaWduOmNlbnRlcjsKCWZvbnQtc2l6ZToxMnB4Owp9Cjwvc3R5bGU+Cgo8dGFibGUgY2xhc3M9ImJucl9saXN0Ij4KCQkKICAgIDx0cj4KICAgICAgICA8dGQgd2lkdGg9IjM1MCI+CiAgICAgICAgICAgIDxpbWcgc3JjPSJodHRwOi8vaW1hZ2UucmFrdXRlbi5jby5qcC9uZi9jYWJpbmV0L2ltZzYwMzE5MjI0LmdpZiIgYWx0PSIiIGJvcmRlcj0iMCI+CiAgICAgICAgICAgIOS4gOe3kuOBq+azqOaWh+OBmeOCi+OBqOmAgeaWmeeEoeaWme+8geOBruOCq+ODvOeUqOWTgQogICAgICAgIDwvdGQ+CiAgICAgICAgPHRkIHdpZHRoPSIxMCI+PC90ZD4KICAgICAgICA8dGQgd2lkdGg9IjM1MCI+CiAgICAgICAgICAgIDxpbWcgc3JjPSJodHRwOi8vaW1hZ2UucmFrdXRlbi5jby5qcC9uZi9jYWJpbmV0L2ltZzYwMzE5MjE0LmpwZyIgYWx0PSIiIGJvcmRlcj0iMCI+CiAgICAgICAgICAgIOWPquS7iumAgeaWmeeEoeaWmeOCreODo+ODs+ODmuODvOODs+S4re+8gQogICAgICAgIDwvdGQ+CiAgICA8L3RyPgogICAgPHRyPgogICAgICAgIDx0ZD4KICAgICAgICAgICAgPGltZyBzcmM9Imh0dHA6Ly9pbWFnZS5yYWt1dGVuLmNvLmpwL25mL2NhYmluZXQvaW1nNjAzMTkyMjYuanBnIiBhbHQ9IiIgYm9yZGVyPSIwIj48YnI+CiAgICAgICAgICAgIERpY2tpZXMgUkVDQVJPIFdISVRFIEFSUk9XIOOBquOBqQogICAgICAgIDwvdGQ+CiAgICAgICAgPHRkPjwvdGQ+CiAgICAgICAgPHRkPgogICAgICAgICAgICA8aW1nIHNyYz0iaHR0cDovL2ltYWdlLnJha3V0ZW4uY28uanAvbmYvY2FiaW5ldC9pbWc2MDMxOTIyMS5qcGciIGFsdD0iIiAgYm9yZGVyPSIwIj48YnI+CiAgICAgICAgICAgIENFTExTVEFS44O7WVVQSVRFUlXjg7tDT01URUPjgarjgakKICAgICAgICA8L3RkPgogICAgPC90cj4KICAgIDx0cj4KICAgICAgICA8dGQ+CiAgICAgICAgICAgIDxpbWcgc3JjPSJodHRwOi8vaW1hZ2UucmFrdXRlbi5jby5qcC9uZi9jYWJpbmV0L2ltZzYwMzE5MjIyLmpwZyIgYWx0PSLjgqvjg7zjgrvjgq3jg6Xjg6rjg4bjgqMiICBib3JkZXI9IjAiPjxicj4KICAgICAgICAgICAgQ09NVEVD44O7S0FUTy1ERU5LSeODu1ZJU0lPTuOBquOBqQogICAgICAgIDwvdGQ+CiAgICAgICAgPHRkPjwvdGQ+CiAgICAgICAgPHRkPgogICAgICAgICAgICA8aW1nIHNyYz0iaHR0cDovL2ltYWdlLnJha3V0ZW4uY28uanAvbmYvY2FiaW5ldC9pbWc2MDMxOTIyNS5qcGciIGFsdD0i44Ko44Oz44K444Oz44K544K/44O844K/44O8IiBib3JkZXI9IjAiPjxicj4KICAgICAgICAgICAgQ0FSTUFUReODu0NPTVRFQ+ODu01JVFNVQkHjgarjgakKICAgICAgICA8L3RkPgogICAgPC90cj4KICAgIDx0cj4KICAgICAgICA8dGQ+CiAgICAgICAgICAgIDxpbWcgc3JjPSJodHRwOi8vaW1hZ2UucmFrdXRlbi5jby5qcC9uZi9jYWJpbmV0L2ltZzYwMzE5MjE5LmpwZyIgYWx0PSLjg6Hjg7zjgr/jg7wiIGJvcmRlcj0iMCI+PGJyPgogICAgICAgICAgICBQSVZPVOODu0hLU+ODu1VMVFJB44O7QkxJVFrjg7tBUEVY44Gq44GpCiAgICAgICAgPC90ZD4KICAgICAgICA8dGQ+PC90ZD4KICAgICAgICA8dGQ+CiAgICAgICAgICAgIDxpbWcgc3JjPSJodHRwOi8vaW1hZ2UucmFrdXRlbi5jby5qcC9uZi9jYWJpbmV0L2ltZzYwMzE5MjE3LmpwZyIgYWx0PSLjgq3jg6Pjg6rjgqIiIGJvcmRlcj0iMCI+PGJyPgogICAgICAgICAgICDjg6vjg7zjg5Xjgq3jg6Pjg6rjgqLjg7vjg5zjg4Pjgq/jgrnjg7vjg5XjgqPjg4Pjgrfjg7PjgrDjg7vjg7sKICAgICAgICA8L3RkPgogICAgPC90cj4KICAgIDx0cj4KICAgICAgICA8dGQ+CiAgICAgICAgICAgIDxpbWcgc3JjPSJodHRwOi8vaW1hZ2UucmFrdXRlbi5jby5qcC9uZi9jYWJpbmV0L2ltZzYwMzE5MjIwLmpwZyIgYWx0PSLjgqjjg7Pjgrjjg7PjgqrjgqTjg6siIGJvcmRlcj0iMCI+PGJyPgogICAgICAgICAgICBNb2JpbDHjg7tIS1Pjg7tSRURMSU5F44O744O744O75Y+W5omx5aSa5pWwCiAgICAgICAgPC90ZD4KICAgICAgICA8dGQ+PC90ZD4KICAgICAgICA8dGQ+CiAgICAgICAgICAgIDxpbWcgc3JjPSJodHRwOi8vaW1hZ2UucmFrdXRlbi5jby5qcC9uZi9jYWJpbmV0L2ltZzYwMzE5MjE1LmpwZyIgYWx0PSLjg5Djg4Pjg4bjg6rjg7wiIGJvcmRlcj0iMCI+PGJyPgogICAgICAgICAgICDoh6rli5Xou4rjg7sy6Lyq55So44Gq44Gp44CB55So6YCU5Yil44Gr5Y+W5omx77yBCiAgICAgICAgPC90ZD4KICAgIDwvdHI+CiAgICA8dHI+CiAgICAgICAgPHRkPgogICAgICAgICAgICA8aW1nIHNyYz0iaHR0cDovL2ltYWdlLnJha3V0ZW4uY28uanAvbmYvY2FiaW5ldC9pbWc2MDMxOTIyNy5qcGciIGFsdD0i44Ov44Kk44OR44O8IiBib3JkZXI9IjAiPjxicj4KICAgICAgICAgICAgUElBQeODu0JPU0NI44O7TldC44CA44Ov44Kk44OR44O85Yui5o+D44GECiAgICAgICAgPC90ZD4KICAgICAgICA8dGQ+PC90ZD4KICAgICAgICA8dGQ+CiAgICAgICAgICAgIDxpbWcgc3JjPSJodHRwOi8vaW1hZ2UucmFrdXRlbi5jby5qcC9uZi9jYWJpbmV0L2ltZzYwMzE5MjE2LmpwZyIgYWx0PSLjgqjjgqLjgrPjg7Pjg5XjgqPjg6vjgr/jg7wiIGJvcmRlcj0iMCI+PGJyPgogICAgICAgICAgICDjgqjjgqLjgrPjg7Pjg5XjgqPjg6vjgr/jg7zlkITnqK4KICAgICAgICA8L3RkPgogICAgPC90cj4KICAgIDx0cj4KICAgICAgICA8dGQ+CiAgICAgICAgICAgIDxpbWcgc3JjPSJodHRwOi8vaW1hZ2UucmFrdXRlbi5jby5qcC9uZi9jYWJpbmV0L2ltZzYwMzE5MjE4LmpwZyIgYWx0PSLjg5jjg4Pjg4njg6njg7Pjg5ciICBib3JkZXI9IjAiPjxicj4KICAgICAgICAgICAg44OQ44Or44OW44O744OY44OD44OJ44Op44Kk44OI44O7SElE44O744O744O7CiAgICAgICAgPC90ZD4KICAgICAgICA8dGQ+PC90ZD4KICAgICAgICA8dGQ+CiAgICAgICAgICAgIDxpbWcgc3JjPSJodHRwOi8vaW1hZ2UucmFrdXRlbi5jby5qcC9uZi9jYWJpbmV0L2ltZzYwMzE5MjIzLmpwZyIgYWx0PSLmtJfou4rnlKjlk4EiIGJvcmRlcj0iMCI+PGJyPgogICAgICAgICAgICDjgrfjg6XjgqLjg6njgrnjgr/jg7zjg7vjg6zjgqTjg7Pjgqjjg4Pjgq/jgrnjgarjgakKICAgICAgICA8L3RkPgogICAgPC90cj4KPC90YWJsZT4KCgo8cD4KICA8aW1nIHNyYz0iaHR0cDovL2ltYWdlLnJha3V0ZW4uY28uanAvbmYvY2FiaW5ldC9pbWc2MDMxOTI4OS5naWYiIGFsdD0iIiBib3JkZXI9IjAiPjxicj4KICA8YnI+CiAgPGI+54++5Zyo44Gu5Lq65rCX44Kr44O855So5ZOB44Gv44GT44KM77yBPC9iPjxicj4KPC9wPgoKPGJyPjxicj4=,UElBQSjjg5TjgqIpIOOCqOOCouOCs+ODs+ODleOCo+ODq+OCv+ODvCDjgIzjgrPjg7Pjg5Xjgqnjg7zjg4jjgI0g44Oe44OE44OAIOOCouODhuODs+OCtuOAgUNYLTfjgIHjg4fjg5/jgqrjgIHjg5njg6rjg7zjgrXnrYkg44CQRVZDLUEx44CR77ya44Kr44O855So5ZOB5Y245ZWP5bGL44CA44OL44Ol44O844OV44Ot44Oz44OG44Ki,44Kr44O855So5ZOB44Kr44O844OK44OT44Ky44O844K344On44Oz44Kr44O844Kq44O844OH44Kj44Kq55uX6Zuj6K2m5aCx5qmf44Oq44Oi44Kz44Oz44Ko44Oz44K444Oz44K544K/44O844K/44O844Kk44Oq44K444Km44Og44OX44Op44Kw44K344Oq44Kz44Oz44OX44Op44Kw44Kz44O844OJ44Kt44Oj44Oq44Ki77yl77y077yj6LuK6LyJ5ZmoSElE44OV44Kj44Or44Og44Ki44Oz44OG44OK44Oh44O844K/44O844OH44Kj44OD44Kt44O844K644OQ44Kk44Kv55So5ZOB44Kk44Oz44OQ44O844K/44O844K544OU44O844Kr44O8RFZE44K744Kt44Ol44Oq44OG44Kj44Os44O844OA44O85o6i55+l5qmf44OQ44OD44OG44Oq44O8UElBQSjjg5TjgqIpIOOCqOOCouOCs+ODs+ODleOCo+ODq+OCv+ODvCDjgIzjgrPjg7Pjg5Xjgqnjg7zjg4jjgI0g44Oe44OE44OAIOOCouODhuODs+OCtuOAgUNYLTfjgIHjg4fjg5/jgqrjgIHjg5njg6rjg7zjgrXnrYkg44CQRVZDLUEx44CR,44CA44CCUElBQSjjg5TjgqIpIOOCqOOCouOCs+ODs+ODleOCo+ODq+OCv+ODvCDjgIzjgrPjg7Pjg5Xjgqnjg7zjg4jjgI0g44Oe44OE44OAIOOCouODhuODs+OCtuOAgUNYLTfjgIHjg4fjg5/jgqrjgIHjg5njg6rjg7zjgrXnrYkg44CQRVZDLUEx44CR[rn]
21-63169,aHR0cDovL3RzaG9wLnIxMHMuanAvanBpdC9jYWJpbmV0L2ctcGFydHMtY2F2aW4vYWlyY29uLWZfbmV3LWc5MDBweC5qcGc/Zml0aW49NzAwOjcwMA==,MTY0NC44MDAw,,6LuK55So5ZOB44O744OQ44Kk44Kv55So5ZOBID4g44Kr44O855So5ZOBID4g44OQ44OD44OG44Oq44O844O744Oh44Oz44OG44OK44Oz44K555So5ZOBID4g44OV44Kj44Or44K/44O8ID4g44Ko44Ki44Kz44Oz44OV44Kj44Or44K/44O8,44Ko44Ki44Kz44Oz44OV44Kj44Or44K/44O8IOODnuODhOODgCDvvK3vvLDvvLYgIO+8rO+8oe+8je+8o++8lO+8kO+8kiDvvIjjgqjjgqLjgrPjg7Pjgq/jg6rjg7zjg4rjg7zjg7vjgq3jg6Pjg5Pjg7Pjg5XjgqPjg6vjgr/jg7zjg7vjgq/jg6rjg7zjg7Pjg5XjgqPjg6vjgr/jg7zjg7vpganlkIjmpJzntKLjgYLjgorvvIkg44CQUkNQ44CR44CQR+OAkQ==,TEEtQzQwMg==,PGZvbnQgc2l6ZT0iMiI+4oC76LuK5qSc6Ki844KS44GU55So5oSP44GP44Gg44GV44GE44CC6LuK56iu5ZCN44O75Z6L5byP44O75bm05byP44GL44KJ5YWo6YGp5ZCI44OV44Kj44Or44K/44O844GM6KaL44Gk44GL44KK44G+44GZ44CCICA8YnI+PGJyPuOAkOWPguiAg+Wei+W8j+OAkSDigLsyMDAwLzA4LeS7pemZjeOBruOBvyAgTFczV+ODu0xXNVfjg7tMV0VX44O7TFdGVzxicj48YnI+44CQ44K144Kk44K644CRICDnuKYgMjE1bW3jgIDmqKogMjE0bW3jgIDpq5jjgZUgMThtbTxicj48YnI+PGltZyBzcmM9Imh0dHA6Ly9pbWFnZS5yYWt1dGVuLmNvLmpwL2pwaXQvY2FiaW5ldC9nLXBhcnRzLWNhdmluL2FpcmNvbi1mX25ldy1nOTAwcHguanBnIiB3aWR0aD0iNjgwIj48YnI+PGJyPjxpbWcgc3JjPSJodHRwOi8vaW1hZ2UucmFrdXRlbi5jby5qcC9qcGl0L2NhYmluZXQvY2F2aW4ta29rdXNhbi9pbWdyYzAwNzE1NzU2NDEuanBnIj48YnI+PGJyPuKXhuiJsu+8neOCpOOCqOODreODvDxicj7il4bjgr/jgqTjg5fvvJ3pq5jmqZ/og73vvIjpnZnpm7vpmaTlobXvvIk8YnI+4peG5Z+D44O744OB44Oq77yIMTAwdW3ku6XkuIrvvInjg7vjg7vjg7sxMDAl6Zmk5Y67PGJyPuKXhuiKseeyieODu+OCq+ODk+iDnuWtkO+8iDEw772eMTAwdW3vvInjg7vjg7vjg7sxMDAl6Zmk5Y67PGJyPuKXhuOCv+ODkOOCs+OBrueFmeODu+ODh+ODvOOCvOODq+eFme+8iDAuMDHvvZ4wLjV1be+8ieODu+ODu+ODu+acgOWkpzUwJemZpOWOuzxicj48YnI+PGltZyBzcmM9Imh0dHA6Ly9pbWFnZS5yYWt1dGVuLmNvLmpwL2pwaXQvY2FiaW5ldC8wMzEyMzg4MC9jYXZpbi1sb2dvLTA5MDMuanBnIiB3aWR0aD0iNjgwIiAgaGVpZ2h0PSIzMCI+PGJyPjxicj48YnI+PGltZyBzcmM9Imh0dHA6Ly9pbWFnZS5yYWt1dGVuLmNvLmpwL2pwaXQvY2FiaW5ldC8wMzEyMzg4MC9rb3VrYW4tbG9nby0wOTAzLTIuanBnIj48YnI+PGJyPuKXhuS6pOaPm+aZguacn+OBr+OAgei7iueoruOBq+OCiOOBo+OBpueVsOOBquOCiuOBvuOBmeOBjOOAgTHlubTjgasx5Zue5Y+I44GvMTAsMDAwa23mr47jga7kuqTmj5vjgpLjgYrolqbjgoHjgZfjgb7jgZnjgII8YnI+4peG5Lqk5o+b5pa55rOV44Gv5Y+W5LuY6Kqs5piO5pu444KS44GU6Kan44GP44Gg44GV44GE44CCPGJyPjxicj48aW1nIHNyYz0iaHR0cDovL2ltYWdlLnJha3V0ZW4uY28uanAvanBpdC9jYWJpbmV0LzAzMTIzODgwL3NldHN1bWVpLWxvZ28tMDkwMy0yLmpwZyI+PGJyPjxicj7il4bjg5bjg6njg7Pjg4nlkI0g44CMRy1QQVJUU+OAjeOAgOWbveWGhee0lOato+ODoeODvOOCq+ODvDxicj7il4bmnIDpq5jlk4Hos6rjga7jgqjjgqLjgrPjg7Pjg5XjgqPjg6vjgr/jg7zvvIjjgq3jg6Pjg5Pjg7Pjg5XjgqPjg6vjgr/jg7zjg7vjgqjjgqLjgrPjg7Pjgq/jg6rjg7zjg4rjg7zjg7vjgq/jg6rjg7zjg7Pjg5XjgqPjg6vjgr/jg7zvvIk8YnI+4peG54m55b60PGJyPuOAgCrpgJrmsJfmirXmipfjgpLmipHjgYjjgIHmnIDpganjgarnpL7lhoXmj5vmsJfjgpLlrp/nj748YnI+44CAKuepuuawl+S4reOBrui2heW+rueykuWtkOOCgueiuuWun+OBq+aNleaNiTxicj7jgIAq44Oh44Oz44OG44OK44Oz44K544Kk44Oz44K/44O844OQ44Or44KS6YCa44GY44Gm5bi444Gr5a6J5a6a44GX44Gf44KN6YGO5oCn6IO944KS55m65o+uPGJyPuOAgCrmqZ/morDnmoTlkLjnnYDjgajpnZnpm7vmsJflkLjnnYDjgavjgojjgovmv77pgY7mgKfog73jgpLnmbrmj648YnI+44CAKumrmOOBhOODleOCo+ODg+ODiOaAp+OBqOOCt+ODvOODq+aApzxicj7jgIAq6Kmz57Sw44Gq5Y+W5LuY6Kqs5piO5pu444Gr44KI44KK57Ch5Y2Y44GL44Gk6L+F6YCf44Gq5Y+W5LuY44GM5Y+v6IO9PGJyPuKXhuOCqOOCouOCs+ODs++8iOOCreODo+ODk+ODs++8ieODleOCo+ODq+OCv+ODvOOBr+epuuawl+S4reOBruiKseeyieOChOS4jeW/q+OBqueykuWtkOOAgeacieWus+OCrOOCueOCkuOBu+OBvOWujOWFqOOBq+mZpOWOu+OBl+OAgeW/q+mBqeOBquekvuWGheeSsOWig+OCkuWun+ePvuOBl+OBvuOBmeOAgjxicj7il4bkuI3nuZTluIPjga/jgIHlpJrmlbDjga7ntLDjgYvjgYTnuYrntq3jgafjgafjgY3jgabjgYrjgorjgIHjgZ3jga7nibnmrormp4vpgKDjgavjgojjgorln4PjgoTjgZnjgZnjga7nspLlrZDjgpLjgbvjgbzlrozlhajjgavpmaTljrvjgZfljJblrabnianos6rjgpLkvb/nlKjjgZfjgabjgYrjgonjgZrnlbDoh63jgoLnmbrnlJ/jgZfjgb7jgZvjgpPjgII8YnI+PGJyPjxpbWcgc3JjPSJodHRwOi8vaW1hZ2UucmFrdXRlbi5jby5qcC9qcGl0L2NhYmluZXQvMDMxMjM4ODAvdHl1dWktbG9nby0wOTAzLTIuanBnIj48YnI+PGJyPuKAu+aOsui8ieOBl+OBpuOBhOOBvuOBmeS4gOmDqOOBrui7iuS4oeOBp+OBr+OAgei7iueoruOAgeWei+W8j+OAgeW5tOW8j+etieOBjOWQjOS4gOOBruWgtOWQiOOBp+OCguOAgeaOkuawl+mHj+OChOOCv+OCpOODl+OAgei7iuWPsOeVquWPt+OBquOBqeOBq+OCiOOCijxicj7pganlkIjllYblk4HjgYznlbDjgarjgovloLTlkIjjgYzjgZTjgZbjgYTjgb7jgZnjgII8YnI+4oC757SU5q2j55Wq5Y+344CB6LuK5Y+w55Wq5Y+344CB5o6S5rCX6YeP44CB44K/44Kk44OX44KS6KiY6LyJ44GX44Gm44GE44KL5ZWG5ZOB44Gv5b+F44Ga44GU6Ieq6Lqr44Gu6LuK5Lih44Go54Wn5ZCI44GX44Gm44GE44Gf44Gg44GN44G+44GZ44KI44GG44GK6aGY44GE44GE44Gf44GX44G+44GZ44CCPGJyPjxicj48aW1nIHNyYz0iaHR0cDovL2ltYWdlLnJha3V0ZW4uY28uanAvanBpdC9jYWJpbmV0LzAzMTIzODgwL2dyZWVuLWxpbmUuZ2lmIiB3aWR0aD0iNjgwIj48YnI+PGJyPjxmb250IHNpemU9IjIiIGNvbG9yPSIjMDAwMDAwIj7il4bjg6Hjg7zjg6vjgafjga7jgYrllY/lkIjjgZvjga7loLTlkIjjgIHjgI7ou4rnqK7lkI3jgI/jgI7ou4rkuKHlnovlvI/jgI/jgI7jgqjjg7Pjgrjjg7PlnovlvI/jgI/jgI7lubTlvI/jgI/nrYnjgpLmmI7oqJjjga7kuIo8YnI+44GK5ZCN5YmN44O744GU6YCj57Wh5YWI44Go44Go44KC44Gr6YCB5L+h44GP44Gg44GV44GE44G+44Gb44CCPGJyPjxicj48YSB0YXJnZXQ9Il9ibGFuayIgaHJlZj0iaHR0cHM6Ly9hc2suc3RlcC5yYWt1dGVuLmNvLmpwL3Jtcy9tYWxsL3BhL2Fzay92Yz9fX2V2ZW50PVBBMDJfMDAwXzAwMSZhc2tfdGV4dD0lQzUlQjklQzQlQjklQTQlQ0IlQkMlQzElQ0MlRTQlQTQlQjklQTQlRUImc2hvcHVybD1qcGl0JnNob3BfYmlkPTI4NDI2OCZzaG9wX25hbWU9JUE1JUI4JUE1JUE3JUE1JUE0JUE1JUQ0JUE1JUMzJUE1JUM4JUE1JUI3JUE1JUU3JUE1JUMzJUE1JUQ3Jm15c2hvcD0wIj48aW1nIHNyYz0iaHR0cDovL2ltYWdlLnJha3V0ZW4uY28uanAvanBpdC9jYWJpbmV0LzAzMTIzODgwL21haWwtZ3JlZW4uanBnIiBib3JkZXI9IjAiPjwvYT48YnI+PGJyPuKXhumBqeWQiOi7iueoruOBq+OBpOOBjeOBvuOBl+OBpuOBlOS4jeaYjuOBquaWueOBr+OAgei7iuaknOiovOOCkuOBlOeUqOaEj+OBruS4iuOAgeW8iuekvuOBvuOBp+OBiuawl+i7veOBq+OBlOmAo+e1oeOBj+OBoOOBleOBhOOAgjxicj48aW1nIHNyYz0iaHR0cDovL2ltYWdlLnJha3V0ZW4uY28uanAvanBpdC9jYWJpbmV0LzAzMTIzODgwLzE5ODAxNi5qcGciPjxjZW50ZXI+CjxpbWcgc3JjPSJodHRwOi8vaW1hZ2UucmFrdXRlbi5jby5qcC9qcGl0L2NhYmluZXQvMDMxMjM4ODAva2FudGFuLTQuZ2lmIiBib3JkZXI9IjAiPjxicj48YnI+CjxpbWcgc3JjPSJodHRwOi8vaW1hZ2UucmFrdXRlbi5jby5qcC9qcGl0L2NhYmluZXQvMDMxMjM4ODAvdHl1aV8yMF8wMi5naWYiIGJvcmRlcj0iMCI+PGZvbnQgU0laRT0iLTEiIENPTE9SPSIjZmYwMDAwIj4g6LuK56iu5ZCN44O75Z6L5byP44O75bm05byP44GM5ZCM44GY44Gn44KC44CB6LuK5Y+w55Wq5Y+344O744K/44Kk44OX562J44Gr44KI44Gj44Gm6YGp5ZCI44GX44Gq44GE5aC05ZCI44GM44GC44KK44G+44GZ44Gu44Gn44CB5LiK44Gu44CQ57Ch5Y2Y44OV44Kj44Or44K/44O86YGp5ZCI5qSc57Si44CR44Oc44K/44Oz44KI44KK44GK5o6i44GX5LiL44GV44GE44CCCjxicj48YnI+Cgo8aW1nIHNyYz0iaHR0cDovL2ltYWdlLnJha3V0ZW4uY28uanAvanBpdC9jYWJpbmV0LzAzMTIzODgwL2ltZ3JjMDA3MTU4MTMyOS5naWYiIGJvcmRlcj0iMCI+PGJyPjxicj4KPGltZyBzcmM9Imh0dHA6Ly9pbWFnZS5yYWt1dGVuLmNvLmpwL2pwaXQvY2FiaW5ldC8wMzEyMzg4MC9pbWdyYzAwNzE3NDUzMDEuZ2lmIiBib3JkZXI9IjAiPjxicj48L2NlbnRlcj4KCjxicj48YnI+PGZvbnQgQ09MT1I9IiM1NTAwRkYiPuKAu+WQjOaZguazqOaWh+OBq+mZkOOCiuOAgeikh+aVsOOBiuiyt+OBhOS4iuOBkuOBp+OCgumAgeaWmeOBrzHlgIvliIbjga7jgb/vvIE8QlI+KOmHjemHj+eJqeOCkumZpOOBj++8iTwvYj48L2ZvbnQ+PCEtLTxpbWcgc3JjPSJodHRwOi8vaW1hZ2UucmFrdXRlbi5jby5qcC9qcGl0L2NhYmluZXQvMDMxMjM4ODAvaW1ncmMwMDczMjQxOTU2LmpwZyI+PEJSPjxCUj4KPGltZyBzcmM9Imh0dHA6Ly93d3cucmFrdXRlbi5uZS5qcC9nb2xkL2pwaXQvaW1hZ2VzL2Vha29uLWJhbmEuanBnIj4tLT4KCjwhLS0KPGltZyBhbHQ9IuOCqOOCouOCs+ODs+ODleOCo+ODq+OCv+ODvCIgaGVpZ2h0PSIxNTAiIHNyYz0iaHR0cDovL2ltYWdlLnJha3V0ZW4uY28uanAvanBpdC9jYWJpbmV0L3Rlc3QxLXNvdWthaTY5MHgxNTB4LmpwZyIgd2lkdGg9IjY5MCI+LS0+CgoKCjxCUj48QlI+CgoKCgo8c3R5bGUgdHlwZT0idGV4dC9jc3MiPgovKuiyt+OBhOeJqeOBi+OBlOOBq+WFpeOCjOOCi+ODnOOCv+ODsyovCiNyYWt1dGVuTGltaXRlZElkX2Fyb3VuZENhcnQgaW5wdXRbdmFsdWU9Iuiyt+OBhOeJqeOBi+OBlOOBq+WFpeOCjOOCiyJdewpiYWNrZ3JvdW5kOiB1cmwoImh0dHA6Ly9pbWFnZS5yYWt1dGVuLmNvLmpwL2pwaXQvY2FiaW5ldC8wMzEyMzg4MC9pbWdyYzAwNzA5Mzg3MzEuanBnIikgbGVmdCB0b3Agbm8tcmVwZWF0Owp3aWR0aDoxOTBweDsKaGVpZ2h0OjUwcHg7CnRleHQtaW5kZW50OjEwMCU7CndoaXRlLXNwYWNlOm5vd3JhcDsKb3ZlcmZsb3c6aGlkZGVuOwpib3JkZXI6IG5vbmU7CnBhZGRpbmc6MDsKbWFyZ2luLXRvcDo1cHggMDsKY3Vyc29yOnBvaW50ZXI7Cn0KI3Jha3V0ZW5MaW1pdGVkSWRfYXJvdW5kQ2FydCB0Ym9keSB0ciB0ZCBpbnB1dDpob3ZlcnsKYWxwaGEob3BhY2l0eT04KTsKLW1vei1vcGFjaXR5OjAuODsKb3BhY2l0eTowLjg7CmN1cnNvcjpwb2ludGVyOwp9CgoKLypJReWvvuW/nCovCipodG1sIGlucHV0W3ZhbHVlPSLosrfjgYTnianjgYvjgZTjgavlhaXjgozjgosiXXsKICB3aWR0aDoxcHQ7CiAgb3ZlcmZsb3c6dmlzaWJsZTsKICBwYWRkaW5nLXRvcDo4cHg7CiAgcGFkZGluZy1ib3R0b206OHB4OwogIHBhZGRpbmctbGVmdDo0MHB4OwogIGJhY2tncm91bmQ6dXJsKCJodHRwOi8vaW1hZ2UucmFrdXRlbi5jby5qcC9qcGl0L2NhYmluZXQvMDMxMjM4ODAvaW1ncmMwMDcwOTM4NzMxLmpwZyIpICNmY2ZjZmMgbm8tcmVwZWF0IDE5MHB4IDUwcHg7Cn0KCjwvc3R5bGU+,44Ko44Ki44Kz44Oz44OV44Kj44Or44K/44O8IOODnuODhOODgCDvvK3vvLDvvLYgIO+8rO+8oSZtaW51czvvvKPvvJTvvJDvvJIg77yI44Ko44Ki44Kz44Oz44Kv44Oq44O844OK44O844O744Kt44Oj44OT44Oz44OV44Kj44Or44K/44O844O744Kv44Oq44O844Oz44OV44Kj44Or44K/44O844O76YGp5ZCI5qSc57Si44GC44KK77yJIOOAkFJDUOOAkeOAkEfjgJHvvJrjgrjjgqfjgqTjg5Tjg4Pjg4jjgrfjg6fjg4Pjg5c=,44Ko44Ki44Kz44Oz44OV44Kj44Or44K/44O844Kv44Oq44O844Oz44OV44Kj44Or44K/44O844Ko44Ki44OV44Kj44Or44K/44O844Ko44Ki44Kv44Oq44O844OK44O844Kq44Kk44Or44OV44Kj44Or44K/44O844Kq44Kk44Or44Ko44Os44Oh44Oz44OI44Ko44Ki44Kz44Oz44Kv44Oq44O844OK44O854eD5paZ44OV44Kj44Or44K/44O844OV44Ol44O844Ko44Or44OV44Kj44Or44K/44O854eD5paZ44Ko44Os44Oh44Oz44OI44Ko44Ki44O844OV44Kj44Or44K/44O8TUFOTk1BTk4tRklMVEVS44Oe44Oz44OV44Kj44Or44K/44O8Ry1QQVJUU+OCuOODvOODkeODvOODhOOCreODo+ODk+ODs+ODleOCo+ODq+OCv+ODvOOCqOOCouOCs+ODs+ODleOCo+ODq+OCv+ODvCDjg57jg4Tjg4Ag77yt77yw77y2ICDvvKzvvKEmbWludXM777yj77yU77yQ77ySIO+8iOOCqOOCouOCs+ODs+OCr+ODquODvOODiuODvOODu+OCreODo+ODk+ODs+ODleOCo+ODq+OCv+ODvOODu+OCr+ODquODvOODs+ODleOCo+ODq+OCv+ODvOODu+mBqeWQiOaknOe0ouOBguOCiu+8iSDjgJBSQ1DjgJHjgJBH44CR,TEEtQzQwMuOAguOCqOOCouOCs+ODs+ODleOCo+ODq+OCv+ODvCDjg57jg4Tjg4Ag77yt77yw77y2ICDvvKzvvKEmbWludXM777yj77yU77yQ77ySIO+8iOOCqOOCouOCs+ODs+OCr+ODquODvOODiuODvOODu+OCreODo+ODk+ODs+ODleOCo+ODq+OCv+ODvOODu+OCr+ODquODvOODs+ODleOCo+ODq+OCv+ODvOODu+mBqeWQiOaknOe0ouOBguOCiu+8iSDjgJBSQ1DjgJHjgJBH44CR[rn]
21-63170,aHR0cDovL3RzaG9wLnIxMHMuanAvYXAtbXRrL2NhYmluZXQvaXRlbS9ib3NjaC1hZi5qcGc/Zml0aW49NzAwOjcwMA==,MTkyMC4wMDAw,,6LuK55So5ZOB44O744OQ44Kk44Kv55So5ZOBID4g44Kr44O855So5ZOBID4g44OQ44OD44OG44Oq44O844O744Oh44Oz44OG44OK44Oz44K555So5ZOBID4g44OV44Kj44Or44K/44O8ID4g44Ko44Ki44Kz44Oz44OV44Kj44Or44K/44O8,44Ko44Ki44Kz44Oz44OV44Kj44Or44K/44O877yS5YCL5Lul5LiK6LO85YWl44Gn6YCB5paZ54Sh5paZ44CAQk9TQ0jjgIDjgqjjgqLjgrPjg7Pjg5XjgqPjg6vjgr/jg7zjgIDjgIzjgqLjgqjjg6rjgrnjg4jjgIDjg5Xjg6rjg7zjgI3jgIDjg57jg4Tjg4Dou4rnlKjjgIBBRi1aMDY=,44CQ44Ki44Kv44K744Op44O744Ki44Kv44K744Op44K544Od44O844OE57O744CR44CA,PHRhYmxlIGJvcmRlcj0iMCIgd2lkdGg9IjYyMCI+Cjx0cj48dGQ+PC90ZD48L3RyPjwvdGFibGU+CjxpbWcgc3JjPSJodHRwOi8vaW1hZ2UucmFrdXRlbi5jby5qcC9hcC1tdGsvY2FiaW5ldC9jYW1wYWlnbi9wbWMtYm9zY2guanBnIj48YnI+CjxpbWcgc3JjPSJodHRwOi8vaW1hZ2UucmFrdXRlbi5jby5qcC9hcC1tdGsvY2FiaW5ldC9jYW1wYWlnbi9ydXJ1LmpwZyI+PGJyPgo8YnI+Cgo8Zm9udCBzaXplPTM+44Oc44OD44K344OlIOODoeODvOOCq+ODvOOCteOCpOODiOOBrzxhIFRBUkdFVD0iX2JsYW5rIiAgaHJlZj0iaHR0cDovL2xpbmsucmFrdXRlbi5jby5qcC8xLzAxNS80MTUvIj4KPGZvbnQgY29sb3I9IiMwMDAwRkYiPuKWsuOBk+OBk+OCkuOCr+ODquODg+OCrzwvZm9udD48L2E+PC9mb250PgpCT1NDSOOAgOODnOODg+OCt+ODpeOAgOOCqOOCouOCs+ODs+ODleOCo+ODq+OCv+ODvOOAgOOAjOOCouOCqOODquOCueODiOOAgOODleODquODvOOAjeOAgOODnuODhOODgOi7iueUqOOAgEFGLVowNjxicj4KPGJyPgrou4rlhoXjga7nqbrmsJfjgYzmsJfjgavjgarjgovmlrnjgavvvIjjgr/jg5DjgrPjga7nhZnjgIHmjpLmsJfjgqzjgrnjgIHoirHnsonjgarjganvvInjgII8YnI+CuOCr+ODq+ODnuOBruOCqOOCouOCs+ODs+ODleOCo+ODq+OCv+ODvOOBr+Wumuacn+eahOOBquS6pOaPm+OBjOW/heimgeOBp+OBmeOAgjxicj4K5Lqk5o+b55uu5a6J44GvMeW5tOOBvuOBn+OBrzE1MDAwa23otbDooYzjgafjgZnjgII8YnI+Cjxicj4KPGI+44CQ54m55b6044CRPC9iPjxicj4K5oqX6I+M5qmf6IO9PGJyPgrohLHoh63mqZ/og708YnI+CumZpOWhteapn+iDvTxicj4KPGJyPgril4/pioDvvIhBZ++8ieOCkuaOoeeUqOOAguacgOWwj+OBp+ODiuODjuOCteOCpOOCuuOBvuOBp+W+rue0sOWMluOBl+OBn+mKgOOCkuS4u+aIkOWIhuOBqOOBmeOCi+aKl+iPjOWJpOOBjOODleOCo+ODq+OCv+ODvOWxpOOBq+aNleOBiOOBn+WhteODu+iKseeyieODu+ODgOODi+etieOBq+eZuueUn+OBmeOCi+iPjOOChOOCq+ODk+OBrue5geauluOCkuWItuW+oTxicj4K4peP5rS75oCn54Kt5YWl44KKM+WxpOani+mAoOOBp+OCqOOCouOCs+ODs+OBrumAmuawl+aKteaKl+OCkuWil+OChOOBmeOBk+OBqOOBquOBj+OAgemVt+aZgumWk+WuieWumuOBl+OBn+mZpOWhteOBqOiEseiHreapn+iDveOCkuS/neaMgTxicj4K4pePM+ODn+OCr+ODreODs+S7peS4iuOBruiKseeyieOAgeODm+OCs+ODquOAgem7kueFmeOAgeaOkuawl+OCrOOCueOAgeW+rueykuWtkOOCkjk5LjnvvIXku6XkuIrpmaTljrs8YnI+CuKXj+mrmOapn+iDvea0u+aAp+eCreOCkueLrOiHquOBruaKgOihk+OBp+iWhOOBj+OCt+ODvOODiOWMluOBl+OAgeWkluOBi+OCiemAsuWFpeOBmeOCi+aOkuawl+OCrOOCueOBquOBqeOCkuOCpOODpOOBquiHreOBhOOCkuWQuOedgDxicj4KPGJyPgo8Yj7jgJDku6PooajpgannlKjou4rnqK7jgJE8L2I+PGJyPgrjgqLjgq/jgrvjg6nvvIhCTDVGUOODu0JMRUFQ44CAMDkvMDbvvZ7jgIBCTEVGUOOAgDA5LzA2772eMTEvMDnjgIBCTEZGUOOAgDExLzA5772e77yJPGJyPgrjgqLjgq/jgrvjg6njgrnjg53jg7zjg4TvvIhCTDVGV+ODu0JMRUFX44CAMDkvMDbvvZ7jgIBCTEVGV+OAgDA5LzA2772eMTEvMDnjgIBCTEZGV+OAgDExLzA5772e77yJ44CA562JPGJyPgo8YnI+CjxiPjxmb250IGNvbG9yPeKAnSMwMDAwZmYiPuKAu+OBneOBruS7luOBq+OCguayouWxseOBrui7iueoruOBq+ipsuW9k+OBhOOBn+OBl+OBvuOBmeOBruOBp+OAgeOBlOS4jeaYjuOBqui7iueoruOBjOOBlOOBluOBhOOBvuOBl+OBn+OCieWIpemAlOODoeODvOODq+OBq+OBpuOBiuWVj+OBhOWQiOOCj+OBm+OBj+OBoOOBleOBhOOAgjwvZm9udD48L2I+PGJyPgo8YnI+CumBqeWQiOeiuuiqjeOCkuOBlOW4jOacm+OBruOBiuWuouanmOOBr+OAgeOBiui7iuOBrui7iuaknOiovOOBq+iomOi8ieOBleOCjOOBpuOBhOOCizxicj4KPGI+PGZvbnQgY29sb3I9cmVkPuOAkOWIneW5tOW6pueZu+mMsuW5tOaciOODu+i7iuS9k+eVquWPt+ODu+Wei+W8j+ODu+Wei+W8j+aMh+WumueVquWPt+ODu+mhnuWIpeWMuuWIhueVquWPt+ODu+ODoeODvOOCq+ODvOOBqOi7iueoruOAkTwvZm9udD48YnI+CuOCkuaVmeOBiOOBpuOBhOOBn+OBoOOBkeOCjOOBsOOAgeW9k+ekvuOBp+mBqeWQiOOCkuOBiuiqv+OBueiHtOOBl+OBvuOBmeOBruOBp+OAgeOBiuawl+i7veOBq+OBiuWVj+OBhOWQiOOCj+OBm+OBj+OBoOOBleOBhOOAgjxicj4KPGJyPgo8Zm9udCBjb2xvcj1yZWQ+4oC75ZWG5ZOB6Kmz57Sw44O76YGp5ZCI44O75Y+W5LuY44Gr44Gk44GN44G+44GX44Gm44Gv44Oh44O844Kr44O844K144Kk44OI44Gn44Gu56K66KqN44KC5Ye65p2l44G+44GZ44CCPC9mb250Pjxicj4=,44Ko44Ki44Kz44Oz44OV44Kj44Or44K/44O877yS5YCL5Lul5LiK6LO85YWl44Gn6YCB5paZ54Sh5paZ44CAQk9TQ0jjgIDjgqjjgqLjgrPjg7Pjg5XjgqPjg6vjgr/jg7zjgIDjgIzjgqLjgqjjg6rjgrnjg4jjgIDjg5Xjg6rjg7zjgI3jgIDjg57jg4Tjg4Dou4rnlKjjgIBBRi1aMDbvvJrvvK3vvLTvvKs=,44Ko44Ki44Kz44Oz44OV44Kj44Or44K/44O877yS5YCL5Lul5LiK6LO85YWl44Gn6YCB5paZ54Sh5paZ44CAQk9TQ0jjgIDjgqjjgqLjgrPjg7Pjg5XjgqPjg6vjgr/jg7zjgIDjgIzjgqLjgqjjg6rjgrnjg4jjgIDjg5Xjg6rjg7zjgI3jgIDjg57jg4Tjg4Dou4rnlKjjgIBBRi1aMDY=,44CQ44Ki44Kv44K744Op44O744Ki44Kv44K744Op44K544Od44O844OE57O744CR44CA44CC44Ko44Ki44Kz44Oz44OV44Kj44Or44K/44O877yS5YCL5Lul5LiK6LO85YWl44Gn6YCB5paZ54Sh5paZ44CAQk9TQ0jjgIDjgqjjgqLjgrPjg7Pjg5XjgqPjg6vjgr/jg7zjgIDjgIzjgqLjgqjjg6rjgrnjg4jjgIDjg5Xjg6rjg7zjgI3jgIDjg57jg4Tjg4Dou4rnlKjjgIBBRi1aMDY=[rn]
21-63171,aHR0cDovL3RzaG9wLnIxMHMuanAvbmYvY2FiaW5ldC9yZy96d3AuanBnP2ZpdGluPTcwMDo3MDA=,MjEwMC4wMDAw,,6LuK55So5ZOB44O744OQ44Kk44Kv55So5ZOBID4g44Kr44O855So5ZOBID4g44OQ44OD44OG44Oq44O844O744Oh44Oz44OG44OK44Oz44K555So5ZOBID4g44OV44Kj44Or44K/44O8ID4g44Ko44Ki44Kz44Oz44OV44Kj44Or44K/44O8,TUlDUk8g5pel5pys44Oe44Kk44Kv44Ot44OV44Kj44Or44K/44O85bel5qWt44CQ5raI6Iet44O75oqX6I+M44K544OX44Os44O85LuY44GN44CRIOOCqOOCouOCs+ODs+ODleOCo+ODq+OCv+ODvCDjgrzjgqrjg6njgqTjg4jvvLfjg5fjg6njgrkg44Oe44OE44OAIO+8re+8sO+8tiBMV0VXLkZXIExXM1cuNVcgMjAwMOW5tDjmnIjvvZ4yMDA25bm0MuaciCBbUkNGMTgwMldd,6YCB5paZ54Sh5paZ4oC75rKW57iEL+mbouWztuWIpeaWmemHkQ==,PGI+PGZvbnQgc2l6ZT0iNSIgY29sb3I9IiMwMDAwMDAiPuOCvOOCquODqeOCpOODiO+8t+ODl+ODqeOCueijveWTgeeJuemVtzwvZm9udD48YnI+PGJyPuKXjzxmb250IHNpemU9IjQiIGNvbG9yPSIjMDAwMGZmIj4z5bGk44OV44Kj44Or44K/44O85qeL6YCgPC9mb250Pu+8iOaWsOe0oOadkO+8ieOBq+OCiOOCiuOAgei7iuWGheOBrjxmb250IHNpemU9IjQiIGNvbG9yPSIjZmYwMDAwIj7nqbrmsJfjgpLlv6vpganjgavkv53jgaQ8L2ZvbnQ+44CCPGJyPjxicj7il48x5bGk55uu44Gr6Zu755+z5LiN57mU5biD77yI6Z2Z6Zu75rCX44KS5oyB44Gj44Gf57mK57at44Gn5L2c44KJ44KM44KL77yJ44Gr44KI44KLPGZvbnQgc2l6ZT0iNCIgY29sb3I9IiNmZjAwMDAiPuW+rueykuWtkOWQuOedgDwvZm9udD7jgII8YnI+PGJyPuKXjzLlsaTnm67jgavpq5jmgKfog73jgrzjgqrjg6njgqTjg4jvvIjmsrjnn7PvvInkuI3nuZTluIPjgavjgojjgos8Zm9udCBzaXplPSI0IiBjb2xvcj0iI2ZmMDAwMCI+5raI6Iet44CB5oqX6I+M5Yq55p6cPC9mb250PuOAgjxicj48YnI+4pePM+WxpOebruOBq+mYsuWhteeUqOS4jee5lOW4g+OBq+OCiOOCizxmb250IHNpemU9IjQiIGNvbG9yPSIjZmYwMDAwIj7lobXjgoToirHnsonjgpLjgq3jg6Pjg4Pjg4E8L2ZvbnQ+44CCPGJyPjxicj7il4/jgqrjg4njgqvjg4Pjg4jjgrnjg5fjg6zjg7zjgavjgojjgovjgIHjgqjjg5Djg53jg6zjg7zjgr/jg7zjgbjjga48Zm9udCBzaXplPSI0IiBjb2xvcj0iI2ZmMDAwMCI+5raI6Iet44CB5oqX6I+MPC9mb250PuOAgjxicj48YnI+4peP6JaE57eR6Imy44Gu5aSW6Kaz44Gv44CB5rGa44KM44Gf44KC44Gu44Go44Gu5q+U6LyD44KC44GX44KE44GZ44GE44CCPGJyPjxicj7jgJDkuqTmj5vnm67lronjgJE8YnI+MeW5tOOBqzHlm57jgIDjgb7jgZ/jga/jgIDotbDooYwxNSwwMDBrbTxicj48YnI+44CQ5pu044Gq44KL44OA44OW44Or5Yq55p6c44CRPGJyPuS7mOWxnuOBruOCquODieOCq+ODg+ODiOOCueODl+ODrOODvOOBr+OCqOODkOODneODrOODvOOCv+ODvOOBuOebtOaOpeOAgea2iOiHreODu+auuuiPjOOCueODl+ODrOODvOOCkuWZtOmcp+OBmeOCi+OBruOBp+a2iOiHreODu+auuuiPjOWKueaenOOBq+WEquOCjOOBpuOBiuOCiuOAgeWKueaenOOCgumVt+aZgumWk+aMgee2muOBl+OBvuOBmeOAgjwvYj48YnI+PGJyPjxicj48Yj7jgJDpganlkIjjgJE8YnI+PGJyPuODnuODhOODgCDvvK3vvLDvvLY8L2I+PGJyPjxicj7il4/ou4rkuKHlnovlvI/vvJpMV0VXLkZXIExXM1cuNVc8YnI+PGJyPuKXj+W5tOW8j++8mjIwMDDlubQ45pyI772eMjAwNuW5tDLmnIg8bGVmdD4KPGI+4oC744GU5rOo5oSP5LqL6aCFPGJyPgrjgZTms6jmlofliY3jgavjg5rjg7zjgrjkuIvpg6jjga7jgZTliKnnlKjmoYjlhoXjgpLjgZTopqfjga7kuIrjgYrnlLPjgZfovrzjgb/kuIvjgZXjgYTjgII8YnI+CgrmjrLovInnlLvlg4/jga7lpJrjgY/jga/jgqTjg6Hjg7zjgrjnlLvlg4/jgajjgarjgaPjgabjgYrjgorjgb7jgZnjgII8YnI+Cgrlrp/pmpvjga7llYblk4Hjga7lk4HnlarjgIHoibLjgIHjgrXjgqTjgrrjgarjganjga/llYblk4HlkI3jgpLjgZTnorroqo3kuIvjgZXjgYTjgII8YnI+5qW95aSp5biC5aC044Gu44CO5Zyo5bqr44GC44KK44CP57We44KK6L6844G/5qSc57Si44Gn44Gv6LK344GE54mp5Y+v6IO944Gq44GZ44G544Gm44Gu5ZWG5ZOB77yI44GK5Y+W44KK5a+E44Gb5ZWG5ZOB44KE5LqI57SE5ZWG5ZOB5ZCr44KA77yJPGJyPuOBjOWcqOW6q+OBguOCiuOBqOihqOekuuOBleOCjOOBpuOBl+OBvuOBhOOBvuOBmeOAgjxicj4K5b2T56S+44Gu5aC05ZCI44CB5o6y6LyJ5Lit44Gu5ZWG5ZOB44Gv44CB44GU5rOo5paH5b6M44Gu44Oh44O844Kr44O855m65rOo5ZWG5ZOB44KS5aSa5pWw5ZCr44KT44Gn44GK44KK44G+44GZ44Gu44Gn44CBPGJyPu+8nOOBguOBmealveWvvuW/nO+8nuWVhuWTgeS7peWkluOBr+OBlOazqOaWh+W+jOOAgeOAjOasoOWTgeS4reOAjeOAjOeUn+eUo+e1guS6huOAjeetieOBruWgtOWQiOOCguOBlOOBluOBhOOBvuOBmeOAguS6iOOCgeOBlOS6huaJv+S4i+OBleOBhOOAgjxicj4KPC9iPgo8L2xlZnQ+CgoKPHN0eWxlIHR5cGU9InRleHQvY3NzIj4KCi5ibnJfbGlzdCB0ZHsKCXBhZGRpbmc6NXB4IDAgNXB4IDA7Cgl0ZXh0LWFsaWduOmNlbnRlcjsKCWZvbnQtc2l6ZToxMnB4Owp9Cjwvc3R5bGU+Cgo8dGFibGUgY2xhc3M9ImJucl9saXN0Ij4KCQkKICAgIDx0cj4KICAgICAgICA8dGQgd2lkdGg9IjM1MCI+CiAgICAgICAgICAgIDxpbWcgc3JjPSJodHRwOi8vaW1hZ2UucmFrdXRlbi5jby5qcC9uZi9jYWJpbmV0L2ltZzYwMzE5MjI0LmdpZiIgYWx0PSIiIGJvcmRlcj0iMCI+CiAgICAgICAgICAgIOS4gOe3kuOBq+azqOaWh+OBmeOCi+OBqOmAgeaWmeeEoeaWme+8geOBruOCq+ODvOeUqOWTgQogICAgICAgIDwvdGQ+CiAgICAgICAgPHRkIHdpZHRoPSIxMCI+PC90ZD4KICAgICAgICA8dGQgd2lkdGg9IjM1MCI+CiAgICAgICAgICAgIDxpbWcgc3JjPSJodHRwOi8vaW1hZ2UucmFrdXRlbi5jby5qcC9uZi9jYWJpbmV0L2ltZzYwMzE5MjE0LmpwZyIgYWx0PSIiIGJvcmRlcj0iMCI+CiAgICAgICAgICAgIOWPquS7iumAgeaWmeeEoeaWmeOCreODo+ODs+ODmuODvOODs+S4re+8gQogICAgICAgIDwvdGQ+CiAgICA8L3RyPgogICAgPHRyPgogICAgICAgIDx0ZD4KICAgICAgICAgICAgPGltZyBzcmM9Imh0dHA6Ly9pbWFnZS5yYWt1dGVuLmNvLmpwL25mL2NhYmluZXQvaW1nNjAzMTkyMjYuanBnIiBhbHQ9IiIgYm9yZGVyPSIwIj48YnI+CiAgICAgICAgICAgIERpY2tpZXMgUkVDQVJPIFdISVRFIEFSUk9XIOOBquOBqQogICAgICAgIDwvdGQ+CiAgICAgICAgPHRkPjwvdGQ+CiAgICAgICAgPHRkPgogICAgICAgICAgICA8aW1nIHNyYz0iaHR0cDovL2ltYWdlLnJha3V0ZW4uY28uanAvbmYvY2FiaW5ldC9pbWc2MDMxOTIyMS5qcGciIGFsdD0iIiAgYm9yZGVyPSIwIj48YnI+CiAgICAgICAgICAgIENFTExTVEFS44O7WVVQSVRFUlXjg7tDT01URUPjgarjgakKICAgICAgICA8L3RkPgogICAgPC90cj4KICAgIDx0cj4KICAgICAgICA8dGQ+CiAgICAgICAgICAgIDxpbWcgc3JjPSJodHRwOi8vaW1hZ2UucmFrdXRlbi5jby5qcC9uZi9jYWJpbmV0L2ltZzYwMzE5MjIyLmpwZyIgYWx0PSLjgqvjg7zjgrvjgq3jg6Xjg6rjg4bjgqMiICBib3JkZXI9IjAiPjxicj4KICAgICAgICAgICAgQ09NVEVD44O7S0FUTy1ERU5LSeODu1ZJU0lPTuOBquOBqQogICAgICAgIDwvdGQ+CiAgICAgICAgPHRkPjwvdGQ+CiAgICAgICAgPHRkPgogICAgICAgICAgICA8aW1nIHNyYz0iaHR0cDovL2ltYWdlLnJha3V0ZW4uY28uanAvbmYvY2FiaW5ldC9pbWc2MDMxOTIyNS5qcGciIGFsdD0i44Ko44Oz44K444Oz44K544K/44O844K/44O8IiBib3JkZXI9IjAiPjxicj4KICAgICAgICAgICAgQ0FSTUFUReODu0NPTVRFQ+ODu01JVFNVQkHjgarjgakKICAgICAgICA8L3RkPgogICAgPC90cj4KICAgIDx0cj4KICAgICAgICA8dGQ+CiAgICAgICAgICAgIDxpbWcgc3JjPSJodHRwOi8vaW1hZ2UucmFrdXRlbi5jby5qcC9uZi9jYWJpbmV0L2ltZzYwMzE5MjE5LmpwZyIgYWx0PSLjg6Hjg7zjgr/jg7wiIGJvcmRlcj0iMCI+PGJyPgogICAgICAgICAgICBQSVZPVOODu0hLU+ODu1VMVFJB44O7QkxJVFrjg7tBUEVY44Gq44GpCiAgICAgICAgPC90ZD4KICAgICAgICA8dGQ+PC90ZD4KICAgICAgICA8dGQ+CiAgICAgICAgICAgIDxpbWcgc3JjPSJodHRwOi8vaW1hZ2UucmFrdXRlbi5jby5qcC9uZi9jYWJpbmV0L2ltZzYwMzE5MjE3LmpwZyIgYWx0PSLjgq3jg6Pjg6rjgqIiIGJvcmRlcj0iMCI+PGJyPgogICAgICAgICAgICDjg6vjg7zjg5Xjgq3jg6Pjg6rjgqLjg7vjg5zjg4Pjgq/jgrnjg7vjg5XjgqPjg4Pjgrfjg7PjgrDjg7vjg7sKICAgICAgICA8L3RkPgogICAgPC90cj4KICAgIDx0cj4KICAgICAgICA8dGQ+CiAgICAgICAgICAgIDxpbWcgc3JjPSJodHRwOi8vaW1hZ2UucmFrdXRlbi5jby5qcC9uZi9jYWJpbmV0L2ltZzYwMzE5MjIwLmpwZyIgYWx0PSLjgqjjg7Pjgrjjg7PjgqrjgqTjg6siIGJvcmRlcj0iMCI+PGJyPgogICAgICAgICAgICBNb2JpbDHjg7tIS1Pjg7tSRURMSU5F44O744O744O75Y+W5omx5aSa5pWwCiAgICAgICAgPC90ZD4KICAgICAgICA8dGQ+PC90ZD4KICAgICAgICA8dGQ+CiAgICAgICAgICAgIDxpbWcgc3JjPSJodHRwOi8vaW1hZ2UucmFrdXRlbi5jby5qcC9uZi9jYWJpbmV0L2ltZzYwMzE5MjE1LmpwZyIgYWx0PSLjg5Djg4Pjg4bjg6rjg7wiIGJvcmRlcj0iMCI+PGJyPgogICAgICAgICAgICDoh6rli5Xou4rjg7sy6Lyq55So44Gq44Gp44CB55So6YCU5Yil44Gr5Y+W5omx77yBCiAgICAgICAgPC90ZD4KICAgIDwvdHI+CiAgICA8dHI+CiAgICAgICAgPHRkPgogICAgICAgICAgICA8aW1nIHNyYz0iaHR0cDovL2ltYWdlLnJha3V0ZW4uY28uanAvbmYvY2FiaW5ldC9pbWc2MDMxOTIyNy5qcGciIGFsdD0i44Ov44Kk44OR44O8IiBib3JkZXI9IjAiPjxicj4KICAgICAgICAgICAgUElBQeODu0JPU0NI44O7TldC44CA44Ov44Kk44OR44O85Yui5o+D44GECiAgICAgICAgPC90ZD4KICAgICAgICA8dGQ+PC90ZD4KICAgICAgICA8dGQ+CiAgICAgICAgICAgIDxpbWcgc3JjPSJodHRwOi8vaW1hZ2UucmFrdXRlbi5jby5qcC9uZi9jYWJpbmV0L2ltZzYwMzE5MjE2LmpwZyIgYWx0PSLjgqjjgqLjgrPjg7Pjg5XjgqPjg6vjgr/jg7wiIGJvcmRlcj0iMCI+PGJyPgogICAgICAgICAgICDjgqjjgqLjgrPjg7Pjg5XjgqPjg6vjgr/jg7zlkITnqK4KICAgICAgICA8L3RkPgogICAgPC90cj4KICAgIDx0cj4KICAgICAgICA8dGQ+CiAgICAgICAgICAgIDxpbWcgc3JjPSJodHRwOi8vaW1hZ2UucmFrdXRlbi5jby5qcC9uZi9jYWJpbmV0L2ltZzYwMzE5MjE4LmpwZyIgYWx0PSLjg5jjg4Pjg4njg6njg7Pjg5ciICBib3JkZXI9IjAiPjxicj4KICAgICAgICAgICAg44OQ44Or44OW44O744OY44OD44OJ44Op44Kk44OI44O7SElE44O744O744O7CiAgICAgICAgPC90ZD4KICAgICAgICA8dGQ+PC90ZD4KICAgICAgICA8dGQ+CiAgICAgICAgICAgIDxpbWcgc3JjPSJodHRwOi8vaW1hZ2UucmFrdXRlbi5jby5qcC9uZi9jYWJpbmV0L2ltZzYwMzE5MjIzLmpwZyIgYWx0PSLmtJfou4rnlKjlk4EiIGJvcmRlcj0iMCI+PGJyPgogICAgICAgICAgICDjgrfjg6XjgqLjg6njgrnjgr/jg7zjg7vjg6zjgqTjg7Pjgqjjg4Pjgq/jgrnjgarjgakKICAgICAgICA8L3RkPgogICAgPC90cj4KPC90YWJsZT4KCgo8cD4KICA8aW1nIHNyYz0iaHR0cDovL2ltYWdlLnJha3V0ZW4uY28uanAvbmYvY2FiaW5ldC9pbWc2MDMxOTI4OS5naWYiIGFsdD0iIiBib3JkZXI9IjAiPjxicj4KICA8YnI+CiAgPGI+54++5Zyo44Gu5Lq65rCX44Kr44O855So5ZOB44Gv44GT44KM77yBPC9iPjxicj4KPC9wPgoKPGJyPjxicj4=,TUlDUk8g5pel5pys44Oe44Kk44Kv44Ot44OV44Kj44Or44K/44O85bel5qWt44CQ5raI6Iet44O75oqX6I+M44K544OX44Os44O85LuY44GN44CRIOOCqOOCouOCs+ODs+ODleOCo+ODq+OCv+ODvCDjgrzjgqrjg6njgqTjg4jvvLfjg5fjg6njgrkg44Oe44OE44OAIO+8re+8sO+8tiBMV0VXLkZXIExXM1cuNVcgMjAwMOW5tDjmnIjvvZ4yMDA25bm0MuaciCBbUkNGMTgwMldd77ya44Kr44O855So5ZOB5Y245ZWP5bGL44CA44OL44Ol44O844OV44Ot44Oz44OG44Ki,44Kr44O855So5ZOB44Kr44O844OK44OT44Ky44O844K344On44Oz44Kr44O844Kq44O844OH44Kj44Kq55uX6Zuj6K2m5aCx5qmf44Oq44Oi44Kz44Oz44Ko44Oz44K444Oz44K544K/44O844K/44O844Kk44Oq44K444Km44Og44OX44Op44Kw44K344Oq44Kz44Oz44OX44Op44Kw44Kz44O844OJ44Kt44Oj44Oq44Ki77yl77y077yj6LuK6LyJ5ZmoSElE44OV44Kj44Or44Og44Ki44Oz44OG44OK44Oh44O844K/44O844OH44Kj44OD44Kt44O844K644OQ44Kk44Kv55So5ZOB44Kk44Oz44OQ44O844K/44O844K544OU44O844Kr44O8RFZE44K744Kt44Ol44Oq44OG44Kj44Os44O844OA44O85o6i55+l5qmf44OQ44OD44OG44Oq44O8TUlDUk8g5pel5pys44Oe44Kk44Kv44Ot44OV44Kj44Or44K/44O85bel5qWt44CQ5raI6Iet44O75oqX6I+M44K544OX44Os44O85LuY44GN44CRIOOCqOOCouOCs+ODs+ODleOCo+ODq+OCv+ODvCDjgrzjgqrjg6njgqTjg4jvvLfjg5fjg6njgrkg44Oe44OE44OAIO+8re+8sO+8tiBMV0VXLkZXIExXM1cuNVcgMjAwMOW5tDjmnIjvvZ4yMDA25bm0MuaciCBbUkNGMTgwMldd,6YCB5paZ54Sh5paZ4oC75rKW57iEL+mbouWztuWIpeaWmemHkeOAgk1JQ1JPIOaXpeacrOODnuOCpOOCr+ODreODleOCo+ODq+OCv+ODvOW3pealreOAkOa2iOiHreODu+aKl+iPjOOCueODl+ODrOODvOS7mOOBjeOAkSDjgqjjgqLjgrPjg7Pjg5XjgqPjg6vjgr/jg7wg44K844Kq44Op44Kk44OI77y344OX44Op44K5IOODnuODhOODgCDvvK3vvLDvvLYgTFdFVy5GVyBMVzNXLjVXIDIwMDDlubQ45pyI772eMjAwNuW5tDLmnIggW1JDRjE4MDJXXQ==[rn]
21-63172,aHR0cDovL3RzaG9wLnIxMHMuanAvanBpdC9jYWJpbmV0L2ctcGFydHMtY2F2aW4vYWlyY29uLWZfbmV3LWc5MDBweC5qcGc/Zml0aW49NzAwOjcwMA==,MTQwNC44MDAw,,6LuK55So5ZOB44O744OQ44Kk44Kv55So5ZOBID4g44Kr44O855So5ZOBID4g44OQ44OD44OG44Oq44O844O744Oh44Oz44OG44OK44Oz44K555So5ZOBID4g44OV44Kj44Or44K/44O8ID4g44Ko44Ki44Kz44Oz44OV44Kj44Or44K/44O8,44Ko44Ki44Kz44Oz44OV44Kj44Or44K/44O8IOODnuODhOODgCDjg5Xjg6zjgqLjg6/jgrTjg7MgIO+8rO+8oe+8je+8o++8me+8ke+8kO+8mSDvvIjjgqjjgqLjgrPjg7Pjgq/jg6rjg7zjg4rjg7zjg7vjgq3jg6Pjg5Pjg7Pjg5XjgqPjg6vjgr/jg7zjg7vjgq/jg6rjg7zjg7Pjg5XjgqPjg6vjgr/jg7zjg7vpganlkIjmpJzntKLjgYLjgorvvIkg44CQUkNQ44CR44CQR+OAkQ==,TEEtQzkxMDk=,PGZvbnQgc2l6ZT0iMiI+4oC76LuK5qSc6Ki844KS44GU55So5oSP44GP44Gg44GV44GE44CC6LuK56iu5ZCN44O75Z6L5byP44O75bm05byP44GL44KJ5YWo6YGp5ZCI44OV44Kj44Or44K/44O844GM6KaL44Gk44GL44KK44G+44GZ44CCICA8YnI+PGJyPuOAkOWPguiAg+Wei+W8j+OAkSBNTTMyUyBNTTQyUyBNSjM0UyBNSjQ0Uzxicj48YnI+44CQ44K144Kk44K644CR44CA57im57imMTc5bW3jgIDmqKoxNjltbeOAgOmrmOOBlTI5bW08YnI+PGJyPjxpbWcgc3JjPSJodHRwOi8vaW1hZ2UucmFrdXRlbi5jby5qcC9qcGl0L2NhYmluZXQvZy1wYXJ0cy1jYXZpbi9haXJjb24tZl9uZXctZzkwMHB4LmpwZyIgd2lkdGg9IjY4MCI+PGJyPjxicj48aW1nIHNyYz0iaHR0cDovL2ltYWdlLnJha3V0ZW4uY28uanAvanBpdC9jYWJpbmV0L2NhdmluLWtva3VzYW4vaW1ncmMwMDcxNTc1NjQxLmpwZyI+PGJyPjxicj7il4boibLvvJ3jgqTjgqjjg63jg7w8YnI+4peG44K/44Kk44OX77yd6auY5qmf6IO977yI6Z2Z6Zu76Zmk5aG177yJPGJyPuKXhuWfg+ODu+ODgeODqu+8iDEwMHVt5Lul5LiK77yJ44O744O744O7MTAwJemZpOWOuzxicj7il4boirHnsonjg7vjgqvjg5Pog57lrZDvvIgxMO+9njEwMHVt77yJ44O744O744O7MTAwJemZpOWOuzxicj7il4bjgr/jg5DjgrPjga7nhZnjg7vjg4fjg7zjgrzjg6vnhZnvvIgwLjAx772eMC41dW3vvInjg7vjg7vjg7vmnIDlpKc1MCXpmaTljrs8YnI+PGJyPjxpbWcgc3JjPSJodHRwOi8vaW1hZ2UucmFrdXRlbi5jby5qcC9qcGl0L2NhYmluZXQvMDMxMjM4ODAvY2F2aW4tbG9nby0wOTAzLmpwZyIgd2lkdGg9IjY4MCIgIGhlaWdodD0iMzAiPjxicj48YnI+PGJyPjxpbWcgc3JjPSJodHRwOi8vaW1hZ2UucmFrdXRlbi5jby5qcC9qcGl0L2NhYmluZXQvMDMxMjM4ODAva291a2FuLWxvZ28tMDkwMy0yLmpwZyI+PGJyPjxicj7il4bkuqTmj5vmmYLmnJ/jga/jgIHou4rnqK7jgavjgojjgaPjgabnlbDjgarjgorjgb7jgZnjgYzjgIEx5bm044GrMeWbnuWPiOOBrzEwLDAwMGtt5q+O44Gu5Lqk5o+b44KS44GK6Jam44KB44GX44G+44GZ44CCPGJyPuKXhuS6pOaPm+aWueazleOBr+WPluS7mOiqrOaYjuabuOOCkuOBlOimp+OBj+OBoOOBleOBhOOAgjxicj48YnI+PGltZyBzcmM9Imh0dHA6Ly9pbWFnZS5yYWt1dGVuLmNvLmpwL2pwaXQvY2FiaW5ldC8wMzEyMzg4MC9zZXRzdW1laS1sb2dvLTA5MDMtMi5qcGciPjxicj48YnI+4peG44OW44Op44Oz44OJ5ZCNIOOAjEctUEFSVFPjgI3jgIDlm73lhoXntJTmraPjg6Hjg7zjgqvjg7w8YnI+4peG5pyA6auY5ZOB6LOq44Gu44Ko44Ki44Kz44Oz44OV44Kj44Or44K/44O877yI44Kt44Oj44OT44Oz44OV44Kj44Or44K/44O844O744Ko44Ki44Kz44Oz44Kv44Oq44O844OK44O844O744Kv44Oq44O844Oz44OV44Kj44Or44K/44O877yJPGJyPuKXhueJueW+tDxicj7jgIAq6YCa5rCX5oq15oqX44KS5oqR44GI44CB5pyA6YGp44Gq56S+5YaF5o+b5rCX44KS5a6f54++PGJyPuOAgCrnqbrmsJfkuK3jga7otoXlvq7nspLlrZDjgoLnorrlrp/jgavmjZXmjYk8YnI+44CAKuODoeODs+ODhuODiuODs+OCueOCpOODs+OCv+ODvOODkOODq+OCkumAmuOBmOOBpuW4uOOBq+WuieWumuOBl+OBn+OCjemBjuaAp+iDveOCkueZuuaPrjxicj7jgIAq5qmf5qKw55qE5ZC4552A44Go6Z2Z6Zu75rCX5ZC4552A44Gr44KI44KL5r++6YGO5oCn6IO944KS55m65o+uPGJyPuOAgCrpq5jjgYTjg5XjgqPjg4Pjg4jmgKfjgajjgrfjg7zjg6vmgKc8YnI+44CAKuips+e0sOOBquWPluS7mOiqrOaYjuabuOOBq+OCiOOCiuewoeWNmOOBi+OBpOi/hemAn+OBquWPluS7mOOBjOWPr+iDvTxicj7il4bjgqjjgqLjgrPjg7PvvIjjgq3jg6Pjg5Pjg7PvvInjg5XjgqPjg6vjgr/jg7zjga/nqbrmsJfkuK3jga7oirHnsonjgoTkuI3lv6vjgarnspLlrZDjgIHmnInlrrPjgqzjgrnjgpLjgbvjgbzlrozlhajjgavpmaTljrvjgZfjgIHlv6vpganjgarnpL7lhoXnkrDlooPjgpLlrp/nj77jgZfjgb7jgZnjgII8YnI+4peG5LiN57mU5biD44Gv44CB5aSa5pWw44Gu57Sw44GL44GE57mK57at44Gn44Gn44GN44Gm44GK44KK44CB44Gd44Gu54m55q6K5qeL6YCg44Gr44KI44KK5Z+D44KE44GZ44GZ44Gu57KS5a2Q44KS44G744G85a6M5YWo44Gr6Zmk5Y6744GX5YyW5a2m54mp6LOq44KS5L2/55So44GX44Gm44GK44KJ44Ga55Ww6Iet44KC55m655Sf44GX44G+44Gb44KT44CCPGJyPjxicj48aW1nIHNyYz0iaHR0cDovL2ltYWdlLnJha3V0ZW4uY28uanAvanBpdC9jYWJpbmV0LzAzMTIzODgwL3R5dXVpLWxvZ28tMDkwMy0yLmpwZyI+PGJyPjxicj7igLvmjrLovInjgZfjgabjgYTjgb7jgZnkuIDpg6jjga7ou4rkuKHjgafjga/jgIHou4rnqK7jgIHlnovlvI/jgIHlubTlvI/nrYnjgYzlkIzkuIDjga7loLTlkIjjgafjgoLjgIHmjpLmsJfph4/jgoTjgr/jgqTjg5fjgIHou4rlj7Dnlarlj7fjgarjganjgavjgojjgoo8YnI+6YGp5ZCI5ZWG5ZOB44GM55Ww44Gq44KL5aC05ZCI44GM44GU44GW44GE44G+44GZ44CCPGJyPuKAu+e0lOato+eVquWPt+OAgei7iuWPsOeVquWPt+OAgeaOkuawl+mHj+OAgeOCv+OCpOODl+OCkuiomOi8ieOBl+OBpuOBhOOCi+WVhuWTgeOBr+W/heOBmuOBlOiHqui6q+OBrui7iuS4oeOBqOeFp+WQiOOBl+OBpuOBhOOBn+OBoOOBjeOBvuOBmeOCiOOBhuOBiumhmOOBhOOBhOOBn+OBl+OBvuOBmeOAgjxicj48YnI+PGltZyBzcmM9Imh0dHA6Ly9pbWFnZS5yYWt1dGVuLmNvLmpwL2pwaXQvY2FiaW5ldC8wMzEyMzg4MC9ncmVlbi1saW5lLmdpZiIgd2lkdGg9IjY4MCI+PGJyPjxicj48Zm9udCBzaXplPSIyIiBjb2xvcj0iIzAwMDAwMCI+4peG44Oh44O844Or44Gn44Gu44GK5ZWP5ZCI44Gb44Gu5aC05ZCI44CB44CO6LuK56iu5ZCN44CP44CO6LuK5Lih5Z6L5byP44CP44CO44Ko44Oz44K444Oz5Z6L5byP44CP44CO5bm05byP44CP562J44KS5piO6KiY44Gu5LiKPGJyPuOBiuWQjeWJjeODu+OBlOmAo+e1oeWFiOOBqOOBqOOCguOBq+mAgeS/oeOBj+OBoOOBleOBhOOBvuOBm+OAgjxicj48YnI+PGEgdGFyZ2V0PSJfYmxhbmsiIGhyZWY9Imh0dHBzOi8vYXNrLnN0ZXAucmFrdXRlbi5jby5qcC9ybXMvbWFsbC9wYS9hc2svdmM/X19ldmVudD1QQTAyXzAwMF8wMDEmYXNrX3RleHQ9JUM1JUI5JUM0JUI5JUE0JUNCJUJDJUMxJUNDJUU0JUE0JUI5JUE0JUVCJnNob3B1cmw9anBpdCZzaG9wX2JpZD0yODQyNjgmc2hvcF9uYW1lPSVBNSVCOCVBNSVBNyVBNSVBNCVBNSVENCVBNSVDMyVBNSVDOCVBNSVCNyVBNSVFNyVBNSVDMyVBNSVENyZteXNob3A9MCI+PGltZyBzcmM9Imh0dHA6Ly9pbWFnZS5yYWt1dGVuLmNvLmpwL2pwaXQvY2FiaW5ldC8wMzEyMzg4MC9tYWlsLWdyZWVuLmpwZyIg4peG6YGp5ZCI6LuK56iu44Gr44Gk44GN44G+44GX44Gm44GU5LiN5piO44Gq5pa544Gv44CB6LuK5qSc6Ki844KS44GU55So5oSP44Gu5LiK44CB5byK56S+44G+44Gn44GK5rCX6Lu944Gr44GU6YCj57Wh44GP44Gg44GV44GE44CCPGJyPjxpbWcgc3JjPSJodHRwOi8vaW1hZ2UucmFrdXRlbi5jby5qcC9qcGl0L2NhYmluZXQvMDMxMjM4ODAvMTk4MDE2LmpwZyI+PGNlbnRlcj4KPGltZyBzcmM9Imh0dHA6Ly9pbWFnZS5yYWt1dGVuLmNvLmpwL2pwaXQvY2FiaW5ldC8wMzEyMzg4MC9rYW50YW4tNC5naWYiIGJvcmRlcj0iMCI+PGJyPjxicj4KPGltZyBzcmM9Imh0dHA6Ly9pbWFnZS5yYWt1dGVuLmNvLmpwL2pwaXQvY2FiaW5ldC8wMzEyMzg4MC90eXVpXzIwXzAyLmdpZiIgYm9yZGVyPSIwIj48Zm9udCBTSVpFPSItMSIgQ09MT1I9IiNmZjAwMDAiPiDou4rnqK7lkI3jg7vlnovlvI/jg7vlubTlvI/jgYzlkIzjgZjjgafjgoLjgIHou4rlj7Dnlarlj7fjg7vjgr/jgqTjg5fnrYnjgavjgojjgaPjgabpganlkIjjgZfjgarjgYTloLTlkIjjgYzjgYLjgorjgb7jgZnjga7jgafjgIHkuIrjga7jgJDnsKHljZjjg5XjgqPjg6vjgr/jg7zpganlkIjmpJzntKLjgJHjg5zjgr/jg7PjgojjgorjgYrmjqLjgZfkuIvjgZXjgYTjgIIKPGJyPjxicj4KPGltZyBzcmM9Imh0dHA6Ly9pbWFnZS5yYWt1dGVuLmNvLmpwL2pwaXQvY2FiaW5ldC8wMzEyMzg4MC9pbWdyYzAwNzE3NDUzMDEuZ2lmIiBib3JkZXI9IjAiPjxicj48L2NlbnRlcj4KCjxicj48YnI+PGZvbnQgQ09MT1I9IiM1NTAwRkYiPuKAu+WQjOaZguazqOaWh+OBq+mZkOOCiuOAgeikh+aVsOOBiuiyt+OBhOS4iuOBkuOBp+OCgumAgeaWmeOBrzHlgIvliIbjga7jgb/vvIE8QlI+KOmHjemHj+eJqeOCkumZpOOBj++8iTwvYj48L2ZvbnQ+PCEtLTxpbWcgc3JjPSJodHRwOi8vaW1hZ2UucmFrdXRlbi5jby5qcC9qcGl0L2NhYmluZXQvMDMxMjM4ODAvaW1ncmMwMDczMjQxOTU2LmpwZyI+PEJSPjxCUj4KPGltZyBzcmM9Imh0dHA6Ly93d3cucmFrdXRlbi5uZS5qcC9nb2xkL2pwaXQvaW1hZ2VzL2Vha29uLWJhbmEuanBnIj4tLT4KCjwhLS0KPGltZyBhbHQ9IuOCqOOCouOCs+ODs+ODleOCo+ODq+OCv+ODvCIgaGVpZ2h0PSIxNTAiIHNyYz0iaHR0cDovL2ltYWdlLnJha3V0ZW4uY28uanAvanBpdC9jYWJpbmV0L3Rlc3QxLXNvdWthaTY5MHgxNTB4LmpwZyIgd2lkdGg9IjY5MCI+LS0+CgoKCjxCUj48QlI+CgoKCgo8c3R5bGUgdHlwZT0idGV4dC9jc3MiPgovKuiyt+OBhOeJqeOBi+OBlOOBq+WFpeOCjOOCi+ODnOOCv+ODsyovCiNyYWt1dGVuTGltaXRlZElkX2Fyb3VuZENhcnQgaW5wdXRbdmFsdWU9Iuiyt+OBhOeJqeOBi+OBlOOBq+WFpeOCjOOCiyJdewpiYWNrZ3JvdW5kOiB1cmwoImh0dHA6Ly9pbWFnZS5yYWt1dGVuLmNvLmpwL2pwaXQvY2FiaW5ldC8wMzEyMzg4MC9pbWdyYzAwNzA5Mzg3MzEuanBnIikgbGVmdCB0b3Agbm8tcmVwZWF0Owp3aWR0aDoxOTBweDsKaGVpZ2h0OjUwcHg7CnRleHQtaW5kZW50OjEwMCU7CndoaXRlLXNwYWNlOm5vd3JhcDsKb3ZlcmZsb3c6aGlkZGVuOwpib3JkZXI6IG5vbmU7CnBhZGRpbmc6MDsKbWFyZ2luLXRvcDo1cHggMDsKY3Vyc29yOnBvaW50ZXI7Cn0KI3Jha3V0ZW5MaW1pdGVkSWRfYXJvdW5kQ2FydCB0Ym9keSB0ciB0ZCBpbnB1dDpob3ZlcnsKYWxwaGEob3BhY2l0eT04KTsKLW1vei1vcGFjaXR5OjAuODsKb3BhY2l0eTowLjg7CmN1cnNvcjpwb2ludGVyOwp9CgoKLypJReWvvuW/nCovCipodG1sIGlucHV0W3ZhbHVlPSLosrfjgYTnianjgYvjgZTjgavlhaXjgozjgosiXXsKICB3aWR0aDoxcHQ7CiAgb3ZlcmZsb3c6dmlzaWJsZTsKICBwYWRkaW5nLXRvcDo4cHg7CiAgcGFkZGluZy1ib3R0b206OHB4OwogIHBhZGRpbmctbGVmdDo0MHB4OwogIGJhY2tncm91bmQ6dXJsKCJodHRwOi8vaW1hZ2UucmFrdXRlbi5jby5qcC9qcGl0L2NhYmluZXQvMDMxMjM4ODAvaW1ncmMwMDcwOTM4NzMxLmpwZyIpICNmY2ZjZmMgbm8tcmVwZWF0IDE5MHB4IDUwcHg7Cn0KCjwvc3R5bGU+,44Ko44Ki44Kz44Oz44OV44Kj44Or44K/44O8IOODnuODhOODgCDjg5Xjg6zjgqLjg6/jgrTjg7MgIO+8rO+8oSZtaW51czvvvKPvvJnvvJHvvJDvvJkg77yI44Ko44Ki44Kz44Oz44Kv44Oq44O844OK44O844O744Kt44Oj44OT44Oz44OV44Kj44Or44K/44O844O744Kv44Oq44O844Oz44OV44Kj44Or44K/44O844O76YGp5ZCI5qSc57Si44GC44KK77yJIOOAkFJDUOOAkeOAkEfjgJHvvJrjgrjjgqfjgqTjg5Tjg4Pjg4jjgrfjg6fjg4Pjg5c=,44Ko44Ki44Kz44Oz44OV44Kj44Or44K/44O844Kv44Oq44O844Oz44OV44Kj44Or44K/44O844Ko44Ki44OV44Kj44Or44K/44O844Ko44Ki44Kv44Oq44O844OK44O844Kq44Kk44Or44OV44Kj44Or44K/44O844Kq44Kk44Or44Ko44Os44Oh44Oz44OI44Ko44Ki44Kz44Oz44Kv44Oq44O844OK44O854eD5paZ44OV44Kj44Or44K/44O844OV44Ol44O844Ko44Or44OV44Kj44Or44K/44O854eD5paZ44Ko44Os44Oh44Oz44OI44Ko44Ki44O844OV44Kj44Or44K/44O8TUFOTk1BTk4tRklMVEVS44Oe44Oz44OV44Kj44Or44K/44O8Ry1QQVJUU+OCuOODvOODkeODvOODhOOCreODo+ODk+ODs+ODleOCo+ODq+OCv+ODvOOCqOOCouOCs+ODs+ODleOCo+ODq+OCv+ODvCDjg57jg4Tjg4Ag44OV44Os44Ki44Ov44K044OzICDvvKzvvKEmbWludXM777yj77yZ77yR77yQ77yZIO+8iOOCqOOCouOCs+ODs+OCr+ODquODvOODiuODvOODu+OCreODo+ODk+ODs+ODleOCo+ODq+OCv+ODvOODu+OCr+ODquODvOODs+ODleOCo+ODq+OCv+ODvOODu+mBqeWQiOaknOe0ouOBguOCiu+8iSDjgJBSQ1DjgJHjgJBH44CR,TEEtQzkxMDnjgILjgqjjgqLjgrPjg7Pjg5XjgqPjg6vjgr/jg7wg44Oe44OE44OAIOODleODrOOCouODr+OCtOODsyAg77ys77yhJm1pbnVzO++8o++8me+8ke+8kO+8mSDvvIjjgqjjgqLjgrPjg7Pjgq/jg6rjg7zjg4rjg7zjg7vjgq3jg6Pjg5Pjg7Pjg5XjgqPjg6vjgr/jg7zjg7vjgq/jg6rjg7zjg7Pjg5XjgqPjg6vjgr/jg7zjg7vpganlkIjmpJzntKLjgYLjgorvvIkg44CQUkNQ44CR44CQR+OAkQ==[rn]
21-63173,aHR0cDovL3RzaG9wLnIxMHMuanAvbmYvY2FiaW5ldC9yZy96cC5qcGc/Zml0aW49NzAwOjcwMA==,MTkzMi4wMDAw,,6LuK55So5ZOB44O744OQ44Kk44Kv55So5ZOBID4g44Kr44O855So5ZOBID4g44OQ44OD44OG44Oq44O844O744Oh44Oz44OG44OK44Oz44K555So5ZOBID4g44OV44Kj44Or44K/44O8ID4g44Ko44Ki44Kz44Oz44OV44Kj44Or44K/44O8,TUlDUk8g5pel5pys44Oe44Kk44Kv44Ot44OV44Kj44Or44K/44O85bel5qWtIOOCqOOCouOCs+ODs+ODleOCo+ODq+OCv+ODvCDjgrzjgqrjg6njgqTjg4jjg5fjg6njgrkg44Oe44OE44OAIOOCouOCr+OCu+ODqSBCTTVGUCBCTTVBUCBCTTVGUyBCTTVBUyBCTUVGUyBCTTJGUyAyMDEz5bm0MTHmnIjvvZ4gW1JDRjg4NTZd,6YCB5paZ54Sh5paZ4oC75rKW57iEL+mbouWztuWIpeaWmemHkQ==,PGI+PGZvbnQgc2l6ZT0iNSIgY29sb3I9IiMwMDAwMDAiPuOCvOOCquODqeOCpOODiOODl+ODqeOCueijveWTgeeJuemVtzwvZm9udD48YnI+PGJyPuKXjzPlsaTjg5XjgqPjg6vjgr/jg7zmp4vpgKDvvIjmlrDntKDmnZDvvInjgavjgojjgorjgIHou4rlhoXjga48Zm9udCBzaXplPSI0IiBjb2xvcj0iI2ZmMDAwMCI+56m65rCX44KS5b+r6YGp44Gr5L+d44GkPC9mb250PuOAgjxicj48YnI+4pePMeWxpOebruOBq+mbu+efs+S4jee5lOW4g++8iOmdmembu+awl+OCkuaMgeOBo+OBn+e5iue2reOBp+S9nOOCieOCjOOCi++8ieOBq+OCiOOCizxmb250IHNpemU9IjQiIGNvbG9yPSIjZmYwMDAwIj7lvq7nspLlrZDlkLjnnYA8L2ZvbnQ+44CCPGJyPjxicj7il48y5bGk55uu44Gr6auY5oCn6IO944K844Kq44Op44Kk44OI77yI5rK455+z77yJ5LiN57mU5biD44Gr44KI44KLPGZvbnQgc2l6ZT0iNCIgY29sb3I9IiNmZjAwMDAiPua2iOiHreOAgeaKl+iPjOWKueaenDwvZm9udD7jgII8YnI+PGJyPuKXjzPlsaTnm67jgavpmLLlobXnlKjkuI3nuZTluIPjgavjgojjgos8Zm9udCBzaXplPSI0IiBjb2xvcj0iI2ZmMDAwMCI+5aG144KE6Iqx57KJ44KS44Kt44Oj44OD44OBPC9mb250PuOAgjxicj48YnI+4peP6JaE57eR6Imy44Gu5aSW6Kaz44Gv44CB5rGa44KM44Gf44KC44Gu44Go44Gu5q+U6LyD44KC44GX44KE44GZ44GE44CCPGJyPjxicj7jgJDkuqTmj5vnm67lronjgJE8YnI+MeW5tOOBqzHlm57jgIDjgb7jgZ/jga/jgIDotbDooYwxNSwwMDBrbTxicj48YnI+PC9iPjxicj48YnI+PGJyPjxiPuOAkOmBqeWQiOOAkTxicj48YnI+44Oe44OE44OAIOOCouOCr+OCu+ODqTwvYj48YnI+PGJyPuKXj+i7iuS4oeWei+W8j++8mkJNNUZQIEJNNUFQIEJNNUZTIEJNNUFTIEJNRUZTIEJNMkZTPGJyPjxicj7il4/lubTlvI/vvJoyMDEz5bm0MTHmnIjvvZ48bGVmdD4KPGI+4oC744GU5rOo5oSP5LqL6aCFPGJyPgrjgZTms6jmlofliY3jgavjg5rjg7zjgrjkuIvpg6jjga7jgZTliKnnlKjmoYjlhoXjgpLjgZTopqfjga7kuIrjgYrnlLPjgZfovrzjgb/kuIvjgZXjgYTjgII8YnI+CgrmjrLovInnlLvlg4/jga7lpJrjgY/jga/jgqTjg6Hjg7zjgrjnlLvlg4/jgajjgarjgaPjgabjgYrjgorjgb7jgZnjgII8YnI+Cgrlrp/pmpvjga7llYblk4Hjga7lk4HnlarjgIHoibLjgIHjgrXjgqTjgrrjgarjganjga/llYblk4HlkI3jgpLjgZTnorroqo3kuIvjgZXjgYTjgII8YnI+5qW95aSp5biC5aC044Gu44CO5Zyo5bqr44GC44KK44CP57We44KK6L6844G/5qSc57Si44Gn44Gv6LK344GE54mp5Y+v6IO944Gq44GZ44G544Gm44Gu5ZWG5ZOB77yI44GK5Y+W44KK5a+E44Gb5ZWG5ZOB44KE5LqI57SE5ZWG5ZOB5ZCr44KA77yJPGJyPuOBjOWcqOW6q+OBguOCiuOBqOihqOekuuOBleOCjOOBpuOBl+OBvuOBhOOBvuOBmeOAgjxicj4K5b2T56S+44Gu5aC05ZCI44CB5o6y6LyJ5Lit44Gu5ZWG5ZOB44Gv44CB44GU5rOo5paH5b6M44Gu44Oh44O844Kr44O855m65rOo5ZWG5ZOB44KS5aSa5pWw5ZCr44KT44Gn44GK44KK44G+44GZ44Gu44Gn44CBPGJyPu+8nOOBguOBmealveWvvuW/nO+8nuWVhuWTgeS7peWkluOBr+OBlOazqOaWh+W+jOOAgeOAjOasoOWTgeS4reOAjeOAjOeUn+eUo+e1guS6huOAjeetieOBruWgtOWQiOOCguOBlOOBluOBhOOBvuOBmeOAguS6iOOCgeOBlOS6huaJv+S4i+OBleOBhOOAgjxicj4KPC9iPgo8L2xlZnQ+CgoKPHN0eWxlIHR5cGU9InRleHQvY3NzIj4KCi5ibnJfbGlzdCB0ZHsKCXBhZGRpbmc6NXB4IDAgNXB4IDA7Cgl0ZXh0LWFsaWduOmNlbnRlcjsKCWZvbnQtc2l6ZToxMnB4Owp9Cjwvc3R5bGU+Cgo8dGFibGUgY2xhc3M9ImJucl9saXN0Ij4KCQkKICAgIDx0cj4KICAgICAgICA8dGQgd2lkdGg9IjM1MCI+CiAgICAgICAgICAgIDxpbWcgc3JjPSJodHRwOi8vaW1hZ2UucmFrdXRlbi5jby5qcC9uZi9jYWJpbmV0L2ltZzYwMzE5MjI0LmdpZiIgYWx0PSIiIGJvcmRlcj0iMCI+CiAgICAgICAgICAgIOS4gOe3kuOBq+azqOaWh+OBmeOCi+OBqOmAgeaWmeeEoeaWme+8geOBruOCq+ODvOeUqOWTgQogICAgICAgIDwvdGQ+CiAgICAgICAgPHRkIHdpZHRoPSIxMCI+PC90ZD4KICAgICAgICA8dGQgd2lkdGg9IjM1MCI+CiAgICAgICAgICAgIDxpbWcgc3JjPSJodHRwOi8vaW1hZ2UucmFrdXRlbi5jby5qcC9uZi9jYWJpbmV0L2ltZzYwMzE5MjE0LmpwZyIgYWx0PSIiIGJvcmRlcj0iMCI+CiAgICAgICAgICAgIOWPquS7iumAgeaWmeeEoeaWmeOCreODo+ODs+ODmuODvOODs+S4re+8gQogICAgICAgIDwvdGQ+CiAgICA8L3RyPgogICAgPHRyPgogICAgICAgIDx0ZD4KICAgICAgICAgICAgPGltZyBzcmM9Imh0dHA6Ly9pbWFnZS5yYWt1dGVuLmNvLmpwL25mL2NhYmluZXQvaW1nNjAzMTkyMjYuanBnIiBhbHQ9IiIgYm9yZGVyPSIwIj48YnI+CiAgICAgICAgICAgIERpY2tpZXMgUkVDQVJPIFdISVRFIEFSUk9XIOOBquOBqQogICAgICAgIDwvdGQ+CiAgICAgICAgPHRkPjwvdGQ+CiAgICAgICAgPHRkPgogICAgICAgICAgICA8aW1nIHNyYz0iaHR0cDovL2ltYWdlLnJha3V0ZW4uY28uanAvbmYvY2FiaW5ldC9pbWc2MDMxOTIyMS5qcGciIGFsdD0iIiAgYm9yZGVyPSIwIj48YnI+CiAgICAgICAgICAgIENFTExTVEFS44O7WVVQSVRFUlXjg7tDT01URUPjgarjgakKICAgICAgICA8L3RkPgogICAgPC90cj4KICAgIDx0cj4KICAgICAgICA8dGQ+CiAgICAgICAgICAgIDxpbWcgc3JjPSJodHRwOi8vaW1hZ2UucmFrdXRlbi5jby5qcC9uZi9jYWJpbmV0L2ltZzYwMzE5MjIyLmpwZyIgYWx0PSLjgqvjg7zjgrvjgq3jg6Xjg6rjg4bjgqMiICBib3JkZXI9IjAiPjxicj4KICAgICAgICAgICAgQ09NVEVD44O7S0FUTy1ERU5LSeODu1ZJU0lPTuOBquOBqQogICAgICAgIDwvdGQ+CiAgICAgICAgPHRkPjwvdGQ+CiAgICAgICAgPHRkPgogICAgICAgICAgICA8aW1nIHNyYz0iaHR0cDovL2ltYWdlLnJha3V0ZW4uY28uanAvbmYvY2FiaW5ldC9pbWc2MDMxOTIyNS5qcGciIGFsdD0i44Ko44Oz44K444Oz44K544K/44O844K/44O8IiBib3JkZXI9IjAiPjxicj4KICAgICAgICAgICAgQ0FSTUFUReODu0NPTVRFQ+ODu01JVFNVQkHjgarjgakKICAgICAgICA8L3RkPgogICAgPC90cj4KICAgIDx0cj4KICAgICAgICA8dGQ+CiAgICAgICAgICAgIDxpbWcgc3JjPSJodHRwOi8vaW1hZ2UucmFrdXRlbi5jby5qcC9uZi9jYWJpbmV0L2ltZzYwMzE5MjE5LmpwZyIgYWx0PSLjg6Hjg7zjgr/jg7wiIGJvcmRlcj0iMCI+PGJyPgogICAgICAgICAgICBQSVZPVOODu0hLU+ODu1VMVFJB44O7QkxJVFrjg7tBUEVY44Gq44GpCiAgICAgICAgPC90ZD4KICAgICAgICA8dGQ+PC90ZD4KICAgICAgICA8dGQ+CiAgICAgICAgICAgIDxpbWcgc3JjPSJodHRwOi8vaW1hZ2UucmFrdXRlbi5jby5qcC9uZi9jYWJpbmV0L2ltZzYwMzE5MjE3LmpwZyIgYWx0PSLjgq3jg6Pjg6rjgqIiIGJvcmRlcj0iMCI+PGJyPgogICAgICAgICAgICDjg6vjg7zjg5Xjgq3jg6Pjg6rjgqLjg7vjg5zjg4Pjgq/jgrnjg7vjg5XjgqPjg4Pjgrfjg7PjgrDjg7vjg7sKICAgICAgICA8L3RkPgogICAgPC90cj4KICAgIDx0cj4KICAgICAgICA8dGQ+CiAgICAgICAgICAgIDxpbWcgc3JjPSJodHRwOi8vaW1hZ2UucmFrdXRlbi5jby5qcC9uZi9jYWJpbmV0L2ltZzYwMzE5MjIwLmpwZyIgYWx0PSLjgqjjg7Pjgrjjg7PjgqrjgqTjg6siIGJvcmRlcj0iMCI+PGJyPgogICAgICAgICAgICBNb2JpbDHjg7tIS1Pjg7tSRURMSU5F44O744O744O75Y+W5omx5aSa5pWwCiAgICAgICAgPC90ZD4KICAgICAgICA8dGQ+PC90ZD4KICAgICAgICA8dGQ+CiAgICAgICAgICAgIDxpbWcgc3JjPSJodHRwOi8vaW1hZ2UucmFrdXRlbi5jby5qcC9uZi9jYWJpbmV0L2ltZzYwMzE5MjE1LmpwZyIgYWx0PSLjg5Djg4Pjg4bjg6rjg7wiIGJvcmRlcj0iMCI+PGJyPgogICAgICAgICAgICDoh6rli5Xou4rjg7sy6Lyq55So44Gq44Gp44CB55So6YCU5Yil44Gr5Y+W5omx77yBCiAgICAgICAgPC90ZD4KICAgIDwvdHI+CiAgICA8dHI+CiAgICAgICAgPHRkPgogICAgICAgICAgICA8aW1nIHNyYz0iaHR0cDovL2ltYWdlLnJha3V0ZW4uY28uanAvbmYvY2FiaW5ldC9pbWc2MDMxOTIyNy5qcGciIGFsdD0i44Ov44Kk44OR44O8IiBib3JkZXI9IjAiPjxicj4KICAgICAgICAgICAgUElBQeODu0JPU0NI44O7TldC44CA44Ov44Kk44OR44O85Yui5o+D44GECiAgICAgICAgPC90ZD4KICAgICAgICA8dGQ+PC90ZD4KICAgICAgICA8dGQ+CiAgICAgICAgICAgIDxpbWcgc3JjPSJodHRwOi8vaW1hZ2UucmFrdXRlbi5jby5qcC9uZi9jYWJpbmV0L2ltZzYwMzE5MjE2LmpwZyIgYWx0PSLjgqjjgqLjgrPjg7Pjg5XjgqPjg6vjgr/jg7wiIGJvcmRlcj0iMCI+PGJyPgogICAgICAgICAgICDjgqjjgqLjgrPjg7Pjg5XjgqPjg6vjgr/jg7zlkITnqK4KICAgICAgICA8L3RkPgogICAgPC90cj4KICAgIDx0cj4KICAgICAgICA8dGQ+CiAgICAgICAgICAgIDxpbWcgc3JjPSJodHRwOi8vaW1hZ2UucmFrdXRlbi5jby5qcC9uZi9jYWJpbmV0L2ltZzYwMzE5MjE4LmpwZyIgYWx0PSLjg5jjg4Pjg4njg6njg7Pjg5ciICBib3JkZXI9IjAiPjxicj4KICAgICAgICAgICAg44OQ44Or44OW44O744OY44OD44OJ44Op44Kk44OI44O7SElE44O744O744O7CiAgICAgICAgPC90ZD4KICAgICAgICA8dGQ+PC90ZD4KICAgICAgICA8dGQ+CiAgICAgICAgICAgIDxpbWcgc3JjPSJodHRwOi8vaW1hZ2UucmFrdXRlbi5jby5qcC9uZi9jYWJpbmV0L2ltZzYwMzE5MjIzLmpwZyIgYWx0PSLmtJfou4rnlKjlk4EiIGJvcmRlcj0iMCI+PGJyPgogICAgICAgICAgICDjgrfjg6XjgqLjg6njgrnjgr/jg7zjg7vjg6zjgqTjg7Pjgqjjg4Pjgq/jgrnjgarjgakKICAgICAgICA8L3RkPgogICAgPC90cj4KPC90YWJsZT4KCgo8cD4KICA8aW1nIHNyYz0iaHR0cDovL2ltYWdlLnJha3V0ZW4uY28uanAvbmYvY2FiaW5ldC9pbWc2MDMxOTI4OS5naWYiIGFsdD0iIiBib3JkZXI9IjAiPjxicj4KICA8YnI+CiAgPGI+54++5Zyo44Gu5Lq65rCX44Kr44O855So5ZOB44Gv44GT44KM77yBPC9iPjxicj4KPC9wPgoKPGJyPjxicj4=,TUlDUk8g5pel5pys44Oe44Kk44Kv44Ot44OV44Kj44Or44K/44O85bel5qWtIOOCqOOCouOCs+ODs+ODleOCo+ODq+OCv+ODvCDjgrzjgqrjg6njgqTjg4jjg5fjg6njgrkg44Oe44OE44OAIOOCouOCr+OCu+ODqSBCTTVGUCBCTTVBUCBCTTVGUyBCTTVBUyBCTUVGUyBCTTJGUyAyMDEz5bm0MTHmnIjvvZ4gW1JDRjg4NTZd77ya44Kr44O855So5ZOB5Y245ZWP5bGL44CA44OL44Ol44O844OV44Ot44Oz44OG44Ki,44Kr44O855So5ZOB44Kr44O844OK44OT44Ky44O844K344On44Oz44Kr44O844Kq44O844OH44Kj44Kq55uX6Zuj6K2m5aCx5qmf44Oq44Oi44Kz44Oz44Ko44Oz44K444Oz44K544K/44O844K/44O844Kk44Oq44K444Km44Og44OX44Op44Kw44K344Oq44Kz44Oz44OX44Op44Kw44Kz44O844OJ44Kt44Oj44Oq44Ki77yl77y077yj6LuK6LyJ5ZmoSElE44OV44Kj44Or44Og44Ki44Oz44OG44OK44Oh44O844K/44O844OH44Kj44OD44Kt44O844K644OQ44Kk44Kv55So5ZOB44Kk44Oz44OQ44O844K/44O844K544OU44O844Kr44O8RFZE44K744Kt44Ol44Oq44OG44Kj44Os44O844OA44O85o6i55+l5qmf44OQ44OD44OG44Oq44O8TUlDUk8g5pel5pys44Oe44Kk44Kv44Ot44OV44Kj44Or44K/44O85bel5qWtIOOCqOOCouOCs+ODs+ODleOCo+ODq+OCv+ODvCDjgrzjgqrjg6njgqTjg4jjg5fjg6njgrkg44Oe44OE44OAIOOCouOCr+OCu+ODqSBCTTVGUCBCTTVBUCBCTTVGUyBCTTVBUyBCTUVGUyBCTTJGUyAyMDEz5bm0MTHmnIjvvZ4gW1JDRjg4NTZd,6YCB5paZ54Sh5paZ4oC75rKW57iEL+mbouWztuWIpeaWmemHkeOAgk1JQ1JPIOaXpeacrOODnuOCpOOCr+ODreODleOCo+ODq+OCv+ODvOW3pealrSDjgqjjgqLjgrPjg7Pjg5XjgqPjg6vjgr/jg7wg44K844Kq44Op44Kk44OI44OX44Op44K5IOODnuODhOODgCDjgqLjgq/jgrvjg6kgQk01RlAgQk01QVAgQk01RlMgQk01QVMgQk1FRlMgQk0yRlMgMjAxM+W5tDEx5pyI772eIFtSQ0Y4ODU2XQ==[rn]
21-63174,aHR0cDovL3RzaG9wLnIxMHMuanAvYXV0b3BhcnRzLWFnZW5jeS9jYWJpbmV0L3R1bmluZzIwMC9hcF9haXJjb25maWx0ZXJfMS5qcGc/Zml0aW49NzAwOjcwMA==,ODA2LjQwMDA=,,6LuK55So5ZOB44O744OQ44Kk44Kv55So5ZOBID4g44Kr44O855So5ZOBID4g44OQ44OD44OG44Oq44O844O744Oh44Oz44OG44OK44Oz44K555So5ZOBID4g44OV44Kj44Or44K/44O8ID4g44Ko44Ki44Kz44Oz44OV44Kj44Or44K/44O8,QVAg44Ko44Ki44Kz44Oz44OV44Kj44Or44K/44O8IOODnuODhOODgCDjgqLjg4bjg7PjgrYg44K744OA44OzIEdIRUZQR0g1QVBHSDVGUCAyMDA45bm0MDHmnIjvvZ4yMDEy5bm0MTHmnIg=,44CA,44CAPGltZyBzcmM9Imh0dHA6Ly9pbWFnZS5yYWt1dGVuLmNvLmpwL2F1dG9wYXJ0cy1hZ2VuY3kvY2FiaW5ldC9pbWFnZXMvdGFubm9raS5naWYiIGFsdD0i5Zyo5bqrIj48YnI+PGJyPuWFpeaVsO+8mjHlgIs8YnI+PGJyPui7iuOBruOCqOOCouOCs+ODs+WGheOBq+WPluOCiuS7mOOBkeOAgeiKseeyieOChOOBu+OBk+OCiuOCkumZpOWOu+OBl+OAgei7iuWGheOCkuW/q+mBqeOBq+OBmeOCi+ODleOCo+ODq+OCv+ODvOOBp+OBmeOAgjxicj7pq5jlk4Hos6rjgarnuYrntq3jgpLkvb/nlKjjgZfplbfmnJ/plpPjga7kvb/nlKjjgpLlj6/og73jgavjgZfjgb7jgZfjgZ/jgII8YnI+PGJyPuOAkOS6pOaPm+aZguacn+OAkTxicj7jgIzjgq3jg6Pjg5Pjg7Pjg5XjgqPjg6vjgr/jgI3jga/kuqTmj5vpg6jlk4HjgafjgZnjgII8YnI+5Y+W5LuY5b6M44CBMeW5tOmWk+OBguOCi+OBhOOBrzE1LDAwMGtt44KS55uu5a6J44Gr5Lqk5o+b44GZ44KL44GT44Go44KS44GK44GZ44GZ44KB44GX44G+44GZ44CCPGJyPjxicj7ms6gpIOOBlOS9v+eUqOOBrueSsOWig+OBq+OCiOOCiuWvv+WRveOBjOeVsOOBquOCiuOBvuOBmeOBruOBp+OAgeapn+iDveS9juS4i+OChOebruipsOOBvuOCiuOBq+OCiOOCi+miqOmHj+S9juS4i+OBjOeUn+OBmOOBn+mam+OBq+OBr+OAgeOBiuaXqeOCgeOBruS6pOaPm+OCkuOBiumhmOOBhOiHtOOBl+OBvuOBmeOAgjxicj48YnI+5Y+C6ICD57SU5q2j5ZOB55Wq77yaR0o2Qi02MS1QMTEsR0o2QS02MS1QMTFBLEdTMUQtNjEtUDExPGJyPjxicj7ku5bnpL7lj4LogIPlk4HnlarvvJpDTUEtNTAyPGJyPue0lOato+WPguiAg+WTgeeVqu+8mkdKNkItNjEtUDExLEdKNkEtNjEtUDExQSxHUzFELTYxLVAxMTxicj48YnI+4pag6YGp5ZCI6LuK56iuPGJyPuODnuODhOODgCDjgqLjg4bjg7PjgrYg44K744OA44OzPGJyPkdIRUZQLEdINUFQLEdINUZQIDIwMDjlubQwMeaciO+9njIwMTLlubQxMeaciDxicj48YnI+PGI+PGZvbnQgY29sb3I9InJlZCI+44GT44Gh44KJ44Gu5ZWG5ZOB44Gv6YGp5ZCI56K66KqN44GM5b+F44Ga5b+F6KaB44Gn44GZ44CCPGJyPuOCq+ODvOODiOOBq+WFpeOCjOOBn+W+jOOAgeazqOaWh+ODleOCqeODvOODoOOBruWCmeiAg+ashOOBq+i7iui8jOaDheWgseOCkuOBlOWFpeWKm+OBj+OBoOOBleOBhOOAgjxicj7ou4rovIzmg4XloLHjgYzjgYLjgorjgb7jgZvjgpPjgajjgIHlho3luqbou4rovIzmg4XloLHjgpLjgYrkvLrjgYTjgZnjgovloLTlkIjjgoLjgYLjgornmbrpgIHjgavjgYrmmYLplpPjgYzjgYvjgYvjgorjgb7jgZnjga7jgafjgZTljZTlipvjga7nqIvlrpzjgZfjgY/jgYrpoZjjgYTjgYTjgZ/jgZfjgb7jgZnjgII8L2ZvbnQ+PC9iPjxicj48YnI+4pag5ZOB55WqPGJyPkFQQ0YtTVowMDE8YnI+4pag6Zai6YCj5LqL6aCFPGJyPjAgR0o2Qi02MS1QMTEsR0o2QS02MS1QMTFBLEdTMUQtNjEtUDExIOOCreODo+ODk+ODs+ODleOCo+ODq+OCv+ODvCDjgq3jg6Pjg5Pjg7Pjg5XjgqPjg6vjgr8g44Ko44Ki44Kz44Oz44OV44Kj44Or44K/IOOCqOOCouOCs+ODs+OCr+ODquODvOODs+ODleOCo+ODq+OCv+ODvCDjgqjjgqLjgrPjg7Pjgq/jg6rjg7zjg7Pjg5XjgqPjg6vjgr8g44Kv44Oq44O844Oz44OV44Kj44Or44K/44O8IOOCr+ODquODvOODs+ODleOCo+ODq+OCvyDjgqvjg7zjgqjjgqLjgrPjg7Mg44Kr44O844Ko44Ki44Kz44Oz44OV44Kj44Or44K/44O8IOOCq+ODvOOCqOOCouOCs+ODs+ODleOCo+ODq+OCvyDjgqjjgqLjgrPjg7Mg44Kt44Oj44OT44OzIOODleOCo+ODq+OCv+ODvCDjg5XjgqPjg6vjgr8g44OA44OD44K344Ol44Oc44O844OJPGJyPuKWoOmBqeWQiOaDheWgsTxicj5NQVpEQTxicj7ilqDjgZ3jga7ku5Y8YnI+YXV0b21vYmlsZSBtb3RvcmNhciDjgqrjg7zjg4jjg6Ljg7zjg5Pjg6sg44Oi44O844K/44O844Kr44O8IOOCq+ODvCDou4og6Ieq5YuV6LuKIOi7iuS4oTxkaXYgc3R5bGU9Im1hcmdpbi1ib3R0b206MjBweDt0ZXh0LWFsaWduOmNlbnRlcjsiPjxpbWcgc3JjPSJodHRwOi8vaW1hZ2UucmFrdXRlbi5jby5qcC9hdXRvcGFydHMtYWdlbmN5L2NhYmluZXQvbmV3X2F0dGVudGlvbi5naWYiIGJvcmRlcj0iMCIgYWx0PSLntI3mnJ/jg7vllYblk4HjgavjgaTjgYTjgabjga7ms6jmhI/kuovpoIXjgafjgZnjgILnorroqo3jgY/jgaDjgZXjgYQiID4KPC9kaXY+,QVAg44Ko44Ki44Kz44Oz44OV44Kj44Or44K/44O8IOODnuODhOODgCDjgqLjg4bjg7PjgrYg44K744OA44OzIEdIRUZQR0g1QVBHSDVGUCAyMDA45bm0MDHmnIjvvZ4yMDEy5bm0MTHmnIjvvJrjgqrjg7zjg4jjg5Hjg7zjg4Tjgqjjg7zjgrjjgqfjg7Pjgrfjg7w=,44Kr44O844OR44O844OEIOOCquODvOODiOODkeODvOODhCDoh6rli5Xou4rpg6jlk4Eg44Kr44O855So5ZOB44OW44Os44O844Kt44OR44OD44OJ6LuK6auY6Kq/44Kt44OD44OI44Oe44OV44Op44O844Ko44Ki44Kz44Oz44OV44Kj44Or44K/44O844OJ44Op44Kk44OW44K344Oj44OV44OI44K544OG44Ki44Oq44Oz44Kw44OW44O844OE44OQ44OD44OG44Oq44O844K144K544Oa44Oz44K344On44Oz44Ko44Ki44OV44Kj44Or44K/44O8QVAg44Ko44Ki44Kz44Oz44OV44Kj44Or44K/44O8IOODnuODhOODgCDjgqLjg4bjg7PjgrYg44K744OA44OzIEdIRUZQR0g1QVBHSDVGUCAyMDA45bm0MDHmnIjvvZ4yMDEy5bm0MTHmnIg=,44CA44CCQVAg44Ko44Ki44Kz44Oz44OV44Kj44Or44K/44O8IOODnuODhOODgCDjgqLjg4bjg7PjgrYg44K744OA44OzIEdIRUZQR0g1QVBHSDVGUCAyMDA45bm0MDHmnIjvvZ4yMDEy5bm0MTHmnIg=[rn]
21-63175,aHR0cDovL3RzaG9wLnIxMHMuanAvYXVjLWh5LWNvbXBhbnkvY2FiaW5ldC8wMjg0MDM3MS9pbWdyYzAwNjQ1MDk5MDIuanBnP2ZpdGluPTcwMDo3MDA=,MTMzNi4wMDAw,,6LuK55So5ZOB44O744OQ44Kk44Kv55So5ZOBID4g44Kr44O855So5ZOBID4g44OQ44OD44OG44Oq44O844O744Oh44Oz44OG44OK44Oz44K555So5ZOBID4g44OV44Kj44Or44K/44O8ID4g44Ko44Ki44Kz44Oz44OV44Kj44Or44K/44O8,44CQ5Luj5byV44GN44Gv5LiN5Y+v44CR44CQ6YCB5paZ54Sh5paZ44CR44CQ5Y2z5pel55m66YCB44CR44Ko44Og44Oq44OD44OI44OV44Kj44Or44K/44O8IEQtMDEwIOiHquWLlei7iueUqOOCqOOCouOCs+ODs+ODleOCo+ODq+OCv+ODvOOAgOODj+ODquOCouODvGJC44OX44Oq44Km44K544OW44Os44Kk44OJ44OX44Os44Of44Kq44OX44Ot44Oc44OD44Kv44K544OZ44Or44K/562J44CAMTAyMV9mbGFzaA==,5pel5pys5Zu95YaF6KO96YCg44Gu5qW15Y6a6Ieq5YuV6LuK55So44Ko44Ki44Kz44Oz44OV44Kj44Or44K/44O8,PEltZyBTcmM9Imh0dHA6Ly9pbWFnZS5yYWt1dGVuLmNvLmpwL2F1Yy1oeS1jb21wYW55L2NhYmluZXQvMDI5NDU1MDIvaW1ncmMwMDY0NTI1MzA4LmdpZiIgQm9yZGVyPSIwIj48YnI+CjxJbWcgU3JjPSJodHRwOi8vaW1hZ2UucmFrdXRlbi5jby5qcC9hdWMtaHktY29tcGFueS9jYWJpbmV0LzAyOTQ1NTAyL2ltZ3JjMDA2NDUyNTQ1NS5qcGciIEJvcmRlcj0iMCI+PGJyPgo8SW1nIFNyYz0iaHR0cDovL2ltYWdlLnJha3V0ZW4uY28uanAvYXVjLWh5LWNvbXBhbnkvY2FiaW5ldC8wMjk0NTUwMi9pbWdyYzAwNjQ1MjU0NTYuanBnIiBCb3JkZXI9IjAiPjxicj4KPEltZyBTcmM9Imh0dHA6Ly9pbWFnZS5yYWt1dGVuLmNvLmpwL2F1Yy1oeS1jb21wYW55L2NhYmluZXQvMDI5NDU1MDIvaW1ncmMwMDY0NTI1NDU3LmpwZyIgQm9yZGVyPSIwIj48YnI+CjxJbWcgU3JjPSJodHRwOi8vaW1hZ2UucmFrdXRlbi5jby5qcC9hdWMtaHktY29tcGFueS9jYWJpbmV0LzAyOTQ1NTAyL2ltZ3JjMDA2NDUyNTQ1OC5qcGciIEJvcmRlcj0iMCI+PGJyPgo8SW1nIFNyYz0iaHR0cDovL2ltYWdlLnJha3V0ZW4uY28uanAvYXVjLWh5LWNvbXBhbnkvY2FiaW5ldC8wMjk0NTUwMi9pbWdyYzAwNjQ1MjU0NTkuanBnIiBCb3JkZXI9IjAiPjxicj4KPEltZyBTcmM9Imh0dHA6Ly9pbWFnZS5yYWt1dGVuLmNvLmpwL2F1Yy1oeS1jb21wYW55L2NhYmluZXQvMDI5NDU1MDIvaW1ncmMwMDY0NTI1NDYwLmpwZyIgQm9yZGVyPSIwIj48Rm9udCBTaXplPSIyIiBDb2xvcj0iI2ZmMDAwMCI+4oC75rOo5oSPPGJyPgrjgZPjga7llYblk4Hjga/jgIxELTAxMOOAjeOBp+OBmeOAgjxicj4K44GK5a6i5qeY44GM56K66KqN44GX44KE44GZ44GE44KI44GG44Gr6YGp5ZCI6LuK56iu5Yil44Gr44KC44Oa44O844K444KS5YiG44GR44Gm5o6y6LyJ44GX44Gm44GK44KK44G+44GZ44CCPGJyPgrjganjga7jg5rjg7zjgrjjgafjgZTos7zlhaXjgYTjgZ/jgaDjgYTjgabjgoLlpKfkuIjlpKvjgafjgZnjgII8YnI+CuWIhuOBi+OCiuOBpeOCieOBhOOBquOBqeOBrueQhueUseOBp+a3t+S5seOBleOBm+OBpuOBhOOCi+OCiOOBhuOBp+OBl+OBn+OCieeUs+OBl+ios+OBlOOBluOBhOOBvuOBm+OCk+OAgjxicj4K44GK5a6i5qeY44Gu5oSb6LuK44Gr6YGp5ZCI44GZ44KL44GL5LiN5piO44Gq5pmC44Gv5b2T56S+44Gn56K66KqN44GX44G+44GZ44Gu44Gn44GU6YGg5oWu44Gq44GP44GU6YCj57Wh5LiL44GV44GE44CCPGJyPgrpm7voqbHvvJowNTItNjE0LTA3OTAo5bGx55Sw44G+44GnKTwvRm9udD48YnI+PGJyPgoKUE0yLjXjgIHoirHnsonjgIHln4PjgIHjgavjgYrjgYTjgpLpmaTljrvjgZfjgq/jg6rjg7zjg7Pjgarou4rlhoXnkrDlooPjgpLmlbTjgYjjgb7jgZnvvIE8YnI+PGJyPgoK44Ko44Og44Oq44OD44OI44OV44Kj44Or44K/44O844KS5qeL5oiQ44GZ44KL5Z+644Gv44CB5aSa5bGk5qeL6YCg5oqA6KGT77yITXVsdGkgTGF5ZXIgSW50ZWdyYXRpb24gVGVjaG5vbG9nee+8iTxicj4KCuWOs+mBuOOBl+OBn+alteWOmuOBquWkmuWxpOWMluODleOCo+ODq+OCv+ODvOOBr+OAgemAmumBjuOBmeOCi+Wkp+awl+OCkuS9leW6puOCguODleOCo+ODq+OCv+ODvOe5iue2reOBq+OBtuOBpOOBkeOCi+OBk+OBqOOBp+WQuOedgOiDveOCkumrmOOCgeOBpuOBhOOBquOBjOOCiemAmuawl+eJueaAp+OCkuS9juS4i+OBleOBm+OBquOBhOeLrOiHquOBruODleOCo+ODq+OCv+ODvOani+mAoOOBp+OBmeOAgjxicj4K44OV44Kj44Or44K/44O844GM5o2J44GI44KL44Ob44Kz44Oq44Gr44Gv5aSn5rCX5Lit44Gu5bCP44GV44Gq6Jmr44Gq44Gp44Gu55Sf54mp6aGe44KC5aSa44GP44CB44Gd44Gu5q276aq444Gq44Gp44GL44KJ44Gu57Sw6I+M5aKX5q6W44KS5oqR5Yi244GZ44KL5oqX6I+M6Ziy6Iet5qmf6IO944KS5pyJ44GX44Gm44GE44G+44GZ44CCPGJyPuOAgArjgZXjgonjgavjgIHmjYnjgYjjgZ/jg5vjgrPjg6rjga/mpbXljprjgarlpJrlsaTljJbjg5XjgqPjg6vjgr/jg7zlhoXjgYznuYrntq3plpPjgavpganluqbjgarnqbrplpPjgpLmnInjgZnjgovngrrjgIHpganliIfjgavphY3nva7jgZXjgozpgJrmsJfmgKfog73jgpLmjIHntprnmoTjgavnorrkv53jgZXjgZvjgb7jgZnjgII8YnI+PGJyPgoK5aSa5bGk44OV44Kj44Or44K/44O857Sg5p2Q44KS6YeR5Z6L5YaF44Gn44Kq44O844OQ44O844Oi44O844Or44OJ44GV44Gb44KL5LiW55WM44Gn5ZSv5LiA44Gu54us6Ieq5bel5rOV44Gv44CB5qeL6YCg5pSv5oyB5L2T44Gn44GC44KK44Gq44GM44KJ44CB6auY44GE5aSJ5b2i6IO944KS5pyJ44GX44Gm44GK44KK5aSa5qeY44Gq6LuK56iu44Gr44K444Oj44K544OI44OV44Kj44OD44OI44GX44G+44GZ44CCPGJyPgrjgZXjgonjgavlj5bku5jmmYLjgavjga/mn5Tou5/jgavlpInlvaLjgZfjgarjgYzjgonjgoLjg5XjgqPjg6vjgr/jg7zpg6jkvY3jgoLmp4vpgKDkvZPjgajjgZfjgaboh6rjgonlvaLjgpLmlbTjgYjjgovnlLvmnJ/nmoTjgaroo73lk4HjgafjgZnjgII8YnI+PGJyPgoK4pag6YGp5ZCI6LuK56iu44CA4oC76YGp5ZCI6KGo44KS44GU56K66KqN5LiL44GV44GE44CCPGJyPgril4/jg4jjg6jjgr8gPGJyPgrjg7vjg4/jg6rjgqLjg7wgWlNVNjBXIDIwMTMvMTLvvZ48YnI+CuODu+ODj+ODquOCouODvOODj+OCpOODluODquODg+ODiSBBVlU2NVcgMjAxNC8x772ePGJyPgrjg7tiQiBRTkMyIyAyMDA1LzEy772ePGJyPgrjg7vjg5fjg6rjgqbjgrkgWlZXMzAgMjAwOS81772ePGJyPgrjg7vjg5fjg6rjgqbjgrnOsSBaVlc0MC80MSAyMDExLzXvvZ48YnI+CuODu+ODluODrOOCpOODiSBBWkUxNSMvR1JFMTU2IDIwMDYvMTLvvZ4yMDEyLzQ8YnI+CuODu+ODl+ODrOODn+OCqiBOWlQyNiBaUlQyNiPjgIAyMDA3LzbvvZ48YnI+CuODu+ODl+ODreODnOODg+OCr+OCuSBOU1AxNjBWLzE2NVYgMjAxNC85772ePGJyPgrjg7vjg5njg6vjgr8gS1NQOTIvU0NQOTLjgIBOQ1A5NuOAgDIwMDUvMTHvvZ4yMDEyLzY8YnI+CuOBneOBruS7luWkmuaVsDxicj48YnI+Cgril4/jg6zjgq/jgrXjgrkgPGJyPgpJU+ODu0lTLUbjg7tSWOODu0hT44O7Q1Tjg7tHU+ODu0xT44O7TEZBIDxicj48YnI+Cgril4/jgrnjg5Djg6sgPGJyPgpERVjjg7vjg4jjg6zjgrjjgqLjg7vjg6zjgqzjgrfjgqPjgqLjgqbjg4jjg5Djg4Pjgq/jg7vjg6zjgqzjgrfjgqPjg4Tjg7zjg6rjg7PjgrDjg6/jgrTjg7PnrYk8YnI+PGJyPgoK4peP44OA44Kk44OP44OEIDxicj4K44Ki44Or44OG44Kj44K544O744Kv44O844O744OW44O844Oz44O744OW44O844Oz44Or44Of44OK44K544O744Oh44OT44Km44K5PGJyPjxicj4gCgril4/jg57jg4Tjg4AgPGJyPgrjgqLjgq/jgrvjg6njg4/jgqTjg5bjg6rjg4Pjg4k8YnI+PGJyPiAKCuKXj+aXpeeUoyA8YnI+Ck5WMzUw44CA44Kt44Oj44Op44OQ44OzPFRBQkxFIGJvcmRlcj0iMSIgY2VsbHNwYWNpbmc9IjAiIGNlbGxwYWRkaW5nPSIyIiBpZD0iSFBCX1RBQkxFXzFfQV8xMjAzMjUxMDEzNDYiIGNsYXNzPSJocGItY250LXRiMSI+CiAgICA8VFI+CiAgICA8VEQgY2xhc3M9ImhwYi1jbnQtdGItY2VsbDIiIGNvbHNwYW49IjUiIGFsaWduPSJjZW50ZXIiIHN0eWxlPSJiYWNrZ3JvdW5kLWNvbG9yIDogb3JhbmdlOyI+PEZPTlQgc2l6ZT0iKzEiPjxCPgoJ772eIOW9k+W6l+OBruWjsuOCjOeti+WVhuWTgeODmeOCueODiDUg772ePC9CPjwvRk9OVD48L1REPgogICAgPC9UUj4KICAgIDxUUj4KICAgIDxURCBjbGFzcz0iaHBiLWNudC10Yi1jZWxsMiI+PElNRyBzcmM9Imh0dHA6Ly9pbWFnZS5yYWt1dGVuLmNvLmpwL2F1Yy1oeS1jb21wYW55L2NhYmluZXQvMDI4NDg3MDUvMDI4NjI4NTYvMDI4NjI4NjIvaW1nNjE2OTI0ODUuanBnIiB3aWR0aD0iMTQ1IiBoZWlnaHQ9IjE0NSIgYm9yZGVyPSIwIj48L1REPgogICAgIDxURCBjbGFzcz0iaHBiLWNudC10Yi1jZWxsMiI+PElNRyBzcmM9Imh0dHA6Ly9pbWFnZS5yYWt1dGVuLmNvLmpwL2F1Yy1oeS1jb21wYW55L2NhYmluZXQvMDQwODAzMDcvMDQwODAzMDgvaW1nNjMxMzQzODQuanBnIiB3aWR0aD0iMTQ1IiBoZWlnaHQ9IjE0NSIgYm9yZGVyPSIwIj48L1REPgogICAgPFREIGNsYXNzPSJocGItY250LXRiLWNlbGwyIj48SU1HIHNyYz0iaHR0cDovL2ltYWdlLnJha3V0ZW4uY28uanAvYXVjLWh5LWNvbXBhbnkvY2FiaW5ldC8wNDA4MDMwNy8wNDA4MDMwOC9pbWdyYzAwNjQyODQxNDYuanBnIiB3aWR0aD0iMTQ1IiBoZWlnaHQ9IjE0NSIgYm9yZGVyPSIwIj48L1REPgogICAgPFREIGNsYXNzPSJocGItY250LXRiLWNlbGwyIj48SU1HIHNyYz0iaHR0cDovL2ltYWdlLnJha3V0ZW4uY28uanAvYXVjLWh5LWNvbXBhbnkvY2FiaW5ldC8wNDA4MDMwNy8wNDA4MDMwOC9pbWdyYzAwNjQyODQxNDcuanBnIiB3aWR0aD0iMTQ1IiBoZWlnaHQ9IjE0NSIgYm9yZGVyPSIwIj48L1REPgogICAgPFREIGNsYXNzPSJocGItY250LXRiLWNlbGwyIj48SU1HIHNyYz0iaHR0cDovL2ltYWdlLnJha3V0ZW4uY28uanAvYXVjLWh5LWNvbXBhbnkvY2FiaW5ldC8wNDA4MDMwNy8wNDA4MDMwOS9pbWdyYzAwNjQ0NDMwODEuanBnIiB3aWR0aD0iMTQ1IiBoZWlnaHQ9IjE0NSIgYm9yZGVyPSIwIj48L1REPgogICAgPC9UUj4KPC9UQUJMRT4KPFRBQkxFPgogIDxUQk9EWT4KICAgIDxUUj4KICAgICAgPFREIGNvbHNwYW49IjUiPjxJTUcgc3JjPSJodHRwOi8vaW1hZ2UucmFrdXRlbi5jby5qcC9hdWMtaHktY29tcGFueS9jYWJpbmV0LzAyODQwMzY2L2ltZzU4NDMyNTIzLmpwZyIgd2lkdGg9Ijc2MCIgaGVpZ2h0PSIzNSIgYm9yZGVyPSIwIj48L1REPgogICAgPC9UUj4KPC9UQUJMRT4=,44CQ5Luj5byV44GN44Gv5LiN5Y+v44CR44CQ6YCB5paZ54Sh5paZ44CR44CQ5Y2z5pel55m66YCB44CR44Ko44Og44Oq44OD44OI44OV44Kj44Or44K/44O8IEQtMDEwIOiHquWLlei7iueUqOOCqOOCouOCs+ODs+ODleOCo+ODq+OCv+ODvOOAgOODj+ODquOCouODvGJC44OX44Oq44Km44K544OW44Os44Kk44OJ44OX44Os44Of44Kq44OX44Ot44Oc44OD44Kv44K544OZ44Or44K/562J44CAMTAyMV9mbGFzaO+8mu+8qO+8ueOCq+ODs+ODkeODi+ODvA==,R1BT44Os44O844OA44O85o6i55+l5qmf44OV44Kj44Oq44OD44OX44K5TEVESElE44Ki44Km44OI44Os44OD44OI44OJ44Op44Kk44OW44Os44Kz44O844OA44O85aSW6KOF44OR44O844OE5YaF6KOF44OR44O844OE44Ko44Ki44Kz44Oz44OV44Kj44Or44K/44O8WkVSTzEwMDAgTEVE44Or44O844Og44Op44Oz44OX44Ko44Og44Oq44OD44OI44OV44Kj44Or44K/44O844K744Kr44Oz44OJ44K544OG44O844K444Om44OU44OG44Or44Kz44Og44OG44OD44Kv44K744Or44K544K/44O844Ki44Km44OI44OQ44O844Oz44Kv44Op44Oq44Kq44OzQlJJR0hUWOOCquODvOODiOOCsOODquODoOODtOOCoeODrOODs+ODhuOCo+OAkOS7o+W8leOBjeOBr+S4jeWPr+OAkeOAkOmAgeaWmeeEoeaWmeOAkeOAkOWNs+aXpeeZuumAgeOAkeOCqOODoOODquODg+ODiOODleOCo+ODq+OCv+ODvCBELTAxMCDoh6rli5Xou4rnlKjjgqjjgqLjgrPjg7Pjg5XjgqPjg6vjgr/jg7zjgIDjg4/jg6rjgqLjg7xiQuODl+ODquOCpuOCueODluODrOOCpOODieODl+ODrOODn+OCquODl+ODreODnOODg+OCr+OCueODmeODq+OCv+etieOAgDEwMjFfZmxhc2g=,5pel5pys5Zu95YaF6KO96YCg44Gu5qW15Y6a6Ieq5YuV6LuK55So44Ko44Ki44Kz44Oz44OV44Kj44Or44K/44O844CC44CQ5Luj5byV44GN44Gv5LiN5Y+v44CR44CQ6YCB5paZ54Sh5paZ44CR44CQ5Y2z5pel55m66YCB44CR44Ko44Og44Oq44OD44OI44OV44Kj44Or44K/44O8IEQtMDEwIOiHquWLlei7iueUqOOCqOOCouOCs+ODs+ODleOCo+ODq+OCv+ODvOOAgOODj+ODquOCouODvGJC44OX44Oq44Km44K544OW44Os44Kk44OJ44OX44Os44Of44Kq44OX44Ot44Oc44OD44Kv44K544OZ44Or44K/562J44CAMTAyMV9mbGFzaA==[rn]
21-63176,aHR0cDovL3RzaG9wLnIxMHMuanAvbmYvY2FiaW5ldC9yZy96d3AuanBnP2ZpdGluPTcwMDo3MDA=,MjYzMi4wMDAw,,6LuK55So5ZOB44O744OQ44Kk44Kv55So5ZOBID4g44Kr44O855So5ZOBID4g44OQ44OD44OG44Oq44O844O744Oh44Oz44OG44OK44Oz44K555So5ZOBID4g44OV44Kj44Or44K/44O8ID4g44Ko44Ki44Kz44Oz44OV44Kj44Or44K/44O8,TUlDUk8g5pel5pys44Oe44Kk44Kv44Ot44OV44Kj44Or44K/44O85bel5qWt44CQ5raI6Iet44O75oqX6I+M44K544OX44Os44O85LuY44GN44CRIOOCqOOCouOCs+ODs+ODleOCo+ODq+OCv+ODvCDjgrzjgqrjg6njgqTjg4jvvLfjg5fjg6njgrkg44Oe44OE44OAIOODk+OCouODs+ODhiBDQyMjVyAyMDA45bm0N+aciO+9niBbUkNGODg0NVdd,6YCB5paZ54Sh5paZ4oC75rKW57iEL+mbouWztuWIpeaWmemHkQ==,PGI+PGZvbnQgc2l6ZT0iNSIgY29sb3I9IiMwMDAwMDAiPuOCvOOCquODqeOCpOODiO+8t+ODl+ODqeOCueijveWTgeeJuemVtzwvZm9udD48YnI+PGJyPuKXjzxmb250IHNpemU9IjQiIGNvbG9yPSIjMDAwMGZmIj4z5bGk44OV44Kj44Or44K/44O85qeL6YCgPC9mb250Pu+8iOaWsOe0oOadkO+8ieOBq+OCiOOCiuOAgei7iuWGheOBrjxmb250IHNpemU9IjQiIGNvbG9yPSIjZmYwMDAwIj7nqbrmsJfjgpLlv6vpganjgavkv53jgaQ8L2ZvbnQ+44CCPGJyPjxicj7il48x5bGk55uu44Gr6Zu755+z5LiN57mU5biD77yI6Z2Z6Zu75rCX44KS5oyB44Gj44Gf57mK57at44Gn5L2c44KJ44KM44KL77yJ44Gr44KI44KLPGZvbnQgc2l6ZT0iNCIgY29sb3I9IiNmZjAwMDAiPuW+rueykuWtkOWQuOedgDwvZm9udD7jgII8YnI+PGJyPuKXjzLlsaTnm67jgavpq5jmgKfog73jgrzjgqrjg6njgqTjg4jvvIjmsrjnn7PvvInkuI3nuZTluIPjgavjgojjgos8Zm9udCBzaXplPSI0IiBjb2xvcj0iI2ZmMDAwMCI+5raI6Iet44CB5oqX6I+M5Yq55p6cPC9mb250PuOAgjxicj48YnI+4pePM+WxpOebruOBq+mYsuWhteeUqOS4jee5lOW4g+OBq+OCiOOCizxmb250IHNpemU9IjQiIGNvbG9yPSIjZmYwMDAwIj7lobXjgoToirHnsonjgpLjgq3jg6Pjg4Pjg4E8L2ZvbnQ+44CCPGJyPjxicj7il4/jgqrjg4njgqvjg4Pjg4jjgrnjg5fjg6zjg7zjgavjgojjgovjgIHjgqjjg5Djg53jg6zjg7zjgr/jg7zjgbjjga48Zm9udCBzaXplPSI0IiBjb2xvcj0iI2ZmMDAwMCI+5raI6Iet44CB5oqX6I+MPC9mb250PuOAgjxicj48YnI+4peP6JaE57eR6Imy44Gu5aSW6Kaz44Gv44CB5rGa44KM44Gf44KC44Gu44Go44Gu5q+U6LyD44KC44GX44KE44GZ44GE44CCPGJyPjxicj7jgJDkuqTmj5vnm67lronjgJE8YnI+MeW5tOOBqzHlm57jgIDjgb7jgZ/jga/jgIDotbDooYwxNSwwMDBrbTxicj48YnI+44CQ5pu044Gq44KL44OA44OW44Or5Yq55p6c44CRPGJyPuS7mOWxnuOBruOCquODieOCq+ODg+ODiOOCueODl+ODrOODvOOBr+OCqOODkOODneODrOODvOOCv+ODvOOBuOebtOaOpeOAgea2iOiHreODu+auuuiPjOOCueODl+ODrOODvOOCkuWZtOmcp+OBmeOCi+OBruOBp+a2iOiHreODu+auuuiPjOWKueaenOOBq+WEquOCjOOBpuOBiuOCiuOAgeWKueaenOOCgumVt+aZgumWk+aMgee2muOBl+OBvuOBmeOAgjwvYj48YnI+PGJyPjxicj48Yj7jgJDpganlkIjjgJE8YnI+PGJyPuODnuODhOODgCDjg5PjgqLjg7Pjg4Y8L2I+PGJyPjxicj7il4/ou4rkuKHlnovlvI/vvJpDQyMjVzxicj48YnI+4peP5bm05byP77yaMjAwOOW5tDfmnIjvvZ48bGVmdD4KPGI+4oC744GU5rOo5oSP5LqL6aCFPGJyPgrjgZTms6jmlofliY3jgavjg5rjg7zjgrjkuIvpg6jjga7jgZTliKnnlKjmoYjlhoXjgpLjgZTopqfjga7kuIrjgYrnlLPjgZfovrzjgb/kuIvjgZXjgYTjgII8YnI+CgrmjrLovInnlLvlg4/jga7lpJrjgY/jga/jgqTjg6Hjg7zjgrjnlLvlg4/jgajjgarjgaPjgabjgYrjgorjgb7jgZnjgII8YnI+Cgrlrp/pmpvjga7llYblk4Hjga7lk4HnlarjgIHoibLjgIHjgrXjgqTjgrrjgarjganjga/llYblk4HlkI3jgpLjgZTnorroqo3kuIvjgZXjgYTjgII8YnI+5qW95aSp5biC5aC044Gu44CO5Zyo5bqr44GC44KK44CP57We44KK6L6844G/5qSc57Si44Gn44Gv6LK344GE54mp5Y+v6IO944Gq44GZ44G544Gm44Gu5ZWG5ZOB77yI44GK5Y+W44KK5a+E44Gb5ZWG5ZOB44KE5LqI57SE5ZWG5ZOB5ZCr44KA77yJPGJyPuOBjOWcqOW6q+OBguOCiuOBqOihqOekuuOBleOCjOOBpuOBl+OBvuOBhOOBvuOBmeOAgjxicj4K5b2T56S+44Gu5aC05ZCI44CB5o6y6LyJ5Lit44Gu5ZWG5ZOB44Gv44CB44GU5rOo5paH5b6M44Gu44Oh44O844Kr44O855m65rOo5ZWG5ZOB44KS5aSa5pWw5ZCr44KT44Gn44GK44KK44G+44GZ44Gu44Gn44CBPGJyPu+8nOOBguOBmealveWvvuW/nO+8nuWVhuWTgeS7peWkluOBr+OBlOazqOaWh+W+jOOAgeOAjOasoOWTgeS4reOAjeOAjOeUn+eUo+e1guS6huOAjeetieOBruWgtOWQiOOCguOBlOOBluOBhOOBvuOBmeOAguS6iOOCgeOBlOS6huaJv+S4i+OBleOBhOOAgjxicj4KPC9iPgo8L2xlZnQ+CgoKPHN0eWxlIHR5cGU9InRleHQvY3NzIj4KCi5ibnJfbGlzdCB0ZHsKCXBhZGRpbmc6NXB4IDAgNXB4IDA7Cgl0ZXh0LWFsaWduOmNlbnRlcjsKCWZvbnQtc2l6ZToxMnB4Owp9Cjwvc3R5bGU+Cgo8dGFibGUgY2xhc3M9ImJucl9saXN0Ij4KCQkKICAgIDx0cj4KICAgICAgICA8dGQgd2lkdGg9IjM1MCI+CiAgICAgICAgICAgIDxpbWcgc3JjPSJodHRwOi8vaW1hZ2UucmFrdXRlbi5jby5qcC9uZi9jYWJpbmV0L2ltZzYwMzE5MjI0LmdpZiIgYWx0PSIiIGJvcmRlcj0iMCI+CiAgICAgICAgICAgIOS4gOe3kuOBq+azqOaWh+OBmeOCi+OBqOmAgeaWmeeEoeaWme+8geOBruOCq+ODvOeUqOWTgQogICAgICAgIDwvdGQ+CiAgICAgICAgPHRkIHdpZHRoPSIxMCI+PC90ZD4KICAgICAgICA8dGQgd2lkdGg9IjM1MCI+CiAgICAgICAgICAgIDxpbWcgc3JjPSJodHRwOi8vaW1hZ2UucmFrdXRlbi5jby5qcC9uZi9jYWJpbmV0L2ltZzYwMzE5MjE0LmpwZyIgYWx0PSIiIGJvcmRlcj0iMCI+CiAgICAgICAgICAgIOWPquS7iumAgeaWmeeEoeaWmeOCreODo+ODs+ODmuODvOODs+S4re+8gQogICAgICAgIDwvdGQ+CiAgICA8L3RyPgogICAgPHRyPgogICAgICAgIDx0ZD4KICAgICAgICAgICAgPGltZyBzcmM9Imh0dHA6Ly9pbWFnZS5yYWt1dGVuLmNvLmpwL25mL2NhYmluZXQvaW1nNjAzMTkyMjYuanBnIiBhbHQ9IiIgYm9yZGVyPSIwIj48YnI+CiAgICAgICAgICAgIERpY2tpZXMgUkVDQVJPIFdISVRFIEFSUk9XIOOBquOBqQogICAgICAgIDwvdGQ+CiAgICAgICAgPHRkPjwvdGQ+CiAgICAgICAgPHRkPgogICAgICAgICAgICA8aW1nIHNyYz0iaHR0cDovL2ltYWdlLnJha3V0ZW4uY28uanAvbmYvY2FiaW5ldC9pbWc2MDMxOTIyMS5qcGciIGFsdD0iIiAgYm9yZGVyPSIwIj48YnI+CiAgICAgICAgICAgIENFTExTVEFS44O7WVVQSVRFUlXjg7tDT01URUPjgarjgakKICAgICAgICA8L3RkPgogICAgPC90cj4KICAgIDx0cj4KICAgICAgICA8dGQ+CiAgICAgICAgICAgIDxpbWcgc3JjPSJodHRwOi8vaW1hZ2UucmFrdXRlbi5jby5qcC9uZi9jYWJpbmV0L2ltZzYwMzE5MjIyLmpwZyIgYWx0PSLjgqvjg7zjgrvjgq3jg6Xjg6rjg4bjgqMiICBib3JkZXI9IjAiPjxicj4KICAgICAgICAgICAgQ09NVEVD44O7S0FUTy1ERU5LSeODu1ZJU0lPTuOBquOBqQogICAgICAgIDwvdGQ+CiAgICAgICAgPHRkPjwvdGQ+CiAgICAgICAgPHRkPgogICAgICAgICAgICA8aW1nIHNyYz0iaHR0cDovL2ltYWdlLnJha3V0ZW4uY28uanAvbmYvY2FiaW5ldC9pbWc2MDMxOTIyNS5qcGciIGFsdD0i44Ko44Oz44K444Oz44K544K/44O844K/44O8IiBib3JkZXI9IjAiPjxicj4KICAgICAgICAgICAgQ0FSTUFUReODu0NPTVRFQ+ODu01JVFNVQkHjgarjgakKICAgICAgICA8L3RkPgogICAgPC90cj4KICAgIDx0cj4KICAgICAgICA8dGQ+CiAgICAgICAgICAgIDxpbWcgc3JjPSJodHRwOi8vaW1hZ2UucmFrdXRlbi5jby5qcC9uZi9jYWJpbmV0L2ltZzYwMzE5MjE5LmpwZyIgYWx0PSLjg6Hjg7zjgr/jg7wiIGJvcmRlcj0iMCI+PGJyPgogICAgICAgICAgICBQSVZPVOODu0hLU+ODu1VMVFJB44O7QkxJVFrjg7tBUEVY44Gq44GpCiAgICAgICAgPC90ZD4KICAgICAgICA8dGQ+PC90ZD4KICAgICAgICA8dGQ+CiAgICAgICAgICAgIDxpbWcgc3JjPSJodHRwOi8vaW1hZ2UucmFrdXRlbi5jby5qcC9uZi9jYWJpbmV0L2ltZzYwMzE5MjE3LmpwZyIgYWx0PSLjgq3jg6Pjg6rjgqIiIGJvcmRlcj0iMCI+PGJyPgogICAgICAgICAgICDjg6vjg7zjg5Xjgq3jg6Pjg6rjgqLjg7vjg5zjg4Pjgq/jgrnjg7vjg5XjgqPjg4Pjgrfjg7PjgrDjg7vjg7sKICAgICAgICA8L3RkPgogICAgPC90cj4KICAgIDx0cj4KICAgICAgICA8dGQ+CiAgICAgICAgICAgIDxpbWcgc3JjPSJodHRwOi8vaW1hZ2UucmFrdXRlbi5jby5qcC9uZi9jYWJpbmV0L2ltZzYwMzE5MjIwLmpwZyIgYWx0PSLjgqjjg7Pjgrjjg7PjgqrjgqTjg6siIGJvcmRlcj0iMCI+PGJyPgogICAgICAgICAgICBNb2JpbDHjg7tIS1Pjg7tSRURMSU5F44O744O744O75Y+W5omx5aSa5pWwCiAgICAgICAgPC90ZD4KICAgICAgICA8dGQ+PC90ZD4KICAgICAgICA8dGQ+CiAgICAgICAgICAgIDxpbWcgc3JjPSJodHRwOi8vaW1hZ2UucmFrdXRlbi5jby5qcC9uZi9jYWJpbmV0L2ltZzYwMzE5MjE1LmpwZyIgYWx0PSLjg5Djg4Pjg4bjg6rjg7wiIGJvcmRlcj0iMCI+PGJyPgogICAgICAgICAgICDoh6rli5Xou4rjg7sy6Lyq55So44Gq44Gp44CB55So6YCU5Yil44Gr5Y+W5omx77yBCiAgICAgICAgPC90ZD4KICAgIDwvdHI+CiAgICA8dHI+CiAgICAgICAgPHRkPgogICAgICAgICAgICA8aW1nIHNyYz0iaHR0cDovL2ltYWdlLnJha3V0ZW4uY28uanAvbmYvY2FiaW5ldC9pbWc2MDMxOTIyNy5qcGciIGFsdD0i44Ov44Kk44OR44O8IiBib3JkZXI9IjAiPjxicj4KICAgICAgICAgICAgUElBQeODu0JPU0NI44O7TldC44CA44Ov44Kk44OR44O85Yui5o+D44GECiAgICAgICAgPC90ZD4KICAgICAgICA8dGQ+PC90ZD4KICAgICAgICA8dGQ+CiAgICAgICAgICAgIDxpbWcgc3JjPSJodHRwOi8vaW1hZ2UucmFrdXRlbi5jby5qcC9uZi9jYWJpbmV0L2ltZzYwMzE5MjE2LmpwZyIgYWx0PSLjgqjjgqLjgrPjg7Pjg5XjgqPjg6vjgr/jg7wiIGJvcmRlcj0iMCI+PGJyPgogICAgICAgICAgICDjgqjjgqLjgrPjg7Pjg5XjgqPjg6vjgr/jg7zlkITnqK4KICAgICAgICA8L3RkPgogICAgPC90cj4KICAgIDx0cj4KICAgICAgICA8dGQ+CiAgICAgICAgICAgIDxpbWcgc3JjPSJodHRwOi8vaW1hZ2UucmFrdXRlbi5jby5qcC9uZi9jYWJpbmV0L2ltZzYwMzE5MjE4LmpwZyIgYWx0PSLjg5jjg4Pjg4njg6njg7Pjg5ciICBib3JkZXI9IjAiPjxicj4KICAgICAgICAgICAg44OQ44Or44OW44O744OY44OD44OJ44Op44Kk44OI44O7SElE44O744O744O7CiAgICAgICAgPC90ZD4KICAgICAgICA8dGQ+PC90ZD4KICAgICAgICA8dGQ+CiAgICAgICAgICAgIDxpbWcgc3JjPSJodHRwOi8vaW1hZ2UucmFrdXRlbi5jby5qcC9uZi9jYWJpbmV0L2ltZzYwMzE5MjIzLmpwZyIgYWx0PSLmtJfou4rnlKjlk4EiIGJvcmRlcj0iMCI+PGJyPgogICAgICAgICAgICDjgrfjg6XjgqLjg6njgrnjgr/jg7zjg7vjg6zjgqTjg7Pjgqjjg4Pjgq/jgrnjgarjgakKICAgICAgICA8L3RkPgogICAgPC90cj4KPC90YWJsZT4KCgo8cD4KICA8aW1nIHNyYz0iaHR0cDovL2ltYWdlLnJha3V0ZW4uY28uanAvbmYvY2FiaW5ldC9pbWc2MDMxOTI4OS5naWYiIGFsdD0iIiBib3JkZXI9IjAiPjxicj4KICA8YnI+CiAgPGI+54++5Zyo44Gu5Lq65rCX44Kr44O855So5ZOB44Gv44GT44KM77yBPC9iPjxicj4KPC9wPgoKPGJyPjxicj4=,TUlDUk8g5pel5pys44Oe44Kk44Kv44Ot44OV44Kj44Or44K/44O85bel5qWt44CQ5raI6Iet44O75oqX6I+M44K544OX44Os44O85LuY44GN44CRIOOCqOOCouOCs+ODs+ODleOCo+ODq+OCv+ODvCDjgrzjgqrjg6njgqTjg4jvvLfjg5fjg6njgrkg44Oe44OE44OAIOODk+OCouODs+ODhiBDQyMjVyAyMDA45bm0N+aciO+9niBbUkNGODg0NVdd77ya44Kr44O855So5ZOB5Y245ZWP5bGL44CA44OL44Ol44O844OV44Ot44Oz44OG44Ki,44Kr44O855So5ZOB44Kr44O844OK44OT44Ky44O844K344On44Oz44Kr44O844Kq44O844OH44Kj44Kq55uX6Zuj6K2m5aCx5qmf44Oq44Oi44Kz44Oz44Ko44Oz44K444Oz44K544K/44O844K/44O844Kk44Oq44K444Km44Og44OX44Op44Kw44K344Oq44Kz44Oz44OX44Op44Kw44Kz44O844OJ44Kt44Oj44Oq44Ki77yl77y077yj6LuK6LyJ5ZmoSElE44OV44Kj44Or44Og44Ki44Oz44OG44OK44Oh44O844K/44O844OH44Kj44OD44Kt44O844K644OQ44Kk44Kv55So5ZOB44Kk44Oz44OQ44O844K/44O844K544OU44O844Kr44O8RFZE44K744Kt44Ol44Oq44OG44Kj44Os44O844OA44O85o6i55+l5qmf44OQ44OD44OG44Oq44O8TUlDUk8g5pel5pys44Oe44Kk44Kv44Ot44OV44Kj44Or44K/44O85bel5qWt44CQ5raI6Iet44O75oqX6I+M44K544OX44Os44O85LuY44GN44CRIOOCqOOCouOCs+ODs+ODleOCo+ODq+OCv+ODvCDjgrzjgqrjg6njgqTjg4jvvLfjg5fjg6njgrkg44Oe44OE44OAIOODk+OCouODs+ODhiBDQyMjVyAyMDA45bm0N+aciO+9niBbUkNGODg0NVdd,6YCB5paZ54Sh5paZ4oC75rKW57iEL+mbouWztuWIpeaWmemHkeOAgk1JQ1JPIOaXpeacrOODnuOCpOOCr+ODreODleOCo+ODq+OCv+ODvOW3pealreOAkOa2iOiHreODu+aKl+iPjOOCueODl+ODrOODvOS7mOOBjeOAkSDjgqjjgqLjgrPjg7Pjg5XjgqPjg6vjgr/jg7wg44K844Kq44Op44Kk44OI77y344OX44Op44K5IOODnuODhOODgCDjg5PjgqLjg7Pjg4YgQ0MjI1cgMjAwOOW5tDfmnIjvvZ4gW1JDRjg4NDVXXQ==[rn]
21-63177,aHR0cDovL3RzaG9wLnIxMHMuanAvYXV0b3BhcnRzLWFnZW5jeS9jYWJpbmV0L3R1bmluZzIwMC9hcF9haXJjb25maWx0ZXJfMS5qcGc/Zml0aW49NzAwOjcwMA==,ODA2LjQwMDA=,,6LuK55So5ZOB44O744OQ44Kk44Kv55So5ZOBID4g44Kr44O855So5ZOBID4g44OQ44OD44OG44Oq44O844O744Oh44Oz44OG44OK44Oz44K555So5ZOBID4g44OV44Kj44Or44K/44O8ID4g44Ko44Ki44Kz44Oz44OV44Kj44Or44K/44O8,QVAg44Ko44Ki44Kz44Oz44OV44Kj44Or44K/44O8IOODnuODhOODgCDjg4fjg5/jgqogRFkzVy9SRFk1Vy9SIDIwMDLlubQwOOaciO+9njIwMDflubQwN+aciA==,44CA,44CAPGltZyBzcmM9Imh0dHA6Ly9pbWFnZS5yYWt1dGVuLmNvLmpwL2F1dG9wYXJ0cy1hZ2VuY3kvY2FiaW5ldC9pbWFnZXMvdGFubm9raS5naWYiIGFsdD0i5Zyo5bqrIj48YnI+PGJyPuWFpeaVsO+8mjHlgIs8YnI+PGJyPui7iuOBruOCqOOCouOCs+ODs+WGheOBq+WPluOCiuS7mOOBkeOAgeiKseeyieOChOOBu+OBk+OCiuOCkumZpOWOu+OBl+OAgei7iuWGheOCkuW/q+mBqeOBq+OBmeOCi+ODleOCo+ODq+OCv+ODvOOBp+OBmeOAgjxicj7pq5jlk4Hos6rjgarnuYrntq3jgpLkvb/nlKjjgZfplbfmnJ/plpPjga7kvb/nlKjjgpLlj6/og73jgavjgZfjgb7jgZfjgZ/jgII8YnI+PGJyPuOAkOS6pOaPm+aZguacn+OAkTxicj7jgIzjgq3jg6Pjg5Pjg7Pjg5XjgqPjg6vjgr/jgI3jga/kuqTmj5vpg6jlk4HjgafjgZnjgII8YnI+5Y+W5LuY5b6M44CBMeW5tOmWk+OBguOCi+OBhOOBrzE1LDAwMGtt44KS55uu5a6J44Gr5Lqk5o+b44GZ44KL44GT44Go44KS44GK44GZ44GZ44KB44GX44G+44GZ44CCPGJyPjxicj7ms6gpIOOBlOS9v+eUqOOBrueSsOWig+OBq+OCiOOCiuWvv+WRveOBjOeVsOOBquOCiuOBvuOBmeOBruOBp+OAgeapn+iDveS9juS4i+OChOebruipsOOBvuOCiuOBq+OCiOOCi+miqOmHj+S9juS4i+OBjOeUn+OBmOOBn+mam+OBq+OBr+OAgeOBiuaXqeOCgeOBruS6pOaPm+OCkuOBiumhmOOBhOiHtOOBl+OBvuOBmeOAgjxicj48YnI+5Y+C6ICD57SU5q2j5ZOB55Wq77yaRDM3NS02MS1QMTFCPGJyPjxicj7ku5bnpL7lj4LogIPlk4HnlarvvJpDTUEtNTAzPGJyPue0lOato+WPguiAg+WTgeeVqu+8mkQzNzUtNjEtUDExQjxicj48YnI+4pag6YGp5ZCI6LuK56iuPGJyPuODnuODhOODgCDjg4fjg5/jgqo8YnI+RFkzVy9SLERZNVcvUiAyMDAy5bm0MDjmnIjvvZ4yMDA35bm0MDfmnIg8YnI+PGJyPjxiPjxmb250IGNvbG9yPSJyZWQiPuOBk+OBoeOCieOBruWVhuWTgeOBr+mBqeWQiOeiuuiqjeOBjOW/heOBmuW/heimgeOBp+OBmeOAgjxicj7jgqvjg7zjg4jjgavlhaXjgozjgZ/lvozjgIHms6jmlofjg5Xjgqnjg7zjg6Djga7lgpnogIPmrITjgavou4rovIzmg4XloLHjgpLjgZTlhaXlipvjgY/jgaDjgZXjgYTjgII8YnI+6LuK6LyM5oOF5aCx44GM44GC44KK44G+44Gb44KT44Go44CB5YaN5bqm6LuK6LyM5oOF5aCx44KS44GK5Ly644GE44GZ44KL5aC05ZCI44KC44GC44KK55m66YCB44Gr44GK5pmC6ZaT44GM44GL44GL44KK44G+44GZ44Gu44Gn44GU5Y2U5Yqb44Gu56iL5a6c44GX44GP44GK6aGY44GE44GE44Gf44GX44G+44GZ44CCPC9mb250PjwvYj48YnI+PGJyPuKWoOWTgeeVqjxicj5BUENGLU1aMDAyPGJyPuKWoOmWoumAo+S6i+mghTxicj4wIEQzNzUtNjEtUDExQiDjgq3jg6Pjg5Pjg7Pjg5XjgqPjg6vjgr/jg7wg44Kt44Oj44OT44Oz44OV44Kj44Or44K/IOOCqOOCouOCs+ODs+ODleOCo+ODq+OCvyDjgqjjgqLjgrPjg7Pjgq/jg6rjg7zjg7Pjg5XjgqPjg6vjgr/jg7wg44Ko44Ki44Kz44Oz44Kv44Oq44O844Oz44OV44Kj44Or44K/IOOCr+ODquODvOODs+ODleOCo+ODq+OCv+ODvCDjgq/jg6rjg7zjg7Pjg5XjgqPjg6vjgr8g44Kr44O844Ko44Ki44Kz44OzIOOCq+ODvOOCqOOCouOCs+ODs+ODleOCo+ODq+OCv+ODvCDjgqvjg7zjgqjjgqLjgrPjg7Pjg5XjgqPjg6vjgr8g44Ko44Ki44Kz44OzIOOCreODo+ODk+ODsyDjg5XjgqPjg6vjgr/jg7wg44OV44Kj44Or44K/IOODgOODg+OCt+ODpeODnOODvOODiTxicj7ilqDpganlkIjmg4XloLE8YnI+TUFaREE8YnI+4pag44Gd44Gu5LuWPGJyPmF1dG9tb2JpbGUgbW90b3JjYXIg44Kq44O844OI44Oi44O844OT44OrIOODouODvOOCv+ODvOOCq+ODvCDjgqvjg7wg6LuKIOiHquWLlei7iiDou4rkuKE8ZGl2IHN0eWxlPSJtYXJnaW4tYm90dG9tOjIwcHg7dGV4dC1hbGlnbjpjZW50ZXI7Ij48aW1nIHNyYz0iaHR0cDovL2ltYWdlLnJha3V0ZW4uY28uanAvYXV0b3BhcnRzLWFnZW5jeS9jYWJpbmV0L25ld19hdHRlbnRpb24uZ2lmIiBib3JkZXI9IjAiIGFsdD0i57SN5pyf44O75ZWG5ZOB44Gr44Gk44GE44Gm44Gu5rOo5oSP5LqL6aCF44Gn44GZ44CC56K66KqN44GP44Gg44GV44GEIiA+CjwvZGl2Pg==,QVAg44Ko44Ki44Kz44Oz44OV44Kj44Or44K/44O8IOODnuODhOODgCDjg4fjg5/jgqogRFkzVy9SRFk1Vy9SIDIwMDLlubQwOOaciO+9njIwMDflubQwN+aciO+8muOCquODvOODiOODkeODvOODhOOCqOODvOOCuOOCp+ODs+OCt+ODvA==,44Kr44O844OR44O844OEIOOCquODvOODiOODkeODvOODhCDoh6rli5Xou4rpg6jlk4Eg44Kr44O855So5ZOB44OW44Os44O844Kt44OR44OD44OJ6LuK6auY6Kq/44Kt44OD44OI44Oe44OV44Op44O844Ko44Ki44Kz44Oz44OV44Kj44Or44K/44O844OJ44Op44Kk44OW44K344Oj44OV44OI44K544OG44Ki44Oq44Oz44Kw44OW44O844OE44OQ44OD44OG44Oq44O844K144K544Oa44Oz44K344On44Oz44Ko44Ki44OV44Kj44Or44K/44O8QVAg44Ko44Ki44Kz44Oz44OV44Kj44Or44K/44O8IOODnuODhOODgCDjg4fjg5/jgqogRFkzVy9SRFk1Vy9SIDIwMDLlubQwOOaciO+9njIwMDflubQwN+aciA==,44CA44CCQVAg44Ko44Ki44Kz44Oz44OV44Kj44Or44K/44O8IOODnuODhOODgCDjg4fjg5/jgqogRFkzVy9SRFk1Vy9SIDIwMDLlubQwOOaciO+9njIwMDflubQwN+aciA==[rn]
21-63178,aHR0cDovL3RzaG9wLnIxMHMuanAvYXVjLXN0YXItcGFydHMvY2FiaW5ldC8wMTExMjcwMy9pbWdyYzAwODI4NzM1ODAuanBnP2ZpdGluPTcwMDo3MDA=,MTk0NC4wMDAw,,6LuK55So5ZOB44O744OQ44Kk44Kv55So5ZOBID4g44Kr44O855So5ZOBID4g44OQ44OD44OG44Oq44O844O744Oh44Oz44OG44OK44Oz44K555So5ZOBID4g44OV44Kj44Or44K/44O8ID4g44Ko44Ki44Kz44Oz44OV44Kj44Or44K/44O8,44Ko44Ki44Kz44Oz44OV44Kj44Or44K/44O8IOaKl+iPjOmYsuOCq+ODk+iEseiHrSDjgq3jg6Pjg5Pjg7Pjg5XjgqPjg6vjgr/jg7wg44Ko44Ki44Kz44Oz44Ko44Os44Oh44Oz44OIIENYLTUgS0VFQVcgS0VFRlcgS0UyQVcg55SoIERDQzQwMDgg44OH44Oz44K944O8IERFTlNPIOKXi+ODnuODhOODgCBNQVpEQeKWsw==,REVOU08g44OH44Oz44K944O8IOaKl+iPjOmYsuOCq+ODk+iEseiHrSDjg4fjg7Pjgr3jg7zjgqjjgqLjgrPjg7Pjg5XjgqPjg6vjgr/jg7w=,PGEgaHJlZj0iaHR0cDovL2V2ZW50LnJha3V0ZW4uY28uanAvYXN1cmFrdS9hYm91dC8iPjxpbWcgc3JjPSJodHRwOi8vaW1hZ2UucmFrdXRlbi5jby5qcC9jb20vaW1nL3Jtcy9jYWJpbmV0L3JlY29tbWVuZF9uZXcvaW1nMDAwMDA0MTAuanBnIiBib3JkZXI9IjAiPjwvYT48YnIgLz4KPGZvbnQgc2l6ZT0iNCI+44OV44Kj44Or44K/44O844Gu5rGa44KM44GM55uu56uL44Gh44CB5Lqk5o+b5pmC5pyf44GM44KP44GL44KK44KE44GZ44GEPGJyIC8+5Lqk5o+b44Gu55uu5a6J44CA77yR5bm044Gr77yR5Zue44CA44G+44Gf44Gv44CA6LWw6KGM77yR77yQ77yM77yQ77yQ77yQ772L772NPC9mb250PuODoeODvOOCq+ODvOW4jOacm+Wwj+WjsuS+oeagvOOBr+ODoeODvOOCq+ODvOOCq+OCv+ODreOCsOOBq+WfuuOBpeOBhOOBpuaOsui8ieOBl+OBpuOBhOOBvuOBmTxicj48YnI+PFRBQkxFIHdpZHRoPSI2NTAiIGJvcmRlcj0iMSIgY2VsbHBhZGRpbmc9IjAiIGNlbGxzcGFjaW5nPSIwIj4KICA8VFI+CiAgICA8VEQgY29sc3Bhbj0iMyI+PElNRyBTUkM9Imh0dHA6Ly9pbWFnZS5yYWt1dGVuLmNvLmpwL2F1Yy1zdGFyLXBhcnRzL2NhYmluZXQvMDExMTI3MDMvaW1nNjUxNzA4MzguanBnIiB3aWR0aD0iNjUwIiBib3JkZXI9IjAiIC8+PC9URD4KICA8L1RSPgogIDx0ciBhbGlnbj0iY2VudGVyIiBiZ2NvbG9yPSIjZmZmZmNjIj4KICAgIDx0ZCBjb2xzcGFuPSIzIiBoZWlnaHQ9IjIwIj48Yj7pganlkIjjgZnjgovou4rnqK48L2I+PC90ZD4KICA8L3RyPgogICAgPFRSIGFsaWduPSJjZW50ZXIiIGJnY29sb3I9IiNGRkZGOTkiPgogICAgICA8VEQgd2lkdGg9IjE5MyIgaGVpZ2h0PSIyMCI+6LuK5ZCNPC9URD4KICAgICAgPFREIHdpZHRoPSIyMTIiPuWei+W8jzwvVEQ+CiAgICAgIDxURCB3aWR0aD0iMjQxIj7lubTlvI88L1REPgogICAgPC9UUj4KICA8VFIgYWxpZ249ImNlbnRlciIgYmdjb2xvcj0iI2NjZmZmZiI+CiAgICA8VEQgaGVpZ2h0PSIyMCI+PGI+Q1gtNTwvYj48L1REPgogICAgPFREPjxiPktFRUFXIEtFRUZXIEtFMkFXPC9iPjwvVEQ+CiAgICA8VEQ+PGI+SDI0LjAy772ePC9iPjwvVEQ+CiAgPC9UUj4KICA8VFIgYWxpZ249ImNlbnRlciIgYmdjb2xvcj0iI2ZmZmY5OSI+CiAgICA8VEQgY29sc3Bhbj0iMyIgaGVpZ2h0PSIyMCI+5rOo5oSP5LqL6aCFPC9URD4KICA8L1RSPgogIDxUUiBhbGlnbj0iY2VudGVyIiBiZ2NvbG9yPSIjY2NmZmZmIj4KICAgIDxURCBjb2xzcGFuPSIzIiBoZWlnaHQ9IjIwIj48Yj48L2I+PC9URD4KICA8L1RSPgogIDx0ciBhbGlnbj0iY2VudGVyIj4KICAgIDx0ZCBoZWlnaHQ9IjI1IiBiZ2NvbG9yPSIjRkZGRkNDIiBjb2xzcGFuPSIzIj48Zm9udCBzaXplPSIrMSI+PGI+6YGp5ZCI56K66KqN44Gv44GT44Gh44KJ44GL44KJ44Gp44GG44GePC9iPjwvZm9udD48L3RkPgogIDwvdHI+CiAgICA8VFI+CiAgICAgIDxURCBhbGlnbj0iY2VudGVyIiBiZ2NvbG9yPSIjRkZGRjk5IiBoZWlnaHQ9IjIzMCI+PGI+6KO95ZOB44Gu54m55b60PC9iPjwvVEQ+CiAgICAgIDxURCBjb2xzcGFuPSIyIiBiZ2NvbG9yPSIjRkZGRjk5Ij48Yj7jgIDimIbjgqbjgqTjg6vjgrnjgYvjgonjgZfjgaPjgYvjgorjg5bjg63jg4Pjgq/vvIHimIY8L2I+PGJyIC8+CiAgICAgIOOAgOe3keiJsuOBruWxpOOBq+aKl+OCpuOCpOODq+OCueWJpOOCkuaOoeeUqOOAguW/q+mBqeOBqui7iuWGheepuumWk+OCkuWun+ePvuOBl+OBvuOBmeOAgjxCUiAvPgogICAgICA8Yj7jgIDimIbmsJfjgavjgarjgovoirHnsonjgoLjgYzjgaPjgaHjgorjg5bjg63jg4Pjgq/imIY8L2I+PEJSIC8+CiAgICAgIOOAgOi7iuWkluOBi+OCieOBruOCueOCruOChOODkuODjuOCreOBquOBqeOBruiKseeyieOBruOBu+OBi+OAgeODgeODquODu+ODm+OCs+ODquOBquOBqeOCkjxCUiAvPgogICAgICDjgIDjg5XjgqPjg6vjgr/jg7zjgafjg5bjg63jg4Pjgq/jgZfjgb7jgZk8QlIgLz4KICAgICAgPGI+44CA4piG6I+M44O744Kr44OT44GL44KJ44GX44Gj44GL44KK44Ks44O844OJ4piGPC9iPjxCUiAvPgogICAgICDjgIDnt5HoibLjga7lsaTjgavmipfoj4zliaTjgpLmjqHnlKjjgILjg5XjgqPjg6vjgr/jg7zjgavku5jnnYDjgZfjgZ/oj4zjg7vjgqvjg5Pjga7nuYHmrpbjgpI8QlIgLz4KICAgICAg44CA5oqR5Yi244CC6LWk44Gh44KD44KT44KE44GK5bm05a+E44KK44Gr44KE44GV44GX44GE56m65rCX44KS44GK5bGK44GR44Gn44GN44G+44GZ44CCPEJSIC8+CiAgICAgIDxCPuOAgOKYhuOBhOOChOOBquaOkuOCrOOCueiHreOCkuOCq+ODg+ODiOKYhjwvQj48QlIgLz4KICAgICAg44CA5riL5rue5pmC44Gq44Gp44Gr5rCX44Gr44Gq44KL5o6S44Ks44K56Iet44KS44CB44OV44Kj44Or44K/44O844Gu5rS75oCn54Kt5bGk44GMPEJSIC8+CiAgICAgIOOAgOWQuOOBhOWPluOCiuOBvuOBmTxCUiAvPgogICAgICA8Qj7jgIDimIbnqbrmsJfjga7mtYHjgozjgYzjgrnjg6Djg7zjgrrimIY8L0I+PEJSIC8+CiAgICAgIOOAgOmrmOOBhOiEseiHreWKueaenOOCkueZuuaPruOBl+OAgeWuieWumuOBl+OBn+OCqOOCouOCs+ODs+miqOmHj+OCkue2reaMgeOBl+OBvuOBmeOAgjwvVEQ+CiAgPC9UUj4KICAgIDxUUj4KICAgICAgPFREIGNvbHNwYW49IjMiPjxJTUcgU1JDPSJodHRwOi8vaW1hZ2UucmFrdXRlbi5jby5qcC9hdWMtc3Rhci1wYXJ0cy9jYWJpbmV0LzAxMTEyNzAzL2ltZzY1MTcxNTgxLmpwZyIgd2lkdGg9IjY1MCIgYm9yZGVyPSIwIiAvPjwvVEQ+CiAgICA8L1RSPgo8L1RBQkxFPgoKCjx0YWJsZSB3aWR0aD0iNjUwIiBib3JkZXI9IjAiPgogIDx0ciBhbGlnbj0iY2VudGVyIj4KICAgIDx0ZCBjb2xzcGFuPSIzIiBiZ2NvbG9yPSIjRkZGRjAwIj48Zm9udCBzaXplPSI1Ij7vvLPvvZTvvYHvvZLvvI3vvLDvvYHvvZLvvZTvvZPjgYrjgZnjgZnjgoHjga7jgqjjgqLjgrPjg7Pjg5XjgqPjg6vjgr/jg7w8L2ZvbnQ+PC90ZD4KICA8L3RyPgogIDx0cj4KICAgIDx0ZCB3aWR0aD0iMjE3Ij48aW1nIHNyYz0iaHR0cDovL2ltYWdlLnJha3V0ZW4uY28uanAvYXVjLXN0YXItcGFydHMvY2FiaW5ldC8wMTExMjcwMy9pbWc2NTE3MTU5OS5qcGciIGFsdD0i44OR44K344OV44Kj44OD44Kv5bel5qWtIiB3aWR0aD0iMjE3IiBib3JkZXI9IjAiIC8+PC90ZD4KICAgIDx0ZCB3aWR0aD0iMjE2Ij48aW1nIHNyYz0iaHR0cDovL2ltYWdlLnJha3V0ZW4uY28uanAvYXVjLXN0YXItcGFydHMvY2FiaW5ldC8wMTExMjcwMy9pbWc2NTE3MTYxMS5qcGciIGFsdD0i44OH44Oz44K944O8IiB3aWR0aD0iMjE2IiBib3JkZXI9IjAiIC8+PC90ZD4KICAgIDx0ZCB3aWR0aD0iMjE2Ij48aW1nIHNyYz0iaHR0cDovL2ltYWdlLnJha3V0ZW4uY28uanAvYXVjLXN0YXItcGFydHMvY2FiaW5ldC8wMTExMjcwMy9pbWc2NTE3MTYyMi5qcGciIGFsdD0i44OU44KiIiB3aWR0aD0iMjE2IiBib3JkZXI9IjAiIC8+PC90ZD4KICA8L3RyPgogIDx0ciBhbGlnbj0iY2VudGVyIiBiZ2NvbG9yPSIjRkZGRjMzIj4KICAgIDx0ZD7jg5Hjgrfjg5XjgqPjg4Pjgq/lt6Xmpa08L3RkPgogICAgPHRkPuODh+ODs+OCveODvDwvdGQ+CiAgICA8dGQ+77yw77yp77yh77yhPC90ZD4KICA8L3RyPgogIDx0ciBiZ2NvbG9yPSIjRkZGRjMzIj4KICAgIDx0ZD7lkITnqK7jgqjjg6zjg6Hjg7Pjg4jjga7jg6Hjg7zjgqvjg7zjgafjgZnjgILjgqjjgqLjgrPjg7Pjg5XjgqPjg6vjgr/jg7zjgoLjgZXjgb7jgZbjgb7jgarmqZ/og73jgpLmjIHjgZ/jgZvjgZ/oo73lk4HjgpLnmbrlo7LjgZfjgabjgYTjgb7jgZnjgII8L3RkPgogICAgPHRkPuOCq+ODvOOCqOOCouOCs+ODs+acrOS9k+OBruijvemAoOOCkuaJi+OBjOOBkeOCi+ODoeODvOOCq+ODvOOBp+OBmeOAgua0u+aAp+eCreODleOCo+ODq+OCv+ODvOOCkueZuuWjsuOBl+OBpuOBhOOBvuOBmeOAgjwvdGQ+CiAgICA8dGQ+44Kr44O855So5ZOB44Oh44O844Kr44O844Gn44GZ44CC44OT44K/44Of44Oz77yj6KqY5bCO5L2T44KS5pS+5Ye644GZ44KL44OV44Kj44Or44K/44O844KS55m65aOy44GX44Gm44GE44G+44GZ44CCPC90ZD4KICA8L3RyPgo8L3RhYmxlPgoKPGltZyBzcmM9Imh0dHA6Ly9pbWFnZS5yYWt1dGVuLmNvLmpwL2F1Yy1zdGFyLXBhcnRzL2NhYmluZXQvMDExMTE2ODEvaW1nNjQwNjg3NzIuanBnIiB3aWR0aD0iNDAwIiBib3JkZXI9IjAiIC8+Cgo8VEFCTEUgYm9yZGVyPSIxIiB3aWR0aD0iNTAwIiBjZWxscGFkZGluZz0iNSIgY2VsbHNwYWNpbmc9IjAiPgo8VFI+CjxURCBiZ2NvbG9yPSIjMDAwMDk5IiBhbGlnbj0iY2VudGVyIj48Qj48Rk9OVCBjb2xvcj0iI2ZmZmZmZiI+44GU5rOo5paH5pmC44Gr5Lul5LiL44Gu5YaF5a6544KS5b+F44Ga44GU56K66KqN44GP44Gg44GV44GEPC9GT05UPjwvQj48L1REPgo8L1RSPgo8VFI+CjxURD48Rk9OVCBzaXplPSItMSI+CuKAuzwvRk9OVD48Rk9OVCBzaXplPSItMSIgY29sb3I9IiNmZjAwMDAiPjxGT05UIHNpemU9Ii0xIiBjb2xvcj0iI2ZmMDAwMCI+PEI+5b2T5bqX44Gu5a6a5LyR5pel44Gv5pel5puc56Wd5pel44Gd44Gu5LuW5byK56S+44Gn5a6a44KB44KL5pel44Go44Gq44Gj44Gm44GK44KK44G+44GZKOWWtualreOCq+ODrOODs+ODgOODvOOCkuOBlOimp+OBj+OBoOOBleOBhCnjgILph5Hmm5zml6XvvJHvvJLmmYLku6XpmY3jgavjgYTjgZ/jgaDjgYTjgZ/jgZTms6jmlocK44Gr44Gk44GN44G+44GX44Gm44Gv44CB5pyI5puc5pel5Lul6ZmN44Gu55m66YCB44Go44Gq44KK44G+44GZ44Gu44Gn44CB44GU5rOo5oSP44GP44Gg44GV44GE44CCPC9CPjwvRk9OVD48L0ZPTlQ+PEZPTlQgc2l6ZT0iLTEiPjxCUj4KPEJSPgrigLs8L0ZPTlQ+PEZPTlQgc2l6ZT0iLTEiIGNvbG9yPSIjZmYwMDAwIj48Rk9OVCBzaXplPSItMSIgY29sb3I9IiNmZjAwMDAiPjxCPuOBguOBmealveWVhuWTgeOBqOOBr+S7peS4i+OBruOBhOOBmuOCjOOBi++8iOOCguOBl+OBj+OBr+S4oeaWue+8ieOBjOihqOekuuOBleOCjOOBpuOBhOOCi+WVhuWTgeOBqOOBquOCigrjgb7jgZkKPC9CPjwvRk9OVD48L0ZPTlQ+PEZPTlQgc2l6ZT0iLTEiPuOBruOBp+OAgeOBlOazqOaEj+OBj+OBoOOBleOBhOOAgjxCUj48QlI+CuODu+WVhuWTgeODmuODvOOCuOS4iumDqOOBruOBguOBmealveWvvuW/nOOCouOCpOOCs+ODszxCUj4KPGltZyBzcmM9Imh0dHA6Ly9pbWFnZS5ldmVudC5yYWt1dGVuLmNvLmpwL2FzdXJha3UvYWJvdXQvaW1nLzIwMTEwNzAxL2FzdXJha3VpY29uLmpwZyI+PGJyPgrjg7voqbLlvZPllYblk4Hjga7osrfjgYTnianjgYvjgZTov5HjgY/jgavjgYLjgovlr77lv5zlnLDln5/ooagKPGltZyBzcmM9Imh0dHA6Ly9pbWFnZS5ldmVudC5yYWt1dGVuLmNvLmpwL2FzdXJha3UvYWJvdXQvaW1nLzIwMTEwNzAxL2FyZWFfY2hhcnQwMi5qcGciPjxicj4KPEJSPgrigLs8L0ZPTlQ+PEZPTlQgc2l6ZT0iLTEiIGNvbG9yPSIjZmYwMDAwIj48Rk9OVCBjb2xvcj0iI2ZmMDAwMCI+PEI+44GC44GZ5qW95a++5b+c5ZWG5ZOB44Go6Z2e5a++5b+c5ZWG5ZOB44KS5ZCM5pmC44Gr6LO85YWlKOWQjOaiseeZuumAgSnjgZnjgovloLTlkIjjgIHjgYLjgZnmpb3lr77lv5zlpJYKPC9CPjwvRk9OVD48L0ZPTlQ+PEZPTlQgc2l6ZT0iLTEiPuOBqOOBquOCiuOBvuOBmeOBruOBp+OAgeOBlOazqOaEj+OBj+OBoOOBleOBhOOAgjxCUj4KPEJSPgrigLs8Rk9OVCBjb2xvcj0iI2ZmMDAwMCI+PEI+44GK5bGK44GR5pmC6ZaT44Gu44GU5oyH5a6a44Gv5Y6f5YmH44Gn44GN44G+44Gb44KT44CCPC9CPjwvRk9OVD7jgoLjgZfjgZTmjIflrprjgYzjgYLjgaPjgZ/loLTlkIjjgafjgoLjgIHljp/liYfnv4zml6XkuK3jgavjgYrlsYrjgZHjgZnjgovjgojjgYbmiYvphY3jgYTjgZ/jgZfjgb7jgZnjgILjgoLjgZcK57+M44CF5pel5Lul6ZmN44Go44Gq44Gj44Gm44KC44GK5bGK44GR5pmC6ZaT44Gu5pa544KS5YSq5YWI44GV44KM44Gf44GE5aC05ZCI44Gv44CB44GU5rOo5paHU1RFUCDjga7phY3pgIHml6XmmYLmjIflrprjgafjgZTluIzmnJvjga7mmYLplpPjgpLpgbjmip7jgZfjgabjgY/jgaDjgZXjgYTvvIjjgYLjgZnmpb3llYblk4Hjgajjga/jgarjgorjgb7jgZvjgpPvvInjgII8QlI+CjxCUj4K4oC744Oh44O844Or5L6/44Gu44GU5Yip55So44Gv44Gn44GN44G+44Gb44KT44CCPEJSPgo8QlI+CuKAu+S6pOmAmuapn+mWouOBruS4jeWFt+WQiOOChOaCquWkqeWAmeOBquOBqeOBneOBruS7luOBruS4jeWPr+aKl+WKm+OBjOeUn+OBmOOBn+WgtOWQiOOBq+OBr+OAgeWVhuWTgeOBruWIsOedgOaZgumWk+W4r+OBiuOCiOOBs+WIsOedgOaXpeOBjOWJjeW+jOOBmeOCi+OBk+OBqOOBjOOBguOCiuOBvuOBmeOAguOBvuOBn+OAgeW5tOacq+W5tOWni+OChOOCtOODvOODq+ODh+ODs+OCpuOCowrjg7zjgq/jgarjganjga7nuYHlv5nmnJ/jga/jgIHovLjpgIHph4/jga7lopfliqDjgavjgojjgornv4zml6XjgYrlsYrjgZHjgafjgY3jgarjgYTjgZPjgajjgoLjgZTjgZbjgYTjgb7jgZnjga7jgafjgZTkuobmib/poZjjgYTjgb7jgZnjgII8QlI+CjxCUj4K4oC7PC9GT05UPjxGT05UIHNpemU9Ii0xIiBjb2xvcj0iI2ZmMDAwMCI+PEI+6YqA6KGM5oyv44KK6L6844G/44Gu5aC05ZCI44CB44GK44KI44Gz44Kv44Os44K444OD44OI5rG65riI44Gn5om/6KqN44GM5Y+W44KM44Gq44GL44Gj44Gf6ZqbPC9CPjwvRk9OVD48Rk9OVCBzaXplPSItMSI+44Gq44Gp44CB57+MCuaXpemFjemAgeOBjOOBp+OBjeOBquOBhOWgtOWQiOOBjOOBlOOBluOBhOOBvuOBmeOAguOBvuOBn+OAgealveWkqeODkOODs+OCr+axuua4iOOBp+W6l+iIl+WBtOOBp+OBruWFpemHkeeiuuiqjeOBq+aZgumWk+OBjOOBi+OBi+OBo+OBn+WgtOWQiO+8iOaxuua4iOOBleOCjOOBpuOBi+OCieeiuuiqjeOBvuOBpzQg5pmC6ZaT44G744Gp44GL44GL44KL44GT44Go44GM44GC44KK44G+44GZ77yJ44KCCue/jOaXpemFjemAgeOBjOOBp+OBjeOBquOBhOWgtOWQiOOBjOOBlOOBluOBhOOBvuOBmeOBruOBp+OAgeOBlOS6huaJv+OBj+OBoOOBleOBhOOAgjxCUj4KPEJSPgrigLs8L0ZPTlQ+PEZPTlQgc2l6ZT0iLTEiIGNvbG9yPSIjZmYwMDAwIj48Rk9OVCBzaXplPSItMSIgY29sb3I9IiNmZjAwMDAiPjxCPuazqOaWh+WGheWuueOBlOeiuuiqjeODoeODvOODq++8iOiHquWLlemFjeS/oeODoeODvOODq++8ieiomOi8ieOBruizvOWFpeaXpeaZgu+8iOazqOaWh+eiuuWumuaXpeaZgu+8ieOBjOOAgQrms6jmloflj5fku5jmmYLplpM8L0I+PC9GT05UPjwvRk9OVD48Rk9OVCBzaXplPSItMSI+44Go44Gq44KK44G+44GZ44CCIOe/jOaXpeOBruOBiuWxiuOBkeOBq+OBr+OAgeiomOi8ieOBruaZguWIu+OBjOato+WNiOOCiOOCiuOCguWJjeOBp+OBguOCi+W/heimgeOBjOOBguOCiuOBvuOBmeOAgjxCUj4KPEJSPgrigLvnibnlrprjga7llYblk4Hjgbjjga7jgqLjgq/jgrvjgrnjgYzpm4bkuK3jgZfjgZ/loLTlkIjjgIHjgrfjgrnjg4bjg6Djga7pg73lkIjkuIrjgIHlj5fms6jmmYLplpPjgavoqqTlt67jgYznlJ/jgZjjgovlj6/og73mgKfjgYzjgZTjgZbjgYTjgb7jgZnjgILoh6rli5XphY3kv6Hjg6Hjg7zjg6vjgpLlv4XjgZrjgZTnorroqo3jgY/jgaDjgZXjgYTjgILoh6rli5XphY3kv6Hjg6Hjg7wK44Or44GM5bGK44GL44Gq44GE5aC05ZCI44Gv44CB5b2T5bqX44G455u05o6l44GU6YCj57Wh44GP44Gg44GV44GE44CCPC9GT05UPjwvVEQ+CjwvVFI+CjwvVEFCTEU+CgoKPHRhYmxlIHdpZHRoPSI2NTAiIGJvcmRlcj0iMCI+CiAgPHRyIGFsaWduPSJjZW50ZXIiPgogICAgPHRkPjxmb250IHNpemU9IjUiIGNvbG9yPSJyZWQiPuS7luODoeODvOOCq+ODvOWQhOeoruOCqOOCouOCs+ODs+ODleOCo+ODq+OCv+ODvOWlveipleiyqeWjsuS4rTwvZm9udD48YnIgLz4KICAgIDxmb250IHNpemU9IjQiPuOBhOOCjeOBhOOCjeOBquODleOCo+ODq+OCv+ODvOOBi+OCieOBiumBuOOBs+OBj+OBoOOBleOBhDwvZm9udD48L3RkPgogIDwvdHI+CjwvdGFibGU+PCEtLeODneOCpOODs+ODiOODkOODiuODvC0tPgo8YnI+IAo8YnI+Cgo8IS0t44Kt44Oj44Oz44Oa44O844OzLS0+PHRhYmxlIHdpZHRoPSI5MDAiIGJvcmRlcj0iMCI+Cjx0cj48dGQ+PGltZyBzcmM9Imh0dHBzOi8vaW1hZ2UucmFrdXRlbi5jby5qcC9hdWMtc3Rhci1wYXJ0cy9jYWJpbmV0L3Jha3V0ZW5iYW5uZXIvaW1ncmMwMDg0NTQ1OTU4LmdpZiIgd2lkdGg9IjEwMCUiPjwvdGQ+Cgk8dGQgYmdjb2xvcj0icmVkIj48Zm9udCBzaXplPSIrMiJjb2xvcj0id2hpdGUiPuOCqOODs+ODiOODquODvOS4jeimge+8gTxicj7lupflhoXlhajlk4Hlr77osaE8L2ZvbnQ+PC90ZD4KCTwvdHI+PC90YWJsZT48YnI+CjwhLS3jgq3jg6Pjg7Pjg5rjg7zjg7PjgZPjgZPjgb7jgactLT4KCjwhLS3ms6jmhI8tLT4KPCEtLeazqOaEj+OBk+OBk+OBvuOBpy0tPgoKPCEtLemAgeaWmeeEoeaWmS0tPgo8YnI+IAoKPCEtLTA0MDHplovlp4vpgIHmlpnnhKHmlpktLT4KPGltZyBzcmM9Imh0dHA6Ly9pbWFnZS5yYWt1dGVuLmNvLmpwL2F1Yy1zdGFyLXBhcnRzL2NhYmluZXQvcmFrdXRlbmJhbm5lci8xYm4zMy5qcGciPjwvYnI+PGJyPgoKPCEtLemAgeaWmeeEoeaWmeOBk+OBk+OBvuOBpy0tPgoKPCEtLemBqeWQiOeiuuiqjeOBk+OBk+OBi+OCiS0tPgo8aW1nIHNyYz0iaHR0cDovL2ltYWdlLnJha3V0ZW4uY28uanAvYXVjLXN0YXItcGFydHMvY2FiaW5ldC8wMTExMTY4MS8wMzA3MzI5OS90ZWtpZ291YmFubmVyLmpwZyIgd2lkdGg9IjkwMCI+PGJyPgo8IS0t6YGp5ZCI56K66KqN44GT44GT44G+44GnLS0+Cgo8IS0t5Y+z44OQ44OK44O844GT44GT44GL44KJLS0+CjxsaW5rIGhyZWY9Imh0dHBzOi8vd3d3LnJha3V0ZW4ubmUuanAvZ29sZC9hdWMtc3Rhci1wYXJ0cy9DU1MvZml4YXJpYS5jc3MiIHJlbD0ic3R5bGVzaGVldCIgdHlwZT0idGV4dC9jc3MiPgo8ZGl2IGlkPSJyY19yaWdodEFyZWEiPgrpganlkIjnorroqo0KPC9kaXY+Cgo8IS0tPGRpdiBpZD0icmNfcmlnaHRBcmVhMiI+LS0+CjwhLS3msbrnrpflpKfmhJ/orJ3jgrvjg7zjg6stLT4KPCEtLTwvZGl2Pi0tPgoKPCEtLTxkaXYgaWQ9InJjX3JpZ2h0QXJlYTMiPgrjg5Djg4rjg7zjgpLjgq/jg6rjg4Pjgq8KPC9kaXY+LS0+CjwhLS3lj7Pjg5Djg4rjg7zjgZPjgZPjgb7jgactLT4KCjwhLS3lt6bjg5Djg4rjg7zjgZPjgZPjgYvjgoktLT4KPCEtLeaWsOedgOODkOODiuODvOeUqOioree9ruOCv+OCsC0tPgo8bGluayBocmVmPSJodHRwOi8vd3d3LnJha3V0ZW4ubmUuanAvZ29sZC9hdWMtc3Rhci1wYXJ0cy9lY3Rvb2wvYWxsX3N0eWxlLmNzcyIgcmVsPSJzdHlsZXNoZWV0IiB0eXBlPSJ0ZXh0L2NzcyI+CjxsaW5rIHJlbD0ic3R5bGVzaGVldCIgPSIiPSIiIGhyZWY9Imh0dHA6Ly93d3cucmFrdXRlbi5uZS5qcC9nb2xkL2F1Yy1zdGFyLXBhcnRzL2VjdG9vbC9hbGxfc3R5bGUuY3NzIiDjgIBtZWRpYT0iYWxsIj4KPGJyPgoKPCEtLUdX5LyR5pqHLS0+CjwhLS1HV+S8keaah+e1guOCj+OCii0tPg==,44Ko44Ki44Kz44Oz44OV44Kj44Or44K/44O8IOaKl+iPjOmYsuOCq+ODk+iEseiHrSDjgq3jg6Pjg5Pjg7Pjg5XjgqPjg6vjgr/jg7wg44Ko44Ki44Kz44Oz44Ko44Os44Oh44Oz44OIIENYLTUgS0VFQVcgS0VFRlcgS0UyQVcg55SoIERDQzQwMDgg44OH44Oz44K944O8IERFTlNPIOKXi+ODnuODhOODgCBNQVpEQeKWs++8mlN0YXItUGFydHM=,U3Rhci1QYXJ0c+OCueOCv+ODvOODkeODvOODhO+8rO+8pe+8pOOCv+OCpOODn+ODs+OCsOODmeODq+ODiOODleOCoeODs+ODmeODq+ODiOOCqOOCouOCs+ODs+ODleOCo+ODq+OCv+ODvOW3peWFt+OCqOOCouODvOOCqOODrOODoeODs+ODiOOCquOCpOODq+OCqOODrOODoeODs+ODiOODieODqeOCpOODluOCt+ODo+ODleODiOODluODvOODhOOCquOCpOODq+OCt+ODvOODq+OCpOOCsOODi+ODg+OCt+ODp+ODs+OCs+OCpOODq+ODluODrOODvOOCreODkeODg+ODieODluODrOODvOOCreODqeOCpOODi+ODs+OCsOOCreODo+ODquOCouODl+ODqeOCsOOCs+ODvOODieOCpOODquOCuOOCpuODoOODl+ODqeOCsOODkOODg+ODhuODquODvOOCueODkeODvOOCr+ODl+ODqeOCsE8y44K744Oz44K144O844Ko44Ki44Kz44Oz44OV44Kj44Or44K/44O8IOaKl+iPjOmYsuOCq+ODk+iEseiHrSDjgq3jg6Pjg5Pjg7Pjg5XjgqPjg6vjgr/jg7wg44Ko44Ki44Kz44Oz44Ko44Os44Oh44Oz44OIIENYLTUgS0VFQVcgS0VFRlcgS0UyQVcg55SoIERDQzQwMDgg44OH44Oz44K944O8IERFTlNPIOKXi+ODnuODhOODgCBNQVpEQeKWsw==,REVOU08g44OH44Oz44K944O8IOaKl+iPjOmYsuOCq+ODk+iEseiHrSDjg4fjg7Pjgr3jg7zjgqjjgqLjgrPjg7Pjg5XjgqPjg6vjgr/jg7zjgILjgqjjgqLjgrPjg7Pjg5XjgqPjg6vjgr/jg7wg5oqX6I+M6Ziy44Kr44OT6ISx6IetIOOCreODo+ODk+ODs+ODleOCo+ODq+OCv+ODvCDjgqjjgqLjgrPjg7Pjgqjjg6zjg6Hjg7Pjg4ggQ1gtNSBLRUVBVyBLRUVGVyBLRTJBVyDnlKggRENDNDAwOCDjg4fjg7Pjgr3jg7wgREVOU08g4peL44Oe44OE44OAIE1BWkRB4paz[rn]
21-63179,aHR0cDovL3RzaG9wLnIxMHMuanAvYXV0b3BhcnRzLWFnZW5jeS9jYWJpbmV0L3R1bmluZzE5OC9hcGNmLWhuMDA3LWNiXzAwMS5qcGc/Zml0aW49NzAwOjcwMA==,MTE5Mi44MDAw,,6LuK55So5ZOB44O744OQ44Kk44Kv55So5ZOBID4g44Kr44O855So5ZOBID4g44OQ44OD44OG44Oq44O844O744Oh44Oz44OG44OK44Oz44K555So5ZOBID4g44OV44Kj44Or44K/44O8ID4g44Ko44Ki44Kz44Oz44OV44Kj44Or44K/44O8,QVAg44Ko44Ki44Kz44Oz44OV44Kj44Or44K/44O8IOa0u+aAp+eCreWFpeOCiiDjg57jg4Tjg4Ag44OT44Ki44Oz44OGIENDRUFXQ0NFRldDQ0ZGV0NDM0ZXIDIwMDjlubQwN+aciO+9ng==,44CA,44CAPGltZyBzcmM9Imh0dHA6Ly9pbWFnZS5yYWt1dGVuLmNvLmpwL2F1dG9wYXJ0cy1hZ2VuY3kvY2FiaW5ldC9pbWFnZXMvdGFubm9raS5naWYiIGFsdD0i5Zyo5bqrIj48YnI+PGJyPuWFpeaVsO+8mjHjgrvjg4Pjg4jvvIgy5YCL77yJPGJyPjxicj7ntJTmraPjgojjgorjgoLpq5jmgKfog73jgIHpq5jlk4Hos6rvvIE8YnI+5rS75oCn54Kt5YWl44KK44CB6ISx6Iet5qmf6IO95LuY44GN44Gu44Ko44Ki44Kz44Oz44OV44Kj44Or44K/44O844Gn44GZ77yBPGJyPjxicj7ilqDjgqjjgqLjgrPjg7Pjga7lq4zjgaroh63jgYTjgpLop6PmtojjgZfjgabjgIHlpJbmsJfjga7jg5vjgrPjg6rjgoToirHnsonjgpLjgrfjg6Pjg4Pjg4jjgqLjgqbjg4jvvIE8YnI+6LuK5aSW44GL44KJ44Gu5rGa44KM44Gf56m65rCX44CB6Iqx57KJ44CB44Ob44Kz44Oq44CB5o6S5rCX44Ks44K544Gq44Gp44Gr5ZCr44G+44KM44KL44OH44Kj44O844K844Or57KJ44Gq44Gp44KS44Kr44OD44OI44GX44Gm44CB6LuK5YaF44KS44Kv44Oq44O844Oz44Gn5b+r6YGp44Gq54q25oWL44Gr5L+d44Gh44G+44GZ44CCPGJyPua0u+aAp+eCreWFpeOCiuOBr+OAgeWupOWGheOBruiHreOBhOOChOWkluawl+OBruiHreOBhOOCkua2iOiHreOBmeOCi+WKueaenOOBjOOBguOCiuOBvuOBme+8gTxicj48YnI+4pag5oSP5aSW44Gr5rGa44KM44Gm44GE44KL5a6k5YaF55So44OV44Kj44Or44K/44O8PGJyPuODleOCo+ODq+OCv+ODvOOBjOWPpOOBj+OBquOCi+OBqOebruipsOOBvuOCiuOCkuOBiuOBk+OBl+OAgeOCqOOCouOCs+ODs+OBrumiqOmHj+OBjOS9juS4i+OBl+OBn+OCiuOAgeiEseiHreWKueaenOOBjOS9juS4i+OBl+OBpuWrjOOBquiHreOBhOOBruOCguOBqOOBq+OBquOCiuOBvuOBmeOBruOBp+OAgeWumuacn+eahOOBquS6pOaPm+OBjOW/heimgeOBp+OBmeOAgjxicj7kuqTmj5vjga7nm67lronjga/vvJHkuIfvvJXljYNrbeOBlOOBqOOAgeWPiOOBr++8keW5tOOBlOOBqOOBjOaOqOWlqOOBleOCjOOBpuOBhOOBvuOBmeOAgjxicj48YnI+4oC744GU5L2/55So44Gu55Kw5aKD44Gr44KI44KK5a+/5ZG944GM55Ww44Gq44KK44G+44GZ44Gu44Gn44CB5qmf6IO95L2O5LiL44KE55uu6Kmw44G+44KK44Gr44KI44KL6aKo6YeP5L2O5LiL44GM55Sf44GY44Gf6Zqb44Gr44Gv44CB44GK5pep44KB44Gu5Lqk5o+b44KS44GK5Yun44KB44GX44G+44GZ44CCPGJyPjxicj7jgrXjgqTjgrov44K/44Kk44OX77ya5rS75oCn54Kt5YWl44KKPGJyPjxicj7lj4LogIPntJTmraPlk4HnlarvvJpBWTY4NC1NQTAwNSxCMzJMLTYxLUo2WCxDMjM1LTYxLUo2WDxicj48YnI+5Y+C6ICD57SU5q2j55Wq5Y+377yaQVk2ODQtTUEwMDUsQjMyTC02MS1KNlgsQzIzNS02MS1KNlg8YnI+5Y+C6ICD5p2x5rSL5ZOB55Wq77yaQ01BLTUwNTxicj7mnZDos6rvvJrjg5XjgqPjg6vjgr/jg7zjg5XjgqHjgqTjg5Djg7zvvIjmtLvmgKfngq3lhaXvvIk8YnI+5a+45rOVKG1tKe+8mjIzNcOXOTnDlzIybW08YnI+PGJyPuKWoOmBqeWQiOi7iueorjxicj7jg57jg4Tjg4Ag44OT44Ki44Oz44OGPGJyPkNDRUFXLENDRUZXLENDRkZXLENDM0ZXIDIwMDjlubQwN+aciO+9njxicj48YnI+4oC75Y+W5LuY5b6M44Gu5LiN6Imv44Gv5Y+W5LuY44Of44K544KC6ICD44GI44KJ44KM44G+44GZ44Gu44Gn55CG55Sx5aaC5L2V44Gr6Zai44KP44KJ44Ga6L+U5ZOB44Gv5om/44KK44GL44Gt44G+44GZ44CC5Y+W44KK5LuY44GR5YmN44Gr5b+F44Ga54++6LuK44Go44Gu5b2i54q25ZCI44KP44Gb44KS6KGM44GE44OV44Kj44OD44OG44Kj44Oz44Kw44Gu44GU56K66KqN44KS44GK6aGY44GE44GX44G+44GZ44CCPGJyPjxicj48Yj48Zm9udCBjb2xvcj0icmVkIj7jgZPjgaHjgonjga7llYblk4Hjga/pganlkIjnorroqo3jgYzlv4XjgZrlv4XopoHjgafjgZnjgII8YnI+44Kr44O844OI44Gr5YWl44KM44Gf5b6M44CB5rOo5paH44OV44Kp44O844Og44Gu5YKZ6ICD5qyE44Gr6LuK6LyM5oOF5aCx44KS44GU5YWl5Yqb44GP44Gg44GV44GE44CCPGJyPui7iui8jOaDheWgseOBjOOBguOCiuOBvuOBm+OCk+OBqOOAgeWGjeW6pui7iui8jOaDheWgseOCkuOBiuS8uuOBhOOBmeOCi+WgtOWQiOOCguOBguOCiueZuumAgeOBq+OBiuaZgumWk+OBjOOBi+OBi+OCiuOBvuOBmeOBruOBp+OBlOWNlOWKm+OBrueoi+WunOOBl+OBj+OBiumhmOOBhOOBhOOBn+OBl+OBvuOBmeOAgjwvZm9udD48L2I+PGJyPjxicj7ilqDlk4Hnlao8YnI+QVAtQUNGLU1BMDYxUEMtMjxicj7ilqDplqLpgKPkuovpoIU8YnI+QVk2ODQtTUEwMDUsQjMyTC02MS1KNlgsQzIzNS02MS1KNlgg44Kt44Oj44OT44Oz44OV44Kj44Or44K/44O8IOOCreODo+ODk+ODs+ODleOCo+ODq+OCvyDjgqjjgqLjgrPjg7Pjg5XjgqPjg6vjgr8g44Ko44Ki44Kz44Oz44Kv44Oq44O844Oz44OV44Kj44Or44K/44O8IOOCqOOCouOCs+ODs+OCr+ODquODvOODs+ODleOCo+ODq+OCvyDjgq/jg6rjg7zjg7Pjg5XjgqPjg6vjgr/jg7wg44Kv44Oq44O844Oz44OV44Kj44Or44K/IOOCq+ODvOOCqOOCouOCs+ODsyDjgqvjg7zjgqjjgqLjgrPjg7Pjg5XjgqPjg6vjgr/jg7wg44Kr44O844Ko44Ki44Kz44Oz44OV44Kj44Or44K/IOOCqOOCouOCs+ODsyDjgq3jg6Pjg5Pjg7Mg44OV44Kj44Or44K/44O8IOODleOCo+ODq+OCvyDjg4Djg4Pjgrfjg6Xjg5zjg7zjg4k8YnI+4pag6YGp5ZCI5oOF5aCxPGJyPk1BWkRBPGJyPuKWoOOBneOBruS7ljxicj5hdXRvbW9iaWxlIG1vdG9yY2FyIOOCquODvOODiOODouODvOODk+ODqyDjg6Ljg7zjgr/jg7zjgqvjg7wg44Kr44O8IOi7iiDoh6rli5Xou4og6LuK5LihPGRpdiBzdHlsZT0ibWFyZ2luLWJvdHRvbToyMHB4O3RleHQtYWxpZ246Y2VudGVyOyI+PGltZyBzcmM9Imh0dHA6Ly9pbWFnZS5yYWt1dGVuLmNvLmpwL2F1dG9wYXJ0cy1hZ2VuY3kvY2FiaW5ldC9uZXdfYXR0ZW50aW9uLmdpZiIgYm9yZGVyPSIwIiBhbHQ9Iue0jeacn+ODu+WVhuWTgeOBq+OBpOOBhOOBpuOBruazqOaEj+S6i+mgheOBp+OBmeOAgueiuuiqjeOBj+OBoOOBleOBhCIgPgo8L2Rpdj4=,QVAg44Ko44Ki44Kz44Oz44OV44Kj44Or44K/44O8IOa0u+aAp+eCreWFpeOCiiDjg57jg4Tjg4Ag44OT44Ki44Oz44OGIENDRUFXQ0NFRldDQ0ZGV0NDM0ZXIDIwMDjlubQwN+aciO+9nu+8muOCquODvOODiOODkeODvOODhOOCqOODvOOCuOOCp+ODs+OCt+ODvA==,44Kr44O844OR44O844OEIOOCquODvOODiOODkeODvOODhCDoh6rli5Xou4rpg6jlk4Eg44Kr44O855So5ZOB44OW44Os44O844Kt44OR44OD44OJ6LuK6auY6Kq/44Kt44OD44OI44Oe44OV44Op44O844Ko44Ki44Kz44Oz44OV44Kj44Or44K/44O844OJ44Op44Kk44OW44K344Oj44OV44OI44K544OG44Ki44Oq44Oz44Kw44OW44O844OE44OQ44OD44OG44Oq44O844K144K544Oa44Oz44K344On44Oz44Ko44Ki44OV44Kj44Or44K/44O8QVAg44Ko44Ki44Kz44Oz44OV44Kj44Or44K/44O8IOa0u+aAp+eCreWFpeOCiiDjg57jg4Tjg4Ag44OT44Ki44Oz44OGIENDRUFXQ0NFRldDQ0ZGV0NDM0ZXIDIwMDjlubQwN+aciO+9ng==,44CA44CCQVAg44Ko44Ki44Kz44Oz44OV44Kj44Or44K/44O8IOa0u+aAp+eCreWFpeOCiiDjg57jg4Tjg4Ag44OT44Ki44Oz44OGIENDRUFXQ0NFRldDQ0ZGV0NDM0ZXIDIwMDjlubQwN+aciO+9ng==[rn]
21-63180,aHR0cDovL3RzaG9wLnIxMHMuanAvYXAtbXRrL2NhYmluZXQvaXRlbS9wbWMtYWYuanBnP2ZpdGluPTcwMDo3MDA=,MTYwOC4wMDAw,,6LuK55So5ZOB44O744OQ44Kk44Kv55So5ZOBID4g44Kr44O855So5ZOBID4g44OQ44OD44OG44Oq44O844O744Oh44Oz44OG44OK44Oz44K555So5ZOBID4g44OV44Kj44Or44K/44O8ID4g44Ko44Ki44Kz44Oz44OV44Kj44Or44K/44O8,44Ko44Ki44Kz44Oz44OV44Kj44Or44K/44O877yS5YCL5Lul5LiK6LO85YWl44Gn6YCB5paZ54Sh5paZ44CA44CQ44GC44GZ5qW95a++5b+c44CR44CAUE1DIOOCqOOCouOCs+ODs+ODleOCo+ODq+OCv+ODvO+8iOa0u+aAp+eCreWFpeiEseiHreOCv+OCpOODl++8iSDjgrnjgrrjgq3ou4rnlKggUEMtOTEyQw==,44CQ44Ov44K044OzUuODu+ODkeODrOODg+ODiOODu+ODqeODkeODs+ODu+ODnuODhOODgEFa44Ov44K044Oz57O744CR,PHRhYmxlIGJvcmRlcj0iMCIgd2lkdGg9IjYyMCI+PHRyPjx0ZD48L3RkPjwvdHI+PC90YWJsZT4KPGltZyBzcmM9Imh0dHA6Ly9pbWFnZS5yYWt1dGVuLmNvLmpwL2FwLW10ay9jYWJpbmV0L2NhbXBhaWduL3BtYy1ib3NjaC5qcGciPjxicj4KPGltZyBzcmM9Imh0dHA6Ly9pbWFnZS5yYWt1dGVuLmNvLmpwL2FwLW10ay9jYWJpbmV0L2NhbXBhaWduL3J1cnUuanBnIj48YnI+Cjxicj4KCjxpbWcgc3JjPSJodHRwOi8vaW1hZ2UucmFrdXRlbi5jby5qcC9hcC1tdGsvY2FiaW5ldC9pdGVtNC9pbWc1NzQ1NTkxNC5qcGciPjxicj4KPGJyPgo8Zm9udCBzaXplPTM+UE1DIOi7iueoruWIpemBqeWQiOihqOOBrzxhIFRBUkdFVD0iX2JsYW5rIiAgaHJlZj0iaHR0cDovL2xpbmsucmFrdXRlbi5jby5qcC8wLzAxNS85OTYvIj4KPGZvbnQgY29sb3I9IiMwMDAwRkYiPuKWsuOBk+OBk+OCkuOCr+ODquODg+OCrzwvZm9udD48L2E+PC9mb250Pgrjg5Hjgrfjg5XjgqPjg4Pjgq/lt6Xmpa3jgIBQLk0uQ+OAgOOCqOOCouOCs+ODs+ODleOCo+ODq+OCv+ODvO+8iOa0u+aAp+eCreWFpeiEseiHreOCv+OCpOODl++8ieOAgOOCueOCuuOCrei7iueUqOOAgFBDLTkxMkM8YnI+Cjxicj4K5Luj6KGo6YGp55So6LuK56iu44CA77ya44CA44Ov44K044OzUu+8iE1IMjNT44CAMDgvMDnvvZ7vvInjg7vjg5Hjg6zjg4Pjg4jvvIhNSzIxU+OAgDA4LzAy772e77yJ44CA44Op44OR44Oz77yISEUyMlPjgIAwOC8xMe+9nu+8ieOAgOODnuODhOODgEFa44Ov44K044Oz77yITUoyM1PjgIAwOC8xMO+9nu+8ieOAgOetiTxicj4KPGJyPgrlr77osaHntJTmraPnlarlj7fjgIDvvJrjgIA5NTg2MS04MkswMDxicj4KPGJyPgo8Yj48Zm9udCBjb2xvcj3igJ0jMDAwMGZmIj7igLvjgZ3jga7ku5bjgavjgoLmsqLlsbHjga7ou4rnqK7jgavoqbLlvZPjgYTjgZ/jgZfjgb7jgZnjga7jgafjgIHjgZTkuI3mmI7jgarou4rnqK7jgYzjgZTjgZbjgYTjgb7jgZfjgZ/jgonliKXpgJTjg6Hjg7zjg6vjgavjgabjgYrllY/jgYTlkIjjgo/jgZvjgY/jgaDjgZXjgYTjgII8L2ZvbnQ+PC9iPjxicj4KPGJyPgrpganlkIjnorroqo3jgpLjgZTluIzmnJvjga7jgYrlrqLmp5jjga/jgIHjgYrou4rjga7ou4rmpJzoqLzjgavoqJjovInjgZXjgozjgabjgYTjgos8YnI+CjxiPjxmb250IGNvbG9yPXJlZD7jgJDliJ3lubTluqbnmbvpjLLlubTmnIjjg7vou4rkvZPnlarlj7fjg7vlnovlvI/jg7vlnovlvI/mjIflrprnlarlj7fjg7vpoZ7liKXljLrliIbnlarlj7fjg7vjg6Hjg7zjgqvjg7zjgajou4rnqK7jgJE8L2ZvbnQ+PGJyPgrjgpLmlZnjgYjjgabjgYTjgZ/jgaDjgZHjgozjgbDjgIHlvZPnpL7jgafpganlkIjjgpLjgYroqr/jgbnoh7TjgZfjgb7jgZnjga7jgafjgIHjgYrmsJfou73jgavjgYrllY/jgYTlkIjjgo/jgZvjgY/jgaDjgZXjgYTjgII8YnI+Cjxicj4KPGZvbnQgY29sb3I9cmVkPuKAu+WVhuWTgeips+e0sOODu+mBqeWQiOODu+WPluS7mOOBq+OBpOOBjeOBvuOBl+OBpuOBr+ODoeODvOOCq+ODvOOCteOCpOODiOOBp+OBrueiuuiqjeOCguWHuuadpeOBvuOBmeOAgjwvZm9udD48YnI+,44Ko44Ki44Kz44Oz44OV44Kj44Or44K/44O877yS5YCL5Lul5LiK6LO85YWl44Gn6YCB5paZ54Sh5paZ44CA44CQ44GC44GZ5qW95a++5b+c44CR44CAUE1DIOOCqOOCouOCs+ODs+ODleOCo+ODq+OCv+ODvO+8iOa0u+aAp+eCreWFpeiEseiHreOCv+OCpOODl++8iSDjgrnjgrrjgq3ou4rnlKggUEMtOTEyQ++8mu+8re+8tO+8qw==,44Ko44Ki44Kz44Oz44OV44Kj44Or44K/44O877yS5YCL5Lul5LiK6LO85YWl44Gn6YCB5paZ54Sh5paZ44CA44CQ44GC44GZ5qW95a++5b+c44CR44CAUE1DIOOCqOOCouOCs+ODs+ODleOCo+ODq+OCv+ODvO+8iOa0u+aAp+eCreWFpeiEseiHreOCv+OCpOODl++8iSDjgrnjgrrjgq3ou4rnlKggUEMtOTEyQw==,44CQ44Ov44K044OzUuODu+ODkeODrOODg+ODiOODu+ODqeODkeODs+ODu+ODnuODhOODgEFa44Ov44K044Oz57O744CR44CC44Ko44Ki44Kz44Oz44OV44Kj44Or44K/44O877yS5YCL5Lul5LiK6LO85YWl44Gn6YCB5paZ54Sh5paZ44CA44CQ44GC44GZ5qW95a++5b+c44CR44CAUE1DIOOCqOOCouOCs+ODs+ODleOCo+ODq+OCv+ODvO+8iOa0u+aAp+eCreWFpeiEseiHreOCv+OCpOODl++8iSDjgrnjgrrjgq3ou4rnlKggUEMtOTEyQw==[rn]
21-63181,aHR0cDovL3RzaG9wLnIxMHMuanAvZ29sZC9hdWMtcGFydHNraW5nL2ltZy9zeW91aGluL2dmaWx0ZXIwMS5qcGc/Zml0aW49NzAwOjcwMA==,MTE2MDAuMDAwMA==,,6LuK55So5ZOB44O744OQ44Kk44Kv55So5ZOBID4g44Kr44O855So5ZOBID4g44OQ44OD44OG44Oq44O844O744Oh44Oz44OG44OK44Oz44K555So5ZOBID4g44OV44Kj44Or44K/44O8ID4g44Ko44Ki44Kz44Oz44OV44Kj44Or44K/44O8,5aSW5Zu96LuK55SoIEhlbmdzdOijveOAgOmrmOaAp+iDveOCqOOCouOCs+ODs+ODleOCo+ODq+OCv+ODvEJNV+OAgEU2MOeUqOOAgE5BMzDvvIg1MzBp77yJIOa0u+aAp+eCreWFpSBb5ZOB55Wq77yaRTI5NjNMQy9DVUszMTM5LTJdMuWAi+OCu+ODg+ODiCDjgJBzbXRiLWvjgJHjgJBrYuOAkeOAkOalveWkqeOCq+ODvOODieWIhuWJsuOAkQ==,56iO6L68IOmAgeaWmeeEoeaWmSBIZW5nc3Too73jgIDjgqjjgqLjgrPjg7Pjg5XjgqPjg6vjgr/jg7w=,PGNlbnRlcj4KPEltZyBTcmM9Ii9hdWMtcGFydHNraW5nL2NhYmluZXQvYWlyZmlsdGVyL2U5NjBsYy5qcGciPjxCUj48QlI+Cgo8VEFCTEUgV0lEVEg9NjAwIEJPUkRFUj0wIENFTExQQURESU5HPTUgQ0VMTFNQQUNJTkc9MSBCR0NPTE9SPSNBQkNFRUI+ICAgICAgICAgICA8VFIgQkdDT0xPUj0jRThFRUY5PiAgICAgICAgICAgPFREIFdJRFRIPTExMCBCR0NPTE9SPSMzNDRmZTQ+PEZPTlQgQ09MT1I9I0ZGRkZGRj48U1RST05HPiDilqDllYblk4HlkI0gICAgICAgICAgPC9TVFJPTkc+PC9GT05UPjwvVEQ+ICAgICAgICAgICA8VEQgV0lEVEg9NjA2IEJHQ09MT1I9I0ZGRkZGRj48U1RST05HPiDvvKLvvK3vvLfjgIDvvKXvvJbvvJDjgIDvvK7vvKHvvJPvvJDvvIjvvJXvvJPvvJDvvYnvvInnlKjjgIBIZW5nc3Too70vTUFOTuijveOAgOOCqOOCouOCs+ODs+ODleOCo+ODq+OCv+ODvCA8QlI+PEJSPgrlk4HnlarvvJpFMjk2M0xD77yIMuWAi+OCu+ODg+ODiO+8iShIZW5nc3TnpL7oo70p77yPQ1VLMzEzOS0yKE1BTk7npL7oo70pIDxCUj48QlI+CjxGb250IFNpemU9IjIiIENvbG9yPSJyZWQiPuOAgOKAu+OBk+OBoeOCieOBruWVhuWTgeOBr+ODoeODvOOCq+ODvOmBleOBhOOBruWQjOetieWTgeOBqOOBl+OBpuWPluOCiuaJseOBo+OBpuOBiuOCiuOBvuOBmeOBruOBp+OAgTxCUj4K44CA44CA5Zyo5bqr54q25rOB44Gr44KI44KK44CBSGVuZ3N06KO95Y+K44GzTUFOTuijveOBruOBqeOBoeOCieOBi+OBruWVhuWTgeOCkueZuumAgeOBl+OBvuOBmeOAgjxCUj4K44CA44CA44Oh44O844Kr44O85oyH5a6a44Gv44Gn44GN44G+44Gb44KT44Gu44Gn44GU5LqG5om/5LiL44GV44GE44CCPC9mb250PjxCUj4KPEJSPjxGT05UIENPTE9SPVJFRD48Qj7pgIHmlpnnhKHmlpnvvIHvvIE8Rm9udCBTaXplPSIyIj7vvIjljJfmtbfpgZPjg7vmspbnuITjg7vpm6Lls7bjga/liKXpgJTpgIHmlpnjgpLjgYrpoZjjgYTjgZfjgb7jgZnvvIk8L0ZPTlQ+PC9CPjwvRk9OVD4gPC9TVFJPTkc+PC9URD48L1RSPiA8VFIgQkdDT0xPUj0jRThFRUY5PiA8VEQgQkdDT0xPUj0jMzQ0ZmU0PiA8Rk9OVCBDT0xPUj0jRkZGRkZGPjxTVFJPTkc+IOKWoOmBqeW/nOi7iueorjwvU1RST05HPjwvRk9OVD48L1REPiA8VEQgQkdDT0xPUj0jRkZGRkZGPjxTVFJPTkc+CjxCUj4K77yi77yt77y344CA77yl77yW77yQ44CA77yu77yh77yS77yV77yI77yV77yS77yV772J77yJPEJSPgrjgIDjgIDjgIDjgIDjgIDjgIDjgIDjgIDjgIDvvK7vvKHvvJPvvJDvvIjvvJXvvJPvvJDvvYnvvIk8QlI+CuOAgOOAgOOAgOOAgOOAgOOAgOOAgOOAgOOAgO+8ru+8ou+8lO+8lO+8iO+8le+8lO+8le+9ie+8iTxCUj4KPEJSPgrvvKLvvK3vvLfjgIDvvKXvvJbvvJHjgIDvvK7vvKfvvJLvvJXvvIjvvJXvvJLvvJXvvYnjgIDjg4Tjg7zjg6rjg7PjgrDvvIk8QlI+CuOAgOOAgOOAgOOAgOOAgOOAgOOAgOOAgOOAgO+8ru+8rO+8k++8kO+8iO+8le+8k++8kO+9ieOAgOODhOODvOODquODs+OCsO+8iTxCUj4K44CA44CA44CA44CA44CA44CA44CA44CA44CA77yw77y177yS77yV77yI77yV77yS77yV772J44CA44OE44O844Oq44Oz44Kw77yJPEJSPgrjgIDjgIDjgIDjgIDjgIDjgIDjgIDjgIDjgIDvvLDvvLXvvJPvvJDvvIjvvJXvvJPvvJDvvYnjgIDjg4Tjg7zjg6rjg7PjgrDvvIk8QlI+CuOAgOOAgOOAgOOAgOOAgOOAgOOAgOOAgOOAgO+8sO+8tu+8k++8kO+8iO+8le+8k++8kO+9mO+9ieOAgOODhOODvOODquODs+OCsO+8iTxCUj4K44CA44CA44CA44CA44CA44CA44CA44CA44CA77yw77y377yU77yY77yI77yV77yV77yQ772J44CA44OE44O844Oq44Oz44Kw77yJPEJSPjxCUj4KIDwvU1RST05HPjwvVEQ+PC9UUj4KPFRSIEJHQ09MT1I9I0U4RUVGOT48VEQgQkdDT0xPUj0jMzQ0ZmU0PiA8Rk9OVCBDT0xPUj0jRkZGRkZGPjxTVFJPTkc+IOKWoOOBiuaUr+aJleOBhCA8L1NUUk9ORz48L0ZPTlQ+PC9URD4gPFREIEJHQ09MT1I9I0ZGRkZGRj48U1RST05HPiDmtojosrvnqI7ovrzjgb/jgIHpgIHmlpnnhKHmlpkgPEJSPjxCUj4g77yI5YyX5rW36YGT44CB5rKW57iE44CB6Zui5bO244Gv5Yil6YCU6YCB5paZ44KS44GK6aGY44GE44GX44G+44GZ77yJICAgICAgICAgIDwvU1RST05HPjwvVEQ+PC9UUj4gPFRSIEJHQ09MT1I9I0U4RUVGOT48VEQgQkdDT0xPUj0jMzQ0ZmU0PiA8Rk9OVCBDT0xPUj0jRkZGRkZGPjxTVFJPTkc+IOKWoOWCmeOAgOiAgyA8L1NUUk9ORz48L0ZPTlQ+PC9URD4gPFREIEJHQ09MT1I9I0ZGRkZGRj48U1RST05HPuKWoOOBiui7iuOBruOCqOOCouOCs+ODs+OBq+OCguOBlOWutuW6reeUqOOBruOCqOOCouOCs+ODs+OBqOWQjOanmOOBq+OAgeODleOCo+ODq+OCv+ODvOOBjDxCUj4K44CA44Gk44GE44Gm44GE44G+44GZ44CC44CA44GT44Gu44OV44Kj44Or44K/44O844GM6LuK5aSW44GL44KJ44Gu5rGa44KM44Gf56m65rCX44CBPEJSPgrjgIDoirHnsonjgIHjg5vjgrPjg6rjgIHmjpLmsJfjgqzjgrnjgarjganjgavlkKvjgb7jgozjgovjg4fjgqPjg7zjgrzjg6vnsonjgarjganjgpI8QlI+CuOAgOOCq+ODg+ODiOOBlzxGT05UIENPTE9SPVJFRD48Qj7ou4rlhoXjgpLjgq/jg6rjg7zjg7Pjgaflv6vpganjgas8L0I+PC9GT05UPuS/neOBoeOBvuOBmeOAgjxCUj48QlI+CuKWoOOBk+OBruOCqOOCouOCs+ODs+ODleOCo+ODq+OCv+ODvOOBjOWPpOOBj+OBquOCi+OBqOebruipsOOBvuOCiuOCkuOBiuOBk+OBl+OAgeOCqOOCouOCs+ODs+OBrjxCUj4K44CA6aKo6YeP44GM5L2O5LiL44GX44Gf44KK44CB6ISx6Iet5Yq55p6c44GM5L2O5LiL44GX44G+44GZ44Gu44Gn44CB5a6a5pyf55qE44Gq5Lqk5o+b44GMPEJSPuOAgOW/heimgeOBp+OBmeOAgjxCUj4KPEZPTlQgQ09MT1I9UkVEPjxCPuOAgO+8iOS6pOaPm+aOqOWlqOOBr+OAge+8keS4h++8leWNg++8q++9jSDlj4jjga8g77yR5bm044Go44Gq44Gj44Gm44GK44KK44G+44GZ77yJIDwvQj48L0ZPTlQ+PEJSPjxCUj4K4pag6Iqx57KJ55eH5a++562W44KE44CB44Ko44Ki44Kz44Oz44Gu5auM44Gq6Iet44GE44KS6Kej5raI44GX44Kv44Oq44O844Oz44Gq6LuK5YaF44GrPEJSPgrjgIDkv53jgaTngrrjgavntJTmraPjgojjgorjgoLpq5jmgKfog73jgao8Rk9OVCBDT0xPUj1SRUQ+PEI+5rS75oCn54Kt5YWl44KK6ISx6Iet5qmf6IO95LuY44GNPC9CPjwvRk9OVD7jgqjjgqLjgrPjg7M8QlI+CuOAgOODleOCo+ODq+OCv+ODvOOCkuOBiuWLp+OCgeiHtOOBl+OBvuOBmeOAgjxCUj48QlI+CuKWoDxGT05UIENPTE9SPWJsdWU+PEI+SGVuZ3N056S+77yI44OY44Oz44Kw44K544OI56S+77yJ44GvMTk1OOW5tOOBq+ODieOCpOODhOOBp+ioreeri+OBleOCjOOBn+attOWPsuOBrjxCUj4K44CA44GC44KL44OV44Kj44Or44K/44O844Oh44O844Kr44O844Gn44CB44OV44Kj44Or44K/44K344K544OG44Og6KO96YCg44Gn5LiW55WM44KS44Oq44O844OJPEJSPgrjgIDjgZnjgovkvIHmpa3jgafjgZnjgII8QlI+CuOAgOODqOODvOODreODg+ODkeOBruS4u+imgeOBquiHquWLlei7iuODoeODvOOCq+ODvOOBq+ODleOCo+ODq+OCv+ODvOOCku+8r++8pe+8ree0jeWFpTxCUj4K44CA44GX44Gm44GE44KL44CB6Z2e5bi444Gr5oqA6KGT5Yqb44Gu44GC44KL5LyB5qWt44GnIDxGT05UIENPTE9SPXJlZD5JUzA5MDAxLFRTMTY5NDk8L0ZPTlQ+IOWPiuOBszxCUj4K44CAPEZPTlQgQ09MT1I9cmVkPklTMDE0MDAxPC9GT05UPiDjgoLlj5blvpfjgZfjgabjgYTjgb7jgZnjgII8L0I+PC9GT05UPjxCUj48QlI+CjwvU1RST05HPjwvVEQ+PC9UUj48L1RBQkxFPiA8Rk9OVCBDT0xPUj13aGl0ZT7nrqHnkIbnlarlj7fvvJpGSUxULUJNPC9GT05UPjxicj48aW1nIHNyYz0vYXVjLXBhcnRza2luZy9jYWJpbmV0L2NhdGVnb3J5L2ltZ3JjMDA2NDg0MDUyOS5naWY+PGJyPjxpbWcgc3JjPS9hdWMtcGFydHNraW5nL2NhYmluZXQvY2F0ZWdvcnkvaW1ncmMwMDY0ODMwODM4LmdpZj48Y2VudGVyPgo8aW1nIHNyYz0iaHR0cHM6Ly9pbWFnZS5yYWt1dGVuLmNvLmpwL2F1Yy1wYXJ0c2tpbmcvY2FiaW5ldC9jYXRlZ29yeS9pbWdyYzAwNjUwMjU0NjIuZ2lmIiBhbHQ9IuODqeODs+OCreODs+OCsOW4ryI+PGJyPgoKPGltZyBzcmM9Imh0dHBzOi8vaW1hZ2UucmFrdXRlbi5jby5qcC9hdWMtcGFydHNraW5nL2NhYmluZXQvc3lvdWhpbi9pbWdyYzAwNjQ4NzMzMTcuZ2lmIiBhbHQ9IkFURiIgd2lkdGg9IjE1MHB4Ij4KPGltZyBzcmM9Imh0dHBzOi8vaW1hZ2UucmFrdXRlbi5jby5qcC9hdWMtcGFydHNraW5nL2NhYmluZXQvMDQ5MjQ1OTYvaW1ncmMwMDY0ODgzMzQ2LmdpZiIgYWx0PSI1VzMwIiB3aWR0aD0iMTUwcHgiPgo8aW1nIHNyYz0iaHR0cHM6Ly9pbWFnZS5yYWt1dGVuLmNvLmpwL2F1Yy1wYXJ0c2tpbmcvY2FiaW5ldC8wNDkyNDU5Ni9pbWdyYzAwNjQ4NzU5MjcuZ2lmIiBhbHQ9IuOCt+ODleODiOODjuODliIgd2lkdGg9IjE1MHB4Ij4KPGltZyBzcmM9Imh0dHBzOi8vaW1hZ2UucmFrdXRlbi5jby5qcC9hdWMtcGFydHNraW5nL2NhYmluZXQvMDQ5MjQ1OTYvaW1ncmMwMDY0ODgwNjE3LmdpZiIgYWx0PSLjg5vjg7zjg7MiIHdpZHRoPSIxNTBweCI+CjxpbWcgc3JjPSJodHRwczovL2ltYWdlLnJha3V0ZW4uY28uanAvYXVjLXBhcnRza2luZy9jYWJpbmV0LzA0OTI0NTk2L2ltZ3JjMDA2NDg3MzYwNy5naWYiIGFsdD0i44K544O844OR44O844K444Kn44OD44OI44Oe44OD44Kv44K5IiB3aWR0aD0iMTUwcHgiPgo8YnI+CjxpbWcgc3JjPSJodHRwczovL2ltYWdlLnJha3V0ZW4uY28uanAvYXVjLXBhcnRza2luZy9jYWJpbmV0L3BsdWcvbmdrX21heF9wbHVnXzZnbS5qcGciIGFsdD0iTUFY44OX44Op44KwIiB3aWR0aD0iMTUwcHgiPgo8aW1nIHNyYz0iaHR0cHM6Ly93d3cucmFrdXRlbi5uZS5qcC9nb2xkL2F1Yy1wYXJ0c2tpbmcvaW1nL3N5b3VoaW4vSEQxXzAwLmpwZyIgYWx0PSJIRC0xIiB3aWR0aD0iMTUwcHgiPgo8aW1nIHNyYz0iaHR0cHM6Ly9pbWFnZS5yYWt1dGVuLmNvLmpwL2F1Yy1wYXJ0c2tpbmcvY2FiaW5ldC8wNDkyNDU5Ni9pbWdyYzAwNjQ0MzI0OTYuZ2lmIiBhbHQ9IuODkOODg+ODhuODquODvDIxMEgiIHdpZHRoPSIxNTBweCI+CjxpbWcgc3JjPSJodHRwczovL2ltYWdlLnJha3V0ZW4uY28uanAvYXVjLXBhcnRza2luZy9jYWJpbmV0L3BsdWcvcngtMS5naWYiIGFsdD0iTkdL44OX44Os44Of44Ki44OgUljjg5fjg6njgrAiIHdpZHRoPSIxNTBweCI+CjxpbWcgc3JjPSJodHRwczovL3d3dy5yYWt1dGVuLm5lLmpwL2dvbGQvYXVjLXBhcnRza2luZy9pbWcvc3lvdWhpbi9CTC0yNV8wMi5qcGciIGFsdD0iQkwtMjUiIHdpZHRoPSIxNTBweCI+Cgo8YnI+Cjxicj4KPGltZyBzcmM9Imh0dHBzOi8vaW1hZ2UucmFrdXRlbi5jby5qcC9hdWMtcGFydHNraW5nL2NhYmluZXQvY2F0ZWdvcnkvaW1ncmMwMDY1MDI1NDYwLmdpZiIgYWx0PSLjg4fjgrbjgqTjg7Ppm6rnlKjjg6/jgqTjg5Hjg7wiIGJvcmZlcj0iMCI+CjxpbWcgc3JjPSJodHRwczovL2ltYWdlLnJha3V0ZW4uY28uanAvYXVjLXBhcnRza2luZy9jYWJpbmV0L2NhdGVnb3J5L2ltZ3JjMDA2NTAyNTQ1OS5naWYiIGFsdD0i44K244OD44Kv6Zuq55So44Ov44Kk44OR44O8IiBib3JmZXI9IjAiPgo8YnI+CjxpbWcgc3JjPSJodHRwczovL2ltYWdlLnJha3V0ZW4uY28uanAvYXVjLXBhcnRza2luZy9jYWJpbmV0L2NhdGVnb3J5L2ltZ3JjMDA2NTAyNTQyMi5naWYiIGFsdD0iR1Pjg5Djg4Pjg4bjg6rjg7wiIGJvcmZlcj0iMCI+CjxpbWcgc3JjPSJodHRwczovL2ltYWdlLnJha3V0ZW4uY28uanAvYXVjLXBhcnRza2luZy9jYWJpbmV0L2NhdGVnb3J5L2ltZ3JjMDA2NTAyNTQyMS5naWYiIGFsdD0i44OW44Os44O844Kt44OR44OD44OJIiBib3JmZXI9IjAiPgo8aW1nIHNyYz0iaHR0cHM6Ly9pbWFnZS5yYWt1dGVuLmNvLmpwL2F1Yy1wYXJ0c2tpbmcvY2FiaW5ldC9jYXRlZ29yeS9pbWdyYzAwNjUwMjU0MjAuZ2lmIiBhbHQ9IuODkOOCpOOCr+ODreODg+OCryIgYm9yZmVyPSIwIj4KPGltZyBzcmM9Imh0dHBzOi8vaW1hZ2UucmFrdXRlbi5jby5qcC9hdWMtcGFydHNraW5nL2NhYmluZXQvY2F0ZWdvcnkvaW1ncmMwMDY1MDI1NDE5LmdpZiIgYWx0PSLjgr/jgqTjg6Tjg4Hjgqfjg7zjg7MiIGJvcmZlcj0iMCI+Cjxicj4KPGltZyBzcmM9Imh0dHBzOi8vaW1hZ2UucmFrdXRlbi5jby5qcC9hdWMtcGFydHNraW5nL2NhYmluZXQvY2F0ZWdvcnkvaW1ncmMwMDY1MDI1NDE4LmdpZiIgYWx0PSLjgrnjg47jg5zjgq3jg6Pjg6rjgqIiIGJvcmZlcj0iMCI+CjxpbWcgc3JjPSJodHRwczovL2ltYWdlLnJha3V0ZW4uY28uanAvYXVjLXBhcnRza2luZy9jYWJpbmV0L2NhdGVnb3J5L2ltZ3JjMDA2NTAyNTQxNy5naWYiIGFsdD0i44Kt44Oj44Oq44KiIiBib3JmZXI9IjAiPgo8aW1nIHNyYz0iaHR0cHM6Ly9pbWFnZS5yYWt1dGVuLmNvLmpwL2F1Yy1wYXJ0c2tpbmcvY2FiaW5ldC9jYXRlZ29yeS9pbWdyYzAwNjUwMjU0MTYuZ2lmIiBhbHQ9IuOCqOOCouOCs+ODs+ODleOCo+ODq+OCv+ODvCIgYm9yZmVyPSIwIj4KPGltZyBzcmM9Imh0dHBzOi8vaW1hZ2UucmFrdXRlbi5jby5qcC9hdWMtcGFydHNraW5nL2NhYmluZXQvY2F0ZWdvcnkvaW1ncmMwMDY1MDI1NDQwLmdpZiIgYWx0PSLmr5vjgbDjgZ/jgY0iIGJvcmZlcj0iMCI+,5aSW5Zu96LuK55SoIEhlbmdzdOijveOAgOmrmOaAp+iDveOCqOOCouOCs+ODs+ODleOCo+ODq+OCv+ODvEJNV+OAgEU2MOeUqOOAgE5BMzDvvIg1MzBp77yJIOa0u+aAp+eCreWFpSBb5ZOB55Wq77yaRTI5NjNMQy9DVUszMTM5LTJdMuWAi+OCu+ODg+ODiCDjgJBzbXRiLWvjgJHjgJBrYuOAkeOAkOalveWkqeOCq+ODvOODieWIhuWJsuOAke+8muODkeODvOODhOOCreODs+OCsOalveWkqeW4guWgtOW6lw==,44OR44O844OE44Kt44Oz44Kw44OX44Op44Kw6LuK44Gu6YOo5ZOB44Kz44O844OJ44Kr44O855So5ZOB44Oe44OV44Op44O844OR44Kk44OXSFNU44Ot44O844K/44O86LuK55So5ZOB6LuK44OQ44Kk44Kv44OQ44Kk44Kv55So5ZOB44OQ44OD44OG44Oq44O844Ok44OK44K7R1Pjg6bjgqLjgrXjg6bjg7zjg63jg5bjg6njg4Pjgq/ljbPml6XnmbrpgIHljbPntI3oh6rli5Xou4rpg6jlk4HlpJblm73ou4rnlKggSGVuZ3N06KO944CA6auY5oCn6IO944Ko44Ki44Kz44Oz44OV44Kj44Or44K/44O8Qk1X44CARTYw55So44CATkEzMO+8iDUzMGnvvIkg5rS75oCn54Kt5YWlIFvlk4HnlarvvJpFMjk2M0xDL0NVSzMxMzktMl0y5YCL44K744OD44OIIOOAkHNtdGIta+OAkeOAkGti44CR44CQ5qW95aSp44Kr44O844OJ5YiG5Ymy44CR,56iO6L68IOmAgeaWmeeEoeaWmSBIZW5nc3Too73jgIDjgqjjgqLjgrPjg7Pjg5XjgqPjg6vjgr/jg7zjgILlpJblm73ou4rnlKggSGVuZ3N06KO944CA6auY5oCn6IO944Ko44Ki44Kz44Oz44OV44Kj44Or44K/44O8Qk1X44CARTYw55So44CATkEzMO+8iDUzMGnvvIkg5rS75oCn54Kt5YWlIFvlk4HnlarvvJpFMjk2M0xDL0NVSzMxMzktMl0y5YCL44K744OD44OIIOOAkHNtdGIta+OAkeOAkGti44CR44CQ5qW95aSp44Kr44O844OJ5YiG5Ymy44CR[rn]
