11-193201,aHR0cDovL3RzaG9wLnIxMHMuanAvYXVjLWFjY2Vzcy9jYWJpbmV0LzAyNzI4MzczL2dyLXhpX2wuanBnP2ZpdGluPTcwMDo3MDA=,MTExNTIuMDAwMA==,,6LuK55So5ZOB44O744OQ44Kk44Kv55So5ZOBID4g44Kr44O855So5ZOBID4g44K144Oe44O844K/44Kk44Ok,UkVHTk8gR1ItWEkgMTk1LzU1UjE2IDg3Vg==,5paw5ZOB44K/44Kk44OkMeacrC/pgIHmlpnnhKHmlpk=,PHRhYmxlIHdpZHRoPSIzNTAiIGJnY29sb3I9IiNGRjk5NjYiIGNlbGxzcGFjaW5nPSIxIiBjZWxscGFkZGluZz0iNSI+Cjx0ciBiZ2NvbG9yPSIjRkY5OTY2Ij4KPHRoIGNvbHNwYW49IjIiIGFsaWduPSJjZW50ZXIiPjxiPjxmb250IGNvbG9yPSIiPuWVhuWTgeips+e0sDwvZm9udD48L2I+PC90aD4KPC90cj4KPHRyPgo8dGggYWxpZ249ImNlbnRlciIgYmdjb2xvcj0iI0Y3QzdBRCI+PGZvbnQgc2l6ZT0iMiIgY29sb3I9IiI+44Oh44O844Kr44O8PC9mb250PjwvdGg+Cjx0ZCBiZ2NvbG9yPSIjRjRGNEY0Ij48Zm9udCBzaXplPSIyIiBjb2xvcj0iIj5CUklER0VTVE9ORSAvIOODluODquODguOCueODiOODszwvZm9udD48L3RkPgo8L3RyPgo8dHI+Cjx0aCBhbGlnbj0iY2VudGVyIiBiZ2NvbG9yPSIjRjdDN0FEIj48Zm9udCBzaXplPSIyIiBjb2xvcj0iIj7jg5Hjgr/jg7zjg7M8L2ZvbnQ+PC90aD4KPHRkIGJnY29sb3I9IiNGNEY0RjQiPjxmb250IHNpemU9IjIiIGNvbG9yPSIiPlJFR05PIEdSLVhJPC9mb250PjwvdGQ+CjwvdHI+Cjx0cj4KPHRoIGFsaWduPSJjZW50ZXIiIGJnY29sb3I9IiNGN0M3QUQiPjxmb250IHNpemU9IjIiIGNvbG9yPSIiPuWVhuWTgeWGheWuuTwvZm9udD48L3RoPgo8dGQgYmdjb2xvcj0iI0Y0RjRGNCI+PGZvbnQgc2l6ZT0iMiIgY29sb3I9IiI+44K/44Kk44Ok77yR5pysPC9mb250PjwvdGQ+CjwvdHI+CjwvdGFibGU+CjxwID48QlI+Cjxmb250IGNvbG9yPSJyZWQiPgrigLvmlrDlk4Hjgr/jgqTjg6TvvJHmnKzliIbjga7kvqHmoLzjgafjgZnjgII8QlI+PEJSPuKAu+WVhuWTgeeUu+WDj+OBr+OCpOODoeODvOOCuOOBp+OBmeOAguOCteOCpOOCuuetieOBq+OCiOOCiuODkeOCv+ODvOODs+etieiLpeW5sueVsOOBquOCi+WgtOWQiOOBlOOBluOBhOOBvuOBmTxCUj4K44O76KSH5pWw44GU5rOo5paH44Gu6Zqb44Gv44GU5biM5pyb44Gu5pys5pWw44KS44GU5oyH5a6a44GP44Gg44GV44GE44CCPGJyPgrjgJDpgIHmlpnjgavjgaTjgYTjgabjgJEgPEJSPuacrOW3ni/pgIHmlpnovrzjgIA8QlI+5YyX5rW36YGTLzHmnKzvv6U1MDAo56iO5YilKTxCUj7igLvmspbnuITjg7vpm6Lls7bjga/liKXpgJTlvqHopovnqY3jgoLjgoo8QlI+PEJSPgrigLvjg5vjgqTjg7zjg6vjga/ku5jlsZ7jgZfjgb7jgZvjgpM8QlI+PEJSPgrigLvjgZPjgaHjgonjga7llYblk4Hjga/jg6Hjg7zjgqvjg7zlj5blr4TjgZvjgajjgarjgorjgb7jgZk8QlI+CuODu+OBlOazqOaWh+eiuuWumuW+jOOAgeODoeODvOOCq+ODvOOCiOOCiuWPluWvhOOBm+aJi+mFjeiHtOOBl+OBvuOBmTxicj4K4oC744Oh44O844Kr44O85Zyo5bqr44GM44GC44KL5aC05ZCI44CB57SN5pyf55uu5a6J44Gv57SE77yV772e77yX5pel44Gn44GZPGJyPjxicj4K4oC744Oh44O844Kr44O85Zyo5bqr5qyg5ZOB44Gu5aC05ZCI44CB57SN5pyf44KS5pS544KB44Gm44GU5qGI5YaF44GE44Gf44GX44G+44GZ44CCPGJyPgrigLvjgYrmgKXjgY7jga7loLTlkIjjga/lv4XjgZrkuovliY3jga7lnKjluqvnorroqo3jgpLjgYrpoZjjgYToh7TjgZfjgb7jgZkKPC9mb250Pgo8QlI+PEJSPjwvcD4KCjxCUj7jgJDoo73pgKDlubTpgLHjgavjgaTjgYTjgabjgJE8QlI+CuODoeODvOOCq+ODvOWPluWvhOOBm+WTgeOBrueCuuOAgeijvemAoOW5tOmAseOBruOBlOeiuuiqjeOChOOBlOaMh+WumuOBr+WHuuadpeOBvuOBm+OCkzxCUj4KPEJSPgrjg6Hjg7zjgqvjg7zjgYzpganmraPjgavkv53nrqHjg7vmpJzlk4HjgZfjgIHlk4Hos6rjgavllY/poYznhKHjgZfjgajliKTmlq3jgZXjgozjgZ/llYblk4HjgpLjgYrlsYrjgZHoh7TjgZfjgb7jgZk8QlI+CumBqeato+OBq+S/neeuoeOBleOCjOOBn+aWsOWTgeOCv+OCpOODpOOBrzTlubTplpPjga/lkIznrYnjga7mgKfog73jgpLkv53jgaTjgajjg6Hjg7zjgqvjg7zlgbTjgavjgabnorroqo3jgZfjgabjgYrjgorjgb7jgZnjga7jgac8QlI+CuOCteOCpOOCuuODu+mKmOafhOOBq+OCiOOBo+OBpuOBr+ijvemAoOW5tOOBjDLvvZ4z5bm05YmN44Gu5ZWG5ZOB44Gr44Gq44KL5aC05ZCI44KC44GU44GW44GE44G+44GZPEJSPgo8QlI+CuOAkOWPluWvhOOBm+OCv+OCpOODpOOBrue0jeacn+eiuuiqjeOBq+OBpOOBhOOBpuOAkTxCUj4K44Oh44O844Kr44O85Zyo5bqr56K66KqN44GM5b+F6KaB44Go44Gq44KK44G+44GZ44Gu44Gn44GK6Zu76Kmx44Gn44Gu57SN5pyf5Zue562U44Gv5Ye65p2l44GL44Gt44G+44GZPEJSPgrntI3mnJ/norroqo3jgZTluIzmnJvjga7mlrnjga/lv4XjgZrjg6Hjg7zjg6vjgb7jgZ/jga/llY/lkIjjgZvjg5Xjgqnjg7zjg6DjgojjgorjgZTnorroqo3jgY/jgaDjgZXjgYQ8QlI+CjxCUj4K44Oh44O844Kr44O844KI44KK6L+U562U44GM44GC44KK5qyh56ys6YCj57Wh6Ie044GX44G+44GZ44GM44CBPEJSPgrlm57nrZTov4TjgavljYrml6XnqIvluqYo44GK5Y+X5LuY5pmC6ZaT44Gr44KI44Gj44Gm44Gv57+M5Za25qWt5pel44G+44GnKeOBiuaZgumWk+OCkumgguOBj+WgtOWQiOOCguOBlOOBluOBhOOBvuOBmeOBruOBp+S6iOOCgeOBlOS6huaJv+S4i+OBleOBhA==,UkVHTk8gR1ItWEkgMTk1LzU1UjE2IDg3Vu+8muOCq+ODvOODkeODvOODhOOAgOOCouOCr+OCu+OCueOAgOalveWkqeW4guWgtOW6lw==,44Ob44Kk44O844Or44K/44Kk44Ok44Ob44Kk44O844OrJmFtcDvjgr/jgqTjg6Tjgrvjg4Pjg4jjg4Djgqbjg7PjgrXjgrnou4rpq5joqr/jg4Djg7Pjg63jg4Pjg5dUT1lPUFJPWEVTRFJC44OX44Ot44Kv44K744K544Ko44Kz44K544K544OG44Ki44Oq44Oz44Kw44K344OV44OI44OO44OW44Kv44Op44Km44Oz44Ki44Or44OV44Kh44O844OJ44O044Kn44Or44OV44Kh44Kk44Ki44OP44Oq44Ki44O844OV44Kh44Or44Kx44Oz44OW44Oq44OC44K544OI44Oz77y577yv77yr77yv77yo77yh77yt77yhUkVHTk8gR1ItWEkgMTk1LzU1UjE2IDg3Vg==,5paw5ZOB44K/44Kk44OkMeacrC/pgIHmlpnnhKHmlpnjgIJSRUdOTyBHUi1YSSAxOTUvNTVSMTYgODdW[rn]
11-193202,aHR0cDovL3RzaG9wLnIxMHMuanAvdGlyZS13b29kcy9jYWJpbmV0L2ltZ3JjMDA2NDk2NzEyMC5qcGc/Zml0aW49NzAwOjcwMA==,MTYyNDAuMDAwMA==,,6LuK55So5ZOB44O744OQ44Kk44Kv55So5ZOBID4g44Kr44O855So5ZOBID4g44K144Oe44O844K/44Kk44Ok,44OU44Os44OqIFNjb3JwaW9uWmVybyjjgrnjgrPjg7zjg5Tjgqrjg7Pjgrzjg60pIDI4NS81NVIxOCAxMTNWIFNjb3JwaW9uWmVybzI4NS81NVIxOOOCueOCs+ODvOODlOOCquODs+OCvOODrQ==,6YCB5paZ54Sh5paZ77yB,,44OU44Os44OqIFNjb3JwaW9uWmVybyjjgrnjgrPjg7zjg5Tjgqrjg7Pjgrzjg60pIDI4NS81NVIxOCAxMTNWIFNjb3JwaW9uWmVybzI4NS81NVIxOOOCueOCs+ODvOODlOOCquODs+OCvOODre+8muOCv+OCpOODpOODvOOCpuODg+OCug==,44OU44Os44OqIFNjb3JwaW9uWmVybyjjgrnjgrPjg7zjg5Tjgqrjg7Pjgrzjg60pIDI4NS81NVIxOCAxMTNWIFNjb3JwaW9uWmVybzI4NS81NVIxOOOCueOCs+ODvOODlOOCquODs+OCvOODrQ==,6YCB5paZ54Sh5paZ77yB44CC44OU44Os44OqIFNjb3JwaW9uWmVybyjjgrnjgrPjg7zjg5Tjgqrjg7Pjgrzjg60pIDI4NS81NVIxOCAxMTNWIFNjb3JwaW9uWmVybzI4NS81NVIxOOOCueOCs+ODvOODlOOCquODs+OCvOODrQ==[rn]
11-193203,aHR0cDovL3RzaG9wLnIxMHMuanAvc2hpbm5paG9uLXQvY2FiaW5ldC8wMzc3NDc5OS9pbWdyYzAwNjc5MTgxMTEuanBnP2ZpdGluPTcwMDo3MDA=,NTI2NC4wMDAw,,6LuK55So5ZOB44O744OQ44Kk44Kv55So5ZOBID4g44Kr44O855So5ZOBID4g44K144Oe44O844K/44Kk44Ok,44OW44Oq44OC44K544OI44Oz44O744O744O75r+A5a6J44ON44Kv44K544OI44Oq44O877yR77yX77yVL++8lu+8kO+8su+8ke+8luOAgOWjsueti+OCteOCpOOCuuS5l+eUqOi7iueUqOOCv+OCpOODpA==,,,44OW44Oq44OC44K544OI44Oz44O744O744O75r+A5a6J44ON44Kv44K544OI44Oq44O877yR77yX77yVL++8lu+8kO+8su+8ke+8luOAgOWjsueti+OCteOCpOOCuuS5l+eUqOi7iueUqOOCv+OCpOODpO+8muOCouOCpuODiOODrOODg+ODiOODi+ODpeODvOOCuOODo+ODkeODsw==,44OW44Oq44OC44K544OI44Oz44O744O744O75r+A5a6J44ON44Kv44K544OI44Oq44O877yR77yX77yVL++8lu+8kO+8su+8ke+8luOAgOWjsueti+OCteOCpOOCuuS5l+eUqOi7iueUqOOCv+OCpOODpA==,44OW44Oq44OC44K544OI44Oz44O744O744O75r+A5a6J44ON44Kv44K544OI44Oq44O877yR77yX77yVL++8lu+8kO+8su+8ke+8luOAgOWjsueti+OCteOCpOOCuuS5l+eUqOi7iueUqOOCv+OCpOODpA==[rn]
11-193204,aHR0cDovL3RzaG9wLnIxMHMuanAvY2FycGFydHMtbWFydWtlaS9jYWJpbmV0L3RpcmUveW80X2x0MTUxci5qcGc/Zml0aW49NzAwOjcwMA==,NDAwNTcuNjAwMA==,,6LuK55So5ZOB44O744OQ44Kk44Kv55So5ZOBID4g44Kr44O855So5ZOBID4g44K144Oe44O844K/44Kk44Ok,44Oo44Kz44OP44OeIExUMTUxUiDlsI/lnovjg4jjg6njg4Pjgq/nlKjjgr/jgqTjg6QyMTUvODVSMTYgMTIwLzExOEwgNOacrOOCu+ODg+ODiA==,NOacrOOCu+ODg+ODiCEhIOmAgeaWmeeEoeaWmSEh,,44Oo44Kz44OP44OeIExUMTUxUiDlsI/lnovjg4jjg6njg4Pjgq/nlKjjgr/jgqTjg6QyMTUvODVSMTYgMTIwLzExOEwgNOacrOOCu+ODg+ODiO+8muOCq+ODvOODkeODvOODhOODnuODq+OCseOCpOalveWkqeW4guWgtOW6lw==,44Oo44Kz44OP44OeIExUMTUxUiDlsI/lnovjg4jjg6njg4Pjgq/nlKjjgr/jgqTjg6QyMTUvODVSMTYgMTIwLzExOEwgNOacrOOCu+ODg+ODiA==,NOacrOOCu+ODg+ODiCEhIOmAgeaWmeeEoeaWmSEh44CC44Oo44Kz44OP44OeIExUMTUxUiDlsI/lnovjg4jjg6njg4Pjgq/nlKjjgr/jgqTjg6QyMTUvODVSMTYgMTIwLzExOEwgNOacrOOCu+ODg+ODiA==[rn]
11-193205,aHR0cDovL3RzaG9wLnIxMHMuanAvY2FycGFydHMtbWFydWtlaS9jYWJpbmV0L3RpcmUvZHU0dGFfZGlyZXp6YS12My5qcGc/Zml0aW49NzAwOjcwMA==,NTU0NzIuMDAwMA==,,6LuK55So5ZOB44O744OQ44Kk44Kv55So5ZOBID4g44Kr44O855So5ZOBID4g44K144Oe44O844K/44Kk44Ok,44OA44Oz44Ot44OD44OXIOODh+OCo+ODrOODg+ODhOOCoSBaMyBaSUlJ44CAMjA1LzQ1UjE2IDgzVyA05pys44K744OD44OI,NOacrOOCu+ODg+ODiCEhIOmAgeaWmeeEoeaWmSEh,,44OA44Oz44Ot44OD44OXIOODh+OCo+ODrOODg+ODhOOCoSBaMyBaSUlJ44CAMjA1LzQ1UjE2IDgzVyA05pys44K744OD44OI77ya44Kr44O844OR44O844OE44Oe44Or44Kx44Kk5qW95aSp5biC5aC05bqX,44OA44Oz44Ot44OD44OXIOODh+OCo+ODrOODg+ODhOOCoSBaMyBaSUlJ44CAMjA1LzQ1UjE2IDgzVyA05pys44K744OD44OI,NOacrOOCu+ODg+ODiCEhIOmAgeaWmeeEoeaWmSEh44CC44OA44Oz44Ot44OD44OXIOODh+OCo+ODrOODg+ODhOOCoSBaMyBaSUlJ44CAMjA1LzQ1UjE2IDgzVyA05pys44K744OD44OI[rn]
11-193206,aHR0cDovL3RzaG9wLnIxMHMuanAvZ29vZG1hbi9jYWJpbmV0L3BpcmVsbGkvcHplcm8tdG0uanBnP2ZpdGluPTcwMDo3MDA=,MTk2ODAuMDAwMA==,,6LuK55So5ZOB44O744OQ44Kk44Kv55So5ZOBID4g44Kr44O855So5ZOBID4g44K144Oe44O844K/44Kk44Ok,44OU44Os44Oq44CAUOOCvOODreOAgOODqeODs+ODleODqeODg+ODiOOAgDI0NS80NVIxN+OAgDk1WeOAgOOAkOOCteODnuODvOOCv+OCpOODpOOAkeOAkOODqeODs+ODleODqeODg+ODiOOAkeOAkOODlOODrOODquOCuOODo+ODkeODs+ato+imj+WTgeOAkeOAkDE344Kk44Oz44OB44CR44CQMjQ1LTQ1LTE344CR,44CQ44K/44Kk44Ok5Lqk5o+b5Y+v44CR44CQ5p2x5Lqs44O75rGg6KKL44O744K144Oz44K344Oj44Kk44Oz6L+R44GP44CR,4peGUElSRUxMSSBQIFpFUk8gUkZU77yIUlVORkxBVO+8ieKXhjxicj48YnI+5Zyo5bqr44CB57SN5pyf44Gv5bi45pmC5aSJ5YuV44GX44Gm44GK44KK44G+44GZ44Gu44Gn44GU5rOo5paH44Gu6Zqb44Gv44GK5omL5pWw44Gn44GZ44GM5LiA5bqm44GU56K66KqN44GP44Gg44GV44GE44CCPGJyPjxicj7jgr/jgqTjg6TjgIAx5pys44CA5L6h5qC844CA44Go44Gq44KK44G+44GZ44CC44Ob44Kk44O844Or44Gv5LuY44GE44Gm44GK44KK44G+44Gb44KT44CCPGJyPjxicj7jgJDpgIHmlpnjgJE8YnI+MeacrO+9njLmnKzvvJrvv6UxNTAw44CCM+acrO+9njTmnKzvvJrvv6UzMDAw44CC77yI5bem6KiY6YCB5paZ44Gv44CB56iO5Yil44Go44Gq44KK44G+44GZ77yJPGJyPjxicj7pm6Lls7bjg7vmspbnuITjga7pgIHmlpnjga/liKXpgJTpoILjgY3jgb7jgZnjgII8YnI+PGJyPuOAkOW6l+mgreW8lea4oeOAkTxicj48YnI+5b6h5p2l5bqX44Gu5aC05ZCI44CB44GK5oyB44Gh5biw44KK44O744GK5Y+W5LuY44Gn44GN44G+44GZ44CCPGJyPjxicj7kvY/miYDvvJrmnbHkuqzpg73osYrls7bljLrljZflpKfloZozLTI2LTQ8YnI+PGJyPumbu+i7iuOBruWgtOWQiO+8mkpS5bGx5omL57ea44CA5aSn5aGa6aeF44CA5Y2X5Y+j44CA44KI44KK44CA5b6S5q2pNeWIhuOAgjxicj48YnI+6LuK44Gu5aC05ZCI77ya6aaW6YO96auY6YCfNeWPt+e3muOAgOadseaxoOiii++8iOOCteODs+OCt+ODo+OCpOODs++8ieOAgOWHuuWPo+OCiOOCijPliIbjgII8YnI+PGJyPuOBiuWPluS7mOOBruWgtOWQiOOBr+OAgeWIpemAlOW3peizg+OCkuOBhOOBn+OBoOOBjeOBvuOBmeOAgjxicj48YnI+44K/44Kk44Ok44K144Kk44K644O76LuK56iu44Gr44KI44KK55Ww44Gq44KK44G+44GZ44Gu44Gn44CB5bel6LOD44Gu44GK5ZWP44GE5ZCI44KP44Gb44Gu6Zqb44Gv44CB5bem6KiY44Gr44Gk44GE44Gm44GK55+l44KJ44Gb44GP44Gg44GV44GE44CCPGJyPjxicj7nlLvlg4/jga/jgIHjgrXjgqTjgrrnrYnjgavjgojjgaPjgabjgIHlrp/pmpvjgajnlbDjgarjgovloLTlkIjjgYzjgZTjgZbjgYTjgb7jgZnjgILkuojjgoHjgZTkuobmib/jgY/jgaDjgZXjgYTjgII=,44OU44Os44Oq44CAUOOCvOODreOAgOODqeODs+ODleODqeODg+ODiOOAgDI0NS80NVIxN+OAgDk1WeOAgOOAkOOCteODnuODvOOCv+OCpOODpOOAkeOAkOODqeODs+ODleODqeODg+ODiOOAkeOAkOODlOODrOODquOCuOODo+ODkeODs+ato+imj+WTgeOAkeOAkDE344Kk44Oz44OB44CR44CQMjQ1LTQ1LTE344CR77ya44K/44Kk44Ok44K344On44OD44OXR29vZG1hbg==,44K/44Kk44Ok44Kw44OD44OJ44Oe44OzZ29vZG1hbuODm+OCpOODvOODq+mAmuiyqeadpeW6l+ODlOODrOODquOAgFDjgrzjg63jgIDjg6njg7Pjg5Xjg6njg4Pjg4jjgIAyNDUvNDVSMTfjgIA5NVnjgIDjgJDjgrXjg57jg7zjgr/jgqTjg6TjgJHjgJDjg6njg7Pjg5Xjg6njg4Pjg4jjgJHjgJDjg5Tjg6zjg6rjgrjjg6Pjg5Hjg7PmraPopo/lk4HjgJHjgJAxN+OCpOODs+ODgeOAkeOAkDI0NS00NS0xN+OAkQ==,44CQ44K/44Kk44Ok5Lqk5o+b5Y+v44CR44CQ5p2x5Lqs44O75rGg6KKL44O744K144Oz44K344Oj44Kk44Oz6L+R44GP44CR44CC44OU44Os44Oq44CAUOOCvOODreOAgOODqeODs+ODleODqeODg+ODiOOAgDI0NS80NVIxN+OAgDk1WeOAgOOAkOOCteODnuODvOOCv+OCpOODpOOAkeOAkOODqeODs+ODleODqeODg+ODiOOAkeOAkOODlOODrOODquOCuOODo+ODkeODs+ato+imj+WTgeOAkeOAkDE344Kk44Oz44OB44CR44CQMjQ1LTQ1LTE344CR[rn]
11-193207,aHR0cDovL3RzaG9wLnIxMHMuanAvay1zLWZhY3RvcnkvY2FiaW5ldC8wNTIwODIyNy8wNTIwODIyOS8wNTI0MTIxNC9pbWdyYzAwNjkwMTExOTUuanBnP2ZpdGluPTcwMDo3MDA=,NjI2MjQuMDAwMA==,,6LuK55So5ZOB44O744OQ44Kk44Kv55So5ZOBID4g44Kr44O855So5ZOBID4g44K144Oe44O844K/44Kk44Ok,44CQ5paw5ZOBL+mAgeaWmeeEoeaWmeOAkSDjgrXjg57jg7zjgr/jgqTjg6Q05pys44K744OD44OIMeWPsOWIhiBCRiBHb29kcmljaCBCRuOCsOODg+ODieODquODg+ODgSBBbGwtVGVycmFpbiBUL0EgS08yIDI0NS83MFIxNiAxMTMvMTEwUyBMUkMgUldMIOOCquODvOODq+ODhuODrOODvOODsyDjg4bjgqPjg7zjgqjjg7wg44Kx44O844Kq44O844OE44O8IDI0NS83MC0xNiDjg5vjg6/jgqTjg4jjg6zjgr/jg7w=,44CQ44K/44Kk44Ok5Y2Y5ZOB44CR44CQ44GK5Y+W44KK5a+E44Gb5ZOBIOS7o+W8leS4jeWPr+OAkQ==,44CQ5paw5ZOBL+mAgeaWmeeEoeaWmeOAke+8lOacrOOCu+ODg+ODiO+8keWPsOWIhuOAgEJGR29vZHJpY2ggQkbjgrDjg4Pjg4njg6rjg4Pjg4HjgIBBbGwtVGVycmFpbiBUL0EgS08yPGJyPjxicj4K44K144Kk44K6OjI0NS83MFIxNiAxMTMvMTEwUyBMUlMgUldMPGJyPgrjg6Hjg7zjgqvjg7w6QkZHb29kcmljaOOAgEJG44Kw44OD44OJ44Oq44OD44OBPGJyPgrjg5Hjgr/jg7zjg7M6QWxsLVRlcnJhaW4gVC9BIEtP44CA44Kq44O844Or44OG44Os44O844Oz44CA44OG44Kj44O844Ko44Kx44O844Kq44O844OE44O844CA44Ob44Ov44Kk44OI44Os44K/44O877yI44K144Oe44O844K/44Kk44Ok77yJPGJyPjxicj4K4peP5ZWG5ZOB6Kqs5piO4peP44Ob44Ov44Kk44OI44Os44K/44O844Go5by144KK5Ye644GX44Gf44K344On44Or44OA44O844OH44K244Kk44Oz44CCPGJyPgrjgqrjg7zjg6vjg4bjg6zjgqTjg7Pjga7mlrDjgZfjgYTjgrnjg4bjg7zjgrjjgbjjgII8YnI+PGJyPgril4/pgIHmlpnil488YnI+CumAgeaWmeeEoeaWme+8ge+8gTxicj4K4oC75rKW57iEL+mbouWztuOBr+WIpemAlOmbouWztuS4ree2meaWmeOBjOeZuueUn+iHtOOBl+OBvuOBmeOBruOBp+OAgTxicj4K44GU5rOo5paH5YmN44Gr44GU56K66KqN44GK6aGY44GE6Ie044GX44G+44GZ44CCPGJyPjxicj4K4peP44GU5p2l5bqX5Y+W5LuY5biM5pyb44Gu44GK5a6i5qeY4pePPGJyPgrjgZTmnaXlupfpoILjgY3jgr/jgqTjg6TkuqTmj5vjga7loLTlkIg8YnI+CuS6pOaPm+W3peizgy/lu4Pjgr/jgqTjg6Tlh6bliIbmlpnjgYzliKXpgJTjgYvjgYvjgorjgb7jgZnjgII8YnI+CuKXj+azqOaEj+KXjzxicj4K44GT44Gh44KJ44Gu5ZWG5ZOB44Gv44K/44Kk44Ok44Gu44G/44Gu6LKp5aOy44Go44Gq44KK44G+44GZ44CCPGJyPgrlnKjluqvnirbms4Hjga/jg6rjgqLjg6vjgr/jgqTjg6DjgavlpInli5XjgZfjgabjgYrjgorjgb7jgZnjga7jgafjgIE8YnI+CuOBiuaApeOBjuOBruaWueOBr+OBlOazqOaWh+WJjeOBq+WcqOW6q+eiuuiqjeOCkuOBiumhmOOBhOiHtOOBl+OBvuOBmeOAgjxicj4K5qyg5ZOB44Gu5aC05ZCI44CB44Kt44Oj44Oz44K744Or44KS44GK6aGY44GE44GZ44KL5aC05ZCI44GM5b6h5bqn44GE44G+44GZPGJyPgrnlLvlg4/jga/jgqTjg6Hjg7zjgrjjgavjgarjgorjgb7jgZnjga7jgafjgIHnj77nianjgajlpJrlsJHnlbDjgarjgovloLTlkIjjgYzlvqHluqfjgYTjgb7jgZnjga7jgafjgIHkuojjgoHjgZTkuobmib/kuIvjgZXjgYTjgII=,44CQ5paw5ZOBL+mAgeaWmeeEoeaWmeOAkSDjgrXjg57jg7zjgr/jgqTjg6Q05pys44K744OD44OIMeWPsOWIhiBCRiBHb29kcmljaCBCRuOCsOODg+ODieODquODg+ODgSBBbGwtVGVycmFpbiBUL0EgS08yIDI0NS83MFIxNiAxMTMvMTEwUyBMUkMgUldMIOOCquODvOODq+ODhuODrOODvOODsyDjg4bjgqPjg7zjgqjjg7wg44Kx44O844Kq44O844OE44O8IDI0NS83MC0xNiDjg5vjg6/jgqTjg4jjg6zjgr/jg7zvvJrjgr/jgqTjg6Tjg5vjgqTjg7zjg6vmv4Dlronnjovlm70=,5Zu955Sj44K544K/44OD44OJ44Os44K544K/44Kk44Ok5Zu955Sj44K144Oe44O844K/44Kk44Ok44OW44Oq44OC44K544OI44Oz44K/44Kk44Ok44Kw44OD44OJ44Oq44OD44OB6Lu96Ieq5YuV6LuK55So44Ki44Or44Of44Ob44Kk44O844Or6Lu96Ieq5YuV6LuK55So44K144Oe44O844K/44Kk44Ok44ON44Kv44K544OI44Oq44O844K544K/44OD44OJ44Os44K56Lu96Ieq5YuV6LuK5r+A5a6J44K/44Kk44Ok44Ob44Kk44O844Or5r+A5a6J546L5Zu944Op44Kv44K444O844OY44Kk44Oz44K644Kv44Oq44OV44Kv44Op44Kk44Og44CQ5paw5ZOBL+mAgeaWmeeEoeaWmeOAkSDjgrXjg57jg7zjgr/jgqTjg6Q05pys44K744OD44OIMeWPsOWIhiBCRiBHb29kcmljaCBCRuOCsOODg+ODieODquODg+ODgSBBbGwtVGVycmFpbiBUL0EgS08yIDI0NS83MFIxNiAxMTMvMTEwUyBMUkMgUldMIOOCquODvOODq+ODhuODrOODvOODsyDjg4bjgqPjg7zjgqjjg7wg44Kx44O844Kq44O844OE44O8IDI0NS83MC0xNiDjg5vjg6/jgqTjg4jjg6zjgr/jg7w=,44CQ44K/44Kk44Ok5Y2Y5ZOB44CR44CQ44GK5Y+W44KK5a+E44Gb5ZOBIOS7o+W8leS4jeWPr+OAkeOAguOAkOaWsOWTgS/pgIHmlpnnhKHmlpnjgJEg44K144Oe44O844K/44Kk44OkNOacrOOCu+ODg+ODiDHlj7DliIYgQkYgR29vZHJpY2ggQkbjgrDjg4Pjg4njg6rjg4Pjg4EgQWxsLVRlcnJhaW4gVC9BIEtPMiAyNDUvNzBSMTYgMTEzLzExMFMgTFJDIFJXTCDjgqrjg7zjg6vjg4bjg6zjg7zjg7Mg44OG44Kj44O844Ko44O8IOOCseODvOOCquODvOODhOODvCAyNDUvNzAtMTYg44Ob44Ov44Kk44OI44Os44K/44O8[rn]
11-193208,aHR0cDovL3RzaG9wLnIxMHMuanAvdGlyZXNob3AvY2FiaW5ldC90aXJlL21pY2hlbGluL2ltZ3JjMDA3MjU5NzYxNS5qcGc/Zml0aW49NzAwOjcwMA==,MTEwMjA4LjAwMDA=,,6LuK55So5ZOB44O744OQ44Kk44Kv55So5ZOBID4g44Kr44O855So5ZOBID4g44K144Oe44O844K/44Kk44Ok,44Of44K344Ol44Op44OzIFBJTE9UIFNQT1JUNFMgMjI1LzQwUjE544K144Oe44O844K/44Kk44OkIDTmnKzjgrvjg4Pjg4gg44K/44Kk44Ok44Gu44G/,44CQ6YCB5paZ54Sh5paZ44CR44K144Oe44O844K/44Kk44OkNOacrOOCu+ODg+ODiOWNmOWTgeOAkDE544Kk44Oz44OB44CR,44O75ZWG5ZOB44Gv44K/44Kk44Ok5Y2Y5ZOB44Gr44Gq44KK44G+44GZ44CCPGJyPuODu+WVhuWTgeOCpOODoeODvOOCuOOBjOODm+OCpOODvOODq+OBjOS7mOOBhOOBpuOCgjxicj7jg7vjgYrlsYrjgZHjga/jgr/jgqTjg6TljZjlk4Hjgavjgarjgorjgb7jgZnjgII=,44Of44K344Ol44Op44OzIFBJTE9UIFNQT1JUNFMgMjI1LzQwUjE544K144Oe44O844K/44Kk44OkIDTmnKzjgrvjg4Pjg4gg44K/44Kk44Ok44Gu44G/77ya44K/44Kk44Ok44K544Kv44Ko44Ki44Of44OE44Ok,TUtX44OP44Kk44Ko44O844K5Qy1IUuODh+ODn+OCquODluODquODguOCueODiOODs+ODjuOCouOAgOODtOOCqeOCr+OCt+ODvOOAgOOCqOOCueOCr+OCoeOCpOOCouOAgOOCqOOCueODhuOCo+ODnuOCueOCv+ODg+ODieODrOOCueOCueOCv+ODg+ODieODrOOCueOCu+ODg+ODiOODh+ODquOCq+OCouOCpuODiOODqeODs+ODgOODvOODl+ODquOCpuOCueOCouODq+ODleOCoeODvOODieOAgOODtOOCp+ODq+ODleOCoeOCpOOCouOCqOODq+OCsOODqeODs+ODieOCqOOCr+OCueODiOODrOOCpOODq+OCu+ODrOODiui7vemHj+OAgOODm+OCpOODvOODq+ODn+OCt+ODpeODqeODs+OCquODvOODq+ODhuODrOODs+ODm+ODr+OCpOODiOODrOOCv+ODvOODn+OCt+ODpeODqeODsyBQSUxPVCBTUE9SVDRTIDIyNS80MFIxOeOCteODnuODvOOCv+OCpOODpCA05pys44K744OD44OIIOOCv+OCpOODpOOBruOBvw==,44CQ6YCB5paZ54Sh5paZ44CR44K144Oe44O844K/44Kk44OkNOacrOOCu+ODg+ODiOWNmOWTgeOAkDE544Kk44Oz44OB44CR44CC44Of44K344Ol44Op44OzIFBJTE9UIFNQT1JUNFMgMjI1LzQwUjE544K144Oe44O844K/44Kk44OkIDTmnKzjgrvjg4Pjg4gg44K/44Kk44Ok44Gu44G/[rn]
11-193209,aHR0cDovL3RzaG9wLnIxMHMuanAvZHJpdmVtYXJrZXQtMi9jYWJpbmV0L2l0ZW1pbWFnZS9pdGVtaW1hZ2U0L3NwX3Nwb3J0X2xtNzA0XzUwMC5qcGc/Zml0aW49NzAwOjcwMA==,Nzg0MC4wMDAw,,6LuK55So5ZOB44O744OQ44Kk44Kv55So5ZOBID4g44Kr44O855So5ZOBID4g44K144Oe44O844K/44Kk44Ok,44CQ44Kr44O844OJT0vjgJHjgJDlupflhoXlhajlk4FQMuWAjeOCu+ODvOODq+S4rSEh44CRMjAxNuW5tOijvSBEVU5MT1AgU1AgU1BPUlQgTE03MDQgMjA1LzQ1WlIxNyA4OFcgWEwg5paw5ZOBIOOCteODnuODvOOCv+OCpOODpCDjg4Djg7Pjg63jg4Pjg5dTUOOCueODneODvOODhOOAkOWPluWvhOWVhuWTgeOAkeOAkDAyUDAzRGVjMTbjgJE=,,6LKp5aOy5L6h5qC844GvMeacrOihqOekuuOBp+OBmeOAggrigLvml6XmmYLmjIflrprkuI3lj68K4oC75rKW57iE44O76Zui5bO244G444Gu55m66YCB44Gv6KGM44Gj44Gm44GK44KK44G+44Gb44KT44CCCuOAgOOAgOOBvuOBn+OAgeS7luOBruWVhuWTgeOBqOOBruWQjOaiseOBr+iHtOOBl+OBpuOBiuOCiuOBvuOBm+OCk+OAgg==,44CQ44Kr44O844OJT0vjgJHjgJDlupflhoXlhajlk4FQMuWAjeOCu+ODvOODq+S4rSEh44CRMjAxNuW5tOijvSBEVU5MT1AgU1AgU1BPUlQgTE03MDQgMjA1LzQ1WlIxNyA4OFcgWEwg5paw5ZOBIOOCteODnuODvOOCv+OCpOODpCDjg4Djg7Pjg63jg4Pjg5dTUOOCueODneODvOODhOOAkOWPluWvhOWVhuWTgeOAkeOAkDAyUDAzRGVjMTbjgJHvvJrjg4njg6njgqTjg5bjg57jg7zjgrHjg4Pjg4gy5Y+35bqX,44OR44Kk44Kq44OL44Ki44Kr44Ot44OD44OE44Kn44Oq44Ki5qW944OK44OT44K144Kk44OQ44O844OK44OT44K544OI44Op44O844OA44OR44OK44K944OL44OD44Kv44Kr44O844OK44OT44Ky44O844K344On44Oz44Kr44O844Kq44O844OH44Kj44KqRUNMSVBTReOCr+ODqeODquOCquODs+OCseODs+OCpuODg+ODieODk+OCr+OCv+ODvOODrOODvOODgOODvOOCu+ODq+OCueOCv+ODvOOCs+ODoOODhuODg+OCr+ODpuODlOODhuODq+OCtOODquODqeOCteODs+ODqOODvOWPluS7mOWkp+mYquOAkOOCq+ODvOODiU9L44CR44CQ5bqX5YaF5YWo5ZOBUDLlgI3jgrvjg7zjg6vkuK0hIeOAkTIwMTblubToo70gRFVOTE9QIFNQIFNQT1JUIExNNzA0IDIwNS80NVpSMTcgODhXIFhMIOaWsOWTgSDjgrXjg57jg7zjgr/jgqTjg6Qg44OA44Oz44Ot44OD44OXU1Djgrnjg53jg7zjg4TjgJDlj5blr4TllYblk4HjgJHjgJAwMlAwM0RlYzE244CR,44CQ44Kr44O844OJT0vjgJHjgJDlupflhoXlhajlk4FQMuWAjeOCu+ODvOODq+S4rSEh44CRMjAxNuW5tOijvSBEVU5MT1AgU1AgU1BPUlQgTE03MDQgMjA1LzQ1WlIxNyA4OFcgWEwg5paw5ZOBIOOCteODnuODvOOCv+OCpOODpCDjg4Djg7Pjg63jg4Pjg5dTUOOCueODneODvOODhOOAkOWPluWvhOWVhuWTgeOAkeOAkDAyUDAzRGVjMTbjgJE=[rn]
11-193210,aHR0cDovL3RzaG9wLnIxMHMuanAvdGlyZS16ZXJvL2NhYmluZXQvMDMwNDA5NjMvMDMxMzgyNzYvaW1nNjExMTI1NzAuanBnP2ZpdGluPTcwMDo3MDA=,MTA1MTguNDAwMA==,,6LuK55So5ZOB44O744OQ44Kk44Kv55So5ZOBID4g44Kr44O855So5ZOBID4g44K144Oe44O844K/44Kk44Ok,6YCB5paZ54Sh5paZ4peGTEVNQU5TNCBMTTcwNOKXhjIzNS80NVIxN+KXhjHmnKzkvqHmoLzil4bmlrDlk4HlpI/jgr/jgqTjg6Til4bjg4Djg7Pjg63jg4Pjg5fil4YyMzUtNDUtMTcgMjM1LzQ1LTE3,5bqX6aCt57WE5pu/T0vvvIE=,6KGo56S65L6h5qC844Gv44CAPGZvbnQgY29sb3I9InJlZCIgc2l6ZT0iMiI+5paw5ZOB44K/44Kk44OkMeacrDwvZm9udD7jgIDjga7kvqHmoLzjgajjgarjgorjgb7jgZnjgII8QlI+PEJSPgrigLvmjrLovInnlLvlg4/jga/jgqTjg6Hjg7zjgrjjgafjgZnjgII8YnI+CueUu+WDj+OBq+ODm+OCpOODvOODq+OBjOWGmeOBo+OBpuOBhOOCi+WgtOWQiOOBp+OCguOAgeOBiuWxiuOBkeOBmeOCi+WVhuWTgeOBr+OCv+OCpOODpOOBruOBv+OBqOOBquOCiuOBvuOBmeOAgjxicj4K6YCB5paZ44Gv5pys5pWw44Gr6Zai5L+C44Gq44GP77yR5pys44KI44KK44CAPGZvbnQgY29sb3I9InJlZCIgc2l6ZT0iMiI+54Sh5paZPC9mb250PuOAgOOBp+OBme+8gTxCUj48QlI+CuKAu+aylue4hOOAgembouWztuOBuOOBruOBiuWxiuOBkeOBr+OAgeWIpemAlOOAgDxmb250IGNvbG9yPSJyZWQiIHNpemU9IjIiPuS4ree2meaWmemHkTwvZm9udD7jgIDjgYznmbrnlJ/jgYTjgZ/jgZfjgb7jgZnjgII8QlI+CumHkemhjeOBr+OBiuWVj+OBhOWQiOOCj+OBm+OBj+OBoOOBleOBhOOAguW9k+W6l+OBp+azqOaWh+WPl+S7mOW+jOOBq+WKoOeul+OBleOBm+OBpuOBhOOBn+OBoOOBjeOBvuOBmeOAgjxicj4K5Zyo5bqr44GM44GC44KL5ZWG5ZOB44Gv5Y2z5pel772eM+WWtualreaXpeS7peWGheOBq+eZuumAgeOBhOOBn+OBl+OBvuOBmeOAgjxCUj48QlI+CuWcqOW6q+eKtuazgeOBq+OCiOOCiuOBiuWPluOCiuWvhOOBm+OBqOOBsOOBquOCiuOBiuaZgumWk+OCkuOBhOOBn+OBoOOBj+WgtOWQiOOChOOAgTxCUj4K5oCl44Gq5qyg5ZOB44Go44Gq44KL5aC05ZCI44GM44GU44GW44GE44G+44GZ44CCPEJSPgrjgYrmgKXjgY7jga7jgYrlrqLmp5jjga/jgZTms6jmlofliY3jgavjgYrmsJfou73jgavjgYrllY/jgYTlkIjjgo/jgZvjgY/jgaDjgZXjgYTjgII=,6YCB5paZ54Sh5paZ4peGTEVNQU5TNCBMTTcwNOKXhjIzNS80NVIxN+KXhjHmnKzkvqHmoLzil4bmlrDlk4HlpI/jgr/jgqTjg6Til4bjg4Djg7Pjg63jg4Pjg5fil4YyMzUtNDUtMTcgMjM1LzQ1LTE377ya44K/44Kk44Ok44K344On44OD44OXWkVST+alveWkqeW4guWgtOW6lw==,6YCB5paZ54Sh5paZ4peGTEVNQU5TNCBMTTcwNOKXhjIzNS80NVIxN+KXhjHmnKzkvqHmoLzil4bmlrDlk4HlpI/jgr/jgqTjg6Til4bjg4Djg7Pjg63jg4Pjg5fil4YyMzUtNDUtMTcgMjM1LzQ1LTE3,5bqX6aCt57WE5pu/T0vvvIHjgILpgIHmlpnnhKHmlpnil4ZMRU1BTlM0IExNNzA04peGMjM1LzQ1UjE34peGMeacrOS+oeagvOKXhuaWsOWTgeWkj+OCv+OCpOODpOKXhuODgOODs+ODreODg+ODl+KXhjIzNS00NS0xNyAyMzUvNDUtMTc=[rn]
11-193211,aHR0cDovL3RzaG9wLnIxMHMuanAvdGlyZXNob3A0dS9jYWJpbmV0LzAzNTA1Mzg1L3BpcmVsbGkvaW1nNjAzMTM4NDcuanBnP2ZpdGluPTcwMDo3MDA=,OTYyNS42MDAw,,6LuK55So5ZOB44O744OQ44Kk44Kv55So5ZOBID4g44Kr44O855So5ZOBID4g44K144Oe44O844K/44Kk44Ok,5paw5ZOBUElSRUxMSSBTQ09SUElPTiBWRVJERSAyNDUvNzBSMTbjgqTjg7Pjg4HjgJDjgrXjg57jg7zjgr/jgqTjg6TjgJHjgJDjg5Tjg6zjg6rjgJHjgJDjgrnjgrPjg7zjg5Tjgqrjg7Pjg7Tjgqfjg6vjg4fjgJHjgJDljZjlk4HjgJHjgJDjg6njgrjjgqLjg6vjgr/jgqTjg6TjgJE=,MjQ1LzcwLTE2,PGltZyBzcmM9Imh0dHA6Ly9pbWFnZS5yYWt1dGVuLmNvLmpwL3RpcmVzaG9wNHUvY2FiaW5ldC8wMjk2MjY5NS9pbWdyYzAwNjEwNDY3NzAuanBnIj48YnI+CjxpbWcgc3JjPSJodHRwOi8vaW1hZ2UucmFrdXRlbi5jby5qcC90aXJlc2hvcDR1L2NhYmluZXQvMDI5NjI2OTUvaW1ncmMwMDYyNTk1NTYxLmpwZyI+PGJyPjxicj4=,5paw5ZOBUElSRUxMSSBTQ09SUElPTiBWRVJERSAyNDUvNzBSMTbjgqTjg7Pjg4HjgJDjgrXjg57jg7zjgr/jgqTjg6TjgJHjgJDjg5Tjg6zjg6rjgJHjgJDjgrnjgrPjg7zjg5Tjgqrjg7Pjg7Tjgqfjg6vjg4fjgJHjgJDljZjlk4HjgJHjgJDjg6njgrjjgqLjg6vjgr/jgqTjg6TjgJHvvJpUSVJFIFNIT1AgNFUg5qW95aSp5biC5aC05bqX,44K/44Kk44Ok6Ly45YWl44K/44Kk44OkQkJTUzY2MDI3NS81NVIyMOWkp+WPo+W+hOODm+OCpOODvOODq+ODiuODs+OCq+ODsyBBUi0x44K144Oe44O844K/44Kk44Ok44OP44Kk44Ko44O844K544OI44Op44Oz44OR44K544CATS9UVkVSVElOSU5BTktBTkcgQVItMTIy44Kk44Oz44OBMTbjgqTjg7Pjg4Eg44K444Og44OL44O8MjI1LzY1UjE344OP44Oq44Ki44O844Op44Oz44OJ44Kv44Or44O844K244O844Ki44Km44OH44Kj44Oe44OD44OJ44K/44Kk44Ok44OW44Oq44OC44K544OI44Oz5paw5ZOBUElSRUxMSSBTQ09SUElPTiBWRVJERSAyNDUvNzBSMTbjgqTjg7Pjg4HjgJDjgrXjg57jg7zjgr/jgqTjg6TjgJHjgJDjg5Tjg6zjg6rjgJHjgJDjgrnjgrPjg7zjg5Tjgqrjg7Pjg7Tjgqfjg6vjg4fjgJHjgJDljZjlk4HjgJHjgJDjg6njgrjjgqLjg6vjgr/jgqTjg6TjgJE=,MjQ1LzcwLTE244CC5paw5ZOBUElSRUxMSSBTQ09SUElPTiBWRVJERSAyNDUvNzBSMTbjgqTjg7Pjg4HjgJDjgrXjg57jg7zjgr/jgqTjg6TjgJHjgJDjg5Tjg6zjg6rjgJHjgJDjgrnjgrPjg7zjg5Tjgqrjg7Pjg7Tjgqfjg6vjg4fjgJHjgJDljZjlk4HjgJHjgJDjg6njgrjjgqLjg6vjgr/jgqTjg6TjgJE=[rn]
11-193212,aHR0cDovL3RzaG9wLnIxMHMuanAvYXV0b3dheS9jYWJpbmV0L21haW5pbWFnZS90aXJlX21haW4vaGlmbHkvaGYwMDE0Ny5qcGc/Zml0aW49NzAwOjcwMA==,NDM2OC4wMDAw,,6LuK55So5ZOB44O744OQ44Kk44Kv55So5ZOBID4g44Kr44O855So5ZOBID4g44K144Oe44O844K/44Kk44Ok,44CQ6YCB5paZ54Sh5paZ44CR44CQ5Y2z5pel55m66YCB44CR4pagSElGTFko44OP44Kk44OV44Op44KkKUhGODA1IDI0NS80MFIxNyAoMjQ1LzQwLTE3IDI0NS00MC0xN+OCpOODs+ODgSnjgIrmpJzntKLnlKjjgIvjgr/jgqTjg6Tjga5BVVRPV0FZ77yI44Kq44O844OI44Km44Kn44Kk77yJ44K144Oe44O844K/44Kk44Ok44CQUkNQ44CRMDVQMDFPY3QxNg==,4pag5pyA5a6J5YCk5oyR5oim5Lit77yB44CQ5paw5ZOB44K/44Kk44Ok44CR44CQ44K144Oe44O844K/44Kk44Ok44CR,SElGTFkgSEY4MDUgMjQ1LzQwUjE3IDk1VzxCUj48QlI+4pag6auY5qyh5YWD44Gq5ZOB6LOq44Go44Kz44K544OI44OR44OV44Kp44O844Oe44Oz44K544Gu5Lih56uL44KS5a6f54++44GX44CB5YyX57Gz44CB44Oo44O844Ot44OD44OR44KS44Gv44GY44KB5LiW55WM5ZCE5Zu944Gn6LKp5aOy44GV44KM44Gm44GE44KL5Lq65rCX44OW44Op44Oz44OJSElGTFko44OP44Kk44OV44Op44KkKeOAggrjgqLjg6Hjg6rjgqvlkIjooYblm73pgYvovLjnnIHjga7oqo3lrpropo/moLzjgafjgYLjgotET1TjgpLjga/jgZjjgoHjgIHmrKflt57jgarjganlkITlm73jga7ln7rmupbjgIHopo/lrprjgavlkIjmoLzjgZfjgabjgYTjgb7jgZnjgIIK4pagSEY4MDUo44Ko44Kk44OB44Ko44OV44CA44OP44OB44Oe44Or44K0KeOBr+OAgeOCt+ODquOCq+OCkumFjeWQiOOBmeOCi+OBk+OBqOOBp+mrmOmAn+i1sOihjOaZguOBp+OCguWuieWumuOBl+OBn+ebtOmAsuaAp+iDveOBqOOCs+ODvOODiuODquODs+OCsOaAp+iDveOCkueZuuaPruOAguOBneOCjOOBoOOBkeOBp+OBquOBj+OAgemrmOOBhOmdmeeym+aAp+OBp+W/q+mBqeOBquS5l+OCiuW/g+WcsOOCguaPkOS+m+OBl+OBvuOBmeOAggrilqDlt6blj7PpnZ7lr77np7Djg5Hjgr/jg7zjg7PjgafjgZnjgILjgZPjga7jgr/jgqTjg6Tjga7lpJblgbTjgavjga/jgIxPVVRTSURF44CN44CB5YaF5YG044Gr44Gv44CMSU5TSURF44CN44Go5Yi75Y2w44GM44GC44KK44G+44GZ44CCCuOAjE9VVFNJREXjgI3jgYzou4rkuKHjgavlr77jgZfjgablpJblgbTjgavjgarjgovjgojjgYbjgavoo4XnnYDjgZfjgabjgY/jgaDjgZXjgYTjgIIK4pag5Y+z55So5bem55So44Gu6Kit5a6a44Gv44GC44KK44G+44Gb44KT44CCPEJSPjxCUj7lpJblvoTvvJo2MjhtbeOAgOW5he+8mjI0OG1t44CA5o6o5aWo44Oq44Og5bmF77yaOC41SiBYTOimj+agvO+8muKXizxCUj48QlI+,44CQ6YCB5paZ54Sh5paZ44CR44CQ5Y2z5pel55m66YCB44CR4pagSElGTFko44OP44Kk44OV44Op44KkKUhGODA1IDI0NS80MFIxNyAoMjQ1LzQwLTE3IDI0NS00MC0xN+OCpOODs+ODgSnjgIrmpJzntKLnlKjjgIvjgr/jgqTjg6Tjga5BVVRPV0FZ77yI44Kq44O844OI44Km44Kn44Kk77yJ44K144Oe44O844K/44Kk44Ok44CQUkNQ44CRMDVQMDFPY3QxNu+8mkFVVE9XQVnvvIjjgqrjg7zjg4jjgqbjgqfjgqTvvIk=,44Kq44O844OI44Km44Kn44Kk5r+A5a6J44K/44Kk44Ok44OK44Oz44Kr44OzYXV0b3dheeODiuODs+OCq+ODs+OAgOOCv+OCpOODpG5hbmthbmfjg5Xjgqfjg4fjg6njg6vpgJrosqnjgIDjgr/jgqTjg6TovLjlhaXjgIDjgr/jgqTjg6RuZXhlbuODleOCp+ODh+ODqeODq+OAgOOCv+OCpOODpGZlZGVyYWzovLjlhaXjgIDjgr/jgqTjg6TjgIDkvqHmoLx0YWl5YeOCueOCv+ODg+ODieODrOOCueOCv+OCpOODpOOCv+OCpOODpOOAgOiyqeWjsuODiuODs+OCq+ODs+OAgOOCueOCv+ODg+ODieODrOOCueOCv+OCpOODpOOCv+OCpOODpOOAgOWuieWjsuOCiuOCv+OCpOODpOOAgOOCteOCpOOCuuOAkOmAgeaWmeeEoeaWmeOAkeOAkOWNs+aXpeeZuumAgeOAkeKWoEhJRkxZKOODj+OCpOODleODqeOCpClIRjgwNSAyNDUvNDBSMTcgKDI0NS80MC0xNyAyNDUtNDAtMTfjgqTjg7Pjg4Ep44CK5qSc57Si55So44CL44K/44Kk44Ok44GuQVVUT1dBWe+8iOOCquODvOODiOOCpuOCp+OCpO+8ieOCteODnuODvOOCv+OCpOODpOOAkFJDUOOAkTA1UDAxT2N0MTY=,4pag5pyA5a6J5YCk5oyR5oim5Lit77yB44CQ5paw5ZOB44K/44Kk44Ok44CR44CQ44K144Oe44O844K/44Kk44Ok44CR44CC44CQ6YCB5paZ54Sh5paZ44CR44CQ5Y2z5pel55m66YCB44CR4pagSElGTFko44OP44Kk44OV44Op44KkKUhGODA1IDI0NS80MFIxNyAoMjQ1LzQwLTE3IDI0NS00MC0xN+OCpOODs+ODgSnjgIrmpJzntKLnlKjjgIvjgr/jgqTjg6Tjga5BVVRPV0FZ77yI44Kq44O844OI44Km44Kn44Kk77yJ44K144Oe44O844K/44Kk44Ok44CQUkNQ44CRMDVQMDFPY3QxNg==[rn]
11-193213,aHR0cDovL3RzaG9wLnIxMHMuanAvdGlyZW1heC9jYWJpbmV0L3RpcmUvdGlyZTAxL3RfeWhhZTAxZi5qcGc/Zml0aW49NzAwOjcwMA==,NTQ4MS42MDAw,,6LuK55So5ZOB44O744OQ44Kk44Kv55So5ZOBID4g44Kr44O855So5ZOBID4g44K144Oe44O844K/44Kk44Ok,44K144Oe44O844K/44Kk44OkIDE5NS82NVIxNSA5MUgg44Oo44Kz44OP44OeIOODluODq+ODvOOCouODvOOCuSBBRS0wMUYgWU9LT0hBTUEgQmx1RWFydGggQUUtMDFG,44CQMuacrOS7peS4iuOBp+mAgeaWmeeEoeaWmeOAkSDmlrDlk4Ex5pys,PGltZyBzcmM9J2h0dHA6Ly9pbWFnZS5yYWt1dGVuLmNvLmpwL3RpcmUxYmFuL2NhYmluZXQvdGlyZS9lX3loYWUwMWYxLmpwZycgd2lkdGg9JzEwMCUnPjxicj48aW1nIHNyYz0naHR0cDovL2ltYWdlLnJha3V0ZW4uY28uanAvdGlyZTFiYW4vY2FiaW5ldC90aXJlL2VfeWhhZTAxZjIuanBnJyB3aWR0aD0nMTAwJSc+PGJyPjxicj7mlrDlk4HjgrXjg57jg7zjgr/jgqTjg6Qx5pys44Gu5L6h5qC844Gn44GZ44CCPGJyPuKAu+ODm+OCpOODvOODq+OBr+S7mOWxnuOBl+OBvuOBm+OCk+OAgjxicj48YnI+4pag6YCB5paZPGJyPuOCv+OCpOODpDLmnKzku6XkuIrjgYrosrfjgYTkuIrjgZLjgafpgIHmlpnnhKHmlpnvvIE8YnI+44Gf44Gg44GX44CB5qyh44Gu5aC05ZCI44Gv5Yil6YCU6YCB5paZ44KS44GE44Gf44Gg44GN44G+44GZ44CC5rOo5paH5Y+X5LuY5b6M44Gr5Yqg566X44GX44G+44GZ44CCPGJyPuODuzHmnKzjga7jgZTms6jmlofjga/pgIHmlpkxLDAwMOWGhijnqI7liKUp44Gn44GZ44CCPGJyPuODu+aylue4hOODu+mbouWztuOBuOOBruOBiuWxiuOBkeOBr+S4ree2meaWmeOBjOeZuueUn+OBl+OBvuOBmeOAguOBiuWVj+WQiOOBm+OBj+OBoOOBleOBhOOAgjxicj48YnI+4pag57SN5pyfPGJyPuWVhuWTgeWHuuiNt+OBruebruWuieOBr+OBlOazqOaWh+OCiOOCijLvvZ4z5Za25qWt5pel44Gn44GZ44CCPGJyPuOBn+OBoOOBl+OAgeazqOaWh+WPr+iDveOBquWgtOWQiOOBp+OCguOAgeWPluWvhOOBm+OBrueKtuazgeOChOaApeOBquWTgeWIh+OCjOOBq+OCiOOCiuWFpeiNt+OBvuOBp+OBiuaZgumWk+OCkuOBhOOBn+OBoOOBhOOBn+OCiuOAgeS7o+abv+OBiOWVhuWTgeOBruaPkOahiOOBvuOBn+OBr+azqOaWh+OBruOCreODo+ODs+OCu+ODq+OCkuOBiumhmOOBhOOBmeOCi+OBk+OBqOOBjOOBguOCiuOBvuOBmeOAgjxicj7jgYrmgKXjgY7jga7jgYrlrqLmp5jjga/ms6jmlofliY3jgavlnKjluqvjg7vntI3mnJ/jga7norroqo3jgpLjgYrpoZjjgYTjgZfjgb7jgZnjgII8YnI+6Kmz57Sw44Gq57SN5pyf44Gv5rOo5paH5Y+X5LuY5b6M44Gr44Oh44O844Or44Gn44GU5qGI5YaF44GX44G+44GZ44CCPGJyPjxicj48YnI+PGltZyBzcmM9J2h0dHA6Ly9pbWFnZS5yYWt1dGVuLmNvLmpwL3RpcmUxYmFuL2NhYmluZXQvMDA4ODUyNTEvbGlua190dDM4MDIyLmpwZycgd2lkdGg9JzEwMCUnIGhlaWdodD0nYXV0bycgYm9yZGVyPScwJz48YnI+PGltZyBzcmM9J2h0dHA6Ly9pbWFnZS5yYWt1dGVuLmNvLmpwL3RpcmUxYmFuL2NhYmluZXQvMDA4ODUyNTEvbGlua190dzM4MDIyLmpwZycgd2lkdGg9JzEwMCUnIGhlaWdodD0nYXV0bycgYm9yZGVyPScwJz48YnI+PGJyPjE5NS82NS0xNSAxOTU2NTE1IDE144Kk44Oz44OBIOODqOOCs+ODj+ODnuOCv+OCpOODpCDmqKrmtZzjgrTjg6AgQUUwMUYg44OW44Or44Ki44O844K5IOecgeeHg+iyuyDjgqrjg6zjg7PjgrjjgqrjgqTjg6sg5aSP44K/44Kk44OkIOaYpeOCv+OCpOODpCBzdW0xMzg3eWhhZTAxZiBGODMyMDxicj48YnI+PGltZyBzcmM9J2h0dHA6Ly9pbWFnZS5yYWt1dGVuLmNvLmpwL3RpcmUxYmFuL2NhYmluZXQva2Vuc2FrdS92YWx2ZS1saW5rMDEuanBnJ+OAgOOAgOOAgOOAgOOAgOOAgCB3aWR0aD0nMTAwJScgYm9yZGVyPScwJz48YnI+PGltZyBzcmM9J2h0dHA6Ly9pbWFnZS5yYWt1dGVuLmNvLmpwL3RpcmUxYmFuL2NhYmluZXQvMDA4ODUyNTEvbGlua190b3JpdGszODAuanBnJyB3aWR0aD0nMTAwJScgYm9yZGVyPScwJz4=,44K144Oe44O844K/44Kk44OkIDE5NS82NVIxNSA5MUgg44Oo44Kz44OP44OeIOODluODq+ODvOOCouODvOOCuSBBRS0wMUYgWU9LT0hBTUEgQmx1RWFydGggQUUtMDFG77ya44K/44Kk44Ok44Oe44OD44Kv44K5,44K/44Kk44Ok44Kq44O844OI44Km44Kn44Kk44OK44Oz44Kr44Oz44OW44Oq44K444K544OI44Oz44OW44Oq44OC44K544OI44Oz44Oo44Kz44OP44Oe44Of44K344Ol44Op44Oz44OA44Oz44Ot44OD44OXTUtXV09SS+ODr+ODvOOCr+OCqOODouODvOOCt+ODp+ODs+ODh+ODquOCqyBENeODqeODs+OCr+ODq+OCqOOCr+OCueODiOODrOOCpOODq+ODqeODs+OCsOODqeODvOOCv+OCpOODpCDlronjgYTjgr/jgqTjg6TpgJrosqnmv4Dlronjgr/jgqTjg6Tjg6zjgqTjgrrjgrXjg57jg7zjgr/jgqTjg6QgMTk1LzY1UjE1IDkxSCDjg6jjgrPjg4/jg54g44OW44Or44O844Ki44O844K5IEFFLTAxRiBZT0tPSEFNQSBCbHVFYXJ0aCBBRS0wMUY=,44CQMuacrOS7peS4iuOBp+mAgeaWmeeEoeaWmeOAkSDmlrDlk4Ex5pysIOOAguOCteODnuODvOOCv+OCpOODpCAxOTUvNjVSMTUgOTFIIOODqOOCs+ODj+ODniDjg5bjg6vjg7zjgqLjg7zjgrkgQUUtMDFGIFlPS09IQU1BIEJsdUVhcnRoIEFFLTAxRg==[rn]
11-193214,aHR0cDovL3RzaG9wLnIxMHMuanAvYXVjLWdyZWVuLWMvY2FiaW5ldC9neV9zdW1tZXIvcnMwMi5qcGc/Zml0aW49NzAwOjcwMA==,MTM0NDguMDAwMA==,,6LuK55So5ZOB44O744OQ44Kk44Kv55So5ZOBID4g44Kr44O855So5ZOBID4g44K144Oe44O844K/44Kk44Ok,4peP44Kw44OD44OJ44Kk44Ok44O8IOODrOODtOOCueODmuODg+OCryBSUy0wMiAyNzUvMzVSMTggOTVX4peG44CQ6YCB5paZ54Sh5paZ44CRUkVWU1BFQyDmma7pgJrou4rnlKjjgrXjg57jg7zjgr/jgqTjg6Q=,4pag44CQ44GU5rOo5paHMuacrOOBi+OCiemAgeaWmeeEoeaWme+8geOAkeWMl+a1t+mBk+ODu+aylue4hOODu+mbouWztuOBr+mZpOOBjw==,PGltZyBzcmM9Imh0dHA6Ly9pbWFnZS5yYWt1dGVuLmNvLmpwL2F1Yy1ncmVlbi1jL2NhYmluZXQvZ3lfc3VtX2dvb2RzL3JzMDJfMS5qcGciIHdpZHRoPSIxMDAlIj48YnI+CjxpbWcgc3JjPSJodHRwOi8vaW1hZ2UucmFrdXRlbi5jby5qcC9hdWMtZ3JlZW4tYy9jYWJpbmV0L2d5X3N1bV9nb29kcy9yczAyXzIuanBnIiB3aWR0aD0iMTAwJSI+PGJyPgo8aW1nIHNyYz0iaHR0cDovL2ltYWdlLnJha3V0ZW4uY28uanAvYXVjLWdyZWVuLWMvY2FiaW5ldC9neV9zdW1fZ29vZHMvcnMwMl8zLmpwZyIgd2lkdGg9IjEwMCUiPjxicj48YnI+CkdPT0RZRUFSIOODrOODtOOCueODmuODg+OCryBSUy0wMiAyNzUvMzVSMTggOTVXPGJyPgrmma7pgJrou4rnlKjjgrXjg57jg7zjgr/jgqTjg6Q8YnI+PGJyPgrjgJDllYblk4HjgavjgaTjgYTjgabjgJE8YnI+CuODu+aWsOWTgeOCv+OCpOODpO+8keacrOS+oeagvO+8iOeojui+vO+8ieOBp+OBmeOAgjxicj48YnI+CuOAkOmAgeaWmeOBq+OBpOOBhOOBpuOAkTxicj4K44GU5rOo5paHMuacrOS7peS4iuOBp+mAgeaWmeeEoeaWme+8gTxicj4K4oC7MeacrOOBruWgtOWQiOOBr1wxLDA4MOOBrumAgeaWmeOBjOOBi+OBi+OCiuOBvuOBmeOAgu+8iOWPl+azqOeiuuiqjeW+jOOAgemHkemhjeS/ruato+OBl+OBpuODoeODvOODq+OBq+OBpuOBiuefpeOCieOBm+iHtOOBl+OBvuOBmeOAgu+8iTxicj4K4oC75YyX5rW36YGT44GvMeacrOOBq+OBpOOBjeWIpemAlFw1MDDjgIHmspbnuITmnKzls7bjga8x5pys44Gr44Gk44GN5Yil6YCUXDEsMDAw44GM5b+F6KaB44Gr44Gq44KK44G+44GZ44CC77yI5Y+X5rOo56K66KqN5b6M44CB6YeR6aGN5L+u5q2j44GX44Gm44Oh44O844Or44Gr44Gm44GK55+l44KJ44Gb6Ie044GX44G+44GZ44CC77yJPGJyPgrigLvlkITnnIzjga7pm6Lls7bjgbjjga7nmbrpgIHjga/lrp/osrvjgYzlv4XopoHjgajjgarjgorjgb7jgZnjga7jgafjgIHkuovliY3jgavjgYrllY/jgYTlkIjjgo/jgZvjgpLjgYrpoZjjgYTjgZfjgb7jgZnjgII8YnI+PGJyPgrjgJDntI3mnJ/jgavjgaTjgYTjgabjgJE8YnI+CuODu+WHuuiNt+OBr+ebruWuieOBp+OBlOazqOaWh+OCiOOCijLvvZ4z5Za25qWt5pel44Gn44GZ44CCPGJyPgrjg7vjgYrmgKXjgY7jga7mlrnjga/jgZTms6jmlofliY3jgavlnKjluqvjg7vntI3mnJ/jga7norroqo3jgpLjgYrpoZjjgYTjgZfjgb7jgZnjgII8YnI+CuODu+ODoeODvOOCq+ODvOasoOWTgeOChOeUn+eUo+W+heOBoeOBquOBqeOBp+WVhuWTgeOBjOOBmeOBkOOBq+OBlOeUqOaEj+OBp+OBjeOBquOBhOWgtOWQiOOBr+OAgeS7o+abv+WTgeOCkuOBlOahiOWGheOBleOBm+OBpumgguOBj+OBi+OBlOazqOaWh+OBruOCreODo+ODs+OCu+ODq+OCkuOBiumhmOOBhOOBmeOCi+S6i+OBjOOBguOCiuOBvuOBmeOAgjxicj48YnI+CuOAkOeJueiomOS6i+mgheOAkTxicj4K4oC744Ob44Kk44O844Or44Gv5ZCr44G/44G+44Gb44KT44CCPGJyPgrigLvllYblk4HnlLvlg4/jga/jgrXjgqTjgrrjgavjgojjgorlvq7lppnjgavpgZXjgYbloLTlkIjjgYzjgYLjgorjgb7jgZnjgII=,4peP44Kw44OD44OJ44Kk44Ok44O8IOODrOODtOOCueODmuODg+OCryBSUy0wMiAyNzUvMzVSMTggOTVX4peG44CQ6YCB5paZ54Sh5paZ44CRUkVWU1BFQyDmma7pgJrou4rnlKjjgrXjg57jg7zjgr/jgqTjg6TvvJrjgrDjg6rjg7zjg7PjgrPjg7Pjgrfjg6Xjg7zjg57jg7w=,44K/44Kk44Ok44Ob44Kk44O844Or44Of44OL44OQ44Oz44Ki44Or44Of44Ko44Kz5L2O54eD6LK75r+A5a6J56iO6L686YCB5paZ54Sh5paZ44Od44Kk44Oz44OI5q2j6KaP5Zu955Sj5pel5pys6KO95pyA5paw5pWP6YCf44K544K/44OD44OJ44Os44K54peP44Kw44OD44OJ44Kk44Ok44O8IOODrOODtOOCueODmuODg+OCryBSUy0wMiAyNzUvMzVSMTggOTVX4peG44CQ6YCB5paZ54Sh5paZ44CRUkVWU1BFQyDmma7pgJrou4rnlKjjgrXjg57jg7zjgr/jgqTjg6Q=,4pag44CQ44GU5rOo5paHMuacrOOBi+OCiemAgeaWmeeEoeaWme+8geOAkeWMl+a1t+mBk+ODu+aylue4hOODu+mbouWztuOBr+mZpOOBj+OAguKXj+OCsOODg+ODieOCpOODpOODvCDjg6zjg7Tjgrnjg5rjg4Pjgq8gUlMtMDIgMjc1LzM1UjE4IDk1V+KXhuOAkOmAgeaWmeeEoeaWmeOAkVJFVlNQRUMg5pmu6YCa6LuK55So44K144Oe44O844K/44Kk44Ok[rn]
11-193215,aHR0cDovL3RzaG9wLnIxMHMuanAvdXMtdGlyZXMvY2FiaW5ldC90b3lvL3Byb3hlcy1yMXIvaW1nNjA1MDI3NDUuanBnP2ZpdGluPTcwMDo3MDA=,NzYxNi4wMDAw,,6LuK55So5ZOB44O744OQ44Kk44Kv55So5ZOBID4g44Kr44O855So5ZOBID4g44K144Oe44O844K/44Kk44Ok,44CQ5Zyo5bqr5pyJ44CB5Y2z57SN44CRIDIwMTflubToo70g44OI44O844Oo44O844K/44Kk44Ok44OX44Ot44Kv44K744K5UjFSIFsyMDUvNTVSMTZdMTbjgqTjg7Pjg4EvIFRPWU8gUFJPWEVTIFIxUg==,5pyA5a6J5L6h5qC844Gr5oyR5oim,PGZvbnQgY29sb3I9JyNmZjYzNDcnPumrmOW6puOBquODieODqeOCpOOCsOODquODg+ODl+aAp+iDveOBjOOAgeOCteODvOOCreODg+ODiOOBp+OAgemrmOmAn+OCs+ODvOODiuODvOOBp+WogeWKm+OCkueZuuaPruOAgjxicj7norrjgYvjgarjgqbjgqfjg4Pjg4jjgrDjg6rjg4Pjg5fmgKfog73jgYzjgIEK5a6J5a6a5oSf44Gu44GC44KL6LWw44KK44KS5a6f54++44CCPC9mb250Pjxicj48YnI+CgrmjqXlnLDpnaLnqY3jgpLmi6HlpKfjgZnjgovjg6/jgqTjg4njg4jjg6zjg4Pjg4njg5Hjgr/jg7zjg7PjgIHpq5jjgYTjgrHjg7zjgrnliZvmgKfjgafjgrPjg7zjg4rjg6rjg7PjgrDmmYLjga7lpInlvaLjgpLmipHjgYjjgovjg4/jgqTjgrnjg4Hjg7zjg6vjgrXjgqTjg4njg5fjg6njgqTjgYzjgIHnhKHpoZ7jga7jgrDjg6rjg4Pjg5fmgKfog73jgpLnmbrmj67jgII8YnI+CuaOkuawtOiDveWKm+OCkumrmOOCgeOBn+OCouODreODvOODmOODg+ODieWei+OCsOODq+ODvOODluOBq+OCiOOCiuOAgeOCpuOCp+ODg+ODiOi3r+mdouOBp+OBrueiuuOBi+OBquOCsOODquODg+ODl+aAp+iDveOCkueZuuaPruOAgumbqOWkqei1sOihjOaZguOCgumrmOW6puOBquOCs+ODs+ODiOODreODvOODq+aAp+OCkuWun+ePvuOBl+OBvuOBl+OBn+OAggo8YnI+PGJyPgrllYblk4HoqbPntLA8YnI+CuODoeODvOOCq+ODvOODu+ODu+ODu+ODiOODvOODqOODvOOCv+OCpOODpCAvIFRPWU8gVElSRVM8YnI+CuODluODqeODs+ODieODu+ODu+ODu+ODl+ODreOCr+OCu+OCuVIxUiAvIFBST1hFUyBSMVI8YnI+CuOCteOCpOOCuuODu+ODu+ODuzIwNS81NVIxNjxicj4=,44CQ5Zyo5bqr5pyJ44CB5Y2z57SN44CRIDIwMTflubToo70g44OI44O844Oo44O844K/44Kk44Ok44OX44Ot44Kv44K744K5UjFSIFsyMDUvNTVSMTZdMTbjgqTjg7Pjg4EvIFRPWU8gUFJPWEVTIFIxUu+8mlVTIFRJUkVT,44CQ5Zyo5bqr5pyJ44CB5Y2z57SN44CRIDIwMTflubToo70g44OI44O844Oo44O844K/44Kk44Ok44OX44Ot44Kv44K744K5UjFSIFsyMDUvNTVSMTZdMTbjgqTjg7Pjg4EvIFRPWU8gUFJPWEVTIFIxUg==,5pyA5a6J5L6h5qC844Gr5oyR5oim44CC44CQ5Zyo5bqr5pyJ44CB5Y2z57SN44CRIDIwMTflubToo70g44OI44O844Oo44O844K/44Kk44Ok44OX44Ot44Kv44K744K5UjFSIFsyMDUvNTVSMTZdMTbjgqTjg7Pjg4EvIFRPWU8gUFJPWEVTIFIxUg==[rn]
11-193216,aHR0cDovL3RzaG9wLnIxMHMuanAvdGlyZS16ZXJvL2NhYmluZXQvMDMwNDA5NjMvMDM1MDE1NDEvaW1ncmMwMDc4MjQ5ODEyLmpwZz9maXRpbj03MDA6NzAw,ODQ4MS42MDAw,,6LuK55So5ZOB44O744OQ44Kk44Kv55So5ZOBID4g44Kr44O855So5ZOBID4g44K144Oe44O844K/44Kk44Ok,6YCB5paZ54Sh5paZ4peGUy5kcml2ZSBBUzAx4peGMTk1LzQ1UjE3IDg1VyBSRkTil4Yx5pys5L6h5qC84peG5paw5ZOB5aSP44K/44Kk44Ok4peG44Oo44Kz44OP44Oe4peG44Ko44K544OJ44Op44Kk44OWIFPjg4njg6njgqTjg5Y=,5Zu95YaF5q2j6KaP5ZOB77yB5bqX6aCt57WE5pu/T0vvvIE=,6KGo56S65L6h5qC844Gv44CAPGZvbnQgY29sb3I9InJlZCIgc2l6ZT0iMiI+5paw5ZOB44K/44Kk44OkMeacrDwvZm9udD7jgIDjga7kvqHmoLzjgajjgarjgorjgb7jgZnjgII8QlI+PEJSPgrigLvmjrLovInnlLvlg4/jga/jgqTjg6Hjg7zjgrjjgafjgZnjgII8YnI+CueUu+WDj+OBq+ODm+OCpOODvOODq+OBjOWGmeOBo+OBpuOBhOOCi+WgtOWQiOOBp+OCguOAgeOBiuWxiuOBkeOBmeOCi+WVhuWTgeOBr+OCv+OCpOODpOOBruOBv+OBqOOBquOCiuOBvuOBmeOAgjxicj4K6YCB5paZ44Gv5pys5pWw44Gr6Zai5L+C44Gq44GP77yR5pys44KI44KK44CAPGZvbnQgY29sb3I9InJlZCIgc2l6ZT0iMiI+54Sh5paZPC9mb250PuOAgOOBp+OBme+8gTxCUj48QlI+CuKAu+aylue4hOOAgembouWztuOBuOOBruOBiuWxiuOBkeOBr+OAgeWIpemAlOOAgDxmb250IGNvbG9yPSJyZWQiIHNpemU9IjIiPuS4ree2meaWmemHkTwvZm9udD7jgIDjgYznmbrnlJ/jgYTjgZ/jgZfjgb7jgZnjgII8QlI+CumHkemhjeOBr+OBiuWVj+OBhOWQiOOCj+OBm+OBj+OBoOOBleOBhOOAguW9k+W6l+OBp+azqOaWh+WPl+S7mOW+jOOBq+WKoOeul+OBleOBm+OBpuOBhOOBn+OBoOOBjeOBvuOBmeOAgjxicj4K5Zyo5bqr44GM44GC44KL5ZWG5ZOB44Gv5Y2z5pel772eM+WWtualreaXpeS7peWGheOBq+eZuumAgeOBhOOBn+OBl+OBvuOBmeOAgjxCUj48QlI+CuWcqOW6q+eKtuazgeOBq+OCiOOCiuOBiuWPluOCiuWvhOOBm+OBqOOBsOOBquOCiuOBiuaZgumWk+OCkuOBhOOBn+OBoOOBj+WgtOWQiOOChOOAgTxCUj4K5oCl44Gq5qyg5ZOB44Go44Gq44KL5aC05ZCI44GM44GU44GW44GE44G+44GZ44CCPEJSPgrjgYrmgKXjgY7jga7jgYrlrqLmp5jjga/jgZTms6jmlofliY3jgavjgYrmsJfou73jgavjgYrllY/jgYTlkIjjgo/jgZvjgY/jgaDjgZXjgYTjgII=,6YCB5paZ54Sh5paZ4peGUy5kcml2ZSBBUzAx4peGMTk1LzQ1UjE3IDg1VyBSRkTil4Yx5pys5L6h5qC84peG5paw5ZOB5aSP44K/44Kk44Ok4peG44Oo44Kz44OP44Oe4peG44Ko44K544OJ44Op44Kk44OWIFPjg4njg6njgqTjg5bvvJrjgr/jgqTjg6Tjgrfjg6fjg4Pjg5daRVJP5qW95aSp5biC5aC05bqX,6YCB5paZ54Sh5paZ4peGUy5kcml2ZSBBUzAx4peGMTk1LzQ1UjE3IDg1VyBSRkTil4Yx5pys5L6h5qC84peG5paw5ZOB5aSP44K/44Kk44Ok4peG44Oo44Kz44OP44Oe4peG44Ko44K544OJ44Op44Kk44OWIFPjg4njg6njgqTjg5Y=,5Zu95YaF5q2j6KaP5ZOB77yB5bqX6aCt57WE5pu/T0vvvIHjgILpgIHmlpnnhKHmlpnil4ZTLmRyaXZlIEFTMDHil4YxOTUvNDVSMTcgODVXIFJGROKXhjHmnKzkvqHmoLzil4bmlrDlk4HlpI/jgr/jgqTjg6Til4bjg6jjgrPjg4/jg57il4bjgqjjgrnjg4njg6njgqTjg5YgU+ODieODqeOCpOODlg==[rn]
11-193217,aHR0cDovL3RzaG9wLnIxMHMuanAvYXVjLWJydWNrYmVyZy9jYWJpbmV0L3RpcmUvaW1ncmMwMDY2MDAyNjg1LmpwZz9maXRpbj03MDA6NzAw,MzA0OC4wMDAw,,6LuK55So5ZOB44O744OQ44Kk44Kv55So5ZOBID4g44Kr44O855So5ZOBID4g44K144Oe44O844K/44Kk44Ok,44CQ5Y2z5pel55m66YCB44CR4pag5paw5ZOB4pagMTk1LzgwUjE1ICgxOTUvODAtMTUpIOKWoOODiOODqeOCpOOCouODs+OCsOODqyhUUklBTkdMRSnilqBUUjY0NSDjgrXjg57jg7zjgr/jgqTjg6Q=,5pyA5a6J5YCk5oyR5oim5Lit77yB5r+A5a6J44K/44Kk44Ok77yG44Ob44Kk44O844Or5bCC6ZaA5bqX44Kz44Os44Kv44K344On44Oz44K/44Kk44Ok,4pag5ZWG5ZOB5ZCNIOODiOODqeOCpOOCouODs+OCsOODqyhUUklBTkdMRSkgVFI2NDUgMTk1LzgwUjE1IDEwNVEKCuKWoOODoeODvOOCq+ODvOe0ueS7iwrlibXmpa0xOTc25bm044CC5bm06ZaT55Sf55Sj6YePMiwzMDDkuIfmnKzjgIHkuJbnlYzjgrfjgqfjgqIxNOS9jeOCkuiqh+OCi+S4reWbveacgOWkp+OBruOCv+OCpOODpOODoeODvOOCq+ODvOOAgumHjeapn+etieeUo+alreeUqOOBi+OCieOAgeWkp+Wei+ODiOODqeODg+OCr+ODu+S5l+eUqOi7iuOBvuOBp+OAgeW5heW6g+OBhOODqeOCpOODs+ODiuODg+ODl+OBp+WxlemWi+OAgklTTzkwMDHoqo3oqLzjgIHjg6jjg7zjg63jg4Pjg5FFQ0XjgIHjgqLjg6Hjg6rjgqvkuqTpgJrnnIFET1Toqo3oqLzjgIHkuK3lm71DQ0PjgarjganjgIHkuJbnlYzvvJbvvJDjg7blm73jga7jgr/jgqTjg6Tlt6Xmpa3opo/moLzjgpLjgq/jg6rjgqLjgILjgZ3jga7lk4Hos6rjgYvjgonjgIE1MOS7peS4iuOBruiHquWLlei7iuOBq+e0lOato+aOoeeUqOOBleOCjOOBpuOBiuOCiuOAgeasp+W3nuODu+WMl+exs+OCkuOBr+OBmOOCgeOAgeS4lueVjDE2MOODtuWbveOBp+aEm+eUqOOBleOCjOOBpuOBhOOBvuOBmeOAgj8KCuKWoOWVhuWTgeOCueODmuODg+OCrwrlpJblvoTvvJo2OTNtbe+8j+e3j+W5he+8mjE5Nm1t77yP5o6o5aWo44Oq44Og5bmF77yaNS41SgoK4pag5ZWG5ZOB54m56ZW3CuODkeOCv+ODvOODs++8muOCs+ODs+ODleOCqeODvOODiArpnZnlr4LmgKfjgajotbDooYzmgKfog73jga7jg5Djg6njg7Pjgrnjga7jgajjgozjgZ/jgr/jgqTjg5cK5Zue6Lui5pa55ZCR77ya54Sh44GXCklOIE9VVOaMh+Wumu+8mueEoeOBlwoK4pag6YCB5paZ44O757SN5pyf55uu5a6JCuaylue4hO+8mjTvvZ415pel77+lMiw4MTAv5pysCuWMl+a1t+mBk++8mjPml6XvvZ445pel77+lMiwzNzAv5pysCuadseWMl+S5neW3nu+8mue/jOaXpe+9nue/jOOAheaXpe+/pTIsMTYwL+acrArjgZ3jga7ku5blnLDln5/vvJrnv4zml6Xvv6UyLDE2MC/mnKwK4oC76Zui5bO25Zyw5Z+f44G444Gu55m66YCB5pel5pWw44Gv44CB5Yil6YCU44GK5ZWP44GE5ZCI44KP44Gb44GP44Gg44GV44GE44CCCgrilqDlgpnogIMK5ZWG5ZOB44Gv44K/44Kk44Ok44Gu44G/44Gn44Ob44Kk44O844Or44Gv5LuY5bGe44GX44G+44Gb44KT44CCCuKAu+OBk+OBoeOCieOBruWVhuWTgeOBr+OAgTHmnKzljZjkvY3jgafjga7osqnlo7LjgafjgZnjgIIK4peL5YCL5pWw44CMMeOAjeKHkjHmnKzms6jmlofjgafjgZnjgIIK4peL5YCL5pWw44CMNOOAjeKHkjTmnKzms6jmlofjgafjgZnjgII=,44CQ5Y2z5pel55m66YCB44CR4pag5paw5ZOB4pagMTk1LzgwUjE1ICgxOTUvODAtMTUpIOKWoOODiOODqeOCpOOCouODs+OCsOODqyhUUklBTkdMRSnilqBUUjY0NSDjgrXjg57jg7zjgr/jgqTjg6TvvJrjgrPjg6zjgq/jgrfjg6fjg7Pjgr/jgqTjg6Q=,44CQ5Y2z5pel55m66YCB44CR4pag5paw5ZOB4pagMTk1LzgwUjE1ICgxOTUvODAtMTUpIOKWoOODiOODqeOCpOOCouODs+OCsOODqyhUUklBTkdMRSnilqBUUjY0NSDjgrXjg57jg7zjgr/jgqTjg6Q=,5pyA5a6J5YCk5oyR5oim5Lit77yB5r+A5a6J44K/44Kk44Ok77yG44Ob44Kk44O844Or5bCC6ZaA5bqX44Kz44Os44Kv44K344On44Oz44K/44Kk44Ok44CC44CQ5Y2z5pel55m66YCB44CR4pag5paw5ZOB4pagMTk1LzgwUjE1ICgxOTUvODAtMTUpIOKWoOODiOODqeOCpOOCouODs+OCsOODqyhUUklBTkdMRSnilqBUUjY0NSDjgrXjg57jg7zjgr/jgqTjg6Q=[rn]
11-193218,aHR0cDovL3RzaG9wLnIxMHMuanAvdGlyZS16ZXJvL2NhYmluZXQvMDMwNDA5NjMvMDQ3MDQ1MjgvaW1ncmMwMDcyNzU0NTIxLmpwZz9maXRpbj03MDA6NzAw,MTAzNzAuNDAwMA==,,6LuK55So5ZOB44O744OQ44Kk44Kv55So5ZOBID4g44Kr44O855So5ZOBID4g44K144Oe44O844K/44Kk44Ok,6YCB5paZ54Sh5paZ4peGTklUVE8gTkVPR0VO4peGMjI1LzM1UjIw4peGMeacrOS+oeagvOKXhuaWsOWTgeWkj+OCv+OCpOODpOKXhuODi+ODg+ODiOODvOKXhuODjeOCquOCuOOCp+ODsyDjg43jgqrjg4bjgq/jgrjjgqfjg7MgTkVP44OG44KvR0VO,5bqX6aCt57WE5pu/T0vvvIE=,6KGo56S65L6h5qC844Gv44CAPGZvbnQgY29sb3I9InJlZCIgc2l6ZT0iMiI+5paw5ZOB44K/44Kk44OkMeacrDwvZm9udD7jgIDjga7kvqHmoLzjgajjgarjgorjgb7jgZnjgII8QlI+PEJSPgrigLvmjrLovInnlLvlg4/jga/jgqTjg6Hjg7zjgrjjgafjgZnjgII8YnI+CueUu+WDj+OBq+ODm+OCpOODvOODq+OBjOWGmeOBo+OBpuOBhOOCi+WgtOWQiOOBp+OCguOAgeOBiuWxiuOBkeOBmeOCi+WVhuWTgeOBr+OCv+OCpOODpOOBruOBv+OBqOOBquOCiuOBvuOBmeOAgjxicj4K6YCB5paZ44Gv5pys5pWw44Gr6Zai5L+C44Gq44GP77yR5pys44KI44KK44CAPGZvbnQgY29sb3I9InJlZCIgc2l6ZT0iMiI+54Sh5paZPC9mb250PuOAgOOBp+OBme+8gTxCUj48QlI+CuKAu+aylue4hOOAgembouWztuOBuOOBruOBiuWxiuOBkeOBr+OAgeWIpemAlOOAgDxmb250IGNvbG9yPSJyZWQiIHNpemU9IjIiPuS4ree2meaWmemHkTwvZm9udD7jgIDjgYznmbrnlJ/jgYTjgZ/jgZfjgb7jgZnjgII8QlI+CumHkemhjeOBr+OBiuWVj+OBhOWQiOOCj+OBm+OBj+OBoOOBleOBhOOAguW9k+W6l+OBp+azqOaWh+WPl+S7mOW+jOOBq+WKoOeul+OBleOBm+OBpuOBhOOBn+OBoOOBjeOBvuOBmeOAgjxicj4K5Zyo5bqr44GM44GC44KL5ZWG5ZOB44Gv5Y2z5pel772eM+WWtualreaXpeS7peWGheOBq+eZuumAgeOBhOOBn+OBl+OBvuOBmeOAgjxCUj48QlI+CuWcqOW6q+eKtuazgeOBq+OCiOOCiuOBiuWPluOCiuWvhOOBm+OBqOOBsOOBquOCiuOBiuaZgumWk+OCkuOBhOOBn+OBoOOBj+WgtOWQiOOChOOAgTxCUj4K5oCl44Gq5qyg5ZOB44Go44Gq44KL5aC05ZCI44GM44GU44GW44GE44G+44GZ44CCPEJSPgrjgYrmgKXjgY7jga7jgYrlrqLmp5jjga/jgZTms6jmlofliY3jgavjgYrmsJfou73jgavjgYrllY/jgYTlkIjjgo/jgZvjgY/jgaDjgZXjgYTjgII=,6YCB5paZ54Sh5paZ4peGTklUVE8gTkVPR0VO4peGMjI1LzM1UjIw4peGMeacrOS+oeagvOKXhuaWsOWTgeWkj+OCv+OCpOODpOKXhuODi+ODg+ODiOODvOKXhuODjeOCquOCuOOCp+ODsyDjg43jgqrjg4bjgq/jgrjjgqfjg7MgTkVP44OG44KvR0VO77ya44K/44Kk44Ok44K344On44OD44OXWkVST+alveWkqeW4guWgtOW6lw==,6YCB5paZ54Sh5paZ4peGTklUVE8gTkVPR0VO4peGMjI1LzM1UjIw4peGMeacrOS+oeagvOKXhuaWsOWTgeWkj+OCv+OCpOODpOKXhuODi+ODg+ODiOODvOKXhuODjeOCquOCuOOCp+ODsyDjg43jgqrjg4bjgq/jgrjjgqfjg7MgTkVP44OG44KvR0VO,5bqX6aCt57WE5pu/T0vvvIHjgILpgIHmlpnnhKHmlpnil4ZOSVRUTyBORU9HRU7il4YyMjUvMzVSMjDil4Yx5pys5L6h5qC84peG5paw5ZOB5aSP44K/44Kk44Ok4peG44OL44OD44OI44O84peG44ON44Kq44K444Kn44OzIOODjeOCquODhuOCr+OCuOOCp+ODsyBORU/jg4bjgq9HRU4=[rn]
11-193219,aHR0cDovL3RzaG9wLnIxMHMuanAvYXV0b3dheS9jYWJpbmV0L21haW5pbWFnZS90aXJlX21haW4vZmFsa2VuL2ZrMDA0MTkuanBnP2ZpdGluPTcwMDo3MDA=,ODQ1Ni4wMDAw,,6LuK55So5ZOB44O744OQ44Kk44Kv55So5ZOBID4g44Kr44O855So5ZOBID4g44K144Oe44O844K/44Kk44Ok,44CQ6YCB5paZ54Sh5paZ44CR44CQ5Y2z5pel55m66YCB44CR4pagRkFMS0VO77yI44OV44Kh44Or44Kx44OzKVpJRVggIFpFOTE0IEVjb3J1biAyMjUvNDVSMTcgOTRXKDIyNS80NS0xNyAyMjUtNDUtMTfjgqTjg7Pjg4Ep44CK5qSc57Si55So44CL44K/44Kk44Ok44GuQVVUT1dBWe+8iOOCquODvOODiOOCpuOCp+OCpO+8ieOCteODnuODvOOCv+OCpOODpOOAkFJDUOOAkTA1UDAxT2N0MTY=,4pag5pyA5a6J5YCk5oyR5oim5Lit77yB44CQ5paw5ZOB44K/44Kk44Ok44CR44CQ44K144Oe44O844K/44Kk44Ok44CR,RkFMS0VOIFpJRVggWkU5MTQgRWNvcnVuIDIyNS80NVIxNyA5NFc8QlI+PEJSPuKWoOasp+exs+OCkuS4reW/g+OBq+OCv+OCpOODpOOBruiyqeWjsuOCkuihjOOBhuaXpeacrOOBruOCsOODreODvOODkOODq+OCv+OCpOODpOODluODqeODs+ODiUZBTEtFTu+8iOODleOCoeODq+OCseODs++8ieOAgiDjgIzli53jgaTjgZ/jgoHjga7jgr/jgqTjg6TjgI3jgajjgZfjgabjgIHjgrXjg7zjgq3jg4Pjg4jjgafln7njgaPjgZ/mioDooZPjgpLluILosqnjgr/jgqTjg6Tjgavlv5znlKjjgZfjgIEg5pel5pys44KS5Luj6KGo44GZ44KL44OW44Op44Oz44OJ44Go44GX44Gm44CB5paw44Gf44Gq6aOb6LqN44KS6YGC44GS44Gm44GE44G+44GZ44CCCuKWoFpJRVggWkU5MTQgRWNvcnVu44Gv44CB44Km44Kn44OD44OI44CB44OJ44Op44Kk44Gp44Gh44KJ44Gu6Lev6Z2i54q25rOB44Gn44KC6auY44GE5Yi25YuV5a6J5a6a5oCn44KS5Y+v6IO944Gr44GZ44KL54K644CB5LqM6YeN44Gu6auY5Ymb5oCn44Oq44OW5qeL6YCg44Go44OP44Kk44OJ44Ot44OX44Os44O844OL44Oz44Kw54++6LGh44KS5oqR5Yi244Gn44GN44KL6auY44GE5o6S5rC05oCn44KS5a6f54++44GZ44KL57im5rqd44Go6Z2e5a++56ew44Gu44OI44Os44OD44OJ44OH44K244Kk44Oz44GM5o6h55So44GV44KM44Gm44GE44G+44GZ44CC44G+44Gf44CB44Ko44Kz44Op44Oz44Kz44Oz44OR44Km44Oz44OJ44Gr44KI44KK5L2O6Lui44GM44KK5oq15oqX44KS5a6f54++44GZ44KL54K644Gr5pyA6YGp44Gq6Kit6KiI44GM44GV44KM44Gf44Ko44Kz44K/44Kk44Ok44Gn44GZ44CCCuKWoOW3puWPs+mdnuWvvuensOODkeOCv+ODvOODs+OBp+OBmeOAguOBk+OBruOCv+OCpOODpOOBruWkluWBtOOBq+OBr+OAjE9VVFNJREXjgI3jgIHlhoXlgbTjgavjga/jgIxJTlNJREXjgI3jgajliLvljbDjgYzjgYLjgorjgb7jgZnjgILjgIxPVVRTSURF44CN44GM6LuK5Lih44Gr5a++44GX44Gm5aSW5YG044Gr44Gq44KL44KI44GG6KOF552A44GX44Gm44GP44Gg44GV44GE44CC44CACuKWoOWPs+eUqOW3pueUqOOBruioreWumuOBr+OBguOCiuOBvuOBm+OCk+OAgjxCUj48QlI+5aSW5b6E77yaNjM1bW3jgIDluYXvvJoyMThtbeOAgOaOqOWlqOODquODoOW5he+8mjcuNUogWEzopo/moLzvvJril4s8QlI+PEJSPg==,44CQ6YCB5paZ54Sh5paZ44CR44CQ5Y2z5pel55m66YCB44CR4pagRkFMS0VO77yI44OV44Kh44Or44Kx44OzKVpJRVggIFpFOTE0IEVjb3J1biAyMjUvNDVSMTcgOTRXKDIyNS80NS0xNyAyMjUtNDUtMTfjgqTjg7Pjg4Ep44CK5qSc57Si55So44CL44K/44Kk44Ok44GuQVVUT1dBWe+8iOOCquODvOODiOOCpuOCp+OCpO+8ieOCteODnuODvOOCv+OCpOODpOOAkFJDUOOAkTA1UDAxT2N0MTbvvJpBVVRPV0FZ77yI44Kq44O844OI44Km44Kn44Kk77yJ,44Kq44O844OI44Km44Kn44Kk5r+A5a6J44K/44Kk44Ok44OK44Oz44Kr44OzYXV0b3dheeODiuODs+OCq+ODs+OAgOOCv+OCpOODpG5hbmthbmfjg5Xjgqfjg4fjg6njg6vpgJrosqnjgIDjgr/jgqTjg6TovLjlhaXjgIDjgr/jgqTjg6RuZXhlbuODleOCp+ODh+ODqeODq+OAgOOCv+OCpOODpGZlZGVyYWzovLjlhaXjgIDjgr/jgqTjg6TjgIDkvqHmoLx0YWl5YeOCueOCv+ODg+ODieODrOOCueOCv+OCpOODpOOCv+OCpOODpOOAgOiyqeWjsuODiuODs+OCq+ODs+OAgOOCueOCv+ODg+ODieODrOOCueOCv+OCpOODpOOCv+OCpOODpOOAgOWuieWjsuOCiuOCv+OCpOODpOOAgOOCteOCpOOCuuOAkOmAgeaWmeeEoeaWmeOAkeOAkOWNs+aXpeeZuumAgeOAkeKWoEZBTEtFTu+8iOODleOCoeODq+OCseODsylaSUVYICBaRTkxNCBFY29ydW4gMjI1LzQ1UjE3IDk0VygyMjUvNDUtMTcgMjI1LTQ1LTE344Kk44Oz44OBKeOAiuaknOe0oueUqOOAi+OCv+OCpOODpOOBrkFVVE9XQVnvvIjjgqrjg7zjg4jjgqbjgqfjgqTvvInjgrXjg57jg7zjgr/jgqTjg6TjgJBSQ1DjgJEwNVAwMU9jdDE2,4pag5pyA5a6J5YCk5oyR5oim5Lit77yB44CQ5paw5ZOB44K/44Kk44Ok44CR44CQ44K144Oe44O844K/44Kk44Ok44CR44CC44CQ6YCB5paZ54Sh5paZ44CR44CQ5Y2z5pel55m66YCB44CR4pagRkFMS0VO77yI44OV44Kh44Or44Kx44OzKVpJRVggIFpFOTE0IEVjb3J1biAyMjUvNDVSMTcgOTRXKDIyNS80NS0xNyAyMjUtNDUtMTfjgqTjg7Pjg4Ep44CK5qSc57Si55So44CL44K/44Kk44Ok44GuQVVUT1dBWe+8iOOCquODvOODiOOCpuOCp+OCpO+8ieOCteODnuODvOOCv+OCpOODpOOAkFJDUOOAkTA1UDAxT2N0MTY=[rn]
11-193220,aHR0cDovL3RzaG9wLnIxMHMuanAvdGlyZTMxMDQvY2FiaW5ldC8wNDE1LzIwMTR0YW5waW4vbHMyMDAwLmpwZz9maXRpbj03MDA6NzAw,MTExMDQuMDAwMA==,,6LuK55So5ZOB44O744OQ44Kk44Kv55So5ZOBID4g44Kr44O855So5ZOBID4g44K144Oe44O844K/44Kk44Ok,MjQ1LzQ1UjE5IDk4VyDjgrDjg4Pjg4njgqTjg6Tjg7wgTFMyMDAwIEh5YnJpZDIgR29vZHllYXIgTFMyMDAwIOODj+OCpOODluODquODg+ODiDIg44K144Oe44O844K/44Kk44OkIDE544Kk44Oz44OBIOWNmOWTgSAx5pysIOS+oeagvCDjgI4y5pys5Lul5LiK44GU5rOo5paH44Gn6YCB5paZ54Sh5paZ44CP,MTnjgqTjg7Pjg4EgTFMyMDAwIEh5YnJpZDIg44K144Oe44O844K/44Kk44OkIOOCsOODg+ODieOCpOODpOODvA==,,MjQ1LzQ1UjE5IDk4VyDjgrDjg4Pjg4njgqTjg6Tjg7wgTFMyMDAwIEh5YnJpZDIgR29vZHllYXIgTFMyMDAwIOODj+OCpOODluODquODg+ODiDIg44K144Oe44O844K/44Kk44OkIDE544Kk44Oz44OBIOWNmOWTgSAx5pysIOS+oeagvCDjgI4y5pys5Lul5LiK44GU5rOo5paH44Gn6YCB5paZ54Sh5paZ44CP77ya44K/44Kk44Ok44OX44Op44Kk44K56aSo,44K544K/44OD44OJ44Os44K544K/44Kk44Ok44K544K/44OD44OJ44Os44K544OW44Oq44OC44K544OI44Oz44OW44Oq44K244OD44Kv44OA44Oz44Ot44OD44OX44Km44Kj44Oz44K/44O844Oe44OD44Kv44K544OI44O844Oo44O844K/44Kk44Ok44OI44O844Oo44O844OU44Os44Oq44K/44Kk44Ok5Yas44K/44Kk44Ok44Ob44Kk44O844Or44Ki44Or44Of44Ob44Kk44O844Or44K/44Kk44Ok44Ob44Kk44O844Or44K744OD44OI5bqX5qW95aSp44K544K/44OD44OJ44Os44K544K/44Kk44Ok44Ob44Kk44O844Or44K744OD44OI6Lu944OI44Op44OD44KvMjQ1LzQ1UjE5IDk4VyDjgrDjg4Pjg4njgqTjg6Tjg7wgTFMyMDAwIEh5YnJpZDIgR29vZHllYXIgTFMyMDAwIOODj+OCpOODluODquODg+ODiDIg44K144Oe44O844K/44Kk44OkIDE544Kk44Oz44OBIOWNmOWTgSAx5pysIOS+oeagvCDjgI4y5pys5Lul5LiK44GU5rOo5paH44Gn6YCB5paZ54Sh5paZ44CP,MTnjgqTjg7Pjg4EgTFMyMDAwIEh5YnJpZDIg44K144Oe44O844K/44Kk44OkIOOCsOODg+ODieOCpOODpOODvOOAgjI0NS80NVIxOSA5OFcg44Kw44OD44OJ44Kk44Ok44O8IExTMjAwMCBIeWJyaWQyIEdvb2R5ZWFyIExTMjAwMCDjg4/jgqTjg5bjg6rjg4Pjg4gyIOOCteODnuODvOOCv+OCpOODpCAxOeOCpOODs+ODgSDljZjlk4EgMeacrCDkvqHmoLwg44COMuacrOS7peS4iuOBlOazqOaWh+OBp+mAgeaWmeeEoeaWmeOAjw==[rn]
11-193221,aHR0cDovL3RzaG9wLnIxMHMuanAvb3B0aW9uYWxob3dhL2NhYmluZXQvaW1hZ2VzL3N1bW1lcnRpcmUveW9rb2hhbWEveW9rby1nMDEyLmpwZz9maXRpbj03MDA6NzAw,MTEyMDAuMDAwMA==,,6LuK55So5ZOB44O744OQ44Kk44Kv55So5ZOBID4g44Kr44O855So5ZOBID4g44K144Oe44O844K/44Kk44Ok,WU9LT0hBTUEg44K/44Kk44OkIOOCuOOCquODqeODs+ODgOODvEEvVC1TIEcwMTIgUDIzNS83MFIxNiBSQkwgMuacrOS7peS4iuOBp+mAgeaWmeeEoeaWmQ==,,PGZvbnQgY29sb3I9IzAwMDBGRj7llYblk4HnlLvlg4/jga/jgrXjg7Pjg5fjg6vjga7ngrrjg5vjgqTjg6vku5jjgY3jga7jgoLlvqHluqfjgYTjgb7jgZnjgYzjgIE8YnI+44GK5bGK44GR5ZWG5ZOB44Gv44K/44Kk44Ok44Gu44G/44Gr44Gq44KK44G+44GZ44CCPGJyPjwvZm9udD48YnI+PGZvbnQgY29sb3I9I0ZGMDAwMD7imIbjgrXjgqTjgrrjgpLlv4XjgZrjgZTnorroqo3kuIvjgZXjgYTimIY8L2ZvbnQ+PGJyPuKXj+ODoeODvOOCq+ODvOWQje+8mllPS09IQU1BPGJyPuKXj+WVhuWTgeWQje+8mkdFT0xBTkRBUiAgQS9ULVMgRzAxMiA8YnI+4peP44K144Kk44K677yaUDIzNS83MFIxNiAg44CQUDIzNS83MC0xNiBQMjM1LTcwLTE244CRPGJyPuKXj+W5he+8mjIzNTxicj7il4/miYHlubPnjofvvJo3MDxicj7il4/jgqTjg7Pjg4HvvJoxNuOCpOODs+ODgTxicj7il4/lgpnogIPvvJrjgqLjgqbjg4jjg6njgqTjg7Pjg5vjg6/jgqTjg4jjg6zjgr/jg7zvvIhPV0zvvIkv44Os44Kk44K644OJ44OW44Op44OD44Kv44Os44K/44O877yIUkJM77yJ77yI44Ko44Kv44K544OI44Op44Ot44O844OJ77yJPGJyPjxicj48YnI+PGZvbnQgY29sb3I9IiNGRjAwMDAiPjHmnKzjga7loLTlkIjjg7vjg7vjg7vpgIHmlpkxMDUw5YaGPGJyPjLmnKzku6XkuIrjgafjg7vjg7vjg7vpgIHmlpnnhKHmlpk8YnI+6Zui5bO277yaMe+9njLmnKzjgIAxNTc15YaG44O7M++9njTmnKzjgIAzMTUw5YaGPGJyPuaylue4hO+8mjHvvZ4y5pys44CAMjEwMOWGhuODuzPvvZ405pys44CANDIwMOWGhjxicj48YnI+5Luj5byV5omL5pWw5paZ54Sh5paZPC9mb250Pg==,WU9LT0hBTUEg44K/44Kk44OkIOOCuOOCquODqeODs+ODgOODvEEvVC1TIEcwMTIgUDIzNS83MFIxNiBSQkwgMuacrOS7peS4iuOBp+mAgeaWmeeEoeaWme+8muOCquODl+OCt+ODp+ODiuODq+ixiuWSjA==,44K144K544Oa44Oz44K344On44Oz44K344On44OD44Kv44Ki44OW44K944O844OQ44O844Oe44OV44Op44O844OW44Os44O844Kt44OR44OD44OJ44OW44Os44O844Kt44Ot44O844K/44O844Oe44OV44Op44O844Ko44Ki44Kv44Oq44O844OK44O844OW44Ot44O844Kq44OV44OQ44Or44OW6LuK6auY6Kq/5pW044Kt44OD44OI44Oh44O844K/44O844Kv44Op44OD44OBTFNE44K344O844OI44Kr44OQ44O844K544K/44OT44Op44Kk44K244O844K544OI44Op44OD44OI44K/44Ov44O844OQ44O844K544Ot44OD44OI44Or44Kz44Oz44OI44Ot44O844Op44O844K/44Kk44Ok44Kk44Oz44K/44O844Kv44O844Op44O844Ov44Kk44OJ44OI44Os44OD44OJ44K544Oa44O844K144O844OA44Km44Oz44K144K5WU9LT0hBTUEg44K/44Kk44OkIOOCuOOCquODqeODs+ODgOODvEEvVC1TIEcwMTIgUDIzNS83MFIxNiBSQkwgMuacrOS7peS4iuOBp+mAgeaWmeeEoeaWmQ==,WU9LT0hBTUEg44K/44Kk44OkIOOCuOOCquODqeODs+ODgOODvEEvVC1TIEcwMTIgUDIzNS83MFIxNiBSQkwgMuacrOS7peS4iuOBp+mAgeaWmeeEoeaWmQ==[rn]
11-193222,aHR0cDovL3RzaG9wLnIxMHMuanAvdGlyZXNrcnQvY2FiaW5ldC8yMDE0dGFucGluL2VjMjAzLmpwZz9maXRpbj03MDA6NzAw,NDUyOC4wMDAw,,6LuK55So5ZOB44O744OQ44Kk44Kv55So5ZOBID4g44Kr44O855So5ZOBID4g44K144Oe44O844K/44Kk44Ok,44Ko44OK44K744O844OWIEVDMjAzIDE2NS81MFIxNSA3M1YgRFVOTE9QIOODgOODs+ODreODg+ODlyBFTkFTQVZFIEVDMjAzIOOAjjLmnKzku6XkuIrjgafpgIHmlpnnhKHmlpnjgI8gMTXjgqTjg7Pjg4Eg5Y2Y5ZOBIDHmnKwg5L6h5qC8IOOCteODnuODvOOCv+OCpOODpA==,RFVOTE9QIOOCqOODiuOCu+ODvOODliBFQzIwMyDjgrXjg57jg7zjgr/jgqTjg6QgMTXjgqTjg7Pjg4E=,PGltZyBzcmM9Imh0dHA6Ly9pbWFnZS5yYWt1dGVuLmNvLmpwL3RpcmUzMTA0L2NhYmluZXQvdGlyZV9zZXR1bWVpL2VjMjAzLmpwZyJ3aWR0aD0iMTAwJSI+PGJyPgo8YnI+Cjxmb250IHNpemU9Ii0xIj48dGFibGUgd2lkdGg9IjEwMCUiIGJvcmRlcj0iMCIgY2VsbHNwYWNpbmc9IjAiIGNlbGxwYWRkaW5nPSIwIiA+PHRyPjx0ZD48Y2VudGVyPjx0YWJsZSB3aWR0aD0iMTAwJSIgYm9yZGVyPSIwIiBjZWxsc3BhY2luZz0iMSIgY2VsbHBhZGRpbmc9IjgiIGJnY29sb3I9IiNjY2NjY2MiPjx0cj48dGQgYmdjb2xvcj0iI0YzRjNGMyI+PGI+PGZvbnQgY29sb3I9IjY2NjY2NiI+5ZWG5ZOB6Kmz57SwPC9mb250PjwvYj48L3RkPjwvdHI+PHRyPgogIDx0ZCBiZ2NvbG9yPSIjRkZGRkZGIj48Zm9udCBjb2xvcj0iNjY2NjY2Ij7jgrXjg57jg7zjgr/jgqTjg6Q8Zm9udCBzaXplPSItMSI+IOWNmOWTgTwvZm9udD48L2ZvbnQ+PC90ZD4KPC90cj48dHI+PHRkIGJnY29sb3I9IiNGM0YzRjMiPjxiPjxmb250IGNvbG9yPSI2NjY2NjYiPlNQRUM8L2ZvbnQ+PC9iPjwvdGQ+PC90cj48dHI+ICA8dGQgYmdjb2xvcj0iI0ZGRkZGRiI+PHA+PGZvbnQgY29sb3I9IjY2NjY2NiI+4peG44K/44Kk44Ok6Kmz57SwPGJyPgogIOODluODqeODs+ODie+8muODgOODs+ODreODg+ODlzxicj7jgr/jgqTjg6Tjg5Hjgr/jg7zjg7PvvJrjgqjjg4rjgrvjg7zjg5YgRUMyMDM8YnI+44K/44Kk44Ok44K144Kk44K677yaMTY1LzUwUjE1IDczVjxicj4KICAgICAgICA8YnI+CiAg4peGPGZvbnQgc2l6ZT0iLTEiPuS+oeagvOOBq+mWouOBl+OBpjwvZm9udD48YnI+CiAg6KGo56S65L6h5qC844GvPGZvbnQgY29sb3I9IiNGRjAwMDAiPuaWsOWTgSDljZjlk4E8Zm9udCBzaXplPSItMSI+IO+8kTwvZm9udD7mnKwo5raI6LK756iO44O76YCB5paZ6L68KTwvZm9udD7jga7kvqHmoLzjgafjgZnjgII8YnI+CiAgKOODm+OCpOODvOODq+OBr+S7mOWxnuiHtOOBl+OBvuOBm+OCkyk8YnI+CiAgPGJyPgogIOKXhjxmb250IHNpemU9Ii0xIj7pgIHmlpnjgavplqLjgZfjgaY8YnI+CiAgPC9mb250PjwvZm9udD48Zm9udCBjb2xvcj0iNjY2NjY2Ij48Zm9udCBjb2xvcj0iI0ZGMDAwMCIgc2l6ZT0iLTEiPu+8kuacrOS7peS4iuizvOWFpeOBp+mAgeaWmeeEoeaWmSEhPGJyPgogIDwvZm9udD48Zm9udCBjb2xvcj0iNjY2NjY2Ij48Zm9udCBzaXplPSItMSI+KO+8keacrOOBp+OBruOBlOazqOaWh+OBruWgtOWQiOOBr+mAgeaWmeOBjDU0MOWGhuOBi+OBi+OCiuOBvuOBmSk8L2ZvbnQ+PC9mb250Pjxmb250IHNpemU9Ii0xIj48YnI+CiAgPC9mb250Puaylue4hOecjOODu+mbouWztuODu+S4gOmDqOWcsOWfn+OBr+mAgeaWmeOBruS7luOBq+OAgTxicj4K5Yil6YCU5Lit57aZ5paZ44GM55m655Sf44GZ44KL5aC05ZCI44GM44GU44GW44GE44G+44GZ44CCPGJyPgroqbPjgZfjgY/jga/jgYrllY/jgYTlkIjjgo/jgZvjgY/jgaDjgZXjgYTjgII8YnI+CiAgICAgICAgPC9mb250Pjxmb250IGNvbG9yPSI2NjY2NjYiPjxicj4KICAgICAgICA8L2ZvbnQ+PC9wPgogICAgPC90ZD48L3RyPjx0cj4KICAgICAgPHRkIGJnY29sb3I9IiNGM0YzRjMiPjxiPjxmb250IGNvbG9yPSI2NjY2NjYiIHNpemU9Ii0xIj7jgZ3jga7ku5Y8L2ZvbnQ+PC9iPjwvdGQ+CiAgICA8L3RyPjx0cj48dGQgYmdjb2xvcj0iI0ZGRkZGRiI+PGZvbnQgY29sb3I9IjY2NjY2NiI+4peP5o6y6LyJ55S75YOP44Gv44Kk44Oh44O844K444Go44Gq44KK44G+44GZ44CCPGJyPgril4/oo4XnnYDjgZnjgovou4rnqK7jg7vjgrDjg6zjg7zjg4njgavjgojjgaPjgabnj77lk4HjgajnlbDjgarjgovloLTlkIjjgYzjgYLjgorjgb7jgZnjgII8YnI+CuKXj+e0jeacn+OBq+OBpOOBhOOBpuWcqOW6q+WVhuWTgeOBpzPml6Xku6XlhoXjga7nmbrpgIHkuojlrprjgII8YnI+CuKXj+WPluOCiuWvhOOBm+OBqOOBquOCi+WgtOWQiOOBr+e0jeacn+OBruOBlOmAo+e1oeOCkuOBhOOBn+OBl+OBvuOBmeOAgjxicj4K4peP6KO96YCg5bm044Gr44Gk44GE44Gm77yP6KO96YCg5bm044Gr6Zai44GZ44KL44GU6LOq5ZWP44CB44GU5oyH5a6a44Gv44GK5Y+X44GR44Gn44GN44G+44Gb44KT44CC44GU5LqG5om/44GP44Gg44GV44GE44CCPGJyPgogICAgICA8YnI+CiAgICAgIOOBneOBruS7luOBlOS4jeaYjuOBqueCueOBlOOBluOBhOOBvuOBl+OBn+OCieOAgTxicj7kuIvoqJjjgojjgorjgYrmsJfou73jgavjgYrllY/jgYTlkIjjgo/jgZvjgY/jgaDjgZXjgYTjgII8YnI+ZWMyMDMtMTY1LzUwUjE1PGJyPuOAkOWVj+OBhOWQiOOCj+OBm+WGheWuueOAkSI+44GK5ZWP44GE5ZCI44KP44Gb44Gv44GT44Gh44KJ44GL44KJPGJyPjxicj48L2ZvbnQ+PC90ZD4KICAgIDwvdHI+PC90YWJsZT48L2NlbnRlcj48L3RkPjwvdHI+PC90YWJsZT48YnI+PGJyPgo8L2ZvbnQ+,44Ko44OK44K744O844OWIEVDMjAzIDE2NS81MFIxNSA3M1YgRFVOTE9QIOODgOODs+ODreODg+ODlyBFTkFTQVZFIEVDMjAzIOOAjjLmnKzku6XkuIrjgafpgIHmlpnnhKHmlpnjgI8gMTXjgqTjg7Pjg4Eg5Y2Y5ZOBIDHmnKwg5L6h5qC8IOOCteODnuODvOOCv+OCpOODpO+8muOCv+OCpOODpOOCt+ODp+ODg+ODlyBXT1JMRA==,44K544K/44OD44OJ44Os44K544K/44Kk44Ok44K544K/44OD44OJ44Os44K544OW44Oq44OC44K544OI44Oz44OW44Oq44K244OD44Kv44OA44Oz44Ot44OD44OX44Km44Kj44Oz44K/44O844Oe44OD44Kv44K544OI44O844Oo44O844K/44Kk44Ok44Of44K344Ol44Op44Oz44OU44Os44Oq44K/44Kk44Ok5Yas44K/44Kk44Ok44Ob44Kk44O844Or44Ki44Or44Of44Ob44Kk44O844Or44K/44Kk44Ok44Ob44Kk44O844Or44K744OD44OI5bqX44K544K/44OD44OJ44Os44K544K/44Kk44Ok44Ob44Kk44O844Or44K744OD44OI44K144Oe44O844K/44Kk44Ok44Ob44Kk44O844Or44K744OD44OI5aSP44K/44Kk44Okd2ludGVybWF4RFNYLTLjgqjjg4rjgrvjg7zjg5YgRUMyMDMgMTY1LzUwUjE1IDczViBEVU5MT1Ag44OA44Oz44Ot44OD44OXIEVOQVNBVkUgRUMyMDMg44COMuacrOS7peS4iuOBp+mAgeaWmeeEoeaWmeOAjyAxNeOCpOODs+ODgSDljZjlk4EgMeacrCDkvqHmoLwg44K144Oe44O844K/44Kk44Ok,RFVOTE9QIOOCqOODiuOCu+ODvOODliBFQzIwMyDjgrXjg57jg7zjgr/jgqTjg6QgMTXjgqTjg7Pjg4HjgILjgqjjg4rjgrvjg7zjg5YgRUMyMDMgMTY1LzUwUjE1IDczViBEVU5MT1Ag44OA44Oz44Ot44OD44OXIEVOQVNBVkUgRUMyMDMg44COMuacrOS7peS4iuOBp+mAgeaWmeeEoeaWmeOAjyAxNeOCpOODs+ODgSDljZjlk4EgMeacrCDkvqHmoLwg44K144Oe44O844K/44Kk44Ok[rn]
11-193223,aHR0cDovL3RzaG9wLnIxMHMuanAvYXV0b2luZm8vY2FiaW5ldC9haXRpcmUvZWMyMDNfbS5qcGc/Zml0aW49NzAwOjcwMA==,MzMzNi4wMDAw,,6LuK55So5ZOB44O744OQ44Kk44Kv55So5ZOBID4g44Kr44O855So5ZOBID4g44K144Oe44O844K/44Kk44Ok,44Ko44OK44K744O844OWIEVDMjAzIDE2NS82NVIxNCA3OVM=,5paw5ZOB44K/44Kk44OkLzHmnKzkvqHmoLzjg7vpgIHmlpnovrw=,PHRhYmxlIHdpZHRoPSIzNTAiIGJnY29sb3I9IiMzMzMzMzMiIGNlbGxzcGFjaW5nPSIxIiBjZWxscGFkZGluZz0iNSI+Cjx0ciBiZ2NvbG9yPSIjMzMzMzMzIj4KPHRoIGNvbHNwYW49IjIiIGFsaWduPSJjZW50ZXIiPjxiPjxmb250IGNvbG9yPSIjY2NjY2NjIj7llYblk4HoqbPntLA8L2ZvbnQ+PC9iPjwvdGg+CjwvdHI+Cjx0cj4KPHRoIGFsaWduPSJjZW50ZXIiIGJnY29sb3I9IiM5OTk5OTkiPjxmb250IHNpemU9IjIiIGNvbG9yPSIiPuODoeODvOOCq+ODvDwvZm9udD48L3RoPgo8dGQgYmdjb2xvcj0iI0Y0RjRGNCI+PGZvbnQgc2l6ZT0iMiIgY29sb3I9IiI+RFVOTE9QIC8g44OA44Oz44Ot44OD44OXPC9mb250PjwvdGQ+CjwvdHI+Cjx0cj4KPHRoIGFsaWduPSJjZW50ZXIiIGJnY29sb3I9IiM5OTk5OTkiPjxmb250IHNpemU9IjIiIGNvbG9yPSIiPuODkeOCv+ODvOODszwvZm9udD48L3RoPgo8dGQgYmdjb2xvcj0iI0Y0RjRGNCI+PGZvbnQgc2l6ZT0iMiIgY29sb3I9IiI+44Ko44OK44K744O844OWKEVOQVNBVkUpIEVDMjAzPC9mb250PjwvdGQ+CjwvdHI+Cjx0cj4KPHRoIGFsaWduPSJjZW50ZXIiIGJnY29sb3I9IiM5OTk5OTkiPjxmb250IHNpemU9IjIiIGNvbG9yPSIiPuWVhuWTgeWGheWuuTwvZm9udD48L3RoPgo8dGQgYmdjb2xvcj0iI0Y0RjRGNCI+PGZvbnQgc2l6ZT0iMiIgY29sb3I9IiI+44K/44Kk44Ok77yR5pysPC9mb250PjwvdGQ+CjwvdHI+CjwvdGFibGU+CjxwID48QlI+Cjxmb250IGNvbG9yPSJyZWQiPgrigLvmlrDlk4Hjgr/jgqTjg6TvvJHmnKzliIbjga7kvqHmoLzjgafjgZnjgII8QlI+PEJSPuKAu+WVhuWTgeeUu+WDj+OBr+OCpOODoeODvOOCuOOBp+OBmeOAguOCteOCpOOCuuetieOBq+OCiOOCiuODkeOCv+ODvOODs+etieiLpeW5sueVsOOBquOCi+WgtOWQiOOBlOOBluOBhOOBvuOBmTxCUj4K44O76KSH5pWw44GU5rOo5paH44Gu6Zqb44Gv44GU5biM5pyb44Gu5pys5pWw44KS44GU5oyH5a6a44GP44Gg44GV44GE44CCPGJyPgrjgJDpgIHmlpnjgavjgaTjgYTjgabjgJEgPEJSPuacrOW3ni/pgIHmlpnovrzjgIA8QlI+5YyX5rW36YGTLzHmnKzvv6U1MDAo56iO5YilKTxCUj7igLvmspbnuITjg7vpm6Lls7bjga/liKXpgJTlvqHopovnqY3jgoLjgoo8QlI+PEJSPgrigLvjg5vjgqTjg7zjg6vjga/ku5jlsZ7jgZfjgb7jgZvjgpM8QlI+PEJSPgrigLvjgZPjgaHjgonjga7llYblk4Hjga/jg6Hjg7zjgqvjg7zlj5blr4TjgZvjgajjgarjgorjgb7jgZk8QlI+CuODu+OBlOazqOaWh+eiuuWumuW+jOOAgeODoeODvOOCq+ODvOOCiOOCiuWPluWvhOOBm+aJi+mFjeiHtOOBl+OBvuOBmTxicj4K4oC744Oh44O844Kr44O85Zyo5bqr44GM44GC44KL5aC05ZCI44CB57SN5pyf55uu5a6J44Gv57SE77yV772e77yX5pel44Gn44GZPGJyPjxicj4K4oC744Oh44O844Kr44O85Zyo5bqr5qyg5ZOB44Gu5aC05ZCI44CB57SN5pyf44KS5pS544KB44Gm44GU5qGI5YaF44GE44Gf44GX44G+44GZ44CCPGJyPgrigLvjgYrmgKXjgY7jga7loLTlkIjjga/lv4XjgZrkuovliY3jga7lnKjluqvnorroqo3jgpLjgYrpoZjjgYToh7TjgZfjgb7jgZkKPC9mb250Pgo8QlI+PEJSPjwvcD7jgJDpganlkIjou4rnqK7jgavjgaTjgYTjgabjgJE8QlI+IOi7iueoruODu+W5tOW8j+ODu+OCsOODrOODvOODieetieOBq+OCiOOCiuOAgeijheedgOOBl+OBpuOBhOOCi+OCv+OCpOODpOOCteOCpOOCuuOBjOeVsOOBquOCi+eCuuOAgeW/heOBmuS6i+WJjeOBq+ePvuWcqOijheedgOOBl+OBpuOBhOOCi+OCv+OCpOODpOOCteOCpOOCuuOCkuOBlOeiuuiqjemgguOBkeOBvuOBmeanmOOBiumhmOOBhOiHtOOBl+OBvuOBmeOAgjxCUj4g44K/44Kk44Ok44K144Kk44K66ZaT6YGV44GE44Gr44KI44KL6L+U5ZOB44O75Lqk5o+b44Gv44GK5Y+X44GR6Ie044GX44GL44Gt44G+44GZ44Gu44Gn5LqI44KB44GU5LqG5om/5LiL44GV44GE44CCPEJSPjxCUj4KCjxCUj4K44CQ6KO96YCg5bm06YCx44Gr44Gk44GE44Gm44CRPEJSPiDjg6Hjg7zjgqvjg7zlj5blr4TjgZvlk4Hjga7ngrrjgIHoo73pgKDlubTpgLHjga7jgZTnorroqo3jgoTjgZTmjIflrprjga/lh7rmnaXjgb7jgZvjgpMKPEJSPgrjg6Hjg7zjgqvjg7zjgYzpganmraPjgavkv53nrqHjg7vmpJzlk4HjgZfjgIHlk4Hos6rjgavllY/poYznhKHjgZfjgajliKTmlq3jgZXjgozjgZ/llYblk4HjgpLjgYrlsYrjgZHoh7TjgZfjgb7jgZk8QlI+CumBqeato+OBq+S/neeuoeOBleOCjOOBn+aWsOWTgeOCv+OCpOODpOOBrzTlubTplpPjga/lkIznrYnjga7mgKfog73jgpLkv53jgaTjgajjg6Hjg7zjgqvjg7zlgbTjgavjgabnorroqo3jgZfjgabjgYrjgorjgb7jgZnjga7jgac8QlI+CuOCteOCpOOCuuODu+mKmOafhOOBq+OCiOOBo+OBpuOBr+ijvemAoOW5tOOBjDLvvZ4z5bm05YmN44Gu5ZWG5ZOB44Gr44Gq44KL5aC05ZCI44KC44GU44GW44GE44G+44GZPEJSPgo8QlI+CuOAkOWPluWvhOOBm+OCv+OCpOODpOOBrue0jeacn+eiuuiqjeOBq+OBpOOBhOOBpuOAkTxCUj4K44Oh44O844Kr44O85Zyo5bqr56K66KqN44GM5b+F6KaB44Go44Gq44KK44G+44GZ44Gu44Gn44GK6Zu76Kmx44Gn44Gu57SN5pyf5Zue562U44Gv5Ye65p2l44GL44Gt44G+44GZPEJSPgrntI3mnJ/norroqo3jgZTluIzmnJvjga7mlrnjga/lv4XjgZrjg6Hjg7zjg6vjgb7jgZ/jga/llY/lkIjjgZvjg5Xjgqnjg7zjg6DjgojjgorjgZTnorroqo3jgY/jgaDjgZXjgYQ8QlI+CjxCUj4K44Oh44O844Kr44O844KI44KK6L+U562U44GM44GC44KK5qyh56ys6YCj57Wh6Ie044GX44G+44GZ44GM44CBPEJSPgrlm57nrZTov4TjgavljYrml6XnqIvluqYo44GK5Y+X5LuY5pmC6ZaT44Gr44KI44Gj44Gm44Gv57+M5Za25qWt5pel44G+44GnKeOBiuaZgumWk+OCkumgguOBj+WgtOWQiOOCguOBlOOBluOBhOOBvuOBmeOBruOBp+S6iOOCgeOBlOS6huaJv+S4i+OBleOBhOOAgg==,44Ko44OK44K744O844OWIEVDMjAzIDE2NS82NVIxNCA3OVPvvJrjgqrjg7zjg4jjgqTjg7Pjg5XjgqnjgIDmpb3lpKnluILloLTlupc=,44K/44Kk44Ok44OA44Oz44Ot44OD44OXWU9LT0hBTUHjg6jjgrPjg4/jg55EVU5MT1Djg5bjg6rjg4Ljgrnjg4jjg7NUT1lP44OI44O844Oo44O844OV44Kh44Or44Kx44OzRkFMS0VOTklUVE/jg4vjg4Pjg4jjg7zjg4/jg7PjgrPjg4Pjgq/jgrDjg4Pjg4njgqTjg6Tjg7zvvKLvvKbjgrDjg4Pjg4njg6rjg4Pjg4Hjg5Xjgqfjg4fjg6njg6vjgqjjg4rjgrvjg7zjg5YgRUMyMDMgMTY1LzY1UjE0IDc5Uw==,5paw5ZOB44K/44Kk44OkLzHmnKzkvqHmoLzjg7vpgIHmlpnovrzjgILjgqjjg4rjgrvjg7zjg5YgRUMyMDMgMTY1LzY1UjE0IDc5Uw==[rn]
11-193224,aHR0cDovL3RzaG9wLnIxMHMuanAvYXV0b2luZm8vY2FiaW5ldC9haXRpcmUvcHguanBnP2ZpdGluPTcwMDo3MDA=,MTQ2NDguMDAwMA==,,6LuK55So5ZOB44O744OQ44Kk44Kv55So5ZOBID4g44Kr44O855So5ZOBID4g44K144Oe44O844K/44Kk44Ok,UGxheXogUFggMjE1LzQ1UjE3IDkxVyBYTA==,5paw5ZOB44K/44Kk44OkLzHmnKzkvqHmoLzjg7vpgIHmlpnovrw=,PHRhYmxlIHdpZHRoPSIzNTAiIGJnY29sb3I9IiMzMzMzMzMiIGNlbGxzcGFjaW5nPSIxIiBjZWxscGFkZGluZz0iNSI+Cjx0ciBiZ2NvbG9yPSIjMzMzMzMzIj4KPHRoIGNvbHNwYW49IjIiIGFsaWduPSJjZW50ZXIiPjxiPjxmb250IGNvbG9yPSIjY2NjY2NjIj7llYblk4HoqbPntLA8L2ZvbnQ+PC9iPjwvdGg+CjwvdHI+Cjx0cj4KPHRoIGFsaWduPSJjZW50ZXIiIGJnY29sb3I9IiM5OTk5OTkiPjxmb250IHNpemU9IjIiIGNvbG9yPSIiPuODoeODvOOCq+ODvDwvZm9udD48L3RoPgo8dGQgYmdjb2xvcj0iI0Y0RjRGNCI+PGZvbnQgc2l6ZT0iMiIgY29sb3I9IiI+QlJJREdFU1RPTkUgLyDjg5bjg6rjg4Ljgrnjg4jjg7M8L2ZvbnQ+PC90ZD4KPC90cj4KPHRyPgo8dGggYWxpZ249ImNlbnRlciIgYmdjb2xvcj0iIzk5OTk5OSI+PGZvbnQgc2l6ZT0iMiIgY29sb3I9IiI+44OR44K/44O844OzPC9mb250PjwvdGg+Cjx0ZCBiZ2NvbG9yPSIjRjRGNEY0Ij48Zm9udCBzaXplPSIyIiBjb2xvcj0iIj5QWDwvZm9udD48L3RkPgo8L3RyPgo8dHI+Cjx0aCBhbGlnbj0iY2VudGVyIiBiZ2NvbG9yPSIjOTk5OTk5Ij48Zm9udCBzaXplPSIyIiBjb2xvcj0iIj7llYblk4HlhoXlrrk8L2ZvbnQ+PC90aD4KPHRkIGJnY29sb3I9IiNGNEY0RjQiPjxmb250IHNpemU9IjIiIGNvbG9yPSIiPuOCv+OCpOODpO+8keacrDwvZm9udD48L3RkPgo8L3RyPgo8L3RhYmxlPgo8cCA+PEJSPgo8Zm9udCBjb2xvcj0icmVkIj4K4oC75paw5ZOB44K/44Kk44Ok77yR5pys5YiG44Gu5L6h5qC844Gn44GZ44CCPEJSPjxCUj7igLvllYblk4HnlLvlg4/jga/jgqTjg6Hjg7zjgrjjgafjgZnjgILjgrXjgqTjgrrnrYnjgavjgojjgorjg5Hjgr/jg7zjg7PnrYnoi6XlubLnlbDjgarjgovloLTlkIjjgZTjgZbjgYTjgb7jgZk8QlI+CuODu+ikh+aVsOOBlOazqOaWh+OBrumam+OBr+OBlOW4jOacm+OBruacrOaVsOOCkuOBlOaMh+WumuOBj+OBoOOBleOBhOOAgjxicj4K44CQ6YCB5paZ44Gr44Gk44GE44Gm44CRIDxCUj7mnKzlt54v6YCB5paZ6L6844CAPEJSPuWMl+a1t+mBky8x5pys77+lNTAwKOeojuWIpSk8QlI+4oC75rKW57iE44O76Zui5bO244Gv5Yil6YCU5b6h6KaL56mN44KC44KKPEJSPjxCUj4K4oC744Ob44Kk44O844Or44Gv5LuY5bGe44GX44G+44Gb44KTPEJSPjxCUj4K4oC744GT44Gh44KJ44Gu5ZWG5ZOB44Gv44Oh44O844Kr44O85Y+W5a+E44Gb44Go44Gq44KK44G+44GZPEJSPgrjg7vjgZTms6jmlofnorrlrprlvozjgIHjg6Hjg7zjgqvjg7zjgojjgorlj5blr4TjgZvmiYvphY3oh7TjgZfjgb7jgZk8YnI+CuKAu+ODoeODvOOCq+ODvOWcqOW6q+OBjOOBguOCi+WgtOWQiOOAgee0jeacn+ebruWuieOBr+e0hO+8le+9nu+8l+aXpeOBp+OBmTxicj48YnI+CuKAu+ODoeODvOOCq+ODvOWcqOW6q+asoOWTgeOBruWgtOWQiOOAgee0jeacn+OCkuaUueOCgeOBpuOBlOahiOWGheOBhOOBn+OBl+OBvuOBmeOAgjxicj4K4oC744GK5oCl44GO44Gu5aC05ZCI44Gv5b+F44Ga5LqL5YmN44Gu5Zyo5bqr56K66KqN44KS44GK6aGY44GE6Ie044GX44G+44GZCjwvZm9udD4KPEJSPjxCUj48L3A+44CQ6YGp5ZCI6LuK56iu44Gr44Gk44GE44Gm44CRPEJSPiDou4rnqK7jg7vlubTlvI/jg7vjgrDjg6zjg7zjg4nnrYnjgavjgojjgorjgIHoo4XnnYDjgZfjgabjgYTjgovjgr/jgqTjg6TjgrXjgqTjgrrjgYznlbDjgarjgovngrrjgIHlv4XjgZrkuovliY3jgavnj77lnKjoo4XnnYDjgZfjgabjgYTjgovjgr/jgqTjg6TjgrXjgqTjgrrjgpLjgZTnorroqo3poILjgZHjgb7jgZnmp5jjgYrpoZjjgYToh7TjgZfjgb7jgZnjgII8QlI+IOOCv+OCpOODpOOCteOCpOOCuumWk+mBleOBhOOBq+OCiOOCi+i/lOWTgeODu+S6pOaPm+OBr+OBiuWPl+OBkeiHtOOBl+OBi+OBreOBvuOBmeOBruOBp+S6iOOCgeOBlOS6huaJv+S4i+OBleOBhOOAgjxCUj48QlI+Cgo8QlI+CuOAkOijvemAoOW5tOmAseOBq+OBpOOBhOOBpuOAkTxCUj4g44Oh44O844Kr44O85Y+W5a+E44Gb5ZOB44Gu54K644CB6KO96YCg5bm06YCx44Gu44GU56K66KqN44KE44GU5oyH5a6a44Gv5Ye65p2l44G+44Gb44KTCjxCUj4K44Oh44O844Kr44O844GM6YGp5q2j44Gr5L+d566h44O75qSc5ZOB44GX44CB5ZOB6LOq44Gr5ZWP6aGM54Sh44GX44Go5Yik5pat44GV44KM44Gf5ZWG5ZOB44KS44GK5bGK44GR6Ie044GX44G+44GZPEJSPgrpganmraPjgavkv53nrqHjgZXjgozjgZ/mlrDlk4Hjgr/jgqTjg6Tjga805bm06ZaT44Gv5ZCM562J44Gu5oCn6IO944KS5L+d44Gk44Go44Oh44O844Kr44O85YG044Gr44Gm56K66KqN44GX44Gm44GK44KK44G+44GZ44Gu44GnPEJSPgrjgrXjgqTjgrrjg7vpipjmn4TjgavjgojjgaPjgabjga/oo73pgKDlubTjgYwy772eM+W5tOWJjeOBruWVhuWTgeOBq+OBquOCi+WgtOWQiOOCguOBlOOBluOBhOOBvuOBmTxCUj4KPEJSPgrjgJDlj5blr4TjgZvjgr/jgqTjg6Tjga7ntI3mnJ/norroqo3jgavjgaTjgYTjgabjgJE8QlI+CuODoeODvOOCq+ODvOWcqOW6q+eiuuiqjeOBjOW/heimgeOBqOOBquOCiuOBvuOBmeOBruOBp+OBiumbu+ipseOBp+OBrue0jeacn+WbnuetlOOBr+WHuuadpeOBi+OBreOBvuOBmTxCUj4K57SN5pyf56K66KqN44GU5biM5pyb44Gu5pa544Gv5b+F44Ga44Oh44O844Or44G+44Gf44Gv5ZWP5ZCI44Gb44OV44Kp44O844Og44KI44KK44GU56K66KqN44GP44Gg44GV44GEPEJSPgo8QlI+CuODoeODvOOCq+ODvOOCiOOCiui/lOetlOOBjOOBguOCiuasoeesrOmAo+e1oeiHtOOBl+OBvuOBmeOBjOOAgTxCUj4K5Zue562U6L+E44Gr5Y2K5pel56iL5bqmKOOBiuWPl+S7mOaZgumWk+OBq+OCiOOBo+OBpuOBr+e/jOWWtualreaXpeOBvuOBpynjgYrmmYLplpPjgpLpoILjgY/loLTlkIjjgoLjgZTjgZbjgYTjgb7jgZnjga7jgafkuojjgoHjgZTkuobmib/kuIvjgZXjgYQ=,UGxheXogUFggMjE1LzQ1UjE3IDkxVyBYTO+8muOCquODvOODiOOCpOODs+ODleOCqeOAgOalveWkqeW4guWgtOW6lw==,44K/44Kk44Ok44OA44Oz44Ot44OD44OXWU9LT0hBTUHjg6jjgrPjg4/jg55EVU5MT1Djg5bjg6rjg4Ljgrnjg4jjg7NUT1lP44OI44O844Oo44O844OV44Kh44Or44Kx44OzRkFMS0VOTklUVE/jg4vjg4Pjg4jjg7zjg4/jg7PjgrPjg4Pjgq/jgrDjg4Pjg4njgqTjg6Tjg7zvvKLvvKbjgrDjg4Pjg4njg6rjg4Pjg4Hjg5Xjgqfjg4fjg6njg6tQbGF5eiBQWCAyMTUvNDVSMTcgOTFXIFhM,5paw5ZOB44K/44Kk44OkLzHmnKzkvqHmoLzjg7vpgIHmlpnovrzjgIJQbGF5eiBQWCAyMTUvNDVSMTcgOTFXIFhM[rn]
11-193225,aHR0cDovL3RzaG9wLnIxMHMuanAvdGlyZS13b29kcy9jYWJpbmV0L2ltZzU2MzUyNzYxLmpwZz9maXRpbj03MDA6NzAw,MTEyMDAuMDAwMA==,,6LuK55So5ZOB44O744OQ44Kk44Kv55So5ZOBID4g44Kr44O855So5ZOBID4g44K144Oe44O844K/44Kk44Ok,44OU44Os44OqIFB6ZXJvTmVybyjjg5Tjg7zjgrzjg63jg43jg60pIDIwNS80MFpSMTcgODRXIFhMIDIwNS80MFpSMTdQemVyb05lcm8yMDUvNDBaUjE3,6YCB5paZ54Sh5paZ77yB,,44OU44Os44OqIFB6ZXJvTmVybyjjg5Tjg7zjgrzjg63jg43jg60pIDIwNS80MFpSMTcgODRXIFhMIDIwNS80MFpSMTdQemVyb05lcm8yMDUvNDBaUjE377ya44K/44Kk44Ok44O844Km44OD44K6,44OU44Os44OqIFB6ZXJvTmVybyjjg5Tjg7zjgrzjg63jg43jg60pIDIwNS80MFpSMTcgODRXIFhMIDIwNS80MFpSMTdQemVyb05lcm8yMDUvNDBaUjE3,6YCB5paZ54Sh5paZ77yB44CC44OU44Os44OqIFB6ZXJvTmVybyjjg5Tjg7zjgrzjg63jg43jg60pIDIwNS80MFpSMTcgODRXIFhMIDIwNS80MFpSMTdQemVyb05lcm8yMDUvNDBaUjE3[rn]
11-193226,aHR0cDovL3RzaG9wLnIxMHMuanAvdGlyZS16ZXJvL2NhYmluZXQvMDMwNDA5NjMvMDMwNDA5NjQvaW1nNjgxOTY0NTcuanBnP2ZpdGluPTcwMDo3MDA=,NjI3NC40MDAw,,6LuK55So5ZOB44O744OQ44Kk44Kv55So5ZOBID4g44Kr44O855So5ZOBID4g44K144Oe44O844K/44Kk44Ok,6YCB5paZ54Sh5paZ4peGVFJBTlBBVEggbXBa4peGMjE1LzYwUjE24peGMeacrOS+oeagvOKXhuaWsOWTgeWkj+OCv+OCpOODpOKXhuODiOODvOODqOODvOKXhuODiOODqeODs+ODkeOCuQ==,5bqX6aCt57WE5pu/T0vvvIE=,,6YCB5paZ54Sh5paZ4peGVFJBTlBBVEggbXBa4peGMjE1LzYwUjE24peGMeacrOS+oeagvOKXhuaWsOWTgeWkj+OCv+OCpOODpOKXhuODiOODvOODqOODvOKXhuODiOODqeODs+ODkeOCue+8muOCv+OCpOODpOOCt+ODp+ODg+ODl1pFUk/mpb3lpKnluILloLTlupc=,6YCB5paZ54Sh5paZ4peGVFJBTlBBVEggbXBa4peGMjE1LzYwUjE24peGMeacrOS+oeagvOKXhuaWsOWTgeWkj+OCv+OCpOODpOKXhuODiOODvOODqOODvOKXhuODiOODqeODs+ODkeOCuQ==,5bqX6aCt57WE5pu/T0vvvIHjgILpgIHmlpnnhKHmlpnil4ZUUkFOUEFUSCBtcFril4YyMTUvNjBSMTbil4Yx5pys5L6h5qC84peG5paw5ZOB5aSP44K/44Kk44Ok4peG44OI44O844Oo44O84peG44OI44Op44Oz44OR44K5[rn]
11-193227,aHR0cDovL3RzaG9wLnIxMHMuanAvdHBzLXdhdmUvY2FiaW5ldC9zdW1tZXJ0aXJlMjAxNC9oYW5rb29rL3ZlbnR1c3YxMmV2b2sxMTAuZ2lmP2ZpdGluPTcwMDo3MDA=,MTc0ODQuODAwMA==,,6LuK55So5ZOB44O744OQ44Kk44Kv55So5ZOBID4g44Kr44O855So5ZOBID4g44K144Oe44O844K/44Kk44Ok,6YCB5paZ54Sh5paZ44CAKOaylue4hC/pm6Lls7bpmaQp44CA4pag44OP44Oz44Kz44OD44Kv44CASEFOS09PS+OAgFZFTlRVU+OAgFYxMuOAgGV2b+OAgEsxMTDjgIAyODUvMzBaUjIx44CAMTAwWeOAgFhM,44CA,,6YCB5paZ54Sh5paZ44CAKOaylue4hC/pm6Lls7bpmaQp44CA4pag44OP44Oz44Kz44OD44Kv44CASEFOS09PS+OAgFZFTlRVU+OAgFYxMuOAgGV2b+OAgEsxMTDjgIAyODUvMzBaUjIx44CAMTAwWeOAgFhM77ya44OR44O844OE44K344On44OD44OXV0FWRealveWkqeW4guWgtOW6lw==,Y2xhenppb2RlZmlESVhDRUxlbmRsZXNzaGtzS1lC44K544OG44Ki44Oq44Oz44Kw44OA44Km44Oz44K144K544Oe44OV44Op44O86LuK6auY6Kq/44Ko44Oz44OJ44Os44K544Kr44Ok44OQ44Kv44Op44OD44OE44Kj44Kq44OH44Kj44Kv44K744Or44OW44Os44O844Kt44OR44OD44OJ44OW44Os44O844Kt44Ot44O844K/44O844OG44Kk44OzVEVJTuODluODquODg+ODhEJMSVRa6YCB5paZ54Sh5paZ44CAKOaylue4hC/pm6Lls7bpmaQp44CA4pag44OP44Oz44Kz44OD44Kv44CASEFOS09PS+OAgFZFTlRVU+OAgFYxMuOAgGV2b+OAgEsxMTDjgIAyODUvMzBaUjIx44CAMTAwWeOAgFhM,44CA44CC6YCB5paZ54Sh5paZ44CAKOaylue4hC/pm6Lls7bpmaQp44CA4pag44OP44Oz44Kz44OD44Kv44CASEFOS09PS+OAgFZFTlRVU+OAgFYxMuOAgGV2b+OAgEsxMTDjgIAyODUvMzBaUjIx44CAMTAwWeOAgFhM[rn]
11-193228,aHR0cDovL3RzaG9wLnIxMHMuanAvbXpoLXJ0L2NhYmluZXQvc3VtL2d5L2xzMmhiMi5qcGc/Zml0aW49NzAwOjcwMA==,NDU5Mi4wMDAw,,6LuK55So5ZOB44O744OQ44Kk44Kv55So5ZOBID4g44Kr44O855So5ZOBID4g44K144Oe44O844K/44Kk44Ok,44K144Oe44O844K/44Kk44OkIEdPT0RZRUFSIExTMjAwMEhZQlJJRDIgMTg1LzU1UjE1IDgxViDkuZfnlKjou4rnlKg=,44K/44Kk44OkMeacrOOBi+OCieOBp+OCgumAgeaWmeeEoeaWme+8gSDigLvljJfmtbfpgZPjg7vmspbnuITjg7vpm6Lls7bjga/pmaTjgY3jgb7jgZnjgII=,PGltZyBzcmM9Imh0dHA6Ly9pbWFnZS5yYWt1dGVuLmNvLmpwL216aC1ydC9jYWJpbmV0L3N1bS9neS9sczJoYjJfMS5qcGciIHdpZHRoPSIxMDAlIj48YnI+PGJyPgrilqDmlrDlk4Hjgr/jgqTjg6Qx5pys44Gu5L6h5qC844Gn44GZ44CCPGJyPgrigLvjg5vjgqTjg7zjg6vjga/lkKvjgb/jgb7jgZvjgpPjgII8YnI+PGJyPgrilqDpgIHmlpnnhKHmlpk8YnI+CuS9huOBl+OAgeWMl+a1t+mBk+OBrzHmnKzjgYLjgZ/jgoo1MDDlhobjgIHmspbnuITmnKzls7bjga8x5pys44GC44Gf44KKMiwwMDDlhobjga7liKXpgJTpgIHmlpnjgYzjgZTlv4XopoHjgajjgarjgorjgb7jgZnjgII8YnI+CumbouWztuOBr+Wun+iyu+OBp+OBruOBiuWxiuOBkeOBqOOBquOCiuOBvuOBmeOBruOBp+OAgeOBiuaJi+aVsOOBp+OBr+OBlOOBluOBhOOBvuOBmeOBjOS6i+WJjeOBq+OBiuWVj+OBhOWQiOOCj+OBm+S4i+OBleOBhOOAgjxicj48YnI+CuKWoOWHuuiNt+ebruWuiTxicj4K5b2T5bqX5Zyo5bqr44GK44KI44Gz44Oh44O844Kr44O85Zyo5bqr44KI44KK5Y+W44KK5a+E44Gb44Gu5aC05ZCI44CB44GU5rOo5paH44KI44KKMu+9njbllrbmpa3ml6XjgafjgZnjgII8YnI+CuS9huOBl+OAgeaApeOBquWcqOW6q+WIh+OCjOOBiuOCiOOBs+ODoeODvOOCq+ODvOasoOWTgeOBruOBn+OCgeOBq+e0jeWTgeOBvuOBp+OBq+OBiuaZgumWk+OCkuOBhOOBn+OBoOOBj+WgtOWQiOOBjOOBlOOBluOBhOOBvuOBmeOAgjxicj4K44GK5oCl44GO44Gu5pa544Gv44GU5rOo5paH5YmN44Gr5Zyo5bqr44O757SN5pyf44KS44GU56K66KqN44GP44Gg44GV44GE44CCPGJyPgrmrKDlk4HkuK3jga7loLTlkIjjga/jgq3jg6Pjg7Pjgrvjg6vjgZXjgZvjgabjgYTjgZ/jgaDjgY/loLTlkIjjgYzjgYLjgorjgb7jgZnjgII8YnI+PGJyPg==,44K144Oe44O844K/44Kk44OkIEdPT0RZRUFSIExTMjAwMEhZQlJJRDIgMTg1LzU1UjE1IDgxViDkuZfnlKjou4rnlKjvvJrjgr/jgqTjg6Tjgrnjgr/jgqTjg6s=,44K/44Kk44Ok44Ob44Kk44O844Or44Ki44Or44Of44K/44Kk44Ok44O86YCB5paZ54Sh5paZ44Od44Kk44Oz44OI5r+A5a6J5pel5pys6KO9MjAxNOW5tOijvTIwMTPlubToo73kvY7nh4PosrvjgqjjgrPmlrDoo73lk4Hjgrnjgr/jg4Pjg4njg6zjgrnjg5/jg4vjg5Djg7Pjg5bjg6rjg4Ljgrnjg4jjg7Pjg5bjg6rjgrjjgrnjg4jjg7Pjg4Djg7Pjg63jg4Pjg5fjgrDjg4Pjg4njgqTjg6Tjg7zjg5Tjg6zjg6rjgrXjg57jg7zjgr/jgqTjg6QgR09PRFlFQVIgTFMyMDAwSFlCUklEMiAxODUvNTVSMTUgODFWIOS5l+eUqOi7iueUqA==,44K/44Kk44OkMeacrOOBi+OCieOBp+OCgumAgeaWmeeEoeaWme+8gSDigLvljJfmtbfpgZPjg7vmspbnuITjg7vpm6Lls7bjga/pmaTjgY3jgb7jgZnjgILjgILjgrXjg57jg7zjgr/jgqTjg6QgR09PRFlFQVIgTFMyMDAwSFlCUklEMiAxODUvNTVSMTUgODFWIOS5l+eUqOi7iueUqA==[rn]
11-193229,aHR0cDovL3RzaG9wLnIxMHMuanAvdGlyZXNob3A0dS9jYWJpbmV0LzAzNTA1Mzg1L3BpcmVsbGkvaW1ncmMwMDYyOTY4MDA2LmpwZz9maXRpbj03MDA6NzAw,MjM2MjkuNjAwMA==,,6LuK55So5ZOB44O744OQ44Kk44Kv55So5ZOBID4g44Kr44O855So5ZOBID4g44K144Oe44O844K/44Kk44Ok,44CQMjAxNuW5tOijveOAkVBJUkVMTEkgUC1aRVJPIDI1NS8zNVIxOeOAkOOCteODnuODvOOCv+OCpOODpOOAkeOAjuWNmOWTgeOAj+OAkOODlOODrOODquOAkeOAkOODlOODvOOCvOODreOAkeOAkE1P44CR44CQ44Oh44Or44K744OH44K544OZ44Oz44OE5om/6KqN44K/44Kk44Ok44CR5paw5ZOBIOODqeOCuOOCouODq+OCv+OCpOODpA==,MjU1LzM1LTE5ICg5NlkpIFhMIE1P4pag5YG25pWw5Y2Y5L2N44Gn44Gu44G/6LKp5aOy77yB44OU44Os44Oq,PGltZyBzcmM9Imh0dHA6Ly9pbWFnZS5yYWt1dGVuLmNvLmpwL3RpcmVzaG9wNHUvY2FiaW5ldC8wMjk2MjY5NS9pbWdyYzAwNjEwNDY3NzAuanBnIj48YnI+CjxpbWcgc3JjPSJodHRwOi8vaW1hZ2UucmFrdXRlbi5jby5qcC90aXJlc2hvcDR1L2NhYmluZXQvMDI5NjI2OTUvaW1ncmMwMDYyNTk1NTYxLmpwZyI+PGJyPjxicj4=,44CQMjAxNuW5tOijveOAkVBJUkVMTEkgUC1aRVJPIDI1NS8zNVIxOeOAkOOCteODnuODvOOCv+OCpOODpOOAkeOAjuWNmOWTgeOAj+OAkOODlOODrOODquOAkeOAkOODlOODvOOCvOODreOAkeOAkE1P44CR44CQ44Oh44Or44K744OH44K544OZ44Oz44OE5om/6KqN44K/44Kk44Ok44CR5paw5ZOBIOODqeOCuOOCouODq+OCv+OCpOODpO+8mlRJUkUgU0hPUCA0VSDmpb3lpKnluILloLTlupc=,44K/44Kk44Ok6Ly45YWl44K/44Kk44OkQkJTUzY2MDI3NS81NVIyMOWkp+WPo+W+hOODm+OCpOODvOODq+ODiuODs+OCq+ODsyBBUi0x44K144Oe44O844K/44Kk44Ok44OP44Kk44Ko44O844K544OI44Op44Oz44OR44K544CATS9UVkVSVElOSU5BTktBTkcgQVItMTIy44Kk44Oz44OBMTbjgqTjg7Pjg4Eg44K444Og44OL44O8MjI1LzY1UjE344OP44Oq44Ki44O844Op44Oz44OJ44Kv44Or44O844K244O844Ki44Km44OH44Kj44Oe44OD44OJ44K/44Kk44Ok44OW44Oq44OC44K544OI44Oz44CQMjAxNuW5tOijveOAkVBJUkVMTEkgUC1aRVJPIDI1NS8zNVIxOeOAkOOCteODnuODvOOCv+OCpOODpOOAkeOAjuWNmOWTgeOAj+OAkOODlOODrOODquOAkeOAkOODlOODvOOCvOODreOAkeOAkE1P44CR44CQ44Oh44Or44K744OH44K544OZ44Oz44OE5om/6KqN44K/44Kk44Ok44CR5paw5ZOBIOODqeOCuOOCouODq+OCv+OCpOODpA==,MjU1LzM1LTE5ICg5NlkpIFhMIE1P4pag5YG25pWw5Y2Y5L2N44Gn44Gu44G/6LKp5aOy77yB44OU44Os44Oq44CC44CQMjAxNuW5tOijveOAkVBJUkVMTEkgUC1aRVJPIDI1NS8zNVIxOeOAkOOCteODnuODvOOCv+OCpOODpOOAkeOAjuWNmOWTgeOAj+OAkOODlOODrOODquOAkeOAkOODlOODvOOCvOODreOAkeOAkE1P44CR44CQ44Oh44Or44K744OH44K544OZ44Oz44OE5om/6KqN44K/44Kk44Ok44CR5paw5ZOBIOODqeOCuOOCouODq+OCv+OCpOODpA==[rn]
11-193230,aHR0cDovL3RzaG9wLnIxMHMuanAvYXVjLWJydWNrYmVyZy9jYWJpbmV0L3RpcmUvaW1ncmMwMDY2MDAyNjcwLmpwZz9maXRpbj03MDA6NzAw,NzE2NC44MDAw,,6LuK55So5ZOB44O744OQ44Kk44Kv55So5ZOBID4g44Kr44O855So5ZOBID4g44K144Oe44O844K/44Kk44Ok,44CQ5Y2z5pel55m66YCB44CR4pag5paw5ZOB44CQNOacrOOCu+ODg+ODiOOAkeKWoDIxNS8zNVIxOCAoMjE1LzM1LTE4KeKWoOODiOODqeOCpOOCouODs+OCsOODqyhUUklBTkdMRSnilqBUUjk2OCDjgrXjg57jg7zjgr/jgqTjg6Q=,5pyA5a6J5YCk5oyR5oim5Lit77yB5r+A5a6J44K/44Kk44Ok77yG44Ob44Kk44O844Or5bCC6ZaA5bqX44Kz44Os44Kv44K344On44Oz44K/44Kk44Ok,4pag5ZWG5ZOB5ZCNIOOAkDTmnKzjgrvjg4Pjg4jjgJHjg4jjg6njgqTjgqLjg7PjgrDjg6soVFJJQU5HTEUpIFRSOTY4IDIxNS8zNVIxOCA4NFYKCuKWoOODoeODvOOCq+ODvOe0ueS7iwrlibXmpa0xOTc25bm044CC5bm06ZaT55Sf55Sj6YePMiwzMDDkuIfmnKzjgIHkuJbnlYzjgrfjgqfjgqIxNOS9jeOCkuiqh+OCi+S4reWbveacgOWkp+OBruOCv+OCpOODpOODoeODvOOCq+ODvOOAgumHjeapn+etieeUo+alreeUqOOBi+OCieOAgeWkp+Wei+ODiOODqeODg+OCr+ODu+S5l+eUqOi7iuOBvuOBp+OAgeW5heW6g+OBhOODqeOCpOODs+ODiuODg+ODl+OBp+WxlemWi+OAgklTTzkwMDHoqo3oqLzjgIHjg6jjg7zjg63jg4Pjg5FFQ0XjgIHjgqLjg6Hjg6rjgqvkuqTpgJrnnIFET1Toqo3oqLzjgIHkuK3lm71DQ0PjgarjganjgIHkuJbnlYzvvJbvvJDjg7blm73jga7jgr/jgqTjg6Tlt6Xmpa3opo/moLzjgpLjgq/jg6rjgqLjgILjgZ3jga7lk4Hos6rjgYvjgonjgIE1MOS7peS4iuOBruiHquWLlei7iuOBq+e0lOato+aOoeeUqOOBleOCjOOBpuOBiuOCiuOAgeasp+W3nuODu+WMl+exs+OCkuOBr+OBmOOCgeOAgeS4lueVjDE2MOODtuWbveOBp+aEm+eUqOOBleOCjOOBpuOBhOOBvuOBmeOAgj8KCuKWoOWVhuWTgeOCueODmuODg+OCrwrlpJblvoTvvJo2MDdtbe+8j+e3j+W5he+8mjIxOG1t77yP5o6o5aWo44Oq44Og5bmF77yaNy41SgoK4pag5ZWG5ZOB54m56ZW3CuODkeOCv+ODvOODs++8muOCueODneODvOODhArpq5jpgJ/otbDooYzmmYLjgafjgoLlronlrprjgZfjgZ/otbDjgorjgpLmpb3jgZfjgb/jgZ/jgYTmlrnjgasK5Zue6Lui5pa55ZCR77ya5pyJ44KKCklOIE9VVOaMh+Wumu+8mueEoeOBlwoK4pag6YCB5paZ44O757SN5pyf55uu5a6JCuaylue4hO+8mjTvvZ415pel77+lMiw4MTAv5pysCuWMl+a1t+mBk++8mjPml6XvvZ445pel77+lMiwzNzAv5pysCuadseWMl+S5neW3nu+8mue/jOaXpe+9nue/jOOAheaXpe+/pTIsMTYwL+acrArjgZ3jga7ku5blnLDln5/vvJrnv4zml6Xvv6UyLDE2MC/mnKwK4oC76Zui5bO25Zyw5Z+f44G444Gu55m66YCB5pel5pWw44Gv44CB5Yil6YCU44GK5ZWP44GE5ZCI44KP44Gb44GP44Gg44GV44GE44CCCgrilqDlgpnogIMK5ZWG5ZOB44Gv44K/44Kk44Ok44Gu44G/44Gn44Ob44Kk44O844Or44Gv5LuY5bGe44GX44G+44Gb44KT44CCCuKAu+OBk+OBoeOCieOBruWVhuWTgeOBr+OAgTTmnKzljZjkvY3jgafjga7osqnlo7LjgafjgZnjgIIK4peL5YCL5pWw44CMMeOAjeKHkjTmnKzms6jmlofjgafjgZnjgIIK4peL5YCL5pWw44CMMuOAjeKHkjjmnKzms6jmlofjgafjgZnjgII=,44CQ5Y2z5pel55m66YCB44CR4pag5paw5ZOB44CQNOacrOOCu+ODg+ODiOOAkeKWoDIxNS8zNVIxOCAoMjE1LzM1LTE4KeKWoOODiOODqeOCpOOCouODs+OCsOODqyhUUklBTkdMRSnilqBUUjk2OCDjgrXjg57jg7zjgr/jgqTjg6TvvJrjgrPjg6zjgq/jgrfjg6fjg7Pjgr/jgqTjg6Q=,44CQ5Y2z5pel55m66YCB44CR4pag5paw5ZOB44CQNOacrOOCu+ODg+ODiOOAkeKWoDIxNS8zNVIxOCAoMjE1LzM1LTE4KeKWoOODiOODqeOCpOOCouODs+OCsOODqyhUUklBTkdMRSnilqBUUjk2OCDjgrXjg57jg7zjgr/jgqTjg6Q=,5pyA5a6J5YCk5oyR5oim5Lit77yB5r+A5a6J44K/44Kk44Ok77yG44Ob44Kk44O844Or5bCC6ZaA5bqX44Kz44Os44Kv44K344On44Oz44K/44Kk44Ok44CC44CQ5Y2z5pel55m66YCB44CR4pag5paw5ZOB44CQNOacrOOCu+ODg+ODiOOAkeKWoDIxNS8zNVIxOCAoMjE1LzM1LTE4KeKWoOODiOODqeOCpOOCouODs+OCsOODqyhUUklBTkdMRSnilqBUUjk2OCDjgrXjg57jg7zjgr/jgqTjg6Q=[rn]
11-193231,aHR0cDovL3RzaG9wLnIxMHMuanAvdGlyZWRlYWxlci9jYWJpbmV0LzA1MDAxNjI0LzA1MDUzODUwL2ltZ3JjMDA4MjQ5MDYzMi5qcGc/Zml0aW49NzAwOjcwMA==,MzY2Ny4yMDAw,,6LuK55So5ZOB44O744OQ44Kk44Kv55So5ZOBID4g44Kr44O855So5ZOBID4g44K144Oe44O844K/44Kk44Ok,SEFOS09PS+OAgOODj+ODs+OCs+ODg+OCr+OAgDE2NS82MFIxNeOAgDgxSOOAgFhM44CAZW5mcmVu44CAZWNv44CASDQzM+OAgOOCteODnuODvOOCv+OCpOODpOOAgOOCouODs+ODl+ODqeODs+OAgOOCqOOCsw==,44CQ5Zyo5bqr44GC44KK44CR77yU5pys5Y2Y5L2N44Gn6YCB5paZ54Sh5paZ77yB77yI5rKW57iE44O76Zui5bO26Zmk44GP77yJ,PElNRyBzcmM9Imh0dHA6Ly9pbWFnZS5yYWt1dGVuLmNvLmpwL3RpcmVkZWFsZXIvY2FiaW5ldC8wNTAwMTYyNC8wNTA1Mzg1MC9pbWdyYzAwODI0OTA2MzIuanBnIiB3aWR0aD0iMTAwJSI+IAo8YnI+IAo8YnI+IAo8SU1HIHNyYz0iaHR0cDovL2ltYWdlLnJha3V0ZW4uY28uanAvdGlyZWRlYWxlci9jYWJpbmV0LzA1MDAxNjI0LzA1MDUzODUwL2ltZ3JjMDA4MjQ5MDYzMy5qcGciIHdpZHRoPSIxMDAlIj4gCjxicj4gCjxicj4KPElNRyBzcmM9Imh0dHA6Ly9pbWFnZS5yYWt1dGVuLmNvLmpwL3RpcmVkZWFsZXIvY2FiaW5ldC8wNTAwMTYyNC8wNTA1Mzg1MC9pbWdyYzAwODI0OTA2MzQuanBnIiB3aWR0aD0iMTAwJSI+ICAKPGJyPiAKPGJyPgo8cD4K44CQNOacrOWNmOS9jeOBp+mAgeaWmeeEoeaWmeOAkTxiciAvPgrjg6Hjg7zjgqvjg7zlkI3vvJrjg4/jg7PjgrPjg4Pjgq88L3A+,SEFOS09PS+OAgOODj+ODs+OCs+ODg+OCr+OAgDE2NS82MFIxNeOAgDgxSOOAgFhM44CAZW5mcmVu44CAZWNv44CASDQzM+OAgOOCteODnuODvOOCv+OCpOODpOOAgOOCouODs+ODl+ODqeODs+OAgOOCqOOCs++8muOCv+OCpOODpOODh+OCo+ODvOODqeODvOOAgOalveWkqeW4guWgtOW6lw==,SEFOS09PS+OAgOODj+ODs+OCs+ODg+OCr+OAgDE2NS82MFIxNeOAgDgxSOOAgFhM44CAZW5mcmVu44CAZWNv44CASDQzM+OAgOOCteODnuODvOOCv+OCpOODpOOAgOOCouODs+ODl+ODqeODs+OAgOOCqOOCsw==,44CQ5Zyo5bqr44GC44KK44CR77yU5pys5Y2Y5L2N44Gn6YCB5paZ54Sh5paZ77yB77yI5rKW57iE44O76Zui5bO26Zmk44GP77yJ44CCSEFOS09PS+OAgOODj+ODs+OCs+ODg+OCr+OAgDE2NS82MFIxNeOAgDgxSOOAgFhM44CAZW5mcmVu44CAZWNv44CASDQzM+OAgOOCteODnuODvOOCv+OCpOODpOOAgOOCouODs+ODl+ODqeODs+OAgOOCqOOCsw==[rn]
11-193232,aHR0cDovL3RzaG9wLnIxMHMuanAvbWF1dG9nYWxsZXJ5L2NhYmluZXQvc3VtbWVyL2tva3VzYW4vMDUwOTM0MDgvaW1ncmMwMDcwOTcwMDc5LmpwZz9maXRpbj03MDA6NzAw,NDg5NjAuMDAwMA==,,6LuK55So5ZOB44O744OQ44Kk44Kv55So5ZOBID4g44Kr44O855So5ZOBID4g44K144Oe44O844K/44Kk44Ok,44CQ6YCB5paZ54Sh5paZ44CR4pag5Zu955SjIOOCteODnuODvOOCv+OCpOODpOKWoEdPT0RZRUFSIEVBR0xFIE5BU0NBUuOCsOODg+ODieOCpOODpOODvCDjgqTjg7zjgrDjg6sg44OK44K544Kr44O8ICAyMTUvNjVSMTYoMjE1LzY1LTE2KSDmlrDlk4HjgrXjg57jg7zjgr/jgqTjg6Q05pys44K744OD44OIMeWPsOWIhuODj+OCpOOCqOODvOOCuS/jgq3jg6Pjg6njg5Djg7M=,5pWw6YeP6ZmQ5a6a77yB5bqX6aCt5Y+W5LuY5aSn5q2T6L+O77yB77yB,NOacrOOCu+ODg+ODiDHlj7DliIY8YnI+CuOCteOCpOOCujoyMTUvNjVSMTY8YnI+CuODoeODvOOCq+ODvDrjgrDjg4Pjg4njgqTjg6Tjg7w8YnI+CuODkeOCv+ODvOODszrjgqTjg7zjgrDjg6vjgIDjg4rjgrnjgqvjg7zvvIjjgrXjg57jg7zjgr/jgqTjg6TvvIk8YnI+PGJyPgril4/jgZPjgaHjgonjga7llYblk4Hjga/jgr/jgqTjg6Tjga7jgb/jga7osqnlo7Ljgajjgarjgorjgb7jgZnjgII8YnI+PGJyPgril48x5pys44GL44KJ6YCB5paZ54Sh5paZ77yB77yBPGJyPgrigLvmspbnuIQv6Zui5bO277yI5YyX5rW36YGT6Zmk44GP77yJ44Gv5Yil6YCU6Zui5bO25Lit57aZ5paZ44GM55m655Sf6Ie044GX44G+44GZ44Gu44Gn44CBPGJyPgrjgZTms6jmlofliY3jgavjgZTnorroqo3jgYrpoZjjgYToh7TjgZfjgb7jgZnjgII8YnI+PGJyPgril4/lnKjluqvnirbms4Hjga/jg6rjgqLjg6vjgr/jgqTjg6DjgavlpInli5XjgZfjgabjgYrjgorjgb7jgZnjga7jgafjgIE8YnI+CuOBiuaApeOBjuOBruaWueOBr+OBlOazqOaWh+WJjeOBq+WcqOW6q+eiuuiqjeOCkuOBiumhmOOBhOiHtOOBl+OBvuOBmeOAgjxicj4K5qyg5ZOB44Gu5aC05ZCI44CB44Kt44Oj44Oz44K744Or44KS44GK6aGY44GE44GZ44KL5aC05ZCI44GM5b6h5bqn44GE44G+44GZPGJyPgrnlLvlg4/jga/jgqTjg6Hjg7zjgrjjgavjgarjgorjgb7jgZnjga7jgafjgIHnj77nianjgajlpJrlsJHnlbDjgarjgovloLTlkIjjgYzlvqHluqfjgYTjgb7jgZnjga7jgafjgIHkuojjgoHjgZTkuobmib/kuIvjgZXjgYTjgII=,44CQ6YCB5paZ54Sh5paZ44CR4pag5Zu955SjIOOCteODnuODvOOCv+OCpOODpOKWoEdPT0RZRUFSIEVBR0xFIE5BU0NBUuOCsOODg+ODieOCpOODpOODvCDjgqTjg7zjgrDjg6sg44OK44K544Kr44O8ICAyMTUvNjVSMTYoMjE1LzY1LTE2KSDmlrDlk4HjgrXjg57jg7zjgr/jgqTjg6Q05pys44K744OD44OIMeWPsOWIhuODj+OCpOOCqOODvOOCuS/jgq3jg6Pjg6njg5Djg7PvvJrjgqjjg6Djgqrjg7zjg4jjgq7jg6Pjg6njg6rjg7w=,44CQ6YCB5paZ54Sh5paZ44CR4pag5Zu955SjIOOCteODnuODvOOCv+OCpOODpOKWoEdPT0RZRUFSIEVBR0xFIE5BU0NBUuOCsOODg+ODieOCpOODpOODvCDjgqTjg7zjgrDjg6sg44OK44K544Kr44O8ICAyMTUvNjVSMTYoMjE1LzY1LTE2KSDmlrDlk4HjgrXjg57jg7zjgr/jgqTjg6Q05pys44K744OD44OIMeWPsOWIhuODj+OCpOOCqOODvOOCuS/jgq3jg6Pjg6njg5Djg7M=,5pWw6YeP6ZmQ5a6a77yB5bqX6aCt5Y+W5LuY5aSn5q2T6L+O77yB77yB44CC44CQ6YCB5paZ54Sh5paZ44CR4pag5Zu955SjIOOCteODnuODvOOCv+OCpOODpOKWoEdPT0RZRUFSIEVBR0xFIE5BU0NBUuOCsOODg+ODieOCpOODpOODvCDjgqTjg7zjgrDjg6sg44OK44K544Kr44O8ICAyMTUvNjVSMTYoMjE1LzY1LTE2KSDmlrDlk4HjgrXjg57jg7zjgr/jgqTjg6Q05pys44K744OD44OIMeWPsOWIhuODj+OCpOOCqOODvOOCuS/jgq3jg6Pjg6njg5Djg7M=[rn]
11-193233,aHR0cDovL3RzaG9wLnIxMHMuanAvdGlyZW1heC9jYWJpbmV0L3RpcmUvdGlyZTAxL3RfeWhnMDAxLmpwZz9maXRpbj03MDA6NzAw,OTMzMy42MDAw,,6LuK55So5ZOB44O744OQ44Kk44Kv55So5ZOBID4g44Kr44O855So5ZOBID4g44K144Oe44O844K/44Kk44Ok,44K144Oe44O844K/44Kk44OkIDYuNTBSMTYgTFQgOTcvOTNRIOODqOOCs+ODj+ODniDjgrjjgqrjg6njg7Pjg4Djg7wgTS9UKyBHMDAxQyDjg5bjg6njg4Pjgq/jg6zjgr/jg7wgWU9LT0hBTUEgR0VPTEFOREFSIE0vVCsgRzAwMUM=,44CQMuacrOS7peS4iuOBp+mAgeaWmeeEoeaWmeOAkSDmlrDlk4Ex5pys,PGltZyBzcmM9J2h0dHA6Ly9pbWFnZS5yYWt1dGVuLmNvLmpwL3RpcmUxYmFuL2NhYmluZXQvdGlyZS9nMDAxLTIuZ2lmJyB3aWR0aD0nMTAwJSc+PGJyPjxpbWcgc3JjPSdodHRwOi8vaW1hZ2UucmFrdXRlbi5jby5qcC90aXJlMWJhbi9jYWJpbmV0L3RpcmUvZzAwMS0zLmdpZicgd2lkdGg9JzEwMCUnPjxicj48aW1nIHNyYz0naHR0cDovL2ltYWdlLnJha3V0ZW4uY28uanAvdGlyZTFiYW4vY2FiaW5ldC90aXJlL2cwMDEtNC5naWYnIHdpZHRoPScxMDAlJz48YnI+PGltZyBzcmM9J2h0dHA6Ly9pbWFnZS5yYWt1dGVuLmNvLmpwL3RpcmUxYmFuL2NhYmluZXQvdGlyZS9nMDAxLTUuZ2lmJyB3aWR0aD0nMTAwJSc+PGJyPjxicj7mlrDlk4HjgrXjg57jg7zjgr/jgqTjg6Qx5pys44Gu5L6h5qC844Gn44GZ44CCPGJyPuKAu+ODm+OCpOODvOODq+OBr+S7mOWxnuOBl+OBvuOBm+OCk+OAgjxicj48YnI+4pag6YCB5paZPGJyPuOCv+OCpOODpDLmnKzku6XkuIrjgYrosrfjgYTkuIrjgZLjgafpgIHmlpnnhKHmlpnvvIE8YnI+44Gf44Gg44GX44CB5qyh44Gu5aC05ZCI44Gv5Yil6YCU6YCB5paZ44KS44GE44Gf44Gg44GN44G+44GZ44CC5rOo5paH5Y+X5LuY5b6M44Gr5Yqg566X44GX44G+44GZ44CCPGJyPuODuzHmnKzjga7jgZTms6jmlofjga/pgIHmlpkxLDAwMOWGhijnqI7liKUp44Gn44GZ44CCPGJyPuODu+aylue4hOODu+mbouWztuOBuOOBruOBiuWxiuOBkeOBr+S4ree2meaWmeOBjOeZuueUn+OBl+OBvuOBmeOAguOBiuWVj+WQiOOBm+OBj+OBoOOBleOBhOOAgjxicj48YnI+4pag57SN5pyfPGJyPuWVhuWTgeWHuuiNt+OBruebruWuieOBr+OBlOazqOaWh+OCiOOCijLvvZ4z5Za25qWt5pel44Gn44GZ44CCPGJyPuOBn+OBoOOBl+OAgeazqOaWh+WPr+iDveOBquWgtOWQiOOBp+OCguOAgeWPluWvhOOBm+OBrueKtuazgeOChOaApeOBquWTgeWIh+OCjOOBq+OCiOOCiuWFpeiNt+OBvuOBp+OBiuaZgumWk+OCkuOBhOOBn+OBoOOBhOOBn+OCiuOAgeS7o+abv+OBiOWVhuWTgeOBruaPkOahiOOBvuOBn+OBr+azqOaWh+OBruOCreODo+ODs+OCu+ODq+OCkuOBiumhmOOBhOOBmeOCi+OBk+OBqOOBjOOBguOCiuOBvuOBmeOAgjxicj7jgYrmgKXjgY7jga7jgYrlrqLmp5jjga/ms6jmlofliY3jgavlnKjluqvjg7vntI3mnJ/jga7norroqo3jgpLjgYrpoZjjgYTjgZfjgb7jgZnjgII8YnI+6Kmz57Sw44Gq57SN5pyf44Gv5rOo5paH5Y+X5LuY5b6M44Gr44Oh44O844Or44Gn44GU5qGI5YaF44GX44G+44GZ44CCPGJyPjxicj48YnI+PGltZyBzcmM9J2h0dHA6Ly9pbWFnZS5yYWt1dGVuLmNvLmpwL3RpcmUxYmFuL2NhYmluZXQvMDA4ODUyNTEvbGlua190dDM4MDIyLmpwZycgd2lkdGg9JzEwMCUnIGhlaWdodD0nYXV0bycgYm9yZGVyPScwJz48YnI+PGltZyBzcmM9J2h0dHA6Ly9pbWFnZS5yYWt1dGVuLmNvLmpwL3RpcmUxYmFuL2NhYmluZXQvMDA4ODUyNTEvbGlua190dzM4MDIyLmpwZycgd2lkdGg9JzEwMCUnIGhlaWdodD0nYXV0bycgYm9yZGVyPScwJz48YnI+PGJyPjYuNTAtMTYgNi41MDE2IDE244Kk44Oz44OBIOOCuOOCquODqeOCpOODgOODvCDlpI/jgr/jgqTjg6Qg5pil44K/44Kk44OkIHN1bTEwMzN5aGcwMDEgRTM4ODg8YnI+PGJyPjxpbWcgc3JjPSdodHRwOi8vaW1hZ2UucmFrdXRlbi5jby5qcC90aXJlMWJhbi9jYWJpbmV0L2tlbnNha3UvdmFsdmUtbGluazAxLmpwZyfjgIDjgIDjgIDjgIDjgIDjgIAgd2lkdGg9JzEwMCUnIGJvcmRlcj0nMCc+PGJyPjxpbWcgc3JjPSdodHRwOi8vaW1hZ2UucmFrdXRlbi5jby5qcC90aXJlMWJhbi9jYWJpbmV0LzAwODg1MjUxL2xpbmtfdG9yaXRrMzgwLmpwZycgd2lkdGg9JzEwMCUnIGJvcmRlcj0nMCc+,44K144Oe44O844K/44Kk44OkIDYuNTBSMTYgTFQgOTcvOTNRIOODqOOCs+ODj+ODniDjgrjjgqrjg6njg7Pjg4Djg7wgTS9UKyBHMDAxQyDjg5bjg6njg4Pjgq/jg6zjgr/jg7wgWU9LT0hBTUEgR0VPTEFOREFSIE0vVCsgRzAwMUPvvJrjgr/jgqTjg6Tjg57jg4Pjgq/jgrk=,44K/44Kk44Ok44Kq44O844OI44Km44Kn44Kk44OK44Oz44Kr44Oz44OW44Oq44K444K544OI44Oz44OW44Oq44OC44K544OI44Oz44Oo44Kz44OP44Oe44Of44K344Ol44Op44Oz44OA44Oz44Ot44OD44OXTUtXV09SS+ODr+ODvOOCr+OCqOODouODvOOCt+ODp+ODs+ODh+ODquOCqyBENeODqeODs+OCr+ODq+OCqOOCr+OCueODiOODrOOCpOODq+ODqeODs+OCsOODqeODvOOCv+OCpOODpCDlronjgYTjgr/jgqTjg6TpgJrosqnmv4Dlronjgr/jgqTjg6Tjg6zjgqTjgrrjgrXjg57jg7zjgr/jgqTjg6QgNi41MFIxNiBMVCA5Ny85M1Eg44Oo44Kz44OP44OeIOOCuOOCquODqeODs+ODgOODvCBNL1QrIEcwMDFDIOODluODqeODg+OCr+ODrOOCv+ODvCBZT0tPSEFNQSBHRU9MQU5EQVIgTS9UKyBHMDAxQw==,44CQMuacrOS7peS4iuOBp+mAgeaWmeeEoeaWmeOAkSDmlrDlk4Ex5pysIOOAguOCteODnuODvOOCv+OCpOODpCA2LjUwUjE2IExUIDk3LzkzUSDjg6jjgrPjg4/jg54g44K444Kq44Op44Oz44OA44O8IE0vVCsgRzAwMUMg44OW44Op44OD44Kv44Os44K/44O8IFlPS09IQU1BIEdFT0xBTkRBUiBNL1QrIEcwMDFD[rn]
11-193234,aHR0cDovL3RzaG9wLnIxMHMuanAvdGlyZW1heC9jYWJpbmV0L3RpcmUvdGlyZTAxL3RfeWhhZTUwLmpwZz9maXRpbj03MDA6NzAw,NDcwNC4wMDAw,,6LuK55So5ZOB44O744OQ44Kk44Kv55So5ZOBID4g44Kr44O855So5ZOBID4g44K144Oe44O844K/44Kk44Ok,44K144Oe44O844K/44Kk44OkIDE3NS82NVIxNCA4Mkgg44Oo44Kz44OP44OeIOODluODq+ODvOOCouODvOOCueODu+OCqOODvOOCuSBBRTUwIEEvYiBZT0tPSEFNQSBCbHVFYXJ0aC1BIEFFNTA=,44CQMuacrOS7peS4iuOBp+mAgeaWmeeEoeaWmeOAkSDmlrDlk4Ex5pys,PGltZyBzcmM9J2h0dHA6Ly9pbWFnZS5yYWt1dGVuLmNvLmpwL3RpcmUxYmFuL2NhYmluZXQvdGlyZS9lX3loYWU1MGEuanBnJyB3aWR0aD0nMTAwJSc+PGJyPjxpbWcgc3JjPSdodHRwOi8vaW1hZ2UucmFrdXRlbi5jby5qcC90aXJlMWJhbi9jYWJpbmV0L3RpcmUvZV95aGFlNTAxLmpwZycgd2lkdGg9JzEwMCUnPjxicj48aW1nIHNyYz0naHR0cDovL2ltYWdlLnJha3V0ZW4uY28uanAvdGlyZTFiYW4vY2FiaW5ldC90aXJlL2VfeWhhZTUwMi5qcGcnIHdpZHRoPScxMDAlJz48YnI+PGltZyBzcmM9J2h0dHA6Ly9pbWFnZS5yYWt1dGVuLmNvLmpwL3RpcmUxYmFuL2NhYmluZXQvdGlyZS9lX3loYWU1MDMuanBnJyB3aWR0aD0nMTAwJSc+PGJyPjxpbWcgc3JjPSdodHRwOi8vaW1hZ2UucmFrdXRlbi5jby5qcC90aXJlMWJhbi9jYWJpbmV0L3RpcmUvZV95aGFlNTA0LmpwZycgd2lkdGg9JzEwMCUnPjxicj48YnI+5paw5ZOB44K144Oe44O844K/44Kk44OkMeacrOOBruS+oeagvOOBp+OBmeOAgjxicj7igLvjg5vjgqTjg7zjg6vjga/ku5jlsZ7jgZfjgb7jgZvjgpPjgII8YnI+PGJyPuKWoOmAgeaWmTxicj7jgr/jgqTjg6Qy5pys5Lul5LiK44GK6LK344GE5LiK44GS44Gn6YCB5paZ54Sh5paZ77yBPGJyPuOBn+OBoOOBl+OAgeasoeOBruWgtOWQiOOBr+WIpemAlOmAgeaWmeOCkuOBhOOBn+OBoOOBjeOBvuOBmeOAguazqOaWh+WPl+S7mOW+jOOBq+WKoOeul+OBl+OBvuOBmeOAgjxicj7jg7sx5pys44Gu44GU5rOo5paH44Gv6YCB5paZMSwwMDDlhoYo56iO5YilKeOBp+OBmeOAgjxicj7jg7vmspbnuITjg7vpm6Lls7bjgbjjga7jgYrlsYrjgZHjga/kuK3ntpnmlpnjgYznmbrnlJ/jgZfjgb7jgZnjgILjgYrllY/lkIjjgZvjgY/jgaDjgZXjgYTjgII8YnI+PGJyPuKWoOe0jeacnzxicj7llYblk4Hlh7rojbfjga7nm67lronjga/jgZTms6jmlofjgojjgooy772eM+WWtualreaXpeOBp+OBmeOAgjxicj7jgZ/jgaDjgZfjgIHms6jmloflj6/og73jgarloLTlkIjjgafjgoLjgIHlj5blr4TjgZvjga7nirbms4HjgoTmgKXjgarlk4HliIfjgozjgavjgojjgorlhaXojbfjgb7jgafjgYrmmYLplpPjgpLjgYTjgZ/jgaDjgYTjgZ/jgorjgIHku6Pmm7/jgYjllYblk4Hjga7mj5DmoYjjgb7jgZ/jga/ms6jmlofjga7jgq3jg6Pjg7Pjgrvjg6vjgpLjgYrpoZjjgYTjgZnjgovjgZPjgajjgYzjgYLjgorjgb7jgZnjgII8YnI+44GK5oCl44GO44Gu44GK5a6i5qeY44Gv5rOo5paH5YmN44Gr5Zyo5bqr44O757SN5pyf44Gu56K66KqN44KS44GK6aGY44GE44GX44G+44GZ44CCPGJyPuips+e0sOOBque0jeacn+OBr+azqOaWh+WPl+S7mOW+jOOBq+ODoeODvOODq+OBp+OBlOahiOWGheOBl+OBvuOBmeOAgjxicj48YnI+PGJyPjxpbWcgc3JjPSdodHRwOi8vaW1hZ2UucmFrdXRlbi5jby5qcC90aXJlMWJhbi9jYWJpbmV0LzAwODg1MjUxL2xpbmtfdHQzODAyMi5qcGcnIHdpZHRoPScxMDAlJyBoZWlnaHQ9J2F1dG8nIGJvcmRlcj0nMCc+PGJyPjxpbWcgc3JjPSdodHRwOi8vaW1hZ2UucmFrdXRlbi5jby5qcC90aXJlMWJhbi9jYWJpbmV0LzAwODg1MjUxL2xpbmtfdHczODAyMi5qcGcnIHdpZHRoPScxMDAlJyBoZWlnaHQ9J2F1dG8nIGJvcmRlcj0nMCc+PGJyPjxicj4xNzUvNjUtMTQgMTc1NjUxNCAxNOOCpOODs+ODgSDjg6jjgrPjg4/jg57jgr/jgqTjg6Qg5qiq5rWc44K044OgIOWkj+OCv+OCpOODpCDmmKXjgr/jgqTjg6Qgc3VtMTI3N3loYWU1MCBGNTQ1Njxicj48YnI+PGltZyBzcmM9J2h0dHA6Ly9pbWFnZS5yYWt1dGVuLmNvLmpwL3RpcmUxYmFuL2NhYmluZXQva2Vuc2FrdS92YWx2ZS1saW5rMDEuanBnJ+OAgOOAgOOAgOOAgOOAgOOAgCB3aWR0aD0nMTAwJScgYm9yZGVyPScwJz48YnI+PGltZyBzcmM9J2h0dHA6Ly9pbWFnZS5yYWt1dGVuLmNvLmpwL3RpcmUxYmFuL2NhYmluZXQvMDA4ODUyNTEvbGlua190b3JpdGszODAuanBnJyB3aWR0aD0nMTAwJScgYm9yZGVyPScwJz4=,44K144Oe44O844K/44Kk44OkIDE3NS82NVIxNCA4Mkgg44Oo44Kz44OP44OeIOODluODq+ODvOOCouODvOOCueODu+OCqOODvOOCuSBBRTUwIEEvYiBZT0tPSEFNQSBCbHVFYXJ0aC1BIEFFNTDvvJrjgr/jgqTjg6Tjg57jg4Pjgq/jgrk=,44K/44Kk44Ok44Kq44O844OI44Km44Kn44Kk44OK44Oz44Kr44Oz44OW44Oq44K444K544OI44Oz44OW44Oq44OC44K544OI44Oz44Oo44Kz44OP44Oe44Of44K344Ol44Op44Oz44OA44Oz44Ot44OD44OXTUtXV09SS+ODr+ODvOOCr+OCqOODouODvOOCt+ODp+ODs+ODh+ODquOCqyBENeODqeODs+OCr+ODq+OCqOOCr+OCueODiOODrOOCpOODq+ODqeODs+OCsOODqeODvOOCv+OCpOODpCDlronjgYTjgr/jgqTjg6TpgJrosqnmv4Dlronjgr/jgqTjg6Tjg6zjgqTjgrrjgrXjg57jg7zjgr/jgqTjg6QgMTc1LzY1UjE0IDgySCDjg6jjgrPjg4/jg54g44OW44Or44O844Ki44O844K544O744Ko44O844K5IEFFNTAgQS9iIFlPS09IQU1BIEJsdUVhcnRoLUEgQUU1MA==,44CQMuacrOS7peS4iuOBp+mAgeaWmeeEoeaWmeOAkSDmlrDlk4Ex5pysIOOAguOCteODnuODvOOCv+OCpOODpCAxNzUvNjVSMTQgODJIIOODqOOCs+ODj+ODniDjg5bjg6vjg7zjgqLjg7zjgrnjg7vjgqjjg7zjgrkgQUU1MCBBL2IgWU9LT0hBTUEgQmx1RWFydGgtQSBBRTUw[rn]
11-193235,aHR0cDovL3RzaG9wLnIxMHMuanAvbWVpc2hpbi10aXJlL2NhYmluZXQvMDUxNzE1MjQvaW1ncmMwMDY4NzAzMzEyLmpwZz9maXRpbj03MDA6NzAw,Mjg0ODAuMDAwMA==,,6LuK55So5ZOB44O744OQ44Kk44Kv55So5ZOBID4g44Kr44O855So5ZOBID4g44K144Oe44O844K/44Kk44Ok,44OW44Oq44OC44K544OI44OzIOODrOOCsOODjiDjgrjjg7zjgqLjg6sg44Kv44Ot44K544Ki44KkIDIzNS80MFIxOSA5MlfjgIBCUklER0VTVE9ORSBSRUdOTyBHUi1YSSAyMzUvNDAtMTk=,,PGltZyB3aWR0aD0iMTAwJSIgc3JjPSJodHRwOi8vaW1hZ2UucmFrdXRlbi5jby5qcC9tZWlzaGluLXRpcmUvY2FiaW5ldC8zcmtzMTEuanBnIi8+PGJyPjxicj4KCjxpbWcgd2lkdGg9IjEwMCUiIHNyYz0iaHR0cDovL2ltYWdlLnJha3V0ZW4uY28uanAvbWVpc2hpbi10aXJlL2NhYmluZXQvMnJrczExLmpwZyIvPg==,44OW44Oq44OC44K544OI44OzIOODrOOCsOODjiDjgrjjg7zjgqLjg6sg44Kv44Ot44K544Ki44KkIDIzNS80MFIxOSA5MlfjgIBCUklER0VTVE9ORSBSRUdOTyBHUi1YSSAyMzUvNDAtMTnvvJrlkI3npZ7jgr/jgqTjg6Tmpb3lpKnluILloLTlupc=,44OW44Oq44K444K544OI44Oz44OI44O844Oo44O8QkVPUk9aRVNU44Kw44OD44OJ44Kk44Ok44O8R09PRFlFQVLjg5XjgqHjg6vjgrHjg7NGQUxLRU4yMTUgNDUgMTdZT0tPSEFNQeWQjeelnuOCv+OCpOODpOi7veODlOODrOODquODvOODgOODs+ODreODg+ODl+ODn+OCt+ODpeODqeODs+ODqOOCs+ODj+ODnkJSSURHRVNUT05F6YCa6LKp6ZmQ5a6a5paw5L2c44OW44Oq44OC44K544OI44OzIOODrOOCsOODjiDjgrjjg7zjgqLjg6sg44Kv44Ot44K544Ki44KkIDIzNS80MFIxOSA5MlfjgIBCUklER0VTVE9ORSBSRUdOTyBHUi1YSSAyMzUvNDAtMTk=,44OW44Oq44OC44K544OI44OzIOODrOOCsOODjiDjgrjjg7zjgqLjg6sg44Kv44Ot44K544Ki44KkIDIzNS80MFIxOSA5MlfjgIBCUklER0VTVE9ORSBSRUdOTyBHUi1YSSAyMzUvNDAtMTk=[rn]
11-193236,aHR0cDovL3RzaG9wLnIxMHMuanAvdGlyZXN0YWdlL2NhYmluZXQvbWF4eGlzL2ltZ3JjMDA3Mjk0MjEzMC5qcGc/Zml0aW49NzAwOjcwMA==,OTUyMC4wMDAw,,6LuK55So5ZOB44O744OQ44Kk44Kv55So5ZOBID4g44Kr44O855So5ZOBID4g44K144Oe44O844K/44Kk44Ok,TUFYWElTIOODnuOCreOCt+OCuSBNODA2MCBUUkVQQURPUiAxODUvODVSMTYgMTA1LzEwM0wgOFBSIOODiOODrOODkeODieODvOODqw==,44CQ6YCB5paZ54Sh5paZ44CM5rKW57iE77yM6Zui5bO244Gv6Zmk44GP44CN44CR,PGltZyBzcmM9Imh0dHA6Ly9pbWFnZS5yYWt1dGVuLmNvLmpwL3RpcmVzdGFnZS9jYWJpbmV0L2VqLXRvcC9pbWdyYzAwOTI0NTQ1NDMuanBnIiBib3JkZXI9IjAiPjxicj4KCgo8aW1nIHNyYz0iaHR0cDovL2ltYWdlLnJha3V0ZW4uY28uanAvdGlyZXN0YWdlL2NhYmluZXQvZWotdG9wL2ltZ3JjMDA5MjI1NzQwNi5qcGcid2lkdGg9IjYxOCIgaGVpZ2h0PSI4MCI+PGJyPgoK5Zyo5bqr44Gv5bqX6IiX44Go6YCj5YuV44GX44Gm44GK44KK44G+44GZ44CCPGJyPuOBlOazqOaWh+OBhOOBn+OBoOOBhOOBn+mam+OBq+WcqOW6q+WIh+OCjOOBruWgtOWQiOOBr+OBiuaZgumWk+OCkuOBhOOBn+OBoOOBj+OBk+OBqOOBjOOBlOOBluOBhOOBvuOBmeOAgjxicj7lnKjluqvnorroqo3jgarjganjgYrmsJfou73jgavjgYrllY/lkIjjgZvkuIvjgZXjgYTjgII=,TUFYWElTIOODnuOCreOCt+OCuSBNODA2MCBUUkVQQURPUiAxODUvODVSMTYgMTA1LzEwM0wgOFBSIOODiOODrOODkeODieODvOODq++8muOCv+OCpOODpOOCueODhuODvOOCuOOAgOa5mOWNl+OAgOalveWkqeW4guWgtOW6lw==,TUFYWElTIOODnuOCreOCt+OCuSBNODA2MCBUUkVQQURPUiAxODUvODVSMTYgMTA1LzEwM0wgOFBSIOODiOODrOODkeODieODvOODqw==,44CQ6YCB5paZ54Sh5paZ44CM5rKW57iE77yM6Zui5bO244Gv6Zmk44GP44CN44CR44CCTUFYWElTIOODnuOCreOCt+OCuSBNODA2MCBUUkVQQURPUiAxODUvODVSMTYgMTA1LzEwM0wgOFBSIOODiOODrOODkeODieODvOODqw==[rn]
11-193237,aHR0cDovL3RzaG9wLnIxMHMuanAvYXV0b3dheS9jYWJpbmV0L21haW5pbWFnZS90aXJlX21haW4vaGlmbHkvaGYwMDE2OC5qcGc/Zml0aW49NzAwOjcwMA==,Mjk0NC4wMDAw,,6LuK55So5ZOB44O744OQ44Kk44Kv55So5ZOBID4g44Kr44O855So5ZOBID4g44K144Oe44O844K/44Kk44Ok,44CQ6YCB5paZ54Sh5paZ44CR44CQ5Y2z5pel55m66YCB44CR4pagSElGTFko44OP44Kk44OV44Op44KkKUhGODA1IDE2NS81MFIxNSAoMTY1LzUwLTE1IDE2NS01MC0xNeOCpOODs+ODgSnjgIrmpJzntKLnlKjjgIvjgr/jgqTjg6Tjga5BVVRPV0FZ77yI44Kq44O844OI44Km44Kn44Kk77yJ44K144Oe44O844K/44Kk44Ok44CQUkNQ44CRMDVQMDFPY3QxNg==,4pag5pyA5a6J5YCk5oyR5oim5Lit77yB44CQ5paw5ZOB44K/44Kk44Ok44CR44CQ44K144Oe44O844K/44Kk44Ok44CR,SElGTFkgSEY4MDUgMTY1LzUwUjE1IDcyVjxCUj48QlI+4pag6auY5qyh5YWD44Gq5ZOB6LOq44Go44Kz44K544OI44OR44OV44Kp44O844Oe44Oz44K544Gu5Lih56uL44KS5a6f54++44GX44CB5YyX57Gz44CB44Oo44O844Ot44OD44OR44KS44Gv44GY44KB5LiW55WM5ZCE5Zu944Gn6LKp5aOy44GV44KM44Gm44GE44KL5Lq65rCX44OW44Op44Oz44OJSElGTFko44OP44Kk44OV44Op44KkKeOAggrjgqLjg6Hjg6rjgqvlkIjooYblm73pgYvovLjnnIHjga7oqo3lrpropo/moLzjgafjgYLjgotET1TjgpLjga/jgZjjgoHjgIHmrKflt57jgarjganlkITlm73jga7ln7rmupbjgIHopo/lrprjgavlkIjmoLzjgZfjgabjgYTjgb7jgZnjgIIK4pagSEY4MDUo44Ko44Kk44OB44Ko44OV44CA44OP44OB44Oe44Or44K0KeOBr+OAgeOCt+ODquOCq+OCkumFjeWQiOOBmeOCi+OBk+OBqOOBp+mrmOmAn+i1sOihjOaZguOBp+OCguWuieWumuOBl+OBn+ebtOmAsuaAp+iDveOBqOOCs+ODvOODiuODquODs+OCsOaAp+iDveOCkueZuuaPruOAguOBneOCjOOBoOOBkeOBp+OBquOBj+OAgemrmOOBhOmdmeeym+aAp+OBp+W/q+mBqeOBquS5l+OCiuW/g+WcsOOCguaPkOS+m+OBl+OBvuOBmeOAggrilqDlt6blj7PpnZ7lr77np7Djg5Hjgr/jg7zjg7PjgafjgZnjgILjgZPjga7jgr/jgqTjg6Tjga7lpJblgbTjgavjga/jgIxPVVRTSURF44CN44CB5YaF5YG044Gr44Gv44CMSU5TSURF44CN44Go5Yi75Y2w44GM44GC44KK44G+44GZ44CCCuOAjE9VVFNJREXjgI3jgYzou4rkuKHjgavlr77jgZfjgablpJblgbTjgavjgarjgovjgojjgYbjgavoo4XnnYDjgZfjgabjgY/jgaDjgZXjgYTjgIIK4pag5Y+z55So5bem55So44Gu6Kit5a6a44Gv44GC44KK44G+44Gb44KT44CCPEJSPjxCUj7lpJblvoTvvJo1NDdtbeOAgOW5he+8mjE3MG1t44CA5o6o5aWo44Oq44Og5bmF77yaNUogWEzopo/moLzvvJpFVFJUT+OCueOCv+ODs+ODgOODvOODiTxCUj48QlI+,44CQ6YCB5paZ54Sh5paZ44CR44CQ5Y2z5pel55m66YCB44CR4pagSElGTFko44OP44Kk44OV44Op44KkKUhGODA1IDE2NS81MFIxNSAoMTY1LzUwLTE1IDE2NS01MC0xNeOCpOODs+ODgSnjgIrmpJzntKLnlKjjgIvjgr/jgqTjg6Tjga5BVVRPV0FZ77yI44Kq44O844OI44Km44Kn44Kk77yJ44K144Oe44O844K/44Kk44Ok44CQUkNQ44CRMDVQMDFPY3QxNu+8mkFVVE9XQVnvvIjjgqrjg7zjg4jjgqbjgqfjgqTvvIk=,44Kq44O844OI44Km44Kn44Kk5r+A5a6J44K/44Kk44Ok44OK44Oz44Kr44OzYXV0b3dheeODiuODs+OCq+ODs+OAgOOCv+OCpOODpG5hbmthbmfjg5Xjgqfjg4fjg6njg6vpgJrosqnjgIDjgr/jgqTjg6TovLjlhaXjgIDjgr/jgqTjg6RuZXhlbuODleOCp+ODh+ODqeODq+OAgOOCv+OCpOODpGZlZGVyYWzovLjlhaXjgIDjgr/jgqTjg6TjgIDkvqHmoLx0YWl5YeOCueOCv+ODg+ODieODrOOCueOCv+OCpOODpOOCv+OCpOODpOOAgOiyqeWjsuODiuODs+OCq+ODs+OAgOOCueOCv+ODg+ODieODrOOCueOCv+OCpOODpOOCv+OCpOODpOOAgOWuieWjsuOCiuOCv+OCpOODpOOAgOOCteOCpOOCuuOAkOmAgeaWmeeEoeaWmeOAkeOAkOWNs+aXpeeZuumAgeOAkeKWoEhJRkxZKOODj+OCpOODleODqeOCpClIRjgwNSAxNjUvNTBSMTUgKDE2NS81MC0xNSAxNjUtNTAtMTXjgqTjg7Pjg4Ep44CK5qSc57Si55So44CL44K/44Kk44Ok44GuQVVUT1dBWe+8iOOCquODvOODiOOCpuOCp+OCpO+8ieOCteODnuODvOOCv+OCpOODpOOAkFJDUOOAkTA1UDAxT2N0MTY=,4pag5pyA5a6J5YCk5oyR5oim5Lit77yB44CQ5paw5ZOB44K/44Kk44Ok44CR44CQ44K144Oe44O844K/44Kk44Ok44CR44CC44CQ6YCB5paZ54Sh5paZ44CR44CQ5Y2z5pel55m66YCB44CR4pagSElGTFko44OP44Kk44OV44Op44KkKUhGODA1IDE2NS81MFIxNSAoMTY1LzUwLTE1IDE2NS01MC0xNeOCpOODs+ODgSnjgIrmpJzntKLnlKjjgIvjgr/jgqTjg6Tjga5BVVRPV0FZ77yI44Kq44O844OI44Km44Kn44Kk77yJ44K144Oe44O844K/44Kk44Ok44CQUkNQ44CRMDVQMDFPY3QxNg==[rn]
11-193238,aHR0cDovL3RzaG9wLnIxMHMuanAvdGlyZS16ZXJvL2NhYmluZXQvMDMwNDA5NjMvMDMxMzgyNzYvaW1ncmMwMDc3NzYxNjcwLmpwZz9maXRpbj03MDA6NzAw,MTg1NTUuMjAwMA==,,6LuK55So5ZOB44O744OQ44Kk44Kv55So5ZOBID4g44Kr44O855So5ZOBID4g44K144Oe44O844K/44Kk44Ok,MuaciDHml6XmlrDnmbrlo7Lil4bpgIHmlpnnhKHmlpnil4ZESVJFWlpBIFoz4peGMjU1LzQwUjE3IDk0V+KXhjHmnKzkvqHmoLzil4bmlrDlk4HlpI/jgr/jgqTjg6Til4bjg4Djg7Pjg63jg4Pjg5fil4bjg4fjgqPjg6zjg4Pjg4TjgqFaSUlJ,5Zu95YaF5q2j6KaP5ZOB77yB5bqX6aCt57WE5pu/T0vvvIE=,6KGo56S65L6h5qC844Gv44CAPGZvbnQgY29sb3I9InJlZCIgc2l6ZT0iMiI+5paw5ZOB44K/44Kk44OkMeacrDwvZm9udD7jgIDjga7kvqHmoLzjgajjgarjgorjgb7jgZnjgII8QlI+PEJSPgrigLvmjrLovInnlLvlg4/jga/jgqTjg6Hjg7zjgrjjgafjgZnjgII8YnI+CueUu+WDj+OBq+ODm+OCpOODvOODq+OBjOWGmeOBo+OBpuOBhOOCi+WgtOWQiOOBp+OCguOAgeOBiuWxiuOBkeOBmeOCi+WVhuWTgeOBr+OCv+OCpOODpOOBruOBv+OBqOOBquOCiuOBvuOBmeOAgjxicj4K6YCB5paZ44Gv5pys5pWw44Gr6Zai5L+C44Gq44GP77yR5pys44KI44KK44CAPGZvbnQgY29sb3I9InJlZCIgc2l6ZT0iMiI+54Sh5paZPC9mb250PuOAgOOBp+OBme+8gTxCUj48QlI+CuKAu+aylue4hOOAgembouWztuOBuOOBruOBiuWxiuOBkeOBr+OAgeWIpemAlOOAgDxmb250IGNvbG9yPSJyZWQiIHNpemU9IjIiPuS4ree2meaWmemHkTwvZm9udD7jgIDjgYznmbrnlJ/jgYTjgZ/jgZfjgb7jgZnjgII8QlI+CumHkemhjeOBr+OBiuWVj+OBhOWQiOOCj+OBm+OBj+OBoOOBleOBhOOAguW9k+W6l+OBp+azqOaWh+WPl+S7mOW+jOOBq+WKoOeul+OBleOBm+OBpuOBhOOBn+OBoOOBjeOBvuOBmeOAgjxicj4K5Zyo5bqr44GM44GC44KL5ZWG5ZOB44Gv5Y2z5pel772eM+WWtualreaXpeS7peWGheOBq+eZuumAgeOBhOOBn+OBl+OBvuOBmeOAgjxCUj48QlI+CuWcqOW6q+eKtuazgeOBq+OCiOOCiuOBiuWPluOCiuWvhOOBm+OBqOOBsOOBquOCiuOBiuaZgumWk+OCkuOBhOOBn+OBoOOBj+WgtOWQiOOChOOAgTxCUj4K5oCl44Gq5qyg5ZOB44Go44Gq44KL5aC05ZCI44GM44GU44GW44GE44G+44GZ44CCPEJSPgrjgYrmgKXjgY7jga7jgYrlrqLmp5jjga/jgZTms6jmlofliY3jgavjgYrmsJfou73jgavjgYrllY/jgYTlkIjjgo/jgZvjgY/jgaDjgZXjgYTjgII=,MuaciDHml6XmlrDnmbrlo7Lil4bpgIHmlpnnhKHmlpnil4ZESVJFWlpBIFoz4peGMjU1LzQwUjE3IDk0V+KXhjHmnKzkvqHmoLzil4bmlrDlk4HlpI/jgr/jgqTjg6Til4bjg4Djg7Pjg63jg4Pjg5fil4bjg4fjgqPjg6zjg4Pjg4TjgqFaSUlJ77ya44K/44Kk44Ok44K344On44OD44OXWkVST+alveWkqeW4guWgtOW6lw==,MuaciDHml6XmlrDnmbrlo7Lil4bpgIHmlpnnhKHmlpnil4ZESVJFWlpBIFoz4peGMjU1LzQwUjE3IDk0V+KXhjHmnKzkvqHmoLzil4bmlrDlk4HlpI/jgr/jgqTjg6Til4bjg4Djg7Pjg63jg4Pjg5fil4bjg4fjgqPjg6zjg4Pjg4TjgqFaSUlJ,5Zu95YaF5q2j6KaP5ZOB77yB5bqX6aCt57WE5pu/T0vvvIHjgIIy5pyIMeaXpeaWsOeZuuWjsuKXhumAgeaWmeeEoeaWmeKXhkRJUkVaWkEgWjPil4YyNTUvNDBSMTcgOTRX4peGMeacrOS+oeagvOKXhuaWsOWTgeWkj+OCv+OCpOODpOKXhuODgOODs+ODreODg+ODl+KXhuODh+OCo+ODrOODg+ODhOOCoVpJSUk=[rn]
11-193239,aHR0cDovL3RzaG9wLnIxMHMuanAvdGlyZS16ZXJvL2NhYmluZXQvMDMwNDA5NjMvMDMxMzgyNzYvaW1nNjIzMzkyOTcuanBnP2ZpdGluPTcwMDo3MDA=,MTAzMzMuNjAwMA==,,6LuK55So5ZOB44O744OQ44Kk44Kv55So5ZOBID4g44Kr44O855So5ZOBID4g44K144Oe44O844K/44Kk44Ok,6YCB5paZ54Sh5paZ4peGVkVVUk8gVkUzMDPil4YyMTUvNjBSMTfil4Yx5pys5L6h5qC84peG5paw5ZOB5aSP44K/44Kk44Ok4peG44OA44Oz44Ot44OD44OX4peG44OT44Ol44O844Ot,5bqX6aCt57WE5pu/T0vvvIE=,6KGo56S65L6h5qC844Gv44CAPGZvbnQgY29sb3I9InJlZCIgc2l6ZT0iMiI+5paw5ZOB44K/44Kk44OkMeacrDwvZm9udD7jgIDjga7kvqHmoLzjgajjgarjgorjgb7jgZnjgII8QlI+PEJSPgrigLvmjrLovInnlLvlg4/jga/jgqTjg6Hjg7zjgrjjgafjgZnjgII8YnI+CueUu+WDj+OBq+ODm+OCpOODvOODq+OBjOWGmeOBo+OBpuOBhOOCi+WgtOWQiOOBp+OCguOAgeOBiuWxiuOBkeOBmeOCi+WVhuWTgeOBr+OCv+OCpOODpOOBruOBv+OBqOOBquOCiuOBvuOBmeOAgjxicj4K6YCB5paZ44Gv5pys5pWw44Gr6Zai5L+C44Gq44GP77yR5pys44KI44KK44CAPGZvbnQgY29sb3I9InJlZCIgc2l6ZT0iMiI+54Sh5paZPC9mb250PuOAgOOBp+OBme+8gTxCUj48QlI+CuKAu+aylue4hOOAgembouWztuOBuOOBruOBiuWxiuOBkeOBr+OAgeWIpemAlOOAgDxmb250IGNvbG9yPSJyZWQiIHNpemU9IjIiPuS4ree2meaWmemHkTwvZm9udD7jgIDjgYznmbrnlJ/jgYTjgZ/jgZfjgb7jgZnjgII8QlI+CumHkemhjeOBr+OBiuWVj+OBhOWQiOOCj+OBm+OBj+OBoOOBleOBhOOAguW9k+W6l+OBp+azqOaWh+WPl+S7mOW+jOOBq+WKoOeul+OBleOBm+OBpuOBhOOBn+OBoOOBjeOBvuOBmeOAgjxicj4K5Zyo5bqr44GM44GC44KL5ZWG5ZOB44Gv5Y2z5pel772eM+WWtualreaXpeS7peWGheOBq+eZuumAgeOBhOOBn+OBl+OBvuOBmeOAgjxCUj48QlI+CuWcqOW6q+eKtuazgeOBq+OCiOOCiuOBiuWPluOCiuWvhOOBm+OBqOOBsOOBquOCiuOBiuaZgumWk+OCkuOBhOOBn+OBoOOBj+WgtOWQiOOChOOAgTxCUj4K5oCl44Gq5qyg5ZOB44Go44Gq44KL5aC05ZCI44GM44GU44GW44GE44G+44GZ44CCPEJSPgrjgYrmgKXjgY7jga7jgYrlrqLmp5jjga/jgZTms6jmlofliY3jgavjgYrmsJfou73jgavjgYrllY/jgYTlkIjjgo/jgZvjgY/jgaDjgZXjgYTjgII=,6YCB5paZ54Sh5paZ4peGVkVVUk8gVkUzMDPil4YyMTUvNjBSMTfil4Yx5pys5L6h5qC84peG5paw5ZOB5aSP44K/44Kk44Ok4peG44OA44Oz44Ot44OD44OX4peG44OT44Ol44O844Ot77ya44K/44Kk44Ok44K344On44OD44OXWkVST+alveWkqeW4guWgtOW6lw==,6YCB5paZ54Sh5paZ4peGVkVVUk8gVkUzMDPil4YyMTUvNjBSMTfil4Yx5pys5L6h5qC84peG5paw5ZOB5aSP44K/44Kk44Ok4peG44OA44Oz44Ot44OD44OX4peG44OT44Ol44O844Ot,5bqX6aCt57WE5pu/T0vvvIHjgILpgIHmlpnnhKHmlpnil4ZWRVVSTyBWRTMwM+KXhjIxNS82MFIxN+KXhjHmnKzkvqHmoLzil4bmlrDlk4HlpI/jgr/jgqTjg6Til4bjg4Djg7Pjg63jg4Pjg5fil4bjg5Pjg6Xjg7zjg60=[rn]
11-193240,aHR0cDovL3RzaG9wLnIxMHMuanAvbWVpc2hpbi10aXJlL2NhYmluZXQvMDUxNzE1MjQvaW1ncmMwMDY4NzA0MjM3LmpwZz9maXRpbj03MDA6NzAw,MTMyODAuMDAwMA==,,6LuK55So5ZOB44O744OQ44Kk44Kv55So5ZOBID4g44Kr44O855So5ZOBID4g44K144Oe44O844K/44Kk44Ok,4piF5pyf6ZaT6ZmQ5a6a44OW44Oq44OC44K544OI44OzIOODl+ODrOOCpOOCuuODlOODvOOCqOODg+OCr+OCuSAg44Ki44O844Or44OW44KkMjE1LzYwUjE3IDk2SCAgQlJJREdFU1RPTkUgUGxheXogUFgtUlYyMTUvNjAtMTc=,,PGJyPjxjZW50ZXI+PHRhYmxlIGJvcmRlcj0iMiIgYm9yZGVyY29sb3I9IiMwMDAwNjYiPjx0cj48dGQ+Cjxicj48YnI+CjxiPjxmb250IHNpemU9IjMiIGNvbG9yPSIjRkYwMDAwIj7jgZTms6jmlofnorrlrprlvozlvZPlupfjgojjgorjgYrpgIHjgorjgYTjgZ/jgZfjgb7jgZnms6jmlofnorroqo3jg6Hjg7zjg6vjgavjgaY8YnI+Cue0jeacn+OCkuOBiuS8neOBiOOBl+OBpuOBiuOCiuOBvuOBmeOAguODoeODvOODq+OBruOBlOeiuuiqjeOCkuOBiumhmOOBhOiHtOOBl+OBvuOBmeOAgjwvZm9udD48YnI+PGJyPgo8Zm9udCBzaXplPSIyIj7il4bosqnlo7LkvqHmoLzjga/mtojosrvnqI7ovrzjgb8x5pys44Gu5L6h5qC844Go44Gq44KK44G+44GZ44CC77yI44Ob44Kk44O844Or44Gv5ZWG5ZOB44Gr5ZCr44G+44KM44G+44Gb44KT44CC77yJPGJyPjxicj4K4peHMuacrOS7peS4iuOBruOBlOazqOaWh+OBp+mAgeaWmeeEoeaWmeOBqOOBquOCiuOBvuOBmeOAgjHmnKzjga7loLTlkIjjga/pgIHmlpnjgYwxMDAw5YaG44GL44GL44KK44G+44GZ44CCPGJyPgrvvIjmspbnuITjg7vpm6Lls7bjg7sx6YOo5Zyw5Z+f44Gv5Yil6YCU6YCB5paZ44GM44GL44GL44KK44G+44GZ44CC77yJPGJyPjxicj4K4peG44GU5rOo5paH56K65a6a5b6M44CB5ZWG5ZOB44KS44GU5rqW5YKZ6Ie044GX44G+44GZ44CC6KO96YCg5bm05pyI44Gu44GK5ZWP44GE5ZCI44KP44Gb44Gv44GU6YGg5oWu6aGY44GE44G+44GZ44CCPGJyPjxicj4K4peH5ZWG5ZOB44Gu5qyg5ZOB562J44Gr44KI44KK57SN5pyf44Gu6YGF44KM44CB44GU5rqW5YKZ44GM5Ye65p2l44GL44Gt44KL5aC05ZCI44GM44GU44GW44GE44G+44GZ44CC5LqI44KB44GU5LqG5om/6aGY44GE44G+44GZ44CCPGJyPjxicj4K4peG44GU5rOo5paH6aCC44GN44G+44GX44Gf5ZWG5ZOB44Gv5YWl6I235b6M44CB44GU5rqW5YKZ44GM5pW044GE5qyh56ys6ZqP5pmC55m66YCB44GE44Gf44GX44G+44GZ44CCPGJyPgog44G+44Gf44CB55m66YCB5pmC5pyf44Gu44GU5oyH5a6a44Gv5Ye65p2l44GL44Gt44G+44GZ44Gu44Gn44GU55CG6Kej44Gu5LiK44GU5rOo5paH44GK6aGY44GE44GE44Gf44GX44G+44GZ44CCPGJyPjxicj4K4piF44GU5biM5pyb44Gu5ZWG5ZOB44O744K144Kk44K644GM54Sh44GE5aC05ZCI44Gv44GK5rCX6Lu944Gr44GK5ZWP44GE5ZCI44KP44Gb5LiL44GV44GE44G+44Gb44CCPC9mb250PjwvYj48YnI+PGJyPgo8L3RkPjwvdHI+PC90YWJsZT48YnI+PGJyPjxicj48L2NlbnRlcj4KPGNlbnRlcj48Yj48Zm9udCBzaXplPSI1IiBjb2xvcj0iIzAwMDA5OSI+CumBi+i7ouS4reOBrueWsuOCjOOBq+OBj+OBleOCkuaxguOCgeOCi+aWueOBuDxicj48YnI+6Lu95b+r44Gq44OP44Oz44OJ44Or5b+c562U5oCn44KS5oyB44Gh44CB5YGP5pGp6ICX5Yi25b6h44KS5a6f54++44CCPGJyPjxicj4K44OR44Ov44O844K144Kk44OJ5qeL6YCg5o6h55So44Gn44G144KJ44Gk44GN44KS6Ziy5q2iITwvYj48L2ZvbnQ+PGJyPjxicj48YnI+CjxpbWcgc3JjPSJodHRwOi8vaW1hZ2UucmFrdXRlbi5jby5qcC9tZWlzaGluLXRpcmUvY2FiaW5ldC8wNTE3MTUyNC9pbWdyYzAwNzAyOTY4ODguanBnIj48YnI+CjxpbWcgc3JjPSJodHRwOi8vaW1hZ2UucmFrdXRlbi5jby5qcC9tZWlzaGluLXRpcmUvY2FiaW5ldC8wNTE3MTUyNC9pbWdyYzAwNzAyOTY4ODkuanBnIj4KPC9jZW50ZXI+,4piF5pyf6ZaT6ZmQ5a6a44OW44Oq44OC44K544OI44OzIOODl+ODrOOCpOOCuuODlOODvOOCqOODg+OCr+OCuSAg44Ki44O844Or44OW44KkMjE1LzYwUjE3IDk2SCAgQlJJREdFU1RPTkUgUGxheXogUFgtUlYyMTUvNjAtMTfvvJrlkI3npZ7jgr/jgqTjg6Tmpb3lpKnluILloLTlupc=,44OW44Oq44K444K544OI44Oz44OI44O844Oo44O8QkVPUk9aRVNU44Kw44OD44OJ44Kk44Ok44O8R09PRFlFQVLjg5XjgqHjg6vjgrHjg7NGQUxLRU4yMTUgNDUgMTdZT0tPSEFNQeWQjeelnuOCv+OCpOODpOi7veODlOODrOODquODvOODgOODs+ODreODg+ODl+ODn+OCt+ODpeODqeODs+ODqOOCs+ODj+ODnkJSSURHRVNUT05F6YCa6LKp6ZmQ5a6a5paw5L2c4piF5pyf6ZaT6ZmQ5a6a44OW44Oq44OC44K544OI44OzIOODl+ODrOOCpOOCuuODlOODvOOCqOODg+OCr+OCuSAg44Ki44O844Or44OW44KkMjE1LzYwUjE3IDk2SCAgQlJJREdFU1RPTkUgUGxheXogUFgtUlYyMTUvNjAtMTc=,4piF5pyf6ZaT6ZmQ5a6a44OW44Oq44OC44K544OI44OzIOODl+ODrOOCpOOCuuODlOODvOOCqOODg+OCr+OCuSAg44Ki44O844Or44OW44KkMjE1LzYwUjE3IDk2SCAgQlJJREdFU1RPTkUgUGxheXogUFgtUlYyMTUvNjAtMTc=[rn]
11-193241,aHR0cDovL3RzaG9wLnIxMHMuanAvbWVpc2hpbi10aXJlL2NhYmluZXQvMDUxNzE1MjQvaW1ncmMwMDcwMDgxMTA5LmpwZz9maXRpbj03MDA6NzAw,MTE4NDAuMDAwMA==,,6LuK55So5ZOB44O744OQ44Kk44Kv55So5ZOBID4g44Kr44O855So5ZOBID4g44K144Oe44O844K/44Kk44Ok,4piF5pyf6ZaT6ZmQ5a6a44OW44Oq44OC44K544OI44OzIOOCqOOCs+ODlOOCoiDjgqjjg4zjgqjjgqTjg4ExMDDjgqLjg7zjg6vjg5bjgqQyMDUvNjVSMTYgOTVIIEJSSURHRVNUT05FIEVDT1BJQSBOSDEwMCBSVjIwNS82NS0xNg==,,PGNlbnRlcj48dGFibGUgYm9yZGVyPSIyIiBib3JkZXJjb2xvcj0iIzAwMDA2NiI+PHRyPjx0ZD4KPGJyPjxicj4KPGI+PGZvbnQgc2l6ZT0iMyIgY29sb3I9IiNGRjAwMDAiPuOBlOazqOaWh+eiuuWumuW+jOW9k+W6l+OCiOOCiuOBiumAgeOCiuOBhOOBn+OBl+OBvuOBmeazqOaWh+eiuuiqjeODoeODvOODq+OBq+OBpjxicj4K57SN5pyf44KS44GK5Lyd44GI44GX44Gm44GK44KK44G+44GZ44CC44Oh44O844Or44Gu44GU56K66KqN44KS44GK6aGY44GE6Ie044GX44G+44GZ44CCPC9mb250Pjxicj48YnI+Cjxmb250IHNpemU9IjIiPuKXhuiyqeWjsuS+oeagvOOBr+a2iOiyu+eojui+vOOBvzHmnKzjga7kvqHmoLzjgajjgarjgorjgb7jgZnjgILvvIjjg5vjgqTjg7zjg6vjga/llYblk4HjgavlkKvjgb7jgozjgb7jgZvjgpPjgILvvIk8YnI+PGJyPgril4cy5pys5Lul5LiK44Gu44GU5rOo5paH44Gn6YCB5paZ54Sh5paZ44Go44Gq44KK44G+44GZ44CCMeacrOOBruWgtOWQiOOBr+mAgeaWmeOBjDEwMDDlhobjgYvjgYvjgorjgb7jgZnjgII8YnI+Cu+8iOaylue4hOODu+mbouWztuODuzHpg6jlnLDln5/jga/liKXpgJTpgIHmlpnjgYzjgYvjgYvjgorjgb7jgZnjgILvvIk8YnI+PGJyPgril4bjgZTms6jmlofnorrlrprlvozjgIHllYblk4HjgpLjgZTmupblgpnoh7TjgZfjgb7jgZnjgILoo73pgKDlubTmnIjjga7jgYrllY/jgYTlkIjjgo/jgZvjga/jgZTpgaDmha7poZjjgYTjgb7jgZnjgII8YnI+PGJyPgril4fllYblk4Hjga7mrKDlk4HnrYnjgavjgojjgorntI3mnJ/jga7pgYXjgozjgIHjgZTmupblgpnjgYzlh7rmnaXjgYvjga3jgovloLTlkIjjgYzjgZTjgZbjgYTjgb7jgZnjgILkuojjgoHjgZTkuobmib/poZjjgYTjgb7jgZnjgII8YnI+PGJyPgril4bjgZTms6jmlofpoILjgY3jgb7jgZfjgZ/llYblk4Hjga/lhaXojbflvozjgIHjgZTmupblgpnjgYzmlbTjgYTmrKHnrKzpmo/mmYLnmbrpgIHjgYTjgZ/jgZfjgb7jgZnjgII8YnI+CiDjgb7jgZ/jgIHnmbrpgIHmmYLmnJ/jga7jgZTmjIflrprjga/lh7rmnaXjgYvjga3jgb7jgZnjga7jgafjgZTnkIbop6Pjga7kuIrjgZTms6jmlofjgYrpoZjjgYTjgYTjgZ/jgZfjgb7jgZnjgII8YnI+PGJyPgrimIXjgZTluIzmnJvjga7llYblk4Hjg7vjgrXjgqTjgrrjgYznhKHjgYTloLTlkIjjga/jgYrmsJfou73jgavjgYrllY/jgYTlkIjjgo/jgZvkuIvjgZXjgYTjgb7jgZvjgII8L2ZvbnQ+PC9iPjxicj48YnI+PC9jZW50ZXI+CjwvdGQ+PC90cj48L3RhYmxlPjxicj48YnI+PGJyPgo8Y2VudGVyPjxiPjxmb250IHNpemU9IjUiIGNvbG9yPSIjMDAwMDk5Ij7plbfjgY/kvb/jgaPjgabjgoLpm6jjga7ml6Xjga7lronlv4PmhJ/jgYzplbfmjIHjgaHjgII8YnI+PGJyPgrjgZnjgormuJvjgorjgavjgY/jgYTjgYvjgonkuqTmj5vjgrXjgqTjgq/jg6vjgYzplbfjgY/jgarjgovjgII8YnI+PGJyPgrjg4/jgqTjg6zjg5njg6vjgarkvY7nh4PosrvmgKfog73jgafjgYrosqHluIPjgavjgoTjgZXjgZfjgYTjgII8L2ZvbnQ+PC9iPjxicj48YnI+PGJyPgo8aW1nIHNyYz0iaHR0cDovL2ltYWdlLnJha3V0ZW4uY28uanAvbWVpc2hpbi10aXJlL2NhYmluZXQvMDUxNzE1MjQvaW1ncmMwMDcwMDgxMTA2LmpwZyI+PGJyPjxicj4KPGltZyBzcmM9Imh0dHA6Ly9pbWFnZS5yYWt1dGVuLmNvLmpwL21laXNoaW4tdGlyZS9jYWJpbmV0LzA1MTcxNTI0L2ltZ3JjMDA3MDA4MTEwNS5qcGciPgo8L2NlbnRlcj4=,4piF5pyf6ZaT6ZmQ5a6a44OW44Oq44OC44K544OI44OzIOOCqOOCs+ODlOOCoiDjgqjjg4zjgqjjgqTjg4ExMDDjgqLjg7zjg6vjg5bjgqQyMDUvNjVSMTYgOTVIIEJSSURHRVNUT05FIEVDT1BJQSBOSDEwMCBSVjIwNS82NS0xNu+8muWQjeelnuOCv+OCpOODpOalveWkqeW4guWgtOW6lw==,44OW44Oq44K444K544OI44Oz44OI44O844Oo44O8QkVPUk9aRVNU44Kw44OD44OJ44Kk44Ok44O8R09PRFlFQVLjg5XjgqHjg6vjgrHjg7NGQUxLRU4yMTUgNDUgMTdZT0tPSEFNQeWQjeelnuOCv+OCpOODpOi7veODlOODrOODquODvOODgOODs+ODreODg+ODl+ODn+OCt+ODpeODqeODs+ODqOOCs+ODj+ODnkJSSURHRVNUT05F6YCa6LKp6ZmQ5a6a5paw5L2c4piF5pyf6ZaT6ZmQ5a6a44OW44Oq44OC44K544OI44OzIOOCqOOCs+ODlOOCoiDjgqjjg4zjgqjjgqTjg4ExMDDjgqLjg7zjg6vjg5bjgqQyMDUvNjVSMTYgOTVIIEJSSURHRVNUT05FIEVDT1BJQSBOSDEwMCBSVjIwNS82NS0xNg==,4piF5pyf6ZaT6ZmQ5a6a44OW44Oq44OC44K544OI44OzIOOCqOOCs+ODlOOCoiDjgqjjg4zjgqjjgqTjg4ExMDDjgqLjg7zjg6vjg5bjgqQyMDUvNjVSMTYgOTVIIEJSSURHRVNUT05FIEVDT1BJQSBOSDEwMCBSVjIwNS82NS0xNg==[rn]
11-193242,aHR0cDovL3RzaG9wLnIxMHMuanAvb3B0aW9uYWxob3dhL2NhYmluZXQvaW1hZ2VzL3N1bW1lcnRpcmUveW9rb2hhbWEveW9rby1lczMxLmpwZz9maXRpbj03MDA6NzAw,NzI4MC4wMDAw,,6LuK55So5ZOB44O744OQ44Kk44Kv55So5ZOBID4g44Kr44O855So5ZOBID4g44K144Oe44O844K/44Kk44Ok,44Oo44Kz44OP44OeIOOCv+OCpOODpCBETkEg44Ko44Kz44K5IEVTMzEgMjE1LzY1UjE2IDIxNS82NS0xNiAyMTUtNjUtMTbjgqTjg7Pjg4EgMuacrOS7peS4iuOBp+mAgeaWmeeEoeaWmQ==,,PGZvbnQgY29sb3I9IzAwMDBGRj7llYblk4HnlLvlg4/jga/jgrXjg7Pjg5fjg6vjga7ngrrjg5vjgqTjg6vku5jjgY3jga7jgoLlvqHluqfjgYTjgb7jgZnjgYzjgIE8YnI+44GK5bGK44GR5ZWG5ZOB44Gv44K/44Kk44Ok44Gu44G/44Gr44Gq44KK44G+44GZ44CCPGJyPjwvZm9udD48Zm9udCBjb2xvcj0jRkYwMDAwPjxicj48Zm9udCBjb2xvcj0jRkYwMDAwPuKYhuOCteOCpOOCuuOCkuW/heOBmuOBlOeiuuiqjeS4i+OBleOBhOKYhjwvZm9udD48L2ZvbnQ+PGJyPuKXj+ODoeODvOOCq+ODvO+8mkROQSBFQ09TIOOCqOOCs+OCuSBFUzMxPGJyPuKXj+WVhuWTgeWQje+8mjE244Kk44Oz44OBPGJyPuKXj+OCteOCpOOCuu+8mjxicj7il4/lgpnogIMx77yaMuacrOS7peS4iuOBp+mAgeaWmeeEoeaWmTxicj48YnI+PGZvbnQgY29sb3I9IiNGRjAwMDAiPjHmnKzjga7loLTlkIjjg7vjg7vjg7vpgIHmlpkxMDUw5YaGPGJyPjLmnKzku6XkuIrjgafjg7vjg7vjg7vpgIHmlpnnhKHmlpk8YnI+6Zui5bO277yaMe+9njLmnKzjgIAxNTc15YaG44O7M++9njTmnKzjgIAzMTUw5YaGPGJyPuaylue4hO+8mjHvvZ4y5pys44CAMjEwMOWGhuODuzPvvZ405pys44CANDIwMOWGhjxicj48YnI+5Luj5byV5omL5pWw5paZ54Sh5paZPC9mb250Pg==,44Oo44Kz44OP44OeIOOCv+OCpOODpCBETkEg44Ko44Kz44K5IEVTMzEgMjE1LzY1UjE2IDIxNS82NS0xNiAyMTUtNjUtMTbjgqTjg7Pjg4EgMuacrOS7peS4iuOBp+mAgeaWmeeEoeaWme+8muOCquODl+OCt+ODp+ODiuODq+ixiuWSjA==,44K144K544Oa44Oz44K344On44Oz44K344On44OD44Kv44Ki44OW44K944O844OQ44O844Oe44OV44Op44O844OW44Os44O844Kt44OR44OD44OJ44OW44Os44O844Kt44Ot44O844K/44O844Oe44OV44Op44O844Ko44Ki44Kv44Oq44O844OK44O844OW44Ot44O844Kq44OV44OQ44Or44OW6LuK6auY6Kq/5pW044Kt44OD44OI44Oh44O844K/44O844Kv44Op44OD44OBTFNE44K344O844OI44Kr44OQ44O844K544K/44OT44Op44Kk44K244O844K544OI44Op44OD44OI44K/44Ov44O844OQ44O844K544Ot44OD44OI44Or44Kz44Oz44OI44Ot44O844Op44O844K/44Kk44Ok44Kk44Oz44K/44O844Kv44O844Op44O844Ov44Kk44OJ44OI44Os44OD44OJ44K544Oa44O844K144O844OA44Km44Oz44K144K544Oo44Kz44OP44OeIOOCv+OCpOODpCBETkEg44Ko44Kz44K5IEVTMzEgMjE1LzY1UjE2IDIxNS82NS0xNiAyMTUtNjUtMTbjgqTjg7Pjg4EgMuacrOS7peS4iuOBp+mAgeaWmeeEoeaWmQ==,44Oo44Kz44OP44OeIOOCv+OCpOODpCBETkEg44Ko44Kz44K5IEVTMzEgMjE1LzY1UjE2IDIxNS82NS0xNiAyMTUtNjUtMTbjgqTjg7Pjg4EgMuacrOS7peS4iuOBp+mAgeaWmeeEoeaWmQ==[rn]
11-193243,aHR0cDovL3RzaG9wLnIxMHMuanAvdGlyZXN0YWdlL2NhYmluZXQvbWljaGVsaW4vbGF0aXR1ZGUvaW1nNjAwMjY2ODUuanBnP2ZpdGluPTcwMDo3MDA=,MjMxODkuNjAwMA==,,6LuK55So5ZOB44O744OQ44Kk44Kv55So5ZOBID4g44Kr44O855So5ZOBID4g44K144Oe44O844K/44Kk44Ok,44Of44K344Ol44Op44OzIOODqeODhuOCo+ODgeODpeODvOODiSBMQVRJVFVERSBTcG9ydCAyNzUvNTBSMjAgMTA5VyBNTyBNSUNIRUxJTg==,44CQ6YCB5paZ54Sh5paZ44CM5rKW57iE77yM6Zui5bO244Gv6Zmk44GP44CN44CR,PGltZyBzcmM9Imh0dHA6Ly9pbWFnZS5yYWt1dGVuLmNvLmpwL3RpcmVzdGFnZS9jYWJpbmV0L2VqLXRvcC9pbWdyYzAwOTI0NTQ1NDMuanBnIiBib3JkZXI9IjAiPjxicj4KCgo8aW1nIHNyYz0iaHR0cDovL2ltYWdlLnJha3V0ZW4uY28uanAvdGlyZXN0YWdlL2NhYmluZXQvZWotdG9wL2ltZ3JjMDA5MjI1NzQwNi5qcGcid2lkdGg9IjYxOCIgaGVpZ2h0PSI4MCI+PGJyPgoK5Zyo5bqr44Gv5bqX6IiX44Go6YCj5YuV44GX44Gm44GK44KK44G+44GZ44CCPGJyPuOBlOazqOaWh+OBhOOBn+OBoOOBhOOBn+mam+OBq+WcqOW6q+WIh+OCjOOBruWgtOWQiOOBr+OBiuaZgumWk+OCkuOBhOOBn+OBoOOBj+OBk+OBqOOBjOOBlOOBluOBhOOBvuOBmeOAgjxicj7lnKjluqvnorroqo3jgarjganjgYrmsJfou73jgavjgYrllY/lkIjjgZvkuIvjgZXjgYTjgII=,44Of44K344Ol44Op44OzIOODqeODhuOCo+ODgeODpeODvOODiSBMQVRJVFVERSBTcG9ydCAyNzUvNTBSMjAgMTA5VyBNTyBNSUNIRUxJTu+8muOCv+OCpOODpOOCueODhuODvOOCuOOAgOa5mOWNl+OAgOalveWkqeW4guWgtOW6lw==,44Of44K344Ol44Op44OzIOODqeODhuOCo+ODgeODpeODvOODiSBMQVRJVFVERSBTcG9ydCAyNzUvNTBSMjAgMTA5VyBNTyBNSUNIRUxJTg==,44CQ6YCB5paZ54Sh5paZ44CM5rKW57iE77yM6Zui5bO244Gv6Zmk44GP44CN44CR44CC44Of44K344Ol44Op44OzIOODqeODhuOCo+ODgeODpeODvOODiSBMQVRJVFVERSBTcG9ydCAyNzUvNTBSMjAgMTA5VyBNTyBNSUNIRUxJTg==[rn]
11-193244,aHR0cDovL3RzaG9wLnIxMHMuanAvZ29sZC9mdWppY28tb3V0bGV0L2l0ZW0vdHlyZV9pbWcvRExfRElSRVpaQV9aM18yMDE3TkVXLmpwZz9maXRpbj03MDA6NzAw,MjI3ODQuMDAwMA==,,6LuK55So5ZOB44O744OQ44Kk44Kv55So5ZOBID4g44Kr44O855So5ZOBID4g44K144Oe44O844K/44Kk44Ok,44CQ6YCB5paZ54Sh5paZIOS7o+W8leOBjeWvvuW/nOWPr+OAkURVTkxPUCDjg4Djg7Pjg63jg4Pjg5cg44OH44Kj44Os44OD44OE44KhIFpJSUkgMjQ1LzQwUjE4IDkzVyDjgr/jgqTjg6TljZjlk4Ex5pys5L6h5qC8,44CQ6YCB5paZ54Sh5paZ44CR44K/44Kk44Ok5Y2Y5ZOBMeacrOS+oeagvA==,,44CQ6YCB5paZ54Sh5paZIOS7o+W8leOBjeWvvuW/nOWPr+OAkURVTkxPUCDjg4Djg7Pjg63jg4Pjg5cg44OH44Kj44Os44OD44OE44KhIFpJSUkgMjQ1LzQwUjE4IDkzVyDjgr/jgqTjg6TljZjlk4Ex5pys5L6h5qC877ya44Ki44Km44OI44Os44OD44OI5LiA55Wq77yO,44CQ6YCB5paZ54Sh5paZIOS7o+W8leOBjeWvvuW/nOWPr+OAkURVTkxPUCDjg4Djg7Pjg63jg4Pjg5cg44OH44Kj44Os44OD44OE44KhIFpJSUkgMjQ1LzQwUjE4IDkzVyDjgr/jgqTjg6TljZjlk4Ex5pys5L6h5qC8,44CQ6YCB5paZ54Sh5paZ44CR44K/44Kk44Ok5Y2Y5ZOBMeacrOS+oeagvOOAguOAkOmAgeaWmeeEoeaWmSDku6PlvJXjgY3lr77lv5zlj6/jgJFEVU5MT1Ag44OA44Oz44Ot44OD44OXIOODh+OCo+ODrOODg+ODhOOCoSBaSUlJIDI0NS80MFIxOCA5M1cg44K/44Kk44Ok5Y2Y5ZOBMeacrOS+oeagvA==[rn]
11-193245,aHR0cDovL3RzaG9wLnIxMHMuanAvdGlyZTFiYW4vY2FiaW5ldC90aXJlL3RpcmUwMS90X3BpY2lwNy5qcGc/Zml0aW49NzAwOjcwMA==,MTA2NjcuMjAwMA==,,6LuK55So5ZOB44O744OQ44Kk44Kv55So5ZOBID4g44Kr44O855So5ZOBID4g44K144Oe44O844K/44Kk44Ok,44K144Oe44O844K/44Kk44OkIDIyNS80NVIxNyA5MVcg44OU44Os44OqIOODgeODs+ODiOOCpeODqeODvOODiCBQNyBQSVJFTExJIENpbnR1cmF0byBQNyDjgJDlm73lhoXmraPopo/lk4HjgJE=,44CQMuacrOS7peS4iuOBp+mAgeaWmeeEoeaWmeOAkSDmlrDlk4Ex5pys,PGJyPjxicj7mlrDlk4HjgrXjg57jg7zjgr/jgqTjg6Qx5pys44Gu5L6h5qC844Gn44GZ44CCPGJyPuKAu+ODm+OCpOODvOODq+OBr+S7mOWxnuOBl+OBvuOBm+OCk+OAgjxicj48YnI+4pag6YCB5paZPGJyPuOCv+OCpOODpDLmnKzku6XkuIrjgYrosrfjgYTkuIrjgZLjgafpgIHmlpnnhKHmlpnvvIE8YnI+44Gf44Gg44GX44CB5qyh44Gu5aC05ZCI44Gv5Yil6YCU6YCB5paZ44KS44GE44Gf44Gg44GN44G+44GZ44CC5rOo5paH5Y+X5LuY5b6M44Gr5Yqg566X44GX44G+44GZ44CCPGJyPuODuzHmnKzjga7jgZTms6jmlofjga/pgIHmlpkxLDAwMOWGhijnqI7liKUp44Gn44GZ44CCPGJyPuODu+aylue4hOODu+mbouWztuOBuOOBruOBiuWxiuOBkeOBr+S4ree2meaWmeOBjOeZuueUn+OBl+OBvuOBmeOAguOBiuWVj+WQiOOBm+OBj+OBoOOBleOBhOOAgjxicj48YnI+4pag57SN5pyfPGJyPuWVhuWTgeWHuuiNt+OBruebruWuieOBr+OBlOazqOaWh+OCiOOCijLvvZ4z5Za25qWt5pel44Gn44GZ44CCPGJyPuOBn+OBoOOBl+OAgeazqOaWh+WPr+iDveOBquWgtOWQiOOBp+OCguOAgeWPluWvhOOBm+OBrueKtuazgeOChOaApeOBquWTgeWIh+OCjOOBq+OCiOOCiuWFpeiNt+OBvuOBp+OBiuaZgumWk+OCkuOBhOOBn+OBoOOBhOOBn+OCiuOAgeS7o+abv+OBiOWVhuWTgeOBruaPkOahiOOBvuOBn+OBr+azqOaWh+OBruOCreODo+ODs+OCu+ODq+OCkuOBiumhmOOBhOOBmeOCi+OBk+OBqOOBjOOBguOCiuOBvuOBmeOAgjxicj7jgYrmgKXjgY7jga7jgYrlrqLmp5jjga/ms6jmlofliY3jgavlnKjluqvjg7vntI3mnJ/jga7norroqo3jgpLjgYrpoZjjgYTjgZfjgb7jgZnjgII8YnI+6Kmz57Sw44Gq57SN5pyf44Gv5rOo5paH5Y+X5LuY5b6M44Gr44Oh44O844Or44Gn44GU5qGI5YaF44GX44G+44GZ44CCPGJyPjxicj48YnI+PGltZyBzcmM9J2h0dHA6Ly9pbWFnZS5yYWt1dGVuLmNvLmpwL3RpcmUxYmFuL2NhYmluZXQvMDA4ODUyNTEvbGlua190dDM4MDIyLmpwZycgd2lkdGg9JzEwMCUnIGhlaWdodD0nYXV0bycgYm9yZGVyPScwJz48YnI+PGJyPjxicj4yMjUvNDUtMTcgMjI1NDUxNyAxN+OCpOODs+ODgSDjg5Tjg6zjg6rjg7wg44OU44Os44Oq44K/44Kk44OkIOODlOODrOODquOCuOODo+ODkeODsyBGMeOCv+OCpOODpCDjg4Hjg7Pjg4Hjg6Xjg6njg7zjg4ggY2ludFA3ICDlpI/jgr/jgqTjg6Qg5pil44K/44Kk44OkIHN1bTExMjJwaWNpcDcgMjI1OTcwMDxicj48YnI+PGltZyBzcmM9J2h0dHA6Ly9pbWFnZS5yYWt1dGVuLmNvLmpwL3RpcmUxYmFuL2NhYmluZXQvMDA4ODUyNTEvbGlua192YWx2MzgwLmpwZycgd2lkdGg9JzEwMCUnIGJvcmRlcj0nMCc+PGJyPjxpbWcgc3JjPSdodHRwOi8vaW1hZ2UucmFrdXRlbi5jby5qcC90aXJlMWJhbi9jYWJpbmV0LzAwODg1MjUxL2xpbmtfdG9yaXRrMzgwLmpwZycgd2lkdGg9JzEwMCUnIGJvcmRlcj0nMCc+,44K144Oe44O844K/44Kk44OkIDIyNS80NVIxNyA5MVcg44OU44Os44OqIOODgeODs+ODiOOCpeODqeODvOODiCBQNyBQSVJFTExJIENpbnR1cmF0byBQNyDjgJDlm73lhoXmraPopo/lk4HjgJHvvJrjgr/jgqTjg6TvvJHnlao=,44OA44Oz44Ot44OD44OX44Oo44Kz44OP44OeV09SS+OCv+OCpOODpOOCueOCv+ODg+ODieODrOOCuU1LV+ODlOODrOODquODh+ODquOCq+OCqOOCr+OCueODiOODrOOCpOODq+ODluODquODguOCueODiOODs+OCteODnuODvOOCv+OCpOODpOOCouODieODkOODs+OCv+OCpOODpOmAmuiyqea/gOWuieODiuODs+OCq+ODs+OCquODvOODiOOCpuOCp+OCpOODn+ODg+OCreODvOODiOODs+ODl+OCveODs+ODn+OCt+ODpeODqeODs+OCq+ODvOeUqOWTgeOCv+OCpOODpOODm+OCpOODvOODq+OCteODnuODvOOCv+OCpOODpCAyMjUvNDVSMTcgOTFXIOODlOODrOODqiDjg4Hjg7Pjg4jjgqXjg6njg7zjg4ggUDcgUElSRUxMSSBDaW50dXJhdG8gUDcg44CQ5Zu95YaF5q2j6KaP5ZOB44CR,44CQMuacrOS7peS4iuOBp+mAgeaWmeeEoeaWmeOAkSDmlrDlk4Ex5pysIOOAguOCteODnuODvOOCv+OCpOODpCAyMjUvNDVSMTcgOTFXIOODlOODrOODqiDjg4Hjg7Pjg4jjgqXjg6njg7zjg4ggUDcgUElSRUxMSSBDaW50dXJhdG8gUDcg44CQ5Zu95YaF5q2j6KaP5ZOB44CR[rn]
11-193246,aHR0cDovL3RzaG9wLnIxMHMuanAvc2hpbm5paG9uLXQvY2FiaW5ldC8wMzc3NDc5OS9pbWdyYzAwNjc5MTgxMTEuanBnP2ZpdGluPTcwMDo3MDA=,NjE0NC4wMDAw,,6LuK55So5ZOB44O744OQ44Kk44Kv55So5ZOBID4g44Kr44O855So5ZOBID4g44K144Oe44O844K/44Kk44Ok,44OW44Oq44OC44K544OI44Oz44O744O744O75r+A5a6J44ON44Kv44K544OI44Oq44O877yR77yZ77yVL++8lu+8kO+8su+8ke+8luOAgOWjsueti+OCteOCpOOCuuS5l+eUqOi7iueUqOOCv+OCpOODpA==,,,44OW44Oq44OC44K544OI44Oz44O744O744O75r+A5a6J44ON44Kv44K544OI44Oq44O877yR77yZ77yVL++8lu+8kO+8su+8ke+8luOAgOWjsueti+OCteOCpOOCuuS5l+eUqOi7iueUqOOCv+OCpOODpO+8muOCouOCpuODiOODrOODg+ODiOODi+ODpeODvOOCuOODo+ODkeODsw==,44OW44Oq44OC44K544OI44Oz44O744O744O75r+A5a6J44ON44Kv44K544OI44Oq44O877yR77yZ77yVL++8lu+8kO+8su+8ke+8luOAgOWjsueti+OCteOCpOOCuuS5l+eUqOi7iueUqOOCv+OCpOODpA==,44OW44Oq44OC44K544OI44Oz44O744O744O75r+A5a6J44ON44Kv44K544OI44Oq44O877yR77yZ77yVL++8lu+8kO+8su+8ke+8luOAgOWjsueti+OCteOCpOOCuuS5l+eUqOi7iueUqOOCv+OCpOODpA==[rn]
11-193247,aHR0cDovL3RzaG9wLnIxMHMuanAvbXpoLXJ0L2NhYmluZXQvc3VtL2hrL2sxMjAuanBnP2ZpdGluPTcwMDo3MDA=,NjA0MC4wMDAw,,6LuK55So5ZOB44O744OQ44Kk44Kv55So5ZOBID4g44Kr44O855So5ZOBID4g44K144Oe44O844K/44Kk44Ok,44K144Oe44O844K/44Kk44OkIEhBTktPT0sgVkVOVFVTIFYxMiBldm8yIGsxMjAgMjE1LzUwUjE3IDk1VyBYTCDkuZfnlKjou4rnlKg=,44K/44Kk44OkMeacrOOBi+OCieOBp+OCgumAgeaWmeeEoeaWme+8gSDigLvljJfmtbfpgZPjg7vmspbnuITjg7vpm6Lls7bjga/pmaTjgY3jgb7jgZnjgII=,PGltZyBzcmM9Imh0dHA6Ly9pbWFnZS5yYWt1dGVuLmNvLmpwL216aC1ydC9jYWJpbmV0L3N1bS9oay9rMTIwXzEuanBnIiB3aWR0aD0iMTAwJSI+PGJyPjxicj4K4pag5paw5ZOB44K/44Kk44OkMeacrOOBruS+oeagvOOBp+OBmeOAgjxicj4K4oC744Ob44Kk44O844Or44Gv5ZCr44G/44G+44Gb44KT44CCPGJyPjxicj4K4pag6YCB5paZ54Sh5paZPGJyPgrkvYbjgZfjgIHljJfmtbfpgZPjga8x5pys44GC44Gf44KKNTAw5YaG44CB5rKW57iE5pys5bO244GvMeacrOOBguOBn+OCijIsMDAw5YaG44Gu5Yil6YCU6YCB5paZ44GM44GU5b+F6KaB44Go44Gq44KK44G+44GZ44CCPGJyPgrpm6Lls7bjga/lrp/osrvjgafjga7jgYrlsYrjgZHjgajjgarjgorjgb7jgZnjga7jgafjgIHjgYrmiYvmlbDjgafjga/jgZTjgZbjgYTjgb7jgZnjgYzkuovliY3jgavjgYrllY/jgYTlkIjjgo/jgZvkuIvjgZXjgYTjgII8YnI+PGJyPgrilqDlh7rojbfnm67lrok8YnI+CuW9k+W6l+WcqOW6q+OBiuOCiOOBs+ODoeODvOOCq+ODvOWcqOW6q+OCiOOCiuWPluOCiuWvhOOBm+OBruWgtOWQiOOAgeOBlOazqOaWh+OCiOOCijLvvZ425Za25qWt5pel44Gn44GZ44CCPGJyPgrkvYbjgZfjgIHmgKXjgarlnKjluqvliIfjgozjgYrjgojjgbPjg6Hjg7zjgqvjg7zmrKDlk4Hjga7jgZ/jgoHjgavntI3lk4Hjgb7jgafjgavjgYrmmYLplpPjgpLjgYTjgZ/jgaDjgY/loLTlkIjjgYzjgZTjgZbjgYTjgb7jgZnjgII8YnI+CuOBiuaApeOBjuOBruaWueOBr+OBlOazqOaWh+WJjeOBq+WcqOW6q+ODu+e0jeacn+OCkuOBlOeiuuiqjeOBj+OBoOOBleOBhOOAgjxicj4K5qyg5ZOB5Lit44Gu5aC05ZCI44Gv44Kt44Oj44Oz44K744Or44GV44Gb44Gm44GE44Gf44Gg44GP5aC05ZCI44GM44GC44KK44G+44GZ44CCPGJyPjxicj4=,44K144Oe44O844K/44Kk44OkIEhBTktPT0sgVkVOVFVTIFYxMiBldm8yIGsxMjAgMjE1LzUwUjE3IDk1VyBYTCDkuZfnlKjou4rnlKjvvJrjgr/jgqTjg6Tjgrnjgr/jgqTjg6s=,44K/44Kk44Ok44Ob44Kk44O844Or44Ki44Or44Of44K/44Kk44Ok44O86YCB5paZ54Sh5paZ44Od44Kk44Oz44OI5r+A5a6J5pel5pys6KO9MjAxNOW5tOijvTIwMTPlubToo73kvY7nh4PosrvjgqjjgrPmlrDoo73lk4Hjgrnjgr/jg4Pjg4njg6zjgrnjg5/jg4vjg5Djg7Pjg5bjg6rjg4Ljgrnjg4jjg7Pjg5bjg6rjgrjjgrnjg4jjg7Pjg4Djg7Pjg63jg4Pjg5fjgrDjg4Pjg4njgqTjg6Tjg7zjg5Tjg6zjg6rjgrXjg57jg7zjgr/jgqTjg6QgSEFOS09PSyBWRU5UVVMgVjEyIGV2bzIgazEyMCAyMTUvNTBSMTcgOTVXIFhMIOS5l+eUqOi7iueUqA==,44K/44Kk44OkMeacrOOBi+OCieOBp+OCgumAgeaWmeeEoeaWme+8gSDigLvljJfmtbfpgZPjg7vmspbnuITjg7vpm6Lls7bjga/pmaTjgY3jgb7jgZnjgILjgILjgrXjg57jg7zjgr/jgqTjg6QgSEFOS09PSyBWRU5UVVMgVjEyIGV2bzIgazEyMCAyMTUvNTBSMTcgOTVXIFhMIOS5l+eUqOi7iueUqA==[rn]
11-193248,aHR0cDovL3RzaG9wLnIxMHMuanAvY2FycGFydHMtbWFydWtlaS9jYWJpbmV0L3RpcmUvZHVfZW5hc2F2ZV92NTA0LmpwZz9maXRpbj03MDA6NzAw,MTAxNTAuNDAwMA==,,6LuK55So5ZOB44O744OQ44Kk44Kv55So5ZOBID4g44Kr44O855So5ZOBID4g44K144Oe44O844K/44Kk44Ok,44OA44Oz44Ot44OD44OXIOOCqOODiuOCu+ODvOODliBSVjUwNOOAgDIyNS81MFIxNyA5OFYgWEzjgJDnibnkvqHosqnlo7LjgJE=,MuacrOS7peS4iuizvOWFpeOBp+mAgeaWmeeEoeaWmSEh,,44OA44Oz44Ot44OD44OXIOOCqOODiuOCu+ODvOODliBSVjUwNOOAgDIyNS81MFIxNyA5OFYgWEzjgJDnibnkvqHosqnlo7LjgJHvvJrjgqvjg7zjg5Hjg7zjg4Tjg57jg6vjgrHjgqTmpb3lpKnluILloLTlupc=,44OA44Oz44Ot44OD44OXIOOCqOODiuOCu+ODvOODliBSVjUwNOOAgDIyNS81MFIxNyA5OFYgWEzjgJDnibnkvqHosqnlo7LjgJE=,MuacrOS7peS4iuizvOWFpeOBp+mAgeaWmeeEoeaWmSEh44CC44OA44Oz44Ot44OD44OXIOOCqOODiuOCu+ODvOODliBSVjUwNOOAgDIyNS81MFIxNyA5OFYgWEzjgJDnibnkvqHosqnlo7LjgJE=[rn]
11-193249,aHR0cDovL3RzaG9wLnIxMHMuanAvY2FycGFydHMtbWFydWtlaS9jYWJpbmV0L3RpcmUvdG80X25hbm9lbmVyZ3kzcGx1cy5qcGc/Zml0aW49NzAwOjcwMA==,MzE2MjAuMDAwMA==,,6LuK55So5ZOB44O744OQ44Kk44Kv55So5ZOBID4g44Kr44O855So5ZOBID4g44K144Oe44O844K/44Kk44Ok,44OI44O844Oo44O8IOODiuODjuOCqOODiuOCuOODvDMg44OX44Op44K544CAMjE1LzQ1UjE3IDg3VyA05pys44K744OD44OI,NOacrOOCu+ODg+ODiCEhIOmAgeaWmeeEoeaWmSEh,,44OI44O844Oo44O8IOODiuODjuOCqOODiuOCuOODvDMg44OX44Op44K544CAMjE1LzQ1UjE3IDg3VyA05pys44K744OD44OI77ya44Kr44O844OR44O844OE44Oe44Or44Kx44Kk5qW95aSp5biC5aC05bqX,44OI44O844Oo44O8IOODiuODjuOCqOODiuOCuOODvDMg44OX44Op44K544CAMjE1LzQ1UjE3IDg3VyA05pys44K744OD44OI,NOacrOOCu+ODg+ODiCEhIOmAgeaWmeeEoeaWmSEh44CC44OI44O844Oo44O8IOODiuODjuOCqOODiuOCuOODvDMg44OX44Op44K544CAMjE1LzQ1UjE3IDg3VyA05pys44K744OD44OI[rn]
11-193250,aHR0cDovL3RzaG9wLnIxMHMuanAvdXMtdGlyZXMvY2FiaW5ldC90b3lvL3RyYW5wYXRoL3R0eS10YWF0LTEuanBnP2ZpdGluPTcwMDo3MDA=,NjU3Ni4wMDAw,,6LuK55So5ZOB44O744OQ44Kk44Kv55So5ZOBID4g44Kr44O855So5ZOBID4g44K144Oe44O844K/44Kk44Ok,VE9ZTyBUSVJFUyBUUkFOUEFUSCBBL1QgWzIxNS84MFIxNSAxMDFTXSAvIOODiOODvOODqOODvOOCv+OCpOODpCDjg4jjg6njg7Pjg5Hjgrkg44Ko44O844OG44Kj44O8IFsyMTUtODAtMTUgMTAxU10=,5pyA5a6J5L6h5qC844Gr5oyR5oim,PHRhYmxlIHdpZHRoPSIxMDAlIiBhbGlnbj0iY2VudGVyIiBjZWxscGFkZGluZz0iMCIgY2VsbHNwYWNpbmc9IjAiPgogPHRyPgogICAgIDx0ZD48aW1nIHNyYz0iaHR0cDovL2ltYWdlLnJha3V0ZW4uY28uanAvdXMtdGlyZXMvY2FiaW5ldC90b3lvL3RyYW5wYXRoL3R0eS10YWF0XzAxLmpwZyIgd2lkdGg9IjEwMCUiIGFsdD0i44OX44Ot44Kv44K744K5QS9UIj48L3RkPgogPC90cj4KPC90YWJsZT4KCuODoeODvOOCq+ODvDxicj4KIOODiOODvOODqOODvOOCv+OCpOODpCAvIFRPWU8gVElSRVM8YnI+Cjxicj4K44OW44Op44Oz44OJPGJyPgog44OI44Op44Oz44OR44K5IOOCqOODvOODhuOCo+ODvCAvIFRSQU5QQVRIIEEvVDxicj4KPGJyPgrjgrXjgqTjgro8YnI+CiAyMTUvODBSMTUgMTAxUzxicj4KPGJyPgrnirYg5oWLPGJyPgrmlrDlk4EgLyDmnIDmlrDjg6Hjg7zjgqvjg7zlj5bjgorlr4TjgZvlk4HjgpLjgYrlsYrjgZE8YnI+Cjxicj4K4oC744Oh44O844Kr44O85Y+W5a+E44Gb5ZWG5ZOB44Gu54K644CB57SN5pyf44GrMuaXpe+9njbml6XnqIvluqbmjpvjgYvjgorjgb7jgZnjgILjgb7jgZ/jgIHjgZTms6jmlofjga7jgr/jgqTjg5/jg7PjgrDjgavjgojjgorllYblk4HjgpLjgZTnlKjmhI/lh7rmnaXjgarjgYTvvIjmrKDlk4HvvInloLTlkIjjgYzjgZTjgZbjgYTjgb7jgZnjgILkuojjgoHlnKjluqvnorroqo3jgpLjgYrpoZjjgYTjgZfjgb7jgZnjgII8YnI+,VE9ZTyBUSVJFUyBUUkFOUEFUSCBBL1QgWzIxNS84MFIxNSAxMDFTXSAvIOODiOODvOODqOODvOOCv+OCpOODpCDjg4jjg6njg7Pjg5Hjgrkg44Ko44O844OG44Kj44O8IFsyMTUtODAtMTUgMTAxU13vvJpVUyBUSVJFUw==,VE9ZTyBUSVJFUyBUUkFOUEFUSCBBL1QgWzIxNS84MFIxNSAxMDFTXSAvIOODiOODvOODqOODvOOCv+OCpOODpCDjg4jjg6njg7Pjg5Hjgrkg44Ko44O844OG44Kj44O8IFsyMTUtODAtMTUgMTAxU10=,5pyA5a6J5L6h5qC844Gr5oyR5oim44CCVE9ZTyBUSVJFUyBUUkFOUEFUSCBBL1QgWzIxNS84MFIxNSAxMDFTXSAvIOODiOODvOODqOODvOOCv+OCpOODpCDjg4jjg6njg7Pjg5Hjgrkg44Ko44O844OG44Kj44O8IFsyMTUtODAtMTUgMTAxU10=[rn]
11-193251,aHR0cDovL3RzaG9wLnIxMHMuanAvdGlyZS1tYXJ1a2kvY2FiaW5ldC90aXJlL25leHRyeS8wOTE4X25leHRyeV90bi5qcGc/Zml0aW49NzAwOjcwMA==,NTc2MC4wMDAw,,6LuK55So5ZOB44O744OQ44Kk44Kv55So5ZOBID4g44Kr44O855So5ZOBID4g44K144Oe44O844K/44Kk44Ok,44CQNOacrOizvOWFpeOBp+OCtOODoOODkOODq+ODluS7mOOAkSAxOTUvNjBSMTUg44OW44Oq44OC44K544OI44OzIOODjeOCr+OCueODiOODquODvCAg5paw5ZOBIOOCteODnuODvOOCv+OCpOODpCAx5pysIEJSSURHRVNUT05FIE5FWFRSWSAgMTk1LzYwUjE1IDE5NS82MC0xNSAxOTUtNjAtMTUgIDLmnKzku6XkuIrjgafpgIHmlpnnhKHmlpnigLvmspbnuITliKXpgJTjgYropovnqY3jgoog44CQUkNQ44CR44CQMuOAkQ==,44CQMuacrOS7peS4iuOBp+mAgeaWmeeEoeaWmeKAu+aylue4hOWIpemAlOOBiuimi+epjeOCiuOAkSDlpI/jgr/jgqTjg6Q=,PHRhYmxlIHdpZHRoPSIxMDAlIiBib3JkZXI9IjAiIGNlbGxzcGFjaW5nPSIwIiBjZWxscGFkZGluZz0iMCI+Cjx0cj4KPHRkPjxpbWcgc3JjPSJodHRwOi8vaW1hZ2UucmFrdXRlbi5jby5qcC90aXJlLW1hcnVraS9jYWJpbmV0L3RpcmUvbmV4dHJ5L25leHRyeV8wMS5qcGciIHdpZHRoPSIxMDAlIj48YnI+PC90ZD48L3RyPgo8dHI+Cjx0ZCBoZWlnaHQ9IjMwIj48L3RkPjwvdHI+Cjx0cj4KICA8dGQ+PGltZyBzcmM9Imh0dHA6Ly9pbWFnZS5yYWt1dGVuLmNvLmpwL3RpcmUtbWFydWtpL2NhYmluZXQvcGFnZV9reW90dS9rb25wb3VfMDUuanBnIiB3aWR0aD0iMTAwJSI+PC90ZD4KPC90cj4KPHRyPgo8dGQgaGVpZ2h0PSI0MCI+PC90ZD4KPC90cj4KPHRyPgo8dGQ+PGZvbnQgc2l6ZT0iMiI+5ZWG5ZOB5ZCNIDogQlJJREdFU1RPTkUg44OW44Oq44OC44K544OI44OzIOODjeOCr+OCueODiOODquODvChORVhUUlkpPGJyPgo8YnI+CuihqOekuuS+oeagvCA6IOOCv+OCpOODpDHmnKzjga7kvqHmoLzjgafjgZnjgIIgPGJyPgo8YnI+CuWVhuWTgSA6IOWVhuWTgeOBr+OCv+OCpOODpOWNmOWTgeOBq+OBquOCiuOBvuOBmeOBruOBp+OAgeWVhuWTgeeUu+WDj+OBjOODm+OCpOODvOODq+OBqOOCu+ODg+ODiOOBq+OBquOBo+OBpuOBhOOBpuOCguOAgeOBiuWxiuOBkeOBruWVhuWTgeOBr+OCv+OCpOODpOOBruOBv+OBqOOBquOCiuOBvuOBmeOAgjxicj4KPGJyPgrpgIHmlpkgOiDkuZfnlKjou4rnlKjjgr/jgqTjg6Tjga8y5pys5Lul5LiK44Gu44GK6LK344GE5LiK44GS44Gn6YCB5paZ54Sh5paZ77yI5rKW57iE44O76Zui5bO244O75LiA6YOo5Zyw5Z+f44KS6Zmk44GP77yJPGJyPgpSVui7iueUqOOCv+OCpOODpOOBr+WFqOWbveS4gOW+izHmnKw4NjDlhobvvIjmspbnuITjg7vpm6Lls7bjg7vkuIDpg6jlnLDln5/jgpLpmaTjgY/vvIk8YnI+CuKAuzHmnKzjga7jgb/jga7jgZTms6jmlofjga7loLTlkIjjga/liKXpgJTpgIHmlpnjgYzliqDnrpfjgZXjgozjgb7jgZnjgZPjgajjgpLkuojjgoHjgZTkuobmib/kuIvjgZXjgYTjgII8YnI+Cjxicj4K6KO96YCg5bm06YCxIDog5pyA6L+R44CB6KO96YCg5bm06YCx44KS5rCX44Gr44GV44KM44KL5pa544GM5aSa44GP44Gq44Gj44Gm44GK44KK44CB44Oh44O844Kr44O844KC55Sf55Sj44Ot44OD44OI44KS6Z2e5bi444Gr5oqR44GI44Gm44GK44KK44G+44GZ44CC44Gd44KM44Gr44KI44KK44CB44Oh44O844Kr44O844GL44KJ6YCB44KJ44KM44Gm44GP44KL44K/44Kk44Ok44Gv5qW156uv44Gr5Y+k44GE6KO96YCg5bm044Gu44KC44Gu44Gv44GU44GW44GE44G+44Gb44KT44CCPGJyIC8+CuOBvuOBn+OAgeW9k+W6l+OBjOODoeODvOOCq+ODvOOBq+azqOaWh+OCkuWFpeOCjOOCi+aZguOBq+ijvemAoOW5tOmAsSDjgpLmjIflrprjgZnjgovjgZPjgajjga/jgafjgY3jgb7jgZvjgpPjgILjgZfjgZ/jgYzjgYTjgb7jgZfjgabjgIHlvZPlupfjgafjga/jgr/jgqTjg6Tjga7oo73pgKDlubTpgLHjgavjgaTjgYTjgabjga7jgYrllY/jgYTlkIjjgo/jgZvjgoTjgZTmjIflrprjga/jgYrlj5fjgZHjgZfjgabjgYrjgorjgb7jgZvjgpPjgII8YnIgLz4K44G+44Gf44CB5b2T5bqX5Zyo5bqr44Gu44K/44Kk44Ok44Gr44Gk44GN44G+44GX44Gm44KC44CB5bqX6aCt44Gn44Gu6LKp5aOy44KC5ZCM5pmC44Gr6KGM44Gj44Gm44GK44KK44CB5Zyo5bqr44Gv5bi45pmC5Zue6Lui44GX44Gm44GK44KK44G+44GZ44CC5Yem5YiG44K744O844Or562J44Gu44Kk44OZ44Oz44OI5Lul5aSW44Gn6ZW35pyf5Zyo5bqr44KS6LKp5aOy44GZ44KL44KI44GG44Gq44GT44Go44Gv44GU44GW44GE44G+44Gb44KT44Gu44Gn44GU5a6J5b+D44GP44Gg44GV44GE44CC44Gp44GG44GX44Gm44KC5paw44GX44GE6KO96YCg5bm06YCx44Gu44K/44Kk44Ok44GM44GU5biM5pyb44Gu44GK5a6i5qeY44Gv44CB77yu77yl77y344Oi44OH44Or44KS44GU6LO85YWl44GV44KM44KL44GT44Go44KS44GK5Yun44KB6Ie044GX44G+44GZ44CCPGJyPgo8YnI+Cu+8nOOCteOCpOOCuumWk+mBleOBhOOBq+OBlOazqOaEj+S4i+OBleOBhO+8njxicj4K44K144Kk44K66ZaT6YGV44GE44Gr44KI44KL44GU5rOo5paH44GM6Z2e5bi444Gr5aSa44GP55m655Sf44GX44Gm44GK44KK44G+44GZ44CCPGJyIC8+CuWbveeUo+i7iuOBruWgtOWQiOOAgemBi+i7ouW4reOBruODieOCouOCkumWi+OBkeOCi+OBqOe0lOato+OCteOCpOOCuuOBjOOCueODhuODg+OCq+ODvOOBq+ihqOiomOOBleOCjOOBpuOBiuOCiuOBvuOBmeOAgjxiciAvPgrljYHliIbjgZTnorroqo3jga7kuIrjgZTms6jmlofjgY/jgaDjgZXjgYTjgII8L2ZvbnQ+PC90ZD4KPC90cj4KPC90YWJsZT4=,44CQNOacrOizvOWFpeOBp+OCtOODoOODkOODq+ODluS7mOOAkSAxOTUvNjBSMTUg44OW44Oq44OC44K544OI44OzIOODjeOCr+OCueODiOODquODvCAg5paw5ZOBIOOCteODnuODvOOCv+OCpOODpCAx5pysIEJSSURHRVNUT05FIE5FWFRSWSAgMTk1LzYwUjE1IDE5NS82MC0xNSAxOTUtNjAtMTUgIDLmnKzku6XkuIrjgafpgIHmlpnnhKHmlpnigLvmspbnuITliKXpgJTjgYropovnqY3jgoog44CQUkNQ44CR44CQMuOAke+8muOCv+OCpOODpOWxi+ODnuODq+OCreWVhuW6l+OAgOalveWkqeW4guWgtOW6lw==,44K/44Kk44Ok44Ob44Kk44O844Or5L2O54eD6LK744K/44Kk44Ok5aSP44K/44Kk44Ok44K544K/44OD44OJ44Os44K544K/44Kk44Ok44Ki44Or44Of44Ob44Kk44O844Or44OW44Oq44OC44K544OI44Oz44Oo44Kz44OP44Oe44OA44Oz44Ot44OD44OX44OI44O844Oo44O844OP44Oz44Kz44OD44Kv5Zu955Sj44K/44Kk44Ok6Ly45YWl44K/44Kk44Ok44K544K/44OD44OJ44Os44K56YCB5paZ54Sh5paZ44Ko44Kz44K/44Kk44Ok5Yas44K/44Kk44Ok44CQNOacrOizvOWFpeOBp+OCtOODoOODkOODq+ODluS7mOOAkSAxOTUvNjBSMTUg44OW44Oq44OC44K544OI44OzIOODjeOCr+OCueODiOODquODvCAg5paw5ZOBIOOCteODnuODvOOCv+OCpOODpCAx5pysIEJSSURHRVNUT05FIE5FWFRSWSAgMTk1LzYwUjE1IDE5NS82MC0xNSAxOTUtNjAtMTUgIDLmnKzku6XkuIrjgafpgIHmlpnnhKHmlpnigLvmspbnuITliKXpgJTjgYropovnqY3jgoog44CQUkNQ44CR44CQMuOAkQ==,44CQMuacrOS7peS4iuOBp+mAgeaWmeeEoeaWmeKAu+aylue4hOWIpemAlOOBiuimi+epjeOCiuOAkSDlpI/jgr/jgqTjg6Qg44CC44CQNOacrOizvOWFpeOBp+OCtOODoOODkOODq+ODluS7mOOAkSAxOTUvNjBSMTUg44OW44Oq44OC44K544OI44OzIOODjeOCr+OCueODiOODquODvCAg5paw5ZOBIOOCteODnuODvOOCv+OCpOODpCAx5pysIEJSSURHRVNUT05FIE5FWFRSWSAgMTk1LzYwUjE1IDE5NS82MC0xNSAxOTUtNjAtMTUgIDLmnKzku6XkuIrjgafpgIHmlpnnhKHmlpnigLvmspbnuITliKXpgJTjgYropovnqY3jgoog44CQUkNQ44CR44CQMuOAkQ==[rn]
11-193252,aHR0cDovL3RzaG9wLnIxMHMuanAvbWVpc2hpbi10aXJlL2NhYmluZXQvMDUxNzE1MjQvaW1ncmMwMDY4OTM5NzAyLmpwZz9maXRpbj03MDA6NzAw,ODQ4MC4wMDAw,,6LuK55So5ZOB44O744OQ44Kk44Kv55So5ZOBID4g44Kr44O855So5ZOBID4g44K144Oe44O844K/44Kk44Ok,44OW44Oq44OC44K544OI44OzIOODrOOCsOODjuOCuOODvOOCouODvOODq+ODu+ODrOOCuOOCp+ODvOODqSAxNjUvNTVSMTQgNzJWIEJSSURHRVNUT05FIFJFR05PIEdSLUxlZ2dlcmEgMTY1LzU1LTE0,,PGltZyB3aWR0aD0iMTAwJSIgc3JjPSJodHRwOi8vaW1hZ2UucmFrdXRlbi5jby5qcC9tZWlzaGluLXRpcmUvY2FiaW5ldC8zcmtzMTEuanBnIi8+PGJyPjxicj4KCjxpbWcgd2lkdGg9IjEwMCUiIHNyYz0iaHR0cDovL2ltYWdlLnJha3V0ZW4uY28uanAvbWVpc2hpbi10aXJlL2NhYmluZXQvanJrczExLmpwZyIvPg==,44OW44Oq44OC44K544OI44OzIOODrOOCsOODjuOCuOODvOOCouODvOODq+ODu+ODrOOCuOOCp+ODvOODqSAxNjUvNTVSMTQgNzJWIEJSSURHRVNUT05FIFJFR05PIEdSLUxlZ2dlcmEgMTY1LzU1LTE077ya5ZCN56We44K/44Kk44Ok5qW95aSp5biC5aC05bqX,44OW44Oq44K444K544OI44Oz44OI44O844Oo44O8QkVPUk9aRVNU44Kw44OD44OJ44Kk44Ok44O8R09PRFlFQVLjg5XjgqHjg6vjgrHjg7NGQUxLRU4yMTUgNDUgMTdZT0tPSEFNQeWQjeelnuOCv+OCpOODpOi7veODlOODrOODquODvOODgOODs+ODreODg+ODl+ODn+OCt+ODpeODqeODs+ODqOOCs+ODj+ODnkJSSURHRVNUT05F6YCa6LKp6ZmQ5a6a5paw5L2c44OW44Oq44OC44K544OI44OzIOODrOOCsOODjuOCuOODvOOCouODvOODq+ODu+ODrOOCuOOCp+ODvOODqSAxNjUvNTVSMTQgNzJWIEJSSURHRVNUT05FIFJFR05PIEdSLUxlZ2dlcmEgMTY1LzU1LTE0,44OW44Oq44OC44K544OI44OzIOODrOOCsOODjuOCuOODvOOCouODvOODq+ODu+ODrOOCuOOCp+ODvOODqSAxNjUvNTVSMTQgNzJWIEJSSURHRVNUT05FIFJFR05PIEdSLUxlZ2dlcmEgMTY1LzU1LTE0[rn]
11-193253,aHR0cDovL3RzaG9wLnIxMHMuanAvdGlyZS1tYXJ1a2kvY2FiaW5ldC90aXJlL25leHRyeS8wOTE4X25leHRyeV90bi5qcGc/Zml0aW49NzAwOjcwMA==,Njg3Mi4wMDAw,,6LuK55So5ZOB44O744OQ44Kk44Kv55So5ZOBID4g44Kr44O855So5ZOBID4g44K144Oe44O844K/44Kk44Ok,44CQNOacrOizvOWFpeOBp+OCtOODoOODkOODq+ODluS7mOOAkSAyMTUvNjBSMTYg44OW44Oq44OC44K544OI44OzIOODjeOCr+OCueODiOODquODvCAg5paw5ZOBIOOCteODnuODvOOCv+OCpOODpCAx5pysIEJSSURHRVNUT05FIE5FWFRSWSAgMjE1LzYwUjE2IDIxNS82MC0xNiAyMTUtNjAtMTYgIDLmnKzku6XkuIrjgafpgIHmlpnnhKHmlpnigLvmspbnuITliKXpgJTjgYropovnqY3jgoog44CQUkNQ44CR44CQMuOAkQ==,44CQMuacrOS7peS4iuOBp+mAgeaWmeeEoeaWmeKAu+aylue4hOWIpemAlOOBiuimi+epjeOCiuOAkSDlpI/jgr/jgqTjg6Q=,PHRhYmxlIHdpZHRoPSIxMDAlIiBib3JkZXI9IjAiIGNlbGxzcGFjaW5nPSIwIiBjZWxscGFkZGluZz0iMCI+Cjx0cj4KPHRkPjxpbWcgc3JjPSJodHRwOi8vaW1hZ2UucmFrdXRlbi5jby5qcC90aXJlLW1hcnVraS9jYWJpbmV0L3RpcmUvbmV4dHJ5L25leHRyeV8wMS5qcGciIHdpZHRoPSIxMDAlIj48YnI+PC90ZD48L3RyPgo8dHI+Cjx0ZCBoZWlnaHQ9IjMwIj48L3RkPjwvdHI+Cjx0cj4KICA8dGQ+PGltZyBzcmM9Imh0dHA6Ly9pbWFnZS5yYWt1dGVuLmNvLmpwL3RpcmUtbWFydWtpL2NhYmluZXQvcGFnZV9reW90dS9rb25wb3VfMDUuanBnIiB3aWR0aD0iMTAwJSI+PC90ZD4KPC90cj4KPHRyPgo8dGQgaGVpZ2h0PSI0MCI+PC90ZD4KPC90cj4KPHRyPgo8dGQ+PGZvbnQgc2l6ZT0iMiI+5ZWG5ZOB5ZCNIDogQlJJREdFU1RPTkUg44OW44Oq44OC44K544OI44OzIOODjeOCr+OCueODiOODquODvChORVhUUlkpPGJyPgo8YnI+CuihqOekuuS+oeagvCA6IOOCv+OCpOODpDHmnKzjga7kvqHmoLzjgafjgZnjgIIgPGJyPgo8YnI+CuWVhuWTgSA6IOWVhuWTgeOBr+OCv+OCpOODpOWNmOWTgeOBq+OBquOCiuOBvuOBmeOBruOBp+OAgeWVhuWTgeeUu+WDj+OBjOODm+OCpOODvOODq+OBqOOCu+ODg+ODiOOBq+OBquOBo+OBpuOBhOOBpuOCguOAgeOBiuWxiuOBkeOBruWVhuWTgeOBr+OCv+OCpOODpOOBruOBv+OBqOOBquOCiuOBvuOBmeOAgjxicj4KPGJyPgrpgIHmlpkgOiDkuZfnlKjou4rnlKjjgr/jgqTjg6Tjga8y5pys5Lul5LiK44Gu44GK6LK344GE5LiK44GS44Gn6YCB5paZ54Sh5paZ77yI5rKW57iE44O76Zui5bO244O75LiA6YOo5Zyw5Z+f44KS6Zmk44GP77yJPGJyPgpSVui7iueUqOOCv+OCpOODpOOBr+WFqOWbveS4gOW+izHmnKw4NjDlhobvvIjmspbnuITjg7vpm6Lls7bjg7vkuIDpg6jlnLDln5/jgpLpmaTjgY/vvIk8YnI+CuKAuzHmnKzjga7jgb/jga7jgZTms6jmlofjga7loLTlkIjjga/liKXpgJTpgIHmlpnjgYzliqDnrpfjgZXjgozjgb7jgZnjgZPjgajjgpLkuojjgoHjgZTkuobmib/kuIvjgZXjgYTjgII8YnI+Cjxicj4K6KO96YCg5bm06YCxIDog5pyA6L+R44CB6KO96YCg5bm06YCx44KS5rCX44Gr44GV44KM44KL5pa544GM5aSa44GP44Gq44Gj44Gm44GK44KK44CB44Oh44O844Kr44O844KC55Sf55Sj44Ot44OD44OI44KS6Z2e5bi444Gr5oqR44GI44Gm44GK44KK44G+44GZ44CC44Gd44KM44Gr44KI44KK44CB44Oh44O844Kr44O844GL44KJ6YCB44KJ44KM44Gm44GP44KL44K/44Kk44Ok44Gv5qW156uv44Gr5Y+k44GE6KO96YCg5bm044Gu44KC44Gu44Gv44GU44GW44GE44G+44Gb44KT44CCPGJyIC8+CuOBvuOBn+OAgeW9k+W6l+OBjOODoeODvOOCq+ODvOOBq+azqOaWh+OCkuWFpeOCjOOCi+aZguOBq+ijvemAoOW5tOmAsSDjgpLmjIflrprjgZnjgovjgZPjgajjga/jgafjgY3jgb7jgZvjgpPjgILjgZfjgZ/jgYzjgYTjgb7jgZfjgabjgIHlvZPlupfjgafjga/jgr/jgqTjg6Tjga7oo73pgKDlubTpgLHjgavjgaTjgYTjgabjga7jgYrllY/jgYTlkIjjgo/jgZvjgoTjgZTmjIflrprjga/jgYrlj5fjgZHjgZfjgabjgYrjgorjgb7jgZvjgpPjgII8YnIgLz4K44G+44Gf44CB5b2T5bqX5Zyo5bqr44Gu44K/44Kk44Ok44Gr44Gk44GN44G+44GX44Gm44KC44CB5bqX6aCt44Gn44Gu6LKp5aOy44KC5ZCM5pmC44Gr6KGM44Gj44Gm44GK44KK44CB5Zyo5bqr44Gv5bi45pmC5Zue6Lui44GX44Gm44GK44KK44G+44GZ44CC5Yem5YiG44K744O844Or562J44Gu44Kk44OZ44Oz44OI5Lul5aSW44Gn6ZW35pyf5Zyo5bqr44KS6LKp5aOy44GZ44KL44KI44GG44Gq44GT44Go44Gv44GU44GW44GE44G+44Gb44KT44Gu44Gn44GU5a6J5b+D44GP44Gg44GV44GE44CC44Gp44GG44GX44Gm44KC5paw44GX44GE6KO96YCg5bm06YCx44Gu44K/44Kk44Ok44GM44GU5biM5pyb44Gu44GK5a6i5qeY44Gv44CB77yu77yl77y344Oi44OH44Or44KS44GU6LO85YWl44GV44KM44KL44GT44Go44KS44GK5Yun44KB6Ie044GX44G+44GZ44CCPGJyPgo8YnI+Cu+8nOOCteOCpOOCuumWk+mBleOBhOOBq+OBlOazqOaEj+S4i+OBleOBhO+8njxicj4K44K144Kk44K66ZaT6YGV44GE44Gr44KI44KL44GU5rOo5paH44GM6Z2e5bi444Gr5aSa44GP55m655Sf44GX44Gm44GK44KK44G+44GZ44CCPGJyIC8+CuWbveeUo+i7iuOBruWgtOWQiOOAgemBi+i7ouW4reOBruODieOCouOCkumWi+OBkeOCi+OBqOe0lOato+OCteOCpOOCuuOBjOOCueODhuODg+OCq+ODvOOBq+ihqOiomOOBleOCjOOBpuOBiuOCiuOBvuOBmeOAgjxiciAvPgrljYHliIbjgZTnorroqo3jga7kuIrjgZTms6jmlofjgY/jgaDjgZXjgYTjgII8L2ZvbnQ+PC90ZD4KPC90cj4KPC90YWJsZT4=,44CQNOacrOizvOWFpeOBp+OCtOODoOODkOODq+ODluS7mOOAkSAyMTUvNjBSMTYg44OW44Oq44OC44K544OI44OzIOODjeOCr+OCueODiOODquODvCAg5paw5ZOBIOOCteODnuODvOOCv+OCpOODpCAx5pysIEJSSURHRVNUT05FIE5FWFRSWSAgMjE1LzYwUjE2IDIxNS82MC0xNiAyMTUtNjAtMTYgIDLmnKzku6XkuIrjgafpgIHmlpnnhKHmlpnigLvmspbnuITliKXpgJTjgYropovnqY3jgoog44CQUkNQ44CR44CQMuOAke+8muOCv+OCpOODpOWxi+ODnuODq+OCreWVhuW6l+OAgOalveWkqeW4guWgtOW6lw==,44K/44Kk44Ok44Ob44Kk44O844Or5L2O54eD6LK744K/44Kk44Ok5aSP44K/44Kk44Ok44K544K/44OD44OJ44Os44K544K/44Kk44Ok44Ki44Or44Of44Ob44Kk44O844Or44OW44Oq44OC44K544OI44Oz44Oo44Kz44OP44Oe44OA44Oz44Ot44OD44OX44OI44O844Oo44O844OP44Oz44Kz44OD44Kv5Zu955Sj44K/44Kk44Ok6Ly45YWl44K/44Kk44Ok44K544K/44OD44OJ44Os44K56YCB5paZ54Sh5paZ44Ko44Kz44K/44Kk44Ok5Yas44K/44Kk44Ok44CQNOacrOizvOWFpeOBp+OCtOODoOODkOODq+ODluS7mOOAkSAyMTUvNjBSMTYg44OW44Oq44OC44K544OI44OzIOODjeOCr+OCueODiOODquODvCAg5paw5ZOBIOOCteODnuODvOOCv+OCpOODpCAx5pysIEJSSURHRVNUT05FIE5FWFRSWSAgMjE1LzYwUjE2IDIxNS82MC0xNiAyMTUtNjAtMTYgIDLmnKzku6XkuIrjgafpgIHmlpnnhKHmlpnigLvmspbnuITliKXpgJTjgYropovnqY3jgoog44CQUkNQ44CR44CQMuOAkQ==,44CQMuacrOS7peS4iuOBp+mAgeaWmeeEoeaWmeKAu+aylue4hOWIpemAlOOBiuimi+epjeOCiuOAkSDlpI/jgr/jgqTjg6Qg44CC44CQNOacrOizvOWFpeOBp+OCtOODoOODkOODq+ODluS7mOOAkSAyMTUvNjBSMTYg44OW44Oq44OC44K544OI44OzIOODjeOCr+OCueODiOODquODvCAg5paw5ZOBIOOCteODnuODvOOCv+OCpOODpCAx5pysIEJSSURHRVNUT05FIE5FWFRSWSAgMjE1LzYwUjE2IDIxNS82MC0xNiAyMTUtNjAtMTYgIDLmnKzku6XkuIrjgafpgIHmlpnnhKHmlpnigLvmspbnuITliKXpgJTjgYropovnqY3jgoog44CQUkNQ44CR44CQMuOAkQ==[rn]
11-193254,aHR0cDovL3RzaG9wLnIxMHMuanAvdGlyZXNob3A0dS9jYWJpbmV0LzAzNTA1Mzg1LzAzNzI5NzIxL2ltZ3JjMDA2MTM3MzI3Ny5qcGc/Zml0aW49NzAwOjcwMA==,MTA3NTkuMjAwMA==,,6LuK55So5ZOB44O744OQ44Kk44Kv55So5ZOBID4g44Kr44O855So5ZOBID4g44K144Oe44O844K/44Kk44Ok,44CQTHUy44CR5paw5ZOBIOODqeOCuOOCouODq+OCv+OCpOODpCBUT1lPIFRJUkVTIDIyNS81NVIxOOOCpOODs+ODgSDjgJDjgrXjg57jg7zjgr/jgqTjg6TjgJHjgJDjg4jjg7zjg6jjg7zjgr/jgqTjg6TjgJHjgJDjg4jjg6njg7Pjg5HjgrnjgJHjgJBUUkFOUEFUSOOAkeOAkOODqeOCsOOCuOODpeOCouODquODvOODn+ODi+ODkOODs+OCv+OCpOODpOOAkeOAkOmAgeaWmeeEoeaWmeOAkeOAkOOCqOODq+ODpuODvOODhOODvOOAkeOAkOOCsOODg+ODieODh+OCtuOCpOODs+iznuWPl+iznuOAkQ==,5YG25pWw5Y2Y5L2N44Gn44Gu44G/6LKp5aOy,PGltZyBzcmM9Imh0dHA6Ly9pbWFnZS5yYWt1dGVuLmNvLmpwL3RpcmVzaG9wNHUvY2FiaW5ldC8wMjk2MjY5NS9pbWdyYzAwNjEwNDY3NzAuanBnIj48YnI+PGJyPg==,44CQTHUy44CR5paw5ZOBIOODqeOCuOOCouODq+OCv+OCpOODpCBUT1lPIFRJUkVTIDIyNS81NVIxOOOCpOODs+ODgSDjgJDjgrXjg57jg7zjgr/jgqTjg6TjgJHjgJDjg4jjg7zjg6jjg7zjgr/jgqTjg6TjgJHjgJDjg4jjg6njg7Pjg5HjgrnjgJHjgJBUUkFOUEFUSOOAkeOAkOODqeOCsOOCuOODpeOCouODquODvOODn+ODi+ODkOODs+OCv+OCpOODpOOAkeOAkOmAgeaWmeeEoeaWmeOAkeOAkOOCqOODq+ODpuODvOODhOODvOOAkeOAkOOCsOODg+ODieODh+OCtuOCpOODs+iznuWPl+iznuOAke+8mlRJUkUgU0hPUCA0VSDmpb3lpKnluILloLTlupc=,44K/44Kk44Ok6Ly45YWl44K/44Kk44OkQkJTUzY2MDI3NS81NVIyMOWkp+WPo+W+hOODm+OCpOODvOODq+ODiuODs+OCq+ODsyBBUi0x44K144Oe44O844K/44Kk44Ok44OP44Kk44Ko44O844K544OI44Op44Oz44OR44K544CATS9UVkVSVElOSU5BTktBTkcgQVItMTIy44Kk44Oz44OBMTbjgqTjg7Pjg4Eg44K444Og44OL44O8MjI1LzY1UjE344OP44Oq44Ki44O844Op44Oz44OJ44Kv44Or44O844K244O844Ki44Km44OH44Kj44Oe44OD44OJ44K/44Kk44Ok44OW44Oq44OC44K544OI44Oz44CQTHUy44CR5paw5ZOBIOODqeOCuOOCouODq+OCv+OCpOODpCBUT1lPIFRJUkVTIDIyNS81NVIxOOOCpOODs+ODgSDjgJDjgrXjg57jg7zjgr/jgqTjg6TjgJHjgJDjg4jjg7zjg6jjg7zjgr/jgqTjg6TjgJHjgJDjg4jjg6njg7Pjg5HjgrnjgJHjgJBUUkFOUEFUSOOAkeOAkOODqeOCsOOCuOODpeOCouODquODvOODn+ODi+ODkOODs+OCv+OCpOODpOOAkeOAkOmAgeaWmeeEoeaWmeOAkeOAkOOCqOODq+ODpuODvOODhOODvOOAkeOAkOOCsOODg+ODieODh+OCtuOCpOODs+iznuWPl+iznuOAkQ==,5YG25pWw5Y2Y5L2N44Gn44Gu44G/6LKp5aOy44CC44CQTHUy44CR5paw5ZOBIOODqeOCuOOCouODq+OCv+OCpOODpCBUT1lPIFRJUkVTIDIyNS81NVIxOOOCpOODs+ODgSDjgJDjgrXjg57jg7zjgr/jgqTjg6TjgJHjgJDjg4jjg7zjg6jjg7zjgr/jgqTjg6TjgJHjgJDjg4jjg6njg7Pjg5HjgrnjgJHjgJBUUkFOUEFUSOOAkeOAkOODqeOCsOOCuOODpeOCouODquODvOODn+ODi+ODkOODs+OCv+OCpOODpOOAkeOAkOmAgeaWmeeEoeaWmeOAkeOAkOOCqOODq+ODpuODvOODhOODvOOAkeOAkOOCsOODg+ODieODh+OCtuOCpOODs+iznuWPl+iznuOAkQ==[rn]
11-193255,aHR0cDovL3RzaG9wLnIxMHMuanAvbWVpc2hpbi10aXJlL2NhYmluZXQvMDUxNzE1MjQvaW1ncmMwMDY4ODgxMTcxLmpwZz9maXRpbj03MDA6NzAw,MTA4ODAuMDAwMA==,,6LuK55So5ZOB44O744OQ44Kk44Kv55So5ZOBID4g44Kr44O855So5ZOBID4g44K144Oe44O844K/44Kk44Ok,4piF5pyf6ZaT6ZmQ5a6a44OW44Oq44OC44K544OI44OzIOODneODhuODs+OCtiAg44Ki44O844Or44Kk44O844OK44OK44Kk44OB44Ki44O844OrMTk1LzUwUjE1IDgyViAgQlJJREdFU1RPTkUgUE9URU5aQSBSRS03MVIgMTk1LzUwLTE1,,PGJyPjxjZW50ZXI+PHRhYmxlIGJvcmRlcj0iMiIgYm9yZGVyY29sb3I9IiMwMDAwNjYiPjx0cj48dGQ+Cjxicj48YnI+CjxiPjxmb250IHNpemU9IjMiIGNvbG9yPSIjRkYwMDAwIj7jgZTms6jmlofnorrlrprlvozlvZPlupfjgojjgorjgYrpgIHjgorjgYTjgZ/jgZfjgb7jgZnms6jmlofnorroqo3jg6Hjg7zjg6vjgavjgaY8YnI+Cue0jeacn+OCkuOBiuS8neOBiOOBl+OBpuOBiuOCiuOBvuOBmeOAguODoeODvOODq+OBruOBlOeiuuiqjeOCkuOBiumhmOOBhOiHtOOBl+OBvuOBmeOAgjwvZm9udD48YnI+PGJyPgo8Zm9udCBzaXplPSIyIj7il4bosqnlo7LkvqHmoLzjga/mtojosrvnqI7ovrzjgb8x5pys44Gu5L6h5qC844Go44Gq44KK44G+44GZ44CC77yI44Ob44Kk44O844Or44Gv5ZWG5ZOB44Gr5ZCr44G+44KM44G+44Gb44KT44CC77yJPGJyPjxicj4K4peHMuacrOS7peS4iuOBruOBlOazqOaWh+OBp+mAgeaWmeeEoeaWmeOBqOOBquOCiuOBvuOBmeOAgjHmnKzjga7loLTlkIjjga/pgIHmlpnjgYwxMDAw5YaG44GL44GL44KK44G+44GZ44CCPGJyPgrvvIjmspbnuITjg7vpm6Lls7bjg7sx6YOo5Zyw5Z+f44Gv5Yil6YCU6YCB5paZ44GM44GL44GL44KK44G+44GZ44CC77yJPGJyPjxicj4K4peG44GU5rOo5paH56K65a6a5b6M44CB5ZWG5ZOB44KS44GU5rqW5YKZ6Ie044GX44G+44GZ44CC6KO96YCg5bm05pyI44Gu44GK5ZWP44GE5ZCI44KP44Gb44Gv44GU6YGg5oWu6aGY44GE44G+44GZ44CCPGJyPjxicj4K4peH5ZWG5ZOB44Gu5qyg5ZOB562J44Gr44KI44KK57SN5pyf44Gu6YGF44KM44CB44GU5rqW5YKZ44GM5Ye65p2l44GL44Gt44KL5aC05ZCI44GM44GU44GW44GE44G+44GZ44CC5LqI44KB44GU5LqG5om/6aGY44GE44G+44GZ44CCPGJyPjxicj4K4peG44GU5rOo5paH6aCC44GN44G+44GX44Gf5ZWG5ZOB44Gv5YWl6I235b6M44CB44GU5rqW5YKZ44GM5pW044GE5qyh56ys6ZqP5pmC55m66YCB44GE44Gf44GX44G+44GZ44CCPGJyPgog44G+44Gf44CB55m66YCB5pmC5pyf44Gu44GU5oyH5a6a44Gv5Ye65p2l44GL44Gt44G+44GZ44Gu44Gn44GU55CG6Kej44Gu5LiK44GU5rOo5paH44GK6aGY44GE44GE44Gf44GX44G+44GZ44CCPGJyPjxicj4K4piF44GU5biM5pyb44Gu5ZWG5ZOB44O744K144Kk44K644GM54Sh44GE5aC05ZCI44Gv44GK5rCX6Lu944Gr44GK5ZWP44GE5ZCI44KP44Gb5LiL44GV44GE44G+44Gb44CCPC9mb250PjwvYj48YnI+PGJyPgo8L3RkPjwvdHI+PC90YWJsZT48YnI+PGJyPjxicj48L2NlbnRlcj4KPGNlbnRlcj48Yj48Zm9udCBzaXplPSI1IiBjb2xvcj0iIzAwMDA5OSI+CuacgOmAn+OCkui/veWPiuOBl+OBn+ODquOCouODq+OCueODneODvOODhFBPVEVOWkE8YnI+PGJyPuW+ueW6leOBl+OBn+OCt+ODpeODn+ODrOODvOOCv+ODvO+8huioiOa4rOaKgOihk+OBq+OCiOOCijxicj48YnI+CuOAjFJFLTcxUuWwgueUqOODj+OCpOOCsOODquODg+ODl+OCs+ODs+ODkeOCpuODs+ODieOAjeOCkumWi+eZuuOAgjwvYj48L2ZvbnQ+PGJyPjxicj48YnI+CjxpbWcgc3JjPSJodHRwOi8vaW1hZ2UucmFrdXRlbi5jby5qcC9tZWlzaGluLXRpcmUvY2FiaW5ldC8wNTE3MTUyNC9pbWdyYzAwNzAyMDM5OTUuanBnIj48YnI+CjxpbWcgc3JjPSJodHRwOi8vaW1hZ2UucmFrdXRlbi5jby5qcC9tZWlzaGluLXRpcmUvY2FiaW5ldC8wNTE3MTUyNC9pbWdyYzAwNzAyMDM5OTYuanBnIj48YnI+PGJyPgo8L2NlbnRlcj4=,4piF5pyf6ZaT6ZmQ5a6a44OW44Oq44OC44K544OI44OzIOODneODhuODs+OCtiAg44Ki44O844Or44Kk44O844OK44OK44Kk44OB44Ki44O844OrMTk1LzUwUjE1IDgyViAgQlJJREdFU1RPTkUgUE9URU5aQSBSRS03MVIgMTk1LzUwLTE177ya5ZCN56We44K/44Kk44Ok5qW95aSp5biC5aC05bqX,44OW44Oq44K444K544OI44Oz44OI44O844Oo44O8QkVPUk9aRVNU44Kw44OD44OJ44Kk44Ok44O8R09PRFlFQVLjg5XjgqHjg6vjgrHjg7NGQUxLRU4yMTUgNDUgMTdZT0tPSEFNQeWQjeelnuOCv+OCpOODpOi7veODlOODrOODquODvOODgOODs+ODreODg+ODl+ODn+OCt+ODpeODqeODs+ODqOOCs+ODj+ODnkJSSURHRVNUT05F6YCa6LKp6ZmQ5a6a5paw5L2c4piF5pyf6ZaT6ZmQ5a6a44OW44Oq44OC44K544OI44OzIOODneODhuODs+OCtiAg44Ki44O844Or44Kk44O844OK44OK44Kk44OB44Ki44O844OrMTk1LzUwUjE1IDgyViAgQlJJREdFU1RPTkUgUE9URU5aQSBSRS03MVIgMTk1LzUwLTE1,4piF5pyf6ZaT6ZmQ5a6a44OW44Oq44OC44K544OI44OzIOODneODhuODs+OCtiAg44Ki44O844Or44Kk44O844OK44OK44Kk44OB44Ki44O844OrMTk1LzUwUjE1IDgyViAgQlJJREdFU1RPTkUgUE9URU5aQSBSRS03MVIgMTk1LzUwLTE1[rn]
11-193256,aHR0cDovL3RzaG9wLnIxMHMuanAvYXV0b3dheS9jYWJpbmV0L21haW5pbWFnZS90aXJlX21haW4vbmV4ZW4vbngwMDc0NS5qcGc/Zml0aW49NzAwOjcwMA==,MTA4MzIuMDAwMA==,,6LuK55So5ZOB44O744OQ44Kk44Kv55So5ZOBID4g44Kr44O855So5ZOBID4g44K144Oe44O844K/44Kk44Ok,44CQ6YCB5paZ54Sh5paZ44CR44CQ5Y2z5pel55m66YCB44CR4pagTkVYRU4o44ON44Kv44K744OzKU43MDAwIFBsdXMgMjU1LzM1UjIwICgyNTUvMzUtMjAgMjU1LTM1LTIw44Kk44Oz44OBKeOAiuaknOe0oueUqOOAi+OCv+OCpOODpOOBrkFVVE9XQVnvvIjjgqrjg7zjg4jjgqbjgqfjgqTvvInjgrXjg57jg7zjgr/jgqTjg6TjgJBSQ1DjgJEwNVAwMU9jdDE2,4pag5pyA5a6J5YCk5oyR5oim5Lit77yB44CQ5paw5ZOB44K/44Kk44Ok44CR44CQ44K144Oe44O844K/44Kk44Ok44CR,TkVYRU4gTjcwMDAgUGx1cyAyNTUvMzVSMjAgOTdXPEJSPjxCUj7ilqDpn5Plm73jgpLku6PooajjgZnjgovlpKfmiYvjgr/jgqTjg6Tjg6Hjg7zjgqvjg7xORVhFTijjg43jgq/jgrvjg7Mp44CCCumdqeaWsOeahOOBquaKgOihk+OBqOWTgeizquOBrumrmOOBleOBjOipleS+oeOBleOCjOS4lueVjOOBruiHquWLlei7iuODoeODvOOCq+ODvOOBjOe0lOato+ijheedgOOCv+OCpOODpOOBq+aOoeeUqOOBl+OBpuOBhOOBvuOBmeOAggrmrKflt57jgrXjg4Pjgqvjg7zjga7jg4jjg4Pjg5fjg4Hjg7zjg6DjgafjgYLjgovjg57jg7Pjg4Hjgqfjgrnjgr/jg7zjgrfjg4bjgqPjga7jgqrjg5XjgqPjgrfjg6Pjg6vjg5Hjg7zjg4jjg4rjg7zjgajjgZfjgabjgoLmnInlkI3jgafjgZnjgIIK4pagTjcwMDAgUGx1cyjjgqjjg4zjg4rjg4rjgrvjg7Mg44OX44Op44K5KeOBr+OAgemdmeeym+aAp+OAgeW/q+mBqeaAp+OBq+WEquOCjOOBn+OCs+ODs+ODleOCqeODvOODiOODl+ODrOODn+OCouODoOOCv+OCpOODpOOAjk43MDAw44CP44Gu44Kz44Oz44OR44Km44Oz44OJ44KS5pS56Imv44GX44CBTkVYRU7lj7LkuIrmnIDkuIrntJrjga7pnZnnspvmgKfjgpLlrp/nj77jgILjg6njgrDjgrjjg6XjgqLjg6rjg7zjgqvjg7zjgavnm7jlv5zjgZfjgYTjgr/jgqTjg6TjgavpgLLljJbjgZfjgb7jgZfjgZ/jgII8QlI+PEJSPuWkluW+hO+8mjY4Nm1t44CA5bmF77yaMjYwbW3jgIDmjqjlpajjg6rjg6DluYXvvJo5SiBYTOimj+agvO+8muKXizxCUj48QlI+,44CQ6YCB5paZ54Sh5paZ44CR44CQ5Y2z5pel55m66YCB44CR4pagTkVYRU4o44ON44Kv44K744OzKU43MDAwIFBsdXMgMjU1LzM1UjIwICgyNTUvMzUtMjAgMjU1LTM1LTIw44Kk44Oz44OBKeOAiuaknOe0oueUqOOAi+OCv+OCpOODpOOBrkFVVE9XQVnvvIjjgqrjg7zjg4jjgqbjgqfjgqTvvInjgrXjg57jg7zjgr/jgqTjg6TjgJBSQ1DjgJEwNVAwMU9jdDE277yaQVVUT1dBWe+8iOOCquODvOODiOOCpuOCp+OCpO+8iQ==,44Kq44O844OI44Km44Kn44Kk5r+A5a6J44K/44Kk44Ok44OK44Oz44Kr44OzYXV0b3dheeODiuODs+OCq+ODs+OAgOOCv+OCpOODpG5hbmthbmfjg5Xjgqfjg4fjg6njg6vpgJrosqnjgIDjgr/jgqTjg6TovLjlhaXjgIDjgr/jgqTjg6RuZXhlbuODleOCp+ODh+ODqeODq+OAgOOCv+OCpOODpGZlZGVyYWzovLjlhaXjgIDjgr/jgqTjg6TjgIDkvqHmoLx0YWl5YeOCueOCv+ODg+ODieODrOOCueOCv+OCpOODpOOCv+OCpOODpOOAgOiyqeWjsuODiuODs+OCq+ODs+OAgOOCueOCv+ODg+ODieODrOOCueOCv+OCpOODpOOCv+OCpOODpOOAgOWuieWjsuOCiuOCv+OCpOODpOOAgOOCteOCpOOCuuOAkOmAgeaWmeeEoeaWmeOAkeOAkOWNs+aXpeeZuumAgeOAkeKWoE5FWEVOKOODjeOCr+OCu+ODsylONzAwMCBQbHVzIDI1NS8zNVIyMCAoMjU1LzM1LTIwIDI1NS0zNS0yMOOCpOODs+ODgSnjgIrmpJzntKLnlKjjgIvjgr/jgqTjg6Tjga5BVVRPV0FZ77yI44Kq44O844OI44Km44Kn44Kk77yJ44K144Oe44O844K/44Kk44Ok44CQUkNQ44CRMDVQMDFPY3QxNg==,4pag5pyA5a6J5YCk5oyR5oim5Lit77yB44CQ5paw5ZOB44K/44Kk44Ok44CR44CQ44K144Oe44O844K/44Kk44Ok44CR44CC44CQ6YCB5paZ54Sh5paZ44CR44CQ5Y2z5pel55m66YCB44CR4pagTkVYRU4o44ON44Kv44K744OzKU43MDAwIFBsdXMgMjU1LzM1UjIwICgyNTUvMzUtMjAgMjU1LTM1LTIw44Kk44Oz44OBKeOAiuaknOe0oueUqOOAi+OCv+OCpOODpOOBrkFVVE9XQVnvvIjjgqrjg7zjg4jjgqbjgqfjgqTvvInjgrXjg57jg7zjgr/jgqTjg6TjgJBSQ1DjgJEwNVAwMU9jdDE2[rn]
11-193257,aHR0cDovL3RzaG9wLnIxMHMuanAvYXV0b3dheS9jYWJpbmV0L21haW5pbWFnZS90aXJlX21haW4vbmV4ZW4vbngwMDY2OC5qcGc/Zml0aW49NzAwOjcwMA==,NTMyOC4wMDAw,,6LuK55So5ZOB44O744OQ44Kk44Kv55So5ZOBID4g44Kr44O855So5ZOBID4g44K144Oe44O844K/44Kk44Ok,44CQ6YCB5paZ54Sh5paZ44CR44CQ5Y2z5pel55m66YCB44CR4pagTkVYRU4o44ON44Kv44K744OzKUNQNjcyIDIwNS81NVIxNigyMDUvNTUtMTYgMjA1LTU1LTE244Kk44Oz44OBKeOAiuaknOe0oueUqOOAi+OCv+OCpOODpOOBrkFVVE9XQVnvvIjjgqrjg7zjg4jjgqbjgqfjgqTvvInjgrXjg57jg7zjgr/jgqTjg6TjgJBSQ1DjgJEwNVAwMU9jdDE2,4pag5pyA5a6J5YCk5oyR5oim5Lit77yB44CQ5paw5ZOB44K/44Kk44Ok44CR44CQ44K144Oe44O844K/44Kk44Ok44CR,TkVYRU4gQ1A2NzIgMjA1LzU1UjE2IDkxVjxCUj48QlI+4pag6Z+T5Zu944KS5Luj6KGo44GZ44KL5aSn5omL44K/44Kk44Ok44Oh44O844Kr44O8TkVYRU4o44ON44Kv44K744OzKeOAggrpnanmlrDnmoTjgarmioDooZPjgajlk4Hos6rjga7pq5jjgZXjgYzoqZXkvqHjgZXjgozkuJbnlYzjga7oh6rli5Xou4rjg6Hjg7zjgqvjg7zjgYzntJTmraPoo4XnnYDjgr/jgqTjg6TjgavmjqHnlKjjgZfjgabjgYTjgb7jgZnjgIIK5qyn5bee44K144OD44Kr44O844Gu44OI44OD44OX44OB44O844Og44Gn44GC44KL44Oe44Oz44OB44Kn44K544K/44O844K344OG44Kj44Gu44Kq44OV44Kj44K344Oj44Or44OR44O844OI44OK44O844Go44GX44Gm44KC5pyJ5ZCN44Gn44GZ44CCCuKWoENQNjcyKOOCt+ODvOODlOODvOODreOCr+ODiuODiuODi+ODvCnjga/jgIHpnZnnspvmgKfjgIHlv6vpganmgKfjgIHjg4fjgrbjgqTjg7PmgKfjgavlhKrjgozjgZ/jg4/jgqTjg5Hjg5Xjgqnjg7zjg57jg7PjgrnjgrPjg7Pjg5Xjgqnjg7zjg4jjgr/jgqTjg6TjgafjgZnjgILnh4PosrvmgKfog73jgIHpq5jpgJ/lronlrprmgKfjgIHogJDkuYXmgKfjgavjgoLlhKrjgozjgabjgYTjgb7jgZnjgII8QlI+PEJSPuWkluW+hO+8mjYzMm1t44CA5bmF77yaMjE0bW3jgIDmjqjlpajjg6rjg6DluYXvvJo2LjVKIFhM6KaP5qC877yaRVRSVE/jgrnjgr/jg7Pjg4Djg7zjg4k8QlI+PEJSPg==,44CQ6YCB5paZ54Sh5paZ44CR44CQ5Y2z5pel55m66YCB44CR4pagTkVYRU4o44ON44Kv44K744OzKUNQNjcyIDIwNS81NVIxNigyMDUvNTUtMTYgMjA1LTU1LTE244Kk44Oz44OBKeOAiuaknOe0oueUqOOAi+OCv+OCpOODpOOBrkFVVE9XQVnvvIjjgqrjg7zjg4jjgqbjgqfjgqTvvInjgrXjg57jg7zjgr/jgqTjg6TjgJBSQ1DjgJEwNVAwMU9jdDE277yaQVVUT1dBWe+8iOOCquODvOODiOOCpuOCp+OCpO+8iQ==,44Kq44O844OI44Km44Kn44Kk5r+A5a6J44K/44Kk44Ok44OK44Oz44Kr44OzYXV0b3dheeODiuODs+OCq+ODs+OAgOOCv+OCpOODpG5hbmthbmfjg5Xjgqfjg4fjg6njg6vpgJrosqnjgIDjgr/jgqTjg6TovLjlhaXjgIDjgr/jgqTjg6RuZXhlbuODleOCp+ODh+ODqeODq+OAgOOCv+OCpOODpGZlZGVyYWzovLjlhaXjgIDjgr/jgqTjg6TjgIDkvqHmoLx0YWl5YeOCueOCv+ODg+ODieODrOOCueOCv+OCpOODpOOCv+OCpOODpOOAgOiyqeWjsuODiuODs+OCq+ODs+OAgOOCueOCv+ODg+ODieODrOOCueOCv+OCpOODpOOCv+OCpOODpOOAgOWuieWjsuOCiuOCv+OCpOODpOOAgOOCteOCpOOCuuOAkOmAgeaWmeeEoeaWmeOAkeOAkOWNs+aXpeeZuumAgeOAkeKWoE5FWEVOKOODjeOCr+OCu+ODsylDUDY3MiAyMDUvNTVSMTYoMjA1LzU1LTE2IDIwNS01NS0xNuOCpOODs+ODgSnjgIrmpJzntKLnlKjjgIvjgr/jgqTjg6Tjga5BVVRPV0FZ77yI44Kq44O844OI44Km44Kn44Kk77yJ44K144Oe44O844K/44Kk44Ok44CQUkNQ44CRMDVQMDFPY3QxNg==,4pag5pyA5a6J5YCk5oyR5oim5Lit77yB44CQ5paw5ZOB44K/44Kk44Ok44CR44CQ44K144Oe44O844K/44Kk44Ok44CR44CC44CQ6YCB5paZ54Sh5paZ44CR44CQ5Y2z5pel55m66YCB44CR4pagTkVYRU4o44ON44Kv44K744OzKUNQNjcyIDIwNS81NVIxNigyMDUvNTUtMTYgMjA1LTU1LTE244Kk44Oz44OBKeOAiuaknOe0oueUqOOAi+OCv+OCpOODpOOBrkFVVE9XQVnvvIjjgqrjg7zjg4jjgqbjgqfjgqTvvInjgrXjg57jg7zjgr/jgqTjg6TjgJBSQ1DjgJEwNVAwMU9jdDE2[rn]
11-193258,aHR0cDovL3RzaG9wLnIxMHMuanAvdHBzLXdhdmUvY2FiaW5ldC9zdW1tZXJ0aXJlMjAxNC9kdW5sb3AvZGlyZXp6YWR6MTAyLmdpZj9maXRpbj03MDA6NzAw,MTI1MzEuMjAwMA==,,6LuK55So5ZOB44O744OQ44Kk44Kv55So5ZOBID4g44Kr44O855So5ZOBID4g44K144Oe44O844K/44Kk44Ok,6YCB5paZ54Sh5paZ44CAKOaylue4hC/pm6Lls7bpmaQp44CA4pag44OA44Oz44Ot44OD44OX44CARFVOTE9Q44CARElSRVpaQeOAgERaMTAy44CAMjU1LzQwUjE344CAOTRX,44CA,,6YCB5paZ54Sh5paZ44CAKOaylue4hC/pm6Lls7bpmaQp44CA4pag44OA44Oz44Ot44OD44OX44CARFVOTE9Q44CARElSRVpaQeOAgERaMTAy44CAMjU1LzQwUjE344CAOTRX77ya44OR44O844OE44K344On44OD44OXV0FWRealveWkqeW4guWgtOW6lw==,Y2xhenppb2RlZmlESVhDRUxlbmRsZXNzaGtzS1lC44K544OG44Ki44Oq44Oz44Kw44OA44Km44Oz44K144K544Oe44OV44Op44O86LuK6auY6Kq/44Ko44Oz44OJ44Os44K544Kr44Ok44OQ44Kv44Op44OD44OE44Kj44Kq44OH44Kj44Kv44K744Or44OW44Os44O844Kt44OR44OD44OJ44OW44Os44O844Kt44Ot44O844K/44O844OG44Kk44OzVEVJTuODluODquODg+ODhEJMSVRa6YCB5paZ54Sh5paZ44CAKOaylue4hC/pm6Lls7bpmaQp44CA4pag44OA44Oz44Ot44OD44OX44CARFVOTE9Q44CARElSRVpaQeOAgERaMTAy44CAMjU1LzQwUjE344CAOTRX,44CA44CC6YCB5paZ54Sh5paZ44CAKOaylue4hC/pm6Lls7bpmaQp44CA4pag44OA44Oz44Ot44OD44OX44CARFVOTE9Q44CARElSRVpaQeOAgERaMTAy44CAMjU1LzQwUjE344CAOTRX[rn]
11-193259,aHR0cDovL3RzaG9wLnIxMHMuanAvdGlyZTMxMDQvY2FiaW5ldC8wNDE1LzIwMTR0YW5waW4vbHMyMDAwLmpwZz9maXRpbj03MDA6NzAw,NzgwMC4wMDAw,,6LuK55So5ZOB44O744OQ44Kk44Kv55So5ZOBID4g44Kr44O855So5ZOBID4g44K144Oe44O844K/44Kk44Ok,MjI1LzU1UjE3IDk1ViDjgrDjg4Pjg4njgqTjg6Tjg7wgTFMyMDAwIEh5YnJpZDIgR29vZHllYXIgTFMyMDAwIOODj+OCpOODluODquODg+ODiDIg44K144Oe44O844K/44Kk44OkIDE344Kk44Oz44OBIOWNmOWTgSAx5pysIOS+oeagvCDjgI4y5pys5Lul5LiK44GU5rOo5paH44Gn6YCB5paZ54Sh5paZ44CP,MTfjgqTjg7Pjg4EgTFMyMDAwIEh5YnJpZDIg44K144Oe44O844K/44Kk44OkIOOCsOODg+ODieOCpOODpOODvA==,PGltZyBzcmM9Imh0dHA6Ly9pbWFnZS5yYWt1dGVuLmNvLmpwL3RpcmUzMTA0L2NhYmluZXQvdGlyZV9zZXR1bWVpL2xzMjAwMC5qcGcid2lkdGg9IjEwMCUiPjxicj4KPGJyPgo8Zm9udCBzaXplPSItMSI+PHRhYmxlIHdpZHRoPSIxMDAlIiBib3JkZXI9IjAiIGNlbGxzcGFjaW5nPSIwIiBjZWxscGFkZGluZz0iMCIgPjx0cj48dGQ+PGNlbnRlcj48dGFibGUgd2lkdGg9IjEwMCUiIGJvcmRlcj0iMCIgY2VsbHNwYWNpbmc9IjEiIGNlbGxwYWRkaW5nPSI4IiBiZ2NvbG9yPSIjY2NjY2NjIj48dHI+PHRkIGJnY29sb3I9IiNGM0YzRjMiPjxiPjxmb250IGNvbG9yPSI2NjY2NjYiPuWVhuWTgeips+e0sDwvZm9udD48L2I+PC90ZD48L3RyPjx0cj4KICA8dGQgYmdjb2xvcj0iI0ZGRkZGRiI+PGZvbnQgY29sb3I9IjY2NjY2NiI+44K144Oe44O844K/44Kk44OkPGZvbnQgc2l6ZT0iLTEiPiDljZjlk4E8L2ZvbnQ+PC9mb250PjwvdGQ+CjwvdHI+PHRyPjx0ZCBiZ2NvbG9yPSIjRjNGM0YzIj48Yj48Zm9udCBjb2xvcj0iNjY2NjY2Ij5TUEVDPC9mb250PjwvYj48L3RkPjwvdHI+PHRyPiAgPHRkIGJnY29sb3I9IiNGRkZGRkYiPjxwPjxmb250IGNvbG9yPSI2NjY2NjYiPuKXhuOCv+OCpOODpOips+e0sDxicj4KICDjg5bjg6njg7Pjg4nvvJrjgrDjg4Pjg4njgqTjg6Tjg7w8YnI+44K/44Kk44Ok44OR44K/44O844Oz77yaTFMyMDAwIOODj+OCpOODluODquODg+ODiDI8YnI+44K/44Kk44Ok44K144Kk44K677yaMjI1LzU1UjE3IDk1Vjxicj4KICAgICAgICA8YnI+CiAg4peGPGZvbnQgc2l6ZT0iLTEiPuS+oeagvOOBq+mWouOBl+OBpjwvZm9udD48YnI+CiAg6KGo56S65L6h5qC844GvPGZvbnQgY29sb3I9IiNGRjAwMDAiPuaWsOWTgSDljZjlk4E8Zm9udCBzaXplPSItMSI+IO+8kTwvZm9udD7mnKwo5raI6LK756iO44O76YCB5paZ6L68KTwvZm9udD7jga7kvqHmoLzjgafjgZnjgII8YnI+CiAgKOODm+OCpOODvOODq+OBr+S7mOWxnuiHtOOBl+OBvuOBm+OCkyk8YnI+CiAgPGJyPgogIOKXhjxmb250IHNpemU9Ii0xIj7pgIHmlpnjgavplqLjgZfjgaY8YnI+CiAgPC9mb250PjwvZm9udD48Zm9udCBjb2xvcj0iNjY2NjY2Ij48Zm9udCBjb2xvcj0iI0ZGMDAwMCIgc2l6ZT0iLTEiPu+8kuacrOS7peS4iuizvOWFpeOBp+mAgeaWmeeEoeaWmSEhPGJyPgogIDwvZm9udD48Zm9udCBjb2xvcj0iNjY2NjY2Ij48Zm9udCBzaXplPSItMSI+KO+8keacrOOBp+OBruOBlOazqOaWh+OBruWgtOWQiOOBr+mAgeaWmeOBjDU0MOWGhuOBi+OBi+OCiuOBvuOBmSk8L2ZvbnQ+PC9mb250Pjxmb250IHNpemU9Ii0xIj48YnI+CiAgPC9mb250Puaylue4hOecjOODu+mbouWztuODu+S4gOmDqOWcsOWfn+OBr+mAgeaWmeOBruS7luOBq+OAgTxicj4K5Yil6YCU5Lit57aZ5paZ44GM55m655Sf44GZ44KL5aC05ZCI44GM44GU44GW44GE44G+44GZ44CCPGJyPgroqbPjgZfjgY/jga/jgYrllY/jgYTlkIjjgo/jgZvjgY/jgaDjgZXjgYTjgII8YnI+CiAgICAgICAgPC9mb250Pjxmb250IGNvbG9yPSI2NjY2NjYiPjxicj4KICAgICAgICA8L2ZvbnQ+PC9wPgogICAgPC90ZD48L3RyPjx0cj4KICAgICAgPHRkIGJnY29sb3I9IiNGM0YzRjMiPjxiPjxmb250IGNvbG9yPSI2NjY2NjYiIHNpemU9Ii0xIj7jgZ3jga7ku5Y8L2ZvbnQ+PC9iPjwvdGQ+CiAgICA8L3RyPjx0cj48dGQgYmdjb2xvcj0iI0ZGRkZGRiI+PGZvbnQgY29sb3I9IjY2NjY2NiI+4peP5o6y6LyJ55S75YOP44Gv44Kk44Oh44O844K444Go44Gq44KK44G+44GZ44CCPGJyPgril4/oo4XnnYDjgZnjgovou4rnqK7jg7vjgrDjg6zjg7zjg4njgavjgojjgaPjgabnj77lk4HjgajnlbDjgarjgovloLTlkIjjgYzjgYLjgorjgb7jgZnjgII8YnI+CuKXj+e0jeacn+OBq+OBpOOBhOOBpuWcqOW6q+WVhuWTgeOBpzPml6Xku6XlhoXjga7nmbrpgIHkuojlrprjgII8YnI+CuKXj+WPluOCiuWvhOOBm+OBqOOBquOCi+WgtOWQiOOBr+e0jeacn+OBruOBlOmAo+e1oeOCkuOBhOOBn+OBl+OBvuOBmeOAgjxicj4K4peP6KO96YCg5bm044Gr44Gk44GE44Gm77yP6KO96YCg5bm044Gr6Zai44GZ44KL44GU6LOq5ZWP44CB44GU5oyH5a6a44Gv44GK5Y+X44GR44Gn44GN44G+44Gb44KT44CC44GU5LqG5om/44GP44Gg44GV44GE44CCPGJyPgogICAgICA8YnI+CiAgICAgIOOBneOBruS7luOBlOS4jeaYjuOBqueCueOBlOOBluOBhOOBvuOBl+OBn+OCieOAgTxicj7kuIvoqJjjgojjgorjgYrmsJfou73jgavjgYrllY/jgYTlkIjjgo/jgZvjgY/jgaDjgZXjgYTjgII8YnI+bHMyMDAwLTIyNS81NVIxNzxicj7jgJDllY/jgYTlkIjjgo/jgZvlhoXlrrnjgJEiPuOBiuWVj+OBhOWQiOOCj+OBm+OBr+OBk+OBoeOCieOBi+OCiTxicj48YnI+PC9mb250PjwvdGQ+CiAgICA8L3RyPjwvdGFibGU+PC9jZW50ZXI+PC90ZD48L3RyPjwvdGFibGU+PGJyPjxicj4KPC9mb250Pg==,MjI1LzU1UjE3IDk1ViDjgrDjg4Pjg4njgqTjg6Tjg7wgTFMyMDAwIEh5YnJpZDIgR29vZHllYXIgTFMyMDAwIOODj+OCpOODluODquODg+ODiDIg44K144Oe44O844K/44Kk44OkIDE344Kk44Oz44OBIOWNmOWTgSAx5pysIOS+oeagvCDjgI4y5pys5Lul5LiK44GU5rOo5paH44Gn6YCB5paZ54Sh5paZ44CP77ya44K/44Kk44Ok44OX44Op44Kk44K56aSo,44K544K/44OD44OJ44Os44K544K/44Kk44Ok44K544K/44OD44OJ44Os44K544OW44Oq44OC44K544OI44Oz44OW44Oq44K244OD44Kv44OA44Oz44Ot44OD44OX44Km44Kj44Oz44K/44O844Oe44OD44Kv44K544OI44O844Oo44O844K/44Kk44Ok44OI44O844Oo44O844OU44Os44Oq44K/44Kk44Ok5Yas44K/44Kk44Ok44Ob44Kk44O844Or44Ki44Or44Of44Ob44Kk44O844Or44K/44Kk44Ok44Ob44Kk44O844Or44K744OD44OI5bqX5qW95aSp44K544K/44OD44OJ44Os44K544K/44Kk44Ok44Ob44Kk44O844Or44K744OD44OI6Lu944OI44Op44OD44KvMjI1LzU1UjE3IDk1ViDjgrDjg4Pjg4njgqTjg6Tjg7wgTFMyMDAwIEh5YnJpZDIgR29vZHllYXIgTFMyMDAwIOODj+OCpOODluODquODg+ODiDIg44K144Oe44O844K/44Kk44OkIDE344Kk44Oz44OBIOWNmOWTgSAx5pysIOS+oeagvCDjgI4y5pys5Lul5LiK44GU5rOo5paH44Gn6YCB5paZ54Sh5paZ44CP,MTfjgqTjg7Pjg4EgTFMyMDAwIEh5YnJpZDIg44K144Oe44O844K/44Kk44OkIOOCsOODg+ODieOCpOODpOODvOOAgjIyNS81NVIxNyA5NVYg44Kw44OD44OJ44Kk44Ok44O8IExTMjAwMCBIeWJyaWQyIEdvb2R5ZWFyIExTMjAwMCDjg4/jgqTjg5bjg6rjg4Pjg4gyIOOCteODnuODvOOCv+OCpOODpCAxN+OCpOODs+ODgSDljZjlk4EgMeacrCDkvqHmoLwg44COMuacrOS7peS4iuOBlOazqOaWh+OBp+mAgeaWmeeEoeaWmeOAjw==[rn]
11-193260,aHR0cDovL3RzaG9wLnIxMHMuanAvZ2FyYWdlb25lL2NhYmluZXQvMDA2MjUzOTEvMjAxNm5ldy9may9oczQ0OS5qcGc/Zml0aW49NzAwOjcwMA==,NzE4NC4wMDAw,,6LuK55So5ZOB44O744OQ44Kk44Kv55So5ZOBID4g44Kr44O855So5ZOBID4g44K144Oe44O844K/44Kk44Ok,6YCB5paZ54Sh5paZMTk1LzY1UjE1IOODleOCoeODq+OCseODsyhGQUxLRU4pIEVVUk9XSU5URVIgSFM0NDkg44Kq44O844Or44K344O844K644Oz44K/44Kk44OkIOaWsOWTgQ==,4pag44K/44Kk44OkU0hPUCDjgqzjg6zjg7zjgrjjg6/jg7M=,PFRBQkxFIFdJRFRIPTQ2MCBCT1JERVI9MCBDRUxMU1BBQ0lORz0wIENFTExQQURESU5HPTU+CjxUUj4gICAgIDxURCBXSURUSD00NjA+5YeN57WQ6Lev44KS57WM6aiT44GZ44KL44GT44Go44Gu44Gq44GE5Yas44Gu44Op44Kk44OV44K344O844Oz44Gn44Gv44CBICAg56qB54S244Gu6Zuq44Gr5a++5b+c44Gn44GN44KL44Kq44O844Or44K344O844K644Oz44K/44Kk44Ok44KS6YG444G544Gw44GE44GE44CCICAg5pel5bi455qE44Gq6LWw6KGM44Gn44Gv44CB44OJ44Op44Kk44O744Km44Ko44OD44OI5Lih6Z2i44Gn44GuICDmk43nuKblronlrprmgKfog73jgpLnorrkv53jgZfjgarjgYzjgonjgIHkuIDmlrnjgafjga/jgrnjgr/jg4Pjg4njg6zjgrnjgasgIOWxpeOBjeabv+OBiOOCi+OBqOOBhOOBhuaJi+mWk+OCkuecgeOBjeOAgee1jOa4iOeahOOBquiyoOaLheOBjOWwkeOBquOBj+OBpua4iOOCgOOBqOOBhOOBhiAgIOODoeODquODg+ODiOOCkuS9teOBm+OCguOBpOOAgiAgRkFMS0VO44Gu44Kq44O844Or44K344O844K644Oz44K/44Kk44Ok44CBRVVST1dJTlRFUiBIUzQ0OeOBryAg6auY44GE44OI44Os44OD44OJ5Ymb5oCn44Gn44Kz44O844OK44Oq44Oz44Kw44KC44GX44Gj44GL44KK44Go5a6J5a6a44CBICAg5Zub5a2j44KS6YCa44GY44Gm44Gu44K744O844OV44OG44Kj44OJ44Op44Kk44OW44KS57SE5p2f44GZ44KL44CCPGJyPgogICAgPGJyPgogIOOBk+OBoeOCieOBruOCv+OCpOODpOOBr+OCueOCv+ODg+ODieODrOOCueOCv+OCpOODpOOBp+OBr+OBquOBj+OAgeOAkOOCquODvOODq+OCt+ODvOOCuuODs+OCv+OCpOODpOOAkSDjgafjgZnjgII8L1REPjwvVFI+PC9UQUJMRT48QlI+CjxUQUJMRSBXSURUSD00NjAgQk9SREVSPTAgQ0VMTFNQQUNJTkc9MCBDRUxMUEFERElORz01Pgo8VFI+ICAgICA8VEQgV0lEVEg9NDYwPuKWoOOBlOeiuuiqjeOCkuOBiumhmOOBhOOBl+OBvuOBme+8gTwvVEQ+PC9UUj48L1RBQkxFPjxUQUJMRSBXSURUSD00NjAgQk9SREVSPTAgQ0VMTFNQQUNJTkc9MCBDRUxMUEFERElORz01Pgo8VFI+ICAgICA8VEQgV0lEVEg9NDYwPgogIOKXj+OBk+OBoeOCieOBruWVhuWTgeOBr+WfuuacrOeahOOBq+OBr+WcqOW6q+WTgeOBp+OBmeOBjOOAgeW6l+mgreWPiuOBs+OAgeS7luOCteOCpOODiOOBp+OCguS9teWjsuOBruOBn+OCgeOAgeOBlOizvOWFpeOBruOCv+OCpOODn+ODs+OCsOOBp+asoOWTgeOBruWgtOWQiOOBjOOBlOOBluOBhOOBvuOBmeOAggo8YnI+CuKAu+WVhuWTgeOBr+OCv+OCpOODpOOBruOBv+OBp+ODm+OCpOODvOODq+OBr+S7mOWxnuOBl+OBvuOBm+OCk+OAgjxCUj4KPEZPTlQgQ09MT1I9I2ZmMDAwMD48Qj4g44GK5oCl44GO44Gu5aC05ZCI44Gv44CB5LqL5YmN44Gr5Zyo5bqr44Gu44GU56K66KqN44KS44GK6aGY44GE6Ie044GX44G+44GZ77yB77yBIDwvQj48L0ZPTlQ+PEJSPjxCUj48L1REPjwvVFI+PC9UQUJMRT4KPFRBQkxFIFdJRFRIPTQ2MCBCT1JERVI9MCBDRUxMU1BBQ0lORz0wIENFTExQQURESU5HPTEwPgogIDxUUj4gICAgIDxURCB3aWR0aD0iNDYwIiBIRUlHSFQ9MjA+4pag5bqX6aCt5L2c5qWt44Gr44Gk44GE44GmPC9URD48L1RSPjxUUj4gICAgICAgPFREIEhFSUdIVD05MD7il4/lupfpoK3kuqTmj5vkvZzmpa3jgarjgonjgIHkvZzmpa3lt6Xos4PjgoLmlq3nhLblronjgYTvvIHjgYrlvpfvvIEKICA8QlI+CiAg44CA4oC75paZ6YeR44Gr44Gk44GN44G+44GX44Gm44Gv44GK6Zu76Kmx44Gr44Gm44GU56K66KqN44KS44GK6aGY44GE44GX44G+44GZ44CCPEJSPuKXj+OCouODqeOCpOODoeODs+ODiOOBrua4rOWumuODu+iqv+aVtOOCguOBiuWPl+OBkeOBl+OBpuOBiuOCiuOBvuOBme+8gTxCUj48Rk9OVCBTSVpFPTIgQ09MT1I9I2ZmMDAwMD48Qj7imIXkvZzmpa3lt6Xos4PvvIjnqI7liKXvvInjga/jgIHlupfpoK3miZXjgYTjgavjgarjgorjgb7jgZnjgII8QlI+CiAgICDimIXlupfpoK3kvZzmpa3jga/jgIHkuovliY3kuojntITliLbjgafjgZnjgII8L0I+PC9GT05UPjwvVEQ+CiAgICA8L1RSPgo8L1RBQkxFPiAKPGJyPjxicj7ljJfmtbfpgZPjg7vmspbnuITjga7jgYrlrqLmp5jjga/jgrfjgrnjg4bjg6DkuIrpgIHmlpnjgYzlj43mmKDjgZfjgb7jgZvjgpPjgII8YnI+5b6M44G744Gp6KiC5q2j44Oh44O844Or44KS44GK6YCB44KK44GE44Gf44GX44G+44GZ44Gu44Gn44CB44GU5rG65riI44Gv44GK5b6F44Gh44GE44Gf44Gg44GP44KI44GG44GK6aGY44GE44GE44Gf44GX44G+44GZ44CCPGJyPuKAu+WMl+a1t+mBk+ODu+aylue4hOOBruOBiuWuouanmOOBr+OAgTHmnKw1NDDlhobpoILmiLTjgZfjgabjgYrjgorjgb7jgZnjgII=,6YCB5paZ54Sh5paZMTk1LzY1UjE1IOODleOCoeODq+OCseODsyhGQUxLRU4pIEVVUk9XSU5URVIgSFM0NDkg44Kq44O844Or44K344O844K644Oz44K/44Kk44OkIOaWsOWTge+8muOCrOODrOODvOOCuOODr+ODsw==,MjE1LzQ1UjE3MTk1LzY1UjE1MTY1LzQ1UjE2MTY1LzU1UjE0MjI1LzQwUjE444OK44Oz44Kr44OzTkFOS0FOR+OCv+OCpOODpOODleOCp+ODh+ODqeODq0ZFREVSQUzjgr/jgqTjg6Tjg43jgq/jgrvjg7NORVhFTuOCv+OCpOODpOODqOOCs+ODj+ODnuOCv+OCpOODpFRPWU/jgr/jgqTjg6Tjg5bjg6rjgrjjgrnjg4jjg7NCUklER0VTVE9OReOCv+OCpOODpOODm+OCpOODvOODq+OCq+ODvOOCouOCr+OCu+OCteODquODvOOCouOCpuODiOODrOODg+ODiOOCv+OCpOODpOS6pOaPm+aMgeOBoei+vOOBv+a/gOWuiemAgeaWmeeEoeaWmeWHpuWIhuOCu+OCreODpeODquODhuOCo+ODvOmAgeaWmeeEoeaWmTE5NS82NVIxNSDjg5XjgqHjg6vjgrHjg7MoRkFMS0VOKSBFVVJPV0lOVEVSIEhTNDQ5IOOCquODvOODq+OCt+ODvOOCuuODs+OCv+OCpOODpCDmlrDlk4E=,4pag44K/44Kk44OkU0hPUCDjgqzjg6zjg7zjgrjjg6/jg7PjgILpgIHmlpnnhKHmlpkxOTUvNjVSMTUg44OV44Kh44Or44Kx44OzKEZBTEtFTikgRVVST1dJTlRFUiBIUzQ0OSDjgqrjg7zjg6vjgrfjg7zjgrrjg7Pjgr/jgqTjg6Qg5paw5ZOB[rn]
11-193261,aHR0cDovL3RzaG9wLnIxMHMuanAvYXV0b3dheS9jYWJpbmV0L21haW5pbWFnZS90aXJlX21haW4vbWF4dHJlay9tdDAwMTc3LmpwZz9maXRpbj03MDA6NzAw,NzY1Ni4wMDAw,,6LuK55So5ZOB44O744OQ44Kk44Kv55So5ZOBID4g44Kr44O855So5ZOBID4g44K144Oe44O844K/44Kk44Ok,44CQ6YCB5paZ54Sh5paZ44CR44CQ5Y2z5pel55m66YCB44CR4pagTUFYVFJFSyjjg57jg4Pjgq/jgrnjg4jjg6zjg4Pjgq8pU0lFUlJBIFM2IDI3NS83MFIxNigyNzUvNzAtMTYgMjc1LTcwLTE244Kk44Oz44OBKeOAiuaknOe0oueUqOOAi+OCv+OCpOODpOOBrkFVVE9XQVnvvIjjgqrjg7zjg4jjgqbjgqfjgqTvvInjgrXjg57jg7zjgr/jgqTjg6TjgJBSQ1DjgJEwNVAwMU9jdDE2,4pag5pyA5a6J5YCk5oyR5oim5Lit77yB44CQ5paw5ZOB44K/44Kk44Ok44CR44CQ44K144Oe44O844K/44Kk44Ok44CR,TUFYVFJFSyBTSUVSUkEgUzYgMjc1LzcwUjE2IDExNFM8QlI+PEJSPuKWoOS4reWbveOBruOCv+OCpOODpOODoeODvOOCq+ODvE1BWFRSRUso44Oe44OD44Kv44K544OI44Os44OD44KvKeOAggrilqBTSUVSUkEgUzbvvIjjgrfjgqjjg6kgUzbvvInjga/jgIHjg4jjg6zjg4Pjg4njgavntLDjgYvjgarjg6njgrDjg5Hjgr/jg7zjg7PjgajluYXjga7luoPjgYQ05pys44Gu57im5rqd44KS57WE44G/5ZCI44KP44Gb44KL44GT44Go44Gn6auY44GE44Kw44Oq44OD44OX5Yqb44KS55m65o+u44CC44OJ44Op44Kk6Lev6Z2i44Gg44GR44Gn44Gq44GP44CB44Km44Kn44OD44OI6Lev6Z2i44Gn44KC5a6J5a6a44GX44Gf6LWw6KGM44GM5Y+v6IO944Gn44GZ44CCPEJSPjxCUj7lpJblvoTvvJo3OTFtbeOAgOW5he+8mjI3NW1t44CA5o6o5aWo44Oq44Og5bmF77yaOEogWEzopo/moLzvvJpFVFJUT+OCueOCv+ODs+ODgOODvOODiTxCUj48QlI+,44CQ6YCB5paZ54Sh5paZ44CR44CQ5Y2z5pel55m66YCB44CR4pagTUFYVFJFSyjjg57jg4Pjgq/jgrnjg4jjg6zjg4Pjgq8pU0lFUlJBIFM2IDI3NS83MFIxNigyNzUvNzAtMTYgMjc1LTcwLTE244Kk44Oz44OBKeOAiuaknOe0oueUqOOAi+OCv+OCpOODpOOBrkFVVE9XQVnvvIjjgqrjg7zjg4jjgqbjgqfjgqTvvInjgrXjg57jg7zjgr/jgqTjg6TjgJBSQ1DjgJEwNVAwMU9jdDE277yaQVVUT1dBWe+8iOOCquODvOODiOOCpuOCp+OCpO+8iQ==,44Kq44O844OI44Km44Kn44Kk5r+A5a6J44K/44Kk44Ok44OK44Oz44Kr44OzYXV0b3dheeODiuODs+OCq+ODs+OAgOOCv+OCpOODpG5hbmthbmfjg5Xjgqfjg4fjg6njg6vpgJrosqnjgIDjgr/jgqTjg6TovLjlhaXjgIDjgr/jgqTjg6RuZXhlbuODleOCp+ODh+ODqeODq+OAgOOCv+OCpOODpGZlZGVyYWzovLjlhaXjgIDjgr/jgqTjg6TjgIDkvqHmoLx0YWl5YeOCueOCv+ODg+ODieODrOOCueOCv+OCpOODpOOCv+OCpOODpOOAgOiyqeWjsuODiuODs+OCq+ODs+OAgOOCueOCv+ODg+ODieODrOOCueOCv+OCpOODpOOCv+OCpOODpOOAgOWuieWjsuOCiuOCv+OCpOODpOOAgOOCteOCpOOCuuOAkOmAgeaWmeeEoeaWmeOAkeOAkOWNs+aXpeeZuumAgeOAkeKWoE1BWFRSRUso44Oe44OD44Kv44K544OI44Os44OD44KvKVNJRVJSQSBTNiAyNzUvNzBSMTYoMjc1LzcwLTE2IDI3NS03MC0xNuOCpOODs+ODgSnjgIrmpJzntKLnlKjjgIvjgr/jgqTjg6Tjga5BVVRPV0FZ77yI44Kq44O844OI44Km44Kn44Kk77yJ44K144Oe44O844K/44Kk44Ok44CQUkNQ44CRMDVQMDFPY3QxNg==,4pag5pyA5a6J5YCk5oyR5oim5Lit77yB44CQ5paw5ZOB44K/44Kk44Ok44CR44CQ44K144Oe44O844K/44Kk44Ok44CR44CC44CQ6YCB5paZ54Sh5paZ44CR44CQ5Y2z5pel55m66YCB44CR4pagTUFYVFJFSyjjg57jg4Pjgq/jgrnjg4jjg6zjg4Pjgq8pU0lFUlJBIFM2IDI3NS83MFIxNigyNzUvNzAtMTYgMjc1LTcwLTE244Kk44Oz44OBKeOAiuaknOe0oueUqOOAi+OCv+OCpOODpOOBrkFVVE9XQVnvvIjjgqrjg7zjg4jjgqbjgqfjgqTvvInjgrXjg57jg7zjgr/jgqTjg6TjgJBSQ1DjgJEwNVAwMU9jdDE2[rn]
11-193262,aHR0cDovL3RzaG9wLnIxMHMuanAvdGlyZTFiYW4vY2FiaW5ldC90aXJlL3RpcmUwMS90X2RsZW5sdDUwLmpwZz9maXRpbj03MDA6NzAw,MTAyMzcuNjAwMA==,,6LuK55So5ZOB44O744OQ44Kk44Kv55So5ZOBID4g44Kr44O855So5ZOBID4g44K144Oe44O844K/44Kk44Ok,44K144Oe44O844K/44Kk44OkIDIwNS84NVIxNiAxMTcvMTE1TiDjg4Djg7Pjg63jg4Pjg5cg44Ko44OK44K744O844OWIFNQIExUNTAgMjAxN+W5tDPmnIjnmbrlo7LjgrXjgqTjgrogRFVOTE9QIEVOQVNBVkUgU1AgTFQ1MCDjgJDjg5Djg7Mv44OI44Op44OD44Kv55So44CR,44CQMuacrOS7peS4iuOBp+mAgeaWmeeEoeaWmeOAkSDmlrDlk4Ex5pys,PGJyPjxicj7mlrDlk4HjgrXjg57jg7zjgr/jgqTjg6Qx5pys44Gu5L6h5qC844Gn44GZ44CCPGJyPuKAu+ODm+OCpOODvOODq+OBr+S7mOWxnuOBl+OBvuOBm+OCk+OAgjxicj48YnI+4pag6YCB5paZPGJyPuOCv+OCpOODpDLmnKzku6XkuIrjgYrosrfjgYTkuIrjgZLjgafpgIHmlpnnhKHmlpnvvIE8YnI+44Gf44Gg44GX44CB5qyh44Gu5aC05ZCI44Gv5Yil6YCU6YCB5paZ44KS44GE44Gf44Gg44GN44G+44GZ44CC5rOo5paH5Y+X5LuY5b6M44Gr5Yqg566X44GX44G+44GZ44CCPGJyPuODuzHmnKzjga7jgZTms6jmlofjga/pgIHmlpkxLDAwMOWGhijnqI7liKUp44Gn44GZ44CCPGJyPuODu+aylue4hOODu+mbouWztuOBuOOBruOBiuWxiuOBkeOBr+S4ree2meaWmeOBjOeZuueUn+OBl+OBvuOBmeOAguOBiuWVj+WQiOOBm+OBj+OBoOOBleOBhOOAgjxicj48YnI+4pag57SN5pyfPGJyPuWVhuWTgeWHuuiNt+OBruebruWuieOBr+OBlOazqOaWh+OCiOOCijLvvZ4z5Za25qWt5pel44Gn44GZ44CCPGJyPuOBn+OBoOOBl+OAgeazqOaWh+WPr+iDveOBquWgtOWQiOOBp+OCguOAgeWPluWvhOOBm+OBrueKtuazgeOChOaApeOBquWTgeWIh+OCjOOBq+OCiOOCiuWFpeiNt+OBvuOBp+OBiuaZgumWk+OCkuOBhOOBn+OBoOOBhOOBn+OCiuOAgeS7o+abv+OBiOWVhuWTgeOBruaPkOahiOOBvuOBn+OBr+azqOaWh+OBruOCreODo+ODs+OCu+ODq+OCkuOBiumhmOOBhOOBmeOCi+OBk+OBqOOBjOOBguOCiuOBvuOBmeOAgjxicj7jgYrmgKXjgY7jga7jgYrlrqLmp5jjga/ms6jmlofliY3jgavlnKjluqvjg7vntI3mnJ/jga7norroqo3jgpLjgYrpoZjjgYTjgZfjgb7jgZnjgII8YnI+6Kmz57Sw44Gq57SN5pyf44Gv5rOo5paH5Y+X5LuY5b6M44Gr44Oh44O844Or44Gn44GU5qGI5YaF44GX44G+44GZ44CCPGJyPjxicj48YnI+PGltZyBzcmM9J2h0dHA6Ly9pbWFnZS5yYWt1dGVuLmNvLmpwL3RpcmUxYmFuL2NhYmluZXQvMDA4ODUyNTEvbGlua190dDM4MDIyLmpwZycgd2lkdGg9JzEwMCUnIGhlaWdodD0nYXV0bycgYm9yZGVyPScwJz48YnI+PGJyPjxicj4yMDUvODUtMTYgMjA1ODUxNiAxNuOCpOODs+ODgSDjg5Djg7Pjg7vlsI/lnovjg4jjg6njg4Pjgq8g55yB54eD6LK7IOWkj+OCv+OCpOODpCDmmKXjgr/jgqTjg6Qgc3VtMTYyM2RsZW5sdDUwIDMyODQyNjxicj48YnI+PGltZyBzcmM9J2h0dHA6Ly9pbWFnZS5yYWt1dGVuLmNvLmpwL3RpcmUxYmFuL2NhYmluZXQvMDA4ODUyNTEvbGlua190b3JpdGszODAuanBnJyB3aWR0aD0nMTAwJScgYm9yZGVyPScwJz4=,44K144Oe44O844K/44Kk44OkIDIwNS84NVIxNiAxMTcvMTE1TiDjg4Djg7Pjg63jg4Pjg5cg44Ko44OK44K744O844OWIFNQIExUNTAgMjAxN+W5tDPmnIjnmbrlo7LjgrXjgqTjgrogRFVOTE9QIEVOQVNBVkUgU1AgTFQ1MCDjgJDjg5Djg7Mv44OI44Op44OD44Kv55So44CR77ya44K/44Kk44Ok77yR55Wq,44OA44Oz44Ot44OD44OX44Oo44Kz44OP44OeV09SS+OCv+OCpOODpOOCueOCv+ODg+ODieODrOOCuU1LV+ODlOODrOODquODh+ODquOCq+OCqOOCr+OCueODiOODrOOCpOODq+ODluODquODguOCueODiOODs+OCteODnuODvOOCv+OCpOODpOOCouODieODkOODs+OCv+OCpOODpOmAmuiyqea/gOWuieODiuODs+OCq+ODs+OCquODvOODiOOCpuOCp+OCpOODn+ODg+OCreODvOODiOODs+ODl+OCveODs+ODn+OCt+ODpeODqeODs+OCq+ODvOeUqOWTgeOCv+OCpOODpOODm+OCpOODvOODq+OCteODnuODvOOCv+OCpOODpCAyMDUvODVSMTYgMTE3LzExNU4g44OA44Oz44Ot44OD44OXIOOCqOODiuOCu+ODvOODliBTUCBMVDUwIDIwMTflubQz5pyI55m65aOy44K144Kk44K6IERVTkxPUCBFTkFTQVZFIFNQIExUNTAg44CQ44OQ44OzL+ODiOODqeODg+OCr+eUqOOAkQ==,44CQMuacrOS7peS4iuOBp+mAgeaWmeeEoeaWmeOAkSDmlrDlk4Ex5pysIOOAguOCteODnuODvOOCv+OCpOODpCAyMDUvODVSMTYgMTE3LzExNU4g44OA44Oz44Ot44OD44OXIOOCqOODiuOCu+ODvOODliBTUCBMVDUwIDIwMTflubQz5pyI55m65aOy44K144Kk44K6IERVTkxPUCBFTkFTQVZFIFNQIExUNTAg44CQ44OQ44OzL+ODiOODqeODg+OCr+eUqOOAkQ==[rn]
11-193263,aHR0cDovL3RzaG9wLnIxMHMuanAvb3B0aW9uYWxob3dhL2NhYmluZXQvaW1hZ2VzL3N1bW1lcnRpcmUveW9rb2hhbWEveW9rby1lczMxLmpwZz9maXRpbj03MDA6NzAw,MzUyMC4wMDAw,,6LuK55So5ZOB44O744OQ44Kk44Kv55So5ZOBID4g44Kr44O855So5ZOBID4g44K144Oe44O844K/44Kk44Ok,44Oo44Kz44OP44OeIOOCv+OCpOODpCBETkEg44Ko44Kz44K5IEVTMzEgMTQ1LzY1UjE1IDE0NS82NS0xNSAxNDUtNjUtMTXjgqTjg7Pjg4EgMuacrOS7peS4iuOBp+mAgeaWmeeEoeaWmQ==,,PGZvbnQgY29sb3I9IzAwMDBGRj7llYblk4HnlLvlg4/jga/jgrXjg7Pjg5fjg6vjga7ngrrjg5vjgqTjg6vku5jjgY3jga7jgoLlvqHluqfjgYTjgb7jgZnjgYzjgIE8YnI+44GK5bGK44GR5ZWG5ZOB44Gv44K/44Kk44Ok44Gu44G/44Gr44Gq44KK44G+44GZ44CCPGJyPjwvZm9udD48Zm9udCBjb2xvcj0jRkYwMDAwPjxicj48Zm9udCBjb2xvcj0jRkYwMDAwPuKYhuOCteOCpOOCuuOCkuW/heOBmuOBlOeiuuiqjeS4i+OBleOBhOKYhjwvZm9udD48L2ZvbnQ+PGJyPuKXj+ODoeODvOOCq+ODvO+8mkROQSBFQ09TIOOCqOOCs+OCuSBFUzMxPGJyPuKXj+WVhuWTgeWQje+8mjE144Kk44Oz44OBPGJyPuKXj+OCteOCpOOCuu+8mjxicj7il4/lgpnogIMx77yaMuacrOS7peS4iuOBp+mAgeaWmeeEoeaWmTxicj48YnI+PGZvbnQgY29sb3I9IiNGRjAwMDAiPjHmnKzjga7loLTlkIjjg7vjg7vjg7vpgIHmlpkxMDUw5YaGPGJyPjLmnKzku6XkuIrjgafjg7vjg7vjg7vpgIHmlpnnhKHmlpk8YnI+6Zui5bO277yaMe+9njLmnKzjgIAxNTc15YaG44O7M++9njTmnKzjgIAzMTUw5YaGPGJyPuaylue4hO+8mjHvvZ4y5pys44CAMjEwMOWGhuODuzPvvZ405pys44CANDIwMOWGhjxicj48YnI+5Luj5byV5omL5pWw5paZ54Sh5paZPC9mb250Pg==,44Oo44Kz44OP44OeIOOCv+OCpOODpCBETkEg44Ko44Kz44K5IEVTMzEgMTQ1LzY1UjE1IDE0NS82NS0xNSAxNDUtNjUtMTXjgqTjg7Pjg4EgMuacrOS7peS4iuOBp+mAgeaWmeeEoeaWme+8muOCquODl+OCt+ODp+ODiuODq+ixiuWSjA==,44K144K544Oa44Oz44K344On44Oz44K344On44OD44Kv44Ki44OW44K944O844OQ44O844Oe44OV44Op44O844OW44Os44O844Kt44OR44OD44OJ44OW44Os44O844Kt44Ot44O844K/44O844Oe44OV44Op44O844Ko44Ki44Kv44Oq44O844OK44O844OW44Ot44O844Kq44OV44OQ44Or44OW6LuK6auY6Kq/5pW044Kt44OD44OI44Oh44O844K/44O844Kv44Op44OD44OBTFNE44K344O844OI44Kr44OQ44O844K544K/44OT44Op44Kk44K244O844K544OI44Op44OD44OI44K/44Ov44O844OQ44O844K544Ot44OD44OI44Or44Kz44Oz44OI44Ot44O844Op44O844K/44Kk44Ok44Kk44Oz44K/44O844Kv44O844Op44O844Ov44Kk44OJ44OI44Os44OD44OJ44K544Oa44O844K144O844OA44Km44Oz44K144K544Oo44Kz44OP44OeIOOCv+OCpOODpCBETkEg44Ko44Kz44K5IEVTMzEgMTQ1LzY1UjE1IDE0NS82NS0xNSAxNDUtNjUtMTXjgqTjg7Pjg4EgMuacrOS7peS4iuOBp+mAgeaWmeeEoeaWmQ==,44Oo44Kz44OP44OeIOOCv+OCpOODpCBETkEg44Ko44Kz44K5IEVTMzEgMTQ1LzY1UjE1IDE0NS82NS0xNSAxNDUtNjUtMTXjgqTjg7Pjg4EgMuacrOS7peS4iuOBp+mAgeaWmeeEoeaWmQ==[rn]
11-193264,aHR0cDovL3RzaG9wLnIxMHMuanAvdGlyZS16ZXJvL2NhYmluZXQvMDMwNDA5NjMvMDMxMzgyNzYvaW1nNjExMTI1NjkuanBnP2ZpdGluPTcwMDo3MDA=,OTI3NC40MDAw,,6LuK55So5ZOB44O744OQ44Kk44Kv55So5ZOBID4g44Kr44O855So5ZOBID4g44K144Oe44O844K/44Kk44Ok,6YCB5paZ54Sh5paZ4peG44Ko44OK44K744O844OWIEVDMjAy4peGMjI1LzU1UjE34peGMeacrOS+oeagvOKXhuaWsOWTgeWkj+OCv+OCpOODpOKXhuODgOODs+ODreODg+ODl+KXhkVOQVNBVkU=,5bqX6aCt57WE5pu/T0vvvIE=,6KGo56S65L6h5qC844Gv44CAPGZvbnQgY29sb3I9InJlZCIgc2l6ZT0iMiI+5paw5ZOB44K/44Kk44OkMeacrDwvZm9udD7jgIDjga7kvqHmoLzjgajjgarjgorjgb7jgZnjgII8QlI+PEJSPgrigLvmjrLovInnlLvlg4/jga/jgqTjg6Hjg7zjgrjjgafjgZnjgII8YnI+CueUu+WDj+OBq+ODm+OCpOODvOODq+OBjOWGmeOBo+OBpuOBhOOCi+WgtOWQiOOBp+OCguOAgeOBiuWxiuOBkeOBmeOCi+WVhuWTgeOBr+OCv+OCpOODpOOBruOBv+OBqOOBquOCiuOBvuOBmeOAgjxicj4K6YCB5paZ44Gv5pys5pWw44Gr6Zai5L+C44Gq44GP77yR5pys44KI44KK44CAPGZvbnQgY29sb3I9InJlZCIgc2l6ZT0iMiI+54Sh5paZPC9mb250PuOAgOOBp+OBme+8gTxCUj48QlI+CuKAu+aylue4hOOAgembouWztuOBuOOBruOBiuWxiuOBkeOBr+OAgeWIpemAlOOAgDxmb250IGNvbG9yPSJyZWQiIHNpemU9IjIiPuS4ree2meaWmemHkTwvZm9udD7jgIDjgYznmbrnlJ/jgYTjgZ/jgZfjgb7jgZnjgII8QlI+CumHkemhjeOBr+OBiuWVj+OBhOWQiOOCj+OBm+OBj+OBoOOBleOBhOOAguW9k+W6l+OBp+azqOaWh+WPl+S7mOW+jOOBq+WKoOeul+OBleOBm+OBpuOBhOOBn+OBoOOBjeOBvuOBmeOAgjxicj4K5Zyo5bqr44GM44GC44KL5ZWG5ZOB44Gv5Y2z5pel772eM+WWtualreaXpeS7peWGheOBq+eZuumAgeOBhOOBn+OBl+OBvuOBmeOAgjxCUj48QlI+CuWcqOW6q+eKtuazgeOBq+OCiOOCiuOBiuWPluOCiuWvhOOBm+OBqOOBsOOBquOCiuOBiuaZgumWk+OCkuOBhOOBn+OBoOOBj+WgtOWQiOOChOOAgTxCUj4K5oCl44Gq5qyg5ZOB44Go44Gq44KL5aC05ZCI44GM44GU44GW44GE44G+44GZ44CCPEJSPgrjgYrmgKXjgY7jga7jgYrlrqLmp5jjga/jgZTms6jmlofliY3jgavjgYrmsJfou73jgavjgYrllY/jgYTlkIjjgo/jgZvjgY/jgaDjgZXjgYTjgII=,6YCB5paZ54Sh5paZ4peG44Ko44OK44K744O844OWIEVDMjAy4peGMjI1LzU1UjE34peGMeacrOS+oeagvOKXhuaWsOWTgeWkj+OCv+OCpOODpOKXhuODgOODs+ODreODg+ODl+KXhkVOQVNBVkXvvJrjgr/jgqTjg6Tjgrfjg6fjg4Pjg5daRVJP5qW95aSp5biC5aC05bqX,6YCB5paZ54Sh5paZ4peG44Ko44OK44K744O844OWIEVDMjAy4peGMjI1LzU1UjE34peGMeacrOS+oeagvOKXhuaWsOWTgeWkj+OCv+OCpOODpOKXhuODgOODs+ODreODg+ODl+KXhkVOQVNBVkU=,5bqX6aCt57WE5pu/T0vvvIHjgILpgIHmlpnnhKHmlpnil4bjgqjjg4rjgrvjg7zjg5YgRUMyMDLil4YyMjUvNTVSMTfil4Yx5pys5L6h5qC84peG5paw5ZOB5aSP44K/44Kk44Ok4peG44OA44Oz44Ot44OD44OX4peGRU5BU0FWRQ==[rn]
11-193265,aHR0cDovL3RzaG9wLnIxMHMuanAvbWVpc2hpbi10aXJlL2NhYmluZXQvMDUxNzE1MjQvaW1ncmMwMDcwMDgxMTA5LmpwZz9maXRpbj03MDA6NzAw,MTMwNDAuMDAwMA==,,6LuK55So5ZOB44O744OQ44Kk44Kv55So5ZOBID4g44Kr44O855So5ZOBID4g44K144Oe44O844K/44Kk44Ok,4piF5pyf6ZaT6ZmQ5a6a44OW44Oq44OC44K544OI44OzIOOCqOOCs+ODlOOCoiDjgqjjg4zjgqjjgqTjg4ExMDDjgqLjg7zjg6vjg5bjgqQyMTUvNjBSMTcgOTZIIEJSSURHRVNUT05FIEVDT1BJQSBOSDEwMCBSVjIxNS82MC0xNw==,,PGNlbnRlcj48dGFibGUgYm9yZGVyPSIyIiBib3JkZXJjb2xvcj0iIzAwMDA2NiI+PHRyPjx0ZD4KPGJyPjxicj4KPGI+PGZvbnQgc2l6ZT0iMyIgY29sb3I9IiNGRjAwMDAiPuOBlOazqOaWh+eiuuWumuW+jOW9k+W6l+OCiOOCiuOBiumAgeOCiuOBhOOBn+OBl+OBvuOBmeazqOaWh+eiuuiqjeODoeODvOODq+OBq+OBpjxicj4K57SN5pyf44KS44GK5Lyd44GI44GX44Gm44GK44KK44G+44GZ44CC44Oh44O844Or44Gu44GU56K66KqN44KS44GK6aGY44GE6Ie044GX44G+44GZ44CCPC9mb250Pjxicj48YnI+Cjxmb250IHNpemU9IjIiPuKXhuiyqeWjsuS+oeagvOOBr+a2iOiyu+eojui+vOOBvzHmnKzjga7kvqHmoLzjgajjgarjgorjgb7jgZnjgILvvIjjg5vjgqTjg7zjg6vjga/llYblk4HjgavlkKvjgb7jgozjgb7jgZvjgpPjgILvvIk8YnI+PGJyPgril4cy5pys5Lul5LiK44Gu44GU5rOo5paH44Gn6YCB5paZ54Sh5paZ44Go44Gq44KK44G+44GZ44CCMeacrOOBruWgtOWQiOOBr+mAgeaWmeOBjDEwMDDlhobjgYvjgYvjgorjgb7jgZnjgII8YnI+Cu+8iOaylue4hOODu+mbouWztuODuzHpg6jlnLDln5/jga/liKXpgJTpgIHmlpnjgYzjgYvjgYvjgorjgb7jgZnjgILvvIk8YnI+PGJyPgril4bjgZTms6jmlofnorrlrprlvozjgIHllYblk4HjgpLjgZTmupblgpnoh7TjgZfjgb7jgZnjgILoo73pgKDlubTmnIjjga7jgYrllY/jgYTlkIjjgo/jgZvjga/jgZTpgaDmha7poZjjgYTjgb7jgZnjgII8YnI+PGJyPgril4fllYblk4Hjga7mrKDlk4HnrYnjgavjgojjgorntI3mnJ/jga7pgYXjgozjgIHjgZTmupblgpnjgYzlh7rmnaXjgYvjga3jgovloLTlkIjjgYzjgZTjgZbjgYTjgb7jgZnjgILkuojjgoHjgZTkuobmib/poZjjgYTjgb7jgZnjgII8YnI+PGJyPgril4bjgZTms6jmlofpoILjgY3jgb7jgZfjgZ/llYblk4Hjga/lhaXojbflvozjgIHjgZTmupblgpnjgYzmlbTjgYTmrKHnrKzpmo/mmYLnmbrpgIHjgYTjgZ/jgZfjgb7jgZnjgII8YnI+CiDjgb7jgZ/jgIHnmbrpgIHmmYLmnJ/jga7jgZTmjIflrprjga/lh7rmnaXjgYvjga3jgb7jgZnjga7jgafjgZTnkIbop6Pjga7kuIrjgZTms6jmlofjgYrpoZjjgYTjgYTjgZ/jgZfjgb7jgZnjgII8YnI+PGJyPgrimIXjgZTluIzmnJvjga7llYblk4Hjg7vjgrXjgqTjgrrjgYznhKHjgYTloLTlkIjjga/jgYrmsJfou73jgavjgYrllY/jgYTlkIjjgo/jgZvkuIvjgZXjgYTjgb7jgZvjgII8L2ZvbnQ+PC9iPjxicj48YnI+PC9jZW50ZXI+CjwvdGQ+PC90cj48L3RhYmxlPjxicj48YnI+PGJyPgo8Y2VudGVyPjxiPjxmb250IHNpemU9IjUiIGNvbG9yPSIjMDAwMDk5Ij7plbfjgY/kvb/jgaPjgabjgoLpm6jjga7ml6Xjga7lronlv4PmhJ/jgYzplbfmjIHjgaHjgII8YnI+PGJyPgrjgZnjgormuJvjgorjgavjgY/jgYTjgYvjgonkuqTmj5vjgrXjgqTjgq/jg6vjgYzplbfjgY/jgarjgovjgII8YnI+PGJyPgrjg4/jgqTjg6zjg5njg6vjgarkvY7nh4PosrvmgKfog73jgafjgYrosqHluIPjgavjgoTjgZXjgZfjgYTjgII8L2ZvbnQ+PC9iPjxicj48YnI+PGJyPgo8aW1nIHNyYz0iaHR0cDovL2ltYWdlLnJha3V0ZW4uY28uanAvbWVpc2hpbi10aXJlL2NhYmluZXQvMDUxNzE1MjQvaW1ncmMwMDcwMDgxMTA2LmpwZyI+PGJyPjxicj4KPGltZyBzcmM9Imh0dHA6Ly9pbWFnZS5yYWt1dGVuLmNvLmpwL21laXNoaW4tdGlyZS9jYWJpbmV0LzA1MTcxNTI0L2ltZ3JjMDA3MDA4MTEwNS5qcGciPgo8L2NlbnRlcj4=,4piF5pyf6ZaT6ZmQ5a6a44OW44Oq44OC44K544OI44OzIOOCqOOCs+ODlOOCoiDjgqjjg4zjgqjjgqTjg4ExMDDjgqLjg7zjg6vjg5bjgqQyMTUvNjBSMTcgOTZIIEJSSURHRVNUT05FIEVDT1BJQSBOSDEwMCBSVjIxNS82MC0xN++8muWQjeelnuOCv+OCpOODpOalveWkqeW4guWgtOW6lw==,44OW44Oq44K444K544OI44Oz44OI44O844Oo44O8QkVPUk9aRVNU44Kw44OD44OJ44Kk44Ok44O8R09PRFlFQVLjg5XjgqHjg6vjgrHjg7NGQUxLRU4yMTUgNDUgMTdZT0tPSEFNQeWQjeelnuOCv+OCpOODpOi7veODlOODrOODquODvOODgOODs+ODreODg+ODl+ODn+OCt+ODpeODqeODs+ODqOOCs+ODj+ODnkJSSURHRVNUT05F6YCa6LKp6ZmQ5a6a5paw5L2c4piF5pyf6ZaT6ZmQ5a6a44OW44Oq44OC44K544OI44OzIOOCqOOCs+ODlOOCoiDjgqjjg4zjgqjjgqTjg4ExMDDjgqLjg7zjg6vjg5bjgqQyMTUvNjBSMTcgOTZIIEJSSURHRVNUT05FIEVDT1BJQSBOSDEwMCBSVjIxNS82MC0xNw==,4piF5pyf6ZaT6ZmQ5a6a44OW44Oq44OC44K544OI44OzIOOCqOOCs+ODlOOCoiDjgqjjg4zjgqjjgqTjg4ExMDDjgqLjg7zjg6vjg5bjgqQyMTUvNjBSMTcgOTZIIEJSSURHRVNUT05FIEVDT1BJQSBOSDEwMCBSVjIxNS82MC0xNw==[rn]
11-193266,aHR0cDovL3RzaG9wLnIxMHMuanAvZ29sZC9mdWppY28vaXRlbS90eXJlX2ltZy9ETF9MRU1BTlM1XzIwMTdORVcuanBnP2ZpdGluPTcwMDo3MDA=,MTExMDQuMDAwMA==,,6LuK55So5ZOB44O744OQ44Kk44Kv55So5ZOBID4g44Kr44O855So5ZOBID4g44K144Oe44O844K/44Kk44Ok,44CQ6YCB5paZ54Sh5paZ44CRRFVOTE9QIOODgOODs+ODreODg+ODlyDjg6vjg57jg7MgVijjg5XjgqHjgqTjg5YpIDE5NS80NVIxNiA4MFcg44K/44Kk44Ok5Y2Y5ZOBMeacrOS+oeagvA==,44CQ6YCB5paZ54Sh5paZ44CR44K/44Kk44Ok5Y2Y5ZOBMeacrOS+oeagvA==,,44CQ6YCB5paZ54Sh5paZ44CRRFVOTE9QIOODgOODs+ODreODg+ODlyDjg6vjg57jg7MgVijjg5XjgqHjgqTjg5YpIDE5NS80NVIxNiA4MFcg44K/44Kk44Ok5Y2Y5ZOBMeacrOS+oeagvO+8muODleOCuOOCs+ODvOODneODrOODvOOCt+ODp+ODsw==,44K544K/44OD44OJ44Os44K544K544K/44OD44OJ44Os44K544K/44Kk44Ok44K/44Kk44Ok44Ob44Kk44O844Or44CQ6YCB5paZ54Sh5paZ44CRRFVOTE9QIOODgOODs+ODreODg+ODlyDjg6vjg57jg7MgVijjg5XjgqHjgqTjg5YpIDE5NS80NVIxNiA4MFcg44K/44Kk44Ok5Y2Y5ZOBMeacrOS+oeagvA==,44CQ6YCB5paZ54Sh5paZ44CR44K/44Kk44Ok5Y2Y5ZOBMeacrOS+oeagvOOAguOAkOmAgeaWmeeEoeaWmeOAkURVTkxPUCDjg4Djg7Pjg63jg4Pjg5cg44Or44Oe44OzIFYo44OV44Kh44Kk44OWKSAxOTUvNDVSMTYgODBXIOOCv+OCpOODpOWNmOWTgTHmnKzkvqHmoLw=[rn]
11-193267,aHR0cDovL3RzaG9wLnIxMHMuanAvY2FycGFydHMtbWFydWtlaS9jYWJpbmV0L3RpcmUveW80X2JsdWUtZWFydGgtYWUwMWYuanBnP2ZpdGluPTcwMDo3MDA=,MjI3OTMuNjAwMA==,,6LuK55So5ZOB44O744OQ44Kk44Kv55So5ZOBID4g44Kr44O855So5ZOBID4g44K144Oe44O844K/44Kk44Ok,WU9LT0hBTUEgQmx1RWFydGggQUUtMDFG44Oo44Kz44OP44OeIOODluODq+ODvOOCouODvOOCuSBBRTAxRuOAgDE4NS82MFIxNSA4NEggNOacrOOCu+ODg+ODiA==,NOacrOOCu+ODg+ODiCEhIOmAgeaWmeeEoeaWmSEh,,WU9LT0hBTUEgQmx1RWFydGggQUUtMDFG44Oo44Kz44OP44OeIOODluODq+ODvOOCouODvOOCuSBBRTAxRuOAgDE4NS82MFIxNSA4NEggNOacrOOCu+ODg+ODiO+8muOCq+ODvOODkeODvOODhOODnuODq+OCseOCpOalveWkqeW4guWgtOW6lw==,WU9LT0hBTUEgQmx1RWFydGggQUUtMDFG44Oo44Kz44OP44OeIOODluODq+ODvOOCouODvOOCuSBBRTAxRuOAgDE4NS82MFIxNSA4NEggNOacrOOCu+ODg+ODiA==,NOacrOOCu+ODg+ODiCEhIOmAgeaWmeeEoeaWmSEh44CCWU9LT0hBTUEgQmx1RWFydGggQUUtMDFG44Oo44Kz44OP44OeIOODluODq+ODvOOCouODvOOCuSBBRTAxRuOAgDE4NS82MFIxNSA4NEggNOacrOOCu+ODg+ODiA==[rn]
11-193268,aHR0cDovL3RzaG9wLnIxMHMuanAvZmVlbHByb2plY3QvY2FiaW5ldC9pdGVtL3RpcmUvaW1nNjEzOTk0NzMuanBnP2ZpdGluPTcwMDo3MDA=,MTAyMzIuMDAwMA==,,6LuK55So5ZOB44O744OQ44Kk44Kv55So5ZOBID4g44Kr44O855So5ZOBID4g44K144Oe44O844K/44Kk44Ok,MjQ1LzQwLTE5ICDjgJAyNDUvNDBSMTkgOThXIFhM44CRIE5BTktBTkcgKOODiuODs+OCq+ODsykgTlMtMjA=,5paw5ZWG5ZOB77yB44OK44Oz44Kr44Oz5pyA5LiK57Sa44Oi44OH44Or44COTlMtMjDjgI/vvIE=,44Ov44Kk44OJ44Gq55u057ea5rqd44GM44CB6auY44GE5o6S5rC05oCn6IO944Go44CB44Km44Kn44OD44OI44Kw44Oq44OD44OX44KS5a6f54++44CC6Z2Z57Kb5oCn44Gr44KC6YWN5oWu44GX44Gf44OR44K/44O844Oz44OH44K244Kk44Oz44KS5o6h55So44CC44K/44Kk44Ok44Gr5rGC44KB44KJ44KM44KL5YWo44Gm44Gu6KaB57Sg44KS6auY5rC05rqW44Gn6L+95rGC44GX44Gf44OV44Op44OD44Kw44K344OD44OX44Oi44OH44Or44Gn44GZ44CC44CC4oC744K/44Kk44Ok44Gu44G/44Gu6LKp5aOy44Gn44GZ44CC5ZWG5ZOB55S75YOP44Gu44Ob44Kk44O844Or44Gv5LuY5bGe6Ie044GX44G+44Gb44KT44CC44GU5rOo5oSP44GP44Gg44GV44GE44CC,MjQ1LzQwLTE5ICDjgJAyNDUvNDBSMTkgOThXIFhM44CRIE5BTktBTkcgKOODiuODs+OCq+ODsykgTlMtMjDvvJpGRUVMUFJPSkVDVA==,44OK44Oz44Kr44Oz6Ly45YWl44K/44Kk44Ok44OI44Op44Kk44Ki44Oz44Kw44OrMjQ1LzQwLTE5ICDjgJAyNDUvNDBSMTkgOThXIFhM44CRIE5BTktBTkcgKOODiuODs+OCq+ODsykgTlMtMjA=,5paw5ZWG5ZOB77yB44OK44Oz44Kr44Oz5pyA5LiK57Sa44Oi44OH44Or44COTlMtMjDjgI/vvIHjgIIyNDUvNDAtMTkgIOOAkDI0NS80MFIxOSA5OFcgWEzjgJEgTkFOS0FORyAo44OK44Oz44Kr44OzKSBOUy0yMA==[rn]
11-193269,aHR0cDovL3RzaG9wLnIxMHMuanAvbWFsdXplbi9jYWJpbmV0L3RpcmVfdC93cl9yMzMwLmpwZz9maXRpbj03MDA6NzAw,NTA5Ni4wMDAw,,6LuK55So5ZOB44O744OQ44Kk44Kv55So5ZOBID4g44Kr44O855So5ZOBID4g44K144Oe44O844K/44Kk44Ok,6YCB5paZ54Sh5paZ4pagV0lOUlVOICjjgqbjgqTjg7Pjg6njg7MpIOOCpuOCo+ODs+ODqeODsyBSMzMw4pagMjQ1LzM1UjE5IDkzVyBYTOKWoOaVsOmHj+mZkOWumuS+oeagvOKWoOOCteODnuODvOOCv+OCpOODpOWNmOWTgQ==,4pagMjQ1LzM1UjE544CQ44K144Oe44O844K/44Kk44Ok5Y2Y5ZOB44CR,4oaRW+eUu+WDjzLvvZ5d44K/44Kk44Ok44Gu55S75YOPPGJyPgoK4peP6YCB5paZ44GvPEZPTlQgY29sb3I9IiNmZjAwMDAiPueEoeaWmTwvRk9OVD7jgafjgZk8YnI+CuKAu+mbouWztuODu+aylue4hOOBr+OBiuWVj+OBhOWQiOOCj+OBm+S4i+OBleOBhDxicj4K5L6h5qC844GvMeacrOS+oeagvOOBq+OBquOCiuOBvuOBmeOAgjxicj4KMuacrOS7peS4iuOBlOazqOaWh+OBruWgtOWQiOOBr+aVsOmHj+OCkuWFpeWKm+OBl+OBpuS4i+OBleOBhOOAgg==,6YCB5paZ54Sh5paZ4pagV0lOUlVOICjjgqbjgqTjg7Pjg6njg7MpIOOCpuOCo+ODs+ODqeODsyBSMzMw4pagMjQ1LzM1UjE5IDkzVyBYTOKWoOaVsOmHj+mZkOWumuS+oeagvOKWoOOCteODnuODvOOCv+OCpOODpOWNmOWTge+8muOCq+ODvOODneODvOODiOODnuODq+OCvOODsyDmpb3lpKnluILloLTlupc=,44Oe44Or44K844Oz44Kr44O844Od44O844OI44Oe44Or44K844Oz44K/44Kk44Ok44Oe44Or44K844Oz44Ki44Or44Of44Ob44Kk44O844Or44K/44Kk44Ok77yF77yv77ym77ym44K544K/44OD44OJ44Os44K55r+A5a6J6YCB5paZ54Sh5paZ44O044Kn44Or44OV44Kh44Kk44Ki44Ko44K544OG44Kj44Oe44OV44Kj44OD44OI44OX44Oq44Km44K544Km44Kj44OD44K344Ol44Ov44K044Oz77yy44Ki44Kv44KiTkJPWOODj+OCpOOCqOODvOOCueOCouODq+ODleOCoeODvOODiemAgeaWmeeEoeaWmeKWoFdJTlJVTiAo44Km44Kk44Oz44Op44OzKSDjgqbjgqPjg7Pjg6njg7MgUjMzMOKWoDI0NS8zNVIxOSA5M1cgWEzilqDmlbDph4/pmZDlrprkvqHmoLzilqDjgrXjg57jg7zjgr/jgqTjg6TljZjlk4E=,4pagMjQ1LzM1UjE544CQ44K144Oe44O844K/44Kk44Ok5Y2Y5ZOB44CR44CC6YCB5paZ54Sh5paZ4pagV0lOUlVOICjjgqbjgqTjg7Pjg6njg7MpIOOCpuOCo+ODs+ODqeODsyBSMzMw4pagMjQ1LzM1UjE5IDkzVyBYTOKWoOaVsOmHj+mZkOWumuS+oeagvOKWoOOCteODnuODvOOCv+OCpOODpOWNmOWTgQ==[rn]
11-193270,aHR0cDovL3RzaG9wLnIxMHMuanAvbWF1dG9nYWxsZXJ5L2NhYmluZXQvc3VtbWVyL2tva3VzYW4vYnMvaW1ncmMwMDcwODA4MjIwLmpwZz9maXRpbj03MDA6NzAw,MTg4ODAuMDAwMA==,,6LuK55So5ZOB44O744OQ44Kk44Kv55So5ZOBID4g44Kr44O855So5ZOBID4g44K144Oe44O844K/44Kk44Ok,44OW44Oq44OC44K544OI44OzIOODrOOCsOODjiDjgrjjg7zjgqLjg7zjg6vjg5bjgqTjg4Tjg7wgQlJJREdFU1RPTkUgUkVHTk8gR1JWSUkgR1JWMiAyMjUvNTVSMTgoMjI1LzU1LTE4KSA5OFYg5paw5ZOB5Zu955Sj44K144Oe44O844K/44Kk44OkMeacrCDjgJAy5pys5Lul5LiK6YCB5paZ54Sh5paZ44CR,44CQ44GK5Y+W44KK5a+E44Gb5ZOBIOS7o+W8leS4jeWPr+OAkQ==,4oC7MeacrOOBruWgtOWQiOOAgemAgeaWme+/pTEsMDgwLTxicj7igLvmspbnuITjg7vpm6Lls7bjga/liKXpgJTpm6Lls7bkuK3ntpnmlpnjgYznmbrnlJ/oh7TjgZfjgb7jgZnjgILjgZTms6jmlofliY3jgavjgYrllY/jgYTlkIjjgo/jgZvkuIvjgZXjgYTjgII8YnI+CuOBlOazqOaWh+WPiuOBs+OBlOaxuua4iOWujOS6huasoeesrOODoeODvOOCq+ODvOOBq+aJi+mFjeW+jOOAgee0jeacn+OCkuOBlOmAo+e1oeOBleOBm+OBpumgguOBjeOBvuOBmeOAgjxicj4K44Oh44O844Kr44O844Gr5Zyo5bqr44GM44GC44Gj44Gf5aC05ZCI44Gv55uu5a6J44Go44GX44GmM++9njXml6XliY3lvozjgafjga7jgYrlsYrjgZHjgajjgarjgorjgb7jgZnjgII8YnI+CuWwmuOAgeODoeODvOOCq+ODvOasoOWTgeOBrumam+OBr+OBlOmAo+e1oeOBruOBhuOBiOOBlOazqOaWh+OCreODo+ODs+OCu+ODq+OBruaJi+e2muOBjeOCkuWPluOCieOBm+OBpumgguOBjeOBvuOBmeOBruOBp+OBlOS6huaJv+S4i+OBleOBhOOAgjxicj7jgYrmgKXjgY7jga7loLTlkIjjga/kuojjgoHlnKjluqvjga7norroqo3jgpLjgYrpoZjjgYTjgZfjgb7jgZnjgII8YnI+CuKAu+ODm+OCpOODvOODq+OBr+S7mOWxnuOBl+OBvuOBm+OCk+OAgjxicj4KPGltZyBzcmM9aHR0cDovL2ltYWdlLnJha3V0ZW4uY28uanAvbWF1dG9nYWxsZXJ5L2NhYmluZXQvc3VtbWVyL2tva3VzYW4vYnMvaW1ncmMwMDcxMDQwNTM1LmpwZyBCT1JERVI9MCB3aWR0aD0xMDAlPgo8aW1nIHNyYz1odHRwOi8vaW1hZ2UucmFrdXRlbi5jby5qcC9tYXV0b2dhbGxlcnkvY2FiaW5ldC9zdW1tZXIva29rdXNhbi9icy9pbWdyYzAwNzEwNDA1MTUuanBnIEJPUkRFUj0wIHdpZHRoPTEwMCU+CjxpbWcgc3JjPWh0dHA6Ly9pbWFnZS5yYWt1dGVuLmNvLmpwL21hdXRvZ2FsbGVyeS9jYWJpbmV0L3N1bW1lci9rb2t1c2FuL2JzL2ltZ3JjMDA3MTA0MDUzMS5qcGcgQk9SREVSPTAgd2lkdGg9MTAwJT4KPGltZyBzcmM9aHR0cDovL2ltYWdlLnJha3V0ZW4uY28uanAvbWF1dG9nYWxsZXJ5L2NhYmluZXQvc3VtbWVyL2tva3VzYW4vYnMvaW1ncmMwMDcxMDQwNTMyLmpwZyBCT1JERVI9MCB3aWR0aD0xMDAlPg==,44OW44Oq44OC44K544OI44OzIOODrOOCsOODjiDjgrjjg7zjgqLjg7zjg6vjg5bjgqTjg4Tjg7wgQlJJREdFU1RPTkUgUkVHTk8gR1JWSUkgR1JWMiAyMjUvNTVSMTgoMjI1LzU1LTE4KSA5OFYg5paw5ZOB5Zu955Sj44K144Oe44O844K/44Kk44OkMeacrCDjgJAy5pys5Lul5LiK6YCB5paZ54Sh5paZ44CR77ya44Ko44Og44Kq44O844OI44Ku44Oj44Op44Oq44O8,44OW44Oq44OC44K544OI44OzIOODrOOCsOODjiDjgrjjg7zjgqLjg7zjg6vjg5bjgqTjg4Tjg7wgQlJJREdFU1RPTkUgUkVHTk8gR1JWSUkgR1JWMiAyMjUvNTVSMTgoMjI1LzU1LTE4KSA5OFYg5paw5ZOB5Zu955Sj44K144Oe44O844K/44Kk44OkMeacrCDjgJAy5pys5Lul5LiK6YCB5paZ54Sh5paZ44CR,44CQ44GK5Y+W44KK5a+E44Gb5ZOBIOS7o+W8leS4jeWPr+OAkeOAguODluODquODguOCueODiOODsyDjg6zjgrDjg44g44K444O844Ki44O844Or44OW44Kk44OE44O8IEJSSURHRVNUT05FIFJFR05PIEdSVklJIEdSVjIgMjI1LzU1UjE4KDIyNS81NS0xOCkgOThWIOaWsOWTgeWbveeUo+OCteODnuODvOOCv+OCpOODpDHmnKwg44CQMuacrOS7peS4iumAgeaWmeeEoeaWmeOAkQ==[rn]
11-193271,aHR0cDovL3RzaG9wLnIxMHMuanAvaW1hb2thL2NhYmluZXQvc2FtdW5ldGlyZS90b3lvX3QxLmpwZz9maXRpbj03MDA6NzAw,MTE0MjIuNDAwMA==,,6LuK55So5ZOB44O744OQ44Kk44Kv55So5ZOBID4g44Kr44O855So5ZOBID4g44K144Oe44O844K/44Kk44Ok,WzIxNS80MFIxOCA4OVkgWExdIFBST1hFUyBUMSBzcG9ydCDjg5fjg63jgq/jgrvjgrkg44OG44Kj44O844Ov44Oz44K544Od44O844OEIDIxNS80MFpSMThUT1lPIFRJRVJTKOODiOODvOODqOODvOOCv+OCpOODpCkg4pag5paw5ZOBMeacrOODu+ato+imj+WTgSDjgJDjgrXjg57jg7zjgr/jgqTjg6TjgJHjgJDjgrnjg53jg7zjg4Tjgr/jgqTjg6TjgJHjgJAjMVAy44CR,,6YCB5paZ44Gr44Gk44GN44G+44GX44Gm44Gv44CM5Lya56S+5qaC6KaB44CN44GL44KJ44GU56K66KqN5LiL44GV44GE44CC,WzIxNS80MFIxOCA4OVkgWExdIFBST1hFUyBUMSBzcG9ydCDjg5fjg63jgq/jgrvjgrkg44OG44Kj44O844Ov44Oz44K544Od44O844OEIDIxNS80MFpSMThUT1lPIFRJRVJTKOODiOODvOODqOODvOOCv+OCpOODpCkg4pag5paw5ZOBMeacrOODu+ato+imj+WTgSDjgJDjgrXjg57jg7zjgr/jgqTjg6TjgJHjgJDjgrnjg53jg7zjg4Tjgr/jgqTjg6TjgJHjgJAjMVAy44CR77ya44Kr44O844Oe44OL44KiTm8uMQ==,MTk1LzY1UjE1MjA1LzU1UjE244K544K/44OD44OJ44Os44K544OP44K544Op44O844K744Oz44K/44O844Kt44Oj44OD44OXMTc1LzY1UjE1Q1gtNeODj+ODquOCouODvOODj+OCpOOCqOODvOOCuUZILTYxMDBEVkTjgqvjg63jg4Pjg4Tjgqfjg6rjgqJ1cCHjgrjjg6Xjg6rjgqjjg4Pjgr9CTVfnqbTjg4bjg7zjg6vjg6njg7Pjg5fjgqjjgrnjgq/jgqHjgqTjgqJCQlPjg6zjgqrjg4vjgrnou73jg4jjg6lbMjE1LzQwUjE4IDg5WSBYTF0gUFJPWEVTIFQxIHNwb3J0IOODl+ODreOCr+OCu+OCuSDjg4bjgqPjg7zjg6/jg7Pjgrnjg53jg7zjg4QgMjE1LzQwWlIxOFRPWU8gVElFUlMo44OI44O844Oo44O844K/44Kk44OkKSDilqDmlrDlk4Ex5pys44O75q2j6KaP5ZOBIOOAkOOCteODnuODvOOCv+OCpOODpOOAkeOAkOOCueODneODvOODhOOCv+OCpOODpOOAkeOAkCMxUDLjgJE=,WzIxNS80MFIxOCA4OVkgWExdIFBST1hFUyBUMSBzcG9ydCDjg5fjg63jgq/jgrvjgrkg44OG44Kj44O844Ov44Oz44K544Od44O844OEIDIxNS80MFpSMThUT1lPIFRJRVJTKOODiOODvOODqOODvOOCv+OCpOODpCkg4pag5paw5ZOBMeacrOODu+ato+imj+WTgSDjgJDjgrXjg57jg7zjgr/jgqTjg6TjgJHjgJDjgrnjg53jg7zjg4Tjgr/jgqTjg6TjgJHjgJAjMVAy44CR[rn]
11-193272,aHR0cDovL3RzaG9wLnIxMHMuanAvYXV0b3dheS9jYWJpbmV0L21haW5pbWFnZS90aXJlX21haW4vcmFkYXIvcmQwMDA3Mi5qcGc/Zml0aW49NzAwOjcwMA==,MjkzNi4wMDAw,,6LuK55So5ZOB44O744OQ44Kk44Kv55So5ZOBID4g44Kr44O855So5ZOBID4g44K144Oe44O844K/44Kk44Ok,44CQ6YCB5paZ54Sh5paZ44CR44CQ5Y2z5pel55m66YCB44CR4pagUkFEQVIo44Os44O844OA44O8KVJMVDcxIDE0NVIxMiA4UFIgODYvODRRKDE0NS0xMuOCpOODs+ODgSnjgIrmpJzntKLnlKjjgIvjgr/jgqTjg6Tjga5BVVRPV0FZ77yI44Kq44O844OI44Km44Kn44Kk77yJ44K144Oe44O844K/44Kk44Ok44CQUkNQ44CRMDVQMDFPY3QxNg==,4pag5pyA5a6J5YCk5oyR5oim5Lit77yB44CQ5paw5ZOB44K/44Kk44Ok44CR44CQ44K144Oe44O844K/44Kk44Ok44CR,UmFkYXIgUkxUNzEgMTQ1UjEyIDhQUiA4Ni84NFE8QlI+PEJSPuKWoOOCt+ODs+OCrOODneODvOODq+eZuuOBruOCsOODreODvOODkOODq+OCv+OCpOODpOODluODqeODs+ODiVJBREFSKOODrOODvOODgOODvCnjgIIK5LiW55WM5Yid44Gu55Kw5aKD44Gr5YSq44GX44GE4oCc44Kr44O844Oc44Oz44OL44Ol44O844OI44Op44Or5om/6KqN4oCd44KS5Y+W5b6X44GX44Gf44K/44Kk44Ok44OW44Op44Oz44OJ44Gn44GZ44CCCuKWoFJhZGFyIFJMVDcxKOODrOODvOODgOODvCBSTFQ3MSnjgIDjga/jgIHllYbnlKjou4rjg7vjg5Djg7PnlKjjgafjgYLjgorjgarjgYzjgonjgIHpnZnnspvmgKfjgYzpq5jjgY/jgIHlhKrjgozjgZ/kuZfjgorlv4PlnLDjgpLmj5DkvpvjgZfjgabjgY/jgozjgb7jgZnjgILjgb7jgZ/ogJDkuYXmgKfjgoLpq5jjgY/jgIHlgY/mkanogJfjgbjjga7ogJDmgKfjgavjgoLlhKrjgozjgabjgYTjgb7jgZnjgIIK5ZWG55So6LuK44O744OQ44Oz55So44Op44K444Ki44Or44K/44Kk44Ok44Gn44GZ44CCPEJSPjxCUj7lpJblvoTvvJo1NDJtbeOAgOW5he+8mjE1M21t44CA5o6o5aWo44Oq44Og5bmF77yaNEo8QlI+PEJSPg==,44CQ6YCB5paZ54Sh5paZ44CR44CQ5Y2z5pel55m66YCB44CR4pagUkFEQVIo44Os44O844OA44O8KVJMVDcxIDE0NVIxMiA4UFIgODYvODRRKDE0NS0xMuOCpOODs+ODgSnjgIrmpJzntKLnlKjjgIvjgr/jgqTjg6Tjga5BVVRPV0FZ77yI44Kq44O844OI44Km44Kn44Kk77yJ44K144Oe44O844K/44Kk44Ok44CQUkNQ44CRMDVQMDFPY3QxNu+8mkFVVE9XQVnvvIjjgqrjg7zjg4jjgqbjgqfjgqTvvIk=,44Kq44O844OI44Km44Kn44Kk5r+A5a6J44K/44Kk44Ok44OK44Oz44Kr44OzYXV0b3dheeODiuODs+OCq+ODs+OAgOOCv+OCpOODpG5hbmthbmfjg5Xjgqfjg4fjg6njg6vpgJrosqnjgIDjgr/jgqTjg6TovLjlhaXjgIDjgr/jgqTjg6RuZXhlbuODleOCp+ODh+ODqeODq+OAgOOCv+OCpOODpGZlZGVyYWzovLjlhaXjgIDjgr/jgqTjg6TjgIDkvqHmoLx0YWl5YeOCueOCv+ODg+ODieODrOOCueOCv+OCpOODpOOCv+OCpOODpOOAgOiyqeWjsuODiuODs+OCq+ODs+OAgOOCueOCv+ODg+ODieODrOOCueOCv+OCpOODpOOCv+OCpOODpOOAgOWuieWjsuOCiuOCv+OCpOODpOOAgOOCteOCpOOCuuOAkOmAgeaWmeeEoeaWmeOAkeOAkOWNs+aXpeeZuumAgeOAkeKWoFJBREFSKOODrOODvOODgOODvClSTFQ3MSAxNDVSMTIgOFBSIDg2Lzg0USgxNDUtMTLjgqTjg7Pjg4Ep44CK5qSc57Si55So44CL44K/44Kk44Ok44GuQVVUT1dBWe+8iOOCquODvOODiOOCpuOCp+OCpO+8ieOCteODnuODvOOCv+OCpOODpOOAkFJDUOOAkTA1UDAxT2N0MTY=,4pag5pyA5a6J5YCk5oyR5oim5Lit77yB44CQ5paw5ZOB44K/44Kk44Ok44CR44CQ44K144Oe44O844K/44Kk44Ok44CR44CC44CQ6YCB5paZ54Sh5paZ44CR44CQ5Y2z5pel55m66YCB44CR4pagUkFEQVIo44Os44O844OA44O8KVJMVDcxIDE0NVIxMiA4UFIgODYvODRRKDE0NS0xMuOCpOODs+ODgSnjgIrmpJzntKLnlKjjgIvjgr/jgqTjg6Tjga5BVVRPV0FZ77yI44Kq44O844OI44Km44Kn44Kk77yJ44K144Oe44O844K/44Kk44Ok44CQUkNQ44CRMDVQMDFPY3QxNg==[rn]
11-193273,aHR0cDovL3RzaG9wLnIxMHMuanAvYXVjLXRpcmV3aGVlbHNob3AvY2FiaW5ldC9uZXhlbi9uNTAwMF9wbHVzL241MDAwcGx1c190b3AuanBnP2ZpdGluPTcwMDo3MDA=,MTQ1NjAuMDAwMA==,,6LuK55So5ZOB44O744OQ44Kk44Kv55So5ZOBID4g44Kr44O855So5ZOBID4g44K144Oe44O844K/44Kk44Ok,Mjk1LzI1UjIyIDk3VyBYTCDjgJDjg43jgq/jgrvjg7MgTjUwMDAgUExVU+OAkSDjgJBORVhFTiBONTAwMCBQTFVT44CR44CQ5paw5ZOB44CR,TkVYRU4gTjUwMDAg44ON44Kv44K744OzMjk1LzI1WlIyMiAyOTUvMjUtMjI=,PEZPTlQgQ09MT1I9IzAwMDBmZj7jg6Hjg7zjgqvjg7zlkI3vvJpORVhFTjwvRk9OVD48QlI+CjxGT05UIENPTE9SPSMwMDBGRj5ONTAwMCBQTFVTPC9GT05UPgo8Rk9OVCBDT0xPUj0jMDAwMEZGPuOCteOCpOOCuu+8mjI5NS8yNVpSMjIgOTdXIFhMPC9GT05UPjxCUj4KPGJyPgoK4pag6Z+T5Zu95aSn5omL44K/44Kk44Ok44Oh44O844Kr44O8IE5FWEVO44CCPEJSPgrilqDliZvmgKfjg5bjg63jg4Pjgq/jgojjgorpq5jpgJ/otbDooYzmgKfog73jgpLjgqLjg4Pjg5fjgrDjg6zjg7zjg4njgZfmk43nuKblronlrprmgKfjgpLlkJHkuIo8QlI+CuKWoOaoqua6neOBqOWdh+S4gOOBquODluODreODg+OCr+ioreioiOOBr+mdmeOBi+OBp+W/q+mBqeOBquODieODqeOCpOODluOCkuWxiuOBkeOBvuOBmTxCUj4K4pag6auY5oCn6IO96Z2e5a++56ew44OR44K/44O844OzPEJSPgoK4oC75pys5ZWG5ZOB44Gv44Op44OD44OU44Oz44Kw5qKx5YyF44Gu5a++6LGh5aSW44Gn44GZ44CCPGJyPgrmorHljIXjga/nsKHmmJPjg5Djg7Pjg4njga7jgb/jgaflm7rlrprjgZfjgZ/nirbmhYvjgafjga7nmbrpgIHjgajjgarjgorjgb7jgZnjgII8YnI+,Mjk1LzI1UjIyIDk3VyBYTCDjgJDjg43jgq/jgrvjg7MgTjUwMDAgUExVU+OAkSDjgJBORVhFTiBONTAwMCBQTFVT44CR44CQ5paw5ZOB44CR77yadGlyZXdoZWVsIOalveWkqeW4guWgtOW6lw==,dGlyZXdoZWVsc2hvcOOCv+OCpOODpOODm+OCpOODvOODqzI5NS8yNVIyMiA5N1cgWEwg44CQ44ON44Kv44K744OzIE41MDAwIFBMVVPjgJEg44CQTkVYRU4gTjUwMDAgUExVU+OAkeOAkOaWsOWTgeOAkQ==,TkVYRU4gTjUwMDAg44ON44Kv44K744OzMjk1LzI1WlIyMiAyOTUvMjUtMjLjgIIyOTUvMjVSMjIgOTdXIFhMIOOAkOODjeOCr+OCu+ODsyBONTAwMCBQTFVT44CRIOOAkE5FWEVOIE41MDAwIFBMVVPjgJHjgJDmlrDlk4HjgJE=[rn]
11-193274,aHR0cDovL3RzaG9wLnIxMHMuanAvY2FycGFydHMtbWFydWtlaS9jYWJpbmV0L3RpcmUvZHU0dGFfZGlyZXp6YS12My5qcGc/Zml0aW49NzAwOjcwMA==,Mjk2NjUuNjAwMA==,,6LuK55So5ZOB44O744OQ44Kk44Kv55So5ZOBID4g44Kr44O855So5ZOBID4g44K144Oe44O844K/44Kk44Ok,44OA44Oz44Ot44OD44OXIOODh+OCo+ODrOODg+ODhOOCoSBaMyBaSUlJ44CAMTg1LzYwUjE0IDgySCA05pys44K744OD44OI,NOacrOOCu+ODg+ODiCEhIOmAgeaWmeeEoeaWmSEh,,44OA44Oz44Ot44OD44OXIOODh+OCo+ODrOODg+ODhOOCoSBaMyBaSUlJ44CAMTg1LzYwUjE0IDgySCA05pys44K744OD44OI77ya44Kr44O844OR44O844OE44Oe44Or44Kx44Kk5qW95aSp5biC5aC05bqX,44OA44Oz44Ot44OD44OXIOODh+OCo+ODrOODg+ODhOOCoSBaMyBaSUlJ44CAMTg1LzYwUjE0IDgySCA05pys44K744OD44OI,NOacrOOCu+ODg+ODiCEhIOmAgeaWmeeEoeaWmSEh44CC44OA44Oz44Ot44OD44OXIOODh+OCo+ODrOODg+ODhOOCoSBaMyBaSUlJ44CAMTg1LzYwUjE0IDgySCA05pys44K744OD44OI[rn]
11-193275,aHR0cDovL3RzaG9wLnIxMHMuanAvYXVjLXRpcmV3aGVlbHNob3AvY2FiaW5ldC95b2tvaGFtYV9sb2dvL3lvX2cwNTVfdG9wLmpwZz9maXRpbj03MDA6NzAw,MTI0MDAuMDAwMA==,,6LuK55So5ZOB44O744OQ44Kk44Kv55So5ZOBID4g44Kr44O855So5ZOBID4g44K144Oe44O844K/44Kk44Ok,44CQ44Op44K544OIMuacrOOAkeOAkDIwMTblubToo73jgJEyMTUvNjBSMTcgOTZI44CQ44Oo44Kz44OP44OeIOOCuOOCquODqeODs+ODgOODvCDjgqjjgrnjg6bjg7zjg5bjgqQgRzA1NeOAkeOAkFlPS09IQU1BIEdFT0xBTkRBUiBTVVYgRzA1NeOAkeOAkOaWsOWTgeOAkQ==,MjE1LzYwUjE3IDIxNS82MC0xN1lPS09IQU1BIEdFT0xBTkRBUiBTVVYgRzA1NQ==,PGZvbnQgY29sb3I9IzAwMDBmZj7jg6Hjg7zjgqvjg7zlkI3vvJpZT0tPSEFNQSBUSVJFPC9mb250Pjxicj4KPGZvbnQgY29sb3I9IzAwMDBmZj7jgr/jgqTjg6TlkI3vvJpHRU9MQU5EQVIgU1VWIEcwNTUgRzAxMjwvZm9udD48YnI+Cjxmb250IGNvbG9yPSMwMDAwZmY+44K144Kk44K677yaMjE1LzYwUjE3IDk2SDwvZm9udD48QlI+Cjxmb250IGNvbG9yPSMwMDAwZmY+6KO96YCg5bm077yaMjAxNuW5tOijvTwvZm9udD48QlI+CjxCUj4KCkdFT0xBTkRBUiBTVVYgRzA1NSAo44K444Kq44Op44Oz44OA44O844O744Ko44K544Om44O844OW44Kk44O7RzA1NSk8QlI+CuKWoOOCuOOCquODqeODs+ODgOODvOOBruiAkOS5heaAp+OBqOODluODq+ODvOOCouODvOOCueOBrueSsOWig+aAp+iDveOBjOeUn+OCk+OBoOOAjFNVVueUqOS9jueHg+iyu+OCv+OCpOODpOOAjeOAgjxCUj4K4pag44OR44K/44O844Oz44OO44Kk44K644KS5L2O5rib44GZ44KL44CMNeODlOODg+ODgeODkOODquOCqOODvOOCt+ODp+ODs+OAjeaOoeeUqOOAgjxCUj4K4pag5L2O54eD6LK744O76auY6ICQ5LmF5oCn44Gu44OW44Os44Oz44OJ44Od44Oq44Oe44O844CB44Gd44GX44Gm44CM44Kq44Os44Oz44K444Kq44Kk44Or44CN44KS6YWN5ZCI44CCPEJSPgrilqDogJDnt6jmkanogJfjgavjgoLlirnmnpzjgpLnmbrmj67jgZnjgovjgIHjgIzkvY7nh4Posrvjg5fjg63jg5XjgqHjgqTjg6vjgI3jgpLmjqHnlKjjgII8QlI+PEJSPg==,44CQ44Op44K544OIMuacrOOAkeOAkDIwMTblubToo73jgJEyMTUvNjBSMTcgOTZI44CQ44Oo44Kz44OP44OeIOOCuOOCquODqeODs+ODgOODvCDjgqjjgrnjg6bjg7zjg5bjgqQgRzA1NeOAkeOAkFlPS09IQU1BIEdFT0xBTkRBUiBTVVYgRzA1NeOAkeOAkOaWsOWTgeOAke+8mnRpcmV3aGVlbCDmpb3lpKnluILloLTlupc=,dGlyZXdoZWVsc2hvcOOCv+OCpOODpOODm+OCpOODvOODq+OAkOODqeOCueODiDLmnKzjgJHjgJAyMDE25bm06KO944CRMjE1LzYwUjE3IDk2SOOAkOODqOOCs+ODj+ODniDjgrjjgqrjg6njg7Pjg4Djg7wg44Ko44K544Om44O844OW44KkIEcwNTXjgJHjgJBZT0tPSEFNQSBHRU9MQU5EQVIgU1VWIEcwNTXjgJHjgJDmlrDlk4HjgJE=,MjE1LzYwUjE3IDIxNS82MC0xN1lPS09IQU1BIEdFT0xBTkRBUiBTVVYgRzA1NeOAguOAkOODqeOCueODiDLmnKzjgJHjgJAyMDE25bm06KO944CRMjE1LzYwUjE3IDk2SOOAkOODqOOCs+ODj+ODniDjgrjjgqrjg6njg7Pjg4Djg7wg44Ko44K544Om44O844OW44KkIEcwNTXjgJHjgJBZT0tPSEFNQSBHRU9MQU5EQVIgU1VWIEcwNTXjgJHjgJDmlrDlk4HjgJE=[rn]
11-193276,aHR0cDovL3RzaG9wLnIxMHMuanAvdGlyZXNob3BwZWFybC9jYWJpbmV0L3MwMDEuanBnP2ZpdGluPTcwMDo3MDA=,Mjg2NDAuMDAwMA==,,6LuK55So5ZOB44O744OQ44Kk44Kv55So5ZOBID4g44Kr44O855So5ZOBID4g44K144Oe44O844K/44Kk44Ok,QlJJREdFU1RPTkUo44OW44Oq44OC44K544OI44OzKSBQT1RFTlpBIOODneODhuODs+OCtiBTMDAxIDI1NS80MFIxOCA5OVkgWEw=,44CQ77yS5pys5Lul5LiK6YCB5paZ54Sh5paZ77yB44CR5YWo5ZOB44K044Og44OQ44Or44OW5LuY44GN4pmq,,QlJJREdFU1RPTkUo44OW44Oq44OC44K544OI44OzKSBQT1RFTlpBIOODneODhuODs+OCtiBTMDAxIDI1NS80MFIxOCA5OVkgWEzvvJrjgr/jgqTjg6Tjgrfjg6fjg4Pjg5fjgIDjg5Hjg7zjg6s=,QlJJREdFU1RPTkUo44OW44Oq44OC44K544OI44OzKSBQT1RFTlpBIOODneODhuODs+OCtiBTMDAxIDI1NS80MFIxOCA5OVkgWEw=,44CQ77yS5pys5Lul5LiK6YCB5paZ54Sh5paZ77yB44CR5YWo5ZOB44K044Og44OQ44Or44OW5LuY44GN4pmq44CCQlJJREdFU1RPTkUo44OW44Oq44OC44K544OI44OzKSBQT1RFTlpBIOODneODhuODs+OCtiBTMDAxIDI1NS80MFIxOCA5OVkgWEw=[rn]
11-193277,aHR0cDovL3RzaG9wLnIxMHMuanAvdGlyZS13b29kcy9jYWJpbmV0L2ltZzU2NTI3MzU1LmpwZz9maXRpbj03MDA6NzAw,MjE4NDAuMDAwMA==,,6LuK55So5ZOB44O744OQ44Kk44Kv55So5ZOBID4g44Kr44O855So5ZOBID4g44K144Oe44O844K/44Kk44Ok,44Of44K344Ol44Op44OzIFBpbG90U3BvcnQzKOODkeOCpOODreODg+ODiOOCueODneODvOODhDPvvIkgMjQ1LzQ1UjE5IDEwMlkgWEwgTU8o44Oh44Or44K744OH44K5KSAyNDUvNDVSMTlQaWxvdFNwb3J0MzI0NS80NVIxOSBQUzMyNDUvNDVSMTkyNDUvNDVSMTlQaWxvdFNwb3J0Mjc1LzQwUjE5,6YCB5paZ54Sh5paZ77yB,,44Of44K344Ol44Op44OzIFBpbG90U3BvcnQzKOODkeOCpOODreODg+ODiOOCueODneODvOODhDPvvIkgMjQ1LzQ1UjE5IDEwMlkgWEwgTU8o44Oh44Or44K744OH44K5KSAyNDUvNDVSMTlQaWxvdFNwb3J0MzI0NS80NVIxOSBQUzMyNDUvNDVSMTkyNDUvNDVSMTlQaWxvdFNwb3J0Mjc1LzQwUjE577ya44K/44Kk44Ok44O844Km44OD44K6,44Of44K344Ol44Op44OzIFBpbG90U3BvcnQzKOODkeOCpOODreODg+ODiOOCueODneODvOODhDPvvIkgMjQ1LzQ1UjE5IDEwMlkgWEwgTU8o44Oh44Or44K744OH44K5KSAyNDUvNDVSMTlQaWxvdFNwb3J0MzI0NS80NVIxOSBQUzMyNDUvNDVSMTkyNDUvNDVSMTlQaWxvdFNwb3J0Mjc1LzQwUjE5,6YCB5paZ54Sh5paZ77yB44CC44Of44K344Ol44Op44OzIFBpbG90U3BvcnQzKOODkeOCpOODreODg+ODiOOCueODneODvOODhDPvvIkgMjQ1LzQ1UjE5IDEwMlkgWEwgTU8o44Oh44Or44K744OH44K5KSAyNDUvNDVSMTlQaWxvdFNwb3J0MzI0NS80NVIxOSBQUzMyNDUvNDVSMTkyNDUvNDVSMTlQaWxvdFNwb3J0Mjc1LzQwUjE5[rn]
11-193278,aHR0cDovL3RzaG9wLnIxMHMuanAvbWVpc2hpbi10aXJlL2NhYmluZXQvMDUxNzE1MjQvaW1ncmMwMDcwMDkyMzM1LmpwZz9maXRpbj03MDA6NzAw,ODMyMC4wMDAw,,6LuK55So5ZOB44O744OQ44Kk44Kv55So5ZOBID4g44Kr44O855So5ZOBID4g44K144Oe44O844K/44Kk44Ok,44OW44Oq44OC44K544OI44OzIOODh+ODpeODvOODqeODvCDjgqjjg7zjg4bjg7zjg7vjgrzjg63jgrzjg63jg6/jg7MxNzUvODBSMTUgOTBTQlJJREdFU1RPTkUgRFVFTEVSIEEvVDAwMTE3NS84MC0xNQ==,,PGNlbnRlcj48dGFibGUgYm9yZGVyPSIyIiBib3JkZXJjb2xvcj0iIzAwMDA2NiI+PHRyPjx0ZD4KPGJyPjxicj4KPGI+PGZvbnQgc2l6ZT0iMyIgY29sb3I9IiNGRjAwMDAiPuOBlOazqOaWh+eiuuWumuW+jOW9k+W6l+OCiOOCiuOBiumAgeOCiuOBhOOBn+OBl+OBvuOBmeazqOaWh+eiuuiqjeODoeODvOODq+OBq+OBpjxicj4K57SN5pyf44KS44GK5Lyd44GI44GX44Gm44GK44KK44G+44GZ44CC44Oh44O844Or44Gu44GU56K66KqN44KS44GK6aGY44GE6Ie044GX44G+44GZ44CCPC9mb250Pjxicj48YnI+Cjxmb250IHNpemU9IjIiPuKXhuiyqeWjsuS+oeagvOOBr+a2iOiyu+eojui+vOOBvzHmnKzjga7kvqHmoLzjgajjgarjgorjgb7jgZnjgILvvIjjg5vjgqTjg7zjg6vjga/llYblk4HjgavlkKvjgb7jgozjgb7jgZvjgpPjgILvvIk8YnI+PGJyPgril4cy5pys5Lul5LiK44Gu44GU5rOo5paH44Gn6YCB5paZ54Sh5paZ44Go44Gq44KK44G+44GZ44CCMeacrOOBruWgtOWQiOOBr+mAgeaWmeOBjDEwMDDlhobjgYvjgYvjgorjgb7jgZnjgII8YnI+Cu+8iOaylue4hOODu+mbouWztuODuzHpg6jlnLDln5/jga/liKXpgJTpgIHmlpnjgYzjgYvjgYvjgorjgb7jgZnjgILvvIk8YnI+PGJyPgril4bjgZTms6jmlofnorrlrprlvozjgIHllYblk4HjgpLjgZTmupblgpnoh7TjgZfjgb7jgZnjgILoo73pgKDlubTmnIjjga7jgYrllY/jgYTlkIjjgo/jgZvjga/jgZTpgaDmha7poZjjgYTjgb7jgZnjgII8YnI+PGJyPgril4fllYblk4Hjga7mrKDlk4HnrYnjgavjgojjgorntI3mnJ/jga7pgYXjgozjgIHjgZTmupblgpnjgYzlh7rmnaXjgYvjga3jgovloLTlkIjjgYzjgZTjgZbjgYTjgb7jgZnjgILkuojjgoHjgZTkuobmib/poZjjgYTjgb7jgZnjgII8YnI+PGJyPgril4bjgZTms6jmlofpoILjgY3jgb7jgZfjgZ/llYblk4Hjga/lhaXojbflvozjgIHjgZTmupblgpnjgYzmlbTjgYTmrKHnrKzpmo/mmYLnmbrpgIHjgYTjgZ/jgZfjgb7jgZnjgII8YnI+CiDjgb7jgZ/jgIHnmbrpgIHmmYLmnJ/jga7jgZTmjIflrprjga/lh7rmnaXjgYvjga3jgb7jgZnjga7jgafjgZTnkIbop6Pjga7kuIrjgZTms6jmlofjgYrpoZjjgYTjgYTjgZ/jgZfjgb7jgZnjgII8YnI+PGJyPgrimIXjgZTluIzmnJvjga7llYblk4Hjg7vjgrXjgqTjgrrjgYznhKHjgYTloLTlkIjjga/jgYrmsJfou73jgavjgYrllY/jgYTlkIjjgo/jgZvkuIvjgZXjgYTjgb7jgZvjgII8L2ZvbnQ+PC9iPjxicj48YnI+PC9jZW50ZXI+CjwvdGQ+PC90cj48L3RhYmxlPjxicj48YnI+PGJyPgo8Y2VudGVyPjxiPjxmb250ICBzaXplPSI1IiBjb2xvcj0iIzAwMDA5OSI+44Kz44O844OK44O877yG44K544OI44Os44O844OI44Gn5YSq44KM44GfPGJyPjxicj4K44OJ44Op44Kk77yG44Km44Kn44OD44OI44Kw44Oq44OD44OX44KS6L+95Y+K44CCPGJyPjxicj4K5L2O54eD6LK744K/44Kk44Ok44Op44OZ44Oq44Oz44Kw5Y+W5b6XPC9mb250PjwvYj48YnI+PGJyPjxicj4KPGltZyBzcmM9Imh0dHA6Ly9pbWFnZS5yYWt1dGVuLmNvLmpwL21laXNoaW4tdGlyZS9jYWJpbmV0LzA1MTcxNTI0L2ltZ3JjMDA3MDA5MjMzNi5qcGciPjxicj48YnI+CjwvY2VudGVyPg==,44OW44Oq44OC44K544OI44OzIOODh+ODpeODvOODqeODvCDjgqjjg7zjg4bjg7zjg7vjgrzjg63jgrzjg63jg6/jg7MxNzUvODBSMTUgOTBTQlJJREdFU1RPTkUgRFVFTEVSIEEvVDAwMTE3NS84MC0xNe+8muWQjeelnuOCv+OCpOODpOalveWkqeW4guWgtOW6lw==,44OW44Oq44K444K544OI44Oz44OI44O844Oo44O8QkVPUk9aRVNU44Kw44OD44OJ44Kk44Ok44O8R09PRFlFQVLjg5XjgqHjg6vjgrHjg7NGQUxLRU4yMTUgNDUgMTdZT0tPSEFNQeWQjeelnuOCv+OCpOODpOi7veODlOODrOODquODvOODgOODs+ODreODg+ODl+ODn+OCt+ODpeODqeODs+ODqOOCs+ODj+ODnkJSSURHRVNUT05F6YCa6LKp6ZmQ5a6a5paw5L2c44OW44Oq44OC44K544OI44OzIOODh+ODpeODvOODqeODvCDjgqjjg7zjg4bjg7zjg7vjgrzjg63jgrzjg63jg6/jg7MxNzUvODBSMTUgOTBTQlJJREdFU1RPTkUgRFVFTEVSIEEvVDAwMTE3NS84MC0xNQ==,44OW44Oq44OC44K544OI44OzIOODh+ODpeODvOODqeODvCDjgqjjg7zjg4bjg7zjg7vjgrzjg63jgrzjg63jg6/jg7MxNzUvODBSMTUgOTBTQlJJREdFU1RPTkUgRFVFTEVSIEEvVDAwMTE3NS84MC0xNQ==[rn]
11-193279,aHR0cDovL3RzaG9wLnIxMHMuanAvdGlyZS13b29kcy9jYWJpbmV0L2ltZzU4MzA0NzA4LmpwZz9maXRpbj03MDA6NzAw,MzIwMDAuMDAwMA==,,6LuK55So5ZOB44O744OQ44Kk44Kv55So5ZOBID4g44Kr44O855So5ZOBID4g44K144Oe44O844K/44Kk44Ok,MjM1LzQwUjE4IDk1VyBYTCBDb250aVNlYWwo44Kz44Oz44OB44K344O844OrKSAgQ29udGlTcG9ydENvbnRhY3Q1KOOCs+ODs+ODgeOCueODneODvOODhOOCs+ODs+OCv+OCr+ODiDUpIDIzNS80MFIxOENvbnRpbmVudGFsMjM1LzQwUjE4IDIzNS80MFIxOENvbnRpU2VhbDIzNS80MFIxOCAyMzUvNDBSMTjjgrPjg7Pjg4Hjgrfjg7zjg6syMzUvNDBSMTg=,6YCB5paZ54Sh5paZIemAgeaWmeeEoeaWmSE=,,MjM1LzQwUjE4IDk1VyBYTCBDb250aVNlYWwo44Kz44Oz44OB44K344O844OrKSAgQ29udGlTcG9ydENvbnRhY3Q1KOOCs+ODs+ODgeOCueODneODvOODhOOCs+ODs+OCv+OCr+ODiDUpIDIzNS80MFIxOENvbnRpbmVudGFsMjM1LzQwUjE4IDIzNS80MFIxOENvbnRpU2VhbDIzNS80MFIxOCAyMzUvNDBSMTjjgrPjg7Pjg4Hjgrfjg7zjg6syMzUvNDBSMTjvvJrjgr/jgqTjg6Tjg7zjgqbjg4Pjgro=,MjM1LzQwUjE4IDk1VyBYTCBDb250aVNlYWwo44Kz44Oz44OB44K344O844OrKSAgQ29udGlTcG9ydENvbnRhY3Q1KOOCs+ODs+ODgeOCueODneODvOODhOOCs+ODs+OCv+OCr+ODiDUpIDIzNS80MFIxOENvbnRpbmVudGFsMjM1LzQwUjE4IDIzNS80MFIxOENvbnRpU2VhbDIzNS80MFIxOCAyMzUvNDBSMTjjgrPjg7Pjg4Hjgrfjg7zjg6syMzUvNDBSMTg=,6YCB5paZ54Sh5paZIemAgeaWmeeEoeaWmSHjgIIyMzUvNDBSMTggOTVXIFhMIENvbnRpU2VhbCjjgrPjg7Pjg4Hjgrfjg7zjg6spICBDb250aVNwb3J0Q29udGFjdDUo44Kz44Oz44OB44K544Od44O844OE44Kz44Oz44K/44Kv44OINSkgMjM1LzQwUjE4Q29udGluZW50YWwyMzUvNDBSMTggMjM1LzQwUjE4Q29udGlTZWFsMjM1LzQwUjE4IDIzNS80MFIxOOOCs+ODs+ODgeOCt+ODvOODqzIzNS80MFIxOA==[rn]
11-193280,aHR0cDovL3RzaG9wLnIxMHMuanAvYXVjLXRpcmV3aGVlbHNob3AvY2FiaW5ldC95b2tvaGFtYS9hZHZhbl92MTA1X3RvcC5qcGc/Zml0aW49NzAwOjcwMA==,MjQ0MDAuMDAwMA==,,6LuK55So5ZOB44O744OQ44Kk44Kv55So5ZOBID4g44Kr44O855So5ZOBID4g44K144Oe44O844K/44Kk44Ok,44CQMjAxNuW5tOijveOAkeOAkOaXpeacrOijveOAkTI1NS80MFIxOSAoMTAwWSkgWEzjgJDjg6jjgrPjg4/jg54g44Ki44OJ44OQ44OzIOOCueODneODvOODhCBWMTA144CR44CQWU9LT0hBTUEgQURWQU4gU1BPUlQgVjEwNeOAkeOAkOaWsOWTgeOAkQ==,MjU1LzQwUjE5IDI1NS80MC0xOeOCouODieODkOODsyBZT0tPSEFNQSBBRFZBTiBTUE9SVCBWMTA1,PGZvbnQgY29sb3I9IzAwMDBmZj7jg6Hjg7zjgqvjg7zlkI3vvJpZT0tPSEFNQSBUSVJFPC9mb250Pjxicj4KPGZvbnQgY29sb3I9IzAwMDBmZj7jgr/jgqTjg6TlkI3vvJpBRFZBTiBTUE9SVCBWMTA1PC9mb250Pjxicj4KPGZvbnQgY29sb3I9IzAwMDBmZj7jgrXjgqTjgrrvvJoyNTUvNDBaUjE5ICgxMDBZKSBYTDwvZm9udD48QlI+Cjxmb250IGNvbG9yPSMwMDAwZmY+6KO96YCg5bm077yaMjAxNuW5tOijvTwvZm9udD48QlI+Cjxmb250IGNvbG9yPSMwMDAwZmY+6KO96YCg5Zu977ya5pel5pysPC9mb250PjxCUj4KPGJyPgrilqDjgojjgorpq5jmrKHlhYPjgarpgYvli5XmgKfog73jgajlv6vpganmgKfog73jgpLjgYrmsYLjgoHjga7mlrnjgbjjgII8QlI+CuKWoOi7iuOBruODkeODleOCqeODvOODnuODs+OCueOBq+iyoOOBkeOBquOBhOOCv+OCpOODpOOCkuOAgjxCUj4K4pag5qyn5bee6Ieq5YuV6LuK44Oh44O844Kr44O844Go44Gu5YWx5ZCM6ZaL55m644Gr44KI44KK55Sf44G+44KM44Gf5paw5ZWG5ZOB44CCPEJSPgrilqBZT0tPSEFNQSBUaXJl44Gu5paw5oqA6KGT44GM5oqV5YWl44GV44KM44Gf44CBQURWQU4gU3BvcnQgVjEwNTxCUj4=,44CQMjAxNuW5tOijveOAkeOAkOaXpeacrOijveOAkTI1NS80MFIxOSAoMTAwWSkgWEzjgJDjg6jjgrPjg4/jg54g44Ki44OJ44OQ44OzIOOCueODneODvOODhCBWMTA144CR44CQWU9LT0hBTUEgQURWQU4gU1BPUlQgVjEwNeOAkeOAkOaWsOWTgeOAke+8mnRpcmV3aGVlbCDmpb3lpKnluILloLTlupc=,dGlyZXdoZWVsc2hvcOOCv+OCpOODpOODm+OCpOODvOODq+OAkDIwMTblubToo73jgJHjgJDml6XmnKzoo73jgJEyNTUvNDBSMTkgKDEwMFkpIFhM44CQ44Oo44Kz44OP44OeIOOCouODieODkOODsyDjgrnjg53jg7zjg4QgVjEwNeOAkeOAkFlPS09IQU1BIEFEVkFOIFNQT1JUIFYxMDXjgJHjgJDmlrDlk4HjgJE=,MjU1LzQwUjE5IDI1NS80MC0xOeOCouODieODkOODsyBZT0tPSEFNQSBBRFZBTiBTUE9SVCBWMTA144CC44CQMjAxNuW5tOijveOAkeOAkOaXpeacrOijveOAkTI1NS80MFIxOSAoMTAwWSkgWEzjgJDjg6jjgrPjg4/jg54g44Ki44OJ44OQ44OzIOOCueODneODvOODhCBWMTA144CR44CQWU9LT0hBTUEgQURWQU4gU1BPUlQgVjEwNeOAkeOAkOaWsOWTgeOAkQ==[rn]
11-193281,aHR0cDovL3RzaG9wLnIxMHMuanAvdC13b3JsZC9jYWJpbmV0L3N1bW1lcl90aXJlL3lva29oYW1hL2ltZ3JjMDA2NjMzNjkyNy5qcGc/Zml0aW49NzAwOjcwMA==,NzU3MC40MDAw,,6LuK55So5ZOB44O744OQ44Kk44Kv55So5ZOBID4g44Kr44O855So5ZOBID4g44K144Oe44O844K/44Kk44Ok,WU9LT0hBTUEgKOODqOOCs+ODj+ODnilCbHVFYXJ0aC1BIEFFNTAgMjE1LzYwUjE3IDk2SCAg44K144Oe44O844K/44Kk44OkIOODluODq+ODvOOCouODvOOCuSDjgqjjg7zjgrk=,44CQ5paw5ZOBMeacrOS+oeagvOOAkSAyMTUtNjAtMTcgMTfjgqTjg7Pjg4E=,4pag5ZWG5ZOB44Gr44Gk44GE44GmCgrooajnpLrkvqHmoLzjga/mlrDlk4Hjgr/jgqTjg6Qx5pys5L6h5qC844Gn44GZ44CCIArigLvjgYrlsYrjgZHjgZnjgovllYblk4Hjga/jgr/jgqTjg6Tjga7jgb/jgafjgZnjgIIK4oC755S75YOP44Gv44Kk44Oh44O844K444Gn44GZ44CCCgrilqDpgIHmlpkKCjHmnKwtM+acrCAzLDAwMOWGhiAo56iO5YilKSA05pysIDQsMDAw5YaGICjnqI7liKUpCuWMl+a1t+mBk+OBrzHmnKwtM+acrCA2LDAwMOWGhiAo56iO5YilKeOAgDTmnKwgOCwwMDDlhoYgKOeojuWIpSkgCuKAuzXmnKznm67ku6XpmY3jga8x5pys44Gr44Gk44GNMSwwMDDlhoYgKOeojuWIpSkg44Go44Gq44KK44G+44GZ44CCCumbouWztuOBr+WIpemAlOOBiuimi+epjeOCguOCiuOBqOOBquOCiuOBvuOBmeOAggoK4pag5Z+65pys57SN5pyfCgrllYblk4Hlh7rojbfjga7nm67lronjga/jgZTms6jmlofjgojjgooy772eM+WWtualreaXpeOBp+OBmeOAggrjgZ/jgaDjgZfjgIHjgZTms6jmlofjgYzlj6/og73jgarloLTlkIjjgafjgoLjgIHlj5blr4TjgoTjg6Hjg7zjgqvjg7zmrKDlk4HjgavjgojjgorlhaXojbfjgb7jgafjgYrmmYLplpPjgpLjgYTjgZ/jgaDjgYTjgZ/jgY/jgYvjgIHku6Pmm7/jgYjllYblk4Hjga7jgZTmj5DmoYjjgb7jgZ/jga/jgZTms6jmlofjga7jgq3jg6Pjg7Pjgrvjg6vjgpLjgYrpoZjjgYTjgZnjgovjgZPjgajjgYzjgYLjgorjgb7jgZnjgIIKCuOBiuaApeOBjuOBruaWueOBr+OBlOazqOaWh+WJjeOBq+e0jeacn+OBrueiuuiqjeOCkuOBiumhmOOBhOOBl+OBvuOBmeOAggrjgZTms6jmlofjgavplqLjgZnjgovoqbPntLDjgarntI3mnJ/jg7vlkIjoqIjph5HpoY3jga/ms6jmloflj5fku5jlvozjgasK44Oh44O844Or44Gr44Gm44GU5qGI5YaF44GX44G+44GZ44CC,WU9LT0hBTUEgKOODqOOCs+ODj+ODnilCbHVFYXJ0aC1BIEFFNTAgMjE1LzYwUjE3IDk2SCAg44K144Oe44O844K/44Kk44OkIOODluODq+ODvOOCouODvOOCuSDjgqjjg7zjgrnvvJpULVdvcmxk,WU9LT0hBTUEgKOODqOOCs+ODj+ODnilCbHVFYXJ0aC1BIEFFNTAgMjE1LzYwUjE3IDk2SCAg44K144Oe44O844K/44Kk44OkIOODluODq+ODvOOCouODvOOCuSDjgqjjg7zjgrk=,44CQ5paw5ZOBMeacrOS+oeagvOOAkSAyMTUtNjAtMTcgMTfjgqTjg7Pjg4HjgIJZT0tPSEFNQSAo44Oo44Kz44OP44OeKUJsdUVhcnRoLUEgQUU1MCAyMTUvNjBSMTcgOTZIICDjgrXjg57jg7zjgr/jgqTjg6Qg44OW44Or44O844Ki44O844K5IOOCqOODvOOCuQ==[rn]
11-193282,aHR0cDovL3RzaG9wLnIxMHMuanAvZHJpdmVtYXJrZXQtMi9jYWJpbmV0L2l0ZW1pbWFnZS9pdGVtaW1hZ2U0L21wei01MDAuanBnP2ZpdGluPTcwMDo3MDA=,MTAyNTYuMDAwMA==,,6LuK55So5ZOB44O744OQ44Kk44Kv55So5ZOBID4g44Kr44O855So5ZOBID4g44K144Oe44O844K/44Kk44Ok,44CQ44Kr44O844OJT0vjgJHjgJDlupflhoXlhajlk4FQMuWAjeOCu+ODvOODq+S4rSEh44CRVE9ZTyBUUkFOUEFUSCBtcFogMjE1LzU1UjE4IDk5ViBYTCDmlrDlk4Eg44K144Oe44O844K/44Kk44OkIOODiOODvOODqOODvCDjg4jjg6njg7Pjg7Pjg5HjgrnjgJDlj5blr4TllYblk4HjgJHjgJAwMlAwM0RlYzE244CR,44CQ44Kr44O844OJT0vjgJE=,6LKp5aOy5L6h5qC844GvMeacrOihqOekuuOBp+OBmeOAggrigLvml6XmmYLmjIflrprkuI3lj68K4oC75rKW57iE44O76Zui5bO244G444Gu55m66YCB44Gv6KGM44Gj44Gm44GK44KK44G+44Gb44KT44CCCuOAgOOAgOOBvuOBn+OAgeS7luOBruWVhuWTgeOBqOOBruWQjOaiseOBr+iHtOOBl+OBpuOBiuOCiuOBvuOBm+OCk+OAggrjg4jjg7zjg6jjg7wg44OI44Op44Oz44OR44K5IG1wWiAyMTUvNTVSMTg=,44CQ44Kr44O844OJT0vjgJHjgJDlupflhoXlhajlk4FQMuWAjeOCu+ODvOODq+S4rSEh44CRVE9ZTyBUUkFOUEFUSCBtcFogMjE1LzU1UjE4IDk5ViBYTCDmlrDlk4Eg44K144Oe44O844K/44Kk44OkIOODiOODvOODqOODvCDjg4jjg6njg7Pjg7Pjg5HjgrnjgJDlj5blr4TllYblk4HjgJHjgJAwMlAwM0RlYzE244CR77ya44OJ44Op44Kk44OW44Oe44O844Kx44OD44OIMuWPt+W6lw==,44OR44Kk44Kq44OL44Ki44Kr44Ot44OD44OE44Kn44Oq44Ki5qW944OK44OT44K144Kk44OQ44O844OK44OT44K544OI44Op44O844OA44OR44OK44K944OL44OD44Kv44Kr44O844OK44OT44Ky44O844K344On44Oz44Kr44O844Kq44O844OH44Kj44KqRUNMSVBTReOCr+ODqeODquOCquODs+OCseODs+OCpuODg+ODieODk+OCr+OCv+ODvOODrOODvOODgOODvOOCu+ODq+OCueOCv+ODvOOCs+ODoOODhuODg+OCr+ODpuODlOODhuODq+OCtOODquODqeOCteODs+ODqOODvOWPluS7mOWkp+mYquOAkOOCq+ODvOODiU9L44CR44CQ5bqX5YaF5YWo5ZOBUDLlgI3jgrvjg7zjg6vkuK0hIeOAkVRPWU8gVFJBTlBBVEggbXBaIDIxNS81NVIxOCA5OVYgWEwg5paw5ZOBIOOCteODnuODvOOCv+OCpOODpCDjg4jjg7zjg6jjg7wg44OI44Op44Oz44Oz44OR44K544CQ5Y+W5a+E5ZWG5ZOB44CR44CQMDJQMDNEZWMxNuOAkQ==,44CQ44Kr44O844OJT0vjgJHjgILjgJDjgqvjg7zjg4lPS+OAkeOAkOW6l+WGheWFqOWTgVAy5YCN44K744O844Or5LitISHjgJFUT1lPIFRSQU5QQVRIIG1wWiAyMTUvNTVSMTggOTlWIFhMIOaWsOWTgSDjgrXjg57jg7zjgr/jgqTjg6Qg44OI44O844Oo44O8IOODiOODqeODs+ODs+ODkeOCueOAkOWPluWvhOWVhuWTgeOAkeOAkDAyUDAzRGVjMTbjgJE=[rn]
11-193283,aHR0cDovL3RzaG9wLnIxMHMuanAvdGlyZTMxMDQvY2FiaW5ldC8wNDE1LzIwMTR0YW5waW4vY2Yyc3V2LmpwZz9maXRpbj03MDA6NzAw,NDk5Mi4wMDAw,,6LuK55So5ZOB44O744OQ44Kk44Kv55So5ZOBID4g44Kr44O855So5ZOBID4g44K144Oe44O844K/44Kk44Ok,MTc1LzgwUjE1IDkwUyDjg4jjg7zjg6jjg7wg44K/44Kk44OkIFBST1hFUyBDRjIgU1VWIFRPWU8gVElSRVMg44OX44Ot44Kv44K744K5IENGMiBTVVYg44K144Oe44O844K/44Kk44OkIDE144Kk44Oz44OBIOWNmOWTgSAx5pysIOS+oeagvCDjgI4y5pys5Lul5LiK44GU5rOo5paH44Gn6YCB5paZ54Sh5paZ44CP,MTXjgqTjg7Pjg4EgUFJPWEVTIENGMiBTVVYg44K144Oe44O844K/44Kk44OkIOODiOODvOODqOODvCDjgr/jgqTjg6Q=,PGltZyBzcmM9Imh0dHA6Ly9pbWFnZS5yYWt1dGVuLmNvLmpwL3RpcmUzMTA0L2NhYmluZXQvdGlyZV9zZXR1bWVpL2NmMnN1di5qcGcid2lkdGg9IjEwMCUiPjxicj4KPGJyPgo8Zm9udCBzaXplPSItMSI+PHRhYmxlIHdpZHRoPSIxMDAlIiBib3JkZXI9IjAiIGNlbGxzcGFjaW5nPSIwIiBjZWxscGFkZGluZz0iMCIgPjx0cj48dGQ+PGNlbnRlcj48dGFibGUgd2lkdGg9IjEwMCUiIGJvcmRlcj0iMCIgY2VsbHNwYWNpbmc9IjEiIGNlbGxwYWRkaW5nPSI4IiBiZ2NvbG9yPSIjY2NjY2NjIj48dHI+PHRkIGJnY29sb3I9IiNGM0YzRjMiPjxiPjxmb250IGNvbG9yPSI2NjY2NjYiPuWVhuWTgeips+e0sDwvZm9udD48L2I+PC90ZD48L3RyPjx0cj4KICA8dGQgYmdjb2xvcj0iI0ZGRkZGRiI+PGZvbnQgY29sb3I9IjY2NjY2NiI+44K144Oe44O844K/44Kk44OkPGZvbnQgc2l6ZT0iLTEiPiDljZjlk4E8L2ZvbnQ+PC9mb250PjwvdGQ+CjwvdHI+PHRyPjx0ZCBiZ2NvbG9yPSIjRjNGM0YzIj48Yj48Zm9udCBjb2xvcj0iNjY2NjY2Ij5TUEVDPC9mb250PjwvYj48L3RkPjwvdHI+PHRyPiAgPHRkIGJnY29sb3I9IiNGRkZGRkYiPjxwPjxmb250IGNvbG9yPSI2NjY2NjYiPuKXhuOCv+OCpOODpOips+e0sDxicj4KICDjg5bjg6njg7Pjg4nvvJrjg4jjg7zjg6jjg7wg44K/44Kk44OkPGJyPuOCv+OCpOODpOODkeOCv+ODvOODs++8muODl+ODreOCr+OCu+OCuSBDRjIgU1VWPGJyPuOCv+OCpOODpOOCteOCpOOCuu+8mjE3NS84MFIxNSA5MFM8YnI+CiAgICAgICAgPGJyPgogIOKXhjxmb250IHNpemU9Ii0xIj7kvqHmoLzjgavplqLjgZfjgaY8L2ZvbnQ+PGJyPgogIOihqOekuuS+oeagvOOBrzxmb250IGNvbG9yPSIjRkYwMDAwIj7mlrDlk4Eg5Y2Y5ZOBPGZvbnQgc2l6ZT0iLTEiPiDvvJE8L2ZvbnQ+5pysKOa2iOiyu+eojuODu+mAgeaWmei+vCk8L2ZvbnQ+44Gu5L6h5qC844Gn44GZ44CCPGJyPgogICjjg5vjgqTjg7zjg6vjga/ku5jlsZ7oh7TjgZfjgb7jgZvjgpMpPGJyPgogIDxicj4KICDil4Y8Zm9udCBzaXplPSItMSI+6YCB5paZ44Gr6Zai44GX44GmPGJyPgogIDwvZm9udD48L2ZvbnQ+PGZvbnQgY29sb3I9IjY2NjY2NiI+PGZvbnQgY29sb3I9IiNGRjAwMDAiIHNpemU9Ii0xIj7vvJLmnKzku6XkuIros7zlhaXjgafpgIHmlpnnhKHmlpkhITxicj4KICA8L2ZvbnQ+PGZvbnQgY29sb3I9IjY2NjY2NiI+PGZvbnQgc2l6ZT0iLTEiPijvvJHmnKzjgafjga7jgZTms6jmlofjga7loLTlkIjjga/pgIHmlpnjgYw1NDDlhobjgYvjgYvjgorjgb7jgZkpPC9mb250PjwvZm9udD48Zm9udCBzaXplPSItMSI+PGJyPgogIDwvZm9udD7mspbnuITnnIzjg7vpm6Lls7bjg7vkuIDpg6jlnLDln5/jga/pgIHmlpnjga7ku5bjgavjgIE8YnI+CuWIpemAlOS4ree2meaWmeOBjOeZuueUn+OBmeOCi+WgtOWQiOOBjOOBlOOBluOBhOOBvuOBmeOAgjxicj4K6Kmz44GX44GP44Gv44GK5ZWP44GE5ZCI44KP44Gb44GP44Gg44GV44GE44CCPGJyPgogICAgICAgIDwvZm9udD48Zm9udCBjb2xvcj0iNjY2NjY2Ij48YnI+CiAgICAgICAgPC9mb250PjwvcD4KICAgIDwvdGQ+PC90cj48dHI+CiAgICAgIDx0ZCBiZ2NvbG9yPSIjRjNGM0YzIj48Yj48Zm9udCBjb2xvcj0iNjY2NjY2IiBzaXplPSItMSI+44Gd44Gu5LuWPC9mb250PjwvYj48L3RkPgogICAgPC90cj48dHI+PHRkIGJnY29sb3I9IiNGRkZGRkYiPjxmb250IGNvbG9yPSI2NjY2NjYiPuKXj+aOsui8ieeUu+WDj+OBr+OCpOODoeODvOOCuOOBqOOBquOCiuOBvuOBmeOAgjxicj4K4peP6KOF552A44GZ44KL6LuK56iu44O744Kw44Os44O844OJ44Gr44KI44Gj44Gm54++5ZOB44Go55Ww44Gq44KL5aC05ZCI44GM44GC44KK44G+44GZ44CCPGJyPgril4/ntI3mnJ/jgavjgaTjgYTjgablnKjluqvllYblk4Hjgacz5pel5Lul5YaF44Gu55m66YCB5LqI5a6a44CCPGJyPgril4/lj5bjgorlr4TjgZvjgajjgarjgovloLTlkIjjga/ntI3mnJ/jga7jgZTpgKPntaHjgpLjgYTjgZ/jgZfjgb7jgZnjgII8YnI+CuKXj+ijvemAoOW5tOOBq+OBpOOBhOOBpu+8j+ijvemAoOW5tOOBq+mWouOBmeOCi+OBlOizquWVj+OAgeOBlOaMh+WumuOBr+OBiuWPl+OBkeOBp+OBjeOBvuOBm+OCk+OAguOBlOS6huaJv+OBj+OBoOOBleOBhOOAgjxicj4KICAgICAgPGJyPgogICAgICDjgZ3jga7ku5bjgZTkuI3mmI7jgarngrnjgZTjgZbjgYTjgb7jgZfjgZ/jgonjgIE8YnI+5LiL6KiY44KI44KK44GK5rCX6Lu944Gr44GK5ZWP44GE5ZCI44KP44Gb44GP44Gg44GV44GE44CCPGJyPmNmMnN1di0xNzUvODBSMTU8YnI+44CQ5ZWP44GE5ZCI44KP44Gb5YaF5a6544CRIj7jgYrllY/jgYTlkIjjgo/jgZvjga/jgZPjgaHjgonjgYvjgok8YnI+PGJyPjwvZm9udD48L3RkPgogICAgPC90cj48L3RhYmxlPjwvY2VudGVyPjwvdGQ+PC90cj48L3RhYmxlPjxicj48YnI+CjwvZm9udD4=,MTc1LzgwUjE1IDkwUyDjg4jjg7zjg6jjg7wg44K/44Kk44OkIFBST1hFUyBDRjIgU1VWIFRPWU8gVElSRVMg44OX44Ot44Kv44K744K5IENGMiBTVVYg44K144Oe44O844K/44Kk44OkIDE144Kk44Oz44OBIOWNmOWTgSAx5pysIOS+oeagvCDjgI4y5pys5Lul5LiK44GU5rOo5paH44Gn6YCB5paZ54Sh5paZ44CP77ya44K/44Kk44Ok44OX44Op44Kk44K56aSo,44K544K/44OD44OJ44Os44K544K/44Kk44Ok44K544K/44OD44OJ44Os44K544OW44Oq44OC44K544OI44Oz44OW44Oq44K244OD44Kv44OA44Oz44Ot44OD44OX44Km44Kj44Oz44K/44O844Oe44OD44Kv44K544OI44O844Oo44O844K/44Kk44Ok44OI44O844Oo44O844OU44Os44Oq44K/44Kk44Ok5Yas44K/44Kk44Ok44Ob44Kk44O844Or44Ki44Or44Of44Ob44Kk44O844Or44K/44Kk44Ok44Ob44Kk44O844Or44K744OD44OI5bqX5qW95aSp44K544K/44OD44OJ44Os44K544K/44Kk44Ok44Ob44Kk44O844Or44K744OD44OI6Lu944OI44Op44OD44KvMTc1LzgwUjE1IDkwUyDjg4jjg7zjg6jjg7wg44K/44Kk44OkIFBST1hFUyBDRjIgU1VWIFRPWU8gVElSRVMg44OX44Ot44Kv44K744K5IENGMiBTVVYg44K144Oe44O844K/44Kk44OkIDE144Kk44Oz44OBIOWNmOWTgSAx5pysIOS+oeagvCDjgI4y5pys5Lul5LiK44GU5rOo5paH44Gn6YCB5paZ54Sh5paZ44CP,MTXjgqTjg7Pjg4EgUFJPWEVTIENGMiBTVVYg44K144Oe44O844K/44Kk44OkIOODiOODvOODqOODvCDjgr/jgqTjg6TjgIIxNzUvODBSMTUgOTBTIOODiOODvOODqOODvCDjgr/jgqTjg6QgUFJPWEVTIENGMiBTVVYgVE9ZTyBUSVJFUyDjg5fjg63jgq/jgrvjgrkgQ0YyIFNVViDjgrXjg57jg7zjgr/jgqTjg6QgMTXjgqTjg7Pjg4Eg5Y2Y5ZOBIDHmnKwg5L6h5qC8IOOAjjLmnKzku6XkuIrjgZTms6jmlofjgafpgIHmlpnnhKHmlpnjgI8=[rn]
11-193284,aHR0cDovL3RzaG9wLnIxMHMuanAvdHBzLXdhdmUvY2FiaW5ldC9zdW1tZXJ0aXJlMjAxNC9icmlkZ2VzdG9uZS9yZWdub2dydjIuZ2lmP2ZpdGluPTcwMDo3MDA=,MTUyNzYuMDAwMA==,,6LuK55So5ZOB44O744OQ44Kk44Kv55So5ZOBID4g44Kr44O855So5ZOBID4g44K144Oe44O844K/44Kk44Ok,6YCB5paZ54Sh5paZ44CAKOaylue4hC/pm6Lls7bpmaQp44CA4pag44OW44Oq44OC44K544OI44Oz44CAQlJJREdFU1RPTkXjgIBSRUdOT+OAgEdSVklJ44CAMjI1LzU1UjE344CAOTdX,,,6YCB5paZ54Sh5paZ44CAKOaylue4hC/pm6Lls7bpmaQp44CA4pag44OW44Oq44OC44K544OI44Oz44CAQlJJREdFU1RPTkXjgIBSRUdOT+OAgEdSVklJ44CAMjI1LzU1UjE344CAOTdX77ya44OR44O844OE44K344On44OD44OXV0FWRealveWkqeW4guWgtOW6lw==,Y2xhenppb2RlZmlESVhDRUxlbmRsZXNzaGtzS1lC44K544OG44Ki44Oq44Oz44Kw44OA44Km44Oz44K144K544Oe44OV44Op44O86LuK6auY6Kq/44Ko44Oz44OJ44Os44K544Kr44Ok44OQ44Kv44Op44OD44OE44Kj44Kq44OH44Kj44Kv44K744Or44OW44Os44O844Kt44OR44OD44OJ44OW44Os44O844Kt44Ot44O844K/44O844OG44Kk44OzVEVJTuODluODquODg+ODhEJMSVRa6YCB5paZ54Sh5paZ44CAKOaylue4hC/pm6Lls7bpmaQp44CA4pag44OW44Oq44OC44K544OI44Oz44CAQlJJREdFU1RPTkXjgIBSRUdOT+OAgEdSVklJ44CAMjI1LzU1UjE344CAOTdX,6YCB5paZ54Sh5paZ44CAKOaylue4hC/pm6Lls7bpmaQp44CA4pag44OW44Oq44OC44K544OI44Oz44CAQlJJREdFU1RPTkXjgIBSRUdOT+OAgEdSVklJ44CAMjI1LzU1UjE344CAOTdX[rn]
11-193285,aHR0cDovL3RzaG9wLnIxMHMuanAvdGlyZS13b29kcy9jYWJpbmV0L2ltZzU3MjE0NjA3LmpwZz9maXRpbj03MDA6NzAw,MTIzMjAuMDAwMA==,,6LuK55So5ZOB44O744OQ44Kk44Kv55So5ZOBID4g44Kr44O855So5ZOBID4g44K144Oe44O844K/44Kk44Ok,44OU44Os44OqIOODqeODs+ODleODqeODg+ODiCBDaW50dXJhdG9QNyjjg4Hjg7Pjg4jjgqXjg6njg7zjg4hQNykgMjI1LzQ1UjE3IDkxWSDimIUoQk1XKSDjg6njg7Pjg5Xjg6njg4Pjg4gyMjUvNDVSMTfjg6njg7Pjg5Xjg6njg4Pjg4g=,6YCB5paZ54Sh5paZ77yB,,44OU44Os44OqIOODqeODs+ODleODqeODg+ODiCBDaW50dXJhdG9QNyjjg4Hjg7Pjg4jjgqXjg6njg7zjg4hQNykgMjI1LzQ1UjE3IDkxWSDimIUoQk1XKSDjg6njg7Pjg5Xjg6njg4Pjg4gyMjUvNDVSMTfjg6njg7Pjg5Xjg6njg4Pjg4jvvJrjgr/jgqTjg6Tjg7zjgqbjg4Pjgro=,44OU44Os44OqIOODqeODs+ODleODqeODg+ODiCBDaW50dXJhdG9QNyjjg4Hjg7Pjg4jjgqXjg6njg7zjg4hQNykgMjI1LzQ1UjE3IDkxWSDimIUoQk1XKSDjg6njg7Pjg5Xjg6njg4Pjg4gyMjUvNDVSMTfjg6njg7Pjg5Xjg6njg4Pjg4g=,6YCB5paZ54Sh5paZ77yB44CC44OU44Os44OqIOODqeODs+ODleODqeODg+ODiCBDaW50dXJhdG9QNyjjg4Hjg7Pjg4jjgqXjg6njg7zjg4hQNykgMjI1LzQ1UjE3IDkxWSDimIUoQk1XKSDjg6njg7Pjg5Xjg6njg4Pjg4gyMjUvNDVSMTfjg6njg7Pjg5Xjg6njg4Pjg4g=[rn]
11-193286,aHR0cDovL3RzaG9wLnIxMHMuanAva2FyZW4yMy9jYWJpbmV0L24tdHlyZS9pbWdyYzAwNjg3NjEwNzcuanBnP2ZpdGluPTcwMDo3MDA=,MTYwMDAuMDAwMA==,,6LuK55So5ZOB44O744OQ44Kk44Kv55So5ZOBID4g44Kr44O855So5ZOBID4g44K144Oe44O844K/44Kk44Ok,44K144Oe44O844K/44Kk44Ok77yU5pys44Gu5L6h5qC844Gn44GZ44CC44OA44Oz44Ot44OD44OX44Ko44KzMjE1LTY1LTE1RUMtMjAx5Z6L6JC944Gh5ZOBKO+8lOacrOOCu+ODg+ODiCnjgafjgZnjgILjgZzjgbLku5bnpL7jga7kuK3lj6Tjgr/jgqTjg6TjgajjgoLmr5TovIPmpJzoqI7jgZfjgabjgb/jgabkuIvjgZXjgYTjgILjgY3jgaPjgajjgZTmuoDotrPjgZfjgabjgYTjgZ/jgaDjgZHjgovjgajmgJ3jgYTjgb7jgZnjgII=,,,44K144Oe44O844K/44Kk44Ok77yU5pys44Gu5L6h5qC844Gn44GZ44CC44OA44Oz44Ot44OD44OX44Ko44KzMjE1LTY1LTE1RUMtMjAx5Z6L6JC944Gh5ZOBKO+8lOacrOOCu+ODg+ODiCnjgafjgZnjgILjgZzjgbLku5bnpL7jga7kuK3lj6Tjgr/jgqTjg6TjgajjgoLmr5TovIPmpJzoqI7jgZfjgabjgb/jgabkuIvjgZXjgYTjgILjgY3jgaPjgajjgZTmuoDotrPjgZfjgabjgYTjgZ/jgaDjgZHjgovjgajmgJ3jgYTjgb7jgZnjgILvvJrjgr/jgqTjg6Tjgrfjg6fjg4Pjg5fjgqvjg6zjg7M=,44K144Oe44O844K/44Kk44Ok77yU5pys44Gu5L6h5qC844Gn44GZ44CC44OA44Oz44Ot44OD44OX44Ko44KzMjE1LTY1LTE1RUMtMjAx5Z6L6JC944Gh5ZOBKO+8lOacrOOCu+ODg+ODiCnjgafjgZnjgILjgZzjgbLku5bnpL7jga7kuK3lj6Tjgr/jgqTjg6TjgajjgoLmr5TovIPmpJzoqI7jgZfjgabjgb/jgabkuIvjgZXjgYTjgILjgY3jgaPjgajjgZTmuoDotrPjgZfjgabjgYTjgZ/jgaDjgZHjgovjgajmgJ3jgYTjgb7jgZnjgII=,44K144Oe44O844K/44Kk44Ok77yU5pys44Gu5L6h5qC844Gn44GZ44CC44OA44Oz44Ot44OD44OX44Ko44KzMjE1LTY1LTE1RUMtMjAx5Z6L6JC944Gh5ZOBKO+8lOacrOOCu+ODg+ODiCnjgafjgZnjgILjgZzjgbLku5bnpL7jga7kuK3lj6Tjgr/jgqTjg6TjgajjgoLmr5TovIPmpJzoqI7jgZfjgabjgb/jgabkuIvjgZXjgYTjgILjgY3jgaPjgajjgZTmuoDotrPjgZfjgabjgYTjgZ/jgaDjgZHjgovjgajmgJ3jgYTjgb7jgZnjgII=[rn]
11-193287,aHR0cDovL3RzaG9wLnIxMHMuanAvdGlyZTFiYW4vY2FiaW5ldC90aXJlL3RpcmUwMS90X3loZXMzMS5qcGc/Zml0aW49NzAwOjcwMA==,NTg4MS42MDAw,,6LuK55So5ZOB44O744OQ44Kk44Kv55So5ZOBID4g44Kr44O855So5ZOBID4g44K144Oe44O844K/44Kk44Ok,44K144Oe44O844K/44Kk44OkIDE3NS82MFIxNiA4Mkgg44Oo44Kz44OP44OeIOOCqOOCs+OCuSBFUzMxIFlPS09IQU1BIEVDT1MgRVMzMQ==,44CQMuacrOS7peS4iuOBp+mAgeaWmeeEoeaWmeOAkSDmlrDlk4Ex5pys,PGJyPjxicj7mlrDlk4HjgrXjg57jg7zjgr/jgqTjg6Qx5pys44Gu5L6h5qC844Gn44GZ44CCPGJyPuKAu+ODm+OCpOODvOODq+OBr+S7mOWxnuOBl+OBvuOBm+OCk+OAgjxicj48YnI+4pag6YCB5paZPGJyPuOCv+OCpOODpDLmnKzku6XkuIrjgYrosrfjgYTkuIrjgZLjgafpgIHmlpnnhKHmlpnvvIE8YnI+44Gf44Gg44GX44CB5qyh44Gu5aC05ZCI44Gv5Yil6YCU6YCB5paZ44KS44GE44Gf44Gg44GN44G+44GZ44CC5rOo5paH5Y+X5LuY5b6M44Gr5Yqg566X44GX44G+44GZ44CCPGJyPuODuzHmnKzjga7jgZTms6jmlofjga/pgIHmlpkxLDAwMOWGhijnqI7liKUp44Gn44GZ44CCPGJyPuODu+aylue4hOODu+mbouWztuOBuOOBruOBiuWxiuOBkeOBr+S4ree2meaWmeOBjOeZuueUn+OBl+OBvuOBmeOAguOBiuWVj+WQiOOBm+OBj+OBoOOBleOBhOOAgjxicj48YnI+4pag57SN5pyfPGJyPuWVhuWTgeWHuuiNt+OBruebruWuieOBr+OBlOazqOaWh+OCiOOCijLvvZ4z5Za25qWt5pel44Gn44GZ44CCPGJyPuOBn+OBoOOBl+OAgeazqOaWh+WPr+iDveOBquWgtOWQiOOBp+OCguOAgeWPluWvhOOBm+OBrueKtuazgeOChOaApeOBquWTgeWIh+OCjOOBq+OCiOOCiuWFpeiNt+OBvuOBp+OBiuaZgumWk+OCkuOBhOOBn+OBoOOBhOOBn+OCiuOAgeS7o+abv+OBiOWVhuWTgeOBruaPkOahiOOBvuOBn+OBr+azqOaWh+OBruOCreODo+ODs+OCu+ODq+OCkuOBiumhmOOBhOOBmeOCi+OBk+OBqOOBjOOBguOCiuOBvuOBmeOAgjxicj7jgYrmgKXjgY7jga7jgYrlrqLmp5jjga/ms6jmlofliY3jgavlnKjluqvjg7vntI3mnJ/jga7norroqo3jgpLjgYrpoZjjgYTjgZfjgb7jgZnjgII8YnI+6Kmz57Sw44Gq57SN5pyf44Gv5rOo5paH5Y+X5LuY5b6M44Gr44Oh44O844Or44Gn44GU5qGI5YaF44GX44G+44GZ44CCPGJyPjxicj48YnI+PGltZyBzcmM9J2h0dHA6Ly9pbWFnZS5yYWt1dGVuLmNvLmpwL3RpcmUxYmFuL2NhYmluZXQvMDA4ODUyNTEvbGlua190dDM4MDIyLmpwZycgd2lkdGg9JzEwMCUnIGhlaWdodD0nYXV0bycgYm9yZGVyPScwJz48YnI+PGltZyBzcmM9J2h0dHA6Ly9pbWFnZS5yYWt1dGVuLmNvLmpwL3RpcmUxYmFuL2NhYmluZXQvMDA4ODUyNTEvbGlua190dzM4MDIyLmpwZycgd2lkdGg9JzEwMCUnIGhlaWdodD0nYXV0bycgYm9yZGVyPScwJz48YnI+PGJyPjE3NS82MC0xNiAxNzU2MDE2IDE244Kk44Oz44OBIOODqOOCs+ODj+ODnuOCv+OCpOODpCDmqKrmtZzjgrTjg6Ag44Ko44Kz44K5IOWkj+OCv+OCpOODpCDmmKXjgr/jgqTjg6Qgc3VtMTM0MXloZXMzMSBGNjY1MDxicj48YnI+PGltZyBzcmM9J2h0dHA6Ly9pbWFnZS5yYWt1dGVuLmNvLmpwL3RpcmUxYmFuL2NhYmluZXQvMDA4ODUyNTEvbGlua192YWx2MzgwLmpwZycgd2lkdGg9JzEwMCUnIGJvcmRlcj0nMCc+PGJyPjxpbWcgc3JjPSdodHRwOi8vaW1hZ2UucmFrdXRlbi5jby5qcC90aXJlMWJhbi9jYWJpbmV0LzAwODg1MjUxL2xpbmtfdG9yaXRrMzgwLmpwZycgd2lkdGg9JzEwMCUnIGJvcmRlcj0nMCc+,44K144Oe44O844K/44Kk44OkIDE3NS82MFIxNiA4Mkgg44Oo44Kz44OP44OeIOOCqOOCs+OCuSBFUzMxIFlPS09IQU1BIEVDT1MgRVMzMe+8muOCv+OCpOODpO+8keeVqg==,44OA44Oz44Ot44OD44OX44Oo44Kz44OP44OeV09SS+OCv+OCpOODpOOCueOCv+ODg+ODieODrOOCuU1LV+ODlOODrOODquODh+ODquOCq+OCqOOCr+OCueODiOODrOOCpOODq+ODluODquODguOCueODiOODs+OCteODnuODvOOCv+OCpOODpOOCouODieODkOODs+OCv+OCpOODpOmAmuiyqea/gOWuieODiuODs+OCq+ODs+OCquODvOODiOOCpuOCp+OCpOODn+ODg+OCreODvOODiOODs+ODl+OCveODs+ODn+OCt+ODpeODqeODs+OCq+ODvOeUqOWTgeOCv+OCpOODpOODm+OCpOODvOODq+OCteODnuODvOOCv+OCpOODpCAxNzUvNjBSMTYgODJIIOODqOOCs+ODj+ODniDjgqjjgrPjgrkgRVMzMSBZT0tPSEFNQSBFQ09TIEVTMzE=,44CQMuacrOS7peS4iuOBp+mAgeaWmeeEoeaWmeOAkSDmlrDlk4Ex5pysIOOAguOCteODnuODvOOCv+OCpOODpCAxNzUvNjBSMTYgODJIIOODqOOCs+ODj+ODniDjgqjjgrPjgrkgRVMzMSBZT0tPSEFNQSBFQ09TIEVTMzE=[rn]
11-193288,aHR0cDovL3RzaG9wLnIxMHMuanAvYXV0b3dheS9jYWJpbmV0L21haW5pbWFnZS90aXJlX21haW4vZHVubG9wL2RsMDA3ODIuanBnP2ZpdGluPTcwMDo3MDA=,MTM4ODAuMDAwMA==,,6LuK55So5ZOB44O744OQ44Kk44Kv55So5ZOBID4g44Kr44O855So5ZOBID4g44K144Oe44O844K/44Kk44Ok,44CQ6YCB5paZ54Sh5paZ44CR44CQ5Y2z5pel55m66YCB44CR4pagRFVOTE9QKOODgOODs+ODreODg+ODlylESVJFWlpBIERaMTAyIDI0NS80MFIxNygyNDUvNDAtMTcgMjQ1LTQwLTE344Kk44Oz44OBKeOAiuaknOe0oueUqOOAi+OCv+OCpOODpOOBrkFVVE9XQVnvvIjjgqrjg7zjg4jjgqbjgqfjgqTvvInjgrXjg57jg7zjgr/jgqTjg6TjgJBSQ1DjgJEwNVAwMU9jdDE2,4pag5pyA5a6J5YCk5oyR5oim5Lit77yB44CQ5paw5ZOB44K/44Kk44Ok44CR44CQ44K144Oe44O844K/44Kk44Ok44CR,RFVOTE9QIERJUkVaWkEgRFoxMDIgMjQ1LzQwUjE3IDkxVzxCUj48QlI+4pag5LiW55WM55qE5aSn5omL44K/44Kk44Ok44Oh44O844Kr44O8RFVOTE9Q77yI44OA44Oz44Ot44OD44OX77yJ44CCIDE5MDnlubTjgavml6XmnKzjgafjgrTjg6Doo73lk4Hjga7oo73pgKDjgpLplovlp4vjgZfjgIExOTEz5bm044Gr44Gv5pel5pys5Yid44Go44Gq44KL6Ieq5YuV6LuK55So44K/44Kk44Ok44KS6KO96YCg44GX44G+44GX44Gf44CCIOODj+OCpOODieODreODl+ODrOODvOODi+ODs+OCsOePvuixoeOBruino+aYjuOChOaWsOaKgOihk+OBrumWi+eZuuOBquOBqeOAgSDluLjjgavliKnnlKjogIXjgbjlronlhajjgpLmj5DkvpvjgZnjgovjgZ/jgoHjgavmg5zjgZfjgb/jgarjgYTliqrlipvjgpLlgr7ms6jjgZfjgabjgYTjgb7jgZnjgIIK4pagRElSRVpaQSBEWjEwMijjg4fjgqPjg6zjg4Pjg4TjgqEgRFoxMDIp44Gv44CBRFoxMDLlsILnlKjjga7jgrPjg7Pjg5Hjgqbjg7Pjg4njgYzmjqHnlKjjgZXjgozjgabjgYrjgorjgIHjg4njg6njgqTvvIbjgqbjgqfjg4Pjg4jjgaflhKrjgozjgZ/jgrDjg6rjg4Pjg5fmgKfog73jgpLmnInjgZfjgabjgYTjgb7jgZnjgYzjgIHjgZ3jgozjgaDjgZHjgafjga/jgarjgY/jgIHjg5Hjgr/jg7zjg7Pjg47jgqTjgrrjgpLkvY7muJvjgZfjgZ/mlrDjg5Hjgr/jg7zjg7PjgpLmjqHnlKjjgZnjgovjgZPjgajjgafjgIHjgrDjg6rjg4Pjg5fmgKfog73jgaDjgZHjgafjgarjgY/jgIHpnZnnspvmgKfog73jgoLlkJHkuIrjgZfjgabjgYTjgb7jgZnjgII8QlI+PEJSPuWkluW+hO+8mjYyOG1t44CA5bmF77yaMjQ4bW3jgIDmjqjlpajjg6rjg6DluYXvvJo4LjVKIFhM6KaP5qC877yaRVRSVE/jgrnjgr/jg7Pjg4Djg7zjg4k8QlI+PEJSPg==,44CQ6YCB5paZ54Sh5paZ44CR44CQ5Y2z5pel55m66YCB44CR4pagRFVOTE9QKOODgOODs+ODreODg+ODlylESVJFWlpBIERaMTAyIDI0NS80MFIxNygyNDUvNDAtMTcgMjQ1LTQwLTE344Kk44Oz44OBKeOAiuaknOe0oueUqOOAi+OCv+OCpOODpOOBrkFVVE9XQVnvvIjjgqrjg7zjg4jjgqbjgqfjgqTvvInjgrXjg57jg7zjgr/jgqTjg6TjgJBSQ1DjgJEwNVAwMU9jdDE277yaQVVUT1dBWe+8iOOCquODvOODiOOCpuOCp+OCpO+8iQ==,44Kq44O844OI44Km44Kn44Kk5r+A5a6J44K/44Kk44Ok44OK44Oz44Kr44OzYXV0b3dheeODiuODs+OCq+ODs+OAgOOCv+OCpOODpG5hbmthbmfjg5Xjgqfjg4fjg6njg6vpgJrosqnjgIDjgr/jgqTjg6TovLjlhaXjgIDjgr/jgqTjg6RuZXhlbuODleOCp+ODh+ODqeODq+OAgOOCv+OCpOODpGZlZGVyYWzovLjlhaXjgIDjgr/jgqTjg6TjgIDkvqHmoLx0YWl5YeOCueOCv+ODg+ODieODrOOCueOCv+OCpOODpOOCv+OCpOODpOOAgOiyqeWjsuODiuODs+OCq+ODs+OAgOOCueOCv+ODg+ODieODrOOCueOCv+OCpOODpOOCv+OCpOODpOOAgOWuieWjsuOCiuOCv+OCpOODpOOAgOOCteOCpOOCuuOAkOmAgeaWmeeEoeaWmeOAkeOAkOWNs+aXpeeZuumAgeOAkeKWoERVTkxPUCjjg4Djg7Pjg63jg4Pjg5cpRElSRVpaQSBEWjEwMiAyNDUvNDBSMTcoMjQ1LzQwLTE3IDI0NS00MC0xN+OCpOODs+ODgSnjgIrmpJzntKLnlKjjgIvjgr/jgqTjg6Tjga5BVVRPV0FZ77yI44Kq44O844OI44Km44Kn44Kk77yJ44K144Oe44O844K/44Kk44Ok44CQUkNQ44CRMDVQMDFPY3QxNg==,4pag5pyA5a6J5YCk5oyR5oim5Lit77yB44CQ5paw5ZOB44K/44Kk44Ok44CR44CQ44K144Oe44O844K/44Kk44Ok44CR44CC44CQ6YCB5paZ54Sh5paZ44CR44CQ5Y2z5pel55m66YCB44CR4pagRFVOTE9QKOODgOODs+ODreODg+ODlylESVJFWlpBIERaMTAyIDI0NS80MFIxNygyNDUvNDAtMTcgMjQ1LTQwLTE344Kk44Oz44OBKeOAiuaknOe0oueUqOOAi+OCv+OCpOODpOOBrkFVVE9XQVnvvIjjgqrjg7zjg4jjgqbjgqfjgqTvvInjgrXjg57jg7zjgr/jgqTjg6TjgJBSQ1DjgJEwNVAwMU9jdDE2[rn]
11-193289,aHR0cDovL3RzaG9wLnIxMHMuanAvdXMtdGlyZXMvY2FiaW5ldC90b3lvL3RyYW5wYXRoL3R0eS10YW1wei0xLmpwZz9maXRpbj03MDA6NzAw,ODk3Ni4wMDAw,,6LuK55So5ZOB44O744OQ44Kk44Kv55So5ZOBID4g44Kr44O855So5ZOBID4g44K144Oe44O844K/44Kk44Ok,VE9ZTyBUSVJFUyBUUkFOUEFUSCBtcFogWzIxNS80NVIxOCA5M1ddIC8g44OI44O844Oo44O844K/44Kk44OkIOODiOODqeODs+ODkeOCuSDjgqjjg6Djg5Tjg7zjgrzjg4Pjg4ggWzIxNS00NS0xOCA5M1dd,5pyA5a6J5L6h5qC844Gr5oyR5oim,PHRhYmxlIHdpZHRoPSIxMDAlIiBhbGlnbj0iY2VudGVyIiBjZWxscGFkZGluZz0iMCIgY2VsbHNwYWNpbmc9IjAiPgogPHRyPgogICAgIDx0ZD48aW1nIHNyYz0iaHR0cDovL2ltYWdlLnJha3V0ZW4uY28uanAvdXMtdGlyZXMvY2FiaW5ldC90b3lvL3RyYW5wYXRoL3R0eS10YW1wel8wMS5qcGciIHdpZHRoPSIxMDAlIiBhbHQ9IuODl+ODreOCr+OCu+OCuW1wWiI+PC90ZD4KIDwvdHI+CiA8dHI+CiAgICAgPHRkPjxpbWcgc3JjPSJodHRwOi8vaW1hZ2UucmFrdXRlbi5jby5qcC91cy10aXJlcy9jYWJpbmV0L3RveW8vdHJhbnBhdGgvdHR5LXRhbXB6XzAyLmpwZyIgd2lkdGg9IjEwMCUiIGFsdD0i44OX44Ot44Kv44K744K5bXBaIj48L3RkPgogPC90cj4KIDx0cj4KICAgICA8dGQ+PGltZyBzcmM9Imh0dHA6Ly9pbWFnZS5yYWt1dGVuLmNvLmpwL3VzLXRpcmVzL2NhYmluZXQvdG95by90cmFucGF0aC90dHktdGFtcHpfMDMuanBnIiB3aWR0aD0iMTAwJSIgYWx0PSLjg5fjg63jgq/jgrvjgrltcFoiPjwvdGQ+CiA8L3RyPgo8L3RhYmxlPgoK44Oh44O844Kr44O8PGJyPgog44OI44O844Oo44O844K/44Kk44OkIC8gVE9ZTyBUSVJFUzxicj4KPGJyPgrjg5bjg6njg7Pjg4k8YnI+CiDjg4jjg6njg7Pjg5Hjgrkg44Ko44Og44OU44O844K844OD44OIIC8gVFJBTlBBVEggbXBaPGJyPgo8YnI+CuOCteOCpOOCujxicj4KIDIxNS80NVIxOCA5M1c8YnI+Cjxicj4K54q2IOaFizxicj4K5paw5ZOBIC8g5pyA5paw44Oh44O844Kr44O85Y+W44KK5a+E44Gb5ZOB44KS44GK5bGK44GRPGJyPgo8YnI+CuKAu+ODoeODvOOCq+ODvOWPluWvhOOBm+WVhuWTgeOBrueCuuOAgee0jeacn+OBqzLml6XvvZ425pel56iL5bqm5o6b44GL44KK44G+44GZ44CC44G+44Gf44CB44GU5rOo5paH44Gu44K/44Kk44Of44Oz44Kw44Gr44KI44KK5ZWG5ZOB44KS44GU55So5oSP5Ye65p2l44Gq44GE77yI5qyg5ZOB77yJ5aC05ZCI44GM44GU44GW44GE44G+44GZ44CC5LqI44KB5Zyo5bqr56K66KqN44KS44GK6aGY44GE44GX44G+44GZ44CCPGJyPg==,VE9ZTyBUSVJFUyBUUkFOUEFUSCBtcFogWzIxNS80NVIxOCA5M1ddIC8g44OI44O844Oo44O844K/44Kk44OkIOODiOODqeODs+ODkeOCuSDjgqjjg6Djg5Tjg7zjgrzjg4Pjg4ggWzIxNS00NS0xOCA5M1dd77yaVVMgVElSRVM=,VE9ZTyBUSVJFUyBUUkFOUEFUSCBtcFogWzIxNS80NVIxOCA5M1ddIC8g44OI44O844Oo44O844K/44Kk44OkIOODiOODqeODs+ODkeOCuSDjgqjjg6Djg5Tjg7zjgrzjg4Pjg4ggWzIxNS00NS0xOCA5M1dd,5pyA5a6J5L6h5qC844Gr5oyR5oim44CCVE9ZTyBUSVJFUyBUUkFOUEFUSCBtcFogWzIxNS80NVIxOCA5M1ddIC8g44OI44O844Oo44O844K/44Kk44OkIOODiOODqeODs+ODkeOCuSDjgqjjg6Djg5Tjg7zjgrzjg4Pjg4ggWzIxNS00NS0xOCA5M1dd[rn]
11-193290,aHR0cDovL3RzaG9wLnIxMHMuanAvdGlyZXNob3A0dS9jYWJpbmV0LzAzNTA1Mzg1L25hbmthbmcvaW1nNjA4OTY0NjMuanBnP2ZpdGluPTcwMDo3MDA=,NzczMi4wMDAw,,6LuK55So5ZOB44O744OQ44Kk44Kv55So5ZOBID4g44Kr44O855So5ZOBID4g44K144Oe44O844K/44Kk44Ok,5paw5ZOBIOODqeOCuOOCouODq+OCv+OCpOODpCDjg4rjg7Pjgqvjg7MgU1A3IDI0NS80NVIyMOOCpOODs+ODgSDjgJDljZjlk4HjgJHjgJDjgrXjg57jg7zjgr/jgqTjg6TjgJHjgJBTUC0344CRMjQ1LzQ1LTIw,TkFOS0FORyBTUC03,PGltZyBzcmM9Imh0dHA6Ly9pbWFnZS5yYWt1dGVuLmNvLmpwL3RpcmVzaG9wNHUvY2FiaW5ldC8wMjk2MjY5NS9pbWdyYzAwNjEwNDY3NzAuanBnIj48YnI+PGJyPg==,5paw5ZOBIOODqeOCuOOCouODq+OCv+OCpOODpCDjg4rjg7Pjgqvjg7MgU1A3IDI0NS80NVIyMOOCpOODs+ODgSDjgJDljZjlk4HjgJHjgJDjgrXjg57jg7zjgr/jgqTjg6TjgJHjgJBTUC0344CRMjQ1LzQ1LTIw77yaVElSRSBTSE9QIDRVIOalveWkqeW4guWgtOW6lw==,44K/44Kk44Ok6Ly45YWl44K/44Kk44OkQkJTUzY2MDI3NS81NVIyMOWkp+WPo+W+hOODm+OCpOODvOODq+ODiuODs+OCq+ODsyBBUi0x44K144Oe44O844K/44Kk44Ok44OP44Kk44Ko44O844K544OI44Op44Oz44OR44K544CATS9UVkVSVElOSU5BTktBTkcgQVItMTIy44Kk44Oz44OBMTbjgqTjg7Pjg4Eg44K444Og44OL44O8MjI1LzY1UjE344OP44Oq44Ki44O844Op44Oz44OJ44Kv44Or44O844K244O844Ki44Km44OH44Kj44Oe44OD44OJ44K/44Kk44Ok44OW44Oq44OC44K544OI44Oz5paw5ZOBIOODqeOCuOOCouODq+OCv+OCpOODpCDjg4rjg7Pjgqvjg7MgU1A3IDI0NS80NVIyMOOCpOODs+ODgSDjgJDljZjlk4HjgJHjgJDjgrXjg57jg7zjgr/jgqTjg6TjgJHjgJBTUC0344CRMjQ1LzQ1LTIw,TkFOS0FORyBTUC0344CC5paw5ZOBIOODqeOCuOOCouODq+OCv+OCpOODpCDjg4rjg7Pjgqvjg7MgU1A3IDI0NS80NVIyMOOCpOODs+ODgSDjgJDljZjlk4HjgJHjgJDjgrXjg57jg7zjgr/jgqTjg6TjgJHjgJBTUC0344CRMjQ1LzQ1LTIw[rn]
11-193291,aHR0cDovL3RzaG9wLnIxMHMuanAvdGFpeWFob3VzZW1hc2hpa28vY2FiaW5ldC9nYXpvdS9rbzJfMS5qcGc/Zml0aW49NzAwOjcwMA==,MTI5OTIuMDAwMA==,,6LuK55So5ZOB44O744OQ44Kk44Kv55So5ZOBID4g44Kr44O855So5ZOBID4g44K144Oe44O844K/44Kk44Ok,44K144Oe44O844K/44Kk44OkIDIxNS83MFIxNiAxMDAvOTdSIEJG44Kw44OD44OJ44Oq44OD44OBIOOCquODvOODq+ODhuODrOODvOODsyBUL0EgS08yIDIxNS83MC0xNiAxNuOCpOODs+ODgUJGR++9j++9j++9hO+9ku+9ie+9g++9iCBBbGwtVGVycmFpbiBUL0EgS08y,44CQMuacrOS7peS4iuOBp+mAgeaWmeeEoeaWmeOAkeaWsOWTgTHmnKw=,,44K144Oe44O844K/44Kk44OkIDIxNS83MFIxNiAxMDAvOTdSIEJG44Kw44OD44OJ44Oq44OD44OBIOOCquODvOODq+ODhuODrOODvOODsyBUL0EgS08yIDIxNS83MC0xNiAxNuOCpOODs+ODgUJGR++9j++9j++9hO+9ku+9ie+9g++9iCBBbGwtVGVycmFpbiBUL0EgS08y77ya44K/44Kk44Ok44OP44Km44K544Oe44K344Kz,44K144Oe44O844K/44Kk44OkIDIxNS83MFIxNiAxMDAvOTdSIEJG44Kw44OD44OJ44Oq44OD44OBIOOCquODvOODq+ODhuODrOODvOODsyBUL0EgS08yIDIxNS83MC0xNiAxNuOCpOODs+ODgUJGR++9j++9j++9hO+9ku+9ie+9g++9iCBBbGwtVGVycmFpbiBUL0EgS08y,44CQMuacrOS7peS4iuOBp+mAgeaWmeeEoeaWmeOAkeaWsOWTgTHmnKzjgILjgrXjg57jg7zjgr/jgqTjg6QgMjE1LzcwUjE2IDEwMC85N1IgQkbjgrDjg4Pjg4njg6rjg4Pjg4Eg44Kq44O844Or44OG44Os44O844OzIFQvQSBLTzIgMjE1LzcwLTE2IDE244Kk44Oz44OBQkZH772P772P772E772S772J772D772IIEFsbC1UZXJyYWluIFQvQSBLTzI=[rn]
11-193292,aHR0cDovL3RzaG9wLnIxMHMuanAvYXV0b2luZm8vY2FiaW5ldC9haXRpcmUvY2YyLmpwZz9maXRpbj03MDA6NzAw,OTM4NC4wMDAw,,6LuK55So5ZOB44O744OQ44Kk44Kv55So5ZOBID4g44Kr44O855So5ZOBID4g44K144Oe44O844K/44Kk44Ok,UFJPWEVTIENGMiAyMDUvNTBSMTcgODlW,5paw5ZOB44K/44Kk44OkLzHmnKzkvqHmoLzjg7vpgIHmlpnovrw=,PHRhYmxlIHdpZHRoPSIzNTAiIGJnY29sb3I9IiMzMzMzMzMiIGNlbGxzcGFjaW5nPSIxIiBjZWxscGFkZGluZz0iNSI+Cjx0ciBiZ2NvbG9yPSIjMzMzMzMzIj4KPHRoIGNvbHNwYW49IjIiIGFsaWduPSJjZW50ZXIiPjxiPjxmb250IGNvbG9yPSIjY2NjY2NjIj7llYblk4HoqbPntLA8L2ZvbnQ+PC9iPjwvdGg+CjwvdHI+Cjx0cj4KPHRoIGFsaWduPSJjZW50ZXIiIGJnY29sb3I9IiM5OTk5OTkiPjxmb250IHNpemU9IjIiIGNvbG9yPSIiPuODoeODvOOCq+ODvDwvZm9udD48L3RoPgo8dGQgYmdjb2xvcj0iI0Y0RjRGNCI+PGZvbnQgc2l6ZT0iMiIgY29sb3I9IiI+VE9ZTyAvIOODiOODvOODqOODvDwvZm9udD48L3RkPgo8L3RyPgo8dHI+Cjx0aCBhbGlnbj0iY2VudGVyIiBiZ2NvbG9yPSIjOTk5OTk5Ij48Zm9udCBzaXplPSIyIiBjb2xvcj0iIj7jg5Hjgr/jg7zjg7M8L2ZvbnQ+PC90aD4KPHRkIGJnY29sb3I9IiNGNEY0RjQiPjxmb250IHNpemU9IjIiIGNvbG9yPSIiPlBST1hFUyjjg5fjg63jgq/jgrvjgrkpIENGMjwvZm9udD48L3RkPgo8L3RyPgo8dHI+Cjx0aCBhbGlnbj0iY2VudGVyIiBiZ2NvbG9yPSIjOTk5OTk5Ij48Zm9udCBzaXplPSIyIiBjb2xvcj0iIj7llYblk4HlhoXlrrk8L2ZvbnQ+PC90aD4KPHRkIGJnY29sb3I9IiNGNEY0RjQiPjxmb250IHNpemU9IjIiIGNvbG9yPSIiPuOCv+OCpOODpO+8keacrDwvZm9udD48L3RkPgo8L3RyPgo8L3RhYmxlPgo8cCA+PEJSPgo8Zm9udCBjb2xvcj0icmVkIj4K4oC75paw5ZOB44K/44Kk44Ok77yR5pys5YiG44Gu5L6h5qC844Gn44GZ44CCPEJSPjxCUj7igLvllYblk4HnlLvlg4/jga/jgqTjg6Hjg7zjgrjjgafjgZnjgILjgrXjgqTjgrrnrYnjgavjgojjgorjg5Hjgr/jg7zjg7PnrYnoi6XlubLnlbDjgarjgovloLTlkIjjgZTjgZbjgYTjgb7jgZk8QlI+CuODu+ikh+aVsOOBlOazqOaWh+OBrumam+OBr+OBlOW4jOacm+OBruacrOaVsOOCkuOBlOaMh+WumuOBj+OBoOOBleOBhOOAgjxicj4K44CQ6YCB5paZ44Gr44Gk44GE44Gm44CRIDxCUj7mnKzlt54v6YCB5paZ6L6844CAPEJSPuWMl+a1t+mBky8x5pys77+lNTAwKOeojuWIpSk8QlI+4oC75rKW57iE44O76Zui5bO244Gv5Yil6YCU5b6h6KaL56mN44KC44KKPEJSPjxCUj4K4oC744Ob44Kk44O844Or44Gv5LuY5bGe44GX44G+44Gb44KTPEJSPjxCUj4K4oC744GT44Gh44KJ44Gu5ZWG5ZOB44Gv44Oh44O844Kr44O85Y+W5a+E44Gb44Go44Gq44KK44G+44GZPEJSPgrjg7vjgZTms6jmlofnorrlrprlvozjgIHjg6Hjg7zjgqvjg7zjgojjgorlj5blr4TjgZvmiYvphY3oh7TjgZfjgb7jgZk8YnI+CuKAu+ODoeODvOOCq+ODvOWcqOW6q+OBjOOBguOCi+WgtOWQiOOAgee0jeacn+ebruWuieOBr+e0hO+8le+9nu+8l+aXpeOBp+OBmTxicj48YnI+CuKAu+ODoeODvOOCq+ODvOWcqOW6q+asoOWTgeOBruWgtOWQiOOAgee0jeacn+OCkuaUueOCgeOBpuOBlOahiOWGheOBhOOBn+OBl+OBvuOBmeOAgjxicj4K4oC744GK5oCl44GO44Gu5aC05ZCI44Gv5b+F44Ga5LqL5YmN44Gu5Zyo5bqr56K66KqN44KS44GK6aGY44GE6Ie044GX44G+44GZCjwvZm9udD4KPEJSPjxCUj48L3A+44CQ6YGp5ZCI6LuK56iu44Gr44Gk44GE44Gm44CRPEJSPiDou4rnqK7jg7vlubTlvI/jg7vjgrDjg6zjg7zjg4nnrYnjgavjgojjgorjgIHoo4XnnYDjgZfjgabjgYTjgovjgr/jgqTjg6TjgrXjgqTjgrrjgYznlbDjgarjgovngrrjgIHlv4XjgZrkuovliY3jgavnj77lnKjoo4XnnYDjgZfjgabjgYTjgovjgr/jgqTjg6TjgrXjgqTjgrrjgpLjgZTnorroqo3poILjgZHjgb7jgZnmp5jjgYrpoZjjgYToh7TjgZfjgb7jgZnjgII8QlI+IOOCv+OCpOODpOOCteOCpOOCuumWk+mBleOBhOOBq+OCiOOCi+i/lOWTgeODu+S6pOaPm+OBr+OBiuWPl+OBkeiHtOOBl+OBi+OBreOBvuOBmeOBruOBp+S6iOOCgeOBlOS6huaJv+S4i+OBleOBhOOAgjxCUj48QlI+Cgo8QlI+CuOAkOijvemAoOW5tOmAseOBq+OBpOOBhOOBpuOAkTxCUj4g44Oh44O844Kr44O85Y+W5a+E44Gb5ZOB44Gu54K644CB6KO96YCg5bm06YCx44Gu44GU56K66KqN44KE44GU5oyH5a6a44Gv5Ye65p2l44G+44Gb44KTCjxCUj4K44Oh44O844Kr44O844GM6YGp5q2j44Gr5L+d566h44O75qSc5ZOB44GX44CB5ZOB6LOq44Gr5ZWP6aGM54Sh44GX44Go5Yik5pat44GV44KM44Gf5ZWG5ZOB44KS44GK5bGK44GR6Ie044GX44G+44GZPEJSPgrpganmraPjgavkv53nrqHjgZXjgozjgZ/mlrDlk4Hjgr/jgqTjg6Tjga805bm06ZaT44Gv5ZCM562J44Gu5oCn6IO944KS5L+d44Gk44Go44Oh44O844Kr44O85YG044Gr44Gm56K66KqN44GX44Gm44GK44KK44G+44GZ44Gu44GnPEJSPgrjgrXjgqTjgrrjg7vpipjmn4TjgavjgojjgaPjgabjga/oo73pgKDlubTjgYwy772eM+W5tOWJjeOBruWVhuWTgeOBq+OBquOCi+WgtOWQiOOCguOBlOOBluOBhOOBvuOBmTxCUj4KPEJSPgrjgJDlj5blr4TjgZvjgr/jgqTjg6Tjga7ntI3mnJ/norroqo3jgavjgaTjgYTjgabjgJE8QlI+CuODoeODvOOCq+ODvOWcqOW6q+eiuuiqjeOBjOW/heimgeOBqOOBquOCiuOBvuOBmeOBruOBp+OBiumbu+ipseOBp+OBrue0jeacn+WbnuetlOOBr+WHuuadpeOBi+OBreOBvuOBmTxCUj4K57SN5pyf56K66KqN44GU5biM5pyb44Gu5pa544Gv5b+F44Ga44Oh44O844Or44G+44Gf44Gv5ZWP5ZCI44Gb44OV44Kp44O844Og44KI44KK44GU56K66KqN44GP44Gg44GV44GEPEJSPgo8QlI+CuODoeODvOOCq+ODvOOCiOOCiui/lOetlOOBjOOBguOCiuasoeesrOmAo+e1oeiHtOOBl+OBvuOBmeOBjOOAgTxCUj4K5Zue562U6L+E44Gr5Y2K5pel56iL5bqmKOOBiuWPl+S7mOaZgumWk+OBq+OCiOOBo+OBpuOBr+e/jOWWtualreaXpeOBvuOBpynjgYrmmYLplpPjgpLpoILjgY/loLTlkIjjgoLjgZTjgZbjgYTjgb7jgZnjga7jgafkuojjgoHjgZTkuobmib/kuIvjgZXjgYQ=,UFJPWEVTIENGMiAyMDUvNTBSMTcgODlW77ya44Kq44O844OI44Kk44Oz44OV44Kp44CA5qW95aSp5biC5aC05bqX,44K/44Kk44Ok44OA44Oz44Ot44OD44OXWU9LT0hBTUHjg6jjgrPjg4/jg55EVU5MT1Djg5bjg6rjg4Ljgrnjg4jjg7NUT1lP44OI44O844Oo44O844OV44Kh44Or44Kx44OzRkFMS0VOTklUVE/jg4vjg4Pjg4jjg7zjg4/jg7PjgrPjg4Pjgq/jgrDjg4Pjg4njgqTjg6Tjg7zvvKLvvKbjgrDjg4Pjg4njg6rjg4Pjg4Hjg5Xjgqfjg4fjg6njg6tQUk9YRVMgQ0YyIDIwNS81MFIxNyA4OVY=,5paw5ZOB44K/44Kk44OkLzHmnKzkvqHmoLzjg7vpgIHmlpnovrzjgIJQUk9YRVMgQ0YyIDIwNS81MFIxNyA4OVY=[rn]
11-193293,aHR0cDovL3RzaG9wLnIxMHMuanAvZHJpdmVtYXJrZXQvY2FiaW5ldC9pdGVtaW1hZ2UvaXRlbWltYWdlNC9zazcwXzUwMC5qcGc/Zml0aW49NzAwOjcwMA==,MzM1Mi4wMDAw,,6LuK55So5ZOB44O744OQ44Kk44Kv55So5ZOBID4g44Kr44O855So5ZOBID4g44K144Oe44O844K/44Kk44Ok,44CQ5pyf6ZaT6ZmQ5a6a4piG5YWo5ZOB44Od44Kk44Oz44OIMuWAjVNBTEXkuK0hIeOAkTIwMTblubToo70gS0lOR1NUQVIgUk9BREZJVCBTSzcwIDE5NS82NVIxNSA5MVQg5paw5ZOBIOOCteODnuODvOOCv+OCpOODpCDjgq3jg7PjgrDjgrnjgr/jg7wg44Ot44O844OJ44OV44Kj44OD44OI44CQMDJQMDNEZWMxNuOAkQ==,44CQ6YCB5paZ54Sh5paZ44CR,6LKp5aOy5L6h5qC844GvMeacrOihqOekuuOBp+OBmeOAgjxicj4K4oC75pel5pmC5oyH5a6a5LiN5Y+vPGJyPgrigLvmspbnuITjg7vpm6Lls7bjgbjjga7nmbrpgIHjga/ooYzjgaPjgabjgYrjgorjgb7jgZvjgpPjgII8YnI+CuOAgOOAgOOBvuOBn+OAgeS7luOBruWVhuWTgeOBqOOBruWQjOaiseOBr+iHtOOBl+OBpuOBiuOCiuOBvuOBm+OCk+OAgjxicj4=,44CQ5pyf6ZaT6ZmQ5a6a4piG5YWo5ZOB44Od44Kk44Oz44OIMuWAjVNBTEXkuK0hIeOAkTIwMTblubToo70gS0lOR1NUQVIgUk9BREZJVCBTSzcwIDE5NS82NVIxNSA5MVQg5paw5ZOBIOOCteODnuODvOOCv+OCpOODpCDjgq3jg7PjgrDjgrnjgr/jg7wg44Ot44O844OJ44OV44Kj44OD44OI44CQMDJQMDNEZWMxNuOAke+8muODieODqeOCpOODluODnuODvOOCseODg+ODiA==,44OR44Kk44Kq44OL44Ki44Kr44Ot44OD44OE44Kn44Oq44Ki5qW944OK44OT44K144Kk44OQ44O844OK44OT44K544OI44Op44O844OA44OR44OK44K944OL44OD44Kv44Kr44O844OK44OT44Ky44O844K344On44Oz44Kr44O844Kq44O844OH44Kj44KqRUNMSVBTReOCr+ODqeODquOCquODs+OCseODs+OCpuODg+ODieODk+OCr+OCv+ODvOODrOODvOODgOODvOOCu+ODq+OCueOCv+ODvOOCs+ODoOODhuODg+OCr+ODpuODlOODhuODq+OCtOODquODqeOCteODs+ODqOODvOWPluS7mOWkp+mYquOAkOacn+mWk+mZkOWumuKYhuWFqOWTgeODneOCpOODs+ODiDLlgI1TQUxF5LitISHjgJEyMDE25bm06KO9IEtJTkdTVEFSIFJPQURGSVQgU0s3MCAxOTUvNjVSMTUgOTFUIOaWsOWTgSDjgrXjg57jg7zjgr/jgqTjg6Qg44Kt44Oz44Kw44K544K/44O8IOODreODvOODieODleOCo+ODg+ODiOOAkDAyUDAzRGVjMTbjgJE=,44CQ6YCB5paZ54Sh5paZ44CR44CC44CQ5pyf6ZaT6ZmQ5a6a4piG5YWo5ZOB44Od44Kk44Oz44OIMuWAjVNBTEXkuK0hIeOAkTIwMTblubToo70gS0lOR1NUQVIgUk9BREZJVCBTSzcwIDE5NS82NVIxNSA5MVQg5paw5ZOBIOOCteODnuODvOOCv+OCpOODpCDjgq3jg7PjgrDjgrnjgr/jg7wg44Ot44O844OJ44OV44Kj44OD44OI44CQMDJQMDNEZWMxNuOAkQ==[rn]
11-193294,aHR0cDovL3RzaG9wLnIxMHMuanAvdGlyZS1zaG9wLWthbWlrYXplL2NhYmluZXQvemV0YS9hbHZlbnRpL2FsdmVudGktNC5qcGc/Zml0aW49NzAwOjcwMA==,MTI0MTYuMDAwMA==,,6LuK55So5ZOB44O744OQ44Kk44Kv55So5ZOBID4g44Kr44O855So5ZOBID4g44K144Oe44O844K/44Kk44Ok,77y677yl77y077yh44CA77yh77ys77y277yl77yu77y0Se+8iOOCvOODvOOCv+OAgOOCouODq+ODmeODs+ODhuOCo++8ieKYhSDjgrXjgqTjgrrvvJoxOTUvNDVSMTYgODRWIFhMIOKYheKAu+ODm+OCpOODvOODq+OBr+WQq+OBvuOCjOOBpuOBvuOBm+OCk+OAguOAkCDjgr/jgqTjg6Qg5aSP44K/44Kk44OkIOOCteODnuODvOOCv+OCpOODpCDmv4Dlrokg44CR,44CQ6YCB5paZ54Sh5paZ44CR5paw6ZaL55m644Gu5bem5Y+z6Z2e5a++56ew44Gu44OI44Os44OD44OJ44OR44K/44O844Oz,PHRhYmxlIHdpZHRoPSIxMDAlIiBib3JkZXI9IjAiIGNlbGxzcGFjaW5nPSIxMCIgY2VsbHBhZGRpbmc9IjAiIGJnY29sb3I9IiNmMmYyZjIiPjx0cj48dGQgYWxpZ249ImNlbnRlciI+PGI+44GU5rOo5paH44Gu44K/44Kk44Of44Oz44Kw44Gr44KI44Gj44Gm44CB5qyg5ZOB44GZ44KL5aC05ZCI44GM44GU44GW44GE44G+44GZ44Gu44Gn44GK5oCl44GO44Gu5pa544Gv44GU6YCj57Wh5LiL44GV44GE44CCPC9iPjxicj50aXJlLXNob3Ata2FtaWthemVAc2hvcC5yYWt1dGVuLmNvLmpwPC90ZD48L3RyPjwvdGFibGU+PGJyPjxicj4KPGltZyBzcmM9Imh0dHA6Ly93d3cucmFrdXRlbi5uZS5qcC9nb2xkL3RpcmUtc2hvcC1rYW1pa2F6ZS9pbWFnZXMvc3AvYWx2ZW50aS5qcGciIHdpZHRoPSIxMDAlIj48YnI+5paw6ZaL55m644Gu5bem5Y+z6Z2e5a++56ew44Gu44OI44Os44OD44OJ44OR44K/44O844OzPGJyPgrpq5jjgrfjg6rjgqvphY3lkIjjgavjgojjgorjgIHpqJLpn7Pjga7kvY7muJvjgIHjgrDjg6rjg4Pjg5flipvjgIHnh4PosrvmgKfog73jga7mlLnlloTjgpLpq5jjg6zjg5njg6vjgaflrp/nj77jgII8YnI+PGJyPjxicj4KCgoKPGJyPjxicj48dGFibGUgd2lkdGg9IjEwMCUiIGJvcmRlcj0iMCIgY2VsbHNwYWNpbmc9IjEiIGNlbGxwYWRkaW5nPSI1IiBiZ2NvbG9yPSIjYmQwMDAwIj48dHI+PHRkIGFsaWduPSJjZW50ZXIiPjxiPjxmb250IGNvbG9yPSIjZmZmZmZmIj7lvZPlupfjga/mpb3lpKnjg5Djg7Pjgq/msbrmuIjjga/jgZTliKnnlKjjgYTjgZ/jgaDjgZHjgb7jgZvjgpPjgII8L2ZvbnQ+PC9iPjwvdGQ+PC90cj48dHI+PHRkIGFsaWduPSJjZW50ZXIiIGJnY29sb3I9IiNGRkZGRkYiPualveWkqeODkOODs+OCr+axuua4iOOCkuOBlOmBuOaKnuOBhOOBn+OBoOOBhOOBn+WgtOWQiOOAgeOBlOazqOaWh+OCkuOCreODo+ODs+OCu+ODq+OBleOBm+OBpuOBhOOBn+OBoOOBjeOBvuOBmeOAguS6iOOCgeOBlOS6huaJv+OBj+OBoOOBleOBhOOAgjwvdGQ+PC90cj48L3RhYmxlPjxicj48YnI+PHRhYmxlIHdpZHRoPSIxMDAlIiBib3JkZXI9IjAiIGNlbGxzcGFjaW5nPSIxMCIgY2VsbHBhZGRpbmc9IjAiIGJnY29sb3I9IiNlNzAwMTIiPjx0cj48dGQgYWxpZ249ImNlbnRlciI+PGZvbnQgY29sb3I9IiNGRkZGRkYiIHNpemU9IjMiPjxiPuOAkOOBlOazqOaEj+OBj+OBoOOBleOBhOOAkTwvYj48YnI+5b2T5bqX44Gv44GK6Zu76Kmx44Gn44Gu44GK5ZWP44GE5ZCI44KP44Gb44Gv5Y+X44GR5LuY44GR44Gm44GK44KK44G+44Gb44KT44CCPGJyPuOBiuWVj+OBhOWQiOOCj+OBm+OBrumam+OBr+OAgeODoeODvOODq+ODu+OCguOBl+OBj+OBr+OBiuWVj+OBhOWQiOOCj+OBm+ODmuODvOOCuOOBi+OCieOBiumhmOOBhOOBhOOBn+OBl+OBvuOBmeOAgjwvZm9udD48L3RkPjwvdHI+PHRyPjx0ZCBhbGlnbj0iY2VudGVyIiBiZ2NvbG9yPSIjRkZGRkZGIj7jgYrllY/jgYTlkIjjgo/jgZvjga/jgZPjgaHjgokmZ3Q7Jmd0OzwvdGQ+PC90cj48L3RhYmxlPg==,77y677yl77y077yh44CA77yh77ys77y277yl77yu77y0Se+8iOOCvOODvOOCv+OAgOOCouODq+ODmeODs+ODhuOCo++8ieKYhSDjgrXjgqTjgrrvvJoxOTUvNDVSMTYgODRWIFhMIOKYheKAu+ODm+OCpOODvOODq+OBr+WQq+OBvuOCjOOBpuOBvuOBm+OCk+OAguOAkCDjgr/jgqTjg6Qg5aSP44K/44Kk44OkIOOCteODnuODvOOCv+OCpOODpCDmv4Dlrokg44CR77ya5qCq5byP5Lya56S+56We6aKo,77y677yl77y077yh44CA77yh77ys77y277yl77yu77y0Se+8iOOCvOODvOOCv+OAgOOCouODq+ODmeODs+ODhuOCo++8ieKYhSDjgrXjgqTjgrrvvJoxOTUvNDVSMTYgODRWIFhMIOKYheKAu+ODm+OCpOODvOODq+OBr+WQq+OBvuOCjOOBpuOBvuOBm+OCk+OAguOAkCDjgr/jgqTjg6Qg5aSP44K/44Kk44OkIOOCteODnuODvOOCv+OCpOODpCDmv4Dlrokg44CR,44CQ6YCB5paZ54Sh5paZ44CR5paw6ZaL55m644Gu5bem5Y+z6Z2e5a++56ew44Gu44OI44Os44OD44OJ44OR44K/44O844Oz44CC77y677yl77y077yh44CA77yh77ys77y277yl77yu77y0Se+8iOOCvOODvOOCv+OAgOOCouODq+ODmeODs+ODhuOCo++8ieKYhSDjgrXjgqTjgrrvvJoxOTUvNDVSMTYgODRWIFhMIOKYheKAu+ODm+OCpOODvOODq+OBr+WQq+OBvuOCjOOBpuOBvuOBm+OCk+OAguOAkCDjgr/jgqTjg6Qg5aSP44K/44Kk44OkIOOCteODnuODvOOCv+OCpOODpCDmv4Dlrokg44CR[rn]
11-193295,aHR0cDovL3RzaG9wLnIxMHMuanAvYXV0b3dheS9jYWJpbmV0L21haW5pbWFnZS90aXJlX21haW4vaGlmbHkvaGYwMDIxNy5qcGc/Zml0aW49NzAwOjcwMA==,NTY5Ni4wMDAw,,6LuK55So5ZOB44O744OQ44Kk44Kv55So5ZOBID4g44Kr44O855So5ZOBID4g44K144Oe44O844K/44Kk44Ok,44CQ6YCB5paZ54Sh5paZ44CR44CQ5Y2z5pel55m66YCB44CR4pagSElGTFnvvIjjg4/jgqTjg5Xjg6njgqQpU1VQRVIyMDAwIDIxNS82NVIxNiA4UFIoMjE1LzY1LTE2IDIxNS02NS0xNuOCpOODs+ODgSnjgIrmpJzntKLnlKjjgIvjgr/jgqTjg6Tjga5BVVRPV0FZ77yI44Kq44O844OI44Km44Kn44Kk77yJ44K144Oe44O844K/44Kk44Ok44CQUkNQ44CRMDVQMDFPY3QxNiAg44CQa2MxM+WNmOWTgXN1beOAkQ==,4pag5pyA5a6J5YCk5oyR5oim5Lit77yB44CQ5paw5ZOB44K/44Kk44Ok44CR44CQ44K144Oe44O844K/44Kk44Ok44CR,SElGTFkgU1VQRVIyMDAwIDIxNS82NVIxNiA4UFIgMTA5LzEwN1Q8QlI+PEJSPuKWoOmrmOasoeWFg+OBquWTgeizquOBqOOCs+OCueODiOODkeODleOCqeODvOODnuODs+OCueOBruS4oeeri+OCkuWun+ePvuOBl+OAgeWMl+exs+OAgeODqOODvOODreODg+ODkeOCkuOBr+OBmOOCgeS4lueVjOWQhOWbveOBp+iyqeWjsuOBleOCjOOBpuOBhOOCi+S6uuawl+ODluODqeODs+ODiUhJRkxZKOODj+OCpOODleODqeOCpCnjgIIK44Ki44Oh44Oq44Kr5ZCI6KGG5Zu96YGL6Ly455yB44Gu6KqN5a6a6KaP5qC844Gn44GC44KLRE9U44KS44Gv44GY44KB44CB5qyn5bee44Gq44Gp5ZCE5Zu944Gu5Z+65rqW44CB6KaP5a6a44Gr5ZCI5qC844GX44Gm44GE44G+44GZ44CCCuKWoFNVUEVSMjAwMCjjgrnjg7zjg5Hjg7wg44OL44K744OzKeOBr+OAgeiAkOiNt+mHjeaAp+iDveOAgeODj+ODvOODieOBquS9v+eUqOOBq+OCguiAkOOBiOOCi+ODreODs+OCsOODqeOCpOODleaAp+iDveOChOS9jueHg+iyu+OCkui/veaxguOBl+OAgemVt+i3nemboui1sOihjOOBq+mBqeOBl+OBn+OCv+OCpOODpOOBp+OBmeOAggrilqDllYbnlKjou4rnlKjjgr/jgqTjg6TjgafjgZnjgII8QlI+PEJSPuWkluW+hO+8mjY4Nm1t44CA5bmF77yaMjIxbW3jgIDmjqjlpajjg6rjg6DluYXvvJo2LjVKPEJSPjxCUj4=,44CQ6YCB5paZ54Sh5paZ44CR44CQ5Y2z5pel55m66YCB44CR4pagSElGTFnvvIjjg4/jgqTjg5Xjg6njgqQpU1VQRVIyMDAwIDIxNS82NVIxNiA4UFIoMjE1LzY1LTE2IDIxNS02NS0xNuOCpOODs+ODgSnjgIrmpJzntKLnlKjjgIvjgr/jgqTjg6Tjga5BVVRPV0FZ77yI44Kq44O844OI44Km44Kn44Kk77yJ44K144Oe44O844K/44Kk44Ok44CQUkNQ44CRMDVQMDFPY3QxNiAg44CQa2MxM+WNmOWTgXN1beOAke+8mkFVVE9XQVnvvIjjgqrjg7zjg4jjgqbjgqfjgqTvvIk=,44Kq44O844OI44Km44Kn44Kk5r+A5a6J44K/44Kk44Ok44OK44Oz44Kr44OzYXV0b3dheeODiuODs+OCq+ODs+OAgOOCv+OCpOODpG5hbmthbmfjg5Xjgqfjg4fjg6njg6vpgJrosqnjgIDjgr/jgqTjg6TovLjlhaXjgIDjgr/jgqTjg6RuZXhlbuODleOCp+ODh+ODqeODq+OAgOOCv+OCpOODpGZlZGVyYWzovLjlhaXjgIDjgr/jgqTjg6TjgIDkvqHmoLx0YWl5YeOCueOCv+ODg+ODieODrOOCueOCv+OCpOODpOOCv+OCpOODpOOAgOiyqeWjsuODiuODs+OCq+ODs+OAgOOCueOCv+ODg+ODieODrOOCueOCv+OCpOODpOOCv+OCpOODpOOAgOWuieWjsuOCiuOCv+OCpOODpOOAgOOCteOCpOOCuuOAkOmAgeaWmeeEoeaWmeOAkeOAkOWNs+aXpeeZuumAgeOAkeKWoEhJRkxZ77yI44OP44Kk44OV44Op44KkKVNVUEVSMjAwMCAyMTUvNjVSMTYgOFBSKDIxNS82NS0xNiAyMTUtNjUtMTbjgqTjg7Pjg4Ep44CK5qSc57Si55So44CL44K/44Kk44Ok44GuQVVUT1dBWe+8iOOCquODvOODiOOCpuOCp+OCpO+8ieOCteODnuODvOOCv+OCpOODpOOAkFJDUOOAkTA1UDAxT2N0MTYgIOOAkGtjMTPljZjlk4FzdW3jgJE=,4pag5pyA5a6J5YCk5oyR5oim5Lit77yB44CQ5paw5ZOB44K/44Kk44Ok44CR44CQ44K144Oe44O844K/44Kk44Ok44CR44CC44CQ6YCB5paZ54Sh5paZ44CR44CQ5Y2z5pel55m66YCB44CR4pagSElGTFnvvIjjg4/jgqTjg5Xjg6njgqQpU1VQRVIyMDAwIDIxNS82NVIxNiA4UFIoMjE1LzY1LTE2IDIxNS02NS0xNuOCpOODs+ODgSnjgIrmpJzntKLnlKjjgIvjgr/jgqTjg6Tjga5BVVRPV0FZ77yI44Kq44O844OI44Km44Kn44Kk77yJ44K144Oe44O844K/44Kk44Ok44CQUkNQ44CRMDVQMDFPY3QxNiAg44CQa2MxM+WNmOWTgXN1beOAkQ==[rn]
11-193296,aHR0cDovL3RzaG9wLnIxMHMuanAvY2FycGFydHMtbWFydWtlaS9jYWJpbmV0L3RpcmUvZHVfc3BsdDUwLmpwZz9maXRpbj03MDA6NzAw,OTg2MS42MDAw,,6LuK55So5ZOB44O744OQ44Kk44Kv55So5ZOBID4g44Kr44O855So5ZOBID4g44K144Oe44O844K/44Kk44Ok,44OA44Oz44Ot44OD44OXIOOCqOODiuOCu+ODvOODliBTUCBMVDUwIOWwj+Wei+ODiOODqeODg+OCr+eUqOOCv+OCpOODpOOAgDIwNS83NVIxNiAxMTMvMTExTg==,MuacrOS7peS4iuizvOWFpeOBp+mAgeaWmeeEoeaWmSEh,,44OA44Oz44Ot44OD44OXIOOCqOODiuOCu+ODvOODliBTUCBMVDUwIOWwj+Wei+ODiOODqeODg+OCr+eUqOOCv+OCpOODpOOAgDIwNS83NVIxNiAxMTMvMTExTu+8muOCq+ODvOODkeODvOODhOODnuODq+OCseOCpOalveWkqeW4guWgtOW6lw==,44OA44Oz44Ot44OD44OXIOOCqOODiuOCu+ODvOODliBTUCBMVDUwIOWwj+Wei+ODiOODqeODg+OCr+eUqOOCv+OCpOODpOOAgDIwNS83NVIxNiAxMTMvMTExTg==,MuacrOS7peS4iuizvOWFpeOBp+mAgeaWmeeEoeaWmSEhIOOAguODgOODs+ODreODg+ODlyDjgqjjg4rjgrvjg7zjg5YgU1AgTFQ1MCDlsI/lnovjg4jjg6njg4Pjgq/nlKjjgr/jgqTjg6TjgIAyMDUvNzVSMTYgMTEzLzExMU4=[rn]
11-193297,aHR0cDovL3RzaG9wLnIxMHMuanAvY2FycGFydHMtbWFydWtlaS9jYWJpbmV0L3RpcmUvZHU2X3NwbHQ1MC5qcGc/Zml0aW49NzAwOjcwMA==,NTI0NTYuODAwMA==,,6LuK55So5ZOB44O744OQ44Kk44Kv55So5ZOBID4g44Kr44O855So5ZOBID4g44K144Oe44O844K/44Kk44Ok,44OA44Oz44Ot44OD44OXIOOCqOODiuOCu+ODvOODliBTUExUNTAg5bCP5Z6L44OI44Op44OD44Kv55So44K/44Kk44Ok44CAMTk1Lzg1UjE2IDExNC8xMTJOIDbmnKzjgrvjg4Pjg4g=,NuacrOOCu+ODg+ODiOizvOWFpeOBp+mAgeaWmeeEoeaWmSEh,,44OA44Oz44Ot44OD44OXIOOCqOODiuOCu+ODvOODliBTUExUNTAg5bCP5Z6L44OI44Op44OD44Kv55So44K/44Kk44Ok44CAMTk1Lzg1UjE2IDExNC8xMTJOIDbmnKzjgrvjg4Pjg4jvvJrjgqvjg7zjg5Hjg7zjg4Tjg57jg6vjgrHjgqTmpb3lpKnluILloLTlupc=,44OA44Oz44Ot44OD44OXIOOCqOODiuOCu+ODvOODliBTUExUNTAg5bCP5Z6L44OI44Op44OD44Kv55So44K/44Kk44Ok44CAMTk1Lzg1UjE2IDExNC8xMTJOIDbmnKzjgrvjg4Pjg4g=,NuacrOOCu+ODg+ODiOizvOWFpeOBp+mAgeaWmeeEoeaWmSEhIOOAguODgOODs+ODreODg+ODlyDjgqjjg4rjgrvjg7zjg5YgU1BMVDUwIOWwj+Wei+ODiOODqeODg+OCr+eUqOOCv+OCpOODpOOAgDE5NS84NVIxNiAxMTQvMTEyTiA25pys44K744OD44OI[rn]
11-193298,aHR0cDovL3RzaG9wLnIxMHMuanAvYXV0b3dheS9jYWJpbmV0L21haW5pbWFnZS90aXJlX21haW4vbW9tby9tbTAwMDEzLmpwZz9maXRpbj03MDA6NzAw,MzMzNi4wMDAw,,6LuK55So5ZOB44O744OQ44Kk44Kv55So5ZOBID4g44Kr44O855So5ZOBID4g44K144Oe44O844K/44Kk44Ok,44CQ6YCB5paZ54Sh5paZ44CR44CQ5Y2z5pel55m66YCB44CR4pagTU9NTyjjg6Ljg6IpIE9VVFJVTiBNLTEgMTY1LzY1UjE1KDE2NS82NS0xNSAxNjUtNjUtMTXjgqTjg7Pjg4Ep44CK5qSc57Si55So44CL44K/44Kk44Ok44GuQVVUT1dBWe+8iOOCquODvOODiOOCpuOCp+OCpO+8ieOCteODnuODvOOCv+OCpOODpOOAkFJDUOOAkTA1UDAxT2N0MTY=,4pag5pyA5a6J5YCk5oyR5oim5Lit77yB44CQ5paw5ZOB44K/44Kk44Ok44CR44CQ44K144Oe44O844K/44Kk44Ok44CR,TU9NTyBUaXJlcyBPVVRSVU4gTS0xIDE2NS82NVIxNSA4MUg8QlI+PEJSPuKWoOOCueODhuOCouODquODs+OCsOOCkuOBr+OBmOOCgeOAgemVt+W5tOOBruODrOODvOOCuee1jOmok+OBp+WfueOCj+OCjOOBn+aKgOihk+OBqOe1jOmok+OCkuWPluOCiuWFpeOCjOOBn+iHquWLlei7iuODkeODvOODhOOBp+acieWQjeOBquOCpOOCv+ODquOCouOBruODluODqeODs+ODiU1PTU8o44Oi44OiKeOAggrilqBPVVRSVU4gTS0xKOOCouOCpuODiOODqeODsyDjgqjjg6Djg6/jg7Mp44Gv44CB6Lui44GM44KK5oq15oqX44KS5oqR44GI44CB6Z2Z57Kb5oCn44Gr44KC5YSq44KM44Gm44GE44G+44GZ44CCM+acrOOBrue4pua6neOBq+OCiOOCiuaOkuawtOaAp+OCgueiuuS/neOBleOCjOOBpuOBhOOCi+OBruOBp+OAgeOCpuOCp+ODg+ODiOaZguOBp+OCguWuieWumuOBl+OBn+i1sOihjOOBjOWPr+iDveOBp+OBmeOAguOAgArilqDlt6blj7PpnZ7lr77np7Djg5Hjgr/jg7zjg7PjgafjgZnjgILjgZPjga7jgr/jgqTjg6Tjga7lpJblgbTjgavjga/jgIxPVVRTSURF44CN44CB5YaF5YG044Gr44Gv44CMSU5TSURF44CN44Go5Yi75Y2w44GM44GC44KK44G+44GZ44CCCuOAjE9VVFNJREXjgI3jgYzou4rkuKHjgavlr77jgZfjgablpJblgbTjgavjgarjgovjgojjgYbjgavoo4XnnYDjgZfjgabjgY/jgaDjgZXjgYTjgIIK4pag5Y+z55So5bem55So44Gu6Kit5a6a44Gv44GC44KK44G+44Gb44KT44CCPEJSPjxCUj7lpJblvoTvvJo1OTZtbeOAgOW5he+8mjE2NW1t44CA5o6o5aWo44Oq44Og5bmF77yaNUogWEzopo/moLzvvJpFVFJUT+OCueOCv+ODs+ODgOODvOODiTxCUj48QlI+,44CQ6YCB5paZ54Sh5paZ44CR44CQ5Y2z5pel55m66YCB44CR4pagTU9NTyjjg6Ljg6IpIE9VVFJVTiBNLTEgMTY1LzY1UjE1KDE2NS82NS0xNSAxNjUtNjUtMTXjgqTjg7Pjg4Ep44CK5qSc57Si55So44CL44K/44Kk44Ok44GuQVVUT1dBWe+8iOOCquODvOODiOOCpuOCp+OCpO+8ieOCteODnuODvOOCv+OCpOODpOOAkFJDUOOAkTA1UDAxT2N0MTbvvJpBVVRPV0FZ77yI44Kq44O844OI44Km44Kn44Kk77yJ,44Kq44O844OI44Km44Kn44Kk5r+A5a6J44K/44Kk44Ok44OK44Oz44Kr44OzYXV0b3dheeODiuODs+OCq+ODs+OAgOOCv+OCpOODpG5hbmthbmfjg5Xjgqfjg4fjg6njg6vpgJrosqnjgIDjgr/jgqTjg6TovLjlhaXjgIDjgr/jgqTjg6RuZXhlbuODleOCp+ODh+ODqeODq+OAgOOCv+OCpOODpGZlZGVyYWzovLjlhaXjgIDjgr/jgqTjg6TjgIDkvqHmoLx0YWl5YeOCueOCv+ODg+ODieODrOOCueOCv+OCpOODpOOCv+OCpOODpOOAgOiyqeWjsuODiuODs+OCq+ODs+OAgOOCueOCv+ODg+ODieODrOOCueOCv+OCpOODpOOCv+OCpOODpOOAgOWuieWjsuOCiuOCv+OCpOODpOOAgOOCteOCpOOCuuOAkOmAgeaWmeeEoeaWmeOAkeOAkOWNs+aXpeeZuumAgeOAkeKWoE1PTU8o44Oi44OiKSBPVVRSVU4gTS0xIDE2NS82NVIxNSgxNjUvNjUtMTUgMTY1LTY1LTE144Kk44Oz44OBKeOAiuaknOe0oueUqOOAi+OCv+OCpOODpOOBrkFVVE9XQVnvvIjjgqrjg7zjg4jjgqbjgqfjgqTvvInjgrXjg57jg7zjgr/jgqTjg6TjgJBSQ1DjgJEwNVAwMU9jdDE2,4pag5pyA5a6J5YCk5oyR5oim5Lit77yB44CQ5paw5ZOB44K/44Kk44Ok44CR44CQ44K144Oe44O844K/44Kk44Ok44CR44CC44CQ6YCB5paZ54Sh5paZ44CR44CQ5Y2z5pel55m66YCB44CR4pagTU9NTyjjg6Ljg6IpIE9VVFJVTiBNLTEgMTY1LzY1UjE1KDE2NS82NS0xNSAxNjUtNjUtMTXjgqTjg7Pjg4Ep44CK5qSc57Si55So44CL44K/44Kk44Ok44GuQVVUT1dBWe+8iOOCquODvOODiOOCpuOCp+OCpO+8ieOCteODnuODvOOCv+OCpOODpOOAkFJDUOOAkTA1UDAxT2N0MTY=[rn]
11-193299,aHR0cDovL3RzaG9wLnIxMHMuanAvdGlyZXNob3A0dS9jYWJpbmV0LzAzNTA1Mzg1LzAzNzI5NzIxL2ltZ3JjMDA2MTM1ODk4OS5qcGc/Zml0aW49NzAwOjcwMA==,OTU1NS4yMDAw,,6LuK55So5ZOB44O744OQ44Kk44Kv55So5ZOBID4g44Kr44O855So5ZOBID4g44K144Oe44O844K/44Kk44Ok,VE9ZTyBUSVJFUyBQUk9YRVMgQzFTIDIxNS81MFIxN+OCpOODs+ODgSA5NVcoWEwpIOOAkOOCteODnuODvOOCv+OCpOODpOOAkeOAkOODiOODvOODqOODvOOCv+OCpOODpOOAkeOAkOODl+ODreOCr+OCu+OCueOAkeOAkOOCt+ODvOODr+ODs+OCqOOCueOAkeOAkOWbveWGheato+imj+WTgeOAkeaWsOWTgSDjg6njgrjjgqLjg6vjgr/jgqTjg6Q=,5YG25pWw5Y2Y5L2N44Gn44Gu44G/6LKp5aOy,PGltZyBzcmM9Imh0dHA6Ly9pbWFnZS5yYWt1dGVuLmNvLmpwL3RpcmVzaG9wNHUvY2FiaW5ldC8wMjk2MjY5NS9pbWdyYzAwNjEwNDY3NzAuanBnIj48YnI+PGJyPg==,VE9ZTyBUSVJFUyBQUk9YRVMgQzFTIDIxNS81MFIxN+OCpOODs+ODgSA5NVcoWEwpIOOAkOOCteODnuODvOOCv+OCpOODpOOAkeOAkOODiOODvOODqOODvOOCv+OCpOODpOOAkeOAkOODl+ODreOCr+OCu+OCueOAkeOAkOOCt+ODvOODr+ODs+OCqOOCueOAkeOAkOWbveWGheato+imj+WTgeOAkeaWsOWTgSDjg6njgrjjgqLjg6vjgr/jgqTjg6TvvJpUSVJFIFNIT1AgNFUg5qW95aSp5biC5aC05bqX,44K/44Kk44Ok6Ly45YWl44K/44Kk44OkQkJTUzY2MDI3NS81NVIyMOWkp+WPo+W+hOODm+OCpOODvOODq+ODiuODs+OCq+ODsyBBUi0x44K144Oe44O844K/44Kk44Ok44OP44Kk44Ko44O844K544OI44Op44Oz44OR44K544CATS9UVkVSVElOSU5BTktBTkcgQVItMTIy44Kk44Oz44OBMTbjgqTjg7Pjg4Eg44K444Og44OL44O8MjI1LzY1UjE344OP44Oq44Ki44O844Op44Oz44OJ44Kv44Or44O844K244O844Ki44Km44OH44Kj44Oe44OD44OJ44K/44Kk44Ok44OW44Oq44OC44K544OI44OzVE9ZTyBUSVJFUyBQUk9YRVMgQzFTIDIxNS81MFIxN+OCpOODs+ODgSA5NVcoWEwpIOOAkOOCteODnuODvOOCv+OCpOODpOOAkeOAkOODiOODvOODqOODvOOCv+OCpOODpOOAkeOAkOODl+ODreOCr+OCu+OCueOAkeOAkOOCt+ODvOODr+ODs+OCqOOCueOAkeOAkOWbveWGheato+imj+WTgeOAkeaWsOWTgSDjg6njgrjjgqLjg6vjgr/jgqTjg6Q=,5YG25pWw5Y2Y5L2N44Gn44Gu44G/6LKp5aOy44CCVE9ZTyBUSVJFUyBQUk9YRVMgQzFTIDIxNS81MFIxN+OCpOODs+ODgSA5NVcoWEwpIOOAkOOCteODnuODvOOCv+OCpOODpOOAkeOAkOODiOODvOODqOODvOOCv+OCpOODpOOAkeOAkOODl+ODreOCr+OCu+OCueOAkeOAkOOCt+ODvOODr+ODs+OCqOOCueOAkeOAkOWbveWGheato+imj+WTgeOAkeaWsOWTgSDjg6njgrjjgqLjg6vjgr/jgqTjg6Q=[rn]
11-193300,aHR0cDovL3RzaG9wLnIxMHMuanAvdGlyZXN0YWdlL2NhYmluZXQvYnJpZGdlc3RvbmUvcmVnbm8vaW1ncmMwMDY0MzI1NTU4LmpwZz9maXRpbj03MDA6NzAw,MjQ2MjQuMDAwMA==,,6LuK55So5ZOB44O744OQ44Kk44Kv55So5ZOBID4g44Kr44O855So5ZOBID4g44K144Oe44O844K/44Kk44Ok,QlJJREdFU1RPTkUgUkVHTk8gR1ItWEkgMjI1LzQwUjE4IDg4VyDjg5bjg6rjg4Ljgrnjg4jjg7Mg44Os44Kw44OO,44CQ6YCB5paZ54Sh5paZ44CM5rKW57iE77yM6Zui5bO244Gv6Zmk44GP44CN44CR,PGltZyBzcmM9Imh0dHA6Ly9pbWFnZS5yYWt1dGVuLmNvLmpwL3RpcmVzdGFnZS9jYWJpbmV0L2VqLXRvcC9pbWdyYzAwOTI0NTQ1NDMuanBnIiBib3JkZXI9IjAiPjxicj4KCgo8aW1nIHNyYz0iaHR0cDovL2ltYWdlLnJha3V0ZW4uY28uanAvdGlyZXN0YWdlL2NhYmluZXQvZWotdG9wL2ltZ3JjMDA5MjI1NzQwNi5qcGcid2lkdGg9IjYxOCIgaGVpZ2h0PSI4MCI+PGJyPgoK5Zyo5bqr44Gv5bqX6IiX44Go6YCj5YuV44GX44Gm44GK44KK44G+44GZ44CCPGJyPuOBlOazqOaWh+OBhOOBn+OBoOOBhOOBn+mam+OBq+WcqOW6q+WIh+OCjOOBruWgtOWQiOOBr+OBiuaZgumWk+OCkuOBhOOBn+OBoOOBj+OBk+OBqOOBjOOBlOOBluOBhOOBvuOBmeOAgjxicj7lnKjluqvnorroqo3jgarjganjgYrmsJfou73jgavjgYrllY/lkIjjgZvkuIvjgZXjgYTjgII=,QlJJREdFU1RPTkUgUkVHTk8gR1ItWEkgMjI1LzQwUjE4IDg4VyDjg5bjg6rjg4Ljgrnjg4jjg7Mg44Os44Kw44OO77ya44K/44Kk44Ok44K544OG44O844K444CA5rmY5Y2X44CA5qW95aSp5biC5aC05bqX,QlJJREdFU1RPTkUgUkVHTk8gR1ItWEkgMjI1LzQwUjE4IDg4VyDjg5bjg6rjg4Ljgrnjg4jjg7Mg44Os44Kw44OO,44CQ6YCB5paZ54Sh5paZ44CM5rKW57iE77yM6Zui5bO244Gv6Zmk44GP44CN44CR44CCQlJJREdFU1RPTkUgUkVHTk8gR1ItWEkgMjI1LzQwUjE4IDg4VyDjg5bjg6rjg4Ljgrnjg4jjg7Mg44Os44Kw44OO[rn]
