11-197501,aHR0cDovL3RzaG9wLnIxMHMuanAvZWNvLWxpZmUtci9jYWJpbmV0LzE1MC9zZC0wMzY1LTUwMF8xLmpwZz9maXRpbj03MDA6NzAw,NDMyMC4wMDAw,,6Iqx44O744Ks44O844OH44Oz44O7RElZID4g44Ko44Kv44K544OG44Oq44Ki44O744Ks44O844OH44Oz44OV44Kh44OL44OB44Oj44O8ID4g44Op44Kk44OI44O744Kk44Or44Of44ON44O844K344On44OzID4g44Ks44O844OH44Oz44Op44Kk44OIIOODu+eBr+evrQ==,44K744OI44Kv44Op44OV44OIIOODj+OCpuOCueODu+OCveODvOODqeODvOODqeOCpOODiCDjg5/jg4Pjgq3jg7zvvIbjg5/jg4vjg7wgU0QtMDM2NS01MDA=,,4oC76KSH5pWw44GU5rOo5paH44Gu5aC05ZCI44CB77yR6YWN6YCB5YWI44Gr44Gk44GN6YCB5paZ77yR5YCL5YiG44Gu44G/44GL44GL44KK44G+44GZ44CCPGJyPg==,44K744OI44Kv44Op44OV44OIIOODj+OCpuOCueODu+OCveODvOODqeODvOODqeOCpOODiCDjg5/jg4Pjgq3jg7zvvIbjg5/jg4vjg7wgU0QtMDM2NS01MDDvvJrnkrDlooPnlJ/mtLs=,54mp572u5Y+O57SN5bqr44OX44Os44OP44OW5YCJ5bqr44Ks44Os44O844K46LuK5bqr44OQ44Kk44Kv44Ks44Os44O844K46Ieq6Lui6LuK572u44GN5aC044GU44G/44K544OG44O844K344On44Oz44K044Of5Y+O6ZuG5bqr44OA44K544OI44Oc44OD44Kv44K544Od44K544OI44Oh44O844Or44Oc44OD44Kv44K556uL5rC05p+x5rC05qCT5p+x5o6D6Zmk55So5YW35YWl44KM44K544OB44O844Or44Ot44OD44Kr44O844Ks44O844OH44Oz44OV44Kh44OL44OB44Oj44O85rip5a6k44OX44Op44Oz44K/44O844K744OI44Kv44Op44OV44OIIOODj+OCpuOCueODu+OCveODvOODqeODvOODqeOCpOODiCDjg5/jg4Pjgq3jg7zvvIbjg5/jg4vjg7wgU0QtMDM2NS01MDA=,44K744OI44Kv44Op44OV44OIIOODj+OCpuOCueODu+OCveODvOODqeODvOODqeOCpOODiCDjg5/jg4Pjgq3jg7zvvIbjg5/jg4vjg7wgU0QtMDM2NS01MDA=[rn]
11-197502,aHR0cDovL3RzaG9wLnIxMHMuanAvZWNvLWxpZmUtci9jYWJpbmV0L2hvdXNlL2ltZzYyMDg4MzQwLmpwZz9maXRpbj03MDA6NzAw,Mzg0MC4wMDAw,,6Iqx44O744Ks44O844OH44Oz44O7RElZID4g44Ko44Kv44K544OG44Oq44Ki44O744Ks44O844OH44Oz44OV44Kh44OL44OB44Oj44O8ID4g44Op44Kk44OI44O744Kk44Or44Of44ON44O844K344On44OzID4g44Ks44O844OH44Oz44Op44Kk44OIIOODu+eBr+evrQ==,44K344Or44Ko44OD44OI44K944O844Op44O844Op44Kk44OI77yI44Ko44Oz44K444Kn44OrQe+8iVNJLTA2ODEtNTUw,44CQ6YCB5paZ54Sh5paZ44CR,PGltZyBzcmM9J2h0dHA6Ly9pbWFnZS5yYWt1dGVuLmNvLmpwL2Vjby1saWZlLXIvY2FiaW5ldC9pY29uL2Fib3V0aGFpc28xLmpwZycgPjxicj48aW1nIHNyYz0naHR0cDovL2ltYWdlLnJha3V0ZW4uY28uanAvZWNvLWxpZmUtci9jYWJpbmV0L2ljb24vaGFpc283LmpwZycgPjxicj4K44K144Kk44K677yaVzI4w5dMMjHDl0g0Mi41Y208YnI+CuadkOizqu+8mijmnKzkvZMp44K544OB44O844OrKOODqeOCpOODiOmDqClBQlPmqLnohII8YnI+CumHjeOBle+8mjUyMGc8YnI+CkxFRO+8muOCpOOCqOODreODvDxicj4K4pag5YWJ44K744Oz44K144O85LuYPGJyPgrilqDpmLLpm6jku5Xmp5g8YnI+Cjxicj4KPGZvbnQgY29sb3I9J3JlZCc+4oC75YyX5rW36YGT44G46YWN6YCB44Gu5aC05ZCI44CB6YCB5paZ44GvNTAw5YaG44GL44GL44KK44G+44GZ44CCPC9mb250Pg==,44K344Or44Ko44OD44OI44K944O844Op44O844Op44Kk44OI77yI44Ko44Oz44K444Kn44OrQe+8iVNJLTA2ODEtNTUw77ya55Kw5aKD55Sf5rS7,54mp572u5Y+O57SN5bqr44OX44Os44OP44OW5YCJ5bqr44Ks44Os44O844K46LuK5bqr44OQ44Kk44Kv44Ks44Os44O844K46Ieq6Lui6LuK572u44GN5aC044GU44G/44K544OG44O844K344On44Oz44K044Of5Y+O6ZuG5bqr44OA44K544OI44Oc44OD44Kv44K544Od44K544OI44Oh44O844Or44Oc44OD44Kv44K556uL5rC05p+x5rC05qCT5p+x5o6D6Zmk55So5YW35YWl44KM44K544OB44O844Or44Ot44OD44Kr44O844Ks44O844OH44Oz44OV44Kh44OL44OB44Oj44O85rip5a6k44OX44Op44Oz44K/44O844K344Or44Ko44OD44OI44K944O844Op44O844Op44Kk44OI77yI44Ko44Oz44K444Kn44OrQe+8iVNJLTA2ODEtNTUw,44CQ6YCB5paZ54Sh5paZ44CR44CC44K344Or44Ko44OD44OI44K944O844Op44O844Op44Kk44OI77yI44Ko44Oz44K444Kn44OrQe+8iVNJLTA2ODEtNTUw[rn]
11-197503,aHR0cDovL3RzaG9wLnIxMHMuanAvZWNvLWxpZmUtci9jYWJpbmV0LzE3Ny9zci0yMTAxLTg1MF8xLmpwZz9maXRpbj03MDA6NzAw,MjI2ODAuMDAwMA==,,6Iqx44O744Ks44O844OH44Oz44O7RElZID4g44Ko44Kv44K544OG44Oq44Ki44O744Ks44O844OH44Oz44OV44Kh44OL44OB44Oj44O8ID4g44Op44Kk44OI44O744Kk44Or44Of44ON44O844K344On44OzID4g44Ks44O844OH44Oz44Op44Kk44OIIOODu+eBr+evrQ==,44K944O844Op44O844Op44Kk44OI77yI44Kq44Km44Or77yJ44CAIFNSLTIxMDEtODUw,44CQ6YCB5paZ54Sh5paZ44CR,PGltZyBzcmM9J2h0dHA6Ly9pbWFnZS5yYWt1dGVuLmNvLmpwL2Vjby1saWZlLXIvY2FiaW5ldC9pY29uL2Fib3V0aGFpc28xLmpwZyc+PGJyPgo8aW1nIHNyYz0naHR0cDovL2ltYWdlLnJha3V0ZW4uY28uanAvZWNvLWxpZmUtci9jYWJpbmV0L2ljb24vaGFpc283LmpwZyc+PGJyPgrjgrXjgqTjgrrvvJp3MjTDl2wxN8OXaDMzPGJyPuadkOizqjxicj7mnKzkvZPvvJrjg6zjgrjjg7PjgIDjgrnjg4Hjg7zjg6s8YnI+6YeN6YeP77yaMS41a2c8YnI+4oC757WE56uL5byPPGJyPjxicj48Zm9udCBjb2xvcj0ncmVkJz7igLvljJfmtbfpgZPjgbjphY3pgIHjga7loLTlkIjjgIHpgIHmlpnjga81MDDlhobjgYvjgYvjgorjgb7jgZnjgII8L2ZvbnQ+PGJyPjxicj48YnI+,44K944O844Op44O844Op44Kk44OI77yI44Kq44Km44Or77yJ44CAIFNSLTIxMDEtODUw77ya55Kw5aKD55Sf5rS7,54mp572u5Y+O57SN5bqr44OX44Os44OP44OW5YCJ5bqr44Ks44Os44O844K46LuK5bqr44OQ44Kk44Kv44Ks44Os44O844K46Ieq6Lui6LuK572u44GN5aC044GU44G/44K544OG44O844K344On44Oz44K044Of5Y+O6ZuG5bqr44OA44K544OI44Oc44OD44Kv44K544Od44K544OI44Oh44O844Or44Oc44OD44Kv44K556uL5rC05p+x5rC05qCT5p+x5o6D6Zmk55So5YW35YWl44KM44K544OB44O844Or44Ot44OD44Kr44O844Ks44O844OH44Oz44OV44Kh44OL44OB44Oj44O85rip5a6k44OX44Op44Oz44K/44O844K944O844Op44O844Op44Kk44OI77yI44Kq44Km44Or77yJ44CAIFNSLTIxMDEtODUw,44CQ6YCB5paZ54Sh5paZ44CR44CC44K944O844Op44O844Op44Kk44OI77yI44Kq44Km44Or77yJ44CAIFNSLTIxMDEtODUw[rn]
11-197504,aHR0cDovL3RzaG9wLnIxMHMuanAvZWNvLWxpZmUtci9jYWJpbmV0L2hvdXNlL2ltZzYyMDg4MzU2LmpwZz9maXRpbj03MDA6NzAw,Mzg0MC4wMDAw,,6Iqx44O744Ks44O844OH44Oz44O7RElZID4g44Ko44Kv44K544OG44Oq44Ki44O744Ks44O844OH44Oz44OV44Kh44OL44OB44Oj44O8ID4g44Op44Kk44OI44O744Kk44Or44Of44ON44O844K344On44OzID4g44Ks44O844OH44Oz44Op44Kk44OIIOODu+eBr+evrQ==,44K344Or44Ko44OD44OI44K944O844Op44O844Op44Kk44OI77yI44Ko44Oz44K444Kn44OrQu+8iVNJLTA2ODItNTUw,44CQ6YCB5paZ54Sh5paZ44CR,PGltZyBzcmM9J2h0dHA6Ly9pbWFnZS5yYWt1dGVuLmNvLmpwL2Vjby1saWZlLXIvY2FiaW5ldC9pY29uL2Fib3V0aGFpc28xLmpwZycgPjxicj48aW1nIHNyYz0naHR0cDovL2ltYWdlLnJha3V0ZW4uY28uanAvZWNvLWxpZmUtci9jYWJpbmV0L2ljb24vaGFpc283LmpwZycgPjxicj4K44K144Kk44K677yaVzI1LjbDl0wyM8OXSDQwY208YnI+CuadkOizqu+8mijmnKzkvZMp44K544OB44O844OrKOODqeOCpOODiOmDqClBQlPmqLnohII8YnI+CumHjeOBle+8mjU0MGc8YnI+CkxFRO+8muOCpOOCqOODreODvDxicj4K4pag5YWJ44K744Oz44K144O85LuYPGJyPgrilqDpmLLpm6jku5Xmp5g8YnI+Cjxicj4KPGZvbnQgY29sb3I9J3JlZCc+4oC75YyX5rW36YGT44G46YWN6YCB44Gu5aC05ZCI44CB6YCB5paZ44GvNTAw5YaG44GL44GL44KK44G+44GZ44CCPC9mb250Pg==,44K344Or44Ko44OD44OI44K944O844Op44O844Op44Kk44OI77yI44Ko44Oz44K444Kn44OrQu+8iVNJLTA2ODItNTUw77ya55Kw5aKD55Sf5rS7,54mp572u5Y+O57SN5bqr44OX44Os44OP44OW5YCJ5bqr44Ks44Os44O844K46LuK5bqr44OQ44Kk44Kv44Ks44Os44O844K46Ieq6Lui6LuK572u44GN5aC044GU44G/44K544OG44O844K344On44Oz44K044Of5Y+O6ZuG5bqr44OA44K544OI44Oc44OD44Kv44K544Od44K544OI44Oh44O844Or44Oc44OD44Kv44K556uL5rC05p+x5rC05qCT5p+x5o6D6Zmk55So5YW35YWl44KM44K544OB44O844Or44Ot44OD44Kr44O844Ks44O844OH44Oz44OV44Kh44OL44OB44Oj44O85rip5a6k44OX44Op44Oz44K/44O844K344Or44Ko44OD44OI44K944O844Op44O844Op44Kk44OI77yI44Ko44Oz44K444Kn44OrQu+8iVNJLTA2ODItNTUw,44CQ6YCB5paZ54Sh5paZ44CR44CC44K344Or44Ko44OD44OI44K944O844Op44O844Op44Kk44OI77yI44Ko44Oz44K444Kn44OrQu+8iVNJLTA2ODItNTUw[rn]
11-197505,aHR0cDovL3RzaG9wLnIxMHMuanAvZWNvLWxpZmUtci9jYWJpbmV0LzE1MC9zZC0wMzY2LTUwMF8xLmpwZz9maXRpbj03MDA6NzAw,NDMyMC4wMDAw,,6Iqx44O744Ks44O844OH44Oz44O7RElZID4g44Ko44Kv44K544OG44Oq44Ki44O744Ks44O844OH44Oz44OV44Kh44OL44OB44Oj44O8ID4g44Op44Kk44OI44O744Kk44Or44Of44ON44O844K344On44OzID4g44Ks44O844OH44Oz44Op44Kk44OIIOODu+eBr+evrQ==,44K744OI44Kv44Op44OV44OIIOODj+OCpuOCueODu+OCveODvOODqeODvOODqeOCpOODiCDjg5fjg7zvvIbjg5TjgrDjg6zjg4Pjg4ggU0QtMDM2Ni01MDA=,,4oC76KSH5pWw44GU5rOo5paH44Gu5aC05ZCI44CB77yR6YWN6YCB5YWI44Gr44Gk44GN6YCB5paZ77yR5YCL5YiG44Gu44G/44GL44GL44KK44G+44GZ44CCPGJyPg==,44K744OI44Kv44Op44OV44OIIOODj+OCpuOCueODu+OCveODvOODqeODvOODqeOCpOODiCDjg5fjg7zvvIbjg5TjgrDjg6zjg4Pjg4ggU0QtMDM2Ni01MDDvvJrnkrDlooPnlJ/mtLs=,54mp572u5Y+O57SN5bqr44OX44Os44OP44OW5YCJ5bqr44Ks44Os44O844K46LuK5bqr44OQ44Kk44Kv44Ks44Os44O844K46Ieq6Lui6LuK572u44GN5aC044GU44G/44K544OG44O844K344On44Oz44K044Of5Y+O6ZuG5bqr44OA44K544OI44Oc44OD44Kv44K544Od44K544OI44Oh44O844Or44Oc44OD44Kv44K556uL5rC05p+x5rC05qCT5p+x5o6D6Zmk55So5YW35YWl44KM44K544OB44O844Or44Ot44OD44Kr44O844Ks44O844OH44Oz44OV44Kh44OL44OB44Oj44O85rip5a6k44OX44Op44Oz44K/44O844K744OI44Kv44Op44OV44OIIOODj+OCpuOCueODu+OCveODvOODqeODvOODqeOCpOODiCDjg5fjg7zvvIbjg5TjgrDjg6zjg4Pjg4ggU0QtMDM2Ni01MDA=,44K744OI44Kv44Op44OV44OIIOODj+OCpuOCueODu+OCveODvOODqeODvOODqeOCpOODiCDjg5fjg7zvvIbjg5TjgrDjg6zjg4Pjg4ggU0QtMDM2Ni01MDA=[rn]
11-197506,aHR0cDovL3RzaG9wLnIxMHMuanAvZWNvLWxpZmUtci9jYWJpbmV0LzE1MC9zZC0yMTMxLTUwMF8xLmpwZz9maXRpbj03MDA6NzAw,NDMyMC4wMDAw,,6Iqx44O744Ks44O844OH44Oz44O7RElZID4g44Ko44Kv44K544OG44Oq44Ki44O744Ks44O844OH44Oz44OV44Kh44OL44OB44Oj44O8ID4g44Op44Kk44OI44O744Kk44Or44Of44ON44O844K344On44OzID4g44Ks44O844OH44Oz44Op44Kk44OIIOODu+eBr+evrQ==,44K744OI44Kv44Op44OV44OIIOOCveODvOODqeODvOODqeOCpOODiO+8iOODn+ODg+OCreODvO+8ieWwjyBTRC0yMTMxLTUwMA==,,,44K744OI44Kv44Op44OV44OIIOOCveODvOODqeODvOODqeOCpOODiO+8iOODn+ODg+OCreODvO+8ieWwjyBTRC0yMTMxLTUwMO+8mueSsOWig+eUn+a0uw==,54mp572u5Y+O57SN5bqr44OX44Os44OP44OW5YCJ5bqr44Ks44Os44O844K46LuK5bqr44OQ44Kk44Kv44Ks44Os44O844K46Ieq6Lui6LuK572u44GN5aC044GU44G/44K544OG44O844K344On44Oz44K044Of5Y+O6ZuG5bqr44OA44K544OI44Oc44OD44Kv44K544Od44K544OI44Oh44O844Or44Oc44OD44Kv44K556uL5rC05p+x5rC05qCT5p+x5o6D6Zmk55So5YW35YWl44KM44K544OB44O844Or44Ot44OD44Kr44O844Ks44O844OH44Oz44OV44Kh44OL44OB44Oj44O85rip5a6k44OX44Op44Oz44K/44O844K744OI44Kv44Op44OV44OIIOOCveODvOODqeODvOODqeOCpOODiO+8iOODn+ODg+OCreODvO+8ieWwjyBTRC0yMTMxLTUwMA==,44K744OI44Kv44Op44OV44OIIOOCveODvOODqeODvOODqeOCpOODiO+8iOODn+ODg+OCreODvO+8ieWwjyBTRC0yMTMxLTUwMA==[rn]
11-197507,aHR0cDovL3RzaG9wLnIxMHMuanAvYWZyb2JlYXQvY2FiaW5ldC93YWdhL2thODY0LmpwZz9maXRpbj03MDA6NzAw,NTYwMC4wMDAw,,6Iqx44O744Ks44O844OH44Oz44O7RElZID4g44Ko44Kv44K544OG44Oq44Ki44O744Ks44O844OH44Oz44OV44Kh44OL44OB44Oj44O8ID4g44Op44Kk44OI44O744Kk44Or44Of44ON44O844K344On44OzID4g44Ks44O844OH44Oz44Op44Kk44OIIOODu+eBr+evrQ==,44K944O844Op44O844Op44Kk44OI44Kq44O844OK44Oh44Oz44OIKDPljLnjga7jgZPjgbbjgZ8p44CAU1ItMDY5Ni03MDAvU1ItMDY5Ny03MDAvU1ItMDY5OC03MDDjgJBzbXRiLXPjgJEg44CQUkNQ44CRIOOAkEhMU19EVeOAkeOAkOOCs+ODs+ODk+ODi+WPl+WPluWvvuW/nOWVhuWTgeOAkemAgeaWmeeEoeaWmeOAgOS4jeaAneitsOOBruWbveOBruOCouODquOCuQ==,44GK5bqt44Gr546E6Zai5YWI44Gr44CC5aSc44Gr44Gq44KL44Go5YWJ44KL44GL44KP44GE44KJ44GX44GE44Kq44O844OK44Oh44Oz44OI,PHRhYmxlIHdpZHRoPSIzMDAiIGJvcmRlcj0iMCIgY2VsbHNwYWNpbmc9IjAiIGNlbGxwYWRkaW5nPSIwIj48dHI+PHRkPjxmb250IGNvbG9yPSIjMzMzMzMzIiBzaXplPSItMSI+CuOBiuW6reOBq+OAgeeOhOmWouWFiOOBq+OAguWknOOBq+OBquOCi+OBqOWFieOCi+OBi+OCj+OBhOOCieOBl+OBhAog44K944O844Op44O844Op44Kk44OI44CCPGJyPuaYvOmWk+OBr+OCguOBoeOCjeOCk+OAgeWknOOBq+OBoOOBo+OBpgog44Gd44Gu44GL44KP44GE44GV44Gr55mS44GV44KM44G+44GZ44CCPGJyPgrjgr3jg7zjg6njg7zlhYXpm7vlvI/jgaDjgYvjgonjgIHphY3nt5rjgYzlv4XopoHjgYLjgorjgb7jgZvjgpPjgII8YnI+CiDmmpfjgY/jgarjgaPjgZ/jgonoh6rli5Xjgafngrnnga/jgILjgq7jg5Xjg4jjgavjgoLjgbTjgaPjgZ/jgorjgIIKCjxicj4KCgo8L2ZvbnQ+PC90ZD48L3RyPjwvdGFibGU+PGJyPgo8dGFibGUgd2lkdGg9IjMwMCIgYm9yZGVyPSIwIiBjZWxscGFkZGluZz0iNSIgY2VsbHNwYWNpbmc9IjEiIGJnY29sb3I9IiM2NjY2NjYiPgo8dHIgYmdjb2xvcj0iI0ZGRkZGRiI+PHRkIGFsaWduPSJjZW50ZXIiIGJnY29sb3I9IiNGRkZGQ0MiPjxmb250IGNvbG9yPSIjMzMzMzMzIiBzaXplPSItMSI+CuWVhuWTgeWQjQo8L2ZvbnQ+PC90ZD4KPHRkIGFsaWduPSJsZWZ0Ij48Zm9udCBjb2xvcj0iIzMzMzMzMyIgc2l6ZT0iLTEiPgrjgr3jg7zjg6njg7zjg6njgqTjg4jjgqrjg7zjg4rjg6Hjg7Pjg4goM+WMueOBruOBk+OBtuOBnynjgIBTUi0wNjk2LTcwMC9TUi0wNjk3LTcwMC9TUi0wNjk4LTcwMAo8L2ZvbnQ+PC90ZD48L3RyPgoKCjx0ciBiZ2NvbG9yPSIjRkZGRkZGIj48dGQgYWxpZ249ImNlbnRlciIgYmdjb2xvcj0iI0ZGRkZDQyI+PGZvbnQgY29sb3I9IiMzMzMzMzMiIHNpemU9Ii0xIj4K44K544Oa44OD44KvCjwvZm9udD48L3RkPgo8dGQgYWxpZ249ImxlZnQiPjxmb250IGNvbG9yPSIjMzMzMzMzIiBzaXplPSItMSI+CuOAkOWTgeeVqi/nqK7poZ7jgJEgPGJyPlNSLTA2OTYtNzAwL+OCj+OCieOBruWutjxicj4KU1ItMDY5Ny03MDAv5pyo44Gu5a62PGJyPgpTUi0wNjk4LTcwMC/jg6zjg7Pjgqzjga7lrrYgPGJyPgrjgJDjgrXjgqTjgrrjgJEg44KP44KJ44Gu5a62L+W5hTE5w5cxOcOX6auY44GVMjkuOGNtPGJyPgrmnKjjga7lrrYv5bmFMTMuNcOXMjDDl+mrmOOBlTI4Y208YnI+CuODrOODs+OCrOOBruWuti/luYUyM8OXOC41OcOX6auY44GVMjMuNmNtIDxicj4K44CQ5p2Q6LOq44CRIO+8iOacrOS9k++8ieODrOOCuOODs+OAge+8iOODqeOCpOODiOmDqO+8iUFCU+aoueiEgiA8YnI+CuOAkOWCmeiAg+OAkSDlhYnjgrvjg7PjgrXjg7zku5jjgY0gPGJyPgrjgJBMRUToibLjgJEg44Kk44Ko44Ot44O8IDxicj4K44CQSkFO44CRIOOCj+OCieOBruWuti80OTQ1MTE5MDg2Mjg1PGJyPgrmnKjjga7lrrYvNDk0NTExOTA4NjI5Mjxicj4K44Os44Oz44Ks44Gu5a62LzQ5NDUxMTkwODYzMDggCgoKPC9mb250PjwvdGQ+PC90cj4KCgo8dHIgYmdjb2xvcj0iI0ZGRkZGRiI+PHRkIGFsaWduPSJjZW50ZXIiIGJnY29sb3I9IiNGRkZGQ0MiPjxmb250IGNvbG9yPSIjMzMzMzMzIiBzaXplPSItMSI+CumAgeaWmeeEoeaWmeadoeS7tgo8L2ZvbnQ+PC90ZD4KPHRkIGFsaWduPSJsZWZ0Ij48Zm9udCBjb2xvcj0iIzMzMzMzMyIgc2l6ZT0iLTEiPgrlvZPlupfjgavjgaY4LDY0MOWGhuS7peS4iuOBiuiyt+OBhOS4iuOBkuOBruWgtOWQiOOAggo8L2ZvbnQ+PC90ZD48L3RyPgoKCjwvdGFibGU+CgoKCgoKCgoKCjxicj48YnI+PGNlbnRlcj4KPGltZyBzcmM9aHR0cDovL2ltYWdlLnJha3V0ZW4uY28uanAvYWZyb2JlYXQvY2FiaW5ldC9zbWgvc2FsZV9zbWguZ2lmIGJvcmRlcj0wPgo8YnI+PGJyPgo8aW1nIHNyYz1odHRwOi8vaW1hZ2UucmFrdXRlbi5jby5qcC9hZnJvYmVhdC9jYWJpbmV0L3NtaC90b3BzZWxsX3NtaC5naWYgYm9yZGVyPTA+CgoKPC9jZW50ZXI+,44K944O844Op44O844Op44Kk44OI44Kq44O844OK44Oh44Oz44OIKDPljLnjga7jgZPjgbbjgZ8p44CAU1ItMDY5Ni03MDAvU1ItMDY5Ny03MDAvU1ItMDY5OC03MDDjgJBzbXRiLXPjgJEg44CQUkNQ44CRIOOAkEhMU19EVeOAkeOAkOOCs+ODs+ODk+ODi+WPl+WPluWvvuW/nOWVhuWTgeOAkemAgeaWmeeEoeaWmeOAgOS4jeaAneitsOOBruWbveOBruOCouODquOCue+8muOCouODleODreODk+ODvOODiA==,44K944O844Op44O844Op44Kk44OI44Kq44O844OK44Oh44Oz44OIKDPljLnjga7jgZPjgbbjgZ8p44CAU1ItMDY5Ni03MDAvU1ItMDY5Ny03MDAvU1ItMDY5OC03MDDjgJBzbXRiLXPjgJEg44CQUkNQ44CRIOOAkEhMU19EVeOAkeOAkOOCs+ODs+ODk+ODi+WPl+WPluWvvuW/nOWVhuWTgeOAkemAgeaWmeeEoeaWmeOAgOS4jeaAneitsOOBruWbveOBruOCouODquOCuQ==,44GK5bqt44Gr546E6Zai5YWI44Gr44CC5aSc44Gr44Gq44KL44Go5YWJ44KL44GL44KP44GE44KJ44GX44GE44Kq44O844OK44Oh44Oz44OI44CC44K944O844Op44O844Op44Kk44OI44Kq44O844OK44Oh44Oz44OIKDPljLnjga7jgZPjgbbjgZ8p44CAU1ItMDY5Ni03MDAvU1ItMDY5Ny03MDAvU1ItMDY5OC03MDDjgJBzbXRiLXPjgJEg44CQUkNQ44CRIOOAkEhMU19EVeOAkeOAkOOCs+ODs+ODk+ODi+WPl+WPluWvvuW/nOWVhuWTgeOAkemAgeaWmeeEoeaWmeOAgOS4jeaAneitsOOBruWbveOBruOCouODquOCuQ==[rn]
11-197508,aHR0cDovL3RzaG9wLnIxMHMuanAvYWZyb2JlYXQvY2FiaW5ldC93YWdhL2thMzIyaXRlbS5qcGc/Zml0aW49NzAwOjcwMA==,NDAwMC4wMDAw,,6Iqx44O744Ks44O844OH44Oz44O7RElZID4g44Ko44Kv44K544OG44Oq44Ki44O744Ks44O844OH44Oz44OV44Kh44OL44OB44Oj44O8ID4g44Op44Kk44OI44O744Kk44Or44Of44ON44O844K344On44OzID4g44Ks44O844OH44Oz44Op44Kk44OIIOODu+eBr+evrQ==,44K944O844Op44O844Op44Kk44OIKOODn+ODg+OCreODvCnlsI8gU0QtMjEzMS01MDDjgIAg44CQc210Yi1z44CRIOOAkFJDUOOAkSDjgJBITFNfRFXjgJHpgIHmlpnnhKHmlpnjgJDjgrPjg7Pjg5Pjg4vlj5flj5blr77lv5zllYblk4HjgJE=,44GL44KP44GE44GE44Of44OD44Kt44O844Gu5Luy6ZaT44Gf44Gh44GM5aOB5o6b44GR44Od44K544OI44Gr77yB,44Of44OD44Kt44O844GM546E6Zai5ZGo44KK44KS54Wn44KJ44GX44G+44GZ77yBPGJyPgrku5jlsZ7jga7mna3jgaflnJ/jgavjgZXjgZnjgZPjgajjgoLjgafjgY3jgb7jgZnjgIIKPGJyPgoKCjxicj48YnI+CuOAkOOCteOCpOOCuuOAkSDjg6jjgrMxMS41w5flpaUxMcOX6auYMzZjbe+8iOadreWQq+OCgO+8iSA8YnI+CuOAkOmHjemHj+OAkSAzNjBnIDxicj4K44CQ5p2Q6LOq44CRICDvvIjmnKzkvZPvvInjg6zjgrjjg7PjgIHvvIjjg6njgqTjg4jpg6jjgIHmna3vvInvvKHvvKLvvLPmqLnohIIgPGJyPgrjgJDku5Xmp5jjgJEg5YWJ44K744Oz44K144O85LuY44GN44CB6Ziy6Zuo5LuV5qeYIDxicj4K44CQSkFO44CRIDQ5NDUxMTkwNjkyMzMgCgoKPGJyPjxicj48Y2VudGVyPgo8aW1nIHNyYz1odHRwOi8vaW1hZ2UucmFrdXRlbi5jby5qcC9hZnJvYmVhdC9jYWJpbmV0L3NtaC9zYWxlX3NtaC5naWYgYm9yZGVyPTA+Cjxicj48YnI+CjxpbWcgc3JjPWh0dHA6Ly9pbWFnZS5yYWt1dGVuLmNvLmpwL2Fmcm9iZWF0L2NhYmluZXQvc21oL3RvcHNlbGxfc21oLmdpZiBib3JkZXI9MD4KCgo8L2NlbnRlcj4=,44K944O844Op44O844Op44Kk44OIKOODn+ODg+OCreODvCnlsI8gU0QtMjEzMS01MDDjgIAg44CQc210Yi1z44CRIOOAkFJDUOOAkSDjgJBITFNfRFXjgJHpgIHmlpnnhKHmlpnjgJDjgrPjg7Pjg5Pjg4vlj5flj5blr77lv5zllYblk4HjgJHvvJrjgqLjg5Xjg63jg5Pjg7zjg4g=,44K944O844Op44O844Op44Kk44OIKOODn+ODg+OCreODvCnlsI8gU0QtMjEzMS01MDDjgIAg44CQc210Yi1z44CRIOOAkFJDUOOAkSDjgJBITFNfRFXjgJHpgIHmlpnnhKHmlpnjgJDjgrPjg7Pjg5Pjg4vlj5flj5blr77lv5zllYblk4HjgJE=,44GL44KP44GE44GE44Of44OD44Kt44O844Gu5Luy6ZaT44Gf44Gh44GM5aOB5o6b44GR44Od44K544OI44Gr77yB44CC44K944O844Op44O844Op44Kk44OIKOODn+ODg+OCreODvCnlsI8gU0QtMjEzMS01MDDjgIAg44CQc210Yi1z44CRIOOAkFJDUOOAkSDjgJBITFNfRFXjgJHpgIHmlpnnhKHmlpnjgJDjgrPjg7Pjg5Pjg4vlj5flj5blr77lv5zllYblk4HjgJE=[rn]
11-197509,aHR0cDovL3RzaG9wLnIxMHMuanAvYWZyb2JlYXQvY2FiaW5ldC93YWdhL2thODYzLmpwZz9maXRpbj03MDA6NzAw,MTEyMDAuMDAwMA==,,6Iqx44O744Ks44O844OH44Oz44O7RElZID4g44Ko44Kv44K544OG44Oq44Ki44O744Ks44O844OH44Oz44OV44Kh44OL44OB44Oj44O8ID4g44Op44Kk44OI44O744Kk44Or44Of44ON44O844K344On44OzID4g44Ks44O844OH44Oz44Op44Kk44OIIOODu+eBr+evrQ==,44OP44Oz44Kt44Oz44Kw44CA44K944O844Op44O844Op44Kk44OIKOaZguioiOOBhuOBleOBjinjgIBTUi0wOTUxLTE0MDDjgJBzbXRiLXPjgJEg44CQUkNQ44CRIOOAkEhMU19EVeOAkeOAkOOCs+ODs+ODk+ODi+WPl+WPluWvvuW/nOWVhuWTgeOAkemAgeaWmeeEoeaWmeOAgOS4jeaAneitsOOBruWbveOBruOCouODquOCuQ==,44GK5bqt44Gr546E6Zai5YWI44Gr44CC5aSc44Gr44Gq44KL44Go5YWJ44KL44GL44KP44GE44KJ44GX44GE44Kq44O844OK44Oh44Oz44OI,PHRhYmxlIHdpZHRoPSIzMDAiIGJvcmRlcj0iMCIgY2VsbHNwYWNpbmc9IjAiIGNlbGxwYWRkaW5nPSIwIj48dHI+PHRkPjxmb250IGNvbG9yPSIjMzMzMzMzIiBzaXplPSItMSI+CuOBiuW6reOBq+OAgeeOhOmWouWFiOOBq+OAguWknOOBq+OBquOCi+OBqOWFieOCi+OBi+OCj+OBhOOCieOBl+OBhAog44K944O844Op44O844Op44Kk44OI44CCPGJyPuaYvOmWk+OBr+OCguOBoeOCjeOCk+OAgeWknOOBq+OBoOOBo+OBpgog44Gd44Gu44GL44KP44GE44GV44Gr55mS44GV44KM44G+44GZ44CCPGJyPgrjgr3jg7zjg6njg7zlhYXpm7vlvI/jgaDjgYvjgonjgIHphY3nt5rjgYzlv4XopoHjgYLjgorjgb7jgZvjgpPjgII8YnI+CiDmmpfjgY/jgarjgaPjgZ/jgonoh6rli5Xjgafngrnnga/jgILjgq7jg5Xjg4jjgavjgoLjgbTjgaPjgZ/jgorjgIIKCjxicj4KCgo8L2ZvbnQ+PC90ZD48L3RyPjwvdGFibGU+PGJyPgo8dGFibGUgd2lkdGg9IjMwMCIgYm9yZGVyPSIwIiBjZWxscGFkZGluZz0iNSIgY2VsbHNwYWNpbmc9IjEiIGJnY29sb3I9IiM2NjY2NjYiPgo8dHIgYmdjb2xvcj0iI0ZGRkZGRiI+PHRkIGFsaWduPSJjZW50ZXIiIGJnY29sb3I9IiNGRkZGQ0MiPjxmb250IGNvbG9yPSIjMzMzMzMzIiBzaXplPSItMSI+CuWVhuWTgeWQjQo8L2ZvbnQ+PC90ZD4KPHRkIGFsaWduPSJsZWZ0Ij48Zm9udCBjb2xvcj0iIzMzMzMzMyIgc2l6ZT0iLTEiPgrjg4/jg7Pjgq3jg7PjgrDjgIDjgr3jg7zjg6njg7zjg6njgqTjg4go5pmC6KiI44GG44GV44GOKeOAgFNSLTA5NTEtMTQwMAo8L2ZvbnQ+PC90ZD48L3RyPgoKCjx0ciBiZ2NvbG9yPSIjRkZGRkZGIj48dGQgYWxpZ249ImNlbnRlciIgYmdjb2xvcj0iI0ZGRkZDQyI+PGZvbnQgY29sb3I9IiMzMzMzMzMiIHNpemU9Ii0xIj4K44K544Oa44OD44KvCjwvZm9udD48L3RkPgo8dGQgYWxpZ249ImxlZnQiPjxmb250IGNvbG9yPSIjMzMzMzMzIiBzaXplPSItMSI+CuOAkOWTgeeVquOAkSBTUi0wOTUxLTE0MDAgPGJyPgrjgJDjgrXjgqTjgrrjgJEg5bmFMjjDl+WlpeihjDIxw5fpq5jjgZU1MmNtIDxicj4K44CQ5p2Q6LOq44CRIO+8iOacrOS9k++8ieODrOOCuOODs+OAge+8iOODqeOCpOODiOmDqO+8iUFCU+aoueiEgiA8YnI+CuOAkOWCmeiAg+OAkSDlhYnjgrvjg7PjgrXjg7zku5jjgY3jgIHpmLLmu7Tku5Xmp5jjgIHntYTnq4vlvI8gPGJyPgrjgJBMRUToibLjgJEg44Kk44Ko44Ot44O8IDxicj4K44CQSkFO44CRIDQ5NDUxMTkwNzQwMzkgCjxicj4K4oC755S75YOP44Gu5qSN54mp44Gv5LuY5bGe44GX44G+44Gb44KT44CCCgo8L2ZvbnQ+PC90ZD48L3RyPgoKCjx0ciBiZ2NvbG9yPSIjRkZGRkZGIj48dGQgYWxpZ249ImNlbnRlciIgYmdjb2xvcj0iI0ZGRkZDQyI+PGZvbnQgY29sb3I9IiMzMzMzMzMiIHNpemU9Ii0xIj4K6YCB5paZ54Sh5paZ5p2h5Lu2CjwvZm9udD48L3RkPgo8dGQgYWxpZ249ImxlZnQiPjxmb250IGNvbG9yPSIjMzMzMzMzIiBzaXplPSItMSI+CuW9k+W6l+OBq+OBpjgsNjQw5YaG5Lul5LiK44GK6LK344GE5LiK44GS44Gu5aC05ZCI44CCCjwvZm9udD48L3RkPjwvdHI+CgoKPC90YWJsZT4KCgoKCgoKCgoKCgo8YnI+PGJyPjxjZW50ZXI+CjxpbWcgc3JjPWh0dHA6Ly9pbWFnZS5yYWt1dGVuLmNvLmpwL2Fmcm9iZWF0L2NhYmluZXQvc21oL3NhbGVfc21oLmdpZiBib3JkZXI9MD4KPGJyPjxicj4KPGltZyBzcmM9aHR0cDovL2ltYWdlLnJha3V0ZW4uY28uanAvYWZyb2JlYXQvY2FiaW5ldC9zbWgvdG9wc2VsbF9zbWguZ2lmIGJvcmRlcj0wPgoKCjwvY2VudGVyPg==,44OP44Oz44Kt44Oz44Kw44CA44K944O844Op44O844Op44Kk44OIKOaZguioiOOBhuOBleOBjinjgIBTUi0wOTUxLTE0MDDjgJBzbXRiLXPjgJEg44CQUkNQ44CRIOOAkEhMU19EVeOAkeOAkOOCs+ODs+ODk+ODi+WPl+WPluWvvuW/nOWVhuWTgeOAkemAgeaWmeeEoeaWmeOAgOS4jeaAneitsOOBruWbveOBruOCouODquOCue+8muOCouODleODreODk+ODvOODiA==,44OP44Oz44Kt44Oz44Kw44CA44K944O844Op44O844Op44Kk44OIKOaZguioiOOBhuOBleOBjinjgIBTUi0wOTUxLTE0MDDjgJBzbXRiLXPjgJEg44CQUkNQ44CRIOOAkEhMU19EVeOAkeOAkOOCs+ODs+ODk+ODi+WPl+WPluWvvuW/nOWVhuWTgeOAkemAgeaWmeeEoeaWmeOAgOS4jeaAneitsOOBruWbveOBruOCouODquOCuQ==,44GK5bqt44Gr546E6Zai5YWI44Gr44CC5aSc44Gr44Gq44KL44Go5YWJ44KL44GL44KP44GE44KJ44GX44GE44Kq44O844OK44Oh44Oz44OI44CC44OP44Oz44Kt44Oz44Kw44CA44K944O844Op44O844Op44Kk44OIKOaZguioiOOBhuOBleOBjinjgIBTUi0wOTUxLTE0MDDjgJBzbXRiLXPjgJEg44CQUkNQ44CRIOOAkEhMU19EVeOAkeOAkOOCs+ODs+ODk+ODi+WPl+WPluWvvuW/nOWVhuWTgeOAkemAgeaWmeeEoeaWmeOAgOS4jeaAneitsOOBruWbveOBruOCouODquOCuQ==[rn]
11-197510,aHR0cDovL3RzaG9wLnIxMHMuanAvYWZyb2JlYXQvY2FiaW5ldC93YWdhL2thMzI3aXRlbS5qcGc/Zml0aW49NzAwOjcwMA==,NzIwMC4wMDAw,,6Iqx44O744Ks44O844OH44Oz44O7RElZID4g44Ko44Kv44K544OG44Oq44Ki44O744Ks44O844OH44Oz44OV44Kh44OL44OB44Oj44O8ID4g44Op44Kk44OI44O744Kk44Or44Of44ON44O844K344On44OzID4g44Ks44O844OH44Oz44Op44Kk44OIIOODu+eBr+evrQ==,44K944O844Op44O844Kq44O844OK44Oh44Oz44OIKOOBiuiPk+WtkOOBruWutinjgIBTUi0wMzA2LTk1MOOAgCDjgJBzbXRiLXPjgJEg44CQUkNQ44CRIOOAkEhMU19EVeOAkemAgeaWmeeEoeaWmeOAkOOCs+ODs+ODk+ODi+WPl+WPluWvvuW/nOWVhuWTgeOAkQ==,44GK6I+T5a2Q44Gu5a6244Gu44Kq44O844OK44Oh44Oz44OI,44GK6I+T5a2Q44Gu5a6244Gu44Kq44O844OK44Oh44Oz44OI77yBPGJyPgrnjoTplqLjgoTluq3jgpLjgYrjgZfjgoPjgozjgavmvJTlh7rjgZfjgb7jgZnjgIIKCgo8YnI+PGJyPgrjgJDjgrXjgqTjgrrjgJEg44Oo44KzMzDDl+WlpTIww5fpq5gyOGNtIDxicj4K44CQ6YeN6YeP44CRIDIuNUtnIDxicj4K44CQ5p2Q6LOq44CRIO+8iOacrOS9k++8ieODrOOCuOODs+OAge+8iOODqeOCpOODiOmDqO+8iUFCU+aoueiEgiA8YnI+CuOAkOS7leanmOOAkSDlhYnjgrvjg7PjgrXjg7zku5jjgY3jgIHpmLLpm6jku5Xmp5ggPGJyPgrjgJBKQU7jgJEgNDk0NTExOTA2OTU4NSAKCjxicj48YnI+PGNlbnRlcj4KPGltZyBzcmM9aHR0cDovL2ltYWdlLnJha3V0ZW4uY28uanAvYWZyb2JlYXQvY2FiaW5ldC9zbWgvc2FsZV9zbWguZ2lmIGJvcmRlcj0wPgo8YnI+PGJyPgo8aW1nIHNyYz1odHRwOi8vaW1hZ2UucmFrdXRlbi5jby5qcC9hZnJvYmVhdC9jYWJpbmV0L3NtaC90b3BzZWxsX3NtaC5naWYgYm9yZGVyPTA+CgoKPC9jZW50ZXI+,44K944O844Op44O844Kq44O844OK44Oh44Oz44OIKOOBiuiPk+WtkOOBruWutinjgIBTUi0wMzA2LTk1MOOAgCDjgJBzbXRiLXPjgJEg44CQUkNQ44CRIOOAkEhMU19EVeOAkemAgeaWmeeEoeaWmeOAkOOCs+ODs+ODk+ODi+WPl+WPluWvvuW/nOWVhuWTgeOAke+8muOCouODleODreODk+ODvOODiA==,44K944O844Op44O844Kq44O844OK44Oh44Oz44OIKOOBiuiPk+WtkOOBruWutinjgIBTUi0wMzA2LTk1MOOAgCDjgJBzbXRiLXPjgJEg44CQUkNQ44CRIOOAkEhMU19EVeOAkemAgeaWmeeEoeaWmeOAkOOCs+ODs+ODk+ODi+WPl+WPluWvvuW/nOWVhuWTgeOAkQ==,44GK6I+T5a2Q44Gu5a6244Gu44Kq44O844OK44Oh44Oz44OI44CC44K944O844Op44O844Kq44O844OK44Oh44Oz44OIKOOBiuiPk+WtkOOBruWutinjgIBTUi0wMzA2LTk1MOOAgCDjgJBzbXRiLXPjgJEg44CQUkNQ44CRIOOAkEhMU19EVeOAkemAgeaWmeeEoeaWmeOAkOOCs+ODs+ODk+ODi+WPl+WPluWvvuW/nOWVhuWTgeOAkQ==[rn]
11-197511,aHR0cDovL3RzaG9wLnIxMHMuanAvYWZyb2JlYXQvY2FiaW5ldC93YWdhL2thODYyLmpwZz9maXRpbj03MDA6NzAw,NTYwMC4wMDAw,,6Iqx44O744Ks44O844OH44Oz44O7RElZID4g44Ko44Kv44K544OG44Oq44Ki44O744Ks44O844OH44Oz44OV44Kh44OL44OB44Oj44O8ID4g44Op44Kk44OI44O744Kk44Or44Of44ON44O844K344On44OzID4g44Ks44O844OH44Oz44Op44Kk44OIIOODu+eBr+evrQ==,44K944O844Op44O844Op44Kk44OIKOODleOCqeODrOOCueODiCnjgIBTSS0xMDQxLTcwMOOAkHNtdGItc+OAkSDjgJBSQ1DjgJEg44CQSExTX0RV44CR44CQ44Kz44Oz44OT44OL5Y+X5Y+W5a++5b+c5ZWG5ZOB44CR6YCB5paZ54Sh5paZ,44GK5bqt44Gr546E6Zai5YWI44Gr44CC5aSc44Gr44Gq44KL44Go5YWJ44KL44GL44KP44GE44KJ44GX44GE44Kq44O844OK44Oh44Oz44OI,PHRhYmxlIHdpZHRoPSIzMDAiIGJvcmRlcj0iMCIgY2VsbHNwYWNpbmc9IjAiIGNlbGxwYWRkaW5nPSIwIj48dHI+PHRkPjxmb250IGNvbG9yPSIjMzMzMzMzIiBzaXplPSItMSI+CuOBiuW6reOBq+OAgeeOhOmWouWFiOOBq+OAguWknOOBq+OBquOCi+OBqOWFieOCi+OBi+OCj+OBhOOCieOBl+OBhAog44K944O844Op44O844Op44Kk44OI44CCPGJyPuaYvOmWk+OBr+OCguOBoeOCjeOCk+OAgeWknOOBq+OBoOOBo+OBpgog44Gd44Gu44GL44KP44GE44GV44Gr55mS44GV44KM44G+44GZ44CCPGJyPgrjgr3jg7zjg6njg7zlhYXpm7vlvI/jgaDjgYvjgonjgIHphY3nt5rjgYzlv4XopoHjgYLjgorjgb7jgZvjgpPjgII8YnI+CiDmmpfjgY/jgarjgaPjgZ/jgonoh6rli5Xjgafngrnnga/jgILjgq7jg5Xjg4jjgavjgoLjgbTjgaPjgZ/jgorjgIIKCjxicj4KCgo8L2ZvbnQ+PC90ZD48L3RyPjwvdGFibGU+PGJyPgo8dGFibGUgd2lkdGg9IjMwMCIgYm9yZGVyPSIwIiBjZWxscGFkZGluZz0iNSIgY2VsbHNwYWNpbmc9IjEiIGJnY29sb3I9IiM2NjY2NjYiPgo8dHIgYmdjb2xvcj0iI0ZGRkZGRiI+PHRkIGFsaWduPSJjZW50ZXIiIGJnY29sb3I9IiNGRkZGQ0MiPjxmb250IGNvbG9yPSIjMzMzMzMzIiBzaXplPSItMSI+CuWVhuWTgeWQjQo8L2ZvbnQ+PC90ZD4KPHRkIGFsaWduPSJsZWZ0Ij48Zm9udCBjb2xvcj0iIzMzMzMzMyIgc2l6ZT0iLTEiPgrjgr3jg7zjg6njg7zjg6njgqTjg4go44OV44Kp44Os44K544OIKeOAgFNJLTEwNDEtNzAwCjwvZm9udD48L3RkPjwvdHI+CgoKPHRyIGJnY29sb3I9IiNGRkZGRkYiPjx0ZCBhbGlnbj0iY2VudGVyIiBiZ2NvbG9yPSIjRkZGRkNDIj48Zm9udCBjb2xvcj0iIzMzMzMzMyIgc2l6ZT0iLTEiPgrjgrnjg5rjg4Pjgq8KPC9mb250PjwvdGQ+Cjx0ZCBhbGlnbj0ibGVmdCI+PGZvbnQgY29sb3I9IiMzMzMzMzMiIHNpemU9Ii0xIj4K44CQ5ZOB55Wq44CRIFNJLTEwNDEtNzAwIDxicj4K44CQ44K144Kk44K644CRIOebtOW+hDIyw5fpq5jjgZU2MGNtIDxicj4K44CQ5p2Q6LOq44CRIO+8iOacrOS9k++8ieOCueODgeODvOODq+OAge+8iOODqeOCpOODiOmDqO+8iUFCU+aoueiEgiA8YnI+CuOAkOWCmeiAg+OAkSDlhYnjgrvjg7PjgrXjg7zku5jjgY3jgIHpmLLmu7Tku5Xmp5jjgIHntYTnq4vlvI8gPGJyPgrjgJBMRUToibLjgJEg44Kk44Ko44Ot44O8IDxicj4K44CQSkFO44CRIDQ5NDUxMTkwNjU3NTQgPGJyPgrigLvnlLvlg4/jga7mpI3nianjga/ku5jlsZ7jgZfjgb7jgZvjgpPjgIIKCjwvZm9udD48L3RkPjwvdHI+CgoKPHRyIGJnY29sb3I9IiNGRkZGRkYiPjx0ZCBhbGlnbj0iY2VudGVyIiBiZ2NvbG9yPSIjRkZGRkNDIj48Zm9udCBjb2xvcj0iIzMzMzMzMyIgc2l6ZT0iLTEiPgrpgIHmlpnnhKHmlpnmnaHku7YKPC9mb250PjwvdGQ+Cjx0ZCBhbGlnbj0ibGVmdCI+PGZvbnQgY29sb3I9IiMzMzMzMzMiIHNpemU9Ii0xIj4K5b2T5bqX44Gr44GmOCw2NDDlhobku6XkuIrjgYrosrfjgYTkuIrjgZLjga7loLTlkIjjgIIKPC9mb250PjwvdGQ+PC90cj4KCgo8L3RhYmxlPgoKCgoKCgoKCgoKPGJyPjxicj48Y2VudGVyPgo8aW1nIHNyYz1odHRwOi8vaW1hZ2UucmFrdXRlbi5jby5qcC9hZnJvYmVhdC9jYWJpbmV0L3NtaC9zYWxlX3NtaC5naWYgYm9yZGVyPTA+Cjxicj48YnI+CjxpbWcgc3JjPWh0dHA6Ly9pbWFnZS5yYWt1dGVuLmNvLmpwL2Fmcm9iZWF0L2NhYmluZXQvc21oL3RvcHNlbGxfc21oLmdpZiBib3JkZXI9MD4KCgo8L2NlbnRlcj4=,44K944O844Op44O844Op44Kk44OIKOODleOCqeODrOOCueODiCnjgIBTSS0xMDQxLTcwMOOAkHNtdGItc+OAkSDjgJBSQ1DjgJEg44CQSExTX0RV44CR44CQ44Kz44Oz44OT44OL5Y+X5Y+W5a++5b+c5ZWG5ZOB44CR6YCB5paZ54Sh5paZ77ya44Ki44OV44Ot44OT44O844OI,44K944O844Op44O844Op44Kk44OIKOODleOCqeODrOOCueODiCnjgIBTSS0xMDQxLTcwMOOAkHNtdGItc+OAkSDjgJBSQ1DjgJEg44CQSExTX0RV44CR44CQ44Kz44Oz44OT44OL5Y+X5Y+W5a++5b+c5ZWG5ZOB44CR6YCB5paZ54Sh5paZ,44GK5bqt44Gr546E6Zai5YWI44Gr44CC5aSc44Gr44Gq44KL44Go5YWJ44KL44GL44KP44GE44KJ44GX44GE44Kq44O844OK44Oh44Oz44OI44CC44K944O844Op44O844Op44Kk44OIKOODleOCqeODrOOCueODiCnjgIBTSS0xMDQxLTcwMOOAkHNtdGItc+OAkSDjgJBSQ1DjgJEg44CQSExTX0RV44CR44CQ44Kz44Oz44OT44OL5Y+X5Y+W5a++5b+c5ZWG5ZOB44CR6YCB5paZ54Sh5paZ[rn]
11-197512,aHR0cDovL3RzaG9wLnIxMHMuanAvY29jb3Rlcmlvci9jYWJpbmV0LzM2L2cwbC1rYWdvMW4uanBnP2ZpdGluPTcwMDo3MDA=,MTA2MDMuMjAwMA==,,6Iqx44O744Ks44O844OH44Oz44O7RElZID4g44Ko44Kv44K544OG44Oq44Ki44O744Ks44O844OH44Oz44OV44Kh44OL44OB44Oj44O8ID4g44Op44Kk44OI44O744Kk44Or44Of44ON44O844K344On44OzID4g44Ks44O844OH44Oz44Op44Kk44OIIOODu+eBr+evrQ==,44K944O844Op44O844Ks44O844OH44Oz44Op44Kk44OIIOOCveODvOODqeODvOODqeOCpOODiCDlpJbnga8g6KGX54GvIOW6reWckueBryDjgqzjg7zjg4fjg7Pjg6njgqTjg4gg5bGL5aSWIOOCveODvOODqeODvCDlpKflnosgTEVEIOmYsueKr+eBryDploDnga8g44OP44Kk44K/44Kk44OXIOODqOODvOODreODlOOCouODsyBMRUTjgr3jg7zjg6njg7wg44Ks44O844OH44Oz44Op44Kk44OIIOOCsOODquODvOODsyDnt5Eg44Ki44Kk44Oc44Oq44O8IOODluODqeODg+OCrw==,44K944O844Op44O844Ks44O844OH44Oz44Op44Kk44OIIOOCveODvOODqeODvOODqeOCpOODiCDlpJbnga8g6KGX54Gv,PGltZyDjgIDjgIDjgIDjgIDjgIDjgIDjgIDjgIDjgIDjgIDjgIDjgIDjgIDjgIAgc3JjPSJodHRwOi8vaW1hZ2UucmFrdXRlbi5jby5qcC9jb2NvdGVyaW9yL2NhYmluZXQvbWVudS9jLXNtYWYtZmF2LWliLmdpZiIgYm9yZGVyPSIwIiB3aWR0aD0iMTAwJSIgY2xhc3M9ImZhdi1iIj48YnI+Cgo8aW1nIHNyYz0iaHR0cDovL3d3dy5yYWt1dGVuLm5lLmpwL2dvbGQvY29jb3Rlcmlvci9scC1zbWYvY2FwLWltYWdlL2NhcC10bmotc3RyZWV0bGlnaHQtMS5qcGciIHdpZHRoPSIxMDAlIj48YnI+CjxpbWcgc3JjPSJodHRwOi8vd3d3LnJha3V0ZW4ubmUuanAvZ29sZC9jb2NvdGVyaW9yL2xwLXNtZi9jYXAtaW1hZ2UvY2FwLXRuai1zdHJlZXRsaWdodC0yLmpwZyIgd2lkdGg9IjEwMCUiPjxicj4KCuKWoOOBiuWxiuOBkeebruWuie+8iOOBlOS6iOe0hOiyqeWjsumZpOOBj++8iTxicj4K4oC7MuWWtualreaXpeW+jOWHuuiNt+KGkuOBlOazqOaWh+OBi+OCieOBiuWxiuOBkeOBvuOBpzTvvZ435pel56iLCjxociBzaXplPSIxIiBjb2xvcj0iIzY2NjY2NiI+CuKWoDxmb250IGNvbG9yPSIjRkY2NjY2Ij7ku6Pph5HlvJXmj5vmnKrlr77lv5w8L2ZvbnQ+PGJyPgril4vjgq/jg6zjgrjjg4Pjg4jjgqvjg7zjg4njgIHpioDooYzmjK/ovrzjgIHjgrPjg7Pjg5Pjg4vlvozmiZXjgYQ8YnI+w5fku6Pph5HlvJXmj5sKPGhyIHNpemU9IjEiIGNvbG9yPSIjNjY2NjY2Ij4K4pagPGZvbnQgY29sb3I9IiNGRjY2NjYiPuOBk+OBoeOCieOBruWVhuWTgeOBr+OCs+ODs+ODk+ODi+W+jOaJleOBhOaxuua4iOWvvuW/nOWVhuWTgeOBp+OBmeOAgjwvZm9udD48YnI+CuOCs+ODs+ODk+ODi+W+jOaJleOBhOaxuua4iOOBruips+e0sOOBr+OCs+ODgeODqeOBi+OCieOBlOeiuuiqjeS4i+OBleOBhOOAggo8aHIgc2l6ZT0iMSIgY29sb3I9IiM2NjY2NjYiPgrigLs8Zm9udCBjb2xvcj0iI0ZGNjY2NiI+5YyX5rW36YGT44O75rKW57iE44O76Zui5bO2PC9mb250PuOBr+i/veWKoOmAgeaWmeOBjOeZuueUn+OBl+OBvuOBmTxicj4K4pag6L+95Yqg6YCB5paZ44Gr6Zai44GX44G+44GX44GmPGJyPgrjgZTms6jmlofliY3jgavjgZTnorroqo3jgY/jgaDjgZXjgYQKPGhyIHNpemU9IjEiIGNvbG9yPSIjNjY2NjY2Ij4KCuOAkOOCteOCpOOCuuODu+ips+e0sOOAkTxicj4K6Kmz44GX44GE44K144Kk44K65Zuz44Gv44Kz44OB44OpCjxicj48YnI+CuKWoOOCteOCpOOCujxicj4K44CA5bmFMjTDl+WlpeihjOOBjTIyw5fpq5jjgZUxODNjbTxicj4K4pag6KO95ZOB6YeN6YePPGJyPgrjgIDntIQzLjNrZzxicj4K4pag5p2Q6LOqPGJyPgrjgIDjgqLjg6vjg5/jgIHjg53jg6rjgqvjg7zjg5zjg43jg7zjg4ggPGJyPgrilqDlgpnogIM8YnI+CuOAgOe1hOeri+OBpuW8j++8iOe1hOeri+OBpuaZgumWk+e0hDEw5YiGIDxmb250IGNvbG9yPSNmZjY2NjY+4oC7PC9mb250PuimgeODl+ODqeOCueODieODqeOCpOODkOODvO+8iTxicj7jgIA8Zm9udCBjb2xvcj0jZmY2NjY2PuKAuzwvZm9udD5MRUTlr7/lkb0v57SEM+W5tOmWk+OBqOOBquOBo+OBpuOBiuOCiuOBvuOBmeOAgjxicj7jgIDvvIjmr47ml6XjgIHmmI7jgovjgZXlvLfjgac1772eNuaZgumWkyDlj4jjga8g5byx44GnMTHvvZ4xMuaZgumWkyDjgafkvb/nlKjjgZfjgZ/loLTlkIjvvIk8YnI+44CAPGZvbnQgY29sb3I9I2ZmNjY2Nj7igLs8L2ZvbnQ+6aKo44GC44Gf44KK44Gu5by344GE5aC05omA44CB5Zyw55uk44Gu5byx44GE5aC05omA44CB5bmz5Zyw44Gn44Gv54Sh44GE5aC05omA562J44Gn44Gu6Kit572u44Gn44GN44G+44Gb44KT44CC5LqI44KB44GU5LqG5om/44Gu56iL44GK6aGY44GE6Ie044GX44G+44GZ44CCPGJyPgo8aHIgc2l6ZT0iMSIgY29sb3I9IiM2NjY2NjYiPiAKCgo8Zm9udCBjb2xvcj0iI2ZmNjM0NyIgc2l6ZT0iKzEiPuKGkuOCguOBo+OBqOips+OBl+OBj+OAkFBD54mI44CRPC9mb250PgoKCgoKPGhyIHNpemU9IjEiIGNvbG9yPSIjNjY2NjY2Ij4KCuKWoOOBlOizvOWFpeW+jOOBruWuieW/g+OCteODneODvOODiDxicj4KPGZvbnQgc2l6ZT0iKzEiPjPjg7bmnIjoo5zlhJ/jga7oqbPntLDjga/jgrPjg4Hjg6nih5IKPC9mb250Pgo8aHIgc2l6ZT0iMSIgY29sb3I9IiM2NjY2NjYiPjxicj4KCjxpZnJhbWUgPSIiPSIiIHNyYz0iaHR0cDovL3d3dy5yYWt1dGVuLm5lLmpwL2dvbGQvY29jb3Rlcmlvci9zbWFmL2l0ZW0vZ2FyZGVuLWMuaHRtbCIgc2Nyb2xsaW5nPSJObyIgZnJhbWVib3JkZXI9IjAiIGNsYXNzPSJpdGVtLXJlYy1saWdodCIgd2lkdGg9IjEwMCUiPjwvaWZyYW1lID0iIj0iIj4KPGhyIHNpemU9IjEiIGNvbG9yPSIjNjY2NjY2Ij4KCgo8Y2VudGVyPgogIDx0YWJsZSBhbGlnbj0iY2VudGVyIiB3aWR0aD0iOTAlIiBiZ2NvbG9yPSIjRkY5NDc3Ij4KICAgIDx0cj4KICAgICAgPHRkIGFsaWduPSJjZW50ZXIiPjxiPjxmb250IGNvbG9yPSIjRkZGRkZGIj7imIblvZPlupfkurrmsJfjg6njg7Pjgq3jg7PjgrDimIY8L2ZvbnQ+PC9iPjwvdGQ+CiAgICA8L3RyPgogIDwvdGFibGU+CiAgPGJyPgogIDx0YWJsZSBhbGlnbj0iY2VudGVyIiB3aWR0aD0iOTAlIiBiZ2NvbG9yPSIjMUIyRDNDIj4KICAgIDx0cj4KICAgICAgPHRkIGFsaWduPSJjZW50ZXIiPjxiPjxmb250IGNvbG9yPSIjRkZGRkZGIj7imIXmnJ/plpPpmZDlrprjgrvjg7zjg6vplovlgqzkuK3imIU8L2ZvbnQ+PC9iPjwvdGQ+CiAgICA8L3RyPgogIDwvdGFibGU+PGJyPgogIDx0YWJsZSBhbGlnbj0iY2VudGVyIiB3aWR0aD0iOTAlIiBiZ2NvbG9yPSIjRkZDMDAwIj4KICAgIDx0cj4KICAgICAgPHRkIGFsaWduPSJjZW50ZXIiPjxmb250IGNvbG9yPSIjNDAzRjNFIj48Yj7jgJDjgrPjgrPjg4bjg6rjgqIg44OI44OD44OX44Oa44O844K444G444CRPC9iPjwvZm9udD48L3RkPgogICAgPC90cj4KICA8L3RhYmxlPgo8L2NlbnRlcj48YnI+CuOBk+OBoeOCieOCguOCquOCueOCueODoeKZqjxpbWcgd2lkdGg9IjEwMCUiIOOAgOOAgOOAgOOAgOOAgOOAgOOAgOOAgOOAgOOAgOOAgOOAgOOAgOOAgCBzcmM9Imh0dHA6Ly9pbWFnZS5yYWt1dGVuLmNvLmpwL2NvY290ZXJpb3IvY2FiaW5ldC9zaXRlL3NtZi9zbWYtcC1iazAyLWhpZ2gtYy5qcGciIC8+44K344Oz44OX44Or44Gn6aO+44KJ44Gq44GE44Op44Oz44OJ44Oq44O844OQ44K544Kx44OD44OIPGJyPjxicj48aW1nIHdpZHRoPSIxMDAlIiDjgIDjgIDjgIDjgIDjgIDjgIDjgIDjgIDjgIDjgIDjgIDjgIDjgIDjgIAgc3JjPSJodHRwOi8vaW1hZ2UucmFrdXRlbi5jby5qcC9jb2NvdGVyaW9yL2NhYmluZXQvc2l0ZS9zbWYvc21mLWMtNzQ1MjItc2V0LmpwZyIgLz7nm67jgpLmg7njgY/nvo7jgZfjgYTmnKjnm67jgafjgYrjgZfjgoPjgozjgarjg4DjgqTjg4vjg7PjgrDjgrnjg5rjg7zjgrk8YnI+PGJyPjxpbWcgd2lkdGg9IjEwMCUiIOOAgOOAgOOAgOOAgOOAgOOAgOOAgOOAgOOAgOOAgOOAgOOAgOOAgOOAgCBzcmM9Imh0dHA6Ly9pbWFnZS5yYWt1dGVuLmNvLmpwL2NvY290ZXJpb3IvY2FiaW5ldC9tby9zbWYtcHctMDI3bi1jLmpwZyI+5bmF5bqD44GE44K344O844Oz44CB55So6YCU44Gn5rS76LqN44GZ44KL5YSq56eA44OH44K244Kk44OzPGJyPjxicj48aW1nIHdpZHRoPSIxMDAlIiDjgIDjgIDjgIDjgIDjgIDjgIDjgIDjgIDjgIDjgIDjgIDjgIDjgIDjgIAgc3JjPSJodHRwOi8vaW1hZ2UucmFrdXRlbi5jby5qcC9jb2NvdGVyaW9yL2NhYmluZXQvc2l0ZS9yZXZpZXcvYy1zbWYtYm5yLXJldmktMTBwLmdpZiIgLz7mrKHlm57lvZPlupfjga7jgYrosrfjgYTnianjgafkvb/jgYjjgovjgq/jg7zjg53jg7Pjg5fjg6zjgrzjg7Pjg4jimao8YnI+PGJyPg==,44K944O844Op44O844Ks44O844OH44Oz44Op44Kk44OIIOOCveODvOODqeODvOODqeOCpOODiCDlpJbnga8g6KGX54GvIOW6reWckueBryDjgqzjg7zjg4fjg7Pjg6njgqTjg4gg5bGL5aSWIOOCveODvOODqeODvCDlpKflnosgTEVEIOmYsueKr+eBryDploDnga8g44OP44Kk44K/44Kk44OXIOODqOODvOODreODlOOCouODsyBMRUTjgr3jg7zjg6njg7wg44Ks44O844OH44Oz44Op44Kk44OIIOOCsOODquODvOODsyDnt5Eg44Ki44Kk44Oc44Oq44O8IOODluODqeODg+OCr++8muOCpOODs+ODhuODquOCouOCt+ODp+ODg+ODlyDjgrPjgrPjg4bjg6rjgqI=,44K944OV44Kh44O844OG44Os44OT5Y+w44OG44O844OW44Or44Op44Kw44OA44Kk44OL44Oz44Kw44OG44O844OW44Or44K744OD44OI6aOf5Zmo5qOa44OZ44OD44OJ5pys5qOa44Op44OD44Kv44OR44K944Kz44Oz44OH44K544Kv44OB44Kn44Ki5bqn5qSF5a2Q44OP44Oz44Ks44O844Op44OD44Kv44Od44O844Or44OP44Oz44Ks44O844OJ44Os44OD44K144O844Kr44O844OG44Oz44Of44Op44O844Ks44O844OH44Oz44OV44Kh44OL44OB44Oj44O844K344O844Oq44Oz44Kw44Op44Kk44OI44OB44Kn44K544OI44K944O844Op44O844Ks44O844OH44Oz44Op44Kk44OIIOOCveODvOODqeODvOODqeOCpOODiCDlpJbnga8g6KGX54GvIOW6reWckueBryDjgqzjg7zjg4fjg7Pjg6njgqTjg4gg5bGL5aSWIOOCveODvOODqeODvCDlpKflnosgTEVEIOmYsueKr+eBryDploDnga8g44OP44Kk44K/44Kk44OXIOODqOODvOODreODlOOCouODsyBMRUTjgr3jg7zjg6njg7wg44Ks44O844OH44Oz44Op44Kk44OIIOOCsOODquODvOODsyDnt5Eg44Ki44Kk44Oc44Oq44O8IOODluODqeODg+OCrw==,44K944O844Op44O844Ks44O844OH44Oz44Op44Kk44OIIOOCveODvOODqeODvOODqeOCpOODiCDlpJbnga8g6KGX54Gv44CC44K944O844Op44O844Ks44O844OH44Oz44Op44Kk44OIIOOCveODvOODqeODvOODqeOCpOODiCDlpJbnga8g6KGX54GvIOW6reWckueBryDjgqzjg7zjg4fjg7Pjg6njgqTjg4gg5bGL5aSWIOOCveODvOODqeODvCDlpKflnosgTEVEIOmYsueKr+eBryDploDnga8g44OP44Kk44K/44Kk44OXIOODqOODvOODreODlOOCouODsyBMRUTjgr3jg7zjg6njg7wg44Ks44O844OH44Oz44Op44Kk44OIIOOCsOODquODvOODsyDnt5Eg44Ki44Kk44Oc44Oq44O8IOODluODqeODg+OCrw==[rn]
11-197513,aHR0cDovL3RzaG9wLnIxMHMuanAvaWVmYW4vY2FiaW5ldC91bmlzb24vdW5pc29uLTAwMTMuanBnP2ZpdGluPTcwMDo3MDA=,MTgzNDUuNjAwMA==,,6Iqx44O744Ks44O844OH44Oz44O7RElZID4g44Ko44Kv44K544OG44Oq44Ki44O744Ks44O844OH44Oz44OV44Kh44OL44OB44Oj44O8ID4g44Op44Kk44OI44O744Kk44Or44Of44ON44O844K344On44OzID4g44Ks44O844OH44Oz44Op44Kk44OIIOODu+eBr+evrQ==,VU5JU09O44CQ44Om44OL44K944Oz44CRIEVBMDMwMDEgMTEvRUEwMzAwMSAxMiDjgqjjgrPjg6vjg4jjgrnjg53jg4Pjg4jjg6njgqTjg4ggZWNvbHQgMTJW54Wn5piOIExFRA==,44CM44K344Oz44OX44Or44Oi44OA44Oz44Gq44OH44K244Kk44Oz44GM5Lq65rCX44CN44CM6YCB5paZ54Sh5paZ44CN,44Om44OL44K944OzIEVBMDMwMDEgMTE8QlI+PEJSPjxCUj48SU1HIHNyYz0iaHR0cDovL2ltYWdlLnJha3V0ZW4uY28uanAvaWVmYW4vY2FiaW5ldC91bmlzb24tcy91bmlzb24tcy0wMTMuZ2lmIiBib3JkZXI9IjAiPjxicj48YnI+PElNRyBzcmM9Imh0dHA6Ly9pbWFnZS5yYWt1dGVuLmNvLmpwL2llZmFuL2NhYmluZXQvdW5pc29uLXMvdW5pc29uLXMtMDEzLTAxNi0xLmdpZiIgYm9yZGVyPSIwIj48YnI+PGJyPjxCPjxGT05UIHNpemU9IjUiPuODu+OCqOOCs+ODq+ODiDEyVuOCt+ODquODvOOCuuOBruaWveW3peaWueazleOChOmDqOadkOOBq+OBpOOBhOOBpuOBruOBlOiqrOaYjuODmuODvOOCuOOBp+OBmeOAgjwvRk9OVD48L0I+PGJyPjxicj48SU1HIHNyYz0iaHR0cDovL2ltYWdlLnJha3V0ZW4uY28uanAvaWVmYW4vY2FiaW5ldC91bmlzb24tcy91bmlzb24tcy0wMTMtMDE2LmdpZiIgYm9yZGVyPSIwIj48YnI+PGJyPjxGT05UIHNpemU9IjQiPjxCPjEy77y244Ko44Kz44Or44OI44Gv5L2O6Zu75Zyn44Gg44GL44KJ44CB6Zu75rCX5bel5LqL5aOr44Gu5YWN6Kix44GM44Gq44GP44Gm44KC5pa95bel44GZ44KL44GT44Go44GM44Gn44GN44G+44GZ44CC44G+44GfTEVE54Wn5piO44Gq44Gu44Gn55yB6Zu75Yqb44Gn44CB6Zu75rCX5paZ6YeR44KS5oqR44GI44KL44GT44Go44GM44Gn44GN44G+44GZ44CCQUMxMDBW44Kz44Oz44K744Oz44OI44Gr44KC44CB44OI44Op44Oz44K544KS5L2/55So44GZ44KL44GT44Go44GnREMxMlbjgavlpInmj5vjgafjgY3jgIHjgr3jg7zjg6njg7zjg5Hjg43jg6vjgafnmbrpm7vjgZfjgZ/loLTlkIjjga/jgZ3jga7jgb7jgb7liKnnlKjjgZnjgovjgZPjgajjgYzjgafjgY3jgb7jgZnjgII8L0I+PC9GT05UPjxicj48YnI+PEI+PEZPTlQgc2l6ZT0iNSI+56iu6aGe44KC44OH44K244Kk44Oz44KC6LGK5a+M44Gn44GZ77yB44GT44Gh44KJ44GL44KJ44GU6Kan44GP44Gg44GV44GE44CCPC9GT05UPjwvQj48YnI+,VU5JU09O44CQ44Om44OL44K944Oz44CRIEVBMDMwMDEgMTEvRUEwMzAwMSAxMiDjgqjjgrPjg6vjg4jjgrnjg53jg4Pjg4jjg6njgqTjg4ggZWNvbHQgMTJW54Wn5piOIExFRO+8muWutuOBpeOBj+OCiuOBqOW3peWFt+OBruOBiuW6l+OAgOWutuODleOCoeODs++8gQ==,5a6244Gl44GP44KK44Go5bel5YW344Gu44GK5bqX5a6244OV44Kh44Oz77yB44Kk44Ko44OV44Kh44Oz5a62RkFOaWVmYW7jgq3jg6fjg7zjg6/jg4rjgrnjgr/jg4DjgqTjgrHjg7Pjg5fjg6njgrnjg4Hjg4Pjgq/jgrnmnYnnlLDjgqjjg7zjgrnmlrDljZTlkozjgr/jgqvjgrfjg6fjg7zmnbHkupzjgrPjg6vjgq/jgrPjg7zjg6/jgr3jg4vjgqLjgr/jgrjjg57jg6Hjgr/jg6vjg6/jg7zjgq/jg5XjgqHjg7zjgrnjg4jjg6rjg5Xjgqnjg7zjg6DjgrXjg7Pjg53jg7zjg6vjgrfjg63jgq/jg57jgrPjg4Xjg4HjgqLjg43jg4Pjgq/jgrnjg5fjg63jgrnjgr/jg7zml6Xnq4vlt6XmqZ9VTklTT07jgJDjg6bjg4vjgr3jg7PjgJEgRUEwMzAwMSAxMS9FQTAzMDAxIDEyIOOCqOOCs+ODq+ODiOOCueODneODg+ODiOODqeOCpOODiCBlY29sdCAxMlbnhafmmI4gTEVE,44CM44K344Oz44OX44Or44Oi44OA44Oz44Gq44OH44K244Kk44Oz44GM5Lq65rCX44CN44CM6YCB5paZ54Sh5paZ44CN44CCVU5JU09O44CQ44Om44OL44K944Oz44CRIEVBMDMwMDEgMTEvRUEwMzAwMSAxMiDjgqjjgrPjg6vjg4jjgrnjg53jg4Pjg4jjg6njgqTjg4ggZWNvbHQgMTJW54Wn5piOIExFRA==[rn]
11-197514,aHR0cDovL3RzaG9wLnIxMHMuanAvaWVmYW4vY2FiaW5ldC91bmlzb24vdW5pc29uLTAwMTUuanBnP2ZpdGluPTcwMDo3MDA=,OTY5Ni44MDAw,,6Iqx44O744Ks44O844OH44Oz44O7RElZID4g44Ko44Kv44K544OG44Oq44Ki44O744Ks44O844OH44Oz44OV44Kh44OL44OB44Oj44O8ID4g44Op44Kk44OI44O744Kk44Or44Of44ON44O844K344On44OzID4g44Ks44O844OH44Oz44Op44Kk44OIIOODu+eBr+evrQ==,VU5JU09O44CQ44Om44OL44K944Oz44CRIEVBMDEwMTEgMTEvRUEwMTAxMSAxMiDjgqjjgrPjg6vjg4jjgrnjg53jg4Pjg4jjg6njgqTjg4ggZWNvbHQgMTJW54Wn5piOIExFRA==,44CM44K344Oz44OX44Or44Oi44OA44Oz44Gq44OH44K244Kk44Oz44GM5Lq65rCX44CN44CM6YCB5paZ54Sh5paZ44CN,44Om44OL44K944OzIEVBMDEwMTEgMTE8QlI+PEJSPjxCUj48SU1HIHNyYz0iaHR0cDovL2ltYWdlLnJha3V0ZW4uY28uanAvaWVmYW4vY2FiaW5ldC91bmlzb24tcy91bmlzb24tcy0wMTUuZ2lmIiBib3JkZXI9IjAiPjxicj48YnI+PElNRyBzcmM9Imh0dHA6Ly9pbWFnZS5yYWt1dGVuLmNvLmpwL2llZmFuL2NhYmluZXQvdW5pc29uLXMvdW5pc29uLXMtMDEzLTAxNi0xLmdpZiIgYm9yZGVyPSIwIj48YnI+PGJyPjxCPjxGT05UIHNpemU9IjUiPuODu+OCqOOCs+ODq+ODiDEyVuOCt+ODquODvOOCuuOBruaWveW3peaWueazleOChOmDqOadkOOBq+OBpOOBhOOBpuOBruOBlOiqrOaYjuODmuODvOOCuOOBp+OBmeOAgjwvRk9OVD48L0I+PGJyPjxicj48SU1HIHNyYz0iaHR0cDovL2ltYWdlLnJha3V0ZW4uY28uanAvaWVmYW4vY2FiaW5ldC91bmlzb24tcy91bmlzb24tcy0wMTMtMDE2LmdpZiIgYm9yZGVyPSIwIj48YnI+PGJyPjxGT05UIHNpemU9IjQiPjxCPjEy77y244Ko44Kz44Or44OI44Gv5L2O6Zu75Zyn44Gg44GL44KJ44CB6Zu75rCX5bel5LqL5aOr44Gu5YWN6Kix44GM44Gq44GP44Gm44KC5pa95bel44GZ44KL44GT44Go44GM44Gn44GN44G+44GZ44CC44G+44GfTEVE54Wn5piO44Gq44Gu44Gn55yB6Zu75Yqb44Gn44CB6Zu75rCX5paZ6YeR44KS5oqR44GI44KL44GT44Go44GM44Gn44GN44G+44GZ44CCQUMxMDBW44Kz44Oz44K744Oz44OI44Gr44KC44CB44OI44Op44Oz44K544KS5L2/55So44GZ44KL44GT44Go44GnREMxMlbjgavlpInmj5vjgafjgY3jgIHjgr3jg7zjg6njg7zjg5Hjg43jg6vjgafnmbrpm7vjgZfjgZ/loLTlkIjjga/jgZ3jga7jgb7jgb7liKnnlKjjgZnjgovjgZPjgajjgYzjgafjgY3jgb7jgZnjgII8L0I+PC9GT05UPjxicj48YnI+PEI+PEZPTlQgc2l6ZT0iNSI+56iu6aGe44KC44OH44K244Kk44Oz44KC6LGK5a+M44Gn44GZ77yB44GT44Gh44KJ44GL44KJ44GU6Kan44GP44Gg44GV44GE44CCPC9GT05UPjwvQj48YnI+,VU5JU09O44CQ44Om44OL44K944Oz44CRIEVBMDEwMTEgMTEvRUEwMTAxMSAxMiDjgqjjgrPjg6vjg4jjgrnjg53jg4Pjg4jjg6njgqTjg4ggZWNvbHQgMTJW54Wn5piOIExFRO+8muWutuOBpeOBj+OCiuOBqOW3peWFt+OBruOBiuW6l+OAgOWutuODleOCoeODs++8gQ==,5a6244Gl44GP44KK44Go5bel5YW344Gu44GK5bqX5a6244OV44Kh44Oz77yB44Kk44Ko44OV44Kh44Oz5a62RkFOaWVmYW7jgq3jg6fjg7zjg6/jg4rjgrnjgr/jg4DjgqTjgrHjg7Pjg5fjg6njgrnjg4Hjg4Pjgq/jgrnmnYnnlLDjgqjjg7zjgrnmlrDljZTlkozjgr/jgqvjgrfjg6fjg7zmnbHkupzjgrPjg6vjgq/jgrPjg7zjg6/jgr3jg4vjgqLjgr/jgrjjg57jg6Hjgr/jg6vjg6/jg7zjgq/jg5XjgqHjg7zjgrnjg4jjg6rjg5Xjgqnjg7zjg6DjgrXjg7Pjg53jg7zjg6vjgrfjg63jgq/jg57jgrPjg4Xjg4HjgqLjg43jg4Pjgq/jgrnjg5fjg63jgrnjgr/jg7zml6Xnq4vlt6XmqZ9VTklTT07jgJDjg6bjg4vjgr3jg7PjgJEgRUEwMTAxMSAxMS9FQTAxMDExIDEyIOOCqOOCs+ODq+ODiOOCueODneODg+ODiOODqeOCpOODiCBlY29sdCAxMlbnhafmmI4gTEVE,44CM44K344Oz44OX44Or44Oi44OA44Oz44Gq44OH44K244Kk44Oz44GM5Lq65rCX44CN44CM6YCB5paZ54Sh5paZ44CN44CCVU5JU09O44CQ44Om44OL44K944Oz44CRIEVBMDEwMTEgMTEvRUEwMTAxMSAxMiDjgqjjgrPjg6vjg4jjgrnjg53jg4Pjg4jjg6njgqTjg4ggZWNvbHQgMTJW54Wn5piOIExFRA==[rn]
11-197515,aHR0cDovL3RzaG9wLnIxMHMuanAvaWVmYW4vY2FiaW5ldC91bmlzb24vdW5pc29uLXMtMDAwOC5qcGc/Zml0aW49NzAwOjcwMA==,MjA5MjIuNDAwMA==,,6Iqx44O744Ks44O844OH44Oz44O7RElZID4g44Ko44Kv44K544OG44Oq44Ki44O744Ks44O844OH44Oz44OV44Kh44OL44OB44Oj44O8ID4g44Op44Kk44OI44O744Kk44Or44Of44ON44O844K344On44OzID4g44Ks44O844OH44Oz44Op44Kk44OIIOODu+eBr+evrQ==,VU5JU09O44CQ44Om44OL44K944Oz44CRIEVBIDAxMDE2IDEyIOOCqOOCs+ODq+ODiOODneODvOODq+ODqeOCpOODiCDlkIToibIgTEVEIOS9jumbu+WcpzEyVg==,44CM6YCB5paZ54Sh5paZ44CNIOODpuODi+OCveODsyBFQSAwMTAxNiAxMg==,44Om44OL44K944OzIEVBIDAxMDE2IDEyPEJSPjxCUj48QlI+6Kmz57Sw44Gr44Gk44GE44Gm44Gv6L+944Gj44Gm44Ki44OD44OX6Ie044GX44G+44GZ44CC,VU5JU09O44CQ44Om44OL44K944Oz44CRIEVBIDAxMDE2IDEyIOOCqOOCs+ODq+ODiOODneODvOODq+ODqeOCpOODiCDlkIToibIgTEVEIOS9jumbu+WcpzEyVu+8muWutuOBpeOBj+OCiuOBqOW3peWFt+OBruOBiuW6l+OAgOWutuODleOCoeODs++8gQ==,5a6244Gl44GP44KK44Go5bel5YW344Gu44GK5bqX5a6244OV44Kh44Oz77yB44Kk44Ko44OV44Kh44Oz5a62RkFOaWVmYW7jgq3jg6fjg7zjg6/jg4rjgrnjgr/jg4DjgqTjgrHjg7Pjg5fjg6njgrnjg4Hjg4Pjgq/jgrnmnYnnlLDjgqjjg7zjgrnmlrDljZTlkozjgr/jgqvjgrfjg6fjg7zmnbHkupzjgrPjg6vjgq/jgrPjg7zjg6/jgr3jg4vjgqLjgr/jgrjjg57jg6Hjgr/jg6vjg6/jg7zjgq/jg5XjgqHjg7zjgrnjg4jjg6rjg5Xjgqnjg7zjg6DjgrXjg7Pjg53jg7zjg6vjgrfjg63jgq/jg57jgrPjg4Xjg4HjgqLjg43jg4Pjgq/jgrnjg5fjg63jgrnjgr/jg7zml6Xnq4vlt6XmqZ9VTklTT07jgJDjg6bjg4vjgr3jg7PjgJEgRUEgMDEwMTYgMTIg44Ko44Kz44Or44OI44Od44O844Or44Op44Kk44OIIOWQhOiJsiBMRUQg5L2O6Zu75ZynMTJW,44CM6YCB5paZ54Sh5paZ44CNIOODpuODi+OCveODsyBFQSAwMTAxNiAxMuOAglVOSVNPTuOAkOODpuODi+OCveODs+OAkSBFQSAwMTAxNiAxMiDjgqjjgrPjg6vjg4jjg53jg7zjg6vjg6njgqTjg4gg5ZCE6ImyIExFRCDkvY7pm7vlnKcxMlY=[rn]
11-197516,aHR0cDovL3RzaG9wLnIxMHMuanAvaWVmYW4vY2FiaW5ldC91bmlzb24vdW5pc29uLXMtMDAxMC5qcGc/Zml0aW49NzAwOjcwMA==,MTY2ODguODAwMA==,,6Iqx44O744Ks44O844OH44Oz44O7RElZID4g44Ko44Kv44K544OG44Oq44Ki44O744Ks44O844OH44Oz44OV44Kh44OL44OB44Oj44O8ID4g44Op44Kk44OI44O744Kk44Or44Of44ON44O844K344On44OzID4g44Ks44O844OH44Oz44Op44Kk44OIIOODu+eBr+evrQ==,VU5JU09O44CQ44Om44OL44K944Oz44CRIEVBIDAxMDE5IDEyIOOCqOOCs+ODq+ODiOODneODvOODq+ODqeOCpOODiCBMRUQg5L2O6Zu75ZynMTJW,44CM6YCB5paZ54Sh5paZ44CNIOODpuODi+OCveODsyBFQSAwMTAxOSAxMg==,44Om44OL44K944OzIEVBIDAxMDE5IDEyPEJSPjxCUj48QlI+6Kmz57Sw44Gr44Gk44GE44Gm44Gv6L+944Gj44Gm44Ki44OD44OX6Ie044GX44G+44GZ44CC,VU5JU09O44CQ44Om44OL44K944Oz44CRIEVBIDAxMDE5IDEyIOOCqOOCs+ODq+ODiOODneODvOODq+ODqeOCpOODiCBMRUQg5L2O6Zu75ZynMTJW77ya5a6244Gl44GP44KK44Go5bel5YW344Gu44GK5bqX44CA5a6244OV44Kh44Oz77yB,5a6244Gl44GP44KK44Go5bel5YW344Gu44GK5bqX5a6244OV44Kh44Oz77yB44Kk44Ko44OV44Kh44Oz5a62RkFOaWVmYW7jgq3jg6fjg7zjg6/jg4rjgrnjgr/jg4DjgqTjgrHjg7Pjg5fjg6njgrnjg4Hjg4Pjgq/jgrnmnYnnlLDjgqjjg7zjgrnmlrDljZTlkozjgr/jgqvjgrfjg6fjg7zmnbHkupzjgrPjg6vjgq/jgrPjg7zjg6/jgr3jg4vjgqLjgr/jgrjjg57jg6Hjgr/jg6vjg6/jg7zjgq/jg5XjgqHjg7zjgrnjg4jjg6rjg5Xjgqnjg7zjg6DjgrXjg7Pjg53jg7zjg6vjgrfjg63jgq/jg57jgrPjg4Xjg4HjgqLjg43jg4Pjgq/jgrnjg5fjg63jgrnjgr/jg7zml6Xnq4vlt6XmqZ9VTklTT07jgJDjg6bjg4vjgr3jg7PjgJEgRUEgMDEwMTkgMTIg44Ko44Kz44Or44OI44Od44O844Or44Op44Kk44OIIExFRCDkvY7pm7vlnKcxMlY=,44CM6YCB5paZ54Sh5paZ44CNIOODpuODi+OCveODsyBFQSAwMTAxOSAxMuOAglVOSVNPTuOAkOODpuODi+OCveODs+OAkSBFQSAwMTAxOSAxMiDjgqjjgrPjg6vjg4jjg53jg7zjg6vjg6njgqTjg4ggTEVEIOS9jumbu+WcpzEyVg==[rn]
11-197517,aHR0cDovL3RzaG9wLnIxMHMuanAvaWVmYW4vY2FiaW5ldC91bmlzb24vdW5pc29uLXMtMDAwOS5qcGc/Zml0aW49NzAwOjcwMA==,MjE1MjcuMjAwMA==,,6Iqx44O744Ks44O844OH44Oz44O7RElZID4g44Ko44Kv44K544OG44Oq44Ki44O744Ks44O844OH44Oz44OV44Kh44OL44OB44Oj44O8ID4g44Op44Kk44OI44O744Kk44Or44Of44ON44O844K344On44OzID4g44Ks44O844OH44Oz44Op44Kk44OIIOODu+eBr+evrQ==,VU5JU09O44CQ44Om44OL44K944Oz44CRIEVBIDAxMDE1IDEyIOOCqOOCs+ODq+ODiOODneODvOODq+ODqeOCpOODiCDlkIToibIgTEVEIOS9jumbu+WcpzEyVg==,44CM6YCB5paZ54Sh5paZ44CNIOODpuODi+OCveODsyBFQSAwMTAxNSAxMg==,44Om44OL44K944OzIEVBIDAxMDE1IDEyPEJSPjxCUj48QlI+6Kmz57Sw44Gr44Gk44GE44Gm44Gv6L+944Gj44Gm44Ki44OD44OX6Ie044GX44G+44GZ44CC,VU5JU09O44CQ44Om44OL44K944Oz44CRIEVBIDAxMDE1IDEyIOOCqOOCs+ODq+ODiOODneODvOODq+ODqeOCpOODiCDlkIToibIgTEVEIOS9jumbu+WcpzEyVu+8muWutuOBpeOBj+OCiuOBqOW3peWFt+OBruOBiuW6l+OAgOWutuODleOCoeODs++8gQ==,5a6244Gl44GP44KK44Go5bel5YW344Gu44GK5bqX5a6244OV44Kh44Oz77yB44Kk44Ko44OV44Kh44Oz5a62RkFOaWVmYW7jgq3jg6fjg7zjg6/jg4rjgrnjgr/jg4DjgqTjgrHjg7Pjg5fjg6njgrnjg4Hjg4Pjgq/jgrnmnYnnlLDjgqjjg7zjgrnmlrDljZTlkozjgr/jgqvjgrfjg6fjg7zmnbHkupzjgrPjg6vjgq/jgrPjg7zjg6/jgr3jg4vjgqLjgr/jgrjjg57jg6Hjgr/jg6vjg6/jg7zjgq/jg5XjgqHjg7zjgrnjg4jjg6rjg5Xjgqnjg7zjg6DjgrXjg7Pjg53jg7zjg6vjgrfjg63jgq/jg57jgrPjg4Xjg4HjgqLjg43jg4Pjgq/jgrnjg5fjg63jgrnjgr/jg7zml6Xnq4vlt6XmqZ9VTklTT07jgJDjg6bjg4vjgr3jg7PjgJEgRUEgMDEwMTUgMTIg44Ko44Kz44Or44OI44Od44O844Or44Op44Kk44OIIOWQhOiJsiBMRUQg5L2O6Zu75ZynMTJW,44CM6YCB5paZ54Sh5paZ44CNIOODpuODi+OCveODsyBFQSAwMTAxNSAxMuOAglVOSVNPTuOAkOODpuODi+OCveODs+OAkSBFQSAwMTAxNSAxMiDjgqjjgrPjg6vjg4jjg53jg7zjg6vjg6njgqTjg4gg5ZCE6ImyIExFRCDkvY7pm7vlnKcxMlY=[rn]
11-197518,aHR0cDovL3RzaG9wLnIxMHMuanAvaWVmYW4vY2FiaW5ldC91bmlzb24vdW5pc29uLTAwMDUuanBnP2ZpdGluPTcwMDo3MDA=,MTQ0MTQuNDAwMA==,,6Iqx44O744Ks44O844OH44Oz44O7RElZID4g44Ko44Kv44K544OG44Oq44Ki44O744Ks44O844OH44Oz44OV44Kh44OL44OB44Oj44O8ID4g44Op44Kk44OI44O744Kk44Or44Of44ON44O844K344On44OzID4g44Ks44O844OH44Oz44Op44Kk44OIIOODu+eBr+evrQ==,VU5JU09O44CQ44Om44OL44K944Oz44CRIEVBMDEwMTMgMTEvRUEwMTAxMyAxMiDjgqjjgrPjg6vjg4jjg53jg7zjg6vjg6njgqTjg4ggZWNvbHQgMTJW54Wn5piOIExFRA==,44CM44K344Oz44OX44Or44Oi44OA44Oz44Gq44OH44K244Kk44Oz44GM5Lq65rCX44CN44CM6YCB5paZ54Sh5paZ44CN,44Om44OL44K944OzIEVBMDEwMTMgMTE8QlI+PEJSPjxCUj48SU1HIHNyYz0iaHR0cDovL2ltYWdlLnJha3V0ZW4uY28uanAvaWVmYW4vY2FiaW5ldC91bmlzb24tcy91bmlzb24tcy0wMDUuZ2lmIiBib3JkZXI9IjAiPjxicj48YnI+PEI+PEZPTlQgc2l6ZT0iNSI+44O744Ko44Kz44Or44OIMTJW44K344Oq44O844K644Gu5pa95bel5pa55rOV44KE6YOo5p2Q44Gr44Gk44GE44Gm44Gu44GU6Kqs5piO44Oa44O844K444Gn44GZ44CCPC9GT05UPjwvQj48YnI+PGJyPjxCPjxGT05UIHNpemU9IjUiPuODu+ODneODvOODq+ODqeOCpOODiOWwgueUqOWPsOW6pzwvRk9OVD48L0I+PGJyPjxicj48Rk9OVCBzaXplPSI0Ij48Qj4xMu+8tuOCqOOCs+ODq+ODiOOBr+S9jumbu+Wcp+OBoOOBi+OCieOAgembu+awl+W3peS6i+Wjq+OBruWFjeioseOBjOOBquOBj+OBpuOCguaWveW3peOBmeOCi+OBk+OBqOOBjOOBp+OBjeOBvuOBmeOAguOBvuOBn0xFROeFp+aYjuOBquOBruOBp+ecgembu+WKm+OBp+OAgembu+awl+aWmemHkeOCkuaKkeOBiOOCi+OBk+OBqOOBjOOBp+OBjeOBvuOBmeOAgkFDMTAwVuOCs+ODs+OCu+ODs+ODiOOBq+OCguOAgeODiOODqeODs+OCueOCkuS9v+eUqOOBmeOCi+OBk+OBqOOBp0RDMTJW44Gr5aSJ5o+b44Gn44GN44CB44K944O844Op44O844OR44ON44Or44Gn55m66Zu744GX44Gf5aC05ZCI44Gv44Gd44Gu44G+44G+5Yip55So44GZ44KL44GT44Go44GM44Gn44GN44G+44GZ44CCPC9CPjwvRk9OVD48YnI+PGJyPjxCPjxGT05UIHNpemU9IjUiPueorumhnuOCguODh+OCtuOCpOODs+OCguixiuWvjOOBp+OBme+8geOBk+OBoeOCieOBi+OCieOBlOimp+OBj+OBoOOBleOBhOOAgjwvRk9OVD48L0I+PGJyPg==,VU5JU09O44CQ44Om44OL44K944Oz44CRIEVBMDEwMTMgMTEvRUEwMTAxMyAxMiDjgqjjgrPjg6vjg4jjg53jg7zjg6vjg6njgqTjg4ggZWNvbHQgMTJW54Wn5piOIExFRO+8muWutuOBpeOBj+OCiuOBqOW3peWFt+OBruOBiuW6l+OAgOWutuODleOCoeODs++8gQ==,5a6244Gl44GP44KK44Go5bel5YW344Gu44GK5bqX5a6244OV44Kh44Oz77yB44Kk44Ko44OV44Kh44Oz5a62RkFOaWVmYW7jgq3jg6fjg7zjg6/jg4rjgrnjgr/jg4DjgqTjgrHjg7Pjg5fjg6njgrnjg4Hjg4Pjgq/jgrnmnYnnlLDjgqjjg7zjgrnmlrDljZTlkozjgr/jgqvjgrfjg6fjg7zmnbHkupzjgrPjg6vjgq/jgrPjg7zjg6/jgr3jg4vjgqLjgr/jgrjjg57jg6Hjgr/jg6vjg6/jg7zjgq/jg5XjgqHjg7zjgrnjg4jjg6rjg5Xjgqnjg7zjg6DjgrXjg7Pjg53jg7zjg6vjgrfjg63jgq/jg57jgrPjg4Xjg4HjgqLjg43jg4Pjgq/jgrnjg5fjg63jgrnjgr/jg7zml6Xnq4vlt6XmqZ9VTklTT07jgJDjg6bjg4vjgr3jg7PjgJEgRUEwMTAxMyAxMS9FQTAxMDEzIDEyIOOCqOOCs+ODq+ODiOODneODvOODq+ODqeOCpOODiCBlY29sdCAxMlbnhafmmI4gTEVE,44CM44K344Oz44OX44Or44Oi44OA44Oz44Gq44OH44K244Kk44Oz44GM5Lq65rCX44CN44CM6YCB5paZ54Sh5paZ44CN44CCVU5JU09O44CQ44Om44OL44K944Oz44CRIEVBMDEwMTMgMTEvRUEwMTAxMyAxMiDjgqjjgrPjg6vjg4jjg53jg7zjg6vjg6njgqTjg4ggZWNvbHQgMTJW54Wn5piOIExFRA==[rn]
11-197519,aHR0cDovL3RzaG9wLnIxMHMuanAvaWVmYW4vY2FiaW5ldC91bmlzb24vdW5pc29uLXMtMDAwNC5qcGc/Zml0aW49NzAwOjcwMA==,MTI0NTUuMjAwMA==,,6Iqx44O744Ks44O844OH44Oz44O7RElZID4g44Ko44Kv44K544OG44Oq44Ki44O744Ks44O844OH44Oz44OV44Kh44OL44OB44Oj44O8ID4g44Op44Kk44OI44O744Kk44Or44Of44ON44O844K344On44OzID4g44Ks44O844OH44Oz44Op44Kk44OIIOODu+eBr+evrQ==,VU5JU09O44CQ44Om44OL44K944Oz44CRIEVBIDAxMDIwIDEyIOOCqOOCs+ODq+ODiOOCpuOCqeODvOODq+ODqeOCpOODiCBMRUQg5L2O6Zu75ZynMTJW,44CM6YCB5paZ54Sh5paZ44CNIOODpuODi+OCveODsyBFQSAwMTAyMCAxMg==,44Om44OL44K944OzIEVBIDAxMDIwIDEyPEJSPjxCUj48QlI+6Kmz57Sw44Gr44Gk44GE44Gm44Gv6L+944Gj44Gm44Ki44OD44OX6Ie044GX44G+44GZ44CC,VU5JU09O44CQ44Om44OL44K944Oz44CRIEVBIDAxMDIwIDEyIOOCqOOCs+ODq+ODiOOCpuOCqeODvOODq+ODqeOCpOODiCBMRUQg5L2O6Zu75ZynMTJW77ya5a6244Gl44GP44KK44Go5bel5YW344Gu44GK5bqX44CA5a6244OV44Kh44Oz77yB,5a6244Gl44GP44KK44Go5bel5YW344Gu44GK5bqX5a6244OV44Kh44Oz77yB44Kk44Ko44OV44Kh44Oz5a62RkFOaWVmYW7jgq3jg6fjg7zjg6/jg4rjgrnjgr/jg4DjgqTjgrHjg7Pjg5fjg6njgrnjg4Hjg4Pjgq/jgrnmnYnnlLDjgqjjg7zjgrnmlrDljZTlkozjgr/jgqvjgrfjg6fjg7zmnbHkupzjgrPjg6vjgq/jgrPjg7zjg6/jgr3jg4vjgqLjgr/jgrjjg57jg6Hjgr/jg6vjg6/jg7zjgq/jg5XjgqHjg7zjgrnjg4jjg6rjg5Xjgqnjg7zjg6DjgrXjg7Pjg53jg7zjg6vjgrfjg63jgq/jg57jgrPjg4Xjg4HjgqLjg43jg4Pjgq/jgrnjg5fjg63jgrnjgr/jg7zml6Xnq4vlt6XmqZ9VTklTT07jgJDjg6bjg4vjgr3jg7PjgJEgRUEgMDEwMjAgMTIg44Ko44Kz44Or44OI44Km44Kp44O844Or44Op44Kk44OIIExFRCDkvY7pm7vlnKcxMlY=,44CM6YCB5paZ54Sh5paZ44CNIOODpuODi+OCveODsyBFQSAwMTAyMCAxMuOAglVOSVNPTuOAkOODpuODi+OCveODs+OAkSBFQSAwMTAyMCAxMiDjgqjjgrPjg6vjg4jjgqbjgqnjg7zjg6vjg6njgqTjg4ggTEVEIOS9jumbu+WcpzEyVg==[rn]
11-197520,aHR0cDovL3RzaG9wLnIxMHMuanAvaWVmYW4vY2FiaW5ldC91bmlzb24vdW5pc29uLTAwMTAuanBnP2ZpdGluPTcwMDo3MDA=,MTA0ODMuMjAwMA==,,6Iqx44O744Ks44O844OH44Oz44O7RElZID4g44Ko44Kv44K544OG44Oq44Ki44O744Ks44O844OH44Oz44OV44Kh44OL44OB44Oj44O8ID4g44Op44Kk44OI44O744Kk44Or44Of44ON44O844K344On44OzID4g44Ks44O844OH44Oz44Op44Kk44OIIOODu+eBr+evrQ==,VU5JU09O44CQ44Om44OL44K944Oz44CRIEVBMDIwMDMgNzIvNzEvNzMvNzQg44Ko44Kz44Or44OI44Kw44Op44Oz44OJ44Op44Kk44OIIGVjb2x0IDEyVueFp+aYjiBMRUQ=,44CM44K344Oz44OX44Or44Oi44OA44Oz44Gq44OH44K244Kk44Oz44GM5Lq65rCX44CN44CM6YCB5paZ54Sh5paZ44CN,44Om44OL44K944OzIEVBMDIwMDMgNzI8QlI+PEJSPjxCUj48SU1HIHNyYz0iaHR0cDovL2ltYWdlLnJha3V0ZW4uY28uanAvaWVmYW4vY2FiaW5ldC91bmlzb24tcy91bmlzb24tcy0wMTAuZ2lmIiBib3JkZXI9IjAiPjxicj48YnI+PEI+PEZPTlQgc2l6ZT0iNSI+44O744Ko44Kz44Or44OIMTJW44K344Oq44O844K644Gu5pa95bel5pa55rOV44KE6YOo5p2Q44Gr44Gk44GE44Gm44Gu44GU6Kqs5piO44Oa44O844K444Gn44GZ44CCPC9GT05UPjwvQj48YnI+PGJyPjxJTUcgc3JjPSJodHRwOi8vaW1hZ2UucmFrdXRlbi5jby5qcC9pZWZhbi9jYWJpbmV0L3VuaXNvbi1zL3VuaXNvbi1zLTAwOC0wMTIuZ2lmIiBib3JkZXI9IjAiPjxicj48YnI+PEZPTlQgc2l6ZT0iNCI+PEI+MTLvvLbjgqjjgrPjg6vjg4jjga/kvY7pm7vlnKfjgaDjgYvjgonjgIHpm7vmsJflt6Xkuovlo6vjga7lhY3oqLHjgYzjgarjgY/jgabjgoLmlr3lt6XjgZnjgovjgZPjgajjgYzjgafjgY3jgb7jgZnjgILjgb7jgZ9MRUTnhafmmI7jgarjga7jgafnnIHpm7vlipvjgafjgIHpm7vmsJfmlpnph5HjgpLmipHjgYjjgovjgZPjgajjgYzjgafjgY3jgb7jgZnjgIJBQzEwMFbjgrPjg7Pjgrvjg7Pjg4jjgavjgoLjgIHjg4jjg6njg7PjgrnjgpLkvb/nlKjjgZnjgovjgZPjgajjgadEQzEyVuOBq+WkieaPm+OBp+OBjeOAgeOCveODvOODqeODvOODkeODjeODq+OBp+eZuumbu+OBl+OBn+WgtOWQiOOBr+OBneOBruOBvuOBvuWIqeeUqOOBmeOCi+OBk+OBqOOBjOOBp+OBjeOBvuOBmeOAgjwvQj48L0ZPTlQ+PGJyPjxicj48Qj48Rk9OVCBzaXplPSI1Ij7nqK7poZ7jgoLjg4fjgrbjgqTjg7PjgoLosYrlr4zjgafjgZnvvIHjgZPjgaHjgonjgYvjgonjgZTopqfjgY/jgaDjgZXjgYTjgII8L0ZPTlQ+PC9CPjxicj48YnI+PElNRyBzcmM9Imh0dHA6Ly9pbWFnZS5yYWt1dGVuLmNvLmpwL2llZmFuL2NhYmluZXQvdW5pc29uLXMvdW5pc29uLXMtMDEwLTAxMi5naWYiIGJvcmRlcj0iMCI+PGJyPg==,VU5JU09O44CQ44Om44OL44K944Oz44CRIEVBMDIwMDMgNzIvNzEvNzMvNzQg44Ko44Kz44Or44OI44Kw44Op44Oz44OJ44Op44Kk44OIIGVjb2x0IDEyVueFp+aYjiBMRUTvvJrlrrbjgaXjgY/jgorjgajlt6Xlhbfjga7jgYrlupfjgIDlrrbjg5XjgqHjg7PvvIE=,5a6244Gl44GP44KK44Go5bel5YW344Gu44GK5bqX5a6244OV44Kh44Oz77yB44Kk44Ko44OV44Kh44Oz5a62RkFOaWVmYW7jgq3jg6fjg7zjg6/jg4rjgrnjgr/jg4DjgqTjgrHjg7Pjg5fjg6njgrnjg4Hjg4Pjgq/jgrnmnYnnlLDjgqjjg7zjgrnmlrDljZTlkozjgr/jgqvjgrfjg6fjg7zmnbHkupzjgrPjg6vjgq/jgrPjg7zjg6/jgr3jg4vjgqLjgr/jgrjjg57jg6Hjgr/jg6vjg6/jg7zjgq/jg5XjgqHjg7zjgrnjg4jjg6rjg5Xjgqnjg7zjg6DjgrXjg7Pjg53jg7zjg6vjgrfjg63jgq/jg57jgrPjg4Xjg4HjgqLjg43jg4Pjgq/jgrnjg5fjg63jgrnjgr/jg7zml6Xnq4vlt6XmqZ9VTklTT07jgJDjg6bjg4vjgr3jg7PjgJEgRUEwMjAwMyA3Mi83MS83My83NCDjgqjjgrPjg6vjg4jjgrDjg6njg7Pjg4njg6njgqTjg4ggZWNvbHQgMTJW54Wn5piOIExFRA==,44CM44K344Oz44OX44Or44Oi44OA44Oz44Gq44OH44K244Kk44Oz44GM5Lq65rCX44CN44CM6YCB5paZ54Sh5paZ44CN44CCVU5JU09O44CQ44Om44OL44K944Oz44CRIEVBMDIwMDMgNzIvNzEvNzMvNzQg44Ko44Kz44Or44OI44Kw44Op44Oz44OJ44Op44Kk44OIIGVjb2x0IDEyVueFp+aYjiBMRUQ=[rn]
11-197521,aHR0cDovL3RzaG9wLnIxMHMuanAvaWVmYW4vY2FiaW5ldC91bmlzb24vdW5pc29uLTAwMDguanBnP2ZpdGluPTcwMDo3MDA=,MTc1NTkuMjAwMA==,,6Iqx44O744Ks44O844OH44Oz44O7RElZID4g44Ko44Kv44K544OG44Oq44Ki44O744Ks44O844OH44Oz44OV44Kh44OL44OB44Oj44O8ID4g44Op44Kk44OI44O744Kk44Or44Of44ON44O844K344On44OzID4g44Ks44O844OH44Oz44Op44Kk44OIIOODu+eBr+evrQ==,VU5JU09O44CQ44Om44OL44K944Oz44CRIEVBMDIwMDEgNjIg44Ko44Kz44Or44OI44Kw44Op44Oz44OJ44Op44Kk44OIIGVjb2x0IDEyVueFp+aYjiBMRUQ=,44CM44K344Oz44OX44Or44Oi44OA44Oz44Gq44OH44K244Kk44Oz44GM5Lq65rCX44CN44CM6YCB5paZ54Sh5paZ44CN,44Om44OL44K944OzIEVBMDIwMDEgNjI8QlI+PEJSPjxCUj48SU1HIHNyYz0iaHR0cDovL2ltYWdlLnJha3V0ZW4uY28uanAvaWVmYW4vY2FiaW5ldC91bmlzb24tcy91bmlzb24tcy0wMDguZ2lmIiBib3JkZXI9IjAiPjxicj48YnI+PEI+PEZPTlQgc2l6ZT0iNSI+44O744Ko44Kz44Or44OIMTJW44K344Oq44O844K644Gu5pa95bel5pa55rOV44KE6YOo5p2Q44Gr44Gk44GE44Gm44Gu44GU6Kqs5piO44Oa44O844K444Gn44GZ44CCPC9GT05UPjwvQj48YnI+PGJyPjxJTUcgc3JjPSJodHRwOi8vaW1hZ2UucmFrdXRlbi5jby5qcC9pZWZhbi9jYWJpbmV0L3VuaXNvbi1zL3VuaXNvbi1zLTAwOC0wMTIuZ2lmIiBib3JkZXI9IjAiPjxicj48YnI+PEZPTlQgc2l6ZT0iNCI+PEI+MTLvvLbjgqjjgrPjg6vjg4jjga/kvY7pm7vlnKfjgaDjgYvjgonjgIHpm7vmsJflt6Xkuovlo6vjga7lhY3oqLHjgYzjgarjgY/jgabjgoLmlr3lt6XjgZnjgovjgZPjgajjgYzjgafjgY3jgb7jgZnjgILjgb7jgZ9MRUTnhafmmI7jgarjga7jgafnnIHpm7vlipvjgafjgIHpm7vmsJfmlpnph5HjgpLmipHjgYjjgovjgZPjgajjgYzjgafjgY3jgb7jgZnjgIJBQzEwMFbjgrPjg7Pjgrvjg7Pjg4jjgavjgoLjgIHjg4jjg6njg7PjgrnjgpLkvb/nlKjjgZnjgovjgZPjgajjgadEQzEyVuOBq+WkieaPm+OBp+OBjeOAgeOCveODvOODqeODvOODkeODjeODq+OBp+eZuumbu+OBl+OBn+WgtOWQiOOBr+OBneOBruOBvuOBvuWIqeeUqOOBmeOCi+OBk+OBqOOBjOOBp+OBjeOBvuOBmeOAgjwvQj48L0ZPTlQ+PGJyPjxicj48Qj48Rk9OVCBzaXplPSI1Ij7nqK7poZ7jgoLjg4fjgrbjgqTjg7PjgoLosYrlr4zjgafjgZnvvIHjgZPjgaHjgonjgYvjgonjgZTopqfjgY/jgaDjgZXjgYTjgII8L0ZPTlQ+PC9CPjxicj48YnI+PElNRyBzcmM9Imh0dHA6Ly9pbWFnZS5yYWt1dGVuLmNvLmpwL2llZmFuL2NhYmluZXQvdW5pc29uLXMvdW5pc29uLXMtMDA4LTAwOS5naWYiIGJvcmRlcj0iMCI+PGJyPg==,VU5JU09O44CQ44Om44OL44K944Oz44CRIEVBMDIwMDEgNjIg44Ko44Kz44Or44OI44Kw44Op44Oz44OJ44Op44Kk44OIIGVjb2x0IDEyVueFp+aYjiBMRUTvvJrlrrbjgaXjgY/jgorjgajlt6Xlhbfjga7jgYrlupfjgIDlrrbjg5XjgqHjg7PvvIE=,5a6244Gl44GP44KK44Go5bel5YW344Gu44GK5bqX5a6244OV44Kh44Oz77yB44Kk44Ko44OV44Kh44Oz5a62RkFOaWVmYW7jgq3jg6fjg7zjg6/jg4rjgrnjgr/jg4DjgqTjgrHjg7Pjg5fjg6njgrnjg4Hjg4Pjgq/jgrnmnYnnlLDjgqjjg7zjgrnmlrDljZTlkozjgr/jgqvjgrfjg6fjg7zmnbHkupzjgrPjg6vjgq/jgrPjg7zjg6/jgr3jg4vjgqLjgr/jgrjjg57jg6Hjgr/jg6vjg6/jg7zjgq/jg5XjgqHjg7zjgrnjg4jjg6rjg5Xjgqnjg7zjg6DjgrXjg7Pjg53jg7zjg6vjgrfjg63jgq/jg57jgrPjg4Xjg4HjgqLjg43jg4Pjgq/jgrnjg5fjg63jgrnjgr/jg7zml6Xnq4vlt6XmqZ9VTklTT07jgJDjg6bjg4vjgr3jg7PjgJEgRUEwMjAwMSA2MiDjgqjjgrPjg6vjg4jjgrDjg6njg7Pjg4njg6njgqTjg4ggZWNvbHQgMTJW54Wn5piOIExFRA==,44CM44K344Oz44OX44Or44Oi44OA44Oz44Gq44OH44K244Kk44Oz44GM5Lq65rCX44CN44CM6YCB5paZ54Sh5paZ44CN44CCVU5JU09O44CQ44Om44OL44K944Oz44CRIEVBMDIwMDEgNjIg44Ko44Kz44Or44OI44Kw44Op44Oz44OJ44Op44Kk44OIIGVjb2x0IDEyVueFp+aYjiBMRUQ=[rn]
11-197522,aHR0cDovL3RzaG9wLnIxMHMuanAvaWVmYW4vY2FiaW5ldC91bmlzb24vdW5pc29uLXMtMDAwNy5qcGc/Zml0aW49NzAwOjcwMA==,MTk4MzMuNjAwMA==,,6Iqx44O744Ks44O844OH44Oz44O7RElZID4g44Ko44Kv44K544OG44Oq44Ki44O744Ks44O844OH44Oz44OV44Kh44OL44OB44Oj44O8ID4g44Op44Kk44OI44O744Kk44Or44Of44ON44O844K344On44OzID4g44Ks44O844OH44Oz44Op44Kk44OIIOODu+eBr+evrQ==,VU5JU09O44CQ44Om44OL44K944Oz44CRIEVBIDAzMDA1IDEyIOOCqOOCs+ODq+ODiOODneODvOODq+ODqeOCpOODiCDlkIToibIgTEVEIOS9jumbu+WcpzEyVg==,44CM6YCB5paZ54Sh5paZ44CNIOODpuODi+OCveODsyBFQSAwMzAwNSAxMg==,44Om44OL44K944OzIEVBIDAzMDA1IDEyPEJSPjxCUj48QlI+6Kmz57Sw44Gr44Gk44GE44Gm44Gv6L+944Gj44Gm44Ki44OD44OX6Ie044GX44G+44GZ44CC,VU5JU09O44CQ44Om44OL44K944Oz44CRIEVBIDAzMDA1IDEyIOOCqOOCs+ODq+ODiOODneODvOODq+ODqeOCpOODiCDlkIToibIgTEVEIOS9jumbu+WcpzEyVu+8muWutuOBpeOBj+OCiuOBqOW3peWFt+OBruOBiuW6l+OAgOWutuODleOCoeODs++8gQ==,5a6244Gl44GP44KK44Go5bel5YW344Gu44GK5bqX5a6244OV44Kh44Oz77yB44Kk44Ko44OV44Kh44Oz5a62RkFOaWVmYW7jgq3jg6fjg7zjg6/jg4rjgrnjgr/jg4DjgqTjgrHjg7Pjg5fjg6njgrnjg4Hjg4Pjgq/jgrnmnYnnlLDjgqjjg7zjgrnmlrDljZTlkozjgr/jgqvjgrfjg6fjg7zmnbHkupzjgrPjg6vjgq/jgrPjg7zjg6/jgr3jg4vjgqLjgr/jgrjjg57jg6Hjgr/jg6vjg6/jg7zjgq/jg5XjgqHjg7zjgrnjg4jjg6rjg5Xjgqnjg7zjg6DjgrXjg7Pjg53jg7zjg6vjgrfjg63jgq/jg57jgrPjg4Xjg4HjgqLjg43jg4Pjgq/jgrnjg5fjg63jgrnjgr/jg7zml6Xnq4vlt6XmqZ9VTklTT07jgJDjg6bjg4vjgr3jg7PjgJEgRUEgMDMwMDUgMTIg44Ko44Kz44Or44OI44Od44O844Or44Op44Kk44OIIOWQhOiJsiBMRUQg5L2O6Zu75ZynMTJW,44CM6YCB5paZ54Sh5paZ44CNIOODpuODi+OCveODsyBFQSAwMzAwNSAxMuOAglVOSVNPTuOAkOODpuODi+OCveODs+OAkSBFQSAwMzAwNSAxMiDjgqjjgrPjg6vjg4jjg53jg7zjg6vjg6njgqTjg4gg5ZCE6ImyIExFRCDkvY7pm7vlnKcxMlY=[rn]
11-197523,aHR0cDovL3RzaG9wLnIxMHMuanAvaWVmYW4vY2FiaW5ldC91bmlzb24vdW5pc29uLTAwMDEuanBnP2ZpdGluPTcwMDo3MDA=,MTE3OTMuNjAwMA==,,6Iqx44O744Ks44O844OH44Oz44O7RElZID4g44Ko44Kv44K544OG44Oq44Ki44O744Ks44O844OH44Oz44OV44Kh44OL44OB44Oj44O8ID4g44Op44Kk44OI44O744Kk44Or44Of44ON44O844K344On44OzID4g44Ks44O844OH44Oz44Op44Kk44OIIOODu+eBr+evrQ==,VU5JU09O44CQ44Om44OL44K944Oz44CRIEVBMDEwMDcgMTIvMjIvNTIg44Ko44Kz44Or44OI44Km44Kp44O844Or44Op44Kk44OIIGVjb2x0IDEyVueFp+aYjiBMRUQ=,44CM44K344Oz44OX44Or44Oi44OA44Oz44Gq44OH44K244Kk44Oz44GM5Lq65rCX44CN44CM6YCB5paZ54Sh5paZ44CN,44Om44OL44K944OzIEVBMDEwMDcgMTI8QlI+PEJSPjxCUj48SU1HIHNyYz0iaHR0cDovL2ltYWdlLnJha3V0ZW4uY28uanAvaWVmYW4vY2FiaW5ldC91bmlzb24tcy91bmlzb24tcy0wMDEuZ2lmIiBib3JkZXI9IjAiPjxicj48YnI+PElNRyBzcmM9Imh0dHA6Ly9pbWFnZS5yYWt1dGVuLmNvLmpwL2llZmFuL2NhYmluZXQvdW5pc29uLXMvdW5pc29uLXMtMDAxLTAwNC5naWYiIGJvcmRlcj0iMCI+PGJyPjxicj48Qj48Rk9OVCBzaXplPSI1Ij7jg7vjgqjjgrPjg6vjg4gxMlbjgrfjg6rjg7zjgrrjga7mlr3lt6Xmlrnms5XjgoTpg6jmnZDjgavjgaTjgYTjgabjga7jgZToqqzmmI7jg5rjg7zjgrjjgafjgZnjgII8L0ZPTlQ+PC9CPjxicj48YnI+PEZPTlQgc2l6ZT0iNCI+PEI+MTLvvLbjgqjjgrPjg6vjg4jjga/kvY7pm7vlnKfjgaDjgYvjgonjgIHpm7vmsJflt6Xkuovlo6vjga7lhY3oqLHjgYzjgarjgY/jgabjgoLmlr3lt6XjgZnjgovjgZPjgajjgYzjgafjgY3jgb7jgZnjgILjgb7jgZ9MRUTnhafmmI7jgarjga7jgafnnIHpm7vlipvjgafjgIHpm7vmsJfmlpnph5HjgpLmipHjgYjjgovjgZPjgajjgYzjgafjgY3jgb7jgZnjgIJBQzEwMFbjgrPjg7Pjgrvjg7Pjg4jjgavjgoLjgIHjg4jjg6njg7PjgrnjgpLkvb/nlKjjgZnjgovjgZPjgajjgadEQzEyVuOBq+WkieaPm+OBp+OBjeOAgeOCveODvOODqeODvOODkeODjeODq+OBp+eZuumbu+OBl+OBn+WgtOWQiOOBr+OBneOBruOBvuOBvuWIqeeUqOOBmeOCi+OBk+OBqOOBjOOBp+OBjeOBvuOBmeOAgjwvQj48L0ZPTlQ+PGJyPjxicj48Qj48Rk9OVCBzaXplPSI1Ij7nqK7poZ7jgoLjg4fjgrbjgqTjg7PjgoLosYrlr4zjgafjgZnvvIHjgZPjgaHjgonjgYvjgonjgZTopqfjgY/jgaDjgZXjgYTjgII8L0ZPTlQ+PC9CPjxicj4=,VU5JU09O44CQ44Om44OL44K944Oz44CRIEVBMDEwMDcgMTIvMjIvNTIg44Ko44Kz44Or44OI44Km44Kp44O844Or44Op44Kk44OIIGVjb2x0IDEyVueFp+aYjiBMRUTvvJrlrrbjgaXjgY/jgorjgajlt6Xlhbfjga7jgYrlupfjgIDlrrbjg5XjgqHjg7PvvIE=,5a6244Gl44GP44KK44Go5bel5YW344Gu44GK5bqX5a6244OV44Kh44Oz77yB44Kk44Ko44OV44Kh44Oz5a62RkFOaWVmYW7jgq3jg6fjg7zjg6/jg4rjgrnjgr/jg4DjgqTjgrHjg7Pjg5fjg6njgrnjg4Hjg4Pjgq/jgrnmnYnnlLDjgqjjg7zjgrnmlrDljZTlkozjgr/jgqvjgrfjg6fjg7zmnbHkupzjgrPjg6vjgq/jgrPjg7zjg6/jgr3jg4vjgqLjgr/jgrjjg57jg6Hjgr/jg6vjg6/jg7zjgq/jg5XjgqHjg7zjgrnjg4jjg6rjg5Xjgqnjg7zjg6DjgrXjg7Pjg53jg7zjg6vjgrfjg63jgq/jg57jgrPjg4Xjg4HjgqLjg43jg4Pjgq/jgrnjg5fjg63jgrnjgr/jg7zml6Xnq4vlt6XmqZ9VTklTT07jgJDjg6bjg4vjgr3jg7PjgJEgRUEwMTAwNyAxMi8yMi81MiDjgqjjgrPjg6vjg4jjgqbjgqnjg7zjg6vjg6njgqTjg4ggZWNvbHQgMTJW54Wn5piOIExFRA==,44CM44K344Oz44OX44Or44Oi44OA44Oz44Gq44OH44K244Kk44Oz44GM5Lq65rCX44CN44CM6YCB5paZ54Sh5paZ44CN44CCVU5JU09O44CQ44Om44OL44K944Oz44CRIEVBMDEwMDcgMTIvMjIvNTIg44Ko44Kz44Or44OI44Km44Kp44O844Or44Op44Kk44OIIGVjb2x0IDEyVueFp+aYjiBMRUQ=[rn]
11-197524,aHR0cDovL3RzaG9wLnIxMHMuanAvaWVmYW4vY2FiaW5ldC91bmlzb24vdW5pc29uLTAwMDIuanBnP2ZpdGluPTcwMDo3MDA=,MTQ0MTQuNDAwMA==,,6Iqx44O744Ks44O844OH44Oz44O7RElZID4g44Ko44Kv44K544OG44Oq44Ki44O744Ks44O844OH44Oz44OV44Kh44OL44OB44Oj44O8ID4g44Op44Kk44OI44O744Kk44Or44Of44ON44O844K344On44OzID4g44Ks44O844OH44Oz44Op44Kk44OIIOODu+eBr+evrQ==,VU5JU09O44CQ44Om44OL44K944Oz44CRIEVBMDEwMDggMTIvMjIvNTIg44Ko44Kz44Or44OI44Km44Kp44O844Or44Op44Kk44OIIGVjb2x0IDEyVueFp+aYjiBMRUQ=,44CM44K344Oz44OX44Or44Oi44OA44Oz44Gq44OH44K244Kk44Oz44GM5Lq65rCX44CN44CM6YCB5paZ54Sh5paZ44CN,44Om44OL44K944OzIEVBMDEwMDggMTI8QlI+PEJSPjxCUj48SU1HIHNyYz0iaHR0cDovL2ltYWdlLnJha3V0ZW4uY28uanAvaWVmYW4vY2FiaW5ldC91bmlzb24tcy91bmlzb24tcy0wMDIuZ2lmIiBib3JkZXI9IjAiPjxicj48YnI+PElNRyBzcmM9Imh0dHA6Ly9pbWFnZS5yYWt1dGVuLmNvLmpwL2llZmFuL2NhYmluZXQvdW5pc29uLXMvdW5pc29uLXMtMDAxLTAwNC5naWYiIGJvcmRlcj0iMCI+PGJyPjxicj48Qj48Rk9OVCBzaXplPSI1Ij7jg7vjgqjjgrPjg6vjg4gxMlbjgrfjg6rjg7zjgrrjga7mlr3lt6Xmlrnms5XjgoTpg6jmnZDjgavjgaTjgYTjgabjga7jgZToqqzmmI7jg5rjg7zjgrjjgafjgZnjgII8L0ZPTlQ+PC9CPjxicj48YnI+PEZPTlQgc2l6ZT0iNCI+PEI+MTLvvLbjgqjjgrPjg6vjg4jjga/kvY7pm7vlnKfjgaDjgYvjgonjgIHpm7vmsJflt6Xkuovlo6vjga7lhY3oqLHjgYzjgarjgY/jgabjgoLmlr3lt6XjgZnjgovjgZPjgajjgYzjgafjgY3jgb7jgZnjgILjgb7jgZ9MRUTnhafmmI7jgarjga7jgafnnIHpm7vlipvjgafjgIHpm7vmsJfmlpnph5HjgpLmipHjgYjjgovjgZPjgajjgYzjgafjgY3jgb7jgZnjgIJBQzEwMFbjgrPjg7Pjgrvjg7Pjg4jjgavjgoLjgIHjg4jjg6njg7PjgrnjgpLkvb/nlKjjgZnjgovjgZPjgajjgadEQzEyVuOBq+WkieaPm+OBp+OBjeOAgeOCveODvOODqeODvOODkeODjeODq+OBp+eZuumbu+OBl+OBn+WgtOWQiOOBr+OBneOBruOBvuOBvuWIqeeUqOOBmeOCi+OBk+OBqOOBjOOBp+OBjeOBvuOBmeOAgjwvQj48L0ZPTlQ+PGJyPjxicj48Qj48Rk9OVCBzaXplPSI1Ij7nqK7poZ7jgoLjg4fjgrbjgqTjg7PjgoLosYrlr4zjgafjgZnvvIHjgZPjgaHjgonjgYvjgonjgZTopqfjgY/jgaDjgZXjgYTjgII8L0ZPTlQ+PC9CPjxicj4=,VU5JU09O44CQ44Om44OL44K944Oz44CRIEVBMDEwMDggMTIvMjIvNTIg44Ko44Kz44Or44OI44Km44Kp44O844Or44Op44Kk44OIIGVjb2x0IDEyVueFp+aYjiBMRUTvvJrlrrbjgaXjgY/jgorjgajlt6Xlhbfjga7jgYrlupfjgIDlrrbjg5XjgqHjg7PvvIE=,5a6244Gl44GP44KK44Go5bel5YW344Gu44GK5bqX5a6244OV44Kh44Oz77yB44Kk44Ko44OV44Kh44Oz5a62RkFOaWVmYW7jgq3jg6fjg7zjg6/jg4rjgrnjgr/jg4DjgqTjgrHjg7Pjg5fjg6njgrnjg4Hjg4Pjgq/jgrnmnYnnlLDjgqjjg7zjgrnmlrDljZTlkozjgr/jgqvjgrfjg6fjg7zmnbHkupzjgrPjg6vjgq/jgrPjg7zjg6/jgr3jg4vjgqLjgr/jgrjjg57jg6Hjgr/jg6vjg6/jg7zjgq/jg5XjgqHjg7zjgrnjg4jjg6rjg5Xjgqnjg7zjg6DjgrXjg7Pjg53jg7zjg6vjgrfjg63jgq/jg57jgrPjg4Xjg4HjgqLjg43jg4Pjgq/jgrnjg5fjg63jgrnjgr/jg7zml6Xnq4vlt6XmqZ9VTklTT07jgJDjg6bjg4vjgr3jg7PjgJEgRUEwMTAwOCAxMi8yMi81MiDjgqjjgrPjg6vjg4jjgqbjgqnjg7zjg6vjg6njgqTjg4ggZWNvbHQgMTJW54Wn5piOIExFRA==,44CM44K344Oz44OX44Or44Oi44OA44Oz44Gq44OH44K244Kk44Oz44GM5Lq65rCX44CN44CM6YCB5paZ54Sh5paZ44CN44CCVU5JU09O44CQ44Om44OL44K944Oz44CRIEVBMDEwMDggMTIvMjIvNTIg44Ko44Kz44Or44OI44Km44Kp44O844Or44Op44Kk44OIIGVjb2x0IDEyVueFp+aYjiBMRUQ=[rn]
11-197525,aHR0cDovL3RzaG9wLnIxMHMuanAvaWVmYW4vY2FiaW5ldC91bmlzb24vdW5pc29uLTAwMTEuanBnP2ZpdGluPTcwMDo3MDA=,MTQ5MzguNDAwMA==,,6Iqx44O744Ks44O844OH44Oz44O7RElZID4g44Ko44Kv44K544OG44Oq44Ki44O744Ks44O844OH44Oz44OV44Kh44OL44OB44Oj44O8ID4g44Op44Kk44OI44O744Kk44Or44Of44ON44O844K344On44OzID4g44Ks44O844OH44Oz44Op44Kk44OIIOODu+eBr+evrQ==,VU5JU09O44CQ44Om44OL44K944Oz44CRIEVBMDIwMDUgNzEvNzIvNzMvNzQg44Ko44Kz44Or44OI44Kw44Op44Oz44OJ44Op44Kk44OIIGVjb2x0IDEyVueFp+aYjiBMRUQ=,44CM44K344Oz44OX44Or44Oi44OA44Oz44Gq44OH44K244Kk44Oz44GM5Lq65rCX44CN44CM6YCB5paZ54Sh5paZ44CN,44Om44OL44K944OzIEVBMDIwMDUgNzE8QlI+PEJSPjxCUj48SU1HIHNyYz0iaHR0cDovL2ltYWdlLnJha3V0ZW4uY28uanAvaWVmYW4vY2FiaW5ldC91bmlzb24tcy91bmlzb24tcy0wMTEuZ2lmIiBib3JkZXI9IjAiPjxicj48YnI+PEI+PEZPTlQgc2l6ZT0iNSI+44O744Ko44Kz44Or44OIMTJW44K344Oq44O844K644Gu5pa95bel5pa55rOV44KE6YOo5p2Q44Gr44Gk44GE44Gm44Gu44GU6Kqs5piO44Oa44O844K444Gn44GZ44CCPC9GT05UPjwvQj48YnI+PGJyPjxJTUcgc3JjPSJodHRwOi8vaW1hZ2UucmFrdXRlbi5jby5qcC9pZWZhbi9jYWJpbmV0L3VuaXNvbi1zL3VuaXNvbi1zLTAwOC0wMTIuZ2lmIiBib3JkZXI9IjAiPjxicj48YnI+PEZPTlQgc2l6ZT0iNCI+PEI+MTLvvLbjgqjjgrPjg6vjg4jjga/kvY7pm7vlnKfjgaDjgYvjgonjgIHpm7vmsJflt6Xkuovlo6vjga7lhY3oqLHjgYzjgarjgY/jgabjgoLmlr3lt6XjgZnjgovjgZPjgajjgYzjgafjgY3jgb7jgZnjgILjgb7jgZ9MRUTnhafmmI7jgarjga7jgafnnIHpm7vlipvjgafjgIHpm7vmsJfmlpnph5HjgpLmipHjgYjjgovjgZPjgajjgYzjgafjgY3jgb7jgZnjgIJBQzEwMFbjgrPjg7Pjgrvjg7Pjg4jjgavjgoLjgIHjg4jjg6njg7PjgrnjgpLkvb/nlKjjgZnjgovjgZPjgajjgadEQzEyVuOBq+WkieaPm+OBp+OBjeOAgeOCveODvOODqeODvOODkeODjeODq+OBp+eZuumbu+OBl+OBn+WgtOWQiOOBr+OBneOBruOBvuOBvuWIqeeUqOOBmeOCi+OBk+OBqOOBjOOBp+OBjeOBvuOBmeOAgjwvQj48L0ZPTlQ+PGJyPjxicj48Qj48Rk9OVCBzaXplPSI1Ij7nqK7poZ7jgoLjg4fjgrbjgqTjg7PjgoLosYrlr4zjgafjgZnvvIHjgZPjgaHjgonjgYvjgonjgZTopqfjgY/jgaDjgZXjgYTjgII8L0ZPTlQ+PC9CPjxicj48YnI+PElNRyBzcmM9Imh0dHA6Ly9pbWFnZS5yYWt1dGVuLmNvLmpwL2llZmFuL2NhYmluZXQvdW5pc29uLXMvdW5pc29uLXMtMDEwLTAxMi5naWYiIGJvcmRlcj0iMCI+PGJyPg==,VU5JU09O44CQ44Om44OL44K944Oz44CRIEVBMDIwMDUgNzEvNzIvNzMvNzQg44Ko44Kz44Or44OI44Kw44Op44Oz44OJ44Op44Kk44OIIGVjb2x0IDEyVueFp+aYjiBMRUTvvJrlrrbjgaXjgY/jgorjgajlt6Xlhbfjga7jgYrlupfjgIDlrrbjg5XjgqHjg7PvvIE=,5a6244Gl44GP44KK44Go5bel5YW344Gu44GK5bqX5a6244OV44Kh44Oz77yB44Kk44Ko44OV44Kh44Oz5a62RkFOaWVmYW7jgq3jg6fjg7zjg6/jg4rjgrnjgr/jg4DjgqTjgrHjg7Pjg5fjg6njgrnjg4Hjg4Pjgq/jgrnmnYnnlLDjgqjjg7zjgrnmlrDljZTlkozjgr/jgqvjgrfjg6fjg7zmnbHkupzjgrPjg6vjgq/jgrPjg7zjg6/jgr3jg4vjgqLjgr/jgrjjg57jg6Hjgr/jg6vjg6/jg7zjgq/jg5XjgqHjg7zjgrnjg4jjg6rjg5Xjgqnjg7zjg6DjgrXjg7Pjg53jg7zjg6vjgrfjg63jgq/jg57jgrPjg4Xjg4HjgqLjg43jg4Pjgq/jgrnjg5fjg63jgrnjgr/jg7zml6Xnq4vlt6XmqZ9VTklTT07jgJDjg6bjg4vjgr3jg7PjgJEgRUEwMjAwNSA3MS83Mi83My83NCDjgqjjgrPjg6vjg4jjgrDjg6njg7Pjg4njg6njgqTjg4ggZWNvbHQgMTJW54Wn5piOIExFRA==,44CM44K344Oz44OX44Or44Oi44OA44Oz44Gq44OH44K244Kk44Oz44GM5Lq65rCX44CN44CM6YCB5paZ54Sh5paZ44CN44CCVU5JU09O44CQ44Om44OL44K944Oz44CRIEVBMDIwMDUgNzEvNzIvNzMvNzQg44Ko44Kz44Or44OI44Kw44Op44Oz44OJ44Op44Kk44OIIGVjb2x0IDEyVueFp+aYjiBMRUQ=[rn]
11-197526,aHR0cDovL3RzaG9wLnIxMHMuanAvaWVmYW4vY2FiaW5ldC91bmlzb24vdW5pc29uLTAwMDkuanBnP2ZpdGluPTcwMDo3MDA=,MTQyODMuMjAwMA==,,6Iqx44O744Ks44O844OH44Oz44O7RElZID4g44Ko44Kv44K544OG44Oq44Ki44O744Ks44O844OH44Oz44OV44Kh44OL44OB44Oj44O8ID4g44Op44Kk44OI44O744Kk44Or44Of44ON44O844K344On44OzID4g44Ks44O844OH44Oz44Op44Kk44OIIOODu+eBr+evrQ==,VU5JU09O44CQ44Om44OL44K944Oz44CRIEVBMDIwMDIgNjIg44Ko44Kz44Or44OI44Kw44Op44Oz44OJ44Op44Kk44OIIGVjb2x0IDEyVueFp+aYjiBMRUQ=,44CM44K344Oz44OX44Or44Oi44OA44Oz44Gq44OH44K244Kk44Oz44GM5Lq65rCX44CN44CM6YCB5paZ54Sh5paZ44CN,44Om44OL44K944OzIEVBMDIwMDIgNjI8QlI+PEJSPjxCUj48SU1HIHNyYz0iaHR0cDovL2ltYWdlLnJha3V0ZW4uY28uanAvaWVmYW4vY2FiaW5ldC91bmlzb24tcy91bmlzb24tcy0wMDkuZ2lmIiBib3JkZXI9IjAiPjxicj48YnI+PEI+PEZPTlQgc2l6ZT0iNSI+44O744Ko44Kz44Or44OIMTJW44K344Oq44O844K644Gu5pa95bel5pa55rOV44KE6YOo5p2Q44Gr44Gk44GE44Gm44Gu44GU6Kqs5piO44Oa44O844K444Gn44GZ44CCPC9GT05UPjwvQj48YnI+PGJyPjxJTUcgc3JjPSJodHRwOi8vaW1hZ2UucmFrdXRlbi5jby5qcC9pZWZhbi9jYWJpbmV0L3VuaXNvbi1zL3VuaXNvbi1zLTAwOC0wMTIuZ2lmIiBib3JkZXI9IjAiPjxicj48YnI+PEZPTlQgc2l6ZT0iNCI+PEI+MTLvvLbjgqjjgrPjg6vjg4jjga/kvY7pm7vlnKfjgaDjgYvjgonjgIHpm7vmsJflt6Xkuovlo6vjga7lhY3oqLHjgYzjgarjgY/jgabjgoLmlr3lt6XjgZnjgovjgZPjgajjgYzjgafjgY3jgb7jgZnjgILjgb7jgZ9MRUTnhafmmI7jgarjga7jgafnnIHpm7vlipvjgafjgIHpm7vmsJfmlpnph5HjgpLmipHjgYjjgovjgZPjgajjgYzjgafjgY3jgb7jgZnjgIJBQzEwMFbjgrPjg7Pjgrvjg7Pjg4jjgavjgoLjgIHjg4jjg6njg7PjgrnjgpLkvb/nlKjjgZnjgovjgZPjgajjgadEQzEyVuOBq+WkieaPm+OBp+OBjeOAgeOCveODvOODqeODvOODkeODjeODq+OBp+eZuumbu+OBl+OBn+WgtOWQiOOBr+OBneOBruOBvuOBvuWIqeeUqOOBmeOCi+OBk+OBqOOBjOOBp+OBjeOBvuOBmeOAgjwvQj48L0ZPTlQ+PGJyPjxicj48Qj48Rk9OVCBzaXplPSI1Ij7nqK7poZ7jgoLjg4fjgrbjgqTjg7PjgoLosYrlr4zjgafjgZnvvIHjgZPjgaHjgonjgYvjgonjgZTopqfjgY/jgaDjgZXjgYTjgII8L0ZPTlQ+PC9CPjxicj48YnI+PElNRyBzcmM9Imh0dHA6Ly9pbWFnZS5yYWt1dGVuLmNvLmpwL2llZmFuL2NhYmluZXQvdW5pc29uLXMvdW5pc29uLXMtMDA4LTAwOS5naWYiIGJvcmRlcj0iMCI+PGJyPg==,VU5JU09O44CQ44Om44OL44K944Oz44CRIEVBMDIwMDIgNjIg44Ko44Kz44Or44OI44Kw44Op44Oz44OJ44Op44Kk44OIIGVjb2x0IDEyVueFp+aYjiBMRUTvvJrlrrbjgaXjgY/jgorjgajlt6Xlhbfjga7jgYrlupfjgIDlrrbjg5XjgqHjg7PvvIE=,5a6244Gl44GP44KK44Go5bel5YW344Gu44GK5bqX5a6244OV44Kh44Oz77yB44Kk44Ko44OV44Kh44Oz5a62RkFOaWVmYW7jgq3jg6fjg7zjg6/jg4rjgrnjgr/jg4DjgqTjgrHjg7Pjg5fjg6njgrnjg4Hjg4Pjgq/jgrnmnYnnlLDjgqjjg7zjgrnmlrDljZTlkozjgr/jgqvjgrfjg6fjg7zmnbHkupzjgrPjg6vjgq/jgrPjg7zjg6/jgr3jg4vjgqLjgr/jgrjjg57jg6Hjgr/jg6vjg6/jg7zjgq/jg5XjgqHjg7zjgrnjg4jjg6rjg5Xjgqnjg7zjg6DjgrXjg7Pjg53jg7zjg6vjgrfjg63jgq/jg57jgrPjg4Xjg4HjgqLjg43jg4Pjgq/jgrnjg5fjg63jgrnjgr/jg7zml6Xnq4vlt6XmqZ9VTklTT07jgJDjg6bjg4vjgr3jg7PjgJEgRUEwMjAwMiA2MiDjgqjjgrPjg6vjg4jjgrDjg6njg7Pjg4njg6njgqTjg4ggZWNvbHQgMTJW54Wn5piOIExFRA==,44CM44K344Oz44OX44Or44Oi44OA44Oz44Gq44OH44K244Kk44Oz44GM5Lq65rCX44CN44CM6YCB5paZ54Sh5paZ44CN44CCVU5JU09O44CQ44Om44OL44K944Oz44CRIEVBMDIwMDIgNjIg44Ko44Kz44Or44OI44Kw44Op44Oz44OJ44Op44Kk44OIIGVjb2x0IDEyVueFp+aYjiBMRUQ=[rn]
11-197527,aHR0cDovL3RzaG9wLnIxMHMuanAvaWVmYW4vY2FiaW5ldC91bmlzb24vdW5pc29uLXMtMDAwMy5qcGc/Zml0aW49NzAwOjcwMA==,OTQzMS4yMDAw,,6Iqx44O744Ks44O844OH44Oz44O7RElZID4g44Ko44Kv44K544OG44Oq44Ki44O744Ks44O844OH44Oz44OV44Kh44OL44OB44Oj44O8ID4g44Op44Kk44OI44O744Kk44Or44Of44ON44O844K344On44OzID4g44Ks44O844OH44Oz44Op44Kk44OIIOODu+eBr+evrQ==,VU5JU09O44CQ44Om44OL44K944Oz44CRIEVBIDAxMDE3IDEyIOOCqOOCs+ODq+ODiOOCpuOCqeODvOODq+ODqeOCpOODiCDlkIToibIgTEVEIOS9jumbu+WcpzEyVg==,44CM6YCB5paZ54Sh5paZ44CNIOODpuODi+OCveODsyBFQSAwMTAxNyAxMg==,44Om44OL44K944OzIEVBIDAxMDE3IDEyPEJSPjxCUj48QlI+6Kmz57Sw44Gr44Gk44GE44Gm44Gv6L+944Gj44Gm44Ki44OD44OX6Ie044GX44G+44GZ44CC,VU5JU09O44CQ44Om44OL44K944Oz44CRIEVBIDAxMDE3IDEyIOOCqOOCs+ODq+ODiOOCpuOCqeODvOODq+ODqeOCpOODiCDlkIToibIgTEVEIOS9jumbu+WcpzEyVu+8muWutuOBpeOBj+OCiuOBqOW3peWFt+OBruOBiuW6l+OAgOWutuODleOCoeODs++8gQ==,5a6244Gl44GP44KK44Go5bel5YW344Gu44GK5bqX5a6244OV44Kh44Oz77yB44Kk44Ko44OV44Kh44Oz5a62RkFOaWVmYW7jgq3jg6fjg7zjg6/jg4rjgrnjgr/jg4DjgqTjgrHjg7Pjg5fjg6njgrnjg4Hjg4Pjgq/jgrnmnYnnlLDjgqjjg7zjgrnmlrDljZTlkozjgr/jgqvjgrfjg6fjg7zmnbHkupzjgrPjg6vjgq/jgrPjg7zjg6/jgr3jg4vjgqLjgr/jgrjjg57jg6Hjgr/jg6vjg6/jg7zjgq/jg5XjgqHjg7zjgrnjg4jjg6rjg5Xjgqnjg7zjg6DjgrXjg7Pjg53jg7zjg6vjgrfjg63jgq/jg57jgrPjg4Xjg4HjgqLjg43jg4Pjgq/jgrnjg5fjg63jgrnjgr/jg7zml6Xnq4vlt6XmqZ9VTklTT07jgJDjg6bjg4vjgr3jg7PjgJEgRUEgMDEwMTcgMTIg44Ko44Kz44Or44OI44Km44Kp44O844Or44Op44Kk44OIIOWQhOiJsiBMRUQg5L2O6Zu75ZynMTJW,44CM6YCB5paZ54Sh5paZ44CNIOODpuODi+OCveODsyBFQSAwMTAxNyAxMuOAglVOSVNPTuOAkOODpuODi+OCveODs+OAkSBFQSAwMTAxNyAxMiDjgqjjgrPjg6vjg4jjgqbjgqnjg7zjg6vjg6njgqTjg4gg5ZCE6ImyIExFRCDkvY7pm7vlnKcxMlY=[rn]
11-197528,aHR0cDovL3RzaG9wLnIxMHMuanAvaWVmYW4vY2FiaW5ldC91bmlzb24vdW5pc29uLTAwMDYuanBnP2ZpdGluPTcwMDo3MDA=,MTUwNjkuNjAwMA==,,6Iqx44O744Ks44O844OH44Oz44O7RElZID4g44Ko44Kv44K544OG44Oq44Ki44O744Ks44O844OH44Oz44OV44Kh44OL44OB44Oj44O8ID4g44Op44Kk44OI44O744Kk44Or44Of44ON44O844K344On44OzID4g44Ks44O844OH44Oz44Op44Kk44OIIOODu+eBr+evrQ==,VU5JU09O44CQ44Om44OL44K944Oz44CRIEVBMDEwMTIgMTEvRUEwMTAxMiAxMiDjgqjjgrPjg6vjg4jjg53jg7zjg6vjg6njgqTjg4ggZWNvbHQgMTJW54Wn5piOIExFRA==,44CM44K344Oz44OX44Or44Oi44OA44Oz44Gq44OH44K244Kk44Oz44GM5Lq65rCX44CN44CM6YCB5paZ54Sh5paZ44CN,44Om44OL44K944OzIEVBMDEwMTIgMTE8QlI+PEJSPjxCUj48SU1HIHNyYz0iaHR0cDovL2ltYWdlLnJha3V0ZW4uY28uanAvaWVmYW4vY2FiaW5ldC91bmlzb24tcy91bmlzb24tcy0wMDYuZ2lmIiBib3JkZXI9IjAiPjxicj48YnI+PEI+PEZPTlQgc2l6ZT0iNSI+44O744Ko44Kz44Or44OIMTJW44K344Oq44O844K644Gu5pa95bel5pa55rOV44KE6YOo5p2Q44Gr44Gk44GE44Gm44Gu44GU6Kqs5piO44Oa44O844K444Gn44GZ44CCPC9GT05UPjwvQj48YnI+PGJyPjxCPjxGT05UIHNpemU9IjUiPuODu+ODneODvOODq+ODqeOCpOODiOWwgueUqOWPsOW6pzwvRk9OVD48L0I+PGJyPjxicj48Rk9OVCBzaXplPSI0Ij48Qj4xMu+8tuOCqOOCs+ODq+ODiOOBr+S9jumbu+Wcp+OBoOOBi+OCieOAgembu+awl+W3peS6i+Wjq+OBruWFjeioseOBjOOBquOBj+OBpuOCguaWveW3peOBmeOCi+OBk+OBqOOBjOOBp+OBjeOBvuOBmeOAguOBvuOBn0xFROeFp+aYjuOBquOBruOBp+ecgembu+WKm+OBp+OAgembu+awl+aWmemHkeOCkuaKkeOBiOOCi+OBk+OBqOOBjOOBp+OBjeOBvuOBmeOAgkFDMTAwVuOCs+ODs+OCu+ODs+ODiOOBq+OCguOAgeODiOODqeODs+OCueOCkuS9v+eUqOOBmeOCi+OBk+OBqOOBp0RDMTJW44Gr5aSJ5o+b44Gn44GN44CB44K944O844Op44O844OR44ON44Or44Gn55m66Zu744GX44Gf5aC05ZCI44Gv44Gd44Gu44G+44G+5Yip55So44GZ44KL44GT44Go44GM44Gn44GN44G+44GZ44CCPC9CPjwvRk9OVD48YnI+PGJyPjxCPjxGT05UIHNpemU9IjUiPueorumhnuOCguODh+OCtuOCpOODs+OCguixiuWvjOOBp+OBme+8geOBk+OBoeOCieOBi+OCieOBlOimp+OBj+OBoOOBleOBhOOAgjwvRk9OVD48L0I+PGJyPg==,VU5JU09O44CQ44Om44OL44K944Oz44CRIEVBMDEwMTIgMTEvRUEwMTAxMiAxMiDjgqjjgrPjg6vjg4jjg53jg7zjg6vjg6njgqTjg4ggZWNvbHQgMTJW54Wn5piOIExFRO+8muWutuOBpeOBj+OCiuOBqOW3peWFt+OBruOBiuW6l+OAgOWutuODleOCoeODs++8gQ==,5a6244Gl44GP44KK44Go5bel5YW344Gu44GK5bqX5a6244OV44Kh44Oz77yB44Kk44Ko44OV44Kh44Oz5a62RkFOaWVmYW7jgq3jg6fjg7zjg6/jg4rjgrnjgr/jg4DjgqTjgrHjg7Pjg5fjg6njgrnjg4Hjg4Pjgq/jgrnmnYnnlLDjgqjjg7zjgrnmlrDljZTlkozjgr/jgqvjgrfjg6fjg7zmnbHkupzjgrPjg6vjgq/jgrPjg7zjg6/jgr3jg4vjgqLjgr/jgrjjg57jg6Hjgr/jg6vjg6/jg7zjgq/jg5XjgqHjg7zjgrnjg4jjg6rjg5Xjgqnjg7zjg6DjgrXjg7Pjg53jg7zjg6vjgrfjg63jgq/jg57jgrPjg4Xjg4HjgqLjg43jg4Pjgq/jgrnjg5fjg63jgrnjgr/jg7zml6Xnq4vlt6XmqZ9VTklTT07jgJDjg6bjg4vjgr3jg7PjgJEgRUEwMTAxMiAxMS9FQTAxMDEyIDEyIOOCqOOCs+ODq+ODiOODneODvOODq+ODqeOCpOODiCBlY29sdCAxMlbnhafmmI4gTEVE,44CM44K344Oz44OX44Or44Oi44OA44Oz44Gq44OH44K244Kk44Oz44GM5Lq65rCX44CN44CM6YCB5paZ54Sh5paZ44CN44CCVU5JU09O44CQ44Om44OL44K944Oz44CRIEVBMDEwMTIgMTEvRUEwMTAxMiAxMiDjgqjjgrPjg6vjg4jjg53jg7zjg6vjg6njgqTjg4ggZWNvbHQgMTJW54Wn5piOIExFRA==[rn]
11-197529,aHR0cDovL3RzaG9wLnIxMHMuanAvaWVmYW4vY2FiaW5ldC91bmlzb24vdW5pc29uLTAwMTIuanBnP2ZpdGluPTcwMDo3MDA=,MTI5NzIuODAwMA==,,6Iqx44O744Ks44O844OH44Oz44O7RElZID4g44Ko44Kv44K544OG44Oq44Ki44O744Ks44O844OH44Oz44OV44Kh44OL44OB44Oj44O8ID4g44Op44Kk44OI44O744Kk44Or44Of44ON44O844K344On44OzID4g44Ks44O844OH44Oz44Op44Kk44OIIOODu+eBr+evrQ==,VU5JU09O44CQ44Om44OL44K944Oz44CRIEVBMDIwMDQgNzEvNzIvNzMvNzQg44Ko44Kz44Or44OI44Kw44Op44Oz44OJ44Op44Kk44OIIGVjb2x0IDEyVueFp+aYjiBMRUQ=,44CM44K344Oz44OX44Or44Oi44OA44Oz44Gq44OH44K244Kk44Oz44GM5Lq65rCX44CN44CM6YCB5paZ54Sh5paZ44CN,44Om44OL44K944OzIEVBMDIwMDQgNzE8QlI+PEJSPjxCUj48SU1HIHNyYz0iaHR0cDovL2ltYWdlLnJha3V0ZW4uY28uanAvaWVmYW4vY2FiaW5ldC91bmlzb24tcy91bmlzb24tcy0wMTIuZ2lmIiBib3JkZXI9IjAiPjxicj48YnI+PEI+PEZPTlQgc2l6ZT0iNSI+44O744Ko44Kz44Or44OIMTJW44K344Oq44O844K644Gu5pa95bel5pa55rOV44KE6YOo5p2Q44Gr44Gk44GE44Gm44Gu44GU6Kqs5piO44Oa44O844K444Gn44GZ44CCPC9GT05UPjwvQj48YnI+PGJyPjxJTUcgc3JjPSJodHRwOi8vaW1hZ2UucmFrdXRlbi5jby5qcC9pZWZhbi9jYWJpbmV0L3VuaXNvbi1zL3VuaXNvbi1zLTAwOC0wMTIuZ2lmIiBib3JkZXI9IjAiPjxicj48YnI+PEZPTlQgc2l6ZT0iNCI+PEI+MTLvvLbjgqjjgrPjg6vjg4jjga/kvY7pm7vlnKfjgaDjgYvjgonjgIHpm7vmsJflt6Xkuovlo6vjga7lhY3oqLHjgYzjgarjgY/jgabjgoLmlr3lt6XjgZnjgovjgZPjgajjgYzjgafjgY3jgb7jgZnjgILjgb7jgZ9MRUTnhafmmI7jgarjga7jgafnnIHpm7vlipvjgafjgIHpm7vmsJfmlpnph5HjgpLmipHjgYjjgovjgZPjgajjgYzjgafjgY3jgb7jgZnjgIJBQzEwMFbjgrPjg7Pjgrvjg7Pjg4jjgavjgoLjgIHjg4jjg6njg7PjgrnjgpLkvb/nlKjjgZnjgovjgZPjgajjgadEQzEyVuOBq+WkieaPm+OBp+OBjeOAgeOCveODvOODqeODvOODkeODjeODq+OBp+eZuumbu+OBl+OBn+WgtOWQiOOBr+OBneOBruOBvuOBvuWIqeeUqOOBmeOCi+OBk+OBqOOBjOOBp+OBjeOBvuOBmeOAgjwvQj48L0ZPTlQ+PGJyPjxicj48Qj48Rk9OVCBzaXplPSI1Ij7nqK7poZ7jgoLjg4fjgrbjgqTjg7PjgoLosYrlr4zjgafjgZnvvIHjgZPjgaHjgonjgYvjgonjgZTopqfjgY/jgaDjgZXjgYTjgII8L0ZPTlQ+PC9CPjxicj48YnI+PElNRyBzcmM9Imh0dHA6Ly9pbWFnZS5yYWt1dGVuLmNvLmpwL2llZmFuL2NhYmluZXQvdW5pc29uLXMvdW5pc29uLXMtMDEwLTAxMi5naWYiIGJvcmRlcj0iMCI+PGJyPg==,VU5JU09O44CQ44Om44OL44K944Oz44CRIEVBMDIwMDQgNzEvNzIvNzMvNzQg44Ko44Kz44Or44OI44Kw44Op44Oz44OJ44Op44Kk44OIIGVjb2x0IDEyVueFp+aYjiBMRUTvvJrlrrbjgaXjgY/jgorjgajlt6Xlhbfjga7jgYrlupfjgIDlrrbjg5XjgqHjg7PvvIE=,5a6244Gl44GP44KK44Go5bel5YW344Gu44GK5bqX5a6244OV44Kh44Oz77yB44Kk44Ko44OV44Kh44Oz5a62RkFOaWVmYW7jgq3jg6fjg7zjg6/jg4rjgrnjgr/jg4DjgqTjgrHjg7Pjg5fjg6njgrnjg4Hjg4Pjgq/jgrnmnYnnlLDjgqjjg7zjgrnmlrDljZTlkozjgr/jgqvjgrfjg6fjg7zmnbHkupzjgrPjg6vjgq/jgrPjg7zjg6/jgr3jg4vjgqLjgr/jgrjjg57jg6Hjgr/jg6vjg6/jg7zjgq/jg5XjgqHjg7zjgrnjg4jjg6rjg5Xjgqnjg7zjg6DjgrXjg7Pjg53jg7zjg6vjgrfjg63jgq/jg57jgrPjg4Xjg4HjgqLjg43jg4Pjgq/jgrnjg5fjg63jgrnjgr/jg7zml6Xnq4vlt6XmqZ9VTklTT07jgJDjg6bjg4vjgr3jg7PjgJEgRUEwMjAwNCA3MS83Mi83My83NCDjgqjjgrPjg6vjg4jjgrDjg6njg7Pjg4njg6njgqTjg4ggZWNvbHQgMTJW54Wn5piOIExFRA==,44CM44K344Oz44OX44Or44Oi44OA44Oz44Gq44OH44K244Kk44Oz44GM5Lq65rCX44CN44CM6YCB5paZ54Sh5paZ44CN44CCVU5JU09O44CQ44Om44OL44K944Oz44CRIEVBMDIwMDQgNzEvNzIvNzMvNzQg44Ko44Kz44Or44OI44Kw44Op44Oz44OJ44Op44Kk44OIIGVjb2x0IDEyVueFp+aYjiBMRUQ=[rn]
11-197530,aHR0cDovL3RzaG9wLnIxMHMuanAvaWVmYW4vY2FiaW5ldC91bmlzb24vdW5pc29uLXMtMDAwNS5qcGc/Zml0aW49NzAwOjcwMA==,MTA2NDAuODAwMA==,,6Iqx44O744Ks44O844OH44Oz44O7RElZID4g44Ko44Kv44K544OG44Oq44Ki44O744Ks44O844OH44Oz44OV44Kh44OL44OB44Oj44O8ID4g44Op44Kk44OI44O744Kk44Or44Of44ON44O844K344On44OzID4g44Ks44O844OH44Oz44Op44Kk44OIIOODu+eBr+evrQ==,VU5JU09O44CQ44Om44OL44K944Oz44CRIEVBIDAxMDE4IDEyIOOCqOOCs+ODq+ODiOOCpuOCqeODvOODq+ODqeOCpOODiCBMRUQg5L2O6Zu75ZynMTJW,44CM6YCB5paZ54Sh5paZ44CNIOODpuODi+OCveODsyBFQSAwMTAxOCAxMg==,44Om44OL44K944OzIEVBIDAxMDE4IDEyPEJSPjxCUj48QlI+6Kmz57Sw44Gr44Gk44GE44Gm44Gv6L+944Gj44Gm44Ki44OD44OX6Ie044GX44G+44GZ44CC,VU5JU09O44CQ44Om44OL44K944Oz44CRIEVBIDAxMDE4IDEyIOOCqOOCs+ODq+ODiOOCpuOCqeODvOODq+ODqeOCpOODiCBMRUQg5L2O6Zu75ZynMTJW77ya5a6244Gl44GP44KK44Go5bel5YW344Gu44GK5bqX44CA5a6244OV44Kh44Oz77yB,5a6244Gl44GP44KK44Go5bel5YW344Gu44GK5bqX5a6244OV44Kh44Oz77yB44Kk44Ko44OV44Kh44Oz5a62RkFOaWVmYW7jgq3jg6fjg7zjg6/jg4rjgrnjgr/jg4DjgqTjgrHjg7Pjg5fjg6njgrnjg4Hjg4Pjgq/jgrnmnYnnlLDjgqjjg7zjgrnmlrDljZTlkozjgr/jgqvjgrfjg6fjg7zmnbHkupzjgrPjg6vjgq/jgrPjg7zjg6/jgr3jg4vjgqLjgr/jgrjjg57jg6Hjgr/jg6vjg6/jg7zjgq/jg5XjgqHjg7zjgrnjg4jjg6rjg5Xjgqnjg7zjg6DjgrXjg7Pjg53jg7zjg6vjgrfjg63jgq/jg57jgrPjg4Xjg4HjgqLjg43jg4Pjgq/jgrnjg5fjg63jgrnjgr/jg7zml6Xnq4vlt6XmqZ9VTklTT07jgJDjg6bjg4vjgr3jg7PjgJEgRUEgMDEwMTggMTIg44Ko44Kz44Or44OI44Km44Kp44O844Or44Op44Kk44OIIExFRCDkvY7pm7vlnKcxMlY=,44CM6YCB5paZ54Sh5paZ44CNIOODpuODi+OCveODsyBFQSAwMTAxOCAxMuOAglVOSVNPTuOAkOODpuODi+OCveODs+OAkSBFQSAwMTAxOCAxMiDjgqjjgrPjg6vjg4jjgqbjgqnjg7zjg6vjg6njgqTjg4ggTEVEIOS9jumbu+WcpzEyVg==[rn]
11-197531,aHR0cDovL3RzaG9wLnIxMHMuanAvaWVmYW4vY2FiaW5ldC91bmlzb24vdW5pc29uLXMtMDAwNi5qcGc/Zml0aW49NzAwOjcwMA==,MjIyNTIuODAwMA==,,6Iqx44O744Ks44O844OH44Oz44O7RElZID4g44Ko44Kv44K544OG44Oq44Ki44O744Ks44O844OH44Oz44OV44Kh44OL44OB44Oj44O8ID4g44Op44Kk44OI44O744Kk44Or44Of44ON44O844K344On44OzID4g44Ks44O844OH44Oz44Op44Kk44OIIOODu+eBr+evrQ==,VU5JU09O44CQ44Om44OL44K944Oz44CRIEVBIDAzMDA0IDEyIOOCqOOCs+ODq+ODiOODneODvOODq+ODqeOCpOODiCDlkIToibIgTEVEIOS9jumbu+WcpzEyVg==,44CM6YCB5paZ54Sh5paZ44CNIOODpuODi+OCveODsyBFQSAwMzAwNCAxMg==,44Om44OL44K944OzIEVBIDAzMDA0IDEyPEJSPjxCUj48QlI+6Kmz57Sw44Gr44Gk44GE44Gm44Gv6L+944Gj44Gm44Ki44OD44OX6Ie044GX44G+44GZ44CC,VU5JU09O44CQ44Om44OL44K944Oz44CRIEVBIDAzMDA0IDEyIOOCqOOCs+ODq+ODiOODneODvOODq+ODqeOCpOODiCDlkIToibIgTEVEIOS9jumbu+WcpzEyVu+8muWutuOBpeOBj+OCiuOBqOW3peWFt+OBruOBiuW6l+OAgOWutuODleOCoeODs++8gQ==,5a6244Gl44GP44KK44Go5bel5YW344Gu44GK5bqX5a6244OV44Kh44Oz77yB44Kk44Ko44OV44Kh44Oz5a62RkFOaWVmYW7jgq3jg6fjg7zjg6/jg4rjgrnjgr/jg4DjgqTjgrHjg7Pjg5fjg6njgrnjg4Hjg4Pjgq/jgrnmnYnnlLDjgqjjg7zjgrnmlrDljZTlkozjgr/jgqvjgrfjg6fjg7zmnbHkupzjgrPjg6vjgq/jgrPjg7zjg6/jgr3jg4vjgqLjgr/jgrjjg57jg6Hjgr/jg6vjg6/jg7zjgq/jg5XjgqHjg7zjgrnjg4jjg6rjg5Xjgqnjg7zjg6DjgrXjg7Pjg53jg7zjg6vjgrfjg63jgq/jg57jgrPjg4Xjg4HjgqLjg43jg4Pjgq/jgrnjg5fjg63jgrnjgr/jg7zml6Xnq4vlt6XmqZ9VTklTT07jgJDjg6bjg4vjgr3jg7PjgJEgRUEgMDMwMDQgMTIg44Ko44Kz44Or44OI44Od44O844Or44Op44Kk44OIIOWQhOiJsiBMRUQg5L2O6Zu75ZynMTJW,44CM6YCB5paZ54Sh5paZ44CNIOODpuODi+OCveODsyBFQSAwMzAwNCAxMuOAglVOSVNPTuOAkOODpuODi+OCveODs+OAkSBFQSAwMzAwNCAxMiDjgqjjgrPjg6vjg4jjg53jg7zjg6vjg6njgqTjg4gg5ZCE6ImyIExFRCDkvY7pm7vlnKcxMlY=[rn]
11-197532,aHR0cDovL3RzaG9wLnIxMHMuanAvaWVmYW4vY2FiaW5ldC91bmlzb24vdW5pc29uLTAwMTQuanBnP2ZpdGluPTcwMDo3MDA=,MTk1MjQuODAwMA==,,6Iqx44O744Ks44O844OH44Oz44O7RElZID4g44Ko44Kv44K544OG44Oq44Ki44O744Ks44O844OH44Oz44OV44Kh44OL44OB44Oj44O8ID4g44Op44Kk44OI44O744Kk44Or44Of44ON44O844K344On44OzID4g44Ks44O844OH44Oz44Op44Kk44OIIOODu+eBr+evrQ==,VU5JU09O44CQ44Om44OL44K944Oz44CRIEVBMDMwMDIgMTEvRUEwMzAwMiAxMiDjgqjjgrPjg6vjg4jjgrnjg53jg4Pjg4jjg6njgqTjg4ggZWNvbHQgMTJW54Wn5piOIExFRA==,44CM44K344Oz44OX44Or44Oi44OA44Oz44Gq44OH44K244Kk44Oz44GM5Lq65rCX44CN44CM6YCB5paZ54Sh5paZ44CN,44Om44OL44K944OzIEVBMDMwMDIgMTE8QlI+PEJSPjxCUj48SU1HIHNyYz0iaHR0cDovL2ltYWdlLnJha3V0ZW4uY28uanAvaWVmYW4vY2FiaW5ldC91bmlzb24tcy91bmlzb24tcy0wMTQuZ2lmIiBib3JkZXI9IjAiPjxicj48YnI+PElNRyBzcmM9Imh0dHA6Ly9pbWFnZS5yYWt1dGVuLmNvLmpwL2llZmFuL2NhYmluZXQvdW5pc29uLXMvdW5pc29uLXMtMDEzLTAxNi0xLmdpZiIgYm9yZGVyPSIwIj48YnI+PGJyPjxCPjxGT05UIHNpemU9IjUiPuODu+OCqOOCs+ODq+ODiDEyVuOCt+ODquODvOOCuuOBruaWveW3peaWueazleOChOmDqOadkOOBq+OBpOOBhOOBpuOBruOBlOiqrOaYjuODmuODvOOCuOOBp+OBmeOAgjwvRk9OVD48L0I+PGJyPjxicj48SU1HIHNyYz0iaHR0cDovL2ltYWdlLnJha3V0ZW4uY28uanAvaWVmYW4vY2FiaW5ldC91bmlzb24tcy91bmlzb24tcy0wMTMtMDE2LmdpZiIgYm9yZGVyPSIwIj48YnI+PGJyPjxGT05UIHNpemU9IjQiPjxCPjEy77y244Ko44Kz44Or44OI44Gv5L2O6Zu75Zyn44Gg44GL44KJ44CB6Zu75rCX5bel5LqL5aOr44Gu5YWN6Kix44GM44Gq44GP44Gm44KC5pa95bel44GZ44KL44GT44Go44GM44Gn44GN44G+44GZ44CC44G+44GfTEVE54Wn5piO44Gq44Gu44Gn55yB6Zu75Yqb44Gn44CB6Zu75rCX5paZ6YeR44KS5oqR44GI44KL44GT44Go44GM44Gn44GN44G+44GZ44CCQUMxMDBW44Kz44Oz44K744Oz44OI44Gr44KC44CB44OI44Op44Oz44K544KS5L2/55So44GZ44KL44GT44Go44GnREMxMlbjgavlpInmj5vjgafjgY3jgIHjgr3jg7zjg6njg7zjg5Hjg43jg6vjgafnmbrpm7vjgZfjgZ/loLTlkIjjga/jgZ3jga7jgb7jgb7liKnnlKjjgZnjgovjgZPjgajjgYzjgafjgY3jgb7jgZnjgII8L0I+PC9GT05UPjxicj48YnI+PEI+PEZPTlQgc2l6ZT0iNSI+56iu6aGe44KC44OH44K244Kk44Oz44KC6LGK5a+M44Gn44GZ77yB44GT44Gh44KJ44GL44KJ44GU6Kan44GP44Gg44GV44GE44CCPC9GT05UPjwvQj48YnI+,VU5JU09O44CQ44Om44OL44K944Oz44CRIEVBMDMwMDIgMTEvRUEwMzAwMiAxMiDjgqjjgrPjg6vjg4jjgrnjg53jg4Pjg4jjg6njgqTjg4ggZWNvbHQgMTJW54Wn5piOIExFRO+8muWutuOBpeOBj+OCiuOBqOW3peWFt+OBruOBiuW6l+OAgOWutuODleOCoeODs++8gQ==,5a6244Gl44GP44KK44Go5bel5YW344Gu44GK5bqX5a6244OV44Kh44Oz77yB44Kk44Ko44OV44Kh44Oz5a62RkFOaWVmYW7jgq3jg6fjg7zjg6/jg4rjgrnjgr/jg4DjgqTjgrHjg7Pjg5fjg6njgrnjg4Hjg4Pjgq/jgrnmnYnnlLDjgqjjg7zjgrnmlrDljZTlkozjgr/jgqvjgrfjg6fjg7zmnbHkupzjgrPjg6vjgq/jgrPjg7zjg6/jgr3jg4vjgqLjgr/jgrjjg57jg6Hjgr/jg6vjg6/jg7zjgq/jg5XjgqHjg7zjgrnjg4jjg6rjg5Xjgqnjg7zjg6DjgrXjg7Pjg53jg7zjg6vjgrfjg63jgq/jg57jgrPjg4Xjg4HjgqLjg43jg4Pjgq/jgrnjg5fjg63jgrnjgr/jg7zml6Xnq4vlt6XmqZ9VTklTT07jgJDjg6bjg4vjgr3jg7PjgJEgRUEwMzAwMiAxMS9FQTAzMDAyIDEyIOOCqOOCs+ODq+ODiOOCueODneODg+ODiOODqeOCpOODiCBlY29sdCAxMlbnhafmmI4gTEVE,44CM44K344Oz44OX44Or44Oi44OA44Oz44Gq44OH44K244Kk44Oz44GM5Lq65rCX44CN44CM6YCB5paZ54Sh5paZ44CN44CCVU5JU09O44CQ44Om44OL44K944Oz44CRIEVBMDMwMDIgMTEvRUEwMzAwMiAxMiDjgqjjgrPjg6vjg4jjgrnjg53jg4Pjg4jjg6njgqTjg4ggZWNvbHQgMTJW54Wn5piOIExFRA==[rn]
11-197533,aHR0cDovL3RzaG9wLnIxMHMuanAvYWRob2MvY2FiaW5ldC9zdGFpbmxlc3Nzb2xhcjEuanBnP2ZpdGluPTcwMDo3MDA=,Nzg0LjAwMDA=,,6Iqx44O744Ks44O844OH44Oz44O7RElZID4g44Ko44Kv44K544OG44Oq44Ki44O744Ks44O844OH44Oz44OV44Kh44OL44OB44Oj44O8ID4g44Op44Kk44OI44O744Kk44Or44Of44ON44O844K344On44OzID4g44Ks44O844OH44Oz44Op44Kk44OIIOODu+eBr+evrQ==,5aSq6Zm95YWJ44Gn5YWF6Zu744CB5pqX44GP44Gq44Gj44Gf44KJ6Ieq5YuV44Gn54K554Gv4piF44K544OG44Oz44Os44K544K944O844Op44O844Ks44O844OH44Oz44Op44Kk44OI4piF,,,5aSq6Zm95YWJ44Gn5YWF6Zu744CB5pqX44GP44Gq44Gj44Gf44KJ6Ieq5YuV44Gn54K554Gv4piF44K544OG44Oz44Os44K544K944O844Op44O844Ks44O844OH44Oz44Op44Kk44OI4piF77yaZS1hZGhvYw==,bXAz44OH44K444K/44Or44Kq44O844OH44Kj44Kq44Od44O844K/44OW44Or44Kq44O844OH44Kj44KqbWluaVNE44OH44K444K/44Or44OV44Kp44OI44OV44Os44O844OgYWRob2NtcDPjg5fjg6zjg7zjg6Tjg7xtcDPjg5fjg6zjgqTjg6Tjg7xlLWFkaG9j44Oi44O844K344On44Oz44OU44Kv44OB44Oj44O85aSq6Zm95YWJ44Gn5YWF6Zu744CB5pqX44GP44Gq44Gj44Gf44KJ6Ieq5YuV44Gn54K554Gv4piF44K544OG44Oz44Os44K544K944O844Op44O844Ks44O844OH44Oz44Op44Kk44OI4piF,5aSq6Zm95YWJ44Gn5YWF6Zu744CB5pqX44GP44Gq44Gj44Gf44KJ6Ieq5YuV44Gn54K554Gv4piF44K544OG44Oz44Os44K544K944O844Op44O844Ks44O844OH44Oz44Op44Kk44OI4piF[rn]
11-197534,aHR0cDovL3RzaG9wLnIxMHMuanAvc2VsZWN0cGx1cy9jYWJpbmV0L19yai9rYTMyMml0ZW0uanBnP2ZpdGluPTcwMDo3MDA=,Mzg0MC4wMDAw,,6Iqx44O744Ks44O844OH44Oz44O7RElZID4g44Ko44Kv44K544OG44Oq44Ki44O744Ks44O844OH44Oz44OV44Kh44OL44OB44Oj44O8ID4g44Op44Kk44OI44O744Kk44Or44Of44ON44O844K344On44OzID4g44Ks44O844OH44Oz44Op44Kk44OIIOODu+eBr+evrQ==,44K944O844Op44O844Op44Kk44OIKOODn+ODg+OCreODvCnlsI8gU0QtMjEzMS01MDDjgJDpgIHmlpnnhKHmlpnjgJEo44K944O844Op44O844Op44Kk44OI44CB5bGL5aSW5piO44CB44Ks44O844OH44Oz44Op44Kk44OI44CB44Ko44Kv44K544OG44Oq44Ki44CB6Ziy54qv44Kw44OD44K644CB44Of44OD44Kt44O844Oe44Km44K5KQ==,,44CQ44K144Kk44K644CR44Oo44KzMTEuNcOX5aWlMTHDl+mrmDM2Y23vvIjmna3lkKvjgoDvvIk8YnI+CuOAkOmHjemHj+OAkTM2MGc8YnI+CuOAkOadkOizquOAke+8iOacrOS9k++8ieODrOOCuOODs+OAge+8iOODqeOCpOODiOmDqOOAgeadre+8ie+8oe+8ou+8s+aoueiEgjxicj4K44CQ5LuV5qeY44CR5YWJ44K744Oz44K144O85LuY44GN44CB6Ziy6Zuo5LuV5qeYPGJyPgo8YnI+CuWPluWvhOOBm+OBrueCuuOAgeOBiuWxiuOBkeOBvuOBp+OBq++8kemAsemWk+WJjeW+jOmgguOBjeOBvuOBmeOAgjxicj4K5YyX5rW36YGT44O75rKW57iE44O76Zui5bO244Gv5Yil6YCU6YCB5paZ44GM5b+F6KaB44Go44Gq44KK44G+44GZ44CCPGJyPgo8YnI+Cjxicj7lnKjluqvmm7TmlrDjga7jgr/jgqTjg5/jg7PjgrDjgavjgojjgorjgIHlnKjluqvliIfjgozjga7loLTlkIjjga/jgq3jg6Pjg7Pjgrvjg6vjgZXjgZvjgabjgYTjgZ/jgaDjgY/lj6/og73mgKfjgYzjgYLjgorjgb7jgZnjgII8YnI+Cjxicj7jgZPjgaHjgonjga7llYblk4Hjga/jg6Hjg7zjgqvjg7znm7TpgIHlk4Hjga7jgZ/jgoHjgIHjg5fjg6zjgrzjg7Pjg4jnlKjjg6njg4Pjg5Tjg7PjgrDjga7lh7rmnaXjgarjgYTllYblk4HjgajjgarjgaPjgabjgYrjgorjgb7jgZnjgII8YnI+,44K944O844Op44O844Op44Kk44OIKOODn+ODg+OCreODvCnlsI8gU0QtMjEzMS01MDDjgJDpgIHmlpnnhKHmlpnjgJEo44K944O844Op44O844Op44Kk44OI44CB5bGL5aSW54Wn5piO44CB44Ks44O844OH44Oz44Op44Kk44OI44CB44Ko44Kv44K544OG44Oq44Ki44CB6Ziy54qv44Kw44OD44K644CB44Of44OD44Kt44O844Oe44Km44K5Ke+8muOCu+ODrOOCr+ODiOODl+ODqeOCuQ==,6YCa5L+h6LKp5aOy6YCa6LKp44K344On44OD44OU44Oz44Kw44Kq44Oz44Op44Kk44Oz44K344On44OD44OU44Oz44Kw6LK344GE54mp44OX44Os44K844Oz44OI44Ku44OV44OI6LSI44KK54mp6LSI562U5ZOB44GK5Lit5YWD44GK5q2z5pqu44GK6LK344GE5b6X44Gs44GE44GQ44KL44G/44K744Os44Kv44OI44OX44Op44K544Ks44O844OH44OL44Oz44Kw44OQ44OD44Kw5biD5Zuj44OV44Kh44OD44K344On44Oz576O5a655YGl5bq344OA44Kk44Ko44OD44OI44Kt44Oj44Op44Kv44K/44O844Kw44OD44K65a+d5YW36Ieq6Lui6LuK6KOc5q2j5LiL552A5pmC6KiI44Kk44Oz44OG44Oq44Ki44Kt44OD44OB44Oz55So5ZOB44Oe44OD44K144O844K444GL44Gw44KT6ZuR6LKo44K544Oq44Og44K944O844Op44O844Op44Kk44OIKOODn+ODg+OCreODvCnlsI8gU0QtMjEzMS01MDDjgJDpgIHmlpnnhKHmlpnjgJEo44K944O844Op44O844Op44Kk44OI44CB5bGL5aSW54Wn5piO44CB44Ks44O844OH44Oz44Op44Kk44OI44CB44Ko44Kv44K544OG44Oq44Ki44CB6Ziy54qv44Kw44OD44K644CB44Of44OD44Kt44O844Oe44Km44K5KQ==,5LuY5bGe44Gu5p2t44Gn5Zyf44Gr44GV44GZ5LqL44KC44Gn44GN44G+44GZ44CC44CC44K944O844Op44O844Op44Kk44OIKOODn+ODg+OCreODvCnlsI8gU0QtMjEzMS01MDDjgJDpgIHmlpnnhKHmlpnjgJEo44K944O844Op44O844Op44Kk44OI44CB5bGL5aSW54Wn5piO44CB44Ks44O844OH44Oz44Op44Kk44OI44CB44Ko44Kv44K544OG44Oq44Ki44CB6Ziy54qv44Kw44OD44K644CB44Of44OD44Kt44O844Oe44Km44K5KQ==[rn]
11-197535,aHR0cDovL3RzaG9wLnIxMHMuanAvc2VsZWN0cGx1cy9jYWJpbmV0L2RlbGl2NC8zNzcwMjI4LTEuanBnP2ZpdGluPTcwMDo3MDA=,MTg0MC4wMDAw,,6Iqx44O744Ks44O844OH44Oz44O7RElZID4g44Ko44Kv44K544OG44Oq44Ki44O744Ks44O844OH44Oz44OV44Kh44OL44OB44Oj44O8ID4g44Op44Kk44OI44O744Kk44Or44Of44ON44O844K344On44OzID4g44Ks44O844OH44Oz44Op44Kk44OIIOODu+eBr+evrQ==,44CQU09MQVIgTElHSFTjgJHjgr3jg7zjg6njg7zjg6njgqTjg4ggTFAtNDE3MUdS44CQ6YCB5paZ54Sh5paZ44CRKOOCveODvOODqeODvOODqeOCpOODiOOAgeWxi+WkluaYjuOAgeOCrOODvOODh+ODs+ODqeOCpOODiOOAgeOCqOOCr+OCueODhuODquOCouOAgemYsueKr+OCsOODg+OCuik=,,5aSq6Zm95YWJ6JOE6Zu75byP44Gn5YWJ44KL44OV44Op44Ov44O85Z6L44Op44Kk44OI44CCCueOhOmWouOBruOCqOODs+ODiOODqeODs+OCueOChCDjgqzjg7zjg4fjg4vjg7PjgrDjga7jgqLjgq/jgrvjgrXjg6rjg7zjgajjgZfjgabjgoLmnIDpgakKPGJyPgrjgrXjgqTjgrrjg7vlrrnph48g77yaKOe0hCnluYUyMcOX5aWl6KGMOMOX6auY44GVNjNjbTxicj4K57Sg5p2Q44O75oiQ5YiG77ya5Li75p2QOuODl+ODqeOCueODgeODg+OCr+OAgeODleODrOODvOODoDrjgq/jg6rjgrnjgr/jg6vjg7tMRUQgCgo8YnI+44CK44GT44Gu5ZWG5ZOB44Gu44GK5pSv5omV44GE44Gv5Luj6YeR5byV5o+b44GU5Yip55So44Gn44GN44G+44Gb44KT44CLPGJyPue1hOOBv+eri+OBpuOBr+OBiuWuouOBleOBvuOBq+OBpuOBiumhmOOBhOOBl+OBvuOBmeOAgjxicj7jgYrlsYrjgZHjgYwx6YCx6ZaT56iL5bqm44GL44GL44KL5aC05ZCI44GM44GC44KK44G+44GZ44CCCjxicj7ljJfmtbfpgZPjg7vmspbnuITjg7vpm6Lls7bjga/liKXpgJTpgIHmlpnjgYzlv4XopoE8YnI+5Zyo5bqr5pu05paw44Gu44K/44Kk44Of44Oz44Kw44Gr44KI44KK44CB5Zyo5bqr5YiH44KM44Gu5aC05ZCI44Gv44Kt44Oj44Oz44K744Or44GV44Gb44Gm44GE44Gf44Gg44GP5Y+v6IO95oCn44GM44GC44KK44G+44GZ44CCPGJyPgo8YnI+44GT44Gh44KJ44Gu5ZWG5ZOB44Gv44OX44Os44K844Oz44OI5YyF6KOF44KS44GK5Y+X44GR44Gn44GN44G+44Gb44KT44CCPGJyPuOBk+OBoeOCieOBruWVhuWTgeOBr+ODoeODvOOCq+ODvOebtOmAgeWTgeOBruOBn+OCgeOAgeODl+ODrOOCvOODs+ODiOeUqOODqeODg+ODlOODs+OCsOOBruWHuuadpeOBquOBhOWVhuWTgeOBqOOBquOBo+OBpuOBiuOCiuOBvuOBmeOAgjxicj4=,44CQU09MQVIgTElHSFTjgJHjgr3jg7zjg6njg7zjg6njgqTjg4ggTFAtNDE3MUdS44CQ6YCB5paZ54Sh5paZ44CRKOOCveODvOODqeODvOODqeOCpOODiOOAgeWxi+WklueFp+aYjuOAgeOCrOODvOODh+ODs+ODqeOCpOODiOOAgeOCqOOCr+OCueODhuODquOCouOAgemYsueKr+OCsOODg+OCuinvvJrjgrvjg6zjgq/jg4jjg5fjg6njgrk=,6YCa5L+h6LKp5aOy6YCa6LKp44K344On44OD44OU44Oz44Kw44Kq44Oz44Op44Kk44Oz44K344On44OD44OU44Oz44Kw6LK344GE54mp44OX44Os44K844Oz44OI44Ku44OV44OI6LSI44KK54mp6LSI562U5ZOB44GK5Lit5YWD44GK5q2z5pqu44GK6LK344GE5b6X44Gs44GE44GQ44KL44G/44K744Os44Kv44OI44OX44Op44K544Ks44O844OH44OL44Oz44Kw44OQ44OD44Kw5biD5Zuj44OV44Kh44OD44K344On44Oz576O5a655YGl5bq344OA44Kk44Ko44OD44OI44Kt44Oj44Op44Kv44K/44O844Kw44OD44K65a+d5YW36Ieq6Lui6LuK6KOc5q2j5LiL552A5pmC6KiI44Kk44Oz44OG44Oq44Ki44Kt44OD44OB44Oz55So5ZOB44Oe44OD44K144O844K444GL44Gw44KT6ZuR6LKo44K544Oq44Og44CQU09MQVIgTElHSFTjgJHjgr3jg7zjg6njg7zjg6njgqTjg4ggTFAtNDE3MUdS44CQ6YCB5paZ54Sh5paZ44CRKOOCveODvOODqeODvOODqeOCpOODiOOAgeWxi+WklueFp+aYjuOAgeOCrOODvOODh+ODs+ODqeOCpOODiOOAgeOCqOOCr+OCueODhuODquOCouOAgemYsueKr+OCsOODg+OCuik=,5aSq6Zm95YWJ6JOE6Zu75byP44Gn5YWJ44KL44OV44Op44Ov44O85Z6L44Op44Kk44OIIeOAguOAkFNPTEFSIExJR0hU44CR44K944O844Op44O844Op44Kk44OIIExQLTQxNzFHUuOAkOmAgeaWmeeEoeaWmeOAkSjjgr3jg7zjg6njg7zjg6njgqTjg4jjgIHlsYvlpJbnhafmmI7jgIHjgqzjg7zjg4fjg7Pjg6njgqTjg4jjgIHjgqjjgq/jgrnjg4bjg6rjgqLjgIHpmLLniq/jgrDjg4Pjgrop[rn]
11-197536,aHR0cDovL3RzaG9wLnIxMHMuanAvc2VsZWN0cGx1cy9jYWJpbmV0L2NvbW8xOS8xMDMxNjAzLmpwZz9maXRpbj03MDA6NzAw,NDc4NC4wMDAw,,6Iqx44O744Ks44O844OH44Oz44O7RElZID4g44Ko44Kv44K544OG44Oq44Ki44O744Ks44O844OH44Oz44OV44Kh44OL44OB44Oj44O8ID4g44Op44Kk44OI44O744Kk44Or44Of44ON44O844K344On44OzID4g44Ks44O844OH44Oz44Op44Kk44OIIOODu+eBr+evrQ==,44K744OI44Kv44Op44OV44OI44CA5Lq65oSf44K744Oz44K144O844Op44Kk44OIKERPRynjgIBTUi01MDAyLTYwMCDjgJDpgIHmlpnnhKHmlpnjgJEo44K744Oz44K144O844Op44Kk44OI44CB5piO44CB44Op44Kk44OI44CB6Ziy54qv44Kw44OD44K677yJ,,5Lq644Gu5YuV44GN44KS5oSf55+l44GX44Gm6Ieq5YuV44Gn54K554Gv44CB5raI54Gv44GZ44KLTEVE44K744Oz44K144O844Op44Kk44OI44CC44Kz44Oz44K744Oz44OI44GE44KJ44Ga44Gu572u44GP44Gg44GR44GnT0vjgIIgPGJyPue0oOadkOODu+adkOizqjrmnKzkvZM644Os44K444Oz44Op44Kk44OI6YOoOuODneODquOCueODgeODrOODs+aoueiEgiDllYblk4HjgrXjgqTjgro65bmFMTnDl+WlpeihjDEyw5fpq5jjgZUxNy41Y20g6YeN6YePOjg1MGcg5LuV5qeYOuS6uuaEn+OCu+ODs+OCteODvOS7mOOBjeWNmOWbm+mbu+axoDPmnKzkvb/nlKgo5Yil5aOyKSDku5jlsZ7lk4E657WE56uL6Kqs5piO5pu45L+d6Ki85pu4KOS/neiovOacn+mWkzrjgYrosrfjgYTkuIrjgZLlvowx5bm06ZaTKTxicj7lj5bjgorlr4TjgZvllYblk4Hjga7jgZ/jgoHjgIHjgYrlsYrjgZHjgYwx6YCx6ZaT56iL5bqm44GL44GL44KL5aC05ZCI44GM44GC44KK44G+44GZ44CCPGJyPuWMl+a1t+mBk+ODu+aylue4hOODu+mbouWztuOBr+WIpemAlOmAgeaWmeOBjOW/heimgeOBp+OBmeOAgjxicj7lnKjluqvmm7TmlrDjga7jgr/jgqTjg5/jg7PjgrDjgavjgojjgorjgIHlnKjluqvliIfjgozjga7loLTlkIjjga/jgq3jg6Pjg7Pjgrvjg6vjgZXjgZvjgabjgYTjgZ/jgaDjgY/lj6/og73mgKfjgYzjgYLjgorjgb7jgZnjgII8YnI+44GT44Gh44KJ44Gu5ZWG5ZOB44Gv44Oh44O844Kr44O855u06YCB5ZOB44Gu44Gf44KB44CB44OX44Os44K844Oz44OI55So44Op44OD44OU44Oz44Kw44Gu5Ye65p2l44Gq44GE5ZWG5ZOB44Go44Gq44Gj44Gm44GK44KK44G+44GZ44CCPGJyPg==,44K744OI44Kv44Op44OV44OI44CA5Lq65oSf44K744Oz44K144O844Op44Kk44OIKERPRynjgIBTUi01MDAyLTYwMCDjgJDpgIHmlpnnhKHmlpnjgJEo44K744Oz44K144O844Op44Kk44OI44CB54Wn5piO44CB44Op44Kk44OI44CB6Ziy54qv44Kw44OD44K677yJ77ya44K744Os44Kv44OI44OX44Op44K5,6YCa5L+h6LKp5aOy6YCa6LKp44K344On44OD44OU44Oz44Kw44Kq44Oz44Op44Kk44Oz44K344On44OD44OU44Oz44Kw6LK344GE54mp44OX44Os44K844Oz44OI44Ku44OV44OI6LSI44KK54mp6LSI562U5ZOB44GK5Lit5YWD44GK5q2z5pqu44GK6LK344GE5b6X44Gs44GE44GQ44KL44G/44K744Os44Kv44OI44OX44Op44K544Ks44O844OH44OL44Oz44Kw44OQ44OD44Kw5biD5Zuj44OV44Kh44OD44K344On44Oz576O5a655YGl5bq344OA44Kk44Ko44OD44OI44Kt44Oj44Op44Kv44K/44O844Kw44OD44K65a+d5YW36Ieq6Lui6LuK6KOc5q2j5LiL552A5pmC6KiI44Kk44Oz44OG44Oq44Ki44Kt44OD44OB44Oz55So5ZOB44Oe44OD44K144O844K444GL44Gw44KT6ZuR6LKo44K544Oq44Og44K744OI44Kv44Op44OV44OI44CA5Lq65oSf44K744Oz44K144O844Op44Kk44OIKERPRynjgIBTUi01MDAyLTYwMCDjgJDpgIHmlpnnhKHmlpnjgJEo44K744Oz44K144O844Op44Kk44OI44CB54Wn5piO44CB44Op44Kk44OI44CB6Ziy54qv44Kw44OD44K677yJ,5Lq644GM6L+R44Gl44GP44Go44G144KP44Gj44Go54K554GvIeOAguOCu+ODiOOCr+ODqeODleODiOOAgOS6uuaEn+OCu+ODs+OCteODvOODqeOCpOODiChET0cp44CAU1ItNTAwMi02MDAg44CQ6YCB5paZ54Sh5paZ44CRKOOCu+ODs+OCteODvOODqeOCpOODiOOAgeeFp+aYjuOAgeODqeOCpOODiOOAgemYsueKr+OCsOODg+OCuu+8iQ==[rn]
11-197537,aHR0cDovL3RzaG9wLnIxMHMuanAvc2VsZWN0cGx1cy9jYWJpbmV0L2dvdG8xL3MtNzg4OTY0N18wLmpwZz9maXRpbj03MDA6NzAw,MjAwMC4wMDAw,,6Iqx44O744Ks44O844OH44Oz44O7RElZID4g44Ko44Kv44K544OG44Oq44Ki44O744Ks44O844OH44Oz44OV44Kh44OL44OB44Oj44O8ID4g44Op44Kk44OI44O744Kk44Or44Of44ON44O844K344On44OzID4g44Ks44O844OH44Oz44Op44Kk44OIIOODu+eBr+evrQ==,TEVE5oSf55+l44K744Oz44K144O844Op44Kk44OI44CQ6YCB5paZ54Sh5paZ44CRICjjgrvjg7PjgrXjg7zjg6njgqTjg4jjgIHmmI7jgIHjg6njgqTjg4jjgIHpmLLniq/jgrDjg4PjgrrvvIk=,,4peP546E6Zai44KE5buK5LiL44CB6ZqO5q6144CB44Kv44Ot44O844K844OD44OI5YaF44Gq44Gp44Gn5aSn5aSJ5L6/5Yip77yBPGJyPgril4/jgrvjg7PjgrXjg7zmhJ/nn6XjgafntIQyMOenkumWk+eCueeBr+W+jOOBq+iHquWLlea2iOeBr+OBl+OBpuOBj+OCjOOCi+ecgeOCqOODjeioreioiO+8gTxicj4K4peP5pqX44GP44Gm54Wn5piO44K544Kk44OD44OB44GM44KP44GL44KK44Gl44KJ44GE44O744O744O744Go44GE44GG5aC05omA44Gn5b2544Gr56uL44Gk44K744Oz44K144O85oSf55+l54K554Gv5pa55byP44GuTEVE44Op44Kk44OI44Gn44GZ44CCPGJyPgril4/jgrPjg7Pjg5Hjgq/jg4jjgarlpKfjgY3jgZXjgarjgYzjgonjgIHot53pm6Ljga/ljYrlvoTntIQ1772N44CB6KeS5bqm56+E5Zuy44GvOTDluqbjgajmhJ/nn6Xnr4Tlm7LjgYzmr5TovIPnmoTluoPjgY/jgIHkurrjga7li5XjgY3jgYzjgYLjgovjgajngrnnga/jgZfjgabjgY/jgozjgb7jgZnjgII8YnI+CuKXj+eCueeBr+OBl+OBn+ODqeOCpOODiOOBr+OAgee0hDIw56eS5b6M44Gr6Ieq5YuV44Gn5raI54Gv44GX44G+44GZ44CCPGJyPgril4/mmI7jgovjgZXjgrvjg7PjgrXjg7zjgoLlhoXolLXjgZfjgabjgb7jgZnjga7jgafjgIHml6XkuK3jgoTnhafmmI7jgafmmI7jgovjgYTloLTmiYDjgafjga/kuI3nlKjmhI/jgavngrnnga/jgZnjgovjgZPjgajjgYzjgarjgYTnnIHjgqjjg43oqK3oqIjjgII8YnI+CuKXj+OCquOCueOCueODoeOBruioree9ruWgtOaJgOOBr+OAgeW4sOWuheaZguOBruaal+OBhOeOhOmWouWGheOAgeW7iuS4i+OAgemajuauteOAgeOCr+ODreODvOOCvOODg+ODiOOChOe0jeaIuOOAgeWAieW6q+OChOOCrOODrOODvOOCuOOBquOBqeOBq+OAgjxicj4K4peP6Zuo44Gu44GL44GL44KJ44Gq44GE5aC05omA44Gq44KJ44Gp44GT44Gn44KC44GK5L2/44GE44GE44Gf44Gg44GR44G+44GZ44CCPGJyPgril49MRUTjga/lhKrjgZfjgYTjgqrjg6zjg7PjgrjoibLjgIIgPGJyPgo8YnI+CuKXj+OCteOCpOOCuu+8mjcuOMOXNi43w5c0LjZjbTxicj4K4peP6YeN6YeP77ya77yI57SE77yJNjVnPGJyPgril4/mnZDos6rvvJrmnKzkvZPvvI9BQlPmqLnohILjgIDjg6njgqTjg4jjgqvjg5Djg7zvvI9QUOaoueiEguOAgOeZuuWFieeQg++8j0xFROeQg8OXMzxicj4K4peP6Zu75rqQ77ya5Y2Y5LiJ5Lm+6Zu75rGgM+acrOS9v+eUqO+8iOWIpeWjsu+8iTxicj4K4peP5b6F5qmf5pmC6ZaT77ya57SENOODtuaciO+8iOOCouODq+OCq+ODquS5vumbu+axoOS9v+eUqOaZgu+8iTxicj4K4peP4oC76Ziy5rC044K/44Kk44OX44Gn44Gv44Gq44GE44Gu44Gn6Zuo44Gu44GL44GL44KJ44Gq44GE5bGL5YaF44Gr6Kit572u44GX44Gm5LiL44GV44GE44CCPGJyPgo8YnI+CuS7o+mHkeW8leaPm+OBr+OBlOWIqeeUqOmgguOBkeOBvuOBm+OCk+OAgjxicj4K5YyX5rW36YGT44O75rKW57iE44O76Zui5bO244Gv5Yil6YCU6YCB5paZ44GM5b+F6KaB44Go44Gq44KK44G+44GZ44CCPGJyPgrlnKjluqvmm7TmlrDjga7jgr/jgqTjg5/jg7PjgrDjgavjgojjgorjgIHlnKjluqvliIfjgozjga7loLTlkIjjga/jgq3jg6Pjg7Pjgrvjg6vjgZXjgZvjgabjgYTjgZ/jgaDjgY/lj6/og73mgKfjgYzjgYLjgorjgb7jgZnjgII8YnI+Cjxicj7jgZPjgaHjgonjga7llYblk4Hjga/jg5fjg6zjgrzjg7Pjg4jljIXoo4XjgpLjgYrlj5fjgZHjgafjgY3jgb7jgZvjgpPjgII8YnI+44GT44Gh44KJ44Gu5ZWG5ZOB44Gv44Oh44O844Kr44O855u06YCB5ZOB44Gu44Gf44KB44CB44OX44Os44K844Oz44OI55So44Op44OD44OU44Oz44Kw44Gu5Ye65p2l44Gq44GE5ZWG5ZOB44Go44Gq44Gj44Gm44GK44KK44G+44GZ44CCPGJyPg==,TEVE5oSf55+l44K744Oz44K144O844Op44Kk44OI44CQ6YCB5paZ54Sh5paZ44CRICjjgrvjg7PjgrXjg7zjg6njgqTjg4jjgIHnhafmmI7jgIHjg6njgqTjg4jjgIHpmLLniq/jgrDjg4PjgrrvvInvvJrjgrvjg6zjgq/jg4jjg5fjg6njgrk=,6YCa5L+h6LKp5aOy6YCa6LKp44K344On44OD44OU44Oz44Kw44Kq44Oz44Op44Kk44Oz44K344On44OD44OU44Oz44Kw6LK344GE54mp44OX44Os44K844Oz44OI44Ku44OV44OI6LSI44KK54mp6LSI562U5ZOB44GK5Lit5YWD44GK5q2z5pqu44GK6LK344GE5b6X44Gs44GE44GQ44KL44G/44K744Os44Kv44OI44OX44Op44K544Ks44O844OH44OL44Oz44Kw44OQ44OD44Kw5biD5Zuj44OV44Kh44OD44K344On44Oz576O5a655YGl5bq344OA44Kk44Ko44OD44OI44Kt44Oj44Op44Kv44K/44O844Kw44OD44K65a+d5YW36Ieq6Lui6LuK6KOc5q2j5LiL552A5pmC6KiI44Kk44Oz44OG44Oq44Ki44Kt44OD44OB44Oz55So5ZOB44Oe44OD44K144O844K444GL44Gw44KT6ZuR6LKo44K544Oq44OgTEVE5oSf55+l44K744Oz44K144O844Op44Kk44OI44CQ6YCB5paZ54Sh5paZ44CRICjjgrvjg7PjgrXjg7zjg6njgqTjg4jjgIHnhafmmI7jgIHjg6njgqTjg4jjgIHpmLLniq/jgrDjg4PjgrrvvIk=,5Lq644Gu5YuV44GN44Gr5oSf55+l44GX44Gm54K554Gv44GZ44KLTEVE44Op44Kk44OI77yB44CCTEVE5oSf55+l44K744Oz44K144O844Op44Kk44OI44CQ6YCB5paZ54Sh5paZ44CRICjjgrvjg7PjgrXjg7zjg6njgqTjg4jjgIHnhafmmI7jgIHjg6njgqTjg4jjgIHpmLLniq/jgrDjg4PjgrrvvIk=[rn]
11-197538,aHR0cDovL3RzaG9wLnIxMHMuanAvaGFud2EtZXgvY2FiaW5ldC9uZXctc2VjcnR5LzQ5ODI0Ni0xLmdpZj9maXRpbj03MDA6NzAw,NDgwLjAwMDA=,,6Iqx44O744Ks44O844OH44Oz44O7RElZID4g44Ko44Kv44K544OG44Oq44Ki44O744Ks44O844OH44Oz44OV44Kh44OL44OB44Oj44O8ID4g44Op44Kk44OI44O744Kk44Or44Of44ON44O844K344On44OzID4g44Ks44O844OH44Oz44Op44Kk44OIIOODu+eBr+evrQ==,44K944O844Op44O844Op44Kk44OI55So5Lqk5o+b5YWF6Zu75rGg44CA5Y2YNOWei++8iDLmnKzntYTvvIkv44OL44OD44Kx44Or5rC057Sg6Zu75rGgL+ODoeODvOODq+S+v+WvvuW/nOWPr+iDvS/ku6Pph5HlvJXmj5vkuI3lj68v44K944O844Op44O844Op44Kk44OIL1JDUC8wNVAwM1NlcDE2L+OAkEhMU19EVeOAkQ==,,44OL44OD44Kx44Or5rC057Sg6Zu75rGg44Gv5LiA6Iis55qE44Gr44CB44OR44OD44OG44Oq44O85YaF44Gr6Zu75rCX44GM5q6L44Gj44Gm44GE44KL54q25oWL44Gn44Gv6L+95Yqg5YWF6Zu744GV44KM44Gr44GP44GE54m55oCn77yI44Oh44Oi44Oq44O85Yq55p6c77yJ44GM44GC44KK44G+44GZ44CC54K554Gv5pmC6ZaT44GM55+t44GP44Gq44Gj44Gf5aC05ZCI44Gv44CB44OQ44OD44OG44Oq44O85YaF44Gu6Zu75rCX44KS5L2/44GE5YiH44Gj44Gf5b6M44CB44OV44Or5YWF6Zu744GX44Gm44GP44Gg44GV44GE44CCPEJSPgo8QlI+CuKWoOe0jeacn++8muODoeODvOODq+S+v+OBp+OBruOBiuWxiuOBkeOBruWgtOWQiOOBlOazqOaWh+OBi+OCieOBiuWxiuOBkeOBvuOBp+e0hDHpgLHplpPliY3lvozjgYrmmYLplpPjgYzjgYvjgYvjgovloLTlkIjjgYzjgZTjgZbjgYTjgb7jgZnjgILjgYrlsYrjga/jg53jgrnjg4jjgbjmipXlh73jgZXjgozjgb7jgZnjgILvvIjlj5fpoJjljbDkuI3opoHvvInpgJrluLjpgIHmlpnjgafjgZTms6jmlofjga7loLTlkIjjga/jgZTms6jmlofnorroqo3lvowy772eM+WWtualreaXpeeoi+OBp+OBiuWxiuOBkeWPr+iDveOBp+OBmeOAgjxCUj4K4pag44Oh44O844Or5L6/44GU5biM5pyb44Gu44GK5a6i5qeY44G4PEJSPgrjg6Hjg7zjg6vkvr/jgafjga7nmbrpgIHjgpLjgZTluIzmnJvjgZXjgozjgovmlrnjga/jgIHjgZTms6jmlofmmYLlgpnogIPmrITjgavjgJDjg6Hjg7zjg6vkvr/luIzmnJvjgJHmmI7oqJjpoILjgY3jgb7jgZnjgojjgYbjgYrpoZjjgYToh7TjgZfjgb7jgZnjgIIK44Oh44O844Or5L6/5biM5pyb5pyq6KiY5YWl44Gu44GK5a6i5qeY44G444Gv6YCa5bi444Gu5a6F6YWN5L6/44Gn44Gu44GK5bGK44GR44Go44Gq44KK44G+44GZ44Gu44Gn44CB44GU5rOo5oSP44GP44Gg44GV44GE44CCPEJSPgrigLvjg6Hjg7zjg6vkvr/lr77osaHllYblk4HjgajlkIzmmYLjgavpgJrluLjphY3pgIHlk4HjgpLjgZTms6jmlofjgYTjgZ/jgaDjgYTjgZ/loLTlkIjjga/jgIHpgJrluLjpgIHmlpnjgYznmbrnlJ/jgZfjgb7jgZnjgII=,44K944O844Op44O844Op44Kk44OI55So5Lqk5o+b5YWF6Zu75rGg44CA5Y2YNOWei++8iDLmnKzntYTvvIkv44OL44OD44Kx44Or5rC057Sg6Zu75rGgL+ODoeODvOODq+S+v+WvvuW/nOWPr+iDvS/ku6Pph5HlvJXmj5vkuI3lj68v44K944O844Op44O844Op44Kk44OIL1JDUC8wNVAwM1NlcDE2L+OAkEhMU19EVeOAke+8mkRFUE9T77yI44OH44Od44K577yJ,6YCa5L+h6LKp5aOy6YCa6LKp44K344On44OD44OU44Oz44Kw44Kq44Oz44Op44Kk44Oz44K344On44OD44OU44Oz44Kw6LK344GE54mp44OX44Os44K844Oz44OI44Ku44OV44OI6LSI44KK54mp6LSI562U5ZOB44GK5Lit5YWD44GK5q2z5pqu44GK6LK344GE5b6X6Iqx44Ks44O844OH44OzRElZ44OP44Oz44Ov44Ob44O844Og44K644Ks44O844OH44OL44Oz44Kw5ZyS6Iq45bqt44Ko44Kv44K544OG44Oq44Ki44Kk44Or44Of44ON44O844K344On44Oz44Ks44O844OH44Oz44OV44Kh44OL44OB44Oj44O844Ks44O844OH44Oz44Op44Kk44OI5qSN5pyo6Ymi44K944O844Op44O844Op44Kk44OI5a625bqt6I+c5ZyS44Km44OD44OJ44OH44OD44Kt5pel44KI44GR44OQ44Op6IuX44Ki44Os44Oz44K444Oh44Oz44OI44OZ44Op44Oz44OA44Oq44OV44Kp44O844Og44K944O844Op44O844Op44Kk44OI55So5Lqk5o+b5YWF6Zu75rGg44CA5Y2YNOWei++8iDLmnKzntYTvvIkv44OL44OD44Kx44Or5rC057Sg6Zu75rGgL+ODoeODvOODq+S+v+WvvuW/nOWPr+iDvS/ku6Pph5HlvJXmj5vkuI3lj68v44K944O844Op44O844Op44Kk44OIL1JDUC8wNVAwM1NlcDE2L+OAkEhMU19EVeOAkQ==,44K944O844Op44O844Op44Kk44OI44KS5a6M5YWo5b6p5rS744GV44Gb44KL5bCC55So44Gu5Lqk5o+b5YWF6Zu75rGg44Gn44GZ44CC44CC44K944O844Op44O844Op44Kk44OI55So5Lqk5o+b5YWF6Zu75rGg44CA5Y2YNOWei++8iDLmnKzntYTvvIkv44OL44OD44Kx44Or5rC057Sg6Zu75rGgL+ODoeODvOODq+S+v+WvvuW/nOWPr+iDvS/ku6Pph5HlvJXmj5vkuI3lj68v44K944O844Op44O844Op44Kk44OIL1JDUC8wNVAwM1NlcDE2L+OAkEhMU19EVeOAkQ==[rn]
11-197539,aHR0cDovL3RzaG9wLnIxMHMuanAvaGFud2EtZXgwMi9jYWJpbmV0LzAyMDEwNTAzL3Nob2hpbjAzLzQ5ODI0Ni0xLmdpZj9maXRpbj03MDA6NzAw,NDgwLjAwMDA=,,6Iqx44O744Ks44O844OH44Oz44O7RElZID4g44Ko44Kv44K544OG44Oq44Ki44O744Ks44O844OH44Oz44OV44Kh44OL44OB44Oj44O8ID4g44Op44Kk44OI44O744Kk44Or44Of44ON44O844K344On44OzID4g44Ks44O844OH44Oz44Op44Kk44OIIOODu+eBr+evrQ==,44K944O844Op44O844Op44Kk44OI55So5Lqk5o+b5YWF6Zu75rGg44CA5Y2YNOWei++8iDLmnKzntYTvvIkv44OL44OD44Kx44Or5rC057Sg6Zu75rGgL+ODoeODvOODq+S+v+WvvuW/nOWPr+iDvS/ku6Pph5HlvJXmj5vkuI3lj68v44K944O844Op44O844Op44Kk44OIL1JDUC8wNVAwM0RlYzE2L+OAkEhMU19EVeOAkQ==,,44OL44OD44Kx44Or5rC057Sg6Zu75rGg44Gv5LiA6Iis55qE44Gr44CB44OR44OD44OG44Oq44O85YaF44Gr6Zu75rCX44GM5q6L44Gj44Gm44GE44KL54q25oWL44Gn44Gv6L+95Yqg5YWF6Zu744GV44KM44Gr44GP44GE54m55oCn77yI44Oh44Oi44Oq44O85Yq55p6c77yJ44GM44GC44KK44G+44GZ44CC54K554Gv5pmC6ZaT44GM55+t44GP44Gq44Gj44Gf5aC05ZCI44Gv44CB44OQ44OD44OG44Oq44O85YaF44Gu6Zu75rCX44KS5L2/44GE5YiH44Gj44Gf5b6M44CB44OV44Or5YWF6Zu744GX44Gm44GP44Gg44GV44GE44CCPEJSPgo8QlI+CuKWoOe0jeacn++8muODoeODvOODq+S+v+OBp+OBruOBiuWxiuOBkeOBruWgtOWQiOOBlOazqOaWh+OBi+OCieOBiuWxiuOBkeOBvuOBp+e0hDHpgLHplpPliY3lvozjgYrmmYLplpPjgYzjgYvjgYvjgovloLTlkIjjgYzjgZTjgZbjgYTjgb7jgZnjgILjgYrlsYrjga/jg53jgrnjg4jjgbjmipXlh73jgZXjgozjgb7jgZnjgILvvIjlj5fpoJjljbDkuI3opoHvvInpgJrluLjpgIHmlpnjgafjgZTms6jmlofjga7loLTlkIjjga/jgZTms6jmlofnorroqo3lvowy772eM+WWtualreaXpeeoi+OBp+OBiuWxiuOBkeWPr+iDveOBp+OBmeOAgjxCUj4K4pag44Oh44O844Or5L6/44GU5biM5pyb44Gu44GK5a6i5qeY44G4PEJSPgrjg6Hjg7zjg6vkvr/jgafjga7nmbrpgIHjgpLjgZTluIzmnJvjgZXjgozjgovmlrnjga/jgIHjgZTms6jmlofmmYLlgpnogIPmrITjgavjgJDjg6Hjg7zjg6vkvr/luIzmnJvjgJHmmI7oqJjpoILjgY3jgb7jgZnjgojjgYbjgYrpoZjjgYToh7TjgZfjgb7jgZnjgIIK44Oh44O844Or5L6/5biM5pyb5pyq6KiY5YWl44Gu44GK5a6i5qeY44G444Gv6YCa5bi444Gu5a6F6YWN5L6/44Gn44Gu44GK5bGK44GR44Go44Gq44KK44G+44GZ44Gu44Gn44CB44GU5rOo5oSP44GP44Gg44GV44GE44CCPEJSPgrigLvjg6Hjg7zjg6vkvr/lr77osaHllYblk4HjgajlkIzmmYLjgavpgJrluLjphY3pgIHlk4HjgpLjgZTms6jmlofjgYTjgZ/jgaDjgYTjgZ/loLTlkIjjga/jgIHpgJrluLjpgIHmlpnjgYznmbrnlJ/jgZfjgb7jgZnjgII=,44K944O844Op44O844Op44Kk44OI55So5Lqk5o+b5YWF6Zu75rGg44CA5Y2YNOWei++8iDLmnKzntYTvvIkv44OL44OD44Kx44Or5rC057Sg6Zu75rGgL+ODoeODvOODq+S+v+WvvuW/nOWPr+iDvS/ku6Pph5HlvJXmj5vkuI3lj68v44K944O844Op44O844Op44Kk44OIL1JDUC8wNVAwM0RlYzE2L+OAkEhMU19EVeOAke+8mkRFUE9T44CAMuWPt+mkqA==,6YCa5L+h6LKp5aOy6YCa6LKp44K344On44OD44OU44Oz44Kw44Kq44Oz44Op44Kk44Oz44K344On44OD44OU44Oz44Kw6LK344GE54mp44OX44Os44K844Oz44OI44Ku44OV44OI6LSI44KK54mp6LSI562U5ZOB44GK5Lit5YWD44GK5q2z5pqu44GK6LK344GE5b6X6Iqx44Ks44O844OH44OzRElZ44OP44Oz44Ov44Ob44O844Og44K644Ks44O844OH44OL44Oz44Kw5ZyS6Iq45bqt44Ko44Kv44K544OG44Oq44Ki44Kk44Or44Of44ON44O844K344On44Oz44Ks44O844OH44Oz44OV44Kh44OL44OB44Oj44O844Ks44O844OH44Oz44Op44Kk44OI5qSN5pyo6Ymi44K944O844Op44O844Op44Kk44OI5a625bqt6I+c5ZyS44Km44OD44OJ44OH44OD44Kt5bel5YW344OQ44Op6IuX44Ki44Os44Oz44K444Oh44Oz44OI44OZ44Op44Oz44OA44Oq44OV44Kp44O844Og44K944O844Op44O844Op44Kk44OI55So5Lqk5o+b5YWF6Zu75rGg44CA5Y2YNOWei++8iDLmnKzntYTvvIkv44OL44OD44Kx44Or5rC057Sg6Zu75rGgL+ODoeODvOODq+S+v+WvvuW/nOWPr+iDvS/ku6Pph5HlvJXmj5vkuI3lj68v44K944O844Op44O844Op44Kk44OIL1JDUC8wNVAwM0RlYzE2L+OAkEhMU19EVeOAkQ==,44K944O844Op44O844Op44Kk44OI44KS5a6M5YWo5b6p5rS744GV44Gb44KL5bCC55So44Gu5Lqk5o+b5YWF6Zu75rGg44Gn44GZ44CC44CC44K944O844Op44O844Op44Kk44OI55So5Lqk5o+b5YWF6Zu75rGg44CA5Y2YNOWei++8iDLmnKzntYTvvIkv44OL44OD44Kx44Or5rC057Sg6Zu75rGgL+ODoeODvOODq+S+v+WvvuW/nOWPr+iDvS/ku6Pph5HlvJXmj5vkuI3lj68v44K944O844Op44O844Op44Kk44OIL1JDUC8wNVAwM0RlYzE2L+OAkEhMU19EVeOAkQ==[rn]
11-197540,aHR0cDovL3RzaG9wLnIxMHMuanAvc21pbGUtZ2QtZXgvY2FiaW5ldC9zb2xhci93ZXN0ZXJuLXN0eWxlL3NnZS1nbS5qcGc/Zml0aW49NzAwOjcwMA==,MjIwNy4yMDAw,,6Iqx44O744Ks44O844OH44Oz44O7RElZID4g44Ko44Kv44K544OG44Oq44Ki44O744Ks44O844OH44Oz44OV44Kh44OL44OB44Oj44O8ID4g44Op44Kk44OI44O744Kk44Or44Of44ON44O844K344On44OzID4g44Ks44O844OH44Oz44Op44Kk44OIIOODu+eBr+evrQ==,44Ki44Oz44OG44Kj44O844KvIOOCrOODvOODh+ODs+ODqeOCpOODiCDjg6zjg4jjg63jg6njg7Pjg5cg44K944O844Op44O844Op44Kk44OIIOODnuODquODs+ODqeOCpOODiOWei+OAkOODqeOCpOODiOOCq+ODqeODvO+8muOCt+ODo+ODs+ODkeODs+OCtOODvOODq+ODieOAkeOCouODs+ODhuOCo+ODvOOCryDjg6zjg4jjg63jg4fjgrbjgqTjg7M=,,PGZvbnQgY29sb3I9IiM5OTAwMDAiIHNpemU9IjIiPu+8iuOBk+OBoeOCieOBruWVhuWTgeOBr+OAgeS7luOBruWVhuWTgeOBqOOBrjxicj4KICDjgb7jgajjgoHosrfjgYTjgoQy44Gk5Lul5LiK5rOo5paH44GV44KM44G+44GX44Gm44KCPGJyPgrpgIHmlpnjga8x44Gk5YiG44Gn44GZ44CCPGJyPgogIO+8iOmAgeaWmeeEoeaWmeWVhuWTgeOChOWAi+WIpeOBq+mAgeaWmeOCkjxicj4KICDmjIflrprjgZfjgabjgYTjgovllYblk4Hjgajjga7jgb7jgajjgoHosrfjgYTjga/pmaTjgY3jgb7jgZnjgILvvIk8L2ZvbnQ+PGJyPgogIDxicj4KICDil4/llYblk4HjgrXjgqTjgrrvvJoo57SEKVcxNTXDl0QxNTXDl0gyNTBtbTxicj4KICDil4/jgr3jg7zjg6njg7zjg5Hjg43jg6vvvJoo57SEKVc0M8OXRDI1bW3jgIAyLjBWLzgwbUEgw5cycGNzPGJyPgogIOKXj+ODqeOCpOODiO+8muODj+OCpOODkeODr+ODvOODm+ODr+OCpOODiExFRCAwLjVXw5cxcGNzPGJyPgogIOKXj+ODkOODg+ODhuODquODvO+8mkFBQSBOaS1NSCAxLjJWIDQwMG1BaMOXMXBjczxicj4KICDil4/jg6njgqTjg4jjgqvjg5Djg7zpg6jvvJrjgqzjg6njgrnoo708YnI+Cjxicj4K44CQ5rOo5oSP54K544CRICA8YnI+Cjxicj4K6ZaL5bCB5b6M44Gu5YWF6Zu75LiN6Laz44KE44OR44ON44Or6YOo5YiG44GuICDjgrfjg7zjg6vjgpLliaXjgYzjgZXjgZrlhYXpm7vjgZfjgabjgYTjgovjgZ/jgoHjgIHlhYXpm7vjgafjgY3jgabjgYTjgarjgYTnirbmhYvjgavjgojjgosgIOeCueeBr+S4jeWCmeOAgeOCueOCpOODg+ODgU9GRueKtuaFi+OBruOBvuOBvuS9v+eUqOOBq+OBquOCieOCjOOCi+eCueeBr+S4jeWCmeOBruOBlOmAo+e1oeOBjOOCiOOBj+OBlOOBluOBhOOBvuOBmeOAgumWi+WwgeW+jOOBr+OCveODvOODqeODvOODkeODjeODq+mDqOWIhuOBruOCt+ODvOODq+OCkuW/heOBmuWJpeOBjOOBl+OBpuOBhOOBn+OBoOOBjeOAgeaZtOWkqeaZgjLml6XjgbvjgalPRkbnirbmhYvjgavjgaYgIOaXpeWFieS4i+OBp+WFhembu+OBhOOBn+OBoOOBjeOAgeOBneOBruW+jOOCueOCpOODg+ODgeOCkk9O44Gr44GX44Gm44GU5L2/55So5LiL44GV44GE44CCICAgIDxicj4KPGJyPgrjgb7jgZ/jgIHjgr3jg7zjg6njg7zjg5Hjg43jg6vjgavooZfnga/jgoTku5bjga7jg6njgqTjg4jjga7mmI7jgYvjgorjgYzlj43lv5zjgZfjgabngrnjgYvjgarjgYTloLTlkIjjga7jgZTpgKPntaHjgoLjgojjgY/jgZTjgZbjgYTjgb7jgZnjgIIg44Gd44Gu5aC05ZCI44CB44K944O844Op44O844OR44ON44Or5omL44Gn6KaG44Gj44Gm44KC44KJ44GG44GL5LiA5bqm5Yil44Gu5pqX44GE5aC05omA44Gn44GU56K66KqN44GK6aGY44GE44GX44G+44GZ44CCPGJyPgo8YnI+CuS9leODtuaciOOBi+S9v+eUqOOBl+OBpuOBhOOBpumbu+awl+OBjOOBpOOBi+OBquOBj+OBquOBo+OBn+WgtOWQiOOBruWkmuOBj+OBruimgeWboOOBr+WFhembu+axoOOBq+OBguOCiuOBvuOBmeOAguOBneOBhuOBquOBo+OBn+WgtOWQiOOBr+OAgeOBvuOBmuWFhembu+axoOOBruS6pOaPm+OCkuOBiuWLp+OCgeOBhOOBn+OBl+OBvuOBmeOAgjxicj4K77yI5YWF6Zu75rGg44KS44GU6LO85YWl5YmN44Gr5LiA5bqm44CB5pmu6YCa44Gu5Lm+6Zu75rGg44Gn54K554Gv44GZ44KL44GL44GK56K644GL44KB5LiL44GV44GE44CC77yJPGJyPgo8YnI+CuOBvuOBn+OAgeOCveODvOODqeODvOODqeOCpOODiOOBq+mWouOBl+OBvuOBl+OBpuOBr+S/rueQhuWvvuW/nOOBr+WPl+OBkeS7mOOBkeOBpuOBiuOCiuOBvuOBm+OCk+OAgiAgICA8YnI+Cjxicj4K77yK5b2T56S+6LKp5aOy6Ie044GX44Gm44GK44KK44G+44GZ44K944O844Op44O844Op44Kk44OI44Gr44Gk44GN44G+44GX44GmCueCueeBr+S4jeWCmeODu+egtOaQjeOBquOBqeOBq+OCiOOCi+S6pOaPm+S/neiovOacn+mWk+OBr+WVhuWTgeOBlOWIsOedgOW+jDHjgYvmnIjjgajjgarjgorjgb7jgZnjgIIK5Y+W5omx6Kqs5piO5pu444Gq44Gp44Gr5pyf6ZaT44KS6KiY6LyJ44GX44Gm44GE44KL44KC44Gu44KC5b6h5bqn44GE44G+44GZ44GM44CB44Gd44Gh44KJ44Gu5L+d6Ki844GvCueEoeWKueOBqOOBquOBo+OBpuOBiuOCiuOBvuOBmeOBruOBp+OAgeOBlOS6huaJv+OBrueoi+OAgeWunOOBl+OBj+OBiumhmOOBhOiHtOOBl+OBvuOBmeOAgiA8YnI+,44Ki44Oz44OG44Kj44O844KvIOOCrOODvOODh+ODs+ODqeOCpOODiCDjg6zjg4jjg63jg6njg7Pjg5cg44K944O844Op44O844Op44Kk44OIIOODnuODquODs+ODqeOCpOODiOWei+OAkOODqeOCpOODiOOCq+ODqeODvO+8muOCt+ODo+ODs+ODkeODs+OCtOODvOODq+ODieOAkeOCouODs+ODhuOCo+ODvOOCryDjg6zjg4jjg63jg4fjgrbjgqTjg7PvvJpTbWlsZSBHYXJkZW7vvIZFWA==,6YCa5L+h6LKp5aOy6YCa6LKp44K344On44OD44OU44Oz44Kw44Kq44Oz44Op44Kk44Oz44K344On44OD44OU44Oz44Kw6LK344GE54mp44OX44Os44K844Oz44OI44Ku44OV44OI6LSI44KK54mp6LSI562U5ZOB44GK5Lit5YWD44GK5q2z5pqu44GK6LK344GE5b6X44Kw44Os44O844OB44Oz44Kw44Oe44Oz44Ob44O844OrVeWtl+a6nea1hOWMluanvembqOaoi+OCq+ODvOODneODvOODiOmbqOOBqeOBhOS/rueQhumbqOOBqeOBhOmDqOWTgeOCveODvOODqeODvOODqeOCpOODiOOCrOODvOODh+ODs+OCveODvOODqeODvOODqeOCpOODiOODnuODs+ODm+ODvOODq+iTi+eJqee9ruOCteOCpOOCr+ODq+ODj+OCpuOCueOCq+ODvOOCueODhuODg+ODl+OCtOODoOijveauteW3ruOCueODreODvOODl+auteW3ruatqemBk+S4iuOBjOOCiuOCueODhuODs+ODrOOCueijveOCsOODrOODvOODgeODs+OCsOWBtOa6neeUqOOCsOODrOODvOODgeODs+OCsOOCqOOCr+OCueODhuODquOCouOCouODs+ODhuOCo+ODvOOCryDjgqzjg7zjg4fjg7Pjg6njgqTjg4gg44Os44OI44Ot44Op44Oz44OXIOOCveODvOODqeODvOODqeOCpOODiCDjg57jg6rjg7Pjg6njgqTjg4jlnovjgJDjg6njgqTjg4jjgqvjg6njg7zvvJrjgrfjg6Pjg7Pjg5Hjg7PjgrTjg7zjg6vjg4njgJHjgqLjg7Pjg4bjgqPjg7zjgq8g44Os44OI44Ot44OH44K244Kk44Oz,44Ki44Oz44OG44Kj44O844KvIOODh+OCtuOCpOODsyDjgqrjgrfjg6Pjg6zjgarjgr3jg7zjg6njg7zjg6njgqTjg4jjgILjgqLjg7Pjg4bjgqPjg7zjgq8g44Ks44O844OH44Oz44Op44Kk44OIIOODrOODiOODreODqeODs+ODlyDjgr3jg7zjg6njg7zjg6njgqTjg4gg44Oe44Oq44Oz44Op44Kk44OI5Z6L44CQ44Op44Kk44OI44Kr44Op44O877ya44K344Oj44Oz44OR44Oz44K044O844Or44OJ44CR44Ki44Oz44OG44Kj44O844KvIOODrOODiOODreODh+OCtuOCpOODsw==[rn]
11-197541,aHR0cDovL3RzaG9wLnIxMHMuanAvc21pbGUtZ2QtZXgvY2FiaW5ldC9zb2xhci93ZXN0ZXJuLXN0eWxlL3NnZS1ncy5qcGc/Zml0aW49NzAwOjcwMA==,MTA5Ni4wMDAw,,6Iqx44O744Ks44O844OH44Oz44O7RElZID4g44Ko44Kv44K544OG44Oq44Ki44O744Ks44O844OH44Oz44OV44Kh44OL44OB44Oj44O8ID4g44Op44Kk44OI44O744Kk44Or44Of44ON44O844K344On44OzID4g44Ks44O844OH44Oz44Op44Kk44OIIOODu+eBr+evrQ==,44Ki44Oz44OG44Kj44O844KvIOOCrOODvOODh+ODs+ODqeOCpOODiCDjg6zjg4jjg63jg6njg7Pjg5cg44K944O844Op44O844Op44Kk44OIIOOCueODhuOCo+ODg+OCr+ODmuOCsOOCv+OCpOODl+OAkOODqeOCpOODiOOCq+ODqeODvO+8muOCt+ODo+ODs+ODkeODs+OCtOODvOODq+ODieOAkeOCouODs+ODhuOCo+ODvOOCryDjg6zjg4jjg63jg4fjgrbjgqTjg7M=,,PGZvbnQgY29sb3I9IiM5OTAwMDAiIHNpemU9IjIiPu+8iuOBk+OBoeOCieOBruWVhuWTgeOBr+OAgeS7luOBruWVhuWTgeOBqOOBrjxicj4KICDjgb7jgajjgoHosrfjgYTjgoQy44Gk5Lul5LiK5rOo5paH44GV44KM44G+44GX44Gm44KCPGJyPgrpgIHmlpnjga8x44Gk5YiG44Gn44GZ44CCPGJyPgogIO+8iOmAgeaWmeeEoeaWmeWVhuWTgeOChOWAi+WIpeOBq+mAgeaWmeOCkjxicj4KICDmjIflrprjgZfjgabjgYTjgovllYblk4Hjgajjga7jgb7jgajjgoHosrfjgYTjga/pmaTjgY3jgb7jgZnjgILvvIk8L2ZvbnQ+PGJyPgogIDxicj4KICDil4/llYblk4HjgrXjgqTjgrrvvJoo57SEKVcxMTDDl0QxMTDDl0g1MDBtbTxicj4KICDil4/jgr3jg7zjg6njg7zjg5Hjg43jg6vvvJoo57SEKVc1MMOXRDUwbW3jgIAyLjBWLzgwbUE8YnI+CiAg4peP44Op44Kk44OI77ya44OP44Kk44OR44Ov44O844K344Oj44Oz44OR44Oz44K044O844Or44OJTEVEIDAuNVfDlzFwY3M8YnI+CiAg4peP44OQ44OD44OG44Oq44O877yaQUFBIE5pLU1IIDEuMlYgNDAwbUFow5cxcGNzPGJyPgogIOKXj+ODqeOCpOODiOOCq+ODkOODvOmDqO+8mlBQ6KO977yI44K544Oi44O844Kv5LuV5LiK77yJIDxicj4KPGJyPgrjgJDms6jmhI/ngrnjgJEgIDxicj4KPGJyPgrplovlsIHlvozjga7lhYXpm7vkuI3otrPjgoTjg5Hjg43jg6vpg6jliIbjga4gIOOCt+ODvOODq+OCkuWJpeOBjOOBleOBmuWFhembu+OBl+OBpuOBhOOCi+OBn+OCgeOAgeWFhembu+OBp+OBjeOBpuOBhOOBquOBhOeKtuaFi+OBq+OCiOOCiyAg54K554Gv5LiN5YKZ44CB44K544Kk44OD44OBT0ZG54q25oWL44Gu44G+44G+5L2/55So44Gr44Gq44KJ44KM44KL54K554Gv5LiN5YKZ44Gu44GU6YCj57Wh44GM44KI44GP44GU44GW44GE44G+44GZ44CC6ZaL5bCB5b6M44Gv44K944O844Op44O844OR44ON44Or6YOo5YiG44Gu44K344O844Or44KS5b+F44Ga5Yml44GM44GX44Gm44GE44Gf44Gg44GN44CB5pm05aSp5pmCMuaXpeOBu+OBqU9GRueKtuaFi+OBq+OBpiAg5pel5YWJ5LiL44Gn5YWF6Zu744GE44Gf44Gg44GN44CB44Gd44Gu5b6M44K544Kk44OD44OB44KST07jgavjgZfjgabjgZTkvb/nlKjkuIvjgZXjgYTjgIIgICAgPGJyPgo8YnI+CuOBvuOBn+OAgeOCveODvOODqeODvOODkeODjeODq+OBq+ihl+eBr+OChOS7luOBruODqeOCpOODiOOBruaYjuOBi+OCiuOBjOWPjeW/nOOBl+OBpueCueOBi+OBquOBhOWgtOWQiOOBruOBlOmAo+e1oeOCguOCiOOBj+OBlOOBluOBhOOBvuOBmeOAgiDjgZ3jga7loLTlkIjjgIHjgr3jg7zjg6njg7zjg5Hjg43jg6vmiYvjgafopobjgaPjgabjgoLjgonjgYbjgYvkuIDluqbliKXjga7mmpfjgYTloLTmiYDjgafjgZTnorroqo3jgYrpoZjjgYTjgZfjgb7jgZnjgII8YnI+Cjxicj4K5L2V44O25pyI44GL5L2/55So44GX44Gm44GE44Gm6Zu75rCX44GM44Gk44GL44Gq44GP44Gq44Gj44Gf5aC05ZCI44Gu5aSa44GP44Gu6KaB5Zug44Gv5YWF6Zu75rGg44Gr44GC44KK44G+44GZ44CC44Gd44GG44Gq44Gj44Gf5aC05ZCI44Gv44CB44G+44Ga5YWF6Zu75rGg44Gu5Lqk5o+b44KS44GK5Yun44KB44GE44Gf44GX44G+44GZ44CCPGJyPgrvvIjlhYXpm7vmsaDjgpLjgZTos7zlhaXliY3jgavkuIDluqbjgIHmma7pgJrjga7kub7pm7vmsaDjgafngrnnga/jgZnjgovjgYvjgYrnorrjgYvjgoHkuIvjgZXjgYTjgILvvIk8YnI+Cjxicj4K44G+44Gf44CB44K944O844Op44O844Op44Kk44OI44Gr6Zai44GX44G+44GX44Gm44Gv5L+u55CG5a++5b+c44Gv5Y+X44GR5LuY44GR44Gm44GK44KK44G+44Gb44KT44CCICAgIDxicj4KPGJyPgrvvIoK5b2T56S+6LKp5aOy6Ie044GX44Gm44GK44KK44G+44GZ44K944O844Op44O844Op44Kk44OI44Gr44Gk44GN44G+44GX44GmCueCueeBr+S4jeWCmeODu+egtOaQjeOBquOBqeOBq+OCiOOCi+S6pOaPm+S/neiovOacn+mWk+OBr+WVhuWTgeOBlOWIsOedgOW+jDHjgYvmnIjjgajjgarjgorjgb7jgZnjgIIK5Y+W5omx6Kqs5piO5pu444Gq44Gp44Gr5pyf6ZaT44KS6KiY6LyJ44GX44Gm44GE44KL44KC44Gu44KC5b6h5bqn44GE44G+44GZ44GM44CB44Gd44Gh44KJ44Gu5L+d6Ki844GvCueEoeWKueOBqOOBquOBo+OBpuOBiuOCiuOBvuOBmeOBruOBp+OAgeOBlOS6huaJv+OBrueoi+OAgeWunOOBl+OBj+OBiumhmOOBhOiHtOOBl+OBvuOBmeOAggoKICAgIDxicj4=,44Ki44Oz44OG44Kj44O844KvIOOCrOODvOODh+ODs+ODqeOCpOODiCDjg6zjg4jjg63jg6njg7Pjg5cg44K944O844Op44O844Op44Kk44OIIOOCueODhuOCo+ODg+OCr+ODmuOCsOOCv+OCpOODl+OAkOODqeOCpOODiOOCq+ODqeODvO+8muOCt+ODo+ODs+ODkeODs+OCtOODvOODq+ODieOAkeOCouODs+ODhuOCo+ODvOOCryDjg6zjg4jjg63jg4fjgrbjgqTjg7PvvJpTbWlsZSBHYXJkZW7vvIZFWA==,6YCa5L+h6LKp5aOy6YCa6LKp44K344On44OD44OU44Oz44Kw44Kq44Oz44Op44Kk44Oz44K344On44OD44OU44Oz44Kw6LK344GE54mp44OX44Os44K844Oz44OI44Ku44OV44OI6LSI44KK54mp6LSI562U5ZOB44GK5Lit5YWD44GK5q2z5pqu44GK6LK344GE5b6X44Kw44Os44O844OB44Oz44Kw44Oe44Oz44Ob44O844OrVeWtl+a6nea1hOWMluanvembqOaoi+OCq+ODvOODneODvOODiOmbqOOBqeOBhOS/rueQhumbqOOBqeOBhOmDqOWTgeOCveODvOODqeODvOODqeOCpOODiOOCrOODvOODh+ODs+OCveODvOODqeODvOODqeOCpOODiOODnuODs+ODm+ODvOODq+iTi+eJqee9ruOCteOCpOOCr+ODq+ODj+OCpuOCueOCq+ODvOOCueODhuODg+ODl+OCtOODoOijveauteW3ruOCueODreODvOODl+auteW3ruatqemBk+S4iuOBjOOCiuOCueODhuODs+ODrOOCueijveOCsOODrOODvOODgeODs+OCsOWBtOa6neeUqOOCsOODrOODvOODgeODs+OCsOOCqOOCr+OCueODhuODquOCouOCouODs+ODhuOCo+ODvOOCryDjgqzjg7zjg4fjg7Pjg6njgqTjg4gg44Os44OI44Ot44Op44Oz44OXIOOCveODvOODqeODvOODqeOCpOODiCDjgrnjg4bjgqPjg4Pjgq/jg5rjgrDjgr/jgqTjg5fjgJDjg6njgqTjg4jjgqvjg6njg7zvvJrjgrfjg6Pjg7Pjg5Hjg7PjgrTjg7zjg6vjg4njgJHjgqLjg7Pjg4bjgqPjg7zjgq8g44Os44OI44Ot44OH44K244Kk44Oz,44Ki44Oz44OG44Kj44O844KvIOODh+OCtuOCpOODsyDjgqrjgrfjg6Pjg6zjgarjgr3jg7zjg6njg7zjg6njgqTjg4jjgILjgqLjg7Pjg4bjgqPjg7zjgq8g44Ks44O844OH44Oz44Op44Kk44OIIOODrOODiOODreODqeODs+ODlyDjgr3jg7zjg6njg7zjg6njgqTjg4gg44K544OG44Kj44OD44Kv44Oa44Kw44K/44Kk44OX44CQ44Op44Kk44OI44Kr44Op44O877ya44K344Oj44Oz44OR44Oz44K044O844Or44OJ44CR44Ki44Oz44OG44Kj44O844KvIOODrOODiOODreODh+OCtuOCpOODsw==[rn]
11-197542,aHR0cDovL3RzaG9wLnIxMHMuanAvc21pbGUtZ2QtZXgvY2FiaW5ldC9waG90bzAxLzMwN2F0MDFjZzA2c2cuanBnP2ZpdGluPTcwMDo3MDA=,MzE2OC4wMDAw,,6Iqx44O744Ks44O844OH44Oz44O7RElZID4g44Ko44Kv44K544OG44Oq44Ki44O744Ks44O844OH44Oz44OV44Kh44OL44OB44Oj44O8ID4g44Op44Kk44OI44O744Kk44Or44Of44ON44O844K344On44OzID4g44Ks44O844OH44Oz44Op44Kk44OIIOODu+eBr+evrQ==,44CQ44GK5b6X44GqNuWAi+OCu+ODg+ODiOOAkeS6uuawl+OBruODkuODk+WKoOW3peOBruOCrOODqeOCueijvSDjgrDjg6njgrkg44K944O844Op44O844Op44Kk44OI44K544OG44Oz44Os44K56KO944Kv44Oq44K544K/44Or44CA44Ks44O844OH44Oz44Op44Kk44OI44CARWFydGjjgJDjg6njgqTjg4jjgqvjg6njg7zvvJrjgrfjg6Pjg7Pjg5Hjg7PjgrTjg7zjg6vjg4njgJE=,,PHA+44K944O844Op44O844Op44Kk44OIIEVhcnRoIOOCouODvOOCueOAgOOCt+ODquODvOOCuiA8L3A+CjxwPjxiciAvPgogIOOAkOODqeOCpOODiOOCq+ODqeODvO+8muOCt+ODo+ODs+ODkeODs+OCtOODvOODq+ODieOAkTxiciAvPgogIOKYheWNmOWTgSA2ODXlhoY8YnIgLz4KICDimIU25YCL44K744OD44OI44CAMyw5NjDlhoY8YnIgLz4KICDimIUxMuWAi+OCu+ODg+ODiCA3LDU2MOWGhjxiciAvPgogIDxiciAvPgogIOOAkOODqeOCpOODiOOCq+ODqeODvO+8muODm+ODr+OCpOODiOOAkTxiciAvPgogIOKYheWNmOWTgSA2ODXlhoY8YnIgLz4KICDimIU25YCL44K744OD44OI44CAMyw5NjDlhoY8YnIgLz4KICDimIUxMuWAi+OCu+ODg+ODiCA3LDU2MOWGhjxiciAvPgogIDxiciAvPgogIOOAkOODqeOCpOODiOOCq+ODqeODvO+8muOCueOCs+ODg+ODgeOCtOODvOODq+ODieOAkTxiciAvPgogIOKYheWNmOWTgSA2ODXlhoY8YnIgLz4KICDimIU25YCL44K744OD44OI44CAMyw5NjDlhoY8YnIgLz4KICDimIUxMuWAi+OCu+ODg+ODiCA3LDU2MOWGhjxiciAvPgogIDxiciAvPgogIOOAkOODqeOCpOODiOOCq+ODqeODvO+8muODrOOCpOODs+ODnOODvOOAkTxiciAvPgogIOKYheWNmOWTgSA2ODXlhoY8YnIgLz4KICA8YnIgLz4KPC9wPgril4vntKDmnZDvvJrjgqzjg6njgrkv44K544OG44Oz44Os44K5CuKXi+mHjemHj++8mu+8iOe0hO+8iTI2MGcK4peL44K144Kk44K677ya77yI57SE77yJ55u05b6EOGNtw5fpq5jjgZUzNS44Y20K4peL44Op44Kk44OI44Kr44Op44O877ya44K344Oj44Oz44OR44Oz44K044O844Or44OJCgrjg6njgqTjg4jpg6jliIbjga/jgYrjgZfjgoPjgozjgarjgIHjgbLjgbPliqDlt6Xjga7jgqzjg6njgrnjgavjgarjgaPjgabjgYrjgorjgb7jgZnjgILjg53jg7zjg6vpg6jliIbjga/jgrnjgr/jg7Pjg4Djg7zjg4njgr/jgqTjg5fjgarjga7jgafjgIHjgYLjgonjgobjgovmiYDjgavnsKHljZjlj5bjgorku5jjgZHjgafjgY3jgb7jgZnjgILjg4vjg4PjgrHjg6vmsLTntKDpm7vmsaDvvIjljZgz77yJ5YaF6JS144Gn54K554Gv5pmC6ZaT44Gv57SENuaZgumWk++8iOioree9rueKtuazgeOBp+WkieWLleiHtOOBl+OBvuOBme+8ieOAgumrmOi8neW6puOCueODvOODkeODvExFROODqeOCpOODiOS9v+eUqOOBp+OBiuW6reOCkuOCt+ODg+OCr+OBq+a8lOWHuuOBl+OBvuOBmeOAggrjgb7jgZ/jgIHjgr3jg7zjg6njg7zjg5Hjg43jg6vjgYzjgqzjg6njgrnjga7lhoXpg6jvvIhMRUTjga7jgb7jgo/jgorvvInjgavku5jjgYTjgabjgYTjgovjgZ/jgoHpmLLmsLTmgKfjgoLmipznvqTjgafjgZnvvIHvvIE8YnI+Cjxicj4KPGZvbnQgY29sb3I9IiM5OTAwMDAiIHNpemU9IjIiPuOBiuW+l+OBqjblgIvjgrvjg4Pjg4jjga/jgZPjgaHjgok8L2ZvbnQ+PGJyPgo8Zm9udCBjb2xvcj0iIzk5MDAwMCIgc2l6ZT0iMiI+44GK5b6X44GqMTLlgIvjgrvjg4Pjg4jjga/jgZPjgaHjgok8L2ZvbnQ+PGJyPgo8YnI+CuOAkOazqOaEj+eCueOAkSAgPGJyPgo8YnI+CumWi+WwgeW+jOOBruWFhembu+S4jei2s+OChOODkeODjeODq+mDqOWIhuOBriAg44K344O844Or44KS5Yml44GM44GV44Ga5YWF6Zu744GX44Gm44GE44KL44Gf44KB44CB5YWF6Zu744Gn44GN44Gm44GE44Gq44GE54q25oWL44Gr44KI44KLICDngrnnga/kuI3lgpnjga7jgb7jgb7kvb/nlKjjgavjgarjgonjgozjgovngrnnga/kuI3lgpnjga7jgZTpgKPntaHjgYzjgojjgY/jgZTjgZbjgYTjgb7jgZnjgILplovlsIHlvozjga/jgr3jg7zjg6njg7zjg5Hjg43jg6vpg6jliIbjga7jgrfjg7zjg6vjgpLlv4XjgZrliaXjgYzjgZfjgabjgYTjgZ/jgaDjgY3jgIHmmbTlpKnmmYIy5pel44G744Gp5pel5YWJ5LiL44Gn5YWF6Zu744GE44Gf44Gg44GN44CB44GU5L2/55So5LiL44GV44GE44CCICAgICA8YnI+Cjxicj4K44G+44Gf44CB44K944O844Op44O844OR44ON44Or44Gr6KGX54Gv44KE5LuW44Gu44Op44Kk44OI44Gu5piO44GL44KK44GM5Y+N5b+c44GX44Gm54K544GL44Gq44GE5aC05ZCI44Gu44GU6YCj57Wh44KC44KI44GP44GU44GW44GE44G+44GZ44CCIOOBneOBruWgtOWQiOOAgeOCveODvOODqeODvOODkeODjeODq+aJi+OBp+imhuOBo+OBpuOCguOCieOBhuOBi+S4gOW6puWIpeOBruaal+OBhOWgtOaJgOOBp+OBlOeiuuiqjeOBiumhmOOBhOOBl+OBvuOBmeOAgjxicj4KPGJyPgrkvZXjg7bmnIjjgYvkvb/nlKjjgZfjgabjgYTjgabpm7vmsJfjgYzjgaTjgYvjgarjgY/jgarjgaPjgZ/loLTlkIjjga7lpJrjgY/jga7opoHlm6Djga/lhYXpm7vmsaDjgavjgYLjgorjgb7jgZnjgILjgZ3jgYbjgarjgaPjgZ/loLTlkIjjga/jgIHjgb7jgZrlhYXpm7vmsaDjga7kuqTmj5vjgpLjgYrli6fjgoHjgYTjgZ/jgZfjgb7jgZnjgII8YnI+Cu+8iOWFhembu+axoOOCkuOBlOizvOWFpeWJjeOBq+S4gOW6puOAgeaZrumAmuOBruS5vumbu+axoOOBp+eCueeBr+OBmeOCi+OBi+OBiueiuuOBi+OCgeS4i+OBleOBhOOAgu+8iTxicj4KPGJyPgrjgb7jgZ/jgIHjgr3jg7zjg6njg7zjg6njgqTjg4jjgavplqLjgZfjgb7jgZfjgabjga/kv67nkIblr77lv5zjga/lj5fjgZHku5jjgZHjgabjgYrjgorjgb7jgZvjgpPjgIIgICAgPGJyPgo8YnI+Cu+8iuW9k+ekvuiyqeWjsuiHtOOBl+OBpuOBiuOCiuOBvuOBmeOCveODvOODqeODvOODqeOCpOODiOOBq+OBpOOBjeOBvuOBl+OBpgrngrnnga/kuI3lgpnjg7vnoLTmkI3jgarjganjgavjgojjgovkuqTmj5vkv53oqLzmnJ/plpPjga/llYblk4HjgZTliLDnnYDlvowx44GL5pyI44Go44Gq44KK44G+44GZ44CCCuWPluaJseiqrOaYjuabuOOBquOBqeOBq+acn+mWk+OCkuiomOi8ieOBl+OBpuOBhOOCi+OCguOBruOCguW+oeW6p+OBhOOBvuOBmeOBjOOAgeOBneOBoeOCieOBruS/neiovOOBrwrnhKHlirnjgajjgarjgaPjgabjgYrjgorjgb7jgZnjga7jgafjgIHjgZTkuobmib/jga7nqIvjgIHlrpzjgZfjgY/jgYrpoZjjgYToh7TjgZfjgb7jgZnjgIIgPGJyPiAgIDxicj48YnI+Cu+8iuW+jOaXpei/veWKoOazqOaWh+OBruOBiuWuouanmOOBuDxicj4KPGJyPgrjgrfjg6Pjg7Pjg5Hjg7PjgrTjg7zjg6vjg4kv44K544Kz44OD44OB44K044O844Or44OJ44Gn44GZ44GMICA8YnI+CuWVhuWTgeOBrkxPVOOBq+OCiOOCiuOCj+OBmuOBi+OBp+OBr+OBlOOBluOBhOOBvuOBmeOBjOOAgTxicj4K44Op44Kk44OI44Gu6Imy44GuICDmv4Pmt6HjgYznmbrnlJ/jgZnjgovjgZPjgajjgYzjgYLjgorjgb7jgZnjgIIgICAgPGJyPgrjgZTkuobmib/kuIvjgZXjgYTjgIIgPGJyPjxicj4K77yc5ZWG5ZOB44Gu5oCn6LOq5LiK44CB6Kit572u54q25rOB44KE5rCX5rip5rm/5bqm54q25rOB44Gr44KI44KK44Ks44Op44K544Oc44O844Or5YaF44Gn57WQ6Zyy44Gr44KI44KK44Ks44Op44K544GM5puH44KL44GT44Go44GM5b6h5bqn44GE44G+44GZ44CC77ye,44CQ44GK5b6X44GqNuWAi+OCu+ODg+ODiOOAkeS6uuawl+OBruODkuODk+WKoOW3peOBruOCrOODqeOCueijvSDjgrDjg6njgrkg44K944O844Op44O844Op44Kk44OI44K544OG44Oz44Os44K56KO944Kv44Oq44K544K/44Or44CA44Ks44O844OH44Oz44Op44Kk44OI44CARWFydGjjgJDjg6njgqTjg4jjgqvjg6njg7zvvJrjgrfjg6Pjg7Pjg5Hjg7PjgrTjg7zjg6vjg4njgJHvvJpTbWlsZSBHYXJkZW7vvIZFWA==,6YCa5L+h6LKp5aOy6YCa6LKp44K344On44OD44OU44Oz44Kw44Kq44Oz44Op44Kk44Oz44K344On44OD44OU44Oz44Kw6LK344GE54mp44OX44Os44K844Oz44OI44Ku44OV44OI6LSI44KK54mp6LSI562U5ZOB44GK5Lit5YWD44GK5q2z5pqu44GK6LK344GE5b6X44Kw44Os44O844OB44Oz44Kw44Oe44Oz44Ob44O844OrVeWtl+a6nea1hOWMluanvembqOaoi+OCq+ODvOODneODvOODiOmbqOOBqeOBhOS/rueQhumbqOOBqeOBhOmDqOWTgeOCveODvOODqeODvOODqeOCpOODiOOCrOODvOODh+ODs+OCveODvOODqeODvOODqeOCpOODiOODnuODs+ODm+ODvOODq+iTi+eJqee9ruOCteOCpOOCr+ODq+ODj+OCpuOCueOCq+ODvOOCueODhuODg+ODl+OCtOODoOijveauteW3ruOCueODreODvOODl+auteW3ruatqemBk+S4iuOBjOOCiuOCueODhuODs+ODrOOCueijveOCsOODrOODvOODgeODs+OCsOWBtOa6neeUqOOCsOODrOODvOODgeODs+OCsOOCqOOCr+OCueODhuODquOCouOAkOOBiuW+l+OBqjblgIvjgrvjg4Pjg4jjgJHkurrmsJfjga7jg5Ljg5PliqDlt6Xjga7jgqzjg6njgrnoo70g44Kw44Op44K5IOOCveODvOODqeODvOODqeOCpOODiOOCueODhuODs+ODrOOCueijveOCr+ODquOCueOCv+ODq+OAgOOCrOODvOODh+ODs+ODqeOCpOODiOOAgEVhcnRo44CQ44Op44Kk44OI44Kr44Op44O877ya44K344Oj44Oz44OR44Oz44K044O844Or44OJ44CR,44Ks44O844OH44Oz44K944O844Op44O844Op44Kk44OIIOOBiuOBl+OCg+OCjOOBquODkuODk+WKoOW3peOAguOAkOOBiuW+l+OBqjblgIvjgrvjg4Pjg4jjgJHkurrmsJfjga7jg5Ljg5PliqDlt6Xjga7jgqzjg6njgrnoo70g44Kw44Op44K5IOOCveODvOODqeODvOODqeOCpOODiOOCueODhuODs+ODrOOCueijveOCr+ODquOCueOCv+ODq+OAgOOCrOODvOODh+ODs+ODqeOCpOODiOOAgEVhcnRo44CQ44Op44Kk44OI44Kr44Op44O877ya44K344Oj44Oz44OR44Oz44K044O844Or44OJ44CR[rn]
11-197543,aHR0cDovL3RzaG9wLnIxMHMuanAvc21pbGUtZ2QtZXgvY2FiaW5ldC9waG90bzAxLzMwN2F0MDFjZzEyc2cuanBnP2ZpdGluPTcwMDo3MDA=,NjA0OC4wMDAw,,6Iqx44O744Ks44O844OH44Oz44O7RElZID4g44Ko44Kv44K544OG44Oq44Ki44O744Ks44O844OH44Oz44OV44Kh44OL44OB44Oj44O8ID4g44Op44Kk44OI44O744Kk44Or44Of44ON44O844K344On44OzID4g44Ks44O844OH44Oz44Op44Kk44OIIOODu+eBr+evrQ==,44CQ44GK5b6X44GqMTLlgIvjgrvjg4Pjg4jjgJHkurrmsJfjga7jg5Ljg5PliqDlt6Xjga7jgqzjg6njgrnoo70g44Kw44Op44K5IOOCveODvOODqeODvOODqeOCpOODiOOCueODhuODs+ODrOOCueijveOCr+ODquOCueOCv+ODq+OAgOOCrOODvOODh+ODs+ODqeOCpOODiOOAgEVhcnRo44CQ44Op44Kk44OI44Kr44Op44O877ya44K344Oj44Oz44OR44Oz44K044O844Or44OJ44CR,,PHA+44K944O844Op44O844Op44Kk44OIIEVhcnRoIOOCouODvOOCueOAgOOCt+ODquODvOOCuiA8L3A+CjxwPjxiciAvPgogIOOAkOODqeOCpOODiOOCq+ODqeODvO+8muOCt+ODo+ODs+ODkeODs+OCtOODvOODq+ODieOAkTxiciAvPgogIOKYheWNmOWTgSA2ODXlhoY8YnIgLz4KICDimIU25YCL44K744OD44OI44CAMyw5NjDlhoY8YnIgLz4KICDimIUxMuWAi+OCu+ODg+ODiCA3LDU2MOWGhjxiciAvPgogIDxiciAvPgogIOOAkOODqeOCpOODiOOCq+ODqeODvO+8muODm+ODr+OCpOODiOOAkTxiciAvPgogIOKYheWNmOWTgSA2ODXlhoY8YnIgLz4KICDimIU25YCL44K744OD44OI44CAMyw5NjDlhoY8YnIgLz4KICDimIUxMuWAi+OCu+ODg+ODiCA3LDU2MOWGhjxiciAvPgogIDxiciAvPgogIOOAkOODqeOCpOODiOOCq+ODqeODvO+8muOCueOCs+ODg+ODgeOCtOODvOODq+ODieOAkTxiciAvPgogIOKYheWNmOWTgSA2ODXlhoY8YnIgLz4KICDimIU25YCL44K744OD44OI44CAMyw5NjDlhoY8YnIgLz4KICDimIUxMuWAi+OCu+ODg+ODiCA3LDU2MOWGhjxiciAvPgogIDxiciAvPgogIOOAkOODqeOCpOODiOOCq+ODqeODvO+8muODrOOCpOODs+ODnOODvOOAkTxiciAvPgogIOKYheWNmOWTgSA2ODXlhoY8YnIgLz4KICA8YnIgLz4KPC9wPgril4vntKDmnZDvvJrjgqzjg6njgrkv44K544OG44Oz44Os44K5CuKXi+mHjemHj++8mu+8iOe0hO+8iTI2MGcK4peL44K144Kk44K677ya77yI57SE77yJ55u05b6EOGNtw5fpq5jjgZUzNS44Y20K4peL44Op44Kk44OI44Kr44Op44O877ya44K344Oj44Oz44OR44Oz44K044O844Or44OJPGJyPgrjg6njgqTjg4jpg6jliIbjga/jgYrjgZfjgoPjgozjgarjgIHjgbLjgbPliqDlt6Xjga7jgqzjg6njgrnjgavjgarjgaPjgabjgYrjgorjgb7jgZnjgILjg53jg7zjg6vpg6jliIbjga/jgrnjgr/jg7Pjg4Djg7zjg4njgr/jgqTjg5fjgarjga7jgafjgIHjgYLjgonjgobjgovmiYDjgavnsKHljZjlj5bjgorku5jjgZHjgafjgY3jgb7jgZnjgILjg4vjg4PjgrHjg6vmsLTntKDpm7vmsaDvvIjljZgz77yJ5YaF6JS144Gn54K554Gv5pmC6ZaT44Gv57SENuaZgumWk++8iOioree9rueKtuazgeOBp+WkieWLleiHtOOBl+OBvuOBme+8ieOAgumrmOi8neW6puOCueODvOODkeODvExFROODqeOCpOODiOS9v+eUqOOBp+OBiuW6reOCkuOCt+ODg+OCr+OBq+a8lOWHuuOBl+OBvuOBmeOAggrjgb7jgZ/jgIHjgr3jg7zjg6njg7zjg5Hjg43jg6vjgYzjgqzjg6njgrnjga7lhoXpg6jvvIhMRUTjga7jgb7jgo/jgorvvInjgavku5jjgYTjgabjgYTjgovjgZ/jgoHpmLLmsLTmgKfjgoLmipznvqTjgafjgZnvvIHvvIE8YnI+PGJyPgo8Zm9udCBjb2xvcj0iIzk5MDAwMCIgc2l6ZT0iMiI+44GK5b6X44GqNuWAi+OCu+ODg+ODiOOBr+OBk+OBoeOCiTwvZm9udD48YnI+Cjxicj4K44CQ5rOo5oSP54K544CRICA8YnI+Cjxicj4K6ZaL5bCB5b6M44Gu5YWF6Zu75LiN6Laz44KE44OR44ON44Or6YOo5YiG44GuICDjgrfjg7zjg6vjgpLliaXjgYzjgZXjgZrlhYXpm7vjgZfjgabjgYTjgovjgZ/jgoHjgIHlhYXpm7vjgafjgY3jgabjgYTjgarjgYTnirbmhYvjgavjgojjgosgIOeCueeBr+S4jeWCmeOAgeOCueOCpOODg+ODgU9GRueKtuaFi+OBruOBvuOBvuS9v+eUqOOBq+OBquOCieOCjOOCi+eCueeBr+S4jeWCmeOBruOBlOmAo+e1oeOBjOOCiOOBj+OBlOOBluOBhOOBvuOBmeOAgumWi+WwgeW+jOOBr+OCveODvOODqeODvOODkeODjeODq+mDqOWIhuOBruOCt+ODvOODq+OCkuW/heOBmuWJpeOBjOOBl+OBpuOBhOOBn+OBoOOBjeOAgeaZtOWkqeaZgjLml6XjgbvjgalPRkbnirbmhYvjgavjgaYgIOaXpeWFieS4i+OBp+WFhembu+OBhOOBn+OBoOOBjeOAgeOBneOBruW+jOOCueOCpOODg+ODgeOCkk9O44Gr44GX44Gm44GU5L2/55So5LiL44GV44GE44CCICAgIDxicj4KPGJyPgrjgb7jgZ/jgIHjgr3jg7zjg6njg7zjg5Hjg43jg6vjgavooZfnga/jgoTku5bjga7jg6njgqTjg4jjga7mmI7jgYvjgorjgYzlj43lv5zjgZfjgabngrnjgYvjgarjgYTloLTlkIjjga7jgZTpgKPntaHjgoLjgojjgY/jgZTjgZbjgYTjgb7jgZnjgIIg44Gd44Gu5aC05ZCI44CB44K944O844Op44O844OR44ON44Or5omL44Gn6KaG44Gj44Gm44KC44KJ44GG44GL5LiA5bqm5Yil44Gu5pqX44GE5aC05omA44Gn44GU56K66KqN44GK6aGY44GE44GX44G+44GZ44CCPGJyPgo8YnI+CuS9leODtuaciOOBi+S9v+eUqOOBl+OBpuOBhOOBpumbu+awl+OBjOOBpOOBi+OBquOBj+OBquOBo+OBn+WgtOWQiOOBruWkmuOBj+OBruimgeWboOOBr+WFhembu+axoOOBq+OBguOCiuOBvuOBmeOAguOBneOBhuOBquOBo+OBn+WgtOWQiOOBr+OAgeOBvuOBmuWFhembu+axoOOBruS6pOaPm+OCkuOBiuWLp+OCgeOBhOOBn+OBl+OBvuOBmeOAgjxicj4K77yI5YWF6Zu75rGg44KS44GU6LO85YWl5YmN44Gr5LiA5bqm44CB5pmu6YCa44Gu5Lm+6Zu75rGg44Gn54K554Gv44GZ44KL44GL44GK56K644GL44KB5LiL44GV44GE44CC77yJPGJyPgo8YnI+CuOBvuOBn+OAgeOCveODvOODqeODvOODqeOCpOODiOOBq+mWouOBl+OBvuOBl+OBpuOBr+S/rueQhuWvvuW/nOOBr+WPl+OBkeS7mOOBkeOBpuOBiuOCiuOBvuOBm+OCk+OAgiAgICA8YnI+Cjxicj4K77yK5b2T56S+6LKp5aOy6Ie044GX44Gm44GK44KK44G+44GZ44K944O844Op44O844Op44Kk44OI44Gr44Gk44GN44G+44GX44GmCueCueeBr+S4jeWCmeODu+egtOaQjeOBquOBqeOBq+OCiOOCi+S6pOaPm+S/neiovOacn+mWk+OBr+WVhuWTgeOBlOWIsOedgOW+jDHjgYvmnIjjgajjgarjgorjgb7jgZnjgIIK5Y+W5omx6Kqs5piO5pu444Gq44Gp44Gr5pyf6ZaT44KS6KiY6LyJ44GX44Gm44GE44KL44KC44Gu44KC5b6h5bqn44GE44G+44GZ44GM44CB44Gd44Gh44KJ44Gu5L+d6Ki844GvCueEoeWKueOBqOOBquOBo+OBpuOBiuOCiuOBvuOBmeOBruOBp+OAgeOBlOS6huaJv+OBrueoi+OAgeWunOOBl+OBj+OBiumhmOOBhOiHtOOBl+OBvuOBmeOAgiA8YnI+PGJyPjxicj4K77yK5b6M5pel6L+95Yqg5rOo5paH44Gu44GK5a6i5qeY44G4PGJyPgo8YnI+CuOCt+ODo+ODs+ODkeODs+OCtOODvOODq+ODiS/jgrnjgrPjg4Pjg4HjgrTjg7zjg6vjg4njgafjgZnjgYwgIDxicj4K5ZWG5ZOB44GuTE9U44Gr44KI44KK44KP44Ga44GL44Gn44Gv44GU44GW44GE44G+44GZ44GM44CBPGJyPgrjg6njgqTjg4jjga7oibLjga4gIOa/g+a3oeOBjOeZuueUn+OBmeOCi+OBk+OBqOOBjOOBguOCiuOBvuOBmeOAgiAgICA8YnI+CuOBlOS6huaJv+S4i+OBleOBhOOAgiA8YnI+PGJyPgrvvJzllYblk4Hjga7mgKfos6rkuIrjgIHoqK3nva7nirbms4HjgoTmsJfmuKnmub/luqbnirbms4Hjgavjgojjgorjgqzjg6njgrnjg5zjg7zjg6vlhoXjgafntZDpnLLjgavjgojjgorjgqzjg6njgrnjgYzmm4fjgovjgZPjgajjgYzlvqHluqfjgYTjgb7jgZnjgILvvJ4=,44CQ44GK5b6X44GqMTLlgIvjgrvjg4Pjg4jjgJHkurrmsJfjga7jg5Ljg5PliqDlt6Xjga7jgqzjg6njgrnoo70g44Kw44Op44K5IOOCveODvOODqeODvOODqeOCpOODiOOCueODhuODs+ODrOOCueijveOCr+ODquOCueOCv+ODq+OAgOOCrOODvOODh+ODs+ODqeOCpOODiOOAgEVhcnRo44CQ44Op44Kk44OI44Kr44Op44O877ya44K344Oj44Oz44OR44Oz44K044O844Or44OJ44CR77yaU21pbGUgR2FyZGVu77yGRVg=,6YCa5L+h6LKp5aOy6YCa6LKp44K344On44OD44OU44Oz44Kw44Kq44Oz44Op44Kk44Oz44K344On44OD44OU44Oz44Kw6LK344GE54mp44OX44Os44K844Oz44OI44Ku44OV44OI6LSI44KK54mp6LSI562U5ZOB44GK5Lit5YWD44GK5q2z5pqu44GK6LK344GE5b6X44Kw44Os44O844OB44Oz44Kw44Oe44Oz44Ob44O844OrVeWtl+a6nea1hOWMluanvembqOaoi+OCq+ODvOODneODvOODiOmbqOOBqeOBhOS/rueQhumbqOOBqeOBhOmDqOWTgeOCveODvOODqeODvOODqeOCpOODiOOCrOODvOODh+ODs+OCveODvOODqeODvOODqeOCpOODiOODnuODs+ODm+ODvOODq+iTi+eJqee9ruOCteOCpOOCr+ODq+ODj+OCpuOCueOCq+ODvOOCueODhuODg+ODl+OCtOODoOijveauteW3ruOCueODreODvOODl+auteW3ruatqemBk+S4iuOBjOOCiuOCueODhuODs+ODrOOCueijveOCsOODrOODvOODgeODs+OCsOWBtOa6neeUqOOCsOODrOODvOODgeODs+OCsOOCqOOCr+OCueODhuODquOCouOAkOOBiuW+l+OBqjEy5YCL44K744OD44OI44CR5Lq65rCX44Gu44OS44OT5Yqg5bel44Gu44Ks44Op44K56KO9IOOCsOODqeOCuSDjgr3jg7zjg6njg7zjg6njgqTjg4jjgrnjg4bjg7Pjg6zjgrnoo73jgq/jg6rjgrnjgr/jg6vjgIDjgqzjg7zjg4fjg7Pjg6njgqTjg4jjgIBFYXJ0aOOAkOODqeOCpOODiOOCq+ODqeODvO+8muOCt+ODo+ODs+ODkeODs+OCtOODvOODq+ODieOAkQ==,44Ks44O844OH44Oz44K944O844Op44O844Op44Kk44OIIOOBiuOBl+OCg+OCjOOBquODkuODk+WKoOW3peOAguOAkOOBiuW+l+OBqjEy5YCL44K744OD44OI44CR5Lq65rCX44Gu44OS44OT5Yqg5bel44Gu44Ks44Op44K56KO9IOOCsOODqeOCuSDjgr3jg7zjg6njg7zjg6njgqTjg4jjgrnjg4bjg7Pjg6zjgrnoo73jgq/jg6rjgrnjgr/jg6vjgIDjgqzjg7zjg4fjg7Pjg6njgqTjg4jjgIBFYXJ0aOOAkOODqeOCpOODiOOCq+ODqeODvO+8muOCt+ODo+ODs+ODkeODs+OCtOODvOODq+ODieOAkQ==[rn]
11-197544,aHR0cDovL3RzaG9wLnIxMHMuanAvbWFyaWVhbm5lLTgvY2FiaW5ldC94bWFzL2x1bXBvbmIuanBnP2ZpdGluPTcwMDo3MDA=,MTQ2Ny4yMDAw,,6Iqx44O744Ks44O844OH44Oz44O7RElZID4g44Ko44Kv44K544OG44Oq44Ki44O744Ks44O844OH44Oz44OV44Kh44OL44OB44Oj44O8ID4g44Op44Kk44OI44O744Kk44Or44Of44ON44O844K344On44OzID4g44Ks44O844OH44Oz44Op44Kk44OIIOODu+eBr+evrQ==,44Ks44O844Op44Oz44OJIOODqeOCpOODiOOAgOODkeODvOODhuOCo+ODvOOAgOOCrOODvOODh+ODs+OCpuOCp+ODh+OCo+ODs+OCsCDjgqrjg7zjg4rjg6Hjg7Pjg4jjgIDpm7vnkIPjgIDjg6njg7Pjg5fjg5XjgqfjgrnjgIDjg4bjg7Pjg4jjgIDpo77jgoog6KOF6aO+44CA57WQ5ama5byP44CA44Kk44Oz44OG44Oq44Ki44CA44GK44GX44KD44KM,,PGZvbnQgc2l6ZT0iNCIgY29sb3I9IjFlMDA3MyI+44Kk44Or44Of44ON44O844K344On44OzIOOCrOODvOODqeODs+ODieOAgeOCr+ODquOCueODnuOCueOCquODvOODiuODoeODs+ODiOOAgeOAgDxicj4KTEVE44Ks44O844Op44Oz44OJ44CA6Zu75rGg5byP77yI5Y2Y5LiJ6Zu75rGgM+acrO+8iembu+eQg+iJsjxicj4K6Zu755CD44Op44Oz44OX44K/44Kk44OXPC9mb250Pjxicj4KPGJyPgo8dGFibGUgd2lkdGg9IjM1MCIgYm9yZGVyPSIwIiBjZWxscGFkZGluZz0iMCIgY2VsbHNwYWNpbmc9IjAiPgoKPHRyPgogICAgPHRkPjxpbWcgc3JjPSJodHRwOi8vaW1hZ2UucmFrdXRlbi5jby5qcC9tYXJpZWFubmUtOC9jYWJpbmV0L3htYXMvbHVtcG9uYi5qcGciIHdpZHRoPSIzNTAiPjwvdGQ+CiAgPC90cj4KICA8dHI+CiAgICA8dGQ+PGltZyBzcmM9Imh0dHA6Ly9pbWFnZS5yYWt1dGVuLmNvLmpwL21hcmllYW5uZS04L2NhYmluZXQveG1hcy9sdW1wb24xLmpwZyIgd2lkdGg9IjM1MCI+PC90ZD4KICA8L3RyPgo8dHI+CiAgICA8dGQ+PGltZyBzcmM9Imh0dHA6Ly9pbWFnZS5yYWt1dGVuLmNvLmpwL21hcmllYW5uZS04L2NhYmluZXQveG1hcy9sdW1wb24xYy5qcGciIHdpZHRoPSIzNTAiPjwvdGQ+CiAgPC90cj4KCiAgICA8dHI+CiAgICA8dGQ+CiAgICAgIDxpbWcgc3JjPSJodHRwOi8vaW1hZ2UucmFrdXRlbi5jby5qcC9tYXJpZWFubmUtOC9jYWJpbmV0L3htYXMvbHVtcG9uc2l6ZS5qcGciIHdpZHRoPSIzNTAiPjwvdGQ+CiAgPC90cj4KICA8dHI+CiAgICA8dGQ+PGltZyBzcmM9Imh0dHA6Ly9pbWFnZS5yYWt1dGVuLmNvLmpwL21hcmllYW5uZS04L2NhYmluZXQveG1hcy9sdW1wb24yLmpwZyIgd2lkdGg9IjM1MCI+PC90ZD4KICA8L3RyPgogIDx0cj4KICAgIDx0ZD48aW1nIHNyYz0iaHR0cDovL2ltYWdlLnJha3V0ZW4uY28uanAvbWFyaWVhbm5lLTgvY2FiaW5ldC94bWFzL2x1bXBvbjQuanBnIiB3aWR0aD0iMzUwIj48L3RkPgogIDwvdHI+CiA8dHI+CiAgICA8dGQ+PGltZyBzcmM9Imh0dHA6Ly9pbWFnZS5yYWt1dGVuLmNvLmpwL21hcmllYW5uZS04L2NhYmluZXQveG1hcy9sdW1wb24xYmIuanBnIiB3aWR0aD0iMzUwIj48L3RkPgogIDwvdHI+CiAgPHRyPgogICAgPHRkPjxpbWcgc3JjPSJodHRwOi8vaW1hZ2UucmFrdXRlbi5jby5qcC9tYXJpZWFubmUtOC9jYWJpbmV0L3htYXMvbHVtcG9ubGFzdC5qcGciIHdpZHRoPSIzNTAiPjwvdGQ+CiAgPC90cj4KICAgIAoKCiAgPHRyPgogICAgPHRkIGFsaWduPSJsZWZ0Ij48Zm9udCBzaXplPSItMSIgY29sb3I9IiMzMzMzMzMiPjxicj4K6Zu755CD44Op44Oz44OX44K/44Kk44OX44Gu44Ks44O844Op44Oz44OJ44Gn44GZ44CCTEVE44Gv5LuK44Gv44KE44KK44Gu44K444Ol44Ko44Oq44O844Op44Kk44OI44Gu6Yed6YeR44Ov44Kk44Ok44O844K/44Kk44OX4piFPGJyPgrjgrjjg6Xjgqjjg6rjg7zjg6njgqTjg4jjgavpm7vnkIPjgYzjgaTjgYTjgZ/jgr/jgqTjg5fjgajjgarjgorjgb7jgZnjgII8YnI+CuODluODq+ODg+OCr+ODquODs+miqOOCpOODs+ODhuODquOCouOChOeEoemqqOOBquOCueOCv+OCpOODq+OBq+OCguOCouOCr+OCu+ODs+ODiOOBq+OBquOCiuOBvuOBmeOAgjxicj4K44Kt44Oj44Oz44OX44KEQkJR44Gu6Zqb44Gu6Zu755CD44OH44Kz44Os44O844K344On44Oz44CB55uu5Y2w44Go44GX44Gm5L2/55So44GX44Gm44KC44GK44GX44KD44KM44Gn44GZ4pmqPGJyPgrku4rjga7mmYLmnJ/jgaDjgajjgq/jg6rjgrnjg57jgrnjg4Tjg6rjg7zjga7jgqrjg7zjg4rjg6Hjg7Pjg4jjgIHjgq/jg6rjgrnjg57jgrnjg4fjgrPjg6zjg7zjgrfjg6fjg7PjgavjgoLmtLvnlKjjgafjgY3jgb7jgZnimao8YnI+Cumbu+axoOOCv+OCpOODl+OBquOBruOBp+mbu+a6kOWgtOaJgOOCkumBuOOBsOOBmuOBqeOBk+OBp+OCguOBiuWlveOBjeOBquWgtOaJgOOBq+e9ruOBkeOBvuOBmeOAgjxicj4KPGJyPiAK5Y+I44CB6Zu755CD6YOo5YiG44Gv5Y+W44KK5aSW44GX44GM5Y+v6IO944Gn44GZ44Gu44Gn44CB6Zu755CD44Gu5Lit44Gr5L2V44GL5bCP54mp44KS5YWl44KM44Gm6Zu755CD44OH44Kz44Os44O844K344On44Oz44KC5qW944GX44KB44G+44GZ44CCCjxicj4gCuKAu+mbu+eQg+OCkuOBmeOBueOBpuWPluOCiuWkluOBmeS6i+OCguOBp+OBjeOAgeOCuOODpeOCqOODquODvOODqeOCpOODiOOBqOOBl+OBpuOCguOBlOS9v+eUqOOBp+OBjeOBvuOBmeOAgjxicj4KPGJyPgrjgJDpo77jgorku5jjgZHkvovjgJE8YnI+CuODu+OCr+ODquOCueODnuOCueODhOODquODvOOBrumjvuOCiuS7mOOBkeODh+OCs+ODrOODvOOCt+ODp+ODs+OBqOOBl+OBpuOAgjxicj4gCuODu+eqk+aeoOOBruODh+OCs+ODrOODvOOCt+ODp+ODs+OAgemhjee4geWRqOOCiuOBruODh+OCs+ODrOODvOOCt+ODp+ODs+OAgjxicj4K44O744OH44Kj44K544OX44Os44Kk44Gu44Ki44Kv44K744Oz44OI44Go44GX44Gm44KC44CCPGJyPjwvZm9udD48L3RkPgogIDwvdHI+CgogIDx0cj4KICAgIDx0ZCBhbGlnbj0ibGVmdCI+PGZvbnQgc2l6ZT0iLTEiIGNvbG9yPSIjMzMzMzMzIj48YnI+CiAg4pag6Zu755CDMTDlgIvjgIDvvIjlhajjgablj5bjgorlpJbjgZflj6/og73vvIk8YnI+CiAgICAgIOKWoOOCteOCpOOCuu+8mumVt+OBlee0hDMyNmNt77yI5YWo6ZW344K144Kk44K644GvTEVE44Ov44Kk44Ok44O844Gu5be744GN6L6844G/5qyh56ys44Gn5YCL44CF44Gr5beu44GM44GU44GW44GE44G+44GZ44CC77yJ44CAPGJyPgogICAgICDilqDpm7vnkIPpg6jliIbigLvkuIrnlLvlg4/lj4LnhafkuIvjgZXjgYTjgII8YnI+CiAgICAgICAg4pag57Sg5p2Q77ya44OX44OpPGJyPgogICAgICAgIOKWoOmbu+axoOW8j+OCv+OCpOODl++8muWNmOS4iembu+axoCZ0aW1lczsz5pys44CA4oC75Y2Y5LiJ6Zu75rGg44Gv5LuY5bGe44GX44Gm44GK44KK44G+44Gb44KT44CCPGJyPgogICAgPC9mb250PjwvdGQ+CiAgICA8L3RyPgoKICA8dHI+CiAgICA8dGQgYWxpZ249ImxlZnQiPjxmb250IHNpemU9Ii0xIiBjb2xvcj0icmVkIj48YnI+CuKAu+iQveS4i+OAgeihneaSg+OBjOWKoOOCj+OCi+OBqOegtOaQjeOBruWOn+WboOOBq+OBquOCiuOBvuOBmeOBruOBp+OBlOazqOaEj+OBj+OBoOOBleOBhOOBvuOBm+OAgjxicj4KICAgICAg4oC76Zu755CD44Gu5Lit44Gr44Gv5Y+v54ax5oCn44Gu44GC44KL54mp44Gv5YWl44KM44Gq44GE44Gn5LiL44GV44GE44CC44CA44CQ5L6L44CR5pyo44GP44Ga44KE57SZ5biD6aGe562JPGJyPgogICAgICDigLvlrqTlhoXnlKjjgajjgZfjgabjgZTkvb/nlKjjgY/jgaDjgZXjgYTjgII8YnI+CuKAu+axmuOCjOOChOWCt+etieOBjOOBguOCi+WgtOWQiOOBjOOBlOOBluOBhOOBvuOBmeOBjOOAgeOBlOS6huaJv+S4i+OBleOBhOOAggogICAgPGJyPgogICAgPGJyPgogICAg4oC75Y+W5LuY44Gv6Ieq5bex6LKs5Lu744Gr44Gm6KGM44Gj44Gm44GP44Gg44GV44GE44CCIDxicj4KICAgIOKAu+ijveWTgeOBruS4jeiJr+OBq+mWouOBl+OBpuOAgeWVhuWTgeWIsOedgOOCiOOCijHpgLHplpPnqIvluqbjgafjgYLjgozjgbDkuqTmj5vjgarjganjga7lr77lv5zjgpLjgZXjgZvjgabjgYTjgZ/jgaDjgY3jgb7jgZnjgII8YnI+CiAgICDigLvoo73lk4Hjga7liJ3mnJ/kuI3oia/jgavplqLjgZfjgabjga/jgIHkuqTmj5vjgarjganjga7lr77lv5zjgpLjgZXjgZvjgabjgYTjgZ/jgaDjgY3jgb7jgZnjgYzjgIE8YnI+CiAgICDigLvjgZ3jga7ku5bjgIHoo73lk4Hku6XlpJbjgavnmbrnlJ/jgZfjgZ/jgYTjgYvjgarjgovosrvnlKjjgoLkuIDliIfkv53oqLzjgYTjgZ/jgZfjgb7jgZvjgpPjgILjgZTnkIbop6PpoILjgZHjgarjgYTmlrnjga/jgZTpgaDmha7kuIvjgZXjgYTjgIIKICAgPGJyPgogICA8YnI+CiAgIOKAu+acrOijveWTgeOCkuS9v+eUqOOBl+OBpueZuueUn+OBl+OBhuOCi+OAgeS6i+aVheOAgeaQjeWus+OAgeaQjeWCt+OAgeegtOaQjeetieOAgTxicj4KICAg44GV44KJ44Gr5LqM5qyh55qE5LqL5pWF5pCN5a6z44Gr44Gk44GE44Gm44KCCuW8iuekvuOBp+OBr+S4gOWIh+OBruiyrOS7u+OCkuiyoOOBhOOBi+OBreOBvuOBmeOAgjxicj4K5Lul6ZmN44Gv6KOB5Yik5omA44Gu5oyH56S644Gr5b6T44Gj44Gm44GP44Gg44GV44GE44CCPGJyPgogICAgCjxicj48L2ZvbnQ+PC90ZD4KICAgIDwvdHI+CgogICAKPC90YWJsZT4=,44Ks44O844Op44Oz44OJIOODqeOCpOODiOOAgOODkeODvOODhuOCo+ODvOOAgOOCrOODvOODh+ODs+OCpuOCp+ODh+OCo+ODs+OCsCDjgqrjg7zjg4rjg6Hjg7Pjg4jjgIDpm7vnkIPjgIDjg6njg7Pjg5fjg5XjgqfjgrnjgIDjg4bjg7Pjg4jjgIDpo77jgoog6KOF6aO+44CA57WQ5ama5byP44CA44Kk44Oz44OG44Oq44Ki44CA44GK44GX44KD44KM77yaTWFyaWUgQW5uZQ==,6YCa5L+h6LKp5aOy6YCa6LKp44K344On44OD44OU44Oz44Kw44Kq44Oz44Op44Kk44Oz44K344On44OD44OU44Oz44Kw6LK344GE54mp44OX44Os44K844Oz44OI44Ku44OV44OI6LSI44KK54mp6LSI562U5ZOB44GK5Lit5YWD44GK5q2z5pqu44GK6LK344GE5b6X44OP44Oz44Oi44OD44Kv5rC0552A44Op44OD44K344Ol44Ks44O844OJ44OZ44OT44O844CA44Kt44OD44K644Os44OH44Kj44O844K544OP44Oz44Oi44OD44Kv6Ieq56uL5byP44Os44OH44Kj44O844K55rC0552A44Ks44O844Op44Oz44OJIOODqeOCpOODiOOAgOODkeODvOODhuOCo+ODvOOAgOOCrOODvOODh+ODs+OCpuOCp+ODh+OCo+ODs+OCsCDjgqrjg7zjg4rjg6Hjg7Pjg4jjgIDpm7vnkIPjgIDjg6njg7Pjg5fjg5XjgqfjgrnjgIDjg4bjg7Pjg4jjgIDpo77jgoog6KOF6aO+44CA57WQ5ama5byP44CA44Kk44Oz44OG44Oq44Ki44CA44GK44GX44KD44KM,44Ks44O844Op44Oz44OJIOODqeOCpOODiOOAgOODkeODvOODhuOCo+ODvOOAguOCrOODvOODqeODs+ODiSDjg6njgqTjg4jjgIDjg5Hjg7zjg4bjgqPjg7zjgIDjgqzjg7zjg4fjg7Pjgqbjgqfjg4fjgqPjg7PjgrAg44Kq44O844OK44Oh44Oz44OI44CA6Zu755CD44CA44Op44Oz44OX44OV44Kn44K544CA44OG44Oz44OI44CA6aO+44KKIOijhemjvuOAgOe1kOWpmuW8j+OAgOOCpOODs+ODhuODquOCouOAgOOBiuOBl+OCg+OCjA==[rn]
11-197545,aHR0cDovL3RzaG9wLnIxMHMuanAvamlzbS9jYWJpbmV0LzAzMTcvNDkwNTAwOTgxODgxNS5qcGc/Zml0aW49NzAwOjcwMA==,MTUyOC4wMDAw,,6Iqx44O744Ks44O844OH44Oz44O7RElZID4g44Ko44Kv44K544OG44Oq44Ki44O744Ks44O844OH44Oz44OV44Kh44OL44OB44Oj44O8ID4g44Op44Kk44OI44O744Kk44Or44Of44ON44O844K344On44OzID4g44Ks44O844OH44Oz44Op44Kk44OIIOODu+eBr+evrQ==,R1NMLTIyMlfjgJDnqI7ovrzjgJEg44Ki44Kk44Oq44K544Kq44O844Ok44OeIOODkeODq+OCueW8j+OCveODvOODqeODvOODqeOCpOODiCjjg5vjg6/jgqTjg4gpIElSSVMgW0dTTDIyMldd44CQ6L+U5ZOB56iu5YilQeOAkeOAkFJDUOOAkQ==,,5YWl6I235qyh56ys5Ye66I2377yI55uu5a6J77yJ77yPICDvvI/igLvjgYrnn6XjgonjgZso5b+F6KqtKe+8j++8j++8j+KXhkxFROOCkjTlgIvkvb/nlKjjgIHngrnnga/mmYLplpPjga/ntIQ35pmC6ZaT4peG5ZGo44KK44Gu5piO44KL44GV44KS5oSf55+l44GX44Gm44CB6Ieq5YuV54K554Gv44O76Ieq5YuV5raI54Gv4peGM+auteODreODs+OCsOODquODleODrOOCr+OCv+ODvOOCkuS9v+eUqOOAgeaYjuOCi+OBleOBq+WEquOCjOOBpuOBhOOCi+OCveODvOODqeODvOODqeOCpOODiA==,R1NMLTIyMlfjgJDnqI7ovrzjgJEg44Ki44Kk44Oq44K544Kq44O844Ok44OeIOODkeODq+OCueW8j+OCveODvOODqeODvOODqeOCpOODiCjjg5vjg6/jgqTjg4gpIElSSVMgW0dTTDIyMldd44CQ6L+U5ZOB56iu5YilQeOAkeOAkFJDUOOAke+8mkpvc2hpbiB3ZWIg5a626Zu744GoUEPjga7lpKflnovlsILploDlupc=,6YCa5L+h6LKp5aOy6YCa6LKp44K344On44OD44OU44Oz44Kw44Kq44Oz44Op44Kk44Oz44K344On44OD44OU44Oz44Kw6LK344GE54mp44OX44Os44K844Oz44OI44Ku44OV44OI6LSI44KK54mp6LSI562U5ZOB44GK5Lit5YWD44GK5q2z5pqu44GK6LK344GE5b6X5a626Zu744OR44K944Kz44OzQVbmqZ/lmajpq5jntJrjgqrjg7zjg4fjgqPjgqrjg5vjg5Pjg7zjgYrjgoLjgaHjgoPjgrLjg7zjg6DpiYTpgZPmqKHlnovmmYLoqIhQQ+ODhuODrOODk+ODrOOCs+ODvOODgOODvOmbkeiyqOaooeWei+WGt+iUteW6q+a0l+a/r+apn+OCqOOCouOCs+ODs2dhbWVob2JieWNvbXB1dGVyR1NMLTIyMlfjgJDnqI7ovrzjgJEg44Ki44Kk44Oq44K544Kq44O844Ok44OeIOODkeODq+OCueW8j+OCveODvOODqeODvOODqeOCpOODiCjjg5vjg6/jgqTjg4gpIElSSVMgW0dTTDIyMldd44CQ6L+U5ZOB56iu5YilQeOAkeOAkFJDUOOAkQ==,5qW95aSpU2hvcCBvZiB0aGUgWWVhciAyMDE2IOe3j+WQiOOCsOODqeODs+ODl+ODquWPl+iznuKYheOAgkdTTC0yMjJX44CQ56iO6L6844CRIOOCouOCpOODquOCueOCquODvOODpOODniDjg5Hjg6vjgrnlvI/jgr3jg7zjg6njg7zjg6njgqTjg4go44Ob44Ov44Kk44OIKSBJUklTIFtHU0wyMjJXXeOAkOi/lOWTgeeoruWIpUHjgJHjgJBSQ1DjgJE=[rn]
11-197546,aHR0cDovL3RzaG9wLnIxMHMuanAvYWtpYmFtYWMvY2FiaW5ldC8wNDc0MTg5OS80OTA1MDA5NDE2NTU0LmpwZz9maXRpbj03MDA6NzAw,MjM4NC4wMDAw,,6Iqx44O744Ks44O844OH44Oz44O7RElZID4g44Ko44Kv44K544OG44Oq44Ki44O744Ks44O844OH44Oz44OV44Kh44OL44OB44Oj44O8ID4g44Op44Kk44OI44O744Kk44Or44Of44ON44O844K344On44OzID4g44Ks44O844OH44Oz44Op44Kk44OIIOODu+eBr+evrQ==,44Ki44Kk44Oq44K544Kq44O844Ok44Oe44CQ5bGL5aSW55So44CR5Lm+6Zu75rGg5byPTEVEReOCu+ODs+OCteODvOODqeOCpOODiCBMU0wtQjNUTC0yMDDvvIjpm7vnkIPoibLvvIkgKExTTEIzVEwyMDAp,,44K744Oz44K144O844GM5Lq644Gu5YuV44GN44KS5qSc55+l44GX44Gm6Ieq5YuV55qE44Gr54K554Gv44GZ44KL5Lm+6Zu75rGg5byPTEVE6Ziy54qv44K744Oz44K144O844Op44Kk44OI44Gn44GZ44CC,44Ki44Kk44Oq44K544Kq44O844Ok44Oe44CQ5bGL5aSW55So44CR5Lm+6Zu75rGg5byPTEVEReOCu+ODs+OCteODvOODqeOCpOODiCBMU0wtQjNUTC0yMDDvvIjpm7vnkIPoibLvvIkgKExTTEIzVEwyMDAp77ya44K944OV44Oe44OD44OX44CA44OH44K444K/44Or44Kz44Os44Kv44K344On44Oz,6YCa5L+h6LKp5aOy6YCa6LKp44K344On44OD44OU44Oz44Kw44Kq44Oz44Op44Kk44Oz44K344On44OD44OU44Oz44Kw6LK344GE54mp44OX44Os44K844Oz44OI44Ku44OV44OI6LSI44KK54mp6LSI562U5ZOB44GK5Lit5YWD44GK5q2z5pqu44GK6LK344GE5b6X44K944OV44Oe44OD44OXIOODh+OCuOOCv+ODq+OCs+ODrOOCr+OCt+ODp+ODs1NvZm1hcCBEaWdpdGFsIENvbGxlY3Rpb27jg5Hjgr3jgrPjg7Pjgr/jg5bjg6zjg4Pjg4hQQ0hEROOCouOCu+ODs+ODluODquODkeODvOODhOODkeOCveOCs+ODs+ODkeODvOODhOODhuODrOODk+OCsuODvOODoOODluODq+ODvOODrOOCpOOCveODleODiERWROOCveODleODiOa2suaZtuODhuODrOODk+ODluODq+ODvOODrOOCpOODh+OCo+OCueOCr+ODrOOCs+ODvOODgOODvOODh+OCuOOCv+ODq+S4gOecvOODrOODleOCq+ODoeODqeODh+OCuOOCv+ODq+OCq+ODoeODqeWutumbu+aZguioiOS4reWPpOOAgOOCveODleODiOOCouOCpuODiOODrOODg+ODiOS4reWPpOODjuODvOODiOODkeOCveOCs+ODs+S4reWPpOODkeOCveOCs+ODs+OCouOCpOODquOCueOCquODvOODpOODnuOAkOWxi+WklueUqOOAkeS5vumbu+axoOW8j0xFREXjgrvjg7PjgrXjg7zjg6njgqTjg4ggTFNMLUIzVEwtMjAw77yI6Zu755CD6Imy77yJIChMU0xCM1RMMjAwKQ==,44Ki44Kk44Oq44K544Kq44O844Ok44Oe44CQ5bGL5aSW55So44CR5Lm+6Zu75rGg5byPTEVEReOCu+ODs+OCteODvOODqeOCpOODiCBMU0wtQjNUTC0yMDDvvIjpm7vnkIPoibLvvIkgKExTTEIzVEwyMDAp[rn]
11-197547,aHR0cDovL3RzaG9wLnIxMHMuanAvc2hvcHdvcmxkL2NhYmluZXQvbV9pbWcvaXRlbTIvMTAxMzI1Nzd4Mi5qcGc/Zml0aW49NzAwOjcwMA==,ODIyLjQwMDA=,,6Iqx44O744Ks44O844OH44Oz44O7RElZID4g44Ko44Kv44K544OG44Oq44Ki44O744Ks44O844OH44Oz44OV44Kh44OL44OB44Oj44O8ID4g44Op44Kk44OI44O744Kk44Or44Of44ON44O844K344On44OzID4g44Ks44O844OH44Oz44Op44Kk44OIIOODu+eBr+evrQ==,5YWJ44KLIOOCveODvOODqeODvOODouODvOOCt+ODp+ODsyDjg5Djgr/jg5Xjg6njgqQg44Ks44O844OH44Oz44OV44Op44OD44K/44O844OV44Op44OD44K344OlIOidtuOCv+OCpOODlyDoh6rli5Xngrnnga8g44K944O844Op44O844OR44ON44OrIOaQrei8iSDjgqzjg7zjg4fjg4vjg7PjgrDpm5Hosqgg6J2244CFIOODgeODp+OCpiDjgqLjgrLjg48g5o+a57696J22IOOCveODvOODqeODvOODqeOCpOODiCDjgr3jg7zjg6njg7wg5YWF6Zu7IOWkqumZveWFiSDjgqzjg7zjg4fjg4vjg7PjgrAg5bqt,,44CM44G+44KL44Gn5pys54mp44Gu44Ki44Ky44OP6J2244GM44GK5a6244Gr44KE44Gj44Gm44GN44Gf44G/44Gf44GE44CNPGJyPgrjgr3jg7zjg6njg7zjg5Hjg43jg6vjgYvjgonok4TjgYjjgZ/pm7vlipvjgafjgIE8YnI+CuidtuOAheOBjOOBj+OCi+OBj+OCi+OBqOmiqOOBq+OBteOCieOCjOOBpue+veOBsOOBn+OBjeOBvuOBmeOAgjxicj4K5aSc44Gr44Gq44KL44Go5LiA6Lui44CB5Lit5aSu44Gu6J2244GM6Ieq5YuV55qE44Gr54K554Gv44GX44G+44GZ44CCPGJyPgrmmLzplpPjga7oj6/jgoTjgYvjgZXjgajjga/jgYbjgaPjgabjgYvjgo/jgorjgIHlubvmg7PnmoTjgarjgYrluq3jgpLjgaTjgY/jgorjgb7jgZnjgII8YnI+Cjxicj4K44K944O844Op44O844OR44ON44Or5pCt6LyJ44GX44Gf44GT44Gu44Ks44O844OH44Oz44Ki44Kv44K744K144Oq44O844Gv44CB5o+a57696J2244Gu44Oi44OB44O844OV44GM44GP44KL44GP44KL44Go5Zue6Lui44GX44G+44GZ44CCPGJyPgrjgb7jgZ/jgIHljZjvvJXkub7pm7vmsaDvvIjliKXlo7LjgorvvInjgpLkvb/jgYjjgbDjgIHlpKrpmb3lhYnjgYzmnJvjgoHjgarjgYTmm4fjgorjga7ml6XjgafjgoLli5XjgYvjgZnjgZPjgajjgYzjgafjgY3jgb7jgZnjgII8YnI+CumFjee3muOBjOS4jeimgeOBoOOBi+OCieaJi+i7veOBq+WPluOCiuS7mOOBkeOBp+OBjeOCi+OBk+OBqOOAgTxicj4K6Zu75rCX5LujMOWGhuOBp+OCqOOCs+ODreOCuOODvO+8huOCqOOCs+ODjuODn+ODvOOBqueCueOCguOBqOOBo+OBpuOCguWsieOBl+OBhOOBp+OBmeOBreOAgjxicj4K5pys54mp44Gu6J2244GV44Gq44GM44KJ44Gu5YuV44GN44Gn44CB44GK5bqt44Gu5Y2w6LGh44KC44Gr44GO44KE44GL77yG6I+v44KE44GL44Gr5aSJ44KP44KK44G+44GZ44CCPGJyPgoKPGJyPgo8YnI+CuOAkOWVhuWTgeips+e0sOOAkSA8YnI+CuOCteOCpOOCuu+8mu+8iOe0hO+8iTfDlzQuNcOXNC4zMGNtPGJyPgrjg6/jgqTjg6Tjg7zplbfvvJoo57SEKTI0Y208YnI+CuWbnui7ouWNiuW+hO+8mijntIQpMzBjbTxicj4K5p2Q6LOq77ya5pys5L2TIEFCU+aoueiEguOAgeidtiBQRVTmqLnohILjgIHjg6/jgqTjg6Tjg7wg44K544OB44O844Or5LuWPGJyPgpKQU7vvJo0NTYyMjc4NzA4OTgwPGJyPgoKPGJyPjxicj48aW1nIHNyYz0iaHR0cDovL2ltYWdlLnJha3V0ZW4uY28uanAvc2hvcHdvcmxkL2NhYmluZXQvdF9pbWcvYmFubmVyL2VjbzYwMC5qcGciIHdpZHRoPSIxMDAlIj4KCgoKCgoKPCEtLeOBiuawl+OBq+WFpeOCiueZu+mMsuS/g+mAsiDlpInmm7TjgZfjgarjgYQtLT4KPGJyPjxicj4KPHAg44CA44CA44CA44CA44CA44CA44CA44CA44CA44CA44CA44CA44CA44CA44CA44CA44CA44CAPSIiIGlkPSJib29rbWFya19idG4iPjwvcOOAgOOAgOOAgOOAgOOAgOOAgD4KPCEtLeOBk+OBk+OBvuOBpy0tPg==,5YWJ44KLIOOCveODvOODqeODvOODouODvOOCt+ODp+ODsyDjg5Djgr/jg5Xjg6njgqQg44Ks44O844OH44Oz44OV44Op44OD44K/44O844OV44Op44OD44K344OlIOidtuOCv+OCpOODlyDoh6rli5Xngrnnga8g44K944O844Op44O844OR44ON44OrIOaQrei8iSDjgqzjg7zjg4fjg4vjg7PjgrDpm5Hosqgg6J2244CFIOODgeODp+OCpiDjgqLjgrLjg48g5o+a57696J22IOOCveODvOODqeODvOODqeOCpOODiCDjgr3jg7zjg6njg7wg5YWF6Zu7IOWkqumZveWFiSDjgqzjg7zjg4fjg4vjg7PjgrAg5bqt77ya44K344On44OD44OX44Ov44O844Or44OJ,6YCa5L+h6LKp5aOy6YCa6LKp44K344On44OD44OU44Oz44Kw44Kq44Oz44Op44Kk44Oz44K344On44OD44OU44Oz44Kw6LK344GE54mp44OX44Os44K844Oz44OI44Ku44OV44OI6LSI44KK54mp6LSI562U5ZOB44GK5Lit5YWD44GK5q2z5pqu44GK6LK344GE5b6X44K344On44OD44OX44Ov44O844Or44OJ5o6D6Zmk5qmf44Os44Kz44O844OJ44OX44Os44O844Ok44O8TEVE44Op44Kk44OI44K144Kk44Kv44Ot44Oz5o6D6Zmk5qmfRFZE44OX44Os44O844Ok44O844Ov44Kk44Oz44OH44Kj44Oz44Kw44Oe44K344Oz44Ov44Kk44Oz44OH44Kj44Oz44Kw44Oe44K344O844Oz5q2v44GO44GX44KK6YCB5paZ54Sh5paZ5rC0562S44K144O844Oi44K55Ya36JS15bqr44Kt44OD44Kv44Oc44O844OJ6Zu75YuV44OJ44Oq44Or44Kt44Oj44OD44OI44K/44Ov44O85Ya36JS15bqr44OG44Oz44OI77ys77yl77yk44Kk44Or44Of44ON44O844K344On44Oz5YWJ44KLIOOCveODvOODqeODvOODouODvOOCt+ODp+ODsyDjg5Djgr/jg5Xjg6njgqQg44Ks44O844OH44Oz44OV44Op44OD44K/44O844OV44Op44OD44K344OlIOidtuOCv+OCpOODlyDoh6rli5Xngrnnga8g44K944O844Op44O844OR44ON44OrIOaQrei8iSDjgqzjg7zjg4fjg4vjg7PjgrDpm5Hosqgg6J2244CFIOODgeODp+OCpiDjgqLjgrLjg48g5o+a57696J22IOOCveODvOODqeODvOODqeOCpOODiCDjgr3jg7zjg6njg7wg5YWF6Zu7IOWkqumZveWFiSDjgqzjg7zjg4fjg4vjg7PjgrAg5bqt,576944Gw44Gf44GN44Gq44GM44KJ44GP44KL44GP44KL5Zue6LuiIOOBiuW6reOCkuiPr+OChOOBi+OBq+W9qeOCi+OAguWFieOCiyDjgr3jg7zjg6njg7zjg6Ljg7zjgrfjg6fjg7Mg44OQ44K/44OV44Op44KkIOOCrOODvOODh+ODs+ODleODqeODg+OCv+ODvOODleODqeODg+OCt+ODpSDonbbjgr/jgqTjg5cg6Ieq5YuV54K554GvIOOCveODvOODqeODvOODkeODjeODqyDmkK3ovIkg44Ks44O844OH44OL44Oz44Kw6ZuR6LKoIOidtuOAhSDjg4Hjg6fjgqYg44Ki44Ky44OPIOaPmue+veidtiDjgr3jg7zjg6njg7zjg6njgqTjg4gg44K944O844Op44O8IOWFhembuyDlpKrpmb3lhYkg44Ks44O844OH44OL44Oz44KwIOW6rQ==[rn]
11-197548,aHR0cDovL3RzaG9wLnIxMHMuanAvc2hvcHdvcmxkL2NhYmluZXQvbV9pbWcvaXRlbTIvMTAxMzU0MTcuanBnP2ZpdGluPTcwMDo3MDA=,NzQwLjAwMDA=,,6Iqx44O744Ks44O844OH44Oz44O7RElZID4g44Ko44Kv44K544OG44Oq44Ki44O744Ks44O844OH44Oz44OV44Kh44OL44OB44Oj44O8ID4g44Op44Kk44OI44O744Kk44Or44Of44ON44O844K344On44OzID4g44Ks44O844OH44Oz44Op44Kk44OIIOODu+eBr+evrQ==,44K944O844Op44O8IOOCrOODvOODh+ODs+ODqeOCpOODiCDmrrromavjg6njgqTjg4ggWyBIUk4tMjYxIF3jgIDlsYvlpJYgMldBWeOCv+OCpOODlyDmrrromavlmagg5q666Jmr5qmfIOiaiuWPluOCiuWZqCDomavjgojjgZEg5bqt5ZyS54GvIOiqmOiZq+eBryDmrrromavnga8g5aSq6Zm95YWJIOWus+iZqyDomasg5pKD6YCAIOauuuiZqyDluq0g546E6ZaiIOOCrOODvOODh+ODi+ODs+OCsCDoirHlo4cg6IqxIOacqCDojYkg5a6z6Jmr6aeG6ZmkIOOCveODvOODqeODvOODkeODjeODqyDnhafmmI4g6Ieq5YuVIOeCueeBryDnsKHljZjoqK3nva4g6Zu75rCX5Luj5LiN6KaB,,PGltZyBzcmM9Imh0dHA6Ly9pbWFnZS5yYWt1dGVuLmNvLmpwL3Nob3B3b3JsZC9jYWJpbmV0L21faW1nL2l0ZW0yLzEwMTM1NDk1eTEuanBnIiB3aWR0aD0iMTAwJSI+PGJyPgo8aW1nIHNyYz0iaHR0cDovL2ltYWdlLnJha3V0ZW4uY28uanAvc2hvcHdvcmxkL2NhYmluZXQvbV9pbWcvaXRlbTIvMTAxMzU0OTV5Mi5qcGciIHdpZHRoPSIxMDAlIj48YnI+CjxpbWcgc3JjPSJodHRwOi8vaW1hZ2UucmFrdXRlbi5jby5qcC9zaG9wd29ybGQvY2FiaW5ldC9tX2ltZy9pdGVtMi8xMDEzNTQ5NXk0LmpwZyIgd2lkdGg9IjEwMCUiPjxicj4KPGltZyBzcmM9Imh0dHA6Ly9pbWFnZS5yYWt1dGVuLmNvLmpwL3Nob3B3b3JsZC9jYWJpbmV0L21faW1nL2l0ZW0yLzEwMTM1NDk1eTMuanBnIiB3aWR0aD0iMTAwJSI+PGJyPgo8YnI+Cgo8Zm9udCBzaXplPSIyIiA+PGJyPjxCPuauuuiZq+eBr++8huOCrOODvOODh+ODs+ODqeOCpOODiOOBru+8keWPsO+8kuW9uTwvQj48QlI+CuOCveODvOODqeODvOODkOODg+ODhuODquODvOWGheiUteOBquOBruOBp+OAgembu+awl+S7o+S4jeimgeOBp+OBmeOAgjxicj7lrrPomavjgYzlpJrjgYTluq3lhYjjgoToirHlo4fjgIHnjoTplqLlkajjgorjgavmnIDpganjgafjgZnjgII8YnI+PGJyPueFp+aYjuODouODvOODieOBqOauuuiZq+ODouODvOODieOBuOewoeWNmOOBq+WIh+OCiuabv+OBiOWPr+iDveOBp+OBmeOAgjxicj4K54Wn5piO44Oi44O844OJ44Gv44CB44GK5bqt44KS5piO44KL44GP54Wn44KJ44GX44Gm44GP44KM44CB5q666Jmr44Oi44O844OJ44Gv44CB6Z2S44GE5YWJ44Gn6Jmr44KS6KqY5bCO44GX5pKD6YCA44GX44Gm44GP44KM44G+44GZ44CCPGJyPjxicj4K6Zuj44GX44GE6YWN57ea44KE44CB5YWF6Zu744Gu5b+D6YWN44KC44GE44KK44G+44Gb44KT44CCPGJyPgrml6XkuK3jga/jgr3jg7zjg6njg7zjg5Hjg43jg6vjgYzlpKrpmb3lhYnjgpLlj5fjgZHjgabok4Tpm7vjgZfjgIHmmpfjgY/jgarjgovjgajjgrvjg7PjgrXjg7zmhJ/nn6Xjgavjgojjgoroh6rli5Xngrnnga/jgZfjgb7jgZnjgII8YnI+CuWcsOmdouOBq+W3ruOBmeOBoOOBkeOBruewoeWNmOioree9ruOBquOBruOBp+OAgeOBiuWlveOBv+OBruWgtOaJgOOBq+OBiuaJi+i7veOBq+ioree9ruOBp+OBjeOBvuOBmeOAgjxicj4KPGJyPjxCPuOAkOWVhuWTgeips+e0sOOAkTwvQj48QlI+CuOCteOCpOOCuu+8mu+8iOe0hO+8iee0hEg0MsOXz4YxMy41Y20g77yI44GG44Gh5Zyw5Lit77yI57SE77yJMTBjbe+8iTxCUj4K5YWF6Zu75pmC6ZaT77ya77yI57SE77yJOO+9njEw5pmC6ZaTPGJyPgrkvb/nlKjmmYLplpPvvJrjg5Xjg6vlhYXpm7vjga7nirbmhYvjgafntIQ25pmC6ZaTPGJyPgrigLvmsJfosaHmnaHku7bjgavjgojjgorlhYXpm7vnjofjgoTkvb/nlKjmmYLplpPjga/nlbDjgarjgorjgb7jgZnjgII8YnI+CuadkOizqu+8muODneODquODl+ODreODlOODrOODs+OAgeODneODquOCueODgeODrOODs+OAgeOCueODgeODvOODqzxicj4K5LuY5bGe5ZOB77ya5pys5L2T44CB44Oa44Kw44CB44Od44O844OrPGJyPgpKQU7jgrPjg7zjg4nvvJo0NTYwNDA5NjMwNjEyPGJyPgo8L2ZvbnQ+Cjxicj48YnI+PGltZyBzcmM9Imh0dHA6Ly9pbWFnZS5yYWt1dGVuLmNvLmpwL3Nob3B3b3JsZC9jYWJpbmV0L3RfaW1nL2Jhbm5lci9lY282MDAuanBnIiB3aWR0aD0iMTAwJSI+CgoKCgoKCjwhLS3jgYrmsJfjgavlhaXjgornmbvpjLLkv4PpgLIg5aSJ5pu044GX44Gq44GELS0+Cjxicj48YnI+CjxwIOOAgOOAgOOAgOOAgOOAgOOAgOOAgOOAgOOAgOOAgOOAgOOAgOOAgOOAgOOAgOOAgOOAgOOAgD0iIiBpZD0iYm9va21hcmtfYnRuIj48L3DjgIDjgIDjgIDjgIDjgIDjgIA+CjwhLS3jgZPjgZPjgb7jgactLT4=,44K944O844Op44O8IOOCrOODvOODh+ODs+ODqeOCpOODiCDmrrromavjg6njgqTjg4ggWyBIUk4tMjYxIF3jgIDlsYvlpJYgMldBWeOCv+OCpOODlyDmrrromavlmagg5q666Jmr5qmfIOiaiuWPluOCiuWZqCDomavjgojjgZEg5bqt5ZyS54GvIOiqmOiZq+eBryDmrrromavnga8g5aSq6Zm95YWJIOWus+iZqyDomasg5pKD6YCAIOauuuiZqyDluq0g546E6ZaiIOOCrOODvOODh+ODi+ODs+OCsCDoirHlo4cg6IqxIOacqCDojYkg5a6z6Jmr6aeG6ZmkIOOCveODvOODqeODvOODkeODjeODqyDnhafmmI4g6Ieq5YuVIOeCueeBryDnsKHljZjoqK3nva4g6Zu75rCX5Luj5LiN6KaB77ya44K344On44OD44OX44Ov44O844Or44OJ,6YCa5L+h6LKp5aOy6YCa6LKp44K344On44OD44OU44Oz44Kw44Kq44Oz44Op44Kk44Oz44K344On44OD44OU44Oz44Kw6LK344GE54mp44OX44Os44K844Oz44OI44Ku44OV44OI6LSI44KK54mp6LSI562U5ZOB44GK5Lit5YWD44GK5q2z5pqu44GK6LK344GE5b6X44K344On44OD44OX44Ov44O844Or44OJ5o6D6Zmk5qmf44Os44Kz44O844OJ44OX44Os44O844Ok44O8TEVE44Op44Kk44OI44K144Kk44Kv44Ot44Oz5o6D6Zmk5qmfRFZE44OX44Os44O844Ok44O844Ov44Kk44Oz44OH44Kj44Oz44Kw44Oe44K344Oz44Ov44Kk44Oz44OH44Kj44Oz44Kw44Oe44K344O844Oz5q2v44GO44GX44KK6YCB5paZ54Sh5paZ5rC0562S44K144O844Oi44K55Ya36JS15bqr44Kt44OD44Kv44Oc44O844OJ6Zu75YuV44OJ44Oq44Or44Kt44Oj44OD44OI44K/44Ov44O85Ya36JS15bqr44OG44Oz44OI77ys77yl77yk44Kk44Or44Of44ON44O844K344On44Oz44K944O844Op44O8IOOCrOODvOODh+ODs+ODqeOCpOODiCDmrrromavjg6njgqTjg4ggWyBIUk4tMjYxIF3jgIDlsYvlpJYgMldBWeOCv+OCpOODlyDmrrromavlmagg5q666Jmr5qmfIOiaiuWPluOCiuWZqCDomavjgojjgZEg5bqt5ZyS54GvIOiqmOiZq+eBryDmrrromavnga8g5aSq6Zm95YWJIOWus+iZqyDomasg5pKD6YCAIOauuuiZqyDluq0g546E6ZaiIOOCrOODvOODh+ODi+ODs+OCsCDoirHlo4cg6IqxIOacqCDojYkg5a6z6Jmr6aeG6ZmkIOOCveODvOODqeODvOODkeODjeODqyDnhafmmI4g6Ieq5YuVIOeCueeBryDnsKHljZjoqK3nva4g6Zu75rCX5Luj5LiN6KaB,44K944O844Op44O844Gg44GL44KJ6Zu75rCX5Luj5LiN6KaB77yB44CC44K944O844Op44O8IOOCrOODvOODh+ODs+ODqeOCpOODiCDmrrromavjg6njgqTjg4ggWyBIUk4tMjYxIF3jgIDlsYvlpJYgMldBWeOCv+OCpOODlyDmrrromavlmagg5q666Jmr5qmfIOiaiuWPluOCiuWZqCDomavjgojjgZEg5bqt5ZyS54GvIOiqmOiZq+eBryDmrrromavnga8g5aSq6Zm95YWJIOWus+iZqyDomasg5pKD6YCAIOauuuiZqyDluq0g546E6ZaiIOOCrOODvOODh+ODi+ODs+OCsCDoirHlo4cg6IqxIOacqCDojYkg5a6z6Jmr6aeG6ZmkIOOCveODvOODqeODvOODkeODjeODqyDnhafmmI4g6Ieq5YuVIOeCueeBryDnsKHljZjoqK3nva4g6Zu75rCX5Luj5LiN6KaB[rn]
11-197549,aHR0cDovL3RzaG9wLnIxMHMuanAvc2hvcHdvcmxkL2NhYmluZXQvdF9pbWcvaXRlbTIvMTAxMzU2NDBfbTEuanBnP2ZpdGluPTcwMDo3MDA=,OTQ4LjgwMDA=,,6Iqx44O744Ks44O844OH44Oz44O7RElZID4g44Ko44Kv44K544OG44Oq44Ki44O744Ks44O844OH44Oz44OV44Kh44OL44OB44Oj44O8ID4g44Op44Kk44OI44O744Kk44Or44Of44ON44O844K344On44OzID4g44Ks44O844OH44Oz44Op44Kk44OIIOODu+eBr+evrQ==,44K944O844Op44O85q666Jmr44Op44Kk44OIIOOCrOODvOODh+ODs+ODqeOCpOODiCAyV0FZ44K/44Kk44OXICDmrrromavlmagg5q666Jmr5qmfIOiaiuWPluOCiuWZqCDomavjgojjgZEg5bqt5ZyS54GvIOiqmOiZq+eBryDmrrromavnga8g5aSq6Zm95YWJIOWus+iZqyDomasg5pKD6YCAIOauuuiZqyDluq0g546E6ZaiIOOCrOODvOODh+ODi+ODs+OCsCDoirHlo4cg6IqxIOacqCDojYkg5a6z6Jmr6aeG6ZmkIOOCveODvOODqeODvOODkeODjeODqyDnhafmmI4g5aSc6ZaT54Wn5piOIOWknOmWkyDoh6rli5Ug54K554GvIOmbu+aSg+auuuiZq+WZqCDnsKHljZjoqK3nva4g6Zu75rCX5Luj5LiN6KaB,,PGltZyBzcmM9Imh0dHA6Ly9pbWFnZS5yYWt1dGVuLmNvLmpwL3Nob3B3b3JsZC9jYWJpbmV0L3RfaW1nL2l0ZW0yLzEwMTM1NjQwXzEuanBnIiB3aWR0aD0iMTAwJSI+PGJyPjxicj4KPGltZyBzcmM9Imh0dHA6Ly9pbWFnZS5yYWt1dGVuLmNvLmpwL3Nob3B3b3JsZC9jYWJpbmV0L3RfaW1nL2l0ZW0yLzEwMTM1NjQwXzIuanBnIiB3aWR0aD0iMTAwJSI+PGJyPjxicj4KPGltZyBzcmM9Imh0dHA6Ly9pbWFnZS5yYWt1dGVuLmNvLmpwL3Nob3B3b3JsZC9jYWJpbmV0L3RfaW1nL2l0ZW0yLzEwMTM1NjQwXzMuanBnIiB3aWR0aD0iMTAwJSI+PGJyPjxicj4KCgo8Zm9udCBzaXplPSIyIiA+PGJyPjxCPuWcsOmdouOBq+W3ruOBmeOBoOOBke+8geOBqeOBk+OBp+OCguOBiuaJi+i7veioree9rjwvQj48QlI+PGJyPgrmrrromavnga/jgajjgZfjgabjgoLjgqzjg7zjg4fjg7Pjg6njgqTjg4jjgajjgZfjgabjgoLkvb/jgYjjgosx5Y+wMuW9ueOBruOCveODvOODqeODvOODqeOCpOODiOOBp+OBmeOAgjxicj4K55m944GE5YWJ44Gn5YSq44GX44GP5ZGo44KK44KS54Wn44KJ44GZ54Wn5piO44Oi44O844OJ44Go44CBPGJyPgrpnZLjgYTlhYnjgafomavjgpLlvJXjgY3lr4TjgZvmrrromavjgZnjgovmrrromavjg6Ljg7zjg4njgYzjgYLjgorjgb7jgZnjgII8YnI+CuOCueOCpOODg+ODgeS4gOOBpOOBp+ewoeWNmOOBq+WIh+OCiuabv+OBiOOBp+OBjeOBvuOBmeOAgjxicj4KPGJyPgo8Yj7jgr3jg7zjg6njg7zlvI/vvIboh6rli5Xngrnnga88L2I+PGJyPgrml6XkuK3jga/jgr3jg7zjg6njg7zjg5Hjg43jg6vjgYzlpKrpmb3lhYnjgpLlj5fjgZHjgabok4Tpm7vjgZfjgIE8YnI+Cuaal+OBj+OBquOCi+OBqOOCu+ODs+OCteODvOaEn+efpeOBq+OCiOOCiuiHquWLleeCueeBr+OBl+OBvuOBmeOAgjxicj4KPGJyPgo8Yj7jgqvjg7Pjgr/jg7PoqK3nva48L2I+PGJyPgrpm7vmupDjgoTphY3nt5rjgYzkuI3opoHjgaflnLDpnaLjgavlt67jgZnjgaDjgZHjgarjga7jgafjgIHjgYrlpb3jgb/jga7loLTmiYDjgbjoqK3nva7lh7rmnaXjgb7jgZnjgII8YnI+CuWus+iZq+OBruWkmuOBhOW6reWFiOOChOOAgeiKseWjh+WRqOOCiuOAgeeOhOmWouWRqOOCiuOBrui2s+WFg+eFp+aYjuOBquOBqeOBruioree9ruOBq+acgOmBqeOBp+OBmeOAgjxicj4KCjxicj48Qj7jgJDllYblk4HoqbPntLDjgJE8L0I+PEJSPgrjgrXjgqTjgrrvvJrvvIjntITvvIlINDLvvIjjgYbjgaHlnLDkuK0xMGNt77yJw5fnm7TlvoQxMy41Y23vvIjmnKzkvZPvvIk8QlI+CumHjemHj++8mu+8iOe0hO+8iTE5NGc8YnI+CuWFhembu+aZgumWk++8mu+8iOe0hO+8iTjvvZ4xMOaZgumWkzxicj4K5L2/55So5pmC6ZaT77ya44OV44Or5YWF6Zu754q25oWL44Gn57SENuaZgumWkzxicj4K4oC75rCX6LGh5p2h5Lu244Gr44KI44KK5YWF6Zu7546H44O75L2/55So5pmC6ZaT44Gv55Ww44Gq44KK44G+44GZ44CCPGJyPgrmnZDos6rvvJrjg53jg6rjg5fjg63jg5Tjg6zjg7PjgIHjg53jg6rjgrnjg4Hjg6zjg7PjgIHjgrnjg4Hjg7zjg6s8YnI+CkpBTuOCs+ODvOODie+8mjQ1ODAyNzgwNTM4MzE8L2ZvbnQ+Cgo8YnI+PGJyPgo8Yj7jg5bvvZ7vvZ7vvZ7jg7PjgIHjg5Hjg4Hjg7Pjg4PjgIHjgYLvvIHpgIPjgZfjgZ/jg4M8L2I+PGJyPgrlm7DjgaPjgZ/omorjgoTjgrPjg5DjgqjjgpLmrrromavliaTjgpLkvb/jgo/jgZrjgavpgIDmsrvjgZfjgojjgYbjgIDvvJ7vvJ7jgq/jg6rjg4Pjgq/vvJzvvJwKPGJyPjxicj4KCgrjgYrluq3jgoTnjoTplqLlhYjjgpLnhafjgonjgZkg44Gd44Gu5LuWIOOCrOODvOODh+ODs+ODqeOCpOODiCDjga/jgZPjgaHjgokg77ye77ye44Kv44Oq44OD44Kv77yc77ycPGJyPjxicj4KCgo8YnI+PGJyPjxpbWcgc3JjPSJodHRwOi8vaW1hZ2UucmFrdXRlbi5jby5qcC9zaG9wd29ybGQvY2FiaW5ldC90X2ltZy9iYW5uZXIvZWNvNjAwLmpwZyIgd2lkdGg9IjEwMCUiPgoKCjwhLS3jgYrmsJfjgavlhaXjgornmbvpjLLkv4PpgLIg5aSJ5pu044GX44Gq44GELS0+Cjxicj48YnI+CjxwIOOAgOOAgOOAgOOAgOOAgOOAgOOAgOOAgOOAgOOAgOOAgOOAgOOAgOOAgOOAgOOAgOOAgOOAgD0iIiBpZD0iYm9va21hcmtfYnRuIj48L3DjgIDjgIDjgIDjgIDjgIDjgIA+CjwhLS3jgZPjgZPjgb7jgactLT4=,44K944O844Op44O85q666Jmr44Op44Kk44OIIOOCrOODvOODh+ODs+ODqeOCpOODiCAyV0FZ44K/44Kk44OXICDmrrromavlmagg5q666Jmr5qmfIOiaiuWPluOCiuWZqCDomavjgojjgZEg5bqt5ZyS54GvIOiqmOiZq+eBryDmrrromavnga8g5aSq6Zm95YWJIOWus+iZqyDomasg5pKD6YCAIOauuuiZqyDluq0g546E6ZaiIOOCrOODvOODh+ODi+ODs+OCsCDoirHlo4cg6IqxIOacqCDojYkg5a6z6Jmr6aeG6ZmkIOOCveODvOODqeODvOODkeODjeODqyDnhafmmI4g5aSc6ZaT54Wn5piOIOWknOmWkyDoh6rli5Ug54K554GvIOmbu+aSg+auuuiZq+WZqCDnsKHljZjoqK3nva4g6Zu75rCX5Luj5LiN6KaB77ya44K344On44OD44OX44Ov44O844Or44OJ,6YCa5L+h6LKp5aOy6YCa6LKp44K344On44OD44OU44Oz44Kw44Kq44Oz44Op44Kk44Oz44K344On44OD44OU44Oz44Kw6LK344GE54mp44OX44Os44K844Oz44OI44Ku44OV44OI6LSI44KK54mp6LSI562U5ZOB44GK5Lit5YWD44GK5q2z5pqu44GK6LK344GE5b6X44K344On44OD44OX44Ov44O844Or44OJ5o6D6Zmk5qmf44Os44Kz44O844OJ44OX44Os44O844Ok44O8TEVE44Op44Kk44OI44K144Kk44Kv44Ot44Oz5o6D6Zmk5qmfRFZE44OX44Os44O844Ok44O844Ov44Kk44Oz44OH44Kj44Oz44Kw44Oe44K344Oz44Ov44Kk44Oz44OH44Kj44Oz44Kw44Oe44K344O844Oz5q2v44GO44GX44KK6YCB5paZ54Sh5paZ5rC0562S44K144O844Oi44K55Ya36JS15bqr44Kt44OD44Kv44Oc44O844OJ6Zu75YuV44OJ44Oq44Or44Kt44Oj44OD44OI44K/44Ov44O85Ya36JS15bqr44OG44Oz44OI77ys77yl77yk44Kk44Or44Of44ON44O844K344On44Oz44K944O844Op44O85q666Jmr44Op44Kk44OIIOOCrOODvOODh+ODs+ODqeOCpOODiCAyV0FZ44K/44Kk44OXICDmrrromavlmagg5q666Jmr5qmfIOiaiuWPluOCiuWZqCDomavjgojjgZEg5bqt5ZyS54GvIOiqmOiZq+eBryDmrrromavnga8g5aSq6Zm95YWJIOWus+iZqyDomasg5pKD6YCAIOauuuiZqyDluq0g546E6ZaiIOOCrOODvOODh+ODi+ODs+OCsCDoirHlo4cg6IqxIOacqCDojYkg5a6z6Jmr6aeG6ZmkIOOCveODvOODqeODvOODkeODjeODqyDnhafmmI4g5aSc6ZaT54Wn5piOIOWknOmWkyDoh6rli5Ug54K554GvIOmbu+aSg+auuuiZq+WZqCDnsKHljZjoqK3nva4g6Zu75rCX5Luj5LiN6KaB,6Zu75rCX5Luj5LiN6KaB77yB5pqX44GP44Gq44Gj44Gf44KJ6Ieq5YuV54K554Gv44CC44K944O844Op44O85q666Jmr44Op44Kk44OIIOOCrOODvOODh+ODs+ODqeOCpOODiCAyV0FZ44K/44Kk44OXICDmrrromavlmagg5q666Jmr5qmfIOiaiuWPluOCiuWZqCDomavjgojjgZEg5bqt5ZyS54GvIOiqmOiZq+eBryDmrrromavnga8g5aSq6Zm95YWJIOWus+iZqyDomasg5pKD6YCAIOauuuiZqyDluq0g546E6ZaiIOOCrOODvOODh+ODi+ODs+OCsCDoirHlo4cg6IqxIOacqCDojYkg5a6z6Jmr6aeG6ZmkIOOCveODvOODqeODvOODkeODjeODqyDnhafmmI4g5aSc6ZaT54Wn5piOIOWknOmWkyDoh6rli5Ug54K554GvIOmbu+aSg+auuuiZq+WZqCDnsKHljZjoqK3nva4g6Zu75rCX5Luj5LiN6KaB[rn]
11-197550,aHR0cDovL3RzaG9wLnIxMHMuanAvc2hvcHdvcmxkL2NhYmluZXQvdF9pbWcvaWxsdW1pbmF0aW9uLzEwMTM1OTc3X21zMS5qcGc/Zml0aW49NzAwOjcwMA==,MTgzNy42MDAw,,6Iqx44O744Ks44O844OH44Oz44O7RElZID4g44Ko44Kv44K544OG44Oq44Ki44O744Ks44O844OH44Oz44OV44Kh44OL44OB44Oj44O8ID4g44Op44Kk44OI44O744Kk44Or44Of44ON44O844K344On44OzID4g44Ks44O844OH44Oz44Op44Kk44OIIOODu+eBr+evrQ==,TEVEIOOCpOODq+ODn+ODjeODvOOCt+ODp+ODsyDjgrPjg7Pjg4jjg63jg7zjg6njg7wg6Zu75rqQIOacrOS9kyDjg63jg7PjgrDjgrPjg7zjg4njgr/jgqTjg5cgMS41772NIOWIh+OCiuabv+OBiOWPr+iDvSA444OR44K/44O844Oz54K55ruFIO+8iyDmtojnga/pmLLmsLQg6Ziy5ru0IOmAo+e1kCDjgrPjg7zjg4kg6YCj57WQ44Kz44O844OJIOmAo+e1kOOCseODvOODluODqyDpgKPntZAg44Kx44O844OW44OrIOOCpOODq+ODnyDjg4Tjg6rjg7wg44Kv44Oq44K544Oe44K544OE44Oq44O8IOOBrumjvuOCiuOBpOOBkeOBqyAxbXMgb2Zm,,44K344On44OD44OU44Oz44Kw5LiA6KanIO+8niDjgqTjg6vjg5/jg43jg7zjgrfjg6fjg7Pnibnpm4Y8YnI+PGJyPgoKPElNRyBzcmM9Imh0dHA6Ly9pbWFnZS5yYWt1dGVuLmNvLmpwL3Nob3B3b3JsZC9jYWJpbmV0L3RfaW1nL2lsbHVtaW5hdGlvbi8xMDEzNTk3N18xYS5qcGciIHdpZHRoPSIxMDAlIj48YnI+CjxJTUcgc3JjPSJodHRwOi8vaW1hZ2UucmFrdXRlbi5jby5qcC9zaG9wd29ybGQvY2FiaW5ldC9tX2ltZy9pbG0vaW1nNjI1NDAyODYuanBnIiB3aWR0aD0iMTAwJSI+PGJyPgo8aW1nIHNyYz0iaHR0cDovL2ltYWdlLnJha3V0ZW4uY28uanAvc2hvcHdvcmxkL2NhYmluZXQvdF9pbWcvaWxsdW1pbmF0aW9uLzEwMDc5NjI3X2t0Ml9uLmpwZyIgd2lkdGg9IjEwMCUiPjxicj48YnI+CjxJTUcgc3JjPSJodHRwOi8vaW1hZ2UucmFrdXRlbi5jby5qcC9zaG9wd29ybGQvY2FiaW5ldC9tX2ltZy9pbG0vaW1nNjI0NTkwMTYuanBnIiB3aWR0aD0iMTAwJSI+PGJyPgo8SU1HIHNyYz0iaHR0cDovL2ltYWdlLnJha3V0ZW4uY28uanAvc2hvcHdvcmxkL2NhYmluZXQvdF9pbWcvaWxsdW1pbmF0aW9uLzEwMTM1OTc3X2IuanBnIiB3aWR0aD0iMTAwJSI+PGJyPjxicj4KPGltZyBzcmM9Imh0dHA6Ly9pbWFnZS5yYWt1dGVuLmNvLmpwL3Nob3B3b3JsZC9jYWJpbmV0L3RfaW1nL2lsbHVtaW5hdGlvbi8xMDA3OTYyN19rdDUuanBnIiB3aWR0aD0iMTAwJSI+PGJyPjxicj4KCgo8aW1nIHNyYz0iaHR0cDovL2ltYWdlLnJha3V0ZW4uY28uanAvc2hvcHdvcmxkL2NhYmluZXQvdF9pbWcvaWxsdW1pbmF0aW9uL2lsbV9vc2lyYXNlMDAxLmpwZyIgYm9yZGVyPSIwIiB3aWR0aD0iMTAwJSI+PGJyPjxicj4KCjxmb250IHNpemU9IjIiPgo8Yj4456iu6aGe44Gu55m65YWJ44OR44K/44O844Oz44Go44GV44KJ44Gr6Zu75rqQT0ZG44KC6YG444G544KLPC9iPjxCUj4KPEJSPgrmp5jjgIXjgarngrnmu4Xjg5Hjgr/jg7zjg7PjgpLmpb3jgZfjgoHjgovjgIHpm7vmupDjgrPjg7Pjg4jjg63jg7zjg6njg7zjgafjgZnjgIIKPGJyPuW9k+W6l+OBrkxFROOCueODiOODrOODvOODiOODqeOCpOODiOOBq+aOpee2muODl+ODqeOCsOOCkuW3ruOBl+i+vOOCgOOBoOOBkeOBp+ewoeWNmOOBq+OBiuS9v+OBhOmgguOBkeOBvuOBmeOAgjxicj4KPGJyPgoKPGZvbnQgY29sb3I9IiNGRjAwRkYiPjxiPuWuieW/g+ioreioiOOBp+mVt+OBj+aEm+eUqOOBl+OBpuOBhOOBn+OBoOOBkeOBvuOBmeOAgjwvYj48L2ZvbnQ+PEJSPgrpo77jgorku5jjgZHjga/jgq/jg6rjgrnjg57jgrnjgrfjg7zjgrrjg7Pjga7lrqTlhoXjga7jgqTjg7Pjg4bjg6rjgqLjgajjgZfjgabjga/jgoLjgaHjgo3jgpPjgIE8QlI+CuacgOi/keOBp+OBr+mYsueKr+WvvuetluOBqOOBl+OBpuaYjuOCi+OBj+OBmeOCi+OBk+OBqOOCkuebrueahOOBq+e+juOBl+OBj+mjvuOCi+S6uuOCguWil+OBiOOBpuOBjeOBpuOBhOOBvuOBmeOAgjxCUj4K44GT44KM44Gv5pen5p2l44Gu6Zu755CD44K/44Kk44OX44Gu44Kk44Or44Of44Go5q+U44G544Gm44KC54ax44KS5oyB44Gh44Gr44GP44GP55yB44Ko44ON44Gn44GC44KLTEVE44Gq44KJ44Gn44Gv44CCPEJSPgrjgb7jgZ/kvZXjgYvjgZTkuI3lronjgYzjgYLjgorjgb7jgZfjgabjgoLoibLjgajjgorjganjgorjga7lhYnjgavljIXjgb7jgozjgb7jgZfjgZ/jgonlv4PjgoLlronjgonjgY7jgb7jgZnjgojimao8QlI+CuOBqOOBo+OBpuOBiuOBjeOBruWkp+WIh+OBquOCr+ODquOCueODnuOCueOBq+OAgeOBqeOBhuOBnkxFROOCpOODq+ODn+OCkuOBiumBuOOBs+OBj+OBoOOBleOBhOOAgjxCUj4K44G+44Gf44CB44GK5a6i5qeY44Gu44Os44OT44Ol44O844GL44KJ44OS44Oz44OI44KS6aCC44GE44GmPEJSPgrjgrPjg7Pjgrvjg7Pjg4jjgpLmipzjgYTjgabpm7vmupBPRkbjgZnjgovjgZfjgYvjgarjgYvjgaPjgZ/pnaLlgJLjgarkvZzmpa3jgpI8QlI+CuaJi+WFg+OCueOCpOODg+ODgeOBp+mbu+a6kOOBjOWIh+OCjOOCi+OCiOOBhuOBq+ODquODi+ODpeODvOOCouODq+OBl+OBvuOBl+OBn++8gTxCUj4KPEJSPgo8Zm9udCBjb2xvcj0iI0ZGMDBGRiI+PGI+77yY56iu6aGe44Gu54K55ruF44OR44K/44O844Oz77yL5raI54Gv77yI6Zu75rqQT0ZG77yJPC9iPjwvZm9udD48YnI+Cgo8dGFibGUgYm9yZGVyPSIwIiBjZWxscGFkZGluZz0iMyIgY2VsbHNwYWNpbmc9IjAiPgo8dHIgaGVpZ2h0PSIxOCI+Cjx0ZCB3aWR0aD0iMTEyIj48Zm9udCBzaXplPSIyIj7jg5Hjgr/jg7zjg7PvvJE8L2ZvbnQ+PC90ZD4KPHRkPjxmb250IHNpemU9IjIiPuiJsuOAheODkeOCv+ODvOODs+OBrue1hOOBv+WQiOOCj+OBmzwvZm9udD48L3RkPgo8L3RyPgo8dHIgaGVpZ2h0PSIxOCI+Cjx0ZCB3aWR0aD0iMTEyIj48Zm9udCBzaXplPSIyIj7jg5Hjgr/jg7zjg7PvvJI8L2ZvbnQ+PC90ZD4KPHRkPjxmb250IHNpemU9IjIiPuS6pOS6kuOBq+eCueeBrzwvZm9udD48L3RkPgo8L3RyPgo8dHIgaGVpZ2h0PSIxOCI+Cjx0ZCB3aWR0aD0iMTEyIj48Zm9udCBzaXplPSIyIj7jg5Hjgr/jg7zjg7PvvJM8L2ZvbnQ+PC90ZD4KPHRkPjxmb250IHNpemU9IjIiPuS6pOS6kuOBq+eCueeBr++8iOmAn+W6puWkieWMluacieOCiu+8iTwvZm9udD48L3RkPgo8L3RyPgo8dHIgaGVpZ2h0PSIxOCI+Cjx0ZCB3aWR0aD0iMTEyIj48Zm9udCBzaXplPSIyIj7jg5Hjgr/jg7zjg7PvvJQ8L2ZvbnQ+PC90ZD4KPHRkPjxmb250IHNpemU9IjIiPuS6pOS6kuOBq+i/veOBhOOBi+OBkeeCueeBrzwvZm9udD48L3RkPgo8L3RyPgo8dHIgaGVpZ2h0PSIxOCI+Cjx0ZCB3aWR0aD0iMTEyIj48Zm9udCBzaXplPSIyIj7jg5Hjgr/jg7zjg7PvvJU8L2ZvbnQ+PC90ZD4KPHRkPjxmb250IHNpemU9IjIiPuS6pOS6kuOBq+ODleODqeODg+OCt+ODpeeCueeBr++8kTwvZm9udD48L3RkPgo8L3RyPgo8dHIgaGVpZ2h0PSIxOCI+Cjx0ZCB3aWR0aD0iMTEyIj48Zm9udCBzaXplPSIyIj7jg5Hjgr/jg7zjg7PvvJY8L2ZvbnQ+PC90ZD4KPHRkPjxmb250IHNpemU9IjIiPuS4gOWumumWk+malOOBq+eCueeBrzwvZm9udD48L3RkPgo8L3RyPgo8dHIgaGVpZ2h0PSIxOCI+Cjx0ZCB3aWR0aD0iMTEyIj48Zm9udCBzaXplPSIyIj7jg5Hjgr/jg7zjg7PvvJc8L2ZvbnQ+PC90ZD4KPHRkPjxmb250IHNpemU9IjIiPuS6pOS6kuOBq+ODleODqeODg+OCt+ODpeeCueeBr++8kjwvZm9udD48L3RkPgo8L3RyPgo8dHIgaGVpZ2h0PSIxOCI+Cjx0ZCB3aWR0aD0iMTEyIj48Zm9udCBzaXplPSIyIj7jg5Hjgr/jg7zjg7PvvJg8L2ZvbnQ+PC90ZD4KPHRkPjxmb250IHNpemU9IjIiPuW4uOaZgueCueeBrzwvZm9udD48L3RkPgo8L3RyPgo8dHIgaGVpZ2h0PSIxOCI+Cjx0ZCB3aWR0aD0iMTEyIj48Zm9udCBzaXplPSIyIj7jg5Hjgr/jg7zjg7PvvJk8L2ZvbnQ+PC90ZD4KPHRkPjxmb250IHNpemU9IjIiPuW4uOaZgua2iOeBr++8iOmbu+a6kE9GRu+8iTwvZm9udD48L3RkPgo8L3RyPgo8L3RhYmxlPgrjg6rjg6LjgrPjg7Pjga7jg5zjgr/jg7PjgpLmirzjgZnjgZ/jgbPjgavjg5Hjgr/jg7zjg7PjgYzliIfjgormm7/jgo/jgorjgb7jgZnjgII8YnI+Cumbu+a6kOOCkuaKnOOBhOOBpuOCguWJjeWbnuOBruODkeOCv+ODvOODs+OBi+OCieeCueeBr+OBmeOCi+ODoeODouODquODvOapn+iDveS7mOOBjeOBp+OBmeOAgjwvZm9udD48YnI+PEJSPgo8dGFibGUgYm9yZGVyPSIwIiB3aWR0aD0iNTgwIj4KPHRyPjx0ZCB2YWxpZ249InRvcCI+PGZvbnQgc2l6ZT0iMiI+54K55ruF44OR44K/44O844OzPC9mb250PjwvdGQ+Cjx0ZD48Zm9udCBzaXplPSIyIj4456iu6aGePEJSPuKAu+ODnOOCv+ODs+mVt+aKvOOBl+OBp+ODkeOCv+ODvOODs+WbuuWumjwvZm9udD48L3RkPjwvdHI+Cjx0cj48dGQ+PGZvbnQgc2l6ZT0iMiI+5a6a5qC86Zu75ZynPC9mb250PjwvdGQ+Cjx0ZD48Zm9udCBzaXplPSIyIj5BQzEwMFYgNTAvNjBIejwvZm9udD48L3RkPjwvdHI+Cjx0cj48dGQgdmFsaWduPSJ0b3AiPjxmb250IHNpemU9IjIiPumVt+OBlTwvZm9udD48L3RkPgo8dGQ+PGZvbnQgc2l6ZT0iMiI+CuWFqOmVt++8mue0hDE1MGNtPGJyPgrpm7vmupDlgbTjgrPjg7zjg4npg6jvvJrntIQxMTVjbTxicj4K44Kk44Or44Of44ON44O844K344On44Oz5YG044Kz44O844OJ6YOo77ya57SEMzVjbTxicj4K4oC744Kz44O844OJ44Gr44Gv6Iul5bmy44Gu6Kqk5beu44GM44GU44GW44GE44G+44GZ44CCPEJSPjwvZm9udD48L3RkPjwvdHI+Cjx0cj48dGQ+PGZvbnQgc2l6ZT0iMiI+44Kz44O844OJ6ImyPC9mb250PjwvdGQ+Cjx0ZD48Zm9udCBzaXplPSIyIj7pu5I8L2ZvbnQ+PC90ZD48L3RyPgo8dHI+PHRkIHZhbGlnbj0idG9wIj48Zm9udCBzaXplPSIyIj7jgZ3jga7ku5bjga7nibnlvrQ8L2ZvbnQ+PC90ZD4KPHRkPjxmb250IHNpemU9IjIiPuOCs+ODs+ODiOODreODvOODqeODvOmDqOOBqExFROOCpOODq+ODn+mDqOOCkuOCuOODp+OCpOODs+ODiOOBleOBm+OCi+S7leanmOOBp+OBguOCi+OBn+OCgTxCUj4K5YiG44GR44Gm5L+d566h44GZ44KL44GT44Go44KE44CB5Yil5aOy44KK44Gu5ZCM44K344Oq44O844K6TEVE44Kk44Or44Of44Gu5Yil44Kr44Op44O844GoPEJSPgrpgKPntZDjgZXjgZvjgablhYnjgonjgZvjgovjgZPjgajjgarjganjgYzlj6/og73jgafjgZnjgII8QlI+CuKAu+eCueeBr+OBruWuieWumuOChOOAgeeZuueUn+OBmeOCi+mbu+WKm+OBq+OCiOOCi+iyoOaLheOBquOBqeWuieWFqOS4iuOBrumDveWQiOOCiOOCiuOAgTxCUj7jgZTkvb/nlKjjga7loLTlkIjjgavjga/vvJHjgaTjga7jgrPjg7Pjg4jjg63jg7zjg6njg7zjgavjgaTjgY3jgIHjgYrjgojjgZ0yMOadn++8iDIwMDDnkIPvvInjgb7jgafjgajjgZfjgabjgY/jgaDjgZXjgYTjgII8QlI+PC9mb250PjwvdGQ+PC90cj48L3RhYmxlPjxicj48YnI+CuKAu+OBk+OBoeOCieOBruWVhuWTgeOBr+i8uOWFpeWTgeOBqOOBquOCiuOBvuOBmeOAgjxicj4K4oC75a++5b+c56iu44Gv5b2T5bqX5Ye65ZOB44GuTEVE44Kk44Or44Of44ON44O844K344On44Oz44Gn44GZ44CCCgoKPGJyPgo8aHI+Cjxmb250IHNpemU9IjIiPuKAu+ODouODi+OCv+ODvOOBq+OCiOOCiuOAgeiJsuOBruimi+OBiOaWueOBjOWun+mam+OBruWVhuWTgeOBqOeVsOOBquOCi+WgtOWQiOOBjOOBlOOBluOBhOOBvuOBmeOAgjxicj4K4oC75rOo5paH44GM6ZuG5Lit44GX44Gf5aC05ZCI44Gq44Gp44CB55m66YCB44GM6YGF44KM44Gf44KK44CB5Zyo5bqr5YiH44KM44Gn6LKp5aOy44Gn44GN44Gq44GP44Gq44KL5Y+v6IO95oCn44GM44GU44GW44GE44G+44GZ44CCPGJyPgrigLvjgZ3jga7ngrrjgIHjgZTluIzmnJvjga7phY3pgZTml6XmmYLjgavjgYrlsYrjgZHlh7rmnaXjgarjgYTloLTlkIjjgYzjgZTjgZbjgYTjgb7jgZnjga7jgafjgIHkuojjgoHjgZTkuobmib/kuIvjgZXjgYTjgII8YnI+CuKAu+S4jeato+izvOWFpeOBqOWIpOaWreOBl+OBn+WgtOWQiOOBq+OBr+OBlOazqOaWh+OCkuWPluOCiua2iOOBl+OBleOBm+OBpumgguOBj+WPr+iDveaAp+OBjOOBlOOBluOBhOOBvuOBmeOAgjwvZm9udD4KCjxicj48YnI+6auY5ZOB6LOq44O755yB44Ko44ONIO+8rO+8pe+8pOOCpOODq+ODn+WkmuaVsO+8geOAgDxiPuOCpOODq+ODn+ODjeODvOOCt+ODp+ODs+eJuembhuODmuODvOOCuDwvYj4g44Gv44GT44Gh44KJIO+8nu+8nuOCr+ODquODg+OCr++8nO+8nAoKCjxicj48YnI+PGltZyBzcmM9Imh0dHA6Ly9pbWFnZS5yYWt1dGVuLmNvLmpwL3Nob3B3b3JsZC9jYWJpbmV0L3RfaW1nL2Jhbm5lci9lY282MDAuanBnIiB3aWR0aD0iMTAwJSI+CgoKCgoKCjwhLS3jgYrmsJfjgavlhaXjgornmbvpjLLkv4PpgLIg5aSJ5pu044GX44Gq44GELS0+Cjxicj48YnI+CjxwIOOAgOOAgOOAgOOAgOOAgOOAgOOAgOOAgOOAgOOAgOOAgOOAgOOAgOOAgOOAgOOAgOOAgOOAgD0iIiBpZD0iYm9va21hcmtfYnRuIj48L3DjgIDjgIDjgIDjgIDjgIDjgIA+CjwhLS3jgZPjgZPjgb7jgactLT4=,TEVEIOOCpOODq+ODn+ODjeODvOOCt+ODp+ODsyDjgrPjg7Pjg4jjg63jg7zjg6njg7wg6Zu75rqQIOacrOS9kyDjg63jg7PjgrDjgrPjg7zjg4njgr/jgqTjg5cgMS41772NIOWIh+OCiuabv+OBiOWPr+iDvSA444OR44K/44O844Oz54K55ruFIO+8iyDmtojnga/pmLLmsLQg6Ziy5ru0IOmAo+e1kCDjgrPjg7zjg4kg6YCj57WQ44Kz44O844OJIOmAo+e1kOOCseODvOODluODqyDpgKPntZAg44Kx44O844OW44OrIOOCpOODq+ODnyDjg4Tjg6rjg7wg44Kv44Oq44K544Oe44K544OE44Oq44O8IOOBrumjvuOCiuOBpOOBkeOBqyAxbXMgb2Zm77ya44K344On44OD44OX44Ov44O844Or44OJ,6YCa5L+h6LKp5aOy6YCa6LKp44K344On44OD44OU44Oz44Kw44Kq44Oz44Op44Kk44Oz44K344On44OD44OU44Oz44Kw6LK344GE54mp44OX44Os44K844Oz44OI44Ku44OV44OI6LSI44KK54mp6LSI562U5ZOB44GK5Lit5YWD44GK5q2z5pqu44GK6LK344GE5b6X44K344On44OD44OX44Ov44O844Or44OJ5o6D6Zmk5qmf44Os44Kz44O844OJ44OX44Os44O844Ok44O8TEVE44Op44Kk44OI44K144Kk44Kv44Ot44Oz5o6D6Zmk5qmfRFZE44OX44Os44O844Ok44O844Ov44Kk44Oz44OH44Kj44Oz44Kw44Oe44K344Oz44Ov44Kk44Oz44OH44Kj44Oz44Kw44Oe44K344O844Oz5q2v44GO44GX44KK6YCB5paZ54Sh5paZ5rC0562S44K144O844Oi44K55Ya36JS15bqr44Kt44OD44Kv44Oc44O844OJ6Zu75YuV44OJ44Oq44Or44Kt44Oj44OD44OI44K/44Ov44O85Ya36JS15bqr44OG44Oz44OI77ys77yl77yk44Kk44Or44Of44ON44O844K344On44OzTEVEIOOCpOODq+ODn+ODjeODvOOCt+ODp+ODsyDjgrPjg7Pjg4jjg63jg7zjg6njg7wg6Zu75rqQIOacrOS9kyDjg63jg7PjgrDjgrPjg7zjg4njgr/jgqTjg5cgMS41772NIOWIh+OCiuabv+OBiOWPr+iDvSA444OR44K/44O844Oz54K55ruFIO+8iyDmtojnga/pmLLmsLQg6Ziy5ru0IOmAo+e1kCDjgrPjg7zjg4kg6YCj57WQ44Kz44O844OJIOmAo+e1kOOCseODvOODluODqyDpgKPntZAg44Kx44O844OW44OrIOOCpOODq+ODnyDjg4Tjg6rjg7wg44Kv44Oq44K544Oe44K544OE44Oq44O8IOOBrumjvuOCiuOBpOOBkeOBqyAxbXMgb2Zm,6YCB5paZ54Sh5paZIDjnqK7poZ7jga7nmbrlhYnjg5Hjgr/jg7zjg7PjgajjgZXjgonjgavpm7vmupBPRkbjgoLpgbjjgbnjgovjgIJMRUQg44Kk44Or44Of44ON44O844K344On44OzIOOCs+ODs+ODiOODreODvOODqeODvCDpm7vmupAg5pys5L2TIOODreODs+OCsOOCs+ODvOODieOCv+OCpOODlyAxLjXvvY0g5YiH44KK5pu/44GI5Y+v6IO9IDjjg5Hjgr/jg7zjg7Pngrnmu4Ug77yLIOa2iOeBr+mYsuawtCDpmLLmu7Qg6YCj57WQIOOCs+ODvOODiSDpgKPntZDjgrPjg7zjg4kg6YCj57WQ44Kx44O844OW44OrIOmAo+e1kCDjgrHjg7zjg5bjg6sg44Kk44Or44OfIOODhOODquODvCDjgq/jg6rjgrnjg57jgrnjg4Tjg6rjg7wg44Gu6aO+44KK44Gk44GR44GrIDFtcyBvZmY=[rn]
11-197551,aHR0cDovL3RzaG9wLnIxMHMuanAvc2hvcHdvcmxkL2NhYmluZXQvZl9pbWFnZS9mX21haW4vMTAxMzI5NzVzLmpwZz9maXRpbj03MDA6NzAw,MTQ2Ny4yMDAw,,6Iqx44O744Ks44O844OH44Oz44O7RElZID4g44Ko44Kv44K544OG44Oq44Ki44O744Ks44O844OH44Oz44OV44Kh44OL44OB44Oj44O8ID4g44Op44Kk44OI44O744Kk44Or44Of44ON44O844K344On44OzID4g44Ks44O844OH44Oz44Op44Kk44OIIOODu+eBr+evrQ==,44K944O844Op44O85YWF6Zu75byPIDNMRUQg44Od44O844OB44Op44Kk44OIIOODm+ODr+OCpOODiCDjgqTjgqjjg63jg7wg44K944O844Op44O8IOODqeOCpOODiCDjgrXjg7zjgq/jg6vjg6njgqTjg4gg5pi855m96ImyIOmbu+eQg+iJsiDlpKrpmb3lhYnlhYXpm7sg5aSc6ZaTIOiHquWLleeCueeBryBMRUQg54Wn5piOIOmYsueKryDlsYvlpJYg44Ko44Kv44K544OG44Oq44KiIOeZuuWFieODgOOCpOOCquODvOODiQ==,,5aSc6ZaT44Gr44Gv6Ieq5YuV54K554Gv44GZ44KL44K944O844Op44O85byP44Op44Kk44OIPGJyPgrlj5bjgorku5jjgZHnsKHljZjjgaflpJzplpPjgavoh6rli5Xngrnnga/jgZnjgovjga7jgafjgIHku5jjgZHlv5jjgozjg7vmtojjgZflv5jjgozjgarjganjga7lv4PphY3jgYzjgYLjgorjgb7jgZvjgpPjgII8QlI+CuanmOOAheOBquWgtOaJgOOBq+WPluOCiuS7mOOBkeOBp+OBjeOCi+OBruOBp+OAgei2s+WFg+OChOaJi+OBmeOCiuOBquOBqeOBq+WPluOCiuS7mOOBkeOCieOCjOOBvuOBmeOAgjxCUj4K6Ziy54qv5Yq55p6c44KC57W25aSn44Gu44Kq44K344Oj44Os44Gq44Op44Kk44OI44Gn44GZ44CCM+WAi+OBrkxFROOBp+i+uuOCiuOCkuWEquOBl+OBhOWFieOBp+WMheOBv+OBvuOBmeOAgjxCUj48QlI+CgrjgJDllYblk4HoqbPntLDjgJE8QlI+CuWVhuWTgeOCteOCpOOCuu+8mjEyw5c2LjXvvYNtPGJyPgrph43ph4/vvJoxOTBnPGJyPgrjgr3jg7zjg6njg7zjg5Hjg43jg6vvvJrlpJrntZDmmbY2MCo2MOOAgDJWLzEwME1BPGJyPgrjg5Djg4Pjg4bjg6rjg7zvvJoxLjJWLzEyMDBtQWg8YnI+CuWFhembu+aZgumWk++8mjQuNeaZgumWk+OAgO+8iOWkqeawl+eKtuazgeOBq+OCiOOCiueVsOOBquOCiuOBvuOBme+8iTxicj4K54K554Gv5pmC6ZaT77ya57SENuaZgumWk+eCueeBr+WPr+iDvTxicj4K6Ziy5rC077yaSVA0NDxicj4K44Kr44Op44O877ya44Ob44Ov44Kk44OI44O744Kk44Ko44Ot44O8PEJSPgrigLvlhYXpm7vmsaDpg6jliIbjga/jg63jg4Pjg4jjgavjgojjgorku5Xmp5jjga7jgZPjgajjgarjgovjgoLjga7jgYzjgZTjgZbjgYTjgb7jgZnjgII8QlI+Cjxicj4K4pag6Ly45YWl5ZWG5ZOB44CC44GT44Gh44KJ44KS44GU56K66KqN5LiL44GV44GE44CCPGJyPgoKPGJyPjxicj48aW1nIHNyYz0iaHR0cDovL2ltYWdlLnJha3V0ZW4uY28uanAvc2hvcHdvcmxkL2NhYmluZXQvdF9pbWcvYmFubmVyL2VjbzYwMC5qcGciIHdpZHRoPSIxMDAlIj4KCgoKCgoKPCEtLeOBiuawl+OBq+WFpeOCiueZu+mMsuS/g+mAsiDlpInmm7TjgZfjgarjgYQtLT4KPGJyPjxicj4KPHAg44CA44CA44CA44CA44CA44CA44CA44CA44CA44CA44CA44CA44CA44CA44CA44CA44CA44CAPSIiIGlkPSJib29rbWFya19idG4iPjwvcOOAgOOAgOOAgOOAgOOAgOOAgD4KPCEtLeOBk+OBk+OBvuOBpy0tPg==,44K944O844Op44O85YWF6Zu75byPIDNMRUQg44Od44O844OB44Op44Kk44OIIOODm+ODr+OCpOODiCDjgqTjgqjjg63jg7wg44K944O844Op44O8IOODqeOCpOODiCDjgrXjg7zjgq/jg6vjg6njgqTjg4gg5pi855m96ImyIOmbu+eQg+iJsiDlpKrpmb3lhYnlhYXpm7sg5aSc6ZaTIOiHquWLleeCueeBryBMRUQg54Wn5piOIOmYsueKryDlsYvlpJYg44Ko44Kv44K544OG44Oq44KiIOeZuuWFieODgOOCpOOCquODvOODie+8muOCt+ODp+ODg+ODl+ODr+ODvOODq+ODiQ==,6YCa5L+h6LKp5aOy6YCa6LKp44K344On44OD44OU44Oz44Kw44Kq44Oz44Op44Kk44Oz44K344On44OD44OU44Oz44Kw6LK344GE54mp44OX44Os44K844Oz44OI44Ku44OV44OI6LSI44KK54mp6LSI562U5ZOB44GK5Lit5YWD44GK5q2z5pqu44GK6LK344GE5b6X44K344On44OD44OX44Ov44O844Or44OJ5o6D6Zmk5qmf44Os44Kz44O844OJ44OX44Os44O844Ok44O8TEVE44Op44Kk44OI44K144Kk44Kv44Ot44Oz5o6D6Zmk5qmfRFZE44OX44Os44O844Ok44O844Ov44Kk44Oz44OH44Kj44Oz44Kw44Oe44K344Oz44Ov44Kk44Oz44OH44Kj44Oz44Kw44Oe44K344O844Oz5q2v44GO44GX44KK6YCB5paZ54Sh5paZ5rC0562S44K144O844Oi44K55Ya36JS15bqr44Kt44OD44Kv44Oc44O844OJ6Zu75YuV44OJ44Oq44Or44Kt44Oj44OD44OI44K/44Ov44O85Ya36JS15bqr44OG44Oz44OI77ys77yl77yk44Kk44Or44Of44ON44O844K344On44Oz44K944O844Op44O85YWF6Zu75byPIDNMRUQg44Od44O844OB44Op44Kk44OIIOODm+ODr+OCpOODiCDjgqTjgqjjg63jg7wg44K944O844Op44O8IOODqeOCpOODiCDjgrXjg7zjgq/jg6vjg6njgqTjg4gg5pi855m96ImyIOmbu+eQg+iJsiDlpKrpmb3lhYnlhYXpm7sg5aSc6ZaTIOiHquWLleeCueeBryBMRUQg54Wn5piOIOmYsueKryDlsYvlpJYg44Ko44Kv44K544OG44Oq44KiIOeZuuWFieODgOOCpOOCquODvOODiQ==,5Y+W44KK5LuY44GR57Ch5Y2Y77yB5aSc6ZaT44Gr44Gv6Ieq5YuV54K554Gv44GZ44KL44K944O844Op44O85byP44Op44Kk44OI44CC44K944O844Op44O85YWF6Zu75byPIDNMRUQg44Od44O844OB44Op44Kk44OIIOODm+ODr+OCpOODiCDjgqTjgqjjg63jg7wg44K944O844Op44O8IOODqeOCpOODiCDjgrXjg7zjgq/jg6vjg6njgqTjg4gg5pi855m96ImyIOmbu+eQg+iJsiDlpKrpmb3lhYnlhYXpm7sg5aSc6ZaTIOiHquWLleeCueeBryBMRUQg54Wn5piOIOmYsueKryDlsYvlpJYg44Ko44Kv44K544OG44Oq44KiIOeZuuWFieODgOOCpOOCquODvOODiQ==[rn]
11-197552,aHR0cDovL3RzaG9wLnIxMHMuanAvZnVsbHNjb29wbWFsbC9jYWJpbmV0L3NwaWNlL2EvYXlkejEwLXRvcC5qcGc/Zml0aW49NzAwOjcwMA==,MzYwMC4wMDAw,,6Iqx44O744Ks44O844OH44Oz44O7RElZID4g44Ko44Kv44K544OG44Oq44Ki44O744Ks44O844OH44Oz44OV44Kh44OL44OB44Oj44O8ID4g44Op44Kk44OI44O744Kk44Or44Of44ON44O844K344On44OzID4g44Ks44O844OH44Oz44Op44Kk44OIIOODu+eBr+evrQ==,44O044Kn44OD44K744OrIOODqeODs+OCv+ODsyBTUElDRSDjgrnjg5HjgqTjgrkgQVlEWjEwIFZlc3NlbCBMYW50ZXJuIFJvdW5kIOOCreODo+ODs+ODieODqyDjg6njgqTjg4gg5ryU5Ye6IOOCrOODvOODh+ODsyDjgqrjg7zjg4rjg6Hjg7Pjg4gg44Ki44Oz44OG44Kj44O844KvIOODqOODvOODreODlOOCouODsyDljJfmrKcg44OI44Or44KzIOmbkeiyqA==,,PElNRyAgc3JjPSJodHRwczovL2ltYWdlLnJha3V0ZW4uY28uanAvZnVsbHNjb29wbWFsbC9jYWJpbmV0L3NwaWNlL2EvYXlkejEwLXRvcC5qcGciIHdpZHRoPSIxMDAlIiBoZWlnaHQ9IjEwMCUiPjxicj4KPElNRyAgc3JjPSJodHRwczovL2ltYWdlLnJha3V0ZW4uY28uanAvZnVsbHNjb29wbWFsbC9jYWJpbmV0L3NwaWNlL2EvYXlkejEwLTA1LmpwZyIgd2lkdGg9IjEwMCUiIGhlaWdodD0iMTAwJSI+PGJyPgo8SU1HICBzcmM9Imh0dHBzOi8vaW1hZ2UucmFrdXRlbi5jby5qcC9mdWxsc2Nvb3BtYWxsL2NhYmluZXQvc3BpY2UvYS9heWR6MTAtMDYuanBnIiB3aWR0aD0iMTAwJSIgaGVpZ2h0PSIxMDAlIj48YnI+CjxJTUcgIHNyYz0iaHR0cHM6Ly9pbWFnZS5yYWt1dGVuLmNvLmpwL2Z1bGxzY29vcG1hbGwvY2FiaW5ldC9zcGljZS9hL2F5ZHoxMC0wNy5qcGciIHdpZHRoPSIxMDAlIiBoZWlnaHQ9IjEwMCUiPjxicj4KPElNRyAgc3JjPSJodHRwczovL2ltYWdlLnJha3V0ZW4uY28uanAvZnVsbHNjb29wbWFsbC9jYWJpbmV0L3NwaWNlL2EvYXlkejEwLTA4LmpwZyIgd2lkdGg9IjEwMCUiIGhlaWdodD0iMTAwJSI+PGJyPgo8SU1HICBzcmM9Imh0dHBzOi8vaW1hZ2UucmFrdXRlbi5jby5qcC9mdWxsc2Nvb3BtYWxsL2NhYmluZXQvc3BpY2UvYS9heWR6MTAtaW1hZ2UuanBnIiB3aWR0aD0iMTAwJSIgaGVpZ2h0PSIxMDAlIj48YnI+Cjxicj4KCumVt+OBhOW5tOaciOOCkuOBi+OBkeOBpuS9v+OCj+OCjOe2muOBkeOBn+OBi+OBruOCiOOBhuOBquWhl+ijheOBruODj+OCsuOBqOmMhuOBs+OBjOOAgeijvemAoOWTgeOBqOOBr+aDs+WDj+OBp+OBjeOBquOBhOOBu+OBqeiJr+OBj+WKoOW3peOBleOCjOOBn+OAgeOCouODs+ODhuOCo+ODvOOCr+iqv+OBruODqeODs+OCv+ODs+OBp+OBmeOAgjxicj4K44OW44Oq44Kt44Gu44OV44Os44O844Og44Go44Ks44Op44K544Gn5Ye65p2l44Gf44O044Kn44OD44K744Or44Op44Oz44K/44Oz44Gv44CB5Y+k44GE5pmC6KiI44Gu5qeY44Gq44Kz44Ot44Oz44Go44GX44Gf44OV44Kp44Or44Og44CCPGJyPgrlgbTpnaLjga7ntLDjgYvjgYTjgqvjg4Pjg4bjgqTjg7PjgrDjgoTjgIHlupXjgYvjgonmvI/jgozjgovmmI7jgYvjgorjgoLntrrpupfjgaDjgZfjgIHmnb/jgqzjg6njgrnjgavlj43lsITjgZnjgovjgq3jg6Pjg7Pjg4njg6vjga7mj7rjgozjgovngo7jgYzph43jgarjgaPjgabopovjgYjjgabjgIHjgajjgabjgoLlubvmg7PnmoTjgarpm7Dlm7LmsJfjgavnmZLjgZXjgozjgb7jgZnjgII8YnI+Cjxicj4KPGJyPgo8Yj7jgJDjgIDku5XjgIDmp5jjgIDjgJE8L2I+PGJyPgrjgqvjg6njg7zvvJrjgrDjg6zjg7w8YnI+Cue0oOadkO+8muODluODquOCreOAgeOCrOODqeOCuTxicj4K44K144Kk44K677yadzIyMCBkNDUwIGgxNTA8YnI+CumHjemHj++8mjExNTBnPGJyPgo8YnI+Cjxicj4KPEI+PEZPTlQgY29sb3I9IkJMVUUiPgrjgZ3jga7ku5bjga7jg6njg7Pjgr/jg7Pjg7vjgq3jg6Pjg7Pjg4njg6vjg5vjg6vjg4Djg7zllYblk4Hjga/jgZPjgaHjgok8L0ZPTlQ+PC9CPjxicj4KPGJyPgo8YnI+CjxCPuOAkCDjgqLjg7Pjg4bjgqPjg7zjgq/ku5XkuIrjgZLjgavjgaTjgYTjgaYg44CRPC9CPjxicj4K5Y+k44Gz44Gf6aKo5ZCI44GE44KS5Ye644GZ54K644Gr44CB5aGX6KOF44Gu44Og44Op44KE5Yml44GS44CB44Ki44Kk44Ki44Oz44Gu6YyG44Gz44Gf6aKo5ZCI44GE44KE44CB44Kt44K6562J44Gu44GC44KL44Ki44Oz44OG44Kj44O844Kv6Kq/5LuV5LiK44GS44GM5pa944GV44KM44Gm44GE44G+44GZ44CCPGJyPgrkuojjgoHjgZTkuobmib/jga7kuIrjgIHjgZTos7zlhaXjgY/jgaDjgZXjgYTjgII8YnI+Cjxicj4KCjxicj4KPGJyPgo8SU1HIHNyYz0iaHR0cHM6Ly9pbWFnZS5yYWt1dGVuLmNvLmpwL2Z1bGxzY29vcG1hbGwvY2FiaW5ldC9hc3VyYWt1Ml84NDB4MzAwLmdpZiIgd2lkdGg9IjEwMCUiPgo8YnI+,44O044Kn44OD44K744OrIOODqeODs+OCv+ODsyBTUElDRSDjgrnjg5HjgqTjgrkgQVlEWjEwIFZlc3NlbCBMYW50ZXJuIFJvdW5kIOOCreODo+ODs+ODieODqyDjg6njgqTjg4gg5ryU5Ye6IOOCrOODvOODh+ODsyDjgqrjg7zjg4rjg6Hjg7Pjg4gg44Ki44Oz44OG44Kj44O844KvIOODqOODvOODreODlOOCouODsyDljJfmrKcg44OI44Or44KzIOmbkeiyqO+8mkZVTExTQ09PUCBNQUxMIOalveWkqeW4guWgtOW6lw==,6YCa5L+h6LKp5aOy6YCa6LKp44K344On44OD44OU44Oz44Kw44Kq44Oz44Op44Kk44Oz44K344On44OD44OU44Oz44Kw6LK344GE54mp44OX44Os44K844Oz44OI44Ku44OV44OI6LSI44KK54mp6LSI562U5ZOB44GK5Lit5YWD44GK5q2z5pqu44GK6LK344GE5b6X44OV44Or44K544Kv44O844OXRlVMTFNDT09Q44OW44Os44K544Ko44Ki44O8QnJlYXRoYWly5YyX5qyn44K144Kk44Oz44OX44Os44O844OI5Lih6Z2i5pmC6KiI44Oe44Oz44OP44OD44K/44Oz44OS44OO44KtIOODleODrOODg+OCt+ODpSDjgqbjgqnjg7zjgr/jg7zkv53lhrfjg5Djg4PjgrDph5HprZrjgrXjg7Pjg4Djg6vjg5Hjg6njgr3jg6vjgr/jg7zjg5fjg5Djgqvjg7PjgrlWYWNhbmNlc0Nvcm9u44OJ44Os44OD44K144O85oqY44KK55Wz44G/44Kt44Oj44OD44OI44K/44Ov44O844Ki44Kk44Ki44Oz44K544OR44Kk44K544O044Kn44OD44K744OrIOODqeODs+OCv+ODsyBTUElDRSDjgrnjg5HjgqTjgrkgQVlEWjEwIFZlc3NlbCBMYW50ZXJuIFJvdW5kIOOCreODo+ODs+ODieODqyDjg6njgqTjg4gg5ryU5Ye6IOOCrOODvOODh+ODsyDjgqrjg7zjg4rjg6Hjg7Pjg4gg44Ki44Oz44OG44Kj44O844KvIOODqOODvOODreODlOOCouODsyDljJfmrKcg44OI44Or44KzIOmbkeiyqA==,44CQ44Kt44Oj44Oz44OJ44Or44Gu5o+644KM44KL5YWJ44GM576O44GX44GE44CR44CC44O044Kn44OD44K744OrIOODqeODs+OCv+ODsyBTUElDRSDjgrnjg5HjgqTjgrkgQVlEWjEwIFZlc3NlbCBMYW50ZXJuIFJvdW5kIOOCreODo+ODs+ODieODqyDjg6njgqTjg4gg5ryU5Ye6IOOCrOODvOODh+ODsyDjgqrjg7zjg4rjg6Hjg7Pjg4gg44Ki44Oz44OG44Kj44O844KvIOODqOODvOODreODlOOCouODsyDljJfmrKcg44OI44Or44KzIOmbkeiyqA==[rn]
11-197553,aHR0cDovL3RzaG9wLnIxMHMuanAva29rb3VraS9jYWJpbmV0L2NoYXJhL2t1cmEtMDM2OC5qcGc/Zml0aW49NzAwOjcwMA==,NTYwMC4wMDAw,,6Iqx44O744Ks44O844OH44Oz44O7RElZID4g44Ko44Kv44K544OG44Oq44Ki44O744Ks44O844OH44Oz44OV44Kh44OL44OB44Oj44O8ID4g44Op44Kk44OI44O744Kk44Or44Of44ON44O844K344On44OzID4g44Ks44O844OH44Oz44Op44Kk44OIIOODu+eBr+evrQ==,44K944O844Op44O844Op44Kk44OI5LuY44GNIOOCquODvOODiuODoeODs+ODiCAz44Gz44GN44Gu44GT44G244GfIOOCj+OCieOBruWutiDjgJDjgYvjgo/jgYTjgYQg44Ks44O844OH44Oz44Kq44O844OK44Oh44Oz44OIIExFROODqeOCpOODiCDlpKrpmb3lhYkg5YWF6Zu75byPIOe9ruOBjeeJqSDnva7niakg44Od44Oq44Os44Oz44K4IDPljLnjga7jgZPjgbbjgZ8g5YuV54mpIOWxi+WkliDnjoTplqIg5bqtIOOCrOODvOODh+ODi+ODs+OCsCDjgrDjg4Pjgrog44Kq44OW44K444KnIOOCpOODs+ODhuODquOCoiDjgqjjgq/jgrnjg4bjg6rjgqIg6ZuR6LKoIOi0iOOCiueJqSDjgq7jg5Xjg4gg44GC44GZ5qW95a++5b+c,,PHA+PGltZyBzcmM9Imh0dHA6Ly93d3cucmFrdXRlbi5uZS5qcC9nb2xkL2tva291a2kvYXN1MzIwLTYzMF9zaC11bmRlci5naWYiIHdpZHRoPSIzMjAiIGhlaWdodD0iNjMwIiBib3JkZXI9IjAiPjxicj4KPGJyPgo8aW1nIHNyYz0iaHR0cDovL3d3dy5yYWt1dGVuLm5lLmpwL2dvbGQva29rb3VraS9hc3VyYWt1LWNsXzMyMC0yMzAuZ2lmIiB3aWR0aD0iMzIwIiBoZWlnaHQ9IjIzMCIgYm9yZGVyPSIwIj48L3A+PEJSPgoKPHA+PGltZyBzcmM9Imh0dHA6Ly9pbWFnZS5yYWt1dGVuLmNvLmpwL2tva291a2kvY2FiaW5ldC9jaGFyYS9rdXJhLTAzNTdfc20ta2FuMS5qcGciIHdpZHRoPSIzMDAiIGhlaWdodD0iMzk4IiBib3JkZXI9IjAiPjwvcD4KPGZvbnQgY29sb3I9IiNmZjY2MDAiPuKYhueJqeiqnuOCt+ODquODvOOCuuS4gOimp+OBr+OBk+OBoeOCieKYhjwvZm9udD48YnI+CuODuzPljLnjga7jgZPjgbbjgZ/lhYTlvJ/jgrvjg4Pjg4gv6KaP5qC877ya5bCPCjxicj4K44O7M+WMueOBruOBk+OBtuOBny/opo/moLzvvJrlpKfjg7vjgo/jgokKPGJyPgrjg7sz5Yy544Gu44GT44G244GfL+imj+agvO+8muWkp+ODu+acqAo8YnI+CuODuzPljLnjga7jgZPjgbbjgZ8v6KaP5qC877ya5aSn44O744Os44Oz44KsCjxicj4K44O744Kq44Kq44Kr44Of44GV44KTL+imj+agvO+8muWwj+ODu+OBteOBhuOBteOBhuOBteODvAo8YnI+CuODu+OCquOCquOCq+ODn+OBleOCky/opo/moLzvvJrlsI/jg7vjg5rjg63jg6oKPGJyPgrjg7vjgqrjgqrjgqvjg5/jgZXjgpMv6KaP5qC877ya5aSn44O744Oa44Ot44OqCjxicj4K44O76LWk44Ga44GN44KTL+imj+agvO+8muWwj+ODu+OBiuOBpOOBi+OBhAo8YnI+CuODu+i1pOOBmuOBjeOCky/opo/moLzvvJrlsI/jg7vjgb/jgaTjgY/jgZUKPGJyPgrjg7votaTjgZrjgY3jgpMv6KaP5qC877ya5aSn44O744GK44Gk44GL44GECjxicj4K44O744Km44Kn44Or44Kr44Og44Kq44O844OK44Oh44Oz44OILzPljLnjga7jgZPjgbbjgZ8KPGJyPgrjg7sz5Yy544Gu44GT44G244GfL+OCveODvOODqeODvOODqeOCpOODiOS7mOOBjeODu+OCj+OCieOBruWutgo8YnI+CuODuzPljLnjga7jgZPjgbbjgZ8v44K944O844Op44O844Op44Kk44OI5LuY44GN44O75pyo44Gu5a62Cjxicj4K44O7M+WMueOBruOBk+OBtuOBny/jgr3jg7zjg6njg7zjg6njgqTjg4jku5jjgY3jg7vjg6zjg7Pjgqzjga7lrrYKPGJyPgoKPGJyPuOAjOeJqeiqnuOBruajruOBuOOCiOOBhuOBk+OBneOAjTxmb250IGNvbG9yPSIjZmYzMzk5Ij4KPGJyPuWknOOBq+OBquOCi+OBqOeBr+OCiuOCkuOBqOOCguOBmTxiPuODqeOCpOODiOS7mOOBjTwvYj7jga7jgr3jg7zjg6njg7zjgqrjg7zjg4rjg6Hjg7Pjg4jjgrfjg6rjg7zjgrrjgafjgZnjgII8L2ZvbnQ+CjxCUj5MRUTjg6njgqTjg4jvvJrjgqTjgqjjg63jg7wKPEJSPjxmb250IGNvbG9yPSIjZmYwMDk5Ij4z5Yy544Gu44GT44G244GfPC9mb250Pgo8YnI+4peP5pqX44GP44Gq44KL44Go44CM44Od44OD44CN44Go44GK5a6244Gr54Gv44KK44GM44Go44KC44KK44G+44GZ44CCPGZvbnQgY29sb3I9IiMzMzAwMDAiPjxiPuWknOOBquOBo+OBpuOCgualveOBl+OCgeOCizwvYj48L2ZvbnQ+44Kq44O844OK44Oh44Oz44OI44Gn44GZ44CCCjxicj7il4/kuIDmranotrPjgpLouI/jgb/lhaXjgozjgZ/jgonjgZ3jgZPjga/nianoqp7jga7kuJbnlYzjgILoh6rliIbjgaDjgZHjga7jgrnjg4jjg7zjg6rjg7zjga7jgYLjgovjgYrluq3jgpLkvZzjgozjgovnianoqp7jgrfjg6rjg7zjgrrjgIIKPEJSPuKXj+OBpOOBhOerpeW/g+OBq+OBi+OBiOOBo+OBpuOBl+OBvuOBhuOCiOOBhuOBquODoeODq+ODmOODs+ODgeODg+OCr+OBquOCquODvOODiuODoeODs+ODiOOBp+OBmeOAggo8YnI+4peP44GK5bqt44Gu44Kw44Oq44O844Oz44Gr44KC44OU44OD44K/44Oq44Gu44CB44GL44KP44GE44GE44GK5a6244Gu44OH44K244Kk44Oz4pmq546E6Zai5YmN44KE44Ki44OX44Ot44O844OB44CB44GK5bqt44KE6I+c5ZyS44Gu5Y+v5oSb44GE44Ki44Kv44K744Oz44OI44Gr44CCCjxCUj7il4/mnKzkvZPjga7lvozjgo3lgbTjgavjgr3jg7zjg6njg7zjg5Hjg43jg6vjgYwx5p6a5LuY44GE44Gm44GE44G+44GZ44CCCjxCUj7il488Rk9OVCBjb2xvcj0jZmY2NjAwPjxCPuWkqumZveWFieWFhembu+W8j+OBruOCu+ODs+OCteODvOS7mOOBjTwvQj48L0ZPTlQ+44Gn44CB5pqX44GP44Gq44Gj44Gf44KJPEZPTlQgY29sb3I9I2ZmNjYwMD48Qj7oh6rli5Xngrnnga88L0I+PC9GT05UPu+8gQo8QlI+4pePPGZvbnQgY29sb3I9IiMwMDY2Y2MiPjxiPumYsumbqOS7leanmDwvYj48L2ZvbnQ+44Gn44GZ44GM44CB6Zu75rGg6YOo44GM5bqV6Z2i44Gr44GC44KK44G+44GZ44Gu44Gn44CB5rC044GM5rqc44G+44KK44Gr44GP44GE5aC05omA44Gr572u44GE44Gm5LiL44GV44GE44CCCjxCUj7il4/mlrDnr4nnpZ3jgYTjgoToqpXnlJ/ml6Xjg5fjg6zjgrzjg7Pjg4jjgarjganjgIHotIjjgornianjgavjgoIg44GK44GZ44GZ44KB44Gn44GZ44CCCjxCUj7igLvmnKzlk4FMRUTjg6njgqTjg4jjga/jgqTjgqjjg63jg7znkIPjgpLkvb/nlKjjgZfjgabjgYTjgb7jgZnjgILjg5vjg6/jgqTjg4jnkIPjgajmr5TjgbnjgovjgajlhYnjgYzlvLHjgoHjgafjgZnjgILlhYnjgpLnhafjgonjgZnjgajjgYTjgYbjgojjgorjgIHjgoTjgZXjgZfjgY/nga/jgZnmhJ/jgZjjgafjgZnjgIIKPEJSPlvllYblk4Hku5Xmp5hdCjxCUj7il4/llYblk4HjgrXjgqTjgrov57SE77yaMTkww5cxOTDDl+mrmOOBlTI5OG1tCjxCUj7il4/mnZDos6ov5pys5L2T77ya44Od44Oq44Os44Oz44K477yI44Op44OD44Kr44O85aGX6KOF77yJL+ODqeOCpOODiOmDqO+8mkFCU+aoueiEggo8QlI+4peP6Zu75rqQL+eZuumbu+mDqO+8muOCveODvOODqeODvOODkeODjeODq++8iOWkqumZvembu+axoO+8iS/ok4Tpm7vpg6jvvJrlhYXpm7vlvI/ljZg05Z6L6Zu75rGgMeacrAo8QlI+4peP5YWJ5rqQL0xFROODqeOCpOODiO+8iOOCpOOCqOODreODvO+8iQo8QlI+4peP54K554Gv5pmC6ZaTL+acgOmVt+OAgee0hDEw5pmC6ZaT77yI44OV44Or5YWF6Zu75pmC77yJ4oC76Kit572u5aC05omA44KE5aSp5YCZ44CB5a2j56+A44Gr44KI44KK55Ww44Gq44KK44G+44GZ44CCCjxCUj7il4/lhYXpm7vmmYLplpMv44OV44Or5YWF6Zu744GZ44KL44Gu44Gr5b+F6KaB44Gq5pel54Wn5pmC6ZaT77yI5pm044KM44Gu5aC05ZCI77yJ5pyA5L2OOOaZgumWkwo8QlI+4peP6Zu75rGg5a+/5ZG9L+WFheODu+aUvumbu+OAgee0hDEyMOWbngo8QlI+4oC75Yid5pyf44Gr5LuY5bGe44GV44KM44Gm44GE44KL44OG44K544OI6Zu75rGg44Gu5a+/5ZG944Gv44CB44GU5L2/55So6ZaL5aeL44GL44KJ57SEM+OBi+aciOOBp+OBmeOAggo8QlI+4oC75YWF6Zu75rGg44Gu5a+/5ZG944GM44Gk44GN44G+44GX44Gf44KJ44CB44Ob44O844Og44K744Oz44K/44O844KE5a626Zu76YeP6LKp5bqX562J44Gn44GU6LO85YWl44GP44Gg44GV44GE44CCCjxCUj7il4/nlJ/nlKPlm70v5Lit5Zu9CjxCUj7il4/lgpnogIMv44GK6LK35LiK5pmC44Gv5YWF6Zu744GV44KM44Gm44GK44KK44G+44Gb44KT44Gu44Gn44CB5Yid5pyf5YWF6Zu744KS44GX44Gm5LiL44GV44GE44CC4oC75LuY5bGe44Gu6Kqs5piO5pu45Y+C54WnL+aXpeW9k+OBn+OCiuOBruOCiOOBhOWgtOaJgOOBq+e9ruOBhOOBpuS4i+OBleOBhOOAggo8QlI+4peP44Gd44Gu5LuWL+euseWFpeOCigo8QlI+4oC75pys5ZOB44GvMeOBpOOBmuOBpOaJi+S9nOalreOBp+eUn+eUo+OBl+OBpuOBhOOCi+OBn+OCgeWhl+ijheOBq+OBsOOCieOBpOOBjeOBjOOBguOCiuOBvuOBmeOBjOOAgeOBk+OCjOOBr+acrOWTgeOBrueJueaAp+OBqOOBl+OBpuOBlOeQhuino+OBj+OBoOOBleOBhOOAggoKPGJyPjxicj48cD48aW1nIHNyYz0iaHR0cDovL2ltYWdlLnJha3V0ZW4uY28uanAva29rb3VraS9jYWJpbmV0LzAxNTA2ODEyL25vc2hpLTMwNy02OF9wLmdpZiIgd2lkdGg9IjMwNSIgaGVpZ2h0PSI2NiIgYm9yZGVyPSIwIj48L3A+PEJSPjxwPjxpbWcgc3JjPSJodHRwOi8vaW1hZ2UucmFrdXRlbi5jby5qcC9rb2tvdWtpL2NhYmluZXQvMDE1MDY4MTIvd3JhcHAtMzA3LTY4X3JkMi5naWYiIHdpZHRoPSIzMDUiIGhlaWdodD0iNjYiIGJvcmRlcj0iMCI+PC9wPjxicj48aW1nIHNyYz0iaHR0cDovL3d3dy5yYWt1dGVuLm5lLmpwL2dvbGQva29rb3VraS9zb25uYXRpa2kzMjAtOTUucG5nIiB3aWR0aD0iMzIwIiBoZWlnaHQ9Ijk1IiBib3JkZXI9IjAiPg==,44K944O844Op44O844Op44Kk44OI5LuY44GNIOOCquODvOODiuODoeODs+ODiCAz44Gz44GN44Gu44GT44G244GfIOOCj+OCieOBruWutiDjgJDjgYvjgo/jgYTjgYQg44Ks44O844OH44Oz44Kq44O844OK44Oh44Oz44OIIExFROODqeOCpOODiCDlpKrpmb3lhYkg5YWF6Zu75byPIOe9ruOBjeeJqSDnva7niakg44Od44Oq44Os44Oz44K4IDPljLnjga7jgZPjgbbjgZ8g5YuV54mpIOWxi+WkliDnjoTplqIg5bqtIOOCrOODvOODh+ODi+ODs+OCsCDjgrDjg4Pjgrog44Kq44OW44K444KnIOOCpOODs+ODhuODquOCoiDjgqjjgq/jgrnjg4bjg6rjgqIg6ZuR6LKoIOi0iOOCiueJqSDjgq7jg5Xjg4gg44GC44GZ5qW95a++5b+c77ya6ZuR6LKo5bGL44CA44Kz44Kz44Km44Kt,6YCa5L+h6LKp5aOy6YCa6LKp44K344On44OD44OU44Oz44Kw44Kq44Oz44Op44Kk44Oz44K344On44OD44OU44Oz44Kw6LK344GE54mp44OX44Os44K844Oz44OI44Ku44OV44OI6LSI44KK54mp6LSI562U5ZOB44GK5Lit5YWD44GK5q2z5pqu44GK6LK344GE5b6X552A44GQ44KL44G/5Luu6KOF6KGj6KOF44Kz44K544OB44Ol44O844Og5pel5pys6KO944OT44Ki44K/44Oz44OW44Op44O844K544OG44Oz44Os44K544Oc44OI44Or44OB44K/44Oz6KO944K/44Oz44OW44Op44O844K/44Oz44OW44Op44O844OV44Op44Kk44OR44Oz5YyF5LiB5qWt5YuZ55So6Kq/55CG5Zmo5YW344K/44Kk44Og44Kr44OX44K744Or6LKv6YeR566x44Kz44O844OS44O844OJ44Oq44OD44OX44Od44OD44OI44OT44Ki44Kw44Op44K544OU44O844K/44O844Op44OT44OD44OI44Oq44Op44OD44Kv44Oe44GP44G+44Gu44GM44Gj44GT44GG44Kv44Oq44K544Oe44K544OX44Os44K844Oz44OI44OX44Os44K844Oz44OI44Ku44OV44OI6LSI44KK54mp44Kz44Oq44Op44OD44Kv44Oe6aOf5qW95bel5oi/44OV44Kp44Oz44OH44Ol6Jek5qyh6YOO44OH44Kj44K644OL44O844GN44GQ44KL44G/44Ki44Km44OI44Os44OD44OI6YCB5paZ54Sh5paZ44K444Oj44OD44Kt44O85pac6Lev44K344Oj44Os44Ks44Oz5Ly944Og44K944O844Op44O844Op44Kk44OI5LuY44GNIOOCquODvOODiuODoeODs+ODiCAz44Gz44GN44Gu44GT44G244GfIOOCj+OCieOBruWutiDjgJDjgYvjgo/jgYTjgYQg44Ks44O844OH44Oz44Kq44O844OK44Oh44Oz44OIIExFROODqeOCpOODiCDlpKrpmb3lhYkg5YWF6Zu75byPIOe9ruOBjeeJqSDnva7niakg44Od44Oq44Os44Oz44K4IDPljLnjga7jgZPjgbbjgZ8g5YuV54mpIOWxi+WkliDnjoTplqIg5bqtIOOCrOODvOODh+ODi+ODs+OCsCDjgrDjg4Pjgrog44Kq44OW44K444KnIOOCpOODs+ODhuODquOCoiDjgqjjgq/jgrnjg4bjg6rjgqIg6ZuR6LKoIOi0iOOCiueJqSDjgq7jg5Xjg4gg44GC44GZ5qW95a++5b+c,5pqX44GP44Gq44KL44Go6Ieq5YuV54K554Gv77yB44CM44Od44OD44CN44Go44GK5a6244Gr54Gv44KK44GM44Go44KC44KK44G+44GZ44CC44CC44K944O844Op44O844Op44Kk44OI5LuY44GNIOOCquODvOODiuODoeODs+ODiCAz44Gz44GN44Gu44GT44G244GfIOOCj+OCieOBruWutiDjgJDjgYvjgo/jgYTjgYQg44Ks44O844OH44Oz44Kq44O844OK44Oh44Oz44OIIExFROODqeOCpOODiCDlpKrpmb3lhYkg5YWF6Zu75byPIOe9ruOBjeeJqSDnva7niakg44Od44Oq44Os44Oz44K4IDPljLnjga7jgZPjgbbjgZ8g5YuV54mpIOWxi+WkliDnjoTplqIg5bqtIOOCrOODvOODh+ODi+ODs+OCsCDjgrDjg4Pjgrog44Kq44OW44K444KnIOOCpOODs+ODhuODquOCoiDjgqjjgq/jgrnjg4bjg6rjgqIg6ZuR6LKoIOi0iOOCiueJqSDjgq7jg5Xjg4gg44GC44GZ5qW95a++5b+c[rn]
11-197554,aHR0cDovL3RzaG9wLnIxMHMuanAva29rb3VraS9jYWJpbmV0L2NoYXJhL2t1cmEtMDM2OS5qcGc/Zml0aW49NzAwOjcwMA==,NTYwMC4wMDAw,,6Iqx44O744Ks44O844OH44Oz44O7RElZID4g44Ko44Kv44K544OG44Oq44Ki44O744Ks44O844OH44Oz44OV44Kh44OL44OB44Oj44O8ID4g44Op44Kk44OI44O744Kk44Or44Of44ON44O844K344On44OzID4g44Ks44O844OH44Oz44Op44Kk44OIIOODu+eBr+evrQ==,44K944O844Op44O844Op44Kk44OI5LuY44GNIOOCquODvOODiuODoeODs+ODiCAz44Gz44GN44Gu44GT44G244GfIOacqOOBruWutiDjgJDjgYvjgo/jgYTjgYQg44Ks44O844OH44Oz44Kq44O844OK44Oh44Oz44OIIExFROODqeOCpOODiCDlpKrpmb3lhYkg5YWF6Zu75byPIOe9ruOBjeeJqSDnva7niakg44Od44Oq44Os44Oz44K4IDPljLnjga7jgZPjgbbjgZ8g5YuV54mpIOWxi+WkliDnjoTplqIg5bqtIOOCrOODvOODh+ODi+ODs+OCsCDjgrDjg4Pjgrog44Kq44OW44K444KnIOOCpOODs+ODhuODquOCoiDjgqjjgq/jgrnjg4bjg6rjgqIg6ZuR6LKoIOi0iOOCiueJqSDjgq7jg5Xjg4gg44GC44GZ5qW95a++5b+c44CR,,PHA+PGltZyBzcmM9Imh0dHA6Ly93d3cucmFrdXRlbi5uZS5qcC9nb2xkL2tva291a2kvYXN1MzIwLTYzMF9zaC11bmRlci5naWYiIHdpZHRoPSIzMjAiIGhlaWdodD0iNjMwIiBib3JkZXI9IjAiPjxicj4KPGJyPgo8aW1nIHNyYz0iaHR0cDovL3d3dy5yYWt1dGVuLm5lLmpwL2dvbGQva29rb3VraS9hc3VyYWt1LWNsXzMyMC0yMzAuZ2lmIiB3aWR0aD0iMzIwIiBoZWlnaHQ9IjIzMCIgYm9yZGVyPSIwIj48L3A+PEJSPgoKPHA+PGltZyBzcmM9Imh0dHA6Ly9pbWFnZS5yYWt1dGVuLmNvLmpwL2tva291a2kvY2FiaW5ldC9jaGFyYS9rdXJhLTAzNTdfc20ta2FuMS5qcGciIHdpZHRoPSIzMDAiIGhlaWdodD0iMzk4IiBib3JkZXI9IjAiPjwvcD4KPGZvbnQgY29sb3I9IiNmZjY2MDAiPuKYhueJqeiqnuOCt+ODquODvOOCuuS4gOimp+OBr+OBk+OBoeOCieKYhjwvZm9udD48YnI+CuODuzPljLnjga7jgZPjgbbjgZ/lhYTlvJ/jgrvjg4Pjg4gv6KaP5qC877ya5bCPCjxicj4K44O7M+WMueOBruOBk+OBtuOBny/opo/moLzvvJrlpKfjg7vjgo/jgokKPGJyPgrjg7sz5Yy544Gu44GT44G244GfL+imj+agvO+8muWkp+ODu+acqAo8YnI+CuODuzPljLnjga7jgZPjgbbjgZ8v6KaP5qC877ya5aSn44O744Os44Oz44KsCjxicj4K44O744Kq44Kq44Kr44Of44GV44KTL+imj+agvO+8muWwj+ODu+OBteOBhuOBteOBhuOBteODvAo8YnI+CuODu+OCquOCquOCq+ODn+OBleOCky/opo/moLzvvJrlsI/jg7vjg5rjg63jg6oKPGJyPgrjg7vjgqrjgqrjgqvjg5/jgZXjgpMv6KaP5qC877ya5aSn44O744Oa44Ot44OqCjxicj4K44O76LWk44Ga44GN44KTL+imj+agvO+8muWwj+ODu+OBiuOBpOOBi+OBhAo8YnI+CuODu+i1pOOBmuOBjeOCky/opo/moLzvvJrlsI/jg7vjgb/jgaTjgY/jgZUKPGJyPgrjg7votaTjgZrjgY3jgpMv6KaP5qC877ya5aSn44O744GK44Gk44GL44GECjxicj4K44O744Km44Kn44Or44Kr44Og44Kq44O844OK44Oh44Oz44OILzPljLnjga7jgZPjgbbjgZ8KPGJyPgrjg7sz5Yy544Gu44GT44G244GfL+OCveODvOODqeODvOODqeOCpOODiOS7mOOBjeODu+OCj+OCieOBruWutgo8YnI+CuODuzPljLnjga7jgZPjgbbjgZ8v44K944O844Op44O844Op44Kk44OI5LuY44GN44O75pyo44Gu5a62Cjxicj4K44O7M+WMueOBruOBk+OBtuOBny/jgr3jg7zjg6njg7zjg6njgqTjg4jku5jjgY3jg7vjg6zjg7Pjgqzjga7lrrYKPGJyPgoKPGJyPuOAjOeJqeiqnuOBruajruOBuOOCiOOBhuOBk+OBneOAjTxmb250IGNvbG9yPSIjZmYzMzk5Ij4KPGJyPuWknOOBq+OBquOCi+OBqOeBr+OCiuOCkuOBqOOCguOBmTxiPuODqeOCpOODiOS7mOOBjTwvYj7jga7jgr3jg7zjg6njg7zjgqrjg7zjg4rjg6Hjg7Pjg4jjgrfjg6rjg7zjgrrjgafjgZnjgII8L2ZvbnQ+CjxCUj5MRUTjg6njgqTjg4jvvJrjgqTjgqjjg63jg7wKPEJSPjxmb250IGNvbG9yPSIjZmYwMDk5Ij4z5Yy544Gu44GT44G244GfPC9mb250Pgo8YnI+4peP5pqX44GP44Gq44KL44Go44CM44Od44OD44CN44Go44GK5a6244Gr54Gv44KK44GM44Go44KC44KK44G+44GZ44CCPGZvbnQgY29sb3I9IiMzMzAwMDAiPjxiPuWknOOBquOBo+OBpuOCgualveOBl+OCgeOCizwvYj48L2ZvbnQ+44Kq44O844OK44Oh44Oz44OI44Gn44GZ44CCCjxicj7il4/kuIDmranotrPjgpLouI/jgb/lhaXjgozjgZ/jgonjgZ3jgZPjga/nianoqp7jga7kuJbnlYzjgILoh6rliIbjgaDjgZHjga7jgrnjg4jjg7zjg6rjg7zjga7jgYLjgovjgYrluq3jgpLkvZzjgozjgovnianoqp7jgrfjg6rjg7zjgrrjgIIKPEJSPuKXj+OBpOOBhOerpeW/g+OBq+OBi+OBiOOBo+OBpuOBl+OBvuOBhuOCiOOBhuOBquODoeODq+ODmOODs+ODgeODg+OCr+OBquOCquODvOODiuODoeODs+ODiOOBp+OBmeOAggo8YnI+4peP44GK5bqt44Gu44Kw44Oq44O844Oz44Gr44KC44OU44OD44K/44Oq44Gu44CB44GL44KP44GE44GE44GK5a6244Gu44OH44K244Kk44Oz4pmq546E6Zai5YmN44KE44Ki44OX44Ot44O844OB44CB44GK5bqt44KE6I+c5ZyS44Gu5Y+v5oSb44GE44Ki44Kv44K744Oz44OI44Gr44CCCjxCUj7il4/mnKzkvZPjga7lvozjgo3lgbTjgavjgr3jg7zjg6njg7zjg5Hjg43jg6vjgYwx5p6a5LuY44GE44Gm44GE44G+44GZ44CCCjxCUj7il488Rk9OVCBjb2xvcj0jZmY2NjAwPjxCPuWkqumZveWFieWFhembu+W8j+OBruOCu+ODs+OCteODvOS7mOOBjTwvQj48L0ZPTlQ+44Gn44CB5pqX44GP44Gq44Gj44Gf44KJPEZPTlQgY29sb3I9I2ZmNjYwMD48Qj7oh6rli5Xngrnnga88L0I+PC9GT05UPu+8gQo8QlI+4pePPGZvbnQgY29sb3I9IiMwMDY2Y2MiPjxiPumYsumbqOS7leanmDwvYj48L2ZvbnQ+44Gn44GZ44GM44CB6Zu75rGg6YOo44GM5bqV6Z2i44Gr44GC44KK44G+44GZ44Gu44Gn44CB5rC044GM5rqc44G+44KK44Gr44GP44GE5aC05omA44Gr572u44GE44Gm5LiL44GV44GE44CCCjxCUj7il4/mlrDnr4nnpZ3jgYTjgoToqpXnlJ/ml6Xjg5fjg6zjgrzjg7Pjg4jjgarjganjgIHotIjjgornianjgavjgoIg44GK44GZ44GZ44KB44Gn44GZ44CCCjxCUj7igLvmnKzlk4FMRUTjg6njgqTjg4jjga/jgqTjgqjjg63jg7znkIPjgpLkvb/nlKjjgZfjgabjgYTjgb7jgZnjgILjg5vjg6/jgqTjg4jnkIPjgajmr5TjgbnjgovjgajlhYnjgYzlvLHjgoHjgafjgZnjgILlhYnjgpLnhafjgonjgZnjgajjgYTjgYbjgojjgorjgIHjgoTjgZXjgZfjgY/nga/jgZnmhJ/jgZjjgafjgZnjgIIKPEJSPlvllYblk4Hku5Xmp5hdCjxCUj7il4/llYblk4HjgrXjgqTjgrov57SE77yaMjM1w5cyMDDDl+mrmOOBlTI4MG1tCjxCUj7il4/mnZDos6ov5pys5L2T77ya44Od44Oq44Os44Oz44K477yI44Op44OD44Kr44O85aGX6KOF77yJL+ODqeOCpOODiOmDqO+8mkFCU+aoueiEggo8QlI+4peP6Zu75rqQL+eZuumbu+mDqO+8muOCveODvOODqeODvOODkeODjeODq++8iOWkqumZvembu+axoO+8iS/ok4Tpm7vpg6jvvJrlhYXpm7vlvI/ljZg05Z6L6Zu75rGgMeacrAo8QlI+4peP5YWJ5rqQL0xFROODqeOCpOODiO+8iOOCpOOCqOODreODvO+8iQo8QlI+4peP54K554Gv5pmC6ZaTL+acgOmVt+OAgee0hDEw5pmC6ZaT77yI44OV44Or5YWF6Zu75pmC77yJ4oC76Kit572u5aC05omA44KE5aSp5YCZ44CB5a2j56+A44Gr44KI44KK55Ww44Gq44KK44G+44GZ44CCCjxCUj7il4/lhYXpm7vmmYLplpMv44OV44Or5YWF6Zu744GZ44KL44Gu44Gr5b+F6KaB44Gq5pel54Wn5pmC6ZaT77yI5pm044KM44Gu5aC05ZCI77yJ5pyA5L2OOOaZgumWkwo8QlI+4peP6Zu75rGg5a+/5ZG9L+WFheODu+aUvumbu+OAgee0hDEyMOWbngo8QlI+4oC75Yid5pyf44Gr5LuY5bGe44GV44KM44Gm44GE44KL44OG44K544OI6Zu75rGg44Gu5a+/5ZG944Gv44CB44GU5L2/55So6ZaL5aeL44GL44KJ57SEM+OBi+aciOOBp+OBmeOAggo8QlI+4oC75YWF6Zu75rGg44Gu5a+/5ZG944GM44Gk44GN44G+44GX44Gf44KJ44CB44Ob44O844Og44K744Oz44K/44O844KE5a626Zu76YeP6LKp5bqX562J44Gn44GU6LO85YWl44GP44Gg44GV44GE44CCCjxCUj7il4/nlJ/nlKPlm70v5Lit5Zu9CjxCUj7il4/lgpnogIMv44GK6LK35LiK5pmC44Gv5YWF6Zu744GV44KM44Gm44GK44KK44G+44Gb44KT44Gu44Gn44CB5Yid5pyf5YWF6Zu744KS44GX44Gm5LiL44GV44GE44CC4oC75LuY5bGe44Gu6Kqs5piO5pu45Y+C54WnL+aXpeW9k+OBn+OCiuOBruOCiOOBhOWgtOaJgOOBq+e9ruOBhOOBpuS4i+OBleOBhOOAggo8QlI+4peP44Gd44Gu5LuWL+euseWFpeOCigo8QlI+4oC75pys5ZOB44GvMeOBpOOBmuOBpOaJi+S9nOalreOBp+eUn+eUo+OBl+OBpuOBhOOCi+OBn+OCgeWhl+ijheOBq+OBsOOCieOBpOOBjeOBjOOBguOCiuOBvuOBmeOBjOOAgeOBk+OCjOOBr+acrOWTgeOBrueJueaAp+OBqOOBl+OBpuOBlOeQhuino+OBj+OBoOOBleOBhOOAggoKPGJyPjxicj48cD48aW1nIHNyYz0iaHR0cDovL2ltYWdlLnJha3V0ZW4uY28uanAva29rb3VraS9jYWJpbmV0LzAxNTA2ODEyL25vc2hpLTMwNy02OF9wLmdpZiIgd2lkdGg9IjMwNSIgaGVpZ2h0PSI2NiIgYm9yZGVyPSIwIj48L3A+PEJSPjxwPjxpbWcgc3JjPSJodHRwOi8vaW1hZ2UucmFrdXRlbi5jby5qcC9rb2tvdWtpL2NhYmluZXQvMDE1MDY4MTIvd3JhcHAtMzA3LTY4X3JkMi5naWYiIHdpZHRoPSIzMDUiIGhlaWdodD0iNjYiIGJvcmRlcj0iMCI+PC9wPjxicj48aW1nIHNyYz0iaHR0cDovL3d3dy5yYWt1dGVuLm5lLmpwL2dvbGQva29rb3VraS9zb25uYXRpa2kzMjAtOTUucG5nIiB3aWR0aD0iMzIwIiBoZWlnaHQ9Ijk1IiBib3JkZXI9IjAiPg==,44K944O844Op44O844Op44Kk44OI5LuY44GNIOOCquODvOODiuODoeODs+ODiCAz44Gz44GN44Gu44GT44G244GfIOacqOOBruWutiDjgJDjgYvjgo/jgYTjgYQg44Ks44O844OH44Oz44Kq44O844OK44Oh44Oz44OIIExFROODqeOCpOODiCDlpKrpmb3lhYkg5YWF6Zu75byPIOe9ruOBjeeJqSDnva7niakg44Od44Oq44Os44Oz44K4IDPljLnjga7jgZPjgbbjgZ8g5YuV54mpIOWxi+WkliDnjoTplqIg5bqtIOOCrOODvOODh+ODi+ODs+OCsCDjgrDjg4Pjgrog44Kq44OW44K444KnIOOCpOODs+ODhuODquOCoiDjgqjjgq/jgrnjg4bjg6rjgqIg6ZuR6LKoIOi0iOOCiueJqSDjgq7jg5Xjg4gg44GC44GZ5qW95a++5b+c44CR77ya6ZuR6LKo5bGL44CA44Kz44Kz44Km44Kt,6YCa5L+h6LKp5aOy6YCa6LKp44K344On44OD44OU44Oz44Kw44Kq44Oz44Op44Kk44Oz44K344On44OD44OU44Oz44Kw6LK344GE54mp44OX44Os44K844Oz44OI44Ku44OV44OI6LSI44KK54mp6LSI562U5ZOB44GK5Lit5YWD44GK5q2z5pqu44GK6LK344GE5b6X552A44GQ44KL44G/5Luu6KOF6KGj6KOF44Kz44K544OB44Ol44O844Og5pel5pys6KO944OT44Ki44K/44Oz44OW44Op44O844K544OG44Oz44Os44K544Oc44OI44Or44OB44K/44Oz6KO944K/44Oz44OW44Op44O844K/44Oz44OW44Op44O844OV44Op44Kk44OR44Oz5YyF5LiB5qWt5YuZ55So6Kq/55CG5Zmo5YW344K/44Kk44Og44Kr44OX44K744Or6LKv6YeR566x44Kz44O844OS44O844OJ44Oq44OD44OX44Od44OD44OI44OT44Ki44Kw44Op44K544OU44O844K/44O844Op44OT44OD44OI44Oq44Op44OD44Kv44Oe44GP44G+44Gu44GM44Gj44GT44GG44Kv44Oq44K544Oe44K544OX44Os44K844Oz44OI44OX44Os44K844Oz44OI44Ku44OV44OI6LSI44KK54mp44Kz44Oq44Op44OD44Kv44Oe6aOf5qW95bel5oi/44OV44Kp44Oz44OH44Ol6Jek5qyh6YOO44OH44Kj44K644OL44O844GN44GQ44KL44G/44Ki44Km44OI44Os44OD44OI6YCB5paZ54Sh5paZ44K444Oj44OD44Kt44O85pac6Lev44K344Oj44Os44Ks44Oz5Ly944Og44K944O844Op44O844Op44Kk44OI5LuY44GNIOOCquODvOODiuODoeODs+ODiCAz44Gz44GN44Gu44GT44G244GfIOacqOOBruWutiDjgJDjgYvjgo/jgYTjgYQg44Ks44O844OH44Oz44Kq44O844OK44Oh44Oz44OIIExFROODqeOCpOODiCDlpKrpmb3lhYkg5YWF6Zu75byPIOe9ruOBjeeJqSDnva7niakg44Od44Oq44Os44Oz44K4IDPljLnjga7jgZPjgbbjgZ8g5YuV54mpIOWxi+WkliDnjoTplqIg5bqtIOOCrOODvOODh+ODi+ODs+OCsCDjgrDjg4Pjgrog44Kq44OW44K444KnIOOCpOODs+ODhuODquOCoiDjgqjjgq/jgrnjg4bjg6rjgqIg6ZuR6LKoIOi0iOOCiueJqSDjgq7jg5Xjg4gg44GC44GZ5qW95a++5b+c44CR,5pqX44GP44Gq44KL44Go6Ieq5YuV54K554Gv77yB44CM44Od44OD44CN44Go44GK5a6244Gr54Gv44KK44GM44Go44KC44KK44G+44GZ44CC44CC44K944O844Op44O844Op44Kk44OI5LuY44GNIOOCquODvOODiuODoeODs+ODiCAz44Gz44GN44Gu44GT44G244GfIOacqOOBruWutiDjgJDjgYvjgo/jgYTjgYQg44Ks44O844OH44Oz44Kq44O844OK44Oh44Oz44OIIExFROODqeOCpOODiCDlpKrpmb3lhYkg5YWF6Zu75byPIOe9ruOBjeeJqSDnva7niakg44Od44Oq44Os44Oz44K4IDPljLnjga7jgZPjgbbjgZ8g5YuV54mpIOWxi+WkliDnjoTplqIg5bqtIOOCrOODvOODh+ODi+ODs+OCsCDjgrDjg4Pjgrog44Kq44OW44K444KnIOOCpOODs+ODhuODquOCoiDjgqjjgq/jgrnjg4bjg6rjgqIg6ZuR6LKoIOi0iOOCiueJqSDjgq7jg5Xjg4gg44GC44GZ5qW95a++5b+c44CR[rn]
11-197555,aHR0cDovL3RzaG9wLnIxMHMuanAva29rb3VraS9jYWJpbmV0L2NoYXJhL2t1cmEtMDM3MF9pbTIuanBnP2ZpdGluPTcwMDo3MDA=,NTYwMC4wMDAw,,6Iqx44O744Ks44O844OH44Oz44O7RElZID4g44Ko44Kv44K544OG44Oq44Ki44O744Ks44O844OH44Oz44OV44Kh44OL44OB44Oj44O8ID4g44Op44Kk44OI44O744Kk44Or44Of44ON44O844K344On44OzID4g44Ks44O844OH44Oz44Op44Kk44OIIOODu+eBr+evrQ==,44K944O844Op44O844Op44Kk44OI5LuY44GNIOOCquODvOODiuODoeODs+ODiCAz44Gz44GN44Gu44GT44G244GfIOODrOODs+OCrOOBruWutiDjgJDjgYvjgo/jgYTjgYQg44K944O844Op44O844Ks44O844OH44Oz44Op44Kk44OIIOOCrOODvOODh+ODs+OCquODvOODiuODoeODs+ODiCBMRUTjg6njgqTjg4gg5aSq6Zm95YWJIOWFhembu+W8jyDnva7jgY3niakg572u54mpIDPljLnjga7jgZPjgbbjgZ8g5YuV54mpIOWxi+WkliDnjoTplqIg5bqtIOOCrOODvOODh+ODi+ODs+OCsCDjgrDjg4Pjgrog44Kq44OW44K444KnIOOCpOODs+ODhuODquOCoiDpm5Hosqgg6LSI44KK54mpIOOCruODleODiCDjgYLjgZnmpb3lr77lv5w=,,PHA+PGltZyBzcmM9Imh0dHA6Ly93d3cucmFrdXRlbi5uZS5qcC9nb2xkL2tva291a2kvYXN1MzIwLTYzMF9zaC11bmRlci5naWYiIHdpZHRoPSIzMjAiIGhlaWdodD0iNjMwIiBib3JkZXI9IjAiPjxicj4KPGJyPgo8aW1nIHNyYz0iaHR0cDovL3d3dy5yYWt1dGVuLm5lLmpwL2dvbGQva29rb3VraS9hc3VyYWt1LWNsXzMyMC0yMzAuZ2lmIiB3aWR0aD0iMzIwIiBoZWlnaHQ9IjIzMCIgYm9yZGVyPSIwIj48L3A+PEJSPgoKPHA+PGltZyBzcmM9Imh0dHA6Ly9pbWFnZS5yYWt1dGVuLmNvLmpwL2tva291a2kvY2FiaW5ldC9jaGFyYS9rdXJhLTAzNTdfc20ta2FuMS5qcGciIHdpZHRoPSIzMDAiIGhlaWdodD0iMzk4IiBib3JkZXI9IjAiPjwvcD4KPGZvbnQgY29sb3I9IiNmZjY2MDAiPuKYhueJqeiqnuOCt+ODquODvOOCuuS4gOimp+OBr+OBk+OBoeOCieKYhjwvZm9udD48YnI+CuODuzPljLnjga7jgZPjgbbjgZ/lhYTlvJ/jgrvjg4Pjg4gv6KaP5qC877ya5bCPCjxicj4K44O7M+WMueOBruOBk+OBtuOBny/opo/moLzvvJrlpKfjg7vjgo/jgokKPGJyPgrjg7sz5Yy544Gu44GT44G244GfL+imj+agvO+8muWkp+ODu+acqAo8YnI+CuODuzPljLnjga7jgZPjgbbjgZ8v6KaP5qC877ya5aSn44O744Os44Oz44KsCjxicj4K44O744Kq44Kq44Kr44Of44GV44KTL+imj+agvO+8muWwj+ODu+OBteOBhuOBteOBhuOBteODvAo8YnI+CuODu+OCquOCquOCq+ODn+OBleOCky/opo/moLzvvJrlsI/jg7vjg5rjg63jg6oKPGJyPgrjg7vjgqrjgqrjgqvjg5/jgZXjgpMv6KaP5qC877ya5aSn44O744Oa44Ot44OqCjxicj4K44O76LWk44Ga44GN44KTL+imj+agvO+8muWwj+ODu+OBiuOBpOOBi+OBhAo8YnI+CuODu+i1pOOBmuOBjeOCky/opo/moLzvvJrlsI/jg7vjgb/jgaTjgY/jgZUKPGJyPgrjg7votaTjgZrjgY3jgpMv6KaP5qC877ya5aSn44O744GK44Gk44GL44GECjxicj4K44O744Km44Kn44Or44Kr44Og44Kq44O844OK44Oh44Oz44OILzPljLnjga7jgZPjgbbjgZ8KPGJyPgrjg7sz5Yy544Gu44GT44G244GfL+OCveODvOODqeODvOODqeOCpOODiOS7mOOBjeODu+OCj+OCieOBruWutgo8YnI+CuODuzPljLnjga7jgZPjgbbjgZ8v44K944O844Op44O844Op44Kk44OI5LuY44GN44O75pyo44Gu5a62Cjxicj4K44O7M+WMueOBruOBk+OBtuOBny/jgr3jg7zjg6njg7zjg6njgqTjg4jku5jjgY3jg7vjg6zjg7Pjgqzjga7lrrYKPGJyPgoKPGJyPuOAjOeJqeiqnuOBruajruOBuOOCiOOBhuOBk+OBneOAjTxmb250IGNvbG9yPSIjZmYzMzk5Ij4KPGJyPuWknOOBq+OBquOCi+OBqOeBr+OCiuOCkuOBqOOCguOBmTxiPuODqeOCpOODiOS7mOOBjTwvYj7jga7jgr3jg7zjg6njg7zjgqrjg7zjg4rjg6Hjg7Pjg4jjgrfjg6rjg7zjgrrjgafjgZnjgII8L2ZvbnQ+CjxCUj5MRUTjg6njgqTjg4jvvJrjgqTjgqjjg63jg7wKPEJSPjxmb250IGNvbG9yPSIjZmYwMDk5Ij4z5Yy544Gu44GT44G244GfPC9mb250Pgo8YnI+4peP5pqX44GP44Gq44KL44Go44CM44Od44OD44CN44Go44GK5a6244Gr54Gv44KK44GM44Go44KC44KK44G+44GZ44CCPGZvbnQgY29sb3I9IiMzMzAwMDAiPjxiPuWknOOBquOBo+OBpuOCgualveOBl+OCgeOCizwvYj48L2ZvbnQ+44Kq44O844OK44Oh44Oz44OI44Gn44GZ44CCCjxicj7il4/kuIDmranotrPjgpLouI/jgb/lhaXjgozjgZ/jgonjgZ3jgZPjga/nianoqp7jga7kuJbnlYzjgILoh6rliIbjgaDjgZHjga7jgrnjg4jjg7zjg6rjg7zjga7jgYLjgovjgYrluq3jgpLkvZzjgozjgovnianoqp7jgrfjg6rjg7zjgrrjgIIKPEJSPuKXj+OBpOOBhOerpeW/g+OBq+OBi+OBiOOBo+OBpuOBl+OBvuOBhuOCiOOBhuOBquODoeODq+ODmOODs+ODgeODg+OCr+OBquOCquODvOODiuODoeODs+ODiOOBp+OBmeOAggo8YnI+4peP44GK5bqt44Gu44Kw44Oq44O844Oz44Gr44KC44OU44OD44K/44Oq44Gu44CB44GL44KP44GE44GE44GK5a6244Gu44OH44K244Kk44Oz4pmq546E6Zai5YmN44KE44Ki44OX44Ot44O844OB44CB44GK5bqt44KE6I+c5ZyS44Gu5Y+v5oSb44GE44Ki44Kv44K744Oz44OI44Gr44CCCjxCUj7il4/mnKzkvZPjga7lvozjgo3lgbTjgavjgr3jg7zjg6njg7zjg5Hjg43jg6vjgYwx5p6a5LuY44GE44Gm44GE44G+44GZ44CCCjxCUj7il488Rk9OVCBjb2xvcj0jZmY2NjAwPjxCPuWkqumZveWFieWFhembu+W8j+OBruOCu+ODs+OCteODvOS7mOOBjTwvQj48L0ZPTlQ+44Gn44CB5pqX44GP44Gq44Gj44Gf44KJPEZPTlQgY29sb3I9I2ZmNjYwMD48Qj7oh6rli5Xngrnnga88L0I+PC9GT05UPu+8gQo8QlI+4pePPGZvbnQgY29sb3I9IiMwMDY2Y2MiPjxiPumYsumbqOS7leanmDwvYj48L2ZvbnQ+44Gn44GZ44GM44CB6Zu75rGg6YOo44GM5bqV6Z2i44Gr44GC44KK44G+44GZ44Gu44Gn44CB5rC044GM5rqc44G+44KK44Gr44GP44GE5aC05omA44Gr572u44GE44Gm5LiL44GV44GE44CCCjxCUj7il4/mlrDnr4nnpZ3jgYTjgoToqpXnlJ/ml6Xjg5fjg6zjgrzjg7Pjg4jjgarjganjgIHotIjjgornianjgavjgoIg44GK44GZ44GZ44KB44Gn44GZ44CCCjxCUj7igLvmnKzlk4FMRUTjg6njgqTjg4jjga/jgqTjgqjjg63jg7znkIPjgpLkvb/nlKjjgZfjgabjgYTjgb7jgZnjgILjg5vjg6/jgqTjg4jnkIPjgajmr5TjgbnjgovjgajlhYnjgYzlvLHjgoHjgafjgZnjgILlhYnjgpLnhafjgonjgZnjgajjgYTjgYbjgojjgorjgIHjgoTjgZXjgZfjgY/nga/jgZnmhJ/jgZjjgafjgZnjgIIKPEJSPlvllYblk4Hku5Xmp5hdCjxCUj7il4/llYblk4HjgrXjgqTjgrov57SE77yaMjMww5cxODXDl+mrmOOBlTIzNm1tCjxCUj7il4/mnZDos6ov5pys5L2T77ya44Od44Oq44Os44Oz44K477yI44Op44OD44Kr44O85aGX6KOF77yJL+ODqeOCpOODiOmDqO+8mkFCU+aoueiEggo8QlI+4peP6Zu75rqQL+eZuumbu+mDqO+8muOCveODvOODqeODvOODkeODjeODq++8iOWkqumZvembu+axoO+8iS/ok4Tpm7vpg6jvvJrlhYXpm7vlvI/ljZg05Z6L6Zu75rGgMeacrAo8QlI+4peP5YWJ5rqQL0xFROODqeOCpOODiO+8iOOCpOOCqOODreODvO+8iQo8QlI+4peP54K554Gv5pmC6ZaTL+acgOmVt+OAgee0hDEw5pmC6ZaT77yI44OV44Or5YWF6Zu75pmC77yJ4oC76Kit572u5aC05omA44KE5aSp5YCZ44CB5a2j56+A44Gr44KI44KK55Ww44Gq44KK44G+44GZ44CCCjxCUj7il4/lhYXpm7vmmYLplpMv44OV44Or5YWF6Zu744GZ44KL44Gu44Gr5b+F6KaB44Gq5pel54Wn5pmC6ZaT77yI5pm044KM44Gu5aC05ZCI77yJ5pyA5L2OOOaZgumWkwo8QlI+4peP6Zu75rGg5a+/5ZG9L+WFheODu+aUvumbu+OAgee0hDEyMOWbngo8QlI+4oC75Yid5pyf44Gr5LuY5bGe44GV44KM44Gm44GE44KL44OG44K544OI6Zu75rGg44Gu5a+/5ZG944Gv44CB44GU5L2/55So6ZaL5aeL44GL44KJ57SEM+OBi+aciOOBp+OBmeOAggo8QlI+4oC75YWF6Zu75rGg44Gu5a+/5ZG944GM44Gk44GN44G+44GX44Gf44KJ44CB44Ob44O844Og44K744Oz44K/44O844KE5a626Zu76YeP6LKp5bqX562J44Gn44GU6LO85YWl44GP44Gg44GV44GE44CCCjxCUj7il4/nlJ/nlKPlm70v5Lit5Zu9CjxCUj7il4/lgpnogIMv44GK6LK35LiK5pmC44Gv5YWF6Zu744GV44KM44Gm44GK44KK44G+44Gb44KT44Gu44Gn44CB5Yid5pyf5YWF6Zu744KS44GX44Gm5LiL44GV44GE44CC4oC75LuY5bGe44Gu6Kqs5piO5pu45Y+C54WnL+aXpeW9k+OBn+OCiuOBruOCiOOBhOWgtOaJgOOBq+e9ruOBhOOBpuS4i+OBleOBhOOAggo8QlI+4peP44Gd44Gu5LuWL+euseWFpeOCigo8QlI+4oC75pys5ZOB44GvMeOBpOOBmuOBpOaJi+S9nOalreOBp+eUn+eUo+OBl+OBpuOBhOOCi+OBn+OCgeWhl+ijheOBq+OBsOOCieOBpOOBjeOBjOOBguOCiuOBvuOBmeOBjOOAgeOBk+OCjOOBr+acrOWTgeOBrueJueaAp+OBqOOBl+OBpuOBlOeQhuino+OBj+OBoOOBleOBhOOAggoKPGJyPjxicj48cD48aW1nIHNyYz0iaHR0cDovL2ltYWdlLnJha3V0ZW4uY28uanAva29rb3VraS9jYWJpbmV0LzAxNTA2ODEyL25vc2hpLTMwNy02OF9wLmdpZiIgd2lkdGg9IjMwNSIgaGVpZ2h0PSI2NiIgYm9yZGVyPSIwIj48L3A+PEJSPjxwPjxpbWcgc3JjPSJodHRwOi8vaW1hZ2UucmFrdXRlbi5jby5qcC9rb2tvdWtpL2NhYmluZXQvMDE1MDY4MTIvd3JhcHAtMzA3LTY4X3JkMi5naWYiIHdpZHRoPSIzMDUiIGhlaWdodD0iNjYiIGJvcmRlcj0iMCI+PC9wPjxicj48aW1nIHNyYz0iaHR0cDovL3d3dy5yYWt1dGVuLm5lLmpwL2dvbGQva29rb3VraS9zb25uYXRpa2kzMjAtOTUucG5nIiB3aWR0aD0iMzIwIiBoZWlnaHQ9Ijk1IiBib3JkZXI9IjAiPg==,44K944O844Op44O844Op44Kk44OI5LuY44GNIOOCquODvOODiuODoeODs+ODiCAz44Gz44GN44Gu44GT44G244GfIOODrOODs+OCrOOBruWutiDjgJDjgYvjgo/jgYTjgYQg44K944O844Op44O844Ks44O844OH44Oz44Op44Kk44OIIOOCrOODvOODh+ODs+OCquODvOODiuODoeODs+ODiCBMRUTjg6njgqTjg4gg5aSq6Zm95YWJIOWFhembu+W8jyDnva7jgY3niakg572u54mpIDPljLnjga7jgZPjgbbjgZ8g5YuV54mpIOWxi+WkliDnjoTplqIg5bqtIOOCrOODvOODh+ODi+ODs+OCsCDjgrDjg4Pjgrog44Kq44OW44K444KnIOOCpOODs+ODhuODquOCoiDpm5Hosqgg6LSI44KK54mpIOOCruODleODiCDjgYLjgZnmpb3lr77lv5zvvJrpm5HosqjlsYvjgIDjgrPjgrPjgqbjgq0=,6YCa5L+h6LKp5aOy6YCa6LKp44K344On44OD44OU44Oz44Kw44Kq44Oz44Op44Kk44Oz44K344On44OD44OU44Oz44Kw6LK344GE54mp44OX44Os44K844Oz44OI44Ku44OV44OI6LSI44KK54mp6LSI562U5ZOB44GK5Lit5YWD44GK5q2z5pqu44GK6LK344GE5b6X552A44GQ44KL44G/5Luu6KOF6KGj6KOF44Kz44K544OB44Ol44O844Og5pel5pys6KO944OT44Ki44K/44Oz44OW44Op44O844K544OG44Oz44Os44K544Oc44OI44Or44OB44K/44Oz6KO944K/44Oz44OW44Op44O844K/44Oz44OW44Op44O844OV44Op44Kk44OR44Oz5YyF5LiB5qWt5YuZ55So6Kq/55CG5Zmo5YW344K/44Kk44Og44Kr44OX44K744Or6LKv6YeR566x44Kz44O844OS44O844OJ44Oq44OD44OX44Od44OD44OI44OT44Ki44Kw44Op44K544OU44O844K/44O844Op44OT44OD44OI44Oq44Op44OD44Kv44Oe44GP44G+44Gu44GM44Gj44GT44GG44Kv44Oq44K544Oe44K544OX44Os44K844Oz44OI44OX44Os44K844Oz44OI44Ku44OV44OI6LSI44KK54mp44Kz44Oq44Op44OD44Kv44Oe6aOf5qW95bel5oi/44OV44Kp44Oz44OH44Ol6Jek5qyh6YOO44OH44Kj44K644OL44O844GN44GQ44KL44G/44Ki44Km44OI44Os44OD44OI6YCB5paZ54Sh5paZ44K444Oj44OD44Kt44O85pac6Lev44K344Oj44Os44Ks44Oz5Ly944Og44K944O844Op44O844Op44Kk44OI5LuY44GNIOOCquODvOODiuODoeODs+ODiCAz44Gz44GN44Gu44GT44G244GfIOODrOODs+OCrOOBruWutiDjgJDjgYvjgo/jgYTjgYQg44K944O844Op44O844Ks44O844OH44Oz44Op44Kk44OIIOOCrOODvOODh+ODs+OCquODvOODiuODoeODs+ODiCBMRUTjg6njgqTjg4gg5aSq6Zm95YWJIOWFhembu+W8jyDnva7jgY3niakg572u54mpIDPljLnjga7jgZPjgbbjgZ8g5YuV54mpIOWxi+WkliDnjoTplqIg5bqtIOOCrOODvOODh+ODi+ODs+OCsCDjgrDjg4Pjgrog44Kq44OW44K444KnIOOCpOODs+ODhuODquOCoiDpm5Hosqgg6LSI44KK54mpIOOCruODleODiCDjgYLjgZnmpb3lr77lv5w=,5pqX44GP44Gq44KL44Go6Ieq5YuV54K554Gv77yB44CM44Od44OD44CN44Go44GK5a6244Gr54Gv44KK44GM44Go44KC44KK44G+44GZ44CC44CC44K944O844Op44O844Op44Kk44OI5LuY44GNIOOCquODvOODiuODoeODs+ODiCAz44Gz44GN44Gu44GT44G244GfIOODrOODs+OCrOOBruWutiDjgJDjgYvjgo/jgYTjgYQg44K944O844Op44O844Ks44O844OH44Oz44Op44Kk44OIIOOCrOODvOODh+ODs+OCquODvOODiuODoeODs+ODiCBMRUTjg6njgqTjg4gg5aSq6Zm95YWJIOWFhembu+W8jyDnva7jgY3niakg572u54mpIDPljLnjga7jgZPjgbbjgZ8g5YuV54mpIOWxi+WkliDnjoTplqIg5bqtIOOCrOODvOODh+ODi+ODs+OCsCDjgrDjg4Pjgrog44Kq44OW44K444KnIOOCpOODs+ODhuODquOCoiDpm5Hosqgg6LSI44KK54mpIOOCruODleODiCDjgYLjgZnmpb3lr77lv5w=[rn]
11-197556,aHR0cDovL3RzaG9wLnIxMHMuanAva29rb3VraS9jYWJpbmV0L2NoYXJhL2t1cmEtMDM5My5qcGc/Zml0aW49NzAwOjcwMA==,OTM2MC4wMDAw,,6Iqx44O744Ks44O844OH44Oz44O7RElZID4g44Ko44Kv44K544OG44Oq44Ki44O744Ks44O844OH44Oz44OV44Kh44OL44OB44Oj44O8ID4g44Op44Kk44OI44O744Kk44Or44Of44ON44O844K344On44OzID4g44Ks44O844OH44Oz44Op44Kk44OIIOODu+eBr+evrQ==,44K944O844Op44O844Ks44O844OH44Oz44Op44Kk44OIIOmAgeaWmeeEoeaWmSDpu5LnjKvnhZnnqoHmjoPpmaQgTEVE44K944O844Op44O844Op44Kk44OIIExFROODqeOCpOODiCDvvJrjg5vjg6/jgqTjg4gg44CQ44K944O844Op44O844Op44Kk44OIIOW6rSDnjoTplqLliY0g44Ki44OX44Ot44O844OBIOWxi+WklueUqCDljJfmrKcg44Kk44Oz44OG44Oq44KiIOOCquODluOCuOOCpyDpu5LnjKsg54yrIOOBreOBkyDjg43jgrMg6ZuR6LKoIOWLleeJqSDnhZnnqoHjgZ3jgYbjgZgg572u54mpIOOBiuOBl+OCg+OCjCDjgYvjgo/jgYTjgYQg6LSI44KK54mpIOOCruODleODiCDjgYLjgZnmpb3lr77lv5w=,,PHA+PGltZyBzcmM9Imh0dHA6Ly93d3cucmFrdXRlbi5uZS5qcC9nb2xkL2tva291a2kvYXN1MzIwLTYzMF9zaC11bmRlci5naWYiIHdpZHRoPSIzMjAiIGhlaWdodD0iNjMwIiBib3JkZXI9IjAiPjxicj4KPGJyPgo8aW1nIHNyYz0iaHR0cDovL3d3dy5yYWt1dGVuLm5lLmpwL2dvbGQva29rb3VraS9hc3VyYWt1LWNsXzMyMC0yMzAuZ2lmIiB3aWR0aD0iMzIwIiBoZWlnaHQ9IjIzMCIgYm9yZGVyPSIwIj48L3A+PEJSPgoKPGZvbnQgY29sb3I9IiMzMzAwMDAiPjxmb250IGNvbG9yPSIjMzMwMDAwIj48Yj7lubjjgZvjgpLlkbzjgbbnjKvjga7nhZnnqoHmjoPpmaTlsYvjgZXjgpPjgII8L2I+PC9mb250PjwvZm9udD4KPGJyPjxmb250IGNvbG9yPSIjOTk5OTAwIj4tIC0gLSAtIC0gLSAtIC0gLSAtIC0gLSAtIC0gLSAtIC0gLSAtIC0gLSAtIC08L2ZvbnQ+CjxCUj7jgIDjgIBMRUTjg6njgqTjg4jvvJrjg5vjg6/jgqTjg4gKPEJSPjxmb250IGNvbG9yPSIjOTk5OTAwIj4tIC0gLSAtIC0gLSAtIC0gLSAtIC0gLSAtIC0gLSAtIC0gLSAtIC0gLSAtIC08L2ZvbnQ+CjxCUj48Zm9udCBjb2xvcj0iIzMzMDAwMCI+44K944O844Op44O844Op44Kk44OIPC9mb250Pgo8YnI+4peP5piU44GL44KJ44Oo44O844Ot44OD44OR44Gn44Gv54WZ56qB5o6D6Zmk5Lq644Gv44CM5bm456aP44Gu5L2/6ICF44CN44Go44GE44KP44KM44CB5b2844KJ44Gr5Ye65Lya44GG5LqL44GM44Gn44GN44KL44Go5bm46YGL44KS44KC44Gf44KJ44GV44KM44KL44Go44GE44GG6KiA44GE5Lyd44GI44GM44GC44KK44G+44GZ44CC44Gd44KT44Gq44Oh44Or44OY44Oz44OB44OD44Kv44Gq44K544OI44O844Oq44O844KS5YWD44Gr6buS54yr44GV44KT44OH44K244Kk44Oz44Gn44Op44Kk44OI44Gr44GX44G+44GX44Gf44CCCjxicj7il4/nva7jgYTjgabjgYrjgY/jgaDjgZHjgafjgIHjgYrluq3jgoTnjoTplqLlkajjgorjga7jgqTjg7Pjg4bjg6rjgqLjgavjgoLjgarjgovjgr3jg7zjg6njg7zjg6njgqTjg4jjgafjgZnjgIIKPEJSPuKXj+OCveODvOODqeODvOODkeODjeODq+OBr+ODqeOCpOODiOmDqOOBruOBi+OBleOBqzbmnprku5jjgYTjgabjgYTjgb7jgZnjgIIKPEJSPuKXjzxGT05UIGNvbG9yPSNmZjY2MDA+PEI+5YWJ44K744Oz44K144O85LuY44GNPC9CPjwvRk9OVD7jgafjgIHmmpfjgY/jgarjgaPjgZ/jgok8Rk9OVCBjb2xvcj0jZmY2NjAwPjxCPuiHquWLleeCueeBrzwvQj48L0ZPTlQ+77yB5omL6ZaT44GE44KJ44Ga77yB54K554Gv44GX44Gm44Gq44GE5pel5Lit44Gn44KC44CB44GK5rSS6JC944Gq44Kk44Oz44OG44Oq44Ki44Gr44Gq44KK44G+44GZ44CCCjxCUj7il4/lpKrpmb3lhYnlhYXpm7vlvI/jgarjga7jgafjgIE8Rk9OVCBjb2xvcj0jZmY2NjAwPjxCPumbu+awl+S7ozDlhoY8L0I+PC9GT05UPu+8gQo8QlI+4pePPEZPTlQgY29sb3I9I2ZmNjYwMD48Qj7jgrPjg7zjg4njg6zjgrk8L0I+PC9GT05UPuOBquOBruOBp+OAgeioree9ruOChOWgtOaJgOWkieOBiOOCguaJi+i7veOBq+OBp+OBjeOBvuOBmeOAggo8QlI+4peP6Zuo44GM44GC44Gf44Gj44Gm44KC5aSn5LiI5aSr44GqPEZPTlQgY29sb3I9I2ZmNjYwMD48Qj7pmLLpm6jku5Xmp5g8L0I+PC9GT05UPu+8gQo8YnI+4oC76aKo44Gu5by344GE5pmC44Gv44CB5YCS44KM44Gq44GE44KI44GG6YCA6YG/44GV44Gb44Gm5LiL44GV44GE44CCCjxCUj7il4/mlrDnr4nnpZ3jgYTjgoToqpXnlJ/ml6Xjg5fjg6zjgrzjg7Pjg4jjgarjganjgIHotIjjgornianjgavjgoLjgYrjgZnjgZnjgoHjgafjgZnjgIIKPEJSPlvllYblk4Hku5Xmp5hdCjxCUj7il4/llYblk4HjgrXjgqTjgroo57SEKS/mqKrluYUyMDDDlzE3MMOX6auY44GVNjQwbW3vvIjjg6njgqTjg4jlkKvjgoDvvIkv44Op44Kk44OI6YOo77ya57SEMTY1w5cxOTDDl+mrmOOBlTI1MO+8iOWFiOerr+mDqOWQq+OCgO+8iW1tL+acrOS9k+W6lemdouOBruW6g+OBle+8mue0hDEzMMOXMTUxbW0KPEJSPuKXj+WVhuWTgemHjemHjy/ntITvvJoyLjVrZwo8QlI+4peP5p2Q6LOqL+acrOS9k++8muODneODquODrOODs+OCuO+8iOODqeODg+OCq+ODvOWhl+ijhe+8iS/jg6njgqTjg4jpg6jvvJpBQlPmqLnohIIKPEJSPuKXj+mbu+a6kC/nmbrpm7vpg6jvvJrjgr3jg7zjg6njg7zjg5Hjg43jg6vvvIjlpKrpmb3pm7vmsaDvvIkv6JOE6Zu76YOo77ya5YWF6Zu75byP5Y2YNOWei+mbu+axoDLmnKwKPEJSPuKXj+WFiea6kC9MRUTjg6njgqTjg4jvvIjjg5vjg6/jgqTjg4jvvIkKPEJSPuKXj+eCueeBr+aZgumWky/mnIDplbfjgIHntIQxMOaZgumWk++8iOODleODq+WFhembu+aZgu+8ieKAu+ioree9ruWgtOaJgOOChOWkqeWAmeOAgeWto+evgOOBq+OCiOOCiueVsOOBquOCiuOBvuOBmeOAggo8QlI+4peP5YWF6Zu75pmC6ZaTL+ODleODq+WFhembu+OBmeOCi+OBruOBq+W/heimgeOBquaXpeeFp+aZgumWk++8iOaZtOOCjOOBruWgtOWQiO+8ieacgOS9jjjmmYLplpMKPEJSPuKXj+mbu+axoOWvv+WRvS/lhYXjg7vmlL7pm7vjgIHntIQ1MDDlm54KPEJSPuKAu+WIneacn+OBq+S7mOWxnuOBleOCjOOBpuOBhOOCi+ODhuOCueODiOmbu+axoOOBruWvv+WRveOBr+OAgeOBlOS9v+eUqOmWi+Wni+OBi+OCiee0hDPjgYvmnIjjgafjgZnjgIIKPEJSPuKAu+WFhembu+axoOOBruWvv+WRveOBjOOBpOOBjeOBvuOBl+OBn+OCieOAgeODm+ODvOODoOOCu+ODs+OCv+ODvOOChOWutumbu+mHj+iyqeW6l+etieOBp+OBlOizvOWFpeOBj+OBoOOBleOBhOOAggo8QlI+4peP55Sf55Sj5Zu9L+S4reWbvQo8QlI+4peP5YKZ6ICDL+OBiuiyt+S4iuaZguOBr+WFhembu+OBleOCjOOBpuOBiuOCiuOBvuOBm+OCk+OBruOBp+OAgeOCueOCpOODg+ODgeOCkk9O44Gr44GX44Gm6aCC44GN44CB5aSq6Zm95YWJ44Gn5Y2K5pel56iL5bqm5YWF6Zu75b6M44CB44GU5L2/55So44GP44Gg44GV44GE44CCL+aXpeW9k+OBn+OCiuOBruOCiOOBhOWgtOaJgOOBq+e9ruOBhOOBpuS4i+OBleOBhOOAggo8QlI+4peP44Gd44Gu5LuWL+euseWFpeOCigo8QlI+4oC75YaZ55yf44Go5ZWG5ZOB44Gn6Imy5ZCI44GE44GM5aSa5bCR6YGV44GG5aC05ZCI44GM44GU44GW44GE44G+44GZ44CCCjxCUj7igLvmnKzlk4Hjga/vvJHjgZPjgZrjgaTmiYvkvZzmpa3jgafnlJ/nlKPjgZfjgabjgYTjgovjgZ/jgoHloZfoo4XjgavjgbDjgonjgaTjgY3jgYzjgYLjgorjgb7jgZnjgYzjgIHjgZPjgozjga/mnKzlk4Hjga7nibnmgKfjgajjgZfjgabjgZTnkIbop6PjgY/jgaDjgZXjgYTjgIIKPGJyPuKAu+OBk+OBoeOCieOBruWVhuWTgeOBr+Wkp+Wei+WVhuWTgeOBruOBn+OCgeOAgeODqeODg+ODlOODs+OCsOOBr+OBiuWPl+OBkeOBl+OBpuOBiuOCiuOBvuOBm+OCk+OAggogCjxicj48cD48aW1nIHNyYz0iaHR0cDovL2ltYWdlLnJha3V0ZW4uY28uanAva29rb3VraS9jYWJpbmV0LzAxNTA2ODEyL25vc2hpLTMwNy02OF9wLmdpZiIgd2lkdGg9IjMwNSIgaGVpZ2h0PSI2NiIgYm9yZGVyPSIwIj48L3A+Cgo8YnI+PGltZyBzcmM9Imh0dHA6Ly93d3cucmFrdXRlbi5uZS5qcC9nb2xkL2tva291a2kvc29ubmF0aWtpMzIwLTk1LnBuZyIgd2lkdGg9IjMyMCIgaGVpZ2h0PSI5NSIgYm9yZGVyPSIwIj4=,44K944O844Op44O844Ks44O844OH44Oz44Op44Kk44OIIOmAgeaWmeeEoeaWmSDpu5LnjKvnhZnnqoHmjoPpmaQgTEVE44K944O844Op44O844Op44Kk44OIIExFROODqeOCpOODiCDvvJrjg5vjg6/jgqTjg4gg44CQ44K944O844Op44O844Op44Kk44OIIOW6rSDnjoTplqLliY0g44Ki44OX44Ot44O844OBIOWxi+WklueUqCDljJfmrKcg44Kk44Oz44OG44Oq44KiIOOCquODluOCuOOCpyDpu5LnjKsg54yrIOOBreOBkyDjg43jgrMg6ZuR6LKoIOWLleeJqSDnhZnnqoHjgZ3jgYbjgZgg572u54mpIOOBiuOBl+OCg+OCjCDjgYvjgo/jgYTjgYQg6LSI44KK54mpIOOCruODleODiCDjgYLjgZnmpb3lr77lv5zvvJrpm5HosqjlsYvjgIDjgrPjgrPjgqbjgq0=,6YCa5L+h6LKp5aOy6YCa6LKp44K344On44OD44OU44Oz44Kw44Kq44Oz44Op44Kk44Oz44K344On44OD44OU44Oz44Kw6LK344GE54mp44OX44Os44K844Oz44OI44Ku44OV44OI6LSI44KK54mp6LSI562U5ZOB44GK5Lit5YWD44GK5q2z5pqu44GK6LK344GE5b6X552A44GQ44KL44G/5Luu6KOF6KGj6KOF44Kz44K544OB44Ol44O844Og5pel5pys6KO944OT44Ki44K/44Oz44OW44Op44O844K544OG44Oz44Os44K544Oc44OI44Or44OB44K/44Oz6KO944K/44Oz44OW44Op44O844K/44Oz44OW44Op44O844OV44Op44Kk44OR44Oz5YyF5LiB5qWt5YuZ55So6Kq/55CG5Zmo5YW344K/44Kk44Og44Kr44OX44K744Or6LKv6YeR566x44Kz44O844OS44O844OJ44Oq44OD44OX44Od44OD44OI44OT44Ki44Kw44Op44K544OU44O844K/44O844Op44OT44OD44OI44Oq44Op44OD44Kv44Oe44GP44G+44Gu44GM44Gj44GT44GG44Kv44Oq44K544Oe44K544OX44Os44K844Oz44OI44OX44Os44K844Oz44OI44Ku44OV44OI6LSI44KK54mp44Kz44Oq44Op44OD44Kv44Oe6aOf5qW95bel5oi/44OV44Kp44Oz44OH44Ol6Jek5qyh6YOO44OH44Kj44K644OL44O844GN44GQ44KL44G/44Ki44Km44OI44Os44OD44OI6YCB5paZ54Sh5paZ44K444Oj44OD44Kt44O85pac6Lev44K344Oj44Os44Ks44Oz5Ly944Og44K944O844Op44O844Ks44O844OH44Oz44Op44Kk44OIIOmAgeaWmeeEoeaWmSDpu5LnjKvnhZnnqoHmjoPpmaQgTEVE44K944O844Op44O844Op44Kk44OIIExFROODqeOCpOODiCDvvJrjg5vjg6/jgqTjg4gg44CQ44K944O844Op44O844Op44Kk44OIIOW6rSDnjoTplqLliY0g44Ki44OX44Ot44O844OBIOWxi+WklueUqCDljJfmrKcg44Kk44Oz44OG44Oq44KiIOOCquODluOCuOOCpyDpu5LnjKsg54yrIOOBreOBkyDjg43jgrMg6ZuR6LKoIOWLleeJqSDnhZnnqoHjgZ3jgYbjgZgg572u54mpIOOBiuOBl+OCg+OCjCDjgYvjgo/jgYTjgYQg6LSI44KK54mpIOOCruODleODiCDjgYLjgZnmpb3lr77lv5w=,5bm444Gb44KS5ZG844G2IOm7kueMq+OBruOBiuaOg+mZpOWxi+OBleOCk+OBriDjgr3jg7zjg6njg7zjg6njgqTjg4jjgILjgILjgr3jg7zjg6njg7zjgqzjg7zjg4fjg7Pjg6njgqTjg4gg6YCB5paZ54Sh5paZIOm7kueMq+eFmeeqgeaOg+mZpCBMRUTjgr3jg7zjg6njg7zjg6njgqTjg4ggTEVE44Op44Kk44OIIO+8muODm+ODr+OCpOODiCDjgJDjgr3jg7zjg6njg7zjg6njgqTjg4gg5bqtIOeOhOmWouWJjSDjgqLjg5fjg63jg7zjg4Eg5bGL5aSW55SoIOWMl+aspyDjgqTjg7Pjg4bjg6rjgqIg44Kq44OW44K444KnIOm7kueMqyDnjKsg44Gt44GTIOODjeOCsyDpm5Hosqgg5YuV54mpIOeFmeeqgeOBneOBhuOBmCDnva7niakg44GK44GX44KD44KMIOOBi+OCj+OBhOOBhCDotIjjgorniakg44Ku44OV44OIIOOBguOBmealveWvvuW/nA==[rn]
11-197557,aHR0cDovL3RzaG9wLnIxMHMuanAva29rb3VraS9jYWJpbmV0L2NoYXJhL2t1cmEtMDQwMS5qcGc/Zml0aW49NzAwOjcwMA==,OTM2MC4wMDAw,,6Iqx44O744Ks44O844OH44Oz44O7RElZID4g44Ko44Kv44K544OG44Oq44Ki44O744Ks44O844OH44Oz44OV44Kh44OL44OB44Oj44O8ID4g44Op44Kk44OI44O744Kk44Or44Of44ON44O844K344On44OzID4g44Ks44O844OH44Oz44Op44Kk44OIIOODu+eBr+evrQ==,44K944O844Op44O844Ks44O844OH44Oz44Op44Kk44OIIOmAgeaWmeeEoeaWmSDpu5LnjKvjg5Djg6zjg7zjg6sgTEVE44K944O844Op44O844Op44Kk44OIIOimj+agvO+8muWkpyBMRUTjg6njgqTjg4gg77ya44Ob44Ov44Kk44OIIOOAkOOCveODvOODqeODvOODqeOCpOODiCDluq0g546E6Zai5YmNIOOCouODl+ODreODvOODgSDlsYvlpJbnlKgg5YyX5qynIOOCpOODs+ODhuODquOCoiDjgqrjg5bjgrjjgqcg6buS54yrIOeMqyDjga3jgZMg44ON44KzIOmbkeiyqCDjg5Djg6zjg7zjg6sg572u54mpIOOBiuOBl+OCg+OCjCDjgYvjgo/jgYTjgYQg6LSI44KK54mpIOOCruODleODiCDjgYLjgZnmpb3lr77lv5w=,,PHA+PGltZyBzcmM9Imh0dHA6Ly93d3cucmFrdXRlbi5uZS5qcC9nb2xkL2tva291a2kvYXN1MzIwLTYzMF9zaC11bmRlci5naWYiIHdpZHRoPSIzMjAiIGhlaWdodD0iNjMwIiBib3JkZXI9IjAiPjxicj4KPGJyPgo8aW1nIHNyYz0iaHR0cDovL3d3dy5yYWt1dGVuLm5lLmpwL2dvbGQva29rb3VraS9hc3VyYWt1LWNsXzMyMC0yMzAuZ2lmIiB3aWR0aD0iMzIwIiBoZWlnaHQ9IjIzMCIgYm9yZGVyPSIwIj48L3A+PEJSPgoKPGZvbnQgY29sb3I9IiMzMzAwMDAiPjxmb250IGNvbG9yPSIjMzMwMDAwIj48Yj7pu5LnjKvjgYznjoTplqLjgpLlgIvmgKfnmoTjgavmvJTlh7rjgII8L2I+PC9mb250PjwvZm9udD4KPGJyPjxmb250IGNvbG9yPSIjOTk5OTAwIj4tIC0gLSAtIC0gLSAtIC0gLSAtIC0gLSAtIC0gLSAtIC0gLSAtIC0gLSAtIC08L2ZvbnQ+CjxCUj7jgIDjgIBMRUTjg6njgqTjg4jvvJrjg5vjg6/jgqTjg4gKPEJSPjxmb250IGNvbG9yPSIjOTk5OTAwIj4tIC0gLSAtIC0gLSAtIC0gLSAtIC0gLSAtIC0gLSAtIC0gLSAtIC0gLSAtIC08L2ZvbnQ+CjxCUj48Zm9udCBjb2xvcj0iIzMzMDAwMCI+44K944O844Op44O844Op44Kk44OIPC9mb250Pgo8YnI+4peP5pyo44Gu6LOq5oSf44KS55Sf44GL44GX44Gf5LuV5LiK44GM44KK44Gn44CB6YeN5Y6a44Gn44OK44OB44Ol44Op44Or44Gq44OH44K244Kk44Oz44Gn44GZ44CC4oC75pys5L2T44Gv44Od44Oq44Os44Oz44K46KO944Gn44GZ44CCCjxicj7il4/nva7jgYTjgabjgYrjgY/jgaDjgZHjgafjgIHjgYrluq3jgoTnjoTplqLlkajjgorjga7jgqTjg7Pjg4bjg6rjgqLjgavjgoLjgarjgovjgr3jg7zjg6njg7zjg6njgqTjg4jjgafjgZnjgIIKPEJSPuKXj+OCveODvOODqeODvOODkeODjeODq+OBr+ODqeOCpOODiOmDqOOBruOBi+OBleOBqzbmnprku5jjgYTjgabjgYTjgb7jgZnjgIIKPEJSPuKXjzxGT05UIGNvbG9yPSNmZjY2MDA+PEI+5YWJ44K744Oz44K144O85LuY44GNPC9CPjwvRk9OVD7jgafjgIHmmpfjgY/jgarjgaPjgZ/jgok8Rk9OVCBjb2xvcj0jZmY2NjAwPjxCPuiHquWLleeCueeBrzwvQj48L0ZPTlQ+77yB5omL6ZaT44GE44KJ44Ga77yB54K554Gv44GX44Gm44Gq44GE5pel5Lit44Gn44KC44CB44GK5rSS6JC944Gq44Kk44Oz44OG44Oq44Ki44Gr44Gq44KK44G+44GZ44CCCjxCUj7il4/lpKrpmb3lhYnlhYXpm7vlvI/jgarjga7jgafjgIE8Rk9OVCBjb2xvcj0jZmY2NjAwPjxCPumbu+awl+S7ozDlhoY8L0I+PC9GT05UPu+8gQo8QlI+4pePPEZPTlQgY29sb3I9I2ZmNjYwMD48Qj7jgrPjg7zjg4njg6zjgrk8L0I+PC9GT05UPuOBquOBruOBp+OAgeioree9ruOChOWgtOaJgOWkieOBiOOCguaJi+i7veOBq+OBp+OBjeOBvuOBmeOAggo8QlI+4peP6Zuo44GM44GC44Gf44Gj44Gm44KC5aSn5LiI5aSr44GqPEZPTlQgY29sb3I9I2ZmNjYwMD48Qj7pmLLpm6jku5Xmp5g8L0I+PC9GT05UPu+8gQo8YnI+4oC76aKo44Gu5by344GE5pmC44Gv44CB5YCS44KM44Gq44GE44KI44GG6YCA6YG/44GV44Gb44Gm5LiL44GV44GE44CCCjxCUj7il4/mlrDnr4nnpZ3jgYTjgoToqpXnlJ/ml6Xjg5fjg6zjgrzjg7Pjg4jjgarjganjgIHotIjjgornianjgavjgoLjgYrjgZnjgZnjgoHjgafjgZnjgIIKPEJSPlvllYblk4Hku5Xmp5hdCjxCUj7il4/llYblk4HjgrXjgqTjgroo57SEKS/mqKrluYUyMDDDlzE4MMOX6auY44GVNjMwbW3vvIjjg6njgqTjg4jlkKvjgoDvvIkv44Op44Kk44OI6YOo77ya57SEMTY1w5cxOTDDl+mrmOOBlTI1MO+8iOWFiOerr+mDqOWQq+OCgO+8iW1tL+acrOS9k+W6lemdouOBruW6g+OBle+8mue0hDE5MMOXMTU1bW0KPEJSPuKXj+WVhuWTgemHjemHjy/ntITvvJoxLjhrZwo8QlI+4peP5p2Q6LOqL+acrOS9k++8muODneODquODrOODs+OCuO+8iOODqeODg+OCq+ODvOWhl+ijhe+8iS/jg6njgqTjg4jpg6jvvJpBQlPmqLnohIIKPEJSPuKXj+mbu+a6kC/nmbrpm7vpg6jvvJrjgr3jg7zjg6njg7zjg5Hjg43jg6vvvIjlpKrpmb3pm7vmsaDvvIkv6JOE6Zu76YOo77ya5YWF6Zu75byP5Y2YNOWei+mbu+axoDLmnKwKPEJSPuKXj+WFiea6kC9MRUTjg6njgqTjg4jvvIjjg5vjg6/jgqTjg4jvvIkKPEJSPuKXj+eCueeBr+aZgumWky/mnIDplbfjgIHntIQxMOaZgumWk++8iOODleODq+WFhembu+aZgu+8ieKAu+ioree9ruWgtOaJgOOChOWkqeWAmeOAgeWto+evgOOBq+OCiOOCiueVsOOBquOCiuOBvuOBmeOAggo8QlI+4peP5YWF6Zu75pmC6ZaTL+ODleODq+WFhembu+OBmeOCi+OBruOBq+W/heimgeOBquaXpeeFp+aZgumWk++8iOaZtOOCjOOBruWgtOWQiO+8ieacgOS9jjjmmYLplpMKPEJSPuKXj+mbu+axoOWvv+WRvS/lhYXjg7vmlL7pm7vjgIHntIQ1MDDlm54KPEJSPuKAu+WIneacn+OBq+S7mOWxnuOBleOCjOOBpuOBhOOCi+ODhuOCueODiOmbu+axoOOBruWvv+WRveOBr+OAgeOBlOS9v+eUqOmWi+Wni+OBi+OCiee0hDPjgYvmnIjjgafjgZnjgIIKPEJSPuKAu+WFhembu+axoOOBruWvv+WRveOBjOOBpOOBjeOBvuOBl+OBn+OCieOAgeODm+ODvOODoOOCu+ODs+OCv+ODvOOChOWutumbu+mHj+iyqeW6l+etieOBp+OBlOizvOWFpeOBj+OBoOOBleOBhOOAggo8QlI+4peP55Sf55Sj5Zu9L+S4reWbvQo8QlI+4peP5YKZ6ICDL+OBiuiyt+S4iuaZguOBr+WFhembu+OBleOCjOOBpuOBiuOCiuOBvuOBm+OCk+OBruOBp+OAgeOCueOCpOODg+ODgeOCkk9O44Gr44GX44Gm6aCC44GN44CB5aSq6Zm95YWJ44Gn5Y2K5pel56iL5bqm5YWF6Zu75b6M44CB44GU5L2/55So44GP44Gg44GV44GE44CCL+aXpeW9k+OBn+OCiuOBruOCiOOBhOWgtOaJgOOBq+e9ruOBhOOBpuS4i+OBleOBhOOAggo8QlI+4peP44Gd44Gu5LuWL+euseWFpeOCigo8QlI+4oC75YaZ55yf44Go5ZWG5ZOB44Gn6Imy5ZCI44GE44GM5aSa5bCR6YGV44GG5aC05ZCI44GM44GU44GW44GE44G+44GZ44CCCjxCUj7igLvmnKzlk4Hjga/vvJHjgZPjgZrjgaTmiYvkvZzmpa3jgafnlJ/nlKPjgZfjgabjgYTjgovjgZ/jgoHloZfoo4XjgavjgbDjgonjgaTjgY3jgYzjgYLjgorjgb7jgZnjgYzjgIHjgZPjgozjga/mnKzlk4Hjga7nibnmgKfjgajjgZfjgabjgZTnkIbop6PjgY/jgaDjgZXjgYTjgIIKPGJyPuKAu+OBk+OBoeOCieOBruWVhuWTgeOBr+Wkp+Wei+WVhuWTgeOBruOBn+OCgeOAgeODqeODg+ODlOODs+OCsOOBr+OBiuWPl+OBkeOBl+OBpuOBiuOCiuOBvuOBm+OCk+OAggogCjxicj48cD48aW1nIHNyYz0iaHR0cDovL2ltYWdlLnJha3V0ZW4uY28uanAva29rb3VraS9jYWJpbmV0LzAxNTA2ODEyL25vc2hpLTMwNy02OF9wLmdpZiIgd2lkdGg9IjMwNSIgaGVpZ2h0PSI2NiIgYm9yZGVyPSIwIj48L3A+Cgo8YnI+PGltZyBzcmM9Imh0dHA6Ly93d3cucmFrdXRlbi5uZS5qcC9nb2xkL2tva291a2kvc29ubmF0aWtpMzIwLTk1LnBuZyIgd2lkdGg9IjMyMCIgaGVpZ2h0PSI5NSIgYm9yZGVyPSIwIj4=,44K944O844Op44O844Ks44O844OH44Oz44Op44Kk44OIIOmAgeaWmeeEoeaWmSDpu5LnjKvjg5Djg6zjg7zjg6sgTEVE44K944O844Op44O844Op44Kk44OIIOimj+agvO+8muWkpyBMRUTjg6njgqTjg4gg77ya44Ob44Ov44Kk44OIIOOAkOOCveODvOODqeODvOODqeOCpOODiCDluq0g546E6Zai5YmNIOOCouODl+ODreODvOODgSDlsYvlpJbnlKgg5YyX5qynIOOCpOODs+ODhuODquOCoiDjgqrjg5bjgrjjgqcg6buS54yrIOeMqyDjga3jgZMg44ON44KzIOmbkeiyqCDjg5Djg6zjg7zjg6sg572u54mpIOOBiuOBl+OCg+OCjCDjgYvjgo/jgYTjgYQg6LSI44KK54mpIOOCruODleODiCDjgYLjgZnmpb3lr77lv5zvvJrpm5HosqjlsYvjgIDjgrPjgrPjgqbjgq0=,6YCa5L+h6LKp5aOy6YCa6LKp44K344On44OD44OU44Oz44Kw44Kq44Oz44Op44Kk44Oz44K344On44OD44OU44Oz44Kw6LK344GE54mp44OX44Os44K844Oz44OI44Ku44OV44OI6LSI44KK54mp6LSI562U5ZOB44GK5Lit5YWD44GK5q2z5pqu44GK6LK344GE5b6X552A44GQ44KL44G/5Luu6KOF6KGj6KOF44Kz44K544OB44Ol44O844Og5pel5pys6KO944OT44Ki44K/44Oz44OW44Op44O844K544OG44Oz44Os44K544Oc44OI44Or44OB44K/44Oz6KO944K/44Oz44OW44Op44O844K/44Oz44OW44Op44O844OV44Op44Kk44OR44Oz5YyF5LiB5qWt5YuZ55So6Kq/55CG5Zmo5YW344K/44Kk44Og44Kr44OX44K744Or6LKv6YeR566x44Kz44O844OS44O844OJ44Oq44OD44OX44Od44OD44OI44OT44Ki44Kw44Op44K544OU44O844K/44O844Op44OT44OD44OI44Oq44Op44OD44Kv44Oe44GP44G+44Gu44GM44Gj44GT44GG44Kv44Oq44K544Oe44K544OX44Os44K844Oz44OI44OX44Os44K844Oz44OI44Ku44OV44OI6LSI44KK54mp44Kz44Oq44Op44OD44Kv44Oe6aOf5qW95bel5oi/44OV44Kp44Oz44OH44Ol6Jek5qyh6YOO44OH44Kj44K644OL44O844GN44GQ44KL44G/44Ki44Km44OI44Os44OD44OI6YCB5paZ54Sh5paZ44K444Oj44OD44Kt44O85pac6Lev44K344Oj44Os44Ks44Oz5Ly944Og44K944O844Op44O844Ks44O844OH44Oz44Op44Kk44OIIOmAgeaWmeeEoeaWmSDpu5LnjKvjg5Djg6zjg7zjg6sgTEVE44K944O844Op44O844Op44Kk44OIIOimj+agvO+8muWkpyBMRUTjg6njgqTjg4gg77ya44Ob44Ov44Kk44OIIOOAkOOCveODvOODqeODvOODqeOCpOODiCDluq0g546E6Zai5YmNIOOCouODl+ODreODvOODgSDlsYvlpJbnlKgg5YyX5qynIOOCpOODs+ODhuODquOCoiDjgqrjg5bjgrjjgqcg6buS54yrIOeMqyDjga3jgZMg44ON44KzIOmbkeiyqCDjg5Djg6zjg7zjg6sg572u54mpIOOBiuOBl+OCg+OCjCDjgYvjgo/jgYTjgYQg6LSI44KK54mpIOOCruODleODiCDjgYLjgZnmpb3lr77lv5w=,6KaL5LiK44GS44Gm44GE44KL6buS54yr44Gu6KGo5oOF44Gr44Ob44OD44Go55mS44GV44KM44Gd44GG44Gq44K944O844Op44O844Op44Kk44OI44CC44CC44K944O844Op44O844Ks44O844OH44Oz44Op44Kk44OIIOmAgeaWmeeEoeaWmSDpu5LnjKvjg5Djg6zjg7zjg6sgTEVE44K944O844Op44O844Op44Kk44OIIOimj+agvO+8muWkpyBMRUTjg6njgqTjg4gg77ya44Ob44Ov44Kk44OIIOOAkOOCveODvOODqeODvOODqeOCpOODiCDluq0g546E6Zai5YmNIOOCouODl+ODreODvOODgSDlsYvlpJbnlKgg5YyX5qynIOOCpOODs+ODhuODquOCoiDjgqrjg5bjgrjjgqcg6buS54yrIOeMqyDjga3jgZMg44ON44KzIOmbkeiyqCDjg5Djg6zjg7zjg6sg572u54mpIOOBiuOBl+OCg+OCjCDjgYvjgo/jgYTjgYQg6LSI44KK54mpIOOCruODleODiCDjgYLjgZnmpb3lr77lv5w=[rn]
11-197558,aHR0cDovL3RzaG9wLnIxMHMuanAva29rb3VraS9jYWJpbmV0L2NoYXJhL2trcHA3My0zLmpwZz9maXRpbj03MDA6NzAw,NTAxNi4wMDAw,,6Iqx44O744Ks44O844OH44Oz44O7RElZID4g44Ko44Kv44K544OG44Oq44Ki44O744Ks44O844OH44Oz44OV44Kh44OL44OB44Oj44O8ID4g44Op44Kk44OI44O744Kk44Or44Of44ON44O844K344On44OzID4g44Ks44O844OH44Oz44Op44Kk44OIIOODu+eBr+evrQ==,44CQIOOCveODvOODqeODvOOCrOODvOODh+ODs+ODqeOCpOODiCDjgJEg44OP44Oz44Ku44Oz44KwTEVE44K944O844Op44O844Op44Kk44OI44K544K/44Oz44OJIO+8iOOCreODo+ODg+ODiO+8ieOAkOOCveODvOODqeODvOODqeOCpOODiC/jgqTjgqjjg63jg7wgTEVEL+OBiuW6rS/njoTplqLpo77jgoov44Ki44OX44Ot44O844OBL+Wxi+WklueUqC/jgqTjg7Pjg4bjg6rjgqIv44Gt44GTL+ODjeOCsy/jgYrjgZfjgoPjgowv44GL44KP44GE44GEL+S4iuWTgS/njKsg6ZuR6LKoL+OCruODleODiC/mlrDnr4kg44GK56Wd44GEL+i0iOOCiueJqeOAkQ==,,PHA+PGltZyBzcmM9Imh0dHA6Ly93d3cucmFrdXRlbi5uZS5qcC9nb2xkL2tva291a2kvYXN1MzIwLTYzMF9zaC11bmRlci5naWYiIHdpZHRoPSIzMjAiIGhlaWdodD0iNjMwIiBib3JkZXI9IjAiPjxicj4KPGJyPgo8aW1nIHNyYz0iaHR0cDovL3d3dy5yYWt1dGVuLm5lLmpwL2dvbGQva29rb3VraS9hc3VyYWt1LWNsXzMyMC0yMzAuZ2lmIiB3aWR0aD0iMzIwIiBoZWlnaHQ9IjIzMCIgYm9yZGVyPSIwIj48L3A+PEJSPuOBiua0kuiQveOBquOCt+ODq+OCqOODg+ODiOODh+OCtuOCpOODs+OBruOCveODvOODqeODvOODqeOCpOODiOKZquOBiuW6reOChOOCouODl+ODreODvOODgeOBruOCpOODs+ODhuODquOCouOBq+OCguOBquOCiuOBvuOBmeOAgkxFROODqeOCpOODiO+8muOCpOOCqOODreODvOKXj+eMq+OBqOWwj+mzpeOBruOCt+ODq+OCqOODg+ODiOOBruOBiua0kuiQveOBquOCueOCv+ODs+ODieOCv+OCpOODl+OAguWwj+mzpeOBq+iIiOWRs+OBl+OCk+OBl+OCk+OBrueMq+OBruWnv+OBjOOAgeODquOCouODquODhuOCo+OBp+aEm+OCieOBl+OBj+OBquOCiuOBvuOBmeOAguOBjeOBo+OBqOOAgeeMq+OBruOBiuebruOCgeOBr+OAgeOBvuOCk+S4uOOBp+OBmeOBreKZquOBiuW6reOChOeOhOmWouWJjeOAgeOCouODl+ODreODvOODgeOCkuOBiua0kuiQveOBq+a8lOWHuuOBp+OBjeOBvuOBmeOAguKXj+OCveODvOODqeODvOODkeODjeODq+OBr+ODqeOCpOODiOmDqOOBruOBi+OBleOBqzHmnprku5jjgYTjgabjgYTjgb7jgZnjgILil4/lhYnjgrvjg7PjgrXjg7zku5jjgY3jgafjgIHmmpfjgY/jgarjgaPjgZ/jgonoh6rli5Xngrnnga/vvIHmiYvplpPjgYTjgonjgZrvvIHngrnnga/jgZfjgabjgarjgYTml6XkuK3jgafjgoLjgIHjgYrluq3jga7lj6/mhJvjgYTjgqTjg7Pjg4bjg6rjgqLjgavjgarjgorjgb7jgZnjgILil4/lpKrpmb3lhYnlhYXpm7vlvI/jgarjga7jgafjgIHpm7vmsJfku6Mw5YaG77yB4peP44Kz44O844OJ44Os44K544Gq44Gu44Gn44CB6Kit572u44KE5aC05omA5aSJ44GI44KC5omL6Lu944Gr44Gn44GN44G+44GZ44CC4peP6Zuo44GM44GC44Gf44Gj44Gm44KC5aSn5LiI5aSr44Gq6Ziy6Zuo5LuV5qeY77yB4peP5paw56+J56Wd44GE44KE6KqV55Sf5pel44OX44Os44K844Oz44OI44Gq44Gp44CB6LSI44KK54mp44Gr44KC44GK44GZ44GZ44KB44Gn44GZ44CC4oC75pys5ZOBTEVE44Op44Kk44OI44Gv44Kk44Ko44Ot44O855CD44KS5L2/55So44GX44Gm44GE44G+44GZ44CC44Ob44Ov44Kk44OI55CD44Go5q+U44G544KL44Go5YWJ44GM5byx44KB44Gn44GZ44CC5YWJ44KS54Wn44KJ44GZ44Go44GE44GG44KI44KK44CB44KE44GV44GX44GP54Gv44GZ5oSf44GY44Gn44GZ44CCW+WVhuWTgeS7leanmF3il4/llYblk4HjgrXjgqTjgrov57SE77yaMzkww5cyNDDDl+mrmOOBlTQyMG1tL+ODqeOCpOODiOmDqO+8mue0hDHovroxMjfDl+mrmOOBlTE1MO+8iOWQiuS4i+mDqOWQq+OCgO+8iW1tL+acrOS9k+W6lemdouS4ieinkuOCueOCv+ODs+ODie+8mjHovrrntIQyMjVtbeKXj+WVhuWTgemHjemHjy/ntITvvJo3MjBn4peP5p2Q6LOqL+acrOS9k++8muOCouOCpOOCouODs+ijve+8iOOCqOODneOCreOCt+eyieS9k+Whl+ijhe+8iS/jg6njgqTjg4jpg6jvvJpBQlPmqLnohILil4/pm7vmupAv55m66Zu76YOo77ya44K944O844Op44O844OR44ON44Or77yI5aSq6Zm96Zu75rGg77yJL+iThOmbu+mDqO+8muWFhembu+W8j+WNmOS4ieWei+mbu+axoDHmnKzDlzLjgrvjg4Pjg4jil4/lhYnmupAvTEVE44Op44Kk44OI77yI44Kk44Ko44Ot44O877yJ4peP54K554Gv5pmC6ZaTL+acgOmVt+OAgee0hDjmmYLplpPvvIjjg5Xjg6vlhYXpm7vmmYLvvInigLvoqK3nva7loLTmiYDjgoTlpKnlgJnjgIHlraPnr4DjgavjgojjgornlbDjgarjgorjgb7jgZnjgILil4/lhYXpm7vmmYLplpMv44OV44Or5YWF6Zu744GZ44KL44Gu44Gr5b+F6KaB44Gq5pel54Wn5pmC6ZaT77yI5pm044KM44Gu5aC05ZCI77yJ5pyA5L2OOOaZgumWk+KXj+mbu+axoOWvv+WRvS/lhYXjg7vmlL7pm7vjgIHntIQ1MDDlm57vvIjluILosqnjga7lhYXpm7vlvI/pm7vmsaDjga7loLTlkIjvvInigLvliJ3mnJ/jgavku5jlsZ7jgZXjgozjgabjgYTjgovjg4bjgrnjg4jpm7vmsaDjga7lr7/lkb3jga/jgIHjgZTkvb/nlKjplovlp4vjgYvjgonntIQz44GL5pyI44Gn44GZ44CC4oC75YWF6Zu75rGg44Gu5a+/5ZG944GM44Gk44GN44G+44GX44Gf44KJ44CB44Ob44O844Og44K744Oz44K/44O844KE5a626Zu76YeP6LKp5bqX562J44Gn44GU6LO85YWl44GP44Gg44GV44GE44CC4peP55Sf55Sj5Zu9L+S4reWbveKXj+WCmeiAgy/jgYrosrfkuIrmmYLjga/lhYXpm7vjgZXjgozjgabjgYrjgorjgb7jgZvjgpPjga7jgafjgIHjgrnjgqTjg4Pjg4HjgpJPTuOBq+OBl+OBpumgguOBjeOAgeWkqumZveWFieOBp+WNiuaXpeeoi+W6puWFhembu+W+jOOAgeOBlOS9v+eUqOOBj+OBoOOBleOBhOOAgi/ml6XlvZPjgZ/jgorjga7jgojjgYTloLTmiYDjgavnva7jgYTjgabkuIvjgZXjgYTjgILil4/jgZ3jga7ku5Yv566x5YWl44KK44CC57Ch5piT57WE56uL5ZOB44CC4oC75pys5ZOB44GvMeOBpOOBmuOBpOaJi+S9nOalreOBp+eUn+eUo+OBl+OBpuOBhOOCi+OBn+OCgeOAgeWhl+ijheOChOW9oueKtuOBq+WkmuWwkeOBruOBsOOCieOBpOOBjeOBjOOBguOCiuOBvuOBmeOBjOOAgeOBk+OCjOOBr+acrOWTgeOBrueJueW+tOOBqOOBl+OBpuOBlOeQhuino+OBj+OBoOOBleOBhOOAguKAu+OBk+OBoeOCieOBruWVhuWTgeOBruWcqOW6q+OBr+WwkeOBquOCgeOBq+ioreWumuOBleOCjOOBpuOBiuOCiuOBvuOBmeOBruOBp+OAgeOCruODleODiOetieOBp+OBvuOBqOOBvuOBo+OBn+aVsOmHj+OCkuOBlOW4jOacm+OBruOBiuWuouanmOOBr+OBiuWVj+WQiOOCj+OBm+OBj+OBoOOBleOBhOOAguKAu+Wkp+Wei+W9oueKtuOBruOBn+OCgeOAgeW9k+W6l+OBp+ODqeODg+ODlOODs+OCsOOBr+OBiuWPl+OBkeOBl+OBpuOBiuOCiuOBvuOBm+OCk+OAgjxicj48cD48aW1nIHNyYz0iaHR0cDovL2ltYWdlLnJha3V0ZW4uY28uanAva29rb3VraS9jYWJpbmV0LzAxNTA2ODEyL25vc2hpLTMwNy02OF9wLmdpZiIgd2lkdGg9IjMwNSIgaGVpZ2h0PSI2NiIgYm9yZGVyPSIwIj48L3A+PGJyPjxpbWcgc3JjPSJodHRwOi8vd3d3LnJha3V0ZW4ubmUuanAvZ29sZC9rb2tvdWtpL3Nvbm5hdGlraTMyMC05NS5wbmciIHdpZHRoPSIzMjAiIGhlaWdodD0iOTUiIGJvcmRlcj0iMCI+,44CQIOOCveODvOODqeODvOOCrOODvOODh+ODs+ODqeOCpOODiCDjgJEg44OP44Oz44Ku44Oz44KwTEVE44K944O844Op44O844Op44Kk44OI44K544K/44Oz44OJIO+8iOOCreODo+ODg+ODiO+8ieOAkOOCveODvOODqeODvOODqeOCpOODiC/jgqTjgqjjg63jg7wgTEVEL+OBiuW6rS/njoTplqLpo77jgoov44Ki44OX44Ot44O844OBL+Wxi+WklueUqC/jgqTjg7Pjg4bjg6rjgqIv44Gt44GTL+ODjeOCsy/jgYrjgZfjgoPjgowv44GL44KP44GE44GEL+S4iuWTgS/njKsg6ZuR6LKoL+OCruODleODiC/mlrDnr4kg44GK56Wd44GEL+i0iOOCiueJqeOAke+8mumbkeiyqOWxi+OAgOOCs+OCs+OCpuOCrQ==,6YCa5L+h6LKp5aOy6YCa6LKp44K344On44OD44OU44Oz44Kw44Kq44Oz44Op44Kk44Oz44K344On44OD44OU44Oz44Kw6LK344GE54mp44OX44Os44K844Oz44OI44Ku44OV44OI6LSI44KK54mp6LSI562U5ZOB44GK5Lit5YWD44GK5q2z5pqu44GK6LK344GE5b6X552A44GQ44KL44G/5Luu6KOF6KGj6KOF44Kz44K544OB44Ol44O844Og5pel5pys6KO944OT44Ki44K/44Oz44OW44Op44O844K544OG44Oz44Os44K544Oc44OI44Or44OB44K/44Oz6KO944K/44Oz44OW44Op44O844K/44Oz44OW44Op44O844OV44Op44Kk44OR44Oz5YyF5LiB5qWt5YuZ55So6Kq/55CG5Zmo5YW344K/44Kk44Og44Kr44OX44K744Or6LKv6YeR566x44Kz44O844OS44O844OJ44Oq44OD44OX44Od44OD44OI44OT44Ki44Kw44Op44K544OU44O844K/44O844Op44OT44OD44OI44Oq44Op44OD44Kv44Oe44GP44G+44Gu44GM44Gj44GT44GG44Kv44Oq44K544Oe44K544OX44Os44K844Oz44OI44OX44Os44K844Oz44OI44Ku44OV44OI6LSI44KK54mp44Kz44Oq44Op44OD44Kv44Oe6aOf5qW95bel5oi/44OV44Kp44Oz44OH44Ol6Jek5qyh6YOO44OH44Kj44K644OL44O844GN44GQ44KL44G/44Ki44Km44OI44Os44OD44OI6YCB5paZ54Sh5paZ44K444Oj44OD44Kt44O85pac6Lev44K344Oj44Os44Ks44Oz5Ly944Og44CQIOOCveODvOODqeODvOOCrOODvOODh+ODs+ODqeOCpOODiCDjgJEg44OP44Oz44Ku44Oz44KwTEVE44K944O844Op44O844Op44Kk44OI44K544K/44Oz44OJIO+8iOOCreODo+ODg+ODiO+8ieOAkOOCveODvOODqeODvOODqeOCpOODiC/jgqTjgqjjg63jg7wgTEVEL+OBiuW6rS/njoTplqLpo77jgoov44Ki44OX44Ot44O844OBL+Wxi+WklueUqC/jgqTjg7Pjg4bjg6rjgqIv44Gt44GTL+ODjeOCsy/jgYrjgZfjgoPjgowv44GL44KP44GE44GEL+S4iuWTgS/njKsg6ZuR6LKoL+OCruODleODiC/mlrDnr4kg44GK56Wd44GEL+i0iOOCiueJqeOAkQ==,44GV44KK44GS44Gq44GP5Y+v5oSb44GE44K344Or44Ko44OD44OI44K/44Kk44OXIOOCveODvOODqeODvOODqeOCpOODiO+8geOAguOAkCDjgr3jg7zjg6njg7zjgqzjg7zjg4fjg7Pjg6njgqTjg4gg44CRIOODj+ODs+OCruODs+OCsExFROOCveODvOODqeODvOODqeOCpOODiOOCueOCv+ODs+ODiSDvvIjjgq3jg6Pjg4Pjg4jvvInjgJDjgr3jg7zjg6njg7zjg6njgqTjg4gv44Kk44Ko44Ot44O8IExFRC/jgYrluq0v546E6Zai6aO+44KKL+OCouODl+ODreODvOODgS/lsYvlpJbnlKgv44Kk44Oz44OG44Oq44KiL+OBreOBky/jg43jgrMv44GK44GX44KD44KML+OBi+OCj+OBhOOBhC/kuIrlk4Ev54yrIOmbkeiyqC/jgq7jg5Xjg4gv5paw56+JIOOBiuelneOBhC/otIjjgornianjgJE=[rn]
11-197559,aHR0cDovL3RzaG9wLnIxMHMuanAva29rb3VraS9jYWJpbmV0L2NoYXJhL2trcHA3MS0yLmpwZz9maXRpbj03MDA6NzAw,OTEyMC4wMDAw,,6Iqx44O744Ks44O844OH44Oz44O7RElZID4g44Ko44Kv44K544OG44Oq44Ki44O744Ks44O844OH44Oz44OV44Kh44OL44OB44Oj44O8ID4g44Op44Kk44OI44O744Kk44Or44Of44ON44O844K344On44OzID4g44Ks44O844OH44Oz44Op44Kk44OIIOODu+eBr+evrQ==,44CQIOOCveODvOODqeODvOOCrOODvOODh+ODs+ODqeOCpOODiCDjg7sg6YCB5paZ54Sh5paZIOOAkSDjgrfjg6vjgqjjg4Pjg4hMRUTjgr3jg7zjg6njg7zjg6njgqTjg4jjgrnjgr/jg7Pjg4kgMueBr+W8j++8iOODleOCqeODrOOCueODiO+8ieOAkOOCveODvOODqeODvOODqeOCpOODiC/jgqTjgqjjg63jg7wgTEVEL+OBiuW6rS/njoTplqLpo77jgoov44Ki44OX44Ot44O844OBL+Wxi+WklueUqC/jgqTjg7Pjg4bjg6rjgqIv44Kq44OW44K444KnIOWwj+mzpS/jgYrjgZfjgoPjgowv5LiK5ZOBL+OCruODleODiC/jg5fjg6zjgrzjg7Pjg4gv5paw56+JIOOBiuelneOBhC/otIjjgorniakv44Ko44Kv44K544OG44Oq44Ki,,PHA+PGltZyBzcmM9Imh0dHA6Ly93d3cucmFrdXRlbi5uZS5qcC9nb2xkL2tva291a2kvYXN1MzIwLTYzMF9zaC11bmRlci5naWYiIHdpZHRoPSIzMjAiIGhlaWdodD0iNjMwIiBib3JkZXI9IjAiPjxicj4KPGJyPgo8aW1nIHNyYz0iaHR0cDovL3d3dy5yYWt1dGVuLm5lLmpwL2dvbGQva29rb3VraS9hc3VyYWt1LWNsXzMyMC0yMzAuZ2lmIiB3aWR0aD0iMzIwIiBoZWlnaHQ9IjIzMCIgYm9yZGVyPSIwIj48L3A+PEJSPuOBiua0kuiQveOBquOCt+ODq+OCqOODg+ODiOODh+OCtuOCpOODs+OBruOCveODvOODqeODvOODqeOCpOODiOKZquOBiuW6reOChOOCouODl+ODreODvOODgeOBruOCpOODs+ODhuODquOCouOBq+OCguOBquOCiuOBvuOBmeOAgkxFROODqeOCpOODiO+8muOCpOOCqOODreODvOKXj+ajruael+OCkuOCpOODoeODvOOCuOOBl+OBn+S4iuWTgeOBquOCueOCv+ODs+ODieOCv+OCpOODl+OAgumrmOOBlee0hDg4Y23jgafjgIHlrZjlnKjmhJ/jgoLjgYLjgorjgb7jgZnjgILjgr3jg7zjg6njg7zjg6njgqTjg4jjgYwy44Gk5LuY44GE44GfMueBr+OCv+OCpOODl++8geOBiuW6reOChOeOhOmWouWJjeOAgeOCouODl+ODreODvOODgeOCkuOBiua0kuiQveOBq+a8lOWHuuOBp+OBjeOBvuOBmeOAguKXj+OCueOCv+ODs+ODieOBruiKseWPsOmDqOOBq+OAgei7ouWAkuOBl+OBquOBhOOCiOOBhuOBq+mHjeOCiuOBq+OBquOCi+mJouOCkue9ruOBhOOBpuOBlOS9v+eUqOOBj+OBoOOBleOBhOOAguWuieWumuaEn+OBjOWil+OBl+OBvuOBmeOBl+OAgeOCiOOCiuOBiua0kuiQveOBq+OAgeWPr+aEm+OBj+mjvuOCi+OBk+OBqOOBjOOBp+OBjeOBvuOBmeOAguKXj+OCveODvOODqeODvOODkeODjeODq+OBr+ODqeOCpOODiOmDqOOBruOBi+OBleOBqzHmnprku5jjgYTjgabjgYTjgb7jgZnjgILil4/lhYnjgrvjg7PjgrXjg7zku5jjgY3jgafjgIHmmpfjgY/jgarjgaPjgZ/jgonoh6rli5Xngrnnga/vvIHmiYvplpPjgYTjgonjgZrvvIHngrnnga/jgZfjgabjgarjgYTml6XkuK3jgafjgoLjgIHjgYrluq3jga7lj6/mhJvjgYTjgqTjg7Pjg4bjg6rjgqLjgavjgarjgorjgb7jgZnjgILil4/lpKrpmb3lhYnlhYXpm7vlvI/jgarjga7jgafjgIHpm7vmsJfku6Mw5YaG77yB4peP44Kz44O844OJ44Os44K544Gq44Gu44Gn44CB6Kit572u44KE5aC05omA5aSJ44GI44KC5omL6Lu944Gr44Gn44GN44G+44GZ44CC4peP6Zuo44GM44GC44Gf44Gj44Gm44KC5aSn5LiI5aSr44Gq6Ziy6Zuo5LuV5qeY77yB4peP5paw56+J56Wd44GE44KE6KqV55Sf5pel44OX44Os44K844Oz44OI44Gq44Gp44CB6LSI44KK54mp44Gr44KC44GK44GZ44GZ44KB44Gn44GZ44CC4oC75pys5ZOBTEVE44Op44Kk44OI44Gv44Kk44Ko44Ot44O855CD44KS5L2/55So44GX44Gm44GE44G+44GZ44CC44Ob44Ov44Kk44OI55CD44Go5q+U44G544KL44Go5YWJ44GM5byx44KB44Gn44GZ44CC5YWJ44KS54Wn44KJ44GZ44Go44GE44GG44KI44KK44CB44KE44GV44GX44GP54Gv44GZ5oSf44GY44Gn44GZ44CCW+WVhuWTgeS7leanmF3il4/llYblk4HjgrXjgqTjgrov57SE77yaMjgww5cyODDDl+mrmOOBlTg4MG1tL+ODqeOCpOODiOmDqO+8mue0hDHovroxMjfDl+mrmOOBlTE1MO+8iOWQiuS4i+mDqOWQq+OCgO+8iW1tL+acrOS9k+W6lemdouOBruW6g+OBle+8iOiKseWPsOmDqO+8ie+8mue0hOOAgeebtOW+hDI3NW1t4peP5ZWG5ZOB6YeN6YePL+e0hO+8mjEuNGtn4peP5p2Q6LOqL+acrOS9k++8muOCouOCpOOCouODs+ijve+8iOOCqOODneOCreOCt+eyieS9k+Whl+ijhe+8iS/jg6njgqTjg4jpg6jvvJpBQlPmqLnohILil4/pm7vmupAv55m66Zu76YOo77ya44K944O844Op44O844OR44ON44Or77yI5aSq6Zm96Zu75rGg77yJL+iThOmbu+mDqO+8muWFhembu+W8j+WNmOS4ieWei+mbu+axoDHmnKzDlzLjgrvjg4Pjg4jil4/lhYnmupAvTEVE44Op44Kk44OI77yI44Kk44Ko44Ot44O877yJ4peP54K554Gv5pmC6ZaTL+acgOmVt+OAgee0hDjmmYLplpPvvIjjg5Xjg6vlhYXpm7vmmYLvvInigLvoqK3nva7loLTmiYDjgoTlpKnlgJnjgIHlraPnr4DjgavjgojjgornlbDjgarjgorjgb7jgZnjgILil4/lhYXpm7vmmYLplpMv44OV44Or5YWF6Zu744GZ44KL44Gu44Gr5b+F6KaB44Gq5pel54Wn5pmC6ZaT77yI5pm044KM44Gu5aC05ZCI77yJ5pyA5L2OOOaZgumWk+KXj+mbu+axoOWvv+WRvS/lhYXjg7vmlL7pm7vjgIHntIQ1MDDlm57vvIjluILosqnjga7lhYXpm7vlvI/pm7vmsaDjga7loLTlkIjvvInigLvliJ3mnJ/jgavku5jlsZ7jgZXjgozjgabjgYTjgovjg4bjgrnjg4jpm7vmsaDjga7lr7/lkb3jga/jgIHjgZTkvb/nlKjplovlp4vjgYvjgonntIQz44GL5pyI44Gn44GZ44CC4oC75YWF6Zu75rGg44Gu5a+/5ZG944GM44Gk44GN44G+44GX44Gf44KJ44CB44Ob44O844Og44K744Oz44K/44O844KE5a626Zu76YeP6LKp5bqX562J44Gn44GU6LO85YWl44GP44Gg44GV44GE44CC4peP55Sf55Sj5Zu9L+S4reWbveKXj+WCmeiAgy/jgYrosrfkuIrmmYLjga/lhYXpm7vjgZXjgozjgabjgYrjgorjgb7jgZvjgpPjga7jgafjgIHjgrnjgqTjg4Pjg4HjgpJPTuOBq+OBl+OBpumgguOBjeOAgeWkqumZveWFieOBp+WNiuaXpeeoi+W6puWFhembu+W+jOOAgeOBlOS9v+eUqOOBj+OBoOOBleOBhOOAgi/ml6XlvZPjgZ/jgorjga7jgojjgYTloLTmiYDjgavnva7jgYTjgabkuIvjgZXjgYTjgILil4/jgZ3jga7ku5Yv566x5YWl44KK44CC57Ch5piT57WE56uL5ZOB44CC4oC75pys5ZOB44GvMeOBpOOBmuOBpOaJi+S9nOalreOBp+eUn+eUo+OBl+OBpuOBhOOCi+OBn+OCgeOAgeWhl+ijheOChOW9oueKtuOBq+WkmuWwkeOBruOBsOOCieOBpOOBjeOBjOOBguOCiuOBvuOBmeOBjOOAgeOBk+OCjOOBr+acrOWTgeOBrueJueW+tOOBqOOBl+OBpuOBlOeQhuino+OBj+OBoOOBleOBhOOAguKAu+OBk+OBoeOCieOBruWVhuWTgeOBruWcqOW6q+OBr+WwkeOBquOCgeOBq+ioreWumuOBleOCjOOBpuOBiuOCiuOBvuOBmeOBruOBp+OAgeOCruODleODiOetieOBp+OBvuOBqOOBvuOBo+OBn+aVsOmHj+OCkuOBlOW4jOacm+OBruOBiuWuouanmOOBr+OBiuWVj+WQiOOCj+OBm+OBj+OBoOOBleOBhOOAguKAu+Wkp+Wei+W9oueKtuOBruOBn+OCgeOAgeW9k+W6l+OBp+ODqeODg+ODlOODs+OCsOOBr+OBiuWPl+OBkeOBl+OBpuOBiuOCiuOBvuOBm+OCk+OAgjxicj48cD48aW1nIHNyYz0iaHR0cDovL2ltYWdlLnJha3V0ZW4uY28uanAva29rb3VraS9jYWJpbmV0LzAxNTA2ODEyL25vc2hpLTMwNy02OF9wLmdpZiIgd2lkdGg9IjMwNSIgaGVpZ2h0PSI2NiIgYm9yZGVyPSIwIj48L3A+PGJyPjxpbWcgc3JjPSJodHRwOi8vd3d3LnJha3V0ZW4ubmUuanAvZ29sZC9rb2tvdWtpL3Nvbm5hdGlraTMyMC05NS5wbmciIHdpZHRoPSIzMjAiIGhlaWdodD0iOTUiIGJvcmRlcj0iMCI+,44CQIOOCveODvOODqeODvOOCrOODvOODh+ODs+ODqeOCpOODiCDjg7sg6YCB5paZ54Sh5paZIOOAkSDjgrfjg6vjgqjjg4Pjg4hMRUTjgr3jg7zjg6njg7zjg6njgqTjg4jjgrnjgr/jg7Pjg4kgMueBr+W8j++8iOODleOCqeODrOOCueODiO+8ieOAkOOCveODvOODqeODvOODqeOCpOODiC/jgqTjgqjjg63jg7wgTEVEL+OBiuW6rS/njoTplqLpo77jgoov44Ki44OX44Ot44O844OBL+Wxi+WklueUqC/jgqTjg7Pjg4bjg6rjgqIv44Kq44OW44K444KnIOWwj+mzpS/jgYrjgZfjgoPjgowv5LiK5ZOBL+OCruODleODiC/jg5fjg6zjgrzjg7Pjg4gv5paw56+JIOOBiuelneOBhC/otIjjgorniakv44Ko44Kv44K544OG44Oq44Ki77ya6ZuR6LKo5bGL44CA44Kz44Kz44Km44Kt,6YCa5L+h6LKp5aOy6YCa6LKp44K344On44OD44OU44Oz44Kw44Kq44Oz44Op44Kk44Oz44K344On44OD44OU44Oz44Kw6LK344GE54mp44OX44Os44K844Oz44OI44Ku44OV44OI6LSI44KK54mp6LSI562U5ZOB44GK5Lit5YWD44GK5q2z5pqu44GK6LK344GE5b6X552A44GQ44KL44G/5Luu6KOF6KGj6KOF44Kz44K544OB44Ol44O844Og5pel5pys6KO944OT44Ki44K/44Oz44OW44Op44O844K544OG44Oz44Os44K544Oc44OI44Or44OB44K/44Oz6KO944K/44Oz44OW44Op44O844K/44Oz44OW44Op44O844OV44Op44Kk44OR44Oz5YyF5LiB5qWt5YuZ55So6Kq/55CG5Zmo5YW344K/44Kk44Og44Kr44OX44K744Or6LKv6YeR566x44Kz44O844OS44O844OJ44Oq44OD44OX44Od44OD44OI44OT44Ki44Kw44Op44K544OU44O844K/44O844Op44OT44OD44OI44Oq44Op44OD44Kv44Oe44GP44G+44Gu44GM44Gj44GT44GG44Kv44Oq44K544Oe44K544OX44Os44K844Oz44OI44OX44Os44K844Oz44OI44Ku44OV44OI6LSI44KK54mp44Kz44Oq44Op44OD44Kv44Oe6aOf5qW95bel5oi/44OV44Kp44Oz44OH44Ol6Jek5qyh6YOO44OH44Kj44K644OL44O844GN44GQ44KL44G/44Ki44Km44OI44Os44OD44OI6YCB5paZ54Sh5paZ44K444Oj44OD44Kt44O85pac6Lev44K344Oj44Os44Ks44Oz5Ly944Og44CQIOOCveODvOODqeODvOOCrOODvOODh+ODs+ODqeOCpOODiCDjg7sg6YCB5paZ54Sh5paZIOOAkSDjgrfjg6vjgqjjg4Pjg4hMRUTjgr3jg7zjg6njg7zjg6njgqTjg4jjgrnjgr/jg7Pjg4kgMueBr+W8j++8iOODleOCqeODrOOCueODiO+8ieOAkOOCveODvOODqeODvOODqeOCpOODiC/jgqTjgqjjg63jg7wgTEVEL+OBiuW6rS/njoTplqLpo77jgoov44Ki44OX44Ot44O844OBL+Wxi+WklueUqC/jgqTjg7Pjg4bjg6rjgqIv44Kq44OW44K444KnIOWwj+mzpS/jgYrjgZfjgoPjgowv5LiK5ZOBL+OCruODleODiC/jg5fjg6zjgrzjg7Pjg4gv5paw56+JIOOBiuelneOBhC/otIjjgorniakv44Ko44Kv44K544OG44Oq44Ki,44GV44KK44GS44Gq44GP5Y+v5oSb44GE44K344Or44Ko44OD44OI44K/44Kk44OX44GuIOOCveODvOODqeODvOODqeOCpOODiOOCueOCv+ODs+ODieOAguOAkCDjgr3jg7zjg6njg7zjgqzjg7zjg4fjg7Pjg6njgqTjg4gg44O7IOmAgeaWmeeEoeaWmSDjgJEg44K344Or44Ko44OD44OITEVE44K944O844Op44O844Op44Kk44OI44K544K/44Oz44OJIDLnga/lvI/vvIjjg5Xjgqnjg6zjgrnjg4jvvInjgJDjgr3jg7zjg6njg7zjg6njgqTjg4gv44Kk44Ko44Ot44O8IExFRC/jgYrluq0v546E6Zai6aO+44KKL+OCouODl+ODreODvOODgS/lsYvlpJbnlKgv44Kk44Oz44OG44Oq44KiL+OCquODluOCuOOCpyDlsI/ps6Uv44GK44GX44KD44KML+S4iuWTgS/jgq7jg5Xjg4gv44OX44Os44K844Oz44OIL+aWsOeviSDjgYrnpZ3jgYQv6LSI44KK54mpL+OCqOOCr+OCueODhuODquOCog==[rn]
11-197560,aHR0cDovL3RzaG9wLnIxMHMuanAva29rb3VraS9jYWJpbmV0L2NoYXJhL3NlMTMtMS5qcGc/Zml0aW49NzAwOjcwMA==,MzgwMC4wMDAw,,6Iqx44O744Ks44O844OH44Oz44O7RElZID4g44Ko44Kv44K544OG44Oq44Ki44O744Ks44O844OH44Oz44OV44Kh44OL44OB44Oj44O8ID4g44Op44Kk44OI44O744Kk44Or44Of44ON44O844K344On44OzID4g44Ks44O844OH44Oz44Op44Kk44OIIOODu+eBr+evrQ==,44CQIOOCqOOCr+OCueODhuODquOCoiDjgqzjg7zjg4fjg4vjg7PjgrAg44Op44Kk44OIIOOAkSDjg4rjg4Hjg6Xjg6njg6sgTEVE44K944O844Op44O844Ks44O844OH44Oz44Op44Kk44OIIO+8iOODn+ODg+OCreODvOODnuOCpuOCue+8muWwj++8ieOAkOOCveODvOODqeODvOODqeOCpOODiC/jg4fjgqPjgrrjg4vjg7wv44Kk44Ko44Ot44O8IExFROODqeOCpOODiC/lpKrpmb3lhYkg5YWF6Zu75byPL+W6rS/lsYvlpJbnlKgv44Kk44Oz44OG44Oq44KiL+OBi+OCj+OBhOOBhC/jgYrjgZfjgoPjgowv44Ku44OV44OIL+aWsOevieelneOBhC/jg5fjg6zjgrzjg7Pjg4gv6LSI44KK54mpL+mbkeiyqC/jgrDjg4Pjgro=,,PHA+PGltZyBzcmM9Imh0dHA6Ly93d3cucmFrdXRlbi5uZS5qcC9nb2xkL2tva291a2kvYXN1MzIwLTYzMF9zaC11bmRlci5naWYiIHdpZHRoPSIzMjAiIGhlaWdodD0iNjMwIiBib3JkZXI9IjAiPjxicj4KPGJyPgo8aW1nIHNyYz0iaHR0cDovL3d3dy5yYWt1dGVuLm5lLmpwL2dvbGQva29rb3VraS9hc3VyYWt1LWNsXzMyMC0yMzAuZ2lmIiB3aWR0aD0iMzIwIiBoZWlnaHQ9IjIzMCIgYm9yZGVyPSIwIj48L3A+PEJSPuOBiuW6reOChOiKseWjh+OBq+WQiOOCj+OBm+OChOOBmeOBhOODiuODgeODpeODqeODq+OCq+ODqeODvO+8geWtkOS+m+OBo+OBveOBleOCkuaKkeOBiOOBn+Wkp+S6uuWRs+ODh+OCtuOCpOODs++8gUxFROODqeOCpOODiO+8muOCpOOCqOODreODvOKXj+ODn+ODg+OCreODvOODnuOCpuOCueOBjOWPr+aEm+OBj+OBiuWHuui/juOBiOKZquOCouODl+ODreODvOODgeOChOOBiuW6reOCkuOBiua0kuiQveOBq+a8lOWHuuOBl+OBpuOBj+OCjOOBvuOBmeOAguKXj+adreOBjOS7mOWxnuOBq+S7mOOBhOOBpuOBhOOBvuOBmeOBruOBp+OAgeadreOCkuS7mOOBkeOBpuOAgeiKseWjh+OBquOBqeWcn+OBq+OBleOBl+OBpuOBruOBlOS9v+eUqOOCkuOBiuWLp+OCgeOBl+OBvuOBmeOAguadreOCkuS9v+OCj+OBmuOAjOe9ruOBjeOAjeOBqOOBl+OBpuOCguOBlOS9v+eUqOOBp+OBjeOBvuOBmeOBjOOAgeW6lemdouOBjOWwj+OBleOCgeOBp+OAgeWwkeOAheWuieWumuaEn+OBjOOBguOCiuOBvuOBm+OCk+OAguKXj+acrOS9k+OBrumrmOOBlee0hDI1Y23jgajlsI/jgZXjgoHjgafjgIHloLTmiYDjgpLlj5bjgonjgarjgYTliIbjgIHjgYTjgo3jgYTjgo3jgarmiYDjgavjgrvjg4Pjg4jjgafjgY3jgb7jgZnjgILil4/lhYnjgrvjg7PjgrXjg7zku5jjgY3jgafjgIHmmpfjgY/jgarjgaPjgZ/jgonoh6rli5Xngrnnga/vvIHmiYvplpPjgYTjgonjgZrvvIHngrnnga/jgZfjgabjgarjgYTml6XkuK3jgafjgoLjgIHjgYrluq3jga7lj6/mhJvjgYTjgqTjg7Pjg4bjg6rjgqLjgavjgarjgorjgb7jgZnjgILil4/lpKrpmb3lhYnlhYXpm7vlvI/jgarjga7jgafjgIHpm7vmsJfku6Mw5YaG77yB4peP44Kz44O844OJ44Os44K544Gq44Gu44Gn44CB6Kit572u44KE5aC05omA5aSJ44GI44KC5omL6Lu944Gr44Gn44GN44G+44GZ44CC4peP6Zuo44GM44GC44Gf44Gj44Gm44KC5aSn5LiI5aSr44Gq6Ziy6Zuo5LuV5qeY77yB4peP5aSp6Z2i44GM44K944O844Op44O844OR44ON44Or44Gr44Gq44Gj44Gm44GE44G+44GZ44CC4peP5paw56+J56Wd44GE44KE6KqV55Sf5pel44OX44Os44K844Oz44OI44Gq44Gp44CB6LSI44KK54mp44Gr44KC44GK44GZ44GZ44KB44Gn44GZ44CC4oC75pys5ZOBTEVE44Op44Kk44OI44Gv44Kk44Ko44Ot44O855CD44KS5L2/55So44GX44Gm44GE44G+44GZ44CC44Ob44Ov44Kk44OI55CD44Go5q+U44G544KL44Go5YWJ44GM5byx44KB44Gn44GZ44CC5YWJ44KS54Wn44KJ44GZ44Go44GE44GG44KI44KK44CB44KE44GV44GX44GP54Gv44GZ5oSf44GY44Gn44GZ44CCW+WVhuWTgeS7leanmF3il4/llYblk4HjgrXjgqTjgrov57SE77yaMTE1w5cxMTDDl+mrmOOBlTI1MG1t77yI5p2t5ZCr44G+44GZ77yJL+adreOCkuWQq+OCgeOBn+mrmOOBle+8mue0hDM2MG1tL+acrOS9k+W6lemdouOBruW6g+OBle+8mue0hDYyw5c3MG1t4peP5ZWG5ZOB6YeN6YePL+e0hO+8mjM2MGfil4/mnZDos6ov5pys5L2T77ya44Od44Oq44Os44Oz44K4L+ODqeOCpOODiOmDqOOAgeadre+8mkFCU+aoueiEguKXj+mbu+a6kC/nmbrpm7vpg6jvvJrjgr3jg7zjg6njg7zjg5Hjg43jg6vvvIjlpKrpmb3pm7vmsaDvvIkv6JOE6Zu76YOo77ya5YWF6Zu75byP5Y2Y5Zub5Z6L6Zu75rGgMeacrOKXj+WFiea6kC9MRUTjg6njgqTjg4jvvIjjgqTjgqjjg63jg7zvvInil4/ngrnnga/mmYLplpMv5pyA6ZW344CB57SEOOaZgumWk++8iOODleODq+WFhembu+aZgu+8ieKAu+ioree9ruWgtOaJgOOChOWkqeWAmeOAgeWto+evgOOBq+OCiOOCiueVsOOBquOCiuOBvuOBmeOAguKXj+WFhembu+aZgumWky/jg5Xjg6vlhYXpm7vjgZnjgovjga7jgavlv4XopoHjgarml6XnhafmmYLplpPvvIjmmbTjgozjga7loLTlkIjvvInmnIDkvY445pmC6ZaT4peP6Zu75rGg5a+/5ZG9L+WFheODu+aUvumbu+OAgee0hDUwMOWbnu+8iOW4guiyqeOBruWFhembu+W8j+mbu+axoOOBruWgtOWQiO+8ieKAu+WIneacn+OBq+S7mOWxnuOBleOCjOOBpuOBhOOCi+ODhuOCueODiOmbu+axoOOBruWvv+WRveOBr+OAgeOBlOS9v+eUqOmWi+Wni+OBi+OCiee0hDPjgYvmnIjjgafjgZnjgILigLvlhYXpm7vmsaDjga7lr7/lkb3jgYzjgaTjgY3jgb7jgZfjgZ/jgonjgIHjg5vjg7zjg6Djgrvjg7Pjgr/jg7zjgoTlrrbpm7vph4/osqnlupfnrYnjgafjgZTos7zlhaXjgY/jgaDjgZXjgYTjgILil4/nlJ/nlKPlm70v5Lit5Zu94peP5YKZ6ICDL+OBiuiyt+S4iuaZguOBr+WFhembu+OBleOCjOOBpuOBiuOCiuOBvuOBm+OCk+OBruOBp+OAgeOCueOCpOODg+ODgeOCkk9O44Gr44GX44Gm6aCC44GN44CB5aSq6Zm95YWJ44Gn5Y2K5pel56iL5bqm5YWF6Zu75b6M44CB44GU5L2/55So44GP44Gg44GV44GE44CCL+aXpeW9k+OBn+OCiuOBruOCiOOBhOWgtOaJgOOBq+e9ruOBhOOBpuS4i+OBleOBhOOAguKXj+OBneOBruS7li/nsKHmmJPnrrHlhaXjgorigLvlhpnnnJ/jgajllYblk4HjgafoibLlkIjjgYTjgYzlpJrlsJHpgZXjgYbloLTlkIjjgYzjgZTjgZbjgYTjgb7jgZnjgILigLvjgZPjgaHjgonjga7llYblk4Hjga7lnKjluqvjga/lsJHjgarjgoHjgavoqK3lrprjgZXjgozjgabjgYrjgorjgb7jgZnjga7jgafjgIHjgq7jg5Xjg4jnrYnjgafjgb7jgajjgb7jgaPjgZ/mlbDph4/jgpLjgZTluIzmnJvjga7jgYrlrqLmp5jjga/jgYrllY/lkIjjgo/jgZvjgY/jgaDjgZXjgYTjgIIKPGJyPjxicj48cD48aW1nIHNyYz0iaHR0cDovL2ltYWdlLnJha3V0ZW4uY28uanAva29rb3VraS9jYWJpbmV0LzAxNTA2ODEyL25vc2hpLTMwNy02OF9wLmdpZiIgd2lkdGg9IjMwNSIgaGVpZ2h0PSI2NiIgYm9yZGVyPSIwIj48L3A+PEJSPjxwPjxpbWcgc3JjPSJodHRwOi8vaW1hZ2UucmFrdXRlbi5jby5qcC9rb2tvdWtpL2NhYmluZXQvMDE1MDY4MTIvd3JhcHAtMzA3LTY4X3JkMi5naWYiIHdpZHRoPSIzMDUiIGhlaWdodD0iNjYiIGJvcmRlcj0iMCI+PC9wPjxicj48aW1nIHNyYz0iaHR0cDovL3d3dy5yYWt1dGVuLm5lLmpwL2dvbGQva29rb3VraS9zb25uYXRpa2kzMjAtOTUucG5nIiB3aWR0aD0iMzIwIiBoZWlnaHQ9Ijk1IiBib3JkZXI9IjAiPg==,44CQIOOCqOOCr+OCueODhuODquOCoiDjgqzjg7zjg4fjg4vjg7PjgrAg44Op44Kk44OIIOOAkSDjg4rjg4Hjg6Xjg6njg6sgTEVE44K944O844Op44O844Ks44O844OH44Oz44Op44Kk44OIIO+8iOODn+ODg+OCreODvOODnuOCpuOCue+8muWwj++8ieOAkOOCveODvOODqeODvOODqeOCpOODiC/jg4fjgqPjgrrjg4vjg7wv44Kk44Ko44Ot44O8IExFROODqeOCpOODiC/lpKrpmb3lhYkg5YWF6Zu75byPL+W6rS/lsYvlpJbnlKgv44Kk44Oz44OG44Oq44KiL+OBi+OCj+OBhOOBhC/jgYrjgZfjgoPjgowv44Ku44OV44OIL+aWsOevieelneOBhC/jg5fjg6zjgrzjg7Pjg4gv6LSI44KK54mpL+mbkeiyqC/jgrDjg4PjgrrvvJrpm5HosqjlsYvjgIDjgrPjgrPjgqbjgq0=,6YCa5L+h6LKp5aOy6YCa6LKp44K344On44OD44OU44Oz44Kw44Kq44Oz44Op44Kk44Oz44K344On44OD44OU44Oz44Kw6LK344GE54mp44OX44Os44K844Oz44OI44Ku44OV44OI6LSI44KK54mp6LSI562U5ZOB44GK5Lit5YWD44GK5q2z5pqu44GK6LK344GE5b6X552A44GQ44KL44G/5Luu6KOF6KGj6KOF44Kz44K544OB44Ol44O844Og5pel5pys6KO944OT44Ki44K/44Oz44OW44Op44O844K544OG44Oz44Os44K544Oc44OI44Or44OB44K/44Oz6KO944K/44Oz44OW44Op44O844K/44Oz44OW44Op44O844OV44Op44Kk44OR44Oz5YyF5LiB5qWt5YuZ55So6Kq/55CG5Zmo5YW344K/44Kk44Og44Kr44OX44K744Or6LKv6YeR566x44Kz44O844OS44O844OJ44Oq44OD44OX44Od44OD44OI44OT44Ki44Kw44Op44K544OU44O844K/44O844Op44OT44OD44OI44Oq44Op44OD44Kv44Oe44GP44G+44Gu44GM44Gj44GT44GG44Kv44Oq44K544Oe44K544OX44Os44K844Oz44OI44OX44Os44K844Oz44OI44Ku44OV44OI6LSI44KK54mp44Kz44Oq44Op44OD44Kv44Oe6aOf5qW95bel5oi/44OV44Kp44Oz44OH44Ol6Jek5qyh6YOO44OH44Kj44K644OL44O844GN44GQ44KL44G/44Ki44Km44OI44Os44OD44OI6YCB5paZ54Sh5paZ44K444Oj44OD44Kt44O85pac6Lev44K344Oj44Os44Ks44Oz5Ly944Og44CQIOOCqOOCr+OCueODhuODquOCoiDjgqzjg7zjg4fjg4vjg7PjgrAg44Op44Kk44OIIOOAkSDjg4rjg4Hjg6Xjg6njg6sgTEVE44K944O844Op44O844Ks44O844OH44Oz44Op44Kk44OIIO+8iOODn+ODg+OCreODvOODnuOCpuOCue+8muWwj++8ieOAkOOCveODvOODqeODvOODqeOCpOODiC/jg4fjgqPjgrrjg4vjg7wv44Kk44Ko44Ot44O8IExFROODqeOCpOODiC/lpKrpmb3lhYkg5YWF6Zu75byPL+W6rS/lsYvlpJbnlKgv44Kk44Oz44OG44Oq44KiL+OBi+OCj+OBhOOBhC/jgYrjgZfjgoPjgowv44Ku44OV44OIL+aWsOevieelneOBhC/jg5fjg6zjgrzjg7Pjg4gv6LSI44KK54mpL+mbkeiyqC/jgrDjg4Pjgro=,44OK44OB44Ol44Op44Or44Kr44Op44O844Gu44Of44OD44Kt44O844GMIOOBiuW6reOChOiKseWjh+OCkiDjgYrmtJLokL3jgavmvJTlh7rimarjgILjgJAg44Ko44Kv44K544OG44Oq44KiIOOCrOODvOODh+ODi+ODs+OCsCDjg6njgqTjg4gg44CRIOODiuODgeODpeODqeODqyBMRUTjgr3jg7zjg6njg7zjgqzjg7zjg4fjg7Pjg6njgqTjg4gg77yI44Of44OD44Kt44O844Oe44Km44K577ya5bCP77yJ44CQ44K944O844Op44O844Op44Kk44OIL+ODh+OCo+OCuuODi+ODvC/jgqTjgqjjg63jg7wgTEVE44Op44Kk44OIL+WkqumZveWFiSDlhYXpm7vlvI8v5bqtL+Wxi+WklueUqC/jgqTjg7Pjg4bjg6rjgqIv44GL44KP44GE44GEL+OBiuOBl+OCg+OCjC/jgq7jg5Xjg4gv5paw56+J56Wd44GEL+ODl+ODrOOCvOODs+ODiC/otIjjgorniakv6ZuR6LKoL+OCsOODg+OCug==[rn]
11-197561,aHR0cDovL3RzaG9wLnIxMHMuanAva29rb3VraS9jYWJpbmV0L2NoYXJhL2trcHA3My00LmpwZz9maXRpbj03MDA6NzAw,NTAxNi4wMDAw,,6Iqx44O744Ks44O844OH44Oz44O7RElZID4g44Ko44Kv44K544OG44Oq44Ki44O744Ks44O844OH44Oz44OV44Kh44OL44OB44Oj44O8ID4g44Op44Kk44OI44O744Kk44Or44Of44ON44O844K344On44OzID4g44Ks44O844OH44Oz44Op44Kk44OIIOODu+eBr+evrQ==,44CQIOOCveODvOODqeODvOOCrOODvOODh+ODs+ODqeOCpOODiCDjgJEg44OP44Oz44Ku44Oz44KwTEVE44K944O844Op44O844Op44Kk44OI44K544K/44Oz44OJIO+8iOODieODg+OCsO+8ieOAkOOCveODvOODqeODvOODqeOCpOODiC/jgqTjgqjjg63jg7wgTEVEL+OBiuW6rS/njoTplqLpo77jgoov44Ki44OX44Ot44O844OBL+Wxi+WklueUqC/jgqTjg7Pjg4bjg6rjgqIv44Kq44OW44K444KnL+OBhOOBrC/jgYrjgZfjgoPjgowv44GL44KP44GE44GEL+S4iuWTgS/niqwg6ZuR6LKoL+OCruODleODiC/jg5fjg6zjgrzjg7Pjg4gv5paw56+J56Wd44GE44CR,,PHA+PGltZyBzcmM9Imh0dHA6Ly93d3cucmFrdXRlbi5uZS5qcC9nb2xkL2tva291a2kvYXN1MzIwLTYzMF9zaC11bmRlci5naWYiIHdpZHRoPSIzMjAiIGhlaWdodD0iNjMwIiBib3JkZXI9IjAiPjxicj4KPGJyPgo8aW1nIHNyYz0iaHR0cDovL3d3dy5yYWt1dGVuLm5lLmpwL2dvbGQva29rb3VraS9hc3VyYWt1LWNsXzMyMC0yMzAuZ2lmIiB3aWR0aD0iMzIwIiBoZWlnaHQ9IjIzMCIgYm9yZGVyPSIwIj48L3A+PEJSPuOBiua0kuiQveOBquOCt+ODq+OCqOODg+ODiOODh+OCtuOCpOODs+OBruOCveODvOODqeODvOODqeOCpOODiOKZquOBiuW6reOChOOCouODl+ODreODvOODgeOBruOCpOODs+ODhuODquOCouOBq+OCguOBquOCiuOBvuOBmeOAgkxFROODqeOCpOODiO+8muOCpOOCqOODreODvOKXj+eKrOOBqOWwj+mzpeOBruOCt+ODq+OCqOODg+ODiOOBruOBiua0kuiQveOBquOCueOCv+ODs+ODieOCv+OCpOODl+OAguOBiuW6reOChOeOhOmWouWJjeOAgeOCouODl+ODreODvOODgeOCkuOBiua0kuiQveOBq+a8lOWHuuOBp+OBjeOBvuOBmeOAguKXj+OCveODvOODqeODvOODkeODjeODq+OBr+ODqeOCpOODiOmDqOOBruOBi+OBleOBqzHmnprku5jjgYTjgabjgYTjgb7jgZnjgILil4/lhYnjgrvjg7PjgrXjg7zku5jjgY3jgafjgIHmmpfjgY/jgarjgaPjgZ/jgonoh6rli5Xngrnnga/vvIHmiYvplpPjgYTjgonjgZrvvIHngrnnga/jgZfjgabjgarjgYTml6XkuK3jgafjgoLjgIHjgYrluq3jga7lj6/mhJvjgYTjgqTjg7Pjg4bjg6rjgqLjgavjgarjgorjgb7jgZnjgILil4/lpKrpmb3lhYnlhYXpm7vlvI/jgarjga7jgafjgIHpm7vmsJfku6Mw5YaG77yB4peP44Kz44O844OJ44Os44K544Gq44Gu44Gn44CB6Kit572u44KE5aC05omA5aSJ44GI44KC5omL6Lu944Gr44Gn44GN44G+44GZ44CC4peP6Zuo44GM44GC44Gf44Gj44Gm44KC5aSn5LiI5aSr44Gq6Ziy6Zuo5LuV5qeY77yB4peP5paw56+J56Wd44GE44KE6KqV55Sf5pel44OX44Os44K844Oz44OI44Gq44Gp44CB6LSI44KK54mp44Gr44KC44GK44GZ44GZ44KB44Gn44GZ44CC4oC75pys5ZOBTEVE44Op44Kk44OI44Gv44Kk44Ko44Ot44O855CD44KS5L2/55So44GX44Gm44GE44G+44GZ44CC44Ob44Ov44Kk44OI55CD44Go5q+U44G544KL44Go5YWJ44GM5byx44KB44Gn44GZ44CC5YWJ44KS54Wn44KJ44GZ44Go44GE44GG44KI44KK44CB44KE44GV44GX44GP54Gv44GZ5oSf44GY44Gn44GZ44CCW+WVhuWTgeS7leanmF3il4/llYblk4HjgrXjgqTjgrov57SE77yaMjkww5cyNDDDl+mrmOOBlTQ0MG1tL+ODqeOCpOODiOmDqO+8mue0hDHovroxMjfDl+mrmOOBlTE1MO+8iOWQiuS4i+mDqOWQq+OCgO+8iW1tL+acrOS9k+W6lemdouS4ieinkuOCueOCv+ODs+ODie+8mjHovrrntIQyMjVtbeKXj+WVhuWTgemHjemHjy/ntITvvJo3MjBn4peP5p2Q6LOqL+acrOS9k++8muOCouOCpOOCouODs+ijve+8iOOCqOODneOCreOCt+eyieS9k+Whl+ijhe+8iS/jg6njgqTjg4jpg6jvvJpBQlPmqLnohILil4/pm7vmupAv55m66Zu76YOo77ya44K944O844Op44O844OR44ON44Or77yI5aSq6Zm96Zu75rGg77yJL+iThOmbu+mDqO+8muWFhembu+W8j+WNmOS4ieWei+mbu+axoDHmnKzDlzLjgrvjg4Pjg4jil4/lhYnmupAvTEVE44Op44Kk44OI77yI44Kk44Ko44Ot44O877yJ4peP54K554Gv5pmC6ZaTL+acgOmVt+OAgee0hDjmmYLplpPvvIjjg5Xjg6vlhYXpm7vmmYLvvInigLvoqK3nva7loLTmiYDjgoTlpKnlgJnjgIHlraPnr4DjgavjgojjgornlbDjgarjgorjgb7jgZnjgILil4/lhYXpm7vmmYLplpMv44OV44Or5YWF6Zu744GZ44KL44Gu44Gr5b+F6KaB44Gq5pel54Wn5pmC6ZaT77yI5pm044KM44Gu5aC05ZCI77yJ5pyA5L2OOOaZgumWk+KXj+mbu+axoOWvv+WRvS/lhYXjg7vmlL7pm7vjgIHntIQ1MDDlm57vvIjluILosqnjga7lhYXpm7vlvI/pm7vmsaDjga7loLTlkIjvvInigLvliJ3mnJ/jgavku5jlsZ7jgZXjgozjgabjgYTjgovjg4bjgrnjg4jpm7vmsaDjga7lr7/lkb3jga/jgIHjgZTkvb/nlKjplovlp4vjgYvjgonntIQz44GL5pyI44Gn44GZ44CC4oC75YWF6Zu75rGg44Gu5a+/5ZG944GM44Gk44GN44G+44GX44Gf44KJ44CB44Ob44O844Og44K744Oz44K/44O844KE5a626Zu76YeP6LKp5bqX562J44Gn44GU6LO85YWl44GP44Gg44GV44GE44CC4peP55Sf55Sj5Zu9L+S4reWbveKXj+WCmeiAgy/jgYrosrfkuIrmmYLjga/lhYXpm7vjgZXjgozjgabjgYrjgorjgb7jgZvjgpPjga7jgafjgIHjgrnjgqTjg4Pjg4HjgpJPTuOBq+OBl+OBpumgguOBjeOAgeWkqumZveWFieOBp+WNiuaXpeeoi+W6puWFhembu+W+jOOAgeOBlOS9v+eUqOOBj+OBoOOBleOBhOOAgi/ml6XlvZPjgZ/jgorjga7jgojjgYTloLTmiYDjgavnva7jgYTjgabkuIvjgZXjgYTjgILil4/jgZ3jga7ku5Yv566x5YWl44KK44CC57Ch5piT57WE56uL5ZOB44CC4oC75pys5ZOB44GvMeOBpOOBmuOBpOaJi+S9nOalreOBp+eUn+eUo+OBl+OBpuOBhOOCi+OBn+OCgeOAgeWhl+ijheOChOW9oueKtuOBq+WkmuWwkeOBruOBsOOCieOBpOOBjeOBjOOBguOCiuOBvuOBmeOBjOOAgeOBk+OCjOOBr+acrOWTgeOBrueJueW+tOOBqOOBl+OBpuOBlOeQhuino+OBj+OBoOOBleOBhOOAguKAu+OBk+OBoeOCieOBruWVhuWTgeOBruWcqOW6q+OBr+WwkeOBquOCgeOBq+ioreWumuOBleOCjOOBpuOBiuOCiuOBvuOBmeOBruOBp+OAgeOCruODleODiOetieOBp+OBvuOBqOOBvuOBo+OBn+aVsOmHj+OCkuOBlOW4jOacm+OBruOBiuWuouanmOOBr+OBiuWVj+WQiOOCj+OBm+OBj+OBoOOBleOBhOOAguKAu+Wkp+Wei+W9oueKtuOBruOBn+OCgeOAgeW9k+W6l+OBp+ODqeODg+ODlOODs+OCsOOBr+OBiuWPl+OBkeOBl+OBpuOBiuOCiuOBvuOBm+OCk+OAgjxicj48cD48aW1nIHNyYz0iaHR0cDovL2ltYWdlLnJha3V0ZW4uY28uanAva29rb3VraS9jYWJpbmV0LzAxNTA2ODEyL25vc2hpLTMwNy02OF9wLmdpZiIgd2lkdGg9IjMwNSIgaGVpZ2h0PSI2NiIgYm9yZGVyPSIwIj48L3A+PGJyPjxpbWcgc3JjPSJodHRwOi8vd3d3LnJha3V0ZW4ubmUuanAvZ29sZC9rb2tvdWtpL3Nvbm5hdGlraTMyMC05NS5wbmciIHdpZHRoPSIzMjAiIGhlaWdodD0iOTUiIGJvcmRlcj0iMCI+,44CQIOOCveODvOODqeODvOOCrOODvOODh+ODs+ODqeOCpOODiCDjgJEg44OP44Oz44Ku44Oz44KwTEVE44K944O844Op44O844Op44Kk44OI44K544K/44Oz44OJIO+8iOODieODg+OCsO+8ieOAkOOCveODvOODqeODvOODqeOCpOODiC/jgqTjgqjjg63jg7wgTEVEL+OBiuW6rS/njoTplqLpo77jgoov44Ki44OX44Ot44O844OBL+Wxi+WklueUqC/jgqTjg7Pjg4bjg6rjgqIv44Kq44OW44K444KnL+OBhOOBrC/jgYrjgZfjgoPjgowv44GL44KP44GE44GEL+S4iuWTgS/niqwg6ZuR6LKoL+OCruODleODiC/jg5fjg6zjgrzjg7Pjg4gv5paw56+J56Wd44GE44CR77ya6ZuR6LKo5bGL44CA44Kz44Kz44Km44Kt,6YCa5L+h6LKp5aOy6YCa6LKp44K344On44OD44OU44Oz44Kw44Kq44Oz44Op44Kk44Oz44K344On44OD44OU44Oz44Kw6LK344GE54mp44OX44Os44K844Oz44OI44Ku44OV44OI6LSI44KK54mp6LSI562U5ZOB44GK5Lit5YWD44GK5q2z5pqu44GK6LK344GE5b6X552A44GQ44KL44G/5Luu6KOF6KGj6KOF44Kz44K544OB44Ol44O844Og5pel5pys6KO944OT44Ki44K/44Oz44OW44Op44O844K544OG44Oz44Os44K544Oc44OI44Or44OB44K/44Oz6KO944K/44Oz44OW44Op44O844K/44Oz44OW44Op44O844OV44Op44Kk44OR44Oz5YyF5LiB5qWt5YuZ55So6Kq/55CG5Zmo5YW344K/44Kk44Og44Kr44OX44K744Or6LKv6YeR566x44Kz44O844OS44O844OJ44Oq44OD44OX44Od44OD44OI44OT44Ki44Kw44Op44K544OU44O844K/44O844Op44OT44OD44OI44Oq44Op44OD44Kv44Oe44GP44G+44Gu44GM44Gj44GT44GG44Kv44Oq44K544Oe44K544OX44Os44K844Oz44OI44OX44Os44K844Oz44OI44Ku44OV44OI6LSI44KK54mp44Kz44Oq44Op44OD44Kv44Oe6aOf5qW95bel5oi/44OV44Kp44Oz44OH44Ol6Jek5qyh6YOO44OH44Kj44K644OL44O844GN44GQ44KL44G/44Ki44Km44OI44Os44OD44OI6YCB5paZ54Sh5paZ44K444Oj44OD44Kt44O85pac6Lev44K344Oj44Os44Ks44Oz5Ly944Og44CQIOOCveODvOODqeODvOOCrOODvOODh+ODs+ODqeOCpOODiCDjgJEg44OP44Oz44Ku44Oz44KwTEVE44K944O844Op44O844Op44Kk44OI44K544K/44Oz44OJIO+8iOODieODg+OCsO+8ieOAkOOCveODvOODqeODvOODqeOCpOODiC/jgqTjgqjjg63jg7wgTEVEL+OBiuW6rS/njoTplqLpo77jgoov44Ki44OX44Ot44O844OBL+Wxi+WklueUqC/jgqTjg7Pjg4bjg6rjgqIv44Kq44OW44K444KnL+OBhOOBrC/jgYrjgZfjgoPjgowv44GL44KP44GE44GEL+S4iuWTgS/niqwg6ZuR6LKoL+OCruODleODiC/jg5fjg6zjgrzjg7Pjg4gv5paw56+J56Wd44GE44CR,44GV44KK44GS44Gq44GPIOWPr+aEm+OBhCDjgrfjg6vjgqjjg4Pjg4jjgr/jgqTjg5cg44K944O844Op44O844Op44Kk44OI77yB44CC44CQIOOCveODvOODqeODvOOCrOODvOODh+ODs+ODqeOCpOODiCDjgJEg44OP44Oz44Ku44Oz44KwTEVE44K944O844Op44O844Op44Kk44OI44K544K/44Oz44OJIO+8iOODieODg+OCsO+8ieOAkOOCveODvOODqeODvOODqeOCpOODiC/jgqTjgqjjg63jg7wgTEVEL+OBiuW6rS/njoTplqLpo77jgoov44Ki44OX44Ot44O844OBL+Wxi+WklueUqC/jgqTjg7Pjg4bjg6rjgqIv44Kq44OW44K444KnL+OBhOOBrC/jgYrjgZfjgoPjgowv44GL44KP44GE44GEL+S4iuWTgS/niqwg6ZuR6LKoL+OCruODleODiC/jg5fjg6zjgrzjg7Pjg4gv5paw56+J56Wd44GE44CR[rn]
11-197562,aHR0cDovL3RzaG9wLnIxMHMuanAva29rb3VraS9jYWJpbmV0L2NoYXJhL2trcHA3My0yLmpwZz9maXRpbj03MDA6NzAw,OTg4MC4wMDAw,,6Iqx44O744Ks44O844OH44Oz44O7RElZID4g44Ko44Kv44K544OG44Oq44Ki44O744Ks44O844OH44Oz44OV44Kh44OL44OB44Oj44O8ID4g44Op44Kk44OI44O744Kk44Or44Of44ON44O844K344On44OzID4g44Ks44O844OH44Oz44Op44Kk44OIIOODu+eBr+evrQ==,44CQIOOCveODvOODqeODvOOCrOODvOODh+ODs+ODqeOCpOODiCDjg7sg6YCB5paZ54Sh5paZ44CR44K344Or44Ko44OD44OITEVE44K944O844Op44O844Op44Kk44OI44K544K/44Oz44OJIDLnga/lvI/vvIjjgq3jg6Pjg4Pjg4jvvInjgJDjgr3jg7zjg6njg7zjg6njgqTjg4gv44Kk44Ko44Ot44O8IExFRC/jgYrluq0v546E6Zai6aO+44KKL+OCouODl+ODreODvOODgS/lsYvlpJbnlKgv44Kk44Oz44OG44Oq44KiL+OCquODluOCuOOCpy/jga3jgZMv44GK44GX44KD44KML+OBi+OCj+OBhOOBhC/kuIrlk4Ev54yrIOmbkeiyqC/jgq7jg5Xjg4gv44OX44Os44K844Oz44OIL+aWsOeviSDjgYrnpZ3jgYQv6LSI44KK54mp,,PHA+PGltZyBzcmM9Imh0dHA6Ly93d3cucmFrdXRlbi5uZS5qcC9nb2xkL2tva291a2kvYXN1MzIwLTYzMF9zaC11bmRlci5naWYiIHdpZHRoPSIzMjAiIGhlaWdodD0iNjMwIiBib3JkZXI9IjAiPjxicj4KPGJyPgo8aW1nIHNyYz0iaHR0cDovL3d3dy5yYWt1dGVuLm5lLmpwL2dvbGQva29rb3VraS9hc3VyYWt1LWNsXzMyMC0yMzAuZ2lmIiB3aWR0aD0iMzIwIiBoZWlnaHQ9IjIzMCIgYm9yZGVyPSIwIj48L3A+PEJSPuOBiua0kuiQveOBquOCt+ODq+OCqOODg+ODiOODh+OCtuOCpOODs+OBruOCveODvOODqeODvOODqeOCpOODiOKZquOBiuW6reOChOOCouODl+ODreODvOODgeOBruOCpOODs+ODhuODquOCouOBq+OCguOBquOCiuOBvuOBmeOAgkxFROODqeOCpOODiO+8muOCpOOCqOODreODvOKXjzLljLnjga7njKvjgYzjgZ/jgo/jgoDjgozjgabjgYTjgovjgIHjgYrmtJLokL3jgarjgrnjgr/jg7Pjg4njgr/jgqTjg5fjgILpq5jjgZXjgIHntIQ4MWNt44Gn44CB5a2Y5Zyo5oSf44KC44GC44KK44G+44GZ44CC44K944O844Op44O844Op44Kk44OI44GMMuOBpOS7mOOBhOOBnzLnga/jgr/jgqTjg5fvvIHjgYrluq3jgoTnjoTplqLliY3jgIHjgqLjg5fjg63jg7zjg4HjgpLjgYrmtJLokL3jgavmvJTlh7rjgafjgY3jgb7jgZnjgILil4/jgrnjgr/jg7Pjg4njga7oirHlj7Dpg6jjgavjgIHou6LlgJLjgZfjgarjgYTjgojjgYbjgavph43jgorjgavjgarjgovpiaLjgpLnva7jgYTjgabjgZTkvb/nlKjjgY/jgaDjgZXjgYTjgILlronlrprmhJ/jgYzlopfjgZfjgb7jgZnjgZfjgIHjgojjgorjgYrmtJLokL3jgavjgIHlj6/mhJvjgY/po77jgovjgZPjgajjgYzjgafjgY3jgb7jgZnjgILil4/jgr3jg7zjg6njg7zjg5Hjg43jg6vjga/jg6njgqTjg4jpg6jjga7jgYvjgZXjgasx5p6a5LuY44GE44Gm44GE44G+44GZ44CC4peP5YWJ44K744Oz44K144O85LuY44GN44Gn44CB5pqX44GP44Gq44Gj44Gf44KJ6Ieq5YuV54K554Gv77yB5omL6ZaT44GE44KJ44Ga77yB54K554Gv44GX44Gm44Gq44GE5pel5Lit44Gn44KC44CB44GK5bqt44Gu5Y+v5oSb44GE44Kk44Oz44OG44Oq44Ki44Gr44Gq44KK44G+44GZ44CC4peP5aSq6Zm95YWJ5YWF6Zu75byP44Gq44Gu44Gn44CB6Zu75rCX5LujMOWGhu+8geKXj+OCs+ODvOODieODrOOCueOBquOBruOBp+OAgeioree9ruOChOWgtOaJgOWkieOBiOOCguaJi+i7veOBq+OBp+OBjeOBvuOBmeOAguKXj+mbqOOBjOOBguOBn+OBo+OBpuOCguWkp+S4iOWkq+OBqumYsumbqOS7leanmO+8geKXj+aWsOevieelneOBhOOChOiqleeUn+aXpeODl+ODrOOCvOODs+ODiOOBquOBqeOAgei0iOOCiueJqeOBq+OCguOBiuOBmeOBmeOCgeOBp+OBmeOAguKAu+acrOWTgUxFROODqeOCpOODiOOBr+OCpOOCqOODreODvOeQg+OCkuS9v+eUqOOBl+OBpuOBhOOBvuOBmeOAguODm+ODr+OCpOODiOeQg+OBqOavlOOBueOCi+OBqOWFieOBjOW8seOCgeOBp+OBmeOAguWFieOCkueFp+OCieOBmeOBqOOBhOOBhuOCiOOCiuOAgeOChOOBleOBl+OBj+eBr+OBmeaEn+OBmOOBp+OBmeOAglvllYblk4Hku5Xmp5hd4peP5ZWG5ZOB44K144Kk44K6L+e0hO+8mjQyMMOXMzAww5fpq5jjgZU4MTBtbS/jg6njgqTjg4jpg6jvvJrntIQx6L66MTI3w5fpq5jjgZUxNTDvvIjlkIrkuIvpg6jlkKvjgoDvvIltbS/mnKzkvZPlupXpnaLjga7luoPjgZXvvIjoirHlj7Dpg6jvvInvvJrntITjgIHnm7TlvoQyNzVtbeKXj+WVhuWTgemHjemHjy/ntITvvJoxLjVrZ+KXj+adkOizqi/mnKzkvZPvvJrjgqLjgqTjgqLjg7Poo73vvIjjgqjjg53jgq3jgrfnsonkvZPloZfoo4XvvIkv44Op44Kk44OI6YOo77yaQUJT5qi56ISC4peP6Zu75rqQL+eZuumbu+mDqO+8muOCveODvOODqeODvOODkeODjeODq++8iOWkqumZvembu+axoO+8iS/ok4Tpm7vpg6jvvJrlhYXpm7vlvI/ljZjkuInlnovpm7vmsaAx5pysw5cy44K744OD44OI4peP5YWJ5rqQL0xFROODqeOCpOODiO+8iOOCpOOCqOODreODvO+8ieKXj+eCueeBr+aZgumWky/mnIDplbfjgIHntIQ45pmC6ZaT77yI44OV44Or5YWF6Zu75pmC77yJ4oC76Kit572u5aC05omA44KE5aSp5YCZ44CB5a2j56+A44Gr44KI44KK55Ww44Gq44KK44G+44GZ44CC4peP5YWF6Zu75pmC6ZaTL+ODleODq+WFhembu+OBmeOCi+OBruOBq+W/heimgeOBquaXpeeFp+aZgumWk++8iOaZtOOCjOOBruWgtOWQiO+8ieacgOS9jjjmmYLplpPil4/pm7vmsaDlr7/lkb0v5YWF44O75pS+6Zu744CB57SENTAw5Zue77yI5biC6LKp44Gu5YWF6Zu75byP6Zu75rGg44Gu5aC05ZCI77yJ4oC75Yid5pyf44Gr5LuY5bGe44GV44KM44Gm44GE44KL44OG44K544OI6Zu75rGg44Gu5a+/5ZG944Gv44CB44GU5L2/55So6ZaL5aeL44GL44KJ57SEM+OBi+aciOOBp+OBmeOAguKAu+WFhembu+axoOOBruWvv+WRveOBjOOBpOOBjeOBvuOBl+OBn+OCieOAgeODm+ODvOODoOOCu+ODs+OCv+ODvOOChOWutumbu+mHj+iyqeW6l+etieOBp+OBlOizvOWFpeOBj+OBoOOBleOBhOOAguKXj+eUn+eUo+WbvS/kuK3lm73il4/lgpnogIMv44GK6LK35LiK5pmC44Gv5YWF6Zu744GV44KM44Gm44GK44KK44G+44Gb44KT44Gu44Gn44CB44K544Kk44OD44OB44KST07jgavjgZfjgabpoILjgY3jgIHlpKrpmb3lhYnjgafljYrml6XnqIvluqblhYXpm7vlvozjgIHjgZTkvb/nlKjjgY/jgaDjgZXjgYTjgIIv5pel5b2T44Gf44KK44Gu44KI44GE5aC05omA44Gr572u44GE44Gm5LiL44GV44GE44CC4peP44Gd44Gu5LuWL+euseWFpeOCiuOAguewoeaYk+e1hOeri+WTgeOAguKAu+acrOWTgeOBrzHjgaTjgZrjgaTmiYvkvZzmpa3jgafnlJ/nlKPjgZfjgabjgYTjgovjgZ/jgoHjgIHloZfoo4XjgoTlvaLnirbjgavlpJrlsJHjga7jgbDjgonjgaTjgY3jgYzjgYLjgorjgb7jgZnjgYzjgIHjgZPjgozjga/mnKzlk4Hjga7nibnlvrTjgajjgZfjgabjgZTnkIbop6PjgY/jgaDjgZXjgYTjgILigLvjgZPjgaHjgonjga7llYblk4Hjga7lnKjluqvjga/lsJHjgarjgoHjgavoqK3lrprjgZXjgozjgabjgYrjgorjgb7jgZnjga7jgafjgIHjgq7jg5Xjg4jnrYnjgafjgb7jgajjgb7jgaPjgZ/mlbDph4/jgpLjgZTluIzmnJvjga7jgYrlrqLmp5jjga/jgYrllY/lkIjjgo/jgZvjgY/jgaDjgZXjgYTjgILigLvlpKflnovlvaLnirbjga7jgZ/jgoHjgIHlvZPlupfjgafjg6njg4Pjg5Tjg7PjgrDjga/jgYrlj5fjgZHjgZfjgabjgYrjgorjgb7jgZvjgpPjgII8YnI+PHA+PGltZyBzcmM9Imh0dHA6Ly9pbWFnZS5yYWt1dGVuLmNvLmpwL2tva291a2kvY2FiaW5ldC8wMTUwNjgxMi9ub3NoaS0zMDctNjhfcC5naWYiIHdpZHRoPSIzMDUiIGhlaWdodD0iNjYiIGJvcmRlcj0iMCI+PC9wPjxicj48aW1nIHNyYz0iaHR0cDovL3d3dy5yYWt1dGVuLm5lLmpwL2dvbGQva29rb3VraS9zb25uYXRpa2kzMjAtOTUucG5nIiB3aWR0aD0iMzIwIiBoZWlnaHQ9Ijk1IiBib3JkZXI9IjAiPg==,44CQIOOCveODvOODqeODvOOCrOODvOODh+ODs+ODqeOCpOODiCDjg7sg6YCB5paZ54Sh5paZ44CR44K344Or44Ko44OD44OITEVE44K944O844Op44O844Op44Kk44OI44K544K/44Oz44OJIDLnga/lvI/vvIjjgq3jg6Pjg4Pjg4jvvInjgJDjgr3jg7zjg6njg7zjg6njgqTjg4gv44Kk44Ko44Ot44O8IExFRC/jgYrluq0v546E6Zai6aO+44KKL+OCouODl+ODreODvOODgS/lsYvlpJbnlKgv44Kk44Oz44OG44Oq44KiL+OCquODluOCuOOCpy/jga3jgZMv44GK44GX44KD44KML+OBi+OCj+OBhOOBhC/kuIrlk4Ev54yrIOmbkeiyqC/jgq7jg5Xjg4gv44OX44Os44K844Oz44OIL+aWsOeviSDjgYrnpZ3jgYQv6LSI44KK54mp77ya6ZuR6LKo5bGL44CA44Kz44Kz44Km44Kt,6YCa5L+h6LKp5aOy6YCa6LKp44K344On44OD44OU44Oz44Kw44Kq44Oz44Op44Kk44Oz44K344On44OD44OU44Oz44Kw6LK344GE54mp44OX44Os44K844Oz44OI44Ku44OV44OI6LSI44KK54mp6LSI562U5ZOB44GK5Lit5YWD44GK5q2z5pqu44GK6LK344GE5b6X552A44GQ44KL44G/5Luu6KOF6KGj6KOF44Kz44K544OB44Ol44O844Og5pel5pys6KO944OT44Ki44K/44Oz44OW44Op44O844K544OG44Oz44Os44K544Oc44OI44Or44OB44K/44Oz6KO944K/44Oz44OW44Op44O844K/44Oz44OW44Op44O844OV44Op44Kk44OR44Oz5YyF5LiB5qWt5YuZ55So6Kq/55CG5Zmo5YW344K/44Kk44Og44Kr44OX44K744Or6LKv6YeR566x44Kz44O844OS44O844OJ44Oq44OD44OX44Od44OD44OI44OT44Ki44Kw44Op44K544OU44O844K/44O844Op44OT44OD44OI44Oq44Op44OD44Kv44Oe44GP44G+44Gu44GM44Gj44GT44GG44Kv44Oq44K544Oe44K544OX44Os44K844Oz44OI44OX44Os44K844Oz44OI44Ku44OV44OI6LSI44KK54mp44Kz44Oq44Op44OD44Kv44Oe6aOf5qW95bel5oi/44OV44Kp44Oz44OH44Ol6Jek5qyh6YOO44OH44Kj44K644OL44O844GN44GQ44KL44G/44Ki44Km44OI44Os44OD44OI6YCB5paZ54Sh5paZ44K444Oj44OD44Kt44O85pac6Lev44K344Oj44Os44Ks44Oz5Ly944Og44CQIOOCveODvOODqeODvOOCrOODvOODh+ODs+ODqeOCpOODiCDjg7sg6YCB5paZ54Sh5paZ44CR44K344Or44Ko44OD44OITEVE44K944O844Op44O844Op44Kk44OI44K544K/44Oz44OJIDLnga/lvI/vvIjjgq3jg6Pjg4Pjg4jvvInjgJDjgr3jg7zjg6njg7zjg6njgqTjg4gv44Kk44Ko44Ot44O8IExFRC/jgYrluq0v546E6Zai6aO+44KKL+OCouODl+ODreODvOODgS/lsYvlpJbnlKgv44Kk44Oz44OG44Oq44KiL+OCquODluOCuOOCpy/jga3jgZMv44GK44GX44KD44KML+OBi+OCj+OBhOOBhC/kuIrlk4Ev54yrIOmbkeiyqC/jgq7jg5Xjg4gv44OX44Os44K844Oz44OIL+aWsOeviSDjgYrnpZ3jgYQv6LSI44KK54mp,44GV44KK44GS44Gq44GP5Y+v5oSb44GE44K344Or44Ko44OD44OI44K/44Kk44OX44GuIOOCveODvOODqeODvOODqeOCpOODiOOCueOCv+ODs+ODieOAguOAkCDjgr3jg7zjg6njg7zjgqzjg7zjg4fjg7Pjg6njgqTjg4gg44O7IOmAgeaWmeeEoeaWmeOAkeOCt+ODq+OCqOODg+ODiExFROOCveODvOODqeODvOODqeOCpOODiOOCueOCv+ODs+ODiSAy54Gv5byP77yI44Kt44Oj44OD44OI77yJ44CQ44K944O844Op44O844Op44Kk44OIL+OCpOOCqOODreODvCBMRUQv44GK5bqtL+eOhOmWoumjvuOCii/jgqLjg5fjg63jg7zjg4Ev5bGL5aSW55SoL+OCpOODs+ODhuODquOCoi/jgqrjg5bjgrjjgqcv44Gt44GTL+OBiuOBl+OCg+OCjC/jgYvjgo/jgYTjgYQv5LiK5ZOBL+eMqyDpm5Hosqgv44Ku44OV44OIL+ODl+ODrOOCvOODs+ODiC/mlrDnr4kg44GK56Wd44GEL+i0iOOCiueJqQ==[rn]
11-197563,aHR0cDovL3RzaG9wLnIxMHMuanAva29rb3VraS9jYWJpbmV0L2NoYXJhL2trcHA4MS0xLmpwZz9maXRpbj03MDA6NzAw,OTEyMC4wMDAw,,6Iqx44O744Ks44O844OH44Oz44O7RElZID4g44Ko44Kv44K544OG44Oq44Ki44O744Ks44O844OH44Oz44OV44Kh44OL44OB44Oj44O8ID4g44Op44Kk44OI44O744Kk44Or44Of44ON44O844K344On44OzID4g44Ks44O844OH44Oz44Op44Kk44OIIOODu+eBr+evrQ==,44CQIOOCveODvOODqeODvOOCrOODvOODh+ODs+ODqeOCpOODiCDjg7sg6YCB5paZ54Sh5paZIOOAkSDjg4Hjgqfjg6vjgrfjg7zjg6njg5Pjg4Pjg4ggTEVE44K944O844Op44O844Op44Kk44OIIO+8iOWkp++8ieOAkOOCpOOCqOODreODvCBMRUTjg6njgqTjg4gv44K944O844Op44O844Op44Kk44OIL+OBiuW6rS/njoTplqLpo77jgoov44Ki44OX44Ot44O844OBL+Wxi+WklueUqC/jgqTjg7Pjg4bjg6rjgqIv5YyX5qynL+OCquODluOCuOOCpy/jgqbjgrXjgq4v44GG44GV44GOL+OBiuOBl+OCg+OCjC/jgYvjgo/jgYTjgYQv5LiK5ZOBL+OCruODleODiC/mlrDnr4kg44GK56Wd44GEL+i0iOOCiueJqeOAkQ==,,PHA+PGltZyBzcmM9Imh0dHA6Ly93d3cucmFrdXRlbi5uZS5qcC9nb2xkL2tva291a2kvYXN1MzIwLTYzMF9zaC11bmRlci5naWYiIHdpZHRoPSIzMjAiIGhlaWdodD0iNjMwIiBib3JkZXI9IjAiPjxicj4KPGJyPgo8aW1nIHNyYz0iaHR0cDovL3d3dy5yYWt1dGVuLm5lLmpwL2dvbGQva29rb3VraS9hc3VyYWt1LWNsXzMyMC0yMzAuZ2lmIiB3aWR0aD0iMzIwIiBoZWlnaHQ9IjIzMCIgYm9yZGVyPSIwIj48L3A+PEJSPueOhOmWouOChOOCouODl+ODreODvOODgeOCkuOBiua0kuiQveOBq+a8lOWHuuKZqkxFROODqeOCpOODiO+8muOCpOOCqOODreODvOKXj+e9ruOBhOOBpuOBiuOBj+OBoOOBkeOBp+OAgeOBiuW6reOChOeOhOmWouWRqOOCiuOBruOCpOODs+ODhuODquOCouOBq+OCguOBquOCi+OAgeOCveODvOODqeODvOODqeOCpOODiOOBp+OBmeOAguOBu+OCk+OCj+OCiuOBqOeBr+OCiuOBjOeCueeBr+OBl+OBvuOBmeOAguKXj+acrOS9k+OBr+ODneODquODrOODs+OCuOijveOBp+OBmeOBjOOAgeimi+OBn+ebruOCguinpuOBo+OBn+aEn+OBmOOCguOAgeefs+miqOOBp+OBmeOAguKXj+mrmOOBlee0hDYyY23jgaflrZjlnKjmhJ/jga7jgYLjgovlpKfjgY3jgZXjgILnjoTplqLjgoTjgqLjg5fjg63jg7zjg4Hjgasg44GK44GZ44GZ44KB44Gn44GZ44CC6YeN44G/44KC44GC44KK44CB5a6J5a6a5oSf44GM44GC44KK44G+44GZ44CC77yI57SEMi4za2fvvInil4/lvozjgo3lgbTjga/jgIHjgYbjgZXjgY7jgYwy5Yy55Lim44KT44Gg5b6M44KN5ae/44Gu44Ov44Oz44Od44Kk44Oz44OI77yB6YeR44Gu44Kz44Kk44Oz77yI57SEM2Nt77yJ44KC44Gk44GE44Gm44CB44GK5rSS6JC944Gq5oSf44GY44Gn44GZ44CC4peP44K944O844Op44O844OR44ON44Or44Gv44Op44Kk44OI6YOo44Gu44GL44GV44GrNuaemuS7mOOBhOOBpuOBhOOBvuOBmeOAguKXj+WFieOCu+ODs+OCteODvOS7mOOBjeOBp+OAgeaal+OBj+OBquOBo+OBn+OCieiHquWLleeCueeBr++8geaJi+mWk+OBhOOCieOBmu+8geeCueeBr+OBl+OBpuOBquOBhOaXpeS4reOBp+OCguOAgeOBiua0kuiQveOBquOCpOODs+ODhuODquOCouOBq+OBquOCiuOBvuOBmeOAguKXj+WkqumZveWFieWFhembu+W8j+OBquOBruOBp+OAgembu+awl+S7ozDlhobvvIHil4/jgrPjg7zjg4njg6zjgrnjgarjga7jgafjgIHoqK3nva7jgoTloLTmiYDlpInjgYjjgoLmiYvou73jgavjgafjgY3jgb7jgZnjgILil4/pm6jjgYzjgYLjgZ/jgaPjgabjgoLlpKfkuIjlpKvjgarpmLLpm6jku5Xmp5jvvIEK4peP5paw56+J56Wd44GE44KE6KqV55Sf5pel44OX44Os44K844Oz44OI44Gq44Gp44CB6LSI44KK54mp44Gr44KC44GK44GZ44KB44Gn44GZ44CC4oC75pys5ZOBTEVE44Op44Kk44OI44Gv44Kk44Ko44Ot44O855CD44KS5L2/55So44GX44Gm44GE44G+44GZ44CC44Ob44Ov44Kk44OI55CD44Go5q+U44G544KL44Go5YWJ44GM5byx44KB44Gn44GZ44CC5YWJ44KS54Wn44KJ44GZ44Go44GE44GG44KI44KK44CB44KE44GV44GX44GP54Gv44GZ5oSf44GY44Gn44GZ44CCW+WVhuWTgeS7leanmF3il4/llYblk4HjgrXjgqTjgrov57SE77yaMjcww5cxNDDDl+mrmOOBlTYyMG1tL+ODqeOCpOODiOmDqO+8mue0hDE2NcOXMTkww5fpq5jjgZUyNTDvvIjlhYjnq6/pg6jlkKvjgoDvvIltbS/mnKzkvZPlupXpnaLjga7luoPjgZXvvJrntIQxMzDDlzEyNW1t4peP5ZWG5ZOB6YeN6YePL+e0hO+8mjIuM2tn4peP5p2Q6LOqL+acrOS9k++8muODneODquODrOODs+OCuC/jg6njgqTjg4jpg6jvvJpBQlPmqLnohILil4/pm7vmupAv55m66Zu76YOo77ya44K944O844Op44O844OR44ON44Or77yI5aSq6Zm96Zu75rGg77yJL+iThOmbu+mDqO+8muWFhembu+W8j+WNmOS4ieWei+mbu+axoDLmnKzil4/lhYnmupAvTEVE44Op44Kk44OI77yI44Kk44Ko44Ot44O877yJ4peP54K554Gv5pmC6ZaTL+acgOmVt+OAgee0hDEw5pmC6ZaT77yI44OV44Or5YWF6Zu75pmC77yJ4oC76Kit572u5aC05omA44KE5aSp5YCZ44CB5a2j56+A44Gr44KI44KK55Ww44Gq44KK44G+44GZ44CC4peP5YWF6Zu75pmC6ZaTL+ODleODq+WFhembu+OBmeOCi+OBruOBq+W/heimgeOBquaXpeeFp+aZgumWk++8iOaZtOOCjOOBruWgtOWQiO+8ieacgOS9jjjmmYLplpPil4/pm7vmsaDlr7/lkb0v5YWF44O75pS+6Zu744CB57SENTAw5Zue77yI5biC6LKp44Gu5YWF6Zu75byP6Zu75rGg44Gu5aC05ZCI77yJ4oC75Yid5pyf44Gr5LuY5bGe44GV44KM44Gm44GE44KL44OG44K544OI6Zu75rGg44Gu5a+/5ZG944Gv44CB44GU5L2/55So6ZaL5aeL44GL44KJ57SEM+OBi+aciOOBp+OBmeOAguKAu+WFhembu+axoOOBruWvv+WRveOBjOOBpOOBjeOBvuOBl+OBn+OCieOAgeODm+ODvOODoOOCu+ODs+OCv+ODvOOChOWutumbu+mHj+iyqeW6l+etieOBp+OBlOizvOWFpeOBj+OBoOOBleOBhOOAguKXj+eUn+eUo+WbvS/kuK3lm73il4/lgpnogIMv44GK6LK35LiK5pmC44Gv5YWF6Zu744GV44KM44Gm44GK44KK44G+44Gb44KT44Gu44Gn44CB44K544Kk44OD44OB44KST07jgavjgZfjgabpoILjgY3jgIHlpKrpmb3lhYnjgafljYrml6XnqIvluqblhYXpm7vlvozjgIHjgZTkvb/nlKjjgY/jgaDjgZXjgYTjgIIv5pel5b2T44Gf44KK44Gu44KI44GE5aC05omA44Gr572u44GE44Gm5LiL44GV44GE44CC4peP44Gd44Gu5LuWL+euseWFpeOCiuKAu+WGmeecn+OBqOWVhuWTgeOBp+iJsuWQiOOBhOOBjOWkmuWwkemBleOBhuWgtOWQiOOBjOOBlOOBluOBhOOBvuOBmeOAguKAu+acrOWTgeOBr++8keOBk+OBmuOBpOaJi+S9nOalreOBp+eUn+eUo+OBl+OBpuOBhOOCi+OBn+OCgeWhl+ijheOBq+OBsOOCieOBpOOBjeOBjOOBguOCiuOBvuOBmeOBjOOAgeOBk+OCjOOBr+acrOWTgeOBrueJueaAp+OBqOOBl+OBpuOBlOeQhuino+OBj+OBoOOBleOBhOOAguKAu+OBk+OBoeOCieOBruWVhuWTgeOBruWcqOW6q+OBr+WwkeOBquOCgeOBq+ioreWumuOBleOCjOOBpuOBiuOCiuOBvuOBmeOBruOBp+OAgeOCruODleODiOetieOBp+OBvuOBqOOBvuOBo+OBn+aVsOmHj+OCkuOBlOW4jOacm+OBruOBiuWuouanmOOBr+OBiuWVj+WQiOOCj+OBm+OBj+OBoOOBleOBhOOAguKAu+Wkp+Wei+W9oueKtuOBruOBn+OCgeOAgeODqeODg+ODlOODs+OCsOOBr+OBiuWPl+OBkeOBl+OBpuOBiuOCiuOBvuOBm+OCk+OAgjxicj48cD48aW1nIHNyYz0iaHR0cDovL2ltYWdlLnJha3V0ZW4uY28uanAva29rb3VraS9jYWJpbmV0LzAxNTA2ODEyL25vc2hpLTMwNy02OF9wLmdpZiIgd2lkdGg9IjMwNSIgaGVpZ2h0PSI2NiIgYm9yZGVyPSIwIj48L3A+PGJyPjxpbWcgc3JjPSJodHRwOi8vd3d3LnJha3V0ZW4ubmUuanAvZ29sZC9rb2tvdWtpL3Nvbm5hdGlraTMyMC05NS5wbmciIHdpZHRoPSIzMjAiIGhlaWdodD0iOTUiIGJvcmRlcj0iMCI+,44CQIOOCveODvOODqeODvOOCrOODvOODh+ODs+ODqeOCpOODiCDjg7sg6YCB5paZ54Sh5paZIOOAkSDjg4Hjgqfjg6vjgrfjg7zjg6njg5Pjg4Pjg4ggTEVE44K944O844Op44O844Op44Kk44OIIO+8iOWkp++8ieOAkOOCpOOCqOODreODvCBMRUTjg6njgqTjg4gv44K944O844Op44O844Op44Kk44OIL+OBiuW6rS/njoTplqLpo77jgoov44Ki44OX44Ot44O844OBL+Wxi+WklueUqC/jgqTjg7Pjg4bjg6rjgqIv5YyX5qynL+OCquODluOCuOOCpy/jgqbjgrXjgq4v44GG44GV44GOL+OBiuOBl+OCg+OCjC/jgYvjgo/jgYTjgYQv5LiK5ZOBL+OCruODleODiC/mlrDnr4kg44GK56Wd44GEL+i0iOOCiueJqeOAke+8mumbkeiyqOWxi+OAgOOCs+OCs+OCpuOCrQ==,6YCa5L+h6LKp5aOy6YCa6LKp44K344On44OD44OU44Oz44Kw44Kq44Oz44Op44Kk44Oz44K344On44OD44OU44Oz44Kw6LK344GE54mp44OX44Os44K844Oz44OI44Ku44OV44OI6LSI44KK54mp6LSI562U5ZOB44GK5Lit5YWD44GK5q2z5pqu44GK6LK344GE5b6X552A44GQ44KL44G/5Luu6KOF6KGj6KOF44Kz44K544OB44Ol44O844Og5pel5pys6KO944OT44Ki44K/44Oz44OW44Op44O844K544OG44Oz44Os44K544Oc44OI44Or44OB44K/44Oz6KO944K/44Oz44OW44Op44O844K/44Oz44OW44Op44O844OV44Op44Kk44OR44Oz5YyF5LiB5qWt5YuZ55So6Kq/55CG5Zmo5YW344K/44Kk44Og44Kr44OX44K744Or6LKv6YeR566x44Kz44O844OS44O844OJ44Oq44OD44OX44Od44OD44OI44OT44Ki44Kw44Op44K544OU44O844K/44O844Op44OT44OD44OI44Oq44Op44OD44Kv44Oe44GP44G+44Gu44GM44Gj44GT44GG44Kv44Oq44K544Oe44K544OX44Os44K844Oz44OI44OX44Os44K844Oz44OI44Ku44OV44OI6LSI44KK54mp44Kz44Oq44Op44OD44Kv44Oe6aOf5qW95bel5oi/44OV44Kp44Oz44OH44Ol6Jek5qyh6YOO44OH44Kj44K644OL44O844GN44GQ44KL44G/44Ki44Km44OI44Os44OD44OI6YCB5paZ54Sh5paZ44K444Oj44OD44Kt44O85pac6Lev44K344Oj44Os44Ks44Oz5Ly944Og44CQIOOCveODvOODqeODvOOCrOODvOODh+ODs+ODqeOCpOODiCDjg7sg6YCB5paZ54Sh5paZIOOAkSDjg4Hjgqfjg6vjgrfjg7zjg6njg5Pjg4Pjg4ggTEVE44K944O844Op44O844Op44Kk44OIIO+8iOWkp++8ieOAkOOCpOOCqOODreODvCBMRUTjg6njgqTjg4gv44K944O844Op44O844Op44Kk44OIL+OBiuW6rS/njoTplqLpo77jgoov44Ki44OX44Ot44O844OBL+Wxi+WklueUqC/jgqTjg7Pjg4bjg6rjgqIv5YyX5qynL+OCquODluOCuOOCpy/jgqbjgrXjgq4v44GG44GV44GOL+OBiuOBl+OCg+OCjC/jgYvjgo/jgYTjgYQv5LiK5ZOBL+OCruODleODiC/mlrDnr4kg44GK56Wd44GEL+i0iOOCiueJqeOAkQ==,44GK5bqt44KEIOOCouODl+ODreODvOODgeOBruOCpOODs+ODhuODquOCouOBq+OCguOBquOCiyBMRUTjgr3jg7zjg6njg7zjg6njgqTjg4jjgILjgILjgJAg44K944O844Op44O844Ks44O844OH44Oz44Op44Kk44OIIOODuyDpgIHmlpnnhKHmlpkg44CRIOODgeOCp+ODq+OCt+ODvOODqeODk+ODg+ODiCBMRUTjgr3jg7zjg6njg7zjg6njgqTjg4gg77yI5aSn77yJ44CQ44Kk44Ko44Ot44O8IExFROODqeOCpOODiC/jgr3jg7zjg6njg7zjg6njgqTjg4gv44GK5bqtL+eOhOmWoumjvuOCii/jgqLjg5fjg63jg7zjg4Ev5bGL5aSW55SoL+OCpOODs+ODhuODquOCoi/ljJfmrKcv44Kq44OW44K444KnL+OCpuOCteOCri/jgYbjgZXjgY4v44GK44GX44KD44KML+OBi+OCj+OBhOOBhC/kuIrlk4Ev44Ku44OV44OIL+aWsOeviSDjgYrnpZ3jgYQv6LSI44KK54mp44CR[rn]
11-197564,aHR0cDovL3RzaG9wLnIxMHMuanAva29rb3VraS9jYWJpbmV0L2NoYXJhL2t1cmEtMDQzMi5qcGc/Zml0aW49NzAwOjcwMA==,MTM2MDAuMDAwMA==,,6Iqx44O744Ks44O844OH44Oz44O7RElZID4g44Ko44Kv44K544OG44Oq44Ki44O744Ks44O844OH44Oz44OV44Kh44OL44OB44Oj44O8ID4g44Op44Kk44OI44O744Kk44Or44Of44ON44O844K344On44OzID4g44Ks44O844OH44Oz44Op44Kk44OIIOODu+eBr+evrQ==,44K944O844Op44O844Ks44O844OH44Oz44Op44Kk44OIIOmAgeaWmeeEoeaWmSDjg4njg4rjg6vjg4njg4Djg4Pjgq8gTEVE44K944O844Op44O844Op44Kk44OIIExFROODqeOCpOODiCDvvJrjg5vjg6/jgqTjg4gg44CQ44OH44Kj44K644OL44O8IOOCreODo+ODqeOCr+OCv+ODvCDjgrDjg4Pjgrog44K944O844Op44O844Op44Kk44OIIOOBi+OCj+OBhOOBhCDluq0g546E6Zai5YmNIOOCouODl+ODreODvOODgSDlsYvlpJbnlKgg44Kk44Oz44OG44Oq44KiIOOCquODluOCuOOCpyDjg4njg4rjg6vjg4kg6ZuR6LKoIOe9rueJqSDjgYrjgZfjgoPjgowg6LSI44KK54mpIOOCruODleODiCDjgYLjgZnmpb3lr77lv5w=,,PHA+PGltZyBzcmM9Imh0dHA6Ly93d3cucmFrdXRlbi5uZS5qcC9nb2xkL2tva291a2kvYXN1MzIwLTYzMF9zaC11bmRlci5naWYiIHdpZHRoPSIzMjAiIGhlaWdodD0iNjMwIiBib3JkZXI9IjAiPjxicj4KPGJyPgo8aW1nIHNyYz0iaHR0cDovL3d3dy5yYWt1dGVuLm5lLmpwL2dvbGQva29rb3VraS9hc3VyYWt1LWNsXzMyMC0yMzAuZ2lmIiB3aWR0aD0iMzIwIiBoZWlnaHQ9IjIzMCIgYm9yZGVyPSIwIj48L3A+PEJSPgoKPGZvbnQgY29sb3I9IiMwMDk5ZmYiPjxiPuODieODiuODq+ODieOBjOOCs+ODn+OCq+ODq+ODneODvOOCuuOBp+OBiuWHuui/juOBiOOAgjwvYj48L2ZvbnQ+CjxCUj48Rk9OVCBjb2xvcj0jOTk5OTAwPi0gLSAtIC0gLSAtIC0gLSAtIC0gLSAtPC9GT05UPgo8QlI+TEVE44Op44Kk44OI77ya44Ob44Ov44Kk44OICjxCUj48Rk9OVCBjb2xvcj0jOTk5OTAwPi0gLSAtIC0gLSAtIC0gLSAtIC0gLSAtPC9GT05UPgo8QlI+PEZPTlQgY29sb3I9IzMzMDAwMD7jgr3jg7zjg6njg7zjg6njgqTjg4g8L0ZPTlQ+CjxCUj7il4/msJfliIbjgoLmpb3jgZfjgY/jgarjgorjgZ3jgYbjgarjgIHlhYPmsJfjgarjg4njg4rjg6vjg4njg4Djg4Pjgq/jga7jgr3jg7zjg6njg7zjg6njgqTjg4jjgafjgZnjgILjgqvjg5Djg7Pjga7kuK3jgavjga88Zm9udCBjb2xvcj0iIzk5MDAwMCI+PGI+44OB44OD44OXPC9iPjwvZm9udD7jgag8Zm9udCBjb2xvcj0iI2NjOTkwMCI+PGI+44OH44O844OrPC9iPjwvZm9udD7jgoLkuIDnt5LjgafjgZnimaoKPEJSPuKXj+e9ruOBhOOBpuOBiuOBj+OBoOOBkeOBp+OAgeOBiuW6reOChOeOhOmWouWRqOOCiuOBruOCpOODs+ODhuODquOCouOBq+OCguOBquOCi+OCveODvOODqeODvOODqeOCpOODiOOBp+OBmeOAggo8QlI+4peP44K944O844Op44O844OR44ON44Or44Gv44Op44Kk44OI6YOo44Gu44GL44GV44GrNuaemuS7mOOBhOOBpuOBhOOBvuOBmeOAggo8QlI+4pePPEZPTlQgY29sb3I9I2ZmNjYwMD48Qj7lhYnjgrvjg7PjgrXjg7zku5jjgY08L0I+PC9GT05UPuOBp+OAgeaal+OBj+OBquOBo+OBn+OCiTxGT05UIGNvbG9yPSNmZjY2MDA+PEI+6Ieq5YuV54K554GvPC9CPjwvRk9OVD7vvIHmiYvplpPjgYTjgonjgZrvvIHngrnnga/jgZfjgabjgarjgYTml6XkuK3jgafjgoLjgIHjgYrmtJLokL3jgarjgqTjg7Pjg4bjg6rjgqLjgavjgarjgorjgb7jgZnjgIIgCjxCUj7il4/lpKrpmb3lhYnlhYXpm7vlvI/jgarjga7jgafjgIE8Rk9OVCBjb2xvcj0jZmY2NjAwPjxCPumbu+awl+S7ozDlhoY8L0I+PC9GT05UPu+8gQo8QlI+4pePPEZPTlQgY29sb3I9I2ZmNjYwMD48Qj7jgrPjg7zjg4njg6zjgrk8L0I+PC9GT05UPuOBquOBruOBp+OAgeioree9ruOChOWgtOaJgOWkieOBiOOCguaJi+i7veOBq+OBp+OBjeOBvuOBmeOAggo8QlI+4peP6Zuo44GM44GC44Gf44Gj44Gm44KC5aSn5LiI5aSr44GqPEZPTlQgY29sb3I9I2ZmNjYwMD48Qj7pmLLpm6jku5Xmp5g8L0I+PC9GT05UPu+8gQo8QlI+4oC76aKo44Gu5by344GE5pmC44Gv44CB5YCS44KM44Gq44GE44KI44GG6YCA6YG/44GV44Gb44Gm5LiL44GV44GE44CCIAo8QlI+4peP5paw56+J56Wd44GE44KE6KqV55Sf5pel44OX44Os44K844Oz44OI44Gq44Gp44CB6LSI44KK54mp44Gr44KC44GK44GZ44GZ44KB44Gn44GZ44CCCjxCUj5b5ZWG5ZOB5LuV5qeYXSAKPEJSPuKXj+WVhuWTgeOCteOCpOOCuijntIQpL+aoquW5hTMxMMOXMTc1w5fpq5jjgZU2ODBtbe+8iOODqeOCpOODiOWQq+OCgO+8iS/jg6njgqTjg4jpg6jvvJrntIQxNjXDlzE5MMOX6auY44GVMjUw77yI5YWI56uv6YOo5ZCr44KA77yJbW0gL+acrOS9k+W6lemdouOBruW6g+OBle+8mue0hDI5MsOXMTYybW0KPEJSPuKXj+WVhuWTgemHjemHjy/ntITvvJo0LjFrZwo8QlI+4peP5p2Q6LOqL+acrOS9k++8muODneODquODrOODs+OCuO+8iOODqeODg+OCq+ODvOWhl+ijhe+8iS/jg6njgqTjg4jpg6jvvJpBQlPmqLnohIIKPEJSPuKXj+mbu+a6kC/nmbrpm7vpg6jvvJrjgr3jg7zjg6njg7zjg5Hjg43jg6vvvIjlpKrpmb3pm7vmsaDvvIkv6JOE6Zu76YOo77ya5YWF6Zu75byP5Y2YNOWei+mbu+axoDLmnKwgCjxCUj7il4/lhYnmupAvTEVE44Op44Kk44OI77yI44Ob44Ov44Kk44OI77yJCjxCUj7il4/ngrnnga/mmYLplpMv5pyA6ZW344CB57SEMTDmmYLplpPvvIjjg5Xjg6vlhYXpm7vmmYLvvInigLvoqK3nva7loLTmiYDjgoTlpKnlgJnjgIHlraPnr4DjgavjgojjgornlbDjgarjgorjgb7jgZnjgIIgCjxCUj7il4/lhYXpm7vmmYLplpMv44OV44Or5YWF6Zu744GZ44KL44Gu44Gr5b+F6KaB44Gq5pel54Wn5pmC6ZaT77yI5pm044KM44Gu5aC05ZCI77yJ5pyA5L2OOOaZgumWkwo8QlI+4peP6Zu75rGg5a+/5ZG9L+WFheODu+aUvumbu+OAgee0hDUwMOWbniAKPEJSPuKAu+WIneacn+OBq+S7mOWxnuOBleOCjOOBpuOBhOOCi+ODhuOCueODiOmbu+axoOOBruWvv+WRveOBr+OAgeOBlOS9v+eUqOmWi+Wni+OBi+OCiee0hDPjgYvmnIjjgafjgZnjgIIgCjxCUj7igLvlhYXpm7vmsaDjga7lr7/lkb3jgYzjgaTjgY3jgb7jgZfjgZ/jgonjgIHjg5vjg7zjg6Djgrvjg7Pjgr/jg7zjgoTlrrbpm7vph4/osqnlupfnrYnjgafjgZTos7zlhaXjgY/jgaDjgZXjgYTjgIIKPEJSPuKXj+eUn+eUo+WbvS/kuK3lm70gCjxCUj7il4/lgpnogIMv44GK6LK35LiK5pmC44Gv5YWF6Zu744GV44KM44Gm44GK44KK44G+44Gb44KT44Gu44Gn44CB44K544Kk44OD44OB44KST07jgavjgZfjgabpoILjgY3jgIHlpKrpmb3lhYnjgaflpI/lraMy5pel6ZaT44CB5Yas5a2jNOaXpemWk+OCkuebruWuieOBq+OAgeWIneacn+WFhembu+OCkuihjOOBo+OBpuS4i+OBleOBhOOAgi/ml6XlvZPjgZ/jgorjga7jgojjgYTloLTmiYDjgavnva7jgYTjgabkuIvjgZXjgYTjgIIKPEJSPuKXj+OBneOBruS7li/nrrHlhaXjgooKPEJSPuKAu+WGmeecn+OBqOWVhuWTgeOBp+iJsuWQiOOBhOOBjOWkmuWwkemBleOBhuWgtOWQiOOBjOOBlOOBluOBhOOBvuOBmeOAgiAKPEJSPuKAu+acrOWTgeOBr++8keOBk+OBmuOBpOaJi+S9nOalreOBp+eUn+eUo+OBl+OBpuOBhOOCi+OBn+OCgeWhl+ijheOBq+OBsOOCieOBpOOBjeOBjOOBguOCiuOBvuOBmeOBjOOAgeOBk+OCjOOBr+acrOWTgeOBrueJueaAp+OBqOOBl+OBpuOBlOeQhuino+OBj+OBoOOBleOBhOOAgiAKPEJSPuKAu+OBk+OBoeOCieOBruWVhuWTgeOBr+Wkp+Wei+WVhuWTgeOBruOBn+OCgeOAgeODqeODg+ODlOODs+OCsOOBr+OBiuWPl+OBkeOBl+OBpuOBiuOCiuOBvuOBm+OCk+OAggogCjxicj48cD48aW1nIHNyYz0iaHR0cDovL2ltYWdlLnJha3V0ZW4uY28uanAva29rb3VraS9jYWJpbmV0LzAxNTA2ODEyL25vc2hpLTMwNy02OF9wLmdpZiIgd2lkdGg9IjMwNSIgaGVpZ2h0PSI2NiIgYm9yZGVyPSIwIj48L3A+Cgo8YnI+PGltZyBzcmM9Imh0dHA6Ly93d3cucmFrdXRlbi5uZS5qcC9nb2xkL2tva291a2kvc29ubmF0aWtpMzIwLTk1LnBuZyIgd2lkdGg9IjMyMCIgaGVpZ2h0PSI5NSIgYm9yZGVyPSIwIj4=,44K944O844Op44O844Ks44O844OH44Oz44Op44Kk44OIIOmAgeaWmeeEoeaWmSDjg4njg4rjg6vjg4njg4Djg4Pjgq8gTEVE44K944O844Op44O844Op44Kk44OIIExFROODqeOCpOODiCDvvJrjg5vjg6/jgqTjg4gg44CQ44OH44Kj44K644OL44O8IOOCreODo+ODqeOCr+OCv+ODvCDjgrDjg4Pjgrog44K944O844Op44O844Op44Kk44OIIOOBi+OCj+OBhOOBhCDluq0g546E6Zai5YmNIOOCouODl+ODreODvOODgSDlsYvlpJbnlKgg44Kk44Oz44OG44Oq44KiIOOCquODluOCuOOCpyDjg4njg4rjg6vjg4kg6ZuR6LKoIOe9rueJqSDjgYrjgZfjgoPjgowg6LSI44KK54mpIOOCruODleODiCDjgYLjgZnmpb3lr77lv5zvvJrpm5HosqjlsYvjgIDjgrPjgrPjgqbjgq0=,6YCa5L+h6LKp5aOy6YCa6LKp44K344On44OD44OU44Oz44Kw44Kq44Oz44Op44Kk44Oz44K344On44OD44OU44Oz44Kw6LK344GE54mp44OX44Os44K844Oz44OI44Ku44OV44OI6LSI44KK54mp6LSI562U5ZOB44GK5Lit5YWD44GK5q2z5pqu44GK6LK344GE5b6X552A44GQ44KL44G/5Luu6KOF6KGj6KOF44Kz44K544OB44Ol44O844Og5pel5pys6KO944OT44Ki44K/44Oz44OW44Op44O844K544OG44Oz44Os44K544Oc44OI44Or44OB44K/44Oz6KO944K/44Oz44OW44Op44O844K/44Oz44OW44Op44O844OV44Op44Kk44OR44Oz5YyF5LiB5qWt5YuZ55So6Kq/55CG5Zmo5YW344K/44Kk44Og44Kr44OX44K744Or6LKv6YeR566x44Kz44O844OS44O844OJ44Oq44OD44OX44Od44OD44OI44OT44Ki44Kw44Op44K544OU44O844K/44O844Op44OT44OD44OI44Oq44Op44OD44Kv44Oe44GP44G+44Gu44GM44Gj44GT44GG44Kv44Oq44K544Oe44K544OX44Os44K844Oz44OI44OX44Os44K844Oz44OI44Ku44OV44OI6LSI44KK54mp44Kz44Oq44Op44OD44Kv44Oe6aOf5qW95bel5oi/44OV44Kp44Oz44OH44Ol6Jek5qyh6YOO44OH44Kj44K644OL44O844GN44GQ44KL44G/44Ki44Km44OI44Os44OD44OI6YCB5paZ54Sh5paZ44K444Oj44OD44Kt44O85pac6Lev44K344Oj44Os44Ks44Oz5Ly944Og44K944O844Op44O844Ks44O844OH44Oz44Op44Kk44OIIOmAgeaWmeeEoeaWmSDjg4njg4rjg6vjg4njg4Djg4Pjgq8gTEVE44K944O844Op44O844Op44Kk44OIIExFROODqeOCpOODiCDvvJrjg5vjg6/jgqTjg4gg44CQ44OH44Kj44K644OL44O8IOOCreODo+ODqeOCr+OCv+ODvCDjgrDjg4Pjgrog44K944O844Op44O844Op44Kk44OIIOOBi+OCj+OBhOOBhCDluq0g546E6Zai5YmNIOOCouODl+ODreODvOODgSDlsYvlpJbnlKgg44Kk44Oz44OG44Oq44KiIOOCquODluOCuOOCpyDjg4njg4rjg6vjg4kg6ZuR6LKoIOe9rueJqSDjgYrjgZfjgoPjgowg6LSI44KK54mpIOOCruODleODiCDjgYLjgZnmpb3lr77lv5w=,5YWD5rCX44Gq44OJ44OK44Or44OJ44OA44OD44Kv44GM44GK5Ye66L+O44GI4pmqIOODgeODg+ODl+OBqOODh+ODvOODq+OCguS4gOe3kuOBp+OBmeKZquOAguOCveODvOODqeODvOOCrOODvOODh+ODs+ODqeOCpOODiCDpgIHmlpnnhKHmlpkg44OJ44OK44Or44OJ44OA44OD44KvIExFROOCveODvOODqeODvOODqeOCpOODiCBMRUTjg6njgqTjg4gg77ya44Ob44Ov44Kk44OIIOOAkOODh+OCo+OCuuODi+ODvCDjgq3jg6Pjg6njgq/jgr/jg7wg44Kw44OD44K6IOOCveODvOODqeODvOODqeOCpOODiCDjgYvjgo/jgYTjgYQg5bqtIOeOhOmWouWJjSDjgqLjg5fjg63jg7zjg4Eg5bGL5aSW55SoIOOCpOODs+ODhuODquOCoiDjgqrjg5bjgrjjgqcg44OJ44OK44Or44OJIOmbkeiyqCDnva7niakg44GK44GX44KD44KMIOi0iOOCiueJqSDjgq7jg5Xjg4gg44GC44GZ5qW95a++5b+c[rn]
11-197565,aHR0cDovL3RzaG9wLnIxMHMuanAva29rb3VraS9jYWJpbmV0L2NoYXJhL2t1cmEtMDM4My5qcGc/Zml0aW49NzAwOjcwMA==,NjEyMC4wMDAw,,6Iqx44O744Ks44O844OH44Oz44O7RElZID4g44Ko44Kv44K544OG44Oq44Ki44O744Ks44O844OH44Oz44OV44Kh44OL44OB44Oj44O8ID4g44Op44Kk44OI44O744Kk44Or44Of44ON44O844K344On44OzID4g44Ks44O844OH44Oz44Op44Kk44OIIOODu+eBr+evrQ==,44K944O844Op44O844Ks44O844OH44Oz44Op44Kk44OIIOOBteOBj+OCjeOBhiBMRUTjgr3jg7zjg6njg7zjg6njgqTjg4ggTEVE44Op44Kk44OI77ya44Ob44Ov44Kk44OIIOOAkOOCveODvOODqeODvOODqeOCpOODiCDjgYrluq0g546E6Zai5YmNIOOCouODl+ODreODvOODgSDlsYvlpJbnlKgg5YyX5qynIOOCpOODs+ODhuODquOCoiDjgqrjg5bjgrjjgqcg44OV44Kv44Ot44KmIOainyDjgqrjgqbjg6sg5YuV54mpIOOBiuOBl+OCg+OCjCDjgYvjgo/jgYTjgYQg44GK56Wd44GEIOaWsOevieelneOBhCDotIjjgorniakg44Ku44OV44OIIOODl+ODrOOCvOODs+ODiCDjgYLjgZnmpb3lr77lv5zjgJE=,,PHA+PGltZyBzcmM9Imh0dHA6Ly93d3cucmFrdXRlbi5uZS5qcC9nb2xkL2tva291a2kvYXN1MzIwLTYzMF9zaC11bmRlci5naWYiIHdpZHRoPSIzMjAiIGhlaWdodD0iNjMwIiBib3JkZXI9IjAiPjxicj4KPGJyPgo8aW1nIHNyYz0iaHR0cDovL3d3dy5yYWt1dGVuLm5lLmpwL2dvbGQva29rb3VraS9hc3VyYWt1LWNsXzMyMC0yMzAuZ2lmIiB3aWR0aD0iMzIwIiBoZWlnaHQ9IjIzMCIgYm9yZGVyPSIwIj48L3A+PEJSPgoKPGZvbnQgY29sb3I9IiNjYzMzMDAiPjxiPuOBi+OCj+OBhOOBhOODleOCr+ODreOCpuOBjOeOhOmWouOBp+OBiuWHuui/juOBiOOAgjwvYj48L2ZvbnQ+Cjxicj48Zm9udCBjb2xvcj0iIzk5OTkwMCI+LSAtIC0gLSAtIC0gLSAtIC0gLSAtIC0gLSAtIC0gLSAtIC0gLSAtPC9mb250Pgo8QlI+TEVE44Op44Kk44OI77ya44Ob44Ov44Kk44OICjxCUj48Zm9udCBjb2xvcj0iIzk5OTkwMCI+LSAtIC0gLSAtIC0gLSAtIC0gLSAtIC0gLSAtIC0gLSAtIC0gLSAtPC9mb250Pgo8QlI+PGZvbnQgY29sb3I9IiMzMzAwMDAiPuOCveODvOODqeODvOODqeOCpOODiDwvZm9udD4KPGJyPuKXj+W5uOemj+OCkuWRvOOBtumzpeOAgeefpeaBteOBruixoeW+tOOBquOBqeOBqOOBl+OBpuOCguefpeOCieOCjOOBpuOBhOOCi+ODleOCr+ODreOCpuOAgueOhOmWouOBi+OCieiJr+OBhOmBi+awl+OBjOioquOCjOOBneOBhuOBquOCt+ODquODvOOCuuOBp+OBmeOAggo8YnI+4peP572u44GE44Gm44GK44GP44Gg44GR44Gn44CB44GK5bqt44KE546E6Zai5ZGo44KK44Gu44Kk44Oz44OG44Oq44Ki44Gr44KC44Gq44KL44K944O844Op44O844Op44Kk44OI44Gn44GZ44CCCjxCUj7il4/jgr3jg7zjg6njg7zjg5Hjg43jg6vjga/jg6njgqTjg4jpg6jjga7jgYvjgZXjgas25p6a5LuY44GE44Gm44GE44G+44GZ44CCCjxCUj7il488Rk9OVCBjb2xvcj0jZmY2NjAwPjxCPuWFieOCu+ODs+OCteODvOS7mOOBjTwvQj48L0ZPTlQ+44Gn44CB5pqX44GP44Gq44Gj44Gf44KJPEZPTlQgY29sb3I9I2ZmNjYwMD48Qj7oh6rli5Xngrnnga88L0I+PC9GT05UPu+8geaJi+mWk+OBhOOCieOBmu+8geeCueeBr+OBl+OBpuOBquOBhOaXpeS4reOBp+OCguOAgeOBiua0kuiQveOBquOCpOODs+ODhuODquOCouOBq+OBquOCiuOBvuOBmeOAggo8QlI+4peP5aSq6Zm95YWJ5YWF6Zu75byP44Gq44Gu44Gn44CBPEZPTlQgY29sb3I9I2ZmNjYwMD48Qj7pm7vmsJfku6Mw5YaGPC9CPjwvRk9OVD7vvIEKPEJSPuKXjzxGT05UIGNvbG9yPSNmZjY2MDA+PEI+44Kz44O844OJ44Os44K5PC9CPjwvRk9OVD7jgarjga7jgafjgIHoqK3nva7jgoTloLTmiYDlpInjgYjjgoLmiYvou73jgavjgafjgY3jgb7jgZnjgIIKPEJSPuKXj+mbqOOBjOOBguOBn+OBo+OBpuOCguWkp+S4iOWkq+OBqjxGT05UIGNvbG9yPSNmZjY2MDA+PEI+6Ziy6Zuo5LuV5qeYPC9CPjwvRk9OVD7vvIEKPEJSPuKXj+aWsOevieelneOBhOOChOiqleeUn+aXpeODl+ODrOOCvOODs+ODiOOBquOBqeOAgei0iOOCiueJqeOBq+OCguOBiuOBmeOBmeOCgeOBp+OBmeOAggo8QlI+W+WVhuWTgeS7leanmF0KPEJSPuKXj+WVhuWTgeOCteOCpOOCuijntIQpL+aoquW5hTI0MMOXMTcww5fpq5jjgZUzMzBtbS/jg6njgqTjg4jpg6jvvJrntIQxNjXDlzE5MMOX6auY44GVMjUw77yI5YWI56uv6YOo5ZCr44KA77yJbW0v5pys5L2T5bqV6Z2i44Gu5bqD44GV77ya57SEODXDlzE4OG1tCjxCUj7il4/llYblk4Hph43ph48v57SE77yaMS41a2cKPEJSPuKXj+adkOizqi/mnKzkvZPvvJrjg53jg6rjg6zjg7PjgrjvvIjjg6njg4Pjgqvjg7zloZfoo4XvvIkv44Op44Kk44OI6YOo77yaQUJT5qi56ISCCjxCUj7il4/pm7vmupAv55m66Zu76YOo77ya44K944O844Op44O844OR44ON44Or77yI5aSq6Zm96Zu75rGg77yJL+iThOmbu+mDqO+8muWFhembu+W8j+ODi+ODg+OCseODq+awtOe0oOmbu+axoDLmnKwKPEJSPuKXj+WFiea6kC9MRUTjg6njgqTjg4jvvIjjg5vjg6/jgqTjg4jvvIkKPEJSPuKXj+eCueeBr+aZgumWky/mnIDplbfjgIHntIQ0772eNeaZgumWk++8iOODleODq+WFhembu+aZgu+8ieKAu+ioree9ruWgtOaJgOOChOWkqeWAmeOAgeWto+evgOOBq+OCiOOCiueVsOOBquOCiuOBvuOBmeOAggo8QlI+4peP5YWF6Zu75pmC6ZaTL+ODleODq+WFhembu+OBmeOCi+OBruOBq+W/heimgeOBquaXpeeFp+aZgumWk++8iOaZtOOCjOOBruWgtOWQiO+8ieacgOS9jjjmmYLplpMKPEJSPuKXj+mbu+axoOWvv+WRvS/lhYXjg7vmlL7pm7vjgIHntIQxMjDlm54KPEJSPuKAu+WIneacn+OBq+S7mOWxnuOBleOCjOOBpuOBhOOCi+ODhuOCueODiOmbu+axoOOBruWvv+WRveOBr+OAgeOBlOS9v+eUqOmWi+Wni+OBi+OCiee0hDPjgYvmnIjjgafjgZnjgIIKPEJSPuKAu+WFhembu+axoOOBruWvv+WRveOBjOOBpOOBjeOBvuOBl+OBn+OCieOAgeODm+ODvOODoOOCu+ODs+OCv+ODvOOChOWutumbu+mHj+iyqeW6l+etieOBp+OBlOizvOWFpeOBj+OBoOOBleOBhOOAggo8QlI+4peP55Sf55Sj5Zu9L+S4reWbvQo8QlI+4peP5YKZ6ICDL+OBiuiyt+S4iuaZguOBr+WFhembu+OBleOCjOOBpuOBiuOCiuOBvuOBm+OCk+OBruOBp+OAgeOCueOCpOODg+ODgeOCkk9O44Gr44GX44Gm6aCC44GN44CB5aSq6Zm95YWJ44Gn5Y2K5pel56iL5bqm5YWF6Zu75b6M44CB44GU5L2/55So44GP44Gg44GV44GE44CCL+aXpeW9k+OBn+OCiuOBruOCiOOBhOWgtOaJgOOBq+e9ruOBhOOBpuS4i+OBleOBhOOAggo8QlI+4peP44Gd44Gu5LuWL+euseWFpeOCigo8QlI+4oC75YaZ55yf44Go5ZWG5ZOB44Gn6Imy5ZCI44GE44GM5aSa5bCR6YGV44GG5aC05ZCI44GM44GU44GW44GE44G+44GZ44CCCjxCUj7igLvmnKzlk4Hjga/vvJHjgZPjgZrjgaTmiYvkvZzmpa3jgafnlJ/nlKPjgZfjgabjgYTjgovjgZ/jgoHloZfoo4XjgavjgbDjgonjgaTjgY3jgYzjgYLjgorjgb7jgZnjgYzjgIHjgZPjgozjga/mnKzlk4Hjga7nibnmgKfjgajjgZfjgabjgZTnkIbop6PjgY/jgaDjgZXjgYTjgIIKPEJSPgo8Zm9udCBjb2xvcj0iI2ZmNjYwMCI+4piG44K344Oq44O844K65LiA6Kan4piGPC9mb250Pjxicj4K44O75YKY56uL44GmCjxicj4K44O744K944O844Op44O844Op44Kk44OICjxicj4K44O7546E6Zai44Oe44OD44OI77ya44OW44Op44Km44OzCjxicj4K44O7546E6Zai44Oe44OD44OI77ya44Kw44Os44O8CiAKCjxicj48YnI+PHA+PGltZyBzcmM9Imh0dHA6Ly9pbWFnZS5yYWt1dGVuLmNvLmpwL2tva291a2kvY2FiaW5ldC8wMTUwNjgxMi9ub3NoaS0zMDctNjhfcC5naWYiIHdpZHRoPSIzMDUiIGhlaWdodD0iNjYiIGJvcmRlcj0iMCI+PC9wPjxCUj48cD48aW1nIHNyYz0iaHR0cDovL2ltYWdlLnJha3V0ZW4uY28uanAva29rb3VraS9jYWJpbmV0LzAxNTA2ODEyL3dyYXBwLTMwNy02OF9yZDIuZ2lmIiB3aWR0aD0iMzA1IiBoZWlnaHQ9IjY2IiBib3JkZXI9IjAiPjwvcD48YnI+PGltZyBzcmM9Imh0dHA6Ly93d3cucmFrdXRlbi5uZS5qcC9nb2xkL2tva291a2kvc29ubmF0aWtpMzIwLTk1LnBuZyIgd2lkdGg9IjMyMCIgaGVpZ2h0PSI5NSIgYm9yZGVyPSIwIj4=,44K944O844Op44O844Ks44O844OH44Oz44Op44Kk44OIIOOBteOBj+OCjeOBhiBMRUTjgr3jg7zjg6njg7zjg6njgqTjg4ggTEVE44Op44Kk44OI77ya44Ob44Ov44Kk44OIIOOAkOOCveODvOODqeODvOODqeOCpOODiCDjgYrluq0g546E6Zai5YmNIOOCouODl+ODreODvOODgSDlsYvlpJbnlKgg5YyX5qynIOOCpOODs+ODhuODquOCoiDjgqrjg5bjgrjjgqcg44OV44Kv44Ot44KmIOainyDjgqrjgqbjg6sg5YuV54mpIOOBiuOBl+OCg+OCjCDjgYvjgo/jgYTjgYQg44GK56Wd44GEIOaWsOevieelneOBhCDotIjjgorniakg44Ku44OV44OIIOODl+ODrOOCvOODs+ODiCDjgYLjgZnmpb3lr77lv5zjgJHvvJrpm5HosqjlsYvjgIDjgrPjgrPjgqbjgq0=,6YCa5L+h6LKp5aOy6YCa6LKp44K344On44OD44OU44Oz44Kw44Kq44Oz44Op44Kk44Oz44K344On44OD44OU44Oz44Kw6LK344GE54mp44OX44Os44K844Oz44OI44Ku44OV44OI6LSI44KK54mp6LSI562U5ZOB44GK5Lit5YWD44GK5q2z5pqu44GK6LK344GE5b6X552A44GQ44KL44G/5Luu6KOF6KGj6KOF44Kz44K544OB44Ol44O844Og5pel5pys6KO944OT44Ki44K/44Oz44OW44Op44O844K544OG44Oz44Os44K544Oc44OI44Or44OB44K/44Oz6KO944K/44Oz44OW44Op44O844K/44Oz44OW44Op44O844OV44Op44Kk44OR44Oz5YyF5LiB5qWt5YuZ55So6Kq/55CG5Zmo5YW344K/44Kk44Og44Kr44OX44K744Or6LKv6YeR566x44Kz44O844OS44O844OJ44Oq44OD44OX44Od44OD44OI44OT44Ki44Kw44Op44K544OU44O844K/44O844Op44OT44OD44OI44Oq44Op44OD44Kv44Oe44GP44G+44Gu44GM44Gj44GT44GG44Kv44Oq44K544Oe44K544OX44Os44K844Oz44OI44OX44Os44K844Oz44OI44Ku44OV44OI6LSI44KK54mp44Kz44Oq44Op44OD44Kv44Oe6aOf5qW95bel5oi/44OV44Kp44Oz44OH44Ol6Jek5qyh6YOO44OH44Kj44K644OL44O844GN44GQ44KL44G/44Ki44Km44OI44Os44OD44OI6YCB5paZ54Sh5paZ44K444Oj44OD44Kt44O85pac6Lev44K344Oj44Os44Ks44Oz5Ly944Og44K944O844Op44O844Ks44O844OH44Oz44Op44Kk44OIIOOBteOBj+OCjeOBhiBMRUTjgr3jg7zjg6njg7zjg6njgqTjg4ggTEVE44Op44Kk44OI77ya44Ob44Ov44Kk44OIIOOAkOOCveODvOODqeODvOODqeOCpOODiCDjgYrluq0g546E6Zai5YmNIOOCouODl+ODreODvOODgSDlsYvlpJbnlKgg5YyX5qynIOOCpOODs+ODhuODquOCoiDjgqrjg5bjgrjjgqcg44OV44Kv44Ot44KmIOainyDjgqrjgqbjg6sg5YuV54mpIOOBiuOBl+OCg+OCjCDjgYvjgo/jgYTjgYQg44GK56Wd44GEIOaWsOevieelneOBhCDotIjjgorniakg44Ku44OV44OIIOODl+ODrOOCvOODs+ODiCDjgYLjgZnmpb3lr77lv5zjgJE=,546E6Zai44GL44KJ5ZaE44GE6YGL5rCX44GM6Kiq44KM44Gd44GG44GqIOOBteOBj+OCjeOBhuOCt+ODquODvOOCuuOAguOAguOCveODvOODqeODvOOCrOODvOODh+ODs+ODqeOCpOODiCDjgbXjgY/jgo3jgYYgTEVE44K944O844Op44O844Op44Kk44OIIExFROODqeOCpOODiO+8muODm+ODr+OCpOODiCDjgJDjgr3jg7zjg6njg7zjg6njgqTjg4gg44GK5bqtIOeOhOmWouWJjSDjgqLjg5fjg63jg7zjg4Eg5bGL5aSW55SoIOWMl+aspyDjgqTjg7Pjg4bjg6rjgqIg44Kq44OW44K444KnIOODleOCr+ODreOCpiDmop8g44Kq44Km44OrIOWLleeJqSDjgYrjgZfjgoPjgowg44GL44KP44GE44GEIOOBiuelneOBhCDmlrDnr4nnpZ3jgYQg6LSI44KK54mpIOOCruODleODiCDjg5fjg6zjgrzjg7Pjg4gg44GC44GZ5qW95a++5b+c44CR[rn]
11-197566,aHR0cDovL3RzaG9wLnIxMHMuanAva29rb3VraS9jYWJpbmV0L2NoYXJhL2trcHA3My0xLmpwZz9maXRpbj03MDA6NzAw,NjA4MC4wMDAw,,6Iqx44O744Ks44O844OH44Oz44O7RElZID4g44Ko44Kv44K544OG44Oq44Ki44O744Ks44O844OH44Oz44OV44Kh44OL44OB44Oj44O8ID4g44Op44Kk44OI44O744Kk44Or44Of44ON44O844K344On44OzID4g44Ks44O844OH44Oz44Op44Kk44OIIOODu+eBr+evrQ==,44CQIOOCveODvOODqeODvOOCrOODvOODh+ODs+ODqeOCpOODiCDjgJEg44K344Or44Ko44OD44OITEVE44K944O844Op44O844Op44Kk44OI44K544K/44Oz44OJIO+8iOOCreODo+ODg+ODiO+8ieOAkOOCveODvOODqeODvOODqeOCpOODiC/jgqTjgqjjg63jg7wgTEVEL+OBiuW6rS/njoTplqLpo77jgoov44Ki44OX44Ot44O844OBL+Wxi+WklueUqC/jgqTjg7Pjg4bjg6rjgqIv44Kq44OW44K444KnL+OBreOBky/jgYrjgZfjgoPjgowv44GL44KP44GE44GEL+S4iuWTgS/njKsg6ZuR6LKoL+OCruODleODiC/jg5fjg6zjgrzjg7Pjg4gv5paw56+J56Wd44GEL+aWsOeviSDjgYrnpZ3jgYQv6LSI44KK54mp44CR,,PHA+PGltZyBzcmM9Imh0dHA6Ly93d3cucmFrdXRlbi5uZS5qcC9nb2xkL2tva291a2kvYXN1MzIwLTYzMF9zaC11bmRlci5naWYiIHdpZHRoPSIzMjAiIGhlaWdodD0iNjMwIiBib3JkZXI9IjAiPjxicj4KPGJyPgo8aW1nIHNyYz0iaHR0cDovL3d3dy5yYWt1dGVuLm5lLmpwL2dvbGQva29rb3VraS9hc3VyYWt1LWNsXzMyMC0yMzAuZ2lmIiB3aWR0aD0iMzIwIiBoZWlnaHQ9IjIzMCIgYm9yZGVyPSIwIj48L3A+PEJSPuOBiua0kuiQveOBquOCt+ODq+OCqOODg+ODiOODh+OCtuOCpOODs+OBruOCveODvOODqeODvOODqeOCpOODiOKZquOBiuW6reOChOOCouODl+ODreODvOODgeOBruOCpOODs+ODhuODquOCouOBq+OCguOBquOCiuOBvuOBmeOAgkxFROODqeOCpOODiO+8muOCpOOCqOODreODvOKXjzLljLnjga7njKvjgYzjgZ/jgo/jgoDjgozjgabjgYTjgovjgIHjgYrmtJLokL3jgarjgrnjgr/jg7Pjg4njgr/jgqTjg5fjgILjgYrluq3jgoTnjoTplqLliY3jgIHjgqLjg5fjg63jg7zjg4HjgpLjgYrmtJLokL3jgavmvJTlh7rjgafjgY3jgb7jgZnjgILil4/jgrnjgr/jg7Pjg4njga7oirHlj7Dpg6jjgavjgIHou6LlgJLjgZfjgarjgYTjgojjgYbjgavph43jgorjgavjgarjgovpiaLjgpLnva7jgYTjgabjgZTkvb/nlKjjgY/jgaDjgZXjgYTjgILlronlrprmhJ/jgYzlopfjgZfjgb7jgZnjgZfjgIHjgojjgorjgYrmtJLokL3jgavjgIHlj6/mhJvjgY/po77jgovjgZPjgajjgYzjgafjgY3jgb7jgZnjgILil4/jgr3jg7zjg6njg7zjg5Hjg43jg6vjga/jg6njgqTjg4jpg6jjga7jgYvjgZXjgasx5p6a5LuY44GE44Gm44GE44G+44GZ44CC4peP5YWJ44K744Oz44K144O85LuY44GN44Gn44CB5pqX44GP44Gq44Gj44Gf44KJ6Ieq5YuV54K554Gv77yB5omL6ZaT44GE44KJ44Ga77yB54K554Gv44GX44Gm44Gq44GE5pel5Lit44Gn44KC44CB44GK5bqt44Gu5Y+v5oSb44GE44Kk44Oz44OG44Oq44Ki44Gr44Gq44KK44G+44GZ44CC4peP5aSq6Zm95YWJ5YWF6Zu75byP44Gq44Gu44Gn44CB6Zu75rCX5LujMOWGhu+8geKXj+OCs+ODvOODieODrOOCueOBquOBruOBp+OAgeioree9ruOChOWgtOaJgOWkieOBiOOCguaJi+i7veOBq+OBp+OBjeOBvuOBmeOAguKXj+mbqOOBjOOBguOBn+OBo+OBpuOCguWkp+S4iOWkq+OBqumYsumbqOS7leanmO+8geKXj+aWsOevieelneOBhOOChOiqleeUn+aXpeODl+ODrOOCvOODs+ODiOOBquOBqeOAgei0iOOCiueJqeOBq+OCguOBiuOBmeOBmeOCgeOBp+OBmeOAguKAu+acrOWTgUxFROODqeOCpOODiOOBr+OCpOOCqOODreODvOeQg+OCkuS9v+eUqOOBl+OBpuOBhOOBvuOBmeOAguODm+ODr+OCpOODiOeQg+OBqOavlOOBueOCi+OBqOWFieOBjOW8seOCgeOBp+OBmeOAguWFieOCkueFp+OCieOBmeOBqOOBhOOBhuOCiOOCiuOAgeOChOOBleOBl+OBj+eBr+OBmeaEn+OBmOOBp+OBmeOAglvllYblk4Hku5Xmp5hd4peP5ZWG5ZOB44K144Kk44K6L+e0hO+8mjI5MMOXMjAww5fpq5jjgZU2NzBtbS/jg6njgqTjg4jpg6jvvJrntIQx6L66MTI3w5fpq5jjgZUxNTDvvIjlkIrkuIvpg6jlkKvjgoDvvIltbS/mnKzkvZPlupXpnaLjga7luoPjgZXvvIjoirHlj7Dpg6jvvInvvJrntITjgIHnm7TlvoQxOTVtbeKXj+WVhuWTgemHjemHjy/ntITvvJo5ODBn4peP5p2Q6LOqL+acrOS9k++8muOCouOCpOOCouODs+ijve+8iOOCqOODneOCreOCt+eyieS9k+Whl+ijhe+8iS/jg6njgqTjg4jpg6jvvJpBQlPmqLnohILil4/pm7vmupAv55m66Zu76YOo77ya44K944O844Op44O844OR44ON44Or77yI5aSq6Zm96Zu75rGg77yJL+iThOmbu+mDqO+8muWFhembu+W8j+WNmOS4ieWei+mbu+axoDHmnKzil4/lhYnmupAvTEVE44Op44Kk44OI77yI44Kk44Ko44Ot44O877yJ4peP54K554Gv5pmC6ZaTL+acgOmVt+OAgee0hDjmmYLplpPvvIjjg5Xjg6vlhYXpm7vmmYLvvInigLvoqK3nva7loLTmiYDjgoTlpKnlgJnjgIHlraPnr4DjgavjgojjgornlbDjgarjgorjgb7jgZnjgILil4/lhYXpm7vmmYLplpMv44OV44Or5YWF6Zu744GZ44KL44Gu44Gr5b+F6KaB44Gq5pel54Wn5pmC6ZaT77yI5pm044KM44Gu5aC05ZCI77yJ5pyA5L2OOOaZgumWk+KXj+mbu+axoOWvv+WRvS/lhYXjg7vmlL7pm7vjgIHntIQ1MDDlm57vvIjluILosqnjga7lhYXpm7vlvI/pm7vmsaDjga7loLTlkIjvvInigLvliJ3mnJ/jgavku5jlsZ7jgZXjgozjgabjgYTjgovjg4bjgrnjg4jpm7vmsaDjga7lr7/lkb3jga/jgIHjgZTkvb/nlKjplovlp4vjgYvjgonntIQz44GL5pyI44Gn44GZ44CC4oC75YWF6Zu75rGg44Gu5a+/5ZG944GM44Gk44GN44G+44GX44Gf44KJ44CB44Ob44O844Og44K744Oz44K/44O844KE5a626Zu76YeP6LKp5bqX562J44Gn44GU6LO85YWl44GP44Gg44GV44GE44CC4peP55Sf55Sj5Zu9L+S4reWbveKXj+WCmeiAgy/jgYrosrfkuIrmmYLjga/lhYXpm7vjgZXjgozjgabjgYrjgorjgb7jgZvjgpPjga7jgafjgIHjgrnjgqTjg4Pjg4HjgpJPTuOBq+OBl+OBpumgguOBjeOAgeWkqumZveWFieOBp+WNiuaXpeeoi+W6puWFhembu+W+jOOAgeOBlOS9v+eUqOOBj+OBoOOBleOBhOOAgi/ml6XlvZPjgZ/jgorjga7jgojjgYTloLTmiYDjgavnva7jgYTjgabkuIvjgZXjgYTjgILil4/jgZ3jga7ku5Yv566x5YWl44KK44CC57Ch5piT57WE56uL5ZOB44CC4oC75pys5ZOB44GvMeOBpOOBmuOBpOaJi+S9nOalreOBp+eUn+eUo+OBl+OBpuOBhOOCi+OBn+OCgeOAgeWhl+ijheOChOW9oueKtuOBq+WkmuWwkeOBruOBsOOCieOBpOOBjeOBjOOBguOCiuOBvuOBmeOBjOOAgeOBk+OCjOOBr+acrOWTgeOBrueJueW+tOOBqOOBl+OBpuOBlOeQhuino+OBj+OBoOOBleOBhOOAguKAu+OBk+OBoeOCieOBruWVhuWTgeOBruWcqOW6q+OBr+WwkeOBquOCgeOBq+ioreWumuOBleOCjOOBpuOBiuOCiuOBvuOBmeOBruOBp+OAgeOCruODleODiOetieOBp+OBvuOBqOOBvuOBo+OBn+aVsOmHj+OCkuOBlOW4jOacm+OBruOBiuWuouanmOOBr+OBiuWVj+WQiOOCj+OBm+OBj+OBoOOBleOBhOOAguKAu+Wkp+Wei+W9oueKtuOBruOBn+OCgeOAgeW9k+W6l+OBp+ODqeODg+ODlOODs+OCsOOBr+OBiuWPl+OBkeOBl+OBpuOBiuOCiuOBvuOBm+OCk+OAgjxicj48cD48aW1nIHNyYz0iaHR0cDovL2ltYWdlLnJha3V0ZW4uY28uanAva29rb3VraS9jYWJpbmV0LzAxNTA2ODEyL25vc2hpLTMwNy02OF9wLmdpZiIgd2lkdGg9IjMwNSIgaGVpZ2h0PSI2NiIgYm9yZGVyPSIwIj48L3A+PGJyPjxpbWcgc3JjPSJodHRwOi8vd3d3LnJha3V0ZW4ubmUuanAvZ29sZC9rb2tvdWtpL3Nvbm5hdGlraTMyMC05NS5wbmciIHdpZHRoPSIzMjAiIGhlaWdodD0iOTUiIGJvcmRlcj0iMCI+,44CQIOOCveODvOODqeODvOOCrOODvOODh+ODs+ODqeOCpOODiCDjgJEg44K344Or44Ko44OD44OITEVE44K944O844Op44O844Op44Kk44OI44K544K/44Oz44OJIO+8iOOCreODo+ODg+ODiO+8ieOAkOOCveODvOODqeODvOODqeOCpOODiC/jgqTjgqjjg63jg7wgTEVEL+OBiuW6rS/njoTplqLpo77jgoov44Ki44OX44Ot44O844OBL+Wxi+WklueUqC/jgqTjg7Pjg4bjg6rjgqIv44Kq44OW44K444KnL+OBreOBky/jgYrjgZfjgoPjgowv44GL44KP44GE44GEL+S4iuWTgS/njKsg6ZuR6LKoL+OCruODleODiC/jg5fjg6zjgrzjg7Pjg4gv5paw56+J56Wd44GEL+aWsOeviSDjgYrnpZ3jgYQv6LSI44KK54mp44CR77ya6ZuR6LKo5bGL44CA44Kz44Kz44Km44Kt,6YCa5L+h6LKp5aOy6YCa6LKp44K344On44OD44OU44Oz44Kw44Kq44Oz44Op44Kk44Oz44K344On44OD44OU44Oz44Kw6LK344GE54mp44OX44Os44K844Oz44OI44Ku44OV44OI6LSI44KK54mp6LSI562U5ZOB44GK5Lit5YWD44GK5q2z5pqu44GK6LK344GE5b6X552A44GQ44KL44G/5Luu6KOF6KGj6KOF44Kz44K544OB44Ol44O844Og5pel5pys6KO944OT44Ki44K/44Oz44OW44Op44O844K544OG44Oz44Os44K544Oc44OI44Or44OB44K/44Oz6KO944K/44Oz44OW44Op44O844K/44Oz44OW44Op44O844OV44Op44Kk44OR44Oz5YyF5LiB5qWt5YuZ55So6Kq/55CG5Zmo5YW344K/44Kk44Og44Kr44OX44K744Or6LKv6YeR566x44Kz44O844OS44O844OJ44Oq44OD44OX44Od44OD44OI44OT44Ki44Kw44Op44K544OU44O844K/44O844Op44OT44OD44OI44Oq44Op44OD44Kv44Oe44GP44G+44Gu44GM44Gj44GT44GG44Kv44Oq44K544Oe44K544OX44Os44K844Oz44OI44OX44Os44K844Oz44OI44Ku44OV44OI6LSI44KK54mp44Kz44Oq44Op44OD44Kv44Oe6aOf5qW95bel5oi/44OV44Kp44Oz44OH44Ol6Jek5qyh6YOO44OH44Kj44K644OL44O844GN44GQ44KL44G/44Ki44Km44OI44Os44OD44OI6YCB5paZ54Sh5paZ44K444Oj44OD44Kt44O85pac6Lev44K344Oj44Os44Ks44Oz5Ly944Og44CQIOOCveODvOODqeODvOOCrOODvOODh+ODs+ODqeOCpOODiCDjgJEg44K344Or44Ko44OD44OITEVE44K944O844Op44O844Op44Kk44OI44K544K/44Oz44OJIO+8iOOCreODo+ODg+ODiO+8ieOAkOOCveODvOODqeODvOODqeOCpOODiC/jgqTjgqjjg63jg7wgTEVEL+OBiuW6rS/njoTplqLpo77jgoov44Ki44OX44Ot44O844OBL+Wxi+WklueUqC/jgqTjg7Pjg4bjg6rjgqIv44Kq44OW44K444KnL+OBreOBky/jgYrjgZfjgoPjgowv44GL44KP44GE44GEL+S4iuWTgS/njKsg6ZuR6LKoL+OCruODleODiC/jg5fjg6zjgrzjg7Pjg4gv5paw56+J56Wd44GEL+aWsOeviSDjgYrnpZ3jgYQv6LSI44KK54mp44CR,44GV44KK44GS44Gq44GP5Y+v5oSb44GE44K344Or44Ko44OD44OI44K/44Kk44OX44GuIOOCveODvOODqeODvOODqeOCpOODiOOCueOCv+ODs+ODieOAguOAkCDjgr3jg7zjg6njg7zjgqzjg7zjg4fjg7Pjg6njgqTjg4gg44CRIOOCt+ODq+OCqOODg+ODiExFROOCveODvOODqeODvOODqeOCpOODiOOCueOCv+ODs+ODiSDvvIjjgq3jg6Pjg4Pjg4jvvInjgJDjgr3jg7zjg6njg7zjg6njgqTjg4gv44Kk44Ko44Ot44O8IExFRC/jgYrluq0v546E6Zai6aO+44KKL+OCouODl+ODreODvOODgS/lsYvlpJbnlKgv44Kk44Oz44OG44Oq44KiL+OCquODluOCuOOCpy/jga3jgZMv44GK44GX44KD44KML+OBi+OCj+OBhOOBhC/kuIrlk4Ev54yrIOmbkeiyqC/jgq7jg5Xjg4gv44OX44Os44K844Oz44OIL+aWsOevieelneOBhC/mlrDnr4kg44GK56Wd44GEL+i0iOOCiueJqeOAkQ==[rn]
11-197567,aHR0cDovL3RzaG9wLnIxMHMuanAva29rb3VraS9jYWJpbmV0L2NoYXJhL2trcHA3MS0xLmpwZz9maXRpbj03MDA6NzAw,NTMyMC4wMDAw,,6Iqx44O744Ks44O844OH44Oz44O7RElZID4g44Ko44Kv44K544OG44Oq44Ki44O744Ks44O844OH44Oz44OV44Kh44OL44OB44Oj44O8ID4g44Op44Kk44OI44O744Kk44Or44Of44ON44O844K344On44OzID4g44Ks44O844OH44Oz44Op44Kk44OIIOODu+eBr+evrQ==,44CQIOOCveODvOODqeODvOOCrOODvOODh+ODs+ODqeOCpOODiCDjgJEg44K344Or44Ko44OD44OITEVE44K944O844Op44O844Op44Kk44OI44K544K/44Oz44OJIO+8iOODleOCqeODrOOCueODiO+8ieOAkOOCrOODvOODh+ODs+ODqeOCpOODiC/jgqTjgqjjg63jg7wgTEVEL+OBiuW6rS/njoTplqLpo77jgoov44Ki44OX44Ot44O844OBL+Wxi+WklueUqC/jgqTjg7Pjg4bjg6rjgqIv44Kq44OW44K444KnL+OBi+OCj+OBhOOBhCDlsI/ps6Uv44GK44GX44KD44KML+OCruODleODiC/jg5fjg6zjgrzjg7Pjg4gv5paw56+JIOOBiuelneOBhC/otIjjgorniakv44Ks44O844OH44OL44Oz44KwL+OCqOOCr+OCueODhuODquOCog==,,PHA+PGltZyBzcmM9Imh0dHA6Ly93d3cucmFrdXRlbi5uZS5qcC9nb2xkL2tva291a2kvYXN1MzIwLTYzMF9zaC11bmRlci5naWYiIHdpZHRoPSIzMjAiIGhlaWdodD0iNjMwIiBib3JkZXI9IjAiPjxicj4KPGJyPgo8aW1nIHNyYz0iaHR0cDovL3d3dy5yYWt1dGVuLm5lLmpwL2dvbGQva29rb3VraS9hc3VyYWt1LWNsXzMyMC0yMzAuZ2lmIiB3aWR0aD0iMzIwIiBoZWlnaHQ9IjIzMCIgYm9yZGVyPSIwIj48L3A+PEJSPuOBiua0kuiQveOBquOCt+ODq+OCqOODg+ODiOODh+OCtuOCpOODs+OBruOCveODvOODqeODvOODqeOCpOODiOKZquOBiuW6reOChOOCouODl+ODreODvOODgeOBruOCpOODs+ODhuODquOCouOBq+OCguOBquOCiuOBvuOBmeOAgkxFROODqeOCpOODiO+8muOCpOOCqOODreODvOKXj+ajruael+OCkuOCpOODoeODvOOCuOOBl+OBn+S4iuWTgeOBquOCueOCv+ODs+ODieOCv+OCpOODl+OAguOBiuW6reOChOeOhOmWouWJjeOAgeOCouODl+ODreODvOODgeOCkuOBiua0kuiQveOBq+a8lOWHuuOBp+OBjeOBvuOBmeOAguKXj+OCueOCv+ODs+ODieOBruiKseWPsOmDqOOBq+OAgei7ouWAkuOBl+OBquOBhOOCiOOBhuOBq+mHjeOCiuOBq+OBquOCi+mJouOCkue9ruOBhOOBpuOBlOS9v+eUqOOBj+OBoOOBleOBhOOAguWuieWumuaEn+OBjOWil+OBl+OBvuOBmeOBl+OAgeOCiOOCiuOBiua0kuiQveOBq+OAgeWPr+aEm+OBj+mjvuOCi+OBk+OBqOOBjOOBp+OBjeOBvuOBmeOAguKXj+OCveODvOODqeODvOODkeODjeODq+OBr+ODqeOCpOODiOmDqOOBruOBi+OBleOBqzHmnprku5jjgYTjgabjgYTjgb7jgZnjgILil4/lhYnjgrvjg7PjgrXjg7zku5jjgY3jgafjgIHmmpfjgY/jgarjgaPjgZ/jgonoh6rli5Xngrnnga/vvIHmiYvplpPjgYTjgonjgZrvvIHngrnnga/jgZfjgabjgarjgYTml6XkuK3jgafjgoLjgIHjgYrluq3jga7lj6/mhJvjgYTjgqTjg7Pjg4bjg6rjgqLjgavjgarjgorjgb7jgZnjgILil4/lpKrpmb3lhYnlhYXpm7vlvI/jgarjga7jgafjgIHpm7vmsJfku6Mw5YaG77yB4peP44Kz44O844OJ44Os44K544Gq44Gu44Gn44CB6Kit572u44KE5aC05omA5aSJ44GI44KC5omL6Lu944Gr44Gn44GN44G+44GZ44CC4peP6Zuo44GM44GC44Gf44Gj44Gm44KC5aSn5LiI5aSr44Gq6Ziy6Zuo5LuV5qeY77yB4peP5paw56+J56Wd44GE44KE6KqV55Sf5pel44OX44Os44K844Oz44OI44Gq44Gp44CB6LSI44KK54mp44Gr44KC44GK44GZ44GZ44KB44Gn44GZ44CC4oC75pys5ZOBTEVE44Op44Kk44OI44Gv44Kk44Ko44Ot44O855CD44KS5L2/55So44GX44Gm44GE44G+44GZ44CC44Ob44Ov44Kk44OI55CD44Go5q+U44G544KL44Go5YWJ44GM5byx44KB44Gn44GZ44CC5YWJ44KS54Wn44KJ44GZ44Go44GE44GG44KI44KK44CB44KE44GV44GX44GP54Gv44GZ5oSf44GY44Gn44GZ44CCW+WVhuWTgeS7leanmF3il4/llYblk4HjgrXjgqTjgrov57SE77yaMjIww5cyMjDDl+mrmOOBlTYwMG1tL+ODqeOCpOODiOmDqO+8mue0hDHovroxMjfDl+mrmOOBlTE1MO+8iOWQiuS4i+mDqOWQq+OCgO+8iW1tL+acrOS9k+W6lemdouOBruW6g+OBle+8iOiKseWPsOmDqO+8ie+8mue0hOOAgeebtOW+hDE5NW1t4peP5ZWG5ZOB6YeN6YePL+e0hO+8mjc0MGfil4/mnZDos6ov5pys5L2T77ya44Ki44Kk44Ki44Oz6KO977yI44Ko44Od44Kt44K357KJ5L2T5aGX6KOF77yJL+ODqeOCpOODiOmDqO+8mkFCU+aoueiEguKXj+mbu+a6kC/nmbrpm7vpg6jvvJrjgr3jg7zjg6njg7zjg5Hjg43jg6vvvIjlpKrpmb3pm7vmsaDvvIkv6JOE6Zu76YOo77ya5YWF6Zu75byP5Y2Y5LiJ5Z6L6Zu75rGgMeacrOKXj+WFiea6kC9MRUTjg6njgqTjg4jvvIjjgqTjgqjjg63jg7zvvInil4/ngrnnga/mmYLplpMv5pyA6ZW344CB57SEOOaZgumWk++8iOODleODq+WFhembu+aZgu+8ieKAu+ioree9ruWgtOaJgOOChOWkqeWAmeOAgeWto+evgOOBq+OCiOOCiueVsOOBquOCiuOBvuOBmeOAguKXj+WFhembu+aZgumWky/jg5Xjg6vlhYXpm7vjgZnjgovjga7jgavlv4XopoHjgarml6XnhafmmYLplpPvvIjmmbTjgozjga7loLTlkIjvvInmnIDkvY445pmC6ZaT4peP6Zu75rGg5a+/5ZG9L+WFheODu+aUvumbu+OAgee0hDUwMOWbnu+8iOW4guiyqeOBruWFhembu+W8j+mbu+axoOOBruWgtOWQiO+8ieKAu+WIneacn+OBq+S7mOWxnuOBleOCjOOBpuOBhOOCi+ODhuOCueODiOmbu+axoOOBruWvv+WRveOBr+OAgeOBlOS9v+eUqOmWi+Wni+OBi+OCiee0hDPjgYvmnIjjgafjgZnjgILigLvlhYXpm7vmsaDjga7lr7/lkb3jgYzjgaTjgY3jgb7jgZfjgZ/jgonjgIHjg5vjg7zjg6Djgrvjg7Pjgr/jg7zjgoTlrrbpm7vph4/osqnlupfnrYnjgafjgZTos7zlhaXjgY/jgaDjgZXjgYTjgILil4/nlJ/nlKPlm70v5Lit5Zu94peP5YKZ6ICDL+OBiuiyt+S4iuaZguOBr+WFhembu+OBleOCjOOBpuOBiuOCiuOBvuOBm+OCk+OBruOBp+OAgeOCueOCpOODg+ODgeOCkk9O44Gr44GX44Gm6aCC44GN44CB5aSq6Zm95YWJ44Gn5Y2K5pel56iL5bqm5YWF6Zu75b6M44CB44GU5L2/55So44GP44Gg44GV44GE44CCL+aXpeW9k+OBn+OCiuOBruOCiOOBhOWgtOaJgOOBq+e9ruOBhOOBpuS4i+OBleOBhOOAguKXj+OBneOBruS7li/nrrHlhaXjgorigLvmnKzlk4Hjga8x44Gk44Ga44Gk5omL5L2c5qWt44Gn55Sf55Sj44GX44Gm44GE44KL44Gf44KB44CB5aGX6KOF44KE5b2i54q244Gr5aSa5bCR44Gu44Gw44KJ44Gk44GN44GM44GC44KK44G+44GZ44GM44CB44GT44KM44Gv5pys5ZOB44Gu54m55b6044Go44GX44Gm44GU55CG6Kej44GP44Gg44GV44GE44CC4oC744GT44Gh44KJ44Gu5ZWG5ZOB44Gu5Zyo5bqr44Gv5bCR44Gq44KB44Gr6Kit5a6a44GV44KM44Gm44GK44KK44G+44GZ44Gu44Gn44CB44Ku44OV44OI562J44Gn44G+44Go44G+44Gj44Gf5pWw6YeP44KS44GU5biM5pyb44Gu44GK5a6i5qeY44Gv44GK5ZWP5ZCI44KP44Gb44GP44Gg44GV44GE44CC4oC75aSn5Z6L5b2i54q244Gu44Gf44KB44CB5b2T5bqX44Gn44Op44OD44OU44Oz44Kw44Gv44GK5Y+X44GR44GX44Gm44GK44KK44G+44Gb44KT44CCPGJyPjxwPjxpbWcgc3JjPSJodHRwOi8vaW1hZ2UucmFrdXRlbi5jby5qcC9rb2tvdWtpL2NhYmluZXQvMDE1MDY4MTIvbm9zaGktMzA3LTY4X3AuZ2lmIiB3aWR0aD0iMzA1IiBoZWlnaHQ9IjY2IiBib3JkZXI9IjAiPjwvcD48YnI+PGltZyBzcmM9Imh0dHA6Ly93d3cucmFrdXRlbi5uZS5qcC9nb2xkL2tva291a2kvc29ubmF0aWtpMzIwLTk1LnBuZyIgd2lkdGg9IjMyMCIgaGVpZ2h0PSI5NSIgYm9yZGVyPSIwIj4=,44CQIOOCveODvOODqeODvOOCrOODvOODh+ODs+ODqeOCpOODiCDjgJEg44K344Or44Ko44OD44OITEVE44K944O844Op44O844Op44Kk44OI44K544K/44Oz44OJIO+8iOODleOCqeODrOOCueODiO+8ieOAkOOCrOODvOODh+ODs+ODqeOCpOODiC/jgqTjgqjjg63jg7wgTEVEL+OBiuW6rS/njoTplqLpo77jgoov44Ki44OX44Ot44O844OBL+Wxi+WklueUqC/jgqTjg7Pjg4bjg6rjgqIv44Kq44OW44K444KnL+OBi+OCj+OBhOOBhCDlsI/ps6Uv44GK44GX44KD44KML+OCruODleODiC/jg5fjg6zjgrzjg7Pjg4gv5paw56+JIOOBiuelneOBhC/otIjjgorniakv44Ks44O844OH44OL44Oz44KwL+OCqOOCr+OCueODhuODquOCou+8mumbkeiyqOWxi+OAgOOCs+OCs+OCpuOCrQ==,6YCa5L+h6LKp5aOy6YCa6LKp44K344On44OD44OU44Oz44Kw44Kq44Oz44Op44Kk44Oz44K344On44OD44OU44Oz44Kw6LK344GE54mp44OX44Os44K844Oz44OI44Ku44OV44OI6LSI44KK54mp6LSI562U5ZOB44GK5Lit5YWD44GK5q2z5pqu44GK6LK344GE5b6X552A44GQ44KL44G/5Luu6KOF6KGj6KOF44Kz44K544OB44Ol44O844Og5pel5pys6KO944OT44Ki44K/44Oz44OW44Op44O844K544OG44Oz44Os44K544Oc44OI44Or44OB44K/44Oz6KO944K/44Oz44OW44Op44O844K/44Oz44OW44Op44O844OV44Op44Kk44OR44Oz5YyF5LiB5qWt5YuZ55So6Kq/55CG5Zmo5YW344K/44Kk44Og44Kr44OX44K744Or6LKv6YeR566x44Kz44O844OS44O844OJ44Oq44OD44OX44Od44OD44OI44OT44Ki44Kw44Op44K544OU44O844K/44O844Op44OT44OD44OI44Oq44Op44OD44Kv44Oe44GP44G+44Gu44GM44Gj44GT44GG44Kv44Oq44K544Oe44K544OX44Os44K844Oz44OI44OX44Os44K844Oz44OI44Ku44OV44OI6LSI44KK54mp44Kz44Oq44Op44OD44Kv44Oe6aOf5qW95bel5oi/44OV44Kp44Oz44OH44Ol6Jek5qyh6YOO44OH44Kj44K644OL44O844GN44GQ44KL44G/44Ki44Km44OI44Os44OD44OI6YCB5paZ54Sh5paZ44K444Oj44OD44Kt44O85pac6Lev44K344Oj44Os44Ks44Oz5Ly944Og44CQIOOCveODvOODqeODvOOCrOODvOODh+ODs+ODqeOCpOODiCDjgJEg44K344Or44Ko44OD44OITEVE44K944O844Op44O844Op44Kk44OI44K544K/44Oz44OJIO+8iOODleOCqeODrOOCueODiO+8ieOAkOOCrOODvOODh+ODs+ODqeOCpOODiC/jgqTjgqjjg63jg7wgTEVEL+OBiuW6rS/njoTplqLpo77jgoov44Ki44OX44Ot44O844OBL+Wxi+WklueUqC/jgqTjg7Pjg4bjg6rjgqIv44Kq44OW44K444KnL+OBi+OCj+OBhOOBhCDlsI/ps6Uv44GK44GX44KD44KML+OCruODleODiC/jg5fjg6zjgrzjg7Pjg4gv5paw56+JIOOBiuelneOBhC/otIjjgorniakv44Ks44O844OH44OL44Oz44KwL+OCqOOCr+OCueODhuODquOCog==,44GV44KK44GS44Gq44GP5Y+v5oSb44GE44K344Or44Ko44OD44OI44K/44Kk44OX44GuIOOCveODvOODqeODvOODqeOCpOODiOOCueOCv+ODs+ODieOAguOAkCDjgr3jg7zjg6njg7zjgqzjg7zjg4fjg7Pjg6njgqTjg4gg44CRIOOCt+ODq+OCqOODg+ODiExFROOCveODvOODqeODvOODqeOCpOODiOOCueOCv+ODs+ODiSDvvIjjg5Xjgqnjg6zjgrnjg4jvvInjgJDjgqzjg7zjg4fjg7Pjg6njgqTjg4gv44Kk44Ko44Ot44O8IExFRC/jgYrluq0v546E6Zai6aO+44KKL+OCouODl+ODreODvOODgS/lsYvlpJbnlKgv44Kk44Oz44OG44Oq44KiL+OCquODluOCuOOCpy/jgYvjgo/jgYTjgYQg5bCP6bOlL+OBiuOBl+OCg+OCjC/jgq7jg5Xjg4gv44OX44Os44K844Oz44OIL+aWsOeviSDjgYrnpZ3jgYQv6LSI44KK54mpL+OCrOODvOODh+ODi+ODs+OCsC/jgqjjgq/jgrnjg4bjg6rjgqI=[rn]
11-197568,aHR0cDovL3RzaG9wLnIxMHMuanAva29rb3VraS9jYWJpbmV0L2NoYXJhLzAyMi0zLmpwZz9maXRpbj03MDA6NzAw,Njg0MC4wMDAw,,6Iqx44O744Ks44O844OH44Oz44O7RElZID4g44Ko44Kv44K544OG44Oq44Ki44O744Ks44O844OH44Oz44OV44Kh44OL44OB44Oj44O8ID4g44Op44Kk44OI44O744Kk44Or44Of44ON44O844K344On44OzID4g44Ks44O844OH44Oz44Op44Kk44OIIOODu+eBr+evrQ==,44CQIOOCrOODvOODh+ODs+OCquODvOODiuODoeODs+ODiCDjgJFBbGljZSBpbiBXb25kZXJsYW5kIOODiOODqeODs+ODl+WFteWjqyDjgq/jg63jg7zjg5Djg7wg77yI44Oa44Oz44Kt44Gs44KK77yJIExFRCDjgr3jg7zjg6njg7zjg6njgqTjg4jku5jjgY0g44CQ44OH44Kj44K644OL44O8L+S4jeaAneitsOOBruWbveOBruOCouODquOCuS/jgYrluq0v6ZaA55WqL+e9rueJqS/njoTplqIv5bGL5aSW55SoL+OCpOODs+ODhuODquOCoi/jgYrjgZfjgoPjgowv44GZ44Gm44GNL+Wkp+S6uuOBi+OBo+OBk+OBhOOBhC/jgqrjg7zjg4rjg6Hjg7Pjg4gv6Ieq5YuV54K554Gv44CR,,PHA+PGltZyBzcmM9Imh0dHA6Ly93d3cucmFrdXRlbi5uZS5qcC9nb2xkL2tva291a2kvYXN1MzIwLTYzMF9zaC11bmRlci5naWYiIHdpZHRoPSIzMjAiIGhlaWdodD0iNjMwIiBib3JkZXI9IjAiPjxicj4KPGJyPgo8aW1nIHNyYz0iaHR0cDovL3d3dy5yYWt1dGVuLm5lLmpwL2dvbGQva29rb3VraS9hc3VyYWt1LWNsXzMyMC0yMzAuZ2lmIiB3aWR0aD0iMzIwIiBoZWlnaHQ9IjIzMCIgYm9yZGVyPSIwIj48L3A+PEJSPjxicj7jgYrmsJfjgavlhaXjgorjgpLjgYrmtJLokL3jgavpo77jgaPjgaYKPGJyPuOBguOBquOBn+OBruOBiuW6reOCkuODr+ODs+ODgOODvOODqeODs+ODieOBq+KZqgo8YnI+5LiN5oCd6K2w44Gu5Zu944Gu44Ki44Oq44K544K344Oq44O844K6Cjxicj7jgJAg44K944O844Op44O844Op44Kk44OI5LuV5qeYIOOAkQo8YnI+4peP5Lq65rCX44Gu44OI44Op44Oz44OX5YW144Kq44O844OK44Oh44Oz44OI44Gr44CB44K944O844Op44O844Op44Kk44OI5LuV5qeY44GM5paw44GX44GP55m75aC044GX44G+44GX44Gf77yB44K144Kk44K644KC5LiA5Zue44KK5aSn44GN44GP44Gq44Gj44Gm44GK44KK44CB5a2Y5Zyo5oSf44GM5aKX44GX44Gm44GE44G+44GZ77yB77yBCjxicj7il4/jgZXjgormsJfjgarjgY/jgIHntKDmlbXjgavpo77jgozjgovjgrfjg6rjg7zjgrrjgafjgZnjgILnva7jgY/jgaDjgZHjgafjg6/jg7Pjg4Djg7zjg6njg7Pjg4njga7nianoqp7jgYzlp4vjgb7jgorjgb7jgZnjgIIKPGJyPuKXj+aXpeS4reOCguWknOmWk+OCguOBiuW6reOChOeOhOmWouWRqOOCiuOBruOBiuOBl+OCg+OCjOOBquOCpOODs+ODhuODquOCouOBq+OCguOBquOCi+OCveODvOODqeODvOODqeOCpOODiOOCquODvOODiuODoeODs+ODiOOBp+OBmeOAguaal+OBj+OBquOCi+OBqOiHquWLleOBp+eCueeBr+OAguOBu+OCk+OCj+OCiuOBqOOAgeeBr+OCiuOBjOeCueeBr+OBl+OBvuOBmeOAggo8YnI+4oC754Gv44KK44Gv54Wn44KJ44GZ44Go44GE44GG44KI44KK44CB44CM44KE44GV44GX44GP54Gv44GZ44CN44Go44GE44Gj44Gf5oSf44GY44Gn44GZ44CCCjxicj7il4/lpKrpmb3lhYnlhYXpm7vlvI/jgarjga7jgafjgIHpm7vmsJfku6Pjga/jgYvjgYvjgonjgZrjgIHjgb7jgZ/jgIHjgrPjg7zjg4njg6zjgrnjgarjga7jgafjgIHoqK3nva7jgoTloLTmiYDlpInjgYjjgoLmiYvou73jgavjgafjgY3jgb7jgZnjgIIKPGJyPuKXj+mbqOOBjOOBguOBn+OBo+OBpuOCguWkp+S4iOWkq+OBqumYsumbqOS7leanmOOBqOOBquOBo+OBpuOBhOOBvuOBmeOAggo8YnI+4oC744K944O844Op44O844OR44ON44Or44Gv5b6M44KN5YG044Gr5LuY44GE44Gm44GE44G+44GZ44CC44Gq44KL44G544GP5pel5b2T44Gf44KK44Gu6Imv44GE5aC05omA44Gr6aO+44Gj44Gm5LiL44GV44GE44CCCjxicj5b5ZWG5ZOB5LuV5qeYXQo8YnI+4peP5ZWG5ZOB44K144Kk44K6L+e0hO+8muW5hTI5MsOXMjE1w5fpq5jjgZUzNTJtbQo8YnI+4peP5ZWG5ZOB6YeN6YePL+e0hDIuNGtnCjxicj7il4/mnZDos6ov5pys5L2T77ya44Od44Oq44Os44Oz44K477yI44Op44OD44Kr44O85aGX6KOF77yJL+ODqeOCpOODiOmDqO+8mkFCU+aoueiEggo8YnI+4peP6Zu75rqQL+eZuumbu+mDqO+8muOCveODvOODqeODvOODkeODjeODq++8iOWkqumZvembu+axoO+8iS/ok4Tpm7vpg6jvvJrlhYXpm7vlvI/ljZgz5Z6L6Zu75rGgMeacrAo8YnI+4peP5YWJ5rqQL0xFRAo8YnI+4peP54K554Gv5pmC6ZaTL+acgOmVt+OAgee0hDXmmYLplpPvvIjjg5Xjg6vlhYXpm7vmmYLvvInigLvoqK3nva7loLTmiYDjgoTlpKnlgJnjgIHlraPnr4DjgavjgojjgornlbDjgarjgorjgb7jgZnjgIIKPGJyPuKXj+WFhembu+aZgumWky/jg5Xjg6vlhYXpm7vjgZnjgovjga7jgavlv4XopoHjgarml6XnhafmmYLplpPvvIjmmbTjgozjga7loLTlkIjvvInmnIDkvY425pmC6ZaTCjxicj7il4/pm7vmsaDlr7/lkb0v5YWF44O75pS+6Zu744CB57SEMzUw5Zue77yI5L2/55So5p2h5Lu244Gr44KI44KK55Ww44Gq44KK44G+44GZ77yJ4oC75Yid5pyf44Gr5LuY5bGe44GV44KM44Gm44GE44KL44OG44K544OI6Zu75rGg44Gu5a+/5ZG944Gv44CB44GU5L2/55So6ZaL5aeL44GL44KJ57SEMeOBi+aciOOBp+OBmeOAguKAu+WFhembu+axoOOBruWvv+WRveOBjOOBpOOBjeOBvuOBl+OBn+OCieOAgeODm+ODvOODoOOCu+ODs+OCv+ODvOOChOWutumbu+mHj+iyqeW6l+etieOBp+OBlOizvOWFpeOBj+OBoOOBleOBhOOAggo8YnI+4peP55Sf55Sj5Zu9L+S4reWbvQo8YnI+4peP5YKZ6ICDL+OBiuiyt+S4iuaZguOBr+WFhembu+OBleOCjOOBpuOBiuOCiuOBvuOBm+OCk+OBruOBp+OAgeOCueOCpOODg+ODgeOCkk9O44Gr44GX44Gm6aCC44GN44CB5aSq6Zm95YWJ44Gn5Y2K5pel56iL5bqm5YWF6Zu75b6M44CB44GU5L2/55So44GP44Gg44GV44GE44CCL+aXpeW9k+OBn+OCiuOBruOCiOOBhOWgtOaJgOOBq+e9ruOBhOOBpuS4i+OBleOBhOOAggo8YnI+4peP44Gd44Gu5LuWL+ODgOODs+ODnOODvOODq+euseWFpeOCigo8YnI+4oC75YaZ55yf44Go5ZWG5ZOB44Gn6Imy5ZCI44GE44GM5aSa5bCR6YGV44GG5aC05ZCI44GM44GU44GW44GE44G+44GZ44CCCjxicj7igLvmnKzlk4Hjga/vvJHjgZPjgZrjgaTmiYvkvZzmpa3jgafnlJ/nlKPjgZfjgabjgYTjgovjgZ/jgoHlgIvkvZPjgavjgbDjgonjgaTjgY3jgYzjgYLjgorjgb7jgZnjgYzjgIHjgZPjgozjga/mnKzlk4Hjga7nibnmgKfjgajjgZfjgabjgZTnkIbop6PjgY/jgaDjgZXjgYTjgIIKPGJyPuKAu+OBk+OBoeOCieOBruWVhuWTgeOBruWcqOW6q+OBr+WwkeOBquOCgeOBq+ioreWumuOBleOCjOOBpuOBiuOCiuOBvuOBmeOBruOBp+OAgeOCruODleODiOetieOBp+OBvuOBqOOBvuOBo+OBn+aVsOmHj+OCkuOBlOW4jOacm+OBruOBiuWuouanmOOBr+OBiuWVj+WQiOOCj+OBm+OBj+OBoOOBleOBhOOAggo8YnI+4oC75aSn5Z6L5ZWG5ZOB44Gu44Gf44KB44CB44Op44OD44OU44Oz44Kw44Gv44GK5Y+X44GR44GX44Gm44GK44KK44G+44Gb44KT44CCPGJyPjxpbWcgc3JjPSJodHRwOi8vd3d3LnJha3V0ZW4ubmUuanAvZ29sZC9rb2tvdWtpL3Nvbm5hdGlraTMyMC05NS5wbmciIHdpZHRoPSIzMjAiIGhlaWdodD0iOTUiIGJvcmRlcj0iMCI+,44CQIOOCrOODvOODh+ODs+OCquODvOODiuODoeODs+ODiCDjgJFBbGljZSBpbiBXb25kZXJsYW5kIOODiOODqeODs+ODl+WFteWjqyDjgq/jg63jg7zjg5Djg7wg77yI44Oa44Oz44Kt44Gs44KK77yJIExFRCDjgr3jg7zjg6njg7zjg6njgqTjg4jku5jjgY0g44CQ44OH44Kj44K644OL44O8L+S4jeaAneitsOOBruWbveOBruOCouODquOCuS/jgYrluq0v6ZaA55WqL+e9rueJqS/njoTplqIv5bGL5aSW55SoL+OCpOODs+ODhuODquOCoi/jgYrjgZfjgoPjgowv44GZ44Gm44GNL+Wkp+S6uuOBi+OBo+OBk+OBhOOBhC/jgqrjg7zjg4rjg6Hjg7Pjg4gv6Ieq5YuV54K554Gv44CR77ya6ZuR6LKo5bGL44CA44Kz44Kz44Km44Kt,6YCa5L+h6LKp5aOy6YCa6LKp44K344On44OD44OU44Oz44Kw44Kq44Oz44Op44Kk44Oz44K344On44OD44OU44Oz44Kw6LK344GE54mp44OX44Os44K844Oz44OI44Ku44OV44OI6LSI44KK54mp6LSI562U5ZOB44GK5Lit5YWD44GK5q2z5pqu44GK6LK344GE5b6X552A44GQ44KL44G/5Luu6KOF6KGj6KOF44Kz44K544OB44Ol44O844Og5pel5pys6KO944OT44Ki44K/44Oz44OW44Op44O844K544OG44Oz44Os44K544Oc44OI44Or44OB44K/44Oz6KO944K/44Oz44OW44Op44O844K/44Oz44OW44Op44O844OV44Op44Kk44OR44Oz5YyF5LiB5qWt5YuZ55So6Kq/55CG5Zmo5YW344K/44Kk44Og44Kr44OX44K744Or6LKv6YeR566x44Kz44O844OS44O844OJ44Oq44OD44OX44Od44OD44OI44OT44Ki44Kw44Op44K544OU44O844K/44O844Op44OT44OD44OI44Oq44Op44OD44Kv44Oe44GP44G+44Gu44GM44Gj44GT44GG44Kv44Oq44K544Oe44K544OX44Os44K844Oz44OI44OX44Os44K844Oz44OI44Ku44OV44OI6LSI44KK54mp44Kz44Oq44Op44OD44Kv44Oe6aOf5qW95bel5oi/44OV44Kp44Oz44OH44Ol6Jek5qyh6YOO44OH44Kj44K644OL44O844GN44GQ44KL44G/44Ki44Km44OI44Os44OD44OI6YCB5paZ54Sh5paZ44K444Oj44OD44Kt44O85pac6Lev44K344Oj44Os44Ks44Oz5Ly944Og44CQIOOCrOODvOODh+ODs+OCquODvOODiuODoeODs+ODiCDjgJFBbGljZSBpbiBXb25kZXJsYW5kIOODiOODqeODs+ODl+WFteWjqyDjgq/jg63jg7zjg5Djg7wg77yI44Oa44Oz44Kt44Gs44KK77yJIExFRCDjgr3jg7zjg6njg7zjg6njgqTjg4jku5jjgY0g44CQ44OH44Kj44K644OL44O8L+S4jeaAneitsOOBruWbveOBruOCouODquOCuS/jgYrluq0v6ZaA55WqL+e9rueJqS/njoTplqIv5bGL5aSW55SoL+OCpOODs+ODhuODquOCoi/jgYrjgZfjgoPjgowv44GZ44Gm44GNL+Wkp+S6uuOBi+OBo+OBk+OBhOOBhC/jgqrjg7zjg4rjg6Hjg7Pjg4gv6Ieq5YuV54K554Gv44CR,44OI44Op44Oz44OX5YW1IOOCquODvOODiuODoeODs+ODiOOCt+ODquODvOOCuuOBq+OCveODvOODqeODvOODqeOCpOODiOS7leanmOOBjOeZu+WgtO+8geOAguOAkCDjgqzjg7zjg4fjg7Pjgqrjg7zjg4rjg6Hjg7Pjg4gg44CRQWxpY2UgaW4gV29uZGVybGFuZCDjg4jjg6njg7Pjg5flhbXlo6sg44Kv44Ot44O844OQ44O8IO+8iOODmuODs+OCreOBrOOCiu+8iSBMRUQg44K944O844Op44O844Op44Kk44OI5LuY44GNIOOAkOODh+OCo+OCuuODi+ODvC/kuI3mgJ3orbDjga7lm73jga7jgqLjg6rjgrkv44GK5bqtL+mWgOeVqi/nva7niakv546E6ZaiL+Wxi+WklueUqC/jgqTjg7Pjg4bjg6rjgqIv44GK44GX44KD44KML+OBmeOBpuOBjS/lpKfkurrjgYvjgaPjgZPjgYTjgYQv44Kq44O844OK44Oh44Oz44OIL+iHquWLleeCueeBr+OAkQ==[rn]
11-197569,aHR0cDovL3RzaG9wLnIxMHMuanAvemFra2F5YWZyZWUvY2FiaW5ldC9pbWcxNy9zZXQtc2N6LTE3OTIuanBnP2ZpdGluPTcwMDo3MDA=,MTEyMzIuMDAwMA==,,6Iqx44O744Ks44O844OH44Oz44O7RElZID4g44Ko44Kv44K544OG44Oq44Ki44O744Ks44O844OH44Oz44OV44Kh44OL44OB44Oj44O8ID4g44Op44Kk44OI44O744Kk44Or44Of44ON44O844K344On44OzID4g44Ks44O844OH44Oz44Op44Kk44OIIOODu+eBr+evrQ==,44CQ6YCB5paZ54Sh5paZ44CR44K944O844Op44O844Op44Kk44OIIOOCrOODvOODh+ODs+ODqeOCpOODiCBMRUQg5bGL5aSWIOW6rSDjgr3jg7zjg6njg7zjg6njgqTjg4jvvIjlpKfvvInnhZnnqoHjgZ3jgYbjgZg=,,PHRhYmxlIHdpZHRoPSIxMDAlIiBib3JkZXI9IjAiIGFsaWduPSJjZW50ZXIiIGNlbGxwYWRkaW5nPSIwIiBjZWxsc3BhY2luZz0iMCI+PHRyPjx0ZCBhbGlnbj0iY2VudGVyIiB2YWxpZ249InRvcCI+PGltZyBzcmM9Imh0dHA6Ly9pbWFnZS5yYWt1dGVuLmNvLmpwL3pha2theWFmcmVlL2NhYmluZXQvaW1nMTcvc2V0LXNjei0xNzkyLmpwZyIgd2lkdGg9IjEwMCUiIC8+PC90ZD48L3RyPjx0cj48dGQgYWxpZ249ImNlbnRlciIgdmFsaWduPSJ0b3AiPjx0YWJsZSB3aWR0aD0iMTAwJSIgYm9yZGVyPSIxIiBjZWxsc3BhY2luZz0iMSIgY2VsbHBhZGRpbmc9IjAiIGJvcmRlcmNvbG9yPSIjRkY5OUZGIiBiZ2NvbG9yPSIjRkZDQ0ZGIj48dHI+PHRkIHdpZHRoPSIxNyUiIGhlaWdodD0iMzAiIGFsaWduPSJsZWZ0IiB2YWxpZ249Im1pZGRsZSI+44K144Kk44K6PC90ZD48dGQgaGVpZ2h0PSIzMCIgYWxpZ249ImxlZnQiIHZhbGlnbj0ibWlkZGxlIj5XMjDDl0QxN8OXSDY077yI44K744Oz44OB77yJPC90ZD48L3RyPjx0cj48dGQgd2lkdGg9IjE3JSIgaGVpZ2h0PSIzMCIgYWxpZ249ImxlZnQiIHZhbGlnbj0ibWlkZGxlIj7ntKDmnZA8L3RkPjx0ZCBoZWlnaHQ9IjMwIiBhbGlnbj0ibGVmdCIgdmFsaWduPSJtaWRkbGUiPuODrOOCuOODszwvdGQ+PC90cj48dHI+PHRkIHdpZHRoPSIxNyUiIGhlaWdodD0iMzAiIGFsaWduPSJsZWZ0IiB2YWxpZ249Im1pZGRsZSI+5YKZ6ICDPC90ZD48dGQgaGVpZ2h0PSIzMCIgYWxpZ249ImxlZnQiIHZhbGlnbj0ibWlkZGxlIj7lhYnjgrvjg7PjgrXjg7zku5jjgY0v6Ziy6Zuo5LuV5qeYPC90ZD48L3RyPjwvdGFibGU+PC90ZD48L3RyPjx0cj48dGQgYWxpZ249ImNlbnRlciIgdmFsaWduPSJ0b3AiPjx0YWJsZSB3aWR0aD0iMTAwJSIgYm9yZGVyPSIxIiBjZWxsc3BhY2luZz0iMSIgY2VsbHBhZGRpbmc9IjAiIGJvcmRlcmNvbG9yPSIjRkY5OUZGIj48dHI+PHRkIGFsaWduPSJsZWZ0IiB2YWxpZ249Im1pZGRsZSI+PGZvbnQgY29sb3I9IiNGRjAwMDAiIHNpemU9IjQiPjxiciAvPuW5uOOBm+OCkuWRvOOBtueMq+OBrueFmeeqgeaOg+mZpOWxi+OBleOCkzwvZm9udD48YnI+PGJyPjxmb250IGNvbG9yPSIjMDAwMDAwIiBzaXplPSIzIj7mmpfjgY/jgarjgovjgajoh6rli5XnmoTjgavvvKzvvKXvvKTjg6njg7Pjg5fjgYzngrnnga/jgZfjgb7jgZnjgII8YnI+PGJyPuODl+ODqeODs+OCv+ODvOOBqOS4gOe3kuOBq+eOhOmWouWFiOOChOOBiuW6reODu+ODmeODqeODs+ODgOOBquOBqeOBq+e9ruOBhOOBpuOAgeODreODnuODs+ODgeODg+OCr+OBqueBr+OCiuOCkuOBiualveOBl+OBv+OBj+OBoOOBleOBhOOAgjxicj48YnI+PC9mb250PjwvdGQ+PC90cj48L3RhYmxlPjwvdGQ+PC90cj48L3RhYmxlPjxiciAvPjxmb250IHNpemU9IjIiPuOAkOWTgeWQjeOAkeOCveODvOODqeODvOODqeOCpOODiCDjgqzjg7zjg4fjg7Pjg6njgqTjg4ggTEVEIOWxi+WkliDluq0g44K944O844Op44O844Op44Kk44OI77yI5aSn77yJ54WZ56qB44Gd44GG44GYPGJyIC8+44CQ44K144Kk44K644Gu6KGo6KiY44Gr44Gk44GE44Gm44CR77yIV++8ieOBr+aoquW5heOAge+8iETvvInjga/lpaXooYzjgY3jgIHvvIhI77yJ44Gv6auY44GV44Gr44Gq44KK44G+44GZ44CCPC9mb250PjxiciAvPjwhLS3jgZPjgZPjgYvjgonjgrnjg57jg5vjg6zjgrjliY3llYblk4EtLT48YnIgLz48dGFibGUgd2lkdGg9IjEwMCUiIGJvcmRlcj0iMCIgY2VsbHNwYWNpbmc9IjAiIGNlbGxwYWRkaW5nPSIwIj48dHI+PHRkPjxpbWcgPSIiIHNyYz0iaHR0cDovL2ltYWdlLnJha3V0ZW4uY28uanAvemFra2F5YWZyZWUvY2FiaW5ldC9oZWFkZXIvY3lvaXRhc2hpLTEuanBnIiB3aWR0aD0iMTAwJSIgLz48L3RkPjwvdHI+PHRyPjx0ZD48aW1nID0iIiBzcmM9Imh0dHA6Ly9pbWFnZS5yYWt1dGVuLmNvLmpwL3pha2theWFmcmVlL2NhYmluZXQvaGVhZGVyLzAwMDAwMDA1NTItMzI2MTAwLmpwZyIgd2lkdGg9IjEwMCUiIGJvcmRlcj0iMCIgLz48L3RkPjwvdHI+PHRyPjx0ZD48aW1nID0iIiBzcmM9Imh0dHA6Ly9pbWFnZS5yYWt1dGVuLmNvLmpwL3pha2theWFmcmVlL2NhYmluZXQvaGVhZGVyLzAwMDAwMDA4OTctMzI2MTAwLmpwZyIgd2lkdGg9IjEwMCUiIGJvcmRlcj0iMCIgLz48L3RkPjwvdHI+PHRyPjx0ZD48aW1nID0iIiBzcmM9Imh0dHA6Ly9pbWFnZS5yYWt1dGVuLmNvLmpwL3pha2theWFmcmVlL2NhYmluZXQvaGVhZGVyL3NwLWl3bHk0MDEwLTMyNjEwMC5qcGciIHdpZHRoPSIxMDAlIiBib3JkZXI9IjAiIC8+PC90ZD48L3RyPjwvdGFibGU+PCEtLeOBk+OBk+OBvuOBp+OCueODnuODm+ODrOOCuOWJjeWVhuWTgS0tPg==,44CQ6YCB5paZ54Sh5paZ44CR44K944O844Op44O844Op44Kk44OIIOOCrOODvOODh+ODs+ODqeOCpOODiCBMRUQg5bGL5aSWIOW6rSDjgr3jg7zjg6njg7zjg6njgqTjg4jvvIjlpKfvvInnhZnnqoHjgZ3jgYbjgZjvvJrjgYvjgo/jgYTjgYTvvIbjgYrjgoLjgZfjgo3pm5HosqjlsYvjg5Xjg6rjg7w=,6YCa5L+h6LKp5aOy6YCa6LKp44K344On44OD44OU44Oz44Kw44Kq44Oz44Op44Kk44Oz44K344On44OD44OU44Oz44Kw6LK344GE54mp44OX44Os44K844Oz44OI44Ku44OV44OI6LSI44KK54mp6LSI562U5ZOB44GK5Lit5YWD44GK5q2z5pqu44GK6LK344GE5b6X5Y+O57SN44Oc44OD44Kv44K56ZuR6LKo44Kk44Oz44OG44Oq6ZuR6LKo55Sf5rS76ZuR6LKo44Kt44OD44OB44Oz6ZuR6LKo44Ks44O844OH44OL44Oz44Kw6ZuR6LKo44GK44KC44GX44KN6ZuR6LKo44GK44KC44GX44KN54Gw55q/44OG44Kj44OD44K344Ol44Kx44O844K5546E6Zai44Oe44OD44OI5YKY56uL44Gm44GK6Iy256KX6ZuR6LKo44Ks44O844OH44Oz44GU44G/566x44Kr44Os44Oz44OA44O844OB44Kn44K544Oe44Kw44Kr44OD44OX44Oa44Ki44CQ6YCB5paZ54Sh5paZ44CR44K944O844Op44O844Op44Kk44OIIOOCrOODvOODh+ODs+ODqeOCpOODiCBMRUQg5bGL5aSWIOW6rSDjgr3jg7zjg6njg7zjg6njgqTjg4jvvIjlpKfvvInnhZnnqoHjgZ3jgYbjgZg=,57Sg5pW144Gq44Ks44O844OH44OL44Oz44Kw44Kw44OD44K644CC44CQ6YCB5paZ54Sh5paZ44CR44K944O844Op44O844Op44Kk44OIIOOCrOODvOODh+ODs+ODqeOCpOODiCBMRUQg5bGL5aSWIOW6rSDjgr3jg7zjg6njg7zjg6njgqTjg4jvvIjlpKfvvInnhZnnqoHjgZ3jgYbjgZg=[rn]
11-197570,aHR0cDovL3RzaG9wLnIxMHMuanAvemFra2F5YWZyZWUvY2FiaW5ldC9pbWcxNy9zZXQtc3ItMDc0Mi5qcGc/Zml0aW49NzAwOjcwMA==,Nzc3Ni4wMDAw,,6Iqx44O744Ks44O844OH44Oz44O7RElZID4g44Ko44Kv44K544OG44Oq44Ki44O744Ks44O844OH44Oz44OV44Kh44OL44OB44Oj44O8ID4g44Op44Kk44OI44O744Kk44Or44Of44ON44O844K344On44OzID4g44Ks44O844OH44Oz44Op44Kk44OIIOODu+eBr+evrQ==,44CQ6YCB5paZ54Sh5paZ44CR44K944O844Op44O844Op44Kk44OIIOOCrOODvOODh+ODs+ODqeOCpOODiCBMRUQg5bGL5aSWIOW6rSDjgr3jg7zjg6njg7zjgqrjg7zjg4rjg6Hjg7Pjg4go44Of44Oe44Ov44OqKQ==,,PHRhYmxlIHdpZHRoPSIxMDAlIiBib3JkZXI9IjAiIGFsaWduPSJjZW50ZXIiIGNlbGxwYWRkaW5nPSIwIiBjZWxsc3BhY2luZz0iMCI+PHRyPjx0ZCBhbGlnbj0iY2VudGVyIiB2YWxpZ249InRvcCI+PGltZyBzcmM9Imh0dHA6Ly9pbWFnZS5yYWt1dGVuLmNvLmpwL3pha2theWFmcmVlL2NhYmluZXQvaW1nMTcvc2V0LXNyLTA3NDIuanBnIiB3aWR0aD0iMTAwJSIgLz48L3RkPjwvdHI+PHRyPjx0ZCBhbGlnbj0iY2VudGVyIiB2YWxpZ249InRvcCI+PHRhYmxlIHdpZHRoPSIxMDAlIiBib3JkZXI9IjEiIGNlbGxzcGFjaW5nPSIxIiBjZWxscGFkZGluZz0iMCIgYm9yZGVyY29sb3I9IiNGRjk5RkYiIGJnY29sb3I9IiNGRkNDRkYiPjx0cj48dGQgd2lkdGg9IjE3JSIgaGVpZ2h0PSIzMCIgYWxpZ249ImxlZnQiIHZhbGlnbj0ibWlkZGxlIj7jgrXjgqTjgro8L3RkPjx0ZCBoZWlnaHQ9IjMwIiBhbGlnbj0ibGVmdCIgdmFsaWduPSJtaWRkbGUiPlcyNS40w5dEMjDDl0gzMu+8iOOCu+ODs+ODge+8iTwvdGQ+PC90cj48dHI+PHRkIHdpZHRoPSIxNyUiIGhlaWdodD0iMzAiIGFsaWduPSJsZWZ0IiB2YWxpZ249Im1pZGRsZSI+57Sg5p2QPC90ZD48dGQgaGVpZ2h0PSIzMCIgYWxpZ249ImxlZnQiIHZhbGlnbj0ibWlkZGxlIj7jg6zjgrjjg7PjgIHvvKHvvKLvvLPmqLnohII8L3RkPjwvdHI+PHRyPjx0ZCB3aWR0aD0iMTclIiBoZWlnaHQ9IjMwIiBhbGlnbj0ibGVmdCIgdmFsaWduPSJtaWRkbGUiPuWCmeiAgzwvdGQ+PHRkIGhlaWdodD0iMzAiIGFsaWduPSJsZWZ0IiB2YWxpZ249Im1pZGRsZSI+5YWJ44K744Oz44K144O85LuY44GNPC90ZD48L3RyPjwvdGFibGU+PC90ZD48L3RyPjx0cj48dGQgYWxpZ249ImNlbnRlciIgdmFsaWduPSJ0b3AiPjx0YWJsZSB3aWR0aD0iMTAwJSIgYm9yZGVyPSIxIiBjZWxsc3BhY2luZz0iMSIgY2VsbHBhZGRpbmc9IjAiIGJvcmRlcmNvbG9yPSIjRkY5OUZGIj48dHI+PHRkIGFsaWduPSJsZWZ0IiB2YWxpZ249Im1pZGRsZSI+PGZvbnQgY29sb3I9IiNGRjAwMDAiIHNpemU9IjQiPjxiciAvPuS4jeaAneitsOOBruWbveOBi+OCieOChOOBo+OBpuOBjeOBn+OCreODo+ODqeOCr+OCv+ODvOOBn+OBoeOAgjwvZm9udD48YnI+PGJyPjxmb250IGNvbG9yPSIjMDAwMDAwIiBzaXplPSIzIj7jgr3jg7zjg6njg7zjg6njgqTjg4jjga/mmLzjgavjg5Hjg6/jg7zjgpLmupzjgoHjgabjgIHmmpfjgY/jgarjgovjgajjg57jg7zjgq/jga7pg6jliIbjgYzoh6rnhLbjgavngrnnga/jgZfjgb7jgZnjgII8YnI+PGJyPuWknOOBruW6reOCkuW5u+aDs+eahOOBquS4lueVjOOBuOiqmOOBo+OBpuOBj+OCjOOCi+OAgee9ruOBj+OBoOOBkeOBp+ODr+ODs+ODgOODvOODqeODs+ODieOBruS4lueVjOims+OBjOWRs+OCj+OBiOOBvuOBmeOAgjxicj48YnI+PC9mb250PjwvdGQ+PC90cj48L3RhYmxlPjwvdGQ+PC90cj48dHI+PHRkIGFsaWduPSJjZW50ZXIiIHZhbGlnbj0idG9wIj48aW1nIHNyYz0iaHR0cDovL2ltYWdlLnJha3V0ZW4uY28uanAvemFra2F5YWZyZWUvY2FiaW5ldC9pbWcxNy9zZXQtc3ItMDc0Ml8xLmpwZyIgd2lkdGg9IjEwMCUiIC8+PC90ZD48L3RyPjwvdGFibGU+PGJyIC8+PGZvbnQgc2l6ZT0iMiI+44CQ5ZOB5ZCN44CR44K944O844Op44O844Op44Kk44OIIOOCrOODvOODh+ODs+ODqeOCpOODiCBMRUQg5bGL5aSWIOW6rSDjgr3jg7zjg6njg7zjgqrjg7zjg4rjg6Hjg7Pjg4go44Of44Oe44Ov44OqKTxiciAvPuOAkOOCteOCpOOCuuOBruihqOiomOOBq+OBpOOBhOOBpuOAke+8iFfvvInjga/mqKrluYXjgIHvvIhE77yJ44Gv5aWl6KGM44GN44CB77yISO+8ieOBr+mrmOOBleOBq+OBquOCiuOBvuOBmeOAgjwvZm9udD48YnIgLz48IS0t44GT44GT44GL44KJ44K544Oe44Ob44Os44K45YmN5ZWG5ZOBLS0+PGJyIC8+PHRhYmxlIHdpZHRoPSIxMDAlIiBib3JkZXI9IjAiIGNlbGxzcGFjaW5nPSIwIiBjZWxscGFkZGluZz0iMCI+PHRyPjx0ZD48aW1nID0iIiBzcmM9Imh0dHA6Ly9pbWFnZS5yYWt1dGVuLmNvLmpwL3pha2theWFmcmVlL2NhYmluZXQvaGVhZGVyL2N5b2l0YXNoaS0xLmpwZyIgd2lkdGg9IjEwMCUiIC8+PC90ZD48L3RyPjx0cj48dGQ+PGltZyA9IiIgc3JjPSJodHRwOi8vaW1hZ2UucmFrdXRlbi5jby5qcC96YWtrYXlhZnJlZS9jYWJpbmV0L2hlYWRlci8wMDAwMDAwNTUyLTMyNjEwMC5qcGciIHdpZHRoPSIxMDAlIiBib3JkZXI9IjAiIC8+PC90ZD48L3RyPjx0cj48dGQ+PGltZyA9IiIgc3JjPSJodHRwOi8vaW1hZ2UucmFrdXRlbi5jby5qcC96YWtrYXlhZnJlZS9jYWJpbmV0L2hlYWRlci8wMDAwMDAwODk3LTMyNjEwMC5qcGciIHdpZHRoPSIxMDAlIiBib3JkZXI9IjAiIC8+PC90ZD48L3RyPjx0cj48dGQ+PGltZyA9IiIgc3JjPSJodHRwOi8vaW1hZ2UucmFrdXRlbi5jby5qcC96YWtrYXlhZnJlZS9jYWJpbmV0L2hlYWRlci9zcC1pd2x5NDAxMC0zMjYxMDAuanBnIiB3aWR0aD0iMTAwJSIgYm9yZGVyPSIwIiAvPjwvdGQ+PC90cj48L3RhYmxlPjwhLS3jgZPjgZPjgb7jgafjgrnjg57jg5vjg6zjgrjliY3llYblk4EtLT4=,44CQ6YCB5paZ54Sh5paZ44CR44K944O844Op44O844Op44Kk44OIIOOCrOODvOODh+ODs+ODqeOCpOODiCBMRUQg5bGL5aSWIOW6rSDjgr3jg7zjg6njg7zjgqrjg7zjg4rjg6Hjg7Pjg4go44Of44Oe44Ov44OqKe+8muOBi+OCj+OBhOOBhO+8huOBiuOCguOBl+OCjembkeiyqOWxi+ODleODquODvA==,6YCa5L+h6LKp5aOy6YCa6LKp44K344On44OD44OU44Oz44Kw44Kq44Oz44Op44Kk44Oz44K344On44OD44OU44Oz44Kw6LK344GE54mp44OX44Os44K844Oz44OI44Ku44OV44OI6LSI44KK54mp6LSI562U5ZOB44GK5Lit5YWD44GK5q2z5pqu44GK6LK344GE5b6X5Y+O57SN44Oc44OD44Kv44K56ZuR6LKo44Kk44Oz44OG44Oq6ZuR6LKo55Sf5rS76ZuR6LKo44Kt44OD44OB44Oz6ZuR6LKo44Ks44O844OH44OL44Oz44Kw6ZuR6LKo44GK44KC44GX44KN6ZuR6LKo44GK44KC44GX44KN54Gw55q/44OG44Kj44OD44K344Ol44Kx44O844K5546E6Zai44Oe44OD44OI5YKY56uL44Gm44GK6Iy256KX6ZuR6LKo44Ks44O844OH44Oz44GU44G/566x44Kr44Os44Oz44OA44O844OB44Kn44K544Oe44Kw44Kr44OD44OX44Oa44Ki44CQ6YCB5paZ54Sh5paZ44CR44K944O844Op44O844Op44Kk44OIIOOCrOODvOODh+ODs+ODqeOCpOODiCBMRUQg5bGL5aSWIOW6rSDjgr3jg7zjg6njg7zjgqrjg7zjg4rjg6Hjg7Pjg4go44Of44Oe44Ov44OqKQ==,44GL44KP44GE44GE44O744GK44GX44KD44KM44Gq6ZuR6LKo44CC44CQ6YCB5paZ54Sh5paZ44CR44K944O844Op44O844Op44Kk44OIIOOCrOODvOODh+ODs+ODqeOCpOODiCBMRUQg5bGL5aSWIOW6rSDjgr3jg7zjg6njg7zjgqrjg7zjg4rjg6Hjg7Pjg4go44Of44Oe44Ov44OqKQ==[rn]
11-197571,aHR0cDovL3RzaG9wLnIxMHMuanAvemFra2F5YWZyZWUvY2FiaW5ldC9pbWcxMC9zZXQtc3IwNzYzLmpwZz9maXRpbj03MDA6NzAw,MTIwOTYuMDAwMA==,,6Iqx44O744Ks44O844OH44Oz44O7RElZID4g44Ko44Kv44K544OG44Oq44Ki44O744Ks44O844OH44Oz44OV44Kh44OL44OB44Oj44O8ID4g44Op44Kk44OI44O744Kk44Or44Of44ON44O844K344On44OzID4g44Ks44O844OH44Oz44Op44Kk44OIIOODu+eBr+evrQ==,6YCB5paZ54Sh5paZIOmAgeaWmei+vCDjgqzjg7zjg4fjg4vjg7PjgrDpm5Hosqgg5LiN5oCd6K2w44Gu5Zu944Gu44Ki44Oq44K5IOOCrOODvOODh+ODs+ODqeOCpOODiCDjgr3jg7zjg6njg7zjg6njgqTjg4jvvIjjg4/jg7Pjg5fjg4bjgqPjg4Djg7Pjg5fjg4bjgqPvvIk=,,PHRhYmxlIHdpZHRoPSIzMTAiIGJvcmRlcj0iMCIgYWxpZ249ImNlbnRlciIgY2VsbHBhZGRpbmc9IjAiIGNlbGxzcGFjaW5nPSIwIj48dHI+PHRkIGFsaWduPSJjZW50ZXIiIHZhbGlnbj0idG9wIj48aW1nIHNyYz0iaHR0cDovL2ltYWdlLnJha3V0ZW4uY28uanAvemFra2F5YWZyZWUvY2FiaW5ldC9zbWgvcGFnZTEvc2V0LXNyMDc2My1zbS5qcGciIHdpZHRoPSIzMTAiIGhlaWdodD1hdXRvPjwvdGQ+PC90cj48dHI+PHRkIGFsaWduPSJjZW50ZXIiIHZhbGlnbj0idG9wIj48dGFibGUgd2lkdGg9IjMxMCIgYm9yZGVyPSIxIiBjZWxsc3BhY2luZz0iMSIgY2VsbHBhZGRpbmc9IjAiIGJvcmRlcmNvbG9yPSIjRkY5OUZGIiBiZ2NvbG9yPSIjRkZDQ0ZGIj48dHI+PHRkIHdpZHRoPSI1MCIgYWxpZ249ImxlZnQiIHZhbGlnbj0ibWlkZGxlIj48Zm9udCBjb2xvcj0iIzAwMDAwMCIgc2l6ZT0iMiI+PGI+44K144Kk44K6PC9iPjwvZm9udD48L3RkPjx0ZCBhbGlnbj0ibGVmdCIgdmFsaWduPSJtaWRkbGUiPjxiPjxmb250IGNvbG9yPSIjMDAwMDAwIiBzaXplPSIyIj7luYXntIQ0MDVtbcOX6auY57SENTIwbW3Dl+Wlpee0hDE5MG1tPC9mb250PjwvYj48L3RkPjwvdHI+PHRyPjx0ZCB3aWR0aD0iNTAiIGFsaWduPSJsZWZ0IiB2YWxpZ249Im1pZGRsZSI+PGZvbnQgY29sb3I9IiMwMDAwMDAiIHNpemU9IjIiPjxiPue0oOadkDwvYj48L2ZvbnQ+PC90ZD48dGQgYWxpZ249ImxlZnQiIHZhbGlnbj0ibWlkZGxlIj48Yj48Zm9udCBjb2xvcj0iIzAwMDAwMCIgc2l6ZT0iMiI+44Os44K444OzPC9mb250PjwvYj48L3RkPjwvdHI+PHRyPjx0ZCB3aWR0aD0iNTAiIGFsaWduPSJsZWZ0IiB2YWxpZ249Im1pZGRsZSI+PGZvbnQgY29sb3I9IiMwMDAwMDAiIHNpemU9IjIiPjxiPuWCmeiAgzwvYj48L2ZvbnQ+PC90ZD48dGQgYWxpZ249ImxlZnQiIHZhbGlnbj0ibWlkZGxlIj48Yj48Zm9udCBjb2xvcj0iIzAwMDAwMCIgc2l6ZT0iMiI+5YWJ44K744Oz44K144O85LuY44GNPC9mb250PjwvYj48L3RkPjwvdHI+PC90YWJsZT48L3RkPjwvdHI+PHRyPjx0ZCBhbGlnbj0iY2VudGVyIiB2YWxpZ249InRvcCI+PHRhYmxlIHdpZHRoPSIzMTAiIGJvcmRlcj0iMSIgY2VsbHNwYWNpbmc9IjEiIGNlbGxwYWRkaW5nPSIwIiBib3JkZXJjb2xvcj0iI0ZGOTlGRiI+PHRyPjx0ZCBhbGlnbj0iY2VudGVyIiB2YWxpZ249Im1pZGRsZSI+PGI+PGZvbnQgY29sb3I9IiNGRjAwMDAiIHNpemU9IjQiPuOCouODquOCueODu+OCpOODs+ODu+ODr+ODs+ODgOODvOODqeODs+ODiTwvZm9udD48YnI+PGZvbnQgY29sb3I9IiMwMDAwRkYiIHNpemU9IjMiPuOCouODquOCueOBq+WHuuOBpuOBj+OCi+ODj+ODs+ODl+ODhuOCo+ODgOODs+ODl+ODhuOCo+OBruOCveODvOODqeODvOOCrOODvOODh+ODs+ODqeOCpOODiOOBp+OBmeOAgjxicj7lhYnjgrvjg7PjgrXjg7zku5jjgY3jgaDjgYvjgonlpJzjga/pm7Dlm7LmsJfoia/jgY/jgYrluq3jgpLnhafjgonjgZfjgabjgY/jgozjgb7jgZnjgII8YnI+44Gf44GP44GV44KT5o+D44GI44Gm44GK5bqt44KS44Ki44Oq44K544Gu5LiW55WM44Gr44GX44Gh44KD44GK44GG77yBPC9mb250PjwvYj48L3RkPjwvdHI+PC90YWJsZT48L3RkPjwvdHI+PHRyPjx0ZCBhbGlnbj0iY2VudGVyIiB2YWxpZ249InRvcCI+PGltZyBzcmM9Imh0dHA6Ly9pbWFnZS5yYWt1dGVuLmNvLmpwL3pha2theWFmcmVlL2NhYmluZXQvc21oL3BhZ2UxL3NldC1zcjA3NjNfMS1zaS5qcGciIHdpZHRoPSIzMTAiIGhlaWdodD1hdXRvPjwvdGQ+PC90cj48L3RhYmxlPjwhLS3jgZPjgZPjgYvjgonjgrnjg57jg5vjg6zjgrjliY3llYblk4EtLT48YnIgLz48dGFibGUgd2lkdGg9IjEwMCUiIGJvcmRlcj0iMCIgY2VsbHNwYWNpbmc9IjAiIGNlbGxwYWRkaW5nPSIwIj48dHI+PHRkPjxpbWcgPSIiIHNyYz0iaHR0cDovL2ltYWdlLnJha3V0ZW4uY28uanAvemFra2F5YWZyZWUvY2FiaW5ldC9oZWFkZXIvY3lvaXRhc2hpLTEuanBnIiB3aWR0aD0iMTAwJSIgLz48L3RkPjwvdHI+PHRyPjx0ZD48aW1nID0iIiBzcmM9Imh0dHA6Ly9pbWFnZS5yYWt1dGVuLmNvLmpwL3pha2theWFmcmVlL2NhYmluZXQvaGVhZGVyLzAwMDAwMDA1NTItMzI2MTAwLmpwZyIgd2lkdGg9IjEwMCUiIGJvcmRlcj0iMCIgLz48L3RkPjwvdHI+PHRyPjx0ZD48aW1nID0iIiBzcmM9Imh0dHA6Ly9pbWFnZS5yYWt1dGVuLmNvLmpwL3pha2theWFmcmVlL2NhYmluZXQvaGVhZGVyLzAwMDAwMDA4OTctMzI2MTAwLmpwZyIgd2lkdGg9IjEwMCUiIGJvcmRlcj0iMCIgLz48L3RkPjwvdHI+PHRyPjx0ZD48aW1nID0iIiBzcmM9Imh0dHA6Ly9pbWFnZS5yYWt1dGVuLmNvLmpwL3pha2theWFmcmVlL2NhYmluZXQvaGVhZGVyL3NwLWl3bHk0MDEwLTMyNjEwMC5qcGciIHdpZHRoPSIxMDAlIiBib3JkZXI9IjAiIC8+PC90ZD48L3RyPjwvdGFibGU+PCEtLeOBk+OBk+OBvuOBp+OCueODnuODm+ODrOOCuOWJjeWVhuWTgS0tPg==,6YCB5paZ54Sh5paZIOmAgeaWmei+vCDjgqzjg7zjg4fjg4vjg7PjgrDpm5Hosqgg5LiN5oCd6K2w44Gu5Zu944Gu44Ki44Oq44K5IOOCrOODvOODh+ODs+ODqeOCpOODiCDjgr3jg7zjg6njg7zjg6njgqTjg4jvvIjjg4/jg7Pjg5fjg4bjgqPjg4Djg7Pjg5fjg4bjgqPvvInvvJrjgYvjgo/jgYTjgYTvvIbjgYrjgoLjgZfjgo3pm5HosqjlsYvjg5Xjg6rjg7w=,6YCa5L+h6LKp5aOy6YCa6LKp44K344On44OD44OU44Oz44Kw44Kq44Oz44Op44Kk44Oz44K344On44OD44OU44Oz44Kw6LK344GE54mp44OX44Os44K844Oz44OI44Ku44OV44OI6LSI44KK54mp6LSI562U5ZOB44GK5Lit5YWD44GK5q2z5pqu44GK6LK344GE5b6X5Y+O57SN44Oc44OD44Kv44K56ZuR6LKo44Kk44Oz44OG44Oq6ZuR6LKo55Sf5rS76ZuR6LKo44Kt44OD44OB44Oz6ZuR6LKo44Ks44O844OH44OL44Oz44Kw6ZuR6LKo44GK44KC44GX44KN6ZuR6LKo44GK44KC44GX44KN54Gw55q/44OG44Kj44OD44K344Ol44Kx44O844K5546E6Zai44Oe44OD44OI5YKY56uL44Gm44GK6Iy256KX6ZuR6LKo44Ks44O844OH44Oz44GU44G/566x44Kr44Os44Oz44OA44O844OB44Kn44K544Oe44Kw44Kr44OD44OX44Oa44Ki6YCB5paZ54Sh5paZIOmAgeaWmei+vCDjgqzjg7zjg4fjg4vjg7PjgrDpm5Hosqgg5LiN5oCd6K2w44Gu5Zu944Gu44Ki44Oq44K5IOOCrOODvOODh+ODs+ODqeOCpOODiCDjgr3jg7zjg6njg7zjg6njgqTjg4jvvIjjg4/jg7Pjg5fjg4bjgqPjg4Djg7Pjg5fjg4bjgqPvvIk=,44Ks44O844OH44Oz6ZuR6LKo772c5LiN5oCd6K2w44Gu5Zu944Gu44Ki44Oq44K5772c44Ks44O844OH44Oz44Op44Kk44OI772c44CC6YCB5paZ54Sh5paZIOmAgeaWmei+vCDjgqzjg7zjg4fjg4vjg7PjgrDpm5Hosqgg5LiN5oCd6K2w44Gu5Zu944Gu44Ki44Oq44K5IOOCrOODvOODh+ODs+ODqeOCpOODiCDjgr3jg7zjg6njg7zjg6njgqTjg4jvvIjjg4/jg7Pjg5fjg4bjgqPjg4Djg7Pjg5fjg4bjgqPvvIk=[rn]
11-197572,aHR0cDovL3RzaG9wLnIxMHMuanAvemFra2F5YWZyZWUvY2FiaW5ldC9pbWcxMC9zZXQtc2kxOTIzLmpwZz9maXRpbj03MDA6NzAw,NjkxMi4wMDAw,,6Iqx44O744Ks44O844OH44Oz44O7RElZID4g44Ko44Kv44K544OG44Oq44Ki44O744Ks44O844OH44Oz44OV44Kh44OL44OB44Oj44O8ID4g44Op44Kk44OI44O744Kk44Or44Of44ON44O844K344On44OzID4g44Ks44O844OH44Oz44Op44Kk44OIIOODu+eBr+evrQ==,44ON44Kz44Gu44K344Or44Ko44OD44OI44K944O844Op44O844Op44Kk44OI77yI44Kt44Oj44OD44OI77yJ,,PHRhYmxlIHdpZHRoPSIzMTAiIGJvcmRlcj0iMCIgYWxpZ249ImNlbnRlciIgY2VsbHBhZGRpbmc9IjAiIGNlbGxzcGFjaW5nPSIwIj48dHI+PHRkIGFsaWduPSJjZW50ZXIiIHZhbGlnbj0idG9wIj48aW1nIHNyYz0iaHR0cDovL2ltYWdlLnJha3V0ZW4uY28uanAvemFra2F5YWZyZWUvY2FiaW5ldC9zbWgvcGFnZTEvc2V0LXNpMTkyMy1zbS5qcGciIHdpZHRoPSIzMTAiIGhlaWdodD1hdXRvPjwvdGQ+PC90cj48dHI+PHRkIGFsaWduPSJjZW50ZXIiIHZhbGlnbj0idG9wIj48dGFibGUgd2lkdGg9IjMxMCIgYm9yZGVyPSIxIiBjZWxsc3BhY2luZz0iMSIgY2VsbHBhZGRpbmc9IjAiIGJvcmRlcmNvbG9yPSIjRkY5OUZGIiBiZ2NvbG9yPSIjRkZDQ0ZGIj48dHI+PHRkIHdpZHRoPSI1MCIgYWxpZ249ImxlZnQiIHZhbGlnbj0ibWlkZGxlIj48Zm9udCBjb2xvcj0iIzAwMDAwMCIgc2l6ZT0iMiI+PGI+44K144Kk44K6PC9iPjwvZm9udD48L3RkPjx0ZCBhbGlnbj0ibGVmdCIgdmFsaWduPSJtaWRkbGUiPjxiPjxmb250IGNvbG9yPSIjMDAwMDAwIiBzaXplPSIyIj7luYXntIQyOTBtbcOX6auY57SENjcwbW3Dl+Wlpee0hDIwMG1tPC9mb250PjwvYj48L3RkPjwvdHI+PHRyPjx0ZCB3aWR0aD0iNTAiIGFsaWduPSJsZWZ0IiB2YWxpZ249Im1pZGRsZSI+PGZvbnQgY29sb3I9IiMwMDAwMDAiIHNpemU9IjIiPjxiPue0oOadkDwvYj48L2ZvbnQ+PC90ZD48dGQgYWxpZ249ImxlZnQiIHZhbGlnbj0ibWlkZGxlIj48Yj48Zm9udCBjb2xvcj0iIzAwMDAwMCIgc2l6ZT0iMiI+44K544OB44O844OrPC9mb250PjwvYj48L3RkPjwvdHI+PHRyPjx0ZCB3aWR0aD0iNTAiIGFsaWduPSJsZWZ0IiB2YWxpZ249Im1pZGRsZSI+PGZvbnQgY29sb3I9IiMwMDAwMDAiIHNpemU9IjIiPjxiPuWCmeiAgzwvYj48L2ZvbnQ+PC90ZD48dGQgYWxpZ249ImxlZnQiIHZhbGlnbj0ibWlkZGxlIj48Yj48Zm9udCBjb2xvcj0iIzAwMDAwMCIgc2l6ZT0iMiI+5YWJ44K744Oz44K144O85LuY44GN44CB6Ziy6Zuo5LuV5qeY44CB57WE44G/56uL44Gm5byPPC9mb250PjwvYj48L3RkPjwvdHI+PC90YWJsZT48L3RkPjwvdHI+PHRyPjx0ZCBhbGlnbj0iY2VudGVyIiB2YWxpZ249InRvcCI+PHRhYmxlIHdpZHRoPSIzMTAiIGJvcmRlcj0iMSIgY2VsbHNwYWNpbmc9IjEiIGNlbGxwYWRkaW5nPSIwIiBib3JkZXJjb2xvcj0iI0ZGOTlGRiI+PHRyPjx0ZCBhbGlnbj0iY2VudGVyIiB2YWxpZ249Im1pZGRsZSI+PGI+PGZvbnQgY29sb3I9IiNGRjAwMDAiIHNpemU9IjQiPuWkqumZveWFieOBp+WFhembu+OBmeOCi+OBi+OCieOBqOOBo+OBpuOCgue1jOa4iOeahOOAgjwvZm9udD48YnI+PGZvbnQgY29sb3I9IiMwMDAwRkYiIHNpemU9IjMiPueMq+OBruOCt+ODq+OCqOODg+ODiOOBjOWPr+aEm+OBhOOCrOODvOODh+ODs+OAgeOCveODvOODqeODvOODqeOCpOODiOOBp+OBmeOAgjwvZm9udD48L2I+PC90ZD48L3RyPjwvdGFibGU+PC90ZD48L3RyPjx0cj48dGQgYWxpZ249ImNlbnRlciIgdmFsaWduPSJ0b3AiPjxpbWcgc3JjPSJodHRwOi8vaW1hZ2UucmFrdXRlbi5jby5qcC96YWtrYXlhZnJlZS9jYWJpbmV0L3NtaC9wYWdlMS9zZXQtc2kxOTIzXzEtc2kuanBnIiB3aWR0aD0iMzEwIiBoZWlnaHQ9YXV0bz48L3RkPjwvdHI+PC90YWJsZT48IS0t44GT44GT44GL44KJ44K544Oe44Ob44Os44K45YmN5ZWG5ZOBLS0+PGJyIC8+PHRhYmxlIHdpZHRoPSIxMDAlIiBib3JkZXI9IjAiIGNlbGxzcGFjaW5nPSIwIiBjZWxscGFkZGluZz0iMCI+PHRyPjx0ZD48aW1nID0iIiBzcmM9Imh0dHA6Ly9pbWFnZS5yYWt1dGVuLmNvLmpwL3pha2theWFmcmVlL2NhYmluZXQvaGVhZGVyL2N5b2l0YXNoaS0xLmpwZyIgd2lkdGg9IjEwMCUiIC8+PC90ZD48L3RyPjx0cj48dGQ+PGltZyA9IiIgc3JjPSJodHRwOi8vaW1hZ2UucmFrdXRlbi5jby5qcC96YWtrYXlhZnJlZS9jYWJpbmV0L2hlYWRlci8wMDAwMDAwNTUyLTMyNjEwMC5qcGciIHdpZHRoPSIxMDAlIiBib3JkZXI9IjAiIC8+PC90ZD48L3RyPjx0cj48dGQ+PGltZyA9IiIgc3JjPSJodHRwOi8vaW1hZ2UucmFrdXRlbi5jby5qcC96YWtrYXlhZnJlZS9jYWJpbmV0L2hlYWRlci8wMDAwMDAwODk3LTMyNjEwMC5qcGciIHdpZHRoPSIxMDAlIiBib3JkZXI9IjAiIC8+PC90ZD48L3RyPjx0cj48dGQ+PGltZyA9IiIgc3JjPSJodHRwOi8vaW1hZ2UucmFrdXRlbi5jby5qcC96YWtrYXlhZnJlZS9jYWJpbmV0L2hlYWRlci9zcC1pd2x5NDAxMC0zMjYxMDAuanBnIiB3aWR0aD0iMTAwJSIgYm9yZGVyPSIwIiAvPjwvdGQ+PC90cj48L3RhYmxlPjwhLS3jgZPjgZPjgb7jgafjgrnjg57jg5vjg6zjgrjliY3llYblk4EtLT4=,44ON44Kz44Gu44K344Or44Ko44OD44OI44K944O844Op44O844Op44Kk44OI77yI44Kt44Oj44OD44OI77yJ77ya44GL44KP44GE44GE77yG44GK44KC44GX44KN6ZuR6LKo5bGL44OV44Oq44O8,6YCa5L+h6LKp5aOy6YCa6LKp44K344On44OD44OU44Oz44Kw44Kq44Oz44Op44Kk44Oz44K344On44OD44OU44Oz44Kw6LK344GE54mp44OX44Os44K844Oz44OI44Ku44OV44OI6LSI44KK54mp6LSI562U5ZOB44GK5Lit5YWD44GK5q2z5pqu44GK6LK344GE5b6X5Y+O57SN44Oc44OD44Kv44K56ZuR6LKo44Kk44Oz44OG44Oq6ZuR6LKo55Sf5rS76ZuR6LKo44Kt44OD44OB44Oz6ZuR6LKo44Ks44O844OH44OL44Oz44Kw6ZuR6LKo44GK44KC44GX44KN6ZuR6LKo44GK44KC44GX44KN54Gw55q/44OG44Kj44OD44K344Ol44Kx44O844K5546E6Zai44Oe44OD44OI5YKY56uL44Gm44GK6Iy256KX6ZuR6LKo44Ks44O844OH44Oz44GU44G/566x44Kr44Os44Oz44OA44O844OB44Kn44K544Oe44Kw44Kr44OD44OX44Oa44Ki44ON44Kz44Gu44K344Or44Ko44OD44OI44K944O844Op44O844Op44Kk44OI77yI44Kt44Oj44OD44OI77yJ,44Ks44O844OH44Oz44Op44Kk44OI772c44Ks44O844OH44OL44Oz44Kw772c44Ko44Kv44K544OG44Oq44Ki772c44CC44ON44Kz44Gu44K344Or44Ko44OD44OI44K944O844Op44O844Op44Kk44OI77yI44Kt44Oj44OD44OI77yJ[rn]
11-197573,aHR0cDovL3RzaG9wLnIxMHMuanAvemFra2F5YWZyZWUvY2FiaW5ldC9pbWcxMC9zZXQtc2kxMDQyLmpwZz9maXRpbj03MDA6NzAw,MTAzNjguMDAwMA==,,6Iqx44O744Ks44O844OH44Oz44O7RElZID4g44Ko44Kv44K544OG44Oq44Ki44O744Ks44O844OH44Oz44OV44Kh44OL44OB44Oj44O8ID4g44Op44Kk44OI44O744Kk44Or44Of44ON44O844K344On44OzID4g44Ks44O844OH44Oz44Op44Kk44OIIOODu+eBr+evrQ==,6YCB5paZ54Sh5paZIOmAgeaWmei+vCDjgqzjg7zjg4fjg7Pjg6njgqTjg4gg5YWJ44K744Oz44K144O8IOWxi+WkliDjgqzjg7zjg4fjg4vjg7PjgrAg44K944O844Op44O844Op44Kk44OI77yI44OV44Kp44Os44K544OI77yJ77yS54Gv44K/44Kk44OX,,PHRhYmxlIHdpZHRoPSIzMTAiIGJvcmRlcj0iMCIgYWxpZ249ImNlbnRlciIgY2VsbHBhZGRpbmc9IjAiIGNlbGxzcGFjaW5nPSIwIj48dHI+PHRkIGFsaWduPSJjZW50ZXIiIHZhbGlnbj0idG9wIj48aW1nIHNyYz0iaHR0cDovL2ltYWdlLnJha3V0ZW4uY28uanAvemFra2F5YWZyZWUvY2FiaW5ldC9zbWgvcGFnZTEvc2V0LXNpMTA0Mi1zbS5qcGciIHdpZHRoPSIzMTAiIGhlaWdodD1hdXRvPjwvdGQ+PC90cj48dHI+PHRkIGFsaWduPSJjZW50ZXIiIHZhbGlnbj0idG9wIj48dGFibGUgd2lkdGg9IjMxMCIgYm9yZGVyPSIxIiBjZWxsc3BhY2luZz0iMSIgY2VsbHBhZGRpbmc9IjAiIGJvcmRlcmNvbG9yPSIjRkY5OUZGIiBiZ2NvbG9yPSIjRkZDQ0ZGIj48dHI+PHRkIHdpZHRoPSI1MCIgYWxpZ249ImxlZnQiIHZhbGlnbj0ibWlkZGxlIj48Zm9udCBjb2xvcj0iIzAwMDAwMCIgc2l6ZT0iMiI+PGI+44K144Kk44K6PC9iPjwvZm9udD48L3RkPjx0ZCBhbGlnbj0ibGVmdCIgdmFsaWduPSJtaWRkbGUiPjxiPjxmb250IGNvbG9yPSIjMDAwMDAwIiBzaXplPSIyIj7luYXntIQyODBtbcOX6auY57SEODgwbW3Dl+Wlpee0hDI4MG1tPC9mb250PjwvYj48L3RkPjwvdHI+PHRyPjx0ZCB3aWR0aD0iNTAiIGFsaWduPSJsZWZ0IiB2YWxpZ249Im1pZGRsZSI+PGZvbnQgY29sb3I9IiMwMDAwMDAiIHNpemU9IjIiPjxiPue0oOadkDwvYj48L2ZvbnQ+PC90ZD48dGQgYWxpZ249ImxlZnQiIHZhbGlnbj0ibWlkZGxlIj48Yj48Zm9udCBjb2xvcj0iIzAwMDAwMCIgc2l6ZT0iMiI+44K544OB44O844OrPC9mb250PjwvYj48L3RkPjwvdHI+PHRyPjx0ZCB3aWR0aD0iNTAiIGFsaWduPSJsZWZ0IiB2YWxpZ249Im1pZGRsZSI+PGZvbnQgY29sb3I9IiMwMDAwMDAiIHNpemU9IjIiPjxiPuWCmeiAgzwvYj48L2ZvbnQ+PC90ZD48dGQgYWxpZ249ImxlZnQiIHZhbGlnbj0ibWlkZGxlIj48Yj48Zm9udCBjb2xvcj0iIzAwMDAwMCIgc2l6ZT0iMiI+57WE44G/56uL44Gm5byPPC9mb250PjwvYj48L3RkPjwvdHI+PC90YWJsZT48L3RkPjwvdHI+PHRyPjx0ZCBhbGlnbj0iY2VudGVyIiB2YWxpZ249InRvcCI+PHRhYmxlIHdpZHRoPSIzMTAiIGJvcmRlcj0iMSIgY2VsbHNwYWNpbmc9IjEiIGNlbGxwYWRkaW5nPSIwIiBib3JkZXJjb2xvcj0iI0ZGOTlGRiI+PHRyPjx0ZCBhbGlnbj0iY2VudGVyIiB2YWxpZ249Im1pZGRsZSI+PGI+PGZvbnQgY29sb3I9IiNGRjAwMDAiIHNpemU9IjQiPuWwj+mzpeOBjOODouODgeODvOODleOBruOCrOODvOODh+ODs+mbkeiyqDwvZm9udD48YnI+PGZvbnQgY29sb3I9IiMwMDAwRkYiIHNpemU9IjMiPuWPr+aEm+OBhOWwj+mzpeOBruOCrOODvOODh+ODs+ODqeOCpOODiOOAgjxicj7lhYnjgrvjg7PjgrXjg7zlhoXolLXjgaDjgYvjgonlpJzjga/pm7Dlm7LmsJfoia/jgY/jgYrluq3jgpLnhafjgonjgZfjgabjgY/jgozjgb7jgZnjgII8L2ZvbnQ+PC9iPjwvdGQ+PC90cj48L3RhYmxlPjwvdGQ+PC90cj48L3RhYmxlPjwhLS3jgZPjgZPjgYvjgonjgrnjg57jg5vjg6zjgrjliY3llYblk4EtLT48YnIgLz48dGFibGUgd2lkdGg9IjEwMCUiIGJvcmRlcj0iMCIgY2VsbHNwYWNpbmc9IjAiIGNlbGxwYWRkaW5nPSIwIj48dHI+PHRkPjxpbWcgPSIiIHNyYz0iaHR0cDovL2ltYWdlLnJha3V0ZW4uY28uanAvemFra2F5YWZyZWUvY2FiaW5ldC9oZWFkZXIvY3lvaXRhc2hpLTEuanBnIiB3aWR0aD0iMTAwJSIgLz48L3RkPjwvdHI+PHRyPjx0ZD48aW1nID0iIiBzcmM9Imh0dHA6Ly9pbWFnZS5yYWt1dGVuLmNvLmpwL3pha2theWFmcmVlL2NhYmluZXQvaGVhZGVyLzAwMDAwMDA1NTItMzI2MTAwLmpwZyIgd2lkdGg9IjEwMCUiIGJvcmRlcj0iMCIgLz48L3RkPjwvdHI+PHRyPjx0ZD48aW1nID0iIiBzcmM9Imh0dHA6Ly9pbWFnZS5yYWt1dGVuLmNvLmpwL3pha2theWFmcmVlL2NhYmluZXQvaGVhZGVyLzAwMDAwMDA4OTctMzI2MTAwLmpwZyIgd2lkdGg9IjEwMCUiIGJvcmRlcj0iMCIgLz48L3RkPjwvdHI+PHRyPjx0ZD48aW1nID0iIiBzcmM9Imh0dHA6Ly9pbWFnZS5yYWt1dGVuLmNvLmpwL3pha2theWFmcmVlL2NhYmluZXQvaGVhZGVyL3NwLWl3bHk0MDEwLTMyNjEwMC5qcGciIHdpZHRoPSIxMDAlIiBib3JkZXI9IjAiIC8+PC90ZD48L3RyPjwvdGFibGU+PCEtLeOBk+OBk+OBvuOBp+OCueODnuODm+ODrOOCuOWJjeWVhuWTgS0tPg==,6YCB5paZ54Sh5paZIOmAgeaWmei+vCDjgqzjg7zjg4fjg7Pjg6njgqTjg4gg5YWJ44K744Oz44K144O8IOWxi+WkliDjgqzjg7zjg4fjg4vjg7PjgrAg44K944O844Op44O844Op44Kk44OI77yI44OV44Kp44Os44K544OI77yJ77yS54Gv44K/44Kk44OX77ya44GL44KP44GE44GE77yG44GK44KC44GX44KN6ZuR6LKo5bGL44OV44Oq44O8,6YCa5L+h6LKp5aOy6YCa6LKp44K344On44OD44OU44Oz44Kw44Kq44Oz44Op44Kk44Oz44K344On44OD44OU44Oz44Kw6LK344GE54mp44OX44Os44K844Oz44OI44Ku44OV44OI6LSI44KK54mp6LSI562U5ZOB44GK5Lit5YWD44GK5q2z5pqu44GK6LK344GE5b6X5Y+O57SN44Oc44OD44Kv44K56ZuR6LKo44Kk44Oz44OG44Oq6ZuR6LKo55Sf5rS76ZuR6LKo44Kt44OD44OB44Oz6ZuR6LKo44Ks44O844OH44OL44Oz44Kw6ZuR6LKo44GK44KC44GX44KN6ZuR6LKo44GK44KC44GX44KN54Gw55q/44OG44Kj44OD44K344Ol44Kx44O844K5546E6Zai44Oe44OD44OI5YKY56uL44Gm44GK6Iy256KX6ZuR6LKo44Ks44O844OH44Oz44GU44G/566x44Kr44Os44Oz44OA44O844OB44Kn44K544Oe44Kw44Kr44OD44OX44Oa44Ki6YCB5paZ54Sh5paZIOmAgeaWmei+vCDjgqzjg7zjg4fjg7Pjg6njgqTjg4gg5YWJ44K744Oz44K144O8IOWxi+WkliDjgqzjg7zjg4fjg4vjg7PjgrAg44K944O844Op44O844Op44Kk44OI77yI44OV44Kp44Os44K544OI77yJ77yS54Gv44K/44Kk44OX,44Ks44O844OH44Oz6ZuR6LKo772c44Ks44O844OH44OL44Oz44Kw772c44Ks44O844OH44Oz44Op44Kk44OI772c44CC6YCB5paZ54Sh5paZIOmAgeaWmei+vCDjgqzjg7zjg4fjg7Pjg6njgqTjg4gg5YWJ44K744Oz44K144O8IOWxi+WkliDjgqzjg7zjg4fjg4vjg7PjgrAg44K944O844Op44O844Op44Kk44OI77yI44OV44Kp44Os44K544OI77yJ77yS54Gv44K/44Kk44OX[rn]
11-197574,aHR0cDovL3RzaG9wLnIxMHMuanAvemFra2F5YWZyZWUvY2FiaW5ldC9pbWcxMC9zZXQtc2N6MTQwNC5qcGc/Zml0aW49NzAwOjcwMA==,MTAzNjguMDAwMA==,,6Iqx44O744Ks44O844OH44Oz44O7RElZID4g44Ko44Kv44K544OG44Oq44Ki44O744Ks44O844OH44Oz44OV44Kh44OL44OB44Oj44O8ID4g44Op44Kk44OI44O744Kk44Or44Of44ON44O844K344On44OzID4g44Ks44O844OH44Oz44Op44Kk44OIIOODu+eBr+evrQ==,6YCB5paZ54Sh5paZIOmAgeaWmei+vCDjgqzjg7zjg4fjg7Mg44Ks44O844OH44OL44Oz44KwIOOCrOODvOODh+ODs+ODqeOCpOODiCDjg4Hjgqfjg6vjgrfjg7zjg6njg5Pjg4Pjg4gg44K944O844Op44O844Op44Kk44OI77yI5aSn77yJ44OB44Kn44Or44K344O8,,PHRhYmxlIHdpZHRoPSIzMTAiIGJvcmRlcj0iMCIgYWxpZ249ImNlbnRlciIgY2VsbHBhZGRpbmc9IjAiIGNlbGxzcGFjaW5nPSIwIj48dHI+PHRkIGFsaWduPSJjZW50ZXIiIHZhbGlnbj0idG9wIj48aW1nIHNyYz0iaHR0cDovL2ltYWdlLnJha3V0ZW4uY28uanAvemFra2F5YWZyZWUvY2FiaW5ldC9zbWgvcGFnZTEvc2V0LXNjejE0MDQtc20uanBnIiB3aWR0aD0iMzEwIiBoZWlnaHQ9YXV0bz48L3RkPjwvdHI+PHRyPjx0ZCBhbGlnbj0iY2VudGVyIiB2YWxpZ249InRvcCI+PHRhYmxlIHdpZHRoPSIzMTAiIGJvcmRlcj0iMSIgY2VsbHNwYWNpbmc9IjEiIGNlbGxwYWRkaW5nPSIwIiBib3JkZXJjb2xvcj0iI0ZGOTlGRiIgYmdjb2xvcj0iI0ZGQ0NGRiI+PHRyPjx0ZCB3aWR0aD0iNTAiIGFsaWduPSJsZWZ0IiB2YWxpZ249Im1pZGRsZSI+PGZvbnQgY29sb3I9IiMwMDAwMDAiIHNpemU9IjIiPjxiPuOCteOCpOOCujwvYj48L2ZvbnQ+PC90ZD48dGQgYWxpZ249ImxlZnQiIHZhbGlnbj0ibWlkZGxlIj48Yj48Zm9udCBjb2xvcj0iIzAwMDAwMCIgc2l6ZT0iMiI+5bmF57SEMjcwbW3Dl+mrmOe0hDYyMG1tw5flpaXntIQxNDBtbTwvZm9udD48L2I+PC90ZD48L3RyPjx0cj48dGQgd2lkdGg9IjUwIiBhbGlnbj0ibGVmdCIgdmFsaWduPSJtaWRkbGUiPjxmb250IGNvbG9yPSIjMDAwMDAwIiBzaXplPSIyIj48Yj7ntKDmnZA8L2I+PC9mb250PjwvdGQ+PHRkIGFsaWduPSJsZWZ0IiB2YWxpZ249Im1pZGRsZSI+PGI+PGZvbnQgY29sb3I9IiMwMDAwMDAiIHNpemU9IjIiPuODrOOCuOODszwvZm9udD48L2I+PC90ZD48L3RyPjx0cj48dGQgd2lkdGg9IjUwIiBhbGlnbj0ibGVmdCIgdmFsaWduPSJtaWRkbGUiPjxmb250IGNvbG9yPSIjMDAwMDAwIiBzaXplPSIyIj48Yj7lgpnogIM8L2I+PC9mb250PjwvdGQ+PHRkIGFsaWduPSJsZWZ0IiB2YWxpZ249Im1pZGRsZSI+PGI+PGZvbnQgY29sb3I9IiMwMDAwMDAiIHNpemU9IjIiPuWFieOCu+ODs+OCteODvOS7mOOBjeOAgee1hOeri+W8j+OAgemYsumbqOS7leanmDwvZm9udD48L2I+PC90ZD48L3RyPjwvdGFibGU+PC90ZD48L3RyPjx0cj48dGQgYWxpZ249ImNlbnRlciIgdmFsaWduPSJ0b3AiPjx0YWJsZSB3aWR0aD0iMzEwIiBib3JkZXI9IjEiIGNlbGxzcGFjaW5nPSIxIiBjZWxscGFkZGluZz0iMCIgYm9yZGVyY29sb3I9IiNGRjk5RkYiPjx0cj48dGQgYWxpZ249ImNlbnRlciIgdmFsaWduPSJtaWRkbGUiPjxiPjxmb250IGNvbG9yPSIjRkYwMDAwIiBzaXplPSI0Ij7lj6/mhJvjgYTjgqzjg7zjg4fjg7Pjg6njgqTjg4g8L2ZvbnQ+PGJyPjxmb250IGNvbG9yPSIjMDAwMEZGIiBzaXplPSIzIj7jg4Hjgqfjg6vjgrfjg7zjg6njg5Pjg4Pjg4jjga7jgqzjg7zjg4fjg7Pjgr3jg7zjg6njg7zjg6njgqTjg4jjgafjgZnjgII8YnI+5YWJ44K744Oz44K144O85LuY44GN44Gg44GL44KJ5pqX44GP44Gq44KL44Go44GK5bqt44Gr6Zuw5Zuy5rCX6Imv44GP54Wn44KJ44GX44Gm44GP44KM44G+44GZ44CCPC9mb250PjwvYj48L3RkPjwvdHI+PC90YWJsZT48L3RkPjwvdHI+PC90YWJsZT48IS0t44GT44GT44GL44KJ44K544Oe44Ob44Os44K45YmN5ZWG5ZOBLS0+PGJyIC8+PHRhYmxlIHdpZHRoPSIxMDAlIiBib3JkZXI9IjAiIGNlbGxzcGFjaW5nPSIwIiBjZWxscGFkZGluZz0iMCI+PHRyPjx0ZD48aW1nID0iIiBzcmM9Imh0dHA6Ly9pbWFnZS5yYWt1dGVuLmNvLmpwL3pha2theWFmcmVlL2NhYmluZXQvaGVhZGVyL2N5b2l0YXNoaS0xLmpwZyIgd2lkdGg9IjEwMCUiIC8+PC90ZD48L3RyPjx0cj48dGQ+PGltZyA9IiIgc3JjPSJodHRwOi8vaW1hZ2UucmFrdXRlbi5jby5qcC96YWtrYXlhZnJlZS9jYWJpbmV0L2hlYWRlci8wMDAwMDAwNTUyLTMyNjEwMC5qcGciIHdpZHRoPSIxMDAlIiBib3JkZXI9IjAiIC8+PC90ZD48L3RyPjx0cj48dGQ+PGltZyA9IiIgc3JjPSJodHRwOi8vaW1hZ2UucmFrdXRlbi5jby5qcC96YWtrYXlhZnJlZS9jYWJpbmV0L2hlYWRlci8wMDAwMDAwODk3LTMyNjEwMC5qcGciIHdpZHRoPSIxMDAlIiBib3JkZXI9IjAiIC8+PC90ZD48L3RyPjx0cj48dGQ+PGltZyA9IiIgc3JjPSJodHRwOi8vaW1hZ2UucmFrdXRlbi5jby5qcC96YWtrYXlhZnJlZS9jYWJpbmV0L2hlYWRlci9zcC1pd2x5NDAxMC0zMjYxMDAuanBnIiB3aWR0aD0iMTAwJSIgYm9yZGVyPSIwIiAvPjwvdGQ+PC90cj48L3RhYmxlPjwhLS3jgZPjgZPjgb7jgafjgrnjg57jg5vjg6zjgrjliY3llYblk4EtLT4=,6YCB5paZ54Sh5paZIOmAgeaWmei+vCDjgqzjg7zjg4fjg7Mg44Ks44O844OH44OL44Oz44KwIOOCrOODvOODh+ODs+ODqeOCpOODiCDjg4Hjgqfjg6vjgrfjg7zjg6njg5Pjg4Pjg4gg44K944O844Op44O844Op44Kk44OI77yI5aSn77yJ44OB44Kn44Or44K344O877ya44GL44KP44GE44GE77yG44GK44KC44GX44KN6ZuR6LKo5bGL44OV44Oq44O8,6YCa5L+h6LKp5aOy6YCa6LKp44K344On44OD44OU44Oz44Kw44Kq44Oz44Op44Kk44Oz44K344On44OD44OU44Oz44Kw6LK344GE54mp44OX44Os44K844Oz44OI44Ku44OV44OI6LSI44KK54mp6LSI562U5ZOB44GK5Lit5YWD44GK5q2z5pqu44GK6LK344GE5b6X5Y+O57SN44Oc44OD44Kv44K56ZuR6LKo44Kk44Oz44OG44Oq6ZuR6LKo55Sf5rS76ZuR6LKo44Kt44OD44OB44Oz6ZuR6LKo44Ks44O844OH44OL44Oz44Kw6ZuR6LKo44GK44KC44GX44KN6ZuR6LKo44GK44KC44GX44KN54Gw55q/44OG44Kj44OD44K344Ol44Kx44O844K5546E6Zai44Oe44OD44OI5YKY56uL44Gm44GK6Iy256KX6ZuR6LKo44Ks44O844OH44Oz44GU44G/566x44Kr44Os44Oz44OA44O844OB44Kn44K544Oe44Kw44Kr44OD44OX44Oa44Ki6YCB5paZ54Sh5paZIOmAgeaWmei+vCDjgqzjg7zjg4fjg7Mg44Ks44O844OH44OL44Oz44KwIOOCrOODvOODh+ODs+ODqeOCpOODiCDjg4Hjgqfjg6vjgrfjg7zjg6njg5Pjg4Pjg4gg44K944O844Op44O844Op44Kk44OI77yI5aSn77yJ44OB44Kn44Or44K344O8,5Y+v5oSb44GE44Km44K144Ku44Gu44Ks44O844OH44Oz44Op44Kk44OI44CC6YCB5paZ54Sh5paZIOmAgeaWmei+vCDjgqzjg7zjg4fjg7Mg44Ks44O844OH44OL44Oz44KwIOOCrOODvOODh+ODs+ODqeOCpOODiCDjg4Hjgqfjg6vjgrfjg7zjg6njg5Pjg4Pjg4gg44K944O844Op44O844Op44Kk44OI77yI5aSn77yJ44OB44Kn44Or44K344O8[rn]
11-197575,aHR0cDovL3RzaG9wLnIxMHMuanAvemFra2F5YWZyZWUvY2FiaW5ldC9pbWc4L250LXJoNjE5LmpwZz9maXRpbj03MDA6NzAw,MzAyNC4wMDAw,,6Iqx44O744Ks44O844OH44Oz44O7RElZID4g44Ko44Kv44K544OG44Oq44Ki44O744Ks44O844OH44Oz44OV44Kh44OL44OB44Oj44O8ID4g44Op44Kk44OI44O744Kk44Or44Of44ON44O844K344On44OzID4g44Ks44O844OH44Oz44Op44Kk44OIIOODu+eBr+evrQ==,44K944O844Op44O844Op44Kk44OIIOOCrOODvOODh+ODs+ODqeOCpOODiCDjgqjjgrMg54Wn5piOIOODqeODs+ODlyDjgrnjgrHjg6vjg4jjg7Pnjonjg6njgqTjg4g=,,PHRhYmxlIHdpZHRoPSIzMTAiIGJvcmRlcj0iMCIgYWxpZ249ImNlbnRlciIgY2VsbHBhZGRpbmc9IjAiIGNlbGxzcGFjaW5nPSIwIj48dHI+PHRkIGFsaWduPSJjZW50ZXIiIHZhbGlnbj0idG9wIj48aW1nIHNyYz0iaHR0cDovL2ltYWdlLnJha3V0ZW4uY28uanAvemFra2F5YWZyZWUvY2FiaW5ldC9zbWgvcGFnZS9udC1yaDYxOS1zbS5qcGciIHdpZHRoPSIzMTAiIGhlaWdodD1hdXRvPjwvdGQ+PC90cj48dHI+PHRkIGFsaWduPSJjZW50ZXIiIHZhbGlnbj0idG9wIj48dGFibGUgd2lkdGg9IjMxMCIgYm9yZGVyPSIxIiBjZWxsc3BhY2luZz0iMSIgY2VsbHBhZGRpbmc9IjAiIGJvcmRlcmNvbG9yPSIjRkY5OUZGIiBiZ2NvbG9yPSIjRkZDQ0ZGIj48dHI+PHRkIHdpZHRoPSI1MCIgYWxpZ249ImxlZnQiIHZhbGlnbj0ibWlkZGxlIj48Zm9udCBjb2xvcj0iIzAwMDAwMCIgc2l6ZT0iMiI+PGI+44K144Kk44K6PC9iPjwvZm9udD48L3RkPjx0ZCBhbGlnbj0ibGVmdCIgdmFsaWduPSJtaWRkbGUiPjxiPjxmb250IGNvbG9yPSIjMDAwMDAwIiBzaXplPSIyIj7luYXntIQxMzBtbcOX6auY57SEMzUwbW3Dl+Wlpee0hDEzMG1tPC9mb250PjwvYj48L3RkPjwvdHI+PHRyPjx0ZCB3aWR0aD0iNTAiIGFsaWduPSJsZWZ0IiB2YWxpZ249Im1pZGRsZSI+PGZvbnQgY29sb3I9IiMwMDAwMDAiIHNpemU9IjIiPjxiPue0oOadkDwvYj48L2ZvbnQ+PC90ZD48dGQgYWxpZ249ImxlZnQiIHZhbGlnbj0ibWlkZGxlIj48Yj48Zm9udCBjb2xvcj0iIzAwMDAwMCIgc2l6ZT0iMiI+44Od44Oq44Os44K444OzPC9mb250PjwvYj48L3RkPjwvdHI+PHRyPjx0ZCB3aWR0aD0iNTAiIGFsaWduPSJsZWZ0IiB2YWxpZ249Im1pZGRsZSI+PGZvbnQgY29sb3I9IiMwMDAwMDAiIHNpemU9IjIiPjxiPuWCmeiAgzwvYj48L2ZvbnQ+PC90ZD48dGQgYWxpZ249ImxlZnQiIHZhbGlnbj0ibWlkZGxlIj48Yj48Zm9udCBjb2xvcj0iIzAwMDAwMCIgc2l6ZT0iMiI+LTwvZm9udD48L2I+PC90ZD48L3RyPjwvdGFibGU+PC90ZD48L3RyPjx0cj48dGQgYWxpZ249ImNlbnRlciIgdmFsaWduPSJ0b3AiPjx0YWJsZSB3aWR0aD0iMzEwIiBib3JkZXI9IjEiIGNlbGxzcGFjaW5nPSIxIiBjZWxscGFkZGluZz0iMCIgYm9yZGVyY29sb3I9IiNGRjk5RkYiPjx0cj48dGQgYWxpZ249ImNlbnRlciIgdmFsaWduPSJtaWRkbGUiPjxiPjxmb250IGNvbG9yPSIjRkYwMDAwIiBzaXplPSI0Ij7mmpfjgY/jgarjgovjgajnga/jgorjgYzjgaTjgY3jgb7jgZk8L2ZvbnQ+PGJyPjxmb250IGNvbG9yPSIjMDAwMEZGIiBzaXplPSIzIj7ml6XkuK3jgavlpKrpmb3lhYnjga7jgqjjg43jg6vjgq7jg7zjgpLlhYXpm7vmsaDjgavok4Tpm7vjgZXjgZvjgabjgIHlpJzmmpfjgY/jgarjgaPjgZ/jgonoh6rli5XnmoTjgavjgrvjg7PjgrXjg7zjgYzmhJ/nn6XjgZfjgabjg6njgqTjg4jjgpLngrnnga/jgZfjgabjgY/jgozjgb7jgZnjgILjgZ3jgZfjgabjgIHmmI7jgovjgY/jgarjgozjgbDoh6rli5XnmoTjgavmtojnga/jgZfjgabjgIHjgb7jgZ/jgqjjg43jg6vjgq7jg7zjgpLok4Tpm7vjgZXjgZvjgb7jgZnjgILpm7vmsJfku6PjgoLjgYvjgYvjgonjgarjgY/jgabnkrDlooPjgavjgoLlhKrjgZfjgYTjgr3jg7zjg6njg7zjg6njgqTjg4jjgILjgZPjga7jg4njgq/jg63lkJvjga/jgYrluqfjgorlpb3jgY3jgarjga7jgafjgIHoh6rnq4vjgZfjgb7jgZvjgpPjgILjganjgZPjgYvjgafluqfjgonjgZvjgabjgYrkvb/jgYTjgY/jgaDjgZXjgYTjgII8L2ZvbnQ+PC9iPjwvdGQ+PC90cj48L3RhYmxlPjwvdGQ+PC90cj48dHI+PHRkIGFsaWduPSJjZW50ZXIiIHZhbGlnbj0idG9wIj48aW1nIHNyYz0iaHR0cDovL2ltYWdlLnJha3V0ZW4uY28uanAvemFra2F5YWZyZWUvY2FiaW5ldC9zbWgvcGFnZS9udC1yaDYxOV8xLXNpLmpwZyIgd2lkdGg9IjMxMCIgaGVpZ2h0PWF1dG8+PC90ZD48L3RyPjx0cj48dGQgYWxpZ249ImNlbnRlciIgdmFsaWduPSJ0b3AiPjxpbWcgc3JjPSJodHRwOi8vaW1hZ2UucmFrdXRlbi5jby5qcC96YWtrYXlhZnJlZS9jYWJpbmV0L3NtaC9wYWdlL250LXJoNjE5XzItc2kuanBnIiB3aWR0aD0iMzEwIiBoZWlnaHQ9YXV0bz48L3RkPjwvdHI+PC90YWJsZT48IS0t44GT44GT44GL44KJ44K544Oe44Ob44Os44K45YmN5ZWG5ZOBLS0+PGJyIC8+PHRhYmxlIHdpZHRoPSIxMDAlIiBib3JkZXI9IjAiIGNlbGxzcGFjaW5nPSIwIiBjZWxscGFkZGluZz0iMCI+PHRyPjx0ZD48aW1nID0iIiBzcmM9Imh0dHA6Ly9pbWFnZS5yYWt1dGVuLmNvLmpwL3pha2theWFmcmVlL2NhYmluZXQvaGVhZGVyL2N5b2l0YXNoaS0xLmpwZyIgd2lkdGg9IjEwMCUiIC8+PC90ZD48L3RyPjx0cj48dGQ+PGltZyA9IiIgc3JjPSJodHRwOi8vaW1hZ2UucmFrdXRlbi5jby5qcC96YWtrYXlhZnJlZS9jYWJpbmV0L2hlYWRlci8wMDAwMDAwNTUyLTMyNjEwMC5qcGciIHdpZHRoPSIxMDAlIiBib3JkZXI9IjAiIC8+PC90ZD48L3RyPjx0cj48dGQ+PGltZyA9IiIgc3JjPSJodHRwOi8vaW1hZ2UucmFrdXRlbi5jby5qcC96YWtrYXlhZnJlZS9jYWJpbmV0L2hlYWRlci8wMDAwMDAwODk3LTMyNjEwMC5qcGciIHdpZHRoPSIxMDAlIiBib3JkZXI9IjAiIC8+PC90ZD48L3RyPjx0cj48dGQ+PGltZyA9IiIgc3JjPSJodHRwOi8vaW1hZ2UucmFrdXRlbi5jby5qcC96YWtrYXlhZnJlZS9jYWJpbmV0L2hlYWRlci9zcC1pd2x5NDAxMC0zMjYxMDAuanBnIiB3aWR0aD0iMTAwJSIgYm9yZGVyPSIwIiAvPjwvdGQ+PC90cj48L3RhYmxlPjwhLS3jgZPjgZPjgb7jgafjgrnjg57jg5vjg6zjgrjliY3llYblk4EtLT4=,44K944O844Op44O844Op44Kk44OIIOOCrOODvOODh+ODs+ODqeOCpOODiCDjgqjjgrMg54Wn5piOIOODqeODs+ODlyDjgrnjgrHjg6vjg4jjg7Pnjonjg6njgqTjg4jvvJrjgYvjgo/jgYTjgYTvvIbjgYrjgoLjgZfjgo3pm5HosqjlsYvjg5Xjg6rjg7w=,6YCa5L+h6LKp5aOy6YCa6LKp44K344On44OD44OU44Oz44Kw44Kq44Oz44Op44Kk44Oz44K344On44OD44OU44Oz44Kw6LK344GE54mp44OX44Os44K844Oz44OI44Ku44OV44OI6LSI44KK54mp6LSI562U5ZOB44GK5Lit5YWD44GK5q2z5pqu44GK6LK344GE5b6X5Y+O57SN44Oc44OD44Kv44K56ZuR6LKo44Kk44Oz44OG44Oq6ZuR6LKo55Sf5rS76ZuR6LKo44Kt44OD44OB44Oz6ZuR6LKo44Ks44O844OH44OL44Oz44Kw6ZuR6LKo44GK44KC44GX44KN6ZuR6LKo44GK44KC44GX44KN54Gw55q/44OG44Kj44OD44K344Ol44Kx44O844K5546E6Zai44Oe44OD44OI5YKY56uL44Gm44GK6Iy256KX6ZuR6LKo44Ks44O844OH44Oz44GU44G/566x44Kr44Os44Oz44OA44O844OB44Kn44K544Oe44Kw44Kr44OD44OX44Oa44Ki44K944O844Op44O844Op44Kk44OIIOOCrOODvOODh+ODs+ODqeOCpOODiCDjgqjjgrMg54Wn5piOIOODqeODs+ODlyDjgrnjgrHjg6vjg4jjg7Pnjonjg6njgqTjg4g=,44K944O844Op44O844Op44Kk44OI772c44Ks44O844OH44Oz44Op44Kk44OI772c44CC44K944O844Op44O844Op44Kk44OIIOOCrOODvOODh+ODs+ODqeOCpOODiCDjgqjjgrMg54Wn5piOIOODqeODs+ODlyDjgrnjgrHjg6vjg4jjg7Pnjonjg6njgqTjg4g=[rn]
11-197576,aHR0cDovL3RzaG9wLnIxMHMuanAvemFra2F5YWZyZWUvY2FiaW5ldC9pbWcxMC9zZXQtc3IwMzA4LmpwZz9maXRpbj03MDA6NzAw,MzQ1Ni4wMDAw,,6Iqx44O744Ks44O844OH44Oz44O7RElZID4g44Ko44Kv44K544OG44Oq44Ki44O744Ks44O844OH44Oz44OV44Kh44OL44OB44Oj44O8ID4g44Op44Kk44OI44O744Kk44Or44Of44ON44O844K344On44OzID4g44Ks44O844OH44Oz44Op44Kk44OIIOODu+eBr+evrQ==,44Ks44O844OH44OzIOOCrOODvOODh+ODi+ODs+OCsCDjgqzjg7zjg4fjg7Pjg6njgqTjg4gg44K944O844Op44O844Op44Kk44OIIOWxi+WkliDjgr3jg7zjg6njg7zjgqrjg7zjg4rjg6Hjg7Pjg4jvvIjjga3jgZrjgb/vvIk=,,PHRhYmxlIHdpZHRoPSIzMTAiIGJvcmRlcj0iMCIgYWxpZ249ImNlbnRlciIgY2VsbHBhZGRpbmc9IjAiIGNlbGxzcGFjaW5nPSIwIj48dHI+PHRkIGFsaWduPSJjZW50ZXIiIHZhbGlnbj0idG9wIj48aW1nIHNyYz0iaHR0cDovL2ltYWdlLnJha3V0ZW4uY28uanAvemFra2F5YWZyZWUvY2FiaW5ldC9zbWgvcGFnZTEvc2V0LXNyMDMwOC1zbS5qcGciIHdpZHRoPSIzMTAiIGhlaWdodD1hdXRvPjwvdGQ+PC90cj48dHI+PHRkIGFsaWduPSJjZW50ZXIiIHZhbGlnbj0idG9wIj48dGFibGUgd2lkdGg9IjMxMCIgYm9yZGVyPSIxIiBjZWxsc3BhY2luZz0iMSIgY2VsbHBhZGRpbmc9IjAiIGJvcmRlcmNvbG9yPSIjRkY5OUZGIiBiZ2NvbG9yPSIjRkZDQ0ZGIj48dHI+PHRkIHdpZHRoPSI1MCIgYWxpZ249ImxlZnQiIHZhbGlnbj0ibWlkZGxlIj48Zm9udCBjb2xvcj0iIzAwMDAwMCIgc2l6ZT0iMiI+PGI+44K144Kk44K6PC9iPjwvZm9udD48L3RkPjx0ZCBhbGlnbj0ibGVmdCIgdmFsaWduPSJtaWRkbGUiPjxiPjxmb250IGNvbG9yPSIjMDAwMDAwIiBzaXplPSIyIj7luYXntIQyNDBtbcOX6auY57SEMTkwbW3Dl+Wlpee0hDE0MG1tPC9mb250PjwvYj48L3RkPjwvdHI+PHRyPjx0ZCB3aWR0aD0iNTAiIGFsaWduPSJsZWZ0IiB2YWxpZ249Im1pZGRsZSI+PGZvbnQgY29sb3I9IiMwMDAwMDAiIHNpemU9IjIiPjxiPue0oOadkDwvYj48L2ZvbnQ+PC90ZD48dGQgYWxpZ249ImxlZnQiIHZhbGlnbj0ibWlkZGxlIj48Yj48Zm9udCBjb2xvcj0iIzAwMDAwMCIgc2l6ZT0iMiI+44Os44K444OzPC9mb250PjwvYj48L3RkPjwvdHI+PHRyPjx0ZCB3aWR0aD0iNTAiIGFsaWduPSJsZWZ0IiB2YWxpZ249Im1pZGRsZSI+PGZvbnQgY29sb3I9IiMwMDAwMDAiIHNpemU9IjIiPjxiPuWCmeiAgzwvYj48L2ZvbnQ+PC90ZD48dGQgYWxpZ249ImxlZnQiIHZhbGlnbj0ibWlkZGxlIj48Yj48Zm9udCBjb2xvcj0iIzAwMDAwMCIgc2l6ZT0iMiI+5YWJ44K744Oz44K144O85LuY44GNPC9mb250PjwvYj48L3RkPjwvdHI+PC90YWJsZT48L3RkPjwvdHI+PHRyPjx0ZCBhbGlnbj0iY2VudGVyIiB2YWxpZ249InRvcCI+PHRhYmxlIHdpZHRoPSIzMTAiIGJvcmRlcj0iMSIgY2VsbHNwYWNpbmc9IjEiIGNlbGxwYWRkaW5nPSIwIiBib3JkZXJjb2xvcj0iI0ZGOTlGRiI+PHRyPjx0ZCBhbGlnbj0iY2VudGVyIiB2YWxpZ249Im1pZGRsZSI+PGI+PGZvbnQgY29sb3I9IiNGRjAwMDAiIHNpemU9IjQiPuWPr+aEm+OBhOOCrOODvOODh+ODs+ODqeOCpOODiDwvZm9udD48YnI+PGZvbnQgY29sb3I9IiMwMDAwRkYiIHNpemU9IjMiPuWLleeJqemBlOOBjOOBiuW6reOBp+aaruOCieOBl+OBpuOBhOOCi+ODr+ODs+OCt+ODvOODs+OBruOCrOODvOODh+ODs+OCveODvOODqeODvOODqeOCpOODiOOBp+OBmeOAgjxicj7lhYnjgrvjg7PjgrXjg7zku5jjgY3jgaDjgYvjgonmmpfjgY/jgarjgovjgajjgYrluq3jgavpm7Dlm7LmsJfoia/jgY/nhafjgonjgZfjgabjgY/jgozjgb7jgZnjgII8L2ZvbnQ+PC9iPjwvdGQ+PC90cj48L3RhYmxlPjwvdGQ+PC90cj48dHI+PHRkIGFsaWduPSJjZW50ZXIiIHZhbGlnbj0idG9wIj48aW1nIHNyYz0iaHR0cDovL2ltYWdlLnJha3V0ZW4uY28uanAvemFra2F5YWZyZWUvY2FiaW5ldC9zbWgvcGFnZTEvc2V0LXNyMDMwOF8xLXNpLmpwZyIgd2lkdGg9IjMxMCIgaGVpZ2h0PWF1dG8+PC90ZD48L3RyPjwvdGFibGU+PCEtLeOBk+OBk+OBi+OCieOCueODnuODm+ODrOOCuOWJjeWVhuWTgS0tPjxiciAvPjx0YWJsZSB3aWR0aD0iMTAwJSIgYm9yZGVyPSIwIiBjZWxsc3BhY2luZz0iMCIgY2VsbHBhZGRpbmc9IjAiPjx0cj48dGQ+PGltZyA9IiIgc3JjPSJodHRwOi8vaW1hZ2UucmFrdXRlbi5jby5qcC96YWtrYXlhZnJlZS9jYWJpbmV0L2hlYWRlci9jeW9pdGFzaGktMS5qcGciIHdpZHRoPSIxMDAlIiAvPjwvdGQ+PC90cj48dHI+PHRkPjxpbWcgPSIiIHNyYz0iaHR0cDovL2ltYWdlLnJha3V0ZW4uY28uanAvemFra2F5YWZyZWUvY2FiaW5ldC9oZWFkZXIvMDAwMDAwMDU1Mi0zMjYxMDAuanBnIiB3aWR0aD0iMTAwJSIgYm9yZGVyPSIwIiAvPjwvdGQ+PC90cj48dHI+PHRkPjxpbWcgPSIiIHNyYz0iaHR0cDovL2ltYWdlLnJha3V0ZW4uY28uanAvemFra2F5YWZyZWUvY2FiaW5ldC9oZWFkZXIvMDAwMDAwMDg5Ny0zMjYxMDAuanBnIiB3aWR0aD0iMTAwJSIgYm9yZGVyPSIwIiAvPjwvdGQ+PC90cj48dHI+PHRkPjxpbWcgPSIiIHNyYz0iaHR0cDovL2ltYWdlLnJha3V0ZW4uY28uanAvemFra2F5YWZyZWUvY2FiaW5ldC9oZWFkZXIvc3AtaXdseTQwMTAtMzI2MTAwLmpwZyIgd2lkdGg9IjEwMCUiIGJvcmRlcj0iMCIgLz48L3RkPjwvdHI+PC90YWJsZT48IS0t44GT44GT44G+44Gn44K544Oe44Ob44Os44K45YmN5ZWG5ZOBLS0+,44Ks44O844OH44OzIOOCrOODvOODh+ODi+ODs+OCsCDjgqzjg7zjg4fjg7Pjg6njgqTjg4gg44K944O844Op44O844Op44Kk44OIIOWxi+WkliDjgr3jg7zjg6njg7zjgqrjg7zjg4rjg6Hjg7Pjg4jvvIjjga3jgZrjgb/vvInvvJrjgYvjgo/jgYTjgYTvvIbjgYrjgoLjgZfjgo3pm5HosqjlsYvjg5Xjg6rjg7w=,6YCa5L+h6LKp5aOy6YCa6LKp44K344On44OD44OU44Oz44Kw44Kq44Oz44Op44Kk44Oz44K344On44OD44OU44Oz44Kw6LK344GE54mp44OX44Os44K844Oz44OI44Ku44OV44OI6LSI44KK54mp6LSI562U5ZOB44GK5Lit5YWD44GK5q2z5pqu44GK6LK344GE5b6X5Y+O57SN44Oc44OD44Kv44K56ZuR6LKo44Kk44Oz44OG44Oq6ZuR6LKo55Sf5rS76ZuR6LKo44Kt44OD44OB44Oz6ZuR6LKo44Ks44O844OH44OL44Oz44Kw6ZuR6LKo44GK44KC44GX44KN6ZuR6LKo44GK44KC44GX44KN54Gw55q/44OG44Kj44OD44K344Ol44Kx44O844K5546E6Zai44Oe44OD44OI5YKY56uL44Gm44GK6Iy256KX6ZuR6LKo44Ks44O844OH44Oz44GU44G/566x44Kr44Os44Oz44OA44O844OB44Kn44K544Oe44Kw44Kr44OD44OX44Oa44Ki44Ks44O844OH44OzIOOCrOODvOODh+ODi+ODs+OCsCDjgqzjg7zjg4fjg7Pjg6njgqTjg4gg44K944O844Op44O844Op44Kk44OIIOWxi+WkliDjgr3jg7zjg6njg7zjgqrjg7zjg4rjg6Hjg7Pjg4jvvIjjga3jgZrjgb/vvIk=,44Kr44Oc44OB44Oj44Go44ON44K644Of44Gu44Ks44O844OH44Oz44Op44Kk44OI44CC44Ks44O844OH44OzIOOCrOODvOODh+ODi+ODs+OCsCDjgqzjg7zjg4fjg7Pjg6njgqTjg4gg44K944O844Op44O844Op44Kk44OIIOWxi+WkliDjgr3jg7zjg6njg7zjgqrjg7zjg4rjg6Hjg7Pjg4jvvIjjga3jgZrjgb/vvIk=[rn]
11-197577,aHR0cDovL3RzaG9wLnIxMHMuanAvemFra2F5YWZyZWUvY2FiaW5ldC9pbWcxMC9zZXQtc2QwMzY3LmpwZz9maXRpbj03MDA6NzAw,NDMyMC4wMDAw,,6Iqx44O744Ks44O844OH44Oz44O7RElZID4g44Ko44Kv44K544OG44Oq44Ki44O744Ks44O844OH44Oz44OV44Kh44OL44OB44Oj44O8ID4g44Op44Kk44OI44O744Kk44Or44Of44ON44O844K344On44OzID4g44Ks44O844OH44Oz44Op44Kk44OIIOODu+eBr+evrQ==,6YCB5paZ54Sh5paZIOmAgeaWmei+vCDjg4fjgqPjgrrjg4vjg7zjg4/jgqbjgrnjgr3jg7zjg6njg7zjg6njgqTjg4jvvIjjg4Hjg4Pjg5fvvIbjg4fjg7zjg6vvvIk=,,PHRhYmxlIHdpZHRoPSIzMTAiIGJvcmRlcj0iMCIgYWxpZ249ImNlbnRlciIgY2VsbHBhZGRpbmc9IjAiIGNlbGxzcGFjaW5nPSIwIj48dHI+PHRkIGFsaWduPSJjZW50ZXIiIHZhbGlnbj0idG9wIj48aW1nIHNyYz0iaHR0cDovL2ltYWdlLnJha3V0ZW4uY28uanAvemFra2F5YWZyZWUvY2FiaW5ldC9zbWgvcGFnZTEvc2V0LXNkMDM2Ny1zbS5qcGciIHdpZHRoPSIzMTAiIGhlaWdodD1hdXRvPjwvdGQ+PC90cj48dHI+PHRkIGFsaWduPSJjZW50ZXIiIHZhbGlnbj0idG9wIj48dGFibGUgd2lkdGg9IjMxMCIgYm9yZGVyPSIxIiBjZWxsc3BhY2luZz0iMSIgY2VsbHBhZGRpbmc9IjAiIGJvcmRlcmNvbG9yPSIjRkY5OUZGIiBiZ2NvbG9yPSIjRkZDQ0ZGIj48dHI+PHRkIHdpZHRoPSI1MCIgYWxpZ249ImxlZnQiIHZhbGlnbj0ibWlkZGxlIj48Zm9udCBjb2xvcj0iIzAwMDAwMCIgc2l6ZT0iMiI+PGI+44K144Kk44K6PC9iPjwvZm9udD48L3RkPjx0ZCBhbGlnbj0ibGVmdCIgdmFsaWduPSJtaWRkbGUiPjxiPjxmb250IGNvbG9yPSIjMDAwMDAwIiBzaXplPSIyIj7luYXntIQxMjVtbcOX6auY57SEMTU1bW3Dl+Wlpee0hDEyMG1tPC9mb250PjwvYj48L3RkPjwvdHI+PHRyPjx0ZCB3aWR0aD0iNTAiIGFsaWduPSJsZWZ0IiB2YWxpZ249Im1pZGRsZSI+PGZvbnQgY29sb3I9IiMwMDAwMDAiIHNpemU9IjIiPjxiPue0oOadkDwvYj48L2ZvbnQ+PC90ZD48dGQgYWxpZ249ImxlZnQiIHZhbGlnbj0ibWlkZGxlIj48Yj48Zm9udCBjb2xvcj0iIzAwMDAwMCIgc2l6ZT0iMiI+44Os44K444Oz44CB77yh77yi77yz5qi56ISCPC9mb250PjwvYj48L3RkPjwvdHI+PHRyPjx0ZCB3aWR0aD0iNTAiIGFsaWduPSJsZWZ0IiB2YWxpZ249Im1pZGRsZSI+PGZvbnQgY29sb3I9IiMwMDAwMDAiIHNpemU9IjIiPjxiPuWCmeiAgzwvYj48L2ZvbnQ+PC90ZD48dGQgYWxpZ249ImxlZnQiIHZhbGlnbj0ibWlkZGxlIj48Yj48Zm9udCBjb2xvcj0iIzAwMDAwMCIgc2l6ZT0iMiI+LTwvZm9udD48L2I+PC90ZD48L3RyPjwvdGFibGU+PC90ZD48L3RyPjx0cj48dGQgYWxpZ249ImNlbnRlciIgdmFsaWduPSJ0b3AiPjx0YWJsZSB3aWR0aD0iMzEwIiBib3JkZXI9IjEiIGNlbGxzcGFjaW5nPSIxIiBjZWxscGFkZGluZz0iMCIgYm9yZGVyY29sb3I9IiNGRjk5RkYiPjx0cj48dGQgYWxpZ249ImNlbnRlciIgdmFsaWduPSJtaWRkbGUiPjxiPjxmb250IGNvbG9yPSIjRkYwMDAwIiBzaXplPSI0Ij7jg4fjgqPjgrrjg4vjg7zjga7jgr3jg7zjg6njg7zjg6njgqTjg4g8L2ZvbnQ+PGJyPjxmb250IGNvbG9yPSIjMDAwMEZGIiBzaXplPSIzIj7jgYrluq3jga/njoTplqLlhYjjgpLlj6/mhJvjgY/mvJTlh7rjgZfjgabjgY/jgozjgovjg4fjgqPjgrrjg4vjg7zjga7jgr3jg7zjg6njg7zjg6njgqTjg4jvvIE8YnI+PGJyPuOCu+ODs+OCteODvOOBp+aal+OBj+OBquOCi+OBqOiHquWLleeahOOBq+eCueeBr+OBl+OBvuOBmeOAgjxicj48YnI+5q+O5pel44OH44Kj44K644OL44O844Kt44Oj44Op44Kv44K/44O86YGU44GM5biw44KK44KS44GK5Ye66L+O44GI44GX44G+44GZ44CCPC9mb250PjwvYj48L3RkPjwvdHI+PC90YWJsZT48L3RkPjwvdHI+PHRyPjx0ZCBhbGlnbj0iY2VudGVyIiB2YWxpZ249InRvcCI+PGltZyBzcmM9Imh0dHA6Ly9pbWFnZS5yYWt1dGVuLmNvLmpwL3pha2theWFmcmVlL2NhYmluZXQvc21oL3BhZ2UxL3NldC1zZDAzNjdfMS1zaS5qcGciIHdpZHRoPSIzMTAiIGhlaWdodD1hdXRvPjwvdGQ+PC90cj48L3RhYmxlPjwhLS3jgZPjgZPjgYvjgonjgrnjg57jg5vjg6zjgrjliY3llYblk4EtLT48YnIgLz48dGFibGUgd2lkdGg9IjEwMCUiIGJvcmRlcj0iMCIgY2VsbHNwYWNpbmc9IjAiIGNlbGxwYWRkaW5nPSIwIj48dHI+PHRkPjxpbWcgPSIiIHNyYz0iaHR0cDovL2ltYWdlLnJha3V0ZW4uY28uanAvemFra2F5YWZyZWUvY2FiaW5ldC9oZWFkZXIvY3lvaXRhc2hpLTEuanBnIiB3aWR0aD0iMTAwJSIgLz48L3RkPjwvdHI+PHRyPjx0ZD48aW1nID0iIiBzcmM9Imh0dHA6Ly9pbWFnZS5yYWt1dGVuLmNvLmpwL3pha2theWFmcmVlL2NhYmluZXQvaGVhZGVyLzAwMDAwMDA1NTItMzI2MTAwLmpwZyIgd2lkdGg9IjEwMCUiIGJvcmRlcj0iMCIgLz48L3RkPjwvdHI+PHRyPjx0ZD48aW1nID0iIiBzcmM9Imh0dHA6Ly9pbWFnZS5yYWt1dGVuLmNvLmpwL3pha2theWFmcmVlL2NhYmluZXQvaGVhZGVyLzAwMDAwMDA4OTctMzI2MTAwLmpwZyIgd2lkdGg9IjEwMCUiIGJvcmRlcj0iMCIgLz48L3RkPjwvdHI+PHRyPjx0ZD48aW1nID0iIiBzcmM9Imh0dHA6Ly9pbWFnZS5yYWt1dGVuLmNvLmpwL3pha2theWFmcmVlL2NhYmluZXQvaGVhZGVyL3NwLWl3bHk0MDEwLTMyNjEwMC5qcGciIHdpZHRoPSIxMDAlIiBib3JkZXI9IjAiIC8+PC90ZD48L3RyPjwvdGFibGU+PCEtLeOBk+OBk+OBvuOBp+OCueODnuODm+ODrOOCuOWJjeWVhuWTgS0tPg==,6YCB5paZ54Sh5paZIOmAgeaWmei+vCDjg4fjgqPjgrrjg4vjg7zjg4/jgqbjgrnjgr3jg7zjg6njg7zjg6njgqTjg4jvvIjjg4Hjg4Pjg5fvvIbjg4fjg7zjg6vvvInvvJrjgYvjgo/jgYTjgYTvvIbjgYrjgoLjgZfjgo3pm5HosqjlsYvjg5Xjg6rjg7w=,6YCa5L+h6LKp5aOy6YCa6LKp44K344On44OD44OU44Oz44Kw44Kq44Oz44Op44Kk44Oz44K344On44OD44OU44Oz44Kw6LK344GE54mp44OX44Os44K844Oz44OI44Ku44OV44OI6LSI44KK54mp6LSI562U5ZOB44GK5Lit5YWD44GK5q2z5pqu44GK6LK344GE5b6X5Y+O57SN44Oc44OD44Kv44K56ZuR6LKo44Kk44Oz44OG44Oq6ZuR6LKo55Sf5rS76ZuR6LKo44Kt44OD44OB44Oz6ZuR6LKo44Ks44O844OH44OL44Oz44Kw6ZuR6LKo44GK44KC44GX44KN6ZuR6LKo44GK44KC44GX44KN54Gw55q/44OG44Kj44OD44K344Ol44Kx44O844K5546E6Zai44Oe44OD44OI5YKY56uL44Gm44GK6Iy256KX6ZuR6LKo44Ks44O844OH44Oz44GU44G/566x44Kr44Os44Oz44OA44O844OB44Kn44K544Oe44Kw44Kr44OD44OX44Oa44Ki6YCB5paZ54Sh5paZIOmAgeaWmei+vCDjg4fjgqPjgrrjg4vjg7zjg4/jgqbjgrnjgr3jg7zjg6njg7zjg6njgqTjg4jvvIjjg4Hjg4Pjg5fvvIbjg4fjg7zjg6vvvIk=,5aSn5Lq65rCXRGlzbmV544OH44Kj44K644OL44O86ZuR6LKo44CC6YCB5paZ54Sh5paZIOmAgeaWmei+vCDjg4fjgqPjgrrjg4vjg7zjg4/jgqbjgrnjgr3jg7zjg6njg7zjg6njgqTjg4jvvIjjg4Hjg4Pjg5fvvIbjg4fjg7zjg6vvvIk=[rn]
11-197578,aHR0cDovL3RzaG9wLnIxMHMuanAvemFra2F5YWZyZWUvY2FiaW5ldC9pbWcxMC9zZXQtc2kxOTI1LmpwZz9maXRpbj03MDA6NzAw,NTcwMi40MDAw,,6Iqx44O744Ks44O844OH44Oz44O7RElZID4g44Ko44Kv44K544OG44Oq44Ki44O744Ks44O844OH44Oz44OV44Kh44OL44OB44Oj44O8ID4g44Op44Kk44OI44O744Kk44Or44Of44ON44O844K344On44OzID4g44Ks44O844OH44Oz44Op44Kk44OIIOODu+eBr+evrQ==,6YCB5paZ54Sh5paZIOmAgeaWmei+vCDjgqTjg4zjga7jg4/jg7Pjgq7jg7PjgrDjgr3jg7zjg6njg7zjg6njgqTjg4jvvIjjg4njg4PjgrDvvIk=,,PHRhYmxlIHdpZHRoPSIzMTAiIGJvcmRlcj0iMCIgYWxpZ249ImNlbnRlciIgY2VsbHBhZGRpbmc9IjAiIGNlbGxzcGFjaW5nPSIwIj48dHI+PHRkIGFsaWduPSJjZW50ZXIiIHZhbGlnbj0idG9wIj48aW1nIHNyYz0iaHR0cDovL2ltYWdlLnJha3V0ZW4uY28uanAvemFra2F5YWZyZWUvY2FiaW5ldC9zbWgvcGFnZTEvc2V0LXNpMTkyNS1zbS5qcGciIHdpZHRoPSIzMTAiIGhlaWdodD1hdXRvPjwvdGQ+PC90cj48dHI+PHRkIGFsaWduPSJjZW50ZXIiIHZhbGlnbj0idG9wIj48dGFibGUgd2lkdGg9IjMxMCIgYm9yZGVyPSIxIiBjZWxsc3BhY2luZz0iMSIgY2VsbHBhZGRpbmc9IjAiIGJvcmRlcmNvbG9yPSIjRkY5OUZGIiBiZ2NvbG9yPSIjRkZDQ0ZGIj48dHI+PHRkIHdpZHRoPSI1MCIgYWxpZ249ImxlZnQiIHZhbGlnbj0ibWlkZGxlIj48Zm9udCBjb2xvcj0iIzAwMDAwMCIgc2l6ZT0iMiI+PGI+44K144Kk44K6PC9iPjwvZm9udD48L3RkPjx0ZCBhbGlnbj0ibGVmdCIgdmFsaWduPSJtaWRkbGUiPjxiPjxmb250IGNvbG9yPSIjMDAwMDAwIiBzaXplPSIyIj7luYXntIQyOTBtbcOX6auY57SENDQwbW3Dl+Wlpee0hDI0MG1tPC9mb250PjwvYj48L3RkPjwvdHI+PHRyPjx0ZCB3aWR0aD0iNTAiIGFsaWduPSJsZWZ0IiB2YWxpZ249Im1pZGRsZSI+PGZvbnQgY29sb3I9IiMwMDAwMDAiIHNpemU9IjIiPjxiPue0oOadkDwvYj48L2ZvbnQ+PC90ZD48dGQgYWxpZ249ImxlZnQiIHZhbGlnbj0ibWlkZGxlIj48Yj48Zm9udCBjb2xvcj0iIzAwMDAwMCIgc2l6ZT0iMiI+44K544OB44O844OrPC9mb250PjwvYj48L3RkPjwvdHI+PHRyPjx0ZCB3aWR0aD0iNTAiIGFsaWduPSJsZWZ0IiB2YWxpZ249Im1pZGRsZSI+PGZvbnQgY29sb3I9IiMwMDAwMDAiIHNpemU9IjIiPjxiPuWCmeiAgzwvYj48L2ZvbnQ+PC90ZD48dGQgYWxpZ249ImxlZnQiIHZhbGlnbj0ibWlkZGxlIj48Yj48Zm9udCBjb2xvcj0iIzAwMDAwMCIgc2l6ZT0iMiI+5YWJ44K744Oz44K144O85LuY44GN44CB6Ziy6Zuo5LuV5qeY44CB57WE44G/56uL44Gm5byPPC9mb250PjwvYj48L3RkPjwvdHI+PC90YWJsZT48L3RkPjwvdHI+PHRyPjx0ZCBhbGlnbj0iY2VudGVyIiB2YWxpZ249InRvcCI+PHRhYmxlIHdpZHRoPSIzMTAiIGJvcmRlcj0iMSIgY2VsbHNwYWNpbmc9IjEiIGNlbGxwYWRkaW5nPSIwIiBib3JkZXJjb2xvcj0iI0ZGOTlGRiI+PHRyPjx0ZCBhbGlnbj0iY2VudGVyIiB2YWxpZ249Im1pZGRsZSI+PGI+PGZvbnQgY29sb3I9IiNGRjAwMDAiIHNpemU9IjQiPuWkqumZveWFieOBp+WFhembu+OBmeOCi+OBi+OCieOBqOOBo+OBpuOCgue1jOa4iOeahOOAgjwvZm9udD48YnI+PGZvbnQgY29sb3I9IiMwMDAwRkYiIHNpemU9IjMiPueKrOOBruOCt+ODq+OCqOODg+ODiOOBjOWPr+aEm+OBhOOCrOODvOODh+ODs+OAgeOCveODvOODqeODvOODqeOCpOODiOOBp+OBmeOAgjwvZm9udD48L2I+PC90ZD48L3RyPjwvdGFibGU+PC90ZD48L3RyPjwvdGFibGU+PCEtLeOBk+OBk+OBi+OCieOCueODnuODm+ODrOOCuOWJjeWVhuWTgS0tPjxiciAvPjx0YWJsZSB3aWR0aD0iMTAwJSIgYm9yZGVyPSIwIiBjZWxsc3BhY2luZz0iMCIgY2VsbHBhZGRpbmc9IjAiPjx0cj48dGQ+PGltZyA9IiIgc3JjPSJodHRwOi8vaW1hZ2UucmFrdXRlbi5jby5qcC96YWtrYXlhZnJlZS9jYWJpbmV0L2hlYWRlci9jeW9pdGFzaGktMS5qcGciIHdpZHRoPSIxMDAlIiAvPjwvdGQ+PC90cj48dHI+PHRkPjxpbWcgPSIiIHNyYz0iaHR0cDovL2ltYWdlLnJha3V0ZW4uY28uanAvemFra2F5YWZyZWUvY2FiaW5ldC9oZWFkZXIvMDAwMDAwMDU1Mi0zMjYxMDAuanBnIiB3aWR0aD0iMTAwJSIgYm9yZGVyPSIwIiAvPjwvdGQ+PC90cj48dHI+PHRkPjxpbWcgPSIiIHNyYz0iaHR0cDovL2ltYWdlLnJha3V0ZW4uY28uanAvemFra2F5YWZyZWUvY2FiaW5ldC9oZWFkZXIvMDAwMDAwMDg5Ny0zMjYxMDAuanBnIiB3aWR0aD0iMTAwJSIgYm9yZGVyPSIwIiAvPjwvdGQ+PC90cj48dHI+PHRkPjxpbWcgPSIiIHNyYz0iaHR0cDovL2ltYWdlLnJha3V0ZW4uY28uanAvemFra2F5YWZyZWUvY2FiaW5ldC9oZWFkZXIvc3AtaXdseTQwMTAtMzI2MTAwLmpwZyIgd2lkdGg9IjEwMCUiIGJvcmRlcj0iMCIgLz48L3RkPjwvdHI+PC90YWJsZT48IS0t44GT44GT44G+44Gn44K544Oe44Ob44Os44K45YmN5ZWG5ZOBLS0+,6YCB5paZ54Sh5paZIOmAgeaWmei+vCDjgqTjg4zjga7jg4/jg7Pjgq7jg7PjgrDjgr3jg7zjg6njg7zjg6njgqTjg4jvvIjjg4njg4PjgrDvvInvvJrjgYvjgo/jgYTjgYTvvIbjgYrjgoLjgZfjgo3pm5HosqjlsYvjg5Xjg6rjg7w=,6YCa5L+h6LKp5aOy6YCa6LKp44K344On44OD44OU44Oz44Kw44Kq44Oz44Op44Kk44Oz44K344On44OD44OU44Oz44Kw6LK344GE54mp44OX44Os44K844Oz44OI44Ku44OV44OI6LSI44KK54mp6LSI562U5ZOB44GK5Lit5YWD44GK5q2z5pqu44GK6LK344GE5b6X5Y+O57SN44Oc44OD44Kv44K56ZuR6LKo44Kk44Oz44OG44Oq6ZuR6LKo55Sf5rS76ZuR6LKo44Kt44OD44OB44Oz6ZuR6LKo44Ks44O844OH44OL44Oz44Kw6ZuR6LKo44GK44KC44GX44KN6ZuR6LKo44GK44KC44GX44KN54Gw55q/44OG44Kj44OD44K344Ol44Kx44O844K5546E6Zai44Oe44OD44OI5YKY56uL44Gm44GK6Iy256KX6ZuR6LKo44Ks44O844OH44Oz44GU44G/566x44Kr44Os44Oz44OA44O844OB44Kn44K544Oe44Kw44Kr44OD44OX44Oa44Ki6YCB5paZ54Sh5paZIOmAgeaWmei+vCDjgqTjg4zjga7jg4/jg7Pjgq7jg7PjgrDjgr3jg7zjg6njg7zjg6njgqTjg4jvvIjjg4njg4PjgrDvvIk=,6YCB5paZ54Sh5paZ44Gu44Ks44O844OH44Oz44Op44Kk44OI772c44Ks44O844OH44OL44Oz44Kw772c44Ko44Kv44K544OG44Oq44Ki772c44CC6YCB5paZ54Sh5paZIOmAgeaWmei+vCDjgqTjg4zjga7jg4/jg7Pjgq7jg7PjgrDjgr3jg7zjg6njg7zjg6njgqTjg4jvvIjjg4njg4PjgrDvvIk=[rn]
11-197579,aHR0cDovL3RzaG9wLnIxMHMuanAvemFra2F5YWZyZWUvY2FiaW5ldC9pbWcxMC9zZXQtc2kxOTI2LmpwZz9maXRpbj03MDA6NzAw,MTEyMzIuMDAwMA==,,6Iqx44O744Ks44O844OH44Oz44O7RElZID4g44Ko44Kv44K544OG44Oq44Ki44O744Ks44O844OH44Oz44OV44Kh44OL44OB44Oj44O8ID4g44Op44Kk44OI44O744Kk44Or44Of44ON44O844K344On44OzID4g44Ks44O844OH44Oz44Op44Kk44OIIOODu+eBr+evrQ==,6YCB5paZ54Sh5paZIOmAgeaWmei+vCDjg43jgrPjga7jgr3jg7zjg6njg7zjg6njgqTjg4jvvIjjgq3jg6Pjg4Pjg4jvvInvvJLnga/jgr/jgqTjg5c=,,PHRhYmxlIHdpZHRoPSIzMTAiIGJvcmRlcj0iMCIgYWxpZ249ImNlbnRlciIgY2VsbHBhZGRpbmc9IjAiIGNlbGxzcGFjaW5nPSIwIj48dHI+PHRkIGFsaWduPSJjZW50ZXIiIHZhbGlnbj0idG9wIj48aW1nIHNyYz0iaHR0cDovL2ltYWdlLnJha3V0ZW4uY28uanAvemFra2F5YWZyZWUvY2FiaW5ldC9zbWgvcGFnZTEvc2V0LXNpMTkyNi1zbS5qcGciIHdpZHRoPSIzMTAiIGhlaWdodD1hdXRvPjwvdGQ+PC90cj48dHI+PHRkIGFsaWduPSJjZW50ZXIiIHZhbGlnbj0idG9wIj48dGFibGUgd2lkdGg9IjMxMCIgYm9yZGVyPSIxIiBjZWxsc3BhY2luZz0iMSIgY2VsbHBhZGRpbmc9IjAiIGJvcmRlcmNvbG9yPSIjRkY5OUZGIiBiZ2NvbG9yPSIjRkZDQ0ZGIj48dHI+PHRkIHdpZHRoPSI1MCIgYWxpZ249ImxlZnQiIHZhbGlnbj0ibWlkZGxlIj48Zm9udCBjb2xvcj0iIzAwMDAwMCIgc2l6ZT0iMiI+PGI+44K144Kk44K6PC9iPjwvZm9udD48L3RkPjx0ZCBhbGlnbj0ibGVmdCIgdmFsaWduPSJtaWRkbGUiPjxiPjxmb250IGNvbG9yPSIjMDAwMDAwIiBzaXplPSIyIj7luYXntIQ0MjBtbcOX6auY57SEODEwbW3Dl+Wlpee0hDMwMG1tPC9mb250PjwvYj48L3RkPjwvdHI+PHRyPjx0ZCB3aWR0aD0iNTAiIGFsaWduPSJsZWZ0IiB2YWxpZ249Im1pZGRsZSI+PGZvbnQgY29sb3I9IiMwMDAwMDAiIHNpemU9IjIiPjxiPue0oOadkDwvYj48L2ZvbnQ+PC90ZD48dGQgYWxpZ249ImxlZnQiIHZhbGlnbj0ibWlkZGxlIj48Yj48Zm9udCBjb2xvcj0iIzAwMDAwMCIgc2l6ZT0iMiI+44K544OB44O844OrPC9mb250PjwvYj48L3RkPjwvdHI+PHRyPjx0ZCB3aWR0aD0iNTAiIGFsaWduPSJsZWZ0IiB2YWxpZ249Im1pZGRsZSI+PGZvbnQgY29sb3I9IiMwMDAwMDAiIHNpemU9IjIiPjxiPuWCmeiAgzwvYj48L2ZvbnQ+PC90ZD48dGQgYWxpZ249ImxlZnQiIHZhbGlnbj0ibWlkZGxlIj48Yj48Zm9udCBjb2xvcj0iIzAwMDAwMCIgc2l6ZT0iMiI+5YWJ44K744Oz44K144O85LuY44GN44CB6Ziy6Zuo5LuV5qeY44CB57WE44G/56uL44Gm5byPPC9mb250PjwvYj48L3RkPjwvdHI+PC90YWJsZT48L3RkPjwvdHI+PHRyPjx0ZCBhbGlnbj0iY2VudGVyIiB2YWxpZ249InRvcCI+PHRhYmxlIHdpZHRoPSIzMTAiIGJvcmRlcj0iMSIgY2VsbHNwYWNpbmc9IjEiIGNlbGxwYWRkaW5nPSIwIiBib3JkZXJjb2xvcj0iI0ZGOTlGRiI+PHRyPjx0ZCBhbGlnbj0iY2VudGVyIiB2YWxpZ249Im1pZGRsZSI+PGI+PGZvbnQgY29sb3I9IiNGRjAwMDAiIHNpemU9IjQiPuWkqumZveWFieOBp+WFhembu+OBmeOCi+OBi+OCieOBqOOBo+OBpuOCgue1jOa4iOeahOOAgjwvZm9udD48YnI+PGZvbnQgY29sb3I9IiMwMDAwRkYiIHNpemU9IjMiPueMq+OBruOCt+ODq+OCqOODg+ODiOOBjOWPr+aEm+OBhOOCrOODvOODh+ODs+OAgeOCveODvOODqeODvOODqeOCpOODiOOBp+OBmeOAgjwvZm9udD48L2I+PC90ZD48L3RyPjwvdGFibGU+PC90ZD48L3RyPjx0cj48dGQgYWxpZ249ImNlbnRlciIgdmFsaWduPSJ0b3AiPjxpbWcgc3JjPSJodHRwOi8vaW1hZ2UucmFrdXRlbi5jby5qcC96YWtrYXlhZnJlZS9jYWJpbmV0L3NtaC9wYWdlMS9zZXQtc2kxOTI2XzEtc2kuanBnIiB3aWR0aD0iMzEwIiBoZWlnaHQ9YXV0bz48L3RkPjwvdHI+PC90YWJsZT48IS0t44GT44GT44GL44KJ44K544Oe44Ob44Os44K45YmN5ZWG5ZOBLS0+PGJyIC8+PHRhYmxlIHdpZHRoPSIxMDAlIiBib3JkZXI9IjAiIGNlbGxzcGFjaW5nPSIwIiBjZWxscGFkZGluZz0iMCI+PHRyPjx0ZD48aW1nID0iIiBzcmM9Imh0dHA6Ly9pbWFnZS5yYWt1dGVuLmNvLmpwL3pha2theWFmcmVlL2NhYmluZXQvaGVhZGVyL2N5b2l0YXNoaS0xLmpwZyIgd2lkdGg9IjEwMCUiIC8+PC90ZD48L3RyPjx0cj48dGQ+PGltZyA9IiIgc3JjPSJodHRwOi8vaW1hZ2UucmFrdXRlbi5jby5qcC96YWtrYXlhZnJlZS9jYWJpbmV0L2hlYWRlci8wMDAwMDAwNTUyLTMyNjEwMC5qcGciIHdpZHRoPSIxMDAlIiBib3JkZXI9IjAiIC8+PC90ZD48L3RyPjx0cj48dGQ+PGltZyA9IiIgc3JjPSJodHRwOi8vaW1hZ2UucmFrdXRlbi5jby5qcC96YWtrYXlhZnJlZS9jYWJpbmV0L2hlYWRlci8wMDAwMDAwODk3LTMyNjEwMC5qcGciIHdpZHRoPSIxMDAlIiBib3JkZXI9IjAiIC8+PC90ZD48L3RyPjx0cj48dGQ+PGltZyA9IiIgc3JjPSJodHRwOi8vaW1hZ2UucmFrdXRlbi5jby5qcC96YWtrYXlhZnJlZS9jYWJpbmV0L2hlYWRlci9zcC1pd2x5NDAxMC0zMjYxMDAuanBnIiB3aWR0aD0iMTAwJSIgYm9yZGVyPSIwIiAvPjwvdGQ+PC90cj48L3RhYmxlPjwhLS3jgZPjgZPjgb7jgafjgrnjg57jg5vjg6zjgrjliY3llYblk4EtLT4=,6YCB5paZ54Sh5paZIOmAgeaWmei+vCDjg43jgrPjga7jgr3jg7zjg6njg7zjg6njgqTjg4jvvIjjgq3jg6Pjg4Pjg4jvvInvvJLnga/jgr/jgqTjg5fvvJrjgYvjgo/jgYTjgYTvvIbjgYrjgoLjgZfjgo3pm5HosqjlsYvjg5Xjg6rjg7w=,6YCa5L+h6LKp5aOy6YCa6LKp44K344On44OD44OU44Oz44Kw44Kq44Oz44Op44Kk44Oz44K344On44OD44OU44Oz44Kw6LK344GE54mp44OX44Os44K844Oz44OI44Ku44OV44OI6LSI44KK54mp6LSI562U5ZOB44GK5Lit5YWD44GK5q2z5pqu44GK6LK344GE5b6X5Y+O57SN44Oc44OD44Kv44K56ZuR6LKo44Kk44Oz44OG44Oq6ZuR6LKo55Sf5rS76ZuR6LKo44Kt44OD44OB44Oz6ZuR6LKo44Ks44O844OH44OL44Oz44Kw6ZuR6LKo44GK44KC44GX44KN6ZuR6LKo44GK44KC44GX44KN54Gw55q/44OG44Kj44OD44K344Ol44Kx44O844K5546E6Zai44Oe44OD44OI5YKY56uL44Gm44GK6Iy256KX6ZuR6LKo44Ks44O844OH44Oz44GU44G/566x44Kr44Os44Oz44OA44O844OB44Kn44K544Oe44Kw44Kr44OD44OX44Oa44Ki6YCB5paZ54Sh5paZIOmAgeaWmei+vCDjg43jgrPjga7jgr3jg7zjg6njg7zjg6njgqTjg4jvvIjjgq3jg6Pjg4Pjg4jvvInvvJLnga/jgr/jgqTjg5c=,6YCB5paZ54Sh5paZ44Gu44Ks44O844OH44Oz44Op44Kk44OI772c44Ks44O844OH44OL44Oz44Kw772c44Ko44Kv44K544OG44Oq44Ki772c44CC6YCB5paZ54Sh5paZIOmAgeaWmei+vCDjg43jgrPjga7jgr3jg7zjg6njg7zjg6njgqTjg4jvvIjjgq3jg6Pjg4Pjg4jvvInvvJLnga/jgr/jgqTjg5c=[rn]
11-197580,aHR0cDovL3RzaG9wLnIxMHMuanAvemFra2F5YWZyZWUvY2FiaW5ldC9pbWcxMC9zZXQtc2kxOTI0LmpwZz9maXRpbj03MDA6NzAw,NTcwMi40MDAw,,6Iqx44O744Ks44O844OH44Oz44O7RElZID4g44Ko44Kv44K544OG44Oq44Ki44O744Ks44O844OH44Oz44OV44Kh44OL44OB44Oj44O8ID4g44Op44Kk44OI44O744Kk44Or44Of44ON44O844K344On44OzID4g44Ks44O844OH44Oz44Op44Kk44OIIOODu+eBr+evrQ==,6YCB5paZ54Sh5paZIOmAgeaWmei+vCDjg43jgrPjga7jg4/jg7Pjgq7jg7PjgrDjgr3jg7zjg6njg7zjg6njgqTjg4jvvIjjgq3jg6Pjg4Pjg4jvvIk=,,PHRhYmxlIHdpZHRoPSIzMTAiIGJvcmRlcj0iMCIgYWxpZ249ImNlbnRlciIgY2VsbHBhZGRpbmc9IjAiIGNlbGxzcGFjaW5nPSIwIj48dHI+PHRkIGFsaWduPSJjZW50ZXIiIHZhbGlnbj0idG9wIj48aW1nIHNyYz0iaHR0cDovL2ltYWdlLnJha3V0ZW4uY28uanAvemFra2F5YWZyZWUvY2FiaW5ldC9zbWgvcGFnZTEvc2V0LXNpMTkyNC1zbS5qcGciIHdpZHRoPSIzMTAiIGhlaWdodD1hdXRvPjwvdGQ+PC90cj48dHI+PHRkIGFsaWduPSJjZW50ZXIiIHZhbGlnbj0idG9wIj48dGFibGUgd2lkdGg9IjMxMCIgYm9yZGVyPSIxIiBjZWxsc3BhY2luZz0iMSIgY2VsbHBhZGRpbmc9IjAiIGJvcmRlcmNvbG9yPSIjRkY5OUZGIiBiZ2NvbG9yPSIjRkZDQ0ZGIj48dHI+PHRkIHdpZHRoPSI1MCIgYWxpZ249ImxlZnQiIHZhbGlnbj0ibWlkZGxlIj48Zm9udCBjb2xvcj0iIzAwMDAwMCIgc2l6ZT0iMiI+PGI+44K144Kk44K6PC9iPjwvZm9udD48L3RkPjx0ZCBhbGlnbj0ibGVmdCIgdmFsaWduPSJtaWRkbGUiPjxiPjxmb250IGNvbG9yPSIjMDAwMDAwIiBzaXplPSIyIj7luYXntIQzOTBtbcOX6auY57SENDIwbW3Dl+Wlpee0hDI0MG1tPC9mb250PjwvYj48L3RkPjwvdHI+PHRyPjx0ZCB3aWR0aD0iNTAiIGFsaWduPSJsZWZ0IiB2YWxpZ249Im1pZGRsZSI+PGZvbnQgY29sb3I9IiMwMDAwMDAiIHNpemU9IjIiPjxiPue0oOadkDwvYj48L2ZvbnQ+PC90ZD48dGQgYWxpZ249ImxlZnQiIHZhbGlnbj0ibWlkZGxlIj48Yj48Zm9udCBjb2xvcj0iIzAwMDAwMCIgc2l6ZT0iMiI+44K544OB44O844OrPC9mb250PjwvYj48L3RkPjwvdHI+PHRyPjx0ZCB3aWR0aD0iNTAiIGFsaWduPSJsZWZ0IiB2YWxpZ249Im1pZGRsZSI+PGZvbnQgY29sb3I9IiMwMDAwMDAiIHNpemU9IjIiPjxiPuWCmeiAgzwvYj48L2ZvbnQ+PC90ZD48dGQgYWxpZ249ImxlZnQiIHZhbGlnbj0ibWlkZGxlIj48Yj48Zm9udCBjb2xvcj0iIzAwMDAwMCIgc2l6ZT0iMiI+5YWJ44K744Oz44K144O85LuY44GN44CB6Ziy6Zuo5LuV5qeY44CB57WE44G/56uL44Gm5byPPC9mb250PjwvYj48L3RkPjwvdHI+PC90YWJsZT48L3RkPjwvdHI+PHRyPjx0ZCBhbGlnbj0iY2VudGVyIiB2YWxpZ249InRvcCI+PHRhYmxlIHdpZHRoPSIzMTAiIGJvcmRlcj0iMSIgY2VsbHNwYWNpbmc9IjEiIGNlbGxwYWRkaW5nPSIwIiBib3JkZXJjb2xvcj0iI0ZGOTlGRiI+PHRyPjx0ZCBhbGlnbj0iY2VudGVyIiB2YWxpZ249Im1pZGRsZSI+PGI+PGZvbnQgY29sb3I9IiNGRjAwMDAiIHNpemU9IjQiPuWkqumZveWFieOBp+WFhembu+OBmeOCi+OBi+OCieOBqOOBo+OBpuOCgue1jOa4iOeahOOAgjwvZm9udD48YnI+PGZvbnQgY29sb3I9IiMwMDAwRkYiIHNpemU9IjMiPueMq+OBruOCt+ODq+OCqOODg+ODiOOBjOWPr+aEm+OBhOOCrOODvOODh+ODs+OAgeOCveODvOODqeODvOODqeOCpOODiOOBp+OBmeOAgjwvZm9udD48L2I+PC90ZD48L3RyPjwvdGFibGU+PC90ZD48L3RyPjx0cj48dGQgYWxpZ249ImNlbnRlciIgdmFsaWduPSJ0b3AiPjxpbWcgc3JjPSJodHRwOi8vaW1hZ2UucmFrdXRlbi5jby5qcC96YWtrYXlhZnJlZS9jYWJpbmV0L3NtaC9wYWdlMS9zZXQtc2kxOTI0XzEtc2kuanBnIiB3aWR0aD0iMzEwIiBoZWlnaHQ9YXV0bz48L3RkPjwvdHI+PC90YWJsZT48IS0t44GT44GT44GL44KJ44K544Oe44Ob44Os44K45YmN5ZWG5ZOBLS0+PGJyIC8+PHRhYmxlIHdpZHRoPSIxMDAlIiBib3JkZXI9IjAiIGNlbGxzcGFjaW5nPSIwIiBjZWxscGFkZGluZz0iMCI+PHRyPjx0ZD48aW1nID0iIiBzcmM9Imh0dHA6Ly9pbWFnZS5yYWt1dGVuLmNvLmpwL3pha2theWFmcmVlL2NhYmluZXQvaGVhZGVyL2N5b2l0YXNoaS0xLmpwZyIgd2lkdGg9IjEwMCUiIC8+PC90ZD48L3RyPjx0cj48dGQ+PGltZyA9IiIgc3JjPSJodHRwOi8vaW1hZ2UucmFrdXRlbi5jby5qcC96YWtrYXlhZnJlZS9jYWJpbmV0L2hlYWRlci8wMDAwMDAwNTUyLTMyNjEwMC5qcGciIHdpZHRoPSIxMDAlIiBib3JkZXI9IjAiIC8+PC90ZD48L3RyPjx0cj48dGQ+PGltZyA9IiIgc3JjPSJodHRwOi8vaW1hZ2UucmFrdXRlbi5jby5qcC96YWtrYXlhZnJlZS9jYWJpbmV0L2hlYWRlci8wMDAwMDAwODk3LTMyNjEwMC5qcGciIHdpZHRoPSIxMDAlIiBib3JkZXI9IjAiIC8+PC90ZD48L3RyPjx0cj48dGQ+PGltZyA9IiIgc3JjPSJodHRwOi8vaW1hZ2UucmFrdXRlbi5jby5qcC96YWtrYXlhZnJlZS9jYWJpbmV0L2hlYWRlci9zcC1pd2x5NDAxMC0zMjYxMDAuanBnIiB3aWR0aD0iMTAwJSIgYm9yZGVyPSIwIiAvPjwvdGQ+PC90cj48L3RhYmxlPjwhLS3jgZPjgZPjgb7jgafjgrnjg57jg5vjg6zjgrjliY3llYblk4EtLT4=,6YCB5paZ54Sh5paZIOmAgeaWmei+vCDjg43jgrPjga7jg4/jg7Pjgq7jg7PjgrDjgr3jg7zjg6njg7zjg6njgqTjg4jvvIjjgq3jg6Pjg4Pjg4jvvInvvJrjgYvjgo/jgYTjgYTvvIbjgYrjgoLjgZfjgo3pm5HosqjlsYvjg5Xjg6rjg7w=,6YCa5L+h6LKp5aOy6YCa6LKp44K344On44OD44OU44Oz44Kw44Kq44Oz44Op44Kk44Oz44K344On44OD44OU44Oz44Kw6LK344GE54mp44OX44Os44K844Oz44OI44Ku44OV44OI6LSI44KK54mp6LSI562U5ZOB44GK5Lit5YWD44GK5q2z5pqu44GK6LK344GE5b6X5Y+O57SN44Oc44OD44Kv44K56ZuR6LKo44Kk44Oz44OG44Oq6ZuR6LKo55Sf5rS76ZuR6LKo44Kt44OD44OB44Oz6ZuR6LKo44Ks44O844OH44OL44Oz44Kw6ZuR6LKo44GK44KC44GX44KN6ZuR6LKo44GK44KC44GX44KN54Gw55q/44OG44Kj44OD44K344Ol44Kx44O844K5546E6Zai44Oe44OD44OI5YKY56uL44Gm44GK6Iy256KX6ZuR6LKo44Ks44O844OH44Oz44GU44G/566x44Kr44Os44Oz44OA44O844OB44Kn44K544Oe44Kw44Kr44OD44OX44Oa44Ki6YCB5paZ54Sh5paZIOmAgeaWmei+vCDjg43jgrPjga7jg4/jg7Pjgq7jg7PjgrDjgr3jg7zjg6njg7zjg6njgqTjg4jvvIjjgq3jg6Pjg4Pjg4jvvIk=,6YCB5paZ54Sh5paZ44Gu44Ks44O844OH44Oz44Op44Kk44OI772c44Ks44O844OH44OL44Oz44Kw772c44Ko44Kv44K544OG44Oq44Ki772c44CC6YCB5paZ54Sh5paZIOmAgeaWmei+vCDjg43jgrPjga7jg4/jg7Pjgq7jg7PjgrDjgr3jg7zjg6njg7zjg6njgqTjg4jvvIjjgq3jg6Pjg4Pjg4jvvIk=[rn]
11-197581,aHR0cDovL3RzaG9wLnIxMHMuanAvemFra2F5YWZyZWUvY2FiaW5ldC9pbWcxMC9zZXQtc3IwMzA2LmpwZz9maXRpbj03MDA6NzAw,ODIwOC4wMDAw,,6Iqx44O744Ks44O844OH44Oz44O7RElZID4g44Ko44Kv44K544OG44Oq44Ki44O744Ks44O844OH44Oz44OV44Kh44OL44OB44Oj44O8ID4g44Op44Kk44OI44O744Kk44Or44Of44ON44O844K344On44OzID4g44Ks44O844OH44Oz44Op44Kk44OIIOODu+eBr+evrQ==,6YCB5paZ54Sh5paZIOmAgeaWmei+vCDjgqzjg7zjg4fjg7Mg44Ks44O844OH44OL44Oz44KwIOOCqOOCr+OCueODhuODquOCoiDjgqzjg7zjg4fjg7Pjg6njgqTjg4gg572u54mpIOOCquODluOCuOOCpyDjgr3jg7zjg6njg7zjgqrjg7zjg4rjg6Hjg7Pjg4jvvIjjgYroj5PlrZDjga7lrrbvvIk=,,PHRhYmxlIHdpZHRoPSIzMTAiIGJvcmRlcj0iMCIgYWxpZ249ImNlbnRlciIgY2VsbHBhZGRpbmc9IjAiIGNlbGxzcGFjaW5nPSIwIj48dHI+PHRkIGFsaWduPSJjZW50ZXIiIHZhbGlnbj0idG9wIj48aW1nIHNyYz0iaHR0cDovL2ltYWdlLnJha3V0ZW4uY28uanAvemFra2F5YWZyZWUvY2FiaW5ldC9zbWgvcGFnZTEvc2V0LXNyMDMwNi1zbS5qcGciIHdpZHRoPSIzMTAiIGhlaWdodD1hdXRvPjwvdGQ+PC90cj48dHI+PHRkIGFsaWduPSJjZW50ZXIiIHZhbGlnbj0idG9wIj48dGFibGUgd2lkdGg9IjMxMCIgYm9yZGVyPSIxIiBjZWxsc3BhY2luZz0iMSIgY2VsbHBhZGRpbmc9IjAiIGJvcmRlcmNvbG9yPSIjRkY5OUZGIiBiZ2NvbG9yPSIjRkZDQ0ZGIj48dHI+PHRkIHdpZHRoPSI1MCIgYWxpZ249ImxlZnQiIHZhbGlnbj0ibWlkZGxlIj48Zm9udCBjb2xvcj0iIzAwMDAwMCIgc2l6ZT0iMiI+PGI+44K144Kk44K6PC9iPjwvZm9udD48L3RkPjx0ZCBhbGlnbj0ibGVmdCIgdmFsaWduPSJtaWRkbGUiPjxiPjxmb250IGNvbG9yPSIjMDAwMDAwIiBzaXplPSIyIj7luYXntIQzMDBtbcOX6auY57SEMjgwbW3Dl+Wlpee0hDIwMG1tPC9mb250PjwvYj48L3RkPjwvdHI+PHRyPjx0ZCB3aWR0aD0iNTAiIGFsaWduPSJsZWZ0IiB2YWxpZ249Im1pZGRsZSI+PGZvbnQgY29sb3I9IiMwMDAwMDAiIHNpemU9IjIiPjxiPue0oOadkDwvYj48L2ZvbnQ+PC90ZD48dGQgYWxpZ249ImxlZnQiIHZhbGlnbj0ibWlkZGxlIj48Yj48Zm9udCBjb2xvcj0iIzAwMDAwMCIgc2l6ZT0iMiI+44Os44K444OzPC9mb250PjwvYj48L3RkPjwvdHI+PHRyPjx0ZCB3aWR0aD0iNTAiIGFsaWduPSJsZWZ0IiB2YWxpZ249Im1pZGRsZSI+PGZvbnQgY29sb3I9IiMwMDAwMDAiIHNpemU9IjIiPjxiPuWCmeiAgzwvYj48L2ZvbnQ+PC90ZD48dGQgYWxpZ249ImxlZnQiIHZhbGlnbj0ibWlkZGxlIj48Yj48Zm9udCBjb2xvcj0iIzAwMDAwMCIgc2l6ZT0iMiI+6Ziy6Zuo5LuV5qeY44CB5YWJ44K744Oz44K144O85LuY44GNPC9mb250PjwvYj48L3RkPjwvdHI+PC90YWJsZT48L3RkPjwvdHI+PHRyPjx0ZCBhbGlnbj0iY2VudGVyIiB2YWxpZ249InRvcCI+PHRhYmxlIHdpZHRoPSIzMTAiIGJvcmRlcj0iMSIgY2VsbHNwYWNpbmc9IjEiIGNlbGxwYWRkaW5nPSIwIiBib3JkZXJjb2xvcj0iI0ZGOTlGRiI+PHRyPjx0ZCBhbGlnbj0iY2VudGVyIiB2YWxpZ249Im1pZGRsZSI+PGI+PGZvbnQgY29sb3I9IiNGRjAwMDAiIHNpemU9IjQiPue+juWRs+OBl+OBneOBhu+9njwvZm9udD48YnI+PGZvbnQgY29sb3I9IiMwMDAwRkYiIHNpemU9IjMiPuWPr+aEm+OBj+OBpue+juWRs+OBl+OBneOBhuOBquOBiuiPk+WtkOOBruWutuOBruOCveODvOODqeODvOODqeOCpOODiO+8huOCquODvOODiuODoeODs+ODiOOBp+OBmeOAgjxicj7lhYnjgrvjg7PjgrXjg7zlhoXolLXjgaDjgYvjgonmmpfjgY/jgarjgovjgajpm7Dlm7LmsJfoia/jgY/jgYrluq3jgpLnhafjgonjgZfjgabjgY/jgozjgb7jgZnjgII8L2ZvbnQ+PC9iPjwvdGQ+PC90cj48L3RhYmxlPjwvdGQ+PC90cj48dHI+PHRkIGFsaWduPSJjZW50ZXIiIHZhbGlnbj0idG9wIj48aW1nIHNyYz0iaHR0cDovL2ltYWdlLnJha3V0ZW4uY28uanAvemFra2F5YWZyZWUvY2FiaW5ldC9zbWgvcGFnZTEvc2V0LXNyMDMwNl8xLXNpLmpwZyIgd2lkdGg9IjMxMCIgaGVpZ2h0PWF1dG8+PC90ZD48L3RyPjwvdGFibGU+PCEtLeOBk+OBk+OBi+OCieOCueODnuODm+ODrOOCuOWJjeWVhuWTgS0tPjxiciAvPjx0YWJsZSB3aWR0aD0iMTAwJSIgYm9yZGVyPSIwIiBjZWxsc3BhY2luZz0iMCIgY2VsbHBhZGRpbmc9IjAiPjx0cj48dGQ+PGltZyA9IiIgc3JjPSJodHRwOi8vaW1hZ2UucmFrdXRlbi5jby5qcC96YWtrYXlhZnJlZS9jYWJpbmV0L2hlYWRlci9jeW9pdGFzaGktMS5qcGciIHdpZHRoPSIxMDAlIiAvPjwvdGQ+PC90cj48dHI+PHRkPjxpbWcgPSIiIHNyYz0iaHR0cDovL2ltYWdlLnJha3V0ZW4uY28uanAvemFra2F5YWZyZWUvY2FiaW5ldC9oZWFkZXIvMDAwMDAwMDU1Mi0zMjYxMDAuanBnIiB3aWR0aD0iMTAwJSIgYm9yZGVyPSIwIiAvPjwvdGQ+PC90cj48dHI+PHRkPjxpbWcgPSIiIHNyYz0iaHR0cDovL2ltYWdlLnJha3V0ZW4uY28uanAvemFra2F5YWZyZWUvY2FiaW5ldC9oZWFkZXIvMDAwMDAwMDg5Ny0zMjYxMDAuanBnIiB3aWR0aD0iMTAwJSIgYm9yZGVyPSIwIiAvPjwvdGQ+PC90cj48dHI+PHRkPjxpbWcgPSIiIHNyYz0iaHR0cDovL2ltYWdlLnJha3V0ZW4uY28uanAvemFra2F5YWZyZWUvY2FiaW5ldC9oZWFkZXIvc3AtaXdseTQwMTAtMzI2MTAwLmpwZyIgd2lkdGg9IjEwMCUiIGJvcmRlcj0iMCIgLz48L3RkPjwvdHI+PC90YWJsZT48IS0t44GT44GT44G+44Gn44K544Oe44Ob44Os44K45YmN5ZWG5ZOBLS0+,6YCB5paZ54Sh5paZIOmAgeaWmei+vCDjgqzjg7zjg4fjg7Mg44Ks44O844OH44OL44Oz44KwIOOCqOOCr+OCueODhuODquOCoiDjgqzjg7zjg4fjg7Pjg6njgqTjg4gg572u54mpIOOCquODluOCuOOCpyDjgr3jg7zjg6njg7zjgqrjg7zjg4rjg6Hjg7Pjg4jvvIjjgYroj5PlrZDjga7lrrbvvInvvJrjgYvjgo/jgYTjgYTvvIbjgYrjgoLjgZfjgo3pm5HosqjlsYvjg5Xjg6rjg7w=,6YCa5L+h6LKp5aOy6YCa6LKp44K344On44OD44OU44Oz44Kw44Kq44Oz44Op44Kk44Oz44K344On44OD44OU44Oz44Kw6LK344GE54mp44OX44Os44K844Oz44OI44Ku44OV44OI6LSI44KK54mp6LSI562U5ZOB44GK5Lit5YWD44GK5q2z5pqu44GK6LK344GE5b6X5Y+O57SN44Oc44OD44Kv44K56ZuR6LKo44Kk44Oz44OG44Oq6ZuR6LKo55Sf5rS76ZuR6LKo44Kt44OD44OB44Oz6ZuR6LKo44Ks44O844OH44OL44Oz44Kw6ZuR6LKo44GK44KC44GX44KN6ZuR6LKo44GK44KC44GX44KN54Gw55q/44OG44Kj44OD44K344Ol44Kx44O844K5546E6Zai44Oe44OD44OI5YKY56uL44Gm44GK6Iy256KX6ZuR6LKo44Ks44O844OH44Oz44GU44G/566x44Kr44Os44Oz44OA44O844OB44Kn44K544Oe44Kw44Kr44OD44OX44Oa44Ki6YCB5paZ54Sh5paZIOmAgeaWmei+vCDjgqzjg7zjg4fjg7Mg44Ks44O844OH44OL44Oz44KwIOOCqOOCr+OCueODhuODquOCoiDjgqzjg7zjg4fjg7Pjg6njgqTjg4gg572u54mpIOOCquODluOCuOOCpyDjgr3jg7zjg6njg7zjgqrjg7zjg4rjg6Hjg7Pjg4jvvIjjgYroj5PlrZDjga7lrrbvvIk=,5oCd44KP44Ga6aOf44G544Gf44GP44Gq44Gj44Gh44KD44GG44K544Kk44O844OE44Gq44Ks44O844OH44Oz44Op44Kk44OI44CC6YCB5paZ54Sh5paZIOmAgeaWmei+vCDjgqzjg7zjg4fjg7Mg44Ks44O844OH44OL44Oz44KwIOOCqOOCr+OCueODhuODquOCoiDjgqzjg7zjg4fjg7Pjg6njgqTjg4gg572u54mpIOOCquODluOCuOOCpyDjgr3jg7zjg6njg7zjgqrjg7zjg4rjg6Hjg7Pjg4jvvIjjgYroj5PlrZDjga7lrrbvvIk=[rn]
11-197582,aHR0cDovL3RzaG9wLnIxMHMuanAvemFra2F5YWZyZWUvY2FiaW5ldC9pbWcxMC9zZXQtc3IwOTUyLmpwZz9maXRpbj03MDA6NzAw,MTIwOTYuMDAwMA==,,6Iqx44O744Ks44O844OH44Oz44O7RElZID4g44Ko44Kv44K544OG44Oq44Ki44O744Ks44O844OH44Oz44OV44Kh44OL44OB44Oj44O8ID4g44Op44Kk44OI44O744Kk44Or44Of44ON44O844K344On44OzID4g44Ks44O844OH44Oz44Op44Kk44OIIOODu+eBr+evrQ==,6YCB5paZ54Sh5paZIOmAgeaWmei+vCDjgqzjg7zjg4fjg7Mg44Ks44O844OH44OL44Oz44KwIOOCqOOCr+OCueODhuODquOCoiDjgqzjg7zjg4fjg7Pjg6njgqTjg4gg5LiN5oCd6K2w44Gu5Zu944Gu44Ki44Oq44K5IOODj+ODs+OCruODs+OCsOOCveODvOODqeODvOODqeOCpOODiO+8iOODgeOCt+ODo+eMq++8iQ==,,PHRhYmxlIHdpZHRoPSIzMTAiIGJvcmRlcj0iMCIgYWxpZ249ImNlbnRlciIgY2VsbHBhZGRpbmc9IjAiIGNlbGxzcGFjaW5nPSIwIj48dHI+PHRkIGFsaWduPSJjZW50ZXIiIHZhbGlnbj0idG9wIj48aW1nIHNyYz0iaHR0cDovL2ltYWdlLnJha3V0ZW4uY28uanAvemFra2F5YWZyZWUvY2FiaW5ldC9zbWgvcGFnZTEvc2V0LXNyMDk1Mi1zbS5qcGciIHdpZHRoPSIzMTAiIGhlaWdodD1hdXRvPjwvdGQ+PC90cj48dHI+PHRkIGFsaWduPSJjZW50ZXIiIHZhbGlnbj0idG9wIj48dGFibGUgd2lkdGg9IjMxMCIgYm9yZGVyPSIxIiBjZWxsc3BhY2luZz0iMSIgY2VsbHBhZGRpbmc9IjAiIGJvcmRlcmNvbG9yPSIjRkY5OUZGIiBiZ2NvbG9yPSIjRkZDQ0ZGIj48dHI+PHRkIHdpZHRoPSI1MCIgYWxpZ249ImxlZnQiIHZhbGlnbj0ibWlkZGxlIj48Zm9udCBjb2xvcj0iIzAwMDAwMCIgc2l6ZT0iMiI+PGI+44K144Kk44K6PC9iPjwvZm9udD48L3RkPjx0ZCBhbGlnbj0ibGVmdCIgdmFsaWduPSJtaWRkbGUiPjxiPjxmb250IGNvbG9yPSIjMDAwMDAwIiBzaXplPSIyIj7luYXntIQyNTVtbcOX6auY57SENTEwbW3Dl+Wlpee0hDI0MG1tPC9mb250PjwvYj48L3RkPjwvdHI+PHRyPjx0ZCB3aWR0aD0iNTAiIGFsaWduPSJsZWZ0IiB2YWxpZ249Im1pZGRsZSI+PGZvbnQgY29sb3I9IiMwMDAwMDAiIHNpemU9IjIiPjxiPue0oOadkDwvYj48L2ZvbnQ+PC90ZD48dGQgYWxpZ249ImxlZnQiIHZhbGlnbj0ibWlkZGxlIj48Yj48Zm9udCBjb2xvcj0iIzAwMDAwMCIgc2l6ZT0iMiI+44Os44K444OzPC9mb250PjwvYj48L3RkPjwvdHI+PHRyPjx0ZCB3aWR0aD0iNTAiIGFsaWduPSJsZWZ0IiB2YWxpZ249Im1pZGRsZSI+PGZvbnQgY29sb3I9IiMwMDAwMDAiIHNpemU9IjIiPjxiPuWCmeiAgzwvYj48L2ZvbnQ+PC90ZD48dGQgYWxpZ249ImxlZnQiIHZhbGlnbj0ibWlkZGxlIj48Yj48Zm9udCBjb2xvcj0iIzAwMDAwMCIgc2l6ZT0iMiI+57WE44G/56uL44Gm5byP44CB6Ziy6Zuo5LuV5qeY44CB5YWJ44K744Oz44K144O85LuY44GNPC9mb250PjwvYj48L3RkPjwvdHI+PC90YWJsZT48L3RkPjwvdHI+PHRyPjx0ZCBhbGlnbj0iY2VudGVyIiB2YWxpZ249InRvcCI+PHRhYmxlIHdpZHRoPSIzMTAiIGJvcmRlcj0iMSIgY2VsbHNwYWNpbmc9IjEiIGNlbGxwYWRkaW5nPSIwIiBib3JkZXJjb2xvcj0iI0ZGOTlGRiI+PHRyPjx0ZCBhbGlnbj0iY2VudGVyIiB2YWxpZ249Im1pZGRsZSI+PGI+PGZvbnQgY29sb3I9IiNGRjAwMDAiIHNpemU9IjQiPuS4jeaAneitsOOBruWbveOBruOCouODquOCuembkeiyqDwvZm9udD48YnI+PGZvbnQgY29sb3I9IiMwMDAwRkYiIHNpemU9IjMiPuOCouODquOCueOBq+eZu+WgtOOBmeOCi+OCreODo+ODqeOCr+OCv+ODvOOBruOCveODvOODqeODvOODqeOCpOODiOOAgeOCrOODvOODh+ODs+ODqeOCpOODiOOBp+OBmeOAgjxicj7jgYrmsJfjgavlhaXjgorjgpLjgZXjgormsJfjgarjgY/po77jgaPjgabjgIHjgYLjgarjgZ/jga7jgYrluq3jgpLjg6/jg7Pjg4Djg7zjg6njg7Pjg4njgavjgZfjgaHjgoPjgYTjgb7jgZfjgofjgYbvvIE8L2ZvbnQ+PC9iPjwvdGQ+PC90cj48L3RhYmxlPjwvdGQ+PC90cj48dHI+PHRkIGFsaWduPSJjZW50ZXIiIHZhbGlnbj0idG9wIj48aW1nIHNyYz0iaHR0cDovL2ltYWdlLnJha3V0ZW4uY28uanAvemFra2F5YWZyZWUvY2FiaW5ldC9zbWgvcGFnZTEvc2V0LXNyMDk1Ml8xLXNpLmpwZyIgd2lkdGg9IjMxMCIgaGVpZ2h0PWF1dG8+PC90ZD48L3RyPjwvdGFibGU+PCEtLeOBk+OBk+OBi+OCieOCueODnuODm+ODrOOCuOWJjeWVhuWTgS0tPjxiciAvPjx0YWJsZSB3aWR0aD0iMTAwJSIgYm9yZGVyPSIwIiBjZWxsc3BhY2luZz0iMCIgY2VsbHBhZGRpbmc9IjAiPjx0cj48dGQ+PGltZyA9IiIgc3JjPSJodHRwOi8vaW1hZ2UucmFrdXRlbi5jby5qcC96YWtrYXlhZnJlZS9jYWJpbmV0L2hlYWRlci9jeW9pdGFzaGktMS5qcGciIHdpZHRoPSIxMDAlIiAvPjwvdGQ+PC90cj48dHI+PHRkPjxpbWcgPSIiIHNyYz0iaHR0cDovL2ltYWdlLnJha3V0ZW4uY28uanAvemFra2F5YWZyZWUvY2FiaW5ldC9oZWFkZXIvMDAwMDAwMDU1Mi0zMjYxMDAuanBnIiB3aWR0aD0iMTAwJSIgYm9yZGVyPSIwIiAvPjwvdGQ+PC90cj48dHI+PHRkPjxpbWcgPSIiIHNyYz0iaHR0cDovL2ltYWdlLnJha3V0ZW4uY28uanAvemFra2F5YWZyZWUvY2FiaW5ldC9oZWFkZXIvMDAwMDAwMDg5Ny0zMjYxMDAuanBnIiB3aWR0aD0iMTAwJSIgYm9yZGVyPSIwIiAvPjwvdGQ+PC90cj48dHI+PHRkPjxpbWcgPSIiIHNyYz0iaHR0cDovL2ltYWdlLnJha3V0ZW4uY28uanAvemFra2F5YWZyZWUvY2FiaW5ldC9oZWFkZXIvc3AtaXdseTQwMTAtMzI2MTAwLmpwZyIgd2lkdGg9IjEwMCUiIGJvcmRlcj0iMCIgLz48L3RkPjwvdHI+PC90YWJsZT48IS0t44GT44GT44G+44Gn44K544Oe44Ob44Os44K45YmN5ZWG5ZOBLS0+,6YCB5paZ54Sh5paZIOmAgeaWmei+vCDjgqzjg7zjg4fjg7Mg44Ks44O844OH44OL44Oz44KwIOOCqOOCr+OCueODhuODquOCoiDjgqzjg7zjg4fjg7Pjg6njgqTjg4gg5LiN5oCd6K2w44Gu5Zu944Gu44Ki44Oq44K5IOODj+ODs+OCruODs+OCsOOCveODvOODqeODvOODqeOCpOODiO+8iOODgeOCt+ODo+eMq++8ie+8muOBi+OCj+OBhOOBhO+8huOBiuOCguOBl+OCjembkeiyqOWxi+ODleODquODvA==,6YCa5L+h6LKp5aOy6YCa6LKp44K344On44OD44OU44Oz44Kw44Kq44Oz44Op44Kk44Oz44K344On44OD44OU44Oz44Kw6LK344GE54mp44OX44Os44K844Oz44OI44Ku44OV44OI6LSI44KK54mp6LSI562U5ZOB44GK5Lit5YWD44GK5q2z5pqu44GK6LK344GE5b6X5Y+O57SN44Oc44OD44Kv44K56ZuR6LKo44Kk44Oz44OG44Oq6ZuR6LKo55Sf5rS76ZuR6LKo44Kt44OD44OB44Oz6ZuR6LKo44Ks44O844OH44OL44Oz44Kw6ZuR6LKo44GK44KC44GX44KN6ZuR6LKo44GK44KC44GX44KN54Gw55q/44OG44Kj44OD44K344Ol44Kx44O844K5546E6Zai44Oe44OD44OI5YKY56uL44Gm44GK6Iy256KX6ZuR6LKo44Ks44O844OH44Oz44GU44G/566x44Kr44Os44Oz44OA44O844OB44Kn44K544Oe44Kw44Kr44OD44OX44Oa44Ki6YCB5paZ54Sh5paZIOmAgeaWmei+vCDjgqzjg7zjg4fjg7Mg44Ks44O844OH44OL44Oz44KwIOOCqOOCr+OCueODhuODquOCoiDjgqzjg7zjg4fjg7Pjg6njgqTjg4gg5LiN5oCd6K2w44Gu5Zu944Gu44Ki44Oq44K5IOODj+ODs+OCruODs+OCsOOCveODvOODqeODvOODqeOCpOODiO+8iOODgeOCt+ODo+eMq++8iQ==,44Ov44Oz44OA44O844Ks44O844OH44Oz44K944O844Op44O844Ks44O844OH44Oz44Op44Kk44OI77yB44CC6YCB5paZ54Sh5paZIOmAgeaWmei+vCDjgqzjg7zjg4fjg7Mg44Ks44O844OH44OL44Oz44KwIOOCqOOCr+OCueODhuODquOCoiDjgqzjg7zjg4fjg7Pjg6njgqTjg4gg5LiN5oCd6K2w44Gu5Zu944Gu44Ki44Oq44K5IOODj+ODs+OCruODs+OCsOOCveODvOODqeODvOODqeOCpOODiO+8iOODgeOCt+ODo+eMq++8iQ==[rn]
11-197583,aHR0cDovL3RzaG9wLnIxMHMuanAvemFra2F5YWZyZWUvY2FiaW5ldC9pbWcxMC9zZXQtc2QwMzY1LmpwZz9maXRpbj03MDA6NzAw,NDMyMC4wMDAw,,6Iqx44O744Ks44O844OH44Oz44O7RElZID4g44Ko44Kv44K544OG44Oq44Ki44O744Ks44O844OH44Oz44OV44Kh44OL44OB44Oj44O8ID4g44Op44Kk44OI44O744Kk44Or44Of44ON44O844K344On44OzID4g44Ks44O844OH44Oz44Op44Kk44OIIOODu+eBr+evrQ==,44CQ6YCB5paZ54Sh5paZ44CR44OH44Kj44K644OL44O844OP44Km44K544K944O844Op44O844Op44Kk44OI77yI44Of44OD44Kt44O877yG44Of44OL44O877yJ,,PHRhYmxlIHdpZHRoPSIzMTAiIGJvcmRlcj0iMCIgYWxpZ249ImNlbnRlciIgY2VsbHBhZGRpbmc9IjAiIGNlbGxzcGFjaW5nPSIwIj48dHI+PHRkIGFsaWduPSJjZW50ZXIiIHZhbGlnbj0idG9wIj48aW1nIHNyYz0iaHR0cDovL2ltYWdlLnJha3V0ZW4uY28uanAvemFra2F5YWZyZWUvY2FiaW5ldC9zbWgvcGFnZTEvc2V0LXNkMDM2NS1zbS5qcGciIHdpZHRoPSIzMTAiIGhlaWdodD1hdXRvPjwvdGQ+PC90cj48dHI+PHRkIGFsaWduPSJjZW50ZXIiIHZhbGlnbj0idG9wIj48dGFibGUgd2lkdGg9IjMxMCIgYm9yZGVyPSIxIiBjZWxsc3BhY2luZz0iMSIgY2VsbHBhZGRpbmc9IjAiIGJvcmRlcmNvbG9yPSIjRkY5OUZGIiBiZ2NvbG9yPSIjRkZDQ0ZGIj48dHI+PHRkIHdpZHRoPSI1MCIgYWxpZ249ImxlZnQiIHZhbGlnbj0ibWlkZGxlIj48Zm9udCBjb2xvcj0iIzAwMDAwMCIgc2l6ZT0iMiI+PGI+44K144Kk44K6PC9iPjwvZm9udD48L3RkPjx0ZCBhbGlnbj0ibGVmdCIgdmFsaWduPSJtaWRkbGUiPjxiPjxmb250IGNvbG9yPSIjMDAwMDAwIiBzaXplPSIyIj7luYXntIQxMjVtbcOX6auY57SEMTU1bW3Dl+Wlpee0hDEzMG1tPC9mb250PjwvYj48L3RkPjwvdHI+PHRyPjx0ZCB3aWR0aD0iNTAiIGFsaWduPSJsZWZ0IiB2YWxpZ249Im1pZGRsZSI+PGZvbnQgY29sb3I9IiMwMDAwMDAiIHNpemU9IjIiPjxiPue0oOadkDwvYj48L2ZvbnQ+PC90ZD48dGQgYWxpZ249ImxlZnQiIHZhbGlnbj0ibWlkZGxlIj48Yj48Zm9udCBjb2xvcj0iIzAwMDAwMCIgc2l6ZT0iMiI+44Os44K444Oz44CB77yh77yi77yz5qi56ISCPC9mb250PjwvYj48L3RkPjwvdHI+PHRyPjx0ZCB3aWR0aD0iNTAiIGFsaWduPSJsZWZ0IiB2YWxpZ249Im1pZGRsZSI+PGZvbnQgY29sb3I9IiMwMDAwMDAiIHNpemU9IjIiPjxiPuWCmeiAgzwvYj48L2ZvbnQ+PC90ZD48dGQgYWxpZ249ImxlZnQiIHZhbGlnbj0ibWlkZGxlIj48Yj48Zm9udCBjb2xvcj0iIzAwMDAwMCIgc2l6ZT0iMiI+LTwvZm9udD48L2I+PC90ZD48L3RyPjwvdGFibGU+PC90ZD48L3RyPjx0cj48dGQgYWxpZ249ImNlbnRlciIgdmFsaWduPSJ0b3AiPjx0YWJsZSB3aWR0aD0iMzEwIiBib3JkZXI9IjEiIGNlbGxzcGFjaW5nPSIxIiBjZWxscGFkZGluZz0iMCIgYm9yZGVyY29sb3I9IiNGRjk5RkYiPjx0cj48dGQgYWxpZ249ImNlbnRlciIgdmFsaWduPSJtaWRkbGUiPjxiPjxmb250IGNvbG9yPSIjRkYwMDAwIiBzaXplPSI0Ij7jg4fjgqPjgrrjg4vjg7zjga7jgr3jg7zjg6njg7zjg6njgqTjg4g8L2ZvbnQ+PGJyPjxmb250IGNvbG9yPSIjMDAwMEZGIiBzaXplPSIzIj7jgYrluq3jga/njoTplqLlhYjjgpLlj6/mhJvjgY/mvJTlh7rjgZfjgabjgY/jgozjgovjg4fjgqPjgrrjg4vjg7zjga7jgr3jg7zjg6njg7zjg6njgqTjg4jvvIE8YnI+PGJyPuOCu+ODs+OCteODvOOBp+aal+OBj+OBquOCi+OBqOiHquWLleeahOOBq+eCueeBr+OBl+OBvuOBmeOAgjxicj48YnI+5q+O5pel44OH44Kj44K644OL44O844Kt44Oj44Op44Kv44K/44O86YGU44GM5biw44KK44KS44GK5Ye66L+O44GI44GX44G+44GZ44CCPC9mb250PjwvYj48L3RkPjwvdHI+PC90YWJsZT48L3RkPjwvdHI+PHRyPjx0ZCBhbGlnbj0iY2VudGVyIiB2YWxpZ249InRvcCI+PGltZyBzcmM9Imh0dHA6Ly9pbWFnZS5yYWt1dGVuLmNvLmpwL3pha2theWFmcmVlL2NhYmluZXQvc21oL3BhZ2UxL3NldC1zZDAzNjVfMS1zaS5qcGciIHdpZHRoPSIzMTAiIGhlaWdodD1hdXRvPjwvdGQ+PC90cj48L3RhYmxlPjwhLS3jgZPjgZPjgYvjgonjgrnjg57jg5vjg6zjgrjliY3llYblk4EtLT48YnIgLz48dGFibGUgd2lkdGg9IjEwMCUiIGJvcmRlcj0iMCIgY2VsbHNwYWNpbmc9IjAiIGNlbGxwYWRkaW5nPSIwIj48dHI+PHRkPjxpbWcgPSIiIHNyYz0iaHR0cDovL2ltYWdlLnJha3V0ZW4uY28uanAvemFra2F5YWZyZWUvY2FiaW5ldC9oZWFkZXIvY3lvaXRhc2hpLTEuanBnIiB3aWR0aD0iMTAwJSIgLz48L3RkPjwvdHI+PHRyPjx0ZD48aW1nID0iIiBzcmM9Imh0dHA6Ly9pbWFnZS5yYWt1dGVuLmNvLmpwL3pha2theWFmcmVlL2NhYmluZXQvaGVhZGVyLzAwMDAwMDA1NTItMzI2MTAwLmpwZyIgd2lkdGg9IjEwMCUiIGJvcmRlcj0iMCIgLz48L3RkPjwvdHI+PHRyPjx0ZD48aW1nID0iIiBzcmM9Imh0dHA6Ly9pbWFnZS5yYWt1dGVuLmNvLmpwL3pha2theWFmcmVlL2NhYmluZXQvaGVhZGVyLzAwMDAwMDA4OTctMzI2MTAwLmpwZyIgd2lkdGg9IjEwMCUiIGJvcmRlcj0iMCIgLz48L3RkPjwvdHI+PHRyPjx0ZD48aW1nID0iIiBzcmM9Imh0dHA6Ly9pbWFnZS5yYWt1dGVuLmNvLmpwL3pha2theWFmcmVlL2NhYmluZXQvaGVhZGVyL3NwLWl3bHk0MDEwLTMyNjEwMC5qcGciIHdpZHRoPSIxMDAlIiBib3JkZXI9IjAiIC8+PC90ZD48L3RyPjwvdGFibGU+PCEtLeOBk+OBk+OBvuOBp+OCueODnuODm+ODrOOCuOWJjeWVhuWTgS0tPg==,44CQ6YCB5paZ54Sh5paZ44CR44OH44Kj44K644OL44O844OP44Km44K544K944O844Op44O844Op44Kk44OI77yI44Of44OD44Kt44O877yG44Of44OL44O877yJ77ya44GL44KP44GE44GE77yG44GK44KC44GX44KN6ZuR6LKo5bGL44OV44Oq44O8,6YCa5L+h6LKp5aOy6YCa6LKp44K344On44OD44OU44Oz44Kw44Kq44Oz44Op44Kk44Oz44K344On44OD44OU44Oz44Kw6LK344GE54mp44OX44Os44K844Oz44OI44Ku44OV44OI6LSI44KK54mp6LSI562U5ZOB44GK5Lit5YWD44GK5q2z5pqu44GK6LK344GE5b6X5Y+O57SN44Oc44OD44Kv44K56ZuR6LKo44Kk44Oz44OG44Oq6ZuR6LKo55Sf5rS76ZuR6LKo44Kt44OD44OB44Oz6ZuR6LKo44Ks44O844OH44OL44Oz44Kw6ZuR6LKo44GK44KC44GX44KN6ZuR6LKo44GK44KC44GX44KN54Gw55q/44OG44Kj44OD44K344Ol44Kx44O844K5546E6Zai44Oe44OD44OI5YKY56uL44Gm44GK6Iy256KX6ZuR6LKo44Ks44O844OH44Oz44GU44G/566x44Kr44Os44Oz44OA44O844OB44Kn44K544Oe44Kw44Kr44OD44OX44Oa44Ki44CQ6YCB5paZ54Sh5paZ44CR44OH44Kj44K644OL44O844OP44Km44K544K944O844Op44O844Op44Kk44OI77yI44Of44OD44Kt44O877yG44Of44OL44O877yJ,5aSn5Lq65rCXRGlzbmV544OH44Kj44K644OL44O86ZuR6LKo44CC44CQ6YCB5paZ54Sh5paZ44CR44OH44Kj44K644OL44O844OP44Km44K544K944O844Op44O844Op44Kk44OI77yI44Of44OD44Kt44O877yG44Of44OL44O877yJ[rn]
11-197584,aHR0cDovL3RzaG9wLnIxMHMuanAvemFra2F5YWZyZWUvY2FiaW5ldC9pbWcxMC9zZXQtc2kwNjgxLmpwZz9maXRpbj03MDA6NzAw,NDc1Mi4wMDAw,,6Iqx44O744Ks44O844OH44Oz44O7RElZID4g44Ko44Kv44K544OG44Oq44Ki44O744Ks44O844OH44Oz44OV44Kh44OL44OB44Oj44O8ID4g44Op44Kk44OI44O744Kk44Or44Of44ON44O844K344On44OzID4g44Ks44O844OH44Oz44Op44Kk44OIIOODu+eBr+evrQ==,6YCB5paZ54Sh5paZIOmAgeaWmei+vCDlpKnkvb/jga7jgqzjg7zjg4fjg4vjg7PjgrDpm5Hosqgg44Ks44O844OH44Oz44Op44Kk44OIIOOCt+ODq+OCqOODg+ODiOOCveODvOODqeODvOODqeOCpOODiO+8iOOCqOODs+OCuOOCp+ODq++8oe+8iQ==,,PHRhYmxlIHdpZHRoPSIzMTAiIGJvcmRlcj0iMCIgYWxpZ249ImNlbnRlciIgY2VsbHBhZGRpbmc9IjAiIGNlbGxzcGFjaW5nPSIwIj48dHI+PHRkIGFsaWduPSJjZW50ZXIiIHZhbGlnbj0idG9wIj48aW1nIHNyYz0iaHR0cDovL2ltYWdlLnJha3V0ZW4uY28uanAvemFra2F5YWZyZWUvY2FiaW5ldC9zbWgvcGFnZTEvc2V0LXNpMDY4MS1zbS5qcGciIHdpZHRoPSIzMTAiIGhlaWdodD1hdXRvPjwvdGQ+PC90cj48dHI+PHRkIGFsaWduPSJjZW50ZXIiIHZhbGlnbj0idG9wIj48dGFibGUgd2lkdGg9IjMxMCIgYm9yZGVyPSIxIiBjZWxsc3BhY2luZz0iMSIgY2VsbHBhZGRpbmc9IjAiIGJvcmRlcmNvbG9yPSIjRkY5OUZGIiBiZ2NvbG9yPSIjRkZDQ0ZGIj48dHI+PHRkIHdpZHRoPSI1MCIgYWxpZ249ImxlZnQiIHZhbGlnbj0ibWlkZGxlIj48Zm9udCBjb2xvcj0iIzAwMDAwMCIgc2l6ZT0iMiI+PGI+44K144Kk44K6PC9iPjwvZm9udD48L3RkPjx0ZCBhbGlnbj0ibGVmdCIgdmFsaWduPSJtaWRkbGUiPjxiPjxmb250IGNvbG9yPSIjMDAwMDAwIiBzaXplPSIyIj7luYXntIQyODBtbcOX6auY57SENDI1bW3Dl+Wlpee0hDIxMG1tPC9mb250PjwvYj48L3RkPjwvdHI+PHRyPjx0ZCB3aWR0aD0iNTAiIGFsaWduPSJsZWZ0IiB2YWxpZ249Im1pZGRsZSI+PGZvbnQgY29sb3I9IiMwMDAwMDAiIHNpemU9IjIiPjxiPue0oOadkDwvYj48L2ZvbnQ+PC90ZD48dGQgYWxpZ249ImxlZnQiIHZhbGlnbj0ibWlkZGxlIj48Yj48Zm9udCBjb2xvcj0iIzAwMDAwMCIgc2l6ZT0iMiI+44K544OB44O844OrPC9mb250PjwvYj48L3RkPjwvdHI+PHRyPjx0ZCB3aWR0aD0iNTAiIGFsaWduPSJsZWZ0IiB2YWxpZ249Im1pZGRsZSI+PGZvbnQgY29sb3I9IiMwMDAwMDAiIHNpemU9IjIiPjxiPuWCmeiAgzwvYj48L2ZvbnQ+PC90ZD48dGQgYWxpZ249ImxlZnQiIHZhbGlnbj0ibWlkZGxlIj48Yj48Zm9udCBjb2xvcj0iIzAwMDAwMCIgc2l6ZT0iMiI+57WE44G/56uL44Gm5byP44CB6Ziy6Zuo5LuV5qeY44CB5YWJ44K744Oz44K144O85LuY44GNPC9mb250PjwvYj48L3RkPjwvdHI+PC90YWJsZT48L3RkPjwvdHI+PHRyPjx0ZCBhbGlnbj0iY2VudGVyIiB2YWxpZ249InRvcCI+PHRhYmxlIHdpZHRoPSIzMTAiIGJvcmRlcj0iMSIgY2VsbHNwYWNpbmc9IjEiIGNlbGxwYWRkaW5nPSIwIiBib3JkZXJjb2xvcj0iI0ZGOTlGRiI+PHRyPjx0ZCBhbGlnbj0iY2VudGVyIiB2YWxpZ249Im1pZGRsZSI+PGI+PGZvbnQgY29sb3I9IiNGRjAwMDAiIHNpemU9IjQiPuWkqeS9v+OBruOCt+ODq+OCqOODg+ODiOOBjOWPr+aEm+OBhO+8gTwvZm9udD48YnI+PGZvbnQgY29sb3I9IiMwMDAwRkYiIHNpemU9IjMiPuOCt+ODq+OCqOODg+ODiOOBruOCqOODs+OCuOOCp+ODq+OBjOOBqOOBo+OBpuOCguWPr+aEm+OBhOOCveODvOODqeODvOOCrOODvOODh+ODs+ODqeOCpOODiOOBp+OBmeOAgjxicj7lhYnjgrvjg7PjgrXjg7zlhoXolLXjgaflpJzjga/pm7Dlm7LmsJfoia/jgY/jgYrluq3jgpLnhafjgonjgZfjgabjgY/jgozjgb7jgZnjgII8L2ZvbnQ+PC9iPjwvdGQ+PC90cj48L3RhYmxlPjwvdGQ+PC90cj48L3RhYmxlPjwhLS3jgZPjgZPjgYvjgonjgrnjg57jg5vjg6zjgrjliY3llYblk4EtLT48YnIgLz48dGFibGUgd2lkdGg9IjEwMCUiIGJvcmRlcj0iMCIgY2VsbHNwYWNpbmc9IjAiIGNlbGxwYWRkaW5nPSIwIj48dHI+PHRkPjxpbWcgPSIiIHNyYz0iaHR0cDovL2ltYWdlLnJha3V0ZW4uY28uanAvemFra2F5YWZyZWUvY2FiaW5ldC9oZWFkZXIvY3lvaXRhc2hpLTEuanBnIiB3aWR0aD0iMTAwJSIgLz48L3RkPjwvdHI+PHRyPjx0ZD48aW1nID0iIiBzcmM9Imh0dHA6Ly9pbWFnZS5yYWt1dGVuLmNvLmpwL3pha2theWFmcmVlL2NhYmluZXQvaGVhZGVyLzAwMDAwMDA1NTItMzI2MTAwLmpwZyIgd2lkdGg9IjEwMCUiIGJvcmRlcj0iMCIgLz48L3RkPjwvdHI+PHRyPjx0ZD48aW1nID0iIiBzcmM9Imh0dHA6Ly9pbWFnZS5yYWt1dGVuLmNvLmpwL3pha2theWFmcmVlL2NhYmluZXQvaGVhZGVyLzAwMDAwMDA4OTctMzI2MTAwLmpwZyIgd2lkdGg9IjEwMCUiIGJvcmRlcj0iMCIgLz48L3RkPjwvdHI+PHRyPjx0ZD48aW1nID0iIiBzcmM9Imh0dHA6Ly9pbWFnZS5yYWt1dGVuLmNvLmpwL3pha2theWFmcmVlL2NhYmluZXQvaGVhZGVyL3NwLWl3bHk0MDEwLTMyNjEwMC5qcGciIHdpZHRoPSIxMDAlIiBib3JkZXI9IjAiIC8+PC90ZD48L3RyPjwvdGFibGU+PCEtLeOBk+OBk+OBvuOBp+OCueODnuODm+ODrOOCuOWJjeWVhuWTgS0tPg==,6YCB5paZ54Sh5paZIOmAgeaWmei+vCDlpKnkvb/jga7jgqzjg7zjg4fjg4vjg7PjgrDpm5Hosqgg44Ks44O844OH44Oz44Op44Kk44OIIOOCt+ODq+OCqOODg+ODiOOCveODvOODqeODvOODqeOCpOODiO+8iOOCqOODs+OCuOOCp+ODq++8oe+8ie+8muOBi+OCj+OBhOOBhO+8huOBiuOCguOBl+OCjembkeiyqOWxi+ODleODquODvA==,6YCa5L+h6LKp5aOy6YCa6LKp44K344On44OD44OU44Oz44Kw44Kq44Oz44Op44Kk44Oz44K344On44OD44OU44Oz44Kw6LK344GE54mp44OX44Os44K844Oz44OI44Ku44OV44OI6LSI44KK54mp6LSI562U5ZOB44GK5Lit5YWD44GK5q2z5pqu44GK6LK344GE5b6X5Y+O57SN44Oc44OD44Kv44K56ZuR6LKo44Kk44Oz44OG44Oq6ZuR6LKo55Sf5rS76ZuR6LKo44Kt44OD44OB44Oz6ZuR6LKo44Ks44O844OH44OL44Oz44Kw6ZuR6LKo44GK44KC44GX44KN6ZuR6LKo44GK44KC44GX44KN54Gw55q/44OG44Kj44OD44K344Ol44Kx44O844K5546E6Zai44Oe44OD44OI5YKY56uL44Gm44GK6Iy256KX6ZuR6LKo44Ks44O844OH44Oz44GU44G/566x44Kr44Os44Oz44OA44O844OB44Kn44K544Oe44Kw44Kr44OD44OX44Oa44Ki6YCB5paZ54Sh5paZIOmAgeaWmei+vCDlpKnkvb/jga7jgqzjg7zjg4fjg4vjg7PjgrDpm5Hosqgg44Ks44O844OH44Oz44Op44Kk44OIIOOCt+ODq+OCqOODg+ODiOOCveODvOODqeODvOODqeOCpOODiO+8iOOCqOODs+OCuOOCp+ODq++8oe+8iQ==,5aSp5L2/44Gu44Ks44O844OH44Oz6ZuR6LKo772c44K944O844Op44O844Op44Kk44OI772c44Ks44O844OH44Oz44Op44Kk44OI772c44CC6YCB5paZ54Sh5paZIOmAgeaWmei+vCDlpKnkvb/jga7jgqzjg7zjg4fjg4vjg7PjgrDpm5Hosqgg44Ks44O844OH44Oz44Op44Kk44OIIOOCt+ODq+OCqOODg+ODiOOCveODvOODqeODvOODqeOCpOODiO+8iOOCqOODs+OCuOOCp+ODq++8oe+8iQ==[rn]
11-197585,aHR0cDovL3RzaG9wLnIxMHMuanAvemFra2F5YWZyZWUvY2FiaW5ldC9pbWcxMC9zZXQtc2kxMDQxLmpwZz9maXRpbj03MDA6NzAw,NjA0OC4wMDAw,,6Iqx44O744Ks44O844OH44Oz44O7RElZID4g44Ko44Kv44K544OG44Oq44Ki44O744Ks44O844OH44Oz44OV44Kh44OL44OB44Oj44O8ID4g44Op44Kk44OI44O744Kk44Or44Of44ON44O844K344On44OzID4g44Ks44O844OH44Oz44Op44Kk44OIIOODu+eBr+evrQ==,6YCB5paZ54Sh5paZIOmAgeaWmei+vCDjgqzjg7zjg4fjg7Pjg6njgqTjg4gg5YWJ44K744Oz44K144O8IOWxi+WkliDjgqzjg7zjg4fjg4vjg7PjgrAg44K944O844Op44O844Op44Kk44OI77yI44OV44Kp44Os44K544OI77yJ,,PHRhYmxlIHdpZHRoPSIzMTAiIGJvcmRlcj0iMCIgYWxpZ249ImNlbnRlciIgY2VsbHBhZGRpbmc9IjAiIGNlbGxzcGFjaW5nPSIwIj48dHI+PHRkIGFsaWduPSJjZW50ZXIiIHZhbGlnbj0idG9wIj48aW1nIHNyYz0iaHR0cDovL2ltYWdlLnJha3V0ZW4uY28uanAvemFra2F5YWZyZWUvY2FiaW5ldC9zbWgvcGFnZTEvc2V0LXNpMTA0MS1zbS5qcGciIHdpZHRoPSIzMTAiIGhlaWdodD1hdXRvPjwvdGQ+PC90cj48dHI+PHRkIGFsaWduPSJjZW50ZXIiIHZhbGlnbj0idG9wIj48dGFibGUgd2lkdGg9IjMxMCIgYm9yZGVyPSIxIiBjZWxsc3BhY2luZz0iMSIgY2VsbHBhZGRpbmc9IjAiIGJvcmRlcmNvbG9yPSIjRkY5OUZGIiBiZ2NvbG9yPSIjRkZDQ0ZGIj48dHI+PHRkIHdpZHRoPSI1MCIgYWxpZ249ImxlZnQiIHZhbGlnbj0ibWlkZGxlIj48Zm9udCBjb2xvcj0iIzAwMDAwMCIgc2l6ZT0iMiI+PGI+44K144Kk44K6PC9iPjwvZm9udD48L3RkPjx0ZCBhbGlnbj0ibGVmdCIgdmFsaWduPSJtaWRkbGUiPjxiPjxmb250IGNvbG9yPSIjMDAwMDAwIiBzaXplPSIyIj7luYXntIQyMjBtbcOX6auY57SENjAwbW3Dl+Wlpee0hDIyMG1tPC9mb250PjwvYj48L3RkPjwvdHI+PHRyPjx0ZCB3aWR0aD0iNTAiIGFsaWduPSJsZWZ0IiB2YWxpZ249Im1pZGRsZSI+PGZvbnQgY29sb3I9IiMwMDAwMDAiIHNpemU9IjIiPjxiPue0oOadkDwvYj48L2ZvbnQ+PC90ZD48dGQgYWxpZ249ImxlZnQiIHZhbGlnbj0ibWlkZGxlIj48Yj48Zm9udCBjb2xvcj0iIzAwMDAwMCIgc2l6ZT0iMiI+44K544OB44O844OrPC9mb250PjwvYj48L3RkPjwvdHI+PHRyPjx0ZCB3aWR0aD0iNTAiIGFsaWduPSJsZWZ0IiB2YWxpZ249Im1pZGRsZSI+PGZvbnQgY29sb3I9IiMwMDAwMDAiIHNpemU9IjIiPjxiPuWCmeiAgzwvYj48L2ZvbnQ+PC90ZD48dGQgYWxpZ249ImxlZnQiIHZhbGlnbj0ibWlkZGxlIj48Yj48Zm9udCBjb2xvcj0iIzAwMDAwMCIgc2l6ZT0iMiI+57WE44G/56uL44Gm5byPPC9mb250PjwvYj48L3RkPjwvdHI+PC90YWJsZT48L3RkPjwvdHI+PHRyPjx0ZCBhbGlnbj0iY2VudGVyIiB2YWxpZ249InRvcCI+PHRhYmxlIHdpZHRoPSIzMTAiIGJvcmRlcj0iMSIgY2VsbHNwYWNpbmc9IjEiIGNlbGxwYWRkaW5nPSIwIiBib3JkZXJjb2xvcj0iI0ZGOTlGRiI+PHRyPjx0ZCBhbGlnbj0iY2VudGVyIiB2YWxpZ249Im1pZGRsZSI+PGI+PGZvbnQgY29sb3I9IiNGRjAwMDAiIHNpemU9IjQiPuWwj+mzpeOBjOODouODgeODvOODleOBruOCrOODvOODh+ODs+mbkeiyqDwvZm9udD48YnI+PGZvbnQgY29sb3I9IiMwMDAwRkYiIHNpemU9IjMiPuWPr+aEm+OBhOWwj+mzpeOBruOCrOODvOODh+ODs+ODqeOCpOODiOOAgjxicj7lhYnjgrvjg7PjgrXjg7zlhoXolLXjgaDjgYvjgonlpJzjga/pm7Dlm7LmsJfoia/jgY/jgYrluq3jgpLnhafjgonjgZfjgabjgY/jgozjgb7jgZnjgII8L2ZvbnQ+PC9iPjwvdGQ+PC90cj48L3RhYmxlPjwvdGQ+PC90cj48dHI+PHRkIGFsaWduPSJjZW50ZXIiIHZhbGlnbj0idG9wIj48aW1nIHNyYz0iaHR0cDovL2ltYWdlLnJha3V0ZW4uY28uanAvemFra2F5YWZyZWUvY2FiaW5ldC9zbWgvcGFnZTEvc2V0LXNpMTA0MV8xLXNpLmpwZyIgd2lkdGg9IjMxMCIgaGVpZ2h0PWF1dG8+PC90ZD48L3RyPjwvdGFibGU+PCEtLeOBk+OBk+OBi+OCieOCueODnuODm+ODrOOCuOWJjeWVhuWTgS0tPjxiciAvPjx0YWJsZSB3aWR0aD0iMTAwJSIgYm9yZGVyPSIwIiBjZWxsc3BhY2luZz0iMCIgY2VsbHBhZGRpbmc9IjAiPjx0cj48dGQ+PGltZyA9IiIgc3JjPSJodHRwOi8vaW1hZ2UucmFrdXRlbi5jby5qcC96YWtrYXlhZnJlZS9jYWJpbmV0L2hlYWRlci9jeW9pdGFzaGktMS5qcGciIHdpZHRoPSIxMDAlIiAvPjwvdGQ+PC90cj48dHI+PHRkPjxpbWcgPSIiIHNyYz0iaHR0cDovL2ltYWdlLnJha3V0ZW4uY28uanAvemFra2F5YWZyZWUvY2FiaW5ldC9oZWFkZXIvMDAwMDAwMDU1Mi0zMjYxMDAuanBnIiB3aWR0aD0iMTAwJSIgYm9yZGVyPSIwIiAvPjwvdGQ+PC90cj48dHI+PHRkPjxpbWcgPSIiIHNyYz0iaHR0cDovL2ltYWdlLnJha3V0ZW4uY28uanAvemFra2F5YWZyZWUvY2FiaW5ldC9oZWFkZXIvMDAwMDAwMDg5Ny0zMjYxMDAuanBnIiB3aWR0aD0iMTAwJSIgYm9yZGVyPSIwIiAvPjwvdGQ+PC90cj48dHI+PHRkPjxpbWcgPSIiIHNyYz0iaHR0cDovL2ltYWdlLnJha3V0ZW4uY28uanAvemFra2F5YWZyZWUvY2FiaW5ldC9oZWFkZXIvc3AtaXdseTQwMTAtMzI2MTAwLmpwZyIgd2lkdGg9IjEwMCUiIGJvcmRlcj0iMCIgLz48L3RkPjwvdHI+PC90YWJsZT48IS0t44GT44GT44G+44Gn44K544Oe44Ob44Os44K45YmN5ZWG5ZOBLS0+,6YCB5paZ54Sh5paZIOmAgeaWmei+vCDjgqzjg7zjg4fjg7Pjg6njgqTjg4gg5YWJ44K744Oz44K144O8IOWxi+WkliDjgqzjg7zjg4fjg4vjg7PjgrAg44K944O844Op44O844Op44Kk44OI77yI44OV44Kp44Os44K544OI77yJ77ya44GL44KP44GE44GE77yG44GK44KC44GX44KN6ZuR6LKo5bGL44OV44Oq44O8,6YCa5L+h6LKp5aOy6YCa6LKp44K344On44OD44OU44Oz44Kw44Kq44Oz44Op44Kk44Oz44K344On44OD44OU44Oz44Kw6LK344GE54mp44OX44Os44K844Oz44OI44Ku44OV44OI6LSI44KK54mp6LSI562U5ZOB44GK5Lit5YWD44GK5q2z5pqu44GK6LK344GE5b6X5Y+O57SN44Oc44OD44Kv44K56ZuR6LKo44Kk44Oz44OG44Oq6ZuR6LKo55Sf5rS76ZuR6LKo44Kt44OD44OB44Oz6ZuR6LKo44Ks44O844OH44OL44Oz44Kw6ZuR6LKo44GK44KC44GX44KN6ZuR6LKo44GK44KC44GX44KN54Gw55q/44OG44Kj44OD44K344Ol44Kx44O844K5546E6Zai44Oe44OD44OI5YKY56uL44Gm44GK6Iy256KX6ZuR6LKo44Ks44O844OH44Oz44GU44G/566x44Kr44Os44Oz44OA44O844OB44Kn44K544Oe44Kw44Kr44OD44OX44Oa44Ki6YCB5paZ54Sh5paZIOmAgeaWmei+vCDjgqzjg7zjg4fjg7Pjg6njgqTjg4gg5YWJ44K744Oz44K144O8IOWxi+WkliDjgqzjg7zjg4fjg4vjg7PjgrAg44K944O844Op44O844Op44Kk44OI77yI44OV44Kp44Os44K544OI77yJ,44Ks44O844OH44Oz6ZuR6LKo772c44Ks44O844OH44OL44Oz44Kw772c44Ks44O844OH44Oz44Op44Kk44OI772c44CC6YCB5paZ54Sh5paZIOmAgeaWmei+vCDjgqzjg7zjg4fjg7Pjg6njgqTjg4gg5YWJ44K744Oz44K144O8IOWxi+WkliDjgqzjg7zjg4fjg4vjg7PjgrAg44K944O844Op44O844Op44Kk44OI77yI44OV44Kp44Os44K544OI77yJ[rn]
11-197586,aHR0cDovL3RzaG9wLnIxMHMuanAvemFra2F5YWZyZWUvY2FiaW5ldC9pbWcxMC9zZXQtc3IwMzExLmpwZz9maXRpbj03MDA6NzAw,MTAzNjguMDAwMA==,,6Iqx44O744Ks44O844OH44Oz44O7RElZID4g44Ko44Kv44K544OG44Oq44Ki44O744Ks44O844OH44Oz44OV44Kh44OL44OB44Oj44O8ID4g44Op44Kk44OI44O744Kk44Or44Of44ON44O844K344On44OzID4g44Ks44O844OH44Oz44Op44Kk44OIIOODu+eBr+evrQ==,6YCB5paZ54Sh5paZIOmAgeaWmei+vCDjgqzjg7zjg4fjg7Mg44Ks44O844OH44OL44Oz44KwIOOCrOODvOODh+ODs+ODqeOCpOODiCDjgr3jg7zjg6njg7zjg6njgqTjg4gg5bGL5aSWIOOCveODvOODqeODvOOCquODvOODiuODoeODs+ODiO+8iOajruOBruOBiuOBhuOBoe+8iQ==,,PHRhYmxlIHdpZHRoPSIzMTAiIGJvcmRlcj0iMCIgYWxpZ249ImNlbnRlciIgY2VsbHBhZGRpbmc9IjAiIGNlbGxzcGFjaW5nPSIwIj48dHI+PHRkIGFsaWduPSJjZW50ZXIiIHZhbGlnbj0idG9wIj48aW1nIHNyYz0iaHR0cDovL2ltYWdlLnJha3V0ZW4uY28uanAvemFra2F5YWZyZWUvY2FiaW5ldC9zbWgvcGFnZTEvc2V0LXNyMDMxMS1zbS5qcGciIHdpZHRoPSIzMTAiIGhlaWdodD1hdXRvPjwvdGQ+PC90cj48dHI+PHRkIGFsaWduPSJjZW50ZXIiIHZhbGlnbj0idG9wIj48dGFibGUgd2lkdGg9IjMxMCIgYm9yZGVyPSIxIiBjZWxsc3BhY2luZz0iMSIgY2VsbHBhZGRpbmc9IjAiIGJvcmRlcmNvbG9yPSIjRkY5OUZGIiBiZ2NvbG9yPSIjRkZDQ0ZGIj48dHI+PHRkIHdpZHRoPSI1MCIgYWxpZ249ImxlZnQiIHZhbGlnbj0ibWlkZGxlIj48Zm9udCBjb2xvcj0iIzAwMDAwMCIgc2l6ZT0iMiI+PGI+44K144Kk44K6PC9iPjwvZm9udD48L3RkPjx0ZCBhbGlnbj0ibGVmdCIgdmFsaWduPSJtaWRkbGUiPjxiPjxmb250IGNvbG9yPSIjMDAwMDAwIiBzaXplPSIyIj7luYXntIQzMDVtbcOX6auY57SEMjkwbW3Dl+Wlpee0hDI2NW1tPC9mb250PjwvYj48L3RkPjwvdHI+PHRyPjx0ZCB3aWR0aD0iNTAiIGFsaWduPSJsZWZ0IiB2YWxpZ249Im1pZGRsZSI+PGZvbnQgY29sb3I9IiMwMDAwMDAiIHNpemU9IjIiPjxiPue0oOadkDwvYj48L2ZvbnQ+PC90ZD48dGQgYWxpZ249ImxlZnQiIHZhbGlnbj0ibWlkZGxlIj48Yj48Zm9udCBjb2xvcj0iIzAwMDAwMCIgc2l6ZT0iMiI+44Os44K444OzPC9mb250PjwvYj48L3RkPjwvdHI+PHRyPjx0ZCB3aWR0aD0iNTAiIGFsaWduPSJsZWZ0IiB2YWxpZ249Im1pZGRsZSI+PGZvbnQgY29sb3I9IiMwMDAwMDAiIHNpemU9IjIiPjxiPuWCmeiAgzwvYj48L2ZvbnQ+PC90ZD48dGQgYWxpZ249ImxlZnQiIHZhbGlnbj0ibWlkZGxlIj48Yj48Zm9udCBjb2xvcj0iIzAwMDAwMCIgc2l6ZT0iMiI+5YWJ44K744Oz44K144O85LuY44GNPC9mb250PjwvYj48L3RkPjwvdHI+PC90YWJsZT48L3RkPjwvdHI+PHRyPjx0ZCBhbGlnbj0iY2VudGVyIiB2YWxpZ249InRvcCI+PHRhYmxlIHdpZHRoPSIzMTAiIGJvcmRlcj0iMSIgY2VsbHNwYWNpbmc9IjEiIGNlbGxwYWRkaW5nPSIwIiBib3JkZXJjb2xvcj0iI0ZGOTlGRiI+PHRyPjx0ZCBhbGlnbj0iY2VudGVyIiB2YWxpZ249Im1pZGRsZSI+PGI+PGZvbnQgY29sb3I9IiNGRjAwMDAiIHNpemU9IjQiPuWPr+aEm+OBhOOCrOODvOODh+ODs+ODqeOCpOODiDwvZm9udD48YnI+PGZvbnQgY29sb3I9IiMwMDAwRkYiIHNpemU9IjMiPuWLleeJqemBlOOBjOOBiuW6reOBp+aaruOCieOBl+OBpuOBhOOCi+ODr+ODs+OCt+ODvOODs+OBruOCrOODvOODh+ODs+OCveODvOODqeODvOODqeOCpOODiOOBp+OBmeOAgjxicj7lhYnjgrvjg7PjgrXjg7zku5jjgY3jgaDjgYvjgonmmpfjgY/jgarjgovjgajjgYrluq3jgavpm7Dlm7LmsJfoia/jgY/nhafjgonjgZfjgabjgY/jgozjgb7jgZnjgII8L2ZvbnQ+PC9iPjwvdGQ+PC90cj48L3RhYmxlPjwvdGQ+PC90cj48dHI+PHRkIGFsaWduPSJjZW50ZXIiIHZhbGlnbj0idG9wIj48aW1nIHNyYz0iaHR0cDovL2ltYWdlLnJha3V0ZW4uY28uanAvemFra2F5YWZyZWUvY2FiaW5ldC9zbWgvcGFnZTEvc2V0LXNyMDMxMV8xLXNpLmpwZyIgd2lkdGg9IjMxMCIgaGVpZ2h0PWF1dG8+PC90ZD48L3RyPjwvdGFibGU+PCEtLeOBk+OBk+OBi+OCieOCueODnuODm+ODrOOCuOWJjeWVhuWTgS0tPjxiciAvPjx0YWJsZSB3aWR0aD0iMTAwJSIgYm9yZGVyPSIwIiBjZWxsc3BhY2luZz0iMCIgY2VsbHBhZGRpbmc9IjAiPjx0cj48dGQ+PGltZyA9IiIgc3JjPSJodHRwOi8vaW1hZ2UucmFrdXRlbi5jby5qcC96YWtrYXlhZnJlZS9jYWJpbmV0L2hlYWRlci9jeW9pdGFzaGktMS5qcGciIHdpZHRoPSIxMDAlIiAvPjwvdGQ+PC90cj48dHI+PHRkPjxpbWcgPSIiIHNyYz0iaHR0cDovL2ltYWdlLnJha3V0ZW4uY28uanAvemFra2F5YWZyZWUvY2FiaW5ldC9oZWFkZXIvMDAwMDAwMDU1Mi0zMjYxMDAuanBnIiB3aWR0aD0iMTAwJSIgYm9yZGVyPSIwIiAvPjwvdGQ+PC90cj48dHI+PHRkPjxpbWcgPSIiIHNyYz0iaHR0cDovL2ltYWdlLnJha3V0ZW4uY28uanAvemFra2F5YWZyZWUvY2FiaW5ldC9oZWFkZXIvMDAwMDAwMDg5Ny0zMjYxMDAuanBnIiB3aWR0aD0iMTAwJSIgYm9yZGVyPSIwIiAvPjwvdGQ+PC90cj48dHI+PHRkPjxpbWcgPSIiIHNyYz0iaHR0cDovL2ltYWdlLnJha3V0ZW4uY28uanAvemFra2F5YWZyZWUvY2FiaW5ldC9oZWFkZXIvc3AtaXdseTQwMTAtMzI2MTAwLmpwZyIgd2lkdGg9IjEwMCUiIGJvcmRlcj0iMCIgLz48L3RkPjwvdHI+PC90YWJsZT48IS0t44GT44GT44G+44Gn44K544Oe44Ob44Os44K45YmN5ZWG5ZOBLS0+,6YCB5paZ54Sh5paZIOmAgeaWmei+vCDjgqzjg7zjg4fjg7Mg44Ks44O844OH44OL44Oz44KwIOOCrOODvOODh+ODs+ODqeOCpOODiCDjgr3jg7zjg6njg7zjg6njgqTjg4gg5bGL5aSWIOOCveODvOODqeODvOOCquODvOODiuODoeODs+ODiO+8iOajruOBruOBiuOBhuOBoe+8ie+8muOBi+OCj+OBhOOBhO+8huOBiuOCguOBl+OCjembkeiyqOWxi+ODleODquODvA==,6YCa5L+h6LKp5aOy6YCa6LKp44K344On44OD44OU44Oz44Kw44Kq44Oz44Op44Kk44Oz44K344On44OD44OU44Oz44Kw6LK344GE54mp44OX44Os44K844Oz44OI44Ku44OV44OI6LSI44KK54mp6LSI562U5ZOB44GK5Lit5YWD44GK5q2z5pqu44GK6LK344GE5b6X5Y+O57SN44Oc44OD44Kv44K56ZuR6LKo44Kk44Oz44OG44Oq6ZuR6LKo55Sf5rS76ZuR6LKo44Kt44OD44OB44Oz6ZuR6LKo44Ks44O844OH44OL44Oz44Kw6ZuR6LKo44GK44KC44GX44KN6ZuR6LKo44GK44KC44GX44KN54Gw55q/44OG44Kj44OD44K344Ol44Kx44O844K5546E6Zai44Oe44OD44OI5YKY56uL44Gm44GK6Iy256KX6ZuR6LKo44Ks44O844OH44Oz44GU44G/566x44Kr44Os44Oz44OA44O844OB44Kn44K544Oe44Kw44Kr44OD44OX44Oa44Ki6YCB5paZ54Sh5paZIOmAgeaWmei+vCDjgqzjg7zjg4fjg7Mg44Ks44O844OH44OL44Oz44KwIOOCrOODvOODh+ODs+ODqeOCpOODiCDjgr3jg7zjg6njg7zjg6njgqTjg4gg5bGL5aSWIOOCveODvOODqeODvOOCquODvOODiuODoeODs+ODiO+8iOajruOBruOBiuOBhuOBoe+8iQ==,5Y+v5oSb44GE5YuV54mp6YGU44Gu44GK5a6244GM44Ks44O844OH44Oz44Op44Kk44OI44Gr77yB44CC6YCB5paZ54Sh5paZIOmAgeaWmei+vCDjgqzjg7zjg4fjg7Mg44Ks44O844OH44OL44Oz44KwIOOCrOODvOODh+ODs+ODqeOCpOODiCDjgr3jg7zjg6njg7zjg6njgqTjg4gg5bGL5aSWIOOCveODvOODqeODvOOCquODvOODiuODoeODs+ODiO+8iOajruOBruOBiuOBhuOBoe+8iQ==[rn]
11-197587,aHR0cDovL3RzaG9wLnIxMHMuanAvemFra2F5YWZyZWUvY2FiaW5ldC9pbWcxMC9zZXQtc3IwNzYxLmpwZz9maXRpbj03MDA6NzAw,MTAzNjguMDAwMA==,,6Iqx44O744Ks44O844OH44Oz44O7RElZID4g44Ko44Kv44K544OG44Oq44Ki44O744Ks44O844OH44Oz44OV44Kh44OL44OB44Oj44O8ID4g44Op44Kk44OI44O744Kk44Or44Of44ON44O844K344On44OzID4g44Ks44O844OH44Oz44Op44Kk44OIIOODu+eBr+evrQ==,6YCB5paZ54Sh5paZIOmAgeaWmei+vCDjgqzjg7zjg4fjg4vjg7PjgrDpm5Hosqgg5LiN5oCd6K2w44Gu5Zu944Gu44Ki44Oq44K5IOOCrOODvOODh+ODs+ODqeOCpOODiCDjgr3jg7zjg6njg7zjg6njgqTjg4jvvIjmmYLoqIjjgYbjgZXjgY7vvIk=,,PHRhYmxlIHdpZHRoPSIzMTAiIGJvcmRlcj0iMCIgYWxpZ249ImNlbnRlciIgY2VsbHBhZGRpbmc9IjAiIGNlbGxzcGFjaW5nPSIwIj48dHI+PHRkIGFsaWduPSJjZW50ZXIiIHZhbGlnbj0idG9wIj48aW1nIHNyYz0iaHR0cDovL2ltYWdlLnJha3V0ZW4uY28uanAvemFra2F5YWZyZWUvY2FiaW5ldC9zbWgvcGFnZTEvc2V0LXNyMDc2MS1zbS5qcGciIHdpZHRoPSIzMTAiIGhlaWdodD1hdXRvPjwvdGQ+PC90cj48dHI+PHRkIGFsaWduPSJjZW50ZXIiIHZhbGlnbj0idG9wIj48dGFibGUgd2lkdGg9IjMxMCIgYm9yZGVyPSIxIiBjZWxsc3BhY2luZz0iMSIgY2VsbHBhZGRpbmc9IjAiIGJvcmRlcmNvbG9yPSIjRkY5OUZGIiBiZ2NvbG9yPSIjRkZDQ0ZGIj48dHI+PHRkIHdpZHRoPSI1MCIgYWxpZ249ImxlZnQiIHZhbGlnbj0ibWlkZGxlIj48Zm9udCBjb2xvcj0iIzAwMDAwMCIgc2l6ZT0iMiI+PGI+44K144Kk44K6PC9iPjwvZm9udD48L3RkPjx0ZCBhbGlnbj0ibGVmdCIgdmFsaWduPSJtaWRkbGUiPjxiPjxmb250IGNvbG9yPSIjMDAwMDAwIiBzaXplPSIyIj7luYXntIQyNzBtbcOX6auY57SENDUwbW3Dl+Wlpee0hDIzNW1tPC9mb250PjwvYj48L3RkPjwvdHI+PHRyPjx0ZCB3aWR0aD0iNTAiIGFsaWduPSJsZWZ0IiB2YWxpZ249Im1pZGRsZSI+PGZvbnQgY29sb3I9IiMwMDAwMDAiIHNpemU9IjIiPjxiPue0oOadkDwvYj48L2ZvbnQ+PC90ZD48dGQgYWxpZ249ImxlZnQiIHZhbGlnbj0ibWlkZGxlIj48Yj48Zm9udCBjb2xvcj0iIzAwMDAwMCIgc2l6ZT0iMiI+44Os44K444OzPC9mb250PjwvYj48L3RkPjwvdHI+PHRyPjx0ZCB3aWR0aD0iNTAiIGFsaWduPSJsZWZ0IiB2YWxpZ249Im1pZGRsZSI+PGZvbnQgY29sb3I9IiMwMDAwMDAiIHNpemU9IjIiPjxiPuWCmeiAgzwvYj48L2ZvbnQ+PC90ZD48dGQgYWxpZ249ImxlZnQiIHZhbGlnbj0ibWlkZGxlIj48Yj48Zm9udCBjb2xvcj0iIzAwMDAwMCIgc2l6ZT0iMiI+5YWJ44K744Oz44K144O85LuY44GNPC9mb250PjwvYj48L3RkPjwvdHI+PC90YWJsZT48L3RkPjwvdHI+PHRyPjx0ZCBhbGlnbj0iY2VudGVyIiB2YWxpZ249InRvcCI+PHRhYmxlIHdpZHRoPSIzMTAiIGJvcmRlcj0iMSIgY2VsbHNwYWNpbmc9IjEiIGNlbGxwYWRkaW5nPSIwIiBib3JkZXJjb2xvcj0iI0ZGOTlGRiI+PHRyPjx0ZCBhbGlnbj0iY2VudGVyIiB2YWxpZ249Im1pZGRsZSI+PGI+PGZvbnQgY29sb3I9IiNGRjAwMDAiIHNpemU9IjQiPuOCouODquOCueODu+OCpOODs+ODu+ODr+ODs+ODgOODvOODqeODs+ODiTwvZm9udD48YnI+PGZvbnQgY29sb3I9IiMwMDAwRkYiIHNpemU9IjMiPuOCouODquOCueOBq+WHuuOBpuOBj+OCi+aZguioiOOBhuOBleOBjuOBruOCveODvOODqeODvOOCrOODvOODh+ODs+ODqeOCpOODiOOBp+OBmeOAgjxicj7lhYnjgrvjg7PjgrXjg7zku5jjgY3jgaDjgYvjgonlpJzjga/pm7Dlm7LmsJfoia/jgY/jgYrluq3jgpLnhafjgonjgZfjgabjgY/jgozjgb7jgZnjgII8YnI+44Gf44GP44GV44KT5o+D44GI44Gm44GK5bqt44KS44Ki44Oq44K544Gu5LiW55WM44Gr44GX44Gh44KD44GK44GG77yBPC9mb250PjwvYj48L3RkPjwvdHI+PC90YWJsZT48L3RkPjwvdHI+PHRyPjx0ZCBhbGlnbj0iY2VudGVyIiB2YWxpZ249InRvcCI+PGltZyBzcmM9Imh0dHA6Ly9pbWFnZS5yYWt1dGVuLmNvLmpwL3pha2theWFmcmVlL2NhYmluZXQvc21oL3BhZ2UxL3NldC1zcjA3NjFfMS1zaS5qcGciIHdpZHRoPSIzMTAiIGhlaWdodD1hdXRvPjwvdGQ+PC90cj48L3RhYmxlPjwhLS3jgZPjgZPjgYvjgonjgrnjg57jg5vjg6zjgrjliY3llYblk4EtLT48YnIgLz48dGFibGUgd2lkdGg9IjEwMCUiIGJvcmRlcj0iMCIgY2VsbHNwYWNpbmc9IjAiIGNlbGxwYWRkaW5nPSIwIj48dHI+PHRkPjxpbWcgPSIiIHNyYz0iaHR0cDovL2ltYWdlLnJha3V0ZW4uY28uanAvemFra2F5YWZyZWUvY2FiaW5ldC9oZWFkZXIvY3lvaXRhc2hpLTEuanBnIiB3aWR0aD0iMTAwJSIgLz48L3RkPjwvdHI+PHRyPjx0ZD48aW1nID0iIiBzcmM9Imh0dHA6Ly9pbWFnZS5yYWt1dGVuLmNvLmpwL3pha2theWFmcmVlL2NhYmluZXQvaGVhZGVyLzAwMDAwMDA1NTItMzI2MTAwLmpwZyIgd2lkdGg9IjEwMCUiIGJvcmRlcj0iMCIgLz48L3RkPjwvdHI+PHRyPjx0ZD48aW1nID0iIiBzcmM9Imh0dHA6Ly9pbWFnZS5yYWt1dGVuLmNvLmpwL3pha2theWFmcmVlL2NhYmluZXQvaGVhZGVyLzAwMDAwMDA4OTctMzI2MTAwLmpwZyIgd2lkdGg9IjEwMCUiIGJvcmRlcj0iMCIgLz48L3RkPjwvdHI+PHRyPjx0ZD48aW1nID0iIiBzcmM9Imh0dHA6Ly9pbWFnZS5yYWt1dGVuLmNvLmpwL3pha2theWFmcmVlL2NhYmluZXQvaGVhZGVyL3NwLWl3bHk0MDEwLTMyNjEwMC5qcGciIHdpZHRoPSIxMDAlIiBib3JkZXI9IjAiIC8+PC90ZD48L3RyPjwvdGFibGU+PCEtLeOBk+OBk+OBvuOBp+OCueODnuODm+ODrOOCuOWJjeWVhuWTgS0tPg==,6YCB5paZ54Sh5paZIOmAgeaWmei+vCDjgqzjg7zjg4fjg4vjg7PjgrDpm5Hosqgg5LiN5oCd6K2w44Gu5Zu944Gu44Ki44Oq44K5IOOCrOODvOODh+ODs+ODqeOCpOODiCDjgr3jg7zjg6njg7zjg6njgqTjg4jvvIjmmYLoqIjjgYbjgZXjgY7vvInvvJrjgYvjgo/jgYTjgYTvvIbjgYrjgoLjgZfjgo3pm5HosqjlsYvjg5Xjg6rjg7w=,6YCa5L+h6LKp5aOy6YCa6LKp44K344On44OD44OU44Oz44Kw44Kq44Oz44Op44Kk44Oz44K344On44OD44OU44Oz44Kw6LK344GE54mp44OX44Os44K844Oz44OI44Ku44OV44OI6LSI44KK54mp6LSI562U5ZOB44GK5Lit5YWD44GK5q2z5pqu44GK6LK344GE5b6X5Y+O57SN44Oc44OD44Kv44K56ZuR6LKo44Kk44Oz44OG44Oq6ZuR6LKo55Sf5rS76ZuR6LKo44Kt44OD44OB44Oz6ZuR6LKo44Ks44O844OH44OL44Oz44Kw6ZuR6LKo44GK44KC44GX44KN6ZuR6LKo44GK44KC44GX44KN54Gw55q/44OG44Kj44OD44K344Ol44Kx44O844K5546E6Zai44Oe44OD44OI5YKY56uL44Gm44GK6Iy256KX6ZuR6LKo44Ks44O844OH44Oz44GU44G/566x44Kr44Os44Oz44OA44O844OB44Kn44K544Oe44Kw44Kr44OD44OX44Oa44Ki6YCB5paZ54Sh5paZIOmAgeaWmei+vCDjgqzjg7zjg4fjg4vjg7PjgrDpm5Hosqgg5LiN5oCd6K2w44Gu5Zu944Gu44Ki44Oq44K5IOOCrOODvOODh+ODs+ODqeOCpOODiCDjgr3jg7zjg6njg7zjg6njgqTjg4jvvIjmmYLoqIjjgYbjgZXjgY7vvIk=,44Ks44O844OH44Oz6ZuR6LKo772c5LiN5oCd6K2w44Gu5Zu944Gu44Ki44Oq44K5772c44Ks44O844OH44Oz44Op44Kk44OI772c44CC6YCB5paZ54Sh5paZIOmAgeaWmei+vCDjgqzjg7zjg4fjg4vjg7PjgrDpm5Hosqgg5LiN5oCd6K2w44Gu5Zu944Gu44Ki44Oq44K5IOOCrOODvOODh+ODs+ODqeOCpOODiCDjgr3jg7zjg6njg7zjg6njgqTjg4jvvIjmmYLoqIjjgYbjgZXjgY7vvIk=[rn]
11-197588,aHR0cDovL3RzaG9wLnIxMHMuanAvemFra2F5YWZyZWUvY2FiaW5ldC9pbWcxMC9zZXQtc3IwMzA1LmpwZz9maXRpbj03MDA6NzAw,NTYxNi4wMDAw,,6Iqx44O744Ks44O844OH44Oz44O7RElZID4g44Ko44Kv44K544OG44Oq44Ki44O744Ks44O844OH44Oz44OV44Kh44OL44OB44Oj44O8ID4g44Op44Kk44OI44O744Kk44Or44Of44ON44O844K344On44OzID4g44Ks44O844OH44Oz44Op44Kk44OIIOODu+eBr+evrQ==,6YCB5paZ54Sh5paZIOmAgeaWmei+vCDjgqzjg7zjg4fjg7Mg44Ks44O844OH44OL44Oz44KwIOOCrOODvOODh+ODs+ODqeOCpOODiCDjgr3jg7zjg6njg7zjg6njgqTjg4gg5bGL5aSWIOOCveODvOODqeODvOOCquODvOODiuODoeODs+ODiOODu+OBi+OBiOOCi++8iOa6gOiFue+8iQ==,,PHRhYmxlIHdpZHRoPSIzMTAiIGJvcmRlcj0iMCIgYWxpZ249ImNlbnRlciIgY2VsbHBhZGRpbmc9IjAiIGNlbGxzcGFjaW5nPSIwIj48dHI+PHRkIGFsaWduPSJjZW50ZXIiIHZhbGlnbj0idG9wIj48aW1nIHNyYz0iaHR0cDovL2ltYWdlLnJha3V0ZW4uY28uanAvemFra2F5YWZyZWUvY2FiaW5ldC9zbWgvcGFnZTEvc2V0LXNyMDMwNS1zbS5qcGciIHdpZHRoPSIzMTAiIGhlaWdodD1hdXRvPjwvdGQ+PC90cj48dHI+PHRkIGFsaWduPSJjZW50ZXIiIHZhbGlnbj0idG9wIj48dGFibGUgd2lkdGg9IjMxMCIgYm9yZGVyPSIxIiBjZWxsc3BhY2luZz0iMSIgY2VsbHBhZGRpbmc9IjAiIGJvcmRlcmNvbG9yPSIjRkY5OUZGIiBiZ2NvbG9yPSIjRkZDQ0ZGIj48dHI+PHRkIHdpZHRoPSI1MCIgYWxpZ249ImxlZnQiIHZhbGlnbj0ibWlkZGxlIj48Zm9udCBjb2xvcj0iIzAwMDAwMCIgc2l6ZT0iMiI+PGI+44K144Kk44K6PC9iPjwvZm9udD48L3RkPjx0ZCBhbGlnbj0ibGVmdCIgdmFsaWduPSJtaWRkbGUiPjxiPjxmb250IGNvbG9yPSIjMDAwMDAwIiBzaXplPSIyIj7luYXntIQyNDBtbcOX6auY57SEMjY1bW3Dl+Wlpee0hDIyMG1tPC9mb250PjwvYj48L3RkPjwvdHI+PHRyPjx0ZCB3aWR0aD0iNTAiIGFsaWduPSJsZWZ0IiB2YWxpZ249Im1pZGRsZSI+PGZvbnQgY29sb3I9IiMwMDAwMDAiIHNpemU9IjIiPjxiPue0oOadkDwvYj48L2ZvbnQ+PC90ZD48dGQgYWxpZ249ImxlZnQiIHZhbGlnbj0ibWlkZGxlIj48Yj48Zm9udCBjb2xvcj0iIzAwMDAwMCIgc2l6ZT0iMiI+44Os44K444OzPC9mb250PjwvYj48L3RkPjwvdHI+PHRyPjx0ZCB3aWR0aD0iNTAiIGFsaWduPSJsZWZ0IiB2YWxpZ249Im1pZGRsZSI+PGZvbnQgY29sb3I9IiMwMDAwMDAiIHNpemU9IjIiPjxiPuWCmeiAgzwvYj48L2ZvbnQ+PC90ZD48dGQgYWxpZ249ImxlZnQiIHZhbGlnbj0ibWlkZGxlIj48Yj48Zm9udCBjb2xvcj0iIzAwMDAwMCIgc2l6ZT0iMiI+5YWJ44K744Oz44K144O85LuY44GNPC9mb250PjwvYj48L3RkPjwvdHI+PC90YWJsZT48L3RkPjwvdHI+PHRyPjx0ZCBhbGlnbj0iY2VudGVyIiB2YWxpZ249InRvcCI+PHRhYmxlIHdpZHRoPSIzMTAiIGJvcmRlcj0iMSIgY2VsbHNwYWNpbmc9IjEiIGNlbGxwYWRkaW5nPSIwIiBib3JkZXJjb2xvcj0iI0ZGOTlGRiI+PHRyPjx0ZCBhbGlnbj0iY2VudGVyIiB2YWxpZ249Im1pZGRsZSI+PGI+PGZvbnQgY29sb3I9IiNGRjAwMDAiIHNpemU9IjQiPuWPr+aEm+OBhOOCrOODvOODh+ODs+ODqeOCpOODiDwvZm9udD48YnI+PGZvbnQgY29sb3I9IiMwMDAwRkYiIHNpemU9IjMiPuWLleeJqemBlOOBjOOBiuW6reOBp+aaruOCieOBl+OBpuOBhOOCi+ODr+ODs+OCt+ODvOODs+OBruOCrOODvOODh+ODs+OCveODvOODqeODvOODqeOCpOODiOOBp+OBmeOAgjxicj7lhYnjgrvjg7PjgrXjg7zku5jjgY3jgaDjgYvjgonmmpfjgY/jgarjgovjgajjgYrluq3jgavpm7Dlm7LmsJfoia/jgY/nhafjgonjgZfjgabjgY/jgozjgb7jgZnjgII8L2ZvbnQ+PC9iPjwvdGQ+PC90cj48L3RhYmxlPjwvdGQ+PC90cj48dHI+PHRkIGFsaWduPSJjZW50ZXIiIHZhbGlnbj0idG9wIj48aW1nIHNyYz0iaHR0cDovL2ltYWdlLnJha3V0ZW4uY28uanAvemFra2F5YWZyZWUvY2FiaW5ldC9zbWgvcGFnZTEvc2V0LXNyMDMwNV8xLXNpLmpwZyIgd2lkdGg9IjMxMCIgaGVpZ2h0PWF1dG8+PC90ZD48L3RyPjwvdGFibGU+PCEtLeOBk+OBk+OBi+OCieOCueODnuODm+ODrOOCuOWJjeWVhuWTgS0tPjxiciAvPjx0YWJsZSB3aWR0aD0iMTAwJSIgYm9yZGVyPSIwIiBjZWxsc3BhY2luZz0iMCIgY2VsbHBhZGRpbmc9IjAiPjx0cj48dGQ+PGltZyA9IiIgc3JjPSJodHRwOi8vaW1hZ2UucmFrdXRlbi5jby5qcC96YWtrYXlhZnJlZS9jYWJpbmV0L2hlYWRlci9jeW9pdGFzaGktMS5qcGciIHdpZHRoPSIxMDAlIiAvPjwvdGQ+PC90cj48dHI+PHRkPjxpbWcgPSIiIHNyYz0iaHR0cDovL2ltYWdlLnJha3V0ZW4uY28uanAvemFra2F5YWZyZWUvY2FiaW5ldC9oZWFkZXIvMDAwMDAwMDU1Mi0zMjYxMDAuanBnIiB3aWR0aD0iMTAwJSIgYm9yZGVyPSIwIiAvPjwvdGQ+PC90cj48dHI+PHRkPjxpbWcgPSIiIHNyYz0iaHR0cDovL2ltYWdlLnJha3V0ZW4uY28uanAvemFra2F5YWZyZWUvY2FiaW5ldC9oZWFkZXIvMDAwMDAwMDg5Ny0zMjYxMDAuanBnIiB3aWR0aD0iMTAwJSIgYm9yZGVyPSIwIiAvPjwvdGQ+PC90cj48dHI+PHRkPjxpbWcgPSIiIHNyYz0iaHR0cDovL2ltYWdlLnJha3V0ZW4uY28uanAvemFra2F5YWZyZWUvY2FiaW5ldC9oZWFkZXIvc3AtaXdseTQwMTAtMzI2MTAwLmpwZyIgd2lkdGg9IjEwMCUiIGJvcmRlcj0iMCIgLz48L3RkPjwvdHI+PC90YWJsZT48IS0t44GT44GT44G+44Gn44K544Oe44Ob44Os44K45YmN5ZWG5ZOBLS0+,6YCB5paZ54Sh5paZIOmAgeaWmei+vCDjgqzjg7zjg4fjg7Mg44Ks44O844OH44OL44Oz44KwIOOCrOODvOODh+ODs+ODqeOCpOODiCDjgr3jg7zjg6njg7zjg6njgqTjg4gg5bGL5aSWIOOCveODvOODqeODvOOCquODvOODiuODoeODs+ODiOODu+OBi+OBiOOCi++8iOa6gOiFue+8ie+8muOBi+OCj+OBhOOBhO+8huOBiuOCguOBl+OCjembkeiyqOWxi+ODleODquODvA==,6YCa5L+h6LKp5aOy6YCa6LKp44K344On44OD44OU44Oz44Kw44Kq44Oz44Op44Kk44Oz44K344On44OD44OU44Oz44Kw6LK344GE54mp44OX44Os44K844Oz44OI44Ku44OV44OI6LSI44KK54mp6LSI562U5ZOB44GK5Lit5YWD44GK5q2z5pqu44GK6LK344GE5b6X5Y+O57SN44Oc44OD44Kv44K56ZuR6LKo44Kk44Oz44OG44Oq6ZuR6LKo55Sf5rS76ZuR6LKo44Kt44OD44OB44Oz6ZuR6LKo44Ks44O844OH44OL44Oz44Kw6ZuR6LKo44GK44KC44GX44KN6ZuR6LKo44GK44KC44GX44KN54Gw55q/44OG44Kj44OD44K344Ol44Kx44O844K5546E6Zai44Oe44OD44OI5YKY56uL44Gm44GK6Iy256KX6ZuR6LKo44Ks44O844OH44Oz44GU44G/566x44Kr44Os44Oz44OA44O844OB44Kn44K544Oe44Kw44Kr44OD44OX44Oa44Ki6YCB5paZ54Sh5paZIOmAgeaWmei+vCDjgqzjg7zjg4fjg7Mg44Ks44O844OH44OL44Oz44KwIOOCrOODvOODh+ODs+ODqeOCpOODiCDjgr3jg7zjg6njg7zjg6njgqTjg4gg5bGL5aSWIOOCveODvOODqeODvOOCquODvOODiuODoeODs+ODiOODu+OBi+OBiOOCi++8iOa6gOiFue+8iQ==,44GK6IW544GE44Gj44Gx44GE44Kr44Ko44Or44Gu44Ks44O844OH44Oz44Op44Kk44OI44CC6YCB5paZ54Sh5paZIOmAgeaWmei+vCDjgqzjg7zjg4fjg7Mg44Ks44O844OH44OL44Oz44KwIOOCrOODvOODh+ODs+ODqeOCpOODiCDjgr3jg7zjg6njg7zjg6njgqTjg4gg5bGL5aSWIOOCveODvOODqeODvOOCquODvOODiuODoeODs+ODiOODu+OBi+OBiOOCi++8iOa6gOiFue+8iQ==[rn]
11-197589,aHR0cDovL3RzaG9wLnIxMHMuanAvemFra2F5YWZyZWUvY2FiaW5ldC9pbWcxMC9zZXQtc2kwNjgzLmpwZz9maXRpbj03MDA6NzAw,NDc1Mi4wMDAw,,6Iqx44O744Ks44O844OH44Oz44O7RElZID4g44Ko44Kv44K544OG44Oq44Ki44O744Ks44O844OH44Oz44OV44Kh44OL44OB44Oj44O8ID4g44Op44Kk44OI44O744Kk44Or44Of44ON44O844K344On44OzID4g44Ks44O844OH44Oz44Op44Kk44OIIOODu+eBr+evrQ==,6YCB5paZ54Sh5paZIOmAgeaWmei+vCDlpKnkvb/jga7jgqzjg7zjg4fjg4vjg7PjgrDpm5Hosqgg44Ks44O844OH44Oz44Op44Kk44OIIOOCt+ODq+OCqOODg+ODiOOCveODvOODqeODvOODqeOCpOODiO+8iOOCqOODs+OCuOOCp+ODq++8o++8iQ==,,PHRhYmxlIHdpZHRoPSIzMTAiIGJvcmRlcj0iMCIgYWxpZ249ImNlbnRlciIgY2VsbHBhZGRpbmc9IjAiIGNlbGxzcGFjaW5nPSIwIj48dHI+PHRkIGFsaWduPSJjZW50ZXIiIHZhbGlnbj0idG9wIj48aW1nIHNyYz0iaHR0cDovL2ltYWdlLnJha3V0ZW4uY28uanAvemFra2F5YWZyZWUvY2FiaW5ldC9zbWgvcGFnZTEvc2V0LXNpMDY4My1zbS5qcGciIHdpZHRoPSIzMTAiIGhlaWdodD1hdXRvPjwvdGQ+PC90cj48dHI+PHRkIGFsaWduPSJjZW50ZXIiIHZhbGlnbj0idG9wIj48dGFibGUgd2lkdGg9IjMxMCIgYm9yZGVyPSIxIiBjZWxsc3BhY2luZz0iMSIgY2VsbHBhZGRpbmc9IjAiIGJvcmRlcmNvbG9yPSIjRkY5OUZGIiBiZ2NvbG9yPSIjRkZDQ0ZGIj48dHI+PHRkIHdpZHRoPSI1MCIgYWxpZ249ImxlZnQiIHZhbGlnbj0ibWlkZGxlIj48Zm9udCBjb2xvcj0iIzAwMDAwMCIgc2l6ZT0iMiI+PGI+44K144Kk44K6PC9iPjwvZm9udD48L3RkPjx0ZCBhbGlnbj0ibGVmdCIgdmFsaWduPSJtaWRkbGUiPjxiPjxmb250IGNvbG9yPSIjMDAwMDAwIiBzaXplPSIyIj7luYXntIQyMDBtbcOX6auY57SENDMwbW3Dl+Wlpee0hDIyMG1tPC9mb250PjwvYj48L3RkPjwvdHI+PHRyPjx0ZCB3aWR0aD0iNTAiIGFsaWduPSJsZWZ0IiB2YWxpZ249Im1pZGRsZSI+PGZvbnQgY29sb3I9IiMwMDAwMDAiIHNpemU9IjIiPjxiPue0oOadkDwvYj48L2ZvbnQ+PC90ZD48dGQgYWxpZ249ImxlZnQiIHZhbGlnbj0ibWlkZGxlIj48Yj48Zm9udCBjb2xvcj0iIzAwMDAwMCIgc2l6ZT0iMiI+44K544OB44O844OrPC9mb250PjwvYj48L3RkPjwvdHI+PHRyPjx0ZCB3aWR0aD0iNTAiIGFsaWduPSJsZWZ0IiB2YWxpZ249Im1pZGRsZSI+PGZvbnQgY29sb3I9IiMwMDAwMDAiIHNpemU9IjIiPjxiPuWCmeiAgzwvYj48L2ZvbnQ+PC90ZD48dGQgYWxpZ249ImxlZnQiIHZhbGlnbj0ibWlkZGxlIj48Yj48Zm9udCBjb2xvcj0iIzAwMDAwMCIgc2l6ZT0iMiI+57WE44G/56uL44Gm5byP44CB6Ziy6Zuo5LuV5qeY44CB5YWJ44K744Oz44K144O85LuY44GNPC9mb250PjwvYj48L3RkPjwvdHI+PC90YWJsZT48L3RkPjwvdHI+PHRyPjx0ZCBhbGlnbj0iY2VudGVyIiB2YWxpZ249InRvcCI+PHRhYmxlIHdpZHRoPSIzMTAiIGJvcmRlcj0iMSIgY2VsbHNwYWNpbmc9IjEiIGNlbGxwYWRkaW5nPSIwIiBib3JkZXJjb2xvcj0iI0ZGOTlGRiI+PHRyPjx0ZCBhbGlnbj0iY2VudGVyIiB2YWxpZ249Im1pZGRsZSI+PGI+PGZvbnQgY29sb3I9IiNGRjAwMDAiIHNpemU9IjQiPuWkqeS9v+OBruOCt+ODq+OCqOODg+ODiOOBjOWPr+aEm+OBhO+8gTwvZm9udD48YnI+PGZvbnQgY29sb3I9IiMwMDAwRkYiIHNpemU9IjMiPuOCt+ODq+OCqOODg+ODiOOBruOCqOODs+OCuOOCp+ODq+OBjOOBqOOBo+OBpuOCguWPr+aEm+OBhOOCveODvOODqeODvOOCrOODvOODh+ODs+ODqeOCpOODiOOBp+OBmeOAgjxicj7lhYnjgrvjg7PjgrXjg7zlhoXolLXjgaflpJzjga/pm7Dlm7LmsJfoia/jgY/jgYrluq3jgpLnhafjgonjgZfjgabjgY/jgozjgb7jgZnjgII8L2ZvbnQ+PC9iPjwvdGQ+PC90cj48L3RhYmxlPjwvdGQ+PC90cj48L3RhYmxlPjwhLS3jgZPjgZPjgYvjgonjgrnjg57jg5vjg6zjgrjliY3llYblk4EtLT48YnIgLz48dGFibGUgd2lkdGg9IjEwMCUiIGJvcmRlcj0iMCIgY2VsbHNwYWNpbmc9IjAiIGNlbGxwYWRkaW5nPSIwIj48dHI+PHRkPjxpbWcgPSIiIHNyYz0iaHR0cDovL2ltYWdlLnJha3V0ZW4uY28uanAvemFra2F5YWZyZWUvY2FiaW5ldC9oZWFkZXIvY3lvaXRhc2hpLTEuanBnIiB3aWR0aD0iMTAwJSIgLz48L3RkPjwvdHI+PHRyPjx0ZD48aW1nID0iIiBzcmM9Imh0dHA6Ly9pbWFnZS5yYWt1dGVuLmNvLmpwL3pha2theWFmcmVlL2NhYmluZXQvaGVhZGVyLzAwMDAwMDA1NTItMzI2MTAwLmpwZyIgd2lkdGg9IjEwMCUiIGJvcmRlcj0iMCIgLz48L3RkPjwvdHI+PHRyPjx0ZD48aW1nID0iIiBzcmM9Imh0dHA6Ly9pbWFnZS5yYWt1dGVuLmNvLmpwL3pha2theWFmcmVlL2NhYmluZXQvaGVhZGVyLzAwMDAwMDA4OTctMzI2MTAwLmpwZyIgd2lkdGg9IjEwMCUiIGJvcmRlcj0iMCIgLz48L3RkPjwvdHI+PHRyPjx0ZD48aW1nID0iIiBzcmM9Imh0dHA6Ly9pbWFnZS5yYWt1dGVuLmNvLmpwL3pha2theWFmcmVlL2NhYmluZXQvaGVhZGVyL3NwLWl3bHk0MDEwLTMyNjEwMC5qcGciIHdpZHRoPSIxMDAlIiBib3JkZXI9IjAiIC8+PC90ZD48L3RyPjwvdGFibGU+PCEtLeOBk+OBk+OBvuOBp+OCueODnuODm+ODrOOCuOWJjeWVhuWTgS0tPg==,6YCB5paZ54Sh5paZIOmAgeaWmei+vCDlpKnkvb/jga7jgqzjg7zjg4fjg4vjg7PjgrDpm5Hosqgg44Ks44O844OH44Oz44Op44Kk44OIIOOCt+ODq+OCqOODg+ODiOOCveODvOODqeODvOODqeOCpOODiO+8iOOCqOODs+OCuOOCp+ODq++8o++8ie+8muOBi+OCj+OBhOOBhO+8huOBiuOCguOBl+OCjembkeiyqOWxi+ODleODquODvA==,6YCa5L+h6LKp5aOy6YCa6LKp44K344On44OD44OU44Oz44Kw44Kq44Oz44Op44Kk44Oz44K344On44OD44OU44Oz44Kw6LK344GE54mp44OX44Os44K844Oz44OI44Ku44OV44OI6LSI44KK54mp6LSI562U5ZOB44GK5Lit5YWD44GK5q2z5pqu44GK6LK344GE5b6X5Y+O57SN44Oc44OD44Kv44K56ZuR6LKo44Kk44Oz44OG44Oq6ZuR6LKo55Sf5rS76ZuR6LKo44Kt44OD44OB44Oz6ZuR6LKo44Ks44O844OH44OL44Oz44Kw6ZuR6LKo44GK44KC44GX44KN6ZuR6LKo44GK44KC44GX44KN54Gw55q/44OG44Kj44OD44K344Ol44Kx44O844K5546E6Zai44Oe44OD44OI5YKY56uL44Gm44GK6Iy256KX6ZuR6LKo44Ks44O844OH44Oz44GU44G/566x44Kr44Os44Oz44OA44O844OB44Kn44K544Oe44Kw44Kr44OD44OX44Oa44Ki6YCB5paZ54Sh5paZIOmAgeaWmei+vCDlpKnkvb/jga7jgqzjg7zjg4fjg4vjg7PjgrDpm5Hosqgg44Ks44O844OH44Oz44Op44Kk44OIIOOCt+ODq+OCqOODg+ODiOOCveODvOODqeODvOODqeOCpOODiO+8iOOCqOODs+OCuOOCp+ODq++8o++8iQ==,5aSp5L2/44Gu44Ks44O844OH44Oz6ZuR6LKo772c44K944O844Op44O844Op44Kk44OI772c44Ks44O844OH44Oz44Op44Kk44OI772c44CC6YCB5paZ54Sh5paZIOmAgeaWmei+vCDlpKnkvb/jga7jgqzjg7zjg4fjg4vjg7PjgrDpm5Hosqgg44Ks44O844OH44Oz44Op44Kk44OIIOOCt+ODq+OCqOODg+ODiOOCveODvOODqeODvOODqeOCpOODiO+8iOOCqOODs+OCuOOCp+ODq++8o++8iQ==[rn]
11-197590,aHR0cDovL3RzaG9wLnIxMHMuanAvYXVjLWhhY2hpZGFpL2NhYmluZXQvc296YWkvc21uLzQwNDA0M2h0MDFfMC5qcGc/Zml0aW49NzAwOjcwMA==,MjM4NC4wMDAw,,6Iqx44O744Ks44O844OH44Oz44O7RElZID4g44Ko44Kv44K544OG44Oq44Ki44O744Ks44O844OH44Oz44OV44Kh44OL44OB44Oj44O8ID4g44Op44Kk44OI44O744Kk44Or44Of44ON44O844K344On44OzID4g44Ks44O844OH44Oz44Op44Kk44OIIOODu+eBr+evrQ==,44CQ6YCB5paZ54Sh5paZ44CR44CQ44K744O844Or5ZOB44CR44K944O844Op44O85byPTEVE44Ks44O844OH44Oz44Op44Kk44OI77yT5pys44K744OD44OIIFNWLTQ3NjLjgJDlhYXpm7vlvI8g44GK44GZ44GZ44KBIOS6uuawlyDlsYvlpJYg5LiA5oi45bu644Gm5L2P5a6FIOW6rSDlkajlm7LjgJE=,,44O744K944O844Op44O844OR44ON44Or44Gn5pel5Lit44Gr5aSq6Zm95YWJ44KS6Ieq5YuV55qE44Gr5YWF6Zu744GZ44KL44Gu44Gn6YWN57ea44Gu5omL6ZaT44GM55yB44GR44G+44GZ44CC5Zyw6Z2i44Gr5beu6L6844KA44Gg44GR44Gn57Ch5Y2Y44Gr6Kit572u44Gn44GN44G+44GZ44CC44O75pqX44GP44Gq44KL44Go6Ieq5YuV44Gn54K554Gv44O75piO44KL44GP44Gq44KL44Go6Ieq5YuV44Gn5raI54Gv44O754K554Gv5pmC6ZaT77ya77yV772e77yW5pmC6ZaT77yI44OV44Or5YWF6Zu777yJPGJyPjxicj7il4/lhoXlrrnvvJrPhjU5w5dINDIwbW3Dl++8k+OAgTE0Nmc8YnI+4peP566x44K144Kk44K6KOW5hcOX6auY44GVw5flpaXooYwp77yaMjA1w5czMjXDlzc1bW08YnI+4peP5p2Q6LOq77ya44K544OG44Oz44Os44K544CBUFDmqLnohII8YnI+4peP566x6YeN6YeP77yaNjgwZw==,44CQ6YCB5paZ54Sh5paZ44CR44CQ44K744O844Or5ZOB44CR44K944O844Op44O85byPTEVE44Ks44O844OH44Oz44Op44Kk44OI77yT5pys44K744OD44OIIFNWLTQ3NjLjgJDlhYXpm7vlvI8g44GK44GZ44GZ44KBIOS6uuawlyDlsYvlpJYg5LiA5oi45bu644Gm5L2P5a6FIOW6rSDlkajlm7LjgJHvvJrpgJrosqnjg5Hjg7zjgq8=,6YCa5L+h6LKp5aOy6YCa6LKp44K344On44OD44OU44Oz44Kw44Kq44Oz44Op44Kk44Oz44K344On44OD44OU44Oz44Kw6LK344GE54mp44OX44Os44K844Oz44OI44Ku44OV44OI6LSI44KK54mp6LSI562U5ZOB44GK5Lit5YWD44GK5q2z5pqu44GK6LK344GE5b6X5b6h5oyo5ou244GU5oyo5ou26KiY5b+15ZOB44Ku44OV44OI6LSI562U6YCB5paZ54Sh5paZ44K944OV44Kh44OG44Os44OT5Y+w5Ye655Sj5YaF56Wd44GK6L+U44GX5YyF6KOF44Gu44GX44GK5Lit5YWD44GK5q2z5pqu55Sf5rS76ZuR6LKo44K444Ol44O844K55YaF56Wd6L+U56S85ZOB5rqA5Lit6Zmw5b+X6Iy244Gu5a2Q44CQ6YCB5paZ54Sh5paZ44CR44CQ44K744O844Or5ZOB44CR44K944O844Op44O85byPTEVE44Ks44O844OH44Oz44Op44Kk44OI77yT5pys44K744OD44OIIFNWLTQ3NjLjgJDlhYXpm7vlvI8g44GK44GZ44GZ44KBIOS6uuawlyDlsYvlpJYg5LiA5oi45bu644Gm5L2P5a6FIOW6rSDlkajlm7LjgJE=,44CQ6YCB5paZ54Sh5paZ44CR44CQ44K744O844Or5ZOB44CR44K944O844Op44O85byPTEVE44Ks44O844OH44Oz44Op44Kk44OI77yT5pys44K744OD44OIIFNWLTQ3NjLjgJDlhYXpm7vlvI8g44GK44GZ44GZ44KBIOS6uuawlyDlsYvlpJYg5LiA5oi45bu644Gm5L2P5a6FIOW6rSDlkajlm7LjgJE=[rn]
11-197591,aHR0cDovL3RzaG9wLnIxMHMuanAvbXVyYXVjaGktZGVua2kvY2FiaW5ldC83MjAvNDk3NTE0OTYwODcyMC5qcGc/Zml0aW49NzAwOjcwMA==,MTU1Mi4wMDAw,,6Iqx44O744Ks44O844OH44Oz44O7RElZID4g44Ko44Kv44K544OG44Oq44Ki44O744Ks44O844OH44Oz44OV44Kh44OL44OB44Oj44O8ID4g44Op44Kk44OI44O744Kk44Or44Of44ON44O844K344On44OzID4g44Ks44O844OH44Oz44Op44Kk44OIIOODu+eBr+evrQ==,VEFLQVNITy/jgr/jgqvjgrfjg6fjg7wgTEdTLTY2IOOCveODvOODqeODvOODkeODr+ODvOOCueODl+ODrOODg+ODieODqeOCpOODiA==,,PGZvbnQgY29sb3I9InJlZCI+PGI+44K544Oe44O844OI44OV44Kp44Oz44O744K/44OW44Os44OD44OI55So44Gu5ZWG5ZOB6Kqs5piO5paH44Gv57Ch5piT6KGo56S644Gu54K644CB5LuV5qeY44KE44Gd44Gu5LuW44Gu6YeN6KaB44Gq5oOF5aCx44GM6KiY6LyJ44GV44KM44Gm44GE44Gq44GE5aC05ZCI44GM44GU44GW44GE44G+44GZ44CC44GU5rOo5oSP5LiL44GV44GE44CCPGJyPuWVhuWTgeOBruips+e0sOOBq+OBpOOBjeOBvuOBl+OBpuOBr+W/heOBmuOAjFBD44CN55So44Gu5ZWG5ZOB6Kqs5piO44Oa44O844K444KS44GU56K66KqN44GP44Gg44GV44GE44CCPGJyPlBD55So5ZWG5ZOB6Kqs5piO44Oa44O844K444KS44GU6Kan6aCC44GP44Gr44Gv44CB44GT44Gh44KJ44Gu5ZWG5ZOB44Oa44O844K45LiK6YOo44Gu44CMUEPjgI3jgajooajnpLrjgZXjgozjgabjgYTjgovjg5zjgr/jg7PjgpLmirzjgZnjgYvjgIHjgYrkvb/jgYTjga7nq6/mnKvjgavjgojjgaPjgabjga/kuIvpg6jjgavooajnpLrjgZXjgozjgovjgIxQQ+eJiOOBp+imi+OCi+OAjeOCkuOCr+ODquODg+OCr+OBl+OBpumgguOBj+OBqOOBlOeiuuiqjemgguOBkeOBvuOBmeOAgjwvYj48L2ZvbnQ+PGJyPjxicj7jg5Hjg6/jg7xMRUTjgac05YCN44Gu5piO44KL44GV44CC4oC7TEdTLTQx44KS5YWD44Gr5q+U6LyD44GX44Gf5YCk44Gn44GZ44CCPGJyPk9OL09GRuOCueOCpOODg+ODgeS7mOOBjTxicj48YnI+,VEFLQVNITy/jgr/jgqvjgrfjg6fjg7wgTEdTLTY2IOOCveODvOODqeODvOODkeODr+ODvOOCueODl+ODrOODg+ODieODqeOCpOODiO+8muODoOODqeOCpuODgQ==,6YCa5L+h6LKp5aOy6YCa6LKp44K344On44OD44OU44Oz44Kw44Kq44Oz44Op44Kk44Oz44K344On44OD44OU44Oz44Kw6LK344GE54mp44OX44Os44K844Oz44OI44Ku44OV44OI6LSI44KK54mp6LSI562U5ZOB44GK5Lit5YWD44GK5q2z5pqu44GK6LK344GE5b6X5a626Zu7QVbjg5Hjgr3jgrPjg7Pnvo7lrrnlgaXlurfnhafmmI5ESVnkvZzmpa3nlKjlk4HlrrblhbdUVuOCsuODvOODoOalveWZqOOCueODneODvOODhOOCouOCpuODiOODieOCouODkeOCveOCs+ODs+ODkeOCveOCs+ODs+WRqOi+uuOCq+ODoeODqeODh+OCuOOCq+ODoeOCv+ODluODrOODg+ODiOOCueODnuODvOODiOODleOCqeODs1BD44OR44O844OEUEPjgr3jg5Xjg4jmmYLoqIjnlJ/mtLvpm5HosqjmnI3po77jgqLjg5Hjg6zjg6tUQUtBU0hPL+OCv+OCq+OCt+ODp+ODvCBMR1MtNjYg44K944O844Op44O844OR44Ov44O844K544OX44Os44OD44OJ44Op44Kk44OI,44CA44CCVEFLQVNITy/jgr/jgqvjgrfjg6fjg7wgTEdTLTY2IOOCveODvOODqeODvOODkeODr+ODvOOCueODl+ODrOODg+ODieODqeOCpOODiA==[rn]
11-197592,aHR0cDovL3RzaG9wLnIxMHMuanAvaGl0bGluZS9jYWJpbmV0L2ZzLzkwNC80OTY3NTc2MTQwOTA0LmpwZz9maXRpbj03MDA6NzAw,Mjk1Mi44MDAw,,6Iqx44O744Ks44O844OH44Oz44O7RElZID4g44Ko44Kv44K544OG44Oq44Ki44O744Ks44O844OH44Oz44OV44Kh44OL44OB44Oj44O8ID4g44Op44Kk44OI44O744Kk44Or44Of44ON44O844K344On44OzID4g44Ks44O844OH44Oz44Op44Kk44OIIOODu+eBr+evrQ==,44Ki44Kk44Oq44K544Kq44O844Ok44OeICDkub7pm7vmsaDlvI9MRUTjgqzjg7zjg4fjg7Pjgrvjg7PjgrXjg7zjg6njgqTjg4gg6KeS5Z6LIFpTTC1NTjFLLUJL44OW44Op44OD44Kv,,PElNRyBTUkM9IEFMVD3jgYLjgZnmpb0gYm9yZGVyPTA+PEJSPjxCUj48SU1HIFNSQz0iaHR0cDovL3d3dy5yYWt1dGVuLm5lLmpwL2dvbGQvaGl0bGluZS9pbWFnZXMvcGljXzQ3OTAuZ2lmIiBib3JkZXI9MD48QlI+,44Ki44Kk44Oq44K544Kq44O844Ok44OeICDkub7pm7vmsaDlvI9MRUTjgqzjg7zjg4fjg7Pjgrvjg7PjgrXjg7zjg6njgqTjg4gg6KeS5Z6LIFpTTC1NTjFLLUJL44OW44Op44OD44Kv77ya44OS44OD44OI44Op44Kk44Oz,6YCa5L+h6LKp5aOy6YCa6LKp44K344On44OD44OU44Oz44Kw44Kq44Oz44Op44Kk44Oz44K344On44OD44OU44Oz44Kw6LK344GE54mp44OX44Os44K844Oz44OI44Ku44OV44OI6LSI44KK54mp6LSI562U5ZOB44GK5Lit5YWD44GK5q2z5pqu44GK6LK344GE5b6X44Ki44Kk44Oq44K544Kq44O844Ok44OeICDkub7pm7vmsaDlvI9MRUTjgqzjg7zjg4fjg7Pjgrvjg7PjgrXjg7zjg6njgqTjg4gg6KeS5Z6LIFpTTC1NTjFLLUJL44OW44Op44OD44Kv,56iO6L6844G/44O76YCB5paZ54Sh5paZ77yaM+WWtualreaXpeS7peWGheOBq+OAgeeZuumAgeOBhOOBn+OBl+OBvuOBmeOAguOAguOCouOCpOODquOCueOCquODvOODpOODniAg5Lm+6Zu75rGg5byPTEVE44Ks44O844OH44Oz44K744Oz44K144O844Op44Kk44OIIOinkuWeiyBaU0wtTU4xSy1CS+ODluODqeODg+OCrw==[rn]
11-197593,aHR0cDovL3RzaG9wLnIxMHMuanAvYXVjLXlvcm96dXlhL2NhYmluZXQvc2ltcGxlcGxhbjA3LzQ4MTdicC5qcGc/Zml0aW49NzAwOjcwMA==,MTAzNjguMDAwMA==,,6Iqx44O744Ks44O844OH44Oz44O7RElZID4g44Ko44Kv44K544OG44Oq44Ki44O744Ks44O844OH44Oz44OV44Kh44OL44OB44Oj44O8ID4g44Op44Kk44OI44O744Kk44Or44Of44ON44O844K344On44OzID4g44Ks44O844OH44Oz44Op44Kk44OIIOODu+eBr+evrQ==,44CQ6YCB5paZ54Sh5paZ44CR44K744OI44Kv44Op44OV44OIIOOCouODquOCuSDjgr3jg7zjg6njg7zjg6njgqTjg4gg44OP44Oz44OX44OG44Kj44OA44Oz44OX44OG44KjIFNSLTA3NjMvNDgxN2JwIOOCrOODvOODh+ODi+ODs+OCsCDjgqzjg7zjg4fjg7Mg44Kq44O844OK44Oh44Oz44OIIOe9rueJqSDjgqrjg5bjgrjjgqcg546E6ZaiIOOBiuW6rSDoirHlo4c=,,44Ki44Oq44K544Gu44Kt44Oj44Op44Kv44K/44O844CM44OP44Oz44OX44OG44Kj44OA44Oz44OX44OG44Kj44CN44GM44Oi44OB44O844OV44Gu44CB44K944O844Op44O844Op44Kk44OI44Gn44GZ44CCIOijvemAoOWbvTrkuK3lm70g57Sg5p2Q44O75p2Q6LOqOuODrOOCuOODsyjjg6njgqTjg4jpg6g6QUJT5qi56ISCKSDllYblk4HjgrXjgqTjgro6MzkuNVfDlzI0TMOXNTJIY20g6YeN6YePOjNrZyDku5Xmp5g644Op44Kk44OIOuOCpOOCqOODreODvOmbu+a6kC/nmbrpm7vpg6g644K944O844Op44O844OR44ON44OrKOWkqumZvembu+axoCnjgIHok4Tpm7vpg6g65YWF6Zu75byP5Y2YM+mbu+axoMOXMeacrCjlhoXolLUp5raI6LK76Zu75YqbOjAuMDZX5YWJ5rqQOkxFROeCueeBr+aZgumWkzrntIQ45pmC6ZaTKOODleODq+WFhembu+OBruWgtOWQiCnigLvoqK3nva7loLTmiYDjgoTlpKnlgJnjgIHlraPnr4DjgarjganjgavjgojjgornlbDjgarjgorjgb7jgZnjgILlhYXpm7vmmYLplpM644OV44Or5YWF6Zu744GZ44KL44Gu44Gr5b+F6KaB44Gq5pel54Wn5pmC6ZaTKOaZtOOCjOOBruWgtOWQiCnmnIDkvY445pmC6ZaT6Zu75rGg5a+/5ZG9OuWFheODu+aUvumbu+e0hDUwMOWbnuKAu+S9v+eUqOeKtuazgeOBq+OCiOOCiueVsOOBquOCiuOBvuOBmeOAgiDku5jlsZ7lk4E65Y+W5omx6Kqs5piO5pu444CB5L+d6Ki85pu4KOS/neiovOacn+mWkzox5bm06ZaTKQ==,44CQ6YCB5paZ54Sh5paZ44CR44K744OI44Kv44Op44OV44OIIOOCouODquOCuSDjgr3jg7zjg6njg7zjg6njgqTjg4gg44OP44Oz44OX44OG44Kj44OA44Oz44OX44OG44KjIFNSLTA3NjMvNDgxN2JwIOOCrOODvOODh+ODi+ODs+OCsCDjgqzjg7zjg4fjg7Mg44Kq44O844OK44Oh44Oz44OIIOe9rueJqSDjgqrjg5bjgrjjgqcg546E6ZaiIOOBiuW6rSDoirHlo4fvvJrjgYLjgaPjgajjgonjgYTjgbU=,6YCa5L+h6LKp5aOy6YCa6LKp44K344On44OD44OU44Oz44Kw44Kq44Oz44Op44Kk44Oz44K344On44OD44OU44Oz44Kw6LK344GE54mp44OX44Os44K844Oz44OI44Ku44OV44OI6LSI44KK54mp6LSI562U5ZOB44GK5Lit5YWD44GK5q2z5pqu44GK6LK344GE5b6X6Ieq6Lui6LuKL+ODmOODq+ODoeODg+ODiC/oh6rou6Lou4rnlKgv44OY44Or44Oh44OD44OIL+OBk+OBqeOCgueUqC/jgZjjgabjgpPjgZfjgoMvaGVsbWV0L+ODmOODq+ODoeODg+ODiC/jgYvjgo/jgYTjgYQv44OY44Or44Oh44OD44OIL+OCreODg+OCui9iZXJuL+ODkOODvOODs+ODkOODg+OCr+OCpOODs+ODkOODg+OCry/nlLflpbPlhbznlKgv44OQ44OD44Kw44Kk44Oz44OQ44OD44KwL+ODkOODg+OCsOOCpOODs+ODkOODg+OCsC/jgqTjg7Pjg4rjg7zjg5Djg4PjgrAv6YCB5paZ54Sh5paZL+ODkOODg+OCsOOCpOODs+ODkOODg+OCsC/ml4XooYznlKjlk4Ev44OQ44OD44Kv44Kk44Oz44OQ44OD44KvL+OBiuOBl+OCg+OCjC/jgrfjg6fjg6vjg4Djg7wv44OI44O844OIL+ODoeODs+OCui/jg6zjg4fjgqPjg7zjgrkv44OQ44OD44KwL+ODiOODvOODiC/jg5zjgrnjg4jjg7Pjg5Djg4PjgrAvYmFnL+mehC/jgYvjgbDjgpMv44Kr44OQ44Oz44K544Oe44Ob44Kx44O844K5aVBob25lNXMvaVBob25lNWMvaVBob25lNS9YcGVyaWEvYS9TTy0wNEUvR2FsYXh5L1M0L0FSUk9XUy9OWC9BUVVPUy9QSE9ORS9pUGhvbmUvNS9pUGhvbmUvNHMvR2FsYXh5L1MzL+OCqOOCr+OCueODmuODquOCoi/jgq7jg6Pjg6njgq/jgrfjg7wv44Ki44Ot44O844K6L+OCouOCr+OCquOCueODleOCqeODsy/jgqLjgqTjg5Xjgqnjg7Ppm7vou4ov44Gn44KT44GX44KDL+mJhOmBky/jgabjgaTjganjgYYv44OI44Os44Kk44OzL+aWsOW5uee3mi/jgZfjgpPjgYvjgpPjgZvjgpMvMOezuy/jgbLjgYvjgoov44GT44Gg44G+L+OCsOODg+OCui/jg5XjgqHjg7Mv44Kz44Os44Kv44K344On44OzL+ODkOODg+OCsC9CQUcv6Z6EL+OBi+OBsOOCky/jgq3jg4Pjgrov44K444Ol44OL44KiL+WtkOS+my/lhaXlnJIv5YWl5a2mL+mAmuWcki/kv53ogrLlnJIv5bm856ia5ZySL+OBiuOCguOBoeOCgy/njqnlhbcv44OX44Os44K844Oz44OIL+i0iOOCiueJqS/jgq7jg5Xjg4gv44GL44KP44GE44GEL+OBi+OBo+OBk+OBhOOBhC9CdWNjYS9Cb28v44OW44OD44Kr44OW44O844OW44Op44Oz44OJL1RSSUNLU1RFUi/jg4jjg6rjg4Pjgq/jgrnjgr/jg7wv44Kq44Kk44Or44Os44K244O8L+OCruODleODiC/jg5fjg6zjgrzjg7Pjg4gv44Op44Km44Oz44OJ44OV44Kh44K544OK44O8L+ODqeOCpuODs+ODieODleOCoeOCueODiuODvOmVt+iyoeW4gy/osqHluIMv44GK6LKh5biDL+OCteOCpOODlS/jgZXjgYTjgbUv44Km44Kp44Os44OD44OIL+ODrOOCtuODvOmVt+iyoeW4gy/jg6Hjg7Pjgrov55S35oCn55SoL+mAmuWLpC/jgYrku5Xkuosv6YCa5a2mL+acrOmdqS/jg6zjgrbjg7wv44K344Oz44OX44Or44Kk44Oz44OG44Oq44KiL+mbkeiyqC/pn7Plo7Av5pmC6KiIL+OBqOOBkeOBhC/lhYnjgosv44Op44Kk44OIL+ebruimmuOBvuOBl+aZguioiC/pn7Plo7DmqZ/og70v6Kqt44G/5LiK44GS44CQ6YCB5paZ54Sh5paZ44CR44K744OI44Kv44Op44OV44OIIOOCouODquOCuSDjgr3jg7zjg6njg7zjg6njgqTjg4gg44OP44Oz44OX44OG44Kj44OA44Oz44OX44OG44KjIFNSLTA3NjMvNDgxN2JwIOOCrOODvOODh+ODi+ODs+OCsCDjgqzjg7zjg4fjg7Mg44Kq44O844OK44Oh44Oz44OIIOe9rueJqSDjgqrjg5bjgrjjgqcg546E6ZaiIOOBiuW6rSDoirHlo4c=,44Ks44O844OH44OL44Oz44KwIOOCrOODvOODh+ODsyDjgqrjg7zjg4rjg6Hjg7Pjg4gg572u54mpIOOCquODluOCuOOCpyDnjoTplqIg44GK5bqt44CC44CQ6YCB5paZ54Sh5paZ44CR44K744OI44Kv44Op44OV44OIIOOCouODquOCuSDjgr3jg7zjg6njg7zjg6njgqTjg4gg44OP44Oz44OX44OG44Kj44OA44Oz44OX44OG44KjIFNSLTA3NjMvNDgxN2JwIOOCrOODvOODh+ODi+ODs+OCsCDjgqzjg7zjg4fjg7Mg44Kq44O844OK44Oh44Oz44OIIOe9rueJqSDjgqrjg5bjgrjjgqcg546E6ZaiIOOBiuW6rSDoirHlo4c=[rn]
11-197594,aHR0cDovL3RzaG9wLnIxMHMuanAveWFtYXl1dS9jYWJpbmV0LzAxMTA4MTkxLzAzNzg1NDg3L2hiZi1kMTFfMDEuanBnP2ZpdGluPTcwMDo3MDA=,MTg2NjIuNDAwMA==,,6Iqx44O744Ks44O844OH44Oz44O7RElZID4g44Ko44Kv44K544OG44Oq44Ki44O744Ks44O844OH44Oz44OV44Kh44OL44OB44Oj44O8ID4g44Op44Kk44OI44O744Kk44Or44Of44ON44O844K344On44OzID4g44Ks44O844OH44Oz44Op44Kk44OIIOODu+eBr+evrQ==,44K/44Kr44K344On44O844CA44Ks44O844OH44Oz44Op44Kk44OI44CA44CM44Ko44Kv44K544Os44OD44K6IOODkeOCueOCueOCv+ODs+ODieODqeOCpOODiCAy5Z6LIOODq+ODvOODkOODvOOAjSDvvJzjgrnjg6zjg7zjg4jjgrfjg6vjg5Djg7wg44OB44Oj44Kz44O844Or44Kw44Oq44O844Oz77yeIExFRCDjgqjjgrMg56+A6Zu7IOecgeOCqOODjSDlsYvlpJYg54Wn5piOIOOCqOOCr+OCueODhuODquOCoiDjgJDjg63jg7zjg5zjg6vjg4jjg6njgqTjg4jvvIgxMlbvvInjgJE=,,PGZvbnQgY29sb3I9IiNmZjAwMDAiPuKAu+ODreODvOODnOODq+ODiOODqeOCpOODiOOCkuS9v+eUqOOBmeOCi+mam+OBr+OAgeODiOODqeODs+OCueODu+OCs+ODvOODieODu+ODieODqeOCpOOCs+ODvOODs+OBquOBqeOBruODqeOCpOODhuOCo+ODs+OCsOOCouOCr+OCu+OCteODquODvOOBjOW/heimgeOBqOOBquOCiuOBvuOBmeOAgjwvZm9udD48YnI+PGJyPgoK44CM44Ko44Kv44K544Os44OD44K6IOODkeOCueOCueOCv+ODs+ODieODqeOCpOODiCAy5Z6LIOODq+ODvOODkOODvOOAjTxicj48YnI+Cgpb6KO95ZOB44Gu6Kmz57SwXTxicj4K4pag5pys5L2T44K144Kk44K677yaKOe0hCkgz4YxMjDDl+mrmOOBlTE3OG1tPGJyPgrilqDph43jgZXvvJoo57SEKSAxa2c8YnI+CuKWoOadkOizqu+8muODneODquOCq+ODvOODnOODjeODvOODiC/jgqLjg6vjg588YnI+CuKWoOacrOS9k+iJsu+8muOCueODrOODvOODiOOCt+ODq+ODkOODvC/jg4Hjg6PjgrPjg7zjg6vjgrDjg6rjg7zjg7M8YnI+CuKWoOWFpeaVsO+8mjHlgIs8YnI+CuKWoOWCmeiAg++8muWbuuWumueUqOODmuOCsDLmnKzku5g8YnI+CuODu+a4oeOCiumFjee3muWPrzxicj4K44O7TEVE5Lqk5o+b5Y+vPGJyPjxicj4KClvphY3pgIHjg7vpgIHmlpldPGJyPgril4vpgIHmlpnnhKHmlpk8YnI+PGJyPgoKW+azqOaEj+eCuV08YnI+CuKAu+OBlOazqOaWh+W+jOOBq+ODoeODvOOCq+ODvOOBuOOBruWcqOW6q+eiuuiqjeOBqOOBquOCiuOBvuOBmeOAgjxicj4K4oC75YyX5rW36YGT44O75rKW57iE44O744Gd44Gu5LuW6Zui5bO244G444Gv44CB5Yil6YCU6YWN6YCB5paZ44GM44GL44GL44KK44G+44GZ44CCPGJyPgrigLvoo73lk4HjgoTjg6njgqTjg4bjgqPjg7PjgrDjgqLjgq/jgrvjgrXjg6rjg7zjgavplqLjgZnjgovoqbPntLDjgIHms6jmhI/ngrnnrYnjga/jgIHlvZPlupfjga5QQ+eUqOODmuODvOOCuOOAgeOBvuOBn+OBr+ODoeODvOOCq+ODvOOBrkhQ44KE44Kr44K/44Ot44Kw44Gq44Gp44Gn44GU56K66KqN5LiL44GV44GE44CCPGJyPgrigLvjgZTkvb/nlKjliY3jgavjga/lj5bmibHoqqzmmI7mm7jjgpLjgojjgY/jgYroqq3jgb/jgavjgarjgorjgIHmraPjgZfjgY/jgZTkvb/nlKjkuIvjgZXjgYTjgII8YnI+,44K/44Kr44K344On44O844CA44Ks44O844OH44Oz44Op44Kk44OI44CA44CM44Ko44Kv44K544Os44OD44K6IOODkeOCueOCueOCv+ODs+ODieODqeOCpOODiCAy5Z6LIOODq+ODvOODkOODvOOAjSDvvJzjgrnjg6zjg7zjg4jjgrfjg6vjg5Djg7wg44OB44Oj44Kz44O844Or44Kw44Oq44O844Oz77yeIExFRCDjgqjjgrMg56+A6Zu7IOecgeOCqOODjSDlsYvlpJYg54Wn5piOIOOCqOOCr+OCueODhuODquOCoiDjgJDjg63jg7zjg5zjg6vjg4jjg6njgqTjg4jvvIgxMlbvvInjgJHvvJrjg5vjg7zjg6Djgrvjg7Pjgr/jg7wg44Ok44Oe44Om44Km,6YCa5L+h6LKp5aOy6YCa6LKp44K344On44OD44OU44Oz44Kw44Kq44Oz44Op44Kk44Oz44K344On44OD44OU44Oz44Kw6LK344GE54mp44OX44Os44K844Oz44OI44Ku44OV44OI6LSI44KK54mp6LSI562U5ZOB44GK5Lit5YWD44GK5q2z5pqu44GK6LK344GE5b6X6Ziy6Z+z6Z2Z5bqK44Op44Kk44OI54+q6Je75Zyf44OQ44K544Oe44OD44OI6Laz5b+r44OQ44K544Oe44OD44OI5bu656+J6LOH5p2Q5pat54ax5p2Q44OQ44K544Kw44OD44K66aKo5ZGC44G144Gf44GK6aKo5ZGC44G144Gf44K944Kk44Or44K944O844Op44O844Op44Kk44OI5pel44KI44GR44Kk44Or44Of44ON44O844K344On44Oz44Ks44O844OH44Oz44OV44Kh44OL44OB44Oj44O844Ks44O844OH44Oz44Op44Kk44OI44K/44Kr44K344On44O86Ziy6Z+z44K344O844OI6Ziy6Z+z44Oe44OD44OI44Kw44Op44K544Km44O844Or44Ot44OD44Kv44Km44O844Or44K/44Kr44K344On44O844CA44Ks44O844OH44Oz44Op44Kk44OI44CA44CM44Ko44Kv44K544Os44OD44K6IOODkeOCueOCueOCv+ODs+ODieODqeOCpOODiCAy5Z6LIOODq+ODvOODkOODvOOAjSDvvJzjgrnjg6zjg7zjg4jjgrfjg6vjg5Djg7wg44OB44Oj44Kz44O844Or44Kw44Oq44O844Oz77yeIExFRCDjgqjjgrMg56+A6Zu7IOecgeOCqOODjSDlsYvlpJYg54Wn5piOIOOCqOOCr+OCueODhuODquOCoiDjgJDjg63jg7zjg5zjg6vjg4jjg6njgqTjg4jvvIgxMlbvvInjgJE=,44CQ6YCB5paZ54Sh5paZ44CR44CC44K/44Kr44K344On44O844CA44Ks44O844OH44Oz44Op44Kk44OI44CA44CM44Ko44Kv44K544Os44OD44K6IOODkeOCueOCueOCv+ODs+ODieODqeOCpOODiCAy5Z6LIOODq+ODvOODkOODvOOAjSDvvJzjgrnjg6zjg7zjg4jjgrfjg6vjg5Djg7wg44OB44Oj44Kz44O844Or44Kw44Oq44O844Oz77yeIExFRCDjgqjjgrMg56+A6Zu7IOecgeOCqOODjSDlsYvlpJYg54Wn5piOIOOCqOOCr+OCueODhuODquOCoiDjgJDjg63jg7zjg5zjg6vjg4jjg6njgqTjg4jvvIgxMlbvvInjgJE=[rn]
11-197595,aHR0cDovL3RzaG9wLnIxMHMuanAveWFtYXl1dS9jYWJpbmV0LzAxMTA4MTkxLzAzNzg1NDg3L2hiYy1kMjdfMDEuanBnP2ZpdGluPTcwMDo3MDA=,MTkzNTMuNjAwMA==,,6Iqx44O744Ks44O844OH44Oz44O7RElZID4g44Ko44Kv44K544OG44Oq44Ki44O744Ks44O844OH44Oz44OV44Kh44OL44OB44Oj44O8ID4g44Op44Kk44OI44O744Kk44Or44Of44ON44O844K344On44OzID4g44Ks44O844OH44Oz44Op44Kk44OIIOODu+eBr+evrQ==,44K/44Kr44K344On44O844CA44Ks44O844OH44Oz44Op44Kk44OI44CA44CM44Ko44Kv44K544Os44OD44K6IOODneODvOODq+ODqeOCpOODiCA55Z6LIOOCrOODvOODieOAjSDvvJzjgrnjg6zjg7zjg4jjgrfjg6vjg5Djg7wg44OB44Oj44Kz44O844Or44Kw44Oq44O844Oz77yeIExFROeQgzRXIOmbu+eQg+iJsiDluq0gz4Y4NiBMRUQg44Ko44KzIOevgOmbuyDnnIHjgqjjg40g5bGL5aSWIOeFp+aYjiDjgqjjgq/jgrnjg4bjg6rjgqIg44CQ44Ot44O844Oc44Or44OI44Op44Kk44OI77yIMTJW77yJ44CR,,PGZvbnQgY29sb3I9IiNmZjAwMDAiPuKAu+ODreODvOODnOODq+ODiOODqeOCpOODiOOCkuS9v+eUqOOBmeOCi+mam+OBr+OAgeODiOODqeODs+OCueODu+OCs+ODvOODieODu+ODieODqeOCpOOCs+ODvOODs+OBquOBqeOBruODqeOCpOODhuOCo+ODs+OCsOOCouOCr+OCu+OCteODquODvOOBjOW/heimgeOBqOOBquOCiuOBvuOBmeOAgjwvZm9udD48YnI+PGJyPgoK44CM44Ko44Kv44K544Os44OD44K6IOODneODvOODq+ODqeOCpOODiCA55Z6LIOOCrOODvOODieOAjTxicj48YnI+Cgpb6KO95ZOB44Gu6Kmz57SwXTxicj4K4pag5pys5L2T44K144Kk44K677yaKOe0hCkgz4Y4NsOX6auY44GVNzAwbW08YnI+CuKWoOODneODvOODq+W+hO+8mijntIQpIM+GODBtbTxicj4K4pag6YeN44GV77yaKOe0hCkgMS42a2c8YnI+CuKWoOadkOizqu+8muODneODquOCq+ODvOODnOODjeODvOODiC/jgqLjg6vjg588YnI+CuKWoOOCs+ODvOODiemVt++8mijntIQpIDJtPGJyPgrilqDmnKzkvZPoibLvvJrjgrnjg6zjg7zjg4jjgrfjg6vjg5Djg7wv44OB44Oj44Kz44O844Or44Kw44Oq44O844OzPGJyPgrilqDlhaXmlbDvvJox5pysPGJyPgrilqDlgpnogIPvvJrlm7rlrprnlKjjg5HjgqTjg5cx5pys5LuYPGJyPgrjg7tMRUTkuqTmj5vlj688YnI+PGJyPgoKW+mFjemAgeODu+mAgeaWmV08YnI+CuKXi+mAgeaWmeeEoeaWmTxicj48YnI+Cgpb5rOo5oSP54K5XTxicj4K4oC744GU5rOo5paH5b6M44Gr44Oh44O844Kr44O844G444Gu5Zyo5bqr56K66KqN44Go44Gq44KK44G+44GZ44CCPGJyPgrigLvljJfmtbfpgZPjg7vmspbnuITjg7vjgZ3jga7ku5bpm6Lls7bjgbjjga/jgIHliKXpgJTphY3pgIHmlpnjgYzjgYvjgYvjgorjgb7jgZnjgII8YnI+CuKAu+ijveWTgeOChOODqeOCpOODhuOCo+ODs+OCsOOCouOCr+OCu+OCteODquODvOOBq+mWouOBmeOCi+ips+e0sOOAgeazqOaEj+eCueetieOBr+OAgeW9k+W6l+OBrlBD55So44Oa44O844K444CB44G+44Gf44Gv44Oh44O844Kr44O844GuSFDjgoTjgqvjgr/jg63jgrDjgarjganjgafjgZTnorroqo3kuIvjgZXjgYTjgII8YnI+CuKAu+OBlOS9v+eUqOWJjeOBq+OBr+WPluaJseiqrOaYjuabuOOCkuOCiOOBj+OBiuiqreOBv+OBq+OBquOCiuOAgeato+OBl+OBj+OBlOS9v+eUqOS4i+OBleOBhOOAgjxicj4=,44K/44Kr44K344On44O844CA44Ks44O844OH44Oz44Op44Kk44OI44CA44CM44Ko44Kv44K544Os44OD44K6IOODneODvOODq+ODqeOCpOODiCA55Z6LIOOCrOODvOODieOAjSDvvJzjgrnjg6zjg7zjg4jjgrfjg6vjg5Djg7wg44OB44Oj44Kz44O844Or44Kw44Oq44O844Oz77yeIExFROeQgzRXIOmbu+eQg+iJsiDluq0gz4Y4NiBMRUQg44Ko44KzIOevgOmbuyDnnIHjgqjjg40g5bGL5aSWIOeFp+aYjiDjgqjjgq/jgrnjg4bjg6rjgqIg44CQ44Ot44O844Oc44Or44OI44Op44Kk44OI77yIMTJW77yJ44CR77ya44Ob44O844Og44K744Oz44K/44O8IOODpOODnuODpuOCpg==,6YCa5L+h6LKp5aOy6YCa6LKp44K344On44OD44OU44Oz44Kw44Kq44Oz44Op44Kk44Oz44K344On44OD44OU44Oz44Kw6LK344GE54mp44OX44Os44K844Oz44OI44Ku44OV44OI6LSI44KK54mp6LSI562U5ZOB44GK5Lit5YWD44GK5q2z5pqu44GK6LK344GE5b6X6Ziy6Z+z6Z2Z5bqK44Op44Kk44OI54+q6Je75Zyf44OQ44K544Oe44OD44OI6Laz5b+r44OQ44K544Oe44OD44OI5bu656+J6LOH5p2Q5pat54ax5p2Q44OQ44K544Kw44OD44K66aKo5ZGC44G144Gf44GK6aKo5ZGC44G144Gf44K944Kk44Or44K944O844Op44O844Op44Kk44OI5pel44KI44GR44Kk44Or44Of44ON44O844K344On44Oz44Ks44O844OH44Oz44OV44Kh44OL44OB44Oj44O844Ks44O844OH44Oz44Op44Kk44OI44K/44Kr44K344On44O86Ziy6Z+z44K344O844OI6Ziy6Z+z44Oe44OD44OI44Kw44Op44K544Km44O844Or44Ot44OD44Kv44Km44O844Or44K/44Kr44K344On44O844CA44Ks44O844OH44Oz44Op44Kk44OI44CA44CM44Ko44Kv44K544Os44OD44K6IOODneODvOODq+ODqeOCpOODiCA55Z6LIOOCrOODvOODieOAjSDvvJzjgrnjg6zjg7zjg4jjgrfjg6vjg5Djg7wg44OB44Oj44Kz44O844Or44Kw44Oq44O844Oz77yeIExFROeQgzRXIOmbu+eQg+iJsiDluq0gz4Y4NiBMRUQg44Ko44KzIOevgOmbuyDnnIHjgqjjg40g5bGL5aSWIOeFp+aYjiDjgqjjgq/jgrnjg4bjg6rjgqIg44CQ44Ot44O844Oc44Or44OI44Op44Kk44OI77yIMTJW77yJ44CR,44CQ6YCB5paZ54Sh5paZ44CR44CC44K/44Kr44K344On44O844CA44Ks44O844OH44Oz44Op44Kk44OI44CA44CM44Ko44Kv44K544Os44OD44K6IOODneODvOODq+ODqeOCpOODiCA55Z6LIOOCrOODvOODieOAjSDvvJzjgrnjg6zjg7zjg4jjgrfjg6vjg5Djg7wg44OB44Oj44Kz44O844Or44Kw44Oq44O844Oz77yeIExFROeQgzRXIOmbu+eQg+iJsiDluq0gz4Y4NiBMRUQg44Ko44KzIOevgOmbuyDnnIHjgqjjg40g5bGL5aSWIOeFp+aYjiDjgqjjgq/jgrnjg4bjg6rjgqIg44CQ44Ot44O844Oc44Or44OI44Op44Kk44OI77yIMTJW77yJ44CR[rn]
11-197596,aHR0cDovL3RzaG9wLnIxMHMuanAveWFtYXl1dS9jYWJpbmV0LzAxMTA4MTkxLzAzNzg1NDg3L2hiYy1kMjhfMDEuanBnP2ZpdGluPTcwMDo3MDA=,MTc5NzEuMjAwMA==,,6Iqx44O744Ks44O844OH44Oz44O7RElZID4g44Ko44Kv44K544OG44Oq44Ki44O744Ks44O844OH44Oz44OV44Kh44OL44OB44Oj44O8ID4g44Op44Kk44OI44O744Kk44Or44Of44ON44O844K344On44OzID4g44Ks44O844OH44Oz44Op44Kk44OIIOODu+eBr+evrQ==,44K/44Kr44K344On44O844CA44Ks44O844OH44Oz44Op44Kk44OI44CA44CM44Ko44Kv44K544Os44OD44K6IOODneODvOODq+ODqeOCpOODiCAxMOWeiyDjgqzjg7zjg4njgI0g77yc44K544Os44O844OI44K344Or44OQ44O8IOODgeODo+OCs+ODvOODq+OCsOODquODvOODs++8niBMRUTnkIM0VyDpm7vnkIPoibIg5bqtIM+GODYgTEVEIOOCqOOCsyDnr4Dpm7sg55yB44Ko44ONIOWxi+WkliDnhafmmI4g44Ko44Kv44K544OG44Oq44KiIOOAkOODreODvOODnOODq+ODiOODqeOCpOODiO+8iDEyVu+8ieOAkQ==,,PGZvbnQgY29sb3I9IiNmZjAwMDAiPuKAu+ODreODvOODnOODq+ODiOODqeOCpOODiOOCkuS9v+eUqOOBmeOCi+mam+OBr+OAgeODiOODqeODs+OCueODu+OCs+ODvOODieODu+ODieODqeOCpOOCs+ODvOODs+OBquOBqeOBruODqeOCpOODhuOCo+ODs+OCsOOCouOCr+OCu+OCteODquODvOOBjOW/heimgeOBqOOBquOCiuOBvuOBmeOAgjwvZm9udD48YnI+PGJyPgoK44CM44Ko44Kv44K544Os44OD44K6IOODneODvOODq+ODqeOCpOODiCAxMOWeiyDjgqzjg7zjg4njgI08YnI+PGJyPgoKW+ijveWTgeOBruips+e0sF08YnI+CuKWoOacrOS9k+OCteOCpOOCuu+8mijntIQpIM+GODbDl+mrmOOBlTM1MG1tPGJyPgrilqDjg53jg7zjg6vlvoTvvJoo57SEKSDPhjgwbW08YnI+CuKWoOmHjeOBle+8mijntIQpIDEuMWtnPGJyPgrilqDmnZDos6rvvJrjg53jg6rjgqvjg7zjg5zjg43jg7zjg4gv44Ki44Or44OfPGJyPgrilqDjgrPjg7zjg4nplbfvvJoo57SEKSAybTxicj4K4pag5pys5L2T6Imy77ya44K544Os44O844OI44K344Or44OQ44O8L+ODgeODo+OCs+ODvOODq+OCsOODquODvOODszxicj4K4pag5YWl5pWw77yaMeacrDxicj4K4pag5YKZ6ICD77ya5Zu65a6a55So44OR44Kk44OXMeacrOS7mDxicj4K44O7TEVE5Lqk5o+b5Y+vPGJyPjxicj4KClvphY3pgIHjg7vpgIHmlpldPGJyPgril4vpgIHmlpnnhKHmlpk8YnI+PGJyPgoKW+azqOaEj+eCuV08YnI+CuKAu+OBlOazqOaWh+W+jOOBq+ODoeODvOOCq+ODvOOBuOOBruWcqOW6q+eiuuiqjeOBqOOBquOCiuOBvuOBmeOAgjxicj4K4oC75YyX5rW36YGT44O75rKW57iE44O744Gd44Gu5LuW6Zui5bO244G444Gv44CB5Yil6YCU6YWN6YCB5paZ44GM44GL44GL44KK44G+44GZ44CCPGJyPgrigLvoo73lk4HjgoTjg6njgqTjg4bjgqPjg7PjgrDjgqLjgq/jgrvjgrXjg6rjg7zjgavplqLjgZnjgovoqbPntLDjgIHms6jmhI/ngrnnrYnjga/jgIHlvZPlupfjga5QQ+eUqOODmuODvOOCuOOAgeOBvuOBn+OBr+ODoeODvOOCq+ODvOOBrkhQ44KE44Kr44K/44Ot44Kw44Gq44Gp44Gn44GU56K66KqN5LiL44GV44GE44CCPGJyPgrigLvjgZTkvb/nlKjliY3jgavjga/lj5bmibHoqqzmmI7mm7jjgpLjgojjgY/jgYroqq3jgb/jgavjgarjgorjgIHmraPjgZfjgY/jgZTkvb/nlKjkuIvjgZXjgYTjgII8YnI+,44K/44Kr44K344On44O844CA44Ks44O844OH44Oz44Op44Kk44OI44CA44CM44Ko44Kv44K544Os44OD44K6IOODneODvOODq+ODqeOCpOODiCAxMOWeiyDjgqzjg7zjg4njgI0g77yc44K544Os44O844OI44K344Or44OQ44O8IOODgeODo+OCs+ODvOODq+OCsOODquODvOODs++8niBMRUTnkIM0VyDpm7vnkIPoibIg5bqtIM+GODYgTEVEIOOCqOOCsyDnr4Dpm7sg55yB44Ko44ONIOWxi+WkliDnhafmmI4g44Ko44Kv44K544OG44Oq44KiIOOAkOODreODvOODnOODq+ODiOODqeOCpOODiO+8iDEyVu+8ieOAke+8muODm+ODvOODoOOCu+ODs+OCv+ODvCDjg6Tjg57jg6bjgqY=,6YCa5L+h6LKp5aOy6YCa6LKp44K344On44OD44OU44Oz44Kw44Kq44Oz44Op44Kk44Oz44K344On44OD44OU44Oz44Kw6LK344GE54mp44OX44Os44K844Oz44OI44Ku44OV44OI6LSI44KK54mp6LSI562U5ZOB44GK5Lit5YWD44GK5q2z5pqu44GK6LK344GE5b6X6Ziy6Z+z6Z2Z5bqK44Op44Kk44OI54+q6Je75Zyf44OQ44K544Oe44OD44OI6Laz5b+r44OQ44K544Oe44OD44OI5bu656+J6LOH5p2Q5pat54ax5p2Q44OQ44K544Kw44OD44K66aKo5ZGC44G144Gf44GK6aKo5ZGC44G144Gf44K944Kk44Or44K944O844Op44O844Op44Kk44OI5pel44KI44GR44Kk44Or44Of44ON44O844K344On44Oz44Ks44O844OH44Oz44OV44Kh44OL44OB44Oj44O844Ks44O844OH44Oz44Op44Kk44OI44K/44Kr44K344On44O86Ziy6Z+z44K344O844OI6Ziy6Z+z44Oe44OD44OI44Kw44Op44K544Km44O844Or44Ot44OD44Kv44Km44O844Or44K/44Kr44K344On44O844CA44Ks44O844OH44Oz44Op44Kk44OI44CA44CM44Ko44Kv44K544Os44OD44K6IOODneODvOODq+ODqeOCpOODiCAxMOWeiyDjgqzjg7zjg4njgI0g77yc44K544Os44O844OI44K344Or44OQ44O8IOODgeODo+OCs+ODvOODq+OCsOODquODvOODs++8niBMRUTnkIM0VyDpm7vnkIPoibIg5bqtIM+GODYgTEVEIOOCqOOCsyDnr4Dpm7sg55yB44Ko44ONIOWxi+WkliDnhafmmI4g44Ko44Kv44K544OG44Oq44KiIOOAkOODreODvOODnOODq+ODiOODqeOCpOODiO+8iDEyVu+8ieOAkQ==,44CQ6YCB5paZ54Sh5paZ44CR44CC44K/44Kr44K344On44O844CA44Ks44O844OH44Oz44Op44Kk44OI44CA44CM44Ko44Kv44K544Os44OD44K6IOODneODvOODq+ODqeOCpOODiCAxMOWeiyDjgqzjg7zjg4njgI0g77yc44K544Os44O844OI44K344Or44OQ44O8IOODgeODo+OCs+ODvOODq+OCsOODquODvOODs++8niBMRUTnkIM0VyDpm7vnkIPoibIg5bqtIM+GODYgTEVEIOOCqOOCsyDnr4Dpm7sg55yB44Ko44ONIOWxi+WkliDnhafmmI4g44Ko44Kv44K544OG44Oq44KiIOOAkOODreODvOODnOODq+ODiOODqeOCpOODiO+8iDEyVu+8ieOAkQ==[rn]
11-197597,aHR0cDovL3RzaG9wLnIxMHMuanAveWFtYXl1dS9jYWJpbmV0LzAxMTA4MTkxLzAzNzg1NDg3L2hiYy1kMjlfMDEuanBnP2ZpdGluPTcwMDo3MDA=,MjIxMTguNDAwMA==,,6Iqx44O744Ks44O844OH44Oz44O7RElZID4g44Ko44Kv44K544OG44Oq44Ki44O744Ks44O844OH44Oz44OV44Kh44OL44OB44Oj44O8ID4g44Op44Kk44OI44O744Kk44Or44Of44ON44O844K344On44OzID4g44Ks44O844OH44Oz44Op44Kk44OIIOODu+eBr+evrQ==,44K/44Kr44K344On44O844CA44Ks44O844OH44Oz44Op44Kk44OI44CA44CM44Ko44Kv44K544Os44OD44K6IOODneODvOODq+ODqeOCpOODiCAxM+WeiyDjgqzjg7zjg4njgI0g77yc44K544Os44O844OI44K344Or44OQ44O8IOODgeODo+OCs+ODvOODq+OCsOODquODvOODs++8niBMRUTnkIM2VyDpm7vnkIPoibIg5bqtIM+GMTEwIExFRCDjgqjjgrMg56+A6Zu7IOecgeOCqOODjSDlsYvlpJYg54Wn5piOIOOCqOOCr+OCueODhuODquOCoiDjgJDjg63jg7zjg5zjg6vjg4jjg6njgqTjg4jvvIgxMlbvvInjgJE=,,PGZvbnQgY29sb3I9IiNmZjAwMDAiPuKAu+ODreODvOODnOODq+ODiOODqeOCpOODiOOCkuS9v+eUqOOBmeOCi+mam+OBr+OAgeODiOODqeODs+OCueODu+OCs+ODvOODieODu+ODieODqeOCpOOCs+ODvOODs+OBquOBqeOBruODqeOCpOODhuOCo+ODs+OCsOOCouOCr+OCu+OCteODquODvOOBjOW/heimgeOBqOOBquOCiuOBvuOBmeOAgjwvZm9udD48YnI+PGJyPgoK44CM44Ko44Kv44K544Os44OD44K6IOODneODvOODq+ODqeOCpOODiCAxM+WeiyDjgqzjg7zjg4njgI08YnI+PGJyPgoKW+ijveWTgeOBruips+e0sF08YnI+CuKWoOacrOS9k+OCteOCpOOCuu+8mijntIQpIM+GMTEww5fpq5jjgZU3MDBtbTxicj4K4pag44Od44O844Or5b6E77yaKOe0hCkgz4YxMDVtbTxicj4K4pag6YeN44GV77yaKOe0hCkgMi4ya2c8YnI+CuKWoOadkOizqu+8muODneODquOCq+ODvOODnOODjeODvOODiC/jgqLjg6vjg588YnI+CuKWoOOCs+ODvOODiemVt++8mijntIQpIDJtPGJyPgrilqDmnKzkvZPoibLvvJrjgrnjg6zjg7zjg4jjgrfjg6vjg5Djg7wv44OB44Oj44Kz44O844Or44Kw44Oq44O844OzPGJyPgrilqDlhaXmlbDvvJox5pysPGJyPgrilqDlgpnogIPvvJrlm7rlrprnlKjjg5HjgqTjg5cx5pys5LuYPGJyPgrjg7tMRUTkuqTmj5vlj688YnI+PGJyPgoKW+mFjemAgeODu+mAgeaWmV08YnI+CuKXi+mAgeaWmeeEoeaWmTxicj48YnI+Cgpb5rOo5oSP54K5XTxicj4K4oC744GU5rOo5paH5b6M44Gr44Oh44O844Kr44O844G444Gu5Zyo5bqr56K66KqN44Go44Gq44KK44G+44GZ44CCPGJyPgrigLvljJfmtbfpgZPjg7vmspbnuITjg7vjgZ3jga7ku5bpm6Lls7bjgbjjga/jgIHliKXpgJTphY3pgIHmlpnjgYzjgYvjgYvjgorjgb7jgZnjgII8YnI+CuKAu+ijveWTgeOChOODqeOCpOODhuOCo+ODs+OCsOOCouOCr+OCu+OCteODquODvOOBq+mWouOBmeOCi+ips+e0sOOAgeazqOaEj+eCueetieOBr+OAgeW9k+W6l+OBrlBD55So44Oa44O844K444CB44G+44Gf44Gv44Oh44O844Kr44O844GuSFDjgoTjgqvjgr/jg63jgrDjgarjganjgafjgZTnorroqo3kuIvjgZXjgYTjgII8YnI+CuKAu+OBlOS9v+eUqOWJjeOBq+OBr+WPluaJseiqrOaYjuabuOOCkuOCiOOBj+OBiuiqreOBv+OBq+OBquOCiuOAgeato+OBl+OBj+OBlOS9v+eUqOS4i+OBleOBhOOAgjxicj4=,44K/44Kr44K344On44O844CA44Ks44O844OH44Oz44Op44Kk44OI44CA44CM44Ko44Kv44K544Os44OD44K6IOODneODvOODq+ODqeOCpOODiCAxM+WeiyDjgqzjg7zjg4njgI0g77yc44K544Os44O844OI44K344Or44OQ44O8IOODgeODo+OCs+ODvOODq+OCsOODquODvOODs++8niBMRUTnkIM2VyDpm7vnkIPoibIg5bqtIM+GMTEwIExFRCDjgqjjgrMg56+A6Zu7IOecgeOCqOODjSDlsYvlpJYg54Wn5piOIOOCqOOCr+OCueODhuODquOCoiDjgJDjg63jg7zjg5zjg6vjg4jjg6njgqTjg4jvvIgxMlbvvInjgJHvvJrjg5vjg7zjg6Djgrvjg7Pjgr/jg7wg44Ok44Oe44Om44Km,6YCa5L+h6LKp5aOy6YCa6LKp44K344On44OD44OU44Oz44Kw44Kq44Oz44Op44Kk44Oz44K344On44OD44OU44Oz44Kw6LK344GE54mp44OX44Os44K844Oz44OI44Ku44OV44OI6LSI44KK54mp6LSI562U5ZOB44GK5Lit5YWD44GK5q2z5pqu44GK6LK344GE5b6X6Ziy6Z+z6Z2Z5bqK44Op44Kk44OI54+q6Je75Zyf44OQ44K544Oe44OD44OI6Laz5b+r44OQ44K544Oe44OD44OI5bu656+J6LOH5p2Q5pat54ax5p2Q44OQ44K544Kw44OD44K66aKo5ZGC44G144Gf44GK6aKo5ZGC44G144Gf44K944Kk44Or44K944O844Op44O844Op44Kk44OI5pel44KI44GR44Kk44Or44Of44ON44O844K344On44Oz44Ks44O844OH44Oz44OV44Kh44OL44OB44Oj44O844Ks44O844OH44Oz44Op44Kk44OI44K/44Kr44K344On44O86Ziy6Z+z44K344O844OI6Ziy6Z+z44Oe44OD44OI44Kw44Op44K544Km44O844Or44Ot44OD44Kv44Km44O844Or44K/44Kr44K344On44O844CA44Ks44O844OH44Oz44Op44Kk44OI44CA44CM44Ko44Kv44K544Os44OD44K6IOODneODvOODq+ODqeOCpOODiCAxM+WeiyDjgqzjg7zjg4njgI0g77yc44K544Os44O844OI44K344Or44OQ44O8IOODgeODo+OCs+ODvOODq+OCsOODquODvOODs++8niBMRUTnkIM2VyDpm7vnkIPoibIg5bqtIM+GMTEwIExFRCDjgqjjgrMg56+A6Zu7IOecgeOCqOODjSDlsYvlpJYg54Wn5piOIOOCqOOCr+OCueODhuODquOCoiDjgJDjg63jg7zjg5zjg6vjg4jjg6njgqTjg4jvvIgxMlbvvInjgJE=,44CQ6YCB5paZ54Sh5paZ44CR44CC44K/44Kr44K344On44O844CA44Ks44O844OH44Oz44Op44Kk44OI44CA44CM44Ko44Kv44K544Os44OD44K6IOODneODvOODq+ODqeOCpOODiCAxM+WeiyDjgqzjg7zjg4njgI0g77yc44K544Os44O844OI44K344Or44OQ44O8IOODgeODo+OCs+ODvOODq+OCsOODquODvOODs++8niBMRUTnkIM2VyDpm7vnkIPoibIg5bqtIM+GMTEwIExFRCDjgqjjgrMg56+A6Zu7IOecgeOCqOODjSDlsYvlpJYg54Wn5piOIOOCqOOCr+OCueODhuODquOCoiDjgJDjg63jg7zjg5zjg6vjg4jjg6njgqTjg4jvvIgxMlbvvInjgJE=[rn]
11-197598,aHR0cDovL3RzaG9wLnIxMHMuanAveWFtYXl1dS9jYWJpbmV0LzAxMTA4MTkxLzAzNzg1NDg3L2hiYy1kMzBfMDEuanBnP2ZpdGluPTcwMDo3MDA=,MjA3MzYuMDAwMA==,,6Iqx44O744Ks44O844OH44Oz44O7RElZID4g44Ko44Kv44K544OG44Oq44Ki44O744Ks44O844OH44Oz44OV44Kh44OL44OB44Oj44O8ID4g44Op44Kk44OI44O744Kk44Or44Of44ON44O844K344On44OzID4g44Ks44O844OH44Oz44Op44Kk44OIIOODu+eBr+evrQ==,44K/44Kr44K344On44O844CA44Ks44O844OH44Oz44Op44Kk44OI44CA44CM44Ko44Kv44K544Os44OD44K6IOODneODvOODq+ODqeOCpOODiCAxNOWeiyDjgqzjg7zjg4njgI0g77yc44K544Os44O844OI44K344Or44OQ44O8IOODgeODo+OCs+ODvOODq+OCsOODquODvOODs++8niBMRUTnkIM2VyDpm7vnkIPoibIg5bqtIM+GMTEwIExFRCDjgqjjgrMg56+A6Zu7IOecgeOCqOODjSDlsYvlpJYg54Wn5piOIOOCqOOCr+OCueODhuODquOCoiDjgJDjg63jg7zjg5zjg6vjg4jjg6njgqTjg4jvvIgxMlbvvInjgJE=,,PGZvbnQgY29sb3I9IiNmZjAwMDAiPuKAu+ODreODvOODnOODq+ODiOODqeOCpOODiOOCkuS9v+eUqOOBmeOCi+mam+OBr+OAgeODiOODqeODs+OCueODu+OCs+ODvOODieODu+ODieODqeOCpOOCs+ODvOODs+OBquOBqeOBruODqeOCpOODhuOCo+ODs+OCsOOCouOCr+OCu+OCteODquODvOOBjOW/heimgeOBqOOBquOCiuOBvuOBmeOAgjwvZm9udD48YnI+PGJyPgoK44CM44Ko44Kv44K544Os44OD44K6IOODneODvOODq+ODqeOCpOODiCAxNOWeiyDjgqzjg7zjg4njgI08YnI+PGJyPgoKW+ijveWTgeOBruips+e0sF08YnI+CuKWoOacrOS9k+OCteOCpOOCuu+8mijntIQpIM+GMTEww5fpq5jjgZUzNTBtbTxicj4K4pag44Od44O844Or5b6E77yaKOe0hCkgz4YxMDVtbTxicj4K4pag6YeN44GV77yaKOe0hCkgMS42a2c8YnI+CuKWoOadkOizqu+8muODneODquOCq+ODvOODnOODjeODvOODiC/jgqLjg6vjg588YnI+CuKWoOOCs+ODvOODiemVt++8mijntIQpIDJtPGJyPgrilqDmnKzkvZPoibLvvJrjgrnjg6zjg7zjg4jjgrfjg6vjg5Djg7wv44OB44Oj44Kz44O844Or44Kw44Oq44O844OzPGJyPgrilqDlhaXmlbDvvJox5pysPGJyPgrilqDlgpnogIPvvJrlm7rlrprnlKjjg5HjgqTjg5cx5pys5LuYPGJyPgrjg7tMRUTkuqTmj5vlj688YnI+PGJyPgoKW+mFjemAgeODu+mAgeaWmV08YnI+CuKXi+mAgeaWmeeEoeaWmTxicj48YnI+Cgpb5rOo5oSP54K5XTxicj4K4oC744GU5rOo5paH5b6M44Gr44Oh44O844Kr44O844G444Gu5Zyo5bqr56K66KqN44Go44Gq44KK44G+44GZ44CCPGJyPgrigLvljJfmtbfpgZPjg7vmspbnuITjg7vjgZ3jga7ku5bpm6Lls7bjgbjjga/jgIHliKXpgJTphY3pgIHmlpnjgYzjgYvjgYvjgorjgb7jgZnjgII8YnI+CuKAu+ijveWTgeOChOODqeOCpOODhuOCo+ODs+OCsOOCouOCr+OCu+OCteODquODvOOBq+mWouOBmeOCi+ips+e0sOOAgeazqOaEj+eCueetieOBr+OAgeW9k+W6l+OBrlBD55So44Oa44O844K444CB44G+44Gf44Gv44Oh44O844Kr44O844GuSFDjgoTjgqvjgr/jg63jgrDjgarjganjgafjgZTnorroqo3kuIvjgZXjgYTjgII8YnI+CuKAu+OBlOS9v+eUqOWJjeOBq+OBr+WPluaJseiqrOaYjuabuOOCkuOCiOOBj+OBiuiqreOBv+OBq+OBquOCiuOAgeato+OBl+OBj+OBlOS9v+eUqOS4i+OBleOBhOOAgjxicj4=,44K/44Kr44K344On44O844CA44Ks44O844OH44Oz44Op44Kk44OI44CA44CM44Ko44Kv44K544Os44OD44K6IOODneODvOODq+ODqeOCpOODiCAxNOWeiyDjgqzjg7zjg4njgI0g77yc44K544Os44O844OI44K344Or44OQ44O8IOODgeODo+OCs+ODvOODq+OCsOODquODvOODs++8niBMRUTnkIM2VyDpm7vnkIPoibIg5bqtIM+GMTEwIExFRCDjgqjjgrMg56+A6Zu7IOecgeOCqOODjSDlsYvlpJYg54Wn5piOIOOCqOOCr+OCueODhuODquOCoiDjgJDjg63jg7zjg5zjg6vjg4jjg6njgqTjg4jvvIgxMlbvvInjgJHvvJrjg5vjg7zjg6Djgrvjg7Pjgr/jg7wg44Ok44Oe44Om44Km,6YCa5L+h6LKp5aOy6YCa6LKp44K344On44OD44OU44Oz44Kw44Kq44Oz44Op44Kk44Oz44K344On44OD44OU44Oz44Kw6LK344GE54mp44OX44Os44K844Oz44OI44Ku44OV44OI6LSI44KK54mp6LSI562U5ZOB44GK5Lit5YWD44GK5q2z5pqu44GK6LK344GE5b6X6Ziy6Z+z6Z2Z5bqK44Op44Kk44OI54+q6Je75Zyf44OQ44K544Oe44OD44OI6Laz5b+r44OQ44K544Oe44OD44OI5bu656+J6LOH5p2Q5pat54ax5p2Q44OQ44K544Kw44OD44K66aKo5ZGC44G144Gf44GK6aKo5ZGC44G144Gf44K944Kk44Or44K944O844Op44O844Op44Kk44OI5pel44KI44GR44Kk44Or44Of44ON44O844K344On44Oz44Ks44O844OH44Oz44OV44Kh44OL44OB44Oj44O844Ks44O844OH44Oz44Op44Kk44OI44K/44Kr44K344On44O86Ziy6Z+z44K344O844OI6Ziy6Z+z44Oe44OD44OI44Kw44Op44K544Km44O844Or44Ot44OD44Kv44Km44O844Or44K/44Kr44K344On44O844CA44Ks44O844OH44Oz44Op44Kk44OI44CA44CM44Ko44Kv44K544Os44OD44K6IOODneODvOODq+ODqeOCpOODiCAxNOWeiyDjgqzjg7zjg4njgI0g77yc44K544Os44O844OI44K344Or44OQ44O8IOODgeODo+OCs+ODvOODq+OCsOODquODvOODs++8niBMRUTnkIM2VyDpm7vnkIPoibIg5bqtIM+GMTEwIExFRCDjgqjjgrMg56+A6Zu7IOecgeOCqOODjSDlsYvlpJYg54Wn5piOIOOCqOOCr+OCueODhuODquOCoiDjgJDjg63jg7zjg5zjg6vjg4jjg6njgqTjg4jvvIgxMlbvvInjgJE=,44CQ6YCB5paZ54Sh5paZ44CR44CC44K/44Kr44K344On44O844CA44Ks44O844OH44Oz44Op44Kk44OI44CA44CM44Ko44Kv44K544Os44OD44K6IOODneODvOODq+ODqeOCpOODiCAxNOWeiyDjgqzjg7zjg4njgI0g77yc44K544Os44O844OI44K344Or44OQ44O8IOODgeODo+OCs+ODvOODq+OCsOODquODvOODs++8niBMRUTnkIM2VyDpm7vnkIPoibIg5bqtIM+GMTEwIExFRCDjgqjjgrMg56+A6Zu7IOecgeOCqOODjSDlsYvlpJYg54Wn5piOIOOCqOOCr+OCueODhuODquOCoiDjgJDjg63jg7zjg5zjg6vjg4jjg6njgqTjg4jvvIgxMlbvvInjgJE=[rn]
11-197599,aHR0cDovL3RzaG9wLnIxMHMuanAveWFtYXl1dS9jYWJpbmV0LzAxMTA4MTkxLzAzNzg1NDg3L2hiYy1kMzFfMDEuanBnP2ZpdGluPTcwMDo3MDA=,MjA3MzYuMDAwMA==,,6Iqx44O744Ks44O844OH44Oz44O7RElZID4g44Ko44Kv44K544OG44Oq44Ki44O744Ks44O844OH44Oz44OV44Kh44OL44OB44Oj44O8ID4g44Op44Kk44OI44O744Kk44Or44Of44ON44O844K344On44OzID4g44Ks44O844OH44Oz44Op44Kk44OIIOODu+eBr+evrQ==,44K/44Kr44K344On44O844CA44Ks44O844OH44Oz44Op44Kk44OI44CA44CM44Ko44Kv44K544Os44OD44K6IOODneODvOODq+ODqeOCpOODiCAxMeWeiyDjg6vjg7zjg5Djg7zjgI0g77yc44K544Os44O844OI44K344Or44OQ44O8IOODgeODo+OCs+ODvOODq+OCsOODquODvOODs++8niBMRUTnkIM0VyDpm7vnkIPoibIg5bqtIM+GODYgTEVEIOOCqOOCsyDnr4Dpm7sg55yB44Ko44ONIOWxi+WkliDnhafmmI4g44Ko44Kv44K544OG44Oq44KiIOOAkOODreODvOODnOODq+ODiOODqeOCpOODiO+8iDEyVu+8ieOAkQ==,,PGZvbnQgY29sb3I9IiNmZjAwMDAiPuKAu+ODreODvOODnOODq+ODiOODqeOCpOODiOOCkuS9v+eUqOOBmeOCi+mam+OBr+OAgeODiOODqeODs+OCueODu+OCs+ODvOODieODu+ODieODqeOCpOOCs+ODvOODs+OBquOBqeOBruODqeOCpOODhuOCo+ODs+OCsOOCouOCr+OCu+OCteODquODvOOBjOW/heimgeOBqOOBquOCiuOBvuOBmeOAgjwvZm9udD48YnI+PGJyPgoK44CM44Ko44Kv44K544Os44OD44K6IOODneODvOODq+ODqeOCpOODiCAxMeWeiyDjg6vjg7zjg5Djg7zjgI08YnI+PGJyPgoKW+ijveWTgeOBruips+e0sF08YnI+CuKWoOacrOS9k+OCteOCpOOCuu+8mijntIQpIM+GODbDl+mrmOOBlTcwMG1tPGJyPgrilqDjg53jg7zjg6vlvoTvvJoo57SEKSDPhjgwbW08YnI+CuKWoOmHjeOBle+8mijntIQpIDEuNmtnPGJyPgrilqDmnZDos6rvvJrjg53jg6rjgqvjg7zjg5zjg43jg7zjg4gv44Ki44Or44OfPGJyPgrilqDjgrPjg7zjg4nplbfvvJoo57SEKSAybTxicj4K4pag5pys5L2T6Imy77ya44K544Os44O844OI44K344Or44OQ44O8L+ODgeODo+OCs+ODvOODq+OCsOODquODvOODszxicj4K4pag5YWl5pWw77yaMeacrDxicj4K4pag5YKZ6ICD77ya5Zu65a6a55So44OR44Kk44OXMeacrOS7mDxicj4K44O7TEVE5Lqk5o+b5Y+vPGJyPjxicj4KClvphY3pgIHjg7vpgIHmlpldPGJyPgril4vpgIHmlpnnhKHmlpk8YnI+PGJyPgoKW+azqOaEj+eCuV08YnI+CuKAu+OBlOazqOaWh+W+jOOBq+ODoeODvOOCq+ODvOOBuOOBruWcqOW6q+eiuuiqjeOBqOOBquOCiuOBvuOBmeOAgjxicj4K4oC75YyX5rW36YGT44O75rKW57iE44O744Gd44Gu5LuW6Zui5bO244G444Gv44CB5Yil6YCU6YWN6YCB5paZ44GM44GL44GL44KK44G+44GZ44CCPGJyPgrigLvoo73lk4HjgoTjg6njgqTjg4bjgqPjg7PjgrDjgqLjgq/jgrvjgrXjg6rjg7zjgavplqLjgZnjgovoqbPntLDjgIHms6jmhI/ngrnnrYnjga/jgIHlvZPlupfjga5QQ+eUqOODmuODvOOCuOOAgeOBvuOBn+OBr+ODoeODvOOCq+ODvOOBrkhQ44KE44Kr44K/44Ot44Kw44Gq44Gp44Gn44GU56K66KqN5LiL44GV44GE44CCPGJyPgrigLvjgZTkvb/nlKjliY3jgavjga/lj5bmibHoqqzmmI7mm7jjgpLjgojjgY/jgYroqq3jgb/jgavjgarjgorjgIHmraPjgZfjgY/jgZTkvb/nlKjkuIvjgZXjgYTjgII8YnI+,44K/44Kr44K344On44O844CA44Ks44O844OH44Oz44Op44Kk44OI44CA44CM44Ko44Kv44K544Os44OD44K6IOODneODvOODq+ODqeOCpOODiCAxMeWeiyDjg6vjg7zjg5Djg7zjgI0g77yc44K544Os44O844OI44K344Or44OQ44O8IOODgeODo+OCs+ODvOODq+OCsOODquODvOODs++8niBMRUTnkIM0VyDpm7vnkIPoibIg5bqtIM+GODYgTEVEIOOCqOOCsyDnr4Dpm7sg55yB44Ko44ONIOWxi+WkliDnhafmmI4g44Ko44Kv44K544OG44Oq44KiIOOAkOODreODvOODnOODq+ODiOODqeOCpOODiO+8iDEyVu+8ieOAke+8muODm+ODvOODoOOCu+ODs+OCv+ODvCDjg6Tjg57jg6bjgqY=,6YCa5L+h6LKp5aOy6YCa6LKp44K344On44OD44OU44Oz44Kw44Kq44Oz44Op44Kk44Oz44K344On44OD44OU44Oz44Kw6LK344GE54mp44OX44Os44K844Oz44OI44Ku44OV44OI6LSI44KK54mp6LSI562U5ZOB44GK5Lit5YWD44GK5q2z5pqu44GK6LK344GE5b6X6Ziy6Z+z6Z2Z5bqK44Op44Kk44OI54+q6Je75Zyf44OQ44K544Oe44OD44OI6Laz5b+r44OQ44K544Oe44OD44OI5bu656+J6LOH5p2Q5pat54ax5p2Q44OQ44K544Kw44OD44K66aKo5ZGC44G144Gf44GK6aKo5ZGC44G144Gf44K944Kk44Or44K944O844Op44O844Op44Kk44OI5pel44KI44GR44Kk44Or44Of44ON44O844K344On44Oz44Ks44O844OH44Oz44OV44Kh44OL44OB44Oj44O844Ks44O844OH44Oz44Op44Kk44OI44K/44Kr44K344On44O86Ziy6Z+z44K344O844OI6Ziy6Z+z44Oe44OD44OI44Kw44Op44K544Km44O844Or44Ot44OD44Kv44Km44O844Or44K/44Kr44K344On44O844CA44Ks44O844OH44Oz44Op44Kk44OI44CA44CM44Ko44Kv44K544Os44OD44K6IOODneODvOODq+ODqeOCpOODiCAxMeWeiyDjg6vjg7zjg5Djg7zjgI0g77yc44K544Os44O844OI44K344Or44OQ44O8IOODgeODo+OCs+ODvOODq+OCsOODquODvOODs++8niBMRUTnkIM0VyDpm7vnkIPoibIg5bqtIM+GODYgTEVEIOOCqOOCsyDnr4Dpm7sg55yB44Ko44ONIOWxi+WkliDnhafmmI4g44Ko44Kv44K544OG44Oq44KiIOOAkOODreODvOODnOODq+ODiOODqeOCpOODiO+8iDEyVu+8ieOAkQ==,44CQ6YCB5paZ54Sh5paZ44CR44CC44K/44Kr44K344On44O844CA44Ks44O844OH44Oz44Op44Kk44OI44CA44CM44Ko44Kv44K544Os44OD44K6IOODneODvOODq+ODqeOCpOODiCAxMeWeiyDjg6vjg7zjg5Djg7zjgI0g77yc44K544Os44O844OI44K344Or44OQ44O8IOODgeODo+OCs+ODvOODq+OCsOODquODvOODs++8niBMRUTnkIM0VyDpm7vnkIPoibIg5bqtIM+GODYgTEVEIOOCqOOCsyDnr4Dpm7sg55yB44Ko44ONIOWxi+WkliDnhafmmI4g44Ko44Kv44K544OG44Oq44KiIOOAkOODreODvOODnOODq+ODiOODqeOCpOODiO+8iDEyVu+8ieOAkQ==[rn]
11-197600,aHR0cDovL3RzaG9wLnIxMHMuanAveWFtYXl1dS9jYWJpbmV0LzAxMTA4MTkxLzAzNzg1NDg3L2hiYy1kMzJfMDEuanBnP2ZpdGluPTcwMDo3MDA=,MTkzNTMuNjAwMA==,,6Iqx44O744Ks44O844OH44Oz44O7RElZID4g44Ko44Kv44K544OG44Oq44Ki44O744Ks44O844OH44Oz44OV44Kh44OL44OB44Oj44O8ID4g44Op44Kk44OI44O744Kk44Or44Of44ON44O844K344On44OzID4g44Ks44O844OH44Oz44Op44Kk44OIIOODu+eBr+evrQ==,44K/44Kr44K344On44O844CA44Ks44O844OH44Oz44Op44Kk44OI44CA44CM44Ko44Kv44K544Os44OD44K6IOODneODvOODq+ODqeOCpOODiCAxMuWeiyDjg6vjg7zjg5Djg7zjgI0g77yc44K544Os44O844OI44K344Or44OQ44O8IOODgeODo+OCs+ODvOODq+OCsOODquODvOODs++8niBMRUTnkIM0VyDpm7vnkIPoibIg5bqtIM+GODYgTEVEIOOCqOOCsyDnr4Dpm7sg55yB44Ko44ONIOWxi+WkliDnhafmmI4g44Ko44Kv44K544OG44Oq44KiIOOAkOODreODvOODnOODq+ODiOODqeOCpOODiO+8iDEyVu+8ieOAkQ==,,PGZvbnQgY29sb3I9IiNmZjAwMDAiPuKAu+ODreODvOODnOODq+ODiOODqeOCpOODiOOCkuS9v+eUqOOBmeOCi+mam+OBr+OAgeODiOODqeODs+OCueODu+OCs+ODvOODieODu+ODieODqeOCpOOCs+ODvOODs+OBquOBqeOBruODqeOCpOODhuOCo+ODs+OCsOOCouOCr+OCu+OCteODquODvOOBjOW/heimgeOBqOOBquOCiuOBvuOBmeOAgjwvZm9udD48YnI+PGJyPgoK44CM44Ko44Kv44K544Os44OD44K6IOODneODvOODq+ODqeOCpOODiCAxMuWeiyDjg6vjg7zjg5Djg7zjgI08YnI+PGJyPgoKW+ijveWTgeOBruips+e0sF08YnI+CuKWoOacrOS9k+OCteOCpOOCuu+8mijntIQpIM+GODbDl+mrmOOBlTM1MG1tPGJyPgrilqDjg53jg7zjg6vlvoTvvJoo57SEKSDPhjgwbW08YnI+CuKWoOmHjeOBle+8mijntIQpIDEuMWtnPGJyPgrilqDmnZDos6rvvJrjg53jg6rjgqvjg7zjg5zjg43jg7zjg4gv44Ki44Or44OfPGJyPgrilqDjgrPjg7zjg4nplbfvvJoo57SEKSAybTxicj4K4pag5pys5L2T6Imy77ya44K544Os44O844OI44K344Or44OQ44O8L+ODgeODo+OCs+ODvOODq+OCsOODquODvOODszxicj4K4pag5YWl5pWw77yaMeacrDxicj4K4pag5YKZ6ICD77ya5Zu65a6a55So44OR44Kk44OXMeacrOS7mDxicj4K44O7TEVE5Lqk5o+b5Y+vPGJyPjxicj4KClvphY3pgIHjg7vpgIHmlpldPGJyPgril4vpgIHmlpnnhKHmlpk8YnI+PGJyPgoKW+azqOaEj+eCuV08YnI+CuKAu+OBlOazqOaWh+W+jOOBq+ODoeODvOOCq+ODvOOBuOOBruWcqOW6q+eiuuiqjeOBqOOBquOCiuOBvuOBmeOAgjxicj4K4oC75YyX5rW36YGT44O75rKW57iE44O744Gd44Gu5LuW6Zui5bO244G444Gv44CB5Yil6YCU6YWN6YCB5paZ44GM44GL44GL44KK44G+44GZ44CCPGJyPgrigLvoo73lk4HjgoTjg6njgqTjg4bjgqPjg7PjgrDjgqLjgq/jgrvjgrXjg6rjg7zjgavplqLjgZnjgovoqbPntLDjgIHms6jmhI/ngrnnrYnjga/jgIHlvZPlupfjga5QQ+eUqOODmuODvOOCuOOAgeOBvuOBn+OBr+ODoeODvOOCq+ODvOOBrkhQ44KE44Kr44K/44Ot44Kw44Gq44Gp44Gn44GU56K66KqN5LiL44GV44GE44CCPGJyPgrigLvjgZTkvb/nlKjliY3jgavjga/lj5bmibHoqqzmmI7mm7jjgpLjgojjgY/jgYroqq3jgb/jgavjgarjgorjgIHmraPjgZfjgY/jgZTkvb/nlKjkuIvjgZXjgYTjgII8YnI+,44K/44Kr44K344On44O844CA44Ks44O844OH44Oz44Op44Kk44OI44CA44CM44Ko44Kv44K544Os44OD44K6IOODneODvOODq+ODqeOCpOODiCAxMuWeiyDjg6vjg7zjg5Djg7zjgI0g77yc44K544Os44O844OI44K344Or44OQ44O8IOODgeODo+OCs+ODvOODq+OCsOODquODvOODs++8niBMRUTnkIM0VyDpm7vnkIPoibIg5bqtIM+GODYgTEVEIOOCqOOCsyDnr4Dpm7sg55yB44Ko44ONIOWxi+WkliDnhafmmI4g44Ko44Kv44K544OG44Oq44KiIOOAkOODreODvOODnOODq+ODiOODqeOCpOODiO+8iDEyVu+8ieOAke+8muODm+ODvOODoOOCu+ODs+OCv+ODvCDjg6Tjg57jg6bjgqY=,6YCa5L+h6LKp5aOy6YCa6LKp44K344On44OD44OU44Oz44Kw44Kq44Oz44Op44Kk44Oz44K344On44OD44OU44Oz44Kw6LK344GE54mp44OX44Os44K844Oz44OI44Ku44OV44OI6LSI44KK54mp6LSI562U5ZOB44GK5Lit5YWD44GK5q2z5pqu44GK6LK344GE5b6X6Ziy6Z+z6Z2Z5bqK44Op44Kk44OI54+q6Je75Zyf44OQ44K544Oe44OD44OI6Laz5b+r44OQ44K544Oe44OD44OI5bu656+J6LOH5p2Q5pat54ax5p2Q44OQ44K544Kw44OD44K66aKo5ZGC44G144Gf44GK6aKo5ZGC44G144Gf44K944Kk44Or44K944O844Op44O844Op44Kk44OI5pel44KI44GR44Kk44Or44Of44ON44O844K344On44Oz44Ks44O844OH44Oz44OV44Kh44OL44OB44Oj44O844Ks44O844OH44Oz44Op44Kk44OI44K/44Kr44K344On44O86Ziy6Z+z44K344O844OI6Ziy6Z+z44Oe44OD44OI44Kw44Op44K544Km44O844Or44Ot44OD44Kv44Km44O844Or44K/44Kr44K344On44O844CA44Ks44O844OH44Oz44Op44Kk44OI44CA44CM44Ko44Kv44K544Os44OD44K6IOODneODvOODq+ODqeOCpOODiCAxMuWeiyDjg6vjg7zjg5Djg7zjgI0g77yc44K544Os44O844OI44K344Or44OQ44O8IOODgeODo+OCs+ODvOODq+OCsOODquODvOODs++8niBMRUTnkIM0VyDpm7vnkIPoibIg5bqtIM+GODYgTEVEIOOCqOOCsyDnr4Dpm7sg55yB44Ko44ONIOWxi+WkliDnhafmmI4g44Ko44Kv44K544OG44Oq44KiIOOAkOODreODvOODnOODq+ODiOODqeOCpOODiO+8iDEyVu+8ieOAkQ==,44CQ6YCB5paZ54Sh5paZ44CR44CC44K/44Kr44K344On44O844CA44Ks44O844OH44Oz44Op44Kk44OI44CA44CM44Ko44Kv44K544Os44OD44K6IOODneODvOODq+ODqeOCpOODiCAxMuWeiyDjg6vjg7zjg5Djg7zjgI0g77yc44K544Os44O844OI44K344Or44OQ44O8IOODgeODo+OCs+ODvOODq+OCsOODquODvOODs++8niBMRUTnkIM0VyDpm7vnkIPoibIg5bqtIM+GODYgTEVEIOOCqOOCsyDnr4Dpm7sg55yB44Ko44ONIOWxi+WkliDnhafmmI4g44Ko44Kv44K544OG44Oq44KiIOOAkOODreODvOODnOODq+ODiOODqeOCpOODiO+8iDEyVu+8ieOAkQ==[rn]
