11-22201,aHR0cDovL3RzaG9wLnIxMHMuanAvZW5jaGFudGVzaG9wL2NhYmluZXQvaGFuZG1hZGUwMy9obS0xMy04Mi03Y20tdG9wLmpwZz9maXRpbj03MDA6NzAw,MjI0LjAwMDA=,,5pel55So5ZOB6ZuR6LKo44O75paH5oi/5YW344O75omL6Iq4ID4g5omL6Iq444O744Kv44Op44OV44OI44O755Sf5ZywID4g44Gd44Gu5LuW,6Ieq56S+5bel5oi/5pyo6KO95YiH44KK5oqc44GN5paH5a2X77yI44Ki44Or44OV44Kh44OZ44OD44OI5aSn5paH5a2X77yJN2NtIOWOmuOBlee0hDZtbSAv5YiH44KK5paH5a2X5YiH5paH5a2X44OR44O844OE44Ot44O844Oe5a2X44OP44Oz44OJ44Oh44Kk44OJ44Kv44Op44OV44OIRElZ6KGo5pyt44ON44O844Og44OX44Os44O844OI55yL5p2/44Km44OD44OJ44Gy44Gu44GN44OS44OO44Kt44Km44Kn44Or44Kr44Og44Oc44O844OJ44Km44Ko44OH44Kj44Oz44Kw44Km44Kn44Or44Kr44Og44Oc44O844OJ44CQ44Kv44Ot44ON44KzRE3kvr/lr77lv5zjgJFbTeS+vyAxLzIwXQ==,,PGNlbnRlcj4KCjxpbWcgc3JjPSJodHRwOi8vaW1hZ2UucmFrdXRlbi5jby5qcC9lbmNoYW50ZXNob3AvY2FiaW5ldC9tYWlsYmluL21haWxhLW9rLmpwZyIgd2lkdGg9IjkwJSIgYm9yZGVyPSIwIj48L2NlbnRlcj4KPGhyPjxmb250IGNvbG9yPSJmZjAwMDAiPuKAu+OBlOizvOWFpeWJjeOBq+W/heOBmuOBiuiqreOBv+OBj+OBoOOBleOBhDwvZm9udD48YnI+Cu+8nu+8niDjg6Hjg7zjg6vkvr/jgavjgaTjgYTjgabjga/jgZPjgaHjgok8YnI+Cjxocj4KPGJyPjxicj4KCuOAkOOBlOizvOWFpeWJjeOBq+W/heOBmuOBiuiqreOBv+OBj+OBoOOBleOBhOOAkQogPGJyPiA8YnI+Cue0oOadkOOBr+WRs+OCj+OBhOOBruOBguOCi+OBsuOBruOBjeOCkuS9v+eUqOOBl+OBpuOBhOOBvuOBmeOAgjxicj4K5ZWG5ZOB44Gr44KI44Gj44Gm44Gv5aSa5bCR5YK344GM44GU44GW44GE44G+44GZ44CCPGJyPgrmnKjnm67jgIHoibLjga7mv4Pmt6Hjgarjganjga/jgbLjgajjgaTjgbLjgajjgaTpgZXjgYTjgYzjgZTjgZbjgYTjgb7jgZnjgII8YnI+CuazqOaWh+eiuuiqjeODoeODvOODq+mAgeS7mOW+jOOBruOCreODo+ODs+OCu+ODq+OBr+OBlOmBoOaFruOBj+OBoOOBleOBhOOAgjxicj4K44Gd44Gu5LuW44CB44GU5LiN5piO44Gq54K544GU6LOq5ZWP562J44Gv5LiL6KiY44G+44Gn44CB44GK5ZWP44GE5ZCI44KP44Gb44GP44Gg44GV44GE44CCPGJyPgrjgJDjgYrllY/jgYTlkIjjgo/jgZvlhYjvvJowNzQyLTMwLTQ0NjfjgJHkuojjgoHkuIroqJjlhoXlrrnjgpLjgZTkuobmib/jga7kuIrjgZTms6jmlofpoILjgZHjgb7jgZnjgojjgYbjgojjgo3jgZfjgY/jgYrpoZjjgYTjgYTjgZ/jgZfjgb7jgZnjgII8YnI+PGJyPgrjgJDllYblk4HoqqzmmI7jgJE8YnI+CuWIh+OCiuaKnOOBjeaWh+Wtl+OBruODkeODvOODhOOBp+OBmeOAguaJi+S9nOOCiuOAgeeJqeS9nOOCiuOBq+OBlOWIqeeUqOOBj+OBoOOBleOBhOOAguODreODvOODnuWtl+ihqOiomOOBruWQjeWJjeOCkuODl+ODrOODvOODiOOBq+iyvOOBo+OBpuihqOacreOBq+OBl+OBn+OCiuOAgeiLseWNmOiqnuOCkuiyvOOBo+OBpuOCquODquOCuOODiuODq+ODl+ODrOODvOODiOS9nOOCiuOBquOBqeOBq+OAgjxicj4K4pag5ZWG5ZOB5ZCNIOacqOijveWIh+OCiuaKnOOBjeaWh+Wtl+OAgOOCouODq+ODleOCoeODmeODg+ODiEHvvZ5a77yI5aSn5paH5a2X77yJPGJyPgrilqDjgrXjgqTjgroo57SEKSDpq5jjgZU3Y23vvJrmloflrZfntYTjgZfjgZ/loLTlkIjjga7jg5Djg6njg7PjgrnjgpLogIPmha7jgZfjgabjgIHjgqLjg6vjg5XjgqHjg5njg4Pjg4jjgavjgojjgaPjgablpJrlsJHnlbDjgarjgorjgb7jgZnjgII8YnI+CuWOmuOBle+8mjZtbTxicj4K4pag44OH44K244Kk44Oz44CA44K744Oq44OV44OV44Kp44Oz44OIL+ethuiomOS9k+ODleOCqeODs+ODiC/op5LmloflrZfjg5Xjgqnjg7Pjg4gv5Li45paH5a2X44OV44Kp44Oz44OIL+OCpOOCv+ODquODg+OCr+ODleOCqeODs+ODiC/jgrnjgr/jgqTjg6rjg4Pjgrfjg6Xjg5Xjgqnjg7Pjg4gv5omL5pu444GN6aKo44OV44Kp44Oz44OIPGJyPgrilqDntKDmnZAg5Zu955Sj44Gy44Gu44GNPGJyPgrilqDjgrvjg4Pjg4jlhoXlrrkg5YiH44KK5oqc44GN5paH5a2Xw5cxPGJyPgrilqDlgpnogIM8YnI+CuKAu+OBiuS9v+OBhOOBrlBD55Kw5aKD44Gr44KI44KK5a6f6Zqb44Gu44GK6Imy44Go55Ww44Gq44KL5aC05ZCI44GM44GU44GW44GE44G+44GZ44CCPGJyPuKAu+e0sOOBhOODkeODvOODhOOChOe0sOOBj+OBquOBo+OBpuOBhOOCi+euh+aJgOOBr+OAgeWJsuOCjOOChOOBmeOBhOOBn+OCgeOAgeWPluaJseOBhOOBq+OBlOazqOaEj+S4i+OBleOBhOOAgjxicj7jgYLjgonjgYvjgZjjgoHjgZTkuobmib/jgY/jgaDjgZXjgYTjgII8YnI+PGJyPgo8aW1nIHNyYz0iaHR0cDovL3d3dy5yYWt1dGVuLm5lLmpwL2dvbGQvZW5jaGFudGVzaG9wL2ltYWdlcy9mcmVlLXBhZ2Uva2lyaW51a2ktaW5mby1idW5uZXIuanBnIiB3aWR0aD0iMTAwJSI+,6Ieq56S+5bel5oi/5pyo6KO95YiH44KK5oqc44GN5paH5a2X77yI44Ki44Or44OV44Kh44OZ44OD44OI5aSn5paH5a2X77yJN2NtIOWOmuOBlee0hDZtbSAv5YiH44KK5paH5a2X5YiH5paH5a2X44OR44O844OE44Ot44O844Oe5a2X44OP44Oz44OJ44Oh44Kk44OJ44Kv44Op44OV44OIRElZ6KGo5pyt44ON44O844Og44OX44Os44O844OI55yL5p2/44Km44OD44OJ44Gy44Gu44GN44OS44OO44Kt44Km44Kn44Or44Kr44Og44Oc44O844OJ44Km44Ko44OH44Kj44Oz44Kw44Km44Kn44Or44Kr44Og44Oc44O844OJ44CQ44Kv44Ot44ON44KzRE3kvr/lr77lv5zjgJFbTeS+vyAxLzIwXe+8muOCouODs+OCt+ODo+ODs+ODhuODnuODvOOCseODg+ODiA==,6YCa5L+h6LKp5aOy6YCa6LKp44K344On44OD44OU44Oz44Kw44Kq44Oz44Op44Kk44Oz44K344On44OD44OU44Oz44Kw6LK344GE54mp44OX44Os44K844Oz44OI44Ku44OV44OI6LSI44KK54mp6LSI562U5ZOB44GK5Lit5YWD44GK5q2z5pqu44GK6LK344GE5b6X6J2244ON44Kv44K/44KkIOOCreODg+OCuuidtuODjeOCr+OCv+OCpCDotaTliIfjgormipzjgY3mloflrZfliIfjgormipzjgY0g44Kr44OD44K/44O844Km44Kn44Or44Kr44Og44Oc44O844OJIOaWh+Wtl+OCpuOCp+ODq+OCq+ODoOODnOODvOODiSDntKDmnZDmloflrZcg5Yqg5bel6ZuR6LKoIOOCruODleODiOWIh+OCiuaWh+WtlyDooajmnK3liIfjgormipzjgY0g5paH5a2XIOODleOCqeODs+ODiOiHquekvuW3peaIv+acqOijveWIh+OCiuaKnOOBjeaWh+Wtl++8iOOCouODq+ODleOCoeODmeODg+ODiOWkp+aWh+Wtl++8iTdjbSDljprjgZXntIQ2bW0gL+WIh+OCiuaWh+Wtl+WIh+aWh+Wtl+ODkeODvOODhOODreODvOODnuWtl+ODj+ODs+ODieODoeOCpOODieOCr+ODqeODleODiERJWeihqOacreODjeODvOODoOODl+ODrOODvOODiOeci+adv+OCpuODg+ODieOBsuOBruOBjeODkuODjuOCreOCpuOCp+ODq+OCq+ODoOODnOODvOODieOCpuOCqOODh+OCo+ODs+OCsOOCpuOCp+ODq+OCq+ODoOODnOODvOODieOAkOOCr+ODreODjeOCs0RN5L6/5a++5b+c44CRW03kvr8gMS8yMF0=,44Kq44Oq44K444OK44Or44ON44O844Og44OX44Os44O844OI44KE44OH44Kz44OR44O844K444Ol44Gr44CC44CC6Ieq56S+5bel5oi/5pyo6KO95YiH44KK5oqc44GN5paH5a2X77yI44Ki44Or44OV44Kh44OZ44OD44OI5aSn5paH5a2X77yJN2NtIOWOmuOBlee0hDZtbSAv5YiH44KK5paH5a2X5YiH5paH5a2X44OR44O844OE44Ot44O844Oe5a2X44OP44Oz44OJ44Oh44Kk44OJ44Kv44Op44OV44OIRElZ6KGo5pyt44ON44O844Og44OX44Os44O844OI55yL5p2/44Km44OD44OJ44Gy44Gu44GN44OS44OO44Kt44Km44Kn44Or44Kr44Og44Oc44O844OJ44Km44Ko44OH44Kj44Oz44Kw44Km44Kn44Or44Kr44Og44Oc44O844OJ44CQ44Kv44Ot44ON44KzRE3kvr/lr77lv5zjgJFbTeS+vyAxLzIwXQ==[rn]
11-22202,aHR0cDovL3RzaG9wLnIxMHMuanAvZW5jaGFudGVzaG9wL2NhYmluZXQvaGFuZG1hZGUwMy9obS0xNC01NS0yMGNtLmpwZz9maXRpbj03MDA6NzAw,MC44MDAw,,5pel55So5ZOB6ZuR6LKo44O75paH5oi/5YW344O75omL6Iq4ID4g5omL6Iq444O744Kv44Op44OV44OI44O755Sf5ZywID4g44Gd44Gu5LuW,6Ieq56S+5bel5oi/44Ki44Kv44Oq44Or6KO95YiH44KK5oqc44GN5paH5a2X77yI44Ki44Or44OV44Kh44OZ44OD44OI5aSn5paH5a2X77yJMjBjbSDljprjgZXntIQzbW0gL+WIh+OCiuaWh+Wtl+WIh+aWh+Wtl+ODkeODvOODhOODreODvOODnuWtl+ODj+ODs+ODieODoeOCpOODieOCr+ODqeODleODiERJWeihqOacreODjeODvOODoOODl+ODrOODvOODiOeci+adv+OCpuOCp+ODq+OCq+ODoOODnOODvOODieOCpuOCqOODh+OCo+ODs+OCsOOCpuOCp+ODq+OCq+ODoOODnOODvOODieOAkOOCr+ODreODjeOCs0RN5L6/5a++5b+c44CRW03kvr8gMS8zXQ==,,PGNlbnRlcj4KCjxpbWcgc3JjPSJodHRwOi8vaW1hZ2UucmFrdXRlbi5jby5qcC9lbmNoYW50ZXNob3AvY2FiaW5ldC9tYWlsYmluL21haWxhLW9rLmpwZyIgd2lkdGg9IjkwJSIgYm9yZGVyPSIwIj48L2NlbnRlcj4KPGhyPjxmb250IGNvbG9yPSJmZjAwMDAiPuKAu+OBlOizvOWFpeWJjeOBq+W/heOBmuOBiuiqreOBv+OBj+OBoOOBleOBhDwvZm9udD48YnI+Cu+8nu+8niDjg6Hjg7zjg6vkvr/jgavjgaTjgYTjgabjga/jgZPjgaHjgok8YnI+Cjxocj4KPGJyPjxicj4KCuOAkOOBlOizvOWFpeWJjeOBq+W/heOBmuOBiuiqreOBv+OBj+OBoOOBleOBhOOAkQogPGJyPiA8YnI+CuWVhuWTgeOBq+OCiOOBo+OBpuOBr+WkmuWwkeWCt+OBjOOBlOOBluOBhOOBvuOBmeOAgjxicj4K5rOo5paH56K66KqN44Oh44O844Or6YCB5LuY5b6M44Gu44Kt44Oj44Oz44K744Or44Gv44GU6YGg5oWu44GP44Gg44GV44GE44CCPGJyPgrjgZ3jga7ku5bjgIHjgZTkuI3mmI7jgarngrnjgZTos6rllY/nrYnjga/kuIvoqJjjgb7jgafjgIHjgYrllY/jgYTlkIjjgo/jgZvjgY/jgaDjgZXjgYTjgII8YnI+CuOAkOOBiuWVj+OBhOWQiOOCj+OBm+WFiO+8mjA3NDItMzAtNDQ2N+OAkeS6iOOCgeS4iuiomOWGheWuueOCkuOBlOS6huaJv+OBruS4iuOBlOazqOaWh+mgguOBkeOBvuOBmeOCiOOBhuOCiOOCjeOBl+OBj+OBiumhmOOBhOOBhOOBn+OBl+OBvuOBmeOAgjxicj48YnI+CuOAkOWVhuWTgeiqrOaYjuOAkTxicj4K5YiH44KK5oqc44GN5paH5a2X44Gu44OR44O844OE44Gn44GZ44CC5omL5L2c44KK44CB54mp5L2c44KK44Gr44GU5Yip55So44GP44Gg44GV44GE44CC44Ot44O844Oe5a2X6KGo6KiY44Gu5ZCN5YmN44KS44OX44Os44O844OI44Gr6LK844Gj44Gm6KGo5pyt44Gr44GX44Gf44KK44CB6Iux5Y2Y6Kqe44KS6LK844Gj44Gm44Kq44Oq44K444OK44Or44OX44Os44O844OI5L2c44KK44Gq44Gp44Gr44CCPGJyPgrilqDllYblk4HlkI0g44Ki44Kv44Oq44Or6KO95YiH44KK5oqc44GN5paH5a2X44CA44Ki44Or44OV44Kh44OZ44OD44OIQe+9nlrvvIjlpKfmloflrZfvvIk8YnI+CuKWoOOCteOCpOOCuijntIQpIOmrmOOBlTIwY23vvJrmloflrZfntYTjgZfjgZ/loLTlkIjjga7jg5Djg6njg7PjgrnjgpLogIPmha7jgZfjgabjgIHjgqLjg6vjg5XjgqHjg5njg4Pjg4jjgavjgojjgaPjgablpJrlsJHnlbDjgarjgorjgb7jgZnjgII8YnI+CuWOmuOBle+8mjNtbTxicj4K4pag44Kr44Op44O8PGJyPgrjg6zjg6Ljg7PjgqTjgqjjg63jg7wv44Kq44Os44Oz44K444Oe44OA44O8L+ODkOODvOODn+ODquOCquODsy/jg63jg7zjgrrjg5Tjg7Pjgq8v44OW44Or44O8L+ODnuODquODs+ODluODq+ODvC/jgqjjg6Hjg6njg6vjg4kv44OT44Oq44K444Oj44OzL+m7ku+8iOOBj+OCje+8iS/nmb3vvIjjgZfjgo3vvIkv6YCP5piOPGJyPgrilqDjg4fjgrbjgqTjg7PjgIDjgrvjg6rjg5Xjg5Xjgqnjg7Pjg4gv562G6KiY5L2T44OV44Kp44Oz44OIL+inkuaWh+Wtl+ODleOCqeODs+ODiC/kuLjmloflrZfjg5Xjgqnjg7Pjg4gv44Kk44K/44Oq44OD44Kv44OV44Kp44Oz44OIL+OCueOCv+OCpOODquODg+OCt+ODpeODleOCqeODs+ODiC/miYvmm7jjgY3poqjjg5Xjgqnjg7Pjg4g8YnI+CuKWoOe0oOadkCDjgqLjgq/jg6rjg6vmnb88YnI+CuKWoOOCu+ODg+ODiOWGheWuuSDliIfjgormipzjgY3mloflrZfDlzE8YnI+CuKWoOWCmeiAgzxicj4K4oC744GK5L2/44GE44GuUEPnkrDlooPjgavjgojjgorlrp/pmpvjga7jgYroibLjgajnlbDjgarjgovloLTlkIjjgYzjgZTjgZbjgYTjgb7jgZnjgII8YnI+4oC757Sw44GE44OR44O844OE44KE57Sw44GP44Gq44Gj44Gm44GE44KL566H5omA44Gv44CB5Ymy44KM44KE44GZ44GE44Gf44KB44CB5Y+W5omx44GE44Gr44GU5rOo5oSP5LiL44GV44GE44CCPGJyPuOBguOCieOBi+OBmOOCgeOBlOS6huaJv+OBj+OBoOOBleOBhOOAgjxicj48YnI+CjxpbWcgc3JjPSJodHRwOi8vd3d3LnJha3V0ZW4ubmUuanAvZ29sZC9lbmNoYW50ZXNob3AvaW1hZ2VzL2ZyZWUtcGFnZS9raXJpbnVraS1pbmZvLWJ1bm5lci5qcGciIHdpZHRoPSIxMDAlIj4=,6Ieq56S+5bel5oi/44Ki44Kv44Oq44Or6KO95YiH44KK5oqc44GN5paH5a2X77yI44Ki44Or44OV44Kh44OZ44OD44OI5aSn5paH5a2X77yJMjBjbSDljprjgZXntIQzbW0gL+WIh+OCiuaWh+Wtl+WIh+aWh+Wtl+ODkeODvOODhOODreODvOODnuWtl+ODj+ODs+ODieODoeOCpOODieOCr+ODqeODleODiERJWeihqOacreODjeODvOODoOODl+ODrOODvOODiOeci+adv+OCpuOCp+ODq+OCq+ODoOODnOODvOODieOCpuOCqOODh+OCo+ODs+OCsOOCpuOCp+ODq+OCq+ODoOODnOODvOODieOAkOOCr+ODreODjeOCs0RN5L6/5a++5b+c44CRW03kvr8gMS8zXe+8muOCouODs+OCt+ODo+ODs+ODhuODnuODvOOCseODg+ODiA==,6YCa5L+h6LKp5aOy6YCa6LKp44K344On44OD44OU44Oz44Kw44Kq44Oz44Op44Kk44Oz44K344On44OD44OU44Oz44Kw6LK344GE54mp44OX44Os44K844Oz44OI44Ku44OV44OI6LSI44KK54mp6LSI562U5ZOB44GK5Lit5YWD44GK5q2z5pqu44GK6LK344GE5b6X6J2244ON44Kv44K/44KkIOOCreODg+OCuuidtuODjeOCr+OCv+OCpCDotaTliIfjgormipzjgY3mloflrZfliIfjgormipzjgY0g44Kr44OD44K/44O844Km44Kn44Or44Kr44Og44Oc44O844OJIOaWh+Wtl+OCpuOCp+ODq+OCq+ODoOODnOODvOODiSDntKDmnZDmloflrZcg5Yqg5bel6ZuR6LKoIOOCruODleODiOWIh+OCiuaWh+WtlyDooajmnK3liIfjgormipzjgY0g5paH5a2XIOODleOCqeODs+ODiOiHquekvuW3peaIv+OCouOCr+ODquODq+ijveWIh+OCiuaKnOOBjeaWh+Wtl++8iOOCouODq+ODleOCoeODmeODg+ODiOWkp+aWh+Wtl++8iTIwY20g5Y6a44GV57SEM21tIC/liIfjgormloflrZfliIfmloflrZfjg5Hjg7zjg4Tjg63jg7zjg57lrZfjg4/jg7Pjg4njg6HjgqTjg4njgq/jg6njg5Xjg4hESVnooajmnK3jg43jg7zjg6Djg5fjg6zjg7zjg4jnnIvmnb/jgqbjgqfjg6vjgqvjg6Djg5zjg7zjg4njgqbjgqjjg4fjgqPjg7PjgrDjgqbjgqfjg6vjgqvjg6Djg5zjg7zjg4njgJDjgq/jg63jg43jgrNETeS+v+WvvuW/nOOAkVtN5L6/IDEvM10=,44Kq44Oq44K444OK44Or44ON44O844Og44OX44Os44O844OI44Gq44Gp44Gr44CC44CC6Ieq56S+5bel5oi/44Ki44Kv44Oq44Or6KO95YiH44KK5oqc44GN5paH5a2X77yI44Ki44Or44OV44Kh44OZ44OD44OI5aSn5paH5a2X77yJMjBjbSDljprjgZXntIQzbW0gL+WIh+OCiuaWh+Wtl+WIh+aWh+Wtl+ODkeODvOODhOODreODvOODnuWtl+ODj+ODs+ODieODoeOCpOODieOCr+ODqeODleODiERJWeihqOacreODjeODvOODoOODl+ODrOODvOODiOeci+adv+OCpuOCp+ODq+OCq+ODoOODnOODvOODieOCpuOCqOODh+OCo+ODs+OCsOOCpuOCp+ODq+OCq+ODoOODnOODvOODieOAkOOCr+ODreODjeOCs0RN5L6/5a++5b+c44CRW03kvr8gMS8zXQ==[rn]
11-22203,aHR0cDovL3RzaG9wLnIxMHMuanAvZW5jaGFudGVzaG9wL2NhYmluZXQvaGFuZG1hZGUwMy9obS0xMy04NS0zY20tdG9wLmpwZz9maXRpbj03MDA6NzAw,MTA0LjAwMDA=,,5pel55So5ZOB6ZuR6LKo44O75paH5oi/5YW344O75omL6Iq4ID4g5omL6Iq444O744Kv44Op44OV44OI44O755Sf5ZywID4g44Gd44Gu5LuW,6Ieq56S+5bel5oi/5pyo6KO95YiH44KK5oqc44GN5paH5a2X77yI44Oe44O844Kv44O76KiY5Y+377yJM2NtIOWOmuOBlee0hDZtbSAv5YiH44KK5paH5a2X5YiH5paH5a2X44OR44O844OE44Ot44O844Oe5a2X44OP44Oz44OJ44Oh44Kk44OJ44Kv44Op44OV44OIRElZ6KGo5pyt44ON44O844Og44OX44Os44O844OI55yL5p2/44Km44OD44OJ44Gy44Gu44GN44OS44OO44Kt44Km44Kn44Or44Kr44Og44Oc44O844OJ44Km44Ko44OH44Kj44Oz44Kw44Km44Kn44Or44Kr44Og44Oc44O844OJ44CQ44Kv44Ot44ON44KzRE3kvr/lr77lv5zjgJFbTeS+vyAxLzMwXQ==,,PGNlbnRlcj4KCjxpbWcgc3JjPSJodHRwOi8vaW1hZ2UucmFrdXRlbi5jby5qcC9lbmNoYW50ZXNob3AvY2FiaW5ldC9tYWlsYmluL21haWxhLW9rLmpwZyIgd2lkdGg9IjkwJSIgYm9yZGVyPSIwIj48L2NlbnRlcj4KPGhyPjxmb250IGNvbG9yPSJmZjAwMDAiPuKAu+OBlOizvOWFpeWJjeOBq+W/heOBmuOBiuiqreOBv+OBj+OBoOOBleOBhDwvZm9udD48YnI+Cu+8nu+8niDjg6Hjg7zjg6vkvr/jgavjgaTjgYTjgabjga/jgZPjgaHjgok8YnI+Cjxocj4KPGJyPjxicj4KCuOAkOOBlOizvOWFpeWJjeOBq+W/heOBmuOBiuiqreOBv+OBj+OBoOOBleOBhOOAkQogPGJyPiA8YnI+Cue0oOadkOOBr+WRs+OCj+OBhOOBruOBguOCi+OBsuOBruOBjeOCkuS9v+eUqOOBl+OBpuOBhOOBvuOBmeOAgjxicj4K5ZWG5ZOB44Gr44KI44Gj44Gm44Gv5aSa5bCR5YK344GM44GU44GW44GE44G+44GZ44CCPGJyPgrmnKjnm67jgIHoibLjga7mv4Pmt6Hjgarjganjga/jgbLjgajjgaTjgbLjgajjgaTpgZXjgYTjgYzjgZTjgZbjgYTjgb7jgZnjgII8YnI+CuazqOaWh+eiuuiqjeODoeODvOODq+mAgeS7mOW+jOOBruOCreODo+ODs+OCu+ODq+OBr+OBlOmBoOaFruOBj+OBoOOBleOBhOOAgjxicj4K44Gd44Gu5LuW44CB44GU5LiN5piO44Gq54K544GU6LOq5ZWP562J44Gv5LiL6KiY44G+44Gn44CB44GK5ZWP44GE5ZCI44KP44Gb44GP44Gg44GV44GE44CCPGJyPgrjgJDjgYrllY/jgYTlkIjjgo/jgZvlhYjvvJowNzQyLTMwLTQ0NjfjgJHkuojjgoHkuIroqJjlhoXlrrnjgpLjgZTkuobmib/jga7kuIrjgZTms6jmlofpoILjgZHjgb7jgZnjgojjgYbjgojjgo3jgZfjgY/jgYrpoZjjgYTjgYTjgZ/jgZfjgb7jgZnjgII8YnI+PGJyPgrjgJDllYblk4HoqqzmmI7jgJE8YnI+CuWIh+OCiuaKnOOBjeaWh+Wtl+OBruODkeODvOODhOOBp+OBmeOAguaJi+S9nOOCiuOAgeeJqeS9nOOCiuOBq+OBlOWIqeeUqOOBj+OBoOOBleOBhOOAguOCouODq+ODleOCoeODmeODg+ODiOOAgeaVsOWtl+OAgeiomOWPt+OAgeODnuODvOOCr+OCkue1hOOBv+WQiOOCj+OBm+OBpuOCquODquOCuOODiuODq+ODl+ODrOODvOODiOS9nOOCiuOBquOBqeOBq+OAgjxicj4K4pag5ZWG5ZOB5ZCNIOacqOijveWIh+OCiuaKnOOBjeaWh+Wtl++8iOODnuODvOOCr+ODu+iomOWPt++8iTxicj4K4pag44K144Kk44K6KOe0hCkg6auY44GVM2Nt77ya5aSn5paH5a2X44GuM2Nt44K/44Kk44OX44Gr5ZCI44KP44Gb44Gf44OQ44Op44Oz44K544Gn5L2c5oiQ44GX44Gm44GE44G+44GZ44CCPGJyPgrljprjgZXvvJo2bW08YnI+CuKWoOODh+OCtuOCpOODs+OAgOOCu+ODquODleODleOCqeODs+ODiC/nrYboqJjkvZPjg5Xjgqnjg7Pjg4gv6KeS5paH5a2X44OV44Kp44Oz44OIL+S4uOaWh+Wtl+ODleOCqeODs+ODiC/jgqTjgr/jg6rjg4Pjgq/jg5Xjgqnjg7Pjg4gv44K544K/44Kk44Oq44OD44K344Ol44OV44Kp44Oz44OIL+aJi+abuOOBjemiqOODleOCqeODs+ODiDxicj4K4pag57Sg5p2QIOWbveeUo+OBsuOBruOBjTxicj4K4pag44K744OD44OI5YaF5a65IOWIh+OCiuaKnOOBjeaWh+Wtl8OXMTxicj4K4pag5YKZ6ICDPGJyPgrigLvjgYrkvb/jgYTjga5QQ+eSsOWig+OBq+OCiOOCiuWun+mam+OBruOBiuiJsuOBqOeVsOOBquOCi+WgtOWQiOOBjOOBlOOBluOBhOOBvuOBmeOAgjxicj7igLvntLDjgYTjg5Hjg7zjg4TjgoTntLDjgY/jgarjgaPjgabjgYTjgovnrofmiYDjga/jgIHlibLjgozjgoTjgZnjgYTjgZ/jgoHjgIHlj5bmibHjgYTjgavjgZTms6jmhI/kuIvjgZXjgYTjgII8YnI+44GC44KJ44GL44GY44KB44GU5LqG5om/44GP44Gg44GV44GE44CCPGJyPjxicj4KPGltZyBzcmM9Imh0dHA6Ly93d3cucmFrdXRlbi5uZS5qcC9nb2xkL2VuY2hhbnRlc2hvcC9pbWFnZXMvZnJlZS1wYWdlL2tpcmludWtpLWluZm8tYnVubmVyLmpwZyIgd2lkdGg9IjEwMCUiPg==,6Ieq56S+5bel5oi/5pyo6KO95YiH44KK5oqc44GN5paH5a2X77yI44Oe44O844Kv44O76KiY5Y+377yJM2NtIOWOmuOBlee0hDZtbSAv5YiH44KK5paH5a2X5YiH5paH5a2X44OR44O844OE44Ot44O844Oe5a2X44OP44Oz44OJ44Oh44Kk44OJ44Kv44Op44OV44OIRElZ6KGo5pyt44ON44O844Og44OX44Os44O844OI55yL5p2/44Km44OD44OJ44Gy44Gu44GN44OS44OO44Kt44Km44Kn44Or44Kr44Og44Oc44O844OJ44Km44Ko44OH44Kj44Oz44Kw44Km44Kn44Or44Kr44Og44Oc44O844OJ44CQ44Kv44Ot44ON44KzRE3kvr/lr77lv5zjgJFbTeS+vyAxLzMwXe+8muOCouODs+OCt+ODo+ODs+ODhuODnuODvOOCseODg+ODiA==,6YCa5L+h6LKp5aOy6YCa6LKp44K344On44OD44OU44Oz44Kw44Kq44Oz44Op44Kk44Oz44K344On44OD44OU44Oz44Kw6LK344GE54mp44OX44Os44K844Oz44OI44Ku44OV44OI6LSI44KK54mp6LSI562U5ZOB44GK5Lit5YWD44GK5q2z5pqu44GK6LK344GE5b6X6J2244ON44Kv44K/44KkIOOCreODg+OCuuidtuODjeOCr+OCv+OCpCDotaTliIfjgormipzjgY3mloflrZfliIfjgormipzjgY0g44Kr44OD44K/44O844Km44Kn44Or44Kr44Og44Oc44O844OJIOaWh+Wtl+OCpuOCp+ODq+OCq+ODoOODnOODvOODiSDntKDmnZDmloflrZcg5Yqg5bel6ZuR6LKoIOOCruODleODiOWIh+OCiuaWh+WtlyDooajmnK3liIfjgormipzjgY0g5paH5a2XIOODleOCqeODs+ODiOiHquekvuW3peaIv+acqOijveWIh+OCiuaKnOOBjeaWh+Wtl++8iOODnuODvOOCr+ODu+iomOWPt++8iTNjbSDljprjgZXntIQ2bW0gL+WIh+OCiuaWh+Wtl+WIh+aWh+Wtl+ODkeODvOODhOODreODvOODnuWtl+ODj+ODs+ODieODoeOCpOODieOCr+ODqeODleODiERJWeihqOacreODjeODvOODoOODl+ODrOODvOODiOeci+adv+OCpuODg+ODieOBsuOBruOBjeODkuODjuOCreOCpuOCp+ODq+OCq+ODoOODnOODvOODieOCpuOCqOODh+OCo+ODs+OCsOOCpuOCp+ODq+OCq+ODoOODnOODvOODieOAkOOCr+ODreODjeOCs0RN5L6/5a++5b+c44CRW03kvr8gMS8zMF0=,44Kq44Oq44K444OK44Or44ON44O844Og44OX44Os44O844OI44KE44OH44Kz44OR44O844K444Ol44Gr44CC44CC6Ieq56S+5bel5oi/5pyo6KO95YiH44KK5oqc44GN5paH5a2X77yI44Oe44O844Kv44O76KiY5Y+377yJM2NtIOWOmuOBlee0hDZtbSAv5YiH44KK5paH5a2X5YiH5paH5a2X44OR44O844OE44Ot44O844Oe5a2X44OP44Oz44OJ44Oh44Kk44OJ44Kv44Op44OV44OIRElZ6KGo5pyt44ON44O844Og44OX44Os44O844OI55yL5p2/44Km44OD44OJ44Gy44Gu44GN44OS44OO44Kt44Km44Kn44Or44Kr44Og44Oc44O844OJ44Km44Ko44OH44Kj44Oz44Kw44Km44Kn44Or44Kr44Og44Oc44O844OJ44CQ44Kv44Ot44ON44KzRE3kvr/lr77lv5zjgJFbTeS+vyAxLzMwXQ==[rn]
11-22204,aHR0cDovL3RzaG9wLnIxMHMuanAvZW5jaGFudGVzaG9wL2NhYmluZXQvaGFuZG1hZGUwMy9obS0xMy04NS0yY20tdG9wLmpwZz9maXRpbj03MDA6NzAw,OTYuMDAwMA==,,5pel55So5ZOB6ZuR6LKo44O75paH5oi/5YW344O75omL6Iq4ID4g5omL6Iq444O744Kv44Op44OV44OI44O755Sf5ZywID4g44Gd44Gu5LuW,6Ieq56S+5bel5oi/5pyo6KO95YiH44KK5oqc44GN5paH5a2X77yI44Oe44O844Kv44O76KiY5Y+377yJMmNtIOWOmuOBlee0hDZtbSAv5YiH44KK5paH5a2X5YiH5paH5a2X44OR44O844OE44Ot44O844Oe5a2X44OP44Oz44OJ44Oh44Kk44OJ44Kv44Op44OV44OIRElZ6KGo5pyt44ON44O844Og44OX44Os44O844OI55yL5p2/44Km44OD44OJ44Gy44Gu44GN44OS44OO44Kt44Km44Kn44Or44Kr44Og44Oc44O844OJ44Km44Ko44OH44Kj44Oz44Kw44Km44Kn44Or44Kr44Og44Oc44O844OJ44CQ44Kv44Ot44ON44KzRE3kvr/lr77lv5zjgJFbTeS+vyAxLzMwXQ==,,PGNlbnRlcj4KCjxpbWcgc3JjPSJodHRwOi8vaW1hZ2UucmFrdXRlbi5jby5qcC9lbmNoYW50ZXNob3AvY2FiaW5ldC9tYWlsYmluL21haWxhLW9rLmpwZyIgd2lkdGg9IjkwJSIgYm9yZGVyPSIwIj48L2NlbnRlcj4KPGhyPjxmb250IGNvbG9yPSJmZjAwMDAiPuKAu+OBlOizvOWFpeWJjeOBq+W/heOBmuOBiuiqreOBv+OBj+OBoOOBleOBhDwvZm9udD48YnI+Cu+8nu+8niDjg6Hjg7zjg6vkvr/jgavjgaTjgYTjgabjga/jgZPjgaHjgok8YnI+Cjxocj4KPGJyPjxicj4KCuOAkOOBlOizvOWFpeWJjeOBq+W/heOBmuOBiuiqreOBv+OBj+OBoOOBleOBhOOAkQogPGJyPiA8YnI+Cue0oOadkOOBr+WRs+OCj+OBhOOBruOBguOCi+OBsuOBruOBjeOCkuS9v+eUqOOBl+OBpuOBhOOBvuOBmeOAgjxicj4K5ZWG5ZOB44Gr44KI44Gj44Gm44Gv5aSa5bCR5YK344GM44GU44GW44GE44G+44GZ44CCPGJyPgrmnKjnm67jgIHoibLjga7mv4Pmt6Hjgarjganjga/jgbLjgajjgaTjgbLjgajjgaTpgZXjgYTjgYzjgZTjgZbjgYTjgb7jgZnjgII8YnI+CuazqOaWh+eiuuiqjeODoeODvOODq+mAgeS7mOW+jOOBruOCreODo+ODs+OCu+ODq+OBr+OBlOmBoOaFruOBj+OBoOOBleOBhOOAgjxicj4K44Gd44Gu5LuW44CB44GU5LiN5piO44Gq54K544GU6LOq5ZWP562J44Gv5LiL6KiY44G+44Gn44CB44GK5ZWP44GE5ZCI44KP44Gb44GP44Gg44GV44GE44CCPGJyPgrjgJDjgYrllY/jgYTlkIjjgo/jgZvlhYjvvJowNzQyLTMwLTQ0NjfjgJHkuojjgoHkuIroqJjlhoXlrrnjgpLjgZTkuobmib/jga7kuIrjgZTms6jmlofpoILjgZHjgb7jgZnjgojjgYbjgojjgo3jgZfjgY/jgYrpoZjjgYTjgYTjgZ/jgZfjgb7jgZnjgII8YnI+PGJyPgrjgJDllYblk4HoqqzmmI7jgJE8YnI+CuWIh+OCiuaKnOOBjeaWh+Wtl+OBruODkeODvOODhOOBp+OBmeOAguaJi+S9nOOCiuOAgeeJqeS9nOOCiuOBq+OBlOWIqeeUqOOBj+OBoOOBleOBhOOAguOCouODq+ODleOCoeODmeODg+ODiOOAgeaVsOWtl+OAgeiomOWPt+OAgeODnuODvOOCr+OCkue1hOOBv+WQiOOCj+OBm+OBpuOCquODquOCuOODiuODq+ODl+ODrOODvOODiOS9nOOCiuOBquOBqeOBq+OAgjxicj4K4pag5ZWG5ZOB5ZCNIOacqOijveWIh+OCiuaKnOOBjeaWh+Wtl++8iOODnuODvOOCr+ODu+iomOWPt++8iTxicj4K4pag44K144Kk44K6KOe0hCkg6auY44GVMmNt77ya5aSn5paH5a2X44GuMmNt44K/44Kk44OX44Gr5ZCI44KP44Gb44Gf44OQ44Op44Oz44K544Gn5L2c5oiQ44GX44Gm44GE44G+44GZ44CCPGJyPgrljprjgZXvvJo2bW08YnI+CuKWoOODh+OCtuOCpOODs+OAgOOCu+ODquODleODleOCqeODs+ODiC/nrYboqJjkvZPjg5Xjgqnjg7Pjg4gv6KeS5paH5a2X44OV44Kp44Oz44OIL+S4uOaWh+Wtl+ODleOCqeODs+ODiC/jgqTjgr/jg6rjg4Pjgq/jg5Xjgqnjg7Pjg4gv44K544K/44Kk44Oq44OD44K344Ol44OV44Kp44Oz44OIL+aJi+abuOOBjemiqOODleOCqeODs+ODiDxicj4K4pag57Sg5p2QIOWbveeUo+OBsuOBruOBjTxicj4K4pag44K744OD44OI5YaF5a65IOWIh+OCiuaKnOOBjeaWh+Wtl8OXMTxicj4K4pag5YKZ6ICDPGJyPgrigLvjgYrkvb/jgYTjga5QQ+eSsOWig+OBq+OCiOOCiuWun+mam+OBruOBiuiJsuOBqOeVsOOBquOCi+WgtOWQiOOBjOOBlOOBluOBhOOBvuOBmeOAgjxicj7igLvntLDjgYTjg5Hjg7zjg4TjgoTntLDjgY/jgarjgaPjgabjgYTjgovnrofmiYDjga/jgIHlibLjgozjgoTjgZnjgYTjgZ/jgoHjgIHlj5bmibHjgYTjgavjgZTms6jmhI/kuIvjgZXjgYTjgII8YnI+44GC44KJ44GL44GY44KB44GU5LqG5om/44GP44Gg44GV44GE44CCPGJyPjxicj4KPGltZyBzcmM9Imh0dHA6Ly93d3cucmFrdXRlbi5uZS5qcC9nb2xkL2VuY2hhbnRlc2hvcC9pbWFnZXMvZnJlZS1wYWdlL2tpcmludWtpLWluZm8tYnVubmVyLmpwZyIgd2lkdGg9IjEwMCUiPg==,6Ieq56S+5bel5oi/5pyo6KO95YiH44KK5oqc44GN5paH5a2X77yI44Oe44O844Kv44O76KiY5Y+377yJMmNtIOWOmuOBlee0hDZtbSAv5YiH44KK5paH5a2X5YiH5paH5a2X44OR44O844OE44Ot44O844Oe5a2X44OP44Oz44OJ44Oh44Kk44OJ44Kv44Op44OV44OIRElZ6KGo5pyt44ON44O844Og44OX44Os44O844OI55yL5p2/44Km44OD44OJ44Gy44Gu44GN44OS44OO44Kt44Km44Kn44Or44Kr44Og44Oc44O844OJ44Km44Ko44OH44Kj44Oz44Kw44Km44Kn44Or44Kr44Og44Oc44O844OJ44CQ44Kv44Ot44ON44KzRE3kvr/lr77lv5zjgJFbTeS+vyAxLzMwXe+8muOCouODs+OCt+ODo+ODs+ODhuODnuODvOOCseODg+ODiA==,6YCa5L+h6LKp5aOy6YCa6LKp44K344On44OD44OU44Oz44Kw44Kq44Oz44Op44Kk44Oz44K344On44OD44OU44Oz44Kw6LK344GE54mp44OX44Os44K844Oz44OI44Ku44OV44OI6LSI44KK54mp6LSI562U5ZOB44GK5Lit5YWD44GK5q2z5pqu44GK6LK344GE5b6X6J2244ON44Kv44K/44KkIOOCreODg+OCuuidtuODjeOCr+OCv+OCpCDotaTliIfjgormipzjgY3mloflrZfliIfjgormipzjgY0g44Kr44OD44K/44O844Km44Kn44Or44Kr44Og44Oc44O844OJIOaWh+Wtl+OCpuOCp+ODq+OCq+ODoOODnOODvOODiSDntKDmnZDmloflrZcg5Yqg5bel6ZuR6LKoIOOCruODleODiOWIh+OCiuaWh+WtlyDooajmnK3liIfjgormipzjgY0g5paH5a2XIOODleOCqeODs+ODiOiHquekvuW3peaIv+acqOijveWIh+OCiuaKnOOBjeaWh+Wtl++8iOODnuODvOOCr+ODu+iomOWPt++8iTJjbSDljprjgZXntIQ2bW0gL+WIh+OCiuaWh+Wtl+WIh+aWh+Wtl+ODkeODvOODhOODreODvOODnuWtl+ODj+ODs+ODieODoeOCpOODieOCr+ODqeODleODiERJWeihqOacreODjeODvOODoOODl+ODrOODvOODiOeci+adv+OCpuODg+ODieOBsuOBruOBjeODkuODjuOCreOCpuOCp+ODq+OCq+ODoOODnOODvOODieOCpuOCqOODh+OCo+ODs+OCsOOCpuOCp+ODq+OCq+ODoOODnOODvOODieOAkOOCr+ODreODjeOCs0RN5L6/5a++5b+c44CRW03kvr8gMS8zMF0=,44Kq44Oq44K444OK44Or44ON44O844Og44OX44Os44O844OI44KE44OH44Kz44OR44O844K444Ol44Gr44CC44CC6Ieq56S+5bel5oi/5pyo6KO95YiH44KK5oqc44GN5paH5a2X77yI44Oe44O844Kv44O76KiY5Y+377yJMmNtIOWOmuOBlee0hDZtbSAv5YiH44KK5paH5a2X5YiH5paH5a2X44OR44O844OE44Ot44O844Oe5a2X44OP44Oz44OJ44Oh44Kk44OJ44Kv44Op44OV44OIRElZ6KGo5pyt44ON44O844Og44OX44Os44O844OI55yL5p2/44Km44OD44OJ44Gy44Gu44GN44OS44OO44Kt44Km44Kn44Or44Kr44Og44Oc44O844OJ44Km44Ko44OH44Kj44Oz44Kw44Km44Kn44Or44Kr44Og44Oc44O844OJ44CQ44Kv44Ot44ON44KzRE3kvr/lr77lv5zjgJFbTeS+vyAxLzMwXQ==[rn]
11-22205,aHR0cDovL3RzaG9wLnIxMHMuanAvZW5jaGFudGVzaG9wL2NhYmluZXQvaGFuZG1hZGUwMy9obS0xNC01NS01Y20uanBnP2ZpdGluPTcwMDo3MDA=,MTc2LjAwMDA=,,5pel55So5ZOB6ZuR6LKo44O75paH5oi/5YW344O75omL6Iq4ID4g5omL6Iq444O744Kv44Op44OV44OI44O755Sf5ZywID4g44Gd44Gu5LuW,6Ieq56S+5bel5oi/44Ki44Kv44Oq44Or6KO95YiH44KK5oqc44GN5paH5a2X77yI44Ki44Or44OV44Kh44OZ44OD44OI5aSn5paH5a2X77yJNWNtIOWOmuOBlee0hDNtbSAv5YiH44KK5paH5a2X5YiH5paH5a2X44OR44O844OE44Ot44O844Oe5a2X44OP44Oz44OJ44Oh44Kk44OJ44Kv44Op44OV44OIRElZ6KGo5pyt44ON44O844Og44OX44Os44O844OI55yL5p2/44Km44Kn44Or44Kr44Og44Oc44O844OJ44Km44Ko44OH44Kj44Oz44Kw44Km44Kn44Or44Kr44Og44Oc44O844OJ44CQ44Kv44Ot44ON44KzRE3kvr/lr77lv5zjgJFbTeS+vyAxLzIwXQ==,,PGNlbnRlcj4KCjxpbWcgc3JjPSJodHRwOi8vaW1hZ2UucmFrdXRlbi5jby5qcC9lbmNoYW50ZXNob3AvY2FiaW5ldC9tYWlsYmluL21haWxhLW9rLmpwZyIgd2lkdGg9IjkwJSIgYm9yZGVyPSIwIj48L2NlbnRlcj4KPGhyPjxmb250IGNvbG9yPSJmZjAwMDAiPuKAu+OBlOizvOWFpeWJjeOBq+W/heOBmuOBiuiqreOBv+OBj+OBoOOBleOBhDwvZm9udD48YnI+Cu+8nu+8niDjg6Hjg7zjg6vkvr/jgavjgaTjgYTjgabjga/jgZPjgaHjgok8YnI+Cjxocj4KPGJyPjxicj4KCuOAkOOBlOizvOWFpeWJjeOBq+W/heOBmuOBiuiqreOBv+OBj+OBoOOBleOBhOOAkQogPGJyPiA8YnI+CuWVhuWTgeOBq+OCiOOBo+OBpuOBr+WkmuWwkeWCt+OBjOOBlOOBluOBhOOBvuOBmeOAgjxicj4K5rOo5paH56K66KqN44Oh44O844Or6YCB5LuY5b6M44Gu44Kt44Oj44Oz44K744Or44Gv44GU6YGg5oWu44GP44Gg44GV44GE44CCPGJyPgrjgZ3jga7ku5bjgIHjgZTkuI3mmI7jgarngrnjgZTos6rllY/nrYnjga/kuIvoqJjjgb7jgafjgIHjgYrllY/jgYTlkIjjgo/jgZvjgY/jgaDjgZXjgYTjgII8YnI+CuOAkOOBiuWVj+OBhOWQiOOCj+OBm+WFiO+8mjA3NDItMzAtNDQ2N+OAkeS6iOOCgeS4iuiomOWGheWuueOCkuOBlOS6huaJv+OBruS4iuOBlOazqOaWh+mgguOBkeOBvuOBmeOCiOOBhuOCiOOCjeOBl+OBj+OBiumhmOOBhOOBhOOBn+OBl+OBvuOBmeOAgjxicj48YnI+CuOAkOWVhuWTgeiqrOaYjuOAkTxicj4K5YiH44KK5oqc44GN5paH5a2X44Gu44OR44O844OE44Gn44GZ44CC5omL5L2c44KK44CB54mp5L2c44KK44Gr44GU5Yip55So44GP44Gg44GV44GE44CC44Ot44O844Oe5a2X6KGo6KiY44Gu5ZCN5YmN44KS44OX44Os44O844OI44Gr6LK844Gj44Gm6KGo5pyt44Gr44GX44Gf44KK44CB6Iux5Y2Y6Kqe44KS6LK844Gj44Gm44Kq44Oq44K444OK44Or44OX44Os44O844OI5L2c44KK44Gq44Gp44Gr44CCPGJyPgrilqDllYblk4HlkI0g44Ki44Kv44Oq44Or6KO95YiH44KK5oqc44GN5paH5a2X44CA44Ki44Or44OV44Kh44OZ44OD44OIQe+9nlrvvIjlpKfmloflrZfvvIk8YnI+CuKWoOOCteOCpOOCuijntIQpIOmrmOOBlTVjbe+8muaWh+Wtl+e1hOOBl+OBn+WgtOWQiOOBruODkOODqeODs+OCueOCkuiAg+aFruOBl+OBpuOAgeOCouODq+ODleOCoeODmeODg+ODiOOBq+OCiOOBo+OBpuWkmuWwkeeVsOOBquOCiuOBvuOBmeOAgjxicj4K5Y6a44GV77yaM21tPGJyPgrilqDjgqvjg6njg7w8YnI+CuODrOODouODs+OCpOOCqOODreODvC/jgqrjg6zjg7Pjgrjjg57jg4Djg7wv44OQ44O844Of44Oq44Kq44OzL+ODreODvOOCuuODlOODs+OCry/jg5bjg6vjg7wv44Oe44Oq44Oz44OW44Or44O8L+OCqOODoeODqeODq+ODiS/jg5Pjg6rjgrjjg6Pjg7Mv6buS77yI44GP44KN77yJL+eZve+8iOOBl+OCje+8iS/pgI/mmI48YnI+CuKWoOODh+OCtuOCpOODs+OAgOOCu+ODquODleODleOCqeODs+ODiC/nrYboqJjkvZPjg5Xjgqnjg7Pjg4gv6KeS5paH5a2X44OV44Kp44Oz44OIL+S4uOaWh+Wtl+ODleOCqeODs+ODiC/jgqTjgr/jg6rjg4Pjgq/jg5Xjgqnjg7Pjg4gv44K544K/44Kk44Oq44OD44K344Ol44OV44Kp44Oz44OIL+aJi+abuOOBjemiqOODleOCqeODs+ODiDxicj4K4pag57Sg5p2QIOOCouOCr+ODquODq+advzxicj4K4pag44K744OD44OI5YaF5a65IOWIh+OCiuaKnOOBjeaWh+Wtl8OXMTxicj4K4pag5YKZ6ICDPGJyPgrigLvjgYrkvb/jgYTjga5QQ+eSsOWig+OBq+OCiOOCiuWun+mam+OBruOBiuiJsuOBqOeVsOOBquOCi+WgtOWQiOOBjOOBlOOBluOBhOOBvuOBmeOAgjxicj7igLvntLDjgYTjg5Hjg7zjg4TjgoTntLDjgY/jgarjgaPjgabjgYTjgovnrofmiYDjga/jgIHlibLjgozjgoTjgZnjgYTjgZ/jgoHjgIHlj5bmibHjgYTjgavjgZTms6jmhI/kuIvjgZXjgYTjgII8YnI+44GC44KJ44GL44GY44KB44GU5LqG5om/44GP44Gg44GV44GE44CCPGJyPjxicj4KPGltZyBzcmM9Imh0dHA6Ly93d3cucmFrdXRlbi5uZS5qcC9nb2xkL2VuY2hhbnRlc2hvcC9pbWFnZXMvZnJlZS1wYWdlL2tpcmludWtpLWluZm8tYnVubmVyLmpwZyIgd2lkdGg9IjEwMCUiPg==,6Ieq56S+5bel5oi/44Ki44Kv44Oq44Or6KO95YiH44KK5oqc44GN5paH5a2X77yI44Ki44Or44OV44Kh44OZ44OD44OI5aSn5paH5a2X77yJNWNtIOWOmuOBlee0hDNtbSAv5YiH44KK5paH5a2X5YiH5paH5a2X44OR44O844OE44Ot44O844Oe5a2X44OP44Oz44OJ44Oh44Kk44OJ44Kv44Op44OV44OIRElZ6KGo5pyt44ON44O844Og44OX44Os44O844OI55yL5p2/44Km44Kn44Or44Kr44Og44Oc44O844OJ44Km44Ko44OH44Kj44Oz44Kw44Km44Kn44Or44Kr44Og44Oc44O844OJ44CQ44Kv44Ot44ON44KzRE3kvr/lr77lv5zjgJFbTeS+vyAxLzIwXe+8muOCouODs+OCt+ODo+ODs+ODhuODnuODvOOCseODg+ODiA==,6YCa5L+h6LKp5aOy6YCa6LKp44K344On44OD44OU44Oz44Kw44Kq44Oz44Op44Kk44Oz44K344On44OD44OU44Oz44Kw6LK344GE54mp44OX44Os44K844Oz44OI44Ku44OV44OI6LSI44KK54mp6LSI562U5ZOB44GK5Lit5YWD44GK5q2z5pqu44GK6LK344GE5b6X6J2244ON44Kv44K/44KkIOOCreODg+OCuuidtuODjeOCr+OCv+OCpCDotaTliIfjgormipzjgY3mloflrZfliIfjgormipzjgY0g44Kr44OD44K/44O844Km44Kn44Or44Kr44Og44Oc44O844OJIOaWh+Wtl+OCpuOCp+ODq+OCq+ODoOODnOODvOODiSDntKDmnZDmloflrZcg5Yqg5bel6ZuR6LKoIOOCruODleODiOWIh+OCiuaWh+WtlyDooajmnK3liIfjgormipzjgY0g5paH5a2XIOODleOCqeODs+ODiOiHquekvuW3peaIv+OCouOCr+ODquODq+ijveWIh+OCiuaKnOOBjeaWh+Wtl++8iOOCouODq+ODleOCoeODmeODg+ODiOWkp+aWh+Wtl++8iTVjbSDljprjgZXntIQzbW0gL+WIh+OCiuaWh+Wtl+WIh+aWh+Wtl+ODkeODvOODhOODreODvOODnuWtl+ODj+ODs+ODieODoeOCpOODieOCr+ODqeODleODiERJWeihqOacreODjeODvOODoOODl+ODrOODvOODiOeci+adv+OCpuOCp+ODq+OCq+ODoOODnOODvOODieOCpuOCqOODh+OCo+ODs+OCsOOCpuOCp+ODq+OCq+ODoOODnOODvOODieOAkOOCr+ODreODjeOCs0RN5L6/5a++5b+c44CRW03kvr8gMS8yMF0=,44Kq44Oq44K444OK44Or44ON44O844Og44OX44Os44O844OI44Gq44Gp44Gr44CC44CC6Ieq56S+5bel5oi/44Ki44Kv44Oq44Or6KO95YiH44KK5oqc44GN5paH5a2X77yI44Ki44Or44OV44Kh44OZ44OD44OI5aSn5paH5a2X77yJNWNtIOWOmuOBlee0hDNtbSAv5YiH44KK5paH5a2X5YiH5paH5a2X44OR44O844OE44Ot44O844Oe5a2X44OP44Oz44OJ44Oh44Kk44OJ44Kv44Op44OV44OIRElZ6KGo5pyt44ON44O844Og44OX44Os44O844OI55yL5p2/44Km44Kn44Or44Kr44Og44Oc44O844OJ44Km44Ko44OH44Kj44Oz44Kw44Km44Kn44Or44Kr44Og44Oc44O844OJ44CQ44Kv44Ot44ON44KzRE3kvr/lr77lv5zjgJFbTeS+vyAxLzIwXQ==[rn]
11-22206,aHR0cDovL3RzaG9wLnIxMHMuanAvZW5jaGFudGVzaG9wL2NhYmluZXQvaGFuZG1hZGUwMy9obS0xNC01Ny01Y20uanBnP2ZpdGluPTcwMDo3MDA=,MTc2LjAwMDA=,,5pel55So5ZOB6ZuR6LKo44O75paH5oi/5YW344O75omL6Iq4ID4g5omL6Iq444O744Kv44Op44OV44OI44O755Sf5ZywID4g44Gd44Gu5LuW,6Ieq56S+5bel5oi/44Ki44Kv44Oq44Or6KO95YiH44KK5oqc44GN5paH5a2X77yI5pWw5a2X44O76KiY5Y+377yJNWNtIOWOmuOBlee0hDNtbSAv5YiH44KK5paH5a2X5YiH5paH5a2X44OR44O844OE44Ot44O844Oe5a2X44OP44Oz44OJ44Oh44Kk44OJ44Kv44Op44OV44OIRElZ6KGo5pyt44ON44O844Og44OX44Os44O844OI55yL5p2/44Km44Kn44Or44Kr44Og44Oc44O844OJ44Km44Ko44OH44Kj44Oz44Kw44Km44Kn44Or44Kr44Og44Oc44O844OJ44CQ44Kv44Ot44ON44KzRE3kvr/lr77lv5zjgJFbTeS+vyAxLzIwXQ==,,PGNlbnRlcj4KCjxpbWcgc3JjPSJodHRwOi8vaW1hZ2UucmFrdXRlbi5jby5qcC9lbmNoYW50ZXNob3AvY2FiaW5ldC9tYWlsYmluL21haWxhLW9rLmpwZyIgd2lkdGg9IjkwJSIgYm9yZGVyPSIwIj48L2NlbnRlcj4KPGhyPjxmb250IGNvbG9yPSJmZjAwMDAiPuKAu+OBlOizvOWFpeWJjeOBq+W/heOBmuOBiuiqreOBv+OBj+OBoOOBleOBhDwvZm9udD48YnI+Cu+8nu+8niDjg6Hjg7zjg6vkvr/jgavjgaTjgYTjgabjga/jgZPjgaHjgok8YnI+Cjxocj4KPGJyPjxicj4KCuOAkOOBlOizvOWFpeWJjeOBq+W/heOBmuOBiuiqreOBv+OBj+OBoOOBleOBhOOAkQogPGJyPiA8YnI+CuWVhuWTgeOBq+OCiOOBo+OBpuOBr+WkmuWwkeWCt+OBjOOBlOOBluOBhOOBvuOBmeOAgjxicj4K5rOo5paH56K66KqN44Oh44O844Or6YCB5LuY5b6M44Gu44Kt44Oj44Oz44K744Or44Gv44GU6YGg5oWu44GP44Gg44GV44GE44CCPGJyPgrjgZ3jga7ku5bjgIHjgZTkuI3mmI7jgarngrnjgZTos6rllY/nrYnjga/kuIvoqJjjgb7jgafjgIHjgYrllY/jgYTlkIjjgo/jgZvjgY/jgaDjgZXjgYTjgII8YnI+CuOAkOOBiuWVj+OBhOWQiOOCj+OBm+WFiO+8mjA3NDItMzAtNDQ2N+OAkeS6iOOCgeS4iuiomOWGheWuueOCkuOBlOS6huaJv+OBruS4iuOBlOazqOaWh+mgguOBkeOBvuOBmeOCiOOBhuOCiOOCjeOBl+OBj+OBiumhmOOBhOOBhOOBn+OBl+OBvuOBmeOAgjxicj48YnI+CuOAkOWVhuWTgeiqrOaYjuOAkTxicj4K5YiH44KK5oqc44GN5paH5a2X44Gu44OR44O844OE44Gn44GZ44CC5omL5L2c44KK44CB54mp5L2c44KK44Gr44GU5Yip55So44GP44Gg44GV44GE44CC44Ki44Or44OV44Kh44OZ44OD44OI44KE44Oe44O844Kv44Go57WE44G/5ZCI44KP44Gb44Gm44Kq44Oq44K444OK44Or44OX44Os44O844OI5L2c44KK44Gq44Gp44Gr44CCPGJyPgrilqDllYblk4HlkI0g44Ki44Kv44Oq44Or6KO95YiH44KK5oqc44GN5paH5a2X77yI5pWw5a2X44O76KiY5Y+377yJPGJyPgrilqDjgrXjgqTjgroo57SEKSDpq5jjgZU1Y23vvJrlpKfmloflrZfjga41Y23jgr/jgqTjg5fjgavlkIjjgo/jgZvjgZ/jg5Djg6njg7PjgrnjgafkvZzmiJDjgZfjgabjgYTjgb7jgZnjgII8YnI+CuWOmuOBle+8mjNtbTxicj4K4pag44Kr44Op44O8PGJyPgrjg6zjg6Ljg7PjgqTjgqjjg63jg7wv44Kq44Os44Oz44K444Oe44OA44O8L+ODkOODvOODn+ODquOCquODsy/jg63jg7zjgrrjg5Tjg7Pjgq8v44OW44Or44O8L+ODnuODquODs+ODluODq+ODvC/jgqjjg6Hjg6njg6vjg4kv44OT44Oq44K444Oj44OzL+m7ku+8iOOBj+OCje+8iS/nmb3vvIjjgZfjgo3vvIkv6YCP5piOPGJyPgrilqDjg4fjgrbjgqTjg7PjgIDjgrvjg6rjg5Xjg5Xjgqnjg7Pjg4gv562G6KiY5L2T44OV44Kp44Oz44OIL+inkuaWh+Wtl+ODleOCqeODs+ODiC/kuLjmloflrZfjg5Xjgqnjg7Pjg4gv44Kk44K/44Oq44OD44Kv44OV44Kp44Oz44OIL+OCueOCv+OCpOODquODg+OCt+ODpeODleOCqeODs+ODiC/miYvmm7jjgY3poqjjg5Xjgqnjg7Pjg4g8YnI+CuKWoOe0oOadkCDjgqLjgq/jg6rjg6vmnb88YnI+CuKWoOOCu+ODg+ODiOWGheWuuSDliIfjgormipzjgY3mloflrZfDlzE8YnI+CuKWoOWCmeiAgzxicj4K4oC744GK5L2/44GE44GuUEPnkrDlooPjgavjgojjgorlrp/pmpvjga7jgYroibLjgajnlbDjgarjgovloLTlkIjjgYzjgZTjgZbjgYTjgb7jgZnjgII8YnI+4oC757Sw44GE44OR44O844OE44KE57Sw44GP44Gq44Gj44Gm44GE44KL566H5omA44Gv44CB5Ymy44KM44KE44GZ44GE44Gf44KB44CB5Y+W5omx44GE44Gr44GU5rOo5oSP5LiL44GV44GE44CCPGJyPuOBguOCieOBi+OBmOOCgeOBlOS6huaJv+OBj+OBoOOBleOBhOOAgjxicj48YnI+CjxpbWcgc3JjPSJodHRwOi8vd3d3LnJha3V0ZW4ubmUuanAvZ29sZC9lbmNoYW50ZXNob3AvaW1hZ2VzL2ZyZWUtcGFnZS9raXJpbnVraS1pbmZvLWJ1bm5lci5qcGciIHdpZHRoPSIxMDAlIj4=,6Ieq56S+5bel5oi/44Ki44Kv44Oq44Or6KO95YiH44KK5oqc44GN5paH5a2X77yI5pWw5a2X44O76KiY5Y+377yJNWNtIOWOmuOBlee0hDNtbSAv5YiH44KK5paH5a2X5YiH5paH5a2X44OR44O844OE44Ot44O844Oe5a2X44OP44Oz44OJ44Oh44Kk44OJ44Kv44Op44OV44OIRElZ6KGo5pyt44ON44O844Og44OX44Os44O844OI55yL5p2/44Km44Kn44Or44Kr44Og44Oc44O844OJ44Km44Ko44OH44Kj44Oz44Kw44Km44Kn44Or44Kr44Og44Oc44O844OJ44CQ44Kv44Ot44ON44KzRE3kvr/lr77lv5zjgJFbTeS+vyAxLzIwXe+8muOCouODs+OCt+ODo+ODs+ODhuODnuODvOOCseODg+ODiA==,6YCa5L+h6LKp5aOy6YCa6LKp44K344On44OD44OU44Oz44Kw44Kq44Oz44Op44Kk44Oz44K344On44OD44OU44Oz44Kw6LK344GE54mp44OX44Os44K844Oz44OI44Ku44OV44OI6LSI44KK54mp6LSI562U5ZOB44GK5Lit5YWD44GK5q2z5pqu44GK6LK344GE5b6X6J2244ON44Kv44K/44KkIOOCreODg+OCuuidtuODjeOCr+OCv+OCpCDotaTliIfjgormipzjgY3mloflrZfliIfjgormipzjgY0g44Kr44OD44K/44O844Km44Kn44Or44Kr44Og44Oc44O844OJIOaWh+Wtl+OCpuOCp+ODq+OCq+ODoOODnOODvOODiSDntKDmnZDmloflrZcg5Yqg5bel6ZuR6LKoIOOCruODleODiOWIh+OCiuaWh+WtlyDooajmnK3liIfjgormipzjgY0g5paH5a2XIOODleOCqeODs+ODiOiHquekvuW3peaIv+OCouOCr+ODquODq+ijveWIh+OCiuaKnOOBjeaWh+Wtl++8iOaVsOWtl+ODu+iomOWPt++8iTVjbSDljprjgZXntIQzbW0gL+WIh+OCiuaWh+Wtl+WIh+aWh+Wtl+ODkeODvOODhOODreODvOODnuWtl+ODj+ODs+ODieODoeOCpOODieOCr+ODqeODleODiERJWeihqOacreODjeODvOODoOODl+ODrOODvOODiOeci+adv+OCpuOCp+ODq+OCq+ODoOODnOODvOODieOCpuOCqOODh+OCo+ODs+OCsOOCpuOCp+ODq+OCq+ODoOODnOODvOODieOAkOOCr+ODreODjeOCs0RN5L6/5a++5b+c44CRW03kvr8gMS8yMF0=,44Kq44Oq44K444OK44Or44ON44O844Og44OX44Os44O844OI44Gq44Gp44Gr44CC44CC6Ieq56S+5bel5oi/44Ki44Kv44Oq44Or6KO95YiH44KK5oqc44GN5paH5a2X77yI5pWw5a2X44O76KiY5Y+377yJNWNtIOWOmuOBlee0hDNtbSAv5YiH44KK5paH5a2X5YiH5paH5a2X44OR44O844OE44Ot44O844Oe5a2X44OP44Oz44OJ44Oh44Kk44OJ44Kv44Op44OV44OIRElZ6KGo5pyt44ON44O844Og44OX44Os44O844OI55yL5p2/44Km44Kn44Or44Kr44Og44Oc44O844OJ44Km44Ko44OH44Kj44Oz44Kw44Km44Kn44Or44Kr44Og44Oc44O844OJ44CQ44Kv44Ot44ON44KzRE3kvr/lr77lv5zjgJFbTeS+vyAxLzIwXQ==[rn]
11-22207,aHR0cDovL3RzaG9wLnIxMHMuanAvZW5jaGFudGVzaG9wL2NhYmluZXQvaGFuZG1hZGUwMy9obS0xNS0zNy0zY20uanBnP2ZpdGluPTcwMDo3MDA=,MTM2LjAwMDA=,,5pel55So5ZOB6ZuR6LKo44O75paH5oi/5YW344O75omL6Iq4ID4g5omL6Iq444O744Kv44Op44OV44OI44O755Sf5ZywID4g44Gd44Gu5LuW,6Ieq56S+5bel5oi/44Of44Op44O844Ki44Kv44Oq44Or6KO95YiH44KK5oqc44GN5paH5a2X77yI5pWw5a2X44O76KiY5Y+377yJM2NtIOWOmuOBlee0hDNtbSAv5YiH44KK5paH5a2X5YiH5paH5a2X44OR44O844OE44Ot44O844Oe5a2X44OP44Oz44OJ44Oh44Kk44OJ44Kv44Op44OV44OIRElZ6KGo5pyt44ON44O844Og44OX44Os44O844OI55yL5p2/44Km44Kn44Or44Kr44Og44Oc44O844OJ44Km44Ko44OH44Kj44Oz44Kw44Km44Kn44Or44Kr44Og44Oc44O844OJ44CQ44Kv44Ot44ON44KzRE3kvr/lr77lv5zjgJFbTeS+vyAxLzMwXQ==,,PGNlbnRlcj4KCjxpbWcgc3JjPSJodHRwOi8vaW1hZ2UucmFrdXRlbi5jby5qcC9lbmNoYW50ZXNob3AvY2FiaW5ldC9tYWlsYmluL21haWxhLW9rLmpwZyIgd2lkdGg9IjkwJSIgYm9yZGVyPSIwIj48L2NlbnRlcj4KPGhyPjxmb250IGNvbG9yPSJmZjAwMDAiPuKAu+OBlOizvOWFpeWJjeOBq+W/heOBmuOBiuiqreOBv+OBj+OBoOOBleOBhDwvZm9udD48YnI+Cu+8nu+8niDjg6Hjg7zjg6vkvr/jgavjgaTjgYTjgabjga/jgZPjgaHjgok8YnI+Cjxocj4KPGJyPjxicj4KCuOAkOOBlOizvOWFpeWJjeOBq+W/heOBmuOBiuiqreOBv+OBj+OBoOOBleOBhOOAkQogPGJyPiA8YnI+CuWVhuWTgeOBq+OCiOOBo+OBpuOBr+WkmuWwkeWCt+OBjOOBlOOBluOBhOOBvuOBmeOAgjxicj4K5rOo5paH56K66KqN44Oh44O844Or6YCB5LuY5b6M44Gu44Kt44Oj44Oz44K744Or44Gv44GU6YGg5oWu44GP44Gg44GV44GE44CCPGJyPgrjgZ3jga7ku5bjgIHjgZTkuI3mmI7jgarngrnjgZTos6rllY/nrYnjga/kuIvoqJjjgb7jgafjgIHjgYrllY/jgYTlkIjjgo/jgZvjgY/jgaDjgZXjgYTjgII8YnI+CuOAkOOBiuWVj+OBhOWQiOOCj+OBm+WFiO+8mjA3NDItMzAtNDQ2N+OAkeS6iOOCgeS4iuiomOWGheWuueOCkuOBlOS6huaJv+OBruS4iuOBlOazqOaWh+mgguOBkeOBvuOBmeOCiOOBhuOCiOOCjeOBl+OBj+OBiumhmOOBhOOBhOOBn+OBl+OBvuOBmeOAgjxicj48YnI+CuOAkOWVhuWTgeiqrOaYjuOAkTxicj4K6Y+h6Z2i44GM576O44GX44GE44Ki44Kv44Oq44Or44Of44Op44O844CC5YiH44KK5oqc44GN5paH5a2X44Gu44OR44O844OE44Gn44GZ44CC5omL5L2c44KK44CB54mp5L2c44KK44Gr44GU5Yip55So44GP44Gg44GV44GE44CC44Ki44Or44OV44Kh44OZ44OD44OI44KE44Oe44O844Kv44Go57WE44G/5ZCI44KP44Gb44Gm44Kq44Oq44K444OK44Or44OX44Os44O844OI5L2c44KK44Gq44Gp44Gr44CCPGJyPgrilqDllYblk4HlkI0g44Of44Op44O844Ki44Kv44Oq44Or6KO95YiH44KK5oqc44GN5paH5a2X77yI5pWw5a2X44O76KiY5Y+377yJPGJyPgrilqDjgrXjgqTjgroo57SEKSDpq5jjgZUzY23vvJrlpKfmloflrZfjga4zY23jgr/jgqTjg5fjgavlkIjjgo/jgZvjgZ/jg5Djg6njg7PjgrnjgafkvZzmiJDjgZfjgabjgYTjgb7jgZnjgII8YnI+CuWOmuOBle+8mjNtbTxicj4K4pag44OH44K244Kk44Oz44CA44K744Oq44OV44OV44Kp44Oz44OIL+ethuiomOS9k+ODleOCqeODs+ODiC/op5LmloflrZfjg5Xjgqnjg7Pjg4gv5Li45paH5a2X44OV44Kp44Oz44OIL+OCpOOCv+ODquODg+OCr+ODleOCqeODs+ODiC/jgrnjgr/jgqTjg6rjg4Pjgrfjg6Xjg5Xjgqnjg7Pjg4g8YnI+CuKWoOe0oOadkCDjg5/jg6njg7zjgqLjgq/jg6rjg6vmnb88YnI+CuKWoOOCu+ODg+ODiOWGheWuuSDliIfjgormipzjgY3mloflrZfDlzE8YnI+CuKWoOWCmeiAgzxicj4K4oC744GK5L2/44GE44GuUEPnkrDlooPjgavjgojjgorlrp/pmpvjga7jgYroibLjgajnlbDjgarjgovloLTlkIjjgYzjgZTjgZbjgYTjgb7jgZnjgII8YnI+4oC757Sw44GE44OR44O844OE44KE57Sw44GP44Gq44Gj44Gm44GE44KL566H5omA44Gv44CB5Ymy44KM44KE44GZ44GE44Gf44KB44CB5Y+W5omx44GE44Gr44GU5rOo5oSP5LiL44GV44GE44CCPGJyPuOBguOCieOBi+OBmOOCgeOBlOS6huaJv+OBj+OBoOOBleOBhOOAgjxicj48YnI+CjxpbWcgc3JjPSJodHRwOi8vd3d3LnJha3V0ZW4ubmUuanAvZ29sZC9lbmNoYW50ZXNob3AvaW1hZ2VzL2ZyZWUtcGFnZS9raXJpbnVraS1pbmZvLWJ1bm5lci5qcGciIHdpZHRoPSIxMDAlIj4=,6Ieq56S+5bel5oi/44Of44Op44O844Ki44Kv44Oq44Or6KO95YiH44KK5oqc44GN5paH5a2X77yI5pWw5a2X44O76KiY5Y+377yJM2NtIOWOmuOBlee0hDNtbSAv5YiH44KK5paH5a2X5YiH5paH5a2X44OR44O844OE44Ot44O844Oe5a2X44OP44Oz44OJ44Oh44Kk44OJ44Kv44Op44OV44OIRElZ6KGo5pyt44ON44O844Og44OX44Os44O844OI55yL5p2/44Km44Kn44Or44Kr44Og44Oc44O844OJ44Km44Ko44OH44Kj44Oz44Kw44Km44Kn44Or44Kr44Og44Oc44O844OJ44CQ44Kv44Ot44ON44KzRE3kvr/lr77lv5zjgJFbTeS+vyAxLzMwXe+8muOCouODs+OCt+ODo+ODs+ODhuODnuODvOOCseODg+ODiA==,6YCa5L+h6LKp5aOy6YCa6LKp44K344On44OD44OU44Oz44Kw44Kq44Oz44Op44Kk44Oz44K344On44OD44OU44Oz44Kw6LK344GE54mp44OX44Os44K844Oz44OI44Ku44OV44OI6LSI44KK54mp6LSI562U5ZOB44GK5Lit5YWD44GK5q2z5pqu44GK6LK344GE5b6X6J2244ON44Kv44K/44KkIOOCreODg+OCuuidtuODjeOCr+OCv+OCpCDotaTliIfjgormipzjgY3mloflrZfliIfjgormipzjgY0g44Kr44OD44K/44O844Km44Kn44Or44Kr44Og44Oc44O844OJIOaWh+Wtl+OCpuOCp+ODq+OCq+ODoOODnOODvOODiSDntKDmnZDmloflrZcg5Yqg5bel6ZuR6LKoIOOCruODleODiOWIh+OCiuaWh+WtlyDooajmnK3liIfjgormipzjgY0g5paH5a2XIOODleOCqeODs+ODiOiHquekvuW3peaIv+ODn+ODqeODvOOCouOCr+ODquODq+ijveWIh+OCiuaKnOOBjeaWh+Wtl++8iOaVsOWtl+ODu+iomOWPt++8iTNjbSDljprjgZXntIQzbW0gL+WIh+OCiuaWh+Wtl+WIh+aWh+Wtl+ODkeODvOODhOODreODvOODnuWtl+ODj+ODs+ODieODoeOCpOODieOCr+ODqeODleODiERJWeihqOacreODjeODvOODoOODl+ODrOODvOODiOeci+adv+OCpuOCp+ODq+OCq+ODoOODnOODvOODieOCpuOCqOODh+OCo+ODs+OCsOOCpuOCp+ODq+OCq+ODoOODnOODvOODieOAkOOCr+ODreODjeOCs0RN5L6/5a++5b+c44CRW03kvr8gMS8zMF0=,44Kq44Oq44K444OK44Or44ON44O844Og44OX44Os44O844OI44Gq44Gp44Gr44CC44CC6Ieq56S+5bel5oi/44Of44Op44O844Ki44Kv44Oq44Or6KO95YiH44KK5oqc44GN5paH5a2X77yI5pWw5a2X44O76KiY5Y+377yJM2NtIOWOmuOBlee0hDNtbSAv5YiH44KK5paH5a2X5YiH5paH5a2X44OR44O844OE44Ot44O844Oe5a2X44OP44Oz44OJ44Oh44Kk44OJ44Kv44Op44OV44OIRElZ6KGo5pyt44ON44O844Og44OX44Os44O844OI55yL5p2/44Km44Kn44Or44Kr44Og44Oc44O844OJ44Km44Ko44OH44Kj44Oz44Kw44Km44Kn44Or44Kr44Og44Oc44O844OJ44CQ44Kv44Ot44ON44KzRE3kvr/lr77lv5zjgJFbTeS+vyAxLzMwXQ==[rn]
11-22208,aHR0cDovL3RzaG9wLnIxMHMuanAvZW5jaGFudGVzaG9wL2NhYmluZXQvaGFuZG1hZGUwMy9obS0xMy04My0yY20tdG9wLmpwZz9maXRpbj03MDA6NzAw,OTYuMDAwMA==,,5pel55So5ZOB6ZuR6LKo44O75paH5oi/5YW344O75omL6Iq4ID4g5omL6Iq444O744Kv44Op44OV44OI44O755Sf5ZywID4g44Gd44Gu5LuW,6Ieq56S+5bel5oi/5pyo6KO95YiH44KK5oqc44GN5paH5a2X77yI44Ki44Or44OV44Kh44OZ44OD44OI5bCP5paH5a2X77yJMmNtIOWOmuOBlee0hDZtbSAv5YiH44KK5paH5a2X5YiH5paH5a2X44OR44O844OE44Ot44O844Oe5a2X44OP44Oz44OJ44Oh44Kk44OJ44Kv44Op44OV44OIRElZ6KGo5pyt44ON44O844Og44OX44Os44O844OI55yL5p2/44Km44OD44OJ44Gy44Gu44GN44OS44OO44Kt44Km44Kn44Or44Kr44Og44Oc44O844OJ44Km44Ko44OH44Kj44Oz44Kw44Km44Kn44Or44Kr44Og44Oc44O844OJ44CQ44Kv44Ot44ON44KzRE3kvr/lr77lv5zjgJFbTeS+vyAxLzMwXQ==,,PGNlbnRlcj4KCjxpbWcgc3JjPSJodHRwOi8vaW1hZ2UucmFrdXRlbi5jby5qcC9lbmNoYW50ZXNob3AvY2FiaW5ldC9tYWlsYmluL21haWxhLW9rLmpwZyIgd2lkdGg9IjkwJSIgYm9yZGVyPSIwIj48L2NlbnRlcj4KPGhyPjxmb250IGNvbG9yPSJmZjAwMDAiPuKAu+OBlOizvOWFpeWJjeOBq+W/heOBmuOBiuiqreOBv+OBj+OBoOOBleOBhDwvZm9udD48YnI+Cu+8nu+8niDjg6Hjg7zjg6vkvr/jgavjgaTjgYTjgabjga/jgZPjgaHjgok8YnI+Cjxocj4KPGJyPjxicj4KCuOAkOOBlOizvOWFpeWJjeOBq+W/heOBmuOBiuiqreOBv+OBj+OBoOOBleOBhOOAkQogPGJyPiA8YnI+Cue0oOadkOOBr+WRs+OCj+OBhOOBruOBguOCi+OBsuOBruOBjeOCkuS9v+eUqOOBl+OBpuOBhOOBvuOBmeOAgjxicj4K5ZWG5ZOB44Gr44KI44Gj44Gm44Gv5aSa5bCR5YK344GM44GU44GW44GE44G+44GZ44CCPGJyPgrmnKjnm67jgIHoibLjga7mv4Pmt6Hjgarjganjga/jgbLjgajjgaTjgbLjgajjgaTpgZXjgYTjgYzjgZTjgZbjgYTjgb7jgZnjgII8YnI+CuazqOaWh+eiuuiqjeODoeODvOODq+mAgeS7mOW+jOOBruOCreODo+ODs+OCu+ODq+OBr+OBlOmBoOaFruOBj+OBoOOBleOBhOOAgjxicj4K44Gd44Gu5LuW44CB44GU5LiN5piO44Gq54K544GU6LOq5ZWP562J44Gv5LiL6KiY44G+44Gn44CB44GK5ZWP44GE5ZCI44KP44Gb44GP44Gg44GV44GE44CCPGJyPgrjgJDjgYrllY/jgYTlkIjjgo/jgZvlhYjvvJowNzQyLTMwLTQ0NjfjgJHkuojjgoHkuIroqJjlhoXlrrnjgpLjgZTkuobmib/jga7kuIrjgZTms6jmlofpoILjgZHjgb7jgZnjgojjgYbjgojjgo3jgZfjgY/jgYrpoZjjgYTjgYTjgZ/jgZfjgb7jgZnjgII8YnI+PGJyPgrjgJDllYblk4HoqqzmmI7jgJE8YnI+CuWIh+OCiuaKnOOBjeaWh+Wtl+OBruODkeODvOODhOOBp+OBmeOAguaJi+S9nOOCiuOAgeeJqeS9nOOCiuOBq+OBlOWIqeeUqOOBj+OBoOOBleOBhOOAguODreODvOODnuWtl+ihqOiomOOBruWQjeWJjeOCkuODl+ODrOODvOODiOOBq+iyvOOBo+OBpuihqOacreOBq+OBl+OBn+OCiuOAgeiLseWNmOiqnuOCkuiyvOOBo+OBpuOCquODquOCuOODiuODq+ODl+ODrOODvOODiOS9nOOCiuOBquOBqeOBq+OAgjxicj4K4pag5ZWG5ZOB5ZCNIOWIh+OCiuaKnOOBjeaWh+Wtl+OAgOOCouODq+ODleOCoeODmeODg+ODiGHvvZ5677yI5bCP5paH5a2X77yJPGJyPgrilqDjgrXjgqTjgroo57SEKSDpq5jjgZUyY23vvJrlpKfmloflrZfjga4yY23jgr/jgqTjg5fjgavlkIjjgo/jgZvjgZ/jg5Djg6njg7PjgrnjgafkvZzmiJDjgZfjgabjgYTjgb7jgZnjgII8YnI+CuWOmuOBle+8mjZtbTxicj4K4pag44OH44K244Kk44Oz44CA44K744Oq44OV44OV44Kp44Oz44OIL+ethuiomOS9k+ODleOCqeODs+ODiC/op5LmloflrZfjg5Xjgqnjg7Pjg4gv5Li45paH5a2X44OV44Kp44Oz44OIL+OCpOOCv+ODquODg+OCr+ODleOCqeODs+ODiC/jgrnjgr/jgqTjg6rjg4Pjgrfjg6Xjg5Xjgqnjg7Pjg4gv5omL5pu444GN6aKo44OV44Kp44Oz44OIPGJyPgrilqDntKDmnZAg5Zu955Sj44Gy44Gu44GNPGJyPgrilqDjgrvjg4Pjg4jlhoXlrrkg5pyo6KO95YiH44KK5oqc44GN5paH5a2Xw5cxPGJyPgrilqDlgpnogIM8YnI+CuKAu+OBiuS9v+OBhOOBrlBD55Kw5aKD44Gr44KI44KK5a6f6Zqb44Gu44GK6Imy44Go55Ww44Gq44KL5aC05ZCI44GM44GU44GW44GE44G+44GZ44CCPGJyPuKAu+e0sOOBhOODkeODvOODhOOChOe0sOOBj+OBquOBo+OBpuOBhOOCi+euh+aJgOOBr+OAgeWJsuOCjOOChOOBmeOBhOOBn+OCgeOAgeWPluaJseOBhOOBq+OBlOazqOaEj+S4i+OBleOBhOOAgjxicj7jgYLjgonjgYvjgZjjgoHjgZTkuobmib/jgY/jgaDjgZXjgYTjgII8YnI+PGJyPgo8aW1nIHNyYz0iaHR0cDovL3d3dy5yYWt1dGVuLm5lLmpwL2dvbGQvZW5jaGFudGVzaG9wL2ltYWdlcy9mcmVlLXBhZ2Uva2lyaW51a2ktaW5mby1idW5uZXIuanBnIiB3aWR0aD0iMTAwJSI+,6Ieq56S+5bel5oi/5pyo6KO95YiH44KK5oqc44GN5paH5a2X77yI44Ki44Or44OV44Kh44OZ44OD44OI5bCP5paH5a2X77yJMmNtIOWOmuOBlee0hDZtbSAv5YiH44KK5paH5a2X5YiH5paH5a2X44OR44O844OE44Ot44O844Oe5a2X44OP44Oz44OJ44Oh44Kk44OJ44Kv44Op44OV44OIRElZ6KGo5pyt44ON44O844Og44OX44Os44O844OI55yL5p2/44Km44OD44OJ44Gy44Gu44GN44OS44OO44Kt44Km44Kn44Or44Kr44Og44Oc44O844OJ44Km44Ko44OH44Kj44Oz44Kw44Km44Kn44Or44Kr44Og44Oc44O844OJ44CQ44Kv44Ot44ON44KzRE3kvr/lr77lv5zjgJFbTeS+vyAxLzMwXe+8muOCouODs+OCt+ODo+ODs+ODhuODnuODvOOCseODg+ODiA==,6YCa5L+h6LKp5aOy6YCa6LKp44K344On44OD44OU44Oz44Kw44Kq44Oz44Op44Kk44Oz44K344On44OD44OU44Oz44Kw6LK344GE54mp44OX44Os44K844Oz44OI44Ku44OV44OI6LSI44KK54mp6LSI562U5ZOB44GK5Lit5YWD44GK5q2z5pqu44GK6LK344GE5b6X6J2244ON44Kv44K/44KkIOOCreODg+OCuuidtuODjeOCr+OCv+OCpCDotaTliIfjgormipzjgY3mloflrZfliIfjgormipzjgY0g44Kr44OD44K/44O844Km44Kn44Or44Kr44Og44Oc44O844OJIOaWh+Wtl+OCpuOCp+ODq+OCq+ODoOODnOODvOODiSDntKDmnZDmloflrZcg5Yqg5bel6ZuR6LKoIOOCruODleODiOWIh+OCiuaWh+WtlyDooajmnK3liIfjgormipzjgY0g5paH5a2XIOODleOCqeODs+ODiOiHquekvuW3peaIv+acqOijveWIh+OCiuaKnOOBjeaWh+Wtl++8iOOCouODq+ODleOCoeODmeODg+ODiOWwj+aWh+Wtl++8iTJjbSDljprjgZXntIQ2bW0gL+WIh+OCiuaWh+Wtl+WIh+aWh+Wtl+ODkeODvOODhOODreODvOODnuWtl+ODj+ODs+ODieODoeOCpOODieOCr+ODqeODleODiERJWeihqOacreODjeODvOODoOODl+ODrOODvOODiOeci+adv+OCpuODg+ODieOBsuOBruOBjeODkuODjuOCreOCpuOCp+ODq+OCq+ODoOODnOODvOODieOCpuOCqOODh+OCo+ODs+OCsOOCpuOCp+ODq+OCq+ODoOODnOODvOODieOAkOOCr+ODreODjeOCs0RN5L6/5a++5b+c44CRW03kvr8gMS8zMF0=,44Kq44Oq44K444OK44Or44ON44O844Og44OX44Os44O844OI44KE44OH44Kz44OR44O844K444Ol44Gr44CC44CC6Ieq56S+5bel5oi/5pyo6KO95YiH44KK5oqc44GN5paH5a2X77yI44Ki44Or44OV44Kh44OZ44OD44OI5bCP5paH5a2X77yJMmNtIOWOmuOBlee0hDZtbSAv5YiH44KK5paH5a2X5YiH5paH5a2X44OR44O844OE44Ot44O844Oe5a2X44OP44Oz44OJ44Oh44Kk44OJ44Kv44Op44OV44OIRElZ6KGo5pyt44ON44O844Og44OX44Os44O844OI55yL5p2/44Km44OD44OJ44Gy44Gu44GN44OS44OO44Kt44Km44Kn44Or44Kr44Og44Oc44O844OJ44Km44Ko44OH44Kj44Oz44Kw44Km44Kn44Or44Kr44Og44Oc44O844OJ44CQ44Kv44Ot44ON44KzRE3kvr/lr77lv5zjgJFbTeS+vyAxLzMwXQ==[rn]
11-22209,aHR0cDovL3RzaG9wLnIxMHMuanAvZW5jaGFudGVzaG9wL2NhYmluZXQvaGFuZG1hZGUwMy9obS0xMy04NS05Y20tdG9wLmpwZz9maXRpbj03MDA6NzAw,MzIwLjAwMDA=,,5pel55So5ZOB6ZuR6LKo44O75paH5oi/5YW344O75omL6Iq4ID4g5omL6Iq444O744Kv44Op44OV44OI44O755Sf5ZywID4g44Gd44Gu5LuW,6Ieq56S+5bel5oi/5pyo6KO95YiH44KK5oqc44GN5paH5a2X77yI44Oe44O844Kv44O76KiY5Y+377yJOWNtIOWOmuOBlee0hDZtbSAv5YiH44KK5paH5a2X5YiH5paH5a2X44OR44O844OE44Ot44O844Oe5a2X44OP44Oz44OJ44Oh44Kk44OJ44Kv44Op44OV44OIRElZ6KGo5pyt44ON44O844Og44OX44Os44O844OI55yL5p2/44Km44OD44OJ44Gy44Gu44GN44OS44OO44Kt44Km44Kn44Or44Kr44Og44Oc44O844OJ44Km44Ko44OH44Kj44Oz44Kw44Km44Kn44Or44Kr44Og44Oc44O844OJ44CQ44Kv44Ot44ON44KzRE3kvr/lr77lv5zjgJFbTeS+vyAxLzJd,,PGNlbnRlcj4KCjxpbWcgc3JjPSJodHRwOi8vaW1hZ2UucmFrdXRlbi5jby5qcC9lbmNoYW50ZXNob3AvY2FiaW5ldC9tYWlsYmluL21haWxhLW9rLmpwZyIgd2lkdGg9IjkwJSIgYm9yZGVyPSIwIj48L2NlbnRlcj4KPGhyPjxmb250IGNvbG9yPSJmZjAwMDAiPuKAu+OBlOizvOWFpeWJjeOBq+W/heOBmuOBiuiqreOBv+OBj+OBoOOBleOBhDwvZm9udD48YnI+Cu+8nu+8niDjg6Hjg7zjg6vkvr/jgavjgaTjgYTjgabjga/jgZPjgaHjgok8YnI+Cjxocj4KPGJyPjxicj4KCuOAkOOBlOizvOWFpeWJjeOBq+W/heOBmuOBiuiqreOBv+OBj+OBoOOBleOBhOOAkQogPGJyPiA8YnI+Cue0oOadkOOBr+WRs+OCj+OBhOOBruOBguOCi+OBsuOBruOBjeOCkuS9v+eUqOOBl+OBpuOBhOOBvuOBmeOAgjxicj4K5ZWG5ZOB44Gr44KI44Gj44Gm44Gv5aSa5bCR5YK344GM44GU44GW44GE44G+44GZ44CCPGJyPgrmnKjnm67jgIHoibLjga7mv4Pmt6Hjgarjganjga/jgbLjgajjgaTjgbLjgajjgaTpgZXjgYTjgYzjgZTjgZbjgYTjgb7jgZnjgII8YnI+CuazqOaWh+eiuuiqjeODoeODvOODq+mAgeS7mOW+jOOBruOCreODo+ODs+OCu+ODq+OBr+OBlOmBoOaFruOBj+OBoOOBleOBhOOAgjxicj4K44Gd44Gu5LuW44CB44GU5LiN5piO44Gq54K544GU6LOq5ZWP562J44Gv5LiL6KiY44G+44Gn44CB44GK5ZWP44GE5ZCI44KP44Gb44GP44Gg44GV44GE44CCPGJyPgrjgJDjgYrllY/jgYTlkIjjgo/jgZvlhYjvvJowNzQyLTMwLTQ0NjfjgJHkuojjgoHkuIroqJjlhoXlrrnjgpLjgZTkuobmib/jga7kuIrjgZTms6jmlofpoILjgZHjgb7jgZnjgojjgYbjgojjgo3jgZfjgY/jgYrpoZjjgYTjgYTjgZ/jgZfjgb7jgZnjgII8YnI+PGJyPgrjgJDllYblk4HoqqzmmI7jgJE8YnI+CuWIh+OCiuaKnOOBjeaWh+Wtl+OBruODkeODvOODhOOBp+OBmeOAguaJi+S9nOOCiuOAgeeJqeS9nOOCiuOBq+OBlOWIqeeUqOOBj+OBoOOBleOBhOOAguOCouODq+ODleOCoeODmeODg+ODiOOAgeaVsOWtl+OAgeiomOWPt+OAgeODnuODvOOCr+OCkue1hOOBv+WQiOOCj+OBm+OBpuOCquODquOCuOODiuODq+ODl+ODrOODvOODiOS9nOOCiuOBquOBqeOBq+OAgjxicj4K4pag5ZWG5ZOB5ZCNIOacqOijveWIh+OCiuaKnOOBjeaWh+Wtl++8iOODnuODvOOCr+ODu+iomOWPt++8iTxicj4K4pag44K144Kk44K6KOe0hCkg6auY44GVOWNt77ya5aSn5paH5a2X44GuOWNt44K/44Kk44OX44Gr5ZCI44KP44Gb44Gf44OQ44Op44Oz44K544Gn5L2c5oiQ44GX44Gm44GE44G+44GZ44CCPGJyPgrljprjgZXvvJo2bW08YnI+CuKWoOODh+OCtuOCpOODs+OAgOOCu+ODquODleODleOCqeODs+ODiC/nrYboqJjkvZPjg5Xjgqnjg7Pjg4gv6KeS5paH5a2X44OV44Kp44Oz44OIL+S4uOaWh+Wtl+ODleOCqeODs+ODiC/jgqTjgr/jg6rjg4Pjgq/jg5Xjgqnjg7Pjg4gv44K544K/44Kk44Oq44OD44K344Ol44OV44Kp44Oz44OIL+aJi+abuOOBjemiqOODleOCqeODs+ODiDxicj4K4pag57Sg5p2QIOWbveeUo+OBsuOBruOBjTxicj4K4pag44K744OD44OI5YaF5a65IOWIh+OCiuaKnOOBjeaWh+Wtl8OXMTxicj4K4pag5YKZ6ICDPGJyPgrigLvjgYrkvb/jgYTjga5QQ+eSsOWig+OBq+OCiOOCiuWun+mam+OBruOBiuiJsuOBqOeVsOOBquOCi+WgtOWQiOOBjOOBlOOBluOBhOOBvuOBmeOAgjxicj7igLvntLDjgYTjg5Hjg7zjg4TjgoTntLDjgY/jgarjgaPjgabjgYTjgovnrofmiYDjga/jgIHlibLjgozjgoTjgZnjgYTjgZ/jgoHjgIHlj5bmibHjgYTjgavjgZTms6jmhI/kuIvjgZXjgYTjgII8YnI+44GC44KJ44GL44GY44KB44GU5LqG5om/44GP44Gg44GV44GE44CCPGJyPjxicj4KPGltZyBzcmM9Imh0dHA6Ly93d3cucmFrdXRlbi5uZS5qcC9nb2xkL2VuY2hhbnRlc2hvcC9pbWFnZXMvZnJlZS1wYWdlL2tpcmludWtpLWluZm8tYnVubmVyLmpwZyIgd2lkdGg9IjEwMCUiPg==,6Ieq56S+5bel5oi/5pyo6KO95YiH44KK5oqc44GN5paH5a2X77yI44Oe44O844Kv44O76KiY5Y+377yJOWNtIOWOmuOBlee0hDZtbSAv5YiH44KK5paH5a2X5YiH5paH5a2X44OR44O844OE44Ot44O844Oe5a2X44OP44Oz44OJ44Oh44Kk44OJ44Kv44Op44OV44OIRElZ6KGo5pyt44ON44O844Og44OX44Os44O844OI55yL5p2/44Km44OD44OJ44Gy44Gu44GN44OS44OO44Kt44Km44Kn44Or44Kr44Og44Oc44O844OJ44Km44Ko44OH44Kj44Oz44Kw44Km44Kn44Or44Kr44Og44Oc44O844OJ44CQ44Kv44Ot44ON44KzRE3kvr/lr77lv5zjgJFbTeS+vyAxLzJd77ya44Ki44Oz44K344Oj44Oz44OG44Oe44O844Kx44OD44OI,6YCa5L+h6LKp5aOy6YCa6LKp44K344On44OD44OU44Oz44Kw44Kq44Oz44Op44Kk44Oz44K344On44OD44OU44Oz44Kw6LK344GE54mp44OX44Os44K844Oz44OI44Ku44OV44OI6LSI44KK54mp6LSI562U5ZOB44GK5Lit5YWD44GK5q2z5pqu44GK6LK344GE5b6X6J2244ON44Kv44K/44KkIOOCreODg+OCuuidtuODjeOCr+OCv+OCpCDotaTliIfjgormipzjgY3mloflrZfliIfjgormipzjgY0g44Kr44OD44K/44O844Km44Kn44Or44Kr44Og44Oc44O844OJIOaWh+Wtl+OCpuOCp+ODq+OCq+ODoOODnOODvOODiSDntKDmnZDmloflrZcg5Yqg5bel6ZuR6LKoIOOCruODleODiOWIh+OCiuaWh+WtlyDooajmnK3liIfjgormipzjgY0g5paH5a2XIOODleOCqeODs+ODiOiHquekvuW3peaIv+acqOijveWIh+OCiuaKnOOBjeaWh+Wtl++8iOODnuODvOOCr+ODu+iomOWPt++8iTljbSDljprjgZXntIQ2bW0gL+WIh+OCiuaWh+Wtl+WIh+aWh+Wtl+ODkeODvOODhOODreODvOODnuWtl+ODj+ODs+ODieODoeOCpOODieOCr+ODqeODleODiERJWeihqOacreODjeODvOODoOODl+ODrOODvOODiOeci+adv+OCpuODg+ODieOBsuOBruOBjeODkuODjuOCreOCpuOCp+ODq+OCq+ODoOODnOODvOODieOCpuOCqOODh+OCo+ODs+OCsOOCpuOCp+ODq+OCq+ODoOODnOODvOODieOAkOOCr+ODreODjeOCs0RN5L6/5a++5b+c44CRW03kvr8gMS8yXQ==,44Kq44Oq44K444OK44Or44ON44O844Og44OX44Os44O844OI44KE44OH44Kz44OR44O844K444Ol44Gr44CC44CC6Ieq56S+5bel5oi/5pyo6KO95YiH44KK5oqc44GN5paH5a2X77yI44Oe44O844Kv44O76KiY5Y+377yJOWNtIOWOmuOBlee0hDZtbSAv5YiH44KK5paH5a2X5YiH5paH5a2X44OR44O844OE44Ot44O844Oe5a2X44OP44Oz44OJ44Oh44Kk44OJ44Kv44Op44OV44OIRElZ6KGo5pyt44ON44O844Og44OX44Os44O844OI55yL5p2/44Km44OD44OJ44Gy44Gu44GN44OS44OO44Kt44Km44Kn44Or44Kr44Og44Oc44O844OJ44Km44Ko44OH44Kj44Oz44Kw44Km44Kn44Or44Kr44Og44Oc44O844OJ44CQ44Kv44Ot44ON44KzRE3kvr/lr77lv5zjgJFbTeS+vyAxLzJd[rn]
11-22210,aHR0cDovL3RzaG9wLnIxMHMuanAvZW5jaGFudGVzaG9wL2NhYmluZXQvaGFuZG1hZGUwMy9obS0xNC01Ny0zY20uanBnP2ZpdGluPTcwMDo3MDA=,MTA0LjAwMDA=,,5pel55So5ZOB6ZuR6LKo44O75paH5oi/5YW344O75omL6Iq4ID4g5omL6Iq444O744Kv44Op44OV44OI44O755Sf5ZywID4g44Gd44Gu5LuW,6Ieq56S+5bel5oi/44Ki44Kv44Oq44Or6KO95YiH44KK5oqc44GN5paH5a2X77yI5pWw5a2X44O76KiY5Y+377yJM2NtIOWOmuOBlee0hDNtbSAv5YiH44KK5paH5a2X5YiH5paH5a2X44OR44O844OE44Ot44O844Oe5a2X44OP44Oz44OJ44Oh44Kk44OJ44Kv44Op44OV44OIRElZ6KGo5pyt44ON44O844Og44OX44Os44O844OI55yL5p2/44Km44Kn44Or44Kr44Og44Oc44O844OJ44Km44Ko44OH44Kj44Oz44Kw44Km44Kn44Or44Kr44Og44Oc44O844OJ44CQ44Kv44Ot44ON44KzRE3kvr/lr77lv5zjgJFbTeS+vyAxLzMwXQ==,,PGNlbnRlcj4KCjxpbWcgc3JjPSJodHRwOi8vaW1hZ2UucmFrdXRlbi5jby5qcC9lbmNoYW50ZXNob3AvY2FiaW5ldC9tYWlsYmluL21haWxhLW9rLmpwZyIgd2lkdGg9IjkwJSIgYm9yZGVyPSIwIj48L2NlbnRlcj4KPGhyPjxmb250IGNvbG9yPSJmZjAwMDAiPuKAu+OBlOizvOWFpeWJjeOBq+W/heOBmuOBiuiqreOBv+OBj+OBoOOBleOBhDwvZm9udD48YnI+Cu+8nu+8niDjg6Hjg7zjg6vkvr/jgavjgaTjgYTjgabjga/jgZPjgaHjgok8YnI+Cjxocj4KPGJyPjxicj4KCuOAkOOBlOizvOWFpeWJjeOBq+W/heOBmuOBiuiqreOBv+OBj+OBoOOBleOBhOOAkQogPGJyPiA8YnI+CuWVhuWTgeOBq+OCiOOBo+OBpuOBr+WkmuWwkeWCt+OBjOOBlOOBluOBhOOBvuOBmeOAgjxicj4K5rOo5paH56K66KqN44Oh44O844Or6YCB5LuY5b6M44Gu44Kt44Oj44Oz44K744Or44Gv44GU6YGg5oWu44GP44Gg44GV44GE44CCPGJyPgrjgZ3jga7ku5bjgIHjgZTkuI3mmI7jgarngrnjgZTos6rllY/nrYnjga/kuIvoqJjjgb7jgafjgIHjgYrllY/jgYTlkIjjgo/jgZvjgY/jgaDjgZXjgYTjgII8YnI+CuOAkOOBiuWVj+OBhOWQiOOCj+OBm+WFiO+8mjA3NDItMzAtNDQ2N+OAkeS6iOOCgeS4iuiomOWGheWuueOCkuOBlOS6huaJv+OBruS4iuOBlOazqOaWh+mgguOBkeOBvuOBmeOCiOOBhuOCiOOCjeOBl+OBj+OBiumhmOOBhOOBhOOBn+OBl+OBvuOBmeOAgjxicj48YnI+CuOAkOWVhuWTgeiqrOaYjuOAkTxicj4K5YiH44KK5oqc44GN5paH5a2X44Gu44OR44O844OE44Gn44GZ44CC5omL5L2c44KK44CB54mp5L2c44KK44Gr44GU5Yip55So44GP44Gg44GV44GE44CC44Ki44Or44OV44Kh44OZ44OD44OI44KE44Oe44O844Kv44Go57WE44G/5ZCI44KP44Gb44Gm44Kq44Oq44K444OK44Or44OX44Os44O844OI5L2c44KK44Gq44Gp44Gr44CCPGJyPgrilqDllYblk4HlkI0g44Ki44Kv44Oq44Or6KO95YiH44KK5oqc44GN5paH5a2X77yI5pWw5a2X44O76KiY5Y+377yJPGJyPgrilqDjgrXjgqTjgroo57SEKSDpq5jjgZUzY23vvJrlpKfmloflrZfjga4zY23jgr/jgqTjg5fjgavlkIjjgo/jgZvjgZ/jg5Djg6njg7PjgrnjgafkvZzmiJDjgZfjgabjgYTjgb7jgZnjgII8YnI+CuWOmuOBle+8mjNtbTxicj4K4pag44Kr44Op44O8PGJyPgrjg6zjg6Ljg7PjgqTjgqjjg63jg7wv44Kq44Os44Oz44K444Oe44OA44O8L+ODkOODvOODn+ODquOCquODsy/jg63jg7zjgrrjg5Tjg7Pjgq8v44OW44Or44O8L+ODnuODquODs+ODluODq+ODvC/jgqjjg6Hjg6njg6vjg4kv44OT44Oq44K444Oj44OzL+m7ku+8iOOBj+OCje+8iS/nmb3vvIjjgZfjgo3vvIkv6YCP5piOPGJyPgrilqDjg4fjgrbjgqTjg7PjgIDjgrvjg6rjg5Xjg5Xjgqnjg7Pjg4gv562G6KiY5L2T44OV44Kp44Oz44OIL+inkuaWh+Wtl+ODleOCqeODs+ODiC/kuLjmloflrZfjg5Xjgqnjg7Pjg4gv44Kk44K/44Oq44OD44Kv44OV44Kp44Oz44OIL+OCueOCv+OCpOODquODg+OCt+ODpeODleOCqeODs+ODiC/miYvmm7jjgY3poqjjg5Xjgqnjg7Pjg4g8YnI+CuKWoOe0oOadkCDjgqLjgq/jg6rjg6vmnb88YnI+CuKWoOOCu+ODg+ODiOWGheWuuSDliIfjgormipzjgY3mloflrZfDlzE8YnI+CuKWoOWCmeiAgzxicj4K4oC744GK5L2/44GE44GuUEPnkrDlooPjgavjgojjgorlrp/pmpvjga7jgYroibLjgajnlbDjgarjgovloLTlkIjjgYzjgZTjgZbjgYTjgb7jgZnjgII8YnI+4oC757Sw44GE44OR44O844OE44KE57Sw44GP44Gq44Gj44Gm44GE44KL566H5omA44Gv44CB5Ymy44KM44KE44GZ44GE44Gf44KB44CB5Y+W5omx44GE44Gr44GU5rOo5oSP5LiL44GV44GE44CCPGJyPuOBguOCieOBi+OBmOOCgeOBlOS6huaJv+OBj+OBoOOBleOBhOOAgjxicj48YnI+CjxpbWcgc3JjPSJodHRwOi8vd3d3LnJha3V0ZW4ubmUuanAvZ29sZC9lbmNoYW50ZXNob3AvaW1hZ2VzL2ZyZWUtcGFnZS9raXJpbnVraS1pbmZvLWJ1bm5lci5qcGciIHdpZHRoPSIxMDAlIj4=,6Ieq56S+5bel5oi/44Ki44Kv44Oq44Or6KO95YiH44KK5oqc44GN5paH5a2X77yI5pWw5a2X44O76KiY5Y+377yJM2NtIOWOmuOBlee0hDNtbSAv5YiH44KK5paH5a2X5YiH5paH5a2X44OR44O844OE44Ot44O844Oe5a2X44OP44Oz44OJ44Oh44Kk44OJ44Kv44Op44OV44OIRElZ6KGo5pyt44ON44O844Og44OX44Os44O844OI55yL5p2/44Km44Kn44Or44Kr44Og44Oc44O844OJ44Km44Ko44OH44Kj44Oz44Kw44Km44Kn44Or44Kr44Og44Oc44O844OJ44CQ44Kv44Ot44ON44KzRE3kvr/lr77lv5zjgJFbTeS+vyAxLzMwXe+8muOCouODs+OCt+ODo+ODs+ODhuODnuODvOOCseODg+ODiA==,6YCa5L+h6LKp5aOy6YCa6LKp44K344On44OD44OU44Oz44Kw44Kq44Oz44Op44Kk44Oz44K344On44OD44OU44Oz44Kw6LK344GE54mp44OX44Os44K844Oz44OI44Ku44OV44OI6LSI44KK54mp6LSI562U5ZOB44GK5Lit5YWD44GK5q2z5pqu44GK6LK344GE5b6X6J2244ON44Kv44K/44KkIOOCreODg+OCuuidtuODjeOCr+OCv+OCpCDotaTliIfjgormipzjgY3mloflrZfliIfjgormipzjgY0g44Kr44OD44K/44O844Km44Kn44Or44Kr44Og44Oc44O844OJIOaWh+Wtl+OCpuOCp+ODq+OCq+ODoOODnOODvOODiSDntKDmnZDmloflrZcg5Yqg5bel6ZuR6LKoIOOCruODleODiOWIh+OCiuaWh+WtlyDooajmnK3liIfjgormipzjgY0g5paH5a2XIOODleOCqeODs+ODiOiHquekvuW3peaIv+OCouOCr+ODquODq+ijveWIh+OCiuaKnOOBjeaWh+Wtl++8iOaVsOWtl+ODu+iomOWPt++8iTNjbSDljprjgZXntIQzbW0gL+WIh+OCiuaWh+Wtl+WIh+aWh+Wtl+ODkeODvOODhOODreODvOODnuWtl+ODj+ODs+ODieODoeOCpOODieOCr+ODqeODleODiERJWeihqOacreODjeODvOODoOODl+ODrOODvOODiOeci+adv+OCpuOCp+ODq+OCq+ODoOODnOODvOODieOCpuOCqOODh+OCo+ODs+OCsOOCpuOCp+ODq+OCq+ODoOODnOODvOODieOAkOOCr+ODreODjeOCs0RN5L6/5a++5b+c44CRW03kvr8gMS8zMF0=,44Kq44Oq44K444OK44Or44ON44O844Og44OX44Os44O844OI44Gq44Gp44Gr44CC44CC6Ieq56S+5bel5oi/44Ki44Kv44Oq44Or6KO95YiH44KK5oqc44GN5paH5a2X77yI5pWw5a2X44O76KiY5Y+377yJM2NtIOWOmuOBlee0hDNtbSAv5YiH44KK5paH5a2X5YiH5paH5a2X44OR44O844OE44Ot44O844Oe5a2X44OP44Oz44OJ44Oh44Kk44OJ44Kv44Op44OV44OIRElZ6KGo5pyt44ON44O844Og44OX44Os44O844OI55yL5p2/44Km44Kn44Or44Kr44Og44Oc44O844OJ44Km44Ko44OH44Kj44Oz44Kw44Km44Kn44Or44Kr44Og44Oc44O844OJ44CQ44Kv44Ot44ON44KzRE3kvr/lr77lv5zjgJFbTeS+vyAxLzMwXQ==[rn]
11-22211,aHR0cDovL3RzaG9wLnIxMHMuanAvZW5jaGFudGVzaG9wL2NhYmluZXQvaGFuZG1hZGUvaG0tNS05NS1yZW5ldy5qcGc/Zml0aW49NzAwOjcwMA==,MTkyLjAwMDA=,,5pel55So5ZOB6ZuR6LKo44O75paH5oi/5YW344O75omL6Iq4ID4g5omL6Iq444O744Kv44Op44OV44OI44O755Sf5ZywID4g44Gd44Gu5LuW,44Kz44O844OK44O86YeR5YW377yI44Kz44O844OK44O844OX44Os44O844OI77yJIOODluODreODs+OCuuODiOODvOODszQuNWNtIHggNC41Y23vvIg044Kz5YWl44KK77yJLyDjgqvjg6vjg4jjg4rjg7zjgrjjg6Ug44K444Ol44Ko44Oq44O844Oc44OD44Kv44K5IOacqOeusSDjgq/jg6njg5Xjg4gg44Kk44Oz44OG44Oq44KiIOWutuWFtyDjg5fjg4Eg5aWz5a2QIOijnOW8tyBESVlbaGFuXeOAkOOCr+ODreODjeOCs0RN5L6/5a++5b+c44CRW03kvr8xLyA1XQ==,,PGNlbnRlcj4KCjxpbWcgc3JjPSJodHRwOi8vaW1hZ2UucmFrdXRlbi5jby5qcC9lbmNoYW50ZXNob3AvY2FiaW5ldC9tYWlsYmluL21haWxhLW9rLmpwZyIgd2lkdGg9IjkwJSIgYm9yZGVyPSIwIj48L2NlbnRlcj4KPGhyPjxmb250IGNvbG9yPSJmZjAwMDAiPuKAu+OBlOizvOWFpeWJjeOBq+W/heOBmuOBiuiqreOBv+OBj+OBoOOBleOBhDwvZm9udD48YnI+Cu+8nu+8niDjg6Hjg7zjg6vkvr/jgavjgaTjgYTjgabjga/jgZPjgaHjgok8YnI+Cjxocj4KPGJyPjxicj4K5aSn6YeP5rOo5paH44Gr44Gk44GN44G+44GX44Gm44K/44Kk44Of44Oz44Kw44GM44KP44KL44GP6LO85YWl5pWw44KS44GU55So5oSP44Gn44GN44Gq44GE5aC05ZCI44GM44G+44KM44Gr44GU44GW44GE44G+44GZ44CCPGJyPgrotrPjgorjgarjgYTliIbjgavjgaTjgY3jgb7jgZfjgabjga/lhaXojbfmrKHnrKzjga7nmbrpgIHjgafjgZTnm7joq4fjgZXjgZvjgabjgYTjgZ/jgaDjgY/jgZPjgajjgYzjgYLjgorjgb7jgZnjga7jgafjgZTnkIbop6Pjga7jgbvjganjgYrpoZjjgYTjgZfjgb7jgZnjgII8YnI+Cjxocj4KPGJyPgoKCuKWoOOCteOCpOOCuijntIQpNC41Y20geCA0LjVjbTxicj4K4pag57Sg5p2Q44CA5ZCI6YeRPGJyPgrilqDjgqvjg6njg7zjgIDjg5bjg63jg7Pjgrrjg4jjg7zjg7M8YnI+CuKWoOOCu+ODg+ODiOWGheWuuSDjgrPjg7zjg4rjg7zph5HlhbfvvIjop5Lph5HvvInDlzTlgIs8YnI+CuKWoOWCmeiAgyA8YnI+CuKAu+ODkeOCveOCs+ODs+OBrueSsOWig+eKtuazgeOBq+OCiOOCiuOAgeWun+mam+OBruOBiuiJsuOBqOeVsOOBquOCi+WgtOWQiOOBjOOBlOOBluOBhOOBvuOBmeOAgjxicj4K4oC75rW35aSW5LuV5YWl44KM44Gu6KO95ZOB44Gu44Gf44KB44GK6Imy44CB5b2i44Gq44Gp5LuV5YWl44KM5pmC5pyf44KE44Ot44OD44OI44Gr44KI44KK6Iul5bmy44Gu5beu55Ww44GM44GC44KL5aC05ZCI44GM44GU44GW44GE44G+44GZ44CCPGJyPjxicj4=,44Kz44O844OK44O86YeR5YW377yI44Kz44O844OK44O844OX44Os44O844OI77yJIOODluODreODs+OCuuODiOODvOODszQuNWNtIHggNC41Y23vvIg044Kz5YWl44KK77yJLyDjgqvjg6vjg4jjg4rjg7zjgrjjg6Ug44K444Ol44Ko44Oq44O844Oc44OD44Kv44K5IOacqOeusSDjgq/jg6njg5Xjg4gg44Kk44Oz44OG44Oq44KiIOWutuWFtyDjg5fjg4Eg5aWz5a2QIOijnOW8tyBESVlbaGFuXeOAkOOCr+ODreODjeOCs0RN5L6/5a++5b+c44CRW03kvr8xLyA1Xe+8muOCouODs+OCt+ODo+ODs+ODhuODnuODvOOCseODg+ODiA==,6YCa5L+h6LKp5aOy6YCa6LKp44K344On44OD44OU44Oz44Kw44Kq44Oz44Op44Kk44Oz44K344On44OD44OU44Oz44Kw6LK344GE54mp44OX44Os44K844Oz44OI44Ku44OV44OI6LSI44KK54mp6LSI562U5ZOB44GK5Lit5YWD44GK5q2z5pqu44GK6LK344GE5b6X6J2244ON44Kv44K/44KkIOOCreODg+OCuuidtuODjeOCr+OCv+OCpCDotaTliIfjgormipzjgY3mloflrZfliIfjgormipzjgY0g44Kr44OD44K/44O844Km44Kn44Or44Kr44Og44Oc44O844OJIOaWh+Wtl+OCpuOCp+ODq+OCq+ODoOODnOODvOODiSDntKDmnZDmloflrZcg5Yqg5bel6ZuR6LKoIOOCruODleODiOWIh+OCiuaWh+WtlyDooajmnK3liIfjgormipzjgY0g5paH5a2XIOODleOCqeODs+ODiOOCs+ODvOODiuODvOmHkeWFt++8iOOCs+ODvOODiuODvOODl+ODrOODvOODiO+8iSDjg5bjg63jg7Pjgrrjg4jjg7zjg7M0LjVjbSB4IDQuNWNt77yINOOCs+WFpeOCiu+8iS8g44Kr44Or44OI44OK44O844K444OlIOOCuOODpeOCqOODquODvOODnOODg+OCr+OCuSDmnKjnrrEg44Kv44Op44OV44OIIOOCpOODs+ODhuODquOCoiDlrrblhbcg44OX44OBIOWls+WtkCDoo5zlvLcgRElZW2hhbl3jgJDjgq/jg63jg43jgrNETeS+v+WvvuW/nOOAkVtN5L6/MS8gNV0=,44Kr44Or44OI44OK44O844K444Ol44Gr44KC5L2/44GI44KL6KeS6YeRKOmahemHkeODu+mjvuOCiumHkeWFtynjgILjgrPjg7zjg4rjg7zph5HlhbfvvIjjgrPjg7zjg4rjg7zjg5fjg6zjg7zjg4jvvIkg44OW44Ot44Oz44K644OI44O844OzNC41Y20geCA0LjVjbe+8iDTjgrPlhaXjgorvvIkvIOOCq+ODq+ODiOODiuODvOOCuOODpSDjgrjjg6Xjgqjjg6rjg7zjg5zjg4Pjgq/jgrkg5pyo566xIOOCr+ODqeODleODiCDjgqTjg7Pjg4bjg6rjgqIg5a625YW3IOODl+ODgSDlpbPlrZAg6KOc5by3IERJWVtoYW5d44CQ44Kv44Ot44ON44KzRE3kvr/lr77lv5zjgJFbTeS+vzEvIDVd[rn]
11-22212,aHR0cDovL3RzaG9wLnIxMHMuanAvZW5jaGFudGVzaG9wL2NhYmluZXQvaGFuZG1hZGUvaG0tNi0xNS5qcGc/Zml0aW49NzAwOjcwMA==,MTYwLjAwMDA=,,5pel55So5ZOB6ZuR6LKo44O75paH5oi/5YW344O75omL6Iq4ID4g5omL6Iq444O744Kv44Op44OV44OI44O755Sf5ZywID4g44Gd44Gu5LuW,44Kz44O844OK44O86YeR5YW377yI44Kz44O844OK44O844OX44Os44O844OI77yJIOOCt+ODq+ODkOODvOODiOODvOODszMwbW14NDNtbe+8iDTjgrPlhaXjgorvvIkvIOODmuODvOODkeODvCDjg6zjgrbjg7wg44Kv44Op44OV44OIIOOCq+ODq+ODiOODiuODvOOCuOODpSDoo5zlvLcg44OV44Kp44OI44OV44Os44O844OgIOODkOOCpOODs+ODgOODvCDmiYvluLMg44OW44OD44Kv44Kr44OQ44O8W2hhbl3jgJDjgq/jg63jg43jgrNETeS+v+WvvuW/nOOAkVtN5L6/MS8gNV0=,,PGNlbnRlcj4KCjxpbWcgc3JjPSJodHRwOi8vaW1hZ2UucmFrdXRlbi5jby5qcC9lbmNoYW50ZXNob3AvY2FiaW5ldC9tYWlsYmluL21haWxhLW9rLmpwZyIgd2lkdGg9IjkwJSIgYm9yZGVyPSIwIj48L2NlbnRlcj4KPGhyPjxmb250IGNvbG9yPSJmZjAwMDAiPuKAu+OBlOizvOWFpeWJjeOBq+W/heOBmuOBiuiqreOBv+OBj+OBoOOBleOBhDwvZm9udD48YnI+Cu+8nu+8niDjg6Hjg7zjg6vkvr/jgavjgaTjgYTjgabjga/jgZPjgaHjgok8YnI+Cjxocj4KPGJyPjxicj4K5aSn6YeP5rOo5paH44Gr44Gk44GN44G+44GX44Gm44K/44Kk44Of44Oz44Kw44GM44KP44KL44GP6LO85YWl5pWw44KS44GU55So5oSP44Gn44GN44Gq44GE5aC05ZCI44GM44G+44KM44Gr44GU44GW44GE44G+44GZ44CCPGJyPgrotrPjgorjgarjgYTliIbjgavjgaTjgY3jgb7jgZfjgabjga/lhaXojbfmrKHnrKzjga7nmbrpgIHjgafjgZTnm7joq4fjgZXjgZvjgabjgYTjgZ/jgaDjgY/jgZPjgajjgYzjgYLjgorjgb7jgZnjga7jgafjgZTnkIbop6Pjga7jgbvjganjgYrpoZjjgYTjgZfjgb7jgZnjgII8YnI+Cjxocj4KPGJyPgoK4pag44K144Kk44K6KOe0hCkzMG1tIHggNDNtbSAo5Y6a44GVKThtbeOAgDxicj4K4pag57Sg5p2Q44CA5ZCI6YeRPGJyPgrilqDjgqvjg6njg7zjgIDjgrfjg6vjg5Djg7zjg4jjg7zjg7M8YnI+CuKWoOOCu+ODg+ODiOWGheWuuSDjgrPjg7zjg4rjg7zph5HlhbfvvIjop5Lph5HvvInDlzTlgIs8YnI+CuKWoOWCmeiAgyA8YnI+CuKAu+ODkeOCveOCs+ODs+OBrueSsOWig+eKtuazgeOBq+OCiOOCiuOAgeWun+mam+OBruOBiuiJsuOBqOeVsOOBquOCi+WgtOWQiOOBjOOBlOOBluOBhOOBvuOBmeOAgjxicj4K4oC75rW35aSW5LuV5YWl44KM44Gu6KO95ZOB44Gu44Gf44KB44GK6Imy44CB5b2i44Gq44Gp5LuV5YWl44KM5pmC5pyf44KE44Ot44OD44OI44Gr44KI44KK6Iul5bmy44Gu5beu55Ww44GM44GC44KL5aC05ZCI44GM44GU44GW44GE44G+44GZ44CCPGJyPjxicj4=,44Kz44O844OK44O86YeR5YW377yI44Kz44O844OK44O844OX44Os44O844OI77yJIOOCt+ODq+ODkOODvOODiOODvOODszMwbW14NDNtbe+8iDTjgrPlhaXjgorvvIkvIOODmuODvOODkeODvCDjg6zjgrbjg7wg44Kv44Op44OV44OIIOOCq+ODq+ODiOODiuODvOOCuOODpSDoo5zlvLcg44OV44Kp44OI44OV44Os44O844OgIOODkOOCpOODs+ODgOODvCDmiYvluLMg44OW44OD44Kv44Kr44OQ44O8W2hhbl3jgJDjgq/jg63jg43jgrNETeS+v+WvvuW/nOOAkVtN5L6/MS8gNV3vvJrjgqLjg7Pjgrfjg6Pjg7Pjg4bjg57jg7zjgrHjg4Pjg4g=,6YCa5L+h6LKp5aOy6YCa6LKp44K344On44OD44OU44Oz44Kw44Kq44Oz44Op44Kk44Oz44K344On44OD44OU44Oz44Kw6LK344GE54mp44OX44Os44K844Oz44OI44Ku44OV44OI6LSI44KK54mp6LSI562U5ZOB44GK5Lit5YWD44GK5q2z5pqu44GK6LK344GE5b6X6J2244ON44Kv44K/44KkIOOCreODg+OCuuidtuODjeOCr+OCv+OCpCDotaTliIfjgormipzjgY3mloflrZfliIfjgormipzjgY0g44Kr44OD44K/44O844Km44Kn44Or44Kr44Og44Oc44O844OJIOaWh+Wtl+OCpuOCp+ODq+OCq+ODoOODnOODvOODiSDntKDmnZDmloflrZcg5Yqg5bel6ZuR6LKoIOOCruODleODiOWIh+OCiuaWh+WtlyDooajmnK3liIfjgormipzjgY0g5paH5a2XIOODleOCqeODs+ODiOOCs+ODvOODiuODvOmHkeWFt++8iOOCs+ODvOODiuODvOODl+ODrOODvOODiO+8iSDjgrfjg6vjg5Djg7zjg4jjg7zjg7MzMG1teDQzbW3vvIg044Kz5YWl44KK77yJLyDjg5rjg7zjg5Hjg7wg44Os44K244O8IOOCr+ODqeODleODiCDjgqvjg6vjg4jjg4rjg7zjgrjjg6Ug6KOc5by3IOODleOCqeODiOODleODrOODvOODoCDjg5DjgqTjg7Pjg4Djg7wg5omL5bizIOODluODg+OCr+OCq+ODkOODvFtoYW5d44CQ44Kv44Ot44ON44KzRE3kvr/lr77lv5zjgJFbTeS+vzEvIDVd,44Kr44Or44OI44OK44O844K444Ol44Gr44KC5L2/44GI44KL6KeS6YeRKOmahemHkeODu+mjvuOCiumHkeWFtynjgILjgrPjg7zjg4rjg7zph5HlhbfvvIjjgrPjg7zjg4rjg7zjg5fjg6zjg7zjg4jvvIkg44K344Or44OQ44O844OI44O844OzMzBtbXg0M21t77yINOOCs+WFpeOCiu+8iS8g44Oa44O844OR44O8IOODrOOCtuODvCDjgq/jg6njg5Xjg4gg44Kr44Or44OI44OK44O844K444OlIOijnOW8tyDjg5Xjgqnjg4jjg5Xjg6zjg7zjg6Ag44OQ44Kk44Oz44OA44O8IOaJi+W4syDjg5bjg4Pjgq/jgqvjg5Djg7xbaGFuXeOAkOOCr+ODreODjeOCs0RN5L6/5a++5b+c44CRW03kvr8xLyA1XQ==[rn]
11-22213,aHR0cDovL3RzaG9wLnIxMHMuanAvZW5jaGFudGVzaG9wL2NhYmluZXQvaGFuZG1hZGUvaG0tMTAtNi1jOC5qcGc/Zml0aW49NzAwOjcwMA==,MTEyLjAwMDA=,,5pel55So5ZOB6ZuR6LKo44O75paH5oi/5YW344O75omL6Iq4ID4g5omL6Iq444O744Kv44Op44OV44OI44O755Sf5ZywID4g44Gd44Gu5LuW,44Kz44O844OK44O86YeR5YW377yI44Kz44O844OK44O844OX44Os44O844OI77yJIOODluODreODs+OCuuODiOODvOODszIybW3vvIg044Kz5YWl44KK77yJLyDjgrjjg6Xjgqjjg6rjg7zjg5zjg4Pjgq/jgrkg5pyo566xIOOCr+ODqeODleODiCDjgqTjg7Pjg4bjg6rjgqIg5a625YW3IOODl+ODgSDlpbPlrZAg6KOc5by3IERJWeOAkOOCr+ODreODjeOCs0RN5L6/5a++5b+c44CRW03kvr8xLyA1XQ==,,PGNlbnRlcj4KCjxpbWcgc3JjPSJodHRwOi8vaW1hZ2UucmFrdXRlbi5jby5qcC9lbmNoYW50ZXNob3AvY2FiaW5ldC9tYWlsYmluL21haWxhLW9rLmpwZyIgd2lkdGg9IjkwJSIgYm9yZGVyPSIwIj48L2NlbnRlcj4KPGhyPjxmb250IGNvbG9yPSJmZjAwMDAiPuKAu+OBlOizvOWFpeWJjeOBq+W/heOBmuOBiuiqreOBv+OBj+OBoOOBleOBhDwvZm9udD48YnI+Cu+8nu+8niDjg6Hjg7zjg6vkvr/jgavjgaTjgYTjgabjga/jgZPjgaHjgok8YnI+Cjxocj4KPGJyPjxicj4K5aSn6YeP5rOo5paH44Gr44Gk44GN44G+44GX44Gm44K/44Kk44Of44Oz44Kw44GM44KP44KL44GP6LO85YWl5pWw44KS44GU55So5oSP44Gn44GN44Gq44GE5aC05ZCI44GM44G+44KM44Gr44GU44GW44GE44G+44GZ44CCPGJyPgrotrPjgorjgarjgYTliIbjgavjgaTjgY3jgb7jgZfjgabjga/lhaXojbfmrKHnrKzjga7nmbrpgIHjgafjgZTnm7joq4fjgZXjgZvjgabjgYTjgZ/jgaDjgY/jgZPjgajjgYzjgYLjgorjgb7jgZnjga7jgafjgZTnkIbop6Pjga7jgbvjganjgYrpoZjjgYTjgZfjgb7jgZnjgII8YnI+Cjxocj4KPGJyPgoKCuKWoOOCteOCpOOCuijntIQpMjJtbSB4IDIybW0geCAyMm1tPGJyPgrilqDntKDmnZDjgIDlkIjph5E8YnI+CuKWoOOCq+ODqeODvOOAgOODluODreODs+OCuuODiOODvOODszxicj4K4pag44K744OD44OI5YaF5a65IOOCs+ODvOODiuODvOmHkeWFt++8iOinkumHke+8icOXNOWAizxicj4K4pag5YKZ6ICDIDxicj4K4oC744OR44K944Kz44Oz44Gu55Kw5aKD54q25rOB44Gr44KI44KK44CB5a6f6Zqb44Gu44GK6Imy44Go55Ww44Gq44KL5aC05ZCI44GM44GU44GW44GE44G+44GZ44CCPGJyPgrigLvmtbflpJbku5XlhaXjgozjga7oo73lk4Hjga7jgZ/jgoHjgYroibLjgIHlvaLjgarjganku5XlhaXjgozmmYLmnJ/jgoTjg63jg4Pjg4jjgavjgojjgoroi6XlubLjga7lt67nlbDjgYzjgYLjgovloLTlkIjjgYzjgZTjgZbjgYTjgb7jgZnjgII8YnI+PGJyPgo8Y2VudGVyPjxpbWcgc3JjPSJodHRwOi8vaW1hZ2UucmFrdXRlbi5jby5qcC9lbmNoYW50ZXNob3AvY2FiaW5ldC9jYXRlZ29yeS9yZXRyb19kaXlfcGFydHMtNjAwLmpwZyIgYm9yZGVyPSIwIiB3aWR0aD0iOTAlIj48L2NlbnRlcj4=,44Kz44O844OK44O86YeR5YW377yI44Kz44O844OK44O844OX44Os44O844OI77yJIOODluODreODs+OCuuODiOODvOODszIybW3vvIg044Kz5YWl44KK77yJLyDjgrjjg6Xjgqjjg6rjg7zjg5zjg4Pjgq/jgrkg5pyo566xIOOCr+ODqeODleODiCDjgqTjg7Pjg4bjg6rjgqIg5a625YW3IOODl+ODgSDlpbPlrZAg6KOc5by3IERJWeOAkOOCr+ODreODjeOCs0RN5L6/5a++5b+c44CRW03kvr8xLyA1Xe+8muOCouODs+OCt+ODo+ODs+ODhuODnuODvOOCseODg+ODiA==,6YCa5L+h6LKp5aOy6YCa6LKp44K344On44OD44OU44Oz44Kw44Kq44Oz44Op44Kk44Oz44K344On44OD44OU44Oz44Kw6LK344GE54mp44OX44Os44K844Oz44OI44Ku44OV44OI6LSI44KK54mp6LSI562U5ZOB44GK5Lit5YWD44GK5q2z5pqu44GK6LK344GE5b6X6J2244ON44Kv44K/44KkIOOCreODg+OCuuidtuODjeOCr+OCv+OCpCDotaTliIfjgormipzjgY3mloflrZfliIfjgormipzjgY0g44Kr44OD44K/44O844Km44Kn44Or44Kr44Og44Oc44O844OJIOaWh+Wtl+OCpuOCp+ODq+OCq+ODoOODnOODvOODiSDntKDmnZDmloflrZcg5Yqg5bel6ZuR6LKoIOOCruODleODiOWIh+OCiuaWh+WtlyDooajmnK3liIfjgormipzjgY0g5paH5a2XIOODleOCqeODs+ODiOOCs+ODvOODiuODvOmHkeWFt++8iOOCs+ODvOODiuODvOODl+ODrOODvOODiO+8iSDjg5bjg63jg7Pjgrrjg4jjg7zjg7MyMm1t77yINOOCs+WFpeOCiu+8iS8g44K444Ol44Ko44Oq44O844Oc44OD44Kv44K5IOacqOeusSDjgq/jg6njg5Xjg4gg44Kk44Oz44OG44Oq44KiIOWutuWFtyDjg5fjg4Eg5aWz5a2QIOijnOW8tyBESVnjgJDjgq/jg63jg43jgrNETeS+v+WvvuW/nOOAkVtN5L6/MS8gNV0=,44Kr44Or44OI44OK44O844K444Ol44Gr44KC5L2/44GI44KL6KeS6YeRKOmahemHkeODu+mjvuOCiumHkeWFtynjgILjgrPjg7zjg4rjg7zph5HlhbfvvIjjgrPjg7zjg4rjg7zjg5fjg6zjg7zjg4jvvIkg44OW44Ot44Oz44K644OI44O844OzMjJtbe+8iDTjgrPlhaXjgorvvIkvIOOCuOODpeOCqOODquODvOODnOODg+OCr+OCuSDmnKjnrrEg44Kv44Op44OV44OIIOOCpOODs+ODhuODquOCoiDlrrblhbcg44OX44OBIOWls+WtkCDoo5zlvLcgRElZ44CQ44Kv44Ot44ON44KzRE3kvr/lr77lv5zjgJFbTeS+vzEvIDVd[rn]
11-22214,aHR0cDovL3RzaG9wLnIxMHMuanAvZW5jaGFudGVzaG9wL2NhYmluZXQvaGFuZG1hZGUvaG0tNi0xMi5qcGc/Zml0aW49NzAwOjcwMA==,NDAuMDAwMA==,,5pel55So5ZOB6ZuR6LKo44O75paH5oi/5YW344O75omL6Iq4ID4g5omL6Iq444O744Kv44Op44OV44OI44O755Sf5ZywID4g44Gd44Gu5LuW,44Kz44O844OK44O86YeR5YW377yI44Kz44O844OK44O844OX44Os44O844OI77yJIOODluODreODs+OCuuODiOODvOODszI4bW14MjBtbe+8iDTjgrPlhaXjgorvvIkvIOODmuODvOODkeODvCDjg6zjgrbjg7wg44Kv44Op44OV44OIIOOCq+ODq+ODiOODiuODvOOCuOODpSDoo5zlvLcg44OV44Kp44OI44OV44Os44O844OgIOODkOOCpOODs+ODgOODvCDmiYvluLMg44OW44OD44Kv44Kr44OQ44O8W2hhbl3jgJDjgq/jg63jg43jgrNETeS+v+WvvuW/nOOAkVtN5L6/MS8gMTBd,,PGNlbnRlcj4KCjxpbWcgc3JjPSJodHRwOi8vaW1hZ2UucmFrdXRlbi5jby5qcC9lbmNoYW50ZXNob3AvY2FiaW5ldC9tYWlsYmluL21haWxhLW9rLmpwZyIgd2lkdGg9IjkwJSIgYm9yZGVyPSIwIj48L2NlbnRlcj4KPGhyPjxmb250IGNvbG9yPSJmZjAwMDAiPuKAu+OBlOizvOWFpeWJjeOBq+W/heOBmuOBiuiqreOBv+OBj+OBoOOBleOBhDwvZm9udD48YnI+Cu+8nu+8niDjg6Hjg7zjg6vkvr/jgavjgaTjgYTjgabjga/jgZPjgaHjgok8YnI+Cjxocj4KPGJyPjxicj4K5aSn6YeP5rOo5paH44Gr44Gk44GN44G+44GX44Gm44K/44Kk44Of44Oz44Kw44GM44KP44KL44GP6LO85YWl5pWw44KS44GU55So5oSP44Gn44GN44Gq44GE5aC05ZCI44GM44G+44KM44Gr44GU44GW44GE44G+44GZ44CCPGJyPgrotrPjgorjgarjgYTliIbjgavjgaTjgY3jgb7jgZfjgabjga/lhaXojbfmrKHnrKzjga7nmbrpgIHjgafjgZTnm7joq4fjgZXjgZvjgabjgYTjgZ/jgaDjgY/jgZPjgajjgYzjgYLjgorjgb7jgZnjga7jgafjgZTnkIbop6Pjga7jgbvjganjgYrpoZjjgYTjgZfjgb7jgZnjgII8YnI+Cjxocj4KPGJyPgoK4pag44K144Kk44K6KOe0hCkyOG1tIHggMjBtbSAo5Y6a44GVKTUuNm1tPGJyPgrilqDntKDmnZDjgIDlkIjph5E8YnI+CuKWoOOCq+ODqeODvOOAgOODluODreODs+OCuuODiOODvOODszxicj4K4pag44K744OD44OI5YaF5a65IOOCs+ODvOODiuODvOmHkeWFt++8iOinkumHke+8icOXNOWAizxicj4K4pag5YKZ6ICDIDxicj4K4oC744OR44K944Kz44Oz44Gu55Kw5aKD54q25rOB44Gr44KI44KK44CB5a6f6Zqb44Gu44GK6Imy44Go55Ww44Gq44KL5aC05ZCI44GM44GU44GW44GE44G+44GZ44CCPGJyPgrigLvmtbflpJbku5XlhaXjgozjga7oo73lk4Hjga7jgZ/jgoHjgYroibLjgIHlvaLjgarjganku5XlhaXjgozmmYLmnJ/jgoTjg63jg4Pjg4jjgavjgojjgoroi6XlubLjga7lt67nlbDjgYzjgYLjgovloLTlkIjjgYzjgZTjgZbjgYTjgb7jgZnjgII8YnI+PGJyPg==,44Kz44O844OK44O86YeR5YW377yI44Kz44O844OK44O844OX44Os44O844OI77yJIOODluODreODs+OCuuODiOODvOODszI4bW14MjBtbe+8iDTjgrPlhaXjgorvvIkvIOODmuODvOODkeODvCDjg6zjgrbjg7wg44Kv44Op44OV44OIIOOCq+ODq+ODiOODiuODvOOCuOODpSDoo5zlvLcg44OV44Kp44OI44OV44Os44O844OgIOODkOOCpOODs+ODgOODvCDmiYvluLMg44OW44OD44Kv44Kr44OQ44O8W2hhbl3jgJDjgq/jg63jg43jgrNETeS+v+WvvuW/nOOAkVtN5L6/MS8gMTBd77ya44Ki44Oz44K344Oj44Oz44OG44Oe44O844Kx44OD44OI,6YCa5L+h6LKp5aOy6YCa6LKp44K344On44OD44OU44Oz44Kw44Kq44Oz44Op44Kk44Oz44K344On44OD44OU44Oz44Kw6LK344GE54mp44OX44Os44K844Oz44OI44Ku44OV44OI6LSI44KK54mp6LSI562U5ZOB44GK5Lit5YWD44GK5q2z5pqu44GK6LK344GE5b6X6J2244ON44Kv44K/44KkIOOCreODg+OCuuidtuODjeOCr+OCv+OCpCDotaTliIfjgormipzjgY3mloflrZfliIfjgormipzjgY0g44Kr44OD44K/44O844Km44Kn44Or44Kr44Og44Oc44O844OJIOaWh+Wtl+OCpuOCp+ODq+OCq+ODoOODnOODvOODiSDntKDmnZDmloflrZcg5Yqg5bel6ZuR6LKoIOOCruODleODiOWIh+OCiuaWh+WtlyDooajmnK3liIfjgormipzjgY0g5paH5a2XIOODleOCqeODs+ODiOOCs+ODvOODiuODvOmHkeWFt++8iOOCs+ODvOODiuODvOODl+ODrOODvOODiO+8iSDjg5bjg63jg7Pjgrrjg4jjg7zjg7MyOG1teDIwbW3vvIg044Kz5YWl44KK77yJLyDjg5rjg7zjg5Hjg7wg44Os44K244O8IOOCr+ODqeODleODiCDjgqvjg6vjg4jjg4rjg7zjgrjjg6Ug6KOc5by3IOODleOCqeODiOODleODrOODvOODoCDjg5DjgqTjg7Pjg4Djg7wg5omL5bizIOODluODg+OCr+OCq+ODkOODvFtoYW5d44CQ44Kv44Ot44ON44KzRE3kvr/lr77lv5zjgJFbTeS+vzEvIDEwXQ==,44Kr44Or44OI44OK44O844K444Ol44Gr44KC5L2/44GI44KL6KeS6YeRKOmahemHkeODu+mjvuOCiumHkeWFtynjgILjgrPjg7zjg4rjg7zph5HlhbfvvIjjgrPjg7zjg4rjg7zjg5fjg6zjg7zjg4jvvIkg44OW44Ot44Oz44K644OI44O844OzMjhtbXgyMG1t77yINOOCs+WFpeOCiu+8iS8g44Oa44O844OR44O8IOODrOOCtuODvCDjgq/jg6njg5Xjg4gg44Kr44Or44OI44OK44O844K444OlIOijnOW8tyDjg5Xjgqnjg4jjg5Xjg6zjg7zjg6Ag44OQ44Kk44Oz44OA44O8IOaJi+W4syDjg5bjg4Pjgq/jgqvjg5Djg7xbaGFuXeOAkOOCr+ODreODjeOCs0RN5L6/5a++5b+c44CRW03kvr8xLyAxMF0=[rn]
11-22215,aHR0cDovL3RzaG9wLnIxMHMuanAvZW5jaGFudGVzaG9wL2NhYmluZXQvaGFuZG1hZGUvaG0tMTEtOTUtYzguanBnP2ZpdGluPTcwMDo3MDA=,NDguMDAwMA==,,5pel55So5ZOB6ZuR6LKo44O75paH5oi/5YW344O75omL6Iq4ID4g5omL6Iq444O744Kv44Op44OV44OI44O755Sf5ZywID4g44Gd44Gu5LuW,44Kz44O844OK44O86YeR5YW377yI44Kz44O844OK44O844OX44Os44O844OI77yJIOmKheWPpOe+jiDjgqLjg7Pjg4bjgqPjg7zjgq/poqjvvIg05YCL5YWl44KK77yJLyDjg5rjg7zjg5Hjg7wg44Os44K244O8IOOCr+ODqeODleODiCDjgqvjg6vjg4jjg4rjg7zjgrjjg6Ug6KOc5by3IOODleOCqeODiOODleODrOODvOODoCDjg5DjgqTjg7Pjg4Djg7wg5omL5bizIOODluODg+OCr+OCq+ODkOODvFtoYW5d44CQ44Kv44Ot44ON44KzRE3kvr/lr77lv5zjgJFbTeS+vzEvIDEwXQ==,,PGNlbnRlcj4KCjxpbWcgc3JjPSJodHRwOi8vaW1hZ2UucmFrdXRlbi5jby5qcC9lbmNoYW50ZXNob3AvY2FiaW5ldC9tYWlsYmluL21haWxhLW9rLmpwZyIgd2lkdGg9IjkwJSIgYm9yZGVyPSIwIj48L2NlbnRlcj4KPGhyPjxmb250IGNvbG9yPSJmZjAwMDAiPuKAu+OBlOizvOWFpeWJjeOBq+W/heOBmuOBiuiqreOBv+OBj+OBoOOBleOBhDwvZm9udD48YnI+Cu+8nu+8niDjg6Hjg7zjg6vkvr/jgavjgaTjgYTjgabjga/jgZPjgaHjgok8YnI+Cjxocj4KPGJyPjxicj4K5aSn6YeP5rOo5paH44Gr44Gk44GN44G+44GX44Gm44K/44Kk44Of44Oz44Kw44GM44KP44KL44GP6LO85YWl5pWw44KS44GU55So5oSP44Gn44GN44Gq44GE5aC05ZCI44GM44G+44KM44Gr44GU44GW44GE44G+44GZ44CCPGJyPgrotrPjgorjgarjgYTliIbjgavjgaTjgY3jgb7jgZfjgabjga/lhaXojbfmrKHnrKzjga7nmbrpgIHjgafjgZTnm7joq4fjgZXjgZvjgabjgYTjgZ/jgaDjgY/jgZPjgajjgYzjgYLjgorjgb7jgZnjga7jgafjgZTnkIbop6Pjga7jgbvjganjgYrpoZjjgYTjgZfjgb7jgZnjgII8YnI+Cjxocj4KPGJyPgoK4pag44K144Kk44K6KOe0hCkyMW1tIHggMjFtbTxicj4K4pag44Kr44Op44O844CA6YqF5Y+k576OPGJyPgrilqDjgrvjg4Pjg4jlhoXlrrkg44Kz44O844OK44O86YeR5YW377yI6KeS6YeR77yJw5c05YCLPGJyPgrilqDlgpnogIMgPGJyPgrigLvjg5Hjgr3jgrPjg7Pjga7nkrDlooPnirbms4HjgavjgojjgorjgIHlrp/pmpvjga7jgYroibLjgajnlbDjgarjgovloLTlkIjjgYzjgZTjgZbjgYTjgb7jgZnjgII8YnI+CuKAu+a1t+WkluS7leWFpeOCjOOBruijveWTgeOBruOBn+OCgeOBiuiJsuOAgeW9ouOBquOBqeS7leWFpeOCjOaZguacn+OChOODreODg+ODiOOBq+OCiOOCiuiLpeW5suOBruW3rueVsOOBjOOBguOCi+WgtOWQiOOBjOOBlOOBluOBhOOBvuOBmeOAgjxicj48YnI+,44Kz44O844OK44O86YeR5YW377yI44Kz44O844OK44O844OX44Os44O844OI77yJIOmKheWPpOe+jiDjgqLjg7Pjg4bjgqPjg7zjgq/poqjvvIg05YCL5YWl44KK77yJLyDjg5rjg7zjg5Hjg7wg44Os44K244O8IOOCr+ODqeODleODiCDjgqvjg6vjg4jjg4rjg7zjgrjjg6Ug6KOc5by3IOODleOCqeODiOODleODrOODvOODoCDjg5DjgqTjg7Pjg4Djg7wg5omL5bizIOODluODg+OCr+OCq+ODkOODvFtoYW5d44CQ44Kv44Ot44ON44KzRE3kvr/lr77lv5zjgJFbTeS+vzEvIDEwXe+8muOCouODs+OCt+ODo+ODs+ODhuODnuODvOOCseODg+ODiA==,6YCa5L+h6LKp5aOy6YCa6LKp44K344On44OD44OU44Oz44Kw44Kq44Oz44Op44Kk44Oz44K344On44OD44OU44Oz44Kw6LK344GE54mp44OX44Os44K844Oz44OI44Ku44OV44OI6LSI44KK54mp6LSI562U5ZOB44GK5Lit5YWD44GK5q2z5pqu44GK6LK344GE5b6X6J2244ON44Kv44K/44KkIOOCreODg+OCuuidtuODjeOCr+OCv+OCpCDotaTliIfjgormipzjgY3mloflrZfliIfjgormipzjgY0g44Kr44OD44K/44O844Km44Kn44Or44Kr44Og44Oc44O844OJIOaWh+Wtl+OCpuOCp+ODq+OCq+ODoOODnOODvOODiSDntKDmnZDmloflrZcg5Yqg5bel6ZuR6LKoIOOCruODleODiOWIh+OCiuaWh+WtlyDooajmnK3liIfjgormipzjgY0g5paH5a2XIOODleOCqeODs+ODiOOCs+ODvOODiuODvOmHkeWFt++8iOOCs+ODvOODiuODvOODl+ODrOODvOODiO+8iSDpioXlj6Tnvo4g44Ki44Oz44OG44Kj44O844Kv6aKo77yINOWAi+WFpeOCiu+8iS8g44Oa44O844OR44O8IOODrOOCtuODvCDjgq/jg6njg5Xjg4gg44Kr44Or44OI44OK44O844K444OlIOijnOW8tyDjg5Xjgqnjg4jjg5Xjg6zjg7zjg6Ag44OQ44Kk44Oz44OA44O8IOaJi+W4syDjg5bjg4Pjgq/jgqvjg5Djg7xbaGFuXeOAkOOCr+ODreODjeOCs0RN5L6/5a++5b+c44CRW03kvr8xLyAxMF0=,44Kr44Or44OI44OK44O844K444Ol44Gr44KC5L2/44GI44KL6KeS6YeRKOmahemHkeODu+mjvuOCiumHkeWFtynjgILjgrPjg7zjg4rjg7zph5HlhbfvvIjjgrPjg7zjg4rjg7zjg5fjg6zjg7zjg4jvvIkg6YqF5Y+k576OIOOCouODs+ODhuOCo+ODvOOCr+miqO+8iDTlgIvlhaXjgorvvIkvIOODmuODvOODkeODvCDjg6zjgrbjg7wg44Kv44Op44OV44OIIOOCq+ODq+ODiOODiuODvOOCuOODpSDoo5zlvLcg44OV44Kp44OI44OV44Os44O844OgIOODkOOCpOODs+ODgOODvCDmiYvluLMg44OW44OD44Kv44Kr44OQ44O8W2hhbl3jgJDjgq/jg63jg43jgrNETeS+v+WvvuW/nOOAkVtN5L6/MS8gMTBd[rn]
11-22216,aHR0cDovL3RzaG9wLnIxMHMuanAvZW5jaGFudGVzaG9wL2NhYmluZXQvaGFuZG1hZGUvaG0tNi05LmpwZz9maXRpbj03MDA6NzAw,ODAuMDAwMA==,,5pel55So5ZOB6ZuR6LKo44O75paH5oi/5YW344O75omL6Iq4ID4g5omL6Iq444O744Kv44Op44OV44OI44O755Sf5ZywID4g44Gd44Gu5LuW,44Kz44O844OK44O86YeR5YW377yI44Kz44O844OK44O844OX44Os44O844OI77yJIOODreODvOOCuuOCtOODvOODq+ODiTMwbW14MjFtbe+8iDTjgrPlhaXjgorvvIkvIOODmuODvOODkeODvCDjg6zjgrbjg7wg44Kv44Op44OV44OIIOOCq+ODq+ODiOODiuODvOOCuOODpSDoo5zlvLcg44OV44Kp44OI44OV44Os44O844OgIOODkOOCpOODs+ODgOODvCDmiYvluLMg44OW44OD44Kv44Kr44OQ44O8W2hhbl3jgJDjgq/jg63jg43jgrNETeS+v+WvvuW/nOOAkVtN5L6/MS8gMTBd,,PGNlbnRlcj4KCjxpbWcgc3JjPSJodHRwOi8vaW1hZ2UucmFrdXRlbi5jby5qcC9lbmNoYW50ZXNob3AvY2FiaW5ldC9tYWlsYmluL21haWxhLW9rLmpwZyIgd2lkdGg9IjkwJSIgYm9yZGVyPSIwIj48L2NlbnRlcj4KPGhyPjxmb250IGNvbG9yPSJmZjAwMDAiPuKAu+OBlOizvOWFpeWJjeOBq+W/heOBmuOBiuiqreOBv+OBj+OBoOOBleOBhDwvZm9udD48YnI+Cu+8nu+8niDjg6Hjg7zjg6vkvr/jgavjgaTjgYTjgabjga/jgZPjgaHjgok8YnI+Cjxocj4KPGJyPjxicj4K5aSn6YeP5rOo5paH44Gr44Gk44GN44G+44GX44Gm44K/44Kk44Of44Oz44Kw44GM44KP44KL44GP6LO85YWl5pWw44KS44GU55So5oSP44Gn44GN44Gq44GE5aC05ZCI44GM44G+44KM44Gr44GU44GW44GE44G+44GZ44CCPGJyPgrotrPjgorjgarjgYTliIbjgavjgaTjgY3jgb7jgZfjgabjga/lhaXojbfmrKHnrKzjga7nmbrpgIHjgafjgZTnm7joq4fjgZXjgZvjgabjgYTjgZ/jgaDjgY/jgZPjgajjgYzjgYLjgorjgb7jgZnjga7jgafjgZTnkIbop6Pjga7jgbvjganjgYrpoZjjgYTjgZfjgb7jgZnjgII8YnI+Cjxocj4KPGJyPgoK4pag44K144Kk44K6KOe0hCkzMG1tIHggMjFtbSAo5Y6a44GVKTVtbTxicj4K4pag57Sg5p2Q44CA5ZCI6YeRPGJyPgrilqDjgqvjg6njg7zjgIDjg63jg7zjgrrjgrTjg7zjg6vjg4k8YnI+CuKWoOOCu+ODg+ODiOWGheWuuSDjgrPjg7zjg4rjg7zph5HlhbfvvIjop5Lph5HvvInDlzTlgIs8YnI+CuKWoOWCmeiAgyA8YnI+CuKAu+ODkeOCveOCs+ODs+OBrueSsOWig+eKtuazgeOBq+OCiOOCiuOAgeWun+mam+OBruOBiuiJsuOBqOeVsOOBquOCi+WgtOWQiOOBjOOBlOOBluOBhOOBvuOBmeOAgjxicj4K4oC75rW35aSW5LuV5YWl44KM44Gu6KO95ZOB44Gu44Gf44KB44GK6Imy44CB5b2i44Gq44Gp5LuV5YWl44KM5pmC5pyf44KE44Ot44OD44OI44Gr44KI44KK6Iul5bmy44Gu5beu55Ww44GM44GC44KL5aC05ZCI44GM44GU44GW44GE44G+44GZ44CCPGJyPjxicj4=,44Kz44O844OK44O86YeR5YW377yI44Kz44O844OK44O844OX44Os44O844OI77yJIOODreODvOOCuuOCtOODvOODq+ODiTMwbW14MjFtbe+8iDTjgrPlhaXjgorvvIkvIOODmuODvOODkeODvCDjg6zjgrbjg7wg44Kv44Op44OV44OIIOOCq+ODq+ODiOODiuODvOOCuOODpSDoo5zlvLcg44OV44Kp44OI44OV44Os44O844OgIOODkOOCpOODs+ODgOODvCDmiYvluLMg44OW44OD44Kv44Kr44OQ44O8W2hhbl3jgJDjgq/jg63jg43jgrNETeS+v+WvvuW/nOOAkVtN5L6/MS8gMTBd77ya44Ki44Oz44K344Oj44Oz44OG44Oe44O844Kx44OD44OI,6YCa5L+h6LKp5aOy6YCa6LKp44K344On44OD44OU44Oz44Kw44Kq44Oz44Op44Kk44Oz44K344On44OD44OU44Oz44Kw6LK344GE54mp44OX44Os44K844Oz44OI44Ku44OV44OI6LSI44KK54mp6LSI562U5ZOB44GK5Lit5YWD44GK5q2z5pqu44GK6LK344GE5b6X6J2244ON44Kv44K/44KkIOOCreODg+OCuuidtuODjeOCr+OCv+OCpCDotaTliIfjgormipzjgY3mloflrZfliIfjgormipzjgY0g44Kr44OD44K/44O844Km44Kn44Or44Kr44Og44Oc44O844OJIOaWh+Wtl+OCpuOCp+ODq+OCq+ODoOODnOODvOODiSDntKDmnZDmloflrZcg5Yqg5bel6ZuR6LKoIOOCruODleODiOWIh+OCiuaWh+WtlyDooajmnK3liIfjgormipzjgY0g5paH5a2XIOODleOCqeODs+ODiOOCs+ODvOODiuODvOmHkeWFt++8iOOCs+ODvOODiuODvOODl+ODrOODvOODiO+8iSDjg63jg7zjgrrjgrTjg7zjg6vjg4kzMG1teDIxbW3vvIg044Kz5YWl44KK77yJLyDjg5rjg7zjg5Hjg7wg44Os44K244O8IOOCr+ODqeODleODiCDjgqvjg6vjg4jjg4rjg7zjgrjjg6Ug6KOc5by3IOODleOCqeODiOODleODrOODvOODoCDjg5DjgqTjg7Pjg4Djg7wg5omL5bizIOODluODg+OCr+OCq+ODkOODvFtoYW5d44CQ44Kv44Ot44ON44KzRE3kvr/lr77lv5zjgJFbTeS+vzEvIDEwXQ==,44Kr44Or44OI44OK44O844K444Ol44Gr44KC5L2/44GI44KL6KeS6YeRKOmahemHkeODu+mjvuOCiumHkeWFtynjgILjgrPjg7zjg4rjg7zph5HlhbfvvIjjgrPjg7zjg4rjg7zjg5fjg6zjg7zjg4jvvIkg44Ot44O844K644K044O844Or44OJMzBtbXgyMW1t77yINOOCs+WFpeOCiu+8iS8g44Oa44O844OR44O8IOODrOOCtuODvCDjgq/jg6njg5Xjg4gg44Kr44Or44OI44OK44O844K444OlIOijnOW8tyDjg5Xjgqnjg4jjg5Xjg6zjg7zjg6Ag44OQ44Kk44Oz44OA44O8IOaJi+W4syDjg5bjg4Pjgq/jgqvjg5Djg7xbaGFuXeOAkOOCr+ODreODjeOCs0RN5L6/5a++5b+c44CRW03kvr8xLyAxMF0=[rn]
11-22217,aHR0cDovL3RzaG9wLnIxMHMuanAvZW5jaGFudGVzaG9wL2NhYmluZXQvaGFuZG1hZGUvaG0tNi02LmpwZz9maXRpbj03MDA6NzAw,NTc2LjAwMDA=,,5pel55So5ZOB6ZuR6LKo44O75paH5oi/5YW344O75omL6Iq4ID4g5omL6Iq444O744Kv44Op44OV44OI44O755Sf5ZywID4g44Gd44Gu5LuW,44Kz44O844OK44O86YeR5YW377yI44Kz44O844OK44O844OX44Os44O844OI77yJIOODluODreODs+OCuuODiOODvOODszQuMWNteDIuM2Nt77yINOOCs+WFpeOCiu+8iS8g44Kr44Or44OI44OK44O844K444OlIOOCuOODpeOCqOODquODvOODnOODg+OCr+OCuSDmnKjnrrEg44Kv44Op44OV44OIIOOCpOODs+ODhuODquOCoiDlrrblhbcg44OX44OBIOWls+WtkCDoo5zlvLcgRElZW2hhbl0=,,PGNlbnRlcj4KPGltZyBzcmM9Imh0dHA6Ly9pbWFnZS5yYWt1dGVuLmNvLmpwL2VuY2hhbnRlc2hvcC9jYWJpbmV0L21haWxiaW4vbWFpbF9uby5qcGciIHdpZHRoPSI5MCUiID4KPC9jZW50ZXI+Cjxocj48YnI+PGJyPgoK4pag44K144Kk44K6KOe0hCk0LjFjbXgyLjNjbSDjg5vjg7zjg6vjgrXjgqTjgrrvvJoyLjltbSDljprjgZXvvJoyOW1tPGJyPgrilqDntKDmnZDjgIDkupzpiZvlkIjph5E8YnI+CuKWoOOCq+ODqeODvOOAgOODluODreODs+OCuuODiOODvOODszxicj4K4pag44K744OD44OI5YaF5a65IOOCs+ODvOODiuODvOmHkeWFt++8iOinkumHke+8icOXNOWAizxicj4K4pag5YKZ6ICDIDxicj4K4oC744OR44K944Kz44Oz44Gu55Kw5aKD54q25rOB44Gr44KI44KK44CB5a6f6Zqb44Gu44GK6Imy44Go55Ww44Gq44KL5aC05ZCI44GM44GU44GW44GE44G+44GZ44CCPGJyPgrigLvmtbflpJbku5XlhaXjgozjga7oo73lk4Hjga7jgZ/jgoHjgYroibLjgIHlvaLjgarjganku5XlhaXjgozmmYLmnJ/jgoTjg63jg4Pjg4jjgavjgojjgoroi6XlubLjga7lt67nlbDjgYzjgYLjgovloLTlkIjjgYzjgZTjgZbjgYTjgb7jgZnjgII8YnI+PGJyPg==,44Kz44O844OK44O86YeR5YW377yI44Kz44O844OK44O844OX44Os44O844OI77yJIOODluODreODs+OCuuODiOODvOODszQuMWNteDIuM2Nt77yINOOCs+WFpeOCiu+8iS8g44Kr44Or44OI44OK44O844K444OlIOOCuOODpeOCqOODquODvOODnOODg+OCr+OCuSDmnKjnrrEg44Kv44Op44OV44OIIOOCpOODs+ODhuODquOCoiDlrrblhbcg44OX44OBIOWls+WtkCDoo5zlvLcgRElZW2hhbl3vvJrjgqLjg7Pjgrfjg6Pjg7Pjg4bjg57jg7zjgrHjg4Pjg4g=,6YCa5L+h6LKp5aOy6YCa6LKp44K344On44OD44OU44Oz44Kw44Kq44Oz44Op44Kk44Oz44K344On44OD44OU44Oz44Kw6LK344GE54mp44OX44Os44K844Oz44OI44Ku44OV44OI6LSI44KK54mp6LSI562U5ZOB44GK5Lit5YWD44GK5q2z5pqu44GK6LK344GE5b6X6J2244ON44Kv44K/44KkIOOCreODg+OCuuidtuODjeOCr+OCv+OCpCDotaTliIfjgormipzjgY3mloflrZfliIfjgormipzjgY0g44Kr44OD44K/44O844Km44Kn44Or44Kr44Og44Oc44O844OJIOaWh+Wtl+OCpuOCp+ODq+OCq+ODoOODnOODvOODiSDntKDmnZDmloflrZcg5Yqg5bel6ZuR6LKoIOOCruODleODiOWIh+OCiuaWh+WtlyDooajmnK3liIfjgormipzjgY0g5paH5a2XIOODleOCqeODs+ODiOOCs+ODvOODiuODvOmHkeWFt++8iOOCs+ODvOODiuODvOODl+ODrOODvOODiO+8iSDjg5bjg63jg7Pjgrrjg4jjg7zjg7M0LjFjbXgyLjNjbe+8iDTjgrPlhaXjgorvvIkvIOOCq+ODq+ODiOODiuODvOOCuOODpSDjgrjjg6Xjgqjjg6rjg7zjg5zjg4Pjgq/jgrkg5pyo566xIOOCr+ODqeODleODiCDjgqTjg7Pjg4bjg6rjgqIg5a625YW3IOODl+ODgSDlpbPlrZAg6KOc5by3IERJWVtoYW5d,44Kr44Or44OI44OK44O844K444Ol44Gr44KC5L2/44GI44KL6KeS6YeRKOmahemHkeODu+mjvuOCiumHkeWFtynjgILjgrPjg7zjg4rjg7zph5HlhbfvvIjjgrPjg7zjg4rjg7zjg5fjg6zjg7zjg4jvvIkg44OW44Ot44Oz44K644OI44O844OzNC4xY214Mi4zY23vvIg044Kz5YWl44KK77yJLyDjgqvjg6vjg4jjg4rjg7zjgrjjg6Ug44K444Ol44Ko44Oq44O844Oc44OD44Kv44K5IOacqOeusSDjgq/jg6njg5Xjg4gg44Kk44Oz44OG44Oq44KiIOWutuWFtyDjg5fjg4Eg5aWz5a2QIOijnOW8tyBESVlbaGFuXQ==[rn]
11-22218,aHR0cDovL3RzaG9wLnIxMHMuanAvZW5jaGFudGVzaG9wL2NhYmluZXQvaGFuZG1hZGUvaG0tNi0xNC5qcGc/Zml0aW49NzAwOjcwMA==,MjQ0LjAwMDA=,,5pel55So5ZOB6ZuR6LKo44O75paH5oi/5YW344O75omL6Iq4ID4g5omL6Iq444O744Kv44Op44OV44OI44O755Sf5ZywID4g44Gd44Gu5LuW,44Kz44O844OK44O86YeR5YW377yI44Kz44O844OK44O844OX44Os44O844OI77yJIOODluODreODs+OCuuODiOODvOODszE5bW14MTFtbe+8iDTjgrPlhaXjgorvvIkvIOOCq+ODq+ODiOODiuODvOOCuOODpSDjgrjjg6Xjgqjjg6rjg7zjg5zjg4Pjgq/jgrkg5pyo566xIOOCr+ODqeODleODiCDjgqTjg7Pjg4bjg6rjgqIg5a625YW3IOODl+ODgSDlpbPlrZAg6KOc5by3IERJWVtoYW5d44CQ44Kv44Ot44ON44KzRE3kvr/lr77lv5zjgJFbTeS+vzEvIDEwXQ==,,PGNlbnRlcj4KCjxpbWcgc3JjPSJodHRwOi8vaW1hZ2UucmFrdXRlbi5jby5qcC9lbmNoYW50ZXNob3AvY2FiaW5ldC9tYWlsYmluL21haWxhLW9rLmpwZyIgd2lkdGg9IjkwJSIgYm9yZGVyPSIwIj48L2NlbnRlcj4KPGhyPjxmb250IGNvbG9yPSJmZjAwMDAiPuKAu+OBlOizvOWFpeWJjeOBq+W/heOBmuOBiuiqreOBv+OBj+OBoOOBleOBhDwvZm9udD48YnI+Cu+8nu+8niDjg6Hjg7zjg6vkvr/jgavjgaTjgYTjgabjga/jgZPjgaHjgok8YnI+Cjxocj4KPGJyPjxicj4K5aSn6YeP5rOo5paH44Gr44Gk44GN44G+44GX44Gm44K/44Kk44Of44Oz44Kw44GM44KP44KL44GP6LO85YWl5pWw44KS44GU55So5oSP44Gn44GN44Gq44GE5aC05ZCI44GM44G+44KM44Gr44GU44GW44GE44G+44GZ44CCPGJyPgrotrPjgorjgarjgYTliIbjgavjgaTjgY3jgb7jgZfjgabjga/lhaXojbfmrKHnrKzjga7nmbrpgIHjgafjgZTnm7joq4fjgZXjgZvjgabjgYTjgZ/jgaDjgY/jgZPjgajjgYzjgYLjgorjgb7jgZnjga7jgafjgZTnkIbop6Pjga7jgbvjganjgYrpoZjjgYTjgZfjgb7jgZnjgII8YnI+Cjxocj4KPGJyPgoKCuKWoOOCteOCpOOCuijntIQpMTltbSB4IDExbW0g5Y6a44GV77yaMTFtbTxicj4K4pag57Sg5p2Q44CA5Lqc6Ymb5ZCI6YeRPGJyPgrilqDjgqvjg6njg7zjgIDjg5bjg63jg7Pjgrrjg4jjg7zjg7M8YnI+CuKWoOOCu+ODg+ODiOWGheWuuSDjgrPjg7zjg4rjg7zph5HlhbfvvIjop5Lph5HvvInDlzTlgIs8YnI+CuKWoOWCmeiAgyA8YnI+CuKAu+ODkeOCveOCs+ODs+OBrueSsOWig+eKtuazgeOBq+OCiOOCiuOAgeWun+mam+OBruOBiuiJsuOBqOeVsOOBquOCi+WgtOWQiOOBjOOBlOOBluOBhOOBvuOBmeOAgjxicj4K4oC75rW35aSW5LuV5YWl44KM44Gu6KO95ZOB44Gu44Gf44KB44GK6Imy44CB5b2i44Gq44Gp5LuV5YWl44KM5pmC5pyf44KE44Ot44OD44OI44Gr44KI44KK6Iul5bmy44Gu5beu55Ww44GM44GC44KL5aC05ZCI44GM44GU44GW44GE44G+44GZ44CCPGJyPjxicj4=,44Kz44O844OK44O86YeR5YW377yI44Kz44O844OK44O844OX44Os44O844OI77yJIOODluODreODs+OCuuODiOODvOODszE5bW14MTFtbe+8iDTjgrPlhaXjgorvvIkvIOOCq+ODq+ODiOODiuODvOOCuOODpSDjgrjjg6Xjgqjjg6rjg7zjg5zjg4Pjgq/jgrkg5pyo566xIOOCr+ODqeODleODiCDjgqTjg7Pjg4bjg6rjgqIg5a625YW3IOODl+ODgSDlpbPlrZAg6KOc5by3IERJWVtoYW5d44CQ44Kv44Ot44ON44KzRE3kvr/lr77lv5zjgJFbTeS+vzEvIDEwXe+8muOCouODs+OCt+ODo+ODs+ODhuODnuODvOOCseODg+ODiA==,6YCa5L+h6LKp5aOy6YCa6LKp44K344On44OD44OU44Oz44Kw44Kq44Oz44Op44Kk44Oz44K344On44OD44OU44Oz44Kw6LK344GE54mp44OX44Os44K844Oz44OI44Ku44OV44OI6LSI44KK54mp6LSI562U5ZOB44GK5Lit5YWD44GK5q2z5pqu44GK6LK344GE5b6X6J2244ON44Kv44K/44KkIOOCreODg+OCuuidtuODjeOCr+OCv+OCpCDotaTliIfjgormipzjgY3mloflrZfliIfjgormipzjgY0g44Kr44OD44K/44O844Km44Kn44Or44Kr44Og44Oc44O844OJIOaWh+Wtl+OCpuOCp+ODq+OCq+ODoOODnOODvOODiSDntKDmnZDmloflrZcg5Yqg5bel6ZuR6LKoIOOCruODleODiOWIh+OCiuaWh+WtlyDooajmnK3liIfjgormipzjgY0g5paH5a2XIOODleOCqeODs+ODiOOCs+ODvOODiuODvOmHkeWFt++8iOOCs+ODvOODiuODvOODl+ODrOODvOODiO+8iSDjg5bjg63jg7Pjgrrjg4jjg7zjg7MxOW1teDExbW3vvIg044Kz5YWl44KK77yJLyDjgqvjg6vjg4jjg4rjg7zjgrjjg6Ug44K444Ol44Ko44Oq44O844Oc44OD44Kv44K5IOacqOeusSDjgq/jg6njg5Xjg4gg44Kk44Oz44OG44Oq44KiIOWutuWFtyDjg5fjg4Eg5aWz5a2QIOijnOW8tyBESVlbaGFuXeOAkOOCr+ODreODjeOCs0RN5L6/5a++5b+c44CRW03kvr8xLyAxMF0=,44Kr44Or44OI44OK44O844K444Ol44Gr44KC5L2/44GI44KL6KeS6YeRKOmahemHkeODu+mjvuOCiumHkeWFtynjgILjgrPjg7zjg4rjg7zph5HlhbfvvIjjgrPjg7zjg4rjg7zjg5fjg6zjg7zjg4jvvIkg44OW44Ot44Oz44K644OI44O844OzMTltbXgxMW1t77yINOOCs+WFpeOCiu+8iS8g44Kr44Or44OI44OK44O844K444OlIOOCuOODpeOCqOODquODvOODnOODg+OCr+OCuSDmnKjnrrEg44Kv44Op44OV44OIIOOCpOODs+ODhuODquOCoiDlrrblhbcg44OX44OBIOWls+WtkCDoo5zlvLcgRElZW2hhbl3jgJDjgq/jg63jg43jgrNETeS+v+WvvuW/nOOAkVtN5L6/MS8gMTBd[rn]
11-22219,aHR0cDovL3RzaG9wLnIxMHMuanAvZW5jaGFudGVzaG9wL2NhYmluZXQvaGFuZG1hZGUvaG0tOC02My1jOC5qcGc/Zml0aW49NzAwOjcwMA==,NDAuMDAwMA==,,5pel55So5ZOB6ZuR6LKo44O75paH5oi/5YW344O75omL6Iq4ID4g5omL6Iq444O744Kv44Op44OV44OI44O755Sf5ZywID4g44Gd44Gu5LuW,44Kz44O844OK44O86YeR5YW377yI44Kz44O844OK44O844OX44Os44O844OI77yJIOOCtOODvOODq+ODieOCq+ODqeODvCAyM8OXMjNtbe+8iDTjgrPlhaXjgorvvIkvIOOCs+ODvOODiuODvOODl+ODrOODvOODiCDjg5rjg7zjg5Hjg7wg44Os44K244O8IOOCr+ODqeODleODiCDjgqvjg6vjg4jjg4rjg7zjgrjjg6Ug6KOc5by3IOODleOCqeODiOODleODrOODvOODoCDjg5DjgqTjg7Pjg4Djg7wg5omL5bizIOODluODg+OCr+OCq+ODkOODvOOAkOOCr+ODreODjeOCs0RN5L6/5a++5b+c44CRW03kvr8xLyAyMF0=,,PGNlbnRlcj4KCjxpbWcgc3JjPSJodHRwOi8vaW1hZ2UucmFrdXRlbi5jby5qcC9lbmNoYW50ZXNob3AvY2FiaW5ldC9tYWlsYmluL21haWxhLW9rLmpwZyIgd2lkdGg9IjkwJSIgYm9yZGVyPSIwIj48L2NlbnRlcj4KPGhyPjxmb250IGNvbG9yPSJmZjAwMDAiPuKAu+OBlOizvOWFpeWJjeOBq+W/heOBmuOBiuiqreOBv+OBj+OBoOOBleOBhDwvZm9udD48YnI+Cu+8nu+8niDjg6Hjg7zjg6vkvr/jgavjgaTjgYTjgabjga/jgZPjgaHjgok8YnI+Cjxocj4KPGJyPjxicj4K5aSn6YeP5rOo5paH44Gr44Gk44GN44G+44GX44Gm44K/44Kk44Of44Oz44Kw44GM44KP44KL44GP6LO85YWl5pWw44KS44GU55So5oSP44Gn44GN44Gq44GE5aC05ZCI44GM44G+44KM44Gr44GU44GW44GE44G+44GZ44CCPGJyPgrotrPjgorjgarjgYTliIbjgavjgaTjgY3jgb7jgZfjgabjga/lhaXojbfmrKHnrKzjga7nmbrpgIHjgafjgZTnm7joq4fjgZXjgZvjgabjgYTjgZ/jgaDjgY/jgZPjgajjgYzjgYLjgorjgb7jgZnjga7jgafjgZTnkIbop6Pjga7jgbvjganjgYrpoZjjgYTjgZfjgb7jgZnjgII8YnI+Cjxocj4KPGJyPgoK4pag44K144Kk44K6KOe0hCkyM8OXMjNtbSAo5Y6a44GVKTNtbTxicj4K4pag57Sg5p2Q44CA5ZCI6YeRPGJyPgrilqDjgqvjg6njg7zjgIDjgrTjg7zjg6vjg4k8YnI+CuKWoOOCu+ODg+ODiOWGheWuuSDDlzTlgIs8YnI+CuKWoOWCmeiAgyA8YnI+CuKAu+ODkeOCveOCs+ODs+OBrueSsOWig+eKtuazgeOBq+OCiOOCiuOAgeWun+mam+OBruOBiuiJsuOBqOeVsOOBquOCi+WgtOWQiOOBjOOBlOOBluOBhOOBvuOBmeOAgjxicj4K4oC75rW35aSW5LuV5YWl44KM44Gu6KO95ZOB44Gu44Gf44KB44GK6Imy44CB5b2i44Gq44Gp5LuV5YWl44KM5pmC5pyf44KE44Ot44OD44OI44Gr44KI44KK6Iul5bmy44Gu5beu55Ww44GM44GC44KL5aC05ZCI44GM44GU44GW44GE44G+44GZ44CCPGJyPjxicj4KCjxjZW50ZXI+PGltZyBzcmM9Imh0dHA6Ly9pbWFnZS5yYWt1dGVuLmNvLmpwL2VuY2hhbnRlc2hvcC9jYWJpbmV0L2NhdGVnb3J5L3JldHJvX2RpeV9wYXJ0cy02MDAuanBnIiBib3JkZXI9IjAiIHdpZHRoPSI5MCUiPjwvY2VudGVyPg==,44Kz44O844OK44O86YeR5YW377yI44Kz44O844OK44O844OX44Os44O844OI77yJIOOCtOODvOODq+ODieOCq+ODqeODvCAyMyZ0aW1lczsyM21t77yINOOCs+WFpeOCiu+8iS8g44Kz44O844OK44O844OX44Os44O844OIIOODmuODvOODkeODvCDjg6zjgrbjg7wg44Kv44Op44OV44OIIOOCq+ODq+ODiOODiuODvOOCuOODpSDoo5zlvLcg44OV44Kp44OI44OV44Os44O844OgIOODkOOCpOODs+ODgOODvCDmiYvluLMg44OW44OD44Kv44Kr44OQ44O844CQ44Kv44Ot44ON44KzRE3kvr/lr77lv5zjgJFbTeS+vzEvIDIwXe+8muOCouODs+OCt+ODo+ODs+ODhuODnuODvOOCseODg+ODiA==,6YCa5L+h6LKp5aOy6YCa6LKp44K344On44OD44OU44Oz44Kw44Kq44Oz44Op44Kk44Oz44K344On44OD44OU44Oz44Kw6LK344GE54mp44OX44Os44K844Oz44OI44Ku44OV44OI6LSI44KK54mp6LSI562U5ZOB44GK5Lit5YWD44GK5q2z5pqu44GK6LK344GE5b6X6J2244ON44Kv44K/44KkIOOCreODg+OCuuidtuODjeOCr+OCv+OCpCDotaTliIfjgormipzjgY3mloflrZfliIfjgormipzjgY0g44Kr44OD44K/44O844Km44Kn44Or44Kr44Og44Oc44O844OJIOaWh+Wtl+OCpuOCp+ODq+OCq+ODoOODnOODvOODiSDntKDmnZDmloflrZcg5Yqg5bel6ZuR6LKoIOOCruODleODiOWIh+OCiuaWh+WtlyDooajmnK3liIfjgormipzjgY0g5paH5a2XIOODleOCqeODs+ODiOOCs+ODvOODiuODvOmHkeWFt++8iOOCs+ODvOODiuODvOODl+ODrOODvOODiO+8iSDjgrTjg7zjg6vjg4njgqvjg6njg7wgMjMmdGltZXM7MjNtbe+8iDTjgrPlhaXjgorvvIkvIOOCs+ODvOODiuODvOODl+ODrOODvOODiCDjg5rjg7zjg5Hjg7wg44Os44K244O8IOOCr+ODqeODleODiCDjgqvjg6vjg4jjg4rjg7zjgrjjg6Ug6KOc5by3IOODleOCqeODiOODleODrOODvOODoCDjg5DjgqTjg7Pjg4Djg7wg5omL5bizIOODluODg+OCr+OCq+ODkOODvOOAkOOCr+ODreODjeOCs0RN5L6/5a++5b+c44CRW03kvr8xLyAyMF0=,44Kr44Or44OI44OK44O844K444Ol44Gr44KC5L2/44GI44KL6KeS6YeRKOmahemHkeODu+mjvuOCiumHkeWFtynjgILjgrPjg7zjg4rjg7zph5HlhbfvvIjjgrPjg7zjg4rjg7zjg5fjg6zjg7zjg4jvvIkg44K044O844Or44OJ44Kr44Op44O8IDIzJnRpbWVzOzIzbW3vvIg044Kz5YWl44KK77yJLyDjgrPjg7zjg4rjg7zjg5fjg6zjg7zjg4gg44Oa44O844OR44O8IOODrOOCtuODvCDjgq/jg6njg5Xjg4gg44Kr44Or44OI44OK44O844K444OlIOijnOW8tyDjg5Xjgqnjg4jjg5Xjg6zjg7zjg6Ag44OQ44Kk44Oz44OA44O8IOaJi+W4syDjg5bjg4Pjgq/jgqvjg5Djg7zjgJDjgq/jg63jg43jgrNETeS+v+WvvuW/nOOAkVtN5L6/MS8gMjBd[rn]
11-22220,aHR0cDovL3RzaG9wLnIxMHMuanAvZW5jaGFudGVzaG9wL2NhYmluZXQvaGFuZG1hZGUvaG0tNi04LmpwZz9maXRpbj03MDA6NzAw,NDAuMDAwMA==,,5pel55So5ZOB6ZuR6LKo44O75paH5oi/5YW344O75omL6Iq4ID4g5omL6Iq444O744Kv44Op44OV44OI44O755Sf5ZywID4g44Gd44Gu5LuW,44Kz44O844OK44O86YeR5YW377yI44Kz44O844OK44O844OX44Os44O844OI77yJIOOCt+ODq+ODkOODvOODiOODvOODszMwbW14MjFtbe+8iDTjgrPlhaXjgorvvIkvIOODmuODvOODkeODvCDjg6zjgrbjg7wg44Kv44Op44OV44OIIOOCq+ODq+ODiOODiuODvOOCuOODpSDoo5zlvLcg44OV44Kp44OI44OV44Os44O844OgIOODkOOCpOODs+ODgOODvCDmiYvluLMg44OW44OD44Kv44Kr44OQ44O8W2hhbl3jgJDjgq/jg63jg43jgrNETeS+v+WvvuW/nOOAkVtN5L6/MS8gMTBd,,PGNlbnRlcj4KCjxpbWcgc3JjPSJodHRwOi8vaW1hZ2UucmFrdXRlbi5jby5qcC9lbmNoYW50ZXNob3AvY2FiaW5ldC9tYWlsYmluL21haWxhLW9rLmpwZyIgd2lkdGg9IjkwJSIgYm9yZGVyPSIwIj48L2NlbnRlcj4KPGhyPjxmb250IGNvbG9yPSJmZjAwMDAiPuKAu+OBlOizvOWFpeWJjeOBq+W/heOBmuOBiuiqreOBv+OBj+OBoOOBleOBhDwvZm9udD48YnI+Cu+8nu+8niDjg6Hjg7zjg6vkvr/jgavjgaTjgYTjgabjga/jgZPjgaHjgok8YnI+Cjxocj4KPGJyPjxicj4K5aSn6YeP5rOo5paH44Gr44Gk44GN44G+44GX44Gm44K/44Kk44Of44Oz44Kw44GM44KP44KL44GP6LO85YWl5pWw44KS44GU55So5oSP44Gn44GN44Gq44GE5aC05ZCI44GM44G+44KM44Gr44GU44GW44GE44G+44GZ44CCPGJyPgrotrPjgorjgarjgYTliIbjgavjgaTjgY3jgb7jgZfjgabjga/lhaXojbfmrKHnrKzjga7nmbrpgIHjgafjgZTnm7joq4fjgZXjgZvjgabjgYTjgZ/jgaDjgY/jgZPjgajjgYzjgYLjgorjgb7jgZnjga7jgafjgZTnkIbop6Pjga7jgbvjganjgYrpoZjjgYTjgZfjgb7jgZnjgII8YnI+Cjxocj4KPGJyPgoK4pag44K144Kk44K6KOe0hCkyMXgyMW1tICjljprjgZUpNC43bW08YnI+CuKWoOe0oOadkOOAgOWQiOmHkTxicj4K4pag44Kr44Op44O844CA44K344Or44OQ44O844OI44O844OzPGJyPgrilqDjgrvjg4Pjg4jlhoXlrrkg44Kz44O844OK44O86YeR5YW377yI6KeS6YeR77yJw5c05YCLPGJyPgrilqDlgpnogIMgPGJyPgrigLvjg5Hjgr3jgrPjg7Pjga7nkrDlooPnirbms4HjgavjgojjgorjgIHlrp/pmpvjga7jgYroibLjgajnlbDjgarjgovloLTlkIjjgYzjgZTjgZbjgYTjgb7jgZnjgII8YnI+CuKAu+a1t+WkluS7leWFpeOCjOOBruijveWTgeOBruOBn+OCgeOBiuiJsuOAgeW9ouOBquOBqeS7leWFpeOCjOaZguacn+OChOODreODg+ODiOOBq+OCiOOCiuiLpeW5suOBruW3rueVsOOBjOOBguOCi+WgtOWQiOOBjOOBlOOBluOBhOOBvuOBmeOAgjxicj48YnI+,44Kz44O844OK44O86YeR5YW377yI44Kz44O844OK44O844OX44Os44O844OI77yJIOOCt+ODq+ODkOODvOODiOODvOODszMwbW14MjFtbe+8iDTjgrPlhaXjgorvvIkvIOODmuODvOODkeODvCDjg6zjgrbjg7wg44Kv44Op44OV44OIIOOCq+ODq+ODiOODiuODvOOCuOODpSDoo5zlvLcg44OV44Kp44OI44OV44Os44O844OgIOODkOOCpOODs+ODgOODvCDmiYvluLMg44OW44OD44Kv44Kr44OQ44O8W2hhbl3jgJDjgq/jg63jg43jgrNETeS+v+WvvuW/nOOAkVtN5L6/MS8gMTBd77ya44Ki44Oz44K344Oj44Oz44OG44Oe44O844Kx44OD44OI,6YCa5L+h6LKp5aOy6YCa6LKp44K344On44OD44OU44Oz44Kw44Kq44Oz44Op44Kk44Oz44K344On44OD44OU44Oz44Kw6LK344GE54mp44OX44Os44K844Oz44OI44Ku44OV44OI6LSI44KK54mp6LSI562U5ZOB44GK5Lit5YWD44GK5q2z5pqu44GK6LK344GE5b6X6J2244ON44Kv44K/44KkIOOCreODg+OCuuidtuODjeOCr+OCv+OCpCDotaTliIfjgormipzjgY3mloflrZfliIfjgormipzjgY0g44Kr44OD44K/44O844Km44Kn44Or44Kr44Og44Oc44O844OJIOaWh+Wtl+OCpuOCp+ODq+OCq+ODoOODnOODvOODiSDntKDmnZDmloflrZcg5Yqg5bel6ZuR6LKoIOOCruODleODiOWIh+OCiuaWh+WtlyDooajmnK3liIfjgormipzjgY0g5paH5a2XIOODleOCqeODs+ODiOOCs+ODvOODiuODvOmHkeWFt++8iOOCs+ODvOODiuODvOODl+ODrOODvOODiO+8iSDjgrfjg6vjg5Djg7zjg4jjg7zjg7MzMG1teDIxbW3vvIg044Kz5YWl44KK77yJLyDjg5rjg7zjg5Hjg7wg44Os44K244O8IOOCr+ODqeODleODiCDjgqvjg6vjg4jjg4rjg7zjgrjjg6Ug6KOc5by3IOODleOCqeODiOODleODrOODvOODoCDjg5DjgqTjg7Pjg4Djg7wg5omL5bizIOODluODg+OCr+OCq+ODkOODvFtoYW5d44CQ44Kv44Ot44ON44KzRE3kvr/lr77lv5zjgJFbTeS+vzEvIDEwXQ==,44Kr44Or44OI44OK44O844K444Ol44Gr44KC5L2/44GI44KL6KeS6YeRKOmahemHkeODu+mjvuOCiumHkeWFtynjgILjgrPjg7zjg4rjg7zph5HlhbfvvIjjgrPjg7zjg4rjg7zjg5fjg6zjg7zjg4jvvIkg44K344Or44OQ44O844OI44O844OzMzBtbXgyMW1t77yINOOCs+WFpeOCiu+8iS8g44Oa44O844OR44O8IOODrOOCtuODvCDjgq/jg6njg5Xjg4gg44Kr44Or44OI44OK44O844K444OlIOijnOW8tyDjg5Xjgqnjg4jjg5Xjg6zjg7zjg6Ag44OQ44Kk44Oz44OA44O8IOaJi+W4syDjg5bjg4Pjgq/jgqvjg5Djg7xbaGFuXeOAkOOCr+ODreODjeOCs0RN5L6/5a++5b+c44CRW03kvr8xLyAxMF0=[rn]
11-22221,aHR0cDovL3RzaG9wLnIxMHMuanAvZW5jaGFudGVzaG9wL2NhYmluZXQvaGFuZG1hZGUvaG0tNi01NC5qcGc/Zml0aW49NzAwOjcwMA==,MjY0LjAwMDA=,,5pel55So5ZOB6ZuR6LKo44O75paH5oi/5YW344O75omL6Iq4ID4g5omL6Iq444O744Kv44Op44OV44OI44O755Sf5ZywID4g44Gd44Gu5LuW,44Kz44O844OK44O86YeR5YW377yI44Kz44O844OK44O844OX44Os44O844OI77yJIOODluODreODs+OCuuODiOODvOODszM2bW14MThtbe+8iDTjgrPlhaXjgorvvIkvIOODmuODvOODkeODvCDjg6zjgrbjg7wg44Kv44Op44OV44OIIOOCq+ODq+ODiOODiuODvOOCuOODpSDoo5zlvLcg44OV44Kp44OI44OV44Os44O844OgIOODkOOCpOODs+ODgOODvCDmiYvluLMg44OW44OD44Kv44Kr44OQ44O8W2hhbl3jgJDjgq/jg63jg43jgrNETeS+v+WvvuW/nOOAkVtN5L6/MS8gMTBd,,PGNlbnRlcj4KCjxpbWcgc3JjPSJodHRwOi8vaW1hZ2UucmFrdXRlbi5jby5qcC9lbmNoYW50ZXNob3AvY2FiaW5ldC9tYWlsYmluL21haWxhLW9rLmpwZyIgd2lkdGg9IjkwJSIgYm9yZGVyPSIwIj48L2NlbnRlcj4KPGhyPjxmb250IGNvbG9yPSJmZjAwMDAiPuKAu+OBlOizvOWFpeWJjeOBq+W/heOBmuOBiuiqreOBv+OBj+OBoOOBleOBhDwvZm9udD48YnI+Cu+8nu+8niDjg6Hjg7zjg6vkvr/jgavjgaTjgYTjgabjga/jgZPjgaHjgok8YnI+Cjxocj4KPGJyPjxicj4K5aSn6YeP5rOo5paH44Gr44Gk44GN44G+44GX44Gm44K/44Kk44Of44Oz44Kw44GM44KP44KL44GP6LO85YWl5pWw44KS44GU55So5oSP44Gn44GN44Gq44GE5aC05ZCI44GM44G+44KM44Gr44GU44GW44GE44G+44GZ44CCPGJyPgrotrPjgorjgarjgYTliIbjgavjgaTjgY3jgb7jgZfjgabjga/lhaXojbfmrKHnrKzjga7nmbrpgIHjgafjgZTnm7joq4fjgZXjgZvjgabjgYTjgZ/jgaDjgY/jgZPjgajjgYzjgYLjgorjgb7jgZnjga7jgafjgZTnkIbop6Pjga7jgbvjganjgYrpoZjjgYTjgZfjgb7jgZnjgII8YnI+Cjxocj4KPGJyPgoK4pag44K144Kk44K6KOe0hCko57SEKTM2eDE4bW0gKOWOmuOBlSkyMG1t44CA44CAPGJyPgrilqDntKDmnZDjgIDkupzpiZvlkIjph5E8YnI+CuKWoOOCq+ODqeODvOOAgOODluODreODs+OCuuODiOODvOODszxicj4K4pag44K744OD44OI5YaF5a65IOOCs+ODvOODiuODvOmHkeWFt++8iOinkumHke+8icOXNOWAizxicj4K4pag5YKZ6ICDIDxicj4K4oC744OR44K944Kz44Oz44Gu55Kw5aKD54q25rOB44Gr44KI44KK44CB5a6f6Zqb44Gu44GK6Imy44Go55Ww44Gq44KL5aC05ZCI44GM44GU44GW44GE44G+44GZ44CCPGJyPgrigLvmtbflpJbku5XlhaXjgozjga7oo73lk4Hjga7jgZ/jgoHjgYroibLjgIHlvaLjgarjganku5XlhaXjgozmmYLmnJ/jgoTjg63jg4Pjg4jjgavjgojjgoroi6XlubLjga7lt67nlbDjgYzjgYLjgovloLTlkIjjgYzjgZTjgZbjgYTjgb7jgZnjgII8YnI+PGJyPg==,44Kz44O844OK44O86YeR5YW377yI44Kz44O844OK44O844OX44Os44O844OI77yJIOODluODreODs+OCuuODiOODvOODszM2bW14MThtbe+8iDTjgrPlhaXjgorvvIkvIOODmuODvOODkeODvCDjg6zjgrbjg7wg44Kv44Op44OV44OIIOOCq+ODq+ODiOODiuODvOOCuOODpSDoo5zlvLcg44OV44Kp44OI44OV44Os44O844OgIOODkOOCpOODs+ODgOODvCDmiYvluLMg44OW44OD44Kv44Kr44OQ44O8W2hhbl3jgJDjgq/jg63jg43jgrNETeS+v+WvvuW/nOOAkVtN5L6/MS8gMTBd77ya44Ki44Oz44K344Oj44Oz44OG44Oe44O844Kx44OD44OI,6YCa5L+h6LKp5aOy6YCa6LKp44K344On44OD44OU44Oz44Kw44Kq44Oz44Op44Kk44Oz44K344On44OD44OU44Oz44Kw6LK344GE54mp44OX44Os44K844Oz44OI44Ku44OV44OI6LSI44KK54mp6LSI562U5ZOB44GK5Lit5YWD44GK5q2z5pqu44GK6LK344GE5b6X6J2244ON44Kv44K/44KkIOOCreODg+OCuuidtuODjeOCr+OCv+OCpCDotaTliIfjgormipzjgY3mloflrZfliIfjgormipzjgY0g44Kr44OD44K/44O844Km44Kn44Or44Kr44Og44Oc44O844OJIOaWh+Wtl+OCpuOCp+ODq+OCq+ODoOODnOODvOODiSDntKDmnZDmloflrZcg5Yqg5bel6ZuR6LKoIOOCruODleODiOWIh+OCiuaWh+WtlyDooajmnK3liIfjgormipzjgY0g5paH5a2XIOODleOCqeODs+ODiOOCs+ODvOODiuODvOmHkeWFt++8iOOCs+ODvOODiuODvOODl+ODrOODvOODiO+8iSDjg5bjg63jg7Pjgrrjg4jjg7zjg7MzNm1teDE4bW3vvIg044Kz5YWl44KK77yJLyDjg5rjg7zjg5Hjg7wg44Os44K244O8IOOCr+ODqeODleODiCDjgqvjg6vjg4jjg4rjg7zjgrjjg6Ug6KOc5by3IOODleOCqeODiOODleODrOODvOODoCDjg5DjgqTjg7Pjg4Djg7wg5omL5bizIOODluODg+OCr+OCq+ODkOODvFtoYW5d44CQ44Kv44Ot44ON44KzRE3kvr/lr77lv5zjgJFbTeS+vzEvIDEwXQ==,44Kr44Or44OI44OK44O844K444Ol44Gr44KC5L2/44GI44KL6KeS6YeRKOmahemHkeODu+mjvuOCiumHkeWFtynjgILjgrPjg7zjg4rjg7zph5HlhbfvvIjjgrPjg7zjg4rjg7zjg5fjg6zjg7zjg4jvvIkg44OW44Ot44Oz44K644OI44O844OzMzZtbXgxOG1t77yINOOCs+WFpeOCiu+8iS8g44Oa44O844OR44O8IOODrOOCtuODvCDjgq/jg6njg5Xjg4gg44Kr44Or44OI44OK44O844K444OlIOijnOW8tyDjg5Xjgqnjg4jjg5Xjg6zjg7zjg6Ag44OQ44Kk44Oz44OA44O8IOaJi+W4syDjg5bjg4Pjgq/jgqvjg5Djg7xbaGFuXeOAkOOCr+ODreODjeOCs0RN5L6/5a++5b+c44CRW03kvr8xLyAxMF0=[rn]
11-22222,aHR0cDovL3RzaG9wLnIxMHMuanAvZW5jaGFudGVzaG9wL2NhYmluZXQvaGFuZG1hZGUvaG0tNi0xMC1jOC5qcGc/Zml0aW49NzAwOjcwMA==,MzIuMDAwMA==,,5pel55So5ZOB6ZuR6LKo44O75paH5oi/5YW344O75omL6Iq4ID4g5omL6Iq444O744Kv44Op44OV44OI44O755Sf5ZywID4g44Gd44Gu5LuW,44Kz44O844OK44O86YeR5YW377yI44Kz44O844OK44O844OX44Os44O844OI77yJIOODluODreODs+OCuuODiOODvOODszIwbW14MTRtbe+8iDTjgrPlhaXjgorvvIkvIOODmuODvOODkeODvCDjg6zjgrbjg7wg44Kv44Op44OV44OIIOOCq+ODq+ODiOODiuODvOOCuOODpSDoo5zlvLcg44OV44Kp44OI44OV44Os44O844OgIOODkOOCpOODs+ODgOODvCDmiYvluLMg44OW44OD44Kv44Kr44OQ44O8W2hhbl3jgJDjgq/jg63jg43jgrNETeS+v+WvvuW/nOOAkVtN5L6/MS8gMTBd,,PGNlbnRlcj4KCjxpbWcgc3JjPSJodHRwOi8vaW1hZ2UucmFrdXRlbi5jby5qcC9lbmNoYW50ZXNob3AvY2FiaW5ldC9tYWlsYmluL21haWxhLW9rLmpwZyIgd2lkdGg9IjkwJSIgYm9yZGVyPSIwIj48L2NlbnRlcj4KPGhyPjxmb250IGNvbG9yPSJmZjAwMDAiPuKAu+OBlOizvOWFpeWJjeOBq+W/heOBmuOBiuiqreOBv+OBj+OBoOOBleOBhDwvZm9udD48YnI+Cu+8nu+8niDjg6Hjg7zjg6vkvr/jgavjgaTjgYTjgabjga/jgZPjgaHjgok8YnI+Cjxocj4KPGJyPjxicj4K5aSn6YeP5rOo5paH44Gr44Gk44GN44G+44GX44Gm44K/44Kk44Of44Oz44Kw44GM44KP44KL44GP6LO85YWl5pWw44KS44GU55So5oSP44Gn44GN44Gq44GE5aC05ZCI44GM44G+44KM44Gr44GU44GW44GE44G+44GZ44CCPGJyPgrotrPjgorjgarjgYTliIbjgavjgaTjgY3jgb7jgZfjgabjga/lhaXojbfmrKHnrKzjga7nmbrpgIHjgafjgZTnm7joq4fjgZXjgZvjgabjgYTjgZ/jgaDjgY/jgZPjgajjgYzjgYLjgorjgb7jgZnjga7jgafjgZTnkIbop6Pjga7jgbvjganjgYrpoZjjgYTjgZfjgb7jgZnjgII8YnI+Cjxocj4KPGJyPgoK4pag44K144Kk44K6KOe0hCkyMG1tIHggMTRtbSAo5Y6a44GVKTQuM21tPGJyPgrilqDntKDmnZDjgIDlkIjph5E8YnI+CuKWoOOCq+ODqeODvOOAgOODluODreODs+OCuuODiOODvOODszxicj4K4pag44K744OD44OI5YaF5a65IOOCs+ODvOODiuODvOmHkeWFt++8iOinkumHke+8icOXNOWAizxicj4K4pag5YKZ6ICDIDxicj4K4oC744OR44K944Kz44Oz44Gu55Kw5aKD54q25rOB44Gr44KI44KK44CB5a6f6Zqb44Gu44GK6Imy44Go55Ww44Gq44KL5aC05ZCI44GM44GU44GW44GE44G+44GZ44CCPGJyPgrigLvmtbflpJbku5XlhaXjgozjga7oo73lk4Hjga7jgZ/jgoHjgYroibLjgIHlvaLjgarjganku5XlhaXjgozmmYLmnJ/jgoTjg63jg4Pjg4jjgavjgojjgoroi6XlubLjga7lt67nlbDjgYzjgYLjgovloLTlkIjjgYzjgZTjgZbjgYTjgb7jgZnjgII8YnI+PGJyPg==,44Kz44O844OK44O86YeR5YW377yI44Kz44O844OK44O844OX44Os44O844OI77yJIOODluODreODs+OCuuODiOODvOODszIwbW14MTRtbe+8iDTjgrPlhaXjgorvvIkvIOODmuODvOODkeODvCDjg6zjgrbjg7wg44Kv44Op44OV44OIIOOCq+ODq+ODiOODiuODvOOCuOODpSDoo5zlvLcg44OV44Kp44OI44OV44Os44O844OgIOODkOOCpOODs+ODgOODvCDmiYvluLMg44OW44OD44Kv44Kr44OQ44O8W2hhbl3jgJDjgq/jg63jg43jgrNETeS+v+WvvuW/nOOAkVtN5L6/MS8gMTBd77ya44Ki44Oz44K344Oj44Oz44OG44Oe44O844Kx44OD44OI,6YCa5L+h6LKp5aOy6YCa6LKp44K344On44OD44OU44Oz44Kw44Kq44Oz44Op44Kk44Oz44K344On44OD44OU44Oz44Kw6LK344GE54mp44OX44Os44K844Oz44OI44Ku44OV44OI6LSI44KK54mp6LSI562U5ZOB44GK5Lit5YWD44GK5q2z5pqu44GK6LK344GE5b6X6J2244ON44Kv44K/44KkIOOCreODg+OCuuidtuODjeOCr+OCv+OCpCDotaTliIfjgormipzjgY3mloflrZfliIfjgormipzjgY0g44Kr44OD44K/44O844Km44Kn44Or44Kr44Og44Oc44O844OJIOaWh+Wtl+OCpuOCp+ODq+OCq+ODoOODnOODvOODiSDntKDmnZDmloflrZcg5Yqg5bel6ZuR6LKoIOOCruODleODiOWIh+OCiuaWh+WtlyDooajmnK3liIfjgormipzjgY0g5paH5a2XIOODleOCqeODs+ODiOOCs+ODvOODiuODvOmHkeWFt++8iOOCs+ODvOODiuODvOODl+ODrOODvOODiO+8iSDjg5bjg63jg7Pjgrrjg4jjg7zjg7MyMG1teDE0bW3vvIg044Kz5YWl44KK77yJLyDjg5rjg7zjg5Hjg7wg44Os44K244O8IOOCr+ODqeODleODiCDjgqvjg6vjg4jjg4rjg7zjgrjjg6Ug6KOc5by3IOODleOCqeODiOODleODrOODvOODoCDjg5DjgqTjg7Pjg4Djg7wg5omL5bizIOODluODg+OCr+OCq+ODkOODvFtoYW5d44CQ44Kv44Ot44ON44KzRE3kvr/lr77lv5zjgJFbTeS+vzEvIDEwXQ==,44Kr44Or44OI44OK44O844K444Ol44Gr44KC5L2/44GI44KL6KeS6YeRKOmahemHkeODu+mjvuOCiumHkeWFtynjgILjgrPjg7zjg4rjg7zph5HlhbfvvIjjgrPjg7zjg4rjg7zjg5fjg6zjg7zjg4jvvIkg44OW44Ot44Oz44K644OI44O844OzMjBtbXgxNG1t77yINOOCs+WFpeOCiu+8iS8g44Oa44O844OR44O8IOODrOOCtuODvCDjgq/jg6njg5Xjg4gg44Kr44Or44OI44OK44O844K444OlIOijnOW8tyDjg5Xjgqnjg4jjg5Xjg6zjg7zjg6Ag44OQ44Kk44Oz44OA44O8IOaJi+W4syDjg5bjg4Pjgq/jgqvjg5Djg7xbaGFuXeOAkOOCr+ODreODjeOCs0RN5L6/5a++5b+c44CRW03kvr8xLyAxMF0=[rn]
11-22223,aHR0cDovL3RzaG9wLnIxMHMuanAvZW5jaGFudGVzaG9wL2NhYmluZXQvaGFuZG1hZGUvaG0tNi01LmpwZz9maXRpbj03MDA6NzAw,MjQuMDAwMA==,,5pel55So5ZOB6ZuR6LKo44O75paH5oi/5YW344O75omL6Iq4ID4g5omL6Iq444O744Kv44Op44OV44OI44O755Sf5ZywID4g44Gd44Gu5LuW,44Kz44O844OK44O86YeR5YW377yI44Kz44O844OK44O844OX44Os44O844OI77yJIOmHkeODoeODg+OCrTIybW14MTZtbe+8iDTjgrPlhaXjgorvvIkvIOODmuODvOODkeODvCDjg6zjgrbjg7wg44Kv44Op44OV44OIIOOCq+ODq+ODiOODiuODvOOCuOODpSDoo5zlvLcg44OV44Kp44OI44OV44Os44O844OgIOODkOOCpOODs+ODgOODvCDmiYvluLMg44OW44OD44Kv44Kr44OQ44O8W2hhbl3jgJDjgq/jg63jg43jgrNETeS+v+WvvuW/nOOAkVtN5L6/MS8gMTBd,,PGNlbnRlcj4KCjxpbWcgc3JjPSJodHRwOi8vaW1hZ2UucmFrdXRlbi5jby5qcC9lbmNoYW50ZXNob3AvY2FiaW5ldC9tYWlsYmluL21haWxhLW9rLmpwZyIgd2lkdGg9IjkwJSIgYm9yZGVyPSIwIj48L2NlbnRlcj4KPGhyPjxmb250IGNvbG9yPSJmZjAwMDAiPuKAu+OBlOizvOWFpeWJjeOBq+W/heOBmuOBiuiqreOBv+OBj+OBoOOBleOBhDwvZm9udD48YnI+Cu+8nu+8niDjg6Hjg7zjg6vkvr/jgavjgaTjgYTjgabjga/jgZPjgaHjgok8YnI+Cjxocj4KPGJyPjxicj4K5aSn6YeP5rOo5paH44Gr44Gk44GN44G+44GX44Gm44K/44Kk44Of44Oz44Kw44GM44KP44KL44GP6LO85YWl5pWw44KS44GU55So5oSP44Gn44GN44Gq44GE5aC05ZCI44GM44G+44KM44Gr44GU44GW44GE44G+44GZ44CCPGJyPgrotrPjgorjgarjgYTliIbjgavjgaTjgY3jgb7jgZfjgabjga/lhaXojbfmrKHnrKzjga7nmbrpgIHjgafjgZTnm7joq4fjgZXjgZvjgabjgYTjgZ/jgaDjgY/jgZPjgajjgYzjgYLjgorjgb7jgZnjga7jgafjgZTnkIbop6Pjga7jgbvjganjgYrpoZjjgYTjgZfjgb7jgZnjgII8YnI+Cjxocj4KPGJyPgoK4pag44K144Kk44K6KOe0hCkxNm1tIHggMTZtbSAo5Y6a44GVKTRtbTxicj4K4pag57Sg5p2Q44CA5ZCI6YeRPGJyPgrilqDjgqvjg6njg7zjgIDph5Hjg6Hjg4Pjgq08YnI+CuKWoOOCu+ODg+ODiOWGheWuuSDjgrPjg7zjg4rjg7zph5HlhbfvvIjop5Lph5HvvInDlzTlgIs8YnI+CuKWoOWCmeiAgyA8YnI+CuKAu+ODkeOCveOCs+ODs+OBrueSsOWig+eKtuazgeOBq+OCiOOCiuOAgeWun+mam+OBruOBiuiJsuOBqOeVsOOBquOCi+WgtOWQiOOBjOOBlOOBluOBhOOBvuOBmeOAgjxicj4K4oC75rW35aSW5LuV5YWl44KM44Gu6KO95ZOB44Gu44Gf44KB44GK6Imy44CB5b2i44Gq44Gp5LuV5YWl44KM5pmC5pyf44KE44Ot44OD44OI44Gr44KI44KK6Iul5bmy44Gu5beu55Ww44GM44GC44KL5aC05ZCI44GM44GU44GW44GE44G+44GZ44CCPGJyPjxicj4=,44Kz44O844OK44O86YeR5YW377yI44Kz44O844OK44O844OX44Os44O844OI77yJIOmHkeODoeODg+OCrTIybW14MTZtbe+8iDTjgrPlhaXjgorvvIkvIOODmuODvOODkeODvCDjg6zjgrbjg7wg44Kv44Op44OV44OIIOOCq+ODq+ODiOODiuODvOOCuOODpSDoo5zlvLcg44OV44Kp44OI44OV44Os44O844OgIOODkOOCpOODs+ODgOODvCDmiYvluLMg44OW44OD44Kv44Kr44OQ44O8W2hhbl3jgJDjgq/jg63jg43jgrNETeS+v+WvvuW/nOOAkVtN5L6/MS8gMTBd77ya44Ki44Oz44K344Oj44Oz44OG44Oe44O844Kx44OD44OI,6YCa5L+h6LKp5aOy6YCa6LKp44K344On44OD44OU44Oz44Kw44Kq44Oz44Op44Kk44Oz44K344On44OD44OU44Oz44Kw6LK344GE54mp44OX44Os44K844Oz44OI44Ku44OV44OI6LSI44KK54mp6LSI562U5ZOB44GK5Lit5YWD44GK5q2z5pqu44GK6LK344GE5b6X6J2244ON44Kv44K/44KkIOOCreODg+OCuuidtuODjeOCr+OCv+OCpCDotaTliIfjgormipzjgY3mloflrZfliIfjgormipzjgY0g44Kr44OD44K/44O844Km44Kn44Or44Kr44Og44Oc44O844OJIOaWh+Wtl+OCpuOCp+ODq+OCq+ODoOODnOODvOODiSDntKDmnZDmloflrZcg5Yqg5bel6ZuR6LKoIOOCruODleODiOWIh+OCiuaWh+WtlyDooajmnK3liIfjgormipzjgY0g5paH5a2XIOODleOCqeODs+ODiOOCs+ODvOODiuODvOmHkeWFt++8iOOCs+ODvOODiuODvOODl+ODrOODvOODiO+8iSDph5Hjg6Hjg4Pjgq0yMm1teDE2bW3vvIg044Kz5YWl44KK77yJLyDjg5rjg7zjg5Hjg7wg44Os44K244O8IOOCr+ODqeODleODiCDjgqvjg6vjg4jjg4rjg7zjgrjjg6Ug6KOc5by3IOODleOCqeODiOODleODrOODvOODoCDjg5DjgqTjg7Pjg4Djg7wg5omL5bizIOODluODg+OCr+OCq+ODkOODvFtoYW5d44CQ44Kv44Ot44ON44KzRE3kvr/lr77lv5zjgJFbTeS+vzEvIDEwXQ==,44Kr44Or44OI44OK44O844K444Ol44Gr44KC5L2/44GI44KL6KeS6YeRKOmahemHkeODu+mjvuOCiumHkeWFtynjgILjgrPjg7zjg4rjg7zph5HlhbfvvIjjgrPjg7zjg4rjg7zjg5fjg6zjg7zjg4jvvIkg6YeR44Oh44OD44KtMjJtbXgxNm1t77yINOOCs+WFpeOCiu+8iS8g44Oa44O844OR44O8IOODrOOCtuODvCDjgq/jg6njg5Xjg4gg44Kr44Or44OI44OK44O844K444OlIOijnOW8tyDjg5Xjgqnjg4jjg5Xjg6zjg7zjg6Ag44OQ44Kk44Oz44OA44O8IOaJi+W4syDjg5bjg4Pjgq/jgqvjg5Djg7xbaGFuXeOAkOOCr+ODreODjeOCs0RN5L6/5a++5b+c44CRW03kvr8xLyAxMF0=[rn]
11-22224,aHR0cDovL3RzaG9wLnIxMHMuanAvZW5jaGFudGVzaG9wL2NhYmluZXQvaGFuZG1hZGUvaG0tMTEtOTQtYzguanBnP2ZpdGluPTcwMDo3MDA=,OTYuMDAwMA==,,5pel55So5ZOB6ZuR6LKo44O75paH5oi/5YW344O75omL6Iq4ID4g5omL6Iq444O744Kv44Op44OV44OI44O755Sf5ZywID4g44Gd44Gu5LuW,44Kz44O844OK44O86YeR5YW377yI44Kz44O844OK44O844OX44Os44O844OI77yJICDjgrfjg7Pjg5fjg6sg44K344Or44OQ44O877yINOWAi+WFpeOCiu+8iS8g44Oa44O844OR44O8IOODrOOCtuODvCDjgq/jg6njg5Xjg4gg44Kr44Or44OI44OK44O844K444OlIOijnOW8tyDjg5Xjgqnjg4jjg5Xjg6zjg7zjg6Ag44OQ44Kk44Oz44OA44O8IOaJi+W4syDjg5bjg4Pjgq/jgqvjg5Djg7xbaGFuXeOAkOOCr+ODreODjeOCs0RN5L6/5a++5b+c44CRW03kvr8xLyAxMF0=,,PGNlbnRlcj4KCjxpbWcgc3JjPSJodHRwOi8vaW1hZ2UucmFrdXRlbi5jby5qcC9lbmNoYW50ZXNob3AvY2FiaW5ldC9tYWlsYmluL21haWxhLW9rLmpwZyIgd2lkdGg9IjkwJSIgYm9yZGVyPSIwIj48L2NlbnRlcj4KPGhyPjxmb250IGNvbG9yPSJmZjAwMDAiPuKAu+OBlOizvOWFpeWJjeOBq+W/heOBmuOBiuiqreOBv+OBj+OBoOOBleOBhDwvZm9udD48YnI+Cu+8nu+8niDjg6Hjg7zjg6vkvr/jgavjgaTjgYTjgabjga/jgZPjgaHjgok8YnI+Cjxocj4KPGJyPjxicj4K5aSn6YeP5rOo5paH44Gr44Gk44GN44G+44GX44Gm44K/44Kk44Of44Oz44Kw44GM44KP44KL44GP6LO85YWl5pWw44KS44GU55So5oSP44Gn44GN44Gq44GE5aC05ZCI44GM44G+44KM44Gr44GU44GW44GE44G+44GZ44CCPGJyPgrotrPjgorjgarjgYTliIbjgavjgaTjgY3jgb7jgZfjgabjga/lhaXojbfmrKHnrKzjga7nmbrpgIHjgafjgZTnm7joq4fjgZXjgZvjgabjgYTjgZ/jgaDjgY/jgZPjgajjgYzjgYLjgorjgb7jgZnjga7jgafjgZTnkIbop6Pjga7jgbvjganjgYrpoZjjgYTjgZfjgb7jgZnjgII8YnI+Cjxocj4KPGJyPgoK4pag44K144Kk44K6KOe0hCkzLjN4My4zY208YnI+CuKWoOOCq+ODqeODvOOAgOOCt+ODq+ODkOODvDxicj4K4pag44K744OD44OI5YaF5a65IOOCs+ODvOODiuODvOmHkeWFt++8iOinkumHke+8icOXNOWAizxicj4K4pag5YKZ6ICDIDxicj4K4oC744OR44K944Kz44Oz44Gu55Kw5aKD54q25rOB44Gr44KI44KK44CB5a6f6Zqb44Gu44GK6Imy44Go55Ww44Gq44KL5aC05ZCI44GM44GU44GW44GE44G+44GZ44CCPGJyPgrigLvmtbflpJbku5XlhaXjgozjga7oo73lk4Hjga7jgZ/jgoHjgYroibLjgIHlvaLjgarjganku5XlhaXjgozmmYLmnJ/jgoTjg63jg4Pjg4jjgavjgojjgoroi6XlubLjga7lt67nlbDjgYzjgYLjgovloLTlkIjjgYzjgZTjgZbjgYTjgb7jgZnjgII8YnI+PGJyPg==,44Kz44O844OK44O86YeR5YW377yI44Kz44O844OK44O844OX44Os44O844OI77yJICDjgrfjg7Pjg5fjg6sg44K344Or44OQ44O877yINOWAi+WFpeOCiu+8iS8g44Oa44O844OR44O8IOODrOOCtuODvCDjgq/jg6njg5Xjg4gg44Kr44Or44OI44OK44O844K444OlIOijnOW8tyDjg5Xjgqnjg4jjg5Xjg6zjg7zjg6Ag44OQ44Kk44Oz44OA44O8IOaJi+W4syDjg5bjg4Pjgq/jgqvjg5Djg7xbaGFuXeOAkOOCr+ODreODjeOCs0RN5L6/5a++5b+c44CRW03kvr8xLyAxMF3vvJrjgqLjg7Pjgrfjg6Pjg7Pjg4bjg57jg7zjgrHjg4Pjg4g=,6YCa5L+h6LKp5aOy6YCa6LKp44K344On44OD44OU44Oz44Kw44Kq44Oz44Op44Kk44Oz44K344On44OD44OU44Oz44Kw6LK344GE54mp44OX44Os44K844Oz44OI44Ku44OV44OI6LSI44KK54mp6LSI562U5ZOB44GK5Lit5YWD44GK5q2z5pqu44GK6LK344GE5b6X6J2244ON44Kv44K/44KkIOOCreODg+OCuuidtuODjeOCr+OCv+OCpCDotaTliIfjgormipzjgY3mloflrZfliIfjgormipzjgY0g44Kr44OD44K/44O844Km44Kn44Or44Kr44Og44Oc44O844OJIOaWh+Wtl+OCpuOCp+ODq+OCq+ODoOODnOODvOODiSDntKDmnZDmloflrZcg5Yqg5bel6ZuR6LKoIOOCruODleODiOWIh+OCiuaWh+WtlyDooajmnK3liIfjgormipzjgY0g5paH5a2XIOODleOCqeODs+ODiOOCs+ODvOODiuODvOmHkeWFt++8iOOCs+ODvOODiuODvOODl+ODrOODvOODiO+8iSAg44K344Oz44OX44OrIOOCt+ODq+ODkOODvO+8iDTlgIvlhaXjgorvvIkvIOODmuODvOODkeODvCDjg6zjgrbjg7wg44Kv44Op44OV44OIIOOCq+ODq+ODiOODiuODvOOCuOODpSDoo5zlvLcg44OV44Kp44OI44OV44Os44O844OgIOODkOOCpOODs+ODgOODvCDmiYvluLMg44OW44OD44Kv44Kr44OQ44O8W2hhbl3jgJDjgq/jg63jg43jgrNETeS+v+WvvuW/nOOAkVtN5L6/MS8gMTBd,44Kr44Or44OI44OK44O844K444Ol44Gr44KC5L2/44GI44KL6KeS6YeRKOmahemHkeODu+mjvuOCiumHkeWFtynjgILjgrPjg7zjg4rjg7zph5HlhbfvvIjjgrPjg7zjg4rjg7zjg5fjg6zjg7zjg4jvvIkgIOOCt+ODs+ODl+ODqyDjgrfjg6vjg5Djg7zvvIg05YCL5YWl44KK77yJLyDjg5rjg7zjg5Hjg7wg44Os44K244O8IOOCr+ODqeODleODiCDjgqvjg6vjg4jjg4rjg7zjgrjjg6Ug6KOc5by3IOODleOCqeODiOODleODrOODvOODoCDjg5DjgqTjg7Pjg4Djg7wg5omL5bizIOODluODg+OCr+OCq+ODkOODvFtoYW5d44CQ44Kv44Ot44ON44KzRE3kvr/lr77lv5zjgJFbTeS+vzEvIDEwXQ==[rn]
11-22225,aHR0cDovL3RzaG9wLnIxMHMuanAvZW5jaGFudGVzaG9wL2NhYmluZXQvaGFuZG1hZGUvaG0tNy03NC1jOC5qcGc/Zml0aW49NzAwOjcwMA==,MTI4LjAwMDA=,,5pel55So5ZOB6ZuR6LKo44O75paH5oi/5YW344O75omL6Iq4ID4g5omL6Iq444O744Kv44Op44OV44OI44O755Sf5ZywID4g44Gd44Gu5LuW,44Kz44O844OK44O86YeR5YW377yI44Kz44O844OK44O844OX44Os44O844OI77yJIOODluODreODs+OCuuODiOODvOODszczeDMybW3vvIgx5YCL77yJLyDjg5rjg7zjg5Hjg7wg44Os44K244O8IOOCr+ODqeODleODiCDjgqvjg6vjg4jjg4rjg7zjgrjjg6Ug6KOc5by3IOODleOCqeODiOODleODrOODvOODoCDjg5DjgqTjg7Pjg4Djg7wg5omL5bizIOODluODg+OCr+OCq+ODkOODvCDjgrPjg7zjg4rjg7zjg5fjg6zjg7zjg4jjgJDjgq/jg63jg43jgrNETeS+v+WvvuW/nOOAkVtN5L6/MS8gNV0=,,PGNlbnRlcj4KCjxpbWcgc3JjPSJodHRwOi8vaW1hZ2UucmFrdXRlbi5jby5qcC9lbmNoYW50ZXNob3AvY2FiaW5ldC9tYWlsYmluL21haWxhLW9rLmpwZyIgd2lkdGg9IjkwJSIgYm9yZGVyPSIwIj48L2NlbnRlcj4KPGhyPjxmb250IGNvbG9yPSJmZjAwMDAiPuKAu+OBlOizvOWFpeWJjeOBq+W/heOBmuOBiuiqreOBv+OBj+OBoOOBleOBhDwvZm9udD48YnI+Cu+8nu+8niDjg6Hjg7zjg6vkvr/jgavjgaTjgYTjgabjga/jgZPjgaHjgok8YnI+Cjxocj4KPGJyPjxicj4K5aSn6YeP5rOo5paH44Gr44Gk44GN44G+44GX44Gm44K/44Kk44Of44Oz44Kw44GM44KP44KL44GP6LO85YWl5pWw44KS44GU55So5oSP44Gn44GN44Gq44GE5aC05ZCI44GM44G+44KM44Gr44GU44GW44GE44G+44GZ44CCPGJyPgrotrPjgorjgarjgYTliIbjgavjgaTjgY3jgb7jgZfjgabjga/lhaXojbfmrKHnrKzjga7nmbrpgIHjgafjgZTnm7joq4fjgZXjgZvjgabjgYTjgZ/jgaDjgY/jgZPjgajjgYzjgYLjgorjgb7jgZnjga7jgafjgZTnkIbop6Pjga7jgbvjganjgYrpoZjjgYTjgZfjgb7jgZnjgII8YnI+Cjxocj4KPGJyPgoK4pag44K144Kk44K6KOe0hCk3LjNjbSB4IDMuMmNtICjnqbTlvoQpMm1t44CA44CAPGJyPgrilqDntKDmnZDjgIDlkIjph5E8YnI+CuKWoOOCq+ODqeODvOOAgOODluODreODs+OCuuODiOODvOODszxicj4K4pag44K744OD44OI5YaF5a65IOOCs+ODvOODiuODvOmHkeWFt++8iOinkumHke+8icOXMeWAizxicj4K4pag5YKZ6ICDIDxicj4K4oC744OR44K944Kz44Oz44Gu55Kw5aKD54q25rOB44Gr44KI44KK44CB5a6f6Zqb44Gu44GK6Imy44Go55Ww44Gq44KL5aC05ZCI44GM44GU44GW44GE44G+44GZ44CCPGJyPgrigLvmtbflpJbku5XlhaXjgozjga7oo73lk4Hjga7jgZ/jgoHjgYroibLjgIHlvaLjgarjganku5XlhaXjgozmmYLmnJ/jgoTjg63jg4Pjg4jjgavjgojjgoroi6XlubLjga7lt67nlbDjgYzjgYLjgovloLTlkIjjgYzjgZTjgZbjgYTjgb7jgZnjgII8YnI+,44Kz44O844OK44O86YeR5YW377yI44Kz44O844OK44O844OX44Os44O844OI77yJIOODluODreODs+OCuuODiOODvOODszczeDMybW3vvIgx5YCL77yJLyDjg5rjg7zjg5Hjg7wg44Os44K244O8IOOCr+ODqeODleODiCDjgqvjg6vjg4jjg4rjg7zjgrjjg6Ug6KOc5by3IOODleOCqeODiOODleODrOODvOODoCDjg5DjgqTjg7Pjg4Djg7wg5omL5bizIOODluODg+OCr+OCq+ODkOODvCDjgrPjg7zjg4rjg7zjg5fjg6zjg7zjg4jjgJDjgq/jg63jg43jgrNETeS+v+WvvuW/nOOAkVtN5L6/MS8gNV3vvJrjgqLjg7Pjgrfjg6Pjg7Pjg4bjg57jg7zjgrHjg4Pjg4g=,6YCa5L+h6LKp5aOy6YCa6LKp44K344On44OD44OU44Oz44Kw44Kq44Oz44Op44Kk44Oz44K344On44OD44OU44Oz44Kw6LK344GE54mp44OX44Os44K844Oz44OI44Ku44OV44OI6LSI44KK54mp6LSI562U5ZOB44GK5Lit5YWD44GK5q2z5pqu44GK6LK344GE5b6X6J2244ON44Kv44K/44KkIOOCreODg+OCuuidtuODjeOCr+OCv+OCpCDotaTliIfjgormipzjgY3mloflrZfliIfjgormipzjgY0g44Kr44OD44K/44O844Km44Kn44Or44Kr44Og44Oc44O844OJIOaWh+Wtl+OCpuOCp+ODq+OCq+ODoOODnOODvOODiSDntKDmnZDmloflrZcg5Yqg5bel6ZuR6LKoIOOCruODleODiOWIh+OCiuaWh+WtlyDooajmnK3liIfjgormipzjgY0g5paH5a2XIOODleOCqeODs+ODiOOCs+ODvOODiuODvOmHkeWFt++8iOOCs+ODvOODiuODvOODl+ODrOODvOODiO+8iSDjg5bjg63jg7Pjgrrjg4jjg7zjg7M3M3gzMm1t77yIMeWAi++8iS8g44Oa44O844OR44O8IOODrOOCtuODvCDjgq/jg6njg5Xjg4gg44Kr44Or44OI44OK44O844K444OlIOijnOW8tyDjg5Xjgqnjg4jjg5Xjg6zjg7zjg6Ag44OQ44Kk44Oz44OA44O8IOaJi+W4syDjg5bjg4Pjgq/jgqvjg5Djg7wg44Kz44O844OK44O844OX44Os44O844OI44CQ44Kv44Ot44ON44KzRE3kvr/lr77lv5zjgJFbTeS+vzEvIDVd,44Kr44Or44OI44OK44O844K444Ol44Gr44KC5L2/44GI44KL6KeS6YeRKOmahemHkeODu+mjvuOCiumHkeWFtynjgILjgrPjg7zjg4rjg7zph5HlhbfvvIjjgrPjg7zjg4rjg7zjg5fjg6zjg7zjg4jvvIkg44OW44Ot44Oz44K644OI44O844OzNzN4MzJtbe+8iDHlgIvvvIkvIOODmuODvOODkeODvCDjg6zjgrbjg7wg44Kv44Op44OV44OIIOOCq+ODq+ODiOODiuODvOOCuOODpSDoo5zlvLcg44OV44Kp44OI44OV44Os44O844OgIOODkOOCpOODs+ODgOODvCDmiYvluLMg44OW44OD44Kv44Kr44OQ44O8IOOCs+ODvOODiuODvOODl+ODrOODvOODiOOAkOOCr+ODreODjeOCs0RN5L6/5a++5b+c44CRW03kvr8xLyA1XQ==[rn]
11-22226,aHR0cDovL3RzaG9wLnIxMHMuanAvYy1tb2Rlcm4xL2NhYmluZXQvb2ZhYnJpYy95dDEzMDEwM19tYWluMy5qcGc/Zml0aW49NzAwOjcwMA==,MTM2MC4wMDAw,,5pel55So5ZOB6ZuR6LKo44O75paH5oi/5YW344O75omL6Iq4ID4g5omL6Iq444O744Kv44Op44OV44OI44O755Sf5ZywID4g44Gd44Gu5LuW,5Zub56We5b2r5Yi76buS5qqA44K344Or44Kv44K/44OD44K744Or,,5ryG6buS44Gu6buS5qqA44Gr5Zub5pa544KS5Y+444KL44CM5Zub56We77ya6Z2S6b6N44CB55m96JmO44CB546E5q2m44CB5pyx6ZuA44CN44KS5b2r5Yi744GX44Gf44Oi44OB44O844OV44Gu44K344Or44Kv44K/44OD44K744Or44CC44K344OD44Kv44Gq5Lit44Gr5YSq6ZuF44GV44KC44GC44KK44CB6YKq5rCX44KS44Gv44KJ44Gj44Gm6YGL5rCX44KS44Ki44OD44OX44GX44Gm44GP44KM44KL44GL44KC44CCPGJyPue0oOOAgOadkOKWoOm7kuaqgOOAgeOCt+ODq+OCr+ODrOODvOODqOODs+a3t+e0oeOAgeOCquODi+OCreOCuTxicj4K44K144Kk44K64pag5YWo6ZW3MjFjbeOAgeOCv+ODg+OCu+ODqzEyY208YnI+6buS5qqA6YOo5YiG77ya55u05b6ENS44Y208YnI+PGJyPjxmb250IGNvbG9yPSJncmVlbiIgc2l6ZT0iMyI+4peG5pys5ZWG5ZOB44Gv44Oh44O844Or5L6/5a++5b+c44Gn44GZ44CCPGJyPuODoeODvOODq+S+v+OBruWgtOWQiOOAgeWIsOedgOaXpeaZguaMh+WumuOBr+aJv+OCjOOBvuOBm+OCk+OBruOBp+OBlOazqOaEj+OBj+OBoOOBleOBhOOAgjxicj7vvIrlroXmgKXkvr/jgpLjgZTluIzmnJvjga7loLTlkIjjga/jgIHliKXpgJTpgIHmlpnjgYw1NDDlhobliqDnrpfjgZXjgozjgb7jgZnjgII8YnI+77yK5Luj5byV44GN44Gr44Gm44GK5pSv5omV44GE44KS44GU5biM5pyb44Gu5aC05ZCI44Gv44CB5a6F5oCl5L6/44Gn44Gu44GK6YCB44KK44Go44Gq44KK44CB6YCB5paZNTQw5YaGK+S7o+W8leOBjeaJi+aVsOaWmTMyNOWGhuOBjOWKoOeul+OBleOCjOOBvuOBmeOAguOBlOS6huaJv+OBj+OBoOOBleOBhOOBvuOBm+OAgjwvZm9udD48YnI+PGJyPg==,5Zub56We5b2r5Yi76buS5qqA44K344Or44Kv44K/44OD44K744Or77ya44K344OO44Ov44K644Oq44O844Oi44OA44Oz,6YCa5L+h6LKp5aOy6YCa6LKp44K344On44OD44OU44Oz44Kw44Kq44Oz44Op44Kk44Oz44K344On44OD44OU44Oz44Kw6LK344GE54mp44OX44Os44K844Oz44OI44Ku44OV44OI6LSI44KK54mp6LSI562U5ZOB44GK5Lit5YWD44GK5q2z5pqu44GK6LK344GE5b6X5pel5YKY5oqY44KK44Gf44Gf44G/57Sr5aSW57ea77y177y244Kr44OD44OI5pm06Zuo5YW855So5a6M5YWo6YGu5YWJ44Os44O844K56Lu96YeP44K344Or44KvMTAw77yF44GM44G+5Y+j44OQ44OD44Kw5omH5a2Q5aWz5oCn55So55S35oCn55So5q+N44Gu5pel54i244Gu5pel44Ku44OV44OI6LSI44KK54mp5pel5YKY44Kt44OD44OI5Zub56We5b2r5Yi76buS5qqA44K344Or44Kv44K/44OD44K744Or,5Zub56We5b2r5Yi76buS5qqA44K344Or44Kv44K/44OD44K744Or[rn]
11-22227,aHR0cDovL3RzaG9wLnIxMHMuanAvYy1tb2Rlcm4xL2NhYmluZXQvdGFzc2VsLzEzMTFxdWFydHovMDEuanBnP2ZpdGluPTcwMDo3MDA=,MTQ0MC4wMDAw,,5pel55So5ZOB6ZuR6LKo44O75paH5oi/5YW344O75omL6Iq4ID4g5omL6Iq444O744Kv44Op44OV44OI44O755Sf5ZywID4g44Gd44Gu5LuW,44OR44Ov44O844K544OI44O844Oz44Gu5paw44Gf44Gq44K544K/44Kk44Or44Or44OB44Or44Kv44Kp44O844OE77yG5aSp54S255+z44K344Or44Kv44K/44OD44K744Or44OB44Oj44O844Og,,5LiK6LOq44Gu44Or44OB44Or44Kv44Kp44O844OE44KS44Oh44Kk44Oz44Gr5L2/55So44GX44Gf44CB44Kq44Oq44K444OK44Or44Op44OD44Kt44O844K/44OD44K744Or44OB44Oj44O844OgPGJyPgrlpKnnhLbnn7Pjgajjgr/jg4Pjgrvjg6vjga7jgrTjg7zjgrjjg6PjgrnjgarjganjgZPjgavjgoLjgarjgYTjgr/jgqTjg5fjga7jg5Hjg6/jg7zjgrnjg4jjg7zjg7PjgqLjgqTjg4bjg6DjgafjgZk8YnI+44OB44Kn44O844Oz44Gk44GN44Gu44OB44Oj44O844Og5LuV5qeY44Gg44GL44KJ44CB44OQ44OD44Kw44OB44Oj44O844Og44Gr44G044Gj44Gf44KK44CC44GV44KJ44Gr5a625YW344KE44Kr44O844OG44Oz44Gr5Y+W44KK5LuY44GR44KM44Gw44K544K/44Kk44Oq44OD44K344Ol44Gq44OR44Ov44O844K544OI44O844Oz44Kk44Oz44OG44Oq44Ki44Ki44Kk44OG44Og44Gr44O744O744O7PGJyPuOBqeOBk+OCkuaOouOBl+OBpuOCguOBquOBhOOAgeOCv+ODg+OCu+ODq+WlveOBjeOBq+OBr+OBn+OBvuOCieOBquOBhOOCouOCpOODhuODoOOBp+OBmeKYhTxicj48YnI+57Sg44CA5p2Q4pag44Or44OB44Or44Kv44Kp44O844OE44CB44Kq44OL44Kt44K544CB5aSp54S25rC05pm244CB44K344Or44Kv5re357ShPGJyPgrjgrXjgqTjgrrilqDmnKzkvZPlhajplbc3LjVjbeOAgeODgeOCp+ODvOODs+mDqOWIhjEzY208YnI+44Or44OB44Or44Kv44Kp44O844OE77ya55u05b6EMTZtbTxicj7lgpnogIPil4bvvIrmnKzllYblk4Hjga7jg6vjg4Hjg6vjgq/jgqnjg7zjg4Tjg6Ljg4Hjg7zjg5Xjga/lpKnnhLbntKDmnZDjga7jgZ/jgoHjgIHnlLvlg4/jgajlhajjgY/lkIzjgZjjgafjga/jgarjgYTloLTlkIjjgYzjgZTjgZbjgYTjgb7jgZnjga7jgafjgZTkuobmib/jga7kuIrjgYrosrfjgYTmsYLjgoHjgY/jgaDjgZXjgYTjgb7jgZs8YnI+PGJyPjxmb250IGNvbG9yPSJncmVlbiIgc2l6ZT0iMyI+4peG5pys5ZWG5ZOB44Gv44Oh44O844Or5L6/5a++5b+c44Gn44GZ44CCPGJyPuODoeODvOODq+S+v+OBruWgtOWQiOOAgeWIsOedgOaXpeaZguaMh+WumuOBr+aJv+OCjOOBvuOBm+OCk+OBruOBp+OBlOazqOaEj+OBj+OBoOOBleOBhOOAgjxicj7vvIrlroXmgKXkvr/jgpLjgZTluIzmnJvjga7loLTlkIjjga/jgIHliKXpgJTpgIHmlpnjgYw1NDDlhobliqDnrpfjgZXjgozjgb7jgZnjgII8YnI+77yK5Luj5byV44GN44Gr44Gm44GK5pSv5omV44GE44KS44GU5biM5pyb44Gu5aC05ZCI44Gv44CB5a6F5oCl5L6/44Gn44Gu44GK6YCB44KK44Go44Gq44KK44CB6YCB5paZNTQw5YaGK+S7o+W8leOBjeaJi+aVsOaWmTMyNOWGhuOBjOWKoOeul+OBleOCjOOBvuOBmeOAguOBlOS6huaJv+OBj+OBoOOBleOBhOOBvuOBm+OAgjwvZm9udD48YnI+PGJyPg==,44OR44Ov44O844K544OI44O844Oz44Gu5paw44Gf44Gq44K544K/44Kk44Or44Or44OB44Or44Kv44Kp44O844OE77yG5aSp54S255+z44K344Or44Kv44K/44OD44K744Or44OB44Oj44O844Og77ya44K344OO44Ov44K644Oq44O844Oi44OA44Oz,6YCa5L+h6LKp5aOy6YCa6LKp44K344On44OD44OU44Oz44Kw44Kq44Oz44Op44Kk44Oz44K344On44OD44OU44Oz44Kw6LK344GE54mp44OX44Os44K844Oz44OI44Ku44OV44OI6LSI44KK54mp6LSI562U5ZOB44GK5Lit5YWD44GK5q2z5pqu44GK6LK344GE5b6X5pel5YKY5oqY44KK44Gf44Gf44G/57Sr5aSW57ea77y177y244Kr44OD44OI5pm06Zuo5YW855So5a6M5YWo6YGu5YWJ44Os44O844K56Lu96YeP44K344Or44KvMTAw77yF44GM44G+5Y+j44OQ44OD44Kw5omH5a2Q5aWz5oCn55So55S35oCn55So5q+N44Gu5pel54i244Gu5pel44Ku44OV44OI6LSI44KK54mp5pel5YKY44Kt44OD44OI44OR44Ov44O844K544OI44O844Oz44Gu5paw44Gf44Gq44K544K/44Kk44Or44Or44OB44Or44Kv44Kp44O844OE77yG5aSp54S255+z44K344Or44Kv44K/44OD44K744Or44OB44Oj44O844Og,44K/44OD44K744OrL+aIvy/jgrfjg6vjgq8v44Or44OB44Or44Kv44Kp44O844OEL+WkqeeEtuefsy/jg5Hjg6/jg7zjgrnjg4jjg7zjg7Mv44CC44OR44Ov44O844K544OI44O844Oz44Gu5paw44Gf44Gq44K544K/44Kk44Or44Or44OB44Or44Kv44Kp44O844OE77yG5aSp54S255+z44K344Or44Kv44K/44OD44K744Or44OB44Oj44O844Og[rn]
11-22228,aHR0cDovL3RzaG9wLnIxMHMuanAvYy1tb2Rlcm4xL2NhYmluZXQvb2ZhYnJpYy95dDEzMDEwMl9tYWluMmIuanBnP2ZpdGluPTcwMDo3MDA=,MTA0MC4wMDAw,,5pel55So5ZOB6ZuR6LKo44O75paH5oi/5YW344O75omL6Iq4ID4g5omL6Iq444O744Kv44Op44OV44OI44O755Sf5ZywID4g44Gd44Gu5LuW,5ZCJ56Wl44Oi44OB44O844OV55CJ55KD44K344Or44Kv44K/44OD44K744Or,,5ZCJ56Wl44Oi44OB44O844OVM+eorumhnu+8iOWmguaEj+OAgemKreS6gOOAgeWPjOmtmu+8ieOBjOW9q+WIu+OBleOCjOOBn+OAgeS4g+iJsuOBq+WFieOCi+S4reWbveOBruiKuOihk+WTgeOAjOeQieeSg+OAjeOBruOCt+ODq+OCr+OCv+ODg+OCu+ODq+OAguOCt+ODq+OCr+OBruWFieayouOBqOaJi+inpuOCiuOBjOe+juOBl+OBhOOCv+ODg+OCu+ODq+OAgjxicj7ntKDjgIDmnZDilqDjgrfjg6vjgq/mt7fntKHjgIHnkInnkoM8YnI+CuOCteOCpOOCuuKWoOmVt+OBle+8mue0hDIzLjVjbe+8iOS4iumDqOOBrue0kOmDqOWIhuOBr+mZpOOBj++8ieOAgeeQieeSgzbDlzZjbTxicj7lgpnogIPil4bvvIrmnKzllYblk4Hjgavkvb/nlKjjgZXjgozjgabjgYTjgovnkInnkoPjga/jgIHoo73pgKDlt6XnqIvkuIox54K544Gl44Gk5b6u5aaZ44Gr44Kr44Op44O844GM55Ww44Gq44KK44G+44GZ44CC55S75YOP44Go5YWo44GP5ZCM44GY44Kr44Op44O844Gn44Gv44Gq44GE5aC05ZCI44GM44GU44GW44GE44G+44GZ44Gu44Gn44GU5LqG5om/44Gu5LiK44GK6LK344GE5rGC44KB44GP44Gg44GV44GE44G+44Gb44CCPGJyPjxicj48Zm9udCBjb2xvcj0iZ3JlZW4iIHNpemU9IjMiPuKXhuacrOWVhuWTgeOBr+ODoeODvOODq+S+v+WvvuW/nOOBp+OBmeOAgjxicj7jg6Hjg7zjg6vkvr/jga7loLTlkIjjgIHliLDnnYDml6XmmYLmjIflrprjga/mib/jgozjgb7jgZvjgpPjga7jgafjgZTms6jmhI/jgY/jgaDjgZXjgYTjgII8YnI+77yK5a6F5oCl5L6/44KS44GU5biM5pyb44Gu5aC05ZCI44Gv44CB5Yil6YCU6YCB5paZ44GMNTQw5YaG5Yqg566X44GV44KM44G+44GZ44CCPGJyPu+8iuS7o+W8leOBjeOBq+OBpuOBiuaUr+aJleOBhOOCkuOBlOW4jOacm+OBruWgtOWQiOOBr+OAgeWuheaApeS+v+OBp+OBruOBiumAgeOCiuOBqOOBquOCiuOAgemAgeaWmTU0MOWGhivku6PlvJXjgY3miYvmlbDmlpkzMjTlhobjgYzliqDnrpfjgZXjgozjgb7jgZnjgILjgZTkuobmib/jgY/jgaDjgZXjgYTjgb7jgZvjgII8L2ZvbnQ+PGJyPjxicj4=,5ZCJ56Wl44Oi44OB44O844OV55CJ55KD44K344Or44Kv44K/44OD44K744Or77ya44K344OO44Ov44K644Oq44O844Oi44OA44Oz,6YCa5L+h6LKp5aOy6YCa6LKp44K344On44OD44OU44Oz44Kw44Kq44Oz44Op44Kk44Oz44K344On44OD44OU44Oz44Kw6LK344GE54mp44OX44Os44K844Oz44OI44Ku44OV44OI6LSI44KK54mp6LSI562U5ZOB44GK5Lit5YWD44GK5q2z5pqu44GK6LK344GE5b6X5pel5YKY5oqY44KK44Gf44Gf44G/57Sr5aSW57ea77y177y244Kr44OD44OI5pm06Zuo5YW855So5a6M5YWo6YGu5YWJ44Os44O844K56Lu96YeP44K344Or44KvMTAw77yF44GM44G+5Y+j44OQ44OD44Kw5omH5a2Q5aWz5oCn55So55S35oCn55So5q+N44Gu5pel54i244Gu5pel44Ku44OV44OI6LSI44KK54mp5pel5YKY44Kt44OD44OI5ZCJ56Wl44Oi44OB44O844OV55CJ55KD44K344Or44Kv44K/44OD44K744Or,5pmv5rOw6JeN44Oi44OB44O844OV44CA44K344Or44Kv44K/44OD44K744Or44CC5ZCJ56Wl44Oi44OB44O844OV55CJ55KD44K344Or44Kv44K/44OD44K744Or[rn]
11-22229,aHR0cDovL3RzaG9wLnIxMHMuanAvYy1tb2Rlcm4xL2NhYmluZXQvb2ZhYnJpYy95dDEzMDEwMV9tYWluYi5qcGc/Zml0aW49NzAwOjcwMA==,OTYwLjAwMDA=,,5pel55So5ZOB6ZuR6LKo44O75paH5oi/5YW344O75omL6Iq4ID4g5omL6Iq444O744Kv44Op44OV44OI44O755Sf5ZywID4g44Gd44Gu5LuW,5aSn5oyv44KK44K/44OD44K744Or44Go576O44GX44GE5pmv5rOw6JeN44Gu576O44K/44OD44K744Or6JOu77yG6J2244Oi44OB44O844OV44O75pmv5rOw6JeN44K344Or44Kv44K/44OD44K744Or,,5Lit5Zu944Gu5LiD5a6d44CA5qeY44CF44Gq44Kr44Op44O844GM5re344GY44KK44GC44Gj44Gf44Kw44Op44OH44O844K344On44Oz44Kr44Op44O844GM576O44GX44GE44CB44CM5pmv5rOw6JeN44CN44KS44Oi44OB44O844OV44Gr44GX44Gf44K/44K344OO44Ov5a6M5YWo44Kq44Oq44K444OK44Or44K/44OD44K744Or44CCPGJyPgrjgr/jg4Pjgrvjg6vjga/jgIHjgrfjg6vjgq/jgarjgonjgafjga/jga7prq7jgoTjgYvjgarjgqvjg6njg7zjgajlhYnmsqLjgYzlhYnjgorjgb7jgZnjgII8YnI+57Sg44CA5p2Q4pag5pmv5rOw6JeN44CB44K344Or44Kv5re357ShPGJyPgrjgrXjgqTjgrrilqDlhajplbczMS41Y23jgIHjgr/jg4Pjgrvjg6vpg6jliIYxMmNtPGJyPuaZr+azsOiXje+8muebtOW+hDQuMmNtPGJyPuWCmeiAg+KXhu+8iuacrOWVhuWTgeOBruaZr+azsOa/q+OBruODouODgeODvOODleOBr+ijvemAoOW3peeoi+S4iuOAgeOBneOCjOOBnuOCjOOCq+ODqeODvOOBjOW+ruWmmeOBq+eVsOOBquOCiuOBvuOBmeOAgueUu+WDj+OBqOWFqOOBj+WQjOOBmOOCq+ODqeODvOOBp+OBr+OBquOBhOWgtOWQiOOBjOOBlOOBluOBhOOBvuOBmeOBruOBp+OBlOS6huaJv+OBruS4iuOBiuiyt+OBhOaxguOCgeOBj+OBoOOBleOBhOOBvuOBmzxicj48YnI+PGZvbnQgY29sb3I9ImdyZWVuIiBzaXplPSIzIj7il4bmnKzllYblk4Hjga/jg6Hjg7zjg6vkvr/lr77lv5zjgafjgZnjgII8YnI+44Oh44O844Or5L6/44Gu5aC05ZCI44CB5Yiw552A5pel5pmC5oyH5a6a44Gv5om/44KM44G+44Gb44KT44Gu44Gn44GU5rOo5oSP44GP44Gg44GV44GE44CCPGJyPu+8iuWuheaApeS+v+OCkuOBlOW4jOacm+OBruWgtOWQiOOBr+OAgeWIpemAlOmAgeaWmeOBjDUyNeWGhuWKoOeul+OBleOCjOOBvuOBmeOAgjxicj7vvIrku6PlvJXjgY3jgavjgabjgYrmlK/miZXjgYTjgpLjgZTluIzmnJvjga7loLTlkIjjga/jgIHlroXmgKXkvr/jgafjga7jgYrpgIHjgorjgajjgarjgorjgIHpgIHmlpk1MjXlhoYr5Luj5byV44GN5omL5pWw5paZMzE15YaG44GM5Yqg566X44GV44KM44G+44GZ44CC44GU5LqG5om/44GP44Gg44GV44GE44G+44Gb44CCPC9mb250Pjxicj48YnI+,5aSn5oyv44KK44K/44OD44K744Or44Go576O44GX44GE5pmv5rOw6JeN44Gu576O44K/44OD44K744Or6JOu77yG6J2244Oi44OB44O844OV44O75pmv5rOw6JeN44K344Or44Kv44K/44OD44K744Or77ya44K344OO44Ov44K644Oq44O844Oi44OA44Oz,6YCa5L+h6LKp5aOy6YCa6LKp44K344On44OD44OU44Oz44Kw44Kq44Oz44Op44Kk44Oz44K344On44OD44OU44Oz44Kw6LK344GE54mp44OX44Os44K844Oz44OI44Ku44OV44OI6LSI44KK54mp6LSI562U5ZOB44GK5Lit5YWD44GK5q2z5pqu44GK6LK344GE5b6X5pel5YKY5oqY44KK44Gf44Gf44G/57Sr5aSW57ea77y177y244Kr44OD44OI5pm06Zuo5YW855So5a6M5YWo6YGu5YWJ44Os44O844K56Lu96YeP44K344Or44KvMTAw77yF44GM44G+5Y+j44OQ44OD44Kw5omH5a2Q5aWz5oCn55So55S35oCn55So5q+N44Gu5pel54i244Gu5pel44Ku44OV44OI6LSI44KK54mp5pel5YKY44Kt44OD44OI5aSn5oyv44KK44K/44OD44K744Or44Go576O44GX44GE5pmv5rOw6JeN44Gu576O44K/44OD44K744Or6JOu77yG6J2244Oi44OB44O844OV44O75pmv5rOw6JeN44K344Or44Kv44K/44OD44K744Or,5pmv5rOw6JeN44Oi44OB44O844OV44CA44K344Or44Kv44K/44OD44K744Or44CC5aSn5oyv44KK44K/44OD44K744Or44Go576O44GX44GE5pmv5rOw6JeN44Gu576O44K/44OD44K744Or6JOu77yG6J2244Oi44OB44O844OV44O75pmv5rOw6JeN44K344Or44Kv44K/44OD44K744Or[rn]
11-22230,aHR0cDovL3RzaG9wLnIxMHMuanAvYy1tb2Rlcm4xL2NhYmluZXQvb2ZhYnJpYy95dDE1MDEwMV8wMS5qcGc/Zml0aW49NzAwOjcwMA==,MTEyMC4wMDAw,,5pel55So5ZOB6ZuR6LKo44O75paH5oi/5YW344O75omL6Iq4ID4g5omL6Iq444O744Kv44Op44OV44OI44O755Sf5ZywID4g44Gd44Gu5LuW,5YSq6ZuFS2lyYWtpcmHjg63jg7zjgrrjg6Ljg4Hjg7zjg5XjgpLntYTjgb/lkIjjgo/jgZvjgZ/jgJBLaXJha2lyYeODreODvOOCuuOCt+ODq+OCr+OCv+ODg+OCu+ODq+OAkeOAkOalveOCruODle+8v+WMheijhemBuOaKnuOAkQ==,,5aWz5oCn44Gr44Go44Gj44Gm5rC46YGg44Gu5Lq65rCX44Oi44OB44O844OV44CM44Ot44O844K644CN44Gr44CB44Op44OD44Kt44O844Kr44Op44O844Gu5Luj6KGo44Kk44Ko44Ot44O844Kv44Oq44K544K/44Or44KS44GO44Gj44GX44KK44Gv44KB6L6844G/44G+44GX44Gf44CCPGJyPuOBneOBk+OBq+OCt+ODjuODr+iHquaFouOBruOCt+ODq+OCr+OCv+ODg+OCu+ODq+OCkue1hOOBv+WQiOOCj+OBm+OAgjxicj7jganjgZPjgpLmjqLjgZfjgabjgoLjgarjgYTjgIHjgr/jg4Pjgrvjg6vlpb3jgY3jgavjga/jgZ/jgb7jgonjgarjgYTjgqrjg6rjgrjjg4rjg6vjgr/jg4Pjgrvjg6vjgYzjgafjgY3kuIrjgYzjgorjgb7jgZfjgZ88YnI+PGJyPue0oOOAgOadkOKWoOaIv++8muOCt+ODq+OCr+a3t+e0oS/jg63jg7zjgrrvvJrjgrnjg6/jg63jg5Xjgrnjgq3jg7zjgq/jg6rjgrnjgr/jg6vjgIHnnJ/pja48YnI+44K144Kk44K64pag5YWo5L2T44Gu6ZW344GV77ya57SEMjEuNWNtL+aIv+OBrumVt+OBle+8mjhjbS/jg63jg7zjgrrjga7lpKfjgY3jgZXvvJrnm7TlvoTntIQzLjJjbTxicj48Zm9udCBjb2xvcj0iZ3JlZW4iIHNpemU9IjMiPjxiPuKWoOWCmeiAg++8muKXhuacrOWVhuWTgeOBr+ODoeODvOODq+S+v+WvvuW/nOOBp+OBmeOAgjxicj7jg6Hjg7zjg6vkvr/jga7loLTlkIjjgIHliLDnnYDml6XmmYLmjIflrprjga/mib/jgozjgb7jgZvjgpPjga7jgafjgZTms6jmhI/jgY/jgaDjgZXjgYTjgII8YnI+77yK5a6F5oCl5L6/44KS44GU5biM5pyb44Gu5aC05ZCI44Gv44CB5Yil6YCU6YCB5paZ44GMNTQw5YaG5Yqg566X44GV44KM44G+44GZ44CCPGJyPu+8iuS7o+W8leOBjeOBq+OBpuOBiuaUr+aJleOBhOOCkuOBlOW4jOacm+OBruWgtOWQiOOBr+OAgeWuheaApeS+v+OBp+OBruOBiumAgeOCiuOBqOOBquOCiuOAgemAgeaWmTU0MOWGhivku6PlvJXjgY3miYvmlbDmlpkzMjTlhobjgYzliqDnrpfjgZXjgozjgb7jgZnjgILjgZTkuobmib/jgY/jgaDjgZXjgYTjgb7jgZvjgII8L2I+PC9mb250Pjxicj48YnI+,5YSq6ZuFS2lyYWtpcmHjg63jg7zjgrrjg6Ljg4Hjg7zjg5XjgpLntYTjgb/lkIjjgo/jgZvjgZ/jgJBLaXJha2lyYeODreODvOOCuuOCt+ODq+OCr+OCv+ODg+OCu+ODq+OAkeOAkOalveOCruODle+8v+WMheijhemBuOaKnuOAke+8muOCt+ODjuODr+OCuuODquODvOODouODgOODsw==,6YCa5L+h6LKp5aOy6YCa6LKp44K344On44OD44OU44Oz44Kw44Kq44Oz44Op44Kk44Oz44K344On44OD44OU44Oz44Kw6LK344GE54mp44OX44Os44K844Oz44OI44Ku44OV44OI6LSI44KK54mp6LSI562U5ZOB44GK5Lit5YWD44GK5q2z5pqu44GK6LK344GE5b6X5pel5YKY5oqY44KK44Gf44Gf44G/57Sr5aSW57ea77y177y244Kr44OD44OI5pm06Zuo5YW855So5a6M5YWo6YGu5YWJ44Os44O844K56Lu96YeP44K344Or44KvMTAw77yF44GM44G+5Y+j44OQ44OD44Kw5omH5a2Q5aWz5oCn55So55S35oCn55So5q+N44Gu5pel54i244Gu5pel44Ku44OV44OI6LSI44KK54mp5pel5YKY44Kt44OD44OI5YSq6ZuFS2lyYWtpcmHjg63jg7zjgrrjg6Ljg4Hjg7zjg5XjgpLntYTjgb/lkIjjgo/jgZvjgZ/jgJBLaXJha2lyYeODreODvOOCuuOCt+ODq+OCr+OCv+ODg+OCu+ODq+OAkeOAkOalveOCruODle+8v+WMheijhemBuOaKnuOAkQ==,44Ot44O844K6L+OCt+ODq+OCry9raXJha2lyYS/jgq/jg6rjgrnjgr/jg6sv44K/44OD44K744OrL+aIvy/oirEv44Oi44OB44O844OV44CC5YSq6ZuFS2lyYWtpcmHjg63jg7zjgrrjg6Ljg4Hjg7zjg5XjgpLntYTjgb/lkIjjgo/jgZvjgZ/jgJBLaXJha2lyYeODreODvOOCuuOCt+ODq+OCr+OCv+ODg+OCu+ODq+OAkeOAkOalveOCruODle+8v+WMheijhemBuOaKnuOAkQ==[rn]
11-22231,aHR0cDovL3RzaG9wLnIxMHMuanAvYy1tb2Rlcm4xL2NhYmluZXQvb2ZhYnJpYy9pbWc1NzA3NzQ5MWIuanBnP2ZpdGluPTcwMDo3MDA=,MzYwLjAwMDA=,,5pel55So5ZOB6ZuR6LKo44O75paH5oi/5YW344O75omL6Iq4ID4g5omL6Iq444O744Kv44Op44OV44OI44O755Sf5ZywID4g44Gd44Gu5LuW,5pmv5rOw6JeN44Oi44OB44O844OV44CA44K344Or44Kv44K/44OD44K744Or44CQ5qW944Ku44OV77y/5YyF6KOF6YG45oqe44CR,,5Lit5Zu944Gu5LiD5a6d44CA5qeY44CF44Gq44Kr44Op44O844GM5re344GY44KK44GC44Gj44Gf44Kw44Op44OH44O844K344On44Oz44Kr44Op44O844GM576O44GX44GE44CB44CM5pmv5rOw6JeN44CN44KS44Oi44OB44O844OV44Gr44GX44Gf44K/44OD44K744Or44KS5L2c44KK44G+44GX44Gf44CC44K344OO44Ov5a6M5YWo44Kq44Oq44K444OK44Or44CCPGJyPgrjgoLjgaHjgo3jgpPjgr/jg4Pjgrvjg6vjga/jgIHjgrfjg6vjgq/jgpLkvb/nlKjjgILjgrfjg6vjgq/jgarjgonjgafjga/jga4K6a6u44KE44GL44Gq44Kr44Op44O844Go5YWJ5rKi44GM5YWJ44KK44G+44GZ44CCPGJyPuaZr+azsOiXjeODouODgeODvOODleOBr+OAjOODleOCr+ODreOCpuOAjeOAjOidtuOAjeOAjOmtmuOAjeOAjOS6gOOAjeOBqOOBhOOBo+OBn+ODqeODg+OCreODvOODouODgeODvOODleOBmuOBj+OBl+OAgjxicj7ntKDjgIDmnZDilqDjgrfjg6vjgq88YnI+CuOCteOCpOOCuuKWoDE2Y208YnI+5YKZ6ICD4peG77yK5pys5ZWG5ZOB44Gv5YWo44Gm5omL5L2c44KK44Gu44Gf44KB44CB5pmv5rOw5r+r44Gu44Oi44OB44O844OV44KE44CB57SQ5LiK6YOo44Gu5Lit5Zu957WQ44Gz44Gu44Kr44Op44O844GM44Gd44KM44Ge44KM55Ww44Gq44Gj44Gm44GK44KK44G+44GZ44CC55S75YOP44Go5YWo44GP5ZCM44GY44Kr44Op44O844Gn44Gv44Gq44GE5aC05ZCI44GM44GU44GW44GE44G+44GZ44Gu44Gn44GU5LqG5om/44Gu5LiK44GK6LK344GE5rGC44KB44GP44Gg44GV44GE44G+44Gb44CCPGJyPjxicj48Zm9udCBjb2xvcj0iZ3JlZW4iIHNpemU9IjMiPuKXhuacrOWVhuWTgeOBr+ODoeODvOODq+S+v+WvvuW/nOOBp+OBmeOAgjxicj7jg6Hjg7zjg6vkvr/jga7loLTlkIjjgIHliLDnnYDml6XmmYLmjIflrprjga/mib/jgozjgb7jgZvjgpPjga7jgafjgZTms6jmhI/jgY/jgaDjgZXjgYTjgII8YnI+77yK5a6F5oCl5L6/44KS44GU5biM5pyb44Gu5aC05ZCI44Gv44CB5Yil6YCU6YCB5paZ44GMNTI15YaG5Yqg566X44GV44KM44G+44GZ44CCPGJyPu+8iuS7o+W8leOBjeOBq+OBpuOBiuaUr+aJleOBhOOCkuOBlOW4jOacm+OBruWgtOWQiOOBr+OAgeWuheaApeS+v+OBp+OBruOBiumAgeOCiuOBqOOBquOCiuOAgemAgeaWmTUyNeWGhivku6PlvJXjgY3miYvmlbDmlpkzMTXlhobjgYzliqDnrpfjgZXjgozjgb7jgZnjgILjgZTkuobmib/jgY/jgaDjgZXjgYTjgb7jgZvjgII8L2ZvbnQ+PGJyPjxicj4=,5pmv5rOw6JeN44Oi44OB44O844OV44CA44K344Or44Kv44K/44OD44K744Or44CQ5qW944Ku44OV77y/5YyF6KOF6YG45oqe44CR77ya44K344OO44Ov44K644Oq44O844Oi44OA44Oz,6YCa5L+h6LKp5aOy6YCa6LKp44K344On44OD44OU44Oz44Kw44Kq44Oz44Op44Kk44Oz44K344On44OD44OU44Oz44Kw6LK344GE54mp44OX44Os44K844Oz44OI44Ku44OV44OI6LSI44KK54mp6LSI562U5ZOB44GK5Lit5YWD44GK5q2z5pqu44GK6LK344GE5b6X5pel5YKY5oqY44KK44Gf44Gf44G/57Sr5aSW57ea77y177y244Kr44OD44OI5pm06Zuo5YW855So5a6M5YWo6YGu5YWJ44Os44O844K56Lu96YeP44K344Or44KvMTAw77yF44GM44G+5Y+j44OQ44OD44Kw5omH5a2Q5aWz5oCn55So55S35oCn55So5q+N44Gu5pel54i244Gu5pel44Ku44OV44OI6LSI44KK54mp5pel5YKY44Kt44OD44OI5pmv5rOw6JeN44Oi44OB44O844OV44CA44K344Or44Kv44K/44OD44K744Or44CQ5qW944Ku44OV77y/5YyF6KOF6YG45oqe44CR,5pmv5rOw6JeN44Oi44OB44O844OV44CA44K344Or44Kv44K/44OD44K744Or44CC5pmv5rOw6JeN44Oi44OB44O844OV44CA44K344Or44Kv44K/44OD44K744Or44CQ5qW944Ku44OV77y/5YyF6KOF6YG45oqe44CR[rn]
11-22232,aHR0cDovL3RzaG9wLnIxMHMuanAvYXVjLXl1bWlzaG9wL2NhYmluZXQvMDExOTgwMDAvMDExOTg0OTcvaW1ncmMwMDYyNTI0MTM5LmpwZz9maXRpbj03MDA6NzAw,MjgwLjAwMDA=,,5pel55So5ZOB6ZuR6LKo44O75paH5oi/5YW344O75omL6Iq4ID4g5omL6Iq444O744Kv44Op44OV44OI44O755Sf5ZywID4g44Gd44Gu5LuW,44CQ44KG44GG44OR44Kx44OD44OI5Y+v44CR44OP44Oz44OJ44Oh44Kk44OJ44O744OH44Kz55So57Sg5p2Q4pmq44K344Oz44OX44Or44Gq44OP44O844OI5Z6L5Lih6Z2i44Kz44Oz44OR44Kv44OI44Of44Op44O84pmq44K344Or44OQ44O84pmqMeWAi+KYheiqleeUn+aXpeODl+ODrOOCvOODs+ODiC/pj6Ev5pC65biv55So6Y+h,,PGNlbnRlcj4KCgo8L0NFTlRFUj4K4pag5ZWG5ZOB5YaF5a65PGJyPgrjgrXjgqTjgrrvvIjplonjgZjjgZ/nirbmhYvvvIk8YnI+CuOAkFlNNi0yNDY3IOe4pumWi+OBjeODj+ODvOODiOOAkee0hDcwKjY1bW3jgIDljprjgb/ntITvvJo5bW08YnI+CuOAkFlNNi0yODAyIOaWnOOCgemWi+OBjeODj+ODvOODiOOAkee0hDcwKjY3bW3jgIDljprjgb/ntITvvJo4bW08YnI+Cue0oOadkDxicj4K6YeR5bGePGJyPgrlgIvmlbDvvJox5YCLPGJyPgo8YnI+CuKWoOOCueOCv+ODg+ODleOCiOOCiuS4gOiogOKZqjxicj4K44K344Oz44OX44Or44Gq44OP44O844OI5Z6L44Gu5Lih6Z2i44Kz44Oz44OR44Kv44OI44Of44Op44O844Gn44GZ44CCPGJyPgrjgY/jgbzjgb/jgYzjgYLjgovjga7jgafjg4fjgrPjgYzjgZfjgoTjgZnjgY/jgIHjg6zjgrjjg7PjgpLmtYHjgZfovrzjgpPjgafjgoJPS++8gTxicj4K44OH44Kz44OR44O844OE44KE44OT44K444Ol44O844CB44Op44Kk44Oz44K544OI44O844Oz44CB44Os44O844K544Gq44Gp44GK5aW944GN44Gq44OR44O844OE44Gn44OH44Kz44Gj44Gm44Kq44Oq44K444OK44Or44Gu44Of44Op44O844KS5qW944GX44KT44Gn44GP44Gg44GV44GE44Gt4pmqPGJyPjxicj7igLvjg4fjgrPnlKjlk4HjgajjgZfjgabjga7lh7rlk4HjgafjgZnjga7jgafjgIHooajpnaLjga7loZfoo4XjgavngrnjgIXjga7jgYLjgovjgoLjga7jgIHjgb7jgZ/jga/ou73jgYTjgq3jgrrjg7vjg6Djg6njga7jgYLjgovjgoLjga7jgoLjgZTjgZbjgYTjgb7jgZnjgILjgZTkuobmib/jgY/jgaDjgZXjgYTjgII8YnI+IOijvemAoOODreODg+ODiOOBq+OCiOOCiuiJsuW3ruOBjOeUn+OBmOOCi+WgtOWQiOOBjOOBguOCiuOBvuOBmeOAgjxicj4KPGltZyBzcmM9Imh0dHA6Ly9pbWFnZS5yYWt1dGVuLmNvLmpwL2F1Yy15dW1pc2hvcC9jYWJpbmV0L2lvL2ltZ3JjMDA2MjI1NjcxNC5naWYiPjxicj48YnI+PGJyPjxicj4KPElNRyBzcmM9Imh0dHA6Ly9pbWFnZS5yYWt1dGVuLmNvLmpwL2F1Yy15dW1pc2hvcC9jYWJpbmV0L2lvL2ltZzYwODQ5MjczLmdpZiIgd2lkdGg9IjI1MCI+,44CQ44KG44GG44OR44Kx44OD44OI5Y+v44CR44OP44Oz44OJ44Oh44Kk44OJ44O744OH44Kz55So57Sg5p2Q4pmq44K344Oz44OX44Or44Gq44OP44O844OI5Z6L5Lih6Z2i44Kz44Oz44OR44Kv44OI44Of44Op44O84pmq44K344Or44OQ44O84pmqMeWAi+KYheiqleeUn+aXpeODl+ODrOOCvOODs+ODiC/pj6Ev5pC65biv55So6Y+h77yaR3JlZW4gUm9zZSDjg43jg4Pjg4jjgrfjg6fjg4Pjg5cgWXVtaQ==,6YCa5L+h6LKp5aOy6YCa6LKp44K344On44OD44OU44Oz44Kw44Kq44Oz44Op44Kk44Oz44K344On44OD44OU44Oz44Kw6LK344GE54mp44OX44Os44K844Oz44OI44Ku44OV44OI6LSI44KK54mp6LSI562U5ZOB44GK5Lit5YWD44GK5q2z5pqu44GK6LK344GE5b6X44CQ44KG44GG44OR44Kx44OD44OI5Y+v44CR44OP44Oz44OJ44Oh44Kk44OJ44O744OH44Kz55So57Sg5p2Q4pmq44K344Oz44OX44Or44Gq44OP44O844OI5Z6L5Lih6Z2i44Kz44Oz44OR44Kv44OI44Of44Op44O84pmq44K344Or44OQ44O84pmqMeWAi+KYheiqleeUn+aXpeODl+ODrOOCvOODs+ODiC/pj6Ev5pC65biv55So6Y+h,44CQ44OH44Kz44CB44OP44Oz44OJ44Oh44Kk44OJ44CB44Of44Op44O844CRIOOAguOAkOOChuOBhuODkeOCseODg+ODiOWPr+OAkeODj+ODs+ODieODoeOCpOODieODu+ODh+OCs+eUqOe0oOadkOKZquOCt+ODs+ODl+ODq+OBquODj+ODvOODiOWei+S4oemdouOCs+ODs+ODkeOCr+ODiOODn+ODqeODvOKZquOCt+ODq+ODkOODvOKZqjHlgIvimIXoqpXnlJ/ml6Xjg5fjg6zjgrzjg7Pjg4gv6Y+hL+aQuuW4r+eUqOmPoQ==[rn]
11-22233,aHR0cDovL3RzaG9wLnIxMHMuanAvcmVpbmV0dGUvY2FiaW5ldC8wMTQ3MDU5Mi9pbWc2MjIxMzcxNy5qcGc/Zml0aW49NzAwOjcwMA==,NjI0LjAwMDA=,,5pel55So5ZOB6ZuR6LKo44O75paH5oi/5YW344O75omL6Iq4ID4g5omL6Iq444O744Kv44Op44OV44OI44O755Sf5ZywID4g44Gd44Gu5LuW,44Oe44Or44OB44Kx44O844K5IOOCreODo+ODoeODqyDvvIjjgr3jg7zjgqTjg7PjgrDlsI/nianlhaXjgozvvInjgYrlh7rmjpvjgZHml4XooYznlKjvvI/jgqvjgqbjg6zjgrbjg7zoo70=,,4peG44Oe44Or44OB44Kx44O844K577yPMeWAizxicj4K4peG44Kr44Km44Os44K244O86KO977yP5paw5ZOBPGJyPgril4ZNQURFIElOIElORElBPGJyPgril4blrp/nianjgajnlLvlg4/jgafjga/lpJrlsJHoibLlkIjjgYTjgYznlbDjgarjgorjgb7jgZk8YnI+CuKXhuODoeODvOODq+S+v09LITxicj4KPGJyPgrvvIrjg6Hjg7zjg6vkvr/jgpLjgZTluIzmnJvjga7loLTlkIjjga/os7zlhaXnlLvpnaLjgavjgablv4XjgZrjgIzjg6Hjg7zjg6vkvr/jgI3jgpLpgbjmip7jgZfjgabkuIvjgZXjgYTjgII8YnI+Cjxicj4KPGJyPgo8YnI+CuOAgOOAgOOCteOCpOOCuu+8iOe0hO+8ie+8mjZjbcOXMWNtw5c1LjVjbTxicj4=,44Oe44Or44OB44Kx44O844K5IOOCreODo+ODoeODqyDvvIjjgr3jg7zjgqTjg7PjgrDlsI/nianlhaXjgozvvInjgYrlh7rmjpvjgZHml4XooYznlKjvvI/jgqvjgqbjg6zjgrbjg7zoo73vvJrjgqLjg7Pjg4bjgqPjg7zjgq/miYvoirjjgIzjg6zjg43jg4Pjg4jjgI0=,6YCa5L+h6LKp5aOy6YCa6LKp44K344On44OD44OU44Oz44Kw44Kq44Oz44Op44Kk44Oz44K344On44OD44OU44Oz44Kw6LK344GE54mp44OX44Os44K844Oz44OI44Ku44OV44OI6LSI44KK54mp6LSI562U5ZOB44GK5Lit5YWD44GK5q2z5pqu44GK6LK344GE5b6X44Oc44K/44Oz44OT44O844K644Kr44Oc44K344On44Oz44Oh44K/44Or44OR44O844OE44Ki44Kv44K744K144Oq44O844OR44O844OE6Iux5a2X5paw6IGe44OP44K144Of57O444K044Og5omL6Iq455So5ZOB5omL6Iq46YGT5YW344Kv44Op44OV44OI55So5ZOB44Kv44Op44OV44OI6LOH5p2Q44Kv44Op44OV44OI44OR44O844OE44OB44Kn44Kz44Oc44K/44Oz44OJ44Kk44OE44Oc44K/44Oz44Ki44Kv44Oq44Or44OT44O844K644Km44OD44OJ44OT44O844K644Oh44K/44Or44OT44O844K644Ks44Op44K544OT44O844K644Ks44Op44K544Kr44Oc44K344On44Oz5pyo6KO944Oc44K/44Oz44Of44O844Or55q/VVbjg6zjgrjjg7PjgqLjg7Pjg4bjgqPjg7zjgq/jgq3jg7zjg6zjg4fjgqPjg7zjgrnjg5XjgqHjg4Pjgrfjg6fjg7PjgrnjgqTjg7zjg4Tjg4fjgrPjg57jg6vjgqvjg7Pjg57jg6vjg4HjgrHjg7zjgrkg44Kt44Oj44Oh44OrIO+8iOOCveODvOOCpOODs+OCsOWwj+eJqeWFpeOCjO+8ieOBiuWHuuaOm+OBkeaXheihjOeUqO+8j+OCq+OCpuODrOOCtuODvOijvQ==,44Oe44Or44OB44Kx44O844K5IOOCreODo+ODoeODqyDvvIjjgr3jg7zjgqTjg7PjgrDlsI/nianlhaXjgozvvInjgYrlh7rmjpvjgZHml4XooYznlKjvvI/jgqvjgqbjg6zjgrbjg7zoo70=[rn]
11-22234,aHR0cDovL3RzaG9wLnIxMHMuanAvcmVpbmV0dGUvY2FiaW5ldC8wMTQ3MDU5Mi9pbWc2MjIxMzczMi5qcGc/Zml0aW49NzAwOjcwMA==,NjI0LjAwMDA=,,5pel55So5ZOB6ZuR6LKo44O75paH5oi/5YW344O75omL6Iq4ID4g5omL6Iq444O744Kv44Op44OV44OI44O755Sf5ZywID4g44Gd44Gu5LuW,44Oe44Or44OB44Kx44O844K5IOODluODqeOCpuODsyDvvIjjgr3jg7zjgqTjg7PjgrDlsI/nianlhaXjgozvvInjgYrlh7rmjpvjgZHml4XooYznlKjvvI/jgqvjgqbjg6zjgrbjg7zoo70=,,4peG44Oe44Or44OB44Kx44O844K577yPMeWAizxicj4K4peG44Kr44Km44Os44K244O86KO977yP5paw5ZOBPGJyPgril4ZNQURFIElOIElORElBPGJyPgril4blrp/nianjgajnlLvlg4/jgafjga/lpJrlsJHoibLlkIjjgYTjgYznlbDjgarjgorjgb7jgZk8YnI+CuKXhuODoeODvOODq+S+v09LITxicj4KPGJyPgrvvIrjg6Hjg7zjg6vkvr/jgpLjgZTluIzmnJvjga7loLTlkIjjga/os7zlhaXnlLvpnaLjgavjgablv4XjgZrjgIzjg6Hjg7zjg6vkvr/jgI3jgpLpgbjmip7jgZfjgabkuIvjgZXjgYTjgII8YnI+Cjxicj4KPGJyPgo8YnI+CuOAgOOAgOOCteOCpOOCuu+8iOe0hO+8ie+8mjZjbcOXMWNtw5c1LjVjbTxicj4=,44Oe44Or44OB44Kx44O844K5IOODluODqeOCpuODsyDvvIjjgr3jg7zjgqTjg7PjgrDlsI/nianlhaXjgozvvInjgYrlh7rmjpvjgZHml4XooYznlKjvvI/jgqvjgqbjg6zjgrbjg7zoo73vvJrjgqLjg7Pjg4bjgqPjg7zjgq/miYvoirjjgIzjg6zjg43jg4Pjg4jjgI0=,6YCa5L+h6LKp5aOy6YCa6LKp44K344On44OD44OU44Oz44Kw44Kq44Oz44Op44Kk44Oz44K344On44OD44OU44Oz44Kw6LK344GE54mp44OX44Os44K844Oz44OI44Ku44OV44OI6LSI44KK54mp6LSI562U5ZOB44GK5Lit5YWD44GK5q2z5pqu44GK6LK344GE5b6X44Oc44K/44Oz44OT44O844K644Kr44Oc44K344On44Oz44Oh44K/44Or44OR44O844OE44Ki44Kv44K744K144Oq44O844OR44O844OE6Iux5a2X5paw6IGe44OP44K144Of57O444K044Og5omL6Iq455So5ZOB5omL6Iq46YGT5YW344Kv44Op44OV44OI55So5ZOB44Kv44Op44OV44OI6LOH5p2Q44Kv44Op44OV44OI44OR44O844OE44OB44Kn44Kz44Oc44K/44Oz44OJ44Kk44OE44Oc44K/44Oz44Ki44Kv44Oq44Or44OT44O844K644Km44OD44OJ44OT44O844K644Oh44K/44Or44OT44O844K644Ks44Op44K544OT44O844K644Ks44Op44K544Kr44Oc44K344On44Oz5pyo6KO944Oc44K/44Oz44Of44O844Or55q/VVbjg6zjgrjjg7PjgqLjg7Pjg4bjgqPjg7zjgq/jgq3jg7zjg6zjg4fjgqPjg7zjgrnjg5XjgqHjg4Pjgrfjg6fjg7PjgrnjgqTjg7zjg4Tjg4fjgrPjg57jg6vjgqvjg7Pjg57jg6vjg4HjgrHjg7zjgrkg44OW44Op44Km44OzIO+8iOOCveODvOOCpOODs+OCsOWwj+eJqeWFpeOCjO+8ieOBiuWHuuaOm+OBkeaXheihjOeUqO+8j+OCq+OCpuODrOOCtuODvOijvQ==,44Oe44Or44OB44Kx44O844K5IOODluODqeOCpuODsyDvvIjjgr3jg7zjgqTjg7PjgrDlsI/nianlhaXjgozvvInjgYrlh7rmjpvjgZHml4XooYznlKjvvI/jgqvjgqbjg6zjgrbjg7zoo70=[rn]
11-22235,aHR0cDovL3RzaG9wLnIxMHMuanAvZW5jaGFudGVzaG9wL2NhYmluZXQvaGFuZG1hZGUwMy9obS0xNS0zMi03Y20uanBnP2ZpdGluPTcwMDo3MDA=,MzA0LjAwMDA=,,5pel55So5ZOB6ZuR6LKo44O75paH5oi/5YW344O75omL6Iq4ID4g5omL6Iq444O744Kv44Op44OV44OI44O755Sf5ZywID4g44Gd44Gu5LuW,6Ieq56S+5bel5oi/6JuN5YWJ44Ki44Kv44Oq44Or6KO95YiH44KK5oqc44GN5paH5a2X77yI44Gy44KJ44GM44GqOuOBguihjO+9nuOBquihjO+8iTdjbSDljprjgZXntIQzbW0gL+WIh+OCiuaWh+Wtl+WIh+aWh+Wtl+ODkeODvOODhOODj+ODs+ODieODoeOCpOODieOCr+ODqeODleODiERJWeihqOacreODjeODvOODoOODl+ODrOODvOODiOeci+adv+OCpuOCp+ODq+OCq+ODoOODnOODvOODieOCpuOCqOODh+OCo+ODs+OCsOaWsOWFpeWtpuWFpeWckuODoeODouODquOCouODq+S9nOWTgeOAkOOCr+ODreODjeOCs0RN5L6/5a++5b+c44CRW03kvr8gMS8yMF0=,,PGNlbnRlcj4KCjxpbWcgc3JjPSJodHRwOi8vaW1hZ2UucmFrdXRlbi5jby5qcC9lbmNoYW50ZXNob3AvY2FiaW5ldC9tYWlsYmluL21haWxhLW9rLmpwZyIgd2lkdGg9IjkwJSIgYm9yZGVyPSIwIj48L2NlbnRlcj4KPGhyPjxmb250IGNvbG9yPSJmZjAwMDAiPuKAu+OBlOizvOWFpeWJjeOBq+W/heOBmuOBiuiqreOBv+OBj+OBoOOBleOBhDwvZm9udD48YnI+Cu+8nu+8niDjg6Hjg7zjg6vkvr/jgavjgaTjgYTjgabjga/jgZPjgaHjgok8YnI+Cjxocj4KPGJyPjxicj4KCuOAkOOBlOizvOWFpeWJjeOBq+W/heOBmuOBiuiqreOBv+OBj+OBoOOBleOBhOOAkQogPGJyPiA8YnI+CuWVhuWTgeOBq+OCiOOBo+OBpuOBr+WkmuWwkeWCt+OBjOOBlOOBluOBhOOBvuOBmeOAgjxicj4K5rOo5paH56K66KqN44Oh44O844Or6YCB5LuY5b6M44Gu44Kt44Oj44Oz44K744Or44Gv44GU6YGg5oWu44GP44Gg44GV44GE44CCPGJyPgrjgZ3jga7ku5bjgIHjgZTkuI3mmI7jgarngrnjgZTos6rllY/nrYnjga/kuIvoqJjjgb7jgafjgIHjgYrllY/jgYTlkIjjgo/jgZvjgY/jgaDjgZXjgYTjgII8YnI+CuOAkOOBiuWVj+OBhOWQiOOCj+OBm+WFiO+8mjA3NDItMzAtNDQ2N+OAkeS6iOOCgeS4iuiomOWGheWuueOCkuOBlOS6huaJv+OBruS4iuOBlOazqOaWh+mgguOBkeOBvuOBmeOCiOOBhuOCiOOCjeOBl+OBj+OBiumhmOOBhOOBhOOBn+OBl+OBvuOBmeOAgjxicj48YnI+CuOAkOWVhuWTgeiqrOaYjuOAkTxicj4K5YiH44KK5oqc44GN5paH5a2X44Gu44OR44O844OE44Gn44GZ44CC5aSq6Zm944CB44K544Od44OD44OI44Op44Kk44OI44CB6LuK44Gu44Op44Kk44OI44Gq44Gp44Gu5YWJ44KS576O44GX44GP5Y+N5bCE44GX44CB44Kq44Oq44K444OK44Or44OX44Os44O844OI44KE55yL5p2/44KE6KGo5pyt44KS55uu56uL44Gf44Gb44Gm44GP44KM44G+44GZ44CC5aSq6Zm944CB44K544Od44OD44OI44Op44Kk44OI44CB6LuK44Gu44Op44Kk44OI44Gq44Gp44Gu5YWJ44KS576O44GX44GP5Y+N5bCE44GX44CB44Kq44Oq44K444OK44Or44OX44Os44O844OI44KE55yL5p2/44KE6KGo5pyt44KS55uu56uL44Gf44Gb44Gm44GP44KM44G+44GZ44CC5omL5L2c44KK44CB54mp5L2c44KK44Gr44GU5Yip55So44GP44Gg44GV44GE44CC44Gy44KJ44GM44Gq44CB44Ki44Or44OV44Kh44OZ44OD44OI44CB5pWw5a2X44CB6KiY5Y+344CB44Oe44O844Kv44KS57WE44G/5ZCI44KP44Gb44Gm44Kq44Oq44K444OK44Or44OX44Os44O844OI5L2c44KK44Gq44Gp44Gr44CCPGJyPgrilqDllYblk4HlkI0g6JuN5YWJ44Ki44Kv44Oq44Or6KO95YiH44KK5oqc44GN5paH5a2X77yI44Gy44KJ44GM44GqOuOBguihjO+9nuOBquihjO+8iTxicj4K4pag44K144Kk44K6KOe0hCkg6auY44GVN2Nt77yaN2Nt5Zub5pa544Gu5p6g44Gr5Y+O44G+44KL44OQ44Op44Oz44K544Gn5L2c5oiQ44GX44Gm44GE44G+44GZ44CCPGJyPgrljprjgZXvvJozbW08YnI+CuKWoOe0oOadkCDom43lhYnjgqLjgq/jg6rjg6vmnb88YnI+CuKWoOOCu+ODg+ODiOWGheWuuSDliIfjgormipzjgY3mloflrZfDlzE8YnI+CuKWoOWCmeiAgzxicj4K4oC744GK5L2/44GE44GuUEPnkrDlooPjgavjgojjgorlrp/pmpvjga7jgYroibLjgajnlbDjgarjgovloLTlkIjjgYzjgZTjgZbjgYTjgb7jgZnjgII8YnI+4oC757Sw44GE44OR44O844OE44KE57Sw44GP44Gq44Gj44Gm44GE44KL566H5omA44Gv44CB5Ymy44KM44KE44GZ44GE44Gf44KB44CB5Y+W5omx44GE44Gr44GU5rOo5oSP5LiL44GV44GE44CCPGJyPuOBguOCieOBi+OBmOOCgeOBlOS6huaJv+OBj+OBoOOBleOBhOOAgjxicj48YnI+CuOAkOmWoumAo+WVhuWTgeOAkTxicj4K44Gy44KJ44GM44Gq77yI44Gv6KGM772e44KP6KGM77yJN2Nt44Gv77ye77ye44GT44Gh44KJPGJyPgrjgbLjgonjgYzjgarvvIjlsI/jgZXjgYTjgIzjgoTjg7vjgobjg7vjgojjg7vjgaTjgI3jgoTmv4Hpn7Pjg7vljYrmv4Hpn7PvvIk3Y23jga/vvJ7vvJ7jgZPjgaHjgokKPGJyPjxicj4KPGltZyBzcmM9Imh0dHA6Ly93d3cucmFrdXRlbi5uZS5qcC9nb2xkL2VuY2hhbnRlc2hvcC9pbWFnZXMvZnJlZS1wYWdlL2tpcmludWtpLWluZm8tYnVubmVyLmpwZyIgd2lkdGg9IjEwMCUiPg==,6Ieq56S+5bel5oi/6JuN5YWJ44Ki44Kv44Oq44Or6KO95YiH44KK5oqc44GN5paH5a2X77yI44Gy44KJ44GM44GqOuOBguihjO+9nuOBquihjO+8iTdjbSDljprjgZXntIQzbW0gL+WIh+OCiuaWh+Wtl+WIh+aWh+Wtl+ODkeODvOODhOODj+ODs+ODieODoeOCpOODieOCr+ODqeODleODiERJWeihqOacreODjeODvOODoOODl+ODrOODvOODiOeci+adv+OCpuOCp+ODq+OCq+ODoOODnOODvOODieOCpuOCqOODh+OCo+ODs+OCsOaWsOWFpeWtpuWFpeWckuODoeODouODquOCouODq+S9nOWTgeOAkOOCr+ODreODjeOCs0RN5L6/5a++5b+c44CRW03kvr8gMS8yMF3vvJrjgqLjg7Pjgrfjg6Pjg7Pjg4bjg57jg7zjgrHjg4Pjg4g=,6YCa5L+h6LKp5aOy6YCa6LKp44K344On44OD44OU44Oz44Kw44Kq44Oz44Op44Kk44Oz44K344On44OD44OU44Oz44Kw6LK344GE54mp44OX44Os44K844Oz44OI44Ku44OV44OI6LSI44KK54mp6LSI562U5ZOB44GK5Lit5YWD44GK5q2z5pqu44GK6LK344GE5b6X6J2244ON44Kv44K/44KkIOOCreODg+OCuuidtuODjeOCr+OCv+OCpCDotaTliIfjgormipzjgY3mloflrZfliIfjgormipzjgY0g44Kr44OD44K/44O844Km44Kn44Or44Kr44Og44Oc44O844OJIOaWh+Wtl+OCpuOCp+ODq+OCq+ODoOODnOODvOODiSDntKDmnZDmloflrZcg5Yqg5bel6ZuR6LKoIOOCruODleODiOWIh+OCiuaWh+WtlyDooajmnK3liIfjgormipzjgY0g5paH5a2XIOODleOCqeODs+ODiOiHquekvuW3peaIv+ibjeWFieOCouOCr+ODquODq+ijveWIh+OCiuaKnOOBjeaWh+Wtl++8iOOBsuOCieOBjOOBqjrjgYLooYzvvZ7jgarooYzvvIk3Y20g5Y6a44GV57SEM21tIC/liIfjgormloflrZfliIfmloflrZfjg5Hjg7zjg4Tjg4/jg7Pjg4njg6HjgqTjg4njgq/jg6njg5Xjg4hESVnooajmnK3jg43jg7zjg6Djg5fjg6zjg7zjg4jnnIvmnb/jgqbjgqfjg6vjgqvjg6Djg5zjg7zjg4njgqbjgqjjg4fjgqPjg7PjgrDmlrDlhaXlrablhaXlnJLjg6Hjg6Ljg6rjgqLjg6vkvZzlk4HjgJDjgq/jg63jg43jgrNETeS+v+WvvuW/nOOAkVtN5L6/IDEvMjBd,44Kq44Oq44K444OK44Or44ON44O844Og44OX44Os44O844OI44Gq44Gp44Gr44CC44CC6Ieq56S+5bel5oi/6JuN5YWJ44Ki44Kv44Oq44Or6KO95YiH44KK5oqc44GN5paH5a2X77yI44Gy44KJ44GM44GqOuOBguihjO+9nuOBquihjO+8iTdjbSDljprjgZXntIQzbW0gL+WIh+OCiuaWh+Wtl+WIh+aWh+Wtl+ODkeODvOODhOODj+ODs+ODieODoeOCpOODieOCr+ODqeODleODiERJWeihqOacreODjeODvOODoOODl+ODrOODvOODiOeci+adv+OCpuOCp+ODq+OCq+ODoOODnOODvOODieOCpuOCqOODh+OCo+ODs+OCsOaWsOWFpeWtpuWFpeWckuODoeODouODquOCouODq+S9nOWTgeOAkOOCr+ODreODjeOCs0RN5L6/5a++5b+c44CRW03kvr8gMS8yMF0=[rn]
11-22236,aHR0cDovL3RzaG9wLnIxMHMuanAvZW5jaGFudGVzaG9wL2NhYmluZXQvaGFuZG1hZGUwMy9obS0xNS0zNy05Y20uanBnP2ZpdGluPTcwMDo3MDA=,NDE2LjAwMDA=,,5pel55So5ZOB6ZuR6LKo44O75paH5oi/5YW344O75omL6Iq4ID4g5omL6Iq444O744Kv44Op44OV44OI44O755Sf5ZywID4g44Gd44Gu5LuW,6Ieq56S+5bel5oi/44Of44Op44O844Ki44Kv44Oq44Or6KO95YiH44KK5oqc44GN5paH5a2X77yI5pWw5a2X44O76KiY5Y+377yJOWNtIOWOmuOBlee0hDNtbSAv5YiH44KK5paH5a2X5YiH5paH5a2X44OR44O844OE44Ot44O844Oe5a2X44OP44Oz44OJ44Oh44Kk44OJ44Kv44Op44OV44OIRElZ6KGo5pyt44ON44O844Og44OX44Os44O844OI55yL5p2/44Km44Kn44Or44Kr44Og44Oc44O844OJ44Km44Ko44OH44Kj44Oz44Kw44Km44Kn44Or44Kr44Og44Oc44O844OJ44CQ44Kv44Ot44ON44KzRE3kvr/lr77lv5zjgJFbTeS+vyAxLzNd,,PGNlbnRlcj4KCjxpbWcgc3JjPSJodHRwOi8vaW1hZ2UucmFrdXRlbi5jby5qcC9lbmNoYW50ZXNob3AvY2FiaW5ldC9tYWlsYmluL21haWxhLW9rLmpwZyIgd2lkdGg9IjkwJSIgYm9yZGVyPSIwIj48L2NlbnRlcj4KPGhyPjxmb250IGNvbG9yPSJmZjAwMDAiPuKAu+OBlOizvOWFpeWJjeOBq+W/heOBmuOBiuiqreOBv+OBj+OBoOOBleOBhDwvZm9udD48YnI+Cu+8nu+8niDjg6Hjg7zjg6vkvr/jgavjgaTjgYTjgabjga/jgZPjgaHjgok8YnI+Cjxocj4KPGJyPjxicj4KCuOAkOOBlOizvOWFpeWJjeOBq+W/heOBmuOBiuiqreOBv+OBj+OBoOOBleOBhOOAkQogPGJyPiA8YnI+CuWVhuWTgeOBq+OCiOOBo+OBpuOBr+WkmuWwkeWCt+OBjOOBlOOBluOBhOOBvuOBmeOAgjxicj4K5rOo5paH56K66KqN44Oh44O844Or6YCB5LuY5b6M44Gu44Kt44Oj44Oz44K744Or44Gv44GU6YGg5oWu44GP44Gg44GV44GE44CCPGJyPgrjgZ3jga7ku5bjgIHjgZTkuI3mmI7jgarngrnjgZTos6rllY/nrYnjga/kuIvoqJjjgb7jgafjgIHjgYrllY/jgYTlkIjjgo/jgZvjgY/jgaDjgZXjgYTjgII8YnI+CuOAkOOBiuWVj+OBhOWQiOOCj+OBm+WFiO+8mjA3NDItMzAtNDQ2N+OAkeS6iOOCgeS4iuiomOWGheWuueOCkuOBlOS6huaJv+OBruS4iuOBlOazqOaWh+mgguOBkeOBvuOBmeOCiOOBhuOCiOOCjeOBl+OBj+OBiumhmOOBhOOBhOOBn+OBl+OBvuOBmeOAgjxicj48YnI+CuOAkOWVhuWTgeiqrOaYjuOAkTxicj4K6Y+h6Z2i44GM576O44GX44GE44Ki44Kv44Oq44Or44Of44Op44O844CC5YiH44KK5oqc44GN5paH5a2X44Gu44OR44O844OE44Gn44GZ44CC5omL5L2c44KK44CB54mp5L2c44KK44Gr44GU5Yip55So44GP44Gg44GV44GE44CC44Ki44Or44OV44Kh44OZ44OD44OI44KE44Oe44O844Kv44Go57WE44G/5ZCI44KP44Gb44Gm44Kq44Oq44K444OK44Or44OX44Os44O844OI5L2c44KK44Gq44Gp44Gr44CCPGJyPgrilqDllYblk4HlkI0g44Of44Op44O844Ki44Kv44Oq44Or6KO95YiH44KK5oqc44GN5paH5a2X77yI5pWw5a2X44O76KiY5Y+377yJPGJyPgrilqDjgrXjgqTjgroo57SEKSDpq5jjgZU5Y23vvJrlpKfmloflrZfjga45Y23jgr/jgqTjg5fjgavlkIjjgo/jgZvjgZ/jg5Djg6njg7PjgrnjgafkvZzmiJDjgZfjgabjgYTjgb7jgZnjgII8YnI+CuWOmuOBle+8mjNtbTxicj4K4pag44OH44K244Kk44Oz44CA44K744Oq44OV44OV44Kp44Oz44OIL+ethuiomOS9k+ODleOCqeODs+ODiC/op5LmloflrZfjg5Xjgqnjg7Pjg4gv5Li45paH5a2X44OV44Kp44Oz44OIL+OCpOOCv+ODquODg+OCr+ODleOCqeODs+ODiC/jgrnjgr/jgqTjg6rjg4Pjgrfjg6Xjg5Xjgqnjg7Pjg4g8YnI+CuKWoOe0oOadkCDjg5/jg6njg7zjgqLjgq/jg6rjg6vmnb88YnI+CuKWoOOCu+ODg+ODiOWGheWuuSDliIfjgormipzjgY3mloflrZfDlzE8YnI+CuKWoOWCmeiAgzxicj4K4oC744GK5L2/44GE44GuUEPnkrDlooPjgavjgojjgorlrp/pmpvjga7jgYroibLjgajnlbDjgarjgovloLTlkIjjgYzjgZTjgZbjgYTjgb7jgZnjgII8YnI+4oC757Sw44GE44OR44O844OE44KE57Sw44GP44Gq44Gj44Gm44GE44KL566H5omA44Gv44CB5Ymy44KM44KE44GZ44GE44Gf44KB44CB5Y+W5omx44GE44Gr44GU5rOo5oSP5LiL44GV44GE44CCPGJyPuOBguOCieOBi+OBmOOCgeOBlOS6huaJv+OBj+OBoOOBleOBhOOAgjxicj48YnI+CjxpbWcgc3JjPSJodHRwOi8vd3d3LnJha3V0ZW4ubmUuanAvZ29sZC9lbmNoYW50ZXNob3AvaW1hZ2VzL2ZyZWUtcGFnZS9raXJpbnVraS1pbmZvLWJ1bm5lci5qcGciIHdpZHRoPSIxMDAlIj4=,6Ieq56S+5bel5oi/44Of44Op44O844Ki44Kv44Oq44Or6KO95YiH44KK5oqc44GN5paH5a2X77yI5pWw5a2X44O76KiY5Y+377yJOWNtIOWOmuOBlee0hDNtbSAv5YiH44KK5paH5a2X5YiH5paH5a2X44OR44O844OE44Ot44O844Oe5a2X44OP44Oz44OJ44Oh44Kk44OJ44Kv44Op44OV44OIRElZ6KGo5pyt44ON44O844Og44OX44Os44O844OI55yL5p2/44Km44Kn44Or44Kr44Og44Oc44O844OJ44Km44Ko44OH44Kj44Oz44Kw44Km44Kn44Or44Kr44Og44Oc44O844OJ44CQ44Kv44Ot44ON44KzRE3kvr/lr77lv5zjgJFbTeS+vyAxLzNd77ya44Ki44Oz44K344Oj44Oz44OG44Oe44O844Kx44OD44OI,6YCa5L+h6LKp5aOy6YCa6LKp44K344On44OD44OU44Oz44Kw44Kq44Oz44Op44Kk44Oz44K344On44OD44OU44Oz44Kw6LK344GE54mp44OX44Os44K844Oz44OI44Ku44OV44OI6LSI44KK54mp6LSI562U5ZOB44GK5Lit5YWD44GK5q2z5pqu44GK6LK344GE5b6X6J2244ON44Kv44K/44KkIOOCreODg+OCuuidtuODjeOCr+OCv+OCpCDotaTliIfjgormipzjgY3mloflrZfliIfjgormipzjgY0g44Kr44OD44K/44O844Km44Kn44Or44Kr44Og44Oc44O844OJIOaWh+Wtl+OCpuOCp+ODq+OCq+ODoOODnOODvOODiSDntKDmnZDmloflrZcg5Yqg5bel6ZuR6LKoIOOCruODleODiOWIh+OCiuaWh+WtlyDooajmnK3liIfjgormipzjgY0g5paH5a2XIOODleOCqeODs+ODiOiHquekvuW3peaIv+ODn+ODqeODvOOCouOCr+ODquODq+ijveWIh+OCiuaKnOOBjeaWh+Wtl++8iOaVsOWtl+ODu+iomOWPt++8iTljbSDljprjgZXntIQzbW0gL+WIh+OCiuaWh+Wtl+WIh+aWh+Wtl+ODkeODvOODhOODreODvOODnuWtl+ODj+ODs+ODieODoeOCpOODieOCr+ODqeODleODiERJWeihqOacreODjeODvOODoOODl+ODrOODvOODiOeci+adv+OCpuOCp+ODq+OCq+ODoOODnOODvOODieOCpuOCqOODh+OCo+ODs+OCsOOCpuOCp+ODq+OCq+ODoOODnOODvOODieOAkOOCr+ODreODjeOCs0RN5L6/5a++5b+c44CRW03kvr8gMS8zXQ==,44Kq44Oq44K444OK44Or44ON44O844Og44OX44Os44O844OI44Gq44Gp44Gr44CC44CC6Ieq56S+5bel5oi/44Of44Op44O844Ki44Kv44Oq44Or6KO95YiH44KK5oqc44GN5paH5a2X77yI5pWw5a2X44O76KiY5Y+377yJOWNtIOWOmuOBlee0hDNtbSAv5YiH44KK5paH5a2X5YiH5paH5a2X44OR44O844OE44Ot44O844Oe5a2X44OP44Oz44OJ44Oh44Kk44OJ44Kv44Op44OV44OIRElZ6KGo5pyt44ON44O844Og44OX44Os44O844OI55yL5p2/44Km44Kn44Or44Kr44Og44Oc44O844OJ44Km44Ko44OH44Kj44Oz44Kw44Km44Kn44Or44Kr44Og44Oc44O844OJ44CQ44Kv44Ot44ON44KzRE3kvr/lr77lv5zjgJFbTeS+vyAxLzNd[rn]
11-22237,aHR0cDovL3RzaG9wLnIxMHMuanAvZW5jaGFudGVzaG9wL2NhYmluZXQvaGFuZG1hZGUwMy9obS0xNS0zMC0yMGNtLmpwZz9maXRpbj03MDA6NzAw,MjMyMC4wMDAw,,5pel55So5ZOB6ZuR6LKo44O75paH5oi/5YW344O75omL6Iq4ID4g5omL6Iq444O744Kv44Op44OV44OI44O755Sf5ZywID4g44Gd44Gu5LuW,6Ieq56S+5bel5oi/6JuN5YWJ44Ki44Kv44Oq44Or6KO95YiH44KK5oqc44GN5paH5a2X77yI5pWw5a2X44O76KiY5Y+377yJMjBjbSDljprjgZXntIQzbW0gL+WIh+OCiuaWh+Wtl+WIh+aWh+Wtl+ODkeODvOODhOODreODvOODnuWtl+ODj+ODs+ODieODoeOCpOODieOCr+ODqeODleODiERJWeihqOacreODjeODvOODoOODl+ODrOODvOODiOeci+adv+OCpuOCp+ODq+OCq+ODoOODnOODvOODieOCpuOCqOODh+OCo+ODs+OCsOOCpuOCp+ODq+OCq+ODoOODnOODvOODieOAkOOCr+ODreODjeOCs0RN5L6/5a++5b+c44CRW03kvr8gMS8zXQ==,,PGNlbnRlcj4KCjxpbWcgc3JjPSJodHRwOi8vaW1hZ2UucmFrdXRlbi5jby5qcC9lbmNoYW50ZXNob3AvY2FiaW5ldC9tYWlsYmluL21haWxhLW9rLmpwZyIgd2lkdGg9IjkwJSIgYm9yZGVyPSIwIj48L2NlbnRlcj4KPGhyPjxmb250IGNvbG9yPSJmZjAwMDAiPuKAu+OBlOizvOWFpeWJjeOBq+W/heOBmuOBiuiqreOBv+OBj+OBoOOBleOBhDwvZm9udD48YnI+Cu+8nu+8niDjg6Hjg7zjg6vkvr/jgavjgaTjgYTjgabjga/jgZPjgaHjgok8YnI+Cjxocj4KPGJyPjxicj4KCuOAkOOBlOizvOWFpeWJjeOBq+W/heOBmuOBiuiqreOBv+OBj+OBoOOBleOBhOOAkQogPGJyPiA8YnI+CuWVhuWTgeOBq+OCiOOBo+OBpuOBr+WkmuWwkeWCt+OBjOOBlOOBluOBhOOBvuOBmeOAgjxicj4K5rOo5paH56K66KqN44Oh44O844Or6YCB5LuY5b6M44Gu44Kt44Oj44Oz44K744Or44Gv44GU6YGg5oWu44GP44Gg44GV44GE44CCPGJyPgrjgZ3jga7ku5bjgIHjgZTkuI3mmI7jgarngrnjgZTos6rllY/nrYnjga/kuIvoqJjjgb7jgafjgIHjgYrllY/jgYTlkIjjgo/jgZvjgY/jgaDjgZXjgYTjgII8YnI+CuOAkOOBiuWVj+OBhOWQiOOCj+OBm+WFiO+8mjA3NDItMzAtNDQ2N+OAkeS6iOOCgeS4iuiomOWGheWuueOCkuOBlOS6huaJv+OBruS4iuOBlOazqOaWh+mgguOBkeOBvuOBmeOCiOOBhuOCiOOCjeOBl+OBj+OBiumhmOOBhOOBhOOBn+OBl+OBvuOBmeOAgjxicj48YnI+CuOAkOWVhuWTgeiqrOaYjuOAkTxicj4K5YiH44KK5oqc44GN5paH5a2X44Gu44OR44O844OE44Gn44GZ44CC5aSq6Zm944CB44K544Od44OD44OI44Op44Kk44OI44CB6LuK44Gu44Op44Kk44OI44Gq44Gp44Gu5YWJ44KS576O44GX44GP5Y+N5bCE44GX44CB44Kq44Oq44K444OK44Or44OX44Os44O844OI44KE55yL5p2/44KE6KGo5pyt44KS55uu56uL44Gf44Gb44Gm44GP44KM44G+44GZ44CC5aSq6Zm944CB44K544Od44OD44OI44Op44Kk44OI44CB6LuK44Gu44Op44Kk44OI44Gq44Gp44Gu5YWJ44KS576O44GX44GP5Y+N5bCE44GX44CB44Kq44Oq44K444OK44Or44OX44Os44O844OI44KE55yL5p2/44KE6KGo5pyt44KS55uu56uL44Gf44Gb44Gm44GP44KM44G+44GZ44CC5omL5L2c44KK44CB54mp5L2c44KK44Gr44GU5Yip55So44GP44Gg44GV44GE44CC44Ki44Or44OV44Kh44OZ44OD44OI44KE44Oe44O844Kv44Go57WE44G/5ZCI44KP44Gb44Gm44Kq44Oq44K444OK44Or44OX44Os44O844OI5L2c44KK44Gq44Gp44Gr44CCPGJyPgrilqDllYblk4HlkI0g6JuN5YWJ44Ki44Kv44Oq44Or6KO95YiH44KK5oqc44GN5paH5a2X77yI5pWw5a2X44O76KiY5Y+377yJPGJyPgrilqDjgrXjgqTjgroo57SEKSDpq5jjgZUyMGNt77ya5aSn5paH5a2X44GuMjBjbeOCv+OCpOODl+OBq+WQiOOCj+OBm+OBn+ODkOODqeODs+OCueOBp+S9nOaIkOOBl+OBpuOBhOOBvuOBmeOAgjxicj4K5Y6a44GV77yaM21tPGJyPgrilqDjgqvjg6njg7w8YnI+CuibjeWFieOCsOODquODvOODsy/om43lhYnjg5Tjg7Pjgq8v6JuN5YWJ44Os44OD44OJPGJyPgrilqDjg4fjgrbjgqTjg7PjgIDjgrvjg6rjg5Xjg5Xjgqnjg7Pjg4gv562G6KiY5L2T44OV44Kp44Oz44OIL+inkuaWh+Wtl+ODleOCqeODs+ODiC/kuLjmloflrZfjg5Xjgqnjg7Pjg4gv44Kk44K/44Oq44OD44Kv44OV44Kp44Oz44OIL+OCueOCv+OCpOODquODg+OCt+ODpeODleOCqeODs+ODiC/miYvmm7jjgY3poqjjg5Xjgqnjg7Pjg4g8YnI+CuKWoOe0oOadkCDom43lhYnjgqLjgq/jg6rjg6vmnb88YnI+CuKWoOOCu+ODg+ODiOWGheWuuSDliIfjgormipzjgY3mloflrZfDlzE8YnI+CuKWoOWCmeiAgzxicj4K4oC744GK5L2/44GE44GuUEPnkrDlooPjgavjgojjgorlrp/pmpvjga7jgYroibLjgajnlbDjgarjgovloLTlkIjjgYzjgZTjgZbjgYTjgb7jgZnjgII8YnI+4oC757Sw44GE44OR44O844OE44KE57Sw44GP44Gq44Gj44Gm44GE44KL566H5omA44Gv44CB5Ymy44KM44KE44GZ44GE44Gf44KB44CB5Y+W5omx44GE44Gr44GU5rOo5oSP5LiL44GV44GE44CCPGJyPuOBguOCieOBi+OBmOOCgeOBlOS6huaJv+OBj+OBoOOBleOBhOOAgjxicj48YnI+CjxpbWcgc3JjPSJodHRwOi8vd3d3LnJha3V0ZW4ubmUuanAvZ29sZC9lbmNoYW50ZXNob3AvaW1hZ2VzL2ZyZWUtcGFnZS9raXJpbnVraS1pbmZvLWJ1bm5lci5qcGciIHdpZHRoPSIxMDAlIj4=,6Ieq56S+5bel5oi/6JuN5YWJ44Ki44Kv44Oq44Or6KO95YiH44KK5oqc44GN5paH5a2X77yI5pWw5a2X44O76KiY5Y+377yJMjBjbSDljprjgZXntIQzbW0gL+WIh+OCiuaWh+Wtl+WIh+aWh+Wtl+ODkeODvOODhOODreODvOODnuWtl+ODj+ODs+ODieODoeOCpOODieOCr+ODqeODleODiERJWeihqOacreODjeODvOODoOODl+ODrOODvOODiOeci+adv+OCpuOCp+ODq+OCq+ODoOODnOODvOODieOCpuOCqOODh+OCo+ODs+OCsOOCpuOCp+ODq+OCq+ODoOODnOODvOODieOAkOOCr+ODreODjeOCs0RN5L6/5a++5b+c44CRW03kvr8gMS8zXe+8muOCouODs+OCt+ODo+ODs+ODhuODnuODvOOCseODg+ODiA==,6YCa5L+h6LKp5aOy6YCa6LKp44K344On44OD44OU44Oz44Kw44Kq44Oz44Op44Kk44Oz44K344On44OD44OU44Oz44Kw6LK344GE54mp44OX44Os44K844Oz44OI44Ku44OV44OI6LSI44KK54mp6LSI562U5ZOB44GK5Lit5YWD44GK5q2z5pqu44GK6LK344GE5b6X6J2244ON44Kv44K/44KkIOOCreODg+OCuuidtuODjeOCr+OCv+OCpCDotaTliIfjgormipzjgY3mloflrZfliIfjgormipzjgY0g44Kr44OD44K/44O844Km44Kn44Or44Kr44Og44Oc44O844OJIOaWh+Wtl+OCpuOCp+ODq+OCq+ODoOODnOODvOODiSDntKDmnZDmloflrZcg5Yqg5bel6ZuR6LKoIOOCruODleODiOWIh+OCiuaWh+WtlyDooajmnK3liIfjgormipzjgY0g5paH5a2XIOODleOCqeODs+ODiOiHquekvuW3peaIv+ibjeWFieOCouOCr+ODquODq+ijveWIh+OCiuaKnOOBjeaWh+Wtl++8iOaVsOWtl+ODu+iomOWPt++8iTIwY20g5Y6a44GV57SEM21tIC/liIfjgormloflrZfliIfmloflrZfjg5Hjg7zjg4Tjg63jg7zjg57lrZfjg4/jg7Pjg4njg6HjgqTjg4njgq/jg6njg5Xjg4hESVnooajmnK3jg43jg7zjg6Djg5fjg6zjg7zjg4jnnIvmnb/jgqbjgqfjg6vjgqvjg6Djg5zjg7zjg4njgqbjgqjjg4fjgqPjg7PjgrDjgqbjgqfjg6vjgqvjg6Djg5zjg7zjg4njgJDjgq/jg63jg43jgrNETeS+v+WvvuW/nOOAkVtN5L6/IDEvM10=,44Kq44Oq44K444OK44Or44ON44O844Og44OX44Os44O844OI44Gq44Gp44Gr44CC44CC6Ieq56S+5bel5oi/6JuN5YWJ44Ki44Kv44Oq44Or6KO95YiH44KK5oqc44GN5paH5a2X77yI5pWw5a2X44O76KiY5Y+377yJMjBjbSDljprjgZXntIQzbW0gL+WIh+OCiuaWh+Wtl+WIh+aWh+Wtl+ODkeODvOODhOODreODvOODnuWtl+ODj+ODs+ODieODoeOCpOODieOCr+ODqeODleODiERJWeihqOacreODjeODvOODoOODl+ODrOODvOODiOeci+adv+OCpuOCp+ODq+OCq+ODoOODnOODvOODieOCpuOCqOODh+OCo+ODs+OCsOOCpuOCp+ODq+OCq+ODoOODnOODvOODieOAkOOCr+ODreODjeOCs0RN5L6/5a++5b+c44CRW03kvr8gMS8zXQ==[rn]
11-22238,aHR0cDovL3RzaG9wLnIxMHMuanAvZW5jaGFudGVzaG9wL2NhYmluZXQvaGFuZG1hZGUwMy9obS0xNC01Ni01Y20uanBnP2ZpdGluPTcwMDo3MDA=,MTc2LjAwMDA=,,5pel55So5ZOB6ZuR6LKo44O75paH5oi/5YW344O75omL6Iq4ID4g5omL6Iq444O744Kv44Op44OV44OI44O755Sf5ZywID4g44Gd44Gu5LuW,6Ieq56S+5bel5oi/44Ki44Kv44Oq44Or6KO95YiH44KK5oqc44GN5paH5a2X77yI44Ki44Or44OV44Kh44OZ44OD44OI5bCP5paH5a2X77yJNWNtIOWOmuOBlee0hDNtbSAv5YiH44KK5paH5a2X5YiH5paH5a2X44OR44O844OE44Ot44O844Oe5a2X44OP44Oz44OJ44Oh44Kk44OJ44Kv44Op44OV44OIRElZ6KGo5pyt44ON44O844Og44OX44Os44O844OI55yL5p2/44Km44Kn44Or44Kr44Og44Oc44O844OJ44Km44Ko44OH44Kj44Oz44Kw44Km44Kn44Or44Kr44Og44Oc44O844OJ44CQ44Kv44Ot44ON44KzRE3kvr/lr77lv5zjgJFbTeS+vyAxLzIwXQ==,,PGNlbnRlcj4KCjxpbWcgc3JjPSJodHRwOi8vaW1hZ2UucmFrdXRlbi5jby5qcC9lbmNoYW50ZXNob3AvY2FiaW5ldC9tYWlsYmluL21haWxhLW9rLmpwZyIgd2lkdGg9IjkwJSIgYm9yZGVyPSIwIj48L2NlbnRlcj4KPGhyPjxmb250IGNvbG9yPSJmZjAwMDAiPuKAu+OBlOizvOWFpeWJjeOBq+W/heOBmuOBiuiqreOBv+OBj+OBoOOBleOBhDwvZm9udD48YnI+Cu+8nu+8niDjg6Hjg7zjg6vkvr/jgavjgaTjgYTjgabjga/jgZPjgaHjgok8YnI+Cjxocj4KPGJyPjxicj4KCuOAkOOBlOizvOWFpeWJjeOBq+W/heOBmuOBiuiqreOBv+OBj+OBoOOBleOBhOOAkQogPGJyPiA8YnI+CuWVhuWTgeOBq+OCiOOBo+OBpuOBr+WkmuWwkeWCt+OBjOOBlOOBluOBhOOBvuOBmeOAgjxicj4K5rOo5paH56K66KqN44Oh44O844Or6YCB5LuY5b6M44Gu44Kt44Oj44Oz44K744Or44Gv44GU6YGg5oWu44GP44Gg44GV44GE44CCPGJyPgrjgZ3jga7ku5bjgIHjgZTkuI3mmI7jgarngrnjgZTos6rllY/nrYnjga/kuIvoqJjjgb7jgafjgIHjgYrllY/jgYTlkIjjgo/jgZvjgY/jgaDjgZXjgYTjgII8YnI+CuOAkOOBiuWVj+OBhOWQiOOCj+OBm+WFiO+8mjA3NDItMzAtNDQ2N+OAkeS6iOOCgeS4iuiomOWGheWuueOCkuOBlOS6huaJv+OBruS4iuOBlOazqOaWh+mgguOBkeOBvuOBmeOCiOOBhuOCiOOCjeOBl+OBj+OBiumhmOOBhOOBhOOBn+OBl+OBvuOBmeOAgjxicj48YnI+CuOAkOWVhuWTgeiqrOaYjuOAkTxicj4K5YiH44KK5oqc44GN5paH5a2X44Gu44OR44O844OE44Gn44GZ44CC5omL5L2c44KK44CB54mp5L2c44KK44Gr44GU5Yip55So44GP44Gg44GV44GE44CC44Ot44O844Oe5a2X6KGo6KiY44Gu5ZCN5YmN44KS44OX44Os44O844OI44Gr6LK844Gj44Gm6KGo5pyt44Gr44GX44Gf44KK44CB6Iux5Y2Y6Kqe44KS6LK844Gj44Gm44Kq44Oq44K444OK44Or44OX44Os44O844OI5L2c44KK44Gq44Gp44Gr44CCPGJyPgrilqDllYblk4HlkI0g44Ki44Kv44Oq44Or6KO95YiH44KK5oqc44GN5paH5a2X44CA44Ki44Or44OV44Kh44OZ44OD44OIYe+9nnrvvIjlsI/mloflrZfvvIk8YnI+CuKWoOOCteOCpOOCuijntIQpIOmrmOOBlTVjbe+8muWkp+aWh+Wtl+OBrjVjbeOCv+OCpOODl+OBq+WQiOOCj+OBm+OBn+ODkOODqeODs+OCueOBp+S9nOaIkOOBl+OBpuOBhOOBvuOBmeOAgjxicj4K5Y6a44GV77yaM21tPGJyPgrilqDjgqvjg6njg7w8YnI+CuODrOODouODs+OCpOOCqOODreODvC/jgqrjg6zjg7Pjgrjjg57jg4Djg7wv44OQ44O844Of44Oq44Kq44OzL+ODreODvOOCuuODlOODs+OCry/jg5bjg6vjg7wv44Oe44Oq44Oz44OW44Or44O8L+OCqOODoeODqeODq+ODiS/jg5Pjg6rjgrjjg6Pjg7Mv6buS77yI44GP44KN77yJL+eZve+8iOOBl+OCje+8iS/pgI/mmI48YnI+CuKWoOODh+OCtuOCpOODs+OAgOOCu+ODquODleODleOCqeODs+ODiC/nrYboqJjkvZPjg5Xjgqnjg7Pjg4gv6KeS5paH5a2X44OV44Kp44Oz44OIL+S4uOaWh+Wtl+ODleOCqeODs+ODiC/jgqTjgr/jg6rjg4Pjgq/jg5Xjgqnjg7Pjg4gv44K544K/44Kk44Oq44OD44K344Ol44OV44Kp44Oz44OIL+aJi+abuOOBjemiqOODleOCqeODs+ODiDxicj4K4pag57Sg5p2QIOOCouOCr+ODquODq+advzxicj4K4pag44K744OD44OI5YaF5a65IOWIh+OCiuaKnOOBjeaWh+Wtl8OXMTxicj4K4pag5YKZ6ICDPGJyPgrigLvjgYrkvb/jgYTjga5QQ+eSsOWig+OBq+OCiOOCiuWun+mam+OBruOBiuiJsuOBqOeVsOOBquOCi+WgtOWQiOOBjOOBlOOBluOBhOOBvuOBmeOAgjxicj7igLvntLDjgYTjg5Hjg7zjg4TjgoTntLDjgY/jgarjgaPjgabjgYTjgovnrofmiYDjga/jgIHlibLjgozjgoTjgZnjgYTjgZ/jgoHjgIHlj5bmibHjgYTjgavjgZTms6jmhI/kuIvjgZXjgYTjgII8YnI+44GC44KJ44GL44GY44KB44GU5LqG5om/44GP44Gg44GV44GE44CCPGJyPjxicj4KPGltZyBzcmM9Imh0dHA6Ly93d3cucmFrdXRlbi5uZS5qcC9nb2xkL2VuY2hhbnRlc2hvcC9pbWFnZXMvZnJlZS1wYWdlL2tpcmludWtpLWluZm8tYnVubmVyLmpwZyIgd2lkdGg9IjEwMCUiPg==,6Ieq56S+5bel5oi/44Ki44Kv44Oq44Or6KO95YiH44KK5oqc44GN5paH5a2X77yI44Ki44Or44OV44Kh44OZ44OD44OI5bCP5paH5a2X77yJNWNtIOWOmuOBlee0hDNtbSAv5YiH44KK5paH5a2X5YiH5paH5a2X44OR44O844OE44Ot44O844Oe5a2X44OP44Oz44OJ44Oh44Kk44OJ44Kv44Op44OV44OIRElZ6KGo5pyt44ON44O844Og44OX44Os44O844OI55yL5p2/44Km44Kn44Or44Kr44Og44Oc44O844OJ44Km44Ko44OH44Kj44Oz44Kw44Km44Kn44Or44Kr44Og44Oc44O844OJ44CQ44Kv44Ot44ON44KzRE3kvr/lr77lv5zjgJFbTeS+vyAxLzIwXe+8muOCouODs+OCt+ODo+ODs+ODhuODnuODvOOCseODg+ODiA==,6YCa5L+h6LKp5aOy6YCa6LKp44K344On44OD44OU44Oz44Kw44Kq44Oz44Op44Kk44Oz44K344On44OD44OU44Oz44Kw6LK344GE54mp44OX44Os44K844Oz44OI44Ku44OV44OI6LSI44KK54mp6LSI562U5ZOB44GK5Lit5YWD44GK5q2z5pqu44GK6LK344GE5b6X6J2244ON44Kv44K/44KkIOOCreODg+OCuuidtuODjeOCr+OCv+OCpCDotaTliIfjgormipzjgY3mloflrZfliIfjgormipzjgY0g44Kr44OD44K/44O844Km44Kn44Or44Kr44Og44Oc44O844OJIOaWh+Wtl+OCpuOCp+ODq+OCq+ODoOODnOODvOODiSDntKDmnZDmloflrZcg5Yqg5bel6ZuR6LKoIOOCruODleODiOWIh+OCiuaWh+WtlyDooajmnK3liIfjgormipzjgY0g5paH5a2XIOODleOCqeODs+ODiOiHquekvuW3peaIv+OCouOCr+ODquODq+ijveWIh+OCiuaKnOOBjeaWh+Wtl++8iOOCouODq+ODleOCoeODmeODg+ODiOWwj+aWh+Wtl++8iTVjbSDljprjgZXntIQzbW0gL+WIh+OCiuaWh+Wtl+WIh+aWh+Wtl+ODkeODvOODhOODreODvOODnuWtl+ODj+ODs+ODieODoeOCpOODieOCr+ODqeODleODiERJWeihqOacreODjeODvOODoOODl+ODrOODvOODiOeci+adv+OCpuOCp+ODq+OCq+ODoOODnOODvOODieOCpuOCqOODh+OCo+ODs+OCsOOCpuOCp+ODq+OCq+ODoOODnOODvOODieOAkOOCr+ODreODjeOCs0RN5L6/5a++5b+c44CRW03kvr8gMS8yMF0=,44Kq44Oq44K444OK44Or44ON44O844Og44OX44Os44O844OI44Gq44Gp44Gr44CC44CC6Ieq56S+5bel5oi/44Ki44Kv44Oq44Or6KO95YiH44KK5oqc44GN5paH5a2X77yI44Ki44Or44OV44Kh44OZ44OD44OI5bCP5paH5a2X77yJNWNtIOWOmuOBlee0hDNtbSAv5YiH44KK5paH5a2X5YiH5paH5a2X44OR44O844OE44Ot44O844Oe5a2X44OP44Oz44OJ44Oh44Kk44OJ44Kv44Op44OV44OIRElZ6KGo5pyt44ON44O844Og44OX44Os44O844OI55yL5p2/44Km44Kn44Or44Kr44Og44Oc44O844OJ44Km44Ko44OH44Kj44Oz44Kw44Km44Kn44Or44Kr44Og44Oc44O844OJ44CQ44Kv44Ot44ON44KzRE3kvr/lr77lv5zjgJFbTeS+vyAxLzIwXQ==[rn]
11-22239,aHR0cDovL3RzaG9wLnIxMHMuanAvZW5jaGFudGVzaG9wL2NhYmluZXQvaGFuZG1hZGUwMy9obS0xNC01Ni0xNGNtLmpwZz9maXRpbj03MDA6NzAw,NDgwLjAwMDA=,,5pel55So5ZOB6ZuR6LKo44O75paH5oi/5YW344O75omL6Iq4ID4g5omL6Iq444O744Kv44Op44OV44OI44O755Sf5ZywID4g44Gd44Gu5LuW,6Ieq56S+5bel5oi/44Ki44Kv44Oq44Or6KO95YiH44KK5oqc44GN5paH5a2X77yI44Ki44Or44OV44Kh44OZ44OD44OI5bCP5paH5a2X77yJMTRjbSDljprjgZXntIQzbW0gL+WIh+OCiuaWh+Wtl+WIh+aWh+Wtl+ODkeODvOODhOODreODvOODnuWtl+ODj+ODs+ODieODoeOCpOODieOCr+ODqeODleODiERJWeihqOacreODjeODvOODoOODl+ODrOODvOODiOeci+adv+OCpuOCp+ODq+OCq+ODoOODnOODvOODieOCpuOCqOODh+OCo+ODs+OCsOOCpuOCp+ODq+OCq+ODoOODnOODvOODieOAkOOCr+ODreODjeOCs0RN5L6/5a++5b+c44CRW03kvr8gMS8zXQ==,,PGNlbnRlcj4KCjxpbWcgc3JjPSJodHRwOi8vaW1hZ2UucmFrdXRlbi5jby5qcC9lbmNoYW50ZXNob3AvY2FiaW5ldC9tYWlsYmluL21haWxhLW9rLmpwZyIgd2lkdGg9IjkwJSIgYm9yZGVyPSIwIj48L2NlbnRlcj4KPGhyPjxmb250IGNvbG9yPSJmZjAwMDAiPuKAu+OBlOizvOWFpeWJjeOBq+W/heOBmuOBiuiqreOBv+OBj+OBoOOBleOBhDwvZm9udD48YnI+Cu+8nu+8niDjg6Hjg7zjg6vkvr/jgavjgaTjgYTjgabjga/jgZPjgaHjgok8YnI+Cjxocj4KPGJyPjxicj4KCuOAkOOBlOizvOWFpeWJjeOBq+W/heOBmuOBiuiqreOBv+OBj+OBoOOBleOBhOOAkQogPGJyPiA8YnI+CuWVhuWTgeOBq+OCiOOBo+OBpuOBr+WkmuWwkeWCt+OBjOOBlOOBluOBhOOBvuOBmeOAgjxicj4K5rOo5paH56K66KqN44Oh44O844Or6YCB5LuY5b6M44Gu44Kt44Oj44Oz44K744Or44Gv44GU6YGg5oWu44GP44Gg44GV44GE44CCPGJyPgrjgZ3jga7ku5bjgIHjgZTkuI3mmI7jgarngrnjgZTos6rllY/nrYnjga/kuIvoqJjjgb7jgafjgIHjgYrllY/jgYTlkIjjgo/jgZvjgY/jgaDjgZXjgYTjgII8YnI+CuOAkOOBiuWVj+OBhOWQiOOCj+OBm+WFiO+8mjA3NDItMzAtNDQ2N+OAkeS6iOOCgeS4iuiomOWGheWuueOCkuOBlOS6huaJv+OBruS4iuOBlOazqOaWh+mgguOBkeOBvuOBmeOCiOOBhuOCiOOCjeOBl+OBj+OBiumhmOOBhOOBhOOBn+OBl+OBvuOBmeOAgjxicj48YnI+CuOAkOWVhuWTgeiqrOaYjuOAkTxicj4K5YiH44KK5oqc44GN5paH5a2X44Gu44OR44O844OE44Gn44GZ44CC5omL5L2c44KK44CB54mp5L2c44KK44Gr44GU5Yip55So44GP44Gg44GV44GE44CC44Ot44O844Oe5a2X6KGo6KiY44Gu5ZCN5YmN44KS44OX44Os44O844OI44Gr6LK844Gj44Gm6KGo5pyt44Gr44GX44Gf44KK44CB6Iux5Y2Y6Kqe44KS6LK844Gj44Gm44Kq44Oq44K444OK44Or44OX44Os44O844OI5L2c44KK44Gq44Gp44Gr44CCPGJyPgrilqDllYblk4HlkI0g44Ki44Kv44Oq44Or6KO95YiH44KK5oqc44GN5paH5a2X44CA44Ki44Or44OV44Kh44OZ44OD44OIYe+9nnrvvIjlsI/mloflrZfvvIk8YnI+CuKWoOOCteOCpOOCuijntIQpIOmrmOOBlTE0Y23vvJrlpKfmloflrZfjga4xNGNt44K/44Kk44OX44Gr5ZCI44KP44Gb44Gf44OQ44Op44Oz44K544Gn5L2c5oiQ44GX44Gm44GE44G+44GZ44CCPGJyPgrljprjgZXvvJozbW08YnI+CuKWoOOCq+ODqeODvDxicj4K44Os44Oi44Oz44Kk44Ko44Ot44O8L+OCquODrOODs+OCuOODnuODgOODvC/jg5Djg7zjg5/jg6rjgqrjg7Mv44Ot44O844K644OU44Oz44KvL+ODluODq+ODvC/jg57jg6rjg7Pjg5bjg6vjg7wv44Ko44Oh44Op44Or44OJL+ODk+ODquOCuOODo+ODsy/pu5LvvIjjgY/jgo3vvIkv55m977yI44GX44KN77yJL+mAj+aYjjxicj4K4pag44OH44K244Kk44Oz44CA44K744Oq44OV44OV44Kp44Oz44OIL+ethuiomOS9k+ODleOCqeODs+ODiC/op5LmloflrZfjg5Xjgqnjg7Pjg4gv5Li45paH5a2X44OV44Kp44Oz44OIL+OCpOOCv+ODquODg+OCr+ODleOCqeODs+ODiC/jgrnjgr/jgqTjg6rjg4Pjgrfjg6Xjg5Xjgqnjg7Pjg4gv5omL5pu444GN6aKo44OV44Kp44Oz44OIPGJyPgrilqDntKDmnZAg44Ki44Kv44Oq44Or5p2/PGJyPgrilqDjgrvjg4Pjg4jlhoXlrrkg5YiH44KK5oqc44GN5paH5a2Xw5cxPGJyPgrilqDlgpnogIM8YnI+CuKAu+OBiuS9v+OBhOOBrlBD55Kw5aKD44Gr44KI44KK5a6f6Zqb44Gu44GK6Imy44Go55Ww44Gq44KL5aC05ZCI44GM44GU44GW44GE44G+44GZ44CCPGJyPuKAu+e0sOOBhOODkeODvOODhOOChOe0sOOBj+OBquOBo+OBpuOBhOOCi+euh+aJgOOBr+OAgeWJsuOCjOOChOOBmeOBhOOBn+OCgeOAgeWPluaJseOBhOOBq+OBlOazqOaEj+S4i+OBleOBhOOAgjxicj7jgYLjgonjgYvjgZjjgoHjgZTkuobmib/jgY/jgaDjgZXjgYTjgII8YnI+PGJyPgo8aW1nIHNyYz0iaHR0cDovL3d3dy5yYWt1dGVuLm5lLmpwL2dvbGQvZW5jaGFudGVzaG9wL2ltYWdlcy9mcmVlLXBhZ2Uva2lyaW51a2ktaW5mby1idW5uZXIuanBnIiB3aWR0aD0iMTAwJSI+,6Ieq56S+5bel5oi/44Ki44Kv44Oq44Or6KO95YiH44KK5oqc44GN5paH5a2X77yI44Ki44Or44OV44Kh44OZ44OD44OI5bCP5paH5a2X77yJMTRjbSDljprjgZXntIQzbW0gL+WIh+OCiuaWh+Wtl+WIh+aWh+Wtl+ODkeODvOODhOODreODvOODnuWtl+ODj+ODs+ODieODoeOCpOODieOCr+ODqeODleODiERJWeihqOacreODjeODvOODoOODl+ODrOODvOODiOeci+adv+OCpuOCp+ODq+OCq+ODoOODnOODvOODieOCpuOCqOODh+OCo+ODs+OCsOOCpuOCp+ODq+OCq+ODoOODnOODvOODieOAkOOCr+ODreODjeOCs0RN5L6/5a++5b+c44CRW03kvr8gMS8zXe+8muOCouODs+OCt+ODo+ODs+ODhuODnuODvOOCseODg+ODiA==,6YCa5L+h6LKp5aOy6YCa6LKp44K344On44OD44OU44Oz44Kw44Kq44Oz44Op44Kk44Oz44K344On44OD44OU44Oz44Kw6LK344GE54mp44OX44Os44K844Oz44OI44Ku44OV44OI6LSI44KK54mp6LSI562U5ZOB44GK5Lit5YWD44GK5q2z5pqu44GK6LK344GE5b6X6J2244ON44Kv44K/44KkIOOCreODg+OCuuidtuODjeOCr+OCv+OCpCDotaTliIfjgormipzjgY3mloflrZfliIfjgormipzjgY0g44Kr44OD44K/44O844Km44Kn44Or44Kr44Og44Oc44O844OJIOaWh+Wtl+OCpuOCp+ODq+OCq+ODoOODnOODvOODiSDntKDmnZDmloflrZcg5Yqg5bel6ZuR6LKoIOOCruODleODiOWIh+OCiuaWh+WtlyDooajmnK3liIfjgormipzjgY0g5paH5a2XIOODleOCqeODs+ODiOiHquekvuW3peaIv+OCouOCr+ODquODq+ijveWIh+OCiuaKnOOBjeaWh+Wtl++8iOOCouODq+ODleOCoeODmeODg+ODiOWwj+aWh+Wtl++8iTE0Y20g5Y6a44GV57SEM21tIC/liIfjgormloflrZfliIfmloflrZfjg5Hjg7zjg4Tjg63jg7zjg57lrZfjg4/jg7Pjg4njg6HjgqTjg4njgq/jg6njg5Xjg4hESVnooajmnK3jg43jg7zjg6Djg5fjg6zjg7zjg4jnnIvmnb/jgqbjgqfjg6vjgqvjg6Djg5zjg7zjg4njgqbjgqjjg4fjgqPjg7PjgrDjgqbjgqfjg6vjgqvjg6Djg5zjg7zjg4njgJDjgq/jg63jg43jgrNETeS+v+WvvuW/nOOAkVtN5L6/IDEvM10=,44Kq44Oq44K444OK44Or44ON44O844Og44OX44Os44O844OI44Gq44Gp44Gr44CC44CC6Ieq56S+5bel5oi/44Ki44Kv44Oq44Or6KO95YiH44KK5oqc44GN5paH5a2X77yI44Ki44Or44OV44Kh44OZ44OD44OI5bCP5paH5a2X77yJMTRjbSDljprjgZXntIQzbW0gL+WIh+OCiuaWh+Wtl+WIh+aWh+Wtl+ODkeODvOODhOODreODvOODnuWtl+ODj+ODs+ODieODoeOCpOODieOCr+ODqeODleODiERJWeihqOacreODjeODvOODoOODl+ODrOODvOODiOeci+adv+OCpuOCp+ODq+OCq+ODoOODnOODvOODieOCpuOCqOODh+OCo+ODs+OCsOOCpuOCp+ODq+OCq+ODoOODnOODvOODieOAkOOCr+ODreODjeOCs0RN5L6/5a++5b+c44CRW03kvr8gMS8zXQ==[rn]
11-22240,aHR0cDovL3RzaG9wLnIxMHMuanAvZW5jaGFudGVzaG9wL2NhYmluZXQvaGFuZG1hZGUwMy9obS0xNS0zOC05Y20uanBnP2ZpdGluPTcwMDo3MDA=,NDE2LjAwMDA=,,5pel55So5ZOB6ZuR6LKo44O75paH5oi/5YW344O75omL6Iq4ID4g5omL6Iq444O744Kv44Op44OV44OI44O755Sf5ZywID4g44Gd44Gu5LuW,6Ieq56S+5bel5oi/44Of44Op44O844Ki44Kv44Oq44Or6KO95YiH44KK5oqc44GN5paH5a2X77yI44Oe44O844Kv44O76KiY5Y+377yJOWNtIOWOmuOBlee0hDNtbSAv5YiH44KK5paH5a2X5YiH5paH5a2X44OR44O844OE44Ot44O844Oe5a2X44OP44Oz44OJ44Oh44Kk44OJ44Kv44Op44OV44OIRElZ6KGo5pyt44ON44O844Og44OX44Os44O844OI55yL5p2/44Km44Kn44Or44Kr44Og44Oc44O844OJ44Km44Ko44OH44Kj44Oz44Kw44Km44Kn44Or44Kr44Og44Oc44O844OJ44CQ44Kv44Ot44ON44KzRE3kvr/lr77lv5zjgJFbTeS+vyAxLzNd,,PGNlbnRlcj4KCjxpbWcgc3JjPSJodHRwOi8vaW1hZ2UucmFrdXRlbi5jby5qcC9lbmNoYW50ZXNob3AvY2FiaW5ldC9tYWlsYmluL21haWxhLW9rLmpwZyIgd2lkdGg9IjkwJSIgYm9yZGVyPSIwIj48L2NlbnRlcj4KPGhyPjxmb250IGNvbG9yPSJmZjAwMDAiPuKAu+OBlOizvOWFpeWJjeOBq+W/heOBmuOBiuiqreOBv+OBj+OBoOOBleOBhDwvZm9udD48YnI+Cu+8nu+8niDjg6Hjg7zjg6vkvr/jgavjgaTjgYTjgabjga/jgZPjgaHjgok8YnI+Cjxocj4KPGJyPjxicj4KCuOAkOOBlOizvOWFpeWJjeOBq+W/heOBmuOBiuiqreOBv+OBj+OBoOOBleOBhOOAkQogPGJyPiA8YnI+CuWVhuWTgeOBq+OCiOOBo+OBpuOBr+WkmuWwkeWCt+OBjOOBlOOBluOBhOOBvuOBmeOAgjxicj4K5rOo5paH56K66KqN44Oh44O844Or6YCB5LuY5b6M44Gu44Kt44Oj44Oz44K744Or44Gv44GU6YGg5oWu44GP44Gg44GV44GE44CCPGJyPgrjgZ3jga7ku5bjgIHjgZTkuI3mmI7jgarngrnjgZTos6rllY/nrYnjga/kuIvoqJjjgb7jgafjgIHjgYrllY/jgYTlkIjjgo/jgZvjgY/jgaDjgZXjgYTjgII8YnI+CuOAkOOBiuWVj+OBhOWQiOOCj+OBm+WFiO+8mjA3NDItMzAtNDQ2N+OAkeS6iOOCgeS4iuiomOWGheWuueOCkuOBlOS6huaJv+OBruS4iuOBlOazqOaWh+mgguOBkeOBvuOBmeOCiOOBhuOCiOOCjeOBl+OBj+OBiumhmOOBhOOBhOOBn+OBl+OBvuOBmeOAgjxicj48YnI+CuOAkOWVhuWTgeiqrOaYjuOAkTxicj4K6Y+h6Z2i44GM576O44GX44GE44Ki44Kv44Oq44Or44Of44Op44O844CC5YiH44KK5oqc44GN5paH5a2X44Gu44OR44O844OE44Gn44GZ44CC5omL5L2c44KK44CB54mp5L2c44KK44Gr44GU5Yip55So44GP44Gg44GV44GE44CC44Ki44Or44OV44Kh44OZ44OD44OI44CB5pWw5a2X44CB6KiY5Y+344CB44Oe44O844Kv44KS57WE44G/5ZCI44KP44Gb44Gm44Kq44Oq44K444OK44Or44OX44Os44O844OI5L2c44KK44Gq44Gp44Gr44CCPGJyPgrilqDllYblk4HlkI0g44Of44Op44O844Ki44Kv44Oq44Or6KO95YiH44KK5oqc44GN5paH5a2X77yI44Oe44O844Kv44O76KiY5Y+377yJPGJyPgrilqDjgrXjgqTjgroo57SEKSDpq5jjgZU5Y23vvJrlpKfmloflrZfjga45Y23jgr/jgqTjg5fjgavlkIjjgo/jgZvjgZ/jg5Djg6njg7PjgrnjgafkvZzmiJDjgZfjgabjgYTjgb7jgZnjgII8YnI+CuWOmuOBle+8mjNtbTxicj4K4pag44OH44K244Kk44Oz44CA44K744Oq44OV44OV44Kp44Oz44OIL+ethuiomOS9k+ODleOCqeODs+ODiC/op5LmloflrZfjg5Xjgqnjg7Pjg4gv5Li45paH5a2X44OV44Kp44Oz44OIL+OCpOOCv+ODquODg+OCr+ODleOCqeODs+ODiC/jgrnjgr/jgqTjg6rjg4Pjgrfjg6Xjg5Xjgqnjg7Pjg4g8YnI+CuKWoOe0oOadkCDjg5/jg6njg7zjgqLjgq/jg6rjg6vmnb88YnI+CuKWoOOCu+ODg+ODiOWGheWuuSDliIfjgormipzjgY3mloflrZfDlzE8YnI+CuKWoOWCmeiAgzxicj4K4oC744GK5L2/44GE44GuUEPnkrDlooPjgavjgojjgorlrp/pmpvjga7jgYroibLjgajnlbDjgarjgovloLTlkIjjgYzjgZTjgZbjgYTjgb7jgZnjgII8YnI+4oC757Sw44GE44OR44O844OE44KE57Sw44GP44Gq44Gj44Gm44GE44KL566H5omA44Gv44CB5Ymy44KM44KE44GZ44GE44Gf44KB44CB5Y+W5omx44GE44Gr44GU5rOo5oSP5LiL44GV44GE44CCPGJyPuOBguOCieOBi+OBmOOCgeOBlOS6huaJv+OBj+OBoOOBleOBhOOAgjxicj48YnI+CjxpbWcgc3JjPSJodHRwOi8vd3d3LnJha3V0ZW4ubmUuanAvZ29sZC9lbmNoYW50ZXNob3AvaW1hZ2VzL2ZyZWUtcGFnZS9raXJpbnVraS1pbmZvLWJ1bm5lci5qcGciIHdpZHRoPSIxMDAlIj4=,6Ieq56S+5bel5oi/44Of44Op44O844Ki44Kv44Oq44Or6KO95YiH44KK5oqc44GN5paH5a2X77yI44Oe44O844Kv44O76KiY5Y+377yJOWNtIOWOmuOBlee0hDNtbSAv5YiH44KK5paH5a2X5YiH5paH5a2X44OR44O844OE44Ot44O844Oe5a2X44OP44Oz44OJ44Oh44Kk44OJ44Kv44Op44OV44OIRElZ6KGo5pyt44ON44O844Og44OX44Os44O844OI55yL5p2/44Km44Kn44Or44Kr44Og44Oc44O844OJ44Km44Ko44OH44Kj44Oz44Kw44Km44Kn44Or44Kr44Og44Oc44O844OJ44CQ44Kv44Ot44ON44KzRE3kvr/lr77lv5zjgJFbTeS+vyAxLzNd77ya44Ki44Oz44K344Oj44Oz44OG44Oe44O844Kx44OD44OI,6YCa5L+h6LKp5aOy6YCa6LKp44K344On44OD44OU44Oz44Kw44Kq44Oz44Op44Kk44Oz44K344On44OD44OU44Oz44Kw6LK344GE54mp44OX44Os44K844Oz44OI44Ku44OV44OI6LSI44KK54mp6LSI562U5ZOB44GK5Lit5YWD44GK5q2z5pqu44GK6LK344GE5b6X6J2244ON44Kv44K/44KkIOOCreODg+OCuuidtuODjeOCr+OCv+OCpCDotaTliIfjgormipzjgY3mloflrZfliIfjgormipzjgY0g44Kr44OD44K/44O844Km44Kn44Or44Kr44Og44Oc44O844OJIOaWh+Wtl+OCpuOCp+ODq+OCq+ODoOODnOODvOODiSDntKDmnZDmloflrZcg5Yqg5bel6ZuR6LKoIOOCruODleODiOWIh+OCiuaWh+WtlyDooajmnK3liIfjgormipzjgY0g5paH5a2XIOODleOCqeODs+ODiOiHquekvuW3peaIv+ODn+ODqeODvOOCouOCr+ODquODq+ijveWIh+OCiuaKnOOBjeaWh+Wtl++8iOODnuODvOOCr+ODu+iomOWPt++8iTljbSDljprjgZXntIQzbW0gL+WIh+OCiuaWh+Wtl+WIh+aWh+Wtl+ODkeODvOODhOODreODvOODnuWtl+ODj+ODs+ODieODoeOCpOODieOCr+ODqeODleODiERJWeihqOacreODjeODvOODoOODl+ODrOODvOODiOeci+adv+OCpuOCp+ODq+OCq+ODoOODnOODvOODieOCpuOCqOODh+OCo+ODs+OCsOOCpuOCp+ODq+OCq+ODoOODnOODvOODieOAkOOCr+ODreODjeOCs0RN5L6/5a++5b+c44CRW03kvr8gMS8zXQ==,44Kq44Oq44K444OK44Or44ON44O844Og44OX44Os44O844OI44Gq44Gp44Gr44CC44CC6Ieq56S+5bel5oi/44Of44Op44O844Ki44Kv44Oq44Or6KO95YiH44KK5oqc44GN5paH5a2X77yI44Oe44O844Kv44O76KiY5Y+377yJOWNtIOWOmuOBlee0hDNtbSAv5YiH44KK5paH5a2X5YiH5paH5a2X44OR44O844OE44Ot44O844Oe5a2X44OP44Oz44OJ44Oh44Kk44OJ44Kv44Op44OV44OIRElZ6KGo5pyt44ON44O844Og44OX44Os44O844OI55yL5p2/44Km44Kn44Or44Kr44Og44Oc44O844OJ44Km44Ko44OH44Kj44Oz44Kw44Km44Kn44Or44Kr44Og44Oc44O844OJ44CQ44Kv44Ot44ON44KzRE3kvr/lr77lv5zjgJFbTeS+vyAxLzNd[rn]
11-22241,aHR0cDovL3RzaG9wLnIxMHMuanAvcmVpbmV0dGUvY2FiaW5ldC8wNDgzNTE0Ny9pbWdyYzAwNjYxNTIxNzMuanBnP2ZpdGluPTcwMDo3MDA=,MjIwLjAwMDA=,,5pel55So5ZOB6ZuR6LKo44O75paH5oi/5YW344O75omL6Iq4ID4g5omL6Iq444O744Kv44Op44OV44OI44O755Sf5ZywID4g44Gd44Gu5LuW,44Ki44Oz44OG44Kj44O844Kv44K544K/44Kk44Or44Gu44Ot44OD44Kv6YeR5YW344CQ44Oh44K/44Or44OR44O844OE44CR77yI44Ki44Oz44OG44Kj44O844Kv44OW44Ot44Oz44K644Kr44Op44O877yJ566x44KE44Kx44O844K544O744OV44K/44Gu6Y2144OR44O844OE77yP44Oq44Oa44Ki5bel5L2cRElZ44OR44O844OE6ZaL6ZaJ6YOo5ZOB77yPMee1hA==,,PGI+Q2hlY2sgUG9pbnQ8L2I+PGJyPgril4bjg63jg4Pjgq/ph5HlhbfvvI8x5YCL5YWlPGJyPgril4blkIjph5Hoo73vvI/mlrDlk4E8YnI+CuKXhk1BREUgSU4gQ0hJTkE8YnI+CuKAu+ODjeOCuOOBr+S7mOWxnuOBl+OBvuOBm+OCkzxicj4K4peG5a6f54mp44Go55S75YOP44Gn44Gv5aSa5bCR6Imy5ZCI44GE44GM55Ww44Gq44KK44G+44GZPGJyPgril4bjgobjgYbjg5HjgrHjg4Pjg4jlr77lv5zlj6/og708YnI+Cjxicj4K44K144Kk44K677yI57SE77yJ77yaNTFtbcOXNDJtbeOAgCDljprjgZU5bW3jgIDjg43jgrjnqbQyLjZtbTxicj4KPGJyPgo8YnI+CuKXj+OBneOBruS7luOBrumHkeWFt+OBr+OBk+OBoeOCiTxicj4KPGJyPg==,44Ki44Oz44OG44Kj44O844Kv44K544K/44Kk44Or44Gu44Ot44OD44Kv6YeR5YW344CQ44Oh44K/44Or44OR44O844OE44CR77yI44Ki44Oz44OG44Kj44O844Kv44OW44Ot44Oz44K644Kr44Op44O877yJ566x44KE44Kx44O844K544O744OV44K/44Gu6Y2144OR44O844OE77yP44Oq44Oa44Ki5bel5L2cRElZ44OR44O844OE6ZaL6ZaJ6YOo5ZOB77yPMee1hO+8muOCouODs+ODhuOCo+ODvOOCr+aJi+iKuOOAjOODrOODjeODg+ODiOOAjQ==,6YCa5L+h6LKp5aOy6YCa6LKp44K344On44OD44OU44Oz44Kw44Kq44Oz44Op44Kk44Oz44K344On44OD44OU44Oz44Kw6LK344GE54mp44OX44Os44K844Oz44OI44Ku44OV44OI6LSI44KK54mp6LSI562U5ZOB44GK5Lit5YWD44GK5q2z5pqu44GK6LK344GE5b6X44Oc44K/44Oz44OT44O844K644Kr44Oc44K344On44Oz44Oh44K/44Or44OR44O844OE44Ki44Kv44K744K144Oq44O844OR44O844OE6Iux5a2X5paw6IGe44OP44K144Of57O444K044Og5omL6Iq455So5ZOB5omL6Iq46YGT5YW344Kv44Op44OV44OI55So5ZOB44Kv44Op44OV44OI6LOH5p2Q44Kv44Op44OV44OI44OR44O844OE44OB44Kn44Kz44Oc44K/44Oz44OJ44Kk44OE44Oc44K/44Oz44Ki44Kv44Oq44Or44OT44O844K644Km44OD44OJ44OT44O844K644Oh44K/44Or44OT44O844K644Ks44Op44K544OT44O844K644Ks44Op44K544Kr44Oc44K344On44Oz5pyo6KO944Oc44K/44Oz44Of44O844Or55q/VVbjg6zjgrjjg7PjgqLjg7Pjg4bjgqPjg7zjgq/jgq3jg7zjg6zjg4fjgqPjg7zjgrnjg5XjgqHjg4Pjgrfjg6fjg7PjgrnjgqTjg7zjg4Tjg4fjgrPjg57jg6vjgqvjg7PjgqLjg7Pjg4bjgqPjg7zjgq/jgrnjgr/jgqTjg6vjga7jg63jg4Pjgq/ph5HlhbfjgJDjg6Hjgr/jg6vjg5Hjg7zjg4TjgJHvvIjjgqLjg7Pjg4bjgqPjg7zjgq/jg5bjg63jg7Pjgrrjgqvjg6njg7zvvInnrrHjgoTjgrHjg7zjgrnjg7vjg5Xjgr/jga7pjbXjg5Hjg7zjg4TvvI/jg6rjg5rjgqLlt6XkvZxESVnjg5Hjg7zjg4Tplovplonpg6jlk4HvvI8x57WE,44Ot44OD44Kv6YeR5YW344CC44Ki44Oz44OG44Kj44O844Kv44K544K/44Kk44Or44Gu44Ot44OD44Kv6YeR5YW344CQ44Oh44K/44Or44OR44O844OE44CR77yI44Ki44Oz44OG44Kj44O844Kv44OW44Ot44Oz44K644Kr44Op44O877yJ566x44KE44Kx44O844K544O744OV44K/44Gu6Y2144OR44O844OE77yP44Oq44Oa44Ki5bel5L2cRElZ44OR44O844OE6ZaL6ZaJ6YOo5ZOB77yPMee1hA==[rn]
11-22242,aHR0cDovL3RzaG9wLnIxMHMuanAvcmVpbmV0dGUvY2FiaW5ldC8wNDgzNTE0Ny9pbWdyYzAwNjYxNTM4MjkuanBnP2ZpdGluPTcwMDo3MDA=,MjA2LjQwMDA=,,5pel55So5ZOB6ZuR6LKo44O75paH5oi/5YW344O75omL6Iq4ID4g5omL6Iq444O744Kv44Op44OV44OI44O755Sf5ZywID4g44Gd44Gu5LuW,44Ki44Oz44OG44Kj44O844Kv44K544K/44Kk44Or44Gu44Ot44OD44Kv6YeR5YW344CQ44Oh44K/44Or44OR44O844OE44CR77yI44Ki44Oz44OG44Kj44O844Kv44OW44Ot44Oz44K644Kr44Op44O877yJ566x44KE44Kx44O844K544O744OV44K/44Gu6Y2144OR44O844OE77yP44Oq44Oa44Ki5bel5L2cRElZ44OR44O844OE6ZaL6ZaJ6YOo5ZOB77yPMee1hA==,,PGI+Q2hlY2sgUG9pbnQ8L2I+PGJyPgril4bjg63jg4Pjgq/ph5HlhbfvvI8x5YCL5YWlPGJyPgril4blkIjph5Hoo73vvI/mlrDlk4E8YnI+CuKXhk1BREUgSU4gQ0hJTkE8YnI+CuKAu+ODjeOCuOOBr+S7mOWxnuOBl+OBvuOBm+OCkzxicj4K4peG5a6f54mp44Go55S75YOP44Gn44Gv5aSa5bCR6Imy5ZCI44GE44GM55Ww44Gq44KK44G+44GZPGJyPgril4bjgobjgYbjg5HjgrHjg4Pjg4jlr77lv5zlj6/og708YnI+Cjxicj4K44K144Kk44K677yI57SE77yJ77yaMzltbcOXMzltbeOAgCDljprjgZU3bW3jgIDjg43jgrjnqbQyLjJtbTxicj4KPGJyPgo8YnI+CuKXj+OBneOBruS7luOBrumHkeWFt+OBr+OBk+OBoeOCiTxicj4KPGJyPg==,44Ki44Oz44OG44Kj44O844Kv44K544K/44Kk44Or44Gu44Ot44OD44Kv6YeR5YW344CQ44Oh44K/44Or44OR44O844OE44CR77yI44Ki44Oz44OG44Kj44O844Kv44OW44Ot44Oz44K644Kr44Op44O877yJ566x44KE44Kx44O844K544O744OV44K/44Gu6Y2144OR44O844OE77yP44Oq44Oa44Ki5bel5L2cRElZ44OR44O844OE6ZaL6ZaJ6YOo5ZOB77yPMee1hO+8muOCouODs+ODhuOCo+ODvOOCr+aJi+iKuOOAjOODrOODjeODg+ODiOOAjQ==,6YCa5L+h6LKp5aOy6YCa6LKp44K344On44OD44OU44Oz44Kw44Kq44Oz44Op44Kk44Oz44K344On44OD44OU44Oz44Kw6LK344GE54mp44OX44Os44K844Oz44OI44Ku44OV44OI6LSI44KK54mp6LSI562U5ZOB44GK5Lit5YWD44GK5q2z5pqu44GK6LK344GE5b6X44Oc44K/44Oz44OT44O844K644Kr44Oc44K344On44Oz44Oh44K/44Or44OR44O844OE44Ki44Kv44K744K144Oq44O844OR44O844OE6Iux5a2X5paw6IGe44OP44K144Of57O444K044Og5omL6Iq455So5ZOB5omL6Iq46YGT5YW344Kv44Op44OV44OI55So5ZOB44Kv44Op44OV44OI6LOH5p2Q44Kv44Op44OV44OI44OR44O844OE44OB44Kn44Kz44Oc44K/44Oz44OJ44Kk44OE44Oc44K/44Oz44Ki44Kv44Oq44Or44OT44O844K644Km44OD44OJ44OT44O844K644Oh44K/44Or44OT44O844K644Ks44Op44K544OT44O844K644Ks44Op44K544Kr44Oc44K344On44Oz5pyo6KO944Oc44K/44Oz44Of44O844Or55q/VVbjg6zjgrjjg7PjgqLjg7Pjg4bjgqPjg7zjgq/jgq3jg7zjg6zjg4fjgqPjg7zjgrnjg5XjgqHjg4Pjgrfjg6fjg7PjgrnjgqTjg7zjg4Tjg4fjgrPjg57jg6vjgqvjg7PjgqLjg7Pjg4bjgqPjg7zjgq/jgrnjgr/jgqTjg6vjga7jg63jg4Pjgq/ph5HlhbfjgJDjg6Hjgr/jg6vjg5Hjg7zjg4TjgJHvvIjjgqLjg7Pjg4bjgqPjg7zjgq/jg5bjg63jg7Pjgrrjgqvjg6njg7zvvInnrrHjgoTjgrHjg7zjgrnjg7vjg5Xjgr/jga7pjbXjg5Hjg7zjg4TvvI/jg6rjg5rjgqLlt6XkvZxESVnjg5Hjg7zjg4Tplovplonpg6jlk4HvvI8x57WE,44Ot44OD44Kv6YeR5YW344CC44Ki44Oz44OG44Kj44O844Kv44K544K/44Kk44Or44Gu44Ot44OD44Kv6YeR5YW344CQ44Oh44K/44Or44OR44O844OE44CR77yI44Ki44Oz44OG44Kj44O844Kv44OW44Ot44Oz44K644Kr44Op44O877yJ566x44KE44Kx44O844K544O744OV44K/44Gu6Y2144OR44O844OE77yP44Oq44Oa44Ki5bel5L2cRElZ44OR44O844OE6ZaL6ZaJ6YOo5ZOB77yPMee1hA==[rn]
11-22243,aHR0cDovL3RzaG9wLnIxMHMuanAvcmVpbmV0dGUvY2FiaW5ldC8wNDgzNTE0Ny9pbWdyYzAwNjYxNTM3NDAuanBnP2ZpdGluPTcwMDo3MDA=,MjIwLjAwMDA=,,5pel55So5ZOB6ZuR6LKo44O75paH5oi/5YW344O75omL6Iq4ID4g5omL6Iq444O744Kv44Op44OV44OI44O755Sf5ZywID4g44Gd44Gu5LuW,44Ki44Oz44OG44Kj44O844Kv44K544K/44Kk44Or44Gu44Ot44OD44Kv6YeR5YW344CQ44Oh44K/44Or44OR44O844OE44CR77yI44Ki44Oz44OG44Kj44O844Kv44OW44Ot44Oz44K644Kr44Op44O877yJ566x44KE44Kx44O844K544O744OV44K/44Gu6Y2144OR44O844OE77yP44Oq44Oa44Ki5bel5L2cRElZ44OR44O844OE6ZaL6ZaJ6YOo5ZOB77yPMee1hA==,,PGI+Q2hlY2sgUG9pbnQ8L2I+PGJyPgril4bjg63jg4Pjgq/ph5HlhbfvvI8x5YCL5YWlPGJyPgril4blkIjph5Hoo73vvI/mlrDlk4E8YnI+CuKXhk1BREUgSU4gQ0hJTkE8YnI+CuKAu+ODjeOCuOOBr+S7mOWxnuOBl+OBvuOBm+OCkzxicj4K4peG5a6f54mp44Go55S75YOP44Gn44Gv5aSa5bCR6Imy5ZCI44GE44GM55Ww44Gq44KK44G+44GZPGJyPgril4bjgobjgYbjg5HjgrHjg4Pjg4jlr77lv5zlj6/og708YnI+Cjxicj4K44K144Kk44K677yI57SE77yJ77yaNDltbcOXMzdtbeOAgCDljprjgZU4bW3jgIDjg43jgrjnqbQzbW08YnI+Cjxicj4KPGJyPgril4/jgZ3jga7ku5bjga7ph5Hlhbfjga/jgZPjgaHjgok8YnI+Cjxicj4=,44Ki44Oz44OG44Kj44O844Kv44K544K/44Kk44Or44Gu44Ot44OD44Kv6YeR5YW344CQ44Oh44K/44Or44OR44O844OE44CR77yI44Ki44Oz44OG44Kj44O844Kv44OW44Ot44Oz44K644Kr44Op44O877yJ566x44KE44Kx44O844K544O744OV44K/44Gu6Y2144OR44O844OE77yP44Oq44Oa44Ki5bel5L2cRElZ44OR44O844OE6ZaL6ZaJ6YOo5ZOB77yPMee1hO+8muOCouODs+ODhuOCo+ODvOOCr+aJi+iKuOOAjOODrOODjeODg+ODiOOAjQ==,6YCa5L+h6LKp5aOy6YCa6LKp44K344On44OD44OU44Oz44Kw44Kq44Oz44Op44Kk44Oz44K344On44OD44OU44Oz44Kw6LK344GE54mp44OX44Os44K844Oz44OI44Ku44OV44OI6LSI44KK54mp6LSI562U5ZOB44GK5Lit5YWD44GK5q2z5pqu44GK6LK344GE5b6X44Oc44K/44Oz44OT44O844K644Kr44Oc44K344On44Oz44Oh44K/44Or44OR44O844OE44Ki44Kv44K744K144Oq44O844OR44O844OE6Iux5a2X5paw6IGe44OP44K144Of57O444K044Og5omL6Iq455So5ZOB5omL6Iq46YGT5YW344Kv44Op44OV44OI55So5ZOB44Kv44Op44OV44OI6LOH5p2Q44Kv44Op44OV44OI44OR44O844OE44OB44Kn44Kz44Oc44K/44Oz44OJ44Kk44OE44Oc44K/44Oz44Ki44Kv44Oq44Or44OT44O844K644Km44OD44OJ44OT44O844K644Oh44K/44Or44OT44O844K644Ks44Op44K544OT44O844K644Ks44Op44K544Kr44Oc44K344On44Oz5pyo6KO944Oc44K/44Oz44Of44O844Or55q/VVbjg6zjgrjjg7PjgqLjg7Pjg4bjgqPjg7zjgq/jgq3jg7zjg6zjg4fjgqPjg7zjgrnjg5XjgqHjg4Pjgrfjg6fjg7PjgrnjgqTjg7zjg4Tjg4fjgrPjg57jg6vjgqvjg7PjgqLjg7Pjg4bjgqPjg7zjgq/jgrnjgr/jgqTjg6vjga7jg63jg4Pjgq/ph5HlhbfjgJDjg6Hjgr/jg6vjg5Hjg7zjg4TjgJHvvIjjgqLjg7Pjg4bjgqPjg7zjgq/jg5bjg63jg7Pjgrrjgqvjg6njg7zvvInnrrHjgoTjgrHjg7zjgrnjg7vjg5Xjgr/jga7pjbXjg5Hjg7zjg4TvvI/jg6rjg5rjgqLlt6XkvZxESVnjg5Hjg7zjg4Tplovplonpg6jlk4HvvI8x57WE,44Ot44OD44Kv6YeR5YW344CC44Ki44Oz44OG44Kj44O844Kv44K544K/44Kk44Or44Gu44Ot44OD44Kv6YeR5YW344CQ44Oh44K/44Or44OR44O844OE44CR77yI44Ki44Oz44OG44Kj44O844Kv44OW44Ot44Oz44K644Kr44Op44O877yJ566x44KE44Kx44O844K544O744OV44K/44Gu6Y2144OR44O844OE77yP44Oq44Oa44Ki5bel5L2cRElZ44OR44O844OE6ZaL6ZaJ6YOo5ZOB77yPMee1hA==[rn]
11-22244,aHR0cDovL3RzaG9wLnIxMHMuanAvcmVpbmV0dGUvY2FiaW5ldC8wNDgzNTE0Ny9pbWdyYzAwNjYxNTIyNjkuanBnP2ZpdGluPTcwMDo3MDA=,MjA2LjQwMDA=,,5pel55So5ZOB6ZuR6LKo44O75paH5oi/5YW344O75omL6Iq4ID4g5omL6Iq444O744Kv44Op44OV44OI44O755Sf5ZywID4g44Gd44Gu5LuW,44Ki44Oz44OG44Kj44O844Kv44K544K/44Kk44Or44Gu44Ot44OD44Kv6YeR5YW344CQ44Oh44K/44Or44OR44O844OE44CR77yI44Ki44Oz44OG44Kj44O844Kv44OW44Ot44Oz44K644Kr44Op44O877yJ566x44KE44Kx44O844K544O744OV44K/44Gu6Y2144OR44O844OE77yP44Oq44Oa44Ki5bel5L2cRElZ44OR44O844OE6ZaL6ZaJ6YOo5ZOB77yPMee1hA==,,PGI+Q2hlY2sgUG9pbnQ8L2I+PGJyPgril4bjg63jg4Pjgq/ph5HlhbfvvI8x5YCL5YWlPGJyPgril4blkIjph5Hoo73vvI/mlrDlk4E8YnI+CuKXhk1BREUgSU4gQ0hJTkE8YnI+CuKAu+ODjeOCuOOBr+S7mOWxnuOBl+OBvuOBm+OCkzxicj4K4peG5a6f54mp44Go55S75YOP44Gn44Gv5aSa5bCR6Imy5ZCI44GE44GM55Ww44Gq44KK44G+44GZPGJyPgril4bjgobjgYbjg5HjgrHjg4Pjg4jlr77lv5zlj6/og708YnI+Cjxicj4K44K144Kk44K677yI57SE77yJ77yaNDhtbcOXMzhtbeOAgCDljprjgZU5LjZtbeOAgOODjeOCuOeptDMuMm1tPGJyPgo8YnI+Cjxicj4K4peP44Gd44Gu5LuW44Gu6YeR5YW344Gv44GT44Gh44KJPGJyPgo8YnI+,44Ki44Oz44OG44Kj44O844Kv44K544K/44Kk44Or44Gu44Ot44OD44Kv6YeR5YW344CQ44Oh44K/44Or44OR44O844OE44CR77yI44Ki44Oz44OG44Kj44O844Kv44OW44Ot44Oz44K644Kr44Op44O877yJ566x44KE44Kx44O844K544O744OV44K/44Gu6Y2144OR44O844OE77yP44Oq44Oa44Ki5bel5L2cRElZ44OR44O844OE6ZaL6ZaJ6YOo5ZOB77yPMee1hO+8muOCouODs+ODhuOCo+ODvOOCr+aJi+iKuOOAjOODrOODjeODg+ODiOOAjQ==,6YCa5L+h6LKp5aOy6YCa6LKp44K344On44OD44OU44Oz44Kw44Kq44Oz44Op44Kk44Oz44K344On44OD44OU44Oz44Kw6LK344GE54mp44OX44Os44K844Oz44OI44Ku44OV44OI6LSI44KK54mp6LSI562U5ZOB44GK5Lit5YWD44GK5q2z5pqu44GK6LK344GE5b6X44Oc44K/44Oz44OT44O844K644Kr44Oc44K344On44Oz44Oh44K/44Or44OR44O844OE44Ki44Kv44K744K144Oq44O844OR44O844OE6Iux5a2X5paw6IGe44OP44K144Of57O444K044Og5omL6Iq455So5ZOB5omL6Iq46YGT5YW344Kv44Op44OV44OI55So5ZOB44Kv44Op44OV44OI6LOH5p2Q44Kv44Op44OV44OI44OR44O844OE44OB44Kn44Kz44Oc44K/44Oz44OJ44Kk44OE44Oc44K/44Oz44Ki44Kv44Oq44Or44OT44O844K644Km44OD44OJ44OT44O844K644Oh44K/44Or44OT44O844K644Ks44Op44K544OT44O844K644Ks44Op44K544Kr44Oc44K344On44Oz5pyo6KO944Oc44K/44Oz44Of44O844Or55q/VVbjg6zjgrjjg7PjgqLjg7Pjg4bjgqPjg7zjgq/jgq3jg7zjg6zjg4fjgqPjg7zjgrnjg5XjgqHjg4Pjgrfjg6fjg7PjgrnjgqTjg7zjg4Tjg4fjgrPjg57jg6vjgqvjg7PjgqLjg7Pjg4bjgqPjg7zjgq/jgrnjgr/jgqTjg6vjga7jg63jg4Pjgq/ph5HlhbfjgJDjg6Hjgr/jg6vjg5Hjg7zjg4TjgJHvvIjjgqLjg7Pjg4bjgqPjg7zjgq/jg5bjg63jg7Pjgrrjgqvjg6njg7zvvInnrrHjgoTjgrHjg7zjgrnjg7vjg5Xjgr/jga7pjbXjg5Hjg7zjg4TvvI/jg6rjg5rjgqLlt6XkvZxESVnjg5Hjg7zjg4Tplovplonpg6jlk4HvvI8x57WE,44Ot44OD44Kv6YeR5YW344CC44Ki44Oz44OG44Kj44O844Kv44K544K/44Kk44Or44Gu44Ot44OD44Kv6YeR5YW344CQ44Oh44K/44Or44OR44O844OE44CR77yI44Ki44Oz44OG44Kj44O844Kv44OW44Ot44Oz44K644Kr44Op44O877yJ566x44KE44Kx44O844K544O744OV44K/44Gu6Y2144OR44O844OE77yP44Oq44Oa44Ki5bel5L2cRElZ44OR44O844OE6ZaL6ZaJ6YOo5ZOB77yPMee1hA==[rn]
11-22245,aHR0cDovL3RzaG9wLnIxMHMuanAvcmVpbmV0dGUvY2FiaW5ldC8wNDgzNTE0Ny9pbWdyYzAwNjYxNTQwMzcuanBnP2ZpdGluPTcwMDo3MDA=,NTYuMDAwMA==,,5pel55So5ZOB6ZuR6LKo44O75paH5oi/5YW344O75omL6Iq4ID4g5omL6Iq444O744Kv44Op44OV44OI44O755Sf5ZywID4g44Gd44Gu5LuW,44Ot44OD44Kv6YeR5YW3MeWAi+OAkOODoeOCv+ODq+ODkeODvOODhOOAke+8iOOCt+ODq+ODkOODvOOCq+ODqeODvO+8ieeuseOChOOCseODvOOCueODu+ODleOCv+OBrumNteODkeODvOODhO+8j+ODquODmuOCouW3peS9nERJWeODkeODvOODhOmWi+mWiemDqOWTge+8jzHntYQ=,,PGI+Q2hlY2sgUG9pbnQ8L2I+PGJyPgril4bjg63jg4Pjgq/ph5HlhbfvvI8x5YCL5YWlPGJyPgril4blkIjph5Hoo73vvI/mlrDlk4E8YnI+CuKXhk1BREUgSU4gQ0hJTkE8YnI+CuKAu+ODjeOCuOOBr+S7mOWxnuOBl+OBvuOBm+OCkzxicj4K4peG5a6f54mp44Go55S75YOP44Gn44Gv5aSa5bCR6Imy5ZCI44GE44GM55Ww44Gq44KK44G+44GZPGJyPgril4bjgobjgYbjg5HjgrHjg4Pjg4jlr77lv5zlj6/og708YnI+Cjxicj4K44K144Kk44K677yI57SE77yJ77yaMzNtbcOXMjdtbeOAgCDljprjgZU3LjVtbeOAgOODjeOCuOeptDIuOG1tPGJyPgo8YnI+Cjxicj4K4peP5qWt5YuZ44OR44OD44Kv4oaS4oaS4oaS44CMNTDlgIvjgrvjg4Pjg4jjgI3jga/jgZPjgaHjgok8YnI+Cjxicj4K4peP5Y+W5a+E5aSn6YeP44OR44OD44Kv4oaS4oaS4oaS44CMNTAw5YCL44K744OD44OI44CN44Gv44GT44Gh44KJPGJyPgo8YnI+Cjxicj4K44O744CMMTAw5YaG5Z2H5LiA44CN44Kz44O844OK44O844Gv44GT44Gh44KJPGJyPgo8YnI+CuODu+OAjOOCr+ODqeODleODiOadkOaWmeOAjeOBr+OBk+OBoeOCiTxicj4KPGJyPgrjg7vjgIzmiYvoirjnlKjlk4HjgI3jga/jgZPjgaHjgok8YnI+Cjxicj4K44O744CM44Kk44Oz44OG44Oq44Ki6ZuR6LKo44CN44Gv44GT44Gh44KJPGJyPgo8YnI+CuODu+OAjOODleOCoeODg+OCt+ODp+ODs+OAjeOBr+OBk+OBoeOCiTxicj4KPGJyPgrjg7vjgIzjgrnjg57jg5vjgrDjg4PjgrrjgI3jga/jgZPjgaHjgok8YnI+Cgo8YnI+Cjxicj4K4peP44Gd44Gu5LuW44Gu6YeR5YW344Gv44GT44Gh44KJPGJyPgo8YnI+,44Ot44OD44Kv6YeR5YW3MeWAi+OAkOODoeOCv+ODq+ODkeODvOODhOOAke+8iOOCt+ODq+ODkOODvOOCq+ODqeODvO+8ieeuseOChOOCseODvOOCueODu+ODleOCv+OBrumNteODkeODvOODhO+8j+ODquODmuOCouW3peS9nERJWeODkeODvOODhOmWi+mWiemDqOWTge+8jzHntYTvvJrjgqLjg7Pjg4bjgqPjg7zjgq/miYvoirjjgIzjg6zjg43jg4Pjg4jjgI0=,6YCa5L+h6LKp5aOy6YCa6LKp44K344On44OD44OU44Oz44Kw44Kq44Oz44Op44Kk44Oz44K344On44OD44OU44Oz44Kw6LK344GE54mp44OX44Os44K844Oz44OI44Ku44OV44OI6LSI44KK54mp6LSI562U5ZOB44GK5Lit5YWD44GK5q2z5pqu44GK6LK344GE5b6X44Oc44K/44Oz44OT44O844K644Kr44Oc44K344On44Oz44Oh44K/44Or44OR44O844OE44Ki44Kv44K744K144Oq44O844OR44O844OE6Iux5a2X5paw6IGe44OP44K144Of57O444K044Og5omL6Iq455So5ZOB5omL6Iq46YGT5YW344Kv44Op44OV44OI55So5ZOB44Kv44Op44OV44OI6LOH5p2Q44Kv44Op44OV44OI44OR44O844OE44OB44Kn44Kz44Oc44K/44Oz44OJ44Kk44OE44Oc44K/44Oz44Ki44Kv44Oq44Or44OT44O844K644Km44OD44OJ44OT44O844K644Oh44K/44Or44OT44O844K644Ks44Op44K544OT44O844K644Ks44Op44K544Kr44Oc44K344On44Oz5pyo6KO944Oc44K/44Oz44Of44O844Or55q/VVbjg6zjgrjjg7PjgqLjg7Pjg4bjgqPjg7zjgq/jgq3jg7zjg6zjg4fjgqPjg7zjgrnjg5XjgqHjg4Pjgrfjg6fjg7PjgrnjgqTjg7zjg4Tjg4fjgrPjg57jg6vjgqvjg7Pjg63jg4Pjgq/ph5Hlhbcx5YCL44CQ44Oh44K/44Or44OR44O844OE44CR77yI44K344Or44OQ44O844Kr44Op44O877yJ566x44KE44Kx44O844K544O744OV44K/44Gu6Y2144OR44O844OE77yP44Oq44Oa44Ki5bel5L2cRElZ44OR44O844OE6ZaL6ZaJ6YOo5ZOB77yPMee1hA==,44Ot44OD44Kv6YeR5YW344CC44Ot44OD44Kv6YeR5YW3MeWAi+OAkOODoeOCv+ODq+ODkeODvOODhOOAke+8iOOCt+ODq+ODkOODvOOCq+ODqeODvO+8ieeuseOChOOCseODvOOCueODu+ODleOCv+OBrumNteODkeODvOODhO+8j+ODquODmuOCouW3peS9nERJWeODkeODvOODhOmWi+mWiemDqOWTge+8jzHntYQ=[rn]
11-22246,aHR0cDovL3RzaG9wLnIxMHMuanAvcmVpbmV0dGUvY2FiaW5ldC8wNDgzNTE0Ny9pbWdyYzAwNjYxNTQwMzcuanBnP2ZpdGluPTcwMDo3MDA=,Nzg4LjAwMDA=,,5pel55So5ZOB6ZuR6LKo44O75paH5oi/5YW344O75omL6Iq4ID4g5omL6Iq444O744Kv44Op44OV44OI44O755Sf5ZywID4g44Gd44Gu5LuW,44Ot44OD44Kv6YeR5YW3NTDlgIvjgrvjg4Pjg4jjgJDjg6Hjgr/jg6vjg5Hjg7zjg4TjgJHvvIjjgrfjg6vjg5Djg7zjgqvjg6njg7zvvInnrrHjgoTjgrHjg7zjgrnjg7vjg5Xjgr/jga7pjbXjg5Hjg7zjg4TvvI/jg6rjg5rjgqLlt6XkvZxESVnjg5Hjg7zjg4Tplovplonpg6jlk4HvvI81MOe1hA==,,PGI+Q2hlY2sgUG9pbnQ8L2I+PGJyPgril4bjg63jg4Pjgq/ph5HlhbfvvI81MOWAi+WFpTxicj4K4peG5ZCI6YeR6KO977yP5paw5ZOBPGJyPgril4ZNQURFIElOIENISU5BPGJyPgrigLvjg43jgrjjga/ku5jlsZ7jgZfjgb7jgZvjgpM8YnI+CuKXhuWun+eJqeOBqOeUu+WDj+OBp+OBr+WkmuWwkeiJsuWQiOOBhOOBjOeVsOOBquOCiuOBvuOBmTxicj4K4peG44KG44GG44OR44Kx44OD44OI5a++5b+c5Y+v6IO9PGJyPgo8YnI+CuOCteOCpOOCuu+8iOe0hO+8ie+8mjMzbW3DlzI3bW3jgIAg5Y6a44GVNy41bW3jgIDjg43jgrjnqbQyLjhtbTxicj4KPGJyPgo8YnI+CuKXj+WNmOWTgeKGkuKGkuKGkuOAjDHlgIvosqnlo7LjgI3jga/jgZPjgaHjgok8YnI+Cjxicj4KPGJyPgril4/lj5blr4TlpKfph4/jg5Hjg4Pjgq/ihpLihpLihpLjgIw1MDDlgIvjgrvjg4Pjg4jjgI3jga/jgZPjgaHjgok8YnI+Cjxicj4KPGJyPgrjg7vjgIwxMDDlhoblnYfkuIDjgI3jgrPjg7zjg4rjg7zjga/jgZPjgaHjgok8YnI+Cjxicj4K44O744CM44Kv44Op44OV44OI5p2Q5paZ44CN44Gv44GT44Gh44KJPGJyPgo8YnI+CuODu+OAjOaJi+iKuOeUqOWTgeOAjeOBr+OBk+OBoeOCiTxicj4KPGJyPgrjg7vjgIzjgqTjg7Pjg4bjg6rjgqLpm5HosqjjgI3jga/jgZPjgaHjgok8YnI+Cjxicj4K44O744CM44OV44Kh44OD44K344On44Oz44CN44Gv44GT44Gh44KJPGJyPgo8YnI+CuODu+OAjOOCueODnuODm+OCsOODg+OCuuOAjeOBr+OBk+OBoeOCiTxicj4KCjxicj4K4peP44Gd44Gu5LuW44Gu6YeR5YW344Gv44GT44Gh44KJPGJyPgo8YnI+,44Ot44OD44Kv6YeR5YW3NTDlgIvjgrvjg4Pjg4jjgJDjg6Hjgr/jg6vjg5Hjg7zjg4TjgJHvvIjjgrfjg6vjg5Djg7zjgqvjg6njg7zvvInnrrHjgoTjgrHjg7zjgrnjg7vjg5Xjgr/jga7pjbXjg5Hjg7zjg4TvvI/jg6rjg5rjgqLlt6XkvZxESVnjg5Hjg7zjg4Tplovplonpg6jlk4HvvI81MOe1hO+8muOCouODs+ODhuOCo+ODvOOCr+aJi+iKuOOAjOODrOODjeODg+ODiOOAjQ==,6YCa5L+h6LKp5aOy6YCa6LKp44K344On44OD44OU44Oz44Kw44Kq44Oz44Op44Kk44Oz44K344On44OD44OU44Oz44Kw6LK344GE54mp44OX44Os44K844Oz44OI44Ku44OV44OI6LSI44KK54mp6LSI562U5ZOB44GK5Lit5YWD44GK5q2z5pqu44GK6LK344GE5b6X44Oc44K/44Oz44OT44O844K644Kr44Oc44K344On44Oz44Oh44K/44Or44OR44O844OE44Ki44Kv44K744K144Oq44O844OR44O844OE6Iux5a2X5paw6IGe44OP44K144Of57O444K044Og5omL6Iq455So5ZOB5omL6Iq46YGT5YW344Kv44Op44OV44OI55So5ZOB44Kv44Op44OV44OI6LOH5p2Q44Kv44Op44OV44OI44OR44O844OE44OB44Kn44Kz44Oc44K/44Oz44OJ44Kk44OE44Oc44K/44Oz44Ki44Kv44Oq44Or44OT44O844K644Km44OD44OJ44OT44O844K644Oh44K/44Or44OT44O844K644Ks44Op44K544OT44O844K644Ks44Op44K544Kr44Oc44K344On44Oz5pyo6KO944Oc44K/44Oz44Of44O844Or55q/VVbjg6zjgrjjg7PjgqLjg7Pjg4bjgqPjg7zjgq/jgq3jg7zjg6zjg4fjgqPjg7zjgrnjg5XjgqHjg4Pjgrfjg6fjg7PjgrnjgqTjg7zjg4Tjg4fjgrPjg57jg6vjgqvjg7Pjg63jg4Pjgq/ph5Hlhbc1MOWAi+OCu+ODg+ODiOOAkOODoeOCv+ODq+ODkeODvOODhOOAke+8iOOCt+ODq+ODkOODvOOCq+ODqeODvO+8ieeuseOChOOCseODvOOCueODu+ODleOCv+OBrumNteODkeODvOODhO+8j+ODquODmuOCouW3peS9nERJWeODkeODvOODhOmWi+mWiemDqOWTge+8jzUw57WE,44Ot44OD44Kv6YeR5YW344CC44Ot44OD44Kv6YeR5YW3NTDlgIvjgrvjg4Pjg4jjgJDjg6Hjgr/jg6vjg5Hjg7zjg4TjgJHvvIjjgrfjg6vjg5Djg7zjgqvjg6njg7zvvInnrrHjgoTjgrHjg7zjgrnjg7vjg5Xjgr/jga7pjbXjg5Hjg7zjg4TvvI/jg6rjg5rjgqLlt6XkvZxESVnjg5Hjg7zjg4Tplovplonpg6jlk4HvvI81MOe1hA==[rn]
11-22247,aHR0cDovL3RzaG9wLnIxMHMuanAvcmVpbmV0dGUvY2FiaW5ldC8wNDgzNTE0Ny9pbWdyYzAwNjYxNTQzODcuanBnP2ZpdGluPTcwMDo3MDA=,OTE5LjIwMDA=,,5pel55So5ZOB6ZuR6LKo44O75paH5oi/5YW344O75omL6Iq4ID4g5omL6Iq444O744Kv44Op44OV44OI44O755Sf5ZywID4g44Gd44Gu5LuW,44OR44OD44OB44Oz44Ot44OD44Kv6YeR5YW3MjDlgIvjgrvjg4Pjg4jjgJDjg6Hjgr/jg6vjg5Hjg7zjg4TjgJHvvIjjgrfjg6vjg5Djg7zjgqvjg6njg7zvvInnrrHjgoTjgrHjg7zjgrnjg7vjg5Xjgr/jga7pjbXjg5Hjg7zjg4TvvI/jg6rjg5rjgqLlt6XkvZxESVnjg5Hjg7zjg4Tplovplonpg6jlk4HvvI8yMOe1hA==,,PGI+Q2hlY2sgUG9pbnQ8L2I+PGJyPgril4bjg63jg4Pjgq/ph5HlhbfvvI8yMOWAi+WFpTxicj4K4peG5ZCI6YeR6KO977yP5paw5ZOBPGJyPgril4ZNQURFIElOIENISU5BPGJyPgrigLvjg43jgrjjga/ku5jlsZ7jgZfjgb7jgZvjgpM8YnI+CuKXhuWun+eJqeOBqOeUu+WDj+OBp+OBr+WkmuWwkeiJsuWQiOOBhOOBjOeVsOOBquOCiuOBvuOBmTxicj4K4peG44KG44GG44OR44Kx44OD44OI5a++5b+c5Y+v6IO9PGJyPgo8YnI+CuOCteOCpOOCuu+8iOe0hO+8ie+8mjQwbW3DlzI3bW3jgIAg5Y6a44GVOW1t44CA44ON44K456m0Mi4zbW08YnI+Cjxicj4KPGJyPgril4/ljZjlk4HihpLihpLihpLjgIwx5YCL6LKp5aOy44CN44Gv44GT44Gh44KJPGJyPgo8YnI+CuKXj+WPluWvhOWkp+mHj+ODkeODg+OCr+KGkuKGkuKGkuOAjDIwMOWAi+OCu+ODg+ODiOOAjeOBr+OBk+OBoeOCiTxicj4KPGJyPgo8YnI+CuODu+OAjDEwMOWGhuWdh+S4gOOAjeOCs+ODvOODiuODvOOBr+OBk+OBoeOCiTxicj4KPGJyPgrjg7vjgIzjgq/jg6njg5Xjg4jmnZDmlpnjgI3jga/jgZPjgaHjgok8YnI+Cjxicj4K44O744CM5omL6Iq455So5ZOB44CN44Gv44GT44Gh44KJPGJyPgo8YnI+CuODu+OAjOOCpOODs+ODhuODquOCoumbkeiyqOOAjeOBr+OBk+OBoeOCiTxicj4KPGJyPgrjg7vjgIzjg5XjgqHjg4Pjgrfjg6fjg7PjgI3jga/jgZPjgaHjgok8YnI+Cjxicj4K44O744CM44K544Oe44Ob44Kw44OD44K644CN44Gv44GT44Gh44KJPGJyPgoKPGJyPgo8YnI+CuKXj+OBneOBruS7luOBrumHkeWFt+OBr+OBk+OBoeOCiTxicj4KPGJyPg==,44OR44OD44OB44Oz44Ot44OD44Kv6YeR5YW3MjDlgIvjgrvjg4Pjg4jjgJDjg6Hjgr/jg6vjg5Hjg7zjg4TjgJHvvIjjgrfjg6vjg5Djg7zjgqvjg6njg7zvvInnrrHjgoTjgrHjg7zjgrnjg7vjg5Xjgr/jga7pjbXjg5Hjg7zjg4TvvI/jg6rjg5rjgqLlt6XkvZxESVnjg5Hjg7zjg4Tplovplonpg6jlk4HvvI8yMOe1hO+8muOCouODs+ODhuOCo+ODvOOCr+aJi+iKuOOAjOODrOODjeODg+ODiOOAjQ==,6YCa5L+h6LKp5aOy6YCa6LKp44K344On44OD44OU44Oz44Kw44Kq44Oz44Op44Kk44Oz44K344On44OD44OU44Oz44Kw6LK344GE54mp44OX44Os44K844Oz44OI44Ku44OV44OI6LSI44KK54mp6LSI562U5ZOB44GK5Lit5YWD44GK5q2z5pqu44GK6LK344GE5b6X44Oc44K/44Oz44OT44O844K644Kr44Oc44K344On44Oz44Oh44K/44Or44OR44O844OE44Ki44Kv44K744K144Oq44O844OR44O844OE6Iux5a2X5paw6IGe44OP44K144Of57O444K044Og5omL6Iq455So5ZOB5omL6Iq46YGT5YW344Kv44Op44OV44OI55So5ZOB44Kv44Op44OV44OI6LOH5p2Q44Kv44Op44OV44OI44OR44O844OE44OB44Kn44Kz44Oc44K/44Oz44OJ44Kk44OE44Oc44K/44Oz44Ki44Kv44Oq44Or44OT44O844K644Km44OD44OJ44OT44O844K644Oh44K/44Or44OT44O844K644Ks44Op44K544OT44O844K644Ks44Op44K544Kr44Oc44K344On44Oz5pyo6KO944Oc44K/44Oz44Of44O844Or55q/VVbjg6zjgrjjg7PjgqLjg7Pjg4bjgqPjg7zjgq/jgq3jg7zjg6zjg4fjgqPjg7zjgrnjg5XjgqHjg4Pjgrfjg6fjg7PjgrnjgqTjg7zjg4Tjg4fjgrPjg57jg6vjgqvjg7Pjg5Hjg4Pjg4Hjg7Pjg63jg4Pjgq/ph5HlhbcyMOWAi+OCu+ODg+ODiOOAkOODoeOCv+ODq+ODkeODvOODhOOAke+8iOOCt+ODq+ODkOODvOOCq+ODqeODvO+8ieeuseOChOOCseODvOOCueODu+ODleOCv+OBrumNteODkeODvOODhO+8j+ODquODmuOCouW3peS9nERJWeODkeODvOODhOmWi+mWiemDqOWTge+8jzIw57WE,44Ot44OD44Kv6YeR5YW344CC44OR44OD44OB44Oz44Ot44OD44Kv6YeR5YW3MjDlgIvjgrvjg4Pjg4jjgJDjg6Hjgr/jg6vjg5Hjg7zjg4TjgJHvvIjjgrfjg6vjg5Djg7zjgqvjg6njg7zvvInnrrHjgoTjgrHjg7zjgrnjg7vjg5Xjgr/jga7pjbXjg5Hjg7zjg4TvvI/jg6rjg5rjgqLlt6XkvZxESVnjg5Hjg7zjg4Tplovplonpg6jlk4HvvI8yMOe1hA==[rn]
11-22248,aHR0cDovL3RzaG9wLnIxMHMuanAvcmVpbmV0dGUvY2FiaW5ldC8wNDgzNTE0Ny9pbWdyYzAwNjYxNTQzODcuanBnP2ZpdGluPTcwMDo3MDA=,OTYuMDAwMA==,,5pel55So5ZOB6ZuR6LKo44O75paH5oi/5YW344O75omL6Iq4ID4g5omL6Iq444O744Kv44Op44OV44OI44O755Sf5ZywID4g44Gd44Gu5LuW,44OR44OD44OB44Oz44Ot44OD44Kv6YeR5YW3MeWAi+OAkOODoeOCv+ODq+ODkeODvOODhOOAke+8iOOCt+ODq+ODkOODvOOCq+ODqeODvO+8ieeuseOChOOCseODvOOCueODu+ODleOCv+OBrumNteODkeODvOODhO+8j+ODquODmuOCouW3peS9nERJWeODkeODvOODhOmWi+mWiemDqOWTge+8jzHntYQ=,,PGI+Q2hlY2sgUG9pbnQ8L2I+PGJyPgril4bjg63jg4Pjgq/ph5HlhbfvvI8x5YCL5YWlPGJyPgril4blkIjph5Hoo73vvI/mlrDlk4E8YnI+CuKXhk1BREUgSU4gQ0hJTkE8YnI+CuKAu+ODjeOCuOOBr+S7mOWxnuOBl+OBvuOBm+OCkzxicj4K4peG5a6f54mp44Go55S75YOP44Gn44Gv5aSa5bCR6Imy5ZCI44GE44GM55Ww44Gq44KK44G+44GZPGJyPgril4bjgobjgYbjg5HjgrHjg4Pjg4jlr77lv5zlj6/og708YnI+Cjxicj4K44K144Kk44K677yI57SE77yJ77yaNDBtbcOXMjdtbeOAgCDljprjgZU5bW3jgIDjg43jgrjnqbQyLjNtbTxicj4KPGJyPgo8YnI+CuKXj+alreWLmeODkeODg+OCr+KGkuKGkuKGkuOAjDIw5YCL44K744OD44OI44CN44Gv44GT44Gh44KJPGJyPgo8YnI+CuKXj+WPluWvhOWkp+mHj+ODkeODg+OCr+KGkuKGkuKGkuOAjDIwMOWAi+OCu+ODg+ODiOOAjeOBr+OBk+OBoeOCiTxicj4KPGJyPgo8YnI+CuODu+OAjDEwMOWGhuWdh+S4gOOAjeOCs+ODvOODiuODvOOBr+OBk+OBoeOCiTxicj4KPGJyPgrjg7vjgIzjgq/jg6njg5Xjg4jmnZDmlpnjgI3jga/jgZPjgaHjgok8YnI+Cjxicj4K44O744CM5omL6Iq455So5ZOB44CN44Gv44GT44Gh44KJPGJyPgo8YnI+CuODu+OAjOOCpOODs+ODhuODquOCoumbkeiyqOOAjeOBr+OBk+OBoeOCiTxicj4KPGJyPgrjg7vjgIzjg5XjgqHjg4Pjgrfjg6fjg7PjgI3jga/jgZPjgaHjgok8YnI+Cjxicj4K44O744CM44K544Oe44Ob44Kw44OD44K644CN44Gv44GT44Gh44KJPGJyPgoKPGJyPgo8YnI+CuKXj+OBneOBruS7luOBrumHkeWFt+OBr+OBk+OBoeOCiTxicj4KPGJyPg==,44OR44OD44OB44Oz44Ot44OD44Kv6YeR5YW3MeWAi+OAkOODoeOCv+ODq+ODkeODvOODhOOAke+8iOOCt+ODq+ODkOODvOOCq+ODqeODvO+8ieeuseOChOOCseODvOOCueODu+ODleOCv+OBrumNteODkeODvOODhO+8j+ODquODmuOCouW3peS9nERJWeODkeODvOODhOmWi+mWiemDqOWTge+8jzHntYTvvJrjgqLjg7Pjg4bjgqPjg7zjgq/miYvoirjjgIzjg6zjg43jg4Pjg4jjgI0=,6YCa5L+h6LKp5aOy6YCa6LKp44K344On44OD44OU44Oz44Kw44Kq44Oz44Op44Kk44Oz44K344On44OD44OU44Oz44Kw6LK344GE54mp44OX44Os44K844Oz44OI44Ku44OV44OI6LSI44KK54mp6LSI562U5ZOB44GK5Lit5YWD44GK5q2z5pqu44GK6LK344GE5b6X44Oc44K/44Oz44OT44O844K644Kr44Oc44K344On44Oz44Oh44K/44Or44OR44O844OE44Ki44Kv44K744K144Oq44O844OR44O844OE6Iux5a2X5paw6IGe44OP44K144Of57O444K044Og5omL6Iq455So5ZOB5omL6Iq46YGT5YW344Kv44Op44OV44OI55So5ZOB44Kv44Op44OV44OI6LOH5p2Q44Kv44Op44OV44OI44OR44O844OE44OB44Kn44Kz44Oc44K/44Oz44OJ44Kk44OE44Oc44K/44Oz44Ki44Kv44Oq44Or44OT44O844K644Km44OD44OJ44OT44O844K644Oh44K/44Or44OT44O844K644Ks44Op44K544OT44O844K644Ks44Op44K544Kr44Oc44K344On44Oz5pyo6KO944Oc44K/44Oz44Of44O844Or55q/VVbjg6zjgrjjg7PjgqLjg7Pjg4bjgqPjg7zjgq/jgq3jg7zjg6zjg4fjgqPjg7zjgrnjg5XjgqHjg4Pjgrfjg6fjg7PjgrnjgqTjg7zjg4Tjg4fjgrPjg57jg6vjgqvjg7Pjg5Hjg4Pjg4Hjg7Pjg63jg4Pjgq/ph5Hlhbcx5YCL44CQ44Oh44K/44Or44OR44O844OE44CR77yI44K344Or44OQ44O844Kr44Op44O877yJ566x44KE44Kx44O844K544O744OV44K/44Gu6Y2144OR44O844OE77yP44Oq44Oa44Ki5bel5L2cRElZ44OR44O844OE6ZaL6ZaJ6YOo5ZOB77yPMee1hA==,44Ot44OD44Kv6YeR5YW344CC44OR44OD44OB44Oz44Ot44OD44Kv6YeR5YW3MeWAi+OAkOODoeOCv+ODq+ODkeODvOODhOOAke+8iOOCt+ODq+ODkOODvOOCq+ODqeODvO+8ieeuseOChOOCseODvOOCueODu+ODleOCv+OBrumNteODkeODvOODhO+8j+ODquODmuOCouW3peS9nERJWeODkeODvOODhOmWi+mWiemDqOWTge+8jzHntYQ=[rn]
11-22249,aHR0cDovL3RzaG9wLnIxMHMuanAvcmVpbmV0dGUvY2FiaW5ldC8wMjYzMTQwNS9pbWc1ODQ5ODQ3Mi5qcGc/Zml0aW49NzAwOjcwMA==,ODAwLjAwMDA=,,5pel55So5ZOB6ZuR6LKo44O75paH5oi/5YW344O75omL6Iq4ID4g5omL6Iq444O744Kv44Op44OV44OI44O755Sf5ZywID4g44Gd44Gu5LuW,44CQ6KW/5r+D5L6/44Gu44G/44CR44CQ44GK5Y+W44KK5a+E44Gb5ZWG5ZOB44CR44Kq44Oq44Og44OR44K544GX44GX44KF44GG5bCC55So5Zyn57iu44OR44Oz44Ok44CA44Kv44OD44K344On44Oz55So5Lit44KP44Gf77yPMzBjbcOXMzDvvYPvvY3jgrXjgqTjgro=,,77yK44GT44Gu5ZWG5ZOB44Gv44Oh44O844Kr44O844G+44Gf44Gv5Luj55CG5bqX5Y+W44KK5a+E44Gb5ZWG5ZOB44Gn44GZ44CCPGJyPgrvvIrpgJrluLgy772eNOWWtualreaXpeOBp+W9k+W6l+OBrueZuumAgea6luWCmeOBjOaVtOOBhOOBvuOBmeOBjOOAgTxicj4K44GU5rOo5paH5pel5pmC44Gu44K/44Kk44Of44Oz44Kw44Gr44KI44Gj44Gm44Gv5ZWG5ZOB5Yiw552A44G+44Gn44GrPGJyPgo3772eMTDml6XliY3lvozmjpvjgYvjgovloLTlkIjjgYzjgZTjgZbjgYTjgb7jgZnjgII8YnI+CuKAu+S4gOW6puOBiuWPluOCiuWvhOOBm+azqOaWh+OBleOCjOOBn+WgtOWQiOODoeODvOOCq+ODvOOBq+eZuuazqOOBmeOCi+eCujxicj4K44CM44GU5rOo5paH44Kt44Oj44Oz44K744Or44CN44Gv44Gn44GN44G+44Gb44KT44Gu44Gn44GU5LqG5om/5LiL44GV44GE44G+44GbPGJyPgrvvIjjg6Hjg7zjgqvjg7zjgavlnKjluqvjgYzjgarjgYTloLTlkIjjgoTlu4PnlarjgavjgarjgaPjgZ/llYblk4Hjga88YnI+CuOAjOOBlOazqOaWh+OCreODo+ODs+OCu+ODq+OAjeOBqOOBquOCiuOBvuOBme+8iTxicj4K77yK6YWN6YGU5pel5pmC44Gu44GU5oyH5a6a44Gv44Gn44GN44G+44Gb44KTPGJyPgrvvIjjgYrmgKXjgY7jga7jgZTms6jmlofjgavjga/lr77lv5zjgafjgY3jgarjgYTloLTlkIjjgYzjgZTjgZbjgYTjgb7jgZnvvIk8YnI+Cu+8iuOBlOS4gOe3kuOBq+OBlOazqOaWh+mgguOBjeOBvuOBl+OBn+WVhuWTgeOCguWQjOaiseS4gOaLrOeZuumAgeOBqOOBquOCiuOBvuOBmTxicj4K77yI5YiG5Ymy55m66YCB44GV44KM44KL5aC05ZCI44Gv5Yil6YCU6YCB5paZ44GM5o6b44GL44KK44G+44GZ77yJPGJyPgo8YnI+Cjxicj4K4peG44Kv44OD44K344On44Oz55So5Lit44KP44Gf77yPMeWAizxicj4K4peG6KO96YCg5YWD77ya44Kq44Oq44Og44OR44K56KO957Wy5qCq5byP5Lya56S+PGJyPgril4blrp/nianjgajnlLvlg4/jgafjga/lpJrlsJHoibLlkIjjgYTjgYznlbDjgarjgorjgb7jgZk8YnI+CuKXhuOAjOilv+a/g+mBi+i8uOOCq+ODs+OCrOODq+ODvOS+v+OAjeOBruOBv+WvvuW/nOWPr+iDvTxicj4KPGJyPgrigLvjgZPjgaHjgonjga7llYblk4Hjga/jg6Hjg7zjg6vkvr/jg7vlrprlvaLlpJbpg7Xkvr/jga/jgZTliKnnlKjjgafjgY3jgb7jgZvjgpM8YnI+Cjxicj4KPGJyPgrjgrXjgqTjgrrvvIjntITvvInnuKYzMO+9g++9je+9mOaoqjMw772D772NPGJyPg==,44CQ6KW/5r+D5L6/44Gu44G/44CR44CQ44GK5Y+W44KK5a+E44Gb5ZWG5ZOB44CR44Kq44Oq44Og44OR44K544GX44GX44KF44GG5bCC55So5Zyn57iu44OR44Oz44Ok44CA44Kv44OD44K344On44Oz55So5Lit44KP44Gf77yPMzBjbSZ0aW1lczszMO+9g++9jeOCteOCpOOCuu+8muOCouODs+ODhuOCo+ODvOOCr+aJi+iKuOOAjOODrOODjeODg+ODiOOAjQ==,6YCa5L+h6LKp5aOy6YCa6LKp44K344On44OD44OU44Oz44Kw44Kq44Oz44Op44Kk44Oz44K344On44OD44OU44Oz44Kw6LK344GE54mp44OX44Os44K844Oz44OI44Ku44OV44OI6LSI44KK54mp6LSI562U5ZOB44GK5Lit5YWD44GK5q2z5pqu44GK6LK344GE5b6X44Oc44K/44Oz44OT44O844K644Kr44Oc44K344On44Oz44Oh44K/44Or44OR44O844OE44Ki44Kv44K744K144Oq44O844OR44O844OE6Iux5a2X5paw6IGe44OP44K144Of57O444K044Og5omL6Iq455So5ZOB5omL6Iq46YGT5YW344Kv44Op44OV44OI55So5ZOB44Kv44Op44OV44OI6LOH5p2Q44Kv44Op44OV44OI44OR44O844OE44OB44Kn44Kz44Oc44K/44Oz44OJ44Kk44OE44Oc44K/44Oz44Ki44Kv44Oq44Or44OT44O844K644Km44OD44OJ44OT44O844K644Oh44K/44Or44OT44O844K644Ks44Op44K544OT44O844K644Ks44Op44K544Kr44Oc44K344On44Oz5pyo6KO944Oc44K/44Oz44Of44O844Or55q/VVbjg6zjgrjjg7PjgqLjg7Pjg4bjgqPjg7zjgq/jgq3jg7zjg6zjg4fjgqPjg7zjgrnjg5XjgqHjg4Pjgrfjg6fjg7PjgrnjgqTjg7zjg4Tjg4fjgrPjg57jg6vjgqvjg7PjgJDopb/mv4Pkvr/jga7jgb/jgJHjgJDjgYrlj5bjgorlr4TjgZvllYblk4HjgJHjgqrjg6rjg6Djg5HjgrnjgZfjgZfjgoXjgYblsILnlKjlnKfnuK7jg5Hjg7Pjg6TjgIDjgq/jg4Pjgrfjg6fjg7PnlKjkuK3jgo/jgZ/vvI8zMGNtJnRpbWVzOzMw772D772N44K144Kk44K6,44CQ6KW/5r+D5L6/44Gu44G/44CR44CQ44GK5Y+W44KK5a+E44Gb5ZWG5ZOB44CR44Kq44Oq44Og44OR44K544GX44GX44KF44GG5bCC55So5Zyn57iu44OR44Oz44Ok44CA44Kv44OD44K344On44Oz55So5Lit44KP44Gf77yPMzBjbSZ0aW1lczszMO+9g++9jeOCteOCpOOCug==[rn]
11-22250,aHR0cDovL3RzaG9wLnIxMHMuanAvcmVpbmV0dGUvY2FiaW5ldC8wMjYzMTQwNS9pbWc1ODQ5ODQ3My5qcGc/Zml0aW49NzAwOjcwMA==,MTEyMC4wMDAw,,5pel55So5ZOB6ZuR6LKo44O75paH5oi/5YW344O75omL6Iq4ID4g5omL6Iq444O744Kv44Op44OV44OI44O755Sf5ZywID4g44Gd44Gu5LuW,44CQ6KW/5r+D5L6/44Gu44G/44CR44CQ44GK5Y+W44KK5a+E44Gb5ZWG5ZOB44CR44Kq44Oq44Og44OR44K544GX44GX44KF44GG5bCC55So5Zyn57iu44OR44Oz44Ok44CA44Kv44OD44K344On44Oz55So5Lit44KP44Gf77yPMzVjbcOXMzXvvYPvvY3jgrXjgqTjgro=,,77yK44GT44Gu5ZWG5ZOB44Gv44Oh44O844Kr44O844G+44Gf44Gv5Luj55CG5bqX5Y+W44KK5a+E44Gb5ZWG5ZOB44Gn44GZ44CCPGJyPgrvvIrpgJrluLgy772eNOWWtualreaXpeOBp+W9k+W6l+OBrueZuumAgea6luWCmeOBjOaVtOOBhOOBvuOBmeOBjOOAgTxicj4K44GU5rOo5paH5pel5pmC44Gu44K/44Kk44Of44Oz44Kw44Gr44KI44Gj44Gm44Gv5ZWG5ZOB5Yiw552A44G+44Gn44GrPGJyPgo3772eMTDml6XliY3lvozmjpvjgYvjgovloLTlkIjjgYzjgZTjgZbjgYTjgb7jgZnjgII8YnI+CuKAu+S4gOW6puOBiuWPluOCiuWvhOOBm+azqOaWh+OBleOCjOOBn+WgtOWQiOODoeODvOOCq+ODvOOBq+eZuuazqOOBmeOCi+eCujxicj4K44CM44GU5rOo5paH44Kt44Oj44Oz44K744Or44CN44Gv44Gn44GN44G+44Gb44KT44Gu44Gn44GU5LqG5om/5LiL44GV44GE44G+44GbPGJyPgrvvIjjg6Hjg7zjgqvjg7zjgavlnKjluqvjgYzjgarjgYTloLTlkIjjgoTlu4PnlarjgavjgarjgaPjgZ/llYblk4Hjga88YnI+CuOAjOOBlOazqOaWh+OCreODo+ODs+OCu+ODq+OAjeOBqOOBquOCiuOBvuOBme+8iTxicj4K77yK6YWN6YGU5pel5pmC44Gu44GU5oyH5a6a44Gv44Gn44GN44G+44Gb44KTPGJyPgrvvIjjgYrmgKXjgY7jga7jgZTms6jmlofjgavjga/lr77lv5zjgafjgY3jgarjgYTloLTlkIjjgYzjgZTjgZbjgYTjgb7jgZnvvIk8YnI+Cu+8iuOBlOS4gOe3kuOBq+OBlOazqOaWh+mgguOBjeOBvuOBl+OBn+WVhuWTgeOCguWQjOaiseS4gOaLrOeZuumAgeOBqOOBquOCiuOBvuOBmTxicj4K77yI5YiG5Ymy55m66YCB44GV44KM44KL5aC05ZCI44Gv5Yil6YCU6YCB5paZ44GM5o6b44GL44KK44G+44GZ77yJPGJyPgo8YnI+Cjxicj4K4peG44Kv44OD44K344On44Oz55So5Lit44KP44Gf77yPMeWAizxicj4K4peG6KO96YCg5YWD77ya44Kq44Oq44Og44OR44K56KO957Wy5qCq5byP5Lya56S+PGJyPgril4blrp/nianjgajnlLvlg4/jgafjga/lpJrlsJHoibLlkIjjgYTjgYznlbDjgarjgorjgb7jgZk8YnI+CuKXhuOAjOilv+a/g+mBi+i8uOOCq+ODs+OCrOODq+ODvOS+v+OAjeOBruOBv+WvvuW/nOWPr+iDvTxicj4KPGJyPgrigLvjgZPjgaHjgonjga7llYblk4Hjga/jg6Hjg7zjg6vkvr/jg7vlrprlvaLlpJbpg7Xkvr/jga/jgZTliKnnlKjjgafjgY3jgb7jgZvjgpM8YnI+Cjxicj4KPGJyPgrjgrXjgqTjgrrvvIjntITvvInnuKYzNe+9g++9je+9mOaoqjM1772D772NPGJyPg==,44CQ6KW/5r+D5L6/44Gu44G/44CR44CQ44GK5Y+W44KK5a+E44Gb5ZWG5ZOB44CR44Kq44Oq44Og44OR44K544GX44GX44KF44GG5bCC55So5Zyn57iu44OR44Oz44Ok44CA44Kv44OD44K344On44Oz55So5Lit44KP44Gf77yPMzVjbSZ0aW1lczszNe+9g++9jeOCteOCpOOCuu+8muOCouODs+ODhuOCo+ODvOOCr+aJi+iKuOOAjOODrOODjeODg+ODiOOAjQ==,6YCa5L+h6LKp5aOy6YCa6LKp44K344On44OD44OU44Oz44Kw44Kq44Oz44Op44Kk44Oz44K344On44OD44OU44Oz44Kw6LK344GE54mp44OX44Os44K844Oz44OI44Ku44OV44OI6LSI44KK54mp6LSI562U5ZOB44GK5Lit5YWD44GK5q2z5pqu44GK6LK344GE5b6X44Oc44K/44Oz44OT44O844K644Kr44Oc44K344On44Oz44Oh44K/44Or44OR44O844OE44Ki44Kv44K744K144Oq44O844OR44O844OE6Iux5a2X5paw6IGe44OP44K144Of57O444K044Og5omL6Iq455So5ZOB5omL6Iq46YGT5YW344Kv44Op44OV44OI55So5ZOB44Kv44Op44OV44OI6LOH5p2Q44Kv44Op44OV44OI44OR44O844OE44OB44Kn44Kz44Oc44K/44Oz44OJ44Kk44OE44Oc44K/44Oz44Ki44Kv44Oq44Or44OT44O844K644Km44OD44OJ44OT44O844K644Oh44K/44Or44OT44O844K644Ks44Op44K544OT44O844K644Ks44Op44K544Kr44Oc44K344On44Oz5pyo6KO944Oc44K/44Oz44Of44O844Or55q/VVbjg6zjgrjjg7PjgqLjg7Pjg4bjgqPjg7zjgq/jgq3jg7zjg6zjg4fjgqPjg7zjgrnjg5XjgqHjg4Pjgrfjg6fjg7PjgrnjgqTjg7zjg4Tjg4fjgrPjg57jg6vjgqvjg7PjgJDopb/mv4Pkvr/jga7jgb/jgJHjgJDjgYrlj5bjgorlr4TjgZvllYblk4HjgJHjgqrjg6rjg6Djg5HjgrnjgZfjgZfjgoXjgYblsILnlKjlnKfnuK7jg5Hjg7Pjg6TjgIDjgq/jg4Pjgrfjg6fjg7PnlKjkuK3jgo/jgZ/vvI8zNWNtJnRpbWVzOzM1772D772N44K144Kk44K6,44CQ6KW/5r+D5L6/44Gu44G/44CR44CQ44GK5Y+W44KK5a+E44Gb5ZWG5ZOB44CR44Kq44Oq44Og44OR44K544GX44GX44KF44GG5bCC55So5Zyn57iu44OR44Oz44Ok44CA44Kv44OD44K344On44Oz55So5Lit44KP44Gf77yPMzVjbSZ0aW1lczszNe+9g++9jeOCteOCpOOCug==[rn]
11-22251,aHR0cDovL3RzaG9wLnIxMHMuanAvcmVpbmV0dGUvY2FiaW5ldC8wMjYzMTQwNS9pbWc1ODQ5ODQ3NC5qcGc/Zml0aW49NzAwOjcwMA==,MTIwMC4wMDAw,,5pel55So5ZOB6ZuR6LKo44O75paH5oi/5YW344O75omL6Iq4ID4g5omL6Iq444O744Kv44Op44OV44OI44O755Sf5ZywID4g44Gd44Gu5LuW,44CQ6KW/5r+D5L6/44Gu44G/44CR44CQ44GK5Y+W44KK5a+E44Gb5ZWG5ZOB44CR44Kq44Oq44Og44OR44K544GX44GX44KF44GG5bCC55So5Zyn57iu44OR44Oz44Ok44CA44Kv44OD44K344On44Oz55So5Lit44KP44Gf77yPNDBjbcOXNDDvvYPvvY3jgrXjgqTjgro=,,77yK44GT44Gu5ZWG5ZOB44Gv44Oh44O844Kr44O844G+44Gf44Gv5Luj55CG5bqX5Y+W44KK5a+E44Gb5ZWG5ZOB44Gn44GZ44CCPGJyPgrvvIrpgJrluLgy772eNOWWtualreaXpeOBp+W9k+W6l+OBrueZuumAgea6luWCmeOBjOaVtOOBhOOBvuOBmeOBjOOAgTxicj4K44GU5rOo5paH5pel5pmC44Gu44K/44Kk44Of44Oz44Kw44Gr44KI44Gj44Gm44Gv5ZWG5ZOB5Yiw552A44G+44Gn44GrPGJyPgo3772eMTDml6XliY3lvozmjpvjgYvjgovloLTlkIjjgYzjgZTjgZbjgYTjgb7jgZnjgII8YnI+CuKAu+S4gOW6puOBiuWPluOCiuWvhOOBm+azqOaWh+OBleOCjOOBn+WgtOWQiOODoeODvOOCq+ODvOOBq+eZuuazqOOBmeOCi+eCujxicj4K44CM44GU5rOo5paH44Kt44Oj44Oz44K744Or44CN44Gv44Gn44GN44G+44Gb44KT44Gu44Gn44GU5LqG5om/5LiL44GV44GE44G+44GbPGJyPgrvvIjjg6Hjg7zjgqvjg7zjgavlnKjluqvjgYzjgarjgYTloLTlkIjjgoTlu4PnlarjgavjgarjgaPjgZ/llYblk4Hjga88YnI+CuOAjOOBlOazqOaWh+OCreODo+ODs+OCu+ODq+OAjeOBqOOBquOCiuOBvuOBme+8iTxicj4K77yK6YWN6YGU5pel5pmC44Gu44GU5oyH5a6a44Gv44Gn44GN44G+44Gb44KTPGJyPgrvvIjjgYrmgKXjgY7jga7jgZTms6jmlofjgavjga/lr77lv5zjgafjgY3jgarjgYTloLTlkIjjgYzjgZTjgZbjgYTjgb7jgZnvvIk8YnI+Cu+8iuOBlOS4gOe3kuOBq+OBlOazqOaWh+mgguOBjeOBvuOBl+OBn+WVhuWTgeOCguWQjOaiseS4gOaLrOeZuumAgeOBqOOBquOCiuOBvuOBmTxicj4K77yI5YiG5Ymy55m66YCB44GV44KM44KL5aC05ZCI44Gv5Yil6YCU6YCB5paZ44GM5o6b44GL44KK44G+44GZ77yJPGJyPgo8YnI+Cjxicj4K4peG44Kv44OD44K344On44Oz55So5Lit44KP44Gf77yPMeWAizxicj4K4peG6KO96YCg5YWD77ya44Kq44Oq44Og44OR44K56KO957Wy5qCq5byP5Lya56S+PGJyPgril4blrp/nianjgajnlLvlg4/jgafjga/lpJrlsJHoibLlkIjjgYTjgYznlbDjgarjgorjgb7jgZk8YnI+CuKXhuOAjOilv+a/g+mBi+i8uOOCq+ODs+OCrOODq+ODvOS+v+OAjeOBruOBv+WvvuW/nOWPr+iDvTxicj4KPGJyPgrigLvjgZPjgaHjgonjga7llYblk4Hjga/jg6Hjg7zjg6vkvr/jg7vlrprlvaLlpJbpg7Xkvr/jga/jgZTliKnnlKjjgafjgY3jgb7jgZvjgpM8YnI+Cjxicj4KPGJyPgrjgrXjgqTjgrrvvIjntITvvInnuKY0MO+9g++9je+9mOaoqjQw772D772NPGJyPg==,44CQ6KW/5r+D5L6/44Gu44G/44CR44CQ44GK5Y+W44KK5a+E44Gb5ZWG5ZOB44CR44Kq44Oq44Og44OR44K544GX44GX44KF44GG5bCC55So5Zyn57iu44OR44Oz44Ok44CA44Kv44OD44K344On44Oz55So5Lit44KP44Gf77yPNDBjbSZ0aW1lczs0MO+9g++9jeOCteOCpOOCuu+8muOCouODs+ODhuOCo+ODvOOCr+aJi+iKuOOAjOODrOODjeODg+ODiOOAjQ==,6YCa5L+h6LKp5aOy6YCa6LKp44K344On44OD44OU44Oz44Kw44Kq44Oz44Op44Kk44Oz44K344On44OD44OU44Oz44Kw6LK344GE54mp44OX44Os44K844Oz44OI44Ku44OV44OI6LSI44KK54mp6LSI562U5ZOB44GK5Lit5YWD44GK5q2z5pqu44GK6LK344GE5b6X44Oc44K/44Oz44OT44O844K644Kr44Oc44K344On44Oz44Oh44K/44Or44OR44O844OE44Ki44Kv44K744K144Oq44O844OR44O844OE6Iux5a2X5paw6IGe44OP44K144Of57O444K044Og5omL6Iq455So5ZOB5omL6Iq46YGT5YW344Kv44Op44OV44OI55So5ZOB44Kv44Op44OV44OI6LOH5p2Q44Kv44Op44OV44OI44OR44O844OE44OB44Kn44Kz44Oc44K/44Oz44OJ44Kk44OE44Oc44K/44Oz44Ki44Kv44Oq44Or44OT44O844K644Km44OD44OJ44OT44O844K644Oh44K/44Or44OT44O844K644Ks44Op44K544OT44O844K644Ks44Op44K544Kr44Oc44K344On44Oz5pyo6KO944Oc44K/44Oz44Of44O844Or55q/VVbjg6zjgrjjg7PjgqLjg7Pjg4bjgqPjg7zjgq/jgq3jg7zjg6zjg4fjgqPjg7zjgrnjg5XjgqHjg4Pjgrfjg6fjg7PjgrnjgqTjg7zjg4Tjg4fjgrPjg57jg6vjgqvjg7PjgJDopb/mv4Pkvr/jga7jgb/jgJHjgJDjgYrlj5bjgorlr4TjgZvllYblk4HjgJHjgqrjg6rjg6Djg5HjgrnjgZfjgZfjgoXjgYblsILnlKjlnKfnuK7jg5Hjg7Pjg6TjgIDjgq/jg4Pjgrfjg6fjg7PnlKjkuK3jgo/jgZ/vvI80MGNtJnRpbWVzOzQw772D772N44K144Kk44K6,44CQ6KW/5r+D5L6/44Gu44G/44CR44CQ44GK5Y+W44KK5a+E44Gb5ZWG5ZOB44CR44Kq44Oq44Og44OR44K544GX44GX44KF44GG5bCC55So5Zyn57iu44OR44Oz44Ok44CA44Kv44OD44K344On44Oz55So5Lit44KP44Gf77yPNDBjbSZ0aW1lczs0MO+9g++9jeOCteOCpOOCug==[rn]
11-22252,aHR0cDovL3RzaG9wLnIxMHMuanAvcmVpbmV0dGUvY2FiaW5ldC8wMTk1MDIxMi9pbWc1NzQzOTU3Ni5qcGc/Zml0aW49NzAwOjcwMA==,NDEyLjAwMDA=,,5pel55So5ZOB6ZuR6LKo44O75paH5oi/5YW344O75omL6Iq4ID4g5omL6Iq444O744Kv44Op44OV44OI44O755Sf5ZywID4g44Gd44Gu5LuW,44CQ44K/44OD44K744Or44CR77yI44OW44Op44OD44Kv77yJ6Imy5b2p6LGK44GL44Gn6YG444G544KL44Kr44Op44O844Kw44Op44OH44O844K344On44Oz44CC44Kv44Op44OV44OI5omL6Iq444Gu44Ov44Oz44Od44Kk44Oz44OI44Gr4pmq44OP44K144Of44KE5bCP54mp44Gr44Ki44Kv44K744Oz44OI4pmq5omL5L2c44KK44OB44Oj44O844Og44KE44Kr44Or44OI44OK44O844K444Ol44Gu5byV44GN5omL44Gr4pmq44Kq44Oq44K444OK44Or44OQ44OD44Kw44Gr4pmq44Kk44Oz44OG44Oq44Ki6KOF6aO+77yP44Of44OL44K/44OD44K744Or5YWo6ZW357SEMTFjbeODuzEw5YCL5YWl44KK,,4peG44K/44OD44K744Or77yPMTDmnKzjgrvjg4Pjg4g8YnI+CuKXhuODneODquOCqOOCueODhuODq++8j+aWsOWTgTxicj4K4peG5a6f54mp44Go55S75YOP44Gn44Gv5aSa5bCR6Imy5ZCI44GE44GM55Ww44Gq44KK44G+44GZPGJyPgril4bjgobjgYbjg5HjgrHjg4Pjg4hPSyE8YnI+Cjxicj4K44CA44CA44K144Kk44K677yI57SE77yJOuODkuODouOCkuWQq+OCgOWFqOmVtzExY23vvIjlgIvkvZPlt67jgYLjgorvvIk8YnI+,44CQ44K/44OD44K744Or44CR77yI44OW44Op44OD44Kv77yJ6Imy5b2p6LGK44GL44Gn6YG444G544KL44Kr44Op44O844Kw44Op44OH44O844K344On44Oz44CC44Kv44Op44OV44OI5omL6Iq444Gu44Ov44Oz44Od44Kk44Oz44OI44Gr4pmq44OP44K144Of44KE5bCP54mp44Gr44Ki44Kv44K744Oz44OI4pmq5omL5L2c44KK44OB44Oj44O844Og44KE44Kr44Or44OI44OK44O844K444Ol44Gu5byV44GN5omL44Gr4pmq44Kq44Oq44K444OK44Or44OQ44OD44Kw44Gr4pmq44Kk44Oz44OG44Oq44Ki6KOF6aO+77yP44Of44OL44K/44OD44K744Or5YWo6ZW357SEMTFjbeODuzEw5YCL5YWl44KK77ya44Ki44Oz44OG44Kj44O844Kv5omL6Iq444CM44Os44ON44OD44OI44CN,6YCa5L+h6LKp5aOy6YCa6LKp44K344On44OD44OU44Oz44Kw44Kq44Oz44Op44Kk44Oz44K344On44OD44OU44Oz44Kw6LK344GE54mp44OX44Os44K844Oz44OI44Ku44OV44OI6LSI44KK54mp6LSI562U5ZOB44GK5Lit5YWD44GK5q2z5pqu44GK6LK344GE5b6X44Oc44K/44Oz44OT44O844K644Kr44Oc44K344On44Oz44Oh44K/44Or44OR44O844OE44Ki44Kv44K744K144Oq44O844OR44O844OE6Iux5a2X5paw6IGe44OP44K144Of57O444K044Og5omL6Iq455So5ZOB5omL6Iq46YGT5YW344Kv44Op44OV44OI55So5ZOB44Kv44Op44OV44OI6LOH5p2Q44Kv44Op44OV44OI44OR44O844OE44OB44Kn44Kz44Oc44K/44Oz44OJ44Kk44OE44Oc44K/44Oz44Ki44Kv44Oq44Or44OT44O844K644Km44OD44OJ44OT44O844K644Oh44K/44Or44OT44O844K644Ks44Op44K544OT44O844K644Ks44Op44K544Kr44Oc44K344On44Oz5pyo6KO944Oc44K/44Oz44Of44O844Or55q/VVbjg6zjgrjjg7PjgqLjg7Pjg4bjgqPjg7zjgq/jgq3jg7zjg6zjg4fjgqPjg7zjgrnjg5XjgqHjg4Pjgrfjg6fjg7PjgrnjgqTjg7zjg4Tjg4fjgrPjg57jg6vjgqvjg7PjgJDjgr/jg4Pjgrvjg6vjgJHvvIjjg5bjg6njg4Pjgq/vvInoibLlvanosYrjgYvjgafpgbjjgbnjgovjgqvjg6njg7zjgrDjg6njg4fjg7zjgrfjg6fjg7PjgILjgq/jg6njg5Xjg4jmiYvoirjjga7jg6/jg7Pjg53jgqTjg7Pjg4jjgavimarjg4/jgrXjg5/jgoTlsI/nianjgavjgqLjgq/jgrvjg7Pjg4jimarmiYvkvZzjgorjg4Hjg6Pjg7zjg6DjgoTjgqvjg6vjg4jjg4rjg7zjgrjjg6Xjga7lvJXjgY3miYvjgavimarjgqrjg6rjgrjjg4rjg6vjg5Djg4PjgrDjgavimarjgqTjg7Pjg4bjg6rjgqLoo4Xpo77vvI/jg5/jg4vjgr/jg4Pjgrvjg6vlhajplbfntIQxMWNt44O7MTDlgIvlhaXjgoo=,44Of44OL44K/44OD44K744Or5YWo6ZW357SEMTFjbeODuzEw5YCL5YWl44KK44CC44CQ44K/44OD44K744Or44CR77yI44OW44Op44OD44Kv77yJ6Imy5b2p6LGK44GL44Gn6YG444G544KL44Kr44Op44O844Kw44Op44OH44O844K344On44Oz44CC44Kv44Op44OV44OI5omL6Iq444Gu44Ov44Oz44Od44Kk44Oz44OI44Gr4pmq44OP44K144Of44KE5bCP54mp44Gr44Ki44Kv44K744Oz44OI4pmq5omL5L2c44KK44OB44Oj44O844Og44KE44Kr44Or44OI44OK44O844K444Ol44Gu5byV44GN5omL44Gr4pmq44Kq44Oq44K444OK44Or44OQ44OD44Kw44Gr4pmq44Kk44Oz44OG44Oq44Ki6KOF6aO+77yP44Of44OL44K/44OD44K744Or5YWo6ZW357SEMTFjbeODuzEw5YCL5YWl44KK[rn]
11-22253,aHR0cDovL3RzaG9wLnIxMHMuanAvcmVpbmV0dGUvY2FiaW5ldC8wMzgyNDYxNy9pbWdyYzAwNjc0MTM2NDAuanBnP2ZpdGluPTcwMDo3MDA=,MjU5LjIwMDA=,,5pel55So5ZOB6ZuR6LKo44O75paH5oi/5YW344O75omL6Iq4ID4g5omL6Iq444O744Kv44Op44OV44OI44O755Sf5ZywID4g44Gd44Gu5LuW,44CQ44OH44Kz44Od44OD44K444O744Kq44O844Or44OR44O844OR44K544CR77yIMzBtbO+8ieKAnOOBl+OBo+OBi+OCiuiyvOOCiuOBn+OBhOOBqOOBjeOAgeWkluOBq+WHuuOBmeOCguOBruOBq+OBiuOBmeOBmeOCgeKAneaOpeedgOOBqOOCs+ODvOODhuOCo+ODs+OCsOOBruOBp+OBjeOCi+mAsuWMluOBl+OBn+ODh+OCs+ODkeODvOOCuOODpea2su+8j+KJquOChuOBhuODkeOCseODg+ODiOS4jeWPr+KJq+WNs+e0jeWTge+8gQ==,,PGI+Q2hlY2sgUG9pbnQ8L2I+PGJyPgril4bjg4fjgrPjg5Hjg7zjgrjjg6XmtrLvvI8x5YCL77yP5paw5ZOBPGJyPiAK4peG5ZCI5oiQ5qi56ISC44CA44Ki44Kv44Oq44Or5qi56ISC77yP5pel5pys6KO9PGJyPgril4bmsLTmurbmgKfmjqXnnYDliaQ8YnI+Cjxicj4K44O75LiA6Iis55qE44Gq44Ki44Kv44K744K144Oq44O85omL6Iq46KO95L2c44Gu55So6YCU5Lul5aSW44Gr44Gv5L2/55So44GX44Gq44GE44Gn5LiL44GV44GEPGJyPgrjg7vlsI/lhZDjga7miYvjga7lsYrjgYvjgarjgYTmiYDjgavkv53nrqHjgZfjgabkuIvjgZXjgYQ8YnI+CuODu+miqOmAmuOBl+OBruiJr+OBhOaJgOOBp+OBlOS9v+eUqOS4i+OBleOBhDxicj4KPGJyPgrigLvoo4/pnaLjga7ms6jmhI/mm7jjgY3jgpLjgojjgY/oqq3jgpPjgafjgZTkvb/nlKjjgY/jgaDjgZXjgYQ8YnI+Cjxicj4K4peG5pys5L2T5Lul5aSW44Gv44Kk44Oh44O844K45YaZ55yf44Go44Gq44KK44G+44GZ44CCPGJyPgril4blrp/nianjgajnlLvlg4/jgafjga/lpJrlsJHoibLlkIjjgYTjgYznlbDjgarjgorjgb7jgZk8YnI+CuKXhuODpOODnuODiOS+v+ODu+ilv+a/g+S+v+OBhOOBmuOCjOOBi+OBrumFjemAgeWPr+iDvTxicj4KPGJyPgrvvIjjgobjgYbjg5HjgrHjg4Pjg4jjga/jgZTliKnnlKjjgafjgY3jgb7jgZvjgpPvvIk8YnI+Cjxicj4K5pys5L2T44K144Kk44K644CAMzBtbOWFpeOCijxicj4KPGJyPgrjg7vjgIzjg6zjgrjjg7Pjgq/jg6njg5Xjg4jjgI3kuIDopqfjga/jgZPjgaHjgok8YnI+Cjxicj4K44O744CM6YeR5YW344O744OR44O844OE44CN5LiA6Kan44Gv44GT44Gh44KJPGJyPgrmiYvoirjjg6zjg43jg4Pjg4g=,44CQ44OH44Kz44Od44OD44K444O744Kq44O844Or44OR44O844OR44K544CR77yIMzBtbO+8iSZsZHF1bzvjgZfjgaPjgYvjgorosrzjgorjgZ/jgYTjgajjgY3jgIHlpJbjgavlh7rjgZnjgoLjga7jgavjgYrjgZnjgZnjgoEmcmRxdW875o6l552A44Go44Kz44O844OG44Kj44Oz44Kw44Gu44Gn44GN44KL6YCy5YyW44GX44Gf44OH44Kz44OR44O844K444Ol5ray77yP4omq44KG44GG44OR44Kx44OD44OI5LiN5Y+v4omr5Y2z57SN5ZOB77yB77ya44Ki44Oz44OG44Kj44O844Kv5omL6Iq444CM44Os44ON44OD44OI44CN,6YCa5L+h6LKp5aOy6YCa6LKp44K344On44OD44OU44Oz44Kw44Kq44Oz44Op44Kk44Oz44K344On44OD44OU44Oz44Kw6LK344GE54mp44OX44Os44K844Oz44OI44Ku44OV44OI6LSI44KK54mp6LSI562U5ZOB44GK5Lit5YWD44GK5q2z5pqu44GK6LK344GE5b6X44Oc44K/44Oz44OT44O844K644Kr44Oc44K344On44Oz44Oh44K/44Or44OR44O844OE44Ki44Kv44K744K144Oq44O844OR44O844OE6Iux5a2X5paw6IGe44OP44K144Of57O444K044Og5omL6Iq455So5ZOB5omL6Iq46YGT5YW344Kv44Op44OV44OI55So5ZOB44Kv44Op44OV44OI6LOH5p2Q44Kv44Op44OV44OI44OR44O844OE44OB44Kn44Kz44Oc44K/44Oz44OJ44Kk44OE44Oc44K/44Oz44Ki44Kv44Oq44Or44OT44O844K644Km44OD44OJ44OT44O844K644Oh44K/44Or44OT44O844K644Ks44Op44K544OT44O844K644Ks44Op44K544Kr44Oc44K344On44Oz5pyo6KO944Oc44K/44Oz44Of44O844Or55q/VVbjg6zjgrjjg7PjgqLjg7Pjg4bjgqPjg7zjgq/jgq3jg7zjg6zjg4fjgqPjg7zjgrnjg5XjgqHjg4Pjgrfjg6fjg7PjgrnjgqTjg7zjg4Tjg4fjgrPjg57jg6vjgqvjg7PjgJDjg4fjgrPjg53jg4Pjgrjjg7vjgqrjg7zjg6vjg5Hjg7zjg5HjgrnjgJHvvIgzMG1s77yJJmxkcXVvO+OBl+OBo+OBi+OCiuiyvOOCiuOBn+OBhOOBqOOBjeOAgeWkluOBq+WHuuOBmeOCguOBruOBq+OBiuOBmeOBmeOCgSZyZHF1bzvmjqXnnYDjgajjgrPjg7zjg4bjgqPjg7PjgrDjga7jgafjgY3jgovpgLLljJbjgZfjgZ/jg4fjgrPjg5Hjg7zjgrjjg6XmtrLvvI/iiarjgobjgYbjg5HjgrHjg4Pjg4jkuI3lj6/iiavljbPntI3lk4HvvIE=,44Kz44O844OG44Kj44Oz44Kw5Ymk44CC44CQ44OH44Kz44Od44OD44K444O744Kq44O844Or44OR44O844OR44K544CR77yIMzBtbO+8iSZsZHF1bzvjgZfjgaPjgYvjgorosrzjgorjgZ/jgYTjgajjgY3jgIHlpJbjgavlh7rjgZnjgoLjga7jgavjgYrjgZnjgZnjgoEmcmRxdW875o6l552A44Go44Kz44O844OG44Kj44Oz44Kw44Gu44Gn44GN44KL6YCy5YyW44GX44Gf44OH44Kz44OR44O844K444Ol5ray77yP4omq44KG44GG44OR44Kx44OD44OI5LiN5Y+v4omr5Y2z57SN5ZOB77yB[rn]
11-22254,aHR0cDovL3RzaG9wLnIxMHMuanAvcmVpbmV0dGUvY2FiaW5ldC8wMzgyNDYxNy9pbWdyYzAwNjc0MTM2MzUuanBnP2ZpdGluPTcwMDo3MDA=,NjEyLjAwMDA=,,5pel55So5ZOB6ZuR6LKo44O75paH5oi/5YW344O75omL6Iq4ID4g5omL6Iq444O744Kv44Op44OV44OI44O755Sf5ZywID4g44Gd44Gu5LuW,44CQ44OH44Kz44Od44OD44K444O744Kq44O844Or44OR44O844OR44K544CR77yIMTAwbWzvvInigJzjgZfjgaPjgYvjgorosrzjgorjgZ/jgYTjgajjgY3jgIHlpJbjgavlh7rjgZnjgoLjga7jgavjgYrjgZnjgZnjgoHigJ3mjqXnnYDjgajjgrPjg7zjg4bjgqPjg7PjgrDjga7jgafjgY3jgovpgLLljJbjgZfjgZ/jg4fjgrPjg5Hjg7zjgrjjg6XmtrLvvI/iiarjgobjgYbjg5HjgrHjg4Pjg4jkuI3lj6/iiavljbPntI3lk4HvvIE=,,PGI+Q2hlY2sgUG9pbnQ8L2I+PGJyPgril4bjg4fjgrPjg5Hjg7zjgrjjg6XmtrLvvI8x5YCL77yP5paw5ZOBPGJyPiAK4peG5ZCI5oiQ5qi56ISC44CA44Ki44Kv44Oq44Or5qi56ISC77yP5pel5pys6KO9PGJyPgril4bmsLTmurbmgKfmjqXnnYDliaQ8YnI+Cjxicj4K44O75LiA6Iis55qE44Gq44Ki44Kv44K744K144Oq44O85omL6Iq46KO95L2c44Gu55So6YCU5Lul5aSW44Gr44Gv5L2/55So44GX44Gq44GE44Gn5LiL44GV44GEPGJyPgrjg7vlsI/lhZDjga7miYvjga7lsYrjgYvjgarjgYTmiYDjgavkv53nrqHjgZfjgabkuIvjgZXjgYQ8YnI+CuODu+miqOmAmuOBl+OBruiJr+OBhOaJgOOBp+OBlOS9v+eUqOS4i+OBleOBhDxicj4KPGJyPgrigLvoo4/pnaLjga7ms6jmhI/mm7jjgY3jgpLjgojjgY/oqq3jgpPjgafjgZTkvb/nlKjjgY/jgaDjgZXjgYQ8YnI+Cjxicj4K4peG5pys5L2T5Lul5aSW44Gv44Kk44Oh44O844K45YaZ55yf44Go44Gq44KK44G+44GZ44CCPGJyPgril4blrp/nianjgajnlLvlg4/jgafjga/lpJrlsJHoibLlkIjjgYTjgYznlbDjgarjgorjgb7jgZk8YnI+CuKXhuODpOODnuODiOS+v+ODu+ilv+a/g+S+v+OBhOOBmuOCjOOBi+OBrumFjemAgeWPr+iDvTxicj4KPGJyPgrvvIjjgobjgYbjg5HjgrHjg4Pjg4jjga/jgZTliKnnlKjjgafjgY3jgb7jgZvjgpPvvIk8YnI+Cjxicj4K5pys5L2T44K144Kk44K644CAMTAwbWzlhaXjgoo8YnI+Cjxicj4K44O744CM44Os44K444Oz44Kv44Op44OV44OI44CN5LiA6Kan44Gv44GT44Gh44KJPGJyPgo8YnI+CuODu+OAjOmHkeWFt+ODu+ODkeODvOODhOOAjeS4gOimp+OBr+OBk+OBoeOCiTxicj4K5omL6Iq444Os44ON44OD44OI,44CQ44OH44Kz44Od44OD44K444O744Kq44O844Or44OR44O844OR44K544CR77yIMTAwbWzvvIkmbGRxdW8744GX44Gj44GL44KK6LK844KK44Gf44GE44Go44GN44CB5aSW44Gr5Ye644GZ44KC44Gu44Gr44GK44GZ44GZ44KBJnJkcXVvO+aOpeedgOOBqOOCs+ODvOODhuOCo+ODs+OCsOOBruOBp+OBjeOCi+mAsuWMluOBl+OBn+ODh+OCs+ODkeODvOOCuOODpea2su+8j+KJquOChuOBhuODkeOCseODg+ODiOS4jeWPr+KJq+WNs+e0jeWTge+8ge+8muOCouODs+ODhuOCo+ODvOOCr+aJi+iKuOOAjOODrOODjeODg+ODiOOAjQ==,6YCa5L+h6LKp5aOy6YCa6LKp44K344On44OD44OU44Oz44Kw44Kq44Oz44Op44Kk44Oz44K344On44OD44OU44Oz44Kw6LK344GE54mp44OX44Os44K844Oz44OI44Ku44OV44OI6LSI44KK54mp6LSI562U5ZOB44GK5Lit5YWD44GK5q2z5pqu44GK6LK344GE5b6X44Oc44K/44Oz44OT44O844K644Kr44Oc44K344On44Oz44Oh44K/44Or44OR44O844OE44Ki44Kv44K744K144Oq44O844OR44O844OE6Iux5a2X5paw6IGe44OP44K144Of57O444K044Og5omL6Iq455So5ZOB5omL6Iq46YGT5YW344Kv44Op44OV44OI55So5ZOB44Kv44Op44OV44OI6LOH5p2Q44Kv44Op44OV44OI44OR44O844OE44OB44Kn44Kz44Oc44K/44Oz44OJ44Kk44OE44Oc44K/44Oz44Ki44Kv44Oq44Or44OT44O844K644Km44OD44OJ44OT44O844K644Oh44K/44Or44OT44O844K644Ks44Op44K544OT44O844K644Ks44Op44K544Kr44Oc44K344On44Oz5pyo6KO944Oc44K/44Oz44Of44O844Or55q/VVbjg6zjgrjjg7PjgqLjg7Pjg4bjgqPjg7zjgq/jgq3jg7zjg6zjg4fjgqPjg7zjgrnjg5XjgqHjg4Pjgrfjg6fjg7PjgrnjgqTjg7zjg4Tjg4fjgrPjg57jg6vjgqvjg7PjgJDjg4fjgrPjg53jg4Pjgrjjg7vjgqrjg7zjg6vjg5Hjg7zjg5HjgrnjgJHvvIgxMDBtbO+8iSZsZHF1bzvjgZfjgaPjgYvjgorosrzjgorjgZ/jgYTjgajjgY3jgIHlpJbjgavlh7rjgZnjgoLjga7jgavjgYrjgZnjgZnjgoEmcmRxdW875o6l552A44Go44Kz44O844OG44Kj44Oz44Kw44Gu44Gn44GN44KL6YCy5YyW44GX44Gf44OH44Kz44OR44O844K444Ol5ray77yP4omq44KG44GG44OR44Kx44OD44OI5LiN5Y+v4omr5Y2z57SN5ZOB77yB,44Kz44O844OG44Kj44Oz44Kw5Ymk44CC44CQ44OH44Kz44Od44OD44K444O744Kq44O844Or44OR44O844OR44K544CR77yIMTAwbWzvvIkmbGRxdW8744GX44Gj44GL44KK6LK844KK44Gf44GE44Go44GN44CB5aSW44Gr5Ye644GZ44KC44Gu44Gr44GK44GZ44GZ44KBJnJkcXVvO+aOpeedgOOBqOOCs+ODvOODhuOCo+ODs+OCsOOBruOBp+OBjeOCi+mAsuWMluOBl+OBn+ODh+OCs+ODkeODvOOCuOODpea2su+8j+KJquOChuOBhuODkeOCseODg+ODiOS4jeWPr+KJq+WNs+e0jeWTge+8gQ==[rn]
11-22255,aHR0cDovL3RzaG9wLnIxMHMuanAvcmVpbmV0dGUvY2FiaW5ldC8wMzgyNDYxNy9pbWdyYzAwNjc0MTM1NTIuanBnP2ZpdGluPTcwMDo3MDA=,MTQyNS42MDAw,,5pel55So5ZOB6ZuR6LKo44O75paH5oi/5YW344O75omL6Iq4ID4g5omL6Iq444O744Kv44Op44OV44OI44O755Sf5ZywID4g44Gd44Gu5LuW,44CQ44OH44Kz44Od44OD44K444O744Kq44O844Or44OR44O844OR44K544CR77yIMzAwbWzvvInigJzjgZfjgaPjgYvjgorosrzjgorjgZ/jgYTjgajjgY3jgIHlpJbjgavlh7rjgZnjgoLjga7jgavjgYrjgZnjgZnjgoHigJ3mjqXnnYDjgajjgrPjg7zjg4bjgqPjg7PjgrDjga7jgafjgY3jgovpgLLljJbjgZfjgZ/jg4fjgrPjg5Hjg7zjgrjjg6XmtrLvvI/iiarjgobjgYbjg5HjgrHjg4Pjg4jkuI3lj6/iiavljbPntI3lk4HvvIE=,,PGI+Q2hlY2sgUG9pbnQ8L2I+PGJyPgril4bjg4fjgrPjg5Hjg7zjgrjjg6XmtrLvvI8x5YCL77yP5paw5ZOBPGJyPiAK4peG5ZCI5oiQ5qi56ISC44CA44Ki44Kv44Oq44Or5qi56ISC77yP5pel5pys6KO9PGJyPgril4bmsLTmurbmgKfmjqXnnYDliaQ8YnI+Cjxicj4K44O75LiA6Iis55qE44Gq44Ki44Kv44K744K144Oq44O85omL6Iq46KO95L2c44Gu55So6YCU5Lul5aSW44Gr44Gv5L2/55So44GX44Gq44GE44Gn5LiL44GV44GEPGJyPgrjg7vlsI/lhZDjga7miYvjga7lsYrjgYvjgarjgYTmiYDjgavkv53nrqHjgZfjgabkuIvjgZXjgYQ8YnI+CuODu+miqOmAmuOBl+OBruiJr+OBhOaJgOOBp+OBlOS9v+eUqOS4i+OBleOBhDxicj4KPGJyPgrigLvoo4/pnaLjga7ms6jmhI/mm7jjgY3jgpLjgojjgY/oqq3jgpPjgafjgZTkvb/nlKjjgY/jgaDjgZXjgYQ8YnI+Cjxicj4K4peG5pys5L2T5Lul5aSW44Gv44Kk44Oh44O844K45YaZ55yf44Go44Gq44KK44G+44GZ44CCPGJyPgril4blrp/nianjgajnlLvlg4/jgafjga/lpJrlsJHoibLlkIjjgYTjgYznlbDjgarjgorjgb7jgZk8YnI+CuKXhuODpOODnuODiOS+v+ODu+ilv+a/g+S+v+OBhOOBmuOCjOOBi+OBrumFjemAgeWPr+iDvTxicj4KPGJyPgrvvIjjgobjgYbjg5HjgrHjg4Pjg4jjga/jgZTliKnnlKjjgafjgY3jgb7jgZvjgpPvvIk8YnI+Cjxicj4K5pys5L2T44K144Kk44K644CAMzAwbWzlhaXjgoo8YnI+Cjxicj4K44O744CM44Os44K444Oz44Kv44Op44OV44OI44CN5LiA6Kan44Gv44GT44Gh44KJPGJyPgo8YnI+CuODu+OAjOmHkeWFt+ODu+ODkeODvOODhOOAjeS4gOimp+OBr+OBk+OBoeOCiTxicj4K5omL6Iq444Os44ON44OD44OI,44CQ44OH44Kz44Od44OD44K444O744Kq44O844Or44OR44O844OR44K544CR77yIMzAwbWzvvIkmbGRxdW8744GX44Gj44GL44KK6LK844KK44Gf44GE44Go44GN44CB5aSW44Gr5Ye644GZ44KC44Gu44Gr44GK44GZ44GZ44KBJnJkcXVvO+aOpeedgOOBqOOCs+ODvOODhuOCo+ODs+OCsOOBruOBp+OBjeOCi+mAsuWMluOBl+OBn+ODh+OCs+ODkeODvOOCuOODpea2su+8j+KJquOChuOBhuODkeOCseODg+ODiOS4jeWPr+KJq+WNs+e0jeWTge+8ge+8muOCouODs+ODhuOCo+ODvOOCr+aJi+iKuOOAjOODrOODjeODg+ODiOOAjQ==,6YCa5L+h6LKp5aOy6YCa6LKp44K344On44OD44OU44Oz44Kw44Kq44Oz44Op44Kk44Oz44K344On44OD44OU44Oz44Kw6LK344GE54mp44OX44Os44K844Oz44OI44Ku44OV44OI6LSI44KK54mp6LSI562U5ZOB44GK5Lit5YWD44GK5q2z5pqu44GK6LK344GE5b6X44Oc44K/44Oz44OT44O844K644Kr44Oc44K344On44Oz44Oh44K/44Or44OR44O844OE44Ki44Kv44K744K144Oq44O844OR44O844OE6Iux5a2X5paw6IGe44OP44K144Of57O444K044Og5omL6Iq455So5ZOB5omL6Iq46YGT5YW344Kv44Op44OV44OI55So5ZOB44Kv44Op44OV44OI6LOH5p2Q44Kv44Op44OV44OI44OR44O844OE44OB44Kn44Kz44Oc44K/44Oz44OJ44Kk44OE44Oc44K/44Oz44Ki44Kv44Oq44Or44OT44O844K644Km44OD44OJ44OT44O844K644Oh44K/44Or44OT44O844K644Ks44Op44K544OT44O844K644Ks44Op44K544Kr44Oc44K344On44Oz5pyo6KO944Oc44K/44Oz44Of44O844Or55q/VVbjg6zjgrjjg7PjgqLjg7Pjg4bjgqPjg7zjgq/jgq3jg7zjg6zjg4fjgqPjg7zjgrnjg5XjgqHjg4Pjgrfjg6fjg7PjgrnjgqTjg7zjg4Tjg4fjgrPjg57jg6vjgqvjg7PjgJDjg4fjgrPjg53jg4Pjgrjjg7vjgqrjg7zjg6vjg5Hjg7zjg5HjgrnjgJHvvIgzMDBtbO+8iSZsZHF1bzvjgZfjgaPjgYvjgorosrzjgorjgZ/jgYTjgajjgY3jgIHlpJbjgavlh7rjgZnjgoLjga7jgavjgYrjgZnjgZnjgoEmcmRxdW875o6l552A44Go44Kz44O844OG44Kj44Oz44Kw44Gu44Gn44GN44KL6YCy5YyW44GX44Gf44OH44Kz44OR44O844K444Ol5ray77yP4omq44KG44GG44OR44Kx44OD44OI5LiN5Y+v4omr5Y2z57SN5ZOB77yB,44Kz44O844OG44Kj44Oz44Kw5Ymk44CC44CQ44OH44Kz44Od44OD44K444O744Kq44O844Or44OR44O844OR44K544CR77yIMzAwbWzvvIkmbGRxdW8744GX44Gj44GL44KK6LK844KK44Gf44GE44Go44GN44CB5aSW44Gr5Ye644GZ44KC44Gu44Gr44GK44GZ44GZ44KBJnJkcXVvO+aOpeedgOOBqOOCs+ODvOODhuOCo+ODs+OCsOOBruOBp+OBjeOCi+mAsuWMluOBl+OBn+ODh+OCs+ODkeODvOOCuOODpea2su+8j+KJquOChuOBhuODkeOCseODg+ODiOS4jeWPr+KJq+WNs+e0jeWTge+8gQ==[rn]
11-22256,aHR0cDovL3RzaG9wLnIxMHMuanAvcmVpbmV0dGUvY2FiaW5ldC8wMjYzMTQwNS9pbWc1ODQ0ODg5Ni5qcGc/Zml0aW49NzAwOjcwMA==,NDk2OC4wMDAw,,5pel55So5ZOB6ZuR6LKo44O75paH5oi/5YW344O75omL6Iq4ID4g5omL6Iq444O744Kv44Op44OV44OI44O755Sf5ZywID4g44Gd44Gu5LuW,44CQ44GK5Y+W44KK5a+E44Gb5ZWG5ZOB44CR5pyo6KO944OV44Os44O844Og6aGN77yI44GT44GS6Iy277yJ5Yi644GX44KF44GG5L2c5ZOB44Gq44Gp44KS57Sg5pW144Gr6aO+44KL44Kq44Oq44Og44OR44K56KO944Km44OD44OJ5p6g4pmq44Kk44Oz44OG44Oq44Ki44OH44Kj44K544OX44Os44Kk,,77yK44GT44Gu5ZWG5ZOB44Gv44Oh44O844Kr44O844G+44Gf44Gv5Luj55CG5bqX5Y+W44KK5a+E44Gb5ZWG5ZOB44Gn44GZ44CCPGJyPgrvvIrpgJrluLgy772eNOWWtualreaXpeOBp+W9k+W6l+OBrueZuumAgea6luWCmeOBjOaVtOOBhOOBvuOBmeOBjOOAgTxicj4K44GU5rOo5paH5pel5pmC44Gu44K/44Kk44Of44Oz44Kw44Gr44KI44Gj44Gm44Gv5ZWG5ZOB5Yiw552A44G+44Gn44GrPGJyPgo3772eMTDml6XliY3lvozmjpvjgYvjgovloLTlkIjjgYzjgZTjgZbjgYTjgb7jgZnjgII8YnI+CuKAu+S4gOW6puOBiuWPluOCiuWvhOOBm+azqOaWh+OBleOCjOOBn+WgtOWQiOODoeODvOOCq+ODvOOBq+eZuuazqOOBmeOCi+eCujxicj4K44CM44GU5rOo5paH44Kt44Oj44Oz44K744Or44CN44Gv44Gn44GN44G+44Gb44KT44Gu44Gn44GU5LqG5om/5LiL44GV44GE44G+44GbPGJyPgrvvIjjg6Hjg7zjgqvjg7zjgavlnKjluqvjgYzjgarjgYTloLTlkIjjgoTlu4PnlarjgavjgarjgaPjgZ/llYblk4Hjga88YnI+CuOAjOOBlOazqOaWh+OCreODo+ODs+OCu+ODq+OAjeOBqOOBquOCiuOBvuOBme+8iTxicj4K77yK6YWN6YGU5pel5pmC44Gu44GU5oyH5a6a44Gv44Gn44GN44G+44Gb44KTPGJyPgrvvIjjgYrmgKXjgY7jga7jgZTms6jmlofjgavjga/lr77lv5zjgafjgY3jgarjgYTloLTlkIjjgYzjgZTjgZbjgYTjgb7jgZnvvIk8YnI+Cu+8iuOBlOS4gOe3kuOBq+OBlOazqOaWh+mgguOBjeOBvuOBl+OBn+WVhuWTgeOCguWQjOaiseS4gOaLrOeZuumAgeOBqOOBquOCiuOBvuOBmTxicj4K77yI5YiG5Ymy55m66YCB44GV44KM44KL5aC05ZCI44Gv5Yil6YCU6YCB5paZ44GM5o6b44GL44KK44G+44GZ77yJPGJyPgo8YnI+Cjxicj4K4peG44OV44Os44O844Og6aGN77yPMeWAizxicj4K4peG5pyo6KO944CB44Ks44Op44K544CB44Gy44KC5LuYPGJyPgril4boo73pgKDlhYPvvJrjgqrjg6rjg6Djg5Hjgrnoo73ntbLmoKrlvI/kvJrnpL48YnI+CuKXhuWun+eJqeOBqOeUu+WDj+OBp+OBr+WkmuWwkeiJsuWQiOOBhOOBjOeVsOOBquOCiuOBvuOBmTxicj4K4peG5a6F5oCl5L6/55m66YCB44Gu44G/5a++5b+c5Y+v6IO9PGJyPgo8YnI+CuKAu+OBk+OBoeOCieOBruWVhuWTgeOBr+ODoeODvOODq+S+v+ODu+WumuW9ouWklumDteS+v+OBr+OBlOWIqeeUqOOBp+OBjeOBvuOBm+OCkzxicj4KPGJyPgo8YnI+CuOCteOCpOOCuu+8iOe0hO+8ieOAgOWkluW+hO+8mjM3LjTvvYPvvY3vvZgzMi45772D772NPGJyPgrjgIDjgIDjgIDjgIDjgIDjgIDjgIDlhoXlvoTvvJozMu+9g++9je+9mDI3LjXvvYPvvY08YnI+CuOAgOOAgOOAgOOAgOOAgOOAgOOAgDxicj4=,44CQ44GK5Y+W44KK5a+E44Gb5ZWG5ZOB44CR5pyo6KO944OV44Os44O844Og6aGN77yI44GT44GS6Iy277yJ5Yi644GX44KF44GG5L2c5ZOB44Gq44Gp44KS57Sg5pW144Gr6aO+44KL44Kq44Oq44Og44OR44K56KO944Km44OD44OJ5p6g4pmq44Kk44Oz44OG44Oq44Ki44OH44Kj44K544OX44Os44Kk77ya44Ki44Oz44OG44Kj44O844Kv5omL6Iq444CM44Os44ON44OD44OI44CN,6YCa5L+h6LKp5aOy6YCa6LKp44K344On44OD44OU44Oz44Kw44Kq44Oz44Op44Kk44Oz44K344On44OD44OU44Oz44Kw6LK344GE54mp44OX44Os44K844Oz44OI44Ku44OV44OI6LSI44KK54mp6LSI562U5ZOB44GK5Lit5YWD44GK5q2z5pqu44GK6LK344GE5b6X44Oc44K/44Oz44OT44O844K644Kr44Oc44K344On44Oz44Oh44K/44Or44OR44O844OE44Ki44Kv44K744K144Oq44O844OR44O844OE6Iux5a2X5paw6IGe44OP44K144Of57O444K044Og5omL6Iq455So5ZOB5omL6Iq46YGT5YW344Kv44Op44OV44OI55So5ZOB44Kv44Op44OV44OI6LOH5p2Q44Kv44Op44OV44OI44OR44O844OE44OB44Kn44Kz44Oc44K/44Oz44OJ44Kk44OE44Oc44K/44Oz44Ki44Kv44Oq44Or44OT44O844K644Km44OD44OJ44OT44O844K644Oh44K/44Or44OT44O844K644Ks44Op44K544OT44O844K644Ks44Op44K544Kr44Oc44K344On44Oz5pyo6KO944Oc44K/44Oz44Of44O844Or55q/VVbjg6zjgrjjg7PjgqLjg7Pjg4bjgqPjg7zjgq/jgq3jg7zjg6zjg4fjgqPjg7zjgrnjg5XjgqHjg4Pjgrfjg6fjg7PjgrnjgqTjg7zjg4Tjg4fjgrPjg57jg6vjgqvjg7PjgJDjgYrlj5bjgorlr4TjgZvllYblk4HjgJHmnKjoo73jg5Xjg6zjg7zjg6DpoY3vvIjjgZPjgZLojLbvvInliLrjgZfjgoXjgYbkvZzlk4HjgarjganjgpLntKDmlbXjgavpo77jgovjgqrjg6rjg6Djg5Hjgrnoo73jgqbjg4Pjg4nmnqDimarjgqTjg7Pjg4bjg6rjgqLjg4fjgqPjgrnjg5fjg6zjgqQ=,44CQ44GK5Y+W44KK5a+E44Gb5ZWG5ZOB44CR5pyo6KO944OV44Os44O844Og6aGN77yI44GT44GS6Iy277yJ5Yi644GX44KF44GG5L2c5ZOB44Gq44Gp44KS57Sg5pW144Gr6aO+44KL44Kq44Oq44Og44OR44K56KO944Km44OD44OJ5p6g4pmq44Kk44Oz44OG44Oq44Ki44OH44Kj44K544OX44Os44Kk[rn]
11-22257,aHR0cDovL3RzaG9wLnIxMHMuanAvcmVpbmV0dGUvY2FiaW5ldC8wMjYzMTQwNS9pbWc1ODQ0ODk0My5qcGc/Zml0aW49NzAwOjcwMA==,MTYwMC4wMDAw,,5pel55So5ZOB6ZuR6LKo44O75paH5oi/5YW344O75omL6Iq4ID4g5omL6Iq444O744Kv44Op44OV44OI44O755Sf5ZywID4g44Gd44Gu5LuW,44CQ6KW/5r+D5L6/44Gu44G/44CR44CQ44GK5Y+W44KK5a+E44Gb5ZWG5ZOB44CR5pyo6KO944OV44Os44O844Og6aGN77yI55m95pyo77yJ5Yi644GX44KF44GG5L2c5ZOB44Gq44Gp44KS57Sg5pW144Gr6aO+44KL44Kq44Oq44Og44OR44K56KO9T0xZTVBVU+OCpuODg+ODieaeoOKZquOCpOODs+ODhuODquOCouODh+OCo+OCueODl+ODrOOCpA==,,77yK44GT44Gu5ZWG5ZOB44Gv44Oh44O844Kr44O844G+44Gf44Gv5Luj55CG5bqX5Y+W44KK5a+E44Gb5ZWG5ZOB44Gn44GZ44CCPGJyPgrvvIrpgJrluLgy772eNOWWtualreaXpeOBp+W9k+W6l+OBrueZuumAgea6luWCmeOBjOaVtOOBhOOBvuOBmeOBjOOAgTxicj4K44GU5rOo5paH5pel5pmC44Gu44K/44Kk44Of44Oz44Kw44Gr44KI44Gj44Gm44Gv5ZWG5ZOB5Yiw552A44G+44Gn44GrPGJyPgo3772eMTDml6XliY3lvozmjpvjgYvjgovloLTlkIjjgYzjgZTjgZbjgYTjgb7jgZnjgII8YnI+CuKAu+S4gOW6puOBiuWPluOCiuWvhOOBm+azqOaWh+OBleOCjOOBn+WgtOWQiOODoeODvOOCq+ODvOOBq+eZuuazqOOBmeOCi+eCujxicj4K44CM44GU5rOo5paH44Kt44Oj44Oz44K744Or44CN44Gv44Gn44GN44G+44Gb44KT44Gu44Gn44GU5LqG5om/5LiL44GV44GE44G+44GbPGJyPgrvvIjjg6Hjg7zjgqvjg7zjgavlnKjluqvjgYzjgarjgYTloLTlkIjjgoTlu4PnlarjgavjgarjgaPjgZ/llYblk4Hjga88YnI+CuOAjOOBlOazqOaWh+OCreODo+ODs+OCu+ODq+OAjeOBqOOBquOCiuOBvuOBme+8iTxicj4K77yK6YWN6YGU5pel5pmC44Gu44GU5oyH5a6a44Gv44Gn44GN44G+44Gb44KTPGJyPgrvvIjjgYrmgKXjgY7jga7jgZTms6jmlofjgavjga/lr77lv5zjgafjgY3jgarjgYTloLTlkIjjgYzjgZTjgZbjgYTjgb7jgZnvvIk8YnI+Cu+8iuOBlOS4gOe3kuOBq+OBlOazqOaWh+mgguOBjeOBvuOBl+OBn+WVhuWTgeOCguWQjOaiseS4gOaLrOeZuumAgeOBqOOBquOCiuOBvuOBmTxicj4K77yI5YiG5Ymy55m66YCB44GV44KM44KL5aC05ZCI44Gv5Yil6YCU6YCB5paZ44GM5o6b44GL44KK44G+44GZ77yJPGJyPgo8YnI+Cjxicj4K4peG44OV44Os44O844Og6aGN77yPMeWAizxicj4K4peG5pyo6KO944CB44Oe44OD44OI57SZ44CB44Gy44KC5LuYPGJyPgril4boo73pgKDlhYPvvJrjgqrjg6rjg6Djg5Hjgrnoo73ntbLmoKrlvI/kvJrnpL48YnI+CuKXhuWun+eJqeOBqOeUu+WDj+OBp+OBr+WkmuWwkeiJsuWQiOOBhOOBjOeVsOOBquOCiuOBvuOBmTxicj4K4peG44CM6KW/5r+D6YGL6Ly444Kr44Oz44Ks44Or44O85L6/44CN44Gu44G/5a++5b+c5Y+v6IO9PGJyPgo8YnI+CuKAu+OBk+OBoeOCieOBruWVhuWTgeOBr+ODoeODvOODq+S+v+ODu+WumuW9ouWklumDteS+v+OBr+OBlOWIqeeUqOOBp+OBjeOBvuOBm+OCkzxicj4KPGJyPgo8YnI+CuOCteOCpOOCuu+8iOe0hO+8ieOAgOWkluW+hO+8mjI4LjPvvYPvvY3vvZgyMy4y772D772NPGJyPgrjgIDjgIDjgIDjgIDjgIDjgIDjgIDlhoXlvoTvvJoyMi45772D772N772YMTcuOO+9g++9jTxicj4K44CA44CA44CA44CA44CA44CA44CA44Oe44OD44OI57SZ5YaF5b6E77yaMTjvvYPvvY3vvZgxM++9g++9jTxicj4=,44CQ6KW/5r+D5L6/44Gu44G/44CR44CQ44GK5Y+W44KK5a+E44Gb5ZWG5ZOB44CR5pyo6KO944OV44Os44O844Og6aGN77yI55m95pyo77yJ5Yi644GX44KF44GG5L2c5ZOB44Gq44Gp44KS57Sg5pW144Gr6aO+44KL44Kq44Oq44Og44OR44K56KO9T0xZTVBVU+OCpuODg+ODieaeoOKZquOCpOODs+ODhuODquOCouODh+OCo+OCueODl+ODrOOCpO+8muOCouODs+ODhuOCo+ODvOOCr+aJi+iKuOOAjOODrOODjeODg+ODiOOAjQ==,6YCa5L+h6LKp5aOy6YCa6LKp44K344On44OD44OU44Oz44Kw44Kq44Oz44Op44Kk44Oz44K344On44OD44OU44Oz44Kw6LK344GE54mp44OX44Os44K844Oz44OI44Ku44OV44OI6LSI44KK54mp6LSI562U5ZOB44GK5Lit5YWD44GK5q2z5pqu44GK6LK344GE5b6X44Oc44K/44Oz44OT44O844K644Kr44Oc44K344On44Oz44Oh44K/44Or44OR44O844OE44Ki44Kv44K744K144Oq44O844OR44O844OE6Iux5a2X5paw6IGe44OP44K144Of57O444K044Og5omL6Iq455So5ZOB5omL6Iq46YGT5YW344Kv44Op44OV44OI55So5ZOB44Kv44Op44OV44OI6LOH5p2Q44Kv44Op44OV44OI44OR44O844OE44OB44Kn44Kz44Oc44K/44Oz44OJ44Kk44OE44Oc44K/44Oz44Ki44Kv44Oq44Or44OT44O844K644Km44OD44OJ44OT44O844K644Oh44K/44Or44OT44O844K644Ks44Op44K544OT44O844K644Ks44Op44K544Kr44Oc44K344On44Oz5pyo6KO944Oc44K/44Oz44Of44O844Or55q/VVbjg6zjgrjjg7PjgqLjg7Pjg4bjgqPjg7zjgq/jgq3jg7zjg6zjg4fjgqPjg7zjgrnjg5XjgqHjg4Pjgrfjg6fjg7PjgrnjgqTjg7zjg4Tjg4fjgrPjg57jg6vjgqvjg7PjgJDopb/mv4Pkvr/jga7jgb/jgJHjgJDjgYrlj5bjgorlr4TjgZvllYblk4HjgJHmnKjoo73jg5Xjg6zjg7zjg6DpoY3vvIjnmb3mnKjvvInliLrjgZfjgoXjgYbkvZzlk4HjgarjganjgpLntKDmlbXjgavpo77jgovjgqrjg6rjg6Djg5Hjgrnoo71PTFlNUFVT44Km44OD44OJ5p6g4pmq44Kk44Oz44OG44Oq44Ki44OH44Kj44K544OX44Os44Kk,44CQ6KW/5r+D5L6/44Gu44G/44CR44CQ44GK5Y+W44KK5a+E44Gb5ZWG5ZOB44CR5pyo6KO944OV44Os44O844Og6aGN77yI55m95pyo77yJ5Yi644GX44KF44GG5L2c5ZOB44Gq44Gp44KS57Sg5pW144Gr6aO+44KL44Kq44Oq44Og44OR44K56KO9T0xZTVBVU+OCpuODg+ODieaeoOKZquOCpOODs+ODhuODquOCouODh+OCo+OCueODl+ODrOOCpA==[rn]
11-22258,aHR0cDovL3RzaG9wLnIxMHMuanAvcmVpbmV0dGUvY2FiaW5ldC8wMjYzMTQwNS9pbWc1ODY0NTI1Mi5qcGc/Zml0aW49NzAwOjcwMA==,MjgwMC4wMDAw,,5pel55So5ZOB6ZuR6LKo44O75paH5oi/5YW344O75omL6Iq4ID4g5omL6Iq444O744Kv44Op44OV44OI44O755Sf5ZywID4g44Gd44Gu5LuW,44CQ44GK5Y+W44KK5a+E44Gb5ZWG5ZOB44CR5pyo6KO944OV44Os44O844Og6aGN77yI44Ob44Ov44Kk44OI77yJ5Yi657mN5L2c5ZOB44Gq44Gp44KS57Sg5pW144Gr6aO+44KL44Kq44Oq44Og44OR44K56KO944Km44OD44OJ5p6g4pmq44Kk44Oz44OG44Oq44Ki44OH44Kj44K544OX44Os44Kk,,77yK44GT44Gu5ZWG5ZOB44Gv44Oh44O844Kr44O844G+44Gf44Gv5Luj55CG5bqX5Y+W44KK5a+E44Gb5ZWG5ZOB44Gn44GZ44CCPGJyPgrvvIrpgJrluLgy772eNOWWtualreaXpeOBp+W9k+W6l+OBrueZuumAgea6luWCmeOBjOaVtOOBhOOBvuOBmeOBjOOAgTxicj4K44GU5rOo5paH5pel5pmC44Gu44K/44Kk44Of44Oz44Kw44Gr44KI44Gj44Gm44Gv5ZWG5ZOB5Yiw552A44G+44Gn44GrPGJyPgo3772eMTDml6XliY3lvozmjpvjgYvjgovloLTlkIjjgYzjgZTjgZbjgYTjgb7jgZnjgII8YnI+CuKAu+S4gOW6puOBiuWPluOCiuWvhOOBm+azqOaWh+OBleOCjOOBn+WgtOWQiOODoeODvOOCq+ODvOOBq+eZuuazqOOBmeOCi+eCujxicj4K44CM44GU5rOo5paH44Kt44Oj44Oz44K744Or44CN44Gv44Gn44GN44G+44Gb44KT44Gu44Gn44GU5LqG5om/5LiL44GV44GE44G+44GbPGJyPgrvvIjjg6Hjg7zjgqvjg7zjgavlnKjluqvjgYzjgarjgYTloLTlkIjjgoTlu4PnlarjgavjgarjgaPjgZ/llYblk4Hjga88YnI+CuOAjOOBlOazqOaWh+OCreODo+ODs+OCu+ODq+OAjeOBqOOBquOCiuOBvuOBme+8iTxicj4K77yK6YWN6YGU5pel5pmC44Gu44GU5oyH5a6a44Gv44Gn44GN44G+44Gb44KTPGJyPgrvvIjjgYrmgKXjgY7jga7jgZTms6jmlofjgavjga/lr77lv5zjgafjgY3jgarjgYTloLTlkIjjgYzjgZTjgZbjgYTjgb7jgZnvvIk8YnI+Cu+8iuOBlOS4gOe3kuOBq+OBlOazqOaWh+mgguOBjeOBvuOBl+OBn+WVhuWTgeOCguWQjOaiseS4gOaLrOeZuumAgeOBqOOBquOCiuOBvuOBmTxicj4K77yI5YiG5Ymy55m66YCB44GV44KM44KL5aC05ZCI44Gv5Yil6YCU6YCB5paZ44GM5o6b44GL44KK44G+44GZ77yJPGJyPgo8YnI+Cjxicj4K4peG44OV44Os44O844Og6aGN77yPMeWAizxicj4K4peG5pyo6KO944CB6YCP5piO44Oa44OD44OI5p2/44CB44Oe44OD44OI57SZ44CB44Gy44KC5LuYPGJyPgril4boo73pgKDlhYPvvJrjgqrjg6rjg6Djg5Hjgrnoo73ntbLmoKrlvI/kvJrnpL48YnI+CuKXhuWun+eJqeOBqOeUu+WDj+OBp+OBr+WkmuWwkeiJsuWQiOOBhOOBjOeVsOOBquOCiuOBvuOBmTxicj4K4peG5a6F5oCl5L6/55m66YCB44Gu44G/5a++5b+c5Y+v6IO9PGJyPgo8YnI+CuKAu+OBk+OBoeOCieOBruWVhuWTgeOBr+ODoeODvOODq+S+v+ODu+WumuW9ouWklumDteS+v+OBr+OBlOWIqeeUqOOBp+OBjeOBvuOBm+OCkzxicj4KPGJyPgo8YnI+CuOCteOCpOOCuu+8iOe0hO+8ieOAgOWkluW+hO+8mue0hDMy772D772N772YMjUuOe+9g++9jeOAgeWGheW+hO+8mue0hDI5LjXvvYPvvY3vvZgyMy40772D772NPGJyPgrjgIDjgIDjgIDjgIDjgIDjgIDjgIDjg57jg4Pjg4jntJnlhoXlvoTvvJrntIQyNe+9g++9je+9mDE5772D772NCjxicj4=,44CQ44GK5Y+W44KK5a+E44Gb5ZWG5ZOB44CR5pyo6KO944OV44Os44O844Og6aGN77yI44Ob44Ov44Kk44OI77yJ5Yi657mN5L2c5ZOB44Gq44Gp44KS57Sg5pW144Gr6aO+44KL44Kq44Oq44Og44OR44K56KO944Km44OD44OJ5p6g4pmq44Kk44Oz44OG44Oq44Ki44OH44Kj44K544OX44Os44Kk77ya44Ki44Oz44OG44Kj44O844Kv5omL6Iq444CM44Os44ON44OD44OI44CN,6YCa5L+h6LKp5aOy6YCa6LKp44K344On44OD44OU44Oz44Kw44Kq44Oz44Op44Kk44Oz44K344On44OD44OU44Oz44Kw6LK344GE54mp44OX44Os44K844Oz44OI44Ku44OV44OI6LSI44KK54mp6LSI562U5ZOB44GK5Lit5YWD44GK5q2z5pqu44GK6LK344GE5b6X44Oc44K/44Oz44OT44O844K644Kr44Oc44K344On44Oz44Oh44K/44Or44OR44O844OE44Ki44Kv44K744K144Oq44O844OR44O844OE6Iux5a2X5paw6IGe44OP44K144Of57O444K044Og5omL6Iq455So5ZOB5omL6Iq46YGT5YW344Kv44Op44OV44OI55So5ZOB44Kv44Op44OV44OI6LOH5p2Q44Kv44Op44OV44OI44OR44O844OE44OB44Kn44Kz44Oc44K/44Oz44OJ44Kk44OE44Oc44K/44Oz44Ki44Kv44Oq44Or44OT44O844K644Km44OD44OJ44OT44O844K644Oh44K/44Or44OT44O844K644Ks44Op44K544OT44O844K644Ks44Op44K544Kr44Oc44K344On44Oz5pyo6KO944Oc44K/44Oz44Of44O844Or55q/VVbjg6zjgrjjg7PjgqLjg7Pjg4bjgqPjg7zjgq/jgq3jg7zjg6zjg4fjgqPjg7zjgrnjg5XjgqHjg4Pjgrfjg6fjg7PjgrnjgqTjg7zjg4Tjg4fjgrPjg57jg6vjgqvjg7PjgJDjgYrlj5bjgorlr4TjgZvllYblk4HjgJHmnKjoo73jg5Xjg6zjg7zjg6DpoY3vvIjjg5vjg6/jgqTjg4jvvInliLrnuY3kvZzlk4HjgarjganjgpLntKDmlbXjgavpo77jgovjgqrjg6rjg6Djg5Hjgrnoo73jgqbjg4Pjg4nmnqDimarjgqTjg7Pjg4bjg6rjgqLjg4fjgqPjgrnjg5fjg6zjgqQ=,44CQ44GK5Y+W44KK5a+E44Gb5ZWG5ZOB44CR5pyo6KO944OV44Os44O844Og6aGN77yI44Ob44Ov44Kk44OI77yJ5Yi657mN5L2c5ZOB44Gq44Gp44KS57Sg5pW144Gr6aO+44KL44Kq44Oq44Og44OR44K56KO944Km44OD44OJ5p6g4pmq44Kk44Oz44OG44Oq44Ki44OH44Kj44K544OX44Os44Kk[rn]
11-22259,aHR0cDovL3RzaG9wLnIxMHMuanAvcmVpbmV0dGUvY2FiaW5ldC8wMjYzMTQwNS9pbWc1ODQ5ODQ0OS5qcGc/Zml0aW49NzAwOjcwMA==,MjIwNC4wMDAw,,5pel55So5ZOB6ZuR6LKo44O75paH5oi/5YW344O75omL6Iq4ID4g5omL6Iq444O744Kv44Op44OV44OI44O755Sf5ZywID4g44Gd44Gu5LuW,44CQ44GK5Y+W44KK5a+E44Gb5ZWG5ZOB44CR5pyo6KO944OV44Os44O844Og6aGN77yI44Ob44Ov44Kk44OI77yJ5Yi657mN5L2c5ZOB44Gq44Gp44KS57Sg5pW144Gr6aO+44KL44Kq44Oq44Og44OR44K56KO944Km44OD44OJ5p6g4pmq44Kk44Oz44OG44Oq44Ki44OH44Kj44K544OX44Os44Kk,,77yK44GT44Gu5ZWG5ZOB44Gv44Oh44O844Kr44O844G+44Gf44Gv5Luj55CG5bqX5Y+W44KK5a+E44Gb5ZWG5ZOB44Gn44GZ44CCPGJyPgrvvIrpgJrluLgy772eNOWWtualreaXpeOBp+W9k+W6l+OBrueZuumAgea6luWCmeOBjOaVtOOBhOOBvuOBmeOBjOOAgTxicj4K44GU5rOo5paH5pel5pmC44Gu44K/44Kk44Of44Oz44Kw44Gr44KI44Gj44Gm44Gv5ZWG5ZOB5Yiw552A44G+44Gn44GrPGJyPgo3772eMTDml6XliY3lvozmjpvjgYvjgovloLTlkIjjgYzjgZTjgZbjgYTjgb7jgZnjgII8YnI+CuKAu+S4gOW6puOBiuWPluOCiuWvhOOBm+azqOaWh+OBleOCjOOBn+WgtOWQiOODoeODvOOCq+ODvOOBq+eZuuazqOOBmeOCi+eCujxicj4K44CM44GU5rOo5paH44Kt44Oj44Oz44K744Or44CN44Gv44Gn44GN44G+44Gb44KT44Gu44Gn44GU5LqG5om/5LiL44GV44GE44G+44GbPGJyPgrvvIjjg6Hjg7zjgqvjg7zjgavlnKjluqvjgYzjgarjgYTloLTlkIjjgoTlu4PnlarjgavjgarjgaPjgZ/llYblk4Hjga88YnI+CuOAjOOBlOazqOaWh+OCreODo+ODs+OCu+ODq+OAjeOBqOOBquOCiuOBvuOBme+8iTxicj4K77yK6YWN6YGU5pel5pmC44Gu44GU5oyH5a6a44Gv44Gn44GN44G+44Gb44KTPGJyPgrvvIjjgYrmgKXjgY7jga7jgZTms6jmlofjgavjga/lr77lv5zjgafjgY3jgarjgYTloLTlkIjjgYzjgZTjgZbjgYTjgb7jgZnvvIk8YnI+Cu+8iuOBlOS4gOe3kuOBq+OBlOazqOaWh+mgguOBjeOBvuOBl+OBn+WVhuWTgeOCguWQjOaiseS4gOaLrOeZuumAgeOBqOOBquOCiuOBvuOBmTxicj4K77yI5YiG5Ymy55m66YCB44GV44KM44KL5aC05ZCI44Gv5Yil6YCU6YCB5paZ44GM5o6b44GL44KK44G+44GZ77yJPGJyPgo8YnI+Cjxicj4K4peG44OV44Os44O844Og6aGN77yPMeWAizxicj4K4peG5pyo6KO944CB6YCP5piO44Oa44OD44OI5p2/44CB44Gy44KC5LuYPGJyPgril4ZXLTQxLDQy44Gv6Imy6YGV44GE44Gn44GZ44CCPGJyPgril4boo73pgKDlhYPvvJrjgqrjg6rjg6Djg5Hjgrnoo73ntbLmoKrlvI/kvJrnpL48YnI+CuKXhuWun+eJqeOBqOeUu+WDj+OBp+OBr+WkmuWwkeiJsuWQiOOBhOOBjOeVsOOBquOCiuOBvuOBmTxicj4K4peG5a6F5oCl5L6/55m66YCB44Gu44G/5a++5b+c5Y+v6IO9PGJyPgo8YnI+CuKAu+OBk+OBoeOCieOBruWVhuWTgeOBr+ODoeODvOODq+S+v+ODu+WumuW9ouWklumDteS+v+OBr+OBlOWIqeeUqOOBp+OBjeOBvuOBm+OCkzxicj4KPGJyPgo8YnI+CuOCteOCpOOCuu+8iOe0hO+8ieOAgOWkluW+hO+8mjQxLjjvvYPvvY3vvZgzNS4x772D772NPGJyPgrjgIDjgIDjgIDjgIDjgIDjgIDjgIDlhoXlvoTvvJozNi40772D772N772YMjkuN++9g++9jTxicj4=,44CQ44GK5Y+W44KK5a+E44Gb5ZWG5ZOB44CR5pyo6KO944OV44Os44O844Og6aGN77yI44Ob44Ov44Kk44OI77yJ5Yi657mN5L2c5ZOB44Gq44Gp44KS57Sg5pW144Gr6aO+44KL44Kq44Oq44Og44OR44K56KO944Km44OD44OJ5p6g4pmq44Kk44Oz44OG44Oq44Ki44OH44Kj44K544OX44Os44Kk77ya44Ki44Oz44OG44Kj44O844Kv5omL6Iq444CM44Os44ON44OD44OI44CN,6YCa5L+h6LKp5aOy6YCa6LKp44K344On44OD44OU44Oz44Kw44Kq44Oz44Op44Kk44Oz44K344On44OD44OU44Oz44Kw6LK344GE54mp44OX44Os44K844Oz44OI44Ku44OV44OI6LSI44KK54mp6LSI562U5ZOB44GK5Lit5YWD44GK5q2z5pqu44GK6LK344GE5b6X44Oc44K/44Oz44OT44O844K644Kr44Oc44K344On44Oz44Oh44K/44Or44OR44O844OE44Ki44Kv44K744K144Oq44O844OR44O844OE6Iux5a2X5paw6IGe44OP44K144Of57O444K044Og5omL6Iq455So5ZOB5omL6Iq46YGT5YW344Kv44Op44OV44OI55So5ZOB44Kv44Op44OV44OI6LOH5p2Q44Kv44Op44OV44OI44OR44O844OE44OB44Kn44Kz44Oc44K/44Oz44OJ44Kk44OE44Oc44K/44Oz44Ki44Kv44Oq44Or44OT44O844K644Km44OD44OJ44OT44O844K644Oh44K/44Or44OT44O844K644Ks44Op44K544OT44O844K644Ks44Op44K544Kr44Oc44K344On44Oz5pyo6KO944Oc44K/44Oz44Of44O844Or55q/VVbjg6zjgrjjg7PjgqLjg7Pjg4bjgqPjg7zjgq/jgq3jg7zjg6zjg4fjgqPjg7zjgrnjg5XjgqHjg4Pjgrfjg6fjg7PjgrnjgqTjg7zjg4Tjg4fjgrPjg57jg6vjgqvjg7PjgJDjgYrlj5bjgorlr4TjgZvllYblk4HjgJHmnKjoo73jg5Xjg6zjg7zjg6DpoY3vvIjjg5vjg6/jgqTjg4jvvInliLrnuY3kvZzlk4HjgarjganjgpLntKDmlbXjgavpo77jgovjgqrjg6rjg6Djg5Hjgrnoo73jgqbjg4Pjg4nmnqDimarjgqTjg7Pjg4bjg6rjgqLjg4fjgqPjgrnjg5fjg6zjgqQ=,44CQ44GK5Y+W44KK5a+E44Gb5ZWG5ZOB44CR5pyo6KO944OV44Os44O844Og6aGN77yI44Ob44Ov44Kk44OI77yJ5Yi657mN5L2c5ZOB44Gq44Gp44KS57Sg5pW144Gr6aO+44KL44Kq44Oq44Og44OR44K56KO944Km44OD44OJ5p6g4pmq44Kk44Oz44OG44Oq44Ki44OH44Kj44K544OX44Os44Kk[rn]
11-22260,aHR0cDovL3RzaG9wLnIxMHMuanAvcmVpbmV0dGUvY2FiaW5ldC8wNTQ3ODYyOC9pbWdyYzAwNjg1NjYzNDcuanBnP2ZpdGluPTcwMDo3MDA=,MTAwOTYuMDAwMA==,,5pel55So5ZOB6ZuR6LKo44O75paH5oi/5YW344O75omL6Iq4ID4g5omL6Iq444O744Kv44Op44OV44OI44O755Sf5ZywID4g44Gd44Gu5LuW,4peP5Y+W5a+E5ZOB4pePW1VW44Os44K444Oz5bCO5YWl44K744OD44OIXeOAkOODr+ODvOOCr+OCt+ODp+ODg+ODl+OAkVVW44Os44K444Oz44Kv44Op44OV44OI44Kt44OD44OIIOOAkOmAgeaWmeeEoeaWmeOAkQ==,,44O744GT44Gu5ZWG5ZOB44Gv5Zu95YaF44Oh44O844Kr44O85Y+W44KK5a+E44Gb5ZWG5ZOB44Gn44GZPGJyPgrvvIjjgZTms6jmlofjgpLpoILjgYTjgabjgYvjgonjg6Hjg7zjgqvjg7zjgavlnKjluqvnorroqo3ihpLnmbrms6jihpLlhaXojbfoh7TjgZfjgb7jgZnvvIk8YnI+CuODu+eZuumAgea6luWCmeOBqzEw5pel56iL77yI55uu5a6J77yJ5o6b44GL44KK44G+44GZPGJyPgrjg7vjg6Hjg7zjgqvjg7zjga7lnKjluqvjgYzluLjjgavlpInli5XjgZfjgabjgYrjgorjgb7jgZnjga7jgafjgZTms6jmloflvozjgafjgoLlnKjluqvjgYznorrkv53jgafjgY3jgarjgYTloLTlkIjjgYzjgZTjgZbjgYTjgb7jgZk8YnI+CuODu+S4gOW6puOBiuWPluOCiuWvhOOBm+azqOaWh+OBleOCjOOBn+WgtOWQiOODoeODvOOCq+ODvOOBq+ebtOeZuuazqOOBmeOCi+eCuuOAjOOBlOazqOaWh+OCreODo+ODs+OCu+ODq+OAjeOBr+OBp+OBjeOBvuOBm+OCk+OBruOBp+OBlOS6huaJv+S4i+OBleOBhOOBvuOBmzxicj4K44O744Oh44O844Kr44O844Gr5Zyo5bqr44GM44Gq44GE5aC05ZCI44KE5a6M5aOy44Gr44Gq44Gj44Gf5ZWG5ZOB44Gv55Sz44GX6Kiz44GU44GW44GE44G+44Gb44KT44GM44CM44GU5rOo5paH44Kt44Oj44Oz44K744Or44CN44Go44Gq44KK44G+44GZPGJyPgrjg7vphY3pgZTml6XmmYLjga7jgZTmjIflrprjga/jgafjgY3jgb7jgZvjgpM8YnI+Cu+8iOOBiuaApeOBjuOBruOBlOazqOaWh+OBq+OBr+WvvuW/nOOBp+OBjeOBquOBhOWgtOWQiOOBjOOBlOOBluOBhOOBvuOBme+8iTxicj4K44O744GU5LiA57eS44Gr44GU5rOo5paH6aCC44GN44G+44GX44Gf5ZWG5ZOB44KC5ZCM5qKx5LiA5ous55m66YCB44Go44Gq44KK44G+44GZPGJyPgrvvIjliIblibLnmbrpgIHjgZXjgozjgovloLTlkIjjga/liKXpgJTpgIHmlpnjgYzmjpvjgYvjgorjgb7jgZnvvIk8YnI+Cjxicj4K44CAPGI+Q2hlY2sgUG9pbnQ8L2I+PGJyPgril4bjg6Hjg7zjgqvjg7zlj5blr4Tms6jmloc8YnI+CuKXhlVW44Os44K444Oz5bCO5YWl44K744OD44OI77yP5LiA5byP77yP5paw5ZOBPGJyPiAK4peG5pel5pys6KO977yP5riF5Y6f5qCq5byP5Lya56S+PGJyPgril4bjg6Hjg7zjgqvjg7znm7TmjqXku5XlhaXjgozjga7mraPopo/lk4HjgafjgZk8YnI+CuOCu+ODg+ODiOWGheWuueKApjxicj4K44OT44Ku44OK44O844K6Qk9PS+OAgFVW44Os44K444Oz57eoMu+8iDHlhorvvInjgIHjg6zjgrjjg7PmtrI1NWfvvIgy5pys77yJ44CB44O044Kj44OI44Op44O844OmMuacrO+8iFJQVi0xNuOAgVJQVi0xMinjgIFVVuOCr+ODquOCueOCv+ODq+ODqeODs+ODlyAzNlfvvIgx5YCL77yJ44CB44K344Oq44Kz44Oz44Oi44OB44O844OVUlNGLTI077yIMeOCu+ODg+ODiDPngrnvvInjgIHjg5/jg4vjgrfjg6rjgrPjg7Pjg6Ljg4Hjg7zjg5VSU0ZTLTAx77yIMeOCu+ODg+ODiDPngrnvvIk8YnI+Cgo8YnI+CiDngavmsJfljrPnpoHjg7vnrKw06aGe56ysM+efs+ayuemhnjxicj4KPGJyPgrjg7vkuIDoiKznmoTjgarjgqLjgq/jgrvjgrXjg6rjg7zmiYvoirjoo73kvZzjga7nlKjpgJTku6XlpJbjgavjga/kvb/nlKjjgZfjgarjgYTjgafkuIvjgZXjgYQ8YnI+CiDjg7vlsI/lhZDjga7miYvjga7lsYrjgYvjgarjgYTmiYDjgavkv53nrqHjgZfjgabkuIvjgZXjgYQ8YnI+CiDjg7vpoqjpgJrjgZfjga7oia/jgYTmiYDjgafjgZTkvb/nlKjkuIvjgZXjgYQ8YnI+Cjxicj4K4oC76KOP6Z2i44Gu5rOo5oSP5pu444GN44KS44KI44GP6Kqt44KT44Gn44GU5L2/55So44GP44Gg44GV44GEPGJyPgo8YnI+CuKXhuacrOS9k+S7peWkluOBr+OCpOODoeODvOOCuOWGmeecn+OBqOOBquOCiuOBvuOBmeOAgjxicj4K4peG5a6f54mp44Go55S75YOP44Gn44Gv5aSa5bCR6Imy5ZCI44GE44GM55Ww44Gq44KK44G+44GZPGJyPgril4bpgIHmlpnnhKHmlpkhPGJyPgo8YnI+Cjxicj4K44O744CM5riF5Y6f6KO95ZOB44CN5LiA6Kan44Gv44GT44Gh44KJPGJyPgo8YnI+CuODu+OAjOODrOOCuOODs+OCr+ODqeODleODiOOAjeS4gOimp+OBr+OBk+OBoeOCiTxicj4KPGJyPgrjg7vjgIzph5Hlhbfjg7vjg5Hjg7zjg4TjgI3kuIDopqfjga/jgZPjgaHjgok8YnI+,4peP5Y+W5a+E5ZOB4pePW1VW44Os44K444Oz5bCO5YWl44K744OD44OIXeOAkOODr+ODvOOCr+OCt+ODp+ODg+ODl+OAkVVW44Os44K444Oz44Kv44Op44OV44OI44Kt44OD44OIIOOAkOmAgeaWmeeEoeaWmeOAke+8muOCouODs+ODhuOCo+ODvOOCr+aJi+iKuOOAjOODrOODjeODg+ODiOOAjQ==,6YCa5L+h6LKp5aOy6YCa6LKp44K344On44OD44OU44Oz44Kw44Kq44Oz44Op44Kk44Oz44K344On44OD44OU44Oz44Kw6LK344GE54mp44OX44Os44K844Oz44OI44Ku44OV44OI6LSI44KK54mp6LSI562U5ZOB44GK5Lit5YWD44GK5q2z5pqu44GK6LK344GE5b6X44Oc44K/44Oz44OT44O844K644Kr44Oc44K344On44Oz44Oh44K/44Or44OR44O844OE44Ki44Kv44K744K144Oq44O844OR44O844OE6Iux5a2X5paw6IGe44OP44K144Of57O444K044Og5omL6Iq455So5ZOB5omL6Iq46YGT5YW344Kv44Op44OV44OI55So5ZOB44Kv44Op44OV44OI6LOH5p2Q44Kv44Op44OV44OI44OR44O844OE44OB44Kn44Kz44Oc44K/44Oz44OJ44Kk44OE44Oc44K/44Oz44Ki44Kv44Oq44Or44OT44O844K644Km44OD44OJ44OT44O844K644Oh44K/44Or44OT44O844K644Ks44Op44K544OT44O844K644Ks44Op44K544Kr44Oc44K344On44Oz5pyo6KO944Oc44K/44Oz44Of44O844Or55q/VVbjg6zjgrjjg7PjgqLjg7Pjg4bjgqPjg7zjgq/jgq3jg7zjg6zjg4fjgqPjg7zjgrnjg5XjgqHjg4Pjgrfjg6fjg7PjgrnjgqTjg7zjg4Tjg4fjgrPjg57jg6vjgqvjg7Pil4/lj5blr4Tlk4Hil49bVVbjg6zjgrjjg7PlsI7lhaXjgrvjg4Pjg4hd44CQ44Ov44O844Kv44K344On44OD44OX44CRVVbjg6zjgrjjg7Pjgq/jg6njg5Xjg4jjgq3jg4Pjg4gg44CQ6YCB5paZ54Sh5paZ44CR,VVbjg6zjgrjjg7PlsI7lhaXjgrvjg4Pjg4jjgILil4/lj5blr4Tlk4Hil49bVVbjg6zjgrjjg7PlsI7lhaXjgrvjg4Pjg4hd44CQ44Ov44O844Kv44K344On44OD44OX44CRVVbjg6zjgrjjg7Pjgq/jg6njg5Xjg4jjgq3jg4Pjg4gg44CQ6YCB5paZ54Sh5paZ44CR[rn]
11-22261,aHR0cDovL3RzaG9wLnIxMHMuanAvcmVpbmV0dGUvY2FiaW5ldC8wNTQ3ODYyOC9pbWdyYzAwNjg1NjY4NzkuanBnP2ZpdGluPTcwMDo3MDA=,MjgwMC4wMDAw,,5pel55So5ZOB6ZuR6LKo44O75paH5oi/5YW344O75omL6Iq4ID4g5omL6Iq444O744Kv44Op44OV44OI44O755Sf5ZywID4g44Gd44Gu5LuW,4peP5Y+W5a+E5ZOB4peP44K544O844OR44O844Os44K444OzVVbjgq/jg6rjgrnjgr/jg6vjg6njg7Pjg5cgOVcg44K544Op44Kk44OJ5byPW+OChuOBhuODkeOCseODg+ODiOS4jeWPr10=,,44O744GT44Gu5ZWG5ZOB44Gv5Zu95YaF44Oh44O844Kr44O85Y+W44KK5a+E44Gb5ZWG5ZOB44Gn44GZPGJyPgrvvIjjgZTms6jmlofjgpLpoILjgYTjgabjgYvjgonjg6Hjg7zjgqvjg7zjgavlnKjluqvnorroqo3ihpLnmbrms6jihpLlhaXojbfoh7TjgZfjgb7jgZnvvIk8YnI+CuODu+eZuumAgea6luWCmeOBqzEw5pel56iL77yI55uu5a6J77yJ5o6b44GL44KK44G+44GZPGJyPgrjg7vjg6Hjg7zjgqvjg7zjga7lnKjluqvjgYzluLjjgavlpInli5XjgZfjgabjgYrjgorjgb7jgZnjga7jgafjgZTms6jmloflvozjgafjgoLlnKjluqvjgYznorrkv53jgafjgY3jgarjgYTloLTlkIjjgYzjgZTjgZbjgYTjgb7jgZk8YnI+CuODu+S4gOW6puOBiuWPluOCiuWvhOOBm+azqOaWh+OBleOCjOOBn+WgtOWQiOODoeODvOOCq+ODvOOBq+ebtOeZuuazqOOBmeOCi+eCuuOAjOOBlOazqOaWh+OCreODo+ODs+OCu+ODq+OAjeOBr+OBp+OBjeOBvuOBm+OCk+OBruOBp+OBlOS6huaJv+S4i+OBleOBhOOBvuOBmzxicj4K44O744Oh44O844Kr44O844Gr5Zyo5bqr44GM44Gq44GE5aC05ZCI44KE5a6M5aOy44Gr44Gq44Gj44Gf5ZWG5ZOB44Gv55Sz44GX6Kiz44GU44GW44GE44G+44Gb44KT44GM44CM44GU5rOo5paH44Kt44Oj44Oz44K744Or44CN44Go44Gq44KK44G+44GZPGJyPgrjg7vphY3pgZTml6XmmYLjga7jgZTmjIflrprjga/jgafjgY3jgb7jgZvjgpM8YnI+Cu+8iOOBiuaApeOBjuOBruOBlOazqOaWh+OBq+OBr+WvvuW/nOOBp+OBjeOBquOBhOWgtOWQiOOBjOOBlOOBluOBhOOBvuOBme+8iTxicj4K44O744GU5LiA57eS44Gr44GU5rOo5paH6aCC44GN44G+44GX44Gf5ZWG5ZOB44KC5ZCM5qKx5LiA5ous55m66YCB44Go44Gq44KK44G+44GZPGJyPgrvvIjliIblibLnmbrpgIHjgZXjgozjgovloLTlkIjjga/liKXpgJTpgIHmlpnjgYzmjpvjgYvjgorjgb7jgZnvvIk8YnI+Cjxicj4K44CAPGI+Q2hlY2sgUG9pbnQ8L2I+PGJyPgril4bjg6Hjg7zjgqvjg7zlj5blr4Tms6jmloc8YnI+CuKXhuODrOOCuOODs1VW44Kv44Oq44K544K/44Or44Op44Oz44OX77yPMeWAi++8j+aWsOWTgTxicj4gCuKXhuaXpeacrOijve+8j+WFpeiNt+WFgzrmuIXljp/moKrlvI/kvJrnpL48YnI+CuKXhjEwMFbjg7s1MC82MEh65YWx55SoCumbu+a6kOOCs+ODvOODiemVt+OBle+8mue0hDE5MGNtCuWkluW9ouWvuOazle+8mijluYUp57SEMjYuMmNtw5co5aWl6KGMKee0hDguN2Ntw5co6auY44GVKee0hDEwLjdjbQroo73lk4Hos6rph4/vvJrmnKzkvZPvvJ3ntIQ3NDZnKOmbu+a6kOOCs+ODvOODieWQq+OCgCnjgIHjg6njg7Pjg5fvvJ3ntIQzMGcK5LuY5bGe5ZOB77ya44K544O844OR44O844Os44K444OzVVbjgq/jg6rjgrnjgr/jg6vjg6njg7Pjg5cx5pysCuOAgOOAgOOAgOOAgOKYhuS6pOaPm+ODqeODs+ODl+OBrzlX5qmf5bCC55So44Op44Oz44OX44CUVVZMSzlX44CV44Gn44GZ44CCCuOAgOOAgOOAgOOAgOOAgO+8iOKAu+acrOS9k+aQrei8iea4iOOBv++8iTxicj4KPGJyPgril4bmnKzkvZPku6XlpJbjga/jgqTjg6Hjg7zjgrjlhpnnnJ/jgajjgarjgorjgb7jgZnjgII8YnI+CuKXhuWun+eJqeOBqOeUu+WDj+OBp+OBr+WkmuWwkeiJsuWQiOOBhOOBjOeVsOOBquOCiuOBvuOBmTxicj4K4peG5a6F6YWN5L6/77yI44KG44GG44OR44OD44Kv44O76KW/5r+D5L6/77yJ6YWN6YCB5Y+v6IO9PGJyPgo8YnI+Cu+8iOOChuOBhuODkeOCseODg+ODiOOBr+OBlOWIqeeUqOOBp+OBjeOBvuOBm+OCk++8iTxicj4KPGJyPgo8YnI+CuODu+OAjOa4heWOn+ijveWTgeOAjeS4gOimp+OBr+OBk+OBoeOCiTxicj4KPGJyPgrjg7vjgIzjg6zjgrjjg7Pjgq/jg6njg5Xjg4jjgI3kuIDopqfjga/jgZPjgaHjgok8YnI+Cjxicj4K44O744CM6YeR5YW344O744OR44O844OE44CN5LiA6Kan44Gv44GT44Gh44KJPGJyPg==,4peP5Y+W5a+E5ZOB4peP44K544O844OR44O844Os44K444OzVVbjgq/jg6rjgrnjgr/jg6vjg6njg7Pjg5cgOVcg44K544Op44Kk44OJ5byPW+OChuOBhuODkeOCseODg+ODiOS4jeWPr13vvJrjgqLjg7Pjg4bjgqPjg7zjgq/miYvoirjjgIzjg6zjg43jg4Pjg4jjgI0=,6YCa5L+h6LKp5aOy6YCa6LKp44K344On44OD44OU44Oz44Kw44Kq44Oz44Op44Kk44Oz44K344On44OD44OU44Oz44Kw6LK344GE54mp44OX44Os44K844Oz44OI44Ku44OV44OI6LSI44KK54mp6LSI562U5ZOB44GK5Lit5YWD44GK5q2z5pqu44GK6LK344GE5b6X44Oc44K/44Oz44OT44O844K644Kr44Oc44K344On44Oz44Oh44K/44Or44OR44O844OE44Ki44Kv44K744K144Oq44O844OR44O844OE6Iux5a2X5paw6IGe44OP44K144Of57O444K044Og5omL6Iq455So5ZOB5omL6Iq46YGT5YW344Kv44Op44OV44OI55So5ZOB44Kv44Op44OV44OI6LOH5p2Q44Kv44Op44OV44OI44OR44O844OE44OB44Kn44Kz44Oc44K/44Oz44OJ44Kk44OE44Oc44K/44Oz44Ki44Kv44Oq44Or44OT44O844K644Km44OD44OJ44OT44O844K644Oh44K/44Or44OT44O844K644Ks44Op44K544OT44O844K644Ks44Op44K544Kr44Oc44K344On44Oz5pyo6KO944Oc44K/44Oz44Of44O844Or55q/VVbjg6zjgrjjg7PjgqLjg7Pjg4bjgqPjg7zjgq/jgq3jg7zjg6zjg4fjgqPjg7zjgrnjg5XjgqHjg4Pjgrfjg6fjg7PjgrnjgqTjg7zjg4Tjg4fjgrPjg57jg6vjgqvjg7Pil4/lj5blr4Tlk4Hil4/jgrnjg7zjg5Hjg7zjg6zjgrjjg7NVVuOCr+ODquOCueOCv+ODq+ODqeODs+ODlyA5VyDjgrnjg6njgqTjg4nlvI9b44KG44GG44OR44Kx44OD44OI5LiN5Y+vXQ==,VVbjgq/jg6rjgrnjgr/jg6vjg6njg7Pjg5fjgILil4/lj5blr4Tlk4Hil4/jgrnjg7zjg5Hjg7zjg6zjgrjjg7NVVuOCr+ODquOCueOCv+ODq+ODqeODs+ODlyA5VyDjgrnjg6njgqTjg4nlvI9b44KG44GG44OR44Kx44OD44OI5LiN5Y+vXQ==[rn]
11-22262,aHR0cDovL3RzaG9wLnIxMHMuanAvZW5jaGFudGVzaG9wL2NhYmluZXQvaGFuZG1hZGUwMy9obS0xMy04NS01Y20tdG9wLmpwZz9maXRpbj03MDA6NzAw,MTc2LjAwMDA=,,5pel55So5ZOB6ZuR6LKo44O75paH5oi/5YW344O75omL6Iq4ID4g5omL6Iq444O744Kv44Op44OV44OI44O755Sf5ZywID4g44Gd44Gu5LuW,6Ieq56S+5bel5oi/5pyo6KO95YiH44KK5oqc44GN5paH5a2X77yI44Oe44O844Kv44O76KiY5Y+377yJNWNtIOWOmuOBlee0hDZtbSAv5YiH44KK5paH5a2X5YiH5paH5a2X44OR44O844OE44Ot44O844Oe5a2X44OP44Oz44OJ44Oh44Kk44OJ44Kv44Op44OV44OIRElZ6KGo5pyt44ON44O844Og44OX44Os44O844OI55yL5p2/44Km44OD44OJ44Gy44Gu44GN44OS44OO44Kt44Km44Kn44Or44Kr44Og44Oc44O844OJ44Km44Ko44OH44Kj44Oz44Kw44Km44Kn44Or44Kr44Og44Oc44O844OJ44CQ44Kv44Ot44ON44KzRE3kvr/lr77lv5zjgJFbTeS+vyAxLzIwXQ==,,PGNlbnRlcj4KCjxpbWcgc3JjPSJodHRwOi8vaW1hZ2UucmFrdXRlbi5jby5qcC9lbmNoYW50ZXNob3AvY2FiaW5ldC9tYWlsYmluL21haWxhLW9rLmpwZyIgd2lkdGg9IjkwJSIgYm9yZGVyPSIwIj48L2NlbnRlcj4KPGhyPjxmb250IGNvbG9yPSJmZjAwMDAiPuKAu+OBlOizvOWFpeWJjeOBq+W/heOBmuOBiuiqreOBv+OBj+OBoOOBleOBhDwvZm9udD48YnI+Cu+8nu+8niDjg6Hjg7zjg6vkvr/jgavjgaTjgYTjgabjga/jgZPjgaHjgok8YnI+Cjxocj4KPGJyPjxicj4KCuOAkOOBlOizvOWFpeWJjeOBq+W/heOBmuOBiuiqreOBv+OBj+OBoOOBleOBhOOAkQogPGJyPiA8YnI+Cue0oOadkOOBr+WRs+OCj+OBhOOBruOBguOCi+OBsuOBruOBjeOCkuS9v+eUqOOBl+OBpuOBhOOBvuOBmeOAgjxicj4K5ZWG5ZOB44Gr44KI44Gj44Gm44Gv5aSa5bCR5YK344GM44GU44GW44GE44G+44GZ44CCPGJyPgrmnKjnm67jgIHoibLjga7mv4Pmt6Hjgarjganjga/jgbLjgajjgaTjgbLjgajjgaTpgZXjgYTjgYzjgZTjgZbjgYTjgb7jgZnjgII8YnI+CuazqOaWh+eiuuiqjeODoeODvOODq+mAgeS7mOW+jOOBruOCreODo+ODs+OCu+ODq+OBr+OBlOmBoOaFruOBj+OBoOOBleOBhOOAgjxicj4K44Gd44Gu5LuW44CB44GU5LiN5piO44Gq54K544GU6LOq5ZWP562J44Gv5LiL6KiY44G+44Gn44CB44GK5ZWP44GE5ZCI44KP44Gb44GP44Gg44GV44GE44CCPGJyPgrjgJDjgYrllY/jgYTlkIjjgo/jgZvlhYjvvJowNzQyLTMwLTQ0NjfjgJHkuojjgoHkuIroqJjlhoXlrrnjgpLjgZTkuobmib/jga7kuIrjgZTms6jmlofpoILjgZHjgb7jgZnjgojjgYbjgojjgo3jgZfjgY/jgYrpoZjjgYTjgYTjgZ/jgZfjgb7jgZnjgII8YnI+PGJyPgrjgJDllYblk4HoqqzmmI7jgJE8YnI+CuWIh+OCiuaKnOOBjeaWh+Wtl+OBruODkeODvOODhOOBp+OBmeOAguaJi+S9nOOCiuOAgeeJqeS9nOOCiuOBq+OBlOWIqeeUqOOBj+OBoOOBleOBhOOAguOCouODq+ODleOCoeODmeODg+ODiOOAgeaVsOWtl+OAgeiomOWPt+OAgeODnuODvOOCr+OCkue1hOOBv+WQiOOCj+OBm+OBpuOCquODquOCuOODiuODq+ODl+ODrOODvOODiOS9nOOCiuOBquOBqeOBq+OAgjxicj4K4pag5ZWG5ZOB5ZCNIOacqOijveWIh+OCiuaKnOOBjeaWh+Wtl++8iOODnuODvOOCr+ODu+iomOWPt++8iTxicj4K4pag44K144Kk44K6KOe0hCkg6auY44GVNWNt77ya5aSn5paH5a2X44GuNWNt44K/44Kk44OX44Gr5ZCI44KP44Gb44Gf44OQ44Op44Oz44K544Gn5L2c5oiQ44GX44Gm44GE44G+44GZ44CCPGJyPgrljprjgZXvvJo2bW08YnI+CuKWoOODh+OCtuOCpOODs+OAgOOCu+ODquODleODleOCqeODs+ODiC/nrYboqJjkvZPjg5Xjgqnjg7Pjg4gv6KeS5paH5a2X44OV44Kp44Oz44OIL+S4uOaWh+Wtl+ODleOCqeODs+ODiC/jgqTjgr/jg6rjg4Pjgq/jg5Xjgqnjg7Pjg4gv44K544K/44Kk44Oq44OD44K344Ol44OV44Kp44Oz44OIL+aJi+abuOOBjemiqOODleOCqeODs+ODiDxicj4K4pag57Sg5p2QIOWbveeUo+OBsuOBruOBjTxicj4K4pag44K744OD44OI5YaF5a65IOWIh+OCiuaKnOOBjeaWh+Wtl8OXMTxicj4K4pag5YKZ6ICDPGJyPgrigLvjgYrkvb/jgYTjga5QQ+eSsOWig+OBq+OCiOOCiuWun+mam+OBruOBiuiJsuOBqOeVsOOBquOCi+WgtOWQiOOBjOOBlOOBluOBhOOBvuOBmeOAgjxicj7igLvntLDjgYTjg5Hjg7zjg4TjgoTntLDjgY/jgarjgaPjgabjgYTjgovnrofmiYDjga/jgIHlibLjgozjgoTjgZnjgYTjgZ/jgoHjgIHlj5bmibHjgYTjgavjgZTms6jmhI/kuIvjgZXjgYTjgII8YnI+44GC44KJ44GL44GY44KB44GU5LqG5om/44GP44Gg44GV44GE44CCPGJyPjxicj4KPGltZyBzcmM9Imh0dHA6Ly93d3cucmFrdXRlbi5uZS5qcC9nb2xkL2VuY2hhbnRlc2hvcC9pbWFnZXMvZnJlZS1wYWdlL2tpcmludWtpLWluZm8tYnVubmVyLmpwZyIgd2lkdGg9IjEwMCUiPg==,6Ieq56S+5bel5oi/5pyo6KO95YiH44KK5oqc44GN5paH5a2X77yI44Oe44O844Kv44O76KiY5Y+377yJNWNtIOWOmuOBlee0hDZtbSAv5YiH44KK5paH5a2X5YiH5paH5a2X44OR44O844OE44Ot44O844Oe5a2X44OP44Oz44OJ44Oh44Kk44OJ44Kv44Op44OV44OIRElZ6KGo5pyt44ON44O844Og44OX44Os44O844OI55yL5p2/44Km44OD44OJ44Gy44Gu44GN44OS44OO44Kt44Km44Kn44Or44Kr44Og44Oc44O844OJ44Km44Ko44OH44Kj44Oz44Kw44Km44Kn44Or44Kr44Og44Oc44O844OJ44CQ44Kv44Ot44ON44KzRE3kvr/lr77lv5zjgJFbTeS+vyAxLzIwXe+8muOCouODs+OCt+ODo+ODs+ODhuODnuODvOOCseODg+ODiA==,6YCa5L+h6LKp5aOy6YCa6LKp44K344On44OD44OU44Oz44Kw44Kq44Oz44Op44Kk44Oz44K344On44OD44OU44Oz44Kw6LK344GE54mp44OX44Os44K844Oz44OI44Ku44OV44OI6LSI44KK54mp6LSI562U5ZOB44GK5Lit5YWD44GK5q2z5pqu44GK6LK344GE5b6X6J2244ON44Kv44K/44KkIOOCreODg+OCuuidtuODjeOCr+OCv+OCpCDotaTliIfjgormipzjgY3mloflrZfliIfjgormipzjgY0g44Kr44OD44K/44O844Km44Kn44Or44Kr44Og44Oc44O844OJIOaWh+Wtl+OCpuOCp+ODq+OCq+ODoOODnOODvOODiSDntKDmnZDmloflrZcg5Yqg5bel6ZuR6LKoIOOCruODleODiOWIh+OCiuaWh+WtlyDooajmnK3liIfjgormipzjgY0g5paH5a2XIOODleOCqeODs+ODiOiHquekvuW3peaIv+acqOijveWIh+OCiuaKnOOBjeaWh+Wtl++8iOODnuODvOOCr+ODu+iomOWPt++8iTVjbSDljprjgZXntIQ2bW0gL+WIh+OCiuaWh+Wtl+WIh+aWh+Wtl+ODkeODvOODhOODreODvOODnuWtl+ODj+ODs+ODieODoeOCpOODieOCr+ODqeODleODiERJWeihqOacreODjeODvOODoOODl+ODrOODvOODiOeci+adv+OCpuODg+ODieOBsuOBruOBjeODkuODjuOCreOCpuOCp+ODq+OCq+ODoOODnOODvOODieOCpuOCqOODh+OCo+ODs+OCsOOCpuOCp+ODq+OCq+ODoOODnOODvOODieOAkOOCr+ODreODjeOCs0RN5L6/5a++5b+c44CRW03kvr8gMS8yMF0=,44Kq44Oq44K444OK44Or44ON44O844Og44OX44Os44O844OI44KE44OH44Kz44OR44O844K444Ol44Gr44CC44CC6Ieq56S+5bel5oi/5pyo6KO95YiH44KK5oqc44GN5paH5a2X77yI44Oe44O844Kv44O76KiY5Y+377yJNWNtIOWOmuOBlee0hDZtbSAv5YiH44KK5paH5a2X5YiH5paH5a2X44OR44O844OE44Ot44O844Oe5a2X44OP44Oz44OJ44Oh44Kk44OJ44Kv44Op44OV44OIRElZ6KGo5pyt44ON44O844Og44OX44Os44O844OI55yL5p2/44Km44OD44OJ44Gy44Gu44GN44OS44OO44Kt44Km44Kn44Or44Kr44Og44Oc44O844OJ44Km44Ko44OH44Kj44Oz44Kw44Km44Kn44Or44Kr44Og44Oc44O844OJ44CQ44Kv44Ot44ON44KzRE3kvr/lr77lv5zjgJFbTeS+vyAxLzIwXQ==[rn]
11-22263,aHR0cDovL3RzaG9wLnIxMHMuanAvZW5jaGFudGVzaG9wL2NhYmluZXQvaGFuZG1hZGUwNC9obS0yMC00Ni05Y20tdG9wLmpwZz9maXRpbj03MDA6NzAw,MzIwLjAwMDA=,,5pel55So5ZOB6ZuR6LKo44O75paH5oi/5YW344O75omL6Iq4ID4g5omL6Iq444O744Kv44Op44OV44OI44O755Sf5ZywID4g44Gd44Gu5LuW,6Ieq56S+5bel5oi/5pyo6KO95YiH44KK5oqc44GN5paH5a2X77yI44Kr44K/44Kr44OKOuODj+ihjO+9nuODr+ihjO+8iTljbSDljprjgZXntIQ2bW0gL+WIh+OCiuaWh+Wtl+WIh+aWh+Wtl+ODkeODvOODhOODj+ODs+ODieODoeOCpOODieOCr+ODqeODleODiERJWeihqOacreODjeODvOODoOODl+ODrOODvOODiOeci+adv+OCpuODg+ODieOBsuOBruOBjeODkuODjuOCreOCpuOCp+ODq+OCq+ODoOODnOODvOODieOCpuOCqOODh+OCo+ODs+OCsOaWsOWFpeWtpuWFpeWckuODoeODouODquOCouODq+S9nOWTgeOAkOOCr+ODreODjeOCs0RN5L6/5a++5b+c44CRW03kvr8gMS8yXQ==,,PGNlbnRlcj4KCjxpbWcgc3JjPSJodHRwOi8vaW1hZ2UucmFrdXRlbi5jby5qcC9lbmNoYW50ZXNob3AvY2FiaW5ldC9tYWlsYmluL21haWxhLW9rLmpwZyIgd2lkdGg9IjkwJSIgYm9yZGVyPSIwIj48L2NlbnRlcj4KPGhyPjxmb250IGNvbG9yPSJmZjAwMDAiPuKAu+OBlOizvOWFpeWJjeOBq+W/heOBmuOBiuiqreOBv+OBj+OBoOOBleOBhDwvZm9udD48YnI+Cu+8nu+8niDjg6Hjg7zjg6vkvr/jgavjgaTjgYTjgabjga/jgZPjgaHjgok8YnI+Cjxocj4KPGJyPjxicj4KCuOAkOOBlOizvOWFpeWJjeOBq+W/heOBmuOBiuiqreOBv+OBj+OBoOOBleOBhOOAkQogPGJyPiA8YnI+Cue0oOadkOOBr+WRs+OCj+OBhOOBruOBguOCi+OBsuOBruOBjeOCkuS9v+eUqOOBl+OBpuOBhOOBvuOBmeOAgjxicj4K5ZWG5ZOB44Gr44KI44Gj44Gm44Gv5aSa5bCR5YK344GM44GU44GW44GE44G+44GZ44CCPGJyPgrmnKjnm67jgIHoibLjga7mv4Pmt6Hjgarjganjga/jgbLjgajjgaTjgbLjgajjgaTpgZXjgYTjgYzjgZTjgZbjgYTjgb7jgZnjgII8YnI+CuazqOaWh+eiuuiqjeODoeODvOODq+mAgeS7mOW+jOOBruOCreODo+ODs+OCu+ODq+OBr+OBlOmBoOaFruOBj+OBoOOBleOBhOOAgjxicj4K44Gd44Gu5LuW44CB44GU5LiN5piO44Gq54K544GU6LOq5ZWP562J44Gv5LiL6KiY44G+44Gn44CB44GK5ZWP44GE5ZCI44KP44Gb44GP44Gg44GV44GE44CCPGJyPgrjgJDjgYrllY/jgYTlkIjjgo/jgZvlhYjvvJowNzQyLTMwLTQ0NjfjgJHkuojjgoHkuIroqJjlhoXlrrnjgpLjgZTkuobmib/jga7kuIrjgZTms6jmlofpoILjgZHjgb7jgZnjgojjgYbjgojjgo3jgZfjgY/jgYrpoZjjgYTjgYTjgZ/jgZfjgb7jgZnjgII8YnI+PGJyPgrjgJDllYblk4HoqqzmmI7jgJE8YnI+CuWIh+OCiuaKnOOBjeaWh+Wtl+OBruODkeODvOODhOOBp+OBmeOAguaJi+S9nOOCiuOAgeeJqeS9nOOCiuOBq+OBlOWIqeeUqOOBj+OBoOOBleOBhOOAguOBsuOCieOBjOOBquOAgeOCq+OCv+OCq+ODiuOAgeOCouODq+ODleOCoeODmeODg+ODiOOAgeaVsOWtl+OAgeiomOWPt+OAgeODnuODvOOCr+OCkue1hOOBv+WQiOOCj+OBm+OBpuOCquODquOCuOODiuODq+ODl+ODrOODvOODiOS9nOOCiuOBquOBqeOBq+OAgjxicj4K4pag5ZWG5ZOB5ZCNIOacqOijveWIh+OCiuaKnOOBjeaWh+Wtl++8iOOCq+OCv+OCq+ODijrjg4/ooYzvvZ7jg6/ooYzvvIk8YnI+CuKWoOOCteOCpOOCuijntIQpIOmrmOOBlTljbe+8mjljbeWbm+aWueOBruaeoOOBq+WPjuOBvuOCi+ODkOODqeODs+OCueOBp+S9nOaIkOOBl+OBpuOBhOOBvuOBmeOAgjxicj4K5Y6a44GV77yaNm1tPGJyPgrilqDntKDmnZAg5Zu955Sj44Gy44Gu44GNPGJyPgrilqDjgrvjg4Pjg4jlhoXlrrkg5YiH44KK5oqc44GN5paH5a2Xw5cxPGJyPgrilqDlgpnogIM8YnI+CuKAu+OBiuS9v+OBhOOBrlBD55Kw5aKD44Gr44KI44KK5a6f6Zqb44Gu44GK6Imy44Go55Ww44Gq44KL5aC05ZCI44GM44GU44GW44GE44G+44GZ44CCPGJyPuKAu+e0sOOBhOODkeODvOODhOOChOe0sOOBj+OBquOBo+OBpuOBhOOCi+euh+aJgOOBr+OAgeWJsuOCjOOChOOBmeOBhOOBn+OCgeOAgeWPluaJseOBhOOBq+OBlOazqOaEj+S4i+OBleOBhOOAgjxicj7jgYLjgonjgYvjgZjjgoHjgZTkuobmib/jgY/jgaDjgZXjgYTjgII8YnI+PGJyPgrjgJDplqLpgKPllYblk4HjgJE8YnI+CuOCq+OCv+OCq+ODiu+8iOOCouihjO+9nuODiuihjO+8iTljbeOBr++8nu+8nuOBk+OBoeOCiTxicj4K44Kr44K/44Kr44OK77yI5bCP44GV44GE44CM44Ok44O744Om44O744Oo44O744OE44CN44KE5r+B6Z+z44O75Y2K5r+B6Z+z77yJOWNt44Gv77ye77ye44GT44Gh44KJPGJyPjxicj4KPGltZyBzcmM9Imh0dHA6Ly93d3cucmFrdXRlbi5uZS5qcC9nb2xkL2VuY2hhbnRlc2hvcC9pbWFnZXMvZnJlZS1wYWdlL2tpcmludWtpLWluZm8tYnVubmVyLmpwZyIgd2lkdGg9IjEwMCUiPg==,6Ieq56S+5bel5oi/5pyo6KO95YiH44KK5oqc44GN5paH5a2X77yI44Kr44K/44Kr44OKOuODj+ihjO+9nuODr+ihjO+8iTljbSDljprjgZXntIQ2bW0gL+WIh+OCiuaWh+Wtl+WIh+aWh+Wtl+ODkeODvOODhOODj+ODs+ODieODoeOCpOODieOCr+ODqeODleODiERJWeihqOacreODjeODvOODoOODl+ODrOODvOODiOeci+adv+OCpuODg+ODieOBsuOBruOBjeODkuODjuOCreOCpuOCp+ODq+OCq+ODoOODnOODvOODieOCpuOCqOODh+OCo+ODs+OCsOaWsOWFpeWtpuWFpeWckuODoeODouODquOCouODq+S9nOWTgeOAkOOCr+ODreODjeOCs0RN5L6/5a++5b+c44CRW03kvr8gMS8yXe+8muOCouODs+OCt+ODo+ODs+ODhuODnuODvOOCseODg+ODiA==,6YCa5L+h6LKp5aOy6YCa6LKp44K344On44OD44OU44Oz44Kw44Kq44Oz44Op44Kk44Oz44K344On44OD44OU44Oz44Kw6LK344GE54mp44OX44Os44K844Oz44OI44Ku44OV44OI6LSI44KK54mp6LSI562U5ZOB44GK5Lit5YWD44GK5q2z5pqu44GK6LK344GE5b6X6J2244ON44Kv44K/44KkIOOCreODg+OCuuidtuODjeOCr+OCv+OCpCDotaTliIfjgormipzjgY3mloflrZfliIfjgormipzjgY0g44Kr44OD44K/44O844Km44Kn44Or44Kr44Og44Oc44O844OJIOaWh+Wtl+OCpuOCp+ODq+OCq+ODoOODnOODvOODiSDntKDmnZDmloflrZcg5Yqg5bel6ZuR6LKoIOOCruODleODiOWIh+OCiuaWh+WtlyDooajmnK3liIfjgormipzjgY0g5paH5a2XIOODleOCqeODs+ODiOiHquekvuW3peaIv+acqOijveWIh+OCiuaKnOOBjeaWh+Wtl++8iOOCq+OCv+OCq+ODijrjg4/ooYzvvZ7jg6/ooYzvvIk5Y20g5Y6a44GV57SENm1tIC/liIfjgormloflrZfliIfmloflrZfjg5Hjg7zjg4Tjg4/jg7Pjg4njg6HjgqTjg4njgq/jg6njg5Xjg4hESVnooajmnK3jg43jg7zjg6Djg5fjg6zjg7zjg4jnnIvmnb/jgqbjg4Pjg4njgbLjga7jgY3jg5Ljg47jgq3jgqbjgqfjg6vjgqvjg6Djg5zjg7zjg4njgqbjgqjjg4fjgqPjg7PjgrDmlrDlhaXlrablhaXlnJLjg6Hjg6Ljg6rjgqLjg6vkvZzlk4HjgJDjgq/jg63jg43jgrNETeS+v+WvvuW/nOOAkVtN5L6/IDEvMl0=,44Kq44Oq44K444OK44Or44ON44O844Og44OX44Os44O844OI44KE44OH44Kz44OR44O844K444Ol44Gr44CC44CC6Ieq56S+5bel5oi/5pyo6KO95YiH44KK5oqc44GN5paH5a2X77yI44Kr44K/44Kr44OKOuODj+ihjO+9nuODr+ihjO+8iTljbSDljprjgZXntIQ2bW0gL+WIh+OCiuaWh+Wtl+WIh+aWh+Wtl+ODkeODvOODhOODj+ODs+ODieODoeOCpOODieOCr+ODqeODleODiERJWeihqOacreODjeODvOODoOODl+ODrOODvOODiOeci+adv+OCpuODg+ODieOBsuOBruOBjeODkuODjuOCreOCpuOCp+ODq+OCq+ODoOODnOODvOODieOCpuOCqOODh+OCo+ODs+OCsOaWsOWFpeWtpuWFpeWckuODoeODouODquOCouODq+S9nOWTgeOAkOOCr+ODreODjeOCs0RN5L6/5a++5b+c44CRW03kvr8gMS8yXQ==[rn]
11-22264,aHR0cDovL3RzaG9wLnIxMHMuanAvZW5jaGFudGVzaG9wL2NhYmluZXQvaGFuZG1hZGUwNC9obS0yMC00Ny05Y20tdG9wLmpwZz9maXRpbj03MDA6NzAw,MzIwLjAwMDA=,,5pel55So5ZOB6ZuR6LKo44O75paH5oi/5YW344O75omL6Iq4ID4g5omL6Iq444O744Kv44Op44OV44OI44O755Sf5ZywID4g44Gd44Gu5LuW,6Ieq56S+5bel5oi/5pyo6KO95YiH44KK5oqc44GN5paH5a2X77yI44Kr44K/44Kr44OKOuWwj+OBleOBhOaWh+Wtl+OAgeeCueS7mOOBjeOAgeS4uOS7mOOBje+8iTljbSDljprjgZXntIQ2bW0gL+WIh+OCiuaWh+Wtl+WIh+aWh+Wtl+ODkeODvOODhOODj+ODs+ODieODoeOCpOODieOCr+ODqeODleODiERJWeihqOacreODjeODvOODoOODl+ODrOODvOODiOeci+adv+OCpuODg+ODieOBsuOBruOBjeODkuODjuOCreOCpuOCp+ODq+OCq+ODoOODnOODvOODieaWsOWFpeWtpuWFpeWckuOAkOOCr+ODreODjeOCs0RN5L6/5a++5b+c44CRW03kvr8gMS8yXQ==,,PGNlbnRlcj4KCjxpbWcgc3JjPSJodHRwOi8vaW1hZ2UucmFrdXRlbi5jby5qcC9lbmNoYW50ZXNob3AvY2FiaW5ldC9tYWlsYmluL21haWxhLW9rLmpwZyIgd2lkdGg9IjkwJSIgYm9yZGVyPSIwIj48L2NlbnRlcj4KPGhyPjxmb250IGNvbG9yPSJmZjAwMDAiPuKAu+OBlOizvOWFpeWJjeOBq+W/heOBmuOBiuiqreOBv+OBj+OBoOOBleOBhDwvZm9udD48YnI+Cu+8nu+8niDjg6Hjg7zjg6vkvr/jgavjgaTjgYTjgabjga/jgZPjgaHjgok8YnI+Cjxocj4KPGJyPjxicj4KCuOAkOOBlOizvOWFpeWJjeOBq+W/heOBmuOBiuiqreOBv+OBj+OBoOOBleOBhOOAkQogPGJyPiA8YnI+Cue0oOadkOOBr+WRs+OCj+OBhOOBruOBguOCi+OBsuOBruOBjeOCkuS9v+eUqOOBl+OBpuOBhOOBvuOBmeOAgjxicj4K5ZWG5ZOB44Gr44KI44Gj44Gm44Gv5aSa5bCR5YK344GM44GU44GW44GE44G+44GZ44CCPGJyPgrmnKjnm67jgIHoibLjga7mv4Pmt6Hjgarjganjga/jgbLjgajjgaTjgbLjgajjgaTpgZXjgYTjgYzjgZTjgZbjgYTjgb7jgZnjgII8YnI+CuazqOaWh+eiuuiqjeODoeODvOODq+mAgeS7mOW+jOOBruOCreODo+ODs+OCu+ODq+OBr+OBlOmBoOaFruOBj+OBoOOBleOBhOOAgjxicj4K44Gd44Gu5LuW44CB44GU5LiN5piO44Gq54K544GU6LOq5ZWP562J44Gv5LiL6KiY44G+44Gn44CB44GK5ZWP44GE5ZCI44KP44Gb44GP44Gg44GV44GE44CCPGJyPgrjgJDjgYrllY/jgYTlkIjjgo/jgZvlhYjvvJowNzQyLTMwLTQ0NjfjgJHkuojjgoHkuIroqJjlhoXlrrnjgpLjgZTkuobmib/jga7kuIrjgZTms6jmlofpoILjgZHjgb7jgZnjgojjgYbjgojjgo3jgZfjgY/jgYrpoZjjgYTjgYTjgZ/jgZfjgb7jgZnjgII8YnI+PGJyPgrjgJDllYblk4HoqqzmmI7jgJE8YnI+CuWIh+OCiuaKnOOBjeaWh+Wtl+OBruODkeODvOODhOOBp+OBmeOAguaJi+S9nOOCiuOAgeeJqeS9nOOCiuOBq+OBlOWIqeeUqOOBj+OBoOOBleOBhOOAguOBsuOCieOBjOOBquOAgeOCq+OCv+OCq+ODiuOAgeOCouODq+ODleOCoeODmeODg+ODiOOAgeaVsOWtl+OAgeiomOWPt+OAgeODnuODvOOCr+OCkue1hOOBv+WQiOOCj+OBm+OBpuOCquODquOCuOODiuODq+ODl+ODrOODvOODiOS9nOOCiuOBquOBqeOBq+OAgjxicj4K4pag5ZWG5ZOB5ZCNIOacqOijveWIh+OCiuaKnOOBjeaWh+Wtl++8iOOCq+OCv+OCq+ODijrlsI/jgZXjgYTmloflrZfjgIHngrnku5jjgY3jgIHkuLjku5jjgY3vvIk8YnI+CuKWoOOCteOCpOOCuijntIQpIOmrmOOBlTljbe+8mjljbeWbm+aWueOBruaeoOOBq+WPjuOBvuOCi+ODkOODqeODs+OCueOBp+S9nOaIkOOBl+OBpuOBhOOBvuOBmeOAgjxicj4K5Y6a44GV77yaNm1tPGJyPgrilqDntKDmnZAg5Zu955Sj44Gy44Gu44GNPGJyPgrilqDjgrvjg4Pjg4jlhoXlrrkg5YiH44KK5oqc44GN5paH5a2Xw5cxPGJyPgrilqDlgpnogIM8YnI+CuKAu+OBiuS9v+OBhOOBrlBD55Kw5aKD44Gr44KI44KK5a6f6Zqb44Gu44GK6Imy44Go55Ww44Gq44KL5aC05ZCI44GM44GU44GW44GE44G+44GZ44CCPGJyPuKAu+e0sOOBhOODkeODvOODhOOChOe0sOOBj+OBquOBo+OBpuOBhOOCi+euh+aJgOOBr+OAgeWJsuOCjOOChOOBmeOBhOOBn+OCgeOAgeWPluaJseOBhOOBq+OBlOazqOaEj+S4i+OBleOBhOOAgjxicj7jgYLjgonjgYvjgZjjgoHjgZTkuobmib/jgY/jgaDjgZXjgYTjgII8YnI+PGJyPgrjgJDplqLpgKPllYblk4HjgJE8YnI+CuOCq+OCv+OCq+ODiu+8iOOCouihjO+9nuODiuihjO+8iTljbeOBr++8nu+8nuOBk+OBoeOCiTxicj4K44Kr44K/44Kr44OK77yI44OP6KGM772e44Ov6KGM77yJOWNt44Gv77ye77ye44GT44Gh44KJCjxicj48YnI+CjxpbWcgc3JjPSJodHRwOi8vd3d3LnJha3V0ZW4ubmUuanAvZ29sZC9lbmNoYW50ZXNob3AvaW1hZ2VzL2ZyZWUtcGFnZS9raXJpbnVraS1pbmZvLWJ1bm5lci5qcGciIHdpZHRoPSIxMDAlIj4=,6Ieq56S+5bel5oi/5pyo6KO95YiH44KK5oqc44GN5paH5a2X77yI44Kr44K/44Kr44OKOuWwj+OBleOBhOaWh+Wtl+OAgeeCueS7mOOBjeOAgeS4uOS7mOOBje+8iTljbSDljprjgZXntIQ2bW0gL+WIh+OCiuaWh+Wtl+WIh+aWh+Wtl+ODkeODvOODhOODj+ODs+ODieODoeOCpOODieOCr+ODqeODleODiERJWeihqOacreODjeODvOODoOODl+ODrOODvOODiOeci+adv+OCpuODg+ODieOBsuOBruOBjeODkuODjuOCreOCpuOCp+ODq+OCq+ODoOODnOODvOODieaWsOWFpeWtpuWFpeWckuOAkOOCr+ODreODjeOCs0RN5L6/5a++5b+c44CRW03kvr8gMS8yXe+8muOCouODs+OCt+ODo+ODs+ODhuODnuODvOOCseODg+ODiA==,6YCa5L+h6LKp5aOy6YCa6LKp44K344On44OD44OU44Oz44Kw44Kq44Oz44Op44Kk44Oz44K344On44OD44OU44Oz44Kw6LK344GE54mp44OX44Os44K844Oz44OI44Ku44OV44OI6LSI44KK54mp6LSI562U5ZOB44GK5Lit5YWD44GK5q2z5pqu44GK6LK344GE5b6X6J2244ON44Kv44K/44KkIOOCreODg+OCuuidtuODjeOCr+OCv+OCpCDotaTliIfjgormipzjgY3mloflrZfliIfjgormipzjgY0g44Kr44OD44K/44O844Km44Kn44Or44Kr44Og44Oc44O844OJIOaWh+Wtl+OCpuOCp+ODq+OCq+ODoOODnOODvOODiSDntKDmnZDmloflrZcg5Yqg5bel6ZuR6LKoIOOCruODleODiOWIh+OCiuaWh+WtlyDooajmnK3liIfjgormipzjgY0g5paH5a2XIOODleOCqeODs+ODiOiHquekvuW3peaIv+acqOijveWIh+OCiuaKnOOBjeaWh+Wtl++8iOOCq+OCv+OCq+ODijrlsI/jgZXjgYTmloflrZfjgIHngrnku5jjgY3jgIHkuLjku5jjgY3vvIk5Y20g5Y6a44GV57SENm1tIC/liIfjgormloflrZfliIfmloflrZfjg5Hjg7zjg4Tjg4/jg7Pjg4njg6HjgqTjg4njgq/jg6njg5Xjg4hESVnooajmnK3jg43jg7zjg6Djg5fjg6zjg7zjg4jnnIvmnb/jgqbjg4Pjg4njgbLjga7jgY3jg5Ljg47jgq3jgqbjgqfjg6vjgqvjg6Djg5zjg7zjg4nmlrDlhaXlrablhaXlnJLjgJDjgq/jg63jg43jgrNETeS+v+WvvuW/nOOAkVtN5L6/IDEvMl0=,44Kq44Oq44K444OK44Or44ON44O844Og44OX44Os44O844OI44KE44OH44Kz44OR44O844K444Ol44Gr44CC44CC6Ieq56S+5bel5oi/5pyo6KO95YiH44KK5oqc44GN5paH5a2X77yI44Kr44K/44Kr44OKOuWwj+OBleOBhOaWh+Wtl+OAgeeCueS7mOOBjeOAgeS4uOS7mOOBje+8iTljbSDljprjgZXntIQ2bW0gL+WIh+OCiuaWh+Wtl+WIh+aWh+Wtl+ODkeODvOODhOODj+ODs+ODieODoeOCpOODieOCr+ODqeODleODiERJWeihqOacreODjeODvOODoOODl+ODrOODvOODiOeci+adv+OCpuODg+ODieOBsuOBruOBjeODkuODjuOCreOCpuOCp+ODq+OCq+ODoOODnOODvOODieaWsOWFpeWtpuWFpeWckuOAkOOCr+ODreODjeOCs0RN5L6/5a++5b+c44CRW03kvr8gMS8yXQ==[rn]
11-22265,aHR0cDovL3RzaG9wLnIxMHMuanAvZW5jaGFudGVzaG9wL2NhYmluZXQvaGFuZG1hZGUwNC9obS0yMC00NS05Y20tdG9wLmpwZz9maXRpbj03MDA6NzAw,MzIwLjAwMDA=,,5pel55So5ZOB6ZuR6LKo44O75paH5oi/5YW344O75omL6Iq4ID4g5omL6Iq444O744Kv44Op44OV44OI44O755Sf5ZywID4g44Gd44Gu5LuW,6Ieq56S+5bel5oi/5pyo6KO95YiH44KK5oqc44GN5paH5a2X77yI44Kr44K/44Kr44OKOuOCouihjO+9nuODiuihjO+8iTljbSDljprjgZXntIQ2bW0gL+WIh+OCiuaWh+Wtl+WIh+aWh+Wtl+ODkeODvOODhOODj+ODs+ODieODoeOCpOODieOCr+ODqeODleODiERJWeihqOacreODjeODvOODoOODl+ODrOODvOODiOeci+adv+OCpuODg+ODieOBsuOBruOBjeODkuODjuOCreOCpuOCp+ODq+OCq+ODoOODnOODvOODieOCpuOCqOODh+OCo+ODs+OCsOaWsOWFpeWtpuWFpeWckuODoeODouODquOCouODq+S9nOWTgeOAkOOCr+ODreODjeOCs0RN5L6/5a++5b+c44CRW03kvr8gMS8yXQ==,,PGNlbnRlcj4KCjxpbWcgc3JjPSJodHRwOi8vaW1hZ2UucmFrdXRlbi5jby5qcC9lbmNoYW50ZXNob3AvY2FiaW5ldC9tYWlsYmluL21haWxhLW9rLmpwZyIgd2lkdGg9IjkwJSIgYm9yZGVyPSIwIj48L2NlbnRlcj4KPGhyPjxmb250IGNvbG9yPSJmZjAwMDAiPuKAu+OBlOizvOWFpeWJjeOBq+W/heOBmuOBiuiqreOBv+OBj+OBoOOBleOBhDwvZm9udD48YnI+Cu+8nu+8niDjg6Hjg7zjg6vkvr/jgavjgaTjgYTjgabjga/jgZPjgaHjgok8YnI+Cjxocj4KPGJyPjxicj4KCuOAkOOBlOizvOWFpeWJjeOBq+W/heOBmuOBiuiqreOBv+OBj+OBoOOBleOBhOOAkQogPGJyPiA8YnI+Cue0oOadkOOBr+WRs+OCj+OBhOOBruOBguOCi+OBsuOBruOBjeOCkuS9v+eUqOOBl+OBpuOBhOOBvuOBmeOAgjxicj4K5ZWG5ZOB44Gr44KI44Gj44Gm44Gv5aSa5bCR5YK344GM44GU44GW44GE44G+44GZ44CCPGJyPgrmnKjnm67jgIHoibLjga7mv4Pmt6Hjgarjganjga/jgbLjgajjgaTjgbLjgajjgaTpgZXjgYTjgYzjgZTjgZbjgYTjgb7jgZnjgII8YnI+CuazqOaWh+eiuuiqjeODoeODvOODq+mAgeS7mOW+jOOBruOCreODo+ODs+OCu+ODq+OBr+OBlOmBoOaFruOBj+OBoOOBleOBhOOAgjxicj4K44Gd44Gu5LuW44CB44GU5LiN5piO44Gq54K544GU6LOq5ZWP562J44Gv5LiL6KiY44G+44Gn44CB44GK5ZWP44GE5ZCI44KP44Gb44GP44Gg44GV44GE44CCPGJyPgrjgJDjgYrllY/jgYTlkIjjgo/jgZvlhYjvvJowNzQyLTMwLTQ0NjfjgJHkuojjgoHkuIroqJjlhoXlrrnjgpLjgZTkuobmib/jga7kuIrjgZTms6jmlofpoILjgZHjgb7jgZnjgojjgYbjgojjgo3jgZfjgY/jgYrpoZjjgYTjgYTjgZ/jgZfjgb7jgZnjgII8YnI+PGJyPgrjgJDllYblk4HoqqzmmI7jgJE8YnI+CuWIh+OCiuaKnOOBjeaWh+Wtl+OBruODkeODvOODhOOBp+OBmeOAguaJi+S9nOOCiuOAgeeJqeS9nOOCiuOBq+OBlOWIqeeUqOOBj+OBoOOBleOBhOOAguOBsuOCieOBjOOBquOAgeOCq+OCv+OCq+ODiuOAgeOCouODq+ODleOCoeODmeODg+ODiOOAgeaVsOWtl+OAgeiomOWPt+OAgeODnuODvOOCr+OCkue1hOOBv+WQiOOCj+OBm+OBpuOCquODquOCuOODiuODq+ODl+ODrOODvOODiOS9nOOCiuOBquOBqeOBq+OAgjxicj4K4pag5ZWG5ZOB5ZCNIOacqOijveWIh+OCiuaKnOOBjeaWh+Wtl++8iOOCq+OCv+OCq+ODijrjgqLooYzvvZ7jg4rooYzvvIk8YnI+CuKWoOOCteOCpOOCuijntIQpIOmrmOOBlTljbe+8mjljbeWbm+aWueOBruaeoOOBq+WPjuOBvuOCi+ODkOODqeODs+OCueOBp+S9nOaIkOOBl+OBpuOBhOOBvuOBmeOAgjxicj4K5Y6a44GV77yaNm1tPGJyPgrilqDntKDmnZAg5Zu955Sj44Gy44Gu44GNPGJyPgrilqDjgrvjg4Pjg4jlhoXlrrkg5YiH44KK5oqc44GN5paH5a2Xw5cxPGJyPgrilqDlgpnogIM8YnI+CuKAu+OBiuS9v+OBhOOBrlBD55Kw5aKD44Gr44KI44KK5a6f6Zqb44Gu44GK6Imy44Go55Ww44Gq44KL5aC05ZCI44GM44GU44GW44GE44G+44GZ44CCPGJyPuKAu+e0sOOBhOODkeODvOODhOOChOe0sOOBj+OBquOBo+OBpuOBhOOCi+euh+aJgOOBr+OAgeWJsuOCjOOChOOBmeOBhOOBn+OCgeOAgeWPluaJseOBhOOBq+OBlOazqOaEj+S4i+OBleOBhOOAgjxicj7jgYLjgonjgYvjgZjjgoHjgZTkuobmib/jgY/jgaDjgZXjgYTjgII8YnI+PGJyPgrjgJDplqLpgKPllYblk4HjgJE8YnI+CuOCq+OCv+OCq+ODiu+8iOODj+ihjO+9nuODr+ihjO+8iTljbeOBr++8nu+8nuOBk+OBoeOCiTxicj4K44Kr44K/44Kr44OK77yI5bCP44GV44GE44CM44Ok44O744Om44O744Oo44O744OE44CN44KE5r+B6Z+z44O75Y2K5r+B6Z+z77yJOWNt44Gv77ye77ye44GT44Gh44KJCjxicj48YnI+CjxpbWcgc3JjPSJodHRwOi8vd3d3LnJha3V0ZW4ubmUuanAvZ29sZC9lbmNoYW50ZXNob3AvaW1hZ2VzL2ZyZWUtcGFnZS9raXJpbnVraS1pbmZvLWJ1bm5lci5qcGciIHdpZHRoPSIxMDAlIj4=,6Ieq56S+5bel5oi/5pyo6KO95YiH44KK5oqc44GN5paH5a2X77yI44Kr44K/44Kr44OKOuOCouihjO+9nuODiuihjO+8iTljbSDljprjgZXntIQ2bW0gL+WIh+OCiuaWh+Wtl+WIh+aWh+Wtl+ODkeODvOODhOODj+ODs+ODieODoeOCpOODieOCr+ODqeODleODiERJWeihqOacreODjeODvOODoOODl+ODrOODvOODiOeci+adv+OCpuODg+ODieOBsuOBruOBjeODkuODjuOCreOCpuOCp+ODq+OCq+ODoOODnOODvOODieOCpuOCqOODh+OCo+ODs+OCsOaWsOWFpeWtpuWFpeWckuODoeODouODquOCouODq+S9nOWTgeOAkOOCr+ODreODjeOCs0RN5L6/5a++5b+c44CRW03kvr8gMS8yXe+8muOCouODs+OCt+ODo+ODs+ODhuODnuODvOOCseODg+ODiA==,6YCa5L+h6LKp5aOy6YCa6LKp44K344On44OD44OU44Oz44Kw44Kq44Oz44Op44Kk44Oz44K344On44OD44OU44Oz44Kw6LK344GE54mp44OX44Os44K844Oz44OI44Ku44OV44OI6LSI44KK54mp6LSI562U5ZOB44GK5Lit5YWD44GK5q2z5pqu44GK6LK344GE5b6X6J2244ON44Kv44K/44KkIOOCreODg+OCuuidtuODjeOCr+OCv+OCpCDotaTliIfjgormipzjgY3mloflrZfliIfjgormipzjgY0g44Kr44OD44K/44O844Km44Kn44Or44Kr44Og44Oc44O844OJIOaWh+Wtl+OCpuOCp+ODq+OCq+ODoOODnOODvOODiSDntKDmnZDmloflrZcg5Yqg5bel6ZuR6LKoIOOCruODleODiOWIh+OCiuaWh+WtlyDooajmnK3liIfjgormipzjgY0g5paH5a2XIOODleOCqeODs+ODiOiHquekvuW3peaIv+acqOijveWIh+OCiuaKnOOBjeaWh+Wtl++8iOOCq+OCv+OCq+ODijrjgqLooYzvvZ7jg4rooYzvvIk5Y20g5Y6a44GV57SENm1tIC/liIfjgormloflrZfliIfmloflrZfjg5Hjg7zjg4Tjg4/jg7Pjg4njg6HjgqTjg4njgq/jg6njg5Xjg4hESVnooajmnK3jg43jg7zjg6Djg5fjg6zjg7zjg4jnnIvmnb/jgqbjg4Pjg4njgbLjga7jgY3jg5Ljg47jgq3jgqbjgqfjg6vjgqvjg6Djg5zjg7zjg4njgqbjgqjjg4fjgqPjg7PjgrDmlrDlhaXlrablhaXlnJLjg6Hjg6Ljg6rjgqLjg6vkvZzlk4HjgJDjgq/jg63jg43jgrNETeS+v+WvvuW/nOOAkVtN5L6/IDEvMl0=,44Kq44Oq44K444OK44Or44ON44O844Og44OX44Os44O844OI44KE44OH44Kz44OR44O844K444Ol44Gr44CC44CC6Ieq56S+5bel5oi/5pyo6KO95YiH44KK5oqc44GN5paH5a2X77yI44Kr44K/44Kr44OKOuOCouihjO+9nuODiuihjO+8iTljbSDljprjgZXntIQ2bW0gL+WIh+OCiuaWh+Wtl+WIh+aWh+Wtl+ODkeODvOODhOODj+ODs+ODieODoeOCpOODieOCr+ODqeODleODiERJWeihqOacreODjeODvOODoOODl+ODrOODvOODiOeci+adv+OCpuODg+ODieOBsuOBruOBjeODkuODjuOCreOCpuOCp+ODq+OCq+ODoOODnOODvOODieOCpuOCqOODh+OCo+ODs+OCsOaWsOWFpeWtpuWFpeWckuODoeODouODquOCouODq+S9nOWTgeOAkOOCr+ODreODjeOCs0RN5L6/5a++5b+c44CRW03kvr8gMS8yXQ==[rn]
11-22266,aHR0cDovL3RzaG9wLnIxMHMuanAvaW5hcGFjL2NhYmluZXQvNGNyazQxLmpwZz9maXRpbj03MDA6NzAw,MTg0MC4wMDAw,,5pel55So5ZOB6ZuR6LKo44O75paH5oi/5YW344O75omL6Iq4ID4g5omL6Iq444O744Kv44Op44OV44OI44O755Sf5ZywID4g44Gd44Gu5LuW,44Kv44Op44OV44OI5q2m5bCGIOOCs+ODq+OCr+OCv+OCpOODlyDlrozmiJDlk4Eg44CQ5oim5Zu95q2m5bCGIOOCs+ODq+OCryDlvrPlt53lrrblurcg6LGK6Iej56eA5ZCJIOe5lOeUsOS/oemVtyDmrbTlj7Ig5aSp5LiL57Wx5LiAIOS4ieiLseWCkSDjgYrlnJ/nlKMg572u54mpIOODl+ODrOOCvOODs+ODiCDlpJblm73lnJ/nlKMg5pel5pys6KO944CR,,,44Kv44Op44OV44OI5q2m5bCGIOOCs+ODq+OCr+OCv+OCpOODlyDlrozmiJDlk4Eg44CQ5oim5Zu95q2m5bCGIOOCs+ODq+OCryDlvrPlt53lrrblurcg6LGK6Iej56eA5ZCJIOe5lOeUsOS/oemVtyDmrbTlj7Ig5aSp5LiL57Wx5LiAIOS4ieiLseWCkSDjgYrlnJ/nlKMg572u54mpIOODl+ODrOOCvOODs+ODiCDlpJblm73lnJ/nlKMg5pel5pys6KO944CR77ya44GP44KJ44G144Go5bel5oi/44Kv44Os44Ki44Or44CA5qW95aSp5biC5aC05bqX,6YCa5L+h6LKp5aOy6YCa6LKp44K344On44OD44OU44Oz44Kw44Kq44Oz44Op44Kk44Oz44K344On44OD44OU44Oz44Kw6LK344GE54mp44OX44Os44K844Oz44OI44Ku44OV44OI6LSI44KK54mp6LSI562U5ZOB44GK5Lit5YWD44GK5q2z5pqu44GK6LK344GE5b6X44Kv44Op44OV44OI5q2m5bCGIOOCs+ODq+OCr+OCv+OCpOODlyDlrozmiJDlk4Eg44CQ5oim5Zu95q2m5bCGIOOCs+ODq+OCryDlvrPlt53lrrblurcg6LGK6Iej56eA5ZCJIOe5lOeUsOS/oemVtyDmrbTlj7Ig5aSp5LiL57Wx5LiAIOS4ieiLseWCkSDjgYrlnJ/nlKMg572u54mpIOODl+ODrOOCvOODs+ODiCDlpJblm73lnJ/nlKMg5pel5pys6KO944CR,44Kv44Op44OV44OI5q2m5bCGIOOCs+ODq+OCr+OCv+OCpOODlyDlrozmiJDlk4Eg44CQ5oim5Zu95q2m5bCGIOOCs+ODq+OCryDlvrPlt53lrrblurcg6LGK6Iej56eA5ZCJIOe5lOeUsOS/oemVtyDmrbTlj7Ig5aSp5LiL57Wx5LiAIOS4ieiLseWCkSDjgYrlnJ/nlKMg572u54mpIOODl+ODrOOCvOODs+ODiCDlpJblm73lnJ/nlKMg5pel5pys6KO944CR[rn]
11-22267,aHR0cDovL3RzaG9wLnIxMHMuanAvbG91cGUtc3R1ZGlvL2NhYmluZXQvaS1kYmsvZGJrLTA0MTQuanBnP2ZpdGluPTcwMDo3MDA=,MzgwLjAwMDA=,,5pel55So5ZOB6ZuR6LKo44O75paH5oi/5YW344O75omL6Iq4ID4g5omL6Iq444O744Kv44Op44OV44OI44O755Sf5ZywID4g44Gd44Gu5LuW,44OP44OD44OU44O844K544Kk44O844OEIOODh+OCs+ODrOODvOOCt+ODp+ODs+ODkeODvOODhCDlpbPjga7lrZAg5bel5L2cIOODh+OCtuODvOODiCDjg4fjgrMg44Kx44O844Kt,,PHRhYmxlIGJvcmRlcj0iMSI+PHRyPjx0ZD7jg4/jg7zjg4jjgoTjg5Xjg6vjg7zjg4Tjga7jg4fjgrPjg5Hjg7zjg4TjgYznm5vjgorjgaDjgY/jgZXjgpMhPC90ZD48L3RyPjwvdGFibGU+PGJyIC8+PHA+PGltZyBzcmM9Imh0dHA6Ly9pbWFnZS5yYWt1dGVuLmNvLmpwL2xvdXBlLXN0dWRpby9jYWJpbmV0L2RiazAxL2Riay0wNDE0LWEuanBnIiBhbHQ9IuODj+ODg+ODlOODvOOCueOCpOODvOODhCDjg4fjgrPjg6zjg7zjgrfjg6fjg7Pjg5Hjg7zjg4QiZGF0YT0iIHdpZHRoPSIgMSI9IiIgd2lkdGg9IjEwMCUiICI9IiIgLz7jg4/jg7zjg4jjgoTjg5Xjg6vjg7zjg4Tjga7jg4fjgrPjg5Hjg7zjg4TjgYznm5vjgorjgaDjgY/jgZXjgpMgIeOCu+ODg+ODiOWGheWuuTrmnKjjga7jgrnjg5fjg7zjg7MxL+ODgeOCp+ODvOODszMv44K044Og44Gu44K544OI44Op44OD44OXNC/jg5Xjg6njg7Pjg5zjg6/jg7zjgrrjg5Hjg7zjg4QzL+ODquODs+OCtOODkeODvOODhDIv55yf54+g44OR44O844OENS/jg4/jg7zjg4jlnovjg5Hjg7zjg4QyL+aiheODkeODvOODhDEv6YeR6YqA44Oc44O844Or5ZCEMS/jgqzjg6njgrnjgrnjg4jjg7zjg7M1L+OCouOCr+ODquODq+OCueODiOODvOODszEwPGJyIC8+PC9wPjxiciAvPjxiciAvPjxociAvPjx0YWJsZSBib3JkZXI9IjEiPjx0cj48dGg+5ZWG5ZOB6YeN6YePPC90aD48dGQ+NDlnKOWMheijheizh+adkOWQq+OCgCk8L3RkPjwvdHI+PHRyPjx0aD7mnZDos6o8L3RoPjx0ZD7oo4Xpo77jg5Hjg7zjg4Qv5pyo44CB44K044Og44CB6YqF44CBQUJT44CB55m65rOh44K544OB44Ot44O844Or44CB44Ki44Kv44Oq44Or44CB44Ks44Op44K544CB44K544OB44O844Or5LuWPC90ZD48L3RyPjx0cj48dGg+5a++6LGh5bm06b2iKOebruWuiSk8L3RoPjx0ZD425q2z5Lul5LiKPC90ZD48L3RyPjwvdGFibGU+PGJyIC8+4oC75LuV5qeY5Y+K44Gz5aSW6Kaz44Gv5pS55ZaE44Gu44Gf44KB44CB5LqI5ZGK44Gq44GP5aSJ5pu044GZ44KL44GT44Go44GM44GC44KK44G+44GZ44CCPGJyIC8+PGJyIC8+PGJyIC8+PGJyIC8+44Oh44O844Kr44O85biM5pyb5bCP5aOy5L6h5qC844Gv44Oh44O844Kr44O844Kr44K/44Ot44Kw44Gr5Z+644Gl44GE44Gm5o6y6LyJ44GX44Gm44GE44G+44GZPGJyIC8+PGJyIC8+PGhyIC8+IOOAkOKXj+OBk+OBqeOCgumkqOOAkSA0OTA0OTAxOTA2NTc2IGxzQERCSy0wNDE0,44OP44OD44OU44O844K544Kk44O844OEIOODh+OCs+ODrOODvOOCt+ODp+ODs+ODkeODvOODhCDlpbPjga7lrZAg5bel5L2cIOODh+OCtuODvOODiCDjg4fjgrMg44Kx44O844Kt77ya44Or44O844Oa44K544K/44K444Kq,6YCa5L+h6LKp5aOy6YCa6LKp44K344On44OD44OU44Oz44Kw44Kq44Oz44Op44Kk44Oz44K344On44OD44OU44Oz44Kw6LK344GE54mp44OX44Os44K844Oz44OI44Ku44OV44OI6LSI44KK54mp6LSI562U5ZOB44GK5Lit5YWD44GK5q2z5pqu44GK6LK344GE5b6X44Or44O844OaIOODmuODs+ODgOODs+ODiOODq+ODvOODmiBMRUTjg6njgqTjg4gg44Or44O844OaIOWPjOecvOODoeOCrOODjeODq+ODvOODmiDkuKHmiYvjgYzkvb/jgYjjgovjg6vjg7zjg5rmi6HlpKfpj6HlpKnkvZPmnJvpgaDpj6Eg5Yid5b+D6ICFIOWwj+WtpueUn+WPjOecvOmPoSDjgqrjg5rjg6njgrDjg6njgrnomavnnLzpj6Eg44K544K/44Oz44OJ44Or44O844OaIOaJi+aMgeOBoeODq+ODvOODmuOCteODs+OCsOODqeOCuSDntKvlpJbnt5rjgqvjg4Pjg4ggVVbjgqrjg7zjg5Djg7zjgrXjg7PjgrDjg6njgrnjgqrjg7zjg5Djg7zjgrDjg6njgrnlt6Xlhbcg5paH5YW3IOODjeOCuOOCtuOCpuODq+OCuSDpiYTohZXjg4/jgrXjg58g44ON44K444OQ44K644O844Kr6aGV5b6u6Y+h5Zyw55CD5YSA44Kk44Ok44O844K544Kz44O844OXIOiAs+OBi+OBjeOCtOODvOOCsOODqyDnnLzpj6Hlr77lv5wg44K544OO44O844K044O844Kw44OrIOOCueODjuODvOODnOODvOODiSDjgrnjgq3jg7zoirHnsonjg6Hjgqzjg40g6Iqx57KJ55eHIOODoeOCrOODjSDoirHnsokg5a++562W44Kw44OD44K66Y+hIOODn+ODqeODvOODqeODs+ODi+ODs+OCsOOCpuOCqeODg+ODgeODl+ODqeODjeOCv+ODquOCpuODoOODreOCuOOCqCBSb3NpZXLjg6njg7Pjg4vjg7PjgrDjgqbjgqnjg4Pjg4Hnn6XogrLnjqnlhbcg5a2Q5L6bIOOCreODg+OCuiDjgZPjganjgoIg44K444Ol44OL44Ki44OP44OD44OU44O844K544Kk44O844OEIOODh+OCs+ODrOODvOOCt+ODp+ODs+ODkeODvOODhCDlpbPjga7lrZAg5bel5L2cIOODh+OCtuODvOODiCDjg4fjgrMg44Kx44O844Kt,44OP44OD44OU44O844K544Kk44O844OEIOWls+OBruWtkCDjgrnjgqTjg7zjg4Qg5aSP5LyR44G/IOW3peS9nCDjg4fjgrbjg7zjgILjg4/jg4Pjg5Tjg7zjgrnjgqTjg7zjg4Qg44OH44Kz44Os44O844K344On44Oz44OR44O844OEIOWls+OBruWtkCDlt6XkvZwg44OH44K244O844OIIOODh+OCsyDjgrHjg7zjgq0=[rn]
11-22268,aHR0cDovL3RzaG9wLnIxMHMuanAvbG91cGUtc3R1ZGlvL2NhYmluZXQvaS1kYmsvZGJrLTA0MzMuanBnP2ZpdGluPTcwMDo3MDA=,MzgwLjAwMDA=,,5pel55So5ZOB6ZuR6LKo44O75paH5oi/5YW344O75omL6Iq4ID4g5omL6Iq444O744Kv44Op44OV44OI44O755Sf5ZywID4g44Gd44Gu5LuW,44OL44K5IOOBreOCk+OBqSDjg4vjgrnjgrnjg5fjg6zjg7wg57KY5ZyfIOW3peS9nCDkvZzlk4Eg44Gk44KE44Gg44GXIOW3peiKuA==,,PHRhYmxlIGJvcmRlcj0iMSI+PHRyPjx0ZD7lt6XkvZzkvZzlk4Hku5XkuIrjgZLjgash5ZWG5ZOB44K144Kk44K6L+ebtOW+hDUyw5dIMTA1bW08L3RkPjwvdHI+PC90YWJsZT48YnIgLz7ntJnjga3jgpPjganjg7vntJnjg7vmnKjjg7vkuIDoiKzlt6XoirjjgavpganjgZfjgabjgYTjgb7jgZnjgILmiYvjgpLmsZrjgZXjgZrjgavnsKHljZjjg4Tjg6Tlh7rjgZfjgYzlh7rmnaXjgb7jgZnjgII8cD48aW1nIHNyYz0iaHR0cDovL2ltYWdlLnJha3V0ZW4uY28uanAvbG91cGUtc3R1ZGlvL2NhYmluZXQvZGJrMDEvZGJrLTA0MzMtYS5qcGciIGFsdD0i44Gt44KT44Gp44OL44K544K544OX44Os44O8ImRhdGE9IiB3aWR0aD0iIDEiPSIiIHdpZHRoPSIxMDAlIiAiPSIiIC8+5bel5L2c5L2c5ZOB5LuV5LiK44GS44GrIeW3peS9nOS9nOWTgeOBruS7leS4iuOBkuOBq+OAgeODlOOCq+ODg+OBqOODhOODpOOBjOOBp+OCiyHmiYvjgpLmsZrjgZXjgZrjgavnsKHljZjjg4Tjg6TjgaDjgZfjgILntJnnspjlnJ/jg7vmnKjjg7vkuIDoiKzlt6XoirjjgavpganjgZfjgabjgYTjgb7jgZnjgIIg5a656YePOjEwMG1sPGJyIC8+PGltZyBzcmM9Imh0dHA6Ly9pbWFnZS5yYWt1dGVuLmNvLmpwL2xvdXBlLXN0dWRpby9jYWJpbmV0L2RiazAxL2Riay0wNDMzLWIuanBnIiBhbHQ9IuOBreOCk+OBqeODi+OCueOCueODl+ODrOODvCJkYXRhPSIgd2lkdGg9IiAxIj0iIiB3aWR0aD0iMTAwJSIgIj0iIiAvPjxiciAvPjwvcD48YnIgLz48YnIgLz48aHIgLz48dGFibGUgYm9yZGVyPSIxIj48dHI+PHRoPuWVhuWTgeOCteOCpOOCujwvdGg+PHRkPuebtOW+hDUyw5dIMTA1bW08L3RkPjwvdHI+PHRyPjx0aD7llYblk4Hph43ph488L3RoPjx0ZD4xMjdnKOWMheijheizh+adkOWQq+OCgCk8L3RkPjwvdHI+PHRyPjx0aD7mnZDos6o8L3RoPjx0ZD7jg4vjgrkv5ZCI5oiQ5qi56ISCKOOCouOCr+ODquODqynjgIHmnInmqZ/murbliaTjgIHmsLQg5a655ZmoL+OCueODgeODvOODqyDjgq3jg6Pjg4Pjg5cvUFA8L3RkPjwvdHI+PHRyPjx0aD7lr77osaHlubTpvaIo55uu5a6JKTwvdGg+PHRkPjbmrbPku6XkuIo8L3RkPjwvdHI+PC90YWJsZT48YnIgLz7igLvku5Xmp5jlj4rjgbPlpJboprPjga/mlLnlloTjga7jgZ/jgoHjgIHkuojlkYrjgarjgY/lpInmm7TjgZnjgovjgZPjgajjgYzjgYLjgorjgb7jgZnjgII8YnIgLz48YnIgLz48YnIgLz7jgJDlrprlvaLlpJYyODDlhoblr77lv5xPS+OAkeOAkOOChuOBhuODoeODvOODq+S+v+S4jeWPr+OAkSDilqDjgZPjga7llYblk4Hjga8x54K544G+44Gn5a6a5b2i5aSW6YO15L6/44Gn44GU5rOo5paH6aCC44GR44G+44GZ44CCPGJyIC8+44Oh44O844Kr44O85biM5pyb5bCP5aOy5L6h5qC844Gv44Oh44O844Kr44O844Kr44K/44Ot44Kw44Gr5Z+644Gl44GE44Gm5o6y6LyJ44GX44Gm44GE44G+44GZPGJyIC8+PGJyIC8+PGhyIC8+IOOAkOKXj+OBk+OBqeOCgumkqOOAkSA0OTA0OTAxOTE1NTIzIGxzQERCSy0wNDMz,44OL44K5IOOBreOCk+OBqSDjg4vjgrnjgrnjg5fjg6zjg7wg57KY5ZyfIOW3peS9nCDkvZzlk4Eg44Gk44KE44Gg44GXIOW3peiKuO+8muODq+ODvOODmuOCueOCv+OCuOOCqg==,6YCa5L+h6LKp5aOy6YCa6LKp44K344On44OD44OU44Oz44Kw44Kq44Oz44Op44Kk44Oz44K344On44OD44OU44Oz44Kw6LK344GE54mp44OX44Os44K844Oz44OI44Ku44OV44OI6LSI44KK54mp6LSI562U5ZOB44GK5Lit5YWD44GK5q2z5pqu44GK6LK344GE5b6X44Or44O844OaIOODmuODs+ODgOODs+ODiOODq+ODvOODmiBMRUTjg6njgqTjg4gg44Or44O844OaIOWPjOecvOODoeOCrOODjeODq+ODvOODmiDkuKHmiYvjgYzkvb/jgYjjgovjg6vjg7zjg5rmi6HlpKfpj6HlpKnkvZPmnJvpgaDpj6Eg5Yid5b+D6ICFIOWwj+WtpueUn+WPjOecvOmPoSDjgqrjg5rjg6njgrDjg6njgrnomavnnLzpj6Eg44K544K/44Oz44OJ44Or44O844OaIOaJi+aMgeOBoeODq+ODvOODmuOCteODs+OCsOODqeOCuSDntKvlpJbnt5rjgqvjg4Pjg4ggVVbjgqrjg7zjg5Djg7zjgrXjg7PjgrDjg6njgrnjgqrjg7zjg5Djg7zjgrDjg6njgrnlt6Xlhbcg5paH5YW3IOODjeOCuOOCtuOCpuODq+OCuSDpiYTohZXjg4/jgrXjg58g44ON44K444OQ44K644O844Kr6aGV5b6u6Y+h5Zyw55CD5YSA44Kk44Ok44O844K544Kz44O844OXIOiAs+OBi+OBjeOCtOODvOOCsOODqyDnnLzpj6Hlr77lv5wg44K544OO44O844K044O844Kw44OrIOOCueODjuODvOODnOODvOODiSDjgrnjgq3jg7zoirHnsonjg6Hjgqzjg40g6Iqx57KJ55eHIOODoeOCrOODjSDoirHnsokg5a++562W44Kw44OD44K66Y+hIOODn+ODqeODvOODqeODs+ODi+ODs+OCsOOCpuOCqeODg+ODgeODl+ODqeODjeOCv+ODquOCpuODoOODreOCuOOCqCBSb3NpZXLjg6njg7Pjg4vjg7PjgrDjgqbjgqnjg4Pjg4Hnn6XogrLnjqnlhbcg5a2Q5L6bIOOCreODg+OCuiDjgZPjganjgoIg44K444Ol44OL44Ki44OL44K5IOOBreOCk+OBqSDjg4vjgrnjgrnjg5fjg6zjg7wg57KY5ZyfIOW3peS9nCDkvZzlk4Eg44Gk44KE44Gg44GXIOW3peiKuA==,44CQ5a6a5b2i5aSW5a++5b+cT0vjgJEg5bel5L2c5L2c5ZOB44Gu5pyA5b6M44Gu5LuV5LiK44GS44Gr77yB5omL44KS5rGa44GV44Ga57Ch5Y2Y44CC44OL44K5IOOBreOCk+OBqSDjg4vjgrnjgrnjg5fjg6zjg7wg57KY5ZyfIOW3peS9nCDkvZzlk4Eg44Gk44KE44Gg44GXIOW3peiKuA==[rn]
11-22269,aHR0cDovL3RzaG9wLnIxMHMuanAvbG91cGUtc3R1ZGlvL2NhYmluZXQvaS1kYmsvZGJrLTA0MDMuanBnP2ZpdGluPTcwMDo3MDA=,MTExMS4yMDAw,,5pel55So5ZOB6ZuR6LKo44O75paH5oi/5YW344O75omL6Iq4ID4g5omL6Iq444O744Kv44Op44OV44OI44O755Sf5ZywID4g44Gd44Gu5LuW,6Zm26Iq4IOWZqCDjgqrjg7zjg5bjg7PjgafkvZzjgovnsKHljZjpmbboirg=,,PHRhYmxlIGJvcmRlcj0iMSI+PHRyPjx0ZD7oh6rlroXjgafnsKHljZjjgavpmbboirjjgYzkvZPpqJPjgafjgY3jgoshIOmZtuiKuOeymOWcn+OBqOWwgueUqOmDqOadkOOBruOCu+ODg+ODiOOBp+OBmSE8L3RkPjwvdHI+PC90YWJsZT48YnIgLz48cD48aW1nIHNyYz0iaHR0cDovL2ltYWdlLnJha3V0ZW4uY28uanAvbG91cGUtc3R1ZGlvL2NhYmluZXQvZGJrMDEvZGJrLTA0MDMtYS5qcGciIGFsdD0i44Kq44O844OW44Oz44Gn5L2c44KL57Ch5Y2Y6Zm26Iq4ImRhdGE9IiB3aWR0aD0iIDEiPSIiIHdpZHRoPSIxMDAlIiAiPSIiIC8+6Ieq5a6F44Gn57Ch5Y2Y44Gr6Zm26Iq444GM5L2T6aiT44Gn44GN44KLIemZtuiKuOeymOWcn+OBqOWwgueUqOmDqOadkOOBruOCu+ODg+ODiOa4qeW6puiqv+evgOOBruOBp+OBjeOCiygxMDA/MTYw4oSDKeWutuW6reeUqOOBruOCquODvOODluODs+OBp+eEvOOBkeOBsOOAgeacrOagvOeahOOBqumZtuWZqOOBq+S7leS4iuOBjOOCiuOBvuOBmeOAguOCs+ODvOODiOWJpOOBr+WuieWFqOe0oOadkOOCkuS9v+eUqOOBl+OBpuOBhOOCi+OBruOBp+mjn+WZqOOCguS9nOOCjOOBvuOBmeOAguS+v+WIqeOBqueymOWcn+ODmeODqeOBpOOBjeOAgiAoMSnpmbboirjnspjlnJ/jgaflmajjgpLkvZzjgorjgIHkuIDml6Xkub7nh6XlvozjgIHjgqrjg7zjg5bjg7PjgafnhLzjgY3jgb7jgZnjgIIgKDIp57W144Gu5YW344Gq44Gp44Gn57W15LuY44GR44KS44GK44GT44Gq44GE44CB5Lm+44GE44Gf44KJ44Kz44O844OI5Ymk44KS5aGX44Gj44Gm5YaN5bqm44Kq44O844OW44Oz44Gn54S844GN44G+44GZ44CCICgzKeOCquODquOCuOODiuODq+mZtuiKuOS9nOWTgeOBruWujOaIkCHjgrPjg7zjg4jliaTloZfluIPjgafogJDmsLTmgKfjgYzlh7rjgovjga7jgafpo5/lmajjgajjgZfjgabkvb/nlKjlj6/og73jgILoqbPjgZfjgYTkvZzjgormlrnoqqzmmI7mm7jku5jjgY08YnIgLz48aW1nIHNyYz0iaHR0cDovL2ltYWdlLnJha3V0ZW4uY28uanAvbG91cGUtc3R1ZGlvL2NhYmluZXQvZGJrMDEvZGJrLTA0MDMtYi5qcGciIGFsdD0i44K744OD44OI5YaF5a65ImRhdGE9IiB3aWR0aD0iIDEiPSIiIHdpZHRoPSIxMDAlIiAiPSIiIC8+44K744OD44OI5YaF5a656Zm26Iq45L2c5ZOBKOm7kuODu+iMtikv57KY5Zyf44OZ44OpKDLmnKwpL+OCs+ODvOODiOWJpC/jga7jgZfmo5Iv5L2c44KK5pa56Kqs5piO5pu4KDHlhoopPGJyIC8+PGltZyBzcmM9Imh0dHA6Ly9pbWFnZS5yYWt1dGVuLmNvLmpwL2xvdXBlLXN0dWRpby9jYWJpbmV0L2RiazAxL2Riay0wNDAzLWMuanBnIiBhbHQ9IuOCu+ODg+ODiOWGheWuuSJkYXRhPSIgd2lkdGg9IiAxIj0iIiB3aWR0aD0iMTAwJSIgIj0iIiAvPjxiciAvPjwvcD48YnIgLz48YnIgLz48aHIgLz48dGFibGUgYm9yZGVyPSIxIj48dHI+PHRoPuWVhuWTgemHjemHjzwvdGg+PHRkPjc0Mmco5YyF6KOF6LOH5p2Q5ZCr44KAKTwvdGQ+PC90cj48dHI+PHRoPuadkOizqjwvdGg+PHRkPumZtuiKuOeymOWcnyjpu5IpL+acqOevgOeymOWcn+OAgVBF44CB6Ziy6IWQ5Ymk44CB5rC0PGJyIC8+IOmZtuiKuOmZtuWcnyjojLYpL+ibmeebrueymOWcn+OAgVBF44CB6Ziy6IWQ5Ymk44CB5rC0PGJyIC8+57KY5Zyf44OZ44OpL1BTIOOBruOBl+ajki/lho3nlJ9QUDxiciAvPuOCs+ODvOODiOWJpC/jgqLjgq/jg6rjg6vmqLnohILjgIHpmLLohZDliaTjgIHmsLQ8YnIgLz7kvZzjgormlrnoqqzmmI7mm7gv57SZPC90ZD48L3RyPjx0cj48dGg+5a++6LGh5bm06b2iKOebruWuiSk8L3RoPjx0ZD425q2z5Lul5LiKPC90ZD48L3RyPjwvdGFibGU+PGJyIC8+4oC75LuV5qeY5Y+K44Gz5aSW6Kaz44Gv5pS55ZaE44Gu44Gf44KB44CB5LqI5ZGK44Gq44GP5aSJ5pu044GZ44KL44GT44Go44GM44GC44KK44G+44GZ44CCPGJyIC8+PGJyIC8+PGJyIC8+44CQ44KG44GG44Oh44O844Or5L6/5LiN5Y+v44CRIOKWoOOBk+OBruWVhuWTgeOBr+OChuOBhuODoeODvOODq+mFjemAgeOBp+OBjeOBvuOBm+OCk+OAgjxiciAvPuODoeODvOOCq+ODvOW4jOacm+Wwj+WjsuS+oeagvOOBr+ODoeODvOOCq+ODvOOCq+OCv+ODreOCsOOBq+WfuuOBpeOBhOOBpuaOsui8ieOBl+OBpuOBhOOBvuOBmTxiciAvPjxiciAvPjxociAvPiDjgJDil4/jgZPjganjgoLppKjjgJEgNDkwNDkwMTkwNjE5NCBsc0BEQkstMDQwMw==,6Zm26Iq4IOWZqCDjgqrjg7zjg5bjg7PjgafkvZzjgovnsKHljZjpmbboirjvvJrjg6vjg7zjg5rjgrnjgr/jgrjjgqo=,6YCa5L+h6LKp5aOy6YCa6LKp44K344On44OD44OU44Oz44Kw44Kq44Oz44Op44Kk44Oz44K344On44OD44OU44Oz44Kw6LK344GE54mp44OX44Os44K844Oz44OI44Ku44OV44OI6LSI44KK54mp6LSI562U5ZOB44GK5Lit5YWD44GK5q2z5pqu44GK6LK344GE5b6X44Or44O844OaIOODmuODs+ODgOODs+ODiOODq+ODvOODmiBMRUTjg6njgqTjg4gg44Or44O844OaIOWPjOecvOODoeOCrOODjeODq+ODvOODmiDkuKHmiYvjgYzkvb/jgYjjgovjg6vjg7zjg5rmi6HlpKfpj6HlpKnkvZPmnJvpgaDpj6Eg5Yid5b+D6ICFIOWwj+WtpueUn+WPjOecvOmPoSDjgqrjg5rjg6njgrDjg6njgrnomavnnLzpj6Eg44K544K/44Oz44OJ44Or44O844OaIOaJi+aMgeOBoeODq+ODvOODmuOCteODs+OCsOODqeOCuSDntKvlpJbnt5rjgqvjg4Pjg4ggVVbjgqrjg7zjg5Djg7zjgrXjg7PjgrDjg6njgrnjgqrjg7zjg5Djg7zjgrDjg6njgrnlt6Xlhbcg5paH5YW3IOODjeOCuOOCtuOCpuODq+OCuSDpiYTohZXjg4/jgrXjg58g44ON44K444OQ44K644O844Kr6aGV5b6u6Y+h5Zyw55CD5YSA44Kk44Ok44O844K544Kz44O844OXIOiAs+OBi+OBjeOCtOODvOOCsOODqyDnnLzpj6Hlr77lv5wg44K544OO44O844K044O844Kw44OrIOOCueODjuODvOODnOODvOODiSDjgrnjgq3jg7zoirHnsonjg6Hjgqzjg40g6Iqx57KJ55eHIOODoeOCrOODjSDoirHnsokg5a++562W44Kw44OD44K66Y+hIOODn+ODqeODvOODqeODs+ODi+ODs+OCsOOCpuOCqeODg+ODgeODl+ODqeODjeOCv+ODquOCpuODoOODreOCuOOCqCBSb3NpZXLjg6njg7Pjg4vjg7PjgrDjgqbjgqnjg4Pjg4Hnn6XogrLnjqnlhbcg5a2Q5L6bIOOCreODg+OCuiDjgZPjganjgoIg44K444Ol44OL44Ki6Zm26Iq4IOWZqCDjgqrjg7zjg5bjg7PjgafkvZzjgovnsKHljZjpmbboirg=,6Zm26Iq4IOaJi+S9nOOCiiDotqPlkbMg44Kq44Oq44K444OK44OrIOWZqCDmn5rmnKjlr7/pm4TmsI8g6Ieq5a6F44Gn57Ch5Y2Y44CC6Zm26Iq4IOWZqCDjgqrjg7zjg5bjg7PjgafkvZzjgovnsKHljZjpmbboirg=[rn]
11-22270,aHR0cDovL3RzaG9wLnIxMHMuanAvbG91cGUtc3R1ZGlvL2NhYmluZXQvaS1kYmsvZGJrLTA0MzIuanBnP2ZpdGluPTcwMDo3MDA=,MTg5LjYwMDA=,,5pel55So5ZOB6ZuR6LKo44O75paH5oi/5YW344O75omL6Iq4ID4g5omL6Iq444O744Kv44Op44OV44OI44O755Sf5ZywID4g44Gd44Gu5LuW,44Gt44KT44GpIOODi+OCuSA2MG1sIOW3peS9nCDkvZzlk4Eg44Gk44KE44Gg44GXIOW3peiKuA==,,PHRhYmxlIGJvcmRlcj0iMSI+PHRyPjx0ZD7lt6XkvZzkvZzlk4Hku5XkuIrjgZLjgash5ZWG5ZOB44K144Kk44K6OuebtOW+hDU1w5dINTdtbTwvdGQ+PC90cj48L3RhYmxlPjxiciAvPue0meeymOWcn+ODu+e0meODu+acqOODu+S4gOiIrOW3peiKuOOBq+mBqeOBl+OBpuOBhOOBvuOBmeOAgjxwPjxpbWcgc3JjPSJodHRwOi8vaW1hZ2UucmFrdXRlbi5jby5qcC9sb3VwZS1zdHVkaW8vY2FiaW5ldC9kYmswMS9kYmstMDQzMi1hLmpwZyIgYWx0PSLjga3jgpPjganjg4vjgrkiZGF0YT0iIHdpZHRoPSIgMSI9IiIgd2lkdGg9IjEwMCUiICI9IiIgLz7lt6XkvZzkvZzlk4Hku5XkuIrjgZLjgash5bel5L2c5L2c5ZOB44Gu5LuV5LiK44GS44Gr44CB44OU44Kr44OD44Go44OE44Ok44GM44Gn44KLIee0meeymOWcn+ODu+acqOODu+S4gOiIrOW3peiKuOOBq+mBqeOBl+OBpuOBhOOBvuOBmeOAguWuuemHjy82MG1sPGJyIC8+PC9wPjxiciAvPjxiciAvPjxociAvPjx0YWJsZSBib3JkZXI9IjEiPjx0cj48dGg+5ZWG5ZOB44K144Kk44K6PC90aD48dGQ+55u05b6ENTXDl0g1N21tPC90ZD48L3RyPjx0cj48dGg+5ZWG5ZOB6YeN6YePPC90aD48dGQ+NzNnKOWMheijheizh+adkOWQq+OCgCk8L3RkPjwvdHI+PHRyPjx0aD7mnZDos6o8L3RoPjx0ZD7jg4vjgrkv5ZCI5oiQ5qi56ISCKOOCouOCr+ODquODqynjgIHmnInmqZ/murbliaTjgIHmsLQg5a655ZmoL1BWQyDjgq3jg6Pjg4Pjg5cvUFAg5Lit5qCTL1BFPC90ZD48L3RyPjx0cj48dGg+5a++6LGh5bm06b2iKOebruWuiSk8L3RoPjx0ZD425q2z5Lul5LiKPC90ZD48L3RyPjwvdGFibGU+PGJyIC8+4oC75LuV5qeY5Y+K44Gz5aSW6Kaz44Gv5pS55ZaE44Gu44Gf44KB44CB5LqI5ZGK44Gq44GP5aSJ5pu044GZ44KL44GT44Go44GM44GC44KK44G+44GZ44CCPGJyIC8+PGJyIC8+PGJyIC8+44CQ5a6a5b2i5aSWMjgw5YaG5a++5b+cT0vjgJHjgJDjgobjgYbjg6Hjg7zjg6vkvr/kuI3lj6/jgJEg4pag44GT44Gu5ZWG5ZOB44GvMeeCueOBvuOBp+WumuW9ouWklumDteS+v+OBp+OBlOazqOaWh+mgguOBkeOBvuOBmeOAgjxiciAvPuODoeODvOOCq+ODvOW4jOacm+Wwj+WjsuS+oeagvOOBr+ODoeODvOOCq+ODvOOCq+OCv+ODreOCsOOBq+WfuuOBpeOBhOOBpuaOsui8ieOBl+OBpuOBhOOBvuOBmTxiciAvPjxiciAvPjxociAvPiDjgJDil4/jgZPjganjgoLppKjjgJEgNDkwNDkwMTkxNTUwOSBsc0BEQkstMDQzMg==,44Gt44KT44GpIOODi+OCuSA2MG1sIOW3peS9nCDkvZzlk4Eg44Gk44KE44Gg44GXIOW3peiKuO+8muODq+ODvOODmuOCueOCv+OCuOOCqg==,6YCa5L+h6LKp5aOy6YCa6LKp44K344On44OD44OU44Oz44Kw44Kq44Oz44Op44Kk44Oz44K344On44OD44OU44Oz44Kw6LK344GE54mp44OX44Os44K844Oz44OI44Ku44OV44OI6LSI44KK54mp6LSI562U5ZOB44GK5Lit5YWD44GK5q2z5pqu44GK6LK344GE5b6X44Or44O844OaIOODmuODs+ODgOODs+ODiOODq+ODvOODmiBMRUTjg6njgqTjg4gg44Or44O844OaIOWPjOecvOODoeOCrOODjeODq+ODvOODmiDkuKHmiYvjgYzkvb/jgYjjgovjg6vjg7zjg5rmi6HlpKfpj6HlpKnkvZPmnJvpgaDpj6Eg5Yid5b+D6ICFIOWwj+WtpueUn+WPjOecvOmPoSDjgqrjg5rjg6njgrDjg6njgrnomavnnLzpj6Eg44K544K/44Oz44OJ44Or44O844OaIOaJi+aMgeOBoeODq+ODvOODmuOCteODs+OCsOODqeOCuSDntKvlpJbnt5rjgqvjg4Pjg4ggVVbjgqrjg7zjg5Djg7zjgrXjg7PjgrDjg6njgrnjgqrjg7zjg5Djg7zjgrDjg6njgrnlt6Xlhbcg5paH5YW3IOODjeOCuOOCtuOCpuODq+OCuSDpiYTohZXjg4/jgrXjg58g44ON44K444OQ44K644O844Kr6aGV5b6u6Y+h5Zyw55CD5YSA44Kk44Ok44O844K544Kz44O844OXIOiAs+OBi+OBjeOCtOODvOOCsOODqyDnnLzpj6Hlr77lv5wg44K544OO44O844K044O844Kw44OrIOOCueODjuODvOODnOODvOODiSDjgrnjgq3jg7zoirHnsonjg6Hjgqzjg40g6Iqx57KJ55eHIOODoeOCrOODjSDoirHnsokg5a++562W44Kw44OD44K66Y+hIOODn+ODqeODvOODqeODs+ODi+ODs+OCsOOCpuOCqeODg+ODgeODl+ODqeODjeOCv+ODquOCpuODoOODreOCuOOCqCBSb3NpZXLjg6njg7Pjg4vjg7PjgrDjgqbjgqnjg4Pjg4Hnn6XogrLnjqnlhbcg5a2Q5L6bIOOCreODg+OCuiDjgZPjganjgoIg44K444Ol44OL44Ki44Gt44KT44GpIOODi+OCuSA2MG1sIOW3peS9nCDkvZzlk4Eg44Gk44KE44Gg44GXIOW3peiKuA==,44CQ5a6a5b2i5aSW5a++5b+cT0vjgJEg5bel5L2c5L2c5ZOB44Gu5pyA5b6M44Gu5LuV5LiK44GS44Gr44OU44Kr44Gj44Go44OE44Ok5Ye644GX44CC44Gt44KT44GpIOODi+OCuSA2MG1sIOW3peS9nCDkvZzlk4Eg44Gk44KE44Gg44GXIOW3peiKuA==[rn]
11-22271,aHR0cDovL3RzaG9wLnIxMHMuanAvcGlua21vbmtleS9jYWJpbmV0L2hhbmRtYWRlMDQvaG0tMTktNTgtYzguanBnP2ZpdGluPTcwMDo3MDA=,MjAwLjAwMDA=,,5pel55So5ZOB6ZuR6LKo44O75paH5oi/5YW344O75omL6Iq4ID4g5omL6Iq444O744Kv44Op44OV44OI44O755Sf5ZywID4g44Gd44Gu5LuW,5pyo6KO9IOOCueODhuOCo+ODg+OCryDjg4rjg4Hjg6Xjg6njg6vjgqvjg6njg7zvvIgx44OR44OD44Kv77yJLyDjgqbjg4Pjg4njgrnjg4bjgqPjg4Pjgq8g5pyo44G544KJIOOCueODkeODgeODpeODqSDlt6XkvZwgRElZIOiHqueUseeglOeptiDpgKDlvaIg44OX44Os44O844OIIOOCsuODvOODoCDpgYrjgbMgc3RpY2sgYm9tYiDjgrnjg4bjgqPjg4Pjgq/jg5zjg6Ag44K544OG44Kj44OD44Kv44OJ44Of44OO44CQ44Kv44Ot44ON44KzRE3kvr/lr77lv5zjgJE=,,PGNlbnRlcj4KCjxpbWcgc3JjPSJodHRwOi8vaW1hZ2UucmFrdXRlbi5jby5qcC9waW5rbW9ua2V5L2NhYmluZXQvYmFubmVyL21haWxhLW9rLmpwZyIgd2lkdGg9IjkwJSIgYm9yZGVyPSIwIj48L2NlbnRlcj4KPGhyPjxmb250IGNvbG9yPSJmZjAwMDAiPuKAu+OBlOizvOWFpeWJjeOBq+W/heOBmuOBiuiqreOBv+OBj+OBoOOBleOBhDwvZm9udD48YnI+Cu+8nu+8niDjg6Hjg7zjg6vkvr/jgavjgaTjgYTjgabjga/jgZPjgaHjgok8YnI+Cjxocj4KPGJyPjxicj4K5aSn6YeP5rOo5paH44Gr44Gk44GN44G+44GX44Gm44K/44Kk44Of44Oz44Kw44GM44KP44KL44GP6LO85YWl5pWw44KS44GU55So5oSP44Gn44GN44Gq44GE5aC05ZCI44GM44G+44KM44Gr44GU44GW44GE44G+44GZ44CCPGJyPgrotrPjgorjgarjgYTliIbjgavjgaTjgY3jgb7jgZfjgabjga/lhaXojbfmrKHnrKzjga7nmbrpgIHjgafjgZTnm7joq4fjgZXjgZvjgabjgYTjgZ/jgaDjgY/jgZPjgajjgYzjgYLjgorjgb7jgZnjga7jgafjgZTnkIbop6Pjga7jgbvjganjgYrpoZjjgYTjgZfjgb7jgZnjgII8YnI+Cjxocj4KPGJyPgoK4pag5ZWG5ZOB5ZCN44CA5pyo6KO9IOOCueODhuOCo+ODg+OCryDjg4rjg4Hjg6Xjg6njg6vjgqvjg6njg7zvvIgx44OR44OD44Kv77yJPGJyPgrilqDjgrXjgqTjgroo57SEKSDmnIDplbfpg6jvvJoxMTBtbeOAgOW5he+8mjEwbW08YnI+CuKWoOOCu+ODg+ODiOWGheWuuSDDlzHjg5Hjg4Pjgq8o57SENTDmnKzlhaUpPGJyPgrilqDjgYroibLpgZXjgYTjga7llYblk4HjgIDmnKjoo70g44Kr44Op44OV44Or44K544OG44Kj44OD44Kv77yIMeODkeODg+OCr++8iTxicj7jgIAK4pag5YKZ6ICDIDxicj4K4oC744OR44K944Kz44Oz44Gu55Kw5aKD54q25rOB44Gr44KI44KK44CB5a6f6Zqb44Gu44GK6Imy44Go55Ww44Gq44KL5aC05ZCI44GM44GU44GW44GE44G+44GZ44CCPGJyPgrigLvmtbflpJbku5XlhaXjgozjga7oo73lk4Hjga7jgZ/jgoHjgYroibLjgIHlvaLjgarjganku5XlhaXjgozmmYLmnJ/jgoTjg63jg4Pjg4jjgavjgojjgoroi6XlubLjga7lt67nlbDjgYzjgYLjgovloLTlkIjjgYzjgZTjgZbjgYTjgb7jgZnjgII8YnI+Cgo8aW1nIHNyYz0iIGh0dHA6Ly9pbWFnZS5yYWt1dGVuLmNvLmpwL3Bpbmttb25rZXkvY2FiaW5ldC9zcC9rYW5yZW4uanBnIiBib3JkZXI9IjAiIHdpZHRoPSI5MCUiPjxicj4=,5pyo6KO9IOOCueODhuOCo+ODg+OCryDjg4rjg4Hjg6Xjg6njg6vjgqvjg6njg7zvvIgx44OR44OD44Kv77yJLyDjgqbjg4Pjg4njgrnjg4bjgqPjg4Pjgq8g5pyo44G544KJIOOCueODkeODgeODpeODqSDlt6XkvZwgRElZIOiHqueUseeglOeptiDpgKDlvaIg44OX44Os44O844OIIOOCsuODvOODoCDpgYrjgbMgc3RpY2sgYm9tYiDjgrnjg4bjgqPjg4Pjgq/jg5zjg6Ag44K544OG44Kj44OD44Kv44OJ44Of44OO44CQ44Kv44Ot44ON44KzRE3kvr/lr77lv5zjgJHvvJrmiYvoirjmnZDmlpnjga7jgYrlupcg44Ki44Oz44K344Oj44Oz44OG5bel5oi/,6YCa5L+h6LKp5aOy6YCa6LKp44K344On44OD44OU44Oz44Kw44Kq44Oz44Op44Kk44Oz44K344On44OD44OU44Oz44Kw6LK344GE54mp44OX44Os44K844Oz44OI44Ku44OV44OI6LSI44KK54mp6LSI562U5ZOB44GK5Lit5YWD44GK5q2z5pqu44GK6LK344GE5b6X6Z2p57SQIOmAmuiyqeODrOOCuOODsyDmnZDmlpnjg6zjgrjjg7Mg5Z6L44Os44K444OzIOODkeODvOODhOODj+ODs+ODieODoeOCpOODiSDmnZDmlpkg6LKp5aOy44OP44Oz44OJ44Oh44Kk44OJIOOCouOCr+OCu+OCteODquODvCDmnZDmlpnjg4/jg7Pjg4njg6HjgqTjg4kg5p2Q5paZIOa/gOWuieODj+ODs+ODieODoeOCpOODiSDjg5TjgqLjgrkg5p2Q5paZ44OP44Oz44OJ44Oh44Kk44OJIOODluODrOOCueODrOODg+ODiCDmnZDmlpnjgqvjg6vjg4jjg4rjg7zjgrjjg6Ug5p2Q5paZIOmAmuiyqeOCt+ODquOCs+ODs+ODouODvOODq+ODiSDjg6zjgrjjg7PpnanntJAgIOacrOmdqemdqee0kCDntLDjgYTjg6zjgrbjg7zjgrPjg7zjg4kgMW1t44Os44K244O844Kz44O844OJIOW5s+OCouOCr+OCu+OCteODquODvCDjg5Hjg7zjg4Qg6YCa6LKpIOOBiuOBmeOBmeOCgeOCouOCr+OCu+OCteODquODvCDph5Hlhbfjg5TjgqLjgrkg5Y+w57SZ44OU44Ki44K5IOODh+OCo+OCueODl+ODrOOCpOODrOOCuOODsyDlsIHlhaUg57Sg5p2Q5pyo6KO9IOOCueODhuOCo+ODg+OCryDjg4rjg4Hjg6Xjg6njg6vjgqvjg6njg7zvvIgx44OR44OD44Kv77yJLyDjgqbjg4Pjg4njgrnjg4bjgqPjg4Pjgq8g5pyo44G544KJIOOCueODkeODgeODpeODqSDlt6XkvZwgRElZIOiHqueUseeglOeptiDpgKDlvaIg44OX44Os44O844OIIOOCsuODvOODoCDpgYrjgbMgc3RpY2sgYm9tYiDjgrnjg4bjgqPjg4Pjgq/jg5zjg6Ag44K544OG44Kj44OD44Kv44OJ44Of44OO44CQ44Kv44Ot44ON44KzRE3kvr/lr77lv5zjgJE=,6Ieq55Sx56CU56m244KE5bel5L2c44Gu5p2Q5paZ44Gv44KC44Gh44KN44KT44CB44K544OG44Kj44OD44Kv44OJ44Of44OO44Gr44KC4pmq44CC5pyo6KO9IOOCueODhuOCo+ODg+OCryDjg4rjg4Hjg6Xjg6njg6vjgqvjg6njg7zvvIgx44OR44OD44Kv77yJLyDjgqbjg4Pjg4njgrnjg4bjgqPjg4Pjgq8g5pyo44G544KJIOOCueODkeODgeODpeODqSDlt6XkvZwgRElZIOiHqueUseeglOeptiDpgKDlvaIg44OX44Os44O844OIIOOCsuODvOODoCDpgYrjgbMgc3RpY2sgYm9tYiDjgrnjg4bjgqPjg4Pjgq/jg5zjg6Ag44K544OG44Kj44OD44Kv44OJ44Of44OO44CQ44Kv44Ot44ON44KzRE3kvr/lr77lv5zjgJE=[rn]
11-22272,aHR0cDovL3RzaG9wLnIxMHMuanAvaGFwcHljcmFmdC9jYWJpbmV0LzA0NDg5NDQ3L2ltZ3JjMDA2NDM4MjQyMS5qcGc/Zml0aW49NzAwOjcwMA==,MTM2LjAwMDA=,,5pel55So5ZOB6ZuR6LKo44O75paH5oi/5YW344O75omL6Iq4ID4g5omL6Iq444O744Kv44Op44OV44OI44O755Sf5ZywID4g44Gd44Gu5LuW,44OP44Oz44OJ44Oh44Kk44OJ44K/44KwIOW4g+OCv+OCsCDvvJFtIOOCquODquOCuOODiuODq+OCv+OCsCAgKEhBUFBZQ1JBRlQp,,44OP44Oz44OJ44Oh44Kk44OJ44Gr5b+F6aCI44Gu5biD44K/44Kw77yRbeOBp+OBmeOAgjxicj4K77yRbeWNmOS9jeOBp+OBmeOBruOBp+OAge+8ke+8kOaemuOBi+OCie+8ku+8kOaemuOBu+OBqeOBguOCiuOBvuOBmeOAgjxicj4K57a/77yR77yQ77yQ77yF44Gu44OP44Oz44OJ44Oh44Kk44OJ44K/44Kw44KS5piv6Z2e44GC44Gq44Gf44Gu44OP44Oz44OJ44Oh44Kk44OJ5L2c5ZOB44Gr44CCPGJyPg==,44OP44Oz44OJ44Oh44Kk44OJ44K/44KwIOW4g+OCv+OCsCDvvJFtIOOCquODquOCuOODiuODq+OCv+OCsCAgKEhBUFBZQ1JBRlQp77yaSEFQUFlDUkFGVA==,6YCa5L+h6LKp5aOy6YCa6LKp44K344On44OD44OU44Oz44Kw44Kq44Oz44Op44Kk44Oz44K344On44OD44OU44Oz44Kw6LK344GE54mp44OX44Os44K844Oz44OI44Ku44OV44OI6LSI44KK54mp6LSI562U5ZOB44GK5Lit5YWD44GK5q2z5pqu44GK6LK344GE5b6X44OP44Oz44OJ44Oh44Kk44OJ44K/44KwIOW4g+OCv+OCsCDvvJFtIOOCquODquOCuOODiuODq+OCv+OCsCAgKEhBUFBZQ1JBRlQp,44OP44Oz44OJ44Oh44Kk44OJ44Gr5b+F6aCI44CB44Kq44Oq44K444OK44Or5biD44K/44Kw77yRbeOAguODj+ODs+ODieODoeOCpOODieOCv+OCsCDluIPjgr/jgrAg77yRbSDjgqrjg6rjgrjjg4rjg6vjgr/jgrAgIChIQVBQWUNSQUZUKQ==[rn]
11-22273,aHR0cDovL3RzaG9wLnIxMHMuanAvaGFwcHljcmFmdC9jYWJpbmV0LzA0NDg5NDQ3L2ltZ3JjMDA2NDM5NTYwNi5qcGc/Zml0aW49NzAwOjcwMA==,MTM2LjAwMDA=,,5pel55So5ZOB6ZuR6LKo44O75paH5oi/5YW344O75omL6Iq4ID4g5omL6Iq444O744Kv44Op44OV44OI44O755Sf5ZywID4g44Gd44Gu5LuW,44OP44Oz44OJ44Oh44Kk44OJ44K/44KwIEhBTkRNQURF44Ot44K05pyJ44KKIOW4g+OCv+OCsCDvvJFtIOOCquODquOCuOODiuODq+OCv+OCsCAg57a/MTAwJSDnlJ/miJDjgoog44Oq44Oc44OzIChIQVBQWUNSQUZUKQ==,,44OP44Oz44OJ44Oh44Kk44OJ44Gr5b+F6aCI44Gu5biD44K/44Kw77yRbeOBp+OBmeOAgjxicj4K77yRbeWNmOS9jeOBp+OBmeOBruOBp+OAgeWIh+OBo+OBn+WgtOWQiO+8ke+8kOaemuOBi+OCie+8ku+8kOaemuOBu+OBqeOBguOCiuOBvuOBmeOAgjxicj4K57a/77yR77yQ77yQ77yF44Gu44OP44Oz44OJ44Oh44Kk44OJ44K/44Kw44KS5piv6Z2e44GC44Gq44Gf44Gu44OP44Oz44OJ44Oh44Kk44OJ5L2c5ZOB44Gr44CCPGJyPg==,44OP44Oz44OJ44Oh44Kk44OJ44K/44KwIEhBTkRNQURF44Ot44K05pyJ44KKIOW4g+OCv+OCsCDvvJFtIOOCquODquOCuOODiuODq+OCv+OCsCAg57a/MTAwJSDnlJ/miJDjgoog44Oq44Oc44OzIChIQVBQWUNSQUZUKe+8mkhBUFBZQ1JBRlQ=,6YCa5L+h6LKp5aOy6YCa6LKp44K344On44OD44OU44Oz44Kw44Kq44Oz44Op44Kk44Oz44K344On44OD44OU44Oz44Kw6LK344GE54mp44OX44Os44K844Oz44OI44Ku44OV44OI6LSI44KK54mp6LSI562U5ZOB44GK5Lit5YWD44GK5q2z5pqu44GK6LK344GE5b6X44OP44Oz44OJ44Oh44Kk44OJ44K/44KwIEhBTkRNQURF44Ot44K05pyJ44KKIOW4g+OCv+OCsCDvvJFtIOOCquODquOCuOODiuODq+OCv+OCsCAg57a/MTAwJSDnlJ/miJDjgoog44Oq44Oc44OzIChIQVBQWUNSQUZUKQ==,44OP44Oz44OJ44Oh44Kk44OJ44Gr5b+F6aCI44CB44Kq44Oq44K444OK44Or5biD44K/44Kw77yRbeOAguODj+ODs+ODieODoeOCpOODieOCv+OCsCBIQU5ETUFEReODreOCtOacieOCiiDluIPjgr/jgrAg77yRbSDjgqrjg6rjgrjjg4rjg6vjgr/jgrAgIOe2vzEwMCUg55Sf5oiQ44KKIOODquODnOODsyAoSEFQUFlDUkFGVCk=[rn]
11-22274,aHR0cDovL3RzaG9wLnIxMHMuanAvaGFwcHljcmFmdC9jYWJpbmV0LzA0NDg5NDQ3L2ltZ3JjMDA2NDM5NTYxNS5qcGc/Zml0aW49NzAwOjcwMA==,MTM2LjAwMDA=,,5pel55So5ZOB6ZuR6LKo44O75paH5oi/5YW344O75omL6Iq4ID4g5omL6Iq444O744Kv44Op44OV44OI44O755Sf5ZywID4g44Gd44Gu5LuW,44OP44Oz44OJ44Oh44Kk44OJ44K/44KwIOW4g+OCv+OCsCDvvJFtIOOCquODquOCuOODiuODq+OCv+OCsCAgKEhBUFBZQ1JBRlQp,,44OP44Oz44OJ44Oh44Kk44OJ44Gr5b+F6aCI44Gu5biD44K/44Kw77yRbeOBp+OBmeOAgjxicj4K77yRbeWNmOS9jeOBp+OBmeOBruOBp+OAge+8ke+8kOaemuOBi+OCie+8ku+8kOaemuOBu+OBqeOBguOCiuOBvuOBmeOAgjxicj4K57a/77yR77yQ77yQ77yF44Gu44OP44Oz44OJ44Oh44Kk44OJ44K/44Kw44KS5piv6Z2e44GC44Gq44Gf44Gu44OP44Oz44OJ44Oh44Kk44OJ5L2c5ZOB44Gr44CCPGJyPg==,44OP44Oz44OJ44Oh44Kk44OJ44K/44KwIOW4g+OCv+OCsCDvvJFtIOOCquODquOCuOODiuODq+OCv+OCsCAgKEhBUFBZQ1JBRlQp77yaSEFQUFlDUkFGVA==,6YCa5L+h6LKp5aOy6YCa6LKp44K344On44OD44OU44Oz44Kw44Kq44Oz44Op44Kk44Oz44K344On44OD44OU44Oz44Kw6LK344GE54mp44OX44Os44K844Oz44OI44Ku44OV44OI6LSI44KK54mp6LSI562U5ZOB44GK5Lit5YWD44GK5q2z5pqu44GK6LK344GE5b6X44OP44Oz44OJ44Oh44Kk44OJ44K/44KwIOW4g+OCv+OCsCDvvJFtIOOCquODquOCuOODiuODq+OCv+OCsCAgKEhBUFBZQ1JBRlQp,44OP44Oz44OJ44Oh44Kk44OJ44Gr5b+F6aCI44CB44Kq44Oq44K444OK44Or5biD44K/44Kw77yRbeOAguODj+ODs+ODieODoeOCpOODieOCv+OCsCDluIPjgr/jgrAg77yRbSDjgqrjg6rjgrjjg4rjg6vjgr/jgrAgIChIQVBQWUNSQUZUKQ==[rn]
11-22275,aHR0cDovL3RzaG9wLnIxMHMuanAvaGFwcHljcmFmdC9jYWJpbmV0LzA0NDg5NDQ3L2ltZ3JjMDA2NDM5NTYyMi5qcGc/Zml0aW49NzAwOjcwMA==,MTM2LjAwMDA=,,5pel55So5ZOB6ZuR6LKo44O75paH5oi/5YW344O75omL6Iq4ID4g5omL6Iq444O744Kv44Op44OV44OI44O755Sf5ZywID4g44Gd44Gu5LuW,44OP44Oz44OJ44Oh44Kk44OJ44K/44KwIOW4g+OCv+OCsCDvvJFtIOOCquODquOCuOODiuODq+OCv+OCsCAzY23DlzdjbSDnlJ/miJDjgoog44Oq44Oc44OzICAgKEhBUFBZQ1JBRlQp,,44OP44Oz44OJ44Oh44Kk44OJ44Gr5b+F6aCI44Gu5biD44K/44Kw77yRbeOBp+OBmeOAgjxicj4K77yRbeWNmOS9jeOBp+OBmeOBruOBp+OAge+8ke+8kOaemuOBi+OCie+8ku+8kOaemuOBu+OBqeOBguOCiuOBvuOBmeOAgjxicj4K57a/77yR77yQ77yQ77yF44Gu44OP44Oz44OJ44Oh44Kk44OJ44K/44Kw44KS5piv6Z2e44GC44Gq44Gf44Gu44OP44Oz44OJ44Oh44Kk44OJ5L2c5ZOB44Gr44CCPGJyPg==,44OP44Oz44OJ44Oh44Kk44OJ44K/44KwIOW4g+OCv+OCsCDvvJFtIOOCquODquOCuOODiuODq+OCv+OCsCAzY20mdGltZXM7N2NtIOeUn+aIkOOCiiDjg6rjg5zjg7MgICAoSEFQUFlDUkFGVCnvvJpIQVBQWUNSQUZU,6YCa5L+h6LKp5aOy6YCa6LKp44K344On44OD44OU44Oz44Kw44Kq44Oz44Op44Kk44Oz44K344On44OD44OU44Oz44Kw6LK344GE54mp44OX44Os44K844Oz44OI44Ku44OV44OI6LSI44KK54mp6LSI562U5ZOB44GK5Lit5YWD44GK5q2z5pqu44GK6LK344GE5b6X44OP44Oz44OJ44Oh44Kk44OJ44K/44KwIOW4g+OCv+OCsCDvvJFtIOOCquODquOCuOODiuODq+OCv+OCsCAzY20mdGltZXM7N2NtIOeUn+aIkOOCiiDjg6rjg5zjg7MgICAoSEFQUFlDUkFGVCk=,44OP44Oz44OJ44Oh44Kk44OJ44Gr5b+F6aCI44CB44Kq44Oq44K444OK44Or5biD44K/44Kw77yRbeOAguODj+ODs+ODieODoeOCpOODieOCv+OCsCDluIPjgr/jgrAg77yRbSDjgqrjg6rjgrjjg4rjg6vjgr/jgrAgM2NtJnRpbWVzOzdjbSDnlJ/miJDjgoog44Oq44Oc44OzICAgKEhBUFBZQ1JBRlQp[rn]
11-22276,aHR0cDovL3RzaG9wLnIxMHMuanAvaGFwcHljcmFmdC9jYWJpbmV0LzA0NDg5NDQ3L2ltZ3JjMDA2NDM5NTYxOC5qcGc/Zml0aW49NzAwOjcwMA==,MTM2LjAwMDA=,,5pel55So5ZOB6ZuR6LKo44O75paH5oi/5YW344O75omL6Iq4ID4g5omL6Iq444O744Kv44Op44OV44OI44O755Sf5ZywID4g44Gd44Gu5LuW,44OP44Oz44OJ44Oh44Kk44OJ44K/44KwIOW4g+OCv+OCsCDvvJFtIOOCquODquOCuOODiuODq+OCv+OCsCDjg5Xjg6njg7Pjgrnoqp4g55Sf5oiQ44KKIOe2vzEwMCUgMi41Y23DlzVjbSAg44Oq44Oc44OzIChIQVBQWUNSQUZUKQ==,,44OP44Oz44OJ44Oh44Kk44OJ44Gr5b+F6aCI44Gu5biD44K/44Kw77yRbeOBp+OBmeOAgjxicj4K77yRbeWNmOS9jeOBp+OBmeOBruOBp+OAge+8ke+8kOaemuOBi+OCie+8ku+8kOaemuOBu+OBqeOBguOCiuOBvuOBmeOAgjxicj4K57a/77yR77yQ77yQ77yF44Gu44OP44Oz44OJ44Oh44Kk44OJ44K/44Kw44KS5piv6Z2e44GC44Gq44Gf44Gu44OP44Oz44OJ44Oh44Kk44OJ5L2c5ZOB44Gr44CCPGJyPg==,44OP44Oz44OJ44Oh44Kk44OJ44K/44KwIOW4g+OCv+OCsCDvvJFtIOOCquODquOCuOODiuODq+OCv+OCsCDjg5Xjg6njg7Pjgrnoqp4g55Sf5oiQ44KKIOe2vzEwMCUgMi41Y20mdGltZXM7NWNtICDjg6rjg5zjg7MgKEhBUFBZQ1JBRlQp77yaSEFQUFlDUkFGVA==,6YCa5L+h6LKp5aOy6YCa6LKp44K344On44OD44OU44Oz44Kw44Kq44Oz44Op44Kk44Oz44K344On44OD44OU44Oz44Kw6LK344GE54mp44OX44Os44K844Oz44OI44Ku44OV44OI6LSI44KK54mp6LSI562U5ZOB44GK5Lit5YWD44GK5q2z5pqu44GK6LK344GE5b6X44OP44Oz44OJ44Oh44Kk44OJ44K/44KwIOW4g+OCv+OCsCDvvJFtIOOCquODquOCuOODiuODq+OCv+OCsCDjg5Xjg6njg7Pjgrnoqp4g55Sf5oiQ44KKIOe2vzEwMCUgMi41Y20mdGltZXM7NWNtICDjg6rjg5zjg7MgKEhBUFBZQ1JBRlQp,44OP44Oz44OJ44Oh44Kk44OJ44Gr5b+F6aCI44CB44Kq44Oq44K444OK44Or5biD44K/44Kw77yRbeOAguODj+ODs+ODieODoeOCpOODieOCv+OCsCDluIPjgr/jgrAg77yRbSDjgqrjg6rjgrjjg4rjg6vjgr/jgrAg44OV44Op44Oz44K56KqeIOeUn+aIkOOCiiDntr8xMDAlIDIuNWNtJnRpbWVzOzVjbSAg44Oq44Oc44OzIChIQVBQWUNSQUZUKQ==[rn]
11-22277,aHR0cDovL3RzaG9wLnIxMHMuanAvaGFwcHljcmFmdC9jYWJpbmV0LzA0NDg5NDQ3L2ltZ3JjMDA2NDM5NTYyNy5qcGc/Zml0aW49NzAwOjcwMA==,MTM2LjAwMDA=,,5pel55So5ZOB6ZuR6LKo44O75paH5oi/5YW344O75omL6Iq4ID4g5omL6Iq444O744Kv44Op44OV44OI44O755Sf5ZywID4g44Gd44Gu5LuW,44OP44Oz44OJ44Oh44Kk44OJ44K/44KwIOW4g+OCv+OCsCDvvJFtIOOCquODquOCuOODiuODq+OCv+OCsCDjgqjjg4Pjg5Xjgqfjg6vloZQgIOeUn+aIkOOCiiDlpKfjgY3jgoEg44Oq44Oc44OzIOODkOODg+OCsOOChOODneODvOODgeS9nOOCiuOBqyhIQVBQWUNSQUZUKQ==,,44OP44Oz44OJ44Oh44Kk44OJ44Gr5b+F6aCI44Gu5biD44K/44Kw77yRbeOBp+OBmeOAgjxicj4K77yRbeWNmOS9jeOBp+OBmeOBruOBp+OAge+8ke+8kOaemuOBi+OCie+8ku+8kOaemuOBu+OBqeOBguOCiuOBvuOBmeOAgjxicj4K57a/77yR77yQ77yQ77yF44Gu44OP44Oz44OJ44Oh44Kk44OJ44K/44Kw44KS5piv6Z2e44GC44Gq44Gf44Gu44OP44Oz44OJ44Oh44Kk44OJ5L2c5ZOB44Gr44CCPGJyPg==,44OP44Oz44OJ44Oh44Kk44OJ44K/44KwIOW4g+OCv+OCsCDvvJFtIOOCquODquOCuOODiuODq+OCv+OCsCDjgqjjg4Pjg5Xjgqfjg6vloZQgIOeUn+aIkOOCiiDlpKfjgY3jgoEg44Oq44Oc44OzIOODkOODg+OCsOOChOODneODvOODgeS9nOOCiuOBqyhIQVBQWUNSQUZUKe+8mkhBUFBZQ1JBRlQ=,6YCa5L+h6LKp5aOy6YCa6LKp44K344On44OD44OU44Oz44Kw44Kq44Oz44Op44Kk44Oz44K344On44OD44OU44Oz44Kw6LK344GE54mp44OX44Os44K844Oz44OI44Ku44OV44OI6LSI44KK54mp6LSI562U5ZOB44GK5Lit5YWD44GK5q2z5pqu44GK6LK344GE5b6X44OP44Oz44OJ44Oh44Kk44OJ44K/44KwIOW4g+OCv+OCsCDvvJFtIOOCquODquOCuOODiuODq+OCv+OCsCDjgqjjg4Pjg5Xjgqfjg6vloZQgIOeUn+aIkOOCiiDlpKfjgY3jgoEg44Oq44Oc44OzIOODkOODg+OCsOOChOODneODvOODgeS9nOOCiuOBqyhIQVBQWUNSQUZUKQ==,44OP44Oz44OJ44Oh44Kk44OJ44Gr5b+F6aCI44CB44Kq44Oq44K444OK44Or5biD44K/44Kw77yRbeOAguODj+ODs+ODieODoeOCpOODieOCv+OCsCDluIPjgr/jgrAg77yRbSDjgqrjg6rjgrjjg4rjg6vjgr/jgrAg44Ko44OD44OV44Kn44Or5aGUICDnlJ/miJDjgoog5aSn44GN44KBIOODquODnOODsyDjg5Djg4PjgrDjgoTjg53jg7zjg4HkvZzjgorjgasoSEFQUFlDUkFGVCk=[rn]
11-22278,aHR0cDovL3RzaG9wLnIxMHMuanAvaGFwcHljcmFmdC9jYWJpbmV0LzA0NDg5NDQ3L2ltZ3JjMDA2NDM5NTYzMS5qcGc/Zml0aW49NzAwOjcwMA==,MTM2LjAwMDA=,,5pel55So5ZOB6ZuR6LKo44O75paH5oi/5YW344O75omL6Iq4ID4g5omL6Iq444O744Kv44Op44OV44OI44O755Sf5ZywID4g44Gd44Gu5LuW,44OP44Oz44OJ44Oh44Kk44OJ44K/44KwIOW4g+OCv+OCsCDvvJFtIOOCquODquOCuOODiuODq+OCv+OCsCDliIfmiYvpoqggNGNtw5c2Y20g55Sf5oiQ44KKIOe2vzEwMCUg6LKh5biD44KE44Od44O844OB44CB44GM44G+5Y+j5L2c44KK44GrICAoSEFQUFlDUkFGVCk=,,44OP44Oz44OJ44Oh44Kk44OJ44Gr5b+F6aCI44Gu5biD44K/44Kw77yRbeOBp+OBmeOAgjxicj4K77yRbeWNmOS9jeOBp+OBmeOBruOBp+OAge+8ke+8kOaemuOBi+OCie+8ku+8kOaemuOBu+OBqeOBguOCiuOBvuOBmeOAgjxicj4K57a/77yR77yQ77yQ77yF44Gu44OP44Oz44OJ44Oh44Kk44OJ44K/44Kw44KS5piv6Z2e44GC44Gq44Gf44Gu44OP44Oz44OJ44Oh44Kk44OJ5L2c5ZOB44Gr44CCPGJyPg==,44OP44Oz44OJ44Oh44Kk44OJ44K/44KwIOW4g+OCv+OCsCDvvJFtIOOCquODquOCuOODiuODq+OCv+OCsCDliIfmiYvpoqggNGNtJnRpbWVzOzZjbSDnlJ/miJDjgoog57a/MTAwJSDosqHluIPjgoTjg53jg7zjg4HjgIHjgYzjgb7lj6PkvZzjgorjgasgIChIQVBQWUNSQUZUKe+8mkhBUFBZQ1JBRlQ=,6YCa5L+h6LKp5aOy6YCa6LKp44K344On44OD44OU44Oz44Kw44Kq44Oz44Op44Kk44Oz44K344On44OD44OU44Oz44Kw6LK344GE54mp44OX44Os44K844Oz44OI44Ku44OV44OI6LSI44KK54mp6LSI562U5ZOB44GK5Lit5YWD44GK5q2z5pqu44GK6LK344GE5b6X44OP44Oz44OJ44Oh44Kk44OJ44K/44KwIOW4g+OCv+OCsCDvvJFtIOOCquODquOCuOODiuODq+OCv+OCsCDliIfmiYvpoqggNGNtJnRpbWVzOzZjbSDnlJ/miJDjgoog57a/MTAwJSDosqHluIPjgoTjg53jg7zjg4HjgIHjgYzjgb7lj6PkvZzjgorjgasgIChIQVBQWUNSQUZUKQ==,44OP44Oz44OJ44Oh44Kk44OJ44Gr5b+F6aCI44CB44Kq44Oq44K444OK44Or5biD44K/44Kw77yRbeOAguODj+ODs+ODieODoeOCpOODieOCv+OCsCDluIPjgr/jgrAg77yRbSDjgqrjg6rjgrjjg4rjg6vjgr/jgrAg5YiH5omL6aKoIDRjbSZ0aW1lczs2Y20g55Sf5oiQ44KKIOe2vzEwMCUg6LKh5biD44KE44Od44O844OB44CB44GM44G+5Y+j5L2c44KK44GrICAoSEFQUFlDUkFGVCk=[rn]
11-22279,aHR0cDovL3RzaG9wLnIxMHMuanAvaGFwcHljcmFmdC9jYWJpbmV0LzA0NDg5NDQ3L2ltZ3JjMDA2NDM5NTU5NC5qcGc/Zml0aW49NzAwOjcwMA==,MTM2LjAwMDA=,,5pel55So5ZOB6ZuR6LKo44O75paH5oi/5YW344O75omL6Iq4ID4g5omL6Iq444O744Kv44Op44OV44OI44O755Sf5ZywID4g44Gd44Gu5LuW,44OP44Oz44OJ44Oh44Kk44OJ44K/44KwIOW4g+OCv+OCsCDvvJFtIOOCquODquOCuOODiuODq+OCv+OCsCAgKEhBUFBZQ1JBRlQp,,44OP44Oz44OJ44Oh44Kk44OJ44Gr5b+F6aCI44Gu5biD44K/44Kw77yRbeOBp+OBmeOAgjxicj4K77yRbeWNmOS9jeOBp+OBmeOBruOBp+OAgeWIh+OBo+OBn+WgtOWQiO+8ke+8kOaemuOBi+OCie+8ku+8kOaemuOBu+OBqeOBguOCiuOBvuOBmeOAgjxicj4K57a/77yR77yQ77yQ77yF44Gu44OP44Oz44OJ44Oh44Kk44OJ44K/44Kw44KS5piv6Z2e44GC44Gq44Gf44Gu44OP44Oz44OJ44Oh44Kk44OJ5L2c5ZOB44Gr44CCPGJyPg==,44OP44Oz44OJ44Oh44Kk44OJ44K/44KwIOW4g+OCv+OCsCDvvJFtIOOCquODquOCuOODiuODq+OCv+OCsCAgKEhBUFBZQ1JBRlQp77yaSEFQUFlDUkFGVA==,6YCa5L+h6LKp5aOy6YCa6LKp44K344On44OD44OU44Oz44Kw44Kq44Oz44Op44Kk44Oz44K344On44OD44OU44Oz44Kw6LK344GE54mp44OX44Os44K844Oz44OI44Ku44OV44OI6LSI44KK54mp6LSI562U5ZOB44GK5Lit5YWD44GK5q2z5pqu44GK6LK344GE5b6X44OP44Oz44OJ44Oh44Kk44OJ44K/44KwIOW4g+OCv+OCsCDvvJFtIOOCquODquOCuOODiuODq+OCv+OCsCAgKEhBUFBZQ1JBRlQp,44OP44Oz44OJ44Oh44Kk44OJ44Gr5b+F6aCI44CB44Kq44Oq44K444OK44Or5biD44K/44Kw77yRbeOAguODj+ODs+ODieODoeOCpOODieOCv+OCsCDluIPjgr/jgrAg77yRbSDjgqrjg6rjgrjjg4rjg6vjgr/jgrAgIChIQVBQWUNSQUZUKQ==[rn]
11-22280,aHR0cDovL3RzaG9wLnIxMHMuanAvaGFwcHljcmFmdC9jYWJpbmV0LzA0NDg5NDQ3L2ltZ3JjMDA2NDM5NTYzNS5qcGc/Zml0aW49NzAwOjcwMA==,MTM2LjAwMDA=,,5pel55So5ZOB6ZuR6LKo44O75paH5oi/5YW344O75omL6Iq4ID4g5omL6Iq444O744Kv44Op44OV44OI44O755Sf5ZywID4g44Gd44Gu5LuW,44OP44Oz44OJ44Oh44Kk44OJ44K/44KwIOW4g+OCv+OCsCDvvJFtIOOCquODquOCuOODiuODq+OCv+OCsCBIQU5EQU1BREXjg63jgrQgIOeUn+aIkOOCiiDjg6rjg5zjg7Mg44OQ44OD44Kw44KE44Od44O844OB5L2c44KK44GrIOe2vzEwMCUgKEhBUFBZQ1JBRlQp,,PHRhYmxlIHdpZHRoPSI2NTAiPjx0cj48dGQ+CuODj+ODs+ODieODoeOCpOODieOBq+W/hemgiOOBruW4g+OCv+OCsO+8kW3jgafjgZnjgII8YnI+Cu+8kW3ljZjkvY3jgafjgZnjga7jgafjgIHvvJHvvJDmnprjgYvjgonvvJLvvJDmnprjgbvjganjgYLjgorjgb7jgZnjgII8YnI+Cue2v++8ke+8kO+8kO+8heOBruODj+ODs+ODieODoeOCpOODieOCv+OCsOOCkuaYr+mdnuOBguOBquOBn+OBruODj+ODs+ODieODoeOCpOODieS9nOWTgeOBq+OAgjxicj4KPC90ZD48L3RyPjwvdGFibGU+,44OP44Oz44OJ44Oh44Kk44OJ44K/44KwIOW4g+OCv+OCsCDvvJFtIOOCquODquOCuOODiuODq+OCv+OCsCBIQU5EQU1BREXjg63jgrQgIOeUn+aIkOOCiiDjg6rjg5zjg7Mg44OQ44OD44Kw44KE44Od44O844OB5L2c44KK44GrIOe2vzEwMCUgKEhBUFBZQ1JBRlQp77yaSEFQUFlDUkFGVA==,6YCa5L+h6LKp5aOy6YCa6LKp44K344On44OD44OU44Oz44Kw44Kq44Oz44Op44Kk44Oz44K344On44OD44OU44Oz44Kw6LK344GE54mp44OX44Os44K844Oz44OI44Ku44OV44OI6LSI44KK54mp6LSI562U5ZOB44GK5Lit5YWD44GK5q2z5pqu44GK6LK344GE5b6X44OP44Oz44OJ44Oh44Kk44OJ44K/44KwIOW4g+OCv+OCsCDvvJFtIOOCquODquOCuOODiuODq+OCv+OCsCBIQU5EQU1BREXjg63jgrQgIOeUn+aIkOOCiiDjg6rjg5zjg7Mg44OQ44OD44Kw44KE44Od44O844OB5L2c44KK44GrIOe2vzEwMCUgKEhBUFBZQ1JBRlQp,44OP44Oz44OJ44Oh44Kk44OJ44Gr5b+F6aCI44CB44Kq44Oq44K444OK44Or5biD44K/44Kw77yRbeOAguODj+ODs+ODieODoeOCpOODieOCv+OCsCDluIPjgr/jgrAg77yRbSDjgqrjg6rjgrjjg4rjg6vjgr/jgrAgSEFOREFNQURF44Ot44K0ICDnlJ/miJDjgoog44Oq44Oc44OzIOODkOODg+OCsOOChOODneODvOODgeS9nOOCiuOBqyDntr8xMDAlIChIQVBQWUNSQUZUKQ==[rn]
11-22281,aHR0cDovL3RzaG9wLnIxMHMuanAvaGFwcHljcmFmdC9jYWJpbmV0LzA0NDg5NDQ3L2ltZ3JjMDA2NDM5NTYxMS5qcGc/Zml0aW49NzAwOjcwMA==,MTM2LjAwMDA=,,5pel55So5ZOB6ZuR6LKo44O75paH5oi/5YW344O75omL6Iq4ID4g5omL6Iq444O744Kv44Op44OV44OI44O755Sf5ZywID4g44Gd44Gu5LuW,44OP44Oz44OJ44Oh44Kk44OJ44K/44KwIOW4g+OCv+OCsCDvvJFtIOaeneOBruWwj+mzpemBlCDnlJ/miJDjgoog57a/MTAwJSDjg5Djg4Pjgq/jgoTjg53jg7zjg4Hjga7jgr/jgrAg44Kq44Oq44K444OK44Or44K/44KwICAoSEFQUFlDUkFGVCk=,,44OP44Oz44OJ44Oh44Kk44OJ44Gr5b+F6aCI44Gu5biD44K/44Kw77yRbeOBp+OBmeOAgjxicj4K77yRbeWNmOS9jeOBp+OBmeOBruOBp+OAge+8ke+8kOaemuOBi+OCie+8ku+8kOaemuOBu+OBqeOBguOCiuOBvuOBmeOAgjxicj4K57a/77yR77yQ77yQ77yF44Gu44OP44Oz44OJ44Oh44Kk44OJ44K/44Kw44KS5piv6Z2e44GC44Gq44Gf44Gu44OP44Oz44OJ44Oh44Kk44OJ5L2c5ZOB44Gr44CCPGJyPg==,44OP44Oz44OJ44Oh44Kk44OJ44K/44KwIOW4g+OCv+OCsCDvvJFtIOaeneOBruWwj+mzpemBlCDnlJ/miJDjgoog57a/MTAwJSDjg5Djg4Pjgq/jgoTjg53jg7zjg4Hjga7jgr/jgrAg44Kq44Oq44K444OK44Or44K/44KwICAoSEFQUFlDUkFGVCnvvJpIQVBQWUNSQUZU,6YCa5L+h6LKp5aOy6YCa6LKp44K344On44OD44OU44Oz44Kw44Kq44Oz44Op44Kk44Oz44K344On44OD44OU44Oz44Kw6LK344GE54mp44OX44Os44K844Oz44OI44Ku44OV44OI6LSI44KK54mp6LSI562U5ZOB44GK5Lit5YWD44GK5q2z5pqu44GK6LK344GE5b6X44OP44Oz44OJ44Oh44Kk44OJ44K/44KwIOW4g+OCv+OCsCDvvJFtIOaeneOBruWwj+mzpemBlCDnlJ/miJDjgoog57a/MTAwJSDjg5Djg4Pjgq/jgoTjg53jg7zjg4Hjga7jgr/jgrAg44Kq44Oq44K444OK44Or44K/44KwICAoSEFQUFlDUkFGVCk=,44OP44Oz44OJ44Oh44Kk44OJ44Gr5b+F6aCI44CB44Kq44Oq44K444OK44Or5biD44K/44Kw77yRbeOAguODj+ODs+ODieODoeOCpOODieOCv+OCsCDluIPjgr/jgrAg77yRbSDmnp3jga7lsI/ps6XpgZQg55Sf5oiQ44KKIOe2vzEwMCUg44OQ44OD44Kv44KE44Od44O844OB44Gu44K/44KwIOOCquODquOCuOODiuODq+OCv+OCsCAgKEhBUFBZQ1JBRlQp[rn]
11-22282,aHR0cDovL3RzaG9wLnIxMHMuanAva2VpdG8temFra2EvY2FiaW5ldC8wMTM3Nzc4OC8wMTQwMzQzMC9pbWdyYzAwNjc2NzI2MTAuanBnP2ZpdGluPTcwMDo3MDA=,MTU2OC4wMDAw,,5pel55So5ZOB6ZuR6LKo44O75paH5oi/5YW344O75omL6Iq4ID4g5omL6Iq444O744Kv44Op44OV44OI44O755Sf5ZywID4g44Gd44Gu5LuW,77y85rG6566X5bCP54mp5biC77yP44K/44OG44Kj44Oz44Kw44Os44O844K5IOODhOODvOODq+OCu+ODg+ODiCDjg5Xjg63jg7zjgrrjg7Pjg5bjg6vjg7zjgJAx44K744OD44OI5Y2Y5L2N44CRIFpDTDU3IOOAkOavm+ezuO+8uu+8oe+8q++8q++8oeOCueODiOOCouODvOOCuuKZquOAkQ==,,PHA+Cjxmb250IGNvbG9yPSIjNjY2NjY2Ij48aW1nIHNyYz0iaHR0cHM6Ly9pbWFnZS5yYWt1dGVuLmNvLmpwL2tlaXRvLXpha2thL2NhYmluZXQvMDEzNzc3ODgvMDE0MDE2MTkvMDMxMzY0MzYvaW1ncmMwMDY0ODY3NjM5LmpwZyIgYm9yZGVyPSIwIiB3aWR0aD0iMTAwJSI+CiAgICAgICAgPC9mb250Pgo8YnI+Cgo8Zm9udCBjb2xvcj0iIzY2NjY2NiI+PGJyPgo8L2ZvbnQ+Cjxicj4KPGltZyBib3JkZXI9IjAiIHNyYz0iaHR0cHM6Ly9pbWFnZS5yYWt1dGVuLmNvLmpwL2tlaXRvLXpha2thL2NhYmluZXQvMDEzNzc3ODgvMDE0MDM0MzAvaW1ncmMwMDY3NjcyNjA4LmpwZyIgd2lkdGg9IjEwMCUiPgo8YnI+CjxpbWcgYm9yZGVyPSIwIiBzcmM9Imh0dHBzOi8vaW1hZ2UucmFrdXRlbi5jby5qcC9rZWl0by16YWtrYS9jYWJpbmV0LzAxMzc3Nzg4LzAxNDAzNDMwL2ltZ3JjMDA2NzY3MjYwOS5qcGciIHdpZHRoPSIxMDAlIj4KPGJyPgo8YnI+Cjxicj48YnI+PGJyPgo8L3A+,77y85rG6566X5bCP54mp5biC77yP44K/44OG44Kj44Oz44Kw44Os44O844K5IOODhOODvOODq+OCu+ODg+ODiCDjg5Xjg63jg7zjgrrjg7Pjg5bjg6vjg7zjgJAx44K744OD44OI5Y2Y5L2N44CRIFpDTDU3IOOAkOavm+ezuO+8uu+8oe+8q++8q++8oeOCueODiOOCouODvOOCuuKZquOAke+8muavm+ezuO+8uu+8oe+8q++8q++8oeOCueODiOOCouODvOOCug==,6YCa5L+h6LKp5aOy6YCa6LKp44K344On44OD44OU44Oz44Kw44Kq44Oz44Op44Kk44Oz44K344On44OD44OU44Oz44Kw6LK344GE54mp44OX44Os44K844Oz44OI44Ku44OV44OI6LSI44KK54mp6LSI562U5ZOB44GK5Lit5YWD44GK5q2z5pqu44GK6LK344GE5b6X77y85rG6566X5bCP54mp5biC77yP44K/44OG44Kj44Oz44Kw44Os44O844K5IOODhOODvOODq+OCu+ODg+ODiCDjg5Xjg63jg7zjgrrjg7Pjg5bjg6vjg7zjgJAx44K744OD44OI5Y2Y5L2N44CRIFpDTDU3IOOAkOavm+ezuO+8uu+8oe+8q++8q++8oeOCueODiOOCouODvOOCuuKZquOAkQ==,44K444OD44OR44O85LuY44GL44GO6Yed44Kx44O844K577yc44Oi44OO44OI44O844Oz77ye44CC77y85rG6566X5bCP54mp5biC77yP44K/44OG44Kj44Oz44Kw44Os44O844K5IOODhOODvOODq+OCu+ODg+ODiCDjg5Xjg63jg7zjgrrjg7Pjg5bjg6vjg7zjgJAx44K744OD44OI5Y2Y5L2N44CRIFpDTDU3IOOAkOavm+ezuO+8uu+8oe+8q++8q++8oeOCueODiOOCouODvOOCuuKZquOAkQ==[rn]
11-22283,aHR0cDovL3RzaG9wLnIxMHMuanAvZ29sZC9sYWNla29iby10YWl5by9pbWcvMWEwMDIwMS5qcGc/Zml0aW49NzAwOjcwMA==,ODAuMDAwMA==,,5pel55So5ZOB6ZuR6LKo44O75paH5oi/5YW344O75omL6Iq4ID4g5omL6Iq444O744Kv44Op44OV44OI44O755Sf5ZywID4g44Gd44Gu5LuW,44K544O844OR44O844K944OV44OI44Kz44OD44OI44Oz77yB77yB77yB5Lq65rCX44Gu44Kq44OV44K344Ot44Gu44Kx44Of44Kr44Or44Gu44Oi44OB44O844OV44Os44O844K544CAMee1hDLmnprlhaXjgooxQS0wMDIwMQ==,,5Lq65rCX44Gu44Kq44OV44K344Ot44GuPGJyPumrmOe0muOCseODn+OCq+ODq+ODouODgeODvOODleODrOODvOOCuTxicj48YnI+CuaflOOCieOBi+OBhOaEn+inpuOBjOe0oOaVteOBp+OBmTxicj48YnI+CuiytOWls+OBrlTjgrfjg6Pjg4TjgavlpoLkvZXjgafjgZfjgofjgYbjgYvvvJ88YnI+CuOBvuOBn+OAgeOCr+ODg+OCt+ODp+ODs+ODu+ODkOODg+OCsOOBquOBqeOBruODouODgeODvOODleOBqOOBl+OBpuODu+ODu+ODuzxicj4K44Ki44Kk44OH44Ki5qyh56ys44Gn5qW944GX44GE44KC44Gu5L2c44KK44CCPGJyPjxicj4KCuOBquOCk+OBqDHntYQy5p6a44GnMTAw5YaG77yB77yB77yBPGJyPjxicj4KCuOBiuiyt+OBhOW+l+OBp+OBmeOAgjxicj48YnI+CgrjgrDjg6rjg7zjg7Plj7DntJnjga4x44Oe44K544GMMeOCu+ODs+ODgeOBguOCiuOBvuOBmeOAgjxicj4K5aSn44GN44GV44Gu55uu5a6J44Gr44Gq44KM44Gw44Go5oCd44GE44G+44GZ44CCPGJyPjxicj4KCgrml6XmnKzoo70=,44K544O844OR44O844K944OV44OI44Kz44OD44OI44Oz77yB77yB77yB5Lq65rCX44Gu44Kq44OV44K344Ot44Gu44Kx44Of44Kr44Or44Gu44Oi44OB44O844OV44Os44O844K544CAMee1hDLmnprlhaXjgooxQS0wMDIwMe+8muODrOODvOOCueW3peaIv+WkqumZvQ==,6YCa5L+h6LKp5aOy6YCa6LKp44K344On44OD44OU44Oz44Kw44Kq44Oz44Op44Kk44Oz44K344On44OD44OU44Oz44Kw6LK344GE54mp44OX44Os44K844Oz44OI44Ku44OV44OI6LSI44KK54mp6LSI562U5ZOB44GK5Lit5YWD44GK5q2z5pqu44GK6LK344GE5b6X44K544O844OR44O844K944OV44OI44Kz44OD44OI44Oz77yB77yB77yB5Lq65rCX44Gu44Kq44OV44K344Ot44Gu44Kx44Of44Kr44Or44Gu44Oi44OB44O844OV44Os44O844K544CAMee1hDLmnprlhaXjgooxQS0wMDIwMQ==,44K544O844OR44O844K944OV44OI44Kz44OD44OI44Oz77yB77yB77yB5Lq65rCX44Gu44Kq44OV44K344Ot44Gu44Kx44Of44Kr44Or44Gu44Oi44OB44O844OV44Os44O844K544CAMee1hDLmnprlhaXjgooxQS0wMDIwMQ==[rn]
11-22284,aHR0cDovL3RzaG9wLnIxMHMuanAvZ29zeW8vY2FiaW5ldC8wMTQyNDgzMi8wMTkwMjA4My9pbWc2MzQwNDkyNC5qcGc/Zml0aW49NzAwOjcwMA==,MjEyLjgwMDA=,,5pel55So5ZOB6ZuR6LKo44O75paH5oi/5YW344O75omL6Iq4ID4g5omL6Iq444O744Kv44Op44OV44OI44O755Sf5ZywID4g44Gd44Gu5LuW,77y85Y2K5pyf5aSn5rG6566XISHjgIrjg5zjgr/jg7PjgIvvvI/jgJBBLTQ4Nk1T44CR44OR44O844Or44Oc44K/44Oz44CA6ISa5LuY44OJ44O844Og5Z6L77yI77yR77ySbW0g77yT5YCL5YWl44KK77yJ77y757Sg5p2Q44Kk44Of44OG44O844K344On44Oz44OR44O844OrKOODpuODquOCou+8huecn+mNrikg5YWo77yT44K144Kk44K6IOWFqO+8kuiJsu+8veavm+ezuOODlOOCqOODreKZque3qOOBv+eJqS/miYvnt6jjgb8v5omL6Iq4,,4peP44OR44O844Or44Oc44K/44Oz44CA6ISa5LuY44OJ44O844Og5Z6L77yI77yR77ySbW0g77yT5YCL5YWl44KK77yJ44CA57Sg5p2Q77ya44Om44Oq44KiJuecn+mNrjxicj4K4oC744OZ44O844K544Gr44Om44Oq44KiKOWwv+e0oOaoueiEginjgpLkvb/nlKjjgZfjgabjgYrjgorjgb7jgZnjgIIK5b6u6YeP44Gu44Ob44Or44Oe44Oq44Oz44GM5ZCr44G+44KM44Gm44GK44KK44G+44GZ44Gu44Gn44CBMuaJjeS7peS4i+OBruS5s+W5vOWFkOOBruiho+mhnuOBq+OBr+S9v+eUqOOBl+OBquOBhOOBp+S4i+OBleOBhOOAgg==,77y85Y2K5pyf5aSn5rG6566XISHjgIrjg5zjgr/jg7PjgIvvvI/jgJBBLTQ4Nk1T44CR44OR44O844Or44Oc44K/44Oz44CA6ISa5LuY44OJ44O844Og5Z6L77yI77yR77ySbW0g77yT5YCL5YWl44KK77yJ77y757Sg5p2Q44Kk44Of44OG44O844K344On44Oz44OR44O844OrKOODpuODquOCou+8huecn+mNrikg5YWo77yT44K144Kk44K6IOWFqO+8kuiJsu+8veavm+ezuOODlOOCqOODreKZque3qOOBv+eJqS/miYvnt6jjgb8v5omL6Iq477ya44CQ5q+b57O4IOODlOOCqOODreOAkeOAgOODoeODvOOCq+ODvOebtOiyqeW6lw==,6YCa5L+h6LKp5aOy6YCa6LKp44K344On44OD44OU44Oz44Kw44Kq44Oz44Op44Kk44Oz44K344On44OD44OU44Oz44Kw6LK344GE54mp44OX44Os44K844Oz44OI44Ku44OV44OI6LSI44KK54mp6LSI562U5ZOB44GK5Lit5YWD44GK5q2z5pqu44GK6LK344GE5b6X5q+b57O457eo54mp57O444Km44O844Or5omL44GK44KK44GC44G/44KC44Gu44GR44GE44Go55Sf5oiQ44KK57O455Sf5oiQ44KK5omL44GK44KK57O444Kr44K/44Ot44Kw6I2J5pyo5p+T5omL6Iq45q+b57O46YCa6LKp5q+b57O444Kr44K/44Ot44Kw44Os44O844K557O444OU44Ko44Ot5b6M5q2j55Sj5qWtR09TWU/nt6jjgb/nianvvLzljYrmnJ/lpKfmsbrnrpchIeOAiuODnOOCv+ODs+OAi++8j+OAkEEtNDg2TVPjgJHjg5Hjg7zjg6vjg5zjgr/jg7PjgIDohJrku5jjg4njg7zjg6DlnovvvIjvvJHvvJJtbSDvvJPlgIvlhaXjgorvvInvvLvntKDmnZDjgqTjg5/jg4bjg7zjgrfjg6fjg7Pjg5Hjg7zjg6so44Om44Oq44Ki77yG55yf6Y2uKSDlhajvvJPjgrXjgqTjgrog5YWo77yS6Imy77y95q+b57O444OU44Ko44Ot4pmq57eo44G/54mpL+aJi+e3qOOBvy/miYvoirg=,77y85Y2K5pyf5aSn5rG6566XISHjgIrjg5zjgr/jg7PjgIvvvI/jgJBBLTQ4Nk1T44CR44OR44O844Or44Oc44K/44Oz44CA6ISa5LuY44OJ44O844Og5Z6L77yI77yR77ySbW0g77yT5YCL5YWl44KK77yJ77y757Sg5p2Q44Kk44Of44OG44O844K344On44Oz44OR44O844OrKOODpuODquOCou+8huecn+mNrikg5YWo77yT44K144Kk44K6IOWFqO+8kuiJsu+8veavm+ezuOODlOOCqOODreKZque3qOOBv+eJqS/miYvnt6jjgb8v5omL6Iq4[rn]
11-22285,aHR0cDovL3RzaG9wLnIxMHMuanAvZ29zeW8vY2FiaW5ldC8wMTQyNDgzMi8wMTkwMjA4My8wMjEwNDMzNC9pbWc1ODc3NzE0MS5qcGc/Zml0aW49NzAwOjcwMA==,MzE2LjgwMDA=,,5pel55So5ZOB6ZuR6LKo44O75paH5oi/5YW344O75omL6Iq4ID4g5omL6Iq444O744Kv44Op44OV44OI44O755Sf5ZywID4g44Gd44Gu5LuW,77y85Y2K5pyf5aSn5rG6566XISHjgIrjg5zjgr/jg7PjgIvvvI/jgJBBLTQyOeOAkSDjgqTjgq7jg6rjgrnjg5zjgr/jg7PjgIDmnKjvvIjkuozph43nqbTjgIDjg7vvvJPlgIvlhaXjgorvvInmr5vns7jjg5Tjgqjjg63imarnt6jjgb/niakv5omL57eo44G/L+aJi+iKuA==,,4peP44Kk44Ku44Oq44K544Oc44K/44Oz44O75pyo77yI5LqM6YeN56m077yJ44O777yT5YCL5YWl44KK,77y85Y2K5pyf5aSn5rG6566XISHjgIrjg5zjgr/jg7PjgIvvvI/jgJBBLTQyOeOAkSDjgqTjgq7jg6rjgrnjg5zjgr/jg7PjgIDmnKjvvIjkuozph43nqbTjgIDjg7vvvJPlgIvlhaXjgorvvInmr5vns7jjg5Tjgqjjg63imarnt6jjgb/niakv5omL57eo44G/L+aJi+iKuO+8muOAkOavm+ezuCDjg5Tjgqjjg63jgJHjgIDjg6Hjg7zjgqvjg7znm7Tosqnlupc=,6YCa5L+h6LKp5aOy6YCa6LKp44K344On44OD44OU44Oz44Kw44Kq44Oz44Op44Kk44Oz44K344On44OD44OU44Oz44Kw6LK344GE54mp44OX44Os44K844Oz44OI44Ku44OV44OI6LSI44KK54mp6LSI562U5ZOB44GK5Lit5YWD44GK5q2z5pqu44GK6LK344GE5b6X5q+b57O457eo54mp57O444Km44O844Or5omL44GK44KK44GC44G/44KC44Gu44GR44GE44Go55Sf5oiQ44KK57O455Sf5oiQ44KK5omL44GK44KK57O444Kr44K/44Ot44Kw6I2J5pyo5p+T5omL6Iq45q+b57O46YCa6LKp5q+b57O444Kr44K/44Ot44Kw44Os44O844K557O444OU44Ko44Ot5b6M5q2j55Sj5qWtR09TWU/nt6jjgb/nianvvLzljYrmnJ/lpKfmsbrnrpchIeOAiuODnOOCv+ODs+OAi++8j+OAkEEtNDI544CRIOOCpOOCruODquOCueODnOOCv+ODs+OAgOacqO+8iOS6jOmHjeeptOOAgOODu++8k+WAi+WFpeOCiu+8ieavm+ezuOODlOOCqOODreKZque3qOOBv+eJqS/miYvnt6jjgb8v5omL6Iq4,77y85Y2K5pyf5aSn5rG6566XISHjgIrjg5zjgr/jg7PjgIvvvI/jgJBBLTQyOeOAkSDjgqTjgq7jg6rjgrnjg5zjgr/jg7PjgIDmnKjvvIjkuozph43nqbTjgIDjg7vvvJPlgIvlhaXjgorvvInmr5vns7jjg5Tjgqjjg63imarnt6jjgb/niakv5omL57eo44G/L+aJi+iKuA==[rn]
11-22286,aHR0cDovL3RzaG9wLnIxMHMuanAvZ29zeW8vY2FiaW5ldC8wMTQyNDgzMi8wMTkwMjA4My9pbWc1NzQ2ODMwNy5qcGc/Zml0aW49NzAwOjcwMA==,MTgyLjQwMDA=,,5pel55So5ZOB6ZuR6LKo44O75paH5oi/5YW344O75omL6Iq4ID4g5omL6Iq444O744Kv44Op44OV44OI44O755Sf5ZywID4g44Gd44Gu5LuW,44CQQS0zNjQtMjDjgJHjgqbjg4Pjg4njg5zjgr/jg7PvvIjjgrnjg4bjg4Pjg4HvvJLvvJBtbeOAgO+8kuWAi+WFpeOCiu+8ieavm+ezuOODlOOCqOODreKZque3qOOBv+eJqS/miYvnt6jjgb8v5omL6Iq4,,4peP44Km44OD44OJ44Oc44K/44Oz77yI44K544OG44OD44OB77yS77yQbW3jgIDvvJLlgIvlhaXjgorvvIk=,44CQQS0zNjQtMjDjgJHjgqbjg4Pjg4njg5zjgr/jg7PvvIjjgrnjg4bjg4Pjg4HvvJLvvJBtbeOAgO+8kuWAi+WFpeOCiu+8ieavm+ezuOODlOOCqOODreKZque3qOOBv+eJqS/miYvnt6jjgb8v5omL6Iq477ya44CQ5q+b57O4IOODlOOCqOODreOAkeOAgOODoeODvOOCq+ODvOebtOiyqeW6lw==,6YCa5L+h6LKp5aOy6YCa6LKp44K344On44OD44OU44Oz44Kw44Kq44Oz44Op44Kk44Oz44K344On44OD44OU44Oz44Kw6LK344GE54mp44OX44Os44K844Oz44OI44Ku44OV44OI6LSI44KK54mp6LSI562U5ZOB44GK5Lit5YWD44GK5q2z5pqu44GK6LK344GE5b6X5q+b57O457eo54mp57O444Km44O844Or5omL44GK44KK44GC44G/44KC44Gu44GR44GE44Go55Sf5oiQ44KK57O455Sf5oiQ44KK5omL44GK44KK57O444Kr44K/44Ot44Kw6I2J5pyo5p+T5omL6Iq45q+b57O46YCa6LKp5q+b57O444Kr44K/44Ot44Kw44Os44O844K557O444OU44Ko44Ot5b6M5q2j55Sj5qWtR09TWU/nt6jjgb/nianjgJBBLTM2NC0yMOOAkeOCpuODg+ODieODnOOCv+ODs++8iOOCueODhuODg+ODge+8ku+8kG1t44CA77yS5YCL5YWl44KK77yJ5q+b57O444OU44Ko44Ot4pmq57eo44G/54mpL+aJi+e3qOOBvy/miYvoirg=,44CQQS0zNjQtMjDjgJHjgqbjg4Pjg4njg5zjgr/jg7PvvIjjgrnjg4bjg4Pjg4HvvJLvvJBtbeOAgO+8kuWAi+WFpeOCiu+8ieavm+ezuOODlOOCqOODreKZque3qOOBv+eJqS/miYvnt6jjgb8v5omL6Iq4[rn]
11-22287,aHR0cDovL3RzaG9wLnIxMHMuanAvZ29zeW8vY2FiaW5ldC8wMTQyNDgzMi8wMTkwMjA4My9pbWc2MzQwNDk0MS5qcGc/Zml0aW49NzAwOjcwMA==,MTU2LjgwMDA=,,5pel55So5ZOB6ZuR6LKo44O75paH5oi/5YW344O75omL6Iq4ID4g5omL6Iq444O744Kv44Op44OV44OI44O755Sf5ZywID4g44Gd44Gu5LuW,77y85Y2K5pyf5aSn5rG6566XISHjgIrjg5zjgr/jg7PjgIvvvI/jgJBBLTQ4NOOAkeODkeODvOODq+ODnOOCv+ODs+OAgOS4uOWei++8iDEwbW3jgIDvvJPlgIvlhaXjgorvvIkg77y757Sg5p2Q44Kk44Of44OG44O844K344On44Oz44OR44O844OrKOODpuODquOCoikg5YWo77yT44K144Kk44K6IOWFqO+8kuiJsu+8veavm+ezuOODlOOCqOODreKZque3qOOBv+eJqS/miYvnt6jjgb8v5omL6Iq4,,4peP44OR44O844Or44Oc44K/44Oz44CA5Li45Z6L77yIMTBtbeOAgO+8k+WAi+WFpeOCiu+8ieOAgOe0oOadkO+8muODpuODquOCojxicj4K4oC744OZ44O844K544Gr44Om44Oq44KiKOWwv+e0oOaoueiEginjgpLkvb/nlKjjgZfjgabjgYrjgorjgb7jgZnjgIIK5b6u6YeP44Gu44Ob44Or44Oe44Oq44Oz44GM5ZCr44G+44KM44Gm44GK44KK44G+44GZ44Gu44Gn44CBMuaJjeS7peS4i+OBruS5s+W5vOWFkOOBruiho+mhnuOBq+OBr+S9v+eUqOOBl+OBquOBhOOBp+S4i+OBleOBhOOAgg==,77y85Y2K5pyf5aSn5rG6566XISHjgIrjg5zjgr/jg7PjgIvvvI/jgJBBLTQ4NOOAkeODkeODvOODq+ODnOOCv+ODs+OAgOS4uOWei++8iDEwbW3jgIDvvJPlgIvlhaXjgorvvIkg77y757Sg5p2Q44Kk44Of44OG44O844K344On44Oz44OR44O844OrKOODpuODquOCoikg5YWo77yT44K144Kk44K6IOWFqO+8kuiJsu+8veavm+ezuOODlOOCqOODreKZque3qOOBv+eJqS/miYvnt6jjgb8v5omL6Iq477ya44CQ5q+b57O4IOODlOOCqOODreOAkeOAgOODoeODvOOCq+ODvOebtOiyqeW6lw==,6YCa5L+h6LKp5aOy6YCa6LKp44K344On44OD44OU44Oz44Kw44Kq44Oz44Op44Kk44Oz44K344On44OD44OU44Oz44Kw6LK344GE54mp44OX44Os44K844Oz44OI44Ku44OV44OI6LSI44KK54mp6LSI562U5ZOB44GK5Lit5YWD44GK5q2z5pqu44GK6LK344GE5b6X5q+b57O457eo54mp57O444Km44O844Or5omL44GK44KK44GC44G/44KC44Gu44GR44GE44Go55Sf5oiQ44KK57O455Sf5oiQ44KK5omL44GK44KK57O444Kr44K/44Ot44Kw6I2J5pyo5p+T5omL6Iq45q+b57O46YCa6LKp5q+b57O444Kr44K/44Ot44Kw44Os44O844K557O444OU44Ko44Ot5b6M5q2j55Sj5qWtR09TWU/nt6jjgb/nianvvLzljYrmnJ/lpKfmsbrnrpchIeOAiuODnOOCv+ODs+OAi++8j+OAkEEtNDg044CR44OR44O844Or44Oc44K/44Oz44CA5Li45Z6L77yIMTBtbeOAgO+8k+WAi+WFpeOCiu+8iSDvvLvntKDmnZDjgqTjg5/jg4bjg7zjgrfjg6fjg7Pjg5Hjg7zjg6so44Om44Oq44KiKSDlhajvvJPjgrXjgqTjgrog5YWo77yS6Imy77y95q+b57O444OU44Ko44Ot4pmq57eo44G/54mpL+aJi+e3qOOBvy/miYvoirg=,77y85Y2K5pyf5aSn5rG6566XISHjgIrjg5zjgr/jg7PjgIvvvI/jgJBBLTQ4NOOAkeODkeODvOODq+ODnOOCv+ODs+OAgOS4uOWei++8iDEwbW3jgIDvvJPlgIvlhaXjgorvvIkg77y757Sg5p2Q44Kk44Of44OG44O844K344On44Oz44OR44O844OrKOODpuODquOCoikg5YWo77yT44K144Kk44K6IOWFqO+8kuiJsu+8veavm+ezuOODlOOCqOODreKZque3qOOBv+eJqS/miYvnt6jjgb8v5omL6Iq4[rn]
11-22288,aHR0cDovL3RzaG9wLnIxMHMuanAvZ29zeW8vY2FiaW5ldC8wMTQyNDgzMi8wMTkwMjA4My8wMjEwNDMzNC9pbWc1NzcwOTkyMC5qcGc/Zml0aW49NzAwOjcwMA==,MTE1MS4yMDAw,,5pel55So5ZOB6ZuR6LKo44O75paH5oi/5YW344O75omL6Iq4ID4g5omL6Iq444O744Kv44Op44OV44OI44O755Sf5ZywID4g44Gd44Gu5LuW,77y85Y2K5pyf5aSn5rG6566XISHjgIrjg5zjgr/jg7PjgIvvvI/jgJBBLTQyMS03NeOAkeOCt+ODq+ODkOODvOODlOODs++8iO+8l++8lW1t44CA77yR5YCL5YWl44KK77yJICDmr5vns7jjg5Tjgqjjg63imarmiYvoirgv57eo44G/54mpL+aJi+e3qOOBvw==,,4peP44K344Or44OQ44O844OU44Oz77yI77yX77yVbW3jgIDvvJHlgIvlhaXjgorvvIk=,77y85Y2K5pyf5aSn5rG6566XISHjgIrjg5zjgr/jg7PjgIvvvI/jgJBBLTQyMS03NeOAkeOCt+ODq+ODkOODvOODlOODs++8iO+8l++8lW1t44CA77yR5YCL5YWl44KK77yJICDmr5vns7jjg5Tjgqjjg63imarmiYvoirgv57eo44G/54mpL+aJi+e3qOOBv++8muOAkOavm+ezuCDjg5Tjgqjjg63jgJHjgIDjg6Hjg7zjgqvjg7znm7Tosqnlupc=,6YCa5L+h6LKp5aOy6YCa6LKp44K344On44OD44OU44Oz44Kw44Kq44Oz44Op44Kk44Oz44K344On44OD44OU44Oz44Kw6LK344GE54mp44OX44Os44K844Oz44OI44Ku44OV44OI6LSI44KK54mp6LSI562U5ZOB44GK5Lit5YWD44GK5q2z5pqu44GK6LK344GE5b6X5q+b57O457eo54mp57O444Km44O844Or5omL44GK44KK44GC44G/44KC44Gu44GR44GE44Go55Sf5oiQ44KK57O455Sf5oiQ44KK5omL44GK44KK57O444Kr44K/44Ot44Kw6I2J5pyo5p+T5omL6Iq45q+b57O46YCa6LKp5q+b57O444Kr44K/44Ot44Kw44Os44O844K557O444OU44Ko44Ot5b6M5q2j55Sj5qWtR09TWU/nt6jjgb/nianvvLzljYrmnJ/lpKfmsbrnrpchIeOAiuODnOOCv+ODs+OAi++8j+OAkEEtNDIxLTc144CR44K344Or44OQ44O844OU44Oz77yI77yX77yVbW3jgIDvvJHlgIvlhaXjgorvvIkgIOavm+ezuOODlOOCqOODreKZquaJi+iKuC/nt6jjgb/niakv5omL57eo44G/,77y85Y2K5pyf5aSn5rG6566XISHjgIrjg5zjgr/jg7PjgIvvvI/jgJBBLTQyMS03NeOAkeOCt+ODq+ODkOODvOODlOODs++8iO+8l++8lW1t44CA77yR5YCL5YWl44KK77yJICDmr5vns7jjg5Tjgqjjg63imarmiYvoirgv57eo44G/54mpL+aJi+e3qOOBvw==[rn]
11-22289,aHR0cDovL3RzaG9wLnIxMHMuanAvZ29zeW8vY2FiaW5ldC8wMTQyNDgzMi8wMTkwMjA4My9pbWc1NzQ2ODMwMS5qcGc/Zml0aW49NzAwOjcwMA==,OTAuNDAwMA==,,5pel55So5ZOB6ZuR6LKo44O75paH5oi/5YW344O75omL6Iq4ID4g5omL6Iq444O744Kv44Op44OV44OI44O755Sf5ZywID4g44Gd44Gu5LuW,77y85Y2K5pyf5aSn5rG6566XISHjgIrjg5zjgr/jg7PjgIvvvI/jgJBBLTM1OS0xNeOAkeOCpuODg+ODieODnOOCv+ODs++8iOODnuODquODs++8ke+8lW1t44CA77yT5YCL5YWl44KK77yJIOavm+ezuOODlOOCqOODreKZque3qOOBv+eJqS/miYvnt6jjgb8v5omL6Iq4,,4peP44Km44OD44OJ44Oc44K/44Oz77yI44Oe44Oq44Oz77yR77yVbW3jgIDvvJPlgIvlhaXjgorvvIk=,77y85Y2K5pyf5aSn5rG6566XISHjgIrjg5zjgr/jg7PjgIvvvI/jgJBBLTM1OS0xNeOAkeOCpuODg+ODieODnOOCv+ODs++8iOODnuODquODs++8ke+8lW1t44CA77yT5YCL5YWl44KK77yJIOavm+ezuOODlOOCqOODreKZque3qOOBv+eJqS/miYvnt6jjgb8v5omL6Iq477ya44CQ5q+b57O4IOODlOOCqOODreOAkeOAgOODoeODvOOCq+ODvOebtOiyqeW6lw==,6YCa5L+h6LKp5aOy6YCa6LKp44K344On44OD44OU44Oz44Kw44Kq44Oz44Op44Kk44Oz44K344On44OD44OU44Oz44Kw6LK344GE54mp44OX44Os44K844Oz44OI44Ku44OV44OI6LSI44KK54mp6LSI562U5ZOB44GK5Lit5YWD44GK5q2z5pqu44GK6LK344GE5b6X5q+b57O457eo54mp57O444Km44O844Or5omL44GK44KK44GC44G/44KC44Gu44GR44GE44Go55Sf5oiQ44KK57O455Sf5oiQ44KK5omL44GK44KK57O444Kr44K/44Ot44Kw6I2J5pyo5p+T5omL6Iq45q+b57O46YCa6LKp5q+b57O444Kr44K/44Ot44Kw44Os44O844K557O444OU44Ko44Ot5b6M5q2j55Sj5qWtR09TWU/nt6jjgb/nianvvLzljYrmnJ/lpKfmsbrnrpchIeOAiuODnOOCv+ODs+OAi++8j+OAkEEtMzU5LTE144CR44Km44OD44OJ44Oc44K/44Oz77yI44Oe44Oq44Oz77yR77yVbW3jgIDvvJPlgIvlhaXjgorvvIkg5q+b57O444OU44Ko44Ot4pmq57eo44G/54mpL+aJi+e3qOOBvy/miYvoirg=,77y85Y2K5pyf5aSn5rG6566XISHjgIrjg5zjgr/jg7PjgIvvvI/jgJBBLTM1OS0xNeOAkeOCpuODg+ODieODnOOCv+ODs++8iOODnuODquODs++8ke+8lW1t44CA77yT5YCL5YWl44KK77yJIOavm+ezuOODlOOCqOODreKZque3qOOBv+eJqS/miYvnt6jjgb8v5omL6Iq4[rn]
11-22290,aHR0cDovL3RzaG9wLnIxMHMuanAvZ29zeW8vY2FiaW5ldC8wMTQyNDgzMi8wMTkwMjA4My9pbWc2MzQwNDU4My5qcGc/Zml0aW49NzAwOjcwMA==,ODQuMDAwMA==,,5pel55So5ZOB6ZuR6LKo44O75paH5oi/5YW344O75omL6Iq4ID4g5omL6Iq444O744Kv44Op44OV44OI44O755Sf5ZywID4g44Gd44Gu5LuW,77y85Y2K5pyf5aSn5rG6566XISHjgIrjg5zjgr/jg7PjgIvvvI/jgJBBLU9QMTI144CR44Op44Kv44OI44Oc44K/44Oz77yI77yS77yTbW3jgIDvvJLlgIvlhaXjgorvvInvvLvntKDmnZDjg6bjg6rjgqIg77yR44K144Kk44K6IOWFqO+8l+iJsu+8veavm+ezuOODlOOCqOODreKZque3qOOBv+eJqS/miYvnt6jjgb8v5omL6Iq4,,4peP44Op44Kv44OI44Oc44K/44Oz77yI77yS77yTbW3jgIDvvJLlgIvlhaXjgorvvInjgIDntKDmnZDvvJrjg6bjg6rjgqI8YnI+4oC744OZ44O844K544Gr44Om44Oq44KiKOWwv+e0oOaoueiEginjgpLkvb/nlKjjgZfjgabjgYrjgorjgb7jgZnjgIIK5b6u6YeP44Gu44Ob44Or44Oe44Oq44Oz44GM5ZCr44G+44KM44Gm44GK44KK44G+44GZ44Gu44Gn44CBMuaJjeS7peS4i+OBruS5s+W5vOWFkOOBruiho+mhnuOBq+OBr+S9v+eUqOOBl+OBquOBhOOBp+S4i+OBleOBhOOAgg==,77y85Y2K5pyf5aSn5rG6566XISHjgIrjg5zjgr/jg7PjgIvvvI/jgJBBLU9QMTI144CR44Op44Kv44OI44Oc44K/44Oz77yI77yS77yTbW3jgIDvvJLlgIvlhaXjgorvvInvvLvntKDmnZDjg6bjg6rjgqIg77yR44K144Kk44K6IOWFqO+8l+iJsu+8veavm+ezuOODlOOCqOODreKZque3qOOBv+eJqS/miYvnt6jjgb8v5omL6Iq477ya44CQ5q+b57O4IOODlOOCqOODreOAkeOAgOODoeODvOOCq+ODvOebtOiyqeW6lw==,6YCa5L+h6LKp5aOy6YCa6LKp44K344On44OD44OU44Oz44Kw44Kq44Oz44Op44Kk44Oz44K344On44OD44OU44Oz44Kw6LK344GE54mp44OX44Os44K844Oz44OI44Ku44OV44OI6LSI44KK54mp6LSI562U5ZOB44GK5Lit5YWD44GK5q2z5pqu44GK6LK344GE5b6X5q+b57O457eo54mp57O444Km44O844Or5omL44GK44KK44GC44G/44KC44Gu44GR44GE44Go55Sf5oiQ44KK57O455Sf5oiQ44KK5omL44GK44KK57O444Kr44K/44Ot44Kw6I2J5pyo5p+T5omL6Iq45q+b57O46YCa6LKp5q+b57O444Kr44K/44Ot44Kw44Os44O844K557O444OU44Ko44Ot5b6M5q2j55Sj5qWtR09TWU/nt6jjgb/nianvvLzljYrmnJ/lpKfmsbrnrpchIeOAiuODnOOCv+ODs+OAi++8j+OAkEEtT1AxMjXjgJHjg6njgq/jg4jjg5zjgr/jg7PvvIjvvJLvvJNtbeOAgO+8kuWAi+WFpeOCiu+8ie+8u+e0oOadkOODpuODquOCoiDvvJHjgrXjgqTjgrog5YWo77yX6Imy77y95q+b57O444OU44Ko44Ot4pmq57eo44G/54mpL+aJi+e3qOOBvy/miYvoirg=,77y85Y2K5pyf5aSn5rG6566XISHjgIrjg5zjgr/jg7PjgIvvvI/jgJBBLU9QMTI144CR44Op44Kv44OI44Oc44K/44Oz77yI77yS77yTbW3jgIDvvJLlgIvlhaXjgorvvInvvLvntKDmnZDjg6bjg6rjgqIg77yR44K144Kk44K6IOWFqO+8l+iJsu+8veavm+ezuOODlOOCqOODreKZque3qOOBv+eJqS/miYvnt6jjgb8v5omL6Iq4[rn]
11-22291,aHR0cDovL3RzaG9wLnIxMHMuanAvZ29zeW8vY2FiaW5ldC8wMTQyNDgzMi8wNTExNDIxOS9pbWdyYzAwNjc2NDQ1MzcuanBnP2ZpdGluPTcwMDo3MDA=,NDAwLjAwMDA=,,5pel55So5ZOB6ZuR6LKo44O75paH5oi/5YW344O75omL6Iq4ID4g5omL6Iq444O744Kv44Op44OV44OI44O755Sf5ZywID4g44Gd44Gu5LuW,44Ko44OX44Ot44Oz44CQc3UwMDHjgJHjgqjjg5fjg63jg7Mg44K344Oz44OX44Or54Sh5Zyw44CQ44Od44Oq44Ko44K544OG44OrODDvvIXjg7vntr8yMO+8hSDlhag16Imy44CR57eo44G/54mpL+aJi+iKuC/miYvnt6jjgb8=,,44GT44Gh44KJ44Gu44Oa44O844K444Gv44CBPGI+PGZvbnQgY29sb3I9IiM5MzAwMDAiIHNpemU9IjMiPu+8nCDjgqjjg5fjg63jg7MgIArjgrfjg7Pjg5fjg6vvvIjnhKHlnLDvvInjgIDjgJAx5p6a5Y2Y5L2N44CRJm5ic3A7IO+8njwvZm9udD48L2I+PGZvbnQgY29sb3I9IiM5MzAwMDAiIHNpemU9IjIiPuOBp+OBme+8gTwvZm9udD4gICAKPHA+5L2c5qWt55So44Gq44Gp44Kw44Or44O844OX44Ov44O844Kv44Gr44G+44Go44KB6LK344GE77yBPGJyPiAKPC9wPiAKPHA+ICAgCiAgICA8YnI+ICAgCjxpbWcgYm9yZGVyPSIwIiBzcmM9Imh0dHA6Ly9pbWFnZS5yYWt1dGVuLmNvLmpwL2dvc3lvL2NhYmluZXQvMDE0MjQ4MzIvMDUxMTQyMTkvaW1ncmMwMDY3NjQ0NTM3LmpwZyIgd2lkdGg9IjEwMCUiPiAgIAo8aW1nIGJvcmRlcj0iMCIgc3JjPSJodHRwOi8vaW1hZ2UucmFrdXRlbi5jby5qcC9nb3N5by9jYWJpbmV0LzAxNDI0ODMyLzA1MTE0MjE5L2ltZ3JjMDA2NzY0NDUzOS5qcGciIHdpZHRoPSIxMDAlIj4gICAgICAgIAo8aW1nIGJvcmRlcj0iMCIgc3JjPSJodHRwOi8vaW1hZ2UucmFrdXRlbi5jby5qcC9nb3N5by9jYWJpbmV0LzAxNDI0ODMyLzA1MTE0MjE5L2ltZ3JjMDA2NzY0NDU0MC5qcGciIHdpZHRoPSIxMDAlIj4gICAgCjxpbWcgYm9yZGVyPSIwIiBzcmM9Imh0dHA6Ly9pbWFnZS5yYWt1dGVuLmNvLmpwL2dvc3lvL2NhYmluZXQvMDE0MjQ4MzIvMDUxMTQyMTkvaW1ncmMwMDY3NjQ0NTQyLmpwZyIgd2lkdGg9IjEwMCUiPiAgICAgICAgCjxpbWcgYm9yZGVyPSIwIiBzcmM9Imh0dHA6Ly9pbWFnZS5yYWt1dGVuLmNvLmpwL2dvc3lvL2NhYmluZXQvMDE0MjQ4MzIvMDUxMTQyMTkvaW1ncmMwMDY3NjQ0NTQzLmpwZyIgd2lkdGg9IjEwMCUiPiAgIAo8L3A+,44Ko44OX44Ot44Oz44CQc3UwMDHjgJHjgqjjg5fjg63jg7Mg44K344Oz44OX44Or54Sh5Zyw44CQ44Od44Oq44Ko44K544OG44OrODDvvIXjg7vntr8yMO+8hSDlhag16Imy44CR57eo44G/54mpL+aJi+iKuC/miYvnt6jjgb/vvJrjgJDmr5vns7gg44OU44Ko44Ot44CR44CA44Oh44O844Kr44O855u06LKp5bqX,6YCa5L+h6LKp5aOy6YCa6LKp44K344On44OD44OU44Oz44Kw44Kq44Oz44Op44Kk44Oz44K344On44OD44OU44Oz44Kw6LK344GE54mp44OX44Os44K844Oz44OI44Ku44OV44OI6LSI44KK54mp6LSI562U5ZOB44GK5Lit5YWD44GK5q2z5pqu44GK6LK344GE5b6X5q+b57O457eo54mp57O444Km44O844Or5omL44GK44KK44GC44G/44KC44Gu44GR44GE44Go55Sf5oiQ44KK57O455Sf5oiQ44KK5omL44GK44KK57O444Kr44K/44Ot44Kw6I2J5pyo5p+T5omL6Iq45q+b57O46YCa6LKp5q+b57O444Kr44K/44Ot44Kw44Os44O844K557O444OU44Ko44Ot5b6M5q2j55Sj5qWtR09TWU/nt6jjgb/nianjgqjjg5fjg63jg7PjgJBzdTAwMeOAkeOCqOODl+ODreODsyDjgrfjg7Pjg5fjg6vnhKHlnLDjgJDjg53jg6rjgqjjgrnjg4bjg6s4MO+8heODu+e2vzIw77yFIOWFqDXoibLjgJHnt6jjgb/niakv5omL6Iq4L+aJi+e3qOOBvw==,44Ko44OX44Ot44Oz44CQc3UwMDHjgJHjgqjjg5fjg63jg7Mg44K344Oz44OX44Or54Sh5Zyw44CQ44Od44Oq44Ko44K544OG44OrODDvvIXjg7vntr8yMO+8hSDlhag16Imy44CR57eo44G/54mpL+aJi+iKuC/miYvnt6jjgb8=[rn]
11-22292,aHR0cDovL3RzaG9wLnIxMHMuanAvZ29zeW8vY2FiaW5ldC8wMTQyNDgzMi9nNjc1L2ltZzYxOTQzMDQxLmpwZz9maXRpbj03MDA6NzAw,MzYwMC4wMDAw,,5pel55So5ZOB6ZuR6LKo44O75paH5oi/5YW344O75omL6Iq4ID4g5omL6Iq444O744Kv44Op44OV44OI44O755Sf5ZywID4g44Gd44Gu5LuW,44CQS0lURzY3NUEtNjIz44CR44Kz44OD44OI44Oz44O744OL44Kj44O844OI44Gu44K144Oe44O844O7VuODjeODg+OCr+ODmeOCueODiOOAgO+8iOOCsOODrOODvO+8ieavm+ezuOODlOOCqOODreKZque3qOOBv+eJqS/miYvnt6jjgb8v5omL6Iq4,,44Kt44OD44OI5YaF5a65IAril4/mr5vns7jvvI3vvJnnjokgCuKXj++8kuacrOajkumHne+8je+8mOWPtyAg4peP6Lyq6Yed77yN77yX5Y+3ICAK4peP44Go44GY6Yed77yI6Z2e5aOy5ZOB77yJ4peP57eo44G/5Zuz44CA4oC757eo44G/5Zuz44Gr6Kqk44KK44GM44GU44GW44GE44G+44GX44Gf44CC44O76KKW44Gu5rib44KJ44GX5pa544CA5q615pWw44CA6Kqk77yJ77yINjLmrrXvvInjgIDih5LjgIDmraPvvInvvIg4Muaute+8ieOAgOioguato+OBqOWFseOBq+OBiuipq+OBs+eUs+OBl+S4iuOBkuOBvuOBmeOAguKAuzxicj4K5ZWG5ZOB55Wq5Y+344CQ77yn77yW77yX77yV44CR44Kz44OD44OI44Oz44O744OL44Kj44O844OI77yI546J5be777yJIAril4/ntr/jgIDvvJHvvJDvvJDvvIUgCuKXj+S4puWkqu+9nualteWkquOCv+OCpOODl+ODu++8lO+8kO+9h+eOieW3u++8iOe0hO+8le+8k++9je+8iSAK5Ye65p2l5LiK44GM44KK5a+45rOV77yaIAril4/og7jlm7LvvJnvvJjvvYPvvY3il4/og4zogqnluYXvvJTvvJLvvYPvvY3il4/nnYDkuIjvvJbvvJPvvYPvvY0gCuKAu+OCteOCpOOCuuOBr+OAgee3qOOBv+aJi+OBq+OCiOOCiuiLpeW5suOBruWil+a4m+OBjOOBlOOBluOBhOOBvuOBmeOAgiAKIAogCuKXh+KXhuS+oeagvOWkieabtOOBruOBiuOBl+OCieOBm+KXhuKXh+WOn+aWmeOBrumrmOmosOOBq+OCiOOCiuOAgTIwMTTlubQ05pyIMeaXpe+8iOeBq++8ieOCiOOCiuS+oeagvOWkieabtOOBmeOCi+OBk+OBqOOBqOOBquOCiuOBvuOBl+OBn+OAguiqoOOBq+eUs+OBl+ios+OBlOOBluOBhOOBvuOBm+OCk+OBjOOBlOeQhuino+OBhOOBn+OBoOOBkeOBvuOBmeOCiOOBhuOCiOOCjeOBl+OBj+OBiumhmOOBhOiHtOOBl+OBvuOBmeOAgjxicj4gCjxpbWcgYm9yZGVyPSIwIiBzcmM9Imh0dHA6Ly90aHVtYm5haWwuaW1hZ2UucmFrdXRlbi5jby5qcC9AMF9tYWxsL2dvc3lvL2NhYmluZXQvMDE0MjQ4MzIvZzY3NS9pbWc2MTk0MzA0MS5qcGciIHdpZHRoPSIxMDAlIiA+,44CQS0lURzY3NUEtNjIz44CR44Kz44OD44OI44Oz44O744OL44Kj44O844OI44Gu44K144Oe44O844O7VuODjeODg+OCr+ODmeOCueODiOOAgO+8iOOCsOODrOODvO+8ieavm+ezuOODlOOCqOODreKZque3qOOBv+eJqS/miYvnt6jjgb8v5omL6Iq477ya44CQ5q+b57O4IOODlOOCqOODreOAkeOAgOODoeODvOOCq+ODvOebtOiyqeW6lw==,6YCa5L+h6LKp5aOy6YCa6LKp44K344On44OD44OU44Oz44Kw44Kq44Oz44Op44Kk44Oz44K344On44OD44OU44Oz44Kw6LK344GE54mp44OX44Os44K844Oz44OI44Ku44OV44OI6LSI44KK54mp6LSI562U5ZOB44GK5Lit5YWD44GK5q2z5pqu44GK6LK344GE5b6X5q+b57O457eo54mp57O444Km44O844Or5omL44GK44KK44GC44G/44KC44Gu44GR44GE44Go55Sf5oiQ44KK57O455Sf5oiQ44KK5omL44GK44KK57O444Kr44K/44Ot44Kw6I2J5pyo5p+T5omL6Iq45q+b57O46YCa6LKp5q+b57O444Kr44K/44Ot44Kw44Os44O844K557O444OU44Ko44Ot5b6M5q2j55Sj5qWtR09TWU/nt6jjgb/nianjgJBLSVRHNjc1QS02MjPjgJHjgrPjg4Pjg4jjg7Pjg7vjg4vjgqPjg7zjg4jjga7jgrXjg57jg7zjg7tW44ON44OD44Kv44OZ44K544OI44CA77yI44Kw44Os44O877yJ5q+b57O444OU44Ko44Ot4pmq57eo44G/54mpL+aJi+e3qOOBvy/miYvoirg=,44CQS0lURzY3NUEtNjIz44CR44Kz44OD44OI44Oz44O744OL44Kj44O844OI44Gu44K144Oe44O844O7VuODjeODg+OCr+ODmeOCueODiOOAgO+8iOOCsOODrOODvO+8ieavm+ezuOODlOOCqOODreKZque3qOOBv+eJqS/miYvnt6jjgb8v5omL6Iq4[rn]
11-22293,aHR0cDovL3RzaG9wLnIxMHMuanAvZ29zeW8vY2FiaW5ldC8wMTQyNDgzMi9nNjc1L2ltZzU5MzI5OTY5LmpwZz9maXRpbj03MDA6NzAw,NjQ3LjIwMDA=,,5pel55So5ZOB6ZuR6LKo44O75paH5oi/5YW344O75omL6Iq4ID4g5omL6Iq444O744Kv44Op44OV44OI44O755Sf5ZywID4g44Gd44Gu5LuW,44CQSzY2NS1D44CR44GK6Iqx44Gu44K344Ol44K344Ol44Kt44OD44OIW+ezuO+8iOOCs+ODg+ODiOODs+ODu+ODi+OCo+ODvOODiFPvvIky546J44O754mH44Kr44Ku6YedNuWPt+ODu+ODmOOCouOCtOODoDPlgIvjg7vnt6jjgb/lm7Nd5q+b57O444OU44Ko44Ot4pmq57eo44G/54mpL+aJi+e3qOOBvy/miYvoirg=,,4omq44Kt44OD44OI5YaF5a654omr44CQNjY144CR44Kz44OD44OI44Oz44OL44Kj44O844OI77yI772T77yJIDLnjonjg7vjgqvjgq7ph50gNi8w5Y+344O744OY44Ki44K044OgIDPmnKzjg7vnt6jjgb/lm7MgMeaemu+8iOKAu+iqrOaYjuabuOOBq+OBr+OAgeOCueODnuODm+OBp+OCguWLleeUu+OCkuOBlOimp+OBhOOBn+OBoOOBkeOCi1FS44KS5o6y6LyJ44GX44Gm44GE44G+44GZ4pmq77yJICAgCiAgICAgICAgICAgPGJyPiAgICAgICAKICAgCjxpbWcgYm9yZGVyPSIwIiBzcmM9Imh0dHA6Ly9pbWFnZS5yYWt1dGVuLmNvLmpwL2dvc3lvL2NhYmluZXQvMDE0MjQ4MzIvZzY3NS9pbWc1OTM5Nzg3MC5qcGciIHdpZHRoPSIxMDAlIiA+PGJyPiAgIAo8aW1nIGJvcmRlcj0iMCIgc3JjPSJodHRwOi8vaW1hZ2UucmFrdXRlbi5jby5qcC9nb3N5by9jYWJpbmV0LzAxNDI0ODMyL2c2NzUvaW1nNTkzMzE4ODUuanBnIiB3aWR0aD0iMTAwJSIgPjxicj4gICAKPGltZyBib3JkZXI9IjAiIHNyYz0iaHR0cDovL2ltYWdlLnJha3V0ZW4uY28uanAvZ29zeW8vY2FiaW5ldC8wMTQyNDgzMi9nNjc1L2ltZzU5MzMxODg2LmpwZyIgd2lkdGg9IjEwMCUiID48YnI+ICAgCjxicj4gICAKPHA+PGZvbnQgY29sb3I9IiNGRjY2NjYiPjxiPuOAjOOBiuiKseOBruOCt+ODpeOCt+ODpeOAjee3qOOBv+aWuSZhbXA75L2c44KK5pa544Gu5YuV55S744Gr44Gk44GE44GmPGJyPgo8L2I+PC9mb250Pjxicj4KPGZvbnQgY29sb3I9IiNGRjY2NjYiPuKAu+OCreODg+ODiOOBq+WQjOWwgeOBruOAjOe3qOOBv+aWueiqrOaYjuabuOOAjeOBq+OAgeOCueODnuODm+OBp+OCguWLleeUu+OCkuOBlOimp+OBhOOBn+OBoOOBkeOCi1FS44KS6KiY6LyJ44GX44Gm44GE44G+44GZ4pmqPGJyPgrigLtQQ+OBruOBv+eEoeaWmeOBp+WLleeUu+OCkuWFrOmWi+OBl+OBpuOBiuOCiuOBvuOBmTwvZm9udD48YnI+CjwvcD4KPGJyPgoKCgo8YnI+,44CQSzY2NS1D44CR44GK6Iqx44Gu44K344Ol44K344Ol44Kt44OD44OIW+ezuO+8iOOCs+ODg+ODiOODs+ODu+ODi+OCo+ODvOODiFPvvIky546J44O754mH44Kr44Ku6YedNuWPt+ODu+ODmOOCouOCtOODoDPlgIvjg7vnt6jjgb/lm7Nd5q+b57O444OU44Ko44Ot4pmq57eo44G/54mpL+aJi+e3qOOBvy/miYvoirjvvJrjgJDmr5vns7gg44OU44Ko44Ot44CR44CA44Oh44O844Kr44O855u06LKp5bqX,6YCa5L+h6LKp5aOy6YCa6LKp44K344On44OD44OU44Oz44Kw44Kq44Oz44Op44Kk44Oz44K344On44OD44OU44Oz44Kw6LK344GE54mp44OX44Os44K844Oz44OI44Ku44OV44OI6LSI44KK54mp6LSI562U5ZOB44GK5Lit5YWD44GK5q2z5pqu44GK6LK344GE5b6X5q+b57O457eo54mp57O444Km44O844Or5omL44GK44KK44GC44G/44KC44Gu44GR44GE44Go55Sf5oiQ44KK57O455Sf5oiQ44KK5omL44GK44KK57O444Kr44K/44Ot44Kw6I2J5pyo5p+T5omL6Iq45q+b57O46YCa6LKp5q+b57O444Kr44K/44Ot44Kw44Os44O844K557O444OU44Ko44Ot5b6M5q2j55Sj5qWtR09TWU/nt6jjgb/nianjgJBLNjY1LUPjgJHjgYroirHjga7jgrfjg6Xjgrfjg6Xjgq3jg4Pjg4hb57O477yI44Kz44OD44OI44Oz44O744OL44Kj44O844OIU++8iTLnjonjg7vniYfjgqvjgq7ph5025Y+344O744OY44Ki44K044OgM+WAi+ODu+e3qOOBv+Wbs13mr5vns7jjg5Tjgqjjg63imarnt6jjgb/niakv5omL57eo44G/L+aJi+iKuA==,44CQSzY2NS1D44CR44GK6Iqx44Gu44K344Ol44K344Ol44Kt44OD44OIW+ezuO+8iOOCs+ODg+ODiOODs+ODu+ODi+OCo+ODvOODiFPvvIky546J44O754mH44Kr44Ku6YedNuWPt+ODu+ODmOOCouOCtOODoDPlgIvjg7vnt6jjgb/lm7Nd5q+b57O444OU44Ko44Ot4pmq57eo44G/54mpL+aJi+e3qOOBvy/miYvoirg=[rn]
11-22294,aHR0cDovL3RzaG9wLnIxMHMuanAvZ29zeW8vY2FiaW5ldC8wMDk2NDM4Ny9pbWdyYzAwNjgwNTM3NzEuanBnP2ZpdGluPTcwMDo3MDA=,NTE4MC4wMDAw,,5pel55So5ZOB6ZuR6LKo44O75paH5oi/5YW344O75omL6Iq4ID4g5omL6Iq444O744Kv44Op44OV44OI44O755Sf5ZywID4g44Gd44Gu5LuW,77y8MjAxN+aYpeWkp+axuueul+S+oeagvO+8j+OAkEY2NjUtU0VU44CR44Kz44OD44OI44Oz44O744OL44Kj44O844OIU+OAgDM36Imy44K744OD44OIW+e2vzEwMO+8hSDkuKblpKogNDBn546J5be7KOe0hDk1bSkg5YWoMzfoibJd5q+b57O444OU44Ko44Ot4pmq57eo44G/54mpL+aJi+e3qOOBvy/miYvoirg=,,PGltZyBib3JkZXI9IjAiIHNyYz0iaHR0cDovL2ltYWdlLnJha3V0ZW4uY28uanAvZ29zeW8vY2FiaW5ldC8wMTQyNDgzMi9nNjc1L2ltZ3JjMDA2NTczNjYxMC5qcGciIHdpZHRoPSIxMDAlIiA+PGJyPgo8aW1nIGJvcmRlcj0iMCIgc3JjPSJodHRwOi8vaW1hZ2UucmFrdXRlbi5jby5qcC9nb3N5by9jYWJpbmV0LzAxNDI0ODMyL2c2NzUvaW1nNTkzMDk4OTcuanBnIiB3aWR0aD0iMTAwJSIgPgo8YnI+CjxpbWcgYm9yZGVyPSIwIiBzcmM9Imh0dHBzOi8vaW1hZ2UucmFrdXRlbi5jby5qcC9nb3N5by9jYWJpbmV0LzAxNDI0ODMyLzA1MzgwNDM4L2ltZ3JjMDA2ODAyODU4My5qcGciIHdpZHRoPSIxMDAlIiA+Cjxicj4KPHA+CuOAkDY2NeOAkeOCs+ODg+ODiOODs+ODu+ODi+OCo+ODvOODiChTKTHnjonlo7Ljgorjga/jgrPjg4Hjg6k8YnI+Cjxmb250IGNvbG9yPSIjOTk2NjMzIj4KPGI+PGZvbnQgc2l6ZT0iMyI+6Imy55WqMDEtMTkmZ3Q7Jmd0OyZndDs8L2ZvbnQ+PC9iPgoKPGJyPjxiPjxmb250IHNpemU9IjMiPuiJsueVqjIwLTM3Jmd0OyZndDsmZ3Q7PC9mb250PjwvYj4KCjwvZm9udD48L3A+,77y8MjAxN+aYpeWkp+axuueul+S+oeagvO+8j+OAkEY2NjUtU0VU44CR44Kz44OD44OI44Oz44O744OL44Kj44O844OIU+OAgDM36Imy44K744OD44OIW+e2vzEwMO+8hSDkuKblpKogNDBn546J5be7KOe0hDk1bSkg5YWoMzfoibJd5q+b57O444OU44Ko44Ot4pmq57eo44G/54mpL+aJi+e3qOOBvy/miYvoirjvvJrjgJDmr5vns7gg44OU44Ko44Ot44CR44CA44Oh44O844Kr44O855u06LKp5bqX,6YCa5L+h6LKp5aOy6YCa6LKp44K344On44OD44OU44Oz44Kw44Kq44Oz44Op44Kk44Oz44K344On44OD44OU44Oz44Kw6LK344GE54mp44OX44Os44K844Oz44OI44Ku44OV44OI6LSI44KK54mp6LSI562U5ZOB44GK5Lit5YWD44GK5q2z5pqu44GK6LK344GE5b6X5q+b57O457eo54mp57O444Km44O844Or5omL44GK44KK44GC44G/44KC44Gu44GR44GE44Go55Sf5oiQ44KK57O455Sf5oiQ44KK5omL44GK44KK57O444Kr44K/44Ot44Kw6I2J5pyo5p+T5omL6Iq45q+b57O46YCa6LKp5q+b57O444Kr44K/44Ot44Kw44Os44O844K557O444OU44Ko44Ot5b6M5q2j55Sj5qWtR09TWU/nt6jjgb/nianvvLwyMDE35pil5aSn5rG6566X5L6h5qC877yP44CQRjY2NS1TRVTjgJHjgrPjg4Pjg4jjg7Pjg7vjg4vjgqPjg7zjg4hT44CAMzfoibLjgrvjg4Pjg4hb57a/MTAw77yFIOS4puWkqiA0MGfnjonlt7so57SEOTVtKSDlhagzN+iJsl3mr5vns7jjg5Tjgqjjg63imarnt6jjgb/niakv5omL57eo44G/L+aJi+iKuA==,77y8MjAxN+aYpeWkp+axuueul+S+oeagvO+8j+OAkEY2NjUtU0VU44CR44Kz44OD44OI44Oz44O744OL44Kj44O844OIU+OAgDM36Imy44K744OD44OIW+e2vzEwMO+8hSDkuKblpKogNDBn546J5be7KOe0hDk1bSkg5YWoMzfoibJd5q+b57O444OU44Ko44Ot4pmq57eo44G/54mpL+aJi+e3qOOBvy/miYvoirg=[rn]
11-22295,aHR0cDovL3RzaG9wLnIxMHMuanAvcGllY2VzLWludGVyaW9yY2hhYmFrby9jYWJpbmV0L3Rhc3NlbC9hdGE3Mi5qcGc/Zml0aW49NzAwOjcwMA==,MjQwLjAwMDA=,,5pel55So5ZOB6ZuR6LKo44O75paH5oi/5YW344O75omL6Iq4ID4g5omL6Iq444O744Kv44Op44OV44OI44O755Sf5ZywID4g44Gd44Gu5LuW,44Kk44Oz44OG44Oq44Ki6Iy2566x44O744Kr44Or44OI44OK44O844K444Ol44Gu5p2Q5paZ44Gr77yB44OT44O844K644K/44OD44K744Or,,MuiJsuOAgeWFqOmVtzljbSjlkIrjgorntJDpg6jliIbjgpLlkKvjgb7jgarjgYTvvIk=,44Kk44Oz44OG44Oq44Ki6Iy2566x44O744Kr44Or44OI44OK44O844K444Ol44Gu5p2Q5paZ44Gr77yB44OT44O844K644K/44OD44K744Or77ya44Kv44Op44OV44OI44Oe44OG44Oq44Ki44Or44CA44OU44O844K344O844K6,6YCa5L+h6LKp5aOy6YCa6LKp44K344On44OD44OU44Oz44Kw44Kq44Oz44Op44Kk44Oz44K344On44OD44OU44Oz44Kw6LK344GE54mp44OX44Os44K844Oz44OI44Ku44OV44OI6LSI44KK54mp6LSI562U5ZOB44GK5Lit5YWD44GK5q2z5pqu44GK6LK344GE5b6X44K/44OD44K744Or55Sf5Zyw44OV44Oq44Oz44K444Kt44OD44OI44OP44Oz44OJ44Oh44Kk44OJ44Kv44Op44OV44OI5Y+O57SN6Iy2566x44Kk44Oz44OG44Oq44Ki6Ziy6Jmr6Ziy5rm/5omL5L2c44KK44Ot44O844OX5biDY2hhYmFrb+i8uOWFpeeUn+WcsOOCpOODs+ODhuODquOCouiMtueuseODu+OCq+ODq+ODiOODiuODvOOCuOODpeOBruadkOaWmeOBq++8geODk+ODvOOCuuOCv+ODg+OCu+ODqw==,44GK5omL6aCD5L6h5qC844Gu57Sg5pW144Gq44Kt44O844K/44OD44K744Or44Gn44GZ77yB44CC44Kk44Oz44OG44Oq44Ki6Iy2566x44O744Kr44Or44OI44OK44O844K444Ol44Gu5p2Q5paZ44Gr77yB44OT44O844K644K/44OD44K744Or[rn]
11-22296,aHR0cDovL3RzaG9wLnIxMHMuanAvbWFubWFrYXNhbi9jYWJpbmV0LzA1Mzc3NzE4L2ltZ3JjMDA3MDUwMDkyNC5qcGc/Zml0aW49NzAwOjcwMA==,MzI4LjAwMDA=,,5pel55So5ZOB6ZuR6LKo44O75paH5oi/5YW344O75omL6Iq4ID4g5omL6Iq444O744Kv44Op44OV44OI44O755Sf5ZywID4g44Gd44Gu5LuW,44CK4piF44CL44K544K/44O844Km44Kp44O844K644OE44Og44OE44Og44CA44OQ44Oz44OJ44Kv44Oq44OD44OX44CAQkQtMTYwNOOAgERpc25leQ==,,56e75YuV44Od44Kx44OD44OI5L2c44KK44Gr5L6/5Yip44Gq44OQ44Oz44OJ44Kv44Oq44OD44OX44Gn44GZPEJSPgoKMuWAi+WFpeOCiuOBruOBiuWApOauteOBp+OBmeOAgjxicj4KPEJSPgrjg5Hjg4PjgrHjg7zjgrjjgrXjgqTjgrrvvJrnuKbntITvvJHvvJPvvYPvvY3Dl+aoque0hO+8le+9g++9jTxicj4K5pys5L2T44K144Kk44K677ya57im77yY77yQ772N772N44CA5qiq77yR77yT772N772N44CAPGJyPgrntKDjgIDmnZA8YnI+CuOAgOODmeODvOOCuemDqOWIhu+8muODneODquOCouOCu+OCv+ODvOODqzxicj4K44CA44Kt44Oj44OD44OXIO+8mu+8oe+8ou+8s+aoueiEgjxicj4K44CA44OQIOODjSDvvJrjgrnjg4bjg7Pjg6zjgrk8YnI+CuOAgOODkOODs+ODiemDqOWIhu+8muODneODquOCqOODgeODrOODszxicj4K55Sf55Sj5Zu977ya5pel5pysPGJyPjxicj4K56e75YuV44Od44Kx44OD44OI44Gv44KC44Gh44KN44KT44Gd44Gu5LuW5L2/44GE6YGT6Imy44CF4pmq44CAPEJSPjxicj4K44CQ5rOo5oSP44CR44GT44Gu5ZWG5ZOB44KS6KO95ZOB5YyW44GX44Gm6LKp5aOy44GZ44KL44GT44Go44Gv6KqN44KB44KJ44KM44Gm44GK44KK44G+44Gb44KT44CC,44CK4piF44CL44K544K/44O844Km44Kp44O844K644OE44Og44OE44Og44CA44OQ44Oz44OJ44Kv44Oq44OD44OX44CAQkQtMTYwNOOAgERpc25lee+8muOBvuOCk+OBvuavjeOBleOCk+OBruOCiuOBvOOCkw==,6YCa5L+h6LKp5aOy6YCa6LKp44K344On44OD44OU44Oz44Kw44Kq44Oz44Op44Kk44Oz44K344On44OD44OU44Oz44Kw6LK344GE54mp44OX44Os44K844Oz44OI44Ku44OV44OI6LSI44KK54mp6LSI562U5ZOB44GK5Lit5YWD44GK5q2z5pqu44GK6LK344GE5b6X44K144OG44Oz44Oq44Oc44Oz44Kw44Ot44Kw44Op44Oz44Oq44Oc44Oz44Kq44O844Ks44Oz44K444O844Oq44Oc44Oz44OX44Oq44Oz44OI44Oq44Oc44Oz44OQ44Os44OD44K/44Kr44OB44Ol44O844K344Oj5L2c44KK5pa55omL5L2c44KK6YCa6LKp5omL6Iq444OY44Ki44Oq44Oc44Oz44G+44KT44G+5q+N44GV44KT44Gu44KK44G844KT44CK4piF44CL44K544K/44O844Km44Kp44O844K644OE44Og44OE44Og44CA44OQ44Oz44OJ44Kv44Oq44OD44OX44CAQkQtMTYwNOOAgERpc25leQ==,44CQ44KG44GG44Oh44O844Or77yv77yr44CR5omL5L2c44KK55So5p2Q5paZ44O744Gp44GT44Gn44KC56e75YuV44Od44Kx44OD44OI44CC44CK4piF44CL44K544K/44O844Km44Kp44O844K644OE44Og44OE44Og44CA44OQ44Oz44OJ44Kv44Oq44OD44OX44CAQkQtMTYwNOOAgERpc25leQ==[rn]
11-22297,aHR0cDovL3RzaG9wLnIxMHMuanAvYXJpdGF3YXJlL2NhYmluZXQvYXJpdGEwMS9jb21tb24va2VzaG91Ym94MDFfMS5qcGc/Zml0aW49NzAwOjcwMA==,MjQwLjAwMDA=,,5pel55So5ZOB6ZuR6LKo44O75paH5oi/5YW344O75omL6Iq4ID4g5omL6Iq444O744Kv44Op44OV44OI44O755Sf5ZywID4g44Gd44Gu5LuW,44CQ44Ku44OV44OI44Oc44OD44Kv44K544CR44Ku44OV44OI55So5YyW57Kn566x44CA44Ki44Oq44K/44Od44O844K744Oq44Oz44Op44Oc5bCC55So44Ku44OV44OI44Oc44OD44Kv44K544CQ5pyJ55Sw54S844CRMTgwNOW5tOWJtealreacieeUsOeEvOeqr+WFgyDlvKXlt6bjg7HploDnqq/jga7jgqLjg6rjgr/jg53jg7zjgrvjg6rjg7Pjg6njg5zjga/jgrfjg7Pjg5fjg6vjgafjg6Ljg4Djg7Pjgarjga7lkozpo5/lmajjg5bjg6njg7Pjg4njgILjgJDjgYrmtJLokL3jgarlkozpo5/lmajjgJHjgJBBcml0YVBvY2VsYWluTGFi44CR,,44Ki44Oq44K/44Od44O844K744Oq44Oz44Op44Oc5bCC55So44Ku44OV44OI44Oc44OD44Kv44K5PGJyIC8+CuOCouODquOCv+ODneODvOOCu+ODquODs+ODqeODnOOBruWVhuWTgeOBq+OAgTHnrrHjgIHjgZPjga7jgq7jg5Xjg4jnlKjljJbnsqfnrrHjgpLjgYrpgbjjgbPjgYTjgZ/jgaDjgY3jgb7jgZnjgII8YnIgLz4K44GU6LO85YWl44GE44Gf44Gg44GP44Ki44Oq44K/44Od44O844K744Oq44Oz44Op44Oc44Gu5ZWG5ZOB44Gr5pyA6YGp44K144Kk44K644Gu5YyW57Kn566x44KS5b2T5bqX44Gn44GK6YG444Gz44GX44G+44GZ44CCPGJyIC8+CuOBquOBiuOAgeWMlueyp+euseWFpeOCiuOBruWVhuWTgeOChOacqOeuseWFpeOCiuWVhuWTgeOBq+OBr+OAgeOBlOizvOWFpeOBr+S4jeimgeOBp+OBmeOAgjxiciAvPgrjgZTkuI3mmI7jgarkuovjgYzjgZTjgZbjgYTjgb7jgZfjgZ/jgonjgIHjgYrmsJfou73jgavjgYrllY/lkIjjgZvjgY/jgaDjgZXjgYTjgII=,44CQ44Ku44OV44OI44Oc44OD44Kv44K544CR44Ku44OV44OI55So5YyW57Kn566x44CA44Ki44Oq44K/44Od44O844K744Oq44Oz44Op44Oc5bCC55So44Ku44OV44OI44Oc44OD44Kv44K544CQ5pyJ55Sw54S844CRMTgwNOW5tOWJtealreacieeUsOeEvOeqr+WFgyDlvKXlt6bjg7HploDnqq/jga7jgqLjg6rjgr/jg53jg7zjgrvjg6rjg7Pjg6njg5zjga/jgrfjg7Pjg5fjg6vjgafjg6Ljg4Djg7Pjgarjga7lkozpo5/lmajjg5bjg6njg7Pjg4njgILjgJDjgYrmtJLokL3jgarlkozpo5/lmajjgJHjgJBBcml0YVBvY2VsYWluTGFi44CR77yaQVJJVEEgUE9SQ0VMQUlOIExBQg==,6YCa5L+h6LKp5aOy6YCa6LKp44K344On44OD44OU44Oz44Kw44Kq44Oz44Op44Kk44Oz44K344On44OD44OU44Oz44Kw6LK344GE54mp44OX44Os44K844Oz44OI44Ku44OV44OI6LSI44KK54mp6LSI562U5ZOB44GK5Lit5YWD44GK5q2z5pqu44GK6LK344GE5b6X5pyJ55Sw54S85pyJ55Sw54S844GN5ZKM6aOf5Zmo6aOf5Zmo56OB5Zmo6Zm256OB5Zmo44OH44K244Kk44Oz6aOf5ZmoQVJJVEHjgIBQT1JDRUxBSU7jgIBMQUJhcml0YXBvcmNlbGFpbmxhYuOCouODquOCv+ODneODvOOCu+ODquODs+ODqeODnOODouODgOODs+OCtOODvOODq+ODieODl+ODqeODgeODiuODlOODs+OCr2FyaXRh5byV44GN5Ye654mp57WQ5ama56Wd44GE5YaF56Wd44OX44Os44K844Oz44OI44Ku44OV44OI44CQ44Ku44OV44OI44Oc44OD44Kv44K544CR44Ku44OV44OI55So5YyW57Kn566x44CA44Ki44Oq44K/44Od44O844K744Oq44Oz44Op44Oc5bCC55So44Ku44OV44OI44Oc44OD44Kv44K544CQ5pyJ55Sw54S844CRMTgwNOW5tOWJtealreacieeUsOeEvOeqr+WFgyDlvKXlt6bjg7HploDnqq/jga7jgqLjg6rjgr/jg53jg7zjgrvjg6rjg7Pjg6njg5zjga/jgrfjg7Pjg5fjg6vjgafjg6Ljg4Djg7Pjgarjga7lkozpo5/lmajjg5bjg6njg7Pjg4njgILjgJDjgYrmtJLokL3jgarlkozpo5/lmajjgJHjgJBBcml0YVBvY2VsYWluTGFi44CR,MTgwNOW5tOWJtealreacieeUsOeEvCDlvKXlt6bjg7HploDnqq8g57Sg5pW144Gq5pyJ55Sw54S844KS44Gp44GG44Ge44CC44CQ44Ku44OV44OI44Oc44OD44Kv44K544CR44Ku44OV44OI55So5YyW57Kn566x44CA44Ki44Oq44K/44Od44O844K744Oq44Oz44Op44Oc5bCC55So44Ku44OV44OI44Oc44OD44Kv44K544CQ5pyJ55Sw54S844CRMTgwNOW5tOWJtealreacieeUsOeEvOeqr+WFgyDlvKXlt6bjg7HploDnqq/jga7jgqLjg6rjgr/jg53jg7zjgrvjg6rjg7Pjg6njg5zjga/jgrfjg7Pjg5fjg6vjgafjg6Ljg4Djg7Pjgarjga7lkozpo5/lmajjg5bjg6njg7Pjg4njgILjgJDjgYrmtJLokL3jgarlkozpo5/lmajjgJHjgJBBcml0YVBvY2VsYWluTGFi44CR[rn]
11-22298,aHR0cDovL3RzaG9wLnIxMHMuanAvY2hyaXN0eS1zL2NhYmluZXQvMDI4MzA4ODAvaW1nNTkzMDUyMTcuanBnP2ZpdGluPTcwMDo3MDA=,MzI4LjAwMDA=,,5pel55So5ZOB6ZuR6LKo44O75paH5oi/5YW344O75omL6Iq4ID4g5omL6Iq444O744Kv44Op44OV44OI44O755Sf5ZywID4g44Gd44Gu5LuW,5YWl5ZyS5rqW5YKZ77yB44CQ44Ki44Kk44Ot44Oz44Ov44OD44Oa44Oz44CR44Ki44Kk44Ot44Oz44Gn57Ch5Y2Y5o6l552A44OR44OD44OB77yB44OP44O844OIL+OCouOCpOOCueOCr+ODquODvOODoC/jgYroirEv44Kt44Oj44Oz44OH44Kj44O877yB44Od44Kk44Oz44OI,,44CQ44Ki44Kk44Ot44Oz44Ov44OD44Oa44Oz44CRPGJyPuOCouOCpOODreODs+OBp+ewoeWNmOaOpeedgOODkeODg+ODge+8gTxicj7jg4/jg7zjg4gv44Ki44Kk44K544Kv44Oq44O844OgL+OBiuiKsS/jgq3jg6Pjg7Pjg4fjgqPjg7zvvIE8YnI+44Op44OW44Oq44O844OH44K244Kk44Oz44OR44OD44OB44Gn55uu56uL44Gj44Gm44GP44Gg44GV44GE77yBPGJyPgrjgYvjgpPjgZ/jgpPjgqLjgqTjg63jg7PmjqXnnYDjgr/jgqTjg5fjga7jg5Hjg4Pjg4Hjgac8YnI+CuODkOODg+OCsOOChOOCreODo+ODg+ODl+ODneODvOODgTxicj7jg6/jg7zjgq/jgrfjg6Pjg4TnrYnjgarjgpPjgavjgafjgoIK6Imy44CF44Go6LK844KK5LuY44GR44Gm44G/44Gm44GP44Gg44GV44GE77yB77yBPGJyPgrjg4fjgrbjgqTjg7PjgoLjgZ/vvZ7jgpPjgb7jgorjgYLjgorjgb7jgZnjga7jgafimao8YnI+CuOBiuWlveOBjeOBquOBqOOBk+OCjeOBq+ODmuODg+OCv+ODmuODg+OCv+OBqDxicj4K44GP44Gj44Gk44GR44Gh44KD44Gj44Gm44GP44Gg44GV44GE4piFIDxicj4=,5YWl5ZyS5rqW5YKZ77yB44CQ44Ki44Kk44Ot44Oz44Ov44OD44Oa44Oz44CR44Ki44Kk44Ot44Oz44Gn57Ch5Y2Y5o6l552A44OR44OD44OB77yB44OP44O844OIL+OCouOCpOOCueOCr+ODquODvOODoC/jgYroirEv44Kt44Oj44Oz44OH44Kj44O877yB44Od44Kk44Oz44OI77ya44OZ44OT44O844CA44Oe44Og44CA44Kv44Oq44K544OG44Kj44O844K6,6YCa5L+h6LKp5aOy6YCa6LKp44K344On44OD44OU44Oz44Kw44Kq44Oz44Op44Kk44Oz44K344On44OD44OU44Oz44Kw6LK344GE54mp44OX44Os44K844Oz44OI44Ku44OV44OI6LSI44KK54mp6LSI562U5ZOB44GK5Lit5YWD44GK5q2z5pqu44GK6LK344GE5b6X44OZ44OT44O85pyN5a2Q5L6b5pyN44CA5qW95aSp44Ko44OV44Kq44O844Kt44OD44K6Ri5vLmtpZHPjg6Djg7zjgrjjg6fjg7Pjgrjjg6fjg7MgVOOCt+ODo+ODhOOCqOODleOCquODvOOCreODg+OCuuOAgOODr+ODs+ODlOODvOOCuemdtOOAgOWtkOS+m+OCq+ODq+ODh+OCo+OCouOAgOWtkOS+m+acjeODk+ODg+ODhOOAgOWtkOS+m+acjeODmeODk+ODvOacjeOAgOOBiuelneOBhOOBq+WHuueUo+elneOBhOOAgOWls+OBruWtkOODiOODrOODs+ODgeOCs+ODvOODiOOAgOWtkOS+m+OCpuOCo+ODs+ODieODluODrOODvOOCq+ODvOOAgOWtkOS+m+acjemAmuWckuODkOODg+OCsOODl+ODvOODq+ODkOODg+OCsOeUmuW5s+OAgOWtkOS+m+acjei1pOOBoeOCg+OCk+OAgOeUmuW5s+WPr+aEm+OBhOODmeODk+ODvOacjeODh+OCo+OCuuODi+ODvOODl+ODquODs+OCu+OCuemdtOS4i+WtkOS+m+WFpeWckua6luWCme+8geOAkOOCouOCpOODreODs+ODr+ODg+ODmuODs+OAkeOCouOCpOODreODs+OBp+ewoeWNmOaOpeedgOODkeODg+ODge+8geODj+ODvOODiC/jgqLjgqTjgrnjgq/jg6rjg7zjg6Av44GK6IqxL+OCreODo+ODs+ODh+OCo+ODvO+8geODneOCpOODs+ODiA==,6Imy44KT44Gq44OR44OD44OB5o+D44GI44Gm44G+44GZ77yB44CC5YWl5ZyS5rqW5YKZ77yB44CQ44Ki44Kk44Ot44Oz44Ov44OD44Oa44Oz44CR44Ki44Kk44Ot44Oz44Gn57Ch5Y2Y5o6l552A44OR44OD44OB77yB44OP44O844OIL+OCouOCpOOCueOCr+ODquODvOODoC/jgYroirEv44Kt44Oj44Oz44OH44Kj44O877yB44Od44Kk44Oz44OI[rn]
11-22299,aHR0cDovL3RzaG9wLnIxMHMuanAvbWFwc21hcmtldC9jYWJpbmV0LzI2MjQxNTc5ODYwZmEwOGQ4Ny8zMTczYnUuanBnP2ZpdGluPTcwMDo3MDA=,NzM0NC4wMDAw,,5pel55So5ZOB6ZuR6LKo44O75paH5oi/5YW344O75omL6Iq4ID4g5omL6Iq444O744Kv44Op44OV44OI44O755Sf5ZywID4g44Gd44Gu5LuW,44Kv44Ot44OQ44O844CA44OT44O844K657mU44KK5qmf44CANTgtNjMx44CAMDVQMDVOb3YxNg==,,PHRhYmxlIHdpZHRoPSIxMDAlIiBib3JkZXI9IjAiIGFsaWduPSJjZW50ZXIiIGNlbGxwYWRkaW5nPSIxIiBjZWxsc3BhY2luZz0iMCI+PHRyPjx0ZD48aW1nIHNyYz0iaHR0cDovL2ltYWdlLnJha3V0ZW4uY28uanAvdHVoYW4teWEvY2FiaW5ldC9jaG91dG9rdS8zMTczYnUtMDIuanBnIiB3aWR0aD0iMTAwJSI+PGJyPjxmb250IHNpemU9IjIiPjwvZm9udD48YnI+PGJyPjwvdGQ+PC90cj48dHI+PHRkIHZhbGlnbj0idG9wIiBhbGlnbj0ibGVmdCI+PGZvbnQgc2l6ZT0iMiI+4peP5L2c5ZOB44Gu5aSn44GN44GV44Gr5ZCI44KP44Gb44Gm44CBMWNt5Y2Y5L2N44Gn6ZW344GV6Kq/56+A44GM57Ch5Y2Y44O75q2j56K644Gr44Gn44GN44G+44GZ44CCPGJyPjxicj7il4/jgZ/jgabns7jjga/jg5vjg6vjg4Djg7zjgaflm7rlrprjgZnjgovjga7jgafjgobjgovjgb/jgpLmsJfjgavjgZvjgZrnuZTjgovjgZPjgajjgYzjgafjgY3jgb7jgZnjgII8L2ZvbnQ+PC90ZD48L3RyPjx0cj48dGQ+PGltZyBzcmM9Imh0dHA6Ly9pbWFnZS5yYWt1dGVuLmNvLmpwL3R1aGFuLXlhL2NhYmluZXQvY2hvdXRva3UvMzE3M2J1LTAzLmpwZyIgd2lkdGg9IjEwMCUiPjxicj48Zm9udCBzaXplPSIyIj48L2ZvbnQ+PGJyPjxicj48L3RkPjwvdHI+PHRyPjx0ZD48aW1nIHNyYz0iaHR0cDovL2ltYWdlLnJha3V0ZW4uY28uanAvdHVoYW4teWEvY2FiaW5ldC9jaG91dG9rdS8zMTczYnUtMDQuanBnIiB3aWR0aD0iMTAwJSI+PGJyPjxmb250IHNpemU9IjIiPjwvZm9udD48YnI+PGJyPjwvdGQ+PC90cj48L3RhYmxlPjx0YWJsZSB3aWR0aD0iMTAwJSIgYm9yZGVyPSIwIiBjZWxsc3BhY2luZz0iMCIgY2VsbHBhZGRpbmc9IjAiPjx0cj48dGQ+PGZvbnQgc2l6ZT0iLTEiPuS9v+OBhOOChOOBmeOBleOBq+OBk+OBoOOCj+OBo+OBn+OAgeOChuOBjOOBv+OBjOOBquOBj+eyvuW3p+OBquOBpOOBj+OCiuOBruODk+ODvOOCuue5lOOCiuapn+OBp+OBmeOAguOBn+OBpuezuOOBjOato+eiuuOBq+W8teOCjOOCi+OCiOOBhuW3peWkq+OBleOCjOOBpuOBhOOCi+OBruOBp+OAgeOBr+OBmOOCgeOBpuOBruaWueOBp+OCguOBjeOCjOOBhOOBq+e5lOOCi+OBk+OBqOOBjOOBp+OBjeOBvuOBmeOAguWwj+OBleOBhOOCguOBruOBi+OCiemVt+OBhOOCguOBruOBvuOBp+OAgeanmOOAheOBquS9nOWTgeOBpeOBj+OCiuOBjOalveOBl+OCgeOBvuOBmeOAgjwvZm9udD48L3RkPjwvdHI+PC90YWJsZT48YnI+PHRhYmxlIHdpZHRoPSIxMDAlIiBib3JkZXI9IjAiIGNlbGxwYWRkaW5nPSI1IiBjZWxsc3BhY2luZz0iMSIgYmdjb2xvcj0iIzY2NjY2NiI+PHRyIGJnY29sb3I9IiNGRkZGRkYiPjx0ZCBhbGlnbj0iY2VudGVyIiAgYmdjb2xvcj0iI0ZGRkZDQyI+PGZvbnQgY29sb3I9IiMzMzMzMzMiIHNpemU9Ii0xIj7jgrXjgqTjgro8L2ZvbnQ+PC90ZD48dGQgYWxpZ249ImxlZnQiPjxmb250IGNvbG9yPSIjMzMzMzMzIiBzaXplPSItMSI+57SEMTE2w5cyMjDDlzc1bW0o5pyA6ZW35pmCOuWlpeihjOOBjTMwMG1tKTwvZm9udD48Zm9udCBjb2xvcj0iIzMzMzMzMyIgc2l6ZT0iLTEiPuWAi+ijheOCteOCpOOCuu+8mjEyw5czMMOXOGNtPC9mb250PjwvdGQ+PC90cj48dHIgYmdjb2xvcj0iI0ZGRkZGRiI+PHRkIGFsaWduPSJjZW50ZXIiICBiZ2NvbG9yPSIjRkZGRkNDIj48Zm9udCBjb2xvcj0iIzMzMzMzMyIgc2l6ZT0iLTEiPumHjemHjzwvZm9udD48L3RkPjx0ZCBhbGlnbj0ibGVmdCI+PGZvbnQgY29sb3I9IiMzMzMzMzMiIHNpemU9Ii0xIj7lgIvoo4Xph43ph4/vvJo0MTBnPC9mb250PjwvdGQ+PC90cj48dHIgYmdjb2xvcj0iI0ZGRkZGRiI+PHRkIGFsaWduPSJjZW50ZXIiICBiZ2NvbG9yPSIjRkZGRkNDIj48Zm9udCBjb2xvcj0iIzMzMzMzMyIgc2l6ZT0iLTEiPue0oOadkOODu+adkOizqjwvZm9udD48L3RkPjx0ZCBhbGlnbj0ibGVmdCI+PGZvbnQgY29sb3I9IiMzMzMzMzMiIHNpemU9Ii0xIj7jgJDjg5Pjg7zjgrrnuZTjgormqZ/jgJE8YnI+44OV44Os44O844Og44O744OU44OzOkFCU+aoueiEgjxicj7ns7jjgYvjgZHmo5Ljg7vlt7vjgY3lj5bjgormo5I644Od44Oq44Ki44K744K/44O844OrPGJyPuODjuODluODu+ODrOODvOODqzrjg53jg6rjgqvjg7zjg5zjg43jg7zjg4g8YnI+44Oc44Or44OI44O744OK44OD44OIOumJhDxicj7jg43jgrg6KOaMgeOBoeaJiynjg53jg6rjgqLjg5/jg4njgIEo44ON44K46YOoKemJhDxicj48YnI+44CQ44Ob44Or44OA44O844CR44Od44Oq44Ki44K744K/44O844OrPGJyPuOAkOOCueODiOODg+ODkeODvOOAkeOCueODhuODs+ODrOOCuTxicj7jgJDph53jgJHpi7wo44OL44OD44Kx44Or44Oh44OD44KtKTxicj7jgJDph53jgrHjg7zjgrnjgJHjgqrjg6zjg5XjgqPjg7Pns7vmqLnohII8YnI+44CQ44K544Os44OA44O844CRKOaMgeOBoeaJiynjgqLjg6vjg5/jg4vjgqbjg6DjgIEo57ea5p2QKeOCueODhuODs+ODrOOCuTwvZm9udD48L3RkPjwvdHI+PHRyIGJnY29sb3I9IiNGRkZGRkYiPjx0ZCBhbGlnbj0iY2VudGVyIiAgYmdjb2xvcj0iI0ZGRkZDQyI+PGZvbnQgY29sb3I9IiMzMzMzMzMiIHNpemU9Ii0xIj7jgrvjg4Pjg4jlhoXlrrk8L2ZvbnQ+PC90ZD48dGQgYWxpZ249ImxlZnQiPjxmb250IGNvbG9yPSIjMzMzMzMzIiBzaXplPSItMSI+44OT44O844K657mU44KK5qmf44CB44K544OI44OD44OR44O8w5cy5pys44CB44Ob44Or44OA44O8w5c05YCL44CB44OU44Ozw5cxMuacrOOAgeOBmeOBueOCiuatouOCgeODhuODvOODl8OXNOaemuOAgeOCueODrOODgOODvMOXMeaemuOAgemHneODk+ODvOOCuue5lOOCiumHnSjkuK0pw5cx5pysPC9mb250PjwvdGQ+PC90cj48dHIgYmdjb2xvcj0iI0ZGRkZGRiI+PHRkIGFsaWduPSJjZW50ZXIiICBiZ2NvbG9yPSIjRkZGRkNDIj48Zm9udCBjb2xvcj0iIzMzMzMzMyIgc2l6ZT0iLTEiPuijvemAoOWbvTwvZm9udD48L3RkPjx0ZCBhbGlnbj0ibGVmdCI+PGZvbnQgY29sb3I9IiMzMzMzMzMiIHNpemU9Ii0xIj7ml6XmnKw8L2ZvbnQ+PC90ZD48L3RyPjwvdGFibGU+,44Kv44Ot44OQ44O844CA44OT44O844K657mU44KK5qmf44CANTgtNjMx44CAMDVQMDVOb3YxNu+8muODnuODg+ODl+OCueODnuODvOOCseODg+ODiA==,6YCa5L+h6LKp5aOy6YCa6LKp44K344On44OD44OU44Oz44Kw44Kq44Oz44Op44Kk44Oz44K344On44OD44OU44Oz44Kw6LK344GE54mp44OX44Os44K844Oz44OI44Ku44OV44OI6LSI44KK54mp6LSI562U5ZOB44GK5Lit5YWD44GK5q2z5pqu44GK6LK344GE5b6X44Kv44Ot44OQ44O844CA44OT44O844K657mU44KK5qmf44CANTgtNjMx44CAMDVQMDVOb3YxNg==,5L2/44GE44KE44GZ44GE44GL44KJ44K544Kk44K544Kk57mU44KM44KL4pmq44CC44Kv44Ot44OQ44O844CA44OT44O844K657mU44KK5qmf44CANTgtNjMx44CAMDVQMDVOb3YxNg==[rn]
11-22300,aHR0cDovL3RzaG9wLnIxMHMuanAvbWFwc21hcmtldC9jYWJpbmV0LzUxODMyNTc5ODY3YWYzY2JhMy8yMTI5Ym8uanBnP2ZpdGluPTcwMDo3MDA=,MzI4My4yMDAw,,5pel55So5ZOB6ZuR6LKo44O75paH5oi/5YW344O75omL6Iq4ID4g5omL6Iq444O744Kv44Op44OV44OI44O755Sf5ZywID4g44Gd44Gu5LuW,UEFESUNP44CA44OR44K444Kz44CA44K344Oq44Kz44O844Oz55So5Z6L5Y+W44KK44Oc44OD44Kv44K544CAMTDjgrvjg4Pjg4jjgIAwNVAwNU5vdjE2,,PHRhYmxlIHdpZHRoPSIxMDAlIiBib3JkZXI9IjAiIGFsaWduPSJjZW50ZXIiIGNlbGxwYWRkaW5nPSIxIiBjZWxsc3BhY2luZz0iMCI+PHRyPjx0ZD48aW1nIHNyYz0iaHR0cDovL2ltYWdlLnJha3V0ZW4uY28uanAvdHVoYW4teWEvY2FiaW5ldC90X3NpbXBsZTUxOTAvMjEyOWJvLTAyLmpwZyIgd2lkdGg9IjEwMCUiPjxicj48Zm9udCBzaXplPSIyIj7igLvntYTjgb/nq4vjgabjgqTjg6Hjg7zjgrg8L2ZvbnQ+PGJyPjxicj48L3RkPjwvdHI+PHRyPjx0ZCB2YWxpZ249InRvcCIgYWxpZ249ImxlZnQiPjxmb250IHNpemU9IjIiPuKXhuWOn+Wei+OBruOCteOCpOOCuuOBq+WQiOOCj+OBm+OBpuOAgeWkp+ODu+S4reODu+Wwj+OBrjPjgrXjgqTjgrrjga7lnovlj5bjgornlKjjga7nrrHjgYzkvZzjgozjgb7jgZnjgII8YnI+5aSn44CA5bmFOTBtbcOX5aWl6KGMOTBtbcOX6auY44GVMzBtbTxicj7kuK3jgIDluYU3MG1tw5flpaXooYw3MG1tw5fpq5jjgZU0MG1tPGJyPuWwj+OAgOW5hTUwbW3Dl+WlpeihjDUwbW3Dl+mrmOOBlTUwbW08YnI+PGJyPjxicj4o57WE44G/56uL44Gm5pa5KTxicj4xLuWei+WPluOCiuOBl+OBn+OBhOWOn+Wei+OBruOCteOCpOOCuuOCkuioiOOCiuOAgeeuseOBruOCteOCpOOCuuOCkuaxuuWumuOBl+OBvuOBmeOAgjxicj4yLuWkp+ODu+S4reODu+Wwj+OBq+ayv+OBo+OBpue3muOCkuaKmOOCiuOAgeWNsOWIt+OBl+OBn+mdouOBjOWkluWBtOOBq+OBquOCi+OCiOOBhuOBq+aKmOOCiue1hOOBv+eri+OBpuOBvuOBmeOAgjxicj4zLuWbm+i+uuOBruOBpOOBvuOBv+mDqOWIhuOBruWGheWBtOOBq+S4oemdouODhuODvOODl+OCkuiyvOOCiuOAgeS9meWIhuOBquOCt+ODvOODq+OCkuOCq+ODg+ODiOOBl+OBpuOBl+OBo+OBi+OCiuOBqOiyvOOCiuWQiOOCj+OBm+OBpuWHuuadpeS4iuOBjOOCiuOAgjxicj48YnI+4oC744Kv44Oq44Ki44K344Oq44Kz44O844Oz5Z6L5Y+W44KK5bCC55So44Gn44GZ44CC6aOf55So44Gq44Gp5LuW44Gu55So6YCU44Gr44Gv5L2/55So44GX44Gq44GE44Gn44GP44Gg44GV44GEPGJyPuKAu+OBlOazqOaEj+OCkuW/heOBmuOBiuiqreOBv+OBruS4iuOBlOS9v+eUqOOBj+OBoOOBleOBhOOAgjwvZm9udD48L3RkPjwvdHI+PHRyPjx0ZD48aW1nIHNyYz0iaHR0cDovL2ltYWdlLnJha3V0ZW4uY28uanAvdHVoYW4teWEvY2FiaW5ldC90X3NpbXBsZTUxOTAvMjEyOWJvLTAzLmpwZyIgd2lkdGg9IjEwMCUiPjxicj48Zm9udCBzaXplPSIyIj7igLvkvb/nlKjjgqTjg6Hjg7zjgrg8L2ZvbnQ+PGJyPjxicj48L3RkPjwvdHI+PC90YWJsZT48dGFibGUgd2lkdGg9IjEwMCUiIGJvcmRlcj0iMCIgY2VsbHNwYWNpbmc9IjAiIGNlbGxwYWRkaW5nPSIwIj48dHI+PHRkPjxmb250IHNpemU9Ii0xIj7jgq/jg6rjgqLjgrfjg6rjgrPjg7zjg7Plnovlj5bjgormnZDlsILnlKjjga7ntJnoo73lnovlj5bjgorjg5zjg4Pjgq/jgrnjgafjgZnjgILljp/lnovjga7jgrXjgqTjgrrjgavlkIjjgo/jgZvjgabmipjjgaPjgabkuKHpnaLjg4bjg7zjg5fjgafosrzjgovjgaDjgZHjgafntYTjgb/nq4vjgabjgoLnsKHljZjjgafjgZnimao8L2ZvbnQ+PC90ZD48L3RyPjwvdGFibGU+PGJyPjx0YWJsZSB3aWR0aD0iMTAwJSIgYm9yZGVyPSIwIiBjZWxscGFkZGluZz0iNSIgY2VsbHNwYWNpbmc9IjEiIGJnY29sb3I9IiM2NjY2NjYiPjx0ciBiZ2NvbG9yPSIjRkZGRkZGIj48dGQgYWxpZ249ImNlbnRlciIgIGJnY29sb3I9IiNGRkZGQ0MiPjxmb250IGNvbG9yPSIjMzMzMzMzIiBzaXplPSItMSI+44K144Kk44K6PC9mb250PjwvdGQ+PHRkIGFsaWduPSJsZWZ0Ij48Zm9udCBjb2xvcj0iIzMzMzMzMyIgc2l6ZT0iLTEiPuWAi+ijheOCteOCpOOCuu+8mjPDlzEww5cxM2NtPC9mb250PjwvdGQ+PC90cj48dHIgYmdjb2xvcj0iI0ZGRkZGRiI+PHRkIGFsaWduPSJjZW50ZXIiICBiZ2NvbG9yPSIjRkZGRkNDIj48Zm9udCBjb2xvcj0iIzMzMzMzMyIgc2l6ZT0iLTEiPumHjemHjzwvZm9udD48L3RkPjx0ZCBhbGlnbj0ibGVmdCI+PGZvbnQgY29sb3I9IiMzMzMzMzMiIHNpemU9Ii0xIj7lgIvoo4Xph43ph4/vvJoxNTBnPC9mb250PjwvdGQ+PC90cj48dHIgYmdjb2xvcj0iI0ZGRkZGRiI+PHRkIGFsaWduPSJjZW50ZXIiICBiZ2NvbG9yPSIjRkZGRkNDIj48Zm9udCBjb2xvcj0iIzMzMzMzMyIgc2l6ZT0iLTEiPue0oOadkOODu+adkOizqjwvZm9udD48L3RkPjx0ZCBhbGlnbj0ibGVmdCI+PGZvbnQgY29sb3I9IiMzMzMzMzMiIHNpemU9Ii0xIj7jgrPjg7zjg4jjg5zjg7zjg6vntJnjgIFQUDwvZm9udD48L3RkPjwvdHI+PHRyIGJnY29sb3I9IiNGRkZGRkYiPjx0ZCBhbGlnbj0iY2VudGVyIiAgYmdjb2xvcj0iI0ZGRkZDQyI+PGZvbnQgY29sb3I9IiMzMzMzMzMiIHNpemU9Ii0xIj7ku5Xmp5g8L2ZvbnQ+PC90ZD48dGQgYWxpZ249ImxlZnQiPjxmb250IGNvbG9yPSIjMzMzMzMzIiBzaXplPSItMSI+4peP6ICQ54ax5rip5bqmOjcw772eODDluqY8L2ZvbnQ+PGJyPjwvdGQ+PC90cj48dHIgYmdjb2xvcj0iI0ZGRkZGRiI+PHRkIGFsaWduPSJjZW50ZXIiICBiZ2NvbG9yPSIjRkZGRkNDIj48Zm9udCBjb2xvcj0iIzMzMzMzMyIgc2l6ZT0iLTEiPuOCu+ODg+ODiOWGheWuuTwvZm9udD48L3RkPjx0ZCBhbGlnbj0ibGVmdCI+PGZvbnQgY29sb3I9IiMzMzMzMzMiIHNpemU9Ii0xIj4z44Oc44OD44Kv44K55YWlKOODnOODvOODq+e0mTPmnprjgIHkuKHpnaLjg4bjg7zjg5cxMuaeminDlzEw44K744OD44OIPC9mb250PjwvdGQ+PC90cj48dHIgYmdjb2xvcj0iI0ZGRkZGRiI+PHRkIGFsaWduPSJjZW50ZXIiICBiZ2NvbG9yPSIjRkZGRkNDIj48Zm9udCBjb2xvcj0iIzMzMzMzMyIgc2l6ZT0iLTEiPuijvemAoOWbvTwvZm9udD48L3RkPjx0ZCBhbGlnbj0ibGVmdCI+PGZvbnQgY29sb3I9IiMzMzMzMzMiIHNpemU9Ii0xIj7ml6XmnKw8L2ZvbnQ+PC90ZD48L3RyPjwvdGFibGU+,UEFESUNP44CA44OR44K444Kz44CA44K344Oq44Kz44O844Oz55So5Z6L5Y+W44KK44Oc44OD44Kv44K544CAMTDjgrvjg4Pjg4jjgIAwNVAwNU5vdjE277ya44Oe44OD44OX44K544Oe44O844Kx44OD44OI,6YCa5L+h6LKp5aOy6YCa6LKp44K344On44OD44OU44Oz44Kw44Kq44Oz44Op44Kk44Oz44K344On44OD44OU44Oz44Kw6LK344GE54mp44OX44Os44K844Oz44OI44Ku44OV44OI6LSI44KK54mp6LSI562U5ZOB44GK5Lit5YWD44GK5q2z5pqu44GK6LK344GE5b6XUEFESUNP44CA44OR44K444Kz44CA44K344Oq44Kz44O844Oz55So5Z6L5Y+W44KK44Oc44OD44Kv44K544CAMTDjgrvjg4Pjg4jjgIAwNVAwNU5vdjE2,6Ieq5YiG44Gn5aW944G/44Gu5Z6L44GM5Y+W44KM44KLIeOAglBBRElDT+OAgOODkeOCuOOCs+OAgOOCt+ODquOCs+ODvOODs+eUqOWei+WPluOCiuODnOODg+OCr+OCueOAgDEw44K744OD44OI44CAMDVQMDVOb3YxNg==[rn]
