7-31601,aHR0cDovL3RzaG9wLnIxMHMuanAvamljb21hbi9jYWJpbmV0L2ZlbGl4L2Z4MjM0LmpwZz9maXRpbj03MDA6NzAw,Mzg0LjAwMDA=,,44OQ44OD44Kw44O75bCP54mp44O744OW44Op44Oz44OJ6ZuR6LKoID4g44Gd44Gu5LuW,44OV44Kj44Oq44OD44Kv44K544O744K244O744Kt44Oj44OD44OIIOODr+ODg+ODmuODsyDjgqLjgqTjg63jg7Mg44Kt44Oj44Op44Kv44K/44O8IOOCouODoeOCq+OCuCDjgrjjg6PjgrHjg4Pjg4gg44OI44O844OI44OQ44OD44KwIEZFTElYIFRIRSBDQVQg44Op44Km44Oz44OJIOOCouODoeODquOCqyDjgqLjg6Hjg6rjgqvjg7Ppm5Hosqgg44CQ44Oh44O844Or5L6/T0vjgJHvvL9XUC1LR0FaRjM1NUEtTU9O,44OV44Kj44Oq44OD44Kv44K544OV44Kh44Oz44Gu5pa544CF77yB5Yud6LKg44Ov44OD44Oa44Oz44Gn44GZ77yB,PGltZyBzcmM9Imh0dHA6Ly9pbWFnZS5yYWt1dGVuLmNvLmpwL2ppY29tYW4vY2FiaW5ldC9yZW5ld2FsL21haWxiaW5fci5naWYiIGFsdD0i44Oh44O844Or5L6/55m66YCB5rOo5oSP5LqL6aCF44Gu44OQ44OK44O8IiBib3JkZXI9IjAiPgo8QlI+PEJSPgo8c21hbGw+Cgrjg5XjgqPjg6rjg4Pjgq/jgrnjga7jg6/jg4Pjg5rjg7PjgafjgZnvvIEK44GT44KM44Gv44Kk44Kk5ZWG5ZOB44Gn44GZ44KI77yBCgrlvZPlupfjga7jg5XjgqPjg6rjg4Pjgq/jgrnjgrnjg4bjg4Pjgqvjg7zjgafjgYrpprTmn5Pjgb/jga7ntbXmn4TjgYzjgqLjgqTjg63jg7Pjg6/jg4Pjg5rjg7PjgavjgarjgaPjgabjgYrjgorjgb7jgZnvvIEKCuWTgeizquOAgeODh+OCtuOCpOODs+WFseOBq+ODrOODmeODq+OBjOmrmOOBhOODh+OCreOBq+OBquOBo+OBpuOBiuOCiuOBvuOBme+8gQoK44GX44GL44KC44Op44Kk44K744Oz44K55ZOB44Gq44GM44KJ44CB44Ov44OD44Oa44Oz44Gu5bmz5Z2H5L6h5qC8NDgw5YaGKOeojuaKnCnjgavmipHjgYjjgabjgYLjgorjgb7jgZnvvIEKCuOCuOODvOODkeODs+OBruODleODreODs+ODiOODneOCseODg+ODiOOChOi7iuOBruOCt+ODvOODiOOBquOBqeOBq+OCguS7mOOBkeOBpuOBv+OBn+OBhOOBp+OBmeOBre+8gQoK5b2T5bqX44Kq44K544K544Oh44Gu44OV44Kj44Oq44OD44Kv44K544Kw44OD44K644Gr44Gq44KK44G+44GZ77yBCgogCgrjgrXjgqTjgrrvvIjntITvvIkK55u05b6EOGNtCue0oOadkOOAgOOCouOCpOODreODs+ODr+ODg+ODmuODswogCiAKPC9zbWFsbD4KIAo8QlI+PGNlbnRlcj48UD48SU1HIHNyYz0iaHR0cDovL2ltYWdlLnJha3V0ZW4uY28uanAvamljb21hbi9jYWJpbmV0L2JuL2RvdWNvbl8zMDAuZ2lmIiBib3JkZXI9IjAiIGFsdD0i6YCB5paZ54Sh5paZ5ZWG5ZOB44Kr44OG44K044Oq44O844Gu44OQ44OK44O8Ij48L1A+PFA+PElNRyBzcmM9Imh0dHA6Ly9pbWFnZS5yYWt1dGVuLmNvLmpwL2ppY29tYW4vY2FiaW5ldC9ibi9tYWlsbWFnYXppbmVfMzAwLmdpZiIgYm9yZGVyPSIwIiBhbHQ9IumAgeaWmeeEoeaWmeWVhuWTgeOCq+ODhuOCtOODquODvOOBruODkOODiuODvCI+PC9QPjwvY2VudGVyPjxCUj48QlI+PEJSPgo8Y2VudGVyPgo8aW1nIHNyYz0iaHR0cDovL2ltYWdlLnJha3V0ZW4uY28uanAvamljb21hbi9jYWJpbmV0L3JlbmV3YWwvcmVwZWF0MV9yLmdpZiIgYWx0PSLjg53jgqTjg7Pjg4jvvJLvvJDlgI3llYblk4Hjga7jgrPjg7zjg4rjg7wiPgo8L2NlbnRlcj4=,44OV44Kj44Oq44OD44Kv44K544O744K244O744Kt44Oj44OD44OIIOODr+ODg+ODmuODsyDjgqLjgqTjg63jg7Mg44Kt44Oj44Op44Kv44K/44O8IOOCouODoeOCq+OCuCDjgrjjg6PjgrHjg4Pjg4gg44OI44O844OI44OQ44OD44KwIEZFTElYIFRIRSBDQVQg44Op44Km44Oz44OJIOOCouODoeODquOCqyDjgqLjg6Hjg6rjgqvjg7Ppm5Hosqgg44CQ44Oh44O844Or5L6/T0vjgJHvvL9XUC1LR0FaRjM1NUEtTU9O77ya6Ieq5bex5rqA6Laz,44Op44OD44OI44OV44Kj44Oz44Kv44K544OG44OD44Kr44O844Ot44O844OJ44Op44Oz44OK44O844OV44Kj44Oq44OD44Kv44K544O744K244O744Kt44Oj44OD44OI44OK44Oz44OQ44O844OV44Os44O844Og44Of44Oq44K/44Oq44O844K544OG44Oz44K344Or44Kr44O844Ki44Kv44K744K144Oq44O844Of44Oq44K/44Oq44O844Ko44Ki44OV44Kp44O844K55LiW55Sw6LC344OZ44O844K544K144Kk44Oz44OX44Os44O844OI44Kv44Os44Kk44K544Of44K544Og44O844Oz44Ki44Kk44K644Kr44O844Oe44OD44OI44Of44K344Ol44Op44Oz44Ko44OD44K9RVNTT+OBpOOBquOBjuOCouODq+ODleOCoeODmeODg+ODiOOCueODhuODg+OCq+ODvOODleOCo+ODquODg+OCr+OCueODu+OCtuODu+OCreODo+ODg+ODiCDjg6/jg4Pjg5rjg7Mg44Ki44Kk44Ot44OzIOOCreODo+ODqeOCr+OCv+ODvCDjgqLjg6Hjgqvjgrgg44K444Oj44Kx44OD44OIIOODiOODvOODiOODkOODg+OCsCBGRUxJWCBUSEUgQ0FUIOODqeOCpuODs+ODiSDjgqLjg6Hjg6rjgqsg44Ki44Oh44Oq44Kr44Oz6ZuR6LKoIOOAkOODoeODvOODq+S+v09L44CR77y/V1AtS0dBWkYzNTVBLU1PTg==,44OV44Kj44Oq44OD44Kv44K544OV44Kh44Oz44Gu5pa544CF77yB5Yud6LKg44Ov44OD44Oa44Oz44Gn44GZ77yB44CC44OV44Kj44Oq44OD44Kv44K544O744K244O744Kt44Oj44OD44OIIOODr+ODg+ODmuODsyDjgqLjgqTjg63jg7Mg44Kt44Oj44Op44Kv44K/44O8IOOCouODoeOCq+OCuCDjgrjjg6PjgrHjg4Pjg4gg44OI44O844OI44OQ44OD44KwIEZFTElYIFRIRSBDQVQg44Op44Km44Oz44OJIOOCouODoeODquOCqyDjgqLjg6Hjg6rjgqvjg7Ppm5Hosqgg44CQ44Oh44O844Or5L6/T0vjgJHvvL9XUC1LR0FaRjM1NUEtTU9O[rn]
7-31602,aHR0cDovL3RzaG9wLnIxMHMuanAvamljb21hbi9jYWJpbmV0L2ZlbGl4L2Z4MjMyLmpwZz9maXRpbj03MDA6NzAw,Mzg0LjAwMDA=,,44OQ44OD44Kw44O75bCP54mp44O744OW44Op44Oz44OJ6ZuR6LKoID4g44Gd44Gu5LuW,44OV44Kj44Oq44OD44Kv44K544O744K244O744Kt44Oj44OD44OIIOODr+ODg+ODmuODsyDjgqLjgqTjg63jg7Mg44Kt44Oj44Op44Kv44K/44O8IOOCouODoeOCq+OCuCDjgrjjg6PjgrHjg4Pjg4gg44OI44O844OI44OQ44OD44KwIEZFTElYIFRIRSBDQVQgU3RheSBDb29sIOOCouODoeODquOCqyDjgqLjg6Hjg6rjgqvjg7Ppm5Hosqgg44CQ44Oh44O844Or5L6/T0vjgJHvvL9XUC1LR0FaRjM1NUQtTU9O,44OV44Kj44Oq44OD44Kv44K544OV44Kh44Oz44Gu5pa544CF77yB5Yud6LKg44Ov44OD44Oa44Oz44Gn44GZ77yB,PGltZyBzcmM9Imh0dHA6Ly9pbWFnZS5yYWt1dGVuLmNvLmpwL2ppY29tYW4vY2FiaW5ldC9yZW5ld2FsL21haWxiaW5fci5naWYiIGFsdD0i44Oh44O844Or5L6/55m66YCB5rOo5oSP5LqL6aCF44Gu44OQ44OK44O8IiBib3JkZXI9IjAiPgo8QlI+PEJSPgo8c21hbGw+Cgrjg5XjgqPjg6rjg4Pjgq/jgrnjga7jg6/jg4Pjg5rjg7PjgafjgZnvvIEK44GT44KM44Gv44Kk44Kk5ZWG5ZOB44Gn44GZ44KI77yBCgrou6LlhpnlvI/jgrnjg4bjg4Pjgqvjg7zjgafjgYrpprTmn5Pjgb/jga7jg4fjgrbjgqTjg7PjgYzjg6/jg4Pjg5rjg7PjgavjgarjgaPjgabjgYTjgb7jgZnvvIEKCuOBk+OBruW9ouOBruODr+ODg+ODmuODs+OBr+OCouODoeODquOCq+OBp+OBr+ODr+ODvOOCr+ODkeODg+ODgeOBqOOBl+OBpuWQjeWJjeOCkuWIuue5jeOBl+OBpuS9nOalreedgOOBq+e4q+OBhOS7mOOBkeOBn+OCiuOBl+OBpuOBhOOBvuOBme+8gQoK56eB44KC44Ki44Oh44Oq44Kr5rue5Zyo5Lit44Gr44CMUnlv44CN44Go5Yi657mN44GV44KM44Gf44Ov44OD44Oa44Oz44KS6IO444Gr5LuY44GR44Gm44GE44G+44GX44Gf77yBCgrlk4Hos6rjgIHjg4fjgrbjgqTjg7PlhbHjgavjg6zjg5njg6vjgYzpq5jjgYTjg4fjgq3jgavjgarjgaPjgabjgYrjgorjgb7jgZnvvIEKCuOBl+OBi+OCguODqeOCpOOCu+ODs+OCueWTgeOBquOBjOOCieOAgeODr+ODg+ODmuODs+OBruW5s+Wdh+S+oeagvDQ4MOWGhijnqI7mipwp44Gr5oqR44GI44Gm44GC44KK44G+44GZ77yBCgrjgrjjg7zjg5Hjg7Pjga7jg5Xjg63jg7Pjg4jjg53jgrHjg4Pjg4jjgoTou4rjga7jgrfjg7zjg4jjgarjganjgavjgoLku5jjgZHjgabjgb/jgZ/jgYTjgafjgZnjga3vvIEKCuW9k+W6l+OCquOCueOCueODoeOBruODleOCo+ODquODg+OCr+OCueOCsOODg+OCuuOBq+OBquOCiuOBvuOBme+8gQoKIAoK44K144Kk44K677yI57SE77yJCkw1Y21YVzhjbQrntKDmnZDjgIDjgqLjgqTjg63jg7Pjg6/jg4Pjg5rjg7MKCiAKPC9zbWFsbD48QlI+PGNlbnRlcj48UD48SU1HIHNyYz0iaHR0cDovL2ltYWdlLnJha3V0ZW4uY28uanAvamljb21hbi9jYWJpbmV0L2JuL2RvdWNvbl8zMDAuZ2lmIiBib3JkZXI9IjAiIGFsdD0i6YCB5paZ54Sh5paZ5ZWG5ZOB44Kr44OG44K044Oq44O844Gu44OQ44OK44O8Ij48L1A+PFA+PElNRyBzcmM9Imh0dHA6Ly9pbWFnZS5yYWt1dGVuLmNvLmpwL2ppY29tYW4vY2FiaW5ldC9ibi9tYWlsbWFnYXppbmVfMzAwLmdpZiIgYm9yZGVyPSIwIiBhbHQ9IumAgeaWmeeEoeaWmeWVhuWTgeOCq+ODhuOCtOODquODvOOBruODkOODiuODvCI+PC9QPjwvY2VudGVyPjxCUj48QlI+PEJSPgo8Y2VudGVyPgo8aW1nIHNyYz0iaHR0cDovL2ltYWdlLnJha3V0ZW4uY28uanAvamljb21hbi9jYWJpbmV0L3JlbmV3YWwvcmVwZWF0MV9yLmdpZiIgYWx0PSLjg53jgqTjg7Pjg4jvvJLvvJDlgI3llYblk4Hjga7jgrPjg7zjg4rjg7wiPgo8L2NlbnRlcj4=,44OV44Kj44Oq44OD44Kv44K544O744K244O744Kt44Oj44OD44OIIOODr+ODg+ODmuODsyDjgqLjgqTjg63jg7Mg44Kt44Oj44Op44Kv44K/44O8IOOCouODoeOCq+OCuCDjgrjjg6PjgrHjg4Pjg4gg44OI44O844OI44OQ44OD44KwIEZFTElYIFRIRSBDQVQgU3RheSBDb29sIOOCouODoeODquOCqyDjgqLjg6Hjg6rjgqvjg7Ppm5Hosqgg44CQ44Oh44O844Or5L6/T0vjgJHvvL9XUC1LR0FaRjM1NUQtTU9O77ya6Ieq5bex5rqA6Laz,44Op44OD44OI44OV44Kj44Oz44Kv44K544OG44OD44Kr44O844Ot44O844OJ44Op44Oz44OK44O844OV44Kj44Oq44OD44Kv44K544O744K244O744Kt44Oj44OD44OI44OK44Oz44OQ44O844OV44Os44O844Og44Of44Oq44K/44Oq44O844K544OG44Oz44K344Or44Kr44O844Ki44Kv44K744K144Oq44O844Of44Oq44K/44Oq44O844Ko44Ki44OV44Kp44O844K55LiW55Sw6LC344OZ44O844K544K144Kk44Oz44OX44Os44O844OI44Kv44Os44Kk44K544Of44K544Og44O844Oz44Ki44Kk44K644Kr44O844Oe44OD44OI44Of44K344Ol44Op44Oz44Ko44OD44K9RVNTT+OBpOOBquOBjuOCouODq+ODleOCoeODmeODg+ODiOOCueODhuODg+OCq+ODvOODleOCo+ODquODg+OCr+OCueODu+OCtuODu+OCreODo+ODg+ODiCDjg6/jg4Pjg5rjg7Mg44Ki44Kk44Ot44OzIOOCreODo+ODqeOCr+OCv+ODvCDjgqLjg6Hjgqvjgrgg44K444Oj44Kx44OD44OIIOODiOODvOODiOODkOODg+OCsCBGRUxJWCBUSEUgQ0FUIFN0YXkgQ29vbCDjgqLjg6Hjg6rjgqsg44Ki44Oh44Oq44Kr44Oz6ZuR6LKoIOOAkOODoeODvOODq+S+v09L44CR77y/V1AtS0dBWkYzNTVELU1PTg==,44OV44Kj44Oq44OD44Kv44K544OV44Kh44Oz44Gu5pa544CF77yB5Yud6LKg44Ov44OD44Oa44Oz44Gn44GZ77yB44CC44OV44Kj44Oq44OD44Kv44K544O744K244O744Kt44Oj44OD44OIIOODr+ODg+ODmuODsyDjgqLjgqTjg63jg7Mg44Kt44Oj44Op44Kv44K/44O8IOOCouODoeOCq+OCuCDjgrjjg6PjgrHjg4Pjg4gg44OI44O844OI44OQ44OD44KwIEZFTElYIFRIRSBDQVQgU3RheSBDb29sIOOCouODoeODquOCqyDjgqLjg6Hjg6rjgqvjg7Ppm5Hosqgg44CQ44Oh44O844Or5L6/T0vjgJHvvL9XUC1LR0FaRjM1NUQtTU9O[rn]
7-31603,aHR0cDovL3RzaG9wLnIxMHMuanAvamljb21hbi9jYWJpbmV0L2ZlbGl4MS9meDY3OC5qcGc/Zml0aW49NzAwOjcwMA==,Mzg0LjAwMDA=,,44OQ44OD44Kw44O75bCP54mp44O744OW44Op44Oz44OJ6ZuR6LKoID4g44Gd44Gu5LuW,44OV44Kj44Oq44OD44Kv44K544O744K244O744Kt44Oj44OD44OIIOODr+ODg+ODmuODsyDjgqLjgqTjg63jg7Mg44Kt44Oj44Op44Kv44K/44O8IOOCouODoeOCq+OCuCDjgrjjg6PjgrHjg4Pjg4gg44OI44O844OI44OQ44OD44KwIEZFTElYIFRIRSBDQVQg44K544Kv44Ko44KiIOOCouODoeODquOCqyDjgqLjg6Hjg6rjgqvjg7Ppm5Hosqgg44CQ44Oh44O844Or5L6/T0vjgJHvvL9XUC1LR0FaRjM1NUktTU9O,44OV44Kj44Oq44OD44Kv44K544GuQ1FRTOODr+ODg+ODmuODs+OAgeOCuOODo+OCseODg+ODiOOChOODkOODg+OCsOOBruOCq+OCueOCv+ODoOOBq+KZqg==,PGltZyBzcmM9Imh0dHA6Ly9pbWFnZS5yYWt1dGVuLmNvLmpwL2ppY29tYW4vY2FiaW5ldC9yZW5ld2FsL21haWxiaW5fci5naWYiIGFsdD0i44Oh44O844Or5L6/55m66YCB5rOo5oSP5LqL6aCF44Gu44OQ44OK44O8IiBib3JkZXI9IjAiPgo8QlI+PEJSPgo8c21hbGw+CiAK44OV44Kj44Oq44OD44Kv44K5KEZFTElYKeOBruODr+ODg+ODmuODs+OBp+OBme+8geODh+OCtuOCpOODs+ixiuWvjO+8gTnnqK7poZ7vvIHmp5jjgIXjgarkvIHmpa3jgq3jg6Pjg6njgq/jgr/jg7zjgpLli5njgoHjgIHlvZPlupfjga7jg6HjgqTjg7Pjgq3jg6Pjg6njgq/jgr/jg7zvvIjihpDjgYLjgorjgYzjgZ/jgYTvvInjgavjgoLjgarjgaPjgabjgYTjgovjg5XjgqPjg6rjg4Pjgq/jgrnlkJvvvIEwOeW5tOOBq+OBr+aXpeacrOOBruaUvumAgeS6i+alreS8muekvuOBjOODqeOCpOOCu+ODs+OCueOCkuWPluW+l++8geS7iuW+jOaYoOWDj+OBruS4lueVjOOBq+WGjeeZu+WgtOOBmeOCi+WPr+iDveaAp+OBjOOBp+OBpuOBjeOBvuOBl+OBn++8geODm+ODs+ODiOOBmeOBlOOBhOOCreODo+ODqeOCr+OCv+ODvOOBp+OBmeOAguOAguOBneOCk+OBquWjsuOCjOOBo+WtkOOCreODo+ODg+ODiOOBruODleOCo+ODquODg+OCr+OCueOBruODr+ODg+ODmuODs+OBq+OBquOCiuOBvuOBme+8geOBl+OBo+OBi+OCiuOBqOOBl+OBn+ODr+ODg+ODmuODs+OBp+OBme+8geijgee4q+OCgue0sOOBi+OBj+OAgeWTgeizquOCguOCpOOCpOOBp+OBme+8geOBvuOBn+OCouOCpOODreODs+ODr+ODg+ODmuODs+OBqueCueOCguOCpOOCpOOBp+OBl+OCh+OBhu+8geS+oeagvOOCgjQ4MOWGhijnqI7mipwp44Go5bmz5Z2H5Lim44G/77yB44K444Oj44Kx44OD44OI44Gv44KC44Gh44KN44KT44CB44OI44O844OI44OQ44OD44Kw44Gq44Gp44Gr44KC5LuY44GR44Gm44G/44Gf44GE44Gn44GZ44KI44Gt772e77yB4pag44K144Kk44K677yI57SE77yJTDUuNWNtWFc5Y23ilqDlgpnogIPjgqLjgqTjg63jg7Pjg6/jg4Pjg5rjg7M8L3NtYWxsPgogCjxCUj48Y2VudGVyPjxQPjxJTUcgc3JjPSJodHRwOi8vaW1hZ2UucmFrdXRlbi5jby5qcC9qaWNvbWFuL2NhYmluZXQvYm4vZG91Y29uXzMwMC5naWYiIGJvcmRlcj0iMCIgYWx0PSLpgIHmlpnnhKHmlpnllYblk4Hjgqvjg4bjgrTjg6rjg7zjga7jg5Djg4rjg7wiPjwvUD48UD48SU1HIHNyYz0iaHR0cDovL2ltYWdlLnJha3V0ZW4uY28uanAvamljb21hbi9jYWJpbmV0L2JuL21haWxtYWdhemluZV8zMDAuZ2lmIiBib3JkZXI9IjAiIGFsdD0i6YCB5paZ54Sh5paZ5ZWG5ZOB44Kr44OG44K044Oq44O844Gu44OQ44OK44O8Ij48L1A+PC9jZW50ZXI+PEJSPjxCUj48QlI+CjxjZW50ZXI+CjxpbWcgc3JjPSJodHRwOi8vaW1hZ2UucmFrdXRlbi5jby5qcC9qaWNvbWFuL2NhYmluZXQvcmVuZXdhbC9yZXBlYXQxX3IuZ2lmIiBhbHQ9IuODneOCpOODs+ODiO+8ku+8kOWAjeWVhuWTgeOBruOCs+ODvOODiuODvCI+CjwvY2VudGVyPg==,44OV44Kj44Oq44OD44Kv44K544O744K244O744Kt44Oj44OD44OIIOODr+ODg+ODmuODsyDjgqLjgqTjg63jg7Mg44Kt44Oj44Op44Kv44K/44O8IOOCouODoeOCq+OCuCDjgrjjg6PjgrHjg4Pjg4gg44OI44O844OI44OQ44OD44KwIEZFTElYIFRIRSBDQVQg44K544Kv44Ko44KiIOOCouODoeODquOCqyDjgqLjg6Hjg6rjgqvjg7Ppm5Hosqgg44CQ44Oh44O844Or5L6/T0vjgJHvvL9XUC1LR0FaRjM1NUktTU9O77ya6Ieq5bex5rqA6Laz,44Op44OD44OI44OV44Kj44Oz44Kv44K544OG44OD44Kr44O844Ot44O844OJ44Op44Oz44OK44O844OV44Kj44Oq44OD44Kv44K544O744K244O744Kt44Oj44OD44OI44OK44Oz44OQ44O844OV44Os44O844Og44Of44Oq44K/44Oq44O844K544OG44Oz44K344Or44Kr44O844Ki44Kv44K744K144Oq44O844Of44Oq44K/44Oq44O844Ko44Ki44OV44Kp44O844K55LiW55Sw6LC344OZ44O844K544K144Kk44Oz44OX44Os44O844OI44Kv44Os44Kk44K544Of44K544Og44O844Oz44Ki44Kk44K644Kr44O844Oe44OD44OI44Of44K344Ol44Op44Oz44Ko44OD44K9RVNTT+OBpOOBquOBjuOCouODq+ODleOCoeODmeODg+ODiOOCueODhuODg+OCq+ODvOODleOCo+ODquODg+OCr+OCueODu+OCtuODu+OCreODo+ODg+ODiCDjg6/jg4Pjg5rjg7Mg44Ki44Kk44Ot44OzIOOCreODo+ODqeOCr+OCv+ODvCDjgqLjg6Hjgqvjgrgg44K444Oj44Kx44OD44OIIOODiOODvOODiOODkOODg+OCsCBGRUxJWCBUSEUgQ0FUIOOCueOCr+OCqOOCoiDjgqLjg6Hjg6rjgqsg44Ki44Oh44Oq44Kr44Oz6ZuR6LKoIOOAkOODoeODvOODq+S+v09L44CR77y/V1AtS0dBWkYzNTVJLU1PTg==,44OV44Kj44Oq44OD44Kv44K544GuQ1FRTOODr+ODg+ODmuODs+OAgeOCuOODo+OCseODg+ODiOOChOODkOODg+OCsOOBruOCq+OCueOCv+ODoOOBq+KZquOAguODleOCo+ODquODg+OCr+OCueODu+OCtuODu+OCreODo+ODg+ODiCDjg6/jg4Pjg5rjg7Mg44Ki44Kk44Ot44OzIOOCreODo+ODqeOCr+OCv+ODvCDjgqLjg6Hjgqvjgrgg44K444Oj44Kx44OD44OIIOODiOODvOODiOODkOODg+OCsCBGRUxJWCBUSEUgQ0FUIOOCueOCr+OCqOOCoiDjgqLjg6Hjg6rjgqsg44Ki44Oh44Oq44Kr44Oz6ZuR6LKoIOOAkOODoeODvOODq+S+v09L44CR77y/V1AtS0dBWkYzNTVJLU1PTg==[rn]
7-31604,aHR0cDovL3RzaG9wLnIxMHMuanAvamljb21hbi9jYWJpbmV0L2ZlbGl4L2Z4MjM1LmpwZz9maXRpbj03MDA6NzAw,Mzg0LjAwMDA=,,44OQ44OD44Kw44O75bCP54mp44O744OW44Op44Oz44OJ6ZuR6LKoID4g44Gd44Gu5LuW,44OV44Kj44Oq44OD44Kv44K544O744K244O744Kt44Oj44OD44OIIOODr+ODg+ODmuODsyDjgqLjgqTjg63jg7Mg44Kt44Oj44Op44Kv44K/44O8IOOCouODoeOCq+OCuCDjgrjjg6PjgrHjg4Pjg4gg44OI44O844OI44OQ44OD44KwIEZFTElYIFRIRSBDQVQg44K144Kk44OzIOOCouODoeODquOCqyDjgqLjg6Hjg6rjgqvjg7Ppm5Hosqgg44CQ44Oh44O844Or5L6/T0vjgJHvvL9XUC1LR0FaRjM1NUItTU9O,44OV44Kj44Oq44OD44Kv44K544OV44Kh44Oz44Gu5pa544CF77yB5Yud6LKg44Ov44OD44Oa44Oz44Gn44GZ77yB,PGltZyBzcmM9Imh0dHA6Ly9pbWFnZS5yYWt1dGVuLmNvLmpwL2ppY29tYW4vY2FiaW5ldC9yZW5ld2FsL21haWxiaW5fci5naWYiIGFsdD0i44Oh44O844Or5L6/55m66YCB5rOo5oSP5LqL6aCF44Gu44OQ44OK44O8IiBib3JkZXI9IjAiPgo8QlI+PEJSPgo8c21hbGw+Cgrjg5XjgqPjg6rjg4Pjgq/jgrnjga7jg6/jg4Pjg5rjg7PjgafjgZnvvIEK44GT44KM44Gv44Kk44Kk5ZWG5ZOB44Gn44GZ44KI77yBCgrlvZPlupfjga7jg5XjgqPjg6rjg4Pjgq/jgrnjgrnjg4bjg4Pjgqvjg7zjgafjgYrpprTmn5Pjgb/jga7ntbXmn4TjgYzjgqLjgqTjg63jg7Pjg6/jg4Pjg5rjg7PjgavjgarjgaPjgabjgYrjgorjgb7jgZnvvIEKCuWTgeizquOAgeODh+OCtuOCpOODs+WFseOBq+ODrOODmeODq+OBjOmrmOOBhOODh+OCreOBq+OBquOBo+OBpuOBiuOCiuOBvuOBme+8gQoK44GX44GL44KC44Op44Kk44K744Oz44K55ZOB44Gq44GM44KJ44CB44Ov44OD44Oa44Oz44Gu5bmz5Z2H5L6h5qC8NDgw5YaGKOeojuaKnCnjgavmipHjgYjjgabjgYLjgorjgb7jgZnvvIEKCuOCuOODvOODkeODs+OBruODleODreODs+ODiOODneOCseODg+ODiOOChOi7iuOBruOCt+ODvOODiOOBquOBqeOBq+OCguS7mOOBkeOBpuOBv+OBn+OBhOOBp+OBmeOBre+8gQoK5b2T5bqX44Kq44K544K544Oh44Gu44OV44Kj44Oq44OD44Kv44K544Kw44OD44K644Gr44Gq44KK44G+44GZ77yBCgogCgrjgrXjgqTjgrrvvIjntITvvIkKTDhjbVhXOGNtCue0oOadkOOAgOOCouOCpOODreODs+ODr+ODg+ODmuODswogCiAKPC9zbWFsbD4KIAo8QlI+PGNlbnRlcj48UD48SU1HIHNyYz0iaHR0cDovL2ltYWdlLnJha3V0ZW4uY28uanAvamljb21hbi9jYWJpbmV0L2JuL2RvdWNvbl8zMDAuZ2lmIiBib3JkZXI9IjAiIGFsdD0i6YCB5paZ54Sh5paZ5ZWG5ZOB44Kr44OG44K044Oq44O844Gu44OQ44OK44O8Ij48L1A+PFA+PElNRyBzcmM9Imh0dHA6Ly9pbWFnZS5yYWt1dGVuLmNvLmpwL2ppY29tYW4vY2FiaW5ldC9ibi9tYWlsbWFnYXppbmVfMzAwLmdpZiIgYm9yZGVyPSIwIiBhbHQ9IumAgeaWmeeEoeaWmeWVhuWTgeOCq+ODhuOCtOODquODvOOBruODkOODiuODvCI+PC9QPjwvY2VudGVyPjxCUj48QlI+PEJSPgo8Y2VudGVyPgo8aW1nIHNyYz0iaHR0cDovL2ltYWdlLnJha3V0ZW4uY28uanAvamljb21hbi9jYWJpbmV0L3JlbmV3YWwvcmVwZWF0MV9yLmdpZiIgYWx0PSLjg53jgqTjg7Pjg4jvvJLvvJDlgI3llYblk4Hjga7jgrPjg7zjg4rjg7wiPgo8L2NlbnRlcj4=,44OV44Kj44Oq44OD44Kv44K544O744K244O744Kt44Oj44OD44OIIOODr+ODg+ODmuODsyDjgqLjgqTjg63jg7Mg44Kt44Oj44Op44Kv44K/44O8IOOCouODoeOCq+OCuCDjgrjjg6PjgrHjg4Pjg4gg44OI44O844OI44OQ44OD44KwIEZFTElYIFRIRSBDQVQg44K144Kk44OzIOOCouODoeODquOCqyDjgqLjg6Hjg6rjgqvjg7Ppm5Hosqgg44CQ44Oh44O844Or5L6/T0vjgJHvvL9XUC1LR0FaRjM1NUItTU9O77ya6Ieq5bex5rqA6Laz,44Op44OD44OI44OV44Kj44Oz44Kv44K544OG44OD44Kr44O844Ot44O844OJ44Op44Oz44OK44O844OV44Kj44Oq44OD44Kv44K544O744K244O744Kt44Oj44OD44OI44OK44Oz44OQ44O844OV44Os44O844Og44Of44Oq44K/44Oq44O844K544OG44Oz44K344Or44Kr44O844Ki44Kv44K744K144Oq44O844Of44Oq44K/44Oq44O844Ko44Ki44OV44Kp44O844K55LiW55Sw6LC344OZ44O844K544K144Kk44Oz44OX44Os44O844OI44Kv44Os44Kk44K544Of44K544Og44O844Oz44Ki44Kk44K644Kr44O844Oe44OD44OI44Of44K344Ol44Op44Oz44Ko44OD44K9RVNTT+OBpOOBquOBjuOCouODq+ODleOCoeODmeODg+ODiOOCueODhuODg+OCq+ODvOODleOCo+ODquODg+OCr+OCueODu+OCtuODu+OCreODo+ODg+ODiCDjg6/jg4Pjg5rjg7Mg44Ki44Kk44Ot44OzIOOCreODo+ODqeOCr+OCv+ODvCDjgqLjg6Hjgqvjgrgg44K444Oj44Kx44OD44OIIOODiOODvOODiOODkOODg+OCsCBGRUxJWCBUSEUgQ0FUIOOCteOCpOODsyDjgqLjg6Hjg6rjgqsg44Ki44Oh44Oq44Kr44Oz6ZuR6LKoIOOAkOODoeODvOODq+S+v09L44CR77y/V1AtS0dBWkYzNTVCLU1PTg==,44OV44Kj44Oq44OD44Kv44K544OV44Kh44Oz44Gu5pa544CF77yB5Yud6LKg44Ov44OD44Oa44Oz44Gn44GZ77yB44CC44OV44Kj44Oq44OD44Kv44K544O744K244O744Kt44Oj44OD44OIIOODr+ODg+ODmuODsyDjgqLjgqTjg63jg7Mg44Kt44Oj44Op44Kv44K/44O8IOOCouODoeOCq+OCuCDjgrjjg6PjgrHjg4Pjg4gg44OI44O844OI44OQ44OD44KwIEZFTElYIFRIRSBDQVQg44K144Kk44OzIOOCouODoeODquOCqyDjgqLjg6Hjg6rjgqvjg7Ppm5Hosqgg44CQ44Oh44O844Or5L6/T0vjgJHvvL9XUC1LR0FaRjM1NUItTU9O[rn]
7-31605,aHR0cDovL3RzaG9wLnIxMHMuanAvamljb21hbi9jYWJpbmV0L2ZlbGl4MS9meDY3Ny5qcGc/Zml0aW49NzAwOjcwMA==,Mzg0LjAwMDA=,,44OQ44OD44Kw44O75bCP54mp44O744OW44Op44Oz44OJ6ZuR6LKoID4g44Gd44Gu5LuW,44OV44Kj44Oq44OD44Kv44K544O744K244O744Kt44Oj44OD44OIIOODr+ODg+ODmuODsyDjgqLjgqTjg63jg7Mg44Kt44Oj44Op44Kv44K/44O8IOOCouODoeOCq+OCuCDjgrjjg6PjgrHjg4Pjg4gg44OI44O844OI44OQ44OD44KwIEZFTElYIFRIRSBDQVQg44Os44Kk44Oz44Oc44O8IOOCouODoeODquOCqyDjgqLjg6Hjg6rjgqvjg7Ppm5Hosqgg44CQ44Oh44O844Or5L6/T0vjgJHvvL9XUC1LR0FaRjM1NUctTU9O,44OV44Kj44Oq44OD44Kv44K544GuQ1FRTOODr+ODg+ODmuODs+OAgeOCuOODo+OCseODg+ODiOOChOODkOODg+OCsOOBruOCq+OCueOCv+ODoOOBq+KZqg==,PGltZyBzcmM9Imh0dHA6Ly9pbWFnZS5yYWt1dGVuLmNvLmpwL2ppY29tYW4vY2FiaW5ldC9yZW5ld2FsL21haWxiaW5fci5naWYiIGFsdD0i44Oh44O844Or5L6/55m66YCB5rOo5oSP5LqL6aCF44Gu44OQ44OK44O8IiBib3JkZXI9IjAiPgo8QlI+PEJSPgo8c21hbGw+CiAK44OV44Kj44Oq44OD44Kv44K5KEZFTElYKeOBruODr+ODg+ODmuODs+OBp+OBme+8geODh+OCtuOCpOODs+ixiuWvjO+8gTnnqK7poZ7vvIHmp5jjgIXjgarkvIHmpa3jgq3jg6Pjg6njgq/jgr/jg7zjgpLli5njgoHjgIHlvZPlupfjga7jg6HjgqTjg7Pjgq3jg6Pjg6njgq/jgr/jg7zvvIjihpDjgYLjgorjgYzjgZ/jgYTvvInjgavjgoLjgarjgaPjgabjgYTjgovjg5XjgqPjg6rjg4Pjgq/jgrnlkJvvvIEwOeW5tOOBq+OBr+aXpeacrOOBruaUvumAgeS6i+alreS8muekvuOBjOODqeOCpOOCu+ODs+OCueOCkuWPluW+l++8geS7iuW+jOaYoOWDj+OBruS4lueVjOOBq+WGjeeZu+WgtOOBmeOCi+WPr+iDveaAp+OBjOOBp+OBpuOBjeOBvuOBl+OBn++8geODm+ODs+ODiOOBmeOBlOOBhOOCreODo+ODqeOCr+OCv+ODvOOBp+OBmeOAguOAguOBneOCk+OBquWjsuOCjOOBo+WtkOOCreODo+ODg+ODiOOBruODleOCo+ODquODg+OCr+OCueOBruODr+ODg+ODmuODs+OBq+OBquOCiuOBvuOBme+8geOBl+OBo+OBi+OCiuOBqOOBl+OBn+ODr+ODg+ODmuODs+OBp+OBme+8geijgee4q+OCgue0sOOBi+OBj+OAgeWTgeizquOCguOCpOOCpOOBp+OBme+8geOBvuOBn+OCouOCpOODreODs+ODr+ODg+ODmuODs+OBqueCueOCguOCpOOCpOOBp+OBl+OCh+OBhu+8geS+oeagvOOCgjQ4MOWGhijnqI7mipwp44Go5bmz5Z2H5Lim44G/77yB44K444Oj44Kx44OD44OI44Gv44KC44Gh44KN44KT44CB44OI44O844OI44OQ44OD44Kw44Gq44Gp44Gr44KC5LuY44GR44Gm44G/44Gf44GE44Gn44GZ44KI44Gt772e77yB4pag44K144Kk44K677yI57SE77yJTDcuNWNtWFc4LjVjbeKWoOWCmeiAg+OCouOCpOODreODs+ODr+ODg+ODmuODszwvc21hbGw+CiAKPEJSPjxjZW50ZXI+PFA+PElNRyBzcmM9Imh0dHA6Ly9pbWFnZS5yYWt1dGVuLmNvLmpwL2ppY29tYW4vY2FiaW5ldC9ibi9kb3Vjb25fMzAwLmdpZiIgYm9yZGVyPSIwIiBhbHQ9IumAgeaWmeeEoeaWmeWVhuWTgeOCq+ODhuOCtOODquODvOOBruODkOODiuODvCI+PC9QPjxQPjxJTUcgc3JjPSJodHRwOi8vaW1hZ2UucmFrdXRlbi5jby5qcC9qaWNvbWFuL2NhYmluZXQvYm4vbWFpbG1hZ2F6aW5lXzMwMC5naWYiIGJvcmRlcj0iMCIgYWx0PSLpgIHmlpnnhKHmlpnllYblk4Hjgqvjg4bjgrTjg6rjg7zjga7jg5Djg4rjg7wiPjwvUD48L2NlbnRlcj48QlI+PEJSPjxCUj4KPGNlbnRlcj4KPGltZyBzcmM9Imh0dHA6Ly9pbWFnZS5yYWt1dGVuLmNvLmpwL2ppY29tYW4vY2FiaW5ldC9yZW5ld2FsL3JlcGVhdDFfci5naWYiIGFsdD0i44Od44Kk44Oz44OI77yS77yQ5YCN5ZWG5ZOB44Gu44Kz44O844OK44O8Ij4KPC9jZW50ZXI+,44OV44Kj44Oq44OD44Kv44K544O744K244O744Kt44Oj44OD44OIIOODr+ODg+ODmuODsyDjgqLjgqTjg63jg7Mg44Kt44Oj44Op44Kv44K/44O8IOOCouODoeOCq+OCuCDjgrjjg6PjgrHjg4Pjg4gg44OI44O844OI44OQ44OD44KwIEZFTElYIFRIRSBDQVQg44Os44Kk44Oz44Oc44O8IOOCouODoeODquOCqyDjgqLjg6Hjg6rjgqvjg7Ppm5Hosqgg44CQ44Oh44O844Or5L6/T0vjgJHvvL9XUC1LR0FaRjM1NUctTU9O77ya6Ieq5bex5rqA6Laz,44Op44OD44OI44OV44Kj44Oz44Kv44K544OG44OD44Kr44O844Ot44O844OJ44Op44Oz44OK44O844OV44Kj44Oq44OD44Kv44K544O744K244O744Kt44Oj44OD44OI44OK44Oz44OQ44O844OV44Os44O844Og44Of44Oq44K/44Oq44O844K544OG44Oz44K344Or44Kr44O844Ki44Kv44K744K144Oq44O844Of44Oq44K/44Oq44O844Ko44Ki44OV44Kp44O844K55LiW55Sw6LC344OZ44O844K544K144Kk44Oz44OX44Os44O844OI44Kv44Os44Kk44K544Of44K544Og44O844Oz44Ki44Kk44K644Kr44O844Oe44OD44OI44Of44K344Ol44Op44Oz44Ko44OD44K9RVNTT+OBpOOBquOBjuOCouODq+ODleOCoeODmeODg+ODiOOCueODhuODg+OCq+ODvOODleOCo+ODquODg+OCr+OCueODu+OCtuODu+OCreODo+ODg+ODiCDjg6/jg4Pjg5rjg7Mg44Ki44Kk44Ot44OzIOOCreODo+ODqeOCr+OCv+ODvCDjgqLjg6Hjgqvjgrgg44K444Oj44Kx44OD44OIIOODiOODvOODiOODkOODg+OCsCBGRUxJWCBUSEUgQ0FUIOODrOOCpOODs+ODnOODvCDjgqLjg6Hjg6rjgqsg44Ki44Oh44Oq44Kr44Oz6ZuR6LKoIOOAkOODoeODvOODq+S+v09L44CR77y/V1AtS0dBWkYzNTVHLU1PTg==,44OV44Kj44Oq44OD44Kv44K544GuQ1FRTOODr+ODg+ODmuODs+OAgeOCuOODo+OCseODg+ODiOOChOODkOODg+OCsOOBruOCq+OCueOCv+ODoOOBq+KZquOAguODleOCo+ODquODg+OCr+OCueODu+OCtuODu+OCreODo+ODg+ODiCDjg6/jg4Pjg5rjg7Mg44Ki44Kk44Ot44OzIOOCreODo+ODqeOCr+OCv+ODvCDjgqLjg6Hjgqvjgrgg44K444Oj44Kx44OD44OIIOODiOODvOODiOODkOODg+OCsCBGRUxJWCBUSEUgQ0FUIOODrOOCpOODs+ODnOODvCDjgqLjg6Hjg6rjgqsg44Ki44Oh44Oq44Kr44Oz6ZuR6LKoIOOAkOODoeODvOODq+S+v09L44CR77y/V1AtS0dBWkYzNTVHLU1PTg==[rn]
7-31606,aHR0cDovL3RzaG9wLnIxMHMuanAvamljb21hbi9jYWJpbmV0L2ZlbGl4L2Z4MjMzLmpwZz9maXRpbj03MDA6NzAw,Mzg0LjAwMDA=,,44OQ44OD44Kw44O75bCP54mp44O744OW44Op44Oz44OJ6ZuR6LKoID4g44Gd44Gu5LuW,44OV44Kj44Oq44OD44Kv44K544O744K244O744Kt44Oj44OD44OIIOODr+ODg+ODmuODsyDjgqLjgqTjg63jg7Mg44Kt44Oj44Op44Kv44K/44O8IOOCouODoeOCq+OCuCDjgrjjg6PjgrHjg4Pjg4gg44OI44O844OI44OQ44OD44KwIEZFTElYIFRIRSBDQVQg44OP44O844OIIOOCouODoeODquOCqyDjgqLjg6Hjg6rjgqvjg7Ppm5Hosqgg44CQ44Oh44O844Or5L6/T0vjgJHvvL9XUC1LR0FaRjM1NUMtTU9O,44OV44Kj44Oq44OD44Kv44K544OV44Kh44Oz44Gu5pa544CF77yB5Yud6LKg44Ov44OD44Oa44Oz44Gn44GZ77yB,PGltZyBzcmM9Imh0dHA6Ly9pbWFnZS5yYWt1dGVuLmNvLmpwL2ppY29tYW4vY2FiaW5ldC9yZW5ld2FsL21haWxiaW5fci5naWYiIGFsdD0i44Oh44O844Or5L6/55m66YCB5rOo5oSP5LqL6aCF44Gu44OQ44OK44O8IiBib3JkZXI9IjAiPgo8QlI+PEJSPgo8c21hbGw+Cgrjg5XjgqPjg6rjg4Pjgq/jgrnjga7jg6/jg4Pjg5rjg7PjgafjgZnvvIEK44GT44KM44Gv44Kk44Kk5ZWG5ZOB44Gn44GZ44KI77yBCgrlvZPlupfjga7jg5XjgqPjg6rjg4Pjgq/jgrnjgrnjg4bjg4Pjgqvjg7zjgafjgYrpprTmn5Pjgb/jga7ntbXmn4TjgYzjgqLjgqTjg63jg7Pjg6/jg4Pjg5rjg7PjgavjgarjgaPjgabjgYrjgorjgb7jgZnvvIEKCuWTgeizquOAgeODh+OCtuOCpOODs+WFseOBq+ODrOODmeODq+OBjOmrmOOBhOODh+OCreOBq+OBquOBo+OBpuOBiuOCiuOBvuOBme+8gQoK44GX44GL44KC44Op44Kk44K744Oz44K55ZOB44Gq44GM44KJ44CB44Ov44OD44Oa44Oz44Gu5bmz5Z2H5L6h5qC8NDgw5YaGKOeojuaKnCnjgavmipHjgYjjgabjgYLjgorjgb7jgZnvvIEKCuOCuOODvOODkeODs+OBruODleODreODs+ODiOODneOCseODg+ODiOOChOi7iuOBruOCt+ODvOODiOOBquOBqeOBq+OCguS7mOOBkeOBpuOBv+OBn+OBhOOBp+OBmeOBre+8gQoK5b2T5bqX44Kq44K544K544Oh44Gu44OV44Kj44Oq44OD44Kv44K544Kw44OD44K644Gr44Gq44KK44G+44GZ77yBCgogCgrjgrXjgqTjgrrvvIjntITvvIkKTDhjbVhXOWNtCue0oOadkOOAgOOCouOCpOODreODs+ODr+ODg+ODmuODswogCiAKPC9zbWFsbD4KIAo8QlI+PGNlbnRlcj48UD48SU1HIHNyYz0iaHR0cDovL2ltYWdlLnJha3V0ZW4uY28uanAvamljb21hbi9jYWJpbmV0L2JuL2RvdWNvbl8zMDAuZ2lmIiBib3JkZXI9IjAiIGFsdD0i6YCB5paZ54Sh5paZ5ZWG5ZOB44Kr44OG44K044Oq44O844Gu44OQ44OK44O8Ij48L1A+PFA+PElNRyBzcmM9Imh0dHA6Ly9pbWFnZS5yYWt1dGVuLmNvLmpwL2ppY29tYW4vY2FiaW5ldC9ibi9tYWlsbWFnYXppbmVfMzAwLmdpZiIgYm9yZGVyPSIwIiBhbHQ9IumAgeaWmeeEoeaWmeWVhuWTgeOCq+ODhuOCtOODquODvOOBruODkOODiuODvCI+PC9QPjwvY2VudGVyPjxCUj48QlI+PEJSPgo8Y2VudGVyPgo8aW1nIHNyYz0iaHR0cDovL2ltYWdlLnJha3V0ZW4uY28uanAvamljb21hbi9jYWJpbmV0L3JlbmV3YWwvcmVwZWF0MV9yLmdpZiIgYWx0PSLjg53jgqTjg7Pjg4jvvJLvvJDlgI3llYblk4Hjga7jgrPjg7zjg4rjg7wiPgo8L2NlbnRlcj4=,44OV44Kj44Oq44OD44Kv44K544O744K244O744Kt44Oj44OD44OIIOODr+ODg+ODmuODsyDjgqLjgqTjg63jg7Mg44Kt44Oj44Op44Kv44K/44O8IOOCouODoeOCq+OCuCDjgrjjg6PjgrHjg4Pjg4gg44OI44O844OI44OQ44OD44KwIEZFTElYIFRIRSBDQVQg44OP44O844OIIOOCouODoeODquOCqyDjgqLjg6Hjg6rjgqvjg7Ppm5Hosqgg44CQ44Oh44O844Or5L6/T0vjgJHvvL9XUC1LR0FaRjM1NUMtTU9O77ya6Ieq5bex5rqA6Laz,44Op44OD44OI44OV44Kj44Oz44Kv44K544OG44OD44Kr44O844Ot44O844OJ44Op44Oz44OK44O844OV44Kj44Oq44OD44Kv44K544O744K244O744Kt44Oj44OD44OI44OK44Oz44OQ44O844OV44Os44O844Og44Of44Oq44K/44Oq44O844K544OG44Oz44K344Or44Kr44O844Ki44Kv44K744K144Oq44O844Of44Oq44K/44Oq44O844Ko44Ki44OV44Kp44O844K55LiW55Sw6LC344OZ44O844K544K144Kk44Oz44OX44Os44O844OI44Kv44Os44Kk44K544Of44K544Og44O844Oz44Ki44Kk44K644Kr44O844Oe44OD44OI44Of44K344Ol44Op44Oz44Ko44OD44K9RVNTT+OBpOOBquOBjuOCouODq+ODleOCoeODmeODg+ODiOOCueODhuODg+OCq+ODvOODleOCo+ODquODg+OCr+OCueODu+OCtuODu+OCreODo+ODg+ODiCDjg6/jg4Pjg5rjg7Mg44Ki44Kk44Ot44OzIOOCreODo+ODqeOCr+OCv+ODvCDjgqLjg6Hjgqvjgrgg44K444Oj44Kx44OD44OIIOODiOODvOODiOODkOODg+OCsCBGRUxJWCBUSEUgQ0FUIOODj+ODvOODiCDjgqLjg6Hjg6rjgqsg44Ki44Oh44Oq44Kr44Oz6ZuR6LKoIOOAkOODoeODvOODq+S+v09L44CR77y/V1AtS0dBWkYzNTVDLU1PTg==,44OV44Kj44Oq44OD44Kv44K544OV44Kh44Oz44Gu5pa544CF77yB5Yud6LKg44Ov44OD44Oa44Oz44Gn44GZ77yB44CC44OV44Kj44Oq44OD44Kv44K544O744K244O744Kt44Oj44OD44OIIOODr+ODg+ODmuODsyDjgqLjgqTjg63jg7Mg44Kt44Oj44Op44Kv44K/44O8IOOCouODoeOCq+OCuCDjgrjjg6PjgrHjg4Pjg4gg44OI44O844OI44OQ44OD44KwIEZFTElYIFRIRSBDQVQg44OP44O844OIIOOCouODoeODquOCqyDjgqLjg6Hjg6rjgqvjg7Ppm5Hosqgg44CQ44Oh44O844Or5L6/T0vjgJHvvL9XUC1LR0FaRjM1NUMtTU9O[rn]
7-31607,aHR0cDovL3RzaG9wLnIxMHMuanAvamljb21hbi9jYWJpbmV0L3BhdGNoLzEwMDQ5LmpwZz9maXRpbj03MDA6NzAw,MzA0LjAwMDA=,,44OQ44OD44Kw44O75bCP54mp44O744OW44Op44Oz44OJ6ZuR6LKoID4g44Gd44Gu5LuW,44Ov44OD44Oa44Oz77yT77yZ77yZ44CA44Om44OL44Kq44Oz77yX77yWL+OCueOCr+OCqOOCoi/jg5vjg6/jgqTjg4gg44Ki44Oh44Oq44KrIOOCouODoeODquOCq+ODs+mbkeiyqCDjgJDjg6Hjg7zjg6vkvr9PS+OAke+8v1dQLTAwMS1aWlo=,5a6J5L6h44GqMzgw5YaGKOeojuaKnCnvvIHjgrjjg6PjgrHjg4Pjg4jjgoTjg5Djg4PjgrDjga7jg4njg6zjgrnjgqLjg4Pjg5fjgavimao=,PGltZyBzcmM9Imh0dHA6Ly9pbWFnZS5yYWt1dGVuLmNvLmpwL2ppY29tYW4vY2FiaW5ldC9yZW5ld2FsL21haWxiaW5fci5naWYiIGFsdD0i44Oh44O844Or5L6/55m66YCB5rOo5oSP5LqL6aCF44Gu44OQ44OK44O8IiBib3JkZXI9IjAiPgo8QlI+PEJSPgo8c21hbGw+CuODpuODi+OCquODs++8l++8luOBruODr+ODg+ODmuODs+OBp+OBmeOAgjM4MOWGhijnqI7mipwp44Gu44Ki44Kk44Ot44Oz44Ov44OD44Oa44Oz44Gn44GZ4pmq6KiA44KP44Ga44Go55+l44KM44Gf44Kq44Kk44Or44Kr44Oz44OR44OL44O844CB44Om44OL44Kq44Oz77yX77yW44Gn44GZ44Gt772e77yB44K344Oz44OX44Or44Gn4peO4pmq44Kr44Oz44OR44OL44O857O744Gu44Ov44OD44Oa44Oz44Gv44Ki44Oh44Kr44K444Gr44OU44OD44K/44Oq44Gn44GX44KH44GG77yB55yg44Gj44Gm44GE44KL44K444Oj44Kx44OD44OI44KE44OQ44OD44Kw44Gu44Kk44Oh44OB44Kn44Oz44Gr44KC44GK5L2/44GE44GP44Gg44GV44GE44Gt4pmq4pagIOOCteOCpOOCuu+8iOe0hO+8iUwzY21YVzEwY23ilqAg5YKZ6ICD44O744Ki44Kk44Ot44Oz44Ov44OD44Oa44OzCjwvc21hbGw+IAogCiAKIAogCjxCUj48Y2VudGVyPjxQPjxJTUcgc3JjPSJodHRwOi8vaW1hZ2UucmFrdXRlbi5jby5qcC9qaWNvbWFuL2NhYmluZXQvYm4vZG91Y29uXzMwMC5naWYiIGJvcmRlcj0iMCIgYWx0PSLpgIHmlpnnhKHmlpnllYblk4Hjgqvjg4bjgrTjg6rjg7zjga7jg5Djg4rjg7wiPjwvUD48UD48SU1HIHNyYz0iaHR0cDovL2ltYWdlLnJha3V0ZW4uY28uanAvamljb21hbi9jYWJpbmV0L2JuL21haWxtYWdhemluZV8zMDAuZ2lmIiBib3JkZXI9IjAiIGFsdD0i6YCB5paZ54Sh5paZ5ZWG5ZOB44Kr44OG44K044Oq44O844Gu44OQ44OK44O8Ij48L1A+PC9jZW50ZXI+PEJSPjxCUj48QlI+CjxjZW50ZXI+CjxpbWcgc3JjPSJodHRwOi8vaW1hZ2UucmFrdXRlbi5jby5qcC9qaWNvbWFuL2NhYmluZXQvcmVuZXdhbC9yZXBlYXQxX3IuZ2lmIiBhbHQ9IuODneOCpOODs+ODiO+8ku+8kOWAjeWVhuWTgeOBruOCs+ODvOODiuODvCI+CjwvY2VudGVyPg==,44Ov44OD44Oa44Oz77yT77yZ77yZ44CA44Om44OL44Kq44Oz77yX77yWL+OCueOCr+OCqOOCoi/jg5vjg6/jgqTjg4gg44Ki44Oh44Oq44KrIOOCouODoeODquOCq+ODs+mbkeiyqCDjgJDjg6Hjg7zjg6vkvr9PS+OAke+8v1dQLTAwMS1aWlrvvJroh6rlt7HmuoDotrM=,44Op44OD44OI44OV44Kj44Oz44Kv44K544OG44OD44Kr44O844Ot44O844OJ44Op44Oz44OK44O844OV44Kj44Oq44OD44Kv44K544O744K244O744Kt44Oj44OD44OI44OK44Oz44OQ44O844OV44Os44O844Og44Of44Oq44K/44Oq44O844K544OG44Oz44K344Or44Kr44O844Ki44Kv44K744K144Oq44O844Of44Oq44K/44Oq44O844Ko44Ki44OV44Kp44O844K55LiW55Sw6LC344OZ44O844K544K144Kk44Oz44OX44Os44O844OI44Kv44Os44Kk44K544Of44K544Og44O844Oz44Ki44Kk44K644Kr44O844Oe44OD44OI44Of44K344Ol44Op44Oz44Ko44OD44K9RVNTT+OBpOOBquOBjuOCouODq+ODleOCoeODmeODg+ODiOOCueODhuODg+OCq+ODvOODr+ODg+ODmuODs++8k++8me+8meOAgOODpuODi+OCquODs++8l++8li/jgrnjgq/jgqjjgqIv44Ob44Ov44Kk44OIIOOCouODoeODquOCqyDjgqLjg6Hjg6rjgqvjg7Ppm5Hosqgg44CQ44Oh44O844Or5L6/T0vjgJHvvL9XUC0wMDEtWlpa,5a6J5L6h44GqMzgw5YaGKOeojuaKnCnvvIHjgrjjg6PjgrHjg4Pjg4jjgoTjg5Djg4PjgrDjga7jg4njg6zjgrnjgqLjg4Pjg5fjgavimarjgILjg6/jg4Pjg5rjg7PvvJPvvJnvvJnjgIDjg6bjg4vjgqrjg7PvvJfvvJYv44K544Kv44Ko44KiL+ODm+ODr+OCpOODiCDjgqLjg6Hjg6rjgqsg44Ki44Oh44Oq44Kr44Oz6ZuR6LKoIOOAkOODoeODvOODq+S+v09L44CR77y/V1AtMDAxLVpaWg==[rn]
7-31608,aHR0cDovL3RzaG9wLnIxMHMuanAvamljb21hbi9jYWJpbmV0L21vL2tzL2JjLWhtMDE4LW1vbl8xLmpwZz9maXRpbj03MDA6NzAw,ODAwLjAwMDA=,,44OQ44OD44Kw44O75bCP54mp44O744OW44Op44Oz44OJ6ZuR6LKoID4g44Gd44Gu5LuW,44Og44O844Oz44Ki44Kk44K6IOODlOODs+ODkOODg+ODgSBNT09ORVlFUyDjgqLjgqTjgqLjg7Pjgq/jg63jgrkg44CQ44Oh44O844Or5L6/T0vjgJHvvL9CQy1ITTAxOC1NT04=,5bi95a2Q44KE44OQ44OD44Kw44CB44K444Oj44Kx44OD44OI44Gn44Og44O844Oz44Ki44Kk44K644KS44OB44Op44Gj44Go44Ki44OU44O844Or4pmq,PGltZyBzcmM9Imh0dHA6Ly9pbWFnZS5yYWt1dGVuLmNvLmpwL2ppY29tYW4vY2FiaW5ldC9yZW5ld2FsL21haWxiaW5fci5naWYiIGFsdD0i44Oh44O844Or5L6/55m66YCB5rOo5oSP5LqL6aCF44Gu44OQ44OK44O8IiBib3JkZXI9IjAiPgo8QlI+PEJSPgrjg6Djg7zjg7PjgqLjgqTjgrrjga7jg5Tjg7Pjg5Djg4Pjg4Hjgavjgarjgorjgb7jgZnimao8QlI+CjxCUj4K6LuK44KE44OQ44Kk44Kv44Gu44Ki44Oh44Oq44Kr44Oz44Kr44K544K/44Og44Go44GE44GI44GwPEZPTlQgY29sb3I9IiMxMDVlZmUiPuODoOODvOODs+OCouOCpOOCujwvRk9OVD7jgII8QlI+CjxCUj4K44Ki44Oh44Oq44Kr44Gu6LuK44Gu5q205Y+y44Go5YWx44Gr5oiQ6ZW344GX44Gm44GN44Gf44Ki44Oh44Oq44Kr55Sf44G+44KM44GuPEZPTlQgY29sb3I9IiNmZjAwMDAiPuOCq+OCueOCv+ODoOODluODqeODs+ODiTwvRk9OVD7jgafjgZnjga3vvIE8QlI+CjxCUj4K44Gd44KT44Gq44Og44O844Oz44Ki44Kk44K644Gu44OU44Oz44OQ44OD44OB44GM44Kz44OB44Op44Gn44GZ4pmqPEJSPgo8QlI+CuOCt+ODo+ODvOODl+OBqjxGT05UIGNvbG9yPSIjZmYwMDAwIj7jgqLjgqTjgqLjg7Pjgq/jg63jgrk8L0ZPTlQ+44Gv44Ki44Oh44Oq44Kr44Oz44Kr44K544K/44Og44KS6LGh5b6044GZ44KLQ1FRTOOCouOCpOOCs+ODs+OBp+OBmeOBi+OCieOBre+8gTxCUj4KPEJSPgrjgq3jg6Pjg4Pjg5fjgoTjg5Djg4PjgrDjgarjganjgavjg6/jg7Pjg53jgqTjg7Pjg4jjgafjg6Djg7zjg7PjgqLjgqTjgrrjgpLjgqLjg5Tjg7zjg6vjgZfjgabjgb/jgb7jgZfjgofjgYbimao8QlI+CjxCUj4KPEJSPgrjgrXjgqTjgrrvvIjntITvvIk8QlI+CkwyLjVjbSBYIFcyLjVjbTxCUj4KPEJSPgrntKDmnZDjgIDph5HlsZ7oo708QlI+PGNlbnRlcj48UD48SU1HIHNyYz0iaHR0cDovL2ltYWdlLnJha3V0ZW4uY28uanAvamljb21hbi9jYWJpbmV0L2JuL2RvdWNvbl8zMDAuZ2lmIiBib3JkZXI9IjAiIGFsdD0i6YCB5paZ54Sh5paZ5ZWG5ZOB44Kr44OG44K044Oq44O844Gu44OQ44OK44O8Ij48L1A+PFA+PElNRyBzcmM9Imh0dHA6Ly9pbWFnZS5yYWt1dGVuLmNvLmpwL2ppY29tYW4vY2FiaW5ldC9ibi9tYWlsbWFnYXppbmVfMzAwLmdpZiIgYm9yZGVyPSIwIiBhbHQ9IumAgeaWmeeEoeaWmeWVhuWTgeOCq+ODhuOCtOODquODvOOBruODkOODiuODvCI+PC9QPjwvY2VudGVyPjxCUj48QlI+PEJSPgo8Y2VudGVyPgo8aW1nIHNyYz0iaHR0cDovL2ltYWdlLnJha3V0ZW4uY28uanAvamljb21hbi9jYWJpbmV0L3JlbmV3YWwvcmVwZWF0MV9yLmdpZiIgYWx0PSLjg53jgqTjg7Pjg4jvvJLvvJDlgI3llYblk4Hjga7jgrPjg7zjg4rjg7wiPgo8L2NlbnRlcj4=,44Og44O844Oz44Ki44Kk44K6IOODlOODs+ODkOODg+ODgSBNT09ORVlFUyDjgqLjgqTjgqLjg7Pjgq/jg63jgrkg44CQ44Oh44O844Or5L6/T0vjgJHvvL9CQy1ITTAxOC1NT07vvJroh6rlt7HmuoDotrM=,44Op44OD44OI44OV44Kj44Oz44Kv44K544OG44OD44Kr44O844Ot44O844OJ44Op44Oz44OK44O844OV44Kj44Oq44OD44Kv44K544O744K244O744Kt44Oj44OD44OI44OK44Oz44OQ44O844OV44Os44O844Og44Of44Oq44K/44Oq44O844K544OG44Oz44K344Or44Kr44O844Ki44Kv44K744K144Oq44O844Of44Oq44K/44Oq44O844Ko44Ki44OV44Kp44O844K55LiW55Sw6LC344OZ44O844K544K144Kk44Oz44OX44Os44O844OI44Kv44Os44Kk44K544Of44K544Og44O844Oz44Ki44Kk44K644Kr44O844Oe44OD44OI44Of44K344Ol44Op44Oz44Ko44OD44K9RVNTT+OBpOOBquOBjuOCouODq+ODleOCoeODmeODg+ODiOOCueODhuODg+OCq+ODvOODoOODvOODs+OCouOCpOOCuiDjg5Tjg7Pjg5Djg4Pjg4EgTU9PTkVZRVMg44Ki44Kk44Ki44Oz44Kv44Ot44K5IOOAkOODoeODvOODq+S+v09L44CR77y/QkMtSE0wMTgtTU9O,5bi95a2Q44KE44OQ44OD44Kw44CB44K444Oj44Kx44OD44OI44Gn44Og44O844Oz44Ki44Kk44K644KS44OB44Op44Gj44Go44Ki44OU44O844Or4pmq44CC44Og44O844Oz44Ki44Kk44K6IOODlOODs+ODkOODg+ODgSBNT09ORVlFUyDjgqLjgqTjgqLjg7Pjgq/jg63jgrkg44CQ44Oh44O844Or5L6/T0vjgJHvvL9CQy1ITTAxOC1NT04=[rn]
7-31609,aHR0cDovL3RzaG9wLnIxMHMuanAvamljb21hbi9jYWJpbmV0L21vb24vMS8xMzA0Ni5qcGc/Zml0aW49NzAwOjcwMA==,NzIwLjAwMDA=,,44OQ44OD44Kw44O75bCP54mp44O744OW44Op44Oz44OJ6ZuR6LKoID4g44Gd44Gu5LuW,44Og44O844Oz44Ki44Kk44K6IOOCs+OCpOODs+OCseODvOOCuSDjgq3jg7zjgrHjg7zjgrkg44Kt44O844Oq44Oz44Kw5LuY44GNIOWwj+mKreWFpeOCjCDjg53jg7zjg4EgTU9PTkVZRVMg44K144Kk44K6UyDjg5bjg6njg4Pjgq8g44CQ44Oh44O844Or5L6/T0vjgJHvvL9BUi1NR0MxNzlCSy1NT04=,44OV44Kr44OV44Kr44Gu44Of44OL44Od44O844OB77yB44Kz44Kk44Oz44Kx44O844K544Gr5L6/5Yip4pmq,PGltZyBzcmM9Imh0dHA6Ly9pbWFnZS5yYWt1dGVuLmNvLmpwL2ppY29tYW4vY2FiaW5ldC9yZW5ld2FsL21haWxiaW5fci5naWYiIGFsdD0i44Oh44O844Or5L6/55m66YCB5rOo5oSP5LqL6aCF44Gu44OQ44OK44O8IiBib3JkZXI9IjAiPgo8QlI+PEJSPgrvvIjkvqHmoLzlpInmm7QyMDE2LzA0LzAx77yJPEJSPjxzbWFsbD4K44Og44O844Oz44Ki44Kk44K644Gu44Kz44Kk44Oz44Kx44O844K544Gn44GZ44CC44Of44OL44K144Kk44K644Gn5L2/44GE44KE44GZ44GE44Gn44GZ4pmq44Oh44OD44K344Ol57Sg5p2Q44Gr44Op44OQ44O844OR44OD44OB44KS57ir44GE44Gk44GR44Gf44Of44OL44Kz44Kk44Oz44Kx44O844K544Gn44GZ44CC55Sf5Zyw44Gu44Gr44Gv44K544Od44Oz44K444GM6LK844KJ44KM44Gm44GK44KK6KGd5pKD44KS57ep5ZKM44GX44Gm44GP44KM44G+44GZ44CC44OP44Oz44OH44Kj44O844Gq44Gu44Gn44Od44Kx44OD44OI44Gr5YWl44KM44Gm5oyB44Gh6YGL44Gz44Gr6Z2e5bi444Gr5L6/5Yip44Gn44GZ44CC44Kt44O844Oq44Oz44Kw5LuY44GN44Gq44Gu44Gn6Y2144Go5YWx44Gr44Kr44Op44OT44OK44Gq44Gp44Gr5LuY44GR44KM44Gw44Gh44KH44Gj44Go44GX44Gf6LK344GE54mp5pmC44Gr5L2/44GI44G+44GZ44Gt4pmq44Kr44Op44O844Gv44Og44O844Oz44Kr44Op44O844Gu44Kk44Ko44Ot44O844Go44Kk44Kv44Kk44OD44OX44OJ44Kr44Op44O844Gu44OW44Op44OD44Kv44GM44GU44GW44GE44G+44GZ44CC5q+O5pel44Gu44GK5L6b44Gr44GE44GL44GM44Gn44GX44KH44GG44GL4pmq4pag44K144Kk44K677yI57SE77yJTDdjbSBYIFc5Y20KPC9zbWFsbD4gCiAKIAogCiAKPEJSPjxjZW50ZXI+PFA+PElNRyBzcmM9Imh0dHA6Ly9pbWFnZS5yYWt1dGVuLmNvLmpwL2ppY29tYW4vY2FiaW5ldC9ibi9kb3Vjb25fMzAwLmdpZiIgYm9yZGVyPSIwIiBhbHQ9IumAgeaWmeeEoeaWmeWVhuWTgeOCq+ODhuOCtOODquODvOOBruODkOODiuODvCI+PC9QPjxQPjxJTUcgc3JjPSJodHRwOi8vaW1hZ2UucmFrdXRlbi5jby5qcC9qaWNvbWFuL2NhYmluZXQvYm4vbWFpbG1hZ2F6aW5lXzMwMC5naWYiIGJvcmRlcj0iMCIgYWx0PSLpgIHmlpnnhKHmlpnllYblk4Hjgqvjg4bjgrTjg6rjg7zjga7jg5Djg4rjg7wiPjwvUD48L2NlbnRlcj48QlI+PEJSPjxCUj4KPGNlbnRlcj4KPGltZyBzcmM9Imh0dHA6Ly9pbWFnZS5yYWt1dGVuLmNvLmpwL2ppY29tYW4vY2FiaW5ldC9yZW5ld2FsL3JlcGVhdDFfci5naWYiIGFsdD0i44Od44Kk44Oz44OI77yS77yQ5YCN5ZWG5ZOB44Gu44Kz44O844OK44O8Ij4KPC9jZW50ZXI+,44Og44O844Oz44Ki44Kk44K6IOOCs+OCpOODs+OCseODvOOCuSDjgq3jg7zjgrHjg7zjgrkg44Kt44O844Oq44Oz44Kw5LuY44GNIOWwj+mKreWFpeOCjCDjg53jg7zjg4EgTU9PTkVZRVMg44K144Kk44K6UyDjg5bjg6njg4Pjgq8g44CQ44Oh44O844Or5L6/T0vjgJHvvL9BUi1NR0MxNzlCSy1NT07vvJroh6rlt7HmuoDotrM=,44Op44OD44OI44OV44Kj44Oz44Kv44K544OG44OD44Kr44O844Ot44O844OJ44Op44Oz44OK44O844OV44Kj44Oq44OD44Kv44K544O744K244O744Kt44Oj44OD44OI44OK44Oz44OQ44O844OV44Os44O844Og44Of44Oq44K/44Oq44O844K544OG44Oz44K344Or44Kr44O844Ki44Kv44K744K144Oq44O844Of44Oq44K/44Oq44O844Ko44Ki44OV44Kp44O844K55LiW55Sw6LC344OZ44O844K544K144Kk44Oz44OX44Os44O844OI44Kv44Os44Kk44K544Of44K544Og44O844Oz44Ki44Kk44K644Kr44O844Oe44OD44OI44Of44K344Ol44Op44Oz44Ko44OD44K9RVNTT+OBpOOBquOBjuOCouODq+ODleOCoeODmeODg+ODiOOCueODhuODg+OCq+ODvOODoOODvOODs+OCouOCpOOCuiDjgrPjgqTjg7PjgrHjg7zjgrkg44Kt44O844Kx44O844K5IOOCreODvOODquODs+OCsOS7mOOBjSDlsI/piq3lhaXjgowg44Od44O844OBIE1PT05FWUVTIOOCteOCpOOCulMg44OW44Op44OD44KvIOOAkOODoeODvOODq+S+v09L44CR77y/QVItTUdDMTc5QkstTU9O,44OV44Kr44OV44Kr44Gu44Of44OL44Od44O844OB77yB44Kz44Kk44Oz44Kx44O844K544Gr5L6/5Yip4pmq44CC44Og44O844Oz44Ki44Kk44K6IOOCs+OCpOODs+OCseODvOOCuSDjgq3jg7zjgrHjg7zjgrkg44Kt44O844Oq44Oz44Kw5LuY44GNIOWwj+mKreWFpeOCjCDjg53jg7zjg4EgTU9PTkVZRVMg44K144Kk44K6UyDjg5bjg6njg4Pjgq8g44CQ44Oh44O844Or5L6/T0vjgJHvvL9BUi1NR0MxNzlCSy1NT04=[rn]
7-31610,aHR0cDovL3RzaG9wLnIxMHMuanAvamljb21hbi9jYWJpbmV0L21vb24vMS8xMzA1MC5qcGc/Zml0aW49NzAwOjcwMA==,MTA0MC4wMDAw,,44OQ44OD44Kw44O75bCP54mp44O744OW44Op44Oz44OJ6ZuR6LKoID4g44Gd44Gu5LuW,44Og44O844Oz44Ki44Kk44K6IOOCs+OCpOODs+OCseODvOOCuSDjgq3jg7zjgrHjg7zjgrkg44Kt44O844Oq44Oz44Kw5LuY44GNIOWwj+mKreWFpeOCjCDjg53jg7zjg4EgTU9PTkVZRVMg44K144Kk44K6TSDjgqTjgqjjg63jg7wg44CQ44Oh44O844Or5L6/T0vjgJHvvL9BUi1NR0MxODBZRS1NT04=,44OV44Kr44OV44Kr44Gu44Of44OL44Od44O844OB77yB5pC65biv44KE44K/44OQ44Kz44CBTVAz44OX44Os44Kk44Ok44O844Gr5L6/5Yip4pmq,PGltZyBzcmM9Imh0dHA6Ly9pbWFnZS5yYWt1dGVuLmNvLmpwL2ppY29tYW4vY2FiaW5ldC9yZW5ld2FsL21haWxiaW5fci5naWYiIGFsdD0i44Oh44O844Or5L6/55m66YCB5rOo5oSP5LqL6aCF44Gu44OQ44OK44O8IiBib3JkZXI9IjAiPgo8QlI+PEJSPgrvvIjkvqHmoLzlpInmm7QyMDE2LzA0LzAx77yJPEJSPjxzbWFsbD4K44Og44O844Oz44Ki44Kk44K644Gu44Kz44Kk44Oz44Kx44O844K544Gn44GZ44CC5pC65biv6Zu76Kmx44KETVAz44OX44Os44Kk44Ok44O85YWl44KM44Gr4pmq44Oh44OD44K344Ol57Sg5p2Q44Gr44Op44OQ44O844OR44OD44OB44KS57ir44GE44Gk44GR44Gf44Of44OL44Kz44Kk44Oz44Kx44O844K544Gn44GZ44CC55Sf5Zyw44Gu44Gr44Gv44K544Od44Oz44K444GM6LK844KJ44KM44Gm44GK44KK6KGd5pKD44KS57ep5ZKM44GX44Gm44GP44KM44G+44GZ44CC5aSn44GN44GV44Gv44K/44OQ44Kz44KE5pC65biv6Zu76Kmx44CBTVAz44OX44Os44Kk44Ok44O844Gq44Gp44GM5YWl44KL44K144Kk44K644Gn44GZ44CC44Kz44Kk44Oz44KE57SZ5bmj44KC5YWl44KL44Gu44Gn44Kz44Kk44Oz44Kx44O844K544Go44GX44Gm44KC5L6/5Yip4pmq44Kt44O844Oq44Oz44Kw5LuY44GN44Gq44Gu44Gn44Kr44Op44OT44OK44Gq44Gp5LuY44GR44Gm44OQ44OD44Kw44Gr44G244KJ5LiL44GS44Gf44KK44CB44OZ44Or44OI44Or44O844OX44Gr5Zu65a6a44GX44Gf44KK44Go5oyB44Gh6YGL44Gz44Gr5L6/5Yip4pmq44Kr44Op44O844Gv44Og44O844Oz44Kr44Op44O844Gu44Kk44Ko44Ot44O844Go44Kk44Kv44Kk44OD44OX44OJ44Kr44Op44O844Gu44OW44Op44OD44Kv44GM44GU44GW44GE44G+44GZ44CC5q+O5pel44Gu44GK5L6b44Gr44GE44GL44GM44Gn44GX44KH44GG44GL4pmq4pag44K144Kk44K677yI57SE77yJTDhjbSBYIFcxMi41Y20KPC9zbWFsbD4gCiAKIAogCiAKPEJSPjxjZW50ZXI+PFA+PElNRyBzcmM9Imh0dHA6Ly9pbWFnZS5yYWt1dGVuLmNvLmpwL2ppY29tYW4vY2FiaW5ldC9ibi9kb3Vjb25fMzAwLmdpZiIgYm9yZGVyPSIwIiBhbHQ9IumAgeaWmeeEoeaWmeWVhuWTgeOCq+ODhuOCtOODquODvOOBruODkOODiuODvCI+PC9QPjxQPjxJTUcgc3JjPSJodHRwOi8vaW1hZ2UucmFrdXRlbi5jby5qcC9qaWNvbWFuL2NhYmluZXQvYm4vbWFpbG1hZ2F6aW5lXzMwMC5naWYiIGJvcmRlcj0iMCIgYWx0PSLpgIHmlpnnhKHmlpnllYblk4Hjgqvjg4bjgrTjg6rjg7zjga7jg5Djg4rjg7wiPjwvUD48L2NlbnRlcj48QlI+PEJSPjxCUj4KPGNlbnRlcj4KPGltZyBzcmM9Imh0dHA6Ly9pbWFnZS5yYWt1dGVuLmNvLmpwL2ppY29tYW4vY2FiaW5ldC9yZW5ld2FsL3JlcGVhdDFfci5naWYiIGFsdD0i44Od44Kk44Oz44OI77yS77yQ5YCN5ZWG5ZOB44Gu44Kz44O844OK44O8Ij4KPC9jZW50ZXI+,44Og44O844Oz44Ki44Kk44K6IOOCs+OCpOODs+OCseODvOOCuSDjgq3jg7zjgrHjg7zjgrkg44Kt44O844Oq44Oz44Kw5LuY44GNIOWwj+mKreWFpeOCjCDjg53jg7zjg4EgTU9PTkVZRVMg44K144Kk44K6TSDjgqTjgqjjg63jg7wg44CQ44Oh44O844Or5L6/T0vjgJHvvL9BUi1NR0MxODBZRS1NT07vvJroh6rlt7HmuoDotrM=,44Op44OD44OI44OV44Kj44Oz44Kv44K544OG44OD44Kr44O844Ot44O844OJ44Op44Oz44OK44O844OV44Kj44Oq44OD44Kv44K544O744K244O744Kt44Oj44OD44OI44OK44Oz44OQ44O844OV44Os44O844Og44Of44Oq44K/44Oq44O844K544OG44Oz44K344Or44Kr44O844Ki44Kv44K744K144Oq44O844Of44Oq44K/44Oq44O844Ko44Ki44OV44Kp44O844K55LiW55Sw6LC344OZ44O844K544K144Kk44Oz44OX44Os44O844OI44Kv44Os44Kk44K544Of44K544Og44O844Oz44Ki44Kk44K644Kr44O844Oe44OD44OI44Of44K344Ol44Op44Oz44Ko44OD44K9RVNTT+OBpOOBquOBjuOCouODq+ODleOCoeODmeODg+ODiOOCueODhuODg+OCq+ODvOODoOODvOODs+OCouOCpOOCuiDjgrPjgqTjg7PjgrHjg7zjgrkg44Kt44O844Kx44O844K5IOOCreODvOODquODs+OCsOS7mOOBjSDlsI/piq3lhaXjgowg44Od44O844OBIE1PT05FWUVTIOOCteOCpOOCuk0g44Kk44Ko44Ot44O8IOOAkOODoeODvOODq+S+v09L44CR77y/QVItTUdDMTgwWUUtTU9O,44OV44Kr44OV44Kr44Gu44Of44OL44Od44O844OB77yB5pC65biv44KE44K/44OQ44Kz44CBTVAz44OX44Os44Kk44Ok44O844Gr5L6/5Yip4pmq44CC44Og44O844Oz44Ki44Kk44K6IOOCs+OCpOODs+OCseODvOOCuSDjgq3jg7zjgrHjg7zjgrkg44Kt44O844Oq44Oz44Kw5LuY44GNIOWwj+mKreWFpeOCjCDjg53jg7zjg4EgTU9PTkVZRVMg44K144Kk44K6TSDjgqTjgqjjg63jg7wg44CQ44Oh44O844Or5L6/T0vjgJHvvL9BUi1NR0MxODBZRS1NT04=[rn]
7-31611,aHR0cDovL3RzaG9wLnIxMHMuanAvamljb21hbi9jYWJpbmV0L21vb24vMS8xMzA0Mi5qcGc/Zml0aW49NzAwOjcwMA==,NzIwLjAwMDA=,,44OQ44OD44Kw44O75bCP54mp44O744OW44Op44Oz44OJ6ZuR6LKoID4g44Gd44Gu5LuW,44Og44O844Oz44Ki44Kk44K6IOOCs+OCpOODs+OCseODvOOCuSDjgq3jg7zjgrHjg7zjgrkg44Kt44O844Oq44Oz44Kw5LuY44GNIOWwj+mKreWFpeOCjCDjg53jg7zjg4EgTU9PTkVZRVMg44K144Kk44K6UyDjgqTjgqjjg63jg7wg44CQ44Oh44O844Or5L6/T0vjgJHvvL9BUi1NR0MxNzlZRS1NT04=,44OV44Kr44OV44Kr44Gu44Of44OL44Od44O844OB77yB44Kz44Kk44Oz44Kx44O844K544Gr5L6/5Yip4pmq,PGltZyBzcmM9Imh0dHA6Ly9pbWFnZS5yYWt1dGVuLmNvLmpwL2ppY29tYW4vY2FiaW5ldC9yZW5ld2FsL21haWxiaW5fci5naWYiIGFsdD0i44Oh44O844Or5L6/55m66YCB5rOo5oSP5LqL6aCF44Gu44OQ44OK44O8IiBib3JkZXI9IjAiPgo8QlI+PEJSPgrvvIjkvqHmoLzlpInmm7QyMDE2LzA0LzAx77yJPEJSPjxzbWFsbD4K44Og44O844Oz44Ki44Kk44K644Gu44Kz44Kk44Oz44Kx44O844K544Gn44GZ44CC44Of44OL44K144Kk44K644Gn5L2/44GE44KE44GZ44GE44Gn44GZ4pmq44Oh44OD44K344Ol57Sg5p2Q44Gr44Op44OQ44O844OR44OD44OB44KS57ir44GE44Gk44GR44Gf44Of44OL44Kz44Kk44Oz44Kx44O844K544Gn44GZ44CC55Sf5Zyw44Gu44Gr44Gv44K544Od44Oz44K444GM6LK844KJ44KM44Gm44GK44KK6KGd5pKD44KS57ep5ZKM44GX44Gm44GP44KM44G+44GZ44CC44OP44Oz44OH44Kj44O844Gq44Gu44Gn44Od44Kx44OD44OI44Gr5YWl44KM44Gm5oyB44Gh6YGL44Gz44Gr6Z2e5bi444Gr5L6/5Yip44Gn44GZ44CC44Kt44O844Oq44Oz44Kw5LuY44GN44Gq44Gu44Gn6Y2144Go5YWx44Gr44Kr44Op44OT44OK44Gq44Gp44Gr5LuY44GR44KM44Gw44Gh44KH44Gj44Go44GX44Gf6LK344GE54mp5pmC44Gr5L2/44GI44G+44GZ44Gt4pmq44Kr44Op44O844Gv44Og44O844Oz44Kr44Op44O844Gu44Kk44Ko44Ot44O844Go44Kk44Kv44Kk44OD44OX44OJ44Kr44Op44O844Gu44OW44Op44OD44Kv44GM44GU44GW44GE44G+44GZ44CC5q+O5pel44Gu44GK5L6b44Gr44GE44GL44GM44Gn44GX44KH44GG44GL4pmq4pag44K144Kk44K677yI57SE77yJTDdjbSBYIFc5Y20KPC9zbWFsbD4gCiAKIAogCiAKPEJSPjxjZW50ZXI+PFA+PElNRyBzcmM9Imh0dHA6Ly9pbWFnZS5yYWt1dGVuLmNvLmpwL2ppY29tYW4vY2FiaW5ldC9ibi9kb3Vjb25fMzAwLmdpZiIgYm9yZGVyPSIwIiBhbHQ9IumAgeaWmeeEoeaWmeWVhuWTgeOCq+ODhuOCtOODquODvOOBruODkOODiuODvCI+PC9QPjxQPjxJTUcgc3JjPSJodHRwOi8vaW1hZ2UucmFrdXRlbi5jby5qcC9qaWNvbWFuL2NhYmluZXQvYm4vbWFpbG1hZ2F6aW5lXzMwMC5naWYiIGJvcmRlcj0iMCIgYWx0PSLpgIHmlpnnhKHmlpnllYblk4Hjgqvjg4bjgrTjg6rjg7zjga7jg5Djg4rjg7wiPjwvUD48L2NlbnRlcj48QlI+PEJSPjxCUj4KPGNlbnRlcj4KPGltZyBzcmM9Imh0dHA6Ly9pbWFnZS5yYWt1dGVuLmNvLmpwL2ppY29tYW4vY2FiaW5ldC9yZW5ld2FsL3JlcGVhdDFfci5naWYiIGFsdD0i44Od44Kk44Oz44OI77yS77yQ5YCN5ZWG5ZOB44Gu44Kz44O844OK44O8Ij4KPC9jZW50ZXI+,44Og44O844Oz44Ki44Kk44K6IOOCs+OCpOODs+OCseODvOOCuSDjgq3jg7zjgrHjg7zjgrkg44Kt44O844Oq44Oz44Kw5LuY44GNIOWwj+mKreWFpeOCjCDjg53jg7zjg4EgTU9PTkVZRVMg44K144Kk44K6UyDjgqTjgqjjg63jg7wg44CQ44Oh44O844Or5L6/T0vjgJHvvL9BUi1NR0MxNzlZRS1NT07vvJroh6rlt7HmuoDotrM=,44Op44OD44OI44OV44Kj44Oz44Kv44K544OG44OD44Kr44O844Ot44O844OJ44Op44Oz44OK44O844OV44Kj44Oq44OD44Kv44K544O744K244O744Kt44Oj44OD44OI44OK44Oz44OQ44O844OV44Os44O844Og44Of44Oq44K/44Oq44O844K544OG44Oz44K344Or44Kr44O844Ki44Kv44K744K144Oq44O844Of44Oq44K/44Oq44O844Ko44Ki44OV44Kp44O844K55LiW55Sw6LC344OZ44O844K544K144Kk44Oz44OX44Os44O844OI44Kv44Os44Kk44K544Of44K544Og44O844Oz44Ki44Kk44K644Kr44O844Oe44OD44OI44Of44K344Ol44Op44Oz44Ko44OD44K9RVNTT+OBpOOBquOBjuOCouODq+ODleOCoeODmeODg+ODiOOCueODhuODg+OCq+ODvOODoOODvOODs+OCouOCpOOCuiDjgrPjgqTjg7PjgrHjg7zjgrkg44Kt44O844Kx44O844K5IOOCreODvOODquODs+OCsOS7mOOBjSDlsI/piq3lhaXjgowg44Od44O844OBIE1PT05FWUVTIOOCteOCpOOCulMg44Kk44Ko44Ot44O8IOOAkOODoeODvOODq+S+v09L44CR77y/QVItTUdDMTc5WUUtTU9O,44OV44Kr44OV44Kr44Gu44Of44OL44Od44O844OB77yB44Kz44Kk44Oz44Kx44O844K544Gr5L6/5Yip4pmq44CC44Og44O844Oz44Ki44Kk44K6IOOCs+OCpOODs+OCseODvOOCuSDjgq3jg7zjgrHjg7zjgrkg44Kt44O844Oq44Oz44Kw5LuY44GNIOWwj+mKreWFpeOCjCDjg53jg7zjg4EgTU9PTkVZRVMg44K144Kk44K6UyDjgqTjgqjjg63jg7wg44CQ44Oh44O844Or5L6/T0vjgJHvvL9BUi1NR0MxNzlZRS1NT04=[rn]
7-31612,aHR0cDovL3RzaG9wLnIxMHMuanAvY2xvdXIvY2FiaW5ldC9mdWt1c3lva3UvaW1nNTcxNTE4NzcuanBnP2ZpdGluPTcwMDo3MDA=,MTI4MC4wMDAw,,44OQ44OD44Kw44O75bCP54mp44O744OW44Op44Oz44OJ6ZuR6LKoID4g44Gd44Gu5LuW,Um9hZCBSdW5uZXIg44Ot44O844OJ44Op44Oz44OK44O8IOODpuODvOODhuOCo+ODquODhuOCo+ODvOODkOODg+OCsA==,,PHA+CuOBleOBvuOBluOBvuOBquOCt+ODvOODs+OBp+a0u+i6jeOBmeOCi+ODpuODvOODhuOCo+ODquODhuOCo+ODvOODkOODg+OCsOOBruOBlOe0ueS7i+OBp+OBmeOAgjxicj4K5pC65biv6Zu76Kmx44KE44Od44O844K/44OW44Or6Z+z5qW944OX44Os44O844Ok44O844Gq44Gp44CB5bCP54mp44KS5Y+O57SN44GX44Gm44KC44G+44Gg5L2Z6KOV44GM44GC44KK44G+44GZ44CCPGJyPgrjg5njg6vjg4jjg6vjg7zjg5fpg6jliIbjga/jgIHjg57jgrjjg4Pjgq/jg4bjg7zjg5fjgr/jgqTjg5fjgafjgZnjga7jgafku5jjgZHlpJbjgZfjgoLnsKHljZjjgafjgIHou4rjga7jgrfjg7zjg4jnrYnjgavlj5bjgorku5jjgZHjgabkvb/nlKjjgZnjgovjga7jgoLlj6/og73jgafjgZnjgII8YnI+CuS4oemdouODhuODvOODl+S7mOOBjeOBruODnuOCuOODg+OCr+ODhuODvOODl+OCguS7mOWxnuOBl+OBpuOBhOOBvuOBmeOBruOBp+OAgeiyvOOCiuS7mOOBkeOCi+OBquOBqeOBquOBqeOAgeS9v+OBhOaWueOBr+OBguOBquOBn+asoeesrO+8gTxicj4KPGJyPgrjgb7jgZ/jgIHjg4jjg7zjg4jjg5Djg4PjgrDnrYnjga7jg5Djg4PjgrDjgqTjg7Pjg5Djg4PjgrDjgajjgZfjgabjgoLjgYrkvb/jgYTmiLTjgZHjgb7jgZnjgII8YnI+Cjxicj4K6ZaL5Y+j6YOo5YiG44Gv54m544Gr44OV44K/44KE44OB44Oj44OD44Kv44Gq44Gp44Gv44GC44KK44G+44Gb44KT44GX44CB5YaF6YOo44Gu6ZaT5LuV5YiH44KK44KC44GU44GW44GE44G+44Gb44KT44Gu44Gn44CB44GE44Gk44Gn44KC6Ieq55Sx44Gr5Ye644GX5YWl44KM44Gn44GN44KL5LuV5qeY44Gn44GZ44CCPGJyPgrlhoXlgbTjgavjga/jgIHjg63jg7zjg4njg6njg7Pjg4rjg7zjga7jg6/jg4Pjg5rjg7PjgYznuKvjgYTku5jjgZHjgonjgozjgabjgYTjgabjgajjgabjgoLjgYvjgo/jgYTjgYTjgafjgZnjgojjgII8YnI+Cjxicj4K44GK6Imy44Gv44CB44OW44Or44O844CB44Kk44Ko44Ot44O844GuMuiJsuOBi+OCieOBiumBuOOBs+OBj+OBoOOBleOBhOOAgjxicj4KPGJyPgo8YnI+CuOCteOCpOOCuu+8mue4pjguNcOX5qiqMTPDl+mrmOOBlTE4Y23vvIjjg5njg6vjg4jjg6vjg7zjg5fpg6jliIbjga/lkKvjgb7jgZrvvIk8YnI+Cue0oOadkO+8muODiuOCpOODreODs+OAgeODl+ODqeOCueODhuOCo+ODg+OCrzxicj4K55Sf55Sj5Zu977ya5Lit5Zu9PGJyPgo8L3A+PHN0eWxlIHR5cGU9InRleHQvY3NzIj4KPCEtLQoKZGl2I0hlYWRlcktleXdvcmQgewoJcG9zaXRpb246YWJzb2x1dGU7Cgl0b3A6ODBweDsvKuS4gOeVquS4iuOBi+OCieOBruS9jee9riovCglsZWZ0OjMwcHg7Lyrlt6bnq6/jgYvjgonjga7kvY3nva4qLwp9CgpkaXYjSGVhZGVyS2V5d29yZCBzcGFuIHsKCWJhY2tncm91bmQ6ICNiZjAwMDA7Cgljb2xvcjojZmZmOwoJZm9udC13ZWlnaHQ6Ym9sZDsKCXBhZGRpbmc6MnB4IDVweDsKfQoKZGl2I0hlYWRlcktleXdvcmQgYSB7Cgljb2xvcjojMDA0NENDOwp9CgotLT4KPC9zdHlsZT4KCjxkaXYgaWQ9IkhlYWRlcktleXdvcmQiPgo8c3Bhbj7ms6jnm67jga7jgq3jg7zjg6/jg7zjg4k8L3NwYW4+CuOBk+OCjOOBqOS4gOe3kuOBoOOBqOmAgeaWmeOCv+ODgO+8ge+8oOmAgeaWmeeEoeaWmeWVhuWTgQrjgIDku4rjgYzjgYrlvpfjga7jgrvjg7zjg6vkuK3jgqLjgqTjg4bjg6AK44CA44OX44Os44K844Oz44OI44Gr5Lq65rCX44Gu44Ks44Og44Oc44O844Or44Oe44K344O844OzCjwvZGl2PgoKCjx0YWJsZSB3aWR0aD0iNzcwIiBib3JkZXI9IjAiIGNlbGxzcGFjaW5nPSIwIiBjZWxscGFkZGluZz0iMCI+CiAgPHRyPgogICAgPHRkIHdpZHRoPSIxMCI+Jm5ic3A7PC90ZD4KICAgIDx0ZCB3aWR0aD0iNzYwIj48dGFibGUgd2lkdGg9Ijc2MCIgYm9yZGVyPSIwIiBhbGlnbj0iY2VudGVyIiBjZWxscGFkZGluZz0iMSIgY2VsbHNwYWNpbmc9IjEiIGJnY29sb3I9IiNDQzAwMDAiPgogICAgICA8dHI+CiAgICAgICAgPHRkIGhlaWdodD0iMzAiPjxkaXYgYWxpZ249ImNlbnRlciI+PGZvbnQgY29sb3I9IiNGRkZGRkYiIHNpemU9IisxIj48Yj7ilrzjgIDjgYLjgorjgYzjgajjgYbjgZTjgZbjgYTjgb7jgZnvvIHjgIDjgZ/jgY/jgZXjgpPjga7nmobmp5jjgYvjgonjgrPjg6Hjg7Pjg4jpoILjgYTjgabjgYTjgb7jgZnjgILjgIDilrw8L2I+PC9mb250PjwvZGl2PjwvdGQ+CiAgICAgIDwvdHI+CiAgICAgIDx0cj4KICAgICAgICA8dGQgYmdjb2xvcj0iI0ZGRkZGRiI+PGRpdiBzdHlsZT0id2lkdGg6NzAwcHg7IGhlaWdodDozNjBweDsgb3ZlcmZsb3c6aGlkZGVuO21hcmdpbjogMCBhdXRvOyI+CiAgICAgICAgICAgIAogICAgICAgIDwvZGl2PjwvdGQ+CiAgICAgIDwvdHI+CiAgICA8L3RhYmxlPjwvdGQ+CiAgPC90cj4KPC90YWJsZT4=,Um9hZCBSdW5uZXIg44Ot44O844OJ44Op44Oz44OK44O8IOODpuODvOODhuOCo+ODquODhuOCo+ODvOODkOODg+OCsO+8muOCouODoeODquOCq+ODs+mbkeiyqO+8o++8r++8rO+8r++8te+8sg==,44Ki44Oh44Oq44Kr44Oz6ZuR6LKo44Ki44Oh44Oq44Kr6ZuR6LKo6Ly45YWl6ZuR6LKoIOi8uOWFpea0l+WJpCDjgr/jgqTjg4kgVGlkZSDjgrLjgqTjg7MgR2FpbuODj+ODvOODrOODvOODgOODk+ODg+ODieOCveODsyBIYXJsZXktRGF2aWRzb27jg43jgqrjg7PjgrXjgqTjg7Mg44Ki44Oh44Oq44Kr44Gu54Wn5piOIOOCpOODs+ODhuODquOCoueFp+aYjuOCouODoeODquOCq+ebtOi8uOWFpeOBruaXpeeUqOWTgembkeiyqCDjgq3jg4Pjg4Hjg7PnlKjlk4HjgqLjg6Hjg6rjgqvoo73lrZDkvpvnlKjjg6rjg6Xjg4Pjgq/jgrXjg4Pjgq8g44OQ44OD44Kv44OR44OD44KvIOW5vOeomuWckuODkOODg+OCsOOCouODoeODquOCq+ijveODgOOCpOOCreODo+OCueODiOODn+ODi+OCq+ODvCBKQURB5Lq65rCX44Gu44Ks44Og44Oc44O844Or44Oe44K344O844OzIOODleOCqeODvOODieekvuijvSDjgqvjg6vjg7zjgrvjg6sg44Kt44Oj44Ot44O844K744Or44K544OG44Oz44K344Or44OX44Os44O844OIIOecn+mNruijvSDjg4/jg7Pjgr3jg7MgSGFuc29u5omA44K444On44O844K4IOS4lueUsOiwt+ODmeODvOOCuSBVU+OCqOOCouODleOCqeODvOOCuSDjgqLjg7zjg5/jg7zjg4/jg6/jgqTpm5Hosqgg44OP44Ov44Kk44Ki44Oz6ZuR6LKoIOODj+ODr+OCpOOBruOCpOODs+ODhuODquOCouOCsOODg+OCuuODgOODq+ODiOODsyBEVUxUT04g44Oe44O844Kt44Ol44Oq44O8IE1lcmN1cnnjg6njgrjjgqrjg5Xjg6njgqTjg6Tjg7wgUmFkaW8gRmx5ZXIg6LWk44GE44Ov44K044Oz44OP44Ov44Kk44Ki44Oz44Od44K544K/44O8IOODtOOCo+ODs+ODhuODvOOCuCDjg6Hjgr/jg6vjgrXjgqTjg7Pjg7TjgqPjg7Pjg4bjg7zjgrjjgqLjg6Hjg6rjgqvjg7Mg44OO44K544K/44Or44K444OD44KvIOODq+ODvOODiO+8lu+8liBSb3V0ZTY244Ks44Og44Oc44O844Or44Oe44K344O844Oz55So44Gu6Kmw5pu/44GI44Ks44OgIOOCrOODoOODquODleOCo+ODqyDml6XmnKzoo73jgqzjg6Djg5fjg6zjgrzjg7Pjg4gg44Ku44OV44OIIOmAmuS/oeiyqeWjsiDpgJrosqkg6aaZ5bed55yMIOWbm+WbvSDplqLopb8g6YCB5paZ54Sh5paZ6Ly45YWl6aOf5p2QIOOCouODoeODquOCq+OBruOCuOODpeODvOOCuSDjg6Ljg7Pjgrnjgr/jg7zjgqjjg4rjgrjjg7wg44K544OR44Og44Op44Oz44OB44On44Oz44Of44O844OI6Ly45YWl5a625YW3IOOCs+OCq+OCs+ODvOODqSBDb2NhLUNvbGHjgIDjgrPjg7zjg6njga7jgqTjgrkg44Kz44O844Op44Gu44OG44O844OW44OrUm9hZCBSdW5uZXIg44Ot44O844OJ44Op44Oz44OK44O8IOODpuODvOODhuOCo+ODquODhuOCo+ODvOODkOODg+OCsA==,Um9hZCBSdW5uZXIg44Ot44O844OJ44Op44Oz44OK44O8IOODpuODvOODhuOCo+ODquODhuOCo+ODvOODkOODg+OCsA==[rn]
7-31613,aHR0cDovL3RzaG9wLnIxMHMuanAvY2xvdXIvY2FiaW5ldC9mdWt1c3lva3UvaW1nNTYwMzI0MTkuanBnP2ZpdGluPTcwMDo3MDA=,Mzg0LjAwMDA=,,44OQ44OD44Kw44O75bCP54mp44O744OW44Op44Oz44OJ6ZuR6LKoID4g44Gd44Gu5LuW,RkVMSVgg44OV44Kj44Oq44OD44Kv44K5IOOCouOCpOODreODs+ODkeODg+ODge+8iEUgLSDjg6zjg4Pjg4Tjg6njgqTjg4nvvIk=,,PHA+CuODleOCo+ODquODg+OCr+OCueOBruOCouOCpOODreODs+ODkeODg+ODgeOBp+OBmeOAgjxicj4K44GX44Gj44GL44KK44Go44GX44Gf5Yi657mN44Go44OH44K244Kk44Oz44Gv4peO44Gn44GZ77yB77yBPGJyPgrjg6/jg7zjgq/jgqbjgqjjgqLjgoTjg5Djg4PjgrDjgIHjgq3jg6Pjg4Pjg5fjgarjganjgYrlpb3jgb/jgafjgqvjgrnjgr/jg6DjgZfjgaHjgoPjgaPjgabkuIvjgZXjgYTimao8YnI+CuOCouOCpOODreODs+Wcp+edgOOCv+OCpOODl+OBp+OBmeOBruOBp+OAgeewoeWNmOOBq+iyvOS7mOOBkeOCi+OBk+OBqOOBjOOBp+OBjeOBvuOBmeOAgjxicj4K44GX44Gj44GL44KK44Go5Y+W44KM44Gq44GE5qeY44Gr44GZ44KL44Gr44Gv5Zue44KK44KS44GV44KJ44Gr57ir44Gj44Gh44KD44GG44Go4peO44Gn44GZ44CCPGJyPgo8YnI+CuOCteOCpOOCuu+8mue4piA0IMOXIOaoqiA4IChjbSk8YnI+CuOBneOBruS7lu+8muODqeOCpOOCu+ODs+OCueWVhuWTgQo8L3A+PHN0eWxlIHR5cGU9InRleHQvY3NzIj4KPCEtLQoKZGl2I0hlYWRlcktleXdvcmQgewoJcG9zaXRpb246YWJzb2x1dGU7Cgl0b3A6ODBweDsvKuS4gOeVquS4iuOBi+OCieOBruS9jee9riovCglsZWZ0OjMwcHg7Lyrlt6bnq6/jgYvjgonjga7kvY3nva4qLwp9CgpkaXYjSGVhZGVyS2V5d29yZCBzcGFuIHsKCWJhY2tncm91bmQ6ICNiZjAwMDA7Cgljb2xvcjojZmZmOwoJZm9udC13ZWlnaHQ6Ym9sZDsKCXBhZGRpbmc6MnB4IDVweDsKfQoKZGl2I0hlYWRlcktleXdvcmQgYSB7Cgljb2xvcjojMDA0NENDOwp9CgotLT4KPC9zdHlsZT4KCjxkaXYgaWQ9IkhlYWRlcktleXdvcmQiPgo8c3Bhbj7ms6jnm67jga7jgq3jg7zjg6/jg7zjg4k8L3NwYW4+CuOBk+OCjOOBqOS4gOe3kuOBoOOBqOmAgeaWmeOCv+ODgO+8ge+8oOmAgeaWmeeEoeaWmeWVhuWTgQrjgIDku4rjgYzjgYrlvpfjga7jgrvjg7zjg6vkuK3jgqLjgqTjg4bjg6AK44CA44OX44Os44K844Oz44OI44Gr5Lq65rCX44Gu44Ks44Og44Oc44O844Or44Oe44K344O844OzCjwvZGl2PgoKCjx0YWJsZSB3aWR0aD0iNzcwIiBib3JkZXI9IjAiIGNlbGxzcGFjaW5nPSIwIiBjZWxscGFkZGluZz0iMCI+CiAgPHRyPgogICAgPHRkIHdpZHRoPSIxMCI+Jm5ic3A7PC90ZD4KICAgIDx0ZCB3aWR0aD0iNzYwIj48dGFibGUgd2lkdGg9Ijc2MCIgYm9yZGVyPSIwIiBhbGlnbj0iY2VudGVyIiBjZWxscGFkZGluZz0iMSIgY2VsbHNwYWNpbmc9IjEiIGJnY29sb3I9IiNDQzAwMDAiPgogICAgICA8dHI+CiAgICAgICAgPHRkIGhlaWdodD0iMzAiPjxkaXYgYWxpZ249ImNlbnRlciI+PGZvbnQgY29sb3I9IiNGRkZGRkYiIHNpemU9IisxIj48Yj7ilrzjgIDjgYLjgorjgYzjgajjgYbjgZTjgZbjgYTjgb7jgZnvvIHjgIDjgZ/jgY/jgZXjgpPjga7nmobmp5jjgYvjgonjgrPjg6Hjg7Pjg4jpoILjgYTjgabjgYTjgb7jgZnjgILjgIDilrw8L2I+PC9mb250PjwvZGl2PjwvdGQ+CiAgICAgIDwvdHI+CiAgICAgIDx0cj4KICAgICAgICA8dGQgYmdjb2xvcj0iI0ZGRkZGRiI+PGRpdiBzdHlsZT0id2lkdGg6NzAwcHg7IGhlaWdodDozNjBweDsgb3ZlcmZsb3c6aGlkZGVuO21hcmdpbjogMCBhdXRvOyI+CiAgICAgICAgICAgIAogICAgICAgIDwvZGl2PjwvdGQ+CiAgICAgIDwvdHI+CiAgICA8L3RhYmxlPjwvdGQ+CiAgPC90cj4KPC90YWJsZT4=,RkVMSVgg44OV44Kj44Oq44OD44Kv44K5IOOCouOCpOODreODs+ODkeODg+ODge+8iEUgLSDjg6zjg4Pjg4Tjg6njgqTjg4nvvInvvJrjgqLjg6Hjg6rjgqvjg7Ppm5HosqjvvKPvvK/vvKzvvK/vvLXvvLI=,44Ki44Oh44Oq44Kr44Oz6ZuR6LKo44Ki44Oh44Oq44Kr6ZuR6LKo6Ly45YWl6ZuR6LKoIOi8uOWFpea0l+WJpCDjgr/jgqTjg4kgVGlkZSDjgrLjgqTjg7MgR2FpbuODj+ODvOODrOODvOODgOODk+ODg+ODieOCveODsyBIYXJsZXktRGF2aWRzb27jg43jgqrjg7PjgrXjgqTjg7Mg44Ki44Oh44Oq44Kr44Gu54Wn5piOIOOCpOODs+ODhuODquOCoueFp+aYjuOCouODoeODquOCq+ebtOi8uOWFpeOBruaXpeeUqOWTgembkeiyqCDjgq3jg4Pjg4Hjg7PnlKjlk4HjgqLjg6Hjg6rjgqvoo73lrZDkvpvnlKjjg6rjg6Xjg4Pjgq/jgrXjg4Pjgq8g44OQ44OD44Kv44OR44OD44KvIOW5vOeomuWckuODkOODg+OCsOOCouODoeODquOCq+ijveODgOOCpOOCreODo+OCueODiOODn+ODi+OCq+ODvCBKQURB5Lq65rCX44Gu44Ks44Og44Oc44O844Or44Oe44K344O844OzIOODleOCqeODvOODieekvuijvSDjgqvjg6vjg7zjgrvjg6sg44Kt44Oj44Ot44O844K744Or44K544OG44Oz44K344Or44OX44Os44O844OIIOecn+mNruijvSDjg4/jg7Pjgr3jg7MgSGFuc29u5omA44K444On44O844K4IOS4lueUsOiwt+ODmeODvOOCuSBVU+OCqOOCouODleOCqeODvOOCuSDjgqLjg7zjg5/jg7zjg4/jg6/jgqTpm5Hosqgg44OP44Ov44Kk44Ki44Oz6ZuR6LKoIOODj+ODr+OCpOOBruOCpOODs+ODhuODquOCouOCsOODg+OCuuODgOODq+ODiOODsyBEVUxUT04g44Oe44O844Kt44Ol44Oq44O8IE1lcmN1cnnjg6njgrjjgqrjg5Xjg6njgqTjg6Tjg7wgUmFkaW8gRmx5ZXIg6LWk44GE44Ov44K044Oz44OP44Ov44Kk44Ki44Oz44Od44K544K/44O8IOODtOOCo+ODs+ODhuODvOOCuCDjg6Hjgr/jg6vjgrXjgqTjg7Pjg7TjgqPjg7Pjg4bjg7zjgrjjgqLjg6Hjg6rjgqvjg7Mg44OO44K544K/44Or44K444OD44KvIOODq+ODvOODiO+8lu+8liBSb3V0ZTY244Ks44Og44Oc44O844Or44Oe44K344O844Oz55So44Gu6Kmw5pu/44GI44Ks44OgIOOCrOODoOODquODleOCo+ODqyDml6XmnKzoo73jgqzjg6Djg5fjg6zjgrzjg7Pjg4gg44Ku44OV44OIIOmAmuS/oeiyqeWjsiDpgJrosqkg6aaZ5bed55yMIOWbm+WbvSDplqLopb8g6YCB5paZ54Sh5paZ6Ly45YWl6aOf5p2QIOOCouODoeODquOCq+OBruOCuOODpeODvOOCuSDjg6Ljg7Pjgrnjgr/jg7zjgqjjg4rjgrjjg7wg44K544OR44Og44Op44Oz44OB44On44Oz44Of44O844OI6Ly45YWl5a625YW3IOOCs+OCq+OCs+ODvOODqSBDb2NhLUNvbGHjgIDjgrPjg7zjg6njga7jgqTjgrkg44Kz44O844Op44Gu44OG44O844OW44OrRkVMSVgg44OV44Kj44Oq44OD44Kv44K5IOOCouOCpOODreODs+ODkeODg+ODge+8iEUgLSDjg6zjg4Pjg4Tjg6njgqTjg4nvvIk=,RkVMSVgg44OV44Kj44Oq44OD44Kv44K5IOOCouOCpOODreODs+ODkeODg+ODge+8iEUgLSDjg6zjg4Pjg4Tjg6njgqTjg4nvvIk=[rn]
7-31614,aHR0cDovL3RzaG9wLnIxMHMuanAvY2xvdXIvY2FiaW5ldC9mdWt1c3lva3UvaW1nNTYwMzIzOTQuanBnP2ZpdGluPTcwMDo3MDA=,Mzg0LjAwMDA=,,44OQ44OD44Kw44O75bCP54mp44O744OW44Op44Oz44OJ6ZuR6LKoID4g44Gd44Gu5LuW,RkVMSVgg44OV44Kj44Oq44OD44Kv44K5IOOCouOCpOODreODs+ODkeODg+ODge+8iEcgLSDjg6zjgqTjg7Pjg5zjg7zvvIk=,,PHA+CuODleOCo+ODquODg+OCr+OCueOBruOCouOCpOODreODs+ODkeODg+ODgeOBp+OBmeOAgjxicj4K44GX44Gj44GL44KK44Go44GX44Gf5Yi657mN44Go44OH44K244Kk44Oz44Gv4peO44Gn44GZ77yB77yBPGJyPgrjg6/jg7zjgq/jgqbjgqjjgqLjgoTjg5Djg4PjgrDjgIHjgq3jg6Pjg4Pjg5fjgarjganjgYrlpb3jgb/jgafjgqvjgrnjgr/jg6DjgZfjgaHjgoPjgaPjgabkuIvjgZXjgYTimao8YnI+CuOCouOCpOODreODs+Wcp+edgOOCv+OCpOODl+OBp+OBmeOBruOBp+OAgeewoeWNmOOBq+iyvOS7mOOBkeOCi+OBk+OBqOOBjOOBp+OBjeOBvuOBmeOAgjxicj4K44GX44Gj44GL44KK44Go5Y+W44KM44Gq44GE5qeY44Gr44GZ44KL44Gr44Gv5Zue44KK44KS44GV44KJ44Gr57ir44Gj44Gh44KD44GG44Go4peO44Gn44GZ44CCPGJyPgo8YnI+CuOCteOCpOOCuu+8muebtOW+hCA4IChjbSk8YnI+CuOBneOBruS7lu+8muODqeOCpOOCu+ODs+OCueWVhuWTgQo8L3A+PHN0eWxlIHR5cGU9InRleHQvY3NzIj4KPCEtLQoKZGl2I0hlYWRlcktleXdvcmQgewoJcG9zaXRpb246YWJzb2x1dGU7Cgl0b3A6ODBweDsvKuS4gOeVquS4iuOBi+OCieOBruS9jee9riovCglsZWZ0OjMwcHg7Lyrlt6bnq6/jgYvjgonjga7kvY3nva4qLwp9CgpkaXYjSGVhZGVyS2V5d29yZCBzcGFuIHsKCWJhY2tncm91bmQ6ICNiZjAwMDA7Cgljb2xvcjojZmZmOwoJZm9udC13ZWlnaHQ6Ym9sZDsKCXBhZGRpbmc6MnB4IDVweDsKfQoKZGl2I0hlYWRlcktleXdvcmQgYSB7Cgljb2xvcjojMDA0NENDOwp9CgotLT4KPC9zdHlsZT4KCjxkaXYgaWQ9IkhlYWRlcktleXdvcmQiPgo8c3Bhbj7ms6jnm67jga7jgq3jg7zjg6/jg7zjg4k8L3NwYW4+CuOBk+OCjOOBqOS4gOe3kuOBoOOBqOmAgeaWmeOCv+ODgO+8ge+8oOmAgeaWmeeEoeaWmeWVhuWTgQrjgIDku4rjgYzjgYrlvpfjga7jgrvjg7zjg6vkuK3jgqLjgqTjg4bjg6AK44CA44OX44Os44K844Oz44OI44Gr5Lq65rCX44Gu44Ks44Og44Oc44O844Or44Oe44K344O844OzCjwvZGl2PgoKCjx0YWJsZSB3aWR0aD0iNzcwIiBib3JkZXI9IjAiIGNlbGxzcGFjaW5nPSIwIiBjZWxscGFkZGluZz0iMCI+CiAgPHRyPgogICAgPHRkIHdpZHRoPSIxMCI+Jm5ic3A7PC90ZD4KICAgIDx0ZCB3aWR0aD0iNzYwIj48dGFibGUgd2lkdGg9Ijc2MCIgYm9yZGVyPSIwIiBhbGlnbj0iY2VudGVyIiBjZWxscGFkZGluZz0iMSIgY2VsbHNwYWNpbmc9IjEiIGJnY29sb3I9IiNDQzAwMDAiPgogICAgICA8dHI+CiAgICAgICAgPHRkIGhlaWdodD0iMzAiPjxkaXYgYWxpZ249ImNlbnRlciI+PGZvbnQgY29sb3I9IiNGRkZGRkYiIHNpemU9IisxIj48Yj7ilrzjgIDjgYLjgorjgYzjgajjgYbjgZTjgZbjgYTjgb7jgZnvvIHjgIDjgZ/jgY/jgZXjgpPjga7nmobmp5jjgYvjgonjgrPjg6Hjg7Pjg4jpoILjgYTjgabjgYTjgb7jgZnjgILjgIDilrw8L2I+PC9mb250PjwvZGl2PjwvdGQ+CiAgICAgIDwvdHI+CiAgICAgIDx0cj4KICAgICAgICA8dGQgYmdjb2xvcj0iI0ZGRkZGRiI+PGRpdiBzdHlsZT0id2lkdGg6NzAwcHg7IGhlaWdodDozNjBweDsgb3ZlcmZsb3c6aGlkZGVuO21hcmdpbjogMCBhdXRvOyI+CiAgICAgICAgICAgIAogICAgICAgIDwvZGl2PjwvdGQ+CiAgICAgIDwvdHI+CiAgICA8L3RhYmxlPjwvdGQ+CiAgPC90cj4KPC90YWJsZT4=,RkVMSVgg44OV44Kj44Oq44OD44Kv44K5IOOCouOCpOODreODs+ODkeODg+ODge+8iEcgLSDjg6zjgqTjg7Pjg5zjg7zvvInvvJrjgqLjg6Hjg6rjgqvjg7Ppm5HosqjvvKPvvK/vvKzvvK/vvLXvvLI=,44Ki44Oh44Oq44Kr44Oz6ZuR6LKo44Ki44Oh44Oq44Kr6ZuR6LKo6Ly45YWl6ZuR6LKoIOi8uOWFpea0l+WJpCDjgr/jgqTjg4kgVGlkZSDjgrLjgqTjg7MgR2FpbuODj+ODvOODrOODvOODgOODk+ODg+ODieOCveODsyBIYXJsZXktRGF2aWRzb27jg43jgqrjg7PjgrXjgqTjg7Mg44Ki44Oh44Oq44Kr44Gu54Wn5piOIOOCpOODs+ODhuODquOCoueFp+aYjuOCouODoeODquOCq+ebtOi8uOWFpeOBruaXpeeUqOWTgembkeiyqCDjgq3jg4Pjg4Hjg7PnlKjlk4HjgqLjg6Hjg6rjgqvoo73lrZDkvpvnlKjjg6rjg6Xjg4Pjgq/jgrXjg4Pjgq8g44OQ44OD44Kv44OR44OD44KvIOW5vOeomuWckuODkOODg+OCsOOCouODoeODquOCq+ijveODgOOCpOOCreODo+OCueODiOODn+ODi+OCq+ODvCBKQURB5Lq65rCX44Gu44Ks44Og44Oc44O844Or44Oe44K344O844OzIOODleOCqeODvOODieekvuijvSDjgqvjg6vjg7zjgrvjg6sg44Kt44Oj44Ot44O844K744Or44K544OG44Oz44K344Or44OX44Os44O844OIIOecn+mNruijvSDjg4/jg7Pjgr3jg7MgSGFuc29u5omA44K444On44O844K4IOS4lueUsOiwt+ODmeODvOOCuSBVU+OCqOOCouODleOCqeODvOOCuSDjgqLjg7zjg5/jg7zjg4/jg6/jgqTpm5Hosqgg44OP44Ov44Kk44Ki44Oz6ZuR6LKoIOODj+ODr+OCpOOBruOCpOODs+ODhuODquOCouOCsOODg+OCuuODgOODq+ODiOODsyBEVUxUT04g44Oe44O844Kt44Ol44Oq44O8IE1lcmN1cnnjg6njgrjjgqrjg5Xjg6njgqTjg6Tjg7wgUmFkaW8gRmx5ZXIg6LWk44GE44Ov44K044Oz44OP44Ov44Kk44Ki44Oz44Od44K544K/44O8IOODtOOCo+ODs+ODhuODvOOCuCDjg6Hjgr/jg6vjgrXjgqTjg7Pjg7TjgqPjg7Pjg4bjg7zjgrjjgqLjg6Hjg6rjgqvjg7Mg44OO44K544K/44Or44K444OD44KvIOODq+ODvOODiO+8lu+8liBSb3V0ZTY244Ks44Og44Oc44O844Or44Oe44K344O844Oz55So44Gu6Kmw5pu/44GI44Ks44OgIOOCrOODoOODquODleOCo+ODqyDml6XmnKzoo73jgqzjg6Djg5fjg6zjgrzjg7Pjg4gg44Ku44OV44OIIOmAmuS/oeiyqeWjsiDpgJrosqkg6aaZ5bed55yMIOWbm+WbvSDplqLopb8g6YCB5paZ54Sh5paZ6Ly45YWl6aOf5p2QIOOCouODoeODquOCq+OBruOCuOODpeODvOOCuSDjg6Ljg7Pjgrnjgr/jg7zjgqjjg4rjgrjjg7wg44K544OR44Og44Op44Oz44OB44On44Oz44Of44O844OI6Ly45YWl5a625YW3IOOCs+OCq+OCs+ODvOODqSBDb2NhLUNvbGHjgIDjgrPjg7zjg6njga7jgqTjgrkg44Kz44O844Op44Gu44OG44O844OW44OrRkVMSVgg44OV44Kj44Oq44OD44Kv44K5IOOCouOCpOODreODs+ODkeODg+ODge+8iEcgLSDjg6zjgqTjg7Pjg5zjg7zvvIk=,RkVMSVgg44OV44Kj44Oq44OD44Kv44K5IOOCouOCpOODreODs+ODkeODg+ODge+8iEcgLSDjg6zjgqTjg7Pjg5zjg7zvvIk=[rn]
7-31615,aHR0cDovL3RzaG9wLnIxMHMuanAvY2xvdXIvY2FiaW5ldC9mdWt1c3lva3UvaW1nNTYwMzI0MjAuanBnP2ZpdGluPTcwMDo3MDA=,Mzg0LjAwMDA=,,44OQ44OD44Kw44O75bCP54mp44O744OW44Op44Oz44OJ6ZuR6LKoID4g44Gd44Gu5LuW,RkVMSVgg44OV44Kj44Oq44OD44Kv44K5IOOCouOCpOODreODs+ODkeODg+ODge+8iEYgLSDjgrLjg4Pjg4jjg6rjgqLjg6vvvIk=,,PHA+CuODleOCo+ODquODg+OCr+OCueOBruOCouOCpOODreODs+ODkeODg+ODgeOBp+OBmeOAgjxicj4K44GX44Gj44GL44KK44Go44GX44Gf5Yi657mN44Go44OH44K244Kk44Oz44Gv4peO44Gn44GZ77yB77yBPGJyPgrjg6/jg7zjgq/jgqbjgqjjgqLjgoTjg5Djg4PjgrDjgIHjgq3jg6Pjg4Pjg5fjgarjganjgYrlpb3jgb/jgafjgqvjgrnjgr/jg6DjgZfjgaHjgoPjgaPjgabkuIvjgZXjgYTimao8YnI+CuOCouOCpOODreODs+Wcp+edgOOCv+OCpOODl+OBp+OBmeOBruOBp+OAgeewoeWNmOOBq+iyvOS7mOOBkeOCi+OBk+OBqOOBjOOBp+OBjeOBvuOBmeOAgjxicj4K44GX44Gj44GL44KK44Go5Y+W44KM44Gq44GE5qeY44Gr44GZ44KL44Gr44Gv5Zue44KK44KS44GV44KJ44Gr57ir44Gj44Gh44KD44GG44Go4peO44Gn44GZ44CCPGJyPgo8YnI+CuOCteOCpOOCuu+8mue4piA0IMOXIOaoqiA4IChjbSk8YnI+CuOBneOBruS7lu+8muODqeOCpOOCu+ODs+OCueWVhuWTgQo8L3A+PHN0eWxlIHR5cGU9InRleHQvY3NzIj4KPCEtLQoKZGl2I0hlYWRlcktleXdvcmQgewoJcG9zaXRpb246YWJzb2x1dGU7Cgl0b3A6ODBweDsvKuS4gOeVquS4iuOBi+OCieOBruS9jee9riovCglsZWZ0OjMwcHg7Lyrlt6bnq6/jgYvjgonjga7kvY3nva4qLwp9CgpkaXYjSGVhZGVyS2V5d29yZCBzcGFuIHsKCWJhY2tncm91bmQ6ICNiZjAwMDA7Cgljb2xvcjojZmZmOwoJZm9udC13ZWlnaHQ6Ym9sZDsKCXBhZGRpbmc6MnB4IDVweDsKfQoKZGl2I0hlYWRlcktleXdvcmQgYSB7Cgljb2xvcjojMDA0NENDOwp9CgotLT4KPC9zdHlsZT4KCjxkaXYgaWQ9IkhlYWRlcktleXdvcmQiPgo8c3Bhbj7ms6jnm67jga7jgq3jg7zjg6/jg7zjg4k8L3NwYW4+CuOBk+OCjOOBqOS4gOe3kuOBoOOBqOmAgeaWmeOCv+ODgO+8ge+8oOmAgeaWmeeEoeaWmeWVhuWTgQrjgIDku4rjgYzjgYrlvpfjga7jgrvjg7zjg6vkuK3jgqLjgqTjg4bjg6AK44CA44OX44Os44K844Oz44OI44Gr5Lq65rCX44Gu44Ks44Og44Oc44O844Or44Oe44K344O844OzCjwvZGl2PgoKCjx0YWJsZSB3aWR0aD0iNzcwIiBib3JkZXI9IjAiIGNlbGxzcGFjaW5nPSIwIiBjZWxscGFkZGluZz0iMCI+CiAgPHRyPgogICAgPHRkIHdpZHRoPSIxMCI+Jm5ic3A7PC90ZD4KICAgIDx0ZCB3aWR0aD0iNzYwIj48dGFibGUgd2lkdGg9Ijc2MCIgYm9yZGVyPSIwIiBhbGlnbj0iY2VudGVyIiBjZWxscGFkZGluZz0iMSIgY2VsbHNwYWNpbmc9IjEiIGJnY29sb3I9IiNDQzAwMDAiPgogICAgICA8dHI+CiAgICAgICAgPHRkIGhlaWdodD0iMzAiPjxkaXYgYWxpZ249ImNlbnRlciI+PGZvbnQgY29sb3I9IiNGRkZGRkYiIHNpemU9IisxIj48Yj7ilrzjgIDjgYLjgorjgYzjgajjgYbjgZTjgZbjgYTjgb7jgZnvvIHjgIDjgZ/jgY/jgZXjgpPjga7nmobmp5jjgYvjgonjgrPjg6Hjg7Pjg4jpoILjgYTjgabjgYTjgb7jgZnjgILjgIDilrw8L2I+PC9mb250PjwvZGl2PjwvdGQ+CiAgICAgIDwvdHI+CiAgICAgIDx0cj4KICAgICAgICA8dGQgYmdjb2xvcj0iI0ZGRkZGRiI+PGRpdiBzdHlsZT0id2lkdGg6NzAwcHg7IGhlaWdodDozNjBweDsgb3ZlcmZsb3c6aGlkZGVuO21hcmdpbjogMCBhdXRvOyI+CiAgICAgICAgICAgIAogICAgICAgIDwvZGl2PjwvdGQ+CiAgICAgIDwvdHI+CiAgICA8L3RhYmxlPjwvdGQ+CiAgPC90cj4KPC90YWJsZT4=,RkVMSVgg44OV44Kj44Oq44OD44Kv44K5IOOCouOCpOODreODs+ODkeODg+ODge+8iEYgLSDjgrLjg4Pjg4jjg6rjgqLjg6vvvInvvJrjgqLjg6Hjg6rjgqvjg7Ppm5HosqjvvKPvvK/vvKzvvK/vvLXvvLI=,44Ki44Oh44Oq44Kr44Oz6ZuR6LKo44Ki44Oh44Oq44Kr6ZuR6LKo6Ly45YWl6ZuR6LKoIOi8uOWFpea0l+WJpCDjgr/jgqTjg4kgVGlkZSDjgrLjgqTjg7MgR2FpbuODj+ODvOODrOODvOODgOODk+ODg+ODieOCveODsyBIYXJsZXktRGF2aWRzb27jg43jgqrjg7PjgrXjgqTjg7Mg44Ki44Oh44Oq44Kr44Gu54Wn5piOIOOCpOODs+ODhuODquOCoueFp+aYjuOCouODoeODquOCq+ebtOi8uOWFpeOBruaXpeeUqOWTgembkeiyqCDjgq3jg4Pjg4Hjg7PnlKjlk4HjgqLjg6Hjg6rjgqvoo73lrZDkvpvnlKjjg6rjg6Xjg4Pjgq/jgrXjg4Pjgq8g44OQ44OD44Kv44OR44OD44KvIOW5vOeomuWckuODkOODg+OCsOOCouODoeODquOCq+ijveODgOOCpOOCreODo+OCueODiOODn+ODi+OCq+ODvCBKQURB5Lq65rCX44Gu44Ks44Og44Oc44O844Or44Oe44K344O844OzIOODleOCqeODvOODieekvuijvSDjgqvjg6vjg7zjgrvjg6sg44Kt44Oj44Ot44O844K744Or44K544OG44Oz44K344Or44OX44Os44O844OIIOecn+mNruijvSDjg4/jg7Pjgr3jg7MgSGFuc29u5omA44K444On44O844K4IOS4lueUsOiwt+ODmeODvOOCuSBVU+OCqOOCouODleOCqeODvOOCuSDjgqLjg7zjg5/jg7zjg4/jg6/jgqTpm5Hosqgg44OP44Ov44Kk44Ki44Oz6ZuR6LKoIOODj+ODr+OCpOOBruOCpOODs+ODhuODquOCouOCsOODg+OCuuODgOODq+ODiOODsyBEVUxUT04g44Oe44O844Kt44Ol44Oq44O8IE1lcmN1cnnjg6njgrjjgqrjg5Xjg6njgqTjg6Tjg7wgUmFkaW8gRmx5ZXIg6LWk44GE44Ov44K044Oz44OP44Ov44Kk44Ki44Oz44Od44K544K/44O8IOODtOOCo+ODs+ODhuODvOOCuCDjg6Hjgr/jg6vjgrXjgqTjg7Pjg7TjgqPjg7Pjg4bjg7zjgrjjgqLjg6Hjg6rjgqvjg7Mg44OO44K544K/44Or44K444OD44KvIOODq+ODvOODiO+8lu+8liBSb3V0ZTY244Ks44Og44Oc44O844Or44Oe44K344O844Oz55So44Gu6Kmw5pu/44GI44Ks44OgIOOCrOODoOODquODleOCo+ODqyDml6XmnKzoo73jgqzjg6Djg5fjg6zjgrzjg7Pjg4gg44Ku44OV44OIIOmAmuS/oeiyqeWjsiDpgJrosqkg6aaZ5bed55yMIOWbm+WbvSDplqLopb8g6YCB5paZ54Sh5paZ6Ly45YWl6aOf5p2QIOOCouODoeODquOCq+OBruOCuOODpeODvOOCuSDjg6Ljg7Pjgrnjgr/jg7zjgqjjg4rjgrjjg7wg44K544OR44Og44Op44Oz44OB44On44Oz44Of44O844OI6Ly45YWl5a625YW3IOOCs+OCq+OCs+ODvOODqSBDb2NhLUNvbGHjgIDjgrPjg7zjg6njga7jgqTjgrkg44Kz44O844Op44Gu44OG44O844OW44OrRkVMSVgg44OV44Kj44Oq44OD44Kv44K5IOOCouOCpOODreODs+ODkeODg+ODge+8iEYgLSDjgrLjg4Pjg4jjg6rjgqLjg6vvvIk=,RkVMSVgg44OV44Kj44Oq44OD44Kv44K5IOOCouOCpOODreODs+ODkeODg+ODge+8iEYgLSDjgrLjg4Pjg4jjg6rjgqLjg6vvvIk=[rn]
7-31616,aHR0cDovL3RzaG9wLnIxMHMuanAvY2xvdXIvY2FiaW5ldC9mdWt1c3lva3UvaW1nNTYwMzI0MDMuanBnP2ZpdGluPTcwMDo3MDA=,Mzg0LjAwMDA=,,44OQ44OD44Kw44O75bCP54mp44O744OW44Op44Oz44OJ6ZuR6LKoID4g44Gd44Gu5LuW,44CQRkVMSVjjgJHjg5XjgqPjg6rjg4Pjgq/jgrnjg7vjgqLjgqTjg63jg7Pjg5Hjg4Pjg4HvvIhJIC0g44Km44Kp44O844Kv77yJ,,PHA+CuODleOCo+ODquODg+OCr+OCueOBruOCouOCpOODreODs+ODkeODg+ODgeOBp+OBmeOAgjxicj4K44GX44Gj44GL44KK44Go44GX44Gf5Yi657mN44Go44OH44K244Kk44Oz44Gv4peO44Gn44GZ77yB77yBPGJyPgrjg6/jg7zjgq/jgqbjgqjjgqLjgoTjg5Djg4PjgrDjgIHjgq3jg6Pjg4Pjg5fjgarjganjgYrlpb3jgb/jgafjgqvjgrnjgr/jg6DjgZfjgaHjgoPjgaPjgabkuIvjgZXjgYTimao8YnI+CuOCouOCpOODreODs+Wcp+edgOOCv+OCpOODl+OBp+OBmeOBruOBp+OAgeewoeWNmOOBq+iyvOS7mOOBkeOCi+OBk+OBqOOBjOOBp+OBjeOBvuOBmeOAgjxicj4K44GX44Gj44GL44KK44Go5Y+W44KM44Gq44GE5qeY44Gr44GZ44KL44Gr44Gv5Zue44KK44KS44GV44KJ44Gr57ir44Gj44Gh44KD44GG44Go4peO44Gn44GZ44CCPGJyPgo8YnI+CuOCteOCpOOCuu+8mue4piA1LjUgw5cg5qiqIDguNSAoY20pPGJyPgrjgZ3jga7ku5bvvJrjg6njgqTjgrvjg7PjgrnllYblk4EKPC9wPjxzdHlsZSB0eXBlPSJ0ZXh0L2NzcyI+CjwhLS0KCmRpdiNIZWFkZXJLZXl3b3JkIHsKCXBvc2l0aW9uOmFic29sdXRlOwoJdG9wOjgwcHg7LyrkuIDnlarkuIrjgYvjgonjga7kvY3nva4qLwoJbGVmdDozMHB4Oy8q5bem56uv44GL44KJ44Gu5L2N572uKi8KfQoKZGl2I0hlYWRlcktleXdvcmQgc3BhbiB7CgliYWNrZ3JvdW5kOiAjYmYwMDAwOwoJY29sb3I6I2ZmZjsKCWZvbnQtd2VpZ2h0OmJvbGQ7CglwYWRkaW5nOjJweCA1cHg7Cn0KCmRpdiNIZWFkZXJLZXl3b3JkIGEgewoJY29sb3I6IzAwNDRDQzsKfQoKLS0+Cjwvc3R5bGU+Cgo8ZGl2IGlkPSJIZWFkZXJLZXl3b3JkIj4KPHNwYW4+5rOo55uu44Gu44Kt44O844Ov44O844OJPC9zcGFuPgrjgZPjgozjgajkuIDnt5LjgaDjgajpgIHmlpnjgr/jg4DvvIHvvKDpgIHmlpnnhKHmlpnllYblk4EK44CA5LuK44GM44GK5b6X44Gu44K744O844Or5Lit44Ki44Kk44OG44OgCuOAgOODl+ODrOOCvOODs+ODiOOBq+S6uuawl+OBruOCrOODoOODnOODvOODq+ODnuOCt+ODvOODswo8L2Rpdj4KCgo8dGFibGUgd2lkdGg9Ijc3MCIgYm9yZGVyPSIwIiBjZWxsc3BhY2luZz0iMCIgY2VsbHBhZGRpbmc9IjAiPgogIDx0cj4KICAgIDx0ZCB3aWR0aD0iMTAiPiZuYnNwOzwvdGQ+CiAgICA8dGQgd2lkdGg9Ijc2MCI+PHRhYmxlIHdpZHRoPSI3NjAiIGJvcmRlcj0iMCIgYWxpZ249ImNlbnRlciIgY2VsbHBhZGRpbmc9IjEiIGNlbGxzcGFjaW5nPSIxIiBiZ2NvbG9yPSIjQ0MwMDAwIj4KICAgICAgPHRyPgogICAgICAgIDx0ZCBoZWlnaHQ9IjMwIj48ZGl2IGFsaWduPSJjZW50ZXIiPjxmb250IGNvbG9yPSIjRkZGRkZGIiBzaXplPSIrMSI+PGI+4pa844CA44GC44KK44GM44Go44GG44GU44GW44GE44G+44GZ77yB44CA44Gf44GP44GV44KT44Gu55qG5qeY44GL44KJ44Kz44Oh44Oz44OI6aCC44GE44Gm44GE44G+44GZ44CC44CA4pa8PC9iPjwvZm9udD48L2Rpdj48L3RkPgogICAgICA8L3RyPgogICAgICA8dHI+CiAgICAgICAgPHRkIGJnY29sb3I9IiNGRkZGRkYiPjxkaXYgc3R5bGU9IndpZHRoOjcwMHB4OyBoZWlnaHQ6MzYwcHg7IG92ZXJmbG93OmhpZGRlbjttYXJnaW46IDAgYXV0bzsiPgogICAgICAgICAgICAKICAgICAgICA8L2Rpdj48L3RkPgogICAgICA8L3RyPgogICAgPC90YWJsZT48L3RkPgogIDwvdHI+CjwvdGFibGU+,44CQRkVMSVjjgJHjg5XjgqPjg6rjg4Pjgq/jgrnjg7vjgqLjgqTjg63jg7Pjg5Hjg4Pjg4HvvIhJIC0g44Km44Kp44O844Kv77yJ77ya44Ki44Oh44Oq44Kr44Oz6ZuR6LKo77yj77yv77ys77yv77y177yy,44Ki44Oh44Oq44Kr44Oz6ZuR6LKo44Ki44Oh44Oq44Kr6ZuR6LKo6Ly45YWl6ZuR6LKoIOi8uOWFpea0l+WJpCDjgr/jgqTjg4kgVGlkZSDjgrLjgqTjg7MgR2FpbuODj+ODvOODrOODvOODgOODk+ODg+ODieOCveODsyBIYXJsZXktRGF2aWRzb27jg43jgqrjg7PjgrXjgqTjg7Mg44Ki44Oh44Oq44Kr44Gu54Wn5piOIOOCpOODs+ODhuODquOCoueFp+aYjuOCouODoeODquOCq+ebtOi8uOWFpeOBruaXpeeUqOWTgembkeiyqCDjgq3jg4Pjg4Hjg7PnlKjlk4HjgqLjg6Hjg6rjgqvoo73lrZDkvpvnlKjjg6rjg6Xjg4Pjgq/jgrXjg4Pjgq8g44OQ44OD44Kv44OR44OD44KvIOW5vOeomuWckuODkOODg+OCsOOCouODoeODquOCq+ijveODgOOCpOOCreODo+OCueODiOODn+ODi+OCq+ODvCBKQURB5Lq65rCX44Gu44Ks44Og44Oc44O844Or44Oe44K344O844OzIOODleOCqeODvOODieekvuijvSDjgqvjg6vjg7zjgrvjg6sg44Kt44Oj44Ot44O844K744Or44K544OG44Oz44K344Or44OX44Os44O844OIIOecn+mNruijvSDjg4/jg7Pjgr3jg7MgSGFuc29u5omA44K444On44O844K4IOS4lueUsOiwt+ODmeODvOOCuSBVU+OCqOOCouODleOCqeODvOOCuSDjgqLjg7zjg5/jg7zjg4/jg6/jgqTpm5Hosqgg44OP44Ov44Kk44Ki44Oz6ZuR6LKoIOODj+ODr+OCpOOBruOCpOODs+ODhuODquOCouOCsOODg+OCuuODgOODq+ODiOODsyBEVUxUT04g44Oe44O844Kt44Ol44Oq44O8IE1lcmN1cnnjg6njgrjjgqrjg5Xjg6njgqTjg6Tjg7wgUmFkaW8gRmx5ZXIg6LWk44GE44Ov44K044Oz44OP44Ov44Kk44Ki44Oz44Od44K544K/44O8IOODtOOCo+ODs+ODhuODvOOCuCDjg6Hjgr/jg6vjgrXjgqTjg7Pjg7TjgqPjg7Pjg4bjg7zjgrjjgqLjg6Hjg6rjgqvjg7Mg44OO44K544K/44Or44K444OD44KvIOODq+ODvOODiO+8lu+8liBSb3V0ZTY244Ks44Og44Oc44O844Or44Oe44K344O844Oz55So44Gu6Kmw5pu/44GI44Ks44OgIOOCrOODoOODquODleOCo+ODqyDml6XmnKzoo73jgqzjg6Djg5fjg6zjgrzjg7Pjg4gg44Ku44OV44OIIOmAmuS/oeiyqeWjsiDpgJrosqkg6aaZ5bed55yMIOWbm+WbvSDplqLopb8g6YCB5paZ54Sh5paZ6Ly45YWl6aOf5p2QIOOCouODoeODquOCq+OBruOCuOODpeODvOOCuSDjg6Ljg7Pjgrnjgr/jg7zjgqjjg4rjgrjjg7wg44K544OR44Og44Op44Oz44OB44On44Oz44Of44O844OI6Ly45YWl5a625YW3IOOCs+OCq+OCs+ODvOODqSBDb2NhLUNvbGHjgIDjgrPjg7zjg6njga7jgqTjgrkg44Kz44O844Op44Gu44OG44O844OW44Or44CQRkVMSVjjgJHjg5XjgqPjg6rjg4Pjgq/jgrnjg7vjgqLjgqTjg63jg7Pjg5Hjg4Pjg4HvvIhJIC0g44Km44Kp44O844Kv77yJ,44CQRkVMSVjjgJHjg5XjgqPjg6rjg4Pjgq/jgrnjg7vjgqLjgqTjg63jg7Pjg5Hjg4Pjg4HvvIhJIC0g44Km44Kp44O844Kv77yJ[rn]
7-31617,aHR0cDovL3RzaG9wLnIxMHMuanAvY2xvdXIvY2FiaW5ldC9mdWt1c3lva3UvaW1nNTYwMzI0MTMuanBnP2ZpdGluPTcwMDo3MDA=,Mzg0LjAwMDA=,,44OQ44OD44Kw44O75bCP54mp44O744OW44Op44Oz44OJ6ZuR6LKoID4g44Gd44Gu5LuW,RkVMSVgg44OV44Kj44Oq44OD44Kv44K5IOOCouOCpOODreODs+ODkeODg+ODge+8iEIgLSDjg4/jg7zjg4jvvIk=,,PHA+CuODleOCo+ODquODg+OCr+OCueOBruOCouOCpOODreODs+ODkeODg+ODgeOBp+OBmeOAgjxicj4K44GX44Gj44GL44KK44Go44GX44Gf5Yi657mN44Go44OH44K244Kk44Oz44Gv4peO44Gn44GZ77yB77yBPGJyPgrjg6/jg7zjgq/jgqbjgqjjgqLjgoTjg5Djg4PjgrDjgIHjgq3jg6Pjg4Pjg5fjgarjganjgYrlpb3jgb/jgafjgqvjgrnjgr/jg6DjgZfjgaHjgoPjgaPjgabkuIvjgZXjgYTimao8YnI+CuOCouOCpOODreODs+Wcp+edgOOCv+OCpOODl+OBp+OBmeOBruOBp+OAgeewoeWNmOOBq+iyvOS7mOOBkeOCi+OBk+OBqOOBjOOBp+OBjeOBvuOBmeOAgjxicj4K44GX44Gj44GL44KK44Go5Y+W44KM44Gq44GE5qeY44Gr44GZ44KL44Gr44Gv5Zue44KK44KS44GV44KJ44Gr57ir44Gj44Gh44KD44GG44Go4peO44Gn44GZ44CCPGJyPgo8YnI+CuOCteOCpOOCuu+8mue4piA4IMOXIOaoqiA5IChjbSk8YnI+CuOBneOBruS7lu+8muODqeOCpOOCu+ODs+OCueWVhuWTgQo8L3A+PHN0eWxlIHR5cGU9InRleHQvY3NzIj4KPCEtLQoKZGl2I0hlYWRlcktleXdvcmQgewoJcG9zaXRpb246YWJzb2x1dGU7Cgl0b3A6ODBweDsvKuS4gOeVquS4iuOBi+OCieOBruS9jee9riovCglsZWZ0OjMwcHg7Lyrlt6bnq6/jgYvjgonjga7kvY3nva4qLwp9CgpkaXYjSGVhZGVyS2V5d29yZCBzcGFuIHsKCWJhY2tncm91bmQ6ICNiZjAwMDA7Cgljb2xvcjojZmZmOwoJZm9udC13ZWlnaHQ6Ym9sZDsKCXBhZGRpbmc6MnB4IDVweDsKfQoKZGl2I0hlYWRlcktleXdvcmQgYSB7Cgljb2xvcjojMDA0NENDOwp9CgotLT4KPC9zdHlsZT4KCjxkaXYgaWQ9IkhlYWRlcktleXdvcmQiPgo8c3Bhbj7ms6jnm67jga7jgq3jg7zjg6/jg7zjg4k8L3NwYW4+CuOBk+OCjOOBqOS4gOe3kuOBoOOBqOmAgeaWmeOCv+ODgO+8ge+8oOmAgeaWmeeEoeaWmeWVhuWTgQrjgIDku4rjgYzjgYrlvpfjga7jgrvjg7zjg6vkuK3jgqLjgqTjg4bjg6AK44CA44OX44Os44K844Oz44OI44Gr5Lq65rCX44Gu44Ks44Og44Oc44O844Or44Oe44K344O844OzCjwvZGl2PgoKCjx0YWJsZSB3aWR0aD0iNzcwIiBib3JkZXI9IjAiIGNlbGxzcGFjaW5nPSIwIiBjZWxscGFkZGluZz0iMCI+CiAgPHRyPgogICAgPHRkIHdpZHRoPSIxMCI+Jm5ic3A7PC90ZD4KICAgIDx0ZCB3aWR0aD0iNzYwIj48dGFibGUgd2lkdGg9Ijc2MCIgYm9yZGVyPSIwIiBhbGlnbj0iY2VudGVyIiBjZWxscGFkZGluZz0iMSIgY2VsbHNwYWNpbmc9IjEiIGJnY29sb3I9IiNDQzAwMDAiPgogICAgICA8dHI+CiAgICAgICAgPHRkIGhlaWdodD0iMzAiPjxkaXYgYWxpZ249ImNlbnRlciI+PGZvbnQgY29sb3I9IiNGRkZGRkYiIHNpemU9IisxIj48Yj7ilrzjgIDjgYLjgorjgYzjgajjgYbjgZTjgZbjgYTjgb7jgZnvvIHjgIDjgZ/jgY/jgZXjgpPjga7nmobmp5jjgYvjgonjgrPjg6Hjg7Pjg4jpoILjgYTjgabjgYTjgb7jgZnjgILjgIDilrw8L2I+PC9mb250PjwvZGl2PjwvdGQ+CiAgICAgIDwvdHI+CiAgICAgIDx0cj4KICAgICAgICA8dGQgYmdjb2xvcj0iI0ZGRkZGRiI+PGRpdiBzdHlsZT0id2lkdGg6NzAwcHg7IGhlaWdodDozNjBweDsgb3ZlcmZsb3c6aGlkZGVuO21hcmdpbjogMCBhdXRvOyI+CiAgICAgICAgICAgIAogICAgICAgIDwvZGl2PjwvdGQ+CiAgICAgIDwvdHI+CiAgICA8L3RhYmxlPjwvdGQ+CiAgPC90cj4KPC90YWJsZT4=,RkVMSVgg44OV44Kj44Oq44OD44Kv44K5IOOCouOCpOODreODs+ODkeODg+ODge+8iEIgLSDjg4/jg7zjg4jvvInvvJrjgqLjg6Hjg6rjgqvjg7Ppm5HosqjvvKPvvK/vvKzvvK/vvLXvvLI=,44Ki44Oh44Oq44Kr44Oz6ZuR6LKo44Ki44Oh44Oq44Kr6ZuR6LKo6Ly45YWl6ZuR6LKoIOi8uOWFpea0l+WJpCDjgr/jgqTjg4kgVGlkZSDjgrLjgqTjg7MgR2FpbuODj+ODvOODrOODvOODgOODk+ODg+ODieOCveODsyBIYXJsZXktRGF2aWRzb27jg43jgqrjg7PjgrXjgqTjg7Mg44Ki44Oh44Oq44Kr44Gu54Wn5piOIOOCpOODs+ODhuODquOCoueFp+aYjuOCouODoeODquOCq+ebtOi8uOWFpeOBruaXpeeUqOWTgembkeiyqCDjgq3jg4Pjg4Hjg7PnlKjlk4HjgqLjg6Hjg6rjgqvoo73lrZDkvpvnlKjjg6rjg6Xjg4Pjgq/jgrXjg4Pjgq8g44OQ44OD44Kv44OR44OD44KvIOW5vOeomuWckuODkOODg+OCsOOCouODoeODquOCq+ijveODgOOCpOOCreODo+OCueODiOODn+ODi+OCq+ODvCBKQURB5Lq65rCX44Gu44Ks44Og44Oc44O844Or44Oe44K344O844OzIOODleOCqeODvOODieekvuijvSDjgqvjg6vjg7zjgrvjg6sg44Kt44Oj44Ot44O844K744Or44K544OG44Oz44K344Or44OX44Os44O844OIIOecn+mNruijvSDjg4/jg7Pjgr3jg7MgSGFuc29u5omA44K444On44O844K4IOS4lueUsOiwt+ODmeODvOOCuSBVU+OCqOOCouODleOCqeODvOOCuSDjgqLjg7zjg5/jg7zjg4/jg6/jgqTpm5Hosqgg44OP44Ov44Kk44Ki44Oz6ZuR6LKoIOODj+ODr+OCpOOBruOCpOODs+ODhuODquOCouOCsOODg+OCuuODgOODq+ODiOODsyBEVUxUT04g44Oe44O844Kt44Ol44Oq44O8IE1lcmN1cnnjg6njgrjjgqrjg5Xjg6njgqTjg6Tjg7wgUmFkaW8gRmx5ZXIg6LWk44GE44Ov44K044Oz44OP44Ov44Kk44Ki44Oz44Od44K544K/44O8IOODtOOCo+ODs+ODhuODvOOCuCDjg6Hjgr/jg6vjgrXjgqTjg7Pjg7TjgqPjg7Pjg4bjg7zjgrjjgqLjg6Hjg6rjgqvjg7Mg44OO44K544K/44Or44K444OD44KvIOODq+ODvOODiO+8lu+8liBSb3V0ZTY244Ks44Og44Oc44O844Or44Oe44K344O844Oz55So44Gu6Kmw5pu/44GI44Ks44OgIOOCrOODoOODquODleOCo+ODqyDml6XmnKzoo73jgqzjg6Djg5fjg6zjgrzjg7Pjg4gg44Ku44OV44OIIOmAmuS/oeiyqeWjsiDpgJrosqkg6aaZ5bed55yMIOWbm+WbvSDplqLopb8g6YCB5paZ54Sh5paZ6Ly45YWl6aOf5p2QIOOCouODoeODquOCq+OBruOCuOODpeODvOOCuSDjg6Ljg7Pjgrnjgr/jg7zjgqjjg4rjgrjjg7wg44K544OR44Og44Op44Oz44OB44On44Oz44Of44O844OI6Ly45YWl5a625YW3IOOCs+OCq+OCs+ODvOODqSBDb2NhLUNvbGHjgIDjgrPjg7zjg6njga7jgqTjgrkg44Kz44O844Op44Gu44OG44O844OW44OrRkVMSVgg44OV44Kj44Oq44OD44Kv44K5IOOCouOCpOODreODs+ODkeODg+ODge+8iEIgLSDjg4/jg7zjg4jvvIk=,RkVMSVgg44OV44Kj44Oq44OD44Kv44K5IOOCouOCpOODreODs+ODkeODg+ODge+8iEIgLSDjg4/jg7zjg4jvvIk=[rn]
7-31618,aHR0cDovL3RzaG9wLnIxMHMuanAvY2xvdXIvY2FiaW5ldC9mdWt1c3lva3UvaW1nNTYwMzI0MTQuanBnP2ZpdGluPTcwMDo3MDA=,Mzg0LjAwMDA=,,44OQ44OD44Kw44O75bCP54mp44O744OW44Op44Oz44OJ6ZuR6LKoID4g44Gd44Gu5LuW,44CQRkVMSVjjgJHjg5XjgqPjg6rjg4Pjgq/jgrnjg7vjgqLjgqTjg63jg7Pjg5Hjg4Pjg4HvvIhDIC0g44K144Kk44Oz77yJ44CA44CA44CQ44K544O844OR44O8REVBTOWvvuixoeOAkQ==,,PHA+CuODleOCo+ODquODg+OCr+OCueOBruOCouOCpOODreODs+ODkeODg+ODgeOBp+OBmeOAgjxicj4K44GX44Gj44GL44KK44Go44GX44Gf5Yi657mN44Go44OH44K244Kk44Oz44Gv4peO44Gn44GZ77yB77yBPGJyPgrjg6/jg7zjgq/jgqbjgqjjgqLjgoTjg5Djg4PjgrDjgIHjgq3jg6Pjg4Pjg5fjgarjganjgYrlpb3jgb/jgafjgqvjgrnjgr/jg6DjgZfjgaHjgoPjgaPjgabkuIvjgZXjgYTimao8YnI+CuOCouOCpOODreODs+Wcp+edgOOCv+OCpOODl+OBp+OBmeOBruOBp+OAgeewoeWNmOOBq+iyvOS7mOOBkeOCi+OBk+OBqOOBjOOBp+OBjeOBvuOBmeOAgjxicj4K44GX44Gj44GL44KK44Go5Y+W44KM44Gq44GE5qeY44Gr44GZ44KL44Gr44Gv5Zue44KK44KS44GV44KJ44Gr57ir44Gj44Gh44KD44GG44Go4peO44Gn44GZ44CCPGJyPgo8YnI+CuOCteOCpOOCuu+8mue4piA4IMOXIOaoqiA4IChjbSk8YnI+CuOBneOBruS7lu+8muODqeOCpOOCu+ODs+OCueWVhuWTgQo8L3A+PHN0eWxlIHR5cGU9InRleHQvY3NzIj4KPCEtLQoKZGl2I0hlYWRlcktleXdvcmQgewoJcG9zaXRpb246YWJzb2x1dGU7Cgl0b3A6ODBweDsvKuS4gOeVquS4iuOBi+OCieOBruS9jee9riovCglsZWZ0OjMwcHg7Lyrlt6bnq6/jgYvjgonjga7kvY3nva4qLwp9CgpkaXYjSGVhZGVyS2V5d29yZCBzcGFuIHsKCWJhY2tncm91bmQ6ICNiZjAwMDA7Cgljb2xvcjojZmZmOwoJZm9udC13ZWlnaHQ6Ym9sZDsKCXBhZGRpbmc6MnB4IDVweDsKfQoKZGl2I0hlYWRlcktleXdvcmQgYSB7Cgljb2xvcjojMDA0NENDOwp9CgotLT4KPC9zdHlsZT4KCjxkaXYgaWQ9IkhlYWRlcktleXdvcmQiPgo8c3Bhbj7ms6jnm67jga7jgq3jg7zjg6/jg7zjg4k8L3NwYW4+CuOBk+OCjOOBqOS4gOe3kuOBoOOBqOmAgeaWmeOCv+ODgO+8ge+8oOmAgeaWmeeEoeaWmeWVhuWTgQrjgIDku4rjgYzjgYrlvpfjga7jgrvjg7zjg6vkuK3jgqLjgqTjg4bjg6AK44CA44OX44Os44K844Oz44OI44Gr5Lq65rCX44Gu44Ks44Og44Oc44O844Or44Oe44K344O844OzCjwvZGl2PgoKCjx0YWJsZSB3aWR0aD0iNzcwIiBib3JkZXI9IjAiIGNlbGxzcGFjaW5nPSIwIiBjZWxscGFkZGluZz0iMCI+CiAgPHRyPgogICAgPHRkIHdpZHRoPSIxMCI+Jm5ic3A7PC90ZD4KICAgIDx0ZCB3aWR0aD0iNzYwIj48dGFibGUgd2lkdGg9Ijc2MCIgYm9yZGVyPSIwIiBhbGlnbj0iY2VudGVyIiBjZWxscGFkZGluZz0iMSIgY2VsbHNwYWNpbmc9IjEiIGJnY29sb3I9IiNDQzAwMDAiPgogICAgICA8dHI+CiAgICAgICAgPHRkIGhlaWdodD0iMzAiPjxkaXYgYWxpZ249ImNlbnRlciI+PGZvbnQgY29sb3I9IiNGRkZGRkYiIHNpemU9IisxIj48Yj7ilrzjgIDjgYLjgorjgYzjgajjgYbjgZTjgZbjgYTjgb7jgZnvvIHjgIDjgZ/jgY/jgZXjgpPjga7nmobmp5jjgYvjgonjgrPjg6Hjg7Pjg4jpoILjgYTjgabjgYTjgb7jgZnjgILjgIDilrw8L2I+PC9mb250PjwvZGl2PjwvdGQ+CiAgICAgIDwvdHI+CiAgICAgIDx0cj4KICAgICAgICA8dGQgYmdjb2xvcj0iI0ZGRkZGRiI+PGRpdiBzdHlsZT0id2lkdGg6NzAwcHg7IGhlaWdodDozNjBweDsgb3ZlcmZsb3c6aGlkZGVuO21hcmdpbjogMCBhdXRvOyI+CiAgICAgICAgICAgIAogICAgICAgIDwvZGl2PjwvdGQ+CiAgICAgIDwvdHI+CiAgICA8L3RhYmxlPjwvdGQ+CiAgPC90cj4KPC90YWJsZT4=,44CQRkVMSVjjgJHjg5XjgqPjg6rjg4Pjgq/jgrnjg7vjgqLjgqTjg63jg7Pjg5Hjg4Pjg4HvvIhDIC0g44K144Kk44Oz77yJ44CA44CA44CQ44K544O844OR44O8REVBTOWvvuixoeOAke+8muOCouODoeODquOCq+ODs+mbkeiyqO+8o++8r++8rO+8r++8te+8sg==,44Ki44Oh44Oq44Kr44Oz6ZuR6LKo44Ki44Oh44Oq44Kr6ZuR6LKo6Ly45YWl6ZuR6LKoIOi8uOWFpea0l+WJpCDjgr/jgqTjg4kgVGlkZSDjgrLjgqTjg7MgR2FpbuODj+ODvOODrOODvOODgOODk+ODg+ODieOCveODsyBIYXJsZXktRGF2aWRzb27jg43jgqrjg7PjgrXjgqTjg7Mg44Ki44Oh44Oq44Kr44Gu54Wn5piOIOOCpOODs+ODhuODquOCoueFp+aYjuOCouODoeODquOCq+ebtOi8uOWFpeOBruaXpeeUqOWTgembkeiyqCDjgq3jg4Pjg4Hjg7PnlKjlk4HjgqLjg6Hjg6rjgqvoo73lrZDkvpvnlKjjg6rjg6Xjg4Pjgq/jgrXjg4Pjgq8g44OQ44OD44Kv44OR44OD44KvIOW5vOeomuWckuODkOODg+OCsOOCouODoeODquOCq+ijveODgOOCpOOCreODo+OCueODiOODn+ODi+OCq+ODvCBKQURB5Lq65rCX44Gu44Ks44Og44Oc44O844Or44Oe44K344O844OzIOODleOCqeODvOODieekvuijvSDjgqvjg6vjg7zjgrvjg6sg44Kt44Oj44Ot44O844K744Or44K544OG44Oz44K344Or44OX44Os44O844OIIOecn+mNruijvSDjg4/jg7Pjgr3jg7MgSGFuc29u5omA44K444On44O844K4IOS4lueUsOiwt+ODmeODvOOCuSBVU+OCqOOCouODleOCqeODvOOCuSDjgqLjg7zjg5/jg7zjg4/jg6/jgqTpm5Hosqgg44OP44Ov44Kk44Ki44Oz6ZuR6LKoIOODj+ODr+OCpOOBruOCpOODs+ODhuODquOCouOCsOODg+OCuuODgOODq+ODiOODsyBEVUxUT04g44Oe44O844Kt44Ol44Oq44O8IE1lcmN1cnnjg6njgrjjgqrjg5Xjg6njgqTjg6Tjg7wgUmFkaW8gRmx5ZXIg6LWk44GE44Ov44K044Oz44OP44Ov44Kk44Ki44Oz44Od44K544K/44O8IOODtOOCo+ODs+ODhuODvOOCuCDjg6Hjgr/jg6vjgrXjgqTjg7Pjg7TjgqPjg7Pjg4bjg7zjgrjjgqLjg6Hjg6rjgqvjg7Mg44OO44K544K/44Or44K444OD44KvIOODq+ODvOODiO+8lu+8liBSb3V0ZTY244Ks44Og44Oc44O844Or44Oe44K344O844Oz55So44Gu6Kmw5pu/44GI44Ks44OgIOOCrOODoOODquODleOCo+ODqyDml6XmnKzoo73jgqzjg6Djg5fjg6zjgrzjg7Pjg4gg44Ku44OV44OIIOmAmuS/oeiyqeWjsiDpgJrosqkg6aaZ5bed55yMIOWbm+WbvSDplqLopb8g6YCB5paZ54Sh5paZ6Ly45YWl6aOf5p2QIOOCouODoeODquOCq+OBruOCuOODpeODvOOCuSDjg6Ljg7Pjgrnjgr/jg7zjgqjjg4rjgrjjg7wg44K544OR44Og44Op44Oz44OB44On44Oz44Of44O844OI6Ly45YWl5a625YW3IOOCs+OCq+OCs+ODvOODqSBDb2NhLUNvbGHjgIDjgrPjg7zjg6njga7jgqTjgrkg44Kz44O844Op44Gu44OG44O844OW44Or44CQRkVMSVjjgJHjg5XjgqPjg6rjg4Pjgq/jgrnjg7vjgqLjgqTjg63jg7Pjg5Hjg4Pjg4HvvIhDIC0g44K144Kk44Oz77yJ44CA44CA44CQ44K544O844OR44O8REVBTOWvvuixoeOAkQ==,44CQRkVMSVjjgJHjg5XjgqPjg6rjg4Pjgq/jgrnjg7vjgqLjgqTjg63jg7Pjg5Hjg4Pjg4HvvIhDIC0g44K144Kk44Oz77yJ44CA44CA44CQ44K544O844OR44O8REVBTOWvvuixoeOAkQ==[rn]
7-31619,aHR0cDovL3RzaG9wLnIxMHMuanAvcGlua21vbmtleS9jYWJpbmV0L2hhbmRtYWRlL2htLTItNzkuanBnP2ZpdGluPTcwMDo3MDA=,MTkwLjQwMDA=,,44OQ44OD44Kw44O75bCP54mp44O744OW44Op44Oz44OJ6ZuR6LKoID4g44Gd44Gu5LuW,5omL5L2c44KK44Or44O844OX44K/44OD44K744Or44CA44Os44OD44OJw5fjgrTjg7zjg6vjg4njg5Pjg7zjgrrjgJDjgobjgYbjg5HjgrHjg4Pjg4hB5a++5b+c44CR,44CQ44KG44GG44OR44Kx44OD44OIQeWvvuW/nOOAkQ==,PGRpdiBhbGlnbj0iY2VudGVyIj48dGFibGUgY2VsbHNwYWNpbmc9IjIiIGJnY29sb3I9IiNmZjAwMDAiIGNlbGxwYWRkaW5nPSI1IiB3aWR0aD0iNjAwIj48dGJvZHk+PHRyPgogICAgICA8dGQgYmdjb2xvcj0iI2ZmZmZmZiI+PGZvbnQgc2l6ZT0iLTEiIGNvbG9yPSIjZmYwMDAwIj7jgJDjgZTos7zlhaXliY3jgavlv4XjgZrjgYroqq3jgb/jgY/jgaDjgZXjgYTjgJE8YnI+CiAgICAgIDxicj4KICAgICAgPC9mb250Pjxmb250IHNpemU9Ii0xIiBjb2xvcj0iIzAwMDAwMCI+CuKAuyDmnKzoo73lk4Hjga/jgqTjg7Pjg4njgafnj77lnLDjga7kurrjgavjgojjgorjgbLjgajjgaTjgbLjgajjgaTmiYvkvZzjgorjgafkvZzjgonjgozjgabjgYTjgb7jgZnjga7jgafjg5Pjg7zjgrrjga7mn4Tjga7opovjgYjmlrnjgoTpnanntJDjga7plbfjgZXjgavlpJrlsJHjga7pgZXjgYTjgYLjgovjgarjganmjrLovInnlLvlg4/jgagK5YWo44GP5ZCM44GY5L2c44KK44Gu6KO95ZOB44GM5bGK44GP44Go44Gv6ZmQ44KK44G+44Gb44KT44CC44Gd44KM44Ge44KM5bCR44GX44Ga44Gk6YGV44GG44Kq44Oq44K444OK44Or5L2c5ZOB44Go44Gq44Gj44Gm44GK44KK44G+44GZ44CCCuWFqOS9k+eahOOBquOCq+ODqeODvOOBrue1hOOBv+WQiOOCj+OBm+OAgeODh+OCtuOCpOODs+OBr+OBu+OBvOWQjOOBmOOCiOOBhuOBquS9nOOCiuOBp+OBmeOBruOBp+OBlOWuieW/g+OBj+OBoOOBleOBhOOAgjxicj4KCuKAuyDmjrLovInnlLvlg4/jga/jgqTjg6Hjg7zjgrjnlLvlg4/jgafjgZnjgII8L2ZvbnQ+PC90ZD4KICAgIDwvdHI+PC90Ym9keT48L3RhYmxlPjwvZGl2Pjxicj48YnI+PGRpdiBhbGlnbj0iY2VudGVyIj48dGFibGUgY2VsbHNwYWNpbmc9IjEiIGNlbGxwYWRkaW5nPSI1IiB3aWR0aD0iNjAwIiBiZ2NvbG9yPSIjMDAwMDAwIiBhbGlnbj0iY2VudGVyIj4KICA8dHI+CiAgICA8dGQgd2lkdGg9IjYxIiBhbGlnbj0iY2VudGVyIiBiZ2NvbG9yPSIjZjBmMGYwIj48Zm9udCBjb2xvcj0iIzY2NjY2NiIgc2l6ZT0iMiI+5ZWG5ZOB5ZCNPC9mb250PjwvdGQ+CiAgICA8dGQgYmdjb2xvcj0iI2ZmZmZmZiI+PGZvbnQgY29sb3I9IiMwMDAwMDAiIHNpemU9LTE+5omL5L2c44KK44CA44Or44O844OX44K/44OD44K744Or44CA44Os44OD44OJw5fjgrTjg7zjg6vjg4njg5Pjg7zjgro8L2ZvbnQ+PC90ZD4KICA8L3RyPgogIDx0cj4KICAgIDx0ZCBiZ2NvbG9yPSIjZjBmMGYwIiBhbGlnbj0iY2VudGVyIiB3aWR0aD0iNjEiPjxmb250IGNvbG9yPSIjNjY2NjY2IiBzaXplPSIyIj7jgrXjgqTjgroo57SEKTwvZm9udD48L3RkPgogICAgPHRkIGJnY29sb3I9IiNmZmZmZmYiPjxmb250IGNvbG9yPSIjMDAwMDAwIiBzaXplPS0xPuacgOmVt++8mjEzY23vvIjjgrnjg4jjg6njg4Pjg5fpg6jliIblkKvjgoDvvIk8L2ZvbnQ+PC90ZD4KICA8L3RyPgogIDx0cj4KICAgICA8dGQgYmdjb2xvcj0iI2YwZjBmMCIgYWxpZ249ImNlbnRlciIgd2lkdGg9IjYxIj48Zm9udCBjb2xvcj0iIzY2NjY2NiIgc2l6ZT0iMiI+57Sg5p2QPC9mb250PjwvdGQ+CiAgICAgPHRkIGJnY29sb3I9IiNmZmZmZmYiPjxmb250IGNvbG9yPSIjMDAwMDAwIiBzaXplPS0xPue2vzwvZm9udD48L3RkPgogIDwvdHI+CiAgIAogIDx0cj4KICAgICA8dGQgYmdjb2xvcj0iI2YwZjBmMCIgYWxpZ249ImNlbnRlciIgd2lkdGg9IjYxIj48Zm9udCBjb2xvcj0iIzY2NjY2NiIgc2l6ZT0iMiI+5YKZ6ICDPC9mb250PjwvdGQ+CiAgICAgPHRkIGJnY29sb3I9IiNmZmZmZmYiPjxmb250IGNvbG9yPSIjZmYwMDAwIiBzaXplPSItMSI+4oC744GK5L2/44GE44GuUEPnkrDlooPjgavjgojjgorlrp/pmpvjga7jgYroibLjgajnlbDjgarjgovloLTlkIjjgYzjgZTjgZbjgYTjgb7jgZnjga7jgafkuojjgoHjgZTkuobmib/jgY/jgaDjgZXjgYTjgb7jgZvjgII8L2ZvbnQ+PC90ZD4KICA8L3RyPgo8L3RhYmxlPjwvZGl2Pjxicj48YnI+CjxkaXYgYWxpZ249ImNlbnRlciI+PGltZyBzcmM9Imh0dHA6Ly9pbWFnZS5yYWt1dGVuLmNvLmpwL3Bpbmttb25rZXkvY2FiaW5ldC9jYXRlZ29yeS90YXNzZWw2MDAuanBnIiBib3JkZXI9IjAiPjwvZGl2Pjxicj48YnI+Cgo8ZGl2PgoKPC9kaXY+PGJyPjxicj4KCgoKCgo8YnI+PGJyPgoKPGRpdj4KCjwvZGl2PjxzdHlsZT4KCi8q5ZWG5ZOB44Oa44O844K4Ki8KCnNwYW4ucHJpY2UxIHsKCWRpc3BsYXk6IGJsb2NrICFpbXBvcnRhbnQ7Cglmb250LXNpemU6IDEycHggIWltcG9ydGFudDsKCWNvbG9yOiAjZmYwMDAwICFpbXBvcnRhbnQ7Cgl2ZXJ0aWNhbC1hbGlnbjogYm90dG9tICFpbXBvcnRhbnQ7CglsaW5lLWhlaWdodDogMS4yZW0gIWltcG9ydGFudDsKCXBhZGRpbmctdG9wOiAwLjZlbSAhaW1wb3J0YW50OwoJcGFkZGluZy1yaWdodDogMWVtICFpbXBvcnRhbnQ7Cn0KCnNwYW4ucHJpY2UyIHsKCWZvbnQtc2l6ZTogMjBweCAhaW1wb3J0YW50OwoJZm9udC13ZWlnaHQ6IGJvbGQgIWltcG9ydGFudDsKCWNvbG9yOiAjZmYwMDAwICFpbXBvcnRhbnQ7Cgl2ZXJ0aWNhbC1hbGlnbjogYm90dG9tICFpbXBvcnRhbnQ7CglsaW5lLWhlaWdodDogMS4yZW0haW1wb3J0YW50Owp9CgovKiDjgYrmsJfjgavlhaXjgorllYblk4HnmbvpjLLnlLvlg4/lpInmm7QgKi8KYm9keSAjcmFrdXRlbkxpbWl0ZWRJZF9hcm91bmRDYXJ0IGRpdi5ia217CndpZHRoOiAzMDZweCAhaW1wb3J0YW50Owp9CmJvZHkgZGl2LmJvb2ttYXJrQXJlYSBkaXYuYmttIGEuYWRkQmttIHNwYW4uYmttU3RhciB7CndpZHRoOiAzMDZweCAhaW1wb3J0YW50OwpoZWlnaHQ6IDQ4cHggIWltcG9ydGFudDsKYmFja2dyb3VuZDogdXJsKGh0dHA6Ly9pbWFnZS5yYWt1dGVuLmNvLmpwL3Bpbmttb25rZXkvY2FiaW5ldC9mYXZfYnV0dG9uX2FmdGVyMi5naWYpIG5vLXJlcGVhdCAwIDAgIWltcG9ydGFudDsKfQpib2R5IGRpdi5ib29rbWFya0FyZWEgZGl2LmJrbSBhLmFkZEJrbSB7CndpZHRoOiAzMDZweCAhaW1wb3J0YW50OwpoZWlnaHQ6IDQ4cHggIWltcG9ydGFudDsKfQoKLyog44GK5rCX44Gr5YWl44KK44K344On44OD44OX55m76Yyy55S75YOP5aSJ5pu0ICovCmJvZHkgI3Jha3V0ZW5MaW1pdGVkSWRfYXJvdW5kQ2FydCBkaXYuc2hvcEJrbXsKd2lkdGg6IDMwNnB4ICFpbXBvcnRhbnQ7CnBhZGRpbmctbGVmdDogMHB4ICFpbXBvcnRhbnQ7Cn0KYm9keSBkaXYuc2hvcEJvb2ttYXJrQXJlYSBkaXYuc2hvcEJrbSBhLmFkZFNob3BCa20gc3Bhbi5zaG9wQmttU3RhciB7CndpZHRoOiAzMDZweCAhaW1wb3J0YW50OwpoZWlnaHQ6IDQ4cHggIWltcG9ydGFudDsKYmFja2dyb3VuZDogdXJsKGh0dHA6Ly9pbWFnZS5yYWt1dGVuLmNvLmpwL3Bpbmttb25rZXkvY2FiaW5ldC9mYXZzaG9wX2J1dHRvbl9hZnRlci5naWYpIG5vLXJlcGVhdCAwIDAgIWltcG9ydGFudDsKfQpib2R5IGRpdi5zaG9wQm9va21hcmtBcmVhIGRpdi5zaG9wQmttIGEuYWRkU2hvcEJrbSB7CndpZHRoOiAzMDZweCAhaW1wb3J0YW50OwpoZWlnaHQ6IDQ4cHggIWltcG9ydGFudDsKfQoKCi8qIOWAi+aVsOWFpeWKm+ashOOBruWkp+OBjeOBlSAqLwppbnB1dCN1bml0cyB7CnBhZGRpbmc6IDFweCAwcHg7Cn0KCi8qIOOBiuiyt+OBhOeJqeOBi+OBlOODnOOCv+ODs+OBruWkp+OBjeOBlSAqLwppbnB1dCB7CmZvbnQtc2l6ZTogMTdweDsKcGFkZGluZzoxMHB4IDQwcHg7CndpZHRoOiBhdXRvOwpmb250LWZhbWlseToi44OS44Op44Ku44OO6KeS44K0IFBybyBXMyIsICJIaXJhZ2lubyBLYWt1IEdvdGhpYyBQcm8iLCAi44Oh44Kk44Oq44KqIiwgTWVpcnlvLCBPc2FrYSwgIu+8re+8syDvvLDjgrTjgrfjg4Pjgq8iLCAiTVMgUEdvdGhpYyIsIHNhbnMtc2VyaWYKfQoKLyog44CM5ZWG5ZOB44Gr44Gk44GE44Gm44Gu5ZWP44GE5ZCI44KP44Gb44CN44Oc44K/44Oz44Gu5aSn44GN44GVKi8KZm9udCBpbnB1dCB7CmZvbnQtc2l6ZTogMTJweDsKcGFkZGluZzoycHg7CndpZHRoOiAxNTBweDsKfQoKLyrjgIzpoIXnm67pgbjmip7ogqLpg6jliIbjgI0qLwouaW52ZW50b3J5IGlucHV0ewpmb250LXNpemU6IDEycHg7CmJhY2tncm91bmQ6I2ZmZjsKfQoKCi8qIOmgheebrumBuOaKnuiCoue0jeacn+ODleOCqeODs+ODiOOCteOCpOOCuiovCgp0ZC5pbnZlbnRvcnkgZm9udHtmb250LXNpemU6MTJweDtjb2xvcjojZmYwMDAwO30KCi8qIOmgheebrumBuOaKnuiCoiovCgojcmFrdXRlbkxpbWl0ZWRJZF9hcm91bmRDYXJ0IHNlbGVjdCB7Cm1hcmdpbjo1cHggMHB4OwpwYWRkaW5nOjVweDsKfQoKI3Jha3V0ZW5MaW1pdGVkSWRfYXJvdW5kQ2FydCBzcGFuLmNob2ljZTpiZWZvcnsKY29udGVudDogdXJsKCk7Cn0KCi8qIOi/veW+k+OCq+ODvOODiOS4i+OBi+OCieOBrumrmOOBlSovCgpkaXYgI3Njcm9sbFVwewpib3R0b206IDMwcHg7Cn0KCi8qIOalveWkqeaknOe0ouODkOODvOOAgOOCreODvOODr+ODvOODiSAqLwoKZGl2I0hlYWRlcktleXdvcmQgewoJcG9zaXRpb246YWJzb2x1dGU7Cgl0b3A6NTBweDsvKuS4gOeVquS4iuOBi+OCieOBruS9jee9riovCglsZWZ0OjMwcHg7Lyrlt6bnq6/jgYvjgonjga7kvY3nva4qLwp9CgpkaXYjSGVhZGVyS2V5d29yZCBzcGFuIHsKCWJhY2tncm91bmQ6ICNiZjAwMDA7Cgljb2xvcjojZmZmOwoJZm9udC13ZWlnaHQ6Ym9sZDsKCXBhZGRpbmc6MnB4IDVweDsKfQoKZGl2I0hlYWRlcktleXdvcmQgYSB7Cgljb2xvcjojMDA0NENDOwp9Cgo8L3N0eWxlPgoKCgoKPCEtLSDjgqLjgq/jgrvjgrXjg6rjg7zjg5Hjg7zjg4Tjgqvjg4bjgrTjg6rjg7wgLS0+CjxkaXYgYWxpZ249ImNlbnRlciI+CjxpbWcgc3JjPSJodHRwOi8vaW1hZ2UucmFrdXRlbi5jby5qcC9waW5rbW9ua2V5L2NhYmluZXQvY2F0ZWdvcnkvaG03NjAuanBnIiBhbHQ9IuOCouOCr+OCu+OCteODquODvOODkeODvOODhOS4gOimp+OBuCI+CjwvZGl2Pgo8ZGl2IGFsaWduPSJjZW50ZXIiPgoKPC9kaXY+CjwhLS0gL+OCouOCr+OCu+OCteODquODvOODkeODvOODhOOCq+ODhuOCtOODquODvCAtLT4KCgo8IS0tIOOCt+ODp+ODg+ODlOODs+OCsOOCrOOCpOODiSAtLT4KCjwhLS0gL+OCt+ODp+ODg+ODlOODs+OCsOOCrOOCpOODiSAtLT4KCgoKCgo8ZGl2IGlkPSJIZWFkZXJLZXl3b3JkIj4KPHNwYW4+5rOo55uu44Gu44Kt44O844Ov44O844OJPC9zcGFuPgrjgqvjg6vjg4jjg4rjg7zjgrjjg6UK6Z2p44Gy44KCCuOCs+ODvOODiuODvOmHkeWFtwrjgrfjg6rjgrPjg7Plnosg44Os44K444OzCuWIh+OCiuaWh+WtlyDmnKjoo70g44Gy44KJ44GM44GqCuOCv+ODg+OCu+ODqwrjg5zjgr/jg7Mg44Op44OD44OX44OW44Os44K5CjwvZGl2Pgo8IS0tIOalveWkqeaknOe0ouODkOODvOOAgOOCreODvOODr+ODvOODiUVORCAtLT4=,5omL5L2c44KK44Or44O844OX44K/44OD44K744Or44CA44Os44OD44OJJnRpbWVzO+OCtOODvOODq+ODieODk+ODvOOCuuOAkOOChuOBhuODkeOCseODg+ODiEHlr77lv5zjgJHvvJrmiYvoirjmnZDmlpnjga7jgYrlupcg44Ki44Oz44K344Oj44Oz44OG5bel5oi/,6Z2p57SQIOmAmuiyqeODrOOCuOODsyDmnZDmlpnjg6zjgrjjg7Mg5Z6L44Os44K444OzIOODkeODvOODhOODj+ODs+ODieODoeOCpOODiSDmnZDmlpkg6LKp5aOy44OP44Oz44OJ44Oh44Kk44OJIOOCouOCr+OCu+OCteODquODvCDmnZDmlpnjg4/jg7Pjg4njg6HjgqTjg4kg5p2Q5paZIOa/gOWuieODj+ODs+ODieODoeOCpOODiSDjg5TjgqLjgrkg5p2Q5paZ44OP44Oz44OJ44Oh44Kk44OJIOODluODrOOCueODrOODg+ODiCDmnZDmlpnjgqvjg6vjg4jjg4rjg7zjgrjjg6Ug5p2Q5paZIOmAmuiyqeOCt+ODquOCs+ODs+ODouODvOODq+ODiSDjg6zjgrjjg7PpnanntJAgIOacrOmdqemdqee0kCDntLDjgYTjg6zjgrbjg7zjgrPjg7zjg4kgMW1t44Os44K244O844Kz44O844OJIOW5s+OCouOCr+OCu+OCteODquODvCDjg5Hjg7zjg4Qg6YCa6LKpIOOBiuOBmeOBmeOCgeOCouOCr+OCu+OCteODquODvCDph5Hlhbfjg5TjgqLjgrkg5Y+w57SZ44OU44Ki44K5IOODh+OCo+OCueODl+ODrOOCpOODrOOCuOODsyDlsIHlhaUg57Sg5p2Q5omL5L2c44KK44Or44O844OX44K/44OD44K744Or44CA44Os44OD44OJJnRpbWVzO+OCtOODvOODq+ODieODk+ODvOOCuuOAkOOChuOBhuODkeOCseODg+ODiEHlr77lv5zjgJE=,44CQ44KG44GG44OR44Kx44OD44OIQeWvvuW/nOOAkeOAguaJi+S9nOOCiuODq+ODvOODl+OCv+ODg+OCu+ODq+OAgOODrOODg+ODiSZ0aW1lczvjgrTjg7zjg6vjg4njg5Pjg7zjgrrjgJDjgobjgYbjg5HjgrHjg4Pjg4hB5a++5b+c44CR[rn]
7-31620,aHR0cDovL3RzaG9wLnIxMHMuanAvcGlua21vbmtleS9jYWJpbmV0L2hhbmRtYWRlL2htLTItODAuanBnP2ZpdGluPTcwMDo3MDA=,MTkwLjQwMDA=,,44OQ44OD44Kw44O75bCP54mp44O744OW44Op44Oz44OJ6ZuR6LKoID4g44Gd44Gu5LuW,5omL5L2c44KK44Or44O844OX44K/44OD44K744Or44CA44OW44Or44O844Kw44Oq44O844Ozw5fjgrTjg7zjg6vjg4njg5Pjg7zjgrrjgJDjgobjgYbjg5HjgrHjg4Pjg4hB5a++5b+c44CR,44CQ44KG44GG44OR44Kx44OD44OIQeWvvuW/nOOAkQ==,PGRpdiBhbGlnbj0iY2VudGVyIj48dGFibGUgY2VsbHNwYWNpbmc9IjIiIGJnY29sb3I9IiNmZjAwMDAiIGNlbGxwYWRkaW5nPSI1IiB3aWR0aD0iNjAwIj48dGJvZHk+PHRyPgogICAgICA8dGQgYmdjb2xvcj0iI2ZmZmZmZiI+PGZvbnQgc2l6ZT0iLTEiIGNvbG9yPSIjZmYwMDAwIj7jgJDjgZTos7zlhaXliY3jgavlv4XjgZrjgYroqq3jgb/jgY/jgaDjgZXjgYTjgJE8YnI+CiAgICAgIDxicj4KICAgICAgPC9mb250Pjxmb250IHNpemU9Ii0xIiBjb2xvcj0iIzAwMDAwMCI+CuKAuyDmnKzoo73lk4Hjga/jgqTjg7Pjg4njgafnj77lnLDjga7kurrjgavjgojjgorjgbLjgajjgaTjgbLjgajjgaTmiYvkvZzjgorjgafkvZzjgonjgozjgabjgYTjgb7jgZnjga7jgafjg5Pjg7zjgrrjga7mn4Tjga7opovjgYjmlrnjgoTpnanntJDjga7plbfjgZXjgavlpJrlsJHjga7pgZXjgYTjgYLjgovjgarjganmjrLovInnlLvlg4/jgagK5YWo44GP5ZCM44GY5L2c44KK44Gu6KO95ZOB44GM5bGK44GP44Go44Gv6ZmQ44KK44G+44Gb44KT44CC44Gd44KM44Ge44KM5bCR44GX44Ga44Gk6YGV44GG44Kq44Oq44K444OK44Or5L2c5ZOB44Go44Gq44Gj44Gm44GK44KK44G+44GZ44CCCuWFqOS9k+eahOOBquOCq+ODqeODvOOBrue1hOOBv+WQiOOCj+OBm+OAgeODh+OCtuOCpOODs+OBr+OBu+OBvOWQjOOBmOOCiOOBhuOBquS9nOOCiuOBp+OBmeOBruOBp+OBlOWuieW/g+OBj+OBoOOBleOBhOOAgjxicj4KCuKAuyDmjrLovInnlLvlg4/jga/jgqTjg6Hjg7zjgrjnlLvlg4/jgafjgZnjgII8L2ZvbnQ+PC90ZD4KICAgIDwvdHI+PC90Ym9keT48L3RhYmxlPjwvZGl2Pjxicj48YnI+PGRpdiBhbGlnbj0iY2VudGVyIj48dGFibGUgY2VsbHNwYWNpbmc9IjEiIGNlbGxwYWRkaW5nPSI1IiB3aWR0aD0iNjAwIiBiZ2NvbG9yPSIjMDAwMDAwIiBhbGlnbj0iY2VudGVyIj4KICA8dHI+CiAgICA8dGQgd2lkdGg9IjYxIiBhbGlnbj0iY2VudGVyIiBiZ2NvbG9yPSIjZjBmMGYwIj48Zm9udCBjb2xvcj0iIzY2NjY2NiIgc2l6ZT0iMiI+5ZWG5ZOB5ZCNPC9mb250PjwvdGQ+CiAgICA8dGQgYmdjb2xvcj0iI2ZmZmZmZiI+PGZvbnQgY29sb3I9IiMwMDAwMDAiIHNpemU9LTE+5omL5L2c44KK44CA44Or44O844OX44K/44OD44K744OrPGJyPuODluODq+ODvOOCsOODquODvOODs8OX44K044O844Or44OJ44OT44O844K6PC9mb250PjwvdGQ+CiAgPC90cj4KICA8dHI+CiAgICA8dGQgYmdjb2xvcj0iI2YwZjBmMCIgYWxpZ249ImNlbnRlciIgd2lkdGg9IjYxIj48Zm9udCBjb2xvcj0iIzY2NjY2NiIgc2l6ZT0iMiI+44K144Kk44K6KOe0hCk8L2ZvbnQ+PC90ZD4KICAgIDx0ZCBiZ2NvbG9yPSIjZmZmZmZmIj48Zm9udCBjb2xvcj0iIzAwMDAwMCIgc2l6ZT0tMT7mnIDplbfvvJoxNGNt77yI44K544OI44Op44OD44OX6YOo5YiG5ZCr44KA77yJPC9mb250PjwvdGQ+CiAgPC90cj4KICA8dHI+CiAgICAgPHRkIGJnY29sb3I9IiNmMGYwZjAiIGFsaWduPSJjZW50ZXIiIHdpZHRoPSI2MSI+PGZvbnQgY29sb3I9IiM2NjY2NjYiIHNpemU9IjIiPue0oOadkDwvZm9udD48L3RkPgogICAgIDx0ZCBiZ2NvbG9yPSIjZmZmZmZmIj48Zm9udCBjb2xvcj0iIzAwMDAwMCIgc2l6ZT0tMT7ntr88L2ZvbnQ+PC90ZD4KICA8L3RyPgogICAKICA8dHI+CiAgICAgPHRkIGJnY29sb3I9IiNmMGYwZjAiIGFsaWduPSJjZW50ZXIiIHdpZHRoPSI2MSI+PGZvbnQgY29sb3I9IiM2NjY2NjYiIHNpemU9IjIiPuWCmeiAgzwvZm9udD48L3RkPgogICAgIDx0ZCBiZ2NvbG9yPSIjZmZmZmZmIj48Zm9udCBjb2xvcj0iI2ZmMDAwMCIgc2l6ZT0iLTEiPuKAu+OBiuS9v+OBhOOBrlBD55Kw5aKD44Gr44KI44KK5a6f6Zqb44Gu44GK6Imy44Go55Ww44Gq44KL5aC05ZCI44GM44GU44GW44GE44G+44GZ44Gu44Gn5LqI44KB44GU5LqG5om/44GP44Gg44GV44GE44G+44Gb44CCPC9mb250PjwvdGQ+CiAgPC90cj4KPC90YWJsZT48L2Rpdj48YnI+PGJyPgo8ZGl2IGFsaWduPSJjZW50ZXIiPjxpbWcgc3JjPSJodHRwOi8vaW1hZ2UucmFrdXRlbi5jby5qcC9waW5rbW9ua2V5L2NhYmluZXQvY2F0ZWdvcnkvdGFzc2VsNjAwLmpwZyIgYm9yZGVyPSIwIj48L2Rpdj48YnI+PGJyPgoKPGRpdj4KCjwvZGl2Pjxicj48YnI+CgoKCgoKPGJyPjxicj4KCjxkaXY+Cgo8L2Rpdj48c3R5bGU+CgovKuWVhuWTgeODmuODvOOCuCovCgpzcGFuLnByaWNlMSB7CglkaXNwbGF5OiBibG9jayAhaW1wb3J0YW50OwoJZm9udC1zaXplOiAxMnB4ICFpbXBvcnRhbnQ7Cgljb2xvcjogI2ZmMDAwMCAhaW1wb3J0YW50OwoJdmVydGljYWwtYWxpZ246IGJvdHRvbSAhaW1wb3J0YW50OwoJbGluZS1oZWlnaHQ6IDEuMmVtICFpbXBvcnRhbnQ7CglwYWRkaW5nLXRvcDogMC42ZW0gIWltcG9ydGFudDsKCXBhZGRpbmctcmlnaHQ6IDFlbSAhaW1wb3J0YW50Owp9CgpzcGFuLnByaWNlMiB7Cglmb250LXNpemU6IDIwcHggIWltcG9ydGFudDsKCWZvbnQtd2VpZ2h0OiBib2xkICFpbXBvcnRhbnQ7Cgljb2xvcjogI2ZmMDAwMCAhaW1wb3J0YW50OwoJdmVydGljYWwtYWxpZ246IGJvdHRvbSAhaW1wb3J0YW50OwoJbGluZS1oZWlnaHQ6IDEuMmVtIWltcG9ydGFudDsKfQoKLyog44GK5rCX44Gr5YWl44KK5ZWG5ZOB55m76Yyy55S75YOP5aSJ5pu0ICovCmJvZHkgI3Jha3V0ZW5MaW1pdGVkSWRfYXJvdW5kQ2FydCBkaXYuYmttewp3aWR0aDogMzA2cHggIWltcG9ydGFudDsKfQpib2R5IGRpdi5ib29rbWFya0FyZWEgZGl2LmJrbSBhLmFkZEJrbSBzcGFuLmJrbVN0YXIgewp3aWR0aDogMzA2cHggIWltcG9ydGFudDsKaGVpZ2h0OiA0OHB4ICFpbXBvcnRhbnQ7CmJhY2tncm91bmQ6IHVybChodHRwOi8vaW1hZ2UucmFrdXRlbi5jby5qcC9waW5rbW9ua2V5L2NhYmluZXQvZmF2X2J1dHRvbl9hZnRlcjIuZ2lmKSBuby1yZXBlYXQgMCAwICFpbXBvcnRhbnQ7Cn0KYm9keSBkaXYuYm9va21hcmtBcmVhIGRpdi5ia20gYS5hZGRCa20gewp3aWR0aDogMzA2cHggIWltcG9ydGFudDsKaGVpZ2h0OiA0OHB4ICFpbXBvcnRhbnQ7Cn0KCi8qIOOBiuawl+OBq+WFpeOCiuOCt+ODp+ODg+ODl+eZu+mMsueUu+WDj+WkieabtCAqLwpib2R5ICNyYWt1dGVuTGltaXRlZElkX2Fyb3VuZENhcnQgZGl2LnNob3BCa217CndpZHRoOiAzMDZweCAhaW1wb3J0YW50OwpwYWRkaW5nLWxlZnQ6IDBweCAhaW1wb3J0YW50Owp9CmJvZHkgZGl2LnNob3BCb29rbWFya0FyZWEgZGl2LnNob3BCa20gYS5hZGRTaG9wQmttIHNwYW4uc2hvcEJrbVN0YXIgewp3aWR0aDogMzA2cHggIWltcG9ydGFudDsKaGVpZ2h0OiA0OHB4ICFpbXBvcnRhbnQ7CmJhY2tncm91bmQ6IHVybChodHRwOi8vaW1hZ2UucmFrdXRlbi5jby5qcC9waW5rbW9ua2V5L2NhYmluZXQvZmF2c2hvcF9idXR0b25fYWZ0ZXIuZ2lmKSBuby1yZXBlYXQgMCAwICFpbXBvcnRhbnQ7Cn0KYm9keSBkaXYuc2hvcEJvb2ttYXJrQXJlYSBkaXYuc2hvcEJrbSBhLmFkZFNob3BCa20gewp3aWR0aDogMzA2cHggIWltcG9ydGFudDsKaGVpZ2h0OiA0OHB4ICFpbXBvcnRhbnQ7Cn0KCgovKiDlgIvmlbDlhaXlipvmrITjga7lpKfjgY3jgZUgKi8KaW5wdXQjdW5pdHMgewpwYWRkaW5nOiAxcHggMHB4Owp9CgovKiDjgYrosrfjgYTnianjgYvjgZTjg5zjgr/jg7Pjga7lpKfjgY3jgZUgKi8KaW5wdXQgewpmb250LXNpemU6IDE3cHg7CnBhZGRpbmc6MTBweCA0MHB4Owp3aWR0aDogYXV0bzsKZm9udC1mYW1pbHk6IuODkuODqeOCruODjuinkuOCtCBQcm8gVzMiLCAiSGlyYWdpbm8gS2FrdSBHb3RoaWMgUHJvIiwgIuODoeOCpOODquOCqiIsIE1laXJ5bywgT3Nha2EsICLvvK3vvLMg77yw44K044K344OD44KvIiwgIk1TIFBHb3RoaWMiLCBzYW5zLXNlcmlmCn0KCi8qIOOAjOWVhuWTgeOBq+OBpOOBhOOBpuOBruWVj+OBhOWQiOOCj+OBm+OAjeODnOOCv+ODs+OBruWkp+OBjeOBlSovCmZvbnQgaW5wdXQgewpmb250LXNpemU6IDEycHg7CnBhZGRpbmc6MnB4Owp3aWR0aDogMTUwcHg7Cn0KCi8q44CM6aCF55uu6YG45oqe6IKi6YOo5YiG44CNKi8KLmludmVudG9yeSBpbnB1dHsKZm9udC1zaXplOiAxMnB4OwpiYWNrZ3JvdW5kOiNmZmY7Cn0KCgovKiDpoIXnm67pgbjmip7ogqLntI3mnJ/jg5Xjgqnjg7Pjg4jjgrXjgqTjgroqLwoKdGQuaW52ZW50b3J5IGZvbnR7Zm9udC1zaXplOjEycHg7Y29sb3I6I2ZmMDAwMDt9CgovKiDpoIXnm67pgbjmip7ogqIqLwoKI3Jha3V0ZW5MaW1pdGVkSWRfYXJvdW5kQ2FydCBzZWxlY3QgewptYXJnaW46NXB4IDBweDsKcGFkZGluZzo1cHg7Cn0KCiNyYWt1dGVuTGltaXRlZElkX2Fyb3VuZENhcnQgc3Bhbi5jaG9pY2U6YmVmb3J7CmNvbnRlbnQ6IHVybCgpOwp9CgovKiDov73lvpPjgqvjg7zjg4jkuIvjgYvjgonjga7pq5jjgZUqLwoKZGl2ICNzY3JvbGxVcHsKYm90dG9tOiAzMHB4Owp9CgovKiDmpb3lpKnmpJzntKLjg5Djg7zjgIDjgq3jg7zjg6/jg7zjg4kgKi8KCmRpdiNIZWFkZXJLZXl3b3JkIHsKCXBvc2l0aW9uOmFic29sdXRlOwoJdG9wOjUwcHg7LyrkuIDnlarkuIrjgYvjgonjga7kvY3nva4qLwoJbGVmdDozMHB4Oy8q5bem56uv44GL44KJ44Gu5L2N572uKi8KfQoKZGl2I0hlYWRlcktleXdvcmQgc3BhbiB7CgliYWNrZ3JvdW5kOiAjYmYwMDAwOwoJY29sb3I6I2ZmZjsKCWZvbnQtd2VpZ2h0OmJvbGQ7CglwYWRkaW5nOjJweCA1cHg7Cn0KCmRpdiNIZWFkZXJLZXl3b3JkIGEgewoJY29sb3I6IzAwNDRDQzsKfQoKPC9zdHlsZT4KCgoKCjwhLS0g44Ki44Kv44K744K144Oq44O844OR44O844OE44Kr44OG44K044Oq44O8IC0tPgo8ZGl2IGFsaWduPSJjZW50ZXIiPgo8aW1nIHNyYz0iaHR0cDovL2ltYWdlLnJha3V0ZW4uY28uanAvcGlua21vbmtleS9jYWJpbmV0L2NhdGVnb3J5L2htNzYwLmpwZyIgYWx0PSLjgqLjgq/jgrvjgrXjg6rjg7zjg5Hjg7zjg4TkuIDopqfjgbgiPgo8L2Rpdj4KPGRpdiBhbGlnbj0iY2VudGVyIj4KCjwvZGl2Pgo8IS0tIC/jgqLjgq/jgrvjgrXjg6rjg7zjg5Hjg7zjg4Tjgqvjg4bjgrTjg6rjg7wgLS0+CgoKPCEtLSDjgrfjg6fjg4Pjg5Tjg7PjgrDjgqzjgqTjg4kgLS0+Cgo8IS0tIC/jgrfjg6fjg4Pjg5Tjg7PjgrDjgqzjgqTjg4kgLS0+CgoKCgoKPGRpdiBpZD0iSGVhZGVyS2V5d29yZCI+CjxzcGFuPuazqOebruOBruOCreODvOODr+ODvOODiTwvc3Bhbj4K44Kr44Or44OI44OK44O844K444OlCumdqeOBsuOCggrjgrPjg7zjg4rjg7zph5HlhbcK44K344Oq44Kz44Oz5Z6LIOODrOOCuOODswrliIfjgormloflrZcg5pyo6KO9IOOBsuOCieOBjOOBqgrjgr/jg4Pjgrvjg6sK44Oc44K/44OzIOODqeODg+ODl+ODluODrOOCuQo8L2Rpdj4KPCEtLSDmpb3lpKnmpJzntKLjg5Djg7zjgIDjgq3jg7zjg6/jg7zjg4lFTkQgLS0+,5omL5L2c44KK44Or44O844OX44K/44OD44K744Or44CA44OW44Or44O844Kw44Oq44O844OzJnRpbWVzO+OCtOODvOODq+ODieODk+ODvOOCuuOAkOOChuOBhuODkeOCseODg+ODiEHlr77lv5zjgJHvvJrmiYvoirjmnZDmlpnjga7jgYrlupcg44Ki44Oz44K344Oj44Oz44OG5bel5oi/,6Z2p57SQIOmAmuiyqeODrOOCuOODsyDmnZDmlpnjg6zjgrjjg7Mg5Z6L44Os44K444OzIOODkeODvOODhOODj+ODs+ODieODoeOCpOODiSDmnZDmlpkg6LKp5aOy44OP44Oz44OJ44Oh44Kk44OJIOOCouOCr+OCu+OCteODquODvCDmnZDmlpnjg4/jg7Pjg4njg6HjgqTjg4kg5p2Q5paZIOa/gOWuieODj+ODs+ODieODoeOCpOODiSDjg5TjgqLjgrkg5p2Q5paZ44OP44Oz44OJ44Oh44Kk44OJIOODluODrOOCueODrOODg+ODiCDmnZDmlpnjgqvjg6vjg4jjg4rjg7zjgrjjg6Ug5p2Q5paZIOmAmuiyqeOCt+ODquOCs+ODs+ODouODvOODq+ODiSDjg6zjgrjjg7PpnanntJAgIOacrOmdqemdqee0kCDntLDjgYTjg6zjgrbjg7zjgrPjg7zjg4kgMW1t44Os44K244O844Kz44O844OJIOW5s+OCouOCr+OCu+OCteODquODvCDjg5Hjg7zjg4Qg6YCa6LKpIOOBiuOBmeOBmeOCgeOCouOCr+OCu+OCteODquODvCDph5Hlhbfjg5TjgqLjgrkg5Y+w57SZ44OU44Ki44K5IOODh+OCo+OCueODl+ODrOOCpOODrOOCuOODsyDlsIHlhaUg57Sg5p2Q5omL5L2c44KK44Or44O844OX44K/44OD44K744Or44CA44OW44Or44O844Kw44Oq44O844OzJnRpbWVzO+OCtOODvOODq+ODieODk+ODvOOCuuOAkOOChuOBhuODkeOCseODg+ODiEHlr77lv5zjgJE=,44CQ44KG44GG44OR44Kx44OD44OIQeWvvuW/nOOAkeOAguaJi+S9nOOCiuODq+ODvOODl+OCv+ODg+OCu+ODq+OAgOODluODq+ODvOOCsOODquODvOODsyZ0aW1lczvjgrTjg7zjg6vjg4njg5Pjg7zjgrrjgJDjgobjgYbjg5HjgrHjg4Pjg4hB5a++5b+c44CR[rn]
7-31621,aHR0cDovL3RzaG9wLnIxMHMuanAvcGlua21vbmtleS9jYWJpbmV0L2hhbmRtYWRlL2htLTItODUuanBnP2ZpdGluPTcwMDo3MDA=,MjY2LjQwMDA=,,44OQ44OD44Kw44O75bCP54mp44O744OW44Op44Oz44OJ6ZuR6LKoID4g44Gd44Gu5LuW,5omL5L2c44KK44Or44O844OX44K/44OD44K744Or44CA44Op44Kk44OI44OW44Or44O8w5fjg5bjg6njgqbjg7PjgJDjgobjgYbjg5HjgrHjg4Pjg4hB5a++5b+c44CR,44CQ44KG44GG44OR44Kx44OD44OIQeWvvuW/nOOAkQ==,PGRpdiBhbGlnbj0iY2VudGVyIj48dGFibGUgY2VsbHNwYWNpbmc9IjIiIGJnY29sb3I9IiNmZjAwMDAiIGNlbGxwYWRkaW5nPSI1IiB3aWR0aD0iNjAwIj48dGJvZHk+PHRyPgogICAgICA8dGQgYmdjb2xvcj0iI2ZmZmZmZiI+PGZvbnQgc2l6ZT0iLTEiIGNvbG9yPSIjZmYwMDAwIj7jgJDjgZTos7zlhaXliY3jgavlv4XjgZrjgYroqq3jgb/jgY/jgaDjgZXjgYTjgJE8YnI+CiAgICAgIDxicj4KICAgICAgPC9mb250Pjxmb250IHNpemU9Ii0xIiBjb2xvcj0iIzAwMDAwMCI+CuKAuyDmnKzoo73lk4Hjga/jgqTjg7Pjg4njgafnj77lnLDjga7kurrjgavjgojjgorjgbLjgajjgaTjgbLjgajjgaTmiYvkvZzjgorjgafkvZzjgonjgozjgabjgYTjgb7jgZnjga7jgafjg5Pjg7zjgrrjga7mn4Tjga7opovjgYjmlrnjgoTpnanntJDjga7plbfjgZXjgavlpJrlsJHjga7pgZXjgYTjgYLjgovjgarjganmjrLovInnlLvlg4/jgagK5YWo44GP5ZCM44GY5L2c44KK44Gu6KO95ZOB44GM5bGK44GP44Go44Gv6ZmQ44KK44G+44Gb44KT44CC44Gd44KM44Ge44KM5bCR44GX44Ga44Gk6YGV44GG44Kq44Oq44K444OK44Or5L2c5ZOB44Go44Gq44Gj44Gm44GK44KK44G+44GZ44CCCuWFqOS9k+eahOOBquOCq+ODqeODvOOBrue1hOOBv+WQiOOCj+OBm+OAgeODh+OCtuOCpOODs+OBr+OBu+OBvOWQjOOBmOOCiOOBhuOBquS9nOOCiuOBp+OBmeOBruOBp+OBlOWuieW/g+OBj+OBoOOBleOBhOOAgjxicj4KCuKAuyDmjrLovInnlLvlg4/jga/jgqTjg6Hjg7zjgrjnlLvlg4/jgafjgZnjgII8L2ZvbnQ+PC90ZD4KICAgIDwvdHI+PC90Ym9keT48L3RhYmxlPjwvZGl2Pjxicj48YnI+PGRpdiBhbGlnbj0iY2VudGVyIj48dGFibGUgY2VsbHNwYWNpbmc9IjEiIGNlbGxwYWRkaW5nPSI1IiB3aWR0aD0iNjAwIiBiZ2NvbG9yPSIjMDAwMDAwIiBhbGlnbj0iY2VudGVyIj4KICA8dHI+CiAgICA8dGQgd2lkdGg9IjYxIiBhbGlnbj0iY2VudGVyIiBiZ2NvbG9yPSIjZjBmMGYwIj48Zm9udCBjb2xvcj0iIzY2NjY2NiIgc2l6ZT0iMiI+5ZWG5ZOB5ZCNPC9mb250PjwvdGQ+CiAgICA8dGQgYmdjb2xvcj0iI2ZmZmZmZiI+PGZvbnQgY29sb3I9IiMwMDAwMDAiIHNpemU9LTE+5omL5L2c44KK44CA44Or44O844OX44K/44OD44K744Or44CA44Op44Kk44OI44OW44Or44O8w5fjg5bjg6njgqbjg7M8L2ZvbnQ+PC90ZD4KICA8L3RyPgogIDx0cj4KICAgIDx0ZCBiZ2NvbG9yPSIjZjBmMGYwIiBhbGlnbj0iY2VudGVyIiB3aWR0aD0iNjEiPjxmb250IGNvbG9yPSIjNjY2NjY2IiBzaXplPSIyIj7jgrXjgqTjgroo57SEKTwvZm9udD48L3RkPgogICAgPHRkIGJnY29sb3I9IiNmZmZmZmYiPjxmb250IGNvbG9yPSIjMDAwMDAwIiBzaXplPS0xPuacgOmVt++8mjExY23vvIjjgrnjg4jjg6njg4Pjg5fpg6jliIblkKvjgoDvvIk8L2ZvbnQ+PC90ZD4KICA8L3RyPgogIDx0cj4KICAgICA8dGQgYmdjb2xvcj0iI2YwZjBmMCIgYWxpZ249ImNlbnRlciIgd2lkdGg9IjYxIj48Zm9udCBjb2xvcj0iIzY2NjY2NiIgc2l6ZT0iMiI+57Sg5p2QPC9mb250PjwvdGQ+CiAgICAgPHRkIGJnY29sb3I9IiNmZmZmZmYiPjxmb250IGNvbG9yPSIjMDAwMDAwIiBzaXplPS0xPue2vzwvZm9udD48L3RkPgogIDwvdHI+CiAgIAogIDx0cj4KICAgICA8dGQgYmdjb2xvcj0iI2YwZjBmMCIgYWxpZ249ImNlbnRlciIgd2lkdGg9IjYxIj48Zm9udCBjb2xvcj0iIzY2NjY2NiIgc2l6ZT0iMiI+5YKZ6ICDPC9mb250PjwvdGQ+CiAgICAgPHRkIGJnY29sb3I9IiNmZmZmZmYiPjxmb250IGNvbG9yPSIjZmYwMDAwIiBzaXplPSItMSI+4oC744GK5L2/44GE44GuUEPnkrDlooPjgavjgojjgorlrp/pmpvjga7jgYroibLjgajnlbDjgarjgovloLTlkIjjgYzjgZTjgZbjgYTjgb7jgZnjga7jgafkuojjgoHjgZTkuobmib/jgY/jgaDjgZXjgYTjgb7jgZvjgII8L2ZvbnQ+PC90ZD4KICA8L3RyPgo8L3RhYmxlPjwvZGl2Pjxicj48YnI+CjxkaXYgYWxpZ249ImNlbnRlciI+PGltZyBzcmM9Imh0dHA6Ly9pbWFnZS5yYWt1dGVuLmNvLmpwL3Bpbmttb25rZXkvY2FiaW5ldC9jYXRlZ29yeS90YXNzZWw2MDAuanBnIiBib3JkZXI9IjAiPjwvZGl2Pjxicj48YnI+Cgo8ZGl2PgoKPC9kaXY+PGJyPjxicj4KCgoKCgo8YnI+PGJyPgoKPGRpdj4KCjwvZGl2PjxzdHlsZT4KCi8q5ZWG5ZOB44Oa44O844K4Ki8KCnNwYW4ucHJpY2UxIHsKCWRpc3BsYXk6IGJsb2NrICFpbXBvcnRhbnQ7Cglmb250LXNpemU6IDEycHggIWltcG9ydGFudDsKCWNvbG9yOiAjZmYwMDAwICFpbXBvcnRhbnQ7Cgl2ZXJ0aWNhbC1hbGlnbjogYm90dG9tICFpbXBvcnRhbnQ7CglsaW5lLWhlaWdodDogMS4yZW0gIWltcG9ydGFudDsKCXBhZGRpbmctdG9wOiAwLjZlbSAhaW1wb3J0YW50OwoJcGFkZGluZy1yaWdodDogMWVtICFpbXBvcnRhbnQ7Cn0KCnNwYW4ucHJpY2UyIHsKCWZvbnQtc2l6ZTogMjBweCAhaW1wb3J0YW50OwoJZm9udC13ZWlnaHQ6IGJvbGQgIWltcG9ydGFudDsKCWNvbG9yOiAjZmYwMDAwICFpbXBvcnRhbnQ7Cgl2ZXJ0aWNhbC1hbGlnbjogYm90dG9tICFpbXBvcnRhbnQ7CglsaW5lLWhlaWdodDogMS4yZW0haW1wb3J0YW50Owp9CgovKiDjgYrmsJfjgavlhaXjgorllYblk4HnmbvpjLLnlLvlg4/lpInmm7QgKi8KYm9keSAjcmFrdXRlbkxpbWl0ZWRJZF9hcm91bmRDYXJ0IGRpdi5ia217CndpZHRoOiAzMDZweCAhaW1wb3J0YW50Owp9CmJvZHkgZGl2LmJvb2ttYXJrQXJlYSBkaXYuYmttIGEuYWRkQmttIHNwYW4uYmttU3RhciB7CndpZHRoOiAzMDZweCAhaW1wb3J0YW50OwpoZWlnaHQ6IDQ4cHggIWltcG9ydGFudDsKYmFja2dyb3VuZDogdXJsKGh0dHA6Ly9pbWFnZS5yYWt1dGVuLmNvLmpwL3Bpbmttb25rZXkvY2FiaW5ldC9mYXZfYnV0dG9uX2FmdGVyMi5naWYpIG5vLXJlcGVhdCAwIDAgIWltcG9ydGFudDsKfQpib2R5IGRpdi5ib29rbWFya0FyZWEgZGl2LmJrbSBhLmFkZEJrbSB7CndpZHRoOiAzMDZweCAhaW1wb3J0YW50OwpoZWlnaHQ6IDQ4cHggIWltcG9ydGFudDsKfQoKLyog44GK5rCX44Gr5YWl44KK44K344On44OD44OX55m76Yyy55S75YOP5aSJ5pu0ICovCmJvZHkgI3Jha3V0ZW5MaW1pdGVkSWRfYXJvdW5kQ2FydCBkaXYuc2hvcEJrbXsKd2lkdGg6IDMwNnB4ICFpbXBvcnRhbnQ7CnBhZGRpbmctbGVmdDogMHB4ICFpbXBvcnRhbnQ7Cn0KYm9keSBkaXYuc2hvcEJvb2ttYXJrQXJlYSBkaXYuc2hvcEJrbSBhLmFkZFNob3BCa20gc3Bhbi5zaG9wQmttU3RhciB7CndpZHRoOiAzMDZweCAhaW1wb3J0YW50OwpoZWlnaHQ6IDQ4cHggIWltcG9ydGFudDsKYmFja2dyb3VuZDogdXJsKGh0dHA6Ly9pbWFnZS5yYWt1dGVuLmNvLmpwL3Bpbmttb25rZXkvY2FiaW5ldC9mYXZzaG9wX2J1dHRvbl9hZnRlci5naWYpIG5vLXJlcGVhdCAwIDAgIWltcG9ydGFudDsKfQpib2R5IGRpdi5zaG9wQm9va21hcmtBcmVhIGRpdi5zaG9wQmttIGEuYWRkU2hvcEJrbSB7CndpZHRoOiAzMDZweCAhaW1wb3J0YW50OwpoZWlnaHQ6IDQ4cHggIWltcG9ydGFudDsKfQoKCi8qIOWAi+aVsOWFpeWKm+ashOOBruWkp+OBjeOBlSAqLwppbnB1dCN1bml0cyB7CnBhZGRpbmc6IDFweCAwcHg7Cn0KCi8qIOOBiuiyt+OBhOeJqeOBi+OBlOODnOOCv+ODs+OBruWkp+OBjeOBlSAqLwppbnB1dCB7CmZvbnQtc2l6ZTogMTdweDsKcGFkZGluZzoxMHB4IDQwcHg7CndpZHRoOiBhdXRvOwpmb250LWZhbWlseToi44OS44Op44Ku44OO6KeS44K0IFBybyBXMyIsICJIaXJhZ2lubyBLYWt1IEdvdGhpYyBQcm8iLCAi44Oh44Kk44Oq44KqIiwgTWVpcnlvLCBPc2FrYSwgIu+8re+8syDvvLDjgrTjgrfjg4Pjgq8iLCAiTVMgUEdvdGhpYyIsIHNhbnMtc2VyaWYKfQoKLyog44CM5ZWG5ZOB44Gr44Gk44GE44Gm44Gu5ZWP44GE5ZCI44KP44Gb44CN44Oc44K/44Oz44Gu5aSn44GN44GVKi8KZm9udCBpbnB1dCB7CmZvbnQtc2l6ZTogMTJweDsKcGFkZGluZzoycHg7CndpZHRoOiAxNTBweDsKfQoKLyrjgIzpoIXnm67pgbjmip7ogqLpg6jliIbjgI0qLwouaW52ZW50b3J5IGlucHV0ewpmb250LXNpemU6IDEycHg7CmJhY2tncm91bmQ6I2ZmZjsKfQoKCi8qIOmgheebrumBuOaKnuiCoue0jeacn+ODleOCqeODs+ODiOOCteOCpOOCuiovCgp0ZC5pbnZlbnRvcnkgZm9udHtmb250LXNpemU6MTJweDtjb2xvcjojZmYwMDAwO30KCi8qIOmgheebrumBuOaKnuiCoiovCgojcmFrdXRlbkxpbWl0ZWRJZF9hcm91bmRDYXJ0IHNlbGVjdCB7Cm1hcmdpbjo1cHggMHB4OwpwYWRkaW5nOjVweDsKfQoKI3Jha3V0ZW5MaW1pdGVkSWRfYXJvdW5kQ2FydCBzcGFuLmNob2ljZTpiZWZvcnsKY29udGVudDogdXJsKCk7Cn0KCi8qIOi/veW+k+OCq+ODvOODiOS4i+OBi+OCieOBrumrmOOBlSovCgpkaXYgI3Njcm9sbFVwewpib3R0b206IDMwcHg7Cn0KCi8qIOalveWkqeaknOe0ouODkOODvOOAgOOCreODvOODr+ODvOODiSAqLwoKZGl2I0hlYWRlcktleXdvcmQgewoJcG9zaXRpb246YWJzb2x1dGU7Cgl0b3A6NTBweDsvKuS4gOeVquS4iuOBi+OCieOBruS9jee9riovCglsZWZ0OjMwcHg7Lyrlt6bnq6/jgYvjgonjga7kvY3nva4qLwp9CgpkaXYjSGVhZGVyS2V5d29yZCBzcGFuIHsKCWJhY2tncm91bmQ6ICNiZjAwMDA7Cgljb2xvcjojZmZmOwoJZm9udC13ZWlnaHQ6Ym9sZDsKCXBhZGRpbmc6MnB4IDVweDsKfQoKZGl2I0hlYWRlcktleXdvcmQgYSB7Cgljb2xvcjojMDA0NENDOwp9Cgo8L3N0eWxlPgoKCgoKPCEtLSDjgqLjgq/jgrvjgrXjg6rjg7zjg5Hjg7zjg4Tjgqvjg4bjgrTjg6rjg7wgLS0+CjxkaXYgYWxpZ249ImNlbnRlciI+CjxpbWcgc3JjPSJodHRwOi8vaW1hZ2UucmFrdXRlbi5jby5qcC9waW5rbW9ua2V5L2NhYmluZXQvY2F0ZWdvcnkvaG03NjAuanBnIiBhbHQ9IuOCouOCr+OCu+OCteODquODvOODkeODvOODhOS4gOimp+OBuCI+CjwvZGl2Pgo8ZGl2IGFsaWduPSJjZW50ZXIiPgoKPC9kaXY+CjwhLS0gL+OCouOCr+OCu+OCteODquODvOODkeODvOODhOOCq+ODhuOCtOODquODvCAtLT4KCgo8IS0tIOOCt+ODp+ODg+ODlOODs+OCsOOCrOOCpOODiSAtLT4KCjwhLS0gL+OCt+ODp+ODg+ODlOODs+OCsOOCrOOCpOODiSAtLT4KCgoKCgo8ZGl2IGlkPSJIZWFkZXJLZXl3b3JkIj4KPHNwYW4+5rOo55uu44Gu44Kt44O844Ov44O844OJPC9zcGFuPgrjgqvjg6vjg4jjg4rjg7zjgrjjg6UK6Z2p44Gy44KCCuOCs+ODvOODiuODvOmHkeWFtwrjgrfjg6rjgrPjg7Plnosg44Os44K444OzCuWIh+OCiuaWh+WtlyDmnKjoo70g44Gy44KJ44GM44GqCuOCv+ODg+OCu+ODqwrjg5zjgr/jg7Mg44Op44OD44OX44OW44Os44K5CjwvZGl2Pgo8IS0tIOalveWkqeaknOe0ouODkOODvOOAgOOCreODvOODr+ODvOODiUVORCAtLT4=,5omL5L2c44KK44Or44O844OX44K/44OD44K744Or44CA44Op44Kk44OI44OW44Or44O8JnRpbWVzO+ODluODqeOCpuODs+OAkOOChuOBhuODkeOCseODg+ODiEHlr77lv5zjgJHvvJrmiYvoirjmnZDmlpnjga7jgYrlupcg44Ki44Oz44K344Oj44Oz44OG5bel5oi/,6Z2p57SQIOmAmuiyqeODrOOCuOODsyDmnZDmlpnjg6zjgrjjg7Mg5Z6L44Os44K444OzIOODkeODvOODhOODj+ODs+ODieODoeOCpOODiSDmnZDmlpkg6LKp5aOy44OP44Oz44OJ44Oh44Kk44OJIOOCouOCr+OCu+OCteODquODvCDmnZDmlpnjg4/jg7Pjg4njg6HjgqTjg4kg5p2Q5paZIOa/gOWuieODj+ODs+ODieODoeOCpOODiSDjg5TjgqLjgrkg5p2Q5paZ44OP44Oz44OJ44Oh44Kk44OJIOODluODrOOCueODrOODg+ODiCDmnZDmlpnjgqvjg6vjg4jjg4rjg7zjgrjjg6Ug5p2Q5paZIOmAmuiyqeOCt+ODquOCs+ODs+ODouODvOODq+ODiSDjg6zjgrjjg7PpnanntJAgIOacrOmdqemdqee0kCDntLDjgYTjg6zjgrbjg7zjgrPjg7zjg4kgMW1t44Os44K244O844Kz44O844OJIOW5s+OCouOCr+OCu+OCteODquODvCDjg5Hjg7zjg4Qg6YCa6LKpIOOBiuOBmeOBmeOCgeOCouOCr+OCu+OCteODquODvCDph5Hlhbfjg5TjgqLjgrkg5Y+w57SZ44OU44Ki44K5IOODh+OCo+OCueODl+ODrOOCpOODrOOCuOODsyDlsIHlhaUg57Sg5p2Q5omL5L2c44KK44Or44O844OX44K/44OD44K744Or44CA44Op44Kk44OI44OW44Or44O8JnRpbWVzO+ODluODqeOCpuODs+OAkOOChuOBhuODkeOCseODg+ODiEHlr77lv5zjgJE=,44CQ44KG44GG44OR44Kx44OD44OIQeWvvuW/nOOAkeOAguaJi+S9nOOCiuODq+ODvOODl+OCv+ODg+OCu+ODq+OAgOODqeOCpOODiOODluODq+ODvCZ0aW1lczvjg5bjg6njgqbjg7PjgJDjgobjgYbjg5HjgrHjg4Pjg4hB5a++5b+c44CR[rn]
7-31622,aHR0cDovL3RzaG9wLnIxMHMuanAvcGlua21vbmtleS9jYWJpbmV0L2hhbmRtYWRlL2htLTItOTEuanBnP2ZpdGluPTcwMDo3MDA=,NTcxLjIwMDA=,,44OQ44OD44Kw44O75bCP54mp44O744OW44Op44Oz44OJ6ZuR6LKoID4g44Gd44Gu5LuW,5omL5L2c44KK5pys6Z2p44Kz44O844OJ44K/44OD44K744Or44CA44OW44Op44OD44Kv77yL44Os44OD44OJ57eo44G/6L6844G/6Z2p44OT44O844K644CQ44KG44GG44OR44Kx44OD44OIQeWvvuW/nOOAkQ==,44CQ44KG44GG44OR44Kx44OD44OIQeWvvuW/nOOAkQ==,PGRpdiBhbGlnbj0iY2VudGVyIj48dGFibGUgY2VsbHNwYWNpbmc9IjIiIGJnY29sb3I9IiNmZjAwMDAiIGNlbGxwYWRkaW5nPSI1IiB3aWR0aD0iNjAwIj48dGJvZHk+PHRyPgogICAgICA8dGQgYmdjb2xvcj0iI2ZmZmZmZiI+PGZvbnQgc2l6ZT0iLTEiIGNvbG9yPSIjZmYwMDAwIj7jgJDjgZTos7zlhaXliY3jgavlv4XjgZrjgYroqq3jgb/jgY/jgaDjgZXjgYTjgJE8YnI+CiAgICAgIDxicj4KICAgICAgPC9mb250Pjxmb250IHNpemU9Ii0xIiBjb2xvcj0iIzAwMDAwMCI+CuKAuyDmnKzoo73lk4Hjga/jgqTjg7Pjg4njgafnj77lnLDjga7kurrjgavjgojjgorjgbLjgajjgaTjgbLjgajjgaTmiYvkvZzjgorjgafkvZzjgonjgozjgabjgYTjgb7jgZnjga7jgafjg5Pjg7zjgrrjga7mn4Tjga7opovjgYjmlrnjgoTpnanntJDjga7plbfjgZXjgavlpJrlsJHjga7pgZXjgYTjgYLjgovjgarjganmjrLovInnlLvlg4/jgagK5YWo44GP5ZCM44GY5L2c44KK44Gu6KO95ZOB44GM5bGK44GP44Go44Gv6ZmQ44KK44G+44Gb44KT44CC44Gd44KM44Ge44KM5bCR44GX44Ga44Gk6YGV44GG44Kq44Oq44K444OK44Or5L2c5ZOB44Go44Gq44Gj44Gm44GK44KK44G+44GZ44CCCuWFqOS9k+eahOOBquOCq+ODqeODvOOBrue1hOOBv+WQiOOCj+OBm+OAgeODh+OCtuOCpOODs+OBr+OBu+OBvOWQjOOBmOOCiOOBhuOBquS9nOOCiuOBp+OBmeOBruOBp+OBlOWuieW/g+OBj+OBoOOBleOBhOOAgjxicj4KCuKAuyDmjrLovInnlLvlg4/jga/jgqTjg6Hjg7zjgrjnlLvlg4/jgafjgZnjgII8L2ZvbnQ+PC90ZD4KICAgIDwvdHI+PC90Ym9keT48L3RhYmxlPjwvZGl2Pjxicj48YnI+PGRpdiBhbGlnbj0iY2VudGVyIj48dGFibGUgY2VsbHNwYWNpbmc9IjEiIGNlbGxwYWRkaW5nPSI1IiB3aWR0aD0iNjAwIiBiZ2NvbG9yPSIjMDAwMDAwIiBhbGlnbj0iY2VudGVyIj4KICA8dHI+CiAgICA8dGQgd2lkdGg9IjYxIiBhbGlnbj0iY2VudGVyIiBiZ2NvbG9yPSIjZjBmMGYwIj48Zm9udCBjb2xvcj0iIzY2NjY2NiIgc2l6ZT0iMiI+5ZWG5ZOB5ZCNPC9mb250PjwvdGQ+CiAgICA8dGQgYmdjb2xvcj0iI2ZmZmZmZiI+PGZvbnQgY29sb3I9IiMwMDAwMDAiIHNpemU9LTE+5omL5L2c44KK5pys6Z2p44Kz44O844OJ44K/44OD44K744Or44CAPGJyPuODluODqeODg+OCr++8i+ODrOODg+ODiee3qOi+vOOBv+mdqeODk+ODvOOCujwvZm9udD48L3RkPgogIDwvdHI+CiAgPHRyPgogICAgPHRkIGJnY29sb3I9IiNmMGYwZjAiIGFsaWduPSJjZW50ZXIiIHdpZHRoPSI2MSI+PGZvbnQgY29sb3I9IiM2NjY2NjYiIHNpemU9IjIiPuOCteOCpOOCuijntIQpPC9mb250PjwvdGQ+CiAgICA8dGQgYmdjb2xvcj0iI2ZmZmZmZiI+PGZvbnQgY29sb3I9IiMwMDAwMDAiIHNpemU9LTE+5pyA6ZW377yaMThjbe+8iOOCueODiOODqeODg+ODl+mDqOWIhuWQq+OCgO+8iTwvZm9udD48L3RkPgogIDwvdHI+CiAgPHRyPgogICAgIDx0ZCBiZ2NvbG9yPSIjZjBmMGYwIiBhbGlnbj0iY2VudGVyIiB3aWR0aD0iNjEiPjxmb250IGNvbG9yPSIjNjY2NjY2IiBzaXplPSIyIj7ntKDmnZA8L2ZvbnQ+PC90ZD4KICAgICA8dGQgYmdjb2xvcj0iI2ZmZmZmZiI+PGZvbnQgY29sb3I9IiMwMDAwMDAiIHNpemU9LTE+54mb6Z2pPC9mb250PjwvdGQ+CiAgPC90cj4KICAgCiAgPHRyPgogICAgIDx0ZCBiZ2NvbG9yPSIjZjBmMGYwIiBhbGlnbj0iY2VudGVyIiB3aWR0aD0iNjEiPjxmb250IGNvbG9yPSIjNjY2NjY2IiBzaXplPSIyIj7lgpnogIM8L2ZvbnQ+PC90ZD4KICAgICA8dGQgYmdjb2xvcj0iI2ZmZmZmZiI+PGZvbnQgY29sb3I9IiNmZjAwMDAiIHNpemU9Ii0xIj7igLvjgYrkvb/jgYTjga5QQ+eSsOWig+OBq+OCiOOCiuWun+mam+OBruOBiuiJsuOBqOeVsOOBquOCi+WgtOWQiOOBjOOBlOOBluOBhOOBvuOBmeOBruOBp+S6iOOCgeOBlOS6huaJv+OBj+OBoOOBleOBhOOBvuOBm+OAgjwvZm9udD48L3RkPgogIDwvdHI+CjwvdGFibGU+PC9kaXY+PGJyPjxicj4KPGRpdiBhbGlnbj0iY2VudGVyIj48aW1nIHNyYz0iaHR0cDovL2ltYWdlLnJha3V0ZW4uY28uanAvcGlua21vbmtleS9jYWJpbmV0L2NhdGVnb3J5L3Rhc3NlbDYwMC5qcGciIGJvcmRlcj0iMCI+PC9kaXY+PGJyPjxicj4KPGRpdiBhbGlnbj0iY2VudGVyIj48aW1nIHNyYz0iaHR0cDovL2ltYWdlLnJha3V0ZW4uY28uanAvcGlua21vbmtleS9jYWJpbmV0L2NhdGVnb3J5L2htNjAwLWxlYXRoZWJlYWRzLmpwZyIgYm9yZGVyPSIwIj48L2Rpdj4KPGJyPjxicj4KPGRpdj4KCjwvZGl2Pjxicj48YnI+CgoKCgoKPGJyPjxicj4KCjxkaXY+Cgo8L2Rpdj48c3R5bGU+CgovKuWVhuWTgeODmuODvOOCuCovCgpzcGFuLnByaWNlMSB7CglkaXNwbGF5OiBibG9jayAhaW1wb3J0YW50OwoJZm9udC1zaXplOiAxMnB4ICFpbXBvcnRhbnQ7Cgljb2xvcjogI2ZmMDAwMCAhaW1wb3J0YW50OwoJdmVydGljYWwtYWxpZ246IGJvdHRvbSAhaW1wb3J0YW50OwoJbGluZS1oZWlnaHQ6IDEuMmVtICFpbXBvcnRhbnQ7CglwYWRkaW5nLXRvcDogMC42ZW0gIWltcG9ydGFudDsKCXBhZGRpbmctcmlnaHQ6IDFlbSAhaW1wb3J0YW50Owp9CgpzcGFuLnByaWNlMiB7Cglmb250LXNpemU6IDIwcHggIWltcG9ydGFudDsKCWZvbnQtd2VpZ2h0OiBib2xkICFpbXBvcnRhbnQ7Cgljb2xvcjogI2ZmMDAwMCAhaW1wb3J0YW50OwoJdmVydGljYWwtYWxpZ246IGJvdHRvbSAhaW1wb3J0YW50OwoJbGluZS1oZWlnaHQ6IDEuMmVtIWltcG9ydGFudDsKfQoKLyog44GK5rCX44Gr5YWl44KK5ZWG5ZOB55m76Yyy55S75YOP5aSJ5pu0ICovCmJvZHkgI3Jha3V0ZW5MaW1pdGVkSWRfYXJvdW5kQ2FydCBkaXYuYmttewp3aWR0aDogMzA2cHggIWltcG9ydGFudDsKfQpib2R5IGRpdi5ib29rbWFya0FyZWEgZGl2LmJrbSBhLmFkZEJrbSBzcGFuLmJrbVN0YXIgewp3aWR0aDogMzA2cHggIWltcG9ydGFudDsKaGVpZ2h0OiA0OHB4ICFpbXBvcnRhbnQ7CmJhY2tncm91bmQ6IHVybChodHRwOi8vaW1hZ2UucmFrdXRlbi5jby5qcC9waW5rbW9ua2V5L2NhYmluZXQvZmF2X2J1dHRvbl9hZnRlcjIuZ2lmKSBuby1yZXBlYXQgMCAwICFpbXBvcnRhbnQ7Cn0KYm9keSBkaXYuYm9va21hcmtBcmVhIGRpdi5ia20gYS5hZGRCa20gewp3aWR0aDogMzA2cHggIWltcG9ydGFudDsKaGVpZ2h0OiA0OHB4ICFpbXBvcnRhbnQ7Cn0KCi8qIOOBiuawl+OBq+WFpeOCiuOCt+ODp+ODg+ODl+eZu+mMsueUu+WDj+WkieabtCAqLwpib2R5ICNyYWt1dGVuTGltaXRlZElkX2Fyb3VuZENhcnQgZGl2LnNob3BCa217CndpZHRoOiAzMDZweCAhaW1wb3J0YW50OwpwYWRkaW5nLWxlZnQ6IDBweCAhaW1wb3J0YW50Owp9CmJvZHkgZGl2LnNob3BCb29rbWFya0FyZWEgZGl2LnNob3BCa20gYS5hZGRTaG9wQmttIHNwYW4uc2hvcEJrbVN0YXIgewp3aWR0aDogMzA2cHggIWltcG9ydGFudDsKaGVpZ2h0OiA0OHB4ICFpbXBvcnRhbnQ7CmJhY2tncm91bmQ6IHVybChodHRwOi8vaW1hZ2UucmFrdXRlbi5jby5qcC9waW5rbW9ua2V5L2NhYmluZXQvZmF2c2hvcF9idXR0b25fYWZ0ZXIuZ2lmKSBuby1yZXBlYXQgMCAwICFpbXBvcnRhbnQ7Cn0KYm9keSBkaXYuc2hvcEJvb2ttYXJrQXJlYSBkaXYuc2hvcEJrbSBhLmFkZFNob3BCa20gewp3aWR0aDogMzA2cHggIWltcG9ydGFudDsKaGVpZ2h0OiA0OHB4ICFpbXBvcnRhbnQ7Cn0KCgovKiDlgIvmlbDlhaXlipvmrITjga7lpKfjgY3jgZUgKi8KaW5wdXQjdW5pdHMgewpwYWRkaW5nOiAxcHggMHB4Owp9CgovKiDjgYrosrfjgYTnianjgYvjgZTjg5zjgr/jg7Pjga7lpKfjgY3jgZUgKi8KaW5wdXQgewpmb250LXNpemU6IDE3cHg7CnBhZGRpbmc6MTBweCA0MHB4Owp3aWR0aDogYXV0bzsKZm9udC1mYW1pbHk6IuODkuODqeOCruODjuinkuOCtCBQcm8gVzMiLCAiSGlyYWdpbm8gS2FrdSBHb3RoaWMgUHJvIiwgIuODoeOCpOODquOCqiIsIE1laXJ5bywgT3Nha2EsICLvvK3vvLMg77yw44K044K344OD44KvIiwgIk1TIFBHb3RoaWMiLCBzYW5zLXNlcmlmCn0KCi8qIOOAjOWVhuWTgeOBq+OBpOOBhOOBpuOBruWVj+OBhOWQiOOCj+OBm+OAjeODnOOCv+ODs+OBruWkp+OBjeOBlSovCmZvbnQgaW5wdXQgewpmb250LXNpemU6IDEycHg7CnBhZGRpbmc6MnB4Owp3aWR0aDogMTUwcHg7Cn0KCi8q44CM6aCF55uu6YG45oqe6IKi6YOo5YiG44CNKi8KLmludmVudG9yeSBpbnB1dHsKZm9udC1zaXplOiAxMnB4OwpiYWNrZ3JvdW5kOiNmZmY7Cn0KCgovKiDpoIXnm67pgbjmip7ogqLntI3mnJ/jg5Xjgqnjg7Pjg4jjgrXjgqTjgroqLwoKdGQuaW52ZW50b3J5IGZvbnR7Zm9udC1zaXplOjEycHg7Y29sb3I6I2ZmMDAwMDt9CgovKiDpoIXnm67pgbjmip7ogqIqLwoKI3Jha3V0ZW5MaW1pdGVkSWRfYXJvdW5kQ2FydCBzZWxlY3QgewptYXJnaW46NXB4IDBweDsKcGFkZGluZzo1cHg7Cn0KCiNyYWt1dGVuTGltaXRlZElkX2Fyb3VuZENhcnQgc3Bhbi5jaG9pY2U6YmVmb3J7CmNvbnRlbnQ6IHVybCgpOwp9CgovKiDov73lvpPjgqvjg7zjg4jkuIvjgYvjgonjga7pq5jjgZUqLwoKZGl2ICNzY3JvbGxVcHsKYm90dG9tOiAzMHB4Owp9CgovKiDmpb3lpKnmpJzntKLjg5Djg7zjgIDjgq3jg7zjg6/jg7zjg4kgKi8KCmRpdiNIZWFkZXJLZXl3b3JkIHsKCXBvc2l0aW9uOmFic29sdXRlOwoJdG9wOjUwcHg7LyrkuIDnlarkuIrjgYvjgonjga7kvY3nva4qLwoJbGVmdDozMHB4Oy8q5bem56uv44GL44KJ44Gu5L2N572uKi8KfQoKZGl2I0hlYWRlcktleXdvcmQgc3BhbiB7CgliYWNrZ3JvdW5kOiAjYmYwMDAwOwoJY29sb3I6I2ZmZjsKCWZvbnQtd2VpZ2h0OmJvbGQ7CglwYWRkaW5nOjJweCA1cHg7Cn0KCmRpdiNIZWFkZXJLZXl3b3JkIGEgewoJY29sb3I6IzAwNDRDQzsKfQoKPC9zdHlsZT4KCgoKCjwhLS0g44Ki44Kv44K744K144Oq44O844OR44O844OE44Kr44OG44K044Oq44O8IC0tPgo8ZGl2IGFsaWduPSJjZW50ZXIiPgo8aW1nIHNyYz0iaHR0cDovL2ltYWdlLnJha3V0ZW4uY28uanAvcGlua21vbmtleS9jYWJpbmV0L2NhdGVnb3J5L2htNzYwLmpwZyIgYWx0PSLjgqLjgq/jgrvjgrXjg6rjg7zjg5Hjg7zjg4TkuIDopqfjgbgiPgo8L2Rpdj4KPGRpdiBhbGlnbj0iY2VudGVyIj4KCjwvZGl2Pgo8IS0tIC/jgqLjgq/jgrvjgrXjg6rjg7zjg5Hjg7zjg4Tjgqvjg4bjgrTjg6rjg7wgLS0+CgoKPCEtLSDjgrfjg6fjg4Pjg5Tjg7PjgrDjgqzjgqTjg4kgLS0+Cgo8IS0tIC/jgrfjg6fjg4Pjg5Tjg7PjgrDjgqzjgqTjg4kgLS0+CgoKCgoKPGRpdiBpZD0iSGVhZGVyS2V5d29yZCI+CjxzcGFuPuazqOebruOBruOCreODvOODr+ODvOODiTwvc3Bhbj4K44Kr44Or44OI44OK44O844K444OlCumdqeOBsuOCggrjgrPjg7zjg4rjg7zph5HlhbcK44K344Oq44Kz44Oz5Z6LIOODrOOCuOODswrliIfjgormloflrZcg5pyo6KO9IOOBsuOCieOBjOOBqgrjgr/jg4Pjgrvjg6sK44Oc44K/44OzIOODqeODg+ODl+ODluODrOOCuQo8L2Rpdj4KPCEtLSDmpb3lpKnmpJzntKLjg5Djg7zjgIDjgq3jg7zjg6/jg7zjg4lFTkQgLS0+,5omL5L2c44KK5pys6Z2p44Kz44O844OJ44K/44OD44K744Or44CA44OW44Op44OD44Kv77yL44Os44OD44OJ57eo44G/6L6844G/6Z2p44OT44O844K644CQ44KG44GG44OR44Kx44OD44OIQeWvvuW/nOOAke+8muaJi+iKuOadkOaWmeOBruOBiuW6lyDjgqLjg7Pjgrfjg6Pjg7Pjg4blt6XmiL8=,6Z2p57SQIOmAmuiyqeODrOOCuOODsyDmnZDmlpnjg6zjgrjjg7Mg5Z6L44Os44K444OzIOODkeODvOODhOODj+ODs+ODieODoeOCpOODiSDmnZDmlpkg6LKp5aOy44OP44Oz44OJ44Oh44Kk44OJIOOCouOCr+OCu+OCteODquODvCDmnZDmlpnjg4/jg7Pjg4njg6HjgqTjg4kg5p2Q5paZIOa/gOWuieODj+ODs+ODieODoeOCpOODiSDjg5TjgqLjgrkg5p2Q5paZ44OP44Oz44OJ44Oh44Kk44OJIOODluODrOOCueODrOODg+ODiCDmnZDmlpnjgqvjg6vjg4jjg4rjg7zjgrjjg6Ug5p2Q5paZIOmAmuiyqeOCt+ODquOCs+ODs+ODouODvOODq+ODiSDjg6zjgrjjg7PpnanntJAgIOacrOmdqemdqee0kCDntLDjgYTjg6zjgrbjg7zjgrPjg7zjg4kgMW1t44Os44K244O844Kz44O844OJIOW5s+OCouOCr+OCu+OCteODquODvCDjg5Hjg7zjg4Qg6YCa6LKpIOOBiuOBmeOBmeOCgeOCouOCr+OCu+OCteODquODvCDph5Hlhbfjg5TjgqLjgrkg5Y+w57SZ44OU44Ki44K5IOODh+OCo+OCueODl+ODrOOCpOODrOOCuOODsyDlsIHlhaUg57Sg5p2Q5omL5L2c44KK5pys6Z2p44Kz44O844OJ44K/44OD44K744Or44CA44OW44Op44OD44Kv77yL44Os44OD44OJ57eo44G/6L6844G/6Z2p44OT44O844K644CQ44KG44GG44OR44Kx44OD44OIQeWvvuW/nOOAkQ==,44CQ44KG44GG44OR44Kx44OD44OIQeWvvuW/nOOAkeOAguaJi+S9nOOCiuacrOmdqeOCs+ODvOODieOCv+ODg+OCu+ODq+OAgOODluODqeODg+OCr++8i+ODrOODg+ODiee3qOOBv+i+vOOBv+mdqeODk+ODvOOCuuOAkOOChuOBhuODkeOCseODg+ODiEHlr77lv5zjgJE=[rn]
7-31623,aHR0cDovL3RzaG9wLnIxMHMuanAvcGlua21vbmtleS9jYWJpbmV0L2hhbmRtYWRlL2htLTItMTAwLmpwZz9maXRpbj03MDA6NzAw,ODAwLjAwMDA=,,44OQ44OD44Kw44O75bCP54mp44O744OW44Op44Oz44OJ6ZuR6LKoID4g44Gd44Gu5LuW,5omL5L2c44KK5pys6Z2p44OT44O844K644K/44OD44K744Or44CA44OW44Op44Km44Oz57O7NeOAkOOChuOBhuODkeOCseODg+ODiEHlr77lv5zjgJE=,44CQ44KG44GG44OR44Kx44OD44OIQeWvvuW/nOOAkQ==,PGRpdiBhbGlnbj0iY2VudGVyIj48dGFibGUgY2VsbHNwYWNpbmc9IjIiIGJnY29sb3I9IiNmZjAwMDAiIGNlbGxwYWRkaW5nPSI1IiB3aWR0aD0iNjAwIj48dGJvZHk+PHRyPgogICAgICA8dGQgYmdjb2xvcj0iI2ZmZmZmZiI+PGZvbnQgc2l6ZT0iLTEiIGNvbG9yPSIjZmYwMDAwIj7jgJDjgZTos7zlhaXliY3jgavlv4XjgZrjgYroqq3jgb/jgY/jgaDjgZXjgYTjgJE8YnI+CiAgICAgIDxicj4KICAgICAgPC9mb250Pjxmb250IHNpemU9Ii0xIiBjb2xvcj0iIzAwMDAwMCI+CuKAuyDmnKzoo73lk4Hjga/jgqTjg7Pjg4njgafnj77lnLDjga7kurrjgavjgojjgorjgbLjgajjgaTjgbLjgajjgaTmiYvkvZzjgorjgafkvZzjgonjgozjgabjgYTjgb7jgZnjga7jgafjg5Pjg7zjgrrjga7mn4Tjga7opovjgYjmlrnjgoTpnanntJDjga7plbfjgZXjgavlpJrlsJHjga7pgZXjgYTjgYLjgovjgarjganmjrLovInnlLvlg4/jgagK5YWo44GP5ZCM44GY5L2c44KK44Gu6KO95ZOB44GM5bGK44GP44Go44Gv6ZmQ44KK44G+44Gb44KT44CC44Gd44KM44Ge44KM5bCR44GX44Ga44Gk6YGV44GG44Kq44Oq44K444OK44Or5L2c5ZOB44Go44Gq44Gj44Gm44GK44KK44G+44GZ44CCCuWFqOS9k+eahOOBquOCq+ODqeODvOOBrue1hOOBv+WQiOOCj+OBm+OAgeODh+OCtuOCpOODs+OBr+OBu+OBvOWQjOOBmOOCiOOBhuOBquS9nOOCiuOBp+OBmeOBruOBp+OBlOWuieW/g+OBj+OBoOOBleOBhOOAgjxicj4KCuKAuyDmjrLovInnlLvlg4/jga/jgqTjg6Hjg7zjgrjnlLvlg4/jgafjgZnjgII8L2ZvbnQ+PC90ZD4KICAgIDwvdHI+PC90Ym9keT48L3RhYmxlPjwvZGl2Pjxicj48YnI+PGRpdiBhbGlnbj0iY2VudGVyIj48dGFibGUgY2VsbHNwYWNpbmc9IjEiIGNlbGxwYWRkaW5nPSI1IiB3aWR0aD0iNjAwIiBiZ2NvbG9yPSIjMDAwMDAwIiBhbGlnbj0iY2VudGVyIj4KICA8dHI+CiAgICA8dGQgd2lkdGg9IjYxIiBhbGlnbj0iY2VudGVyIiBiZ2NvbG9yPSIjZjBmMGYwIj48Zm9udCBjb2xvcj0iIzY2NjY2NiIgc2l6ZT0iMiI+5ZWG5ZOB5ZCNPC9mb250PjwvdGQ+CiAgICA8dGQgYmdjb2xvcj0iI2ZmZmZmZiI+PGZvbnQgY29sb3I9IiMwMDAwMDAiIHNpemU9LTE+5omL5L2c44KK5pys6Z2p44OT44O844K644K/44OD44K744Or44CA44OW44Op44Km44Oz57O7NTxicj4KICAgICAgICA8L2ZvbnQ+PC90ZD4KICA8L3RyPgogIDx0cj4KICAgIDx0ZCBiZ2NvbG9yPSIjZjBmMGYwIiBhbGlnbj0iY2VudGVyIiB3aWR0aD0iNjEiPjxmb250IGNvbG9yPSIjNjY2NjY2IiBzaXplPSIyIj7jgrXjgqTjgroo57SEKTwvZm9udD48L3RkPgogICAgPHRkIGJnY29sb3I9IiNmZmZmZmYiPjxmb250IGNvbG9yPSIjMDAwMDAwIiBzaXplPS0xPuacgOmVt++8mjE0LjVjbe+8iOOCueODiOODqeODg+ODl+mDqOWIhuWQq+OCgO+8iS/mqKrluYXvvJo3Y208L2ZvbnQ+PC90ZD4KICA8L3RyPgogIDx0cj4KICAgICA8dGQgYmdjb2xvcj0iI2YwZjBmMCIgYWxpZ249ImNlbnRlciIgd2lkdGg9IjYxIj48Zm9udCBjb2xvcj0iIzY2NjY2NiIgc2l6ZT0iMiI+57Sg5p2QPC9mb250PjwvdGQ+CiAgICAgPHRkIGJnY29sb3I9IiNmZmZmZmYiPjxmb250IGNvbG9yPSIjMDAwMDAwIiBzaXplPS0xPueJm+mdqTwvZm9udD48L3RkPgogIDwvdHI+CiAgIAogIDx0cj4KICAgICA8dGQgYmdjb2xvcj0iI2YwZjBmMCIgYWxpZ249ImNlbnRlciIgd2lkdGg9IjYxIj48Zm9udCBjb2xvcj0iIzY2NjY2NiIgc2l6ZT0iMiI+5YKZ6ICDPC9mb250PjwvdGQ+CiAgICAgPHRkIGJnY29sb3I9IiNmZmZmZmYiPjxmb250IGNvbG9yPSIjZmYwMDAwIiBzaXplPSItMSI+4oC744GK5L2/44GE44GuUEPnkrDlooPjgavjgojjgorlrp/pmpvjga7jgYroibLjgajnlbDjgarjgovloLTlkIjjgYzjgZTjgZbjgYTjgb7jgZnjga7jgafkuojjgoHjgZTkuobmib/jgY/jgaDjgZXjgYTjgb7jgZvjgII8L2ZvbnQ+PC90ZD4KICA8L3RyPgo8L3RhYmxlPjwvZGl2Pjxicj48YnI+CjxkaXYgYWxpZ249ImNlbnRlciI+PGltZyBzcmM9Imh0dHA6Ly9pbWFnZS5yYWt1dGVuLmNvLmpwL3Bpbmttb25rZXkvY2FiaW5ldC9jYXRlZ29yeS90YXNzZWw2MDAuanBnIiBib3JkZXI9IjAiPjwvZGl2Pjxicj48YnI+CjxkaXYgYWxpZ249ImNlbnRlciI+PGltZyBzcmM9Imh0dHA6Ly9pbWFnZS5yYWt1dGVuLmNvLmpwL3Bpbmttb25rZXkvY2FiaW5ldC9jYXRlZ29yeS9obTYwMC1sZWF0aGViZWFkcy5qcGciIGJvcmRlcj0iMCI+PC9kaXY+Cjxicj48YnI+CjxkaXY+Cgo8L2Rpdj48YnI+PGJyPgoKCgoKCjxicj48YnI+Cgo8ZGl2PgoKPC9kaXY+PHN0eWxlPgoKLyrllYblk4Hjg5rjg7zjgrgqLwoKc3Bhbi5wcmljZTEgewoJZGlzcGxheTogYmxvY2sgIWltcG9ydGFudDsKCWZvbnQtc2l6ZTogMTJweCAhaW1wb3J0YW50OwoJY29sb3I6ICNmZjAwMDAgIWltcG9ydGFudDsKCXZlcnRpY2FsLWFsaWduOiBib3R0b20gIWltcG9ydGFudDsKCWxpbmUtaGVpZ2h0OiAxLjJlbSAhaW1wb3J0YW50OwoJcGFkZGluZy10b3A6IDAuNmVtICFpbXBvcnRhbnQ7CglwYWRkaW5nLXJpZ2h0OiAxZW0gIWltcG9ydGFudDsKfQoKc3Bhbi5wcmljZTIgewoJZm9udC1zaXplOiAyMHB4ICFpbXBvcnRhbnQ7Cglmb250LXdlaWdodDogYm9sZCAhaW1wb3J0YW50OwoJY29sb3I6ICNmZjAwMDAgIWltcG9ydGFudDsKCXZlcnRpY2FsLWFsaWduOiBib3R0b20gIWltcG9ydGFudDsKCWxpbmUtaGVpZ2h0OiAxLjJlbSFpbXBvcnRhbnQ7Cn0KCi8qIOOBiuawl+OBq+WFpeOCiuWVhuWTgeeZu+mMsueUu+WDj+WkieabtCAqLwpib2R5ICNyYWt1dGVuTGltaXRlZElkX2Fyb3VuZENhcnQgZGl2LmJrbXsKd2lkdGg6IDMwNnB4ICFpbXBvcnRhbnQ7Cn0KYm9keSBkaXYuYm9va21hcmtBcmVhIGRpdi5ia20gYS5hZGRCa20gc3Bhbi5ia21TdGFyIHsKd2lkdGg6IDMwNnB4ICFpbXBvcnRhbnQ7CmhlaWdodDogNDhweCAhaW1wb3J0YW50OwpiYWNrZ3JvdW5kOiB1cmwoaHR0cDovL2ltYWdlLnJha3V0ZW4uY28uanAvcGlua21vbmtleS9jYWJpbmV0L2Zhdl9idXR0b25fYWZ0ZXIyLmdpZikgbm8tcmVwZWF0IDAgMCAhaW1wb3J0YW50Owp9CmJvZHkgZGl2LmJvb2ttYXJrQXJlYSBkaXYuYmttIGEuYWRkQmttIHsKd2lkdGg6IDMwNnB4ICFpbXBvcnRhbnQ7CmhlaWdodDogNDhweCAhaW1wb3J0YW50Owp9CgovKiDjgYrmsJfjgavlhaXjgorjgrfjg6fjg4Pjg5fnmbvpjLLnlLvlg4/lpInmm7QgKi8KYm9keSAjcmFrdXRlbkxpbWl0ZWRJZF9hcm91bmRDYXJ0IGRpdi5zaG9wQmttewp3aWR0aDogMzA2cHggIWltcG9ydGFudDsKcGFkZGluZy1sZWZ0OiAwcHggIWltcG9ydGFudDsKfQpib2R5IGRpdi5zaG9wQm9va21hcmtBcmVhIGRpdi5zaG9wQmttIGEuYWRkU2hvcEJrbSBzcGFuLnNob3BCa21TdGFyIHsKd2lkdGg6IDMwNnB4ICFpbXBvcnRhbnQ7CmhlaWdodDogNDhweCAhaW1wb3J0YW50OwpiYWNrZ3JvdW5kOiB1cmwoaHR0cDovL2ltYWdlLnJha3V0ZW4uY28uanAvcGlua21vbmtleS9jYWJpbmV0L2ZhdnNob3BfYnV0dG9uX2FmdGVyLmdpZikgbm8tcmVwZWF0IDAgMCAhaW1wb3J0YW50Owp9CmJvZHkgZGl2LnNob3BCb29rbWFya0FyZWEgZGl2LnNob3BCa20gYS5hZGRTaG9wQmttIHsKd2lkdGg6IDMwNnB4ICFpbXBvcnRhbnQ7CmhlaWdodDogNDhweCAhaW1wb3J0YW50Owp9CgoKLyog5YCL5pWw5YWl5Yqb5qyE44Gu5aSn44GN44GVICovCmlucHV0I3VuaXRzIHsKcGFkZGluZzogMXB4IDBweDsKfQoKLyog44GK6LK344GE54mp44GL44GU44Oc44K/44Oz44Gu5aSn44GN44GVICovCmlucHV0IHsKZm9udC1zaXplOiAxN3B4OwpwYWRkaW5nOjEwcHggNDBweDsKd2lkdGg6IGF1dG87CmZvbnQtZmFtaWx5OiLjg5Ljg6njgq7jg47op5LjgrQgUHJvIFczIiwgIkhpcmFnaW5vIEtha3UgR290aGljIFBybyIsICLjg6HjgqTjg6rjgqoiLCBNZWlyeW8sIE9zYWthLCAi77yt77yzIO+8sOOCtOOCt+ODg+OCryIsICJNUyBQR290aGljIiwgc2Fucy1zZXJpZgp9CgovKiDjgIzllYblk4HjgavjgaTjgYTjgabjga7llY/jgYTlkIjjgo/jgZvjgI3jg5zjgr/jg7Pjga7lpKfjgY3jgZUqLwpmb250IGlucHV0IHsKZm9udC1zaXplOiAxMnB4OwpwYWRkaW5nOjJweDsKd2lkdGg6IDE1MHB4Owp9CgovKuOAjOmgheebrumBuOaKnuiCoumDqOWIhuOAjSovCi5pbnZlbnRvcnkgaW5wdXR7CmZvbnQtc2l6ZTogMTJweDsKYmFja2dyb3VuZDojZmZmOwp9CgoKLyog6aCF55uu6YG45oqe6IKi57SN5pyf44OV44Kp44Oz44OI44K144Kk44K6Ki8KCnRkLmludmVudG9yeSBmb250e2ZvbnQtc2l6ZToxMnB4O2NvbG9yOiNmZjAwMDA7fQoKLyog6aCF55uu6YG45oqe6IKiKi8KCiNyYWt1dGVuTGltaXRlZElkX2Fyb3VuZENhcnQgc2VsZWN0IHsKbWFyZ2luOjVweCAwcHg7CnBhZGRpbmc6NXB4Owp9CgojcmFrdXRlbkxpbWl0ZWRJZF9hcm91bmRDYXJ0IHNwYW4uY2hvaWNlOmJlZm9yewpjb250ZW50OiB1cmwoKTsKfQoKLyog6L+95b6T44Kr44O844OI5LiL44GL44KJ44Gu6auY44GVKi8KCmRpdiAjc2Nyb2xsVXB7CmJvdHRvbTogMzBweDsKfQoKLyog5qW95aSp5qSc57Si44OQ44O844CA44Kt44O844Ov44O844OJICovCgpkaXYjSGVhZGVyS2V5d29yZCB7Cglwb3NpdGlvbjphYnNvbHV0ZTsKCXRvcDo1MHB4Oy8q5LiA55Wq5LiK44GL44KJ44Gu5L2N572uKi8KCWxlZnQ6MzBweDsvKuW3puerr+OBi+OCieOBruS9jee9riovCn0KCmRpdiNIZWFkZXJLZXl3b3JkIHNwYW4gewoJYmFja2dyb3VuZDogI2JmMDAwMDsKCWNvbG9yOiNmZmY7Cglmb250LXdlaWdodDpib2xkOwoJcGFkZGluZzoycHggNXB4Owp9CgpkaXYjSGVhZGVyS2V5d29yZCBhIHsKCWNvbG9yOiMwMDQ0Q0M7Cn0KCjwvc3R5bGU+CgoKCgo8IS0tIOOCouOCr+OCu+OCteODquODvOODkeODvOODhOOCq+ODhuOCtOODquODvCAtLT4KPGRpdiBhbGlnbj0iY2VudGVyIj4KPGltZyBzcmM9Imh0dHA6Ly9pbWFnZS5yYWt1dGVuLmNvLmpwL3Bpbmttb25rZXkvY2FiaW5ldC9jYXRlZ29yeS9obTc2MC5qcGciIGFsdD0i44Ki44Kv44K744K144Oq44O844OR44O844OE5LiA6Kan44G4Ij4KPC9kaXY+CjxkaXYgYWxpZ249ImNlbnRlciI+Cgo8L2Rpdj4KPCEtLSAv44Ki44Kv44K744K144Oq44O844OR44O844OE44Kr44OG44K044Oq44O8IC0tPgoKCjwhLS0g44K344On44OD44OU44Oz44Kw44Ks44Kk44OJIC0tPgoKPCEtLSAv44K344On44OD44OU44Oz44Kw44Ks44Kk44OJIC0tPgoKCgoKCjxkaXYgaWQ9IkhlYWRlcktleXdvcmQiPgo8c3Bhbj7ms6jnm67jga7jgq3jg7zjg6/jg7zjg4k8L3NwYW4+CuOCq+ODq+ODiOODiuODvOOCuOODpQrpnanjgbLjgoIK44Kz44O844OK44O86YeR5YW3CuOCt+ODquOCs+ODs+WeiyDjg6zjgrjjg7MK5YiH44KK5paH5a2XIOacqOijvSDjgbLjgonjgYzjgaoK44K/44OD44K744OrCuODnOOCv+ODsyDjg6njg4Pjg5fjg5bjg6zjgrkKPC9kaXY+CjwhLS0g5qW95aSp5qSc57Si44OQ44O844CA44Kt44O844Ov44O844OJRU5EIC0tPg==,5omL5L2c44KK5pys6Z2p44OT44O844K644K/44OD44K744Or44CA44OW44Op44Km44Oz57O7NeOAkOOChuOBhuODkeOCseODg+ODiEHlr77lv5zjgJHvvJrmiYvoirjmnZDmlpnjga7jgYrlupcg44Ki44Oz44K344Oj44Oz44OG5bel5oi/,6Z2p57SQIOmAmuiyqeODrOOCuOODsyDmnZDmlpnjg6zjgrjjg7Mg5Z6L44Os44K444OzIOODkeODvOODhOODj+ODs+ODieODoeOCpOODiSDmnZDmlpkg6LKp5aOy44OP44Oz44OJ44Oh44Kk44OJIOOCouOCr+OCu+OCteODquODvCDmnZDmlpnjg4/jg7Pjg4njg6HjgqTjg4kg5p2Q5paZIOa/gOWuieODj+ODs+ODieODoeOCpOODiSDjg5TjgqLjgrkg5p2Q5paZ44OP44Oz44OJ44Oh44Kk44OJIOODluODrOOCueODrOODg+ODiCDmnZDmlpnjgqvjg6vjg4jjg4rjg7zjgrjjg6Ug5p2Q5paZIOmAmuiyqeOCt+ODquOCs+ODs+ODouODvOODq+ODiSDjg6zjgrjjg7PpnanntJAgIOacrOmdqemdqee0kCDntLDjgYTjg6zjgrbjg7zjgrPjg7zjg4kgMW1t44Os44K244O844Kz44O844OJIOW5s+OCouOCr+OCu+OCteODquODvCDjg5Hjg7zjg4Qg6YCa6LKpIOOBiuOBmeOBmeOCgeOCouOCr+OCu+OCteODquODvCDph5Hlhbfjg5TjgqLjgrkg5Y+w57SZ44OU44Ki44K5IOODh+OCo+OCueODl+ODrOOCpOODrOOCuOODsyDlsIHlhaUg57Sg5p2Q5omL5L2c44KK5pys6Z2p44OT44O844K644K/44OD44K744Or44CA44OW44Op44Km44Oz57O7NeOAkOOChuOBhuODkeOCseODg+ODiEHlr77lv5zjgJE=,44CQ44KG44GG44OR44Kx44OD44OIQeWvvuW/nOOAkeOAguaJi+S9nOOCiuacrOmdqeODk+ODvOOCuuOCv+ODg+OCu+ODq+OAgOODluODqeOCpuODs+ezuzXjgJDjgobjgYbjg5HjgrHjg4Pjg4hB5a++5b+c44CR[rn]
7-31624,aHR0cDovL3RzaG9wLnIxMHMuanAvcGlua21vbmtleS9jYWJpbmV0L2hhbmRtYWRlL2htLTItMTAyLmpwZz9maXRpbj03MDA6NzAw,ODAwLjAwMDA=,,44OQ44OD44Kw44O75bCP54mp44O744OW44Op44Oz44OJ6ZuR6LKoID4g44Gd44Gu5LuW,5omL5L2c44KK5pys6Z2p44OT44O844K644K/44OD44K744Or44CA44OW44Op44Km44Oz57O7N+OAkOOChuOBhuODkeOCseODg+ODiEHlr77lv5zjgJE=,44CQ44KG44GG44OR44Kx44OD44OIQeWvvuW/nOOAkQ==,PGRpdiBhbGlnbj0iY2VudGVyIj48dGFibGUgY2VsbHNwYWNpbmc9IjIiIGJnY29sb3I9IiNmZjAwMDAiIGNlbGxwYWRkaW5nPSI1IiB3aWR0aD0iNjAwIj48dGJvZHk+PHRyPgogICAgICA8dGQgYmdjb2xvcj0iI2ZmZmZmZiI+PGZvbnQgc2l6ZT0iLTEiIGNvbG9yPSIjZmYwMDAwIj7jgJDjgZTos7zlhaXliY3jgavlv4XjgZrjgYroqq3jgb/jgY/jgaDjgZXjgYTjgJE8YnI+CiAgICAgIDxicj4KICAgICAgPC9mb250Pjxmb250IHNpemU9Ii0xIiBjb2xvcj0iIzAwMDAwMCI+CuKAuyDmnKzoo73lk4Hjga/jgqTjg7Pjg4njgafnj77lnLDjga7kurrjgavjgojjgorjgbLjgajjgaTjgbLjgajjgaTmiYvkvZzjgorjgafkvZzjgonjgozjgabjgYTjgb7jgZnjga7jgafjg5Pjg7zjgrrjga7mn4Tjga7opovjgYjmlrnjgoTpnanntJDjga7plbfjgZXjgavlpJrlsJHjga7pgZXjgYTjgYLjgovjgarjganmjrLovInnlLvlg4/jgagK5YWo44GP5ZCM44GY5L2c44KK44Gu6KO95ZOB44GM5bGK44GP44Go44Gv6ZmQ44KK44G+44Gb44KT44CC44Gd44KM44Ge44KM5bCR44GX44Ga44Gk6YGV44GG44Kq44Oq44K444OK44Or5L2c5ZOB44Go44Gq44Gj44Gm44GK44KK44G+44GZ44CCCuWFqOS9k+eahOOBquOCq+ODqeODvOOBrue1hOOBv+WQiOOCj+OBm+OAgeODh+OCtuOCpOODs+OBr+OBu+OBvOWQjOOBmOOCiOOBhuOBquS9nOOCiuOBp+OBmeOBruOBp+OBlOWuieW/g+OBj+OBoOOBleOBhOOAgjxicj4KCuKAuyDmjrLovInnlLvlg4/jga/jgqTjg6Hjg7zjgrjnlLvlg4/jgafjgZnjgII8L2ZvbnQ+PC90ZD4KICAgIDwvdHI+PC90Ym9keT48L3RhYmxlPjwvZGl2Pjxicj48YnI+PGRpdiBhbGlnbj0iY2VudGVyIj48dGFibGUgY2VsbHNwYWNpbmc9IjEiIGNlbGxwYWRkaW5nPSI1IiB3aWR0aD0iNjAwIiBiZ2NvbG9yPSIjMDAwMDAwIiBhbGlnbj0iY2VudGVyIj4KICA8dHI+CiAgICA8dGQgd2lkdGg9IjYxIiBhbGlnbj0iY2VudGVyIiBiZ2NvbG9yPSIjZjBmMGYwIj48Zm9udCBjb2xvcj0iIzY2NjY2NiIgc2l6ZT0iMiI+5ZWG5ZOB5ZCNPC9mb250PjwvdGQ+CiAgICA8dGQgYmdjb2xvcj0iI2ZmZmZmZiI+PGZvbnQgY29sb3I9IiMwMDAwMDAiIHNpemU9LTE+5omL5L2c44KK5pys6Z2p44OT44O844K644K/44OD44K744Or44CA44OW44Op44Km44Oz57O7Nzxicj4KICAgICAgICA8L2ZvbnQ+PC90ZD4KICA8L3RyPgogIDx0cj4KICAgIDx0ZCBiZ2NvbG9yPSIjZjBmMGYwIiBhbGlnbj0iY2VudGVyIiB3aWR0aD0iNjEiPjxmb250IGNvbG9yPSIjNjY2NjY2IiBzaXplPSIyIj7jgrXjgqTjgroo57SEKTwvZm9udD48L3RkPgogICAgPHRkIGJnY29sb3I9IiNmZmZmZmYiPjxmb250IGNvbG9yPSIjMDAwMDAwIiBzaXplPS0xPuacgOmVt++8mjE0LjVjbe+8iOOCueODiOODqeODg+ODl+mDqOWIhuWQq+OCgO+8iS/mqKrluYXvvJo3Y208L2ZvbnQ+PC90ZD4KICA8L3RyPgogIDx0cj4KICAgICA8dGQgYmdjb2xvcj0iI2YwZjBmMCIgYWxpZ249ImNlbnRlciIgd2lkdGg9IjYxIj48Zm9udCBjb2xvcj0iIzY2NjY2NiIgc2l6ZT0iMiI+57Sg5p2QPC9mb250PjwvdGQ+CiAgICAgPHRkIGJnY29sb3I9IiNmZmZmZmYiPjxmb250IGNvbG9yPSIjMDAwMDAwIiBzaXplPS0xPueJm+mdqTwvZm9udD48L3RkPgogIDwvdHI+CiAgIAogIDx0cj4KICAgICA8dGQgYmdjb2xvcj0iI2YwZjBmMCIgYWxpZ249ImNlbnRlciIgd2lkdGg9IjYxIj48Zm9udCBjb2xvcj0iIzY2NjY2NiIgc2l6ZT0iMiI+5YKZ6ICDPC9mb250PjwvdGQ+CiAgICAgPHRkIGJnY29sb3I9IiNmZmZmZmYiPjxmb250IGNvbG9yPSIjZmYwMDAwIiBzaXplPSItMSI+4oC744GK5L2/44GE44GuUEPnkrDlooPjgavjgojjgorlrp/pmpvjga7jgYroibLjgajnlbDjgarjgovloLTlkIjjgYzjgZTjgZbjgYTjgb7jgZnjga7jgafkuojjgoHjgZTkuobmib/jgY/jgaDjgZXjgYTjgb7jgZvjgII8L2ZvbnQ+PC90ZD4KICA8L3RyPgo8L3RhYmxlPjwvZGl2Pjxicj48YnI+CjxkaXYgYWxpZ249ImNlbnRlciI+PGltZyBzcmM9Imh0dHA6Ly9pbWFnZS5yYWt1dGVuLmNvLmpwL3Bpbmttb25rZXkvY2FiaW5ldC9jYXRlZ29yeS90YXNzZWw2MDAuanBnIiBib3JkZXI9IjAiPjwvZGl2Pjxicj48YnI+CjxkaXYgYWxpZ249ImNlbnRlciI+PGltZyBzcmM9Imh0dHA6Ly9pbWFnZS5yYWt1dGVuLmNvLmpwL3Bpbmttb25rZXkvY2FiaW5ldC9jYXRlZ29yeS9obTYwMC1sZWF0aGViZWFkcy5qcGciIGJvcmRlcj0iMCI+PC9kaXY+Cjxicj48YnI+CjxkaXY+Cgo8L2Rpdj48YnI+PGJyPgoKCgoKCjxicj48YnI+Cgo8ZGl2PgoKPC9kaXY+PHN0eWxlPgoKLyrllYblk4Hjg5rjg7zjgrgqLwoKc3Bhbi5wcmljZTEgewoJZGlzcGxheTogYmxvY2sgIWltcG9ydGFudDsKCWZvbnQtc2l6ZTogMTJweCAhaW1wb3J0YW50OwoJY29sb3I6ICNmZjAwMDAgIWltcG9ydGFudDsKCXZlcnRpY2FsLWFsaWduOiBib3R0b20gIWltcG9ydGFudDsKCWxpbmUtaGVpZ2h0OiAxLjJlbSAhaW1wb3J0YW50OwoJcGFkZGluZy10b3A6IDAuNmVtICFpbXBvcnRhbnQ7CglwYWRkaW5nLXJpZ2h0OiAxZW0gIWltcG9ydGFudDsKfQoKc3Bhbi5wcmljZTIgewoJZm9udC1zaXplOiAyMHB4ICFpbXBvcnRhbnQ7Cglmb250LXdlaWdodDogYm9sZCAhaW1wb3J0YW50OwoJY29sb3I6ICNmZjAwMDAgIWltcG9ydGFudDsKCXZlcnRpY2FsLWFsaWduOiBib3R0b20gIWltcG9ydGFudDsKCWxpbmUtaGVpZ2h0OiAxLjJlbSFpbXBvcnRhbnQ7Cn0KCi8qIOOBiuawl+OBq+WFpeOCiuWVhuWTgeeZu+mMsueUu+WDj+WkieabtCAqLwpib2R5ICNyYWt1dGVuTGltaXRlZElkX2Fyb3VuZENhcnQgZGl2LmJrbXsKd2lkdGg6IDMwNnB4ICFpbXBvcnRhbnQ7Cn0KYm9keSBkaXYuYm9va21hcmtBcmVhIGRpdi5ia20gYS5hZGRCa20gc3Bhbi5ia21TdGFyIHsKd2lkdGg6IDMwNnB4ICFpbXBvcnRhbnQ7CmhlaWdodDogNDhweCAhaW1wb3J0YW50OwpiYWNrZ3JvdW5kOiB1cmwoaHR0cDovL2ltYWdlLnJha3V0ZW4uY28uanAvcGlua21vbmtleS9jYWJpbmV0L2Zhdl9idXR0b25fYWZ0ZXIyLmdpZikgbm8tcmVwZWF0IDAgMCAhaW1wb3J0YW50Owp9CmJvZHkgZGl2LmJvb2ttYXJrQXJlYSBkaXYuYmttIGEuYWRkQmttIHsKd2lkdGg6IDMwNnB4ICFpbXBvcnRhbnQ7CmhlaWdodDogNDhweCAhaW1wb3J0YW50Owp9CgovKiDjgYrmsJfjgavlhaXjgorjgrfjg6fjg4Pjg5fnmbvpjLLnlLvlg4/lpInmm7QgKi8KYm9keSAjcmFrdXRlbkxpbWl0ZWRJZF9hcm91bmRDYXJ0IGRpdi5zaG9wQmttewp3aWR0aDogMzA2cHggIWltcG9ydGFudDsKcGFkZGluZy1sZWZ0OiAwcHggIWltcG9ydGFudDsKfQpib2R5IGRpdi5zaG9wQm9va21hcmtBcmVhIGRpdi5zaG9wQmttIGEuYWRkU2hvcEJrbSBzcGFuLnNob3BCa21TdGFyIHsKd2lkdGg6IDMwNnB4ICFpbXBvcnRhbnQ7CmhlaWdodDogNDhweCAhaW1wb3J0YW50OwpiYWNrZ3JvdW5kOiB1cmwoaHR0cDovL2ltYWdlLnJha3V0ZW4uY28uanAvcGlua21vbmtleS9jYWJpbmV0L2ZhdnNob3BfYnV0dG9uX2FmdGVyLmdpZikgbm8tcmVwZWF0IDAgMCAhaW1wb3J0YW50Owp9CmJvZHkgZGl2LnNob3BCb29rbWFya0FyZWEgZGl2LnNob3BCa20gYS5hZGRTaG9wQmttIHsKd2lkdGg6IDMwNnB4ICFpbXBvcnRhbnQ7CmhlaWdodDogNDhweCAhaW1wb3J0YW50Owp9CgoKLyog5YCL5pWw5YWl5Yqb5qyE44Gu5aSn44GN44GVICovCmlucHV0I3VuaXRzIHsKcGFkZGluZzogMXB4IDBweDsKfQoKLyog44GK6LK344GE54mp44GL44GU44Oc44K/44Oz44Gu5aSn44GN44GVICovCmlucHV0IHsKZm9udC1zaXplOiAxN3B4OwpwYWRkaW5nOjEwcHggNDBweDsKd2lkdGg6IGF1dG87CmZvbnQtZmFtaWx5OiLjg5Ljg6njgq7jg47op5LjgrQgUHJvIFczIiwgIkhpcmFnaW5vIEtha3UgR290aGljIFBybyIsICLjg6HjgqTjg6rjgqoiLCBNZWlyeW8sIE9zYWthLCAi77yt77yzIO+8sOOCtOOCt+ODg+OCryIsICJNUyBQR290aGljIiwgc2Fucy1zZXJpZgp9CgovKiDjgIzllYblk4HjgavjgaTjgYTjgabjga7llY/jgYTlkIjjgo/jgZvjgI3jg5zjgr/jg7Pjga7lpKfjgY3jgZUqLwpmb250IGlucHV0IHsKZm9udC1zaXplOiAxMnB4OwpwYWRkaW5nOjJweDsKd2lkdGg6IDE1MHB4Owp9CgovKuOAjOmgheebrumBuOaKnuiCoumDqOWIhuOAjSovCi5pbnZlbnRvcnkgaW5wdXR7CmZvbnQtc2l6ZTogMTJweDsKYmFja2dyb3VuZDojZmZmOwp9CgoKLyog6aCF55uu6YG45oqe6IKi57SN5pyf44OV44Kp44Oz44OI44K144Kk44K6Ki8KCnRkLmludmVudG9yeSBmb250e2ZvbnQtc2l6ZToxMnB4O2NvbG9yOiNmZjAwMDA7fQoKLyog6aCF55uu6YG45oqe6IKiKi8KCiNyYWt1dGVuTGltaXRlZElkX2Fyb3VuZENhcnQgc2VsZWN0IHsKbWFyZ2luOjVweCAwcHg7CnBhZGRpbmc6NXB4Owp9CgojcmFrdXRlbkxpbWl0ZWRJZF9hcm91bmRDYXJ0IHNwYW4uY2hvaWNlOmJlZm9yewpjb250ZW50OiB1cmwoKTsKfQoKLyog6L+95b6T44Kr44O844OI5LiL44GL44KJ44Gu6auY44GVKi8KCmRpdiAjc2Nyb2xsVXB7CmJvdHRvbTogMzBweDsKfQoKLyog5qW95aSp5qSc57Si44OQ44O844CA44Kt44O844Ov44O844OJICovCgpkaXYjSGVhZGVyS2V5d29yZCB7Cglwb3NpdGlvbjphYnNvbHV0ZTsKCXRvcDo1MHB4Oy8q5LiA55Wq5LiK44GL44KJ44Gu5L2N572uKi8KCWxlZnQ6MzBweDsvKuW3puerr+OBi+OCieOBruS9jee9riovCn0KCmRpdiNIZWFkZXJLZXl3b3JkIHNwYW4gewoJYmFja2dyb3VuZDogI2JmMDAwMDsKCWNvbG9yOiNmZmY7Cglmb250LXdlaWdodDpib2xkOwoJcGFkZGluZzoycHggNXB4Owp9CgpkaXYjSGVhZGVyS2V5d29yZCBhIHsKCWNvbG9yOiMwMDQ0Q0M7Cn0KCjwvc3R5bGU+CgoKCgo8IS0tIOOCouOCr+OCu+OCteODquODvOODkeODvOODhOOCq+ODhuOCtOODquODvCAtLT4KPGRpdiBhbGlnbj0iY2VudGVyIj4KPGltZyBzcmM9Imh0dHA6Ly9pbWFnZS5yYWt1dGVuLmNvLmpwL3Bpbmttb25rZXkvY2FiaW5ldC9jYXRlZ29yeS9obTc2MC5qcGciIGFsdD0i44Ki44Kv44K744K144Oq44O844OR44O844OE5LiA6Kan44G4Ij4KPC9kaXY+CjxkaXYgYWxpZ249ImNlbnRlciI+Cgo8L2Rpdj4KPCEtLSAv44Ki44Kv44K744K144Oq44O844OR44O844OE44Kr44OG44K044Oq44O8IC0tPgoKCjwhLS0g44K344On44OD44OU44Oz44Kw44Ks44Kk44OJIC0tPgoKPCEtLSAv44K344On44OD44OU44Oz44Kw44Ks44Kk44OJIC0tPgoKCgoKCjxkaXYgaWQ9IkhlYWRlcktleXdvcmQiPgo8c3Bhbj7ms6jnm67jga7jgq3jg7zjg6/jg7zjg4k8L3NwYW4+CuOCq+ODq+ODiOODiuODvOOCuOODpQrpnanjgbLjgoIK44Kz44O844OK44O86YeR5YW3CuOCt+ODquOCs+ODs+WeiyDjg6zjgrjjg7MK5YiH44KK5paH5a2XIOacqOijvSDjgbLjgonjgYzjgaoK44K/44OD44K744OrCuODnOOCv+ODsyDjg6njg4Pjg5fjg5bjg6zjgrkKPC9kaXY+CjwhLS0g5qW95aSp5qSc57Si44OQ44O844CA44Kt44O844Ov44O844OJRU5EIC0tPg==,5omL5L2c44KK5pys6Z2p44OT44O844K644K/44OD44K744Or44CA44OW44Op44Km44Oz57O7N+OAkOOChuOBhuODkeOCseODg+ODiEHlr77lv5zjgJHvvJrmiYvoirjmnZDmlpnjga7jgYrlupcg44Ki44Oz44K344Oj44Oz44OG5bel5oi/,6Z2p57SQIOmAmuiyqeODrOOCuOODsyDmnZDmlpnjg6zjgrjjg7Mg5Z6L44Os44K444OzIOODkeODvOODhOODj+ODs+ODieODoeOCpOODiSDmnZDmlpkg6LKp5aOy44OP44Oz44OJ44Oh44Kk44OJIOOCouOCr+OCu+OCteODquODvCDmnZDmlpnjg4/jg7Pjg4njg6HjgqTjg4kg5p2Q5paZIOa/gOWuieODj+ODs+ODieODoeOCpOODiSDjg5TjgqLjgrkg5p2Q5paZ44OP44Oz44OJ44Oh44Kk44OJIOODluODrOOCueODrOODg+ODiCDmnZDmlpnjgqvjg6vjg4jjg4rjg7zjgrjjg6Ug5p2Q5paZIOmAmuiyqeOCt+ODquOCs+ODs+ODouODvOODq+ODiSDjg6zjgrjjg7PpnanntJAgIOacrOmdqemdqee0kCDntLDjgYTjg6zjgrbjg7zjgrPjg7zjg4kgMW1t44Os44K244O844Kz44O844OJIOW5s+OCouOCr+OCu+OCteODquODvCDjg5Hjg7zjg4Qg6YCa6LKpIOOBiuOBmeOBmeOCgeOCouOCr+OCu+OCteODquODvCDph5Hlhbfjg5TjgqLjgrkg5Y+w57SZ44OU44Ki44K5IOODh+OCo+OCueODl+ODrOOCpOODrOOCuOODsyDlsIHlhaUg57Sg5p2Q5omL5L2c44KK5pys6Z2p44OT44O844K644K/44OD44K744Or44CA44OW44Op44Km44Oz57O7N+OAkOOChuOBhuODkeOCseODg+ODiEHlr77lv5zjgJE=,44CQ44KG44GG44OR44Kx44OD44OIQeWvvuW/nOOAkeOAguaJi+S9nOOCiuacrOmdqeODk+ODvOOCuuOCv+ODg+OCu+ODq+OAgOODluODqeOCpuODs+ezuzfjgJDjgobjgYbjg5HjgrHjg4Pjg4hB5a++5b+c44CR[rn]
7-31625,aHR0cDovL3RzaG9wLnIxMHMuanAvcGlua21vbmtleS9jYWJpbmV0L2hhbmRtYWRlL2htLTItNzcuanBnP2ZpdGluPTcwMDo3MDA=,ODAwLjAwMDA=,,44OQ44OD44Kw44O75bCP54mp44O744OW44Op44Oz44OJ6ZuR6LKoID4g44Gd44Gu5LuW,5omL5L2c44KK5pys6Z2p44OT44O844K644K/44OD44K744Or44CA5r+D44OW44Op44Km44Oz57O744CQ44KG44GG44OR44Kx44OD44OIQeWvvuW/nOOAkQ==,44CQ44KG44GG44OR44Kx44OD44OIQeWvvuW/nOOAkQ==,PGRpdiBhbGlnbj0iY2VudGVyIj48dGFibGUgY2VsbHNwYWNpbmc9IjIiIGJnY29sb3I9IiNmZjAwMDAiIGNlbGxwYWRkaW5nPSI1IiB3aWR0aD0iNjAwIj48dGJvZHk+PHRyPgogICAgICA8dGQgYmdjb2xvcj0iI2ZmZmZmZiI+PGZvbnQgc2l6ZT0iLTEiIGNvbG9yPSIjZmYwMDAwIj7jgJDjgZTos7zlhaXliY3jgavlv4XjgZrjgYroqq3jgb/jgY/jgaDjgZXjgYTjgJE8YnI+CiAgICAgIDxicj4KICAgICAgPC9mb250Pjxmb250IHNpemU9Ii0xIiBjb2xvcj0iIzAwMDAwMCI+CuKAuyDmnKzoo73lk4Hjga/jgqTjg7Pjg4njgafnj77lnLDjga7kurrjgavjgojjgorjgbLjgajjgaTjgbLjgajjgaTmiYvkvZzjgorjgafkvZzjgonjgozjgabjgYTjgb7jgZnjga7jgafjg5Pjg7zjgrrjga7mn4Tjga7opovjgYjmlrnjgoTpnanntJDjga7plbfjgZXjgavlpJrlsJHjga7pgZXjgYTjgYLjgovjgarjganmjrLovInnlLvlg4/jgagK5YWo44GP5ZCM44GY5L2c44KK44Gu6KO95ZOB44GM5bGK44GP44Go44Gv6ZmQ44KK44G+44Gb44KT44CC44Gd44KM44Ge44KM5bCR44GX44Ga44Gk6YGV44GG44Kq44Oq44K444OK44Or5L2c5ZOB44Go44Gq44Gj44Gm44GK44KK44G+44GZ44CCCuWFqOS9k+eahOOBquOCq+ODqeODvOOBrue1hOOBv+WQiOOCj+OBm+OAgeODh+OCtuOCpOODs+OBr+OBu+OBvOWQjOOBmOOCiOOBhuOBquS9nOOCiuOBp+OBmeOBruOBp+OBlOWuieW/g+OBj+OBoOOBleOBhOOAgjxicj4KCuKAuyDmjrLovInnlLvlg4/jga/jgqTjg6Hjg7zjgrjnlLvlg4/jgafjgZnjgII8L2ZvbnQ+PC90ZD4KICAgIDwvdHI+PC90Ym9keT48L3RhYmxlPjwvZGl2Pjxicj48YnI+PGRpdiBhbGlnbj0iY2VudGVyIj48dGFibGUgY2VsbHNwYWNpbmc9IjEiIGNlbGxwYWRkaW5nPSI1IiB3aWR0aD0iNjAwIiBiZ2NvbG9yPSIjMDAwMDAwIiBhbGlnbj0iY2VudGVyIj4KICA8dHI+CiAgICA8dGQgd2lkdGg9IjYxIiBhbGlnbj0iY2VudGVyIiBiZ2NvbG9yPSIjZjBmMGYwIj48Zm9udCBjb2xvcj0iIzY2NjY2NiIgc2l6ZT0iMiI+5ZWG5ZOB5ZCNPC9mb250PjwvdGQ+CiAgICA8dGQgYmdjb2xvcj0iI2ZmZmZmZiI+PGZvbnQgY29sb3I9IiMwMDAwMDAiIHNpemU9LTE+5omL5L2c44KK5pys6Z2p44OT44O844K644K/44OD44K744Or44CA5r+D44OW44Op44Km44Oz57O7PC9mb250PjwvdGQ+CiAgPC90cj4KICA8dHI+CiAgICA8dGQgYmdjb2xvcj0iI2YwZjBmMCIgYWxpZ249ImNlbnRlciIgd2lkdGg9IjYxIj48Zm9udCBjb2xvcj0iIzY2NjY2NiIgc2l6ZT0iMiI+44K144Kk44K6KOe0hCk8L2ZvbnQ+PC90ZD4KICAgIDx0ZCBiZ2NvbG9yPSIjZmZmZmZmIj48Zm9udCBjb2xvcj0iIzAwMDAwMCIgc2l6ZT0tMT7mnIDplbfvvJoxNGNt77yI44K544OI44Op44OD44OX6YOo5YiG5ZCr44KA77yJL+aoquW5he+8mjcuNWNtPC9mb250PjwvdGQ+CiAgPC90cj4KICA8dHI+CiAgICAgPHRkIGJnY29sb3I9IiNmMGYwZjAiIGFsaWduPSJjZW50ZXIiIHdpZHRoPSI2MSI+PGZvbnQgY29sb3I9IiM2NjY2NjYiIHNpemU9IjIiPue0oOadkDwvZm9udD48L3RkPgogICAgIDx0ZCBiZ2NvbG9yPSIjZmZmZmZmIj48Zm9udCBjb2xvcj0iIzAwMDAwMCIgc2l6ZT0tMT7niZvpnak8L2ZvbnQ+PC90ZD4KICA8L3RyPgogICAKICA8dHI+CiAgICAgPHRkIGJnY29sb3I9IiNmMGYwZjAiIGFsaWduPSJjZW50ZXIiIHdpZHRoPSI2MSI+PGZvbnQgY29sb3I9IiM2NjY2NjYiIHNpemU9IjIiPuWCmeiAgzwvZm9udD48L3RkPgogICAgIDx0ZCBiZ2NvbG9yPSIjZmZmZmZmIj48Zm9udCBjb2xvcj0iI2ZmMDAwMCIgc2l6ZT0iLTEiPuKAu+OBiuS9v+OBhOOBrlBD55Kw5aKD44Gr44KI44KK5a6f6Zqb44Gu44GK6Imy44Go55Ww44Gq44KL5aC05ZCI44GM44GU44GW44GE44G+44GZ44Gu44Gn5LqI44KB44GU5LqG5om/44GP44Gg44GV44GE44G+44Gb44CCPC9mb250PjwvdGQ+CiAgPC90cj4KPC90YWJsZT48L2Rpdj48YnI+PGJyPgo8ZGl2IGFsaWduPSJjZW50ZXIiPjxpbWcgc3JjPSJodHRwOi8vaW1hZ2UucmFrdXRlbi5jby5qcC9waW5rbW9ua2V5L2NhYmluZXQvY2F0ZWdvcnkvdGFzc2VsNjAwLmpwZyIgYm9yZGVyPSIwIj48L2Rpdj48YnI+PGJyPgo8ZGl2IGFsaWduPSJjZW50ZXIiPjxpbWcgc3JjPSJodHRwOi8vaW1hZ2UucmFrdXRlbi5jby5qcC9waW5rbW9ua2V5L2NhYmluZXQvY2F0ZWdvcnkvaG02MDAtbGVhdGhlYmVhZHMuanBnIiBib3JkZXI9IjAiPjwvZGl2Pgo8YnI+PGJyPgo8ZGl2PgoKPC9kaXY+PGJyPjxicj4KCgoKCgo8YnI+PGJyPgoKPGRpdj4KCjwvZGl2PjxzdHlsZT4KCi8q5ZWG5ZOB44Oa44O844K4Ki8KCnNwYW4ucHJpY2UxIHsKCWRpc3BsYXk6IGJsb2NrICFpbXBvcnRhbnQ7Cglmb250LXNpemU6IDEycHggIWltcG9ydGFudDsKCWNvbG9yOiAjZmYwMDAwICFpbXBvcnRhbnQ7Cgl2ZXJ0aWNhbC1hbGlnbjogYm90dG9tICFpbXBvcnRhbnQ7CglsaW5lLWhlaWdodDogMS4yZW0gIWltcG9ydGFudDsKCXBhZGRpbmctdG9wOiAwLjZlbSAhaW1wb3J0YW50OwoJcGFkZGluZy1yaWdodDogMWVtICFpbXBvcnRhbnQ7Cn0KCnNwYW4ucHJpY2UyIHsKCWZvbnQtc2l6ZTogMjBweCAhaW1wb3J0YW50OwoJZm9udC13ZWlnaHQ6IGJvbGQgIWltcG9ydGFudDsKCWNvbG9yOiAjZmYwMDAwICFpbXBvcnRhbnQ7Cgl2ZXJ0aWNhbC1hbGlnbjogYm90dG9tICFpbXBvcnRhbnQ7CglsaW5lLWhlaWdodDogMS4yZW0haW1wb3J0YW50Owp9CgovKiDjgYrmsJfjgavlhaXjgorllYblk4HnmbvpjLLnlLvlg4/lpInmm7QgKi8KYm9keSAjcmFrdXRlbkxpbWl0ZWRJZF9hcm91bmRDYXJ0IGRpdi5ia217CndpZHRoOiAzMDZweCAhaW1wb3J0YW50Owp9CmJvZHkgZGl2LmJvb2ttYXJrQXJlYSBkaXYuYmttIGEuYWRkQmttIHNwYW4uYmttU3RhciB7CndpZHRoOiAzMDZweCAhaW1wb3J0YW50OwpoZWlnaHQ6IDQ4cHggIWltcG9ydGFudDsKYmFja2dyb3VuZDogdXJsKGh0dHA6Ly9pbWFnZS5yYWt1dGVuLmNvLmpwL3Bpbmttb25rZXkvY2FiaW5ldC9mYXZfYnV0dG9uX2FmdGVyMi5naWYpIG5vLXJlcGVhdCAwIDAgIWltcG9ydGFudDsKfQpib2R5IGRpdi5ib29rbWFya0FyZWEgZGl2LmJrbSBhLmFkZEJrbSB7CndpZHRoOiAzMDZweCAhaW1wb3J0YW50OwpoZWlnaHQ6IDQ4cHggIWltcG9ydGFudDsKfQoKLyog44GK5rCX44Gr5YWl44KK44K344On44OD44OX55m76Yyy55S75YOP5aSJ5pu0ICovCmJvZHkgI3Jha3V0ZW5MaW1pdGVkSWRfYXJvdW5kQ2FydCBkaXYuc2hvcEJrbXsKd2lkdGg6IDMwNnB4ICFpbXBvcnRhbnQ7CnBhZGRpbmctbGVmdDogMHB4ICFpbXBvcnRhbnQ7Cn0KYm9keSBkaXYuc2hvcEJvb2ttYXJrQXJlYSBkaXYuc2hvcEJrbSBhLmFkZFNob3BCa20gc3Bhbi5zaG9wQmttU3RhciB7CndpZHRoOiAzMDZweCAhaW1wb3J0YW50OwpoZWlnaHQ6IDQ4cHggIWltcG9ydGFudDsKYmFja2dyb3VuZDogdXJsKGh0dHA6Ly9pbWFnZS5yYWt1dGVuLmNvLmpwL3Bpbmttb25rZXkvY2FiaW5ldC9mYXZzaG9wX2J1dHRvbl9hZnRlci5naWYpIG5vLXJlcGVhdCAwIDAgIWltcG9ydGFudDsKfQpib2R5IGRpdi5zaG9wQm9va21hcmtBcmVhIGRpdi5zaG9wQmttIGEuYWRkU2hvcEJrbSB7CndpZHRoOiAzMDZweCAhaW1wb3J0YW50OwpoZWlnaHQ6IDQ4cHggIWltcG9ydGFudDsKfQoKCi8qIOWAi+aVsOWFpeWKm+ashOOBruWkp+OBjeOBlSAqLwppbnB1dCN1bml0cyB7CnBhZGRpbmc6IDFweCAwcHg7Cn0KCi8qIOOBiuiyt+OBhOeJqeOBi+OBlOODnOOCv+ODs+OBruWkp+OBjeOBlSAqLwppbnB1dCB7CmZvbnQtc2l6ZTogMTdweDsKcGFkZGluZzoxMHB4IDQwcHg7CndpZHRoOiBhdXRvOwpmb250LWZhbWlseToi44OS44Op44Ku44OO6KeS44K0IFBybyBXMyIsICJIaXJhZ2lubyBLYWt1IEdvdGhpYyBQcm8iLCAi44Oh44Kk44Oq44KqIiwgTWVpcnlvLCBPc2FrYSwgIu+8re+8syDvvLDjgrTjgrfjg4Pjgq8iLCAiTVMgUEdvdGhpYyIsIHNhbnMtc2VyaWYKfQoKLyog44CM5ZWG5ZOB44Gr44Gk44GE44Gm44Gu5ZWP44GE5ZCI44KP44Gb44CN44Oc44K/44Oz44Gu5aSn44GN44GVKi8KZm9udCBpbnB1dCB7CmZvbnQtc2l6ZTogMTJweDsKcGFkZGluZzoycHg7CndpZHRoOiAxNTBweDsKfQoKLyrjgIzpoIXnm67pgbjmip7ogqLpg6jliIbjgI0qLwouaW52ZW50b3J5IGlucHV0ewpmb250LXNpemU6IDEycHg7CmJhY2tncm91bmQ6I2ZmZjsKfQoKCi8qIOmgheebrumBuOaKnuiCoue0jeacn+ODleOCqeODs+ODiOOCteOCpOOCuiovCgp0ZC5pbnZlbnRvcnkgZm9udHtmb250LXNpemU6MTJweDtjb2xvcjojZmYwMDAwO30KCi8qIOmgheebrumBuOaKnuiCoiovCgojcmFrdXRlbkxpbWl0ZWRJZF9hcm91bmRDYXJ0IHNlbGVjdCB7Cm1hcmdpbjo1cHggMHB4OwpwYWRkaW5nOjVweDsKfQoKI3Jha3V0ZW5MaW1pdGVkSWRfYXJvdW5kQ2FydCBzcGFuLmNob2ljZTpiZWZvcnsKY29udGVudDogdXJsKCk7Cn0KCi8qIOi/veW+k+OCq+ODvOODiOS4i+OBi+OCieOBrumrmOOBlSovCgpkaXYgI3Njcm9sbFVwewpib3R0b206IDMwcHg7Cn0KCi8qIOalveWkqeaknOe0ouODkOODvOOAgOOCreODvOODr+ODvOODiSAqLwoKZGl2I0hlYWRlcktleXdvcmQgewoJcG9zaXRpb246YWJzb2x1dGU7Cgl0b3A6NTBweDsvKuS4gOeVquS4iuOBi+OCieOBruS9jee9riovCglsZWZ0OjMwcHg7Lyrlt6bnq6/jgYvjgonjga7kvY3nva4qLwp9CgpkaXYjSGVhZGVyS2V5d29yZCBzcGFuIHsKCWJhY2tncm91bmQ6ICNiZjAwMDA7Cgljb2xvcjojZmZmOwoJZm9udC13ZWlnaHQ6Ym9sZDsKCXBhZGRpbmc6MnB4IDVweDsKfQoKZGl2I0hlYWRlcktleXdvcmQgYSB7Cgljb2xvcjojMDA0NENDOwp9Cgo8L3N0eWxlPgoKCgoKPCEtLSDjgqLjgq/jgrvjgrXjg6rjg7zjg5Hjg7zjg4Tjgqvjg4bjgrTjg6rjg7wgLS0+CjxkaXYgYWxpZ249ImNlbnRlciI+CjxpbWcgc3JjPSJodHRwOi8vaW1hZ2UucmFrdXRlbi5jby5qcC9waW5rbW9ua2V5L2NhYmluZXQvY2F0ZWdvcnkvaG03NjAuanBnIiBhbHQ9IuOCouOCr+OCu+OCteODquODvOODkeODvOODhOS4gOimp+OBuCI+CjwvZGl2Pgo8ZGl2IGFsaWduPSJjZW50ZXIiPgoKPC9kaXY+CjwhLS0gL+OCouOCr+OCu+OCteODquODvOODkeODvOODhOOCq+ODhuOCtOODquODvCAtLT4KCgo8IS0tIOOCt+ODp+ODg+ODlOODs+OCsOOCrOOCpOODiSAtLT4KCjwhLS0gL+OCt+ODp+ODg+ODlOODs+OCsOOCrOOCpOODiSAtLT4KCgoKCgo8ZGl2IGlkPSJIZWFkZXJLZXl3b3JkIj4KPHNwYW4+5rOo55uu44Gu44Kt44O844Ov44O844OJPC9zcGFuPgrjgqvjg6vjg4jjg4rjg7zjgrjjg6UK6Z2p44Gy44KCCuOCs+ODvOODiuODvOmHkeWFtwrjgrfjg6rjgrPjg7Plnosg44Os44K444OzCuWIh+OCiuaWh+WtlyDmnKjoo70g44Gy44KJ44GM44GqCuOCv+ODg+OCu+ODqwrjg5zjgr/jg7Mg44Op44OD44OX44OW44Os44K5CjwvZGl2Pgo8IS0tIOalveWkqeaknOe0ouODkOODvOOAgOOCreODvOODr+ODvOODiUVORCAtLT4=,5omL5L2c44KK5pys6Z2p44OT44O844K644K/44OD44K744Or44CA5r+D44OW44Op44Km44Oz57O744CQ44KG44GG44OR44Kx44OD44OIQeWvvuW/nOOAke+8muaJi+iKuOadkOaWmeOBruOBiuW6lyDjgqLjg7Pjgrfjg6Pjg7Pjg4blt6XmiL8=,6Z2p57SQIOmAmuiyqeODrOOCuOODsyDmnZDmlpnjg6zjgrjjg7Mg5Z6L44Os44K444OzIOODkeODvOODhOODj+ODs+ODieODoeOCpOODiSDmnZDmlpkg6LKp5aOy44OP44Oz44OJ44Oh44Kk44OJIOOCouOCr+OCu+OCteODquODvCDmnZDmlpnjg4/jg7Pjg4njg6HjgqTjg4kg5p2Q5paZIOa/gOWuieODj+ODs+ODieODoeOCpOODiSDjg5TjgqLjgrkg5p2Q5paZ44OP44Oz44OJ44Oh44Kk44OJIOODluODrOOCueODrOODg+ODiCDmnZDmlpnjgqvjg6vjg4jjg4rjg7zjgrjjg6Ug5p2Q5paZIOmAmuiyqeOCt+ODquOCs+ODs+ODouODvOODq+ODiSDjg6zjgrjjg7PpnanntJAgIOacrOmdqemdqee0kCDntLDjgYTjg6zjgrbjg7zjgrPjg7zjg4kgMW1t44Os44K244O844Kz44O844OJIOW5s+OCouOCr+OCu+OCteODquODvCDjg5Hjg7zjg4Qg6YCa6LKpIOOBiuOBmeOBmeOCgeOCouOCr+OCu+OCteODquODvCDph5Hlhbfjg5TjgqLjgrkg5Y+w57SZ44OU44Ki44K5IOODh+OCo+OCueODl+ODrOOCpOODrOOCuOODsyDlsIHlhaUg57Sg5p2Q5omL5L2c44KK5pys6Z2p44OT44O844K644K/44OD44K744Or44CA5r+D44OW44Op44Km44Oz57O744CQ44KG44GG44OR44Kx44OD44OIQeWvvuW/nOOAkQ==,44CQ44KG44GG44OR44Kx44OD44OIQeWvvuW/nOOAkeOAguaJi+S9nOOCiuacrOmdqeODk+ODvOOCuuOCv+ODg+OCu+ODq+OAgOa/g+ODluODqeOCpuODs+ezu+OAkOOChuOBhuODkeOCseODg+ODiEHlr77lv5zjgJE=[rn]
7-31626,aHR0cDovL3RzaG9wLnIxMHMuanAvcGlua21vbmtleS9jYWJpbmV0L2hhbmRtYWRlL2htLTItOTkuanBnP2ZpdGluPTcwMDo3MDA=,ODAwLjAwMDA=,,44OQ44OD44Kw44O75bCP54mp44O744OW44Op44Oz44OJ6ZuR6LKoID4g44Gd44Gu5LuW,5omL5L2c44KK5pys6Z2p44OT44O844K644K/44OD44K744Or44CA44OW44Op44Km44Oz57O7NOOAkOOChuOBhuODkeOCseODg+ODiEHlr77lv5zjgJE=,44CQ44KG44GG44OR44Kx44OD44OIQeWvvuW/nOOAkQ==,PGRpdiBhbGlnbj0iY2VudGVyIj48dGFibGUgY2VsbHNwYWNpbmc9IjIiIGJnY29sb3I9IiNmZjAwMDAiIGNlbGxwYWRkaW5nPSI1IiB3aWR0aD0iNjAwIj48dGJvZHk+PHRyPgogICAgICA8dGQgYmdjb2xvcj0iI2ZmZmZmZiI+PGZvbnQgc2l6ZT0iLTEiIGNvbG9yPSIjZmYwMDAwIj7jgJDjgZTos7zlhaXliY3jgavlv4XjgZrjgYroqq3jgb/jgY/jgaDjgZXjgYTjgJE8YnI+CiAgICAgIDxicj4KICAgICAgPC9mb250Pjxmb250IHNpemU9Ii0xIiBjb2xvcj0iIzAwMDAwMCI+CuKAuyDmnKzoo73lk4Hjga/jgqTjg7Pjg4njgafnj77lnLDjga7kurrjgavjgojjgorjgbLjgajjgaTjgbLjgajjgaTmiYvkvZzjgorjgafkvZzjgonjgozjgabjgYTjgb7jgZnjga7jgafjg5Pjg7zjgrrjga7mn4Tjga7opovjgYjmlrnjgoTpnanntJDjga7plbfjgZXjgavlpJrlsJHjga7pgZXjgYTjgYLjgovjgarjganmjrLovInnlLvlg4/jgagK5YWo44GP5ZCM44GY5L2c44KK44Gu6KO95ZOB44GM5bGK44GP44Go44Gv6ZmQ44KK44G+44Gb44KT44CC44Gd44KM44Ge44KM5bCR44GX44Ga44Gk6YGV44GG44Kq44Oq44K444OK44Or5L2c5ZOB44Go44Gq44Gj44Gm44GK44KK44G+44GZ44CCCuWFqOS9k+eahOOBquOCq+ODqeODvOOBrue1hOOBv+WQiOOCj+OBm+OAgeODh+OCtuOCpOODs+OBr+OBu+OBvOWQjOOBmOOCiOOBhuOBquS9nOOCiuOBp+OBmeOBruOBp+OBlOWuieW/g+OBj+OBoOOBleOBhOOAgjxicj4KCuKAuyDmjrLovInnlLvlg4/jga/jgqTjg6Hjg7zjgrjnlLvlg4/jgafjgZnjgII8L2ZvbnQ+PC90ZD4KICAgIDwvdHI+PC90Ym9keT48L3RhYmxlPjwvZGl2Pjxicj48YnI+PGRpdiBhbGlnbj0iY2VudGVyIj48dGFibGUgY2VsbHNwYWNpbmc9IjEiIGNlbGxwYWRkaW5nPSI1IiB3aWR0aD0iNjAwIiBiZ2NvbG9yPSIjMDAwMDAwIiBhbGlnbj0iY2VudGVyIj4KICA8dHI+CiAgICA8dGQgd2lkdGg9IjYxIiBhbGlnbj0iY2VudGVyIiBiZ2NvbG9yPSIjZjBmMGYwIj48Zm9udCBjb2xvcj0iIzY2NjY2NiIgc2l6ZT0iMiI+5ZWG5ZOB5ZCNPC9mb250PjwvdGQ+CiAgICA8dGQgYmdjb2xvcj0iI2ZmZmZmZiI+PGZvbnQgY29sb3I9IiMwMDAwMDAiIHNpemU9LTE+5omL5L2c44KK5pys6Z2p44OT44O844K644K/44OD44K744Or44CA44OW44Op44Km44Oz57O7NDxicj4KICAgICAgICA8L2ZvbnQ+PC90ZD4KICA8L3RyPgogIDx0cj4KICAgIDx0ZCBiZ2NvbG9yPSIjZjBmMGYwIiBhbGlnbj0iY2VudGVyIiB3aWR0aD0iNjEiPjxmb250IGNvbG9yPSIjNjY2NjY2IiBzaXplPSIyIj7jgrXjgqTjgroo57SEKTwvZm9udD48L3RkPgogICAgPHRkIGJnY29sb3I9IiNmZmZmZmYiPjxmb250IGNvbG9yPSIjMDAwMDAwIiBzaXplPS0xPuacgOmVt++8mjE0LjVjbe+8iOOCueODiOODqeODg+ODl+mDqOWIhuWQq+OCgO+8iS/mqKrluYXvvJo3Y208L2ZvbnQ+PC90ZD4KICA8L3RyPgogIDx0cj4KICAgICA8dGQgYmdjb2xvcj0iI2YwZjBmMCIgYWxpZ249ImNlbnRlciIgd2lkdGg9IjYxIj48Zm9udCBjb2xvcj0iIzY2NjY2NiIgc2l6ZT0iMiI+57Sg5p2QPC9mb250PjwvdGQ+CiAgICAgPHRkIGJnY29sb3I9IiNmZmZmZmYiPjxmb250IGNvbG9yPSIjMDAwMDAwIiBzaXplPS0xPueJm+mdqTwvZm9udD48L3RkPgogIDwvdHI+CiAgIAogIDx0cj4KICAgICA8dGQgYmdjb2xvcj0iI2YwZjBmMCIgYWxpZ249ImNlbnRlciIgd2lkdGg9IjYxIj48Zm9udCBjb2xvcj0iIzY2NjY2NiIgc2l6ZT0iMiI+5YKZ6ICDPC9mb250PjwvdGQ+CiAgICAgPHRkIGJnY29sb3I9IiNmZmZmZmYiPjxmb250IGNvbG9yPSIjZmYwMDAwIiBzaXplPSItMSI+4oC744GK5L2/44GE44GuUEPnkrDlooPjgavjgojjgorlrp/pmpvjga7jgYroibLjgajnlbDjgarjgovloLTlkIjjgYzjgZTjgZbjgYTjgb7jgZnjga7jgafkuojjgoHjgZTkuobmib/jgY/jgaDjgZXjgYTjgb7jgZvjgII8L2ZvbnQ+PC90ZD4KICA8L3RyPgo8L3RhYmxlPjwvZGl2Pjxicj48YnI+CjxkaXYgYWxpZ249ImNlbnRlciI+PGltZyBzcmM9Imh0dHA6Ly9pbWFnZS5yYWt1dGVuLmNvLmpwL3Bpbmttb25rZXkvY2FiaW5ldC9jYXRlZ29yeS90YXNzZWw2MDAuanBnIiBib3JkZXI9IjAiPjwvZGl2Pjxicj48YnI+CjxkaXYgYWxpZ249ImNlbnRlciI+PGltZyBzcmM9Imh0dHA6Ly9pbWFnZS5yYWt1dGVuLmNvLmpwL3Bpbmttb25rZXkvY2FiaW5ldC9jYXRlZ29yeS9obTYwMC1sZWF0aGViZWFkcy5qcGciIGJvcmRlcj0iMCI+PC9kaXY+Cjxicj48YnI+CjxkaXY+Cgo8L2Rpdj48YnI+PGJyPgoKCgoKCjxicj48YnI+Cgo8ZGl2PgoKPC9kaXY+PHN0eWxlPgoKLyrllYblk4Hjg5rjg7zjgrgqLwoKc3Bhbi5wcmljZTEgewoJZGlzcGxheTogYmxvY2sgIWltcG9ydGFudDsKCWZvbnQtc2l6ZTogMTJweCAhaW1wb3J0YW50OwoJY29sb3I6ICNmZjAwMDAgIWltcG9ydGFudDsKCXZlcnRpY2FsLWFsaWduOiBib3R0b20gIWltcG9ydGFudDsKCWxpbmUtaGVpZ2h0OiAxLjJlbSAhaW1wb3J0YW50OwoJcGFkZGluZy10b3A6IDAuNmVtICFpbXBvcnRhbnQ7CglwYWRkaW5nLXJpZ2h0OiAxZW0gIWltcG9ydGFudDsKfQoKc3Bhbi5wcmljZTIgewoJZm9udC1zaXplOiAyMHB4ICFpbXBvcnRhbnQ7Cglmb250LXdlaWdodDogYm9sZCAhaW1wb3J0YW50OwoJY29sb3I6ICNmZjAwMDAgIWltcG9ydGFudDsKCXZlcnRpY2FsLWFsaWduOiBib3R0b20gIWltcG9ydGFudDsKCWxpbmUtaGVpZ2h0OiAxLjJlbSFpbXBvcnRhbnQ7Cn0KCi8qIOOBiuawl+OBq+WFpeOCiuWVhuWTgeeZu+mMsueUu+WDj+WkieabtCAqLwpib2R5ICNyYWt1dGVuTGltaXRlZElkX2Fyb3VuZENhcnQgZGl2LmJrbXsKd2lkdGg6IDMwNnB4ICFpbXBvcnRhbnQ7Cn0KYm9keSBkaXYuYm9va21hcmtBcmVhIGRpdi5ia20gYS5hZGRCa20gc3Bhbi5ia21TdGFyIHsKd2lkdGg6IDMwNnB4ICFpbXBvcnRhbnQ7CmhlaWdodDogNDhweCAhaW1wb3J0YW50OwpiYWNrZ3JvdW5kOiB1cmwoaHR0cDovL2ltYWdlLnJha3V0ZW4uY28uanAvcGlua21vbmtleS9jYWJpbmV0L2Zhdl9idXR0b25fYWZ0ZXIyLmdpZikgbm8tcmVwZWF0IDAgMCAhaW1wb3J0YW50Owp9CmJvZHkgZGl2LmJvb2ttYXJrQXJlYSBkaXYuYmttIGEuYWRkQmttIHsKd2lkdGg6IDMwNnB4ICFpbXBvcnRhbnQ7CmhlaWdodDogNDhweCAhaW1wb3J0YW50Owp9CgovKiDjgYrmsJfjgavlhaXjgorjgrfjg6fjg4Pjg5fnmbvpjLLnlLvlg4/lpInmm7QgKi8KYm9keSAjcmFrdXRlbkxpbWl0ZWRJZF9hcm91bmRDYXJ0IGRpdi5zaG9wQmttewp3aWR0aDogMzA2cHggIWltcG9ydGFudDsKcGFkZGluZy1sZWZ0OiAwcHggIWltcG9ydGFudDsKfQpib2R5IGRpdi5zaG9wQm9va21hcmtBcmVhIGRpdi5zaG9wQmttIGEuYWRkU2hvcEJrbSBzcGFuLnNob3BCa21TdGFyIHsKd2lkdGg6IDMwNnB4ICFpbXBvcnRhbnQ7CmhlaWdodDogNDhweCAhaW1wb3J0YW50OwpiYWNrZ3JvdW5kOiB1cmwoaHR0cDovL2ltYWdlLnJha3V0ZW4uY28uanAvcGlua21vbmtleS9jYWJpbmV0L2ZhdnNob3BfYnV0dG9uX2FmdGVyLmdpZikgbm8tcmVwZWF0IDAgMCAhaW1wb3J0YW50Owp9CmJvZHkgZGl2LnNob3BCb29rbWFya0FyZWEgZGl2LnNob3BCa20gYS5hZGRTaG9wQmttIHsKd2lkdGg6IDMwNnB4ICFpbXBvcnRhbnQ7CmhlaWdodDogNDhweCAhaW1wb3J0YW50Owp9CgoKLyog5YCL5pWw5YWl5Yqb5qyE44Gu5aSn44GN44GVICovCmlucHV0I3VuaXRzIHsKcGFkZGluZzogMXB4IDBweDsKfQoKLyog44GK6LK344GE54mp44GL44GU44Oc44K/44Oz44Gu5aSn44GN44GVICovCmlucHV0IHsKZm9udC1zaXplOiAxN3B4OwpwYWRkaW5nOjEwcHggNDBweDsKd2lkdGg6IGF1dG87CmZvbnQtZmFtaWx5OiLjg5Ljg6njgq7jg47op5LjgrQgUHJvIFczIiwgIkhpcmFnaW5vIEtha3UgR290aGljIFBybyIsICLjg6HjgqTjg6rjgqoiLCBNZWlyeW8sIE9zYWthLCAi77yt77yzIO+8sOOCtOOCt+ODg+OCryIsICJNUyBQR290aGljIiwgc2Fucy1zZXJpZgp9CgovKiDjgIzllYblk4HjgavjgaTjgYTjgabjga7llY/jgYTlkIjjgo/jgZvjgI3jg5zjgr/jg7Pjga7lpKfjgY3jgZUqLwpmb250IGlucHV0IHsKZm9udC1zaXplOiAxMnB4OwpwYWRkaW5nOjJweDsKd2lkdGg6IDE1MHB4Owp9CgovKuOAjOmgheebrumBuOaKnuiCoumDqOWIhuOAjSovCi5pbnZlbnRvcnkgaW5wdXR7CmZvbnQtc2l6ZTogMTJweDsKYmFja2dyb3VuZDojZmZmOwp9CgoKLyog6aCF55uu6YG45oqe6IKi57SN5pyf44OV44Kp44Oz44OI44K144Kk44K6Ki8KCnRkLmludmVudG9yeSBmb250e2ZvbnQtc2l6ZToxMnB4O2NvbG9yOiNmZjAwMDA7fQoKLyog6aCF55uu6YG45oqe6IKiKi8KCiNyYWt1dGVuTGltaXRlZElkX2Fyb3VuZENhcnQgc2VsZWN0IHsKbWFyZ2luOjVweCAwcHg7CnBhZGRpbmc6NXB4Owp9CgojcmFrdXRlbkxpbWl0ZWRJZF9hcm91bmRDYXJ0IHNwYW4uY2hvaWNlOmJlZm9yewpjb250ZW50OiB1cmwoKTsKfQoKLyog6L+95b6T44Kr44O844OI5LiL44GL44KJ44Gu6auY44GVKi8KCmRpdiAjc2Nyb2xsVXB7CmJvdHRvbTogMzBweDsKfQoKLyog5qW95aSp5qSc57Si44OQ44O844CA44Kt44O844Ov44O844OJICovCgpkaXYjSGVhZGVyS2V5d29yZCB7Cglwb3NpdGlvbjphYnNvbHV0ZTsKCXRvcDo1MHB4Oy8q5LiA55Wq5LiK44GL44KJ44Gu5L2N572uKi8KCWxlZnQ6MzBweDsvKuW3puerr+OBi+OCieOBruS9jee9riovCn0KCmRpdiNIZWFkZXJLZXl3b3JkIHNwYW4gewoJYmFja2dyb3VuZDogI2JmMDAwMDsKCWNvbG9yOiNmZmY7Cglmb250LXdlaWdodDpib2xkOwoJcGFkZGluZzoycHggNXB4Owp9CgpkaXYjSGVhZGVyS2V5d29yZCBhIHsKCWNvbG9yOiMwMDQ0Q0M7Cn0KCjwvc3R5bGU+CgoKCgo8IS0tIOOCouOCr+OCu+OCteODquODvOODkeODvOODhOOCq+ODhuOCtOODquODvCAtLT4KPGRpdiBhbGlnbj0iY2VudGVyIj4KPGltZyBzcmM9Imh0dHA6Ly9pbWFnZS5yYWt1dGVuLmNvLmpwL3Bpbmttb25rZXkvY2FiaW5ldC9jYXRlZ29yeS9obTc2MC5qcGciIGFsdD0i44Ki44Kv44K744K144Oq44O844OR44O844OE5LiA6Kan44G4Ij4KPC9kaXY+CjxkaXYgYWxpZ249ImNlbnRlciI+Cgo8L2Rpdj4KPCEtLSAv44Ki44Kv44K744K144Oq44O844OR44O844OE44Kr44OG44K044Oq44O8IC0tPgoKCjwhLS0g44K344On44OD44OU44Oz44Kw44Ks44Kk44OJIC0tPgoKPCEtLSAv44K344On44OD44OU44Oz44Kw44Ks44Kk44OJIC0tPgoKCgoKCjxkaXYgaWQ9IkhlYWRlcktleXdvcmQiPgo8c3Bhbj7ms6jnm67jga7jgq3jg7zjg6/jg7zjg4k8L3NwYW4+CuOCq+ODq+ODiOODiuODvOOCuOODpQrpnanjgbLjgoIK44Kz44O844OK44O86YeR5YW3CuOCt+ODquOCs+ODs+WeiyDjg6zjgrjjg7MK5YiH44KK5paH5a2XIOacqOijvSDjgbLjgonjgYzjgaoK44K/44OD44K744OrCuODnOOCv+ODsyDjg6njg4Pjg5fjg5bjg6zjgrkKPC9kaXY+CjwhLS0g5qW95aSp5qSc57Si44OQ44O844CA44Kt44O844Ov44O844OJRU5EIC0tPg==,5omL5L2c44KK5pys6Z2p44OT44O844K644K/44OD44K744Or44CA44OW44Op44Km44Oz57O7NOOAkOOChuOBhuODkeOCseODg+ODiEHlr77lv5zjgJHvvJrmiYvoirjmnZDmlpnjga7jgYrlupcg44Ki44Oz44K344Oj44Oz44OG5bel5oi/,6Z2p57SQIOmAmuiyqeODrOOCuOODsyDmnZDmlpnjg6zjgrjjg7Mg5Z6L44Os44K444OzIOODkeODvOODhOODj+ODs+ODieODoeOCpOODiSDmnZDmlpkg6LKp5aOy44OP44Oz44OJ44Oh44Kk44OJIOOCouOCr+OCu+OCteODquODvCDmnZDmlpnjg4/jg7Pjg4njg6HjgqTjg4kg5p2Q5paZIOa/gOWuieODj+ODs+ODieODoeOCpOODiSDjg5TjgqLjgrkg5p2Q5paZ44OP44Oz44OJ44Oh44Kk44OJIOODluODrOOCueODrOODg+ODiCDmnZDmlpnjgqvjg6vjg4jjg4rjg7zjgrjjg6Ug5p2Q5paZIOmAmuiyqeOCt+ODquOCs+ODs+ODouODvOODq+ODiSDjg6zjgrjjg7PpnanntJAgIOacrOmdqemdqee0kCDntLDjgYTjg6zjgrbjg7zjgrPjg7zjg4kgMW1t44Os44K244O844Kz44O844OJIOW5s+OCouOCr+OCu+OCteODquODvCDjg5Hjg7zjg4Qg6YCa6LKpIOOBiuOBmeOBmeOCgeOCouOCr+OCu+OCteODquODvCDph5Hlhbfjg5TjgqLjgrkg5Y+w57SZ44OU44Ki44K5IOODh+OCo+OCueODl+ODrOOCpOODrOOCuOODsyDlsIHlhaUg57Sg5p2Q5omL5L2c44KK5pys6Z2p44OT44O844K644K/44OD44K744Or44CA44OW44Op44Km44Oz57O7NOOAkOOChuOBhuODkeOCseODg+ODiEHlr77lv5zjgJE=,44CQ44KG44GG44OR44Kx44OD44OIQeWvvuW/nOOAkeOAguaJi+S9nOOCiuacrOmdqeODk+ODvOOCuuOCv+ODg+OCu+ODq+OAgOODluODqeOCpuODs+ezuzTjgJDjgobjgYbjg5HjgrHjg4Pjg4hB5a++5b+c44CR[rn]
7-31627,aHR0cDovL3RzaG9wLnIxMHMuanAvcGlua21vbmtleS9jYWJpbmV0L2hhbmRtYWRlL2htLTItMTAzLmpwZz9maXRpbj03MDA6NzAw,ODAwLjAwMDA=,,44OQ44OD44Kw44O75bCP54mp44O744OW44Op44Oz44OJ6ZuR6LKoID4g44Gd44Gu5LuW,5omL5L2c44KK5pys6Z2p44OT44O844K644K/44OD44K744Or44CA44Kw44Os44Kk57O744CQ44KG44GG44OR44Kx44OD44OIQeWvvuW/nOOAkQ==,44CQ44KG44GG44OR44Kx44OD44OIQeWvvuW/nOOAkQ==,PGRpdiBhbGlnbj0iY2VudGVyIj48dGFibGUgY2VsbHNwYWNpbmc9IjIiIGJnY29sb3I9IiNmZjAwMDAiIGNlbGxwYWRkaW5nPSI1IiB3aWR0aD0iNjAwIj48dGJvZHk+PHRyPgogICAgICA8dGQgYmdjb2xvcj0iI2ZmZmZmZiI+PGZvbnQgc2l6ZT0iLTEiIGNvbG9yPSIjZmYwMDAwIj7jgJDjgZTos7zlhaXliY3jgavlv4XjgZrjgYroqq3jgb/jgY/jgaDjgZXjgYTjgJE8YnI+CiAgICAgIDxicj4KICAgICAgPC9mb250Pjxmb250IHNpemU9Ii0xIiBjb2xvcj0iIzAwMDAwMCI+CuKAuyDmnKzoo73lk4Hjga/jgqTjg7Pjg4njgafnj77lnLDjga7kurrjgavjgojjgorjgbLjgajjgaTjgbLjgajjgaTmiYvkvZzjgorjgafkvZzjgonjgozjgabjgYTjgb7jgZnjga7jgafjg5Pjg7zjgrrjga7mn4Tjga7opovjgYjmlrnjgoTpnanntJDjga7plbfjgZXjgavlpJrlsJHjga7pgZXjgYTjgYLjgovjgarjganmjrLovInnlLvlg4/jgagK5YWo44GP5ZCM44GY5L2c44KK44Gu6KO95ZOB44GM5bGK44GP44Go44Gv6ZmQ44KK44G+44Gb44KT44CC44Gd44KM44Ge44KM5bCR44GX44Ga44Gk6YGV44GG44Kq44Oq44K444OK44Or5L2c5ZOB44Go44Gq44Gj44Gm44GK44KK44G+44GZ44CCCuWFqOS9k+eahOOBquOCq+ODqeODvOOBrue1hOOBv+WQiOOCj+OBm+OAgeODh+OCtuOCpOODs+OBr+OBu+OBvOWQjOOBmOOCiOOBhuOBquS9nOOCiuOBp+OBmeOBruOBp+OBlOWuieW/g+OBj+OBoOOBleOBhOOAgjxicj4KCuKAuyDmjrLovInnlLvlg4/jga/jgqTjg6Hjg7zjgrjnlLvlg4/jgafjgZnjgII8L2ZvbnQ+PC90ZD4KICAgIDwvdHI+PC90Ym9keT48L3RhYmxlPjwvZGl2Pjxicj48YnI+PGRpdiBhbGlnbj0iY2VudGVyIj48dGFibGUgY2VsbHNwYWNpbmc9IjEiIGNlbGxwYWRkaW5nPSI1IiB3aWR0aD0iNjAwIiBiZ2NvbG9yPSIjMDAwMDAwIiBhbGlnbj0iY2VudGVyIj4KICA8dHI+CiAgICA8dGQgd2lkdGg9IjYxIiBhbGlnbj0iY2VudGVyIiBiZ2NvbG9yPSIjZjBmMGYwIj48Zm9udCBjb2xvcj0iIzY2NjY2NiIgc2l6ZT0iMiI+5ZWG5ZOB5ZCNPC9mb250PjwvdGQ+CiAgICA8dGQgYmdjb2xvcj0iI2ZmZmZmZiI+PGZvbnQgY29sb3I9IiMwMDAwMDAiIHNpemU9LTE+5omL5L2c44KK5pys6Z2p44OT44O844K644K/44OD44K744Or44CA44Kw44Os44Kk57O7PGJyPgogICAgICAgIDwvZm9udD48L3RkPgogIDwvdHI+CiAgPHRyPgogICAgPHRkIGJnY29sb3I9IiNmMGYwZjAiIGFsaWduPSJjZW50ZXIiIHdpZHRoPSI2MSI+PGZvbnQgY29sb3I9IiM2NjY2NjYiIHNpemU9IjIiPuOCteOCpOOCuijntIQpPC9mb250PjwvdGQ+CiAgICA8dGQgYmdjb2xvcj0iI2ZmZmZmZiI+PGZvbnQgY29sb3I9IiMwMDAwMDAiIHNpemU9LTE+5pyA6ZW377yaMTQuNWNt77yI44K544OI44Op44OD44OX6YOo5YiG5ZCr44KA77yJL+aoquW5he+8mjdjbTwvZm9udD48L3RkPgogIDwvdHI+CiAgPHRyPgogICAgIDx0ZCBiZ2NvbG9yPSIjZjBmMGYwIiBhbGlnbj0iY2VudGVyIiB3aWR0aD0iNjEiPjxmb250IGNvbG9yPSIjNjY2NjY2IiBzaXplPSIyIj7ntKDmnZA8L2ZvbnQ+PC90ZD4KICAgICA8dGQgYmdjb2xvcj0iI2ZmZmZmZiI+PGZvbnQgY29sb3I9IiMwMDAwMDAiIHNpemU9LTE+54mb6Z2pPC9mb250PjwvdGQ+CiAgPC90cj4KICAgCiAgPHRyPgogICAgIDx0ZCBiZ2NvbG9yPSIjZjBmMGYwIiBhbGlnbj0iY2VudGVyIiB3aWR0aD0iNjEiPjxmb250IGNvbG9yPSIjNjY2NjY2IiBzaXplPSIyIj7lgpnogIM8L2ZvbnQ+PC90ZD4KICAgICA8dGQgYmdjb2xvcj0iI2ZmZmZmZiI+PGZvbnQgY29sb3I9IiNmZjAwMDAiIHNpemU9Ii0xIj7igLvjgYrkvb/jgYTjga5QQ+eSsOWig+OBq+OCiOOCiuWun+mam+OBruOBiuiJsuOBqOeVsOOBquOCi+WgtOWQiOOBjOOBlOOBluOBhOOBvuOBmeOBruOBp+S6iOOCgeOBlOS6huaJv+OBj+OBoOOBleOBhOOBvuOBm+OAgjwvZm9udD48L3RkPgogIDwvdHI+CjwvdGFibGU+PC9kaXY+PGJyPjxicj4KPGRpdiBhbGlnbj0iY2VudGVyIj48aW1nIHNyYz0iaHR0cDovL2ltYWdlLnJha3V0ZW4uY28uanAvcGlua21vbmtleS9jYWJpbmV0L2NhdGVnb3J5L3Rhc3NlbDYwMC5qcGciIGJvcmRlcj0iMCI+PC9kaXY+PGJyPjxicj4KPGRpdiBhbGlnbj0iY2VudGVyIj48aW1nIHNyYz0iaHR0cDovL2ltYWdlLnJha3V0ZW4uY28uanAvcGlua21vbmtleS9jYWJpbmV0L2NhdGVnb3J5L2htNjAwLWxlYXRoZWJlYWRzLmpwZyIgYm9yZGVyPSIwIj48L2Rpdj4KPGJyPjxicj4KPGRpdj4KCjwvZGl2Pjxicj48YnI+CgoKCgoKPGJyPjxicj4KCjxkaXY+Cgo8L2Rpdj48c3R5bGU+CgovKuWVhuWTgeODmuODvOOCuCovCgpzcGFuLnByaWNlMSB7CglkaXNwbGF5OiBibG9jayAhaW1wb3J0YW50OwoJZm9udC1zaXplOiAxMnB4ICFpbXBvcnRhbnQ7Cgljb2xvcjogI2ZmMDAwMCAhaW1wb3J0YW50OwoJdmVydGljYWwtYWxpZ246IGJvdHRvbSAhaW1wb3J0YW50OwoJbGluZS1oZWlnaHQ6IDEuMmVtICFpbXBvcnRhbnQ7CglwYWRkaW5nLXRvcDogMC42ZW0gIWltcG9ydGFudDsKCXBhZGRpbmctcmlnaHQ6IDFlbSAhaW1wb3J0YW50Owp9CgpzcGFuLnByaWNlMiB7Cglmb250LXNpemU6IDIwcHggIWltcG9ydGFudDsKCWZvbnQtd2VpZ2h0OiBib2xkICFpbXBvcnRhbnQ7Cgljb2xvcjogI2ZmMDAwMCAhaW1wb3J0YW50OwoJdmVydGljYWwtYWxpZ246IGJvdHRvbSAhaW1wb3J0YW50OwoJbGluZS1oZWlnaHQ6IDEuMmVtIWltcG9ydGFudDsKfQoKLyog44GK5rCX44Gr5YWl44KK5ZWG5ZOB55m76Yyy55S75YOP5aSJ5pu0ICovCmJvZHkgI3Jha3V0ZW5MaW1pdGVkSWRfYXJvdW5kQ2FydCBkaXYuYmttewp3aWR0aDogMzA2cHggIWltcG9ydGFudDsKfQpib2R5IGRpdi5ib29rbWFya0FyZWEgZGl2LmJrbSBhLmFkZEJrbSBzcGFuLmJrbVN0YXIgewp3aWR0aDogMzA2cHggIWltcG9ydGFudDsKaGVpZ2h0OiA0OHB4ICFpbXBvcnRhbnQ7CmJhY2tncm91bmQ6IHVybChodHRwOi8vaW1hZ2UucmFrdXRlbi5jby5qcC9waW5rbW9ua2V5L2NhYmluZXQvZmF2X2J1dHRvbl9hZnRlcjIuZ2lmKSBuby1yZXBlYXQgMCAwICFpbXBvcnRhbnQ7Cn0KYm9keSBkaXYuYm9va21hcmtBcmVhIGRpdi5ia20gYS5hZGRCa20gewp3aWR0aDogMzA2cHggIWltcG9ydGFudDsKaGVpZ2h0OiA0OHB4ICFpbXBvcnRhbnQ7Cn0KCi8qIOOBiuawl+OBq+WFpeOCiuOCt+ODp+ODg+ODl+eZu+mMsueUu+WDj+WkieabtCAqLwpib2R5ICNyYWt1dGVuTGltaXRlZElkX2Fyb3VuZENhcnQgZGl2LnNob3BCa217CndpZHRoOiAzMDZweCAhaW1wb3J0YW50OwpwYWRkaW5nLWxlZnQ6IDBweCAhaW1wb3J0YW50Owp9CmJvZHkgZGl2LnNob3BCb29rbWFya0FyZWEgZGl2LnNob3BCa20gYS5hZGRTaG9wQmttIHNwYW4uc2hvcEJrbVN0YXIgewp3aWR0aDogMzA2cHggIWltcG9ydGFudDsKaGVpZ2h0OiA0OHB4ICFpbXBvcnRhbnQ7CmJhY2tncm91bmQ6IHVybChodHRwOi8vaW1hZ2UucmFrdXRlbi5jby5qcC9waW5rbW9ua2V5L2NhYmluZXQvZmF2c2hvcF9idXR0b25fYWZ0ZXIuZ2lmKSBuby1yZXBlYXQgMCAwICFpbXBvcnRhbnQ7Cn0KYm9keSBkaXYuc2hvcEJvb2ttYXJrQXJlYSBkaXYuc2hvcEJrbSBhLmFkZFNob3BCa20gewp3aWR0aDogMzA2cHggIWltcG9ydGFudDsKaGVpZ2h0OiA0OHB4ICFpbXBvcnRhbnQ7Cn0KCgovKiDlgIvmlbDlhaXlipvmrITjga7lpKfjgY3jgZUgKi8KaW5wdXQjdW5pdHMgewpwYWRkaW5nOiAxcHggMHB4Owp9CgovKiDjgYrosrfjgYTnianjgYvjgZTjg5zjgr/jg7Pjga7lpKfjgY3jgZUgKi8KaW5wdXQgewpmb250LXNpemU6IDE3cHg7CnBhZGRpbmc6MTBweCA0MHB4Owp3aWR0aDogYXV0bzsKZm9udC1mYW1pbHk6IuODkuODqeOCruODjuinkuOCtCBQcm8gVzMiLCAiSGlyYWdpbm8gS2FrdSBHb3RoaWMgUHJvIiwgIuODoeOCpOODquOCqiIsIE1laXJ5bywgT3Nha2EsICLvvK3vvLMg77yw44K044K344OD44KvIiwgIk1TIFBHb3RoaWMiLCBzYW5zLXNlcmlmCn0KCi8qIOOAjOWVhuWTgeOBq+OBpOOBhOOBpuOBruWVj+OBhOWQiOOCj+OBm+OAjeODnOOCv+ODs+OBruWkp+OBjeOBlSovCmZvbnQgaW5wdXQgewpmb250LXNpemU6IDEycHg7CnBhZGRpbmc6MnB4Owp3aWR0aDogMTUwcHg7Cn0KCi8q44CM6aCF55uu6YG45oqe6IKi6YOo5YiG44CNKi8KLmludmVudG9yeSBpbnB1dHsKZm9udC1zaXplOiAxMnB4OwpiYWNrZ3JvdW5kOiNmZmY7Cn0KCgovKiDpoIXnm67pgbjmip7ogqLntI3mnJ/jg5Xjgqnjg7Pjg4jjgrXjgqTjgroqLwoKdGQuaW52ZW50b3J5IGZvbnR7Zm9udC1zaXplOjEycHg7Y29sb3I6I2ZmMDAwMDt9CgovKiDpoIXnm67pgbjmip7ogqIqLwoKI3Jha3V0ZW5MaW1pdGVkSWRfYXJvdW5kQ2FydCBzZWxlY3QgewptYXJnaW46NXB4IDBweDsKcGFkZGluZzo1cHg7Cn0KCiNyYWt1dGVuTGltaXRlZElkX2Fyb3VuZENhcnQgc3Bhbi5jaG9pY2U6YmVmb3J7CmNvbnRlbnQ6IHVybCgpOwp9CgovKiDov73lvpPjgqvjg7zjg4jkuIvjgYvjgonjga7pq5jjgZUqLwoKZGl2ICNzY3JvbGxVcHsKYm90dG9tOiAzMHB4Owp9CgovKiDmpb3lpKnmpJzntKLjg5Djg7zjgIDjgq3jg7zjg6/jg7zjg4kgKi8KCmRpdiNIZWFkZXJLZXl3b3JkIHsKCXBvc2l0aW9uOmFic29sdXRlOwoJdG9wOjUwcHg7LyrkuIDnlarkuIrjgYvjgonjga7kvY3nva4qLwoJbGVmdDozMHB4Oy8q5bem56uv44GL44KJ44Gu5L2N572uKi8KfQoKZGl2I0hlYWRlcktleXdvcmQgc3BhbiB7CgliYWNrZ3JvdW5kOiAjYmYwMDAwOwoJY29sb3I6I2ZmZjsKCWZvbnQtd2VpZ2h0OmJvbGQ7CglwYWRkaW5nOjJweCA1cHg7Cn0KCmRpdiNIZWFkZXJLZXl3b3JkIGEgewoJY29sb3I6IzAwNDRDQzsKfQoKPC9zdHlsZT4KCgoKCjwhLS0g44Ki44Kv44K744K144Oq44O844OR44O844OE44Kr44OG44K044Oq44O8IC0tPgo8ZGl2IGFsaWduPSJjZW50ZXIiPgo8aW1nIHNyYz0iaHR0cDovL2ltYWdlLnJha3V0ZW4uY28uanAvcGlua21vbmtleS9jYWJpbmV0L2NhdGVnb3J5L2htNzYwLmpwZyIgYWx0PSLjgqLjgq/jgrvjgrXjg6rjg7zjg5Hjg7zjg4TkuIDopqfjgbgiPgo8L2Rpdj4KPGRpdiBhbGlnbj0iY2VudGVyIj4KCjwvZGl2Pgo8IS0tIC/jgqLjgq/jgrvjgrXjg6rjg7zjg5Hjg7zjg4Tjgqvjg4bjgrTjg6rjg7wgLS0+CgoKPCEtLSDjgrfjg6fjg4Pjg5Tjg7PjgrDjgqzjgqTjg4kgLS0+Cgo8IS0tIC/jgrfjg6fjg4Pjg5Tjg7PjgrDjgqzjgqTjg4kgLS0+CgoKCgoKPGRpdiBpZD0iSGVhZGVyS2V5d29yZCI+CjxzcGFuPuazqOebruOBruOCreODvOODr+ODvOODiTwvc3Bhbj4K44Kr44Or44OI44OK44O844K444OlCumdqeOBsuOCggrjgrPjg7zjg4rjg7zph5HlhbcK44K344Oq44Kz44Oz5Z6LIOODrOOCuOODswrliIfjgormloflrZcg5pyo6KO9IOOBsuOCieOBjOOBqgrjgr/jg4Pjgrvjg6sK44Oc44K/44OzIOODqeODg+ODl+ODluODrOOCuQo8L2Rpdj4KPCEtLSDmpb3lpKnmpJzntKLjg5Djg7zjgIDjgq3jg7zjg6/jg7zjg4lFTkQgLS0+,5omL5L2c44KK5pys6Z2p44OT44O844K644K/44OD44K744Or44CA44Kw44Os44Kk57O744CQ44KG44GG44OR44Kx44OD44OIQeWvvuW/nOOAke+8muaJi+iKuOadkOaWmeOBruOBiuW6lyDjgqLjg7Pjgrfjg6Pjg7Pjg4blt6XmiL8=,6Z2p57SQIOmAmuiyqeODrOOCuOODsyDmnZDmlpnjg6zjgrjjg7Mg5Z6L44Os44K444OzIOODkeODvOODhOODj+ODs+ODieODoeOCpOODiSDmnZDmlpkg6LKp5aOy44OP44Oz44OJ44Oh44Kk44OJIOOCouOCr+OCu+OCteODquODvCDmnZDmlpnjg4/jg7Pjg4njg6HjgqTjg4kg5p2Q5paZIOa/gOWuieODj+ODs+ODieODoeOCpOODiSDjg5TjgqLjgrkg5p2Q5paZ44OP44Oz44OJ44Oh44Kk44OJIOODluODrOOCueODrOODg+ODiCDmnZDmlpnjgqvjg6vjg4jjg4rjg7zjgrjjg6Ug5p2Q5paZIOmAmuiyqeOCt+ODquOCs+ODs+ODouODvOODq+ODiSDjg6zjgrjjg7PpnanntJAgIOacrOmdqemdqee0kCDntLDjgYTjg6zjgrbjg7zjgrPjg7zjg4kgMW1t44Os44K244O844Kz44O844OJIOW5s+OCouOCr+OCu+OCteODquODvCDjg5Hjg7zjg4Qg6YCa6LKpIOOBiuOBmeOBmeOCgeOCouOCr+OCu+OCteODquODvCDph5Hlhbfjg5TjgqLjgrkg5Y+w57SZ44OU44Ki44K5IOODh+OCo+OCueODl+ODrOOCpOODrOOCuOODsyDlsIHlhaUg57Sg5p2Q5omL5L2c44KK5pys6Z2p44OT44O844K644K/44OD44K744Or44CA44Kw44Os44Kk57O744CQ44KG44GG44OR44Kx44OD44OIQeWvvuW/nOOAkQ==,44CQ44KG44GG44OR44Kx44OD44OIQeWvvuW/nOOAkeOAguaJi+S9nOOCiuacrOmdqeODk+ODvOOCuuOCv+ODg+OCu+ODq+OAgOOCsOODrOOCpOezu+OAkOOChuOBhuODkeOCseODg+ODiEHlr77lv5zjgJE=[rn]
7-31628,aHR0cDovL3RzaG9wLnIxMHMuanAvcGlua21vbmtleS9jYWJpbmV0L2hhbmRtYWRlL2htLTItMTA0LmpwZz9maXRpbj03MDA6NzAw,ODAwLjAwMDA=,,44OQ44OD44Kw44O75bCP54mp44O744OW44Op44Oz44OJ6ZuR6LKoID4g44Gd44Gu5LuW,5omL5L2c44KK5pys6Z2p44OT44O844K644K/44OD44K744Or44CA5r+D44OW44Op44Km44Oz57O7MuOAkOOChuOBhuODkeOCseODg+ODiEHlr77lv5zjgJE=,44CQ44KG44GG44OR44Kx44OD44OIQeWvvuW/nOOAkQ==,PGRpdiBhbGlnbj0iY2VudGVyIj48dGFibGUgY2VsbHNwYWNpbmc9IjIiIGJnY29sb3I9IiNmZjAwMDAiIGNlbGxwYWRkaW5nPSI1IiB3aWR0aD0iNjAwIj48dGJvZHk+PHRyPgogICAgICA8dGQgYmdjb2xvcj0iI2ZmZmZmZiI+PGZvbnQgc2l6ZT0iLTEiIGNvbG9yPSIjZmYwMDAwIj7jgJDjgZTos7zlhaXliY3jgavlv4XjgZrjgYroqq3jgb/jgY/jgaDjgZXjgYTjgJE8YnI+CiAgICAgIDxicj4KICAgICAgPC9mb250Pjxmb250IHNpemU9Ii0xIiBjb2xvcj0iIzAwMDAwMCI+CuKAuyDmnKzoo73lk4Hjga/jgqTjg7Pjg4njgafnj77lnLDjga7kurrjgavjgojjgorjgbLjgajjgaTjgbLjgajjgaTmiYvkvZzjgorjgafkvZzjgonjgozjgabjgYTjgb7jgZnjga7jgafjg5Pjg7zjgrrjga7mn4Tjga7opovjgYjmlrnjgoTpnanntJDjga7plbfjgZXjgavlpJrlsJHjga7pgZXjgYTjgYLjgovjgarjganmjrLovInnlLvlg4/jgagK5YWo44GP5ZCM44GY5L2c44KK44Gu6KO95ZOB44GM5bGK44GP44Go44Gv6ZmQ44KK44G+44Gb44KT44CC44Gd44KM44Ge44KM5bCR44GX44Ga44Gk6YGV44GG44Kq44Oq44K444OK44Or5L2c5ZOB44Go44Gq44Gj44Gm44GK44KK44G+44GZ44CCCuWFqOS9k+eahOOBquOCq+ODqeODvOOBrue1hOOBv+WQiOOCj+OBm+OAgeODh+OCtuOCpOODs+OBr+OBu+OBvOWQjOOBmOOCiOOBhuOBquS9nOOCiuOBp+OBmeOBruOBp+OBlOWuieW/g+OBj+OBoOOBleOBhOOAgjxicj4KCuKAuyDmjrLovInnlLvlg4/jga/jgqTjg6Hjg7zjgrjnlLvlg4/jgafjgZnjgII8L2ZvbnQ+PC90ZD4KICAgIDwvdHI+PC90Ym9keT48L3RhYmxlPjwvZGl2Pjxicj48YnI+PGRpdiBhbGlnbj0iY2VudGVyIj48dGFibGUgY2VsbHNwYWNpbmc9IjEiIGNlbGxwYWRkaW5nPSI1IiB3aWR0aD0iNjAwIiBiZ2NvbG9yPSIjMDAwMDAwIiBhbGlnbj0iY2VudGVyIj4KICA8dHI+CiAgICA8dGQgd2lkdGg9IjYxIiBhbGlnbj0iY2VudGVyIiBiZ2NvbG9yPSIjZjBmMGYwIj48Zm9udCBjb2xvcj0iIzY2NjY2NiIgc2l6ZT0iMiI+5ZWG5ZOB5ZCNPC9mb250PjwvdGQ+CiAgICA8dGQgYmdjb2xvcj0iI2ZmZmZmZiI+PGZvbnQgY29sb3I9IiMwMDAwMDAiIHNpemU9LTE+5omL5L2c44KK5pys6Z2p44OT44O844K644K/44OD44K744Or44CA5r+D44OW44Op44Km44Oz57O7Mjxicj4KICAgICAgICA8L2ZvbnQ+PC90ZD4KICA8L3RyPgogIDx0cj4KICAgIDx0ZCBiZ2NvbG9yPSIjZjBmMGYwIiBhbGlnbj0iY2VudGVyIiB3aWR0aD0iNjEiPjxmb250IGNvbG9yPSIjNjY2NjY2IiBzaXplPSIyIj7jgrXjgqTjgroo57SEKTwvZm9udD48L3RkPgogICAgPHRkIGJnY29sb3I9IiNmZmZmZmYiPjxmb250IGNvbG9yPSIjMDAwMDAwIiBzaXplPS0xPuacgOmVt++8mjE0LjVjbe+8iOOCueODiOODqeODg+ODl+mDqOWIhuWQq+OCgO+8iS/mqKrluYXvvJo3Y208L2ZvbnQ+PC90ZD4KICA8L3RyPgogIDx0cj4KICAgICA8dGQgYmdjb2xvcj0iI2YwZjBmMCIgYWxpZ249ImNlbnRlciIgd2lkdGg9IjYxIj48Zm9udCBjb2xvcj0iIzY2NjY2NiIgc2l6ZT0iMiI+57Sg5p2QPC9mb250PjwvdGQ+CiAgICAgPHRkIGJnY29sb3I9IiNmZmZmZmYiPjxmb250IGNvbG9yPSIjMDAwMDAwIiBzaXplPS0xPueJm+mdqTwvZm9udD48L3RkPgogIDwvdHI+CiAgIAogIDx0cj4KICAgICA8dGQgYmdjb2xvcj0iI2YwZjBmMCIgYWxpZ249ImNlbnRlciIgd2lkdGg9IjYxIj48Zm9udCBjb2xvcj0iIzY2NjY2NiIgc2l6ZT0iMiI+5YKZ6ICDPC9mb250PjwvdGQ+CiAgICAgPHRkIGJnY29sb3I9IiNmZmZmZmYiPjxmb250IGNvbG9yPSIjZmYwMDAwIiBzaXplPSItMSI+4oC744GK5L2/44GE44GuUEPnkrDlooPjgavjgojjgorlrp/pmpvjga7jgYroibLjgajnlbDjgarjgovloLTlkIjjgYzjgZTjgZbjgYTjgb7jgZnjga7jgafkuojjgoHjgZTkuobmib/jgY/jgaDjgZXjgYTjgb7jgZvjgII8L2ZvbnQ+PC90ZD4KICA8L3RyPgo8L3RhYmxlPjwvZGl2Pjxicj48YnI+CjxkaXYgYWxpZ249ImNlbnRlciI+PGltZyBzcmM9Imh0dHA6Ly9pbWFnZS5yYWt1dGVuLmNvLmpwL3Bpbmttb25rZXkvY2FiaW5ldC9jYXRlZ29yeS90YXNzZWw2MDAuanBnIiBib3JkZXI9IjAiPjwvZGl2Pjxicj48YnI+CjxkaXYgYWxpZ249ImNlbnRlciI+PGltZyBzcmM9Imh0dHA6Ly9pbWFnZS5yYWt1dGVuLmNvLmpwL3Bpbmttb25rZXkvY2FiaW5ldC9jYXRlZ29yeS9obTYwMC1sZWF0aGViZWFkcy5qcGciIGJvcmRlcj0iMCI+PC9kaXY+Cjxicj48YnI+CjxkaXY+Cgo8L2Rpdj48YnI+PGJyPgoKCgoKCjxicj48YnI+Cgo8ZGl2PgoKPC9kaXY+PHN0eWxlPgoKLyrllYblk4Hjg5rjg7zjgrgqLwoKc3Bhbi5wcmljZTEgewoJZGlzcGxheTogYmxvY2sgIWltcG9ydGFudDsKCWZvbnQtc2l6ZTogMTJweCAhaW1wb3J0YW50OwoJY29sb3I6ICNmZjAwMDAgIWltcG9ydGFudDsKCXZlcnRpY2FsLWFsaWduOiBib3R0b20gIWltcG9ydGFudDsKCWxpbmUtaGVpZ2h0OiAxLjJlbSAhaW1wb3J0YW50OwoJcGFkZGluZy10b3A6IDAuNmVtICFpbXBvcnRhbnQ7CglwYWRkaW5nLXJpZ2h0OiAxZW0gIWltcG9ydGFudDsKfQoKc3Bhbi5wcmljZTIgewoJZm9udC1zaXplOiAyMHB4ICFpbXBvcnRhbnQ7Cglmb250LXdlaWdodDogYm9sZCAhaW1wb3J0YW50OwoJY29sb3I6ICNmZjAwMDAgIWltcG9ydGFudDsKCXZlcnRpY2FsLWFsaWduOiBib3R0b20gIWltcG9ydGFudDsKCWxpbmUtaGVpZ2h0OiAxLjJlbSFpbXBvcnRhbnQ7Cn0KCi8qIOOBiuawl+OBq+WFpeOCiuWVhuWTgeeZu+mMsueUu+WDj+WkieabtCAqLwpib2R5ICNyYWt1dGVuTGltaXRlZElkX2Fyb3VuZENhcnQgZGl2LmJrbXsKd2lkdGg6IDMwNnB4ICFpbXBvcnRhbnQ7Cn0KYm9keSBkaXYuYm9va21hcmtBcmVhIGRpdi5ia20gYS5hZGRCa20gc3Bhbi5ia21TdGFyIHsKd2lkdGg6IDMwNnB4ICFpbXBvcnRhbnQ7CmhlaWdodDogNDhweCAhaW1wb3J0YW50OwpiYWNrZ3JvdW5kOiB1cmwoaHR0cDovL2ltYWdlLnJha3V0ZW4uY28uanAvcGlua21vbmtleS9jYWJpbmV0L2Zhdl9idXR0b25fYWZ0ZXIyLmdpZikgbm8tcmVwZWF0IDAgMCAhaW1wb3J0YW50Owp9CmJvZHkgZGl2LmJvb2ttYXJrQXJlYSBkaXYuYmttIGEuYWRkQmttIHsKd2lkdGg6IDMwNnB4ICFpbXBvcnRhbnQ7CmhlaWdodDogNDhweCAhaW1wb3J0YW50Owp9CgovKiDjgYrmsJfjgavlhaXjgorjgrfjg6fjg4Pjg5fnmbvpjLLnlLvlg4/lpInmm7QgKi8KYm9keSAjcmFrdXRlbkxpbWl0ZWRJZF9hcm91bmRDYXJ0IGRpdi5zaG9wQmttewp3aWR0aDogMzA2cHggIWltcG9ydGFudDsKcGFkZGluZy1sZWZ0OiAwcHggIWltcG9ydGFudDsKfQpib2R5IGRpdi5zaG9wQm9va21hcmtBcmVhIGRpdi5zaG9wQmttIGEuYWRkU2hvcEJrbSBzcGFuLnNob3BCa21TdGFyIHsKd2lkdGg6IDMwNnB4ICFpbXBvcnRhbnQ7CmhlaWdodDogNDhweCAhaW1wb3J0YW50OwpiYWNrZ3JvdW5kOiB1cmwoaHR0cDovL2ltYWdlLnJha3V0ZW4uY28uanAvcGlua21vbmtleS9jYWJpbmV0L2ZhdnNob3BfYnV0dG9uX2FmdGVyLmdpZikgbm8tcmVwZWF0IDAgMCAhaW1wb3J0YW50Owp9CmJvZHkgZGl2LnNob3BCb29rbWFya0FyZWEgZGl2LnNob3BCa20gYS5hZGRTaG9wQmttIHsKd2lkdGg6IDMwNnB4ICFpbXBvcnRhbnQ7CmhlaWdodDogNDhweCAhaW1wb3J0YW50Owp9CgoKLyog5YCL5pWw5YWl5Yqb5qyE44Gu5aSn44GN44GVICovCmlucHV0I3VuaXRzIHsKcGFkZGluZzogMXB4IDBweDsKfQoKLyog44GK6LK344GE54mp44GL44GU44Oc44K/44Oz44Gu5aSn44GN44GVICovCmlucHV0IHsKZm9udC1zaXplOiAxN3B4OwpwYWRkaW5nOjEwcHggNDBweDsKd2lkdGg6IGF1dG87CmZvbnQtZmFtaWx5OiLjg5Ljg6njgq7jg47op5LjgrQgUHJvIFczIiwgIkhpcmFnaW5vIEtha3UgR290aGljIFBybyIsICLjg6HjgqTjg6rjgqoiLCBNZWlyeW8sIE9zYWthLCAi77yt77yzIO+8sOOCtOOCt+ODg+OCryIsICJNUyBQR290aGljIiwgc2Fucy1zZXJpZgp9CgovKiDjgIzllYblk4HjgavjgaTjgYTjgabjga7llY/jgYTlkIjjgo/jgZvjgI3jg5zjgr/jg7Pjga7lpKfjgY3jgZUqLwpmb250IGlucHV0IHsKZm9udC1zaXplOiAxMnB4OwpwYWRkaW5nOjJweDsKd2lkdGg6IDE1MHB4Owp9CgovKuOAjOmgheebrumBuOaKnuiCoumDqOWIhuOAjSovCi5pbnZlbnRvcnkgaW5wdXR7CmZvbnQtc2l6ZTogMTJweDsKYmFja2dyb3VuZDojZmZmOwp9CgoKLyog6aCF55uu6YG45oqe6IKi57SN5pyf44OV44Kp44Oz44OI44K144Kk44K6Ki8KCnRkLmludmVudG9yeSBmb250e2ZvbnQtc2l6ZToxMnB4O2NvbG9yOiNmZjAwMDA7fQoKLyog6aCF55uu6YG45oqe6IKiKi8KCiNyYWt1dGVuTGltaXRlZElkX2Fyb3VuZENhcnQgc2VsZWN0IHsKbWFyZ2luOjVweCAwcHg7CnBhZGRpbmc6NXB4Owp9CgojcmFrdXRlbkxpbWl0ZWRJZF9hcm91bmRDYXJ0IHNwYW4uY2hvaWNlOmJlZm9yewpjb250ZW50OiB1cmwoKTsKfQoKLyog6L+95b6T44Kr44O844OI5LiL44GL44KJ44Gu6auY44GVKi8KCmRpdiAjc2Nyb2xsVXB7CmJvdHRvbTogMzBweDsKfQoKLyog5qW95aSp5qSc57Si44OQ44O844CA44Kt44O844Ov44O844OJICovCgpkaXYjSGVhZGVyS2V5d29yZCB7Cglwb3NpdGlvbjphYnNvbHV0ZTsKCXRvcDo1MHB4Oy8q5LiA55Wq5LiK44GL44KJ44Gu5L2N572uKi8KCWxlZnQ6MzBweDsvKuW3puerr+OBi+OCieOBruS9jee9riovCn0KCmRpdiNIZWFkZXJLZXl3b3JkIHNwYW4gewoJYmFja2dyb3VuZDogI2JmMDAwMDsKCWNvbG9yOiNmZmY7Cglmb250LXdlaWdodDpib2xkOwoJcGFkZGluZzoycHggNXB4Owp9CgpkaXYjSGVhZGVyS2V5d29yZCBhIHsKCWNvbG9yOiMwMDQ0Q0M7Cn0KCjwvc3R5bGU+CgoKCgo8IS0tIOOCouOCr+OCu+OCteODquODvOODkeODvOODhOOCq+ODhuOCtOODquODvCAtLT4KPGRpdiBhbGlnbj0iY2VudGVyIj4KPGltZyBzcmM9Imh0dHA6Ly9pbWFnZS5yYWt1dGVuLmNvLmpwL3Bpbmttb25rZXkvY2FiaW5ldC9jYXRlZ29yeS9obTc2MC5qcGciIGFsdD0i44Ki44Kv44K744K144Oq44O844OR44O844OE5LiA6Kan44G4Ij4KPC9kaXY+CjxkaXYgYWxpZ249ImNlbnRlciI+Cgo8L2Rpdj4KPCEtLSAv44Ki44Kv44K744K144Oq44O844OR44O844OE44Kr44OG44K044Oq44O8IC0tPgoKCjwhLS0g44K344On44OD44OU44Oz44Kw44Ks44Kk44OJIC0tPgoKPCEtLSAv44K344On44OD44OU44Oz44Kw44Ks44Kk44OJIC0tPgoKCgoKCjxkaXYgaWQ9IkhlYWRlcktleXdvcmQiPgo8c3Bhbj7ms6jnm67jga7jgq3jg7zjg6/jg7zjg4k8L3NwYW4+CuOCq+ODq+ODiOODiuODvOOCuOODpQrpnanjgbLjgoIK44Kz44O844OK44O86YeR5YW3CuOCt+ODquOCs+ODs+WeiyDjg6zjgrjjg7MK5YiH44KK5paH5a2XIOacqOijvSDjgbLjgonjgYzjgaoK44K/44OD44K744OrCuODnOOCv+ODsyDjg6njg4Pjg5fjg5bjg6zjgrkKPC9kaXY+CjwhLS0g5qW95aSp5qSc57Si44OQ44O844CA44Kt44O844Ov44O844OJRU5EIC0tPg==,5omL5L2c44KK5pys6Z2p44OT44O844K644K/44OD44K744Or44CA5r+D44OW44Op44Km44Oz57O7MuOAkOOChuOBhuODkeOCseODg+ODiEHlr77lv5zjgJHvvJrmiYvoirjmnZDmlpnjga7jgYrlupcg44Ki44Oz44K344Oj44Oz44OG5bel5oi/,6Z2p57SQIOmAmuiyqeODrOOCuOODsyDmnZDmlpnjg6zjgrjjg7Mg5Z6L44Os44K444OzIOODkeODvOODhOODj+ODs+ODieODoeOCpOODiSDmnZDmlpkg6LKp5aOy44OP44Oz44OJ44Oh44Kk44OJIOOCouOCr+OCu+OCteODquODvCDmnZDmlpnjg4/jg7Pjg4njg6HjgqTjg4kg5p2Q5paZIOa/gOWuieODj+ODs+ODieODoeOCpOODiSDjg5TjgqLjgrkg5p2Q5paZ44OP44Oz44OJ44Oh44Kk44OJIOODluODrOOCueODrOODg+ODiCDmnZDmlpnjgqvjg6vjg4jjg4rjg7zjgrjjg6Ug5p2Q5paZIOmAmuiyqeOCt+ODquOCs+ODs+ODouODvOODq+ODiSDjg6zjgrjjg7PpnanntJAgIOacrOmdqemdqee0kCDntLDjgYTjg6zjgrbjg7zjgrPjg7zjg4kgMW1t44Os44K244O844Kz44O844OJIOW5s+OCouOCr+OCu+OCteODquODvCDjg5Hjg7zjg4Qg6YCa6LKpIOOBiuOBmeOBmeOCgeOCouOCr+OCu+OCteODquODvCDph5Hlhbfjg5TjgqLjgrkg5Y+w57SZ44OU44Ki44K5IOODh+OCo+OCueODl+ODrOOCpOODrOOCuOODsyDlsIHlhaUg57Sg5p2Q5omL5L2c44KK5pys6Z2p44OT44O844K644K/44OD44K744Or44CA5r+D44OW44Op44Km44Oz57O7MuOAkOOChuOBhuODkeOCseODg+ODiEHlr77lv5zjgJE=,44CQ44KG44GG44OR44Kx44OD44OIQeWvvuW/nOOAkeOAguaJi+S9nOOCiuacrOmdqeODk+ODvOOCuuOCv+ODg+OCu+ODq+OAgOa/g+ODluODqeOCpuODs+ezuzLjgJDjgobjgYbjg5HjgrHjg4Pjg4hB5a++5b+c44CR[rn]
7-31629,aHR0cDovL3RzaG9wLnIxMHMuanAvcGlua21vbmtleS9jYWJpbmV0L2hhbmRtYWRlL2htLTItOTMtMS5qcGc/Zml0aW49NzAwOjcwMA==,MTE0LjQwMDA=,,44OQ44OD44Kw44O75bCP54mp44O744OW44Op44Oz44OJ6ZuR6LKoID4g44Gd44Gu5LuW,5omL5L2c44KK5pys6Z2p57eo44G/6L6844G/44OT44O844K6MTVtbSg06ImyKeOAkOOChuOBhuODkeOCseODg+ODiEHlr77lv5zjgJE=,44CQ44KG44GG44OR44Kx44OD44OIQeWvvuW/nOOAkQ==,PGRpdiBhbGlnbj0iY2VudGVyIj48dGFibGUgY2VsbHNwYWNpbmc9IjIiIGJnY29sb3I9IiNmZjAwMDAiIGNlbGxwYWRkaW5nPSI1IiB3aWR0aD0iNjAwIj48dGJvZHk+PHRyPgogICAgICA8dGQgYmdjb2xvcj0iI2ZmZmZmZiI+PGZvbnQgc2l6ZT0iLTEiIGNvbG9yPSIjZmYwMDAwIj7jgJDjgZTos7zlhaXliY3jgavlv4XjgZrjgYroqq3jgb/jgY/jgaDjgZXjgYTjgJE8YnI+CiAgICAgIDxicj4KICAgICAgPC9mb250Pjxmb250IHNpemU9Ii0xIiBjb2xvcj0iIzAwMDAwMCI+CuKAuyDmnKzoo73lk4Hjga/jgqTjg7Pjg4njgafnj77lnLDjga7kurrjgavjgojjgorjgbLjgajjgaTjgbLjgajjgaTmiYvkvZzjgorjgafkvZzjgonjgozjgabjgYTjgb7jgZnjga7jgafjg5Pjg7zjgrrjga7mn4Tjga7opovjgYjmlrnjgarjganmjrLovInnlLvlg4/jgajlvq7lppnjgavpgZXjgYTjgYzjgYLjgovloLTlkIjjgYzjgZTjgZbjgYTjgb7jgZnjgIIK5LqI44KB44GU5LqG5om/44GE44Gf44Gg44GN44G+44GZ44KI44GG44GK6aGY44GE44GE44Gf44GX44G+44GZ44CCPGJyPgoK44G+44Gf44CB5aSn44GN44GV44KC44Gy44Go44Gk44Gy44Go44Gk6Iul5bmy44Gu6YGV44GE44GM44GU44GW44GE44G+44GZ44CC44GT44KM44KC44OP44Oz44OJ44Oh44Kk44OJ44Gq44KJ44Gn44Gv44Gu5ZGz44Go44GX44Gm44GU5LqG5om/44GP44Gg44GV44GE44G+44Gb44CCPGJyPuKAuyDmjrLovInnlLvlg4/jga/jgqTjg6Hjg7zjgrjnlLvlg4/jgafjgZnjgII8L2ZvbnQ+PC90ZD4KICAgIDwvdHI+PC90Ym9keT48L3RhYmxlPjwvZGl2Pjxicj48YnI+PGRpdiBhbGlnbj0iY2VudGVyIj48dGFibGUgY2VsbHNwYWNpbmc9IjEiIGNlbGxwYWRkaW5nPSI1IiB3aWR0aD0iNjAwIiBiZ2NvbG9yPSIjMDAwMDAwIj4KICA8dHI+CiAgICA8dGQgYmdjb2xvcj0iI2YwZjBmMCIgYWxpZ249ImNlbnRlciIgd2lkdGg9IjYxIj48Zm9udCBjb2xvcj0iIzY2NjY2NiIgc2l6ZT0iMiI+5ZWG5ZOB5ZCNPC9mb250PjwvdGQ+CiAgICA8dGQgYmdjb2xvcj0iI2ZmZmZmZiI+PGZvbnQgY29sb3I9IiMwMDAwMDAiIHNpemU9LTE+5omL5L2c44KK5pys6Z2p57eo6L6844G/44OT44O844K644CAMTVtbTwvZm9udD48L3RkPgogIDwvdHI+CiAgPHRyPgogICAgPHRkIGJnY29sb3I9IiNmMGYwZjAiIGFsaWduPSJjZW50ZXIiIHdpZHRoPSI2MSI+PGZvbnQgY29sb3I9IiM2NjY2NjYiIHNpemU9IjIiPuOCteOCpOOCuijntIQpPC9mb250PjwvdGQ+CiAgICA8dGQgYmdjb2xvcj0iI2ZmZmZmZiI+PGZvbnQgY29sb3I9IiMwMDAwMDAiIHNpemU9LTE+MTVtbTwvZm9udD48L3RkPgogIDwvdHI+CiAgPHRyPgogICAgIDx0ZCBiZ2NvbG9yPSIjZjBmMGYwIiBhbGlnbj0iY2VudGVyIiB3aWR0aD0iNjEiPjxmb250IGNvbG9yPSIjNjY2NjY2IiBzaXplPSIyIj7ntKDmnZA8L2ZvbnQ+PC90ZD4KICAgICA8dGQgYmdjb2xvcj0iI2ZmZmZmZiI+PGZvbnQgY29sb3I9IiMwMDAwMDAiIHNpemU9LTE+54mb6Z2pPC9mb250PjwvdGQ+CiAgPC90cj4KICAgIDx0cj4KICAgICA8dGQgYmdjb2xvcj0iI2YwZjBmMCIgYWxpZ249ImNlbnRlciIgd2lkdGg9IjYxIj48Zm9udCBjb2xvcj0iIzY2NjY2NiIgc2l6ZT0iMiI+44Kr44Op44O8PC9mb250PjwvdGQ+CiAgICAgPHRkIGJnY29sb3I9IiNmZmZmZmYiPjxmb250IGNvbG9yPSIjMDAwMDAwIiBzaXplPS0xPuODgOODvOOCr+ODluODq+ODvOODu+OCtOODvOODq+ODieODu+OCsOODrOODvOODu+ODluODqeOCpuODszwvZm9udD48L3RkPgogIDwvdHI+CiAgPHRyPgogICAgIDx0ZCBiZ2NvbG9yPSIjZjBmMGYwIiBhbGlnbj0iY2VudGVyIiB3aWR0aD0iNjEiPjxmb250IGNvbG9yPSIjNjY2NjY2IiBzaXplPSIyIj7lgpnogIM8L2ZvbnQ+PC90ZD4KICAgICA8dGQgYmdjb2xvcj0iI2ZmZmZmZiI+PGZvbnQgY29sb3I9IiNmZjAwMDAiIHNpemU9Ii0xIj7igLvjgYrkvb/jgYTjga5QQ+eSsOWig+OBq+OCiOOCiuWun+mam+OBruOBiuiJsuOBqOeVsOOBquOCi+WgtOWQiOOBjOOBlOOBluOBhOOBvuOBmeOBruOBp+S6iOOCgeOBlOS6huaJv+OBj+OBoOOBleOBhOOBvuOBm+OAgjwvZm9udD48L3RkPgogIDwvdHI+CjwvdGFibGU+PC9kaXY+PGJyPjxicj4KPGRpdiBhbGlnbj0iY2VudGVyIj48aW1nIHNyYz0iaHR0cDovL2ltYWdlLnJha3V0ZW4uY28uanAvcGlua21vbmtleS9jYWJpbmV0L2NhdGVnb3J5L2htNjAwLWxlYXRoZWJlYWRzLmpwZyIgYm9yZGVyPSIwIj48L2Rpdj4KPGJyPjxicj4KCjxkaXYgYWxpZ249ImNlbnRlciI+PGltZyBzcmM9Imh0dHA6Ly9pbWFnZS5yYWt1dGVuLmNvLmpwL3Bpbmttb25rZXkvY2FiaW5ldC9jYXRlZ29yeS9obTYwMC10dXNzZWwuanBnIiBib3JkZXI9IjAiPjwvZGl2Pjxicj48YnI+CjxkaXY+Cgo8L2Rpdj4KPGJyPjxicj4KPGRpdiBhbGlnbj0iY2VudGVyIj4KPC9kaXY+Cjxicj48YnI+Cgo8ZGl2PgoKPC9kaXY+PHN0eWxlPgoKLyrllYblk4Hjg5rjg7zjgrgqLwoKc3Bhbi5wcmljZTEgewoJZGlzcGxheTogYmxvY2sgIWltcG9ydGFudDsKCWZvbnQtc2l6ZTogMTJweCAhaW1wb3J0YW50OwoJY29sb3I6ICNmZjAwMDAgIWltcG9ydGFudDsKCXZlcnRpY2FsLWFsaWduOiBib3R0b20gIWltcG9ydGFudDsKCWxpbmUtaGVpZ2h0OiAxLjJlbSAhaW1wb3J0YW50OwoJcGFkZGluZy10b3A6IDAuNmVtICFpbXBvcnRhbnQ7CglwYWRkaW5nLXJpZ2h0OiAxZW0gIWltcG9ydGFudDsKfQoKc3Bhbi5wcmljZTIgewoJZm9udC1zaXplOiAyMHB4ICFpbXBvcnRhbnQ7Cglmb250LXdlaWdodDogYm9sZCAhaW1wb3J0YW50OwoJY29sb3I6ICNmZjAwMDAgIWltcG9ydGFudDsKCXZlcnRpY2FsLWFsaWduOiBib3R0b20gIWltcG9ydGFudDsKCWxpbmUtaGVpZ2h0OiAxLjJlbSFpbXBvcnRhbnQ7Cn0KCi8qIOOBiuawl+OBq+WFpeOCiuWVhuWTgeeZu+mMsueUu+WDj+WkieabtCAqLwpib2R5ICNyYWt1dGVuTGltaXRlZElkX2Fyb3VuZENhcnQgZGl2LmJrbXsKd2lkdGg6IDMwNnB4ICFpbXBvcnRhbnQ7Cn0KYm9keSBkaXYuYm9va21hcmtBcmVhIGRpdi5ia20gYS5hZGRCa20gc3Bhbi5ia21TdGFyIHsKd2lkdGg6IDMwNnB4ICFpbXBvcnRhbnQ7CmhlaWdodDogNDhweCAhaW1wb3J0YW50OwpiYWNrZ3JvdW5kOiB1cmwoaHR0cDovL2ltYWdlLnJha3V0ZW4uY28uanAvcGlua21vbmtleS9jYWJpbmV0L2Zhdl9idXR0b25fYWZ0ZXIyLmdpZikgbm8tcmVwZWF0IDAgMCAhaW1wb3J0YW50Owp9CmJvZHkgZGl2LmJvb2ttYXJrQXJlYSBkaXYuYmttIGEuYWRkQmttIHsKd2lkdGg6IDMwNnB4ICFpbXBvcnRhbnQ7CmhlaWdodDogNDhweCAhaW1wb3J0YW50Owp9CgovKiDjgYrmsJfjgavlhaXjgorjgrfjg6fjg4Pjg5fnmbvpjLLnlLvlg4/lpInmm7QgKi8KYm9keSAjcmFrdXRlbkxpbWl0ZWRJZF9hcm91bmRDYXJ0IGRpdi5zaG9wQmttewp3aWR0aDogMzA2cHggIWltcG9ydGFudDsKcGFkZGluZy1sZWZ0OiAwcHggIWltcG9ydGFudDsKfQpib2R5IGRpdi5zaG9wQm9va21hcmtBcmVhIGRpdi5zaG9wQmttIGEuYWRkU2hvcEJrbSBzcGFuLnNob3BCa21TdGFyIHsKd2lkdGg6IDMwNnB4ICFpbXBvcnRhbnQ7CmhlaWdodDogNDhweCAhaW1wb3J0YW50OwpiYWNrZ3JvdW5kOiB1cmwoaHR0cDovL2ltYWdlLnJha3V0ZW4uY28uanAvcGlua21vbmtleS9jYWJpbmV0L2ZhdnNob3BfYnV0dG9uX2FmdGVyLmdpZikgbm8tcmVwZWF0IDAgMCAhaW1wb3J0YW50Owp9CmJvZHkgZGl2LnNob3BCb29rbWFya0FyZWEgZGl2LnNob3BCa20gYS5hZGRTaG9wQmttIHsKd2lkdGg6IDMwNnB4ICFpbXBvcnRhbnQ7CmhlaWdodDogNDhweCAhaW1wb3J0YW50Owp9CgoKLyog5YCL5pWw5YWl5Yqb5qyE44Gu5aSn44GN44GVICovCmlucHV0I3VuaXRzIHsKcGFkZGluZzogMXB4IDBweDsKfQoKLyog44GK6LK344GE54mp44GL44GU44Oc44K/44Oz44Gu5aSn44GN44GVICovCmlucHV0IHsKZm9udC1zaXplOiAxN3B4OwpwYWRkaW5nOjEwcHggNDBweDsKd2lkdGg6IGF1dG87CmZvbnQtZmFtaWx5OiLjg5Ljg6njgq7jg47op5LjgrQgUHJvIFczIiwgIkhpcmFnaW5vIEtha3UgR290aGljIFBybyIsICLjg6HjgqTjg6rjgqoiLCBNZWlyeW8sIE9zYWthLCAi77yt77yzIO+8sOOCtOOCt+ODg+OCryIsICJNUyBQR290aGljIiwgc2Fucy1zZXJpZgp9CgovKiDjgIzllYblk4HjgavjgaTjgYTjgabjga7llY/jgYTlkIjjgo/jgZvjgI3jg5zjgr/jg7Pjga7lpKfjgY3jgZUqLwpmb250IGlucHV0IHsKZm9udC1zaXplOiAxMnB4OwpwYWRkaW5nOjJweDsKd2lkdGg6IDE1MHB4Owp9CgovKuOAjOmgheebrumBuOaKnuiCoumDqOWIhuOAjSovCi5pbnZlbnRvcnkgaW5wdXR7CmZvbnQtc2l6ZTogMTJweDsKYmFja2dyb3VuZDojZmZmOwp9CgoKLyog6aCF55uu6YG45oqe6IKi57SN5pyf44OV44Kp44Oz44OI44K144Kk44K6Ki8KCnRkLmludmVudG9yeSBmb250e2ZvbnQtc2l6ZToxMnB4O2NvbG9yOiNmZjAwMDA7fQoKLyog6aCF55uu6YG45oqe6IKiKi8KCiNyYWt1dGVuTGltaXRlZElkX2Fyb3VuZENhcnQgc2VsZWN0IHsKbWFyZ2luOjVweCAwcHg7CnBhZGRpbmc6NXB4Owp9CgojcmFrdXRlbkxpbWl0ZWRJZF9hcm91bmRDYXJ0IHNwYW4uY2hvaWNlOmJlZm9yewpjb250ZW50OiB1cmwoKTsKfQoKLyog6L+95b6T44Kr44O844OI5LiL44GL44KJ44Gu6auY44GVKi8KCmRpdiAjc2Nyb2xsVXB7CmJvdHRvbTogMzBweDsKfQoKLyog5qW95aSp5qSc57Si44OQ44O844CA44Kt44O844Ov44O844OJICovCgpkaXYjSGVhZGVyS2V5d29yZCB7Cglwb3NpdGlvbjphYnNvbHV0ZTsKCXRvcDo1MHB4Oy8q5LiA55Wq5LiK44GL44KJ44Gu5L2N572uKi8KCWxlZnQ6MzBweDsvKuW3puerr+OBi+OCieOBruS9jee9riovCn0KCmRpdiNIZWFkZXJLZXl3b3JkIHNwYW4gewoJYmFja2dyb3VuZDogI2JmMDAwMDsKCWNvbG9yOiNmZmY7Cglmb250LXdlaWdodDpib2xkOwoJcGFkZGluZzoycHggNXB4Owp9CgpkaXYjSGVhZGVyS2V5d29yZCBhIHsKCWNvbG9yOiMwMDQ0Q0M7Cn0KCjwvc3R5bGU+CgoKCgo8IS0tIOOCouOCr+OCu+OCteODquODvOODkeODvOODhOOCq+ODhuOCtOODquODvCAtLT4KPGRpdiBhbGlnbj0iY2VudGVyIj4KPGltZyBzcmM9Imh0dHA6Ly9pbWFnZS5yYWt1dGVuLmNvLmpwL3Bpbmttb25rZXkvY2FiaW5ldC9jYXRlZ29yeS9obTc2MC5qcGciIGFsdD0i44Ki44Kv44K744K144Oq44O844OR44O844OE5LiA6Kan44G4Ij4KPC9kaXY+CjxkaXYgYWxpZ249ImNlbnRlciI+Cgo8L2Rpdj4KPCEtLSAv44Ki44Kv44K744K144Oq44O844OR44O844OE44Kr44OG44K044Oq44O8IC0tPgoKCjwhLS0g44K344On44OD44OU44Oz44Kw44Ks44Kk44OJIC0tPgoKPCEtLSAv44K344On44OD44OU44Oz44Kw44Ks44Kk44OJIC0tPgoKCgoKCjxkaXYgaWQ9IkhlYWRlcktleXdvcmQiPgo8c3Bhbj7ms6jnm67jga7jgq3jg7zjg6/jg7zjg4k8L3NwYW4+CuOCq+ODq+ODiOODiuODvOOCuOODpQrpnanjgbLjgoIK44Kz44O844OK44O86YeR5YW3CuOCt+ODquOCs+ODs+WeiyDjg6zjgrjjg7MK5YiH44KK5paH5a2XIOacqOijvSDjgbLjgonjgYzjgaoK44K/44OD44K744OrCuODnOOCv+ODsyDjg6njg4Pjg5fjg5bjg6zjgrkKPC9kaXY+CjwhLS0g5qW95aSp5qSc57Si44OQ44O844CA44Kt44O844Ov44O844OJRU5EIC0tPg==,5omL5L2c44KK5pys6Z2p57eo44G/6L6844G/44OT44O844K6MTVtbSg06ImyKeOAkOOChuOBhuODkeOCseODg+ODiEHlr77lv5zjgJHvvJrmiYvoirjmnZDmlpnjga7jgYrlupcg44Ki44Oz44K344Oj44Oz44OG5bel5oi/,6Z2p57SQIOmAmuiyqeODrOOCuOODsyDmnZDmlpnjg6zjgrjjg7Mg5Z6L44Os44K444OzIOODkeODvOODhOODj+ODs+ODieODoeOCpOODiSDmnZDmlpkg6LKp5aOy44OP44Oz44OJ44Oh44Kk44OJIOOCouOCr+OCu+OCteODquODvCDmnZDmlpnjg4/jg7Pjg4njg6HjgqTjg4kg5p2Q5paZIOa/gOWuieODj+ODs+ODieODoeOCpOODiSDjg5TjgqLjgrkg5p2Q5paZ44OP44Oz44OJ44Oh44Kk44OJIOODluODrOOCueODrOODg+ODiCDmnZDmlpnjgqvjg6vjg4jjg4rjg7zjgrjjg6Ug5p2Q5paZIOmAmuiyqeOCt+ODquOCs+ODs+ODouODvOODq+ODiSDjg6zjgrjjg7PpnanntJAgIOacrOmdqemdqee0kCDntLDjgYTjg6zjgrbjg7zjgrPjg7zjg4kgMW1t44Os44K244O844Kz44O844OJIOW5s+OCouOCr+OCu+OCteODquODvCDjg5Hjg7zjg4Qg6YCa6LKpIOOBiuOBmeOBmeOCgeOCouOCr+OCu+OCteODquODvCDph5Hlhbfjg5TjgqLjgrkg5Y+w57SZ44OU44Ki44K5IOODh+OCo+OCueODl+ODrOOCpOODrOOCuOODsyDlsIHlhaUg57Sg5p2Q5omL5L2c44KK5pys6Z2p57eo44G/6L6844G/44OT44O844K6MTVtbSg06ImyKeOAkOOChuOBhuODkeOCseODg+ODiEHlr77lv5zjgJE=,44CQ44KG44GG44OR44Kx44OD44OIQeWvvuW/nOOAkeOAguaJi+S9nOOCiuacrOmdqee3qOOBv+i+vOOBv+ODk+ODvOOCujE1bW0oNOiJsinjgJDjgobjgYbjg5HjgrHjg4Pjg4hB5a++5b+c44CR[rn]
7-31630,aHR0cDovL3RzaG9wLnIxMHMuanAvaGFzZXByby9jYWJpbmV0LzA0MjY4MzAzL2ltZ3JjMDA2NTEzODU5NS5qcGc/Zml0aW49NzAwOjcwMA==,NjQwLjAwMDA=,,44OQ44OD44Kw44O75bCP54mp44O744OW44Op44Oz44OJ6ZuR6LKoID4g44Gd44Gu5LuW,44Oq44K544OI44Os44K544OI44Kv44OD44K344On44Oz5YiA5Ymj5Lmx6Iie44CANueorg==,,44OR44K944Kz44Oz5L2c5qWt44Gr5pyA6YGpISEKCuiFleOBruS4i+OBq+aVt+OBj+OCv+OCpOODl+OBruOCr+ODg+OCt+ODp+ODs+OBp+OBmSE=,44Oq44K544OI44Os44K544OI44Kv44OD44K344On44Oz5YiA5Ymj5Lmx6Iie44CANueoru+8muOCquODquOCuOODiuODq+OCt+ODp+ODg+ODl+OAgOODj+OCu+ODu+ODl+ODrQ==,44Kr44O844Oc44Oz44Ko44Oz44OW44Os44Og44K744Oz44K/44O844OU44Op44O844OU44Op44O844Oe44K444Kr44Or44Kr44O844Oc44Oz6LK844KL5aGX6KOF5pC65biv44Kw44OD44K644Oe44K444On44O844Op6KaX44GN6KaL6Ziy5q2i44Of44Op44O844OW44Ot44OD44Kv44Ki44O844OI44OW44Ot44OD44Kv44Ks44Oz44OA44Og44OQ44Oz44OA44Kk44Oe44K444Kr44Or44Kt44O844Kx44O844K544OJ44Os44K544Ki44OD44OX44Kr44O844Oc44Oz44Ko44Oz44OW44Os44Og44OU44Op44O844K344Or44OQ44O844Kr44O844Oc44Oz44Oq44K544OI44Os44K544OI44Kv44OD44K344On44Oz5YiA5Ymj5Lmx6Iie44CANueorg==,44Oq44K544OI44Os44K544OI44Kv44OD44K344On44Oz5YiA5Ymj5Lmx6Iie44CANueorg==[rn]
7-31631,aHR0cDovL3RzaG9wLnIxMHMuanAvYWtpYmFtYWMvY2FiaW5ldC8wNTI1NDUzOS80NTYwMTk0NTQ1NDM2LmpwZz9maXRpbj03MDA6NzAw,NTI0LjAwMDA=,,44OQ44OD44Kw44O75bCP54mp44O744OW44Op44Oz44OJ6ZuR6LKoID4g44Gd44Gu5LuW,44K544K/44K444Kq44Ko44OMQUxJRkUg44OP44OD44OU44O844OV44Op44Kk44OIIOODl+ODgeODqeOCsuODvOOCuOOCv+OCsCBTTkNGLTA1NC0zIOOCsOODquODvOODsyAoU05DRjA1NDMp,,PHRhYmxlIGJvcmRlcj0iMCIgY2VsbHBhZGRpbmc9IjAiIGNlbGxzcGFjaW5nPSIwIiB3aWR0aD0iNzEwIiBzdHlsZT0ibGluZS1oZWlnaHQ6MTQwJTsiPjx0cj48dGQ+PGZvbnQgc2l6ZT0iMiI+4pag6aOb6KGM5qmf44Ki44Kk44Kz44Oz44Gu5paw5L2c44ON44O844Og44K/44Kw44CCPGJyPuKAneODj+ODg+ODlOODvOODleODqeOCpOODiOODu+ODl+ODgeODqeOCsuODvOOCuOOCv+OCsOKAneOAgjxicj48YnI+PC9mb250PjwvdGQ+PC90cj48L3RhYmxlPjx0YWJsZSBjZWxsc3BhY2luZz0iMCIgY2VsbHBhZGRpbmc9IjQiIGJvcmRlcj0iMSIgd2lkdGg9IjcxMCIgYm9yZGVyY29sb3I9IiNjY2NjY2MiPjx0cj48dGQgd2lkdGg9IjE4MCIgYmdjb2xvcj0iI2VmZWZlZiI+PGZvbnQgc2l6ZT0iMiI+44K344Oq44O844K65ZCNL+aEm+ensDwvZm9udD48L3RkPjx0ZCB3aWR0aD0iNTMwIj48Zm9udCBzaXplPSIyIj5BTElGRe+8iOOCouODquODle+8iTwvZm9udD48L3RkPjwvdHI+PHRyPjx0ZCB3aWR0aD0iMTgwIiBiZ2NvbG9yPSIjZWZlZmVmIj48Zm9udCBzaXplPSIyIj7oibI8L2ZvbnQ+PC90ZD48dGQgd2lkdGg9IjUzMCI+PGZvbnQgc2l6ZT0iMiI+44Kw44Oq44O844OzPC9mb250PjwvdGQ+PC90cj48dHI+PHRkIHdpZHRoPSIxODAiIGJnY29sb3I9IiNlZmVmZWYiPjxmb250IHNpemU9IjIiPueorumhnjwvZm9udD48L3RkPjx0ZCB3aWR0aD0iNTMwIj48Zm9udCBzaXplPSIyIj7jgrHjg7zjgrnjg7vjg5Djg4PjgrDplqLpgKPnlKjlk4E8L2ZvbnQ+PC90ZD48L3RyPjx0cj48dGQgd2lkdGg9IjE4MCIgYmdjb2xvcj0iI2VmZWZlZiI+PGZvbnQgc2l6ZT0iMiI+5p2Q6LOqPC9mb250PjwvdGQ+PHRkIHdpZHRoPSI1MzAiPjxmb250IHNpemU9IjIiPlBWQ+OCqOODiuODoeODqzwvZm9udD48L3RkPjwvdHI+PC90YWJsZT48c3R5bGUgdHlwZT0idGV4dC9jc3MiPgo8IS0tCi5yYWt1dGVuLWNhbXAgewoJd2lkdGg6IDcyNXB4OwoJYm9yZGVyOiAycHggc29saWQgIzMzOTlGRjsKCXBhZGRpbmctdG9wOiA1cHg7CgktbW96LWJvcmRlci1yYWRpdXM6NHB4OyAvKkZpcmVmb3gqLwoJLXdlYmtpdC1ib3JkZXItcmFkaXVzOiA0cHg7IC8qU2FmYXJpLENocm9tZSovCglib3JkZXItcmFkaXVzOjRweDsgLypPcGVyYSxDaHJvbWUqLwoJbWFyZ2luOjAgMTBweCAxMHB4IDA7Cn0KCi8qIOS+oeagvOOBq+aeoOe3muOBjOOBpOOBjyAqLwp0YWJsZSNyYWt1dGVuTGltaXRlZElkX2NhcnQgewogICAgYmFja2dyb3VuZC1jb2xvcjogI2Y4ZjhmODsKICAgIGJvcmRlcjogMXB4IHNvbGlkICNkZGQ7CiAgICBwYWRkaW5nOiA4cHg7CiAgICBtYXJnaW46IDE2cHggMDsKfQoKc3Bhbi5wcmljZTEgewogICAgY29sb3I6ICMzMzMgIWltcG9ydGFudDsKICAgIGZvbnQtd2VpZ2h0OiBib2xkOwogICAgZm9udC1zaXplOiA4MCUgIWltcG9ydGFudDsKICAgIGxpbmUtaGVpZ2h0OiAzMHB4OwogICAgZGlzcGxheTogaW5saW5lLWJsb2NrOwogICAgbWFyZ2luLXJpZ2h0OiAxNnB4Owp9CgotLT4KPC9zdHlsZT4KCjwhLS3jg5Djg4rjg7zjgqjjg6rjgqItLT4KCjwhLS3jgJDmtojjgZnjgarvvIHjgJHimIXimIXimIUgaGVpZ2h0PSIzODAiIOOBp+ioreWumuOBl+OBpuOBj+OBoOOBleOBhOOAguKYheKYheKYhS0tPgo8IS0t44OQ44OK44O844Ko44Oq44Ki44GT44GT44G+44GnLS0+Cgo8IS0t5qW95aSp44Kt44Oj44Oz44Oa44O844OzLS0+Cgo8aDIgc3R5bGU9Im1hcmdpbjoyMHB4IDAgMTBweCAwOyI+PGltZyBzcmM9Imh0dHA6Ly93d3cucmFrdXRlbi5uZS5qcC9nb2xkL2FraWJhbWFjL2ZyYW1lL2ltYWdlcy9yYWt1dGVuX3RpdGxlMi5naWYiIGFsdD0i5qW95aSp5biC5aC044Gu44GK5b6X44Gq44Kt44Oj44Oz44Oa44O844OzIiB3aWR0aD0iNzMwIiBoZWlnaHQ9IjQyIiBib3JkZXI9IjAiPjwvaDI+CjxkaXYgY2xhc3M9InJha3V0ZW4tY2FtcCIgc3R5bGU9Im1hcmdpbjowIDAgMCAwOyI+CgoKPCEtLealveWkqeOCreODo+ODs+ODmuODvOODs0DjgZPjgZPjgb7jgactLT4=,44K544K/44K444Kq44Ko44OMQUxJRkUg44OP44OD44OU44O844OV44Op44Kk44OIIOODl+ODgeODqeOCsuODvOOCuOOCv+OCsCBTTkNGLTA1NC0zIOOCsOODquODvOODsyAoU05DRjA1NDMp77ya44K944OV44Oe44OD44OX44CA44OH44K444K/44Or44Kz44Os44Kv44K344On44Oz,44K944OV44Oe44OD44OXIOODh+OCuOOCv+ODq+OCs+ODrOOCr+OCt+ODp+ODs1NvZm1hcCBEaWdpdGFsIENvbGxlY3Rpb27jg5Hjgr3jgrPjg7Pjgr/jg5bjg6zjg4Pjg4hQQ0hEROOCouOCu+ODs+ODluODquODkeODvOODhOODkeOCveOCs+ODs+ODkeODvOODhOODhuODrOODk+OCsuODvOODoOODluODq+ODvOODrOOCpOOCveODleODiERWROOCveODleODiOa2suaZtuODhuODrOODk+ODluODq+ODvOODrOOCpOODh+OCo+OCueOCr+ODrOOCs+ODvOODgOODvOODh+OCuOOCv+ODq+S4gOecvOODrOODleOCq+ODoeODqeODh+OCuOOCv+ODq+OCq+ODoeODqeWutumbu+aZguioiOS4reWPpOOAgOOCveODleODiOOCouOCpuODiOODrOODg+ODiOS4reWPpOODjuODvOODiOODkeOCveOCs+ODs+S4reWPpOODkeOCveOCs+ODs+OCueOCv+OCuOOCquOCqOODjEFMSUZFIOODj+ODg+ODlOODvOODleODqeOCpOODiCDjg5fjg4Hjg6njgrLjg7zjgrjjgr/jgrAgU05DRi0wNTQtMyDjgrDjg6rjg7zjg7MgKFNOQ0YwNTQzKQ==,44K544K/44K444Kq44Ko44OMQUxJRkUg44OP44OD44OU44O844OV44Op44Kk44OIIOODl+ODgeODqeOCsuODvOOCuOOCv+OCsCBTTkNGLTA1NC0zIOOCsOODquODvOODsyAoU05DRjA1NDMp[rn]
7-31632,aHR0cDovL3RzaG9wLnIxMHMuanAvYWtpYmFtYWMvY2FiaW5ldC8wNTI1NDUzOS80NTYwMTk0NTQyMjM3LmpwZz9maXRpbj03MDA6NzAw,Njc5LjIwMDA=,,44OQ44OD44Kw44O75bCP54mp44O744OW44Op44Oz44OJ6ZuR6LKoID4g44Gd44Gu5LuW,44K544K/44K444Kq44Ko44OMQUxJRkUg44OP44OD44OU44O844OV44Op44Kk44OIIOODqeOCsuODvOOCuCDjgr/jgrAgU05DRi0wMTEtMiDjgqrjg6zjg7PjgrggKFNOQ0YwMTEyKQ==,,PHRhYmxlIGJvcmRlcj0iMCIgY2VsbHBhZGRpbmc9IjAiIGNlbGxzcGFjaW5nPSIwIiB3aWR0aD0iNzEwIiBzdHlsZT0ibGluZS1oZWlnaHQ6MTQwJTsiPjx0cj48dGQ+PGZvbnQgc2l6ZT0iMiI+4pag5peF6KGM5rCX5YiG44KS44OQ44OD44Kw44Gr44KC5Y+W44KK5LuY44GR44KL4oCd44OP44OD44OU44O844OV44Op44Kk44OI44O744Op44Ky44O844K444K/44Kw4oCdPGJyPjxicj48L2ZvbnQ+PC90ZD48L3RyPjwvdGFibGU+PHRhYmxlIGNlbGxzcGFjaW5nPSIwIiBjZWxscGFkZGluZz0iNCIgYm9yZGVyPSIxIiB3aWR0aD0iNzEwIiBib3JkZXJjb2xvcj0iI2NjY2NjYyI+PHRyPjx0ZCB3aWR0aD0iMTgwIiBiZ2NvbG9yPSIjZWZlZmVmIj48Zm9udCBzaXplPSIyIj7jgrfjg6rjg7zjgrrlkI0v5oSb56ewPC9mb250PjwvdGQ+PHRkIHdpZHRoPSI1MzAiPjxmb250IHNpemU9IjIiPkFMSUZF77yI44Ki44Oq44OV77yJPC9mb250PjwvdGQ+PC90cj48dHI+PHRkIHdpZHRoPSIxODAiIGJnY29sb3I9IiNlZmVmZWYiPjxmb250IHNpemU9IjIiPuiJsjwvZm9udD48L3RkPjx0ZCB3aWR0aD0iNTMwIj48Zm9udCBzaXplPSIyIj7jgqrjg6zjg7Pjgrg8L2ZvbnQ+PC90ZD48L3RyPjx0cj48dGQgd2lkdGg9IjE4MCIgYmdjb2xvcj0iI2VmZWZlZiI+PGZvbnQgc2l6ZT0iMiI+5pys5L2T44K144Kk44K6KEjDl1fDl0QpbW08L2ZvbnQ+PC90ZD48dGQgd2lkdGg9IjUzMCI+PGZvbnQgc2l6ZT0iMiI+OTDDlzE5MG1tPC9mb250PjwvdGQ+PC90cj48dHI+PHRkIHdpZHRoPSIxODAiIGJnY29sb3I9IiNlZmVmZWYiPjxmb250IHNpemU9IjIiPueorumhnjwvZm9udD48L3RkPjx0ZCB3aWR0aD0iNTMwIj48Zm9udCBzaXplPSIyIj7jgrHjg7zjgrnjg7vjg5Djg4PjgrDplqLpgKPnlKjlk4E8L2ZvbnQ+PC90ZD48L3RyPjx0cj48dGQgd2lkdGg9IjE4MCIgYmdjb2xvcj0iI2VmZWZlZiI+PGZvbnQgc2l6ZT0iMiI+5p2Q6LOqPC9mb250PjwvdGQ+PHRkIHdpZHRoPSI1MzAiPjxmb250IHNpemU9IjIiPlBWQ+OCqOODiuODoeODqzwvZm9udD48L3RkPjwvdHI+PC90YWJsZT48c3R5bGUgdHlwZT0idGV4dC9jc3MiPgo8IS0tCi5yYWt1dGVuLWNhbXAgewoJd2lkdGg6IDcyNXB4OwoJYm9yZGVyOiAycHggc29saWQgIzMzOTlGRjsKCXBhZGRpbmctdG9wOiA1cHg7CgktbW96LWJvcmRlci1yYWRpdXM6NHB4OyAvKkZpcmVmb3gqLwoJLXdlYmtpdC1ib3JkZXItcmFkaXVzOiA0cHg7IC8qU2FmYXJpLENocm9tZSovCglib3JkZXItcmFkaXVzOjRweDsgLypPcGVyYSxDaHJvbWUqLwoJbWFyZ2luOjAgMTBweCAxMHB4IDA7Cn0KCi8qIOS+oeagvOOBq+aeoOe3muOBjOOBpOOBjyAqLwp0YWJsZSNyYWt1dGVuTGltaXRlZElkX2NhcnQgewogICAgYmFja2dyb3VuZC1jb2xvcjogI2Y4ZjhmODsKICAgIGJvcmRlcjogMXB4IHNvbGlkICNkZGQ7CiAgICBwYWRkaW5nOiA4cHg7CiAgICBtYXJnaW46IDE2cHggMDsKfQoKc3Bhbi5wcmljZTEgewogICAgY29sb3I6ICMzMzMgIWltcG9ydGFudDsKICAgIGZvbnQtd2VpZ2h0OiBib2xkOwogICAgZm9udC1zaXplOiA4MCUgIWltcG9ydGFudDsKICAgIGxpbmUtaGVpZ2h0OiAzMHB4OwogICAgZGlzcGxheTogaW5saW5lLWJsb2NrOwogICAgbWFyZ2luLXJpZ2h0OiAxNnB4Owp9CgotLT4KPC9zdHlsZT4KCjwhLS3jg5Djg4rjg7zjgqjjg6rjgqItLT4KCjwhLS3jgJDmtojjgZnjgarvvIHjgJHimIXimIXimIUgaGVpZ2h0PSIzODAiIOOBp+ioreWumuOBl+OBpuOBj+OBoOOBleOBhOOAguKYheKYheKYhS0tPgo8IS0t44OQ44OK44O844Ko44Oq44Ki44GT44GT44G+44GnLS0+Cgo8IS0t5qW95aSp44Kt44Oj44Oz44Oa44O844OzLS0+Cgo8aDIgc3R5bGU9Im1hcmdpbjoyMHB4IDAgMTBweCAwOyI+PGltZyBzcmM9Imh0dHA6Ly93d3cucmFrdXRlbi5uZS5qcC9nb2xkL2FraWJhbWFjL2ZyYW1lL2ltYWdlcy9yYWt1dGVuX3RpdGxlMi5naWYiIGFsdD0i5qW95aSp5biC5aC044Gu44GK5b6X44Gq44Kt44Oj44Oz44Oa44O844OzIiB3aWR0aD0iNzMwIiBoZWlnaHQ9IjQyIiBib3JkZXI9IjAiPjwvaDI+CjxkaXYgY2xhc3M9InJha3V0ZW4tY2FtcCIgc3R5bGU9Im1hcmdpbjowIDAgMCAwOyI+CgoKPCEtLealveWkqeOCreODo+ODs+ODmuODvOODs0DjgZPjgZPjgb7jgactLT4=,44K544K/44K444Kq44Ko44OMQUxJRkUg44OP44OD44OU44O844OV44Op44Kk44OIIOODqeOCsuODvOOCuCDjgr/jgrAgU05DRi0wMTEtMiDjgqrjg6zjg7PjgrggKFNOQ0YwMTEyKe+8muOCveODleODnuODg+ODl+OAgOODh+OCuOOCv+ODq+OCs+ODrOOCr+OCt+ODp+ODsw==,44K944OV44Oe44OD44OXIOODh+OCuOOCv+ODq+OCs+ODrOOCr+OCt+ODp+ODs1NvZm1hcCBEaWdpdGFsIENvbGxlY3Rpb27jg5Hjgr3jgrPjg7Pjgr/jg5bjg6zjg4Pjg4hQQ0hEROOCouOCu+ODs+ODluODquODkeODvOODhOODkeOCveOCs+ODs+ODkeODvOODhOODhuODrOODk+OCsuODvOODoOODluODq+ODvOODrOOCpOOCveODleODiERWROOCveODleODiOa2suaZtuODhuODrOODk+ODluODq+ODvOODrOOCpOODh+OCo+OCueOCr+ODrOOCs+ODvOODgOODvOODh+OCuOOCv+ODq+S4gOecvOODrOODleOCq+ODoeODqeODh+OCuOOCv+ODq+OCq+ODoeODqeWutumbu+aZguioiOS4reWPpOOAgOOCveODleODiOOCouOCpuODiOODrOODg+ODiOS4reWPpOODjuODvOODiOODkeOCveOCs+ODs+S4reWPpOODkeOCveOCs+ODs+OCueOCv+OCuOOCquOCqOODjEFMSUZFIOODj+ODg+ODlOODvOODleODqeOCpOODiCDjg6njgrLjg7zjgrgg44K/44KwIFNOQ0YtMDExLTIg44Kq44Os44Oz44K4IChTTkNGMDExMik=,44K544K/44K444Kq44Ko44OMQUxJRkUg44OP44OD44OU44O844OV44Op44Kk44OIIOODqeOCsuODvOOCuCDjgr/jgrAgU05DRi0wMTEtMiDjgqrjg6zjg7PjgrggKFNOQ0YwMTEyKQ==[rn]
7-31633,aHR0cDovL3RzaG9wLnIxMHMuanAvYWtpYmFtYWMvY2FiaW5ldC8wNTI1NDUzOS80NTYwMTk0NTQ4NTY3LmpwZz9maXRpbj03MDA6NzAw,MTIwMC4wMDAw,,44OQ44OD44Kw44O75bCP54mp44O744OW44Op44Oz44OJ6ZuR6LKoID4g44Gd44Gu5LuW,44K544K/44K444Kq44Ko44OMQUxJRkUg44K444Oj44Kx44OD44OI44Kw44Oq44OD44OR44O8IFYuMiBTTkNGLTA3My0zIOOCsOODquODvOODsyAoU05DRjA3MzMp,,PHRhYmxlIGJvcmRlcj0iMCIgY2VsbHBhZGRpbmc9IjAiIGNlbGxzcGFjaW5nPSIwIiB3aWR0aD0iNzEwIiBzdHlsZT0ibGluZS1oZWlnaHQ6MTQwJTsiPjx0cj48dGQ+PGZvbnQgc2l6ZT0iMiI+4pag44K444Oj44Kx44OD44OI44KS44OQ44OD44Kw44Gr5byV44Gj5o6b44GR44KL44Gu44Gr5L6/5Yip44Gq44CM44K444Oj44Kx44OD44OI44Kw44Oq44OD44OR44O844CN44Gr5ruR44KK5q2i44KB44GM44Gk44GE44Gm5paw55m75aC044CCPGJyPjxicj48L2ZvbnQ+PC90ZD48L3RyPjwvdGFibGU+PHRhYmxlIGNlbGxzcGFjaW5nPSIwIiBjZWxscGFkZGluZz0iNCIgYm9yZGVyPSIxIiB3aWR0aD0iNzEwIiBib3JkZXJjb2xvcj0iI2NjY2NjYyI+PHRyPjx0ZCB3aWR0aD0iMTgwIiBiZ2NvbG9yPSIjZWZlZmVmIj48Zm9udCBzaXplPSIyIj7jgrfjg6rjg7zjgrrlkI0v5oSb56ewPC9mb250PjwvdGQ+PHRkIHdpZHRoPSI1MzAiPjxmb250IHNpemU9IjIiPkFMSUZF77yI44Ki44Oq44OV77yJPC9mb250PjwvdGQ+PC90cj48dHI+PHRkIHdpZHRoPSIxODAiIGJnY29sb3I9IiNlZmVmZWYiPjxmb250IHNpemU9IjIiPuiJsjwvZm9udD48L3RkPjx0ZCB3aWR0aD0iNTMwIj48Zm9udCBzaXplPSIyIj7jgrDjg6rjg7zjg7M8L2ZvbnQ+PC90ZD48L3RyPjx0cj48dGQgd2lkdGg9IjE4MCIgYmdjb2xvcj0iI2VmZWZlZiI+PGZvbnQgc2l6ZT0iMiI+5pys5L2T44K144Kk44K6KEjDl1fDl0QpbW08L2ZvbnQ+PC90ZD48dGQgd2lkdGg9IjUzMCI+PGZvbnQgc2l6ZT0iMiI+MzIww5c0N21tPC9mb250PjwvdGQ+PC90cj48dHI+PHRkIHdpZHRoPSIxODAiIGJnY29sb3I9IiNlZmVmZWYiPjxmb250IHNpemU9IjIiPueorumhnjwvZm9udD48L3RkPjx0ZCB3aWR0aD0iNTMwIj48Zm9udCBzaXplPSIyIj7jgrHjg7zjgrnjg7vjg5Djg4PjgrDplqLpgKPnlKjlk4E8L2ZvbnQ+PC90ZD48L3RyPjx0cj48dGQgd2lkdGg9IjE4MCIgYmdjb2xvcj0iI2VmZWZlZiI+PGZvbnQgc2l6ZT0iMiI+5p2Q6LOqPC9mb250PjwvdGQ+PHRkIHdpZHRoPSI1MzAiPjxmb250IHNpemU9IjIiPuODiuOCpOODreODs+OAgVBPTeOAgeODoeOCv+ODqzwvZm9udD48L3RkPjwvdHI+PC90YWJsZT48c3R5bGUgdHlwZT0idGV4dC9jc3MiPgo8IS0tCi5yYWt1dGVuLWNhbXAgewoJd2lkdGg6IDcyNXB4OwoJYm9yZGVyOiAycHggc29saWQgIzMzOTlGRjsKCXBhZGRpbmctdG9wOiA1cHg7CgktbW96LWJvcmRlci1yYWRpdXM6NHB4OyAvKkZpcmVmb3gqLwoJLXdlYmtpdC1ib3JkZXItcmFkaXVzOiA0cHg7IC8qU2FmYXJpLENocm9tZSovCglib3JkZXItcmFkaXVzOjRweDsgLypPcGVyYSxDaHJvbWUqLwoJbWFyZ2luOjAgMTBweCAxMHB4IDA7Cn0KCi8qIOS+oeagvOOBq+aeoOe3muOBjOOBpOOBjyAqLwp0YWJsZSNyYWt1dGVuTGltaXRlZElkX2NhcnQgewogICAgYmFja2dyb3VuZC1jb2xvcjogI2Y4ZjhmODsKICAgIGJvcmRlcjogMXB4IHNvbGlkICNkZGQ7CiAgICBwYWRkaW5nOiA4cHg7CiAgICBtYXJnaW46IDE2cHggMDsKfQoKc3Bhbi5wcmljZTEgewogICAgY29sb3I6ICMzMzMgIWltcG9ydGFudDsKICAgIGZvbnQtd2VpZ2h0OiBib2xkOwogICAgZm9udC1zaXplOiA4MCUgIWltcG9ydGFudDsKICAgIGxpbmUtaGVpZ2h0OiAzMHB4OwogICAgZGlzcGxheTogaW5saW5lLWJsb2NrOwogICAgbWFyZ2luLXJpZ2h0OiAxNnB4Owp9CgotLT4KPC9zdHlsZT4KCjwhLS3jg5Djg4rjg7zjgqjjg6rjgqItLT4KCjwhLS3jgJDmtojjgZnjgarvvIHjgJHimIXimIXimIUgaGVpZ2h0PSIzODAiIOOBp+ioreWumuOBl+OBpuOBj+OBoOOBleOBhOOAguKYheKYheKYhS0tPgo8IS0t44OQ44OK44O844Ko44Oq44Ki44GT44GT44G+44GnLS0+Cgo8IS0t5qW95aSp44Kt44Oj44Oz44Oa44O844OzLS0+Cgo8aDIgc3R5bGU9Im1hcmdpbjoyMHB4IDAgMTBweCAwOyI+PGltZyBzcmM9Imh0dHA6Ly93d3cucmFrdXRlbi5uZS5qcC9nb2xkL2FraWJhbWFjL2ZyYW1lL2ltYWdlcy9yYWt1dGVuX3RpdGxlMi5naWYiIGFsdD0i5qW95aSp5biC5aC044Gu44GK5b6X44Gq44Kt44Oj44Oz44Oa44O844OzIiB3aWR0aD0iNzMwIiBoZWlnaHQ9IjQyIiBib3JkZXI9IjAiPjwvaDI+CjxkaXYgY2xhc3M9InJha3V0ZW4tY2FtcCIgc3R5bGU9Im1hcmdpbjowIDAgMCAwOyI+CgoKPCEtLealveWkqeOCreODo+ODs+ODmuODvOODs0DjgZPjgZPjgb7jgactLT4=,44K544K/44K444Kq44Ko44OMQUxJRkUg44K444Oj44Kx44OD44OI44Kw44Oq44OD44OR44O8IFYuMiBTTkNGLTA3My0zIOOCsOODquODvOODsyAoU05DRjA3MzMp77ya44K944OV44Oe44OD44OX44CA44OH44K444K/44Or44Kz44Os44Kv44K344On44Oz,44K944OV44Oe44OD44OXIOODh+OCuOOCv+ODq+OCs+ODrOOCr+OCt+ODp+ODs1NvZm1hcCBEaWdpdGFsIENvbGxlY3Rpb27jg5Hjgr3jgrPjg7Pjgr/jg5bjg6zjg4Pjg4hQQ0hEROOCouOCu+ODs+ODluODquODkeODvOODhOODkeOCveOCs+ODs+ODkeODvOODhOODhuODrOODk+OCsuODvOODoOODluODq+ODvOODrOOCpOOCveODleODiERWROOCveODleODiOa2suaZtuODhuODrOODk+ODluODq+ODvOODrOOCpOODh+OCo+OCueOCr+ODrOOCs+ODvOODgOODvOODh+OCuOOCv+ODq+S4gOecvOODrOODleOCq+ODoeODqeODh+OCuOOCv+ODq+OCq+ODoeODqeWutumbu+aZguioiOS4reWPpOOAgOOCveODleODiOOCouOCpuODiOODrOODg+ODiOS4reWPpOODjuODvOODiOODkeOCveOCs+ODs+S4reWPpOODkeOCveOCs+ODs+OCueOCv+OCuOOCquOCqOODjEFMSUZFIOOCuOODo+OCseODg+ODiOOCsOODquODg+ODkeODvCBWLjIgU05DRi0wNzMtMyDjgrDjg6rjg7zjg7MgKFNOQ0YwNzMzKQ==,44K544K/44K444Kq44Ko44OMQUxJRkUg44K444Oj44Kx44OD44OI44Kw44Oq44OD44OR44O8IFYuMiBTTkNGLTA3My0zIOOCsOODquODvOODsyAoU05DRjA3MzMp[rn]
7-31634,aHR0cDovL3RzaG9wLnIxMHMuanAvYWtpYmFtYWMvY2FiaW5ldC8wNTI1NDUzOS80NTYwMTk0NTQ1NjcyLmpwZz9maXRpbj03MDA6NzAw,MTAyNC4wMDAw,,44OQ44OD44Kw44O75bCP54mp44O744OW44Op44Oz44OJ6ZuR6LKoID4g44Gd44Gu5LuW,44K544K/44K444Kq44Ko44OMQUxJRkUg44OP44OD44OU44O844OV44Op44Kk44OIIOODqeOCsuODvOOCuCDjg53jg7zjgr/jg7wgU05DRi0wNTItNiDjg5bjg6njgqbjg7MgKFNOQ0YwNTI2KQ==,,PHRhYmxlIGJvcmRlcj0iMCIgY2VsbHBhZGRpbmc9IjAiIGNlbGxzcGFjaW5nPSIwIiB3aWR0aD0iNzEwIiBzdHlsZT0ibGluZS1oZWlnaHQ6MTQwJTsiPjx0cj48dGQ+PGZvbnQgc2l6ZT0iMiI+4pag44Kt44Oj44Oq44O844OQ44OD44Kw44Gr6I2354mp44KS44Gk44GR44Gf44KK44CB44GP44GP44KK44Gk44GR44Gf44KK44CB5peF6KGM44Gr5L6/5Yip44Gq4oCd44OP44OD44OU44O844OV44Op44Kk44OI44Op44Ky44O844K444Od44O844K/44O84oCdPGJyPjxicj48L2ZvbnQ+PC90ZD48L3RyPjwvdGFibGU+PHRhYmxlIGNlbGxzcGFjaW5nPSIwIiBjZWxscGFkZGluZz0iNCIgYm9yZGVyPSIxIiB3aWR0aD0iNzEwIiBib3JkZXJjb2xvcj0iI2NjY2NjYyI+PHRyPjx0ZCB3aWR0aD0iMTgwIiBiZ2NvbG9yPSIjZWZlZmVmIj48Zm9udCBzaXplPSIyIj7jgrfjg6rjg7zjgrrlkI0v5oSb56ewPC9mb250PjwvdGQ+PHRkIHdpZHRoPSI1MzAiPjxmb250IHNpemU9IjIiPkFMSUZF77yI44Ki44Oq44OV77yJPC9mb250PjwvdGQ+PC90cj48dHI+PHRkIHdpZHRoPSIxODAiIGJnY29sb3I9IiNlZmVmZWYiPjxmb250IHNpemU9IjIiPuiJsjwvZm9udD48L3RkPjx0ZCB3aWR0aD0iNTMwIj48Zm9udCBzaXplPSIyIj7jg5bjg6njgqbjg7M8L2ZvbnQ+PC90ZD48L3RyPjx0cj48dGQgd2lkdGg9IjE4MCIgYmdjb2xvcj0iI2VmZWZlZiI+PGZvbnQgc2l6ZT0iMiI+5pys5L2T44K144Kk44K6KEjDl1fDl0QpbW08L2ZvbnQ+PC90ZD48dGQgd2lkdGg9IjUzMCI+PGZvbnQgc2l6ZT0iMiI+NDbDlzMwNW1tPC9mb250PjwvdGQ+PC90cj48dHI+PHRkIHdpZHRoPSIxODAiIGJnY29sb3I9IiNlZmVmZWYiPjxmb250IHNpemU9IjIiPueorumhnjwvZm9udD48L3RkPjx0ZCB3aWR0aD0iNTMwIj48Zm9udCBzaXplPSIyIj7jgrHjg7zjgrnjg7vjg5Djg4PjgrDplqLpgKPnlKjlk4E8L2ZvbnQ+PC90ZD48L3RyPjx0cj48dGQgd2lkdGg9IjE4MCIgYmdjb2xvcj0iI2VmZWZlZiI+PGZvbnQgc2l6ZT0iMiI+5p2Q6LOqPC9mb250PjwvdGQ+PHRkIHdpZHRoPSI1MzAiPjxmb250IHNpemU9IjIiPlBD44CBUFDjgrnjg4jjg6njg4Pjg5c8L2ZvbnQ+PC90ZD48L3RyPjwvdGFibGU+PHN0eWxlIHR5cGU9InRleHQvY3NzIj4KPCEtLQoucmFrdXRlbi1jYW1wIHsKCXdpZHRoOiA3MjVweDsKCWJvcmRlcjogMnB4IHNvbGlkICMzMzk5RkY7CglwYWRkaW5nLXRvcDogNXB4OwoJLW1vei1ib3JkZXItcmFkaXVzOjRweDsgLypGaXJlZm94Ki8KCS13ZWJraXQtYm9yZGVyLXJhZGl1czogNHB4OyAvKlNhZmFyaSxDaHJvbWUqLwoJYm9yZGVyLXJhZGl1czo0cHg7IC8qT3BlcmEsQ2hyb21lKi8KCW1hcmdpbjowIDEwcHggMTBweCAwOwp9CgovKiDkvqHmoLzjgavmnqDnt5rjgYzjgaTjgY8gKi8KdGFibGUjcmFrdXRlbkxpbWl0ZWRJZF9jYXJ0IHsKICAgIGJhY2tncm91bmQtY29sb3I6ICNmOGY4Zjg7CiAgICBib3JkZXI6IDFweCBzb2xpZCAjZGRkOwogICAgcGFkZGluZzogOHB4OwogICAgbWFyZ2luOiAxNnB4IDA7Cn0KCnNwYW4ucHJpY2UxIHsKICAgIGNvbG9yOiAjMzMzICFpbXBvcnRhbnQ7CiAgICBmb250LXdlaWdodDogYm9sZDsKICAgIGZvbnQtc2l6ZTogODAlICFpbXBvcnRhbnQ7CiAgICBsaW5lLWhlaWdodDogMzBweDsKICAgIGRpc3BsYXk6IGlubGluZS1ibG9jazsKICAgIG1hcmdpbi1yaWdodDogMTZweDsKfQoKLS0+Cjwvc3R5bGU+Cgo8IS0t44OQ44OK44O844Ko44Oq44KiLS0+Cgo8IS0t44CQ5raI44GZ44Gq77yB44CR4piF4piF4piFIGhlaWdodD0iMzgwIiDjgafoqK3lrprjgZfjgabjgY/jgaDjgZXjgYTjgILimIXimIXimIUtLT4KPCEtLeODkOODiuODvOOCqOODquOCouOBk+OBk+OBvuOBpy0tPgoKPCEtLealveWkqeOCreODo+ODs+ODmuODvOODsy0tPgoKPGgyIHN0eWxlPSJtYXJnaW46MjBweCAwIDEwcHggMDsiPjxpbWcgc3JjPSJodHRwOi8vd3d3LnJha3V0ZW4ubmUuanAvZ29sZC9ha2liYW1hYy9mcmFtZS9pbWFnZXMvcmFrdXRlbl90aXRsZTIuZ2lmIiBhbHQ9IualveWkqeW4guWgtOOBruOBiuW+l+OBquOCreODo+ODs+ODmuODvOODsyIgd2lkdGg9IjczMCIgaGVpZ2h0PSI0MiIgYm9yZGVyPSIwIj48L2gyPgo8ZGl2IGNsYXNzPSJyYWt1dGVuLWNhbXAiIHN0eWxlPSJtYXJnaW46MCAwIDAgMDsiPgoKCjwhLS3mpb3lpKnjgq3jg6Pjg7Pjg5rjg7zjg7NA44GT44GT44G+44GnLS0+,44K544K/44K444Kq44Ko44OMQUxJRkUg44OP44OD44OU44O844OV44Op44Kk44OIIOODqeOCsuODvOOCuCDjg53jg7zjgr/jg7wgU05DRi0wNTItNiDjg5bjg6njgqbjg7MgKFNOQ0YwNTI2Ke+8muOCveODleODnuODg+ODl+OAgOODh+OCuOOCv+ODq+OCs+ODrOOCr+OCt+ODp+ODsw==,44K944OV44Oe44OD44OXIOODh+OCuOOCv+ODq+OCs+ODrOOCr+OCt+ODp+ODs1NvZm1hcCBEaWdpdGFsIENvbGxlY3Rpb27jg5Hjgr3jgrPjg7Pjgr/jg5bjg6zjg4Pjg4hQQ0hEROOCouOCu+ODs+ODluODquODkeODvOODhOODkeOCveOCs+ODs+ODkeODvOODhOODhuODrOODk+OCsuODvOODoOODluODq+ODvOODrOOCpOOCveODleODiERWROOCveODleODiOa2suaZtuODhuODrOODk+ODluODq+ODvOODrOOCpOODh+OCo+OCueOCr+ODrOOCs+ODvOODgOODvOODh+OCuOOCv+ODq+S4gOecvOODrOODleOCq+ODoeODqeODh+OCuOOCv+ODq+OCq+ODoeODqeWutumbu+aZguioiOS4reWPpOOAgOOCveODleODiOOCouOCpuODiOODrOODg+ODiOS4reWPpOODjuODvOODiOODkeOCveOCs+ODs+S4reWPpOODkeOCveOCs+ODs+OCueOCv+OCuOOCquOCqOODjEFMSUZFIOODj+ODg+ODlOODvOODleODqeOCpOODiCDjg6njgrLjg7zjgrgg44Od44O844K/44O8IFNOQ0YtMDUyLTYg44OW44Op44Km44OzIChTTkNGMDUyNik=,44K544K/44K444Kq44Ko44OMQUxJRkUg44OP44OD44OU44O844OV44Op44Kk44OIIOODqeOCsuODvOOCuCDjg53jg7zjgr/jg7wgU05DRi0wNTItNiDjg5bjg6njgqbjg7MgKFNOQ0YwNTI2KQ==[rn]
7-31635,aHR0cDovL3RzaG9wLnIxMHMuanAvYWtpYmFtYWMvY2FiaW5ldC8wNTI1NDUzOS80NTYwMTk0NTQ2MTM2LmpwZz9maXRpbj03MDA6NzAw,MzAyNC4wMDAw,,44OQ44OD44Kw44O75bCP54mp44O744OW44Op44Oz44OJ6ZuR6LKoID4g44Gd44Gu5LuW,44K544K/44K444Kq44Ko44OMQUxJRkUg44OP44OD44OU44O844OV44Op44Kk44OIIOODleOCqeODvOODq+ODh+OCo+ODs+OCsOODkOODg+OCsO+8iDQzTO+8iSBTTkNGLTA1NS0zIOOCsOODquODvOODsyAoU05DRjA1NTMp,,PHRhYmxlIGJvcmRlcj0iMCIgY2VsbHBhZGRpbmc9IjAiIGNlbGxzcGFjaW5nPSIwIiB3aWR0aD0iNzEwIiBzdHlsZT0ibGluZS1oZWlnaHQ6MTQwJTsiPjx0cj48dGQ+PGZvbnQgc2l6ZT0iMiI+4pag5bCP44GV44GP44Gf44Gf44KB44KL44Gu44Gn5peF6KGM44Gr5pyA6YGp44CCPGJyPuKWoOW6g+OBkuOCi+OBqOODnuODgeOBjOOBguOCiuWkp+OBjeOBj+OAgeiNt+eJqeOBjOWil+OBiOOBpuOCguWuieW/g+OAgjxicj7ilqDjgq3jg6Pjg6rjg7zjg5Djg4PjgrDjgavlj5bjgorku5jjgZHlj6/og73jgafjgIHjgZXjgonjgavmqZ/og73nmoTjgII8YnI+PGJyPjwvZm9udD48L3RkPjwvdHI+PC90YWJsZT48dGFibGUgY2VsbHNwYWNpbmc9IjAiIGNlbGxwYWRkaW5nPSI0IiBib3JkZXI9IjEiIHdpZHRoPSI3MTAiIGJvcmRlcmNvbG9yPSIjY2NjY2NjIj48dHI+PHRkIHdpZHRoPSIxODAiIGJnY29sb3I9IiNlZmVmZWYiPjxmb250IHNpemU9IjIiPuOCt+ODquODvOOCuuWQjS/mhJvnp7A8L2ZvbnQ+PC90ZD48dGQgd2lkdGg9IjUzMCI+PGZvbnQgc2l6ZT0iMiI+QUxJRkXvvIjjgqLjg6rjg5XvvIk8L2ZvbnQ+PC90ZD48L3RyPjx0cj48dGQgd2lkdGg9IjE4MCIgYmdjb2xvcj0iI2VmZWZlZiI+PGZvbnQgc2l6ZT0iMiI+6ImyPC9mb250PjwvdGQ+PHRkIHdpZHRoPSI1MzAiPjxmb250IHNpemU9IjIiPuOCsOODquODvOODszwvZm9udD48L3RkPjwvdHI+PHRyPjx0ZCB3aWR0aD0iMTgwIiBiZ2NvbG9yPSIjZWZlZmVmIj48Zm9udCBzaXplPSIyIj7mnKzkvZPjgrXjgqTjgrooSMOXV8OXRCltbTwvZm9udD48L3RkPjx0ZCB3aWR0aD0iNTMwIj48Zm9udCBzaXplPSIyIj4zNcOXMTk1w5cxOTVtbe+8iOaKmOeVs+aZgu+8iTwvZm9udD48L3RkPjwvdHI+PHRyPjx0ZCB3aWR0aD0iMTgwIiBiZ2NvbG9yPSIjZWZlZmVmIj48Zm9udCBzaXplPSIyIj7jgZ3jga7ku5bjgrXjgqTjgro8L2ZvbnQ+PC90ZD48dGQgd2lkdGg9IjUzMCI+PGZvbnQgc2l6ZT0iMiI+Mzkww5c2MDDDlzE1MG1t77yI5L2/55So5pmC77yJPC9mb250PjwvdGQ+PC90cj48dHI+PHRkIHdpZHRoPSIxODAiIGJnY29sb3I9IiNlZmVmZWYiPjxmb250IHNpemU9IjIiPueorumhnjwvZm9udD48L3RkPjx0ZCB3aWR0aD0iNTMwIj48Zm9udCBzaXplPSIyIj7np7vli5Xlv6vpgannlKjlk4E8L2ZvbnQ+PC90ZD48L3RyPjx0cj48dGQgd2lkdGg9IjE4MCIgYmdjb2xvcj0iI2VmZWZlZiI+PGZvbnQgc2l6ZT0iMiI+5p2Q6LOqPC9mb250PjwvdGQ+PHRkIHdpZHRoPSI1MzAiPjxmb250IHNpemU9IjIiPuODneODquOCqOOCueODhuODqzwvZm9udD48L3RkPjwvdHI+PHRyPjx0ZCB3aWR0aD0iMTgwIiBiZ2NvbG9yPSIjZWZlZmVmIj48Zm9udCBzaXplPSIyIj7lrrnph488L2ZvbnQ+PC90ZD48dGQgd2lkdGg9IjUzMCI+PGZvbnQgc2l6ZT0iMiI+NDNMPC9mb250PjwvdGQ+PC90cj48L3RhYmxlPjxzdHlsZSB0eXBlPSJ0ZXh0L2NzcyI+CjwhLS0KLnJha3V0ZW4tY2FtcCB7Cgl3aWR0aDogNzI1cHg7Cglib3JkZXI6IDJweCBzb2xpZCAjMzM5OUZGOwoJcGFkZGluZy10b3A6IDVweDsKCS1tb3otYm9yZGVyLXJhZGl1czo0cHg7IC8qRmlyZWZveCovCgktd2Via2l0LWJvcmRlci1yYWRpdXM6IDRweDsgLypTYWZhcmksQ2hyb21lKi8KCWJvcmRlci1yYWRpdXM6NHB4OyAvKk9wZXJhLENocm9tZSovCgltYXJnaW46MCAxMHB4IDEwcHggMDsKfQoKLyog5L6h5qC844Gr5p6g57ea44GM44Gk44GPICovCnRhYmxlI3Jha3V0ZW5MaW1pdGVkSWRfY2FydCB7CiAgICBiYWNrZ3JvdW5kLWNvbG9yOiAjZjhmOGY4OwogICAgYm9yZGVyOiAxcHggc29saWQgI2RkZDsKICAgIHBhZGRpbmc6IDhweDsKICAgIG1hcmdpbjogMTZweCAwOwp9CgpzcGFuLnByaWNlMSB7CiAgICBjb2xvcjogIzMzMyAhaW1wb3J0YW50OwogICAgZm9udC13ZWlnaHQ6IGJvbGQ7CiAgICBmb250LXNpemU6IDgwJSAhaW1wb3J0YW50OwogICAgbGluZS1oZWlnaHQ6IDMwcHg7CiAgICBkaXNwbGF5OiBpbmxpbmUtYmxvY2s7CiAgICBtYXJnaW4tcmlnaHQ6IDE2cHg7Cn0KCi0tPgo8L3N0eWxlPgoKPCEtLeODkOODiuODvOOCqOODquOCoi0tPgoKPCEtLeOAkOa2iOOBmeOBqu+8geOAkeKYheKYheKYhSBoZWlnaHQ9IjM4MCIg44Gn6Kit5a6a44GX44Gm44GP44Gg44GV44GE44CC4piF4piF4piFLS0+CjwhLS3jg5Djg4rjg7zjgqjjg6rjgqLjgZPjgZPjgb7jgactLT4KCjwhLS3mpb3lpKnjgq3jg6Pjg7Pjg5rjg7zjg7MtLT4KCjxoMiBzdHlsZT0ibWFyZ2luOjIwcHggMCAxMHB4IDA7Ij48aW1nIHNyYz0iaHR0cDovL3d3dy5yYWt1dGVuLm5lLmpwL2dvbGQvYWtpYmFtYWMvZnJhbWUvaW1hZ2VzL3Jha3V0ZW5fdGl0bGUyLmdpZiIgYWx0PSLmpb3lpKnluILloLTjga7jgYrlvpfjgarjgq3jg6Pjg7Pjg5rjg7zjg7MiIHdpZHRoPSI3MzAiIGhlaWdodD0iNDIiIGJvcmRlcj0iMCI+PC9oMj4KPGRpdiBjbGFzcz0icmFrdXRlbi1jYW1wIiBzdHlsZT0ibWFyZ2luOjAgMCAwIDA7Ij4KCgo8IS0t5qW95aSp44Kt44Oj44Oz44Oa44O844OzQOOBk+OBk+OBvuOBpy0tPg==,44K544K/44K444Kq44Ko44OMQUxJRkUg44OP44OD44OU44O844OV44Op44Kk44OIIOODleOCqeODvOODq+ODh+OCo+ODs+OCsOODkOODg+OCsO+8iDQzTO+8iSBTTkNGLTA1NS0zIOOCsOODquODvOODsyAoU05DRjA1NTMp77ya44K944OV44Oe44OD44OX44CA44OH44K444K/44Or44Kz44Os44Kv44K344On44Oz,44K944OV44Oe44OD44OXIOODh+OCuOOCv+ODq+OCs+ODrOOCr+OCt+ODp+ODs1NvZm1hcCBEaWdpdGFsIENvbGxlY3Rpb27jg5Hjgr3jgrPjg7Pjgr/jg5bjg6zjg4Pjg4hQQ0hEROOCouOCu+ODs+ODluODquODkeODvOODhOODkeOCveOCs+ODs+ODkeODvOODhOODhuODrOODk+OCsuODvOODoOODluODq+ODvOODrOOCpOOCveODleODiERWROOCveODleODiOa2suaZtuODhuODrOODk+ODluODq+ODvOODrOOCpOODh+OCo+OCueOCr+ODrOOCs+ODvOODgOODvOODh+OCuOOCv+ODq+S4gOecvOODrOODleOCq+ODoeODqeODh+OCuOOCv+ODq+OCq+ODoeODqeWutumbu+aZguioiOS4reWPpOOAgOOCveODleODiOOCouOCpuODiOODrOODg+ODiOS4reWPpOODjuODvOODiOODkeOCveOCs+ODs+S4reWPpOODkeOCveOCs+ODs+OCueOCv+OCuOOCquOCqOODjEFMSUZFIOODj+ODg+ODlOODvOODleODqeOCpOODiCDjg5Xjgqnjg7zjg6vjg4fjgqPjg7PjgrDjg5Djg4PjgrDvvIg0M0zvvIkgU05DRi0wNTUtMyDjgrDjg6rjg7zjg7MgKFNOQ0YwNTUzKQ==,44K544K/44K444Kq44Ko44OMQUxJRkUg44OP44OD44OU44O844OV44Op44Kk44OIIOODleOCqeODvOODq+ODh+OCo+ODs+OCsOODkOODg+OCsO+8iDQzTO+8iSBTTkNGLTA1NS0zIOOCsOODquODvOODsyAoU05DRjA1NTMp[rn]
7-31636,aHR0cDovL3RzaG9wLnIxMHMuanAvYWtpYmFtYWMvY2FiaW5ldC8wNTI1NDUzOS80NTYwMTk0NTQyMzI5LmpwZz9maXRpbj03MDA6NzAw,OTQ0LjAwMDA=,,44OQ44OD44Kw44O75bCP54mp44O744OW44Op44Oz44OJ6ZuR6LKoID4g44Gd44Gu5LuW,44K544K/44K444Kq44Ko44OMQUxJRkUg44OP44OD44OU44O844OV44Op44Kk44OIIOODkeOCueODneODvOODiOOCq+ODkOODvCBTTkNGLTAxMi01IOOCpOOCqOODreODvCAoU05DRjAxMjUp,,PHRhYmxlIGJvcmRlcj0iMCIgY2VsbHBhZGRpbmc9IjAiIGNlbGxzcGFjaW5nPSIwIiB3aWR0aD0iNzEwIiBzdHlsZT0ibGluZS1oZWlnaHQ6MTQwJTsiPjx0cj48dGQ+PGZvbnQgc2l6ZT0iMiI+4pag44OH44K244Kk44Oz44Gr5Y+O57SN5Yqb44KS44OX44Op44K544CC4oCd44OP44OD44OU44O844OV44Op44Kk44OI44O744OR44K544Od44O844OI44Kr44OQ44O84oCdPGJyPjxicj48L2ZvbnQ+PC90ZD48L3RyPjwvdGFibGU+PHRhYmxlIGNlbGxzcGFjaW5nPSIwIiBjZWxscGFkZGluZz0iNCIgYm9yZGVyPSIxIiB3aWR0aD0iNzEwIiBib3JkZXJjb2xvcj0iI2NjY2NjYyI+PHRyPjx0ZCB3aWR0aD0iMTgwIiBiZ2NvbG9yPSIjZWZlZmVmIj48Zm9udCBzaXplPSIyIj7jgrfjg6rjg7zjgrrlkI0v5oSb56ewPC9mb250PjwvdGQ+PHRkIHdpZHRoPSI1MzAiPjxmb250IHNpemU9IjIiPkFMSUZF77yI44Ki44Oq44OV77yJPC9mb250PjwvdGQ+PC90cj48dHI+PHRkIHdpZHRoPSIxODAiIGJnY29sb3I9IiNlZmVmZWYiPjxmb250IHNpemU9IjIiPuiJsjwvZm9udD48L3RkPjx0ZCB3aWR0aD0iNTMwIj48Zm9udCBzaXplPSIyIj7jgqTjgqjjg63jg7w8L2ZvbnQ+PC90ZD48L3RyPjx0cj48dGQgd2lkdGg9IjE4MCIgYmdjb2xvcj0iI2VmZWZlZiI+PGZvbnQgc2l6ZT0iMiI+5pys5L2T44K144Kk44K6KEjDl1fDl0QpbW08L2ZvbnQ+PC90ZD48dGQgd2lkdGg9IjUzMCI+PGZvbnQgc2l6ZT0iMiI+MTAzw5cxMzZtbTwvZm9udD48L3RkPjwvdHI+PHRyPjx0ZCB3aWR0aD0iMTgwIiBiZ2NvbG9yPSIjZWZlZmVmIj48Zm9udCBzaXplPSIyIj7nqK7poZ48L2ZvbnQ+PC90ZD48dGQgd2lkdGg9IjUzMCI+PGZvbnQgc2l6ZT0iMiI+44Kx44O844K544O744OQ44OD44Kw6Zai6YCj55So5ZOBPC9mb250PjwvdGQ+PC90cj48dHI+PHRkIHdpZHRoPSIxODAiIGJnY29sb3I9IiNlZmVmZWYiPjxmb250IHNpemU9IjIiPuadkOizqjwvZm9udD48L3RkPjx0ZCB3aWR0aD0iNTMwIj48Zm9udCBzaXplPSIyIj5QVkPjgqjjg4rjg6Hjg6s8L2ZvbnQ+PC90ZD48L3RyPjwvdGFibGU+PHN0eWxlIHR5cGU9InRleHQvY3NzIj4KPCEtLQoucmFrdXRlbi1jYW1wIHsKCXdpZHRoOiA3MjVweDsKCWJvcmRlcjogMnB4IHNvbGlkICMzMzk5RkY7CglwYWRkaW5nLXRvcDogNXB4OwoJLW1vei1ib3JkZXItcmFkaXVzOjRweDsgLypGaXJlZm94Ki8KCS13ZWJraXQtYm9yZGVyLXJhZGl1czogNHB4OyAvKlNhZmFyaSxDaHJvbWUqLwoJYm9yZGVyLXJhZGl1czo0cHg7IC8qT3BlcmEsQ2hyb21lKi8KCW1hcmdpbjowIDEwcHggMTBweCAwOwp9CgovKiDkvqHmoLzjgavmnqDnt5rjgYzjgaTjgY8gKi8KdGFibGUjcmFrdXRlbkxpbWl0ZWRJZF9jYXJ0IHsKICAgIGJhY2tncm91bmQtY29sb3I6ICNmOGY4Zjg7CiAgICBib3JkZXI6IDFweCBzb2xpZCAjZGRkOwogICAgcGFkZGluZzogOHB4OwogICAgbWFyZ2luOiAxNnB4IDA7Cn0KCnNwYW4ucHJpY2UxIHsKICAgIGNvbG9yOiAjMzMzICFpbXBvcnRhbnQ7CiAgICBmb250LXdlaWdodDogYm9sZDsKICAgIGZvbnQtc2l6ZTogODAlICFpbXBvcnRhbnQ7CiAgICBsaW5lLWhlaWdodDogMzBweDsKICAgIGRpc3BsYXk6IGlubGluZS1ibG9jazsKICAgIG1hcmdpbi1yaWdodDogMTZweDsKfQoKLS0+Cjwvc3R5bGU+Cgo8IS0t44OQ44OK44O844Ko44Oq44KiLS0+Cgo8IS0t44CQ5raI44GZ44Gq77yB44CR4piF4piF4piFIGhlaWdodD0iMzgwIiDjgafoqK3lrprjgZfjgabjgY/jgaDjgZXjgYTjgILimIXimIXimIUtLT4KPCEtLeODkOODiuODvOOCqOODquOCouOBk+OBk+OBvuOBpy0tPgoKPCEtLealveWkqeOCreODo+ODs+ODmuODvOODsy0tPgoKPGgyIHN0eWxlPSJtYXJnaW46MjBweCAwIDEwcHggMDsiPjxpbWcgc3JjPSJodHRwOi8vd3d3LnJha3V0ZW4ubmUuanAvZ29sZC9ha2liYW1hYy9mcmFtZS9pbWFnZXMvcmFrdXRlbl90aXRsZTIuZ2lmIiBhbHQ9IualveWkqeW4guWgtOOBruOBiuW+l+OBquOCreODo+ODs+ODmuODvOODsyIgd2lkdGg9IjczMCIgaGVpZ2h0PSI0MiIgYm9yZGVyPSIwIj48L2gyPgo8ZGl2IGNsYXNzPSJyYWt1dGVuLWNhbXAiIHN0eWxlPSJtYXJnaW46MCAwIDAgMDsiPgoKCjwhLS3mpb3lpKnjgq3jg6Pjg7Pjg5rjg7zjg7NA44GT44GT44G+44GnLS0+,44K544K/44K444Kq44Ko44OMQUxJRkUg44OP44OD44OU44O844OV44Op44Kk44OIIOODkeOCueODneODvOODiOOCq+ODkOODvCBTTkNGLTAxMi01IOOCpOOCqOODreODvCAoU05DRjAxMjUp77ya44K944OV44Oe44OD44OX44CA44OH44K444K/44Or44Kz44Os44Kv44K344On44Oz,44K944OV44Oe44OD44OXIOODh+OCuOOCv+ODq+OCs+ODrOOCr+OCt+ODp+ODs1NvZm1hcCBEaWdpdGFsIENvbGxlY3Rpb27jg5Hjgr3jgrPjg7Pjgr/jg5bjg6zjg4Pjg4hQQ0hEROOCouOCu+ODs+ODluODquODkeODvOODhOODkeOCveOCs+ODs+ODkeODvOODhOODhuODrOODk+OCsuODvOODoOODluODq+ODvOODrOOCpOOCveODleODiERWROOCveODleODiOa2suaZtuODhuODrOODk+ODluODq+ODvOODrOOCpOODh+OCo+OCueOCr+ODrOOCs+ODvOODgOODvOODh+OCuOOCv+ODq+S4gOecvOODrOODleOCq+ODoeODqeODh+OCuOOCv+ODq+OCq+ODoeODqeWutumbu+aZguioiOS4reWPpOOAgOOCveODleODiOOCouOCpuODiOODrOODg+ODiOS4reWPpOODjuODvOODiOODkeOCveOCs+ODs+S4reWPpOODkeOCveOCs+ODs+OCueOCv+OCuOOCquOCqOODjEFMSUZFIOODj+ODg+ODlOODvOODleODqeOCpOODiCDjg5Hjgrnjg53jg7zjg4jjgqvjg5Djg7wgU05DRi0wMTItNSDjgqTjgqjjg63jg7wgKFNOQ0YwMTI1KQ==,44K544K/44K444Kq44Ko44OMQUxJRkUg44OP44OD44OU44O844OV44Op44Kk44OIIOODkeOCueODneODvOODiOOCq+ODkOODvCBTTkNGLTAxMi01IOOCpOOCqOODreODvCAoU05DRjAxMjUp[rn]
7-31637,aHR0cDovL3RzaG9wLnIxMHMuanAvYWtpYmFtYWMvY2FiaW5ldC8wNTI1NDUzOS80NTYwMTk0NTQ4NjA0LmpwZz9maXRpbj03MDA6NzAw,MTIwMC4wMDAw,,44OQ44OD44Kw44O75bCP54mp44O744OW44Op44Oz44OJ6ZuR6LKoID4g44Gd44Gu5LuW,44K544K/44K444Kq44Ko44OMQUxJRkUg44K444Oj44Kx44OD44OI44Kw44Oq44OD44OR44O8IFYuMiBTTkNGLTA3My03IOODjeOCpOODk+ODvCAoU05DRjA3Mzcp,,PHRhYmxlIGJvcmRlcj0iMCIgY2VsbHBhZGRpbmc9IjAiIGNlbGxzcGFjaW5nPSIwIiB3aWR0aD0iNzEwIiBzdHlsZT0ibGluZS1oZWlnaHQ6MTQwJTsiPjx0cj48dGQ+PGZvbnQgc2l6ZT0iMiI+4pag44K444Oj44Kx44OD44OI44KS44OQ44OD44Kw44Gr5byV44Gj5o6b44GR44KL44Gu44Gr5L6/5Yip44Gq44CM44K444Oj44Kx44OD44OI44Kw44Oq44OD44OR44O844CN44Gr5ruR44KK5q2i44KB44GM44Gk44GE44Gm5paw55m75aC044CCPGJyPjxicj48L2ZvbnQ+PC90ZD48L3RyPjwvdGFibGU+PHRhYmxlIGNlbGxzcGFjaW5nPSIwIiBjZWxscGFkZGluZz0iNCIgYm9yZGVyPSIxIiB3aWR0aD0iNzEwIiBib3JkZXJjb2xvcj0iI2NjY2NjYyI+PHRyPjx0ZCB3aWR0aD0iMTgwIiBiZ2NvbG9yPSIjZWZlZmVmIj48Zm9udCBzaXplPSIyIj7jgrfjg6rjg7zjgrrlkI0v5oSb56ewPC9mb250PjwvdGQ+PHRkIHdpZHRoPSI1MzAiPjxmb250IHNpemU9IjIiPkFMSUZF77yI44Ki44Oq44OV77yJPC9mb250PjwvdGQ+PC90cj48dHI+PHRkIHdpZHRoPSIxODAiIGJnY29sb3I9IiNlZmVmZWYiPjxmb250IHNpemU9IjIiPuiJsjwvZm9udD48L3RkPjx0ZCB3aWR0aD0iNTMwIj48Zm9udCBzaXplPSIyIj7jg43jgqTjg5Pjg7w8L2ZvbnQ+PC90ZD48L3RyPjx0cj48dGQgd2lkdGg9IjE4MCIgYmdjb2xvcj0iI2VmZWZlZiI+PGZvbnQgc2l6ZT0iMiI+5pys5L2T44K144Kk44K6KEjDl1fDl0QpbW08L2ZvbnQ+PC90ZD48dGQgd2lkdGg9IjUzMCI+PGZvbnQgc2l6ZT0iMiI+MzIww5c0N21tPC9mb250PjwvdGQ+PC90cj48dHI+PHRkIHdpZHRoPSIxODAiIGJnY29sb3I9IiNlZmVmZWYiPjxmb250IHNpemU9IjIiPueorumhnjwvZm9udD48L3RkPjx0ZCB3aWR0aD0iNTMwIj48Zm9udCBzaXplPSIyIj7jgrHjg7zjgrnjg7vjg5Djg4PjgrDplqLpgKPnlKjlk4E8L2ZvbnQ+PC90ZD48L3RyPjx0cj48dGQgd2lkdGg9IjE4MCIgYmdjb2xvcj0iI2VmZWZlZiI+PGZvbnQgc2l6ZT0iMiI+5p2Q6LOqPC9mb250PjwvdGQ+PHRkIHdpZHRoPSI1MzAiPjxmb250IHNpemU9IjIiPuODiuOCpOODreODs+OAgVBPTeOAgeODoeOCv+ODqzwvZm9udD48L3RkPjwvdHI+PC90YWJsZT48c3R5bGUgdHlwZT0idGV4dC9jc3MiPgo8IS0tCi5yYWt1dGVuLWNhbXAgewoJd2lkdGg6IDcyNXB4OwoJYm9yZGVyOiAycHggc29saWQgIzMzOTlGRjsKCXBhZGRpbmctdG9wOiA1cHg7CgktbW96LWJvcmRlci1yYWRpdXM6NHB4OyAvKkZpcmVmb3gqLwoJLXdlYmtpdC1ib3JkZXItcmFkaXVzOiA0cHg7IC8qU2FmYXJpLENocm9tZSovCglib3JkZXItcmFkaXVzOjRweDsgLypPcGVyYSxDaHJvbWUqLwoJbWFyZ2luOjAgMTBweCAxMHB4IDA7Cn0KCi8qIOS+oeagvOOBq+aeoOe3muOBjOOBpOOBjyAqLwp0YWJsZSNyYWt1dGVuTGltaXRlZElkX2NhcnQgewogICAgYmFja2dyb3VuZC1jb2xvcjogI2Y4ZjhmODsKICAgIGJvcmRlcjogMXB4IHNvbGlkICNkZGQ7CiAgICBwYWRkaW5nOiA4cHg7CiAgICBtYXJnaW46IDE2cHggMDsKfQoKc3Bhbi5wcmljZTEgewogICAgY29sb3I6ICMzMzMgIWltcG9ydGFudDsKICAgIGZvbnQtd2VpZ2h0OiBib2xkOwogICAgZm9udC1zaXplOiA4MCUgIWltcG9ydGFudDsKICAgIGxpbmUtaGVpZ2h0OiAzMHB4OwogICAgZGlzcGxheTogaW5saW5lLWJsb2NrOwogICAgbWFyZ2luLXJpZ2h0OiAxNnB4Owp9CgotLT4KPC9zdHlsZT4KCjwhLS3jg5Djg4rjg7zjgqjjg6rjgqItLT4KCjwhLS3jgJDmtojjgZnjgarvvIHjgJHimIXimIXimIUgaGVpZ2h0PSIzODAiIOOBp+ioreWumuOBl+OBpuOBj+OBoOOBleOBhOOAguKYheKYheKYhS0tPgo8IS0t44OQ44OK44O844Ko44Oq44Ki44GT44GT44G+44GnLS0+Cgo8IS0t5qW95aSp44Kt44Oj44Oz44Oa44O844OzLS0+Cgo8aDIgc3R5bGU9Im1hcmdpbjoyMHB4IDAgMTBweCAwOyI+PGltZyBzcmM9Imh0dHA6Ly93d3cucmFrdXRlbi5uZS5qcC9nb2xkL2FraWJhbWFjL2ZyYW1lL2ltYWdlcy9yYWt1dGVuX3RpdGxlMi5naWYiIGFsdD0i5qW95aSp5biC5aC044Gu44GK5b6X44Gq44Kt44Oj44Oz44Oa44O844OzIiB3aWR0aD0iNzMwIiBoZWlnaHQ9IjQyIiBib3JkZXI9IjAiPjwvaDI+CjxkaXYgY2xhc3M9InJha3V0ZW4tY2FtcCIgc3R5bGU9Im1hcmdpbjowIDAgMCAwOyI+CgoKPCEtLealveWkqeOCreODo+ODs+ODmuODvOODs0DjgZPjgZPjgb7jgactLT4=,44K544K/44K444Kq44Ko44OMQUxJRkUg44K444Oj44Kx44OD44OI44Kw44Oq44OD44OR44O8IFYuMiBTTkNGLTA3My03IOODjeOCpOODk+ODvCAoU05DRjA3Mzcp77ya44K944OV44Oe44OD44OX44CA44OH44K444K/44Or44Kz44Os44Kv44K344On44Oz,44K944OV44Oe44OD44OXIOODh+OCuOOCv+ODq+OCs+ODrOOCr+OCt+ODp+ODs1NvZm1hcCBEaWdpdGFsIENvbGxlY3Rpb27jg5Hjgr3jgrPjg7Pjgr/jg5bjg6zjg4Pjg4hQQ0hEROOCouOCu+ODs+ODluODquODkeODvOODhOODkeOCveOCs+ODs+ODkeODvOODhOODhuODrOODk+OCsuODvOODoOODluODq+ODvOODrOOCpOOCveODleODiERWROOCveODleODiOa2suaZtuODhuODrOODk+ODluODq+ODvOODrOOCpOODh+OCo+OCueOCr+ODrOOCs+ODvOODgOODvOODh+OCuOOCv+ODq+S4gOecvOODrOODleOCq+ODoeODqeODh+OCuOOCv+ODq+OCq+ODoeODqeWutumbu+aZguioiOS4reWPpOOAgOOCveODleODiOOCouOCpuODiOODrOODg+ODiOS4reWPpOODjuODvOODiOODkeOCveOCs+ODs+S4reWPpOODkeOCveOCs+ODs+OCueOCv+OCuOOCquOCqOODjEFMSUZFIOOCuOODo+OCseODg+ODiOOCsOODquODg+ODkeODvCBWLjIgU05DRi0wNzMtNyDjg43jgqTjg5Pjg7wgKFNOQ0YwNzM3KQ==,44K544K/44K444Kq44Ko44OMQUxJRkUg44K444Oj44Kx44OD44OI44Kw44Oq44OD44OR44O8IFYuMiBTTkNGLTA3My03IOODjeOCpOODk+ODvCAoU05DRjA3Mzcp[rn]
7-31638,aHR0cDovL3RzaG9wLnIxMHMuanAvYWtpYmFtYWMvY2FiaW5ldC8wNTI1NDUzOS80NTYwMTk0NTQ4MzUyLmpwZz9maXRpbj03MDA6NzAw,MTUwNC4wMDAw,,44OQ44OD44Kw44O75bCP54mp44O744OW44Op44Oz44OJ6ZuR6LKoID4g44Gd44Gu5LuW,44K544K/44K444Kq44Ko44OMQUxJRkUg44OP44OD44OU44O844OV44Op44Kk44OIIDItV0FZ44Op44Ky44O844K444OZ44Or44OIIFNOQ0YtMDcwLTIg44Kq44Os44Oz44K4IChTTkNGMDcwMik=,,PHRhYmxlIGJvcmRlcj0iMCIgY2VsbHBhZGRpbmc9IjAiIGNlbGxzcGFjaW5nPSIwIiB3aWR0aD0iNzEwIiBzdHlsZT0ibGluZS1oZWlnaHQ6MTQwJTsiPjx0cj48dGQ+PGZvbnQgc2l6ZT0iMiI+4pag44Kt44Oj44Oq44O844OQ44OD44Kw44Gu44OZ44Or44OI44Gu5LuW44Gr44CB5omL6I2354mp44KS44OP44Oz44OJ44Or6YOo5YiG44Gr5Zu65a6a44GZ44KL44GT44Go44KC44Gn44GN44KLMldBWeS7leanmOOAgjxicj48YnI+PC9mb250PjwvdGQ+PC90cj48L3RhYmxlPjx0YWJsZSBjZWxsc3BhY2luZz0iMCIgY2VsbHBhZGRpbmc9IjQiIGJvcmRlcj0iMSIgd2lkdGg9IjcxMCIgYm9yZGVyY29sb3I9IiNjY2NjY2MiPjx0cj48dGQgd2lkdGg9IjE4MCIgYmdjb2xvcj0iI2VmZWZlZiI+PGZvbnQgc2l6ZT0iMiI+44K344Oq44O844K65ZCNL+aEm+ensDwvZm9udD48L3RkPjx0ZCB3aWR0aD0iNTMwIj48Zm9udCBzaXplPSIyIj5BTElGRe+8iOOCouODquODle+8iTwvZm9udD48L3RkPjwvdHI+PHRyPjx0ZCB3aWR0aD0iMTgwIiBiZ2NvbG9yPSIjZWZlZmVmIj48Zm9udCBzaXplPSIyIj7oibI8L2ZvbnQ+PC90ZD48dGQgd2lkdGg9IjUzMCI+PGZvbnQgc2l6ZT0iMiI+44Kq44Os44Oz44K4PC9mb250PjwvdGQ+PC90cj48dHI+PHRkIHdpZHRoPSIxODAiIGJnY29sb3I9IiNlZmVmZWYiPjxmb250IHNpemU9IjIiPuacrOS9k+OCteOCpOOCuihIw5dXw5dEKW1tPC9mb250PjwvdGQ+PHRkIHdpZHRoPSI1MzAiPjxmb250IHNpemU9IjIiPjI2w5cxMDYww5c1MG1tPC9mb250PjwvdGQ+PC90cj48dHI+PHRkIHdpZHRoPSIxODAiIGJnY29sb3I9IiNlZmVmZWYiPjxmb250IHNpemU9IjIiPueorumhnjwvZm9udD48L3RkPjx0ZCB3aWR0aD0iNTMwIj48Zm9udCBzaXplPSIyIj7jgrHjg7zjgrnvvaXjg5Djg4PjgrDplqLpgKPnlKjlk4E8L2ZvbnQ+PC90ZD48L3RyPjwvdGFibGU+PHN0eWxlIHR5cGU9InRleHQvY3NzIj4KPCEtLQoucmFrdXRlbi1jYW1wIHsKCXdpZHRoOiA3MjVweDsKCWJvcmRlcjogMnB4IHNvbGlkICMzMzk5RkY7CglwYWRkaW5nLXRvcDogNXB4OwoJLW1vei1ib3JkZXItcmFkaXVzOjRweDsgLypGaXJlZm94Ki8KCS13ZWJraXQtYm9yZGVyLXJhZGl1czogNHB4OyAvKlNhZmFyaSxDaHJvbWUqLwoJYm9yZGVyLXJhZGl1czo0cHg7IC8qT3BlcmEsQ2hyb21lKi8KCW1hcmdpbjowIDEwcHggMTBweCAwOwp9CgovKiDkvqHmoLzjgavmnqDnt5rjgYzjgaTjgY8gKi8KdGFibGUjcmFrdXRlbkxpbWl0ZWRJZF9jYXJ0IHsKICAgIGJhY2tncm91bmQtY29sb3I6ICNmOGY4Zjg7CiAgICBib3JkZXI6IDFweCBzb2xpZCAjZGRkOwogICAgcGFkZGluZzogOHB4OwogICAgbWFyZ2luOiAxNnB4IDA7Cn0KCnNwYW4ucHJpY2UxIHsKICAgIGNvbG9yOiAjMzMzICFpbXBvcnRhbnQ7CiAgICBmb250LXdlaWdodDogYm9sZDsKICAgIGZvbnQtc2l6ZTogODAlICFpbXBvcnRhbnQ7CiAgICBsaW5lLWhlaWdodDogMzBweDsKICAgIGRpc3BsYXk6IGlubGluZS1ibG9jazsKICAgIG1hcmdpbi1yaWdodDogMTZweDsKfQoKLS0+Cjwvc3R5bGU+Cgo8IS0t44OQ44OK44O844Ko44Oq44KiLS0+Cgo8IS0t44CQ5raI44GZ44Gq77yB44CR4piF4piF4piFIGhlaWdodD0iMzgwIiDjgafoqK3lrprjgZfjgabjgY/jgaDjgZXjgYTjgILimIXimIXimIUtLT4KPCEtLeODkOODiuODvOOCqOODquOCouOBk+OBk+OBvuOBpy0tPgoKPCEtLealveWkqeOCreODo+ODs+ODmuODvOODsy0tPgoKPGgyIHN0eWxlPSJtYXJnaW46MjBweCAwIDEwcHggMDsiPjxpbWcgc3JjPSJodHRwOi8vd3d3LnJha3V0ZW4ubmUuanAvZ29sZC9ha2liYW1hYy9mcmFtZS9pbWFnZXMvcmFrdXRlbl90aXRsZTIuZ2lmIiBhbHQ9IualveWkqeW4guWgtOOBruOBiuW+l+OBquOCreODo+ODs+ODmuODvOODsyIgd2lkdGg9IjczMCIgaGVpZ2h0PSI0MiIgYm9yZGVyPSIwIj48L2gyPgo8ZGl2IGNsYXNzPSJyYWt1dGVuLWNhbXAiIHN0eWxlPSJtYXJnaW46MCAwIDAgMDsiPgoKCjwhLS3mpb3lpKnjgq3jg6Pjg7Pjg5rjg7zjg7NA44GT44GT44G+44GnLS0+,44K544K/44K444Kq44Ko44OMQUxJRkUg44OP44OD44OU44O844OV44Op44Kk44OIIDItV0FZ44Op44Ky44O844K444OZ44Or44OIIFNOQ0YtMDcwLTIg44Kq44Os44Oz44K4IChTTkNGMDcwMinvvJrjgr3jg5Xjg57jg4Pjg5fjgIDjg4fjgrjjgr/jg6vjgrPjg6zjgq/jgrfjg6fjg7M=,44K944OV44Oe44OD44OXIOODh+OCuOOCv+ODq+OCs+ODrOOCr+OCt+ODp+ODs1NvZm1hcCBEaWdpdGFsIENvbGxlY3Rpb27jg5Hjgr3jgrPjg7Pjgr/jg5bjg6zjg4Pjg4hQQ0hEROOCouOCu+ODs+ODluODquODkeODvOODhOODkeOCveOCs+ODs+ODkeODvOODhOODhuODrOODk+OCsuODvOODoOODluODq+ODvOODrOOCpOOCveODleODiERWROOCveODleODiOa2suaZtuODhuODrOODk+ODluODq+ODvOODrOOCpOODh+OCo+OCueOCr+ODrOOCs+ODvOODgOODvOODh+OCuOOCv+ODq+S4gOecvOODrOODleOCq+ODoeODqeODh+OCuOOCv+ODq+OCq+ODoeODqeWutumbu+aZguioiOS4reWPpOOAgOOCveODleODiOOCouOCpuODiOODrOODg+ODiOS4reWPpOODjuODvOODiOODkeOCveOCs+ODs+S4reWPpOODkeOCveOCs+ODs+OCueOCv+OCuOOCquOCqOODjEFMSUZFIOODj+ODg+ODlOODvOODleODqeOCpOODiCAyLVdBWeODqeOCsuODvOOCuOODmeODq+ODiCBTTkNGLTA3MC0yIOOCquODrOODs+OCuCAoU05DRjA3MDIp,44K544K/44K444Kq44Ko44OMQUxJRkUg44OP44OD44OU44O844OV44Op44Kk44OIIDItV0FZ44Op44Ky44O844K444OZ44Or44OIIFNOQ0YtMDcwLTIg44Kq44Os44Oz44K4IChTTkNGMDcwMik=[rn]
7-31639,aHR0cDovL3RzaG9wLnIxMHMuanAvYWtpYmFtYWMvY2FiaW5ldC8wNDk5MTc1Ny80OTc1NzU5MjAyMDk3LmpwZz9maXRpbj03MDA6NzAw,NDg4LjAwMDA=,,44OQ44OD44Kw44O75bCP54mp44O744OW44Op44Oz44OJ6ZuR6LKoID4g44Gd44Gu5LuW,44K944OV44OIOTnjgrPjg7zjg53jg6zjg7zjgrfjg6fjg7Pjg6Hjgqzjg43jga7jgrfjg6Pjg7Pjg5fjg7zpmaToj4xFWCAyMDBtbO+8iOODiOODreODlOOCq+ODq+OCueOCpuOCo+ODvOODiO+8iSAo44Oh44Ks44ON44OO44K344Oj44Oz44OX44O844K444On44KtKQ==,,PHRhYmxlIGJvcmRlcj0iMCIgY2VsbHBhZGRpbmc9IjAiIGNlbGxzcGFjaW5nPSIwIiB3aWR0aD0iNzEwIiBzdHlsZT0ibGluZS1oZWlnaHQ6MTQwJTsiPjx0cj48dGQ+PGZvbnQgc2l6ZT0iMiI+44Oh44Ks44ON44Gr44K544OX44Os44O844GX44CB5rC044Gn5rWB44GZ44Gg44GR44CC5rGX44KE55qu6ISC44Gq44Gp44GX44Gk44GT44GE5rGa44KM44Gv44KC44Gh44KN44KT44CB6by744OR44OD44OJ44KE6ICz44GC44Gm6YOo5YiG44Gr5LuY552A44GX44Gf55uu44Gr6KaL44GI44Gq44GE6ZuR6I+M44G+44Gn44K544OD44Kt44Oq6Zmk5Y6744GX44CB44Oh44Ks44ON44KS5riF5r2U44Gr5L+d44Gh44G+44GZ44CCPGJyPjxicj7il4bpmaToj4zlipvjgYzjgZXjgonjgavjgqLjg4Pjg5fvvIE8YnI+5rGX44KE55qu6ISC44Gq44Gp44Gu44GX44Gk44GT44GE5rGa44KM44Gv44KC44Gh44KN44KT44CB6by744OR44OD44OJ44KE6ICz44GC44Gm6YOo5YiG44Gr5LuY552A44GX44Gf55uu44Gr6KaL44GI44Gq44GE6ZuR6I+M44G+44Gn44K544OD44Kt44Oq6Zmk5Y6744GX44CB44Oh44Ks44ON44KS5riF5r2U44Gr5L+d44Gh44G+44GZ44CCPGJyPjxicj7il4bjgZPjgZnjgormtJfjgYTkuI3opoHvvIHjg6zjg7PjgrrjgavjgoLjg5Xjg6zjg7zjg6DjgavjgoLlhKrjgZfjgYTkuK3mgKfjgr/jgqTjg5fvvIE8YnI+44Oh44Ks44ON44Gu44GK5omL5YWl44KM44Gv44G+44Gg44G+44Gg5Lm+5out44GN44GM5Lit5b+D44Gn44GZ44GM44CB44Ob44Kz44Oq44KE56CC44GM5LuY44GE44Gf44G+44G+5out44GP44Go44Os44Oz44K644Gr44Kt44K644KS44Gk44GR44KL44GT44Go44GM44GC44KK44G+44GZ44CC44CM44Oh44Ks44ON44Gu44K344Oj44Oz44OX44O8IOmZpOiPjEVY44CN44Gv44Os44Oz44K644Gr44KC44OV44Os44O844Og44Gr44KC5YSq44GX44GE5Lit5oCn44K/44Kk44OX44CC44K544OX44Os44O844GX44Gm5rC044Gn5rSX44GE5rWB44GZ44Gg44GR44CB44GT44GZ44KK5rSX44GE44Gv5LiN6KaB44Gn44GZ44CCPGJyPjxicj7il4bmlrDjg4jjg6rjgqzjg7zmjqHnlKjjgafjgonjgY/jgonjgY/ms6Hjgrnjg5fjg6zjg7zvvIE8YnI+6Lu944GP44Os44OQ44O844KS5byV44GP44Gg44GR44Gn44CB44GN44KB57Sw44GL44GP44KC44Gj44Gh44KK44Go44GX44Gf5rOh44KS44K544OX44Os44O844Gn44GN44G+44GZ44CC44GV44KJ44Gr44CB44Oh44Ks44ON44Gr44OU44Oz44Od44Kk44Oz44OI44Gn44K544OX44Os44O844GX44KE44GZ44GP44CB6aOb44Gz5pWj44KK44Gr44GP44GP44Gq44KK44G+44GX44Gf44CCPGJyPjxicj7il4bjg5zjg4jjg6vjgYzjgrnjg6rjg6DjgavvvIE8YnI+44K544Oq44Og44Gq44Oc44OI44Or44KS5o6h55So44GX44CB5rSX6Z2i5Y+w44Gn6YKq6a2U44Gr44Gq44KJ44Gq44GE44Oc44OI44Or44Gr44Gq44KK44G+44GX44Gf44CCPGJyPjxicj7il4bljZflm73jga7jg4jjg63jg5Tjgqvjg6vjgrnjgqbjgqPjg7zjg4jjga7pppnjgoo8YnI+PGJyPuOAkOazqOaEj+OAkTxicj7igLvjg5njg4PjgrPjgqbjgIHmnKjjgIHnq7njgIHpnanntKDmnZDjgIHlrp3nn7PjgYzjgaTjgYTjgZ/jg5Xjg6zjg7zjg6DjgIHjgrPjg7zjg4bjgqPjg7PjgrDjgYzliqPljJbjgZfjgZ/jg6zjg7PjgrrjgoTjgq3jgrrjga7jgaTjgYTjgZ/jg6zjg7PjgrrjgIHjg5Xjg6zjg7zjg6Djgavjga/kvb/nlKjjgZfjgarjgYTjgafkuIvjgZXjgYTjgII8YnI+PGJyPjwvZm9udD48L3RkPjwvdHI+PC90YWJsZT48dGFibGUgY2VsbHNwYWNpbmc9IjAiIGNlbGxwYWRkaW5nPSI0IiBib3JkZXI9IjEiIHdpZHRoPSI3MTAiIGJvcmRlcmNvbG9yPSIjY2NjY2NjIj48dHI+PHRkIHdpZHRoPSIxODAiIGJnY29sb3I9IiNlZmVmZWYiPjxmb250IHNpemU9IjIiPuOCt+ODquODvOOCuuWQjS/mhJvnp7A8L2ZvbnQ+PC90ZD48dGQgd2lkdGg9IjUzMCI+PGZvbnQgc2l6ZT0iMiI+44Oh44Ks44ON44Gu44K344Oj44Oz44OX44O86Zmk6I+MRVg8L2ZvbnQ+PC90ZD48L3RyPjwvdGFibGU+PHN0eWxlIHR5cGU9InRleHQvY3NzIj4KPCEtLQoucmFrdXRlbi1jYW1wIHsKCXdpZHRoOiA3MjVweDsKCWJvcmRlcjogMnB4IHNvbGlkICMzMzk5RkY7CglwYWRkaW5nLXRvcDogNXB4OwoJLW1vei1ib3JkZXItcmFkaXVzOjRweDsgLypGaXJlZm94Ki8KCS13ZWJraXQtYm9yZGVyLXJhZGl1czogNHB4OyAvKlNhZmFyaSxDaHJvbWUqLwoJYm9yZGVyLXJhZGl1czo0cHg7IC8qT3BlcmEsQ2hyb21lKi8KCW1hcmdpbjowIDEwcHggMTBweCAwOwp9CgovKiDkvqHmoLzjgavmnqDnt5rjgYzjgaTjgY8gKi8KdGFibGUjcmFrdXRlbkxpbWl0ZWRJZF9jYXJ0IHsKICAgIGJhY2tncm91bmQtY29sb3I6ICNmOGY4Zjg7CiAgICBib3JkZXI6IDFweCBzb2xpZCAjZGRkOwogICAgcGFkZGluZzogOHB4OwogICAgbWFyZ2luOiAxNnB4IDA7Cn0KCnNwYW4ucHJpY2UxIHsKICAgIGNvbG9yOiAjMzMzICFpbXBvcnRhbnQ7CiAgICBmb250LXdlaWdodDogYm9sZDsKICAgIGZvbnQtc2l6ZTogODAlICFpbXBvcnRhbnQ7CiAgICBsaW5lLWhlaWdodDogMzBweDsKICAgIGRpc3BsYXk6IGlubGluZS1ibG9jazsKICAgIG1hcmdpbi1yaWdodDogMTZweDsKfQoKLS0+Cjwvc3R5bGU+Cgo8IS0t44OQ44OK44O844Ko44Oq44KiLS0+Cgo8IS0t44CQ5raI44GZ44Gq77yB44CR4piF4piF4piFIGhlaWdodD0iMzgwIiDjgafoqK3lrprjgZfjgabjgY/jgaDjgZXjgYTjgILimIXimIXimIUtLT4KPCEtLeODkOODiuODvOOCqOODquOCouOBk+OBk+OBvuOBpy0tPgoKPCEtLealveWkqeOCreODo+ODs+ODmuODvOODsy0tPgoKPGgyIHN0eWxlPSJtYXJnaW46MjBweCAwIDEwcHggMDsiPjxpbWcgc3JjPSJodHRwOi8vd3d3LnJha3V0ZW4ubmUuanAvZ29sZC9ha2liYW1hYy9mcmFtZS9pbWFnZXMvcmFrdXRlbl90aXRsZTIuZ2lmIiBhbHQ9IualveWkqeW4guWgtOOBruOBiuW+l+OBquOCreODo+ODs+ODmuODvOODsyIgd2lkdGg9IjczMCIgaGVpZ2h0PSI0MiIgYm9yZGVyPSIwIj48L2gyPgo8ZGl2IGNsYXNzPSJyYWt1dGVuLWNhbXAiIHN0eWxlPSJtYXJnaW46MCAwIDAgMDsiPgoKCjwhLS3mpb3lpKnjgq3jg6Pjg7Pjg5rjg7zjg7NA44GT44GT44G+44GnLS0+,44K944OV44OIOTnjgrPjg7zjg53jg6zjg7zjgrfjg6fjg7Pjg6Hjgqzjg43jga7jgrfjg6Pjg7Pjg5fjg7zpmaToj4xFWCAyMDBtbO+8iOODiOODreODlOOCq+ODq+OCueOCpuOCo+ODvOODiO+8iSAo44Oh44Ks44ON44OO44K344Oj44Oz44OX44O844K444On44KtKe+8muOCveODleODnuODg+ODl+OAgOODh+OCuOOCv+ODq+OCs+ODrOOCr+OCt+ODp+ODsw==,44K944OV44Oe44OD44OXIOODh+OCuOOCv+ODq+OCs+ODrOOCr+OCt+ODp+ODs1NvZm1hcCBEaWdpdGFsIENvbGxlY3Rpb27jg5Hjgr3jgrPjg7Pjgr/jg5bjg6zjg4Pjg4hQQ0hEROOCouOCu+ODs+ODluODquODkeODvOODhOODkeOCveOCs+ODs+ODkeODvOODhOODhuODrOODk+OCsuODvOODoOODluODq+ODvOODrOOCpOOCveODleODiERWROOCveODleODiOa2suaZtuODhuODrOODk+ODluODq+ODvOODrOOCpOODh+OCo+OCueOCr+ODrOOCs+ODvOODgOODvOODh+OCuOOCv+ODq+S4gOecvOODrOODleOCq+ODoeODqeODh+OCuOOCv+ODq+OCq+ODoeODqeWutumbu+aZguioiOS4reWPpOOAgOOCveODleODiOOCouOCpuODiOODrOODg+ODiOS4reWPpOODjuODvOODiOODkeOCveOCs+ODs+S4reWPpOODkeOCveOCs+ODs+OCveODleODiDk544Kz44O844Od44Os44O844K344On44Oz44Oh44Ks44ON44Gu44K344Oj44Oz44OX44O86Zmk6I+MRVggMjAwbWzvvIjjg4jjg63jg5Tjgqvjg6vjgrnjgqbjgqPjg7zjg4jvvIkgKOODoeOCrOODjeODjuOCt+ODo+ODs+ODl+ODvOOCuOODp+OCrSk=,44K944OV44OIOTnjgrPjg7zjg53jg6zjg7zjgrfjg6fjg7Pjg6Hjgqzjg43jga7jgrfjg6Pjg7Pjg5fjg7zpmaToj4xFWCAyMDBtbO+8iOODiOODreODlOOCq+ODq+OCueOCpuOCo+ODvOODiO+8iSAo44Oh44Ks44ON44OO44K344Oj44Oz44OX44O844K444On44KtKQ==[rn]
7-31640,aHR0cDovL3RzaG9wLnIxMHMuanAvYWtpYmFtYWMvY2FiaW5ldC8wNTI1NDUzOS80NTYwMTk0NTQ4NTA1LmpwZz9maXRpbj03MDA6NzAw,MTI2NC4wMDAw,,44OQ44OD44Kw44O75bCP54mp44O744OW44Op44Oz44OJ6ZuR6LKoID4g44Gd44Gu5LuW,44K544K/44K444Kq44Ko44OMQUxJRkUg44OP44OD44OU44O844OV44Op44Kk44OI44O744OR44K544Od44O844OI44Kr44OQ44O844O744OX44Op44K5IFNOQ0YtMDcyLTMg44Kw44Oq44O844OzIChTTkNGMDcyMyk=,,PHRhYmxlIGJvcmRlcj0iMCIgY2VsbHBhZGRpbmc9IjAiIGNlbGxzcGFjaW5nPSIwIiB3aWR0aD0iNzEwIiBzdHlsZT0ibGluZS1oZWlnaHQ6MTQwJTsiPjx0cj48dGQ+PGZvbnQgc2l6ZT0iMiI+4pag6I2354mp44Gu44K/44Kw44Gu5Y2K5Yi444KS6LK844KL44OX44Os44O844OI44Go44Od44Kx44OD44OI44GM44Gk44GE44Gm44OH44K244Kk44Oz5oCn44Go5Yip5L6/5oCn44GM5aKX44GX44GfPGJyPuKAneODj+ODg+ODlOODvOODleODqeOCpOODiOODu+ODkeOCueODneODvOODiOOCq+ODkOODvOODu+ODl+ODqeOCueKAneOAgjxicj48YnI+PC9mb250PjwvdGQ+PC90cj48L3RhYmxlPjx0YWJsZSBjZWxsc3BhY2luZz0iMCIgY2VsbHBhZGRpbmc9IjQiIGJvcmRlcj0iMSIgd2lkdGg9IjcxMCIgYm9yZGVyY29sb3I9IiNjY2NjY2MiPjx0cj48dGQgd2lkdGg9IjE4MCIgYmdjb2xvcj0iI2VmZWZlZiI+PGZvbnQgc2l6ZT0iMiI+44K344Oq44O844K65ZCNL+aEm+ensDwvZm9udD48L3RkPjx0ZCB3aWR0aD0iNTMwIj48Zm9udCBzaXplPSIyIj5BTElGRe+8iOOCouODquODle+8iTwvZm9udD48L3RkPjwvdHI+PHRyPjx0ZCB3aWR0aD0iMTgwIiBiZ2NvbG9yPSIjZWZlZmVmIj48Zm9udCBzaXplPSIyIj7oibI8L2ZvbnQ+PC90ZD48dGQgd2lkdGg9IjUzMCI+PGZvbnQgc2l6ZT0iMiI+44Kw44Oq44O844OzPC9mb250PjwvdGQ+PC90cj48dHI+PHRkIHdpZHRoPSIxODAiIGJnY29sb3I9IiNlZmVmZWYiPjxmb250IHNpemU9IjIiPuacrOS9k+OCteOCpOOCuihIw5dXw5dEKW1tPC9mb250PjwvdGQ+PHRkIHdpZHRoPSI1MzAiPjxmb250IHNpemU9IjIiPjEzNsOXMTAzw5c2bW08L2ZvbnQ+PC90ZD48L3RyPjx0cj48dGQgd2lkdGg9IjE4MCIgYmdjb2xvcj0iI2VmZWZlZiI+PGZvbnQgc2l6ZT0iMiI+56iu6aGePC9mb250PjwvdGQ+PHRkIHdpZHRoPSI1MzAiPjxmb250IHNpemU9IjIiPuOCseODvOOCueODu+ODkOODg+OCsOmWoumAo+eUqOWTgTwvZm9udD48L3RkPjwvdHI+PHRyPjx0ZCB3aWR0aD0iMTgwIiBiZ2NvbG9yPSIjZWZlZmVmIj48Zm9udCBzaXplPSIyIj7mnZDos6o8L2ZvbnQ+PC90ZD48dGQgd2lkdGg9IjUzMCI+PGZvbnQgc2l6ZT0iMiI+UFZD44Ko44OK44Oh44OrPC9mb250PjwvdGQ+PC90cj48L3RhYmxlPjxzdHlsZSB0eXBlPSJ0ZXh0L2NzcyI+CjwhLS0KLnJha3V0ZW4tY2FtcCB7Cgl3aWR0aDogNzI1cHg7Cglib3JkZXI6IDJweCBzb2xpZCAjMzM5OUZGOwoJcGFkZGluZy10b3A6IDVweDsKCS1tb3otYm9yZGVyLXJhZGl1czo0cHg7IC8qRmlyZWZveCovCgktd2Via2l0LWJvcmRlci1yYWRpdXM6IDRweDsgLypTYWZhcmksQ2hyb21lKi8KCWJvcmRlci1yYWRpdXM6NHB4OyAvKk9wZXJhLENocm9tZSovCgltYXJnaW46MCAxMHB4IDEwcHggMDsKfQoKLyog5L6h5qC844Gr5p6g57ea44GM44Gk44GPICovCnRhYmxlI3Jha3V0ZW5MaW1pdGVkSWRfY2FydCB7CiAgICBiYWNrZ3JvdW5kLWNvbG9yOiAjZjhmOGY4OwogICAgYm9yZGVyOiAxcHggc29saWQgI2RkZDsKICAgIHBhZGRpbmc6IDhweDsKICAgIG1hcmdpbjogMTZweCAwOwp9CgpzcGFuLnByaWNlMSB7CiAgICBjb2xvcjogIzMzMyAhaW1wb3J0YW50OwogICAgZm9udC13ZWlnaHQ6IGJvbGQ7CiAgICBmb250LXNpemU6IDgwJSAhaW1wb3J0YW50OwogICAgbGluZS1oZWlnaHQ6IDMwcHg7CiAgICBkaXNwbGF5OiBpbmxpbmUtYmxvY2s7CiAgICBtYXJnaW4tcmlnaHQ6IDE2cHg7Cn0KCi0tPgo8L3N0eWxlPgoKPCEtLeODkOODiuODvOOCqOODquOCoi0tPgoKPCEtLeOAkOa2iOOBmeOBqu+8geOAkeKYheKYheKYhSBoZWlnaHQ9IjM4MCIg44Gn6Kit5a6a44GX44Gm44GP44Gg44GV44GE44CC4piF4piF4piFLS0+CjwhLS3jg5Djg4rjg7zjgqjjg6rjgqLjgZPjgZPjgb7jgactLT4KCjwhLS3mpb3lpKnjgq3jg6Pjg7Pjg5rjg7zjg7MtLT4KCjxoMiBzdHlsZT0ibWFyZ2luOjIwcHggMCAxMHB4IDA7Ij48aW1nIHNyYz0iaHR0cDovL3d3dy5yYWt1dGVuLm5lLmpwL2dvbGQvYWtpYmFtYWMvZnJhbWUvaW1hZ2VzL3Jha3V0ZW5fdGl0bGUyLmdpZiIgYWx0PSLmpb3lpKnluILloLTjga7jgYrlvpfjgarjgq3jg6Pjg7Pjg5rjg7zjg7MiIHdpZHRoPSI3MzAiIGhlaWdodD0iNDIiIGJvcmRlcj0iMCI+PC9oMj4KPGRpdiBjbGFzcz0icmFrdXRlbi1jYW1wIiBzdHlsZT0ibWFyZ2luOjAgMCAwIDA7Ij4KCgo8IS0t5qW95aSp44Kt44Oj44Oz44Oa44O844OzQOOBk+OBk+OBvuOBpy0tPg==,44K544K/44K444Kq44Ko44OMQUxJRkUg44OP44OD44OU44O844OV44Op44Kk44OI44O744OR44K544Od44O844OI44Kr44OQ44O844O744OX44Op44K5IFNOQ0YtMDcyLTMg44Kw44Oq44O844OzIChTTkNGMDcyMynvvJrjgr3jg5Xjg57jg4Pjg5fjgIDjg4fjgrjjgr/jg6vjgrPjg6zjgq/jgrfjg6fjg7M=,44K944OV44Oe44OD44OXIOODh+OCuOOCv+ODq+OCs+ODrOOCr+OCt+ODp+ODs1NvZm1hcCBEaWdpdGFsIENvbGxlY3Rpb27jg5Hjgr3jgrPjg7Pjgr/jg5bjg6zjg4Pjg4hQQ0hEROOCouOCu+ODs+ODluODquODkeODvOODhOODkeOCveOCs+ODs+ODkeODvOODhOODhuODrOODk+OCsuODvOODoOODluODq+ODvOODrOOCpOOCveODleODiERWROOCveODleODiOa2suaZtuODhuODrOODk+ODluODq+ODvOODrOOCpOODh+OCo+OCueOCr+ODrOOCs+ODvOODgOODvOODh+OCuOOCv+ODq+S4gOecvOODrOODleOCq+ODoeODqeODh+OCuOOCv+ODq+OCq+ODoeODqeWutumbu+aZguioiOS4reWPpOOAgOOCveODleODiOOCouOCpuODiOODrOODg+ODiOS4reWPpOODjuODvOODiOODkeOCveOCs+ODs+S4reWPpOODkeOCveOCs+ODs+OCueOCv+OCuOOCquOCqOODjEFMSUZFIOODj+ODg+ODlOODvOODleODqeOCpOODiOODu+ODkeOCueODneODvOODiOOCq+ODkOODvOODu+ODl+ODqeOCuSBTTkNGLTA3Mi0zIOOCsOODquODvOODsyAoU05DRjA3MjMp,44K544K/44K444Kq44Ko44OMQUxJRkUg44OP44OD44OU44O844OV44Op44Kk44OI44O744OR44K544Od44O844OI44Kr44OQ44O844O744OX44Op44K5IFNOQ0YtMDcyLTMg44Kw44Oq44O844OzIChTTkNGMDcyMyk=[rn]
7-31641,aHR0cDovL3RzaG9wLnIxMHMuanAvYWtpYmFtYWMvY2FiaW5ldC8wNTI1NDUzOS80NTYwMTk0NTQ0NTUyLmpwZz9maXRpbj03MDA6NzAw,NjUwLjQwMDA=,,44OQ44OD44Kw44O75bCP54mp44O744OW44Op44Oz44OJ6ZuR6LKoID4g44Gd44Gu5LuW,44K544K/44K444Kq44Ko44OMQUxJRkUg44OP44OD44OU44O844OV44Op44Kk44OIIOOCueOCr+OCqOOCoiDjg6njgrLjg7zjgrgg44K/44KwIFNOQ0YtMDQzLTQg44Kk44Ko44Ot44O8IChTTkNGMDQzNCk=,,PHRhYmxlIGJvcmRlcj0iMCIgY2VsbHBhZGRpbmc9IjAiIGNlbGxzcGFjaW5nPSIwIiB3aWR0aD0iNzEwIiBzdHlsZT0ibGluZS1oZWlnaHQ6MTQwJTsiPjx0cj48dGQ+PGZvbnQgc2l6ZT0iMiI+4pag5peF6KGM5rCX5YiG44KS44OQ44OD44Kw44Gr44KC5Y+W44KK5LuY44GR44KL5Zub6KeS44GE44ON44O844Og44K/44Kw44CCPGJyPuKAneODj+ODg+ODlOODvOODleODqeOCpOODiOODu+OCueOCr+OCqOOCouODqeOCsuODvOOCuOOCv+OCsOKAneOAgjxicj48YnI+PC9mb250PjwvdGQ+PC90cj48L3RhYmxlPjx0YWJsZSBjZWxsc3BhY2luZz0iMCIgY2VsbHBhZGRpbmc9IjQiIGJvcmRlcj0iMSIgd2lkdGg9IjcxMCIgYm9yZGVyY29sb3I9IiNjY2NjY2MiPjx0cj48dGQgd2lkdGg9IjE4MCIgYmdjb2xvcj0iI2VmZWZlZiI+PGZvbnQgc2l6ZT0iMiI+44K344Oq44O844K65ZCNL+aEm+ensDwvZm9udD48L3RkPjx0ZCB3aWR0aD0iNTMwIj48Zm9udCBzaXplPSIyIj5BTElGRe+8iOOCouODquODle+8iTwvZm9udD48L3RkPjwvdHI+PHRyPjx0ZCB3aWR0aD0iMTgwIiBiZ2NvbG9yPSIjZWZlZmVmIj48Zm9udCBzaXplPSIyIj7oibI8L2ZvbnQ+PC90ZD48dGQgd2lkdGg9IjUzMCI+PGZvbnQgc2l6ZT0iMiI+44Kk44Ko44Ot44O8PC9mb250PjwvdGQ+PC90cj48dHI+PHRkIHdpZHRoPSIxODAiIGJnY29sb3I9IiNlZmVmZWYiPjxmb250IHNpemU9IjIiPuacrOS9k+OCteOCpOOCuihIw5dXw5dEKW1tPC9mb250PjwvdGQ+PHRkIHdpZHRoPSI1MzAiPjxmb250IHNpemU9IjIiPjcww5cyMDZtbTwvZm9udD48L3RkPjwvdHI+PHRyPjx0ZCB3aWR0aD0iMTgwIiBiZ2NvbG9yPSIjZWZlZmVmIj48Zm9udCBzaXplPSIyIj7nqK7poZ48L2ZvbnQ+PC90ZD48dGQgd2lkdGg9IjUzMCI+PGZvbnQgc2l6ZT0iMiI+44Kx44O844K544O744OQ44OD44Kw6Zai6YCj55So5ZOBPC9mb250PjwvdGQ+PC90cj48dHI+PHRkIHdpZHRoPSIxODAiIGJnY29sb3I9IiNlZmVmZWYiPjxmb250IHNpemU9IjIiPuadkOizqjwvZm9udD48L3RkPjx0ZCB3aWR0aD0iNTMwIj48Zm9udCBzaXplPSIyIj5QVkPjgqjjg4rjg6Hjg6s8L2ZvbnQ+PC90ZD48L3RyPjwvdGFibGU+PHN0eWxlIHR5cGU9InRleHQvY3NzIj4KPCEtLQoucmFrdXRlbi1jYW1wIHsKCXdpZHRoOiA3MjVweDsKCWJvcmRlcjogMnB4IHNvbGlkICMzMzk5RkY7CglwYWRkaW5nLXRvcDogNXB4OwoJLW1vei1ib3JkZXItcmFkaXVzOjRweDsgLypGaXJlZm94Ki8KCS13ZWJraXQtYm9yZGVyLXJhZGl1czogNHB4OyAvKlNhZmFyaSxDaHJvbWUqLwoJYm9yZGVyLXJhZGl1czo0cHg7IC8qT3BlcmEsQ2hyb21lKi8KCW1hcmdpbjowIDEwcHggMTBweCAwOwp9CgovKiDkvqHmoLzjgavmnqDnt5rjgYzjgaTjgY8gKi8KdGFibGUjcmFrdXRlbkxpbWl0ZWRJZF9jYXJ0IHsKICAgIGJhY2tncm91bmQtY29sb3I6ICNmOGY4Zjg7CiAgICBib3JkZXI6IDFweCBzb2xpZCAjZGRkOwogICAgcGFkZGluZzogOHB4OwogICAgbWFyZ2luOiAxNnB4IDA7Cn0KCnNwYW4ucHJpY2UxIHsKICAgIGNvbG9yOiAjMzMzICFpbXBvcnRhbnQ7CiAgICBmb250LXdlaWdodDogYm9sZDsKICAgIGZvbnQtc2l6ZTogODAlICFpbXBvcnRhbnQ7CiAgICBsaW5lLWhlaWdodDogMzBweDsKICAgIGRpc3BsYXk6IGlubGluZS1ibG9jazsKICAgIG1hcmdpbi1yaWdodDogMTZweDsKfQoKLS0+Cjwvc3R5bGU+Cgo8IS0t44OQ44OK44O844Ko44Oq44KiLS0+Cgo8IS0t44CQ5raI44GZ44Gq77yB44CR4piF4piF4piFIGhlaWdodD0iMzgwIiDjgafoqK3lrprjgZfjgabjgY/jgaDjgZXjgYTjgILimIXimIXimIUtLT4KPCEtLeODkOODiuODvOOCqOODquOCouOBk+OBk+OBvuOBpy0tPgoKPCEtLealveWkqeOCreODo+ODs+ODmuODvOODsy0tPgoKPGgyIHN0eWxlPSJtYXJnaW46MjBweCAwIDEwcHggMDsiPjxpbWcgc3JjPSJodHRwOi8vd3d3LnJha3V0ZW4ubmUuanAvZ29sZC9ha2liYW1hYy9mcmFtZS9pbWFnZXMvcmFrdXRlbl90aXRsZTIuZ2lmIiBhbHQ9IualveWkqeW4guWgtOOBruOBiuW+l+OBquOCreODo+ODs+ODmuODvOODsyIgd2lkdGg9IjczMCIgaGVpZ2h0PSI0MiIgYm9yZGVyPSIwIj48L2gyPgo8ZGl2IGNsYXNzPSJyYWt1dGVuLWNhbXAiIHN0eWxlPSJtYXJnaW46MCAwIDAgMDsiPgoKCjwhLS3mpb3lpKnjgq3jg6Pjg7Pjg5rjg7zjg7NA44GT44GT44G+44GnLS0+,44K544K/44K444Kq44Ko44OMQUxJRkUg44OP44OD44OU44O844OV44Op44Kk44OIIOOCueOCr+OCqOOCoiDjg6njgrLjg7zjgrgg44K/44KwIFNOQ0YtMDQzLTQg44Kk44Ko44Ot44O8IChTTkNGMDQzNCnvvJrjgr3jg5Xjg57jg4Pjg5fjgIDjg4fjgrjjgr/jg6vjgrPjg6zjgq/jgrfjg6fjg7M=,44K944OV44Oe44OD44OXIOODh+OCuOOCv+ODq+OCs+ODrOOCr+OCt+ODp+ODs1NvZm1hcCBEaWdpdGFsIENvbGxlY3Rpb27jg5Hjgr3jgrPjg7Pjgr/jg5bjg6zjg4Pjg4hQQ0hEROOCouOCu+ODs+ODluODquODkeODvOODhOODkeOCveOCs+ODs+ODkeODvOODhOODhuODrOODk+OCsuODvOODoOODluODq+ODvOODrOOCpOOCveODleODiERWROOCveODleODiOa2suaZtuODhuODrOODk+ODluODq+ODvOODrOOCpOODh+OCo+OCueOCr+ODrOOCs+ODvOODgOODvOODh+OCuOOCv+ODq+S4gOecvOODrOODleOCq+ODoeODqeODh+OCuOOCv+ODq+OCq+ODoeODqeWutumbu+aZguioiOS4reWPpOOAgOOCveODleODiOOCouOCpuODiOODrOODg+ODiOS4reWPpOODjuODvOODiOODkeOCveOCs+ODs+S4reWPpOODkeOCveOCs+ODs+OCueOCv+OCuOOCquOCqOODjEFMSUZFIOODj+ODg+ODlOODvOODleODqeOCpOODiCDjgrnjgq/jgqjjgqIg44Op44Ky44O844K4IOOCv+OCsCBTTkNGLTA0My00IOOCpOOCqOODreODvCAoU05DRjA0MzQp,44K544K/44K444Kq44Ko44OMQUxJRkUg44OP44OD44OU44O844OV44Op44Kk44OIIOOCueOCr+OCqOOCoiDjg6njgrLjg7zjgrgg44K/44KwIFNOQ0YtMDQzLTQg44Kk44Ko44Ot44O8IChTTkNGMDQzNCk=[rn]
7-31642,aHR0cDovL3RzaG9wLnIxMHMuanAvYWtpYmFtYWMvY2FiaW5ldC8wNTI1NDUzOS80NTYwMTk0NTQ0NTE0LmpwZz9maXRpbj03MDA6NzAw,OTI4LjAwMDA=,,44OQ44OD44Kw44O75bCP54mp44O744OW44Op44Oz44OJ6ZuR6LKoID4g44Gd44Gu5LuW,44K544K/44K444Kq44Ko44OMQUxJRkUg44OP44OD44OU44O844OV44Op44Kk44OIIOODiOODqeODmeODq+OCquODvOOCrOODiuOCpOOCtuODvCBTTkNGLTA0Mi01IOODluODqeOCpuODsyAoU05DRjA0MjUp,,PHRhYmxlIGJvcmRlcj0iMCIgY2VsbHBhZGRpbmc9IjAiIGNlbGxzcGFjaW5nPSIwIiB3aWR0aD0iNzEwIiBzdHlsZT0ibGluZS1oZWlnaHQ6MTQwJTsiPjx0cj48dGQ+PGZvbnQgc2l6ZT0iMiI+4pag44OR44K544Od44O844OI44CB44OB44Kx44OD44OI44CB6aCY5Y+O6Ki844CB57SZ5bmjZXRjLiDlj47ntI3lipvmipznvqTjgII8YnI+4oCd44OP44OD44OU44O844OV44Op44Kk44OI44O744OI44Op44OZ44Or44Kq44O844Ks44OK44Kk44K244O84oCd44CCPGJyPjxicj48L2ZvbnQ+PC90ZD48L3RyPjwvdGFibGU+PHRhYmxlIGNlbGxzcGFjaW5nPSIwIiBjZWxscGFkZGluZz0iNCIgYm9yZGVyPSIxIiB3aWR0aD0iNzEwIiBib3JkZXJjb2xvcj0iI2NjY2NjYyI+PHRyPjx0ZCB3aWR0aD0iMTgwIiBiZ2NvbG9yPSIjZWZlZmVmIj48Zm9udCBzaXplPSIyIj7jgrfjg6rjg7zjgrrlkI0v5oSb56ewPC9mb250PjwvdGQ+PHRkIHdpZHRoPSI1MzAiPjxmb250IHNpemU9IjIiPkFMSUZF77yI44Ki44Oq44OV77yJPC9mb250PjwvdGQ+PC90cj48dHI+PHRkIHdpZHRoPSIxODAiIGJnY29sb3I9IiNlZmVmZWYiPjxmb250IHNpemU9IjIiPuiJsjwvZm9udD48L3RkPjx0ZCB3aWR0aD0iNTMwIj48Zm9udCBzaXplPSIyIj7jg5bjg6njgqbjg7M8L2ZvbnQ+PC90ZD48L3RyPjx0cj48dGQgd2lkdGg9IjE4MCIgYmdjb2xvcj0iI2VmZWZlZiI+PGZvbnQgc2l6ZT0iMiI+5pys5L2T44K144Kk44K6KEjDl1fDl0QpbW08L2ZvbnQ+PC90ZD48dGQgd2lkdGg9IjUzMCI+PGZvbnQgc2l6ZT0iMiI+MTAyw5cyMThtbTwvZm9udD48L3RkPjwvdHI+PHRyPjx0ZCB3aWR0aD0iMTgwIiBiZ2NvbG9yPSIjZWZlZmVmIj48Zm9udCBzaXplPSIyIj7nqK7poZ48L2ZvbnQ+PC90ZD48dGQgd2lkdGg9IjUzMCI+PGZvbnQgc2l6ZT0iMiI+44Kx44O844K544O744OQ44OD44Kw6Zai6YCj55So5ZOBPC9mb250PjwvdGQ+PC90cj48dHI+PHRkIHdpZHRoPSIxODAiIGJnY29sb3I9IiNlZmVmZWYiPjxmb250IHNpemU9IjIiPuadkOizqjwvZm9udD48L3RkPjx0ZCB3aWR0aD0iNTMwIj48Zm9udCBzaXplPSIyIj5QVkPjgqjjg4rjg6Hjg6s8L2ZvbnQ+PC90ZD48L3RyPjwvdGFibGU+PHN0eWxlIHR5cGU9InRleHQvY3NzIj4KPCEtLQoucmFrdXRlbi1jYW1wIHsKCXdpZHRoOiA3MjVweDsKCWJvcmRlcjogMnB4IHNvbGlkICMzMzk5RkY7CglwYWRkaW5nLXRvcDogNXB4OwoJLW1vei1ib3JkZXItcmFkaXVzOjRweDsgLypGaXJlZm94Ki8KCS13ZWJraXQtYm9yZGVyLXJhZGl1czogNHB4OyAvKlNhZmFyaSxDaHJvbWUqLwoJYm9yZGVyLXJhZGl1czo0cHg7IC8qT3BlcmEsQ2hyb21lKi8KCW1hcmdpbjowIDEwcHggMTBweCAwOwp9CgovKiDkvqHmoLzjgavmnqDnt5rjgYzjgaTjgY8gKi8KdGFibGUjcmFrdXRlbkxpbWl0ZWRJZF9jYXJ0IHsKICAgIGJhY2tncm91bmQtY29sb3I6ICNmOGY4Zjg7CiAgICBib3JkZXI6IDFweCBzb2xpZCAjZGRkOwogICAgcGFkZGluZzogOHB4OwogICAgbWFyZ2luOiAxNnB4IDA7Cn0KCnNwYW4ucHJpY2UxIHsKICAgIGNvbG9yOiAjMzMzICFpbXBvcnRhbnQ7CiAgICBmb250LXdlaWdodDogYm9sZDsKICAgIGZvbnQtc2l6ZTogODAlICFpbXBvcnRhbnQ7CiAgICBsaW5lLWhlaWdodDogMzBweDsKICAgIGRpc3BsYXk6IGlubGluZS1ibG9jazsKICAgIG1hcmdpbi1yaWdodDogMTZweDsKfQoKLS0+Cjwvc3R5bGU+Cgo8IS0t44OQ44OK44O844Ko44Oq44KiLS0+Cgo8IS0t44CQ5raI44GZ44Gq77yB44CR4piF4piF4piFIGhlaWdodD0iMzgwIiDjgafoqK3lrprjgZfjgabjgY/jgaDjgZXjgYTjgILimIXimIXimIUtLT4KPCEtLeODkOODiuODvOOCqOODquOCouOBk+OBk+OBvuOBpy0tPgoKPCEtLealveWkqeOCreODo+ODs+ODmuODvOODsy0tPgoKPGgyIHN0eWxlPSJtYXJnaW46MjBweCAwIDEwcHggMDsiPjxpbWcgc3JjPSJodHRwOi8vd3d3LnJha3V0ZW4ubmUuanAvZ29sZC9ha2liYW1hYy9mcmFtZS9pbWFnZXMvcmFrdXRlbl90aXRsZTIuZ2lmIiBhbHQ9IualveWkqeW4guWgtOOBruOBiuW+l+OBquOCreODo+ODs+ODmuODvOODsyIgd2lkdGg9IjczMCIgaGVpZ2h0PSI0MiIgYm9yZGVyPSIwIj48L2gyPgo8ZGl2IGNsYXNzPSJyYWt1dGVuLWNhbXAiIHN0eWxlPSJtYXJnaW46MCAwIDAgMDsiPgoKCjwhLS3mpb3lpKnjgq3jg6Pjg7Pjg5rjg7zjg7NA44GT44GT44G+44GnLS0+,44K544K/44K444Kq44Ko44OMQUxJRkUg44OP44OD44OU44O844OV44Op44Kk44OIIOODiOODqeODmeODq+OCquODvOOCrOODiuOCpOOCtuODvCBTTkNGLTA0Mi01IOODluODqeOCpuODsyAoU05DRjA0MjUp77ya44K944OV44Oe44OD44OX44CA44OH44K444K/44Or44Kz44Os44Kv44K344On44Oz,44K944OV44Oe44OD44OXIOODh+OCuOOCv+ODq+OCs+ODrOOCr+OCt+ODp+ODs1NvZm1hcCBEaWdpdGFsIENvbGxlY3Rpb27jg5Hjgr3jgrPjg7Pjgr/jg5bjg6zjg4Pjg4hQQ0hEROOCouOCu+ODs+ODluODquODkeODvOODhOODkeOCveOCs+ODs+ODkeODvOODhOODhuODrOODk+OCsuODvOODoOODluODq+ODvOODrOOCpOOCveODleODiERWROOCveODleODiOa2suaZtuODhuODrOODk+ODluODq+ODvOODrOOCpOODh+OCo+OCueOCr+ODrOOCs+ODvOODgOODvOODh+OCuOOCv+ODq+S4gOecvOODrOODleOCq+ODoeODqeODh+OCuOOCv+ODq+OCq+ODoeODqeWutumbu+aZguioiOS4reWPpOOAgOOCveODleODiOOCouOCpuODiOODrOODg+ODiOS4reWPpOODjuODvOODiOODkeOCveOCs+ODs+S4reWPpOODkeOCveOCs+ODs+OCueOCv+OCuOOCquOCqOODjEFMSUZFIOODj+ODg+ODlOODvOODleODqeOCpOODiCDjg4jjg6njg5njg6vjgqrjg7zjgqzjg4rjgqTjgrbjg7wgU05DRi0wNDItNSDjg5bjg6njgqbjg7MgKFNOQ0YwNDI1KQ==,44K544K/44K444Kq44Ko44OMQUxJRkUg44OP44OD44OU44O844OV44Op44Kk44OIIOODiOODqeODmeODq+OCquODvOOCrOODiuOCpOOCtuODvCBTTkNGLTA0Mi01IOODluODqeOCpuODsyAoU05DRjA0MjUp[rn]
7-31643,aHR0cDovL3RzaG9wLnIxMHMuanAvYWtpYmFtYWMvY2FiaW5ldC8wNDk5MjQwOS80OTMwMzQ0NTQzMDMwLmpwZz9maXRpbj03MDA6NzAw,MTk0NC4wMDAw,,44OQ44OD44Kw44O75bCP54mp44O744OW44Op44Oz44OJ6ZuR6LKoID4g44Gd44Gu5LuW,5ZCN5Y+k5bGL55y86Y+h44Or44ON44OD44OIIOODoeOCrOODjeODh+OCo+OCueODl+ODrOOCpOODnOODvOODiSDjg4jjg6rjg5fjg6vjgr/jgqTjg5fvvIjjgqLjgqTjg5zjg6rjg7zvvIlMTlQtMVQgSVYgKExOVDFUKQ==,,PHRhYmxlIGJvcmRlcj0iMCIgY2VsbHBhZGRpbmc9IjAiIGNlbGxzcGFjaW5nPSIwIiB3aWR0aD0iNzEwIiBzdHlsZT0ibGluZS1oZWlnaHQ6MTQwJTsiPjx0cj48dGQ+PGZvbnQgc2l6ZT0iMiI+44GC44Gq44Gf44Gu44Oh44Ks44ON44GM44Kk44Oz44OG44Oq44Ki44Gr5aSn5aSJ6Lqr77yB44Ki44Kv44K744K144Oq44O844Gu5Y+O57SN44Gr44KC77yBPGJyPuOBiuawl+OBq+WFpeOCiuOBruODoeOCrOODjeOCkuOBiuOBl+OCg+OCjOOAgeOBi+OBpOOCueODnuODvOODiOOBq+WPjue0jeOBp+OBjeOCi+ODh+OCo+OCueODl+ODrOOCpOODnOODvOODieOBp+OBmeOAgjxicj48YnI+44K044Og44Gn44Gy44Gj44GL44GR44KL44Gg44GR44Gu5LuV57WE44G/44Gq44Gu44Gn44CB5o6b44GR5aSW44GX44KC57Ch5Y2Y44CC5pmu5q615L2/44GE44Gu55y86Y+h44Gr44KC5L2/44GI44G+44GZ44CCPGJyPue9ruaOm+S4oeeUqOOBquOBruOBp+iHquWIhuOBruOBiumDqOWxi+OBq+WQiOOCj+OBm+OBpuODh+OCo+OCueODl+ODrOOCpOOBjOOBp+OBjeOBvuOBmeOAgjxicj48YnI+4pag6KO95ZOB5LuV5qeY4pagPGJyPuOAkOOCteOCpOOCuuOAkVcxOTXDl0gyNTDDl0QxNW1tPGJyPjxicj7jgJDkuLvmnZDjgJHjg53jg6rjgrnjg4Hjg6zjg7PjgIHjg5XjgqHjgqTjg5Djg7zjg5zjg7zjg4njgIHluIPjgIHjgrnjg4Hjg7zjg6vvvIjlsILnlKjjgrnjgr/jg7Pjg4nvvIk8YnI+PGJyPuOAkOaeoOOAkeOCouOCpOODnOODquODvDxicj48YnI+44CQ55Sf5Zyw44CR44OU44Oz44KvPGJyPjxicj48L2ZvbnQ+PC90ZD48L3RyPjwvdGFibGU+PHN0eWxlIHR5cGU9InRleHQvY3NzIj4KPCEtLQoucmFrdXRlbi1jYW1wIHsKCXdpZHRoOiA3MjVweDsKCWJvcmRlcjogMnB4IHNvbGlkICMzMzk5RkY7CglwYWRkaW5nLXRvcDogNXB4OwoJLW1vei1ib3JkZXItcmFkaXVzOjRweDsgLypGaXJlZm94Ki8KCS13ZWJraXQtYm9yZGVyLXJhZGl1czogNHB4OyAvKlNhZmFyaSxDaHJvbWUqLwoJYm9yZGVyLXJhZGl1czo0cHg7IC8qT3BlcmEsQ2hyb21lKi8KCW1hcmdpbjowIDEwcHggMTBweCAwOwp9CgovKiDkvqHmoLzjgavmnqDnt5rjgYzjgaTjgY8gKi8KdGFibGUjcmFrdXRlbkxpbWl0ZWRJZF9jYXJ0IHsKICAgIGJhY2tncm91bmQtY29sb3I6ICNmOGY4Zjg7CiAgICBib3JkZXI6IDFweCBzb2xpZCAjZGRkOwogICAgcGFkZGluZzogOHB4OwogICAgbWFyZ2luOiAxNnB4IDA7Cn0KCnNwYW4ucHJpY2UxIHsKICAgIGNvbG9yOiAjMzMzICFpbXBvcnRhbnQ7CiAgICBmb250LXdlaWdodDogYm9sZDsKICAgIGZvbnQtc2l6ZTogODAlICFpbXBvcnRhbnQ7CiAgICBsaW5lLWhlaWdodDogMzBweDsKICAgIGRpc3BsYXk6IGlubGluZS1ibG9jazsKICAgIG1hcmdpbi1yaWdodDogMTZweDsKfQoKLS0+Cjwvc3R5bGU+Cgo8IS0t44OQ44OK44O844Ko44Oq44KiLS0+Cgo8IS0t44CQ5raI44GZ44Gq77yB44CR4piF4piF4piFIGhlaWdodD0iMzgwIiDjgafoqK3lrprjgZfjgabjgY/jgaDjgZXjgYTjgILimIXimIXimIUtLT4KPCEtLeODkOODiuODvOOCqOODquOCouOBk+OBk+OBvuOBpy0tPgoKPCEtLealveWkqeOCreODo+ODs+ODmuODvOODsy0tPgoKPGgyIHN0eWxlPSJtYXJnaW46MjBweCAwIDEwcHggMDsiPjxpbWcgc3JjPSJodHRwOi8vd3d3LnJha3V0ZW4ubmUuanAvZ29sZC9ha2liYW1hYy9mcmFtZS9pbWFnZXMvcmFrdXRlbl90aXRsZTIuZ2lmIiBhbHQ9IualveWkqeW4guWgtOOBruOBiuW+l+OBquOCreODo+ODs+ODmuODvOODsyIgd2lkdGg9IjczMCIgaGVpZ2h0PSI0MiIgYm9yZGVyPSIwIj48L2gyPgo8ZGl2IGNsYXNzPSJyYWt1dGVuLWNhbXAiIHN0eWxlPSJtYXJnaW46MCAwIDAgMDsiPgoKCjwhLS3mpb3lpKnjgq3jg6Pjg7Pjg5rjg7zjg7NA44GT44GT44G+44GnLS0+,5ZCN5Y+k5bGL55y86Y+h44Or44ON44OD44OIIOODoeOCrOODjeODh+OCo+OCueODl+ODrOOCpOODnOODvOODiSDjg4jjg6rjg5fjg6vjgr/jgqTjg5fvvIjjgqLjgqTjg5zjg6rjg7zvvIlMTlQtMVQgSVYgKExOVDFUKe+8muOCveODleODnuODg+ODl+OAgOODh+OCuOOCv+ODq+OCs+ODrOOCr+OCt+ODp+ODsw==,44K944OV44Oe44OD44OXIOODh+OCuOOCv+ODq+OCs+ODrOOCr+OCt+ODp+ODs1NvZm1hcCBEaWdpdGFsIENvbGxlY3Rpb27jg5Hjgr3jgrPjg7Pjgr/jg5bjg6zjg4Pjg4hQQ0hEROOCouOCu+ODs+ODluODquODkeODvOODhOODkeOCveOCs+ODs+ODkeODvOODhOODhuODrOODk+OCsuODvOODoOODluODq+ODvOODrOOCpOOCveODleODiERWROOCveODleODiOa2suaZtuODhuODrOODk+ODluODq+ODvOODrOOCpOODh+OCo+OCueOCr+ODrOOCs+ODvOODgOODvOODh+OCuOOCv+ODq+S4gOecvOODrOODleOCq+ODoeODqeODh+OCuOOCv+ODq+OCq+ODoeODqeWutumbu+aZguioiOS4reWPpOOAgOOCveODleODiOOCouOCpuODiOODrOODg+ODiOS4reWPpOODjuODvOODiOODkeOCveOCs+ODs+S4reWPpOODkeOCveOCs+ODs+WQjeWPpOWxi+ecvOmPoeODq+ODjeODg+ODiCDjg6Hjgqzjg43jg4fjgqPjgrnjg5fjg6zjgqTjg5zjg7zjg4kg44OI44Oq44OX44Or44K/44Kk44OX77yI44Ki44Kk44Oc44Oq44O877yJTE5ULTFUIElWIChMTlQxVCk=,5ZCN5Y+k5bGL55y86Y+h44Or44ON44OD44OIIOODoeOCrOODjeODh+OCo+OCueODl+ODrOOCpOODnOODvOODiSDjg4jjg6rjg5fjg6vjgr/jgqTjg5fvvIjjgqLjgqTjg5zjg6rjg7zvvIlMTlQtMVQgSVYgKExOVDFUKQ==[rn]
7-31644,aHR0cDovL3RzaG9wLnIxMHMuanAvYWtpYmFtYWMvY2FiaW5ldC8wMzk1NDQ5MC9ub3dfcHJpbnRpbmcuZ2lmP2ZpdGluPTcwMDo3MDA=,MTM5Mi4wMDAw,,44OQ44OD44Kw44O75bCP54mp44O744OW44Op44Oz44OJ6ZuR6LKoID4g44Gd44Gu5LuW,T1VURE9PUuODkeOCueODneODvOODiOOCseODvOOCuSBPRDAyMSDjgqvjg7zjgq0gKE9EMDIxS0gp,,PHRhYmxlIGJvcmRlcj0iMCIgY2VsbHBhZGRpbmc9IjAiIGNlbGxzcGFjaW5nPSIwIiB3aWR0aD0iNzEwIiBzdHlsZT0ibGluZS1oZWlnaHQ6MTQwJTsiPjx0cj48dGQ+PGZvbnQgc2l6ZT0iMiI+44Ki44Km44OI44OJ44Ki44Gn5rCX6Lu944Gr5oyB44Gh6YGL44Gz44GM44Gn44GN44KL5qmf6IO95oCn5oqc576k44Gu44OR44K544Od44O844OI44Kx44O844K544Gn44GZ44CCPGJyPummluOBi+OCieS4i+OBkuOCieOCjOOBvuOBmeOBruOBp+i6q+WIhuiovOOBruaPkOekuuOChOWwj+mKreOBruWHuuOBl+WFpeOCjOetieODqeOCr+ODqeOCr+OBquOBruOBjOOCquOCueOCueODoeOBp+OBmeOAgjxicj48YnI+PC9mb250PjwvdGQ+PC90cj48L3RhYmxlPjxzdHlsZSB0eXBlPSJ0ZXh0L2NzcyI+CjwhLS0KLnJha3V0ZW4tY2FtcCB7Cgl3aWR0aDogNzI1cHg7Cglib3JkZXI6IDJweCBzb2xpZCAjMzM5OUZGOwoJcGFkZGluZy10b3A6IDVweDsKCS1tb3otYm9yZGVyLXJhZGl1czo0cHg7IC8qRmlyZWZveCovCgktd2Via2l0LWJvcmRlci1yYWRpdXM6IDRweDsgLypTYWZhcmksQ2hyb21lKi8KCWJvcmRlci1yYWRpdXM6NHB4OyAvKk9wZXJhLENocm9tZSovCgltYXJnaW46MCAxMHB4IDEwcHggMDsKfQoKLyog5L6h5qC844Gr5p6g57ea44GM44Gk44GPICovCnRhYmxlI3Jha3V0ZW5MaW1pdGVkSWRfY2FydCB7CiAgICBiYWNrZ3JvdW5kLWNvbG9yOiAjZjhmOGY4OwogICAgYm9yZGVyOiAxcHggc29saWQgI2RkZDsKICAgIHBhZGRpbmc6IDhweDsKICAgIG1hcmdpbjogMTZweCAwOwp9CgpzcGFuLnByaWNlMSB7CiAgICBjb2xvcjogIzMzMyAhaW1wb3J0YW50OwogICAgZm9udC13ZWlnaHQ6IGJvbGQ7CiAgICBmb250LXNpemU6IDgwJSAhaW1wb3J0YW50OwogICAgbGluZS1oZWlnaHQ6IDMwcHg7CiAgICBkaXNwbGF5OiBpbmxpbmUtYmxvY2s7CiAgICBtYXJnaW4tcmlnaHQ6IDE2cHg7Cn0KCi0tPgo8L3N0eWxlPgoKPCEtLeODkOODiuODvOOCqOODquOCoi0tPgoKPCEtLeOAkOa2iOOBmeOBqu+8geOAkeKYheKYheKYhSBoZWlnaHQ9IjM4MCIg44Gn6Kit5a6a44GX44Gm44GP44Gg44GV44GE44CC4piF4piF4piFLS0+CjwhLS3jg5Djg4rjg7zjgqjjg6rjgqLjgZPjgZPjgb7jgactLT4KCjwhLS3mpb3lpKnjgq3jg6Pjg7Pjg5rjg7zjg7MtLT4KCjxoMiBzdHlsZT0ibWFyZ2luOjIwcHggMCAxMHB4IDA7Ij48aW1nIHNyYz0iaHR0cDovL3d3dy5yYWt1dGVuLm5lLmpwL2dvbGQvYWtpYmFtYWMvZnJhbWUvaW1hZ2VzL3Jha3V0ZW5fdGl0bGUyLmdpZiIgYWx0PSLmpb3lpKnluILloLTjga7jgYrlvpfjgarjgq3jg6Pjg7Pjg5rjg7zjg7MiIHdpZHRoPSI3MzAiIGhlaWdodD0iNDIiIGJvcmRlcj0iMCI+PC9oMj4KPGRpdiBjbGFzcz0icmFrdXRlbi1jYW1wIiBzdHlsZT0ibWFyZ2luOjAgMCAwIDA7Ij4KCgo8IS0t5qW95aSp44Kt44Oj44Oz44Oa44O844OzQOOBk+OBk+OBvuOBpy0tPg==,T1VURE9PUuODkeOCueODneODvOODiOOCseODvOOCuSBPRDAyMSDjgqvjg7zjgq0gKE9EMDIxS0gp77ya44K944OV44Oe44OD44OX44CA44OH44K444K/44Or44Kz44Os44Kv44K344On44Oz,44K944OV44Oe44OD44OXIOODh+OCuOOCv+ODq+OCs+ODrOOCr+OCt+ODp+ODs1NvZm1hcCBEaWdpdGFsIENvbGxlY3Rpb27jg5Hjgr3jgrPjg7Pjgr/jg5bjg6zjg4Pjg4hQQ0hEROOCouOCu+ODs+ODluODquODkeODvOODhOODkeOCveOCs+ODs+ODkeODvOODhOODhuODrOODk+OCsuODvOODoOODluODq+ODvOODrOOCpOOCveODleODiERWROOCveODleODiOa2suaZtuODhuODrOODk+ODluODq+ODvOODrOOCpOODh+OCo+OCueOCr+ODrOOCs+ODvOODgOODvOODh+OCuOOCv+ODq+S4gOecvOODrOODleOCq+ODoeODqeODh+OCuOOCv+ODq+OCq+ODoeODqeWutumbu+aZguioiOS4reWPpOOAgOOCveODleODiOOCouOCpuODiOODrOODg+ODiOS4reWPpOODjuODvOODiOODkeOCveOCs+ODs+S4reWPpOODkeOCveOCs+ODs09VVERPT1Ljg5Hjgrnjg53jg7zjg4jjgrHjg7zjgrkgT0QwMjEg44Kr44O844KtIChPRDAyMUtIKQ==,T1VURE9PUuODkeOCueODneODvOODiOOCseODvOOCuSBPRDAyMSDjgqvjg7zjgq0gKE9EMDIxS0gp[rn]
7-31645,aHR0cDovL3RzaG9wLnIxMHMuanAvYWtpYmFtYWMvY2FiaW5ldC8wNDk5MjQwOS80NTE3OTU4MDY4MDkwLmpwZz9maXRpbj03MDA6NzAw,NTA0LjAwMDA=,,44OQ44OD44Kw44O75bCP54mp44O744OW44Op44Oz44OJ6ZuR6LKoID4g44Gd44Gu5LuW,44OL44K344Og44Op5Yqb5a2m44OR44OD44OIRyBSMTQxLTY1MCAo776Y77237722776e7724776K776f772v776ERyk=,,PHRhYmxlIGJvcmRlcj0iMCIgY2VsbHBhZGRpbmc9IjAiIGNlbGxzcGFjaW5nPSIwIiB3aWR0aD0iNzEwIiBzdHlsZT0ibGluZS1oZWlnaHQ6MTQwJTsiPjx0cj48dGQ+PGZvbnQgc2l6ZT0iMiI+55uu6aCt44Gu6LKg5ouF44GM5bCR44Gq44GE55ay44KM44Gr44GP44GE44OR44OD44OI44CCPGJyPuWbnui7ouS4reW/g+OBi+OCieS4i+mDqOOBrumdouepjeOCkuWNgeWIhueiuuS/neOBl+OBpuOBhOOCi+OBruOBp+OAgeearuiGmuOBq+OBi+OBi+OCi+iNt+mHjeOChOebrumgreS7mOi/keOBuOOBruiyoOaLheOBjOWwkeOBquOBj+eWsuOCjOOBq+OBj+OBhOioreioiOOBp+OBmeOAgjxicj48YnI+4pag6KO95ZOB5LuV5qeY4pagPGJyPuOAkOOCteOCpOOCuuOAkTE1w5c4bW08YnI+PGJyPjwvZm9udD48L3RkPjwvdHI+PC90YWJsZT48c3R5bGUgdHlwZT0idGV4dC9jc3MiPgo8IS0tCi5yYWt1dGVuLWNhbXAgewoJd2lkdGg6IDcyNXB4OwoJYm9yZGVyOiAycHggc29saWQgIzMzOTlGRjsKCXBhZGRpbmctdG9wOiA1cHg7CgktbW96LWJvcmRlci1yYWRpdXM6NHB4OyAvKkZpcmVmb3gqLwoJLXdlYmtpdC1ib3JkZXItcmFkaXVzOiA0cHg7IC8qU2FmYXJpLENocm9tZSovCglib3JkZXItcmFkaXVzOjRweDsgLypPcGVyYSxDaHJvbWUqLwoJbWFyZ2luOjAgMTBweCAxMHB4IDA7Cn0KCi8qIOS+oeagvOOBq+aeoOe3muOBjOOBpOOBjyAqLwp0YWJsZSNyYWt1dGVuTGltaXRlZElkX2NhcnQgewogICAgYmFja2dyb3VuZC1jb2xvcjogI2Y4ZjhmODsKICAgIGJvcmRlcjogMXB4IHNvbGlkICNkZGQ7CiAgICBwYWRkaW5nOiA4cHg7CiAgICBtYXJnaW46IDE2cHggMDsKfQoKc3Bhbi5wcmljZTEgewogICAgY29sb3I6ICMzMzMgIWltcG9ydGFudDsKICAgIGZvbnQtd2VpZ2h0OiBib2xkOwogICAgZm9udC1zaXplOiA4MCUgIWltcG9ydGFudDsKICAgIGxpbmUtaGVpZ2h0OiAzMHB4OwogICAgZGlzcGxheTogaW5saW5lLWJsb2NrOwogICAgbWFyZ2luLXJpZ2h0OiAxNnB4Owp9CgotLT4KPC9zdHlsZT4KCjwhLS3jg5Djg4rjg7zjgqjjg6rjgqItLT4KCjwhLS3jgJDmtojjgZnjgarvvIHjgJHimIXimIXimIUgaGVpZ2h0PSIzODAiIOOBp+ioreWumuOBl+OBpuOBj+OBoOOBleOBhOOAguKYheKYheKYhS0tPgo8IS0t44OQ44OK44O844Ko44Oq44Ki44GT44GT44G+44GnLS0+Cgo8IS0t5qW95aSp44Kt44Oj44Oz44Oa44O844OzLS0+Cgo8aDIgc3R5bGU9Im1hcmdpbjoyMHB4IDAgMTBweCAwOyI+PGltZyBzcmM9Imh0dHA6Ly93d3cucmFrdXRlbi5uZS5qcC9nb2xkL2FraWJhbWFjL2ZyYW1lL2ltYWdlcy9yYWt1dGVuX3RpdGxlMi5naWYiIGFsdD0i5qW95aSp5biC5aC044Gu44GK5b6X44Gq44Kt44Oj44Oz44Oa44O844OzIiB3aWR0aD0iNzMwIiBoZWlnaHQ9IjQyIiBib3JkZXI9IjAiPjwvaDI+CjxkaXYgY2xhc3M9InJha3V0ZW4tY2FtcCIgc3R5bGU9Im1hcmdpbjowIDAgMCAwOyI+CgoKPCEtLealveWkqeOCreODo+ODs+ODmuODvOODs0DjgZPjgZPjgb7jgactLT4=,44OL44K344Og44Op5Yqb5a2m44OR44OD44OIRyBSMTQxLTY1MCAo776Y77237722776e7724776K776f772v776ERynvvJrjgr3jg5Xjg57jg4Pjg5fjgIDjg4fjgrjjgr/jg6vjgrPjg6zjgq/jgrfjg6fjg7M=,44K944OV44Oe44OD44OXIOODh+OCuOOCv+ODq+OCs+ODrOOCr+OCt+ODp+ODs1NvZm1hcCBEaWdpdGFsIENvbGxlY3Rpb27jg5Hjgr3jgrPjg7Pjgr/jg5bjg6zjg4Pjg4hQQ0hEROOCouOCu+ODs+ODluODquODkeODvOODhOODkeOCveOCs+ODs+ODkeODvOODhOODhuODrOODk+OCsuODvOODoOODluODq+ODvOODrOOCpOOCveODleODiERWROOCveODleODiOa2suaZtuODhuODrOODk+ODluODq+ODvOODrOOCpOODh+OCo+OCueOCr+ODrOOCs+ODvOODgOODvOODh+OCuOOCv+ODq+S4gOecvOODrOODleOCq+ODoeODqeODh+OCuOOCv+ODq+OCq+ODoeODqeWutumbu+aZguioiOS4reWPpOOAgOOCveODleODiOOCouOCpuODiOODrOODg+ODiOS4reWPpOODjuODvOODiOODkeOCveOCs+ODs+S4reWPpOODkeOCveOCs+ODs+ODi+OCt+ODoOODqeWKm+WtpuODkeODg+ODiEcgUjE0MS02NTAgKO++mO+9t++9tu++nu+9uO++iu++n++9r+++hEcp,44OL44K344Og44Op5Yqb5a2m44OR44OD44OIRyBSMTQxLTY1MCAo776Y77237722776e7724776K776f772v776ERyk=[rn]
7-31646,aHR0cDovL3RzaG9wLnIxMHMuanAvYWtpYmFtYWMvY2FiaW5ldC8wNDk5MjQwOS80OTMwMzQ0NTQzMDIzLmpwZz9maXRpbj03MDA6NzAw,MTk0NC4wMDAw,,44OQ44OD44Kw44O75bCP54mp44O744OW44Op44Oz44OJ6ZuR6LKoID4g44Gd44Gu5LuW,5ZCN5Y+k5bGL55y86Y+h44Or44ON44OD44OIIOODoeOCrOODjeODh+OCo+OCueODl+ODrOOCpOODnOODvOODiSDjg4jjg6rjg5fjg6vjgr/jgqTjg5fvvIjjgrTjg7zjg6vjg4nvvIlMTlQtMVQgR0QgKExOVDFUKQ==,,PHRhYmxlIGJvcmRlcj0iMCIgY2VsbHBhZGRpbmc9IjAiIGNlbGxzcGFjaW5nPSIwIiB3aWR0aD0iNzEwIiBzdHlsZT0ibGluZS1oZWlnaHQ6MTQwJTsiPjx0cj48dGQ+PGZvbnQgc2l6ZT0iMiI+44GC44Gq44Gf44Gu44Oh44Ks44ON44GM44Kk44Oz44OG44Oq44Ki44Gr5aSn5aSJ6Lqr77yB44Ki44Kv44K744K144Oq44O844Gu5Y+O57SN44Gr44KC77yBPGJyPuOBiuawl+OBq+WFpeOCiuOBruODoeOCrOODjeOCkuOBiuOBl+OCg+OCjOOAgeOBi+OBpOOCueODnuODvOODiOOBq+WPjue0jeOBp+OBjeOCi+ODh+OCo+OCueODl+ODrOOCpOODnOODvOODieOBp+OBmeOAgjxicj48YnI+44K044Og44Gn44Gy44Gj44GL44GR44KL44Gg44GR44Gu5LuV57WE44G/44Gq44Gu44Gn44CB5o6b44GR5aSW44GX44KC57Ch5Y2Y44CC5pmu5q615L2/44GE44Gu55y86Y+h44Gr44KC5L2/44GI44G+44GZ44CCPGJyPue9ruaOm+S4oeeUqOOBquOBruOBp+iHquWIhuOBruOBiumDqOWxi+OBq+WQiOOCj+OBm+OBpuODh+OCo+OCueODl+ODrOOCpOOBjOOBp+OBjeOBvuOBmeOAgjxicj48YnI+4pag6KO95ZOB5LuV5qeY4pagPGJyPuOAkOOCteOCpOOCuuOAkVcxOTXDl0gyNTDDl0QxNW1tPGJyPjxicj7jgJDkuLvmnZDjgJHjg53jg6rjgrnjg4Hjg6zjg7PjgIHjg5XjgqHjgqTjg5Djg7zjg5zjg7zjg4njgIHluIPjgIHjgrnjg4Hjg7zjg6vvvIjlsILnlKjjgrnjgr/jg7Pjg4nvvIk8YnI+PGJyPuOAkOaeoOOAkeOCtOODvOODq+ODiTxicj48YnI+44CQ55Sf5Zyw44CR44OW44Op44OD44KvPGJyPjxicj48L2ZvbnQ+PC90ZD48L3RyPjwvdGFibGU+PHN0eWxlIHR5cGU9InRleHQvY3NzIj4KPCEtLQoucmFrdXRlbi1jYW1wIHsKCXdpZHRoOiA3MjVweDsKCWJvcmRlcjogMnB4IHNvbGlkICMzMzk5RkY7CglwYWRkaW5nLXRvcDogNXB4OwoJLW1vei1ib3JkZXItcmFkaXVzOjRweDsgLypGaXJlZm94Ki8KCS13ZWJraXQtYm9yZGVyLXJhZGl1czogNHB4OyAvKlNhZmFyaSxDaHJvbWUqLwoJYm9yZGVyLXJhZGl1czo0cHg7IC8qT3BlcmEsQ2hyb21lKi8KCW1hcmdpbjowIDEwcHggMTBweCAwOwp9CgovKiDkvqHmoLzjgavmnqDnt5rjgYzjgaTjgY8gKi8KdGFibGUjcmFrdXRlbkxpbWl0ZWRJZF9jYXJ0IHsKICAgIGJhY2tncm91bmQtY29sb3I6ICNmOGY4Zjg7CiAgICBib3JkZXI6IDFweCBzb2xpZCAjZGRkOwogICAgcGFkZGluZzogOHB4OwogICAgbWFyZ2luOiAxNnB4IDA7Cn0KCnNwYW4ucHJpY2UxIHsKICAgIGNvbG9yOiAjMzMzICFpbXBvcnRhbnQ7CiAgICBmb250LXdlaWdodDogYm9sZDsKICAgIGZvbnQtc2l6ZTogODAlICFpbXBvcnRhbnQ7CiAgICBsaW5lLWhlaWdodDogMzBweDsKICAgIGRpc3BsYXk6IGlubGluZS1ibG9jazsKICAgIG1hcmdpbi1yaWdodDogMTZweDsKfQoKLS0+Cjwvc3R5bGU+Cgo8IS0t44OQ44OK44O844Ko44Oq44KiLS0+Cgo8IS0t44CQ5raI44GZ44Gq77yB44CR4piF4piF4piFIGhlaWdodD0iMzgwIiDjgafoqK3lrprjgZfjgabjgY/jgaDjgZXjgYTjgILimIXimIXimIUtLT4KPCEtLeODkOODiuODvOOCqOODquOCouOBk+OBk+OBvuOBpy0tPgoKPCEtLealveWkqeOCreODo+ODs+ODmuODvOODsy0tPgoKPGgyIHN0eWxlPSJtYXJnaW46MjBweCAwIDEwcHggMDsiPjxpbWcgc3JjPSJodHRwOi8vd3d3LnJha3V0ZW4ubmUuanAvZ29sZC9ha2liYW1hYy9mcmFtZS9pbWFnZXMvcmFrdXRlbl90aXRsZTIuZ2lmIiBhbHQ9IualveWkqeW4guWgtOOBruOBiuW+l+OBquOCreODo+ODs+ODmuODvOODsyIgd2lkdGg9IjczMCIgaGVpZ2h0PSI0MiIgYm9yZGVyPSIwIj48L2gyPgo8ZGl2IGNsYXNzPSJyYWt1dGVuLWNhbXAiIHN0eWxlPSJtYXJnaW46MCAwIDAgMDsiPgoKCjwhLS3mpb3lpKnjgq3jg6Pjg7Pjg5rjg7zjg7NA44GT44GT44G+44GnLS0+,5ZCN5Y+k5bGL55y86Y+h44Or44ON44OD44OIIOODoeOCrOODjeODh+OCo+OCueODl+ODrOOCpOODnOODvOODiSDjg4jjg6rjg5fjg6vjgr/jgqTjg5fvvIjjgrTjg7zjg6vjg4nvvIlMTlQtMVQgR0QgKExOVDFUKe+8muOCveODleODnuODg+ODl+OAgOODh+OCuOOCv+ODq+OCs+ODrOOCr+OCt+ODp+ODsw==,44K944OV44Oe44OD44OXIOODh+OCuOOCv+ODq+OCs+ODrOOCr+OCt+ODp+ODs1NvZm1hcCBEaWdpdGFsIENvbGxlY3Rpb27jg5Hjgr3jgrPjg7Pjgr/jg5bjg6zjg4Pjg4hQQ0hEROOCouOCu+ODs+ODluODquODkeODvOODhOODkeOCveOCs+ODs+ODkeODvOODhOODhuODrOODk+OCsuODvOODoOODluODq+ODvOODrOOCpOOCveODleODiERWROOCveODleODiOa2suaZtuODhuODrOODk+ODluODq+ODvOODrOOCpOODh+OCo+OCueOCr+ODrOOCs+ODvOODgOODvOODh+OCuOOCv+ODq+S4gOecvOODrOODleOCq+ODoeODqeODh+OCuOOCv+ODq+OCq+ODoeODqeWutumbu+aZguioiOS4reWPpOOAgOOCveODleODiOOCouOCpuODiOODrOODg+ODiOS4reWPpOODjuODvOODiOODkeOCveOCs+ODs+S4reWPpOODkeOCveOCs+ODs+WQjeWPpOWxi+ecvOmPoeODq+ODjeODg+ODiCDjg6Hjgqzjg43jg4fjgqPjgrnjg5fjg6zjgqTjg5zjg7zjg4kg44OI44Oq44OX44Or44K/44Kk44OX77yI44K044O844Or44OJ77yJTE5ULTFUIEdEIChMTlQxVCk=,5ZCN5Y+k5bGL55y86Y+h44Or44ON44OD44OIIOODoeOCrOODjeODh+OCo+OCueODl+ODrOOCpOODnOODvOODiSDjg4jjg6rjg5fjg6vjgr/jgqTjg5fvvIjjgrTjg7zjg6vjg4nvvIlMTlQtMVQgR0QgKExOVDFUKQ==[rn]
7-31647,aHR0cDovL3RzaG9wLnIxMHMuanAvYWtpYmFtYWMvY2FiaW5ldC8wNTI1NDUzOS80NTYwMTk0NTQ4NTI5LmpwZz9maXRpbj03MDA6NzAw,MTI2NC4wMDAw,,44OQ44OD44Kw44O75bCP54mp44O744OW44Op44Oz44OJ6ZuR6LKoID4g44Gd44Gu5LuW,44K544K/44K444Kq44Ko44OMQUxJRkUg44OP44OD44OU44O844OV44Op44Kk44OI44O744OR44K544Od44O844OI44Kr44OQ44O844O744OX44Op44K5IFNOQ0YtMDcyLTUg44Os44OD44OJIChTTkNGMDcyNSk=,,PHRhYmxlIGJvcmRlcj0iMCIgY2VsbHBhZGRpbmc9IjAiIGNlbGxzcGFjaW5nPSIwIiB3aWR0aD0iNzEwIiBzdHlsZT0ibGluZS1oZWlnaHQ6MTQwJTsiPjx0cj48dGQ+PGZvbnQgc2l6ZT0iMiI+4pag6I2354mp44Gu44K/44Kw44Gu5Y2K5Yi444KS6LK844KL44OX44Os44O844OI44Go44Od44Kx44OD44OI44GM44Gk44GE44Gm44OH44K244Kk44Oz5oCn44Go5Yip5L6/5oCn44GM5aKX44GX44GfPGJyPuKAneODj+ODg+ODlOODvOODleODqeOCpOODiOODu+ODkeOCueODneODvOODiOOCq+ODkOODvOODu+ODl+ODqeOCueKAneOAgjxicj48YnI+PC9mb250PjwvdGQ+PC90cj48L3RhYmxlPjx0YWJsZSBjZWxsc3BhY2luZz0iMCIgY2VsbHBhZGRpbmc9IjQiIGJvcmRlcj0iMSIgd2lkdGg9IjcxMCIgYm9yZGVyY29sb3I9IiNjY2NjY2MiPjx0cj48dGQgd2lkdGg9IjE4MCIgYmdjb2xvcj0iI2VmZWZlZiI+PGZvbnQgc2l6ZT0iMiI+44K344Oq44O844K65ZCNL+aEm+ensDwvZm9udD48L3RkPjx0ZCB3aWR0aD0iNTMwIj48Zm9udCBzaXplPSIyIj5BTElGRe+8iOOCouODquODle+8iTwvZm9udD48L3RkPjwvdHI+PHRyPjx0ZCB3aWR0aD0iMTgwIiBiZ2NvbG9yPSIjZWZlZmVmIj48Zm9udCBzaXplPSIyIj7oibI8L2ZvbnQ+PC90ZD48dGQgd2lkdGg9IjUzMCI+PGZvbnQgc2l6ZT0iMiI+44Os44OD44OJPC9mb250PjwvdGQ+PC90cj48dHI+PHRkIHdpZHRoPSIxODAiIGJnY29sb3I9IiNlZmVmZWYiPjxmb250IHNpemU9IjIiPuacrOS9k+OCteOCpOOCuihIw5dXw5dEKW1tPC9mb250PjwvdGQ+PHRkIHdpZHRoPSI1MzAiPjxmb250IHNpemU9IjIiPjEzNsOXMTAzw5c2bW08L2ZvbnQ+PC90ZD48L3RyPjx0cj48dGQgd2lkdGg9IjE4MCIgYmdjb2xvcj0iI2VmZWZlZiI+PGZvbnQgc2l6ZT0iMiI+56iu6aGePC9mb250PjwvdGQ+PHRkIHdpZHRoPSI1MzAiPjxmb250IHNpemU9IjIiPuOCseODvOOCueODu+ODkOODg+OCsOmWoumAo+eUqOWTgTwvZm9udD48L3RkPjwvdHI+PHRyPjx0ZCB3aWR0aD0iMTgwIiBiZ2NvbG9yPSIjZWZlZmVmIj48Zm9udCBzaXplPSIyIj7mnZDos6o8L2ZvbnQ+PC90ZD48dGQgd2lkdGg9IjUzMCI+PGZvbnQgc2l6ZT0iMiI+UFZD44Ko44OK44Oh44OrPC9mb250PjwvdGQ+PC90cj48L3RhYmxlPjxzdHlsZSB0eXBlPSJ0ZXh0L2NzcyI+CjwhLS0KLnJha3V0ZW4tY2FtcCB7Cgl3aWR0aDogNzI1cHg7Cglib3JkZXI6IDJweCBzb2xpZCAjMzM5OUZGOwoJcGFkZGluZy10b3A6IDVweDsKCS1tb3otYm9yZGVyLXJhZGl1czo0cHg7IC8qRmlyZWZveCovCgktd2Via2l0LWJvcmRlci1yYWRpdXM6IDRweDsgLypTYWZhcmksQ2hyb21lKi8KCWJvcmRlci1yYWRpdXM6NHB4OyAvKk9wZXJhLENocm9tZSovCgltYXJnaW46MCAxMHB4IDEwcHggMDsKfQoKLyog5L6h5qC844Gr5p6g57ea44GM44Gk44GPICovCnRhYmxlI3Jha3V0ZW5MaW1pdGVkSWRfY2FydCB7CiAgICBiYWNrZ3JvdW5kLWNvbG9yOiAjZjhmOGY4OwogICAgYm9yZGVyOiAxcHggc29saWQgI2RkZDsKICAgIHBhZGRpbmc6IDhweDsKICAgIG1hcmdpbjogMTZweCAwOwp9CgpzcGFuLnByaWNlMSB7CiAgICBjb2xvcjogIzMzMyAhaW1wb3J0YW50OwogICAgZm9udC13ZWlnaHQ6IGJvbGQ7CiAgICBmb250LXNpemU6IDgwJSAhaW1wb3J0YW50OwogICAgbGluZS1oZWlnaHQ6IDMwcHg7CiAgICBkaXNwbGF5OiBpbmxpbmUtYmxvY2s7CiAgICBtYXJnaW4tcmlnaHQ6IDE2cHg7Cn0KCi0tPgo8L3N0eWxlPgoKPCEtLeODkOODiuODvOOCqOODquOCoi0tPgoKPCEtLeOAkOa2iOOBmeOBqu+8geOAkeKYheKYheKYhSBoZWlnaHQ9IjM4MCIg44Gn6Kit5a6a44GX44Gm44GP44Gg44GV44GE44CC4piF4piF4piFLS0+CjwhLS3jg5Djg4rjg7zjgqjjg6rjgqLjgZPjgZPjgb7jgactLT4KCjwhLS3mpb3lpKnjgq3jg6Pjg7Pjg5rjg7zjg7MtLT4KCjxoMiBzdHlsZT0ibWFyZ2luOjIwcHggMCAxMHB4IDA7Ij48aW1nIHNyYz0iaHR0cDovL3d3dy5yYWt1dGVuLm5lLmpwL2dvbGQvYWtpYmFtYWMvZnJhbWUvaW1hZ2VzL3Jha3V0ZW5fdGl0bGUyLmdpZiIgYWx0PSLmpb3lpKnluILloLTjga7jgYrlvpfjgarjgq3jg6Pjg7Pjg5rjg7zjg7MiIHdpZHRoPSI3MzAiIGhlaWdodD0iNDIiIGJvcmRlcj0iMCI+PC9oMj4KPGRpdiBjbGFzcz0icmFrdXRlbi1jYW1wIiBzdHlsZT0ibWFyZ2luOjAgMCAwIDA7Ij4KCgo8IS0t5qW95aSp44Kt44Oj44Oz44Oa44O844OzQOOBk+OBk+OBvuOBpy0tPg==,44K544K/44K444Kq44Ko44OMQUxJRkUg44OP44OD44OU44O844OV44Op44Kk44OI44O744OR44K544Od44O844OI44Kr44OQ44O844O744OX44Op44K5IFNOQ0YtMDcyLTUg44Os44OD44OJIChTTkNGMDcyNSnvvJrjgr3jg5Xjg57jg4Pjg5fjgIDjg4fjgrjjgr/jg6vjgrPjg6zjgq/jgrfjg6fjg7M=,44K944OV44Oe44OD44OXIOODh+OCuOOCv+ODq+OCs+ODrOOCr+OCt+ODp+ODs1NvZm1hcCBEaWdpdGFsIENvbGxlY3Rpb27jg5Hjgr3jgrPjg7Pjgr/jg5bjg6zjg4Pjg4hQQ0hEROOCouOCu+ODs+ODluODquODkeODvOODhOODkeOCveOCs+ODs+ODkeODvOODhOODhuODrOODk+OCsuODvOODoOODluODq+ODvOODrOOCpOOCveODleODiERWROOCveODleODiOa2suaZtuODhuODrOODk+ODluODq+ODvOODrOOCpOODh+OCo+OCueOCr+ODrOOCs+ODvOODgOODvOODh+OCuOOCv+ODq+S4gOecvOODrOODleOCq+ODoeODqeODh+OCuOOCv+ODq+OCq+ODoeODqeWutumbu+aZguioiOS4reWPpOOAgOOCveODleODiOOCouOCpuODiOODrOODg+ODiOS4reWPpOODjuODvOODiOODkeOCveOCs+ODs+S4reWPpOODkeOCveOCs+ODs+OCueOCv+OCuOOCquOCqOODjEFMSUZFIOODj+ODg+ODlOODvOODleODqeOCpOODiOODu+ODkeOCueODneODvOODiOOCq+ODkOODvOODu+ODl+ODqeOCuSBTTkNGLTA3Mi01IOODrOODg+ODiSAoU05DRjA3MjUp,44K544K/44K444Kq44Ko44OMQUxJRkUg44OP44OD44OU44O844OV44Op44Kk44OI44O744OR44K544Od44O844OI44Kr44OQ44O844O744OX44Op44K5IFNOQ0YtMDcyLTUg44Os44OD44OJIChTTkNGMDcyNSk=[rn]
7-31648,aHR0cDovL3RzaG9wLnIxMHMuanAvYWtpYmFtYWMvY2FiaW5ldC8wNDk5MTc1Ny80OTU3NzQ1ODM5Njc4LmpwZz9maXRpbj03MDA6NzAw,NjcyLjAwMDA=,,44OQ44OD44Kw44O75bCP54mp44O744OW44Op44Oz44OJ6ZuR6LKoID4g44Gd44Gu5LuW,44OR44O844Or44KB44GM44Gt77yG44K544Oe44Ob44K544K/44Oz44OJ77yI44Ov44Kk44Oz77yJV0k=,,PHRhYmxlIGJvcmRlcj0iMCIgY2VsbHBhZGRpbmc9IjAiIGNlbGxzcGFjaW5nPSIwIiB3aWR0aD0iNzEwIiBzdHlsZT0ibGluZS1oZWlnaHQ6MTQwJTsiPjx0cj48dGQ+PGZvbnQgc2l6ZT0iMiI+44K544Oe44Ob44KC5YWl44Gj44Gm5L6/5Yip44Gq44Oh44Ks44ON44K544K/44Oz44OJ44CCPGJyPjxicj48L2ZvbnQ+PC90ZD48L3RyPjwvdGFibGU+PHRhYmxlIGNlbGxzcGFjaW5nPSIwIiBjZWxscGFkZGluZz0iNCIgYm9yZGVyPSIxIiB3aWR0aD0iNzEwIiBib3JkZXJjb2xvcj0iI2NjY2NjYyI+PHRyPjx0ZCB3aWR0aD0iMTgwIiBiZ2NvbG9yPSIjZWZlZmVmIj48Zm9udCBzaXplPSIyIj7oibI8L2ZvbnQ+PC90ZD48dGQgd2lkdGg9IjUzMCI+PGZvbnQgc2l6ZT0iMiI+V0k8L2ZvbnQ+PC90ZD48L3RyPjx0cj48dGQgd2lkdGg9IjE4MCIgYmdjb2xvcj0iI2VmZWZlZiI+PGZvbnQgc2l6ZT0iMiI+5pys5L2T44K144Kk44K6KEjDl1fDl0QpIG1tPC9mb250PjwvdGQ+PHRkIHdpZHRoPSI1MzAiPjxmb250IHNpemU9IjIiPuWkluWvuO+8iOe0hO+8ie+8mlc5NcOXRDgww5dIMTEwbW08L2ZvbnQ+PC90ZD48L3RyPjx0cj48dGQgd2lkdGg9IjE4MCIgYmdjb2xvcj0iI2VmZWZlZiI+PGZvbnQgc2l6ZT0iMiI+5pys5L2T6YeN6YePPC9mb250PjwvdGQ+PHRkIHdpZHRoPSI1MzAiPjxmb250IHNpemU9IjIiPjE3N2c8L2ZvbnQ+PC90ZD48L3RyPjx0cj48dGQgd2lkdGg9IjE4MCIgYmdjb2xvcj0iI2VmZWZlZiI+PGZvbnQgc2l6ZT0iMiI+57Sg5p2QPC9mb250PjwvdGQ+PHRkIHdpZHRoPSI1MzAiPjxmb250IHNpemU9IjIiPuOCueODgeODvOODoDwvZm9udD48L3RkPjwvdHI+PHRyPjx0ZCB3aWR0aD0iMTgwIiBiZ2NvbG9yPSIjZWZlZmVmIj48Zm9udCBzaXplPSIyIj7lhoXosrzjgoo8L2ZvbnQ+PC90ZD48dGQgd2lkdGg9IjUzMCI+PGZvbnQgc2l6ZT0iMiI+44OZ44O844K444OlPC9mb250PjwvdGQ+PC90cj48L3RhYmxlPjxzdHlsZSB0eXBlPSJ0ZXh0L2NzcyI+CjwhLS0KLnJha3V0ZW4tY2FtcCB7Cgl3aWR0aDogNzI1cHg7Cglib3JkZXI6IDJweCBzb2xpZCAjMzM5OUZGOwoJcGFkZGluZy10b3A6IDVweDsKCS1tb3otYm9yZGVyLXJhZGl1czo0cHg7IC8qRmlyZWZveCovCgktd2Via2l0LWJvcmRlci1yYWRpdXM6IDRweDsgLypTYWZhcmksQ2hyb21lKi8KCWJvcmRlci1yYWRpdXM6NHB4OyAvKk9wZXJhLENocm9tZSovCgltYXJnaW46MCAxMHB4IDEwcHggMDsKfQoKLyog5L6h5qC844Gr5p6g57ea44GM44Gk44GPICovCnRhYmxlI3Jha3V0ZW5MaW1pdGVkSWRfY2FydCB7CiAgICBiYWNrZ3JvdW5kLWNvbG9yOiAjZjhmOGY4OwogICAgYm9yZGVyOiAxcHggc29saWQgI2RkZDsKICAgIHBhZGRpbmc6IDhweDsKICAgIG1hcmdpbjogMTZweCAwOwp9CgpzcGFuLnByaWNlMSB7CiAgICBjb2xvcjogIzMzMyAhaW1wb3J0YW50OwogICAgZm9udC13ZWlnaHQ6IGJvbGQ7CiAgICBmb250LXNpemU6IDgwJSAhaW1wb3J0YW50OwogICAgbGluZS1oZWlnaHQ6IDMwcHg7CiAgICBkaXNwbGF5OiBpbmxpbmUtYmxvY2s7CiAgICBtYXJnaW4tcmlnaHQ6IDE2cHg7Cn0KCi0tPgo8L3N0eWxlPgoKPCEtLeODkOODiuODvOOCqOODquOCoi0tPgoKPCEtLeOAkOa2iOOBmeOBqu+8geOAkeKYheKYheKYhSBoZWlnaHQ9IjM4MCIg44Gn6Kit5a6a44GX44Gm44GP44Gg44GV44GE44CC4piF4piF4piFLS0+CjwhLS3jg5Djg4rjg7zjgqjjg6rjgqLjgZPjgZPjgb7jgactLT4KCjwhLS3mpb3lpKnjgq3jg6Pjg7Pjg5rjg7zjg7MtLT4KCjxoMiBzdHlsZT0ibWFyZ2luOjIwcHggMCAxMHB4IDA7Ij48aW1nIHNyYz0iaHR0cDovL3d3dy5yYWt1dGVuLm5lLmpwL2dvbGQvYWtpYmFtYWMvZnJhbWUvaW1hZ2VzL3Jha3V0ZW5fdGl0bGUyLmdpZiIgYWx0PSLmpb3lpKnluILloLTjga7jgYrlvpfjgarjgq3jg6Pjg7Pjg5rjg7zjg7MiIHdpZHRoPSI3MzAiIGhlaWdodD0iNDIiIGJvcmRlcj0iMCI+PC9oMj4KPGRpdiBjbGFzcz0icmFrdXRlbi1jYW1wIiBzdHlsZT0ibWFyZ2luOjAgMCAwIDA7Ij4KCgo8IS0t5qW95aSp44Kt44Oj44Oz44Oa44O844OzQOOBk+OBk+OBvuOBpy0tPg==,44OR44O844Or44KB44GM44Gt77yG44K544Oe44Ob44K544K/44Oz44OJ77yI44Ov44Kk44Oz77yJV0nvvJrjgr3jg5Xjg57jg4Pjg5fjgIDjg4fjgrjjgr/jg6vjgrPjg6zjgq/jgrfjg6fjg7M=,44K944OV44Oe44OD44OXIOODh+OCuOOCv+ODq+OCs+ODrOOCr+OCt+ODp+ODs1NvZm1hcCBEaWdpdGFsIENvbGxlY3Rpb27jg5Hjgr3jgrPjg7Pjgr/jg5bjg6zjg4Pjg4hQQ0hEROOCouOCu+ODs+ODluODquODkeODvOODhOODkeOCveOCs+ODs+ODkeODvOODhOODhuODrOODk+OCsuODvOODoOODluODq+ODvOODrOOCpOOCveODleODiERWROOCveODleODiOa2suaZtuODhuODrOODk+ODluODq+ODvOODrOOCpOODh+OCo+OCueOCr+ODrOOCs+ODvOODgOODvOODh+OCuOOCv+ODq+S4gOecvOODrOODleOCq+ODoeODqeODh+OCuOOCv+ODq+OCq+ODoeODqeWutumbu+aZguioiOS4reWPpOOAgOOCveODleODiOOCouOCpuODiOODrOODg+ODiOS4reWPpOODjuODvOODiOODkeOCveOCs+ODs+S4reWPpOODkeOCveOCs+ODs+ODkeODvOODq+OCgeOBjOOBre+8huOCueODnuODm+OCueOCv+ODs+ODie+8iOODr+OCpOODs++8iVdJ,44OR44O844Or44KB44GM44Gt77yG44K544Oe44Ob44K544K/44Oz44OJ77yI44Ov44Kk44Oz77yJV0k=[rn]
7-31649,aHR0cDovL3RzaG9wLnIxMHMuanAvYWtpYmFtYWMvY2FiaW5ldC8wNTI1NDUzOS80NTYwMTk0NTQ1Njk2LmpwZz9maXRpbj03MDA6NzAw,MTAyNC4wMDAw,,44OQ44OD44Kw44O75bCP54mp44O744OW44Op44Oz44OJ6ZuR6LKoID4g44Gd44Gu5LuW,44K544K/44K444Kq44Ko44OMQUxJRkUg44OP44OD44OU44O844OV44Op44Kk44OIIOODqeOCsuODvOOCuCDjg53jg7zjgr/jg7wgU05DRi0wNTItOCDjgrDjg6zjg7wgKFNOQ0YwNTI4KQ==,,PHRhYmxlIGJvcmRlcj0iMCIgY2VsbHBhZGRpbmc9IjAiIGNlbGxzcGFjaW5nPSIwIiB3aWR0aD0iNzEwIiBzdHlsZT0ibGluZS1oZWlnaHQ6MTQwJTsiPjx0cj48dGQ+PGZvbnQgc2l6ZT0iMiI+4pag44Kt44Oj44Oq44O844OQ44OD44Kw44Gr6I2354mp44KS44Gk44GR44Gf44KK44CB44GP44GP44KK44Gk44GR44Gf44KK44CB5peF6KGM44Gr5L6/5Yip44Gq4oCd44OP44OD44OU44O844OV44Op44Kk44OI44Op44Ky44O844K444Od44O844K/44O84oCdPGJyPjxicj48L2ZvbnQ+PC90ZD48L3RyPjwvdGFibGU+PHRhYmxlIGNlbGxzcGFjaW5nPSIwIiBjZWxscGFkZGluZz0iNCIgYm9yZGVyPSIxIiB3aWR0aD0iNzEwIiBib3JkZXJjb2xvcj0iI2NjY2NjYyI+PHRyPjx0ZCB3aWR0aD0iMTgwIiBiZ2NvbG9yPSIjZWZlZmVmIj48Zm9udCBzaXplPSIyIj7jgrfjg6rjg7zjgrrlkI0v5oSb56ewPC9mb250PjwvdGQ+PHRkIHdpZHRoPSI1MzAiPjxmb250IHNpemU9IjIiPkFMSUZF77yI44Ki44Oq44OV77yJPC9mb250PjwvdGQ+PC90cj48dHI+PHRkIHdpZHRoPSIxODAiIGJnY29sb3I9IiNlZmVmZWYiPjxmb250IHNpemU9IjIiPuiJsjwvZm9udD48L3RkPjx0ZCB3aWR0aD0iNTMwIj48Zm9udCBzaXplPSIyIj7jgrDjg6zjg7w8L2ZvbnQ+PC90ZD48L3RyPjx0cj48dGQgd2lkdGg9IjE4MCIgYmdjb2xvcj0iI2VmZWZlZiI+PGZvbnQgc2l6ZT0iMiI+5pys5L2T44K144Kk44K6KEjDl1fDl0QpbW08L2ZvbnQ+PC90ZD48dGQgd2lkdGg9IjUzMCI+PGZvbnQgc2l6ZT0iMiI+NDbDlzMwNW1tPC9mb250PjwvdGQ+PC90cj48dHI+PHRkIHdpZHRoPSIxODAiIGJnY29sb3I9IiNlZmVmZWYiPjxmb250IHNpemU9IjIiPueorumhnjwvZm9udD48L3RkPjx0ZCB3aWR0aD0iNTMwIj48Zm9udCBzaXplPSIyIj7jgrHjg7zjgrnjg7vjg5Djg4PjgrDplqLpgKPnlKjlk4E8L2ZvbnQ+PC90ZD48L3RyPjx0cj48dGQgd2lkdGg9IjE4MCIgYmdjb2xvcj0iI2VmZWZlZiI+PGZvbnQgc2l6ZT0iMiI+5p2Q6LOqPC9mb250PjwvdGQ+PHRkIHdpZHRoPSI1MzAiPjxmb250IHNpemU9IjIiPlBD44CBUFDjgrnjg4jjg6njg4Pjg5c8L2ZvbnQ+PC90ZD48L3RyPjwvdGFibGU+PHN0eWxlIHR5cGU9InRleHQvY3NzIj4KPCEtLQoucmFrdXRlbi1jYW1wIHsKCXdpZHRoOiA3MjVweDsKCWJvcmRlcjogMnB4IHNvbGlkICMzMzk5RkY7CglwYWRkaW5nLXRvcDogNXB4OwoJLW1vei1ib3JkZXItcmFkaXVzOjRweDsgLypGaXJlZm94Ki8KCS13ZWJraXQtYm9yZGVyLXJhZGl1czogNHB4OyAvKlNhZmFyaSxDaHJvbWUqLwoJYm9yZGVyLXJhZGl1czo0cHg7IC8qT3BlcmEsQ2hyb21lKi8KCW1hcmdpbjowIDEwcHggMTBweCAwOwp9CgovKiDkvqHmoLzjgavmnqDnt5rjgYzjgaTjgY8gKi8KdGFibGUjcmFrdXRlbkxpbWl0ZWRJZF9jYXJ0IHsKICAgIGJhY2tncm91bmQtY29sb3I6ICNmOGY4Zjg7CiAgICBib3JkZXI6IDFweCBzb2xpZCAjZGRkOwogICAgcGFkZGluZzogOHB4OwogICAgbWFyZ2luOiAxNnB4IDA7Cn0KCnNwYW4ucHJpY2UxIHsKICAgIGNvbG9yOiAjMzMzICFpbXBvcnRhbnQ7CiAgICBmb250LXdlaWdodDogYm9sZDsKICAgIGZvbnQtc2l6ZTogODAlICFpbXBvcnRhbnQ7CiAgICBsaW5lLWhlaWdodDogMzBweDsKICAgIGRpc3BsYXk6IGlubGluZS1ibG9jazsKICAgIG1hcmdpbi1yaWdodDogMTZweDsKfQoKLS0+Cjwvc3R5bGU+Cgo8IS0t44OQ44OK44O844Ko44Oq44KiLS0+Cgo8IS0t44CQ5raI44GZ44Gq77yB44CR4piF4piF4piFIGhlaWdodD0iMzgwIiDjgafoqK3lrprjgZfjgabjgY/jgaDjgZXjgYTjgILimIXimIXimIUtLT4KPCEtLeODkOODiuODvOOCqOODquOCouOBk+OBk+OBvuOBpy0tPgoKPCEtLealveWkqeOCreODo+ODs+ODmuODvOODsy0tPgoKPGgyIHN0eWxlPSJtYXJnaW46MjBweCAwIDEwcHggMDsiPjxpbWcgc3JjPSJodHRwOi8vd3d3LnJha3V0ZW4ubmUuanAvZ29sZC9ha2liYW1hYy9mcmFtZS9pbWFnZXMvcmFrdXRlbl90aXRsZTIuZ2lmIiBhbHQ9IualveWkqeW4guWgtOOBruOBiuW+l+OBquOCreODo+ODs+ODmuODvOODsyIgd2lkdGg9IjczMCIgaGVpZ2h0PSI0MiIgYm9yZGVyPSIwIj48L2gyPgo8ZGl2IGNsYXNzPSJyYWt1dGVuLWNhbXAiIHN0eWxlPSJtYXJnaW46MCAwIDAgMDsiPgoKCjwhLS3mpb3lpKnjgq3jg6Pjg7Pjg5rjg7zjg7NA44GT44GT44G+44GnLS0+,44K544K/44K444Kq44Ko44OMQUxJRkUg44OP44OD44OU44O844OV44Op44Kk44OIIOODqeOCsuODvOOCuCDjg53jg7zjgr/jg7wgU05DRi0wNTItOCDjgrDjg6zjg7wgKFNOQ0YwNTI4Ke+8muOCveODleODnuODg+ODl+OAgOODh+OCuOOCv+ODq+OCs+ODrOOCr+OCt+ODp+ODsw==,44K944OV44Oe44OD44OXIOODh+OCuOOCv+ODq+OCs+ODrOOCr+OCt+ODp+ODs1NvZm1hcCBEaWdpdGFsIENvbGxlY3Rpb27jg5Hjgr3jgrPjg7Pjgr/jg5bjg6zjg4Pjg4hQQ0hEROOCouOCu+ODs+ODluODquODkeODvOODhOODkeOCveOCs+ODs+ODkeODvOODhOODhuODrOODk+OCsuODvOODoOODluODq+ODvOODrOOCpOOCveODleODiERWROOCveODleODiOa2suaZtuODhuODrOODk+ODluODq+ODvOODrOOCpOODh+OCo+OCueOCr+ODrOOCs+ODvOODgOODvOODh+OCuOOCv+ODq+S4gOecvOODrOODleOCq+ODoeODqeODh+OCuOOCv+ODq+OCq+ODoeODqeWutumbu+aZguioiOS4reWPpOOAgOOCveODleODiOOCouOCpuODiOODrOODg+ODiOS4reWPpOODjuODvOODiOODkeOCveOCs+ODs+S4reWPpOODkeOCveOCs+ODs+OCueOCv+OCuOOCquOCqOODjEFMSUZFIOODj+ODg+ODlOODvOODleODqeOCpOODiCDjg6njgrLjg7zjgrgg44Od44O844K/44O8IFNOQ0YtMDUyLTgg44Kw44Os44O8IChTTkNGMDUyOCk=,44K544K/44K444Kq44Ko44OMQUxJRkUg44OP44OD44OU44O844OV44Op44Kk44OIIOODqeOCsuODvOOCuCDjg53jg7zjgr/jg7wgU05DRi0wNTItOCDjgrDjg6zjg7wgKFNOQ0YwNTI4KQ==[rn]
7-31650,aHR0cDovL3RzaG9wLnIxMHMuanAvYWtpYmFtYWMvY2FiaW5ldC8wNTI1NDUzOS80NTYwMTk0NTQ4NDc1LmpwZz9maXRpbj03MDA6NzAw,MTAyNC4wMDAw,,44OQ44OD44Kw44O75bCP54mp44O744OW44Op44Oz44OJ6ZuR6LKoID4g44Gd44Gu5LuW,44K544K/44K444Kq44Ko44OMQUxJRkUg44OP44OD44OU44O844OV44Op44Kk44OIIOOCueOCreODi+ODvOODu+OCpuOCqeODrOODg+ODiCBTTkNGLTA3MS02IOODluODqeOCpuODsyAoU05DRjA3MTYp,,PHRhYmxlIGJvcmRlcj0iMCIgY2VsbHBhZGRpbmc9IjAiIGNlbGxzcGFjaW5nPSIwIiB3aWR0aD0iNzEwIiBzdHlsZT0ibGluZS1oZWlnaHQ6MTQwJTsiPjx0cj48dGQ+PGZvbnQgc2l6ZT0iMiI+4pag57SZ5bmj44Go44Kr44O844OJ44GM5Y+W44KK5Ye644GX44KE44GZ44GP44CB5Y6a44G/44GM5YWo44GP5rCX44Gr44Gq44KJ44Gq44GE44CCPGJyPjxicj48L2ZvbnQ+PC90ZD48L3RyPjwvdGFibGU+PHRhYmxlIGNlbGxzcGFjaW5nPSIwIiBjZWxscGFkZGluZz0iNCIgYm9yZGVyPSIxIiB3aWR0aD0iNzEwIiBib3JkZXJjb2xvcj0iI2NjY2NjYyI+PHRyPjx0ZCB3aWR0aD0iMTgwIiBiZ2NvbG9yPSIjZWZlZmVmIj48Zm9udCBzaXplPSIyIj7jgrfjg6rjg7zjgrrlkI0v5oSb56ewPC9mb250PjwvdGQ+PHRkIHdpZHRoPSI1MzAiPjxmb250IHNpemU9IjIiPkFMSUZF77yI44Ki44Oq44OV77yJPC9mb250PjwvdGQ+PC90cj48dHI+PHRkIHdpZHRoPSIxODAiIGJnY29sb3I9IiNlZmVmZWYiPjxmb250IHNpemU9IjIiPuiJsjwvZm9udD48L3RkPjx0ZCB3aWR0aD0iNTMwIj48Zm9udCBzaXplPSIyIj7jg5bjg6njgqbjg7M8L2ZvbnQ+PC90ZD48L3RyPjx0cj48dGQgd2lkdGg9IjE4MCIgYmdjb2xvcj0iI2VmZWZlZiI+PGZvbnQgc2l6ZT0iMiI+5pys5L2T44K144Kk44K6KEjDl1fDl0QpbW08L2ZvbnQ+PC90ZD48dGQgd2lkdGg9IjUzMCI+PGZvbnQgc2l6ZT0iMiI+ODDDlzEwNcOXOW1tPC9mb250PjwvdGQ+PC90cj48dHI+PHRkIHdpZHRoPSIxODAiIGJnY29sb3I9IiNlZmVmZWYiPjxmb250IHNpemU9IjIiPueorumhnjwvZm9udD48L3RkPjx0ZCB3aWR0aD0iNTMwIj48Zm9udCBzaXplPSIyIj7jgrvjgq3jg6Xjg6rjg4bjgqPjg7znlKjlk4E8L2ZvbnQ+PC90ZD48L3RyPjx0cj48dGQgd2lkdGg9IjE4MCIgYmdjb2xvcj0iI2VmZWZlZiI+PGZvbnQgc2l6ZT0iMiI+5p2Q6LOqPC9mb250PjwvdGQ+PHRkIHdpZHRoPSI1MzAiPjxmb250IHNpemU9IjIiPlBWQ+OCqOODiuODoeODqzwvZm9udD48L3RkPjwvdHI+PC90YWJsZT48c3R5bGUgdHlwZT0idGV4dC9jc3MiPgo8IS0tCi5yYWt1dGVuLWNhbXAgewoJd2lkdGg6IDcyNXB4OwoJYm9yZGVyOiAycHggc29saWQgIzMzOTlGRjsKCXBhZGRpbmctdG9wOiA1cHg7CgktbW96LWJvcmRlci1yYWRpdXM6NHB4OyAvKkZpcmVmb3gqLwoJLXdlYmtpdC1ib3JkZXItcmFkaXVzOiA0cHg7IC8qU2FmYXJpLENocm9tZSovCglib3JkZXItcmFkaXVzOjRweDsgLypPcGVyYSxDaHJvbWUqLwoJbWFyZ2luOjAgMTBweCAxMHB4IDA7Cn0KCi8qIOS+oeagvOOBq+aeoOe3muOBjOOBpOOBjyAqLwp0YWJsZSNyYWt1dGVuTGltaXRlZElkX2NhcnQgewogICAgYmFja2dyb3VuZC1jb2xvcjogI2Y4ZjhmODsKICAgIGJvcmRlcjogMXB4IHNvbGlkICNkZGQ7CiAgICBwYWRkaW5nOiA4cHg7CiAgICBtYXJnaW46IDE2cHggMDsKfQoKc3Bhbi5wcmljZTEgewogICAgY29sb3I6ICMzMzMgIWltcG9ydGFudDsKICAgIGZvbnQtd2VpZ2h0OiBib2xkOwogICAgZm9udC1zaXplOiA4MCUgIWltcG9ydGFudDsKICAgIGxpbmUtaGVpZ2h0OiAzMHB4OwogICAgZGlzcGxheTogaW5saW5lLWJsb2NrOwogICAgbWFyZ2luLXJpZ2h0OiAxNnB4Owp9CgotLT4KPC9zdHlsZT4KCjwhLS3jg5Djg4rjg7zjgqjjg6rjgqItLT4KCjwhLS3jgJDmtojjgZnjgarvvIHjgJHimIXimIXimIUgaGVpZ2h0PSIzODAiIOOBp+ioreWumuOBl+OBpuOBj+OBoOOBleOBhOOAguKYheKYheKYhS0tPgo8IS0t44OQ44OK44O844Ko44Oq44Ki44GT44GT44G+44GnLS0+Cgo8IS0t5qW95aSp44Kt44Oj44Oz44Oa44O844OzLS0+Cgo8aDIgc3R5bGU9Im1hcmdpbjoyMHB4IDAgMTBweCAwOyI+PGltZyBzcmM9Imh0dHA6Ly93d3cucmFrdXRlbi5uZS5qcC9nb2xkL2FraWJhbWFjL2ZyYW1lL2ltYWdlcy9yYWt1dGVuX3RpdGxlMi5naWYiIGFsdD0i5qW95aSp5biC5aC044Gu44GK5b6X44Gq44Kt44Oj44Oz44Oa44O844OzIiB3aWR0aD0iNzMwIiBoZWlnaHQ9IjQyIiBib3JkZXI9IjAiPjwvaDI+CjxkaXYgY2xhc3M9InJha3V0ZW4tY2FtcCIgc3R5bGU9Im1hcmdpbjowIDAgMCAwOyI+CgoKPCEtLealveWkqeOCreODo+ODs+ODmuODvOODs0DjgZPjgZPjgb7jgactLT4=,44K544K/44K444Kq44Ko44OMQUxJRkUg44OP44OD44OU44O844OV44Op44Kk44OIIOOCueOCreODi+ODvOODu+OCpuOCqeODrOODg+ODiCBTTkNGLTA3MS02IOODluODqeOCpuODsyAoU05DRjA3MTYp77ya44K944OV44Oe44OD44OX44CA44OH44K444K/44Or44Kz44Os44Kv44K344On44Oz,44K944OV44Oe44OD44OXIOODh+OCuOOCv+ODq+OCs+ODrOOCr+OCt+ODp+ODs1NvZm1hcCBEaWdpdGFsIENvbGxlY3Rpb27jg5Hjgr3jgrPjg7Pjgr/jg5bjg6zjg4Pjg4hQQ0hEROOCouOCu+ODs+ODluODquODkeODvOODhOODkeOCveOCs+ODs+ODkeODvOODhOODhuODrOODk+OCsuODvOODoOODluODq+ODvOODrOOCpOOCveODleODiERWROOCveODleODiOa2suaZtuODhuODrOODk+ODluODq+ODvOODrOOCpOODh+OCo+OCueOCr+ODrOOCs+ODvOODgOODvOODh+OCuOOCv+ODq+S4gOecvOODrOODleOCq+ODoeODqeODh+OCuOOCv+ODq+OCq+ODoeODqeWutumbu+aZguioiOS4reWPpOOAgOOCveODleODiOOCouOCpuODiOODrOODg+ODiOS4reWPpOODjuODvOODiOODkeOCveOCs+ODs+S4reWPpOODkeOCveOCs+ODs+OCueOCv+OCuOOCquOCqOODjEFMSUZFIOODj+ODg+ODlOODvOODleODqeOCpOODiCDjgrnjgq3jg4vjg7zjg7vjgqbjgqnjg6zjg4Pjg4ggU05DRi0wNzEtNiDjg5bjg6njgqbjg7MgKFNOQ0YwNzE2KQ==,44K544K/44K444Kq44Ko44OMQUxJRkUg44OP44OD44OU44O844OV44Op44Kk44OIIOOCueOCreODi+ODvOODu+OCpuOCqeODrOODg+ODiCBTTkNGLTA3MS02IOODluODqeOCpuODsyAoU05DRjA3MTYp[rn]
7-31651,aHR0cDovL3RzaG9wLnIxMHMuanAvYWtpYmFtYWMvY2FiaW5ldC8wNTI1NDUzOS80NTYwMTk0NTQ1NDQzLmpwZz9maXRpbj03MDA6NzAw,NTI0LjAwMDA=,,44OQ44OD44Kw44O75bCP54mp44O744OW44Op44Oz44OJ6ZuR6LKoID4g44Gd44Gu5LuW,44K544K/44K444Kq44Ko44OMQUxJRkUg44OP44OD44OU44O844OV44Op44Kk44OIIOODl+ODgeODqeOCsuODvOOCuOOCv+OCsCBTTkNGLTA1NC00IOOCpOOCqOODreODvCAoU05DRjA1NDQp,,PHRhYmxlIGJvcmRlcj0iMCIgY2VsbHBhZGRpbmc9IjAiIGNlbGxzcGFjaW5nPSIwIiB3aWR0aD0iNzEwIiBzdHlsZT0ibGluZS1oZWlnaHQ6MTQwJTsiPjx0cj48dGQ+PGZvbnQgc2l6ZT0iMiI+4pag6aOb6KGM5qmf44Ki44Kk44Kz44Oz44Gu5paw5L2c44ON44O844Og44K/44Kw44CCPGJyPuKAneODj+ODg+ODlOODvOODleODqeOCpOODiOODu+ODl+ODgeODqeOCsuODvOOCuOOCv+OCsOKAneOAgjxicj48YnI+PC9mb250PjwvdGQ+PC90cj48L3RhYmxlPjx0YWJsZSBjZWxsc3BhY2luZz0iMCIgY2VsbHBhZGRpbmc9IjQiIGJvcmRlcj0iMSIgd2lkdGg9IjcxMCIgYm9yZGVyY29sb3I9IiNjY2NjY2MiPjx0cj48dGQgd2lkdGg9IjE4MCIgYmdjb2xvcj0iI2VmZWZlZiI+PGZvbnQgc2l6ZT0iMiI+44K344Oq44O844K65ZCNL+aEm+ensDwvZm9udD48L3RkPjx0ZCB3aWR0aD0iNTMwIj48Zm9udCBzaXplPSIyIj5BTElGRe+8iOOCouODquODle+8iTwvZm9udD48L3RkPjwvdHI+PHRyPjx0ZCB3aWR0aD0iMTgwIiBiZ2NvbG9yPSIjZWZlZmVmIj48Zm9udCBzaXplPSIyIj7oibI8L2ZvbnQ+PC90ZD48dGQgd2lkdGg9IjUzMCI+PGZvbnQgc2l6ZT0iMiI+44Kk44Ko44Ot44O8PC9mb250PjwvdGQ+PC90cj48dHI+PHRkIHdpZHRoPSIxODAiIGJnY29sb3I9IiNlZmVmZWYiPjxmb250IHNpemU9IjIiPueorumhnjwvZm9udD48L3RkPjx0ZCB3aWR0aD0iNTMwIj48Zm9udCBzaXplPSIyIj7jgrHjg7zjgrnjg7vjg5Djg4PjgrDplqLpgKPnlKjlk4E8L2ZvbnQ+PC90ZD48L3RyPjx0cj48dGQgd2lkdGg9IjE4MCIgYmdjb2xvcj0iI2VmZWZlZiI+PGZvbnQgc2l6ZT0iMiI+5p2Q6LOqPC9mb250PjwvdGQ+PHRkIHdpZHRoPSI1MzAiPjxmb250IHNpemU9IjIiPlBWQ+OCqOODiuODoeODqzwvZm9udD48L3RkPjwvdHI+PC90YWJsZT48c3R5bGUgdHlwZT0idGV4dC9jc3MiPgo8IS0tCi5yYWt1dGVuLWNhbXAgewoJd2lkdGg6IDcyNXB4OwoJYm9yZGVyOiAycHggc29saWQgIzMzOTlGRjsKCXBhZGRpbmctdG9wOiA1cHg7CgktbW96LWJvcmRlci1yYWRpdXM6NHB4OyAvKkZpcmVmb3gqLwoJLXdlYmtpdC1ib3JkZXItcmFkaXVzOiA0cHg7IC8qU2FmYXJpLENocm9tZSovCglib3JkZXItcmFkaXVzOjRweDsgLypPcGVyYSxDaHJvbWUqLwoJbWFyZ2luOjAgMTBweCAxMHB4IDA7Cn0KCi8qIOS+oeagvOOBq+aeoOe3muOBjOOBpOOBjyAqLwp0YWJsZSNyYWt1dGVuTGltaXRlZElkX2NhcnQgewogICAgYmFja2dyb3VuZC1jb2xvcjogI2Y4ZjhmODsKICAgIGJvcmRlcjogMXB4IHNvbGlkICNkZGQ7CiAgICBwYWRkaW5nOiA4cHg7CiAgICBtYXJnaW46IDE2cHggMDsKfQoKc3Bhbi5wcmljZTEgewogICAgY29sb3I6ICMzMzMgIWltcG9ydGFudDsKICAgIGZvbnQtd2VpZ2h0OiBib2xkOwogICAgZm9udC1zaXplOiA4MCUgIWltcG9ydGFudDsKICAgIGxpbmUtaGVpZ2h0OiAzMHB4OwogICAgZGlzcGxheTogaW5saW5lLWJsb2NrOwogICAgbWFyZ2luLXJpZ2h0OiAxNnB4Owp9CgotLT4KPC9zdHlsZT4KCjwhLS3jg5Djg4rjg7zjgqjjg6rjgqItLT4KCjwhLS3jgJDmtojjgZnjgarvvIHjgJHimIXimIXimIUgaGVpZ2h0PSIzODAiIOOBp+ioreWumuOBl+OBpuOBj+OBoOOBleOBhOOAguKYheKYheKYhS0tPgo8IS0t44OQ44OK44O844Ko44Oq44Ki44GT44GT44G+44GnLS0+Cgo8IS0t5qW95aSp44Kt44Oj44Oz44Oa44O844OzLS0+Cgo8aDIgc3R5bGU9Im1hcmdpbjoyMHB4IDAgMTBweCAwOyI+PGltZyBzcmM9Imh0dHA6Ly93d3cucmFrdXRlbi5uZS5qcC9nb2xkL2FraWJhbWFjL2ZyYW1lL2ltYWdlcy9yYWt1dGVuX3RpdGxlMi5naWYiIGFsdD0i5qW95aSp5biC5aC044Gu44GK5b6X44Gq44Kt44Oj44Oz44Oa44O844OzIiB3aWR0aD0iNzMwIiBoZWlnaHQ9IjQyIiBib3JkZXI9IjAiPjwvaDI+CjxkaXYgY2xhc3M9InJha3V0ZW4tY2FtcCIgc3R5bGU9Im1hcmdpbjowIDAgMCAwOyI+CgoKPCEtLealveWkqeOCreODo+ODs+ODmuODvOODs0DjgZPjgZPjgb7jgactLT4=,44K544K/44K444Kq44Ko44OMQUxJRkUg44OP44OD44OU44O844OV44Op44Kk44OIIOODl+ODgeODqeOCsuODvOOCuOOCv+OCsCBTTkNGLTA1NC00IOOCpOOCqOODreODvCAoU05DRjA1NDQp77ya44K944OV44Oe44OD44OX44CA44OH44K444K/44Or44Kz44Os44Kv44K344On44Oz,44K944OV44Oe44OD44OXIOODh+OCuOOCv+ODq+OCs+ODrOOCr+OCt+ODp+ODs1NvZm1hcCBEaWdpdGFsIENvbGxlY3Rpb27jg5Hjgr3jgrPjg7Pjgr/jg5bjg6zjg4Pjg4hQQ0hEROOCouOCu+ODs+ODluODquODkeODvOODhOODkeOCveOCs+ODs+ODkeODvOODhOODhuODrOODk+OCsuODvOODoOODluODq+ODvOODrOOCpOOCveODleODiERWROOCveODleODiOa2suaZtuODhuODrOODk+ODluODq+ODvOODrOOCpOODh+OCo+OCueOCr+ODrOOCs+ODvOODgOODvOODh+OCuOOCv+ODq+S4gOecvOODrOODleOCq+ODoeODqeODh+OCuOOCv+ODq+OCq+ODoeODqeWutumbu+aZguioiOS4reWPpOOAgOOCveODleODiOOCouOCpuODiOODrOODg+ODiOS4reWPpOODjuODvOODiOODkeOCveOCs+ODs+S4reWPpOODkeOCveOCs+ODs+OCueOCv+OCuOOCquOCqOODjEFMSUZFIOODj+ODg+ODlOODvOODleODqeOCpOODiCDjg5fjg4Hjg6njgrLjg7zjgrjjgr/jgrAgU05DRi0wNTQtNCDjgqTjgqjjg63jg7wgKFNOQ0YwNTQ0KQ==,44K544K/44K444Kq44Ko44OMQUxJRkUg44OP44OD44OU44O844OV44Op44Kk44OIIOODl+ODgeODqeOCsuODvOOCuOOCv+OCsCBTTkNGLTA1NC00IOOCpOOCqOODreODvCAoU05DRjA1NDQp[rn]
7-31652,aHR0cDovL3RzaG9wLnIxMHMuanAvYWtpYmFtYWMvY2FiaW5ldC8wNDk5MTc1Ny80OTU3NzQ1ODM5MDI5LmpwZz9maXRpbj03MDA6NzAw,MTAwOC4wMDAw,,44OQ44OD44Kw44O75bCP54mp44O744OW44Op44Oz44OJ6ZuR6LKoID4g44Gd44Gu5LuW,44OR44O844Or44Oh44Ks44ON44Kx44O844K5IOODlOODs+OCr+ODkeODs+OCteODvCBQSQ==,,PHRhYmxlIGJvcmRlcj0iMCIgY2VsbHBhZGRpbmc9IjAiIGNlbGxzcGFjaW5nPSIwIiB3aWR0aD0iNzEwIiBzdHlsZT0ibGluZS1oZWlnaHQ6MTQwJTsiPjx0cj48dGQ+PGZvbnQgc2l6ZT0iMiI+44OU44Oz44Kv44OR44Oz44K144O844Gu44OP44O844OJ44Oh44Ks44ON44Kx44O844K544Gn44GZ44CC6ZaL6ZaJ44Gv44OQ44ON5byP44Gn44GZ44CCPGJyPjxicj48L2ZvbnQ+PC90ZD48L3RyPjwvdGFibGU+PHRhYmxlIGNlbGxzcGFjaW5nPSIwIiBjZWxscGFkZGluZz0iNCIgYm9yZGVyPSIxIiB3aWR0aD0iNzEwIiBib3JkZXJjb2xvcj0iI2NjY2NjYyI+PHRyPjx0ZCB3aWR0aD0iMTgwIiBiZ2NvbG9yPSIjZWZlZmVmIj48Zm9udCBzaXplPSIyIj7oibI8L2ZvbnQ+PC90ZD48dGQgd2lkdGg9IjUzMCI+PGZvbnQgc2l6ZT0iMiI+776L776f776d7724PC9mb250PjwvdGQ+PC90cj48dHI+PHRkIHdpZHRoPSIxODAiIGJnY29sb3I9IiNlZmVmZWYiPjxmb250IHNpemU9IjIiPuacrOS9k+OCteOCpOOCuihIw5dXw5dEKSBtbTwvZm9udD48L3RkPjx0ZCB3aWR0aD0iNTMwIj48Zm9udCBzaXplPSIyIj7lhoXlr7jvvJpXMTUzw5dENTDDl0gzNm1tPC9mb250PjwvdGQ+PC90cj48dHI+PHRkIHdpZHRoPSIxODAiIGJnY29sb3I9IiNlZmVmZWYiPjxmb250IHNpemU9IjIiPuacrOS9k+mHjemHjzwvZm9udD48L3RkPjx0ZCB3aWR0aD0iNTMwIj48Zm9udCBzaXplPSIyIj7ntIQxMDhnPC9mb250PjwvdGQ+PC90cj48dHI+PHRkIHdpZHRoPSIxODAiIGJnY29sb3I9IiNlZmVmZWYiPjxmb250IHNpemU9IjIiPue0oOadkDwvZm9udD48L3RkPjx0ZCB3aWR0aD0iNTMwIj48Zm9udCBzaXplPSIyIj7lkIjnmq48L2ZvbnQ+PC90ZD48L3RyPjwvdGFibGU+PHN0eWxlIHR5cGU9InRleHQvY3NzIj4KPCEtLQoucmFrdXRlbi1jYW1wIHsKCXdpZHRoOiA3MjVweDsKCWJvcmRlcjogMnB4IHNvbGlkICMzMzk5RkY7CglwYWRkaW5nLXRvcDogNXB4OwoJLW1vei1ib3JkZXItcmFkaXVzOjRweDsgLypGaXJlZm94Ki8KCS13ZWJraXQtYm9yZGVyLXJhZGl1czogNHB4OyAvKlNhZmFyaSxDaHJvbWUqLwoJYm9yZGVyLXJhZGl1czo0cHg7IC8qT3BlcmEsQ2hyb21lKi8KCW1hcmdpbjowIDEwcHggMTBweCAwOwp9CgovKiDkvqHmoLzjgavmnqDnt5rjgYzjgaTjgY8gKi8KdGFibGUjcmFrdXRlbkxpbWl0ZWRJZF9jYXJ0IHsKICAgIGJhY2tncm91bmQtY29sb3I6ICNmOGY4Zjg7CiAgICBib3JkZXI6IDFweCBzb2xpZCAjZGRkOwogICAgcGFkZGluZzogOHB4OwogICAgbWFyZ2luOiAxNnB4IDA7Cn0KCnNwYW4ucHJpY2UxIHsKICAgIGNvbG9yOiAjMzMzICFpbXBvcnRhbnQ7CiAgICBmb250LXdlaWdodDogYm9sZDsKICAgIGZvbnQtc2l6ZTogODAlICFpbXBvcnRhbnQ7CiAgICBsaW5lLWhlaWdodDogMzBweDsKICAgIGRpc3BsYXk6IGlubGluZS1ibG9jazsKICAgIG1hcmdpbi1yaWdodDogMTZweDsKfQoKLS0+Cjwvc3R5bGU+Cgo8IS0t44OQ44OK44O844Ko44Oq44KiLS0+Cgo8IS0t44CQ5raI44GZ44Gq77yB44CR4piF4piF4piFIGhlaWdodD0iMzgwIiDjgafoqK3lrprjgZfjgabjgY/jgaDjgZXjgYTjgILimIXimIXimIUtLT4KPCEtLeODkOODiuODvOOCqOODquOCouOBk+OBk+OBvuOBpy0tPgoKPCEtLealveWkqeOCreODo+ODs+ODmuODvOODsy0tPgoKPGgyIHN0eWxlPSJtYXJnaW46MjBweCAwIDEwcHggMDsiPjxpbWcgc3JjPSJodHRwOi8vd3d3LnJha3V0ZW4ubmUuanAvZ29sZC9ha2liYW1hYy9mcmFtZS9pbWFnZXMvcmFrdXRlbl90aXRsZTIuZ2lmIiBhbHQ9IualveWkqeW4guWgtOOBruOBiuW+l+OBquOCreODo+ODs+ODmuODvOODsyIgd2lkdGg9IjczMCIgaGVpZ2h0PSI0MiIgYm9yZGVyPSIwIj48L2gyPgo8ZGl2IGNsYXNzPSJyYWt1dGVuLWNhbXAiIHN0eWxlPSJtYXJnaW46MCAwIDAgMDsiPgoKCjwhLS3mpb3lpKnjgq3jg6Pjg7Pjg5rjg7zjg7NA44GT44GT44G+44GnLS0+,44OR44O844Or44Oh44Ks44ON44Kx44O844K5IOODlOODs+OCr+ODkeODs+OCteODvCBQSe+8muOCveODleODnuODg+ODl+OAgOODh+OCuOOCv+ODq+OCs+ODrOOCr+OCt+ODp+ODsw==,44K944OV44Oe44OD44OXIOODh+OCuOOCv+ODq+OCs+ODrOOCr+OCt+ODp+ODs1NvZm1hcCBEaWdpdGFsIENvbGxlY3Rpb27jg5Hjgr3jgrPjg7Pjgr/jg5bjg6zjg4Pjg4hQQ0hEROOCouOCu+ODs+ODluODquODkeODvOODhOODkeOCveOCs+ODs+ODkeODvOODhOODhuODrOODk+OCsuODvOODoOODluODq+ODvOODrOOCpOOCveODleODiERWROOCveODleODiOa2suaZtuODhuODrOODk+ODluODq+ODvOODrOOCpOODh+OCo+OCueOCr+ODrOOCs+ODvOODgOODvOODh+OCuOOCv+ODq+S4gOecvOODrOODleOCq+ODoeODqeODh+OCuOOCv+ODq+OCq+ODoeODqeWutumbu+aZguioiOS4reWPpOOAgOOCveODleODiOOCouOCpuODiOODrOODg+ODiOS4reWPpOODjuODvOODiOODkeOCveOCs+ODs+S4reWPpOODkeOCveOCs+ODs+ODkeODvOODq+ODoeOCrOODjeOCseODvOOCuSDjg5Tjg7Pjgq/jg5Hjg7PjgrXjg7wgUEk=,44OR44O844Or44Oh44Ks44ON44Kx44O844K5IOODlOODs+OCr+ODkeODs+OCteODvCBQSQ==[rn]
7-31653,aHR0cDovL3RzaG9wLnIxMHMuanAvYWtpYmFtYWMvY2FiaW5ldC8wNTI1NDUzOS80NTYwMTk0NTQ1NDI5LmpwZz9maXRpbj03MDA6NzAw,NTI0LjAwMDA=,,44OQ44OD44Kw44O75bCP54mp44O744OW44Op44Oz44OJ6ZuR6LKoID4g44Gd44Gu5LuW,44K544K/44K444Kq44Ko44OMQUxJRkUg44OP44OD44OU44O844OV44Op44Kk44OIIOODl+ODgeODqeOCsuODvOOCuOOCv+OCsCBTTkNGLTA1NC0yIOOCquODrOODs+OCuCAoU05DRjA1NDIp,,PHRhYmxlIGJvcmRlcj0iMCIgY2VsbHBhZGRpbmc9IjAiIGNlbGxzcGFjaW5nPSIwIiB3aWR0aD0iNzEwIiBzdHlsZT0ibGluZS1oZWlnaHQ6MTQwJTsiPjx0cj48dGQ+PGZvbnQgc2l6ZT0iMiI+4pag6aOb6KGM5qmf44Ki44Kk44Kz44Oz44Gu5paw5L2c44ON44O844Og44K/44Kw44CCPGJyPuKAneODj+ODg+ODlOODvOODleODqeOCpOODiOODu+ODl+ODgeODqeOCsuODvOOCuOOCv+OCsOKAneOAgjxicj48YnI+PC9mb250PjwvdGQ+PC90cj48L3RhYmxlPjx0YWJsZSBjZWxsc3BhY2luZz0iMCIgY2VsbHBhZGRpbmc9IjQiIGJvcmRlcj0iMSIgd2lkdGg9IjcxMCIgYm9yZGVyY29sb3I9IiNjY2NjY2MiPjx0cj48dGQgd2lkdGg9IjE4MCIgYmdjb2xvcj0iI2VmZWZlZiI+PGZvbnQgc2l6ZT0iMiI+44K344Oq44O844K65ZCNL+aEm+ensDwvZm9udD48L3RkPjx0ZCB3aWR0aD0iNTMwIj48Zm9udCBzaXplPSIyIj5BTElGRe+8iOOCouODquODle+8iTwvZm9udD48L3RkPjwvdHI+PHRyPjx0ZCB3aWR0aD0iMTgwIiBiZ2NvbG9yPSIjZWZlZmVmIj48Zm9udCBzaXplPSIyIj7oibI8L2ZvbnQ+PC90ZD48dGQgd2lkdGg9IjUzMCI+PGZvbnQgc2l6ZT0iMiI+44Kq44Os44Oz44K4PC9mb250PjwvdGQ+PC90cj48dHI+PHRkIHdpZHRoPSIxODAiIGJnY29sb3I9IiNlZmVmZWYiPjxmb250IHNpemU9IjIiPueorumhnjwvZm9udD48L3RkPjx0ZCB3aWR0aD0iNTMwIj48Zm9udCBzaXplPSIyIj7jgrHjg7zjgrnjg7vjg5Djg4PjgrDplqLpgKPnlKjlk4E8L2ZvbnQ+PC90ZD48L3RyPjx0cj48dGQgd2lkdGg9IjE4MCIgYmdjb2xvcj0iI2VmZWZlZiI+PGZvbnQgc2l6ZT0iMiI+5p2Q6LOqPC9mb250PjwvdGQ+PHRkIHdpZHRoPSI1MzAiPjxmb250IHNpemU9IjIiPlBWQ+OCqOODiuODoeODqzwvZm9udD48L3RkPjwvdHI+PC90YWJsZT48c3R5bGUgdHlwZT0idGV4dC9jc3MiPgo8IS0tCi5yYWt1dGVuLWNhbXAgewoJd2lkdGg6IDcyNXB4OwoJYm9yZGVyOiAycHggc29saWQgIzMzOTlGRjsKCXBhZGRpbmctdG9wOiA1cHg7CgktbW96LWJvcmRlci1yYWRpdXM6NHB4OyAvKkZpcmVmb3gqLwoJLXdlYmtpdC1ib3JkZXItcmFkaXVzOiA0cHg7IC8qU2FmYXJpLENocm9tZSovCglib3JkZXItcmFkaXVzOjRweDsgLypPcGVyYSxDaHJvbWUqLwoJbWFyZ2luOjAgMTBweCAxMHB4IDA7Cn0KCi8qIOS+oeagvOOBq+aeoOe3muOBjOOBpOOBjyAqLwp0YWJsZSNyYWt1dGVuTGltaXRlZElkX2NhcnQgewogICAgYmFja2dyb3VuZC1jb2xvcjogI2Y4ZjhmODsKICAgIGJvcmRlcjogMXB4IHNvbGlkICNkZGQ7CiAgICBwYWRkaW5nOiA4cHg7CiAgICBtYXJnaW46IDE2cHggMDsKfQoKc3Bhbi5wcmljZTEgewogICAgY29sb3I6ICMzMzMgIWltcG9ydGFudDsKICAgIGZvbnQtd2VpZ2h0OiBib2xkOwogICAgZm9udC1zaXplOiA4MCUgIWltcG9ydGFudDsKICAgIGxpbmUtaGVpZ2h0OiAzMHB4OwogICAgZGlzcGxheTogaW5saW5lLWJsb2NrOwogICAgbWFyZ2luLXJpZ2h0OiAxNnB4Owp9CgotLT4KPC9zdHlsZT4KCjwhLS3jg5Djg4rjg7zjgqjjg6rjgqItLT4KCjwhLS3jgJDmtojjgZnjgarvvIHjgJHimIXimIXimIUgaGVpZ2h0PSIzODAiIOOBp+ioreWumuOBl+OBpuOBj+OBoOOBleOBhOOAguKYheKYheKYhS0tPgo8IS0t44OQ44OK44O844Ko44Oq44Ki44GT44GT44G+44GnLS0+Cgo8IS0t5qW95aSp44Kt44Oj44Oz44Oa44O844OzLS0+Cgo8aDIgc3R5bGU9Im1hcmdpbjoyMHB4IDAgMTBweCAwOyI+PGltZyBzcmM9Imh0dHA6Ly93d3cucmFrdXRlbi5uZS5qcC9nb2xkL2FraWJhbWFjL2ZyYW1lL2ltYWdlcy9yYWt1dGVuX3RpdGxlMi5naWYiIGFsdD0i5qW95aSp5biC5aC044Gu44GK5b6X44Gq44Kt44Oj44Oz44Oa44O844OzIiB3aWR0aD0iNzMwIiBoZWlnaHQ9IjQyIiBib3JkZXI9IjAiPjwvaDI+CjxkaXYgY2xhc3M9InJha3V0ZW4tY2FtcCIgc3R5bGU9Im1hcmdpbjowIDAgMCAwOyI+CgoKPCEtLealveWkqeOCreODo+ODs+ODmuODvOODs0DjgZPjgZPjgb7jgactLT4=,44K544K/44K444Kq44Ko44OMQUxJRkUg44OP44OD44OU44O844OV44Op44Kk44OIIOODl+ODgeODqeOCsuODvOOCuOOCv+OCsCBTTkNGLTA1NC0yIOOCquODrOODs+OCuCAoU05DRjA1NDIp77ya44K944OV44Oe44OD44OX44CA44OH44K444K/44Or44Kz44Os44Kv44K344On44Oz,44K944OV44Oe44OD44OXIOODh+OCuOOCv+ODq+OCs+ODrOOCr+OCt+ODp+ODs1NvZm1hcCBEaWdpdGFsIENvbGxlY3Rpb27jg5Hjgr3jgrPjg7Pjgr/jg5bjg6zjg4Pjg4hQQ0hEROOCouOCu+ODs+ODluODquODkeODvOODhOODkeOCveOCs+ODs+ODkeODvOODhOODhuODrOODk+OCsuODvOODoOODluODq+ODvOODrOOCpOOCveODleODiERWROOCveODleODiOa2suaZtuODhuODrOODk+ODluODq+ODvOODrOOCpOODh+OCo+OCueOCr+ODrOOCs+ODvOODgOODvOODh+OCuOOCv+ODq+S4gOecvOODrOODleOCq+ODoeODqeODh+OCuOOCv+ODq+OCq+ODoeODqeWutumbu+aZguioiOS4reWPpOOAgOOCveODleODiOOCouOCpuODiOODrOODg+ODiOS4reWPpOODjuODvOODiOODkeOCveOCs+ODs+S4reWPpOODkeOCveOCs+ODs+OCueOCv+OCuOOCquOCqOODjEFMSUZFIOODj+ODg+ODlOODvOODleODqeOCpOODiCDjg5fjg4Hjg6njgrLjg7zjgrjjgr/jgrAgU05DRi0wNTQtMiDjgqrjg6zjg7PjgrggKFNOQ0YwNTQyKQ==,44K544K/44K444Kq44Ko44OMQUxJRkUg44OP44OD44OU44O844OV44Op44Kk44OIIOODl+ODgeODqeOCsuODvOOCuOOCv+OCsCBTTkNGLTA1NC0yIOOCquODrOODs+OCuCAoU05DRjA1NDIp[rn]
7-31654,aHR0cDovL3RzaG9wLnIxMHMuanAvYWtpYmFtYWMvY2FiaW5ldC8wNTMzNDgzMS80NTgyMzE2MzcyMDg5LmpwZz9maXRpbj03MDA6NzAw,OTYwLjAwMDA=,,44OQ44OD44Kw44O75bCP54mp44O744OW44Op44Oz44OJ6ZuR6LKoID4g44Gd44Gu5LuW,44Kw44Oq44O844Oz44Ko44O844K444Kn44Oz44OI57KY552A44OV44Kp44OI44OV44Os44O844OgIOOAjEZyYW1lIFVN77yB44CN77yIM+aemuOCu+ODg+ODiO+8iSBVTTA1MC1CTCDjg5bjg6vjg7wgKFVNMDUwQkwp,,PHRhYmxlIGJvcmRlcj0iMCIgY2VsbHBhZGRpbmc9IjAiIGNlbGxzcGFjaW5nPSIwIiB3aWR0aD0iNzEwIiBzdHlsZT0ibGluZS1oZWlnaHQ6MTQwJTsiPjx0cj48dGQ+PGZvbnQgc2l6ZT0iMiI+PGJyPuS9leW6puOBp+OCguiyvOOBo+OBpuOBr+OBjOOBm+OCi+eJueauiuOBqueymOedgOOCt+ODvOODiOOCkuaOoeeUqOOBl+OBn+ODleOCqeODiOODleODrOODvOODoOOAgjxicj7lo4HjgavpmZDjgonjgZrjgIHlpKnkupXjgoTjg4njgqLjgarjganjgavoh6rliIbjga7jgYrmsJfjgavlhaXjgorjga7lhpnnnJ/jgpLosrzjgovjgZPjgajjgYzjgafjgY3jgb7jgZnjgII8YnI+4pag44CM5aOB44Gr56m044GM6ZaL44GP44Gu44Gv5auM44CN44CB44CM5Lih6Z2i44OG44O844OX44Gv5LiL5Zyw44GM5rGa44KM44KL44CN44CB44GT44Gu5LqM44Gk44Gu5oKp44G/44KS5LiA5rCX44Gr6Kej5rG644GZ44KL55S75pyf55qE44Gq5ZWG5ZOB44Gn44GZPGJyPuKWoOODneODg+ODl+OBp+OCreODpeODvOODiOOBquODh+OCtuOCpOODs+OCgueJuemVt+OBp+OBmTxicj7ilqDmo5rjgarjganjga7loLTmiYDjgpLlj5bjgovjgZPjgajjgoLjgarjgY/jgIHjgZXjgonjgavjgIHjgZPjgozjgb7jgafjga7lhpnnnJ/jg5Xjg6zjg7zjg6Djgafjga/po77jgovjgZPjgajjgYzjgafjgY3jgarjgYvjgaPjgZ/lo4HjgIHlpKnkupXjgoTjg4njgqLjgarjganjgIHjgZXjgb7jgZbjgb7jgarloLTmiYDjgavoh6rliIbjga7jgYrmsJfjgavlhaXjgorjga7lhpnnnJ/jgpLosrzjgovjgZPjgajjgYzjgafjgY3jgb7jgZk8YnI+4pag44Gv44GM44GZ5pmC44Gv44CB56uv44GL44KJ44Gv44GM44Gb44Gw44CB57Ch5Y2Y44Gr44Kt44Os44Kk44Gr44Gv44GM44GZ44GT44Go44GM44Gn44GN44G+44GZPGJyPuKWoOWQuOedgOWKm+OBjOW8seOBj+OBquOBo+OBpuOBjeOBn+OCieOAgeaOpeedgOmdouOCkuawtOOBp+a0l+OBiOOBsOS9leW6puOBp+OCguW+qea0u+OBl+OAgee5sOOCiui/lOOBl+S9v+OBiOOBvuOBmTxicj7iiarnibnoqLHmioDooZPjgIxFdmVyU1RJS++8iOOCqOODkOODvOOCueODhuOCo+ODg+OCr++8ieOAjeOBq+OBpOOBhOOBpuKJqzxicj7jgIDjgqLjg6Hjg6rjgqvjga7ntKDmnZDjg6Hjg7zjgqvjg7zjgYzplovnmbrjgZfjgIHnibnoqLHjgpLlj5blvpfjgZfjgZ/jg4rjg47mioDooZPjgpLkvb/jgYTjgIHjgIzjg4rjg47jgrXjgq/jgrfjg6fjg7PjgI3jgajjgYTjgYbntLDjgYvjgarlkLjnm6TjgpLkvZXnmb7kuIflgIvjgoLmlbfjgY3oqbDjgoHjgZ/nibnmrorjgarmqLnohILjgILlvLflipvjgarlkLjnnYDlipvjgpLlrp/nj77jgZfjgaTjgaTjgoLjgIHnq6/jgYvjgonjga/jgYzjgZvjgbDjgIHlsI/jgZXjgarlkLjnm6TjgYwx44GkMeOBpOWkluOCjOOBpuOBhOOBj+OBruOBp+OAgeewoeWNmOOBq+OBr+OBjOOBmeOBk+OBqOOBjOOBp+OBjeOBvuOBmeOAgjxicj7iiarkuLvjgarku5Xmp5jiias8YnI+44O744OV44Kp44OI44OV44Os44O844Og44K/44Kk44OXPGJyPuODuzPmnprjgrvjg4Pjg4g8YnI+44O744K144Kk44K677yaIOmVt+OBlee0hDE5Y23Dl+W5hTE0Y23Dl+WlpeihjDAuM2NtPGJyPjwvZm9udD48L3RkPjwvdHI+PC90YWJsZT48c3R5bGUgdHlwZT0idGV4dC9jc3MiPgo8IS0tCi5yYWt1dGVuLWNhbXAgewoJd2lkdGg6IDcyNXB4OwoJYm9yZGVyOiAycHggc29saWQgIzMzOTlGRjsKCXBhZGRpbmctdG9wOiA1cHg7CgktbW96LWJvcmRlci1yYWRpdXM6NHB4OyAvKkZpcmVmb3gqLwoJLXdlYmtpdC1ib3JkZXItcmFkaXVzOiA0cHg7IC8qU2FmYXJpLENocm9tZSovCglib3JkZXItcmFkaXVzOjRweDsgLypPcGVyYSxDaHJvbWUqLwoJbWFyZ2luOjAgMTBweCAxMHB4IDA7Cn0KCi8qIOS+oeagvOOBq+aeoOe3muOBjOOBpOOBjyAqLwp0YWJsZSNyYWt1dGVuTGltaXRlZElkX2NhcnQgewogICAgYmFja2dyb3VuZC1jb2xvcjogI2Y4ZjhmODsKICAgIGJvcmRlcjogMXB4IHNvbGlkICNkZGQ7CiAgICBwYWRkaW5nOiA4cHg7CiAgICBtYXJnaW46IDE2cHggMDsKfQoKc3Bhbi5wcmljZTEgewogICAgY29sb3I6ICMzMzMgIWltcG9ydGFudDsKICAgIGZvbnQtd2VpZ2h0OiBib2xkOwogICAgZm9udC1zaXplOiA4MCUgIWltcG9ydGFudDsKICAgIGxpbmUtaGVpZ2h0OiAzMHB4OwogICAgZGlzcGxheTogaW5saW5lLWJsb2NrOwogICAgbWFyZ2luLXJpZ2h0OiAxNnB4Owp9CgotLT4KPC9zdHlsZT4KCjwhLS3jg5Djg4rjg7zjgqjjg6rjgqItLT4KCjwhLS3jgJDmtojjgZnjgarvvIHjgJHimIXimIXimIUgaGVpZ2h0PSIzODAiIOOBp+ioreWumuOBl+OBpuOBj+OBoOOBleOBhOOAguKYheKYheKYhS0tPgo8IS0t44OQ44OK44O844Ko44Oq44Ki44GT44GT44G+44GnLS0+Cgo8IS0t5qW95aSp44Kt44Oj44Oz44Oa44O844OzLS0+Cgo8aDIgc3R5bGU9Im1hcmdpbjoyMHB4IDAgMTBweCAwOyI+PGltZyBzcmM9Imh0dHA6Ly93d3cucmFrdXRlbi5uZS5qcC9nb2xkL2FraWJhbWFjL2ZyYW1lL2ltYWdlcy9yYWt1dGVuX3RpdGxlMi5naWYiIGFsdD0i5qW95aSp5biC5aC044Gu44GK5b6X44Gq44Kt44Oj44Oz44Oa44O844OzIiB3aWR0aD0iNzMwIiBoZWlnaHQ9IjQyIiBib3JkZXI9IjAiPjwvaDI+CjxkaXYgY2xhc3M9InJha3V0ZW4tY2FtcCIgc3R5bGU9Im1hcmdpbjowIDAgMCAwOyI+CgoKPCEtLealveWkqeOCreODo+ODs+ODmuODvOODs0DjgZPjgZPjgb7jgactLT4=,44Kw44Oq44O844Oz44Ko44O844K444Kn44Oz44OI57KY552A44OV44Kp44OI44OV44Os44O844OgIOOAjEZyYW1lIFVN77yB44CN77yIM+aemuOCu+ODg+ODiO+8iSBVTTA1MC1CTCDjg5bjg6vjg7wgKFVNMDUwQkwp77ya44K944OV44Oe44OD44OX44CA44OH44K444K/44Or44Kz44Os44Kv44K344On44Oz,44K944OV44Oe44OD44OXIOODh+OCuOOCv+ODq+OCs+ODrOOCr+OCt+ODp+ODs1NvZm1hcCBEaWdpdGFsIENvbGxlY3Rpb27jg5Hjgr3jgrPjg7Pjgr/jg5bjg6zjg4Pjg4hQQ0hEROOCouOCu+ODs+ODluODquODkeODvOODhOODkeOCveOCs+ODs+ODkeODvOODhOODhuODrOODk+OCsuODvOODoOODluODq+ODvOODrOOCpOOCveODleODiERWROOCveODleODiOa2suaZtuODhuODrOODk+ODluODq+ODvOODrOOCpOODh+OCo+OCueOCr+ODrOOCs+ODvOODgOODvOODh+OCuOOCv+ODq+S4gOecvOODrOODleOCq+ODoeODqeODh+OCuOOCv+ODq+OCq+ODoeODqeWutumbu+aZguioiOS4reWPpOOAgOOCveODleODiOOCouOCpuODiOODrOODg+ODiOS4reWPpOODjuODvOODiOODkeOCveOCs+ODs+S4reWPpOODkeOCveOCs+ODs+OCsOODquODvOODs+OCqOODvOOCuOOCp+ODs+ODiOeymOedgOODleOCqeODiOODleODrOODvOODoCDjgIxGcmFtZSBVTe+8geOAje+8iDPmnprjgrvjg4Pjg4jvvIkgVU0wNTAtQkwg44OW44Or44O8IChVTTA1MEJMKQ==,44Kw44Oq44O844Oz44Ko44O844K444Kn44Oz44OI57KY552A44OV44Kp44OI44OV44Os44O844OgIOOAjEZyYW1lIFVN77yB44CN77yIM+aemuOCu+ODg+ODiO+8iSBVTTA1MC1CTCDjg5bjg6vjg7wgKFVNMDUwQkwp[rn]
7-31655,aHR0cDovL3RzaG9wLnIxMHMuanAvYWtpYmFtYWMvY2FiaW5ldC8wNTI1NDUzOS80NTYwMTk0NTQ3MTAyLmpwZz9maXRpbj03MDA6NzAw,Nzk4LjQwMDA=,,44OQ44OD44Kw44O75bCP54mp44O744OW44Op44Oz44OJ6ZuR6LKoID4g44Gd44Gu5LuW,44K544K/44K444Kq44Ko44OMQUxJRkUg44OP44OD44OU44O844OV44Op44Kk44OIIOODqeOCsuODvOOCuCDjg53jg7zjgr/jg7wg44Of44OLIFNOQ0YtMDYzLTUgQy3jg5bjg6vjg7wgKFNOQ0YwNjM1KQ==,,PHRhYmxlIGJvcmRlcj0iMCIgY2VsbHBhZGRpbmc9IjAiIGNlbGxzcGFjaW5nPSIwIiB3aWR0aD0iNzEwIiBzdHlsZT0ibGluZS1oZWlnaHQ6MTQwJTsiPjx0cj48dGQ+PGZvbnQgc2l6ZT0iMiI+4pag44Kt44Oj44Oq44O844OQ44OD44Kw44Gr6I2354mp44KS44Gk44GR44Gf44KK5L6/5Yip44Gq44Op44Ky44O844K444Od44O844K/44O844Of44OL44CCPGJyPjxicj48L2ZvbnQ+PC90ZD48L3RyPjwvdGFibGU+PHRhYmxlIGNlbGxzcGFjaW5nPSIwIiBjZWxscGFkZGluZz0iNCIgYm9yZGVyPSIxIiB3aWR0aD0iNzEwIiBib3JkZXJjb2xvcj0iI2NjY2NjYyI+PHRyPjx0ZCB3aWR0aD0iMTgwIiBiZ2NvbG9yPSIjZWZlZmVmIj48Zm9udCBzaXplPSIyIj7jgrfjg6rjg7zjgrrlkI0v5oSb56ewPC9mb250PjwvdGQ+PHRkIHdpZHRoPSI1MzAiPjxmb250IHNpemU9IjIiPkFMSUZF77yI44Ki44Oq44OV77yJPC9mb250PjwvdGQ+PC90cj48dHI+PHRkIHdpZHRoPSIxODAiIGJnY29sb3I9IiNlZmVmZWYiPjxmb250IHNpemU9IjIiPuiJsjwvZm9udD48L3RkPjx0ZCB3aWR0aD0iNTMwIj48Zm9udCBzaXplPSIyIj5DLeODluODq+ODvDwvZm9udD48L3RkPjwvdHI+PHRyPjx0ZCB3aWR0aD0iMTgwIiBiZ2NvbG9yPSIjZWZlZmVmIj48Zm9udCBzaXplPSIyIj7mnKzkvZPjgrXjgqTjgrooSMOXV8OXRCltbTwvZm9udD48L3RkPjx0ZCB3aWR0aD0iNTMwIj48Zm9udCBzaXplPSIyIj4zM8OXMzIwbW08L2ZvbnQ+PC90ZD48L3RyPjx0cj48dGQgd2lkdGg9IjE4MCIgYmdjb2xvcj0iI2VmZWZlZiI+PGZvbnQgc2l6ZT0iMiI+56iu6aGePC9mb250PjwvdGQ+PHRkIHdpZHRoPSI1MzAiPjxmb250IHNpemU9IjIiPuOCseODvOOCueODu+ODkOODg+OCsOmWoumAo+eUqOWTgTwvZm9udD48L3RkPjwvdHI+PHRyPjx0ZCB3aWR0aD0iMTgwIiBiZ2NvbG9yPSIjZWZlZmVmIj48Zm9udCBzaXplPSIyIj7mnZDos6o8L2ZvbnQ+PC90ZD48dGQgd2lkdGg9IjUzMCI+PGZvbnQgc2l6ZT0iMiI+44Od44Oq44Ko44K544OG44OrPC9mb250PjwvdGQ+PC90cj48L3RhYmxlPjxzdHlsZSB0eXBlPSJ0ZXh0L2NzcyI+CjwhLS0KLnJha3V0ZW4tY2FtcCB7Cgl3aWR0aDogNzI1cHg7Cglib3JkZXI6IDJweCBzb2xpZCAjMzM5OUZGOwoJcGFkZGluZy10b3A6IDVweDsKCS1tb3otYm9yZGVyLXJhZGl1czo0cHg7IC8qRmlyZWZveCovCgktd2Via2l0LWJvcmRlci1yYWRpdXM6IDRweDsgLypTYWZhcmksQ2hyb21lKi8KCWJvcmRlci1yYWRpdXM6NHB4OyAvKk9wZXJhLENocm9tZSovCgltYXJnaW46MCAxMHB4IDEwcHggMDsKfQoKLyog5L6h5qC844Gr5p6g57ea44GM44Gk44GPICovCnRhYmxlI3Jha3V0ZW5MaW1pdGVkSWRfY2FydCB7CiAgICBiYWNrZ3JvdW5kLWNvbG9yOiAjZjhmOGY4OwogICAgYm9yZGVyOiAxcHggc29saWQgI2RkZDsKICAgIHBhZGRpbmc6IDhweDsKICAgIG1hcmdpbjogMTZweCAwOwp9CgpzcGFuLnByaWNlMSB7CiAgICBjb2xvcjogIzMzMyAhaW1wb3J0YW50OwogICAgZm9udC13ZWlnaHQ6IGJvbGQ7CiAgICBmb250LXNpemU6IDgwJSAhaW1wb3J0YW50OwogICAgbGluZS1oZWlnaHQ6IDMwcHg7CiAgICBkaXNwbGF5OiBpbmxpbmUtYmxvY2s7CiAgICBtYXJnaW4tcmlnaHQ6IDE2cHg7Cn0KCi0tPgo8L3N0eWxlPgoKPCEtLeODkOODiuODvOOCqOODquOCoi0tPgoKPCEtLeOAkOa2iOOBmeOBqu+8geOAkeKYheKYheKYhSBoZWlnaHQ9IjM4MCIg44Gn6Kit5a6a44GX44Gm44GP44Gg44GV44GE44CC4piF4piF4piFLS0+CjwhLS3jg5Djg4rjg7zjgqjjg6rjgqLjgZPjgZPjgb7jgactLT4KCjwhLS3mpb3lpKnjgq3jg6Pjg7Pjg5rjg7zjg7MtLT4KCjxoMiBzdHlsZT0ibWFyZ2luOjIwcHggMCAxMHB4IDA7Ij48aW1nIHNyYz0iaHR0cDovL3d3dy5yYWt1dGVuLm5lLmpwL2dvbGQvYWtpYmFtYWMvZnJhbWUvaW1hZ2VzL3Jha3V0ZW5fdGl0bGUyLmdpZiIgYWx0PSLmpb3lpKnluILloLTjga7jgYrlvpfjgarjgq3jg6Pjg7Pjg5rjg7zjg7MiIHdpZHRoPSI3MzAiIGhlaWdodD0iNDIiIGJvcmRlcj0iMCI+PC9oMj4KPGRpdiBjbGFzcz0icmFrdXRlbi1jYW1wIiBzdHlsZT0ibWFyZ2luOjAgMCAwIDA7Ij4KCgo8IS0t5qW95aSp44Kt44Oj44Oz44Oa44O844OzQOOBk+OBk+OBvuOBpy0tPg==,44K544K/44K444Kq44Ko44OMQUxJRkUg44OP44OD44OU44O844OV44Op44Kk44OIIOODqeOCsuODvOOCuCDjg53jg7zjgr/jg7wg44Of44OLIFNOQ0YtMDYzLTUgQy3jg5bjg6vjg7wgKFNOQ0YwNjM1Ke+8muOCveODleODnuODg+ODl+OAgOODh+OCuOOCv+ODq+OCs+ODrOOCr+OCt+ODp+ODsw==,44K944OV44Oe44OD44OXIOODh+OCuOOCv+ODq+OCs+ODrOOCr+OCt+ODp+ODs1NvZm1hcCBEaWdpdGFsIENvbGxlY3Rpb27jg5Hjgr3jgrPjg7Pjgr/jg5bjg6zjg4Pjg4hQQ0hEROOCouOCu+ODs+ODluODquODkeODvOODhOODkeOCveOCs+ODs+ODkeODvOODhOODhuODrOODk+OCsuODvOODoOODluODq+ODvOODrOOCpOOCveODleODiERWROOCveODleODiOa2suaZtuODhuODrOODk+ODluODq+ODvOODrOOCpOODh+OCo+OCueOCr+ODrOOCs+ODvOODgOODvOODh+OCuOOCv+ODq+S4gOecvOODrOODleOCq+ODoeODqeODh+OCuOOCv+ODq+OCq+ODoeODqeWutumbu+aZguioiOS4reWPpOOAgOOCveODleODiOOCouOCpuODiOODrOODg+ODiOS4reWPpOODjuODvOODiOODkeOCveOCs+ODs+S4reWPpOODkeOCveOCs+ODs+OCueOCv+OCuOOCquOCqOODjEFMSUZFIOODj+ODg+ODlOODvOODleODqeOCpOODiCDjg6njgrLjg7zjgrgg44Od44O844K/44O8IOODn+ODiyBTTkNGLTA2My01IEMt44OW44Or44O8IChTTkNGMDYzNSk=,44K544K/44K444Kq44Ko44OMQUxJRkUg44OP44OD44OU44O844OV44Op44Kk44OIIOODqeOCsuODvOOCuCDjg53jg7zjgr/jg7wg44Of44OLIFNOQ0YtMDYzLTUgQy3jg5bjg6vjg7wgKFNOQ0YwNjM1KQ==[rn]
7-31656,aHR0cDovL3RzaG9wLnIxMHMuanAvYWtpYmFtYWMvY2FiaW5ldC8wNTI1NDUzOS80NTYwMTk0NTQ1NDY3LmpwZz9maXRpbj03MDA6NzAw,NTI0LjAwMDA=,,44OQ44OD44Kw44O75bCP54mp44O744OW44Op44Oz44OJ6ZuR6LKoID4g44Gd44Gu5LuW,44K544K/44K444Kq44Ko44OMQUxJRkUg44OP44OD44OU44O844OV44Op44Kk44OIIOODl+ODgeODqeOCsuODvOOCuOOCv+OCsCBTTkNGLTA1NC02IOODluODqeOCpuODsyAoU05DRjA1NDYp,,PHRhYmxlIGJvcmRlcj0iMCIgY2VsbHBhZGRpbmc9IjAiIGNlbGxzcGFjaW5nPSIwIiB3aWR0aD0iNzEwIiBzdHlsZT0ibGluZS1oZWlnaHQ6MTQwJTsiPjx0cj48dGQ+PGZvbnQgc2l6ZT0iMiI+4pag6aOb6KGM5qmf44Ki44Kk44Kz44Oz44Gu5paw5L2c44ON44O844Og44K/44Kw44CCPGJyPuKAneODj+ODg+ODlOODvOODleODqeOCpOODiOODu+ODl+ODgeODqeOCsuODvOOCuOOCv+OCsOKAneOAgjxicj48YnI+PC9mb250PjwvdGQ+PC90cj48L3RhYmxlPjx0YWJsZSBjZWxsc3BhY2luZz0iMCIgY2VsbHBhZGRpbmc9IjQiIGJvcmRlcj0iMSIgd2lkdGg9IjcxMCIgYm9yZGVyY29sb3I9IiNjY2NjY2MiPjx0cj48dGQgd2lkdGg9IjE4MCIgYmdjb2xvcj0iI2VmZWZlZiI+PGZvbnQgc2l6ZT0iMiI+44K344Oq44O844K65ZCNL+aEm+ensDwvZm9udD48L3RkPjx0ZCB3aWR0aD0iNTMwIj48Zm9udCBzaXplPSIyIj5BTElGRe+8iOOCouODquODle+8iTwvZm9udD48L3RkPjwvdHI+PHRyPjx0ZCB3aWR0aD0iMTgwIiBiZ2NvbG9yPSIjZWZlZmVmIj48Zm9udCBzaXplPSIyIj7oibI8L2ZvbnQ+PC90ZD48dGQgd2lkdGg9IjUzMCI+PGZvbnQgc2l6ZT0iMiI+44OW44Op44Km44OzPC9mb250PjwvdGQ+PC90cj48dHI+PHRkIHdpZHRoPSIxODAiIGJnY29sb3I9IiNlZmVmZWYiPjxmb250IHNpemU9IjIiPueorumhnjwvZm9udD48L3RkPjx0ZCB3aWR0aD0iNTMwIj48Zm9udCBzaXplPSIyIj7jgrHjg7zjgrnjg7vjg5Djg4PjgrDplqLpgKPnlKjlk4E8L2ZvbnQ+PC90ZD48L3RyPjx0cj48dGQgd2lkdGg9IjE4MCIgYmdjb2xvcj0iI2VmZWZlZiI+PGZvbnQgc2l6ZT0iMiI+5p2Q6LOqPC9mb250PjwvdGQ+PHRkIHdpZHRoPSI1MzAiPjxmb250IHNpemU9IjIiPlBWQ+OCqOODiuODoeODqzwvZm9udD48L3RkPjwvdHI+PC90YWJsZT48c3R5bGUgdHlwZT0idGV4dC9jc3MiPgo8IS0tCi5yYWt1dGVuLWNhbXAgewoJd2lkdGg6IDcyNXB4OwoJYm9yZGVyOiAycHggc29saWQgIzMzOTlGRjsKCXBhZGRpbmctdG9wOiA1cHg7CgktbW96LWJvcmRlci1yYWRpdXM6NHB4OyAvKkZpcmVmb3gqLwoJLXdlYmtpdC1ib3JkZXItcmFkaXVzOiA0cHg7IC8qU2FmYXJpLENocm9tZSovCglib3JkZXItcmFkaXVzOjRweDsgLypPcGVyYSxDaHJvbWUqLwoJbWFyZ2luOjAgMTBweCAxMHB4IDA7Cn0KCi8qIOS+oeagvOOBq+aeoOe3muOBjOOBpOOBjyAqLwp0YWJsZSNyYWt1dGVuTGltaXRlZElkX2NhcnQgewogICAgYmFja2dyb3VuZC1jb2xvcjogI2Y4ZjhmODsKICAgIGJvcmRlcjogMXB4IHNvbGlkICNkZGQ7CiAgICBwYWRkaW5nOiA4cHg7CiAgICBtYXJnaW46IDE2cHggMDsKfQoKc3Bhbi5wcmljZTEgewogICAgY29sb3I6ICMzMzMgIWltcG9ydGFudDsKICAgIGZvbnQtd2VpZ2h0OiBib2xkOwogICAgZm9udC1zaXplOiA4MCUgIWltcG9ydGFudDsKICAgIGxpbmUtaGVpZ2h0OiAzMHB4OwogICAgZGlzcGxheTogaW5saW5lLWJsb2NrOwogICAgbWFyZ2luLXJpZ2h0OiAxNnB4Owp9CgotLT4KPC9zdHlsZT4KCjwhLS3jg5Djg4rjg7zjgqjjg6rjgqItLT4KCjwhLS3jgJDmtojjgZnjgarvvIHjgJHimIXimIXimIUgaGVpZ2h0PSIzODAiIOOBp+ioreWumuOBl+OBpuOBj+OBoOOBleOBhOOAguKYheKYheKYhS0tPgo8IS0t44OQ44OK44O844Ko44Oq44Ki44GT44GT44G+44GnLS0+Cgo8IS0t5qW95aSp44Kt44Oj44Oz44Oa44O844OzLS0+Cgo8aDIgc3R5bGU9Im1hcmdpbjoyMHB4IDAgMTBweCAwOyI+PGltZyBzcmM9Imh0dHA6Ly93d3cucmFrdXRlbi5uZS5qcC9nb2xkL2FraWJhbWFjL2ZyYW1lL2ltYWdlcy9yYWt1dGVuX3RpdGxlMi5naWYiIGFsdD0i5qW95aSp5biC5aC044Gu44GK5b6X44Gq44Kt44Oj44Oz44Oa44O844OzIiB3aWR0aD0iNzMwIiBoZWlnaHQ9IjQyIiBib3JkZXI9IjAiPjwvaDI+CjxkaXYgY2xhc3M9InJha3V0ZW4tY2FtcCIgc3R5bGU9Im1hcmdpbjowIDAgMCAwOyI+CgoKPCEtLealveWkqeOCreODo+ODs+ODmuODvOODs0DjgZPjgZPjgb7jgactLT4=,44K544K/44K444Kq44Ko44OMQUxJRkUg44OP44OD44OU44O844OV44Op44Kk44OIIOODl+ODgeODqeOCsuODvOOCuOOCv+OCsCBTTkNGLTA1NC02IOODluODqeOCpuODsyAoU05DRjA1NDYp77ya44K944OV44Oe44OD44OX44CA44OH44K444K/44Or44Kz44Os44Kv44K344On44Oz,44K944OV44Oe44OD44OXIOODh+OCuOOCv+ODq+OCs+ODrOOCr+OCt+ODp+ODs1NvZm1hcCBEaWdpdGFsIENvbGxlY3Rpb27jg5Hjgr3jgrPjg7Pjgr/jg5bjg6zjg4Pjg4hQQ0hEROOCouOCu+ODs+ODluODquODkeODvOODhOODkeOCveOCs+ODs+ODkeODvOODhOODhuODrOODk+OCsuODvOODoOODluODq+ODvOODrOOCpOOCveODleODiERWROOCveODleODiOa2suaZtuODhuODrOODk+ODluODq+ODvOODrOOCpOODh+OCo+OCueOCr+ODrOOCs+ODvOODgOODvOODh+OCuOOCv+ODq+S4gOecvOODrOODleOCq+ODoeODqeODh+OCuOOCv+ODq+OCq+ODoeODqeWutumbu+aZguioiOS4reWPpOOAgOOCveODleODiOOCouOCpuODiOODrOODg+ODiOS4reWPpOODjuODvOODiOODkeOCveOCs+ODs+S4reWPpOODkeOCveOCs+ODs+OCueOCv+OCuOOCquOCqOODjEFMSUZFIOODj+ODg+ODlOODvOODleODqeOCpOODiCDjg5fjg4Hjg6njgrLjg7zjgrjjgr/jgrAgU05DRi0wNTQtNiDjg5bjg6njgqbjg7MgKFNOQ0YwNTQ2KQ==,44K544K/44K444Kq44Ko44OMQUxJRkUg44OP44OD44OU44O844OV44Op44Kk44OIIOODl+ODgeODqeOCsuODvOOCuOOCv+OCsCBTTkNGLTA1NC02IOODluODqeOCpuODsyAoU05DRjA1NDYp[rn]
7-31657,aHR0cDovL3RzaG9wLnIxMHMuanAvYWtpYmFtYWMvY2FiaW5ldC8wNTMzNDgzMS80NTgyMzE2MzcyMDcyLmpwZz9maXRpbj03MDA6NzAw,OTYwLjAwMDA=,,44OQ44OD44Kw44O75bCP54mp44O744OW44Op44Oz44OJ6ZuR6LKoID4g44Gd44Gu5LuW,44Kw44Oq44O844Oz44Ko44O844K444Kn44Oz44OI57KY552A44OV44Kp44OI44OV44Os44O844OgIOOAjEZyYW1lIFVN77yB44CN77yIM+aemuOCu+ODg+ODiO+8iSBVTTA1MC1QSyDjg5Tjg7Pjgq8gKFVNMDUwUEsp,,PHRhYmxlIGJvcmRlcj0iMCIgY2VsbHBhZGRpbmc9IjAiIGNlbGxzcGFjaW5nPSIwIiB3aWR0aD0iNzEwIiBzdHlsZT0ibGluZS1oZWlnaHQ6MTQwJTsiPjx0cj48dGQ+PGZvbnQgc2l6ZT0iMiI+PGJyPuS9leW6puOBp+OCguiyvOOBo+OBpuOBr+OBjOOBm+OCi+eJueauiuOBqueymOedgOOCt+ODvOODiOOCkuaOoeeUqOOBl+OBn+ODleOCqeODiOODleODrOODvOODoOOAgjxicj7lo4HjgavpmZDjgonjgZrjgIHlpKnkupXjgoTjg4njgqLjgarjganjgavoh6rliIbjga7jgYrmsJfjgavlhaXjgorjga7lhpnnnJ/jgpLosrzjgovjgZPjgajjgYzjgafjgY3jgb7jgZnjgII8YnI+4pag44CM5aOB44Gr56m044GM6ZaL44GP44Gu44Gv5auM44CN44CB44CM5Lih6Z2i44OG44O844OX44Gv5LiL5Zyw44GM5rGa44KM44KL44CN44CB44GT44Gu5LqM44Gk44Gu5oKp44G/44KS5LiA5rCX44Gr6Kej5rG644GZ44KL55S75pyf55qE44Gq5ZWG5ZOB44Gn44GZPGJyPuKWoOODneODg+ODl+OBp+OCreODpeODvOODiOOBquODh+OCtuOCpOODs+OCgueJuemVt+OBp+OBmTxicj7ilqDmo5rjgarjganjga7loLTmiYDjgpLlj5bjgovjgZPjgajjgoLjgarjgY/jgIHjgZXjgonjgavjgIHjgZPjgozjgb7jgafjga7lhpnnnJ/jg5Xjg6zjg7zjg6Djgafjga/po77jgovjgZPjgajjgYzjgafjgY3jgarjgYvjgaPjgZ/lo4HjgIHlpKnkupXjgoTjg4njgqLjgarjganjgIHjgZXjgb7jgZbjgb7jgarloLTmiYDjgavoh6rliIbjga7jgYrmsJfjgavlhaXjgorjga7lhpnnnJ/jgpLosrzjgovjgZPjgajjgYzjgafjgY3jgb7jgZk8YnI+4pag44Gv44GM44GZ5pmC44Gv44CB56uv44GL44KJ44Gv44GM44Gb44Gw44CB57Ch5Y2Y44Gr44Kt44Os44Kk44Gr44Gv44GM44GZ44GT44Go44GM44Gn44GN44G+44GZPGJyPuKWoOWQuOedgOWKm+OBjOW8seOBj+OBquOBo+OBpuOBjeOBn+OCieOAgeaOpeedgOmdouOCkuawtOOBp+a0l+OBiOOBsOS9leW6puOBp+OCguW+qea0u+OBl+OAgee5sOOCiui/lOOBl+S9v+OBiOOBvuOBmTxicj7iiarnibnoqLHmioDooZPjgIxFdmVyU1RJS++8iOOCqOODkOODvOOCueODhuOCo+ODg+OCr++8ieOAjeOBq+OBpOOBhOOBpuKJqzxicj7jgIDjgqLjg6Hjg6rjgqvjga7ntKDmnZDjg6Hjg7zjgqvjg7zjgYzplovnmbrjgZfjgIHnibnoqLHjgpLlj5blvpfjgZfjgZ/jg4rjg47mioDooZPjgpLkvb/jgYTjgIHjgIzjg4rjg47jgrXjgq/jgrfjg6fjg7PjgI3jgajjgYTjgYbntLDjgYvjgarlkLjnm6TjgpLkvZXnmb7kuIflgIvjgoLmlbfjgY3oqbDjgoHjgZ/nibnmrorjgarmqLnohILjgILlvLflipvjgarlkLjnnYDlipvjgpLlrp/nj77jgZfjgaTjgaTjgoLjgIHnq6/jgYvjgonjga/jgYzjgZvjgbDjgIHlsI/jgZXjgarlkLjnm6TjgYwx44GkMeOBpOWkluOCjOOBpuOBhOOBj+OBruOBp+OAgeewoeWNmOOBq+OBr+OBjOOBmeOBk+OBqOOBjOOBp+OBjeOBvuOBmeOAgjxicj7iiarkuLvjgarku5Xmp5jiias8YnI+44O744OV44Kp44OI44OV44Os44O844Og44K/44Kk44OXPGJyPuODuzPmnprjgrvjg4Pjg4g8YnI+44O744K144Kk44K677yaIOmVt+OBlee0hDE5Y23Dl+W5hTE0Y23Dl+WlpeihjDAuM2NtPGJyPjwvZm9udD48L3RkPjwvdHI+PC90YWJsZT48c3R5bGUgdHlwZT0idGV4dC9jc3MiPgo8IS0tCi5yYWt1dGVuLWNhbXAgewoJd2lkdGg6IDcyNXB4OwoJYm9yZGVyOiAycHggc29saWQgIzMzOTlGRjsKCXBhZGRpbmctdG9wOiA1cHg7CgktbW96LWJvcmRlci1yYWRpdXM6NHB4OyAvKkZpcmVmb3gqLwoJLXdlYmtpdC1ib3JkZXItcmFkaXVzOiA0cHg7IC8qU2FmYXJpLENocm9tZSovCglib3JkZXItcmFkaXVzOjRweDsgLypPcGVyYSxDaHJvbWUqLwoJbWFyZ2luOjAgMTBweCAxMHB4IDA7Cn0KCi8qIOS+oeagvOOBq+aeoOe3muOBjOOBpOOBjyAqLwp0YWJsZSNyYWt1dGVuTGltaXRlZElkX2NhcnQgewogICAgYmFja2dyb3VuZC1jb2xvcjogI2Y4ZjhmODsKICAgIGJvcmRlcjogMXB4IHNvbGlkICNkZGQ7CiAgICBwYWRkaW5nOiA4cHg7CiAgICBtYXJnaW46IDE2cHggMDsKfQoKc3Bhbi5wcmljZTEgewogICAgY29sb3I6ICMzMzMgIWltcG9ydGFudDsKICAgIGZvbnQtd2VpZ2h0OiBib2xkOwogICAgZm9udC1zaXplOiA4MCUgIWltcG9ydGFudDsKICAgIGxpbmUtaGVpZ2h0OiAzMHB4OwogICAgZGlzcGxheTogaW5saW5lLWJsb2NrOwogICAgbWFyZ2luLXJpZ2h0OiAxNnB4Owp9CgotLT4KPC9zdHlsZT4KCjwhLS3jg5Djg4rjg7zjgqjjg6rjgqItLT4KCjwhLS3jgJDmtojjgZnjgarvvIHjgJHimIXimIXimIUgaGVpZ2h0PSIzODAiIOOBp+ioreWumuOBl+OBpuOBj+OBoOOBleOBhOOAguKYheKYheKYhS0tPgo8IS0t44OQ44OK44O844Ko44Oq44Ki44GT44GT44G+44GnLS0+Cgo8IS0t5qW95aSp44Kt44Oj44Oz44Oa44O844OzLS0+Cgo8aDIgc3R5bGU9Im1hcmdpbjoyMHB4IDAgMTBweCAwOyI+PGltZyBzcmM9Imh0dHA6Ly93d3cucmFrdXRlbi5uZS5qcC9nb2xkL2FraWJhbWFjL2ZyYW1lL2ltYWdlcy9yYWt1dGVuX3RpdGxlMi5naWYiIGFsdD0i5qW95aSp5biC5aC044Gu44GK5b6X44Gq44Kt44Oj44Oz44Oa44O844OzIiB3aWR0aD0iNzMwIiBoZWlnaHQ9IjQyIiBib3JkZXI9IjAiPjwvaDI+CjxkaXYgY2xhc3M9InJha3V0ZW4tY2FtcCIgc3R5bGU9Im1hcmdpbjowIDAgMCAwOyI+CgoKPCEtLealveWkqeOCreODo+ODs+ODmuODvOODs0DjgZPjgZPjgb7jgactLT4=,44Kw44Oq44O844Oz44Ko44O844K444Kn44Oz44OI57KY552A44OV44Kp44OI44OV44Os44O844OgIOOAjEZyYW1lIFVN77yB44CN77yIM+aemuOCu+ODg+ODiO+8iSBVTTA1MC1QSyDjg5Tjg7Pjgq8gKFVNMDUwUEsp77ya44K944OV44Oe44OD44OX44CA44OH44K444K/44Or44Kz44Os44Kv44K344On44Oz,44K944OV44Oe44OD44OXIOODh+OCuOOCv+ODq+OCs+ODrOOCr+OCt+ODp+ODs1NvZm1hcCBEaWdpdGFsIENvbGxlY3Rpb27jg5Hjgr3jgrPjg7Pjgr/jg5bjg6zjg4Pjg4hQQ0hEROOCouOCu+ODs+ODluODquODkeODvOODhOODkeOCveOCs+ODs+ODkeODvOODhOODhuODrOODk+OCsuODvOODoOODluODq+ODvOODrOOCpOOCveODleODiERWROOCveODleODiOa2suaZtuODhuODrOODk+ODluODq+ODvOODrOOCpOODh+OCo+OCueOCr+ODrOOCs+ODvOODgOODvOODh+OCuOOCv+ODq+S4gOecvOODrOODleOCq+ODoeODqeODh+OCuOOCv+ODq+OCq+ODoeODqeWutumbu+aZguioiOS4reWPpOOAgOOCveODleODiOOCouOCpuODiOODrOODg+ODiOS4reWPpOODjuODvOODiOODkeOCveOCs+ODs+S4reWPpOODkeOCveOCs+ODs+OCsOODquODvOODs+OCqOODvOOCuOOCp+ODs+ODiOeymOedgOODleOCqeODiOODleODrOODvOODoCDjgIxGcmFtZSBVTe+8geOAje+8iDPmnprjgrvjg4Pjg4jvvIkgVU0wNTAtUEsg44OU44Oz44KvIChVTTA1MFBLKQ==,44Kw44Oq44O844Oz44Ko44O844K444Kn44Oz44OI57KY552A44OV44Kp44OI44OV44Os44O844OgIOOAjEZyYW1lIFVN77yB44CN77yIM+aemuOCu+ODg+ODiO+8iSBVTTA1MC1QSyDjg5Tjg7Pjgq8gKFVNMDUwUEsp[rn]
7-31658,aHR0cDovL3RzaG9wLnIxMHMuanAvYWtpYmFtYWMvY2FiaW5ldC8wNTI1NDUzOS80NTYwMTk0NTQ4NDEzLmpwZz9maXRpbj03MDA6NzAw,MTUwNC4wMDAw,,44OQ44OD44Kw44O75bCP54mp44O744OW44Op44Oz44OJ6ZuR6LKoID4g44Gd44Gu5LuW,44K544K/44K444Kq44Ko44OMQUxJRkUg44OP44OD44OU44O844OV44Op44Kk44OIIDItV0FZ44Op44Ky44O844K444OZ44Or44OIIFNOQ0YtMDcwLTgg44Kw44Os44O8IChTTkNGMDcwOCk=,,PHRhYmxlIGJvcmRlcj0iMCIgY2VsbHBhZGRpbmc9IjAiIGNlbGxzcGFjaW5nPSIwIiB3aWR0aD0iNzEwIiBzdHlsZT0ibGluZS1oZWlnaHQ6MTQwJTsiPjx0cj48dGQ+PGZvbnQgc2l6ZT0iMiI+4pag44Kt44Oj44Oq44O844OQ44OD44Kw44Gu44OZ44Or44OI44Gu5LuW44Gr44CB5omL6I2354mp44KS44OP44Oz44OJ44Or6YOo5YiG44Gr5Zu65a6a44GZ44KL44GT44Go44KC44Gn44GN44KLMldBWeS7leanmOOAgjxicj48YnI+PC9mb250PjwvdGQ+PC90cj48L3RhYmxlPjx0YWJsZSBjZWxsc3BhY2luZz0iMCIgY2VsbHBhZGRpbmc9IjQiIGJvcmRlcj0iMSIgd2lkdGg9IjcxMCIgYm9yZGVyY29sb3I9IiNjY2NjY2MiPjx0cj48dGQgd2lkdGg9IjE4MCIgYmdjb2xvcj0iI2VmZWZlZiI+PGZvbnQgc2l6ZT0iMiI+44K344Oq44O844K65ZCNL+aEm+ensDwvZm9udD48L3RkPjx0ZCB3aWR0aD0iNTMwIj48Zm9udCBzaXplPSIyIj5BTElGRe+8iOOCouODquODle+8iTwvZm9udD48L3RkPjwvdHI+PHRyPjx0ZCB3aWR0aD0iMTgwIiBiZ2NvbG9yPSIjZWZlZmVmIj48Zm9udCBzaXplPSIyIj7oibI8L2ZvbnQ+PC90ZD48dGQgd2lkdGg9IjUzMCI+PGZvbnQgc2l6ZT0iMiI+44Kw44Os44O8PC9mb250PjwvdGQ+PC90cj48dHI+PHRkIHdpZHRoPSIxODAiIGJnY29sb3I9IiNlZmVmZWYiPjxmb250IHNpemU9IjIiPuacrOS9k+OCteOCpOOCuihIw5dXw5dEKW1tPC9mb250PjwvdGQ+PHRkIHdpZHRoPSI1MzAiPjxmb250IHNpemU9IjIiPjI2w5cxMDYww5c1MG1tPC9mb250PjwvdGQ+PC90cj48dHI+PHRkIHdpZHRoPSIxODAiIGJnY29sb3I9IiNlZmVmZWYiPjxmb250IHNpemU9IjIiPueorumhnjwvZm9udD48L3RkPjx0ZCB3aWR0aD0iNTMwIj48Zm9udCBzaXplPSIyIj7jgrHjg7zjgrnvvaXjg5Djg4PjgrDplqLpgKPnlKjlk4E8L2ZvbnQ+PC90ZD48L3RyPjwvdGFibGU+PHN0eWxlIHR5cGU9InRleHQvY3NzIj4KPCEtLQoucmFrdXRlbi1jYW1wIHsKCXdpZHRoOiA3MjVweDsKCWJvcmRlcjogMnB4IHNvbGlkICMzMzk5RkY7CglwYWRkaW5nLXRvcDogNXB4OwoJLW1vei1ib3JkZXItcmFkaXVzOjRweDsgLypGaXJlZm94Ki8KCS13ZWJraXQtYm9yZGVyLXJhZGl1czogNHB4OyAvKlNhZmFyaSxDaHJvbWUqLwoJYm9yZGVyLXJhZGl1czo0cHg7IC8qT3BlcmEsQ2hyb21lKi8KCW1hcmdpbjowIDEwcHggMTBweCAwOwp9CgovKiDkvqHmoLzjgavmnqDnt5rjgYzjgaTjgY8gKi8KdGFibGUjcmFrdXRlbkxpbWl0ZWRJZF9jYXJ0IHsKICAgIGJhY2tncm91bmQtY29sb3I6ICNmOGY4Zjg7CiAgICBib3JkZXI6IDFweCBzb2xpZCAjZGRkOwogICAgcGFkZGluZzogOHB4OwogICAgbWFyZ2luOiAxNnB4IDA7Cn0KCnNwYW4ucHJpY2UxIHsKICAgIGNvbG9yOiAjMzMzICFpbXBvcnRhbnQ7CiAgICBmb250LXdlaWdodDogYm9sZDsKICAgIGZvbnQtc2l6ZTogODAlICFpbXBvcnRhbnQ7CiAgICBsaW5lLWhlaWdodDogMzBweDsKICAgIGRpc3BsYXk6IGlubGluZS1ibG9jazsKICAgIG1hcmdpbi1yaWdodDogMTZweDsKfQoKLS0+Cjwvc3R5bGU+Cgo8IS0t44OQ44OK44O844Ko44Oq44KiLS0+Cgo8IS0t44CQ5raI44GZ44Gq77yB44CR4piF4piF4piFIGhlaWdodD0iMzgwIiDjgafoqK3lrprjgZfjgabjgY/jgaDjgZXjgYTjgILimIXimIXimIUtLT4KPCEtLeODkOODiuODvOOCqOODquOCouOBk+OBk+OBvuOBpy0tPgoKPCEtLealveWkqeOCreODo+ODs+ODmuODvOODsy0tPgoKPGgyIHN0eWxlPSJtYXJnaW46MjBweCAwIDEwcHggMDsiPjxpbWcgc3JjPSJodHRwOi8vd3d3LnJha3V0ZW4ubmUuanAvZ29sZC9ha2liYW1hYy9mcmFtZS9pbWFnZXMvcmFrdXRlbl90aXRsZTIuZ2lmIiBhbHQ9IualveWkqeW4guWgtOOBruOBiuW+l+OBquOCreODo+ODs+ODmuODvOODsyIgd2lkdGg9IjczMCIgaGVpZ2h0PSI0MiIgYm9yZGVyPSIwIj48L2gyPgo8ZGl2IGNsYXNzPSJyYWt1dGVuLWNhbXAiIHN0eWxlPSJtYXJnaW46MCAwIDAgMDsiPgoKCjwhLS3mpb3lpKnjgq3jg6Pjg7Pjg5rjg7zjg7NA44GT44GT44G+44GnLS0+,44K544K/44K444Kq44Ko44OMQUxJRkUg44OP44OD44OU44O844OV44Op44Kk44OIIDItV0FZ44Op44Ky44O844K444OZ44Or44OIIFNOQ0YtMDcwLTgg44Kw44Os44O8IChTTkNGMDcwOCnvvJrjgr3jg5Xjg57jg4Pjg5fjgIDjg4fjgrjjgr/jg6vjgrPjg6zjgq/jgrfjg6fjg7M=,44K944OV44Oe44OD44OXIOODh+OCuOOCv+ODq+OCs+ODrOOCr+OCt+ODp+ODs1NvZm1hcCBEaWdpdGFsIENvbGxlY3Rpb27jg5Hjgr3jgrPjg7Pjgr/jg5bjg6zjg4Pjg4hQQ0hEROOCouOCu+ODs+ODluODquODkeODvOODhOODkeOCveOCs+ODs+ODkeODvOODhOODhuODrOODk+OCsuODvOODoOODluODq+ODvOODrOOCpOOCveODleODiERWROOCveODleODiOa2suaZtuODhuODrOODk+ODluODq+ODvOODrOOCpOODh+OCo+OCueOCr+ODrOOCs+ODvOODgOODvOODh+OCuOOCv+ODq+S4gOecvOODrOODleOCq+ODoeODqeODh+OCuOOCv+ODq+OCq+ODoeODqeWutumbu+aZguioiOS4reWPpOOAgOOCveODleODiOOCouOCpuODiOODrOODg+ODiOS4reWPpOODjuODvOODiOODkeOCveOCs+ODs+S4reWPpOODkeOCveOCs+ODs+OCueOCv+OCuOOCquOCqOODjEFMSUZFIOODj+ODg+ODlOODvOODleODqeOCpOODiCAyLVdBWeODqeOCsuODvOOCuOODmeODq+ODiCBTTkNGLTA3MC04IOOCsOODrOODvCAoU05DRjA3MDgp,44K544K/44K444Kq44Ko44OMQUxJRkUg44OP44OD44OU44O844OV44Op44Kk44OIIDItV0FZ44Op44Ky44O844K444OZ44Or44OIIFNOQ0YtMDcwLTgg44Kw44Os44O8IChTTkNGMDcwOCk=[rn]
7-31659,aHR0cDovL3RzaG9wLnIxMHMuanAvYWtpYmFtYWMvY2FiaW5ldC8wNTMzNDgzMS80NTgyMzE2MzcyMDQxLmpwZz9maXRpbj03MDA6NzAw,NTYwLjAwMDA=,,44OQ44OD44Kw44O75bCP54mp44O744OW44Op44Oz44OJ6ZuR6LKoID4g44Gd44Gu5LuW,44Kw44Oq44O844Oz44Ko44O844K444Kn44Oz44OI57KY552A44Of44Op44O8IOOAjE1pcnJvciBVTe+8geOAjSBVTTA0MC1CTCDjg5bjg6vjg7wgKFVNMDQwQkwp,,PHRhYmxlIGJvcmRlcj0iMCIgY2VsbHBhZGRpbmc9IjAiIGNlbGxzcGFjaW5nPSIwIiB3aWR0aD0iNzEwIiBzdHlsZT0ibGluZS1oZWlnaHQ6MTQwJTsiPjx0cj48dGQ+PGZvbnQgc2l6ZT0iMiI+PGJyPuS9leW6puOBp+OCguiyvOOBo+OBpuOBr+OBjOOBm+OCi+eJueauiuOBqueymOedgOOCt+ODvOODiOOCkuaOoeeUqOOBl+OBn+mPoeOAgjxicj7njoTplqLjgoTjg4jjgqTjg6zjgIHjg63jg4Pjgqvjg7zjga7kuK3jgarjganjgIHmhI/lpJbjgarloLTmiYDjgavosrzjgorku5jjgZHjgabkvb/jgYbjgZPjgajjgYzjgafjgY3jgb7jgZnjgILoloTjgYTjga7jgafjgIHmiYvpj6HjgajjgZfjgabmjIHjgaHpgYvjgbbjga7jgoLjgYrjgrnjgrnjg6HvvIE8YnI+4pag44CM56m044KS44GC44GR44Gq44GE44Go5Y+W44KK5LuY44GR44KJ44KM44Gq44GE44CN44CB44CM5Lih6Z2i44OG44O844OX44Gv5LiL5Zyw44GM5rGa44KM44KL44CN44Go44GE44GG5aOB55So44Of44Op44O844Gu5LqM44Gk44Gu5oKp44G/44KS5LiA5rCX44Gr6Kej5rG644GZ44KL55S75pyf55qE44Gq5ZWG5ZOB44Gn44GZPGJyPuKWoOODneODg+ODl+OBp+OCreODpeODvOODiOOBquODh+OCtuOCpOODs+OCgueJuemVt+OBp+OBmTxicj7ilqDnjoTplqLjgoTjg4jjgqTjg6zjgIHjg63jg4Pjgqvjg7zjga7kuK3jgarjganjgIHmhI/lpJbjgarloLTmiYDjgavpj6HjgpLosrzjgorku5jjgZHjgabkvb/jgYbjgZPjgajjgYzjgafjgY3jgb7jgZk8YnI+4pag6JaE44GE44Gu44Gn44CB5omL6Y+h44Go44GX44Gm5oyB44Gh6YGL44G244Gu44KC44GK44K544K544Oh77yBPGJyPuKWoOOBr+OBjOOBmeaZguOBr+OAgeerr+OBi+OCieOBr+OBjOOBm+OBsOOAgeewoeWNmOOBq+OCreODrOOCpOOBq+OBr+OBjOOBmeOBk+OBqOOBjOOBp+OBjeOBvuOBmTxicj7ilqDlkLjnnYDlipvjgYzlvLHjgY/jgarjgaPjgabjgY3jgZ/jgonjgIHmjqXnnYDpnaLjgpLmsLTjgafmtJfjgYjjgbDkvZXluqbjgafjgoLlvqnmtLvjgZfjgIHnubDjgorov5TjgZfkvb/jgYjjgb7jgZk8YnI+4omq54m56Kix5oqA6KGT44CMRXZlclNUSUvvvIjjgqjjg5Djg7zjgrnjg4bjgqPjg4Pjgq/vvInjgI3jgavjgaTjgYTjgabiias8YnI+44CA44Ki44Oh44Oq44Kr44Gu57Sg5p2Q44Oh44O844Kr44O844GM6ZaL55m644GX44CB54m56Kix44KS5Y+W5b6X44GX44Gf44OK44OO5oqA6KGT44KS5L2/44GE44CB44CM44OK44OO44K144Kv44K344On44Oz44CN44Go44GE44GG57Sw44GL44Gq5ZC455uk44KS5L2V55m+5LiH5YCL44KC5pW344GN6Kmw44KB44Gf54m55q6K44Gq5qi56ISC44CC5by35Yqb44Gq5ZC4552A5Yqb44KS5a6f54++44GX44Gk44Gk44KC44CB56uv44GL44KJ44Gv44GM44Gb44Gw44CB5bCP44GV44Gq5ZC455uk44GMMeOBpDHjgaTlpJbjgozjgabjgYTjgY/jga7jgafjgIHnsKHljZjjgavjga/jgYzjgZnjgZPjgajjgYzjgafjgY3jgb7jgZnjgII8YnI+4omq5Li744Gq5LuV5qeY4omrPGJyPuODu+mPoeOCv+OCpOODlzxicj7jg7vjgrXjgqTjgrrvvJog6ZW344GV57SEOS42w5fluYU5LjZjbcOX5aWl6KGMMC40Y208YnI+PC9mb250PjwvdGQ+PC90cj48L3RhYmxlPjxzdHlsZSB0eXBlPSJ0ZXh0L2NzcyI+CjwhLS0KLnJha3V0ZW4tY2FtcCB7Cgl3aWR0aDogNzI1cHg7Cglib3JkZXI6IDJweCBzb2xpZCAjMzM5OUZGOwoJcGFkZGluZy10b3A6IDVweDsKCS1tb3otYm9yZGVyLXJhZGl1czo0cHg7IC8qRmlyZWZveCovCgktd2Via2l0LWJvcmRlci1yYWRpdXM6IDRweDsgLypTYWZhcmksQ2hyb21lKi8KCWJvcmRlci1yYWRpdXM6NHB4OyAvKk9wZXJhLENocm9tZSovCgltYXJnaW46MCAxMHB4IDEwcHggMDsKfQoKLyog5L6h5qC844Gr5p6g57ea44GM44Gk44GPICovCnRhYmxlI3Jha3V0ZW5MaW1pdGVkSWRfY2FydCB7CiAgICBiYWNrZ3JvdW5kLWNvbG9yOiAjZjhmOGY4OwogICAgYm9yZGVyOiAxcHggc29saWQgI2RkZDsKICAgIHBhZGRpbmc6IDhweDsKICAgIG1hcmdpbjogMTZweCAwOwp9CgpzcGFuLnByaWNlMSB7CiAgICBjb2xvcjogIzMzMyAhaW1wb3J0YW50OwogICAgZm9udC13ZWlnaHQ6IGJvbGQ7CiAgICBmb250LXNpemU6IDgwJSAhaW1wb3J0YW50OwogICAgbGluZS1oZWlnaHQ6IDMwcHg7CiAgICBkaXNwbGF5OiBpbmxpbmUtYmxvY2s7CiAgICBtYXJnaW4tcmlnaHQ6IDE2cHg7Cn0KCi0tPgo8L3N0eWxlPgoKPCEtLeODkOODiuODvOOCqOODquOCoi0tPgoKPCEtLeOAkOa2iOOBmeOBqu+8geOAkeKYheKYheKYhSBoZWlnaHQ9IjM4MCIg44Gn6Kit5a6a44GX44Gm44GP44Gg44GV44GE44CC4piF4piF4piFLS0+CjwhLS3jg5Djg4rjg7zjgqjjg6rjgqLjgZPjgZPjgb7jgactLT4KCjwhLS3mpb3lpKnjgq3jg6Pjg7Pjg5rjg7zjg7MtLT4KCjxoMiBzdHlsZT0ibWFyZ2luOjIwcHggMCAxMHB4IDA7Ij48aW1nIHNyYz0iaHR0cDovL3d3dy5yYWt1dGVuLm5lLmpwL2dvbGQvYWtpYmFtYWMvZnJhbWUvaW1hZ2VzL3Jha3V0ZW5fdGl0bGUyLmdpZiIgYWx0PSLmpb3lpKnluILloLTjga7jgYrlvpfjgarjgq3jg6Pjg7Pjg5rjg7zjg7MiIHdpZHRoPSI3MzAiIGhlaWdodD0iNDIiIGJvcmRlcj0iMCI+PC9oMj4KPGRpdiBjbGFzcz0icmFrdXRlbi1jYW1wIiBzdHlsZT0ibWFyZ2luOjAgMCAwIDA7Ij4KCgo8IS0t5qW95aSp44Kt44Oj44Oz44Oa44O844OzQOOBk+OBk+OBvuOBpy0tPg==,44Kw44Oq44O844Oz44Ko44O844K444Kn44Oz44OI57KY552A44Of44Op44O8IOOAjE1pcnJvciBVTe+8geOAjSBVTTA0MC1CTCDjg5bjg6vjg7wgKFVNMDQwQkwp77ya44K944OV44Oe44OD44OX44CA44OH44K444K/44Or44Kz44Os44Kv44K344On44Oz,44K944OV44Oe44OD44OXIOODh+OCuOOCv+ODq+OCs+ODrOOCr+OCt+ODp+ODs1NvZm1hcCBEaWdpdGFsIENvbGxlY3Rpb27jg5Hjgr3jgrPjg7Pjgr/jg5bjg6zjg4Pjg4hQQ0hEROOCouOCu+ODs+ODluODquODkeODvOODhOODkeOCveOCs+ODs+ODkeODvOODhOODhuODrOODk+OCsuODvOODoOODluODq+ODvOODrOOCpOOCveODleODiERWROOCveODleODiOa2suaZtuODhuODrOODk+ODluODq+ODvOODrOOCpOODh+OCo+OCueOCr+ODrOOCs+ODvOODgOODvOODh+OCuOOCv+ODq+S4gOecvOODrOODleOCq+ODoeODqeODh+OCuOOCv+ODq+OCq+ODoeODqeWutumbu+aZguioiOS4reWPpOOAgOOCveODleODiOOCouOCpuODiOODrOODg+ODiOS4reWPpOODjuODvOODiOODkeOCveOCs+ODs+S4reWPpOODkeOCveOCs+ODs+OCsOODquODvOODs+OCqOODvOOCuOOCp+ODs+ODiOeymOedgOODn+ODqeODvCDjgIxNaXJyb3IgVU3vvIHjgI0gVU0wNDAtQkwg44OW44Or44O8IChVTTA0MEJMKQ==,44Kw44Oq44O844Oz44Ko44O844K444Kn44Oz44OI57KY552A44Of44Op44O8IOOAjE1pcnJvciBVTe+8geOAjSBVTTA0MC1CTCDjg5bjg6vjg7wgKFVNMDQwQkwp[rn]
7-31660,aHR0cDovL3RzaG9wLnIxMHMuanAvYWtpYmFtYWMvY2FiaW5ldC8wNTMzNDgzMS80NTgyMzE2MzcyMDM0LmpwZz9maXRpbj03MDA6NzAw,NTYwLjAwMDA=,,44OQ44OD44Kw44O75bCP54mp44O744OW44Op44Oz44OJ6ZuR6LKoID4g44Gd44Gu5LuW,44Kw44Oq44O844Oz44Ko44O844K444Kn44Oz44OI57KY552A44Of44Op44O8IOOAjE1pcnJvciBVTe+8geOAjSBVTTA0MC1QSyDjg5Tjg7Pjgq8gKFVNMDQwUEsp,,PHRhYmxlIGJvcmRlcj0iMCIgY2VsbHBhZGRpbmc9IjAiIGNlbGxzcGFjaW5nPSIwIiB3aWR0aD0iNzEwIiBzdHlsZT0ibGluZS1oZWlnaHQ6MTQwJTsiPjx0cj48dGQ+PGZvbnQgc2l6ZT0iMiI+PGJyPuS9leW6puOBp+OCguiyvOOBo+OBpuOBr+OBjOOBm+OCi+eJueauiuOBqueymOedgOOCt+ODvOODiOOCkuaOoeeUqOOBl+OBn+mPoeOAgjxicj7njoTplqLjgoTjg4jjgqTjg6zjgIHjg63jg4Pjgqvjg7zjga7kuK3jgarjganjgIHmhI/lpJbjgarloLTmiYDjgavosrzjgorku5jjgZHjgabkvb/jgYbjgZPjgajjgYzjgafjgY3jgb7jgZnjgILoloTjgYTjga7jgafjgIHmiYvpj6HjgajjgZfjgabmjIHjgaHpgYvjgbbjga7jgoLjgYrjgrnjgrnjg6HvvIE8YnI+4pag44CM56m044KS44GC44GR44Gq44GE44Go5Y+W44KK5LuY44GR44KJ44KM44Gq44GE44CN44CB44CM5Lih6Z2i44OG44O844OX44Gv5LiL5Zyw44GM5rGa44KM44KL44CN44Go44GE44GG5aOB55So44Of44Op44O844Gu5LqM44Gk44Gu5oKp44G/44KS5LiA5rCX44Gr6Kej5rG644GZ44KL55S75pyf55qE44Gq5ZWG5ZOB44Gn44GZPGJyPuKWoOODneODg+ODl+OBp+OCreODpeODvOODiOOBquODh+OCtuOCpOODs+OCgueJuemVt+OBp+OBmTxicj7ilqDnjoTplqLjgoTjg4jjgqTjg6zjgIHjg63jg4Pjgqvjg7zjga7kuK3jgarjganjgIHmhI/lpJbjgarloLTmiYDjgavpj6HjgpLosrzjgorku5jjgZHjgabkvb/jgYbjgZPjgajjgYzjgafjgY3jgb7jgZk8YnI+4pag6JaE44GE44Gu44Gn44CB5omL6Y+h44Go44GX44Gm5oyB44Gh6YGL44G244Gu44KC44GK44K544K544Oh77yBPGJyPuKWoOOBr+OBjOOBmeaZguOBr+OAgeerr+OBi+OCieOBr+OBjOOBm+OBsOOAgeewoeWNmOOBq+OCreODrOOCpOOBq+OBr+OBjOOBmeOBk+OBqOOBjOOBp+OBjeOBvuOBmTxicj7ilqDlkLjnnYDlipvjgYzlvLHjgY/jgarjgaPjgabjgY3jgZ/jgonjgIHmjqXnnYDpnaLjgpLmsLTjgafmtJfjgYjjgbDkvZXluqbjgafjgoLlvqnmtLvjgZfjgIHnubDjgorov5TjgZfkvb/jgYjjgb7jgZk8YnI+4omq54m56Kix5oqA6KGT44CMRXZlclNUSUvvvIjjgqjjg5Djg7zjgrnjg4bjgqPjg4Pjgq/vvInjgI3jgavjgaTjgYTjgabiias8YnI+44CA44Ki44Oh44Oq44Kr44Gu57Sg5p2Q44Oh44O844Kr44O844GM6ZaL55m644GX44CB54m56Kix44KS5Y+W5b6X44GX44Gf44OK44OO5oqA6KGT44KS5L2/44GE44CB44CM44OK44OO44K144Kv44K344On44Oz44CN44Go44GE44GG57Sw44GL44Gq5ZC455uk44KS5L2V55m+5LiH5YCL44KC5pW344GN6Kmw44KB44Gf54m55q6K44Gq5qi56ISC44CC5by35Yqb44Gq5ZC4552A5Yqb44KS5a6f54++44GX44Gk44Gk44KC44CB56uv44GL44KJ44Gv44GM44Gb44Gw44CB5bCP44GV44Gq5ZC455uk44GMMeOBpDHjgaTlpJbjgozjgabjgYTjgY/jga7jgafjgIHnsKHljZjjgavjga/jgYzjgZnjgZPjgajjgYzjgafjgY3jgb7jgZnjgII8YnI+4omq5Li744Gq5LuV5qeY4omrPGJyPuODu+mPoeOCv+OCpOODlzxicj7jg7vjgrXjgqTjgrrvvJog6ZW344GV57SEOS42w5fluYU5LjZjbcOX5aWl6KGMMC40Y208YnI+PC9mb250PjwvdGQ+PC90cj48L3RhYmxlPjxzdHlsZSB0eXBlPSJ0ZXh0L2NzcyI+CjwhLS0KLnJha3V0ZW4tY2FtcCB7Cgl3aWR0aDogNzI1cHg7Cglib3JkZXI6IDJweCBzb2xpZCAjMzM5OUZGOwoJcGFkZGluZy10b3A6IDVweDsKCS1tb3otYm9yZGVyLXJhZGl1czo0cHg7IC8qRmlyZWZveCovCgktd2Via2l0LWJvcmRlci1yYWRpdXM6IDRweDsgLypTYWZhcmksQ2hyb21lKi8KCWJvcmRlci1yYWRpdXM6NHB4OyAvKk9wZXJhLENocm9tZSovCgltYXJnaW46MCAxMHB4IDEwcHggMDsKfQoKLyog5L6h5qC844Gr5p6g57ea44GM44Gk44GPICovCnRhYmxlI3Jha3V0ZW5MaW1pdGVkSWRfY2FydCB7CiAgICBiYWNrZ3JvdW5kLWNvbG9yOiAjZjhmOGY4OwogICAgYm9yZGVyOiAxcHggc29saWQgI2RkZDsKICAgIHBhZGRpbmc6IDhweDsKICAgIG1hcmdpbjogMTZweCAwOwp9CgpzcGFuLnByaWNlMSB7CiAgICBjb2xvcjogIzMzMyAhaW1wb3J0YW50OwogICAgZm9udC13ZWlnaHQ6IGJvbGQ7CiAgICBmb250LXNpemU6IDgwJSAhaW1wb3J0YW50OwogICAgbGluZS1oZWlnaHQ6IDMwcHg7CiAgICBkaXNwbGF5OiBpbmxpbmUtYmxvY2s7CiAgICBtYXJnaW4tcmlnaHQ6IDE2cHg7Cn0KCi0tPgo8L3N0eWxlPgoKPCEtLeODkOODiuODvOOCqOODquOCoi0tPgoKPCEtLeOAkOa2iOOBmeOBqu+8geOAkeKYheKYheKYhSBoZWlnaHQ9IjM4MCIg44Gn6Kit5a6a44GX44Gm44GP44Gg44GV44GE44CC4piF4piF4piFLS0+CjwhLS3jg5Djg4rjg7zjgqjjg6rjgqLjgZPjgZPjgb7jgactLT4KCjwhLS3mpb3lpKnjgq3jg6Pjg7Pjg5rjg7zjg7MtLT4KCjxoMiBzdHlsZT0ibWFyZ2luOjIwcHggMCAxMHB4IDA7Ij48aW1nIHNyYz0iaHR0cDovL3d3dy5yYWt1dGVuLm5lLmpwL2dvbGQvYWtpYmFtYWMvZnJhbWUvaW1hZ2VzL3Jha3V0ZW5fdGl0bGUyLmdpZiIgYWx0PSLmpb3lpKnluILloLTjga7jgYrlvpfjgarjgq3jg6Pjg7Pjg5rjg7zjg7MiIHdpZHRoPSI3MzAiIGhlaWdodD0iNDIiIGJvcmRlcj0iMCI+PC9oMj4KPGRpdiBjbGFzcz0icmFrdXRlbi1jYW1wIiBzdHlsZT0ibWFyZ2luOjAgMCAwIDA7Ij4KCgo8IS0t5qW95aSp44Kt44Oj44Oz44Oa44O844OzQOOBk+OBk+OBvuOBpy0tPg==,44Kw44Oq44O844Oz44Ko44O844K444Kn44Oz44OI57KY552A44Of44Op44O8IOOAjE1pcnJvciBVTe+8geOAjSBVTTA0MC1QSyDjg5Tjg7Pjgq8gKFVNMDQwUEsp77ya44K944OV44Oe44OD44OX44CA44OH44K444K/44Or44Kz44Os44Kv44K344On44Oz,44K944OV44Oe44OD44OXIOODh+OCuOOCv+ODq+OCs+ODrOOCr+OCt+ODp+ODs1NvZm1hcCBEaWdpdGFsIENvbGxlY3Rpb27jg5Hjgr3jgrPjg7Pjgr/jg5bjg6zjg4Pjg4hQQ0hEROOCouOCu+ODs+ODluODquODkeODvOODhOODkeOCveOCs+ODs+ODkeODvOODhOODhuODrOODk+OCsuODvOODoOODluODq+ODvOODrOOCpOOCveODleODiERWROOCveODleODiOa2suaZtuODhuODrOODk+ODluODq+ODvOODrOOCpOODh+OCo+OCueOCr+ODrOOCs+ODvOODgOODvOODh+OCuOOCv+ODq+S4gOecvOODrOODleOCq+ODoeODqeODh+OCuOOCv+ODq+OCq+ODoeODqeWutumbu+aZguioiOS4reWPpOOAgOOCveODleODiOOCouOCpuODiOODrOODg+ODiOS4reWPpOODjuODvOODiOODkeOCveOCs+ODs+S4reWPpOODkeOCveOCs+ODs+OCsOODquODvOODs+OCqOODvOOCuOOCp+ODs+ODiOeymOedgOODn+ODqeODvCDjgIxNaXJyb3IgVU3vvIHjgI0gVU0wNDAtUEsg44OU44Oz44KvIChVTTA0MFBLKQ==,44Kw44Oq44O844Oz44Ko44O844K444Kn44Oz44OI57KY552A44Of44Op44O8IOOAjE1pcnJvciBVTe+8geOAjSBVTTA0MC1QSyDjg5Tjg7Pjgq8gKFVNMDQwUEsp[rn]
7-31661,aHR0cDovL3RzaG9wLnIxMHMuanAvYWtpYmFtYWMvY2FiaW5ldC8wNTEwNDc1NS80OTU0MjgxNDY0MDI5LmpwZz9maXRpbj03MDA6NzAw,MTU4NC4wMDAw,,44OQ44OD44Kw44O75bCP54mp44O744OW44Op44Oz44OJ6ZuR6LKoID4g44Gd44Gu5LuW,44OV44Op44Oz44K544OZ44OD44OJ44K544Oq44O844OX44OQ44Oz44OG44O844K4IOODleODq+ODvOODqyjjg5Hjg7zjg5fjg6spIChTVu++jO++me+9sO++mVBBKQ==,,PHRhYmxlIGJvcmRlcj0iMCIgY2VsbHBhZGRpbmc9IjAiIGNlbGxzcGFjaW5nPSIwIiB3aWR0aD0iNzEwIiBzdHlsZT0ibGluZS1oZWlnaHQ6MTQwJTsiPjx0cj48dGQ+PGZvbnQgc2l6ZT0iMiI+44Gt44GY44Gj44Gm44CB44Gf44Gf44KT44Gn44CB5bqD44GS44Gm77yBPGJyPuWlveOBjeOBquW9ouOBp+ODquODqeODg+OCr+OCuTxicj48YnI+4pag5bqD44GS44Gm44OJ44O844OK44OEPGJyPuODu+OCguOBo+OBoeOCiuOCr+ODg+OCt+ODp+ODszxicj7jg7vmpIXlrZDjga7kuIrjgas8YnI+PGJyPuKWoOaKmOOCiuOBn+OBn+OCk+OBp+ODluODreODg+OCrzxicj7jg7vjg43jg4Pjgq/jg5Tjg63jg7w8YnI+44O744GG44Gf44Gf5a+d44GrPGJyPuODu+iDjOS4reOCr+ODg+OCt+ODp+ODszxicj48YnI+4pag44Gt44GY44Gj44Gm44OE44Kk44K544OIPGJyPuODu+iFsOOBruOCteODneODvOODiOOBqzxicj7jg7vmjIHjgaHpgYvjgbPjgavkvr/liKnvvIE8YnI+44O75q2j5bqn44GZ44KL6Zqb44Gu44GK44GX44KK44KS44K144Od44O844OIPGJyPuODu+Wvnei7ouOBjOOBo+OBpui2s+mmluOCkuOCteODneODvOODiDxicj48YnI+4pag44Gf44Gf44KT44Gn44OV44Op44Ov44O8PGJyPuODu+OBguOBiuOCgOOBkeOBp+iqreabuDxicj7jg7vog7jjgb7jgY/jgok8YnI+PGJyPuOAkOOCteOCpOOCuuOAkTI5NcOXNzNtbTxicj7jgJDntYTmiJDjgJE8YnI+6KGo5Zyw77ya44Od44Oq44Ko44K544OG44OrMTAw77yFPGJyPuijj+WcsO+8muODneODquOCqOOCueODhuODqzky77yF44CB44Od44Oq44Km44Os44K/44OzOO+8hTxicj7lhYXloavnianvvJrnmbrms6HmgKfjg53jg6rjgrnjg4Hjg6zjg7MxMDDvvIU8YnI+44CQ6YeN6YeP44CRNjdn77yI5YWF5aGr54mp77yJ44CBMTE3Z++8iOijveWTge+8iTxicj48YnI+4oC75Lit5p2Q44Gu5oCn6LOq5LiK44CB44GU5L2/55So44GX44Gm44GE44KL44GG44Gh44Gr5b6Q44CF44Gr44Oc44Oq44Ol44O844Og44GM54Sh44GP44Gq44Gj44Gm44GN44G+44GZ44CCPGJyPjxicj48L2ZvbnQ+PC90ZD48L3RyPjwvdGFibGU+PHN0eWxlIHR5cGU9InRleHQvY3NzIj4KPCEtLQoucmFrdXRlbi1jYW1wIHsKCXdpZHRoOiA3MjVweDsKCWJvcmRlcjogMnB4IHNvbGlkICMzMzk5RkY7CglwYWRkaW5nLXRvcDogNXB4OwoJLW1vei1ib3JkZXItcmFkaXVzOjRweDsgLypGaXJlZm94Ki8KCS13ZWJraXQtYm9yZGVyLXJhZGl1czogNHB4OyAvKlNhZmFyaSxDaHJvbWUqLwoJYm9yZGVyLXJhZGl1czo0cHg7IC8qT3BlcmEsQ2hyb21lKi8KCW1hcmdpbjowIDEwcHggMTBweCAwOwp9CgovKiDkvqHmoLzjgavmnqDnt5rjgYzjgaTjgY8gKi8KdGFibGUjcmFrdXRlbkxpbWl0ZWRJZF9jYXJ0IHsKICAgIGJhY2tncm91bmQtY29sb3I6ICNmOGY4Zjg7CiAgICBib3JkZXI6IDFweCBzb2xpZCAjZGRkOwogICAgcGFkZGluZzogOHB4OwogICAgbWFyZ2luOiAxNnB4IDA7Cn0KCnNwYW4ucHJpY2UxIHsKICAgIGNvbG9yOiAjMzMzICFpbXBvcnRhbnQ7CiAgICBmb250LXdlaWdodDogYm9sZDsKICAgIGZvbnQtc2l6ZTogODAlICFpbXBvcnRhbnQ7CiAgICBsaW5lLWhlaWdodDogMzBweDsKICAgIGRpc3BsYXk6IGlubGluZS1ibG9jazsKICAgIG1hcmdpbi1yaWdodDogMTZweDsKfQoKLS0+Cjwvc3R5bGU+Cgo8IS0t44OQ44OK44O844Ko44Oq44KiLS0+Cgo8IS0t44CQ5raI44GZ44Gq77yB44CR4piF4piF4piFIGhlaWdodD0iMzgwIiDjgafoqK3lrprjgZfjgabjgY/jgaDjgZXjgYTjgILimIXimIXimIUtLT4KPCEtLeODkOODiuODvOOCqOODquOCouOBk+OBk+OBvuOBpy0tPgoKPCEtLealveWkqeOCreODo+ODs+ODmuODvOODsy0tPgoKPGgyIHN0eWxlPSJtYXJnaW46MjBweCAwIDEwcHggMDsiPjxpbWcgc3JjPSJodHRwOi8vd3d3LnJha3V0ZW4ubmUuanAvZ29sZC9ha2liYW1hYy9mcmFtZS9pbWFnZXMvcmFrdXRlbl90aXRsZTIuZ2lmIiBhbHQ9IualveWkqeW4guWgtOOBruOBiuW+l+OBquOCreODo+ODs+ODmuODvOODsyIgd2lkdGg9IjczMCIgaGVpZ2h0PSI0MiIgYm9yZGVyPSIwIj48L2gyPgo8ZGl2IGNsYXNzPSJyYWt1dGVuLWNhbXAiIHN0eWxlPSJtYXJnaW46MCAwIDAgMDsiPgoKCjwhLS3mpb3lpKnjgq3jg6Pjg7Pjg5rjg7zjg7NA44GT44GT44G+44GnLS0+,44OV44Op44Oz44K544OZ44OD44OJ44K544Oq44O844OX44OQ44Oz44OG44O844K4IOODleODq+ODvOODqyjjg5Hjg7zjg5fjg6spIChTVu++jO++me+9sO++mVBBKe+8muOCveODleODnuODg+ODl+OAgOODh+OCuOOCv+ODq+OCs+ODrOOCr+OCt+ODp+ODsw==,44K944OV44Oe44OD44OXIOODh+OCuOOCv+ODq+OCs+ODrOOCr+OCt+ODp+ODs1NvZm1hcCBEaWdpdGFsIENvbGxlY3Rpb27jg5Hjgr3jgrPjg7Pjgr/jg5bjg6zjg4Pjg4hQQ0hEROOCouOCu+ODs+ODluODquODkeODvOODhOODkeOCveOCs+ODs+ODkeODvOODhOODhuODrOODk+OCsuODvOODoOODluODq+ODvOODrOOCpOOCveODleODiERWROOCveODleODiOa2suaZtuODhuODrOODk+ODluODq+ODvOODrOOCpOODh+OCo+OCueOCr+ODrOOCs+ODvOODgOODvOODh+OCuOOCv+ODq+S4gOecvOODrOODleOCq+ODoeODqeODh+OCuOOCv+ODq+OCq+ODoeODqeWutumbu+aZguioiOS4reWPpOOAgOOCveODleODiOOCouOCpuODiOODrOODg+ODiOS4reWPpOODjuODvOODiOODkeOCveOCs+ODs+S4reWPpOODkeOCveOCs+ODs+ODleODqeODs+OCueODmeODg+ODieOCueODquODvOODl+ODkOODs+ODhuODvOOCuCDjg5Xjg6vjg7zjg6so44OR44O844OX44OrKSAoU1bvvozvvpnvvbDvvplQQSk=,44OV44Op44Oz44K544OZ44OD44OJ44K544Oq44O844OX44OQ44Oz44OG44O844K4IOODleODq+ODvOODqyjjg5Hjg7zjg5fjg6spIChTVu++jO++me+9sO++mVBBKQ==[rn]
7-31662,aHR0cDovL3RzaG9wLnIxMHMuanAvYWtpYmFtYWMvY2FiaW5ldC8wNTI1NDUzOS80NTYwMTk0NTQyMjY4LmpwZz9maXRpbj03MDA6NzAw,NjUwLjQwMDA=,,44OQ44OD44Kw44O75bCP54mp44O744OW44Op44Oz44OJ6ZuR6LKoID4g44Gd44Gu5LuW,44K544K/44K444Kq44Ko44OMQUxJRkUg44OP44OD44OU44O844OV44Op44Kk44OIIOODqeOCsuODvOOCuCDjgr/jgrAgU05DRi0wMTEtNSDjgqTjgqjjg63jg7wgKFNOQ0YwMTE1KQ==,,PHRhYmxlIGJvcmRlcj0iMCIgY2VsbHBhZGRpbmc9IjAiIGNlbGxzcGFjaW5nPSIwIiB3aWR0aD0iNzEwIiBzdHlsZT0ibGluZS1oZWlnaHQ6MTQwJTsiPjx0cj48dGQ+PGZvbnQgc2l6ZT0iMiI+4pag5peF6KGM5rCX5YiG44KS44OQ44OD44Kw44Gr44KC5Y+W44KK5LuY44GR44KL4oCd44OP44OD44OU44O844OV44Op44Kk44OI44O744Op44Ky44O844K444K/44Kw4oCdPGJyPjxicj48L2ZvbnQ+PC90ZD48L3RyPjwvdGFibGU+PHRhYmxlIGNlbGxzcGFjaW5nPSIwIiBjZWxscGFkZGluZz0iNCIgYm9yZGVyPSIxIiB3aWR0aD0iNzEwIiBib3JkZXJjb2xvcj0iI2NjY2NjYyI+PHRyPjx0ZCB3aWR0aD0iMTgwIiBiZ2NvbG9yPSIjZWZlZmVmIj48Zm9udCBzaXplPSIyIj7jgrfjg6rjg7zjgrrlkI0v5oSb56ewPC9mb250PjwvdGQ+PHRkIHdpZHRoPSI1MzAiPjxmb250IHNpemU9IjIiPkFMSUZF77yI44Ki44Oq44OV77yJPC9mb250PjwvdGQ+PC90cj48dHI+PHRkIHdpZHRoPSIxODAiIGJnY29sb3I9IiNlZmVmZWYiPjxmb250IHNpemU9IjIiPuiJsjwvZm9udD48L3RkPjx0ZCB3aWR0aD0iNTMwIj48Zm9udCBzaXplPSIyIj7jgqTjgqjjg63jg7w8L2ZvbnQ+PC90ZD48L3RyPjx0cj48dGQgd2lkdGg9IjE4MCIgYmdjb2xvcj0iI2VmZWZlZiI+PGZvbnQgc2l6ZT0iMiI+5pys5L2T44K144Kk44K6KEjDl1fDl0QpbW08L2ZvbnQ+PC90ZD48dGQgd2lkdGg9IjUzMCI+PGZvbnQgc2l6ZT0iMiI+OTDDlzE5MG1tPC9mb250PjwvdGQ+PC90cj48dHI+PHRkIHdpZHRoPSIxODAiIGJnY29sb3I9IiNlZmVmZWYiPjxmb250IHNpemU9IjIiPueorumhnjwvZm9udD48L3RkPjx0ZCB3aWR0aD0iNTMwIj48Zm9udCBzaXplPSIyIj7jgrHjg7zjgrnjg7vjg5Djg4PjgrDplqLpgKPnlKjlk4E8L2ZvbnQ+PC90ZD48L3RyPjx0cj48dGQgd2lkdGg9IjE4MCIgYmdjb2xvcj0iI2VmZWZlZiI+PGZvbnQgc2l6ZT0iMiI+5p2Q6LOqPC9mb250PjwvdGQ+PHRkIHdpZHRoPSI1MzAiPjxmb250IHNpemU9IjIiPlBWQ+OCqOODiuODoeODqzwvZm9udD48L3RkPjwvdHI+PC90YWJsZT48c3R5bGUgdHlwZT0idGV4dC9jc3MiPgo8IS0tCi5yYWt1dGVuLWNhbXAgewoJd2lkdGg6IDcyNXB4OwoJYm9yZGVyOiAycHggc29saWQgIzMzOTlGRjsKCXBhZGRpbmctdG9wOiA1cHg7CgktbW96LWJvcmRlci1yYWRpdXM6NHB4OyAvKkZpcmVmb3gqLwoJLXdlYmtpdC1ib3JkZXItcmFkaXVzOiA0cHg7IC8qU2FmYXJpLENocm9tZSovCglib3JkZXItcmFkaXVzOjRweDsgLypPcGVyYSxDaHJvbWUqLwoJbWFyZ2luOjAgMTBweCAxMHB4IDA7Cn0KCi8qIOS+oeagvOOBq+aeoOe3muOBjOOBpOOBjyAqLwp0YWJsZSNyYWt1dGVuTGltaXRlZElkX2NhcnQgewogICAgYmFja2dyb3VuZC1jb2xvcjogI2Y4ZjhmODsKICAgIGJvcmRlcjogMXB4IHNvbGlkICNkZGQ7CiAgICBwYWRkaW5nOiA4cHg7CiAgICBtYXJnaW46IDE2cHggMDsKfQoKc3Bhbi5wcmljZTEgewogICAgY29sb3I6ICMzMzMgIWltcG9ydGFudDsKICAgIGZvbnQtd2VpZ2h0OiBib2xkOwogICAgZm9udC1zaXplOiA4MCUgIWltcG9ydGFudDsKICAgIGxpbmUtaGVpZ2h0OiAzMHB4OwogICAgZGlzcGxheTogaW5saW5lLWJsb2NrOwogICAgbWFyZ2luLXJpZ2h0OiAxNnB4Owp9CgotLT4KPC9zdHlsZT4KCjwhLS3jg5Djg4rjg7zjgqjjg6rjgqItLT4KCjwhLS3jgJDmtojjgZnjgarvvIHjgJHimIXimIXimIUgaGVpZ2h0PSIzODAiIOOBp+ioreWumuOBl+OBpuOBj+OBoOOBleOBhOOAguKYheKYheKYhS0tPgo8IS0t44OQ44OK44O844Ko44Oq44Ki44GT44GT44G+44GnLS0+Cgo8IS0t5qW95aSp44Kt44Oj44Oz44Oa44O844OzLS0+Cgo8aDIgc3R5bGU9Im1hcmdpbjoyMHB4IDAgMTBweCAwOyI+PGltZyBzcmM9Imh0dHA6Ly93d3cucmFrdXRlbi5uZS5qcC9nb2xkL2FraWJhbWFjL2ZyYW1lL2ltYWdlcy9yYWt1dGVuX3RpdGxlMi5naWYiIGFsdD0i5qW95aSp5biC5aC044Gu44GK5b6X44Gq44Kt44Oj44Oz44Oa44O844OzIiB3aWR0aD0iNzMwIiBoZWlnaHQ9IjQyIiBib3JkZXI9IjAiPjwvaDI+CjxkaXYgY2xhc3M9InJha3V0ZW4tY2FtcCIgc3R5bGU9Im1hcmdpbjowIDAgMCAwOyI+CgoKPCEtLealveWkqeOCreODo+ODs+ODmuODvOODs0DjgZPjgZPjgb7jgactLT4=,44K544K/44K444Kq44Ko44OMQUxJRkUg44OP44OD44OU44O844OV44Op44Kk44OIIOODqeOCsuODvOOCuCDjgr/jgrAgU05DRi0wMTEtNSDjgqTjgqjjg63jg7wgKFNOQ0YwMTE1Ke+8muOCveODleODnuODg+ODl+OAgOODh+OCuOOCv+ODq+OCs+ODrOOCr+OCt+ODp+ODsw==,44K944OV44Oe44OD44OXIOODh+OCuOOCv+ODq+OCs+ODrOOCr+OCt+ODp+ODs1NvZm1hcCBEaWdpdGFsIENvbGxlY3Rpb27jg5Hjgr3jgrPjg7Pjgr/jg5bjg6zjg4Pjg4hQQ0hEROOCouOCu+ODs+ODluODquODkeODvOODhOODkeOCveOCs+ODs+ODkeODvOODhOODhuODrOODk+OCsuODvOODoOODluODq+ODvOODrOOCpOOCveODleODiERWROOCveODleODiOa2suaZtuODhuODrOODk+ODluODq+ODvOODrOOCpOODh+OCo+OCueOCr+ODrOOCs+ODvOODgOODvOODh+OCuOOCv+ODq+S4gOecvOODrOODleOCq+ODoeODqeODh+OCuOOCv+ODq+OCq+ODoeODqeWutumbu+aZguioiOS4reWPpOOAgOOCveODleODiOOCouOCpuODiOODrOODg+ODiOS4reWPpOODjuODvOODiOODkeOCveOCs+ODs+S4reWPpOODkeOCveOCs+ODs+OCueOCv+OCuOOCquOCqOODjEFMSUZFIOODj+ODg+ODlOODvOODleODqeOCpOODiCDjg6njgrLjg7zjgrgg44K/44KwIFNOQ0YtMDExLTUg44Kk44Ko44Ot44O8IChTTkNGMDExNSk=,44K544K/44K444Kq44Ko44OMQUxJRkUg44OP44OD44OU44O844OV44Op44Kk44OIIOODqeOCsuODvOOCuCDjgr/jgrAgU05DRi0wMTEtNSDjgqTjgqjjg63jg7wgKFNOQ0YwMTE1KQ==[rn]
7-31663,aHR0cDovL3RzaG9wLnIxMHMuanAvYWtpYmFtYWMvY2FiaW5ldC8wNTI1NDUzOS80NTYwMTk0NTQ0NTM4LmpwZz9maXRpbj03MDA6NzAw,NjUwLjQwMDA=,,44OQ44OD44Kw44O75bCP54mp44O744OW44Op44Oz44OJ6ZuR6LKoID4g44Gd44Gu5LuW,44K544K/44K444Kq44Ko44OMQUxJRkUg44OP44OD44OU44O844OV44Op44Kk44OIIOOCueOCr+OCqOOCoiDjg6njgrLjg7zjgrgg44K/44KwIFNOQ0YtMDQzLTIg44Kq44Os44Oz44K4IChTTkNGMDQzMik=,,PHRhYmxlIGJvcmRlcj0iMCIgY2VsbHBhZGRpbmc9IjAiIGNlbGxzcGFjaW5nPSIwIiB3aWR0aD0iNzEwIiBzdHlsZT0ibGluZS1oZWlnaHQ6MTQwJTsiPjx0cj48dGQ+PGZvbnQgc2l6ZT0iMiI+4pag5peF6KGM5rCX5YiG44KS44OQ44OD44Kw44Gr44KC5Y+W44KK5LuY44GR44KL5Zub6KeS44GE44ON44O844Og44K/44Kw44CCPGJyPuKAneODj+ODg+ODlOODvOODleODqeOCpOODiOODu+OCueOCr+OCqOOCouODqeOCsuODvOOCuOOCv+OCsOKAneOAgjxicj48YnI+PC9mb250PjwvdGQ+PC90cj48L3RhYmxlPjx0YWJsZSBjZWxsc3BhY2luZz0iMCIgY2VsbHBhZGRpbmc9IjQiIGJvcmRlcj0iMSIgd2lkdGg9IjcxMCIgYm9yZGVyY29sb3I9IiNjY2NjY2MiPjx0cj48dGQgd2lkdGg9IjE4MCIgYmdjb2xvcj0iI2VmZWZlZiI+PGZvbnQgc2l6ZT0iMiI+44K344Oq44O844K65ZCNL+aEm+ensDwvZm9udD48L3RkPjx0ZCB3aWR0aD0iNTMwIj48Zm9udCBzaXplPSIyIj5BTElGRe+8iOOCouODquODle+8iTwvZm9udD48L3RkPjwvdHI+PHRyPjx0ZCB3aWR0aD0iMTgwIiBiZ2NvbG9yPSIjZWZlZmVmIj48Zm9udCBzaXplPSIyIj7oibI8L2ZvbnQ+PC90ZD48dGQgd2lkdGg9IjUzMCI+PGZvbnQgc2l6ZT0iMiI+44Kq44Os44Oz44K4PC9mb250PjwvdGQ+PC90cj48dHI+PHRkIHdpZHRoPSIxODAiIGJnY29sb3I9IiNlZmVmZWYiPjxmb250IHNpemU9IjIiPuacrOS9k+OCteOCpOOCuihIw5dXw5dEKW1tPC9mb250PjwvdGQ+PHRkIHdpZHRoPSI1MzAiPjxmb250IHNpemU9IjIiPjcww5cyMDZtbTwvZm9udD48L3RkPjwvdHI+PHRyPjx0ZCB3aWR0aD0iMTgwIiBiZ2NvbG9yPSIjZWZlZmVmIj48Zm9udCBzaXplPSIyIj7nqK7poZ48L2ZvbnQ+PC90ZD48dGQgd2lkdGg9IjUzMCI+PGZvbnQgc2l6ZT0iMiI+44Kx44O844K544O744OQ44OD44Kw6Zai6YCj55So5ZOBPC9mb250PjwvdGQ+PC90cj48dHI+PHRkIHdpZHRoPSIxODAiIGJnY29sb3I9IiNlZmVmZWYiPjxmb250IHNpemU9IjIiPuadkOizqjwvZm9udD48L3RkPjx0ZCB3aWR0aD0iNTMwIj48Zm9udCBzaXplPSIyIj5QVkPjgqjjg4rjg6Hjg6s8L2ZvbnQ+PC90ZD48L3RyPjwvdGFibGU+PHN0eWxlIHR5cGU9InRleHQvY3NzIj4KPCEtLQoucmFrdXRlbi1jYW1wIHsKCXdpZHRoOiA3MjVweDsKCWJvcmRlcjogMnB4IHNvbGlkICMzMzk5RkY7CglwYWRkaW5nLXRvcDogNXB4OwoJLW1vei1ib3JkZXItcmFkaXVzOjRweDsgLypGaXJlZm94Ki8KCS13ZWJraXQtYm9yZGVyLXJhZGl1czogNHB4OyAvKlNhZmFyaSxDaHJvbWUqLwoJYm9yZGVyLXJhZGl1czo0cHg7IC8qT3BlcmEsQ2hyb21lKi8KCW1hcmdpbjowIDEwcHggMTBweCAwOwp9CgovKiDkvqHmoLzjgavmnqDnt5rjgYzjgaTjgY8gKi8KdGFibGUjcmFrdXRlbkxpbWl0ZWRJZF9jYXJ0IHsKICAgIGJhY2tncm91bmQtY29sb3I6ICNmOGY4Zjg7CiAgICBib3JkZXI6IDFweCBzb2xpZCAjZGRkOwogICAgcGFkZGluZzogOHB4OwogICAgbWFyZ2luOiAxNnB4IDA7Cn0KCnNwYW4ucHJpY2UxIHsKICAgIGNvbG9yOiAjMzMzICFpbXBvcnRhbnQ7CiAgICBmb250LXdlaWdodDogYm9sZDsKICAgIGZvbnQtc2l6ZTogODAlICFpbXBvcnRhbnQ7CiAgICBsaW5lLWhlaWdodDogMzBweDsKICAgIGRpc3BsYXk6IGlubGluZS1ibG9jazsKICAgIG1hcmdpbi1yaWdodDogMTZweDsKfQoKLS0+Cjwvc3R5bGU+Cgo8IS0t44OQ44OK44O844Ko44Oq44KiLS0+Cgo8IS0t44CQ5raI44GZ44Gq77yB44CR4piF4piF4piFIGhlaWdodD0iMzgwIiDjgafoqK3lrprjgZfjgabjgY/jgaDjgZXjgYTjgILimIXimIXimIUtLT4KPCEtLeODkOODiuODvOOCqOODquOCouOBk+OBk+OBvuOBpy0tPgoKPCEtLealveWkqeOCreODo+ODs+ODmuODvOODsy0tPgoKPGgyIHN0eWxlPSJtYXJnaW46MjBweCAwIDEwcHggMDsiPjxpbWcgc3JjPSJodHRwOi8vd3d3LnJha3V0ZW4ubmUuanAvZ29sZC9ha2liYW1hYy9mcmFtZS9pbWFnZXMvcmFrdXRlbl90aXRsZTIuZ2lmIiBhbHQ9IualveWkqeW4guWgtOOBruOBiuW+l+OBquOCreODo+ODs+ODmuODvOODsyIgd2lkdGg9IjczMCIgaGVpZ2h0PSI0MiIgYm9yZGVyPSIwIj48L2gyPgo8ZGl2IGNsYXNzPSJyYWt1dGVuLWNhbXAiIHN0eWxlPSJtYXJnaW46MCAwIDAgMDsiPgoKCjwhLS3mpb3lpKnjgq3jg6Pjg7Pjg5rjg7zjg7NA44GT44GT44G+44GnLS0+,44K544K/44K444Kq44Ko44OMQUxJRkUg44OP44OD44OU44O844OV44Op44Kk44OIIOOCueOCr+OCqOOCoiDjg6njgrLjg7zjgrgg44K/44KwIFNOQ0YtMDQzLTIg44Kq44Os44Oz44K4IChTTkNGMDQzMinvvJrjgr3jg5Xjg57jg4Pjg5fjgIDjg4fjgrjjgr/jg6vjgrPjg6zjgq/jgrfjg6fjg7M=,44K944OV44Oe44OD44OXIOODh+OCuOOCv+ODq+OCs+ODrOOCr+OCt+ODp+ODs1NvZm1hcCBEaWdpdGFsIENvbGxlY3Rpb27jg5Hjgr3jgrPjg7Pjgr/jg5bjg6zjg4Pjg4hQQ0hEROOCouOCu+ODs+ODluODquODkeODvOODhOODkeOCveOCs+ODs+ODkeODvOODhOODhuODrOODk+OCsuODvOODoOODluODq+ODvOODrOOCpOOCveODleODiERWROOCveODleODiOa2suaZtuODhuODrOODk+ODluODq+ODvOODrOOCpOODh+OCo+OCueOCr+ODrOOCs+ODvOODgOODvOODh+OCuOOCv+ODq+S4gOecvOODrOODleOCq+ODoeODqeODh+OCuOOCv+ODq+OCq+ODoeODqeWutumbu+aZguioiOS4reWPpOOAgOOCveODleODiOOCouOCpuODiOODrOODg+ODiOS4reWPpOODjuODvOODiOODkeOCveOCs+ODs+S4reWPpOODkeOCveOCs+ODs+OCueOCv+OCuOOCquOCqOODjEFMSUZFIOODj+ODg+ODlOODvOODleODqeOCpOODiCDjgrnjgq/jgqjjgqIg44Op44Ky44O844K4IOOCv+OCsCBTTkNGLTA0My0yIOOCquODrOODs+OCuCAoU05DRjA0MzIp,44K544K/44K444Kq44Ko44OMQUxJRkUg44OP44OD44OU44O844OV44Op44Kk44OIIOOCueOCr+OCqOOCoiDjg6njgrLjg7zjgrgg44K/44KwIFNOQ0YtMDQzLTIg44Kq44Os44Oz44K4IChTTkNGMDQzMik=[rn]
7-31664,aHR0cDovL3RzaG9wLnIxMHMuanAvY3J5c3RhbC1wbGFuZXQvY2FiaW5ldC9ub2xjb3JwX2ltZy8wMDEvYnR6MDEuanBnP2ZpdGluPTcwMDo3MDA=,MzI4LjAwMDA=,,44OQ44OD44Kw44O75bCP54mp44O744OW44Op44Oz44OJ6ZuR6LKoID4g44Gd44Gu5LuW,44Kr44OD44OXIOOCq+ODkOODvCDjg57jgrAg44Kz44Oz44OT44OL44Kr44OV44KnIOe1kOmcsuOBoOOCjOmYsuatoiDjgoTjgZHjganpmLLmraIgQ3VwY2xlIOOCq+ODl+OCr+ODqyDjgb7jgajjgoHosrfjgYQg5aSn6YeP6LK344GEIOODjuODq+OCs+ODvOODneODrOODvOOCt+ODp+ODsyBb5YCJ5bqrQV0gKOODoeODvOODq+S+v09LKSA0MDAw5YaG5Lul5LiKIOmAgeaWmeeEoeaWmQ==,44Kr44OD44OXIOOCq+ODkOODvCDjg57jgrAg44Kz44Oz44OT44OL44Kr44OV44KnIOe1kOmcsuOBoOOCjOmYsuatoiDjgoTjgZHjganpmLLmraIg44G+,PGRpdiBpZD0iaXRlbSI+PGltZyBzcmM9Imh0dHA6Ly9pbWFnZS5yYWt1dGVuLmNvLmpwL2NyeXN0YWwtcGxhbmV0L2NhYmluZXQvcmV0YWlsX2ltZy9jYXJ0Ym5fYXN1cmFrdS5naWYiIHdpZHRoPSIxMDAlIj48aW1nIHNyYz0iaHR0cDovL2ltYWdlLnJha3V0ZW4uY28uanAvY3J5c3RhbC1wbGFuZXQvY2FiaW5ldC9yZXRhaWxfaW1nL2NhcnRibl9oYWlzby5naWYiIHdpZHRoPSIxMDAlIj48aW1nIHNyYz0iaHR0cDovL2ltYWdlLnJha3V0ZW4uY28uanAvY3J5c3RhbC1wbGFuZXQvY2FiaW5ldC9yZXRhaWxfaW1nL2NhcnRibl9naWZ0LmdpZiIgd2lkdGg9IjEwMCUiPjxpbWcgd2lkdGg9IjEwMCUiIHNyYz0iaHR0cDovL2ltYWdlLnJha3V0ZW4uY28uanAvY3J5c3RhbC1wbGFuZXQvY2FiaW5ldC9yZXRhaWxfaW1nL2NvdXBvbl93cml0ZS5naWYiPjwvZGl2Pg==,44Kr44OD44OXIOOCq+ODkOODvCDjg57jgrAg44Kz44Oz44OT44OL44Kr44OV44KnIOe1kOmcsuOBoOOCjOmYsuatoiDjgoTjgZHjganpmLLmraIgQ3VwY2xlIOOCq+ODl+OCr+ODqyDjgb7jgajjgoHosrfjgYQg5aSn6YeP6LK344GEIOODjuODq+OCs+ODvOODneODrOODvOOCt+ODp+ODsyBb5YCJ5bqrQV0gKOODoeODvOODq+S+v09LKSA0MDAw5YaG5Lul5LiKIOmAgeaWmeeEoeaWme+8mk1lZGF5ZnVsIOODoeODh+ODqw==,5aSp54S255+z44OR44Ov44O844K544OI44O844Oz44Kv44Oq44K544K/44OrQUFBQUHlubjpgYvplovpgYvmgYvmhJvpgYvph5HpgYvjg43jg4Pjgq/jg6zjgrnjg5rjg7Pjg4Djg7Pjg4jjg5bjg6zjgrnjg6zjg4Pjg4jmlbDnj6Djg5bjg6zjgrnjg6zjg4Pjg4jpq5jlk4Hos6rkvY7kvqHmoLzjg6vjg4Hjg6vjgq/jgqnjg7zjg4Tjg6njg5Tjgrnjg6njgrrjg6rlrp3nn7PoqIDokYnjgq/jg6vjgrnjgr/jg6vjg5fjg6njg43jg4Pjg4jjg6njg6rjg57jg7zmv4DlronpgJrosqnjgqvjg4Pjg5cg44Kr44OQ44O8IOODnuOCsCDjgrPjg7Pjg5Pjg4vjgqvjg5Xjgqcg57WQ6Zyy44Gg44KM6Ziy5q2iIOOChOOBkeOBqemYsuatoiBDdXBjbGUg44Kr44OX44Kv44OrIOOBvuOBqOOCgeiyt+OBhCDlpKfph4/osrfjgYQg44OO44Or44Kz44O844Od44Os44O844K344On44OzIFvlgInluqtBXSAo44Oh44O844Or5L6/T0spIDQwMDDlhobku6XkuIog6YCB5paZ54Sh5paZ,44Kr44OD44OXIOOCq+ODkOODvCDjg57jgrAg44Kz44Oz44OT44OL44Kr44OV44KnIOe1kOmcsuOBoOOCjOmYsuatoiDjgoTjgZHjganpmLLmraIg44G+44CC44Kr44OD44OXIOOCq+ODkOODvCDjg57jgrAg44Kz44Oz44OT44OL44Kr44OV44KnIOe1kOmcsuOBoOOCjOmYsuatoiDjgoTjgZHjganpmLLmraIgQ3VwY2xlIOOCq+ODl+OCr+ODqyDjgb7jgajjgoHosrfjgYQg5aSn6YeP6LK344GEIOODjuODq+OCs+ODvOODneODrOODvOOCt+ODp+ODsyBb5YCJ5bqrQV0gKOODoeODvOODq+S+v09LKSA0MDAw5YaG5Lul5LiKIOmAgeaWmeeEoeaWmQ==[rn]
7-31665,aHR0cDovL3RzaG9wLnIxMHMuanAvY3J5c3RhbC1wbGFuZXQvY2FiaW5ldC9ub2xjb3JwX2ltZy9idHowNS5qcGc/Zml0aW49NzAwOjcwMA==,MzI4LjAwMDA=,,44OQ44OD44Kw44O75bCP54mp44O744OW44Op44Oz44OJ6ZuR6LKoID4g44Gd44Gu5LuW,Q3VwY2xlSmFwYW4g44Kr44OD44OXIOOCq+ODkOODvCDjg57jgrAg44Kz44Oz44OT44OL44Kr44OV44KnIOe1kOmcsuOBoOOCjOmYsuatoiDjgoTjgZHjganpmLLmraIg44Kr44OX44Kv44OrW+WAieW6q0FdKOODoeODvOODq+S+v09LKSA0MDAw5YaG5Lul5LiKIOmAgeaWmeeEoeaWmQ==,44Kr44OD44OXIOOCq+ODkOODvCDjg57jgrAg44Kz44Oz44OT44OL44Kr44OV44KnIOe1kOmcsuOBoOOCjOmYsuatoiDjgoTjgZHjganpmLLmraIg44Kr,PGRpdiBpZD0iaXRlbSI+PGltZyBzcmM9Imh0dHA6Ly9pbWFnZS5yYWt1dGVuLmNvLmpwL2NyeXN0YWwtcGxhbmV0L2NhYmluZXQvcmV0YWlsX2ltZy9jYXJ0Ym5fYXN1cmFrdS5naWYiIHdpZHRoPSIxMDAlIj48aW1nIHNyYz0iaHR0cDovL2ltYWdlLnJha3V0ZW4uY28uanAvY3J5c3RhbC1wbGFuZXQvY2FiaW5ldC9yZXRhaWxfaW1nL2NhcnRibl9oYWlzby5naWYiIHdpZHRoPSIxMDAlIj48aW1nIHNyYz0iaHR0cDovL2ltYWdlLnJha3V0ZW4uY28uanAvY3J5c3RhbC1wbGFuZXQvY2FiaW5ldC9yZXRhaWxfaW1nL2NhcnRibl9naWZ0LmdpZiIgd2lkdGg9IjEwMCUiPjxpbWcgd2lkdGg9IjEwMCUiIHNyYz0iaHR0cDovL2ltYWdlLnJha3V0ZW4uY28uanAvY3J5c3RhbC1wbGFuZXQvY2FiaW5ldC9yZXRhaWxfaW1nL2NvdXBvbl93cml0ZS5naWYiPjwvZGl2Pg==,Q3VwY2xlSmFwYW4g44Kr44OD44OXIOOCq+ODkOODvCDjg57jgrAg44Kz44Oz44OT44OL44Kr44OV44KnIOe1kOmcsuOBoOOCjOmYsuatoiDjgoTjgZHjganpmLLmraIg44Kr44OX44Kv44OrW+WAieW6q0FdKOODoeODvOODq+S+v09LKSA0MDAw5YaG5Lul5LiKIOmAgeaWmeeEoeaWme+8mk1lZGF5ZnVsIOODoeODh+ODqw==,5aSp54S255+z44OR44Ov44O844K544OI44O844Oz44Kv44Oq44K544K/44OrQUFBQUHlubjpgYvplovpgYvmgYvmhJvpgYvph5HpgYvjg43jg4Pjgq/jg6zjgrnjg5rjg7Pjg4Djg7Pjg4jjg5bjg6zjgrnjg6zjg4Pjg4jmlbDnj6Djg5bjg6zjgrnjg6zjg4Pjg4jpq5jlk4Hos6rkvY7kvqHmoLzjg6vjg4Hjg6vjgq/jgqnjg7zjg4Tjg6njg5Tjgrnjg6njgrrjg6rlrp3nn7PoqIDokYnjgq/jg6vjgrnjgr/jg6vjg5fjg6njg43jg4Pjg4jjg6njg6rjg57jg7zmv4DlronpgJrosqlDdXBjbGVKYXBhbiDjgqvjg4Pjg5cg44Kr44OQ44O8IOODnuOCsCDjgrPjg7Pjg5Pjg4vjgqvjg5Xjgqcg57WQ6Zyy44Gg44KM6Ziy5q2iIOOChOOBkeOBqemYsuatoiDjgqvjg5fjgq/jg6tb5YCJ5bqrQV0o44Oh44O844Or5L6/T0spIDQwMDDlhobku6XkuIog6YCB5paZ54Sh5paZ,44Kr44OD44OXIOOCq+ODkOODvCDjg57jgrAg44Kz44Oz44OT44OL44Kr44OV44KnIOe1kOmcsuOBoOOCjOmYsuatoiDjgoTjgZHjganpmLLmraIg44Kr44CCQ3VwY2xlSmFwYW4g44Kr44OD44OXIOOCq+ODkOODvCDjg57jgrAg44Kz44Oz44OT44OL44Kr44OV44KnIOe1kOmcsuOBoOOCjOmYsuatoiDjgoTjgZHjganpmLLmraIg44Kr44OX44Kv44OrW+WAieW6q0FdKOODoeODvOODq+S+v09LKSA0MDAw5YaG5Lul5LiKIOmAgeaWmeeEoeaWmQ==[rn]
7-31666,aHR0cDovL3RzaG9wLnIxMHMuanAvaGFjaGFtZWNoYS9jYWJpbmV0LzAzMDAwMDY5LzcyLTE0MTUuanBnP2ZpdGluPTcwMDo3MDA=,MTIwMC4wMDAw,,44OQ44OD44Kw44O75bCP54mp44O744OW44Op44Oz44OJ6ZuR6LKoID4g44Gd44Gu5LuW,4peP44Oh44O844Or5L6/6YCB5paZ54Sh5paZ4peP44Ks44O844Oq44O844Oe44Or44OB44Kx44O844K5NzItMTQxNeOAgOmAmuW4s+OCseODvOOCueOAgOavjeWtkOaJi+W4s+WFpeOCjOOAgOODkeOCueODneODvOODiOOCseODvOOCueOAgOmAmuW4s+WPjue0jeOCseODvOOCueOAgOavjeWtkOaJi+W4s+OCseODvOOCueOAgOmAmuW4s+ODneODvOODgeOAgOmAmuW4s+ODnuODq+ODgeOCseODvOOCueOAgOODkeOCueODneODvOODiOWFpeOCjOOAgOODnuODq+ODgeODneODvOODgeOAgOS+v+WIqeOCseODvOOCueOAgOS+v+WIqeODneODvOODgeOAgOOCquODquOCuOODiuODqw==,4peP4peP44Oh44O844Or5L6/5a++5b+c5ZWG5ZOB4peP4peP,PFRBQkxFIHdpZHRoPSI0MDAiIGNlbGxwYWRkaW5nPSIwIiBjZWxsc3BhY2luZz0iMCI+CiAgPFRCT0RZPgogICAgCiAgICA8VFI+CiAgICAgIDxURD48SU1HIHNyYz0iaHR0cDovL2ltYWdlLnJha3V0ZW4uY28uanAvaGFjaGFtZWNoYS9jYWJpbmV0L2ltZzAxMTk5MTA4LmpwZyI+PC9URD4KICAgIDwvVFI+CiAgICA8VFI+CiAgICAgIDxURD4KICAgICAgPFRBQkxFIHdpZHRoPSI0MDAiIGNlbGxwYWRkaW5nPSI1IiBjZWxsc3BhY2luZz0iMCI+CiAgICAgICAgPFRCT0RZPgogICAgICAgICAgPFRSPgogICAgICAgICAgICA8VEQgY29sc3Bhbj0iMiI+PEZPTlQgY29sb3I9IiM2NjY2NjYiIHNpemU9IjIiPuiJsuOAheS9v+OBiOOCi+W9k+W6l+OCquODquOCuOODiuODq+ODqeODn+ODjeODvOODiOWKoOW3peODnuODq+ODgeODneODvOODgeOAgua1t+WkluaXheihjOOBq+ihjOOBj+aZguOBruODkeOCueODneODvOODiOWFpeOCjOODu+Wkp+WIh+OBquavjeWtkOaJi+W4s+OBruOCseODvOOCueODu+iouuWvn+WIuOOChOWBpeW6t+S/nemZuuiovOODu+OBiuiWrOaJi+W4s+OBquOBqeOAgemAmumZoueUqOOBqOOBl+OBpuODu+mAmuW4s+ODu+WNsOmRkeWFpeOCjOOBqOOBl+OBpuODu+OBiuiyoeW4g+OBq+WFpeOCiuOBjeOCieOBquOBhOOCq+ODvOODieOChOaMr+i+vOeUqOe0meWFpeOCjOOBqOOBl+OBpuKApgogICAgICAgICAgICDjgbLjgajjgaTjgavjgb7jgajjgoHjgabjgYrjgZHjgbDjgIHjgYTjgZbjgajjgYTjgYbmmYLjgavmjqLjgZnmiYvplpPjgoLnnIHjgZHjgb7jgZnjga3imaog5oyB44Gh5q2p44GP44Gu44Gv44KC44Gh44KN44KT44CB44GK5a6244Gu5Lit44Gn44Gu5L+d566h55So44Gr44GX44Gm44KC4peOPEJSPgogICAgICAgICAgICA8L0ZPTlQ+PC9URD4KICAgICAgICAgIDwvVFI+CiAgICAgICAgICA8VFI+CiAgICAgICAgICAgIDxURCB3aWR0aD0iNjIiPjxGT05UIGNvbG9yPSIjNjY2NjY2IiBzaXplPSIyIj7ilqDntKDmnZA8L0ZPTlQ+PC9URD4KICAgICAgICAgICAgPFREIHdpZHRoPSIzMTIiPjxGT05UIGNvbG9yPSIjNjY2NjY2IiBzaXplPSIyIj7ntr8o44Op44Of44ON44O844OI5Yqg5bel44Kz44O844OG44Kj44Oz44KwKe+8muODneODquOCqOOCueODhuODq++8mumHkeWxnjwvRk9OVD48L1REPgogICAgICAgICAgPC9UUj4KICAgICAgICAgIDxUUj4KICAgICAgICAgICAgPFREIHdpZHRoPSI2MiI+PEZPTlQgY29sb3I9IiM2NjY2NjYiIHNpemU9IjIiPuKWoOOCq+ODqeODvDwvRk9OVD48L1REPgogICAgICAgICAgICA8VEQgd2lkdGg9IjMxMiI+PEZPTlQgY29sb3I9IiM2NjY2NjYiIHNpemU9IjIiPueUu+WDj+WPgueFpzxCUj4KICAgICAgICAgICAgPC9GT05UPjwvVEQ+CiAgICAgICAgICA8L1RSPgogICAgICAgICAgPFRSPgogICAgICAgICAgICA8VEQgdmFsaWduPSJ0b3AiIHdpZHRoPSI2MiI+PEZPTlQgY29sb3I9IiM2NjY2NjYiIHNpemU9IjIiPuKWoOOCteOCpOOCujwvRk9OVD48L1REPgogICAgICAgICAgICA8VEQgdmFsaWduPSJ0b3AiIHdpZHRoPSIzMTIiPjxGT05UIGNvbG9yPSIjNjY2NjY2IiBzaXplPSIyIj48Rk9OVCBjb2xvcj0jNjY2NjY2IApzaXplPTI+57im77ya57SEMjNjbeOAgOaoqu+8mue0hDE0LjVjbeOAgOODnuODge+8mue0hDJjbTxCUj4KICAgICAgICAgICAg44OV44Kh44K544OK44O86ZaL6ZaJPEJSPgogICAgICAgICAgICDjg53jgrHjg4Pjg4jvvJrlpKfDlzHjgIDkuK3DlzPjgIDjgqvjg7zjg4njg53jgrHjg4Pjg4jDlzI8QlI+CiAgICAgICAgICAgIOODnuOCuOODg+OCr+ODhuODvOODl+S7mOOBjeODneOCseODg+ODiMOXMeOAgOODmuODs+ODm+ODq+ODgOODvMOXMTwvRk9OVD48L0ZPTlQ+PEZPTlQgY29sb3I9IiNmZjAwMDAiIHNpemU9IjIiPjxCUj4KICAgICAgICAgICAgPC9GT05UPjwvVEQ+CiAgICAgICAgICA8L1RSPgogICAgICAgICAgPFRSPgogICAgICAgICAgICA8VEQgd2lkdGg9IjYyIiBoZWlnaHQ9IjIyIj48Rk9OVCBjb2xvcj0iIzY2NjY2NiIgc2l6ZT0iMiI+4pag44Gd44Gu5LuWPC9GT05UPjwvVEQ+CiAgICAgICAgICAgIDxURCB3aWR0aD0iMzEyIiBoZWlnaHQ9IjIyIj48Rk9OVCBjb2xvcj0iIzY2NjY2NiIgc2l6ZT0iMiI+MuWAi+OBvuOBp+ODoeODvOODq+S+v+WPrzwvRk9OVD48L1REPgogICAgICAgICAgPC9UUj4KICAgICAgICAgIDxUUj4KICAgICAgICAgICAgPFREPjwvVEQ+CiAgICAgICAgICAgIDxURD48L1REPgogICAgICAgICAgPC9UUj4KICAgICAgICA8L1RCT0RZPgogICAgICA8L1RBQkxFPgogICAgICA8L1REPgogICAgPC9UUj4KICA8L1RCT0RZPgo8L1RBQkxFPgoKCjx0YWJsZSB3aWR0aD0iNDAwIiBib3JkZXI9IjAiIGNlbGxzcGFjaW5nPSIwIiBjZWxscGFkZGluZz0iMCI+CiAgPHRyPgogICAgPHRkPjxpbWcgc3JjPSJodHRwOi8vaW1hZ2UucmFrdXRlbi5jby5qcC9oYWNoYW1lY2hhL2NhYmluZXQvaW1nMDIyODU2ODUuanBnIj48L3RkPgogIDwvdHI+CiAgPHRyPgogICAgPHRkPjx0YWJsZSB3aWR0aD0iNDAwIiBib3JkZXI9IjAiIGNlbGxzcGFjaW5nPSIwIiBjZWxscGFkZGluZz0iNSI+CiAgICAgIDx0cj4KICAgICAgICA8dGQ+PEZPTlQgY29sb3I9IiM4MDgwODAiPjxzcGFuIGNsYXNzPSJzdHlsZTIiPjxmb250IHNpemU9IjIiPuKWoOWVhuWTgeOBq+OCiOOBo+OBpuOBr+OAgeapn+aisOOBq+OCiOOCi+eUn+eUo+mBjueoi+OBq+OBiuOBhOOBpuOAgeOBqeOBhuOBl+OBpuOCgiLnlJ/lnLDjgpLnuZTjgovpmpvjga7ns7jjga7ntpnjgY7nm64i44KE5aSa5bCR44GuIuOBu+OBpOOCjCLjgarjganjgYznlJ/jgZjjgabjgovloLTlkIjjgYzjgZTjgZbjgYTjgb7jgZnjgYzjgIHlk4Hos6rkuIrjga7llY/poYzjgafjga/jgZTjgZbjgYTjgb7jgZvjgpPjgILjgb7jgZ/jgIHnlJ/lnLDjga7nuZTjgorjgavku5bnuYrntq3jgYzmt7fntKHjgZfjgabjgYTjgovloLTlkIjjgoLjgZTjgZbjgYTjgb7jgZnjgIIgPGJyPgogICAgICAgICAgICDjgb7jgZ/jgIHmn4Tjg7vlvaLnirbjgavoi6XlubLjga7pgZXjgYTjgYzjgYLjgaPjgZ/jgorjgIHjgoLjgajjgoLjgajmn5Pjgb/jg7vjgq3jgrrjg7vjgbvjgaTjgoznrYnjgYzjgYLjgovjgoLjga7jgoLjgZTjgZbjgYTjgb7jgZnjgILjgqLjgrjjgqLoq7jlm73llYblk4Hjga/jgIHml6XmnKzjga7lt6Xmpa3opo/moLzlk4Hjgajjga/pgZXjgYTnrKwz5LiW55WM44Gu5ZWG5ZOB44Gn44GZ44Gu44Gn5LqI44KB44GU55CG6Kej44Gu5LiK44CB44GK6LK344GE5rGC44KB44GP44Gg44GV44GE44CCPEZPTlQgY29sb3I9IiM4MDgwODAiPjxmb250IHNpemU9IjIiPjwvZm9udD48L0ZPTlQ+PEJSPgogICAgICAgICAgICA8L2ZvbnQ+PC9zcGFuPjwvRk9OVD48L3RkPgogICAgICA8L3RyPgogICAgICA8dHI+CiAgICAgICAgPHRkPjxGT05UIGNvbG9yPSIjODA4MDgwIj48c3BhbiBjbGFzcz0ic3R5bGUyIj48Zm9udCBzaXplPSIyIj7ilqDllYblk4Hmkq7lvbHjgavjga/jg4fjgrjjgr/jg6vjgqvjg6Hjg6njgpLkvb/nlKjjgZfjgabjgYrjgorjgb7jgZnjgILoibLlvanlho3nj77jgavjga/mnIDlloTjgpLlsL3jgY/jgZfjgabjgYrjgorjgb7jgZnjgYzjgIHjg5Hjgr3jgrPjg7Pjga7nkrDlooPjgavjgavjgojjgaPjgabnlbDjgarjgaPjgabopovjgYjjgovkuovjgYzjgZTjgZbjgYTjgb7jgZnjga7jgafjgZTkuobmib/jgY/jgaDjgZXjgYTjgb7jgZvjgILlv4PphY3jgarngrnjgYzjgZTjgZbjgYTjgb7jgZfjgZ/jgonjgIHjgZTpgaDmha7jgarjgY/jgYrllY/lkIjjgZvjgY/jgaDjgZXjgYTjgII8QlI+CiAgICAgICAgICAgIDwvZm9udD48L3NwYW4+PC9GT05UPjwvdGQ+CiAgICAgIDwvdHI+CiAgICA8L3RhYmxlPjwvdGQ+CiAgPC90cj4KPC90YWJsZT4KCgo8VEFCTEU+CiAgPFRCT0RZPgogICAgPFRSPgogCiAgICA8L1RSPgogICAgPFRSPgogICAgPC9UUj4KICAgIDxUUj4KICAgICAgPHRkPjxGT05UIGNvbG9yPSIjODA4MDgwIj48U1BBTiBjbGFzcz0ic3R5bGUyIj48Rk9OVCBzaXplPSIyIj48QlI+CiAgICAgIDwvRk9OVD48L1NQQU4+PC9GT05UPgogICAgICA8VEFCTEU+CiAgICAgICAgPFRCT0RZPgogICAgICAgICAgPFRSPgogICAgICAgICAgPC9UUj4KICAgICAgICAgIDxUUj4KICAgICAgICAgIDwvVFI+CiAgICAgICAgICA8VFI+CiAgICAgICAgICAgIDx0ZD48Rk9OVCBjb2xvcj0iIzgwODA4MCI+PFNQQU4gY2xhc3M9InN0eWxlMiI+PEZPTlQgc2l6ZT0iMiI+PEZPTlQgY29sb3I9IiM4MDgwODAiPjxzcGFuIGNsYXNzPSJzdHlsZTIiPjxmb250IHNpemU9IjIiPjxCUj4KICAgICAgICAgICAgPElNRyBzcmM9Imh0dHA6Ly9pbWFnZS5yYWt1dGVuLmNvLmpwL2hhY2hhbWVjaGEvY2FiaW5ldC8wMDI2NjgxMy9pbWczMzMyMTk2OS5qcGciPjxCUj4KICAgICAgICAgICAgPEJSPgogICAgICAgICAgICA8L2ZvbnQ+PEZPTlQgc2l6ZT0iKzEiIGNvbG9yPSIjMDAwMDAwIj48Rk9OVCBjb2xvcj0iIzAwMDAwMCIgc2l6ZT0iKzEiPjxGT05UIHNpemU9IisxIiBjb2xvcj0iIzAwMDAwMCI+PEZPTlQgY29sb3I9IiMwMDAwMDAiIHNpemU9IisxIj48Rk9OVCBzaXplPSIrMCIgY29sb3I9IiMwMDAwMDAiPuOAkDxGT05UIGNvbG9yPSIjMDAwMDAwIiBzaXplPSIrMCI+PEZPTlQgc2l6ZT0iKzAiIGNvbG9yPSIjMDAwMDAwIj7jgYrntITmnZ/kuovpoIXvvIE8L0ZPTlQ+PC9GT05UPuODoeODvOODq+S+v+OCkumBuOaKnuOBmeOCi+WJjeOBq+OBlOimp+S4i+OBleOBhOOAkTwvRk9OVD48L0ZPTlQ+PC9GT05UPjwvRk9OVD48L0ZPTlQ+PGZvbnQgc2l6ZT0iMiI+PEZPTlQgY29sb3I9IiM4MDgwODAiPjxCUj4KICAgICAgICAgICAgPC9GT05UPjxCUj4KICAgICAgICAgICAgPEZPTlQgY29sb3I9IiM4MDgwODAiPjxmb250IHNpemU9IjIiPuKWoOmAgeaWme+/pTIwMOOBq+OBpumAgeOCi+OBk+OBqOOBjOOBp+OBjeOBvuOBmeOAgjxCUj4KICAgICAgICAgICAg4pagPC9mb250PjxGT05UIHNpemU9IjIiIGNvbG9yPSIjZmYwMDAwIj7jg53jgrnjg4jjgavmipXlh73jga7ngrrjgIHmiYvmuKHjgZfjgafjga/jgYLjgorjgb7jgZvjgpPjgII8QlI+CiAgICAgICAgICAgIOOCiOOBo+OBpuOAgeS7o+W8leOBjeOBruOBiuWPluOCiuaJseOBhOOBr+OBl+OBpuOBiuOCiuOBvuOBm+OCk+OAgjxCUj4KICAgICAgICAgICAg4pag5pmC6ZaT44CB5Yiw552A5pel44Gu5oyH5a6a44Gv44Gn44GN44G+44Gb44KT44CCPC9GT05UPjxmb250IHNpemU9IjIiPjxCUj4KICAgICAgICAgICAg4pag5bCB562S44Gn44Gu44GK5bGK44GR44Gr44Gq44KK44G+44GZ44CCPEJSPgogICAgICAgICAgICDilqDjgYrlsYrjgZHjgb7jgac05pel772eOOaXpeeoi+W6puOBruaXpeaVsOOBjOOBi+OBi+OCiuOBvuOBmeOAguOBiuaApeOBjuOBruaWueOAgTxCUj4KICAgICAgICAgICAg44G+44Gf44Oh44O844Or5L6/44Gr5LiN5a6J44KS44GK5oyB44Gh44Gu5pa544CB56We57WM6LOq44Gq5pa544Gv44Gd44Gu5peo44GU5LqG5om/5LiL44GV44GE44CCPEJSPgogICAgICAgICAgICDpgJrluLjjga7lroXphY3kvr/jgoLjgZTjgZbjgYTjgb7jgZnjgILjganjgaHjgonjgYvjgpLpgbjmip7jgZfjgabkuIvjgZXjgYQ8QlI+CiAgICAgICAgICAgIOKWoDwvZm9udD48Rk9OVCBzaXplPSIyIiBjb2xvcj0iI2ZmMDAwMCI+44Oh44O844Or5L6/44KS6YG45oqe44GV44KM44KL44GK5a6i5qeY44Gv44Kz44Oh44Oz44OI6Kan77yI5YKZ6ICD5qyE77yJ44GrPEJSPgogICAgICAgICAgICDjg6Hjg7zjg6vkvr/luIzmnJvjgajmmI7oqJjjgZfjgabkuIvjgZXjgYTjgII8QlI+CiAgICAgICAgICAgIOOBk+OBruOCs+ODoeODs+ODiOOBjOOBquOBhOWgtOWQiOOBr+mAmuW4uOOBruWuhemFjeS+v+OBruOBiuWPluOCiuaJseOBhOOBqOOBquOCiuOBvuOBmeOAgjwvRk9OVD48Zm9udCBzaXplPSIyIj48QlI+CiAgICAgICAgICAgIOalveWkqeOCiOOCiuadpeOBvuOBmeODoeODvOODq+OBruW+jOOBq+ODoeODvOODq+OBlOW4jOacm+OBruaWueOBr+W9k+W6l+OBi+OCieOBruOBlOahiOWGhTxCUj4KICAgICAgICAgICAg44Oh44O844Or44Gu6Zqb44Gr6YCB5paZ44KS6KiC5q2j44GX44Gm44GU5qGI5YaF44GE44Gf44GX44G+44GZ44CCPEJSPgogICAgICAgICAgICDilqDpg7Xkvr/jg53jgrnjg4jjgavjgYrlkI3liY3jga7nhKHjgYTmlrnjga/jgZTpgaDmha7jgY/jgaDjgZXjgYTjgII8QlI+CiAgICAgICAgICAgIOKWoDwvZm9udD48Rk9OVCBzaXplPSIyIiBjb2xvcj0iI2ZmMDAwMCI+44Oh44O844Or5L6/44Gr44Gv6KOc5YSf44GM44GU44GW44GE44G+44Gb44KT44CC5b2T5bqX44Gv44GT44KM44G+44Gn6YCa44KK5qSc5ZOB55m66YCBPEJSPgogICAgICAgICAgICDnrYnjgpLplpPpgZXjgYTjgarjgY/ooYzjgYTjgb7jgZnjgYzkuIfkuIDovLjpgIHkuK3jga7noLTmkI3jgIHkuI3nnYDjgavplqLjgZfjgb7jgZfjgabjga88QlI+CiAgICAgICAgICAgIOS4gOWIhyDjga7osqzku7vjgpLosqDjgYTjgb7jgZvjgpPjgILlsJHjgZfjgafjgoLjgZTliKnnlKjjga7jgYrlrqLmp5jjgavosqDmi4XjgpLou73jgY/jgZnjgos8QlI+CiAgICAgICAgICAgIOOCt+OCueODhuODoCDjgafjgZnjga7jgafjgZTnkIbop6PpoILjgZHjgovmlrnjga7jgb/jgZTliKnnlKjjgpLjgYrpoZjjgYToh7TjgZfjgb7jgZnjgII8QlI+CiAgICAgICAgICAgIDwvRk9OVD48L0ZPTlQ+PEJSPgogICAgICAgICAgICA8L2ZvbnQ+PC9zcGFuPjwvRk9OVD48L0ZPTlQ+PC9TUEFOPjwvRk9OVD48L3RkPgogICAgICAgICAgPC9UUj4KICAgICAgICA8L1RCT0RZPgogICAgICA8L1RBQkxFPgogICAgICA8VEFCTEU+CiAgICAgICAgPFRCT0RZPgogICAgICAgICAgPFRSPjwvVFI+CiAgICAgICAgPC9UQk9EWT4KICAgICAgPC9UQUJMRT4KICAgICAgPEZPTlQgY29sb3I9IiM4MDgwODAiPjxTUEFOIGNsYXNzPSJzdHlsZTIiPjwvU1BBTj48L0ZPTlQ+PC9UQk9EWT4KPC9UQUJMRT48c3R5bGUgVFlQRT0idGV4dC9jc3MiPgo8IS0tCnRkLmludmVudG9yeSBmb250e2ZvbnQtc2l6ZToxMHB4O2NvbG9yOiM2NjY2NjY7fQoKLS0+Cjwvc3R5bGU+,4peP44Oh44O844Or5L6/6YCB5paZ54Sh5paZ4peP44Ks44O844Oq44O844Oe44Or44OB44Kx44O844K5NzItMTQxNeOAgOmAmuW4s+OCseODvOOCueOAgOavjeWtkOaJi+W4s+WFpeOCjOOAgOODkeOCueODneODvOODiOOCseODvOOCueOAgOmAmuW4s+WPjue0jeOCseODvOOCueOAgOavjeWtkOaJi+W4s+OCseODvOOCueOAgOmAmuW4s+ODneODvOODgeOAgOmAmuW4s+ODnuODq+ODgeOCseODvOOCueOAgOODkeOCueODneODvOODiOWFpeOCjOOAgOODnuODq+ODgeODneODvOODgeOAgOS+v+WIqeOCseODvOOCueOAgOS+v+WIqeODneODvOODgeOAgOOCquODquOCuOODiuODq++8muODj+ODgeODo+ODoeODgeODo+OCr+ODqeODlg==,6ZuR6LKo6ZuR6LKo5bGLU0FMReeJueS+oeODj+ODgeODo+ODoeODgeODo+OCr+ODqeODlkhBQ0hBTUVDSEFDTFVC44OQ44OD44Kv6KOP44OP44OB44Oj44Oh44OB44Oj44Kv44Op44OW44OP44OB44Oj44Oh44OB44Oj6LK/5piT44OP44OB44Oj44Oh44OB44Oj44OB44O844OX44K744O844Or44Gv44Gh44KD44KB44Gh44KD44GP44KJ44G26LKh5biD44OQ44O844Ky44Oz6ZW36LKh5biD5rWB6KGM5ZWG5ZOB5r+A5a6J5a6J44GE6ZuR6LKo5bqX4peP44Oh44O844Or5L6/6YCB5paZ54Sh5paZ4peP44Ks44O844Oq44O844Oe44Or44OB44Kx44O844K5NzItMTQxNeOAgOmAmuW4s+OCseODvOOCueOAgOavjeWtkOaJi+W4s+WFpeOCjOOAgOODkeOCueODneODvOODiOOCseODvOOCueOAgOmAmuW4s+WPjue0jeOCseODvOOCueOAgOavjeWtkOaJi+W4s+OCseODvOOCueOAgOmAmuW4s+ODneODvOODgeOAgOmAmuW4s+ODnuODq+ODgeOCseODvOOCueOAgOODkeOCueODneODvOODiOWFpeOCjOOAgOODnuODq+ODgeODneODvOODgeOAgOS+v+WIqeOCseODvOOCueOAgOS+v+WIqeODneODvOODgeOAgOOCquODquOCuOODiuODqw==,4peP4peP44Oh44O844Or5L6/5a++5b+c5ZWG5ZOB4peP4peP44CC4peP44Oh44O844Or5L6/6YCB5paZ54Sh5paZ4peP44Ks44O844Oq44O844Oe44Or44OB44Kx44O844K5NzItMTQxNeOAgOmAmuW4s+OCseODvOOCueOAgOavjeWtkOaJi+W4s+WFpeOCjOOAgOODkeOCueODneODvOODiOOCseODvOOCueOAgOmAmuW4s+WPjue0jeOCseODvOOCueOAgOavjeWtkOaJi+W4s+OCseODvOOCueOAgOmAmuW4s+ODneODvOODgeOAgOmAmuW4s+ODnuODq+ODgeOCseODvOOCueOAgOODkeOCueODneODvOODiOWFpeOCjOOAgOODnuODq+ODgeODneODvOODgeOAgOS+v+WIqeOCseODvOOCueOAgOS+v+WIqeODneODvOODgeOAgOOCquODquOCuOODiuODqw==[rn]
7-31667,aHR0cDovL3RzaG9wLnIxMHMuanAvZHRjL2NhYmluZXQvMjAxNjA2MjBhLzQ5OTAwOTcwNTUwNDQuanBnP2ZpdGluPTcwMDo3MDA=,NDAwLjAwMDA=,,44OQ44OD44Kw44O75bCP54mp44O744OW44Op44Oz44OJ6ZuR6LKoID4g44Gd44Gu5LuW,5ZCN5Y+k5bGL55y86Y+h44CQ6Iqx57KJ44O744Ki44Os44Or44Ku44O85a++562W44Kw44OD44K644CR44K544Kr44OD44K344O844K744O844OV44OG44Kj55So44K344Oq44Kz44Oz44OV44O844OJ77yI44K444Ol44OL44Ki77yJICjvvb3vvbbvva/vvbzvvbDvvbzvvpjvvbrvvp3vvozvvbDvvoTvvp4p,,PHRhYmxlIGJvcmRlcj0iMCIgY2VsbHBhZGRpbmc9IjAiIGNlbGxzcGFjaW5nPSIwIiB3aWR0aD0iNzEwIiBzdHlsZT0ibGluZS1oZWlnaHQ6MTQwJTsiPjx0cj48dGQ+PGZvbnQgc2l6ZT0iMiI+44K544Kr44OD44K344O844K744O844OV44OG44Kj44K444Ol44OL44Ki44K144Kk44K655So44Gu44K344Oq44Kz44Oz44OV44O844OJ44Gn44GZ44CCPGJyPjxicj7jgJDoo73lk4Hku5Xmp5jjgJE8YnI+5a++5b+c5ZWG5ZOB77ya44K544Kr44OD44K344O844K744O844OV44OG44Kj77yI44K444Ol44OL44Ki44K144Kk44K677yJODcyNS0wMeOAgTg3MjUtMDLjgIE4NzI1LTAzPGJyPjxicj48L2ZvbnQ+PC90ZD48L3RyPjwvdGFibGU+PERJViBhbGlnbj0iY2VudGVyIj4KPENFTlRFUj4KPFRBQkxFIGJvcmRlcj0iMCIgY2VsbHNwYWNpbmc9IjAiIHdpZHRoPSI2MDAiIHN0eWxlPSJib3JkZXItY29sbGFwc2U6IGNvbGxhcHNlIiBib3JkZXJjb2xvcj0iIzExMTExMSIgY2VsbHBhZGRpbmc9IjAiPgogIDxUQk9EWT4KICAgIDxUUj4KICAgICAgPFREIHdpZHRoPSI2MjEiPjwvVEQ+CiAgICA8L1RSPgogIDwvVEJPRFk+CjwvVEFCTEU+CjwvQ0VOVEVSPgo8L0RJVj4=,5ZCN5Y+k5bGL55y86Y+h44CQ6Iqx57KJ44O744Ki44Os44Or44Ku44O85a++562W44Kw44OD44K644CR44K544Kr44OD44K344O844K744O844OV44OG44Kj55So44K344Oq44Kz44Oz44OV44O844OJ77yI44K444Ol44OL44Ki77yJICjvvb3vvbbvva/vvbzvvbDvvbzvvpjvvbrvvp3vvozvvbDvvoTvvp4p77ya44K944OV44Oe44OD44OX5qW95aSp5biC5aC05bqX,44K944OV44Oe44OD44OXU29mbWFw44OR44K944Kz44Oz44K/44OW44Os44OD44OIUENIRETjgqLjgrvjg7Pjg5bjg6rjg5Hjg7zjg4Tjg5Hjgr3jgrPjg7Pjg5Hjg7zjg4Tjg4bjg6zjg5PjgrLjg7zjg6Djg5bjg6vjg7zjg6zjgqTjgr3jg5Xjg4hEVkTjgr3jg5Xjg4jmtrLmmbbjg4bjg6zjg5Pjg5bjg6vjg7zjg6zjgqTjg4fjgqPjgrnjgq/jg6zjgrPjg7zjg4Djg7zjg4fjgrjjgr/jg6vkuIDnnLzjg6zjg5Xjgqvjg6Hjg6njg4fjgrjjgr/jg6vjgqvjg6Hjg6nlrrbpm7vmmYLoqIjkuK3lj6TjgqLjgqbjg4jjg6zjg4Pjg4hpUGFkaVBob25l5ZCN5Y+k5bGL55y86Y+h44CQ6Iqx57KJ44O744Ki44Os44Or44Ku44O85a++562W44Kw44OD44K644CR44K544Kr44OD44K344O844K744O844OV44OG44Kj55So44K344Oq44Kz44Oz44OV44O844OJ77yI44K444Ol44OL44Ki77yJICjvvb3vvbbvva/vvbzvvbDvvbzvvpjvvbrvvp3vvozvvbDvvoTvvp4p,5ZCN5Y+k5bGL55y86Y+h44CQ6Iqx57KJ44O744Ki44Os44Or44Ku44O85a++562W44Kw44OD44K644CR44K544Kr44OD44K344O844K744O844OV44OG44Kj55So44K344Oq44Kz44Oz44OV44O844OJ77yI44K444Ol44OL44Ki77yJICjvvb3vvbbvva/vvbzvvbDvvbzvvpjvvbrvvp3vvozvvbDvvoTvvp4p[rn]
7-31668,aHR0cDovL3RzaG9wLnIxMHMuanAvZHRjL2NhYmluZXQvMjAxNzAyMDduMTYvNDk2NDU5NDczMDUyMC5qcGc/Zml0aW49NzAwOjcwMA==,ODEzMy42MDAw,,44OQ44OD44Kw44O75bCP54mp44O744OW44Op44Oz44OJ6ZuR6LKoID4g44Gd44Gu5LuW,44OX44Oq44O044KnQUdIYXp1a2kg44OP44K644Kt44Or44O844OaIOOCs+ODs+ODkeOCr+ODiCAo6buSKeOCr+ODquOCouODrOODs+OCuiAxLjblgI0gKEhBWlVLSTUg7724776b7724776Y772x776Z772wKQ==,,PHRhYmxlIGJvcmRlcj0iMCIgY2VsbHBhZGRpbmc9IjAiIGNlbGxzcGFjaW5nPSIwIiB3aWR0aD0iNzEwIiBzdHlsZT0ibGluZS1oZWlnaHQ6MTQwJTsiPjx0cj48dGQ+PGZvbnQgc2l6ZT0iMiI+PGJyPuOCruODleODiOOBq+OCguacgOmBqeKZquOBi+OBkeOCjOOBsOS7iuOBvuOBp+OBq+OBquOBhOS4lueVjOOBjOW6g+OBjOOCiuOBvuOBmeKZqjxicj7jg6Hjgqzjg43jga7kuIrjgYvjgonkvb/jgYjjgovjg4/jgrrjgq3jg6vjg7zjg5ogUGFydDU8YnI+4pag44OP44K644Kt44Or44O844Oa44KS44GL44GR44KL44Go5LuK44G+44Gn44Gr44Gq44GE5LiW55WM44GM5bqD44GM44KK44G+44GZPGJyPuODoeOCrOODjeOBr+OCguOBoeOCjeOCk+OAgeOCs+ODs+OCv+OCr+ODiOOBruS4iuOBi+OCiemHjeOBreOBpuS9v+OBiOOCi+ODj+OCuuOCreODq+ODvOODmuOAgumhlOOBq+OChOOBleOBl+OBj+ODleOCo+ODg+ODiOOBmeOCi+KAnOaflOOCieOBi+ODleODrOODvOODoOKAneOCkuaWsOaOoeeUqOOAgueJh+aJi+OBp+OCguOBi+OBkeOCieOCjOOBvuOBmeOAgumrmOW6puOBquODrOODs+OCuuioreioiOOBq+OCiOOCiuatquOBvuOBquOBhOaLoeWkp+ODrOODs+OCuuOCkuaWsOaOoeeUqOOAguODoeOCrOODjeOCv+OCpOODl+OBquOBruOBp+S4oeaJi+OBp+S9nOalreOBjOOBp+OBjeOBvuOBmeOAguODjeOCpOODq+OCseOCouOChOODkeOCveOCs+ODs+OAgeiqreabuOOChOaJi+iKuOOBquOBqeOBp+OCguOCquOCueOCueODoeOBp+OBmeOAgjxicj7ilqDmpa3nlYzmnIDpq5jmsLTmupbvvIHjg5bjg6vjg7zjg6njgqTjg4jjgqvjg4Pjg4jnjoc1Ne+8hSDmma7mrrXjgrnjg57jg5vjgoRQQ+OCkuOCiOOBj+S9v+OBhuaWueOBq+OCguOCquOCueOCueODoTxicj7mnIDov5HjgojjgY/ogLPjgavjgZnjgovjgI7jg5bjg6vjg7zjg6njgqTjg4jjgI/jga/jgIHlj6/oppblhYnnt5rjga7kuK3jgafmnIDjgoLlhYnjgYzlvLfjgY/jgIHnnLzjga7lpaXjga7ntrLohpzjgb7jgafpgZTjgZnjgovpnZLoibLlhYnjgafjgZnjgII8YnI+44K544Oe44O844OI44OV44Kp44Oz44KE44OR44K944Kz44Oz44KS6KaL57aa44GR44KL44Go44CB55y844Gu57ay6Iac44G444Gu54KO55eH44Gq44Gp5oKq5b2x6Z+/44GM5oe45b+144GV44KM44Gm44GE44G+44GZ44CCPGJyPuODj+OCuuOCreODq+ODvOODmiBQYXJ0NeODluODq+ODvOODqeOCpOODiOS7leanmOOBr+OAjuODluODq+ODvOODqeOCpOODiOOAj+OCkjU177yF44KC44Kr44OD44OI44GX44Gf5LiK44CB5aSn44GN44GP5ouh5aSn44GX44Gm6KaL44GI44KL44Gu44Gn44CB6ZW35pmC6ZaT44GL44GR44Gm44KC55ay44KM44Gr44GP44GP44CB54Sm54K56Led6Zui44GMNTBjbeOBi+OCiTcwY23jgajplbfjgY/jgarjgorjgrnjg57jg7zjg4jjg5Xjgqnjg7PjgoTjg5Hjgr3jgrPjg7PjgpLopovjgovmmYLjgavmpb3jgavopovjgYjjgb7jgZnjgII8YnI+4pag44KI44KK5L2/44GE44KE44GZ44GP44Gq44Gj44Gm5bmF5bqD44GE5bm06b2i5bGk44Gr44GK5L2/44GE44GE44Gf44Gg44GR44G+44GZ4pmqPGJyPu+8nHRhYmxlIGJvcmRlcj0z77ye77ycdHLvvJ7vvJx0ZCBiZ2NvbG9yPSNmMGU2OGPvvJ7vvJxzdHJvbmfvvJ7vvJxjZW50ZXLvvJ7nqK7poZ7vvJwvY2VudGVy77ye77ycL3N0cm9uZ++8nu+8nC90ZO+8nu+8nHRkIGJnY29sb3I9I2YwZTY4Y++8nu+8nHN0cm9uZ++8nu+8nGNlbnRlcu+8nuWAjeeOh++8nC9jZW50ZXLvvJ7vvJwvc3Ryb25n77ye77ycL3Rk77ye77ycdGQgYmdjb2xvcj0jZjBlNjhj77ye77ycc3Ryb25n77ye77ycY2VudGVy77ye55So6YCU77ycL2NlbnRlcu+8nu+8nC9zdHJvbmfvvJ7vvJwvdGTvvJ7vvJwvdHLvvJ7vvJx0cu+8nu+8nHRk77ye77ycZm9udCBjb2xvcj1yZWTvvJ5ORVch77ycL2ZvbnTvvJ48YnI+44OW44Or44O844Op44Kk44OI5a++5b+c44Or44O844Oa77ycL3Rk77ye77ycdGTvvJ4xLjMy5YCNIDEuM+ODh+OCo+OCquODl+ODiOODqu+8nC90ZO+8nu+8nHRk77ye6Iul44GE5pa544GL44KJ44GU5bm06YWN44G+44Gn55uu44Gu6LKg5ouF44GM6Lu944GPPGJyPumVt+aZgumWk+OBi+OBkeOBpuOCgualveOBp+OBmeOAgu+8nC90ZO+8nu+8nC90cu+8nu+8nHRy77ye77ycdGTvvJ7jgq/jg6rjgqLjg6vjg7zjg5og77ycL3Rk77ye77ycdGTvvJ4xLjYg5YCNIDIuNeODh+OCo+OCquODl+ODiOODqu+8nC90ZO+8nu+8nHRk77yeMS4zMuWAjeOBjOeJqei2s+OCiuOBquOBhOaWueOBr+OBiuOBmeOBmeOCgeOBp+OBmeOAgu+8nC90ZO+8nu+8nC90cu+8nu+8nC90YWJsZe+8njxicj7ilqDnmbrlo7LjgYvjgokyNuW5tOOBruODreODs+OCsOOCu+ODqeODvO+8geWuieW/g+OBjOS/neiovOOBleOCjOOBpuOBhOOBvuOBmTxicj7ogJDkuYXmgKfjgavjgoLjgZnjgZDjgozjgZ/jg4/jgrrjgq3jg6vjg7zjg5ogUGFydDXjgIIzNiw1MDDlm57jgavjga7jgbzjgovjg5Xjg6zjg7zjg6Dplovplonjg7vogJDkuYXjg4bjgrnjg4jjgpLjga/jgZjjgoHnpL7lhoXmpJzmn7vjgavlkIjmoLzjgILpgJrluLjjga7kvb/jgYTjgYvjgZ/jgacxMOW5tOS7peS4iuOBruOBlOS9v+eUqOOBq+iAkOOBiOOCieOCjOOBvuOBmeOAguODleODrOODvOODoOOAgeODrOODs+OCuuOCkuiqpOOBo+OBpuegtOaQjeOBl+OBn+WgtOWQiOOAgTHlm57jgavpmZDjgormlrDlk4HjgajkuqTmj5vjgZnjgovjgI4x5bm06Ieq5pCN5L+d6Ki844CP44Gr5Yqg44GI44Os44Oz44K644GvMTDlubTkv53oqLzjgIHpvLvjg5Hjg4Pjg4njga8y5bm05Lqk5o+bKOeEoeaWmSnjgafjgZnjgII8YnI+77ycZm9udCBjb2xvcj1ibHVl77ye44CK4oC744Kv44Oq44Ki44Or44O844Oa44Gv44OW44Or44O844Op44Kk44OI5a++5b+c44GX44Gm44GK44KK44G+44Gb44KT44CC44CL77ycL2ZvbnTvvJ4g4oC76Iux5Zu96KaP5qC8KEJTMjcyNO+8mjE5ODcpIDxicj7vvJxmb250IGNvbG9yPXJlZO+8nuOAiuOBlOS9v+eUqOS4iuOBruazqOaEj+OAi++8nC9mb25077yePGJyPuKAu+WkqumZveOCkuebtOimluOBl+OBquOBhOOBp+S4i+OBleOBhOOAgjxicj7igLvmraPjgZfjgY/mpJznnLzjgZXjgozjgZ/nnLzpj6Hjga7kuIrjgYvjgonph43jga3mjpvjgZHjgZfjgabkuIvjgZXjgYTjgII8YnI+4oC75biC6LKp44Gu57Ch5piT5Z6L44Gu6ICB55y86Y+h44GL44KJ44GL44GR44Gm44KC6Imv44GP6KaL44GI44G+44Gb44KT44CC44Oh44Ks44ON5bqX44Gr44GU55u46KuH44GP44Gg44GV44GE44CCPGJyPjwvZm9udD48L3RkPjwvdHI+PC90YWJsZT48dGFibGUgY2VsbHNwYWNpbmc9IjAiIGNlbGxwYWRkaW5nPSI0IiBib3JkZXI9IjEiIHdpZHRoPSI3MTAiIGJvcmRlcmNvbG9yPSIjY2NjY2NjIj48dHI+PHRkIHdpZHRoPSIxODAiIGJnY29sb3I9IiNlZmVmZWYiPjxmb250IHNpemU9IjIiPuOCt+ODquODvOOCuuWQjS/mhJvnp7A8L2ZvbnQ+PC90ZD48dGQgd2lkdGg9IjUzMCI+PGZvbnQgc2l6ZT0iMiI+SGF6dWtpKOODj+OCuuOCrSnjg6vjg7zjg5o8L2ZvbnQ+PC90ZD48L3RyPjx0cj48dGQgd2lkdGg9IjE4MCIgYmdjb2xvcj0iI2VmZWZlZiI+PGZvbnQgc2l6ZT0iMiI+6ImyPC9mb250PjwvdGQ+PHRkIHdpZHRoPSI1MzAiPjxmb250IHNpemU9IjIiPum7kjwvZm9udD48L3RkPjwvdHI+PHRyPjx0ZCB3aWR0aD0iMTgwIiBiZ2NvbG9yPSIjZWZlZmVmIj48Zm9udCBzaXplPSIyIj7mnKzkvZPjgrXjgqTjgrooSMOXV8OXRCltbTwvZm9udD48L3RkPjx0ZCB3aWR0aD0iNTMwIj48Zm9udCBzaXplPSIyIj7ntIQxNC41w5czLjVjbTwvZm9udD48L3RkPjwvdHI+PHRyPjx0ZCB3aWR0aD0iMTgwIiBiZ2NvbG9yPSIjZWZlZmVmIj48Zm9udCBzaXplPSIyIj7jgZ3jga7ku5bjgrXjgqTjgroxKEjDl1fDl0QpPC9mb250PjwvdGQ+PHRkIHdpZHRoPSI1MzAiPjxmb250IHNpemU9IjIiPuOAkOODleODrOODvOODoOmVt+OBleOAkee0hDE1LjUxY208L2ZvbnQ+PC90ZD48L3RyPjx0cj48dGQgd2lkdGg9IjE4MCIgYmdjb2xvcj0iI2VmZWZlZiI+PGZvbnQgc2l6ZT0iMiI+5pys5L2T6YeN6YePPC9mb250PjwvdGQ+PHRkIHdpZHRoPSI1MzAiPjxmb250IHNpemU9IjIiPue0hDIzZzwvZm9udD48L3RkPjwvdHI+PHRyPjx0ZCB3aWR0aD0iMTgwIiBiZ2NvbG9yPSIjZWZlZmVmIj48Zm9udCBzaXplPSIyIj7ntKDmnZA8L2ZvbnQ+PC90ZD48dGQgd2lkdGg9IjUzMCI+PGZvbnQgc2l6ZT0iMiI+44CQ5pys5L2T44CR54m55q6K44Od44Oq44Ki44Of44OJ5qi56ISC44CQ44Os44Oz44K644CR44Ki44Kv44Oq44Or5qi56ISC44CQ6by744OR44OD44OJ44CR44Ko44K544OI44Op44Oe44O85qi56ISCPC9mb250PjwvdGQ+PC90cj48dHI+PHRkIHdpZHRoPSIxODAiIGJnY29sb3I9IiNlZmVmZWYiPjxmb250IHNpemU9IjIiPuODoeODvOOCq+ODvOijveWTgeaDheWgsTwvZm9udD48L3RkPjx0ZCB3aWR0aD0iNTMwIj48Zm9udCBzaXplPSIyIj48L2ZvbnQ+PC90ZD48L3RyPjwvdGFibGU+PERJViBhbGlnbj0iY2VudGVyIj4KPENFTlRFUj4KPFRBQkxFIGJvcmRlcj0iMCIgY2VsbHNwYWNpbmc9IjAiIHdpZHRoPSI2MDAiIHN0eWxlPSJib3JkZXItY29sbGFwc2U6IGNvbGxhcHNlIiBib3JkZXJjb2xvcj0iIzExMTExMSIgY2VsbHBhZGRpbmc9IjAiPgogIDxUQk9EWT4KICAgIDxUUj4KICAgICAgPFREIHdpZHRoPSI2MjEiPjwvVEQ+CiAgICA8L1RSPgogIDwvVEJPRFk+CjwvVEFCTEU+CjwvQ0VOVEVSPgo8L0RJVj4=,44OX44Oq44O044KnQUdIYXp1a2kg44OP44K644Kt44Or44O844OaIOOCs+ODs+ODkeOCr+ODiCAo6buSKeOCr+ODquOCouODrOODs+OCuiAxLjblgI0gKEhBWlVLSTUg7724776b7724776Y772x776Z772wKe+8muOCveODleODnuODg+ODl+alveWkqeW4guWgtOW6lw==,44K944OV44Oe44OD44OXU29mbWFw44OR44K944Kz44Oz44K/44OW44Os44OD44OIUENIRETjgqLjgrvjg7Pjg5bjg6rjg5Hjg7zjg4Tjg5Hjgr3jgrPjg7Pjg5Hjg7zjg4Tjg4bjg6zjg5PjgrLjg7zjg6Djg5bjg6vjg7zjg6zjgqTjgr3jg5Xjg4hEVkTjgr3jg5Xjg4jmtrLmmbbjg4bjg6zjg5Pjg5bjg6vjg7zjg6zjgqTjg4fjgqPjgrnjgq/jg6zjgrPjg7zjg4Djg7zjg4fjgrjjgr/jg6vkuIDnnLzjg6zjg5Xjgqvjg6Hjg6njg4fjgrjjgr/jg6vjgqvjg6Hjg6nlrrbpm7vmmYLoqIjkuK3lj6TjgqLjgqbjg4jjg6zjg4Pjg4hpUGFkaVBob25l44OX44Oq44O044KnQUdIYXp1a2kg44OP44K644Kt44Or44O844OaIOOCs+ODs+ODkeOCr+ODiCAo6buSKeOCr+ODquOCouODrOODs+OCuiAxLjblgI0gKEhBWlVLSTUg7724776b7724776Y772x776Z772wKQ==,44OX44Oq44O044KnQUdIYXp1a2kg44OP44K644Kt44Or44O844OaIOOCs+ODs+ODkeOCr+ODiCAo6buSKeOCr+ODquOCouODrOODs+OCuiAxLjblgI0gKEhBWlVLSTUg7724776b7724776Y772x776Z772wKQ==[rn]
7-31669,aHR0cDovL3RzaG9wLnIxMHMuanAvZHRjL2NhYmluZXQvMjAxNzAyMDduMTYvNDk2NDU5NDczMDQ5MC5qcGc/Zml0aW49NzAwOjcwMA==,ODEzMy42MDAw,,44OQ44OD44Kw44O75bCP54mp44O744OW44Op44Oz44OJ6ZuR6LKoID4g44Gd44Gu5LuW,44OX44Oq44O044KnQUdIYXp1a2kg44K544Oe44O844OI44OP44K644KtICjotaQp44OW44Or44O844Op44Kk44OI5a++5b+c44Kr44Op44O844Os44Oz44K6IDEuMzLlgI0gKEhBWlVLSTUg772x7722776M776e776Z772w776XKQ==,,PHRhYmxlIGJvcmRlcj0iMCIgY2VsbHBhZGRpbmc9IjAiIGNlbGxzcGFjaW5nPSIwIiB3aWR0aD0iNzEwIiBzdHlsZT0ibGluZS1oZWlnaHQ6MTQwJTsiPjx0cj48dGQ+PGZvbnQgc2l6ZT0iMiI+PGJyPuOCruODleODiOOBq+OCguacgOmBqeKZquOBi+OBkeOCjOOBsOS7iuOBvuOBp+OBq+OBquOBhOS4lueVjOOBjOW6g+OBjOOCiuOBvuOBmeKZqjxicj7jg6Hjgqzjg43jga7kuIrjgYvjgonkvb/jgYjjgovjg4/jgrrjgq3jg6vjg7zjg5ogUGFydDU8YnI+4pag44OP44K644Kt44Or44O844Oa44KS44GL44GR44KL44Go5LuK44G+44Gn44Gr44Gq44GE5LiW55WM44GM5bqD44GM44KK44G+44GZPGJyPuODoeOCrOODjeOBr+OCguOBoeOCjeOCk+OAgeOCs+ODs+OCv+OCr+ODiOOBruS4iuOBi+OCiemHjeOBreOBpuS9v+OBiOOCi+ODj+OCuuOCreODq+ODvOODmuOAgumhlOOBq+OChOOBleOBl+OBj+ODleOCo+ODg+ODiOOBmeOCi+KAnOaflOOCieOBi+ODleODrOODvOODoOKAneOCkuaWsOaOoeeUqOOAgueJh+aJi+OBp+OCguOBi+OBkeOCieOCjOOBvuOBmeOAgumrmOW6puOBquODrOODs+OCuuioreioiOOBq+OCiOOCiuatquOBvuOBquOBhOaLoeWkp+ODrOODs+OCuuOCkuaWsOaOoeeUqOOAguODoeOCrOODjeOCv+OCpOODl+OBquOBruOBp+S4oeaJi+OBp+S9nOalreOBjOOBp+OBjeOBvuOBmeOAguODjeOCpOODq+OCseOCouOChOODkeOCveOCs+ODs+OAgeiqreabuOOChOaJi+iKuOOBquOBqeOBp+OCguOCquOCueOCueODoeOBp+OBmeOAgjxicj7ilqDmpa3nlYzmnIDpq5jmsLTmupbvvIHjg5bjg6vjg7zjg6njgqTjg4jjgqvjg4Pjg4jnjoc1Ne+8hSDmma7mrrXjgrnjg57jg5vjgoRQQ+OCkuOCiOOBj+S9v+OBhuaWueOBq+OCguOCquOCueOCueODoTxicj7mnIDov5HjgojjgY/ogLPjgavjgZnjgovjgI7jg5bjg6vjg7zjg6njgqTjg4jjgI/jga/jgIHlj6/oppblhYnnt5rjga7kuK3jgafmnIDjgoLlhYnjgYzlvLfjgY/jgIHnnLzjga7lpaXjga7ntrLohpzjgb7jgafpgZTjgZnjgovpnZLoibLlhYnjgafjgZnjgII8YnI+44K544Oe44O844OI44OV44Kp44Oz44KE44OR44K944Kz44Oz44KS6KaL57aa44GR44KL44Go44CB55y844Gu57ay6Iac44G444Gu54KO55eH44Gq44Gp5oKq5b2x6Z+/44GM5oe45b+144GV44KM44Gm44GE44G+44GZ44CCPGJyPuODj+OCuuOCreODq+ODvOODmiBQYXJ0NeODluODq+ODvOODqeOCpOODiOS7leanmOOBr+OAjuODluODq+ODvOODqeOCpOODiOOAj+OCkjU177yF44KC44Kr44OD44OI44GX44Gf5LiK44CB5aSn44GN44GP5ouh5aSn44GX44Gm6KaL44GI44KL44Gu44Gn44CB6ZW35pmC6ZaT44GL44GR44Gm44KC55ay44KM44Gr44GP44GP44CB54Sm54K56Led6Zui44GMNTBjbeOBi+OCiTcwY23jgajplbfjgY/jgarjgorjgrnjg57jg7zjg4jjg5Xjgqnjg7PjgoTjg5Hjgr3jgrPjg7PjgpLopovjgovmmYLjgavmpb3jgavopovjgYjjgb7jgZnjgII8YnI+4pag44KI44KK5L2/44GE44KE44GZ44GP44Gq44Gj44Gm5bmF5bqD44GE5bm06b2i5bGk44Gr44GK5L2/44GE44GE44Gf44Gg44GR44G+44GZ4pmqPGJyPu+8nHRhYmxlIGJvcmRlcj0z77ye77ycdHLvvJ7vvJx0ZCBiZ2NvbG9yPSNmMGU2OGPvvJ7vvJxzdHJvbmfvvJ7vvJxjZW50ZXLvvJ7nqK7poZ7vvJwvY2VudGVy77ye77ycL3N0cm9uZ++8nu+8nC90ZO+8nu+8nHRkIGJnY29sb3I9I2YwZTY4Y++8nu+8nHN0cm9uZ++8nu+8nGNlbnRlcu+8nuWAjeeOh++8nC9jZW50ZXLvvJ7vvJwvc3Ryb25n77ye77ycL3Rk77ye77ycdGQgYmdjb2xvcj0jZjBlNjhj77ye77ycc3Ryb25n77ye77ycY2VudGVy77ye55So6YCU77ycL2NlbnRlcu+8nu+8nC9zdHJvbmfvvJ7vvJwvdGTvvJ7vvJwvdHLvvJ7vvJx0cu+8nu+8nHRk77ye77ycZm9udCBjb2xvcj1yZWTvvJ5ORVch77ycL2ZvbnTvvJ48YnI+44OW44Or44O844Op44Kk44OI5a++5b+c44Or44O844Oa77ycL3Rk77ye77ycdGTvvJ4xLjMy5YCNIDEuM+ODh+OCo+OCquODl+ODiOODqu+8nC90ZO+8nu+8nHRk77ye6Iul44GE5pa544GL44KJ44GU5bm06YWN44G+44Gn55uu44Gu6LKg5ouF44GM6Lu944GPPGJyPumVt+aZgumWk+OBi+OBkeOBpuOCgualveOBp+OBmeOAgu+8nC90ZO+8nu+8nC90cu+8nu+8nHRy77ye77ycdGTvvJ7jgq/jg6rjgqLjg6vjg7zjg5og77ycL3Rk77ye77ycdGTvvJ4xLjYg5YCNIDIuNeODh+OCo+OCquODl+ODiOODqu+8nC90ZO+8nu+8nHRk77yeMS4zMuWAjeOBjOeJqei2s+OCiuOBquOBhOaWueOBr+OBiuOBmeOBmeOCgeOBp+OBmeOAgu+8nC90ZO+8nu+8nC90cu+8nu+8nC90YWJsZe+8njxicj7ilqDnmbrlo7LjgYvjgokyNuW5tOOBruODreODs+OCsOOCu+ODqeODvO+8geWuieW/g+OBjOS/neiovOOBleOCjOOBpuOBhOOBvuOBmTxicj7ogJDkuYXmgKfjgavjgoLjgZnjgZDjgozjgZ/jg4/jgrrjgq3jg6vjg7zjg5ogUGFydDXjgIIzNiw1MDDlm57jgavjga7jgbzjgovjg5Xjg6zjg7zjg6Dplovplonjg7vogJDkuYXjg4bjgrnjg4jjgpLjga/jgZjjgoHnpL7lhoXmpJzmn7vjgavlkIjmoLzjgILpgJrluLjjga7kvb/jgYTjgYvjgZ/jgacxMOW5tOS7peS4iuOBruOBlOS9v+eUqOOBq+iAkOOBiOOCieOCjOOBvuOBmeOAguODleODrOODvOODoOOAgeODrOODs+OCuuOCkuiqpOOBo+OBpuegtOaQjeOBl+OBn+WgtOWQiOOAgTHlm57jgavpmZDjgormlrDlk4HjgajkuqTmj5vjgZnjgovjgI4x5bm06Ieq5pCN5L+d6Ki844CP44Gr5Yqg44GI44Os44Oz44K644GvMTDlubTkv53oqLzjgIHpvLvjg5Hjg4Pjg4njga8y5bm05Lqk5o+bKOeEoeaWmSnjgafjgZnjgII8YnI+77ycZm9udCBjb2xvcj1ibHVl77ye44CK4oC744Kv44Oq44Ki44Or44O844Oa44Gv44OW44Or44O844Op44Kk44OI5a++5b+c44GX44Gm44GK44KK44G+44Gb44KT44CC44CL77ycL2ZvbnTvvJ4g4oC76Iux5Zu96KaP5qC8KEJTMjcyNO+8mjE5ODcpIDxicj7vvJxmb250IGNvbG9yPXJlZO+8nuOAiuOBlOS9v+eUqOS4iuOBruazqOaEj+OAi++8nC9mb25077yePGJyPuKAu+WkqumZveOCkuebtOimluOBl+OBquOBhOOBp+S4i+OBleOBhOOAgjxicj7igLvmraPjgZfjgY/mpJznnLzjgZXjgozjgZ/nnLzpj6Hjga7kuIrjgYvjgonph43jga3mjpvjgZHjgZfjgabkuIvjgZXjgYTjgII8YnI+4oC75biC6LKp44Gu57Ch5piT5Z6L44Gu6ICB55y86Y+h44GL44KJ44GL44GR44Gm44KC6Imv44GP6KaL44GI44G+44Gb44KT44CC44Oh44Ks44ON5bqX44Gr44GU55u46KuH44GP44Gg44GV44GE44CCPGJyPjwvZm9udD48L3RkPjwvdHI+PC90YWJsZT48dGFibGUgY2VsbHNwYWNpbmc9IjAiIGNlbGxwYWRkaW5nPSI0IiBib3JkZXI9IjEiIHdpZHRoPSI3MTAiIGJvcmRlcmNvbG9yPSIjY2NjY2NjIj48dHI+PHRkIHdpZHRoPSIxODAiIGJnY29sb3I9IiNlZmVmZWYiPjxmb250IHNpemU9IjIiPuOCt+ODquODvOOCuuWQjS/mhJvnp7A8L2ZvbnQ+PC90ZD48dGQgd2lkdGg9IjUzMCI+PGZvbnQgc2l6ZT0iMiI+SGF6dWtpKOODj+OCuuOCrSnjg6vjg7zjg5o8L2ZvbnQ+PC90ZD48L3RyPjx0cj48dGQgd2lkdGg9IjE4MCIgYmdjb2xvcj0iI2VmZWZlZiI+PGZvbnQgc2l6ZT0iMiI+6ImyPC9mb250PjwvdGQ+PHRkIHdpZHRoPSI1MzAiPjxmb250IHNpemU9IjIiPui1pDwvZm9udD48L3RkPjwvdHI+PHRyPjx0ZCB3aWR0aD0iMTgwIiBiZ2NvbG9yPSIjZWZlZmVmIj48Zm9udCBzaXplPSIyIj7mnKzkvZPjgrXjgqTjgrooSMOXV8OXRCltbTwvZm9udD48L3RkPjx0ZCB3aWR0aD0iNTMwIj48Zm9udCBzaXplPSIyIj7ntIQxNC41w5czLjVjbTwvZm9udD48L3RkPjwvdHI+PHRyPjx0ZCB3aWR0aD0iMTgwIiBiZ2NvbG9yPSIjZWZlZmVmIj48Zm9udCBzaXplPSIyIj7jgZ3jga7ku5bjgrXjgqTjgroxKEjDl1fDl0QpPC9mb250PjwvdGQ+PHRkIHdpZHRoPSI1MzAiPjxmb250IHNpemU9IjIiPuOAkOODleODrOODvOODoOmVt+OBleOAkee0hDE1LjUxY208L2ZvbnQ+PC90ZD48L3RyPjx0cj48dGQgd2lkdGg9IjE4MCIgYmdjb2xvcj0iI2VmZWZlZiI+PGZvbnQgc2l6ZT0iMiI+5pys5L2T6YeN6YePPC9mb250PjwvdGQ+PHRkIHdpZHRoPSI1MzAiPjxmb250IHNpemU9IjIiPue0hDIzZzwvZm9udD48L3RkPjwvdHI+PHRyPjx0ZCB3aWR0aD0iMTgwIiBiZ2NvbG9yPSIjZWZlZmVmIj48Zm9udCBzaXplPSIyIj7ntKDmnZA8L2ZvbnQ+PC90ZD48dGQgd2lkdGg9IjUzMCI+PGZvbnQgc2l6ZT0iMiI+44CQ5pys5L2T44CR54m55q6K44Od44Oq44Ki44Of44OJ5qi56ISC44CQ44Os44Oz44K644CR44Ki44Kv44Oq44Or5qi56ISC44CQ6by744OR44OD44OJ44CR44Ko44K544OI44Op44Oe44O85qi56ISCPC9mb250PjwvdGQ+PC90cj48dHI+PHRkIHdpZHRoPSIxODAiIGJnY29sb3I9IiNlZmVmZWYiPjxmb250IHNpemU9IjIiPuODoeODvOOCq+ODvOijveWTgeaDheWgsTwvZm9udD48L3RkPjx0ZCB3aWR0aD0iNTMwIj48Zm9udCBzaXplPSIyIj48L2ZvbnQ+PC90ZD48L3RyPjwvdGFibGU+PERJViBhbGlnbj0iY2VudGVyIj4KPENFTlRFUj4KPFRBQkxFIGJvcmRlcj0iMCIgY2VsbHNwYWNpbmc9IjAiIHdpZHRoPSI2MDAiIHN0eWxlPSJib3JkZXItY29sbGFwc2U6IGNvbGxhcHNlIiBib3JkZXJjb2xvcj0iIzExMTExMSIgY2VsbHBhZGRpbmc9IjAiPgogIDxUQk9EWT4KICAgIDxUUj4KICAgICAgPFREIHdpZHRoPSI2MjEiPjwvVEQ+CiAgICA8L1RSPgogIDwvVEJPRFk+CjwvVEFCTEU+CjwvQ0VOVEVSPgo8L0RJVj4=,44OX44Oq44O044KnQUdIYXp1a2kg44K544Oe44O844OI44OP44K644KtICjotaQp44OW44Or44O844Op44Kk44OI5a++5b+c44Kr44Op44O844Os44Oz44K6IDEuMzLlgI0gKEhBWlVLSTUg772x7722776M776e776Z772w776XKe+8muOCveODleODnuODg+ODl+alveWkqeW4guWgtOW6lw==,44K944OV44Oe44OD44OXU29mbWFw44OR44K944Kz44Oz44K/44OW44Os44OD44OIUENIRETjgqLjgrvjg7Pjg5bjg6rjg5Hjg7zjg4Tjg5Hjgr3jgrPjg7Pjg5Hjg7zjg4Tjg4bjg6zjg5PjgrLjg7zjg6Djg5bjg6vjg7zjg6zjgqTjgr3jg5Xjg4hEVkTjgr3jg5Xjg4jmtrLmmbbjg4bjg6zjg5Pjg5bjg6vjg7zjg6zjgqTjg4fjgqPjgrnjgq/jg6zjgrPjg7zjg4Djg7zjg4fjgrjjgr/jg6vkuIDnnLzjg6zjg5Xjgqvjg6Hjg6njg4fjgrjjgr/jg6vjgqvjg6Hjg6nlrrbpm7vmmYLoqIjkuK3lj6TjgqLjgqbjg4jjg6zjg4Pjg4hpUGFkaVBob25l44OX44Oq44O044KnQUdIYXp1a2kg44K544Oe44O844OI44OP44K644KtICjotaQp44OW44Or44O844Op44Kk44OI5a++5b+c44Kr44Op44O844Os44Oz44K6IDEuMzLlgI0gKEhBWlVLSTUg772x7722776M776e776Z772w776XKQ==,44OX44Oq44O044KnQUdIYXp1a2kg44K544Oe44O844OI44OP44K644KtICjotaQp44OW44Or44O844Op44Kk44OI5a++5b+c44Kr44Op44O844Os44Oz44K6IDEuMzLlgI0gKEhBWlVLSTUg772x7722776M776e776Z772w776XKQ==[rn]
7-31670,aHR0cDovL3RzaG9wLnIxMHMuanAvZHRjL2NhYmluZXQvMjAxNzAyMDduMTYvNDk2NDU5NDczMDUzNy5qcGc/Zml0aW49NzAwOjcwMA==,ODEzMy42MDAw,,44OQ44OD44Kw44O75bCP54mp44O744OW44Op44Oz44OJ6ZuR6LKoID4g44Gd44Gu5LuW,44OX44Oq44O044KnQUdIYXp1a2kg44K544Oe44O844OI44OP44K644KtICjpu5Ip44OW44Or44O844Op44Kk44OI5a++5b+c44Kr44Op44O844Os44Oz44K6IDEuMzLlgI0gKEhBWlVLSTUg7724776b776M776e776Z772w776XKQ==,,PHRhYmxlIGJvcmRlcj0iMCIgY2VsbHBhZGRpbmc9IjAiIGNlbGxzcGFjaW5nPSIwIiB3aWR0aD0iNzEwIiBzdHlsZT0ibGluZS1oZWlnaHQ6MTQwJTsiPjx0cj48dGQ+PGZvbnQgc2l6ZT0iMiI+PGJyPuOCruODleODiOOBq+OCguacgOmBqeKZquOBi+OBkeOCjOOBsOS7iuOBvuOBp+OBq+OBquOBhOS4lueVjOOBjOW6g+OBjOOCiuOBvuOBmeKZqjxicj7jg6Hjgqzjg43jga7kuIrjgYvjgonkvb/jgYjjgovjg4/jgrrjgq3jg6vjg7zjg5ogUGFydDU8YnI+4pag44OP44K644Kt44Or44O844Oa44KS44GL44GR44KL44Go5LuK44G+44Gn44Gr44Gq44GE5LiW55WM44GM5bqD44GM44KK44G+44GZPGJyPuODoeOCrOODjeOBr+OCguOBoeOCjeOCk+OAgeOCs+ODs+OCv+OCr+ODiOOBruS4iuOBi+OCiemHjeOBreOBpuS9v+OBiOOCi+ODj+OCuuOCreODq+ODvOODmuOAgumhlOOBq+OChOOBleOBl+OBj+ODleOCo+ODg+ODiOOBmeOCi+KAnOaflOOCieOBi+ODleODrOODvOODoOKAneOCkuaWsOaOoeeUqOOAgueJh+aJi+OBp+OCguOBi+OBkeOCieOCjOOBvuOBmeOAgumrmOW6puOBquODrOODs+OCuuioreioiOOBq+OCiOOCiuatquOBvuOBquOBhOaLoeWkp+ODrOODs+OCuuOCkuaWsOaOoeeUqOOAguODoeOCrOODjeOCv+OCpOODl+OBquOBruOBp+S4oeaJi+OBp+S9nOalreOBjOOBp+OBjeOBvuOBmeOAguODjeOCpOODq+OCseOCouOChOODkeOCveOCs+ODs+OAgeiqreabuOOChOaJi+iKuOOBquOBqeOBp+OCguOCquOCueOCueODoeOBp+OBmeOAgjxicj7ilqDmpa3nlYzmnIDpq5jmsLTmupbvvIHjg5bjg6vjg7zjg6njgqTjg4jjgqvjg4Pjg4jnjoc1Ne+8hSDmma7mrrXjgrnjg57jg5vjgoRQQ+OCkuOCiOOBj+S9v+OBhuaWueOBq+OCguOCquOCueOCueODoTxicj7mnIDov5HjgojjgY/ogLPjgavjgZnjgovjgI7jg5bjg6vjg7zjg6njgqTjg4jjgI/jga/jgIHlj6/oppblhYnnt5rjga7kuK3jgafmnIDjgoLlhYnjgYzlvLfjgY/jgIHnnLzjga7lpaXjga7ntrLohpzjgb7jgafpgZTjgZnjgovpnZLoibLlhYnjgafjgZnjgII8YnI+44K544Oe44O844OI44OV44Kp44Oz44KE44OR44K944Kz44Oz44KS6KaL57aa44GR44KL44Go44CB55y844Gu57ay6Iac44G444Gu54KO55eH44Gq44Gp5oKq5b2x6Z+/44GM5oe45b+144GV44KM44Gm44GE44G+44GZ44CCPGJyPuODj+OCuuOCreODq+ODvOODmiBQYXJ0NeODluODq+ODvOODqeOCpOODiOS7leanmOOBr+OAjuODluODq+ODvOODqeOCpOODiOOAj+OCkjU177yF44KC44Kr44OD44OI44GX44Gf5LiK44CB5aSn44GN44GP5ouh5aSn44GX44Gm6KaL44GI44KL44Gu44Gn44CB6ZW35pmC6ZaT44GL44GR44Gm44KC55ay44KM44Gr44GP44GP44CB54Sm54K56Led6Zui44GMNTBjbeOBi+OCiTcwY23jgajplbfjgY/jgarjgorjgrnjg57jg7zjg4jjg5Xjgqnjg7PjgoTjg5Hjgr3jgrPjg7PjgpLopovjgovmmYLjgavmpb3jgavopovjgYjjgb7jgZnjgII8YnI+4pag44KI44KK5L2/44GE44KE44GZ44GP44Gq44Gj44Gm5bmF5bqD44GE5bm06b2i5bGk44Gr44GK5L2/44GE44GE44Gf44Gg44GR44G+44GZ4pmqPGJyPu+8nHRhYmxlIGJvcmRlcj0z77ye77ycdHLvvJ7vvJx0ZCBiZ2NvbG9yPSNmMGU2OGPvvJ7vvJxzdHJvbmfvvJ7vvJxjZW50ZXLvvJ7nqK7poZ7vvJwvY2VudGVy77ye77ycL3N0cm9uZ++8nu+8nC90ZO+8nu+8nHRkIGJnY29sb3I9I2YwZTY4Y++8nu+8nHN0cm9uZ++8nu+8nGNlbnRlcu+8nuWAjeeOh++8nC9jZW50ZXLvvJ7vvJwvc3Ryb25n77ye77ycL3Rk77ye77ycdGQgYmdjb2xvcj0jZjBlNjhj77ye77ycc3Ryb25n77ye77ycY2VudGVy77ye55So6YCU77ycL2NlbnRlcu+8nu+8nC9zdHJvbmfvvJ7vvJwvdGTvvJ7vvJwvdHLvvJ7vvJx0cu+8nu+8nHRk77ye77ycZm9udCBjb2xvcj1yZWTvvJ5ORVch77ycL2ZvbnTvvJ48YnI+44OW44Or44O844Op44Kk44OI5a++5b+c44Or44O844Oa77ycL3Rk77ye77ycdGTvvJ4xLjMy5YCNIDEuM+ODh+OCo+OCquODl+ODiOODqu+8nC90ZO+8nu+8nHRk77ye6Iul44GE5pa544GL44KJ44GU5bm06YWN44G+44Gn55uu44Gu6LKg5ouF44GM6Lu944GPPGJyPumVt+aZgumWk+OBi+OBkeOBpuOCgualveOBp+OBmeOAgu+8nC90ZO+8nu+8nC90cu+8nu+8nHRy77ye77ycdGTvvJ7jgq/jg6rjgqLjg6vjg7zjg5og77ycL3Rk77ye77ycdGTvvJ4xLjYg5YCNIDIuNeODh+OCo+OCquODl+ODiOODqu+8nC90ZO+8nu+8nHRk77yeMS4zMuWAjeOBjOeJqei2s+OCiuOBquOBhOaWueOBr+OBiuOBmeOBmeOCgeOBp+OBmeOAgu+8nC90ZO+8nu+8nC90cu+8nu+8nC90YWJsZe+8njxicj7ilqDnmbrlo7LjgYvjgokyNuW5tOOBruODreODs+OCsOOCu+ODqeODvO+8geWuieW/g+OBjOS/neiovOOBleOCjOOBpuOBhOOBvuOBmTxicj7ogJDkuYXmgKfjgavjgoLjgZnjgZDjgozjgZ/jg4/jgrrjgq3jg6vjg7zjg5ogUGFydDXjgIIzNiw1MDDlm57jgavjga7jgbzjgovjg5Xjg6zjg7zjg6Dplovplonjg7vogJDkuYXjg4bjgrnjg4jjgpLjga/jgZjjgoHnpL7lhoXmpJzmn7vjgavlkIjmoLzjgILpgJrluLjjga7kvb/jgYTjgYvjgZ/jgacxMOW5tOS7peS4iuOBruOBlOS9v+eUqOOBq+iAkOOBiOOCieOCjOOBvuOBmeOAguODleODrOODvOODoOOAgeODrOODs+OCuuOCkuiqpOOBo+OBpuegtOaQjeOBl+OBn+WgtOWQiOOAgTHlm57jgavpmZDjgormlrDlk4HjgajkuqTmj5vjgZnjgovjgI4x5bm06Ieq5pCN5L+d6Ki844CP44Gr5Yqg44GI44Os44Oz44K644GvMTDlubTkv53oqLzjgIHpvLvjg5Hjg4Pjg4njga8y5bm05Lqk5o+bKOeEoeaWmSnjgafjgZnjgII8YnI+77ycZm9udCBjb2xvcj1ibHVl77ye44CK4oC744Kv44Oq44Ki44Or44O844Oa44Gv44OW44Or44O844Op44Kk44OI5a++5b+c44GX44Gm44GK44KK44G+44Gb44KT44CC44CL77ycL2ZvbnTvvJ4g4oC76Iux5Zu96KaP5qC8KEJTMjcyNO+8mjE5ODcpIDxicj7vvJxmb250IGNvbG9yPXJlZO+8nuOAiuOBlOS9v+eUqOS4iuOBruazqOaEj+OAi++8nC9mb25077yePGJyPuKAu+WkqumZveOCkuebtOimluOBl+OBquOBhOOBp+S4i+OBleOBhOOAgjxicj7igLvmraPjgZfjgY/mpJznnLzjgZXjgozjgZ/nnLzpj6Hjga7kuIrjgYvjgonph43jga3mjpvjgZHjgZfjgabkuIvjgZXjgYTjgII8YnI+4oC75biC6LKp44Gu57Ch5piT5Z6L44Gu6ICB55y86Y+h44GL44KJ44GL44GR44Gm44KC6Imv44GP6KaL44GI44G+44Gb44KT44CC44Oh44Ks44ON5bqX44Gr44GU55u46KuH44GP44Gg44GV44GE44CCPGJyPjwvZm9udD48L3RkPjwvdHI+PC90YWJsZT48dGFibGUgY2VsbHNwYWNpbmc9IjAiIGNlbGxwYWRkaW5nPSI0IiBib3JkZXI9IjEiIHdpZHRoPSI3MTAiIGJvcmRlcmNvbG9yPSIjY2NjY2NjIj48dHI+PHRkIHdpZHRoPSIxODAiIGJnY29sb3I9IiNlZmVmZWYiPjxmb250IHNpemU9IjIiPuOCt+ODquODvOOCuuWQjS/mhJvnp7A8L2ZvbnQ+PC90ZD48dGQgd2lkdGg9IjUzMCI+PGZvbnQgc2l6ZT0iMiI+SGF6dWtpKOODj+OCuuOCrSnjg6vjg7zjg5o8L2ZvbnQ+PC90ZD48L3RyPjx0cj48dGQgd2lkdGg9IjE4MCIgYmdjb2xvcj0iI2VmZWZlZiI+PGZvbnQgc2l6ZT0iMiI+6ImyPC9mb250PjwvdGQ+PHRkIHdpZHRoPSI1MzAiPjxmb250IHNpemU9IjIiPum7kjwvZm9udD48L3RkPjwvdHI+PHRyPjx0ZCB3aWR0aD0iMTgwIiBiZ2NvbG9yPSIjZWZlZmVmIj48Zm9udCBzaXplPSIyIj7mnKzkvZPjgrXjgqTjgrooSMOXV8OXRCltbTwvZm9udD48L3RkPjx0ZCB3aWR0aD0iNTMwIj48Zm9udCBzaXplPSIyIj7ntIQxNC41w5czLjVjbTwvZm9udD48L3RkPjwvdHI+PHRyPjx0ZCB3aWR0aD0iMTgwIiBiZ2NvbG9yPSIjZWZlZmVmIj48Zm9udCBzaXplPSIyIj7jgZ3jga7ku5bjgrXjgqTjgroxKEjDl1fDl0QpPC9mb250PjwvdGQ+PHRkIHdpZHRoPSI1MzAiPjxmb250IHNpemU9IjIiPuOAkOODleODrOODvOODoOmVt+OBleOAkee0hDE1LjUxY208L2ZvbnQ+PC90ZD48L3RyPjx0cj48dGQgd2lkdGg9IjE4MCIgYmdjb2xvcj0iI2VmZWZlZiI+PGZvbnQgc2l6ZT0iMiI+5pys5L2T6YeN6YePPC9mb250PjwvdGQ+PHRkIHdpZHRoPSI1MzAiPjxmb250IHNpemU9IjIiPue0hDIzZzwvZm9udD48L3RkPjwvdHI+PHRyPjx0ZCB3aWR0aD0iMTgwIiBiZ2NvbG9yPSIjZWZlZmVmIj48Zm9udCBzaXplPSIyIj7ntKDmnZA8L2ZvbnQ+PC90ZD48dGQgd2lkdGg9IjUzMCI+PGZvbnQgc2l6ZT0iMiI+44CQ5pys5L2T44CR54m55q6K44Od44Oq44Ki44Of44OJ5qi56ISC44CQ44Os44Oz44K644CR44Ki44Kv44Oq44Or5qi56ISC44CQ6by744OR44OD44OJ44CR44Ko44K544OI44Op44Oe44O85qi56ISCPC9mb250PjwvdGQ+PC90cj48dHI+PHRkIHdpZHRoPSIxODAiIGJnY29sb3I9IiNlZmVmZWYiPjxmb250IHNpemU9IjIiPuODoeODvOOCq+ODvOijveWTgeaDheWgsTwvZm9udD48L3RkPjx0ZCB3aWR0aD0iNTMwIj48Zm9udCBzaXplPSIyIj48L2ZvbnQ+PC90ZD48L3RyPjwvdGFibGU+PERJViBhbGlnbj0iY2VudGVyIj4KPENFTlRFUj4KPFRBQkxFIGJvcmRlcj0iMCIgY2VsbHNwYWNpbmc9IjAiIHdpZHRoPSI2MDAiIHN0eWxlPSJib3JkZXItY29sbGFwc2U6IGNvbGxhcHNlIiBib3JkZXJjb2xvcj0iIzExMTExMSIgY2VsbHBhZGRpbmc9IjAiPgogIDxUQk9EWT4KICAgIDxUUj4KICAgICAgPFREIHdpZHRoPSI2MjEiPjwvVEQ+CiAgICA8L1RSPgogIDwvVEJPRFk+CjwvVEFCTEU+CjwvQ0VOVEVSPgo8L0RJVj4=,44OX44Oq44O044KnQUdIYXp1a2kg44K544Oe44O844OI44OP44K644KtICjpu5Ip44OW44Or44O844Op44Kk44OI5a++5b+c44Kr44Op44O844Os44Oz44K6IDEuMzLlgI0gKEhBWlVLSTUg7724776b776M776e776Z772w776XKe+8muOCveODleODnuODg+ODl+alveWkqeW4guWgtOW6lw==,44K944OV44Oe44OD44OXU29mbWFw44OR44K944Kz44Oz44K/44OW44Os44OD44OIUENIRETjgqLjgrvjg7Pjg5bjg6rjg5Hjg7zjg4Tjg5Hjgr3jgrPjg7Pjg5Hjg7zjg4Tjg4bjg6zjg5PjgrLjg7zjg6Djg5bjg6vjg7zjg6zjgqTjgr3jg5Xjg4hEVkTjgr3jg5Xjg4jmtrLmmbbjg4bjg6zjg5Pjg5bjg6vjg7zjg6zjgqTjg4fjgqPjgrnjgq/jg6zjgrPjg7zjg4Djg7zjg4fjgrjjgr/jg6vkuIDnnLzjg6zjg5Xjgqvjg6Hjg6njg4fjgrjjgr/jg6vjgqvjg6Hjg6nlrrbpm7vmmYLoqIjkuK3lj6TjgqLjgqbjg4jjg6zjg4Pjg4hpUGFkaVBob25l44OX44Oq44O044KnQUdIYXp1a2kg44K544Oe44O844OI44OP44K644KtICjpu5Ip44OW44Or44O844Op44Kk44OI5a++5b+c44Kr44Op44O844Os44Oz44K6IDEuMzLlgI0gKEhBWlVLSTUg7724776b776M776e776Z772w776XKQ==,44OX44Oq44O044KnQUdIYXp1a2kg44K544Oe44O844OI44OP44K644KtICjpu5Ip44OW44Or44O844Op44Kk44OI5a++5b+c44Kr44Op44O844Os44Oz44K6IDEuMzLlgI0gKEhBWlVLSTUg7724776b776M776e776Z772w776XKQ==[rn]
7-31671,aHR0cDovL3RzaG9wLnIxMHMuanAvZHRjL2NhYmluZXQvMjAxNzAyMDduMTIvNDk1NDI4MTQ2Mzk5Mi5qcGc/Zml0aW49NzAwOjcwMA==,MTU4NC4wMDAw,,44OQ44OD44Kw44O75bCP54mp44O744OW44Op44Oz44OJ6ZuR6LKoID4g44Gd44Gu5LuW,44OV44Op44Oz44K544OZ44OD44OJ44K544Oq44O844OX44OQ44Oz44OG44O844K4IOODleODq+ODvOODqyjjgrDjg6rjg7zjg7MpIChTVu++jO++me+9sO++mUdOKQ==,,PHRhYmxlIGJvcmRlcj0iMCIgY2VsbHBhZGRpbmc9IjAiIGNlbGxzcGFjaW5nPSIwIiB3aWR0aD0iNzEwIiBzdHlsZT0ibGluZS1oZWlnaHQ6MTQwJTsiPjx0cj48dGQ+PGZvbnQgc2l6ZT0iMiI+44Gt44GY44Gj44Gm44CB44Gf44Gf44KT44Gn44CB5bqD44GS44Gm77yBPGJyPuWlveOBjeOBquW9ouOBp+ODquODqeODg+OCr+OCuTxicj48YnI+4pag5bqD44GS44Gm44OJ44O844OK44OEPGJyPuODu+OCguOBo+OBoeOCiuOCr+ODg+OCt+ODp+ODszxicj7jg7vmpIXlrZDjga7kuIrjgas8YnI+PGJyPuKWoOaKmOOCiuOBn+OBn+OCk+OBp+ODluODreODg+OCrzxicj7jg7vjg43jg4Pjgq/jg5Tjg63jg7w8YnI+44O744GG44Gf44Gf5a+d44GrPGJyPuODu+iDjOS4reOCr+ODg+OCt+ODp+ODszxicj48YnI+4pag44Gt44GY44Gj44Gm44OE44Kk44K544OIPGJyPuODu+iFsOOBruOCteODneODvOODiOOBqzxicj7jg7vmjIHjgaHpgYvjgbPjgavkvr/liKnvvIE8YnI+44O75q2j5bqn44GZ44KL6Zqb44Gu44GK44GX44KK44KS44K144Od44O844OIPGJyPuODu+Wvnei7ouOBjOOBo+OBpui2s+mmluOCkuOCteODneODvOODiDxicj48YnI+4pag44Gf44Gf44KT44Gn44OV44Op44Ov44O8PGJyPuODu+OBguOBiuOCgOOBkeOBp+iqreabuDxicj7jg7vog7jjgb7jgY/jgok8YnI+PGJyPuOAkOOCteOCpOOCuuOAkTI5NcOXNzNtbTxicj7jgJDntYTmiJDjgJE8YnI+6KGo5Zyw77ya44Od44Oq44Ko44K544OG44OrMTAw77yFPGJyPuijj+WcsO+8muODneODquOCqOOCueODhuODqzky77yF44CB44Od44Oq44Km44Os44K/44OzOO+8hTxicj7lhYXloavnianvvJrnmbrms6HmgKfjg53jg6rjgrnjg4Hjg6zjg7MxMDDvvIU8YnI+44CQ6YeN6YeP44CRNjdn77yI5YWF5aGr54mp77yJ44CBMTE3Z++8iOijveWTge+8iTxicj48YnI+4oC75Lit5p2Q44Gu5oCn6LOq5LiK44CB44GU5L2/55So44GX44Gm44GE44KL44GG44Gh44Gr5b6Q44CF44Gr44Oc44Oq44Ol44O844Og44GM54Sh44GP44Gq44Gj44Gm44GN44G+44GZ44CCPGJyPjxicj48L2ZvbnQ+PC90ZD48L3RyPjwvdGFibGU+PERJViBhbGlnbj0iY2VudGVyIj4KPENFTlRFUj4KPFRBQkxFIGJvcmRlcj0iMCIgY2VsbHNwYWNpbmc9IjAiIHdpZHRoPSI2MDAiIHN0eWxlPSJib3JkZXItY29sbGFwc2U6IGNvbGxhcHNlIiBib3JkZXJjb2xvcj0iIzExMTExMSIgY2VsbHBhZGRpbmc9IjAiPgogIDxUQk9EWT4KICAgIDxUUj4KICAgICAgPFREIHdpZHRoPSI2MjEiPjwvVEQ+CiAgICA8L1RSPgogIDwvVEJPRFk+CjwvVEFCTEU+CjwvQ0VOVEVSPgo8L0RJVj4=,44OV44Op44Oz44K544OZ44OD44OJ44K544Oq44O844OX44OQ44Oz44OG44O844K4IOODleODq+ODvOODqyjjgrDjg6rjg7zjg7MpIChTVu++jO++me+9sO++mUdOKe+8muOCveODleODnuODg+ODl+alveWkqeW4guWgtOW6lw==,44K944OV44Oe44OD44OXU29mbWFw44OR44K944Kz44Oz44K/44OW44Os44OD44OIUENIRETjgqLjgrvjg7Pjg5bjg6rjg5Hjg7zjg4Tjg5Hjgr3jgrPjg7Pjg5Hjg7zjg4Tjg4bjg6zjg5PjgrLjg7zjg6Djg5bjg6vjg7zjg6zjgqTjgr3jg5Xjg4hEVkTjgr3jg5Xjg4jmtrLmmbbjg4bjg6zjg5Pjg5bjg6vjg7zjg6zjgqTjg4fjgqPjgrnjgq/jg6zjgrPjg7zjg4Djg7zjg4fjgrjjgr/jg6vkuIDnnLzjg6zjg5Xjgqvjg6Hjg6njg4fjgrjjgr/jg6vjgqvjg6Hjg6nlrrbpm7vmmYLoqIjkuK3lj6TjgqLjgqbjg4jjg6zjg4Pjg4hpUGFkaVBob25l44OV44Op44Oz44K544OZ44OD44OJ44K544Oq44O844OX44OQ44Oz44OG44O844K4IOODleODq+ODvOODqyjjgrDjg6rjg7zjg7MpIChTVu++jO++me+9sO++mUdOKQ==,44OV44Op44Oz44K544OZ44OD44OJ44K544Oq44O844OX44OQ44Oz44OG44O844K4IOODleODq+ODvOODqyjjgrDjg6rjg7zjg7MpIChTVu++jO++me+9sO++mUdOKQ==[rn]
7-31672,aHR0cDovL3RzaG9wLnIxMHMuanAvZHRjL2NhYmluZXQvMjAxNzAyMDduMjkvNDU2MDE5NDU0NjE0My5qcGc/Zml0aW49NzAwOjcwMA==,MzAyNC4wMDAw,,44OQ44OD44Kw44O75bCP54mp44O744OW44Op44Oz44OJ6ZuR6LKoID4g44Gd44Gu5LuW,44K544K/44K444Kq44Ko44OMQUxJRkUg44OP44OD44OU44O844OV44Op44Kk44OIIOODleOCqeODvOODq+ODh+OCo+ODs+OCsOODkOODg+OCsO+8iDQzTO+8iSBTTkNGLTA1NS00IOODluODq+ODvCAoU05DRjA1NTQp,,PHRhYmxlIGJvcmRlcj0iMCIgY2VsbHBhZGRpbmc9IjAiIGNlbGxzcGFjaW5nPSIwIiB3aWR0aD0iNzEwIiBzdHlsZT0ibGluZS1oZWlnaHQ6MTQwJTsiPjx0cj48dGQ+PGZvbnQgc2l6ZT0iMiI+4pag5bCP44GV44GP44Gf44Gf44KB44KL44Gu44Gn5peF6KGM44Gr5pyA6YGp44CCPGJyPuKWoOW6g+OBkuOCi+OBqOODnuODgeOBjOOBguOCiuWkp+OBjeOBj+OAgeiNt+eJqeOBjOWil+OBiOOBpuOCguWuieW/g+OAgjxicj7ilqDjgq3jg6Pjg6rjg7zjg5Djg4PjgrDjgavlj5bjgorku5jjgZHlj6/og73jgafjgIHjgZXjgonjgavmqZ/og73nmoTjgII8YnI+PGJyPjwvZm9udD48L3RkPjwvdHI+PC90YWJsZT48dGFibGUgY2VsbHNwYWNpbmc9IjAiIGNlbGxwYWRkaW5nPSI0IiBib3JkZXI9IjEiIHdpZHRoPSI3MTAiIGJvcmRlcmNvbG9yPSIjY2NjY2NjIj48dHI+PHRkIHdpZHRoPSIxODAiIGJnY29sb3I9IiNlZmVmZWYiPjxmb250IHNpemU9IjIiPuOCt+ODquODvOOCuuWQjS/mhJvnp7A8L2ZvbnQ+PC90ZD48dGQgd2lkdGg9IjUzMCI+PGZvbnQgc2l6ZT0iMiI+QUxJRkXvvIjjgqLjg6rjg5XvvIk8L2ZvbnQ+PC90ZD48L3RyPjx0cj48dGQgd2lkdGg9IjE4MCIgYmdjb2xvcj0iI2VmZWZlZiI+PGZvbnQgc2l6ZT0iMiI+6ImyPC9mb250PjwvdGQ+PHRkIHdpZHRoPSI1MzAiPjxmb250IHNpemU9IjIiPuODluODq+ODvDwvZm9udD48L3RkPjwvdHI+PHRyPjx0ZCB3aWR0aD0iMTgwIiBiZ2NvbG9yPSIjZWZlZmVmIj48Zm9udCBzaXplPSIyIj7mnKzkvZPjgrXjgqTjgrooSMOXV8OXRCltbTwvZm9udD48L3RkPjx0ZCB3aWR0aD0iNTMwIj48Zm9udCBzaXplPSIyIj4zNcOXMTk1w5cxOTVtbe+8iOaKmOeVs+aZgu+8iTwvZm9udD48L3RkPjwvdHI+PHRyPjx0ZCB3aWR0aD0iMTgwIiBiZ2NvbG9yPSIjZWZlZmVmIj48Zm9udCBzaXplPSIyIj7jgZ3jga7ku5bjgrXjgqTjgro8L2ZvbnQ+PC90ZD48dGQgd2lkdGg9IjUzMCI+PGZvbnQgc2l6ZT0iMiI+Mzkww5c2MDDDlzE1MG1t77yI5L2/55So5pmC77yJPC9mb250PjwvdGQ+PC90cj48dHI+PHRkIHdpZHRoPSIxODAiIGJnY29sb3I9IiNlZmVmZWYiPjxmb250IHNpemU9IjIiPueorumhnjwvZm9udD48L3RkPjx0ZCB3aWR0aD0iNTMwIj48Zm9udCBzaXplPSIyIj7np7vli5Xlv6vpgannlKjlk4E8L2ZvbnQ+PC90ZD48L3RyPjx0cj48dGQgd2lkdGg9IjE4MCIgYmdjb2xvcj0iI2VmZWZlZiI+PGZvbnQgc2l6ZT0iMiI+5p2Q6LOqPC9mb250PjwvdGQ+PHRkIHdpZHRoPSI1MzAiPjxmb250IHNpemU9IjIiPuODneODquOCqOOCueODhuODqzwvZm9udD48L3RkPjwvdHI+PHRyPjx0ZCB3aWR0aD0iMTgwIiBiZ2NvbG9yPSIjZWZlZmVmIj48Zm9udCBzaXplPSIyIj7lrrnph488L2ZvbnQ+PC90ZD48dGQgd2lkdGg9IjUzMCI+PGZvbnQgc2l6ZT0iMiI+NDNMPC9mb250PjwvdGQ+PC90cj48L3RhYmxlPjxESVYgYWxpZ249ImNlbnRlciI+CjxDRU5URVI+CjxUQUJMRSBib3JkZXI9IjAiIGNlbGxzcGFjaW5nPSIwIiB3aWR0aD0iNjAwIiBzdHlsZT0iYm9yZGVyLWNvbGxhcHNlOiBjb2xsYXBzZSIgYm9yZGVyY29sb3I9IiMxMTExMTEiIGNlbGxwYWRkaW5nPSIwIj4KICA8VEJPRFk+CiAgICA8VFI+CiAgICAgIDxURCB3aWR0aD0iNjIxIj48L1REPgogICAgPC9UUj4KICA8L1RCT0RZPgo8L1RBQkxFPgo8L0NFTlRFUj4KPC9ESVY+,44K544K/44K444Kq44Ko44OMQUxJRkUg44OP44OD44OU44O844OV44Op44Kk44OIIOODleOCqeODvOODq+ODh+OCo+ODs+OCsOODkOODg+OCsO+8iDQzTO+8iSBTTkNGLTA1NS00IOODluODq+ODvCAoU05DRjA1NTQp77ya44K944OV44Oe44OD44OX5qW95aSp5biC5aC05bqX,44K944OV44Oe44OD44OXU29mbWFw44OR44K944Kz44Oz44K/44OW44Os44OD44OIUENIRETjgqLjgrvjg7Pjg5bjg6rjg5Hjg7zjg4Tjg5Hjgr3jgrPjg7Pjg5Hjg7zjg4Tjg4bjg6zjg5PjgrLjg7zjg6Djg5bjg6vjg7zjg6zjgqTjgr3jg5Xjg4hEVkTjgr3jg5Xjg4jmtrLmmbbjg4bjg6zjg5Pjg5bjg6vjg7zjg6zjgqTjg4fjgqPjgrnjgq/jg6zjgrPjg7zjg4Djg7zjg4fjgrjjgr/jg6vkuIDnnLzjg6zjg5Xjgqvjg6Hjg6njg4fjgrjjgr/jg6vjgqvjg6Hjg6nlrrbpm7vmmYLoqIjkuK3lj6TjgqLjgqbjg4jjg6zjg4Pjg4hpUGFkaVBob25l44K544K/44K444Kq44Ko44OMQUxJRkUg44OP44OD44OU44O844OV44Op44Kk44OIIOODleOCqeODvOODq+ODh+OCo+ODs+OCsOODkOODg+OCsO+8iDQzTO+8iSBTTkNGLTA1NS00IOODluODq+ODvCAoU05DRjA1NTQp,44K544K/44K444Kq44Ko44OMQUxJRkUg44OP44OD44OU44O844OV44Op44Kk44OIIOODleOCqeODvOODq+ODh+OCo+ODs+OCsOODkOODg+OCsO+8iDQzTO+8iSBTTkNGLTA1NS00IOODluODq+ODvCAoU05DRjA1NTQp[rn]
7-31673,aHR0cDovL3RzaG9wLnIxMHMuanAvZHRjL2NhYmluZXQvMjAxNTA4MjJuLzQ5NTc3NDU5NDYyMTUuanBnP2ZpdGluPTcwMDo3MDA=,MTUwNC4wMDAw,,44OQ44OD44Kw44O75bCP54mp44O744OW44Op44Oz44OJ6ZuR6LKoID4g44Gd44Gu5LuW,44OR44O844OrRVggTXkgRE/vvIjjg5bjg6njg4Pjgq/vvIlCTCAoRVggTVlETyk=,,PHRhYmxlIGJvcmRlcj0iMCIgY2VsbHBhZGRpbmc9IjAiIGNlbGxzcGFjaW5nPSIwIiB3aWR0aD0iNzEwIiBzdHlsZT0ibGluZS1oZWlnaHQ6MTQwJTsiPjx0cj48dGQ+PGZvbnQgc2l6ZT0iMiI+44Gp44KT44Gq44Oh44Ks44ON44Gr44KC552A6ISx5Y+v6IO944CC5Y+v5YuV5byP5YWI44K744Or44CCPGJyPjxicj48L2ZvbnQ+PC90ZD48L3RyPjwvdGFibGU+PERJViBhbGlnbj0iY2VudGVyIj4KPENFTlRFUj4KPFRBQkxFIGJvcmRlcj0iMCIgY2VsbHNwYWNpbmc9IjAiIHdpZHRoPSI2MDAiIHN0eWxlPSJib3JkZXItY29sbGFwc2U6IGNvbGxhcHNlIiBib3JkZXJjb2xvcj0iIzExMTExMSIgY2VsbHBhZGRpbmc9IjAiPgogIDxUQk9EWT4KICAgIDxUUj4KICAgICAgPFREIHdpZHRoPSI2MjEiPjwvVEQ+CiAgICA8L1RSPgogIDwvVEJPRFk+CjwvVEFCTEU+CjwvQ0VOVEVSPgo8L0RJVj4=,44OR44O844OrRVggTXkgRE/vvIjjg5bjg6njg4Pjgq/vvIlCTCAoRVggTVlETynvvJrjgr3jg5Xjg57jg4Pjg5fmpb3lpKnluILloLTlupc=,44K944OV44Oe44OD44OXU29mbWFw44OR44K944Kz44Oz44K/44OW44Os44OD44OIUENIRETjgqLjgrvjg7Pjg5bjg6rjg5Hjg7zjg4Tjg5Hjgr3jgrPjg7Pjg5Hjg7zjg4Tjg4bjg6zjg5PjgrLjg7zjg6Djg5bjg6vjg7zjg6zjgqTjgr3jg5Xjg4hEVkTjgr3jg5Xjg4jmtrLmmbbjg4bjg6zjg5Pjg5bjg6vjg7zjg6zjgqTjg4fjgqPjgrnjgq/jg6zjgrPjg7zjg4Djg7zjg4fjgrjjgr/jg6vkuIDnnLzjg6zjg5Xjgqvjg6Hjg6njg4fjgrjjgr/jg6vjgqvjg6Hjg6nlrrbpm7vmmYLoqIjkuK3lj6TjgqLjgqbjg4jjg6zjg4Pjg4hpUGFkaVBob25l44OR44O844OrRVggTXkgRE/vvIjjg5bjg6njg4Pjgq/vvIlCTCAoRVggTVlETyk=,44OR44O844OrRVggTXkgRE/vvIjjg5bjg6njg4Pjgq/vvIlCTCAoRVggTVlETyk=[rn]
7-31674,aHR0cDovL3RzaG9wLnIxMHMuanAvZHRjL2NhYmluZXQvMjAxNTExMjZhLzQ5NTc3NDU4Mzk2NjEuanBnP2ZpdGluPTcwMDo3MDA=,NjcyLjAwMDA=,,44OQ44OD44Kw44O75bCP54mp44O744OW44Op44Oz44OJ6ZuR6LKoID4g44Gd44Gu5LuW,44OR44O844Or44KB44GM44Gt77yG44K544Oe44Ob44K544K/44Oz44OJ77yI44OW44Op44OD44Kv77yJQkw=,,PHRhYmxlIGJvcmRlcj0iMCIgY2VsbHBhZGRpbmc9IjAiIGNlbGxzcGFjaW5nPSIwIiB3aWR0aD0iNzEwIiBzdHlsZT0ibGluZS1oZWlnaHQ6MTQwJTsiPjx0cj48dGQ+PGZvbnQgc2l6ZT0iMiI+44K544Oe44Ob44KC5YWl44Gj44Gm5L6/5Yip44Gq44Oh44Ks44ON44K544K/44Oz44OJ44CCPGJyPjxicj48L2ZvbnQ+PC90ZD48L3RyPjwvdGFibGU+PHRhYmxlIGNlbGxzcGFjaW5nPSIwIiBjZWxscGFkZGluZz0iNCIgYm9yZGVyPSIxIiB3aWR0aD0iNzEwIiBib3JkZXJjb2xvcj0iI2NjY2NjYyI+PHRyPjx0ZCB3aWR0aD0iMTgwIiBiZ2NvbG9yPSIjZWZlZmVmIj48Zm9udCBzaXplPSIyIj7oibI8L2ZvbnQ+PC90ZD48dGQgd2lkdGg9IjUzMCI+PGZvbnQgc2l6ZT0iMiI+Qkw8L2ZvbnQ+PC90ZD48L3RyPjx0cj48dGQgd2lkdGg9IjE4MCIgYmdjb2xvcj0iI2VmZWZlZiI+PGZvbnQgc2l6ZT0iMiI+5pys5L2T44K144Kk44K6KEjDl1fDl0QpIG1tPC9mb250PjwvdGQ+PHRkIHdpZHRoPSI1MzAiPjxmb250IHNpemU9IjIiPuWkluWvuO+8iOe0hO+8ie+8mlc5NcOXRDgww5dIMTEwbW08L2ZvbnQ+PC90ZD48L3RyPjx0cj48dGQgd2lkdGg9IjE4MCIgYmdjb2xvcj0iI2VmZWZlZiI+PGZvbnQgc2l6ZT0iMiI+5pys5L2T6YeN6YePPC9mb250PjwvdGQ+PHRkIHdpZHRoPSI1MzAiPjxmb250IHNpemU9IjIiPjE3N2c8L2ZvbnQ+PC90ZD48L3RyPjx0cj48dGQgd2lkdGg9IjE4MCIgYmdjb2xvcj0iI2VmZWZlZiI+PGZvbnQgc2l6ZT0iMiI+57Sg5p2QPC9mb250PjwvdGQ+PHRkIHdpZHRoPSI1MzAiPjxmb250IHNpemU9IjIiPuOCueODgeODvOODoDwvZm9udD48L3RkPjwvdHI+PHRyPjx0ZCB3aWR0aD0iMTgwIiBiZ2NvbG9yPSIjZWZlZmVmIj48Zm9udCBzaXplPSIyIj7lhoXosrzjgoo8L2ZvbnQ+PC90ZD48dGQgd2lkdGg9IjUzMCI+PGZvbnQgc2l6ZT0iMiI+44OZ44O844K444OlPC9mb250PjwvdGQ+PC90cj48L3RhYmxlPjxESVYgYWxpZ249ImNlbnRlciI+CjxDRU5URVI+CjxUQUJMRSBib3JkZXI9IjAiIGNlbGxzcGFjaW5nPSIwIiB3aWR0aD0iNjAwIiBzdHlsZT0iYm9yZGVyLWNvbGxhcHNlOiBjb2xsYXBzZSIgYm9yZGVyY29sb3I9IiMxMTExMTEiIGNlbGxwYWRkaW5nPSIwIj4KICA8VEJPRFk+CiAgICA8VFI+CiAgICAgIDxURCB3aWR0aD0iNjIxIj48L1REPgogICAgPC9UUj4KICA8L1RCT0RZPgo8L1RBQkxFPgo8L0NFTlRFUj4KPC9ESVY+,44OR44O844Or44KB44GM44Gt77yG44K544Oe44Ob44K544K/44Oz44OJ77yI44OW44Op44OD44Kv77yJQkzvvJrjgr3jg5Xjg57jg4Pjg5fmpb3lpKnluILloLTlupc=,44K944OV44Oe44OD44OXU29mbWFw44OR44K944Kz44Oz44K/44OW44Os44OD44OIUENIRETjgqLjgrvjg7Pjg5bjg6rjg5Hjg7zjg4Tjg5Hjgr3jgrPjg7Pjg5Hjg7zjg4Tjg4bjg6zjg5PjgrLjg7zjg6Djg5bjg6vjg7zjg6zjgqTjgr3jg5Xjg4hEVkTjgr3jg5Xjg4jmtrLmmbbjg4bjg6zjg5Pjg5bjg6vjg7zjg6zjgqTjg4fjgqPjgrnjgq/jg6zjgrPjg7zjg4Djg7zjg4fjgrjjgr/jg6vkuIDnnLzjg6zjg5Xjgqvjg6Hjg6njg4fjgrjjgr/jg6vjgqvjg6Hjg6nlrrbpm7vmmYLoqIjkuK3lj6TjgqLjgqbjg4jjg6zjg4Pjg4hpUGFkaVBob25l44OR44O844Or44KB44GM44Gt77yG44K544Oe44Ob44K544K/44Oz44OJ77yI44OW44Op44OD44Kv77yJQkw=,44OR44O844Or44KB44GM44Gt77yG44K544Oe44Ob44K544K/44Oz44OJ77yI44OW44Op44OD44Kv77yJQkw=[rn]
7-31675,aHR0cDovL3RzaG9wLnIxMHMuanAvZHRjL2NhYmluZXQvMjAxNTExMjZhLzQ5NTc3NDU4Mzk2NzguanBnP2ZpdGluPTcwMDo3MDA=,NjcyLjAwMDA=,,44OQ44OD44Kw44O75bCP54mp44O744OW44Op44Oz44OJ6ZuR6LKoID4g44Gd44Gu5LuW,44OR44O844Or44KB44GM44Gt77yG44K544Oe44Ob44K544K/44Oz44OJ77yI44Ov44Kk44Oz77yJV0k=,,PHRhYmxlIGJvcmRlcj0iMCIgY2VsbHBhZGRpbmc9IjAiIGNlbGxzcGFjaW5nPSIwIiB3aWR0aD0iNzEwIiBzdHlsZT0ibGluZS1oZWlnaHQ6MTQwJTsiPjx0cj48dGQ+PGZvbnQgc2l6ZT0iMiI+44K544Oe44Ob44KC5YWl44Gj44Gm5L6/5Yip44Gq44Oh44Ks44ON44K544K/44Oz44OJ44CCPGJyPjxicj48L2ZvbnQ+PC90ZD48L3RyPjwvdGFibGU+PHRhYmxlIGNlbGxzcGFjaW5nPSIwIiBjZWxscGFkZGluZz0iNCIgYm9yZGVyPSIxIiB3aWR0aD0iNzEwIiBib3JkZXJjb2xvcj0iI2NjY2NjYyI+PHRyPjx0ZCB3aWR0aD0iMTgwIiBiZ2NvbG9yPSIjZWZlZmVmIj48Zm9udCBzaXplPSIyIj7oibI8L2ZvbnQ+PC90ZD48dGQgd2lkdGg9IjUzMCI+PGZvbnQgc2l6ZT0iMiI+V0k8L2ZvbnQ+PC90ZD48L3RyPjx0cj48dGQgd2lkdGg9IjE4MCIgYmdjb2xvcj0iI2VmZWZlZiI+PGZvbnQgc2l6ZT0iMiI+5pys5L2T44K144Kk44K6KEjDl1fDl0QpIG1tPC9mb250PjwvdGQ+PHRkIHdpZHRoPSI1MzAiPjxmb250IHNpemU9IjIiPuWkluWvuO+8iOe0hO+8ie+8mlc5NcOXRDgww5dIMTEwbW08L2ZvbnQ+PC90ZD48L3RyPjx0cj48dGQgd2lkdGg9IjE4MCIgYmdjb2xvcj0iI2VmZWZlZiI+PGZvbnQgc2l6ZT0iMiI+5pys5L2T6YeN6YePPC9mb250PjwvdGQ+PHRkIHdpZHRoPSI1MzAiPjxmb250IHNpemU9IjIiPjE3N2c8L2ZvbnQ+PC90ZD48L3RyPjx0cj48dGQgd2lkdGg9IjE4MCIgYmdjb2xvcj0iI2VmZWZlZiI+PGZvbnQgc2l6ZT0iMiI+57Sg5p2QPC9mb250PjwvdGQ+PHRkIHdpZHRoPSI1MzAiPjxmb250IHNpemU9IjIiPuOCueODgeODvOODoDwvZm9udD48L3RkPjwvdHI+PHRyPjx0ZCB3aWR0aD0iMTgwIiBiZ2NvbG9yPSIjZWZlZmVmIj48Zm9udCBzaXplPSIyIj7lhoXosrzjgoo8L2ZvbnQ+PC90ZD48dGQgd2lkdGg9IjUzMCI+PGZvbnQgc2l6ZT0iMiI+44OZ44O844K444OlPC9mb250PjwvdGQ+PC90cj48L3RhYmxlPjxESVYgYWxpZ249ImNlbnRlciI+CjxDRU5URVI+CjxUQUJMRSBib3JkZXI9IjAiIGNlbGxzcGFjaW5nPSIwIiB3aWR0aD0iNjAwIiBzdHlsZT0iYm9yZGVyLWNvbGxhcHNlOiBjb2xsYXBzZSIgYm9yZGVyY29sb3I9IiMxMTExMTEiIGNlbGxwYWRkaW5nPSIwIj4KICA8VEJPRFk+CiAgICA8VFI+CiAgICAgIDxURCB3aWR0aD0iNjIxIj48L1REPgogICAgPC9UUj4KICA8L1RCT0RZPgo8L1RBQkxFPgo8L0NFTlRFUj4KPC9ESVY+,44OR44O844Or44KB44GM44Gt77yG44K544Oe44Ob44K544K/44Oz44OJ77yI44Ov44Kk44Oz77yJV0nvvJrjgr3jg5Xjg57jg4Pjg5fmpb3lpKnluILloLTlupc=,44K944OV44Oe44OD44OXU29mbWFw44OR44K944Kz44Oz44K/44OW44Os44OD44OIUENIRETjgqLjgrvjg7Pjg5bjg6rjg5Hjg7zjg4Tjg5Hjgr3jgrPjg7Pjg5Hjg7zjg4Tjg4bjg6zjg5PjgrLjg7zjg6Djg5bjg6vjg7zjg6zjgqTjgr3jg5Xjg4hEVkTjgr3jg5Xjg4jmtrLmmbbjg4bjg6zjg5Pjg5bjg6vjg7zjg6zjgqTjg4fjgqPjgrnjgq/jg6zjgrPjg7zjg4Djg7zjg4fjgrjjgr/jg6vkuIDnnLzjg6zjg5Xjgqvjg6Hjg6njg4fjgrjjgr/jg6vjgqvjg6Hjg6nlrrbpm7vmmYLoqIjkuK3lj6TjgqLjgqbjg4jjg6zjg4Pjg4hpUGFkaVBob25l44OR44O844Or44KB44GM44Gt77yG44K544Oe44Ob44K544K/44Oz44OJ77yI44Ov44Kk44Oz77yJV0k=,44OR44O844Or44KB44GM44Gt77yG44K544Oe44Ob44K544K/44Oz44OJ77yI44Ov44Kk44Oz77yJV0k=[rn]
7-31676,aHR0cDovL3RzaG9wLnIxMHMuanAvZHRjL2NhYmluZXQvMjAxNzAyMDduNS80NTcxMjA5Njc0MTE5LmpwZz9maXRpbj03MDA6NzAw,Mzg0LjAwMDA=,,44OQ44OD44Kw44O75bCP54mp44O744OW44Op44Oz44OJ6ZuR6LKoID4g44Gd44Gu5LuW,44OL44K344Og44Op6Leh44Gq44K344O844OrUyA5ODdTICjjgqLjg4jjg4rjgrfjg7zjg6tTKQ==,,PHRhYmxlIGJvcmRlcj0iMCIgY2VsbHBhZGRpbmc9IjAiIGNlbGxzcGFjaW5nPSIwIiB3aWR0aD0iNzEwIiBzdHlsZT0ibGluZS1oZWlnaHQ6MTQwJTsiPjx0cj48dGQ+PGZvbnQgc2l6ZT0iMiI+44Oh44Ks44ON44Gu6by744OR44OD44OJ44Gu6Leh44GM44Gk44GN44Gr44GP44GE5oqX6I+M44K544Od44Oz44K444OR44OV44Gu6by744OR44OD44OJ44CCPGJyPum8u+ODkeODg+ODieOBrui3oeOBjOawl+OBq+OBquOCi+aWueOAguOBiuWMlueyp+W0qeOCjOOBjOawl+OBq+OBquOCi+aWueOAguODoeOCrOODjeOBjOmHjeOBj+aEn+OBmOOCi+aWueOBquOBqeOBq+OBiuOBmeOBmeOCgeOAgjxicj48YnI+4pag6KO95ZOB5LuV5qeY4pagPGJyPuOAkOOCteOCpOOCuuOAkemVt+OBlTE0w5c3w5fljprjgb8ybW0gKDHlgIvjga7jgrXjgqTjgropPGJyPjxicj7jgJDmnZDos6rjgJHmipfoj4zjgrnjg53jg7Pjgrjjg5Hjg5Xjg7vljLvnmYLnlKjnspjnnYDjgrfjg7zjg6s8YnI+PGJyPjwvZm9udD48L3RkPjwvdHI+PC90YWJsZT48RElWIGFsaWduPSJjZW50ZXIiPgo8Q0VOVEVSPgo8VEFCTEUgYm9yZGVyPSIwIiBjZWxsc3BhY2luZz0iMCIgd2lkdGg9IjYwMCIgc3R5bGU9ImJvcmRlci1jb2xsYXBzZTogY29sbGFwc2UiIGJvcmRlcmNvbG9yPSIjMTExMTExIiBjZWxscGFkZGluZz0iMCI+CiAgPFRCT0RZPgogICAgPFRSPgogICAgICA8VEQgd2lkdGg9IjYyMSI+PC9URD4KICAgIDwvVFI+CiAgPC9UQk9EWT4KPC9UQUJMRT4KPC9DRU5URVI+CjwvRElWPg==,44OL44K344Og44Op6Leh44Gq44K344O844OrUyA5ODdTICjjgqLjg4jjg4rjgrfjg7zjg6tTKe+8muOCveODleODnuODg+ODl+alveWkqeW4guWgtOW6lw==,44K944OV44Oe44OD44OXU29mbWFw44OR44K944Kz44Oz44K/44OW44Os44OD44OIUENIRETjgqLjgrvjg7Pjg5bjg6rjg5Hjg7zjg4Tjg5Hjgr3jgrPjg7Pjg5Hjg7zjg4Tjg4bjg6zjg5PjgrLjg7zjg6Djg5bjg6vjg7zjg6zjgqTjgr3jg5Xjg4hEVkTjgr3jg5Xjg4jmtrLmmbbjg4bjg6zjg5Pjg5bjg6vjg7zjg6zjgqTjg4fjgqPjgrnjgq/jg6zjgrPjg7zjg4Djg7zjg4fjgrjjgr/jg6vkuIDnnLzjg6zjg5Xjgqvjg6Hjg6njg4fjgrjjgr/jg6vjgqvjg6Hjg6nlrrbpm7vmmYLoqIjkuK3lj6TjgqLjgqbjg4jjg6zjg4Pjg4hpUGFkaVBob25l44OL44K344Og44Op6Leh44Gq44K344O844OrUyA5ODdTICjjgqLjg4jjg4rjgrfjg7zjg6tTKQ==,44OL44K344Og44Op6Leh44Gq44K344O844OrUyA5ODdTICjjgqLjg4jjg4rjgrfjg7zjg6tTKQ==[rn]
7-31677,aHR0cDovL3RzaG9wLnIxMHMuanAvZHRjL2NhYmluZXQvMjAxNzAyMDduMjkvNDU2MDE5NDU0ODM0NS5qcGc/Zml0aW49NzAwOjcwMA==,MTUwNC4wMDAw,,44OQ44OD44Kw44O75bCP54mp44O744OW44Op44Oz44OJ6ZuR6LKoID4g44Gd44Gu5LuW,44K544K/44K444Kq44Ko44OMQUxJRkUg44OP44OD44OU44O844OV44Op44Kk44OIIDItV0FZ44Op44Ky44O844K444OZ44Or44OIIFNOQ0YtMDcwLTEg44Ot44O844K6IChTTkNGMDcwMSk=,,PHRhYmxlIGJvcmRlcj0iMCIgY2VsbHBhZGRpbmc9IjAiIGNlbGxzcGFjaW5nPSIwIiB3aWR0aD0iNzEwIiBzdHlsZT0ibGluZS1oZWlnaHQ6MTQwJTsiPjx0cj48dGQ+PGZvbnQgc2l6ZT0iMiI+4pag44Kt44Oj44Oq44O844OQ44OD44Kw44Gu44OZ44Or44OI44Gu5LuW44Gr44CB5omL6I2354mp44KS44OP44Oz44OJ44Or6YOo5YiG44Gr5Zu65a6a44GZ44KL44GT44Go44KC44Gn44GN44KLMldBWeS7leanmOOAgjxicj48YnI+PC9mb250PjwvdGQ+PC90cj48L3RhYmxlPjx0YWJsZSBjZWxsc3BhY2luZz0iMCIgY2VsbHBhZGRpbmc9IjQiIGJvcmRlcj0iMSIgd2lkdGg9IjcxMCIgYm9yZGVyY29sb3I9IiNjY2NjY2MiPjx0cj48dGQgd2lkdGg9IjE4MCIgYmdjb2xvcj0iI2VmZWZlZiI+PGZvbnQgc2l6ZT0iMiI+44K344Oq44O844K65ZCNL+aEm+ensDwvZm9udD48L3RkPjx0ZCB3aWR0aD0iNTMwIj48Zm9udCBzaXplPSIyIj5BTElGRe+8iOOCouODquODle+8iTwvZm9udD48L3RkPjwvdHI+PHRyPjx0ZCB3aWR0aD0iMTgwIiBiZ2NvbG9yPSIjZWZlZmVmIj48Zm9udCBzaXplPSIyIj7oibI8L2ZvbnQ+PC90ZD48dGQgd2lkdGg9IjUzMCI+PGZvbnQgc2l6ZT0iMiI+44Ot44O844K6PC9mb250PjwvdGQ+PC90cj48dHI+PHRkIHdpZHRoPSIxODAiIGJnY29sb3I9IiNlZmVmZWYiPjxmb250IHNpemU9IjIiPuacrOS9k+OCteOCpOOCuihIw5dXw5dEKW1tPC9mb250PjwvdGQ+PHRkIHdpZHRoPSI1MzAiPjxmb250IHNpemU9IjIiPjI2w5cxMDYww5c1MG1tPC9mb250PjwvdGQ+PC90cj48dHI+PHRkIHdpZHRoPSIxODAiIGJnY29sb3I9IiNlZmVmZWYiPjxmb250IHNpemU9IjIiPueorumhnjwvZm9udD48L3RkPjx0ZCB3aWR0aD0iNTMwIj48Zm9udCBzaXplPSIyIj7jgrHjg7zjgrnvvaXjg5Djg4PjgrDplqLpgKPnlKjlk4E8L2ZvbnQ+PC90ZD48L3RyPjwvdGFibGU+PERJViBhbGlnbj0iY2VudGVyIj4KPENFTlRFUj4KPFRBQkxFIGJvcmRlcj0iMCIgY2VsbHNwYWNpbmc9IjAiIHdpZHRoPSI2MDAiIHN0eWxlPSJib3JkZXItY29sbGFwc2U6IGNvbGxhcHNlIiBib3JkZXJjb2xvcj0iIzExMTExMSIgY2VsbHBhZGRpbmc9IjAiPgogIDxUQk9EWT4KICAgIDxUUj4KICAgICAgPFREIHdpZHRoPSI2MjEiPjwvVEQ+CiAgICA8L1RSPgogIDwvVEJPRFk+CjwvVEFCTEU+CjwvQ0VOVEVSPgo8L0RJVj4=,44K544K/44K444Kq44Ko44OMQUxJRkUg44OP44OD44OU44O844OV44Op44Kk44OIIDItV0FZ44Op44Ky44O844K444OZ44Or44OIIFNOQ0YtMDcwLTEg44Ot44O844K6IChTTkNGMDcwMSnvvJrjgr3jg5Xjg57jg4Pjg5fmpb3lpKnluILloLTlupc=,44K944OV44Oe44OD44OXU29mbWFw44OR44K944Kz44Oz44K/44OW44Os44OD44OIUENIRETjgqLjgrvjg7Pjg5bjg6rjg5Hjg7zjg4Tjg5Hjgr3jgrPjg7Pjg5Hjg7zjg4Tjg4bjg6zjg5PjgrLjg7zjg6Djg5bjg6vjg7zjg6zjgqTjgr3jg5Xjg4hEVkTjgr3jg5Xjg4jmtrLmmbbjg4bjg6zjg5Pjg5bjg6vjg7zjg6zjgqTjg4fjgqPjgrnjgq/jg6zjgrPjg7zjg4Djg7zjg4fjgrjjgr/jg6vkuIDnnLzjg6zjg5Xjgqvjg6Hjg6njg4fjgrjjgr/jg6vjgqvjg6Hjg6nlrrbpm7vmmYLoqIjkuK3lj6TjgqLjgqbjg4jjg6zjg4Pjg4hpUGFkaVBob25l44K544K/44K444Kq44Ko44OMQUxJRkUg44OP44OD44OU44O844OV44Op44Kk44OIIDItV0FZ44Op44Ky44O844K444OZ44Or44OIIFNOQ0YtMDcwLTEg44Ot44O844K6IChTTkNGMDcwMSk=,44K544K/44K444Kq44Ko44OMQUxJRkUg44OP44OD44OU44O844OV44Op44Kk44OIIDItV0FZ44Op44Ky44O844K444OZ44Or44OIIFNOQ0YtMDcwLTEg44Ot44O844K6IChTTkNGMDcwMSk=[rn]
7-31678,aHR0cDovL3RzaG9wLnIxMHMuanAvZHRjL2NhYmluZXQvMjAxNzAyMDduMjkvNDU2MDE5NDU0ODM2OS5qcGc/Zml0aW49NzAwOjcwMA==,MTUwNC4wMDAw,,44OQ44OD44Kw44O75bCP54mp44O744OW44Op44Oz44OJ6ZuR6LKoID4g44Gd44Gu5LuW,44K544K/44K444Kq44Ko44OMQUxJRkUg44OP44OD44OU44O844OV44Op44Kk44OIIDItV0FZ44Op44Ky44O844K444OZ44Or44OIIFNOQ0YtMDcwLTMg44Kw44Oq44O844OzIChTTkNGMDcwMyk=,,PHRhYmxlIGJvcmRlcj0iMCIgY2VsbHBhZGRpbmc9IjAiIGNlbGxzcGFjaW5nPSIwIiB3aWR0aD0iNzEwIiBzdHlsZT0ibGluZS1oZWlnaHQ6MTQwJTsiPjx0cj48dGQ+PGZvbnQgc2l6ZT0iMiI+4pag44Kt44Oj44Oq44O844OQ44OD44Kw44Gu44OZ44Or44OI44Gu5LuW44Gr44CB5omL6I2354mp44KS44OP44Oz44OJ44Or6YOo5YiG44Gr5Zu65a6a44GZ44KL44GT44Go44KC44Gn44GN44KLMldBWeS7leanmOOAgjxicj48YnI+PC9mb250PjwvdGQ+PC90cj48L3RhYmxlPjx0YWJsZSBjZWxsc3BhY2luZz0iMCIgY2VsbHBhZGRpbmc9IjQiIGJvcmRlcj0iMSIgd2lkdGg9IjcxMCIgYm9yZGVyY29sb3I9IiNjY2NjY2MiPjx0cj48dGQgd2lkdGg9IjE4MCIgYmdjb2xvcj0iI2VmZWZlZiI+PGZvbnQgc2l6ZT0iMiI+44K344Oq44O844K65ZCNL+aEm+ensDwvZm9udD48L3RkPjx0ZCB3aWR0aD0iNTMwIj48Zm9udCBzaXplPSIyIj5BTElGRe+8iOOCouODquODle+8iTwvZm9udD48L3RkPjwvdHI+PHRyPjx0ZCB3aWR0aD0iMTgwIiBiZ2NvbG9yPSIjZWZlZmVmIj48Zm9udCBzaXplPSIyIj7oibI8L2ZvbnQ+PC90ZD48dGQgd2lkdGg9IjUzMCI+PGZvbnQgc2l6ZT0iMiI+44Kw44Oq44O844OzPC9mb250PjwvdGQ+PC90cj48dHI+PHRkIHdpZHRoPSIxODAiIGJnY29sb3I9IiNlZmVmZWYiPjxmb250IHNpemU9IjIiPuacrOS9k+OCteOCpOOCuihIw5dXw5dEKW1tPC9mb250PjwvdGQ+PHRkIHdpZHRoPSI1MzAiPjxmb250IHNpemU9IjIiPjI2w5cxMDYww5c1MG1tPC9mb250PjwvdGQ+PC90cj48dHI+PHRkIHdpZHRoPSIxODAiIGJnY29sb3I9IiNlZmVmZWYiPjxmb250IHNpemU9IjIiPueorumhnjwvZm9udD48L3RkPjx0ZCB3aWR0aD0iNTMwIj48Zm9udCBzaXplPSIyIj7jgrHjg7zjgrnvvaXjg5Djg4PjgrDplqLpgKPnlKjlk4E8L2ZvbnQ+PC90ZD48L3RyPjwvdGFibGU+PERJViBhbGlnbj0iY2VudGVyIj4KPENFTlRFUj4KPFRBQkxFIGJvcmRlcj0iMCIgY2VsbHNwYWNpbmc9IjAiIHdpZHRoPSI2MDAiIHN0eWxlPSJib3JkZXItY29sbGFwc2U6IGNvbGxhcHNlIiBib3JkZXJjb2xvcj0iIzExMTExMSIgY2VsbHBhZGRpbmc9IjAiPgogIDxUQk9EWT4KICAgIDxUUj4KICAgICAgPFREIHdpZHRoPSI2MjEiPjwvVEQ+CiAgICA8L1RSPgogIDwvVEJPRFk+CjwvVEFCTEU+CjwvQ0VOVEVSPgo8L0RJVj4=,44K544K/44K444Kq44Ko44OMQUxJRkUg44OP44OD44OU44O844OV44Op44Kk44OIIDItV0FZ44Op44Ky44O844K444OZ44Or44OIIFNOQ0YtMDcwLTMg44Kw44Oq44O844OzIChTTkNGMDcwMynvvJrjgr3jg5Xjg57jg4Pjg5fmpb3lpKnluILloLTlupc=,44K944OV44Oe44OD44OXU29mbWFw44OR44K944Kz44Oz44K/44OW44Os44OD44OIUENIRETjgqLjgrvjg7Pjg5bjg6rjg5Hjg7zjg4Tjg5Hjgr3jgrPjg7Pjg5Hjg7zjg4Tjg4bjg6zjg5PjgrLjg7zjg6Djg5bjg6vjg7zjg6zjgqTjgr3jg5Xjg4hEVkTjgr3jg5Xjg4jmtrLmmbbjg4bjg6zjg5Pjg5bjg6vjg7zjg6zjgqTjg4fjgqPjgrnjgq/jg6zjgrPjg7zjg4Djg7zjg4fjgrjjgr/jg6vkuIDnnLzjg6zjg5Xjgqvjg6Hjg6njg4fjgrjjgr/jg6vjgqvjg6Hjg6nlrrbpm7vmmYLoqIjkuK3lj6TjgqLjgqbjg4jjg6zjg4Pjg4hpUGFkaVBob25l44K544K/44K444Kq44Ko44OMQUxJRkUg44OP44OD44OU44O844OV44Op44Kk44OIIDItV0FZ44Op44Ky44O844K444OZ44Or44OIIFNOQ0YtMDcwLTMg44Kw44Oq44O844OzIChTTkNGMDcwMyk=,44K544K/44K444Kq44Ko44OMQUxJRkUg44OP44OD44OU44O844OV44Op44Kk44OIIDItV0FZ44Op44Ky44O844K444OZ44Or44OIIFNOQ0YtMDcwLTMg44Kw44Oq44O844OzIChTTkNGMDcwMyk=[rn]
7-31679,aHR0cDovL3RzaG9wLnIxMHMuanAvZHRjL2NhYmluZXQvMjAxNzAyMDduMjkvNDU2MDE5NDU0ODM3Ni5qcGc/Zml0aW49NzAwOjcwMA==,MTUwNC4wMDAw,,44OQ44OD44Kw44O75bCP54mp44O744OW44Op44Oz44OJ6ZuR6LKoID4g44Gd44Gu5LuW,44K544K/44K444Kq44Ko44OMQUxJRkUg44OP44OD44OU44O844OV44Op44Kk44OIIDItV0FZ44Op44Ky44O844K444OZ44Or44OIIFNOQ0YtMDcwLTQg44Kk44Ko44Ot44O8IChTTkNGMDcwNCk=,,PHRhYmxlIGJvcmRlcj0iMCIgY2VsbHBhZGRpbmc9IjAiIGNlbGxzcGFjaW5nPSIwIiB3aWR0aD0iNzEwIiBzdHlsZT0ibGluZS1oZWlnaHQ6MTQwJTsiPjx0cj48dGQ+PGZvbnQgc2l6ZT0iMiI+4pag44Kt44Oj44Oq44O844OQ44OD44Kw44Gu44OZ44Or44OI44Gu5LuW44Gr44CB5omL6I2354mp44KS44OP44Oz44OJ44Or6YOo5YiG44Gr5Zu65a6a44GZ44KL44GT44Go44KC44Gn44GN44KLMldBWeS7leanmOOAgjxicj48YnI+PC9mb250PjwvdGQ+PC90cj48L3RhYmxlPjx0YWJsZSBjZWxsc3BhY2luZz0iMCIgY2VsbHBhZGRpbmc9IjQiIGJvcmRlcj0iMSIgd2lkdGg9IjcxMCIgYm9yZGVyY29sb3I9IiNjY2NjY2MiPjx0cj48dGQgd2lkdGg9IjE4MCIgYmdjb2xvcj0iI2VmZWZlZiI+PGZvbnQgc2l6ZT0iMiI+44K344Oq44O844K65ZCNL+aEm+ensDwvZm9udD48L3RkPjx0ZCB3aWR0aD0iNTMwIj48Zm9udCBzaXplPSIyIj5BTElGRe+8iOOCouODquODle+8iTwvZm9udD48L3RkPjwvdHI+PHRyPjx0ZCB3aWR0aD0iMTgwIiBiZ2NvbG9yPSIjZWZlZmVmIj48Zm9udCBzaXplPSIyIj7oibI8L2ZvbnQ+PC90ZD48dGQgd2lkdGg9IjUzMCI+PGZvbnQgc2l6ZT0iMiI+44Kk44Ko44Ot44O8PC9mb250PjwvdGQ+PC90cj48dHI+PHRkIHdpZHRoPSIxODAiIGJnY29sb3I9IiNlZmVmZWYiPjxmb250IHNpemU9IjIiPuacrOS9k+OCteOCpOOCuihIw5dXw5dEKW1tPC9mb250PjwvdGQ+PHRkIHdpZHRoPSI1MzAiPjxmb250IHNpemU9IjIiPjI2w5cxMDYww5c1MG1tPC9mb250PjwvdGQ+PC90cj48dHI+PHRkIHdpZHRoPSIxODAiIGJnY29sb3I9IiNlZmVmZWYiPjxmb250IHNpemU9IjIiPueorumhnjwvZm9udD48L3RkPjx0ZCB3aWR0aD0iNTMwIj48Zm9udCBzaXplPSIyIj7jgrHjg7zjgrnvvaXjg5Djg4PjgrDplqLpgKPnlKjlk4E8L2ZvbnQ+PC90ZD48L3RyPjwvdGFibGU+PERJViBhbGlnbj0iY2VudGVyIj4KPENFTlRFUj4KPFRBQkxFIGJvcmRlcj0iMCIgY2VsbHNwYWNpbmc9IjAiIHdpZHRoPSI2MDAiIHN0eWxlPSJib3JkZXItY29sbGFwc2U6IGNvbGxhcHNlIiBib3JkZXJjb2xvcj0iIzExMTExMSIgY2VsbHBhZGRpbmc9IjAiPgogIDxUQk9EWT4KICAgIDxUUj4KICAgICAgPFREIHdpZHRoPSI2MjEiPjwvVEQ+CiAgICA8L1RSPgogIDwvVEJPRFk+CjwvVEFCTEU+CjwvQ0VOVEVSPgo8L0RJVj4=,44K544K/44K444Kq44Ko44OMQUxJRkUg44OP44OD44OU44O844OV44Op44Kk44OIIDItV0FZ44Op44Ky44O844K444OZ44Or44OIIFNOQ0YtMDcwLTQg44Kk44Ko44Ot44O8IChTTkNGMDcwNCnvvJrjgr3jg5Xjg57jg4Pjg5fmpb3lpKnluILloLTlupc=,44K944OV44Oe44OD44OXU29mbWFw44OR44K944Kz44Oz44K/44OW44Os44OD44OIUENIRETjgqLjgrvjg7Pjg5bjg6rjg5Hjg7zjg4Tjg5Hjgr3jgrPjg7Pjg5Hjg7zjg4Tjg4bjg6zjg5PjgrLjg7zjg6Djg5bjg6vjg7zjg6zjgqTjgr3jg5Xjg4hEVkTjgr3jg5Xjg4jmtrLmmbbjg4bjg6zjg5Pjg5bjg6vjg7zjg6zjgqTjg4fjgqPjgrnjgq/jg6zjgrPjg7zjg4Djg7zjg4fjgrjjgr/jg6vkuIDnnLzjg6zjg5Xjgqvjg6Hjg6njg4fjgrjjgr/jg6vjgqvjg6Hjg6nlrrbpm7vmmYLoqIjkuK3lj6TjgqLjgqbjg4jjg6zjg4Pjg4hpUGFkaVBob25l44K544K/44K444Kq44Ko44OMQUxJRkUg44OP44OD44OU44O844OV44Op44Kk44OIIDItV0FZ44Op44Ky44O844K444OZ44Or44OIIFNOQ0YtMDcwLTQg44Kk44Ko44Ot44O8IChTTkNGMDcwNCk=,44K544K/44K444Kq44Ko44OMQUxJRkUg44OP44OD44OU44O844OV44Op44Kk44OIIDItV0FZ44Op44Ky44O844K444OZ44Or44OIIFNOQ0YtMDcwLTQg44Kk44Ko44Ot44O8IChTTkNGMDcwNCk=[rn]
7-31680,aHR0cDovL3RzaG9wLnIxMHMuanAvZHRjL2NhYmluZXQvMjAxNzAyMDduMjkvNDU2MDE5NDU0ODM4My5qcGc/Zml0aW49NzAwOjcwMA==,MTUwNC4wMDAw,,44OQ44OD44Kw44O75bCP54mp44O744OW44Op44Oz44OJ6ZuR6LKoID4g44Gd44Gu5LuW,44K544K/44K444Kq44Ko44OMQUxJRkUg44OP44OD44OU44O844OV44Op44Kk44OIIDItV0FZ44Op44Ky44O844K444OZ44Or44OIIFNOQ0YtMDcwLTUgQy3jg5bjg6vjg7wgKFNOQ0YwNzA1KQ==,,PHRhYmxlIGJvcmRlcj0iMCIgY2VsbHBhZGRpbmc9IjAiIGNlbGxzcGFjaW5nPSIwIiB3aWR0aD0iNzEwIiBzdHlsZT0ibGluZS1oZWlnaHQ6MTQwJTsiPjx0cj48dGQ+PGZvbnQgc2l6ZT0iMiI+4pag44Kt44Oj44Oq44O844OQ44OD44Kw44Gu44OZ44Or44OI44Gu5LuW44Gr44CB5omL6I2354mp44KS44OP44Oz44OJ44Or6YOo5YiG44Gr5Zu65a6a44GZ44KL44GT44Go44KC44Gn44GN44KLMldBWeS7leanmOOAgjxicj48YnI+PC9mb250PjwvdGQ+PC90cj48L3RhYmxlPjx0YWJsZSBjZWxsc3BhY2luZz0iMCIgY2VsbHBhZGRpbmc9IjQiIGJvcmRlcj0iMSIgd2lkdGg9IjcxMCIgYm9yZGVyY29sb3I9IiNjY2NjY2MiPjx0cj48dGQgd2lkdGg9IjE4MCIgYmdjb2xvcj0iI2VmZWZlZiI+PGZvbnQgc2l6ZT0iMiI+44K344Oq44O844K65ZCNL+aEm+ensDwvZm9udD48L3RkPjx0ZCB3aWR0aD0iNTMwIj48Zm9udCBzaXplPSIyIj5BTElGRe+8iOOCouODquODle+8iTwvZm9udD48L3RkPjwvdHI+PHRyPjx0ZCB3aWR0aD0iMTgwIiBiZ2NvbG9yPSIjZWZlZmVmIj48Zm9udCBzaXplPSIyIj7oibI8L2ZvbnQ+PC90ZD48dGQgd2lkdGg9IjUzMCI+PGZvbnQgc2l6ZT0iMiI+Qy3jg5bjg6vjg7w8L2ZvbnQ+PC90ZD48L3RyPjx0cj48dGQgd2lkdGg9IjE4MCIgYmdjb2xvcj0iI2VmZWZlZiI+PGZvbnQgc2l6ZT0iMiI+5pys5L2T44K144Kk44K6KEjDl1fDl0QpbW08L2ZvbnQ+PC90ZD48dGQgd2lkdGg9IjUzMCI+PGZvbnQgc2l6ZT0iMiI+MjbDlzEwNjDDlzUwbW08L2ZvbnQ+PC90ZD48L3RyPjx0cj48dGQgd2lkdGg9IjE4MCIgYmdjb2xvcj0iI2VmZWZlZiI+PGZvbnQgc2l6ZT0iMiI+56iu6aGePC9mb250PjwvdGQ+PHRkIHdpZHRoPSI1MzAiPjxmb250IHNpemU9IjIiPuOCseODvOOCue+9peODkOODg+OCsOmWoumAo+eUqOWTgTwvZm9udD48L3RkPjwvdHI+PC90YWJsZT48RElWIGFsaWduPSJjZW50ZXIiPgo8Q0VOVEVSPgo8VEFCTEUgYm9yZGVyPSIwIiBjZWxsc3BhY2luZz0iMCIgd2lkdGg9IjYwMCIgc3R5bGU9ImJvcmRlci1jb2xsYXBzZTogY29sbGFwc2UiIGJvcmRlcmNvbG9yPSIjMTExMTExIiBjZWxscGFkZGluZz0iMCI+CiAgPFRCT0RZPgogICAgPFRSPgogICAgICA8VEQgd2lkdGg9IjYyMSI+PC9URD4KICAgIDwvVFI+CiAgPC9UQk9EWT4KPC9UQUJMRT4KPC9DRU5URVI+CjwvRElWPg==,44K544K/44K444Kq44Ko44OMQUxJRkUg44OP44OD44OU44O844OV44Op44Kk44OIIDItV0FZ44Op44Ky44O844K444OZ44Or44OIIFNOQ0YtMDcwLTUgQy3jg5bjg6vjg7wgKFNOQ0YwNzA1Ke+8muOCveODleODnuODg+ODl+alveWkqeW4guWgtOW6lw==,44K944OV44Oe44OD44OXU29mbWFw44OR44K944Kz44Oz44K/44OW44Os44OD44OIUENIRETjgqLjgrvjg7Pjg5bjg6rjg5Hjg7zjg4Tjg5Hjgr3jgrPjg7Pjg5Hjg7zjg4Tjg4bjg6zjg5PjgrLjg7zjg6Djg5bjg6vjg7zjg6zjgqTjgr3jg5Xjg4hEVkTjgr3jg5Xjg4jmtrLmmbbjg4bjg6zjg5Pjg5bjg6vjg7zjg6zjgqTjg4fjgqPjgrnjgq/jg6zjgrPjg7zjg4Djg7zjg4fjgrjjgr/jg6vkuIDnnLzjg6zjg5Xjgqvjg6Hjg6njg4fjgrjjgr/jg6vjgqvjg6Hjg6nlrrbpm7vmmYLoqIjkuK3lj6TjgqLjgqbjg4jjg6zjg4Pjg4hpUGFkaVBob25l44K544K/44K444Kq44Ko44OMQUxJRkUg44OP44OD44OU44O844OV44Op44Kk44OIIDItV0FZ44Op44Ky44O844K444OZ44Or44OIIFNOQ0YtMDcwLTUgQy3jg5bjg6vjg7wgKFNOQ0YwNzA1KQ==,44K544K/44K444Kq44Ko44OMQUxJRkUg44OP44OD44OU44O844OV44Op44Kk44OIIDItV0FZ44Op44Ky44O844K444OZ44Or44OIIFNOQ0YtMDcwLTUgQy3jg5bjg6vjg7wgKFNOQ0YwNzA1KQ==[rn]
7-31681,aHR0cDovL3RzaG9wLnIxMHMuanAvZHRjL2NhYmluZXQvMjAxNzAyMDduMjQvNDk5MDA5NzA1ODAyMS5qcGc/Zml0aW49NzAwOjcwMA==,MTQ0MC4wMDAw,,44OQ44OD44Kw44O75bCP54mp44O744OW44Op44Oz44OJ6ZuR6LKoID4g44Gd44Gu5LuW,5ZCN5Y+k5bGL55y86Y+h44Oe44Or44OB44K544K/44Oz44OJ77yI44OW44Op44OD44Kv77yJNTk4NS0wMSAoNTk4NTAxKQ==,,PHRhYmxlIGJvcmRlcj0iMCIgY2VsbHBhZGRpbmc9IjAiIGNlbGxzcGFjaW5nPSIwIiB3aWR0aD0iNzEwIiBzdHlsZT0ibGluZS1oZWlnaHQ6MTQwJTsiPjx0cj48dGQ+PGZvbnQgc2l6ZT0iMiI+55y86Y+h55So44K544K/44Oz44OJ44Go44GX44Gm44Gv44KC44Gh44KN44KT44CB5bCP54mp5YWl44KM44Go44GX44Gm44KC5rS76LqN44GX44G+44GZ44CCPGJyPuW8seW6puODu+S4reW6puODu+W8t+W6puOBruWNsOWIt+OBleOCjOOBn+OCt+ODvOODq+OBjOS7mOOBhOOBpuOBhOOBvuOBmeOAgjxicj48YnI+4pag6KO95ZOB5LuV5qeY4pagPGJyPuOAkOOCteOCpOOCuuOAkVcxMzLDl0Q3MMOXSDEwNG1tPGJyPjxicj7jgJDntKDmnZDjgJHnuYrntq3lkIjmnb/jg7vjg53jg6rjgqbjg6zjgr/jg7Pjg7vjg53jg6rjgqjjgrnjg4bjg6s8YnI+PGJyPjwvZm9udD48L3RkPjwvdHI+PC90YWJsZT48RElWIGFsaWduPSJjZW50ZXIiPgo8Q0VOVEVSPgo8VEFCTEUgYm9yZGVyPSIwIiBjZWxsc3BhY2luZz0iMCIgd2lkdGg9IjYwMCIgc3R5bGU9ImJvcmRlci1jb2xsYXBzZTogY29sbGFwc2UiIGJvcmRlcmNvbG9yPSIjMTExMTExIiBjZWxscGFkZGluZz0iMCI+CiAgPFRCT0RZPgogICAgPFRSPgogICAgICA8VEQgd2lkdGg9IjYyMSI+PC9URD4KICAgIDwvVFI+CiAgPC9UQk9EWT4KPC9UQUJMRT4KPC9DRU5URVI+CjwvRElWPg==,5ZCN5Y+k5bGL55y86Y+h44Oe44Or44OB44K544K/44Oz44OJ77yI44OW44Op44OD44Kv77yJNTk4NS0wMSAoNTk4NTAxKe+8muOCveODleODnuODg+ODl+alveWkqeW4guWgtOW6lw==,44K944OV44Oe44OD44OXU29mbWFw44OR44K944Kz44Oz44K/44OW44Os44OD44OIUENIRETjgqLjgrvjg7Pjg5bjg6rjg5Hjg7zjg4Tjg5Hjgr3jgrPjg7Pjg5Hjg7zjg4Tjg4bjg6zjg5PjgrLjg7zjg6Djg5bjg6vjg7zjg6zjgqTjgr3jg5Xjg4hEVkTjgr3jg5Xjg4jmtrLmmbbjg4bjg6zjg5Pjg5bjg6vjg7zjg6zjgqTjg4fjgqPjgrnjgq/jg6zjgrPjg7zjg4Djg7zjg4fjgrjjgr/jg6vkuIDnnLzjg6zjg5Xjgqvjg6Hjg6njg4fjgrjjgr/jg6vjgqvjg6Hjg6nlrrbpm7vmmYLoqIjkuK3lj6TjgqLjgqbjg4jjg6zjg4Pjg4hpUGFkaVBob25l5ZCN5Y+k5bGL55y86Y+h44Oe44Or44OB44K544K/44Oz44OJ77yI44OW44Op44OD44Kv77yJNTk4NS0wMSAoNTk4NTAxKQ==,5ZCN5Y+k5bGL55y86Y+h44Oe44Or44OB44K544K/44Oz44OJ77yI44OW44Op44OD44Kv77yJNTk4NS0wMSAoNTk4NTAxKQ==[rn]
7-31682,aHR0cDovL3RzaG9wLnIxMHMuanAvb3V0bGV0c2hvZXMvY2FiaW5ldC9qdjFwcC9qdjFwcC03MTc3X20wLmpwZz9maXRpbj03MDA6NzAw,Mjk1Mi4wMDAw,,6Z20ID4g44Os44OH44Kj44O844K56Z20ID4g44OR44Oz44OX44K5,6YCB5paZ54Sh5paZIOatqeOBjeOChOOBmeOBhO+8gSDjg5/jg4njg6vjg5Ljg7zjg6sg44Kv44Ot44K544K544OI44Op44OD44OXIOODkeODs+ODl+OCueKJquWuhemFjeS+v+OBruOBv+KJq+OCouODs+OCr+ODq+OCueODiOODqeODg+ODlyDnl5vjgY/jgarjgYQg6buSIOe1kOWpmuW8jyDlpKfjgY3jgYTjgrXjgqTjgrog6ISx44GS44Gq44GEIOODn+ODieODq+ODkuODvOODqyDjg4Hjg6Pjg7Pjgq3jg7zjg5Ljg7zjg6sg44K544Kv44Ko44Ki44OI44KlIOatqeOBjeOChOOBmeOBhCDvvJLpgKPjgrnjg4jjg6njg4Pjg5cg44Ki44Km44OI44Os44OD44OI44K344Ol44O844K644GK6LK344GE54mp44Oe44Op44K944OzIOODnuODqeOCveODsw==,44Kv44Ot44K544K544OI44Op44OD44OX44GM6Laz6aaW44KS6I+v5aWi44Gr6a2F44Gb44KL,PGRpdiBjbGFzcz1JdGVtUGFnZT48YnI+PGJyPjxicj48Y2VudGVyPjxpbWcgc3JjPWh0dHA6Ly9pbWFnZS5yYWt1dGVuLmNvLmpwL291dGxldHNob2VzL2NhYmluZXQvanYxcHAvanYxcHAtNzE3Ny0wMDFuLmpwZz48L2NlbnRlcj48YnI+PGNlbnRlcj48aW1nIHNyYz1odHRwOi8vaW1hZ2UucmFrdXRlbi5jby5qcC9vdXRsZXRzaG9lcy9jYWJpbmV0L2p2MXBwL2p2MXBwLTcxNzctMDAyLmpwZz48aW1nIHNyYz1odHRwOi8vaW1hZ2UucmFrdXRlbi5jby5qcC9vdXRsZXRzaG9lcy9jYWJpbmV0L2p2MXBwL2p2MXBwLTcxNzctMDAzbi5qcGc+PGltZyBzcmM9aHR0cDovL2ltYWdlLnJha3V0ZW4uY28uanAvb3V0bGV0c2hvZXMvY2FiaW5ldC9qdjFwcC9qdjFwcC03MTc3LTAwNC5qcGc+PGltZyBzcmM9aHR0cDovL2ltYWdlLnJha3V0ZW4uY28uanAvb3V0bGV0c2hvZXMvY2FiaW5ldC9qdjFwcC9qdjFwcC03MTc3LTAwNS5qcGc+PGltZyBzcmM9aHR0cDovL2ltYWdlLnJha3V0ZW4uY28uanAvb3V0bGV0c2hvZXMvY2FiaW5ldC9qdjFwcC9qdjFwcC03MTc3LTAwNi5qcGc+PGltZyBzcmM9aHR0cDovL2ltYWdlLnJha3V0ZW4uY28uanAvb3V0bGV0c2hvZXMvY2FiaW5ldC9qdjFwcC9qdjFwcC03MTc3LTAwNy5qcGc+PGltZyBzcmM9aHR0cDovL2ltYWdlLnJha3V0ZW4uY28uanAvb3V0bGV0c2hvZXMvY2FiaW5ldC9qdjFwcC9qdjFwcC03MTc3LTAwOC5qcGc+PGltZyBzcmM9aHR0cDovL2ltYWdlLnJha3V0ZW4uY28uanAvb3V0bGV0c2hvZXMvY2FiaW5ldC9qdjFwcC9qdjFwcC03MTc3LTAwOS5qcGc+PGltZyBzcmM9aHR0cDovL2ltYWdlLnJha3V0ZW4uY28uanAvb3V0bGV0c2hvZXMvY2FiaW5ldC9qdjFwcC9qdjFwcC03MTc3LTAxMC5qcGc+PGltZyBzcmM9aHR0cDovL2ltYWdlLnJha3V0ZW4uY28uanAvb3V0bGV0c2hvZXMvY2FiaW5ldC9qdjFwcC9qdjFwcC03MTc3LTAxMS5qcGc+PGltZyBzcmM9aHR0cDovL2ltYWdlLnJha3V0ZW4uY28uanAvb3V0bGV0c2hvZXMvY2FiaW5ldC9qdjFwcC9qdjFwcC03MTc3LTAxMi5qcGc+PGltZyBzcmM9aHR0cDovL2ltYWdlLnJha3V0ZW4uY28uanAvb3V0bGV0c2hvZXMvY2FiaW5ldC9qdjFwcC9qdjFwcC03MTc3LTAxMy5qcGc+PGltZyBzcmM9aHR0cDovL2ltYWdlLnJha3V0ZW4uY28uanAvb3V0bGV0c2hvZXMvY2FiaW5ldC9qdjFwcC9qdjFwcC03MTc3LTAxNG4uanBnPjwvY2VudGVyPjxicj48aW1nIHNyYz1odHRwOi8vaW1hZ2UucmFrdXRlbi5jby5qcC9vdXRsZXRzaG9lcy9jYWJpbmV0L3B0L2RldGFpbF90LmdpZj48aW1nIHNyYz1odHRwOi8vaW1hZ2UucmFrdXRlbi5jby5qcC9vdXRsZXRzaG9lcy9jYWJpbmV0L3B0L2dhem91X2tha3VkYWkuZ2lmPjxicj48YnI+PGJyPjxicj48YnI+PGEgaHJlZj1odHRwOi8vaW1hZ2UucmFrdXRlbi5jby5qcC9vdXRsZXRzaG9lcy9jYWJpbmV0L2p2MXBwL2p2MXBwLTcxNzctczEtMi5qcGcgdGFyZ2V0PV9ibGFuaz48aW1nIHNyYz1odHRwOi8vaW1hZ2UucmFrdXRlbi5jby5qcC9vdXRsZXRzaG9lcy9jYWJpbmV0L2p2MXBwL2p2MXBwLTcxNzctczEtMS5qcGc+PCEtLXMtLT48L2E+PGEgaHJlZj1odHRwOi8vaW1hZ2UucmFrdXRlbi5jby5qcC9vdXRsZXRzaG9lcy9jYWJpbmV0L2p2MXBwL2p2MXBwLTcxNzctczItMi5qcGcgdGFyZ2V0PV9ibGFuaz48aW1nIHNyYz1odHRwOi8vaW1hZ2UucmFrdXRlbi5jby5qcC9vdXRsZXRzaG9lcy9jYWJpbmV0L2p2MXBwL2p2MXBwLTcxNzctczItMS5qcGc+PCEtLXMtLT48L2E+PGJyPjxhIGhyZWY9aHR0cDovL2ltYWdlLnJha3V0ZW4uY28uanAvb3V0bGV0c2hvZXMvY2FiaW5ldC9qdjFwcC9qdjFwcC03MTc3LXMzLTIuanBnIHRhcmdldD1fYmxhbms+PGltZyBzcmM9aHR0cDovL2ltYWdlLnJha3V0ZW4uY28uanAvb3V0bGV0c2hvZXMvY2FiaW5ldC9qdjFwcC9qdjFwcC03MTc3LXMzLTEuanBnPjwhLS1zLS0+PC9hPjxhIGhyZWY9aHR0cDovL2ltYWdlLnJha3V0ZW4uY28uanAvb3V0bGV0c2hvZXMvY2FiaW5ldC9qdjFwcC9qdjFwcC03MTc3LXM0LTIuanBnIHRhcmdldD1fYmxhbms+PGltZyBzcmM9aHR0cDovL2ltYWdlLnJha3V0ZW4uY28uanAvb3V0bGV0c2hvZXMvY2FiaW5ldC9qdjFwcC9qdjFwcC03MTc3LXM0LTEuanBnPjwhLS1zLS0+PC9hPjxicj48YSBocmVmPWh0dHA6Ly9pbWFnZS5yYWt1dGVuLmNvLmpwL291dGxldHNob2VzL2NhYmluZXQvanYxcHAvanYxcHAtNzE3Ny1zNS0yLmpwZyB0YXJnZXQ9X2JsYW5rPjxpbWcgc3JjPWh0dHA6Ly9pbWFnZS5yYWt1dGVuLmNvLmpwL291dGxldHNob2VzL2NhYmluZXQvanYxcHAvanYxcHAtNzE3Ny1zNS0xLmpwZz48IS0tcy0tPjwvYT48YnI+PGJyPjxicj48YnI+PGJyPjxicj48aW1nIHNyYz1odHRwOi8vaW1hZ2UucmFrdXRlbi5jby5qcC9vdXRsZXRzaG9lcy9jYWJpbmV0L3B0L2NvbG9yX3QuZ2lmPjxpbWcgc3JjPWh0dHA6Ly9pbWFnZS5yYWt1dGVuLmNvLmpwL291dGxldHNob2VzL2NhYmluZXQvcHQvZ2F6b3Vfa2FrdWRhaS5naWY+PGJyPjxicj48YnI+PGJyPjxicj48YSBocmVmPWh0dHA6Ly9pbWFnZS5yYWt1dGVuLmNvLmpwL291dGxldHNob2VzL2NhYmluZXQvanYxcHAvanYxcHAtNzE3Ny1jMS0yLmpwZyB0YXJnZXQ9X2JsYW5rPjxpbWcgc3JjPWh0dHA6Ly9pbWFnZS5yYWt1dGVuLmNvLmpwL291dGxldHNob2VzL2NhYmluZXQvanYxcHAvanYxcHAtNzE3Ny1jMS0xLmpwZz48IS0tYy0tPjwvYT48YSBocmVmPWh0dHA6Ly9pbWFnZS5yYWt1dGVuLmNvLmpwL291dGxldHNob2VzL2NhYmluZXQvanYxcHAvanYxcHAtNzE3Ny1jMi0yLmpwZyB0YXJnZXQ9X2JsYW5rPjxpbWcgc3JjPWh0dHA6Ly9pbWFnZS5yYWt1dGVuLmNvLmpwL291dGxldHNob2VzL2NhYmluZXQvanYxcHAvanYxcHAtNzE3Ny1jMi0xLmpwZz48IS0tYy0tPjwvYT48YSBocmVmPWh0dHA6Ly9pbWFnZS5yYWt1dGVuLmNvLmpwL291dGxldHNob2VzL2NhYmluZXQvanYxcHAvanYxcHAtNzE3Ny1jNC0yLmpwZyB0YXJnZXQ9X2JsYW5rPjxpbWcgc3JjPWh0dHA6Ly9pbWFnZS5yYWt1dGVuLmNvLmpwL291dGxldHNob2VzL2NhYmluZXQvanYxcHAvanYxcHAtNzE3Ny1jMy0xLmpwZz48IS0tYy0tPjwvYT48YSBocmVmPWh0dHA6Ly9pbWFnZS5yYWt1dGVuLmNvLmpwL291dGxldHNob2VzL2NhYmluZXQvanYxcHAvanYxcHAtNzE3Ny1jMy0yLmpwZyB0YXJnZXQ9X2JsYW5rPjxpbWcgc3JjPWh0dHA6Ly9pbWFnZS5yYWt1dGVuLmNvLmpwL291dGxldHNob2VzL2NhYmluZXQvanYxcHAvanYxcHAtNzE3Ny1jNC0xLmpwZz48IS0tYy0tPjwvYT48YnI+PGJyPjxicj48YnI+PGJyPjxpbWcgc3JjPSJodHRwOi8vaW1hZ2UucmFrdXRlbi5jby5qcC9vdXRsZXRzaG9lcy9jYWJpbmV0L3B0L2NvbG9yX3R5dWkuZ2lmIj48YnI+PGJyPjxicj48YnI+PGJyPjxicj48aW1nIHNyYz1odHRwOi8vaW1hZ2UucmFrdXRlbi5jby5qcC9vdXRsZXRzaG9lcy9jYWJpbmV0L2p2MXBwL2p2MXBwLTcxNzctc2l6ZS1zLmdpZj48YnI+PGJyPjxicj48YnI+PGltZyBzcmM9aHR0cDovL2ltYWdlLnJha3V0ZW4uY28uanAvb3V0bGV0c2hvZXMvY2FiaW5ldC9wdC9maXR0aW5nLmdpZj48YnI+PGJyPjxicj48aW1nIHNyYz1odHRwOi8vaW1hZ2UucmFrdXRlbi5jby5qcC9vdXRsZXRzaG9lcy9jYWJpbmV0L3B0L3N0YWZmLXNpemUtMS5naWY+PGJyPjxicj48YnI+PGltZyBzcmM9aHR0cDovL2ltYWdlLnJha3V0ZW4uY28uanAvb3V0bGV0c2hvZXMvY2FiaW5ldC9qdjFwcC9qdjFwcC03MTc3LWZpdC5naWY+PGJyPjxicj48YnI+PGJyPjxicj48YSBocmVmPWh0dHA6Ly9pdGVtLnJha3V0ZW4uY28uanAvb3V0bGV0c2hvZXMvYy8wMDAwMDAwNTM3LyNzdGFmZi1zaXplPjxpbWcgc3JjPWh0dHA6Ly9pbWFnZS5yYWt1dGVuLmNvLmpwL291dGxldHNob2VzL2NhYmluZXQvcHQvc3RhZmZkYXRhLmdpZj48L2E+PGJyPjxhIGhyZWY9aHR0cDovL2l0ZW0ucmFrdXRlbi5jby5qcC9vdXRsZXRzaG9lcy9jLzAwMDAwMDA1MzcvI3NpemUta2Vpc29rdT48aW1nIHNyYz1odHRwOi8vaW1hZ2UucmFrdXRlbi5jby5qcC9vdXRsZXRzaG9lcy9jYWJpbmV0L3B0L3NpemVwb2ludC5naWY+PC9hPjxicj48YnI+PGJyPjxicj48YnI+PGltZyBzcmM9aHR0cDovL2ltYWdlLnJha3V0ZW4uY28uanAvb3V0bGV0c2hvZXMvY2FiaW5ldC9qdjFwcC9qdjFwcC03MTc3LXNwZWMuZ2lmPjxicj48YnI+PGJyPjxicj48YnI+PGJyPjxicj48Y2VudGVyPjxpbWcgc3JjPWh0dHA6Ly9pbWFnZS5yYWt1dGVuLmNvLmpwL291dGxldHNob2VzL2NhYmluZXQvcHQvdHl1dWlfc2hvZXMuZ2lmPjwvY2VudGVyPjxicj48YnI+PGJyPjxicj48ZGl2IGNsYXNzPWtleS13YXJkLTAxPuKWvOOCouOCpOODhuODoCDjgq3jg7zjg6/jg7zjg4k8YnI+PCEtLUBASXRlbV9LZXl3b3JkLS0+44OR44Oz44OX44K5IOeXm+OBj+OBquOBhCDjgrnjg4jjg6njg4Pjg5cg6buSIOe1kOWpmuW8jyDlpKfjgY3jgYTjgrXjgqTjgrog6ISx44GS44Gq44GEIOODn+ODieODq+ODkuODvOODqyDjg4Hjg6Pjg7Pjgq3jg7zjg5Ljg7zjg6sg44K544Kv44Ko44Ki44OI44KlIOatqeOBjeOChOOBmeOBhCDjgqLjg7Pjgq/jg6vjgrnjg4jjg6njg4Pjg5cg77yS6YCj44K544OI44Op44OD44OXIOWkmumHjeOCueODiOODqeODg+ODlyAyMDE256eL44Oi44OH44Or77yBIOe+juiEmiDlsI/jgZXjgYTjgrXjgqTjgrog44OQ44OD44Kv44OV44Kh44K544OK44O8IOODkOODg+OCr+OCuOODg+ODkeODvCDmmKXlpI8g56eL5YasIOOCpOODs+ODneODvOODiOOCt+ODpeODvOOCuiDjgrvjg5Hjg6zjg7zjg4gg44K144Kk44OJ44Kq44O844OX44OzIOOCt+ODs+ODl+ODqyDnhKHlnLAg44K344Ol44O844K6IFBVIOWQiOeariDlkIjmiJDnmq7pnakg5aSn5Lq6IOOCr+ODg+OCt+ODp+ODsyDjgbXjgo/jgbXjgo8gIOWPr+aEm+OBhCDjgYvjgo/jgYTjgYQg5Lq65rCXIOODluODqeODg+OCryDjg5HjgqTjgr3jg7Mg44OW44Op44Km44OzIOODrOODg+ODiSDjgrnjgqjjg7zjg4noqr8g44Ki44Km44OI44Os44OD44OI44K344Ol44O844K644CQMjIuMOOCu+ODs+ODgeOAkSDjgJAyMmNt44CRIOOAkDIyLjXjgrvjg7Pjg4HjgJEg44CQMjIuNWNt44CRIOOAkDIzLjDjgrvjg7Pjg4HjgJEg44CQMjNjbeOAkSDjgJAyMy4144K744Oz44OB44CRIOOAkDIzLjVjbeOAkSDjgJAyNC4w44K744Oz44OB44CRIOOAkDI0Y23jgJEg44CQMjQuNeOCu+ODs+ODgeOAkSDjgJAyNC41Y23jgJEg44CQMjUuMOOCu+ODs+ODgeOAkSDjgJAyNWNt44CRPC9kaXY+PCEtLUBAL0l0ZW1fS2V5d29yZC0tPjxicj48YnI+PGJyPjwvZGl2Pjxicj48YnI+PGEgaHJlZj1odHRwOi8vaXRlbS5yYWt1dGVuLmNvLmpwL291dGxldHNob2VzL2dpZnRraXQvIHRhcmdldD1fYmxhbms+PGltZyBzcmM9aHR0cDovL2ltYWdlLnJha3V0ZW4uY28uanAvb3V0bGV0c2hvZXMvY2FiaW5ldC9wdC9naWZ0a2l0LmdpZj48L2E+PGJyPjxicj48YnI+PGJyPjxhIGhyZWY9aHR0cDovL2l0ZW0ucmFrdXRlbi5jby5qcC9vdXRsZXRzaG9lcy9jLzAwMDAwMDEwMDcvIHRhcmdldD1fYmxhbms+PGltZyBzcmM9aHR0cDovL2ltYWdlLnJha3V0ZW4uY28uanAvb3V0bGV0c2hvZXMvY2FiaW5ldC9wdC9pbmZvLWtvdWthbi5naWY+PC9hPjxicj48YnI+PGJyPjxicj48YnI+PCEtLVNBTEXnlKgtLT48YnI+PGJyPjxicj48YSBocmVmPWh0dHA6Ly93d3cucmFrdXRlbi5uZS5qcC9nb2xkL291dGxldHNob2VzL2FzdV9nYWl5b3UuaHRtbD48aW1nIHNyYz1odHRwOi8vdGh1bWJuYWlsLmltYWdlLnJha3V0ZW4uY28uanAvQDBfbWFsbC9vdXRsZXRzaG9lcy9jYWJpbmV0L21haWwwMi9hc3VyYWt1LmdpZj9fZXg9NjUweDY1MD48L2E+PGJyPjxicj48YnI+PCEtLeODn+ODieODq+ODkuODvOODqy0tPjxicj48YnI+PCEtLUBAUENfSXRlbV8gRGVzY3JpcHRpb24tLT4KPGJyPgo8IS0tQEAvUENfSXRlbV8gRGVzY3JpcHRpb24tLT48IS0tQEAvUENfSXRlbV8gRGVzY3JpcHRpb24tLT4KPGRpdiBjbGFzcz1rZXktd2FyZC0wMT4K4pa844Ki44Kk44OG44OgIOOCreODvOODr+ODvOODiTxicj4KPCEtLUBASXRlbV9LZXl3b3JkLS0+PCEtLeKAu+WVhuWTgeWQjeOBqOOCq+ODluOBo+OBpuOBhOOCi+OCguOBruOBr+ODiOODqy0tPuODkeODs+ODl+OCuSDnl5vjgY/jgarjgYQg44K544OI44Op44OD44OXIOm7kiDntZDlqZrlvI8g5aSn44GN44GE44K144Kk44K6IOiEseOBkuOBquOBhCDjg5/jg4njg6vjg5Ljg7zjg6sg44OB44Oj44Oz44Kt44O844OS44O844OrIOOCueOCr+OCqOOCouODiOOCpSDmranjgY3jgoTjgZnjgYQg44Ki44Oz44Kv44Or44K544OI44Op44OD44OXIO+8kumAo+OCueODiOODqeODg+ODlyDlpJrph43jgrnjg4jjg6njg4Pjg5cgMjAxNueni+ODouODh+ODq++8gSDnvo7ohJog5bCP44GV44GE44K144Kk44K6IOODkOODg+OCr+ODleOCoeOCueODiuODvCDjg5Djg4Pjgq/jgrjjg4Pjg5Hjg7wg5pil5aSPIOeni+WGrCDjgqTjg7Pjg53jg7zjg4jjgrfjg6Xjg7zjgrog44K744OR44Os44O844OIIOOCteOCpOODieOCquODvOODl+ODsyDjgrfjg7Pjg5fjg6sg54Sh5ZywIOOCt+ODpeODvOOCuiBQVSDlkIjnmq4g5ZCI5oiQ55qu6Z2pIOWkp+S6uiDjgq/jg4Pjgrfjg6fjg7Mg44G144KP44G144KPICDlj6/mhJvjgYQg44GL44KP44GE44GEIOS6uuawlyDjg5bjg6njg4Pjgq8g44OR44Kk44K944OzIOODluODqeOCpuODsyDjg6zjg4Pjg4kg44K544Ko44O844OJ6Kq/IOOCouOCpuODiOODrOODg+ODiOOCt+ODpeODvOOCugrjgJAyMi4w44K744Oz44OB44CRIOOAkDIyY23jgJEg44CQMjIuNeOCu+ODs+ODgeOAkSDjgJAyMi41Y23jgJEg44CQMjMuMOOCu+ODs+ODgeOAkSDjgJAyM2Nt44CRIOOAkDIzLjXjgrvjg7Pjg4HjgJEg44CQMjMuNWNt44CRIOOAkDI0LjDjgrvjg7Pjg4HjgJEg44CQMjRjbeOAkSDjgJAyNC4144K744Oz44OB44CRIOOAkDI0LjVjbeOAkSDjgJAyNS4w44K744Oz44OB44CRIOOAkDI1Y23jgJHjgJDjga/jgZPjgb3jgZnlr77lv5zllYblk4HjgJEg44CQ5qW95aSpQk9Y5Y+X5Y+W5a++6LGh5ZWG5ZOB77yI44Os44OH44Kj44O844K544OV44Kh44OD44K344On44Oz77yJ44CRIOOAkOOCs+ODs+ODk+ODi+WPl+WPluWvvuW/nOWVhuWTgeOAkTx0YWJsZSB3aWR0aD0iNjUwIiBjZWxscGFkZGluZz0iMCIgY2VsbHNwYWNpbmc9IjUiIGJvcmRlcj0iMCI+Cjx0cj4KPHRkPjxpbWcgc3JjPSJodHRwOi8vaW1hZ2UucmFrdXRlbi5jby5qcC9vdXRsZXRzaG9lcy9jYWJpbmV0L2V2ZW50L3NwX2JfNHRyZW5kLmpwZyIgd2lkdGg9IjMyMCI+PC90ZD4KPHRkPjxpbWcgc3JjPSJodHRwczovL3RodW1ibmFpbC5pbWFnZS5yYWt1dGVuLmNvLmpwL0AwX21hbGwvb3V0bGV0c2hvZXMvY2FiaW5ldC9ldmVudC9zcF9iX2VuYW1lbHB1bXBzLmpwZyIgd2lkdGg9IjMyMCI+PC90ZD4KPC90cj4KPHRyPgo8dGQ+PGltZyBzcmM9Imh0dHA6Ly9pbWFnZS5yYWt1dGVuLmNvLmpwL291dGxldHNob2VzL2NhYmluZXQvZXZlbnQvc3BfYl9zdW1tZXIuanBnIiB3aWR0aD0iMzIwIj48L3RkPgo8dGQ+PGltZyBzcmM9Imh0dHA6Ly9pbWFnZS5yYWt1dGVuLmNvLmpwL291dGxldHNob2VzL2NhYmluZXQvZXZlbnQvc3BfYl9zZWxlY3QyNC5qcGciIHdpZHRoPSIzMjAiPjwvdGQ+CjwvdHI+CjwvdGFibGU+,6YCB5paZ54Sh5paZIOatqeOBjeOChOOBmeOBhO+8gSDjg5/jg4njg6vjg5Ljg7zjg6sg44Kv44Ot44K544K544OI44Op44OD44OXIOODkeODs+ODl+OCueKJquWuhemFjeS+v+OBruOBv+KJq+OCouODs+OCr+ODq+OCueODiOODqeODg+ODlyDnl5vjgY/jgarjgYQg6buSIOe1kOWpmuW8jyDlpKfjgY3jgYTjgrXjgqTjgrog6ISx44GS44Gq44GEIOODn+ODieODq+ODkuODvOODqyDjg4Hjg6Pjg7Pjgq3jg7zjg5Ljg7zjg6sg44K544Kv44Ko44Ki44OI44KlIOatqeOBjeOChOOBmeOBhCDvvJLpgKPjgrnjg4jjg6njg4Pjg5cg44Ki44Km44OI44Os44OD44OI44K344Ol44O844K644GK6LK344GE54mp44Oe44Op44K944OzIOODnuODqeOCveODs++8muOCouOCpuODiOODrOODg+ODiOOCt+ODpeODvOOCuiBvdXRsZXRzaG9lcw==,6Z2044OR44Oz44OX44K544Ko44K544OR44OJ44Oq44O844Om44K144Oz44OA44Or5aSn44GN44GE44K144Kk44K65aSn44GN44GE6Z205bCP44GV44GE44K144Kk44K644K544OI44Op44OD44OX44OQ44Os44Ko44K344Ol44O844K655eb44GP44Gq44GEMjZjbeODreODvOODkuODvOODq+OCpuOCqOODg+OCuOOCveODvOODqzI3Y23jgq3jg4PjgroyMWNt44Os44OH44Kj44O844K5MjEuNWNt44OV44Op44OD44OI44K344Ol44O844K644Ki44Km44OI44Os44OD44OI44K344Ol44O844K66YCB5paZ54Sh5paZIOatqeOBjeOChOOBmeOBhO+8gSDjg5/jg4njg6vjg5Ljg7zjg6sg44Kv44Ot44K544K544OI44Op44OD44OXIOODkeODs+ODl+OCueKJquWuhemFjeS+v+OBruOBv+KJq+OCouODs+OCr+ODq+OCueODiOODqeODg+ODlyDnl5vjgY/jgarjgYQg6buSIOe1kOWpmuW8jyDlpKfjgY3jgYTjgrXjgqTjgrog6ISx44GS44Gq44GEIOODn+ODieODq+ODkuODvOODqyDjg4Hjg6Pjg7Pjgq3jg7zjg5Ljg7zjg6sg44K544Kv44Ko44Ki44OI44KlIOatqeOBjeOChOOBmeOBhCDvvJLpgKPjgrnjg4jjg6njg4Pjg5cg44Ki44Km44OI44Os44OD44OI44K344Ol44O844K644GK6LK344GE54mp44Oe44Op44K944OzIOODnuODqeOCveODsw==,44Kv44Ot44K544K544OI44Op44OD44OX44GM6Laz6aaW44KS6I+v5aWi44Gr6a2F44Gb44KL44CC6YCB5paZ54Sh5paZIOatqeOBjeOChOOBmeOBhO+8gSDjg5/jg4njg6vjg5Ljg7zjg6sg44Kv44Ot44K544K544OI44Op44OD44OXIOODkeODs+ODl+OCueKJquWuhemFjeS+v+OBruOBv+KJq+OCouODs+OCr+ODq+OCueODiOODqeODg+ODlyDnl5vjgY/jgarjgYQg6buSIOe1kOWpmuW8jyDlpKfjgY3jgYTjgrXjgqTjgrog6ISx44GS44Gq44GEIOODn+ODieODq+ODkuODvOODqyDjg4Hjg6Pjg7Pjgq3jg7zjg5Ljg7zjg6sg44K544Kv44Ko44Ki44OI44KlIOatqeOBjeOChOOBmeOBhCDvvJLpgKPjgrnjg4jjg6njg4Pjg5cg44Ki44Km44OI44Os44OD44OI44K344Ol44O844K644GK6LK344GE54mp44Oe44Op44K944OzIOODnuODqeOCveODsw==[rn]
7-31683,aHR0cDovL3RzaG9wLnIxMHMuanAvb3V0bGV0c2hvZXMvY2FiaW5ldC9hYTFwcC9hYTFwcC0xMTg5NV9tMi5qcGc/Zml0aW49NzAwOjcwMA==,MTkwNC4wMDAw,,6Z20ID4g44Os44OH44Kj44O844K56Z20ID4g44OR44Oz44OX44K5,6YCB5paZ54Sh5paZIOKWvOODmeODreOCouOCt+ODo+ODvOODquODs+OCsOODkeODs+ODl+OCuVvjg6njgqbjg7Pjg4njg4jjgqVd55eb44GP44Gq44GEIOOCueOCqOODvOODiSDjg5Djg6zjgqgg44OV44Op44OD44OI44K344Ol44O844K6IOWwj+OBleOBhOOCteOCpOOCuiDlpKfjgY3jgYTjgrXjgqTjgrogICDosrfjgYTjgb7jgo/jgoog6LK344GE5Zue44KKfCDjg6zjg4fjgqPjg7zjgrkg6Z20IOODkeODs+ODl+OCuSDjg5Xjg6njg4Pjg4gg44K344Ol44O844K6IOODkOODrOOCqOOCt+ODpeODvOOCuiDpu5Ig6LWkICDljZLmpa3lvI8g44Ki44Km44OI44Os44OD44OI44K344Ol44O844K6IOODnuODqeOCveODsw==,5qW15LiK44Gu44OV44Kj44OD44OI5oSf44Gu44OV44Op44OD44OI44OR44Oz44OX44K544Gu44OZ44Ot44KidmVyLum7ki/otaQv55eb44GP44Gq44GE,IDwhLS3osqnlo7LotrPmlbAtLT48ZGl2IGFsaWduPSJjZW50ZXIiPjxpbWcgc3JjPSJodHRwOi8vaW1hZ2UucmFrdXRlbi5jby5qcC9vdXRsZXRzaG9lcy9jYWJpbmV0L2Jhbm5lci9pbWFtYWRlLmdpZiI+PGJyPjxpbWcgc3JjPSJodHRwOi8vaW1hZ2UucmFrdXRlbi5jby5qcC9vdXRsZXRzaG9lcy9jYWJpbmV0L2Jhbm5lci8xLmdpZiI+PGltZyBzcmM9Imh0dHA6Ly9pbWFnZS5yYWt1dGVuLmNvLmpwL291dGxldHNob2VzL2NhYmluZXQvYmFubmVyL2NvbW1hLmdpZiI+PGltZyBzcmM9Imh0dHA6Ly9pbWFnZS5yYWt1dGVuLmNvLmpwL291dGxldHNob2VzL2NhYmluZXQvYmFubmVyLzQuZ2lmIj48aW1nIHNyYz0iaHR0cDovL2ltYWdlLnJha3V0ZW4uY28uanAvb3V0bGV0c2hvZXMvY2FiaW5ldC9iYW5uZXIvMS5naWYiPjxpbWcgc3JjPSJodHRwOi8vaW1hZ2UucmFrdXRlbi5jby5qcC9vdXRsZXRzaG9lcy9jYWJpbmV0L2Jhbm5lci85LmdpZiI+PGltZyBzcmM9Imh0dHA6Ly9pbWFnZS5yYWt1dGVuLmNvLmpwL291dGxldHNob2VzL2NhYmluZXQvYmFubmVyL3Nva3UuZ2lmIj48YnI+PGltZyBzcmM9Imh0dHA6Ly9pbWFnZS5yYWt1dGVuLmNvLmpwL291dGxldHNob2VzL2NhYmluZXQvYmFubmVyL29rYWdlLmdpZiI+PGJyPuKAuzIwMTMvMTAvMTjjgIDnj77lnKjjgIDjgrfjg6rjg7zjgrrnt4/oqIg8L2Rpdj48YnI+PGJyPjxicj48IS0t44Oi44OH44OrLS0+PGltZyBzcmM9aHR0cDovL2ltYWdlLnJha3V0ZW4uY28uanAvb3V0bGV0c2hvZXMvY2FiaW5ldC9hYTFwcC9hYTFwcC0xMTg5NS0wMDEuanBnPjxicj48YnI+PGJyPjxmb250IHN0eWxlPSJmb250LXNpemU6MTFweDsgY29sb3I6IzU1NTU1NTsgbGluZS1oZWlnaHQ6MTNwdDsgbGV0dGVyLXNwYWNpbmc6MC42cHg7IHRleHQtYWxpZ246bGVmdDsiPuOAgOOAgOedgOeUqOOCq+ODqeODvCDjgIDjgq3jg6Pjg6Hjg6s8L2ZvbnQ+PGJyPjxicj48YnI+PGJyPjxicj48YnI+PCEtLeiHquekvuODluODqeODs+ODieODkOODiuODvC0tPjxpbWcgc3JjPWh0dHA6Ly9pbWFnZS5yYWt1dGVuLmNvLmpwL291dGxldHNob2VzL2NhYmluZXQvcHQvbW9vaW1vb2ktYmxhbmQuZ2lmPjxicj48YnI+PCEtLeOBiuWLp+OCgeODneOCpOODs+ODiOOAgC0tPjxpbWcgc3JjPWh0dHA6Ly9pbWFnZS5yYWt1dGVuLmNvLmpwL291dGxldHNob2VzL2NhYmluZXQvcHQva29kYXdhcmktMS5naWY+PGJyPjxpbWcgc3JjPWh0dHA6Ly9pbWFnZS5yYWt1dGVuLmNvLmpwL291dGxldHNob2VzL2NhYmluZXQvcHQvY29sb3ItcHVtcHMtMS5naWY+PGJyPjxpbWcgc3JjPWh0dHA6Ly9pbWFnZS5yYWt1dGVuLmNvLmpwL291dGxldHNob2VzL2NhYmluZXQvYWExcHAvYWExcHAtMTE4OTVwb2ludDEuanBnPjxicj48aW1nIHNyYz1odHRwOi8vaW1hZ2UucmFrdXRlbi5jby5qcC9vdXRsZXRzaG9lcy9jYWJpbmV0L3B0L2luc29sZS0xbi5naWY+PGJyPjxpbWcgc3JjPWh0dHA6Ly9pbWFnZS5yYWt1dGVuLmNvLmpwL291dGxldHNob2VzL2NhYmluZXQvcHQvc2l6ZS1zcy00bG4uZ2lmPjxicj48YnI+PGJyPjxicj48YnI+PGJyPjxicj48IS0t6Ieq56S+dmVy44CA44OH44Kj44OG44Kj44O844OrLS0+PGltZyBzcmM9aHR0cDovL2ltYWdlLnJha3V0ZW4uY28uanAvb3V0bGV0c2hvZXMvY2FiaW5ldC9wdC9kZXRhaWwyLmdpZj48YnI+PHRhYmxlIHdpZHRoPTY1MCBib3JkZXI9MCBjZWxscGFkZGluZz0xMCBjZWxsc3BhY2luZz0wPjx0ciBhbGlnbj1jZW50ZXIgdmFsaWduPXRvcD48dGQ+PGEgaHJlZj1odHRwOi8vaW1hZ2UucmFrdXRlbi5jby5qcC9vdXRsZXRzaG9lcy9jYWJpbmV0L2FhMXBwL2FhMXBwLTExODk1LXMxLTIuanBnIHRhcmdldD1fYmxhbms+PGltZyBzcmM9aHR0cDovL2ltYWdlLnJha3V0ZW4uY28uanAvb3V0bGV0c2hvZXMvY2FiaW5ldC9hYTFwcC9hYTFwcC0xMTg5NS1zMS0xLmpwZyBib3JkZXI9MD48L2E+PC90ZD48dGQ+PGEgaHJlZj1odHRwOi8vaW1hZ2UucmFrdXRlbi5jby5qcC9vdXRsZXRzaG9lcy9jYWJpbmV0L2FhMXBwL2FhMXBwLTExODk1LXMyLTIuanBnIHRhcmdldD1fYmxhbms+PGltZyBzcmM9aHR0cDovL2ltYWdlLnJha3V0ZW4uY28uanAvb3V0bGV0c2hvZXMvY2FiaW5ldC9hYTFwcC9hYTFwcC0xMTg5NS1zMi0xLmpwZyBib3JkZXI9MD48L2E+PC90ZD48L3RyPjx0ciBhbGlnbj1jZW50ZXIgdmFsaWduPXRvcD48dGQ+PGEgaHJlZj1odHRwOi8vaW1hZ2UucmFrdXRlbi5jby5qcC9vdXRsZXRzaG9lcy9jYWJpbmV0L2FhMXBwL2FhMXBwLTExODk1LXMzLTIuanBnIHRhcmdldD1fYmxhbms+PGltZyBzcmM9aHR0cDovL2ltYWdlLnJha3V0ZW4uY28uanAvb3V0bGV0c2hvZXMvY2FiaW5ldC9hYTFwcC9hYTFwcC0xMTg5NS1zMy0xLmpwZyBib3JkZXI9MD48L2E+PC90ZD48dGQ+PGEgaHJlZj1odHRwOi8vaW1hZ2UucmFrdXRlbi5jby5qcC9vdXRsZXRzaG9lcy9jYWJpbmV0L2FhMXBwL2FhMXBwLTExODk1LXM0LTIuanBnIHRhcmdldD1fYmxhbms+PGltZyBzcmM9aHR0cDovL2ltYWdlLnJha3V0ZW4uY28uanAvb3V0bGV0c2hvZXMvY2FiaW5ldC9hYTFwcC9hYTFwcC0xMTg5NS1zNC0xLmpwZyBib3JkZXI9MD48L2E+PC90ZD48L3RyPjx0ciBhbGlnbj1jZW50ZXIgdmFsaWduPXRvcD48dGQ+PGEgaHJlZj1odHRwOi8vaW1hZ2UucmFrdXRlbi5jby5qcC9vdXRsZXRzaG9lcy9jYWJpbmV0L2FhMXBwL2FhMXBwLTExODk1LXM1LTIuanBnIHRhcmdldD1fYmxhbms+PGltZyBzcmM9aHR0cDovL2ltYWdlLnJha3V0ZW4uY28uanAvb3V0bGV0c2hvZXMvY2FiaW5ldC9hYTFwcC9hYTFwcC0xMTg5NS1zNS0xLmpwZyBib3JkZXI9MD48L2E+PC90ZD48dGQ+PGEgaHJlZj1odHRwOi8vaW1hZ2UucmFrdXRlbi5jby5qcC9vdXRsZXRzaG9lcy9jYWJpbmV0L2FhMXBwL2FhMXBwLTExODk1LXM2LTIuanBnIHRhcmdldD1fYmxhbms+PGltZyBzcmM9aHR0cDovL2ltYWdlLnJha3V0ZW4uY28uanAvb3V0bGV0c2hvZXMvY2FiaW5ldC9hYTFwcC9hYTFwcC0xMTg5NS1zNi0xLmpwZyBib3JkZXI9MD48L2E+PC90ZD48L3RyPjwvdGFibGU+PGJyPjxicj48YnI+PGJyPjxicj48YnI+PGJyPjwhLS3jgqvjg6njg5Djg6otLT48aW1nIHNyYz1odHRwOi8vaW1hZ2UucmFrdXRlbi5jby5qcC9vdXRsZXRzaG9lcy9jYWJpbmV0L3B0L2NvbG9yMi5naWY+PGJyPjxicj48dGFibGUgd2lkdGg9NjMwIGJvcmRlcj0wIGNlbGxzcGFjaW5nPTUgc3R5bGU9ImxpbmUtaGVpZ2h0OiAxNnB4OyBGT05ULVNJWkU6IDEycHg7IGNvbG9yOiAjMzMzMzMzOyI+PHRyIGFsaWduPWNlbnRlciB2YWxpZ249dG9wIGhlaWdodD0xODA+PHRkPjxhIGhyZWY9aHR0cDovL2ltYWdlLnJha3V0ZW4uY28uanAvb3V0bGV0c2hvZXMvY2FiaW5ldC9hYTFwcC9hYTFwcC0xMTg5NS1jMy0yLmpwZyB0YXJnZXQ9X2JsYW5rPjxpbWcgc3JjPWh0dHA6Ly9pbWFnZS5yYWt1dGVuLmNvLmpwL291dGxldHNob2VzL2NhYmluZXQvYWExcHAvYWExcHAtMTE4OTUtYzMtMS5qcGcgYm9yZGVyPTA+PGJyPuOCreODo+ODoeODqzwvYT48L3RkPjx0ZD48YSBocmVmPWh0dHA6Ly9pbWFnZS5yYWt1dGVuLmNvLmpwL291dGxldHNob2VzL2NhYmluZXQvYWExcHAvYWExcHAtMTE4OTUtYzYtMi5qcGcgdGFyZ2V0PV9ibGFuaz48aW1nIHNyYz1odHRwOi8vaW1hZ2UucmFrdXRlbi5jby5qcC9vdXRsZXRzaG9lcy9jYWJpbmV0L2FhMXBwL2FhMXBwLTExODk1LWM2LTEuanBnIGJvcmRlcj0wPjxicj7jgrDjg6zjg7zjg5njg7zjgrjjg6U8L2E+PC90ZD48dGQ+PGEgaHJlZj1odHRwOi8vaW1hZ2UucmFrdXRlbi5jby5qcC9vdXRsZXRzaG9lcy9jYWJpbmV0L2FhMXBwL2FhMXBwLTExODk1LWM1LTIuanBnIHRhcmdldD1fYmxhbms+PGltZyBzcmM9aHR0cDovL2ltYWdlLnJha3V0ZW4uY28uanAvb3V0bGV0c2hvZXMvY2FiaW5ldC9hYTFwcC9hYTFwcC0xMTg5NS1jNS0xLmpwZyBib3JkZXI9MD48YnI+44OA44O844Kv44OW44Op44Km44OzPC9hPjwvdGQ+PC90cj48dHIgYWxpZ249Y2VudGVyIHZhbGlnbj10b3AgaGVpZ2h0PTE4MD48dGQ+PGEgaHJlZj1odHRwOi8vaW1hZ2UucmFrdXRlbi5jby5qcC9vdXRsZXRzaG9lcy9jYWJpbmV0L2FhMXBwL2FhMXBwLTExODk1LWM0LTIuanBnIHRhcmdldD1fYmxhbms+PGltZyBzcmM9aHR0cDovL2ltYWdlLnJha3V0ZW4uY28uanAvb3V0bGV0c2hvZXMvY2FiaW5ldC9hYTFwcC9hYTFwcC0xMTg5NS1jNC0xLmpwZyBib3JkZXI9MD48YnI+44OB44Oj44Kz44O844OrPC9hPjwvdGQ+PHRkPjxhIGhyZWY9aHR0cDovL2ltYWdlLnJha3V0ZW4uY28uanAvb3V0bGV0c2hvZXMvY2FiaW5ldC9hYTFwcC9hYTFwcC0xMTg5NS1jNy0yLmpwZyB0YXJnZXQ9X2JsYW5rPjxpbWcgc3JjPWh0dHA6Ly9pbWFnZS5yYWt1dGVuLmNvLmpwL291dGxldHNob2VzL2NhYmluZXQvYWExcHAvYWExcHAtMTE4OTUtYzctMS5qcGcgYm9yZGVyPTA+PGJyPuODkeODvOODl+ODqzwvYT48L3RkPjx0ZD48YSBocmVmPWh0dHA6Ly9pbWFnZS5yYWt1dGVuLmNvLmpwL291dGxldHNob2VzL2NhYmluZXQvYWExcHAvYWExcHAtMTE4OTUtYzgtMi5qcGcgdGFyZ2V0PV9ibGFuaz48aW1nIHNyYz1odHRwOi8vaW1hZ2UucmFrdXRlbi5jby5qcC9vdXRsZXRzaG9lcy9jYWJpbmV0L2FhMXBwL2FhMXBwLTExODk1LWM4LTEuanBnIGJvcmRlcj0wPjxicj7jg6zjg4Pjg4k8L2E+PC90ZD48L3RyPjx0ciBhbGlnbj1jZW50ZXIgdmFsaWduPXRvcCBoZWlnaHQ9MTgwPjx0ZD48YSBocmVmPWh0dHA6Ly9pbWFnZS5yYWt1dGVuLmNvLmpwL291dGxldHNob2VzL2NhYmluZXQvYWExcHAvYWExcHAtMTE4OTUtYzItMi5qcGcgdGFyZ2V0PV9ibGFuaz48aW1nIHNyYz1odHRwOi8vaW1hZ2UucmFrdXRlbi5jby5qcC9vdXRsZXRzaG9lcy9jYWJpbmV0L2FhMXBwL2FhMXBwLTExODk1LWMyLTEuanBnIGJvcmRlcj0wPjxicj7jg5bjg6vjg7zjgrDjg6rjg7zjg7M8L2E+PC90ZD48dGQ+PGEgaHJlZj1odHRwOi8vaW1hZ2UucmFrdXRlbi5jby5qcC9vdXRsZXRzaG9lcy9jYWJpbmV0L2FhMXBwL2FhMXBwLTExODk1LWMxLTIuanBnIHRhcmdldD1fYmxhbms+PGltZyBzcmM9aHR0cDovL2ltYWdlLnJha3V0ZW4uY28uanAvb3V0bGV0c2hvZXMvY2FiaW5ldC9hYTFwcC9hYTFwcC0xMTg5NS1jMS0xLmpwZyBib3JkZXI9MD48YnI+44OW44Op44OD44KvPC9hPjwvdGQ+PHRkPjwvdGQ+PC90cj48L3RhYmxlPjxicj48YnI+PGJyPjxicj48YnI+PGJyPjwhLS3jgrXjgqTjgrrjgrnjg5rjg4Pjgq8v44Ki44Or44OV44Kh44OZ44OD44OIIHZlci0tPjxpbWcgc3JjPWh0dHA6Ly9pbWFnZS5yYWt1dGVuLmNvLmpwL291dGxldHNob2VzL2NhYmluZXQvYWExcHAvYWExcHAtMTE4OTUtc3BlYy5naWY+PGJyPjxicj48YnI+PGJyPjxicj48YnI+44CA44CAPGltZyBzcmM9aHR0cDovL2ltYWdlLnJha3V0ZW4uY28uanAvb3V0bGV0c2hvZXMvY2FiaW5ldC9wdC90eXV1aS5naWY+PGJyPjxicj48YnI+PGZvbnQgc3R5bGU9ImZvbnQtc2l6ZToxMHB4OyBjb2xvcjojNTU1NTU1OyBsaW5lLWhlaWdodDoxMnB0OyBsZXR0ZXItc3BhY2luZzoxcHg7IHRleHQtYWxpZ246bGVmdDsiPuOAgOOAkOOCreODvOODr+ODvOODieOAkeODrOODh+OCo+ODvOOCuS/nl5vjgY/jgarjgYQv44G644Gf44KT44GTL+Wkp+OBjeOBhOOCteOCpOOCui/jgrnjgqjjg7zjg4kv6LWw44KM44KLL+m7ki/otaQv44OQ44Os44KoPGJyPuODleODqeODg+ODiOOCt+ODpeODvOOCui/jgrTjg6Av44Ki44Km44OI44Os44OD44OI44K344Ol44O844K6PC9mb250Pjxicj48YnI+PGJyPjwhLS3jgrnjgr/jg4Pjg5Xjg5XjgqPjg4Pjg4bjgqPjg7PjgrAtLT48YnI+PGJyPjxhIGhyZWY9aHR0cDovL2l0ZW0ucmFrdXRlbi5jby5qcC9vdXRsZXRzaG9lcy9jLzAwMDAwMDA1MzcvIHRhcmdldD0iX2JsYW5rIj48aW1nIHNyYz1odHRwOi8vaW1hZ2UucmFrdXRlbi5jby5qcC9vdXRsZXRzaG9lcy9jYWJpbmV0L3B0L3N0YWZmLWZpdHRpbmczLmdpZiBib3JkZXI9MD48L2E+PGJyPjxpbWcgc3JjPWh0dHA6Ly9pbWFnZS5yYWt1dGVuLmNvLmpwL291dGxldHNob2VzL2NhYmluZXQvYWExcHAvYWExcHAtMTE4OTUtZml0LmdpZj48YnI+PGJyPjxicj48YnI+PGJyPjxicj7jgIDjgIAgICA8YnI+PGJyPiA8YSBocmVmPWh0dHA6Ly9pdGVtLnJha3V0ZW4uY28uanAvb3V0bGV0c2hvZXMvMTE4OTUvPjxpbWcgc3JjPWh0dHA6Ly9pbWFnZS5yYWt1dGVuLmNvLmpwL291dGxldHNob2VzL2NhYmluZXQvcHQvcmVuZXdhbC5naWYgYm9yZGVyPTA+PC9hPiA8YnI+PGJyPjxhIGhyZWY9aHR0cDovL2l0ZW0ucmFrdXRlbi5jby5qcC9vdXRsZXRzaG9lcy9naWZ0a2l0LyB0YXJnZXQ9X2JsYW5rPjxpbWcgc3JjPWh0dHA6Ly9pbWFnZS5yYWt1dGVuLmNvLmpwL291dGxldHNob2VzL2NhYmluZXQvcHQvZ2lmdGtpdC5naWY+PC9hPjxicj48YnI+PGJyPjxicj48YSBocmVmPWh0dHA6Ly9pdGVtLnJha3V0ZW4uY28uanAvb3V0bGV0c2hvZXMvYy8wMDAwMDAxMDA3LyB0YXJnZXQ9X2JsYW5rPjxpbWcgc3JjPWh0dHA6Ly9pbWFnZS5yYWt1dGVuLmNvLmpwL291dGxldHNob2VzL2NhYmluZXQvcHQvaW5mby1rb3VrYW4uZ2lmPjwvYT48YnI+PGJyPjxicj48YnI+PGJyPjxhIGhyZWY9Imh0dHA6Ly93d3cucmFrdXRlbi5uZS5qcC9nb2xkL291dGxldHNob2VzL3JlYXJyaXZhbC1yZXF1ZXN0Lmh0bWwiIHRhcmdldD0iX2JsYW5rIj48aW1nIHNyYz0iaHR0cDovL2ltYWdlLnJha3V0ZW4uY28uanAvb3V0bGV0c2hvZXMvY2FiaW5ldC9iYW5uZXIvcmVfYXJyaXZhbC5naWYiPjwvYT48YnI+PGJyPjxicj48YnI+PGJyPjxicj48IS0tU0FMReeUqC0tPjxicj48YnI+PGJyPjxhIGhyZWY9Imh0dHA6Ly93d3cucmFrdXRlbi5uZS5qcC9nb2xkL291dGxldHNob2VzL2FzdV9nYWl5b3UuaHRtbCI+PGltZyBzcmM9Imh0dHA6Ly90aHVtYm5haWwuaW1hZ2UucmFrdXRlbi5jby5qcC9AMF9tYWxsL291dGxldHNob2VzL2NhYmluZXQvbWFpbDAyL2FzdXJha3UuZ2lmP19leD02NTB4NjUwIj48L2E+PGJyPjxicj7jgJDjga/jgZPjgb3jgZnlr77lv5zllYblk4HjgJHjgJDmpb3lpKlCT1jlj5flj5blr77osaHllYblk4HvvIjjg6zjg4fjgqPjg7zjgrnjg5XjgqHjg4Pjgrfjg6fjg7PvvInjgJE8YnI+PGJyPgo8Zm9udCBzaXplPTI+44CQ44Kz44Oz44OT44OL5Y+X5Y+W5a++5b+c5ZWG5ZOB44CRPC9mb250Pjx0YWJsZSB3aWR0aD0iNjUwIiBjZWxscGFkZGluZz0iMCIgY2VsbHNwYWNpbmc9IjUiIGJvcmRlcj0iMCI+Cjx0cj4KPHRkPjxpbWcgc3JjPSJodHRwOi8vaW1hZ2UucmFrdXRlbi5jby5qcC9vdXRsZXRzaG9lcy9jYWJpbmV0L2V2ZW50L3NwX2JfNHRyZW5kLmpwZyIgd2lkdGg9IjMyMCI+PC90ZD4KPHRkPjxpbWcgc3JjPSJodHRwczovL3RodW1ibmFpbC5pbWFnZS5yYWt1dGVuLmNvLmpwL0AwX21hbGwvb3V0bGV0c2hvZXMvY2FiaW5ldC9ldmVudC9zcF9iX2VuYW1lbHB1bXBzLmpwZyIgd2lkdGg9IjMyMCI+PC90ZD4KPC90cj4KPHRyPgo8dGQ+PGltZyBzcmM9Imh0dHA6Ly9pbWFnZS5yYWt1dGVuLmNvLmpwL291dGxldHNob2VzL2NhYmluZXQvZXZlbnQvc3BfYl9zdW1tZXIuanBnIiB3aWR0aD0iMzIwIj48L3RkPgo8dGQ+PGltZyBzcmM9Imh0dHA6Ly9pbWFnZS5yYWt1dGVuLmNvLmpwL291dGxldHNob2VzL2NhYmluZXQvZXZlbnQvc3BfYl9zZWxlY3QyNC5qcGciIHdpZHRoPSIzMjAiPjwvdGQ+CjwvdHI+CjwvdGFibGU+,6YCB5paZ54Sh5paZIOKWvOODmeODreOCouOCt+ODo+ODvOODquODs+OCsOODkeODs+ODl+OCuVvjg6njgqbjg7Pjg4njg4jjgqVd55eb44GP44Gq44GEIOOCueOCqOODvOODiSDjg5Djg6zjgqgg44OV44Op44OD44OI44K344Ol44O844K6IOWwj+OBleOBhOOCteOCpOOCuiDlpKfjgY3jgYTjgrXjgqTjgrogICDosrfjgYTjgb7jgo/jgoog6LK344GE5Zue44KKfCDjg6zjg4fjgqPjg7zjgrkg6Z20IOODkeODs+ODl+OCuSDjg5Xjg6njg4Pjg4gg44K344Ol44O844K6IOODkOODrOOCqOOCt+ODpeODvOOCuiDpu5Ig6LWkICDljZLmpa3lvI8g44Ki44Km44OI44Os44OD44OI44K344Ol44O844K6IOODnuODqeOCveODs++8muOCouOCpuODiOODrOODg+ODiOOCt+ODpeODvOOCuiBvdXRsZXRzaG9lcw==,6Z2044OR44Oz44OX44K544Ko44K544OR44OJ44Oq44O844Om44K144Oz44OA44Or5aSn44GN44GE44K144Kk44K65aSn44GN44GE6Z205bCP44GV44GE44K144Kk44K644K544OI44Op44OD44OX44OQ44Os44Ko44K344Ol44O844K655eb44GP44Gq44GEMjZjbeODreODvOODkuODvOODq+OCpuOCqOODg+OCuOOCveODvOODqzI3Y23jgq3jg4PjgroyMWNt44Os44OH44Kj44O844K5MjEuNWNt44OV44Op44OD44OI44K344Ol44O844K644Ki44Km44OI44Os44OD44OI44K344Ol44O844K66YCB5paZ54Sh5paZIOKWvOODmeODreOCouOCt+ODo+ODvOODquODs+OCsOODkeODs+ODl+OCuVvjg6njgqbjg7Pjg4njg4jjgqVd55eb44GP44Gq44GEIOOCueOCqOODvOODiSDjg5Djg6zjgqgg44OV44Op44OD44OI44K344Ol44O844K6IOWwj+OBleOBhOOCteOCpOOCuiDlpKfjgY3jgYTjgrXjgqTjgrogICDosrfjgYTjgb7jgo/jgoog6LK344GE5Zue44KKfCDjg6zjg4fjgqPjg7zjgrkg6Z20IOODkeODs+ODl+OCuSDjg5Xjg6njg4Pjg4gg44K344Ol44O844K6IOODkOODrOOCqOOCt+ODpeODvOOCuiDpu5Ig6LWkICDljZLmpa3lvI8g44Ki44Km44OI44Os44OD44OI44K344Ol44O844K6IOODnuODqeOCveODsw==,5qW15LiK44Gu44OV44Kj44OD44OI5oSf44Gu44OV44Op44OD44OI44OR44Oz44OX44K544Gu44OZ44Ot44KidmVyLum7ki/otaQv55eb44GP44Gq44GE44CC6YCB5paZ54Sh5paZIOKWvOODmeODreOCouOCt+ODo+ODvOODquODs+OCsOODkeODs+ODl+OCuVvjg6njgqbjg7Pjg4njg4jjgqVd55eb44GP44Gq44GEIOOCueOCqOODvOODiSDjg5Djg6zjgqgg44OV44Op44OD44OI44K344Ol44O844K6IOWwj+OBleOBhOOCteOCpOOCuiDlpKfjgY3jgYTjgrXjgqTjgrogICDosrfjgYTjgb7jgo/jgoog6LK344GE5Zue44KKfCDjg6zjg4fjgqPjg7zjgrkg6Z20IOODkeODs+ODl+OCuSDjg5Xjg6njg4Pjg4gg44K344Ol44O844K6IOODkOODrOOCqOOCt+ODpeODvOOCuiDpu5Ig6LWkICDljZLmpa3lvI8g44Ki44Km44OI44Os44OD44OI44K344Ol44O844K6IOODnuODqeOCveODsw==[rn]
7-31684,aHR0cDovL3RzaG9wLnIxMHMuanAvb3V0bGV0c2hvZXMvY2FiaW5ldC9qZjBwcC9qZjBwcC02MDA5NV9tMi5qcGc/Zml0aW49NzAwOjcwMA==,NzA0LjAwMDA=,,6Z20ID4g44Os44OH44Kj44O844K56Z20ID4g44OR44Oz44OX44K5,44Oh44O844Or5L6/6YCB5paZMOWGhiDjgrDjg6rjg4Pjgr/jg7zjg6Hjg4Pjgrfjg6Ug44Op44OQ44O844K144Oz44OA44Or44CQ44Oh44O844Or5L6/5a++6LGh5ZWG5ZOB44CR44Op44OQ44O844K344Ol44O844K6IOODqeODkOODvOODkeODs+ODl+OCuSDjg6njg6Eg44Os44OH44Kj44O844K5IOODrOOCpOODs+OCt+ODpeODvOOCuiDpnbQg44Od44Kk44Oz44OI5raI5YyWfOODkeODs+ODl+OCuSDjg6zjgqTjg7Pjg5Hjg7Pjg5fjgrkg6Zuo6Z20IOOCouOCpuODiOODrOODg+ODiOOCt+ODpeODvOOCuiDjgrXjg7Pjg4Djg6sg44Op44OQ44O844GK6LK344GE54mp44Oe44Op44K944OzIOODnuODqeOCveODsw==,5qW95aSpMeS9jeKYhSg3Lzgg44OR44Oz44OX44K5KeavjuaXpeWxpeOBjeOBn+OBhOODqeODkOODvOOCteODs+ODgOODqw==,PCEtLUBAUENfSXRlbV9TYWxlX0Rlc2NyaXB0aW9uLS0+PGRpdiBjbGFzcz0iSXRlbVBhZ2UiPjxicj48YnI+PGJyPjxjZW50ZXI+PGltZyBzcmM9aHR0cDovL2ltYWdlLnJha3V0ZW4uY28uanAvb3V0bGV0c2hvZXMvY2FiaW5ldC9qZjBwcC9qZjBwcC02MDA5NS0wMDEuanBnPjwvY2VudGVyPjxicj48YnI+PGJyPjxicj48YnI+PGJyPjxicj48YnI+PGJyPjxicj48Y2VudGVyPjxpbWcgc3JjPWh0dHA6Ly9pbWFnZS5yYWt1dGVuLmNvLmpwL291dGxldHNob2VzL2NhYmluZXQvamYwcHAvamYwcHAtNjAwOTUtMDIuanBnPjwvY2VudGVyPjxicj48YnI+PGJyPjxicj48YnI+PGJyPjxicj48YnI+PGJyPjxicj48aW1nIHNyYz1odHRwOi8vaW1hZ2UucmFrdXRlbi5jby5qcC9vdXRsZXRzaG9lcy9jYWJpbmV0L3B0L3JhbmsuZ2lmPjxicj48Y2VudGVyPjxpbWcgc3JjPWh0dHA6Ly9pbWFnZS5yYWt1dGVuLmNvLmpwL291dGxldHNob2VzL2NhYmluZXQvcmFuazIvamYwcHAtNjAwOTUtcmFuazEuanBnPjwvY2VudGVyPjxicj48YnI+PGJyPjxicj48YnI+PGJyPjxjZW50ZXI+PGltZyBzcmM9aHR0cDovL2ltYWdlLnJha3V0ZW4uY28uanAvb3V0bGV0c2hvZXMvY2FiaW5ldC9qZjBwcC9qZjBwcC02MDA5NS0wMDIuanBnPjwvY2VudGVyPjxicj48YnI+PGRpdiBjbGFzcz0ibW9kZWxjb2RpIj7jgIBtb2RlbCAxNjdjbTxicj48L2Rpdj48YnI+PGJyPjxicj48YnI+PGJyPjxicj48YnI+PGJyPjxicj48YnI+PGNlbnRlcj48aW1nIHNyYz1odHRwOi8vaW1hZ2UucmFrdXRlbi5jby5qcC9vdXRsZXRzaG9lcy9jYWJpbmV0L2pmMHBwL2pmMHBwLTYwMDk1LXB0MS5qcGc+PC9jZW50ZXI+PGJyPjxicj48YnI+PGJyPjxicj48YnI+PGJyPjxicj48YnI+PGJyPjxpbWcgc3JjPWh0dHA6Ly9pbWFnZS5yYWt1dGVuLmNvLmpwL291dGxldHNob2VzL2NhYmluZXQvamYwcHAvamYwcHAtNjAwOTUtcHQzLmpwZz48YnI+PGJyPjxicj48YnI+PGJyPjxicj48YnI+PGJyPjxicj48YnI+PGJyPjxpbWcgc3JjPWh0dHA6Ly9pbWFnZS5yYWt1dGVuLmNvLmpwL291dGxldHNob2VzL2NhYmluZXQvamYwcHAvamYwcHAtNjAwOTUtMDAzLmpwZz48YnI+PGJyPjxicj48YnI+PGJyPjxicj48YnI+PGJyPjxicj48YnI+PGJyPjxpbWcgc3JjPWh0dHA6Ly9pbWFnZS5yYWt1dGVuLmNvLmpwL291dGxldHNob2VzL2NhYmluZXQvamYwcHAvamYwcHAtNjAwOTUtcHQ0LmpwZz48YnI+PGJyPjxicj48YnI+PGJyPjxicj48YnI+PGJyPjxicj48YnI+PGJyPjxpbWcgc3JjPWh0dHA6Ly9pbWFnZS5yYWt1dGVuLmNvLmpwL291dGxldHNob2VzL2NhYmluZXQvamYwcHAvamYwcHAtNjAwOTUtcHQ1LmpwZz48YnI+PGJyPjxicj48YnI+PGJyPjxicj48YnI+PGJyPjxicj48aW1nIHNyYz1odHRwOi8vaW1hZ2UucmFrdXRlbi5jby5qcC9vdXRsZXRzaG9lcy9jYWJpbmV0L2pmMHBwL2pmMHBwLTYwMDk1LXB0Ni5qcGc+PGJyPjxicj48YnI+PGJyPjxicj48YnI+PGJyPjxicj48YnI+PGJyPjxicj48aW1nIHNyYz1odHRwOi8vaW1hZ2UucmFrdXRlbi5jby5qcC9vdXRsZXRzaG9lcy9jYWJpbmV0L2pmMHBwL2pmMHBwLTYwMDk1LXB0OC5qcGc+PGJyPjxicj48YnI+PGJyPjxicj48YnI+PGJyPjxicj48YnI+PGJyPjxicj48aW1nIHNyYz1odHRwOi8vaW1hZ2UucmFrdXRlbi5jby5qcC9vdXRsZXRzaG9lcy9jYWJpbmV0L3B0L2RldGFpbC0yLmdpZj48YnI+PGJyPjxicj48YnI+PGEgaHJlZj0iaHR0cDovL2ltYWdlLnJha3V0ZW4uY28uanAvb3V0bGV0c2hvZXMvY2FiaW5ldC9qZjBwcC9qZjBwcC02MDA5NS1zMS0yLmpwZyIgdGFyZ2V0PSJfYmxhbmsiPjxpbWcgc3JjPWh0dHA6Ly9pbWFnZS5yYWt1dGVuLmNvLmpwL291dGxldHNob2VzL2NhYmluZXQvamYwcHAvamYwcHAtNjAwOTUtczEtMS5qcGc+PC9hPjxhIGhyZWY9Imh0dHA6Ly9pbWFnZS5yYWt1dGVuLmNvLmpwL291dGxldHNob2VzL2NhYmluZXQvamYwcHAvamYwcHAtNjAwOTUtczItMi5qcGciIHRhcmdldD0iX2JsYW5rIj48aW1nIHNyYz1odHRwOi8vaW1hZ2UucmFrdXRlbi5jby5qcC9vdXRsZXRzaG9lcy9jYWJpbmV0L2pmMHBwL2pmMHBwLTYwMDk1LXMyLTEuanBnPjwvYT48YnI+PGEgaHJlZj0iaHR0cDovL2ltYWdlLnJha3V0ZW4uY28uanAvb3V0bGV0c2hvZXMvY2FiaW5ldC9qZjBwcC9qZjBwcC02MDA5NS1zMy0yLmpwZyIgdGFyZ2V0PSJfYmxhbmsiPjxpbWcgc3JjPWh0dHA6Ly9pbWFnZS5yYWt1dGVuLmNvLmpwL291dGxldHNob2VzL2NhYmluZXQvamYwcHAvamYwcHAtNjAwOTUtczMtMS5qcGc+PC9hPjxhIGhyZWY9Imh0dHA6Ly9pbWFnZS5yYWt1dGVuLmNvLmpwL291dGxldHNob2VzL2NhYmluZXQvamYwcHAvamYwcHAtNjAwOTUtczQtMi5qcGciIHRhcmdldD0iX2JsYW5rIj48aW1nIHNyYz1odHRwOi8vaW1hZ2UucmFrdXRlbi5jby5qcC9vdXRsZXRzaG9lcy9jYWJpbmV0L2pmMHBwL2pmMHBwLTYwMDk1LXM0LTEuanBnPjwvYT48YnI+PGEgaHJlZj0iaHR0cDovL2ltYWdlLnJha3V0ZW4uY28uanAvb3V0bGV0c2hvZXMvY2FiaW5ldC9qZjBwcC9qZjBwcC02MDA5NS1zNS0yLmpwZyIgdGFyZ2V0PSJfYmxhbmsiPjxpbWcgc3JjPWh0dHA6Ly9pbWFnZS5yYWt1dGVuLmNvLmpwL291dGxldHNob2VzL2NhYmluZXQvamYwcHAvamYwcHAtNjAwOTUtczUtMS5qcGc+PC9hPjxicj48YnI+PGJyPjxicj48YnI+PGJyPjxpbWcgc3JjPWh0dHA6Ly9pbWFnZS5yYWt1dGVuLmNvLmpwL291dGxldHNob2VzL2NhYmluZXQvcHQvY29sb3IuZ2lmPjxicj48YnI+PGJyPjxicj48YnI+PGEgaHJlZj1odHRwOi8vaW1hZ2UucmFrdXRlbi5jby5qcC9vdXRsZXRzaG9lcy9jYWJpbmV0L2pmMHBwL2pmMHBwLTYwMDk1LWMxLTIuanBnIHRhcmdldD1fYmxhbms+PGltZyBzcmM9aHR0cDovL2ltYWdlLnJha3V0ZW4uY28uanAvb3V0bGV0c2hvZXMvY2FiaW5ldC9qZjBwcC9qZjBwcC02MDA5NS1jMS0xLmpwZz48L2E+PGEgaHJlZj1odHRwOi8vaW1hZ2UucmFrdXRlbi5jby5qcC9vdXRsZXRzaG9lcy9jYWJpbmV0L2pmMHBwL2pmMHBwLTYwMDk1LWMyLTIuanBnIHRhcmdldD1fYmxhbms+PGltZyBzcmM9aHR0cDovL2ltYWdlLnJha3V0ZW4uY28uanAvb3V0bGV0c2hvZXMvY2FiaW5ldC9qZjBwcC9qZjBwcC02MDA5NS1jMi0xLmpwZz48L2E+PGEgaHJlZj1odHRwOi8vaW1hZ2UucmFrdXRlbi5jby5qcC9vdXRsZXRzaG9lcy9jYWJpbmV0L2pmMHBwL2pmMHBwLTYwMDk1LWMzLTIuanBnIHRhcmdldD1fYmxhbms+PGltZyBzcmM9aHR0cDovL2ltYWdlLnJha3V0ZW4uY28uanAvb3V0bGV0c2hvZXMvY2FiaW5ldC9qZjBwcC9qZjBwcC02MDA5NS1jMy0xLmpwZz48L2E+PGJyPjxicj48YSBocmVmPWh0dHA6Ly9pbWFnZS5yYWt1dGVuLmNvLmpwL291dGxldHNob2VzL2NhYmluZXQvamYwcHAvamYwcHAtNjAwOTUtYzQtMi5qcGcgdGFyZ2V0PV9ibGFuaz48aW1nIHNyYz1odHRwOi8vaW1hZ2UucmFrdXRlbi5jby5qcC9vdXRsZXRzaG9lcy9jYWJpbmV0L2pmMHBwL2pmMHBwLTYwMDk1LWM0LTEuanBnPjwvYT48YnI+PGJyPjxicj48YnI+PGJyPjxicj48YnI+PGJyPjxicj48aW1nIHNyYz1odHRwOi8vaW1hZ2UucmFrdXRlbi5jby5qcC9vdXRsZXRzaG9lcy9jYWJpbmV0L2pmMHBwL2pmMHBwLTYwMDk1LXNpemUtcy5naWY+PGJyPjxpbWcgc3JjPWh0dHA6Ly9pbWFnZS5yYWt1dGVuLmNvLmpwL291dGxldHNob2VzL2NhYmluZXQvcHQvc2l6ZWstcy5qcGc+PGJyPjxicj48YnI+PGJyPjxpbWcgc3JjPWh0dHA6Ly9pbWFnZS5yYWt1dGVuLmNvLmpwL291dGxldHNob2VzL2NhYmluZXQvcHQvZml0dGluZy5naWY+PGJyPjxicj48YnI+PGltZyBzcmM9aHR0cDovL2ltYWdlLnJha3V0ZW4uY28uanAvb3V0bGV0c2hvZXMvY2FiaW5ldC9wdC9zdGFmZi1zaXplLTEuZ2lmPjxicj48YnI+PGJyPjxpbWcgc3JjPWh0dHA6Ly9pbWFnZS5yYWt1dGVuLmNvLmpwL291dGxldHNob2VzL2NhYmluZXQvcHQvZm9vdC1pbGxhLTAzLmdpZj48YnI+PGJyPjxicj48aW1nIHNyYz1odHRwOi8vaW1hZ2UucmFrdXRlbi5jby5qcC9vdXRsZXRzaG9lcy9jYWJpbmV0L2pmMHBwL2pmMHBwLTYwMDk1LWZpdC5naWY+PGJyPjxicj48YnI+PGJyPjxicj48aW1nIHNyYz1odHRwOi8vaW1hZ2UucmFrdXRlbi5jby5qcC9vdXRsZXRzaG9lcy9jYWJpbmV0L2pmMHBwL2pmMHBwLTYwMDk1LXNwZWMuZ2lmPjxicj48YnI+PGJyPjxicj48YnI+PGJyPjxicj48ZGl2IGNsYXNzPSJLb21vamkxIiBhbGlnbj0ibGVmdCI+44CQ44GU5L2/55So5LiK44Gu5rOo5oSP44CRIDxicj7igLvllYblk4Hjga7mgKfos6rkuIrjg6njg6HjgYzliaXjgYzjgozokL3jgaHjgoTjgZnjgYTngrrjgIHotrPjgoTpnbTkuIvjgavku5jnnYDjgZfjgoTjgZnjgY/jgarjgaPjgabjgYrjgorjgb7jgZnjgII8YnI+4oC744Ko44K544Kr44Os44O844K/44O844Gr56uv44KS5be744GN6L6844G+44KM44Gq44GE44KI44GG44GU5rOo5oSP44GP44Gg44GV44GE44CCPGJyPuKAu+OBmeOBueOCiuOChOOBmeOBhOWgtOaJgOOBp+OBruOBlOS9v+eUqOOBr+OBiumBv+OBkeS4i+OBleOBhOOAgjxicj48L2Rpdj48YnI+PGJyPjxhIGhyZWY9Imh0dHA6Ly9pdGVtLnJha3V0ZW4uY28uanAvb3V0bGV0c2hvZXMvYy8wMDAwMDAwNTM3LyNzdGFmZi1zaXplIj48aW1nIHNyYz1odHRwOi8vaW1hZ2UucmFrdXRlbi5jby5qcC9vdXRsZXRzaG9lcy9jYWJpbmV0L3B0L3N0YWZmZGF0YS5naWY+PC9hPjxicj48YSBocmVmPSJodHRwOi8vaXRlbS5yYWt1dGVuLmNvLmpwL291dGxldHNob2VzL2MvMDAwMDAwMDUzNy8jc2l6ZS1rZWlzb2t1Ij48aW1nIHNyYz1odHRwOi8vaW1hZ2UucmFrdXRlbi5jby5qcC9vdXRsZXRzaG9lcy9jYWJpbmV0L3B0L3NpemVwb2ludC5naWY+PC9hPjxicj48YnI+PGJyPjxicj48ZGl2IGNsYXNzPSJJdGVtUGFnZSI+PGNlbnRlcj48aW1nIHNyYz1odHRwOi8vaW1hZ2UucmFrdXRlbi5jby5qcC9vdXRsZXRzaG9lcy9jYWJpbmV0L3B0L3R5dXVpLmdpZj48L2NlbnRlcj48L2Rpdj48YnI+PGJyPjxicj48YnI+PGRpdiBjbGFzcz0ia2V5LXdhcmQtMDEiPuKWvOOCouOCpOODhuODoCDjgq3jg7zjg6/jg7zjg4k8YnI+PCEtLUBASXRlbV9LZXl3b3JkLS0+44Op44OQ44O844K344Ol44O844K6IOODqeODkOODvOOCteODs+ODgOODqyDjg6njg5Djg7zjg5Hjg7Pjg5fjgrkg44Oh44OD44K344OlIOODqeODoSDjgrDjg6rjg4Pjgr/jg7wgIOOCsOODquODg+OCv+ODvOODoeODg+OCt+ODpSDjg6zjg4fjgqPjg7zjgrkgMjAxNeaWsOS9nOOCteODs+ODgOODqyDjg6zjgqTjg7Pjgrfjg6Xjg7zjgrog6Z20IOaQuuW4ryDjgrfjg6Xjg7zjgrog44K544Oq44OD44Od44OzIOODk+ODvOODgeOCteODs+ODgOODqyDjg5Djg6zjgqjjgrfjg6Xjg7zjgrog5rW3IOODl+ODvOODqyBQVkMg5aGp5YyW44OT44OL44O844OrIOODkuODvOODqyDjg5Xjg6njg4Pjg4jjgrfjg6Xjg7zjgrog5aSn5Lq644Kr44K444Ol44Ki44Or44K344Ol44O844K6IOOCpOODs+ODneODvOODiOOCt+ODpeODvOOCuiDmmKXlpI8g5pilIOWkjyDnvo7ohJrjg5Hjg7Pjg5fjgrkg55eb44GP44Gq44GEIOatqeOBjeOChOOBmeOBhCDjgbrjgZ/jgpPjgZMg44Os44OH44Kj44K5IOODoeODquODg+OCteWlveOBjeOBq+OCguOCquOCueOCueODoSDjg6zjgqTjg7Pjg5Hjg7Pjg5fjgrkg44OV44Op44OD44OI44K144Oz44OA44OrIOOCs+ODvOODh+OCo+ODjeODvOODiCDjgq7jg5Xjg4gg44OX44Os44K844Oz44OIIOOBiuWHuuOBi+OBkSDjg4fjg7zjg4gg5pWj5q2pIOihjCDpgJrli6Qg44Ki44Km44OI44OJ44KiIOOCreODo+ODs+ODlyDoqpXnlJ/ml6Ug5q+NIOODnuODniDlpKfkurrlj6/mhJvjgYQg5aSn5Lq644GL44KP44GE44GEIOOCueOCv+OCpOODqyBvbCDlpKflrabnlJ8g5aWz5a2Q5aSn55SfIOi1sOOCjOOCiyDjg5bjg6njg4Pjgq8g6buSIOODluODqeOCpuODsyDojLboibIg44K344Or44OQ44O8IOmKgCDjgrTjg7zjg6vjg4kg6YeRIOOBjeOCieOBjeOCiSDjgoTjgo/jgonjgYsg44OX44OB44OX44OpIOODreODvOODkuODvOODqyDjgrfjg7Pjg5fjg6sg44Oq44K+44O844OIIOW3nSDmsLQg6ZuoIOODleOCo+ODg+ODiCDpgJrmsJfmgKcg6JK444KM44Gr44GP44GEIOWxpeOBjeOChOOBmeOBhCDjgqLjgqbjg4jjg6zjg4Pjg4jjgrfjg6Xjg7zjgro8YnI+44CQMjIuNeOCu+ODs+ODgeOCteOCpOOCuuOAkSDjgJAyMi41Y23jgJHjgJAyMy4w44K744Oz44OB44K144Kk44K644CRIOOAkDIzY23jgJHjgJAyMy4144K744Oz44OB44K144Kk44K644CRIOOAkDIzLjVjbeOAkeOAkDI0LjDjgrvjg7Pjg4HjgrXjgqTjgrrjgJEg44CQMjRjbeOAkTwvZGl2PjwhLS1AQC9JdGVtX0tleXdvcmQtLT48YnI+PGJyPjxicj48L2Rpdj48IS0tQEAvUENfSXRlbV9TYWxlX0Rlc2NyaXB0aW9uLS0+PCEtLUBAVW5kZXJfRGVsZXRlLS0+PGJyPjxicj48YSBocmVmPWh0dHA6Ly9pdGVtLnJha3V0ZW4uY28uanAvb3V0bGV0c2hvZXMvZ2lmdGtpdC8gdGFyZ2V0PV9ibGFuaz48aW1nIHNyYz1odHRwOi8vaW1hZ2UucmFrdXRlbi5jby5qcC9vdXRsZXRzaG9lcy9jYWJpbmV0L3B0L2dpZnRraXQuZ2lmPjwvYT48YnI+PGJyPjxicj48YnI+PGEgaHJlZj1odHRwOi8vaXRlbS5yYWt1dGVuLmNvLmpwL291dGxldHNob2VzL2MvMDAwMDAwMTAwNy8gdGFyZ2V0PV9ibGFuaz48aW1nIHNyYz1odHRwOi8vaW1hZ2UucmFrdXRlbi5jby5qcC9vdXRsZXRzaG9lcy9jYWJpbmV0L3B0L2luZm8ta291a2FuLmdpZj48L2E+PGJyPjxicj48YnI+PGJyPjxicj48YSBocmVmPSJodHRwOi8vd3d3LnJha3V0ZW4ubmUuanAvZ29sZC9vdXRsZXRzaG9lcy9yZWFycml2YWwtcmVxdWVzdC5odG1sIiB0YXJnZXQ9Il9ibGFuayI+PGltZyBzcmM9Imh0dHA6Ly9pbWFnZS5yYWt1dGVuLmNvLmpwL291dGxldHNob2VzL2NhYmluZXQvYmFubmVyL3JlX2Fycml2YWwuZ2lmIj48L2E+PGJyPjxicj48YnI+PGJyPjxicj48YnI+PCEtLVNBTEXnlKgtLT48YnI+PCEtLeODqeODkOODvOOCt+ODpeODvOOCuuODquODs+OCry0tPjxpbWcgc3JjPSJodHRwOi8vaW1hZ2UucmFrdXRlbi5jby5qcC9vdXRsZXRzaG9lcy9jYWJpbmV0L2pmMHBwL3J1YmJlcl9zaG9lcy0wMS5naWYiIHdpZHRoPSI2NTAiPjxicj48YSBocmVmPSJodHRwOi8vaXRlbS5yYWt1dGVuLmNvLmpwL291dGxldHNob2VzL2p4MHBwLWdzejkxMTB4OTExMXg5MTEyLyI+PGltZyBzcmM9Imh0dHA6Ly9pbWFnZS5yYWt1dGVuLmNvLmpwL291dGxldHNob2VzL2NhYmluZXQvamYwcHAvcnViYmVyX3Nob2VzLTAyLmpwZyIgd2lkdGg9IjIxNiI+PC9hPjxhIGhyZWY9Imh0dHA6Ly9pdGVtLnJha3V0ZW4uY28uanAvb3V0bGV0c2hvZXMvamYwcHAtNjAwODMvIj48aW1nIHNyYz0iaHR0cDovL2ltYWdlLnJha3V0ZW4uY28uanAvb3V0bGV0c2hvZXMvY2FiaW5ldC9qZjBwcC9ydWJiZXJfc2hvZXMtMDMuanBnIiB3aWR0aD0iMjE2Ij48L2E+PGEgaHJlZj0iaHR0cDovL2l0ZW0ucmFrdXRlbi5jby5qcC9vdXRsZXRzaG9lcy9qZjBwcC02MDA5NS8iPjxpbWcgc3JjPSJodHRwOi8vaW1hZ2UucmFrdXRlbi5jby5qcC9vdXRsZXRzaG9lcy9jYWJpbmV0L2pmMHBwL3J1YmJlcl9zaG9lcy0wNC5qcGciIHdpZHRoPSIyMTYiPjwvYT48YnI+PGJyPjxicj48IS0t44Op44OQ44O844K344Ol44O844K644Oq44Oz44Kv44CA44GT44GT44G+44GnLS0+PGJyPjxicj48YnI+PGltZyBzcmM9aHR0cDovL2ltYWdlLnJha3V0ZW4uY28uanAvb3V0bGV0c2hvZXMvY2FiaW5ldC9tYWlsMDIvbWFpbF9zb3VyeW91MC5naWY+PGJyPjxicj48YnI+PCEtLSBAQEAvaXRlbV9uYW1lLWtleXdvcmRAQEAtLT4KPGJyPgo8IS0tQEAvUENfSXRlbV8gRGVzY3JpcHRpb24tLT4KPGJyPjxicj4KPGRpdiBjbGFzcz0ia2V5LXdhcmQtMDEiPgrilrzjgqLjgqTjg4bjg6Ag44Kt44O844Ov44O844OJPGJyPgo8IS0tQEBJdGVtX0tleXdvcmQtLT4K44Op44OQ44O844K344Ol44O844K6IOODqeODkOODvOOCteODs+ODgOODqyDjg6njg5Djg7zjg5Hjg7Pjg5fjgrkg44Oh44OD44K344OlIOODqeODoSDjgrDjg6rjg4Pjgr/jg7wg44Os44OH44Kj44O844K5IDIwMTXmlrDkvZzjgrXjg7Pjg4Djg6sg44Os44Kk44Oz44K344Ol44O844K6IOmdtCDmkLrluK8g44K344Ol44O844K6IOOCueODquODg+ODneODsyDjg5Pjg7zjg4HjgrXjg7Pjg4Djg6sg44OQ44Os44Ko44K344Ol44O844K6IOa1tyDjg5fjg7zjg6sgUFZDIOWhqeWMluODk+ODi+ODvOODqyDjg5Ljg7zjg6sg44OV44Op44OD44OI44K344Ol44O844K6IOWkp+S6uuOCq+OCuOODpeOCouODq+OCt+ODpeODvOOCuiDjgqTjg7Pjg53jg7zjg4jjgrfjg6Xjg7zjgrog5pil5aSPIOaYpSDlpI8g576O6ISa44OR44Oz44OX44K5IOeXm+OBj+OBquOBhCDmranjgY3jgoTjgZnjgYQg44G644Gf44KT44GTIOODrOODh+OCo+OCuSDjg6Hjg6rjg4PjgrXlpb3jgY3jgavjgoLjgqrjgrnjgrnjg6Eg44Os44Kk44Oz44OR44Oz44OX44K5IOODleODqeODg+ODiOOCteODs+ODgOODqyDjgrPjg7zjg4fjgqPjg43jg7zjg4gg44Ku44OV44OIIOODl+ODrOOCvOODs+ODiCDjgYrlh7rjgYvjgZEg44OH44O844OIIOaVo+atqSDml4XooYwg6YCa5YukIOOCouOCpuODiOODieOCoiDjgq3jg6Pjg7Pjg5cg6KqV55Sf5pelIOavjSDjg57jg54g5aSn5Lq65Y+v5oSb44GEIOWkp+S6uuOBi+OCj+OBhOOBhCDjgrnjgr/jgqTjg6sgb2wg5aSn5a2m55SfIOWls+WtkOWkp+eUnyDotbDjgozjgosg44OW44Op44OD44KvIOm7kiDjg5bjg6njgqbjg7Mg6Iy26ImyIOOCt+ODq+ODkOODvCDpioAg44K044O844Or44OJIOmHkSDjgY3jgonjgY3jgokg44KE44KP44KJ44GLIOODl+ODgeODl+ODqSDjg63jg7zjg5Ljg7zjg6sg44K344Oz44OX44OrIOODquOCvuODvOODiCDlt50g5rC0IOmbqCDjg5XjgqPjg4Pjg4gg6YCa5rCX5oCnIOiSuOOCjOOBq+OBj+OBhCDlsaXjgY3jgoTjgZnjgYQg44Ki44Km44OI44Os44OD44OI44K344Ol44O844K6PGJyPgrjgJAyMi4144K744Oz44OB44K144Kk44K644CR44CQMjMuMOOCu+ODs+ODgeOCteOCpOOCuuOAkeOAkDIzLjXjgrvjg7Pjg4HjgrXjgqTjgrrjgJHjgJAyNC4w44K744Oz44OB44K144Kk44K644CRPC9kaXY+CjwhLS1AQC9JdGVtX0tleXdvcmQtLT4KPGJyPjxicj48YnI+PHRhYmxlIHdpZHRoPSI2NTAiIGNlbGxwYWRkaW5nPSIwIiBjZWxsc3BhY2luZz0iNSIgYm9yZGVyPSIwIj4KPHRyPgo8dGQ+PGltZyBzcmM9Imh0dHA6Ly9pbWFnZS5yYWt1dGVuLmNvLmpwL291dGxldHNob2VzL2NhYmluZXQvZXZlbnQvc3BfYl80dHJlbmQuanBnIiB3aWR0aD0iMzIwIj48L3RkPgo8dGQ+PGltZyBzcmM9Imh0dHBzOi8vdGh1bWJuYWlsLmltYWdlLnJha3V0ZW4uY28uanAvQDBfbWFsbC9vdXRsZXRzaG9lcy9jYWJpbmV0L2V2ZW50L3NwX2JfZW5hbWVscHVtcHMuanBnIiB3aWR0aD0iMzIwIj48L3RkPgo8L3RyPgo8dHI+Cjx0ZD48aW1nIHNyYz0iaHR0cDovL2ltYWdlLnJha3V0ZW4uY28uanAvb3V0bGV0c2hvZXMvY2FiaW5ldC9ldmVudC9zcF9iX3N1bW1lci5qcGciIHdpZHRoPSIzMjAiPjwvdGQ+Cjx0ZD48aW1nIHNyYz0iaHR0cDovL2ltYWdlLnJha3V0ZW4uY28uanAvb3V0bGV0c2hvZXMvY2FiaW5ldC9ldmVudC9zcF9iX3NlbGVjdDI0LmpwZyIgd2lkdGg9IjMyMCI+PC90ZD4KPC90cj4KPC90YWJsZT4=,44Oh44O844Or5L6/6YCB5paZMOWGhiDjgrDjg6rjg4Pjgr/jg7zjg6Hjg4Pjgrfjg6Ug44Op44OQ44O844K144Oz44OA44Or44CQ44Oh44O844Or5L6/5a++6LGh5ZWG5ZOB44CR44Op44OQ44O844K344Ol44O844K6IOODqeODkOODvOODkeODs+ODl+OCuSDjg6njg6Eg44Os44OH44Kj44O844K5IOODrOOCpOODs+OCt+ODpeODvOOCuiDpnbQg44Od44Kk44Oz44OI5raI5YyWfOODkeODs+ODl+OCuSDjg6zjgqTjg7Pjg5Hjg7Pjg5fjgrkg6Zuo6Z20IOOCouOCpuODiOODrOODg+ODiOOCt+ODpeODvOOCuiDjgrXjg7Pjg4Djg6sg44Op44OQ44O844GK6LK344GE54mp44Oe44Op44K944OzIOODnuODqeOCveODs++8muOCouOCpuODiOODrOODg+ODiOOCt+ODpeODvOOCuiBvdXRsZXRzaG9lcw==,6Z2044OR44Oz44OX44K544Ko44K544OR44OJ44Oq44O844Om44K144Oz44OA44Or5aSn44GN44GE44K144Kk44K65aSn44GN44GE6Z205bCP44GV44GE44K144Kk44K644K544OI44Op44OD44OX44OQ44Os44Ko44K344Ol44O844K655eb44GP44Gq44GEMjZjbeODreODvOODkuODvOODq+OCpuOCqOODg+OCuOOCveODvOODqzI3Y23jgq3jg4PjgroyMWNt44Os44OH44Kj44O844K5MjEuNWNt44OV44Op44OD44OI44K344Ol44O844K644Ki44Km44OI44Os44OD44OI44K344Ol44O844K644Oh44O844Or5L6/6YCB5paZMOWGhiDjgrDjg6rjg4Pjgr/jg7zjg6Hjg4Pjgrfjg6Ug44Op44OQ44O844K144Oz44OA44Or44CQ44Oh44O844Or5L6/5a++6LGh5ZWG5ZOB44CR44Op44OQ44O844K344Ol44O844K6IOODqeODkOODvOODkeODs+ODl+OCuSDjg6njg6Eg44Os44OH44Kj44O844K5IOODrOOCpOODs+OCt+ODpeODvOOCuiDpnbQg44Od44Kk44Oz44OI5raI5YyWfOODkeODs+ODl+OCuSDjg6zjgqTjg7Pjg5Hjg7Pjg5fjgrkg6Zuo6Z20IOOCouOCpuODiOODrOODg+ODiOOCt+ODpeODvOOCuiDjgrXjg7Pjg4Djg6sg44Op44OQ44O844GK6LK344GE54mp44Oe44Op44K944OzIOODnuODqeOCveODsw==,5qW95aSpMeS9jeKYhSg3Lzgg44OR44Oz44OX44K5KeavjuaXpeWxpeOBjeOBn+OBhOODqeODkOODvOOCteODs+ODgOODq+OAguODoeODvOODq+S+v+mAgeaWmTDlhoYg44Kw44Oq44OD44K/44O844Oh44OD44K344OlIOODqeODkOODvOOCteODs+ODgOODq+OAkOODoeODvOODq+S+v+WvvuixoeWVhuWTgeOAkeODqeODkOODvOOCt+ODpeODvOOCuiDjg6njg5Djg7zjg5Hjg7Pjg5fjgrkg44Op44OhIOODrOODh+OCo+ODvOOCuSDjg6zjgqTjg7Pjgrfjg6Xjg7zjgrog6Z20IOODneOCpOODs+ODiOa2iOWMlnzjg5Hjg7Pjg5fjgrkg44Os44Kk44Oz44OR44Oz44OX44K5IOmbqOmdtCDjgqLjgqbjg4jjg6zjg4Pjg4jjgrfjg6Xjg7zjgrog44K144Oz44OA44OrIOODqeODkOODvOOBiuiyt+OBhOeJqeODnuODqeOCveODsyDjg57jg6njgr3jg7M=[rn]
7-31685,aHR0cDovL3RzaG9wLnIxMHMuanAvb3V0bGV0c2hvZXMvY2FiaW5ldC9hYTJwcDUvYWEycHAtZjExNDUwX3Qxbi5qcGc/Zml0aW49NzAwOjcwMA==,MjYzMi4wMDAw,,6Z20ID4g44Os44OH44Kj44O844K56Z20ID4g44OR44Oz44OX44K5,6YCB5paZ54Sh5paZICBHSU5HRVIgTWlycm9yIDIwMTblubQ05pyI5Y+3IOaOsui8ie+8gSDjg53jgqTjg7Pjg4bjg4Pjg4njg4jjgqUg44OV44Op44OD44OI44OS44O844OrIOODrOODvOOCueOCouODg+ODl+OCt+ODpeODvOOCuiDnl5vjgY/jgarjgYQg44G644Gf44KT44GTIOWkp+OBjeOBhOOCteOCpOOCuiAyMDE35aSPIOODrOODvOOCueOCouODg+ODl+ODkeODs+ODl+OCueOAkOOBguOBmealveWvvuW/nOOAkSAgIOalveWkqSDlhaXlrablvI8g5qW944OB44OzfCDjgqLjgqbjg4jjg6zjg4Pjg4jjgrfjg6Xjg7zjgrrjgJAy6Laz44GnNDU4MOWGhuWvvuixoeOAkSDjg57jg6njgr3jg7M=,5qW95aSpMeS9jeKYheODkeODs+ODl+OCueODu+ODquOCouODq+OCv+OCpOODoCg1LzMxKQ==,PGRpdiBjbGFzcz1JdGVtUGFnZT48YnI+PGJyPjxicj48Y2VudGVyPjxpbWcgc3JjPWh0dHA6Ly9pbWFnZS5yYWt1dGVuLmNvLmpwL291dGxldHNob2VzL2NhYmluZXQvYWEycHA0L2FhMnBwLWYxMTQ1MC0wMDEuanBnPjxicj48YnI+PGJyPjxicj48YnI+PGJyPjxicj48YnI+PGJyPjxpbWcgc3JjPWh0dHA6Ly9pbWFnZS5yYWt1dGVuLmNvLmpwL291dGxldHNob2VzL2NhYmluZXQvcHQvcmFua190LmdpZj48YnI+PGltZyBzcmM9aHR0cDovL2ltYWdlLnJha3V0ZW4uY28uanAvb3V0bGV0c2hvZXMvY2FiaW5ldC9yYW5rMi8xMTQ1MC1yYW5rMW4uanBnPjxpbWcgc3JjPWh0dHA6Ly9pbWFnZS5yYWt1dGVuLmNvLmpwL291dGxldHNob2VzL2NhYmluZXQvYWEycHA0L2FhMnBwLWYxMTQ1MC0wMDJubm5uLmpwZz48aW1nIHNyYz1odHRwOi8vaW1hZ2UucmFrdXRlbi5jby5qcC9vdXRsZXRzaG9lcy9jYWJpbmV0L2FhMnBwNC9hYTJwcC1mMTE0NTByLTAwMi5qcGc+PGltZyBzcmM9aHR0cDovL2ltYWdlLnJha3V0ZW4uY28uanAvb3V0bGV0c2hvZXMvY2FiaW5ldC9hYTJwcDQvYWEycHAtZjExNDUwLTAwM24uanBnPjxpbWcgc3JjPWh0dHA6Ly9pbWFnZS5yYWt1dGVuLmNvLmpwL291dGxldHNob2VzL2NhYmluZXQvYWEycHA0L2FhMnBwLWYxMTQ1MC0wMDRuLmpwZz48aW1nIHNyYz1odHRwOi8vaW1hZ2UucmFrdXRlbi5jby5qcC9vdXRsZXRzaG9lcy9jYWJpbmV0L2FhMnBwNC9hYTJwcC1mMTE0NTAtMDA1bi5qcGc+PGJyPjxpbWcgc3JjPWh0dHA6Ly9pbWFnZS5yYWt1dGVuLmNvLmpwL291dGxldHNob2VzL2NhYmluZXQvYWEycHA0L2FhMnBwLWYxMTQ1MC0wMDZubi5qcGc+PGltZyBzcmM9Imh0dHA6Ly9pbWFnZS5yYWt1dGVuLmNvLmpwL291dGxldHNob2VzL2NhYmluZXQvYWEycHA0L2Nyb3NzX3R5cGUuanBnIj48YnI+PGEgaHJlZj0iaHR0cDovL2l0ZW0ucmFrdXRlbi5jby5qcC9vdXRsZXRzaG9lcy8xMTQ1MC8jMTAwMTI0ODgiPjxpbWcgc3JjPSJodHRwOi8vaW1hZ2UucmFrdXRlbi5jby5qcC9vdXRsZXRzaG9lcy9jYWJpbmV0L2FhMnBwNC9qdjBwcC1mMjE1NjlhLmpwZyI+PC9hPjxBIGhyZWY9Imh0dHA6Ly9pdGVtLnJha3V0ZW4uY28uanAvb3V0bGV0c2hvZXMvanYwcHAtZjIxNTY5LyI+PGltZyBzcmM9Imh0dHA6Ly9pbWFnZS5yYWt1dGVuLmNvLmpwL291dGxldHNob2VzL2NhYmluZXQvYWEycHA0L2p2MHBwLWYyMTU2OWIuanBnIj48L0E+PGltZyBzcmM9aHR0cDovL2ltYWdlLnJha3V0ZW4uY28uanAvb3V0bGV0c2hvZXMvY2FiaW5ldC9hYTJwcDQvYWEycHAtZjExNDUwLTAwNm5ubi5qcGc+PGltZyBzcmM9aHR0cDovL2ltYWdlLnJha3V0ZW4uY28uanAvb3V0bGV0c2hvZXMvY2FiaW5ldC9hYTJwcDQvYWEycHAtZjExNDUwLTAwN24uanBnPjxpbWcgc3JjPWh0dHA6Ly9pbWFnZS5yYWt1dGVuLmNvLmpwL291dGxldHNob2VzL2NhYmluZXQvYWEycHA0L2FhMnBwLWYxMTQ1MC0wMDhuLmpwZz48aW1nIHNyYz1odHRwOi8vaW1hZ2UucmFrdXRlbi5jby5qcC9vdXRsZXRzaG9lcy9jYWJpbmV0L2FhMnBwNC9hYTJwcC1mMTE0NTAtMDA5bi5qcGc+PGltZyBzcmM9aHR0cDovL2ltYWdlLnJha3V0ZW4uY28uanAvb3V0bGV0c2hvZXMvY2FiaW5ldC9hYTJwcDQvYWEycHAtZjExNDUwLTAxMG4uanBnPjxpbWcgc3JjPWh0dHA6Ly9pbWFnZS5yYWt1dGVuLmNvLmpwL291dGxldHNob2VzL2NhYmluZXQvYWEycHA0L2FhMnBwLWYxMTQ1MC0wMTFuLmpwZz48aW1nIHNyYz1odHRwOi8vaW1hZ2UucmFrdXRlbi5jby5qcC9vdXRsZXRzaG9lcy9jYWJpbmV0L2FhMnBwNC9hYTJwcC1mMTE0NTAtMDEybi5qcGc+PGltZyBzcmM9aHR0cDovL2ltYWdlLnJha3V0ZW4uY28uanAvb3V0bGV0c2hvZXMvY2FiaW5ldC9hYTJwcDQvYWEycHAtZjExNDUwLTAxM24uanBnPjxpbWcgc3JjPWh0dHA6Ly9pbWFnZS5yYWt1dGVuLmNvLmpwL291dGxldHNob2VzL2NhYmluZXQvYWEycHA0L2FhMnBwLWYxMTQ1MC0wMTRuLmpwZz48aW1nIHNyYz1odHRwOi8vaW1hZ2UucmFrdXRlbi5jby5qcC9vdXRsZXRzaG9lcy9jYWJpbmV0L2FhMnBwNC9hYTJwcC1mMTE0NTAtMDE1bm4uanBnPjxpbWcgc3JjPWh0dHA6Ly9pbWFnZS5yYWt1dGVuLmNvLmpwL291dGxldHNob2VzL2NhYmluZXQvYWEycHA0L2FhMnBwLWYxMTQ1MC0wMTZuLmpwZz48aW1nIHNyYz1odHRwOi8vaW1hZ2UucmFrdXRlbi5jby5qcC9vdXRsZXRzaG9lcy9jYWJpbmV0L2FhMnBwNC9hYTJwcC1mMTE0NTAtMDE3bi5qcGc+PGltZyBzcmM9aHR0cDovL2ltYWdlLnJha3V0ZW4uY28uanAvb3V0bGV0c2hvZXMvY2FiaW5ldC9hYTJwcDQvYWEycHAtZjExNDUwLTAxOG5uLmpwZz48aW1nIHNyYz1odHRwOi8vaW1hZ2UucmFrdXRlbi5jby5qcC9vdXRsZXRzaG9lcy9jYWJpbmV0L2FhMnBwNC9hYTJwcC1mMTE0NTAtMDE5bi5qcGc+PGltZyBzcmM9aHR0cDovL2ltYWdlLnJha3V0ZW4uY28uanAvb3V0bGV0c2hvZXMvY2FiaW5ldC9hYTJwcDQvYWEycHAtZjExNDUwLTAyMG5uLmpwZz48aW1nIHNyYz1odHRwOi8vaW1hZ2UucmFrdXRlbi5jby5qcC9vdXRsZXRzaG9lcy9jYWJpbmV0L2FhMnBwNC9hYTJwcC1mMTE0NTAtMDIxbi5qcGc+PGltZyBzcmM9aHR0cDovL2ltYWdlLnJha3V0ZW4uY28uanAvb3V0bGV0c2hvZXMvY2FiaW5ldC9hYTJwcDUvYWEycHAtZjExNDUwLTAyMm5uLmpwZz48L2NlbnRlcj48YnI+PGltZyBzcmM9aHR0cDovL2ltYWdlLnJha3V0ZW4uY28uanAvb3V0bGV0c2hvZXMvY2FiaW5ldC9wdC9kZXRhaWxfdC5naWY+PGltZyBzcmM9aHR0cDovL2ltYWdlLnJha3V0ZW4uY28uanAvb3V0bGV0c2hvZXMvY2FiaW5ldC9wdC9nYXpvdV9rYWt1ZGFpLmdpZj48YnI+PGJyPjxicj48YnI+PGJyPjxhIGhyZWY9aHR0cDovL2ltYWdlLnJha3V0ZW4uY28uanAvb3V0bGV0c2hvZXMvY2FiaW5ldC9hYTJwcDQvYWEycHAtZjExNDUwLXMxLTIuanBnIHRhcmdldD1fYmxhbms+PGltZyBzcmM9aHR0cDovL2ltYWdlLnJha3V0ZW4uY28uanAvb3V0bGV0c2hvZXMvY2FiaW5ldC9hYTJwcDQvYWEycHAtZjExNDUwLXMxLTEuanBnPjwvYT48YSBocmVmPWh0dHA6Ly9pbWFnZS5yYWt1dGVuLmNvLmpwL291dGxldHNob2VzL2NhYmluZXQvYWEycHA0L2FhMnBwLWYxMTQ1MC1zMi0yLmpwZyB0YXJnZXQ9X2JsYW5rPjxpbWcgc3JjPWh0dHA6Ly9pbWFnZS5yYWt1dGVuLmNvLmpwL291dGxldHNob2VzL2NhYmluZXQvYWEycHA0L2FhMnBwLWYxMTQ1MC1zMi0xLmpwZz48L2E+PGJyPjxhIGhyZWY9aHR0cDovL2ltYWdlLnJha3V0ZW4uY28uanAvb3V0bGV0c2hvZXMvY2FiaW5ldC9hYTJwcDQvYWEycHAtZjExNDUwLXMzLTIuanBnIHRhcmdldD1fYmxhbms+PGltZyBzcmM9aHR0cDovL2ltYWdlLnJha3V0ZW4uY28uanAvb3V0bGV0c2hvZXMvY2FiaW5ldC9hYTJwcDQvYWEycHAtZjExNDUwLXMzLTEuanBnPjwvYT48YSBocmVmPWh0dHA6Ly9pbWFnZS5yYWt1dGVuLmNvLmpwL291dGxldHNob2VzL2NhYmluZXQvYWEycHA0L2FhMnBwLWYxMTQ1MC1zNC0yLmpwZyB0YXJnZXQ9X2JsYW5rPjxpbWcgc3JjPWh0dHA6Ly9pbWFnZS5yYWt1dGVuLmNvLmpwL291dGxldHNob2VzL2NhYmluZXQvYWEycHA0L2FhMnBwLWYxMTQ1MC1zNC0xLmpwZz48L2E+PGJyPjxhIGhyZWY9aHR0cDovL2ltYWdlLnJha3V0ZW4uY28uanAvb3V0bGV0c2hvZXMvY2FiaW5ldC9hYTJwcDQvYWEycHAtZjExNDUwLXM1LTIuanBnIHRhcmdldD1fYmxhbms+PGltZyBzcmM9aHR0cDovL2ltYWdlLnJha3V0ZW4uY28uanAvb3V0bGV0c2hvZXMvY2FiaW5ldC9hYTJwcDQvYWEycHAtZjExNDUwLXM1LTEuanBnPjwvYT48YnI+PGJyPjxicj48YnI+PGJyPjxicj48aW1nIHNyYz1odHRwOi8vaW1hZ2UucmFrdXRlbi5jby5qcC9vdXRsZXRzaG9lcy9jYWJpbmV0L3B0L2NvbG9yX3QuZ2lmPjxpbWcgc3JjPWh0dHA6Ly9pbWFnZS5yYWt1dGVuLmNvLmpwL291dGxldHNob2VzL2NhYmluZXQvcHQvZ2F6b3Vfa2FrdWRhaS5naWY+PGJyPjxicj48YnI+PGJyPjxicj48YSBocmVmPWh0dHA6Ly9pbWFnZS5yYWt1dGVuLmNvLmpwL291dGxldHNob2VzL2NhYmluZXQvYWEycHA0L2FhMnBwLWYxMTQ1MC1jMS0yLmpwZyB0YXJnZXQ9X2JsYW5rPjxpbWcgc3JjPWh0dHA6Ly9pbWFnZS5yYWt1dGVuLmNvLmpwL291dGxldHNob2VzL2NhYmluZXQvYWEycHA0L2FhMnBwLWYxMTQ1MC1jMS0xLmpwZz48L2E+PGEgaHJlZj1odHRwOi8vaW1hZ2UucmFrdXRlbi5jby5qcC9vdXRsZXRzaG9lcy9jYWJpbmV0L2FhMnBwNC9hYTJwcC1mMTE0NTAtYzItMi5qcGcgdGFyZ2V0PV9ibGFuaz48aW1nIHNyYz1odHRwOi8vaW1hZ2UucmFrdXRlbi5jby5qcC9vdXRsZXRzaG9lcy9jYWJpbmV0L2FhMnBwNC9hYTJwcC1mMTE0NTAtYzItMS5qcGc+PC9hPjxhIGhyZWY9aHR0cDovL2ltYWdlLnJha3V0ZW4uY28uanAvb3V0bGV0c2hvZXMvY2FiaW5ldC9hYTJwcDQvYWEycHAtZjExNDUwLWMzLTIuanBnIHRhcmdldD1fYmxhbms+PGltZyBzcmM9aHR0cDovL2ltYWdlLnJha3V0ZW4uY28uanAvb3V0bGV0c2hvZXMvY2FiaW5ldC9hYTJwcDQvYWEycHAtZjExNDUwLWMzLTEuanBnPjwvYT48YnI+PGJyPjxhIGhyZWY9aHR0cDovL2ltYWdlLnJha3V0ZW4uY28uanAvb3V0bGV0c2hvZXMvY2FiaW5ldC9hYTJwcDQvYWEycHAtZjExNDUwLWM0LTIuanBnIHRhcmdldD1fYmxhbms+PGltZyBzcmM9aHR0cDovL2ltYWdlLnJha3V0ZW4uY28uanAvb3V0bGV0c2hvZXMvY2FiaW5ldC9hYTJwcDQvYWEycHAtZjExNDUwLWM0LTEuanBnPjwvYT48YSBocmVmPWh0dHA6Ly9pbWFnZS5yYWt1dGVuLmNvLmpwL291dGxldHNob2VzL2NhYmluZXQvYWEycHA0L2FhMnBwLWYxMTQ1MC1jNS0yLmpwZyB0YXJnZXQ9X2JsYW5rPjxpbWcgc3JjPWh0dHA6Ly9pbWFnZS5yYWt1dGVuLmNvLmpwL291dGxldHNob2VzL2NhYmluZXQvYWEycHA0L2FhMnBwLWYxMTQ1MC1jNS0xLmpwZz48L2E+PGEgaHJlZj1odHRwOi8vaW1hZ2UucmFrdXRlbi5jby5qcC9vdXRsZXRzaG9lcy9jYWJpbmV0L2FhMnBwNC9hYTJwcC1mMTE0NTAtYzYtMi5qcGcgdGFyZ2V0PV9ibGFuaz48aW1nIHNyYz1odHRwOi8vaW1hZ2UucmFrdXRlbi5jby5qcC9vdXRsZXRzaG9lcy9jYWJpbmV0L2FhMnBwNC9hYTJwcC1mMTE0NTAtYzYtMS5qcGc+PC9hPjxicj48YnI+PGEgaHJlZj1odHRwOi8vaW1hZ2UucmFrdXRlbi5jby5qcC9vdXRsZXRzaG9lcy9jYWJpbmV0L2FhMnBwNC9hYTJwcC1mMTE0NTAtYzctMi5qcGcgdGFyZ2V0PV9ibGFuaz48aW1nIHNyYz1odHRwOi8vaW1hZ2UucmFrdXRlbi5jby5qcC9vdXRsZXRzaG9lcy9jYWJpbmV0L2FhMnBwNC9hYTJwcC1mMTE0NTAtYzctMS5qcGc+PC9hPjxhIGhyZWY9aHR0cDovL2ltYWdlLnJha3V0ZW4uY28uanAvb3V0bGV0c2hvZXMvY2FiaW5ldC9hYTJwcDQvYWEycHAtZjExNDUwLWM4LTIuanBnIHRhcmdldD1fYmxhbms+PGltZyBzcmM9aHR0cDovL2ltYWdlLnJha3V0ZW4uY28uanAvb3V0bGV0c2hvZXMvY2FiaW5ldC9hYTJwcDQvYWEycHAtZjExNDUwLWM4LTEuanBnPjwvYT48YSBocmVmPWh0dHA6Ly9pbWFnZS5yYWt1dGVuLmNvLmpwL291dGxldHNob2VzL2NhYmluZXQvYWEycHA0L2FhMnBwLWYxMTQ1MC1jOS0yLmpwZyB0YXJnZXQ9X2JsYW5rPjxpbWcgc3JjPWh0dHA6Ly9pbWFnZS5yYWt1dGVuLmNvLmpwL291dGxldHNob2VzL2NhYmluZXQvYWEycHA0L2FhMnBwLWYxMTQ1MC1jOS0xLmpwZz48L2E+PGJyPjxicj48YSBocmVmPWh0dHA6Ly9pbWFnZS5yYWt1dGVuLmNvLmpwL291dGxldHNob2VzL2NhYmluZXQvYWEycHA0L2FhMnBwLWYxMTQ1MC1jMTAtMi5qcGcgdGFyZ2V0PV9ibGFuaz48aW1nIHNyYz1odHRwOi8vaW1hZ2UucmFrdXRlbi5jby5qcC9vdXRsZXRzaG9lcy9jYWJpbmV0L2FhMnBwNC9hYTJwcC1mMTE0NTAtYzEwLTEuanBnPjwvYT48YSBocmVmPWh0dHA6Ly9pbWFnZS5yYWt1dGVuLmNvLmpwL291dGxldHNob2VzL2NhYmluZXQvYWEycHA0L2FhMnBwLWYxMTQ1MC1jMTEtMi5qcGcgdGFyZ2V0PV9ibGFuaz48aW1nIHNyYz1odHRwOi8vaW1hZ2UucmFrdXRlbi5jby5qcC9vdXRsZXRzaG9lcy9jYWJpbmV0L2FhMnBwNC9hYTJwcC1mMTE0NTAtYzExLTEuanBnPjwvYT48YnI+PGJyPjxicj48YnI+PGJyPjxicj48YnI+PGltZyBzcmM9aHR0cDovL2ltYWdlLnJha3V0ZW4uY28uanAvb3V0bGV0c2hvZXMvY2FiaW5ldC9hYTJwcDQvYWEycHAtZjExNDUwLXNpemUtcy5naWY+PGJyPjxpbWcgc3JjPWh0dHA6Ly9pbWFnZS5yYWt1dGVuLmNvLmpwL291dGxldHNob2VzL2NhYmluZXQvcHQvc2l6ZWstcy5qcGc+PGJyPjxicj48YnI+PGJyPjxpbWcgc3JjPWh0dHA6Ly9pbWFnZS5yYWt1dGVuLmNvLmpwL291dGxldHNob2VzL2NhYmluZXQvcHQvZml0dGluZy5naWY+PGJyPjxicj48YnI+PGltZyBzcmM9aHR0cDovL2ltYWdlLnJha3V0ZW4uY28uanAvb3V0bGV0c2hvZXMvY2FiaW5ldC9wdC9zdGFmZi1zaXplLTEuZ2lmPjxicj48YnI+PGJyPjxpbWcgc3JjPWh0dHA6Ly9pbWFnZS5yYWt1dGVuLmNvLmpwL291dGxldHNob2VzL2NhYmluZXQvcHQvZm9vdC1pbGxhLTAzLmdpZj48YnI+PGJyPjxicj48aW1nIHNyYz1odHRwOi8vaW1hZ2UucmFrdXRlbi5jby5qcC9vdXRsZXRzaG9lcy9jYWJpbmV0L2FhMnBwNS9hYTJwcC1mMTE0NTAtZml0LmdpZj48YnI+PGJyPjxicj48YnI+PGJyPjxhIGhyZWY9aHR0cDovL2l0ZW0ucmFrdXRlbi5jby5qcC9vdXRsZXRzaG9lcy9jLzAwMDAwMDA1MzcvI3N0YWZmLXNpemU+PGltZyBzcmM9aHR0cDovL2ltYWdlLnJha3V0ZW4uY28uanAvb3V0bGV0c2hvZXMvY2FiaW5ldC9wdC9zdGFmZmRhdGEuZ2lmPjwvYT48YnI+PGEgaHJlZj1odHRwOi8vaXRlbS5yYWt1dGVuLmNvLmpwL291dGxldHNob2VzL2MvMDAwMDAwMDUzNy8jc2l6ZS1rZWlzb2t1PjxpbWcgc3JjPWh0dHA6Ly9pbWFnZS5yYWt1dGVuLmNvLmpwL291dGxldHNob2VzL2NhYmluZXQvcHQvc2l6ZXBvaW50LmdpZj48L2E+PGJyPjxicj48YnI+PGJyPjxicj48aW1nIHNyYz1odHRwOi8vaW1hZ2UucmFrdXRlbi5jby5qcC9vdXRsZXRzaG9lcy9jYWJpbmV0L2FhMnBwNS9hYTJwcC1mMTE0NTAtc3BlY24uZ2lmPjxicj48YnI+PGJyPjxkaXYgY2xhc3M9SXRlbVBhZ2U+PGNlbnRlcj48aW1nIHNyYz1odHRwOi8vaW1hZ2UucmFrdXRlbi5jby5qcC9vdXRsZXRzaG9lcy9jYWJpbmV0L3B0L3R5dXVpX3Nob2VzLmdpZj48L2NlbnRlcj48L2Rpdj48YnI+PGJyPjxicj48YnI+PGRpdiBjbGFzcz1rZXktd2FyZC0wMT7ilrzjgqLjgqTjg4bjg6Ag44Kt44O844Ov44O844OJPGJyPuODrOODvOOCueOCouODg+ODlyDjg5Hjg7Pjg5fjgrkg55eb44GP44Gq44GEIOOBuuOBn+OCk+OBkyDjgrnjg4jjg6njg4Pjg5cg6buSIOODreODvOODkuODvOODqyDjg5njg7zjgrjjg6Ug5aSn44GN44GE44K144Kk44K6IDIwMTbmmKXlpI8g6ISx44GS44Gq44GEIOODrOODvOOCueOCouODg+ODl+OCt+ODpeODvOOCuiDjg6zjg7zjgrnjgqLjg4Pjg5fjg5Hjg7Pjg5fjgrkg44Od44Kk44Oz44OG44OD44OJ44OI44KlIOOBi+OCj+OBhOOBhCAyNS41IOatqeOBjeOChOOBmeOBhCDjg5Tjg7Pjgq8g44K344Or44OQ44O8IOi1sOOCjOOCi+ODkeODs+ODl+OCuSDjgajjgpPjgYzjgoog576O6ISaIOe+juiEmuODkeODs+ODl+OCuSDlsI/jgZXjgYTjgrXjgqTjgrog44Ki44Km44OI44Os44OD44OI44K344Ol44O844K6IOaYpeWkjyDmmKUg5aSPIOOBqOOCk+OBjOOCiuODkeODs+ODl+OCuSDjgqTjg7Pjg53jg7zjg4jjgrfjg6Xjg7zjgrog44OX44Os44O844OzIOOCt+ODs+ODl+ODqyDnhKHlnLAg44K344Ol44O844K6IOOCueOCqOODvOODiSDjgrnjgqbjgqfjg7zjg4kg5aSn5Lq6IOOCr+ODg+OCt+ODp+ODsyDohJrplbcg5aSn5Lq65Y+v5oSb44GEIOS6uuawlyDkuIrlk4Eg44CQMjEuMOOCu+ODs+ODgeOAkSDjgJAyMS4wY23jgJHjgJAyMS4144K744Oz44OB44CRIOOAkDIxLjVjbeOAkSDjgJAyMi4w44K744Oz44OB44CRIOOAkDIyY23jgJEg44CQMjIuNeOCu+ODs+ODgeOAkSDjgJAyMi41Y23jgJEg44CQMjMuMOOCu+ODs+ODgeOAkSDjgJAyM2Nt44CRIOOAkDIzLjXjgrvjg7Pjg4HjgJEg44CQMjMuNWNt44CRIOOAkDI0LjDjgrvjg7Pjg4HjgJEg44CQMjRjbeOAkSDjgJAyNC4144K744Oz44OB44CRIOOAkDI0LjVjbeOAkSDjgJAyNS4w44K744Oz44OB44CRIOOAkDI1Y23jgJEg44CQMjUuNeOCu+ODs+ODgeOAkSDjgJAyNS41Y23jgJEg44CQMjYuMOOCu+ODs+ODgeOAkSDjgJAyNmNt44CRPC9kaXY+PGJyPjxicj48YnI+PC9kaXY+PGJyPjxicj48YSBocmVmPWh0dHA6Ly9pdGVtLnJha3V0ZW4uY28uanAvb3V0bGV0c2hvZXMvZ2lmdGtpdC8gdGFyZ2V0PV9ibGFuaz48aW1nIHNyYz1odHRwOi8vaW1hZ2UucmFrdXRlbi5jby5qcC9vdXRsZXRzaG9lcy9jYWJpbmV0L3B0L2dpZnRraXQuZ2lmPjwvYT48YnI+PGJyPjxicj48YnI+PGEgaHJlZj1odHRwOi8vaXRlbS5yYWt1dGVuLmNvLmpwL291dGxldHNob2VzL2MvMDAwMDAwMTAwNy8gdGFyZ2V0PV9ibGFuaz48aW1nIHNyYz1odHRwOi8vaW1hZ2UucmFrdXRlbi5jby5qcC9vdXRsZXRzaG9lcy9jYWJpbmV0L3B0L2luZm8ta291a2FuLmdpZj48L2E+PGJyPjxicj48YnI+PGJyPjxicj48YnI+PGJyPjxicj48YnI+PGJyPjxhIGhyZWY9Imh0dHA6Ly93d3cucmFrdXRlbi5uZS5qcC9nb2xkL291dGxldHNob2VzL2FzdV9nYWl5b3UuaHRtbCI+PGltZyBzcmM9Imh0dHA6Ly90aHVtYm5haWwuaW1hZ2UucmFrdXRlbi5jby5qcC9AMF9tYWxsL291dGxldHNob2VzL2NhYmluZXQvbWFpbDAyL2FzdXJha3UuZ2lmP19leD02NTB4NjUwIj48L2E+PGJyPjxicj48YnI+PGJyPjxicj48YSBocmVmPSJodHRwOi8vc2VhcmNoLnJha3V0ZW4uY28uanAvc2VhcmNoL2luc2hvcC1tYWxsLyVFMyU4MyU5RCVFMyU4MiVBNCVFMyU4MyVCMyVFMyU4MyU4NiVFMyU4MyU4MyVFMyU4MyU4OSVFMyU4MyU4OCVFMyU4MiVBNS8tL2YuMS1wLjEtcy4xLXNmLjAtc2lkLjIwMDY4Ni1zdC5BLXYuMyI+PGltZyBzcmM9Imh0dHA6Ly9pbWFnZS5yYWt1dGVuLmNvLmpwL291dGxldHNob2VzL2NhYmluZXQvYmFubmVyL3BvaW50ZWQtbGluay10aXRsZS5qcGciIHdpZHRoPSI2NTAiPjwvYT48YnI+PGJyPjxicj48YnI+PGltZyBzcmM9Imh0dHA6Ly9pbWFnZS5yYWt1dGVuLmNvLmpwL291dGxldHNob2VzL2NhYmluZXQvYWEycHA0L2Nyb3NzX3R5cGUuanBnIj48YnI+PGEgaHJlZj0iaHR0cDovL2l0ZW0ucmFrdXRlbi5jby5qcC9vdXRsZXRzaG9lcy8xMTQ1MC8jMTAwMTI0ODgiPjxpbWcgc3JjPSJodHRwOi8vaW1hZ2UucmFrdXRlbi5jby5qcC9vdXRsZXRzaG9lcy9jYWJpbmV0L2FhMnBwNC9qdjBwcC1mMjE1NjlhMS5qcGciPjwvYT48QSBocmVmPSJodHRwOi8vaXRlbS5yYWt1dGVuLmNvLmpwL291dGxldHNob2VzL2p2MHBwLWYyMTU2OS8iPjxpbWcgc3JjPSJodHRwOi8vaW1hZ2UucmFrdXRlbi5jby5qcC9vdXRsZXRzaG9lcy9jYWJpbmV0L2FhMnBwNC9qdjBwcC1mMjE1NjliMS5qcGciPjwvQT48YnI+PGJyPjxicj48YnI+PCEtLUBAUENfSXRlbV8gRGVzY3JpcHRpb24tLT4KPGJyPgo8IS0tQEAvUENfSXRlbV8gRGVzY3JpcHRpb24tLT48IS0tQEAvUENfSXRlbV8gRGVzY3JpcHRpb24tLT4KPGRpdiBjbGFzcz1rZXktd2FyZC0wMT4K4pa844Ki44Kk44OG44OgIOOCreODvOODr+ODvOODiTxicj4KPCEtLUBASXRlbV9LZXl3b3JkLS0+PCEtLeKAu+WVhuWTgeWQjeOBqOOCq+ODluOBo+OBpuOBhOOCi+OCguOBruOBr+ODiOODqy0tPuODrOODvOOCueOCouODg+ODlyDjg5Hjg7Pjg5fjgrkg55eb44GP44Gq44GEIOOBuuOBn+OCk+OBkyDjgrnjg4jjg6njg4Pjg5cg6buSIOODreODvOODkuODvOODqyDjg5njg7zjgrjjg6Ug5aSn44GN44GE44K144Kk44K6IDIwMTbmmKXlpI8g6ISx44GS44Gq44GEIOODrOODvOOCueOCouODg+ODl+OCt+ODpeODvOOCuiDjg6zjg7zjgrnjgqLjg4Pjg5fjg5Hjg7Pjg5fjgrkg44Od44Kk44Oz44OG44OD44OJ44OI44KlIOOBi+OCj+OBhOOBhCAyNS41IOatqeOBjeOChOOBmeOBhCDjg5Tjg7Pjgq8g44K344Or44OQ44O8IOi1sOOCjOOCi+ODkeODs+ODl+OCuSDjgajjgpPjgYzjgoog576O6ISaIOe+juiEmuODkeODs+ODl+OCuSDlsI/jgZXjgYTjgrXjgqTjgrog44Ki44Km44OI44Os44OD44OI44K344Ol44O844K6IOaYpeWkjyDmmKUg5aSPIOOBqOOCk+OBjOOCiuODkeODs+ODl+OCuSDjgqTjg7Pjg53jg7zjg4jjgrfjg6Xjg7zjgrog44OX44Os44O844OzIOOCt+ODs+ODl+ODqyDnhKHlnLAg44K344Ol44O844K6IOOCueOCqOODvOODiSDjgrnjgqbjgqfjg7zjg4kg5aSn5Lq6IOOCr+ODg+OCt+ODp+ODsyDohJrplbcg5aSn5Lq65Y+v5oSb44GEIOOBiuOBp+OBi+OBkSDjg4fjg7zjg4gg5pWj5q2pIOaXheihjCDjgq3jg6zjgqQg6YCa6LKpIOWPr+aEm+OBhCDjgYvjgo/jgYTjgYQg5a6a55Wq6ImyIOS6uuawlyDkuIrlk4EgCuOAkDIxLjDjgrvjg7Pjg4HjgJEg44CQMjEuMGNt44CR44CQMjEuNeOCu+ODs+ODgeOAkSDjgJAyMS41Y23jgJEg44CQMjIuMOOCu+ODs+ODgeOAkSDjgJAyMmNt44CRIOOAkDIyLjXjgrvjg7Pjg4HjgJEg44CQMjIuNWNt44CRIOOAkDIzLjDjgrvjg7Pjg4HjgJEg44CQMjNjbeOAkSDjgJAyMy4144K744Oz44OB44CRIOOAkDIzLjVjbeOAkSDjgJAyNC4w44K744Oz44OB44CRIOOAkDI0Y23jgJEg44CQMjQuNeOCu+ODs+ODgeOAkSDjgJAyNC41Y23jgJEg44CQMjUuMOOCu+ODs+ODgeOAkSDjgJAyNWNt44CRIOOAkDI1LjXjgrvjg7Pjg4HjgJEg44CQMjUuNWNt44CRIOOAkDI2LjDjgrvjg7Pjg4HjgJEg44CQMjZjbeOAkSDjgJDjga/jgZPjgb3jgZnlr77lv5zllYblk4HjgJEg44CQ5qW95aSpQk9Y5Y+X5Y+W5a++6LGh5ZWG5ZOB77yI44Os44OH44Kj44O844K544OV44Kh44OD44K344On44Oz77yJ44CRIOOAkOOCs+ODs+ODk+ODi+WPl+WPluWvvuW/nOWVhuWTgeOAkeOAkOOBr+OBk+OBveOBmeWvvuW/nOWVhuWTgeOAkSDjgJDmpb3lpKlCT1jlj5flj5blr77osaHllYblk4HvvIjjg6zjg4fjgqPjg7zjgrnjg5XjgqHjg4Pjgrfjg6fjg7PvvInjgJEg44CQ44Kz44Oz44OT44OL5Y+X5Y+W5a++5b+c5ZWG5ZOB44CRPHRhYmxlIHdpZHRoPSI2NTAiIGNlbGxwYWRkaW5nPSIwIiBjZWxsc3BhY2luZz0iNSIgYm9yZGVyPSIwIj4KPHRyPgo8dGQ+PGltZyBzcmM9Imh0dHA6Ly9pbWFnZS5yYWt1dGVuLmNvLmpwL291dGxldHNob2VzL2NhYmluZXQvZXZlbnQvc3BfYl80dHJlbmQuanBnIiB3aWR0aD0iMzIwIj48L3RkPgo8dGQ+PGltZyBzcmM9Imh0dHBzOi8vdGh1bWJuYWlsLmltYWdlLnJha3V0ZW4uY28uanAvQDBfbWFsbC9vdXRsZXRzaG9lcy9jYWJpbmV0L2V2ZW50L3NwX2JfZW5hbWVscHVtcHMuanBnIiB3aWR0aD0iMzIwIj48L3RkPgo8L3RyPgo8dHI+Cjx0ZD48aW1nIHNyYz0iaHR0cDovL2ltYWdlLnJha3V0ZW4uY28uanAvb3V0bGV0c2hvZXMvY2FiaW5ldC9ldmVudC9zcF9iX3N1bW1lci5qcGciIHdpZHRoPSIzMjAiPjwvdGQ+Cjx0ZD48aW1nIHNyYz0iaHR0cDovL2ltYWdlLnJha3V0ZW4uY28uanAvb3V0bGV0c2hvZXMvY2FiaW5ldC9ldmVudC9zcF9iX3NlbGVjdDI0LmpwZyIgd2lkdGg9IjMyMCI+PC90ZD4KPC90cj4KPC90YWJsZT4=,6YCB5paZ54Sh5paZICBHSU5HRVIgTWlycm9yIDIwMTblubQ05pyI5Y+3IOaOsui8ie+8gSDjg53jgqTjg7Pjg4bjg4Pjg4njg4jjgqUg44OV44Op44OD44OI44OS44O844OrIOODrOODvOOCueOCouODg+ODl+OCt+ODpeODvOOCuiDnl5vjgY/jgarjgYQg44G644Gf44KT44GTIOWkp+OBjeOBhOOCteOCpOOCuiAyMDE35aSPIOODrOODvOOCueOCouODg+ODl+ODkeODs+ODl+OCueOAkOOBguOBmealveWvvuW/nOOAkSAgIOalveWkqSDlhaXlrablvI8g5qW944OB44OzfCDjgqLjgqbjg4jjg6zjg4Pjg4jjgrfjg6Xjg7zjgrrjgJAy6Laz44GnNDU4MOWGhuWvvuixoeOAkSDjg57jg6njgr3jg7PvvJrjgqLjgqbjg4jjg6zjg4Pjg4jjgrfjg6Xjg7zjgrogb3V0bGV0c2hvZXM=,6Z2044OR44Oz44OX44K544Ko44K544OR44OJ44Oq44O844Om44K144Oz44OA44Or5aSn44GN44GE44K144Kk44K65aSn44GN44GE6Z205bCP44GV44GE44K144Kk44K644K544OI44Op44OD44OX44OQ44Os44Ko44K344Ol44O844K655eb44GP44Gq44GEMjZjbeODreODvOODkuODvOODq+OCpuOCqOODg+OCuOOCveODvOODqzI3Y23jgq3jg4PjgroyMWNt44Os44OH44Kj44O844K5MjEuNWNt44OV44Op44OD44OI44K344Ol44O844K644Ki44Km44OI44Os44OD44OI44K344Ol44O844K66YCB5paZ54Sh5paZICBHSU5HRVIgTWlycm9yIDIwMTblubQ05pyI5Y+3IOaOsui8ie+8gSDjg53jgqTjg7Pjg4bjg4Pjg4njg4jjgqUg44OV44Op44OD44OI44OS44O844OrIOODrOODvOOCueOCouODg+ODl+OCt+ODpeODvOOCuiDnl5vjgY/jgarjgYQg44G644Gf44KT44GTIOWkp+OBjeOBhOOCteOCpOOCuiAyMDE35aSPIOODrOODvOOCueOCouODg+ODl+ODkeODs+ODl+OCueOAkOOBguOBmealveWvvuW/nOOAkSAgIOalveWkqSDlhaXlrablvI8g5qW944OB44OzfCDjgqLjgqbjg4jjg6zjg4Pjg4jjgrfjg6Xjg7zjgrrjgJAy6Laz44GnNDU4MOWGhuWvvuixoeOAkSDjg57jg6njgr3jg7M=,5qW95aSpMeS9jeKYheODkeODs+ODl+OCueODu+ODquOCouODq+OCv+OCpOODoCg1LzMxKeOAgumAgeaWmeeEoeaWmSAgR0lOR0VSIE1pcnJvciAyMDE25bm0NOaciOWPtyDmjrLovInvvIEg44Od44Kk44Oz44OG44OD44OJ44OI44KlIOODleODqeODg+ODiOODkuODvOODqyDjg6zjg7zjgrnjgqLjg4Pjg5fjgrfjg6Xjg7zjgrog55eb44GP44Gq44GEIOOBuuOBn+OCk+OBkyDlpKfjgY3jgYTjgrXjgqTjgrogMjAxN+WkjyDjg6zjg7zjgrnjgqLjg4Pjg5fjg5Hjg7Pjg5fjgrnjgJDjgYLjgZnmpb3lr77lv5zjgJEgICDmpb3lpKkg5YWl5a2m5byPIOalveODgeODs3wg44Ki44Km44OI44Os44OD44OI44K344Ol44O844K644CQMui2s+OBpzQ1ODDlhoblr77osaHjgJEg44Oe44Op44K944Oz[rn]
7-31686,aHR0cDovL3RzaG9wLnIxMHMuanAvb3V0bGV0c2hvZXMvY2FiaW5ldC9hYTJwcDIvYWEycHAtMTE0OTNfbTEuanBnP2ZpdGluPTcwMDo3MDA=,MTkwNC4wMDAw,,6Z20ID4g44Os44OH44Kj44O844K56Z20ID4g44OR44Oz44OX44K5,44Ki44Oz44Kv44Or44K544OI44Op44OD44OXIOODqeOCpuODs+ODieODiOOCpSDjgqjjg4rjg6Hjg6sg44OV44Op44OD44OI44K344Ol44O844K6IOODkeODs+ODl+OCuSDnl5vjgY/jgarjgYQg5q2p44GN44KE44GZ44GEIDIwMTflpI8g5aSn44GN44GE44K144Kk44K6IOODlOODs+OCr+ODmeODvOOCuOODpSDosrfjgYTlm57jgoogfCDjg6zjg4fjgqPjg7zjgrkg6Z20IOOCueODiOODqeODg+ODlyDjgrnjg4jjg6njg4Pjg5fjg5Hjg7Pjg5fjgrkg44G644Gf44KT44GTIOODmuOCv+ODs+OCsyDljZLmpa3lvI8g44Ki44Km44OI44Os44OD44OI44K344Ol44O844K644GK6LK344GE54mp44Oe44Op44K944OzIOODnuODqeOCveODsw==,44K544OI44Op44OD44OX44OR44Oz44OX44K544Gr44CQ44Ko44OK44Oh44OrdmVyLuOAkeaWsOeZu+WgtO+8gQ==,PGJyPjxicj48YnI+PGJyPjxpbWcgc3JjPWh0dHA6Ly9pbWFnZS5yYWt1dGVuLmNvLmpwL291dGxldHNob2VzL2NhYmluZXQvYWEycHAyL2FhMnBwLTExNDkzLTAwMS5qcGc+PGJyPjxicj48YnI+PGJyPjxicj48YnI+PGltZyBzcmM9aHR0cDovL2ltYWdlLnJha3V0ZW4uY28uanAvb3V0bGV0c2hvZXMvY2FiaW5ldC9hYTJwcDIvYWEycHAtMTE0OTMtMDFuLmpwZz48YnI+PGJyPjxicj48YnI+PGJyPjxicj48aW1nIHNyYz1odHRwOi8vaW1hZ2UucmFrdXRlbi5jby5qcC9vdXRsZXRzaG9lcy9jYWJpbmV0L2FhMnBwMi9hYTJwcC0xMTQ5My0wMDIuanBnPjxicj48YnI+PGJyPjxicj48YnI+PGJyPjxpbWcgc3JjPWh0dHA6Ly9pbWFnZS5yYWt1dGVuLmNvLmpwL291dGxldHNob2VzL2NhYmluZXQvYWEycHAyL2FhMnBwLTExNDkzLTAwM24uanBnPjxicj48YnI+PGJyPjxicj48YnI+PGJyPjxpbWcgc3JjPWh0dHA6Ly9pbWFnZS5yYWt1dGVuLmNvLmpwL291dGxldHNob2VzL2NhYmluZXQvYWEycHAyL2FhMnBwLTExNDkzLTAwNC5qcGc+PGJyPjxicj48YnI+PGJyPjxicj48YnI+PGltZyBzcmM9aHR0cDovL2ltYWdlLnJha3V0ZW4uY28uanAvb3V0bGV0c2hvZXMvY2FiaW5ldC9hYTJwcDIvYWEycHAtMTE0OTMtMDA1LmpwZz48YnI+PGJyPjxicj48YnI+PGJyPjxicj48aW1nIHNyYz1odHRwOi8vaW1hZ2UucmFrdXRlbi5jby5qcC9vdXRsZXRzaG9lcy9jYWJpbmV0L2FhMnBwMi9hYTJwcC0xMTQ5My0wMDYuanBnPjxicj48YnI+PGJyPjxicj48YnI+PGJyPjxpbWcgc3JjPWh0dHA6Ly9pbWFnZS5yYWt1dGVuLmNvLmpwL291dGxldHNob2VzL2NhYmluZXQvcHQvb3JpZ2luYWxibGFuZC5naWY+PGJyPjxpbWcgc3JjPWh0dHA6Ly9pbWFnZS5yYWt1dGVuLmNvLmpwL291dGxldHNob2VzL2NhYmluZXQvcHQvbWVudWUtYmxhbmQuZ2lmPjxicj48YnI+PGJyPjxkaXYgY2xhc3M9Iktpa2FrdVN0YWZmIj48ZGl2PjxpbWcgc3JjPWh0dHA6Ly9pbWFnZS5yYWt1dGVuLmNvLmpwL291dGxldHNob2VzL2NhYmluZXQvcHQvb21vaS0xLmdpZj48cD7nuYrntLDjgarlpbPmgKfjgonjgZfjgZXjgpLmvJTlh7rjgafjgY3jgovjgrnjg4jjg6njg4Pjg5fjg5Hjg7Pjg5fjgrnjgYvjgonjgIHpgI/mmI7mhJ/jgYLjgovjgqjjg4rjg6Hjg6vjgr/jgqTjg5fjgYzmlrDnmbvloLTvvIHkuLjjgb/jgpLluK/jgbPjgaTjgaTjgbvjgaPjgZ3jgorjgajjga7jgajjgYzjgaPjgZ/jg4jjgqXjga/jgIHjgbrjgZ/jgpPjgZPjgarjga7jgavjgqvjgrjjg6XjgqLjg6vjgZnjgY7jgZrjgIHkuIrlk4HjgarljbDosaHjgpLkuI7jgYjjgabjgY/jgozjgb7jgZnjgII8YnI+PGJyPueUsuOBr+OCgeOBruOCq+ODg+ODhuOCo+ODs+OCsOOBp+Wls+aAp+OCieOBl+OBhOiPr+WlouOBquWNsOixoeOCkuODl+ODqeOCueOAguOCueODiOODqeODg+ODl+OBjOi2s+mmluOCkuWbuuWumuOBl+OBpuOBj+OCjOOCi+OBruOBp+OAgei2s+mBi+OBs+OBr+OBqOOBpuOCguOCueODoOODvOOCuuKZqjxicj48YnI+5rWB6KGM44Gr5bem5Y+z44GV44KM44Gq44GE44K344Oz44OX44Or44Gq44OH44K244Kk44Oz44Gq44Gu44Gn44CB44Ot44Oz44Kw44K344O844K644Oz5L2/44GI44KL5YSq56eA44Ki44Kk44OG44Og44Gn44GZ44CC44OH44OL44Og44Go5ZCI44KP44Gb44Gm44Kr44K444Ol44Ki44Or44Gr44CB44K344OV44Kp44Oz44Ov44Oz44OU77yL44Os44Ku44Oz44K544Gu44GN44KM44GE44KB44Kz44O844OH44Gq44Gp44CB5qeY44Gq44K544K/44Kk44Or44Gr5ZCI44KP44Gb44Gm44GK5qW944GX44G/44GE44Gf44Gg44GR44G+44GZ4pmq57Sg6Laz44Gn44KC44K/44Kk44OE44Gn44KC44CB5Y+v5oSb44GP44G+44Go44G+44KK44G+44GZ44KI44CCPGJyPjxicj7jg5Ljg7zjg6vjga7jgarjgYTjg5Xjg6njg4Pjg4jjgr/jgqTjg5fjgarjga7jgafmranjgY3jgoTjgZnjgY/jgIHjgoLjgaPjgaHjgorjgajjgZfjgZ/jgq/jg4Pjgrfjg6fjg7PjgYzotrPjga7osqDjgpLlkozjgonjgZLjgabjgY/jgozjgb7jgZnimarjgrfjg6fjg4Pjg5Tjg7PjgrDjgoTpgJrli6TjgarjganjgIHjg4fjgqTjg6rjg7zjgavjgqrjgrnjgrnjg6HjgZfjgZ/jgYTkuIDotrPjgafjgZnjgII8L3A+PHAgY2xhc3M9Im1pZ2kiPuS8geeUu+W9k+OCueOCv+ODg+ODle+8muOBjzwvcD48YnI+PGltZyBzcmM9aHR0cDovL2ltYWdlLnJha3V0ZW4uY28uanAvb3V0bGV0c2hvZXMvY2FiaW5ldC9wdC9vbW9pLTIuZ2lmPjxicj48L2Rpdj48L2Rpdj48YnI+PGJyPjxicj48YnI+PGJyPjxpbWcgc3JjPWh0dHA6Ly9pbWFnZS5yYWt1dGVuLmNvLmpwL291dGxldHNob2VzL2NhYmluZXQvcHQva29kYXdhcmkuZ2lmPjxicj48YnI+PGJyPjxicj48aW1nIHNyYz1odHRwOi8vaW1hZ2UucmFrdXRlbi5jby5qcC9vdXRsZXRzaG9lcy9jYWJpbmV0L2FhMnBwMi9hYTJwcC0xMTQ5My1wdDEuanBnPjxicj48YnI+PGJyPjxicj48YnI+PGJyPjxicj48YnI+PGJyPjxpbWcgc3JjPWh0dHA6Ly9pbWFnZS5yYWt1dGVuLmNvLmpwL291dGxldHNob2VzL2NhYmluZXQvYWEycHAyL2FhMnBwLTExNDkzLXB0Mm4uanBnPjxicj48YnI+PGJyPjxicj48YnI+PGJyPjxicj48YnI+PGJyPjxpbWcgc3JjPWh0dHA6Ly9pbWFnZS5yYWt1dGVuLmNvLmpwL291dGxldHNob2VzL2NhYmluZXQvcHQvZGV0YWlsLTIuZ2lmPjxicj48YSBocmVmPSJodHRwOi8vaW1hZ2UucmFrdXRlbi5jby5qcC9vdXRsZXRzaG9lcy9jYWJpbmV0L2FhMnBwMi9hYTJwcC0xMTQ5My1zMS0yLmpwZyIgdGFyZ2V0PSJfYmxhbmsiPjxpbWcgc3JjPWh0dHA6Ly9pbWFnZS5yYWt1dGVuLmNvLmpwL291dGxldHNob2VzL2NhYmluZXQvYWEycHAyL2FhMnBwLTExNDkzLXMxLTEuanBnPjwvYT48YnI+PGEgaHJlZj0iaHR0cDovL2ltYWdlLnJha3V0ZW4uY28uanAvb3V0bGV0c2hvZXMvY2FiaW5ldC9hYTJwcDIvYWEycHAtMTE0OTMtczItMi5qcGciIHRhcmdldD0iX2JsYW5rIj48aW1nIHNyYz1odHRwOi8vaW1hZ2UucmFrdXRlbi5jby5qcC9vdXRsZXRzaG9lcy9jYWJpbmV0L2FhMnBwMi9hYTJwcC0xMTQ5My1zMi0xLmpwZz48L2E+PGJyPjxhIGhyZWY9Imh0dHA6Ly9pbWFnZS5yYWt1dGVuLmNvLmpwL291dGxldHNob2VzL2NhYmluZXQvYWEycHAyL2FhMnBwLTExNDkzLXMzLTIuanBnIiB0YXJnZXQ9Il9ibGFuayI+PGltZyBzcmM9aHR0cDovL2ltYWdlLnJha3V0ZW4uY28uanAvb3V0bGV0c2hvZXMvY2FiaW5ldC9hYTJwcDIvYWEycHAtMTE0OTMtczMtMS5qcGc+PC9hPjxicj48YSBocmVmPSJodHRwOi8vaW1hZ2UucmFrdXRlbi5jby5qcC9vdXRsZXRzaG9lcy9jYWJpbmV0L2FhMnBwMi9hYTJwcC0xMTQ5My1zNC0yLmpwZyIgdGFyZ2V0PSJfYmxhbmsiPjxpbWcgc3JjPWh0dHA6Ly9pbWFnZS5yYWt1dGVuLmNvLmpwL291dGxldHNob2VzL2NhYmluZXQvYWEycHAyL2FhMnBwLTExNDkzLXM0LTEuanBnPjwvYT48YnI+PGEgaHJlZj0iaHR0cDovL2ltYWdlLnJha3V0ZW4uY28uanAvb3V0bGV0c2hvZXMvY2FiaW5ldC9hYTJwcDIvYWEycHAtMTE0OTMtczYtMi5qcGciIHRhcmdldD0iX2JsYW5rIj48aW1nIHNyYz1odHRwOi8vaW1hZ2UucmFrdXRlbi5jby5qcC9vdXRsZXRzaG9lcy9jYWJpbmV0L2FhMnBwMi9hYTJwcC0xMTQ5My1zNi0xLmpwZz48L2E+PGJyPjxpbWcgc3JjPWh0dHA6Ly9pbWFnZS5yYWt1dGVuLmNvLmpwL291dGxldHNob2VzL2NhYmluZXQvcHQvY29sb3IuZ2lmPjxicj48YnI+PGEgaHJlZj1odHRwOi8vaW1hZ2UucmFrdXRlbi5jby5qcC9vdXRsZXRzaG9lcy9jYWJpbmV0L2FhMnBwMi9hYTJwcC0xMTQ5My1jMS0yLmpwZyB0YXJnZXQ9X2JsYW5rPjxpbWcgc3JjPWh0dHA6Ly9pbWFnZS5yYWt1dGVuLmNvLmpwL291dGxldHNob2VzL2NhYmluZXQvYWEycHAyL2FhMnBwLTExNDkzLWMxLTEuanBnPjwvYT48YSBocmVmPWh0dHA6Ly9pbWFnZS5yYWt1dGVuLmNvLmpwL291dGxldHNob2VzL2NhYmluZXQvYWEycHAyL2FhMnBwLTExNDkzLWMyLTIuanBnIHRhcmdldD1fYmxhbms+PGltZyBzcmM9aHR0cDovL2ltYWdlLnJha3V0ZW4uY28uanAvb3V0bGV0c2hvZXMvY2FiaW5ldC9hYTJwcDIvYWEycHAtMTE0OTMtYzItMS5qcGc+PC9hPjxhIGhyZWY9aHR0cDovL2ltYWdlLnJha3V0ZW4uY28uanAvb3V0bGV0c2hvZXMvY2FiaW5ldC9hYTJwcDIvYWEycHAtMTE0OTMtYzMtMi5qcGcgdGFyZ2V0PV9ibGFuaz48aW1nIHNyYz1odHRwOi8vaW1hZ2UucmFrdXRlbi5jby5qcC9vdXRsZXRzaG9lcy9jYWJpbmV0L2FhMnBwMi9hYTJwcC0xMTQ5My1jMy0xLmpwZz48L2E+PGJyPjxicj48YSBocmVmPWh0dHA6Ly9pbWFnZS5yYWt1dGVuLmNvLmpwL291dGxldHNob2VzL2NhYmluZXQvYWEycHAyL2FhMnBwLTExNDkzLWM0LTIuanBnIHRhcmdldD1fYmxhbms+PGltZyBzcmM9aHR0cDovL2ltYWdlLnJha3V0ZW4uY28uanAvb3V0bGV0c2hvZXMvY2FiaW5ldC9hYTJwcDIvYWEycHAtMTE0OTMtYzQtMS5qcGc+PC9hPjxhIGhyZWY9aHR0cDovL2ltYWdlLnJha3V0ZW4uY28uanAvb3V0bGV0c2hvZXMvY2FiaW5ldC9hYTJwcDYvYWEycHAtMTE0OTMtYzUtMm4uanBnIHRhcmdldD1fYmxhbms+PGltZyBzcmM9aHR0cDovL2ltYWdlLnJha3V0ZW4uY28uanAvb3V0bGV0c2hvZXMvY2FiaW5ldC9hYTJwcDYvYWEycHAtMTE0OTMtYzUtMW4uanBnPjwvYT48YSBocmVmPWh0dHA6Ly9pbWFnZS5yYWt1dGVuLmNvLmpwL291dGxldHNob2VzL2NhYmluZXQvYWEycHAyL2FhMnBwLTExNDkzLWM2LTIuanBnIHRhcmdldD1fYmxhbms+PGltZyBzcmM9aHR0cDovL2ltYWdlLnJha3V0ZW4uY28uanAvb3V0bGV0c2hvZXMvY2FiaW5ldC9hYTJwcDIvYWEycHAtMTE0OTMtYzYtMS5qcGc+PC9hPjxicj48YnI+PGEgaHJlZj1odHRwOi8vaW1hZ2UucmFrdXRlbi5jby5qcC9vdXRsZXRzaG9lcy9jYWJpbmV0L2FhMnBwMi9hYTJwcC0xMTQ5My1jNy0yLmpwZyB0YXJnZXQ9X2JsYW5rPjxpbWcgc3JjPWh0dHA6Ly9pbWFnZS5yYWt1dGVuLmNvLmpwL291dGxldHNob2VzL2NhYmluZXQvYWEycHAyL2FhMnBwLTExNDkzLWM3LTEuanBnPjwvYT48YnI+PGJyPjxpbWcgc3JjPWh0dHA6Ly9pbWFnZS5yYWt1dGVuLmNvLmpwL291dGxldHNob2VzL2NhYmluZXQvcHQvY29sb3JfdHl1aS5naWY+PGJyPjxicj48YnI+PGltZyBzcmM9aHR0cDovL2ltYWdlLnJha3V0ZW4uY28uanAvb3V0bGV0c2hvZXMvY2FiaW5ldC9rb2t1Y2hpL2JlaWdlLXR5dS5qcGc+PGJyPjxicj48YnI+PGltZyBzcmM9aHR0cDovL2ltYWdlLnJha3V0ZW4uY28uanAvb3V0bGV0c2hvZXMvY2FiaW5ldC9wdC9pdGVtc3BlYy5naWY+PGJyPjxicj48aW1nIHNyYz1odHRwOi8vaW1hZ2UucmFrdXRlbi5jby5qcC9vdXRsZXRzaG9lcy9jYWJpbmV0L2FhMnBwMi9hYTJwcC0xMTQ5My1zcGVjLmdpZj48YnI+PGJyPjxicj48aW1nIHNyYz1odHRwOi8vaW1hZ2UucmFrdXRlbi5jby5qcC9vdXRsZXRzaG9lcy9jYWJpbmV0L3B0L2ZpdHRpbmcuZ2lmPjxicj48aW1nIHNyYz1odHRwOi8vaW1hZ2UucmFrdXRlbi5jby5qcC9vdXRsZXRzaG9lcy9jYWJpbmV0L2FhMnBwMi9hYTJwcC0xMTQ5My1maXR0aW5nLmdpZj48YnI+PGJyPjxkaXYgY2xhc3M9IktvbW9qaTEiPuKAu+OAgOi2s+OBruW9ouOChOWlveOBv+OBq+OBr+WAi+S6uuW3ruOBjOOBguOCiuOBvuOBmeOAguOBguOBj+OBvuOBp+OBsuOBqOOBpOOBruebruWuieOBqOOBl+OBpuOAgeOBlOWPguiAg+OBq+OBl+OBpuOBhOOBn+OBoOOBkeOCjOOBsOW5uOOBhOOBp+OBmeOAgjwvZGl2Pjxicj48YSBocmVmPSJodHRwOi8vaXRlbS5yYWt1dGVuLmNvLmpwL291dGxldHNob2VzL2MvMDAwMDAwMDUzNy8jc3RhZmYtc2l6ZSI+PGltZyBzcmM9aHR0cDovL2ltYWdlLnJha3V0ZW4uY28uanAvb3V0bGV0c2hvZXMvY2FiaW5ldC9wdC9zdGFmZmRhdGEuZ2lmPjwvYT48YnI+PGEgaHJlZj0iaHR0cDovL2l0ZW0ucmFrdXRlbi5jby5qcC9vdXRsZXRzaG9lcy9jLzAwMDAwMDA1MzcvI3NpemUta2Vpc29rdSI+PGltZyBzcmM9aHR0cDovL2ltYWdlLnJha3V0ZW4uY28uanAvb3V0bGV0c2hvZXMvY2FiaW5ldC9wdC9zaXplcG9pbnQuZ2lmPjwvYT48YnI+PGJyPjxicj48YnI+44CA44CA44CAPGltZyBzcmM9aHR0cDovL2ltYWdlLnJha3V0ZW4uY28uanAvb3V0bGV0c2hvZXMvY2FiaW5ldC9wdC90eXV1aS5naWY+PGJyPjxicj48YnI+PGJyPjxkaXYgY2xhc3M9ImtleS13YXJkLTAxIj7ilrzjgqLjgqTjg4bjg6Ag44Kt44O844Ov44O844OJPGJyPuODkeODs+ODl+OCuSDjg6zjg4fjgqPjg7zjgrkg44Op44Km44Oz44OJ44OI44KlIOOCueODiOODqeODg+ODlyDnl5vjgY/jgarjgYQg5q2p44GN44KE44GZ44GEIOODleODqeODg+ODiOODkuODvOODqyDjg63jg7zjg5Ljg7zjg6sg44G644Gf44KT44GTIOODmuOCv+ODs+OCsyDjgqjjg4rjg6Hjg6sgbWVudWUnIOODoeODjOOCqCDpu5Ig6LWkIOe0uuOAgCDjg5bjg6njg4Pjgq8g44ON44Kk44OT44O8IOOAkDIxLjDjgrvjg7Pjg4HjgrXjgqTjgrrjgJEg44CQMjFjbeOAkSDjgJAyMS4144K744Oz44OB44K144Kk44K644CRIOOAkDIxLjVjbeOAkSDjgJAyMi4w44K744Oz44OB44K144Kk44K644CRIOOAkDIyY23jgJEg44CQMjIuNeOCu+ODs+ODgeOCteOCpOOCuuOAkSDjgJAyMi41Y23jgJEg44CQMjMuMOOCu+ODs+ODgeOCteOCpOOCuuOAkSDjgJAyM2Nt44CRIOOAkDIzLjXjgrvjg7Pjg4HjgrXjgqTjgrrjgJEg44CQMjMuNWNt44CRIOOAkDI0LjDjgrvjg7Pjg4HjgrXjgqTjgrrjgJEg44CQMjRjbeOAkSDjgJAyNC4144K744Oz44OB44K144Kk44K644CRIOOAkDI0LjVjbeOAkSDjgJAyNS4w44K744Oz44OB44K144Kk44K644CRIOOAkDI1Y23jgJHjgIA8L2Rpdj48YnI+PGJyPjxicj48YnI+PGJyPjwvZGl2PiAgPGJyPjxicj48YSBocmVmPWh0dHA6Ly9pdGVtLnJha3V0ZW4uY28uanAvb3V0bGV0c2hvZXMvZ2lmdGtpdC8gdGFyZ2V0PV9ibGFuaz48aW1nIHNyYz1odHRwOi8vaW1hZ2UucmFrdXRlbi5jby5qcC9vdXRsZXRzaG9lcy9jYWJpbmV0L3B0L2dpZnRraXQuZ2lmPjwvYT48YnI+PGJyPjxicj48YnI+PGEgaHJlZj1odHRwOi8vaXRlbS5yYWt1dGVuLmNvLmpwL291dGxldHNob2VzL2MvMDAwMDAwMTAwNy8gdGFyZ2V0PV9ibGFuaz48aW1nIHNyYz1odHRwOi8vaW1hZ2UucmFrdXRlbi5jby5qcC9vdXRsZXRzaG9lcy9jYWJpbmV0L3B0L2luZm8ta291a2FuLmdpZj48L2E+PGJyPjxicj48YnI+PGJyPjxicj48YSBocmVmPSJodHRwOi8vd3d3LnJha3V0ZW4ubmUuanAvZ29sZC9vdXRsZXRzaG9lcy9yZWFycml2YWwtcmVxdWVzdC5odG1sIiB0YXJnZXQ9Il9ibGFuayI+PGltZyBzcmM9Imh0dHA6Ly9pbWFnZS5yYWt1dGVuLmNvLmpwL291dGxldHNob2VzL2NhYmluZXQvYmFubmVyL3JlX2Fycml2YWwuZ2lmIj48L2E+PGJyPjxicj48YnI+PGJyPjxicj48YnI+PCEtLVNBTEXnlKgtLT48YnI+PGJyPjxicj48YSBocmVmPSJodHRwOi8vd3d3LnJha3V0ZW4ubmUuanAvZ29sZC9vdXRsZXRzaG9lcy9hc3VfZ2FpeW91Lmh0bWwiPjxpbWcgc3JjPSJodHRwOi8vdGh1bWJuYWlsLmltYWdlLnJha3V0ZW4uY28uanAvQDBfbWFsbC9vdXRsZXRzaG9lcy9jYWJpbmV0L21haWwwMi9hc3VyYWt1LmdpZj9fZXg9NjUweDY1MCI+PC9hPjxicj48YnI+44CQ44Gv44GT44G944GZ5a++5b+c5ZWG5ZOB44CR44CQ5qW95aSpQk9Y5Y+X5Y+W5a++6LGh5ZWG5ZOB77yI44Os44OH44Kj44O844K544OV44Kh44OD44K344On44Oz77yJ44CRPGJyPjxicj4KPGZvbnQgc2l6ZT0yPuOAkOOCs+ODs+ODk+ODi+WPl+WPluWvvuW/nOWVhuWTgeOAkTwvZm9udD48dGFibGUgd2lkdGg9IjY1MCIgY2VsbHBhZGRpbmc9IjAiIGNlbGxzcGFjaW5nPSI1IiBib3JkZXI9IjAiPgo8dHI+Cjx0ZD48aW1nIHNyYz0iaHR0cDovL2ltYWdlLnJha3V0ZW4uY28uanAvb3V0bGV0c2hvZXMvY2FiaW5ldC9ldmVudC9zcF9iXzR0cmVuZC5qcGciIHdpZHRoPSIzMjAiPjwvdGQ+Cjx0ZD48aW1nIHNyYz0iaHR0cHM6Ly90aHVtYm5haWwuaW1hZ2UucmFrdXRlbi5jby5qcC9AMF9tYWxsL291dGxldHNob2VzL2NhYmluZXQvZXZlbnQvc3BfYl9lbmFtZWxwdW1wcy5qcGciIHdpZHRoPSIzMjAiPjwvdGQ+CjwvdHI+Cjx0cj4KPHRkPjxpbWcgc3JjPSJodHRwOi8vaW1hZ2UucmFrdXRlbi5jby5qcC9vdXRsZXRzaG9lcy9jYWJpbmV0L2V2ZW50L3NwX2Jfc3VtbWVyLmpwZyIgd2lkdGg9IjMyMCI+PC90ZD4KPHRkPjxpbWcgc3JjPSJodHRwOi8vaW1hZ2UucmFrdXRlbi5jby5qcC9vdXRsZXRzaG9lcy9jYWJpbmV0L2V2ZW50L3NwX2Jfc2VsZWN0MjQuanBnIiB3aWR0aD0iMzIwIj48L3RkPgo8L3RyPgo8L3RhYmxlPg==,44Ki44Oz44Kv44Or44K544OI44Op44OD44OXIOODqeOCpuODs+ODieODiOOCpSDjgqjjg4rjg6Hjg6sg44OV44Op44OD44OI44K344Ol44O844K6IOODkeODs+ODl+OCuSDnl5vjgY/jgarjgYQg5q2p44GN44KE44GZ44GEIDIwMTflpI8g5aSn44GN44GE44K144Kk44K6IOODlOODs+OCr+ODmeODvOOCuOODpSDosrfjgYTlm57jgoogfCDjg6zjg4fjgqPjg7zjgrkg6Z20IOOCueODiOODqeODg+ODlyDjgrnjg4jjg6njg4Pjg5fjg5Hjg7Pjg5fjgrkg44G644Gf44KT44GTIOODmuOCv+ODs+OCsyDljZLmpa3lvI8g44Ki44Km44OI44Os44OD44OI44K344Ol44O844K644GK6LK344GE54mp44Oe44Op44K944OzIOODnuODqeOCveODs++8muOCouOCpuODiOODrOODg+ODiOOCt+ODpeODvOOCuiBvdXRsZXRzaG9lcw==,6Z2044OR44Oz44OX44K544Ko44K544OR44OJ44Oq44O844Om44K144Oz44OA44Or5aSn44GN44GE44K144Kk44K65aSn44GN44GE6Z205bCP44GV44GE44K144Kk44K644K544OI44Op44OD44OX44OQ44Os44Ko44K344Ol44O844K655eb44GP44Gq44GEMjZjbeODreODvOODkuODvOODq+OCpuOCqOODg+OCuOOCveODvOODqzI3Y23jgq3jg4PjgroyMWNt44Os44OH44Kj44O844K5MjEuNWNt44OV44Op44OD44OI44K344Ol44O844K644Ki44Km44OI44Os44OD44OI44K344Ol44O844K644Ki44Oz44Kv44Or44K544OI44Op44OD44OXIOODqeOCpuODs+ODieODiOOCpSDjgqjjg4rjg6Hjg6sg44OV44Op44OD44OI44K344Ol44O844K6IOODkeODs+ODl+OCuSDnl5vjgY/jgarjgYQg5q2p44GN44KE44GZ44GEIDIwMTflpI8g5aSn44GN44GE44K144Kk44K6IOODlOODs+OCr+ODmeODvOOCuOODpSDosrfjgYTlm57jgoogfCDjg6zjg4fjgqPjg7zjgrkg6Z20IOOCueODiOODqeODg+ODlyDjgrnjg4jjg6njg4Pjg5fjg5Hjg7Pjg5fjgrkg44G644Gf44KT44GTIOODmuOCv+ODs+OCsyDljZLmpa3lvI8g44Ki44Km44OI44Os44OD44OI44K344Ol44O844K644GK6LK344GE54mp44Oe44Op44K944OzIOODnuODqeOCveODsw==,44K544OI44Op44OD44OX44OR44Oz44OX44K544Gr44CQ44Ko44OK44Oh44OrdmVyLuOAkeaWsOeZu+WgtO+8geOAguOCouODs+OCr+ODq+OCueODiOODqeODg+ODlyDjg6njgqbjg7Pjg4njg4jjgqUg44Ko44OK44Oh44OrIOODleODqeODg+ODiOOCt+ODpeODvOOCuiDjg5Hjg7Pjg5fjgrkg55eb44GP44Gq44GEIOatqeOBjeOChOOBmeOBhCAyMDE35aSPIOWkp+OBjeOBhOOCteOCpOOCuiDjg5Tjg7Pjgq/jg5njg7zjgrjjg6Ug6LK344GE5Zue44KKIHwg44Os44OH44Kj44O844K5IOmdtCDjgrnjg4jjg6njg4Pjg5cg44K544OI44Op44OD44OX44OR44Oz44OX44K5IOOBuuOBn+OCk+OBkyDjg5rjgr/jg7PjgrMg5Y2S5qWt5byPIOOCouOCpuODiOODrOODg+ODiOOCt+ODpeODvOOCuuOBiuiyt+OBhOeJqeODnuODqeOCveODsyDjg57jg6njgr3jg7M=[rn]
7-31687,aHR0cDovL3RzaG9wLnIxMHMuanAvb3V0bGV0c2hvZXMvY2FiaW5ldC9hYTFwcDIvYWExcHAtYTEwMTAxcl9tMC5qcGc/Zml0aW49NzAwOjcwMA==,MTkwNC4wMDAw,,6Z20ID4g44Os44OH44Kj44O844K56Z20ID4g44OR44Oz44OX44K5,5LuK5bm044KC55m75aC0IOWkp+S6uuawlyDjg6rjg5zjg7Pku5jjgY0g44Gq44KB44KJ44GLIOOCueOCqOODvOODiSDjg6njgqbjg7Pjg4njg4jjgqUg44OR44Oz44OX44K5IOeXm+OBj+OBquOBhCDmranjgY3jgoTjgZnjgYQg44Kk44Oz44Od44O844OI44K344Ol44O844K6IOWwj+OBleOBhOOCteOCpOOCuiDlpKfjgY3jgYTjgrXjgqTjgrog44OU44Oz44Kv44OZ44O844K444OlfOODrOODh+OCo+ODvOOCuSDjg6njgqbjg7Pjg4l844Ki44Km44OI44Os44OD44OI44K344Ol44O844K6IOmdtCDjg5Ljg7zjg6sg44Kw44Os44O8IOODmeODvOOCuOODpSDjgq3jg6Pjg6Hjg6vjgJAy6Laz44GnNDU4MOWGhuWvvuixoeOAkSDjg57jg6njgr3jg7M=,5aSn5Lq65Y+v5oSb44GE44Oq44Oc44Oz5LuY44GN44OR44Oz44OX44K5L+eXm+OBj+OBquOBhC/mranjgY3jgoTjgZnjgYQvbWVudSdl,PGRpdiBjbGFzcz1JdGVtUGFnZT48YnI+PGJyPjxicj48Y2VudGVyPjxpbWcgc3JjPWh0dHA6Ly9pbWFnZS5yYWt1dGVuLmNvLmpwL291dGxldHNob2VzL2NhYmluZXQvYWExcHAyL2FhMXBwLWExMDEwMXItMDAxLmpwZyBib3JkZXI9IjAiPjwvY2VudGVyPjxicj48YnI+PGJyPjxicj48YnI+PGJyPjxpbWcgc3JjPWh0dHA6Ly9pbWFnZS5yYWt1dGVuLmNvLmpwL291dGxldHNob2VzL2NhYmluZXQvcHQva29yZW1hZGVuby5naWY+PHRhYmxlIGFsaWduPWNlbnRlcj4gIDx0cj4gICAgPHRkPjxkaXYgY2xhc3M9c29rdXN1LW0+OSwwNTE8L2Rpdj4gICAgPC90ZD4gICAgICAgIDx0ZCB2YWxpZ249Ym90dG9tPjxkaXYgY2xhc3M9c29rdS1tPiAgICAgICAg6LazPC9kaXY+ICAgIDwvdGQ+ICA8L3RyPjwvdGFibGU+PGRpdiBjbGFzcz1zb3VrZWk+4oC7MjAxNi83LzE1IOaZgueCuSDjgrfjg6rjg7zjgrrnt4/oqIg8L2Rpdj48YnI+PGltZyBzcmM9aHR0cDovL2ltYWdlLnJha3V0ZW4uY28uanAvb3V0bGV0c2hvZXMvY2FiaW5ldC9wdC9va2FnZXNhbWEuZ2lmPjxicj48YnI+PGJyPjxicj48YnI+PGJyPjxjZW50ZXI+PGltZyBzcmM9aHR0cDovL2ltYWdlLnJha3V0ZW4uY28uanAvb3V0bGV0c2hvZXMvY2FiaW5ldC9hYTFwcDIvYWExcHAtYTEwMTAxci0wMDIuanBnPjxpbWcgc3JjPWh0dHA6Ly9pbWFnZS5yYWt1dGVuLmNvLmpwL291dGxldHNob2VzL2NhYmluZXQvYWExcHAyL2FhMXBwLWExMDEwMXItMDAzLmpwZz48aW1nIHNyYz1odHRwOi8vaW1hZ2UucmFrdXRlbi5jby5qcC9vdXRsZXRzaG9lcy9jYWJpbmV0L2FhMXBwMi9hYTFwcC1hMTAxMDFyLTAwNC5qcGc+PGltZyBzcmM9aHR0cDovL2ltYWdlLnJha3V0ZW4uY28uanAvb3V0bGV0c2hvZXMvY2FiaW5ldC9hYTFwcDIvYWExcHAtYTEwMTAxci0wMDUuanBnPjxpbWcgc3JjPWh0dHA6Ly9pbWFnZS5yYWt1dGVuLmNvLmpwL291dGxldHNob2VzL2NhYmluZXQvYWExcHAyL2FhMXBwLWExMDEwMXItMDA2LmpwZz48aW1nIHNyYz1odHRwOi8vaW1hZ2UucmFrdXRlbi5jby5qcC9vdXRsZXRzaG9lcy9jYWJpbmV0L2FhMXBwMi9hYTFwcC1hMTAxMDFyLTAwNy5qcGc+PGltZyBzcmM9aHR0cDovL2ltYWdlLnJha3V0ZW4uY28uanAvb3V0bGV0c2hvZXMvY2FiaW5ldC9hYTFwcDIvYWExcHAtYTEwMTAxci0wMDguanBnPjxpbWcgc3JjPWh0dHA6Ly9pbWFnZS5yYWt1dGVuLmNvLmpwL291dGxldHNob2VzL2NhYmluZXQvYWExcHAyL2FhMXBwLWExMDEwMXItMDA5LmpwZz48L2NlbnRlcj48YnI+PGJyPjxicj48YnI+PGltZyBzcmM9aHR0cDovL3d3dy5yYWt1dGVuLm5lLmpwL2dvbGQvb3V0bGV0c2hvZXMvcmV2aWV3LzEwMTAxLmdpZj48YnI+PGJyPjxicj48YnI+PGltZyBzcmM9aHR0cDovL2ltYWdlLnJha3V0ZW4uY28uanAvb3V0bGV0c2hvZXMvY2FiaW5ldC9wdC9kZXRhaWwyLmdpZj48YnI+PHRhYmxlIHdpZHRoPTY1MCBib3JkZXI9MCBjZWxscGFkZGluZz0xMCBjZWxsc3BhY2luZz0wPjx0ciBhbGlnbj1jZW50ZXIgdmFsaWduPXRvcD48dGQ+PGEgaHJlZj1odHRwOi8vd3d3LnJha3V0ZW4ubmUuanAvZ29sZC9vdXRsZXRzaG9lcy9pdGVtLWltYWdlL2FhMXBwL2FhMXBwLTEwMTAxLXMxLTIuanBnIHRhcmdldD1fYmxhbms+PGltZyBzcmM9aHR0cDovL3d3dy5yYWt1dGVuLm5lLmpwL2dvbGQvb3V0bGV0c2hvZXMvaXRlbS1pbWFnZS9hYTFwcC9hYTFwcC0xMDEwMS1zMS0xLmpwZyBib3JkZXI9MD48L2E+PC90ZD48dGQ+PGEgaHJlZj1odHRwOi8vd3d3LnJha3V0ZW4ubmUuanAvZ29sZC9vdXRsZXRzaG9lcy9pdGVtLWltYWdlL2FhMXBwL2FhMXBwLTEwMTAxLXMyLTIuanBnIHRhcmdldD1fYmxhbms+PGltZyBzcmM9aHR0cDovL3d3dy5yYWt1dGVuLm5lLmpwL2dvbGQvb3V0bGV0c2hvZXMvaXRlbS1pbWFnZS9hYTFwcC9hYTFwcC0xMDEwMS1zMi0xLmpwZyBib3JkZXI9MD48L2E+PC90ZD48L3RyPjx0ciBhbGlnbj1jZW50ZXIgdmFsaWduPXRvcD48dGQ+PGEgaHJlZj1odHRwOi8vd3d3LnJha3V0ZW4ubmUuanAvZ29sZC9vdXRsZXRzaG9lcy9pdGVtLWltYWdlL2FhMXBwL2FhMXBwLTEwMTAxLXMzLTIuanBnIHRhcmdldD1fYmxhbms+PGltZyBzcmM9aHR0cDovL3d3dy5yYWt1dGVuLm5lLmpwL2dvbGQvb3V0bGV0c2hvZXMvaXRlbS1pbWFnZS9hYTFwcC9hYTFwcC0xMDEwMS1zMy0xLmpwZyBib3JkZXI9MD48L2E+PC90ZD48dGQ+PGEgaHJlZj1odHRwOi8vd3d3LnJha3V0ZW4ubmUuanAvZ29sZC9vdXRsZXRzaG9lcy9pdGVtLWltYWdlL2FhMXBwL2FhMXBwLTEwMTAxLXM0LTIuanBnIHRhcmdldD1fYmxhbms+PGltZyBzcmM9aHR0cDovL3d3dy5yYWt1dGVuLm5lLmpwL2dvbGQvb3V0bGV0c2hvZXMvaXRlbS1pbWFnZS9hYTFwcC9hYTFwcC0xMDEwMS1zNC0xLmpwZyBib3JkZXI9MD48L2E+PC90ZD48L3RyPjx0ciBhbGlnbj1jZW50ZXIgdmFsaWduPXRvcD48dGQ+PGEgaHJlZj1odHRwOi8vd3d3LnJha3V0ZW4ubmUuanAvZ29sZC9vdXRsZXRzaG9lcy9pdGVtLWltYWdlL2FhMXBwL2FhMXBwLTEwMTAxLXM1LTIuanBnIHRhcmdldD1fYmxhbms+PGltZyBzcmM9aHR0cDovL3d3dy5yYWt1dGVuLm5lLmpwL2dvbGQvb3V0bGV0c2hvZXMvaXRlbS1pbWFnZS9hYTFwcC9hYTFwcC0xMDEwMS1zNS0xLmpwZyBib3JkZXI9MD48L2E+PC90ZD48dGQ+PGEgaHJlZj1odHRwOi8vd3d3LnJha3V0ZW4ubmUuanAvZ29sZC9vdXRsZXRzaG9lcy9pdGVtLWltYWdlL2FhMXBwL2FhMXBwLTEwMTAxLXM2LTIuanBnIHRhcmdldD1fYmxhbms+PGltZyBzcmM9aHR0cDovL3d3dy5yYWt1dGVuLm5lLmpwL2dvbGQvb3V0bGV0c2hvZXMvaXRlbS1pbWFnZS9hYTFwcC9hYTFwcC0xMDEwMS1zNi0xLmpwZyBib3JkZXI9MD48L2E+PC90ZD48L3RyPjwvdGFibGU+PGRpdiBzdHlsZT0iaGVpZ2h0OjYwcHgiPjwvZGl2PjxkaXYgc3R5bGU9ImhlaWdodDo2MHB4Ij48L2Rpdj48aW1nIHNyYz1odHRwOi8vaW1hZ2UucmFrdXRlbi5jby5qcC9vdXRsZXRzaG9lcy9jYWJpbmV0L3B0L2NvbG9yMi5naWY+PGJyPjx0YWJsZSB3aWR0aD02MzAgYm9yZGVyPTAgY2VsbHNwYWNpbmc9NSBzdHlsZT0ibGluZS1oZWlnaHQ6IDE2cHg7IEZPTlQtU0laRTogMTJweDsgY29sb3I6ICMzMzMzMzM7Ij48dHIgYWxpZ249Y2VudGVyIHZhbGlnbj10b3AgaGVpZ2h0PTE4MD48dGQ+PGEgaHJlZj1odHRwOi8vaW1hZ2UucmFrdXRlbi5jby5qcC9vdXRsZXRzaG9lcy9jYWJpbmV0L2FhMXBwL2FhMXBwLWExMDEwMS1jMS0yLmpwZyB0YXJnZXQ9X2JsYW5rPjxpbWcgc3JjPWh0dHA6Ly9pbWFnZS5yYWt1dGVuLmNvLmpwL291dGxldHNob2VzL2NhYmluZXQvYWExcHAvYWExcHAtYTEwMTAxLWMxLTEuanBnIGJvcmRlcj0wPjxicj7jg5njg7zjgrjjg6Xjg5Tjg7Pjgq88L2E+PC90ZD48dGQ+PGEgaHJlZj1odHRwOi8vaW1hZ2UucmFrdXRlbi5jby5qcC9vdXRsZXRzaG9lcy9jYWJpbmV0L2FhMXBwL2FhMXBwLWExMDEwMS1jMi0yLmpwZyB0YXJnZXQ9X2JsYW5rPjxpbWcgc3JjPWh0dHA6Ly9pbWFnZS5yYWt1dGVuLmNvLmpwL291dGxldHNob2VzL2NhYmluZXQvYWExcHAvYWExcHAtYTEwMTAxLWMyLTEuanBnIGJvcmRlcj0wPjxicj7jg5bjg6vjg7zjgrDjg6rjg7zjg7M8L2E+PC90ZD48dGQ+PGEgaHJlZj1odHRwOi8vd3d3LnJha3V0ZW4ubmUuanAvZ29sZC9vdXRsZXRzaG9lcy9pdGVtLWltYWdlL2FhMXBwL2FhMXBwLTEwMTAxLWM0LTIuanBnIHRhcmdldD1fYmxhbms+PGltZyBzcmM9aHR0cDovL3d3dy5yYWt1dGVuLm5lLmpwL2dvbGQvb3V0bGV0c2hvZXMvaXRlbS1pbWFnZS9hYTFwcC9hYTFwcC0xMDEwMS1jNC0xLmpwZyBib3JkZXI9MD48YnI+44Kt44Oj44Oh44OrPC9hPjwvdGQ+PC90cj48dHIgYWxpZ249Y2VudGVyIHZhbGlnbj10b3AgaGVpZ2h0PTE4MD48dGQ+PGEgaHJlZj1odHRwOi8vd3d3LnJha3V0ZW4ubmUuanAvZ29sZC9vdXRsZXRzaG9lcy9pdGVtLWltYWdlL2FhMXBwL2FhMXBwLTEwMTAxLWMxLTIuanBnIHRhcmdldD1fYmxhbms+PGltZyBzcmM9aHR0cDovL3d3dy5yYWt1dGVuLm5lLmpwL2dvbGQvb3V0bGV0c2hvZXMvaXRlbS1pbWFnZS9hYTFwcC9hYTFwcC0xMDEwMS1jMS0xLmpwZyBib3JkZXI9MD48YnI+44Kw44Os44O8PC9hPjwvdGQ+PHRkPjxhIGhyZWY9aHR0cDovL3d3dy5yYWt1dGVuLm5lLmpwL2dvbGQvb3V0bGV0c2hvZXMvaXRlbS1pbWFnZS9hYTFwcC9hYTFwcC0xMDEwMS1jMi0yLmpwZyB0YXJnZXQ9X2JsYW5rPjxpbWcgc3JjPWh0dHA6Ly93d3cucmFrdXRlbi5uZS5qcC9nb2xkL291dGxldHNob2VzL2l0ZW0taW1hZ2UvYWExcHAvYWExcHAtMTAxMDEtYzItMS5qcGcgYm9yZGVyPTA+PGJyPuOCsOODrOODvOODmeODvOOCuOODpTwvYT48L3RkPjx0ZD48YSBocmVmPWh0dHA6Ly93d3cucmFrdXRlbi5uZS5qcC9nb2xkL291dGxldHNob2VzL2l0ZW0taW1hZ2UvYWExcHAvYWExcHAtMTAxMDEtYzYtMi5qcGcgdGFyZ2V0PV9ibGFuaz48aW1nIHNyYz1odHRwOi8vd3d3LnJha3V0ZW4ubmUuanAvZ29sZC9vdXRsZXRzaG9lcy9pdGVtLWltYWdlL2FhMXBwL2FhMXBwLTEwMTAxLWM2LTEuanBnIGJvcmRlcj0wPjxicj7jg6Ljgqvjg5bjg6njgqbjg7M8L2E+PC90ZD48L3RyPjx0ciBhbGlnbj1jZW50ZXIgdmFsaWduPXRvcCBoZWlnaHQ9MTgwPjx0ZD48YSBocmVmPWh0dHA6Ly93d3cucmFrdXRlbi5uZS5qcC9nb2xkL291dGxldHNob2VzL2l0ZW0taW1hZ2UvYWExcHAvYWExcHAtMTAxMDEtYzMtMi5qcGcgdGFyZ2V0PV9ibGFuaz48aW1nIHNyYz1odHRwOi8vd3d3LnJha3V0ZW4ubmUuanAvZ29sZC9vdXRsZXRzaG9lcy9pdGVtLWltYWdlL2FhMXBwL2FhMXBwLTEwMTAxLWMzLTEuanBnIGJvcmRlcj0wPjxicj7jgqrjg7zjgq88L2E+PC90ZD48dGQ+PGEgaHJlZj1odHRwOi8vd3d3LnJha3V0ZW4ubmUuanAvZ29sZC9vdXRsZXRzaG9lcy9pdGVtLWltYWdlL2FhMXBwL2FhMXBwLTEwMTAxLWM1LTIuanBnIHRhcmdldD1fYmxhbms+PGltZyBzcmM9aHR0cDovL3d3dy5yYWt1dGVuLm5lLmpwL2dvbGQvb3V0bGV0c2hvZXMvaXRlbS1pbWFnZS9hYTFwcC9hYTFwcC0xMDEwMS1jNS0xLmpwZyBib3JkZXI9MD48YnI+44OR44O844OX44OrPC9hPjwvdGQ+PC90YWJsZT48ZGl2IHN0eWxlPSJoZWlnaHQ6NjBweCI+PC9kaXY+44CA44CAPGltZyBzcmM9aHR0cDovL2ltYWdlLnJha3V0ZW4uY28uanAvb3V0bGV0c2hvZXMvY2FiaW5ldC9hYTFwcC9hYTFwcC1hMTAxMDEtc3BlYy5naWY+PGJyPjxicj48YnI+44CA44CAPGltZyBzcmM9aHR0cDovL2ltYWdlLnJha3V0ZW4uY28uanAvb3V0bGV0c2hvZXMvY2FiaW5ldC9wdC90eXV1aS5naWY+PGJyPjxicj48YnI+PGZvbnQgc3R5bGU9ImZvbnQtc2l6ZToxMHB4OyBjb2xvcjojNTU1NTU1OyBsaW5lLWhlaWdodDoxMnB0OyBsZXR0ZXItc3BhY2luZzoxcHg7IHRleHQtYWxpZ246bGVmdDsiPuOAgOOAkOOCreODvOODr+ODvOODieOAkeODkeODs+ODl+OCuS/lpKrjg5Ljg7zjg6sv44Kz44O844Oz44OS44O844OrL+ODqeOCpuODs+ODieODiOOCpS/jg6rjg5zjg7Mv57SrL+ODmeODvOOCuOODpS/nl5vjgY/jgarjgYQv5q2p44GN44KE44GZ44GEL+ODn+ODieODq+ODkuODvOODqzxicj7jgIDjgIDlpKfjgY3jgYTjgrXjgqTjgrov5bCP44GV44GE44K144Kk44K6L+eXm+OBj+OBquOBhC/jg6zjg4fjgqPjg7zjgrkvbWVudSdlL+ODoeODjOOCqC/jgrnjgqjjg7zjg4k8L2ZvbnQ+PGJyPjxicj48YnI+PGRpdiBzdHlsZT0iaGVpZ2h0OjYwcHgiPjwvZGl2PjxhIGhyZWY9aHR0cDovL2l0ZW0ucmFrdXRlbi5jby5qcC9vdXRsZXRzaG9lcy9jLzAwMDAwMDA1MzcvIHRhcmdldD0iX2JsYW5rIj48aW1nIHNyYz1odHRwOi8vaW1hZ2UucmFrdXRlbi5jby5qcC9vdXRsZXRzaG9lcy9jYWJpbmV0L3B0L3N0YWZmLWZpdHRpbmczLmdpZiBib3JkZXI9MD48L2E+PGJyPjxpbWcgc3JjPWh0dHA6Ly9pbWFnZS5yYWt1dGVuLmNvLmpwL291dGxldHNob2VzL2NhYmluZXQvYWExcHAvYWExcHAtYTEwMTAxLWZpdC5naWY+PGJyPjxicj48YnI+PGEgaHJlZj1odHRwOi8vaXRlbS5yYWt1dGVuLmNvLmpwL291dGxldHNob2VzL2dpZnRraXQvIHRhcmdldD1fYmxhbms+PGltZyBzcmM9aHR0cDovL2ltYWdlLnJha3V0ZW4uY28uanAvb3V0bGV0c2hvZXMvY2FiaW5ldC9wdC9naWZ0a2l0LmdpZj48L2E+PGJyPjxicj48YnI+PGEgaHJlZj1odHRwOi8vaXRlbS5yYWt1dGVuLmNvLmpwL291dGxldHNob2VzL2MvMDAwMDAwMTAwNy8gdGFyZ2V0PV9ibGFuaz48aW1nIHNyYz1odHRwOi8vaW1hZ2UucmFrdXRlbi5jby5qcC9vdXRsZXRzaG9lcy9jYWJpbmV0L3B0L2luZm8ta291a2FuLmdpZj48L2E+PGJyPjxicj48YnI+PCEtLVNBTEXnlKgtLT48YnI+PGJyPjxicj48YSBocmVmPSJodHRwOi8vd3d3LnJha3V0ZW4ubmUuanAvZ29sZC9vdXRsZXRzaG9lcy9hc3VfZ2FpeW91Lmh0bWwiPjxpbWcgc3JjPSJodHRwOi8vdGh1bWJuYWlsLmltYWdlLnJha3V0ZW4uY28uanAvQDBfbWFsbC9vdXRsZXRzaG9lcy9jYWJpbmV0L21haWwwMi9hc3VyYWt1LmdpZj9fZXg9NjUweDY1MCI+PC9hPjxicj48YnI+PGJyPjxhIGhyZWY9Imh0dHA6Ly9pdGVtLnJha3V0ZW4uY28uanAvb3V0bGV0c2hvZXMvYy8wMDAwMDAxNjg1LyI+PGltZyBzcmM9Imh0dHA6Ly9pbWFnZS5yYWt1dGVuLmNvLmpwL291dGxldHNob2VzL2NhYmluZXQvYWExcHAyL2FhMXBwLWExMDEwMXItMDEwLmpwZz9fZXg9NjUweDY1MCI+PC9hPjxicj48YnI+PGJyPjxicj7jgJDjga/jgZPjgb3jgZnlr77lv5zllYblk4HjgJHjgJDmpb3lpKlCT1jlj5flj5blr77osaHllYblk4HvvIjjg6zjg4fjgqPjg7zjgrnjg5XjgqHjg4Pjgrfjg6fjg7PvvInjgJE8YnI+PGJyPgo8Zm9udCBzaXplPTI+44CQ44Kz44Oz44OT44OL5Y+X5Y+W5a++5b+c5ZWG5ZOB44CRPC9mb250Pjx0YWJsZSB3aWR0aD0iNjUwIiBjZWxscGFkZGluZz0iMCIgY2VsbHNwYWNpbmc9IjUiIGJvcmRlcj0iMCI+Cjx0cj4KPHRkPjxpbWcgc3JjPSJodHRwOi8vaW1hZ2UucmFrdXRlbi5jby5qcC9vdXRsZXRzaG9lcy9jYWJpbmV0L2V2ZW50L3NwX2JfNHRyZW5kLmpwZyIgd2lkdGg9IjMyMCI+PC90ZD4KPHRkPjxpbWcgc3JjPSJodHRwczovL3RodW1ibmFpbC5pbWFnZS5yYWt1dGVuLmNvLmpwL0AwX21hbGwvb3V0bGV0c2hvZXMvY2FiaW5ldC9ldmVudC9zcF9iX2VuYW1lbHB1bXBzLmpwZyIgd2lkdGg9IjMyMCI+PC90ZD4KPC90cj4KPHRyPgo8dGQ+PGltZyBzcmM9Imh0dHA6Ly9pbWFnZS5yYWt1dGVuLmNvLmpwL291dGxldHNob2VzL2NhYmluZXQvZXZlbnQvc3BfYl9zdW1tZXIuanBnIiB3aWR0aD0iMzIwIj48L3RkPgo8dGQ+PGltZyBzcmM9Imh0dHA6Ly9pbWFnZS5yYWt1dGVuLmNvLmpwL291dGxldHNob2VzL2NhYmluZXQvZXZlbnQvc3BfYl9zZWxlY3QyNC5qcGciIHdpZHRoPSIzMjAiPjwvdGQ+CjwvdHI+CjwvdGFibGU+,5LuK5bm044KC55m75aC0IOWkp+S6uuawlyDjg6rjg5zjg7Pku5jjgY0g44Gq44KB44KJ44GLIOOCueOCqOODvOODiSDjg6njgqbjg7Pjg4njg4jjgqUg44OR44Oz44OX44K5IOeXm+OBj+OBquOBhCDmranjgY3jgoTjgZnjgYQg44Kk44Oz44Od44O844OI44K344Ol44O844K6IOWwj+OBleOBhOOCteOCpOOCuiDlpKfjgY3jgYTjgrXjgqTjgrog44OU44Oz44Kv44OZ44O844K444OlfOODrOODh+OCo+ODvOOCuSDjg6njgqbjg7Pjg4l844Ki44Km44OI44Os44OD44OI44K344Ol44O844K6IOmdtCDjg5Ljg7zjg6sg44Kw44Os44O8IOODmeODvOOCuOODpSDjgq3jg6Pjg6Hjg6vjgJAy6Laz44GnNDU4MOWGhuWvvuixoeOAkSDjg57jg6njgr3jg7PvvJrjgqLjgqbjg4jjg6zjg4Pjg4jjgrfjg6Xjg7zjgrogb3V0bGV0c2hvZXM=,6Z2044OR44Oz44OX44K544Ko44K544OR44OJ44Oq44O844Om44K144Oz44OA44Or5aSn44GN44GE44K144Kk44K65aSn44GN44GE6Z205bCP44GV44GE44K144Kk44K644K544OI44Op44OD44OX44OQ44Os44Ko44K344Ol44O844K655eb44GP44Gq44GEMjZjbeODreODvOODkuODvOODq+OCpuOCqOODg+OCuOOCveODvOODqzI3Y23jgq3jg4PjgroyMWNt44Os44OH44Kj44O844K5MjEuNWNt44OV44Op44OD44OI44K344Ol44O844K644Ki44Km44OI44Os44OD44OI44K344Ol44O844K65LuK5bm044KC55m75aC0IOWkp+S6uuawlyDjg6rjg5zjg7Pku5jjgY0g44Gq44KB44KJ44GLIOOCueOCqOODvOODiSDjg6njgqbjg7Pjg4njg4jjgqUg44OR44Oz44OX44K5IOeXm+OBj+OBquOBhCDmranjgY3jgoTjgZnjgYQg44Kk44Oz44Od44O844OI44K344Ol44O844K6IOWwj+OBleOBhOOCteOCpOOCuiDlpKfjgY3jgYTjgrXjgqTjgrog44OU44Oz44Kv44OZ44O844K444OlfOODrOODh+OCo+ODvOOCuSDjg6njgqbjg7Pjg4l844Ki44Km44OI44Os44OD44OI44K344Ol44O844K6IOmdtCDjg5Ljg7zjg6sg44Kw44Os44O8IOODmeODvOOCuOODpSDjgq3jg6Pjg6Hjg6vjgJAy6Laz44GnNDU4MOWGhuWvvuixoeOAkSDjg57jg6njgr3jg7M=,5aSn5Lq65Y+v5oSb44GE44Oq44Oc44Oz5LuY44GN44OR44Oz44OX44K5L+eXm+OBj+OBquOBhC/mranjgY3jgoTjgZnjgYQvbWVudSdl44CC5LuK5bm044KC55m75aC0IOWkp+S6uuawlyDjg6rjg5zjg7Pku5jjgY0g44Gq44KB44KJ44GLIOOCueOCqOODvOODiSDjg6njgqbjg7Pjg4njg4jjgqUg44OR44Oz44OX44K5IOeXm+OBj+OBquOBhCDmranjgY3jgoTjgZnjgYQg44Kk44Oz44Od44O844OI44K344Ol44O844K6IOWwj+OBleOBhOOCteOCpOOCuiDlpKfjgY3jgYTjgrXjgqTjgrog44OU44Oz44Kv44OZ44O844K444OlfOODrOODh+OCo+ODvOOCuSDjg6njgqbjg7Pjg4l844Ki44Km44OI44Os44OD44OI44K344Ol44O844K6IOmdtCDjg5Ljg7zjg6sg44Kw44Os44O8IOODmeODvOOCuOODpSDjgq3jg6Pjg6Hjg6vjgJAy6Laz44GnNDU4MOWGhuWvvuixoeOAkSDjg57jg6njgr3jg7M=[rn]
7-31688,aHR0cDovL3RzaG9wLnIxMHMuanAvb3V0bGV0c2hvZXMvY2FiaW5ldC9wb3dlcmRvLzkzL2FhMXBwLWExMTg5M18xLmpwZz9maXRpbj03MDA6NzAw,MTkwNC4wMDAw,,6Z20ID4g44Os44OH44Kj44O844K56Z20ID4g44OR44Oz44OX44K5,44CQ5Zyo5bqr6ZmQ44KK44CR4pa844Ki44Oz44Kv44Or44K544OI44Op44OD44OX5LuY44GNIOOCueOCqOODvOODiSDjg5Xjg6njg4Pjg4jjgrfjg6Xjg7zjgrov44OR44Oz44OX44K5L+eXm+OBj+OBquOBhC/lsI/jgZXjgYTjgrXjgqTjgrov5aSn44GN44GE44K144Kk44K64omq5a6F6YWN5L6/44Gu44G/4omrIDIwMTflpI8g44CQ44GC44GZ5qW9IOWvvuW/nOOAkSDjg6njgqbjg7Pjg4njg4jjgqUg6LK344GE5Zue44KKIOODqeOCr+ODgeODsyDjgrPjg7zjg4cg44Ki44Km44OI44Os44OD44OI44K344Ol44O844K644GK6LK344GE54mp44Oe44Op44K944OzIOODnuODqeOCveODsw==,5aWz5oCn44KJ44GX44GV44KS5ryU5Ye677yB44K544OI44Op44OD44OX44OR44Oz44OX44K5L+OBuuOBn+OCk+OBky/jg6zjg4fjgqPjg7zjgrk=,PGltZyBzcmM9aHR0cDovL2ltYWdlLnJha3V0ZW4uY28uanAvb3V0bGV0c2hvZXMvY2FiaW5ldC9hYTFwcC9hYTFwcC1hMTE4OTMtMDAxLmpwZz48YnI+PGJyPjxicj48Zm9udCBzdHlsZT0iZm9udC1zaXplOjExcHg7IGNvbG9yOiM1NTU1NTU7IGxpbmUtaGVpZ2h0OjEzcHQ7IGxldHRlci1zcGFjaW5nOjAuNnB4OyB0ZXh0LWFsaWduOmxlZnQ7Ij7jgIDjgIDnnYDnlKjjgqvjg6njg7wg44CA44Oc44Or44OJ44O844CA44CA44Oi44OH44Or6Lqr6ZW357SEMTYyY208YnI+PGJyPjxicj7jg6Ljg4fjg6vnlLvlg4/jga/jgqTjg6Hjg7zjgrjjgafjgZnjgILlrp/pmpvjga7llYblk4Hjgavov5HjgYTjgYroibLjga/llYblk4HljZjkvZPjga7jgqvjg6njg7zntLnku4vnlLvlg4/jgpLjgZTnorroqo3jgY/jgaDjgZXjgYTjgII8L2ZvbnQ+PGJyPjxicj48aW1nIHNyYz1odHRwOi8vaW1hZ2UucmFrdXRlbi5jby5qcC9vdXRsZXRzaG9lcy9jYWJpbmV0L2FhMXBwL2FhMXBwLWExMTg5My0wMS5qcGc+PGJyPjxicj48IS0t44CA6Ieq56S+44OW44Op44Oz44OJ44OQ44OK44O844CALS0+PGltZyBzcmM9aHR0cDovL2ltYWdlLnJha3V0ZW4uY28uanAvb3V0bGV0c2hvZXMvY2FiaW5ldC9wdC9uZXdjb2xvci0xLmdpZj48YnI+PGJyPjxkaXYgYWxpZ249ImNlbnRlciI+PGltZyBzcmM9aHR0cDovL2ltYWdlLnJha3V0ZW4uY28uanAvb3V0bGV0c2hvZXMvY2FiaW5ldC9hYTFwcC9hYTFwcC1hMTE4OTMtYzYtMS5qcGc+PC9hPjwvZGl2Pjxicj48YnI+PGJyPjxicj48YnI+PGltZyBzcmM9aHR0cDovL2ltYWdlLnJha3V0ZW4uY28uanAvb3V0bGV0c2hvZXMvY2FiaW5ldC9wdC9vcmlnaW5hbGJsYW5kLmdpZj48YnI+PGltZyBzcmM9aHR0cDovL2ltYWdlLnJha3V0ZW4uY28uanAvb3V0bGV0c2hvZXMvY2FiaW5ldC9wdC9tb29pbW9vaS1ibGFuZC5naWY+PGJyPjxicj48YnI+PGJyPjxpbWcgc3JjPWh0dHA6Ly9pbWFnZS5yYWt1dGVuLmNvLmpwL291dGxldHNob2VzL2NhYmluZXQvcHQvcHQtbWlkYXNpMi5naWY+PGJyPjxicj48aW1nIHNyYz1odHRwOi8vaW1hZ2UucmFrdXRlbi5jby5qcC9vdXRsZXRzaG9lcy9jYWJpbmV0L2FhMXBwL2FhMXBwLWExMTg5My1wdDEuanBnPjxicj48YnI+PGltZyBzcmM9aHR0cDovL2ltYWdlLnJha3V0ZW4uY28uanAvb3V0bGV0c2hvZXMvY2FiaW5ldC9hYTFwcC9hYTFwcC1hMTE4OTMtcHQyLmpwZz48YnI+PGJyPjxpbWcgc3JjPWh0dHA6Ly9pbWFnZS5yYWt1dGVuLmNvLmpwL291dGxldHNob2VzL2NhYmluZXQvYWExcHAvYWExcHAtYTExODkzLXB0My5qcGc+PGJyPjxicj48aW1nIHNyYz1odHRwOi8vaW1hZ2UucmFrdXRlbi5jby5qcC9vdXRsZXRzaG9lcy9jYWJpbmV0L2FhMXBwL2FhMXBwLWExMTg5My1wdDQuanBnPjxicj48YnI+PGRpdiBzdHlsZT0iaGVpZ2h0OjYwcHgiPjwvZGl2PjxpbWcgc3JjPWh0dHA6Ly9pbWFnZS5yYWt1dGVuLmNvLmpwL291dGxldHNob2VzL2NhYmluZXQvcHQvZGV0YWlsMi5naWY+PGJyPjx0YWJsZSB3aWR0aD02NTAgYm9yZGVyPTAgY2VsbHBhZGRpbmc9MTAgY2VsbHNwYWNpbmc9MD48dHIgYWxpZ249Y2VudGVyIHZhbGlnbj10b3A+PHRkPjxhIGhyZWY9aHR0cDovL2ltYWdlLnJha3V0ZW4uY28uanAvb3V0bGV0c2hvZXMvY2FiaW5ldC9hYTFwcC9hYTFwcC1hMTE4OTMtczEtMi5qcGcgdGFyZ2V0PV9ibGFuaz48aW1nIHNyYz1odHRwOi8vaW1hZ2UucmFrdXRlbi5jby5qcC9vdXRsZXRzaG9lcy9jYWJpbmV0L2FhMXBwL2FhMXBwLWExMTg5My1zMS0xLmpwZyBib3JkZXI9MD48L2E+PC90ZD48dGQ+PGEgaHJlZj1odHRwOi8vaW1hZ2UucmFrdXRlbi5jby5qcC9vdXRsZXRzaG9lcy9jYWJpbmV0L2FhMXBwL2FhMXBwLWExMTg5My1zMi0yLmpwZyB0YXJnZXQ9X2JsYW5rPjxpbWcgc3JjPWh0dHA6Ly9pbWFnZS5yYWt1dGVuLmNvLmpwL291dGxldHNob2VzL2NhYmluZXQvYWExcHAvYWExcHAtYTExODkzLXMyLTEuanBnIGJvcmRlcj0wPjwvYT48L3RkPjwvdHI+PHRyIGFsaWduPWNlbnRlciB2YWxpZ249dG9wPjx0ZD48YSBocmVmPWh0dHA6Ly9pbWFnZS5yYWt1dGVuLmNvLmpwL291dGxldHNob2VzL2NhYmluZXQvYWExcHAvYWExcHAtYTExODkzLXMzLTIuanBnIHRhcmdldD1fYmxhbms+PGltZyBzcmM9aHR0cDovL2ltYWdlLnJha3V0ZW4uY28uanAvb3V0bGV0c2hvZXMvY2FiaW5ldC9hYTFwcC9hYTFwcC1hMTE4OTMtczMtMS5qcGcgYm9yZGVyPTA+PC9hPjwvdGQ+PHRkPjxhIGhyZWY9aHR0cDovL2ltYWdlLnJha3V0ZW4uY28uanAvb3V0bGV0c2hvZXMvY2FiaW5ldC9hYTFwcC9hYTFwcC1hMTE4OTMtczQtMi5qcGcgdGFyZ2V0PV9ibGFuaz48aW1nIHNyYz1odHRwOi8vaW1hZ2UucmFrdXRlbi5jby5qcC9vdXRsZXRzaG9lcy9jYWJpbmV0L2FhMXBwL2FhMXBwLWExMTg5My1zNC0xLmpwZyBib3JkZXI9MD48L2E+PC90ZD48L3RyPjx0ciBhbGlnbj1jZW50ZXIgdmFsaWduPXRvcD48dGQ+PGEgaHJlZj1odHRwOi8vaW1hZ2UucmFrdXRlbi5jby5qcC9vdXRsZXRzaG9lcy9jYWJpbmV0L2FhMXBwL2FhMXBwLWExMTg5My1zNS0yLmpwZyB0YXJnZXQ9X2JsYW5rPjxpbWcgc3JjPWh0dHA6Ly9pbWFnZS5yYWt1dGVuLmNvLmpwL291dGxldHNob2VzL2NhYmluZXQvYWExcHAvYWExcHAtYTExODkzLXM1LTEuanBnIGJvcmRlcj0wPjwvYT48L3RkPjx0ZD48YSBocmVmPWh0dHA6Ly9pbWFnZS5yYWt1dGVuLmNvLmpwL291dGxldHNob2VzL2NhYmluZXQvYWExcHAvYWExcHAtYTExODkzLXM2LTIuanBnIHRhcmdldD1fYmxhbms+PGltZyBzcmM9aHR0cDovL2ltYWdlLnJha3V0ZW4uY28uanAvb3V0bGV0c2hvZXMvY2FiaW5ldC9hYTFwcC9hYTFwcC1hMTE4OTMtczYtMS5qcGcgYm9yZGVyPTA+PC9hPjwvdGQ+PC90cj48L3RhYmxlPjxkaXYgc3R5bGU9ImhlaWdodDo2MHB4Ij48L2Rpdj48aW1nIHNyYz1odHRwOi8vaW1hZ2UucmFrdXRlbi5jby5qcC9vdXRsZXRzaG9lcy9jYWJpbmV0L3B0L2NvbG9yMi5naWY+PGJyPjxicj48dGFibGUgd2lkdGg9NjMwIGJvcmRlcj0wIGNlbGxzcGFjaW5nPTUgc3R5bGU9ImxpbmUtaGVpZ2h0OiAxNnB4OyBGT05ULVNJWkU6IDEycHg7IGNvbG9yOiAjMzMzMzMzOyI+PHRyIGFsaWduPWNlbnRlciB2YWxpZ249dG9wIGhlaWdodD0xODA+PHRkPjxhIGhyZWY9aHR0cDovL2ltYWdlLnJha3V0ZW4uY28uanAvb3V0bGV0c2hvZXMvY2FiaW5ldC9hYTFwcC9hYTFwcC1hMTE4OTMtYzEtMi5qcGcgdGFyZ2V0PV9ibGFuaz48aW1nIHNyYz1odHRwOi8vaW1hZ2UucmFrdXRlbi5jby5qcC9vdXRsZXRzaG9lcy9jYWJpbmV0L2FhMXBwL2FhMXBwLWExMTg5My1jMS0xLmpwZyBib3JkZXI9MD48L2E+PC90ZD48dGQ+PGEgaHJlZj1odHRwOi8vaW1hZ2UucmFrdXRlbi5jby5qcC9vdXRsZXRzaG9lcy9jYWJpbmV0L2FhMXBwL2FhMXBwLWExMTg5My1jNy0yLmpwZyB0YXJnZXQ9X2JsYW5rPjxpbWcgc3JjPWh0dHA6Ly9pbWFnZS5yYWt1dGVuLmNvLmpwL291dGxldHNob2VzL2NhYmluZXQvYWExcHAvYWExcHAtYTExODkzLWM3LTEuanBnIGJvcmRlcj0wPjwvYT48L3RkPjx0ZD48YSBocmVmPWh0dHA6Ly9pbWFnZS5yYWt1dGVuLmNvLmpwL291dGxldHNob2VzL2NhYmluZXQvYWExcHAvYWExcHAtYTExODkzLWMyLTIuanBnIHRhcmdldD1fYmxhbms+PGltZyBzcmM9aHR0cDovL2ltYWdlLnJha3V0ZW4uY28uanAvb3V0bGV0c2hvZXMvY2FiaW5ldC9hYTFwcC9hYTFwcC1hMTE4OTMtYzItMS5qcGcgYm9yZGVyPTA+PC9hPjwvdGQ+PC90cj48dHIgYWxpZ249Y2VudGVyIHZhbGlnbj10b3AgaGVpZ2h0PTE4MD48dGQ+PGEgaHJlZj1odHRwOi8vaW1hZ2UucmFrdXRlbi5jby5qcC9vdXRsZXRzaG9lcy9jYWJpbmV0L2FhMXBwL2FhMXBwLWExMTg5My1jNW4tMi5qcGcgdGFyZ2V0PV9ibGFuaz48aW1nIHNyYz1odHRwOi8vaW1hZ2UucmFrdXRlbi5jby5qcC9vdXRsZXRzaG9lcy9jYWJpbmV0L2FhMXBwL2FhMXBwLWExMTg5My1jNW4tMS5qcGcgYm9yZGVyPTA+PC9hPjwvdGQ+PHRkPjxhIGhyZWY9aHR0cDovL2ltYWdlLnJha3V0ZW4uY28uanAvb3V0bGV0c2hvZXMvY2FiaW5ldC9hYTFwcC9hYTFwcC1hMTE4OTMtYzYtMi5qcGcgdGFyZ2V0PV9ibGFuaz48aW1nIHNyYz1odHRwOi8vaW1hZ2UucmFrdXRlbi5jby5qcC9vdXRsZXRzaG9lcy9jYWJpbmV0L2FhMXBwL2FhMXBwLWExMTg5My1jNi0xLmpwZyBib3JkZXI9MD48L3RkPjx0ZD48YSBocmVmPWh0dHA6Ly9pbWFnZS5yYWt1dGVuLmNvLmpwL291dGxldHNob2VzL2NhYmluZXQvYWExcHAvYWExcHAtYTExODkzLWM0LTIuanBnIHRhcmdldD1fYmxhbms+PGltZyBzcmM9aHR0cDovL2ltYWdlLnJha3V0ZW4uY28uanAvb3V0bGV0c2hvZXMvY2FiaW5ldC9hYTFwcC9hYTFwcC1hMTE4OTMtYzQtMS5qcGcgYm9yZGVyPTA+PC9hPjwvdGQ+PC90cj48dHIgYWxpZ249Y2VudGVyIHZhbGlnbj10b3AgaGVpZ2h0PTE4MD48dGQ+PGEgaHJlZj1odHRwOi8vaW1hZ2UucmFrdXRlbi5jby5qcC9vdXRsZXRzaG9lcy9jYWJpbmV0L2FhMXBwL2FhMXBwLWExMTg5My1jMy0yLmpwZyB0YXJnZXQ9X2JsYW5rPjxpbWcgc3JjPWh0dHA6Ly9pbWFnZS5yYWt1dGVuLmNvLmpwL291dGxldHNob2VzL2NhYmluZXQvYWExcHAvYWExcHAtYTExODkzLWMzLTEuanBnIGJvcmRlcj0wPjwvYT48L3RkPjx0ZD48L3RkPjwvdHI+PC90YWJsZT48ZGl2IHN0eWxlPSJoZWlnaHQ6NjBweCI+PC9kaXY+PGJyPjxicj7jgIDjgIA8aW1nIHNyYz1odHRwOi8vaW1hZ2UucmFrdXRlbi5jby5qcC9vdXRsZXRzaG9lcy9jYWJpbmV0L2FhMXBwL2FhMXBwLWExMTg5My1zcGVjLmdpZj48YnI+PGJyPjxicj7jgIDjgIA8aW1nIHNyYz1odHRwOi8vaW1hZ2UucmFrdXRlbi5jby5qcC9vdXRsZXRzaG9lcy9jYWJpbmV0L3B0L3R5dXVpLmdpZj48YnI+PGJyPjxicj48Zm9udCBzdHlsZT0iZm9udC1zaXplOjEwcHg7IGNvbG9yOiM1NTU1NTU7IGxpbmUtaGVpZ2h0OjEycHQ7IGxldHRlci1zcGFjaW5nOjFweDsgdGV4dC1hbGlnbjpsZWZ0OyI+44CA44CQ44Kt44O844Ov44O844OJ44CR44OR44Oz44OX44K5L+ODqeOCpuODs+ODieODiOOCpS/jgrnjg4jjg6njg4Pjg5cv55eb44GP44Gq44GEL+atqeOBjeOChOOBmeOBhC/jg5Xjg6njg4Pjg4jjg5Ljg7zjg6sv44Ot44O844OS44O844OrL+OBuuOBn+OCk+OBky/jg5rjgr/jg7PjgrMv44K544Ko44O844OJPGJyPuOAgOOAgG1vb2ltb29pL+ODouODvOOCpOODouODvOOCpC/pu5Iv57S6L+iMti8g44OW44Op44OD44KvL+ODjeOCpOODk+ODvC/jgqvjgrjjg6XjgqLjg6sv44OK44OB44Ol44Op44OrL+ODrOODh+OCo+ODvOOCuS/lsI/jgZXjgYTjgrXjgqTjgrov5aSn44GN44GE44K144Kk44K6PC9mb250Pjxicj48YnI+PGJyPjxkaXYgc3R5bGU9ImhlaWdodDo2MHB4Ij48L2Rpdj48YSBocmVmPWh0dHA6Ly9pdGVtLnJha3V0ZW4uY28uanAvb3V0bGV0c2hvZXMvYy8wMDAwMDAwNTM3LyB0YXJnZXQ9Il9ibGFuayI+PGltZyBzcmM9aHR0cDovL2ltYWdlLnJha3V0ZW4uY28uanAvb3V0bGV0c2hvZXMvY2FiaW5ldC9wdC9zdGFmZi1maXR0aW5nMy5naWYgYm9yZGVyPTA+PC9hPjxicj7jgIDjgIA8aW1nIHNyYz1odHRwOi8vaW1hZ2UucmFrdXRlbi5jby5qcC9vdXRsZXRzaG9lcy9jYWJpbmV0L2FhMXBwL2FhMXBwLWExMTg5My1maXQuZ2lmPiAgIDxicj48YnI+PGEgaHJlZj1odHRwOi8vaXRlbS5yYWt1dGVuLmNvLmpwL291dGxldHNob2VzL2dpZnRraXQvIHRhcmdldD1fYmxhbms+PGltZyBzcmM9aHR0cDovL2ltYWdlLnJha3V0ZW4uY28uanAvb3V0bGV0c2hvZXMvY2FiaW5ldC9wdC9naWZ0a2l0LmdpZj48L2E+PGJyPjxicj48YnI+PGJyPjxhIGhyZWY9aHR0cDovL2l0ZW0ucmFrdXRlbi5jby5qcC9vdXRsZXRzaG9lcy9jLzAwMDAwMDEwMDcvIHRhcmdldD1fYmxhbms+PGltZyBzcmM9aHR0cDovL2ltYWdlLnJha3V0ZW4uY28uanAvb3V0bGV0c2hvZXMvY2FiaW5ldC9wdC9pbmZvLWtvdWthbi5naWY+PC9hPjxicj48YnI+PGJyPjxicj48YnI+PGEgaHJlZj0iaHR0cDovL3d3dy5yYWt1dGVuLm5lLmpwL2dvbGQvb3V0bGV0c2hvZXMvcmVhcnJpdmFsLXJlcXVlc3QuaHRtbCIgdGFyZ2V0PSJfYmxhbmsiPjxpbWcgc3JjPSJodHRwOi8vaW1hZ2UucmFrdXRlbi5jby5qcC9vdXRsZXRzaG9lcy9jYWJpbmV0L2Jhbm5lci9yZV9hcnJpdmFsLmdpZiI+PC9hPjxicj48YnI+PGJyPjxicj48YnI+PGJyPjwhLS1TQUxF55SoLS0+PGJyPjxicj48YnI+PGEgaHJlZj0iaHR0cDovL3d3dy5yYWt1dGVuLm5lLmpwL2dvbGQvb3V0bGV0c2hvZXMvYXN1X2dhaXlvdS5odG1sIj48aW1nIHNyYz0iaHR0cDovL3RodW1ibmFpbC5pbWFnZS5yYWt1dGVuLmNvLmpwL0AwX21hbGwvb3V0bGV0c2hvZXMvY2FiaW5ldC9tYWlsMDIvYXN1cmFrdS5naWY/X2V4PTY1MHg2NTAiPjwvYT48YnI+PGJyPuOAkOOBr+OBk+OBveOBmeWvvuW/nOWVhuWTgeOAkeOAkOalveWkqUJPWOWPl+WPluWvvuixoeWVhuWTge+8iOODrOODh+OCo+ODvOOCueODleOCoeODg+OCt+ODp+ODs++8ieOAkTxicj48YnI+Cjxmb250IHNpemU9Mj7jgJDjgrPjg7Pjg5Pjg4vlj5flj5blr77lv5zllYblk4HjgJE8L2ZvbnQ+PHRhYmxlIHdpZHRoPSI2NTAiIGNlbGxwYWRkaW5nPSIwIiBjZWxsc3BhY2luZz0iNSIgYm9yZGVyPSIwIj4KPHRyPgo8dGQ+PGltZyBzcmM9Imh0dHA6Ly9pbWFnZS5yYWt1dGVuLmNvLmpwL291dGxldHNob2VzL2NhYmluZXQvZXZlbnQvc3BfYl80dHJlbmQuanBnIiB3aWR0aD0iMzIwIj48L3RkPgo8dGQ+PGltZyBzcmM9Imh0dHBzOi8vdGh1bWJuYWlsLmltYWdlLnJha3V0ZW4uY28uanAvQDBfbWFsbC9vdXRsZXRzaG9lcy9jYWJpbmV0L2V2ZW50L3NwX2JfZW5hbWVscHVtcHMuanBnIiB3aWR0aD0iMzIwIj48L3RkPgo8L3RyPgo8dHI+Cjx0ZD48aW1nIHNyYz0iaHR0cDovL2ltYWdlLnJha3V0ZW4uY28uanAvb3V0bGV0c2hvZXMvY2FiaW5ldC9ldmVudC9zcF9iX3N1bW1lci5qcGciIHdpZHRoPSIzMjAiPjwvdGQ+Cjx0ZD48aW1nIHNyYz0iaHR0cDovL2ltYWdlLnJha3V0ZW4uY28uanAvb3V0bGV0c2hvZXMvY2FiaW5ldC9ldmVudC9zcF9iX3NlbGVjdDI0LmpwZyIgd2lkdGg9IjMyMCI+PC90ZD4KPC90cj4KPC90YWJsZT4=,44CQ5Zyo5bqr6ZmQ44KK44CR4pa844Ki44Oz44Kv44Or44K544OI44Op44OD44OX5LuY44GNIOOCueOCqOODvOODiSDjg5Xjg6njg4Pjg4jjgrfjg6Xjg7zjgrov44OR44Oz44OX44K5L+eXm+OBj+OBquOBhC/lsI/jgZXjgYTjgrXjgqTjgrov5aSn44GN44GE44K144Kk44K64omq5a6F6YWN5L6/44Gu44G/4omrIDIwMTflpI8g44CQ44GC44GZ5qW9IOWvvuW/nOOAkSDjg6njgqbjg7Pjg4njg4jjgqUg6LK344GE5Zue44KKIOODqeOCr+ODgeODsyDjgrPjg7zjg4cg44Ki44Km44OI44Os44OD44OI44K344Ol44O844K644GK6LK344GE54mp44Oe44Op44K944OzIOODnuODqeOCveODs++8muOCouOCpuODiOODrOODg+ODiOOCt+ODpeODvOOCuiBvdXRsZXRzaG9lcw==,6Z2044OR44Oz44OX44K544Ko44K544OR44OJ44Oq44O844Om44K144Oz44OA44Or5aSn44GN44GE44K144Kk44K65aSn44GN44GE6Z205bCP44GV44GE44K144Kk44K644K544OI44Op44OD44OX44OQ44Os44Ko44K344Ol44O844K655eb44GP44Gq44GEMjZjbeODreODvOODkuODvOODq+OCpuOCqOODg+OCuOOCveODvOODqzI3Y23jgq3jg4PjgroyMWNt44Os44OH44Kj44O844K5MjEuNWNt44OV44Op44OD44OI44K344Ol44O844K644Ki44Km44OI44Os44OD44OI44K344Ol44O844K644CQ5Zyo5bqr6ZmQ44KK44CR4pa844Ki44Oz44Kv44Or44K544OI44Op44OD44OX5LuY44GNIOOCueOCqOODvOODiSDjg5Xjg6njg4Pjg4jjgrfjg6Xjg7zjgrov44OR44Oz44OX44K5L+eXm+OBj+OBquOBhC/lsI/jgZXjgYTjgrXjgqTjgrov5aSn44GN44GE44K144Kk44K64omq5a6F6YWN5L6/44Gu44G/4omrIDIwMTflpI8g44CQ44GC44GZ5qW9IOWvvuW/nOOAkSDjg6njgqbjg7Pjg4njg4jjgqUg6LK344GE5Zue44KKIOODqeOCr+ODgeODsyDjgrPjg7zjg4cg44Ki44Km44OI44Os44OD44OI44K344Ol44O844K644GK6LK344GE54mp44Oe44Op44K944OzIOODnuODqeOCveODsw==,5aWz5oCn44KJ44GX44GV44KS5ryU5Ye677yB44K544OI44Op44OD44OX44OR44Oz44OX44K5L+OBuuOBn+OCk+OBky/jg6zjg4fjgqPjg7zjgrnjgILjgJDlnKjluqvpmZDjgorjgJHilrzjgqLjg7Pjgq/jg6vjgrnjg4jjg6njg4Pjg5fku5jjgY0g44K544Ko44O844OJIOODleODqeODg+ODiOOCt+ODpeODvOOCui/jg5Hjg7Pjg5fjgrkv55eb44GP44Gq44GEL+Wwj+OBleOBhOOCteOCpOOCui/lpKfjgY3jgYTjgrXjgqTjgrriiarlroXphY3kvr/jga7jgb/iiasgMjAxN+WkjyDjgJDjgYLjgZnmpb0g5a++5b+c44CRIOODqeOCpuODs+ODieODiOOCpSDosrfjgYTlm57jgoog44Op44Kv44OB44OzIOOCs+ODvOODhyDjgqLjgqbjg4jjg6zjg4Pjg4jjgrfjg6Xjg7zjgrrjgYrosrfjgYTnianjg57jg6njgr3jg7Mg44Oe44Op44K944Oz[rn]
7-31689,aHR0cDovL3RzaG9wLnIxMHMuanAvb3V0bGV0c2hvZXMvY2FiaW5ldC9hYTFwcC9hYTFwcC0xMDIwX20wbm5uLmpwZz9maXRpbj03MDA6NzAw,MTkwNC4wMDAw,,6Z20ID4g44Os44OH44Kj44O844K56Z20ID4g44OR44Oz44OX44K5,4pa844Gq44KB44KJ44GL44K544Ko44O844OJ44Km44Ko44OD44K444K944O844Or44OR44Oz44OX44K5W+ODqeOCpuODs+ODieODiOOCpeODuzVjbeODkuODvOODq10gMjAxN+Wkj+aWsOS9nCDnl5vjgY/jgarjgYQv6buSL+i1pC/mranjgY3jgoTjgZnjgYQv5bCP44GV44GE44K144Kk44K6L+Wkp+OBjeOBhOOCteOCpOOCuuKJquWuhemFjeS+v+OBruOBv+KJq+OAkOOBguOBmealvSDlr77lv5zjgJEg6LK344GE5Zue44KKIOODqeOCr+ODgeODsyDjgrPjg7zjg4cg44Ki44Km44OI44Os44OD44OI44K344Ol44O844K644GK6LK344GE54mp44Oe44Op44K944OzIOODnuODqeOCveODsw==,5qW95aSp44Op44Oz44Kt44Oz44KwMeS9jeKYhTLkuIfotrPlo7LjgozjgZ/kuIros6rjg5njg63jgqLjg5Hjg7Pjg5fjgrnvvIE=,IDxkaXYgYWxpZ249ImNlbnRlciI+PGltZyBzcmM9Imh0dHA6Ly9pbWFnZS5yYWt1dGVuLmNvLmpwL291dGxldHNob2VzL2NhYmluZXQvYmFubmVyL2ltYW1hZGUuZ2lmIj48YnI+PGltZyBzcmM9Imh0dHA6Ly9pbWFnZS5yYWt1dGVuLmNvLmpwL291dGxldHNob2VzL2NhYmluZXQvYmFubmVyLzIuZ2lmIj48aW1nIHNyYz0iaHR0cDovL2ltYWdlLnJha3V0ZW4uY28uanAvb3V0bGV0c2hvZXMvY2FiaW5ldC9iYW5uZXIvNy5naWYiPjxpbWcgc3JjPSJodHRwOi8vaW1hZ2UucmFrdXRlbi5jby5qcC9vdXRsZXRzaG9lcy9jYWJpbmV0L2Jhbm5lci85LmdpZiI+PGltZyBzcmM9Imh0dHA6Ly9pbWFnZS5yYWt1dGVuLmNvLmpwL291dGxldHNob2VzL2NhYmluZXQvYmFubmVyLzguZ2lmIj48aW1nIHNyYz0iaHR0cDovL2ltYWdlLnJha3V0ZW4uY28uanAvb3V0bGV0c2hvZXMvY2FiaW5ldC9iYW5uZXIvMi5naWYiPjxpbWcgc3JjPSJodHRwOi8vaW1hZ2UucmFrdXRlbi5jby5qcC9vdXRsZXRzaG9lcy9jYWJpbmV0L2Jhbm5lci9zb2t1LmdpZiI+PGJyPjxpbWcgc3JjPSJodHRwOi8vaW1hZ2UucmFrdXRlbi5jby5qcC9vdXRsZXRzaG9lcy9jYWJpbmV0L2Jhbm5lci9va2FnZS5naWYiPjxicj7igLsyMDE0LzEvMjDjgIDnj77lnKjjgIDjgrfjg6rjg7zjgrrnt4/oqIg8L2Rpdj48YnI+PGJyPjxjZW50ZXI+PGltZyBzcmM9aHR0cDovL2ltYWdlLnJha3V0ZW4uY28uanAvb3V0bGV0c2hvZXMvY2FiaW5ldC9yYW5rMi8xMDIwX3JhbmtfMS5qcGc+PGJyPjxicj48Zm9udCBzaXplPSIxIiBjb2xvcj0iNjY2NjY2Ij7mpb3lpKnluILloLTjgJDjg6rjgqLjg6vjgr/jgqTjg6DjgJHjg6njg7Pjgq3jg7PjgrAx5L2N542y5b6XIDEx5pyIMTDml6Xmm7TmlrA8L2ZvbnQ+PGJyPjxicj48YnI+PGJyPjwvY2VudGVyPjxpbWcgc3JjPWh0dHA6Ly9pbWFnZS5yYWt1dGVuLmNvLmpwL291dGxldHNob2VzL2NhYmluZXQvYWExcHAvYWExcHAtMTAyMC0wMDEuanBnPjxicj48YnI+PGJyPjxmb250IHN0eWxlPSJmb250LXNpemU6MTFweDsgY29sb3I6IzU1NTU1NTsgbGluZS1oZWlnaHQ6MTNwdDsgbGV0dGVyLXNwYWNpbmc6MC42cHg7IHRleHQtYWxpZ246bGVmdDsiPuOAgOOAgOedgOeUqOOCq+ODqeODvCDjgIDjg6zjg4Pjg4njgIDjg6Ljg4fjg6vouqvplbfntIQxNjJjbTxicj48YnI+PGJyPuODouODh+ODq+eUu+WDj+OBr+OCpOODoeODvOOCuOOBp+OBmeOAguWun+mam+OBruWVhuWTgeOBq+i/keOBhOOBiuiJsuOBr+WVhuWTgeWNmOS9k+OBruOCq+ODqeODvOe0ueS7i+eUu+WDj+OCkuOBlOeiuuiqjeOBj+OBoOOBleOBhOOAgjwvZm9udD48YnI+PGJyPjxicj48YnI+PGltZyBzcmM9aHR0cDovL2ltYWdlLnJha3V0ZW4uY28uanAvb3V0bGV0c2hvZXMvY2FiaW5ldC9wdC9tZW51ZS1ibGFuZC5naWY+PGJyPjxicj48YnI+PGltZyBzcmM9aHR0cDovL2ltYWdlLnJha3V0ZW4uY28uanAvb3V0bGV0c2hvZXMvY2FiaW5ldC9hYTFwcC9hYTFwcC0xMDIwLTAwMm4uanBnPjxicj48YnI+PGJyPjxmb250IHN0eWxlPSJmb250LXNpemU6MTFweDsgY29sb3I6IzU1NTU1NTsgbGluZS1oZWlnaHQ6MTNwdDsgbGV0dGVyLXNwYWNpbmc6MC42cHg7IHRleHQtYWxpZ246bGVmdDsiPuOAgOOAgOedgOeUqOOCq+ODqeODvOOAgOODrOODg+ODieOAgOOAgOODouODh+ODq+i6q+mVt+e0hDE2MmNtPGJyPjxicj48YnI+PGJyPjxicj48L2ZvbnQ+PGltZyBzcmM9aHR0cDovL2ltYWdlLnJha3V0ZW4uY28uanAvb3V0bGV0c2hvZXMvY2FiaW5ldC9hYTFwcC9hYTFwcC0xMDIwLTAwM24uanBnPjxicj48YnI+PGJyPjxmb250IHN0eWxlPSJmb250LXNpemU6MTFweDsgY29sb3I6IzU1NTU1NTsgbGluZS1oZWlnaHQ6MTNwdDsgbGV0dGVyLXNwYWNpbmc6MC42cHg7IHRleHQtYWxpZ246bGVmdDsiPuOAgOOAgOedgOeUqOOCq+ODqeODvOOAgOOCquODvOOCr+OAgOOAgOODouODh+ODq+i6q+mVt+e0hDE2MmNtPGJyPjxicj48YnI+PGJyPjxicj48L2ZvbnQ+PGltZyBzcmM9aHR0cDovL2ltYWdlLnJha3V0ZW4uY28uanAvb3V0bGV0c2hvZXMvY2FiaW5ldC9hYTFwcC9hYTFwcC0xMDIwLTAwNC5qcGc+PGJyPjxicj48YnI+PGZvbnQgc3R5bGU9ImZvbnQtc2l6ZToxMXB4OyBjb2xvcjojNTU1NTU1OyBsaW5lLWhlaWdodDoxM3B0OyBsZXR0ZXItc3BhY2luZzowLjZweDsgdGV4dC1hbGlnbjpsZWZ0OyI+44CA44CA552A55So44Kr44Op44O844CA44Kq44O844Kv44CA44CA44Oi44OH44Or6Lqr6ZW357SEMTYyY208YnI+PC9mb250PjxpbWcgc3JjPWh0dHA6Ly9pbWFnZS5yYWt1dGVuLmNvLmpwL291dGxldHNob2VzL2NhYmluZXQvYWExcHAvYWExcHAtMTAyMC0wMS5qcGc+PGJyPjxicj48aW1nIHNyYz1odHRwOi8vaW1hZ2UucmFrdXRlbi5jby5qcC9vdXRsZXRzaG9lcy9jYWJpbmV0L3B0L2RldGFpbDIuZ2lmPjxicj48YnI+PHRhYmxlIHdpZHRoPTY1MCBib3JkZXI9MCBjZWxscGFkZGluZz0xMCBjZWxsc3BhY2luZz0wPjx0ciBhbGlnbj1jZW50ZXIgdmFsaWduPXRvcD48dGQ+PGEgaHJlZj1odHRwOi8vd3d3LnJha3V0ZW4ubmUuanAvZ29sZC9vdXRsZXRzaG9lcy9pdGVtLWltYWdlL2FhMXBwL2FhMXBwLTEwMjAtczEtMi5qcGcgdGFyZ2V0PV9ibGFuaz48aW1nIHNyYz1odHRwOi8vd3d3LnJha3V0ZW4ubmUuanAvZ29sZC9vdXRsZXRzaG9lcy9pdGVtLWltYWdlL2FhMXBwL2FhMXBwLTEwMjAtczEtMS5qcGcgYm9yZGVyPTA+PC9hPjwvdGQ+PHRkPjxhIGhyZWY9aHR0cDovL3d3dy5yYWt1dGVuLm5lLmpwL2dvbGQvb3V0bGV0c2hvZXMvaXRlbS1pbWFnZS9hYTFwcC9hYTFwcC0xMDIwLXMyLTIuanBnIHRhcmdldD1fYmxhbms+PGltZyBzcmM9aHR0cDovL3d3dy5yYWt1dGVuLm5lLmpwL2dvbGQvb3V0bGV0c2hvZXMvaXRlbS1pbWFnZS9hYTFwcC9hYTFwcC0xMDIwLXMyLTEuanBnIGJvcmRlcj0wPjwvYT48L3RkPjwvdHI+PHRyIGFsaWduPWNlbnRlciB2YWxpZ249dG9wPjx0ZD48YSBocmVmPWh0dHA6Ly93d3cucmFrdXRlbi5uZS5qcC9nb2xkL291dGxldHNob2VzL2l0ZW0taW1hZ2UvYWExcHAvYWExcHAtMTAyMC1zMy0yLmpwZyB0YXJnZXQ9X2JsYW5rPjxpbWcgc3JjPWh0dHA6Ly93d3cucmFrdXRlbi5uZS5qcC9nb2xkL291dGxldHNob2VzL2l0ZW0taW1hZ2UvYWExcHAvYWExcHAtMTAyMC1zMy0xLmpwZyBib3JkZXI9MD48L2E+PC90ZD48dGQ+PGEgaHJlZj1odHRwOi8vd3d3LnJha3V0ZW4ubmUuanAvZ29sZC9vdXRsZXRzaG9lcy9pdGVtLWltYWdlL2FhMXBwL2FhMXBwLTEwMjAtczQtMi5qcGcgdGFyZ2V0PV9ibGFuaz48aW1nIHNyYz1odHRwOi8vd3d3LnJha3V0ZW4ubmUuanAvZ29sZC9vdXRsZXRzaG9lcy9pdGVtLWltYWdlL2FhMXBwL2FhMXBwLTEwMjAtczQtMS5qcGcgYm9yZGVyPTA+PC9hPjwvdGQ+PC90cj48dHIgYWxpZ249Y2VudGVyIHZhbGlnbj10b3A+PHRkPjxhIGhyZWY9aHR0cDovL3d3dy5yYWt1dGVuLm5lLmpwL2dvbGQvb3V0bGV0c2hvZXMvaXRlbS1pbWFnZS9hYTFwcC9hYTFwcC0xMDIwLXM1LTIuanBnIHRhcmdldD1fYmxhbms+PGltZyBzcmM9aHR0cDovL3d3dy5yYWt1dGVuLm5lLmpwL2dvbGQvb3V0bGV0c2hvZXMvaXRlbS1pbWFnZS9hYTFwcC9hYTFwcC0xMDIwLXM1LTEuanBnIGJvcmRlcj0wPjwvYT48L3RkPjx0ZD48YSBocmVmPWh0dHA6Ly93d3cucmFrdXRlbi5uZS5qcC9nb2xkL291dGxldHNob2VzL2l0ZW0taW1hZ2UvYWExcHAvYWExcHAtMTAyMC1zNi0yLmpwZyB0YXJnZXQ9X2JsYW5rPjxpbWcgc3JjPWh0dHA6Ly93d3cucmFrdXRlbi5uZS5qcC9nb2xkL291dGxldHNob2VzL2l0ZW0taW1hZ2UvYWExcHAvYWExcHAtMTAyMC1zNi0xLmpwZyBib3JkZXI9MD48L2E+PC90ZD48L3RyPjwvdGFibGU+PGJyPjxicj48YnI+PGJyPjxicj48aW1nIHNyYz1odHRwOi8vaW1hZ2UucmFrdXRlbi5jby5qcC9vdXRsZXRzaG9lcy9jYWJpbmV0L3B0L2NvbG9yMi5naWY+PGJyPjxicj48dGFibGUgd2lkdGg9NjMwIGJvcmRlcj0wIGNlbGxzcGFjaW5nPTUgc3R5bGU9ImxpbmUtaGVpZ2h0OiAxNnB4OyBGT05ULVNJWkU6IDEycHg7IGNvbG9yOiAjMzMzMzMzOyI+PHRyIGFsaWduPWNlbnRlciB2YWxpZ249dG9wIGhlaWdodD0xODA+PHRkPjxhIGhyZWY9aHR0cDovL3d3dy5yYWt1dGVuLm5lLmpwL2dvbGQvb3V0bGV0c2hvZXMvaXRlbS1pbWFnZS9hYTFwcC9hYTFwcC0xMDIwLWMxLTIuanBnIHRhcmdldD1fYmxhbms+PGltZyBzcmM9aHR0cDovL3d3dy5yYWt1dGVuLm5lLmpwL2dvbGQvb3V0bGV0c2hvZXMvaXRlbS1pbWFnZS9hYTFwcC9hYTFwcC0xMDIwLWMxLTEuanBnIGJvcmRlcj0wPjxicj7jgrDjg6zjg7w8L2E+PC90ZD48dGQ+PGEgaHJlZj1odHRwOi8vd3d3LnJha3V0ZW4ubmUuanAvZ29sZC9vdXRsZXRzaG9lcy9pdGVtLWltYWdlL2FhMXBwL2FhMXBwLTEwMjAtYzItMi5qcGcgdGFyZ2V0PV9ibGFuaz48aW1nIHNyYz1odHRwOi8vd3d3LnJha3V0ZW4ubmUuanAvZ29sZC9vdXRsZXRzaG9lcy9pdGVtLWltYWdlL2FhMXBwL2FhMXBwLTEwMjAtYzItMS5qcGcgYm9yZGVyPTA+PGJyPuOCquODvOOCrzwvYT48L3RkPjx0ZD48YSBocmVmPWh0dHA6Ly93d3cucmFrdXRlbi5uZS5qcC9nb2xkL291dGxldHNob2VzL2l0ZW0taW1hZ2UvYWExcHAvYWExcHAtMTAyMC1jMy0yLmpwZyB0YXJnZXQ9X2JsYW5rPjxpbWcgc3JjPWh0dHA6Ly93d3cucmFrdXRlbi5uZS5qcC9nb2xkL291dGxldHNob2VzL2l0ZW0taW1hZ2UvYWExcHAvYWExcHAtMTAyMC1jMy0xLmpwZyBib3JkZXI9MD48YnI+44Kt44Oj44Oh44OrPC9hPjwvdGQ+PC90cj48dHIgYWxpZ249Y2VudGVyIHZhbGlnbj10b3AgaGVpZ2h0PTE4MD48dGQ+PGEgaHJlZj1odHRwOi8vd3d3LnJha3V0ZW4ubmUuanAvZ29sZC9vdXRsZXRzaG9lcy9pdGVtLWltYWdlL2FhMXBwL2FhMXBwLTEwMjAtYzQtMi5qcGcgdGFyZ2V0PV9ibGFuaz48aW1nIHNyYz1odHRwOi8vd3d3LnJha3V0ZW4ubmUuanAvZ29sZC9vdXRsZXRzaG9lcy9pdGVtLWltYWdlL2FhMXBwL2FhMXBwLTEwMjAtYzQtMS5qcGcgYm9yZGVyPTA+PGJyPuODgOODvOOCr+ODluODqeOCpuODszwvYT48L3RkPjx0ZD48YSBocmVmPWh0dHA6Ly93d3cucmFrdXRlbi5uZS5qcC9nb2xkL291dGxldHNob2VzL2l0ZW0taW1hZ2UvYWExcHAvYWExcHAtMTAyMC1jNS0yLmpwZyB0YXJnZXQ9X2JsYW5rPjxpbWcgc3JjPWh0dHA6Ly93d3cucmFrdXRlbi5uZS5qcC9nb2xkL291dGxldHNob2VzL2l0ZW0taW1hZ2UvYWExcHAvYWExcHAtMTAyMC1jNS0xLmpwZyBib3JkZXI9MD48YnI+44Os44OD44OJPC9hPjwvdGQ+PHRkPjxhIGhyZWY9aHR0cDovL3d3dy5yYWt1dGVuLm5lLmpwL2dvbGQvb3V0bGV0c2hvZXMvaXRlbS1pbWFnZS9hYTFwcC9hYTFwcC0xMDIwLWM2LTIuanBnIHRhcmdldD1fYmxhbms+PGltZyBzcmM9aHR0cDovL3d3dy5yYWt1dGVuLm5lLmpwL2dvbGQvb3V0bGV0c2hvZXMvaXRlbS1pbWFnZS9hYTFwcC9hYTFwcC0xMDIwLWM2LTEuanBnIGJvcmRlcj0wPjxicj7jg5Hjg7zjg5fjg6s8L2E+PC90ZD48L3RyPjx0ciBhbGlnbj1jZW50ZXIgdmFsaWduPXRvcCBoZWlnaHQ9MTgwPjx0ZD48YSBocmVmPWh0dHA6Ly93d3cucmFrdXRlbi5uZS5qcC9nb2xkL291dGxldHNob2VzL2l0ZW0taW1hZ2UvYWExcHAvYWExcHAtMTAyMC1jOC0yLmpwZyB0YXJnZXQ9X2JsYW5rPjxpbWcgc3JjPWh0dHA6Ly93d3cucmFrdXRlbi5uZS5qcC9nb2xkL291dGxldHNob2VzL2l0ZW0taW1hZ2UvYWExcHAvYWExcHAtMTAyMC1jOC0xLmpwZyBib3JkZXI9MD48YnI+PGJyPjxpbWcgc3JjPWh0dHA6Ly9pbWFnZS5yYWt1dGVuLmNvLmpwL291dGxldHNob2VzL2NhYmluZXQvbWFpbDAyL25ldy5naWYgYm9yZGVyPTAgaHNwYWNlPTE1PuODluODq+ODvOOCsOODquODvOODszwvYT48L3RkPjx0ZD48YSBocmVmPWh0dHA6Ly93d3cucmFrdXRlbi5uZS5qcC9nb2xkL291dGxldHNob2VzL2l0ZW0taW1hZ2UvYWExcHAvYWExcHAtMTAyMC1jNy0yLmpwZyB0YXJnZXQ9X2JsYW5rPjxpbWcgc3JjPWh0dHA6Ly93d3cucmFrdXRlbi5uZS5qcC9nb2xkL291dGxldHNob2VzL2l0ZW0taW1hZ2UvYWExcHAvYWExcHAtMTAyMC1jNy0xLmpwZyBib3JkZXI9MD48YnI+44OA44O844Kv44Kw44Oq44O844OzPC9hPjwvdGQ+PHRkPjxhIGhyZWY9aHR0cDovL3d3dy5yYWt1dGVuLm5lLmpwL2dvbGQvb3V0bGV0c2hvZXMvaXRlbS1pbWFnZS9hYTFwcC9hYTFwcC0xMDIwLWM5LTIuanBnIHRhcmdldD1fYmxhbms+PGltZyBzcmM9aHR0cDovL3d3dy5yYWt1dGVuLm5lLmpwL2dvbGQvb3V0bGV0c2hvZXMvaXRlbS1pbWFnZS9hYTFwcC9hYTFwcC0xMDIwLWM5LTEuanBnIGJvcmRlcj0wPjxicj7jg43jgqTjg5Pjg7w8L2E+PC90ZD48L3RyPjx0ciBhbGlnbj1jZW50ZXIgdmFsaWduPXRvcCBoZWlnaHQ9MTgwPjx0ZD48YSBocmVmPWh0dHA6Ly93d3cucmFrdXRlbi5uZS5qcC9nb2xkL291dGxldHNob2VzL2l0ZW0taW1hZ2UvYWExcHAvYWExcHAtMTAyMC1jMTAtMi5qcGcgdGFyZ2V0PV9ibGFuaz48aW1nIHNyYz1odHRwOi8vd3d3LnJha3V0ZW4ubmUuanAvZ29sZC9vdXRsZXRzaG9lcy9pdGVtLWltYWdlL2FhMXBwL2FhMXBwLTEwMjAtYzEwLTEuanBnIGJvcmRlcj0wPjxicj7jg5bjg6njg4Pjgq88L2E+PC90ZD48dGQ+PC90ZD48dGQ+PC90ZD48L3RyPjwvdGFibGU+PGRpdiBzdHlsZT0iaGVpZ2h0OjYwcHgiPjwvZGl2PjxkaXYgc3R5bGU9ImhlaWdodDo2MHB4Ij48L2Rpdj48aW1nIHNyYz1odHRwOi8vaW1hZ2UucmFrdXRlbi5jby5qcC9vdXRsZXRzaG9lcy9jYWJpbmV0L2FhMXBwL2FhMXBwLTEwMjAtc3BlYy5naWY+PGJyPjxicj48YnI+44CA44CAPGltZyBzcmM9aHR0cDovL2ltYWdlLnJha3V0ZW4uY28uanAvb3V0bGV0c2hvZXMvY2FiaW5ldC9wdC90eXV1aS5naWY+PGJyPjxicj48YnI+PGZvbnQgc3R5bGU9ImZvbnQtc2l6ZToxMHB4OyBjb2xvcjojNTU1NTU1OyBsaW5lLWhlaWdodDoxMnB0OyBsZXR0ZXItc3BhY2luZzoxcHg7IHRleHQtYWxpZ246bGVmdDsiPuOAgOOAkOOCreODvOODr+ODvOODieOAkeODkeODs+ODl+OCuS/jgqbjgqjjg4Pjgrjjgr3jg7zjg6sv44Km44Kn44OD44K444OS44O844OrL+m7ki/otaQv44Kw44Oq44O844OzL+eXm+OBj+OBquOBhC/mranjgY3jgoTjgZnjgYQv44Of44OJ44Or44OS44O844OrPGJyPuOAgOOAgOWkp+OBjeOBhOOCteOCpOOCui/lsI/jgZXjgYTjgrXjgqTjgrov55eb44GP44Gq44GEL+ODrOODh+OCo+ODvOOCuS9tZW51J2Uv44Oh44OM44KoL+OCueOCqOODvOODiTwvZm9udD48YnI+PGJyPjxicj48ZGl2IHN0eWxlPSJoZWlnaHQ6NjBweCI+PC9kaXY+PGEgaHJlZj1odHRwOi8vaXRlbS5yYWt1dGVuLmNvLmpwL291dGxldHNob2VzL2MvMDAwMDAwMDUzNy8gdGFyZ2V0PSJfYmxhbmsiPjxpbWcgc3JjPWh0dHA6Ly9pbWFnZS5yYWt1dGVuLmNvLmpwL291dGxldHNob2VzL2NhYmluZXQvcHQvc3RhZmYtZml0dGluZzMuZ2lmIGJvcmRlcj0wPjwvYT48YnI+44CA44CAPGltZyBzcmM9aHR0cDovL2ltYWdlLnJha3V0ZW4uY28uanAvb3V0bGV0c2hvZXMvY2FiaW5ldC9hYTFwcC9hYTFwcC0xMDIwLWZpdC5naWY+PGRpdiBzdHlsZT0iaGVpZ2h0OjYwcHgiPjwvZGl2PuOAgOOAgDxicj48YnI+PGEgaHJlZj1odHRwOi8vaXRlbS5yYWt1dGVuLmNvLmpwL291dGxldHNob2VzLzEwMjA+PGltZyBzcmM9aHR0cDovL2ltYWdlLnJha3V0ZW4uY28uanAvb3V0bGV0c2hvZXMvY2FiaW5ldC9wdC9yZW5ld2FsLmdpZiBib3JkZXI9MD48L2E+PGJyPiAgPGJyPjxicj48YSBocmVmPWh0dHA6Ly9pdGVtLnJha3V0ZW4uY28uanAvb3V0bGV0c2hvZXMvZ2lmdGtpdC8gdGFyZ2V0PV9ibGFuaz48aW1nIHNyYz1odHRwOi8vaW1hZ2UucmFrdXRlbi5jby5qcC9vdXRsZXRzaG9lcy9jYWJpbmV0L3B0L2dpZnRraXQuZ2lmPjwvYT48YnI+PGJyPjxicj48YnI+PGEgaHJlZj1odHRwOi8vaXRlbS5yYWt1dGVuLmNvLmpwL291dGxldHNob2VzL2MvMDAwMDAwMTAwNy8gdGFyZ2V0PV9ibGFuaz48aW1nIHNyYz1odHRwOi8vaW1hZ2UucmFrdXRlbi5jby5qcC9vdXRsZXRzaG9lcy9jYWJpbmV0L3B0L2luZm8ta291a2FuLmdpZj48L2E+PGJyPjxicj48YnI+PGJyPjxicj48YSBocmVmPSJodHRwOi8vd3d3LnJha3V0ZW4ubmUuanAvZ29sZC9vdXRsZXRzaG9lcy9yZWFycml2YWwtcmVxdWVzdC5odG1sIiB0YXJnZXQ9Il9ibGFuayI+PGltZyBzcmM9Imh0dHA6Ly9pbWFnZS5yYWt1dGVuLmNvLmpwL291dGxldHNob2VzL2NhYmluZXQvYmFubmVyL3JlX2Fycml2YWwuZ2lmIj48L2E+PGJyPjxicj48YnI+PGJyPjxicj48YnI+PCEtLVNBTEXnlKgtLT48YnI+PGJyPjxicj48YSBocmVmPSJodHRwOi8vd3d3LnJha3V0ZW4ubmUuanAvZ29sZC9vdXRsZXRzaG9lcy9hc3VfZ2FpeW91Lmh0bWwiPjxpbWcgc3JjPSJodHRwOi8vdGh1bWJuYWlsLmltYWdlLnJha3V0ZW4uY28uanAvQDBfbWFsbC9vdXRsZXRzaG9lcy9jYWJpbmV0L21haWwwMi9hc3VyYWt1LmdpZj9fZXg9NjUweDY1MCI+PC9hPjxicj48YnI+PGJyPjxicj7jgJDjga/jgZPjgb3jgZnlr77lv5zllYblk4HjgJHjgJDmpb3lpKlCT1jlj5flj5blr77osaHllYblk4HvvIjjg6zjg4fjgqPjg7zjgrnjg5XjgqHjg4Pjgrfjg6fjg7PvvInjgJE8YnI+PGJyPgo8Zm9udCBzaXplPTI+44CQ44Kz44Oz44OT44OL5Y+X5Y+W5a++5b+c5ZWG5ZOB44CRPC9mb250Pjx0YWJsZSB3aWR0aD0iNjUwIiBjZWxscGFkZGluZz0iMCIgY2VsbHNwYWNpbmc9IjUiIGJvcmRlcj0iMCI+Cjx0cj4KPHRkPjxpbWcgc3JjPSJodHRwOi8vaW1hZ2UucmFrdXRlbi5jby5qcC9vdXRsZXRzaG9lcy9jYWJpbmV0L2V2ZW50L3NwX2JfNHRyZW5kLmpwZyIgd2lkdGg9IjMyMCI+PC90ZD4KPHRkPjxpbWcgc3JjPSJodHRwczovL3RodW1ibmFpbC5pbWFnZS5yYWt1dGVuLmNvLmpwL0AwX21hbGwvb3V0bGV0c2hvZXMvY2FiaW5ldC9ldmVudC9zcF9iX2VuYW1lbHB1bXBzLmpwZyIgd2lkdGg9IjMyMCI+PC90ZD4KPC90cj4KPHRyPgo8dGQ+PGltZyBzcmM9Imh0dHA6Ly9pbWFnZS5yYWt1dGVuLmNvLmpwL291dGxldHNob2VzL2NhYmluZXQvZXZlbnQvc3BfYl9zdW1tZXIuanBnIiB3aWR0aD0iMzIwIj48L3RkPgo8dGQ+PGltZyBzcmM9Imh0dHA6Ly9pbWFnZS5yYWt1dGVuLmNvLmpwL291dGxldHNob2VzL2NhYmluZXQvZXZlbnQvc3BfYl9zZWxlY3QyNC5qcGciIHdpZHRoPSIzMjAiPjwvdGQ+CjwvdHI+CjwvdGFibGU+,4pa844Gq44KB44KJ44GL44K544Ko44O844OJ44Km44Ko44OD44K444K944O844Or44OR44Oz44OX44K5W+ODqeOCpuODs+ODieODiOOCpeODuzVjbeODkuODvOODq10gMjAxN+Wkj+aWsOS9nCDnl5vjgY/jgarjgYQv6buSL+i1pC/mranjgY3jgoTjgZnjgYQv5bCP44GV44GE44K144Kk44K6L+Wkp+OBjeOBhOOCteOCpOOCuuKJquWuhemFjeS+v+OBruOBv+KJq+OAkOOBguOBmealvSDlr77lv5zjgJEg6LK344GE5Zue44KKIOODqeOCr+ODgeODsyDjgrPjg7zjg4cg44Ki44Km44OI44Os44OD44OI44K344Ol44O844K644GK6LK344GE54mp44Oe44Op44K944OzIOODnuODqeOCveODs++8muOCouOCpuODiOODrOODg+ODiOOCt+ODpeODvOOCuiBvdXRsZXRzaG9lcw==,6Z2044OR44Oz44OX44K544Ko44K544OR44OJ44Oq44O844Om44K144Oz44OA44Or5aSn44GN44GE44K144Kk44K65aSn44GN44GE6Z205bCP44GV44GE44K144Kk44K644K544OI44Op44OD44OX44OQ44Os44Ko44K344Ol44O844K655eb44GP44Gq44GEMjZjbeODreODvOODkuODvOODq+OCpuOCqOODg+OCuOOCveODvOODqzI3Y23jgq3jg4PjgroyMWNt44Os44OH44Kj44O844K5MjEuNWNt44OV44Op44OD44OI44K344Ol44O844K644Ki44Km44OI44Os44OD44OI44K344Ol44O844K64pa844Gq44KB44KJ44GL44K544Ko44O844OJ44Km44Ko44OD44K444K944O844Or44OR44Oz44OX44K5W+ODqeOCpuODs+ODieODiOOCpeODuzVjbeODkuODvOODq10gMjAxN+Wkj+aWsOS9nCDnl5vjgY/jgarjgYQv6buSL+i1pC/mranjgY3jgoTjgZnjgYQv5bCP44GV44GE44K144Kk44K6L+Wkp+OBjeOBhOOCteOCpOOCuuKJquWuhemFjeS+v+OBruOBv+KJq+OAkOOBguOBmealvSDlr77lv5zjgJEg6LK344GE5Zue44KKIOODqeOCr+ODgeODsyDjgrPjg7zjg4cg44Ki44Km44OI44Os44OD44OI44K344Ol44O844K644GK6LK344GE54mp44Oe44Op44K944OzIOODnuODqeOCveODsw==,5qW95aSp44Op44Oz44Kt44Oz44KwMeS9jeKYhTLkuIfotrPlo7LjgozjgZ/kuIros6rjg5njg63jgqLjg5Hjg7Pjg5fjgrnvvIHjgILilrzjgarjgoHjgonjgYvjgrnjgqjjg7zjg4njgqbjgqjjg4Pjgrjjgr3jg7zjg6vjg5Hjg7Pjg5fjgrlb44Op44Km44Oz44OJ44OI44Kl44O7NWNt44OS44O844OrXSAyMDE35aSP5paw5L2cIOeXm+OBj+OBquOBhC/pu5Iv6LWkL+atqeOBjeOChOOBmeOBhC/lsI/jgZXjgYTjgrXjgqTjgrov5aSn44GN44GE44K144Kk44K64omq5a6F6YWN5L6/44Gu44G/4omr44CQ44GC44GZ5qW9IOWvvuW/nOOAkSDosrfjgYTlm57jgoog44Op44Kv44OB44OzIOOCs+ODvOODhyDjgqLjgqbjg4jjg6zjg4Pjg4jjgrfjg6Xjg7zjgrrjgYrosrfjgYTnianjg57jg6njgr3jg7Mg44Oe44Op44K944Oz[rn]
7-31690,aHR0cDovL3RzaG9wLnIxMHMuanAvb3V0bGV0c2hvZXMvY2FiaW5ldC9qZjBjYS9qZjBjYS01NTY3MDFfbTEuanBnP2ZpdGluPTcwMDo3MDA=,Mzc0NC4wMDAw,,6Z20ID4g44Os44OH44Kj44O844K56Z20ID4g44OR44Oz44OX44K5,44Oq44Oc44OzIOODkOODrOOCqCDjg5Hjg7Pjg5fjgrkg55eb44GP44Gq44GEIOODkuODvOODqyDlpKrjg5Ljg7zjg6sgMjAxN+WkjyB8IOODrOODh+OCo+ODvOOCuSDpnbQg44OQ44Os44Ko44K344Ol44O844K6IOODkOODrOOCqOODkeODs+ODl+OCuSDjgqjjg4rjg6Hjg6sg5q2p44GN44KE44GZ44GEIOOCsOODrOODvCDjg5njg7zjgrjjg6Ug44Kt44Oj44Oz44OQ44K5IOm7kiDjg5bjg6njg4Pjgq8gIOWNkualreW8jyDlhaXlrablvI8g5qW944OB44OzIOODqeOCr+ODgeODsyDjgrPjg7zjg4cg44Ki44Km44OI44Os44OD44OI44K344Ol44O844K644GK6LK344GE54mp44Oe44Op44K944OzIOODnuODqeOCveODsw==,44Ki44OD44OR44O844Go5ZCM57O76Imy44Gu44CB5aWz5oCn44KJ44GX44GE44Oq44Oc44Oz44OR44Oz44OX44K544CC,PGRpdiBjbGFzcz0iSXRlbVBhZ2UiPjxicj48YnI+PGJyPjxjZW50ZXI+PGltZyBzcmM9aHR0cDovL2ltYWdlLnJha3V0ZW4uY28uanAvb3V0bGV0c2hvZXMvY2FiaW5ldC9qZjBjYS9qZjBjYS01NTY3MDEtMDAxLmpwZz48L2NlbnRlcj48YnI+PGJyPjxicj48YnI+PGJyPjxicj48ZGl2IGNsYXNzPSJJdGVtUGFnZSI+PGNlbnRlcj48aW1nIHNyYz1odHRwOi8vaW1hZ2UucmFrdXRlbi5jby5qcC9vdXRsZXRzaG9lcy9jYWJpbmV0L2pmMGNhL2pmMGNhLTU1NjcwMS0wMS5qcGc+PC9jZW50ZXI+PGJyPjxicj48YnI+PGJyPjxicj48YnI+PGJyPjxicj48Y2VudGVyPjxpbWcgc3JjPWh0dHA6Ly9pbWFnZS5yYWt1dGVuLmNvLmpwL291dGxldHNob2VzL2NhYmluZXQvamYwY2EvamYwY2EtNTU2NzAxLTAwMi5qcGc+PC9jZW50ZXI+PGJyPjxicj48ZGl2IHN0eWxlPSJ3aWR0aDo2NTA7IGZvbnQtZmFtaWx5OuODoeOCpOODquOCqjtmb250LXNpemU6IDExcHg7bGluZS1oZWlnaHQ6IDE3MCU7Y29sb3I6IHJnYmEoMTAyLDEwMiwxMDIsMSk7dGV4dC1hbGlnbjogbGVmdHI7ICAgIG1hcmdpbi1sZWZ0OjY1cHg7ICAgIG1hcmdpbi1yaWdodDo2NXB4OyI+44OW44Op44OD44Kv77yP44Ko44OK44Oh44Or6Kq/552A55So44CAbW9kZWwgMTYyY208YnI+PC9kaXY+PGJyPjxicj48YnI+PGJyPjxicj48YnI+PGJyPjxicj48YnI+PGNlbnRlcj48aW1nIHNyYz1odHRwOi8vaW1hZ2UucmFrdXRlbi5jby5qcC9vdXRsZXRzaG9lcy9jYWJpbmV0L2pmMGNhL2pmMGNhLTU1NjcwMS0wMDMuanBnPjwvY2VudGVyPjxicj48YnI+PGRpdiBzdHlsZT0id2lkdGg6NjUwOyBmb250LWZhbWlseTrjg6HjgqTjg6rjgqo7Zm9udC1zaXplOiAxMXB4O2xpbmUtaGVpZ2h0OiAxNzAlO2NvbG9yOiByZ2JhKDEwMiwxMDIsMTAyLDEpO3RleHQtYWxpZ246IGxlZnRyOyAgICBtYXJnaW4tbGVmdDo2NXB4OyAgICBtYXJnaW4tcmlnaHQ6NjVweDsiPuODluODqeODg+OCr++8j+OCqOODiuODoeODq+iqv+edgOeUqDxicj48L2Rpdj48YnI+PGJyPjxicj48YnI+PGJyPjxicj48YnI+PGJyPjxicj48Y2VudGVyPjxpbWcgc3JjPWh0dHA6Ly9pbWFnZS5yYWt1dGVuLmNvLmpwL291dGxldHNob2VzL2NhYmluZXQvamYwY2EvamYwY2EtNTU2NzAxLTAwNC5qcGc+PC9jZW50ZXI+PGJyPjxicj48ZGl2IHN0eWxlPSJ3aWR0aDo2NTA7IGZvbnQtZmFtaWx5OuODoeOCpOODquOCqjtmb250LXNpemU6IDExcHg7bGluZS1oZWlnaHQ6IDE3MCU7Y29sb3I6IHJnYmEoMTAyLDEwMiwxMDIsMSk7dGV4dC1hbGlnbjogbGVmdHI7ICAgIG1hcmdpbi1sZWZ0OjY1cHg7ICAgIG1hcmdpbi1yaWdodDo2NXB4OyI+44OZ44O844K444Ol77yP44Ko44OK44Oh44Or6Kq/552A55So44CAbW9kZWwgMTYyY208YnI+4pag44Kz44O844OH44Kj44ON44O844OI44Ki44Kk44OG44OgPGJyPjxhIGhyZWY9Imh0dHA6Ly9pdGVtLnJha3V0ZW4uY28uanAvb3V0bGV0c2hvZXMvamYwdG8tZ3RzMjU1MS8iPjjoibLjgYvjgonpgbjjgbnjgosgVVbjgqvjg4Pjg4gg44Kr44O844OH44Kj44Ks44OzPC9hPjxicj48YSBocmVmPSJodHRwOi8vaXRlbS5yYWt1dGVuLmNvLmpwL291dGxldHNob2VzL2pmMGJtLXdxdzU0NTgvIj7jg5Tjg7zjg4HntKDmnZAg44K544Kr44O844OIPC9hPjxicj48YSBocmVmPSJodHRwOi8vaXRlbS5yYWt1dGVuLmNvLmpwL291dGxldHNob2VzL2p4MGJnLWh3MjA1LyI+44OV44Kn44Kk44Kv44Os44K244O844OP44Oz44OJ44OQ44OD44KwPC9hPjxicj48L2Rpdj48YnI+PGJyPjxicj48YnI+PGJyPjxicj48YnI+PGJyPjxicj48Y2VudGVyPjxpbWcgc3JjPWh0dHA6Ly9pbWFnZS5yYWt1dGVuLmNvLmpwL291dGxldHNob2VzL2NhYmluZXQvamYwY2EvamYwY2EtNTU2NzAxLTAwNS5qcGc+PC9jZW50ZXI+PGJyPjxicj48ZGl2IHN0eWxlPSJ3aWR0aDo2NTA7IGZvbnQtZmFtaWx5OuODoeOCpOODquOCqjtmb250LXNpemU6IDExcHg7bGluZS1oZWlnaHQ6IDE3MCU7Y29sb3I6IHJnYmEoMTAyLDEwMiwxMDIsMSk7dGV4dC1hbGlnbjogbGVmdHI7ICAgIG1hcmdpbi1sZWZ0OjY1cHg7ICAgIG1hcmdpbi1yaWdodDo2NXB4OyI+44OZ44O844K444Ol77yP44Ko44OK44Oh44Or6Kq/552A55SoPGJyPjwvZGl2Pjxicj48YnI+PGJyPjxicj48YnI+PGJyPjxicj48YnI+PGJyPjxjZW50ZXI+PGltZyBzcmM9aHR0cDovL2ltYWdlLnJha3V0ZW4uY28uanAvb3V0bGV0c2hvZXMvY2FiaW5ldC9qZjBjYS9qZjBjYS01NTY3MDEtMDA2LmpwZz48L2NlbnRlcj48YnI+PGJyPjxkaXYgc3R5bGU9IndpZHRoOjY1MDsgZm9udC1mYW1pbHk644Oh44Kk44Oq44KqO2ZvbnQtc2l6ZTogMTFweDtsaW5lLWhlaWdodDogMTcwJTtjb2xvcjogcmdiYSgxMDIsMTAyLDEwMiwxKTt0ZXh0LWFsaWduOiBsZWZ0cjsgICAgbWFyZ2luLWxlZnQ6NjVweDsgICAgbWFyZ2luLXJpZ2h0OjY1cHg7Ij7jg5njg7zjgrjjg6XvvI/jgqjjg4rjg6Hjg6voqr/nnYDnlKg8YnI+PC9kaXY+PGJyPjxicj48YnI+PGJyPjxicj48YnI+PGJyPjxicj48YnI+PGNlbnRlcj48aW1nIHNyYz1odHRwOi8vaW1hZ2UucmFrdXRlbi5jby5qcC9vdXRsZXRzaG9lcy9jYWJpbmV0L2pmMGNhL2pmMGNhLTU1NjcwMS0wMDcuanBnPjwvY2VudGVyPjxicj48YnI+PGRpdiBzdHlsZT0id2lkdGg6NjUwOyBmb250LWZhbWlseTrjg6HjgqTjg6rjgqo7Zm9udC1zaXplOiAxMXB4O2xpbmUtaGVpZ2h0OiAxNzAlO2NvbG9yOiByZ2JhKDEwMiwxMDIsMTAyLDEpO3RleHQtYWxpZ246IGxlZnRyOyAgICBtYXJnaW4tbGVmdDo2NXB4OyAgICBtYXJnaW4tcmlnaHQ6NjVweDsiPuODmeODvOOCuOODpe+8j+OCqOODiuODoeODq+iqv+edgOeUqDxicj48L2Rpdj48YnI+PGJyPjxicj48YnI+PGJyPjxicj48YnI+PGJyPjxicj48aW1nIHNyYz1odHRwOi8vaW1hZ2UucmFrdXRlbi5jby5qcC9vdXRsZXRzaG9lcy9jYWJpbmV0L3B0L2tvZGF3YXJpLTMuZ2lmPjxicj48YnI+PGJyPjxicj48YnI+PGltZyBzcmM9aHR0cDovL2ltYWdlLnJha3V0ZW4uY28uanAvb3V0bGV0c2hvZXMvY2FiaW5ldC9qZjBjYS9qZjBjYS01NTY3MDEtcHQxLmpwZz48YnI+PGJyPjxicj48YnI+PGJyPjxicj48YnI+PGJyPjxicj48YnI+PGJyPjxpbWcgc3JjPWh0dHA6Ly9pbWFnZS5yYWt1dGVuLmNvLmpwL291dGxldHNob2VzL2NhYmluZXQvamYwY2EvamYwY2EtNTU2NzAxLXB0Mi5qcGc+PGJyPjxicj48YnI+PGJyPjxicj48YnI+PGJyPjxicj48YnI+PGJyPjxicj48aW1nIHNyYz1odHRwOi8vaW1hZ2UucmFrdXRlbi5jby5qcC9vdXRsZXRzaG9lcy9jYWJpbmV0L2pmMGNhL2pmMGNhLTU1NjcwMS1wdDMuanBnPjxicj48YnI+PGJyPjxicj48YnI+PGJyPjxicj48YnI+PGJyPjxicj48YnI+PGltZyBzcmM9aHR0cDovL2ltYWdlLnJha3V0ZW4uY28uanAvb3V0bGV0c2hvZXMvY2FiaW5ldC9qZjBjYS9qZjBjYS01NTY3MDEtcHQ0LmpwZz48YnI+PGJyPjxicj48YnI+PGJyPjxicj48YnI+PGJyPjxicj48YnI+PGJyPjxpbWcgc3JjPWh0dHA6Ly9pbWFnZS5yYWt1dGVuLmNvLmpwL291dGxldHNob2VzL2NhYmluZXQvamYwY2EvamYwY2EtNTU2NzAxLXB0NS5qcGc+PGJyPjxicj48YnI+PGJyPjxicj48YnI+PGJyPjxicj48YnI+PGJyPjxicj48aW1nIHNyYz1odHRwOi8vaW1hZ2UucmFrdXRlbi5jby5qcC9vdXRsZXRzaG9lcy9jYWJpbmV0L3B0L2RldGFpbC0zLmdpZj48YnI+PGltZyBzcmM9aHR0cDovL2ltYWdlLnJha3V0ZW4uY28uanAvb3V0bGV0c2hvZXMvY2FiaW5ldC9qZjBjYS9qZjBjYS01NTY3MDEtczEuanBnPjxicj48aW1nIHNyYz1odHRwOi8vaW1hZ2UucmFrdXRlbi5jby5qcC9vdXRsZXRzaG9lcy9jYWJpbmV0L2pmMGNhL2pmMGNhLTU1NjcwMS1zMi5qcGc+PGJyPjxpbWcgc3JjPWh0dHA6Ly9pbWFnZS5yYWt1dGVuLmNvLmpwL291dGxldHNob2VzL2NhYmluZXQvamYwY2EvamYwY2EtNTU2NzAxLXMzLmpwZz48YnI+PGltZyBzcmM9aHR0cDovL2ltYWdlLnJha3V0ZW4uY28uanAvb3V0bGV0c2hvZXMvY2FiaW5ldC9qZjBjYS9qZjBjYS01NTY3MDEtczQuanBnPjxicj48aW1nIHNyYz1odHRwOi8vaW1hZ2UucmFrdXRlbi5jby5qcC9vdXRsZXRzaG9lcy9jYWJpbmV0L2pmMGNhL2pmMGNhLTU1NjcwMS1zNS5qcGc+PGJyPjxicj48YnI+PGJyPjxicj48YnI+PGJyPjxicj48YnI+PGJyPjxpbWcgc3JjPWh0dHA6Ly9pbWFnZS5yYWt1dGVuLmNvLmpwL291dGxldHNob2VzL2NhYmluZXQvcHQvY29sb3ItMS5naWY+PGJyPjxicj48YnI+PGJyPjxpbWcgc3JjPWh0dHA6Ly9pbWFnZS5yYWt1dGVuLmNvLmpwL291dGxldHNob2VzL2NhYmluZXQvamYwY2EvamYwY2EtNTU2NzAxXzEuanBnPjxicj48YnI+PGJyPjxicj48YnI+PGJyPjxpbWcgc3JjPWh0dHA6Ly9pbWFnZS5yYWt1dGVuLmNvLmpwL291dGxldHNob2VzL2NhYmluZXQvamYwY2EvamYwY2EtNTU2NzAxLTNtZW4uanBnPjxicj48YnI+PGJyPjxicj48YnI+PGJyPjxicj48YnI+PGJyPjxicj48aW1nIHNyYz1odHRwOi8vaW1hZ2UucmFrdXRlbi5jby5qcC9vdXRsZXRzaG9lcy9jYWJpbmV0L2pmMGNhL2pmMGNhLTU1NjcwMS1zaXplLXMuZ2lmPjxicj48aW1nIHNyYz1odHRwOi8vaW1hZ2UucmFrdXRlbi5jby5qcC9vdXRsZXRzaG9lcy9jYWJpbmV0L3B0L3NpemVrLXMuanBnPjxicj48YnI+PGJyPjxicj48aW1nIHNyYz1odHRwOi8vaW1hZ2UucmFrdXRlbi5jby5qcC9vdXRsZXRzaG9lcy9jYWJpbmV0L3B0L2ZpdHRpbmcuZ2lmPjxicj48YnI+PGJyPjxpbWcgc3JjPWh0dHA6Ly9pbWFnZS5yYWt1dGVuLmNvLmpwL291dGxldHNob2VzL2NhYmluZXQvcHQvc3RhZmYtc2l6ZS0xLmdpZj48YnI+PGJyPjxicj48aW1nIHNyYz1odHRwOi8vaW1hZ2UucmFrdXRlbi5jby5qcC9vdXRsZXRzaG9lcy9jYWJpbmV0L3B0L2Zvb3QtaWxsYS0wMy5naWY+PGJyPjxicj48YnI+PGltZyBzcmM9aHR0cDovL3d3dy5yYWt1dGVuLm5lLmpwL2dvbGQvb3V0bGV0c2hvZXMvc20taW1hZ2VzL2pmMGNhL2pmMGNhLTU1NjcwMS1maXQuZ2lmPjxicj48YnI+PGJyPjxicj48YnI+PGltZyBzcmM9aHR0cDovL2ltYWdlLnJha3V0ZW4uY28uanAvb3V0bGV0c2hvZXMvY2FiaW5ldC9qZjBjYS9qZjBjYS01NTY3MDEtc3BlY24uZ2lmPjxicj48YnI+PGJyPjxicj48YnI+PGJyPjxicj48ZGl2IGNsYXNzPSJLb21vamkxIiBhbGlnbj0ibGVmdCI+44CQ5Y+W44KK5omx44GE5LiK44Gu5rOo5oSP44CRIDxicj7igLvnlLLpnanjga7msZrjgozjga/jgIHmsLTjgafjgazjgonjgZfjgZ/luIPjgafmi63jgY3lj5bjgaPjgabjgY/jgaDjgZXjgYTjgII8YnI+4oC754Gr44Gu44Gd44Gw44Gr572u44GP44Go6Luf5YyW44GX44CB44G+44Gf44Gv5aSJ5b2i44GZ44KL44GT44Go44GM44GC44KK44G+44GZ44CCPGJyPuKAu+S5vueHpeOBmeOCi+aZguOBr+OAgemZsOW5suOBl+OBq+OBl+OBpuOBj+OBoOOBleOBhOOAgjxicj48L2Rpdj48YnI+PGJyPjxhIGhyZWY9Imh0dHA6Ly9pdGVtLnJha3V0ZW4uY28uanAvb3V0bGV0c2hvZXMvYy8wMDAwMDAwNTM3LyNzdGFmZi1zaXplIj48aW1nIHNyYz1odHRwOi8vaW1hZ2UucmFrdXRlbi5jby5qcC9vdXRsZXRzaG9lcy9jYWJpbmV0L3B0L3N0YWZmZGF0YS5naWY+PC9hPjxicj48YSBocmVmPSJodHRwOi8vaXRlbS5yYWt1dGVuLmNvLmpwL291dGxldHNob2VzL2MvMDAwMDAwMDUzNy8jc2l6ZS1rZWlzb2t1Ij48aW1nIHNyYz1odHRwOi8vaW1hZ2UucmFrdXRlbi5jby5qcC9vdXRsZXRzaG9lcy9jYWJpbmV0L3B0L3NpemVwb2ludC5naWY+PC9hPjxicj48YnI+PGJyPjxicj48ZGl2IGNsYXNzPSJJdGVtUGFnZSI+PGNlbnRlcj48aW1nIHNyYz1odHRwOi8vaW1hZ2UucmFrdXRlbi5jby5qcC9vdXRsZXRzaG9lcy9jYWJpbmV0L3B0L3R5dXVpLmdpZj48L2NlbnRlcj48L2Rpdj48YnI+PGJyPjxicj48YnI+PGRpdiBjbGFzcz0ia2V5LXdhcmQtMDEiPuKWvOOCouOCpOODhuODoCDjgq3jg7zjg6/jg7zjg4k8YnI+PCEtLUBASXRlbV9LZXl3b3JkLS0+44OR44Oz44OX44K5IOeXm+OBj+OBquOBhCDjg5Ljg7zjg6sg5aSq44OS44O844OrIOOCouOCpuODiOODrOODg+ODiOOCt+ODpeODvOOCuiDntZDlqZrlvI8g44Oq44Oc44OzIOOCsOODreOCsOODqeODsyDjgqjjg4rjg6Hjg6voqr8g44Kt44Oj44Oz44OQ44K5IOODkeOCpOODlOODs+OCsCDpu5Ig44OW44Op44OD44KvIOODmeODvOOCuOODpSDjg43jgqTjg5Pjg7wg57S6IOaYpeWkjyDmmKUg5aSPIOWkp+S6uiAyMDE15pil5aSP5paw5L2cIOOCpOODs+ODneODvOODiOOCt+ODpeODvOOCuiDjg5Djg6zjgqjjgrfjg6Xjg7zjgrog5aSn44GN44GE44K144Kk44K6IOODreODvOODkuODvOODqyDkvY7lj43nmbog57WQ5ama5byPIOWtpuW8jyDlhqDlqZrokaznpa08YnI+44CQMjEuMOOCu+ODs+ODgeOCteOCpOOCuuOAkSDjgJAyMWNt44CR44CQMjEuNeOCu+ODs+ODgeOCteOCpOOCuuOAkSDjgJAyMS41Y23jgJEg44CQMjIuMOOCu+ODs+ODgeOCteOCpOOCuuOAkSDjgJAyMmNt44CRIOOAkDIyLjXjgrvjg7Pjg4HjgrXjgqTjgrrjgJEg44CQMjIuNWNt44CRIOOAkDIzLjDjgrvjg7Pjg4HjgrXjgqTjgrrjgJEg44CQMjNjbeOAkSDjgJAyMy4144K744Oz44OB44K144Kk44K644CRIOOAkDIzLjVjbeOAkSDjgJAyNC4w44K744Oz44OB44K144Kk44K644CRIOOAkDI0Y23jgJEg44CQMjQuNeOCu+ODs+ODgeOCteOCpOOCuuOAkSDjgJAyNC41Y23jgJEg44CQMjUuMOOCu+ODs+ODgeOCteOCpOOCuuOAkSDjgJAyNWNt44CRIOOAkDI1LjXjgrvjg7Pjg4HjgrXjgqTjgrrjgJEg44CQMjUuNWNt44CRIOOAkDI2LjDjgrvjg7Pjg4HjgrXjgqTjgrrjgJEg44CQMjZjbeOAkSDjgJAyNi4144K744Oz44OB44K144Kk44K644CRIOOAkDI2LjVjbeOAkSDjgJAyNy4w44K744Oz44OB44K144Kk44K644CRIOOAkDI3Y23jgJE8L2Rpdj48IS0tQEAvSXRlbV9LZXl3b3JkLS0+PGJyPjxicj48YnI+PC9kaXY+PCEtLUBAL1BDX0l0ZW1fU2FsZV9EZXNjcmlwdGlvbi0tPjwhLS1AQFVuZGVyX0RlbGV0ZS0tPjxicj48YnI+PGEgaHJlZj1odHRwOi8vaXRlbS5yYWt1dGVuLmNvLmpwL291dGxldHNob2VzL2dpZnRraXQvIHRhcmdldD1fYmxhbms+PGltZyBzcmM9aHR0cDovL2ltYWdlLnJha3V0ZW4uY28uanAvb3V0bGV0c2hvZXMvY2FiaW5ldC9wdC9naWZ0a2l0LmdpZj48L2E+PGJyPjxicj48YnI+PGJyPjxhIGhyZWY9aHR0cDovL2l0ZW0ucmFrdXRlbi5jby5qcC9vdXRsZXRzaG9lcy9jLzAwMDAwMDEwMDcvIHRhcmdldD1fYmxhbms+PGltZyBzcmM9aHR0cDovL2ltYWdlLnJha3V0ZW4uY28uanAvb3V0bGV0c2hvZXMvY2FiaW5ldC9wdC9pbmZvLWtvdWthbi5naWY+PC9hPjxicj48YnI+PGJyPjxicj48YnI+PGEgaHJlZj0iaHR0cDovL3d3dy5yYWt1dGVuLm5lLmpwL2dvbGQvb3V0bGV0c2hvZXMvcmVhcnJpdmFsLXJlcXVlc3QuaHRtbCIgdGFyZ2V0PSJfYmxhbmsiPjxpbWcgc3JjPSJodHRwOi8vaW1hZ2UucmFrdXRlbi5jby5qcC9vdXRsZXRzaG9lcy9jYWJpbmV0L2Jhbm5lci9yZV9hcnJpdmFsLmdpZiI+PC9hPjxicj48YnI+PGJyPjxicj48YnI+PGJyPjwhLS1TQUxF55SoLS0+PGJyPjxicj48YnI+PGEgaHJlZj0iaHR0cDovL3d3dy5yYWt1dGVuLm5lLmpwL2dvbGQvb3V0bGV0c2hvZXMvYXN1X2dhaXlvdS5odG1sIj48aW1nIHNyYz0iaHR0cDovL3RodW1ibmFpbC5pbWFnZS5yYWt1dGVuLmNvLmpwL0AwX21hbGwvb3V0bGV0c2hvZXMvY2FiaW5ldC9tYWlsMDIvYXN1cmFrdS5naWY/X2V4PTY1MHg2NTAiPjwvYT48YnI+PGJyPjxicj48YnI+44CQ44Gv44GT44G944GZ5a++5b+c5ZWG5ZOB44CR44CQ5qW95aSpQk9Y5Y+X5Y+W5a++6LGh5ZWG5ZOB77yI44Os44OH44Kj44O844K544OV44Kh44OD44K344On44Oz77yJ44CRPGJyPjxicj4KPGZvbnQgc2l6ZT0yPuOAkOOCs+ODs+ODk+ODi+WPl+WPluWvvuW/nOWVhuWTgeOAkTwvZm9udD48dGFibGUgd2lkdGg9IjY1MCIgY2VsbHBhZGRpbmc9IjAiIGNlbGxzcGFjaW5nPSI1IiBib3JkZXI9IjAiPgo8dHI+Cjx0ZD48aW1nIHNyYz0iaHR0cDovL2ltYWdlLnJha3V0ZW4uY28uanAvb3V0bGV0c2hvZXMvY2FiaW5ldC9ldmVudC9zcF9iXzR0cmVuZC5qcGciIHdpZHRoPSIzMjAiPjwvdGQ+Cjx0ZD48aW1nIHNyYz0iaHR0cHM6Ly90aHVtYm5haWwuaW1hZ2UucmFrdXRlbi5jby5qcC9AMF9tYWxsL291dGxldHNob2VzL2NhYmluZXQvZXZlbnQvc3BfYl9lbmFtZWxwdW1wcy5qcGciIHdpZHRoPSIzMjAiPjwvdGQ+CjwvdHI+Cjx0cj4KPHRkPjxpbWcgc3JjPSJodHRwOi8vaW1hZ2UucmFrdXRlbi5jby5qcC9vdXRsZXRzaG9lcy9jYWJpbmV0L2V2ZW50L3NwX2Jfc3VtbWVyLmpwZyIgd2lkdGg9IjMyMCI+PC90ZD4KPHRkPjxpbWcgc3JjPSJodHRwOi8vaW1hZ2UucmFrdXRlbi5jby5qcC9vdXRsZXRzaG9lcy9jYWJpbmV0L2V2ZW50L3NwX2Jfc2VsZWN0MjQuanBnIiB3aWR0aD0iMzIwIj48L3RkPgo8L3RyPgo8L3RhYmxlPg==,44Oq44Oc44OzIOODkOODrOOCqCDjg5Hjg7Pjg5fjgrkg55eb44GP44Gq44GEIOODkuODvOODqyDlpKrjg5Ljg7zjg6sgMjAxN+WkjyB8IOODrOODh+OCo+ODvOOCuSDpnbQg44OQ44Os44Ko44K344Ol44O844K6IOODkOODrOOCqOODkeODs+ODl+OCuSDjgqjjg4rjg6Hjg6sg5q2p44GN44KE44GZ44GEIOOCsOODrOODvCDjg5njg7zjgrjjg6Ug44Kt44Oj44Oz44OQ44K5IOm7kiDjg5bjg6njg4Pjgq8gIOWNkualreW8jyDlhaXlrablvI8g5qW944OB44OzIOODqeOCr+ODgeODsyDjgrPjg7zjg4cg44Ki44Km44OI44Os44OD44OI44K344Ol44O844K644GK6LK344GE54mp44Oe44Op44K944OzIOODnuODqeOCveODs++8muOCouOCpuODiOODrOODg+ODiOOCt+ODpeODvOOCuiBvdXRsZXRzaG9lcw==,6Z2044OR44Oz44OX44K544Ko44K544OR44OJ44Oq44O844Om44K144Oz44OA44Or5aSn44GN44GE44K144Kk44K65aSn44GN44GE6Z205bCP44GV44GE44K144Kk44K644K544OI44Op44OD44OX44OQ44Os44Ko44K344Ol44O844K655eb44GP44Gq44GEMjZjbeODreODvOODkuODvOODq+OCpuOCqOODg+OCuOOCveODvOODqzI3Y23jgq3jg4PjgroyMWNt44Os44OH44Kj44O844K5MjEuNWNt44OV44Op44OD44OI44K344Ol44O844K644Ki44Km44OI44Os44OD44OI44K344Ol44O844K644Oq44Oc44OzIOODkOODrOOCqCDjg5Hjg7Pjg5fjgrkg55eb44GP44Gq44GEIOODkuODvOODqyDlpKrjg5Ljg7zjg6sgMjAxN+WkjyB8IOODrOODh+OCo+ODvOOCuSDpnbQg44OQ44Os44Ko44K344Ol44O844K6IOODkOODrOOCqOODkeODs+ODl+OCuSDjgqjjg4rjg6Hjg6sg5q2p44GN44KE44GZ44GEIOOCsOODrOODvCDjg5njg7zjgrjjg6Ug44Kt44Oj44Oz44OQ44K5IOm7kiDjg5bjg6njg4Pjgq8gIOWNkualreW8jyDlhaXlrablvI8g5qW944OB44OzIOODqeOCr+ODgeODsyDjgrPjg7zjg4cg44Ki44Km44OI44Os44OD44OI44K344Ol44O844K644GK6LK344GE54mp44Oe44Op44K944OzIOODnuODqeOCveODsw==,44Ki44OD44OR44O844Go5ZCM57O76Imy44Gu44CB5aWz5oCn44KJ44GX44GE44Oq44Oc44Oz44OR44Oz44OX44K544CC44CC44Oq44Oc44OzIOODkOODrOOCqCDjg5Hjg7Pjg5fjgrkg55eb44GP44Gq44GEIOODkuODvOODqyDlpKrjg5Ljg7zjg6sgMjAxN+WkjyB8IOODrOODh+OCo+ODvOOCuSDpnbQg44OQ44Os44Ko44K344Ol44O844K6IOODkOODrOOCqOODkeODs+ODl+OCuSDjgqjjg4rjg6Hjg6sg5q2p44GN44KE44GZ44GEIOOCsOODrOODvCDjg5njg7zjgrjjg6Ug44Kt44Oj44Oz44OQ44K5IOm7kiDjg5bjg6njg4Pjgq8gIOWNkualreW8jyDlhaXlrablvI8g5qW944OB44OzIOODqeOCr+ODgeODsyDjgrPjg7zjg4cg44Ki44Km44OI44Os44OD44OI44K344Ol44O844K644GK6LK344GE54mp44Oe44Op44K944OzIOODnuODqeOCveODsw==[rn]
7-31691,aHR0cDovL3RzaG9wLnIxMHMuanAvb3V0bGV0c2hvZXMvY2FiaW5ldC9hYTFwcC9hYTFwcC0xNzYyMl9tMG4uanBnP2ZpdGluPTcwMDo3MDA=,MTkwNC4wMDAw,,6Z20ID4g44Os44OH44Kj44O844K56Z20ID4g44OR44Oz44OX44K5,4pa844Gq44KB44KJ44GL44K544Ko44O844OJ44OU44Oz44OS44O844Or44OR44Oz44OX44K5W+ODqeOCpuODs+ODieODiOOCpeODuzguNWNt44OS44O844OrXeeXm+OBj+OBquOBhCDmranjgY3jgoTjgZnjgYQg44Os44OH44Kj44O844K5IOWwj+OBleOBhOOCteOCpOOCuiDlpKfjgY3jgYTjgrXjgqTjgrogIOiyt+OBhOOBvuOCj+OCinwgIOmdtCDjg5Hjg7Pjg5fjgrkg44K544Ko44O844OJIOODlOODs+ODkuODvOODqyDotaQg6buSIOOCreODo+ODoeODqyDjg43jgqTjg5Pjg7wg44OW44Op44OD44KvICDljZLmpa3lvI8g44Ki44Km44OI44Os44OD44OI44K344Ol44O844K644GK6LK344GE54mp44Oe44Op44K944OzIOODnuODqeOCveODsw==,44K344Oq44O844K657Sv6KiINDc5OTfotrPnqoHnoLTvvIHmpb3lpKnjg6njg7Pjgq3jg7PjgrAx5L2N4piF,IDxicj48ZGl2IGFsaWduPSJjZW50ZXIiPjxpbWcgc3JjPSJodHRwOi8vaW1hZ2UucmFrdXRlbi5jby5qcC9vdXRsZXRzaG9lcy9jYWJpbmV0L2Jhbm5lci9pbWFtYWRlLmdpZiI+PGJyPjxpbWcgc3JjPSJodHRwOi8vaW1hZ2UucmFrdXRlbi5jby5qcC9vdXRsZXRzaG9lcy9jYWJpbmV0L2Jhbm5lci80LmdpZiI+PGltZyBzcmM9Imh0dHA6Ly9pbWFnZS5yYWt1dGVuLmNvLmpwL291dGxldHNob2VzL2NhYmluZXQvYmFubmVyLzcuZ2lmIj48aW1nIHNyYz0iaHR0cDovL2ltYWdlLnJha3V0ZW4uY28uanAvb3V0bGV0c2hvZXMvY2FiaW5ldC9iYW5uZXIvOS5naWYiPjxpbWcgc3JjPSJodHRwOi8vaW1hZ2UucmFrdXRlbi5jby5qcC9vdXRsZXRzaG9lcy9jYWJpbmV0L2Jhbm5lci85LmdpZiI+PGltZyBzcmM9Imh0dHA6Ly9pbWFnZS5yYWt1dGVuLmNvLmpwL291dGxldHNob2VzL2NhYmluZXQvYmFubmVyLzcuZ2lmIj48aW1nIHNyYz0iaHR0cDovL2ltYWdlLnJha3V0ZW4uY28uanAvb3V0bGV0c2hvZXMvY2FiaW5ldC9iYW5uZXIvc29rdS5naWYiPjxicj48aW1nIHNyYz0iaHR0cDovL2ltYWdlLnJha3V0ZW4uY28uanAvb3V0bGV0c2hvZXMvY2FiaW5ldC9iYW5uZXIvb2thZ2UuZ2lmIj48YnI+4oC7MjAxNC8xMC8yMOOAgOePvuWcqOOAgOOCt+ODquODvOOCuue3j+ioiDxicj48YnI+PC9kaXY+PGJyPjxpbWcgc3JjPWh0dHA6Ly9pbWFnZS5yYWt1dGVuLmNvLmpwL291dGxldHNob2VzL2NhYmluZXQvYWExcHAvYWExcHAtMTc2MjItMDAxLmpwZz48YnI+PGJyPjxkaXYgc3R5bGU9InBhZGRpbmc6MzBweDsiPjwvZGl2PjxpbWcgc3JjPWh0dHA6Ly9pbWFnZS5yYWt1dGVuLmNvLmpwL291dGxldHNob2VzL2NhYmluZXQvYWExcHAvYWExcHAtMTc2MjItMDAyLmpwZz48YnI+PGJyPjxmb250IHN0eWxlPSJmb250LXNpemU6MTFweDsgY29sb3I6IzU1NTU1NTsgbGluZS1oZWlnaHQ6MTNwdDsgbGV0dGVyLXNwYWNpbmc6MC42cHg7IHRleHQtYWxpZ246bGVmdDsiPuOAgOOAgOedgOeUqOOCq+ODqeODvCDjgIDjg6zjg4Pjg4njgIDjg6Ljg4fjg6vouqvplbfntIQxNjJjbTxicj48L2ZvbnQ+PGRpdiBzdHlsZT0icGFkZGluZzo2MHB4OyI+PC9kaXY+PGltZyBzcmM9aHR0cDovL2ltYWdlLnJha3V0ZW4uY28uanAvb3V0bGV0c2hvZXMvY2FiaW5ldC9hYTFwcC9hYTFwcC0xNzYyMi0wMDMuanBnPjxicj48ZGl2IHN0eWxlPSJwYWRkaW5nOjYwcHg7Ij48L2Rpdj48aW1nIHNyYz1odHRwOi8vaW1hZ2UucmFrdXRlbi5jby5qcC9vdXRsZXRzaG9lcy9jYWJpbmV0L2FhMXBwL2FhMXBwLTE3NjIyLTAwNC5qcGc+PGJyPjxkaXYgc3R5bGU9InBhZGRpbmc6NjBweDsiPjwvZGl2PjxpbWcgc3JjPWh0dHA6Ly9pbWFnZS5yYWt1dGVuLmNvLmpwL291dGxldHNob2VzL2NhYmluZXQvYWExcHAvYWExcHAtMTc2MjItMDA1LmpwZz48YnI+PGZvbnQgc3R5bGU9ImxpbmUtaGVpZ2h0OjEzcHQ7IGZvbnQtc2l6ZToxMnB4OyBjb2xvcjojNjY2NjY2OyI+4pag44Kz44O844OH44Kj44ON44O844OI44Gr5L2/55So44GX44Gf44Ki44Kk44OG44OgPC9mb250Pjx0YWJsZSBzdHlsZT0ibGluZS1oZWlnaHQ6MTNwdDsgZm9udC1zaXplOjEwcHg7IGNvbG9yOiM2NjY2NjY7Ij48dHIgdmFsaWduPSJ0b3AiPjx0ZD48YSBocmVmPSJodHRwOi8vaXRlbS5yYWt1dGVuLmNvLmpwL291dGxldHNob2VzL2tsb3MtMTAwNTEzMyI+PGltZyBzcmM9Imh0dHA6Ly93d3cucmFrdXRlbi5uZS5qcC9nb2xkL291dGxldHNob2VzL2l0ZW0taW1hZ2UvdGIwemsva2xvcy0xMDA1MTMzX2kxLmpwZyIgYm9yZGVyPSIwIj48L2E+PC90ZD48dGQ+PGEgaHJlZj0iaHR0cDovL2l0ZW0ucmFrdXRlbi5jby5qcC9vdXRsZXRzaG9lcy9sd2xteC10NTE4LyI+PGltZyBzcmM9Imh0dHA6Ly9pbWFnZS5yYWt1dGVuLmNvLmpwL291dGxldHNob2VzL2NhYmluZXQvbGd3ci90aWdodHNfaTEuanBnIiBib3JkZXI9IjAiPjwvYT48L3RkPjx0ZD48YSBocmVmPSJodHRwOi8vaXRlbS5yYWt1dGVuLmNvLmpwL291dGxldHNob2VzL2FhMnBwLTE3NjMzLyI+PGltZyBzcmM9Imh0dHA6Ly93d3cucmFrdXRlbi5uZS5qcC9nb2xkL291dGxldHNob2VzL2l0ZW0taW1hZ2UvYWExcHAvYWExcHAtMTc2MjJfaTMuanBnIiBib3JkZXI9IjAiPjwvYT48L3RkPjwvdHI+PC90YWJsZT48YnI+PGRpdiBzdHlsZT0icGFkZGluZzo2MHB4OyI+PC9kaXY+PGltZyBzcmM9aHR0cDovL2ltYWdlLnJha3V0ZW4uY28uanAvb3V0bGV0c2hvZXMvY2FiaW5ldC9hYTFwcC9hYTFwcC0xNzYyMi0wMS5qcGc+PGJyPjxicj48YnI+PGZvbnQgc3R5bGU9ImZvbnQtc2l6ZToxMXB4OyBjb2xvcjojNTU1NTU1OyBsaW5lLWhlaWdodDoxM3B0OyBsZXR0ZXItc3BhY2luZzowLjZweDsgdGV4dC1hbGlnbjpsZWZ0OyI+44Oi44OH44Or55S75YOP44Gv44Kk44Oh44O844K444Gn44GZ44CC5a6f6Zqb44Gu5ZWG5ZOB44Gr6L+R44GE44GK6Imy44Gv5ZWG5ZOB5Y2Y5L2T44Gu44Kr44Op44O857S55LuL55S75YOP44KS44GU56K66KqN44GP44Gg44GV44GE44CCPC9mb250Pjxicj48YnI+PGJyPjxicj48ZGl2IHN0eWxlPSJoZWlnaHQ6NjBweCI+PC9kaXY+PGltZyBzcmM9aHR0cDovL2ltYWdlLnJha3V0ZW4uY28uanAvb3V0bGV0c2hvZXMvY2FiaW5ldC9wdC9tZW51ZS1ibGFuZC5naWY+PGJyPjxicj48aW1nIHNyYz1odHRwOi8vaW1hZ2UucmFrdXRlbi5jby5qcC9vdXRsZXRzaG9lcy9jYWJpbmV0L3B0L2RldGFpbDIuZ2lmPjxicj48dGFibGUgd2lkdGg9IjY1MCIgYm9yZGVyPSIwIiBjZWxscGFkZGluZz0iMTUiIGNlbGxzcGFjaW5nPSIwIiBzdHlsZT0ibGluZS1oZWlnaHQ6IDE2cHg7IEZPTlQtU0laRTogMTBweDsgY29sb3I6ICM2NjU1NjY7Ij48dHIgYWxpZ249Y2VudGVyIHZhbGlnbj10b3A+PHRkPjxhIGhyZWY9aHR0cDovL3d3dy5yYWt1dGVuLm5lLmpwL2dvbGQvb3V0bGV0c2hvZXMvaXRlbS1pbWFnZS9hYTFwcC9hYTFwcC0xNzYyMi1zMS0ybi5qcGcgdGFyZ2V0PV9ibGFuaz48aW1nIHNyYz1odHRwOi8vd3d3LnJha3V0ZW4ubmUuanAvZ29sZC9vdXRsZXRzaG9lcy9pdGVtLWltYWdlL2FhMXBwL2FhMXBwLTE3NjIyLXMxLTEuanBnIGJvcmRlcj0wIHZzcGFjZT01PjwvYT48L3RkPjx0ZD48YSBocmVmPWh0dHA6Ly93d3cucmFrdXRlbi5uZS5qcC9nb2xkL291dGxldHNob2VzL2l0ZW0taW1hZ2UvYWExcHAvYWExcHAtMTc2MjItczItMi5qcGcgdGFyZ2V0PV9ibGFuaz48aW1nIHNyYz1odHRwOi8vd3d3LnJha3V0ZW4ubmUuanAvZ29sZC9vdXRsZXRzaG9lcy9pdGVtLWltYWdlL2FhMXBwL2FhMXBwLTE3NjIyLXMyLTEuanBnIGJvcmRlcj0wIHZzcGFjZT01PjwvYT48L3RkPjwvdHI+PHRyIGFsaWduPWNlbnRlciB2YWxpZ249dG9wPjx0ZD48YSBocmVmPWh0dHA6Ly93d3cucmFrdXRlbi5uZS5qcC9nb2xkL291dGxldHNob2VzL2l0ZW0taW1hZ2UvYWExcHAvYWExcHAtMTc2MjItczMtMi5qcGcgdGFyZ2V0PV9ibGFuaz48aW1nIHNyYz1odHRwOi8vd3d3LnJha3V0ZW4ubmUuanAvZ29sZC9vdXRsZXRzaG9lcy9pdGVtLWltYWdlL2FhMXBwL2FhMXBwLTE3NjIyLXMzLTEuanBnIGJvcmRlcj0wIHZzcGFjZT01PjwvYT48L3RkPjx0ZD48YSBocmVmPWh0dHA6Ly93d3cucmFrdXRlbi5uZS5qcC9nb2xkL291dGxldHNob2VzL2l0ZW0taW1hZ2UvYWExcHAvYWExcHAtMTc2MjItczQtMi5qcGcgdGFyZ2V0PV9ibGFuaz48aW1nIHNyYz1odHRwOi8vd3d3LnJha3V0ZW4ubmUuanAvZ29sZC9vdXRsZXRzaG9lcy9pdGVtLWltYWdlL2FhMXBwL2FhMXBwLTE3NjIyLXM0LTEuanBnIGJvcmRlcj0wIHZzcGFjZT01PjwvYT48L3RkPjwvdHI+PHRyIGFsaWduPWNlbnRlciB2YWxpZ249dG9wPjx0ZD48YSBocmVmPWh0dHA6Ly93d3cucmFrdXRlbi5uZS5qcC9nb2xkL291dGxldHNob2VzL2l0ZW0taW1hZ2UvYWExcHAvYWExcHAtMTc2MjItczUtMi5qcGcgdGFyZ2V0PV9ibGFuaz48aW1nIHNyYz1odHRwOi8vd3d3LnJha3V0ZW4ubmUuanAvZ29sZC9vdXRsZXRzaG9lcy9pdGVtLWltYWdlL2FhMXBwL2FhMXBwLTE3NjIyLXM1LTEuanBnIGJvcmRlcj0wIHZzcGFjZT01PjwvYT48L3RkPjx0ZD48YSBocmVmPWh0dHA6Ly93d3cucmFrdXRlbi5uZS5qcC9nb2xkL291dGxldHNob2VzL2l0ZW0taW1hZ2UvYWExcHAvYWExcHAtMTc2MjItczYtMi5qcGcgdGFyZ2V0PV9ibGFuaz48aW1nIHNyYz1odHRwOi8vd3d3LnJha3V0ZW4ubmUuanAvZ29sZC9vdXRsZXRzaG9lcy9pdGVtLWltYWdlL2FhMXBwL2FhMXBwLTE3NjIyLXM2LTEuanBnIGJvcmRlcj0wIHZzcGFjZT01PjwvYT48L3RkPjwvdHI+PC90YWJsZT48YnI+PGJyPjxpbWcgc3JjPWh0dHA6Ly9pbWFnZS5yYWt1dGVuLmNvLmpwL291dGxldHNob2VzL2NhYmluZXQvcHQvY29sb3IyLmdpZj48YnI+PGJyPjx0YWJsZSB3aWR0aD02MzAgYm9yZGVyPTAgYWxpZ249Y2VudGVyIGNlbGxzcGFjaW5nPTAgc3R5bGU9ImxpbmUtaGVpZ2h0OiAxNnB4OyBGT05ULVNJWkU6IDEycHg7IGNvbG9yOiAjMzMzMzMzOyI+PHRyIGFsaWduPSJjZW50ZXIiIHZhbGlnbj0idG9wIj48dGQ+PGEgaHJlZj1odHRwOi8vd3d3LnJha3V0ZW4ubmUuanAvZ29sZC9vdXRsZXRzaG9lcy9pdGVtLWltYWdlL2FhMXBwL2FhMXBwLTE3NjIyLWMxLTIuanBnIHRhcmdldD1fYmxhbms+PGltZyBzcmM9aHR0cDovL3d3dy5yYWt1dGVuLm5lLmpwL2dvbGQvb3V0bGV0c2hvZXMvaXRlbS1pbWFnZS9hYTFwcC9hYTFwcC0xNzYyMi1jMS0xLmpwZyBib3JkZXI9MD48YnI+44OW44Op44OD44KvPC9hPjwvdGQ+PHRkPjxhIGhyZWY9aHR0cDovL3d3dy5yYWt1dGVuLm5lLmpwL2dvbGQvb3V0bGV0c2hvZXMvaXRlbS1pbWFnZS9hYTFwcC9hYTFwcC0xNzYyMi1jMi0yLmpwZyB0YXJnZXQ9X2JsYW5rPjxpbWcgc3JjPWh0dHA6Ly93d3cucmFrdXRlbi5uZS5qcC9nb2xkL291dGxldHNob2VzL2l0ZW0taW1hZ2UvYWExcHAvYWExcHAtMTc2MjItYzItMS5qcGcgYm9yZGVyPTA+PGJyPuODjeOCpOODk+ODvDwvYT48YnI+PGZvbnQgc2l6ZT0xPjwvZm9udD48L3RkPjx0ZD48YSBocmVmPWh0dHA6Ly93d3cucmFrdXRlbi5uZS5qcC9nb2xkL291dGxldHNob2VzL2l0ZW0taW1hZ2UvYWExcHAvYWExcHAtMTc2MjItYzMtMi5qcGcgdGFyZ2V0PV9ibGFuaz48aW1nIHNyYz1odHRwOi8vd3d3LnJha3V0ZW4ubmUuanAvZ29sZC9vdXRsZXRzaG9lcy9pdGVtLWltYWdlL2FhMXBwL2FhMXBwLTE3NjIyLWMzLTEuanBnIGJvcmRlcj0wPjxicj7jg5bjg6vjg7zjgrDjg6rjg7zjg7M8L2E+PGJyPjxmb250IHNpemU9MT48L2ZvbnQ+PC90ZD48L3RyPjx0ciBhbGlnbj0iY2VudGVyIiB2YWxpZ249InRvcCI+PHRkPjxhIGhyZWY9aHR0cDovL3d3dy5yYWt1dGVuLm5lLmpwL2dvbGQvb3V0bGV0c2hvZXMvaXRlbS1pbWFnZS9hYTFwcC9hYTFwcC0xNzYyMi1jNC0yLmpwZyB0YXJnZXQ9X2JsYW5rPjxpbWcgc3JjPWh0dHA6Ly93d3cucmFrdXRlbi5uZS5qcC9nb2xkL291dGxldHNob2VzL2l0ZW0taW1hZ2UvYWExcHAvYWExcHAtMTc2MjItYzQtMS5qcGcgYm9yZGVyPTA+PGJyPuOCsOODrOODvDwvYT48L3RkPjx0ZD48YSBocmVmPWh0dHA6Ly93d3cucmFrdXRlbi5uZS5qcC9nb2xkL291dGxldHNob2VzL2l0ZW0taW1hZ2UvYWExcHAvYWExcHAtMTc2MjItYzUtMi5qcGcgdGFyZ2V0PV9ibGFuaz48aW1nIHNyYz1odHRwOi8vd3d3LnJha3V0ZW4ubmUuanAvZ29sZC9vdXRsZXRzaG9lcy9pdGVtLWltYWdlL2FhMXBwL2FhMXBwLTE3NjIyLWM1LTEuanBnIGJvcmRlcj0wPjxicj7jg4Djg7zjgq/jg5bjg6njgqbjg7M8L2E+PGJyPjxmb250IHNpemU9MT48L2ZvbnQ+PC90ZD48dGQ+PGEgaHJlZj1odHRwOi8vd3d3LnJha3V0ZW4ubmUuanAvZ29sZC9vdXRsZXRzaG9lcy9pdGVtLWltYWdlL2FhMXBwL2FhMXBwLTE3NjIyLWM2LTIuanBnIHRhcmdldD1fYmxhbms+PGltZyBzcmM9aHR0cDovL3d3dy5yYWt1dGVuLm5lLmpwL2dvbGQvb3V0bGV0c2hvZXMvaXRlbS1pbWFnZS9hYTFwcC9hYTFwcC0xNzYyMi1jNi0xLmpwZyBib3JkZXI9MD48YnI+44Kt44Oj44Oh44OrPC9hPjxicj48Zm9udCBzaXplPTE+PC9mb250PjwvdGQ+PC90cj48dHIgYWxpZ249ImNlbnRlciIgdmFsaWduPSJ0b3AiPjx0ZD48YSBocmVmPWh0dHA6Ly93d3cucmFrdXRlbi5uZS5qcC9nb2xkL291dGxldHNob2VzL2l0ZW0taW1hZ2UvYWExcHAvYWExcHAtMTc2MjItYzctMi5qcGcgdGFyZ2V0PV9ibGFuaz48aW1nIHNyYz1odHRwOi8vd3d3LnJha3V0ZW4ubmUuanAvZ29sZC9vdXRsZXRzaG9lcy9pdGVtLWltYWdlL2FhMXBwL2FhMXBwLTE3NjIyLWM3LTEuanBnIGJvcmRlcj0wPjxicj7jgqrjg7zjgq88L2E+PC90ZD48dGQ+PGEgaHJlZj1odHRwOi8vd3d3LnJha3V0ZW4ubmUuanAvZ29sZC9vdXRsZXRzaG9lcy9pdGVtLWltYWdlL2FhMXBwL2FhMXBwLTE3NjIyLWM4LTIuanBnIHRhcmdldD1fYmxhbms+PGltZyBzcmM9aHR0cDovL3d3dy5yYWt1dGVuLm5lLmpwL2dvbGQvb3V0bGV0c2hvZXMvaXRlbS1pbWFnZS9hYTFwcC9hYTFwcC0xNzYyMi1jOC0xLmpwZyBib3JkZXI9MD48YnI+44OX44Op44OgPC9hPjxicj48Zm9udCBzaXplPTE+PC9mb250PjwvdGQ+PHRkPjxhIGhyZWY9aHR0cDovL3d3dy5yYWt1dGVuLm5lLmpwL2dvbGQvb3V0bGV0c2hvZXMvaXRlbS1pbWFnZS9hYTFwcC9hYTFwcC0xNzYyMi1jOS0yLmpwZyB0YXJnZXQ9X2JsYW5rPjxpbWcgc3JjPWh0dHA6Ly93d3cucmFrdXRlbi5uZS5qcC9nb2xkL291dGxldHNob2VzL2l0ZW0taW1hZ2UvYWExcHAvYWExcHAtMTc2MjItYzktMS5qcGcgYm9yZGVyPTA+PGJyPuODnOODq+ODieODvDwvYT48L3RkPjwvdHI+PHRyIGFsaWduPSJjZW50ZXIiIHZhbGlnbj0idG9wIj48dGQ+PGEgaHJlZj1odHRwOi8vd3d3LnJha3V0ZW4ubmUuanAvZ29sZC9vdXRsZXRzaG9lcy9pdGVtLWltYWdlL2FhMXBwL2FhMXBwLTE3NjIyLWMxMC0yLmpwZyB0YXJnZXQ9X2JsYW5rPjxpbWcgc3JjPWh0dHA6Ly93d3cucmFrdXRlbi5uZS5qcC9nb2xkL291dGxldHNob2VzL2l0ZW0taW1hZ2UvYWExcHAvYWExcHAtMTc2MjItYzEwLTEuanBnIGJvcmRlcj0wPjxicj7jg5Hjg7zjg5fjg6s8L2E+PC90ZD48dGQ+PGEgaHJlZj1odHRwOi8vd3d3LnJha3V0ZW4ubmUuanAvZ29sZC9vdXRsZXRzaG9lcy9pdGVtLWltYWdlL2FhMXBwL2FhMXBwLTE3NjIyLWMxMS0yLmpwZyB0YXJnZXQ9X2JsYW5rPjxpbWcgc3JjPWh0dHA6Ly93d3cucmFrdXRlbi5uZS5qcC9nb2xkL291dGxldHNob2VzL2l0ZW0taW1hZ2UvYWExcHAvYWExcHAtMTc2MjItYzExLTEuanBnIGJvcmRlcj0wPjxicj7jg6zjg4Pjg4k8L2E+PGJyPjxmb250IHNpemU9MT48L2ZvbnQ+PC90ZD48L3RyPjwvdGFibGU+PGJyPjxicj48Zm9udCBzdHlsZT0iZm9udC1zaXplOjExcHg7IGNvbG9yOiNjYzY2NjY7IGxpbmUtaGVpZ2h0OjEzcHQ7IGxldHRlci1zcGFjaW5nOjAuNnB4OyB0ZXh0LWFsaWduOmxlZnQ7IG1hcmdpbi1sZWZ0OjIwcHgiPuOAgOOAgOOAgOKAu+e0oOadkOeJueaAp+S4iuOAgeaRqeaTpuOChOaxl+OBquOBqeOBp+OAgeiJsuiQveOBoeOBmeOCi+WgtOWQiOOBjOOBguOCiuOBvuOBmeOAguOBlOazqOaEj+S4i+OBleOBhOOAgjxicj7jgIDjgIDjgIDjgIDjgIDjgIDigLvnlJ/nlKPmmYLmnJ/jgavjgojjgorjgIHnlJ/lnLDjga7oibLlkIjjgYTjgavoi6XlubLjga7pgZXjgYTjgYzjgZTjgZbjgYTjgb7jgZnjgII8YnI+44CA44CA44CA44CA44CA44CA44CA44CA44G+44Gf44CB6LW35q+b44Gu5ZCR44GN44KE44CB44GU5a625bqt44Gu44Op44Kk44OI44Gu6Imy5ZCI44GE44O75bGL5aSW44O75bGL44Gu55Kw5aKD44Gr44KI44Gj44GmPGJyPuOAgOOAgOOAgOOAgOOAgOOAgOOAgOOAgOODouODi+OCv+OBruiJsuWQiOOBhOOBqOiLpeW5sumBleOBo+OBpuimi+OBiOOCi+WgtOWQiOOBjOOBguOCiuOBvuOBmeOAguOAgOS6iOOCgeOAgeOBlOS6huaJv+S4i+OBleOBhOOAgjwvZm9udD48YnI+PGJyPjxicj4gIDxpbWcgc3JjPWh0dHA6Ly9pbWFnZS5yYWt1dGVuLmNvLmpwL291dGxldHNob2VzL2NhYmluZXQvYWExcHAvYWExcHAtMTc2MjItc3BlYy5naWY+PHA+PGJyPiAgPGJyPiAgPGJyPiAgPGltZyBzcmM9aHR0cDovL2ltYWdlLnJha3V0ZW4uY28uanAvb3V0bGV0c2hvZXMvY2FiaW5ldC9wdC90eXV1aS5naWY+ICA8YnI+ICA8YnI+ICA8YnI+ICA8YnI+ICAgICAgPGEgaHJlZj1odHRwOi8vaXRlbS5yYWt1dGVuLmNvLmpwL291dGxldHNob2VzL2MvMDAwMDAwMDUzNy8gdGFyZ2V0PSJfYmxhbmsiPiAgPGltZyBzcmM9aHR0cDovL2ltYWdlLnJha3V0ZW4uY28uanAvb3V0bGV0c2hvZXMvY2FiaW5ldC9wdC9zdGFmZi1maXR0aW5nMy5naWYgYm9yZGVyPTA+PC9hPjxicj48YnI+ICAgICAgPGltZyBzcmM9aHR0cDovL2ltYWdlLnJha3V0ZW4uY28uanAvb3V0bGV0c2hvZXMvY2FiaW5ldC9hYTFwcC9hYTFwcC0xNzYyMi1maXQuZ2lmPiAgICAgIDxicj4gIDxicj4gIDxicj4gIDxicj4gIDxicj4gIDxhIGhyZWY9aHR0cHM6Ly9teS5ib29rbWFyay5yYWt1dGVuLmNvLmpwLz9mdW5jPXJlZyZzdmlkPTEwMSZzaG9wX2JpZD0yMDA2ODYmaWlkPTEwMDA1NjU5Jml0eXBlPTEmdmVyc2lvbj0zMTMmY2FsbGJhY2s9X2pxanNwQWRkQmttSXRlbSZfMTM4OTk1MTQwNjg3Mj0gdGFyZ2V0PV9ibGFuaz4gIDxpbWcgc3JjPWh0dHA6Ly9pbWFnZS5yYWt1dGVuLmNvLmpwL291dGxldHNob2VzL2NhYmluZXQvcHQvb2tpbmlpcmktMS5naWYgYm9yZGVyPTAgdnNwYWNlPTU+ICA8L2E+ICA8YnI+PC9wPiA8YnI+PGJyPiA8YSBocmVmPWh0dHA6Ly9pdGVtLnJha3V0ZW4uY28uanAvb3V0bGV0c2hvZXMvMTc2MjIvPjxpbWcgc3JjPWh0dHA6Ly9pbWFnZS5yYWt1dGVuLmNvLmpwL291dGxldHNob2VzL2NhYmluZXQvcHQvcmVuZXdhbC5naWYgYm9yZGVyPTA+PC9hPiA8YnI+PGJyPjxhIGhyZWY9aHR0cDovL2l0ZW0ucmFrdXRlbi5jby5qcC9vdXRsZXRzaG9lcy9naWZ0a2l0LyB0YXJnZXQ9X2JsYW5rPjxpbWcgc3JjPWh0dHA6Ly9pbWFnZS5yYWt1dGVuLmNvLmpwL291dGxldHNob2VzL2NhYmluZXQvcHQvZ2lmdGtpdC5naWY+PC9hPjxicj48YnI+PGJyPjxicj48YSBocmVmPWh0dHA6Ly9pdGVtLnJha3V0ZW4uY28uanAvb3V0bGV0c2hvZXMvYy8wMDAwMDAxMDA3LyB0YXJnZXQ9X2JsYW5rPjxpbWcgc3JjPWh0dHA6Ly9pbWFnZS5yYWt1dGVuLmNvLmpwL291dGxldHNob2VzL2NhYmluZXQvcHQvaW5mby1rb3VrYW4uZ2lmPjwvYT48YnI+PGJyPjxicj48YnI+PGJyPjxhIGhyZWY9Imh0dHA6Ly93d3cucmFrdXRlbi5uZS5qcC9nb2xkL291dGxldHNob2VzL3JlYXJyaXZhbC1yZXF1ZXN0Lmh0bWwiIHRhcmdldD0iX2JsYW5rIj48aW1nIHNyYz0iaHR0cDovL2ltYWdlLnJha3V0ZW4uY28uanAvb3V0bGV0c2hvZXMvY2FiaW5ldC9iYW5uZXIvcmVfYXJyaXZhbC5naWYiPjwvYT48YnI+PGJyPjxicj48YnI+PGJyPjxicj48IS0tU0FMReeUqC0tPjxicj48YnI+PGJyPjxhIGhyZWY9Imh0dHA6Ly93d3cucmFrdXRlbi5uZS5qcC9nb2xkL291dGxldHNob2VzL2FzdV9nYWl5b3UuaHRtbCI+PGltZyBzcmM9Imh0dHA6Ly90aHVtYm5haWwuaW1hZ2UucmFrdXRlbi5jby5qcC9AMF9tYWxsL291dGxldHNob2VzL2NhYmluZXQvbWFpbDAyL2FzdXJha3UuZ2lmP19leD02NTB4NjUwIj48L2E+PGJyPjxicj7jgJDjga/jgZPjgb3jgZnlr77lv5zllYblk4HjgJHjgJDmpb3lpKlCT1jlj5flj5blr77osaHllYblk4HvvIjjg6zjg4fjgqPjg7zjgrnjg5XjgqHjg4Pjgrfjg6fjg7PvvInjgJE8YnI+PGJyPgo8Zm9udCBzaXplPTI+44CQ44Kz44Oz44OT44OL5Y+X5Y+W5a++5b+c5ZWG5ZOB44CRPC9mb250Pjx0YWJsZSB3aWR0aD0iNjUwIiBjZWxscGFkZGluZz0iMCIgY2VsbHNwYWNpbmc9IjUiIGJvcmRlcj0iMCI+Cjx0cj4KPHRkPjxpbWcgc3JjPSJodHRwOi8vaW1hZ2UucmFrdXRlbi5jby5qcC9vdXRsZXRzaG9lcy9jYWJpbmV0L2V2ZW50L3NwX2JfNHRyZW5kLmpwZyIgd2lkdGg9IjMyMCI+PC90ZD4KPHRkPjxpbWcgc3JjPSJodHRwczovL3RodW1ibmFpbC5pbWFnZS5yYWt1dGVuLmNvLmpwL0AwX21hbGwvb3V0bGV0c2hvZXMvY2FiaW5ldC9ldmVudC9zcF9iX2VuYW1lbHB1bXBzLmpwZyIgd2lkdGg9IjMyMCI+PC90ZD4KPC90cj4KPHRyPgo8dGQ+PGltZyBzcmM9Imh0dHA6Ly9pbWFnZS5yYWt1dGVuLmNvLmpwL291dGxldHNob2VzL2NhYmluZXQvZXZlbnQvc3BfYl9zdW1tZXIuanBnIiB3aWR0aD0iMzIwIj48L3RkPgo8dGQ+PGltZyBzcmM9Imh0dHA6Ly9pbWFnZS5yYWt1dGVuLmNvLmpwL291dGxldHNob2VzL2NhYmluZXQvZXZlbnQvc3BfYl9zZWxlY3QyNC5qcGciIHdpZHRoPSIzMjAiPjwvdGQ+CjwvdHI+CjwvdGFibGU+,4pa844Gq44KB44KJ44GL44K544Ko44O844OJ44OU44Oz44OS44O844Or44OR44Oz44OX44K5W+ODqeOCpuODs+ODieODiOOCpeODuzguNWNt44OS44O844OrXeeXm+OBj+OBquOBhCDmranjgY3jgoTjgZnjgYQg44Os44OH44Kj44O844K5IOWwj+OBleOBhOOCteOCpOOCuiDlpKfjgY3jgYTjgrXjgqTjgrogIOiyt+OBhOOBvuOCj+OCinwgIOmdtCDjg5Hjg7Pjg5fjgrkg44K544Ko44O844OJIOODlOODs+ODkuODvOODqyDotaQg6buSIOOCreODo+ODoeODqyDjg43jgqTjg5Pjg7wg44OW44Op44OD44KvICDljZLmpa3lvI8g44Ki44Km44OI44Os44OD44OI44K344Ol44O844K644GK6LK344GE54mp44Oe44Op44K944OzIOODnuODqeOCveODs++8muOCouOCpuODiOODrOODg+ODiOOCt+ODpeODvOOCuiBvdXRsZXRzaG9lcw==,6Z2044OR44Oz44OX44K544Ko44K544OR44OJ44Oq44O844Om44K144Oz44OA44Or5aSn44GN44GE44K144Kk44K65aSn44GN44GE6Z205bCP44GV44GE44K144Kk44K644K544OI44Op44OD44OX44OQ44Os44Ko44K344Ol44O844K655eb44GP44Gq44GEMjZjbeODreODvOODkuODvOODq+OCpuOCqOODg+OCuOOCveODvOODqzI3Y23jgq3jg4PjgroyMWNt44Os44OH44Kj44O844K5MjEuNWNt44OV44Op44OD44OI44K344Ol44O844K644Ki44Km44OI44Os44OD44OI44K344Ol44O844K64pa844Gq44KB44KJ44GL44K544Ko44O844OJ44OU44Oz44OS44O844Or44OR44Oz44OX44K5W+ODqeOCpuODs+ODieODiOOCpeODuzguNWNt44OS44O844OrXeeXm+OBj+OBquOBhCDmranjgY3jgoTjgZnjgYQg44Os44OH44Kj44O844K5IOWwj+OBleOBhOOCteOCpOOCuiDlpKfjgY3jgYTjgrXjgqTjgrogIOiyt+OBhOOBvuOCj+OCinwgIOmdtCDjg5Hjg7Pjg5fjgrkg44K544Ko44O844OJIOODlOODs+ODkuODvOODqyDotaQg6buSIOOCreODo+ODoeODqyDjg43jgqTjg5Pjg7wg44OW44Op44OD44KvICDljZLmpa3lvI8g44Ki44Km44OI44Os44OD44OI44K344Ol44O844K644GK6LK344GE54mp44Oe44Op44K944OzIOODnuODqeOCveODsw==,44K344Oq44O844K657Sv6KiINDc5OTfotrPnqoHnoLTvvIHmpb3lpKnjg6njg7Pjgq3jg7PjgrAx5L2N4piF44CC4pa844Gq44KB44KJ44GL44K544Ko44O844OJ44OU44Oz44OS44O844Or44OR44Oz44OX44K5W+ODqeOCpuODs+ODieODiOOCpeODuzguNWNt44OS44O844OrXeeXm+OBj+OBquOBhCDmranjgY3jgoTjgZnjgYQg44Os44OH44Kj44O844K5IOWwj+OBleOBhOOCteOCpOOCuiDlpKfjgY3jgYTjgrXjgqTjgrogIOiyt+OBhOOBvuOCj+OCinwgIOmdtCDjg5Hjg7Pjg5fjgrkg44K544Ko44O844OJIOODlOODs+ODkuODvOODqyDotaQg6buSIOOCreODo+ODoeODqyDjg43jgqTjg5Pjg7wg44OW44Op44OD44KvICDljZLmpa3lvI8g44Ki44Km44OI44Os44OD44OI44K344Ol44O844K644GK6LK344GE54mp44Oe44Op44K944OzIOODnuODqeOCveODsw==[rn]
7-31692,aHR0cDovL3RzaG9wLnIxMHMuanAvb3V0bGV0c2hvZXMvY2FiaW5ldC9hYTJwcDcvYWEycHAtajE1MDExX20xLmpwZz9maXRpbj03MDA6NzAw,MjM5Mi4wMDAw,,6Z20ID4g44Os44OH44Kj44O844K56Z20ID4g44OR44Oz44OX44K5,6YCB5paZ54Sh5paZIOOCreODrOOCpOOCgSDjg6njgqbjg7Pjg4njg4jjgqUg44K544OI44Op44OD44OXIDVjbSDjg5Ljg7zjg6vjg5Hjg7Pjg5fjgrkg55eb44GP44Gq44GEIOOCueODiOODqeODg+ODlyDlpKrjg5Ljg7zjg6sg44OB44Oj44Oz44Kt44O844OS44O844OrIOmdtCDpu5Ig44OS44O844OrIOWkp+OBjeOBhOOCteOCpOOCuiAyMDE35aSP5paw5L2cIOOCouOCpuODiOODrOODg+ODiOOCt+ODpeODvOOCuuOBiuiyt+OBhOeJqeODnuODqeOCveODsyDjg57jg6njgr3jg7M=,5a6a55Wq44K544OI44Op44OD44OX44OR44Oz44OX44K544CC,PGRpdiBjbGFzcz1JdGVtUGFnZT48YnI+PGJyPjxicj48Y2VudGVyPjxpbWcgc3JjPWh0dHA6Ly9pbWFnZS5yYWt1dGVuLmNvLmpwL291dGxldHNob2VzL2NhYmluZXQvYWEycHA3L2FhMnBwLWoxNTAxMS0wMDEuanBnPjwvY2VudGVyPjxicj48YnI+PGJyPjxicj48YnI+PGJyPjxjZW50ZXI+PGltZyBzcmM9aHR0cDovL2ltYWdlLnJha3V0ZW4uY28uanAvb3V0bGV0c2hvZXMvY2FiaW5ldC9hYTJwcDcvYWEycHAtajE1MDExLTAwMi5qcGc+PGltZyBzcmM9aHR0cDovL2ltYWdlLnJha3V0ZW4uY28uanAvb3V0bGV0c2hvZXMvY2FiaW5ldC9hYTJwcDcvYWEycHAtajE1MDExLTAwMy5qcGc+PGltZyBzcmM9aHR0cDovL2ltYWdlLnJha3V0ZW4uY28uanAvb3V0bGV0c2hvZXMvY2FiaW5ldC9hYTJwcDcvYWEycHAtajE1MDExLTAwNC5qcGc+PGltZyBzcmM9aHR0cDovL2ltYWdlLnJha3V0ZW4uY28uanAvb3V0bGV0c2hvZXMvY2FiaW5ldC9hYTJwcDcvYWEycHAtajE1MDExLTAwNS5qcGc+PGltZyBzcmM9aHR0cDovL2ltYWdlLnJha3V0ZW4uY28uanAvb3V0bGV0c2hvZXMvY2FiaW5ldC9hYTJwcDcvYWEycHAtajE1MDExLTAwNi5qcGc+PGltZyBzcmM9aHR0cDovL2ltYWdlLnJha3V0ZW4uY28uanAvb3V0bGV0c2hvZXMvY2FiaW5ldC9hYTJwcDcvYWEycHAtajE1MDExLTAwNy5qcGc+PGltZyBzcmM9aHR0cDovL2ltYWdlLnJha3V0ZW4uY28uanAvb3V0bGV0c2hvZXMvY2FiaW5ldC9hYTJwcDcvYWEycHAtajE1MDExLTAwOC5qcGc+PGltZyBzcmM9aHR0cDovL2ltYWdlLnJha3V0ZW4uY28uanAvb3V0bGV0c2hvZXMvY2FiaW5ldC9hYTJwcDcvYWEycHAtajE1MDExLTAwOS5qcGc+PGltZyBzcmM9aHR0cDovL2ltYWdlLnJha3V0ZW4uY28uanAvb3V0bGV0c2hvZXMvY2FiaW5ldC9hYTJwcDcvYWEycHAtajE1MDExLTAxMC5qcGc+PGltZyBzcmM9aHR0cDovL2ltYWdlLnJha3V0ZW4uY28uanAvb3V0bGV0c2hvZXMvY2FiaW5ldC9hYTJwcDcvYWEycHAtajE1MDExLTAxMS5qcGc+PGltZyBzcmM9aHR0cDovL2ltYWdlLnJha3V0ZW4uY28uanAvb3V0bGV0c2hvZXMvY2FiaW5ldC9hYTJwcDcvYWEycHAtajE1MDExLTAxMi5qcGc+PGltZyBzcmM9aHR0cDovL2ltYWdlLnJha3V0ZW4uY28uanAvb3V0bGV0c2hvZXMvY2FiaW5ldC9hYTJwcDcvYWEycHAtajE1MDExLTAxMy5qcGc+PGltZyBzcmM9aHR0cDovL2ltYWdlLnJha3V0ZW4uY28uanAvb3V0bGV0c2hvZXMvY2FiaW5ldC9hYTJwcDcvYWEycHAtajE1MDExLTAxNC5qcGc+PGltZyBzcmM9aHR0cDovL2ltYWdlLnJha3V0ZW4uY28uanAvb3V0bGV0c2hvZXMvY2FiaW5ldC9hYTJwcDcvYWEycHAtajE1MDExLTAxNS5qcGc+PGltZyBzcmM9aHR0cDovL2ltYWdlLnJha3V0ZW4uY28uanAvb3V0bGV0c2hvZXMvY2FiaW5ldC9hYTJwcDcvYWEycHAtajE1MDExLTAxNi5qcGc+PGltZyBzcmM9aHR0cDovL2ltYWdlLnJha3V0ZW4uY28uanAvb3V0bGV0c2hvZXMvY2FiaW5ldC9hYTJwcDcvYWEycHAtajE1MDExLTAxNy5qcGc+PGltZyBzcmM9aHR0cDovL2ltYWdlLnJha3V0ZW4uY28uanAvb3V0bGV0c2hvZXMvY2FiaW5ldC9hYTJwcDcvYWEycHAtajE1MDExLTAxOC5qcGc+PGltZyBzcmM9aHR0cDovL2ltYWdlLnJha3V0ZW4uY28uanAvb3V0bGV0c2hvZXMvY2FiaW5ldC9hYTJwcDcvYWEycHAtajE1MDExLTAxOS5qcGc+PGltZyBzcmM9aHR0cDovL2ltYWdlLnJha3V0ZW4uY28uanAvb3V0bGV0c2hvZXMvY2FiaW5ldC9hYTJwcDcvYWEycHAtajE1MDExLTAyMC5qcGc+PGltZyBzcmM9aHR0cDovL2ltYWdlLnJha3V0ZW4uY28uanAvb3V0bGV0c2hvZXMvY2FiaW5ldC9hYTJwcDcvYWEycHAtajE1MDExLTAyMS5qcGc+PGltZyBzcmM9aHR0cDovL2ltYWdlLnJha3V0ZW4uY28uanAvb3V0bGV0c2hvZXMvY2FiaW5ldC9hYTJwcDcvYWEycHAtajE1MDExLTAyMi5qcGc+PGltZyBzcmM9aHR0cDovL2ltYWdlLnJha3V0ZW4uY28uanAvb3V0bGV0c2hvZXMvY2FiaW5ldC9hYTJwcDcvYWEycHAtajE1MDExLTAyMy5qcGc+PGltZyBzcmM9aHR0cDovL2ltYWdlLnJha3V0ZW4uY28uanAvb3V0bGV0c2hvZXMvY2FiaW5ldC9hYTJwcDcvYWEycHAtajE1MDExLTAyNC5qcGc+PC9jZW50ZXI+PGJyPjxicj48YnI+PGJyPjxpbWcgc3JjPWh0dHA6Ly9pbWFnZS5yYWt1dGVuLmNvLmpwL291dGxldHNob2VzL2NhYmluZXQvcHQvZGV0YWlsX3QuZ2lmPjxpbWcgc3JjPWh0dHA6Ly9pbWFnZS5yYWt1dGVuLmNvLmpwL291dGxldHNob2VzL2NhYmluZXQvcHQvZ2F6b3Vfa2FrdWRhaS5naWY+PGJyPjxicj48YnI+PGJyPjxhIGhyZWY9aHR0cDovL2ltYWdlLnJha3V0ZW4uY28uanAvb3V0bGV0c2hvZXMvY2FiaW5ldC9hYTJwcDcvYWEycHAtajE1MDExLXMxLTIuanBnIHRhcmdldD1fYmxhbms+PGltZyBzcmM9aHR0cDovL2ltYWdlLnJha3V0ZW4uY28uanAvb3V0bGV0c2hvZXMvY2FiaW5ldC9hYTJwcDcvYWEycHAtajE1MDExLXMxLTEuanBnPjwhLS1zLS0+PC9hPjxhIGhyZWY9aHR0cDovL2ltYWdlLnJha3V0ZW4uY28uanAvb3V0bGV0c2hvZXMvY2FiaW5ldC9hYTJwcDcvYWEycHAtajE1MDExLXMyLTIuanBnIHRhcmdldD1fYmxhbms+PGltZyBzcmM9aHR0cDovL2ltYWdlLnJha3V0ZW4uY28uanAvb3V0bGV0c2hvZXMvY2FiaW5ldC9hYTJwcDcvYWEycHAtajE1MDExLXMyLTEuanBnPjwhLS1zLS0+PC9hPjxhIGhyZWY9aHR0cDovL2ltYWdlLnJha3V0ZW4uY28uanAvb3V0bGV0c2hvZXMvY2FiaW5ldC9hYTJwcDcvYWEycHAtajE1MDExLXMzLTIuanBnIHRhcmdldD1fYmxhbms+PGltZyBzcmM9aHR0cDovL2ltYWdlLnJha3V0ZW4uY28uanAvb3V0bGV0c2hvZXMvY2FiaW5ldC9hYTJwcDcvYWEycHAtajE1MDExLXMzLTEuanBnPjwhLS1zLS0+PC9hPjxhIGhyZWY9aHR0cDovL2ltYWdlLnJha3V0ZW4uY28uanAvb3V0bGV0c2hvZXMvY2FiaW5ldC9hYTJwcDcvYWEycHAtajE1MDExLXM0LTIuanBnIHRhcmdldD1fYmxhbms+PGltZyBzcmM9aHR0cDovL2ltYWdlLnJha3V0ZW4uY28uanAvb3V0bGV0c2hvZXMvY2FiaW5ldC9hYTJwcDcvYWEycHAtajE1MDExLXM0LTEuanBnPjwhLS1zLS0+PC9hPjxhIGhyZWY9aHR0cDovL2ltYWdlLnJha3V0ZW4uY28uanAvb3V0bGV0c2hvZXMvY2FiaW5ldC9hYTJwcDcvYWEycHAtajE1MDExLXM1LTIuanBnIHRhcmdldD1fYmxhbms+PGltZyBzcmM9aHR0cDovL2ltYWdlLnJha3V0ZW4uY28uanAvb3V0bGV0c2hvZXMvY2FiaW5ldC9hYTJwcDcvYWEycHAtajE1MDExLXM1LTEuanBnPjwhLS1zLS0+PC9hPjxicj48YnI+PGJyPjxicj48YnI+PGJyPjxicj48YnI+PGltZyBzcmM9aHR0cDovL2ltYWdlLnJha3V0ZW4uY28uanAvb3V0bGV0c2hvZXMvY2FiaW5ldC9wdC9jb2xvcl90LmdpZj48aW1nIHNyYz1odHRwOi8vaW1hZ2UucmFrdXRlbi5jby5qcC9vdXRsZXRzaG9lcy9jYWJpbmV0L3B0L2dhem91X2tha3VkYWkuZ2lmPjxicj48YnI+PGJyPjxhIGhyZWY9aHR0cDovL2ltYWdlLnJha3V0ZW4uY28uanAvb3V0bGV0c2hvZXMvY2FiaW5ldC9hYTJwcDcvYWEycHAtajE1MDExLWMxLTIuanBnIHRhcmdldD1fYmxhbms+PGltZyBzcmM9aHR0cDovL2ltYWdlLnJha3V0ZW4uY28uanAvb3V0bGV0c2hvZXMvY2FiaW5ldC9hYTJwcDcvYWEycHAtajE1MDExLWMxLTEuanBnPjwhLS1jLS0+PC9hPjxhIGhyZWY9aHR0cDovL2ltYWdlLnJha3V0ZW4uY28uanAvb3V0bGV0c2hvZXMvY2FiaW5ldC9hYTJwcDcvYWEycHAtajE1MDExLWMyLTIuanBnIHRhcmdldD1fYmxhbms+PGltZyBzcmM9aHR0cDovL2ltYWdlLnJha3V0ZW4uY28uanAvb3V0bGV0c2hvZXMvY2FiaW5ldC9hYTJwcDcvYWEycHAtajE1MDExLWMyLTEuanBnPjwhLS1jLS0+PC9hPjxhIGhyZWY9aHR0cDovL2ltYWdlLnJha3V0ZW4uY28uanAvb3V0bGV0c2hvZXMvY2FiaW5ldC9hYTJwcDcvYWEycHAtajE1MDExLWMzLTIuanBnIHRhcmdldD1fYmxhbms+PGltZyBzcmM9aHR0cDovL2ltYWdlLnJha3V0ZW4uY28uanAvb3V0bGV0c2hvZXMvY2FiaW5ldC9hYTJwcDcvYWEycHAtajE1MDExLWMzLTEuanBnPjwhLS1jLS0+PC9hPjxhIGhyZWY9aHR0cDovL2ltYWdlLnJha3V0ZW4uY28uanAvb3V0bGV0c2hvZXMvY2FiaW5ldC9hYTJwcDcvYWEycHAtajE1MDExLWM0LTIuanBnIHRhcmdldD1fYmxhbms+PGltZyBzcmM9aHR0cDovL2ltYWdlLnJha3V0ZW4uY28uanAvb3V0bGV0c2hvZXMvY2FiaW5ldC9hYTJwcDcvYWEycHAtajE1MDExLWM0LTEuanBnPjwhLS1jLS0+PC9hPjxhIGhyZWY9aHR0cDovL2ltYWdlLnJha3V0ZW4uY28uanAvb3V0bGV0c2hvZXMvY2FiaW5ldC9hYTJwcDcvYWEycHAtajE1MDExLWM1LTIuanBnIHRhcmdldD1fYmxhbms+PGltZyBzcmM9aHR0cDovL2ltYWdlLnJha3V0ZW4uY28uanAvb3V0bGV0c2hvZXMvY2FiaW5ldC9hYTJwcDcvYWEycHAtajE1MDExLWM1LTEuanBnPjwhLS1jLS0+PC9hPjxhIGhyZWY9aHR0cDovL2ltYWdlLnJha3V0ZW4uY28uanAvb3V0bGV0c2hvZXMvY2FiaW5ldC9hYTJwcDcvYWEycHAtajE1MDExLWM2LTIuanBnIHRhcmdldD1fYmxhbms+PGltZyBzcmM9aHR0cDovL2ltYWdlLnJha3V0ZW4uY28uanAvb3V0bGV0c2hvZXMvY2FiaW5ldC9hYTJwcDcvYWEycHAtajE1MDExLWM2LTEuanBnPjwhLS1jLS0+PC9hPjxicj48YnI+PGltZyBzcmM9Imh0dHA6Ly9pbWFnZS5yYWt1dGVuLmNvLmpwL291dGxldHNob2VzL2NhYmluZXQvcHQvY29sb3JfdHl1aS5naWYiPjxicj48YnI+PGJyPjxicj48YnI+PGJyPjxpbWcgc3JjPWh0dHA6Ly9pbWFnZS5yYWt1dGVuLmNvLmpwL291dGxldHNob2VzL2NhYmluZXQvYWEycHA3L2FhMnBwLWoxNTAxMS1zaXplLXMuZ2lmPjxicj48YnI+PGJyPjxicj48aW1nIHNyYz1odHRwOi8vaW1hZ2UucmFrdXRlbi5jby5qcC9vdXRsZXRzaG9lcy9jYWJpbmV0L3B0L2ZpdHRpbmcuZ2lmPjxicj48YnI+PGJyPjxhIG5hbWU9InN0YWZmLXJ2Ij48L2E+PGltZyBzcmM9aHR0cDovL2ltYWdlLnJha3V0ZW4uY28uanAvb3V0bGV0c2hvZXMvY2FiaW5ldC9wdC9zdGFmZi1zaXplLTEuZ2lmPjxicj48YnI+PGJyPjxpbWcgc3JjPWh0dHA6Ly9pbWFnZS5yYWt1dGVuLmNvLmpwL291dGxldHNob2VzL2NhYmluZXQvYWEycHA3L2FhMnBwLWoxNTAxMS1maXQuZ2lmPjxicj48YnI+PGJyPjxicj48YnI+PGEgaHJlZj1odHRwOi8vaXRlbS5yYWt1dGVuLmNvLmpwL291dGxldHNob2VzL2MvMDAwMDAwMDUzNy8jc3RhZmYtc2l6ZT48aW1nIHNyYz1odHRwOi8vaW1hZ2UucmFrdXRlbi5jby5qcC9vdXRsZXRzaG9lcy9jYWJpbmV0L3B0L3N0YWZmZGF0YS5naWY+PC9hPjxicj48YSBocmVmPWh0dHA6Ly9pdGVtLnJha3V0ZW4uY28uanAvb3V0bGV0c2hvZXMvYy8wMDAwMDAwNTM3LyNzaXplLWtlaXNva3U+PGltZyBzcmM9aHR0cDovL2ltYWdlLnJha3V0ZW4uY28uanAvb3V0bGV0c2hvZXMvY2FiaW5ldC9wdC9zaXplcG9pbnQuZ2lmPjwvYT48YnI+PGJyPjxicj48YnI+PGJyPjxpbWcgc3JjPWh0dHA6Ly9pbWFnZS5yYWt1dGVuLmNvLmpwL291dGxldHNob2VzL2NhYmluZXQvYWEycHA3L2FhMnBwLWoxNTAxMS1zcGVjLmdpZj48YnI+PGJyPjxicj48YnI+PGRpdiBjbGFzcz1JdGVtUGFnZT48Y2VudGVyPjxpbWcgc3JjPWh0dHA6Ly9pbWFnZS5yYWt1dGVuLmNvLmpwL291dGxldHNob2VzL2NhYmluZXQvcHQvdHl1dWlfc2hvZXMuZ2lmPjwvY2VudGVyPjwvZGl2Pjxicj48YnI+PGJyPjxicj48ZGl2IGNsYXNzPWtleS13YXJkLTAxPuKWvOOCouOCpOODhuODoCDjgq3jg7zjg6/jg7zjg4k8YnI+PCEtLUBASXRlbV9LZXl3b3JkLS0+44OR44Oz44OX44K5IOeXm+OBj+OBquOBhCDjgrnjg4jjg6njg4Pjg5cg5aSq44OS44O844OrIOODgeODo+ODs+OCreODvOODkuODvOODqyDpnbQg6buSIOODkuODvOODqyDlpKfjgY3jgYTjgrXjgqTjgrogMjAxN+aYpeWkj+aWsOS9nCDjg6zjg4fjgqPjg7zjgrkg44K544OI44Op44OD44OXIOW3u+ODkuODvOODqyDlsI/jgZXjgYTjgrXjgqTjgrog44Od44Kk44Oz44OG44OD44OJ44OI44KlIOatqeOBjeOChOOBmeOBhCDjgYrjgZnjgZnjgoEg44OX44OB44OX44OpIOmAmuiyqSDkurrmsJcg5Y+v5oSb44GEIOeWsuOCjOOBq+OBj+OBhCDjg5jjg5Pjg63jg4Yg44Oh44OM44KoIG1lbnVlIOe+juiEmuODkeODs+ODl+OCuSDjgqLjgqbjg4jjg6zjg4Pjg4jjgrfjg6Xjg7zjgrog5paw5L2cIOOCpOODs+ODneODvOODiOOCt+ODpeODvOOCuiDlpKfkurrjgqvjgrjjg6XjgqLjg6vjgrfjg6Xjg7zjgrog44CQMjEuNWNt44CR44CQMjJjbeOAkeOAkDIyLjBjbeOAkeOAkDIyLjVjbeOAkeOAkDIzY23jgJHjgJAyMy4wY23jgJHjgJAyMy41Y23jgJHjgJAyNGNt44CR44CQMjQuMGNt44CR44CQMjQuNWNt44CR44CQMjVjbeOAkeOAkDI1LjBjbeOAkeOAkDI1LjVjbeOAkeOAkDI2Y23jgJHjgJAyNi4wY23jgJEgPC9kaXY+PCEtLUBAL0l0ZW1fS2V5d29yZC0tPjxicj48YnI+PGJyPjwvZGl2Pjxicj48YnI+PGEgaHJlZj1odHRwOi8vaXRlbS5yYWt1dGVuLmNvLmpwL291dGxldHNob2VzL2dpZnRraXQvIHRhcmdldD1fYmxhbms+PGltZyBzcmM9aHR0cDovL2ltYWdlLnJha3V0ZW4uY28uanAvb3V0bGV0c2hvZXMvY2FiaW5ldC9wdC9naWZ0a2l0LmdpZj48L2E+PGJyPjxicj48YnI+PGJyPjxhIGhyZWY9aHR0cDovL2l0ZW0ucmFrdXRlbi5jby5qcC9vdXRsZXRzaG9lcy9jLzAwMDAwMDEwMDcvIHRhcmdldD1fYmxhbms+PGltZyBzcmM9aHR0cDovL2ltYWdlLnJha3V0ZW4uY28uanAvb3V0bGV0c2hvZXMvY2FiaW5ldC9wdC9pbmZvLWtvdWthbi5naWY+PC9hPjxicj48YnI+PGJyPjxicj48YnI+PCEtLVNBTEXnlKgtLT48YnI+PGJyPjxicj48YSBocmVmPWh0dHA6Ly93d3cucmFrdXRlbi5uZS5qcC9nb2xkL291dGxldHNob2VzL2FzdV9nYWl5b3UuaHRtbD48aW1nIHNyYz1odHRwOi8vdGh1bWJuYWlsLmltYWdlLnJha3V0ZW4uY28uanAvQDBfbWFsbC9vdXRsZXRzaG9lcy9jYWJpbmV0L21haWwwMi9hc3VyYWt1LmdpZj9fZXg9NjUweDY1MD48L2E+PGJyPjxicj48YnI+PCEtLUBAUENfSXRlbV8gRGVzY3JpcHRpb24tLT4KPGJyPgo8IS0tQEAvUENfSXRlbV8gRGVzY3JpcHRpb24tLT48IS0tQEAvUENfSXRlbV8gRGVzY3JpcHRpb24tLT4KPGRpdiBjbGFzcz1rZXktd2FyZC0wMT4K4pa844Ki44Kk44OG44OgIOOCreODvOODr+ODvOODiTxicj4KPCEtLUBASXRlbV9LZXl3b3JkLS0+PCEtLeKAu+WVhuWTgeWQjeOBqOOCq+ODluOBo+OBpuOBhOOCi+OCguOBruOBr+ODiOODqy0tPgrjg5Hjg7Pjg5fjgrkg55eb44GP44Gq44GEIOOCueODiOODqeODg+ODlyDlpKrjg5Ljg7zjg6sg44OB44Oj44Oz44Kt44O844OS44O844OrIOmdtCDpu5Ig44OS44O844OrIOWkp+OBjeOBhOOCteOCpOOCuiAyMDE35pil5aSP5paw5L2cIOODrOODh+OCo+ODvOOCuSDjgrnjg4jjg6njg4Pjg5cg5be744OS44O844OrIOWwj+OBleOBhOOCteOCpOOCuiDjg53jgqTjg7Pjg4bjg4Pjg4njg4jjgqUg5q2p44GN44KE44GZ44GEIOOBiuOBmeOBmeOCgSDjg5fjg4Hjg5fjg6kg6YCa6LKpIOS6uuawlyDlj6/mhJvjgYQg55ay44KM44Gr44GP44GEIOODmOODk+ODreODhiDjg6Hjg4zjgqggbWVudWUg576O6ISa44OR44Oz44OX44K5IOOCouOCpuODiOODrOODg+ODiOOCt+ODpeODvOOCuiDmlrDkvZwg44Kk44Oz44Od44O844OI44K344Ol44O844K6IOWkp+S6uuOCq+OCuOODpeOCouODq+OCt+ODpeODvOOCuiAK44CQMjEuNWNt44CR44CQMjJjbeOAkeOAkDIyLjBjbeOAkeOAkDIyLjVjbeOAkeOAkDIzY23jgJHjgJAyMy4wY23jgJHjgJAyMy41Y23jgJHjgJAyNGNt44CR44CQMjQuMGNt44CR44CQMjQuNWNt44CR44CQMjVjbeOAkeOAkDI1LjBjbeOAkeOAkDI1LjVjbeOAkeOAkDI2Y23jgJHjgJAyNi4wY23jgJEg44CQ44Gv44GT44G944GZ5a++5b+c5ZWG5ZOB44CRIOOAkOalveWkqUJPWOWPl+WPluWvvuixoeWVhuWTge+8iOODrOODh+OCo+ODvOOCueODleOCoeODg+OCt+ODp+ODs++8ieOAkSDjgJDjgrPjg7Pjg5Pjg4vlj5flj5blr77lv5zllYblk4HjgJE8dGFibGUgd2lkdGg9IjY1MCIgY2VsbHBhZGRpbmc9IjAiIGNlbGxzcGFjaW5nPSI1IiBib3JkZXI9IjAiPgo8dHI+Cjx0ZD48aW1nIHNyYz0iaHR0cDovL2ltYWdlLnJha3V0ZW4uY28uanAvb3V0bGV0c2hvZXMvY2FiaW5ldC9ldmVudC9zcF9iXzR0cmVuZC5qcGciIHdpZHRoPSIzMjAiPjwvdGQ+Cjx0ZD48aW1nIHNyYz0iaHR0cHM6Ly90aHVtYm5haWwuaW1hZ2UucmFrdXRlbi5jby5qcC9AMF9tYWxsL291dGxldHNob2VzL2NhYmluZXQvZXZlbnQvc3BfYl9lbmFtZWxwdW1wcy5qcGciIHdpZHRoPSIzMjAiPjwvdGQ+CjwvdHI+Cjx0cj4KPHRkPjxpbWcgc3JjPSJodHRwOi8vaW1hZ2UucmFrdXRlbi5jby5qcC9vdXRsZXRzaG9lcy9jYWJpbmV0L2V2ZW50L3NwX2Jfc3VtbWVyLmpwZyIgd2lkdGg9IjMyMCI+PC90ZD4KPHRkPjxpbWcgc3JjPSJodHRwOi8vaW1hZ2UucmFrdXRlbi5jby5qcC9vdXRsZXRzaG9lcy9jYWJpbmV0L2V2ZW50L3NwX2Jfc2VsZWN0MjQuanBnIiB3aWR0aD0iMzIwIj48L3RkPgo8L3RyPgo8L3RhYmxlPg==,6YCB5paZ54Sh5paZIOOCreODrOOCpOOCgSDjg6njgqbjg7Pjg4njg4jjgqUg44K544OI44Op44OD44OXIDVjbSDjg5Ljg7zjg6vjg5Hjg7Pjg5fjgrkg55eb44GP44Gq44GEIOOCueODiOODqeODg+ODlyDlpKrjg5Ljg7zjg6sg44OB44Oj44Oz44Kt44O844OS44O844OrIOmdtCDpu5Ig44OS44O844OrIOWkp+OBjeOBhOOCteOCpOOCuiAyMDE35aSP5paw5L2cIOOCouOCpuODiOODrOODg+ODiOOCt+ODpeODvOOCuuOBiuiyt+OBhOeJqeODnuODqeOCveODsyDjg57jg6njgr3jg7PvvJrjgqLjgqbjg4jjg6zjg4Pjg4jjgrfjg6Xjg7zjgrogb3V0bGV0c2hvZXM=,6Z2044OR44Oz44OX44K544Ko44K544OR44OJ44Oq44O844Om44K144Oz44OA44Or5aSn44GN44GE44K144Kk44K65aSn44GN44GE6Z205bCP44GV44GE44K144Kk44K644K544OI44Op44OD44OX44OQ44Os44Ko44K344Ol44O844K655eb44GP44Gq44GEMjZjbeODreODvOODkuODvOODq+OCpuOCqOODg+OCuOOCveODvOODqzI3Y23jgq3jg4PjgroyMWNt44Os44OH44Kj44O844K5MjEuNWNt44OV44Op44OD44OI44K344Ol44O844K644Ki44Km44OI44Os44OD44OI44K344Ol44O844K66YCB5paZ54Sh5paZIOOCreODrOOCpOOCgSDjg6njgqbjg7Pjg4njg4jjgqUg44K544OI44Op44OD44OXIDVjbSDjg5Ljg7zjg6vjg5Hjg7Pjg5fjgrkg55eb44GP44Gq44GEIOOCueODiOODqeODg+ODlyDlpKrjg5Ljg7zjg6sg44OB44Oj44Oz44Kt44O844OS44O844OrIOmdtCDpu5Ig44OS44O844OrIOWkp+OBjeOBhOOCteOCpOOCuiAyMDE35aSP5paw5L2cIOOCouOCpuODiOODrOODg+ODiOOCt+ODpeODvOOCuuOBiuiyt+OBhOeJqeODnuODqeOCveODsyDjg57jg6njgr3jg7M=,5a6a55Wq44K544OI44Op44OD44OX44OR44Oz44OX44K544CC44CC6YCB5paZ54Sh5paZIOOCreODrOOCpOOCgSDjg6njgqbjg7Pjg4njg4jjgqUg44K544OI44Op44OD44OXIDVjbSDjg5Ljg7zjg6vjg5Hjg7Pjg5fjgrkg55eb44GP44Gq44GEIOOCueODiOODqeODg+ODlyDlpKrjg5Ljg7zjg6sg44OB44Oj44Oz44Kt44O844OS44O844OrIOmdtCDpu5Ig44OS44O844OrIOWkp+OBjeOBhOOCteOCpOOCuiAyMDE35aSP5paw5L2cIOOCouOCpuODiOODrOODg+ODiOOCt+ODpeODvOOCuuOBiuiyt+OBhOeJqeODnuODqeOCveODsyDjg57jg6njgr3jg7M=[rn]
7-31693,aHR0cDovL3RzaG9wLnIxMHMuanAvb3V0bGV0c2hvZXMvY2FiaW5ldC9qdjBwcC9qdjBwcC0yNjA2X20wLmpwZz9maXRpbj03MDA6NzAw,Mjc5Mi4wMDAw,,6Z20ID4g44Os44OH44Kj44O844K56Z20ID4g44OR44Oz44OX44K5,44CQ44K144Oe44O877yz77yh77ys77yl44CR6YCB5paZ54Sh5paZIOOBteOCj+OBteOCj+OCr+ODg+OCt+ODp+ODs+OCpOODs+OCveODvOODqyDlpKfkurrjga7kuIrlk4Eg44K744OR44Os44O844OI44OR44Oz44OX44K5IOeXm+OBj+OBquOBhCDjgrnjg4jjg6njg4Pjg5cg6buSIOWkp+OBjeOBhOOCteOCpOOCuiDntZDlqZrlvI8g5q2p44GN44KE44GZ44GEIOiEseOBkuOBquOBhCDotbDjgozjgosg44OV44Kp44O844Oe44OrIOODqeOCpuODs+ODieODiOOCpXwg44Os44OH44Kj44O844K5IOmdtCDjg7wg44K544OI44Op44OD44OX44OR44Oz44OX44K5IOOCouOCpuODiOODrOODg+ODiOOCt+ODpeODvOOCuiBfcyDjg57jg6njgr3jg7M=,44Kv44OD44K344On44Oz44Kk44Oz44K944O844Or44Gn55ay44KM44Gr44GP44GE77yB,PGRpdiBjbGFzcz1JdGVtUGFnZT48YnI+PGJyPjxicj48Y2VudGVyPjxpbWcgc3JjPWh0dHA6Ly9pbWFnZS5yYWt1dGVuLmNvLmpwL291dGxldHNob2VzL2NhYmluZXQvanYwcHAvanYwcHAtMjYwNi0wMDEuanBnPjwvY2VudGVyPjxicj48YnI+PGJyPjxicj48YnI+PGJyPjxjZW50ZXI+PGltZyBzcmM9aHR0cDovL2ltYWdlLnJha3V0ZW4uY28uanAvb3V0bGV0c2hvZXMvY2FiaW5ldC9qdjBwcC9qdjBwcC0yNjA2LTAwMi5qcGc+PGltZyBzcmM9aHR0cDovL2ltYWdlLnJha3V0ZW4uY28uanAvb3V0bGV0c2hvZXMvY2FiaW5ldC9qdjBwcC9qdjBwcC0yNjA2LTAwMy5qcGc+PGltZyBzcmM9aHR0cDovL2ltYWdlLnJha3V0ZW4uY28uanAvb3V0bGV0c2hvZXMvY2FiaW5ldC9qdjBwcC9qdjBwcC0yNjA2LTAwNC5qcGc+PGltZyBzcmM9aHR0cDovL2ltYWdlLnJha3V0ZW4uY28uanAvb3V0bGV0c2hvZXMvY2FiaW5ldC9qdjBwcC9qdjBwcC0yNjA2LTAwNS5qcGc+PGltZyBzcmM9aHR0cDovL2ltYWdlLnJha3V0ZW4uY28uanAvb3V0bGV0c2hvZXMvY2FiaW5ldC9qdjBwcC9qdjBwcC0yNjA2LTAwNi5qcGc+PGltZyBzcmM9aHR0cDovL2ltYWdlLnJha3V0ZW4uY28uanAvb3V0bGV0c2hvZXMvY2FiaW5ldC9qdjBwcC9qdjBwcC0yNjA2LTAwNy5qcGc+PGltZyBzcmM9aHR0cDovL2ltYWdlLnJha3V0ZW4uY28uanAvb3V0bGV0c2hvZXMvY2FiaW5ldC9qdjBwcC9qdjBwcC0yNjA2LTAwOC5qcGc+PC9jZW50ZXI+PGJyPjxicj48YnI+PGJyPjxicj48YnI+PGJyPjxicj48aW1nIHNyYz1odHRwOi8vaW1hZ2UucmFrdXRlbi5jby5qcC9vdXRsZXRzaG9lcy9jYWJpbmV0L3B0L2RldGFpbF90LmdpZj48aW1nIHNyYz1odHRwOi8vaW1hZ2UucmFrdXRlbi5jby5qcC9vdXRsZXRzaG9lcy9jYWJpbmV0L3B0L2dhem91X2tha3VkYWkuZ2lmPjxicj48YnI+PGJyPjxicj48YnI+PGEgaHJlZj1odHRwOi8vaW1hZ2UucmFrdXRlbi5jby5qcC9vdXRsZXRzaG9lcy9jYWJpbmV0L2p2MHBwL2p2MHBwLTI2MDYtczEtMi5qcGcgdGFyZ2V0PV9ibGFuaz48aW1nIHNyYz1odHRwOi8vaW1hZ2UucmFrdXRlbi5jby5qcC9vdXRsZXRzaG9lcy9jYWJpbmV0L2p2MHBwL2p2MHBwLTI2MDYtczEtMS5qcGc+PCEtLXMtLT48L2E+PGEgaHJlZj1odHRwOi8vaW1hZ2UucmFrdXRlbi5jby5qcC9vdXRsZXRzaG9lcy9jYWJpbmV0L2p2MHBwL2p2MHBwLTI2MDYtczItMi5qcGcgdGFyZ2V0PV9ibGFuaz48aW1nIHNyYz1odHRwOi8vaW1hZ2UucmFrdXRlbi5jby5qcC9vdXRsZXRzaG9lcy9jYWJpbmV0L2p2MHBwL2p2MHBwLTI2MDYtczItMS5qcGc+PCEtLXMtLT48L2E+PGJyPjxhIGhyZWY9aHR0cDovL2ltYWdlLnJha3V0ZW4uY28uanAvb3V0bGV0c2hvZXMvY2FiaW5ldC9qdjBwcC9qdjBwcC0yNjA2LXMzLTIuanBnIHRhcmdldD1fYmxhbms+PGltZyBzcmM9aHR0cDovL2ltYWdlLnJha3V0ZW4uY28uanAvb3V0bGV0c2hvZXMvY2FiaW5ldC9qdjBwcC9qdjBwcC0yNjA2LXMzLTEuanBnPjwhLS1zLS0+PC9hPjxhIGhyZWY9aHR0cDovL2ltYWdlLnJha3V0ZW4uY28uanAvb3V0bGV0c2hvZXMvY2FiaW5ldC9qdjBwcC9qdjBwcC0yNjA2LXM0LTIuanBnIHRhcmdldD1fYmxhbms+PGltZyBzcmM9aHR0cDovL2ltYWdlLnJha3V0ZW4uY28uanAvb3V0bGV0c2hvZXMvY2FiaW5ldC9qdjBwcC9qdjBwcC0yNjA2LXM0LTEuanBnPjwhLS1zLS0+PC9hPjxicj48YSBocmVmPWh0dHA6Ly9pbWFnZS5yYWt1dGVuLmNvLmpwL291dGxldHNob2VzL2NhYmluZXQvanYwcHAvanYwcHAtMjYwNi1zNS0yLmpwZyB0YXJnZXQ9X2JsYW5rPjxpbWcgc3JjPWh0dHA6Ly9pbWFnZS5yYWt1dGVuLmNvLmpwL291dGxldHNob2VzL2NhYmluZXQvanYwcHAvanYwcHAtMjYwNi1zNS0xLmpwZz48IS0tcy0tPjwvYT48YnI+PGJyPjxicj48YnI+PGJyPjxicj48aW1nIHNyYz1odHRwOi8vaW1hZ2UucmFrdXRlbi5jby5qcC9vdXRsZXRzaG9lcy9jYWJpbmV0L3B0L2NvbG9yX3QuZ2lmPjxpbWcgc3JjPWh0dHA6Ly9pbWFnZS5yYWt1dGVuLmNvLmpwL291dGxldHNob2VzL2NhYmluZXQvcHQvZ2F6b3Vfa2FrdWRhaS5naWY+PGJyPjxicj48YnI+PGJyPjxicj48YSBocmVmPWh0dHA6Ly9pbWFnZS5yYWt1dGVuLmNvLmpwL291dGxldHNob2VzL2NhYmluZXQvanYwcHAvanYwcHAtMjYwNi1jMS0yLmpwZyB0YXJnZXQ9X2JsYW5rPjxpbWcgc3JjPWh0dHA6Ly9pbWFnZS5yYWt1dGVuLmNvLmpwL291dGxldHNob2VzL2NhYmluZXQvanYwcHAvanYwcHAtMjYwNi1jMS0xLmpwZz48IS0tYy0tPjwvYT48YSBocmVmPWh0dHA6Ly9pbWFnZS5yYWt1dGVuLmNvLmpwL291dGxldHNob2VzL2NhYmluZXQvanYwcHAvanYwcHAtMjYwNi1jMi0yLmpwZyB0YXJnZXQ9X2JsYW5rPjxpbWcgc3JjPWh0dHA6Ly9pbWFnZS5yYWt1dGVuLmNvLmpwL291dGxldHNob2VzL2NhYmluZXQvanYwcHAvanYwcHAtMjYwNi1jMi0xLmpwZz48IS0tYy0tPjwvYT48YnI+PGJyPjxhIGhyZWY9aHR0cDovL2ltYWdlLnJha3V0ZW4uY28uanAvb3V0bGV0c2hvZXMvY2FiaW5ldC9qdjBwcC9qdjBwcC0yNjA2LWMzLTIuanBnIHRhcmdldD1fYmxhbms+PGltZyBzcmM9aHR0cDovL2ltYWdlLnJha3V0ZW4uY28uanAvb3V0bGV0c2hvZXMvY2FiaW5ldC9qdjBwcC9qdjBwcC0yNjA2LWMzLTEuanBnPjwhLS1jLS0+PC9hPjxicj48YnI+PGJyPjxicj48YnI+PGJyPjxicj48YnI+PGJyPjxicj48YnI+PGltZyBzcmM9aHR0cDovL2ltYWdlLnJha3V0ZW4uY28uanAvb3V0bGV0c2hvZXMvY2FiaW5ldC9qdjBwcC9qdjBwcC0yNjA2LXNpemUtcy5naWY+PGJyPjxpbWcgc3JjPWh0dHA6Ly9pbWFnZS5yYWt1dGVuLmNvLmpwL291dGxldHNob2VzL2NhYmluZXQvcHQvc2l6ZWstcy5qcGc+PGJyPjxicj48YnI+PGJyPjxpbWcgc3JjPWh0dHA6Ly9pbWFnZS5yYWt1dGVuLmNvLmpwL291dGxldHNob2VzL2NhYmluZXQvcHQvZml0dGluZy5naWY+PGJyPjxicj48YnI+PGltZyBzcmM9aHR0cDovL2ltYWdlLnJha3V0ZW4uY28uanAvb3V0bGV0c2hvZXMvY2FiaW5ldC9wdC9zdGFmZi1zaXplLTEuZ2lmPjxicj48YnI+PGJyPjxpbWcgc3JjPWh0dHA6Ly9pbWFnZS5yYWt1dGVuLmNvLmpwL291dGxldHNob2VzL2NhYmluZXQvanYwcHAvanYwcHAtMjYwNi1maXQuZ2lmPjxicj48YnI+PGJyPjxicj48YnI+PGltZyBzcmM9aHR0cDovL2ltYWdlLnJha3V0ZW4uY28uanAvb3V0bGV0c2hvZXMvY2FiaW5ldC9qdjBwcC9qdjBwcC0yNjA2LXNwZWMuZ2lmPjxicj48YnI+PGJyPjxicj48YnI+PGJyPjxicj48YSBocmVmPWh0dHA6Ly9pdGVtLnJha3V0ZW4uY28uanAvb3V0bGV0c2hvZXMvYy8wMDAwMDAwNTM3LyNzdGFmZi1zaXplPjxpbWcgc3JjPWh0dHA6Ly9pbWFnZS5yYWt1dGVuLmNvLmpwL291dGxldHNob2VzL2NhYmluZXQvcHQvc3RhZmZkYXRhLmdpZj48L2E+PGJyPjxhIGhyZWY9aHR0cDovL2l0ZW0ucmFrdXRlbi5jby5qcC9vdXRsZXRzaG9lcy9jLzAwMDAwMDA1MzcvI3NpemUta2Vpc29rdT48aW1nIHNyYz1odHRwOi8vaW1hZ2UucmFrdXRlbi5jby5qcC9vdXRsZXRzaG9lcy9jYWJpbmV0L3B0L3NpemVwb2ludC5naWY+PC9hPjxicj48YnI+PGJyPjxicj48YnI+PGRpdiBjbGFzcz1JdGVtUGFnZT48Y2VudGVyPjxpbWcgc3JjPWh0dHA6Ly9pbWFnZS5yYWt1dGVuLmNvLmpwL291dGxldHNob2VzL2NhYmluZXQvcHQvdHl1dWlfc2hvZXMuZ2lmPjwvY2VudGVyPjwvZGl2Pjxicj48YnI+PGJyPjxicj48ZGl2IGNsYXNzPWtleS13YXJkLTAxPuKWvOOCouOCpOODhuODoCDjgq3jg7zjg6/jg7zjg4k8YnI+PCEtLUBASXRlbV9LZXl3b3JkLS0+44OR44Oz44OX44K5IOeXm+OBj+OBquOBhCDjgrnjg4jjg6njg4Pjg5cg6buSIOWkp+OBjeOBhOOCteOCpOOCuiDntZDlqZrlvI8g5q2p44GN44KE44GZ44GEIOiEseOBkuOBquOBhCDotbDjgozjgosg44OW44Op44OD44Kv44OV44Kp44O844Oe44OrIOWNkuWckuW8jyDljZLmpa3lvI8g44OV44Kp44O844Oe44OrIOOCquODleOCo+OCuSDjg5Hjg7zjg4bjgqMg44OS44O844OrIDIwMTbmmKXlpI/vvIEg576O6ISaIOWwj+OBleOBhOOCteOCpOOCuiDmmKXlpI8g5pilIOWkjyDnp4sg5YasIOeni+WGrCDnvo7ohJrjg5Hjg7Pjg5fjgrkg44Kk44Oz44Od44O844OI44K344Ol44O844K6IOODqeOCpuODs+ODieODiOOCpSDjgrvjg5Hjg6zjg7zjg4gg44K144Kk44OJ44Kq44O844OX44OzIOODl+ODrOODvOODsyDjgrfjg7Pjg5fjg6sg54Sh5ZywIOOCt+ODpeODvOOCuiBQVSDlkIjnmq4g5ZCI5oiQ55qu6Z2pIOODmeODvOOCt+ODg+OCryDlsaXjgY3jgoTjgZnjgYQg5aSn5Lq6IOOCr+ODg+OCt+ODp+ODsyDjgbXjgo/jgbXjgo8g6ISa6ZW3IOmAmuW5tCBvbCDpgJrli6Qg44GK5LuV5LqLIOmAmuWtpiDlpKfkurrlj6/mhJvjgYQg44GK5ZG844Gw44KMIOOBiuWHuuOBi+OBkSDjgYrjgafjgYvjgZEg44OH44O844OIIOaVo+atqSDooYwg44Kt44Os44KkIOmAmuiyqSDlj6/mhJvjgYQg44GL44KP44GE44GEIOWumueVquiJsiDkurrmsJcg5a2m5byPIOOCieOBj+OBoeOCkyAg44Os44O844K5IOODqeODoSDjgrXjg4bjg7Mg44OJ44O844Kv44Os44CQMjIuMOOCu+ODs+ODgeOCteOCpOOCuuOAkSDjgJAyMmNt44CRIOOAkDIyLjXjgrvjg7Pjg4HjgrXjgqTjgrrjgJEg44CQMjIuNWNt44CRIOOAkDIzLjDjgrvjg7Pjg4HjgrXjgqTjgrrjgJEg44CQMjNjbeOAkSDjgJAyMy4144K744Oz44OB44K144Kk44K644CRIOOAkDIzLjVjbeOAkSDjgJAyNC4w44K744Oz44OB44K144Kk44K644CRIOOAkDI0Y23jgJEg44CQMjQuNeOCu+ODs+ODgeOCteOCpOOCuuOAkSDjgJAyNC41Y23jgJEg44CQMjUuMOOCu+ODs+ODgeOCteOCpOOCuuOAkSDjgJAyNWNt44CRIOOAkOOBr+OBk+OBveOBmeWvvuW/nOWVhuWTgeOAkSDjgJDmpb3lpKlCT1jlj5flj5blr77osaHllYblk4HvvIjjg6zjg4fjgqPjg7zjgrnjg5XjgqHjg4Pjgrfjg6fjg7PvvInjgJEg44CQ44Kz44Oz44OT44OL5Y+X5Y+W5a++5b+c5ZWG5ZOB44CRPC9kaXY+PCEtLUBAL0l0ZW1fS2V5d29yZC0tPjxicj48YnI+PGJyPjwvZGl2Pjxicj48YnI+PGEgaHJlZj1odHRwOi8vaXRlbS5yYWt1dGVuLmNvLmpwL291dGxldHNob2VzL2dpZnRraXQvIHRhcmdldD1fYmxhbms+PGltZyBzcmM9aHR0cDovL2ltYWdlLnJha3V0ZW4uY28uanAvb3V0bGV0c2hvZXMvY2FiaW5ldC9wdC9naWZ0a2l0LmdpZj48L2E+PGJyPjxicj48YnI+PGJyPjxhIGhyZWY9aHR0cDovL2l0ZW0ucmFrdXRlbi5jby5qcC9vdXRsZXRzaG9lcy9jLzAwMDAwMDEwMDcvIHRhcmdldD1fYmxhbms+PGltZyBzcmM9aHR0cDovL2ltYWdlLnJha3V0ZW4uY28uanAvb3V0bGV0c2hvZXMvY2FiaW5ldC9wdC9pbmZvLWtvdWthbi5naWY+PC9hPjxicj48YnI+PGJyPjxicj48YnI+PGJyPjxicj48YnI+PGJyPjxicj48YnI+PCEtLVNBTEXnlKgtLT48YnI+PGJyPjxicj48YSBocmVmPWh0dHA6Ly93d3cucmFrdXRlbi5uZS5qcC9nb2xkL291dGxldHNob2VzL2FzdV9nYWl5b3UuaHRtbD48aW1nIHNyYz1odHRwOi8vdGh1bWJuYWlsLmltYWdlLnJha3V0ZW4uY28uanAvQDBfbWFsbC9vdXRsZXRzaG9lcy9jYWJpbmV0L21haWwwMi9hc3VyYWt1LmdpZj9fZXg9NjUweDY1MD48L2E+PGJyPjxicj48YnI+PGNlbnRlcj48L2NlbnRlcj48IS0tQEBQQ19JdGVtXyBEZXNjcmlwdGlvbi0tPgo8YnI+CjwhLS1AQC9QQ19JdGVtXyBEZXNjcmlwdGlvbi0tPjwhLS1AQC9QQ19JdGVtXyBEZXNjcmlwdGlvbi0tPgo8ZGl2IGNsYXNzPWtleS13YXJkLTAxPgrilrzjgqLjgqTjg4bjg6Ag44Kt44O844Ov44O844OJPGJyPgo8IS0tQEBJdGVtX0tleXdvcmQtLT48IS0t4oC75ZWG5ZOB5ZCN44Go44Kr44OW44Gj44Gm44GE44KL44KC44Gu44Gv44OI44OrLS0+44OR44Oz44OX44K5IOeXm+OBj+OBquOBhCDjgrnjg4jjg6njg4Pjg5cg6buSIOWkp+OBjeOBhOOCteOCpOOCuiDntZDlqZrlvI8g5q2p44GN44KE44GZ44GEIOiEseOBkuOBquOBhCDotbDjgozjgosg44OW44Op44OD44Kv44OV44Kp44O844Oe44OrIOWNkuWckuW8jyDljZLmpa3lvI8g44OV44Kp44O844Oe44OrIOOCquODleOCo+OCuSDjg5Hjg7zjg4bjgqMg44OS44O844OrIDIwMTbmmKXlpI/vvIEg576O6ISaIOWwj+OBleOBhOOCteOCpOOCuiDmmKXlpI8g5pilIOWkjyDnp4sg5YasIOeni+WGrCDnvo7ohJrjg5Hjg7Pjg5fjgrkg44Kk44Oz44Od44O844OI44K344Ol44O844K6IOODqeOCpuODs+ODieODiOOCpSDjgrvjg5Hjg6zjg7zjg4gg44K144Kk44OJ44Kq44O844OX44OzIOODl+ODrOODvOODsyDjgrfjg7Pjg5fjg6sg54Sh5ZywIOOCt+ODpeODvOOCuiBQVSDlkIjnmq4g5ZCI5oiQ55qu6Z2pIOODmeODvOOCt+ODg+OCryDlsaXjgY3jgoTjgZnjgYQg5aSn5Lq6IOOCr+ODg+OCt+ODp+ODsyDjgbXjgo/jgbXjgo8g6ISa6ZW3IOmAmuW5tCBvbCDpgJrli6Qg44GK5LuV5LqLIOmAmuWtpiDlpKfkurrlj6/mhJvjgYQg44GK5ZG844Gw44KMIOOBiuWHuuOBi+OBkSDjgYrjgafjgYvjgZEg44OH44O844OIIOaVo+atqSDml4XooYwg44Kt44Os44KkIOmAmuiyqSDlj6/mhJvjgYQg44GL44KP44GE44GEIOWumueVquiJsiDkurrmsJcg5YWl5a2m5byPIOOCieOBj+OBoeOCkyAg44Os44O844K5IOODqeODoSDjgrXjg4bjg7Mg44OJ44O844Kv44Os44CQMjIuMOOCu+ODs+ODgeOCteOCpOOCuuOAkSDjgJAyMmNt44CRIOOAkDIyLjXjgrvjg7Pjg4HjgrXjgqTjgrrjgJEg44CQMjIuNWNt44CRIOOAkDIzLjDjgrvjg7Pjg4HjgrXjgqTjgrrjgJEg44CQMjNjbeOAkSDjgJAyMy4144K744Oz44OB44K144Kk44K644CRIOOAkDIzLjVjbeOAkSDjgJAyNC4w44K744Oz44OB44K144Kk44K644CRIOOAkDI0Y23jgJEg44CQMjQuNeOCu+ODs+ODgeOCteOCpOOCuuOAkSDjgJAyNC41Y23jgJEg44CQMjUuMOOCu+ODs+ODgeOCteOCpOOCuuOAkSDjgJAyNWNt44CRIOOAkOOBr+OBk+OBveOBmeWvvuW/nOWVhuWTgeOAkSDjgJDmpb3lpKlCT1jlj5flj5blr77osaHllYblk4HvvIjjg6zjg4fjgqPjg7zjgrnjg5XjgqHjg4Pjgrfjg6fjg7PvvInjgJEg44CQ44Kz44Oz44OT44OL5Y+X5Y+W5a++5b+c5ZWG5ZOB44CR44CQ44Gv44GT44G944GZ5a++5b+c5ZWG5ZOB44CRIOOAkOalveWkqUJPWOWPl+WPluWvvuixoeWVhuWTge+8iOODrOODh+OCo+ODvOOCueODleOCoeODg+OCt+ODp+ODs++8ieOAkSDjgJDjgrPjg7Pjg5Pjg4vlj5flj5blr77lv5zllYblk4HjgJE8dGFibGUgd2lkdGg9IjY1MCIgY2VsbHBhZGRpbmc9IjAiIGNlbGxzcGFjaW5nPSI1IiBib3JkZXI9IjAiPgo8dHI+Cjx0ZD48aW1nIHNyYz0iaHR0cDovL2ltYWdlLnJha3V0ZW4uY28uanAvb3V0bGV0c2hvZXMvY2FiaW5ldC9ldmVudC9zcF9iXzR0cmVuZC5qcGciIHdpZHRoPSIzMjAiPjwvdGQ+Cjx0ZD48aW1nIHNyYz0iaHR0cHM6Ly90aHVtYm5haWwuaW1hZ2UucmFrdXRlbi5jby5qcC9AMF9tYWxsL291dGxldHNob2VzL2NhYmluZXQvZXZlbnQvc3BfYl9lbmFtZWxwdW1wcy5qcGciIHdpZHRoPSIzMjAiPjwvdGQ+CjwvdHI+Cjx0cj4KPHRkPjxpbWcgc3JjPSJodHRwOi8vaW1hZ2UucmFrdXRlbi5jby5qcC9vdXRsZXRzaG9lcy9jYWJpbmV0L2V2ZW50L3NwX2Jfc3VtbWVyLmpwZyIgd2lkdGg9IjMyMCI+PC90ZD4KPHRkPjxpbWcgc3JjPSJodHRwOi8vaW1hZ2UucmFrdXRlbi5jby5qcC9vdXRsZXRzaG9lcy9jYWJpbmV0L2V2ZW50L3NwX2Jfc2VsZWN0MjQuanBnIiB3aWR0aD0iMzIwIj48L3RkPgo8L3RyPgo8L3RhYmxlPg==,44CQ44K144Oe44O877yz77yh77ys77yl44CR6YCB5paZ54Sh5paZIOOBteOCj+OBteOCj+OCr+ODg+OCt+ODp+ODs+OCpOODs+OCveODvOODqyDlpKfkurrjga7kuIrlk4Eg44K744OR44Os44O844OI44OR44Oz44OX44K5IOeXm+OBj+OBquOBhCDjgrnjg4jjg6njg4Pjg5cg6buSIOWkp+OBjeOBhOOCteOCpOOCuiDntZDlqZrlvI8g5q2p44GN44KE44GZ44GEIOiEseOBkuOBquOBhCDotbDjgozjgosg44OV44Kp44O844Oe44OrIOODqeOCpuODs+ODieODiOOCpXwg44Os44OH44Kj44O844K5IOmdtCDjg7wg44K544OI44Op44OD44OX44OR44Oz44OX44K5IOOCouOCpuODiOODrOODg+ODiOOCt+ODpeODvOOCuiBfcyDjg57jg6njgr3jg7PvvJrjgqLjgqbjg4jjg6zjg4Pjg4jjgrfjg6Xjg7zjgrogb3V0bGV0c2hvZXM=,6Z2044OR44Oz44OX44K544Ko44K544OR44OJ44Oq44O844Om44K144Oz44OA44Or5aSn44GN44GE44K144Kk44K65aSn44GN44GE6Z205bCP44GV44GE44K144Kk44K644K544OI44Op44OD44OX44OQ44Os44Ko44K344Ol44O844K655eb44GP44Gq44GEMjZjbeODreODvOODkuODvOODq+OCpuOCqOODg+OCuOOCveODvOODqzI3Y23jgq3jg4PjgroyMWNt44Os44OH44Kj44O844K5MjEuNWNt44OV44Op44OD44OI44K344Ol44O844K644Ki44Km44OI44Os44OD44OI44K344Ol44O844K644CQ44K144Oe44O877yz77yh77ys77yl44CR6YCB5paZ54Sh5paZIOOBteOCj+OBteOCj+OCr+ODg+OCt+ODp+ODs+OCpOODs+OCveODvOODqyDlpKfkurrjga7kuIrlk4Eg44K744OR44Os44O844OI44OR44Oz44OX44K5IOeXm+OBj+OBquOBhCDjgrnjg4jjg6njg4Pjg5cg6buSIOWkp+OBjeOBhOOCteOCpOOCuiDntZDlqZrlvI8g5q2p44GN44KE44GZ44GEIOiEseOBkuOBquOBhCDotbDjgozjgosg44OV44Kp44O844Oe44OrIOODqeOCpuODs+ODieODiOOCpXwg44Os44OH44Kj44O844K5IOmdtCDjg7wg44K544OI44Op44OD44OX44OR44Oz44OX44K5IOOCouOCpuODiOODrOODg+ODiOOCt+ODpeODvOOCuiBfcyDjg57jg6njgr3jg7M=,44Kv44OD44K344On44Oz44Kk44Oz44K944O844Or44Gn55ay44KM44Gr44GP44GE77yB44CC44CQ44K144Oe44O877yz77yh77ys77yl44CR6YCB5paZ54Sh5paZIOOBteOCj+OBteOCj+OCr+ODg+OCt+ODp+ODs+OCpOODs+OCveODvOODqyDlpKfkurrjga7kuIrlk4Eg44K744OR44Os44O844OI44OR44Oz44OX44K5IOeXm+OBj+OBquOBhCDjgrnjg4jjg6njg4Pjg5cg6buSIOWkp+OBjeOBhOOCteOCpOOCuiDntZDlqZrlvI8g5q2p44GN44KE44GZ44GEIOiEseOBkuOBquOBhCDotbDjgozjgosg44OV44Kp44O844Oe44OrIOODqeOCpuODs+ODieODiOOCpXwg44Os44OH44Kj44O844K5IOmdtCDjg7wg44K544OI44Op44OD44OX44OR44Oz44OX44K5IOOCouOCpuODiOODrOODg+ODiOOCt+ODpeODvOOCuiBfcyDjg57jg6njgr3jg7M=[rn]
7-31694,aHR0cDovL3RzaG9wLnIxMHMuanAvb3V0bGV0c2hvZXMvY2FiaW5ldC9qdjFwcC9qdjFwcC0yOTYzX20wLmpwZz9maXRpbj03MDA6NzAw,Mjk1Mi4wMDAw,,6Z20ID4g44Os44OH44Kj44O844K56Z20ID4g44OR44Oz44OX44K5,4piF6YCB5paZ54Sh5paZ4piF576O6ISaIOODj+OCpOODkuODvOODqyDjg6zjg7zjgrnjgqLjg4Pjg5cg44OR44Oz44OX44K54omq5a6F6YWN5L6/44Gu44G/4omr55eb44GP44Gq44GEIOODkOODg+OCr+ODleOCoeOCueODiuODvCDjg5Djg4Pjgq/jgrjjg4Pjg5Hjg7wg44K544OI44Op44OD44OXIOm7kiDjgq3jg6Pjg6Hjg6sg44OW44Op44OD44KvIOWkp+OBjeOBhOOCteOCpOOCuiDohLHjgZLjgarjgYQg44Os44O844K544Ki44OD44OX44OR44Oz44OX44K544CQ44GC44GZ5qW9IOWvvuW/nOOAkSDjgqLjgqbjg4jjg6zjg4Pjg4jjgrfjg6Xjg7zjgrp844Os44OH44Kj44O844K5IOmdtCDmranjgY3jgoTjgZnjgYQg44Oe44Op44K944Oz,44OQ44OD44Kv44OV44Kh44K544OK44O844Gn6ISx44GO5bGl44GN5qW944CF77yB,PGRpdiBjbGFzcz1JdGVtUGFnZT48YnI+PGJyPjxicj48Y2VudGVyPjxpbWcgc3JjPWh0dHA6Ly9pbWFnZS5yYWt1dGVuLmNvLmpwL291dGxldHNob2VzL2NhYmluZXQvanYxcHAvanYxcHAtMjk2My0wMDEuanBnPjwvY2VudGVyPjxicj48Y2VudGVyPjxpbWcgc3JjPWh0dHA6Ly9pbWFnZS5yYWt1dGVuLmNvLmpwL291dGxldHNob2VzL2NhYmluZXQvanYxcHAvanYxcHAtMjk2My0wMDIuanBnPjxpbWcgc3JjPWh0dHA6Ly9pbWFnZS5yYWt1dGVuLmNvLmpwL291dGxldHNob2VzL2NhYmluZXQvanYxcHAvanYxcHAtMjk2My0wMDMuanBnPjxpbWcgc3JjPWh0dHA6Ly9pbWFnZS5yYWt1dGVuLmNvLmpwL291dGxldHNob2VzL2NhYmluZXQvanYxcHAvanYxcHAtMjk2My0wMDQuanBnPjxpbWcgc3JjPWh0dHA6Ly9pbWFnZS5yYWt1dGVuLmNvLmpwL291dGxldHNob2VzL2NhYmluZXQvanYxcHAvanYxcHAtMjk2My0wMDUuanBnPjxpbWcgc3JjPWh0dHA6Ly9pbWFnZS5yYWt1dGVuLmNvLmpwL291dGxldHNob2VzL2NhYmluZXQvanYxcHAvanYxcHAtMjk2My0wMDYuanBnPjxpbWcgc3JjPWh0dHA6Ly9pbWFnZS5yYWt1dGVuLmNvLmpwL291dGxldHNob2VzL2NhYmluZXQvanYxcHAvanYxcHAtMjk2My0wMDcuanBnPjxpbWcgc3JjPWh0dHA6Ly9pbWFnZS5yYWt1dGVuLmNvLmpwL291dGxldHNob2VzL2NhYmluZXQvanYxcHAvanYxcHAtMjk2My0wMDguanBnPjxpbWcgc3JjPWh0dHA6Ly9pbWFnZS5yYWt1dGVuLmNvLmpwL291dGxldHNob2VzL2NhYmluZXQvanYxcHAvanYxcHAtMjk2My0wMDkuanBnPjxpbWcgc3JjPWh0dHA6Ly9pbWFnZS5yYWt1dGVuLmNvLmpwL291dGxldHNob2VzL2NhYmluZXQvanYxcHAvanYxcHAtMjk2My0wMTAuanBnPjxpbWcgc3JjPWh0dHA6Ly9pbWFnZS5yYWt1dGVuLmNvLmpwL291dGxldHNob2VzL2NhYmluZXQvanYxcHAvanYxcHAtMjk2My0wMTEuanBnPjxpbWcgc3JjPWh0dHA6Ly9pbWFnZS5yYWt1dGVuLmNvLmpwL291dGxldHNob2VzL2NhYmluZXQvanYxcHAvanYxcHAtMjk2My0wMTIuanBnPjxpbWcgc3JjPWh0dHA6Ly9pbWFnZS5yYWt1dGVuLmNvLmpwL291dGxldHNob2VzL2NhYmluZXQvanYxcHAvanYxcHAtMjk2My0wMTMuanBnPjwvY2VudGVyPjxicj48YnI+PGltZyBzcmM9aHR0cDovL2ltYWdlLnJha3V0ZW4uY28uanAvb3V0bGV0c2hvZXMvY2FiaW5ldC9wdC9kZXRhaWxfdC5naWY+PGltZyBzcmM9aHR0cDovL2ltYWdlLnJha3V0ZW4uY28uanAvb3V0bGV0c2hvZXMvY2FiaW5ldC9wdC9nYXpvdV9rYWt1ZGFpLmdpZj48YnI+PGJyPjxicj48YnI+PGJyPjxhIGhyZWY9aHR0cDovL2ltYWdlLnJha3V0ZW4uY28uanAvb3V0bGV0c2hvZXMvY2FiaW5ldC9qdjFwcC9qdjFwcC0yOTYzLXMxLTIuanBnIHRhcmdldD1fYmxhbms+PGltZyBzcmM9aHR0cDovL2ltYWdlLnJha3V0ZW4uY28uanAvb3V0bGV0c2hvZXMvY2FiaW5ldC9qdjFwcC9qdjFwcC0yOTYzLXMxLTEuanBnPjwhLS1zLS0+PC9hPjxhIGhyZWY9aHR0cDovL2ltYWdlLnJha3V0ZW4uY28uanAvb3V0bGV0c2hvZXMvY2FiaW5ldC9qdjFwcC9qdjFwcC0yOTYzLXMyLTIuanBnIHRhcmdldD1fYmxhbms+PGltZyBzcmM9aHR0cDovL2ltYWdlLnJha3V0ZW4uY28uanAvb3V0bGV0c2hvZXMvY2FiaW5ldC9qdjFwcC9qdjFwcC0yOTYzLXMyLTEuanBnPjwhLS1zLS0+PC9hPjxicj48YSBocmVmPWh0dHA6Ly9pbWFnZS5yYWt1dGVuLmNvLmpwL291dGxldHNob2VzL2NhYmluZXQvanYxcHAvanYxcHAtMjk2My1zMy0yLmpwZyB0YXJnZXQ9X2JsYW5rPjxpbWcgc3JjPWh0dHA6Ly9pbWFnZS5yYWt1dGVuLmNvLmpwL291dGxldHNob2VzL2NhYmluZXQvanYxcHAvanYxcHAtMjk2My1zMy0xLmpwZz48IS0tcy0tPjwvYT48YSBocmVmPWh0dHA6Ly9pbWFnZS5yYWt1dGVuLmNvLmpwL291dGxldHNob2VzL2NhYmluZXQvanYxcHAvanYxcHAtMjk2My1zNC0yLmpwZyB0YXJnZXQ9X2JsYW5rPjxpbWcgc3JjPWh0dHA6Ly9pbWFnZS5yYWt1dGVuLmNvLmpwL291dGxldHNob2VzL2NhYmluZXQvanYxcHAvanYxcHAtMjk2My1zNC0xLmpwZz48IS0tcy0tPjwvYT48YnI+PGEgaHJlZj1odHRwOi8vaW1hZ2UucmFrdXRlbi5jby5qcC9vdXRsZXRzaG9lcy9jYWJpbmV0L2p2MXBwL2p2MXBwLTI5NjMtczUtMi5qcGcgdGFyZ2V0PV9ibGFuaz48aW1nIHNyYz1odHRwOi8vaW1hZ2UucmFrdXRlbi5jby5qcC9vdXRsZXRzaG9lcy9jYWJpbmV0L2p2MXBwL2p2MXBwLTI5NjMtczUtMS5qcGc+PCEtLXMtLT48L2E+PGJyPjxicj48YnI+PGJyPjxicj48YnI+PGltZyBzcmM9aHR0cDovL2ltYWdlLnJha3V0ZW4uY28uanAvb3V0bGV0c2hvZXMvY2FiaW5ldC9wdC9jb2xvcl90LmdpZj48aW1nIHNyYz1odHRwOi8vaW1hZ2UucmFrdXRlbi5jby5qcC9vdXRsZXRzaG9lcy9jYWJpbmV0L3B0L2dhem91X2tha3VkYWkuZ2lmPjxicj48YnI+PGJyPjxicj48YnI+PGEgaHJlZj1odHRwOi8vaW1hZ2UucmFrdXRlbi5jby5qcC9vdXRsZXRzaG9lcy9jYWJpbmV0L2p2MXBwL2p2MXBwLTI5NjMtYzEtMi5qcGcgdGFyZ2V0PV9ibGFuaz48aW1nIHNyYz1odHRwOi8vaW1hZ2UucmFrdXRlbi5jby5qcC9vdXRsZXRzaG9lcy9jYWJpbmV0L2p2MXBwL2p2MXBwLTI5NjMtYzEtMS5qcGc+PCEtLWMtLT48L2E+PGEgaHJlZj1odHRwOi8vaW1hZ2UucmFrdXRlbi5jby5qcC9vdXRsZXRzaG9lcy9jYWJpbmV0L2p2MXBwL2p2MXBwLTI5NjMtYzItMi5qcGcgdGFyZ2V0PV9ibGFuaz48aW1nIHNyYz1odHRwOi8vaW1hZ2UucmFrdXRlbi5jby5qcC9vdXRsZXRzaG9lcy9jYWJpbmV0L2p2MXBwL2p2MXBwLTI5NjMtYzItMS5qcGc+PCEtLWMtLT48L2E+PGEgaHJlZj1odHRwOi8vaW1hZ2UucmFrdXRlbi5jby5qcC9vdXRsZXRzaG9lcy9jYWJpbmV0L2p2MXBwL2p2MXBwLTI5NjMtYzMtMi5qcGcgdGFyZ2V0PV9ibGFuaz48aW1nIHNyYz1odHRwOi8vaW1hZ2UucmFrdXRlbi5jby5qcC9vdXRsZXRzaG9lcy9jYWJpbmV0L2p2MXBwL2p2MXBwLTI5NjMtYzMtMS5qcGc+PCEtLWMtLT48L2E+PGJyPjxicj48YnI+PGJyPjxicj48aW1nIHNyYz0iaHR0cDovL2ltYWdlLnJha3V0ZW4uY28uanAvb3V0bGV0c2hvZXMvY2FiaW5ldC9wdC9jb2xvcl90eXVpLmdpZiI+PGJyPjxicj48YnI+PGltZyBzcmM9aHR0cDovL2ltYWdlLnJha3V0ZW4uY28uanAvb3V0bGV0c2hvZXMvY2FiaW5ldC9wdC9maXR0aW5nLmdpZj48YnI+PGJyPjxicj48aW1nIHNyYz1odHRwOi8vaW1hZ2UucmFrdXRlbi5jby5qcC9vdXRsZXRzaG9lcy9jYWJpbmV0L3B0L3N0YWZmLXNpemUtMS5naWY+PGJyPjxicj48YnI+PGltZyBzcmM9aHR0cDovL2ltYWdlLnJha3V0ZW4uY28uanAvb3V0bGV0c2hvZXMvY2FiaW5ldC9qdjFwcC9qdjFwcC0yOTYzLWZpdC5naWY+PGJyPjxicj48YnI+PGJyPjxicj48YSBocmVmPWh0dHA6Ly9pdGVtLnJha3V0ZW4uY28uanAvb3V0bGV0c2hvZXMvYy8wMDAwMDAwNTM3LyNzdGFmZi1zaXplPjxpbWcgc3JjPWh0dHA6Ly9pbWFnZS5yYWt1dGVuLmNvLmpwL291dGxldHNob2VzL2NhYmluZXQvcHQvc3RhZmZkYXRhLmdpZj48L2E+PGJyPjxhIGhyZWY9aHR0cDovL2l0ZW0ucmFrdXRlbi5jby5qcC9vdXRsZXRzaG9lcy9jLzAwMDAwMDA1MzcvI3NpemUta2Vpc29rdT48aW1nIHNyYz1odHRwOi8vaW1hZ2UucmFrdXRlbi5jby5qcC9vdXRsZXRzaG9lcy9jYWJpbmV0L3B0L3NpemVwb2ludC5naWY+PC9hPjxicj48YnI+PGJyPjxicj48YnI+PGltZyBzcmM9aHR0cDovL2ltYWdlLnJha3V0ZW4uY28uanAvb3V0bGV0c2hvZXMvY2FiaW5ldC9qdjFwcC9qdjFwcC0yOTYzLXNwZWMuZ2lmPjxicj48YnI+PGJyPjxicj48YnI+PGJyPjxicj48Y2VudGVyPjxpbWcgc3JjPWh0dHA6Ly9pbWFnZS5yYWt1dGVuLmNvLmpwL291dGxldHNob2VzL2NhYmluZXQvcHQvdHl1dWlfc2hvZXMuZ2lmPjwvY2VudGVyPjxicj48YnI+PGJyPjxicj48ZGl2IGNsYXNzPWtleS13YXJkLTAxPuKWvOOCouOCpOODhuODoCDjgq3jg7zjg6/jg7zjg4k8YnI+PCEtLUBASXRlbV9LZXl3b3JkLS0+44Os44O844K544Ki44OD44OXIOODkeODs+ODl+OCuSDnl5vjgY/jgarjgYQg44OQ44OD44Kv44OV44Kh44K544OK44O8IOODkOODg+OCr+OCuOODg+ODkeODvCDjgrnjg4jjg6njg4Pjg5cg6buSIOODj+OCpOODkuODvOODqyDjgq3jg6Pjg6Hjg6sg5aSn44GN44GE44K144Kk44K6IDIwMTbnp4vjg6Ljg4fjg6sg6ISx44GS44Gq44GEIOODrOODvOOCueOCouODg+ODl+OCt+ODpeODvOOCuiDjg6zjg7zjgrnjgqLjg4Pjg5fjg5Hjg7Pjg5fjgrkg44Od44Kk44Oz44OG44OD44OJ44OI44KlIOOBi+OCj+OBhOOBhCDmranjgY3jgoTjgZnjgYQg6LWw44KM44KL44OR44Oz44OX44K5IOOBqOOCk+OBjOOCiiDnvo7ohJog5bCP44GV44GE44K144Kk44K6IOOCouOCpuODiOODrOODg+ODiOOCt+ODpeODvOOCuiDmmKXlpI/np4vlhqwg44Kk44Oz44Od44O844OI44K344Ol44O844K6IOOCt+ODs+ODl+ODqyDnhKHlnLAg44K544Ko44O844OJIOOCueOCpuOCp+ODvOODiSDlpKfkurog44Kv44OD44K344On44OzIOODluODqeODg+OCryDjgqvjg7zjgq0g44CQMjIuMOOCu+ODs+ODgeOAkSDjgJAyMmNt44CRIOOAkDIyLjXjgrvjg7Pjg4HjgJEg44CQMjIuNWNt44CRIOOAkDIzLjDjgrvjg7Pjg4HjgJEg44CQMjNjbeOAkSDjgJAyMy4144K744Oz44OB44CRIOOAkDIzLjVjbeOAkSDjgJAyNC4w44K744Oz44OB44CRIOOAkDI0Y23jgJEg44CQMjQuNeOCu+ODs+ODgeOAkSDjgJAyNC41Y23jgJEg44CQMjUuMOOCu+ODs+ODgeOAkSDjgJAyNWNt44CRPC9kaXY+PCEtLUBAL0l0ZW1fS2V5d29yZC0tPjxicj48YnI+PGJyPjwvZGl2Pjxicj48YnI+PGEgaHJlZj1odHRwOi8vaXRlbS5yYWt1dGVuLmNvLmpwL291dGxldHNob2VzL2dpZnRraXQvIHRhcmdldD1fYmxhbms+PGltZyBzcmM9aHR0cDovL2ltYWdlLnJha3V0ZW4uY28uanAvb3V0bGV0c2hvZXMvY2FiaW5ldC9wdC9naWZ0a2l0LmdpZj48L2E+PGJyPjxicj48YnI+PGJyPjxhIGhyZWY9aHR0cDovL2l0ZW0ucmFrdXRlbi5jby5qcC9vdXRsZXRzaG9lcy9jLzAwMDAwMDEwMDcvIHRhcmdldD1fYmxhbms+PGltZyBzcmM9aHR0cDovL2ltYWdlLnJha3V0ZW4uY28uanAvb3V0bGV0c2hvZXMvY2FiaW5ldC9wdC9pbmZvLWtvdWthbi5naWY+PC9hPjxicj48YnI+PGJyPjxicj48YnI+PCEtLVNBTEXnlKgtLT48YnI+PGJyPjxicj48YSBocmVmPWh0dHA6Ly93d3cucmFrdXRlbi5uZS5qcC9nb2xkL291dGxldHNob2VzL2FzdV9nYWl5b3UuaHRtbD48aW1nIHNyYz1odHRwOi8vdGh1bWJuYWlsLmltYWdlLnJha3V0ZW4uY28uanAvQDBfbWFsbC9vdXRsZXRzaG9lcy9jYWJpbmV0L21haWwwMi9hc3VyYWt1LmdpZj9fZXg9NjUweDY1MD48L2E+PGJyPjxicj48YnI+PCEtLeODneOCpOODs+ODhuODg+ODiS0tPjxicj48YnI+PGEgaHJlZj0iaHR0cDovL3NlYXJjaC5yYWt1dGVuLmNvLmpwL3NlYXJjaC9pbnNob3AtbWFsbC8lRTMlODMlOUQlRTMlODIlQTQlRTMlODMlQjMlRTMlODMlODYlRTMlODMlODMlRTMlODMlODklRTMlODMlODglRTMlODIlQTUvLS9mLjEtcC4xLXMuMS1zZi4wLXNpZC4yMDA2ODYtc3QuQS12LjMiPjxpbWcgc3JjPSJodHRwOi8vaW1hZ2UucmFrdXRlbi5jby5qcC9vdXRsZXRzaG9lcy9jYWJpbmV0L2Jhbm5lci9wb2ludGVkLWxpbmstdGl0bGUuanBnIiB3aWR0aD0iNjUwIj48L2E+PGJyPjxicj48IS0tQEBQQ19JdGVtXyBEZXNjcmlwdGlvbi0tPgo8YnI+CjwhLS1AQC9QQ19JdGVtXyBEZXNjcmlwdGlvbi0tPjwhLS1AQC9QQ19JdGVtXyBEZXNjcmlwdGlvbi0tPgo8ZGl2IGNsYXNzPWtleS13YXJkLTAxPgrilrzjgqLjgqTjg4bjg6Ag44Kt44O844Ov44O844OJPGJyPgo8IS0tQEBJdGVtX0tleXdvcmQtLT48IS0t4oC75ZWG5ZOB5ZCN44Go44Kr44OW44Gj44Gm44GE44KL44KC44Gu44Gv44OI44OrLS0+44Os44O844K544Ki44OD44OXIOODkeODs+ODl+OCuSDnl5vjgY/jgarjgYQg44OQ44OD44Kv44OV44Kh44K544OK44O8IOODkOODg+OCr+OCuOODg+ODkeODvCDjgrnjg4jjg6njg4Pjg5cg6buSIOODj+OCpOODkuODvOODqyDjgq3jg6Pjg6Hjg6sg5aSn44GN44GE44K144Kk44K6IDIwMTbnp4vjg6Ljg4fjg6sg6ISx44GS44Gq44GEIOODrOODvOOCueOCouODg+ODl+OCt+ODpeODvOOCuiDjg6zjg7zjgrnjgqLjg4Pjg5fjg5Hjg7Pjg5fjgrkg44Od44Kk44Oz44OG44OD44OJ44OI44KlIOOBi+OCj+OBhOOBhCDmranjgY3jgoTjgZnjgYQg6LWw44KM44KL44OR44Oz44OX44K5IOOBqOOCk+OBjOOCiiDnvo7ohJog5bCP44GV44GE44K144Kk44K6IOOCouOCpuODiOODrOODg+ODiOOCt+ODpeODvOOCuiDmmKXlpI/np4vlhqwg44Kk44Oz44Od44O844OI44K344Ol44O844K6IOOCt+ODs+ODl+ODqyDnhKHlnLAg44K544Ko44O844OJIOOCueOCpuOCp+ODvOODiSDlpKfkurog44Kv44OD44K344On44OzIOODluODqeODg+OCryDjgqvjg7zjgq0KIOOAkDIyLjDjgrvjg7Pjg4HjgJEg44CQMjJjbeOAkSDjgJAyMi4144K744Oz44OB44CRIOOAkDIyLjVjbeOAkSDjgJAyMy4w44K744Oz44OB44CRIOOAkDIzY23jgJEg44CQMjMuNeOCu+ODs+ODgeOAkSDjgJAyMy41Y23jgJEg44CQMjQuMOOCu+ODs+ODgeOAkSDjgJAyNGNt44CRIOOAkDI0LjXjgrvjg7Pjg4HjgJEg44CQMjQuNWNt44CRIOOAkDI1LjDjgrvjg7Pjg4HjgJEg44CQMjVjbeOAkQrjgJDjga/jgZPjgb3jgZnlr77lv5zllYblk4HjgJEg44CQ5qW95aSpQk9Y5Y+X5Y+W5a++6LGh5ZWG5ZOB77yI44Os44OH44Kj44O844K544OV44Kh44OD44K344On44Oz77yJ44CRIOOAkOOCs+ODs+ODk+ODi+WPl+WPluWvvuW/nOWVhuWTgeOAkTx0YWJsZSB3aWR0aD0iNjUwIiBjZWxscGFkZGluZz0iMCIgY2VsbHNwYWNpbmc9IjUiIGJvcmRlcj0iMCI+Cjx0cj4KPHRkPjxpbWcgc3JjPSJodHRwOi8vaW1hZ2UucmFrdXRlbi5jby5qcC9vdXRsZXRzaG9lcy9jYWJpbmV0L2V2ZW50L3NwX2JfNHRyZW5kLmpwZyIgd2lkdGg9IjMyMCI+PC90ZD4KPHRkPjxpbWcgc3JjPSJodHRwczovL3RodW1ibmFpbC5pbWFnZS5yYWt1dGVuLmNvLmpwL0AwX21hbGwvb3V0bGV0c2hvZXMvY2FiaW5ldC9ldmVudC9zcF9iX2VuYW1lbHB1bXBzLmpwZyIgd2lkdGg9IjMyMCI+PC90ZD4KPC90cj4KPHRyPgo8dGQ+PGltZyBzcmM9Imh0dHA6Ly9pbWFnZS5yYWt1dGVuLmNvLmpwL291dGxldHNob2VzL2NhYmluZXQvZXZlbnQvc3BfYl9zdW1tZXIuanBnIiB3aWR0aD0iMzIwIj48L3RkPgo8dGQ+PGltZyBzcmM9Imh0dHA6Ly9pbWFnZS5yYWt1dGVuLmNvLmpwL291dGxldHNob2VzL2NhYmluZXQvZXZlbnQvc3BfYl9zZWxlY3QyNC5qcGciIHdpZHRoPSIzMjAiPjwvdGQ+CjwvdHI+CjwvdGFibGU+,4piF6YCB5paZ54Sh5paZ4piF576O6ISaIOODj+OCpOODkuODvOODqyDjg6zjg7zjgrnjgqLjg4Pjg5cg44OR44Oz44OX44K54omq5a6F6YWN5L6/44Gu44G/4omr55eb44GP44Gq44GEIOODkOODg+OCr+ODleOCoeOCueODiuODvCDjg5Djg4Pjgq/jgrjjg4Pjg5Hjg7wg44K544OI44Op44OD44OXIOm7kiDjgq3jg6Pjg6Hjg6sg44OW44Op44OD44KvIOWkp+OBjeOBhOOCteOCpOOCuiDohLHjgZLjgarjgYQg44Os44O844K544Ki44OD44OX44OR44Oz44OX44K544CQ44GC44GZ5qW9IOWvvuW/nOOAkSDjgqLjgqbjg4jjg6zjg4Pjg4jjgrfjg6Xjg7zjgrp844Os44OH44Kj44O844K5IOmdtCDmranjgY3jgoTjgZnjgYQg44Oe44Op44K944Oz77ya44Ki44Km44OI44Os44OD44OI44K344Ol44O844K6IG91dGxldHNob2Vz,6Z2044OR44Oz44OX44K544Ko44K544OR44OJ44Oq44O844Om44K144Oz44OA44Or5aSn44GN44GE44K144Kk44K65aSn44GN44GE6Z205bCP44GV44GE44K144Kk44K644K544OI44Op44OD44OX44OQ44Os44Ko44K344Ol44O844K655eb44GP44Gq44GEMjZjbeODreODvOODkuODvOODq+OCpuOCqOODg+OCuOOCveODvOODqzI3Y23jgq3jg4PjgroyMWNt44Os44OH44Kj44O844K5MjEuNWNt44OV44Op44OD44OI44K344Ol44O844K644Ki44Km44OI44Os44OD44OI44K344Ol44O844K64piF6YCB5paZ54Sh5paZ4piF576O6ISaIOODj+OCpOODkuODvOODqyDjg6zjg7zjgrnjgqLjg4Pjg5cg44OR44Oz44OX44K54omq5a6F6YWN5L6/44Gu44G/4omr55eb44GP44Gq44GEIOODkOODg+OCr+ODleOCoeOCueODiuODvCDjg5Djg4Pjgq/jgrjjg4Pjg5Hjg7wg44K544OI44Op44OD44OXIOm7kiDjgq3jg6Pjg6Hjg6sg44OW44Op44OD44KvIOWkp+OBjeOBhOOCteOCpOOCuiDohLHjgZLjgarjgYQg44Os44O844K544Ki44OD44OX44OR44Oz44OX44K544CQ44GC44GZ5qW9IOWvvuW/nOOAkSDjgqLjgqbjg4jjg6zjg4Pjg4jjgrfjg6Xjg7zjgrp844Os44OH44Kj44O844K5IOmdtCDmranjgY3jgoTjgZnjgYQg44Oe44Op44K944Oz,44OQ44OD44Kv44OV44Kh44K544OK44O844Gn6ISx44GO5bGl44GN5qW944CF77yB44CC4piF6YCB5paZ54Sh5paZ4piF576O6ISaIOODj+OCpOODkuODvOODqyDjg6zjg7zjgrnjgqLjg4Pjg5cg44OR44Oz44OX44K54omq5a6F6YWN5L6/44Gu44G/4omr55eb44GP44Gq44GEIOODkOODg+OCr+ODleOCoeOCueODiuODvCDjg5Djg4Pjgq/jgrjjg4Pjg5Hjg7wg44K544OI44Op44OD44OXIOm7kiDjgq3jg6Pjg6Hjg6sg44OW44Op44OD44KvIOWkp+OBjeOBhOOCteOCpOOCuiDohLHjgZLjgarjgYQg44Os44O844K544Ki44OD44OX44OR44Oz44OX44K544CQ44GC44GZ5qW9IOWvvuW/nOOAkSDjgqLjgqbjg4jjg6zjg4Pjg4jjgrfjg6Xjg7zjgrp844Os44OH44Kj44O844K5IOmdtCDmranjgY3jgoTjgZnjgYQg44Oe44Op44K944Oz[rn]
7-31695,aHR0cDovL3RzaG9wLnIxMHMuanAvb3V0bGV0c2hvZXMvY2FiaW5ldC9qeDBwcC9qeDBwcC0zNjhfdDBuLmpwZz9maXRpbj03MDA6NzAw,MjU3NC40MDAw,,6Z20ID4g44Os44OH44Kj44O844K56Z20ID4g44OR44Oz44OX44K5,4pa8VuOCq+ODg+ODiOOCs+ODs+ODk+ODkeODs+ODl+OCuVvjgqLjg7zjg6Ljg7Pjg4njg4jjgqXjg7s3LjVjbeODkuODvOODq10g44Os44OH44Kj44O844K5IOm7kiDmlrDkvZwg5bCP44GV44GE44K144Kk44K6IOWkp+OBjeOBhOOCteOCpOOCuiAg6LK344GE5Zue44KKfCAg6Z20IOODkeODs+ODl+OCuSB244Kr44OD44OIIOODluODqeODg+OCryDjg5njg7zjgrjjg6Ug44OP44Kk44OS44O844OrICDljZLmpa3lvI8g5YWl5a2m5byPIOODqeOCr+ODgeODsyDjgrPjg7zjg4cg44Ki44Km44OI44Os44OD44OI44K344Ol44O844K644GK6LK344GE54mp44Oe44Op44K944OzIOODnuODqeOCveODsw==,44CM5aWz5oCn44KJ44GX44GV44CN44KS5ryU5Ye644Gn44GN44KL44Ki44O844Oi44Oz44OJ44OI44Kl44OR44Oz44OX44K544GM55m75aC044CC,IDxkaXYgY2xhc3M9Ikl0ZW1QYWdlIj48cD48YnI+ICA8YnI+PGJyPjxicj4gICAgPGltZyBzcmM9aHR0cDovL2ltYWdlLnJha3V0ZW4uY28uanAvb3V0bGV0c2hvZXMvY2FiaW5ldC9qeDBwcC9qeDBwcC0zNjgtMDAxbm4uanBnPjxicj48YnI+PGJyPjxicj48YnI+PGJyPjxicj4gIDxpbWcgc3JjPWh0dHA6Ly9pbWFnZS5yYWt1dGVuLmNvLmpwL291dGxldHNob2VzL2NhYmluZXQvangwcHAvangwcHAtMzY4LTAxbi5qcGc+PGJyPjxicj48YnI+PGJyPjxicj48YnI+PGJyPjxpbWcgc3JjPWh0dHA6Ly9pbWFnZS5yYWt1dGVuLmNvLmpwL291dGxldHNob2VzL2NhYmluZXQvangwcHAvangwcHAtMzY4LTAwMm5uLmpwZz48YnI+PGRpdiBjbGFzcz0iS29tb2ppMSIgYWxpZ249ImxlZnQiPuKWoOOCs+ODvOODh+OCo+ODjeODvOODiOOBq+S9v+eUqOOBl+OBn+OCouOCpOODhuODoDwvZGl2Pjxicj48aW1nIHNyYz0iaHR0cDovL2ltYWdlLnJha3V0ZW4uY28uanAvb3V0bGV0c2hvZXMvY2FiaW5ldC9qeDBwcC9qeDBwcC0zNjhfaTIuanBnIiBib3JkZXI9IjAiPjxhIGhyZWY9Imh0dHA6Ly9pdGVtLnJha3V0ZW4uY28uanAvb3V0bGV0c2hvZXMvangwdG8td3ZqMjIwMC8iPjxpbWcgc3JjPSJodHRwOi8vaW1hZ2UucmFrdXRlbi5jby5qcC9vdXRsZXRzaG9lcy9jYWJpbmV0L2p4MHRvL2p4MHRvLXd2ajIyMDBfaTEuanBnIiBib3JkZXI9IjAiPjwvYT48YSBocmVmPSJodHRwOi8vaXRlbS5yYWt1dGVuLmNvLmpwL291dGxldHNob2VzL2p4MGJtLXdwdzc0OTEvIj48aW1nIHNyYz0iaHR0cDovL2ltYWdlLnJha3V0ZW4uY28uanAvb3V0bGV0c2hvZXMvY2FiaW5ldC9qeDBibS9qeDBibS13cHc3NDkxX2k1LmpwZyIgYm9yZGVyPSIwIj48L2E+PGJyPjxicj48YnI+PGJyPjxicj48YnI+PGJyPjxicj48YnI+PGJyPjxpbWcgc3JjPWh0dHA6Ly9pbWFnZS5yYWt1dGVuLmNvLmpwL291dGxldHNob2VzL2NhYmluZXQvangwcHAvangwcHAtMzY4LTAwM25uLmpwZz48YnI+PGJyPjxicj48YnI+PGJyPjxicj48YnI+PGltZyBzcmM9aHR0cDovL2ltYWdlLnJha3V0ZW4uY28uanAvb3V0bGV0c2hvZXMvY2FiaW5ldC9qeDBwcC9qeDBwcC0zNjgtMDA0bm4uanBnPjxicj48YnI+PGJyPjxicj48YnI+PGJyPjxicj48aW1nIHNyYz1odHRwOi8vaW1hZ2UucmFrdXRlbi5jby5qcC9vdXRsZXRzaG9lcy9jYWJpbmV0L2p4MHBwL2p4MHBwLTM2OC0wMDVubi5qcGc+PGJyPjxicj48YnI+PGJyPjxicj48YnI+PGJyPjxpbWcgc3JjPWh0dHA6Ly9pbWFnZS5yYWt1dGVuLmNvLmpwL291dGxldHNob2VzL2NhYmluZXQvangwcHAvangwcHAtMzY4LTAwNm5uLmpwZz48YnI+PGJyPjxicj48YnI+PGJyPjxicj48YnI+PC9wPjxwPiZuYnNwOzwvcD48cD48YnI+ICA8YnI+PGJyPjxicj48YnI+PGJyPiAgICA8ZGl2IGNsYXNzPSJLaWtha3VTdGFmZiI+PGRpdj48aW1nIHNyYz1odHRwOi8vaW1hZ2UucmFrdXRlbi5jby5qcC9vdXRsZXRzaG9lcy9jYWJpbmV0L3B0L29tb2ktMS5naWY+PHA+6JC944Gh552A44GN44Gu44GC44KL44CB44G744Gp44KI44GE5Li444G/44Gu44Ki44O844Oi44Oz44OJ44OI44Kl44OR44Oz44OX44K544GM55m75aC044CCPGJyPu+8tuOCq+ODg+ODiOOBp+e+juiEmuOBq+OBm+OCi+OAgu+8tuOCq+ODg+ODiOODkeODs+ODl+OCueOBjOS6uuawl+OBruODr+OCseOBqOOBr+OAgeWxpeOBjeWPo+OBjO+8tuOCq+ODg+ODiOOBq+OBquOBo+OBpuOBhOOCi+OBruOBp+OAgeedgOeUqOOBl+OBn+aZguOBq+OAgeOBpOOBvuOBi+OCieiEmuOBq+OBi+OBkeOBpuOBrue4puODqeOCpOODs+OBjOW8t+iqv+OBleOCjOOAgei2s+OBjOmVt+OBj+imi+OBiOOCi+OBk+OBqOOAguOAgDxicj7jgb7jgZ/ogozjga7opovjgYjjgovpnaLnqY3jgoLlpJrjgY/jgarjgorjgIHoj6/lpaLjgarpm7Dlm7LmsJfjgpLmvJTlh7rjgZfjgabjgY/jgozjgb7jgZnjgII8YnI+44Gk44G+44Gr44Gv44K544Og44O844K544Os44K244O844CB44K144Kk44OJ44GL44KJ44Kr44Kr44OI44Gr44GL44GR44Gm44Gv44OZ44Ot44Ki6Kq/57Sg5p2Q44KS5L2/55So44CCPGJyPueVsOe0oOadkOOCs+ODs+ODk+ODjeODvOOCt+ODp+ODs+OBjOmrmOe0muaEn+OCkua8guOCj+OBm+OBvuOBmeOAgjxicj7jgrnjgqvjg7zjg4jjgavjga/jgoLjgaHjgo3jgpPjgIHjg6njg5Xjgarjg5Hjg7Pjg4Tjgrnjgr/jgqTjg6vjgavlkIjjgo/jgZvjgabjgoI8YnI+44CM5aWz5oCn44KJ44GX44GV44CN44KS44Ki44OU44O844Or44Gn44GN44KL5LiA6Laz44Gn44GZ44CCPGJyPjxicj48aW1nIHNyYz1odHRwOi8vaW1hZ2UucmFrdXRlbi5jby5qcC9vdXRsZXRzaG9lcy9jYWJpbmV0L3B0L29tb2ktMi5naWY+PGJyPjwvZGl2PjwvZGl2Pjxicj48YnI+PGJyPjxicj48YnI+PGltZyBzcmM9aHR0cDovL2ltYWdlLnJha3V0ZW4uY28uanAvb3V0bGV0c2hvZXMvY2FiaW5ldC9wdC9rb2Rhd2FyaS0zLmdpZj48YnI+PGJyPjxicj48YnI+PGJyPjxpbWcgc3JjPWh0dHA6Ly9pbWFnZS5yYWt1dGVuLmNvLmpwL291dGxldHNob2VzL2NhYmluZXQvangwcHAvangwcHAtMzY4LXB0MS5qcGc+PGJyPjxicj48YnI+PGJyPjxicj48YnI+PGJyPjxicj48YnI+PGJyPjxicj48aW1nIHNyYz1odHRwOi8vaW1hZ2UucmFrdXRlbi5jby5qcC9vdXRsZXRzaG9lcy9jYWJpbmV0L2p4MHBwL2p4MHBwLTM2OC1wdDIuanBnPjxicj48YnI+PGJyPjxicj48YnI+PGJyPjxicj48YnI+PGJyPjxicj48YnI+PGltZyBzcmM9aHR0cDovL2ltYWdlLnJha3V0ZW4uY28uanAvb3V0bGV0c2hvZXMvY2FiaW5ldC9wdC9kZXRhaWwtMS5naWY+PGJyPjxhIGhyZWY9Imh0dHA6Ly9pbWFnZS5yYWt1dGVuLmNvLmpwL291dGxldHNob2VzL2NhYmluZXQvangwcHAvangwcHAtMzY4LTAyLTIuanBnIiB0YXJnZXQ9Il9ibGFuayI+PGltZyBzcmM9aHR0cDovL2ltYWdlLnJha3V0ZW4uY28uanAvb3V0bGV0c2hvZXMvY2FiaW5ldC9qeDBwcC9qeDBwcC0zNjgtMDItMS5qcGc+PC9hPjxicj48YSBocmVmPSJodHRwOi8vaW1hZ2UucmFrdXRlbi5jby5qcC9vdXRsZXRzaG9lcy9jYWJpbmV0L2p4MHBwL2p4MHBwLTM2OC0wMy0yLmpwZyIgdGFyZ2V0PSJfYmxhbmsiPjxpbWcgc3JjPWh0dHA6Ly9pbWFnZS5yYWt1dGVuLmNvLmpwL291dGxldHNob2VzL2NhYmluZXQvangwcHAvangwcHAtMzY4LTAzLTEuanBnPjwvYT48YnI+PGEgaHJlZj0iaHR0cDovL2ltYWdlLnJha3V0ZW4uY28uanAvb3V0bGV0c2hvZXMvY2FiaW5ldC9qeDBwcC9qeDBwcC0zNjgtMDQtMi5qcGciIHRhcmdldD0iX2JsYW5rIj48aW1nIHNyYz1odHRwOi8vaW1hZ2UucmFrdXRlbi5jby5qcC9vdXRsZXRzaG9lcy9jYWJpbmV0L2p4MHBwL2p4MHBwLTM2OC0wNC0xLmpwZz48L2E+PGJyPjxhIGhyZWY9Imh0dHA6Ly9pbWFnZS5yYWt1dGVuLmNvLmpwL291dGxldHNob2VzL2NhYmluZXQvangwcHAvangwcHAtMzY4LTA1LTIuanBnIiB0YXJnZXQ9Il9ibGFuayI+PGltZyBzcmM9aHR0cDovL2ltYWdlLnJha3V0ZW4uY28uanAvb3V0bGV0c2hvZXMvY2FiaW5ldC9qeDBwcC9qeDBwcC0zNjgtMDUtMS5qcGc+PC9hPjxicj48YSBocmVmPSJodHRwOi8vaW1hZ2UucmFrdXRlbi5jby5qcC9vdXRsZXRzaG9lcy9jYWJpbmV0L2p4MHBwL2p4MHBwLTM2OC0wNi0yLmpwZyIgdGFyZ2V0PSJfYmxhbmsiPjxpbWcgc3JjPWh0dHA6Ly9pbWFnZS5yYWt1dGVuLmNvLmpwL291dGxldHNob2VzL2NhYmluZXQvangwcHAvangwcHAtMzY4LTA2LTEuanBnPjwvYT48YnI+PGltZyBzcmM9aHR0cDovL2ltYWdlLnJha3V0ZW4uY28uanAvb3V0bGV0c2hvZXMvY2FiaW5ldC9wdC9jb2xvci5naWY+PGJyPjxicj48YnI+PGJyPjxicj48YSBocmVmPWh0dHA6Ly9pbWFnZS5yYWt1dGVuLmNvLmpwL291dGxldHNob2VzL2NhYmluZXQvangwcHAvangwcHAtMzY4LWMxLTIuanBnIHRhcmdldD1fYmxhbms+PGltZyBzcmM9aHR0cDovL2ltYWdlLnJha3V0ZW4uY28uanAvb3V0bGV0c2hvZXMvY2FiaW5ldC9qeDBwcC9qeDBwcC0zNjgtYzEtMS5qcGc+PC9hPjxhIGhyZWY9aHR0cDovL2ltYWdlLnJha3V0ZW4uY28uanAvb3V0bGV0c2hvZXMvY2FiaW5ldC9qeDBwcC9qeDBwcC0zNjgtYzItMi5qcGcgdGFyZ2V0PV9ibGFuaz48aW1nIHNyYz1odHRwOi8vaW1hZ2UucmFrdXRlbi5jby5qcC9vdXRsZXRzaG9lcy9jYWJpbmV0L2p4MHBwL2p4MHBwLTM2OC1jMi0xLmpwZz48L2E+PGEgaHJlZj1odHRwOi8vaW1hZ2UucmFrdXRlbi5jby5qcC9vdXRsZXRzaG9lcy9jYWJpbmV0L2p4MHBwL2p4MHBwLTM2OC1jMy0yLmpwZyB0YXJnZXQ9X2JsYW5rPjxpbWcgc3JjPWh0dHA6Ly9pbWFnZS5yYWt1dGVuLmNvLmpwL291dGxldHNob2VzL2NhYmluZXQvangwcHAvangwcHAtMzY4LWMzLTEuanBnPjwvYT48YSBocmVmPWh0dHA6Ly9pbWFnZS5yYWt1dGVuLmNvLmpwL291dGxldHNob2VzL2NhYmluZXQvangwcHAvangwcHAtMzY4LWM0LTIuanBnIHRhcmdldD1fYmxhbms+PGltZyBzcmM9aHR0cDovL2ltYWdlLnJha3V0ZW4uY28uanAvb3V0bGV0c2hvZXMvY2FiaW5ldC9qeDBwcC9qeDBwcC0zNjgtYzQtMS5qcGc+PC9hPjxicj48YnI+44CQ44GU5L2/55So5LiK44Gu5rOo5oSP44CRIDxicj48Zm9udCBzdHlsZT0iY29sb3I6I2NjNjY2NjsiPuKAu+WVhuWTgeeUn+eUo+aZguacn+OBq+OCiOOBo+OBpuOAgeOCouODg+ODkeODvOeUn+WcsOOAgeODqeOCpOODi+ODs+OCsO+8iOWBtOOBrueUn+WcsO+8ieOBruiJsuWQiOOBhOOAgemiqOWQiOOBhOOAgeOCt+ODr+WKoOW3peOBjOS7peWJjeOBq+eUn+eUo+OBleOCjOOBn+WVhuWTgeOBqOOBr+eVsOOBquOCi+WgtOWQiOOBjOOBlOOBluOBhOOBvuOBmeOAguS6iOOCgeOBlOS6huaJv+S4i+OBleOBhOOAgjxicj48L2ZvbnQ+PGJyPjxicj48YnI+PGltZyBzcmM9aHR0cDovL2ltYWdlLnJha3V0ZW4uY28uanAvb3V0bGV0c2hvZXMvY2FiaW5ldC9wdC9pdGVtc3BlYy0xLmdpZj48YnI+PGJyPjxpbWcgc3JjPWh0dHA6Ly9pbWFnZS5yYWt1dGVuLmNvLmpwL291dGxldHNob2VzL2NhYmluZXQvangwcHAvangwcHAtMzY4LXNwZWMuZ2lmPjxicj48YnI+PGJyPjxpbWcgc3JjPWh0dHA6Ly9pbWFnZS5yYWt1dGVuLmNvLmpwL291dGxldHNob2VzL2NhYmluZXQvcHQvZml0dGluZy5naWY+PGJyPjxpbWcgc3JjPWh0dHA6Ly9pbWFnZS5yYWt1dGVuLmNvLmpwL291dGxldHNob2VzL2NhYmluZXQvangwcHAvangwcHAtMzY4LWZpdC5qcGc+PGJyPjxicj48ZGl2IGNsYXNzPSJLb21vamkxIj7igLvjgIDotrPjga7lvaLjgoTlpb3jgb/jgavjga/lgIvkurrlt67jgYzjgYLjgorjgb7jgZnjgILjgYLjgY/jgb7jgafjgbLjgajjgaTjga7nm67lronjgajjgZfjgabjgIHjgZTlj4LogIPjgavjgZfjgabjgYTjgZ/jgaDjgZHjgozjgbDlubjjgYTjgafjgZnjgII8L2Rpdj48YnI+PGEgaHJlZj0iaHR0cDovL2l0ZW0ucmFrdXRlbi5jby5qcC9vdXRsZXRzaG9lcy9jLzAwMDAwMDA1MzcvI3N0YWZmLXNpemUiPjxpbWcgc3JjPWh0dHA6Ly9pbWFnZS5yYWt1dGVuLmNvLmpwL291dGxldHNob2VzL2NhYmluZXQvcHQvc3RhZmZkYXRhLmdpZj48L2E+PGJyPjxhIGhyZWY9Imh0dHA6Ly9pdGVtLnJha3V0ZW4uY28uanAvb3V0bGV0c2hvZXMvYy8wMDAwMDAwNTM3LyNzaXplLWtlaXNva3UiPjxpbWcgc3JjPWh0dHA6Ly9pbWFnZS5yYWt1dGVuLmNvLmpwL291dGxldHNob2VzL2NhYmluZXQvcHQvc2l6ZXBvaW50LmdpZj48L2E+PGJyPjxicj48YnI+PGJyPuOAgOOAgOOAgDxpbWcgc3JjPWh0dHA6Ly9pbWFnZS5yYWt1dGVuLmNvLmpwL291dGxldHNob2VzL2NhYmluZXQvcHQvdHl1dWkuZ2lmPjxicj48YnI+PGJyPjxicj48YnI+PGJyPjwvZGl2PiAgIDxicj48YnI+PGEgaHJlZj1odHRwOi8vaXRlbS5yYWt1dGVuLmNvLmpwL291dGxldHNob2VzL2dpZnRraXQvIHRhcmdldD1fYmxhbms+PGltZyBzcmM9aHR0cDovL2ltYWdlLnJha3V0ZW4uY28uanAvb3V0bGV0c2hvZXMvY2FiaW5ldC9wdC9naWZ0a2l0LmdpZj48L2E+PGJyPjxicj48YnI+PGJyPjxhIGhyZWY9aHR0cDovL2l0ZW0ucmFrdXRlbi5jby5qcC9vdXRsZXRzaG9lcy9jLzAwMDAwMDEwMDcvIHRhcmdldD1fYmxhbms+PGltZyBzcmM9aHR0cDovL2ltYWdlLnJha3V0ZW4uY28uanAvb3V0bGV0c2hvZXMvY2FiaW5ldC9wdC9pbmZvLWtvdWthbi5naWY+PC9hPjxicj48YnI+PGJyPjxicj48YnI+PGEgaHJlZj0iaHR0cDovL3d3dy5yYWt1dGVuLm5lLmpwL2dvbGQvb3V0bGV0c2hvZXMvcmVhcnJpdmFsLXJlcXVlc3QuaHRtbCIgdGFyZ2V0PSJfYmxhbmsiPjxpbWcgc3JjPSJodHRwOi8vaW1hZ2UucmFrdXRlbi5jby5qcC9vdXRsZXRzaG9lcy9jYWJpbmV0L2Jhbm5lci9yZV9hcnJpdmFsLmdpZiI+PC9hPjxicj48YnI+PGJyPjxicj48YnI+PGJyPjwhLS1TQUxF55SoLS0+PGJyPjxicj48YnI+PGEgaHJlZj0iaHR0cDovL3d3dy5yYWt1dGVuLm5lLmpwL2dvbGQvb3V0bGV0c2hvZXMvYXN1X2dhaXlvdS5odG1sIj48aW1nIHNyYz0iaHR0cDovL3RodW1ibmFpbC5pbWFnZS5yYWt1dGVuLmNvLmpwL0AwX21hbGwvb3V0bGV0c2hvZXMvY2FiaW5ldC9tYWlsMDIvYXN1cmFrdS5naWY/X2V4PTY1MHg2NTAiPjwvYT48YnI+PGJyPuOAkOOBr+OBk+OBveOBmeWvvuW/nOWVhuWTgeOAkeOAkOalveWkqUJPWOWPl+WPluWvvuixoeWVhuWTge+8iOODrOODh+OCo+ODvOOCueODleOCoeODg+OCt+ODp+ODs++8ieOAkTxicj48YnI+Cjxmb250IHNpemU9Mj7jgJDjgrPjg7Pjg5Pjg4vlj5flj5blr77lv5zllYblk4HjgJE8L2ZvbnQ+PHRhYmxlIHdpZHRoPSI2NTAiIGNlbGxwYWRkaW5nPSIwIiBjZWxsc3BhY2luZz0iNSIgYm9yZGVyPSIwIj4KPHRyPgo8dGQ+PGltZyBzcmM9Imh0dHA6Ly9pbWFnZS5yYWt1dGVuLmNvLmpwL291dGxldHNob2VzL2NhYmluZXQvZXZlbnQvc3BfYl80dHJlbmQuanBnIiB3aWR0aD0iMzIwIj48L3RkPgo8dGQ+PGltZyBzcmM9Imh0dHBzOi8vdGh1bWJuYWlsLmltYWdlLnJha3V0ZW4uY28uanAvQDBfbWFsbC9vdXRsZXRzaG9lcy9jYWJpbmV0L2V2ZW50L3NwX2JfZW5hbWVscHVtcHMuanBnIiB3aWR0aD0iMzIwIj48L3RkPgo8L3RyPgo8dHI+Cjx0ZD48aW1nIHNyYz0iaHR0cDovL2ltYWdlLnJha3V0ZW4uY28uanAvb3V0bGV0c2hvZXMvY2FiaW5ldC9ldmVudC9zcF9iX3N1bW1lci5qcGciIHdpZHRoPSIzMjAiPjwvdGQ+Cjx0ZD48aW1nIHNyYz0iaHR0cDovL2ltYWdlLnJha3V0ZW4uY28uanAvb3V0bGV0c2hvZXMvY2FiaW5ldC9ldmVudC9zcF9iX3NlbGVjdDI0LmpwZyIgd2lkdGg9IjMyMCI+PC90ZD4KPC90cj4KPC90YWJsZT4=,4pa8VuOCq+ODg+ODiOOCs+ODs+ODk+ODkeODs+ODl+OCuVvjgqLjg7zjg6Ljg7Pjg4njg4jjgqXjg7s3LjVjbeODkuODvOODq10g44Os44OH44Kj44O844K5IOm7kiDmlrDkvZwg5bCP44GV44GE44K144Kk44K6IOWkp+OBjeOBhOOCteOCpOOCuiAg6LK344GE5Zue44KKfCAg6Z20IOODkeODs+ODl+OCuSB244Kr44OD44OIIOODluODqeODg+OCryDjg5njg7zjgrjjg6Ug44OP44Kk44OS44O844OrICDljZLmpa3lvI8g5YWl5a2m5byPIOODqeOCr+ODgeODsyDjgrPjg7zjg4cg44Ki44Km44OI44Os44OD44OI44K344Ol44O844K644GK6LK344GE54mp44Oe44Op44K944OzIOODnuODqeOCveODs++8muOCouOCpuODiOODrOODg+ODiOOCt+ODpeODvOOCuiBvdXRsZXRzaG9lcw==,6Z2044OR44Oz44OX44K544Ko44K544OR44OJ44Oq44O844Om44K144Oz44OA44Or5aSn44GN44GE44K144Kk44K65aSn44GN44GE6Z205bCP44GV44GE44K144Kk44K644K544OI44Op44OD44OX44OQ44Os44Ko44K344Ol44O844K655eb44GP44Gq44GEMjZjbeODreODvOODkuODvOODq+OCpuOCqOODg+OCuOOCveODvOODqzI3Y23jgq3jg4PjgroyMWNt44Os44OH44Kj44O844K5MjEuNWNt44OV44Op44OD44OI44K344Ol44O844K644Ki44Km44OI44Os44OD44OI44K344Ol44O844K64pa8VuOCq+ODg+ODiOOCs+ODs+ODk+ODkeODs+ODl+OCuVvjgqLjg7zjg6Ljg7Pjg4njg4jjgqXjg7s3LjVjbeODkuODvOODq10g44Os44OH44Kj44O844K5IOm7kiDmlrDkvZwg5bCP44GV44GE44K144Kk44K6IOWkp+OBjeOBhOOCteOCpOOCuiAg6LK344GE5Zue44KKfCAg6Z20IOODkeODs+ODl+OCuSB244Kr44OD44OIIOODluODqeODg+OCryDjg5njg7zjgrjjg6Ug44OP44Kk44OS44O844OrICDljZLmpa3lvI8g5YWl5a2m5byPIOODqeOCr+ODgeODsyDjgrPjg7zjg4cg44Ki44Km44OI44Os44OD44OI44K344Ol44O844K644GK6LK344GE54mp44Oe44Op44K944OzIOODnuODqeOCveODsw==,44CM5aWz5oCn44KJ44GX44GV44CN44KS5ryU5Ye644Gn44GN44KL44Ki44O844Oi44Oz44OJ44OI44Kl44OR44Oz44OX44K544GM55m75aC044CC44CC4pa8VuOCq+ODg+ODiOOCs+ODs+ODk+ODkeODs+ODl+OCuVvjgqLjg7zjg6Ljg7Pjg4njg4jjgqXjg7s3LjVjbeODkuODvOODq10g44Os44OH44Kj44O844K5IOm7kiDmlrDkvZwg5bCP44GV44GE44K144Kk44K6IOWkp+OBjeOBhOOCteOCpOOCuiAg6LK344GE5Zue44KKfCAg6Z20IOODkeODs+ODl+OCuSB244Kr44OD44OIIOODluODqeODg+OCryDjg5njg7zjgrjjg6Ug44OP44Kk44OS44O844OrICDljZLmpa3lvI8g5YWl5a2m5byPIOODqeOCr+ODgeODsyDjgrPjg7zjg4cg44Ki44Km44OI44Os44OD44OI44K344Ol44O844K644GK6LK344GE54mp44Oe44Op44K944OzIOODnuODqeOCveODsw==[rn]
7-31696,aHR0cDovL3RzaG9wLnIxMHMuanAvb3V0bGV0c2hvZXMvY2FiaW5ldC9wb3dlcmRvLzQ1L2FhMXBwLWExNzU0NV8xMC5qcGc/Zml0aW49NzAwOjcwMA==,MjU3NC40MDAw,,6Z20ID4g44Os44OH44Kj44O844K56Z20ID4g44OR44Oz44OX44K5,4piF6YCB5paZ54Sh5paZ4piF4pa844OZ44Ot44Ki44K544OI44O844Og5LuY44GN44OR44Oz44OX44K5W+ODqeOCpuODs+ODieODiOOCpeODuzguMWNt44OS44O844OrXSAyMDE35aSP5paw5L2cIOODrOODh+OCo+ODvOOCuS/jgrnjg4jjg7zjg6Av55eb44GP44Gq44GEL+Wwj+OBleOBhOOCteOCpOOCui/lpKfjgY3jgYTjgrXjgqTjgrriiarlroXphY3kvr/jga7jgb/iiavjgJDjgYLjgZnmpb0g5a++5b+c44CRIOiyt+OBhOOBvuOCj+OCiiDosrfjgYTlm57jgoog44Ki44Km44OI44Os44OD44OI44K344Ol44O844K644GK6LK344GE54mp44Oe44Op44K944OzIOODnuODqeOCveODsw==,576O6ISa44K544OI44O844Og5LuY44GN44OR44Oz44OX44K544CCL+m7ki/otaQv55eb44GP44Gq44GEL21lbnUnZQ==,PGJyPjxicj48YnI+IDxpbWcgc3JjPWh0dHA6Ly9pbWFnZS5yYWt1dGVuLmNvLmpwL291dGxldHNob2VzL2NhYmluZXQvYWExcHAvYWExcHAtMTc1NDUtMDEuanBnPjxicj48aW1nIHNyYz1odHRwOi8vaW1hZ2UucmFrdXRlbi5jby5qcC9vdXRsZXRzaG9lcy9jYWJpbmV0L3B0L21lbnVlLWJsYW5kLmdpZj48YnI+PGJyPjxpbWcgc3JjPWh0dHA6Ly9pbWFnZS5yYWt1dGVuLmNvLmpwL291dGxldHNob2VzL2NhYmluZXQvYWExcHAvYWExcHAtMTc1NDUtMDAyLmpwZz48YnI+PGJyPjxicj48YnI+PGJyPjxicj48IS0t44GK5Yun44KB44Od44Kk44Oz44OI44CALS0+PGltZyBzcmM9aHR0cDovL2ltYWdlLnJha3V0ZW4uY28uanAvb3V0bGV0c2hvZXMvY2FiaW5ldC9wdC9wb2ludDAuZ2lmPjxicj48aW1nIHNyYz1odHRwOi8vaW1hZ2UucmFrdXRlbi5jby5qcC9vdXRsZXRzaG9lcy9jYWJpbmV0L3B0L3BvaW50MS5naWY+PGJyPjxpbWcgc3JjPWh0dHA6Ly9pbWFnZS5yYWt1dGVuLmNvLmpwL291dGxldHNob2VzL2NhYmluZXQvYWExcHAvYWExcHAtMTc1NDVwb2ludDEuanBnPjxicj48YnI+PGJyPjxpbWcgc3JjPWh0dHA6Ly9pbWFnZS5yYWt1dGVuLmNvLmpwL291dGxldHNob2VzL2NhYmluZXQvcHQvcG9pbnQ3LmdpZj48YnI+PGltZyBzcmM9aHR0cDovL2ltYWdlLnJha3V0ZW4uY28uanAvb3V0bGV0c2hvZXMvY2FiaW5ldC9wdC9wb2ludDUuZ2lmPjxicj48YnI+PGJyPjxicj48YnI+PGJyPjwhLS3oh6rnpL52ZXLjgIDjg4fjgqPjg4bjgqPjg7zjg6stLT48aW1nIHNyYz1odHRwOi8vaW1hZ2UucmFrdXRlbi5jby5qcC9vdXRsZXRzaG9lcy9jYWJpbmV0L3B0L2RldGFpbDIuZ2lmPjxicj48dGFibGUgd2lkdGg9NjUwIGJvcmRlcj0wIGNlbGxwYWRkaW5nPTEwIGNlbGxzcGFjaW5nPTA+PHRyIGFsaWduPWNlbnRlciB2YWxpZ249dG9wPjx0ZD48YSBocmVmPWh0dHA6Ly9pbWFnZS5yYWt1dGVuLmNvLmpwL291dGxldHNob2VzL2NhYmluZXQvYWExcHAvYWExcHAtMTc1NDUtczEtMi5qcGcgdGFyZ2V0PV9ibGFuaz48aW1nIHNyYz1odHRwOi8vaW1hZ2UucmFrdXRlbi5jby5qcC9vdXRsZXRzaG9lcy9jYWJpbmV0L2FhMXBwL2FhMXBwLTE3NTQ1LXMxLTEuanBnIGJvcmRlcj0wPjwvYT48L3RkPjx0ZD48YSBocmVmPWh0dHA6Ly9pbWFnZS5yYWt1dGVuLmNvLmpwL291dGxldHNob2VzL2NhYmluZXQvYWExcHAvYWExcHAtMTc1NDUtczItMi5qcGcgdGFyZ2V0PV9ibGFuaz48aW1nIHNyYz1odHRwOi8vaW1hZ2UucmFrdXRlbi5jby5qcC9vdXRsZXRzaG9lcy9jYWJpbmV0L2FhMXBwL2FhMXBwLTE3NTQ1LXMyLTEuanBnIGJvcmRlcj0wPjwvYT48L3RkPjwvdHI+PHRyIGFsaWduPWNlbnRlciB2YWxpZ249dG9wPjx0ZD48YSBocmVmPWh0dHA6Ly9pbWFnZS5yYWt1dGVuLmNvLmpwL291dGxldHNob2VzL2NhYmluZXQvYWExcHAvYWExcHAtMTc1NDUtczMtMi5qcGcgdGFyZ2V0PV9ibGFuaz48aW1nIHNyYz1odHRwOi8vaW1hZ2UucmFrdXRlbi5jby5qcC9vdXRsZXRzaG9lcy9jYWJpbmV0L2FhMXBwL2FhMXBwLTE3NTQ1LXMzLTEuanBnIGJvcmRlcj0wPjwvYT48L3RkPjx0ZD48YSBocmVmPWh0dHA6Ly9pbWFnZS5yYWt1dGVuLmNvLmpwL291dGxldHNob2VzL2NhYmluZXQvYWExcHAvYWExcHAtMTc1NDUtczQtMi5qcGcgdGFyZ2V0PV9ibGFuaz48aW1nIHNyYz1odHRwOi8vaW1hZ2UucmFrdXRlbi5jby5qcC9vdXRsZXRzaG9lcy9jYWJpbmV0L2FhMXBwL2FhMXBwLTE3NTQ1LXM0LTEuanBnIGJvcmRlcj0wPjwvYT48L3RkPjwvdHI+PHRyIGFsaWduPWNlbnRlciB2YWxpZ249dG9wPjx0ZD48YSBocmVmPWh0dHA6Ly9pbWFnZS5yYWt1dGVuLmNvLmpwL291dGxldHNob2VzL2NhYmluZXQvYWExcHAvYWExcHAtMTc1NDUtczUtMi5qcGcgdGFyZ2V0PV9ibGFuaz48aW1nIHNyYz1odHRwOi8vaW1hZ2UucmFrdXRlbi5jby5qcC9vdXRsZXRzaG9lcy9jYWJpbmV0L2FhMXBwL2FhMXBwLTE3NTQ1LXM1LTEuanBnIGJvcmRlcj0wPjwvYT48L3RkPjx0ZD48YSBocmVmPWh0dHA6Ly9pbWFnZS5yYWt1dGVuLmNvLmpwL291dGxldHNob2VzL2NhYmluZXQvYWExcHAvYWExcHAtMTc1NDUtczYtMi5qcGcgdGFyZ2V0PV9ibGFuaz48aW1nIHNyYz1odHRwOi8vaW1hZ2UucmFrdXRlbi5jby5qcC9vdXRsZXRzaG9lcy9jYWJpbmV0L2FhMXBwL2FhMXBwLTE3NTQ1LXM2LTEuanBnIGJvcmRlcj0wPjwvYT48L3RkPjwvdHI+PC90YWJsZT48YnI+PGJyPjxicj48YnI+PGJyPjxicj48YnI+PGltZyBzcmM9aHR0cDovL2ltYWdlLnJha3V0ZW4uY28uanAvb3V0bGV0c2hvZXMvY2FiaW5ldC9wdC9jb2xvcjIuZ2lmPjxicj48YnI+PHRhYmxlIHdpZHRoPTYzMCBib3JkZXI9MCBjZWxsc3BhY2luZz01IHN0eWxlPSJsaW5lLWhlaWdodDogMTZweDsgRk9OVC1TSVpFOiAxMnB4OyBjb2xvcjogIzMzMzMzMzsiPjx0ciBhbGlnbj1jZW50ZXIgdmFsaWduPXRvcCBoZWlnaHQ9MTgwPjx0ZD48YSBocmVmPWh0dHA6Ly9pbWFnZS5yYWt1dGVuLmNvLmpwL291dGxldHNob2VzL2NhYmluZXQvYWExcHAvYWExcHAtMTc1NDUtYzctMi5qcGcgdGFyZ2V0PV9ibGFuaz48aW1nIHNyYz1odHRwOi8vaW1hZ2UucmFrdXRlbi5jby5qcC9vdXRsZXRzaG9lcy9jYWJpbmV0L2FhMXBwL2FhMXBwLTE3NTQ1LWM3LTEuanBnIGJvcmRlcj0wPjxicj7jgrDjg6zjg7w8L2E+PC90ZD48dGQ+PGEgaHJlZj1odHRwOi8vaW1hZ2UucmFrdXRlbi5jby5qcC9vdXRsZXRzaG9lcy9jYWJpbmV0L2FhMXBwL2FhMXBwLTE3NTQ1LWM5LTIuanBnIHRhcmdldD1fYmxhbms+PGltZyBzcmM9aHR0cDovL2ltYWdlLnJha3V0ZW4uY28uanAvb3V0bGV0c2hvZXMvY2FiaW5ldC9hYTFwcC9hYTFwcC0xNzU0NS1jOS0xLmpwZyBib3JkZXI9MD48YnI+44Kq44O844KvPC9hPjwvdGQ+PHRkPjxhIGhyZWY9aHR0cDovL2ltYWdlLnJha3V0ZW4uY28uanAvb3V0bGV0c2hvZXMvY2FiaW5ldC9hYTFwcC9hYTFwcC0xNzU0NS1jNS0yLmpwZyB0YXJnZXQ9X2JsYW5rPjxpbWcgc3JjPWh0dHA6Ly9pbWFnZS5yYWt1dGVuLmNvLmpwL291dGxldHNob2VzL2NhYmluZXQvYWExcHAvYWExcHAtMTc1NDUtYzUtMS5qcGcgYm9yZGVyPTA+PGJyPuOCreODo+ODoeODqzwvYT48L3RkPjwvdHI+PHRyIGFsaWduPWNlbnRlciB2YWxpZ249dG9wIGhlaWdodD0xODA+PHRkPjxhIGhyZWY9aHR0cDovL2ltYWdlLnJha3V0ZW4uY28uanAvb3V0bGV0c2hvZXMvY2FiaW5ldC9hYTFwcC9hYTFwcC0xNzU0NS1jMy0yLmpwZyB0YXJnZXQ9X2JsYW5rPjxpbWcgc3JjPWh0dHA6Ly9pbWFnZS5yYWt1dGVuLmNvLmpwL291dGxldHNob2VzL2NhYmluZXQvYWExcHAvYWExcHAtMTc1NDUtYzMtMS5qcGcgYm9yZGVyPTA+PGJyPuODluODq+ODvOOCsOODquODvOODszwvYT48L3RkPjx0ZD48YSBocmVmPWh0dHA6Ly9pbWFnZS5yYWt1dGVuLmNvLmpwL291dGxldHNob2VzL2NhYmluZXQvYWExcHAvYWExcHAtMTc1NDUtYzItMi5qcGcgdGFyZ2V0PV9ibGFuaz48aW1nIHNyYz1odHRwOi8vaW1hZ2UucmFrdXRlbi5jby5qcC9vdXRsZXRzaG9lcy9jYWJpbmV0L2FhMXBwL2FhMXBwLTE3NTQ1LWMyLTEuanBnIGJvcmRlcj0wPjxicj7jg5bjg6vjg7w8L2E+PC90ZD48dGQ+PGEgaHJlZj1odHRwOi8vaW1hZ2UucmFrdXRlbi5jby5qcC9vdXRsZXRzaG9lcy9jYWJpbmV0L2FhMXBwL2FhMXBwLTE3NTQ1LWM4LTIuanBnIHRhcmdldD1fYmxhbms+PGltZyBzcmM9aHR0cDovL2ltYWdlLnJha3V0ZW4uY28uanAvb3V0bGV0c2hvZXMvY2FiaW5ldC9hYTFwcC9hYTFwcC0xNzU0NS1jOC0xLmpwZyBib3JkZXI9MD48YnI+44ON44Kk44OT44O8PC9hPjwvdGQ+PC90cj48dHIgYWxpZ249Y2VudGVyIHZhbGlnbj10b3AgaGVpZ2h0PTE4MD48dGQ+PGEgaHJlZj1odHRwOi8vaW1hZ2UucmFrdXRlbi5jby5qcC9vdXRsZXRzaG9lcy9jYWJpbmV0L2FhMXBwL2FhMXBwLTE3NTQ1LWMxMi0yLmpwZyB0YXJnZXQ9X2JsYW5rPjxpbWcgc3JjPWh0dHA6Ly9pbWFnZS5yYWt1dGVuLmNvLmpwL291dGxldHNob2VzL2NhYmluZXQvYWExcHAvYWExcHAtMTc1NDUtYzEyLTEuanBnIGJvcmRlcj0wPjxicj7jg6zjg4Pjg4k8L2E+PC90ZD48dGQ+PGEgaHJlZj1odHRwOi8vaW1hZ2UucmFrdXRlbi5jby5qcC9vdXRsZXRzaG9lcy9jYWJpbmV0L2FhMXBwL2FhMXBwLTE3NTQ1LWMxMS0yLmpwZyB0YXJnZXQ9X2JsYW5rPjxpbWcgc3JjPWh0dHA6Ly9pbWFnZS5yYWt1dGVuLmNvLmpwL291dGxldHNob2VzL2NhYmluZXQvYWExcHAvYWExcHAtMTc1NDUtYzExLTEuanBnIGJvcmRlcj0wPjxicj7jg5Hjg7zjg5fjg6s8L2E+PC90ZD48dGQ+PGEgaHJlZj1odHRwOi8vaW1hZ2UucmFrdXRlbi5jby5qcC9vdXRsZXRzaG9lcy9jYWJpbmV0L2FhMXBwL2FhMXBwLTE3NTQ1LWM0LTIuanBnIHRhcmdldD1fYmxhbms+PGltZyBzcmM9aHR0cDovL2ltYWdlLnJha3V0ZW4uY28uanAvb3V0bGV0c2hvZXMvY2FiaW5ldC9hYTFwcC9hYTFwcC0xNzU0NS1jNC0xLmpwZyBib3JkZXI9MD48YnI+44Oc44Or44OJ44O8PC9hPjwvdGQ+PC90cj48dHIgYWxpZ249Y2VudGVyIHZhbGlnbj10b3AgaGVpZ2h0PTE4MD48dGQ+PGEgaHJlZj1odHRwOi8vaW1hZ2UucmFrdXRlbi5jby5qcC9vdXRsZXRzaG9lcy9jYWJpbmV0L2FhMXBwL2FhMXBwLTE3NTQ1LWMxMC0yLmpwZyB0YXJnZXQ9X2JsYW5rPjxpbWcgc3JjPWh0dHA6Ly9pbWFnZS5yYWt1dGVuLmNvLmpwL291dGxldHNob2VzL2NhYmluZXQvYWExcHAvYWExcHAtMTc1NDUtYzEwLTEuanBnIGJvcmRlcj0wPjxicj7jg5fjg6njg6A8L2E+PC90ZD48dGQ+PGEgaHJlZj1odHRwOi8vaW1hZ2UucmFrdXRlbi5jby5qcC9vdXRsZXRzaG9lcy9jYWJpbmV0L2FhMXBwL2FhMXBwLTE3NTQ1LWM2LTIuanBnIHRhcmdldD1fYmxhbms+PGltZyBzcmM9aHR0cDovL2ltYWdlLnJha3V0ZW4uY28uanAvb3V0bGV0c2hvZXMvY2FiaW5ldC9hYTFwcC9hYTFwcC0xNzU0NS1jNi0xLmpwZyBib3JkZXI9MD48YnI+44OA44O844Kv44OW44Op44Km44OzPC9hPjwvdGQ+PHRkPjxhIGhyZWY9aHR0cDovL2ltYWdlLnJha3V0ZW4uY28uanAvb3V0bGV0c2hvZXMvY2FiaW5ldC9hYTFwcC9hYTFwcC0xNzU0NS1jMS0yLmpwZyB0YXJnZXQ9X2JsYW5rPjxpbWcgc3JjPWh0dHA6Ly9pbWFnZS5yYWt1dGVuLmNvLmpwL291dGxldHNob2VzL2NhYmluZXQvYWExcHAvYWExcHAtMTc1NDUtYzEtMS5qcGcgYm9yZGVyPTA+PGJyPuODluODqeODg+OCrzwvYT48L3RkPjwvdHI+PC90YWJsZT48YnI+PGJyPjxicj48YnI+PGJyPjxicj48aW1nIHNyYz1odHRwOi8vaW1hZ2UucmFrdXRlbi5jby5qcC9vdXRsZXRzaG9lcy9jYWJpbmV0L2FhMXBwL2FhMXBwLTE3NTQ1LXNwZWMuZ2lmPjxicj48YnI+PGJyPjxicj48YnI+PGJyPuOAgOOAgDxpbWcgc3JjPWh0dHA6Ly9pbWFnZS5yYWt1dGVuLmNvLmpwL291dGxldHNob2VzL2NhYmluZXQvcHQvdHl1dWkuZ2lmPjxicj48YnI+PGJyPjxmb250IHN0eWxlPSJmb250LXNpemU6MTBweDsgY29sb3I6IzU1NTU1NTsgbGluZS1oZWlnaHQ6MTJwdDsgbGV0dGVyLXNwYWNpbmc6MXB4OyB0ZXh0LWFsaWduOmxlZnQ7Ij7jgIDjgJDjgq3jg7zjg6/jg7zjg4njgJHjg6zjg4fjgqPjg7zjgrkv6buSL+i1pC/jg5Ljg7zjg6sv44K544OI44O844OgL+e+juiEmi/jgrnjgqjjg7zjg4kv44Kw44Os44O8L+OCouOCpuODiOODrOODg+ODiOOCt+ODpeODvOOCui/nl5vjgY/jgarjgYQv57WQ5ama5byPLzxicj7jgIDjgIAy5qyh5LyaL+WGoOWpmuiRrOelrS/orJ3mgankvJov44OR44O844OG44KjL+ODleOCqeODvOODnuODqy9tZW51J2Uv44Oh44OM44KoPC9mb250Pjxicj48YnI+PGJyPjwhLS3jgrnjgr/jg4Pjg5Xjg5XjgqPjg4Pjg4bjgqPjg7PjgrAtLT48YnI+PGJyPjxhIGhyZWY9aHR0cDovL2l0ZW0ucmFrdXRlbi5jby5qcC9vdXRsZXRzaG9lcy9jLzAwMDAwMDA1MzcvIHRhcmdldD0iX2JsYW5rIj48aW1nIHNyYz1odHRwOi8vaW1hZ2UucmFrdXRlbi5jby5qcC9vdXRsZXRzaG9lcy9jYWJpbmV0L3B0L3N0YWZmLWZpdHRpbmczLmdpZiBib3JkZXI9MD48L2E+PGJyPjxpbWcgc3JjPWh0dHA6Ly9pbWFnZS5yYWt1dGVuLmNvLmpwL291dGxldHNob2VzL2NhYmluZXQvYWExcHAvYWExcHAtMTc1NDUtZml0LmdpZj48YnI+PGJyPjxicj48YnI+PGJyPjxicj7jgIDjgIA8YnI+PGJyPjxmb250IGNsYXNzPSJtaWRhc2hpIiBzdHlsZT0iZm9udC1zaXplOjM2cHgiPu+8vOe+juiEmuOBp+atqeOBjeOChOOBmeOBhO+8geOCueODiOODvOODoOS7mOOBjeKZqu+8jzwvZm9udD48dGFibGUgd2lkdGg9IjY1MCIgY2VsbHBhZGRpbmc9IjAiIGNlbGxzcGFjaW5nPSIxIiBiZ2NvbG9yPSIjQ0NDQ0NDIj48dHIgYWxpZ249ImNlbnRlciI+PHRkIGJnY29sb3I9IiNGRkZGRkYiPjx0YWJsZSB3aWR0aD0iNjUwIiBjZWxscGFkZGluZz0iMCIgY2VsbHNwYWNpbmc9IjAiPjx0ciBoZWlnaHQ9IjEzMCIgYWxpZ249ImNlbnRlciI+PHRkIHdpZHRoPSIxNTAiPjxmb250IGNsYXNzPSJtaWRhc2hpIj7jg5Ljg7zjg6vntIQ4Y23jgr/jgqTjg5c8YnI+77y844Gk44KE44Gk44KE44Ko44OK44Oh44OrdmVyLu+8jzwvZm9udD4gIDxhIGhyZWY9Imh0dHA6Ly9pdGVtLnJha3V0ZW4uY28uanAvb3V0bGV0c2hvZXMvMTc1MzEvIiB0YXJnZXQ9Il9ibGFuayI+PGltZyBzcmM9Imh0dHA6Ly90aHVtYm5haWwuaW1hZ2UucmFrdXRlbi5jby5qcC9AMF9tYWxsL291dGxldHNob2VzL2NhYmluZXQvYWEycHAyL2FhMnBwLTE3NTMxX20xLmpwZz9fZXg9MTUweDE1MCIgYm9yZGVyPSIwIj48YnI+ICAgICAgICA8YnI+44Ko44OK44Oh44Or44K544OI44O844Og44OR44Oz44OX44K5PGJyPls4LjNjbeODkuODvOODq108L2E+PC90ZD48dGQgd2lkdGg9IjE2Ij48aW1nIHNyYz0iaHR0cDovL2ltYWdlLnJha3V0ZW4uY28uanAvb3V0bGV0c2hvZXMvY2FiaW5ldC9ldGMva3VnaXJpc2VuLmdpZiI+PC90ZD48dGQgd2lkdGg9IjE1MCI+PGZvbnQgY2xhc3M9Im1pZGFzaGkiPuWkp+S6uuawl+OCt+ODquODvOOCuuOBq+aWsOeZu+WgtO+8gTxicj7vvLzjgarjgoHjgonjgYvjg5njg63jgqLjgr/jgqTjg5fvvI88L2ZvbnQ+PGEgaHJlZj0iaHR0cDovL2l0ZW0ucmFrdXRlbi5jby5qcC9vdXRsZXRzaG9lcy8xNzU0NS8iIHRhcmdldD0iX2JsYW5rIj48aW1nIHNyYz0iaHR0cDovL3RodW1ibmFpbC5pbWFnZS5yYWt1dGVuLmNvLmpwL0AwX21hbGwvb3V0bGV0c2hvZXMvY2FiaW5ldC9hYTFwcC9hYTFwcC0xNzU0NV90MTAuanBnP19leD0xNTB4MTUwIiBib3JkZXI9IjAiPjxicj48YnI+44OZ44Ot44Ki44K544OI44O844Og44OR44Oz44OX44K5PGJyPls4LjFjbeODkuODvOODq10gPGJyPjwvYT48L3RkPjx0ZCB3aWR0aD0iMTYiPjxpbWcgc3JjPSJodHRwOi8vaW1hZ2UucmFrdXRlbi5jby5qcC9vdXRsZXRzaG9lcy9jYWJpbmV0L2V0Yy9rdWdpcmlzZW4uZ2lmIj48L3RkPjx0ZCB3aWR0aD0iMTUwIj48Zm9udCBjbGFzcz0ibWlkYXNoaSI+57Sv6KiIMjIsMDAw56qB56C077yBPGJyPu+8vOODmeOCueODiOOCu+ODqeODvOODkeODs+ODl+OCue+8jzwvZm9udD48YSBocmVmPSJodHRwOi8vaXRlbS5yYWt1dGVuLmNvLmpwL291dGxldHNob2VzLzE4NzM2LyIgdGFyZ2V0PSJfYmxhbmsiPjxpbWcgc3JjPSJodHRwOi8vdGh1bWJuYWlsLmltYWdlLnJha3V0ZW4uY28uanAvQDBfbWFsbC9vdXRsZXRzaG9lcy9jYWJpbmV0L2FhMnBwMi9hYTJwcC0xODczNl9tMC5qcGc/X2V4PTE1MHgxNTAiIGJvcmRlcj0iMCI+PGJyPjxicj7jgqjjg4rjg6Hjg6sg44K544OI44O844Og44OR44Oz44OX44K5PGJyPlsxMC4yY23jg5Ljg7zjg6tdPGJyPjwvYT48L3RkPjx0ZCB3aWR0aD0iMTYiPjxpbWcgc3JjPSJodHRwOi8vaW1hZ2UucmFrdXRlbi5jby5qcC9vdXRsZXRzaG9lcy9jYWJpbmV0L2V0Yy9rdWdpcmlzZW4uZ2lmIj48L3RkPjx0ZCB3aWR0aD0iMTUwIj48Zm9udCBjbGFzcz0ibWlkYXNoaSI+57Sv6KiIMjIsMDAw56qB56C077yBPGJyPu+8vOODmeODreOCouOCv+OCpOODl+OBr+OCs+ODgeODqe+8jzwvZm9udD48YSBocmVmPSJodHRwOi8vaXRlbS5yYWt1dGVuLmNvLmpwL291dGxldHNob2VzLzM4NzM2LyIgdGFyZ2V0PSJfYmxhbmsiPjxpbWcgc3JjPSJodHRwOi8vdGh1bWJuYWlsLmltYWdlLnJha3V0ZW4uY28uanAvQDBfbWFsbC9vdXRsZXRzaG9lcy9jYWJpbmV0L2FhMXBwL2FhMXBwLTM4NzM2X20xLmpwZz9fZXg9MTUweDE1MCIgYm9yZGVyPSIwIj48YnI+PGJyPuODmeODreOCouOCueODiOODvOODoOODkeODs+ODl+OCuTxicj5bMTAuMmNt44OS44O844OrXTxicj48L2E+PC90ZD48L3RyPjwvdGFibGU+PC90ZD48L3RyPjwvdGFibGU+PGJyPiA8YnI+PGJyPiA8YSBocmVmPWh0dHA6Ly9pdGVtLnJha3V0ZW4uY28uanAvb3V0bGV0c2hvZXMvMTc1NDUvPjxpbWcgc3JjPWh0dHA6Ly9pbWFnZS5yYWt1dGVuLmNvLmpwL291dGxldHNob2VzL2NhYmluZXQvcHQvcmVuZXdhbC5naWYgYm9yZGVyPTA+PC9hPiAgPGJyPjxicj48YSBocmVmPWh0dHA6Ly9pdGVtLnJha3V0ZW4uY28uanAvb3V0bGV0c2hvZXMvZ2lmdGtpdC8gdGFyZ2V0PV9ibGFuaz48aW1nIHNyYz1odHRwOi8vaW1hZ2UucmFrdXRlbi5jby5qcC9vdXRsZXRzaG9lcy9jYWJpbmV0L3B0L2dpZnRraXQuZ2lmPjwvYT48YnI+PGJyPjxicj48YnI+PGEgaHJlZj1odHRwOi8vaXRlbS5yYWt1dGVuLmNvLmpwL291dGxldHNob2VzL2MvMDAwMDAwMTAwNy8gdGFyZ2V0PV9ibGFuaz48aW1nIHNyYz1odHRwOi8vaW1hZ2UucmFrdXRlbi5jby5qcC9vdXRsZXRzaG9lcy9jYWJpbmV0L3B0L2luZm8ta291a2FuLmdpZj48L2E+PGJyPjxicj48YnI+PGJyPjxicj48YSBocmVmPSJodHRwOi8vd3d3LnJha3V0ZW4ubmUuanAvZ29sZC9vdXRsZXRzaG9lcy9yZWFycml2YWwtcmVxdWVzdC5odG1sIiB0YXJnZXQ9Il9ibGFuayI+PGltZyBzcmM9Imh0dHA6Ly9pbWFnZS5yYWt1dGVuLmNvLmpwL291dGxldHNob2VzL2NhYmluZXQvYmFubmVyL3JlX2Fycml2YWwuZ2lmIj48L2E+PGJyPjxicj48YnI+PGJyPjxicj48YnI+PCEtLVNBTEXnlKgtLT48YnI+PGJyPjxicj48YnI+PGJyPjxicj48YSBocmVmPSJodHRwOi8vd3d3LnJha3V0ZW4ubmUuanAvZ29sZC9vdXRsZXRzaG9lcy9hc3VfZ2FpeW91Lmh0bWwiPjxpbWcgc3JjPSJodHRwOi8vdGh1bWJuYWlsLmltYWdlLnJha3V0ZW4uY28uanAvQDBfbWFsbC9vdXRsZXRzaG9lcy9jYWJpbmV0L21haWwwMi9hc3VyYWt1LmdpZj9fZXg9NjUweDY1MCI+PC9hPjxicj48YnI+44CQ44Gv44GT44G944GZ5a++5b+c5ZWG5ZOB44CR44CQ5qW95aSpQk9Y5Y+X5Y+W5a++6LGh5ZWG5ZOB77yI44Os44OH44Kj44O844K544OV44Kh44OD44K344On44Oz77yJ44CRPGJyPjxicj4KPGZvbnQgc2l6ZT0yPuOAkOOCs+ODs+ODk+ODi+WPl+WPluWvvuW/nOWVhuWTgeOAkTwvZm9udD48dGFibGUgd2lkdGg9IjY1MCIgY2VsbHBhZGRpbmc9IjAiIGNlbGxzcGFjaW5nPSI1IiBib3JkZXI9IjAiPgo8dHI+Cjx0ZD48aW1nIHNyYz0iaHR0cDovL2ltYWdlLnJha3V0ZW4uY28uanAvb3V0bGV0c2hvZXMvY2FiaW5ldC9ldmVudC9zcF9iXzR0cmVuZC5qcGciIHdpZHRoPSIzMjAiPjwvdGQ+Cjx0ZD48aW1nIHNyYz0iaHR0cHM6Ly90aHVtYm5haWwuaW1hZ2UucmFrdXRlbi5jby5qcC9AMF9tYWxsL291dGxldHNob2VzL2NhYmluZXQvZXZlbnQvc3BfYl9lbmFtZWxwdW1wcy5qcGciIHdpZHRoPSIzMjAiPjwvdGQ+CjwvdHI+Cjx0cj4KPHRkPjxpbWcgc3JjPSJodHRwOi8vaW1hZ2UucmFrdXRlbi5jby5qcC9vdXRsZXRzaG9lcy9jYWJpbmV0L2V2ZW50L3NwX2Jfc3VtbWVyLmpwZyIgd2lkdGg9IjMyMCI+PC90ZD4KPHRkPjxpbWcgc3JjPSJodHRwOi8vaW1hZ2UucmFrdXRlbi5jby5qcC9vdXRsZXRzaG9lcy9jYWJpbmV0L2V2ZW50L3NwX2Jfc2VsZWN0MjQuanBnIiB3aWR0aD0iMzIwIj48L3RkPgo8L3RyPgo8L3RhYmxlPg==,4piF6YCB5paZ54Sh5paZ4piF4pa844OZ44Ot44Ki44K544OI44O844Og5LuY44GN44OR44Oz44OX44K5W+ODqeOCpuODs+ODieODiOOCpeODuzguMWNt44OS44O844OrXSAyMDE35aSP5paw5L2cIOODrOODh+OCo+ODvOOCuS/jgrnjg4jjg7zjg6Av55eb44GP44Gq44GEL+Wwj+OBleOBhOOCteOCpOOCui/lpKfjgY3jgYTjgrXjgqTjgrriiarlroXphY3kvr/jga7jgb/iiavjgJDjgYLjgZnmpb0g5a++5b+c44CRIOiyt+OBhOOBvuOCj+OCiiDosrfjgYTlm57jgoog44Ki44Km44OI44Os44OD44OI44K344Ol44O844K644GK6LK344GE54mp44Oe44Op44K944OzIOODnuODqeOCveODs++8muOCouOCpuODiOODrOODg+ODiOOCt+ODpeODvOOCuiBvdXRsZXRzaG9lcw==,6Z2044OR44Oz44OX44K544Ko44K544OR44OJ44Oq44O844Om44K144Oz44OA44Or5aSn44GN44GE44K144Kk44K65aSn44GN44GE6Z205bCP44GV44GE44K144Kk44K644K544OI44Op44OD44OX44OQ44Os44Ko44K344Ol44O844K655eb44GP44Gq44GEMjZjbeODreODvOODkuODvOODq+OCpuOCqOODg+OCuOOCveODvOODqzI3Y23jgq3jg4PjgroyMWNt44Os44OH44Kj44O844K5MjEuNWNt44OV44Op44OD44OI44K344Ol44O844K644Ki44Km44OI44Os44OD44OI44K344Ol44O844K64piF6YCB5paZ54Sh5paZ4piF4pa844OZ44Ot44Ki44K544OI44O844Og5LuY44GN44OR44Oz44OX44K5W+ODqeOCpuODs+ODieODiOOCpeODuzguMWNt44OS44O844OrXSAyMDE35aSP5paw5L2cIOODrOODh+OCo+ODvOOCuS/jgrnjg4jjg7zjg6Av55eb44GP44Gq44GEL+Wwj+OBleOBhOOCteOCpOOCui/lpKfjgY3jgYTjgrXjgqTjgrriiarlroXphY3kvr/jga7jgb/iiavjgJDjgYLjgZnmpb0g5a++5b+c44CRIOiyt+OBhOOBvuOCj+OCiiDosrfjgYTlm57jgoog44Ki44Km44OI44Os44OD44OI44K344Ol44O844K644GK6LK344GE54mp44Oe44Op44K944OzIOODnuODqeOCveODsw==,576O6ISa44K544OI44O844Og5LuY44GN44OR44Oz44OX44K544CCL+m7ki/otaQv55eb44GP44Gq44GEL21lbnUnZeOAguKYhemAgeaWmeeEoeaWmeKYheKWvOODmeODreOCouOCueODiOODvOODoOS7mOOBjeODkeODs+ODl+OCuVvjg6njgqbjg7Pjg4njg4jjgqXjg7s4LjFjbeODkuODvOODq10gMjAxN+Wkj+aWsOS9nCDjg6zjg4fjgqPjg7zjgrkv44K544OI44O844OgL+eXm+OBj+OBquOBhC/lsI/jgZXjgYTjgrXjgqTjgrov5aSn44GN44GE44K144Kk44K64omq5a6F6YWN5L6/44Gu44G/4omr44CQ44GC44GZ5qW9IOWvvuW/nOOAkSDosrfjgYTjgb7jgo/jgoog6LK344GE5Zue44KKIOOCouOCpuODiOODrOODg+ODiOOCt+ODpeODvOOCuuOBiuiyt+OBhOeJqeODnuODqeOCveODsyDjg57jg6njgr3jg7M=[rn]
7-31697,aHR0cDovL3RzaG9wLnIxMHMuanAvb3V0bGV0c2hvZXMvY2FiaW5ldC9qdjBwcC9qdjBwcC03NTczX20wbi5qcGc/Zml0aW49NzAwOjcwMA==,MjYzMi4wMDAw,,6Z20ID4g44Os44OH44Kj44O844K56Z20ID4g44OR44Oz44OX44K5,44CQ44K144Oe44O877yz77yh77ys77yl44CR6YCB5paZ54Sh5paZIOaDkeOBruiEmumVt++8gTljbeOCtOODvOODq+ODieODkuODvOODqyDjg53jgqTjg7Pjg4bjg4Pjg4njg4jjgqUg44OR44Oz44OX44K5IOeXm+OBj+OBquOBhCDpu5Ig55m9IOWkp+OBjeOBhOOCteOCpOOCuiDntZDlqZrlvI8g5q2p44GN44KE44GZ44GEIOODkuODvOODqyDjg5Tjg7Pjg5Ljg7zjg6vnvo7ohJog5bCP44GV44GE44K144Kk44K6fOODrOODh+OCo+ODvOOCuSDpnbQg44Od44Kk44Oz44OG44OD44OJICDjgqLjgqbjg4jjg6zjg4Pjg4jjgrfjg6Xjg7zjgrog44GK5ZG844Gw44KMIOODkeODvOODhuOCo+ODvCDjg5Hjg7zjg4bjgqMgX3Mg44Oe44Op44K944Oz,6ISa6ZW36a2F44Gb44CB5oCd44GE44Gu44G+44G+77yBIOODkeODs+ODl+OCuSDnl5vjgY/jgarjgYQg6buSIOeZvQ==,PGJyPjxkaXYgY2xhc3M9SXRlbVBhZ2U+PGJyPjxicj48YnI+PGNlbnRlcj48aW1nIHNyYz1odHRwOi8vaW1hZ2UucmFrdXRlbi5jby5qcC9vdXRsZXRzaG9lcy9jYWJpbmV0L2p2MHBwL2p2MHBwLTc1NzMtMDAxLmpwZz48L2NlbnRlcj48YnI+PGJyPjxicj48YnI+PGJyPjxicj48Y2VudGVyPjxpbWcgc3JjPWh0dHA6Ly9pbWFnZS5yYWt1dGVuLmNvLmpwL291dGxldHNob2VzL2NhYmluZXQvanYwcHAvanYwcHAtNzU3My0wMDIuanBnPjxpbWcgc3JjPWh0dHA6Ly9pbWFnZS5yYWt1dGVuLmNvLmpwL291dGxldHNob2VzL2NhYmluZXQvanYwcHAvanYwcHAtNzU3My0wMDMuanBnPjxpbWcgc3JjPWh0dHA6Ly9pbWFnZS5yYWt1dGVuLmNvLmpwL291dGxldHNob2VzL2NhYmluZXQvanYwcHAvanYwcHAtNzU3My0wMDQuanBnPjxpbWcgc3JjPWh0dHA6Ly9pbWFnZS5yYWt1dGVuLmNvLmpwL291dGxldHNob2VzL2NhYmluZXQvanYwcHAvanYwcHAtNzU3My0wMDUuanBnPjxpbWcgc3JjPWh0dHA6Ly9pbWFnZS5yYWt1dGVuLmNvLmpwL291dGxldHNob2VzL2NhYmluZXQvanYwcHAvanYwcHAtNzU3My0wMDYuanBnPjxpbWcgc3JjPWh0dHA6Ly9pbWFnZS5yYWt1dGVuLmNvLmpwL291dGxldHNob2VzL2NhYmluZXQvanYwcHAvanYwcHAtNzU3My0wMDcuanBnPjxpbWcgc3JjPWh0dHA6Ly9pbWFnZS5yYWt1dGVuLmNvLmpwL291dGxldHNob2VzL2NhYmluZXQvanYwcHAvanYwcHAtNzU3My0wMDguanBnPjxpbWcgc3JjPWh0dHA6Ly9pbWFnZS5yYWt1dGVuLmNvLmpwL291dGxldHNob2VzL2NhYmluZXQvanYwcHAvanYwcHAtNzU3My0wMDkuanBnPjwvY2VudGVyPjxicj48YnI+PGJyPjxicj48aW1nIHNyYz1odHRwOi8vaW1hZ2UucmFrdXRlbi5jby5qcC9vdXRsZXRzaG9lcy9jYWJpbmV0L3B0L2RldGFpbF90LmdpZj48aW1nIHNyYz1odHRwOi8vaW1hZ2UucmFrdXRlbi5jby5qcC9vdXRsZXRzaG9lcy9jYWJpbmV0L3B0L2dhem91X2tha3VkYWkuZ2lmPjxicj48YnI+PGJyPjxicj48YnI+PGEgaHJlZj1odHRwOi8vaW1hZ2UucmFrdXRlbi5jby5qcC9vdXRsZXRzaG9lcy9jYWJpbmV0L2p2MHBwL2p2MHBwLTc1NzMtczEtMi5qcGcgdGFyZ2V0PV9ibGFuaz48aW1nIHNyYz1odHRwOi8vaW1hZ2UucmFrdXRlbi5jby5qcC9vdXRsZXRzaG9lcy9jYWJpbmV0L2p2MHBwL2p2MHBwLTc1NzMtczEtMS5qcGc+PCEtLXMtLT48L2E+PGEgaHJlZj1odHRwOi8vaW1hZ2UucmFrdXRlbi5jby5qcC9vdXRsZXRzaG9lcy9jYWJpbmV0L2p2MHBwL2p2MHBwLTc1NzMtczItMi5qcGcgdGFyZ2V0PV9ibGFuaz48aW1nIHNyYz1odHRwOi8vaW1hZ2UucmFrdXRlbi5jby5qcC9vdXRsZXRzaG9lcy9jYWJpbmV0L2p2MHBwL2p2MHBwLTc1NzMtczItMS5qcGc+PCEtLXMtLT48L2E+PGJyPjxhIGhyZWY9aHR0cDovL2ltYWdlLnJha3V0ZW4uY28uanAvb3V0bGV0c2hvZXMvY2FiaW5ldC9qdjBwcC9qdjBwcC03NTczLXMzLTIuanBnIHRhcmdldD1fYmxhbms+PGltZyBzcmM9aHR0cDovL2ltYWdlLnJha3V0ZW4uY28uanAvb3V0bGV0c2hvZXMvY2FiaW5ldC9qdjBwcC9qdjBwcC03NTczLXMzLTEuanBnPjwhLS1zLS0+PC9hPjxhIGhyZWY9aHR0cDovL2ltYWdlLnJha3V0ZW4uY28uanAvb3V0bGV0c2hvZXMvY2FiaW5ldC9qdjBwcC9qdjBwcC03NTczLXM0LTIuanBnIHRhcmdldD1fYmxhbms+PGltZyBzcmM9aHR0cDovL2ltYWdlLnJha3V0ZW4uY28uanAvb3V0bGV0c2hvZXMvY2FiaW5ldC9qdjBwcC9qdjBwcC03NTczLXM0LTEuanBnPjwhLS1zLS0+PC9hPjxicj48YSBocmVmPWh0dHA6Ly9pbWFnZS5yYWt1dGVuLmNvLmpwL291dGxldHNob2VzL2NhYmluZXQvanYwcHAvanYwcHAtNzU3My1zNS0yLmpwZyB0YXJnZXQ9X2JsYW5rPjxpbWcgc3JjPWh0dHA6Ly9pbWFnZS5yYWt1dGVuLmNvLmpwL291dGxldHNob2VzL2NhYmluZXQvanYwcHAvanYwcHAtNzU3My1zNS0xLmpwZz48IS0tcy0tPjwvYT48YnI+PGJyPjxicj48YnI+PGJyPjxicj48aW1nIHNyYz1odHRwOi8vaW1hZ2UucmFrdXRlbi5jby5qcC9vdXRsZXRzaG9lcy9jYWJpbmV0L3B0L2NvbG9yX3QuZ2lmPjxpbWcgc3JjPWh0dHA6Ly9pbWFnZS5yYWt1dGVuLmNvLmpwL291dGxldHNob2VzL2NhYmluZXQvcHQvZ2F6b3Vfa2FrdWRhaS5naWY+PGJyPjxicj48YnI+PGJyPjxicj48aW1nIHNyYz1odHRwOi8vaW1hZ2UucmFrdXRlbi5jby5qcC9vdXRsZXRzaG9lcy9jYWJpbmV0L2p2MHBwL2p2MHBwLTc1NzMtY3QxLmdpZj48YSBocmVmPWh0dHA6Ly9pbWFnZS5yYWt1dGVuLmNvLmpwL291dGxldHNob2VzL2NhYmluZXQvanYwcHAvanYwcHAtNzU3My1jMS0yLmpwZyB0YXJnZXQ9X2JsYW5rPjxpbWcgc3JjPWh0dHA6Ly9pbWFnZS5yYWt1dGVuLmNvLmpwL291dGxldHNob2VzL2NhYmluZXQvanYwcHAvanYwcHAtNzU3My1jMS0xLmpwZz48IS0tYy0tPjwvYT48YSBocmVmPWh0dHA6Ly9pbWFnZS5yYWt1dGVuLmNvLmpwL291dGxldHNob2VzL2NhYmluZXQvanYwcHAvanYwcHAtNzU3My1jMi0yLmpwZyB0YXJnZXQ9X2JsYW5rPjxpbWcgc3JjPWh0dHA6Ly9pbWFnZS5yYWt1dGVuLmNvLmpwL291dGxldHNob2VzL2NhYmluZXQvanYwcHAvanYwcHAtNzU3My1jMi0xLmpwZz48IS0tYy0tPjwvYT48YnI+PGJyPjxpbWcgc3JjPWh0dHA6Ly9pbWFnZS5yYWt1dGVuLmNvLmpwL291dGxldHNob2VzL2NhYmluZXQvanYwcHAvanYwcHAtNzU3My1jdDIuZ2lmPjxhIGhyZWY9aHR0cDovL2ltYWdlLnJha3V0ZW4uY28uanAvb3V0bGV0c2hvZXMvY2FiaW5ldC9qdjBwcC9qdjBwcC03NTczLWMzLTIuanBnIHRhcmdldD1fYmxhbms+PGltZyBzcmM9aHR0cDovL2ltYWdlLnJha3V0ZW4uY28uanAvb3V0bGV0c2hvZXMvY2FiaW5ldC9qdjBwcC9qdjBwcC03NTczLWMzLTEuanBnPjwhLS1jLS0+PC9hPjxhIGhyZWY9aHR0cDovL2ltYWdlLnJha3V0ZW4uY28uanAvb3V0bGV0c2hvZXMvY2FiaW5ldC9qdjBwcC9qdjBwcC03NTczLWM0LTIuanBnIHRhcmdldD1fYmxhbms+PGltZyBzcmM9aHR0cDovL2ltYWdlLnJha3V0ZW4uY28uanAvb3V0bGV0c2hvZXMvY2FiaW5ldC9qdjBwcC9qdjBwcC03NTczLWM0LTEuanBnPjwhLS1jLS0+PC9hPjxhIGhyZWY9aHR0cDovL2ltYWdlLnJha3V0ZW4uY28uanAvb3V0bGV0c2hvZXMvY2FiaW5ldC9qdjBwcC9qdjBwcC03NTczLWM1LTIuanBnIHRhcmdldD1fYmxhbms+PGltZyBzcmM9aHR0cDovL2ltYWdlLnJha3V0ZW4uY28uanAvb3V0bGV0c2hvZXMvY2FiaW5ldC9qdjBwcC9qdjBwcC03NTczLWM1LTEuanBnPjwhLS1jLS0+PC9hPjxicj48YnI+PGltZyBzcmM9aHR0cDovL2ltYWdlLnJha3V0ZW4uY28uanAvb3V0bGV0c2hvZXMvY2FiaW5ldC9qdjBwcC9qdjBwcC03NTczLWN0My5naWY+PGEgaHJlZj1odHRwOi8vaW1hZ2UucmFrdXRlbi5jby5qcC9vdXRsZXRzaG9lcy9jYWJpbmV0L2p2MHBwL2p2MHBwLTc1NzMtYzYtMi5qcGcgdGFyZ2V0PV9ibGFuaz48aW1nIHNyYz1odHRwOi8vaW1hZ2UucmFrdXRlbi5jby5qcC9vdXRsZXRzaG9lcy9jYWJpbmV0L2p2MHBwL2p2MHBwLTc1NzMtYzYtMS5qcGc+PCEtLWMtLT48L2E+PGEgaHJlZj1odHRwOi8vaW1hZ2UucmFrdXRlbi5jby5qcC9vdXRsZXRzaG9lcy9jYWJpbmV0L2p2MHBwL2p2MHBwLTc1NzMtYzctMi5qcGcgdGFyZ2V0PV9ibGFuaz48aW1nIHNyYz1odHRwOi8vaW1hZ2UucmFrdXRlbi5jby5qcC9vdXRsZXRzaG9lcy9jYWJpbmV0L2p2MHBwL2p2MHBwLTc1NzMtYzctMS5qcGc+PCEtLWMtLT48L2E+PGJyPjxicj48aW1nIHNyYz1odHRwOi8vaW1hZ2UucmFrdXRlbi5jby5qcC9vdXRsZXRzaG9lcy9jYWJpbmV0L2p2MHBwL2p2MHBwLTc1NzMtY3Q0LmdpZj48YSBocmVmPWh0dHA6Ly9pbWFnZS5yYWt1dGVuLmNvLmpwL291dGxldHNob2VzL2NhYmluZXQvanYwcHAvanYwcHAtNzU3My1jOC0yLmpwZyB0YXJnZXQ9X2JsYW5rPjxpbWcgc3JjPWh0dHA6Ly9pbWFnZS5yYWt1dGVuLmNvLmpwL291dGxldHNob2VzL2NhYmluZXQvanYwcHAvanYwcHAtNzU3My1jOC0xLmpwZz48IS0tYy0tPjwvYT48YnI+PGJyPjxicj48YnI+PGJyPjxicj48YnI+PGJyPjxicj48aW1nIHNyYz1odHRwOi8vaW1hZ2UucmFrdXRlbi5jby5qcC9vdXRsZXRzaG9lcy9jYWJpbmV0L2p2MHBwL2p2MHBwLTc1NzMtc2l6ZS1zLmdpZj48YnI+PGltZyBzcmM9aHR0cDovL2ltYWdlLnJha3V0ZW4uY28uanAvb3V0bGV0c2hvZXMvY2FiaW5ldC9wdC9zaXplay1zLmpwZz48YnI+PGJyPjxicj48YnI+PGltZyBzcmM9aHR0cDovL2ltYWdlLnJha3V0ZW4uY28uanAvb3V0bGV0c2hvZXMvY2FiaW5ldC9wdC9maXR0aW5nLmdpZj48YnI+PGltZyBzcmM9aHR0cDovL2ltYWdlLnJha3V0ZW4uY28uanAvb3V0bGV0c2hvZXMvY2FiaW5ldC9qdjBwcC9qdjBwcC03NTczLWZpdC5naWY+PGJyPjxicj48YnI+PGJyPjxicj48aW1nIHNyYz1odHRwOi8vaW1hZ2UucmFrdXRlbi5jby5qcC9vdXRsZXRzaG9lcy9jYWJpbmV0L2p2MHBwL2p2MHBwLTc1NzMtc3BlYy5naWY+PGJyPjxicj48YnI+PGJyPjxicj48YnI+PGJyPjxhIGhyZWY9aHR0cDovL2l0ZW0ucmFrdXRlbi5jby5qcC9vdXRsZXRzaG9lcy9jLzAwMDAwMDA1MzcvI3N0YWZmLXNpemU+PGltZyBzcmM9aHR0cDovL2ltYWdlLnJha3V0ZW4uY28uanAvb3V0bGV0c2hvZXMvY2FiaW5ldC9wdC9zdGFmZmRhdGEuZ2lmPjwvYT48YnI+PGEgaHJlZj1odHRwOi8vaXRlbS5yYWt1dGVuLmNvLmpwL291dGxldHNob2VzL2MvMDAwMDAwMDUzNy8jc2l6ZS1rZWlzb2t1PjxpbWcgc3JjPWh0dHA6Ly9pbWFnZS5yYWt1dGVuLmNvLmpwL291dGxldHNob2VzL2NhYmluZXQvcHQvc2l6ZXBvaW50LmdpZj48L2E+PGJyPjxicj48YnI+PGJyPjxicj48ZGl2IGNsYXNzPUl0ZW1QYWdlPjxjZW50ZXI+PGltZyBzcmM9aHR0cDovL2ltYWdlLnJha3V0ZW4uY28uanAvb3V0bGV0c2hvZXMvY2FiaW5ldC9wdC90eXV1aV9zaG9lcy5naWY+PC9jZW50ZXI+PC9kaXY+PGJyPjxicj48YnI+PGJyPjxkaXYgY2xhc3M9a2V5LXdhcmQtMDE+4pa844Ki44Kk44OG44OgIOOCreODvOODr+ODvOODiTxicj48IS0tQEBJdGVtX0tleXdvcmQtLT7jg5Hjg7Pjg5fjgrkg55eb44GP44Gq44GEIOm7kiDnmb0g5aSn44GN44GE44K144Kk44K6IOe1kOWpmuW8jyDmranjgY3jgoTjgZnjgYQg44OS44O844OrIDIwMTbmmKXlpI/vvIEg44Od44Kk44Oz44OG44OD44OJ44OI44Kl44OR44Oz44OX44K5IOODlOODs+ODkuODvOODqyDjgajjgpPjgYzjgoog44Od44Kk44Oz44OG44OD44OJ44OR44Oz44OX44K5IOe+juiEmiDlsI/jgZXjgYTjgrXjgqTjgrog5pil5aSPIOaYpSDlpI8g56eLIOWGrCDnp4vlhqwg44Go44KT44GM44KK44OR44Oz44OX44K5IOe+juiEmuODkeODs+ODl+OCuSDjgqTjg7Pjg53jg7zjg4jjgrfjg6Xjg7zjgrog44OX44Os44O844OzIOOCt+ODs+ODl+ODqyDnhKHlnLAg44K344Ol44O844K6IFBVIOWQiOeariDlkIjmiJDnmq7pnakg44Kq44OV44Kj44K5IOODmeODvOOCt+ODg+OCryDjgqvjg6njg5Xjg6sg5bGl44GN44KE44GZ44GEIOWkp+S6uiDjgq/jg4Pjgrfjg6fjg7Mg6ISa6ZW3IOmAmuW5tCBvbCDpgJrli6Qg44GK5LuV5LqLIOmAmuWtpiDlpKfkurrlj6/mhJvjgYQg44GK5ZG844Gw44KMIOOBiuWHuuOBi+OBkSDjgYrjgafjgYvjgZEg44OH44O844OIIOaVo+atqSDooYwg44Kt44Os44KkIOmAmuiyqSDotaQg5Y+v5oSb44GEIOOBi+OCj+OBhOOBhCDlrprnlaroibIg5Lq65rCXIOWtpuW8jyDjg43jgqTjg5Pjg7wg6LWw44KM44KLIOOCieOBj+OBoeOCkyDjgrjjg7zjg7Pjgrog44OX44Os44K844Oz44OIIOS4iuWTgSDjg5bjg6njg4Pjgq8g44OU44Oz44KvIOOCouOCpOODnOODquODvCDjg43jgqTjg5Pjg7wg44K544OI44Op44Kk44OXIOOAkDIyLjDjgrvjg7Pjg4HjgrXjgqTjgrrjgJEg44CQMjJjbeOAkSDjgJAyMi4144K744Oz44OB44K144Kk44K644CRIOOAkDIyLjVjbeOAkSDjgJAyMy4w44K744Oz44OB44K144Kk44K644CRIOOAkDIzY23jgJEg44CQMjMuNeOCu+ODs+ODgeOCteOCpOOCuuOAkSDjgJAyMy41Y23jgJEg44CQMjQuMOOCu+ODs+ODgeOCteOCpOOCuuOAkSDjgJAyNGNt44CRIOOAkDI0LjXjgrvjg7Pjg4HjgrXjgqTjgrrjgJEg44CQMjQuNWNt44CRIOOAkDI1LjDjgrvjg7Pjg4HjgrXjgqTjgrrjgJEg44CQMjVjbeOAkTwvZGl2PjwhLS1AQC9JdGVtX0tleXdvcmQtLT48YnI+PGJyPjxicj48L2Rpdj48YnI+PGJyPjxhIGhyZWY9aHR0cDovL2l0ZW0ucmFrdXRlbi5jby5qcC9vdXRsZXRzaG9lcy9naWZ0a2l0LyB0YXJnZXQ9X2JsYW5rPjxpbWcgc3JjPWh0dHA6Ly9pbWFnZS5yYWt1dGVuLmNvLmpwL291dGxldHNob2VzL2NhYmluZXQvcHQvZ2lmdGtpdC5naWY+PC9hPjxicj48YnI+PGJyPjxicj48YSBocmVmPWh0dHA6Ly9pdGVtLnJha3V0ZW4uY28uanAvb3V0bGV0c2hvZXMvYy8wMDAwMDAxMDA3LyB0YXJnZXQ9X2JsYW5rPjxpbWcgc3JjPWh0dHA6Ly9pbWFnZS5yYWt1dGVuLmNvLmpwL291dGxldHNob2VzL2NhYmluZXQvcHQvaW5mby1rb3VrYW4uZ2lmPjwvYT48YnI+PGJyPjxicj48YnI+PGJyPjxicj48YnI+PGJyPjxicj48YnI+PGJyPjwhLS1TQUxF55SoLS0+PGJyPjxicj48YnI+PGEgaHJlZj1odHRwOi8vd3d3LnJha3V0ZW4ubmUuanAvZ29sZC9vdXRsZXRzaG9lcy9hc3VfZ2FpeW91Lmh0bWw+PGltZyBzcmM9aHR0cDovL3RodW1ibmFpbC5pbWFnZS5yYWt1dGVuLmNvLmpwL0AwX21hbGwvb3V0bGV0c2hvZXMvY2FiaW5ldC9tYWlsMDIvYXN1cmFrdS5naWY/X2V4PTY1MHg2NTA+PC9hPjxicj48YnI+PGJyPjwhLS3jg53jgqTjg7Pjg4bjg4Pjg4ktLT48YnI+PGJyPjxhIGhyZWY9Imh0dHA6Ly9zZWFyY2gucmFrdXRlbi5jby5qcC9zZWFyY2gvaW5zaG9wLW1hbGwvJUUzJTgzJTlEJUUzJTgyJUE0JUUzJTgzJUIzJUUzJTgzJTg2JUUzJTgzJTgzJUUzJTgzJTg5JUUzJTgzJTg4JUUzJTgyJUE1Ly0vZi4xLXAuMS1zLjEtc2YuMC1zaWQuMjAwNjg2LXN0LkEtdi4zIj48aW1nIHNyYz0iaHR0cDovL2ltYWdlLnJha3V0ZW4uY28uanAvb3V0bGV0c2hvZXMvY2FiaW5ldC9iYW5uZXIvcG9pbnRlZC1saW5rLXRpdGxlLmpwZyIgd2lkdGg9IjY1MCI+PC9hPjxicj48YnI+PGJyPjxicj48YnI+PGJyPjxicj48YnI+PGJyPjxicj48YnI+PGJyPjxicj48YnI+PGJyPjxicj48YnI+PCEtLUBAUENfSXRlbV8gRGVzY3JpcHRpb24tLT4KPGJyPgo8IS0tQEAvUENfSXRlbV8gRGVzY3JpcHRpb24tLT48IS0tQEAvUENfSXRlbV8gRGVzY3JpcHRpb24tLT4KPGRpdiBjbGFzcz1rZXktd2FyZC0wMT4K4pa844Ki44Kk44OG44OgIOOCreODvOODr+ODvOODiTxicj4KPCEtLUBASXRlbV9LZXl3b3JkLS0+PCEtLeKAu+WVhuWTgeWQjeOBqOOCq+ODluOBo+OBpuOBhOOCi+OCguOBruOBr+ODiOODqy0tPuODkeODs+ODl+OCuSDnl5vjgY/jgarjgYQg6buSIOeZvSDlpKfjgY3jgYTjgrXjgqTjgrog57WQ5ama5byPIOatqeOBjeOChOOBmeOBhCDjg5Ljg7zjg6sgMjAxNuaYpeWkj++8gSDjg53jgqTjg7Pjg4bjg4Pjg4njg4jjgqXjg5Hjg7Pjg5fjgrkg44OU44Oz44OS44O844OrIOOBqOOCk+OBjOOCiiDjg53jgqTjg7Pjg4bjg4Pjg4njg5Hjg7Pjg5fjgrkg576O6ISaIOWwj+OBleOBhOOCteOCpOOCuiDmmKXlpI8g5pilIOWkjyDnp4sg5YasIOeni+WGrCDjgajjgpPjgYzjgorjg5Hjg7Pjg5fjgrkg576O6ISa44OR44Oz44OX44K5IOOCpOODs+ODneODvOODiOOCt+ODpeODvOOCuiDjg5fjg6zjg7zjg7Mg44K344Oz44OX44OrIOeEoeWcsCDjgrfjg6Xjg7zjgrogUFUg5ZCI55quIOWQiOaIkOearumdqSDjgqrjg5XjgqPjgrkg44OZ44O844K344OD44KvIOOCq+ODqeODleODqyDlsaXjgY3jgoTjgZnjgYQg5aSn5Lq6IOOCr+ODg+OCt+ODp+ODsyDohJrplbcg6YCa5bm0IG9sIOmAmuWLpCDjgYrku5Xkuosg6YCa5a2mIOWkp+S6uuWPr+aEm+OBhCDjgYrlkbzjgbDjgowg44GK5Ye644GL44GRIOOBiuOBp+OBi+OBkSDjg4fjg7zjg4gg5pWj5q2pIOaXheihjCDjgq3jg6zjgqQg6YCa6LKpIOi1pCDlj6/mhJvjgYQg44GL44KP44GE44GEIOWumueVquiJsiDkurrmsJcg5YWl5a2m5byPIOODjeOCpOODk+ODvCDotbDjgozjgosg44KJ44GP44Gh44KTIOOCuOODvOODs+OCuiDjg5fjg6zjgrzjg7Pjg4gg5LiK5ZOBIOODluODqeODg+OCryDjg5Tjg7Pjgq8g44Ki44Kk44Oc44Oq44O8IOODjeOCpOODk+ODvCDjgrnjg4jjg6njgqTjg5cg44CQMjIuMOOCu+ODs+ODgeOCteOCpOOCuuOAkSDjgJAyMmNt44CRIOOAkDIyLjXjgrvjg7Pjg4HjgrXjgqTjgrrjgJEg44CQMjIuNWNt44CRIOOAkDIzLjDjgrvjg7Pjg4HjgrXjgqTjgrrjgJEg44CQMjNjbeOAkSDjgJAyMy4144K744Oz44OB44K144Kk44K644CRIOOAkDIzLjVjbeOAkSDjgJAyNC4w44K744Oz44OB44K144Kk44K644CRIOOAkDI0Y23jgJEg44CQMjQuNeOCu+ODs+ODgeOCteOCpOOCuuOAkSDjgJAyNC41Y23jgJEg44CQMjUuMOOCu+ODs+ODgeOCteOCpOOCuuOAkSDjgJAyNWNt44CR44CQ44Gv44GT44G944GZ5a++5b+c5ZWG5ZOB44CRIOOAkOalveWkqUJPWOWPl+WPluWvvuixoeWVhuWTge+8iOODrOODh+OCo+ODvOOCueODleOCoeODg+OCt+ODp+ODs++8ieOAkSDjgJDjgrPjg7Pjg5Pjg4vlj5flj5blr77lv5zllYblk4HjgJE8dGFibGUgd2lkdGg9IjY1MCIgY2VsbHBhZGRpbmc9IjAiIGNlbGxzcGFjaW5nPSI1IiBib3JkZXI9IjAiPgo8dHI+Cjx0ZD48aW1nIHNyYz0iaHR0cDovL2ltYWdlLnJha3V0ZW4uY28uanAvb3V0bGV0c2hvZXMvY2FiaW5ldC9ldmVudC9zcF9iXzR0cmVuZC5qcGciIHdpZHRoPSIzMjAiPjwvdGQ+Cjx0ZD48aW1nIHNyYz0iaHR0cHM6Ly90aHVtYm5haWwuaW1hZ2UucmFrdXRlbi5jby5qcC9AMF9tYWxsL291dGxldHNob2VzL2NhYmluZXQvZXZlbnQvc3BfYl9lbmFtZWxwdW1wcy5qcGciIHdpZHRoPSIzMjAiPjwvdGQ+CjwvdHI+Cjx0cj4KPHRkPjxpbWcgc3JjPSJodHRwOi8vaW1hZ2UucmFrdXRlbi5jby5qcC9vdXRsZXRzaG9lcy9jYWJpbmV0L2V2ZW50L3NwX2Jfc3VtbWVyLmpwZyIgd2lkdGg9IjMyMCI+PC90ZD4KPHRkPjxpbWcgc3JjPSJodHRwOi8vaW1hZ2UucmFrdXRlbi5jby5qcC9vdXRsZXRzaG9lcy9jYWJpbmV0L2V2ZW50L3NwX2Jfc2VsZWN0MjQuanBnIiB3aWR0aD0iMzIwIj48L3RkPgo8L3RyPgo8L3RhYmxlPg==,44CQ44K144Oe44O877yz77yh77ys77yl44CR6YCB5paZ54Sh5paZIOaDkeOBruiEmumVt++8gTljbeOCtOODvOODq+ODieODkuODvOODqyDjg53jgqTjg7Pjg4bjg4Pjg4njg4jjgqUg44OR44Oz44OX44K5IOeXm+OBj+OBquOBhCDpu5Ig55m9IOWkp+OBjeOBhOOCteOCpOOCuiDntZDlqZrlvI8g5q2p44GN44KE44GZ44GEIOODkuODvOODqyDjg5Tjg7Pjg5Ljg7zjg6vnvo7ohJog5bCP44GV44GE44K144Kk44K6fOODrOODh+OCo+ODvOOCuSDpnbQg44Od44Kk44Oz44OG44OD44OJICDjgqLjgqbjg4jjg6zjg4Pjg4jjgrfjg6Xjg7zjgrog44GK5ZG844Gw44KMIOODkeODvOODhuOCo+ODvCDjg5Hjg7zjg4bjgqMgX3Mg44Oe44Op44K944Oz77ya44Ki44Km44OI44Os44OD44OI44K344Ol44O844K6IG91dGxldHNob2Vz,6Z2044OR44Oz44OX44K544Ko44K544OR44OJ44Oq44O844Om44K144Oz44OA44Or5aSn44GN44GE44K144Kk44K65aSn44GN44GE6Z205bCP44GV44GE44K144Kk44K644K544OI44Op44OD44OX44OQ44Os44Ko44K344Ol44O844K655eb44GP44Gq44GEMjZjbeODreODvOODkuODvOODq+OCpuOCqOODg+OCuOOCveODvOODqzI3Y23jgq3jg4PjgroyMWNt44Os44OH44Kj44O844K5MjEuNWNt44OV44Op44OD44OI44K344Ol44O844K644Ki44Km44OI44Os44OD44OI44K344Ol44O844K644CQ44K144Oe44O877yz77yh77ys77yl44CR6YCB5paZ54Sh5paZIOaDkeOBruiEmumVt++8gTljbeOCtOODvOODq+ODieODkuODvOODqyDjg53jgqTjg7Pjg4bjg4Pjg4njg4jjgqUg44OR44Oz44OX44K5IOeXm+OBj+OBquOBhCDpu5Ig55m9IOWkp+OBjeOBhOOCteOCpOOCuiDntZDlqZrlvI8g5q2p44GN44KE44GZ44GEIOODkuODvOODqyDjg5Tjg7Pjg5Ljg7zjg6vnvo7ohJog5bCP44GV44GE44K144Kk44K6fOODrOODh+OCo+ODvOOCuSDpnbQg44Od44Kk44Oz44OG44OD44OJICDjgqLjgqbjg4jjg6zjg4Pjg4jjgrfjg6Xjg7zjgrog44GK5ZG844Gw44KMIOODkeODvOODhuOCo+ODvCDjg5Hjg7zjg4bjgqMgX3Mg44Oe44Op44K944Oz,6ISa6ZW36a2F44Gb44CB5oCd44GE44Gu44G+44G+77yBIOODkeODs+ODl+OCuSDnl5vjgY/jgarjgYQg6buSIOeZveOAguOAkOOCteODnuODvO+8s++8oe+8rO+8peOAkemAgeaWmeeEoeaWmSDmg5Hjga7ohJrplbfvvIE5Y23jgrTjg7zjg6vjg4njg5Ljg7zjg6sg44Od44Kk44Oz44OG44OD44OJ44OI44KlIOODkeODs+ODl+OCuSDnl5vjgY/jgarjgYQg6buSIOeZvSDlpKfjgY3jgYTjgrXjgqTjgrog57WQ5ama5byPIOatqeOBjeOChOOBmeOBhCDjg5Ljg7zjg6sg44OU44Oz44OS44O844Or576O6ISaIOWwj+OBleOBhOOCteOCpOOCunzjg6zjg4fjgqPjg7zjgrkg6Z20IOODneOCpOODs+ODhuODg+ODiSAg44Ki44Km44OI44Os44OD44OI44K344Ol44O844K6IOOBiuWRvOOBsOOCjCDjg5Hjg7zjg4bjgqPjg7wg44OR44O844OG44KjIF9zIOODnuODqeOCveODsw==[rn]
7-31698,aHR0cDovL3RzaG9wLnIxMHMuanAvb3V0bGV0c2hvZXMvY2FiaW5ldC9hYTFwcC9hYTFwcC0zODczNl9tMS5qcGc/Zml0aW49NzAwOjcwMA==,MjU3NC40MDAw,,6Z20ID4g44Os44OH44Kj44O844K56Z20ID4g44OR44Oz44OX44K5,4pa844Op44Km44Oz44OJ44OI44Kl44OZ44Ot44Ki6Kq/IOOCueODiOODvOODoCDnvo7ohJog44OR44Oz44OX44K54omq5a6F6YWN5L6/44Gu44G/4omr44Os44OH44Kj44O844K5L+eXm+OBj+OBquOBhC/lsI/jgZXjgYTjgrXjgqTjgrov5aSn44GN44GE44K144Kk44K6IDIwMTflpI8g44CQ44GC44GZ5qW9IOWvvuW/nOOAkSDosrfjgYTjgb7jgo/jgoog6LK344GE5Zue44KKIOODneOCpOODs+ODiOa2iOWMliDjg6njgq/jg4Hjg7Mg44Kz44O844OHIOOCouOCpuODiOODrOODg+ODiOOCt+ODpeODvOOCuuOBiuiyt+OBhOeJqeODnuODqeOCveODsyDjg57jg6njgr3jg7M=,44K344Oq44O844K657Sv6KiIMuS4h+i2s+WujOWjsu+8geS6uuawl+OBruODmeODreOCouiqv+OCueODiOODvOODoOODkeODs+ODl+OCueKYhQ==,PGRpdiBjbGFzcz0iSXRlbVBhZ2UiPjxicj48YnI+PGJyPjxkaXYgYWxpZ249ImNlbnRlciI+PGltZyBzcmM9Imh0dHA6Ly9pbWFnZS5yYWt1dGVuLmNvLmpwL291dGxldHNob2VzL2NhYmluZXQvYmFubmVyL2ltYW1hZGUuZ2lmIj48YnI+PGltZyBzcmM9Imh0dHA6Ly9pbWFnZS5yYWt1dGVuLmNvLmpwL291dGxldHNob2VzL2NhYmluZXQvYmFubmVyLzIuZ2lmIj48aW1nIHNyYz0iaHR0cDovL2ltYWdlLnJha3V0ZW4uY28uanAvb3V0bGV0c2hvZXMvY2FiaW5ldC9iYW5uZXIvMi5naWYiPjxpbWcgc3JjPSJodHRwOi8vaW1hZ2UucmFrdXRlbi5jby5qcC9vdXRsZXRzaG9lcy9jYWJpbmV0L2Jhbm5lci9jb21tYS5naWYiPjxpbWcgc3JjPSJodHRwOi8vaW1hZ2UucmFrdXRlbi5jby5qcC9vdXRsZXRzaG9lcy9jYWJpbmV0L2Jhbm5lci81LmdpZiI+PGltZyBzcmM9Imh0dHA6Ly9pbWFnZS5yYWt1dGVuLmNvLmpwL291dGxldHNob2VzL2NhYmluZXQvYmFubmVyLzAuZ2lmIj48aW1nIHNyYz0iaHR0cDovL2ltYWdlLnJha3V0ZW4uY28uanAvb3V0bGV0c2hvZXMvY2FiaW5ldC9iYW5uZXIvNi5naWYiPjxpbWcgc3JjPSJodHRwOi8vaW1hZ2UucmFrdXRlbi5jby5qcC9vdXRsZXRzaG9lcy9jYWJpbmV0L2Jhbm5lci9zb2t1LmdpZiI+PGJyPjxpbWcgc3JjPSJodHRwOi8vaW1hZ2UucmFrdXRlbi5jby5qcC9vdXRsZXRzaG9lcy9jYWJpbmV0L2Jhbm5lci9va2FnZS5naWYiPjxicj7igLsyMDEzLzEwLzA444CA54++5Zyo44CA44K344Oq44O844K657eP6KiIPC9kaXY+PGJyPjxicj48YnI+PGltZyBzcmM9aHR0cDovL2ltYWdlLnJha3V0ZW4uY28uanAvb3V0bGV0c2hvZXMvY2FiaW5ldC9hYTFwcC9hYTFwcC0zODczNi0wMDEuanBnPjxicj48YnI+PGJyPjxmb250IHN0eWxlPSJmb250LXNpemU6MTFweDsgY29sb3I6IzU1NTU1NTsgbGluZS1oZWlnaHQ6MTNwdDsgbGV0dGVyLXNwYWNpbmc6MC42cHg7IHRleHQtYWxpZ246bGVmdDsiPuOAgOOAgOedgOeUqOOCq+ODqeODvCDjgIDjgIDjgq3jg6Pjg6Hjg6vjgIDjg6Ljg4fjg6vouqvplbfntIQxNjJjbTwvZm9udD48YnI+PGJyPjxicj48YnI+PGltZyBzcmM9aHR0cDovL2ltYWdlLnJha3V0ZW4uY28uanAvb3V0bGV0c2hvZXMvY2FiaW5ldC9wdC9tZW51ZS1ibGFuZC5naWY+PGJyPjxicj48YnI+PGltZyBzcmM9aHR0cDovL2ltYWdlLnJha3V0ZW4uY28uanAvb3V0bGV0c2hvZXMvY2FiaW5ldC9hYTFwcC9hYTFwcC0zODczNi0wMDIuanBnPjxicj48YnI+PGJyPjxicj48YnI+PGltZyBzcmM9aHR0cDovL2ltYWdlLnJha3V0ZW4uY28uanAvb3V0bGV0c2hvZXMvY2FiaW5ldC9hYTFwcC9hYTFwcC0zODczNi0wMDMuanBnPjxicj48YnI+PGJyPjxicj48YnI+PGltZyBzcmM9aHR0cDovL2ltYWdlLnJha3V0ZW4uY28uanAvb3V0bGV0c2hvZXMvY2FiaW5ldC9hYTFwcC9hYTFwcC0zODczNi0wMDQuanBnPjxicj48YnI+PGJyPjxicj48YnI+PGltZyBzcmM9aHR0cDovL2ltYWdlLnJha3V0ZW4uY28uanAvb3V0bGV0c2hvZXMvY2FiaW5ldC9hYTFwcC9hYTFwcC0zODczNi0wMDUuanBnPjxicj48YnI+PGJyPjxicj48YnI+PGltZyBzcmM9aHR0cDovL2ltYWdlLnJha3V0ZW4uY28uanAvb3V0bGV0c2hvZXMvY2FiaW5ldC9hYTFwcC9hYTFwcC0zODczNi0wMDYuanBnPjxicj48YnI+PGJyPjxicj48YnI+PGltZyBzcmM9aHR0cDovL2ltYWdlLnJha3V0ZW4uY28uanAvb3V0bGV0c2hvZXMvY2FiaW5ldC9wdC9wb2ludDAuZ2lmPjxpbWcgc3JjPWh0dHA6Ly9pbWFnZS5yYWt1dGVuLmNvLmpwL291dGxldHNob2VzL2NhYmluZXQvcHQvY29sb3ItcHVtcHMuZ2lmPjxicj48YnI+PGltZyBzcmM9aHR0cDovL2ltYWdlLnJha3V0ZW4uY28uanAvb3V0bGV0c2hvZXMvY2FiaW5ldC9hYTFwcC9hYTFwcC0zODczNnBvaW50MS5qcGc+PGJyPjxicj48YnI+PGltZyBzcmM9aHR0cDovL2ltYWdlLnJha3V0ZW4uY28uanAvb3V0bGV0c2hvZXMvY2FiaW5ldC9wdC9pbnNvbGUtMS5naWY+PGJyPjxpbWcgc3JjPWh0dHA6Ly9pbWFnZS5yYWt1dGVuLmNvLmpwL291dGxldHNob2VzL2NhYmluZXQvcHQvc2l6ZS0yMTUtMjYwLmdpZj48YnI+PGRpdiBzdHlsZT0iaGVpZ2h0OjYwcHgiPjwvZGl2PjxpbWcgc3JjPWh0dHA6Ly9pbWFnZS5yYWt1dGVuLmNvLmpwL291dGxldHNob2VzL2NhYmluZXQvcHQvZGV0YWlsMi5naWY+PGJyPjx0YWJsZSB3aWR0aD02NTAgYm9yZGVyPTAgY2VsbHBhZGRpbmc9MTAgY2VsbHNwYWNpbmc9MD48dHIgYWxpZ249Y2VudGVyIHZhbGlnbj10b3A+PHRkPjxhIGhyZWY9aHR0cDovL2ltYWdlLnJha3V0ZW4uY28uanAvb3V0bGV0c2hvZXMvY2FiaW5ldC9hYTFwcC9hYTFwcC0zODczNi1zMS0yLmpwZyB0YXJnZXQ9X2JsYW5rPjxpbWcgc3JjPWh0dHA6Ly9pbWFnZS5yYWt1dGVuLmNvLmpwL291dGxldHNob2VzL2NhYmluZXQvYWExcHAvYWExcHAtMzg3MzYtczEtMS5qcGcgYm9yZGVyPTA+PC9hPjwvdGQ+PHRkPjxhIGhyZWY9aHR0cDovL2ltYWdlLnJha3V0ZW4uY28uanAvb3V0bGV0c2hvZXMvY2FiaW5ldC9hYTFwcC9hYTFwcC0zODczNi1zMi0yLmpwZyB0YXJnZXQ9X2JsYW5rPjxpbWcgc3JjPWh0dHA6Ly9pbWFnZS5yYWt1dGVuLmNvLmpwL291dGxldHNob2VzL2NhYmluZXQvYWExcHAvYWExcHAtMzg3MzYtczItMS5qcGcgYm9yZGVyPTA+PC9hPjwvdGQ+PC90cj48dHIgYWxpZ249Y2VudGVyIHZhbGlnbj10b3A+PHRkPjxhIGhyZWY9aHR0cDovL2ltYWdlLnJha3V0ZW4uY28uanAvb3V0bGV0c2hvZXMvY2FiaW5ldC9hYTFwcC9hYTFwcC0zODczNi1zMy0yLmpwZyB0YXJnZXQ9X2JsYW5rPjxpbWcgc3JjPWh0dHA6Ly9pbWFnZS5yYWt1dGVuLmNvLmpwL291dGxldHNob2VzL2NhYmluZXQvYWExcHAvYWExcHAtMzg3MzYtczMtMS5qcGcgYm9yZGVyPTA+PC9hPjwvdGQ+PHRkPjxhIGhyZWY9aHR0cDovL2ltYWdlLnJha3V0ZW4uY28uanAvb3V0bGV0c2hvZXMvY2FiaW5ldC9hYTFwcC9hYTFwcC0zODczNi1zNC0yLmpwZyB0YXJnZXQ9X2JsYW5rPjxpbWcgc3JjPWh0dHA6Ly9pbWFnZS5yYWt1dGVuLmNvLmpwL291dGxldHNob2VzL2NhYmluZXQvYWExcHAvYWExcHAtMzg3MzYtczQtMS5qcGcgYm9yZGVyPTA+PC9hPjwvdGQ+PC90cj48dHIgYWxpZ249Y2VudGVyIHZhbGlnbj10b3A+PHRkPjxhIGhyZWY9aHR0cDovL2ltYWdlLnJha3V0ZW4uY28uanAvb3V0bGV0c2hvZXMvY2FiaW5ldC9hYTFwcC9hYTFwcC0zODczNi1zNS0yLmpwZyB0YXJnZXQ9X2JsYW5rPjxpbWcgc3JjPWh0dHA6Ly9pbWFnZS5yYWt1dGVuLmNvLmpwL291dGxldHNob2VzL2NhYmluZXQvYWExcHAvYWExcHAtMzg3MzYtczUtMS5qcGcgYm9yZGVyPTA+PC9hPjwvdGQ+PHRkPjxhIGhyZWY9aHR0cDovL2ltYWdlLnJha3V0ZW4uY28uanAvb3V0bGV0c2hvZXMvY2FiaW5ldC9hYTFwcC9hYTFwcC0zODczNi1zNi0yLmpwZyB0YXJnZXQ9X2JsYW5rPjxpbWcgc3JjPWh0dHA6Ly9pbWFnZS5yYWt1dGVuLmNvLmpwL291dGxldHNob2VzL2NhYmluZXQvYWExcHAvYWExcHAtMzg3MzYtczYtMS5qcGcgYm9yZGVyPTA+PC9hPjwvdGQ+PC90cj48L3RhYmxlPjxkaXYgc3R5bGU9ImhlaWdodDo2MHB4Ij48L2Rpdj48aW1nIHNyYz1odHRwOi8vaW1hZ2UucmFrdXRlbi5jby5qcC9vdXRsZXRzaG9lcy9jYWJpbmV0L3B0L2NvbG9yMi5naWY+PGJyPjxicj48dGFibGUgd2lkdGg9NjMwIGJvcmRlcj0wIGNlbGxzcGFjaW5nPTUgc3R5bGU9ImxpbmUtaGVpZ2h0OiAxNnB4OyBGT05ULVNJWkU6IDEycHg7IGNvbG9yOiAjMzMzMzMzOyI+PHRyIGFsaWduPWNlbnRlciB2YWxpZ249dG9wIGhlaWdodD0xODA+PHRkPjxhIGhyZWY9aHR0cDovL2ltYWdlLnJha3V0ZW4uY28uanAvb3V0bGV0c2hvZXMvY2FiaW5ldC9hYTFwcC9hYTFwcC0zODczNi1jMS0yLmpwZyB0YXJnZXQ9X2JsYW5rPjxpbWcgc3JjPWh0dHA6Ly9pbWFnZS5yYWt1dGVuLmNvLmpwL291dGxldHNob2VzL2NhYmluZXQvYWExcHAvYWExcHAtMzg3MzYtYzEtMS5qcGcgYm9yZGVyPTA+PGJyPuOCsOODrOODvDwvYT48L3RkPjx0ZD48YSBocmVmPWh0dHA6Ly9pbWFnZS5yYWt1dGVuLmNvLmpwL291dGxldHNob2VzL2NhYmluZXQvYWExcHAvYWExcHAtMzg3MzYtYzItMi5qcGcgdGFyZ2V0PV9ibGFuaz48aW1nIHNyYz1odHRwOi8vaW1hZ2UucmFrdXRlbi5jby5qcC9vdXRsZXRzaG9lcy9jYWJpbmV0L2FhMXBwL2FhMXBwLTM4NzM2LWMyLTEuanBnIGJvcmRlcj0wPjxicj7jgqrjg7zjgq88L2E+PC90ZD48dGQ+PGEgaHJlZj1odHRwOi8vaW1hZ2UucmFrdXRlbi5jby5qcC9vdXRsZXRzaG9lcy9jYWJpbmV0L2FhMXBwL2FhMXBwLTM4NzM2LWMzLTIuanBnIHRhcmdldD1fYmxhbms+PGltZyBzcmM9aHR0cDovL2ltYWdlLnJha3V0ZW4uY28uanAvb3V0bGV0c2hvZXMvY2FiaW5ldC9hYTFwcC9hYTFwcC0zODczNi1jMy0xLmpwZyBib3JkZXI9MD48YnI+44Kt44Oj44Oh44OrPC9hPjwvdGQ+PC90cj48dHIgYWxpZ249Y2VudGVyIHZhbGlnbj10b3AgaGVpZ2h0PTE4MD48dGQ+PGEgaHJlZj1odHRwOi8vaW1hZ2UucmFrdXRlbi5jby5qcC9vdXRsZXRzaG9lcy9jYWJpbmV0L2FhMXBwL2FhMXBwLTM4NzM2LWM0LTIuanBnIHRhcmdldD1fYmxhbms+PGltZyBzcmM9aHR0cDovL2ltYWdlLnJha3V0ZW4uY28uanAvb3V0bGV0c2hvZXMvY2FiaW5ldC9hYTFwcC9hYTFwcC0zODczNi1jNC0xLmpwZyBib3JkZXI9MD48YnI+44OW44Or44O844Kw44Oq44O844OzPC9hPjwvdGQ+PHRkPjxhIGhyZWY9aHR0cDovL2ltYWdlLnJha3V0ZW4uY28uanAvb3V0bGV0c2hvZXMvY2FiaW5ldC9hYTFwcC9hYTFwcC0zODczNi1jNS0yLmpwZyB0YXJnZXQ9X2JsYW5rPjxpbWcgc3JjPWh0dHA6Ly9pbWFnZS5yYWt1dGVuLmNvLmpwL291dGxldHNob2VzL2NhYmluZXQvYWExcHAvYWExcHAtMzg3MzYtYzUtMS5qcGcgYm9yZGVyPTA+PGJyPuODluODq+ODvDwvYT48L3RkPjx0ZD48YSBocmVmPWh0dHA6Ly9pbWFnZS5yYWt1dGVuLmNvLmpwL291dGxldHNob2VzL2NhYmluZXQvYWExcHAvYWExcHAtMzg3MzYtYzYtMi5qcGcgdGFyZ2V0PV9ibGFuaz48aW1nIHNyYz1odHRwOi8vaW1hZ2UucmFrdXRlbi5jby5qcC9vdXRsZXRzaG9lcy9jYWJpbmV0L2FhMXBwL2FhMXBwLTM4NzM2LWM2LTEuanBnIGJvcmRlcj0wPjxicj7jg5fjg6njg6A8L2E+PC90ZD48L3RyPjx0ciBhbGlnbj1jZW50ZXIgdmFsaWduPXRvcCBoZWlnaHQ9MTgwPjx0ZD48YSBocmVmPWh0dHA6Ly9pbWFnZS5yYWt1dGVuLmNvLmpwL291dGxldHNob2VzL2NhYmluZXQvYWExcHAvYWExcHAtMzg3MzYtYzctMi5qcGcgdGFyZ2V0PV9ibGFuaz48aW1nIHNyYz1odHRwOi8vaW1hZ2UucmFrdXRlbi5jby5qcC9vdXRsZXRzaG9lcy9jYWJpbmV0L2FhMXBwL2FhMXBwLTM4NzM2LWM3LTEuanBnIGJvcmRlcj0wPjxicj7jg5Hjg7zjg5fjg6s8L2E+PC90ZD48dGQ+PGEgaHJlZj1odHRwOi8vaW1hZ2UucmFrdXRlbi5jby5qcC9vdXRsZXRzaG9lcy9jYWJpbmV0L2FhMXBwL2FhMXBwLTM4NzM2LWM4LTIuanBnIHRhcmdldD1fYmxhbms+PGltZyBzcmM9aHR0cDovL2ltYWdlLnJha3V0ZW4uY28uanAvb3V0bGV0c2hvZXMvY2FiaW5ldC9hYTFwcC9hYTFwcC0zODczNi1jOC0xLmpwZyBib3JkZXI9MD48YnI+44Os44OD44OJPC9hPjwvdGQ+PHRkPjxhIGhyZWY9aHR0cDovL2ltYWdlLnJha3V0ZW4uY28uanAvb3V0bGV0c2hvZXMvY2FiaW5ldC9hYTFwcC9hYTFwcC0zODczNi1jOS0yLmpwZyB0YXJnZXQ9X2JsYW5rPjxpbWcgc3JjPWh0dHA6Ly9pbWFnZS5yYWt1dGVuLmNvLmpwL291dGxldHNob2VzL2NhYmluZXQvYWExcHAvYWExcHAtMzg3MzYtYzktMS5qcGcgYm9yZGVyPTA+PGJyPuODnOODq+ODieODvDwvYT48L3RkPjwvdHI+PHRyIGFsaWduPWNlbnRlciB2YWxpZ249dG9wIGhlaWdodD0xODA+PHRkPjxhIGhyZWY9aHR0cDovL2ltYWdlLnJha3V0ZW4uY28uanAvb3V0bGV0c2hvZXMvY2FiaW5ldC9hYTFwcC9hYTFwcC0zODczNi1jMTAtMi5qcGcgdGFyZ2V0PV9ibGFuaz48aW1nIHNyYz1odHRwOi8vaW1hZ2UucmFrdXRlbi5jby5qcC9vdXRsZXRzaG9lcy9jYWJpbmV0L2FhMXBwL2FhMXBwLTM4NzM2LWMxMC0xLmpwZyBib3JkZXI9MD48YnI+44OA44O844Kv44OW44Op44Km44OzPC9hPjwvdGQ+PHRkPjxhIGhyZWY9aHR0cDovL2ltYWdlLnJha3V0ZW4uY28uanAvb3V0bGV0c2hvZXMvY2FiaW5ldC9hYTFwcC9hYTFwcC0zODczNi1jMTEtMi5qcGcgdGFyZ2V0PV9ibGFuaz48aW1nIHNyYz1odHRwOi8vaW1hZ2UucmFrdXRlbi5jby5qcC9vdXRsZXRzaG9lcy9jYWJpbmV0L2FhMXBwL2FhMXBwLTM4NzM2LWMxMS0xLmpwZyBib3JkZXI9MD48YnI+44ON44Kk44OT44O8PC9hPjwvdGQ+PHRkPjxhIGhyZWY9aHR0cDovL2ltYWdlLnJha3V0ZW4uY28uanAvb3V0bGV0c2hvZXMvY2FiaW5ldC9hYTFwcC9hYTFwcC0zODczNi1jMTItMi5qcGcgdGFyZ2V0PV9ibGFuaz48aW1nIHNyYz1odHRwOi8vaW1hZ2UucmFrdXRlbi5jby5qcC9vdXRsZXRzaG9lcy9jYWJpbmV0L2FhMXBwL2FhMXBwLTM4NzM2LWMxMi0xLmpwZyBib3JkZXI9MD48YnI+44OW44Op44OD44KvPC9hPjwvdGQ+PC90cj48L3RhYmxlPjxicj48YnI+PGZvbnQgc3R5bGU9ImZvbnQtc2l6ZToxMXB4OyBjb2xvcjojNjY2NjY2OyBsZXR0ZXItc3BhY2luZzowLjVweDsgdGV4dC1hbGlnbjpsZWZ0OyI+44CA44CA4oC757Sg5p2Q54m55oCn5LiK44CB5pGp5pOm44KE5rGX44CB6Zuo44Gq44Gp44Gn44CB6Imy6JC944Gh44GZ44KL44GT44Go44GM44GC44KK44G+44GZ44Gu44Gn44CB44GU5rOo5oSP5LiL44GV44GE44CCPC9mb250Pjxicj48YnI+PGJyPjxicj48YnI+PGJyPjxicj48YnI+PGJyPjxpbWcgc3JjPWh0dHA6Ly9pbWFnZS5yYWt1dGVuLmNvLmpwL291dGxldHNob2VzL2NhYmluZXQvYWExcHAvYWExcHAtMzg3MzYtc3BlYy5naWY+PGJyPjxicj48YnI+44CA44CAPGltZyBzcmM9aHR0cDovL2ltYWdlLnJha3V0ZW4uY28uanAvb3V0bGV0c2hvZXMvY2FiaW5ldC9wdC90eXV1aS5naWY+PGJyPjxicj48YnI+PGZvbnQgc3R5bGU9ImZvbnQtc2l6ZToxMHB4OyBjb2xvcjojNTU1NTU1OyBsaW5lLWhlaWdodDoxMnB0OyBsZXR0ZXItc3BhY2luZzoxcHg7IHRleHQtYWxpZ246bGVmdDsiPuOAgOOAgOOAkOOCreODvOODr+ODvOODieOAkeODkeODs+ODl+OCuS/jgrnjg4jjg7zjg6Av44OP44Kk44OS44O844OrL+WkquODkuODvOODqy/jg6njgqbjg7Pjg4njg4jjgqUv6buSL+i1pC/ntKsv6Z2SL+ODmeODreOCouiqvzxicj7jgIDjgIDntZDlqZrlvI8v44OR44O844OG44Kj44O8L+WGoOWpmuiRrOelrS/lpKfjgY3jgYTjgrXjgqTjgrov5bCP44GV44GE44K144Kk44K6L+eXm+OBj+OBquOBhC/mranjgY3jgoTjgZnjgYQv44Os44OH44Kj44O844K5L21lbnUnZS/jg6Hjg4zjgqg8L2ZvbnQ+PGJyPjxicj48YnI+PGJyPjxicj48YnI+PGEgaHJlZj1odHRwOi8vaXRlbS5yYWt1dGVuLmNvLmpwL291dGxldHNob2VzL2MvMDAwMDAwMDUzNy8gdGFyZ2V0PSJfYmxhbmsiPjxpbWcgc3JjPWh0dHA6Ly9pbWFnZS5yYWt1dGVuLmNvLmpwL291dGxldHNob2VzL2NhYmluZXQvcHQvc3RhZmYtZml0dGluZzMuZ2lmIGJvcmRlcj0wPjwvYT48YnI+PGltZyBzcmM9aHR0cDovL2ltYWdlLnJha3V0ZW4uY28uanAvb3V0bGV0c2hvZXMvY2FiaW5ldC9hYTFwcC9hYTFwcC0zODczNi1maXQuZ2lmPjxicj48YnI+PGJyPjxicj48YnI+PGJyPjxmb250IGNsYXNzPSJtaWRhc2hpIiBzdHlsZT0iZm9udC1zaXplOjM2cHgiPu+8vOe+juiEmuOBp+atqeOBjeOChOOBmeOBhO+8geOCueODiOODvOODoOS7mOOBjeKZqu+8jzwvZm9udD48dGFibGUgd2lkdGg9IjY1MCIgY2VsbHBhZGRpbmc9IjAiIGNlbGxzcGFjaW5nPSIxIiBiZ2NvbG9yPSIjQ0NDQ0NDIj48dHIgYWxpZ249ImNlbnRlciI+PHRkIGJnY29sb3I9IiNGRkZGRkYiPjx0YWJsZSB3aWR0aD0iNjUwIiBjZWxscGFkZGluZz0iMCIgY2VsbHNwYWNpbmc9IjAiPjx0ciBoZWlnaHQ9IjEzMCIgYWxpZ249ImNlbnRlciI+PHRkIHdpZHRoPSIxNTAiPjxmb250IGNsYXNzPSJtaWRhc2hpIj7jg5Ljg7zjg6vntIQ4Y23jgr/jgqTjg5c8YnI+77y844Gk44KE44Gk44KE44Ko44OK44Oh44OrdmVyLu+8jzwvZm9udD4gIDxhIGhyZWY9Imh0dHA6Ly9pdGVtLnJha3V0ZW4uY28uanAvb3V0bGV0c2hvZXMvMTc1MzEvIiB0YXJnZXQ9Il9ibGFuayI+PGltZyBzcmM9Imh0dHA6Ly90aHVtYm5haWwuaW1hZ2UucmFrdXRlbi5jby5qcC9AMF9tYWxsL291dGxldHNob2VzL2NhYmluZXQvYWEycHAyL2FhMnBwLTE3NTMxX20xLmpwZz9fZXg9MTUweDE1MCIgYm9yZGVyPSIwIj48YnI+ICAgICAgICA8YnI+44Ko44OK44Oh44Or44K544OI44O844Og44OR44Oz44OX44K5PGJyPls4LjNjbeODkuODvOODq108L2E+PC90ZD48dGQgd2lkdGg9IjE2Ij48aW1nIHNyYz0iaHR0cDovL2ltYWdlLnJha3V0ZW4uY28uanAvb3V0bGV0c2hvZXMvY2FiaW5ldC9ldGMva3VnaXJpc2VuLmdpZiI+PC90ZD48dGQgd2lkdGg9IjE1MCI+PGZvbnQgY2xhc3M9Im1pZGFzaGkiPuWkp+S6uuawl+OCt+ODquODvOOCuuOBq+aWsOeZu+WgtO+8gTxicj7vvLzjgarjgoHjgonjgYvjg5njg63jgqLjgr/jgqTjg5fvvI88L2ZvbnQ+PGEgaHJlZj0iaHR0cDovL2l0ZW0ucmFrdXRlbi5jby5qcC9vdXRsZXRzaG9lcy8xNzU0NS8iIHRhcmdldD0iX2JsYW5rIj48aW1nIHNyYz0iaHR0cDovL3RodW1ibmFpbC5pbWFnZS5yYWt1dGVuLmNvLmpwL0AwX21hbGwvb3V0bGV0c2hvZXMvY2FiaW5ldC9hYTFwcC9hYTFwcC0xNzU0NV90MTAuanBnP19leD0xNTB4MTUwIiBib3JkZXI9IjAiPjxicj48YnI+44OZ44Ot44Ki44K544OI44O844Og44OR44Oz44OX44K5PGJyPls4LjFjbeODkuODvOODq10gPGJyPjwvYT48L3RkPjx0ZCB3aWR0aD0iMTYiPjxpbWcgc3JjPSJodHRwOi8vaW1hZ2UucmFrdXRlbi5jby5qcC9vdXRsZXRzaG9lcy9jYWJpbmV0L2V0Yy9rdWdpcmlzZW4uZ2lmIj48L3RkPjx0ZCB3aWR0aD0iMTUwIj48Zm9udCBjbGFzcz0ibWlkYXNoaSI+57Sv6KiIMjIsMDAw56qB56C077yBPGJyPu+8vOODmeOCueODiOOCu+ODqeODvOODkeODs+ODl+OCue+8jzwvZm9udD48YSBocmVmPSJodHRwOi8vaXRlbS5yYWt1dGVuLmNvLmpwL291dGxldHNob2VzLzE4NzM2LyIgdGFyZ2V0PSJfYmxhbmsiPjxpbWcgc3JjPSJodHRwOi8vdGh1bWJuYWlsLmltYWdlLnJha3V0ZW4uY28uanAvQDBfbWFsbC9vdXRsZXRzaG9lcy9jYWJpbmV0L2FhMnBwMi9hYTJwcC0xODczNl9tMC5qcGc/X2V4PTE1MHgxNTAiIGJvcmRlcj0iMCI+PGJyPjxicj7jgqjjg4rjg6Hjg6sg44K544OI44O844Og44OR44Oz44OX44K5PGJyPlsxMC4yY23jg5Ljg7zjg6tdPGJyPjwvYT48L3RkPjx0ZCB3aWR0aD0iMTYiPjxpbWcgc3JjPSJodHRwOi8vaW1hZ2UucmFrdXRlbi5jby5qcC9vdXRsZXRzaG9lcy9jYWJpbmV0L2V0Yy9rdWdpcmlzZW4uZ2lmIj48L3RkPjx0ZCB3aWR0aD0iMTUwIj48Zm9udCBjbGFzcz0ibWlkYXNoaSI+57Sv6KiIMjIsMDAw56qB56C077yBPGJyPu+8vOODmeODreOCouOCv+OCpOODl+OBr+OCs+ODgeODqe+8jzwvZm9udD48YSBocmVmPSJodHRwOi8vaXRlbS5yYWt1dGVuLmNvLmpwL291dGxldHNob2VzLzM4NzM2LyIgdGFyZ2V0PSJfYmxhbmsiPjxpbWcgc3JjPSJodHRwOi8vdGh1bWJuYWlsLmltYWdlLnJha3V0ZW4uY28uanAvQDBfbWFsbC9vdXRsZXRzaG9lcy9jYWJpbmV0L2FhMXBwL2FhMXBwLTM4NzM2X20xLmpwZz9fZXg9MTUweDE1MCIgYm9yZGVyPSIwIj48YnI+PGJyPuODmeODreOCouOCueODiOODvOODoOODkeODs+ODl+OCuTxicj5bMTAuMmNt44OS44O844OrXTxicj48L2E+PC90ZD48L3RyPjwvdGFibGU+PC90ZD48L3RyPjwvdGFibGU+PC9kaXY+IDxicj48YnI+PGEgaHJlZj0iaHR0cDovL3d3dy5yYWt1dGVuLm5lLmpwL2dvbGQvb3V0bGV0c2hvZXMvYXN1X2dhaXlvdS5odG1sIj48aW1nIHNyYz0iaHR0cDovL3RodW1ibmFpbC5pbWFnZS5yYWt1dGVuLmNvLmpwL0AwX21hbGwvb3V0bGV0c2hvZXMvY2FiaW5ldC9tYWlsMDIvYXN1cmFrdS5naWY/X2V4PTY1MHg2NTAiPjwvYT48YnI+PGJyPuOAkOOBr+OBk+OBveOBmeWvvuW/nOWVhuWTgeOAkeOAkOalveWkqUJPWOWPl+WPluWvvuixoeWVhuWTge+8iOODrOODh+OCo+ODvOOCueODleOCoeODg+OCt+ODp+ODs++8ieOAkTxicj48YnI+Cjxmb250IHNpemU9Mj7jgJDjgrPjg7Pjg5Pjg4vlj5flj5blr77lv5zllYblk4HjgJE8L2ZvbnQ+PHRhYmxlIHdpZHRoPSI2NTAiIGNlbGxwYWRkaW5nPSIwIiBjZWxsc3BhY2luZz0iNSIgYm9yZGVyPSIwIj4KPHRyPgo8dGQ+PGltZyBzcmM9Imh0dHA6Ly9pbWFnZS5yYWt1dGVuLmNvLmpwL291dGxldHNob2VzL2NhYmluZXQvZXZlbnQvc3BfYl80dHJlbmQuanBnIiB3aWR0aD0iMzIwIj48L3RkPgo8dGQ+PGltZyBzcmM9Imh0dHBzOi8vdGh1bWJuYWlsLmltYWdlLnJha3V0ZW4uY28uanAvQDBfbWFsbC9vdXRsZXRzaG9lcy9jYWJpbmV0L2V2ZW50L3NwX2JfZW5hbWVscHVtcHMuanBnIiB3aWR0aD0iMzIwIj48L3RkPgo8L3RyPgo8dHI+Cjx0ZD48aW1nIHNyYz0iaHR0cDovL2ltYWdlLnJha3V0ZW4uY28uanAvb3V0bGV0c2hvZXMvY2FiaW5ldC9ldmVudC9zcF9iX3N1bW1lci5qcGciIHdpZHRoPSIzMjAiPjwvdGQ+Cjx0ZD48aW1nIHNyYz0iaHR0cDovL2ltYWdlLnJha3V0ZW4uY28uanAvb3V0bGV0c2hvZXMvY2FiaW5ldC9ldmVudC9zcF9iX3NlbGVjdDI0LmpwZyIgd2lkdGg9IjMyMCI+PC90ZD4KPC90cj4KPC90YWJsZT4=,4pa844Op44Km44Oz44OJ44OI44Kl44OZ44Ot44Ki6Kq/IOOCueODiOODvOODoCDnvo7ohJog44OR44Oz44OX44K54omq5a6F6YWN5L6/44Gu44G/4omr44Os44OH44Kj44O844K5L+eXm+OBj+OBquOBhC/lsI/jgZXjgYTjgrXjgqTjgrov5aSn44GN44GE44K144Kk44K6IDIwMTflpI8g44CQ44GC44GZ5qW9IOWvvuW/nOOAkSDosrfjgYTjgb7jgo/jgoog6LK344GE5Zue44KKIOODneOCpOODs+ODiOa2iOWMliDjg6njgq/jg4Hjg7Mg44Kz44O844OHIOOCouOCpuODiOODrOODg+ODiOOCt+ODpeODvOOCuuOBiuiyt+OBhOeJqeODnuODqeOCveODsyDjg57jg6njgr3jg7PvvJrjgqLjgqbjg4jjg6zjg4Pjg4jjgrfjg6Xjg7zjgrogb3V0bGV0c2hvZXM=,6Z2044OR44Oz44OX44K544Ko44K544OR44OJ44Oq44O844Om44K144Oz44OA44Or5aSn44GN44GE44K144Kk44K65aSn44GN44GE6Z205bCP44GV44GE44K144Kk44K644K544OI44Op44OD44OX44OQ44Os44Ko44K344Ol44O844K655eb44GP44Gq44GEMjZjbeODreODvOODkuODvOODq+OCpuOCqOODg+OCuOOCveODvOODqzI3Y23jgq3jg4PjgroyMWNt44Os44OH44Kj44O844K5MjEuNWNt44OV44Op44OD44OI44K344Ol44O844K644Ki44Km44OI44Os44OD44OI44K344Ol44O844K64pa844Op44Km44Oz44OJ44OI44Kl44OZ44Ot44Ki6Kq/IOOCueODiOODvOODoCDnvo7ohJog44OR44Oz44OX44K54omq5a6F6YWN5L6/44Gu44G/4omr44Os44OH44Kj44O844K5L+eXm+OBj+OBquOBhC/lsI/jgZXjgYTjgrXjgqTjgrov5aSn44GN44GE44K144Kk44K6IDIwMTflpI8g44CQ44GC44GZ5qW9IOWvvuW/nOOAkSDosrfjgYTjgb7jgo/jgoog6LK344GE5Zue44KKIOODneOCpOODs+ODiOa2iOWMliDjg6njgq/jg4Hjg7Mg44Kz44O844OHIOOCouOCpuODiOODrOODg+ODiOOCt+ODpeODvOOCuuOBiuiyt+OBhOeJqeODnuODqeOCveODsyDjg57jg6njgr3jg7M=,44K344Oq44O844K657Sv6KiIMuS4h+i2s+WujOWjsu+8geS6uuawl+OBruODmeODreOCouiqv+OCueODiOODvOODoOODkeODs+ODl+OCueKYheOAguKWvOODqeOCpuODs+ODieODiOOCpeODmeODreOCouiqvyDjgrnjg4jjg7zjg6Ag576O6ISaIOODkeODs+ODl+OCueKJquWuhemFjeS+v+OBruOBv+KJq+ODrOODh+OCo+ODvOOCuS/nl5vjgY/jgarjgYQv5bCP44GV44GE44K144Kk44K6L+Wkp+OBjeOBhOOCteOCpOOCuiAyMDE35aSPIOOAkOOBguOBmealvSDlr77lv5zjgJEg6LK344GE44G+44KP44KKIOiyt+OBhOWbnuOCiiDjg53jgqTjg7Pjg4jmtojljJYg44Op44Kv44OB44OzIOOCs+ODvOODhyDjgqLjgqbjg4jjg6zjg4Pjg4jjgrfjg6Xjg7zjgrrjgYrosrfjgYTnianjg57jg6njgr3jg7Mg44Oe44Op44K944Oz[rn]
7-31699,aHR0cDovL3RzaG9wLnIxMHMuanAvb3V0bGV0c2hvZXMvY2FiaW5ldC9hYTJwcDYvYWEycHAtMTgwMDFyMl9tMS5qcGc/Zml0aW49NzAwOjcwMA==,MjU3NC40MDAw,,6Z20ID4g44Os44OH44Kj44O844K56Z20ID4g44OR44Oz44OX44K5,6YCB5paZ54Sh5paZIOOCueODiOODqeODg+ODl+S7mOOBjeOCueODiOODvOODoOODkeODs+ODl+OCuVs4LjBjbeODkuODvOODq10g5bCP44GV44GE44K144Kk44K6IOWkp+OBjeOBhOOCteOCpOOCuiDjg6zjg4fjgqPjg7zjgrkg44K344On44O844OIIOODkuODvOODqyDpu5Ig44OU44Oz44Kv44OZ44O844K444OlIOODqeOCpuODs+ODieODiOOCpSB86Z20IOODqeOCpuODs+ODiSDjg5Hjg7Pjg5fjgrkg57WQ5ama5byPIOOBiuWRvOOBsOOCjCDjgqvjgrjjg6XjgqLjg6sg5q2p44GN44KE44GZ44GEIOODkeODvOODhuOCo+ODvCDjgqLjg7Pjgq/jg6vjgrnjg4jjg6njg4Pjg5cg44OV44Kp44O844Oe44OrIOODnuODqeOCveODsw==,44K544OI44O844Og44OR44Oz44OX44K5L+ODrOODh+OCo+ODvOOCuS/pu5Iv6LWkL+eXm+OBj+OBquOBhC/ntZDlqZrlvI8v44Ko44OK44Oh44Or,PGRpdiBjbGFzcz1JdGVtUGFnZT48YnI+PGJyPjxicj48Y2VudGVyPjxpbWcgc3JjPWh0dHA6Ly9pbWFnZS5yYWt1dGVuLmNvLmpwL291dGxldHNob2VzL2NhYmluZXQvYWEycHA2L2FhMnBwLTE4MDAxcjItMDAxLmpwZz48YnI+PGJyPjxicj48YnI+PGJyPjxicj48YnI+PGltZyBzcmM9aHR0cDovL2ltYWdlLnJha3V0ZW4uY28uanAvb3V0bGV0c2hvZXMvY2FiaW5ldC9wdC9tZW51ZS1ibGFuZC5naWY+PGJyPjxicj48YnI+PGJyPjxicj48YnI+PGJyPjxpbWcgc3JjPWh0dHA6Ly9pbWFnZS5yYWt1dGVuLmNvLmpwL291dGxldHNob2VzL2NhYmluZXQvYWEycHA2L2FhMnBwLTE4MDAxcjItMDAyLmpwZz48aW1nIHNyYz1odHRwOi8vaW1hZ2UucmFrdXRlbi5jby5qcC9vdXRsZXRzaG9lcy9jYWJpbmV0L2FhMnBwNi9hYTJwcC0xODAwMXIyLTAwMy5qcGc+PGltZyBzcmM9aHR0cDovL2ltYWdlLnJha3V0ZW4uY28uanAvb3V0bGV0c2hvZXMvY2FiaW5ldC9hYTJwcDYvYWEycHAtMTgwMDFyMi0wMDQuanBnPjxpbWcgc3JjPWh0dHA6Ly9pbWFnZS5yYWt1dGVuLmNvLmpwL291dGxldHNob2VzL2NhYmluZXQvYWEycHA2L2FhMnBwLTE4MDAxcjItMDA1LmpwZz48aW1nIHNyYz1odHRwOi8vaW1hZ2UucmFrdXRlbi5jby5qcC9vdXRsZXRzaG9lcy9jYWJpbmV0L2FhMnBwNi9hYTJwcC0xODAwMXIyLTAwNi5qcGc+PGltZyBzcmM9aHR0cDovL2ltYWdlLnJha3V0ZW4uY28uanAvb3V0bGV0c2hvZXMvY2FiaW5ldC9hYTJwcDYvYWEycHAtMTgwMDFyMi0wMDguanBnPjxpbWcgc3JjPWh0dHA6Ly9pbWFnZS5yYWt1dGVuLmNvLmpwL291dGxldHNob2VzL2NhYmluZXQvYWEycHA2L2FhMnBwLTE4MDAxcjItMDA5LmpwZz48aW1nIHNyYz1odHRwOi8vaW1hZ2UucmFrdXRlbi5jby5qcC9vdXRsZXRzaG9lcy9jYWJpbmV0L2FhMnBwNi9hYTJwcC0xODAwMXIyLTAxMC5qcGc+PGltZyBzcmM9aHR0cDovL2ltYWdlLnJha3V0ZW4uY28uanAvb3V0bGV0c2hvZXMvY2FiaW5ldC9hYTJwcDYvYWEycHAtMTgwMDFyMi0wMTEuanBnPjxicj48YnI+PGJyPjxicj48aW1nIHNyYz1odHRwOi8vaW1hZ2UucmFrdXRlbi5jby5qcC9vdXRsZXRzaG9lcy9jYWJpbmV0L3B0L2tvZGF3YXJpLTEuZ2lmPjxicj48aW1nIHNyYz1odHRwOi8vaW1hZ2UucmFrdXRlbi5jby5qcC9vdXRsZXRzaG9lcy9jYWJpbmV0L3B0L2NvbG9yLXB1bXBzLTEuZ2lmPjxicj48aW1nIHNyYz1odHRwOi8vaW1hZ2UucmFrdXRlbi5jby5qcC9vdXRsZXRzaG9lcy9jYWJpbmV0L2FhMnBwMi9hYTJwcC0xODAwMS1wb2ludDEuanBnPjxicj48YnI+PGltZyBzcmM9aHR0cDovL2ltYWdlLnJha3V0ZW4uY28uanAvb3V0bGV0c2hvZXMvY2FiaW5ldC9wdC9pbnNvbGUtMW4uZ2lmPjxicj48aW1nIHNyYz1odHRwOi8vaW1hZ2UucmFrdXRlbi5jby5qcC9vdXRsZXRzaG9lcy9jYWJpbmV0L3B0L3NpemUtMjE1LTI2MG4uZ2lmPjxicj48aW1nIHNyYz1odHRwOi8vaW1hZ2UucmFrdXRlbi5jby5qcC9vdXRsZXRzaG9lcy9jYWJpbmV0L3B0L3N0cmFwLTFuLmdpZj48YnI+PGltZyBzcmM9aHR0cDovL2ltYWdlLnJha3V0ZW4uY28uanAvb3V0bGV0c2hvZXMvY2FiaW5ldC9hYTJwcDIvYWEycHAtMTgwMDEtcG9pbnQyLmpwZz48YnI+PGJyPjxpbWcgc3JjPWh0dHA6Ly9pbWFnZS5yYWt1dGVuLmNvLmpwL291dGxldHNob2VzL2NhYmluZXQvcHQvc3Rvcm0tMW4uZ2lmPjxicj48aW1nIHNyYz1odHRwOi8vaW1hZ2UucmFrdXRlbi5jby5qcC9vdXRsZXRzaG9lcy9jYWJpbmV0L2FhMnBwMi9hYTJwcC0xODAwMS1wb2ludDMuanBnPjwvY2VudGVyPjxicj48YnI+PGJyPjxicj48YnI+PGJyPjxicj48YnI+PGltZyBzcmM9aHR0cDovL2ltYWdlLnJha3V0ZW4uY28uanAvb3V0bGV0c2hvZXMvY2FiaW5ldC9wdC9kZXRhaWwyLmdpZj48YnI+PHRhYmxlIHdpZHRoPTY1MCBib3JkZXI9MCBjZWxscGFkZGluZz0xMCBjZWxsc3BhY2luZz0wPjx0ciBhbGlnbj1jZW50ZXIgdmFsaWduPXRvcD48dGQ+PGEgaHJlZj1odHRwOi8vaW1hZ2UucmFrdXRlbi5jby5qcC9vdXRsZXRzaG9lcy9jYWJpbmV0L2FhMnBwMi9hYTJwcC0xODAwMS1zMS0yLmpwZyB0YXJnZXQ9X2JsYW5rPjxpbWcgc3JjPWh0dHA6Ly9pbWFnZS5yYWt1dGVuLmNvLmpwL291dGxldHNob2VzL2NhYmluZXQvYWEycHAyL2FhMnBwLTE4MDAxLXMxLTEuanBnIGJvcmRlcj0wPjwvYT48L3RkPjx0ZD48YSBocmVmPWh0dHA6Ly9pbWFnZS5yYWt1dGVuLmNvLmpwL291dGxldHNob2VzL2NhYmluZXQvYWEycHAyL2FhMnBwLTE4MDAxLXMyLTIuanBnIHRhcmdldD1fYmxhbms+PGltZyBzcmM9aHR0cDovL2ltYWdlLnJha3V0ZW4uY28uanAvb3V0bGV0c2hvZXMvY2FiaW5ldC9hYTJwcDIvYWEycHAtMTgwMDEtczItMS5qcGcgYm9yZGVyPTA+PC9hPjwvdGQ+PC90cj48dHIgYWxpZ249Y2VudGVyIHZhbGlnbj10b3A+PHRkPjxhIGhyZWY9aHR0cDovL2ltYWdlLnJha3V0ZW4uY28uanAvb3V0bGV0c2hvZXMvY2FiaW5ldC9hYTJwcDIvYWEycHAtMTgwMDEtczQtMi5qcGcgdGFyZ2V0PV9ibGFuaz48aW1nIHNyYz1odHRwOi8vaW1hZ2UucmFrdXRlbi5jby5qcC9vdXRsZXRzaG9lcy9jYWJpbmV0L2FhMnBwMi9hYTJwcC0xODAwMS1zNC0xLmpwZyBib3JkZXI9MD48L2E+PC90ZD48dGQ+PGEgaHJlZj1odHRwOi8vaW1hZ2UucmFrdXRlbi5jby5qcC9vdXRsZXRzaG9lcy9jYWJpbmV0L2FhMnBwMi9hYTJwcC0xODAwMS1zMy0yLmpwZyB0YXJnZXQ9X2JsYW5rPjxpbWcgc3JjPWh0dHA6Ly9pbWFnZS5yYWt1dGVuLmNvLmpwL291dGxldHNob2VzL2NhYmluZXQvYWEycHAyL2FhMnBwLTE4MDAxLXMzLTEuanBnIGJvcmRlcj0wPjwvYT48L3RkPjwvdHI+PHRyIGFsaWduPWNlbnRlciB2YWxpZ249dG9wPjx0ZD48YSBocmVmPWh0dHA6Ly9pbWFnZS5yYWt1dGVuLmNvLmpwL291dGxldHNob2VzL2NhYmluZXQvYWEycHAyL2FhMnBwLTE4MDAxLXM1LTIuanBnIHRhcmdldD1fYmxhbms+PGltZyBzcmM9aHR0cDovL2ltYWdlLnJha3V0ZW4uY28uanAvb3V0bGV0c2hvZXMvY2FiaW5ldC9hYTJwcDIvYWEycHAtMTgwMDEtczUtMS5qcGcgYm9yZGVyPTA+PC9hPjwvdGQ+PHRkPjxhIGhyZWY9aHR0cDovL2ltYWdlLnJha3V0ZW4uY28uanAvb3V0bGV0c2hvZXMvY2FiaW5ldC9hYTJwcDIvYWEycHAtMTgwMDEtczYtMi5qcGcgdGFyZ2V0PV9ibGFuaz48aW1nIHNyYz1odHRwOi8vaW1hZ2UucmFrdXRlbi5jby5qcC9vdXRsZXRzaG9lcy9jYWJpbmV0L2FhMnBwMi9hYTJwcC0xODAwMS1zNi0xLmpwZyBib3JkZXI9MD48L2E+PC90ZD48L3RyPjwvdGFibGU+PGJyPjxicj48YnI+PGJyPjxicj48YnI+PGltZyBzcmM9aHR0cDovL2ltYWdlLnJha3V0ZW4uY28uanAvb3V0bGV0c2hvZXMvY2FiaW5ldC9wdC9jb2xvcjIuZ2lmPjxicj48YnI+PHRhYmxlIHdpZHRoPTYzMCBib3JkZXI9MCBjZWxsc3BhY2luZz01IHN0eWxlPSJsaW5lLWhlaWdodDogMTZweDsgRk9OVC1TSVpFOiAxMnB4OyBjb2xvcjogIzMzMzMzMzsiPiAgIDx0ciBhbGlnbj1jZW50ZXIgdmFsaWduPXRvcCBoZWlnaHQ9MTgwPiAgICA8dGQ+PGEgaHJlZj1odHRwOi8vaW1hZ2UucmFrdXRlbi5jby5qcC9vdXRsZXRzaG9lcy9jYWJpbmV0L2FhMnBwMi9hYTJwcC0xODAwMS1jMS0yLmpwZyB0YXJnZXQ9X2JsYW5rPjxpbWcgc3JjPWh0dHA6Ly9pbWFnZS5yYWt1dGVuLmNvLmpwL291dGxldHNob2VzL2NhYmluZXQvYWEycHAyL2FhMnBwLTE4MDAxLWMxLTEuanBnIGJvcmRlcj0wPjxicj4gICAgICDjg5njg7zjgrjjg6XjgJDjgqjjg4rjg6Hjg6voqr/jgJE8L2E+PC90ZD4gICAgPHRkPjxhIGhyZWY9aHR0cDovL2ltYWdlLnJha3V0ZW4uY28uanAvb3V0bGV0c2hvZXMvY2FiaW5ldC9hYTJwcDIvYWEycHAtMTgwMDEtYzItMi5qcGcgdGFyZ2V0PV9ibGFuaz48aW1nIHNyYz1odHRwOi8vaW1hZ2UucmFrdXRlbi5jby5qcC9vdXRsZXRzaG9lcy9jYWJpbmV0L2FhMnBwMi9hYTJwcC0xODAwMS1jMi0xLmpwZyBib3JkZXI9MD48YnI+ICAgICAg44OZ44O844K444Ol44OU44Oz44Kv44CQ44Ko44OK44Oh44Or6Kq/44CRPC9hPjwvdGQ+ICAgIDx0ZD48YSBocmVmPWh0dHA6Ly9pbWFnZS5yYWt1dGVuLmNvLmpwL291dGxldHNob2VzL2NhYmluZXQvYWEycHAyL2FhMnBwLTE4MDAxLWM1LTIuanBnIHRhcmdldD1fYmxhbms+PGltZyBzcmM9aHR0cDovL2ltYWdlLnJha3V0ZW4uY28uanAvb3V0bGV0c2hvZXMvY2FiaW5ldC9hYTJwcDIvYWEycHAtMTgwMDEtYzUtMS5qcGcgYm9yZGVyPTA+PGJyPiAgICAgIOOCsOODrOODvOODluODqeOCpuODs+OAkOOCqOODiuODoeODq+iqv+OAkTwvYT48L3RkPiAgPC90cj4gIDx0ciBhbGlnbj1jZW50ZXIgdmFsaWduPXRvcCBoZWlnaHQ9MTgwPiAgICA8dGQ+PGEgaHJlZj1odHRwOi8vaW1hZ2UucmFrdXRlbi5jby5qcC9vdXRsZXRzaG9lcy9jYWJpbmV0L2FhMnBwMi9hYTJwcC0xODAwMS1jNC0yLmpwZyB0YXJnZXQ9X2JsYW5rPjxpbWcgc3JjPWh0dHA6Ly9pbWFnZS5yYWt1dGVuLmNvLmpwL291dGxldHNob2VzL2NhYmluZXQvYWEycHAyL2FhMnBwLTE4MDAxLWM0LTEuanBnIGJvcmRlcj0wPjxicj4gICAgICDjg4Djg7zjgq/jg6zjg4Pjg4njgJDjgqjjg4rjg6Hjg6voqr/jgJE8L2E+PC90ZD4gICAgPHRkPjxhIGhyZWY9aHR0cDovL2ltYWdlLnJha3V0ZW4uY28uanAvb3V0bGV0c2hvZXMvY2FiaW5ldC9hYTJwcDIvYWEycHAtMTgwMDEtYzctMi5qcGcgdGFyZ2V0PV9ibGFuaz48aW1nIHNyYz1odHRwOi8vaW1hZ2UucmFrdXRlbi5jby5qcC9vdXRsZXRzaG9lcy9jYWJpbmV0L2FhMnBwMi9hYTJwcC0xODAwMS1jNy0xLmpwZyBib3JkZXI9MD48YnI+ICAgICAg44OX44Op44Og44CQ44Ko44OK44Oh44Or6Kq/44CRPC9hPjwvdGQ+ICAgIDx0ZD48YSBocmVmPWh0dHA6Ly9pbWFnZS5yYWt1dGVuLmNvLmpwL291dGxldHNob2VzL2NhYmluZXQvYWEycHAyL2FhMnBwLTE4MDAxLWM2LTIuanBnIHRhcmdldD1fYmxhbms+PGltZyBzcmM9aHR0cDovL2ltYWdlLnJha3V0ZW4uY28uanAvb3V0bGV0c2hvZXMvY2FiaW5ldC9hYTJwcDIvYWEycHAtMTgwMDEtYzYtMS5qcGcgYm9yZGVyPTA+PGJyPiAgICAgIOODjeOCpOODk+ODvOOAkOOCqOODiuODoeODq+iqv+OAkTwvYT48L3RkPiAgPC90cj4gIDx0ciBhbGlnbj1jZW50ZXIgdmFsaWduPXRvcCBoZWlnaHQ9MTgwPiAgICA8dGQ+PGEgaHJlZj1odHRwOi8vaW1hZ2UucmFrdXRlbi5jby5qcC9vdXRsZXRzaG9lcy9jYWJpbmV0L2FhMnBwMi9hYTJwcC0xODAwMS1jMy0yLmpwZyB0YXJnZXQ9X2JsYW5rPjxpbWcgc3JjPWh0dHA6Ly9pbWFnZS5yYWt1dGVuLmNvLmpwL291dGxldHNob2VzL2NhYmluZXQvYWEycHAyL2FhMnBwLTE4MDAxLWMzLTEuanBnIGJvcmRlcj0wPjxicj4gICAgICDjg5bjg6njg4Pjgq/jgJDjgqjjg4rjg6Hjg6voqr/jgJE8L2E+PC90ZD4gICAgPHRkPjxhIGhyZWY9aHR0cDovL2ltYWdlLnJha3V0ZW4uY28uanAvb3V0bGV0c2hvZXMvY2FiaW5ldC9hYTJwcDIvYWEycHAtMTgwMDEtYzgtMi5qcGcgdGFyZ2V0PV9ibGFuaz48aW1nIHNyYz1odHRwOi8vaW1hZ2UucmFrdXRlbi5jby5qcC9vdXRsZXRzaG9lcy9jYWJpbmV0L2FhMnBwMi9hYTJwcC0xODAwMS1jOC0xLmpwZyBib3JkZXI9MD48YnI+ICAgICAg44OW44Op44OD44Kv44CQ44Os44O844K56Kq/44CRPC9hPjwvdGQ+ICA8L3RyPjwvdGFibGU+PGJyPjxicj48YnI+PGJyPiA8YnI+PGJyPjxicj48aW1nIHNyYz0iaHR0cDovL2ltYWdlLnJha3V0ZW4uY28uanAvb3V0bGV0c2hvZXMvY2FiaW5ldC9wdC9jb2xvcl90eXVpLmdpZiI+PGJyPjxicj48YnI+PGJyPjxicj48YnI+PGltZyBzcmM9aHR0cDovL2ltYWdlLnJha3V0ZW4uY28uanAvb3V0bGV0c2hvZXMvY2FiaW5ldC9hYTJwcDUvYWEycHAtMTgwMDEtc2l6ZS1zLmdpZj48YnI+PGJyPjxicj48YnI+PGltZyBzcmM9aHR0cDovL2ltYWdlLnJha3V0ZW4uY28uanAvb3V0bGV0c2hvZXMvY2FiaW5ldC9wdC9maXR0aW5nLmdpZj48YnI+PGJyPjxicj48YSBuYW1lPSJzdGFmZi1ydiI+PC9hPjxpbWcgc3JjPWh0dHA6Ly9pbWFnZS5yYWt1dGVuLmNvLmpwL291dGxldHNob2VzL2NhYmluZXQvcHQvc3RhZmYtc2l6ZS0xLmdpZj48YnI+PGJyPjxicj48aW1nIHNyYz1odHRwOi8vaW1hZ2UucmFrdXRlbi5jby5qcC9vdXRsZXRzaG9lcy9jYWJpbmV0L2FhMnBwNS9hYTJwcC0xODAwMS1maXQuZ2lmPjxicj48YnI+PGJyPjxicj48YnI+PGEgaHJlZj1odHRwOi8vaXRlbS5yYWt1dGVuLmNvLmpwL291dGxldHNob2VzL2MvMDAwMDAwMDUzNy8jc3RhZmYtc2l6ZT48aW1nIHNyYz1odHRwOi8vaW1hZ2UucmFrdXRlbi5jby5qcC9vdXRsZXRzaG9lcy9jYWJpbmV0L3B0L3N0YWZmZGF0YS5naWY+PC9hPjxicj48YSBocmVmPWh0dHA6Ly9pdGVtLnJha3V0ZW4uY28uanAvb3V0bGV0c2hvZXMvYy8wMDAwMDAwNTM3LyNzaXplLWtlaXNva3U+PGltZyBzcmM9aHR0cDovL2ltYWdlLnJha3V0ZW4uY28uanAvb3V0bGV0c2hvZXMvY2FiaW5ldC9wdC9zaXplcG9pbnQuZ2lmPjwvYT48YnI+PGJyPjxicj48YnI+PGJyPjxpbWcgc3JjPWh0dHA6Ly9pbWFnZS5yYWt1dGVuLmNvLmpwL291dGxldHNob2VzL2NhYmluZXQvYWEycHA1L2FhMnBwLTE4MDAxLXNwZWMuZ2lmPjxicj48YnI+PGJyPjxicj48YnI+PGJyPjxicj48ZGl2IGNsYXNzPUl0ZW1QYWdlPjxjZW50ZXI+PGltZyBzcmM9aHR0cDovL2ltYWdlLnJha3V0ZW4uY28uanAvb3V0bGV0c2hvZXMvY2FiaW5ldC9wdC90eXV1aV9zaG9lcy5naWY+PC9jZW50ZXI+PC9kaXY+PGJyPjxicj48YnI+PGJyPjxkaXYgY2xhc3M9a2V5LXdhcmQtMDE+4pa844Ki44Kk44OG44OgIOOCreODvOODr+ODvOODiTxicj48IS0tQEBJdGVtX0tleXdvcmQtLT7jg5Hjg7Pjg5fjgrkg44Op44Km44Oz44OJ44OI44KlIOeXm+OBj+OBquOBhCDjgrnjg4jjg6njg4Pjg5cg77yz5a2X44OV44OD44KvIOODj+OCpOODkuODvOODqyDjgqjjg4rjg6Hjg6sgbWVudSdlIOODoeODjOOCqCDpu5Ig6LWkIOODrOODg+ODiSDjg5bjg6njg4Pjgq8g57WQ5ama5byPIOODkeODvOODhuOCoyDjg5Xjgqnjg7zjg57jg6sg44Kq44OV44Kj44K5IOOBiuS7leS6iyDjgq/jg4Pjgrfjg6fjg7Mg6auY5Y+N55m6IOODrOODh+OCo+ODvOOCuSDlsI/jgZXjgYTjgrXjgqTjgrog5aSn44GN44GE44K144Kk44K6PGJyPuOAkDIxLjXjgrvjg7Pjg4HjgJEg44CQMjEuNWNt44CRIOOAkDIyLjDjgrvjg7Pjg4HjgJEg44CQMjJjbeOAkSDjgJAyMi4144K744Oz44OB44CRIOOAkDIyLjVjbeOAkSDjgJAyMy4w44K744Oz44OB44CRIOOAkDIzY23jgJEg44CQMjMuNeOCu+ODs+ODgeOAkSDjgJAyMy41Y23jgJEg44CQMjQuMOOCu+ODs+ODgeOAkSDjgJAyNGNt44CRIOOAkDI0LjXjgrvjg7Pjg4HjgJEg44CQMjQuNWNt44CRIOOAkDI1LjDjgrvjg7Pjg4HjgJEg44CQMjVjbeOAkSDjgJAyNS4144K744Oz44OB44CRIOOAkDI1LjVjbeOAkSDjgJAyNi4w44K744Oz44OB44CRIOOAkDI2Y23jgJE8L2Rpdj48IS0tQEAvSXRlbV9LZXl3b3JkLS0+PGJyPjxicj48YnI+PC9kaXY+PGJyPjxicj48YSBocmVmPWh0dHA6Ly9pdGVtLnJha3V0ZW4uY28uanAvb3V0bGV0c2hvZXMvZ2lmdGtpdC8gdGFyZ2V0PV9ibGFuaz48aW1nIHNyYz1odHRwOi8vaW1hZ2UucmFrdXRlbi5jby5qcC9vdXRsZXRzaG9lcy9jYWJpbmV0L3B0L2dpZnRraXQuZ2lmPjwvYT48YnI+PGJyPjxicj48YnI+PGEgaHJlZj1odHRwOi8vaXRlbS5yYWt1dGVuLmNvLmpwL291dGxldHNob2VzL2MvMDAwMDAwMTAwNy8gdGFyZ2V0PV9ibGFuaz48aW1nIHNyYz1odHRwOi8vaW1hZ2UucmFrdXRlbi5jby5qcC9vdXRsZXRzaG9lcy9jYWJpbmV0L3B0L2luZm8ta291a2FuLmdpZj48L2E+PGJyPjxicj48YnI+PGJyPjxicj48IS0tU0FMReeUqC0tPjxicj48YnI+PGJyPjxhIGhyZWY9aHR0cDovL3d3dy5yYWt1dGVuLm5lLmpwL2dvbGQvb3V0bGV0c2hvZXMvYXN1X2dhaXlvdS5odG1sPjxpbWcgc3JjPWh0dHA6Ly90aHVtYm5haWwuaW1hZ2UucmFrdXRlbi5jby5qcC9AMF9tYWxsL291dGxldHNob2VzL2NhYmluZXQvbWFpbDAyL2FzdXJha3UuZ2lmP19leD02NTB4NjUwPjwvYT48YnI+PGJyPjxicj48YnI+44CQ44Gv44GT44G944GZ5a++5b+c5ZWG5ZOB44CR44CQ5qW95aSpQk9Y5Y+X5Y+W5a++6LGh5ZWG5ZOB77yI44Os44OH44Kj44O844K544OV44Kh44OD44K344On44Oz77yJ44CRPGJyPjxicj4KPGZvbnQgc2l6ZT0yPuOAkOOCs+ODs+ODk+ODi+WPl+WPluWvvuW/nOWVhuWTgeOAkTwvZm9udD48dGFibGUgd2lkdGg9IjY1MCIgY2VsbHBhZGRpbmc9IjAiIGNlbGxzcGFjaW5nPSI1IiBib3JkZXI9IjAiPgo8dHI+Cjx0ZD48aW1nIHNyYz0iaHR0cDovL2ltYWdlLnJha3V0ZW4uY28uanAvb3V0bGV0c2hvZXMvY2FiaW5ldC9ldmVudC9zcF9iXzR0cmVuZC5qcGciIHdpZHRoPSIzMjAiPjwvdGQ+Cjx0ZD48aW1nIHNyYz0iaHR0cHM6Ly90aHVtYm5haWwuaW1hZ2UucmFrdXRlbi5jby5qcC9AMF9tYWxsL291dGxldHNob2VzL2NhYmluZXQvZXZlbnQvc3BfYl9lbmFtZWxwdW1wcy5qcGciIHdpZHRoPSIzMjAiPjwvdGQ+CjwvdHI+Cjx0cj4KPHRkPjxpbWcgc3JjPSJodHRwOi8vaW1hZ2UucmFrdXRlbi5jby5qcC9vdXRsZXRzaG9lcy9jYWJpbmV0L2V2ZW50L3NwX2Jfc3VtbWVyLmpwZyIgd2lkdGg9IjMyMCI+PC90ZD4KPHRkPjxpbWcgc3JjPSJodHRwOi8vaW1hZ2UucmFrdXRlbi5jby5qcC9vdXRsZXRzaG9lcy9jYWJpbmV0L2V2ZW50L3NwX2Jfc2VsZWN0MjQuanBnIiB3aWR0aD0iMzIwIj48L3RkPgo8L3RyPgo8L3RhYmxlPg==,6YCB5paZ54Sh5paZIOOCueODiOODqeODg+ODl+S7mOOBjeOCueODiOODvOODoOODkeODs+ODl+OCuVs4LjBjbeODkuODvOODq10g5bCP44GV44GE44K144Kk44K6IOWkp+OBjeOBhOOCteOCpOOCuiDjg6zjg4fjgqPjg7zjgrkg44K344On44O844OIIOODkuODvOODqyDpu5Ig44OU44Oz44Kv44OZ44O844K444OlIOODqeOCpuODs+ODieODiOOCpSB86Z20IOODqeOCpuODs+ODiSDjg5Hjg7Pjg5fjgrkg57WQ5ama5byPIOOBiuWRvOOBsOOCjCDjgqvjgrjjg6XjgqLjg6sg5q2p44GN44KE44GZ44GEIOODkeODvOODhuOCo+ODvCDjgqLjg7Pjgq/jg6vjgrnjg4jjg6njg4Pjg5cg44OV44Kp44O844Oe44OrIOODnuODqeOCveODs++8muOCouOCpuODiOODrOODg+ODiOOCt+ODpeODvOOCuiBvdXRsZXRzaG9lcw==,6Z2044OR44Oz44OX44K544Ko44K544OR44OJ44Oq44O844Om44K144Oz44OA44Or5aSn44GN44GE44K144Kk44K65aSn44GN44GE6Z205bCP44GV44GE44K144Kk44K644K544OI44Op44OD44OX44OQ44Os44Ko44K344Ol44O844K655eb44GP44Gq44GEMjZjbeODreODvOODkuODvOODq+OCpuOCqOODg+OCuOOCveODvOODqzI3Y23jgq3jg4PjgroyMWNt44Os44OH44Kj44O844K5MjEuNWNt44OV44Op44OD44OI44K344Ol44O844K644Ki44Km44OI44Os44OD44OI44K344Ol44O844K66YCB5paZ54Sh5paZIOOCueODiOODqeODg+ODl+S7mOOBjeOCueODiOODvOODoOODkeODs+ODl+OCuVs4LjBjbeODkuODvOODq10g5bCP44GV44GE44K144Kk44K6IOWkp+OBjeOBhOOCteOCpOOCuiDjg6zjg4fjgqPjg7zjgrkg44K344On44O844OIIOODkuODvOODqyDpu5Ig44OU44Oz44Kv44OZ44O844K444OlIOODqeOCpuODs+ODieODiOOCpSB86Z20IOODqeOCpuODs+ODiSDjg5Hjg7Pjg5fjgrkg57WQ5ama5byPIOOBiuWRvOOBsOOCjCDjgqvjgrjjg6XjgqLjg6sg5q2p44GN44KE44GZ44GEIOODkeODvOODhuOCo+ODvCDjgqLjg7Pjgq/jg6vjgrnjg4jjg6njg4Pjg5cg44OV44Kp44O844Oe44OrIOODnuODqeOCveODsw==,44K544OI44O844Og44OR44Oz44OX44K5L+ODrOODh+OCo+ODvOOCuS/pu5Iv6LWkL+eXm+OBj+OBquOBhC/ntZDlqZrlvI8v44Ko44OK44Oh44Or44CC6YCB5paZ54Sh5paZIOOCueODiOODqeODg+ODl+S7mOOBjeOCueODiOODvOODoOODkeODs+ODl+OCuVs4LjBjbeODkuODvOODq10g5bCP44GV44GE44K144Kk44K6IOWkp+OBjeOBhOOCteOCpOOCuiDjg6zjg4fjgqPjg7zjgrkg44K344On44O844OIIOODkuODvOODqyDpu5Ig44OU44Oz44Kv44OZ44O844K444OlIOODqeOCpuODs+ODieODiOOCpSB86Z20IOODqeOCpuODs+ODiSDjg5Hjg7Pjg5fjgrkg57WQ5ama5byPIOOBiuWRvOOBsOOCjCDjgqvjgrjjg6XjgqLjg6sg5q2p44GN44KE44GZ44GEIOODkeODvOODhuOCo+ODvCDjgqLjg7Pjgq/jg6vjgrnjg4jjg6njg4Pjg5cg44OV44Kp44O844Oe44OrIOODnuODqeOCveODsw==[rn]
7-31700,aHR0cDovL3RzaG9wLnIxMHMuanAvb3V0bGV0c2hvZXMvY2FiaW5ldC9qZjFwcC9qZjFwcC04ODQ1X20yLmpwZz9maXRpbj03MDA6NzAw,MjM4NC4wMDAw,,6Z20ID4g44Os44OH44Kj44O844K56Z20ID4g44OR44Oz44OX44K5,44Od44Kk44Oz44OG44OD44OJ44OI44KlIOODkeODs+ODl+OCuSDnl5vjgY/jgarjgYQg44Os44OH44Kj44O844K5IOm7kiDntZDlqZrlvI8g5q2p44GN44KE44GZ44GEIOODj+OCpOODkuODvOODqyDjg5Xjgqnjg7zjg57jg6sg576O6ISa44OR44Oz44OX44K5IOeWsuOCjOOBquOBhCDjg6rjgq/jg6vjg7zjg4ggfCAg44Od44Kk44Oz44OG44OD44OJIOmdtCDjg5Hjg7zjg4bjgqMg44OR44O844OG44Kj44O8IOOCq+ODoiDjgqvjg6Ljg5Xjg6kg44Kr44Oi44OV44Op44O844K444OlIOODrOOCquODkeODvOODiSDjg5Ljg6fjgqbmn4Qg44Ki44Km44OI44Os44OD44OI44K344Ol44O844K644GK6LK344GE54mp44Oe44Op44K944OzIOODnuODqeOCveODsw==,6Laz5YWD44KS44Ov44Oz44Op44Oz44Kv5LiK44Gu44Kq44K344Oj44Os5oSf44KS5ryU5Ye644GX44Gm44GP44KM44KL44OR44Oz44OX44K544CC,PGRpdiBjbGFzcz1JdGVtUGFnZT48YnI+PGJyPjxicj48Y2VudGVyPjxpbWcgc3JjPWh0dHA6Ly9pbWFnZS5yYWt1dGVuLmNvLmpwL291dGxldHNob2VzL2NhYmluZXQvamYxcHAvamYxcHAtODg0NS0wMDEuanBnPjwvY2VudGVyPjxicj48YnI+PGJyPjxicj48YnI+PGJyPjxjZW50ZXI+PGltZyBzcmM9aHR0cDovL2ltYWdlLnJha3V0ZW4uY28uanAvb3V0bGV0c2hvZXMvY2FiaW5ldC9qZjFwcC9qZjFwcC04ODQ1LTAxLmpwZz48L2NlbnRlcj48YnI+PGJyPjxicj48YnI+PGJyPjxicj48YnI+PGJyPjxjZW50ZXI+PGltZyBzcmM9aHR0cDovL2ltYWdlLnJha3V0ZW4uY28uanAvb3V0bGV0c2hvZXMvY2FiaW5ldC9qZjFwcC9qZjFwcC04ODQ1LTAwNy5qcGc+PC9jZW50ZXI+PGJyPjxicj48YnI+PGJyPjxicj48YnI+PGJyPjxicj48YnI+PGNlbnRlcj48aW1nIHNyYz1odHRwOi8vaW1hZ2UucmFrdXRlbi5jby5qcC9vdXRsZXRzaG9lcy9jYWJpbmV0L2pmMXBwL2pmMXBwLTg4NDUtMDA4LmpwZz48L2NlbnRlcj48YnI+PGJyPjxicj48YnI+PGJyPjxicj48YnI+PGJyPjxicj48Y2VudGVyPjxpbWcgc3JjPWh0dHA6Ly9pbWFnZS5yYWt1dGVuLmNvLmpwL291dGxldHNob2VzL2NhYmluZXQvamYxcHAvamYxcHAtODg0NS0wMDIuanBnPjwvY2VudGVyPjxicj48YnI+PGJyPjxicj48YnI+PGJyPjxicj48YnI+PGJyPjxjZW50ZXI+PGltZyBzcmM9aHR0cDovL2ltYWdlLnJha3V0ZW4uY28uanAvb3V0bGV0c2hvZXMvY2FiaW5ldC9qZjFwcC9qZjFwcC04ODQ1LTAwMy5qcGc+PC9jZW50ZXI+PGJyPjxicj48YnI+PGJyPjxicj48YnI+PGJyPjxicj48YnI+PGNlbnRlcj48aW1nIHNyYz1odHRwOi8vaW1hZ2UucmFrdXRlbi5jby5qcC9vdXRsZXRzaG9lcy9jYWJpbmV0L2pmMXBwL2pmMXBwLTg4NDUtMDA0LmpwZz48L2NlbnRlcj48YnI+PGJyPjxicj48YnI+PGJyPjxicj48YnI+PGJyPjxicj48Y2VudGVyPjxpbWcgc3JjPWh0dHA6Ly9pbWFnZS5yYWt1dGVuLmNvLmpwL291dGxldHNob2VzL2NhYmluZXQvamYxcHAvamYxcHAtODg0NS0wMDUuanBnPjwvY2VudGVyPjxicj48YnI+PGJyPjxicj48YnI+PGJyPjxicj48YnI+PGJyPjxjZW50ZXI+PGltZyBzcmM9aHR0cDovL2ltYWdlLnJha3V0ZW4uY28uanAvb3V0bGV0c2hvZXMvY2FiaW5ldC9qZjFwcC9qZjFwcC04ODQ1LTAwNi5qcGc+PC9jZW50ZXI+PGJyPjxicj48YnI+PGJyPjxicj48YnI+PGJyPjxicj48YnI+PGNlbnRlcj48Y2VudGVyPjxpbWcgc3JjPWh0dHA6Ly9pbWFnZS5yYWt1dGVuLmNvLmpwL291dGxldHNob2VzL2NhYmluZXQvamYxcHAvamYxcHAtODg0NS0wMDkuanBnPjwvY2VudGVyPjxicj48YnI+PGJyPjxicj48YnI+PGJyPjxicj48YnI+PGJyPjxpbWcgc3JjPWh0dHA6Ly9pbWFnZS5yYWt1dGVuLmNvLmpwL291dGxldHNob2VzL2NhYmluZXQvcHQvZGV0YWlsLTIuZ2lmPjxicj48YSBocmVmPWh0dHA6Ly9pbWFnZS5yYWt1dGVuLmNvLmpwL291dGxldHNob2VzL2NhYmluZXQvamYxcHAvamYxcHAtODg0NS1zMS0yLmpwZyB0YXJnZXQ9X2JsYW5rPjxpbWcgc3JjPWh0dHA6Ly9pbWFnZS5yYWt1dGVuLmNvLmpwL291dGxldHNob2VzL2NhYmluZXQvamYxcHAvamYxcHAtODg0NS1zMS0xLmpwZz48L2E+PGEgaHJlZj1odHRwOi8vaW1hZ2UucmFrdXRlbi5jby5qcC9vdXRsZXRzaG9lcy9jYWJpbmV0L2pmMXBwL2pmMXBwLTg4NDUtczItMi5qcGcgdGFyZ2V0PV9ibGFuaz48aW1nIHNyYz1odHRwOi8vaW1hZ2UucmFrdXRlbi5jby5qcC9vdXRsZXRzaG9lcy9jYWJpbmV0L2pmMXBwL2pmMXBwLTg4NDUtczItMS5qcGc+PC9hPjxhIGhyZWY9aHR0cDovL2ltYWdlLnJha3V0ZW4uY28uanAvb3V0bGV0c2hvZXMvY2FiaW5ldC9qZjFwcC9qZjFwcC04ODQ1LXMzLTIuanBnIHRhcmdldD1fYmxhbms+PGltZyBzcmM9aHR0cDovL2ltYWdlLnJha3V0ZW4uY28uanAvb3V0bGV0c2hvZXMvY2FiaW5ldC9qZjFwcC9qZjFwcC04ODQ1LXMzLTEuanBnPjwvYT48YSBocmVmPWh0dHA6Ly9pbWFnZS5yYWt1dGVuLmNvLmpwL291dGxldHNob2VzL2NhYmluZXQvamYxcHAvamYxcHAtODg0NS1zNC0yLmpwZyB0YXJnZXQ9X2JsYW5rPjxpbWcgc3JjPWh0dHA6Ly9pbWFnZS5yYWt1dGVuLmNvLmpwL291dGxldHNob2VzL2NhYmluZXQvamYxcHAvamYxcHAtODg0NS1zNC0xLmpwZz48L2E+PGJyPjxhIGhyZWY9aHR0cDovL2ltYWdlLnJha3V0ZW4uY28uanAvb3V0bGV0c2hvZXMvY2FiaW5ldC9qZjFwcC9qZjFwcC04ODQ1LXM1LTIuanBnIHRhcmdldD1fYmxhbms+PGltZyBzcmM9aHR0cDovL2ltYWdlLnJha3V0ZW4uY28uanAvb3V0bGV0c2hvZXMvY2FiaW5ldC9qZjFwcC9qZjFwcC04ODQ1LXM1LTEuanBnPjwvYT48YnI+PGJyPjxicj48YnI+PGJyPjxicj48YnI+PGltZyBzcmM9aHR0cDovL2ltYWdlLnJha3V0ZW4uY28uanAvb3V0bGV0c2hvZXMvY2FiaW5ldC9wdC9jb2xvci5naWY+PGJyPjxicj48YnI+PGJyPjxicj48YSBocmVmPWh0dHA6Ly9pbWFnZS5yYWt1dGVuLmNvLmpwL291dGxldHNob2VzL2NhYmluZXQvamYxcHAvamYxcHAtODg0NS1jMS0yLmpwZyB0YXJnZXQ9X2JsYW5rPjxpbWcgc3JjPWh0dHA6Ly9pbWFnZS5yYWt1dGVuLmNvLmpwL291dGxldHNob2VzL2NhYmluZXQvamYxcHAvamYxcHAtODg0NS1jMS0xLmpwZz48L2E+PGEgaHJlZj1odHRwOi8vaW1hZ2UucmFrdXRlbi5jby5qcC9vdXRsZXRzaG9lcy9jYWJpbmV0L2pmMXBwL2pmMXBwLTg4NDUtYzItMi5qcGcgdGFyZ2V0PV9ibGFuaz48aW1nIHNyYz1odHRwOi8vaW1hZ2UucmFrdXRlbi5jby5qcC9vdXRsZXRzaG9lcy9jYWJpbmV0L2pmMXBwL2pmMXBwLTg4NDUtYzItMS5qcGc+PC9hPjxhIGhyZWY9aHR0cDovL2ltYWdlLnJha3V0ZW4uY28uanAvb3V0bGV0c2hvZXMvY2FiaW5ldC9qZjFwcC9qZjFwcC04ODQ1LWMzLTIuanBnIHRhcmdldD1fYmxhbms+PGltZyBzcmM9aHR0cDovL2ltYWdlLnJha3V0ZW4uY28uanAvb3V0bGV0c2hvZXMvY2FiaW5ldC9qZjFwcC9qZjFwcC04ODQ1LWMzLTEuanBnPjwvYT48YSBocmVmPWh0dHA6Ly9pbWFnZS5yYWt1dGVuLmNvLmpwL291dGxldHNob2VzL2NhYmluZXQvamYxcHAvamYxcHAtODg0NS1jNC0yLmpwZyB0YXJnZXQ9X2JsYW5rPjxpbWcgc3JjPWh0dHA6Ly9pbWFnZS5yYWt1dGVuLmNvLmpwL291dGxldHNob2VzL2NhYmluZXQvamYxcHAvamYxcHAtODg0NS1jNC0xLmpwZz48L2E+PGJyPjxicj48YnI+PGJyPjxicj48Y2VudGVyPjxpbWcgc3JjPWh0dHA6Ly9pbWFnZS5yYWt1dGVuLmNvLmpwL291dGxldHNob2VzL2NhYmluZXQvamYxcHAvamYxcHAtODg0NS10eXUuanBnPjwvY2VudGVyPjxicj48YnI+PGJyPjxicj48YnI+PGJyPjxicj48YnI+PGJyPjxicj48YnI+PGltZyBzcmM9aHR0cDovL2ltYWdlLnJha3V0ZW4uY28uanAvb3V0bGV0c2hvZXMvY2FiaW5ldC9qZjFwcC9qZjFwcC04ODQ1LXNpemUtc24uZ2lmPjxicj48aW1nIHNyYz1odHRwOi8vaW1hZ2UucmFrdXRlbi5jby5qcC9vdXRsZXRzaG9lcy9jYWJpbmV0L3B0L3NpemVrLXMuanBnPjxicj48YnI+PGJyPjxicj48aW1nIHNyYz1odHRwOi8vaW1hZ2UucmFrdXRlbi5jby5qcC9vdXRsZXRzaG9lcy9jYWJpbmV0L3B0L2ZpdHRpbmcuZ2lmPjxicj48YnI+PGJyPjxpbWcgc3JjPWh0dHA6Ly9pbWFnZS5yYWt1dGVuLmNvLmpwL291dGxldHNob2VzL2NhYmluZXQvcHQvc3RhZmYtc2l6ZS0xLmdpZj48YnI+PGJyPjxicj48aW1nIHNyYz1odHRwOi8vaW1hZ2UucmFrdXRlbi5jby5qcC9vdXRsZXRzaG9lcy9jYWJpbmV0L3B0L2Zvb3QtaWxsYS0wMy5naWY+PGJyPjxicj48YnI+PGltZyBzcmM9aHR0cDovL2ltYWdlLnJha3V0ZW4uY28uanAvb3V0bGV0c2hvZXMvY2FiaW5ldC9qZjFwcC9qZjFwcC04ODQ1LWZpdC5naWY+PGJyPjxicj48YnI+PGJyPjxicj48aW1nIHNyYz1odHRwOi8vaW1hZ2UucmFrdXRlbi5jby5qcC9vdXRsZXRzaG9lcy9jYWJpbmV0L2pmMXBwL2pmMXBwLTg4NDUtc3BlYy5naWY+PGJyPjxicj48YnI+PGJyPjxicj48YnI+PGJyPjxkaXYgY2xhc3M9SXRlbVBhZ2U+PGNlbnRlcj48aW1nIHNyYz1odHRwOi8vaW1hZ2UucmFrdXRlbi5jby5qcC9vdXRsZXRzaG9lcy9jYWJpbmV0L3B0L3R5dXVpLmdpZj48L2NlbnRlcj48L2Rpdj48YnI+PGJyPjxicj48YnI+PGEgaHJlZj1odHRwOi8vaXRlbS5yYWt1dGVuLmNvLmpwL291dGxldHNob2VzL2MvMDAwMDAwMDUzNy8jc3RhZmYtc2l6ZT48aW1nIHNyYz1odHRwOi8vaW1hZ2UucmFrdXRlbi5jby5qcC9vdXRsZXRzaG9lcy9jYWJpbmV0L3B0L3N0YWZmZGF0YS5naWY+PC9hPjxicj48YSBocmVmPWh0dHA6Ly9pdGVtLnJha3V0ZW4uY28uanAvb3V0bGV0c2hvZXMvYy8wMDAwMDAwNTM3LyNzaXplLWtlaXNva3U+PGltZyBzcmM9aHR0cDovL2ltYWdlLnJha3V0ZW4uY28uanAvb3V0bGV0c2hvZXMvY2FiaW5ldC9wdC9zaXplcG9pbnQuZ2lmPjwvYT48YnI+PGJyPjxicj48YnI+PGRpdiBjbGFzcz1rZXktd2FyZC0wMT7ilrzjgqLjgqTjg4bjg6Ag44Kt44O844Ov44O844OJPGJyPjwhLS1AQEl0ZW1fS2V5d29yZC0tPuODkeODs+ODl+OCuSDnl5vjgY/jgarjgYQg44Os44OH44Kj44O844K5IOm7kiDntZDlqZrlvI8g5q2p44GN44KE44GZ44GEIOODj+OCpOODkuODvOODqyDjg5Xjgqnjg7zjg57jg6sg576O6ISa44OR44Oz44OX44K5IOODneOCpOODs+ODhuODg+ODiSDnlrLjgozjgarjgYQg44Oq44Kv44Or44O844OIIOODkuODvOODqyAyMDE156eL44Oi44OH44OrIOOBqOOCk+OBjOOCiiDjg5fjg6zjg7zjg7Mg44K344Oz44OX44OrIOeEoeWcsCDjg4/jg6njgrMg44K344Ol44O844K6IOWkp+OBjeOBhOOCteOCpOOCuiDlsI/jgZXjgYTjgrXjgqTjgrog44OP44Op44KzIOeniyDlhqwg56eL5YasIDIwMTXnp4vlhqwgMjAxNeeni+WGrOaWsOS9nCDjgqrjg5XjgqPjgrkg44OZ44O844K344OD44KvIOOCq+ODqeODleODqyDlsaXjgY3jgoTjgZnjgYQg5aSn5Lq6IOOCr+ODg+OCt+ODp+ODsyDohJrplbcg6YCa5bm0IG9sIOmAmuWLpCDjgYrku5Xkuosg6YCa5a2mIOWkp+S6uuWPr+aEm+OBhCDjgYrlkbzjgbDjgowg44Kk44Oz44Od44O844OI44K344Ol44O844K6IOOBiuWHuuOBi+OBkSDjgYrjgafjgYvjgZEg44OH44O844OIIOaVo+atqSDooYwg44Kt44Os44KkIOmAmuiyqSDotaQg5Y+v5oSb44GEIOOBi+OCj+OBhOOBhCDlrprnlaroibIg5Lq65rCXIOWtpuW8jyDjg43jgqTjg5Pjg7wg6LWw44KM44KLIOOCieOBj+OBoeOCkyDjgrjjg7zjg7Pjgrog44OX44Os44K844Oz44OIIOS4iuWTgSDjgrnjg4jjg6njgqTjg5cg44Os44Kq44OR44O844OJIOOCq+ODouODleODqeODvOOCuOODpSDjg5Ljg6fjgqbmn4Qg6L+35b2pIG1lbnVlIOODoeODjOOCqCDjgqLjgqbjg4jjg6zjg4Pjg4jjgrfjg6Xjg7zjgrrjgJAyMi4w44K744Oz44OB44K144Kk44K644CRIOOAkDIyY23jgJHjgJAyMi4144K744Oz44OB44K144Kk44K644CRIOOAkDIyLjVjbeOAkeOAkDIzLjDjgrvjg7Pjg4HjgrXjgqTjgrrjgJEg44CQMjNjbeOAkeOAkDIzLjXjgrvjg7Pjg4HjgrXjgqTjgrrjgJEg44CQMjMuNWNt44CR44CQMjQuMOOCu+ODs+ODgeOCteOCpOOCuuOAkSDjgJAyNGNt44CR44CQMjQuNeOCu+ODs+ODgeOCteOCpOOCuuOAkSDjgJAyNC41Y23jgJHjgJAyNS4w44K744Oz44OB44K144Kk44K644CRIOOAkDI1Y23jgJE8L2Rpdj48IS0tQEAvSXRlbV9LZXl3b3JkLS0+PGJyPjxicj48YnI+PC9kaXY+PGJyPjxicj48YSBocmVmPWh0dHA6Ly9pdGVtLnJha3V0ZW4uY28uanAvb3V0bGV0c2hvZXMvZ2lmdGtpdC8gdGFyZ2V0PV9ibGFuaz48aW1nIHNyYz1odHRwOi8vaW1hZ2UucmFrdXRlbi5jby5qcC9vdXRsZXRzaG9lcy9jYWJpbmV0L3B0L2dpZnRraXQuZ2lmPjwvYT48YnI+PGJyPjxicj48YnI+PGEgaHJlZj1odHRwOi8vaXRlbS5yYWt1dGVuLmNvLmpwL291dGxldHNob2VzL2MvMDAwMDAwMTAwNy8gdGFyZ2V0PV9ibGFuaz48aW1nIHNyYz1odHRwOi8vaW1hZ2UucmFrdXRlbi5jby5qcC9vdXRsZXRzaG9lcy9jYWJpbmV0L3B0L2luZm8ta291a2FuLmdpZj48L2E+PGJyPjxicj48YnI+PGJyPjxicj48YnI+PGJyPjxicj48YnI+PGJyPjxicj48IS0tU0FMReeUqC0tPjxicj48YnI+PGJyPjxhIGhyZWY9aHR0cDovL3d3dy5yYWt1dGVuLm5lLmpwL2dvbGQvb3V0bGV0c2hvZXMvYXN1X2dhaXlvdS5odG1sPjxpbWcgc3JjPWh0dHA6Ly90aHVtYm5haWwuaW1hZ2UucmFrdXRlbi5jby5qcC9AMF9tYWxsL291dGxldHNob2VzL2NhYmluZXQvbWFpbDAyL2FzdXJha3UuZ2lmP19leD02NTB4NjUwPjwvYT48YnI+PGJyPjxicj48YnI+PGJyPjxhIGhyZWY9Imh0dHA6Ly9zZWFyY2gucmFrdXRlbi5jby5qcC9zZWFyY2gvaW5zaG9wLW1hbGwvJUUzJTgzJTlEJUUzJTgyJUE0JUUzJTgzJUIzJUUzJTgzJTg2JUUzJTgzJTgzJUUzJTgzJTg5JUUzJTgzJTg4JUUzJTgyJUE1Ly0vZi4xLXAuMS1zLjEtc2YuMC1zaWQuMjAwNjg2LXN0LkEtdi4zIj48aW1nIHNyYz0iaHR0cDovL2ltYWdlLnJha3V0ZW4uY28uanAvb3V0bGV0c2hvZXMvY2FiaW5ldC9iYW5uZXIvcG9pbnRlZC1saW5rLXRpdGxlLmpwZyIgd2lkdGg9IjY1MCI+PC9hPjxicj48YnI+PGJyPjwhLS1AQFBDX0l0ZW1fIERlc2NyaXB0aW9uLS0+Cjxicj4KPCEtLUBAL1BDX0l0ZW1fIERlc2NyaXB0aW9uLS0+PCEtLUBAL1BDX0l0ZW1fIERlc2NyaXB0aW9uLS0+CjxkaXYgY2xhc3M9a2V5LXdhcmQtMDE+CuKWvOOCouOCpOODhuODoCDjgq3jg7zjg6/jg7zjg4k8YnI+CjwhLS1AQEl0ZW1fS2V5d29yZC0tPjwhLS3igLvllYblk4HlkI3jgajjgqvjg5bjgaPjgabjgYTjgovjgoLjga7jga/jg4jjg6stLT7jg5Hjg7Pjg5fjgrkg55eb44GP44Gq44GEIOODrOODh+OCo+ODvOOCuSDpu5Ig57WQ5ama5byPIOatqeOBjeOChOOBmeOBhCDjg4/jgqTjg5Ljg7zjg6sg44OV44Kp44O844Oe44OrIOe+juiEmuODkeODs+ODl+OCuSDjg53jgqTjg7Pjg4bjg4Pjg4kg55ay44KM44Gq44GEIOODquOCr+ODq+ODvOODiCDjg5Ljg7zjg6sgMjAxNeeni+ODouODh+ODqyDjgajjgpPjgYzjgoog44OX44Os44O844OzIOOCt+ODs+ODl+ODqyDnhKHlnLAg44OP44Op44KzIOOCt+ODpeODvOOCuiDlpKfjgY3jgYTjgrXjgqTjgrog5bCP44GV44GE44K144Kk44K6IOODj+ODqeOCsyDnp4sg5YasIOeni+WGrCAyMDE156eL5YasIDIwMTXnp4vlhqzmlrDkvZwg44Kq44OV44Kj44K5IOODmeODvOOCt+ODg+OCryDjgqvjg6njg5Xjg6sg5bGl44GN44KE44GZ44GEIOWkp+S6uiDjgq/jg4Pjgrfjg6fjg7Mg6ISa6ZW3IOmAmuW5tCBvbCDpgJrli6Qg44GK5LuV5LqLIOmAmuWtpiDlpKfkurrlj6/mhJvjgYQg44GK5ZG844Gw44KMIOOCpOODs+ODneODvOODiOOCt+ODpeODvOOCuiDjgYrlh7rjgYvjgZEg44GK44Gn44GL44GRIOODh+ODvOODiCDmlaPmrakg5peF6KGMIOOCreODrOOCpCDpgJrosqkg6LWkIOWPr+aEm+OBhCDjgYvjgo/jgYTjgYQg5a6a55Wq6ImyIOS6uuawlyDlhaXlrablvI8g44ON44Kk44OT44O8IOi1sOOCjOOCiyDjgonjgY/jgaHjgpMg44K444O844Oz44K6IOODl+ODrOOCvOODs+ODiCDkuIrlk4Eg44K544OI44Op44Kk44OXIOODrOOCquODkeODvOODiSDjgqvjg6Ljg5Xjg6njg7zjgrjjg6Ug44OS44On44Km5p+EIOi/t+W9qSBtZW51ZSDjg6Hjg4zjgqgg44Ki44Km44OI44Os44OD44OI44K344Ol44O844K6CuOAkDIyLjDjgrvjg7Pjg4HjgrXjgqTjgrrjgJHjgJAyMi4144K744Oz44OB44K144Kk44K644CR44CQMjMuMOOCu+ODs+ODgeOCteOCpOOCuuOAkeOAkDIzLjXjgrvjg7Pjg4HjgrXjgqTjgrrjgJHjgJAyNC4w44K744Oz44OB44K144Kk44K644CR44CQMjQuNeOCu+ODs+ODgeOCteOCpOOCuuOAkeOAkDI1LjDjgrvjg7Pjg4HjgrXjgqTjgrrjgJE8IS0tQEAvSXRlbV9LZXl3b3JkLS0+Cjxicj48YnI+PGJyPjwvZGl2Pjxicj48YnI+Cjxmb250IHNpemU9Mj7jgJDjgrPjg7Pjg5Pjg4vlj5flj5blr77lv5zllYblk4HjgJE8L2ZvbnQ+PHRhYmxlIHdpZHRoPSI2NTAiIGNlbGxwYWRkaW5nPSIwIiBjZWxsc3BhY2luZz0iNSIgYm9yZGVyPSIwIj4KPHRyPgo8dGQ+PGltZyBzcmM9Imh0dHA6Ly9pbWFnZS5yYWt1dGVuLmNvLmpwL291dGxldHNob2VzL2NhYmluZXQvZXZlbnQvc3BfYl80dHJlbmQuanBnIiB3aWR0aD0iMzIwIj48L3RkPgo8dGQ+PGltZyBzcmM9Imh0dHBzOi8vdGh1bWJuYWlsLmltYWdlLnJha3V0ZW4uY28uanAvQDBfbWFsbC9vdXRsZXRzaG9lcy9jYWJpbmV0L2V2ZW50L3NwX2JfZW5hbWVscHVtcHMuanBnIiB3aWR0aD0iMzIwIj48L3RkPgo8L3RyPgo8dHI+Cjx0ZD48aW1nIHNyYz0iaHR0cDovL2ltYWdlLnJha3V0ZW4uY28uanAvb3V0bGV0c2hvZXMvY2FiaW5ldC9ldmVudC9zcF9iX3N1bW1lci5qcGciIHdpZHRoPSIzMjAiPjwvdGQ+Cjx0ZD48aW1nIHNyYz0iaHR0cDovL2ltYWdlLnJha3V0ZW4uY28uanAvb3V0bGV0c2hvZXMvY2FiaW5ldC9ldmVudC9zcF9iX3NlbGVjdDI0LmpwZyIgd2lkdGg9IjMyMCI+PC90ZD4KPC90cj4KPC90YWJsZT4=,44Od44Kk44Oz44OG44OD44OJ44OI44KlIOODkeODs+ODl+OCuSDnl5vjgY/jgarjgYQg44Os44OH44Kj44O844K5IOm7kiDntZDlqZrlvI8g5q2p44GN44KE44GZ44GEIOODj+OCpOODkuODvOODqyDjg5Xjgqnjg7zjg57jg6sg576O6ISa44OR44Oz44OX44K5IOeWsuOCjOOBquOBhCDjg6rjgq/jg6vjg7zjg4ggfCAg44Od44Kk44Oz44OG44OD44OJIOmdtCDjg5Hjg7zjg4bjgqMg44OR44O844OG44Kj44O8IOOCq+ODoiDjgqvjg6Ljg5Xjg6kg44Kr44Oi44OV44Op44O844K444OlIOODrOOCquODkeODvOODiSDjg5Ljg6fjgqbmn4Qg44Ki44Km44OI44Os44OD44OI44K344Ol44O844K644GK6LK344GE54mp44Oe44Op44K944OzIOODnuODqeOCveODs++8muOCouOCpuODiOODrOODg+ODiOOCt+ODpeODvOOCuiBvdXRsZXRzaG9lcw==,6Z2044OR44Oz44OX44K544Ko44K544OR44OJ44Oq44O844Om44K144Oz44OA44Or5aSn44GN44GE44K144Kk44K65aSn44GN44GE6Z205bCP44GV44GE44K144Kk44K644K544OI44Op44OD44OX44OQ44Os44Ko44K344Ol44O844K655eb44GP44Gq44GEMjZjbeODreODvOODkuODvOODq+OCpuOCqOODg+OCuOOCveODvOODqzI3Y23jgq3jg4PjgroyMWNt44Os44OH44Kj44O844K5MjEuNWNt44OV44Op44OD44OI44K344Ol44O844K644Ki44Km44OI44Os44OD44OI44K344Ol44O844K644Od44Kk44Oz44OG44OD44OJ44OI44KlIOODkeODs+ODl+OCuSDnl5vjgY/jgarjgYQg44Os44OH44Kj44O844K5IOm7kiDntZDlqZrlvI8g5q2p44GN44KE44GZ44GEIOODj+OCpOODkuODvOODqyDjg5Xjgqnjg7zjg57jg6sg576O6ISa44OR44Oz44OX44K5IOeWsuOCjOOBquOBhCDjg6rjgq/jg6vjg7zjg4ggfCAg44Od44Kk44Oz44OG44OD44OJIOmdtCDjg5Hjg7zjg4bjgqMg44OR44O844OG44Kj44O8IOOCq+ODoiDjgqvjg6Ljg5Xjg6kg44Kr44Oi44OV44Op44O844K444OlIOODrOOCquODkeODvOODiSDjg5Ljg6fjgqbmn4Qg44Ki44Km44OI44Os44OD44OI44K344Ol44O844K644GK6LK344GE54mp44Oe44Op44K944OzIOODnuODqeOCveODsw==,6Laz5YWD44KS44Ov44Oz44Op44Oz44Kv5LiK44Gu44Kq44K344Oj44Os5oSf44KS5ryU5Ye644GX44Gm44GP44KM44KL44OR44Oz44OX44K544CC44CC44Od44Kk44Oz44OG44OD44OJ44OI44KlIOODkeODs+ODl+OCuSDnl5vjgY/jgarjgYQg44Os44OH44Kj44O844K5IOm7kiDntZDlqZrlvI8g5q2p44GN44KE44GZ44GEIOODj+OCpOODkuODvOODqyDjg5Xjgqnjg7zjg57jg6sg576O6ISa44OR44Oz44OX44K5IOeWsuOCjOOBquOBhCDjg6rjgq/jg6vjg7zjg4ggfCAg44Od44Kk44Oz44OG44OD44OJIOmdtCDjg5Hjg7zjg4bjgqMg44OR44O844OG44Kj44O8IOOCq+ODoiDjgqvjg6Ljg5Xjg6kg44Kr44Oi44OV44Op44O844K444OlIOODrOOCquODkeODvOODiSDjg5Ljg6fjgqbmn4Qg44Ki44Km44OI44Os44OD44OI44K344Ol44O844K644GK6LK344GE54mp44Oe44Op44K944OzIOODnuODqeOCveODsw==[rn]
