3-47001,aHR0cDovL3RzaG9wLnIxMHMuanAvYXR2LXlvdXJzL2NhYmluZXQvMDA5Nzc2MDMvNzM1MC5qcGc/Zml0aW49NzAwOjcwMA==,MTAyNC4wMDAw,,6LuK55So5ZOB44O744OQ44Kk44Kv55So5ZOBID4g44Kr44O855So5ZOBID4g44Op44Kk44OI44O744Op44Oz44OXID4g44Or44O844Og44Op44Oz44OX,44CQ5bCC55So5bel5YW35LuY44CR44Oe44OE44OAIFJYLTcoRkQzUynlsILnlKhMRUTjg6vjg7zjg6Djg6njg7Pjg5fjgrvjg4Pjg4g=,6auY5ZOB6LOq44GuTEVE44KS5YWoMTblgIvjgoLkvb/nlKjjgZfjgZ/lpKfov6vlipvlsILnlKjoqK3oqIgh,PHN0eWxlIHR5cGU9InRleHQvY3NzIj4KPCEtLSAKYTpob3ZlciB7Cm9wYWNpdHk6MC43OwpmaWx0ZXI6YWxwaGEob3BhY2l0eT03MCk7Ci1tcy1maWx0ZXI6ICJhbHBoYSggb3BhY2l0eT03MCApIjsKfQotLT4KPC9zdHlsZT48bGluayBocmVmPSJodHRwOi8vd3d3LnJha3V0ZW4ubmUuanAvZ29sZC9hdHYteW91cnMvb3Rva3UveW91cnNfc2lkZS5jc3MiIHJlbD0ic3R5bGVzaGVldCIgdHlwZT0idGV4dC9jc3MiPg==,44CQ5bCC55So5bel5YW35LuY44CR44Oe44OE44OAIFJYLTcoRkQzUynlsILnlKhMRUTjg6vjg7zjg6Djg6njg7Pjg5fjgrvjg4Pjg4jvvJpBdXRvIHNob3Ag44Om44Ki44O844K6,SElE44Kt44K744OO44Oz44OH44Kj44K544OB44Oj44O844K4TEVE44Or44O844Og44Op44Oz44OX44OQ44Op44K544OI5LiA5L2T5Z6L44OI44Op44Kk44Kv44O044Kn44Or44OV44Kh44Kk44Ki44Ki44Or44OV44Kh44O844OJ44OO44Ki44O044Kp44Kv44K344O844OX44Oq44Km44K544OP44Kk44Ko44O844K544K544OG44OD44OX44Ov44K044Oz44K744Os44OK44Kq44OH44OD44K744KkSDRIMTFDWC0144CQ5bCC55So5bel5YW35LuY44CR44Oe44OE44OAIFJYLTcoRkQzUynlsILnlKhMRUTjg6vjg7zjg6Djg6njg7Pjg5fjgrvjg4Pjg4g=,6auY5ZOB6LOq44GuTEVE44KS5YWoMTblgIvjgoLkvb/nlKjjgZfjgZ/lpKfov6vlipvlsILnlKjoqK3oqIgh44CC44CQ5bCC55So5bel5YW35LuY44CR44Oe44OE44OAIFJYLTcoRkQzUynlsILnlKhMRUTjg6vjg7zjg6Djg6njg7Pjg5fjgrvjg4Pjg4g=[rn]
3-47002,aHR0cDovL3RzaG9wLnIxMHMuanAvYXR2LXlvdXJzL2NhYmluZXQvMDA5Nzc2MDMvbl9yb29tbHVtcC9rX2N4NV8wMS5qcGc/Zml0aW49NzAwOjcwMA==,NTI2NC4wMDAw,,6LuK55So5ZOB44O744OQ44Kk44Kv55So5ZOBID4g44Kr44O855So5ZOBID4g44Op44Kk44OI44O744Op44Oz44OXID4g44Or44O844Og44Op44Oz44OX,W0tdIOODnuODhOODgCBDWC01IOWwgueUqOioreioiCBMRUQg44Or44O844Og44Op44Oz44OXIOOCu+ODg+ODiCAg44K344Oq44Kz44Oz44CA44K544Oe44O844OI44Kt44O844Kr44OQ44O8IOODl+ODrOOCvOODs+ODiCBNQVpEQSBDWC01IEtF57O744CQ5bCC55So5bel5YW35LuY44CR,44Oe44OE44OAIENYLTXjga7lrqTlhoXjgpLnmb3jgY/mmI7jgovjgY/nhafjgonjgZfjgb7jgZnvvIFtYXpkYSBDWDU=,PHN0eWxlIHR5cGU9InRleHQvY3NzIj4KPCEtLSAKYTpob3ZlciB7Cm9wYWNpdHk6MC43OwpmaWx0ZXI6YWxwaGEob3BhY2l0eT03MCk7Ci1tcy1maWx0ZXI6ICJhbHBoYSggb3BhY2l0eT03MCApIjsKfQotLT4KPC9zdHlsZT48bGluayBocmVmPSJodHRwOi8vd3d3LnJha3V0ZW4ubmUuanAvZ29sZC9hdHYteW91cnMvb3Rva3UveW91cnNfc2lkZS5jc3MiIHJlbD0ic3R5bGVzaGVldCIgdHlwZT0idGV4dC9jc3MiPg==,W0tdIOODnuODhOODgCBDWC01IOWwgueUqOioreioiCBMRUQg44Or44O844Og44Op44Oz44OXIOOCu+ODg+ODiCAg44K344Oq44Kz44Oz44CA44K544Oe44O844OI44Kt44O844Kr44OQ44O8IOODl+ODrOOCvOODs+ODiCBNQVpEQSBDWC01IEtF57O744CQ5bCC55So5bel5YW35LuY44CR77yaQXV0byBzaG9wIOODpuOCouODvOOCug==,SElE44Kt44K744OO44Oz44OH44Kj44K544OB44Oj44O844K4TEVE44Or44O844Og44Op44Oz44OX44OQ44Op44K544OI5LiA5L2T5Z6L44OI44Op44Kk44Kv44O044Kn44Or44OV44Kh44Kk44Ki44Ki44Or44OV44Kh44O844OJ44OO44Ki44O044Kp44Kv44K344O844OX44Oq44Km44K544OP44Kk44Ko44O844K544K544OG44OD44OX44Ov44K044Oz44K744Os44OK44Kq44OH44OD44K744KkSDRIMTFDWC01W0tdIOODnuODhOODgCBDWC01IOWwgueUqOioreioiCBMRUQg44Or44O844Og44Op44Oz44OXIOOCu+ODg+ODiCAg44K344Oq44Kz44Oz44CA44K544Oe44O844OI44Kt44O844Kr44OQ44O8IOODl+ODrOOCvOODs+ODiCBNQVpEQSBDWC01IEtF57O744CQ5bCC55So5bel5YW35LuY44CR,44Oe44OE44OAIENYLTXjga7lrqTlhoXjgpLnmb3jgY/mmI7jgovjgY/nhafjgonjgZfjgb7jgZnvvIFtYXpkYSBDWDXjgIJbS10g44Oe44OE44OAIENYLTUg5bCC55So6Kit6KiIIExFRCDjg6vjg7zjg6Djg6njg7Pjg5cg44K744OD44OIICDjgrfjg6rjgrPjg7PjgIDjgrnjg57jg7zjg4jjgq3jg7zjgqvjg5Djg7wg44OX44Os44K844Oz44OIIE1BWkRBIENYLTUgS0Xns7vjgJDlsILnlKjlt6Xlhbfku5jjgJE=[rn]
3-47003,aHR0cDovL3RzaG9wLnIxMHMuanAvYXR2LXlvdXJzL2NhYmluZXQvMDA5Nzc2MDMvbl9yb29tbHVtcC95bjgwMi0zNzMzLTAxLmpwZz9maXRpbj03MDA6NzAw,Mzk4NC4wMDAw,,6LuK55So5ZOB44O744OQ44Kk44Kv55So5ZOBID4g44Kr44O855So5ZOBID4g44Op44Kk44OI44O744Op44Oz44OXID4g44Or44O844Og44Op44Oz44OX,5paw5Z6LIOODr+OCtOODs1IgTUg1NVMg44K544OG44Kj44Oz44Kw44Os44O8IE1IMzVTL+ODnuODhOODgCDjg5Xjg6zjgqIgTUo1NVMgTEVE44Or44O844Og44Op44Oz44OX44K744OD44OIIOODq+ODvOODoOODqeODs+ODl+OAgOODr+OCtOODs3Ig44Ov44K044Oz44Ki44O844OrIOODr+OCtOODs1Ljg6vjg7zjg6Djg6njg7Pjg5fjgJDlsILnlKjlt6Xlhbfku5jjgJHjgrnjgrrjgq0g,44K544K644KtIOODr+OCtOODs1Ig44K544OG44Kj44Oz44Kw44Os44O8IExFRCDjg6vjg7zjg6Djg6njg7Pjg5cg44K744OD44OI,PHN0eWxlIHR5cGU9InRleHQvY3NzIj4KPCEtLSAKYTpob3ZlciB7Cm9wYWNpdHk6MC43OwpmaWx0ZXI6YWxwaGEob3BhY2l0eT03MCk7Ci1tcy1maWx0ZXI6ICJhbHBoYSggb3BhY2l0eT03MCApIjsKfQotLT4KPC9zdHlsZT48bGluayBocmVmPSJodHRwOi8vd3d3LnJha3V0ZW4ubmUuanAvZ29sZC9hdHYteW91cnMvb3Rva3UveW91cnNfc2lkZS5jc3MiIHJlbD0ic3R5bGVzaGVldCIgdHlwZT0idGV4dC9jc3MiPg==,5paw5Z6LIOODr+OCtOODs1IgTUg1NVMg44K544OG44Kj44Oz44Kw44Os44O8IE1IMzVTL+ODnuODhOODgCDjg5Xjg6zjgqIgTUo1NVMgTEVE44Or44O844Og44Op44Oz44OX44K744OD44OIIOODq+ODvOODoOODqeODs+ODl+OAgOODr+OCtOODs3Ig44Ov44K044Oz44Ki44O844OrIOODr+OCtOODs1Ljg6vjg7zjg6Djg6njg7Pjg5fjgJDlsILnlKjlt6Xlhbfku5jjgJHjgrnjgrrjgq0g77yaQXV0byBzaG9wIOODpuOCouODvOOCug==,SElE44Kt44K744OO44Oz44OH44Kj44K544OB44Oj44O844K4TEVE44Or44O844Og44Op44Oz44OX44OQ44Op44K544OI5LiA5L2T5Z6L44OI44Op44Kk44Kv44O044Kn44Or44OV44Kh44Kk44Ki44Ki44Or44OV44Kh44O844OJ44OO44Ki44O044Kp44Kv44K344O844OX44Oq44Km44K544OP44Kk44Ko44O844K544K544OG44OD44OX44Ov44K044Oz44K744Os44OK44Kq44OH44OD44K744KkSDRIMTFDWC015paw5Z6LIOODr+OCtOODs1IgTUg1NVMg44K544OG44Kj44Oz44Kw44Os44O8IE1IMzVTL+ODnuODhOODgCDjg5Xjg6zjgqIgTUo1NVMgTEVE44Or44O844Og44Op44Oz44OX44K744OD44OIIOODq+ODvOODoOODqeODs+ODl+OAgOODr+OCtOODs3Ig44Ov44K044Oz44Ki44O844OrIOODr+OCtOODs1Ljg6vjg7zjg6Djg6njg7Pjg5fjgJDlsILnlKjlt6Xlhbfku5jjgJHjgrnjgrrjgq0=,44K544K644KtIOODr+OCtOODs1Ig44K544OG44Kj44Oz44Kw44Os44O8IExFRCDjg6vjg7zjg6Djg6njg7Pjg5cg44K744OD44OI44CC5paw5Z6LIOODr+OCtOODs1IgTUg1NVMg44K544OG44Kj44Oz44Kw44Os44O8IE1IMzVTL+ODnuODhOODgCDjg5Xjg6zjgqIgTUo1NVMgTEVE44Or44O844Og44Op44Oz44OX44K744OD44OIIOODq+ODvOODoOODqeODs+ODl+OAgOODr+OCtOODs3Ig44Ov44K044Oz44Ki44O844OrIOODr+OCtOODs1Ljg6vjg7zjg6Djg6njg7Pjg5fjgJDlsILnlKjlt6Xlhbfku5jjgJHjgrnjgrrjgq0=[rn]
3-47004,aHR0cDovL3RzaG9wLnIxMHMuanAvYXR2LXlvdXJzL2NhYmluZXQvMDA5Nzc2MDMvbl9yb29tbHVtcC9rc29saW9fMDEuanBnP2ZpdGluPTcwMDo3MDA=,NDc4NC4wMDAw,,6LuK55So5ZOB44O744OQ44Kk44Kv55So5ZOBID4g44Kr44O855So5ZOBID4g44Op44Kk44OI44O744Op44Oz44OXID4g44Or44O844Og44Op44Oz44OX,5rib5YWJ6Kq/5pW05LuY44GN5paw55m65aOy77yB77yBIOOCveODquOCqi/jgr3jg6rjgqrjg5Djg7Pjg4fjgqPjg4Pjg4ggTUExNVPjgJDlsILnlKjlt6Xlhbfku5jjgJFTT0xJTyAvIFNPTElPIEJBTkRJVCDou4rnqK7lsILnlKjoqK3oqIjjgIBMRUTjg6vjg7zjg6Djg6njg7Pjg5fjgrvjg4Pjg4gg44K344Oq44Kz44Oz44CA44K544Oe44O844OI44Kt44O844Kr44OQ44O8IOODl+ODrOOCvOODs+ODiCAg44Or44O844Og55CDIOOCq+ODqeODvO+8mue0lOeZveiJsiDpq5jovJ3luqZMRUTmjqHnlKg=,44K944Oq44KqL+OCveODquOCquODkOODs+ODh+OCo+ODg+ODiCBNQTE1U+OAgOWwgueUqExFROODq+ODvOODoOODqeODs+ODl+OCu+ODg+ODiA==,PHN0eWxlIHR5cGU9InRleHQvY3NzIj4KPCEtLSAKYTpob3ZlciB7Cm9wYWNpdHk6MC43OwpmaWx0ZXI6YWxwaGEob3BhY2l0eT03MCk7Ci1tcy1maWx0ZXI6ICJhbHBoYSggb3BhY2l0eT03MCApIjsKfQotLT4KPC9zdHlsZT48bGluayBocmVmPSJodHRwOi8vd3d3LnJha3V0ZW4ubmUuanAvZ29sZC9hdHYteW91cnMvb3Rva3UveW91cnNfc2lkZS5jc3MiIHJlbD0ic3R5bGVzaGVldCIgdHlwZT0idGV4dC9jc3MiPg==,5rib5YWJ6Kq/5pW05LuY44GN5paw55m65aOy77yB77yBIOOCveODquOCqi/jgr3jg6rjgqrjg5Djg7Pjg4fjgqPjg4Pjg4ggTUExNVPjgJDlsILnlKjlt6Xlhbfku5jjgJFTT0xJTyAvIFNPTElPIEJBTkRJVCDou4rnqK7lsILnlKjoqK3oqIjjgIBMRUTjg6vjg7zjg6Djg6njg7Pjg5fjgrvjg4Pjg4gg44K344Oq44Kz44Oz44CA44K544Oe44O844OI44Kt44O844Kr44OQ44O8IOODl+ODrOOCvOODs+ODiCAg44Or44O844Og55CDIOOCq+ODqeODvO+8mue0lOeZveiJsiDpq5jovJ3luqZMRUTmjqHnlKjvvJpBdXRvIHNob3Ag44Om44Ki44O844K6,SElE44Kt44K744OO44Oz44OH44Kj44K544OB44Oj44O844K4TEVE44Or44O844Og44Op44Oz44OX44OQ44Op44K544OI5LiA5L2T5Z6L44OI44Op44Kk44Kv44O044Kn44Or44OV44Kh44Kk44Ki44Ki44Or44OV44Kh44O844OJ44OO44Ki44O044Kp44Kv44K344O844OX44Oq44Km44K544OP44Kk44Ko44O844K544K544OG44OD44OX44Ov44K044Oz44K744Os44OK44Kq44OH44OD44K744KkSDRIMTFDWC015rib5YWJ6Kq/5pW05LuY44GN5paw55m65aOy77yB77yBIOOCveODquOCqi/jgr3jg6rjgqrjg5Djg7Pjg4fjgqPjg4Pjg4ggTUExNVPjgJDlsILnlKjlt6Xlhbfku5jjgJFTT0xJTyAvIFNPTElPIEJBTkRJVCDou4rnqK7lsILnlKjoqK3oqIjjgIBMRUTjg6vjg7zjg6Djg6njg7Pjg5fjgrvjg4Pjg4gg44K344Oq44Kz44Oz44CA44K544Oe44O844OI44Kt44O844Kr44OQ44O8IOODl+ODrOOCvOODs+ODiCAg44Or44O844Og55CDIOOCq+ODqeODvO+8mue0lOeZveiJsiDpq5jovJ3luqZMRUTmjqHnlKg=,44K944Oq44KqL+OCveODquOCquODkOODs+ODh+OCo+ODg+ODiCBNQTE1U+OAgOWwgueUqExFROODq+ODvOODoOODqeODs+ODl+OCu+ODg+ODiOOAgua4m+WFieiqv+aVtOS7mOOBjeaWsOeZuuWjsu+8ge+8gSDjgr3jg6rjgqov44K944Oq44Kq44OQ44Oz44OH44Kj44OD44OIIE1BMTVT44CQ5bCC55So5bel5YW35LuY44CRU09MSU8gLyBTT0xJTyBCQU5ESVQg6LuK56iu5bCC55So6Kit6KiI44CATEVE44Or44O844Og44Op44Oz44OX44K744OD44OIIOOCt+ODquOCs+ODs+OAgOOCueODnuODvOODiOOCreODvOOCq+ODkOODvCDjg5fjg6zjgrzjg7Pjg4ggIOODq+ODvOODoOeQgyDjgqvjg6njg7zvvJrntJTnmb3oibIg6auY6Lyd5bqmTEVE5o6h55So[rn]
3-47005,aHR0cDovL3RzaG9wLnIxMHMuanAvYXR2LXlvdXJzL2NhYmluZXQvMDA5Nzc2MDMvbl9yb29tbHVtcC9rc29saW9fYl8wMS5qcGc/Zml0aW49NzAwOjcwMA==,Mzk4NC4wMDAw,,6LuK55So5ZOB44O744OQ44Kk44Kv55So5ZOBID4g44Kr44O855So5ZOBID4g44Op44Kk44OI44O744Op44Oz44OXID4g44Or44O844Og44Op44Oz44OX,5paw5Z6LIOOCveODquOCqi/jgr3jg6rjgqrjg5Djg7Pjg4fjgqPjg4Pjg4ggTUEyNlMgTUEzNlPjgJDlsILnlKjlt6Xlhbfku5jjgJFTT0xJTyAvIFNPTElPIEJBTkRJVCDou4rnqK7lsILnlKjoqK3oqIjjgIBMRUTjg6vjg7zjg6Djg6njg7Pjg5fjgrvjg4Pjg4gg44Or44O844Og55CDIOOCq+ODqeODvO+8mue0lOeZveiJsiDpq5jovJ3luqZMRUTmjqHnlKgg5a6k5YaF54GvIOmAgeaWmeeEoeaWmSDjg6bjgqLjg7zjgro=,44K944Oq44KqL+ODkOODs+ODh+OCo+ODg+ODiCBNQTI2UyBNQTM2U+OAgOWwgueUqExFROODq+ODvOODoOODqeODs+ODl+OCu+ODg+ODiA==,PHN0eWxlIHR5cGU9InRleHQvY3NzIj4KPCEtLSAKYTpob3ZlciB7Cm9wYWNpdHk6MC43OwpmaWx0ZXI6YWxwaGEob3BhY2l0eT03MCk7Ci1tcy1maWx0ZXI6ICJhbHBoYSggb3BhY2l0eT03MCApIjsKfQotLT4KPC9zdHlsZT48bGluayBocmVmPSJodHRwOi8vd3d3LnJha3V0ZW4ubmUuanAvZ29sZC9hdHYteW91cnMvb3Rva3UveW91cnNfc2lkZS5jc3MiIHJlbD0ic3R5bGVzaGVldCIgdHlwZT0idGV4dC9jc3MiPg==,5paw5Z6LIOOCveODquOCqi/jgr3jg6rjgqrjg5Djg7Pjg4fjgqPjg4Pjg4ggTUEyNlMgTUEzNlPjgJDlsILnlKjlt6Xlhbfku5jjgJFTT0xJTyAvIFNPTElPIEJBTkRJVCDou4rnqK7lsILnlKjoqK3oqIjjgIBMRUTjg6vjg7zjg6Djg6njg7Pjg5fjgrvjg4Pjg4gg44Or44O844Og55CDIOOCq+ODqeODvO+8mue0lOeZveiJsiDpq5jovJ3luqZMRUTmjqHnlKgg5a6k5YaF54GvIOmAgeaWmeeEoeaWmSDjg6bjgqLjg7zjgrrvvJpBdXRvIHNob3Ag44Om44Ki44O844K6,SElE44Kt44K744OO44Oz44OH44Kj44K544OB44Oj44O844K4TEVE44Or44O844Og44Op44Oz44OX44OQ44Op44K544OI5LiA5L2T5Z6L44OI44Op44Kk44Kv44O044Kn44Or44OV44Kh44Kk44Ki44Ki44Or44OV44Kh44O844OJ44OO44Ki44O044Kp44Kv44K344O844OX44Oq44Km44K544OP44Kk44Ko44O844K544K544OG44OD44OX44Ov44K044Oz44K744Os44OK44Kq44OH44OD44K744KkSDRIMTFDWC015paw5Z6LIOOCveODquOCqi/jgr3jg6rjgqrjg5Djg7Pjg4fjgqPjg4Pjg4ggTUEyNlMgTUEzNlPjgJDlsILnlKjlt6Xlhbfku5jjgJFTT0xJTyAvIFNPTElPIEJBTkRJVCDou4rnqK7lsILnlKjoqK3oqIjjgIBMRUTjg6vjg7zjg6Djg6njg7Pjg5fjgrvjg4Pjg4gg44Or44O844Og55CDIOOCq+ODqeODvO+8mue0lOeZveiJsiDpq5jovJ3luqZMRUTmjqHnlKgg5a6k5YaF54GvIOmAgeaWmeeEoeaWmSDjg6bjgqLjg7zjgro=,44K944Oq44KqL+ODkOODs+ODh+OCo+ODg+ODiCBNQTI2UyBNQTM2U+OAgOWwgueUqExFROODq+ODvOODoOODqeODs+ODl+OCu+ODg+ODiOOAguaWsOWeiyDjgr3jg6rjgqov44K944Oq44Kq44OQ44Oz44OH44Kj44OD44OIIE1BMjZTIE1BMzZT44CQ5bCC55So5bel5YW35LuY44CRU09MSU8gLyBTT0xJTyBCQU5ESVQg6LuK56iu5bCC55So6Kit6KiI44CATEVE44Or44O844Og44Op44Oz44OX44K744OD44OIIOODq+ODvOODoOeQgyDjgqvjg6njg7zvvJrntJTnmb3oibIg6auY6Lyd5bqmTEVE5o6h55SoIOWupOWGheeBryDpgIHmlpnnhKHmlpkg44Om44Ki44O844K6[rn]
3-47006,aHR0cDovL3RzaG9wLnIxMHMuanAvYXR2LXlvdXJzL2NhYmluZXQvMDA5Nzc2MDMvbl9yb29tbHVtcC9rMjAxN19zd2lmdF8wMS5qcGc/Zml0aW49NzAwOjcwMA==,MjcwNC4wMDAw,,6LuK55So5ZOB44O744OQ44Kk44Kv55So5ZOBID4g44Kr44O855So5ZOBID4g44Op44Kk44OI44O744Op44Oz44OXID4g44Or44O844Og44Op44Oz44OX,44K544Kk44OV44OIIFpDMTMgWkM4MyBaQzUzIFpENTMg6LuK56iu5bCC55So6Kit6KiI44CATEVE44Or44O844Og44Op44Oz44OX44K744OD44OIIOODq+ODvOODoOeQgyDjgqvjg6njg7zvvJrntJTnmb3oibIg6auY6Lyd5bqmTEVE5o6h55SoIOWupOWGheeBryDpgIHmlpnnhKHmlpkg44Om44Ki44O844K6IOa4m+WFieiqv+aVtOS7mOOBjeaWsOeZuuWjsu+8ge+8geOAkOWwgueUqOW3peWFt+S7mOOAkQ==,44K544Kk44OV44OIIFpDMTMgWkM4MyBaQzUzIFpENTPjgIDou4rnqK7lsILnlKggTEVE44Or44O844Og44Op44Oz44OX44K744OD44OI,PHN0eWxlIHR5cGU9InRleHQvY3NzIj4KPCEtLSAKYTpob3ZlciB7Cm9wYWNpdHk6MC43OwpmaWx0ZXI6YWxwaGEob3BhY2l0eT03MCk7Ci1tcy1maWx0ZXI6ICJhbHBoYSggb3BhY2l0eT03MCApIjsKfQotLT4KPC9zdHlsZT48bGluayBocmVmPSJodHRwOi8vd3d3LnJha3V0ZW4ubmUuanAvZ29sZC9hdHYteW91cnMvb3Rva3UveW91cnNfc2lkZS5jc3MiIHJlbD0ic3R5bGVzaGVldCIgdHlwZT0idGV4dC9jc3MiPg==,44K544Kk44OV44OIIFpDMTMgWkM4MyBaQzUzIFpENTMg6LuK56iu5bCC55So6Kit6KiI44CATEVE44Or44O844Og44Op44Oz44OX44K744OD44OIIOODq+ODvOODoOeQgyDjgqvjg6njg7zvvJrntJTnmb3oibIg6auY6Lyd5bqmTEVE5o6h55SoIOWupOWGheeBryDpgIHmlpnnhKHmlpkg44Om44Ki44O844K6IOa4m+WFieiqv+aVtOS7mOOBjeaWsOeZuuWjsu+8ge+8geOAkOWwgueUqOW3peWFt+S7mOOAke+8mkF1dG8gc2hvcCDjg6bjgqLjg7zjgro=,SElE44Kt44K744OO44Oz44OH44Kj44K544OB44Oj44O844K4TEVE44Or44O844Og44Op44Oz44OX44OQ44Op44K544OI5LiA5L2T5Z6L44OI44Op44Kk44Kv44O044Kn44Or44OV44Kh44Kk44Ki44Ki44Or44OV44Kh44O844OJ44OO44Ki44O044Kp44Kv44K344O844OX44Oq44Km44K544OP44Kk44Ko44O844K544K544OG44OD44OX44Ov44K044Oz44K744Os44OK44Kq44OH44OD44K744KkSDRIMTFDWC0144K544Kk44OV44OIIFpDMTMgWkM4MyBaQzUzIFpENTMg6LuK56iu5bCC55So6Kit6KiI44CATEVE44Or44O844Og44Op44Oz44OX44K744OD44OIIOODq+ODvOODoOeQgyDjgqvjg6njg7zvvJrntJTnmb3oibIg6auY6Lyd5bqmTEVE5o6h55SoIOWupOWGheeBryDpgIHmlpnnhKHmlpkg44Om44Ki44O844K6IOa4m+WFieiqv+aVtOS7mOOBjeaWsOeZuuWjsu+8ge+8geOAkOWwgueUqOW3peWFt+S7mOOAkQ==,44K544Kk44OV44OIIFpDMTMgWkM4MyBaQzUzIFpENTPjgIDou4rnqK7lsILnlKggTEVE44Or44O844Og44Op44Oz44OX44K744OD44OI44CC44K544Kk44OV44OIIFpDMTMgWkM4MyBaQzUzIFpENTMg6LuK56iu5bCC55So6Kit6KiI44CATEVE44Or44O844Og44Op44Oz44OX44K744OD44OIIOODq+ODvOODoOeQgyDjgqvjg6njg7zvvJrntJTnmb3oibIg6auY6Lyd5bqmTEVE5o6h55SoIOWupOWGheeBryDpgIHmlpnnhKHmlpkg44Om44Ki44O844K6IOa4m+WFieiqv+aVtOS7mOOBjeaWsOeZuuWjsu+8ge+8geOAkOWwgueUqOW3peWFt+S7mOOAkQ==[rn]
3-47007,aHR0cDovL3RzaG9wLnIxMHMuanAvYXR2LXlvdXJzL2NhYmluZXQvMDA5Nzc2MDMvbl9yb29tbHVtcC9raWduaXNfMDEuanBnP2ZpdGluPTcwMDo3MDA=,MjcwNC4wMDAw,,6LuK55So5ZOB44O744OQ44Kk44Kv55So5ZOBID4g44Kr44O855So5ZOBID4g44Op44Kk44OI44O744Op44Oz44OXID4g44Or44O844Og44Op44Oz44OX,44Kk44Kw44OL44K5IEZGMjFT44CQ5bCC55So5bel5YW35LuY44CRSUdOSVMg6LuK56iu5bCC55So6Kit6KiI44CATEVE44Or44O844Og44Op44Oz44OX44K744OD44OIIOODq+ODvOODoOeQgyDjgqvjg6njg7zvvJrntJTnmb3oibIg6auY6Lyd5bqmTEVE5o6h55SoIOWupOWGheeBryDpgIHmlpnnhKHmlpkg44Om44Ki44O844K644CA5rib5YWJ6Kq/5pW05LuY44GN5paw55m65aOy77yB77yB,44Kk44Kw44OL44K5IEZGMjFT44CA6LuK56iu5bCC55SoIExFROODq+ODvOODoOODqeODs+ODl+OCu+ODg+ODiA==,PHN0eWxlIHR5cGU9InRleHQvY3NzIj4KPCEtLSAKYTpob3ZlciB7Cm9wYWNpdHk6MC43OwpmaWx0ZXI6YWxwaGEob3BhY2l0eT03MCk7Ci1tcy1maWx0ZXI6ICJhbHBoYSggb3BhY2l0eT03MCApIjsKfQotLT4KPC9zdHlsZT48bGluayBocmVmPSJodHRwOi8vd3d3LnJha3V0ZW4ubmUuanAvZ29sZC9hdHYteW91cnMvb3Rva3UveW91cnNfc2lkZS5jc3MiIHJlbD0ic3R5bGVzaGVldCIgdHlwZT0idGV4dC9jc3MiPg==,44Kk44Kw44OL44K5IEZGMjFT44CQ5bCC55So5bel5YW35LuY44CRSUdOSVMg6LuK56iu5bCC55So6Kit6KiI44CATEVE44Or44O844Og44Op44Oz44OX44K744OD44OIIOODq+ODvOODoOeQgyDjgqvjg6njg7zvvJrntJTnmb3oibIg6auY6Lyd5bqmTEVE5o6h55SoIOWupOWGheeBryDpgIHmlpnnhKHmlpkg44Om44Ki44O844K644CA5rib5YWJ6Kq/5pW05LuY44GN5paw55m65aOy77yB77yB77yaQXV0byBzaG9wIOODpuOCouODvOOCug==,SElE44Kt44K744OO44Oz44OH44Kj44K544OB44Oj44O844K4TEVE44Or44O844Og44Op44Oz44OX44OQ44Op44K544OI5LiA5L2T5Z6L44OI44Op44Kk44Kv44O044Kn44Or44OV44Kh44Kk44Ki44Ki44Or44OV44Kh44O844OJ44OO44Ki44O044Kp44Kv44K344O844OX44Oq44Km44K544OP44Kk44Ko44O844K544K544OG44OD44OX44Ov44K044Oz44K744Os44OK44Kq44OH44OD44K744KkSDRIMTFDWC0144Kk44Kw44OL44K5IEZGMjFT44CQ5bCC55So5bel5YW35LuY44CRSUdOSVMg6LuK56iu5bCC55So6Kit6KiI44CATEVE44Or44O844Og44Op44Oz44OX44K744OD44OIIOODq+ODvOODoOeQgyDjgqvjg6njg7zvvJrntJTnmb3oibIg6auY6Lyd5bqmTEVE5o6h55SoIOWupOWGheeBryDpgIHmlpnnhKHmlpkg44Om44Ki44O844K644CA5rib5YWJ6Kq/5pW05LuY44GN5paw55m65aOy77yB77yB,44Kk44Kw44OL44K5IEZGMjFT44CA6LuK56iu5bCC55SoIExFROODq+ODvOODoOODqeODs+ODl+OCu+ODg+ODiOOAguOCpOOCsOODi+OCuSBGRjIxU+OAkOWwgueUqOW3peWFt+S7mOOAkUlHTklTIOi7iueoruWwgueUqOioreioiOOAgExFROODq+ODvOODoOODqeODs+ODl+OCu+ODg+ODiCDjg6vjg7zjg6DnkIMg44Kr44Op44O877ya57SU55m96ImyIOmrmOi8neW6pkxFROaOoeeUqCDlrqTlhoXnga8g6YCB5paZ54Sh5paZIOODpuOCouODvOOCuuOAgOa4m+WFieiqv+aVtOS7mOOBjeaWsOeZuuWjsu+8ge+8gQ==[rn]
3-47008,aHR0cDovL3RzaG9wLnIxMHMuanAvYXR2LXlvdXJzL2NhYmluZXQvMDA5Nzc2MDMvbl9yb29tbHVtcC9tb3ZlX2NhbmJ1c18wMS5qcGc/Zml0aW49NzAwOjcwMA==,Mjg4MC4wMDAw,,6LuK55So5ZOB44O744OQ44Kk44Kv55So5ZOBID4g44Kr44O855So5ZOBID4g44Op44Kk44OI44O744Op44Oz44OXID4g44Or44O844Og44Op44Oz44OX,44Og44O844O0IOOCreODo+ODs+ODkOOCuSBMQTgwMC9MQTgxMCDmlrDlnosgIE1PVkUgQ0FOQlVTIOWwgueUqOioreioiCBMRUQg44Or44O844Og44Op44Oz44OXIOOCu+ODg+ODiCDlrqTlhoXnga8g44Kk44Oz44OG44Oq44Ki44CA44OJ44Os44K544Ki44OD44OX44OR44O844OEIExFRCDou4rkuK3ms4rjgJDlsILnlKjlt6Xlhbfku5jjgJHpgIHmlpnnhKHmlpk=,44Og44O844O0IOOCreODo+ODs+ODkOOCuSAg5bCC55So6Kit6KiIIExFRCDjg6vjg7zjg6Djg6njg7Pjg5cg44K744OD44OI,PHN0eWxlIHR5cGU9InRleHQvY3NzIj4KPCEtLSAKYTpob3ZlciB7Cm9wYWNpdHk6MC43OwpmaWx0ZXI6YWxwaGEob3BhY2l0eT03MCk7Ci1tcy1maWx0ZXI6ICJhbHBoYSggb3BhY2l0eT03MCApIjsKfQotLT4KPC9zdHlsZT48bGluayBocmVmPSJodHRwOi8vd3d3LnJha3V0ZW4ubmUuanAvZ29sZC9hdHYteW91cnMvb3Rva3UveW91cnNfc2lkZS5jc3MiIHJlbD0ic3R5bGVzaGVldCIgdHlwZT0idGV4dC9jc3MiPg==,44Og44O844O0IOOCreODo+ODs+ODkOOCuSBMQTgwMC9MQTgxMCDmlrDlnosgIE1PVkUgQ0FOQlVTIOWwgueUqOioreioiCBMRUQg44Or44O844Og44Op44Oz44OXIOOCu+ODg+ODiCDlrqTlhoXnga8g44Kk44Oz44OG44Oq44Ki44CA44OJ44Os44K544Ki44OD44OX44OR44O844OEIExFRCDou4rkuK3ms4rjgJDlsILnlKjlt6Xlhbfku5jjgJHpgIHmlpnnhKHmlpnvvJpBdXRvIHNob3Ag44Om44Ki44O844K6,SElE44Kt44K744OO44Oz44OH44Kj44K544OB44Oj44O844K4TEVE44Or44O844Og44Op44Oz44OX44OQ44Op44K544OI5LiA5L2T5Z6L44OI44Op44Kk44Kv44O044Kn44Or44OV44Kh44Kk44Ki44Ki44Or44OV44Kh44O844OJ44OO44Ki44O044Kp44Kv44K344O844OX44Oq44Km44K544OP44Kk44Ko44O844K544K544OG44OD44OX44Ov44K044Oz44K744Os44OK44Kq44OH44OD44K744KkSDRIMTFDWC0144Og44O844O0IOOCreODo+ODs+ODkOOCuSBMQTgwMC9MQTgxMCDmlrDlnosgIE1PVkUgQ0FOQlVTIOWwgueUqOioreioiCBMRUQg44Or44O844Og44Op44Oz44OXIOOCu+ODg+ODiCDlrqTlhoXnga8g44Kk44Oz44OG44Oq44Ki44CA44OJ44Os44K544Ki44OD44OX44OR44O844OEIExFRCDou4rkuK3ms4rjgJDlsILnlKjlt6Xlhbfku5jjgJHpgIHmlpnnhKHmlpk=,44Og44O844O0IOOCreODo+ODs+ODkOOCuSAg5bCC55So6Kit6KiIIExFRCDjg6vjg7zjg6Djg6njg7Pjg5cg44K744OD44OI44CC44Og44O844O0IOOCreODo+ODs+ODkOOCuSBMQTgwMC9MQTgxMCDmlrDlnosgIE1PVkUgQ0FOQlVTIOWwgueUqOioreioiCBMRUQg44Or44O844Og44Op44Oz44OXIOOCu+ODg+ODiCDlrqTlhoXnga8g44Kk44Oz44OG44Oq44Ki44CA44OJ44Os44K544Ki44OD44OX44OR44O844OEIExFRCDou4rkuK3ms4rjgJDlsILnlKjlt6Xlhbfku5jjgJHpgIHmlpnnhKHmlpk=[rn]
3-47009,aHR0cDovL3RzaG9wLnIxMHMuanAvYXR2LXlvdXJzL2NhYmluZXQvMDA5Nzc2MDMvbmV3X3Jvb21sdW1wL21yX3dhZ29uX3dpdF8wMS5qcGc/Zml0aW49NzAwOjcwMA==,MzY2NC4wMDAw,,6LuK55So5ZOB44O744OQ44Kk44Kv55So5ZOBID4g44Kr44O855So5ZOBID4g44Op44Kk44OI44O744Op44Oz44OXID4g44Or44O844Og44Op44Oz44OX,44CQ5bCC55So5bel5YW35LuY44CR44K544K644KtIE1S44Ov44K044OzLyBNUuODr+OCtOODsyBXaXQgKE1GMjJTKShNRjMzUynpganlkIgg6LuK56iu5bCC55So6Kit6KiI44CATEVE44Or44O844Og44Op44Oz44OX44K744OD44OI44CA44Or44O844Og55CD,57SU5q2j44OQ44Or44OW44KS5aSW44GX44CB5Lqk5o+b44GZ44KL44Gg44GR44Gu57Ch5Y2Y5Y+W5LuY77yB,PHN0eWxlIHR5cGU9InRleHQvY3NzIj4KPCEtLSAKYTpob3ZlciB7Cm9wYWNpdHk6MC43OwpmaWx0ZXI6YWxwaGEob3BhY2l0eT03MCk7Ci1tcy1maWx0ZXI6ICJhbHBoYSggb3BhY2l0eT03MCApIjsKfQotLT4KPC9zdHlsZT48bGluayBocmVmPSJodHRwOi8vd3d3LnJha3V0ZW4ubmUuanAvZ29sZC9hdHYteW91cnMvb3Rva3UveW91cnNfc2lkZS5jc3MiIHJlbD0ic3R5bGVzaGVldCIgdHlwZT0idGV4dC9jc3MiPg==,44CQ5bCC55So5bel5YW35LuY44CR44K544K644KtIE1S44Ov44K044OzLyBNUuODr+OCtOODsyBXaXQgKE1GMjJTKShNRjMzUynpganlkIgg6LuK56iu5bCC55So6Kit6KiI44CATEVE44Or44O844Og44Op44Oz44OX44K744OD44OI44CA44Or44O844Og55CD77yaQXV0byBzaG9wIOODpuOCouODvOOCug==,SElE44Kt44K744OO44Oz44OH44Kj44K544OB44Oj44O844K4TEVE44Or44O844Og44Op44Oz44OX44OQ44Op44K544OI5LiA5L2T5Z6L44OI44Op44Kk44Kv44O044Kn44Or44OV44Kh44Kk44Ki44Ki44Or44OV44Kh44O844OJ44OO44Ki44O044Kp44Kv44K344O844OX44Oq44Km44K544OP44Kk44Ko44O844K544K544OG44OD44OX44Ov44K044Oz44K744Os44OK44Kq44OH44OD44K744KkSDRIMTFDWC0144CQ5bCC55So5bel5YW35LuY44CR44K544K644KtIE1S44Ov44K044OzLyBNUuODr+OCtOODsyBXaXQgKE1GMjJTKShNRjMzUynpganlkIgg6LuK56iu5bCC55So6Kit6KiI44CATEVE44Or44O844Og44Op44Oz44OX44K744OD44OI44CA44Or44O844Og55CD,57SU5q2j44OQ44Or44OW44KS5aSW44GX44CB5Lqk5o+b44GZ44KL44Gg44GR44Gu57Ch5Y2Y5Y+W5LuY77yB44CC44CQ5bCC55So5bel5YW35LuY44CR44K544K644KtIE1S44Ov44K044OzLyBNUuODr+OCtOODsyBXaXQgKE1GMjJTKShNRjMzUynpganlkIgg6LuK56iu5bCC55So6Kit6KiI44CATEVE44Or44O844Og44Op44Oz44OX44K744OD44OI44CA44Or44O844Og55CD[rn]
3-47010,aHR0cDovL3RzaG9wLnIxMHMuanAvYXR2LXlvdXJzL2NhYmluZXQvMDA5Nzc2MDMvbl9yb29tbHVtcC9ib29uXzAxLmpwZz9maXRpbj03MDA6NzAw,MTk4NC4wMDAw,,6LuK55So5ZOB44O744OQ44Kk44Kv55So5ZOBID4g44Kr44O855So5ZOBID4g44Op44Kk44OI44O744Op44Oz44OXID4g44Or44O844Og44Op44Oz44OX,44OW44O844OzL+ODluODvOODsyDjgrfjg6vjgq8gTTcwMC9NNzEwIOaWsOWeiyAgQk9PTiDlsILnlKjoqK3oqIggTEVEIOODq+ODvOODoOODqeODs+ODlyDjgrvjg4Pjg4gg5a6k5YaF54GvIOOCpOODs+ODhuODquOCouOAgOODieODrOOCueOCouODg+ODl+ODkeODvOODhCBMRUQg6LuK5Lit5rOK44CQ5bCC55So5bel5YW35LuY44CR6YCB5paZ54Sh5paZ,44OW44O844OzL+ODluODvOODsyDjgrfjg6vjgq8gIOWwgueUqOioreioiCBMRUQg44Or44O844Og44Op44Oz44OXIOOCu+ODg+ODiA==,PHN0eWxlIHR5cGU9InRleHQvY3NzIj4KPCEtLSAKYTpob3ZlciB7Cm9wYWNpdHk6MC43OwpmaWx0ZXI6YWxwaGEob3BhY2l0eT03MCk7Ci1tcy1maWx0ZXI6ICJhbHBoYSggb3BhY2l0eT03MCApIjsKfQotLT4KPC9zdHlsZT48bGluayBocmVmPSJodHRwOi8vd3d3LnJha3V0ZW4ubmUuanAvZ29sZC9hdHYteW91cnMvb3Rva3UveW91cnNfc2lkZS5jc3MiIHJlbD0ic3R5bGVzaGVldCIgdHlwZT0idGV4dC9jc3MiPg==,44OW44O844OzL+ODluODvOODsyDjgrfjg6vjgq8gTTcwMC9NNzEwIOaWsOWeiyAgQk9PTiDlsILnlKjoqK3oqIggTEVEIOODq+ODvOODoOODqeODs+ODlyDjgrvjg4Pjg4gg5a6k5YaF54GvIOOCpOODs+ODhuODquOCouOAgOODieODrOOCueOCouODg+ODl+ODkeODvOODhCBMRUQg6LuK5Lit5rOK44CQ5bCC55So5bel5YW35LuY44CR6YCB5paZ54Sh5paZ77yaQXV0byBzaG9wIOODpuOCouODvOOCug==,SElE44Kt44K744OO44Oz44OH44Kj44K544OB44Oj44O844K4TEVE44Or44O844Og44Op44Oz44OX44OQ44Op44K544OI5LiA5L2T5Z6L44OI44Op44Kk44Kv44O044Kn44Or44OV44Kh44Kk44Ki44Ki44Or44OV44Kh44O844OJ44OO44Ki44O044Kp44Kv44K344O844OX44Oq44Km44K544OP44Kk44Ko44O844K544K544OG44OD44OX44Ov44K044Oz44K744Os44OK44Kq44OH44OD44K744KkSDRIMTFDWC0144OW44O844OzL+ODluODvOODsyDjgrfjg6vjgq8gTTcwMC9NNzEwIOaWsOWeiyAgQk9PTiDlsILnlKjoqK3oqIggTEVEIOODq+ODvOODoOODqeODs+ODlyDjgrvjg4Pjg4gg5a6k5YaF54GvIOOCpOODs+ODhuODquOCouOAgOODieODrOOCueOCouODg+ODl+ODkeODvOODhCBMRUQg6LuK5Lit5rOK44CQ5bCC55So5bel5YW35LuY44CR6YCB5paZ54Sh5paZ,44OW44O844OzL+ODluODvOODsyDjgrfjg6vjgq8gIOWwgueUqOioreioiCBMRUQg44Or44O844Og44Op44Oz44OXIOOCu+ODg+ODiOOAguODluODvOODsy/jg5bjg7zjg7Mg44K344Or44KvIE03MDAvTTcxMCDmlrDlnosgIEJPT04g5bCC55So6Kit6KiIIExFRCDjg6vjg7zjg6Djg6njg7Pjg5cg44K744OD44OIIOWupOWGheeBryDjgqTjg7Pjg4bjg6rjgqLjgIDjg4njg6zjgrnjgqLjg4Pjg5fjg5Hjg7zjg4QgTEVEIOi7iuS4reaziuOAkOWwgueUqOW3peWFt+S7mOOAkemAgeaWmeeEoeaWmQ==[rn]
3-47011,aHR0cDovL3RzaG9wLnIxMHMuanAvYXR2LXlvdXJzL2NhYmluZXQvMDA5Nzc2MDMvbl9yb29tbHVtcC9ud2FrZV8wMS5qcGc/Zml0aW49NzAwOjcwMA==,MzE4NC4wMDAw,,6LuK55So5ZOB44O744OQ44Kk44Kv55So5ZOBID4g44Kr44O855So5ZOBID4g44Op44Kk44OI44O744Op44Oz44OXID4g44Or44O844Og44Op44Oz44OX,44Km44Kn44Kk44KvIOWJjeacn+WeiyhIMjYuMTHvvI1IMjguNCnlvozmnJ/lnosoSDI4LjUtKeWwgueUqCDjg4DjgqTjg4/jg4QgV0FLRSDlnovlvI/vvJpMQTcwMCBMQTcxMCDou4rnqK7lsILnlKjoqK3oqIjjgIBMRUTjg6vjg7zjg6Djg6njg7Pjg5fjgrvjg4Pjg4jjgIDjg6vjg7zjg6DnkIMg44Kr44Op44O877ya57SU55m96ImyIOmrmOi8neW6pkxFROaOoeeUqOOAkOWwgueUqOW3peWFt+S7mOOAkemAgeaWmeeEoeaWmQ==,44Km44Kn44Kk44KvIOODgOOCpOODj+ODhCBXQUtFICDlsILnlKjoqK3oqIhMRUTjg6vjg7zjg6Djg6njg7Pjg5fjg5Xjg6vjgrvjg4Pjg4g=,PHN0eWxlIHR5cGU9InRleHQvY3NzIj4KPCEtLSAKYTpob3ZlciB7Cm9wYWNpdHk6MC43OwpmaWx0ZXI6YWxwaGEob3BhY2l0eT03MCk7Ci1tcy1maWx0ZXI6ICJhbHBoYSggb3BhY2l0eT03MCApIjsKfQotLT4KPC9zdHlsZT48bGluayBocmVmPSJodHRwOi8vd3d3LnJha3V0ZW4ubmUuanAvZ29sZC9hdHYteW91cnMvb3Rva3UveW91cnNfc2lkZS5jc3MiIHJlbD0ic3R5bGVzaGVldCIgdHlwZT0idGV4dC9jc3MiPg==,44Km44Kn44Kk44KvIOWJjeacn+WeiyhIMjYuMTEmbWludXM7SDI4LjQp5b6M5pyf5Z6LKEgyOC41LSnlsILnlKgg44OA44Kk44OP44OEIFdBS0Ug5Z6L5byP77yaTEE3MDAgTEE3MTAg6LuK56iu5bCC55So6Kit6KiI44CATEVE44Or44O844Og44Op44Oz44OX44K744OD44OI44CA44Or44O844Og55CDIOOCq+ODqeODvO+8mue0lOeZveiJsiDpq5jovJ3luqZMRUTmjqHnlKjjgJDlsILnlKjlt6Xlhbfku5jjgJHpgIHmlpnnhKHmlpnvvJpBdXRvIHNob3Ag44Om44Ki44O844K6,SElE44Kt44K744OO44Oz44OH44Kj44K544OB44Oj44O844K4TEVE44Or44O844Og44Op44Oz44OX44OQ44Op44K544OI5LiA5L2T5Z6L44OI44Op44Kk44Kv44O044Kn44Or44OV44Kh44Kk44Ki44Ki44Or44OV44Kh44O844OJ44OO44Ki44O044Kp44Kv44K344O844OX44Oq44Km44K544OP44Kk44Ko44O844K544K544OG44OD44OX44Ov44K044Oz44K744Os44OK44Kq44OH44OD44K744KkSDRIMTFDWC0144Km44Kn44Kk44KvIOWJjeacn+WeiyhIMjYuMTEmbWludXM7SDI4LjQp5b6M5pyf5Z6LKEgyOC41LSnlsILnlKgg44OA44Kk44OP44OEIFdBS0Ug5Z6L5byP77yaTEE3MDAgTEE3MTAg6LuK56iu5bCC55So6Kit6KiI44CATEVE44Or44O844Og44Op44Oz44OX44K744OD44OI44CA44Or44O844Og55CDIOOCq+ODqeODvO+8mue0lOeZveiJsiDpq5jovJ3luqZMRUTmjqHnlKjjgJDlsILnlKjlt6Xlhbfku5jjgJHpgIHmlpnnhKHmlpk=,44Km44Kn44Kk44KvIOODgOOCpOODj+ODhCBXQUtFICDlsILnlKjoqK3oqIhMRUTjg6vjg7zjg6Djg6njg7Pjg5fjg5Xjg6vjgrvjg4Pjg4jjgILjgqbjgqfjgqTjgq8g5YmN5pyf5Z6LKEgyNi4xMSZtaW51cztIMjguNCnlvozmnJ/lnosoSDI4LjUtKeWwgueUqCDjg4DjgqTjg4/jg4QgV0FLRSDlnovlvI/vvJpMQTcwMCBMQTcxMCDou4rnqK7lsILnlKjoqK3oqIjjgIBMRUTjg6vjg7zjg6Djg6njg7Pjg5fjgrvjg4Pjg4jjgIDjg6vjg7zjg6DnkIMg44Kr44Op44O877ya57SU55m96ImyIOmrmOi8neW6pkxFROaOoeeUqOOAkOWwgueUqOW3peWFt+S7mOOAkemAgeaWmeeEoeaWmQ==[rn]
3-47012,aHR0cDovL3RzaG9wLnIxMHMuanAvYXR2LXlvdXJzL2NhYmluZXQvMDA5Nzc2MDMvbmV3X3Jvb21sdW1wL21vdmVfY29udGVfMDEuanBnP2ZpdGluPTcwMDo3MDA=,MzE4NC4wMDAw,,6LuK55So5ZOB44O744OQ44Kk44Kv55So5ZOBID4g44Kr44O855So5ZOBID4g44Op44Kk44OI44O744Op44Oz44OXID4g44Or44O844Og44Op44Oz44OX,44Og44O844O044Kz44Oz44OGL+ODoOODvOODtOOCs+ODs+ODhiDjgqvjgrnjgr/jg6AgTDU3NS9MNTg1IOODgOOCpOODj+ODhCDjgJDlsILnlKjlt6Xlhbfku5jjgJFNT1ZFIENPTlRFIC8gTU9WRSBDT05URSBDVVNUT00g6LuK56iu5bCC55So6Kit6KiI44CATEVE44Or44O844Og44Op44Oz44OX44K744OD44OI44CA44Or44O844Og55CDIOOCq+ODqeODvO+8mue0lOeZveiJsiDpq5jovJ3luqZMRUTmjqHnlKg=,44Og44O844O044Kz44Oz44OGL+ODoOODvOODtOOCs+ODs+ODhiDjgqvjgrnjgr/jg6AgTDU3NS9MNTg1IExFROODq+ODvOODoOODqeODs+ODlw==,PHN0eWxlIHR5cGU9InRleHQvY3NzIj4KPCEtLSAKYTpob3ZlciB7Cm9wYWNpdHk6MC43OwpmaWx0ZXI6YWxwaGEob3BhY2l0eT03MCk7Ci1tcy1maWx0ZXI6ICJhbHBoYSggb3BhY2l0eT03MCApIjsKfQotLT4KPC9zdHlsZT48bGluayBocmVmPSJodHRwOi8vd3d3LnJha3V0ZW4ubmUuanAvZ29sZC9hdHYteW91cnMvb3Rva3UveW91cnNfc2lkZS5jc3MiIHJlbD0ic3R5bGVzaGVldCIgdHlwZT0idGV4dC9jc3MiPg==,44Og44O844O044Kz44Oz44OGL+ODoOODvOODtOOCs+ODs+ODhiDjgqvjgrnjgr/jg6AgTDU3NS9MNTg1IOODgOOCpOODj+ODhCDjgJDlsILnlKjlt6Xlhbfku5jjgJFNT1ZFIENPTlRFIC8gTU9WRSBDT05URSBDVVNUT00g6LuK56iu5bCC55So6Kit6KiI44CATEVE44Or44O844Og44Op44Oz44OX44K744OD44OI44CA44Or44O844Og55CDIOOCq+ODqeODvO+8mue0lOeZveiJsiDpq5jovJ3luqZMRUTmjqHnlKjvvJpBdXRvIHNob3Ag44Om44Ki44O844K6,SElE44Kt44K744OO44Oz44OH44Kj44K544OB44Oj44O844K4TEVE44Or44O844Og44Op44Oz44OX44OQ44Op44K544OI5LiA5L2T5Z6L44OI44Op44Kk44Kv44O044Kn44Or44OV44Kh44Kk44Ki44Ki44Or44OV44Kh44O844OJ44OO44Ki44O044Kp44Kv44K344O844OX44Oq44Km44K544OP44Kk44Ko44O844K544K544OG44OD44OX44Ov44K044Oz44K744Os44OK44Kq44OH44OD44K744KkSDRIMTFDWC0144Og44O844O044Kz44Oz44OGL+ODoOODvOODtOOCs+ODs+ODhiDjgqvjgrnjgr/jg6AgTDU3NS9MNTg1IOODgOOCpOODj+ODhCDjgJDlsILnlKjlt6Xlhbfku5jjgJFNT1ZFIENPTlRFIC8gTU9WRSBDT05URSBDVVNUT00g6LuK56iu5bCC55So6Kit6KiI44CATEVE44Or44O844Og44Op44Oz44OX44K744OD44OI44CA44Or44O844Og55CDIOOCq+ODqeODvO+8mue0lOeZveiJsiDpq5jovJ3luqZMRUTmjqHnlKg=,44Og44O844O044Kz44Oz44OGL+ODoOODvOODtOOCs+ODs+ODhiDjgqvjgrnjgr/jg6AgTDU3NS9MNTg1IExFROODq+ODvOODoOODqeODs+ODl+OAguODoOODvOODtOOCs+ODs+ODhi/jg6Djg7zjg7TjgrPjg7Pjg4Yg44Kr44K544K/44OgIEw1NzUvTDU4NSDjg4DjgqTjg4/jg4Qg44CQ5bCC55So5bel5YW35LuY44CRTU9WRSBDT05URSAvIE1PVkUgQ09OVEUgQ1VTVE9NIOi7iueoruWwgueUqOioreioiOOAgExFROODq+ODvOODoOODqeODs+ODl+OCu+ODg+ODiOOAgOODq+ODvOODoOeQgyDjgqvjg6njg7zvvJrntJTnmb3oibIg6auY6Lyd5bqmTEVE5o6h55So[rn]
3-47013,aHR0cDovL3RzaG9wLnIxMHMuanAvYXR2LXlvdXJzL2NhYmluZXQvMDA5Nzc2MDMvbmV3X3Jvb21sdW1wL3RhbnRfbDM3NV8zODVfMDAxLmpwZz9maXRpbj03MDA6NzAw,MzE4NC4wMDAw,,6LuK55So5ZOB44O744OQ44Kk44Kv55So5ZOBID4g44Kr44O855So5ZOBID4g44Op44Kk44OI44O744Op44Oz44OXID4g44Or44O844Og44Op44Oz44OX,44CQ5bCC55So5bel5YW35LuY44CR44OA44Kk44OP44OEIOOCv+ODs+ODiCBMMzc1L0wzODUg5bCC55SoTEVE44Or44O844Og44Op44Oz44OX44K744OD44OI4piG,5paw55m65aOyIemrmOWTgeizquOBrkxFROOCkuOBteOCk+OBoOOCk+OBq+S9v+eUqOOBl+OBn+Wkp+i/q+WKm+WwgueUqOioreioiCE=,PHN0eWxlIHR5cGU9InRleHQvY3NzIj4KPCEtLSAKYTpob3ZlciB7Cm9wYWNpdHk6MC43OwpmaWx0ZXI6YWxwaGEob3BhY2l0eT03MCk7Ci1tcy1maWx0ZXI6ICJhbHBoYSggb3BhY2l0eT03MCApIjsKfQotLT4KPC9zdHlsZT48bGluayBocmVmPSJodHRwOi8vd3d3LnJha3V0ZW4ubmUuanAvZ29sZC9hdHYteW91cnMvb3Rva3UveW91cnNfc2lkZS5jc3MiIHJlbD0ic3R5bGVzaGVldCIgdHlwZT0idGV4dC9jc3MiPg==,44CQ5bCC55So5bel5YW35LuY44CR44OA44Kk44OP44OEIOOCv+ODs+ODiCBMMzc1L0wzODUg5bCC55SoTEVE44Or44O844Og44Op44Oz44OX44K744OD44OI4piG77yaQXV0byBzaG9wIOODpuOCouODvOOCug==,SElE44Kt44K744OO44Oz44OH44Kj44K544OB44Oj44O844K4TEVE44Or44O844Og44Op44Oz44OX44OQ44Op44K544OI5LiA5L2T5Z6L44OI44Op44Kk44Kv44O044Kn44Or44OV44Kh44Kk44Ki44Ki44Or44OV44Kh44O844OJ44OO44Ki44O044Kp44Kv44K344O844OX44Oq44Km44K544OP44Kk44Ko44O844K544K544OG44OD44OX44Ov44K044Oz44K744Os44OK44Kq44OH44OD44K744KkSDRIMTFDWC0144CQ5bCC55So5bel5YW35LuY44CR44OA44Kk44OP44OEIOOCv+ODs+ODiCBMMzc1L0wzODUg5bCC55SoTEVE44Or44O844Og44Op44Oz44OX44K744OD44OI4piG,5paw55m65aOyIemrmOWTgeizquOBrkxFROOCkuOBteOCk+OBoOOCk+OBq+S9v+eUqOOBl+OBn+Wkp+i/q+WKm+WwgueUqOioreioiCHjgILjgJDlsILnlKjlt6Xlhbfku5jjgJHjg4DjgqTjg4/jg4Qg44K/44Oz44OIIEwzNzUvTDM4NSDlsILnlKhMRUTjg6vjg7zjg6Djg6njg7Pjg5fjgrvjg4Pjg4jimIY=[rn]
3-47014,aHR0cDovL3RzaG9wLnIxMHMuanAvYXR2LXlvdXJzL2NhYmluZXQvMDA5Nzc2MDMvbmV3X3Jvb21sdW1wL21vdmVfbGExNTBfMDEuanBnP2ZpdGluPTcwMDo3MDA=,MzQ1Ni4wMDAw,,6LuK55So5ZOB44O744OQ44Kk44Kv55So5ZOBID4g44Kr44O855So5ZOBID4g44Op44Kk44OI44O744Op44Oz44OXID4g44Or44O844Og44Op44Oz44OX,44CQ5bCC55So5bel5YW35LuY44CR44OA44Kk44OP44OEIOaWsOWei+ODoOODvOODtC/jgqvjgrnjgr/jg6AgTEExNTBTL0xBMTYwUyDlsILnlKhMRUTjg6vjg7zjg6Djg6njg7Pjg5fjgrvjg4Pjg4hNT1ZFIENVU1RPTSDimIbjgJBZT1VSU+OCquODquOCuOODiuODq+WwgueUqOioreioiOOAkQ==,TEExNTBTL0xBMTYwUy/jg6Djg7zjg7TlhajjgrDjg6zjg7zjg4npganlkIg=,PHN0eWxlIHR5cGU9InRleHQvY3NzIj4KPCEtLSAKYTpob3ZlciB7Cm9wYWNpdHk6MC43OwpmaWx0ZXI6YWxwaGEob3BhY2l0eT03MCk7Ci1tcy1maWx0ZXI6ICJhbHBoYSggb3BhY2l0eT03MCApIjsKfQotLT4KPC9zdHlsZT48bGluayBocmVmPSJodHRwOi8vd3d3LnJha3V0ZW4ubmUuanAvZ29sZC9hdHYteW91cnMvb3Rva3UveW91cnNfc2lkZS5jc3MiIHJlbD0ic3R5bGVzaGVldCIgdHlwZT0idGV4dC9jc3MiPg==,44CQ5bCC55So5bel5YW35LuY44CR44OA44Kk44OP44OEIOaWsOWei+ODoOODvOODtC/jgqvjgrnjgr/jg6AgTEExNTBTL0xBMTYwUyDlsILnlKhMRUTjg6vjg7zjg6Djg6njg7Pjg5fjgrvjg4Pjg4hNT1ZFIENVU1RPTSDimIbjgJBZT1VSU+OCquODquOCuOODiuODq+WwgueUqOioreioiOOAke+8mkF1dG8gc2hvcCDjg6bjgqLjg7zjgro=,SElE44Kt44K744OO44Oz44OH44Kj44K544OB44Oj44O844K4TEVE44Or44O844Og44Op44Oz44OX44OQ44Op44K544OI5LiA5L2T5Z6L44OI44Op44Kk44Kv44O044Kn44Or44OV44Kh44Kk44Ki44Ki44Or44OV44Kh44O844OJ44OO44Ki44O044Kp44Kv44K344O844OX44Oq44Km44K544OP44Kk44Ko44O844K544K544OG44OD44OX44Ov44K044Oz44K744Os44OK44Kq44OH44OD44K744KkSDRIMTFDWC0144CQ5bCC55So5bel5YW35LuY44CR44OA44Kk44OP44OEIOaWsOWei+ODoOODvOODtC/jgqvjgrnjgr/jg6AgTEExNTBTL0xBMTYwUyDlsILnlKhMRUTjg6vjg7zjg6Djg6njg7Pjg5fjgrvjg4Pjg4hNT1ZFIENVU1RPTSDimIbjgJBZT1VSU+OCquODquOCuOODiuODq+WwgueUqOioreioiOOAkQ==,TEExNTBTL0xBMTYwUy/jg6Djg7zjg7TlhajjgrDjg6zjg7zjg4npganlkIjjgILjgJDlsILnlKjlt6Xlhbfku5jjgJHjg4DjgqTjg4/jg4Qg5paw5Z6L44Og44O844O0L+OCq+OCueOCv+ODoCBMQTE1MFMvTEExNjBTIOWwgueUqExFROODq+ODvOODoOODqeODs+ODl+OCu+ODg+ODiE1PVkUgQ1VTVE9NIOKYhuOAkFlPVVJT44Kq44Oq44K444OK44Or5bCC55So6Kit6KiI44CR[rn]
3-47015,aHR0cDovL3RzaG9wLnIxMHMuanAvYXR2LXlvdXJzL2NhYmluZXQvMDA5Nzc2MDMvaGlka2l0LzAxNTY4NDEyL2ltZzU2ODIwMzYwLmpwZz9maXRpbj03MDA6NzAw,MTAyNC4wMDAw,,6LuK55So5ZOB44O744OQ44Kk44Kv55So5ZOBID4g44Kr44O855So5ZOBID4g44Op44Kk44OI44O744Op44Oz44OXID4g44Or44O844Og44Op44Oz44OX,44CQ5bCC55So5bel5YW35LuY44CR44K544K644KtIOOCu+ODq+ODnChIRzIxUynpganlkIhMRUTjg6vjg7zjg6Djg6njg7Pjg5fjgrvjg4Pjg4g=,44K744Or44OcKEhHMjFTKeW5tOW8jzpIMTgvMTHvvZ5IMjEvMTI=,PHN0eWxlIHR5cGU9InRleHQvY3NzIj4KPCEtLSAKYTpob3ZlciB7Cm9wYWNpdHk6MC43OwpmaWx0ZXI6YWxwaGEob3BhY2l0eT03MCk7Ci1tcy1maWx0ZXI6ICJhbHBoYSggb3BhY2l0eT03MCApIjsKfQotLT4KPC9zdHlsZT48bGluayBocmVmPSJodHRwOi8vd3d3LnJha3V0ZW4ubmUuanAvZ29sZC9hdHYteW91cnMvb3Rva3UveW91cnNfc2lkZS5jc3MiIHJlbD0ic3R5bGVzaGVldCIgdHlwZT0idGV4dC9jc3MiPg==,44CQ5bCC55So5bel5YW35LuY44CR44K544K644KtIOOCu+ODq+ODnChIRzIxUynpganlkIhMRUTjg6vjg7zjg6Djg6njg7Pjg5fjgrvjg4Pjg4jvvJpBdXRvIHNob3Ag44Om44Ki44O844K6,SElE44Kt44K744OO44Oz44OH44Kj44K544OB44Oj44O844K4TEVE44Or44O844Og44Op44Oz44OX44OQ44Op44K544OI5LiA5L2T5Z6L44OI44Op44Kk44Kv44O044Kn44Or44OV44Kh44Kk44Ki44Ki44Or44OV44Kh44O844OJ44OO44Ki44O044Kp44Kv44K344O844OX44Oq44Km44K544OP44Kk44Ko44O844K544K544OG44OD44OX44Ov44K044Oz44K744Os44OK44Kq44OH44OD44K744KkSDRIMTFDWC0144CQ5bCC55So5bel5YW35LuY44CR44K544K644KtIOOCu+ODq+ODnChIRzIxUynpganlkIhMRUTjg6vjg7zjg6Djg6njg7Pjg5fjgrvjg4Pjg4g=,44K744Or44OcKEhHMjFTKeW5tOW8jzpIMTgvMTHvvZ5IMjEvMTLjgILjgJDlsILnlKjlt6Xlhbfku5jjgJHjgrnjgrrjgq0g44K744Or44OcKEhHMjFTKemBqeWQiExFROODq+ODvOODoOODqeODs+ODl+OCu+ODg+ODiA==[rn]
3-47016,aHR0cDovL3RzaG9wLnIxMHMuanAvYXR2LXlvdXJzL2NhYmluZXQvMDA5Nzc2MDMvbmV3X3Jvb21sdW1wL2Nhc3RfMDEuanBnP2ZpdGluPTcwMDo3MDA=,MzQ1Ni4wMDAw,,6LuK55So5ZOB44O744OQ44Kk44Kv55So5ZOBID4g44Kr44O855So5ZOBID4g44Op44Kk44OI44O744Op44Oz44OXID4g44Or44O844Og44Op44Oz44OX,5paw5Z6L44CA44OA44Kk44OP44OE44CA44Kt44Oj44K544OI77yIQ0FTVO+8ieOCouOCr+ODhuOCo+ODkC/jgrnjgr/jgqTjg6sgTEEyNTBTL0xBMjYwUyDlsILnlKhMRUTjg6vjg7zjg6Djg6njg7Pjg5fjgrvjg4Pjg4gg4piG44CQWU9VUlPjgqrjg6rjgrjjg4rjg6vlsILnlKjoqK3oqIjjgJHjgqvjg6njg7zvvJrntJTnmb3oibLjgJDlsILnlKjlt6Xlhbfku5jjgJE=,5paw5Z6L44CA44OA44Kk44OP44OE44CA44Kt44Oj44K544OI77yIQ0FTVO+8ieOCouOCr+ODhuOCo+ODkC/jgrnjgr/jgqTjg6sv44K544Od44O844OE,PHN0eWxlIHR5cGU9InRleHQvY3NzIj4KPCEtLSAKYTpob3ZlciB7Cm9wYWNpdHk6MC43OwpmaWx0ZXI6YWxwaGEob3BhY2l0eT03MCk7Ci1tcy1maWx0ZXI6ICJhbHBoYSggb3BhY2l0eT03MCApIjsKfQotLT4KPC9zdHlsZT48bGluayBocmVmPSJodHRwOi8vd3d3LnJha3V0ZW4ubmUuanAvZ29sZC9hdHYteW91cnMvb3Rva3UveW91cnNfc2lkZS5jc3MiIHJlbD0ic3R5bGVzaGVldCIgdHlwZT0idGV4dC9jc3MiPg==,5paw5Z6L44CA44OA44Kk44OP44OE44CA44Kt44Oj44K544OI77yIQ0FTVO+8ieOCouOCr+ODhuOCo+ODkC/jgrnjgr/jgqTjg6sgTEEyNTBTL0xBMjYwUyDlsILnlKhMRUTjg6vjg7zjg6Djg6njg7Pjg5fjgrvjg4Pjg4gg4piG44CQWU9VUlPjgqrjg6rjgrjjg4rjg6vlsILnlKjoqK3oqIjjgJHjgqvjg6njg7zvvJrntJTnmb3oibLjgJDlsILnlKjlt6Xlhbfku5jjgJHvvJpBdXRvIHNob3Ag44Om44Ki44O844K6,SElE44Kt44K744OO44Oz44OH44Kj44K544OB44Oj44O844K4TEVE44Or44O844Og44Op44Oz44OX44OQ44Op44K544OI5LiA5L2T5Z6L44OI44Op44Kk44Kv44O044Kn44Or44OV44Kh44Kk44Ki44Ki44Or44OV44Kh44O844OJ44OO44Ki44O044Kp44Kv44K344O844OX44Oq44Km44K544OP44Kk44Ko44O844K544K544OG44OD44OX44Ov44K044Oz44K744Os44OK44Kq44OH44OD44K744KkSDRIMTFDWC015paw5Z6L44CA44OA44Kk44OP44OE44CA44Kt44Oj44K544OI77yIQ0FTVO+8ieOCouOCr+ODhuOCo+ODkC/jgrnjgr/jgqTjg6sgTEEyNTBTL0xBMjYwUyDlsILnlKhMRUTjg6vjg7zjg6Djg6njg7Pjg5fjgrvjg4Pjg4gg4piG44CQWU9VUlPjgqrjg6rjgrjjg4rjg6vlsILnlKjoqK3oqIjjgJHjgqvjg6njg7zvvJrntJTnmb3oibLjgJDlsILnlKjlt6Xlhbfku5jjgJE=,5paw5Z6L44CA44OA44Kk44OP44OE44CA44Kt44Oj44K544OI77yIQ0FTVO+8ieOCouOCr+ODhuOCo+ODkC/jgrnjgr/jgqTjg6sv44K544Od44O844OE44CC5paw5Z6L44CA44OA44Kk44OP44OE44CA44Kt44Oj44K544OI77yIQ0FTVO+8ieOCouOCr+ODhuOCo+ODkC/jgrnjgr/jgqTjg6sgTEEyNTBTL0xBMjYwUyDlsILnlKhMRUTjg6vjg7zjg6Djg6njg7Pjg5fjgrvjg4Pjg4gg4piG44CQWU9VUlPjgqrjg6rjgrjjg4rjg6vlsILnlKjoqK3oqIjjgJHjgqvjg6njg7zvvJrntJTnmb3oibLjgJDlsILnlKjlt6Xlhbfku5jjgJE=[rn]
3-47017,aHR0cDovL3RzaG9wLnIxMHMuanAvYXR2LXlvdXJzL2NhYmluZXQvMDA5Nzc2MDMvaW1nNTY1NjgwMjIuanBnP2ZpdGluPTcwMDo3MDA=,Nzg0LjAwMDA=,,6LuK55So5ZOB44O744OQ44Kk44Kv55So5ZOBID4g44Kr44O855So5ZOBID4g44Op44Kk44OI44O744Op44Oz44OXID4g44Or44O844Og44Op44Oz44OX,44CQ5bCC55So5bel5YW35LuY44CR44K544K644KtIEhBMjRTIOOCouODq+ODiCDlsILnlKhMRUTjg6vjg7zjg6Djg6njg7Pjg5c=,SEEyNFMg44Ki44Or44OI5LmX44KK44Gu5pa55b+F6KaL44Gu44OV44Ot44Oz44OI44Or44O844Og44Op44Oz44OX5paw55m65aOyIQ==,PHN0eWxlIHR5cGU9InRleHQvY3NzIj4KPCEtLSAKYTpob3ZlciB7Cm9wYWNpdHk6MC43OwpmaWx0ZXI6YWxwaGEob3BhY2l0eT03MCk7Ci1tcy1maWx0ZXI6ICJhbHBoYSggb3BhY2l0eT03MCApIjsKfQotLT4KPC9zdHlsZT48bGluayBocmVmPSJodHRwOi8vd3d3LnJha3V0ZW4ubmUuanAvZ29sZC9hdHYteW91cnMvb3Rva3UveW91cnNfc2lkZS5jc3MiIHJlbD0ic3R5bGVzaGVldCIgdHlwZT0idGV4dC9jc3MiPg==,44CQ5bCC55So5bel5YW35LuY44CR44K544K644KtIEhBMjRTIOOCouODq+ODiCDlsILnlKhMRUTjg6vjg7zjg6Djg6njg7Pjg5fvvJpBdXRvIHNob3Ag44Om44Ki44O844K6,SElE44Kt44K744OO44Oz44OH44Kj44K544OB44Oj44O844K4TEVE44Or44O844Og44Op44Oz44OX44OQ44Op44K544OI5LiA5L2T5Z6L44OI44Op44Kk44Kv44O044Kn44Or44OV44Kh44Kk44Ki44Ki44Or44OV44Kh44O844OJ44OO44Ki44O044Kp44Kv44K344O844OX44Oq44Km44K544OP44Kk44Ko44O844K544K544OG44OD44OX44Ov44K044Oz44K744Os44OK44Kq44OH44OD44K744KkSDRIMTFDWC0144CQ5bCC55So5bel5YW35LuY44CR44K544K644KtIEhBMjRTIOOCouODq+ODiCDlsILnlKhMRUTjg6vjg7zjg6Djg6njg7Pjg5c=,SEEyNFMg44Ki44Or44OI5LmX44KK44Gu5pa55b+F6KaL44Gu44OV44Ot44Oz44OI44Or44O844Og44Op44Oz44OX5paw55m65aOyIeOAguOAkOWwgueUqOW3peWFt+S7mOOAkeOCueOCuuOCrSBIQTI0UyDjgqLjg6vjg4gg5bCC55SoTEVE44Or44O844Og44Op44Oz44OX[rn]
3-47018,aHR0cDovL3RzaG9wLnIxMHMuanAvYXR2LXlvdXJzL2NhYmluZXQvMDA5Nzc2MDMvMDE4NjkxMzUvaW1nNTc2ODAzMzUuanBnP2ZpdGluPTcwMDo3MDA=,MTI2NC4wMDAw,,6LuK55So5ZOB44O744OQ44Kk44Kv55So5ZOBID4g44Kr44O855So5ZOBID4g44Op44Kk44OI44O744Op44Oz44OXID4g44Or44O844Og44Op44Oz44OX,44CQ5bCC55So5bel5YW35LuY44CR44OA44Kk44OP44OEIOOCqOODg+OCuyBMRUQg44Or44O844Og44Op44Oz44OXIOOCu+ODg+ODiCBMMjM1UyBMMjQ1U+KYhg==,6auY5ZOB6LOqTEVE44KS5oOc44GX44G/44Gq44GP6YWN572uIei0heayouOBqui2hemrmOi8neW6puODq+ODvOODoOODqeODs+ODlw==,PHN0eWxlIHR5cGU9InRleHQvY3NzIj4KPCEtLSAKYTpob3ZlciB7Cm9wYWNpdHk6MC43OwpmaWx0ZXI6YWxwaGEob3BhY2l0eT03MCk7Ci1tcy1maWx0ZXI6ICJhbHBoYSggb3BhY2l0eT03MCApIjsKfQotLT4KPC9zdHlsZT48bGluayBocmVmPSJodHRwOi8vd3d3LnJha3V0ZW4ubmUuanAvZ29sZC9hdHYteW91cnMvb3Rva3UveW91cnNfc2lkZS5jc3MiIHJlbD0ic3R5bGVzaGVldCIgdHlwZT0idGV4dC9jc3MiPg==,44CQ5bCC55So5bel5YW35LuY44CR44OA44Kk44OP44OEIOOCqOODg+OCuyBMRUQg44Or44O844Og44Op44Oz44OXIOOCu+ODg+ODiCBMMjM1UyBMMjQ1U+KYhu+8mkF1dG8gc2hvcCDjg6bjgqLjg7zjgro=,SElE44Kt44K744OO44Oz44OH44Kj44K544OB44Oj44O844K4TEVE44Or44O844Og44Op44Oz44OX44OQ44Op44K544OI5LiA5L2T5Z6L44OI44Op44Kk44Kv44O044Kn44Or44OV44Kh44Kk44Ki44Ki44Or44OV44Kh44O844OJ44OO44Ki44O044Kp44Kv44K344O844OX44Oq44Km44K544OP44Kk44Ko44O844K544K544OG44OD44OX44Ov44K044Oz44K744Os44OK44Kq44OH44OD44K744KkSDRIMTFDWC0144CQ5bCC55So5bel5YW35LuY44CR44OA44Kk44OP44OEIOOCqOODg+OCuyBMRUQg44Or44O844Og44Op44Oz44OXIOOCu+ODg+ODiCBMMjM1UyBMMjQ1U+KYhg==,6auY5ZOB6LOqTEVE44KS5oOc44GX44G/44Gq44GP6YWN572uIei0heayouOBqui2hemrmOi8neW6puODq+ODvOODoOODqeODs+ODl+OAguOAkOWwgueUqOW3peWFt+S7mOOAkeODgOOCpOODj+ODhCDjgqjjg4PjgrsgTEVEIOODq+ODvOODoOODqeODs+ODlyDjgrvjg4Pjg4ggTDIzNVMgTDI0NVPimIY=[rn]
3-47019,aHR0cDovL3RzaG9wLnIxMHMuanAvYXR2LXlvdXJzL2NhYmluZXQvMDA5Nzc2MDMvbl9yb29tbHVtcC9hbHRvXzAxLmpwZz9maXRpbj03MDA6NzAw,Nzg0LjAwMDA=,,6LuK55So5ZOB44O744OQ44Kk44Kv55So5ZOBID4g44Kr44O855So5ZOBID4g44Op44Kk44OI44O744Op44Oz44OXID4g44Or44O844Og44Op44Oz44OX,44Ki44Or44OIL+OCouODq+ODiCDjgr/jg7zjg5xSUy/jgqLjg6vjg4gg44Ov44O844Kv44K5IEhBMzYg5bCC55SoIExFROODq+ODvOODoOODqeODs+ODl+OAkOWwgueUqOW3peWFt+S7mOOAkeWupOWGheeBryDjgqTjg7Pjg4bjg6rjgqIg5YaF6KOFIOODieODrOOCueOCouODg+ODlyDou4rkuK3ms4og44CQ6YCB5paZ54Sh5paZ44CR44CQ44Om44Ki44O844K644CR,44Ki44Or44OIL+OCv+ODvOODnFJTL+ODr+ODvOOCr+OCuSBIQTM2IOWwgueUqCBMRUTjg6vjg7zjg6Djg6njg7Pjg5c=,PHN0eWxlIHR5cGU9InRleHQvY3NzIj4KPCEtLSAKYTpob3ZlciB7Cm9wYWNpdHk6MC43OwpmaWx0ZXI6YWxwaGEob3BhY2l0eT03MCk7Ci1tcy1maWx0ZXI6ICJhbHBoYSggb3BhY2l0eT03MCApIjsKfQotLT4KPC9zdHlsZT48bGluayBocmVmPSJodHRwOi8vd3d3LnJha3V0ZW4ubmUuanAvZ29sZC9hdHYteW91cnMvb3Rva3UveW91cnNfc2lkZS5jc3MiIHJlbD0ic3R5bGVzaGVldCIgdHlwZT0idGV4dC9jc3MiPg==,44Ki44Or44OIL+OCouODq+ODiCDjgr/jg7zjg5xSUy/jgqLjg6vjg4gg44Ov44O844Kv44K5IEhBMzYg5bCC55SoIExFROODq+ODvOODoOODqeODs+ODl+OAkOWwgueUqOW3peWFt+S7mOOAkeWupOWGheeBryDjgqTjg7Pjg4bjg6rjgqIg5YaF6KOFIOODieODrOOCueOCouODg+ODlyDou4rkuK3ms4og44CQ6YCB5paZ54Sh5paZ44CR44CQ44Om44Ki44O844K644CR77yaQXV0byBzaG9wIOODpuOCouODvOOCug==,SElE44Kt44K744OO44Oz44OH44Kj44K544OB44Oj44O844K4TEVE44Or44O844Og44Op44Oz44OX44OQ44Op44K544OI5LiA5L2T5Z6L44OI44Op44Kk44Kv44O044Kn44Or44OV44Kh44Kk44Ki44Ki44Or44OV44Kh44O844OJ44OO44Ki44O044Kp44Kv44K344O844OX44Oq44Km44K544OP44Kk44Ko44O844K544K544OG44OD44OX44Ov44K044Oz44K744Os44OK44Kq44OH44OD44K744KkSDRIMTFDWC0144Ki44Or44OIL+OCouODq+ODiCDjgr/jg7zjg5xSUy/jgqLjg6vjg4gg44Ov44O844Kv44K5IEhBMzYg5bCC55SoIExFROODq+ODvOODoOODqeODs+ODl+OAkOWwgueUqOW3peWFt+S7mOOAkeWupOWGheeBryDjgqTjg7Pjg4bjg6rjgqIg5YaF6KOFIOODieODrOOCueOCouODg+ODlyDou4rkuK3ms4og44CQ6YCB5paZ54Sh5paZ44CR44CQ44Om44Ki44O844K644CR,44Ki44Or44OIL+OCv+ODvOODnFJTL+ODr+ODvOOCr+OCuSBIQTM2IOWwgueUqCBMRUTjg6vjg7zjg6Djg6njg7Pjg5fjgILjgqLjg6vjg4gv44Ki44Or44OIIOOCv+ODvOODnFJTL+OCouODq+ODiCDjg6/jg7zjgq/jgrkgSEEzNiDlsILnlKggTEVE44Or44O844Og44Op44Oz44OX44CQ5bCC55So5bel5YW35LuY44CR5a6k5YaF54GvIOOCpOODs+ODhuODquOCoiDlhoXoo4Ug44OJ44Os44K544Ki44OD44OXIOi7iuS4reaziiDjgJDpgIHmlpnnhKHmlpnjgJHjgJDjg6bjgqLjg7zjgrrjgJE=[rn]
3-47020,aHR0cDovL3RzaG9wLnIxMHMuanAvYXR2LXlvdXJzL2NhYmluZXQvMDA5Nzc2MDMvaW1nNTY1NjgwMjMuanBnP2ZpdGluPTcwMDo3MDA=,Nzg0LjAwMDA=,,6LuK55So5ZOB44O744OQ44Kk44Kv55So5ZOBID4g44Kr44O855So5ZOBID4g44Op44Kk44OI44O744Op44Oz44OXID4g44Or44O844Og44Op44Oz44OX,44CQ5bCC55So5bel5YW35LuY44CRSkIyM1cg44K444Og44OL44O8IOWwgueUqExFROODq+ODvOODoOODqeODs+ODlw==,5paw55m65aOyIemrmOWTgeizquOBrkxFRDEy5YCLIOWwgueUqOioreioiCE=,PHN0eWxlIHR5cGU9InRleHQvY3NzIj4KPCEtLSAKYTpob3ZlciB7Cm9wYWNpdHk6MC43OwpmaWx0ZXI6YWxwaGEob3BhY2l0eT03MCk7Ci1tcy1maWx0ZXI6ICJhbHBoYSggb3BhY2l0eT03MCApIjsKfQotLT4KPC9zdHlsZT48bGluayBocmVmPSJodHRwOi8vd3d3LnJha3V0ZW4ubmUuanAvZ29sZC9hdHYteW91cnMvb3Rva3UveW91cnNfc2lkZS5jc3MiIHJlbD0ic3R5bGVzaGVldCIgdHlwZT0idGV4dC9jc3MiPg==,44CQ5bCC55So5bel5YW35LuY44CRSkIyM1cg44K444Og44OL44O8IOWwgueUqExFROODq+ODvOODoOODqeODs+ODl++8mkF1dG8gc2hvcCDjg6bjgqLjg7zjgro=,SElE44Kt44K744OO44Oz44OH44Kj44K544OB44Oj44O844K4TEVE44Or44O844Og44Op44Oz44OX44OQ44Op44K544OI5LiA5L2T5Z6L44OI44Op44Kk44Kv44O044Kn44Or44OV44Kh44Kk44Ki44Ki44Or44OV44Kh44O844OJ44OO44Ki44O044Kp44Kv44K344O844OX44Oq44Km44K544OP44Kk44Ko44O844K544K544OG44OD44OX44Ov44K044Oz44K744Os44OK44Kq44OH44OD44K744KkSDRIMTFDWC0144CQ5bCC55So5bel5YW35LuY44CRSkIyM1cg44K444Og44OL44O8IOWwgueUqExFROODq+ODvOODoOODqeODs+ODlw==,5paw55m65aOyIemrmOWTgeizquOBrkxFRDEy5YCLIOWwgueUqOioreioiCHjgILjgJDlsILnlKjlt6Xlhbfku5jjgJFKQjIzVyDjgrjjg6Djg4vjg7wg5bCC55SoTEVE44Or44O844Og44Op44Oz44OX[rn]
3-47021,aHR0cDovL3RzaG9wLnIxMHMuanAvYXR2LXlvdXJzL2NhYmluZXQvMDA5Nzc2MDMvbmV3X3Jvb21sdW1wL25ld19tb3ZlX3MwMS5qcGc/Zml0aW49NzAwOjcwMA==,MzEwNC4wMDAw,,6LuK55So5ZOB44O744OQ44Kk44Kv55So5ZOBID4g44Kr44O855So5ZOBID4g44Op44Kk44OI44O744Op44Oz44OXID4g44Or44O844Og44Op44Oz44OX,44CQ5bCC55So5bel5YW35LuY44CR44OA44Kk44OP44OEIOODoOODvOODtCBMMTUwL0wxNjAvTDE3NS9MMTg1L0xBMTAwL0xBMTEwIOWwgueUqCBMRUTjg6vjg7zjg6Djg6njg7Pjg5fjgrvjg4Pjg4jimIbjgJBZT1VSU+OCquODquOCuOODiuODq+WwgueUqOioreioiOOAkQ==,TDE1MC9MMTYwL0wxNzUvTDE4NS9MQTEwMC9MQTExMOODoOODvOODtOmBqeWQiA==,PHN0eWxlIHR5cGU9InRleHQvY3NzIj4KPCEtLSAKYTpob3ZlciB7Cm9wYWNpdHk6MC43OwpmaWx0ZXI6YWxwaGEob3BhY2l0eT03MCk7Ci1tcy1maWx0ZXI6ICJhbHBoYSggb3BhY2l0eT03MCApIjsKfQotLT4KPC9zdHlsZT48bGluayBocmVmPSJodHRwOi8vd3d3LnJha3V0ZW4ubmUuanAvZ29sZC9hdHYteW91cnMvb3Rva3UveW91cnNfc2lkZS5jc3MiIHJlbD0ic3R5bGVzaGVldCIgdHlwZT0idGV4dC9jc3MiPg==,44CQ5bCC55So5bel5YW35LuY44CR44OA44Kk44OP44OEIOODoOODvOODtCBMMTUwL0wxNjAvTDE3NS9MMTg1L0xBMTAwL0xBMTEwIOWwgueUqCBMRUTjg6vjg7zjg6Djg6njg7Pjg5fjgrvjg4Pjg4jimIbjgJBZT1VSU+OCquODquOCuOODiuODq+WwgueUqOioreioiOOAke+8mkF1dG8gc2hvcCDjg6bjgqLjg7zjgro=,SElE44Kt44K744OO44Oz44OH44Kj44K544OB44Oj44O844K4TEVE44Or44O844Og44Op44Oz44OX44OQ44Op44K544OI5LiA5L2T5Z6L44OI44Op44Kk44Kv44O044Kn44Or44OV44Kh44Kk44Ki44Ki44Or44OV44Kh44O844OJ44OO44Ki44O044Kp44Kv44K344O844OX44Oq44Km44K544OP44Kk44Ko44O844K544K544OG44OD44OX44Ov44K044Oz44K744Os44OK44Kq44OH44OD44K744KkSDRIMTFDWC0144CQ5bCC55So5bel5YW35LuY44CR44OA44Kk44OP44OEIOODoOODvOODtCBMMTUwL0wxNjAvTDE3NS9MMTg1L0xBMTAwL0xBMTEwIOWwgueUqCBMRUTjg6vjg7zjg6Djg6njg7Pjg5fjgrvjg4Pjg4jimIbjgJBZT1VSU+OCquODquOCuOODiuODq+WwgueUqOioreioiOOAkQ==,TDE1MC9MMTYwL0wxNzUvTDE4NS9MQTEwMC9MQTExMOODoOODvOODtOmBqeWQiOOAguOAkOWwgueUqOW3peWFt+S7mOOAkeODgOOCpOODj+ODhCDjg6Djg7zjg7QgTDE1MC9MMTYwL0wxNzUvTDE4NS9MQTEwMC9MQTExMCDlsILnlKggTEVE44Or44O844Og44Op44Oz44OX44K744OD44OI4piG44CQWU9VUlPjgqrjg6rjgrjjg4rjg6vlsILnlKjoqK3oqIjjgJE=[rn]
3-47022,aHR0cDovL3RzaG9wLnIxMHMuanAvYXR2LXlvdXJzL2NhYmluZXQvMDA5Nzc2MDMvbmV3X3Jvb21sdW1wL21pcmFfY29jb2EwMS5qcGc/Zml0aW49NzAwOjcwMA==,MTE4NC4wMDAw,,6LuK55So5ZOB44O744OQ44Kk44Kv55So5ZOBID4g44Kr44O855So5ZOBID4g44Op44Kk44OI44O744Op44Oz44OXID4g44Or44O844Og44Op44Oz44OX,44Of44OpIOOCs+OCs+OCoiDjgrPjgrPjgqLjg5fjg6njgrkgTEVE44Or44O844Og44Op44Oz44OX44K744OD44OIKEZMVVgvU01EKSBMQTY4NSBNSVJBIENPQ09BIFBMVVMg44OA44Kk44OP44OEIERBSUhBVFNV44CQ44Om44Ki44O844K65a6M5YWo44Kq44Oq44K444OK44Or5bCC55So6Kit6KiI44CR44CQ5bCC55So5bel5YW35LuY44CR,TEVE44Or44O844Og44Op44Oz44OX44K744OD44OIKEZMVVgvU01EKeOAguOCu+ODs+OCv+ODvOODq+ODvOODoOODqeODs+ODl++8gQ==,PHN0eWxlIHR5cGU9InRleHQvY3NzIj4KPCEtLSAKYTpob3ZlciB7Cm9wYWNpdHk6MC43OwpmaWx0ZXI6YWxwaGEob3BhY2l0eT03MCk7Ci1tcy1maWx0ZXI6ICJhbHBoYSggb3BhY2l0eT03MCApIjsKfQotLT4KPC9zdHlsZT48bGluayBocmVmPSJodHRwOi8vd3d3LnJha3V0ZW4ubmUuanAvZ29sZC9hdHYteW91cnMvb3Rva3UveW91cnNfc2lkZS5jc3MiIHJlbD0ic3R5bGVzaGVldCIgdHlwZT0idGV4dC9jc3MiPg==,44Of44OpIOOCs+OCs+OCoiDjgrPjgrPjgqLjg5fjg6njgrkgTEVE44Or44O844Og44Op44Oz44OX44K744OD44OIKEZMVVgvU01EKSBMQTY4NSBNSVJBIENPQ09BIFBMVVMg44OA44Kk44OP44OEIERBSUhBVFNV44CQ44Om44Ki44O844K65a6M5YWo44Kq44Oq44K444OK44Or5bCC55So6Kit6KiI44CR44CQ5bCC55So5bel5YW35LuY44CR77yaQXV0byBzaG9wIOODpuOCouODvOOCug==,SElE44Kt44K744OO44Oz44OH44Kj44K544OB44Oj44O844K4TEVE44Or44O844Og44Op44Oz44OX44OQ44Op44K544OI5LiA5L2T5Z6L44OI44Op44Kk44Kv44O044Kn44Or44OV44Kh44Kk44Ki44Ki44Or44OV44Kh44O844OJ44OO44Ki44O044Kp44Kv44K344O844OX44Oq44Km44K544OP44Kk44Ko44O844K544K544OG44OD44OX44Ov44K044Oz44K744Os44OK44Kq44OH44OD44K744KkSDRIMTFDWC0144Of44OpIOOCs+OCs+OCoiDjgrPjgrPjgqLjg5fjg6njgrkgTEVE44Or44O844Og44Op44Oz44OX44K744OD44OIKEZMVVgvU01EKSBMQTY4NSBNSVJBIENPQ09BIFBMVVMg44OA44Kk44OP44OEIERBSUhBVFNV44CQ44Om44Ki44O844K65a6M5YWo44Kq44Oq44K444OK44Or5bCC55So6Kit6KiI44CR44CQ5bCC55So5bel5YW35LuY44CR,TEVE44Or44O844Og44Op44Oz44OX44K744OD44OIKEZMVVgvU01EKeOAguOCu+ODs+OCv+ODvOODq+ODvOODoOODqeODs+ODl++8geOAguODn+ODqSDjgrPjgrPjgqIg44Kz44Kz44Ki44OX44Op44K5IExFROODq+ODvOODoOODqeODs+ODl+OCu+ODg+ODiChGTFVYL1NNRCkgTEE2ODUgTUlSQSBDT0NPQSBQTFVTIOODgOOCpOODj+ODhCBEQUlIQVRTVeOAkOODpuOCouODvOOCuuWujOWFqOOCquODquOCuOODiuODq+WwgueUqOioreioiOOAkeOAkOWwgueUqOW3peWFt+S7mOOAkQ==[rn]
3-47023,aHR0cDovL3RzaG9wLnIxMHMuanAvYXR2LXlvdXJzL2NhYmluZXQvMDA5Nzc2MDMvMDE4NjkxMzUvaW1nNTcwNzY2NzMuanBnP2ZpdGluPTcwMDo3MDA=,MzI5Ni4wMDAw,,6LuK55So5ZOB44O744OQ44Kk44Kv55So5ZOBID4g44Kr44O855So5ZOBID4g44Op44Kk44OI44O744Op44Oz44OXID4g44Or44O844Og44Op44Oz44OX,44CQ5bCC55So5bel5YW35LuY44CR44K/44Oz44OI44Kr44K544K/44OgKEwzNjBTLzM2MFMpIOWwgueUqExFROODq+ODvOODoOODqeODs+ODlzHlj7DliIbjg5Xjg6vjgrvjg4Pjg4jimIY=,44K/44Oz44OI44Kr44K544K/44OgKEwzNTBTLzM2MFPns7sp5bm05byPOkgxNy82772eSDE5LzEx,PHN0eWxlIHR5cGU9InRleHQvY3NzIj4KPCEtLSAKYTpob3ZlciB7Cm9wYWNpdHk6MC43OwpmaWx0ZXI6YWxwaGEob3BhY2l0eT03MCk7Ci1tcy1maWx0ZXI6ICJhbHBoYSggb3BhY2l0eT03MCApIjsKfQotLT4KPC9zdHlsZT48bGluayBocmVmPSJodHRwOi8vd3d3LnJha3V0ZW4ubmUuanAvZ29sZC9hdHYteW91cnMvb3Rva3UveW91cnNfc2lkZS5jc3MiIHJlbD0ic3R5bGVzaGVldCIgdHlwZT0idGV4dC9jc3MiPg==,44CQ5bCC55So5bel5YW35LuY44CR44K/44Oz44OI44Kr44K544K/44OgKEwzNjBTLzM2MFMpIOWwgueUqExFROODq+ODvOODoOODqeODs+ODlzHlj7DliIbjg5Xjg6vjgrvjg4Pjg4jimIbvvJpBdXRvIHNob3Ag44Om44Ki44O844K6,SElE44Kt44K744OO44Oz44OH44Kj44K544OB44Oj44O844K4TEVE44Or44O844Og44Op44Oz44OX44OQ44Op44K544OI5LiA5L2T5Z6L44OI44Op44Kk44Kv44O044Kn44Or44OV44Kh44Kk44Ki44Ki44Or44OV44Kh44O844OJ44OO44Ki44O044Kp44Kv44K344O844OX44Oq44Km44K544OP44Kk44Ko44O844K544K544OG44OD44OX44Ov44K044Oz44K744Os44OK44Kq44OH44OD44K744KkSDRIMTFDWC0144CQ5bCC55So5bel5YW35LuY44CR44K/44Oz44OI44Kr44K544K/44OgKEwzNjBTLzM2MFMpIOWwgueUqExFROODq+ODvOODoOODqeODs+ODlzHlj7DliIbjg5Xjg6vjgrvjg4Pjg4jimIY=,44K/44Oz44OI44Kr44K544K/44OgKEwzNTBTLzM2MFPns7sp5bm05byPOkgxNy82772eSDE5LzEx44CC44CQ5bCC55So5bel5YW35LuY44CR44K/44Oz44OI44Kr44K544K/44OgKEwzNjBTLzM2MFMpIOWwgueUqExFROODq+ODvOODoOODqeODs+ODlzHlj7DliIbjg5Xjg6vjgrvjg4Pjg4jimIY=[rn]
3-47024,aHR0cDovL3RzaG9wLnIxMHMuanAva3Jvc3NsaW5rL2NhYmluZXQvZ29xMDAxLzg2MTlfMS5qcGc/Zml0aW49NzAwOjcwMA==,NDczNC40MDAw,,6LuK55So5ZOB44O744OQ44Kk44Kv55So5ZOBID4g44Kr44O855So5ZOBID4g44Op44Kk44OI44O744Op44Oz44OXID4g44Or44O844Og44Op44Oz44OX,44OO44KiL+ODtOOCqeOCr+OCt+ODvCA4MOezuyBMRUQg44Or44O844Og44Op44Oz44OXLzVwY3Pjgrvjg4Pjg4ggU01ETEVELzY1MDBLIDE1MueBryBaUlI4MEcvWlJSODVHL1pXUjgwRy/jg4/jgqTjg5bjg6rjg4Pjg4gv44Or44O844Og44Op44Kk44OIL+ODm+ODr+OCpOODiC/nmb0gL+OCkuiyt+OBhOOBpumAgeaWmeeEoeaWmS/pgIHmlpnnhKHmlpkv6YCB5paZ6L6844G/L+mAgeaWmei+vCBfNTcxMTE=,44OO44KiL+ODtOOCqeOCr+OCt+ODvCA4MOezuyBMRUQg44Or44O844Og44Op44Oz44OXIFpSUjgwRy9aUlI4NUcvWldSODBH,PHRkPjxzcGFuIGNsYXNzPWl0ZW1fZGVzYz48aW1nIHNyYz1odHRwOi8vaW1hZ2UucmFrdXRlbi5jby5qcC9rcm9zc2xpbmsvY2FiaW5ldC9jeW9rdS90YWt1aGFpYmluLmpwZz48QlI+PEJSPjxpbWcgc3JjPWh0dHA6Ly9pbWFnZS5yYWt1dGVuLmNvLmpwL2tyb3NzbGluay9jYWJpbmV0LzAzMjMwNDIyL2ltZzU5MjUyMjI2LmdpZiB3aWR0aD01NTAgaGVpZ2h0PTMzIGJvcmRlcj0wPjxicj48dGFibGUgYm9yZGVyPTAgd2lkdGg9NTUwIGNlbGxwYWRkaW5nPTAgY2VsbHNwYWNpbmc9MCBjbGFzcz13az48dGJvZHk+PHRyPjx0ZD48dGFibGUgYm9yZGVyPTEgd2lkdGg9MTAwJSBjZWxscGFkZGluZz01IGNlbGxzcGFjaW5nPTEgc3R5bGU9Zm9udC1zaXplOjEycHg7Pjx0Ym9keT48dHI+PHRkIHdpZHRoPTIwJSBiZ2NvbG9yPSNjY2NjY2MgYWxpZ249Y2VudGVyPuWVhuWTgeWQjTwvdGQ+PHRkIHdpZHRoPTgwJSBiZ2NvbG9yPSNmZmZmZmYgYWxpZ249bGVmdD7jg47jgqIv44O044Kp44Kv44K344O8IDgw57O7IExFRCDjg6vjg7zjg6Djg6njg7Pjg5cvNXBjc+OCu+ODg+ODiCBTTURMRUQvNjUwMEsgMTUy54GvIApaUlI4MEcvWlJSODVHL1pXUjgwRy/jg4/jgqTjg5bjg6rjg4Pjg4gv44Or44O844Og44Op44Kk44OIL+ODm+ODr+OCpOODiC/nmb0gPGJyPjwvdGQ+PC90cj48dHI+PHRkIHdpZHRoPTIwJSBiZ2NvbG9yPSNjY2NjY2MgYWxpZ249Y2VudGVyPuWVhuWTgeiqrOaYjjwvdGQ+PHRkIHdpZHRoPTgwJSBiZ2NvbG9yPSNmZmZmZmYgYWxpZ249bGVmdD7lronlv4Pjga7ou4rnqK7liKXlsILnlKjoqK3oqIjjgIJMRUTjg6vjg7zjg6Djg6njg7Pjg5fjgrvjg4Pjg4gv44OO44Ki44CB44O044Kp44Kv44K344O855So44GM55m75aC077yBPGJyPjNjaGlwU01ETEVE44KS5o6h55So44GZ44KL44GT44Go44Gn44CB44Or44O844Og44Op44Oz44OX44Gr6YGp44GX44Gf5ouh5pWj5oCn44Go6Yut44GE5YWJ44KS5a6f54++44CCPGJyPueZuuWFieiJsuOBr+e0lOeZveWFieOBq+OBk+OBoOOCj+OCiuaKnOOBhOOBnzY1MDBL55u45b2T77yBPGJyPjxicj7lj5bjgorku5jjgZHnsKHljZjjgIHntJTmraPjga7pm7vnkIPjgajkuqTmj5vjgZnjgovjgaDjgZHvvIE8YnI+PGJyPui7iuWGheOBrumbsOWbsuawl+OCkuS4gOWkieOBmeOCi+OBk+OBqOOBr+OCguOBoeOCjeOCk+OAgea2iOiyu+mbu+WKm+OBjOWwkeOBquOBhOOBruOBp+ODkOODg+ODhuODquODvOOBruiyoOaLheOBjOi7vea4m+OBhOOBn+OBl+OBvuOBme+8gTxicj48L3RkPjwvdHI+PHRyPjx0ZCB3aWR0aD0yMCUgYmdjb2xvcj0jY2NjY2NjIGFsaWduPWNlbnRlcj7llYblk4HlhoXlrrk8L3RkPjx0ZCB3aWR0aD04MCUgYmdjb2xvcj0jZmZmZmZmIGFsaWduPWxlZnQ+4pagIOi7iueoruWIpeWwgueUqOioreioiFNNRExFROODq+ODvOODoOODqeODs+ODl+OCu+ODg+ODiDxicj7vvJrjg5Xjg63jg7Pjg4jjg57jg4Pjg5fjg6njg7Pjg5cgMzhTTURMRUTDlzHjg5Tjg7zjgrkgPGJyPu+8muODkOODi+ODhuOCo+ODqeODs+ODlyAxNVNNRExFRMOXMuODlOODvOOCuTxicj7vvJrjgrvjg7Pjgr/jg7zjg6vjg7zjg6Djg6njg7Pjg5cgNDJTTURMRUTDlzHjg5Tjg7zjgrk8YnI+77ya44Oq44Ki44Or44O844Og44Op44Oz44OXIDQyU01ETEVEw5cx44OU44O844K5PC90ZD48L3RyPjx0cj48dGQgd2lkdGg9MjAlIGJnY29sb3I9I2NjY2NjYyBhbGlnbj1jZW50ZXI+5ZWG5ZOB6Kmz57SwPC90ZD48dGQgd2lkdGg9ODAlIGJnY29sb3I9I2ZmZmZmZiBhbGlnbj1sZWZ0PuKWoCBaUlI4MEcvWlJSODVHIOODjuOCoi/jg7Tjgqnjgq/jgrfjg7w8YnI+4pagIFpXUjgwRyDjg47jgqLjg4/jgqTjg5bjg6rjg4Pjg4kv44O044Kp44Kv44K344O844OP44Kk44OW44Oq44OD44OJPC90ZD48L3RyPjx0cj48dGQgd2lkdGg9MjAlIGJnY29sb3I9I2NjY2NjYyBhbGlnbj1jZW50ZXI+5rOo5oSP5LqL6aCFPC90ZD48dGQgd2lkdGg9ODAlIGJnY29sb3I9I2ZmZmZmZiBhbGlnbj1sZWZ0PuKWoCDlnovlvI/jgavjgaTjgYTjgabjga/ou4rmpJzoqLzjgavoqJjovInjgYzjgYLjgorjgb7jgZnjga7jgafjgYrplpPpgZXjgYTjga7nhKHjgYTjgojjgYbjgavjgZTnorroqo3jgY/jgaDjgZXjgYTjgII8YnI+4pagIOOCsOODrOODvOODieOChOOCteODs+ODq+ODvOODleetieOCquODl+OCt+ODp+ODs+ijheedgOi7iuOBp+ODq+ODvOODoOODqeODs+ODl+OBruW9oueKtuOBjOmBleOBhuWgtOWQiOOBjOOBlOOBluOBhOOBvuOBmeOBruOBp+OAgeWGmeecn+OBq+OBpuOBlOeiuuiqjeOBj+OBoOOBleOBhOOAgiA8YnI+4pagIExFROOBq+OBryst44Gu5qW15oCn44GM44GC44KK44G+44GZ44Gu44Gn54K554Gv44GX44Gq44GE5aC05ZCI44Gv5bem5Y+z44Gu5ZCR44GN44KS5beu44GX5pu/44GI44Gm44GP44Gg44GV44GE44CCPGJyPuKWoCDlj5bku5jjga7pmpvjga/oh6rlt7Hosqzku7vjgafjgYrpoZjjgYTjgZfjgb7jgZnjgILllYblk4Hku6XlpJbjga7kv67nkIbosrvjgIHlt6Xos4PjgYrjgZ3jgbPjgZ3jga7ku5bmkI3lrrPnrYnjga/kv53pmpzjgafjgY3jgb7jgZvjgpPjga7jgafjgZTkuobmib/kuIvjgZXjgYTjgII8YnI+4pagIOODkOODq+ODluOCkkxFROOBq+WkieabtOOBmeOCi+OBqOa2iOiyu+mbu+WKm+OBjOS4i+OBjOOCi+OBn+OCgeeQg+WIh+OCjOitpuWRiueBr+OBjOeCueeBr+OBmeOCi+WgtOWQiOOBjOOBguOCiuOBvuOBmeOBjOaVhemanOOBp+OBr+OBguOCiuOBvuOBm+OCk+OAgjxicj7ilqAgTEVE44Gv5bCR6YeP44Gu6Zu75rWB44Gn54K554Gv44GZ44KL44Gf44KB6LuK56iu44Gr44KI44Gj44Gm44Gv5b6u54K554Gv44GZ44KL5aC05ZCI44GM44GU44GW44GE44G+44GZ44GM5pWF6Zqc44Gn44Gv44GC44KK44G+44Gb44KT44CCPGJyPuKWoCDllYblk4HliLDnnYDlvozjgZnjgZDjgavllYblk4HjgpLjgZTnorroqo3poILjgY3jgIHnoLTmkI3jgYzjgarjgYTjgYvjgpLjgZTnorroqo3kuIvjgZXjgYTjgII8YnI+4pagIOS4iuiomOWGheWuueOCkuOBlOeQhuino+OBruS4iuOAgeOBlOizvOWFpeOCkuOBiumhmOOBhOiHtOOBl+OBvuOBmeOAgjwvdGQ+PC90cj48dHI+PHRkIHdpZHRoPTIwJSBiZ2NvbG9yPSNjY2NjY2MgYWxpZ249Y2VudGVyPuS/neiovOOBruacieeEoTwvdGQ+PHRkIHdpZHRoPTgwJSBiZ2NvbG9yPSNmZmZmZmYgYWxpZ249bGVmdD7ilqAg5L+d6Ki844Gv44GU44GW44GE44G+44Gb44KT44CCPGJyPuKWoCDllYblk4HliJ3mnJ/kuI3oia/jga7jgb/llYblk4HliLDnnYDlvow35pel5Lul5YaF5a++5b+c44GV44Gb44Gm44GE44Gf44Gg44GN44G+44GZ44CCPGJyPuKWoCDjgYrlrqLmp5jpg73lkIjjgafjga7ov5Tlk4Hjga/pgIHmlpnjgIHjgZ3jga7ku5bmiYvmlbDmlpnjgpLjgZTosqDmi4XjgYTjgZ/jgaDjgY3jgb7jgZnjgII8YnI+4pagIOW9k+ekvuOBp+OBr+WPluOCiuS7mOOBkeetieOBq+OBi+OBi+OCi+iEseedgOW3peizg+OBquOBqeOBruiyu+eUqOOBr+S4gOWIh+iyoOOBhuS6i+OBr+OBp+OBjeOBvuOBm+OCk+OAgjwvdGQ+PC90cj48dHI+PHRkIHdpZHRoPSIyMCUiIGJnY29sb3I9IiNjY2NjY2MiIGFsaWduPSJjZW50ZXIiPueZuumAgeaWueazlTwvdGQ+PHRkIHdpZHRoPSI4MCUiIGJnY29sb3I9IiNmZmZmZmYiIGFsaWduPSJsZWZ0Ij48Qj7jgZPjgaHjgonjga7llYblk4Hjga/jg6Tjg57jg4jpgYvovLjjgavjgabpgJrluLjlroXphY3jgafjga7jgYrlsYrjgZHjgajjgarjgorjgb7jgZnjgII8YnI+4oC75b2T56S+44CB44G+44Gf44Gv6YGL6YCB5qWt6ICF44Gu6YO95ZCI44Gr44KI44KK5LqI5ZGK44Gq44GP5aSJ5pu044Gr44Gq44KL5aC05ZCI44GM44GU44GW44GE44G+44GZ44CCPGJyPuKAu+WMl+a1t+mBk+OAgeaylue4hOOAgeS4gOmDqOmbouWztuOBq+mWouOBl+OBvuOBl+OBpuOBr+OAgeODrOODk+ODpeODvOOCkuabuOOBj+OCkumBuOaKnuOBleOCjOOBvuOBl+OBpuOCgjcwMOWGhuOBrumAgeaWmeOCkuOBhOOBn+OBoOOBhOOBpuOBiuOCiuOBvuOBmeOAguOBlOS6huaJv+OBj+OBoOOBleOBhOOAgjxicj48L3RkPjwvdHI+PHRyPjx0ZCB3aWR0aD0iMjAlIiBiZ2NvbG9yPSIjY2NjY2NjIiBhbGlnbj0iY2VudGVyIj7jgZTlhaXph5HjgavjgaTjgYTjgaY8L3RkPjx0ZCB3aWR0aD0iODAlIiBiZ2NvbG9yPSIjZmZmZmZmIiBhbGlnbj0ibGVmdCI+4oC744GU5rOo5paH5b6M44CB5qW95aSp44GL44KJ44Gu6Ieq5YuV6YWN5L+h44Oh44O844Or44Gv6YeR6aGN5L+u5q2j562J44GV44KM44Gm44GK44KK44G+44Gb44KT44CCPEJSPuKAu+W9k+ekvuOBi+OCiemFjeS/oeOBleOCjOOBvuOBmeazqOaWh+aJv+irvumAmuefpeOCkuOBlOeiuuiqjeOBruS4iuOAgeOBlOWFpemHkeOBiumhmOOBhOOBhOOBn+OBl+OBvuOBmeOAgjxCUj7igLvph5HpoY3kv67mraPliY3jga7jgZTlhaXph5HjgavjgojjgovlhaXph5HpoY3jga7oqqTlt67liIbov5Tph5HjgoTov73liqDmjK/ovrzjgavnmbrnlJ/jgZfjgb7jgZnlkITph5Hono3mqZ/plqLjga7mjK/ovrzjgb/miYvmlbDmlpnjga/jgYrlrqLmp5jjgZTosqDmi4XjgajjgZXjgZvjgabjgYTjgZ/jgaDjgY3jgb7jgZnjgII8QlI+4oC7Mu+9njPml6XjgZ/jgaPjgabjgoLjgIHlvZPnpL7jgYvjgonjg6Hjg7zjg6vjgYzlsYrjgYvjgarjgYTloLTlkIjjga/jgIHjgYrmiYvmlbDjgafjgZnjgYwwODMtOTAyLTYzODjjgb7jgafjgZTpgKPntaHjgY/jgaDjgZXjgYTjgII8QlI+PC9zcGFuPjwvdGQ+PC90cj48L3Rib2R5PjwvdGFibGU+PC90ZD48L3RyPjwvdGJvZHk+PC90YWJsZT4KPGJyPjxicj5b5YWo5ZWG5ZOBXVtKQU46IF08aW1nIHNyYz0iaHR0cDovL2ltYWdlLnJha3V0ZW4uY28uanAva3Jvc3NsaW5rL2NhYmluZXQvMDMyMzA0MjIvci1pdmVudC9zdW1haG8tdGVraWdvdS5qcGciIHdpZHRoPTEwMCU+Cjxicj4KPEI+IOOAjiDpganlkIjooajjga/jgZPjgaHjgonvvIEgIOOAjyA8L0I+Cjxicj4KPGJyPgo8YnI+Cgo8aW1nIHNyYz0iaHR0cDovL2ltYWdlLnJha3V0ZW4uY28uanAva3Jvc3NsaW5rL2NhYmluZXQvMDMyMzA0MjIvci1pdmVudC9rcm9zcy1ibG9nLmpwZyIgd2lkdGg9MTAwJT4KPEI+IOOAjuKGkeOCr+ODreOCueODquODs+OCr+W6l+mVt+ODluODreOCsOOBp+OBmeKZquW9ueOBq+eri+OBpOaDheWgseabuOOBjeOBvuOBmeOAguOAguOAgiDjgI8gPC9CPgo8YnI+Cjxicj4KCjxpbWcgc3JjPSJodHRwOi8vaW1hZ2UucmFrdXRlbi5jby5qcC9rcm9zc2xpbmsvY2FiaW5ldC8wMzIzMDQyMi9pdmVudC9pcW9zMi5qcGciIHdpZHRoPTEwMCU+CjxCPiDjgI7ihpHmnKzpnanjgqrjg6rjgrjjg4rjg6tpUU9T44Kx44O844K5ICDlp4nlprnlupcgSEFQUFkgU1BBQ0Ug44Gn6LKp5aOy5Lit77yB44OQ44OK44O844Kv44Oq44OD44Kv44Gn44OP44OD44OU44O844K544Oa44O844K544Oa44O844K444G44pmqIOOAjyA8L0I+Cjxicj4KPCEtLUdvUVN5c3RlbeODqeODs+OCreODs+OCsOiHquWLleabtOaWsOODhOODvOODq+ODr+OCpOODiS0tPgo8dGFibGUgYWxpZ249ImNlbnRlciIgd2lkdGg9IjYwMCIgYm9yZGVyPSIwIiBjZWxscGFkZGluZz0iMCIgY2VsbHNwYWNpbmc9IjAiIGJnY29sb3I9IiNGRkZGRkYiPgo8dHI+Cjx0ZD4KPHRhYmxlIGFsaWduPSJjZW50ZXIiIHdpZHRoPSI2MDAiIGJvcmRlcj0iMCIgY2VsbHBhZGRpbmc9IjAiIGNlbGxzcGFjaW5nPSIwIiBiZ2NvbG9yPSIjRkZGRkZGIj4KPHRyPgo8dGQgYWxpZ249ImNlbnRlciIgdmFsaWduPSJib3R0b20iIGJnY29sb3I9IiNjY2NjY2MiPjxpbWcgc3JjPSJodHRwOi8vd3d3LnJha3V0ZW4ubmUuanAvZ29sZC9rcm9zc2xpbmsvZ29xc3lzdGVtLzYwMHJhbmtpbmd0aXRlbC5naWYiIHdpZHRoPSI2MDAiIC8+PC90ZD4KPC90cj4KPC90YWJsZT4KPHRhYmxlIGFsaWduPSJjZW50ZXIiIHdpZHRoPSI1OTYiIGJvcmRlcj0iMCIgY2VsbHBhZGRpbmc9IjAiIGNlbGxzcGFjaW5nPSIwIiBiZ2NvbG9yPSIjQ0NDQ0NDIiBzdHlsZT0iYm9yZGVyLWxlZnQ6c29saWQ7Ym9yZGVyLWxlZnQtd2lkdGg6MXB4O2JvcmRlci1yaWdodDpzb2xpZDtib3JkZXItcmlnaHQtd2lkdGg6MXB4O2JvcmRlci1ib3R0b206c29saWQ7Ym9yZGVyLWJvdHRvbS13aWR0aDoxcHg7Ym9yZGVyLWNvbG9yOiNDQ0NDQ0M7Ij4KPHRyPgo8dGQgYWxpZ249ImNlbnRlciIgYmdjb2xvcj0iI0ZGRkZGRiI+CjxkaXYgY2xhc3M9Imlmcm0tY29udGFpbmVyIiBzdHlsZT0id2lkdGg6NTk4cHg7aGVpZ2h0OjQ2MHB4O292ZXJmbG93OmF1dG87LXdlYmtpdC1vdmVyZmxvdy1zY3JvbGxpbmc6dG91Y2g7Ij4KCjwvZGl2Pgo8L3RkPgo8L3RyPgo8dHI+Cjx0ZCBhbGlnbj0icmlnaHQiIGJnY29sb3I9IiNGRkZGRkYiIHN0eWxlPSJwYWRkaW5nOjJweDsiPgo8aW1nIHNyYz0iaHR0cDovL3d3dy5yYWt1dGVuLm5lLmpwL2dvbGQva3Jvc3NsaW5rL2dvcXN5c3RlbS9wb3dlcmVkX2J5X2Jhbm5lci5naWYiIHdpZHRoPSIxMjUiIC8+CjwvdGQ+CjwvdHI+CjwvdGFibGU+CjwvdGQ+CjwvdHI+CjwvdGFibGU+CjwhLS1Hb1FTeXN0ZW3jg6njg7Pjgq3jg7PjgrDoh6rli5Xmm7TmlrDjg4Tjg7zjg6vjg6/jgqTjg4ktLT4KPGJyPgoKPCEtLUdvUVN5c3RlbeODrOOCuOOCiOOBk+ODoeODvOOCq+ODvC0tPgoKPCEtLUdvUVN5c3RlbeODrOOCuOOCiOOBk+ODoeODvOOCq+ODvC0tPg==,44OO44KiL+ODtOOCqeOCr+OCt+ODvCA4MOezuyBMRUQg44Or44O844Og44Op44Oz44OXLzVwY3Pjgrvjg4Pjg4ggU01ETEVELzY1MDBLIDE1MueBryBaUlI4MEcvWlJSODVHL1pXUjgwRy/jg4/jgqTjg5bjg6rjg4Pjg4gv44Or44O844Og44Op44Kk44OIL+ODm+ODr+OCpOODiC/nmb0gL+OCkuiyt+OBhOOBpumAgeaWmeeEoeaWmS/pgIHmlpnnhKHmlpkv6YCB5paZ6L6844G/L+mAgeaWmei+vCBfNTcxMTHvvJrjgq/jg63jgrnjg6rjg7Pjgq8=,SElETEVE44Kr44O844Op44OD44OU44Oz44KwMzVXLzU1Vy8xNVcvMjVX44Kt44Oj44Oz44K744Op44O844Kq44O844Or44Kk44Oz44Ov44Oz44OY44OD44OJ44Op44Kk44OI44OG44O844Or44Op44Kk44OI44OK44Oz44OQ44O854Gv44Or44O844Og44Op44Oz44OX5rGO55So5ZOBQk1X44OX44Oq44Km44K544Ki44Kv44KiTkJPWENYLTXjg5XjgqnjgrDjg6njg7Pjg5fjgrnjg4bjgqLjg6rjg7PjgrDjgqTjgqvjg6rjg7PjgrDjg4bjgqPjgqLjg4rjg47jgqIv44O044Kp44Kv44K344O8IDgw57O7IExFRCDjg6vjg7zjg6Djg6njg7Pjg5cvNXBjc+OCu+ODg+ODiCBTTURMRUQvNjUwMEsgMTUy54GvIFpSUjgwRy9aUlI4NUcvWldSODBHL+ODj+OCpOODluODquODg+ODiC/jg6vjg7zjg6Djg6njgqTjg4gv44Ob44Ov44Kk44OIL+eZvSAv44KS6LK344GE44Gm6YCB5paZ54Sh5paZL+mAgeaWmeeEoeaWmS/pgIHmlpnovrzjgb8v6YCB5paZ6L68IF81NzExMQ==,44OO44KiL+ODtOOCqeOCr+OCt+ODvCA4MOezuyBMRUQg44Or44O844Og44Op44Oz44OXIFpSUjgwRy9aUlI4NUcvWldSODBH44CC44OO44KiL+ODtOOCqeOCr+OCt+ODvCA4MOezuyBMRUQg44Or44O844Og44Op44Oz44OXLzVwY3Pjgrvjg4Pjg4ggU01ETEVELzY1MDBLIDE1MueBryBaUlI4MEcvWlJSODVHL1pXUjgwRy/jg4/jgqTjg5bjg6rjg4Pjg4gv44Or44O844Og44Op44Kk44OIL+ODm+ODr+OCpOODiC/nmb0gL+OCkuiyt+OBhOOBpumAgeaWmeeEoeaWmS/pgIHmlpnnhKHmlpkv6YCB5paZ6L6844G/L+mAgeaWmei+vCBfNTcxMTE=[rn]
3-47025,aHR0cDovL3RzaG9wLnIxMHMuanAvYXR2LXlvdXJzL2NhYmluZXQvMDA5Nzc2MDMvbl9yb29tbHVtcC9rcGFzc29fbW9kYV8wMS5qcGc/Zml0aW49NzAwOjcwMA==,MTk4NC4wMDAw,,6LuK55So5ZOB44O744OQ44Kk44Kv55So5ZOBID4g44Kr44O855So5ZOBID4g44Op44Kk44OI44O744Op44Oz44OXID4g44Or44O844Og44Op44Oz44OX,44OR44OD44K9L+ODkeODg+OCvSDjg6Ljg7zjg4AgTU9EQSBNNzAwL003MTAgUEFTU08g5paw5Z6LIOWwgueUqOioreioiCBMRUQg44Or44O844Og44Op44Oz44OXIOOCu+ODg+ODiCDlrqTlhoXnga8g44Kk44Oz44OG44Oq44Ki44CA44OJ44Os44K544Ki44OD44OX44OR44O844OEIExFRCDou4rkuK3ms4rjgJDlsILnlKjlt6Xlhbfku5jjgJHmuJvlhYnoqr/mlbTku5jjgY3mlrDnmbrlo7LvvIHvvIE=,44OR44OD44K9L+ODkeODg+OCvSDjg6Ljg7zjg4AgTU9EQSAg5bCC55So6Kit6KiIIExFRCDjg6vjg7zjg6Djg6njg7Pjg5cg44K744OD44OI,PHN0eWxlIHR5cGU9InRleHQvY3NzIj4KPCEtLSAKYTpob3ZlciB7Cm9wYWNpdHk6MC43OwpmaWx0ZXI6YWxwaGEob3BhY2l0eT03MCk7Ci1tcy1maWx0ZXI6ICJhbHBoYSggb3BhY2l0eT03MCApIjsKfQotLT4KPC9zdHlsZT48bGluayBocmVmPSJodHRwOi8vd3d3LnJha3V0ZW4ubmUuanAvZ29sZC9hdHYteW91cnMvb3Rva3UveW91cnNfc2lkZS5jc3MiIHJlbD0ic3R5bGVzaGVldCIgdHlwZT0idGV4dC9jc3MiPg==,44OR44OD44K9L+ODkeODg+OCvSDjg6Ljg7zjg4AgTU9EQSBNNzAwL003MTAgUEFTU08g5paw5Z6LIOWwgueUqOioreioiCBMRUQg44Or44O844Og44Op44Oz44OXIOOCu+ODg+ODiCDlrqTlhoXnga8g44Kk44Oz44OG44Oq44Ki44CA44OJ44Os44K544Ki44OD44OX44OR44O844OEIExFRCDou4rkuK3ms4rjgJDlsILnlKjlt6Xlhbfku5jjgJHmuJvlhYnoqr/mlbTku5jjgY3mlrDnmbrlo7LvvIHvvIHvvJpBdXRvIHNob3Ag44Om44Ki44O844K6,SElE44Kt44K744OO44Oz44OH44Kj44K544OB44Oj44O844K4TEVE44Or44O844Og44Op44Oz44OX44OQ44Op44K544OI5LiA5L2T5Z6L44OI44Op44Kk44Kv44O044Kn44Or44OV44Kh44Kk44Ki44Ki44Or44OV44Kh44O844OJ44OO44Ki44O044Kp44Kv44K344O844OX44Oq44Km44K544OP44Kk44Ko44O844K544K544OG44OD44OX44Ov44K044Oz44K744Os44OK44Kq44OH44OD44K744KkSDRIMTFDWC0144OR44OD44K9L+ODkeODg+OCvSDjg6Ljg7zjg4AgTU9EQSBNNzAwL003MTAgUEFTU08g5paw5Z6LIOWwgueUqOioreioiCBMRUQg44Or44O844Og44Op44Oz44OXIOOCu+ODg+ODiCDlrqTlhoXnga8g44Kk44Oz44OG44Oq44Ki44CA44OJ44Os44K544Ki44OD44OX44OR44O844OEIExFRCDou4rkuK3ms4rjgJDlsILnlKjlt6Xlhbfku5jjgJHmuJvlhYnoqr/mlbTku5jjgY3mlrDnmbrlo7LvvIHvvIE=,44OR44OD44K9L+ODkeODg+OCvSDjg6Ljg7zjg4AgTU9EQSAg5bCC55So6Kit6KiIIExFRCDjg6vjg7zjg6Djg6njg7Pjg5cg44K744OD44OI44CC44OR44OD44K9L+ODkeODg+OCvSDjg6Ljg7zjg4AgTU9EQSBNNzAwL003MTAgUEFTU08g5paw5Z6LIOWwgueUqOioreioiCBMRUQg44Or44O844Og44Op44Oz44OXIOOCu+ODg+ODiCDlrqTlhoXnga8g44Kk44Oz44OG44Oq44Ki44CA44OJ44Os44K544Ki44OD44OX44OR44O844OEIExFRCDou4rkuK3ms4rjgJDlsILnlKjlt6Xlhbfku5jjgJHmuJvlhYnoqr/mlbTku5jjgY3mlrDnmbrlo7LvvIHvvIE=[rn]
3-47026,aHR0cDovL3RzaG9wLnIxMHMuanAvYXR2LXlvdXJzL2NhYmluZXQvMDA5Nzc2MDMvbl9yb29tbHVtcC9rXzIxMGNyb3duXzAxLmpwZz9maXRpbj03MDA6NzAw,NzE4NC4wMDAw,,6LuK55So5ZOB44O744OQ44Kk44Kv55So5ZOBID4g44Kr44O855So5ZOBID4g44Op44Kk44OI44O744Op44Oz44OXID4g44Or44O844Og44Op44Oz44OX,44Kv44Op44Km44OzIDIxMOezuyjliY3mnJ/lnospIOWwgueUqOioreioiCBMRUQg44Or44O844Og44Op44Oz44OXIOOCu+ODg+ODiCDjg63jgqTjg6Tjg6sg44Ki44K544Oq44O844OIIOODj+OCpOODluODquODg+ODiSDlhajjgrDjg6zjg7zjg4nlr77lv5wgKOOCteODs+ODq+ODvOODlSDmnInjgoov54Sh44GX44Gr44KC5a++5b+cKeOAkOWwgueUqOW3peWFt+S7mOOAkQ==,5YWo44Kw44Os44O844OJ5a++5b+cKOODreOCpOODpOODqy/jgqLjgrnjg6rjg7zjg4gv44OP44Kk44OW44Oq44OD44OJKQ==,PHN0eWxlIHR5cGU9InRleHQvY3NzIj4KPCEtLSAKYTpob3ZlciB7Cm9wYWNpdHk6MC43OwpmaWx0ZXI6YWxwaGEob3BhY2l0eT03MCk7Ci1tcy1maWx0ZXI6ICJhbHBoYSggb3BhY2l0eT03MCApIjsKfQotLT4KPC9zdHlsZT48bGluayBocmVmPSJodHRwOi8vd3d3LnJha3V0ZW4ubmUuanAvZ29sZC9hdHYteW91cnMvb3Rva3UveW91cnNfc2lkZS5jc3MiIHJlbD0ic3R5bGVzaGVldCIgdHlwZT0idGV4dC9jc3MiPg==,44Kv44Op44Km44OzIDIxMOezuyjliY3mnJ/lnospIOWwgueUqOioreioiCBMRUQg44Or44O844Og44Op44Oz44OXIOOCu+ODg+ODiCDjg63jgqTjg6Tjg6sg44Ki44K544Oq44O844OIIOODj+OCpOODluODquODg+ODiSDlhajjgrDjg6zjg7zjg4nlr77lv5wgKOOCteODs+ODq+ODvOODlSDmnInjgoov54Sh44GX44Gr44KC5a++5b+cKeOAkOWwgueUqOW3peWFt+S7mOOAke+8mkF1dG8gc2hvcCDjg6bjgqLjg7zjgro=,SElE44Kt44K744OO44Oz44OH44Kj44K544OB44Oj44O844K4TEVE44Or44O844Og44Op44Oz44OX44OQ44Op44K544OI5LiA5L2T5Z6L44OI44Op44Kk44Kv44O044Kn44Or44OV44Kh44Kk44Ki44Ki44Or44OV44Kh44O844OJ44OO44Ki44O044Kp44Kv44K344O844OX44Oq44Km44K544OP44Kk44Ko44O844K544K544OG44OD44OX44Ov44K044Oz44K744Os44OK44Kq44OH44OD44K744KkSDRIMTFDWC0144Kv44Op44Km44OzIDIxMOezuyjliY3mnJ/lnospIOWwgueUqOioreioiCBMRUQg44Or44O844Og44Op44Oz44OXIOOCu+ODg+ODiCDjg63jgqTjg6Tjg6sg44Ki44K544Oq44O844OIIOODj+OCpOODluODquODg+ODiSDlhajjgrDjg6zjg7zjg4nlr77lv5wgKOOCteODs+ODq+ODvOODlSDmnInjgoov54Sh44GX44Gr44KC5a++5b+cKeOAkOWwgueUqOW3peWFt+S7mOOAkQ==,5YWo44Kw44Os44O844OJ5a++5b+cKOODreOCpOODpOODqy/jgqLjgrnjg6rjg7zjg4gv44OP44Kk44OW44Oq44OD44OJKeOAguOCr+ODqeOCpuODsyAyMTDns7so5YmN5pyf5Z6LKSDlsILnlKjoqK3oqIggTEVEIOODq+ODvOODoOODqeODs+ODlyDjgrvjg4Pjg4gg44Ot44Kk44Ok44OrIOOCouOCueODquODvOODiCDjg4/jgqTjg5bjg6rjg4Pjg4kg5YWo44Kw44Os44O844OJ5a++5b+cICjjgrXjg7Pjg6vjg7zjg5Ug5pyJ44KKL+eEoeOBl+OBq+OCguWvvuW/nCnjgJDlsILnlKjlt6Xlhbfku5jjgJE=[rn]
3-47027,aHR0cDovL3RzaG9wLnIxMHMuanAvYXR2LXlvdXJzL2NhYmluZXQvMDA5Nzc2MDMvbmV3X3Jvb21sdW1wLzE4MGNyb3duX3MwMS5qcGc/Zml0aW49NzAwOjcwMA==,NjU2MC4wMDAw,,6LuK55So5ZOB44O744OQ44Kk44Kv55So5ZOBID4g44Kr44O855So5ZOBID4g44Op44Kk44OI44O744Op44Oz44OXID4g44Or44O844Og44Op44Oz44OX,44Kv44Op44Km44OzIDE4MOezuyDlsILnlKjoqK3oqIggTEVEIOODq+ODvOODoOODqeODs+ODlyDjgrvjg4Pjg4gg44Oe44K444Kn44K544K/IOOCouOCueODquODvOODiCDjg63jgqTjg6Tjg6sg6YGp5ZCI44CQ5bCC55So5bel5YW35LuY44CR,MTgw57O744Kv44Op44Km44Oz44O744K144Oz44Or44O844OV5pyJ6LuK44Gn44KC54Sh6LuK44Gn44KC44GU6YG45oqe44Gn5a++5b+c77yB,PHN0eWxlIHR5cGU9InRleHQvY3NzIj4KPCEtLSAKYTpob3ZlciB7Cm9wYWNpdHk6MC43OwpmaWx0ZXI6YWxwaGEob3BhY2l0eT03MCk7Ci1tcy1maWx0ZXI6ICJhbHBoYSggb3BhY2l0eT03MCApIjsKfQotLT4KPC9zdHlsZT48bGluayBocmVmPSJodHRwOi8vd3d3LnJha3V0ZW4ubmUuanAvZ29sZC9hdHYteW91cnMvb3Rva3UveW91cnNfc2lkZS5jc3MiIHJlbD0ic3R5bGVzaGVldCIgdHlwZT0idGV4dC9jc3MiPg==,44Kv44Op44Km44OzIDE4MOezuyDlsILnlKjoqK3oqIggTEVEIOODq+ODvOODoOODqeODs+ODlyDjgrvjg4Pjg4gg44Oe44K444Kn44K544K/IOOCouOCueODquODvOODiCDjg63jgqTjg6Tjg6sg6YGp5ZCI44CQ5bCC55So5bel5YW35LuY44CR77yaQXV0byBzaG9wIOODpuOCouODvOOCug==,SElE44Kt44K744OO44Oz44OH44Kj44K544OB44Oj44O844K4TEVE44Or44O844Og44Op44Oz44OX44OQ44Op44K544OI5LiA5L2T5Z6L44OI44Op44Kk44Kv44O044Kn44Or44OV44Kh44Kk44Ki44Ki44Or44OV44Kh44O844OJ44OO44Ki44O044Kp44Kv44K344O844OX44Oq44Km44K544OP44Kk44Ko44O844K544K544OG44OD44OX44Ov44K044Oz44K744Os44OK44Kq44OH44OD44K744KkSDRIMTFDWC0144Kv44Op44Km44OzIDE4MOezuyDlsILnlKjoqK3oqIggTEVEIOODq+ODvOODoOODqeODs+ODlyDjgrvjg4Pjg4gg44Oe44K444Kn44K544K/IOOCouOCueODquODvOODiCDjg63jgqTjg6Tjg6sg6YGp5ZCI44CQ5bCC55So5bel5YW35LuY44CR,MTgw57O744Kv44Op44Km44Oz44O744K144Oz44Or44O844OV5pyJ6LuK44Gn44KC54Sh6LuK44Gn44KC44GU6YG45oqe44Gn5a++5b+c77yB44CC44Kv44Op44Km44OzIDE4MOezuyDlsILnlKjoqK3oqIggTEVEIOODq+ODvOODoOODqeODs+ODlyDjgrvjg4Pjg4gg44Oe44K444Kn44K544K/IOOCouOCueODquODvOODiCDjg63jgqTjg6Tjg6sg6YGp5ZCI44CQ5bCC55So5bel5YW35LuY44CR[rn]
3-47028,aHR0cDovL3RzaG9wLnIxMHMuanAvYXR2LXlvdXJzL2NhYmluZXQvMDA5Nzc2MDMvbl9yb29tbHVtcC9rd2lzaF8wMS5qcGc/Zml0aW49NzAwOjcwMA==,Mzk4NC4wMDAw,,6LuK55So5ZOB44O744OQ44Kk44Kv55So5ZOBID4g44Kr44O855So5ZOBID4g44Op44Kk44OI44O744Op44Oz44OXID4g44Or44O844Og44Op44Oz44OX,5rib5YWJ6Kq/5pW05LuY44GN5paw55m65aOy77yB77yB44OI44Oo44K/IOOCpuOCo+ODg+OCt+ODpSAyMOezuyBaR0UyMFcg5bCC55SoIExFRCDjg6vjg7zjg6Djg6njg7Pjg5cg44K744OD44OI44CQ5bCC55So5bel5YW35LuY44CR6YCB5paZ54Sh5paZ44CAV0lTSA==,44Km44Kj44OD44K344OlIDIw57O7IFpHRTIwVyDlsILnlKggTEVEIOODq+ODvOODoOODqeODs+ODlyDjgrvjg4Pjg4g=,PHN0eWxlIHR5cGU9InRleHQvY3NzIj4KPCEtLSAKYTpob3ZlciB7Cm9wYWNpdHk6MC43OwpmaWx0ZXI6YWxwaGEob3BhY2l0eT03MCk7Ci1tcy1maWx0ZXI6ICJhbHBoYSggb3BhY2l0eT03MCApIjsKfQotLT4KPC9zdHlsZT48bGluayBocmVmPSJodHRwOi8vd3d3LnJha3V0ZW4ubmUuanAvZ29sZC9hdHYteW91cnMvb3Rva3UveW91cnNfc2lkZS5jc3MiIHJlbD0ic3R5bGVzaGVldCIgdHlwZT0idGV4dC9jc3MiPg==,5rib5YWJ6Kq/5pW05LuY44GN5paw55m65aOy77yB77yB44OI44Oo44K/IOOCpuOCo+ODg+OCt+ODpSAyMOezuyBaR0UyMFcg5bCC55SoIExFRCDjg6vjg7zjg6Djg6njg7Pjg5cg44K744OD44OI44CQ5bCC55So5bel5YW35LuY44CR6YCB5paZ54Sh5paZ44CAV0lTSO+8mkF1dG8gc2hvcCDjg6bjgqLjg7zjgro=,SElE44Kt44K744OO44Oz44OH44Kj44K544OB44Oj44O844K4TEVE44Or44O844Og44Op44Oz44OX44OQ44Op44K544OI5LiA5L2T5Z6L44OI44Op44Kk44Kv44O044Kn44Or44OV44Kh44Kk44Ki44Ki44Or44OV44Kh44O844OJ44OO44Ki44O044Kp44Kv44K344O844OX44Oq44Km44K544OP44Kk44Ko44O844K544K544OG44OD44OX44Ov44K044Oz44K744Os44OK44Kq44OH44OD44K744KkSDRIMTFDWC015rib5YWJ6Kq/5pW05LuY44GN5paw55m65aOy77yB77yB44OI44Oo44K/IOOCpuOCo+ODg+OCt+ODpSAyMOezuyBaR0UyMFcg5bCC55SoIExFRCDjg6vjg7zjg6Djg6njg7Pjg5cg44K744OD44OI44CQ5bCC55So5bel5YW35LuY44CR6YCB5paZ54Sh5paZ44CAV0lTSA==,44Km44Kj44OD44K344OlIDIw57O7IFpHRTIwVyDlsILnlKggTEVEIOODq+ODvOODoOODqeODs+ODlyDjgrvjg4Pjg4jjgILmuJvlhYnoqr/mlbTku5jjgY3mlrDnmbrlo7LvvIHvvIHjg4jjg6jjgr8g44Km44Kj44OD44K344OlIDIw57O7IFpHRTIwVyDlsILnlKggTEVEIOODq+ODvOODoOODqeODs+ODlyDjgrvjg4Pjg4jjgJDlsILnlKjlt6Xlhbfku5jjgJHpgIHmlpnnhKHmlpnjgIBXSVNI[rn]
3-47029,aHR0cDovL3RzaG9wLnIxMHMuanAvZ2J0LWRrby9jYWJpbmV0LzIxMDUzLTYuanBnP2ZpdGluPTcwMDo3MDA=,MzM5Mi44MDAw,,6LuK55So5ZOB44O744OQ44Kk44Kv55So5ZOBID4g44Kr44O855So5ZOBID4g44Op44Kk44OI44O744Op44Oz44OXID4g44Or44O844Og44Op44Oz44OX,bGVkIOODq+ODvOODoOODqeODs+ODl+OAgOODl+ODquOCpuOCuSAzMOezuyDliY3mnJ8g5b6M5pyf5a++5b+cIDhQIOODl+ODquOCpuOCuSBMRUTjg6vjg7zjg6DnkIPjgrvjg4Pjg4go44KG44GG44OR44Kx44OD44OI44Gq44KJ6YCB5paZ54Sh5paZKQ==,44Op44Kw44K444Ol44Ki44Oq44O877yG44K544K/44Kk44Oq44OD44K344Ol44Gq5a6k5YaF44Gr77yB,MjAxNeW5tOWGjeWFpeiNtzTmnIg8YnI+PGNlbnRlcj4KPFRBQkxFIEJPUkRFUj0wIGNlbGxzcGFjaW5nPTAgQ0VMTFBBRERJTkc9MCB3aWR0aD02ODAgaGVpZ2h0PSI1MCI+Cjx0cj48dGggaGVpZ2h0PSIxIiBhbGlnbj0iY2VudGVyIiB3aWR0aD0iNjgwIj4KCjxpbWcgYm9yZGVyPSIwIiBzcmM9Imh0dHA6Ly9pbWFnZS5yYWt1dGVuLmNvLmpwL2didC1ka28vY2FiaW5ldC90b3BpbWcvbV9tYWdhemluZS5naWYiIHdpZHRoPSI2ODAiIGhlaWdodD0iNTAiPgo8L3RoPjwvdHI+PC9UQUJMRT48L2NlbnRlcj48YnI+PGJyPiBQUklVUyDjg6vjg7zjg6Djg6njg7Pjg5c8YnI+ICAgICAgICAgCjx0YWJsZSBCT1JERVI9IjAiIGNlbGxzcGFjaW5nPSIzIiBDRUxMUEFERElORz0iMyIgd2lkdGg9IjY1MCIgaGVpZ2h0PSIxNjgiIGJvcmRlcmNvbG9yPSIjQzBDMEMwIj4KICA8dHI+CiAgICA8dGggQUxJR049ImNlbnRlciIgVkFMSUdOPSJtaWRkbGUiIEJHQ09MT1I9IiMwMDAwMDAiIENPTFNQQU49IjQiIGhlaWdodD0iMzUiPjxmb250IGNvbG9yPSIjRkZGRkZGIiBzaXplPSI0Ij7jg5fjg6rjgqbjgrnjg4njg6zjgrnjgqLjg4Pjg5fkurrmsJfllYblk4HvvIE8L2ZvbnQ+PC90aD4KICA8L3RyPgogIDx0cj4KICAgIDx0ZCBoZWlnaHQ9IjEiIGJnY29sb3I9IiNFRkVGRUYiIGFsaWduPSJjZW50ZXIiPjxpbWcgYm9yZGVyPSIwIiBzcmM9Imh0dHA6Ly90aHVtYm5haWwuaW1hZ2UucmFrdXRlbi5jby5qcC9AMF9tYWxsL2didC1ka28vY2FiaW5ldC9wcml1cy8yNDk2MV8xLmpwZz9fZXg9MTYweDE2MCI+PC90ZD4gICAgICAgICAgIAogICAgPHRkIGhlaWdodD0iMSIgYmdjb2xvcj0iI0VGRUZFRiIgYWxpZ249ImNlbnRlciI+PGltZyBib3JkZXI9IjAiIHNyYz0iaHR0cDovL3RodW1ibmFpbC5pbWFnZS5yYWt1dGVuLmNvLmpwL0AwX21hbGwvZ2J0LWRrby9jYWJpbmV0L3ByaXVzLzI0NTI4XzEuanBnP19leD0xNjB4MTYwIj48L3RkPiAgICAgICAgICAgCiAgICA8dGQgYWxpZ249ImNlbnRlciIgaGVpZ2h0PSIxIiBiZ2NvbG9yPSIjRUZFRkVGIj48aW1nIGJvcmRlcj0iMCIgc3JjPSJodHRwOi8vdGh1bWJuYWlsLmltYWdlLnJha3V0ZW4uY28uanAvQDBfbWFsbC9nYnQtZGtvL2NhYmluZXQvMjMzOTNfMS5qcGc/X2V4PTE2MHgxNjAiPjwvdGQ+CiAgICA8dGQgYWxpZ249ImNlbnRlciIgaGVpZ2h0PSIxIiBiZ2NvbG9yPSIjRUZFRkVGIj48aW1nIGJvcmRlcj0iMCIgc3JjPSJodHRwOi8vdGh1bWJuYWlsLmltYWdlLnJha3V0ZW4uY28uanAvQDBfbWFsbC9nYnQtZGtvL2NhYmluZXQvcHJpdXMvMjQ3NzNfMS5qcGc/X2V4PTE2MHgxNjAiPjwvdGQ+CiAgPC90cj4KICA8dHI+CiAgICA8dGQgaGVpZ2h0PSIxIiBiZ2NvbG9yPSIjRUZFRkVGIiBhbGlnbj0iY2VudGVyIj48aW1nIGJvcmRlcj0iMCIgc3JjPSJodHRwOi8vdGh1bWJuYWlsLmltYWdlLnJha3V0ZW4uY28uanAvQDBfbWFsbC9nYnQtZGtvL2NhYmluZXQvcHJpdXMvMjQ5MTRfMS5qcGc/X2V4PTE2MHgxNjAiPjwvdGQ+ICAgICAgICAgICAKICAgIDx0ZCBoZWlnaHQ9IjEiIGJnY29sb3I9IiNFRkVGRUYiIGFsaWduPSJjZW50ZXIiPjxpbWcgYm9yZGVyPSIwIiBzcmM9Imh0dHA6Ly90aHVtYm5haWwuaW1hZ2UucmFrdXRlbi5jby5qcC9AMF9tYWxsL2didC1ka28vY2FiaW5ldC9wcml1cy8yNDY2MV8xLmpwZz9fZXg9MTYweDE2MCI+PC90ZD4gICAgICAgICAgIAogICAgPHRkIGFsaWduPSJjZW50ZXIiIGhlaWdodD0iMSIgYmdjb2xvcj0iI0VGRUZFRiI+PGltZyBib3JkZXI9IjAiIHNyYz0iaHR0cDovL3RodW1ibmFpbC5pbWFnZS5yYWt1dGVuLmNvLmpwL0AwX21hbGwvZ2J0LWRrby9jYWJpbmV0L3ByaXVzLzIzMjYzXzEuanBnP19leD0xNjB4MTYwIj48L3RkPgogICAgPHRkIGFsaWduPSJjZW50ZXIiIGhlaWdodD0iMSIgYmdjb2xvcj0iI0VGRUZFRiI+PGltZyBib3JkZXI9IjAiIHNyYz0iaHR0cDovL3RodW1ibmFpbC5pbWFnZS5yYWt1dGVuLmNvLmpwL0AwX21hbGwvZ2J0LWRrby9jYWJpbmV0L3ByaXVzLzI0NzEwXzEuanBnP19leD0xNjB4MTYwIj48L3RkPgogIDwvdHI+CiAgPHRyPgogICAgPHRkIGhlaWdodD0iMSIgYmdjb2xvcj0iI0VGRUZFRiIgYWxpZ249ImNlbnRlciI+PGltZyBib3JkZXI9IjAiIHNyYz0iaHR0cDovL3RodW1ibmFpbC5pbWFnZS5yYWt1dGVuLmNvLmpwL0AwX21hbGwvZ2J0LWRrby9jYWJpbmV0L25ld192YWx2ZV9pbWFnZS8yNDM5NV8xcC5qcGc/X2V4PTE2MHgxNjAiPjwvdGQ+ICAgICAgICAgICAKICAgIDx0ZCBoZWlnaHQ9IjEiIGJnY29sb3I9IiNFRkVGRUYiIGFsaWduPSJjZW50ZXIiPjxpbWcgYm9yZGVyPSIwIiBzcmM9Imh0dHA6Ly90aHVtYm5haWwuaW1hZ2UucmFrdXRlbi5jby5qcC9AMF9tYWxsL2didC1ka28vY2FiaW5ldC9uZXdfdmFsdmVfaW1hZ2UvMjQyMzBfMXAuanBnP19leD0xNjB4MTYwIj48L3RkPiAgICAgICAgICAgCiAgICA8dGQgYWxpZ249ImNlbnRlciIgaGVpZ2h0PSIxIiBiZ2NvbG9yPSIjRUZFRkVGIj48aW1nIGJvcmRlcj0iMCIgc3JjPSJodHRwOi8vdGh1bWJuYWlsLmltYWdlLnJha3V0ZW4uY28uanAvQDBfbWFsbC9nYnQtZGtvL2NhYmluZXQvbmV3X3ZhbHZlX2ltYWdlLzI0MzkxXzFwLmpwZz9fZXg9MTYweDE2MCI+PC90ZD4KICAgIDx0ZCBhbGlnbj0iY2VudGVyIiBoZWlnaHQ9IjEiIGJnY29sb3I9IiNFRkVGRUYiPjxpbWcgYm9yZGVyPSIwIiBzcmM9Imh0dHA6Ly90aHVtYm5haWwuaW1hZ2UucmFrdXRlbi5jby5qcC9AMF9tYWxsL2didC1ka28vY2FiaW5ldC9wcml1cy8yNDQzMF8xLmpwZz9fZXg9MTYweDE2MCI+PC90ZD4KICA8L3RyPgogIDx0cj4KICAgIDx0ZCBoZWlnaHQ9IjEiIGJnY29sb3I9IiNFRkVGRUYiIGFsaWduPSJjZW50ZXIiPjxpbWcgYm9yZGVyPSIwIiBzcmM9Imh0dHA6Ly90aHVtYm5haWwuaW1hZ2UucmFrdXRlbi5jby5qcC9AMF9tYWxsL2didC1ka28vY2FiaW5ldC9jYWFjLWFsbGltZy8yNDU4MF8xLmpwZz9fZXg9MTYweDE2MCI+PC90ZD4gICAgICAgICAgIAogICAgPHRkIGhlaWdodD0iMSIgYmdjb2xvcj0iI0VGRUZFRiIgYWxpZ249ImNlbnRlciI+PGltZyBib3JkZXI9IjAiIHNyYz0iaHR0cDovL3RodW1ibmFpbC5pbWFnZS5yYWt1dGVuLmNvLmpwL0AwX21hbGwvZ2J0LWRrby9jYWJpbmV0L3ByaXVzLzI0MTUzXzEuanBnP19leD0xNjB4MTYwIj48L3RkPiAgICAgICAgICAgCiAgICA8dGQgYWxpZ249ImNlbnRlciIgaGVpZ2h0PSIxIiBiZ2NvbG9yPSIjRUZFRkVGIj48aW1nIGJvcmRlcj0iMCIgc3JjPSJodHRwOi8vdGh1bWJuYWlsLmltYWdlLnJha3V0ZW4uY28uanAvQDBfbWFsbC9nYnQtZGtvL2NhYmluZXQvcHJpdXMvMjQ2OTBfMS5qcGc/X2V4PTE2MHgxNjAiPjwvdGQ+CiAgICA8dGQgYWxpZ249ImNlbnRlciIgaGVpZ2h0PSIxIiBiZ2NvbG9yPSIjRUZFRkVGIj48aW1nIGJvcmRlcj0iMCIgc3JjPSJodHRwOi8vdGh1bWJuYWlsLmltYWdlLnJha3V0ZW4uY28uanAvQDBfbWFsbC9nYnQtZGtvL2NhYmluZXQvcHJpdXMvMjI2NDZfMS5qcGc/X2V4PTE2MHgxNjAiPjwvdGQ+CiAgPC90cj4KPC90YWJsZT48aGVhZD4KPHN0eWxlIHR5cGU9InRleHQvY3NzIj4KPCEtLQpzcGFuLnVuaXQgeyBiYWNrZ3JvdW5kOiB1cmwoaHR0cHM6Ly9pbWFnZS5yYWt1dGVuLmNvLmpwL2didC1ka28vY2FiaW5ldC9jYXJ0X2luZm8uZ2lmKSBuby1yZXBlYXQgbGVmdCB0b3A7IHRleHQtaW5kZW50OgotOTk5OTsgZGlzcGxheTogYmxvY2s7IHdpZHRoOiAzMTU7IGhlaWdodDogNDIyOyBtYXJnaW46MTVweCAwOyB9Ci0tPgo8L3N0eWxlPgo8L2hlYWQ+Cgo8Y2VudGVyPgo8dGFibGUgYm9yZGVyPSIwIiB3aWR0aD0iNjgwIiBjZWxsc3BhY2luZz0iMCIgY2VsbHBhZGRpbmc9IjAiPgo8dHI+PHRkIHdpZHRoPSIzMyUiPjwvdGQ+Cjx0ZCB3aWR0aD0iMzMlIj48Y2VudGVyPgo8L2NlbnRlcj48L3RkPiAgICAKPHRkIHdpZHRoPSIzNCUiPjwvdGQ+PC90cj48L3RhYmxlPiAgICAKPHRhYmxlIGJvcmRlcj0iMCIgd2lkdGg9IjY4MCIgaGVpZ2h0PSIxMDEiPiAgICAKPHRyPiAgICAKPHRkIHdpZHRoPSIxMDAlIiBhbGlnbj0iY2VudGVyIiBoZWlnaHQ9IjE4Ij4gICAgCjwvdGQ+PC90cj4gICAgCjx0cj48dGQgd2lkdGg9IjEwMCUiIGhlaWdodD0iMjkiPjwvdGQ+PC90cj48dHI+PHRkIHdpZHRoPSIxMDAlIiBhbGlnbj0iY2VudGVyIiBoZWlnaHQ9IjEzIj4gICAgICAgICAgICAgICAgICAKICAgIAo8L3RkPjwvdHI+ICAgIAo8dHI+PHRkIHdpZHRoPSIxMDAlIiBoZWlnaHQ9IjI1Ij4gICAgCjxocj48L3RkPjwvdHI+ICAgIAo8L3RhYmxlPiAgICAKPHRhYmxlIGJvcmRlcj0iMCIgd2lkdGg9IjY4OSI+ICAgIAo8dHI+ICAgIAogIDx0ZCB3aWR0aD0iNjgyIiBhbGlnbj0iY2VudGVyIj4gICAgCjxpbWcgYm9yZGVyPSIwIiBzcmM9Imh0dHBzOi8vaW1hZ2UucmFrdXRlbi5jby5qcC9nYnQtZGtvL2NhYmluZXQvdG9waW1nL3gyNjU0OV9wb3AuanBnIiB3aWR0aD0iNjI1IiBoZWlnaHQ9IjEzNyIgYWx0PSLjg4rjg7Pjg5Djg7zjg5zjg6vjg4jjgq3jg6Pjg4Pjg5ciPiAgCiAgPC90ZD48L3RyPiAgCjx0cj4gICAKICA8dGQgd2lkdGg9IjY4MiIgYWxpZ249ImNlbnRlciI+ICAgCjxpbWcgYm9yZGVyPSIwIiBzcmM9Imh0dHBzOi8vaW1hZ2UucmFrdXRlbi5jby5qcC9nYnQtZGtvL2NhYmluZXQvdG9waW1nLzI2NTAwX3BvcC5qcGciIHdpZHRoPSI2MjUiIGhlaWdodD0iMTM3IiBhbHQ9IuODr+ODs+OCv+ODg+ODgeOCteODs+OCreODpeODvOODj+OCtuODvOODieODpuODi+ODg+ODiCI+ICAKICA8L3RkPjwvdHI+ICAKPHRyPiAgIAogIDx0ZCB3aWR0aD0iNjgyIiBhbGlnbj0iY2VudGVyIj4gICAKPGltZyBib3JkZXI9IjAiIHNyYz0iaHR0cHM6Ly9pbWFnZS5yYWt1dGVuLmNvLmpwL2didC1ka28vY2FiaW5ldC90b3BpbWcvMjY0OThfcG9wLmpwZyIgd2lkdGg9IjYyNSIgaGVpZ2h0PSIxMzciIGFsdD0i44Ov44Kk44OR44Km44Kj44K244O844OJIj4gIAogIDwvdGQ+PC90cj4gIAo8dHI+ICAKICA8dGQgd2lkdGg9IjY4MiIgYWxpZ249ImNlbnRlciI+ICAKPGltZyBib3JkZXI9IjAiIHNyYz0iaHR0cHM6Ly9pbWFnZS5yYWt1dGVuLmNvLmpwL2didC1ka28vY2FiaW5ldC90b3BpbWcveDI1MzY4X3BvcC5qcGciIHdpZHRoPSI2MjUiIGhlaWdodD0iMTM3IiBhbHQ9IuODj+ODs+ODouODg+OCr+iHqueri+W8jyI+ICAKICA8L3RkPjwvdHI+ICAKPHRyPiAgCiAgPHRkIHdpZHRoPSI2ODIiIGFsaWduPSJjZW50ZXIiPiAgCjxpbWcgYm9yZGVyPSIwIiBzcmM9Imh0dHBzOi8vaW1hZ2UucmFrdXRlbi5jby5qcC9nYnQtZGtvL2NhYmluZXQvdG9waW1nL3gyNjcxMF9wb3AuanBnIiB3aWR0aD0iNjI1IiBoZWlnaHQ9IjEzNyIgYWx0PSLjg6zjg7Pjgqzoqr/lo4HntJkiPiAKICA8L3RkPjwvdHI+IAo8dHI+IAogIDx0ZCB3aWR0aD0iNjgyIiBhbGlnbj0iY2VudGVyIj4gCjxpbWcgYm9yZGVyPSIwIiBzcmM9Imh0dHBzOi8vaW1hZ2UucmFrdXRlbi5jby5qcC9nYnQtZGtvL2NhYmluZXQvdG9waW1nLzI1NTk5X3BvcC5qcGciIHdpZHRoPSI2MjUiIGhlaWdodD0iMTM3IiBhbHQ9IuODh+OCpOODqeOCpOODiOiHquWLleeCueeBr+OCreODg+ODiCI+IAogIDwvdGQ+PC90cj4gCjx0cj4gCiAgPHRkIHdpZHRoPSI2ODIiIGFsaWduPSJjZW50ZXIiPiAKPGltZyBib3JkZXI9IjAiIHNyYz0iaHR0cHM6Ly9pbWFnZS5yYWt1dGVuLmNvLmpwL2didC1ka28vY2FiaW5ldC90b3BpbWcvMjQ5NzNfcG9wLmpwZyIgd2lkdGg9IjYyNSIgaGVpZ2h0PSIxMzciIGFsdD0i44K944O844Op44O844K544Od44OD44OI44Op44Kk44OI77yBIj4gCiAgPC90ZD48L3RyPiAKPHRyPiAKICA8dGQgd2lkdGg9IjY4MiIgYWxpZ249ImNlbnRlciI+IAo8aW1nIGJvcmRlcj0iMCIgc3JjPSJodHRwczovL2ltYWdlLnJha3V0ZW4uY28uanAvZ2J0LWRrby9jYWJpbmV0L3RvcGltZy8yNDY3MF9wb3AuanBnIiB3aWR0aD0iNjI1IiBoZWlnaHQ9IjEzNyI+IAogIDwvdGQ+PC90cj4gCjx0cj4gCiAgPHRkIHdpZHRoPSI2ODIiIGFsaWduPSJjZW50ZXIiPiAKPGltZyBib3JkZXI9IjAiIHNyYz0iaHR0cHM6Ly9pbWFnZS5yYWt1dGVuLmNvLmpwL2didC1ka28vY2FiaW5ldC90b3BpbWcveDI0NTI5X3BvcC5qcGciIHdpZHRoPSI2MjUiIGhlaWdodD0iMjc0Ij4gCiAgPC90ZD48L3RyPiAKPHRyPiAKICA8dGQgd2lkdGg9IjY4MiIgYWxpZ249ImNlbnRlciI+IAo8aW1nIGJvcmRlcj0iMCIgc3JjPSJodHRwczovL2ltYWdlLnJha3V0ZW4uY28uanAvZ2J0LWRrby9jYWJpbmV0L3RvcGltZy8yMzkxOWJuLmpwZyIgd2lkdGg9IjYyNSIgaGVpZ2h0PSIxMzciPjwvdGQ+PC90cj4gCjx0cj4gCiAgPHRkIHdpZHRoPSI2ODIiIGFsaWduPSJjZW50ZXIiPiAKICA8L3RkPjwvdHI+IAo8dHI+IAogIDx0ZCB3aWR0aD0iNjgyIiBhbGlnbj0iY2VudGVyIj4gCjxpbWcgYm9yZGVyPSIwIiBzcmM9Imh0dHBzOi8vaW1hZ2UucmFrdXRlbi5jby5qcC9nYnQtZGtvL2NhYmluZXQvdG9waW1nL3gyNDE1NV9wb3AuanBnIiB3aWR0aD0iNjI1IiBoZWlnaHQ9IjI3NSI+PC90ZD48L3RyPiAKPHRyPiAKICA8dGQgd2lkdGg9IjY4MiIgYWxpZ249ImNlbnRlciI+IAo8aW1nIGJvcmRlcj0iMCIgc3JjPSJodHRwczovL2ltYWdlLnJha3V0ZW4uY28uanAvZ2J0LWRrby9jYWJpbmV0L3RvcGltZy9zaXh0aHNlbnNlLXBvcC5qcGciIHdpZHRoPSI2MjUiIGhlaWdodD0iMjc1Ij48L3RkPjwvdHI+IAo8L3RhYmxlPiAKPHRhYmxlIGJvcmRlcj0iMCIgd2lkdGg9IjY4MCI+IAo8dHI+PHRkIHdpZHRoPSI1MCUiIGhlaWdodD0iMjM4Ij48cCBhbGlnbj0iY2VudGVyIj48aW1nIGJvcmRlcj0iMCIgc3JjPSJodHRwczovL2ltYWdlLnJha3V0ZW4uY28uanAvZ2J0LWRrby9jYWJpbmV0L2xpbmUtdGFwZS8yMjMxN18xLmpwZyIgd2lkdGg9IjMzNSIgaGVpZ2h0PSIyNTEiPjwvcD4gCjwvdGQ+PHRkIHdpZHRoPSI1MCUiIGhlaWdodD0iMjM4Ij48aW1nIGJvcmRlcj0iMCIgc3JjPSJodHRwczovL2ltYWdlLnJha3V0ZW4uY28uanAvZ2J0LWRrby9jYWJpbmV0L2NhYWMtYWxsaW1nLzI0ODMzXzFyLmpwZyIgd2lkdGg9IjMzNSIgaGVpZ2h0PSIyNTEiPjwvdGQ+IAo8L3RyPiAKPC90YWJsZT4gCjx0YWJsZSBib3JkZXI9IjAiIHdpZHRoPSI2ODAiIGhlaWdodD0iMTMxIj4gCjx0cj4gCjx0ZCB3aWR0aD0iNTAlIiBhbGlnbj0iY2VudGVyIiBoZWlnaHQ9Ijg5Ij48aW1nIGJvcmRlcj0iMCIgc3JjPSJodHRwczovL3RodW1ibmFpbC5pbWFnZS5yYWt1dGVuLmNvLmpwL0AwX21hbGwvZ2J0LWRrby9jYWJpbmV0L3RvcGltZy9iYW5uZXJfY2FyMTI3LmpwZz9fZXg9MzM1eDMzNSI+IAo8L3RkPiAKPHRkIHdpZHRoPSI1MCUiIGFsaWduPSJjZW50ZXIiIGhlaWdodD0iODkiPjxpbWcgYm9yZGVyPSIwIiBzcmM9Imh0dHBzOi8vdGh1bWJuYWlsLmltYWdlLnJha3V0ZW4uY28uanAvQDBfbWFsbC9nYnQtZGtvL2NhYmluZXQvdG9waW1nL2Jhbm5lcl9jYXI4My5qcGc/X2V4PTMzNXgzMzUiPjwvdGQ+IAo8L3RyPiAKPHRyPiAKPHRkIHdpZHRoPSI1MCUiIGFsaWduPSJjZW50ZXIiIGhlaWdodD0iOTAiPjxpbWcgYm9yZGVyPSIwIiBzcmM9Imh0dHBzOi8vaW1hZ2UucmFrdXRlbi5jby5qcC9nYnQtZGtvL2NhYmluZXQvdG9waW1nL2Jhbm5lcl9jYXIxMzMuZ2lmIiB3aWR0aD0iMzM1IiBoZWlnaHQ9Ijg4Ij48L3RkPiAKPHRkIHdpZHRoPSI1MCUiIGFsaWduPSJjZW50ZXIiIGhlaWdodD0iOTAiPjxpbWcgYm9yZGVyPSIwIiBzcmM9Imh0dHBzOi8vdGh1bWJuYWlsLmltYWdlLnJha3V0ZW4uY28uanAvQDBfbWFsbC9nYnQtZGtvL2NhYmluZXQvdG9waW1nL3NwZWNpYWxzYWxlX3MwNS5qcGc/X2V4PTMzNXgzMzUiPjwvdGQ+IAo8L3RyPiAKPHRyPiAKPHRoIHdpZHRoPSI2OTAiIGNvbHNwYW49IjIiIGhlaWdodD0iMSI+IAo8aHI+IAo8cD4gICAgICAgICAgCjxmb250IGNvbG9yPSIjRkYwMDY2Ij7imIXjg6zjg5Pjg6Xjg7zjga7mm7jjgY3mlrnjgYzliIbjgYvjgonjgarjgYTmlrnjga/jgZPjgaHjgonjgpLjgZTopqfjgY/jgaDjgZXjgYTih5I8L2ZvbnQ+ICAgICAgICAgIAo8L3RoPiAKPC90cj4gCjwvdGFibGU+IAogCjwvY2VudGVyPg==,bGVkIOODq+ODvOODoOODqeODs+ODl+OAgOODl+ODquOCpuOCuSAzMOezuyDliY3mnJ8g5b6M5pyf5a++5b+cIDhQIOODl+ODquOCpuOCuSBMRUTjg6vjg7zjg6DnkIPjgrvjg4Pjg4go44KG44GG44OR44Kx44OD44OI44Gq44KJ6YCB5paZ54Sh5paZKe+8muODgOOCpOOCs+ODs+WNuOOAgOebtOiyqemDqA==,44Kk44Or44Of44ON44O844K344On44OzIOOCr+ODquOCueODnuOCuSDjgr3jg7zjg6njg7zjgq/jg6rjgrnjg57jgrnjg4Tjg6rjg7wg44GK44GX44KD44KMTEVEIOOCpuOCpOODs+OCq+ODvCDjg4bjg7zjg6vjg6njg7Pjg5cg44Or44O844Og44Op44Oz44OX77yo77yp77yk44Kt44OD44OISElE44Kt44OD44OIIEgxIEgzIEg0IEg3IEg4IEgxMSBIQjMgSEI044OV44Kp44Kw44Op44Oz44OXSElE44Kt44K744OO44Oz44OP44Kk44OV44Op6Ziy5q2i5oq15oqX5ZmoVDEwIFQxNiBUMjAgUzI144Kr44O855So5ZOBIOOCq+ODvOODkeODvOODhOWcsOODh+OCuOOCouODs+ODhuODikdQU+OCouODs+ODhuODiuOCquODs+ODgOODg+OCt+ODpeODouODi+OCv+ODvOODl+ODquOCpuOCueOCouOCr+OCouODj+OCpOOCqOODvOOCueODtOOCp+ODq+ODleOCoeOCpOOCouOCueODhuODg+ODl+ODr+OCtOODs04gYm9444Km44Kk44Od44K4bGVkIOODq+ODvOODoOODqeODs+ODl+OAgOODl+ODquOCpuOCuSAzMOezuyDliY3mnJ8g5b6M5pyf5a++5b+cIDhQIOODl+ODquOCpuOCuSBMRUTjg6vjg7zjg6DnkIPjgrvjg4Pjg4go44KG44GG44OR44Kx44OD44OI44Gq44KJ6YCB5paZ54Sh5paZKQ==,44Op44Kw44K444Ol44Ki44Oq44O877yG44K544K/44Kk44Oq44OD44K344Ol44Gq5a6k5YaF44Gr77yB44CCbGVkIOODq+ODvOODoOODqeODs+ODl+OAgOODl+ODquOCpuOCuSAzMOezuyDliY3mnJ8g5b6M5pyf5a++5b+cIDhQIOODl+ODquOCpuOCuSBMRUTjg6vjg7zjg6DnkIPjgrvjg4Pjg4go44KG44GG44OR44Kx44OD44OI44Gq44KJ6YCB5paZ54Sh5paZKQ==[rn]
3-47030,aHR0cDovL3RzaG9wLnIxMHMuanAvZ2J0LWRrby9jYWJpbmV0L3ByaXVzLzIxMjI3XzEuanBnP2ZpdGluPTcwMDo3MDA=,NjQwMC4wMDAw,,6LuK55So5ZOB44O744OQ44Kk44Kv55So5ZOBID4g44Kr44O855So5ZOBID4g44Op44Kk44OI44O744Op44Oz44OXID4g44Or44O844Og44Op44Oz44OX,44OX44Oq44Km44K5MzAgTEVE44Or44O844Og44Op44Oz44OXIOOCteODs+ODq+ODvOODleacieOCiiDmlrDlnovjg5fjg6rjgqbjgrlaVlczMOWwgueUqExFROODq+ODvOODoOODqeODs+ODlyA4UCBTTUQ=,44OX44Oq44Km44K5MzAgTEVE44Or44O844Og44Op44Oz44OX,PGNlbnRlcj4KPFRBQkxFIEJPUkRFUj0wIGNlbGxzcGFjaW5nPTAgQ0VMTFBBRERJTkc9MCB3aWR0aD02ODAgaGVpZ2h0PSI1MCI+Cjx0cj48dGggaGVpZ2h0PSIxIiBhbGlnbj0iY2VudGVyIiB3aWR0aD0iNjgwIj4KCjxpbWcgYm9yZGVyPSIwIiBzcmM9Imh0dHA6Ly9pbWFnZS5yYWt1dGVuLmNvLmpwL2didC1ka28vY2FiaW5ldC90b3BpbWcvbV9tYWdhemluZS5naWYiPgo8L3RoPjwvdHI+PC9UQUJMRT48L2NlbnRlcj48YnI+PGJyPlBSSVVTPGJyPgo8dGFibGUgQk9SREVSPSIwIiBjZWxsc3BhY2luZz0iMyIgQ0VMTFBBRERJTkc9IjMiIHdpZHRoPSI2NTAiIGhlaWdodD0iMTY4IiBib3JkZXJjb2xvcj0iI0MwQzBDMCI+CiAgPHRyPgogICAgPHRoIEFMSUdOPSJjZW50ZXIiIFZBTElHTj0ibWlkZGxlIiBCR0NPTE9SPSIjMDAwMDgwIiBDT0xTUEFOPSIyIiBoZWlnaHQ9IjM1Ij48Zm9udCBjb2xvcj0iI0ZGRkZGRiIgc2l6ZT0iNSI+44OX44Oq44Km44K544OJ44Os44K544Ki44OD44OX44Gu5Lq65rCX5ZWG5ZOB77yBPC9mb250PjwvdGg+CiAgPC90cj4KICA8dHI+CiAgICA8dGQgaGVpZ2h0PSIxIiBiZ2NvbG9yPSIjRUZFRkVGIiBhbGlnbj0iY2VudGVyIj48aW1nIGJvcmRlcj0iMCIgc3JjPSJodHRwOi8vdGh1bWJuYWlsLmltYWdlLnJha3V0ZW4uY28uanAvQDBfbWFsbC9nYnQtZGtvL2NhYmluZXQvcHJpdXMvMjMzMjdfMS5qcGc/X2V4PTMyMHgzMjAiPjwvdGQ+ICAgICAgICAgICAKICAgIDx0ZCBhbGlnbj0iY2VudGVyIiBoZWlnaHQ9IjEiIGJnY29sb3I9IiNFRkVGRUYiPjxpbWcgYm9yZGVyPSIwIiBzcmM9Imh0dHA6Ly90aHVtYm5haWwuaW1hZ2UucmFrdXRlbi5jby5qcC9AMF9tYWxsL2didC1ka28vY2FiaW5ldC9wcml1cy8yMjY0M18xLmpwZz9fZXg9MzIweDMyMCI+PC90ZD4KICA8L3RyPgogIDx0cj4KICAgIDx0ZCBoZWlnaHQ9IjEiIGJnY29sb3I9IiNFRkVGRUYiIGFsaWduPSJjZW50ZXIiPjxpbWcgYm9yZGVyPSIwIiBzcmM9Imh0dHA6Ly90aHVtYm5haWwuaW1hZ2UucmFrdXRlbi5jby5qcC9AMF9tYWxsL2didC1ka28vY2FiaW5ldC9wcml1cy8yMzI2M18xLmpwZz9fZXg9MzIweDMyMCI+PC90ZD4gICAgICAgICAgCiAgICA8dGQgYWxpZ249ImNlbnRlciIgaGVpZ2h0PSIxIiBiZ2NvbG9yPSIjRUZFRkVGIj48aW1nIGJvcmRlcj0iMCIgc3JjPSJodHRwOi8vdGh1bWJuYWlsLmltYWdlLnJha3V0ZW4uY28uanAvQDBfbWFsbC9nYnQtZGtvL2NhYmluZXQvcHJpdXMvMjI0NTBfMS5qcGc/X2V4PTMyMHgzMjAiPjwvdGQ+CiAgPC90cj4KICA8dHI+CiAgICA8dGQgaGVpZ2h0PSIxIiBiZ2NvbG9yPSIjRUZFRkVGIiBhbGlnbj0iY2VudGVyIj4KICAgICAgPHA+PGltZyBib3JkZXI9IjAiIHNyYz0iaHR0cDovL3RodW1ibmFpbC5pbWFnZS5yYWt1dGVuLmNvLmpwL0AwX21hbGwvZ2J0LWRrby9jYWJpbmV0LzIyNzgzXzEuanBnP19leD0zMjB4MzIwIj48L3A+ICAgIAogICAgPC90ZD4gICAgICAgICAgICAgICAKICAgIDx0ZCBhbGlnbj0iY2VudGVyIiBoZWlnaHQ9IjEiIGJnY29sb3I9IiNFRkVGRUYiPjxpbWcgYm9yZGVyPSIwIiBzcmM9Imh0dHA6Ly90aHVtYm5haWwuaW1hZ2UucmFrdXRlbi5jby5qcC9AMF9tYWxsL2didC1ka28vY2FiaW5ldC8yMjg0NV8xLmpwZz9fZXg9MzIweDMyMCI+PC90ZD4KICA8L3RyPgo8L3RhYmxlPjxoZWFkPgo8c3R5bGUgdHlwZT0idGV4dC9jc3MiPgo8IS0tCnNwYW4udW5pdCB7IGJhY2tncm91bmQ6IHVybChodHRwczovL2ltYWdlLnJha3V0ZW4uY28uanAvZ2J0LWRrby9jYWJpbmV0L2NhcnRfaW5mby5naWYpIG5vLXJlcGVhdCBsZWZ0IHRvcDsgdGV4dC1pbmRlbnQ6Ci05OTk5OyBkaXNwbGF5OiBibG9jazsgd2lkdGg6IDMxNTsgaGVpZ2h0OiA0MjI7IG1hcmdpbjoxNXB4IDA7IH0KLS0+Cjwvc3R5bGU+CjwvaGVhZD4KCjxjZW50ZXI+Cjx0YWJsZSBib3JkZXI9IjAiIHdpZHRoPSI2ODAiIGNlbGxzcGFjaW5nPSIwIiBjZWxscGFkZGluZz0iMCI+Cjx0cj48dGQgd2lkdGg9IjMzJSI+PC90ZD4KPHRkIHdpZHRoPSIzMyUiPjxjZW50ZXI+CjwvY2VudGVyPjwvdGQ+ICAgIAo8dGQgd2lkdGg9IjM0JSI+PC90ZD48L3RyPjwvdGFibGU+ICAgIAo8dGFibGUgYm9yZGVyPSIwIiB3aWR0aD0iNjgwIiBoZWlnaHQ9IjEwMSI+ICAgIAo8dHI+ICAgIAo8dGQgd2lkdGg9IjEwMCUiIGFsaWduPSJjZW50ZXIiIGhlaWdodD0iMTgiPiAgICAKPC90ZD48L3RyPiAgICAKPHRyPjx0ZCB3aWR0aD0iMTAwJSIgaGVpZ2h0PSIyOSI+PC90ZD48L3RyPjx0cj48dGQgd2lkdGg9IjEwMCUiIGFsaWduPSJjZW50ZXIiIGhlaWdodD0iMTMiPiAgICAgICAgICAgICAgICAgIAogICAgCjwvdGQ+PC90cj4gICAgCjx0cj48dGQgd2lkdGg9IjEwMCUiIGhlaWdodD0iMjUiPiAgICAKPGhyPjwvdGQ+PC90cj4gICAgCjwvdGFibGU+ICAgIAo8dGFibGUgYm9yZGVyPSIwIiB3aWR0aD0iNjg5Ij4gICAgCjx0cj4gICAgCiAgPHRkIHdpZHRoPSI2ODIiIGFsaWduPSJjZW50ZXIiPiAgICAKPGltZyBib3JkZXI9IjAiIHNyYz0iaHR0cHM6Ly9pbWFnZS5yYWt1dGVuLmNvLmpwL2didC1ka28vY2FiaW5ldC90b3BpbWcveDI2NTQ5X3BvcC5qcGciIHdpZHRoPSI2MjUiIGhlaWdodD0iMTM3IiBhbHQ9IuODiuODs+ODkOODvOODnOODq+ODiOOCreODo+ODg+ODlyI+ICAKICA8L3RkPjwvdHI+ICAKPHRyPiAgIAogIDx0ZCB3aWR0aD0iNjgyIiBhbGlnbj0iY2VudGVyIj4gICAKPGltZyBib3JkZXI9IjAiIHNyYz0iaHR0cHM6Ly9pbWFnZS5yYWt1dGVuLmNvLmpwL2didC1ka28vY2FiaW5ldC90b3BpbWcvMjY1MDBfcG9wLmpwZyIgd2lkdGg9IjYyNSIgaGVpZ2h0PSIxMzciIGFsdD0i44Ov44Oz44K/44OD44OB44K144Oz44Kt44Ol44O844OP44K244O844OJ44Om44OL44OD44OIIj4gIAogIDwvdGQ+PC90cj4gIAo8dHI+ICAgCiAgPHRkIHdpZHRoPSI2ODIiIGFsaWduPSJjZW50ZXIiPiAgIAo8aW1nIGJvcmRlcj0iMCIgc3JjPSJodHRwczovL2ltYWdlLnJha3V0ZW4uY28uanAvZ2J0LWRrby9jYWJpbmV0L3RvcGltZy8yNjQ5OF9wb3AuanBnIiB3aWR0aD0iNjI1IiBoZWlnaHQ9IjEzNyIgYWx0PSLjg6/jgqTjg5HjgqbjgqPjgrbjg7zjg4kiPiAgCiAgPC90ZD48L3RyPiAgCjx0cj4gIAogIDx0ZCB3aWR0aD0iNjgyIiBhbGlnbj0iY2VudGVyIj4gIAo8aW1nIGJvcmRlcj0iMCIgc3JjPSJodHRwczovL2ltYWdlLnJha3V0ZW4uY28uanAvZ2J0LWRrby9jYWJpbmV0L3RvcGltZy94MjUzNjhfcG9wLmpwZyIgd2lkdGg9IjYyNSIgaGVpZ2h0PSIxMzciIGFsdD0i44OP44Oz44Oi44OD44Kv6Ieq56uL5byPIj4gIAogIDwvdGQ+PC90cj4gIAo8dHI+ICAKICA8dGQgd2lkdGg9IjY4MiIgYWxpZ249ImNlbnRlciI+ICAKPGltZyBib3JkZXI9IjAiIHNyYz0iaHR0cHM6Ly9pbWFnZS5yYWt1dGVuLmNvLmpwL2didC1ka28vY2FiaW5ldC90b3BpbWcveDI2NzEwX3BvcC5qcGciIHdpZHRoPSI2MjUiIGhlaWdodD0iMTM3IiBhbHQ9IuODrOODs+OCrOiqv+Wjgee0mSI+IAogIDwvdGQ+PC90cj4gCjx0cj4gCiAgPHRkIHdpZHRoPSI2ODIiIGFsaWduPSJjZW50ZXIiPiAKPGltZyBib3JkZXI9IjAiIHNyYz0iaHR0cHM6Ly9pbWFnZS5yYWt1dGVuLmNvLmpwL2didC1ka28vY2FiaW5ldC90b3BpbWcvMjU1OTlfcG9wLmpwZyIgd2lkdGg9IjYyNSIgaGVpZ2h0PSIxMzciIGFsdD0i44OH44Kk44Op44Kk44OI6Ieq5YuV54K554Gv44Kt44OD44OIIj4gCiAgPC90ZD48L3RyPiAKPHRyPiAKICA8dGQgd2lkdGg9IjY4MiIgYWxpZ249ImNlbnRlciI+IAo8aW1nIGJvcmRlcj0iMCIgc3JjPSJodHRwczovL2ltYWdlLnJha3V0ZW4uY28uanAvZ2J0LWRrby9jYWJpbmV0L3RvcGltZy8yNDk3M19wb3AuanBnIiB3aWR0aD0iNjI1IiBoZWlnaHQ9IjEzNyIgYWx0PSLjgr3jg7zjg6njg7zjgrnjg53jg4Pjg4jjg6njgqTjg4jvvIEiPiAKICA8L3RkPjwvdHI+IAo8dHI+IAogIDx0ZCB3aWR0aD0iNjgyIiBhbGlnbj0iY2VudGVyIj4gCjxpbWcgYm9yZGVyPSIwIiBzcmM9Imh0dHBzOi8vaW1hZ2UucmFrdXRlbi5jby5qcC9nYnQtZGtvL2NhYmluZXQvdG9waW1nLzI0NjcwX3BvcC5qcGciIHdpZHRoPSI2MjUiIGhlaWdodD0iMTM3Ij4gCiAgPC90ZD48L3RyPiAKPHRyPiAKICA8dGQgd2lkdGg9IjY4MiIgYWxpZ249ImNlbnRlciI+IAo8aW1nIGJvcmRlcj0iMCIgc3JjPSJodHRwczovL2ltYWdlLnJha3V0ZW4uY28uanAvZ2J0LWRrby9jYWJpbmV0L3RvcGltZy94MjQ1MjlfcG9wLmpwZyIgd2lkdGg9IjYyNSIgaGVpZ2h0PSIyNzQiPiAKICA8L3RkPjwvdHI+IAo8dHI+IAogIDx0ZCB3aWR0aD0iNjgyIiBhbGlnbj0iY2VudGVyIj4gCjxpbWcgYm9yZGVyPSIwIiBzcmM9Imh0dHBzOi8vaW1hZ2UucmFrdXRlbi5jby5qcC9nYnQtZGtvL2NhYmluZXQvdG9waW1nLzIzOTE5Ym4uanBnIiB3aWR0aD0iNjI1IiBoZWlnaHQ9IjEzNyI+PC90ZD48L3RyPiAKPHRyPiAKICA8dGQgd2lkdGg9IjY4MiIgYWxpZ249ImNlbnRlciI+IAogIDwvdGQ+PC90cj4gCjx0cj4gCiAgPHRkIHdpZHRoPSI2ODIiIGFsaWduPSJjZW50ZXIiPiAKPGltZyBib3JkZXI9IjAiIHNyYz0iaHR0cHM6Ly9pbWFnZS5yYWt1dGVuLmNvLmpwL2didC1ka28vY2FiaW5ldC90b3BpbWcveDI0MTU1X3BvcC5qcGciIHdpZHRoPSI2MjUiIGhlaWdodD0iMjc1Ij48L3RkPjwvdHI+IAo8dHI+IAogIDx0ZCB3aWR0aD0iNjgyIiBhbGlnbj0iY2VudGVyIj4gCjxpbWcgYm9yZGVyPSIwIiBzcmM9Imh0dHBzOi8vaW1hZ2UucmFrdXRlbi5jby5qcC9nYnQtZGtvL2NhYmluZXQvdG9waW1nL3NpeHRoc2Vuc2UtcG9wLmpwZyIgd2lkdGg9IjYyNSIgaGVpZ2h0PSIyNzUiPjwvdGQ+PC90cj4gCjwvdGFibGU+IAo8dGFibGUgYm9yZGVyPSIwIiB3aWR0aD0iNjgwIj4gCjx0cj48dGQgd2lkdGg9IjUwJSIgaGVpZ2h0PSIyMzgiPjxwIGFsaWduPSJjZW50ZXIiPjxpbWcgYm9yZGVyPSIwIiBzcmM9Imh0dHBzOi8vaW1hZ2UucmFrdXRlbi5jby5qcC9nYnQtZGtvL2NhYmluZXQvbGluZS10YXBlLzIyMzE3XzEuanBnIiB3aWR0aD0iMzM1IiBoZWlnaHQ9IjI1MSI+PC9wPiAKPC90ZD48dGQgd2lkdGg9IjUwJSIgaGVpZ2h0PSIyMzgiPjxpbWcgYm9yZGVyPSIwIiBzcmM9Imh0dHBzOi8vaW1hZ2UucmFrdXRlbi5jby5qcC9nYnQtZGtvL2NhYmluZXQvY2FhYy1hbGxpbWcvMjQ4MzNfMXIuanBnIiB3aWR0aD0iMzM1IiBoZWlnaHQ9IjI1MSI+PC90ZD4gCjwvdHI+IAo8L3RhYmxlPiAKPHRhYmxlIGJvcmRlcj0iMCIgd2lkdGg9IjY4MCIgaGVpZ2h0PSIxMzEiPiAKPHRyPiAKPHRkIHdpZHRoPSI1MCUiIGFsaWduPSJjZW50ZXIiIGhlaWdodD0iODkiPjxpbWcgYm9yZGVyPSIwIiBzcmM9Imh0dHBzOi8vdGh1bWJuYWlsLmltYWdlLnJha3V0ZW4uY28uanAvQDBfbWFsbC9nYnQtZGtvL2NhYmluZXQvdG9waW1nL2Jhbm5lcl9jYXIxMjcuanBnP19leD0zMzV4MzM1Ij4gCjwvdGQ+IAo8dGQgd2lkdGg9IjUwJSIgYWxpZ249ImNlbnRlciIgaGVpZ2h0PSI4OSI+PGltZyBib3JkZXI9IjAiIHNyYz0iaHR0cHM6Ly90aHVtYm5haWwuaW1hZ2UucmFrdXRlbi5jby5qcC9AMF9tYWxsL2didC1ka28vY2FiaW5ldC90b3BpbWcvYmFubmVyX2NhcjgzLmpwZz9fZXg9MzM1eDMzNSI+PC90ZD4gCjwvdHI+IAo8dHI+IAo8dGQgd2lkdGg9IjUwJSIgYWxpZ249ImNlbnRlciIgaGVpZ2h0PSI5MCI+PGltZyBib3JkZXI9IjAiIHNyYz0iaHR0cHM6Ly9pbWFnZS5yYWt1dGVuLmNvLmpwL2didC1ka28vY2FiaW5ldC90b3BpbWcvYmFubmVyX2NhcjEzMy5naWYiIHdpZHRoPSIzMzUiIGhlaWdodD0iODgiPjwvdGQ+IAo8dGQgd2lkdGg9IjUwJSIgYWxpZ249ImNlbnRlciIgaGVpZ2h0PSI5MCI+PGltZyBib3JkZXI9IjAiIHNyYz0iaHR0cHM6Ly90aHVtYm5haWwuaW1hZ2UucmFrdXRlbi5jby5qcC9AMF9tYWxsL2didC1ka28vY2FiaW5ldC90b3BpbWcvc3BlY2lhbHNhbGVfczA1LmpwZz9fZXg9MzM1eDMzNSI+PC90ZD4gCjwvdHI+IAo8dHI+IAo8dGggd2lkdGg9IjY5MCIgY29sc3Bhbj0iMiIgaGVpZ2h0PSIxIj4gCjxocj4gCjxwPiAgICAgICAgICAKPGZvbnQgY29sb3I9IiNGRjAwNjYiPuKYheODrOODk+ODpeODvOOBruabuOOBjeaWueOBjOWIhuOBi+OCieOBquOBhOaWueOBr+OBk+OBoeOCieOCkuOBlOimp+OBj+OBoOOBleOBhOKHkjwvZm9udD4gICAgICAgICAgCjwvdGg+IAo8L3RyPiAKPC90YWJsZT4gCiAKPC9jZW50ZXI+,44OX44Oq44Km44K5MzAgTEVE44Or44O844Og44Op44Oz44OXIOOCteODs+ODq+ODvOODleacieOCiiDmlrDlnovjg5fjg6rjgqbjgrlaVlczMOWwgueUqExFROODq+ODvOODoOODqeODs+ODlyA4UCBTTUTvvJrjg4DjgqTjgrPjg7PljbjjgIDnm7Tosqnpg6g=,44Kk44Or44Of44ON44O844K344On44OzIOOCr+ODquOCueODnuOCuSDjgr3jg7zjg6njg7zjgq/jg6rjgrnjg57jgrnjg4Tjg6rjg7wg44GK44GX44KD44KMTEVEIOOCpuOCpOODs+OCq+ODvCDjg4bjg7zjg6vjg6njg7Pjg5cg44Or44O844Og44Op44Oz44OX77yo77yp77yk44Kt44OD44OISElE44Kt44OD44OIIEgxIEgzIEg0IEg3IEg4IEgxMSBIQjMgSEI044OV44Kp44Kw44Op44Oz44OXSElE44Kt44K744OO44Oz44OP44Kk44OV44Op6Ziy5q2i5oq15oqX5ZmoVDEwIFQxNiBUMjAgUzI144Kr44O855So5ZOBIOOCq+ODvOODkeODvOODhOWcsOODh+OCuOOCouODs+ODhuODikdQU+OCouODs+ODhuODiuOCquODs+ODgOODg+OCt+ODpeODouODi+OCv+ODvOODl+ODquOCpuOCueOCouOCr+OCouODj+OCpOOCqOODvOOCueODtOOCp+ODq+ODleOCoeOCpOOCouOCueODhuODg+ODl+ODr+OCtOODs04gYm9444Km44Kk44Od44K444OX44Oq44Km44K5MzAgTEVE44Or44O844Og44Op44Oz44OXIOOCteODs+ODq+ODvOODleacieOCiiDmlrDlnovjg5fjg6rjgqbjgrlaVlczMOWwgueUqExFROODq+ODvOODoOODqeODs+ODlyA4UCBTTUQ=,44OX44Oq44Km44K5MzAgTEVE44Or44O844Og44Op44Oz44OX44CC44OX44Oq44Km44K5MzAgTEVE44Or44O844Og44Op44Oz44OXIOOCteODs+ODq+ODvOODleacieOCiiDmlrDlnovjg5fjg6rjgqbjgrlaVlczMOWwgueUqExFROODq+ODvOODoOODqeODs+ODlyA4UCBTTUQ=[rn]
3-47031,aHR0cDovL3RzaG9wLnIxMHMuanAvZ2J0LWRrby9jYWJpbmV0L3Jvb21zZXQvMjAyNDBfMy5qcGc/Zml0aW49NzAwOjcwMA==,MzAzMi44MDAw,,6LuK55So5ZOB44O744OQ44Kk44Kv55So5ZOBID4g44Kr44O855So5ZOBID4g44Op44Kk44OI44O744Op44Oz44OXID4g44Or44O844Og44Op44Oz44OX,44OP44Kk44Ko44O844K5MjAw57O7IExFROODq+ODvOODoOODqeODs+ODlyDlhYnph49VUCAzY2hpcCBTTUTjgr/jgqTjg5cgTEVE44Or44O844Og44Op44Oz44OXIDjngrlzZXQg44OP44Kk44Ko44O844K5MjAw57O7fEhJQUNFIOODj+OCpOOCqOODvOOCueODkOODsyDjgqvjg7znlKjlk4Eg6LuK55So5ZOBIOOCq+ODvOOCsOODg+OCuiDjg4/jgqTjgqjjg7zjgrkg44OQ44OzIOODkeODvOODhCDjg4jjg6jjgr/jg4/jgqTjgqjjg7zjgrkg44OI44Oo44K/IFRPWU9UQSBMRUTjg6njg7Pjg5cg5a6k5YaF54GvIOODq+ODvOODoOODqeOCpOODiCDlhoXoo4Xjg5Hjg7zjg4Q=,44OP44Kk44Ko44O844K5MjAw57O7IExFROODq+ODvOODoOODqeODs+ODlyDnsKHljZjlj5bku5g=,MjAxNOW5tOWGjeWFpeiNtzjmnIg8YnI+PGNlbnRlcj4KPFRBQkxFIEJPUkRFUj0wIGNlbGxzcGFjaW5nPTAgQ0VMTFBBRERJTkc9MCB3aWR0aD02ODAgaGVpZ2h0PSI1MCI+Cjx0cj48dGggaGVpZ2h0PSIxIiBhbGlnbj0iY2VudGVyIiB3aWR0aD0iNjgwIj4KCjxpbWcgYm9yZGVyPSIwIiBzcmM9Imh0dHA6Ly9pbWFnZS5yYWt1dGVuLmNvLmpwL2didC1ka28vY2FiaW5ldC90b3BpbWcvbV9tYWdhemluZS5naWYiPgo8L3RoPjwvdHI+PC9UQUJMRT48L2NlbnRlcj48YnI+PGJyPjxoZWFkPgo8c3R5bGUgdHlwZT0idGV4dC9jc3MiPgo8IS0tCnNwYW4udW5pdCB7IGJhY2tncm91bmQ6IHVybChodHRwczovL2ltYWdlLnJha3V0ZW4uY28uanAvZ2J0LWRrby9jYWJpbmV0L2NhcnRfaW5mby5naWYpIG5vLXJlcGVhdCBsZWZ0IHRvcDsgdGV4dC1pbmRlbnQ6Ci05OTk5OyBkaXNwbGF5OiBibG9jazsgd2lkdGg6IDMxNTsgaGVpZ2h0OiA0MjI7IG1hcmdpbjoxNXB4IDA7IH0KLS0+Cjwvc3R5bGU+CjwvaGVhZD4KCjxjZW50ZXI+Cjx0YWJsZSBib3JkZXI9IjAiIHdpZHRoPSI2ODAiIGNlbGxzcGFjaW5nPSIwIiBjZWxscGFkZGluZz0iMCI+Cjx0cj48dGQgd2lkdGg9IjMzJSI+PC90ZD4KPHRkIHdpZHRoPSIzMyUiPjxjZW50ZXI+CjwvY2VudGVyPjwvdGQ+ICAgIAo8dGQgd2lkdGg9IjM0JSI+PC90ZD48L3RyPjwvdGFibGU+ICAgIAo8dGFibGUgYm9yZGVyPSIwIiB3aWR0aD0iNjgwIiBoZWlnaHQ9IjEwMSI+ICAgIAo8dHI+ICAgIAo8dGQgd2lkdGg9IjEwMCUiIGFsaWduPSJjZW50ZXIiIGhlaWdodD0iMTgiPiAgICAKPC90ZD48L3RyPiAgICAKPHRyPjx0ZCB3aWR0aD0iMTAwJSIgaGVpZ2h0PSIyOSI+PC90ZD48L3RyPjx0cj48dGQgd2lkdGg9IjEwMCUiIGFsaWduPSJjZW50ZXIiIGhlaWdodD0iMTMiPiAgICAgICAgICAgICAgICAgIAogICAgCjwvdGQ+PC90cj4gICAgCjx0cj48dGQgd2lkdGg9IjEwMCUiIGhlaWdodD0iMjUiPiAgICAKPGhyPjwvdGQ+PC90cj4gICAgCjwvdGFibGU+ICAgIAo8dGFibGUgYm9yZGVyPSIwIiB3aWR0aD0iNjg5Ij4gICAgCjx0cj4gICAgCiAgPHRkIHdpZHRoPSI2ODIiIGFsaWduPSJjZW50ZXIiPiAgICAKPGltZyBib3JkZXI9IjAiIHNyYz0iaHR0cHM6Ly9pbWFnZS5yYWt1dGVuLmNvLmpwL2didC1ka28vY2FiaW5ldC90b3BpbWcveDI2NTQ5X3BvcC5qcGciIHdpZHRoPSI2MjUiIGhlaWdodD0iMTM3IiBhbHQ9IuODiuODs+ODkOODvOODnOODq+ODiOOCreODo+ODg+ODlyI+ICAKICA8L3RkPjwvdHI+ICAKPHRyPiAgIAogIDx0ZCB3aWR0aD0iNjgyIiBhbGlnbj0iY2VudGVyIj4gICAKPGltZyBib3JkZXI9IjAiIHNyYz0iaHR0cHM6Ly9pbWFnZS5yYWt1dGVuLmNvLmpwL2didC1ka28vY2FiaW5ldC90b3BpbWcvMjY1MDBfcG9wLmpwZyIgd2lkdGg9IjYyNSIgaGVpZ2h0PSIxMzciIGFsdD0i44Ov44Oz44K/44OD44OB44K144Oz44Kt44Ol44O844OP44K244O844OJ44Om44OL44OD44OIIj4gIAogIDwvdGQ+PC90cj4gIAo8dHI+ICAgCiAgPHRkIHdpZHRoPSI2ODIiIGFsaWduPSJjZW50ZXIiPiAgIAo8aW1nIGJvcmRlcj0iMCIgc3JjPSJodHRwczovL2ltYWdlLnJha3V0ZW4uY28uanAvZ2J0LWRrby9jYWJpbmV0L3RvcGltZy8yNjQ5OF9wb3AuanBnIiB3aWR0aD0iNjI1IiBoZWlnaHQ9IjEzNyIgYWx0PSLjg6/jgqTjg5HjgqbjgqPjgrbjg7zjg4kiPiAgCiAgPC90ZD48L3RyPiAgCjx0cj4gIAogIDx0ZCB3aWR0aD0iNjgyIiBhbGlnbj0iY2VudGVyIj4gIAo8aW1nIGJvcmRlcj0iMCIgc3JjPSJodHRwczovL2ltYWdlLnJha3V0ZW4uY28uanAvZ2J0LWRrby9jYWJpbmV0L3RvcGltZy94MjUzNjhfcG9wLmpwZyIgd2lkdGg9IjYyNSIgaGVpZ2h0PSIxMzciIGFsdD0i44OP44Oz44Oi44OD44Kv6Ieq56uL5byPIj4gIAogIDwvdGQ+PC90cj4gIAo8dHI+ICAKICA8dGQgd2lkdGg9IjY4MiIgYWxpZ249ImNlbnRlciI+ICAKPGltZyBib3JkZXI9IjAiIHNyYz0iaHR0cHM6Ly9pbWFnZS5yYWt1dGVuLmNvLmpwL2didC1ka28vY2FiaW5ldC90b3BpbWcveDI2NzEwX3BvcC5qcGciIHdpZHRoPSI2MjUiIGhlaWdodD0iMTM3IiBhbHQ9IuODrOODs+OCrOiqv+Wjgee0mSI+IAogIDwvdGQ+PC90cj4gCjx0cj4gCiAgPHRkIHdpZHRoPSI2ODIiIGFsaWduPSJjZW50ZXIiPiAKPGltZyBib3JkZXI9IjAiIHNyYz0iaHR0cHM6Ly9pbWFnZS5yYWt1dGVuLmNvLmpwL2didC1ka28vY2FiaW5ldC90b3BpbWcvMjU1OTlfcG9wLmpwZyIgd2lkdGg9IjYyNSIgaGVpZ2h0PSIxMzciIGFsdD0i44OH44Kk44Op44Kk44OI6Ieq5YuV54K554Gv44Kt44OD44OIIj4gCiAgPC90ZD48L3RyPiAKPHRyPiAKICA8dGQgd2lkdGg9IjY4MiIgYWxpZ249ImNlbnRlciI+IAo8aW1nIGJvcmRlcj0iMCIgc3JjPSJodHRwczovL2ltYWdlLnJha3V0ZW4uY28uanAvZ2J0LWRrby9jYWJpbmV0L3RvcGltZy8yNDk3M19wb3AuanBnIiB3aWR0aD0iNjI1IiBoZWlnaHQ9IjEzNyIgYWx0PSLjgr3jg7zjg6njg7zjgrnjg53jg4Pjg4jjg6njgqTjg4jvvIEiPiAKICA8L3RkPjwvdHI+IAo8dHI+IAogIDx0ZCB3aWR0aD0iNjgyIiBhbGlnbj0iY2VudGVyIj4gCjxpbWcgYm9yZGVyPSIwIiBzcmM9Imh0dHBzOi8vaW1hZ2UucmFrdXRlbi5jby5qcC9nYnQtZGtvL2NhYmluZXQvdG9waW1nLzI0NjcwX3BvcC5qcGciIHdpZHRoPSI2MjUiIGhlaWdodD0iMTM3Ij4gCiAgPC90ZD48L3RyPiAKPHRyPiAKICA8dGQgd2lkdGg9IjY4MiIgYWxpZ249ImNlbnRlciI+IAo8aW1nIGJvcmRlcj0iMCIgc3JjPSJodHRwczovL2ltYWdlLnJha3V0ZW4uY28uanAvZ2J0LWRrby9jYWJpbmV0L3RvcGltZy94MjQ1MjlfcG9wLmpwZyIgd2lkdGg9IjYyNSIgaGVpZ2h0PSIyNzQiPiAKICA8L3RkPjwvdHI+IAo8dHI+IAogIDx0ZCB3aWR0aD0iNjgyIiBhbGlnbj0iY2VudGVyIj4gCjxpbWcgYm9yZGVyPSIwIiBzcmM9Imh0dHBzOi8vaW1hZ2UucmFrdXRlbi5jby5qcC9nYnQtZGtvL2NhYmluZXQvdG9waW1nLzIzOTE5Ym4uanBnIiB3aWR0aD0iNjI1IiBoZWlnaHQ9IjEzNyI+PC90ZD48L3RyPiAKPHRyPiAKICA8dGQgd2lkdGg9IjY4MiIgYWxpZ249ImNlbnRlciI+IAogIDwvdGQ+PC90cj4gCjx0cj4gCiAgPHRkIHdpZHRoPSI2ODIiIGFsaWduPSJjZW50ZXIiPiAKPGltZyBib3JkZXI9IjAiIHNyYz0iaHR0cHM6Ly9pbWFnZS5yYWt1dGVuLmNvLmpwL2didC1ka28vY2FiaW5ldC90b3BpbWcveDI0MTU1X3BvcC5qcGciIHdpZHRoPSI2MjUiIGhlaWdodD0iMjc1Ij48L3RkPjwvdHI+IAo8dHI+IAogIDx0ZCB3aWR0aD0iNjgyIiBhbGlnbj0iY2VudGVyIj4gCjxpbWcgYm9yZGVyPSIwIiBzcmM9Imh0dHBzOi8vaW1hZ2UucmFrdXRlbi5jby5qcC9nYnQtZGtvL2NhYmluZXQvdG9waW1nL3NpeHRoc2Vuc2UtcG9wLmpwZyIgd2lkdGg9IjYyNSIgaGVpZ2h0PSIyNzUiPjwvdGQ+PC90cj4gCjwvdGFibGU+IAo8dGFibGUgYm9yZGVyPSIwIiB3aWR0aD0iNjgwIj4gCjx0cj48dGQgd2lkdGg9IjUwJSIgaGVpZ2h0PSIyMzgiPjxwIGFsaWduPSJjZW50ZXIiPjxpbWcgYm9yZGVyPSIwIiBzcmM9Imh0dHBzOi8vaW1hZ2UucmFrdXRlbi5jby5qcC9nYnQtZGtvL2NhYmluZXQvbGluZS10YXBlLzIyMzE3XzEuanBnIiB3aWR0aD0iMzM1IiBoZWlnaHQ9IjI1MSI+PC9wPiAKPC90ZD48dGQgd2lkdGg9IjUwJSIgaGVpZ2h0PSIyMzgiPjxpbWcgYm9yZGVyPSIwIiBzcmM9Imh0dHBzOi8vaW1hZ2UucmFrdXRlbi5jby5qcC9nYnQtZGtvL2NhYmluZXQvY2FhYy1hbGxpbWcvMjQ4MzNfMXIuanBnIiB3aWR0aD0iMzM1IiBoZWlnaHQ9IjI1MSI+PC90ZD4gCjwvdHI+IAo8L3RhYmxlPiAKPHRhYmxlIGJvcmRlcj0iMCIgd2lkdGg9IjY4MCIgaGVpZ2h0PSIxMzEiPiAKPHRyPiAKPHRkIHdpZHRoPSI1MCUiIGFsaWduPSJjZW50ZXIiIGhlaWdodD0iODkiPjxpbWcgYm9yZGVyPSIwIiBzcmM9Imh0dHBzOi8vdGh1bWJuYWlsLmltYWdlLnJha3V0ZW4uY28uanAvQDBfbWFsbC9nYnQtZGtvL2NhYmluZXQvdG9waW1nL2Jhbm5lcl9jYXIxMjcuanBnP19leD0zMzV4MzM1Ij4gCjwvdGQ+IAo8dGQgd2lkdGg9IjUwJSIgYWxpZ249ImNlbnRlciIgaGVpZ2h0PSI4OSI+PGltZyBib3JkZXI9IjAiIHNyYz0iaHR0cHM6Ly90aHVtYm5haWwuaW1hZ2UucmFrdXRlbi5jby5qcC9AMF9tYWxsL2didC1ka28vY2FiaW5ldC90b3BpbWcvYmFubmVyX2NhcjgzLmpwZz9fZXg9MzM1eDMzNSI+PC90ZD4gCjwvdHI+IAo8dHI+IAo8dGQgd2lkdGg9IjUwJSIgYWxpZ249ImNlbnRlciIgaGVpZ2h0PSI5MCI+PGltZyBib3JkZXI9IjAiIHNyYz0iaHR0cHM6Ly9pbWFnZS5yYWt1dGVuLmNvLmpwL2didC1ka28vY2FiaW5ldC90b3BpbWcvYmFubmVyX2NhcjEzMy5naWYiIHdpZHRoPSIzMzUiIGhlaWdodD0iODgiPjwvdGQ+IAo8dGQgd2lkdGg9IjUwJSIgYWxpZ249ImNlbnRlciIgaGVpZ2h0PSI5MCI+PGltZyBib3JkZXI9IjAiIHNyYz0iaHR0cHM6Ly90aHVtYm5haWwuaW1hZ2UucmFrdXRlbi5jby5qcC9AMF9tYWxsL2didC1ka28vY2FiaW5ldC90b3BpbWcvc3BlY2lhbHNhbGVfczA1LmpwZz9fZXg9MzM1eDMzNSI+PC90ZD4gCjwvdHI+IAo8dHI+IAo8dGggd2lkdGg9IjY5MCIgY29sc3Bhbj0iMiIgaGVpZ2h0PSIxIj4gCjxocj4gCjxwPiAgICAgICAgICAKPGZvbnQgY29sb3I9IiNGRjAwNjYiPuKYheODrOODk+ODpeODvOOBruabuOOBjeaWueOBjOWIhuOBi+OCieOBquOBhOaWueOBr+OBk+OBoeOCieOCkuOBlOimp+OBj+OBoOOBleOBhOKHkjwvZm9udD4gICAgICAgICAgCjwvdGg+IAo8L3RyPiAKPC90YWJsZT4gCiAKPC9jZW50ZXI+,44OP44Kk44Ko44O844K5MjAw57O7IExFROODq+ODvOODoOODqeODs+ODlyDlhYnph49VUCAzY2hpcCBTTUTjgr/jgqTjg5cgTEVE44Or44O844Og44Op44Oz44OXIDjngrlzZXQg44OP44Kk44Ko44O844K5MjAw57O7fEhJQUNFIOODj+OCpOOCqOODvOOCueODkOODsyDjgqvjg7znlKjlk4Eg6LuK55So5ZOBIOOCq+ODvOOCsOODg+OCuiDjg4/jgqTjgqjjg7zjgrkg44OQ44OzIOODkeODvOODhCDjg4jjg6jjgr/jg4/jgqTjgqjjg7zjgrkg44OI44Oo44K/IFRPWU9UQSBMRUTjg6njg7Pjg5cg5a6k5YaF54GvIOODq+ODvOODoOODqeOCpOODiCDlhoXoo4Xjg5Hjg7zjg4TvvJrjg4DjgqTjgrPjg7PljbjjgIDnm7Tosqnpg6g=,44Kk44Or44Of44ON44O844K344On44OzIOOCr+ODquOCueODnuOCuSDjgr3jg7zjg6njg7zjgq/jg6rjgrnjg57jgrnjg4Tjg6rjg7wg44GK44GX44KD44KMTEVEIOOCpuOCpOODs+OCq+ODvCDjg4bjg7zjg6vjg6njg7Pjg5cg44Or44O844Og44Op44Oz44OX77yo77yp77yk44Kt44OD44OISElE44Kt44OD44OIIEgxIEgzIEg0IEg3IEg4IEgxMSBIQjMgSEI044OV44Kp44Kw44Op44Oz44OXSElE44Kt44K744OO44Oz44OP44Kk44OV44Op6Ziy5q2i5oq15oqX5ZmoVDEwIFQxNiBUMjAgUzI144Kr44O855So5ZOBIOOCq+ODvOODkeODvOODhOWcsOODh+OCuOOCouODs+ODhuODikdQU+OCouODs+ODhuODiuOCquODs+ODgOODg+OCt+ODpeODouODi+OCv+ODvOODl+ODquOCpuOCueOCouOCr+OCouODj+OCpOOCqOODvOOCueODtOOCp+ODq+ODleOCoeOCpOOCouOCueODhuODg+ODl+ODr+OCtOODs04gYm9444Km44Kk44Od44K444OP44Kk44Ko44O844K5MjAw57O7IExFROODq+ODvOODoOODqeODs+ODlyDlhYnph49VUCAzY2hpcCBTTUTjgr/jgqTjg5cgTEVE44Or44O844Og44Op44Oz44OXIDjngrlzZXQg44OP44Kk44Ko44O844K5MjAw57O7fEhJQUNFIOODj+OCpOOCqOODvOOCueODkOODsyDjgqvjg7znlKjlk4Eg6LuK55So5ZOBIOOCq+ODvOOCsOODg+OCuiDjg4/jgqTjgqjjg7zjgrkg44OQ44OzIOODkeODvOODhCDjg4jjg6jjgr/jg4/jgqTjgqjjg7zjgrkg44OI44Oo44K/IFRPWU9UQSBMRUTjg6njg7Pjg5cg5a6k5YaF54GvIOODq+ODvOODoOODqeOCpOODiCDlhoXoo4Xjg5Hjg7zjg4Q=,44OP44Kk44Ko44O844K5MjAw57O7IExFROODq+ODvOODoOODqeODs+ODlyDnsKHljZjlj5bku5jjgILjg4/jgqTjgqjjg7zjgrkyMDDns7sgTEVE44Or44O844Og44Op44Oz44OXIOWFiemHj1VQIDNjaGlwIFNNROOCv+OCpOODlyBMRUTjg6vjg7zjg6Djg6njg7Pjg5cgOOeCuXNldCDjg4/jgqTjgqjjg7zjgrkyMDDns7t8SElBQ0Ug44OP44Kk44Ko44O844K544OQ44OzIOOCq+ODvOeUqOWTgSDou4rnlKjlk4Eg44Kr44O844Kw44OD44K6IOODj+OCpOOCqOODvOOCuSDjg5Djg7Mg44OR44O844OEIOODiOODqOOCv+ODj+OCpOOCqOODvOOCuSDjg4jjg6jjgr8gVE9ZT1RBIExFROODqeODs+ODlyDlrqTlhoXnga8g44Or44O844Og44Op44Kk44OIIOWGheijheODkeODvOODhA==[rn]
3-47032,aHR0cDovL3RzaG9wLnIxMHMuanAvZ2J0LWRrby9jYWJpbmV0L3Jvb21zZXQvMjM2MzJfMS5qcGc/Zml0aW49NzAwOjcwMA==,MjcyOC4wMDAw,,6LuK55So5ZOB44O744OQ44Kk44Kv55So5ZOBID4g44Kr44O855So5ZOBID4g44Op44Kk44OI44O744Op44Oz44OXID4g44Or44O844Og44Op44Oz44OX,TEVE44Or44O844Og44Op44Oz44OXIOOCu+ODrOODiiBDMjYgTklTU0FOIOOCu+ODrOODiiBDMjbns7vlsILnlKjoqK3oqIggTEVE44Or44O844Og44Op44Oz44OX44K744OD44OI55m9IDExOVNNRCA2566H5omA,TEVE44Or44O844Og44Op44Oz44OXIOOCu+ODrOODiiBDMjYg5piO44KL44GV44KS5rGC44KB44KL44Gq44KJU01E,PGNlbnRlcj4KPFRBQkxFIEJPUkRFUj0wIGNlbGxzcGFjaW5nPTAgQ0VMTFBBRERJTkc9MCB3aWR0aD02ODAgaGVpZ2h0PSI1MCI+Cjx0cj48dGggaGVpZ2h0PSIxIiBhbGlnbj0iY2VudGVyIiB3aWR0aD0iNjgwIj4KCjxpbWcgYm9yZGVyPSIwIiBzcmM9Imh0dHA6Ly9pbWFnZS5yYWt1dGVuLmNvLmpwL2didC1ka28vY2FiaW5ldC90b3BpbWcvbV9tYWdhemluZS5naWYiPgo8L3RoPjwvdHI+PC9UQUJMRT48L2NlbnRlcj48YnI+PGJyPlNFUkVOQSBDMjYg5a6k5YaF54GvPGJyPjxjZW50ZXI+ICAKPFRBQkxFIEJPUkRFUj0wIGNlbGxzcGFjaW5nPTMgQ0VMTFBBRERJTkc9MyB3aWR0aD02NTAgaGVpZ2h0PSIxOTQiIGJvcmRlcmNvbG9yPSIjQzBDMEMwIj4KPFRSPgogIDxUSCBBTElHTj1jZW50ZXIgVkFMSUdOPW1pZGRsZSBCR0NPTE9SPSMwMDAwMDAgQ09MU1BBTj0yIGhlaWdodD0iMzQiIHdpZHRoPSI2MzQiPjxmb250IHNpemU9IjQiIGNvbG9yPSIjRkZGRjAwIj7il4Y8L2ZvbnQ+PGZvbnQgY29sb3I9IiNGRkZGRkYiIHNpemU9IjQiPuOCq+ODqeODvOmBleOBhOOBguOCiuOBvuOBmTwvZm9udD48Zm9udCBzaXplPSI0IiBjb2xvcj0iI0ZGRkYwMCI+4peGPC9mb250PjwvdGg+PC90cj4KICAKPHRyPjx0ZCBoZWlnaHQ9IjEiIGJnY29sb3I9IiNFRkVGRUYiIGFsaWduPSJjZW50ZXIiIHdpZHRoPSIzMjMiPgogICAgPGltZyBib3JkZXI9IjAiIHNyYz0iaHR0cDovL3RodW1ibmFpbC5pbWFnZS5yYWt1dGVuLmNvLmpwL0AwX21hbGwvZ2J0LWRrby9jYWJpbmV0L3Jvb21zZXQvMjM5MTBfMS5qcGc/X2V4PTMyMHgzMjAiPgogIDwvdGQ+IAoKICA8dGQgaGVpZ2h0PSIxIiBiZ2NvbG9yPSIjRUZFRkVGIiBhbGlnbj0iY2VudGVyIiB3aWR0aD0iMzIzIj4KICAgIDxpbWcgYm9yZGVyPSIwIiBzcmM9Imh0dHA6Ly90aHVtYm5haWwuaW1hZ2UucmFrdXRlbi5jby5qcC9AMF9tYWxsL2didC1ka28vY2FiaW5ldC9yb29tc2V0LzIzOTExXzEuanBnP19leD0zMjB4MzIwIj4KICA8L3RkPiAKCjwvdHI+CiAKPC9UQUJMRT48L2NlbnRlcj48aGVhZD4KPHN0eWxlIHR5cGU9InRleHQvY3NzIj4KPCEtLQpzcGFuLnVuaXQgeyBiYWNrZ3JvdW5kOiB1cmwoaHR0cHM6Ly9pbWFnZS5yYWt1dGVuLmNvLmpwL2didC1ka28vY2FiaW5ldC9jYXJ0X2luZm8uZ2lmKSBuby1yZXBlYXQgbGVmdCB0b3A7IHRleHQtaW5kZW50OgotOTk5OTsgZGlzcGxheTogYmxvY2s7IHdpZHRoOiAzMTU7IGhlaWdodDogNDIyOyBtYXJnaW46MTVweCAwOyB9Ci0tPgo8L3N0eWxlPgo8L2hlYWQ+Cgo8Y2VudGVyPgo8dGFibGUgYm9yZGVyPSIwIiB3aWR0aD0iNjgwIiBjZWxsc3BhY2luZz0iMCIgY2VsbHBhZGRpbmc9IjAiPgo8dHI+PHRkIHdpZHRoPSIzMyUiPjwvdGQ+Cjx0ZCB3aWR0aD0iMzMlIj48Y2VudGVyPgo8L2NlbnRlcj48L3RkPiAgICAKPHRkIHdpZHRoPSIzNCUiPjwvdGQ+PC90cj48L3RhYmxlPiAgICAKPHRhYmxlIGJvcmRlcj0iMCIgd2lkdGg9IjY4MCIgaGVpZ2h0PSIxMDEiPiAgICAKPHRyPiAgICAKPHRkIHdpZHRoPSIxMDAlIiBhbGlnbj0iY2VudGVyIiBoZWlnaHQ9IjE4Ij4gICAgCjwvdGQ+PC90cj4gICAgCjx0cj48dGQgd2lkdGg9IjEwMCUiIGhlaWdodD0iMjkiPjwvdGQ+PC90cj48dHI+PHRkIHdpZHRoPSIxMDAlIiBhbGlnbj0iY2VudGVyIiBoZWlnaHQ9IjEzIj4gICAgICAgICAgICAgICAgICAKICAgIAo8L3RkPjwvdHI+ICAgIAo8dHI+PHRkIHdpZHRoPSIxMDAlIiBoZWlnaHQ9IjI1Ij4gICAgCjxocj48L3RkPjwvdHI+ICAgIAo8L3RhYmxlPiAgICAKPHRhYmxlIGJvcmRlcj0iMCIgd2lkdGg9IjY4OSI+ICAgIAo8dHI+ICAgIAogIDx0ZCB3aWR0aD0iNjgyIiBhbGlnbj0iY2VudGVyIj4gICAgCjxpbWcgYm9yZGVyPSIwIiBzcmM9Imh0dHBzOi8vaW1hZ2UucmFrdXRlbi5jby5qcC9nYnQtZGtvL2NhYmluZXQvdG9waW1nL3gyNjU0OV9wb3AuanBnIiB3aWR0aD0iNjI1IiBoZWlnaHQ9IjEzNyIgYWx0PSLjg4rjg7Pjg5Djg7zjg5zjg6vjg4jjgq3jg6Pjg4Pjg5ciPiAgCiAgPC90ZD48L3RyPiAgCjx0cj4gICAKICA8dGQgd2lkdGg9IjY4MiIgYWxpZ249ImNlbnRlciI+ICAgCjxpbWcgYm9yZGVyPSIwIiBzcmM9Imh0dHBzOi8vaW1hZ2UucmFrdXRlbi5jby5qcC9nYnQtZGtvL2NhYmluZXQvdG9waW1nLzI2NTAwX3BvcC5qcGciIHdpZHRoPSI2MjUiIGhlaWdodD0iMTM3IiBhbHQ9IuODr+ODs+OCv+ODg+ODgeOCteODs+OCreODpeODvOODj+OCtuODvOODieODpuODi+ODg+ODiCI+ICAKICA8L3RkPjwvdHI+ICAKPHRyPiAgIAogIDx0ZCB3aWR0aD0iNjgyIiBhbGlnbj0iY2VudGVyIj4gICAKPGltZyBib3JkZXI9IjAiIHNyYz0iaHR0cHM6Ly9pbWFnZS5yYWt1dGVuLmNvLmpwL2didC1ka28vY2FiaW5ldC90b3BpbWcvMjY0OThfcG9wLmpwZyIgd2lkdGg9IjYyNSIgaGVpZ2h0PSIxMzciIGFsdD0i44Ov44Kk44OR44Km44Kj44K244O844OJIj4gIAogIDwvdGQ+PC90cj4gIAo8dHI+ICAKICA8dGQgd2lkdGg9IjY4MiIgYWxpZ249ImNlbnRlciI+ICAKPGltZyBib3JkZXI9IjAiIHNyYz0iaHR0cHM6Ly9pbWFnZS5yYWt1dGVuLmNvLmpwL2didC1ka28vY2FiaW5ldC90b3BpbWcveDI1MzY4X3BvcC5qcGciIHdpZHRoPSI2MjUiIGhlaWdodD0iMTM3IiBhbHQ9IuODj+ODs+ODouODg+OCr+iHqueri+W8jyI+ICAKICA8L3RkPjwvdHI+ICAKPHRyPiAgCiAgPHRkIHdpZHRoPSI2ODIiIGFsaWduPSJjZW50ZXIiPiAgCjxpbWcgYm9yZGVyPSIwIiBzcmM9Imh0dHBzOi8vaW1hZ2UucmFrdXRlbi5jby5qcC9nYnQtZGtvL2NhYmluZXQvdG9waW1nL3gyNjcxMF9wb3AuanBnIiB3aWR0aD0iNjI1IiBoZWlnaHQ9IjEzNyIgYWx0PSLjg6zjg7Pjgqzoqr/lo4HntJkiPiAKICA8L3RkPjwvdHI+IAo8dHI+IAogIDx0ZCB3aWR0aD0iNjgyIiBhbGlnbj0iY2VudGVyIj4gCjxpbWcgYm9yZGVyPSIwIiBzcmM9Imh0dHBzOi8vaW1hZ2UucmFrdXRlbi5jby5qcC9nYnQtZGtvL2NhYmluZXQvdG9waW1nLzI1NTk5X3BvcC5qcGciIHdpZHRoPSI2MjUiIGhlaWdodD0iMTM3IiBhbHQ9IuODh+OCpOODqeOCpOODiOiHquWLleeCueeBr+OCreODg+ODiCI+IAogIDwvdGQ+PC90cj4gCjx0cj4gCiAgPHRkIHdpZHRoPSI2ODIiIGFsaWduPSJjZW50ZXIiPiAKPGltZyBib3JkZXI9IjAiIHNyYz0iaHR0cHM6Ly9pbWFnZS5yYWt1dGVuLmNvLmpwL2didC1ka28vY2FiaW5ldC90b3BpbWcvMjQ5NzNfcG9wLmpwZyIgd2lkdGg9IjYyNSIgaGVpZ2h0PSIxMzciIGFsdD0i44K944O844Op44O844K544Od44OD44OI44Op44Kk44OI77yBIj4gCiAgPC90ZD48L3RyPiAKPHRyPiAKICA8dGQgd2lkdGg9IjY4MiIgYWxpZ249ImNlbnRlciI+IAo8aW1nIGJvcmRlcj0iMCIgc3JjPSJodHRwczovL2ltYWdlLnJha3V0ZW4uY28uanAvZ2J0LWRrby9jYWJpbmV0L3RvcGltZy8yNDY3MF9wb3AuanBnIiB3aWR0aD0iNjI1IiBoZWlnaHQ9IjEzNyI+IAogIDwvdGQ+PC90cj4gCjx0cj4gCiAgPHRkIHdpZHRoPSI2ODIiIGFsaWduPSJjZW50ZXIiPiAKPGltZyBib3JkZXI9IjAiIHNyYz0iaHR0cHM6Ly9pbWFnZS5yYWt1dGVuLmNvLmpwL2didC1ka28vY2FiaW5ldC90b3BpbWcveDI0NTI5X3BvcC5qcGciIHdpZHRoPSI2MjUiIGhlaWdodD0iMjc0Ij4gCiAgPC90ZD48L3RyPiAKPHRyPiAKICA8dGQgd2lkdGg9IjY4MiIgYWxpZ249ImNlbnRlciI+IAo8aW1nIGJvcmRlcj0iMCIgc3JjPSJodHRwczovL2ltYWdlLnJha3V0ZW4uY28uanAvZ2J0LWRrby9jYWJpbmV0L3RvcGltZy8yMzkxOWJuLmpwZyIgd2lkdGg9IjYyNSIgaGVpZ2h0PSIxMzciPjwvdGQ+PC90cj4gCjx0cj4gCiAgPHRkIHdpZHRoPSI2ODIiIGFsaWduPSJjZW50ZXIiPiAKICA8L3RkPjwvdHI+IAo8dHI+IAogIDx0ZCB3aWR0aD0iNjgyIiBhbGlnbj0iY2VudGVyIj4gCjxpbWcgYm9yZGVyPSIwIiBzcmM9Imh0dHBzOi8vaW1hZ2UucmFrdXRlbi5jby5qcC9nYnQtZGtvL2NhYmluZXQvdG9waW1nL3gyNDE1NV9wb3AuanBnIiB3aWR0aD0iNjI1IiBoZWlnaHQ9IjI3NSI+PC90ZD48L3RyPiAKPHRyPiAKICA8dGQgd2lkdGg9IjY4MiIgYWxpZ249ImNlbnRlciI+IAo8aW1nIGJvcmRlcj0iMCIgc3JjPSJodHRwczovL2ltYWdlLnJha3V0ZW4uY28uanAvZ2J0LWRrby9jYWJpbmV0L3RvcGltZy9zaXh0aHNlbnNlLXBvcC5qcGciIHdpZHRoPSI2MjUiIGhlaWdodD0iMjc1Ij48L3RkPjwvdHI+IAo8L3RhYmxlPiAKPHRhYmxlIGJvcmRlcj0iMCIgd2lkdGg9IjY4MCI+IAo8dHI+PHRkIHdpZHRoPSI1MCUiIGhlaWdodD0iMjM4Ij48cCBhbGlnbj0iY2VudGVyIj48aW1nIGJvcmRlcj0iMCIgc3JjPSJodHRwczovL2ltYWdlLnJha3V0ZW4uY28uanAvZ2J0LWRrby9jYWJpbmV0L2xpbmUtdGFwZS8yMjMxN18xLmpwZyIgd2lkdGg9IjMzNSIgaGVpZ2h0PSIyNTEiPjwvcD4gCjwvdGQ+PHRkIHdpZHRoPSI1MCUiIGhlaWdodD0iMjM4Ij48aW1nIGJvcmRlcj0iMCIgc3JjPSJodHRwczovL2ltYWdlLnJha3V0ZW4uY28uanAvZ2J0LWRrby9jYWJpbmV0L2NhYWMtYWxsaW1nLzI0ODMzXzFyLmpwZyIgd2lkdGg9IjMzNSIgaGVpZ2h0PSIyNTEiPjwvdGQ+IAo8L3RyPiAKPC90YWJsZT4gCjx0YWJsZSBib3JkZXI9IjAiIHdpZHRoPSI2ODAiIGhlaWdodD0iMTMxIj4gCjx0cj4gCjx0ZCB3aWR0aD0iNTAlIiBhbGlnbj0iY2VudGVyIiBoZWlnaHQ9Ijg5Ij48aW1nIGJvcmRlcj0iMCIgc3JjPSJodHRwczovL3RodW1ibmFpbC5pbWFnZS5yYWt1dGVuLmNvLmpwL0AwX21hbGwvZ2J0LWRrby9jYWJpbmV0L3RvcGltZy9iYW5uZXJfY2FyMTI3LmpwZz9fZXg9MzM1eDMzNSI+IAo8L3RkPiAKPHRkIHdpZHRoPSI1MCUiIGFsaWduPSJjZW50ZXIiIGhlaWdodD0iODkiPjxpbWcgYm9yZGVyPSIwIiBzcmM9Imh0dHBzOi8vdGh1bWJuYWlsLmltYWdlLnJha3V0ZW4uY28uanAvQDBfbWFsbC9nYnQtZGtvL2NhYmluZXQvdG9waW1nL2Jhbm5lcl9jYXI4My5qcGc/X2V4PTMzNXgzMzUiPjwvdGQ+IAo8L3RyPiAKPHRyPiAKPHRkIHdpZHRoPSI1MCUiIGFsaWduPSJjZW50ZXIiIGhlaWdodD0iOTAiPjxpbWcgYm9yZGVyPSIwIiBzcmM9Imh0dHBzOi8vaW1hZ2UucmFrdXRlbi5jby5qcC9nYnQtZGtvL2NhYmluZXQvdG9waW1nL2Jhbm5lcl9jYXIxMzMuZ2lmIiB3aWR0aD0iMzM1IiBoZWlnaHQ9Ijg4Ij48L3RkPiAKPHRkIHdpZHRoPSI1MCUiIGFsaWduPSJjZW50ZXIiIGhlaWdodD0iOTAiPjxpbWcgYm9yZGVyPSIwIiBzcmM9Imh0dHBzOi8vdGh1bWJuYWlsLmltYWdlLnJha3V0ZW4uY28uanAvQDBfbWFsbC9nYnQtZGtvL2NhYmluZXQvdG9waW1nL3NwZWNpYWxzYWxlX3MwNS5qcGc/X2V4PTMzNXgzMzUiPjwvdGQ+IAo8L3RyPiAKPHRyPiAKPHRoIHdpZHRoPSI2OTAiIGNvbHNwYW49IjIiIGhlaWdodD0iMSI+IAo8aHI+IAo8cD4gICAgICAgICAgCjxmb250IGNvbG9yPSIjRkYwMDY2Ij7imIXjg6zjg5Pjg6Xjg7zjga7mm7jjgY3mlrnjgYzliIbjgYvjgonjgarjgYTmlrnjga/jgZPjgaHjgonjgpLjgZTopqfjgY/jgaDjgZXjgYTih5I8L2ZvbnQ+ICAgICAgICAgIAo8L3RoPiAKPC90cj4gCjwvdGFibGU+IAogCjwvY2VudGVyPg==,TEVE44Or44O844Og44Op44Oz44OXIOOCu+ODrOODiiBDMjYgTklTU0FOIOOCu+ODrOODiiBDMjbns7vlsILnlKjoqK3oqIggTEVE44Or44O844Og44Op44Oz44OX44K744OD44OI55m9IDExOVNNRCA2566H5omA77ya44OA44Kk44Kz44Oz5Y2444CA55u06LKp6YOo,44Kk44Or44Of44ON44O844K344On44OzIOOCr+ODquOCueODnuOCuSDjgr3jg7zjg6njg7zjgq/jg6rjgrnjg57jgrnjg4Tjg6rjg7wg44GK44GX44KD44KMTEVEIOOCpuOCpOODs+OCq+ODvCDjg4bjg7zjg6vjg6njg7Pjg5cg44Or44O844Og44Op44Oz44OX77yo77yp77yk44Kt44OD44OISElE44Kt44OD44OIIEgxIEgzIEg0IEg3IEg4IEgxMSBIQjMgSEI044OV44Kp44Kw44Op44Oz44OXSElE44Kt44K744OO44Oz44OP44Kk44OV44Op6Ziy5q2i5oq15oqX5ZmoVDEwIFQxNiBUMjAgUzI144Kr44O855So5ZOBIOOCq+ODvOODkeODvOODhOWcsOODh+OCuOOCouODs+ODhuODikdQU+OCouODs+ODhuODiuOCquODs+ODgOODg+OCt+ODpeODouODi+OCv+ODvOODl+ODquOCpuOCueOCouOCr+OCouODj+OCpOOCqOODvOOCueODtOOCp+ODq+ODleOCoeOCpOOCouOCueODhuODg+ODl+ODr+OCtOODs04gYm9444Km44Kk44Od44K4TEVE44Or44O844Og44Op44Oz44OXIOOCu+ODrOODiiBDMjYgTklTU0FOIOOCu+ODrOODiiBDMjbns7vlsILnlKjoqK3oqIggTEVE44Or44O844Og44Op44Oz44OX44K744OD44OI55m9IDExOVNNRCA2566H5omA,TEVE44Or44O844Og44Op44Oz44OXIOOCu+ODrOODiiBDMjYg5piO44KL44GV44KS5rGC44KB44KL44Gq44KJU01E44CCTEVE44Or44O844Og44Op44Oz44OXIOOCu+ODrOODiiBDMjYgTklTU0FOIOOCu+ODrOODiiBDMjbns7vlsILnlKjoqK3oqIggTEVE44Or44O844Og44Op44Oz44OX44K744OD44OI55m9IDExOVNNRCA2566H5omA[rn]
3-47033,aHR0cDovL3RzaG9wLnIxMHMuanAvZ2J0LWRrby9jYWJpbmV0L3Jvb21zZXQvMjQ0MzhfMS5qcGc/Zml0aW49NzAwOjcwMA==,MTUwOC44MDAw,,6LuK55So5ZOB44O744OQ44Kk44Kv55So5ZOBID4g44Kr44O855So5ZOBID4g44Op44Kk44OI44O744Op44Oz44OXID4g44Or44O844Og44Op44Oz44OX,44Ov44K044OzUuOAgE1IMzQg5bCC55So6Kit6KiIIFNNROODq+ODvOODoOODqeODs+ODl+OCu+ODg+ODiOOAkOeZveOAkTk3U01EIDLnrofmiYAo44Oh44O844Or5L6/55m66YCB44Gq44KJ6YCB5paZ54Sh5paZKQ==,5piO44KL44GV44KS5rGC44KB44KL44Gq44KJU01E77yB5bCC55So6Kit6KiI44Gn44OV44Kj44OD44OG44Kj44Oz44Kw5oqc576k77yB,PGNlbnRlcj4KPFRBQkxFIEJPUkRFUj0wIGNlbGxzcGFjaW5nPTAgQ0VMTFBBRERJTkc9MCB3aWR0aD02ODAgaGVpZ2h0PSI1MCI+Cjx0cj48dGggaGVpZ2h0PSIxIiBhbGlnbj0iY2VudGVyIiB3aWR0aD0iNjgwIj4KCjxpbWcgYm9yZGVyPSIwIiBzcmM9Imh0dHA6Ly9pbWFnZS5yYWt1dGVuLmNvLmpwL2didC1ka28vY2FiaW5ldC90b3BpbWcvbV9tYWdhemluZS5naWYiIHdpZHRoPSI2ODAiIGhlaWdodD0iNTAiPgo8L3RoPjwvdHI+PC9UQUJMRT48L2NlbnRlcj48YnI+PGJyPiAgCjxjZW50ZXI+CjxUQUJMRSBCT1JERVI9MCBjZWxsc3BhY2luZz0zIENFTExQQURESU5HPTMgd2lkdGg9NjUwPgo8VFI+CiAgPFRIIEFMSUdOPWNlbnRlciBWQUxJR049bWlkZGxlIEJHQ09MT1I9IzAwMDA2NiBDT0xTUEFOPTMgaGVpZ2h0PSIzNSIgd2lkdGg9IjYzNCI+PGZvbnQgY29sb3I9IiNGRkZGRkYiIHNpemU9IjUiPuKXhuOBk+OBoeOCieOCguOBlOimp+OBj+OBoOOBleOBhO+8gTwvZm9udD48L3RoPjwvdHI+CiAgCjx0cj48dGQgaGVpZ2h0PSIxIiBiZ2NvbG9yPSIjRUZFRkVGIiBhbGlnbj0iY2VudGVyIiB3aWR0aD0iMjE2Ij4KIDxpbWcgYm9yZGVyPTAgc3JjPSJodHRwOi8vdGh1bWJuYWlsLmltYWdlLnJha3V0ZW4uY28uanAvQDBfbWFsbC9nYnQtZGtvL2NhYmluZXQvbW9uaXRvci8yMzc1NV8xLmpwZyIgd2lkdGg9IjIxMCIgaGVpZ2h0PSIxNTciPgogIDwvdGQ+IAoKICA8dGQgaGVpZ2h0PSIxIiBiZ2NvbG9yPSIjRUZFRkVGIiBhbGlnbj0iY2VudGVyIiB3aWR0aD0iMjE1Ij4KIDxpbWcgYm9yZGVyPTAgc3JjPSJodHRwOi8vdGh1bWJuYWlsLmltYWdlLnJha3V0ZW4uY28uanAvQDBfbWFsbC9nYnQtZGtvL2NhYmluZXQvbmV3X3ZhbHZlX2ltYWdlLzI0Mzk1XzEuanBnIiB3aWR0aD0iMjEwIiBoZWlnaHQ9IjE1NyI+CiAKICA8L3RkPiAKCiAgPHRkIGhlaWdodD0iMSIgYmdjb2xvcj0iI0VGRUZFRiIgYWxpZ249ImNlbnRlciIgd2lkdGg9IjIxNSI+CiA8aW1nIGJvcmRlcj0wIHNyYz0iaHR0cDovL3RodW1ibmFpbC5pbWFnZS5yYWt1dGVuLmNvLmpwL0AwX21hbGwvZ2J0LWRrby9jYWJpbmV0L25ld192YWx2ZV9pbWFnZS8yNDM5Nl8xLmpwZyIgd2lkdGg9IjIxMCIgaGVpZ2h0PSIxNTciPjwvdGQ+IAoKPC90cj4KIAo8dHI+PHRkIGhlaWdodD0iMSIgYmdjb2xvcj0iI0VGRUZFRiIgYWxpZ249ImNlbnRlciIgd2lkdGg9IjIxNiI+CiA8aW1nIGJvcmRlcj0wIHNyYz0iaHR0cDovL3RodW1ibmFpbC5pbWFnZS5yYWt1dGVuLmNvLmpwL0AwX21hbGwvZ2J0LWRrby9jYWJpbmV0L25ld192YWx2ZV9pbWFnZS8yMTc0MF8xLmpwZyIgd2lkdGg9IjIxMCIgaGVpZ2h0PSIxNjciPgogCiAgPC90ZD4gCgogIDx0ZCBoZWlnaHQ9IjEiIGJnY29sb3I9IiNFRkVGRUYiIGFsaWduPSJjZW50ZXIiIHdpZHRoPSIyMTUiPgogPGltZyBib3JkZXI9MCBzcmM9Imh0dHA6Ly90aHVtYm5haWwuaW1hZ2UucmFrdXRlbi5jby5qcC9AMF9tYWxsL2didC1ka28vY2FiaW5ldC9jYWFjLWFsbGltZy94MjE1ODlfMS5qcGciIHdpZHRoPSIyMTAiIGhlaWdodD0iMTU3Ij4KIAogIDwvdGQ+IAoKICA8dGQgaGVpZ2h0PSIxIiBiZ2NvbG9yPSIjRUZFRkVGIiBhbGlnbj0iY2VudGVyIiB3aWR0aD0iMjE1Ij4KIDxpbWcgYm9yZGVyPTAgc3JjPSJodHRwOi8vdGh1bWJuYWlsLmltYWdlLnJha3V0ZW4uY28uanAvQDBfbWFsbC9nYnQtZGtvL2NhYmluZXQvbGluZS10YXBlLzIxODE4XzEuanBnIiB3aWR0aD0iMjEwIiBoZWlnaHQ9IjE1NyI+PC90ZD4gCgo8L3RyPgogCjx0cj48dGQgaGVpZ2h0PSIxIiBiZ2NvbG9yPSIjRUZFRkVGIiBhbGlnbj0iY2VudGVyIiB3aWR0aD0iMjE2Ij4KIDxpbWcgYm9yZGVyPTAgc3JjPSJodHRwOi8vdGh1bWJuYWlsLmltYWdlLnJha3V0ZW4uY28uanAvQDBfbWFsbC9nYnQtZGtvL2NhYmluZXQvbW9uaXRvci8yNDMwOV8xLmpwZyIgd2lkdGg9IjIxMCIgaGVpZ2h0PSIxNTciPgogIDwvdGQ+IAoKICA8dGQgaGVpZ2h0PSIxIiBiZ2NvbG9yPSIjRUZFRkVGIiBhbGlnbj0iY2VudGVyIiB3aWR0aD0iMjE1Ij4KIDxpbWcgYm9yZGVyPTAgc3JjPSJodHRwOi8vdGh1bWJuYWlsLmltYWdlLnJha3V0ZW4uY28uanAvQDBfbWFsbC9nYnQtZGtvL2NhYmluZXQvY2FhYy1hbGxpbWcvMjQ1OTNfMS5qcGciIHdpZHRoPSIyMTAiIGhlaWdodD0iMTU3Ij4KICA8L3RkPiAKCiAgPHRkIGhlaWdodD0iMSIgYmdjb2xvcj0iI0VGRUZFRiIgYWxpZ249ImNlbnRlciIgd2lkdGg9IjIxNSI+CiA8aW1nIGJvcmRlcj0wIHNyYz0iaHR0cDovL3RodW1ibmFpbC5pbWFnZS5yYWt1dGVuLmNvLmpwL0AwX21hbGwvZ2J0LWRrby9jYWJpbmV0L2NhYWMtYWxsaW1nLzIzMjU5XzEuanBnIiB3aWR0aD0iMjEwIiBoZWlnaHQ9IjE1NyI+PC90ZD4gCgo8L3RyPgogCjwvVEFCTEU+PC9jZW50ZXI+PGhlYWQ+CjxzdHlsZSB0eXBlPSJ0ZXh0L2NzcyI+CjwhLS0Kc3Bhbi51bml0IHsgYmFja2dyb3VuZDogdXJsKGh0dHBzOi8vaW1hZ2UucmFrdXRlbi5jby5qcC9nYnQtZGtvL2NhYmluZXQvY2FydF9pbmZvLmdpZikgbm8tcmVwZWF0IGxlZnQgdG9wOyB0ZXh0LWluZGVudDoKLTk5OTk7IGRpc3BsYXk6IGJsb2NrOyB3aWR0aDogMzE1OyBoZWlnaHQ6IDQyMjsgbWFyZ2luOjE1cHggMDsgfQotLT4KPC9zdHlsZT4KPC9oZWFkPgoKPGNlbnRlcj4KPHRhYmxlIGJvcmRlcj0iMCIgd2lkdGg9IjY4MCIgY2VsbHNwYWNpbmc9IjAiIGNlbGxwYWRkaW5nPSIwIj4KPHRyPjx0ZCB3aWR0aD0iMzMlIj48L3RkPgo8dGQgd2lkdGg9IjMzJSI+PGNlbnRlcj4KPC9jZW50ZXI+PC90ZD4gICAgCjx0ZCB3aWR0aD0iMzQlIj48L3RkPjwvdHI+PC90YWJsZT4gICAgCjx0YWJsZSBib3JkZXI9IjAiIHdpZHRoPSI2ODAiIGhlaWdodD0iMTAxIj4gICAgCjx0cj4gICAgCjx0ZCB3aWR0aD0iMTAwJSIgYWxpZ249ImNlbnRlciIgaGVpZ2h0PSIxOCI+ICAgIAo8L3RkPjwvdHI+ICAgIAo8dHI+PHRkIHdpZHRoPSIxMDAlIiBoZWlnaHQ9IjI5Ij48L3RkPjwvdHI+PHRyPjx0ZCB3aWR0aD0iMTAwJSIgYWxpZ249ImNlbnRlciIgaGVpZ2h0PSIxMyI+ICAgICAgICAgICAgICAgICAgCiAgICAKPC90ZD48L3RyPiAgICAKPHRyPjx0ZCB3aWR0aD0iMTAwJSIgaGVpZ2h0PSIyNSI+ICAgIAo8aHI+PC90ZD48L3RyPiAgICAKPC90YWJsZT4gICAgCjx0YWJsZSBib3JkZXI9IjAiIHdpZHRoPSI2ODkiPiAgICAKPHRyPiAgICAKICA8dGQgd2lkdGg9IjY4MiIgYWxpZ249ImNlbnRlciI+ICAgIAo8aW1nIGJvcmRlcj0iMCIgc3JjPSJodHRwczovL2ltYWdlLnJha3V0ZW4uY28uanAvZ2J0LWRrby9jYWJpbmV0L3RvcGltZy94MjY1NDlfcG9wLmpwZyIgd2lkdGg9IjYyNSIgaGVpZ2h0PSIxMzciIGFsdD0i44OK44Oz44OQ44O844Oc44Or44OI44Kt44Oj44OD44OXIj4gIAogIDwvdGQ+PC90cj4gIAo8dHI+ICAgCiAgPHRkIHdpZHRoPSI2ODIiIGFsaWduPSJjZW50ZXIiPiAgIAo8aW1nIGJvcmRlcj0iMCIgc3JjPSJodHRwczovL2ltYWdlLnJha3V0ZW4uY28uanAvZ2J0LWRrby9jYWJpbmV0L3RvcGltZy8yNjUwMF9wb3AuanBnIiB3aWR0aD0iNjI1IiBoZWlnaHQ9IjEzNyIgYWx0PSLjg6/jg7Pjgr/jg4Pjg4HjgrXjg7Pjgq3jg6Xjg7zjg4/jgrbjg7zjg4njg6bjg4vjg4Pjg4giPiAgCiAgPC90ZD48L3RyPiAgCjx0cj4gICAKICA8dGQgd2lkdGg9IjY4MiIgYWxpZ249ImNlbnRlciI+ICAgCjxpbWcgYm9yZGVyPSIwIiBzcmM9Imh0dHBzOi8vaW1hZ2UucmFrdXRlbi5jby5qcC9nYnQtZGtvL2NhYmluZXQvdG9waW1nLzI2NDk4X3BvcC5qcGciIHdpZHRoPSI2MjUiIGhlaWdodD0iMTM3IiBhbHQ9IuODr+OCpOODkeOCpuOCo+OCtuODvOODiSI+ICAKICA8L3RkPjwvdHI+ICAKPHRyPiAgCiAgPHRkIHdpZHRoPSI2ODIiIGFsaWduPSJjZW50ZXIiPiAgCjxpbWcgYm9yZGVyPSIwIiBzcmM9Imh0dHBzOi8vaW1hZ2UucmFrdXRlbi5jby5qcC9nYnQtZGtvL2NhYmluZXQvdG9waW1nL3gyNTM2OF9wb3AuanBnIiB3aWR0aD0iNjI1IiBoZWlnaHQ9IjEzNyIgYWx0PSLjg4/jg7Pjg6Ljg4Pjgq/oh6rnq4vlvI8iPiAgCiAgPC90ZD48L3RyPiAgCjx0cj4gIAogIDx0ZCB3aWR0aD0iNjgyIiBhbGlnbj0iY2VudGVyIj4gIAo8aW1nIGJvcmRlcj0iMCIgc3JjPSJodHRwczovL2ltYWdlLnJha3V0ZW4uY28uanAvZ2J0LWRrby9jYWJpbmV0L3RvcGltZy94MjY3MTBfcG9wLmpwZyIgd2lkdGg9IjYyNSIgaGVpZ2h0PSIxMzciIGFsdD0i44Os44Oz44Ks6Kq/5aOB57SZIj4gCiAgPC90ZD48L3RyPiAKPHRyPiAKICA8dGQgd2lkdGg9IjY4MiIgYWxpZ249ImNlbnRlciI+IAo8aW1nIGJvcmRlcj0iMCIgc3JjPSJodHRwczovL2ltYWdlLnJha3V0ZW4uY28uanAvZ2J0LWRrby9jYWJpbmV0L3RvcGltZy8yNTU5OV9wb3AuanBnIiB3aWR0aD0iNjI1IiBoZWlnaHQ9IjEzNyIgYWx0PSLjg4fjgqTjg6njgqTjg4joh6rli5Xngrnnga/jgq3jg4Pjg4giPiAKICA8L3RkPjwvdHI+IAo8dHI+IAogIDx0ZCB3aWR0aD0iNjgyIiBhbGlnbj0iY2VudGVyIj4gCjxpbWcgYm9yZGVyPSIwIiBzcmM9Imh0dHBzOi8vaW1hZ2UucmFrdXRlbi5jby5qcC9nYnQtZGtvL2NhYmluZXQvdG9waW1nLzI0OTczX3BvcC5qcGciIHdpZHRoPSI2MjUiIGhlaWdodD0iMTM3IiBhbHQ9IuOCveODvOODqeODvOOCueODneODg+ODiOODqeOCpOODiO+8gSI+IAogIDwvdGQ+PC90cj4gCjx0cj4gCiAgPHRkIHdpZHRoPSI2ODIiIGFsaWduPSJjZW50ZXIiPiAKPGltZyBib3JkZXI9IjAiIHNyYz0iaHR0cHM6Ly9pbWFnZS5yYWt1dGVuLmNvLmpwL2didC1ka28vY2FiaW5ldC90b3BpbWcvMjQ2NzBfcG9wLmpwZyIgd2lkdGg9IjYyNSIgaGVpZ2h0PSIxMzciPiAKICA8L3RkPjwvdHI+IAo8dHI+IAogIDx0ZCB3aWR0aD0iNjgyIiBhbGlnbj0iY2VudGVyIj4gCjxpbWcgYm9yZGVyPSIwIiBzcmM9Imh0dHBzOi8vaW1hZ2UucmFrdXRlbi5jby5qcC9nYnQtZGtvL2NhYmluZXQvdG9waW1nL3gyNDUyOV9wb3AuanBnIiB3aWR0aD0iNjI1IiBoZWlnaHQ9IjI3NCI+IAogIDwvdGQ+PC90cj4gCjx0cj4gCiAgPHRkIHdpZHRoPSI2ODIiIGFsaWduPSJjZW50ZXIiPiAKPGltZyBib3JkZXI9IjAiIHNyYz0iaHR0cHM6Ly9pbWFnZS5yYWt1dGVuLmNvLmpwL2didC1ka28vY2FiaW5ldC90b3BpbWcvMjM5MTlibi5qcGciIHdpZHRoPSI2MjUiIGhlaWdodD0iMTM3Ij48L3RkPjwvdHI+IAo8dHI+IAogIDx0ZCB3aWR0aD0iNjgyIiBhbGlnbj0iY2VudGVyIj4gCiAgPC90ZD48L3RyPiAKPHRyPiAKICA8dGQgd2lkdGg9IjY4MiIgYWxpZ249ImNlbnRlciI+IAo8aW1nIGJvcmRlcj0iMCIgc3JjPSJodHRwczovL2ltYWdlLnJha3V0ZW4uY28uanAvZ2J0LWRrby9jYWJpbmV0L3RvcGltZy94MjQxNTVfcG9wLmpwZyIgd2lkdGg9IjYyNSIgaGVpZ2h0PSIyNzUiPjwvdGQ+PC90cj4gCjx0cj4gCiAgPHRkIHdpZHRoPSI2ODIiIGFsaWduPSJjZW50ZXIiPiAKPGltZyBib3JkZXI9IjAiIHNyYz0iaHR0cHM6Ly9pbWFnZS5yYWt1dGVuLmNvLmpwL2didC1ka28vY2FiaW5ldC90b3BpbWcvc2l4dGhzZW5zZS1wb3AuanBnIiB3aWR0aD0iNjI1IiBoZWlnaHQ9IjI3NSI+PC90ZD48L3RyPiAKPC90YWJsZT4gCjx0YWJsZSBib3JkZXI9IjAiIHdpZHRoPSI2ODAiPiAKPHRyPjx0ZCB3aWR0aD0iNTAlIiBoZWlnaHQ9IjIzOCI+PHAgYWxpZ249ImNlbnRlciI+PGltZyBib3JkZXI9IjAiIHNyYz0iaHR0cHM6Ly9pbWFnZS5yYWt1dGVuLmNvLmpwL2didC1ka28vY2FiaW5ldC9saW5lLXRhcGUvMjIzMTdfMS5qcGciIHdpZHRoPSIzMzUiIGhlaWdodD0iMjUxIj48L3A+IAo8L3RkPjx0ZCB3aWR0aD0iNTAlIiBoZWlnaHQ9IjIzOCI+PGltZyBib3JkZXI9IjAiIHNyYz0iaHR0cHM6Ly9pbWFnZS5yYWt1dGVuLmNvLmpwL2didC1ka28vY2FiaW5ldC9jYWFjLWFsbGltZy8yNDgzM18xci5qcGciIHdpZHRoPSIzMzUiIGhlaWdodD0iMjUxIj48L3RkPiAKPC90cj4gCjwvdGFibGU+IAo8dGFibGUgYm9yZGVyPSIwIiB3aWR0aD0iNjgwIiBoZWlnaHQ9IjEzMSI+IAo8dHI+IAo8dGQgd2lkdGg9IjUwJSIgYWxpZ249ImNlbnRlciIgaGVpZ2h0PSI4OSI+PGltZyBib3JkZXI9IjAiIHNyYz0iaHR0cHM6Ly90aHVtYm5haWwuaW1hZ2UucmFrdXRlbi5jby5qcC9AMF9tYWxsL2didC1ka28vY2FiaW5ldC90b3BpbWcvYmFubmVyX2NhcjEyNy5qcGc/X2V4PTMzNXgzMzUiPiAKPC90ZD4gCjx0ZCB3aWR0aD0iNTAlIiBhbGlnbj0iY2VudGVyIiBoZWlnaHQ9Ijg5Ij48aW1nIGJvcmRlcj0iMCIgc3JjPSJodHRwczovL3RodW1ibmFpbC5pbWFnZS5yYWt1dGVuLmNvLmpwL0AwX21hbGwvZ2J0LWRrby9jYWJpbmV0L3RvcGltZy9iYW5uZXJfY2FyODMuanBnP19leD0zMzV4MzM1Ij48L3RkPiAKPC90cj4gCjx0cj4gCjx0ZCB3aWR0aD0iNTAlIiBhbGlnbj0iY2VudGVyIiBoZWlnaHQ9IjkwIj48aW1nIGJvcmRlcj0iMCIgc3JjPSJodHRwczovL2ltYWdlLnJha3V0ZW4uY28uanAvZ2J0LWRrby9jYWJpbmV0L3RvcGltZy9iYW5uZXJfY2FyMTMzLmdpZiIgd2lkdGg9IjMzNSIgaGVpZ2h0PSI4OCI+PC90ZD4gCjx0ZCB3aWR0aD0iNTAlIiBhbGlnbj0iY2VudGVyIiBoZWlnaHQ9IjkwIj48aW1nIGJvcmRlcj0iMCIgc3JjPSJodHRwczovL3RodW1ibmFpbC5pbWFnZS5yYWt1dGVuLmNvLmpwL0AwX21hbGwvZ2J0LWRrby9jYWJpbmV0L3RvcGltZy9zcGVjaWFsc2FsZV9zMDUuanBnP19leD0zMzV4MzM1Ij48L3RkPiAKPC90cj4gCjx0cj4gCjx0aCB3aWR0aD0iNjkwIiBjb2xzcGFuPSIyIiBoZWlnaHQ9IjEiPiAKPGhyPiAKPHA+ICAgICAgICAgIAo8Zm9udCBjb2xvcj0iI0ZGMDA2NiI+4piF44Os44OT44Ol44O844Gu5pu444GN5pa544GM5YiG44GL44KJ44Gq44GE5pa544Gv44GT44Gh44KJ44KS44GU6Kan44GP44Gg44GV44GE4oeSPC9mb250PiAgICAgICAgICAKPC90aD4gCjwvdHI+IAo8L3RhYmxlPiAKIAo8L2NlbnRlcj4=,44Ov44K044OzUuOAgE1IMzQg5bCC55So6Kit6KiIIFNNROODq+ODvOODoOODqeODs+ODl+OCu+ODg+ODiOOAkOeZveOAkTk3U01EIDLnrofmiYAo44Oh44O844Or5L6/55m66YCB44Gq44KJ6YCB5paZ54Sh5paZKe+8muODgOOCpOOCs+ODs+WNuOOAgOebtOiyqemDqA==,44Kk44Or44Of44ON44O844K344On44OzIOOCr+ODquOCueODnuOCuSDjgr3jg7zjg6njg7zjgq/jg6rjgrnjg57jgrnjg4Tjg6rjg7wg44GK44GX44KD44KMTEVEIOOCpuOCpOODs+OCq+ODvCDjg4bjg7zjg6vjg6njg7Pjg5cg44Or44O844Og44Op44Oz44OX77yo77yp77yk44Kt44OD44OISElE44Kt44OD44OIIEgxIEgzIEg0IEg3IEg4IEgxMSBIQjMgSEI044OV44Kp44Kw44Op44Oz44OXSElE44Kt44K744OO44Oz44OP44Kk44OV44Op6Ziy5q2i5oq15oqX5ZmoVDEwIFQxNiBUMjAgUzI144Kr44O855So5ZOBIOOCq+ODvOODkeODvOODhOWcsOODh+OCuOOCouODs+ODhuODikdQU+OCouODs+ODhuODiuOCquODs+ODgOODg+OCt+ODpeODouODi+OCv+ODvOODl+ODquOCpuOCueOCouOCr+OCouODj+OCpOOCqOODvOOCueODtOOCp+ODq+ODleOCoeOCpOOCouOCueODhuODg+ODl+ODr+OCtOODs04gYm9444Km44Kk44Od44K444Ov44K044OzUuOAgE1IMzQg5bCC55So6Kit6KiIIFNNROODq+ODvOODoOODqeODs+ODl+OCu+ODg+ODiOOAkOeZveOAkTk3U01EIDLnrofmiYAo44Oh44O844Or5L6/55m66YCB44Gq44KJ6YCB5paZ54Sh5paZKQ==,5piO44KL44GV44KS5rGC44KB44KL44Gq44KJU01E77yB5bCC55So6Kit6KiI44Gn44OV44Kj44OD44OG44Kj44Oz44Kw5oqc576k77yB44CC44Ov44K044OzUuOAgE1IMzQg5bCC55So6Kit6KiIIFNNROODq+ODvOODoOODqeODs+ODl+OCu+ODg+ODiOOAkOeZveOAkTk3U01EIDLnrofmiYAo44Oh44O844Or5L6/55m66YCB44Gq44KJ6YCB5paZ54Sh5paZKQ==[rn]
3-47034,aHR0cDovL3RzaG9wLnIxMHMuanAvZ2J0LWRrby9jYWJpbmV0L3Jvb21zZXQvMjQwMjNfMS5qcGc/Zml0aW49NzAwOjcwMA==,Mjk0OC44MDAw,,6LuK55So5ZOB44O744OQ44Kk44Kv55So5ZOBID4g44Kr44O855So5ZOBID4g44Op44Kk44OI44O744Op44Oz44OXID4g44Or44O844Og44Op44Oz44OX,TEVEIOODq+ODvOODoOODqeODs+ODlyBOQk9YIE5CT1jjgqvjgrnjgr/jg6AgSE9OREEg5bCC55So6Kit6KiIIExFROODq+ODvOODoOODqeODs+ODl+OCu+ODg+ODiOeZvSA4OVNNRCA1566H5omAKOOChuOBhuODkeOCseODg+ODiOOBquOCiemAgeaWmeeEoeaWmSk=,TEVEIOODq+ODvOODoOODqeODs+ODlyBOQk9YIE5CT1jjgqvjgrnjgr/jg6DlsILnlKjoqK3oqIg=,PGNlbnRlcj4KPFRBQkxFIEJPUkRFUj0wIGNlbGxzcGFjaW5nPTAgQ0VMTFBBRERJTkc9MCB3aWR0aD02ODAgaGVpZ2h0PSI1MCI+Cjx0cj48dGggaGVpZ2h0PSIxIiBhbGlnbj0iY2VudGVyIiB3aWR0aD0iNjgwIj4KCjxpbWcgYm9yZGVyPSIwIiBzcmM9Imh0dHA6Ly9pbWFnZS5yYWt1dGVuLmNvLmpwL2didC1ka28vY2FiaW5ldC90b3BpbWcvbV9tYWdhemluZS5naWYiIHdpZHRoPSI2ODAiIGhlaWdodD0iNTAiPgo8L3RoPjwvdHI+PC9UQUJMRT48L2NlbnRlcj48Zm9udCBjb2xvcj0iI0MwQzBDMCI+PGJyPiA8L2ZvbnQ+IEhPTkRBIE4gQk9YIChO44Oc44OD44Kv44K5KSAgICAgICAgICAgICAgICAKPGJyPjxjZW50ZXI+CjxUQUJMRSBCT1JERVI9MCBjZWxsc3BhY2luZz0zIENFTExQQURESU5HPTMgd2lkdGg9NjUwIGhlaWdodD0iMjc3IiBib3JkZXJjb2xvcj0iI0MwQzBDMCI+CjxUUj4KICA8VEggQUxJR049Y2VudGVyIFZBTElHTj1taWRkbGUgQkdDT0xPUj0jMzMzMzMzIENPTFNQQU49MyBoZWlnaHQ9IjM1IiB3aWR0aD0iNjM0Ij48Zm9udCBjb2xvcj0iIzAwRkZGRiIgc2l6ZT0iNCI+4peGPC9mb250Pjxmb250IGNvbG9yPSIjRkZGRkZGIiBzaXplPSI0Ij4gTiAgCiAgICBCT1jjgavpganlkIjjgZfjgb7jgZnvvIE8L2ZvbnQ+PGZvbnQgY29sb3I9IiMwMEZGRkYiIHNpemU9IjQiPuKXhjwvZm9udD48L3RoPjwvdHI+ICAgICAgICAgIAogIAo8dHI+PHRkIGhlaWdodD0iMSIgYmdjb2xvcj0iI0VGRUZFRiIgYWxpZ249ImNlbnRlciIgd2lkdGg9IjIxNiI+CiAgICA8aW1nIGJvcmRlcj0iMCIgc3JjPSJodHRwOi8vdGh1bWJuYWlsLmltYWdlLnJha3V0ZW4uY28uanAvQDBfbWFsbC9nYnQtZGtvL2NhYmluZXQvbmV3X3ZhbHZlX2ltYWdlLzI0Mzk1X25iXzEuanBnP19leD0yMjB4MjIwIj4gICAgICAgICAgICAgCiAgPC90ZD4gCgogIDx0ZCBoZWlnaHQ9IjEiIGJnY29sb3I9IiNFRkVGRUYiIGFsaWduPSJjZW50ZXIiIHdpZHRoPSIyMTUiPgogPGltZyBib3JkZXI9IjAiIHNyYz0iaHR0cDovL3RodW1ibmFpbC5pbWFnZS5yYWt1dGVuLmNvLmpwL0AwX21hbGwvZ2J0LWRrby9jYWJpbmV0L25ld192YWx2ZV9pbWFnZS8yNDkzOF9uYl8xLmpwZz9fZXg9MjIweDIyMCI+ICAgICAgICAgICAgIAogIDwvdGQ+IAoKICA8dGQgaGVpZ2h0PSIxIiBiZ2NvbG9yPSIjRUZFRkVGIiBhbGlnbj0iY2VudGVyIiB3aWR0aD0iMjE1Ij4KICAgIDxpbWcgYm9yZGVyPSIwIiBzcmM9Imh0dHA6Ly90aHVtYm5haWwuaW1hZ2UucmFrdXRlbi5jby5qcC9AMF9tYWxsL2didC1ka28vY2FiaW5ldC9uZXdfdmFsdmVfaW1hZ2UvMjQ5MzRfbmJfMS5qcGc/X2V4PTIyMHgyMjAiPiAgICAgICAgICAgICAKICA8L3RkPiAKCjwvdHI+CiAKPHRyPjx0ZCBoZWlnaHQ9IjEiIGJnY29sb3I9IiNFRkVGRUYiIGFsaWduPSJjZW50ZXIiIHdpZHRoPSIyMTYiPgogICAgPGltZyBib3JkZXI9IjAiIHNyYz0iaHR0cDovL3RodW1ibmFpbC5pbWFnZS5yYWt1dGVuLmNvLmpwL0AwX21hbGwvZ2J0LWRrby9jYWJpbmV0L25ld192YWx2ZV9pbWFnZS8yNDA4OV9uYl8xLmpwZz9fZXg9MjIweDIyMCI+ICAgICAgICAgICAgIAogIDwvdGQ+IAoKICA8dGQgaGVpZ2h0PSIxIiBiZ2NvbG9yPSIjRUZFRkVGIiBhbGlnbj0iY2VudGVyIiB3aWR0aD0iMjE1Ij4KICAgIDxpbWcgYm9yZGVyPSIwIiBzcmM9Imh0dHA6Ly90aHVtYm5haWwuaW1hZ2UucmFrdXRlbi5jby5qcC9AMF9tYWxsL2didC1ka28vY2FiaW5ldC9uZXdfdmFsdmVfaW1hZ2UvMjQ4OThfbmJfMS5qcGc/X2V4PTIyMHgyMjAiPgogIDwvdGQ+IAoKICA8dGQgaGVpZ2h0PSIxIiBiZ2NvbG9yPSIjRUZFRkVGIiBhbGlnbj0iY2VudGVyIiB3aWR0aD0iMjE1Ij4KICAgIDxpbWcgYm9yZGVyPSIwIiBzcmM9Imh0dHA6Ly90aHVtYm5haWwuaW1hZ2UucmFrdXRlbi5jby5qcC9AMF9tYWxsL2didC1ka28vY2FiaW5ldC8yNDk4NF8xLmpwZz9fZXg9MjIweDIyMCI+ICAgICAgICAgICAgIAogIDwvdGQ+IAoKPC90cj4KIAo8L1RBQkxFPjwvY2VudGVyPjxoZWFkPgo8c3R5bGUgdHlwZT0idGV4dC9jc3MiPgo8IS0tCnNwYW4udW5pdCB7IGJhY2tncm91bmQ6IHVybChodHRwczovL2ltYWdlLnJha3V0ZW4uY28uanAvZ2J0LWRrby9jYWJpbmV0L2NhcnRfaW5mby5naWYpIG5vLXJlcGVhdCBsZWZ0IHRvcDsgdGV4dC1pbmRlbnQ6Ci05OTk5OyBkaXNwbGF5OiBibG9jazsgd2lkdGg6IDMxNTsgaGVpZ2h0OiA0MjI7IG1hcmdpbjoxNXB4IDA7IH0KLS0+Cjwvc3R5bGU+CjwvaGVhZD4KCjxjZW50ZXI+Cjx0YWJsZSBib3JkZXI9IjAiIHdpZHRoPSI2ODAiIGNlbGxzcGFjaW5nPSIwIiBjZWxscGFkZGluZz0iMCI+Cjx0cj48dGQgd2lkdGg9IjMzJSI+PC90ZD4KPHRkIHdpZHRoPSIzMyUiPjxjZW50ZXI+CjwvY2VudGVyPjwvdGQ+ICAgIAo8dGQgd2lkdGg9IjM0JSI+PC90ZD48L3RyPjwvdGFibGU+ICAgIAo8dGFibGUgYm9yZGVyPSIwIiB3aWR0aD0iNjgwIiBoZWlnaHQ9IjEwMSI+ICAgIAo8dHI+ICAgIAo8dGQgd2lkdGg9IjEwMCUiIGFsaWduPSJjZW50ZXIiIGhlaWdodD0iMTgiPiAgICAKPC90ZD48L3RyPiAgICAKPHRyPjx0ZCB3aWR0aD0iMTAwJSIgaGVpZ2h0PSIyOSI+PC90ZD48L3RyPjx0cj48dGQgd2lkdGg9IjEwMCUiIGFsaWduPSJjZW50ZXIiIGhlaWdodD0iMTMiPiAgICAgICAgICAgICAgICAgIAogICAgCjwvdGQ+PC90cj4gICAgCjx0cj48dGQgd2lkdGg9IjEwMCUiIGhlaWdodD0iMjUiPiAgICAKPGhyPjwvdGQ+PC90cj4gICAgCjwvdGFibGU+ICAgIAo8dGFibGUgYm9yZGVyPSIwIiB3aWR0aD0iNjg5Ij4gICAgCjx0cj4gICAgCiAgPHRkIHdpZHRoPSI2ODIiIGFsaWduPSJjZW50ZXIiPiAgICAKPGltZyBib3JkZXI9IjAiIHNyYz0iaHR0cHM6Ly9pbWFnZS5yYWt1dGVuLmNvLmpwL2didC1ka28vY2FiaW5ldC90b3BpbWcveDI2NTQ5X3BvcC5qcGciIHdpZHRoPSI2MjUiIGhlaWdodD0iMTM3IiBhbHQ9IuODiuODs+ODkOODvOODnOODq+ODiOOCreODo+ODg+ODlyI+ICAKICA8L3RkPjwvdHI+ICAKPHRyPiAgIAogIDx0ZCB3aWR0aD0iNjgyIiBhbGlnbj0iY2VudGVyIj4gICAKPGltZyBib3JkZXI9IjAiIHNyYz0iaHR0cHM6Ly9pbWFnZS5yYWt1dGVuLmNvLmpwL2didC1ka28vY2FiaW5ldC90b3BpbWcvMjY1MDBfcG9wLmpwZyIgd2lkdGg9IjYyNSIgaGVpZ2h0PSIxMzciIGFsdD0i44Ov44Oz44K/44OD44OB44K144Oz44Kt44Ol44O844OP44K244O844OJ44Om44OL44OD44OIIj4gIAogIDwvdGQ+PC90cj4gIAo8dHI+ICAgCiAgPHRkIHdpZHRoPSI2ODIiIGFsaWduPSJjZW50ZXIiPiAgIAo8aW1nIGJvcmRlcj0iMCIgc3JjPSJodHRwczovL2ltYWdlLnJha3V0ZW4uY28uanAvZ2J0LWRrby9jYWJpbmV0L3RvcGltZy8yNjQ5OF9wb3AuanBnIiB3aWR0aD0iNjI1IiBoZWlnaHQ9IjEzNyIgYWx0PSLjg6/jgqTjg5HjgqbjgqPjgrbjg7zjg4kiPiAgCiAgPC90ZD48L3RyPiAgCjx0cj4gIAogIDx0ZCB3aWR0aD0iNjgyIiBhbGlnbj0iY2VudGVyIj4gIAo8aW1nIGJvcmRlcj0iMCIgc3JjPSJodHRwczovL2ltYWdlLnJha3V0ZW4uY28uanAvZ2J0LWRrby9jYWJpbmV0L3RvcGltZy94MjUzNjhfcG9wLmpwZyIgd2lkdGg9IjYyNSIgaGVpZ2h0PSIxMzciIGFsdD0i44OP44Oz44Oi44OD44Kv6Ieq56uL5byPIj4gIAogIDwvdGQ+PC90cj4gIAo8dHI+ICAKICA8dGQgd2lkdGg9IjY4MiIgYWxpZ249ImNlbnRlciI+ICAKPGltZyBib3JkZXI9IjAiIHNyYz0iaHR0cHM6Ly9pbWFnZS5yYWt1dGVuLmNvLmpwL2didC1ka28vY2FiaW5ldC90b3BpbWcveDI2NzEwX3BvcC5qcGciIHdpZHRoPSI2MjUiIGhlaWdodD0iMTM3IiBhbHQ9IuODrOODs+OCrOiqv+Wjgee0mSI+IAogIDwvdGQ+PC90cj4gCjx0cj4gCiAgPHRkIHdpZHRoPSI2ODIiIGFsaWduPSJjZW50ZXIiPiAKPGltZyBib3JkZXI9IjAiIHNyYz0iaHR0cHM6Ly9pbWFnZS5yYWt1dGVuLmNvLmpwL2didC1ka28vY2FiaW5ldC90b3BpbWcvMjU1OTlfcG9wLmpwZyIgd2lkdGg9IjYyNSIgaGVpZ2h0PSIxMzciIGFsdD0i44OH44Kk44Op44Kk44OI6Ieq5YuV54K554Gv44Kt44OD44OIIj4gCiAgPC90ZD48L3RyPiAKPHRyPiAKICA8dGQgd2lkdGg9IjY4MiIgYWxpZ249ImNlbnRlciI+IAo8aW1nIGJvcmRlcj0iMCIgc3JjPSJodHRwczovL2ltYWdlLnJha3V0ZW4uY28uanAvZ2J0LWRrby9jYWJpbmV0L3RvcGltZy8yNDk3M19wb3AuanBnIiB3aWR0aD0iNjI1IiBoZWlnaHQ9IjEzNyIgYWx0PSLjgr3jg7zjg6njg7zjgrnjg53jg4Pjg4jjg6njgqTjg4jvvIEiPiAKICA8L3RkPjwvdHI+IAo8dHI+IAogIDx0ZCB3aWR0aD0iNjgyIiBhbGlnbj0iY2VudGVyIj4gCjxpbWcgYm9yZGVyPSIwIiBzcmM9Imh0dHBzOi8vaW1hZ2UucmFrdXRlbi5jby5qcC9nYnQtZGtvL2NhYmluZXQvdG9waW1nLzI0NjcwX3BvcC5qcGciIHdpZHRoPSI2MjUiIGhlaWdodD0iMTM3Ij4gCiAgPC90ZD48L3RyPiAKPHRyPiAKICA8dGQgd2lkdGg9IjY4MiIgYWxpZ249ImNlbnRlciI+IAo8aW1nIGJvcmRlcj0iMCIgc3JjPSJodHRwczovL2ltYWdlLnJha3V0ZW4uY28uanAvZ2J0LWRrby9jYWJpbmV0L3RvcGltZy94MjQ1MjlfcG9wLmpwZyIgd2lkdGg9IjYyNSIgaGVpZ2h0PSIyNzQiPiAKICA8L3RkPjwvdHI+IAo8dHI+IAogIDx0ZCB3aWR0aD0iNjgyIiBhbGlnbj0iY2VudGVyIj4gCjxpbWcgYm9yZGVyPSIwIiBzcmM9Imh0dHBzOi8vaW1hZ2UucmFrdXRlbi5jby5qcC9nYnQtZGtvL2NhYmluZXQvdG9waW1nLzIzOTE5Ym4uanBnIiB3aWR0aD0iNjI1IiBoZWlnaHQ9IjEzNyI+PC90ZD48L3RyPiAKPHRyPiAKICA8dGQgd2lkdGg9IjY4MiIgYWxpZ249ImNlbnRlciI+IAogIDwvdGQ+PC90cj4gCjx0cj4gCiAgPHRkIHdpZHRoPSI2ODIiIGFsaWduPSJjZW50ZXIiPiAKPGltZyBib3JkZXI9IjAiIHNyYz0iaHR0cHM6Ly9pbWFnZS5yYWt1dGVuLmNvLmpwL2didC1ka28vY2FiaW5ldC90b3BpbWcveDI0MTU1X3BvcC5qcGciIHdpZHRoPSI2MjUiIGhlaWdodD0iMjc1Ij48L3RkPjwvdHI+IAo8dHI+IAogIDx0ZCB3aWR0aD0iNjgyIiBhbGlnbj0iY2VudGVyIj4gCjxpbWcgYm9yZGVyPSIwIiBzcmM9Imh0dHBzOi8vaW1hZ2UucmFrdXRlbi5jby5qcC9nYnQtZGtvL2NhYmluZXQvdG9waW1nL3NpeHRoc2Vuc2UtcG9wLmpwZyIgd2lkdGg9IjYyNSIgaGVpZ2h0PSIyNzUiPjwvdGQ+PC90cj4gCjwvdGFibGU+IAo8dGFibGUgYm9yZGVyPSIwIiB3aWR0aD0iNjgwIj4gCjx0cj48dGQgd2lkdGg9IjUwJSIgaGVpZ2h0PSIyMzgiPjxwIGFsaWduPSJjZW50ZXIiPjxpbWcgYm9yZGVyPSIwIiBzcmM9Imh0dHBzOi8vaW1hZ2UucmFrdXRlbi5jby5qcC9nYnQtZGtvL2NhYmluZXQvbGluZS10YXBlLzIyMzE3XzEuanBnIiB3aWR0aD0iMzM1IiBoZWlnaHQ9IjI1MSI+PC9wPiAKPC90ZD48dGQgd2lkdGg9IjUwJSIgaGVpZ2h0PSIyMzgiPjxpbWcgYm9yZGVyPSIwIiBzcmM9Imh0dHBzOi8vaW1hZ2UucmFrdXRlbi5jby5qcC9nYnQtZGtvL2NhYmluZXQvY2FhYy1hbGxpbWcvMjQ4MzNfMXIuanBnIiB3aWR0aD0iMzM1IiBoZWlnaHQ9IjI1MSI+PC90ZD4gCjwvdHI+IAo8L3RhYmxlPiAKPHRhYmxlIGJvcmRlcj0iMCIgd2lkdGg9IjY4MCIgaGVpZ2h0PSIxMzEiPiAKPHRyPiAKPHRkIHdpZHRoPSI1MCUiIGFsaWduPSJjZW50ZXIiIGhlaWdodD0iODkiPjxpbWcgYm9yZGVyPSIwIiBzcmM9Imh0dHBzOi8vdGh1bWJuYWlsLmltYWdlLnJha3V0ZW4uY28uanAvQDBfbWFsbC9nYnQtZGtvL2NhYmluZXQvdG9waW1nL2Jhbm5lcl9jYXIxMjcuanBnP19leD0zMzV4MzM1Ij4gCjwvdGQ+IAo8dGQgd2lkdGg9IjUwJSIgYWxpZ249ImNlbnRlciIgaGVpZ2h0PSI4OSI+PGltZyBib3JkZXI9IjAiIHNyYz0iaHR0cHM6Ly90aHVtYm5haWwuaW1hZ2UucmFrdXRlbi5jby5qcC9AMF9tYWxsL2didC1ka28vY2FiaW5ldC90b3BpbWcvYmFubmVyX2NhcjgzLmpwZz9fZXg9MzM1eDMzNSI+PC90ZD4gCjwvdHI+IAo8dHI+IAo8dGQgd2lkdGg9IjUwJSIgYWxpZ249ImNlbnRlciIgaGVpZ2h0PSI5MCI+PGltZyBib3JkZXI9IjAiIHNyYz0iaHR0cHM6Ly9pbWFnZS5yYWt1dGVuLmNvLmpwL2didC1ka28vY2FiaW5ldC90b3BpbWcvYmFubmVyX2NhcjEzMy5naWYiIHdpZHRoPSIzMzUiIGhlaWdodD0iODgiPjwvdGQ+IAo8dGQgd2lkdGg9IjUwJSIgYWxpZ249ImNlbnRlciIgaGVpZ2h0PSI5MCI+PGltZyBib3JkZXI9IjAiIHNyYz0iaHR0cHM6Ly90aHVtYm5haWwuaW1hZ2UucmFrdXRlbi5jby5qcC9AMF9tYWxsL2didC1ka28vY2FiaW5ldC90b3BpbWcvc3BlY2lhbHNhbGVfczA1LmpwZz9fZXg9MzM1eDMzNSI+PC90ZD4gCjwvdHI+IAo8dHI+IAo8dGggd2lkdGg9IjY5MCIgY29sc3Bhbj0iMiIgaGVpZ2h0PSIxIj4gCjxocj4gCjxwPiAgICAgICAgICAKPGZvbnQgY29sb3I9IiNGRjAwNjYiPuKYheODrOODk+ODpeODvOOBruabuOOBjeaWueOBjOWIhuOBi+OCieOBquOBhOaWueOBr+OBk+OBoeOCieOCkuOBlOimp+OBj+OBoOOBleOBhOKHkjwvZm9udD4gICAgICAgICAgCjwvdGg+IAo8L3RyPiAKPC90YWJsZT4gCiAKPC9jZW50ZXI+,TEVEIOODq+ODvOODoOODqeODs+ODlyBOQk9YIE5CT1jjgqvjgrnjgr/jg6AgSE9OREEg5bCC55So6Kit6KiIIExFROODq+ODvOODoOODqeODs+ODl+OCu+ODg+ODiOeZvSA4OVNNRCA1566H5omAKOOChuOBhuODkeOCseODg+ODiOOBquOCiemAgeaWmeeEoeaWmSnvvJrjg4DjgqTjgrPjg7PljbjjgIDnm7Tosqnpg6g=,44Kk44Or44Of44ON44O844K344On44OzIOOCr+ODquOCueODnuOCuSDjgr3jg7zjg6njg7zjgq/jg6rjgrnjg57jgrnjg4Tjg6rjg7wg44GK44GX44KD44KMTEVEIOOCpuOCpOODs+OCq+ODvCDjg4bjg7zjg6vjg6njg7Pjg5cg44Or44O844Og44Op44Oz44OX77yo77yp77yk44Kt44OD44OISElE44Kt44OD44OIIEgxIEgzIEg0IEg3IEg4IEgxMSBIQjMgSEI044OV44Kp44Kw44Op44Oz44OXSElE44Kt44K744OO44Oz44OP44Kk44OV44Op6Ziy5q2i5oq15oqX5ZmoVDEwIFQxNiBUMjAgUzI144Kr44O855So5ZOBIOOCq+ODvOODkeODvOODhOWcsOODh+OCuOOCouODs+ODhuODikdQU+OCouODs+ODhuODiuOCquODs+ODgOODg+OCt+ODpeODouODi+OCv+ODvOODl+ODquOCpuOCueOCouOCr+OCouODj+OCpOOCqOODvOOCueODtOOCp+ODq+ODleOCoeOCpOOCouOCueODhuODg+ODl+ODr+OCtOODs04gYm9444Km44Kk44Od44K4TEVEIOODq+ODvOODoOODqeODs+ODlyBOQk9YIE5CT1jjgqvjgrnjgr/jg6AgSE9OREEg5bCC55So6Kit6KiIIExFROODq+ODvOODoOODqeODs+ODl+OCu+ODg+ODiOeZvSA4OVNNRCA1566H5omAKOOChuOBhuODkeOCseODg+ODiOOBquOCiemAgeaWmeeEoeaWmSk=,TEVEIOODq+ODvOODoOODqeODs+ODlyBOQk9YIE5CT1jjgqvjgrnjgr/jg6DlsILnlKjoqK3oqIjjgIJMRUQg44Or44O844Og44Op44Oz44OXIE5CT1ggTkJPWOOCq+OCueOCv+ODoCBIT05EQSDlsILnlKjoqK3oqIggTEVE44Or44O844Og44Op44Oz44OX44K744OD44OI55m9IDg5U01EIDXnrofmiYAo44KG44GG44OR44Kx44OD44OI44Gq44KJ6YCB5paZ54Sh5paZKQ==[rn]
3-47035,aHR0cDovL3RzaG9wLnIxMHMuanAvZ2J0LWRrby9jYWJpbmV0LzIwNDY1XzQuanBnP2ZpdGluPTcwMDo3MDA=,NDgwMC4wMDAw,,6LuK55So5ZOB44O744OQ44Kk44Kv55So5ZOBID4g44Kr44O855So5ZOBID4g44Op44Kk44OI44O744Op44Oz44OXID4g44Or44O844Og44Op44Oz44OX,44Ki44Or44OV44Kh44O844OJMjDns7sgIOODtOOCp+ODq+ODleOCoeOCpOOCoiAyMOezuyBMRUTjg6vjg7zjg6Djg6njg7Pjg5cg5YmN5pyfIOW+jOacnyDlsILnlKggTEVE44Or44O844Og44Op44Oz44OXIDExUCtUMTAgM0NoaXBTTUQ16YCjMuWAiyDoqIgxM+eCuSAyMThMRUQgfCDjg7Tjgqfjg6vjg5XjgqHjgqTjg6Qg44OZ44Or44OV44Kh44Kk44KiIOODiOODqOOCvyB0b3lvdGEg44OZ44Or44OV44Kh44Kk44KiMjDns7sg6LuK55So5ZOBIOOCq+ODvOeUqOWTgSDlrqTlhoXnga8g44Or44O844Og44Op44Kk44OI,44Ki44Or44OV44Kh44O844OJMjDns7sgIOODtOOCp+ODq+ODleOCoeOCpOOCoiAyMOezuyBMRUTjg6vjg7zjg6Djg6njg7Pjg5c=,MjAxNOW5tOWGjeWFpeiNtzEw5pyIPGJyPjxjZW50ZXI+CjxUQUJMRSBCT1JERVI9MCBjZWxsc3BhY2luZz0wIENFTExQQURESU5HPTAgd2lkdGg9NjgwIGhlaWdodD0iNTAiPgo8dHI+PHRoIGhlaWdodD0iMSIgYWxpZ249ImNlbnRlciIgd2lkdGg9IjY4MCI+Cgo8aW1nIGJvcmRlcj0iMCIgc3JjPSJodHRwOi8vaW1hZ2UucmFrdXRlbi5jby5qcC9nYnQtZGtvL2NhYmluZXQvdG9waW1nL21fbWFnYXppbmUuZ2lmIj4KPC90aD48L3RyPjwvVEFCTEU+PC9jZW50ZXI+PGJyPjxicj7jgJDpgIHmlpnnhKHmlpnjgJHvvIjmv4DlhYkpMjE455m644Ki44Or44OV44Kh44O844OJIOODtOOCp+ODq+ODleOCoeOCpOOCouWwgueUqExFROODq+ODvOODoOODqeODs+ODlzExUCszQ2hpcFNNRDXpgKMy5YCLIOioiDEz54K5c2V0PGhlYWQ+CjxzdHlsZSB0eXBlPSJ0ZXh0L2NzcyI+CjwhLS0Kc3Bhbi51bml0IHsgYmFja2dyb3VuZDogdXJsKGh0dHBzOi8vaW1hZ2UucmFrdXRlbi5jby5qcC9nYnQtZGtvL2NhYmluZXQvY2FydF9pbmZvLmdpZikgbm8tcmVwZWF0IGxlZnQgdG9wOyB0ZXh0LWluZGVudDoKLTk5OTk7IGRpc3BsYXk6IGJsb2NrOyB3aWR0aDogMzE1OyBoZWlnaHQ6IDQyMjsgbWFyZ2luOjE1cHggMDsgfQotLT4KPC9zdHlsZT4KPC9oZWFkPgoKPGNlbnRlcj4KPHRhYmxlIGJvcmRlcj0iMCIgd2lkdGg9IjY4MCIgY2VsbHNwYWNpbmc9IjAiIGNlbGxwYWRkaW5nPSIwIj4KPHRyPjx0ZCB3aWR0aD0iMzMlIj48L3RkPgo8dGQgd2lkdGg9IjMzJSI+PGNlbnRlcj4KPC9jZW50ZXI+PC90ZD4gICAgCjx0ZCB3aWR0aD0iMzQlIj48L3RkPjwvdHI+PC90YWJsZT4gICAgCjx0YWJsZSBib3JkZXI9IjAiIHdpZHRoPSI2ODAiIGhlaWdodD0iMTAxIj4gICAgCjx0cj4gICAgCjx0ZCB3aWR0aD0iMTAwJSIgYWxpZ249ImNlbnRlciIgaGVpZ2h0PSIxOCI+ICAgIAo8L3RkPjwvdHI+ICAgIAo8dHI+PHRkIHdpZHRoPSIxMDAlIiBoZWlnaHQ9IjI5Ij48L3RkPjwvdHI+PHRyPjx0ZCB3aWR0aD0iMTAwJSIgYWxpZ249ImNlbnRlciIgaGVpZ2h0PSIxMyI+ICAgICAgICAgICAgICAgICAgCiAgICAKPC90ZD48L3RyPiAgICAKPHRyPjx0ZCB3aWR0aD0iMTAwJSIgaGVpZ2h0PSIyNSI+ICAgIAo8aHI+PC90ZD48L3RyPiAgICAKPC90YWJsZT4gICAgCjx0YWJsZSBib3JkZXI9IjAiIHdpZHRoPSI2ODkiPiAgICAKPHRyPiAgICAKICA8dGQgd2lkdGg9IjY4MiIgYWxpZ249ImNlbnRlciI+ICAgIAo8aW1nIGJvcmRlcj0iMCIgc3JjPSJodHRwczovL2ltYWdlLnJha3V0ZW4uY28uanAvZ2J0LWRrby9jYWJpbmV0L3RvcGltZy94MjY1NDlfcG9wLmpwZyIgd2lkdGg9IjYyNSIgaGVpZ2h0PSIxMzciIGFsdD0i44OK44Oz44OQ44O844Oc44Or44OI44Kt44Oj44OD44OXIj4gIAogIDwvdGQ+PC90cj4gIAo8dHI+ICAgCiAgPHRkIHdpZHRoPSI2ODIiIGFsaWduPSJjZW50ZXIiPiAgIAo8aW1nIGJvcmRlcj0iMCIgc3JjPSJodHRwczovL2ltYWdlLnJha3V0ZW4uY28uanAvZ2J0LWRrby9jYWJpbmV0L3RvcGltZy8yNjUwMF9wb3AuanBnIiB3aWR0aD0iNjI1IiBoZWlnaHQ9IjEzNyIgYWx0PSLjg6/jg7Pjgr/jg4Pjg4HjgrXjg7Pjgq3jg6Xjg7zjg4/jgrbjg7zjg4njg6bjg4vjg4Pjg4giPiAgCiAgPC90ZD48L3RyPiAgCjx0cj4gICAKICA8dGQgd2lkdGg9IjY4MiIgYWxpZ249ImNlbnRlciI+ICAgCjxpbWcgYm9yZGVyPSIwIiBzcmM9Imh0dHBzOi8vaW1hZ2UucmFrdXRlbi5jby5qcC9nYnQtZGtvL2NhYmluZXQvdG9waW1nLzI2NDk4X3BvcC5qcGciIHdpZHRoPSI2MjUiIGhlaWdodD0iMTM3IiBhbHQ9IuODr+OCpOODkeOCpuOCo+OCtuODvOODiSI+ICAKICA8L3RkPjwvdHI+ICAKPHRyPiAgCiAgPHRkIHdpZHRoPSI2ODIiIGFsaWduPSJjZW50ZXIiPiAgCjxpbWcgYm9yZGVyPSIwIiBzcmM9Imh0dHBzOi8vaW1hZ2UucmFrdXRlbi5jby5qcC9nYnQtZGtvL2NhYmluZXQvdG9waW1nL3gyNTM2OF9wb3AuanBnIiB3aWR0aD0iNjI1IiBoZWlnaHQ9IjEzNyIgYWx0PSLjg4/jg7Pjg6Ljg4Pjgq/oh6rnq4vlvI8iPiAgCiAgPC90ZD48L3RyPiAgCjx0cj4gIAogIDx0ZCB3aWR0aD0iNjgyIiBhbGlnbj0iY2VudGVyIj4gIAo8aW1nIGJvcmRlcj0iMCIgc3JjPSJodHRwczovL2ltYWdlLnJha3V0ZW4uY28uanAvZ2J0LWRrby9jYWJpbmV0L3RvcGltZy94MjY3MTBfcG9wLmpwZyIgd2lkdGg9IjYyNSIgaGVpZ2h0PSIxMzciIGFsdD0i44Os44Oz44Ks6Kq/5aOB57SZIj4gCiAgPC90ZD48L3RyPiAKPHRyPiAKICA8dGQgd2lkdGg9IjY4MiIgYWxpZ249ImNlbnRlciI+IAo8aW1nIGJvcmRlcj0iMCIgc3JjPSJodHRwczovL2ltYWdlLnJha3V0ZW4uY28uanAvZ2J0LWRrby9jYWJpbmV0L3RvcGltZy8yNTU5OV9wb3AuanBnIiB3aWR0aD0iNjI1IiBoZWlnaHQ9IjEzNyIgYWx0PSLjg4fjgqTjg6njgqTjg4joh6rli5Xngrnnga/jgq3jg4Pjg4giPiAKICA8L3RkPjwvdHI+IAo8dHI+IAogIDx0ZCB3aWR0aD0iNjgyIiBhbGlnbj0iY2VudGVyIj4gCjxpbWcgYm9yZGVyPSIwIiBzcmM9Imh0dHBzOi8vaW1hZ2UucmFrdXRlbi5jby5qcC9nYnQtZGtvL2NhYmluZXQvdG9waW1nLzI0OTczX3BvcC5qcGciIHdpZHRoPSI2MjUiIGhlaWdodD0iMTM3IiBhbHQ9IuOCveODvOODqeODvOOCueODneODg+ODiOODqeOCpOODiO+8gSI+IAogIDwvdGQ+PC90cj4gCjx0cj4gCiAgPHRkIHdpZHRoPSI2ODIiIGFsaWduPSJjZW50ZXIiPiAKPGltZyBib3JkZXI9IjAiIHNyYz0iaHR0cHM6Ly9pbWFnZS5yYWt1dGVuLmNvLmpwL2didC1ka28vY2FiaW5ldC90b3BpbWcvMjQ2NzBfcG9wLmpwZyIgd2lkdGg9IjYyNSIgaGVpZ2h0PSIxMzciPiAKICA8L3RkPjwvdHI+IAo8dHI+IAogIDx0ZCB3aWR0aD0iNjgyIiBhbGlnbj0iY2VudGVyIj4gCjxpbWcgYm9yZGVyPSIwIiBzcmM9Imh0dHBzOi8vaW1hZ2UucmFrdXRlbi5jby5qcC9nYnQtZGtvL2NhYmluZXQvdG9waW1nL3gyNDUyOV9wb3AuanBnIiB3aWR0aD0iNjI1IiBoZWlnaHQ9IjI3NCI+IAogIDwvdGQ+PC90cj4gCjx0cj4gCiAgPHRkIHdpZHRoPSI2ODIiIGFsaWduPSJjZW50ZXIiPiAKPGltZyBib3JkZXI9IjAiIHNyYz0iaHR0cHM6Ly9pbWFnZS5yYWt1dGVuLmNvLmpwL2didC1ka28vY2FiaW5ldC90b3BpbWcvMjM5MTlibi5qcGciIHdpZHRoPSI2MjUiIGhlaWdodD0iMTM3Ij48L3RkPjwvdHI+IAo8dHI+IAogIDx0ZCB3aWR0aD0iNjgyIiBhbGlnbj0iY2VudGVyIj4gCiAgPC90ZD48L3RyPiAKPHRyPiAKICA8dGQgd2lkdGg9IjY4MiIgYWxpZ249ImNlbnRlciI+IAo8aW1nIGJvcmRlcj0iMCIgc3JjPSJodHRwczovL2ltYWdlLnJha3V0ZW4uY28uanAvZ2J0LWRrby9jYWJpbmV0L3RvcGltZy94MjQxNTVfcG9wLmpwZyIgd2lkdGg9IjYyNSIgaGVpZ2h0PSIyNzUiPjwvdGQ+PC90cj4gCjx0cj4gCiAgPHRkIHdpZHRoPSI2ODIiIGFsaWduPSJjZW50ZXIiPiAKPGltZyBib3JkZXI9IjAiIHNyYz0iaHR0cHM6Ly9pbWFnZS5yYWt1dGVuLmNvLmpwL2didC1ka28vY2FiaW5ldC90b3BpbWcvc2l4dGhzZW5zZS1wb3AuanBnIiB3aWR0aD0iNjI1IiBoZWlnaHQ9IjI3NSI+PC90ZD48L3RyPiAKPC90YWJsZT4gCjx0YWJsZSBib3JkZXI9IjAiIHdpZHRoPSI2ODAiPiAKPHRyPjx0ZCB3aWR0aD0iNTAlIiBoZWlnaHQ9IjIzOCI+PHAgYWxpZ249ImNlbnRlciI+PGltZyBib3JkZXI9IjAiIHNyYz0iaHR0cHM6Ly9pbWFnZS5yYWt1dGVuLmNvLmpwL2didC1ka28vY2FiaW5ldC9saW5lLXRhcGUvMjIzMTdfMS5qcGciIHdpZHRoPSIzMzUiIGhlaWdodD0iMjUxIj48L3A+IAo8L3RkPjx0ZCB3aWR0aD0iNTAlIiBoZWlnaHQ9IjIzOCI+PGltZyBib3JkZXI9IjAiIHNyYz0iaHR0cHM6Ly9pbWFnZS5yYWt1dGVuLmNvLmpwL2didC1ka28vY2FiaW5ldC9jYWFjLWFsbGltZy8yNDgzM18xci5qcGciIHdpZHRoPSIzMzUiIGhlaWdodD0iMjUxIj48L3RkPiAKPC90cj4gCjwvdGFibGU+IAo8dGFibGUgYm9yZGVyPSIwIiB3aWR0aD0iNjgwIiBoZWlnaHQ9IjEzMSI+IAo8dHI+IAo8dGQgd2lkdGg9IjUwJSIgYWxpZ249ImNlbnRlciIgaGVpZ2h0PSI4OSI+PGltZyBib3JkZXI9IjAiIHNyYz0iaHR0cHM6Ly90aHVtYm5haWwuaW1hZ2UucmFrdXRlbi5jby5qcC9AMF9tYWxsL2didC1ka28vY2FiaW5ldC90b3BpbWcvYmFubmVyX2NhcjEyNy5qcGc/X2V4PTMzNXgzMzUiPiAKPC90ZD4gCjx0ZCB3aWR0aD0iNTAlIiBhbGlnbj0iY2VudGVyIiBoZWlnaHQ9Ijg5Ij48aW1nIGJvcmRlcj0iMCIgc3JjPSJodHRwczovL3RodW1ibmFpbC5pbWFnZS5yYWt1dGVuLmNvLmpwL0AwX21hbGwvZ2J0LWRrby9jYWJpbmV0L3RvcGltZy9iYW5uZXJfY2FyODMuanBnP19leD0zMzV4MzM1Ij48L3RkPiAKPC90cj4gCjx0cj4gCjx0ZCB3aWR0aD0iNTAlIiBhbGlnbj0iY2VudGVyIiBoZWlnaHQ9IjkwIj48aW1nIGJvcmRlcj0iMCIgc3JjPSJodHRwczovL2ltYWdlLnJha3V0ZW4uY28uanAvZ2J0LWRrby9jYWJpbmV0L3RvcGltZy9iYW5uZXJfY2FyMTMzLmdpZiIgd2lkdGg9IjMzNSIgaGVpZ2h0PSI4OCI+PC90ZD4gCjx0ZCB3aWR0aD0iNTAlIiBhbGlnbj0iY2VudGVyIiBoZWlnaHQ9IjkwIj48aW1nIGJvcmRlcj0iMCIgc3JjPSJodHRwczovL3RodW1ibmFpbC5pbWFnZS5yYWt1dGVuLmNvLmpwL0AwX21hbGwvZ2J0LWRrby9jYWJpbmV0L3RvcGltZy9zcGVjaWFsc2FsZV9zMDUuanBnP19leD0zMzV4MzM1Ij48L3RkPiAKPC90cj4gCjx0cj4gCjx0aCB3aWR0aD0iNjkwIiBjb2xzcGFuPSIyIiBoZWlnaHQ9IjEiPiAKPGhyPiAKPHA+ICAgICAgICAgIAo8Zm9udCBjb2xvcj0iI0ZGMDA2NiI+4piF44Os44OT44Ol44O844Gu5pu444GN5pa544GM5YiG44GL44KJ44Gq44GE5pa544Gv44GT44Gh44KJ44KS44GU6Kan44GP44Gg44GV44GE4oeSPC9mb250PiAgICAgICAgICAKPC90aD4gCjwvdHI+IAo8L3RhYmxlPiAKIAo8L2NlbnRlcj4=,44Ki44Or44OV44Kh44O844OJMjDns7sgIOODtOOCp+ODq+ODleOCoeOCpOOCoiAyMOezuyBMRUTjg6vjg7zjg6Djg6njg7Pjg5cg5YmN5pyfIOW+jOacnyDlsILnlKggTEVE44Or44O844Og44Op44Oz44OXIDExUCtUMTAgM0NoaXBTTUQ16YCjMuWAiyDoqIgxM+eCuSAyMThMRUQgfCDjg7Tjgqfjg6vjg5XjgqHjgqTjg6Qg44OZ44Or44OV44Kh44Kk44KiIOODiOODqOOCvyB0b3lvdGEg44OZ44Or44OV44Kh44Kk44KiMjDns7sg6LuK55So5ZOBIOOCq+ODvOeUqOWTgSDlrqTlhoXnga8g44Or44O844Og44Op44Kk44OI77ya44OA44Kk44Kz44Oz5Y2444CA55u06LKp6YOo,44Kk44Or44Of44ON44O844K344On44OzIOOCr+ODquOCueODnuOCuSDjgr3jg7zjg6njg7zjgq/jg6rjgrnjg57jgrnjg4Tjg6rjg7wg44GK44GX44KD44KMTEVEIOOCpuOCpOODs+OCq+ODvCDjg4bjg7zjg6vjg6njg7Pjg5cg44Or44O844Og44Op44Oz44OX77yo77yp77yk44Kt44OD44OISElE44Kt44OD44OIIEgxIEgzIEg0IEg3IEg4IEgxMSBIQjMgSEI044OV44Kp44Kw44Op44Oz44OXSElE44Kt44K744OO44Oz44OP44Kk44OV44Op6Ziy5q2i5oq15oqX5ZmoVDEwIFQxNiBUMjAgUzI144Kr44O855So5ZOBIOOCq+ODvOODkeODvOODhOWcsOODh+OCuOOCouODs+ODhuODikdQU+OCouODs+ODhuODiuOCquODs+ODgOODg+OCt+ODpeODouODi+OCv+ODvOODl+ODquOCpuOCueOCouOCr+OCouODj+OCpOOCqOODvOOCueODtOOCp+ODq+ODleOCoeOCpOOCouOCueODhuODg+ODl+ODr+OCtOODs04gYm9444Km44Kk44Od44K444Ki44Or44OV44Kh44O844OJMjDns7sgIOODtOOCp+ODq+ODleOCoeOCpOOCoiAyMOezuyBMRUTjg6vjg7zjg6Djg6njg7Pjg5cg5YmN5pyfIOW+jOacnyDlsILnlKggTEVE44Or44O844Og44Op44Oz44OXIDExUCtUMTAgM0NoaXBTTUQ16YCjMuWAiyDoqIgxM+eCuSAyMThMRUQgfCDjg7Tjgqfjg6vjg5XjgqHjgqTjg6Qg44OZ44Or44OV44Kh44Kk44KiIOODiOODqOOCvyB0b3lvdGEg44OZ44Or44OV44Kh44Kk44KiMjDns7sg6LuK55So5ZOBIOOCq+ODvOeUqOWTgSDlrqTlhoXnga8g44Or44O844Og44Op44Kk44OI,44Ki44Or44OV44Kh44O844OJMjDns7sgIOODtOOCp+ODq+ODleOCoeOCpOOCoiAyMOezuyBMRUTjg6vjg7zjg6Djg6njg7Pjg5fjgILjgqLjg6vjg5XjgqHjg7zjg4kyMOezuyAg44O044Kn44Or44OV44Kh44Kk44KiIDIw57O7IExFROODq+ODvOODoOODqeODs+ODlyDliY3mnJ8g5b6M5pyfIOWwgueUqCBMRUTjg6vjg7zjg6Djg6njg7Pjg5cgMTFQK1QxMCAzQ2hpcFNNRDXpgKMy5YCLIOioiDEz54K5IDIxOExFRCB8IOODtOOCp+ODq+ODleOCoeOCpOODpCDjg5njg6vjg5XjgqHjgqTjgqIg44OI44Oo44K/IHRveW90YSDjg5njg6vjg5XjgqHjgqTjgqIyMOezuyDou4rnlKjlk4Eg44Kr44O855So5ZOBIOWupOWGheeBryDjg6vjg7zjg6Djg6njgqTjg4g=[rn]
3-47036,aHR0cDovL3RzaG9wLnIxMHMuanAvYWtpYmFtYWMvY2FiaW5ldC8wNDYxMzQ4Ny80OTAxNjYwMTQyMjQ1LmpwZz9maXRpbj03MDA6NzAw,MzMyMC4wMDAw,,44K544Oe44O844OI44OV44Kp44Oz44O744K/44OW44Os44OD44OIID4g44OQ44OD44OG44Oq44O844O75YWF6Zu75ZmoID4g44Oi44OQ44Kk44Or44OQ44OD44OG44Oq44O8,44K944OL44O844K544Oe44O844OI44OV44Kp44Oz5a++5b+c77y7bWljcm8gVVNC77yPVVNC57Wm6Zu777y9IFVTQuODouODkOOCpOODq+ODkOODg+ODhuODquODvCDvvIttaWNybyBVU0LjgrHjg7zjg5bjg6sgMjBjbSDvvIg1MDAwbUFo44O744K344Or44OQ44O844OW44Op44Km44Oz77yJIENQLVM1U1QgKENQUzVTVCk=,,PHRhYmxlIGJvcmRlcj0iMCIgY2VsbHBhZGRpbmc9IjAiIGNlbGxzcGFjaW5nPSIwIiB3aWR0aD0iNzEwIiBzdHlsZT0ibGluZS1oZWlnaHQ6MTQwJTsiPjx0cj48dGQ+PGZvbnQgc2l6ZT0iMiI+44CU44K544Oe44O844OI44OV44Kp44Oz5a++5b+c77y7bWljcm8gVVNC77yPVVNC57Wm6Zu777y977ya44Oi44OQ44Kk44Or44OQ44OD44OG44Oq44O877yIVVNC6JOE6Zu777yJ77yLbWljcm8gVVNC44Kx44O844OW44OrIOWFhembu+OAlTxicj7jgojjgorjgrnjg6rjg6DjgarjgqLjg6vjg5/jg5zjg4fjgqM1MDAwbUFo44K/44Kk44OX44CB44OP44Kk44OW44Oq44OD44OJ44Ky44Or44OG44Kv44OO44Ot44K444O844Oi44OH44Or44GuVVNC44Od44O844K/44OW44Or6Zu75rqQ44CCPGJyPjxicj7ilqAg44K544Oe44O844OI44OV44Kp44Oz44Gr57SEMuWbnuWFhembu+WPr+iDveOBqjUwMDBtQWjjga7jg6rjg4Hjgqbjg6DjgqTjgqrjg7Pjg53jg6rjg57jg7zjg5Djg4Pjg4bjg6rjg7zlhoXolLU8YnI+44K944OL44O854us6Ieq5oqA6KGT44OP44Kk44OW44Oq44OD44OJ44Ky44Or44OG44Kv44OO44Ot44K444O844Gn6ZW35oyB44Gh44CC57SEMTAwMOWbnuOBj+OCiui/lOOBl+WFhembu+OBjOWPr+iDveOBp+OBmeOAgjxicj7igLsg44K944OL44O856S+6Kmm6aiT57WQ5p6c44Gr5Z+644Gl44GP44CB57SEMTUwMG1BaOOBruODkOODg+ODhuODquODvOaQrei8ieOCueODnuODvOODiOODleOCqeODs+OBp+OBruebruWuieOBp+OBmeOAguapn+WZqOOBiuOCiOOBs+S9v+eUqOadoeS7tuOBq+OCiOOCiuOAgeWun+mam+OBruWFhembu+WPr+iDveOBquWbnuaVsOOBqOOBr+eVsOOBquOCiuOBvuOBmTxicj7igLsg44K944OL44O856S+6Kmm6aiT57WQ5p6c44Gr5Z+644Gl44GP55uu5a6J44Gn44GZ44CC5qmf5Zmo44GK44KI44Gz5L2/55So5p2h5Lu244Gr44KI44KK44CB5a6f6Zqb44Gu5Yip55So5Y+v6IO95Zue5pWw44Go44Gv55Ww44Gq44KK44G+44GZPGJyPuKWoCDmnKzkvZPjgpLlhYXpm7vjgZfjgarjgYzjgonjgIHmqZ/lmajjgbjntabpm7vjgYzlj6/og708YnI+Q1AtUzXjga/mjqXntprmqZ/lmajjgpLntabpm7vjgZfjgarjgYzjgonjgIFVU0Ljg53jg7zjgr/jg5bjg6vpm7vmupDmnKzkvZPjga7lhYXpm7vjgoLlkIzmmYLjgavjgafjgY3jgb7jgZnjgII8YnI+4oC7IOacrOS9k+OBruWFhembu+OBqOapn+WZqOOBuOOBrue1pumbu+OCkuWQjOaZguOBq+ihjOOBhumam+OBq+OBr+OAgUFD44Ki44OA44OW44K/44O877yI5Yil5aOy77yJ44KS44GU5L2/55So44GP44Gg44GV44GE44CC57Wm6Zu744KS5YSq5YWI44GZ44KL44Gu44Gn44CB5o6l57aa44GV44KM44Gm44GE44KL5qmf5Zmo44Gr44KI44Gj44Gm5ZCM5pmC44Gr6KGM44GI44Gq44GE5aC05ZCI44GM44GC44KK44G+44GZPGJyPuKWoCDjgZnjgZDjgavkvb/jgYjjgabopovjgoTjgZnjgYTpm7vmsaDmrovph488YnI+5Ye66I235pmC44Gv57SENTDvvIXjgavlhYXpm7vmuIjjgb/jgarjga7jgafjgIHjgZnjgZDjgavkvb/nlKjjgafjgY3jgb7jgZnjgILjgb7jgZ/jgIHjg6rjg4Hjgqbjg6DjgqTjgqrjg7Pjg53jg6rjg57jg7zjg5Djg4Pjg4bjg6rjg7zjga7mlL7pm7vnibnmgKfjga/lronlrprjgZfjgabjgYrjgorjgIHjg5Xjg6vlhYXpm7vjgZfjgZ/lvozkvb/nlKjjgZvjgZox5bm057WM6YGO44GX44Gm44KC44CB6Zu75rGg5q6L6YeP44GM44OV44Or5YWF6Zu744Gu57SEODDvvIXjgpLntq3mjIHjgZfjgabjgYTjgb7jgZnjgILpm7vmsaDjga7mrovph4/nm67lronjgpI054GvTEVE44Gn6KaL44KE44GZ44GP44CBMTAw77yF44O7NjDvvIXjg7s0MO+8heODuzIw77yF44O7MO+8heOBrjXmrrXpmo7jgafjgYrnn6XjgonjgZvjgZfjgb7jgZnjgII8YnI+4pagIOOCouODq+ODn+ODnOODh+OCo+OBp+mBuOOBueOCi+OCq+ODqeODvOODkOODquOCqOODvOOCt+ODp+ODszxicj48YnI+44CQ5YWl5Yqb44CRREMgNVYvMS4wQe+8iOacgOWkp++8iTxicj7jgJDlh7rlipvjgJFEQyA1Vi8xLjVB77yI5pyA5aSn77yJPGJyPuOAkOWkluW9ouWvuOazleOAkeW5hTYzLjVtbcOX6auY44GVMTEzLjBtbcOX5aWl6KGMMTEuOG1tPGJyPuOAkOizqumHj+OAkTE0MWc8YnI+44CQ5YuV5L2c5rip5bqm44CRMC0zNcKwPGJyPuOAkOWFhembu+aZgumWk+OAkee0hDYuNeaZgumWk++8iDEuMEEgQUPjgqLjg4Djg5fjgr/jg7zvvInjgIHntIQxMi415pmC6ZaT77yI5qiZ5rqWVVNC44Od44O844OI77yJPGJyPuOAkOS7mOWxnuOAkeODnuOCpOOCr+ODrVVTQuOCseODvOODluODq++8iDIwY23vvIk8YnI+PGJyPuKAuyBtaWNybyBVU0Lku6XlpJbjga/jgIHliKXpgJRVU0LlhYXpm7vjgrHjg7zjg5bjg6vjgYzlv4XopoHjgafjgZnjgII8YnI+PGJyPjwvZm9udD48L3RkPjwvdHI+PC90YWJsZT48c3R5bGUgdHlwZT0idGV4dC9jc3MiPgo8IS0tCi5yYWt1dGVuLWNhbXAgewoJd2lkdGg6IDcyNXB4OwoJYm9yZGVyOiAycHggc29saWQgIzMzOTlGRjsKCXBhZGRpbmctdG9wOiA1cHg7CgktbW96LWJvcmRlci1yYWRpdXM6NHB4OyAvKkZpcmVmb3gqLwoJLXdlYmtpdC1ib3JkZXItcmFkaXVzOiA0cHg7IC8qU2FmYXJpLENocm9tZSovCglib3JkZXItcmFkaXVzOjRweDsgLypPcGVyYSxDaHJvbWUqLwoJbWFyZ2luOjAgMTBweCAxMHB4IDA7Cn0KCi8qIOS+oeagvOOBq+aeoOe3muOBjOOBpOOBjyAqLwp0YWJsZSNyYWt1dGVuTGltaXRlZElkX2NhcnQgewogICAgYmFja2dyb3VuZC1jb2xvcjogI2Y4ZjhmODsKICAgIGJvcmRlcjogMXB4IHNvbGlkICNkZGQ7CiAgICBwYWRkaW5nOiA4cHg7CiAgICBtYXJnaW46IDE2cHggMDsKfQoKc3Bhbi5wcmljZTEgewogICAgY29sb3I6ICMzMzMgIWltcG9ydGFudDsKICAgIGZvbnQtd2VpZ2h0OiBib2xkOwogICAgZm9udC1zaXplOiA4MCUgIWltcG9ydGFudDsKICAgIGxpbmUtaGVpZ2h0OiAzMHB4OwogICAgZGlzcGxheTogaW5saW5lLWJsb2NrOwogICAgbWFyZ2luLXJpZ2h0OiAxNnB4Owp9CgotLT4KPC9zdHlsZT4KCjwhLS3jg5Djg4rjg7zjgqjjg6rjgqItLT4KCjwhLS3jgJDmtojjgZnjgarvvIHjgJHimIXimIXimIUgaGVpZ2h0PSIzODAiIOOBp+ioreWumuOBl+OBpuOBj+OBoOOBleOBhOOAguKYheKYheKYhS0tPgo8IS0t44OQ44OK44O844Ko44Oq44Ki44GT44GT44G+44GnLS0+Cgo8IS0t5qW95aSp44Kt44Oj44Oz44Oa44O844OzLS0+Cgo8aDIgc3R5bGU9Im1hcmdpbjoyMHB4IDAgMTBweCAwOyI+PGltZyBzcmM9Imh0dHA6Ly93d3cucmFrdXRlbi5uZS5qcC9nb2xkL2FraWJhbWFjL2ZyYW1lL2ltYWdlcy9yYWt1dGVuX3RpdGxlMi5naWYiIGFsdD0i5qW95aSp5biC5aC044Gu44GK5b6X44Gq44Kt44Oj44Oz44Oa44O844OzIiB3aWR0aD0iNzMwIiBoZWlnaHQ9IjQyIiBib3JkZXI9IjAiPjwvaDI+CjxkaXYgY2xhc3M9InJha3V0ZW4tY2FtcCIgc3R5bGU9Im1hcmdpbjowIDAgMCAwOyI+CgoKPCEtLealveWkqeOCreODo+ODs+ODmuODvOODs0DjgZPjgZPjgb7jgactLT4=,44K944OL44O844K544Oe44O844OI44OV44Kp44Oz5a++5b+c77y7bWljcm8gVVNC77yPVVNC57Wm6Zu777y9IFVTQuODouODkOOCpOODq+ODkOODg+ODhuODquODvCDvvIttaWNybyBVU0LjgrHjg7zjg5bjg6sgMjBjbSDvvIg1MDAwbUFo44O744K344Or44OQ44O844OW44Op44Km44Oz77yJIENQLVM1U1QgKENQUzVTVCnvvJrjgr3jg5Xjg57jg4Pjg5fjgIDjg4fjgrjjgr/jg6vjgrPjg6zjgq/jgrfjg6fjg7M=,44K944OV44Oe44OD44OXIOODh+OCuOOCv+ODq+OCs+ODrOOCr+OCt+ODp+ODs1NvZm1hcCBEaWdpdGFsIENvbGxlY3Rpb27jg5Hjgr3jgrPjg7Pjgr/jg5bjg6zjg4Pjg4hQQ0hEROOCouOCu+ODs+ODluODquODkeODvOODhOODkeOCveOCs+ODs+ODkeODvOODhOODhuODrOODk+OCsuODvOODoOODluODq+ODvOODrOOCpOOCveODleODiERWROOCveODleODiOa2suaZtuODhuODrOODk+ODluODq+ODvOODrOOCpOODh+OCo+OCueOCr+ODrOOCs+ODvOODgOODvOODh+OCuOOCv+ODq+S4gOecvOODrOODleOCq+ODoeODqeODh+OCuOOCv+ODq+OCq+ODoeODqeWutumbu+aZguioiOS4reWPpOOAgOOCveODleODiOOCouOCpuODiOODrOODg+ODiOS4reWPpOODjuODvOODiOODkeOCveOCs+ODs+S4reWPpOODkeOCveOCs+ODs+OCveODi+ODvOOCueODnuODvOODiOODleOCqeODs+WvvuW/nO+8u21pY3JvIFVTQu+8j1VTQue1pumbu++8vSBVU0Ljg6Ljg5DjgqTjg6vjg5Djg4Pjg4bjg6rjg7wg77yLbWljcm8gVVNC44Kx44O844OW44OrIDIwY20g77yINTAwMG1BaOODu+OCt+ODq+ODkOODvOODluODqeOCpuODs++8iSBDUC1TNVNUIChDUFM1U1Qp,44K944OL44O844K544Oe44O844OI44OV44Kp44Oz5a++5b+c77y7bWljcm8gVVNC77yPVVNC57Wm6Zu777y9IFVTQuODouODkOOCpOODq+ODkOODg+ODhuODquODvCDvvIttaWNybyBVU0LjgrHjg7zjg5bjg6sgMjBjbSDvvIg1MDAwbUFo44O744K344Or44OQ44O844OW44Op44Km44Oz77yJIENQLVM1U1QgKENQUzVTVCk=[rn]
3-47037,aHR0cDovL3RzaG9wLnIxMHMuanAvYWtpYmFtYWMvY2FiaW5ldC8wNDk4NzEzOS80NTIyMzI3ODc1MjE2LmpwZz9maXRpbj03MDA6NzAw,MjM2OC4wMDAw,,44K544Oe44O844OI44OV44Kp44Oz44O744K/44OW44Os44OD44OIID4g44OQ44OD44OG44Oq44O844O75YWF6Zu75ZmoID4g44Oi44OQ44Kk44Or44OQ44OD44OG44Oq44O8,SEFNRUXjgrnjg57jg7zjg4jjg5Xjgqnjg7PnlKhbbWljcm8gVVNCL1VTQue1pumbu10gVVNC44Oi44OQ44Kk44Or44OQ44OD44OG44Oq44O8ICttaWNybyBVU0LjgrHjg7zjg5bjg6sgMzBjbSAoMzAwMG1BaO+9peOCueODiOODvOODoOODiOODq+ODvOODkeODvCkgU1RBUldBUlMzMDAwU1QgKFNUQVJXQVJTMzAwMO++iu++nu+9ryk=,,PHRhYmxlIGJvcmRlcj0iMCIgY2VsbHBhZGRpbmc9IjAiIGNlbGxzcGFjaW5nPSIwIiB3aWR0aD0iNzEwIiBzdHlsZT0ibGluZS1oZWlnaHQ6MTQwJTsiPjx0cj48dGQ+PGZvbnQgc2l6ZT0iMiI+4pag5ZCN5Yi644K144Kk44K644Gn44CB5Y6a44GV44Gv57SEOS42bW3jgajoloTlnovjgaDjgYvjgonjgIHlsI/jgZXjgarjg5Djg4PjgrDjgafjgoLpgqrprZTjgavjgarjgorjgb7jgZvjgpPjgZfjgIHjg53jgrHjg4Pjg4jjgavlhaXjgozjgabjgoLjgYvjgZXjgbDjgorjgb7jgZvjgpPjgII8YnI+4pag44K544Oe44Ob44KS77yR5Zue5YWF6Zu744Gn44GN44KLKDE4MDBtQWjjga7jgrnjg57jg7zjg4jjg5Xjgqnjg7PjgavlhYXpm7vjgZfjgZ/loLTlkIgp44GL44KJ44CB44GE44GW44Go44GE44GG44Go44GN44KC5a6J5b+D44CCPGJyPuKWoOOCueOCv+ODvOODu+OCpuOCqeODvOOCuuOBruOCr+ODvOODq+OBquODh+OCtuOCpOODs+OBruWFhembu+WZqOOBr+ihl+OBp+ebrueri+OBpOOBk+OBqOmWk+mBleOBhOOBquOBl+OAgjxicj48YnI+44O744K544Oe44O844OI44OV44Kp44Oz44KS57SEMeWbnuWFhembu+WPr+iDvSDigLvjg5Djg4Pjg4bjg6rjg7zlrrnph48xODAwbUFo44Gu44K544Oe44O844OI44OV44Kp44Oz44KS5YWF6Zu744GX44Gf5aC05ZCIPGJyPuODu+OCseODvOODluODq+OCklBD44KEVVNCLUFD5YWF6Zu75Zmo44Gr5o6l57aa44GZ44KL44Gg44GR44Gn57Ch5Y2Y5YWF6Zu744CCPGJyPuODu0xFROODoeODvOOCv+ODvOOBjOS7mOOBhOOBpuOBhOOCi+OBruOBp+OAgembu+axoOaui+mHj+OBjOOBsuOBqOebruOBp+OCj+OBi+OCi+OAgjxicj7jg7ttaWNyb1VTQuWFhembu+OCseODvOODluODq+OBjOS7mOWxnuOAguOBiuaJi+aMgeOBoeOBrkxpZ2h0bmluZ+OCseODvOODluODq+OCkuS9v+OBiOOBsGlQaG9uZSA2LzZQbHVz44Gn44KC5L2/55So5Y+v6IO9PGJyPjxicj7igLsgbWljcm8gVVNC5Lul5aSW44Gv44CB5Yil6YCUVVNC5YWF6Zu744Kx44O844OW44Or44GM5b+F6KaB44Gn44GZ44CCPGJyPjxicj4oQykgJiBUTSBMdWN1c2ZpbG0gTHRkLjxicj48YnI+44CQ5LuV5qeY44CRPGJyPuacrOS9kyDvvJog57SE57imOS44w5fmqKo1LjjDl+WOmjAuOWNtIDxicj5taWNyb1VTQuOCseODvOODluODq+mVtyDvvJog57SEMzBjbSA8YnI+44OR44OD44Kx44O844K4IO+8miDntITnuKYxOMOX5qiqN8OX5Y6aMmNtIDxicj7jgZ3jga7ku5bku5Xmp5ggICA8YnI+6Zu75rGg5a656YePIO+8miAzMDAwbUFoIDxicj7kvb/nlKjpm7vmsaAg77yaIOODquODgeOCpuODoOmbu+axoCA8YnI+5YWl5Yqb6Zu75ZynIO+8miBtaWNyb1VTQiA1Vi8xQSA8YnI+5Ye65Yqb6Zu75ZynIO+8miBVU0IgNVYvMS41QSA8YnI+5L2/55So55Kw5aKD5rip5bqmIO+8miDvvI0xMO+9nu+8izQ14oSDIDxicj7ph43ph48g77yaIDgxZyA8YnI+44K144Kk44Kv44Or5a+/5ZG9IO+8miDntIQ1MDDlm54gPGJyPuS4u+e0oOadkCDvvJogQUJD44CBUEMgPGJyPuOCu+ODg+ODiOWGheWuuSDvvJog5YWF6Zu75Zmo44CBbWljcm9VU0LjgrHjg7zjg5bjg6vjgIHlj5bmibHoqqzmmI7mm7jvvIjkv53oqLzmm7jku5jvvIk8YnI+PGJyPjwvZm9udD48L3RkPjwvdHI+PC90YWJsZT48c3R5bGUgdHlwZT0idGV4dC9jc3MiPgo8IS0tCi5yYWt1dGVuLWNhbXAgewoJd2lkdGg6IDcyNXB4OwoJYm9yZGVyOiAycHggc29saWQgIzMzOTlGRjsKCXBhZGRpbmctdG9wOiA1cHg7CgktbW96LWJvcmRlci1yYWRpdXM6NHB4OyAvKkZpcmVmb3gqLwoJLXdlYmtpdC1ib3JkZXItcmFkaXVzOiA0cHg7IC8qU2FmYXJpLENocm9tZSovCglib3JkZXItcmFkaXVzOjRweDsgLypPcGVyYSxDaHJvbWUqLwoJbWFyZ2luOjAgMTBweCAxMHB4IDA7Cn0KCi8qIOS+oeagvOOBq+aeoOe3muOBjOOBpOOBjyAqLwp0YWJsZSNyYWt1dGVuTGltaXRlZElkX2NhcnQgewogICAgYmFja2dyb3VuZC1jb2xvcjogI2Y4ZjhmODsKICAgIGJvcmRlcjogMXB4IHNvbGlkICNkZGQ7CiAgICBwYWRkaW5nOiA4cHg7CiAgICBtYXJnaW46IDE2cHggMDsKfQoKc3Bhbi5wcmljZTEgewogICAgY29sb3I6ICMzMzMgIWltcG9ydGFudDsKICAgIGZvbnQtd2VpZ2h0OiBib2xkOwogICAgZm9udC1zaXplOiA4MCUgIWltcG9ydGFudDsKICAgIGxpbmUtaGVpZ2h0OiAzMHB4OwogICAgZGlzcGxheTogaW5saW5lLWJsb2NrOwogICAgbWFyZ2luLXJpZ2h0OiAxNnB4Owp9CgotLT4KPC9zdHlsZT4KCjwhLS3jg5Djg4rjg7zjgqjjg6rjgqItLT4KCjwhLS3jgJDmtojjgZnjgarvvIHjgJHimIXimIXimIUgaGVpZ2h0PSIzODAiIOOBp+ioreWumuOBl+OBpuOBj+OBoOOBleOBhOOAguKYheKYheKYhS0tPgo8IS0t44OQ44OK44O844Ko44Oq44Ki44GT44GT44G+44GnLS0+Cgo8IS0t5qW95aSp44Kt44Oj44Oz44Oa44O844OzLS0+Cgo8aDIgc3R5bGU9Im1hcmdpbjoyMHB4IDAgMTBweCAwOyI+PGltZyBzcmM9Imh0dHA6Ly93d3cucmFrdXRlbi5uZS5qcC9nb2xkL2FraWJhbWFjL2ZyYW1lL2ltYWdlcy9yYWt1dGVuX3RpdGxlMi5naWYiIGFsdD0i5qW95aSp5biC5aC044Gu44GK5b6X44Gq44Kt44Oj44Oz44Oa44O844OzIiB3aWR0aD0iNzMwIiBoZWlnaHQ9IjQyIiBib3JkZXI9IjAiPjwvaDI+CjxkaXYgY2xhc3M9InJha3V0ZW4tY2FtcCIgc3R5bGU9Im1hcmdpbjowIDAgMCAwOyI+CgoKPCEtLealveWkqeOCreODo+ODs+ODmuODvOODs0DjgZPjgZPjgb7jgactLT4=,SEFNRUXjgrnjg57jg7zjg4jjg5Xjgqnjg7PnlKhbbWljcm8gVVNCL1VTQue1pumbu10gVVNC44Oi44OQ44Kk44Or44OQ44OD44OG44Oq44O8ICttaWNybyBVU0LjgrHjg7zjg5bjg6sgMzBjbSAoMzAwMG1BaO+9peOCueODiOODvOODoOODiOODq+ODvOODkeODvCkgU1RBUldBUlMzMDAwU1QgKFNUQVJXQVJTMzAwMO++iu++nu+9rynvvJrjgr3jg5Xjg57jg4Pjg5fjgIDjg4fjgrjjgr/jg6vjgrPjg6zjgq/jgrfjg6fjg7M=,44K944OV44Oe44OD44OXIOODh+OCuOOCv+ODq+OCs+ODrOOCr+OCt+ODp+ODs1NvZm1hcCBEaWdpdGFsIENvbGxlY3Rpb27jg5Hjgr3jgrPjg7Pjgr/jg5bjg6zjg4Pjg4hQQ0hEROOCouOCu+ODs+ODluODquODkeODvOODhOODkeOCveOCs+ODs+ODkeODvOODhOODhuODrOODk+OCsuODvOODoOODluODq+ODvOODrOOCpOOCveODleODiERWROOCveODleODiOa2suaZtuODhuODrOODk+ODluODq+ODvOODrOOCpOODh+OCo+OCueOCr+ODrOOCs+ODvOODgOODvOODh+OCuOOCv+ODq+S4gOecvOODrOODleOCq+ODoeODqeODh+OCuOOCv+ODq+OCq+ODoeODqeWutumbu+aZguioiOS4reWPpOOAgOOCveODleODiOOCouOCpuODiOODrOODg+ODiOS4reWPpOODjuODvOODiOODkeOCveOCs+ODs+S4reWPpOODkeOCveOCs+ODs0hBTUVF44K544Oe44O844OI44OV44Kp44Oz55SoW21pY3JvIFVTQi9VU0Lntabpm7tdIFVTQuODouODkOOCpOODq+ODkOODg+ODhuODquODvCArbWljcm8gVVNC44Kx44O844OW44OrIDMwY20gKDMwMDBtQWjvvaXjgrnjg4jjg7zjg6Djg4jjg6vjg7zjg5Hjg7wpIFNUQVJXQVJTMzAwMFNUIChTVEFSV0FSUzMwMDDvvorvvp7vva8p,SEFNRUXjgrnjg57jg7zjg4jjg5Xjgqnjg7PnlKhbbWljcm8gVVNCL1VTQue1pumbu10gVVNC44Oi44OQ44Kk44Or44OQ44OD44OG44Oq44O8ICttaWNybyBVU0LjgrHjg7zjg5bjg6sgMzBjbSAoMzAwMG1BaO+9peOCueODiOODvOODoOODiOODq+ODvOODkeODvCkgU1RBUldBUlMzMDAwU1QgKFNUQVJXQVJTMzAwMO++iu++nu+9ryk=[rn]
3-47038,aHR0cDovL3RzaG9wLnIxMHMuanAvYWtpYmFtYWMvY2FiaW5ldC8wNTA1MDczOS80NTIyMzI3ODY2ODI1LmpwZz9maXRpbj03MDA6NzAw,MjcxMi4wMDAw,,44K544Oe44O844OI44OV44Kp44Oz44O744K/44OW44Os44OD44OIID4g44OQ44OD44OG44Oq44O844O75YWF6Zu75ZmoID4g44Oi44OQ44Kk44Or44OQ44OD44OG44Oq44O8,SEFNRUXjgrnjg57jg7zjg4jjg5Xjgqnjg7PnlKjvvLttaWNybyBVU0LvvL0gVVNC44Oi44OQ44Kk44Or44OQ44OD44OG44Oq44O8IO+8i21pY3JvIFVTQuOCseODvOODluODqyAyN2NtIO+8iDI5MDBtQWjjg7vjg4fjgqPjgrrjg4vjg7zjg5fjg6rjg7Pjgrvjgrkg44Op44OX44Oz44OE44Kn44Or77yJIChEU++9uu+9ve++ku++iu++nu+9r+++g+++mDI5MDDvvpcp,,PHRhYmxlIGJvcmRlcj0iMCIgY2VsbHBhZGRpbmc9IjAiIGNlbGxzcGFjaW5nPSIwIiB3aWR0aD0iNzEwIiBzdHlsZT0ibGluZS1oZWlnaHQ6MTQwJTsiPjx0cj48dGQ+PGZvbnQgc2l6ZT0iMiI+4pag44G+44KL44Gn44Oq44OD44OX44K544Kw44Ot44K544Gu44KI44GG44Gq44CB44GN44KJ44GN44KJ44GX44Gm44GE44Gm44Kz44Oz44OR44Kv44OI44Gq5YWF6Zu75Zmo44GM44CB44OH44Kj44K644OL44O85Lq65rCX44Kt44Oj44Op44Kv44K/44O844Gu5aSn5Lq65Y+v5oSb44GE5rC05b2p55S744OH44K244Kk44Oz44Gn55m75aC044GX44G+44GX44Gf44CCPGJyPjxicj7ilqDmsLTlvannlLvjgr/jg4Pjg4Hjga7mn5TjgonjgYvjgarljbDosaHjgafmj4/jgYvjgozjgabjgYTjgabjgIHjgrPjg7Pjg5Hjgq/jg4jjgarkuK3jgavjgoLjgZ3jgozjgZ7jgozjga7jgrnjg4jjg7zjg6rjg7zjgYzjgY7jgoXjg7zjgaPjgajoqbDjgb7jgaPjgabjgYTjgabjgYbjgaPjgajjgorjgZfjgabjgZfjgb7jgYTjgZ3jgYbvvIE8YnI+PGJyPuKWoOOBleOCieOBq+OAgW1pY3JvVVNC5YWF6Zu744Kx44O844OW44Or44Gr44KC44Kt44Oj44Op44Kv44K/44O844Gr44KI44Gj44Gm6YGV44Gj44Gf44Oi44OB44O844OV44Gu44OH44K244Kk44Oz44GM44OX44Oq44Oz44OI44GV44KM44Gm44GE44G+44GZ77yB57Sw6YOo44Gu44GT44Gg44KP44KK44GM5ayJ44GX44GE44CB44Go44GN44KB44GN44Od44Kk44Oz44OI44Gn44GZ44CCPGJyPjxicj7ilqDlpKfjgY3jgZXjgoLjgrnjg6rjg6DvvIbjgrPjg7Pjg5Hjgq/jg4jjgafjgYbjgozjgZfjgYTmiYvjga7jgbLjgonjgrXjgqTjgrrjgILjg53jg7zjg4Hjga7kuK3jgavjgoLjgZnjgaPjgb3jgorlhaXjgaPjgaHjgoPjgYTjgb7jgZnjgII8YnI+PGJyPuKWoOmbu+axoOWuuemHj+OBjDI5MDBtQWjjgarjga7jgafjgIHjgZPjga7lhYXpm7vlmagx44Gk44Gn57SE5LiA5Zue44CB44K544Oe44Ob44KS44OV44Or5YWF6Zu7T0sh77yI4oC744OQ44OD44OG44Oq44O85a656YePMTgwMG1BaOOBruOCueODnuODvOODiOODleOCqeODs+OBp+WFhembu+OBl+OBn+WgtOWQiO+8iTxicj7lsI/jgZXjgYTjgqvjg5Djg7PjgafjgYrlh7rmjpvjgZHjga7jgajjgY3jgoTjgIHjgZnjgZDjgavlhYXpm7vjgYzjgafjgY3jgarjgYTjgajjgY3jgafjgoLjgIHjgYvjgZXjgbDjgonjgZrjgavmjIHjgaHmranjgZHjgabjgIHmgKXjgarpm7vmsaDliIfjgozjgavlm7DjgovjgZPjgajjgoLjgarjgY/jgarjgorlronlv4PjgafjgZkhPGJyPjxicj48YnI+4oC7IG1pY3JvIFVTQuS7peWkluOBr+OAgeWIpemAlFVTQuWFhembu+OCseODvOODluODq+OBjOW/heimgeOBp+OBmeOAgjxicj48YnI+KEMpRGlzbmV5PGJyPjxicj7jgJDoo73lk4Hku5Xmp5jjgJE8YnI+5pys5L2TIO+8miDntITnuKYxMcOX5qiqMi40w5fljpoyLjRjbSA8YnI+44Kx44O844OW44Or6ZW3IO+8miDntIQyN2NtIDxicj48YnI+44CQ44Gd44Gu5LuW5LuV5qeY44CRPGJyPumbu+axoOWuuemHjyDvvJogMjkwMG1BaCA8YnI+5L2/55So6Zu75rGgIO+8miDjg6rjg4Hjgqbjg6Dpm7vmsaAgPGJyPuWFpeWKm+mbu+WcpyDvvJogbWljcm9VU0IgNVYvMUEgPGJyPuWHuuWKm+mbu+WcpyDvvJogVVNCIDVWLzFBIDxicj7kvb/nlKjnkrDlooPmuKnluqYg77yaIO+8jTEw4oSD772eNDXihIMgPGJyPuS4u+e0oOadkCDvvJogQUJT44CBUEMgPGJyPumHjemHjyDvvJog57SEODhnIDxicj7ku5jlsZ7lk4Eg77yaIOacrOS9k+OAgW1pY3JvVVNC44Kx44O844OW44OrPGJyPjxicj48L2ZvbnQ+PC90ZD48L3RyPjwvdGFibGU+PHN0eWxlIHR5cGU9InRleHQvY3NzIj4KPCEtLQoucmFrdXRlbi1jYW1wIHsKCXdpZHRoOiA3MjVweDsKCWJvcmRlcjogMnB4IHNvbGlkICMzMzk5RkY7CglwYWRkaW5nLXRvcDogNXB4OwoJLW1vei1ib3JkZXItcmFkaXVzOjRweDsgLypGaXJlZm94Ki8KCS13ZWJraXQtYm9yZGVyLXJhZGl1czogNHB4OyAvKlNhZmFyaSxDaHJvbWUqLwoJYm9yZGVyLXJhZGl1czo0cHg7IC8qT3BlcmEsQ2hyb21lKi8KCW1hcmdpbjowIDEwcHggMTBweCAwOwp9CgovKiDkvqHmoLzjgavmnqDnt5rjgYzjgaTjgY8gKi8KdGFibGUjcmFrdXRlbkxpbWl0ZWRJZF9jYXJ0IHsKICAgIGJhY2tncm91bmQtY29sb3I6ICNmOGY4Zjg7CiAgICBib3JkZXI6IDFweCBzb2xpZCAjZGRkOwogICAgcGFkZGluZzogOHB4OwogICAgbWFyZ2luOiAxNnB4IDA7Cn0KCnNwYW4ucHJpY2UxIHsKICAgIGNvbG9yOiAjMzMzICFpbXBvcnRhbnQ7CiAgICBmb250LXdlaWdodDogYm9sZDsKICAgIGZvbnQtc2l6ZTogODAlICFpbXBvcnRhbnQ7CiAgICBsaW5lLWhlaWdodDogMzBweDsKICAgIGRpc3BsYXk6IGlubGluZS1ibG9jazsKICAgIG1hcmdpbi1yaWdodDogMTZweDsKfQoKLS0+Cjwvc3R5bGU+Cgo8IS0t44OQ44OK44O844Ko44Oq44KiLS0+Cgo8IS0t44CQ5raI44GZ44Gq77yB44CR4piF4piF4piFIGhlaWdodD0iMzgwIiDjgafoqK3lrprjgZfjgabjgY/jgaDjgZXjgYTjgILimIXimIXimIUtLT4KPCEtLeODkOODiuODvOOCqOODquOCouOBk+OBk+OBvuOBpy0tPgoKPCEtLealveWkqeOCreODo+ODs+ODmuODvOODsy0tPgoKPGgyIHN0eWxlPSJtYXJnaW46MjBweCAwIDEwcHggMDsiPjxpbWcgc3JjPSJodHRwOi8vd3d3LnJha3V0ZW4ubmUuanAvZ29sZC9ha2liYW1hYy9mcmFtZS9pbWFnZXMvcmFrdXRlbl90aXRsZTIuZ2lmIiBhbHQ9IualveWkqeW4guWgtOOBruOBiuW+l+OBquOCreODo+ODs+ODmuODvOODsyIgd2lkdGg9IjczMCIgaGVpZ2h0PSI0MiIgYm9yZGVyPSIwIj48L2gyPgo8ZGl2IGNsYXNzPSJyYWt1dGVuLWNhbXAiIHN0eWxlPSJtYXJnaW46MCAwIDAgMDsiPgoKCjwhLS3mpb3lpKnjgq3jg6Pjg7Pjg5rjg7zjg7NA44GT44GT44G+44GnLS0+,SEFNRUXjgrnjg57jg7zjg4jjg5Xjgqnjg7PnlKjvvLttaWNybyBVU0LvvL0gVVNC44Oi44OQ44Kk44Or44OQ44OD44OG44Oq44O8IO+8i21pY3JvIFVTQuOCseODvOODluODqyAyN2NtIO+8iDI5MDBtQWjjg7vjg4fjgqPjgrrjg4vjg7zjg5fjg6rjg7Pjgrvjgrkg44Op44OX44Oz44OE44Kn44Or77yJIChEU++9uu+9ve++ku++iu++nu+9r+++g+++mDI5MDDvvpcp77ya44K944OV44Oe44OD44OX44CA44OH44K444K/44Or44Kz44Os44Kv44K344On44Oz,44K944OV44Oe44OD44OXIOODh+OCuOOCv+ODq+OCs+ODrOOCr+OCt+ODp+ODs1NvZm1hcCBEaWdpdGFsIENvbGxlY3Rpb27jg5Hjgr3jgrPjg7Pjgr/jg5bjg6zjg4Pjg4hQQ0hEROOCouOCu+ODs+ODluODquODkeODvOODhOODkeOCveOCs+ODs+ODkeODvOODhOODhuODrOODk+OCsuODvOODoOODluODq+ODvOODrOOCpOOCveODleODiERWROOCveODleODiOa2suaZtuODhuODrOODk+ODluODq+ODvOODrOOCpOODh+OCo+OCueOCr+ODrOOCs+ODvOODgOODvOODh+OCuOOCv+ODq+S4gOecvOODrOODleOCq+ODoeODqeODh+OCuOOCv+ODq+OCq+ODoeODqeWutumbu+aZguioiOS4reWPpOOAgOOCveODleODiOOCouOCpuODiOODrOODg+ODiOS4reWPpOODjuODvOODiOODkeOCveOCs+ODs+S4reWPpOODkeOCveOCs+ODs0hBTUVF44K544Oe44O844OI44OV44Kp44Oz55So77y7bWljcm8gVVNC77y9IFVTQuODouODkOOCpOODq+ODkOODg+ODhuODquODvCDvvIttaWNybyBVU0LjgrHjg7zjg5bjg6sgMjdjbSDvvIgyOTAwbUFo44O744OH44Kj44K644OL44O844OX44Oq44Oz44K744K5IOODqeODl+ODs+ODhOOCp+ODq++8iSAoRFPvvbrvvb3vvpLvvorvvp7vva/vvoPvvpgyOTAw776XKQ==,SEFNRUXjgrnjg57jg7zjg4jjg5Xjgqnjg7PnlKjvvLttaWNybyBVU0LvvL0gVVNC44Oi44OQ44Kk44Or44OQ44OD44OG44Oq44O8IO+8i21pY3JvIFVTQuOCseODvOODluODqyAyN2NtIO+8iDI5MDBtQWjjg7vjg4fjgqPjgrrjg4vjg7zjg5fjg6rjg7Pjgrvjgrkg44Op44OX44Oz44OE44Kn44Or77yJIChEU++9uu+9ve++ku++iu++nu+9r+++g+++mDI5MDDvvpcp[rn]
3-47039,aHR0cDovL3RzaG9wLnIxMHMuanAvYWtpYmFtYWMvY2FiaW5ldC8wNDk4NzEzOS80NTYyMzkzNDEwOTA0LmpwZz9maXRpbj03MDA6NzAw,Mjc4NC4wMDAw,,44K544Oe44O844OI44OV44Kp44Oz44O744K/44OW44Os44OD44OIID4g44OQ44OD44OG44Oq44O844O75YWF6Zu75ZmoID4g44Oi44OQ44Kk44Or44OQ44OD44OG44Oq44O8,44Ki44OT44O844Oi44OQ44Kk44Or44OQ44OD44OG44Oq44O8ICjjg5vjg6/jgqTjg4gpIEFNQi1INjA2Mi1XSO+8iOWuuemHjzYyMDBtQWjvvIkgKEFNQkg2MDYyV0gp,,PHRhYmxlIGJvcmRlcj0iMCIgY2VsbHBhZGRpbmc9IjAiIGNlbGxzcGFjaW5nPSIwIiB3aWR0aD0iNzEwIiBzdHlsZT0ibGluZS1oZWlnaHQ6MTQwJTsiPjx0cj48dGQ+PGZvbnQgc2l6ZT0iMiI+PGJyPuKWoOiWhOWeizcuOeODn+ODquODnOODh+OCozxicj7ilqDotoXmgKXpgJ/vvIbou73ph4/vvIbogJDkuYU8YnI+4pagNjIwMG1BaOOBp+e0hDPlm57lhYXpm7vlj6/og708YnI+4pag5oCl6YCf5YWF6Zu7Mi4xQTxicj7ilqDmrovph4/ooajnpLpMRUQ8YnI+PC9mb250PjwvdGQ+PC90cj48L3RhYmxlPjxzdHlsZSB0eXBlPSJ0ZXh0L2NzcyI+CjwhLS0KLnJha3V0ZW4tY2FtcCB7Cgl3aWR0aDogNzI1cHg7Cglib3JkZXI6IDJweCBzb2xpZCAjMzM5OUZGOwoJcGFkZGluZy10b3A6IDVweDsKCS1tb3otYm9yZGVyLXJhZGl1czo0cHg7IC8qRmlyZWZveCovCgktd2Via2l0LWJvcmRlci1yYWRpdXM6IDRweDsgLypTYWZhcmksQ2hyb21lKi8KCWJvcmRlci1yYWRpdXM6NHB4OyAvKk9wZXJhLENocm9tZSovCgltYXJnaW46MCAxMHB4IDEwcHggMDsKfQoKLyog5L6h5qC844Gr5p6g57ea44GM44Gk44GPICovCnRhYmxlI3Jha3V0ZW5MaW1pdGVkSWRfY2FydCB7CiAgICBiYWNrZ3JvdW5kLWNvbG9yOiAjZjhmOGY4OwogICAgYm9yZGVyOiAxcHggc29saWQgI2RkZDsKICAgIHBhZGRpbmc6IDhweDsKICAgIG1hcmdpbjogMTZweCAwOwp9CgpzcGFuLnByaWNlMSB7CiAgICBjb2xvcjogIzMzMyAhaW1wb3J0YW50OwogICAgZm9udC13ZWlnaHQ6IGJvbGQ7CiAgICBmb250LXNpemU6IDgwJSAhaW1wb3J0YW50OwogICAgbGluZS1oZWlnaHQ6IDMwcHg7CiAgICBkaXNwbGF5OiBpbmxpbmUtYmxvY2s7CiAgICBtYXJnaW4tcmlnaHQ6IDE2cHg7Cn0KCi0tPgo8L3N0eWxlPgoKPCEtLeODkOODiuODvOOCqOODquOCoi0tPgoKPCEtLeOAkOa2iOOBmeOBqu+8geOAkeKYheKYheKYhSBoZWlnaHQ9IjM4MCIg44Gn6Kit5a6a44GX44Gm44GP44Gg44GV44GE44CC4piF4piF4piFLS0+CjwhLS3jg5Djg4rjg7zjgqjjg6rjgqLjgZPjgZPjgb7jgactLT4KCjwhLS3mpb3lpKnjgq3jg6Pjg7Pjg5rjg7zjg7MtLT4KCjxoMiBzdHlsZT0ibWFyZ2luOjIwcHggMCAxMHB4IDA7Ij48aW1nIHNyYz0iaHR0cDovL3d3dy5yYWt1dGVuLm5lLmpwL2dvbGQvYWtpYmFtYWMvZnJhbWUvaW1hZ2VzL3Jha3V0ZW5fdGl0bGUyLmdpZiIgYWx0PSLmpb3lpKnluILloLTjga7jgYrlvpfjgarjgq3jg6Pjg7Pjg5rjg7zjg7MiIHdpZHRoPSI3MzAiIGhlaWdodD0iNDIiIGJvcmRlcj0iMCI+PC9oMj4KPGRpdiBjbGFzcz0icmFrdXRlbi1jYW1wIiBzdHlsZT0ibWFyZ2luOjAgMCAwIDA7Ij4KCgo8IS0t5qW95aSp44Kt44Oj44Oz44Oa44O844OzQOOBk+OBk+OBvuOBpy0tPg==,44Ki44OT44O844Oi44OQ44Kk44Or44OQ44OD44OG44Oq44O8ICjjg5vjg6/jgqTjg4gpIEFNQi1INjA2Mi1XSO+8iOWuuemHjzYyMDBtQWjvvIkgKEFNQkg2MDYyV0gp77ya44K944OV44Oe44OD44OX44CA44OH44K444K/44Or44Kz44Os44Kv44K344On44Oz,44K944OV44Oe44OD44OXIOODh+OCuOOCv+ODq+OCs+ODrOOCr+OCt+ODp+ODs1NvZm1hcCBEaWdpdGFsIENvbGxlY3Rpb27jg5Hjgr3jgrPjg7Pjgr/jg5bjg6zjg4Pjg4hQQ0hEROOCouOCu+ODs+ODluODquODkeODvOODhOODkeOCveOCs+ODs+ODkeODvOODhOODhuODrOODk+OCsuODvOODoOODluODq+ODvOODrOOCpOOCveODleODiERWROOCveODleODiOa2suaZtuODhuODrOODk+ODluODq+ODvOODrOOCpOODh+OCo+OCueOCr+ODrOOCs+ODvOODgOODvOODh+OCuOOCv+ODq+S4gOecvOODrOODleOCq+ODoeODqeODh+OCuOOCv+ODq+OCq+ODoeODqeWutumbu+aZguioiOS4reWPpOOAgOOCveODleODiOOCouOCpuODiOODrOODg+ODiOS4reWPpOODjuODvOODiOODkeOCveOCs+ODs+S4reWPpOODkeOCveOCs+ODs+OCouODk+ODvOODouODkOOCpOODq+ODkOODg+ODhuODquODvCAo44Ob44Ov44Kk44OIKSBBTUItSDYwNjItV0jvvIjlrrnph482MjAwbUFo77yJIChBTUJINjA2MldIKQ==,44Ki44OT44O844Oi44OQ44Kk44Or44OQ44OD44OG44Oq44O8ICjjg5vjg6/jgqTjg4gpIEFNQi1INjA2Mi1XSO+8iOWuuemHjzYyMDBtQWjvvIkgKEFNQkg2MDYyV0gp[rn]
3-47040,aHR0cDovL3RzaG9wLnIxMHMuanAvYWtpYmFtYWMvY2FiaW5ldC8wNDY1OTM4Mi80NTQ5MDc3NDc2MjcyLmpwZz9maXRpbj03MDA6NzAw,MzIwOC4wMDAw,,44K544Oe44O844OI44OV44Kp44Oz44O744K/44OW44Os44OD44OIID4g44OQ44OD44OG44Oq44O844O75YWF6Zu75ZmoID4g44Oi44OQ44Kk44Or44OQ44OD44OG44Oq44O8,44OR44OK44K944OL44OD44KvKFBhbmFzb25pYylRRS1BTDIwMlfvvIjjg6Ljg5DjgqTjg6vjg5Djg4Pjg4bjg6rjg7zmkK3ovIlBQ+aApemAn+WFhembu+WZqC8zNzYwbUFoL+ODm+ODr+OCpOODiO+8iSAoUUVBTDIwMlcp,,PHRhYmxlIGJvcmRlcj0iMCIgY2VsbHBhZGRpbmc9IjAiIGNlbGxzcGFjaW5nPSIwIiB3aWR0aD0iNzEwIiBzdHlsZT0ibGluZS1oZWlnaHQ6MTQwJTsiPjx0cj48dGQ+PGZvbnQgc2l6ZT0iMiI+4pag6Zu75rGg5a656YePMyw3NjBtQWjjgafjgIHjgrnjg57jg7zjg4jjg5Xjgqnjg7PntIQxLjTlm57lhYXpm7vlj6/og73vvIjigLsxL+KAuzLvvInjgII8YnI+4pag44GP44KK6L+U44GX5L2/44GI44KL5Zue5pWw57SEMSw2MDDlm57vvIjigLsz77yJ44KS5a6f54++44CCPGJyPjxicj7jgJDoo73lk4Hku5Xmp5jjgJE8YnI+44K544Oe44O844OI44OV44Kp44Oz44OV44Or5YWF6Zu75Zue5pWw44Gu55uu5a6J77ya57SEMS405Zue77yI4oC7Me+8iTxicj7pm7vmsaDlrrnph4/vvJpMaS1pb24gbWluLjMsNzYwbUFoLzMuN1bvvIjigLsy77yJPGJyPuWFhembu+aZgumWk++8mkFD6Zu75rqQOue0hDPmmYLplpPvvIjigLsz77yJPGJyPuacrOS9k+WvuOazle+8mue0hOmrmOOBlTIww5fluYUxMjXDl+WlpeihjDY2bW08YnI+5pys5L2T6LOq6YeP77ya57SEMTc1Zzxicj48YnI+4oC7Me+8mua6gOWFhembu+OBl+OBn1VTQuODouODkOOCpOODq+mbu+a6kOOCkue0hDE0MDBtQWgg44Gu44K544Oe44O844OI44OV44Kp44Oz44Gr5YWF6Zu744GX44Gf5aC05ZCI44Gu55uu5a6J44CCPGJyPuKAuzLvvJrkvb/nlKjnirbms4HjgoTlkajlm7LmuKnluqbjgavjgojjgaPjgablpInljJbjgZfjgb7jgZnjgILlkITjg6Ljg5DjgqTjg6vmqZ/lmajjgbjlhYXpm7vjgZnjgovjgZ/jgoHjga5VU0LjgrPjg7zjg4njga/mkLrluK/pm7voqbHkvJrnpL7jgoTlkITmqZ/lmajjgavjgojjgornlbDjgarjgorjgb7jgZnjga7jgafjgIHjgYrnorrjgYvjgoHjga7kuIrjgIHliKXpgJTjgYrmsYLjgoHjgY/jgaDjgZXjgYTjgILjgb7jgZ/jgIHlhaXlipvpm7vlnKfjgoTlh7rlipvjgoTlh7rlipvjg5fjg6njgrDjga7lvaLnirbjgIHjgZ3jga7ku5bjga7nkIbnlLHjgafjg6Ljg5DjgqTjg6vmqZ/lmajjgavjgojjgaPjgabjga/lhYXpm7vjgafjgY3jgarjgYTloLTlkIjjgYzjgYLjgorjgb7jgZk8YnI+4oC7M++8mkpJUyBDODcxMSA3Ljbjgavln7rjgaXjgYTjgZ/jg6Ljg5DjgqTjg6vjg5Djg4Pjg4bjg6rjg7zjgajjgZfjgabkvb/nlKjjgafjgY3jgovlm57mlbDjga7nm67lronjgILmqZ/lmajjgYrjgojjgbPkvb/nlKjmnaHku7bjgavjgojjgorlrp/pmpvjga7kvb/nlKjlm57mlbDjgajjga/nlbDjgarjgorjgb7jgZnjgII8YnI+PGJyPjwvZm9udD48L3RkPjwvdHI+PC90YWJsZT48c3R5bGUgdHlwZT0idGV4dC9jc3MiPgo8IS0tCi5yYWt1dGVuLWNhbXAgewoJd2lkdGg6IDcyNXB4OwoJYm9yZGVyOiAycHggc29saWQgIzMzOTlGRjsKCXBhZGRpbmctdG9wOiA1cHg7CgktbW96LWJvcmRlci1yYWRpdXM6NHB4OyAvKkZpcmVmb3gqLwoJLXdlYmtpdC1ib3JkZXItcmFkaXVzOiA0cHg7IC8qU2FmYXJpLENocm9tZSovCglib3JkZXItcmFkaXVzOjRweDsgLypPcGVyYSxDaHJvbWUqLwoJbWFyZ2luOjAgMTBweCAxMHB4IDA7Cn0KCi8qIOS+oeagvOOBq+aeoOe3muOBjOOBpOOBjyAqLwp0YWJsZSNyYWt1dGVuTGltaXRlZElkX2NhcnQgewogICAgYmFja2dyb3VuZC1jb2xvcjogI2Y4ZjhmODsKICAgIGJvcmRlcjogMXB4IHNvbGlkICNkZGQ7CiAgICBwYWRkaW5nOiA4cHg7CiAgICBtYXJnaW46IDE2cHggMDsKfQoKc3Bhbi5wcmljZTEgewogICAgY29sb3I6ICMzMzMgIWltcG9ydGFudDsKICAgIGZvbnQtd2VpZ2h0OiBib2xkOwogICAgZm9udC1zaXplOiA4MCUgIWltcG9ydGFudDsKICAgIGxpbmUtaGVpZ2h0OiAzMHB4OwogICAgZGlzcGxheTogaW5saW5lLWJsb2NrOwogICAgbWFyZ2luLXJpZ2h0OiAxNnB4Owp9CgotLT4KPC9zdHlsZT4KCjwhLS3jg5Djg4rjg7zjgqjjg6rjgqItLT4KCjwhLS3jgJDmtojjgZnjgarvvIHjgJHimIXimIXimIUgaGVpZ2h0PSIzODAiIOOBp+ioreWumuOBl+OBpuOBj+OBoOOBleOBhOOAguKYheKYheKYhS0tPgo8IS0t44OQ44OK44O844Ko44Oq44Ki44GT44GT44G+44GnLS0+Cgo8IS0t5qW95aSp44Kt44Oj44Oz44Oa44O844OzLS0+Cgo8aDIgc3R5bGU9Im1hcmdpbjoyMHB4IDAgMTBweCAwOyI+PGltZyBzcmM9Imh0dHA6Ly93d3cucmFrdXRlbi5uZS5qcC9nb2xkL2FraWJhbWFjL2ZyYW1lL2ltYWdlcy9yYWt1dGVuX3RpdGxlMi5naWYiIGFsdD0i5qW95aSp5biC5aC044Gu44GK5b6X44Gq44Kt44Oj44Oz44Oa44O844OzIiB3aWR0aD0iNzMwIiBoZWlnaHQ9IjQyIiBib3JkZXI9IjAiPjwvaDI+CjxkaXYgY2xhc3M9InJha3V0ZW4tY2FtcCIgc3R5bGU9Im1hcmdpbjowIDAgMCAwOyI+CgoKPCEtLealveWkqeOCreODo+ODs+ODmuODvOODs0DjgZPjgZPjgb7jgactLT4=,44OR44OK44K944OL44OD44KvKFBhbmFzb25pYylRRS1BTDIwMlfvvIjjg6Ljg5DjgqTjg6vjg5Djg4Pjg4bjg6rjg7zmkK3ovIlBQ+aApemAn+WFhembu+WZqC8zNzYwbUFoL+ODm+ODr+OCpOODiO+8iSAoUUVBTDIwMlcp77ya44K944OV44Oe44OD44OX44CA44OH44K444K/44Or44Kz44Os44Kv44K344On44Oz,44K944OV44Oe44OD44OXIOODh+OCuOOCv+ODq+OCs+ODrOOCr+OCt+ODp+ODs1NvZm1hcCBEaWdpdGFsIENvbGxlY3Rpb27jg5Hjgr3jgrPjg7Pjgr/jg5bjg6zjg4Pjg4hQQ0hEROOCouOCu+ODs+ODluODquODkeODvOODhOODkeOCveOCs+ODs+ODkeODvOODhOODhuODrOODk+OCsuODvOODoOODluODq+ODvOODrOOCpOOCveODleODiERWROOCveODleODiOa2suaZtuODhuODrOODk+ODluODq+ODvOODrOOCpOODh+OCo+OCueOCr+ODrOOCs+ODvOODgOODvOODh+OCuOOCv+ODq+S4gOecvOODrOODleOCq+ODoeODqeODh+OCuOOCv+ODq+OCq+ODoeODqeWutumbu+aZguioiOS4reWPpOOAgOOCveODleODiOOCouOCpuODiOODrOODg+ODiOS4reWPpOODjuODvOODiOODkeOCveOCs+ODs+S4reWPpOODkeOCveOCs+ODs+ODkeODiuOCveODi+ODg+OCryhQYW5hc29uaWMpUUUtQUwyMDJX77yI44Oi44OQ44Kk44Or44OQ44OD44OG44Oq44O85pCt6LyJQUPmgKXpgJ/lhYXpm7vlmagvMzc2MG1BaC/jg5vjg6/jgqTjg4jvvIkgKFFFQUwyMDJXKQ==,44OR44OK44K944OL44OD44KvKFBhbmFzb25pYylRRS1BTDIwMlfvvIjjg6Ljg5DjgqTjg6vjg5Djg4Pjg4bjg6rjg7zmkK3ovIlBQ+aApemAn+WFhembu+WZqC8zNzYwbUFoL+ODm+ODr+OCpOODiO+8iSAoUUVBTDIwMlcp[rn]
3-47041,aHR0cDovL3RzaG9wLnIxMHMuanAvYWtpYmFtYWMvY2FiaW5ldC8wNDk4NzEzOS80NTIyMzI3ODc1Mjg1LmpwZz9maXRpbj03MDA6NzAw,MjM2OC4wMDAw,,44K544Oe44O844OI44OV44Kp44Oz44O744K/44OW44Os44OD44OIID4g44OQ44OD44OG44Oq44O844O75YWF6Zu75ZmoID4g44Oi44OQ44Kk44Or44OQ44OD44OG44Oq44O8,SEFNRUXjgrnjg57jg7zjg4jjg5Xjgqnjg7PnlKhbbWljcm8gVVNCL1VTQue1pumbu10gVVNC44Oi44OQ44Kk44Or44OQ44OD44OG44Oq44O8ICttaWNybyBVU0LjgrHjg7zjg5bjg6sgMzBjbSAoMzAwMG1BaO+9peODgOODvOOCueODmeOCpOODgOODvC/jgrPjg6njg7zjgrjjg6UpIFNUQVJXQVJTMzAwMERDIChTVEFSV0FSUzMwMDDvvorvvp7vva8p,,PHRhYmxlIGJvcmRlcj0iMCIgY2VsbHBhZGRpbmc9IjAiIGNlbGxzcGFjaW5nPSIwIiB3aWR0aD0iNzEwIiBzdHlsZT0ibGluZS1oZWlnaHQ6MTQwJTsiPjx0cj48dGQ+PGZvbnQgc2l6ZT0iMiI+4pag5ZCN5Yi644K144Kk44K644Gn44CB5Y6a44GV44Gv57SEOS42bW3jgajoloTlnovjgaDjgYvjgonjgIHlsI/jgZXjgarjg5Djg4PjgrDjgafjgoLpgqrprZTjgavjgarjgorjgb7jgZvjgpPjgZfjgIHjg53jgrHjg4Pjg4jjgavlhaXjgozjgabjgoLjgYvjgZXjgbDjgorjgb7jgZvjgpPjgII8YnI+4pag44K544Oe44Ob44KS77yR5Zue5YWF6Zu744Gn44GN44KLKDE4MDBtQWjjga7jgrnjg57jg7zjg4jjg5Xjgqnjg7PjgavlhYXpm7vjgZfjgZ/loLTlkIgp44GL44KJ44CB44GE44GW44Go44GE44GG44Go44GN44KC5a6J5b+D44CCPGJyPuKWoOOCueOCv+ODvOODu+OCpuOCqeODvOOCuuOBruOCr+ODvOODq+OBquODh+OCtuOCpOODs+OBruWFhembu+WZqOOBr+ihl+OBp+ebrueri+OBpOOBk+OBqOmWk+mBleOBhOOBquOBl+OAgjxicj48YnI+44O744K544Oe44O844OI44OV44Kp44Oz44KS57SEMeWbnuWFhembu+WPr+iDvSDigLvjg5Djg4Pjg4bjg6rjg7zlrrnph48xODAwbUFo44Gu44K544Oe44O844OI44OV44Kp44Oz44KS5YWF6Zu744GX44Gf5aC05ZCIPGJyPuODu+OCseODvOODluODq+OCklBD44KEVVNCLUFD5YWF6Zu75Zmo44Gr5o6l57aa44GZ44KL44Gg44GR44Gn57Ch5Y2Y5YWF6Zu744CCPGJyPuODu0xFROODoeODvOOCv+ODvOOBjOS7mOOBhOOBpuOBhOOCi+OBruOBp+OAgembu+axoOaui+mHj+OBjOOBsuOBqOebruOBp+OCj+OBi+OCi+OAgjxicj7jg7ttaWNyb1VTQuWFhembu+OCseODvOODluODq+OBjOS7mOWxnuOAguOBiuaJi+aMgeOBoeOBrkxpZ2h0bmluZ+OCseODvOODluODq+OCkuS9v+OBiOOBsGlQaG9uZSA2LzZQbHVz44Gn44KC5L2/55So5Y+v6IO9PGJyPjxicj7igLsgbWljcm8gVVNC5Lul5aSW44Gv44CB5Yil6YCUVVNC5YWF6Zu744Kx44O844OW44Or44GM5b+F6KaB44Gn44GZ44CCPGJyPjxicj4oQykgJiBUTSBMdWN1c2ZpbG0gTHRkLjxicj48YnI+44CQ5LuV5qeY44CRPGJyPuacrOS9kyDvvJog57SE57imOS44w5fmqKo1LjjDl+WOmjAuOWNtIDxicj5taWNyb1VTQuOCseODvOODluODq+mVtyDvvJog57SEMzBjbSA8YnI+44OR44OD44Kx44O844K4IO+8miDntITnuKYxOMOX5qiqN8OX5Y6aMmNtIDxicj7jgZ3jga7ku5bku5Xmp5ggICA8YnI+6Zu75rGg5a656YePIO+8miAzMDAwbUFoIDxicj7kvb/nlKjpm7vmsaAg77yaIOODquODgeOCpuODoOmbu+axoCA8YnI+5YWl5Yqb6Zu75ZynIO+8miBtaWNyb1VTQiA1Vi8xQSA8YnI+5Ye65Yqb6Zu75ZynIO+8miBVU0IgNVYvMS41QSA8YnI+5L2/55So55Kw5aKD5rip5bqmIO+8miDvvI0xMO+9nu+8izQ14oSDIDxicj7ph43ph48g77yaIDgxZyA8YnI+44K144Kk44Kv44Or5a+/5ZG9IO+8miDntIQ1MDDlm54gPGJyPuS4u+e0oOadkCDvvJogQUJD44CBUEMgPGJyPuOCu+ODg+ODiOWGheWuuSDvvJog5YWF6Zu75Zmo44CBbWljcm9VU0LjgrHjg7zjg5bjg6vjgIHlj5bmibHoqqzmmI7mm7jvvIjkv53oqLzmm7jku5jvvIk8YnI+PGJyPjwvZm9udD48L3RkPjwvdHI+PC90YWJsZT48c3R5bGUgdHlwZT0idGV4dC9jc3MiPgo8IS0tCi5yYWt1dGVuLWNhbXAgewoJd2lkdGg6IDcyNXB4OwoJYm9yZGVyOiAycHggc29saWQgIzMzOTlGRjsKCXBhZGRpbmctdG9wOiA1cHg7CgktbW96LWJvcmRlci1yYWRpdXM6NHB4OyAvKkZpcmVmb3gqLwoJLXdlYmtpdC1ib3JkZXItcmFkaXVzOiA0cHg7IC8qU2FmYXJpLENocm9tZSovCglib3JkZXItcmFkaXVzOjRweDsgLypPcGVyYSxDaHJvbWUqLwoJbWFyZ2luOjAgMTBweCAxMHB4IDA7Cn0KCi8qIOS+oeagvOOBq+aeoOe3muOBjOOBpOOBjyAqLwp0YWJsZSNyYWt1dGVuTGltaXRlZElkX2NhcnQgewogICAgYmFja2dyb3VuZC1jb2xvcjogI2Y4ZjhmODsKICAgIGJvcmRlcjogMXB4IHNvbGlkICNkZGQ7CiAgICBwYWRkaW5nOiA4cHg7CiAgICBtYXJnaW46IDE2cHggMDsKfQoKc3Bhbi5wcmljZTEgewogICAgY29sb3I6ICMzMzMgIWltcG9ydGFudDsKICAgIGZvbnQtd2VpZ2h0OiBib2xkOwogICAgZm9udC1zaXplOiA4MCUgIWltcG9ydGFudDsKICAgIGxpbmUtaGVpZ2h0OiAzMHB4OwogICAgZGlzcGxheTogaW5saW5lLWJsb2NrOwogICAgbWFyZ2luLXJpZ2h0OiAxNnB4Owp9CgotLT4KPC9zdHlsZT4KCjwhLS3jg5Djg4rjg7zjgqjjg6rjgqItLT4KCjwhLS3jgJDmtojjgZnjgarvvIHjgJHimIXimIXimIUgaGVpZ2h0PSIzODAiIOOBp+ioreWumuOBl+OBpuOBj+OBoOOBleOBhOOAguKYheKYheKYhS0tPgo8IS0t44OQ44OK44O844Ko44Oq44Ki44GT44GT44G+44GnLS0+Cgo8IS0t5qW95aSp44Kt44Oj44Oz44Oa44O844OzLS0+Cgo8aDIgc3R5bGU9Im1hcmdpbjoyMHB4IDAgMTBweCAwOyI+PGltZyBzcmM9Imh0dHA6Ly93d3cucmFrdXRlbi5uZS5qcC9nb2xkL2FraWJhbWFjL2ZyYW1lL2ltYWdlcy9yYWt1dGVuX3RpdGxlMi5naWYiIGFsdD0i5qW95aSp5biC5aC044Gu44GK5b6X44Gq44Kt44Oj44Oz44Oa44O844OzIiB3aWR0aD0iNzMwIiBoZWlnaHQ9IjQyIiBib3JkZXI9IjAiPjwvaDI+CjxkaXYgY2xhc3M9InJha3V0ZW4tY2FtcCIgc3R5bGU9Im1hcmdpbjowIDAgMCAwOyI+CgoKPCEtLealveWkqeOCreODo+ODs+ODmuODvOODs0DjgZPjgZPjgb7jgactLT4=,SEFNRUXjgrnjg57jg7zjg4jjg5Xjgqnjg7PnlKhbbWljcm8gVVNCL1VTQue1pumbu10gVVNC44Oi44OQ44Kk44Or44OQ44OD44OG44Oq44O8ICttaWNybyBVU0LjgrHjg7zjg5bjg6sgMzBjbSAoMzAwMG1BaO+9peODgOODvOOCueODmeOCpOODgOODvC/jgrPjg6njg7zjgrjjg6UpIFNUQVJXQVJTMzAwMERDIChTVEFSV0FSUzMwMDDvvorvvp7vva8p77ya44K944OV44Oe44OD44OX44CA44OH44K444K/44Or44Kz44Os44Kv44K344On44Oz,44K944OV44Oe44OD44OXIOODh+OCuOOCv+ODq+OCs+ODrOOCr+OCt+ODp+ODs1NvZm1hcCBEaWdpdGFsIENvbGxlY3Rpb27jg5Hjgr3jgrPjg7Pjgr/jg5bjg6zjg4Pjg4hQQ0hEROOCouOCu+ODs+ODluODquODkeODvOODhOODkeOCveOCs+ODs+ODkeODvOODhOODhuODrOODk+OCsuODvOODoOODluODq+ODvOODrOOCpOOCveODleODiERWROOCveODleODiOa2suaZtuODhuODrOODk+ODluODq+ODvOODrOOCpOODh+OCo+OCueOCr+ODrOOCs+ODvOODgOODvOODh+OCuOOCv+ODq+S4gOecvOODrOODleOCq+ODoeODqeODh+OCuOOCv+ODq+OCq+ODoeODqeWutumbu+aZguioiOS4reWPpOOAgOOCveODleODiOOCouOCpuODiOODrOODg+ODiOS4reWPpOODjuODvOODiOODkeOCveOCs+ODs+S4reWPpOODkeOCveOCs+ODs0hBTUVF44K544Oe44O844OI44OV44Kp44Oz55SoW21pY3JvIFVTQi9VU0Lntabpm7tdIFVTQuODouODkOOCpOODq+ODkOODg+ODhuODquODvCArbWljcm8gVVNC44Kx44O844OW44OrIDMwY20gKDMwMDBtQWjvvaXjg4Djg7zjgrnjg5njgqTjg4Djg7wv44Kz44Op44O844K444OlKSBTVEFSV0FSUzMwMDBEQyAoU1RBUldBUlMzMDAw776K776e772vKQ==,SEFNRUXjgrnjg57jg7zjg4jjg5Xjgqnjg7PnlKhbbWljcm8gVVNCL1VTQue1pumbu10gVVNC44Oi44OQ44Kk44Or44OQ44OD44OG44Oq44O8ICttaWNybyBVU0LjgrHjg7zjg5bjg6sgMzBjbSAoMzAwMG1BaO+9peODgOODvOOCueODmeOCpOODgOODvC/jgrPjg6njg7zjgrjjg6UpIFNUQVJXQVJTMzAwMERDIChTVEFSV0FSUzMwMDDvvorvvp7vva8p[rn]
3-47042,aHR0cDovL3RzaG9wLnIxMHMuanAvYWtpYmFtYWMvY2FiaW5ldC8wNDk4NzEzOS80NTIyMzI3ODc1NzA0LmpwZz9maXRpbj03MDA6NzAw,MjM2OC4wMDAw,,44K544Oe44O844OI44OV44Kp44Oz44O744K/44OW44Os44OD44OIID4g44OQ44OD44OG44Oq44O844O75YWF6Zu75ZmoID4g44Oi44OQ44Kk44Or44OQ44OD44OG44Oq44O8,SEFNRUXjgrnjg57jg7zjg4jjg5Xjgqnjg7PnlKhbbWljcm8gVVNCL1VTQue1pumbu10gVVNC44Oi44OQ44Kk44Or44OQ44OD44OG44Oq44O8ICttaWNybyBVU0LjgrHjg7zjg5bjg6sgMzBjbSAoMzAwMG1BaO+9peOCueODiOODvOODoOODiOODq+ODvOODkeODvCkgU1czMDAwTUFIRkFDRVNU,,PHRhYmxlIGJvcmRlcj0iMCIgY2VsbHBhZGRpbmc9IjAiIGNlbGxzcGFjaW5nPSIwIiB3aWR0aD0iNzEwIiBzdHlsZT0ibGluZS1oZWlnaHQ6MTQwJTsiPjx0cj48dGQ+PGZvbnQgc2l6ZT0iMiI+4pag44K544K/44O844O744Km44Kp44O844K644Gu5Lq65rCX44Kt44Oj44Op44Kv44K/44O86YGU44Gu44OV44Kn44Kk44K544Ki44Kk44Kz44Oz5p+E44GM44OH44K244Kk44Oz44GV44KM44Gf44K544Oq44Og44Gn44Kz44Oz44OR44Kv44OI44Gq44Oi44OQ44Kk44Or44OQ44OD44OG44Oq44O844GM55m75aC044GX44G+44GX44Gf77yBPGJyPjxicj7ilqDmiYvjga7jgbLjgonjgrXjgqTjgrrjgafljprjgZXjga/ntIQ5LjZtbeOBqOiWhOWei+OBoOOBi+OCieODkOODg+OCsOOChOODneOCseODg+ODiOOBruS4reOBp+OCguOBi+OBleOBsOOCieOBmuOBq+aMgeOBoemBi+OBueOAgeOCueODnuODm+OCkue0hDHlm57jg5Xjg6vlhYXpm7vjgafjgY3jgovjga7jgafjgIHjgoLjgYblh7rlhYjjga7mgKXjgarpm7vmsaDliIfjgozjgavmhYzjgabjgovjgZPjgajjgoLjgYLjgorjgb7jgZvjgpPjgII8YnI+PGJyPuODu+OCueODnuODvOODiOODleOCqeODs+OCkue0hDHlm57lhYXpm7vlj6/og73vvIgg4oC744OQ44OD44OG44Oq44O85a656YePMTgwMG1BaOOBruOCueODnuODvOODiOODleOCqeODs+OCkuWFhembu+OBl+OBn+WgtOWQiO+8iTxicj7jg7vjgrHjg7zjg5bjg6vjgpJQQ+OChFVTQi1BQ+WFhembu+WZqOOBq+aOpee2muOBmeOCi+OBoOOBkeOBp+ewoeWNmOWFhembu+OAgjxicj7jg7tMRUTjg6Hjg7zjgr/jg7zjgYzku5jjgYTjgabjgYTjgovjga7jgafjgIHpm7vmsaDmrovph4/jgYzjgbLjgajnm67jgafjgo/jgYvjgovjgII8YnI+44O7bWljcm9VU0LlhYXpm7vjgrHjg7zjg5bjg6vjgYzku5jlsZ7jgILjgYrmiYvmjIHjgaHjga5MaWdodG5pbmfjgrHjg7zjg5bjg6vjgpLkvb/jgYjjgbBpUGhvbmXjgafjgoLkvb/nlKjlj6/og73jgII8YnI+PGJyPuKAuyBtaWNybyBVU0Lku6XlpJbjga/jgIHliKXpgJRVU0LlhYXpm7vjgrHjg7zjg5bjg6vjgYzlv4XopoHjgafjgZnjgII8YnI+PGJyPihDKSAmIFRNIEx1Y3VzZmlsbSBMdGQuPGJyPjxicj7jgJDku5Xmp5jjgJE8YnI+5pys5L2TIO+8miDntITnuKY5LjjDl+aoqjUuOMOX5Y6aMC45Y20gPGJyPm1pY3JvVVNC44Kx44O844OW44Or6ZW3IO+8miDntIQzMGNtIDxicj7jg5Hjg4PjgrHjg7zjgrgg77yaIOe0hOe4pjE4w5fmqKo3w5fljpoyY20gPGJyPuOBneOBruS7luS7leanmCAgIDxicj7pm7vmsaDlrrnph48g77yaIDMwMDBtQWggPGJyPuS9v+eUqOmbu+axoCDvvJog44Oq44OB44Km44Og6Zu75rGgIDxicj7lhaXlipvpm7vlnKcg77yaIG1pY3JvVVNCIDVWLzFBIDxicj7lh7rlipvpm7vlnKcg77yaIFVTQiA1Vi8xLjVBIDxicj7kvb/nlKjnkrDlooPmuKnluqYg77yaIO+8jTEw772e77yLNDXihIMgPGJyPumHjemHjyDvvJogODFnIDxicj7jgrXjgqTjgq/jg6vlr7/lkb0g77yaIOe0hDUwMOWbniA8YnI+5Li757Sg5p2QIO+8miBBQlPjgIFQQyA8YnI+44K744OD44OI5YaF5a65IO+8miDlhYXpm7vlmajjgIFtaWNyb1VTQuOCseODvOODluODq+OAgeWPluaJseiqrOaYjuabuO+8iOS/neiovOabuOS7mO+8iTxicj48YnI+PC9mb250PjwvdGQ+PC90cj48L3RhYmxlPjxzdHlsZSB0eXBlPSJ0ZXh0L2NzcyI+CjwhLS0KLnJha3V0ZW4tY2FtcCB7Cgl3aWR0aDogNzI1cHg7Cglib3JkZXI6IDJweCBzb2xpZCAjMzM5OUZGOwoJcGFkZGluZy10b3A6IDVweDsKCS1tb3otYm9yZGVyLXJhZGl1czo0cHg7IC8qRmlyZWZveCovCgktd2Via2l0LWJvcmRlci1yYWRpdXM6IDRweDsgLypTYWZhcmksQ2hyb21lKi8KCWJvcmRlci1yYWRpdXM6NHB4OyAvKk9wZXJhLENocm9tZSovCgltYXJnaW46MCAxMHB4IDEwcHggMDsKfQoKLyog5L6h5qC844Gr5p6g57ea44GM44Gk44GPICovCnRhYmxlI3Jha3V0ZW5MaW1pdGVkSWRfY2FydCB7CiAgICBiYWNrZ3JvdW5kLWNvbG9yOiAjZjhmOGY4OwogICAgYm9yZGVyOiAxcHggc29saWQgI2RkZDsKICAgIHBhZGRpbmc6IDhweDsKICAgIG1hcmdpbjogMTZweCAwOwp9CgpzcGFuLnByaWNlMSB7CiAgICBjb2xvcjogIzMzMyAhaW1wb3J0YW50OwogICAgZm9udC13ZWlnaHQ6IGJvbGQ7CiAgICBmb250LXNpemU6IDgwJSAhaW1wb3J0YW50OwogICAgbGluZS1oZWlnaHQ6IDMwcHg7CiAgICBkaXNwbGF5OiBpbmxpbmUtYmxvY2s7CiAgICBtYXJnaW4tcmlnaHQ6IDE2cHg7Cn0KCi0tPgo8L3N0eWxlPgoKPCEtLeODkOODiuODvOOCqOODquOCoi0tPgoKPCEtLeOAkOa2iOOBmeOBqu+8geOAkeKYheKYheKYhSBoZWlnaHQ9IjM4MCIg44Gn6Kit5a6a44GX44Gm44GP44Gg44GV44GE44CC4piF4piF4piFLS0+CjwhLS3jg5Djg4rjg7zjgqjjg6rjgqLjgZPjgZPjgb7jgactLT4KCjwhLS3mpb3lpKnjgq3jg6Pjg7Pjg5rjg7zjg7MtLT4KCjxoMiBzdHlsZT0ibWFyZ2luOjIwcHggMCAxMHB4IDA7Ij48aW1nIHNyYz0iaHR0cDovL3d3dy5yYWt1dGVuLm5lLmpwL2dvbGQvYWtpYmFtYWMvZnJhbWUvaW1hZ2VzL3Jha3V0ZW5fdGl0bGUyLmdpZiIgYWx0PSLmpb3lpKnluILloLTjga7jgYrlvpfjgarjgq3jg6Pjg7Pjg5rjg7zjg7MiIHdpZHRoPSI3MzAiIGhlaWdodD0iNDIiIGJvcmRlcj0iMCI+PC9oMj4KPGRpdiBjbGFzcz0icmFrdXRlbi1jYW1wIiBzdHlsZT0ibWFyZ2luOjAgMCAwIDA7Ij4KCgo8IS0t5qW95aSp44Kt44Oj44Oz44Oa44O844OzQOOBk+OBk+OBvuOBpy0tPg==,SEFNRUXjgrnjg57jg7zjg4jjg5Xjgqnjg7PnlKhbbWljcm8gVVNCL1VTQue1pumbu10gVVNC44Oi44OQ44Kk44Or44OQ44OD44OG44Oq44O8ICttaWNybyBVU0LjgrHjg7zjg5bjg6sgMzBjbSAoMzAwMG1BaO+9peOCueODiOODvOODoOODiOODq+ODvOODkeODvCkgU1czMDAwTUFIRkFDRVNU77ya44K944OV44Oe44OD44OX44CA44OH44K444K/44Or44Kz44Os44Kv44K344On44Oz,44K944OV44Oe44OD44OXIOODh+OCuOOCv+ODq+OCs+ODrOOCr+OCt+ODp+ODs1NvZm1hcCBEaWdpdGFsIENvbGxlY3Rpb27jg5Hjgr3jgrPjg7Pjgr/jg5bjg6zjg4Pjg4hQQ0hEROOCouOCu+ODs+ODluODquODkeODvOODhOODkeOCveOCs+ODs+ODkeODvOODhOODhuODrOODk+OCsuODvOODoOODluODq+ODvOODrOOCpOOCveODleODiERWROOCveODleODiOa2suaZtuODhuODrOODk+ODluODq+ODvOODrOOCpOODh+OCo+OCueOCr+ODrOOCs+ODvOODgOODvOODh+OCuOOCv+ODq+S4gOecvOODrOODleOCq+ODoeODqeODh+OCuOOCv+ODq+OCq+ODoeODqeWutumbu+aZguioiOS4reWPpOOAgOOCveODleODiOOCouOCpuODiOODrOODg+ODiOS4reWPpOODjuODvOODiOODkeOCveOCs+ODs+S4reWPpOODkeOCveOCs+ODs0hBTUVF44K544Oe44O844OI44OV44Kp44Oz55SoW21pY3JvIFVTQi9VU0Lntabpm7tdIFVTQuODouODkOOCpOODq+ODkOODg+ODhuODquODvCArbWljcm8gVVNC44Kx44O844OW44OrIDMwY20gKDMwMDBtQWjvvaXjgrnjg4jjg7zjg6Djg4jjg6vjg7zjg5Hjg7wpIFNXMzAwME1BSEZBQ0VTVA==,SEFNRUXjgrnjg57jg7zjg4jjg5Xjgqnjg7PnlKhbbWljcm8gVVNCL1VTQue1pumbu10gVVNC44Oi44OQ44Kk44Or44OQ44OD44OG44Oq44O8ICttaWNybyBVU0LjgrHjg7zjg5bjg6sgMzBjbSAoMzAwMG1BaO+9peOCueODiOODvOODoOODiOODq+ODvOODkeODvCkgU1czMDAwTUFIRkFDRVNU[rn]
3-47043,aHR0cDovL3RzaG9wLnIxMHMuanAvYWtpYmFtYWMvY2FiaW5ldC8wNTA1MDczOS80NTIyMzI3ODUyMjAwLmpwZz9maXRpbj03MDA6NzAw,MjQwMC4wMDAw,,44K544Oe44O844OI44OV44Kp44Oz44O744K/44OW44Os44OD44OIID4g44OQ44OD44OG44Oq44O844O75YWF6Zu75ZmoID4g44Oi44OQ44Kk44Or44OQ44OD44OG44Oq44O8,SEFNRUXjgrnjg57jg7zjg4jjg5Xjgqnjg7PnlKjvvLttaWNybyBVU0LvvL0gVVNC44Oi44OQ44Kk44Or44OQ44OD44OG44Oq44O8IO+8i21pY3JvIFVTQuOCseODvOODluODqyAzM2NtIO+8iDI5MDBtQWjjg7vjg4fjgqPjgrrjg4vjg7wg44Of44OD44Kt44O877yJIERTU1RJQ0tCQVRURVJZMjkwME1L,,PHRhYmxlIGJvcmRlcj0iMCIgY2VsbHBhZGRpbmc9IjAiIGNlbGxzcGFjaW5nPSIwIiB3aWR0aD0iNzEwIiBzdHlsZT0ibGluZS1oZWlnaHQ6MTQwJTsiPjx0cj48dGQ+PGZvbnQgc2l6ZT0iMiI+44CU44K544Oe44O844OI44OV44Kp44Oz55So77y7bWljcm8gVVNC77yPVVNC57Wm6Zu777y977ya44Oi44OQ44Kk44Or44OQ44OD44OG44Oq44O877yIVVNC6JOE6Zu777yJ77yLbWljcm8gVVNC44Kx44O844OW44OrIOWFhembu+OAlTxicj7jgrnjg57jg5vlhYXpm7vlmajjgavmtIvmnI3jgpLnnYDjgZvjgZ/vvIHvvJ/jg4fjgqPjgrrjg4vjg7zjgq3jg6Pjg6njgq/jgr/jg7zvvI/jgrnjg4bjgqPjg4Pjgq/lnovjg7vjg6Ljg5DjgqTjg6vlhYXpm7vlmagyOTAwbUFo44CCPGJyPjxicj7ilqAg44GI77yB44Kz44K544Oh44GY44KD44Gq44GE44Gu77yB77yf5YWF6Zu744GZ44KL44Gf44Gz44Gr44Km44Kt44Km44Kt44GX44Gh44KD44GG44CB44G+44KL44Gn44Oq44OD44OX44K544OG44Kj44OD44Kv44G/44Gf44GE44Gq44OH44Kj44K644OL44O844Kt44Oj44Op44Kv44K/44O844Gu5YWF6Zu75Zmo44GM55m75aC044GX44G+44GX44Gf44CCPGJyPuKWoCDjg5/jg4Pjgq3jg7zjgIHjg5/jg4vjg7zjgIHjg4njg4rjg6vjg4njgIHjg4fjgqTjgrjjg7zjga7jgYrmtIvmnI3jgoTjg6rjg5zjg7PjgpLjgq3jg6Xjg7zjg4jjgavjg4fjgrbjgqTjg7PjgILjgZ3jgozjgZ7jgozjga7jgq3jg6Pjg6njgq/jgr/jg7zjga7phY3oibLjgavjgarjgaPjgabjgYTjgZ/jgorjgIHjg6Ljg4Hjg7zjg5Xjga7jg4fjgrbjgqTjg7PjgYzntbblppnjgafjgqvjg6/jgqTjgqTvvIE8YnI+4pagIOOBleOCieOBq+mbu+a6kOODnOOCv+ODs+OBqG1pY3JvVVNC5YWF6Zu744Kx44O844OW44Or44Gr44KC5rOo55uu44CC44Gq44KT44Go44CB44GK5o+D44GE44Gu44Kk44Op44K544OI44GM77yB5YWF6Zu744GZ44KL44Gf44Gz44CB6Zqg44KM44Oi44OB44O844OV44KS6KaL44Gk44GR44Gf44G/44Gf44GE44Gq44OI44Kt44Oh44Kt44KS5oSf44GY44Gh44KD44GE44G+44GZ44CCPGJyPuKWoCDlpKfjgY3jgZXjgoLjgrPjgrnjg6Hjgb/jgZ/jgYTjgavjgIHjgrnjg6rjg6DjgafjgrPjg7Pjg5Hjgq/jg4jjgarmiYvjga7jgbLjgonjgrXjgqTjgrrjgILljJbnsqfjg53jg7zjg4HjgavjgoLjg53jg7Pjg4PjgajlhaXjgaPjgaHjgoPjgYTjgb7jgZnjgII8YnI+4pagIOmbu+axoOWuuemHjzI5MDBtQWjjgarjga7jgafjgIHjgZPjga7lhYXpm7vlmagx44Gk44Gn44CB44K544Oe44Ob44KS57SEMeWbnuODleODq+WFhembu09L77yI44OQ44OD44OG44Oq44O85a656YePMTgwMG1BaOOBruOCueODnuODvOODiOODleOCqeODs+OBp+WFhembu+OBl+OBn+WgtOWQiO+8ieOAguWwj+OBleOBhOOCq+ODkOODs+OBp+OBiuWHuuOBi+OBkeOBl+OBn+OBhOaZguOBquOBqeOBp+OCguOAgeOBi+OBleOBsOOCieOBmuOBq+aMgeOBoeatqeOBkeOBpuOAgeaApeOBquWFhembu+WIh+OCjOOBq+OCguWuieW/g+OBp+OBmeOAgjxicj7ilqAg5aSn5Lq644GL44KP44GE44GE5YWF6Zu75Zmo44Gn44CB5q+O5pel44Gu44OB44Oj44O844K444K/44Kk44Og44KS5Y+v5oSb44GP44Oh44Kk44Kv44Ki44OD44OX44GX44G+44GX44KH44Gj77yBPGJyPjxicj7jgJDmnKzkvZPjgJHntITnuKYxMC44w5fmqKoyLjLDl+WOmjIuMmNtPGJyPuOAkOOCseODvOODluODq+WFqOmVt+OAkee0hDMzY208YnI+44CQ6Zu75rGg5a656YeP44CRMjkwMG1BaDxicj7jgJDkvb/nlKjpm7vmsaDjgJHjg6rjg4Hjgqbjg6Dpm7vmsaA8YnI+44CQ5YWl5Yqb6Zu75Zyn44CRbWljcm9VU0IgNVYvMUE8YnI+44CQ5Ye65Yqb6Zu75Zyn44CRVVNCIDVWLzFBPGJyPuOAkOS9v+eUqOeSsOWig+a4qeW6puOAkTDvvZ40NcKwPGJyPuOAkOS4u+e0oOadkOOAkUFCU+OAgVBDPGJyPuOAkOmHjemHj+OAkee0hDc0Zzxicj7jgJDku5jlsZ7lk4HjgJFtaWNyb1VTQuOCseODvOODluODqzxicj48YnI+4oC7IG1pY3JvIFVTQuS7peWkluOBr+OAgeWIpemAlFVTQuWFhembu+OCseODvOODluODq+OBjOW/heimgeOBp+OBmeOAgjxicj48YnI+KEMpRGlzbmV5PGJyPjxicj48L2ZvbnQ+PC90ZD48L3RyPjwvdGFibGU+PHN0eWxlIHR5cGU9InRleHQvY3NzIj4KPCEtLQoucmFrdXRlbi1jYW1wIHsKCXdpZHRoOiA3MjVweDsKCWJvcmRlcjogMnB4IHNvbGlkICMzMzk5RkY7CglwYWRkaW5nLXRvcDogNXB4OwoJLW1vei1ib3JkZXItcmFkaXVzOjRweDsgLypGaXJlZm94Ki8KCS13ZWJraXQtYm9yZGVyLXJhZGl1czogNHB4OyAvKlNhZmFyaSxDaHJvbWUqLwoJYm9yZGVyLXJhZGl1czo0cHg7IC8qT3BlcmEsQ2hyb21lKi8KCW1hcmdpbjowIDEwcHggMTBweCAwOwp9CgovKiDkvqHmoLzjgavmnqDnt5rjgYzjgaTjgY8gKi8KdGFibGUjcmFrdXRlbkxpbWl0ZWRJZF9jYXJ0IHsKICAgIGJhY2tncm91bmQtY29sb3I6ICNmOGY4Zjg7CiAgICBib3JkZXI6IDFweCBzb2xpZCAjZGRkOwogICAgcGFkZGluZzogOHB4OwogICAgbWFyZ2luOiAxNnB4IDA7Cn0KCnNwYW4ucHJpY2UxIHsKICAgIGNvbG9yOiAjMzMzICFpbXBvcnRhbnQ7CiAgICBmb250LXdlaWdodDogYm9sZDsKICAgIGZvbnQtc2l6ZTogODAlICFpbXBvcnRhbnQ7CiAgICBsaW5lLWhlaWdodDogMzBweDsKICAgIGRpc3BsYXk6IGlubGluZS1ibG9jazsKICAgIG1hcmdpbi1yaWdodDogMTZweDsKfQoKLS0+Cjwvc3R5bGU+Cgo8IS0t44OQ44OK44O844Ko44Oq44KiLS0+Cgo8IS0t44CQ5raI44GZ44Gq77yB44CR4piF4piF4piFIGhlaWdodD0iMzgwIiDjgafoqK3lrprjgZfjgabjgY/jgaDjgZXjgYTjgILimIXimIXimIUtLT4KPCEtLeODkOODiuODvOOCqOODquOCouOBk+OBk+OBvuOBpy0tPgoKPCEtLealveWkqeOCreODo+ODs+ODmuODvOODsy0tPgoKPGgyIHN0eWxlPSJtYXJnaW46MjBweCAwIDEwcHggMDsiPjxpbWcgc3JjPSJodHRwOi8vd3d3LnJha3V0ZW4ubmUuanAvZ29sZC9ha2liYW1hYy9mcmFtZS9pbWFnZXMvcmFrdXRlbl90aXRsZTIuZ2lmIiBhbHQ9IualveWkqeW4guWgtOOBruOBiuW+l+OBquOCreODo+ODs+ODmuODvOODsyIgd2lkdGg9IjczMCIgaGVpZ2h0PSI0MiIgYm9yZGVyPSIwIj48L2gyPgo8ZGl2IGNsYXNzPSJyYWt1dGVuLWNhbXAiIHN0eWxlPSJtYXJnaW46MCAwIDAgMDsiPgoKCjwhLS3mpb3lpKnjgq3jg6Pjg7Pjg5rjg7zjg7NA44GT44GT44G+44GnLS0+,SEFNRUXjgrnjg57jg7zjg4jjg5Xjgqnjg7PnlKjvvLttaWNybyBVU0LvvL0gVVNC44Oi44OQ44Kk44Or44OQ44OD44OG44Oq44O8IO+8i21pY3JvIFVTQuOCseODvOODluODqyAzM2NtIO+8iDI5MDBtQWjjg7vjg4fjgqPjgrrjg4vjg7wg44Of44OD44Kt44O877yJIERTU1RJQ0tCQVRURVJZMjkwME1L77ya44K944OV44Oe44OD44OX44CA44OH44K444K/44Or44Kz44Os44Kv44K344On44Oz,44K944OV44Oe44OD44OXIOODh+OCuOOCv+ODq+OCs+ODrOOCr+OCt+ODp+ODs1NvZm1hcCBEaWdpdGFsIENvbGxlY3Rpb27jg5Hjgr3jgrPjg7Pjgr/jg5bjg6zjg4Pjg4hQQ0hEROOCouOCu+ODs+ODluODquODkeODvOODhOODkeOCveOCs+ODs+ODkeODvOODhOODhuODrOODk+OCsuODvOODoOODluODq+ODvOODrOOCpOOCveODleODiERWROOCveODleODiOa2suaZtuODhuODrOODk+ODluODq+ODvOODrOOCpOODh+OCo+OCueOCr+ODrOOCs+ODvOODgOODvOODh+OCuOOCv+ODq+S4gOecvOODrOODleOCq+ODoeODqeODh+OCuOOCv+ODq+OCq+ODoeODqeWutumbu+aZguioiOS4reWPpOOAgOOCveODleODiOOCouOCpuODiOODrOODg+ODiOS4reWPpOODjuODvOODiOODkeOCveOCs+ODs+S4reWPpOODkeOCveOCs+ODs0hBTUVF44K544Oe44O844OI44OV44Kp44Oz55So77y7bWljcm8gVVNC77y9IFVTQuODouODkOOCpOODq+ODkOODg+ODhuODquODvCDvvIttaWNybyBVU0LjgrHjg7zjg5bjg6sgMzNjbSDvvIgyOTAwbUFo44O744OH44Kj44K644OL44O8IOODn+ODg+OCreODvO+8iSBEU1NUSUNLQkFUVEVSWTI5MDBNSw==,SEFNRUXjgrnjg57jg7zjg4jjg5Xjgqnjg7PnlKjvvLttaWNybyBVU0LvvL0gVVNC44Oi44OQ44Kk44Or44OQ44OD44OG44Oq44O8IO+8i21pY3JvIFVTQuOCseODvOODluODqyAzM2NtIO+8iDI5MDBtQWjjg7vjg4fjgqPjgrrjg4vjg7wg44Of44OD44Kt44O877yJIERTU1RJQ0tCQVRURVJZMjkwME1L[rn]
3-47044,aHR0cDovL3RzaG9wLnIxMHMuanAvYWtpYmFtYWMvY2FiaW5ldC8wNTEyMDgwNi8wODg5MzQ5NDExMjkyLmpwZz9maXRpbj03MDA6NzAw,NTI3Mi4wMDAw,,44K544Oe44O844OI44OV44Kp44Oz44O744K/44OW44Os44OD44OIID4g44OQ44OD44OG44Oq44O844O75YWF6Zu75ZmoID4g44Oi44OQ44Kk44Or44OQ44OD44OG44Oq44O8,44CQ6YCB5paZ54Sh5paZ44CRQVNVUyjjgqjjgqTjgrnjg7zjgrkpQVNVUyBaZW5Qb3dlciBQcm8gd2l0aCBCdW1wZXIgKDEwMDUwbUFoIHF1aWNrIGNoYXJnZXIpIOODluODqeODg+OCryA5MEFDMDBTMC1CQlQwNTAgKDkwQUMwMFMwQkJUMDUwKQ==,,PHRhYmxlIGJvcmRlcj0iMCIgY2VsbHBhZGRpbmc9IjAiIGNlbGxzcGFjaW5nPSIwIiB3aWR0aD0iNzEwIiBzdHlsZT0ibGluZS1oZWlnaHQ6MTQwJTsiPjx0cj48dGQ+PGZvbnQgc2l6ZT0iMiI+4pag5aSn5a656YeP44Gu44Oi44OQ44Kk44Or44OQ44OD44OG44Oq44O8PGJyPkFTVVMgWmVuUG93ZXJQcm/jga/jgqvjg7zjg4njgrXjgqTjgrrjgajlkIzjgZjjgrPjg7Pjg5Hjgq/jg4jjgarjg5zjg4fjgqPjgafjgZnjgYzjgIHlpKflrrnph48xMCw1MDBtQWjmkK3ovInjga7jg6Ljg5DjgqTjg6vjg5Djg4Pjg4bjg6rjg7zjgafjgZnjgII8YnI+NeOCpOODs+ODgeWJjeW+jOOBruOCueODnuODvOODiOODleOCqeODs+OBp+OBguOCjOOBsOOAgee0hDPlm57ku6XkuIrjgIE244Kk44Oz44OB5YmN5b6M44Gu5aSn55S76Z2i44K544Oe44O844OI44OV44Kp44Oz44Gn44GC44KM44Gw44CB57SEMuWbnuS7peS4iuOBruWFhembu+OBjOWPr+iDveOBp+OBmeOAgjxicj48YnI+4pagMuOBpOOBrlVTQuWHuuWKm+ODneODvOODiOOCkuaQrei8iTxicj5BU1VTIFplblBvd2VyUHJv44Gv44CBVVNC5Ye65Yqb44Od44O844OI44KSMuOBpOaQrei8ieOBl+OBpuOBhOOBvuOBmeOAguOBk+OCjOOBq+OCiOOCiuOAgTLlj7Djga7jg6Ljg5DjgqTjg6vnq6/mnKvjgpLlkIzmmYLjgavlhYXpm7vjgYzlj6/og73jgafjgZnjgII8YnI+44GV44KJ44Gr44Od44O844OIMeOBr1F1aWNrIENoYXJnZSAyLjDjgavjgoLlr77lv5zjgZfjgabjgYTjgovjga7jgafjgIFRdWljayBDaGFyZ2UgMi4w5a++5b+c56uv5pyr44Gn44GC44KM44Gw44CB5b6T5p2l44KI44KK44KC6auY6YCf44Gq5YWF6Zu744GM5Y+v6IO944Gr44Gq44KK44G+44GZ44CCPGJyPjxicj7ilqBMRUTjg6njgqTjg4jjgpLmkK3ovIk8YnI+QVNVUyBaZW5Qb3dlclByb+OBr+OAgUxFROODqeOCpOODiCgy5q616ZqO44Gu5piO44KL44GVKeOCkuaQrei8ieOBl+OBpuOBhOOBvuOBmeOAgjxicj7jgZPjgozjgavjgojjgorjgIHnt4rmgKXmmYLjgarjganjgavmh5DkuK3pm7vnga/jgajjgZfjgabjgoLkvb/nlKjjgZnjgovjgZPjgajjgYzjgafjgY3jgb7jgZnjgII8YnI+PGJyPuKWoOWwgueUqOOBruOCq+ODkOODvOOBjOS7mOWxnjxicj5BU1VTIFplblBvd2VyUHJv44Gv5pys5L2T44KS5L+d6K2344GZ44KL44GT44Go44GM44Gn44GN44KL44CB5bCC55So44Gu44K344Oq44Kz44Oz6KO944Gu44Kr44OQ44O844GM5LuY5bGe44GX44Gm44GE44G+44GZ44CCPGJyPjxicj7jgJDoo73lk4Hku5Xmp5jjgJE8YnI+44Kr44Op44O877ya44OW44Op44OD44KvL+OCt+ODq+ODkOODvC/jgrTjg7zjg6vjg4kv44OU44Oz44KvL+ODluODq+ODvDxicj7jg5Djg4Pjg4bjg6rjg7zlrrnph4/vvJoxMCwwNTBtQWg8YnI+5YWl5Yqb77yaNVYgMi4wQSA8YnI+5Ye65YqbICjjg53jg7zjg4gxKe+8mjUuMVYgMi40QSAvIDkuMVYgMkEgLyAxMi4xViAxLjVBKFFDMi4wKTxicj7lh7rlipsgKOODneODvOODiDIp77yaNS4xViAyLjQ8YnI+5Ye65YqbICjjg53jg7zjg4gxKzIp77yaMjMuNVc8YnI+44Kk44Oz44K/44O844OV44Kn44O844K577yabWljcm9VU0Igw5cgMSAo6Zu75rqQ5YWl5Yqb5YG0KeOAgFVTQiAyLjAgw5cgMiAo6Zu75rqQ5Ye65Yqb5YG0KTxicj7jgrXjgqTjgrrvvJrpq5jjgZXntIQxMDAgw5cg5bmF57SENTkuNiDDlyDlpaXooYzjgY3ntIQyMm1tPGJyPumHjemHj++8mue0hDIzMGc8YnI+PGJyPjwvZm9udD48L3RkPjwvdHI+PC90YWJsZT48c3R5bGUgdHlwZT0idGV4dC9jc3MiPgo8IS0tCi5yYWt1dGVuLWNhbXAgewoJd2lkdGg6IDcyNXB4OwoJYm9yZGVyOiAycHggc29saWQgIzMzOTlGRjsKCXBhZGRpbmctdG9wOiA1cHg7CgktbW96LWJvcmRlci1yYWRpdXM6NHB4OyAvKkZpcmVmb3gqLwoJLXdlYmtpdC1ib3JkZXItcmFkaXVzOiA0cHg7IC8qU2FmYXJpLENocm9tZSovCglib3JkZXItcmFkaXVzOjRweDsgLypPcGVyYSxDaHJvbWUqLwoJbWFyZ2luOjAgMTBweCAxMHB4IDA7Cn0KCi8qIOS+oeagvOOBq+aeoOe3muOBjOOBpOOBjyAqLwp0YWJsZSNyYWt1dGVuTGltaXRlZElkX2NhcnQgewogICAgYmFja2dyb3VuZC1jb2xvcjogI2Y4ZjhmODsKICAgIGJvcmRlcjogMXB4IHNvbGlkICNkZGQ7CiAgICBwYWRkaW5nOiA4cHg7CiAgICBtYXJnaW46IDE2cHggMDsKfQoKc3Bhbi5wcmljZTEgewogICAgY29sb3I6ICMzMzMgIWltcG9ydGFudDsKICAgIGZvbnQtd2VpZ2h0OiBib2xkOwogICAgZm9udC1zaXplOiA4MCUgIWltcG9ydGFudDsKICAgIGxpbmUtaGVpZ2h0OiAzMHB4OwogICAgZGlzcGxheTogaW5saW5lLWJsb2NrOwogICAgbWFyZ2luLXJpZ2h0OiAxNnB4Owp9CgotLT4KPC9zdHlsZT4KCjwhLS3jg5Djg4rjg7zjgqjjg6rjgqItLT4KCjwhLS3jgJDmtojjgZnjgarvvIHjgJHimIXimIXimIUgaGVpZ2h0PSIzODAiIOOBp+ioreWumuOBl+OBpuOBj+OBoOOBleOBhOOAguKYheKYheKYhS0tPgo8IS0t44OQ44OK44O844Ko44Oq44Ki44GT44GT44G+44GnLS0+Cgo8IS0t5qW95aSp44Kt44Oj44Oz44Oa44O844OzLS0+Cgo8aDIgc3R5bGU9Im1hcmdpbjoyMHB4IDAgMTBweCAwOyI+PGltZyBzcmM9Imh0dHA6Ly93d3cucmFrdXRlbi5uZS5qcC9nb2xkL2FraWJhbWFjL2ZyYW1lL2ltYWdlcy9yYWt1dGVuX3RpdGxlMi5naWYiIGFsdD0i5qW95aSp5biC5aC044Gu44GK5b6X44Gq44Kt44Oj44Oz44Oa44O844OzIiB3aWR0aD0iNzMwIiBoZWlnaHQ9IjQyIiBib3JkZXI9IjAiPjwvaDI+CjxkaXYgY2xhc3M9InJha3V0ZW4tY2FtcCIgc3R5bGU9Im1hcmdpbjowIDAgMCAwOyI+CgoKPCEtLealveWkqeOCreODo+ODs+ODmuODvOODs0DjgZPjgZPjgb7jgactLT4=,44CQ6YCB5paZ54Sh5paZ44CRQVNVUyjjgqjjgqTjgrnjg7zjgrkpQVNVUyBaZW5Qb3dlciBQcm8gd2l0aCBCdW1wZXIgKDEwMDUwbUFoIHF1aWNrIGNoYXJnZXIpIOODluODqeODg+OCryA5MEFDMDBTMC1CQlQwNTAgKDkwQUMwMFMwQkJUMDUwKe+8muOCveODleODnuODg+ODl+OAgOODh+OCuOOCv+ODq+OCs+ODrOOCr+OCt+ODp+ODsw==,44K944OV44Oe44OD44OXIOODh+OCuOOCv+ODq+OCs+ODrOOCr+OCt+ODp+ODs1NvZm1hcCBEaWdpdGFsIENvbGxlY3Rpb27jg5Hjgr3jgrPjg7Pjgr/jg5bjg6zjg4Pjg4hQQ0hEROOCouOCu+ODs+ODluODquODkeODvOODhOODkeOCveOCs+ODs+ODkeODvOODhOODhuODrOODk+OCsuODvOODoOODluODq+ODvOODrOOCpOOCveODleODiERWROOCveODleODiOa2suaZtuODhuODrOODk+ODluODq+ODvOODrOOCpOODh+OCo+OCueOCr+ODrOOCs+ODvOODgOODvOODh+OCuOOCv+ODq+S4gOecvOODrOODleOCq+ODoeODqeODh+OCuOOCv+ODq+OCq+ODoeODqeWutumbu+aZguioiOS4reWPpOOAgOOCveODleODiOOCouOCpuODiOODrOODg+ODiOS4reWPpOODjuODvOODiOODkeOCveOCs+ODs+S4reWPpOODkeOCveOCs+ODs+OAkOmAgeaWmeeEoeaWmeOAkUFTVVMo44Ko44Kk44K544O844K5KUFTVVMgWmVuUG93ZXIgUHJvIHdpdGggQnVtcGVyICgxMDA1MG1BaCBxdWljayBjaGFyZ2VyKSDjg5bjg6njg4Pjgq8gOTBBQzAwUzAtQkJUMDUwICg5MEFDMDBTMEJCVDA1MCk=,44CQ6YCB5paZ54Sh5paZ44CRQVNVUyjjgqjjgqTjgrnjg7zjgrkpQVNVUyBaZW5Qb3dlciBQcm8gd2l0aCBCdW1wZXIgKDEwMDUwbUFoIHF1aWNrIGNoYXJnZXIpIOODluODqeODg+OCryA5MEFDMDBTMC1CQlQwNTAgKDkwQUMwMFMwQkJUMDUwKQ==[rn]
3-47045,aHR0cDovL3RzaG9wLnIxMHMuanAvYWtpYmFtYWMvY2FiaW5ldC8wNTA1MDczOS80NTIyMzI3ODY2ODE4LmpwZz9maXRpbj03MDA6NzAw,MjcxMi4wMDAw,,44K544Oe44O844OI44OV44Kp44Oz44O744K/44OW44Os44OD44OIID4g44OQ44OD44OG44Oq44O844O75YWF6Zu75ZmoID4g44Oi44OQ44Kk44Or44OQ44OD44OG44Oq44O8,SEFNRUXjgrnjg57jg7zjg4jjg5Xjgqnjg7PnlKjvvLttaWNybyBVU0LvvL0gVVNC44Oi44OQ44Kk44Or44OQ44OD44OG44Oq44O8IO+8i21pY3JvIFVTQuOCseODvOODluODqyAyN2NtIO+8iDI5MDBtQWjjg7vjg4fjgqPjgrrjg4vjg7zjg5fjg6rjg7Pjgrvjgrkg44Ki44Oq44K577yJIChEU++9uu+9ve++ku++iu++nu+9r+++g+++mDI5MDDvvbEp,,PHRhYmxlIGJvcmRlcj0iMCIgY2VsbHBhZGRpbmc9IjAiIGNlbGxzcGFjaW5nPSIwIiB3aWR0aD0iNzEwIiBzdHlsZT0ibGluZS1oZWlnaHQ6MTQwJTsiPjx0cj48dGQ+PGZvbnQgc2l6ZT0iMiI+4pag44G+44KL44Gn44Oq44OD44OX44K544Kw44Ot44K544Gu44KI44GG44Gq44CB44GN44KJ44GN44KJ44GX44Gm44GE44Gm44Kz44Oz44OR44Kv44OI44Gq5YWF6Zu75Zmo44GM44CB44OH44Kj44K644OL44O85Lq65rCX44Kt44Oj44Op44Kv44K/44O844Gu5aSn5Lq65Y+v5oSb44GE5rC05b2p55S744OH44K244Kk44Oz44Gn55m75aC044GX44G+44GX44Gf44CCPGJyPjxicj7ilqDmsLTlvannlLvjgr/jg4Pjg4Hjga7mn5TjgonjgYvjgarljbDosaHjgafmj4/jgYvjgozjgabjgYTjgabjgIHjgrPjg7Pjg5Hjgq/jg4jjgarkuK3jgavjgoLjgZ3jgozjgZ7jgozjga7jgrnjg4jjg7zjg6rjg7zjgYzjgY7jgoXjg7zjgaPjgajoqbDjgb7jgaPjgabjgYTjgabjgYbjgaPjgajjgorjgZfjgabjgZfjgb7jgYTjgZ3jgYbvvIE8YnI+PGJyPuKWoOOBleOCieOBq+OAgW1pY3JvVVNC5YWF6Zu744Kx44O844OW44Or44Gr44KC44Kt44Oj44Op44Kv44K/44O844Gr44KI44Gj44Gm6YGV44Gj44Gf44Oi44OB44O844OV44Gu44OH44K244Kk44Oz44GM44OX44Oq44Oz44OI44GV44KM44Gm44GE44G+44GZ77yB57Sw6YOo44Gu44GT44Gg44KP44KK44GM5ayJ44GX44GE44CB44Go44GN44KB44GN44Od44Kk44Oz44OI44Gn44GZ44CCPGJyPjxicj7ilqDlpKfjgY3jgZXjgoLjgrnjg6rjg6DvvIbjgrPjg7Pjg5Hjgq/jg4jjgafjgYbjgozjgZfjgYTmiYvjga7jgbLjgonjgrXjgqTjgrrjgILjg53jg7zjg4Hjga7kuK3jgavjgoLjgZnjgaPjgb3jgorlhaXjgaPjgaHjgoPjgYTjgb7jgZnjgII8YnI+PGJyPuKWoOmbu+axoOWuuemHj+OBjDI5MDBtQWjjgarjga7jgafjgIHjgZPjga7lhYXpm7vlmagx44Gk44Gn57SE5LiA5Zue44CB44K544Oe44Ob44KS44OV44Or5YWF6Zu7T0sh77yI4oC744OQ44OD44OG44Oq44O85a656YePMTgwMG1BaOOBruOCueODnuODvOODiOODleOCqeODs+OBp+WFhembu+OBl+OBn+WgtOWQiO+8iTxicj7lsI/jgZXjgYTjgqvjg5Djg7PjgafjgYrlh7rmjpvjgZHjga7jgajjgY3jgoTjgIHjgZnjgZDjgavlhYXpm7vjgYzjgafjgY3jgarjgYTjgajjgY3jgafjgoLjgIHjgYvjgZXjgbDjgonjgZrjgavmjIHjgaHmranjgZHjgabjgIHmgKXjgarpm7vmsaDliIfjgozjgavlm7DjgovjgZPjgajjgoLjgarjgY/jgarjgorlronlv4PjgafjgZkhPGJyPjxicj48YnI+4oC7IG1pY3JvIFVTQuS7peWkluOBr+OAgeWIpemAlFVTQuWFhembu+OCseODvOODluODq+OBjOW/heimgeOBp+OBmeOAgjxicj48YnI+KEMpRGlzbmV5PGJyPjxicj7jgJDoo73lk4Hku5Xmp5jjgJE8YnI+5pys5L2TIO+8miDntITnuKYxMcOX5qiqMi40w5fljpoyLjRjbSA8YnI+44Kx44O844OW44Or6ZW3IO+8miDntIQyN2NtIDxicj48YnI+44CQ44Gd44Gu5LuW5LuV5qeY44CRPGJyPumbu+axoOWuuemHjyDvvJogMjkwMG1BaCA8YnI+5L2/55So6Zu75rGgIO+8miDjg6rjg4Hjgqbjg6Dpm7vmsaAgPGJyPuWFpeWKm+mbu+WcpyDvvJogbWljcm9VU0IgNVYvMUEgPGJyPuWHuuWKm+mbu+WcpyDvvJogVVNCIDVWLzFBIDxicj7kvb/nlKjnkrDlooPmuKnluqYg77yaIO+8jTEw4oSD772eNDXihIMgPGJyPuS4u+e0oOadkCDvvJogQUJT44CBUEMgPGJyPumHjemHjyDvvJog57SEODhnIDxicj7ku5jlsZ7lk4Eg77yaIOacrOS9k+OAgW1pY3JvVVNC44Kx44O844OW44OrPGJyPjxicj48L2ZvbnQ+PC90ZD48L3RyPjwvdGFibGU+PHN0eWxlIHR5cGU9InRleHQvY3NzIj4KPCEtLQoucmFrdXRlbi1jYW1wIHsKCXdpZHRoOiA3MjVweDsKCWJvcmRlcjogMnB4IHNvbGlkICMzMzk5RkY7CglwYWRkaW5nLXRvcDogNXB4OwoJLW1vei1ib3JkZXItcmFkaXVzOjRweDsgLypGaXJlZm94Ki8KCS13ZWJraXQtYm9yZGVyLXJhZGl1czogNHB4OyAvKlNhZmFyaSxDaHJvbWUqLwoJYm9yZGVyLXJhZGl1czo0cHg7IC8qT3BlcmEsQ2hyb21lKi8KCW1hcmdpbjowIDEwcHggMTBweCAwOwp9CgovKiDkvqHmoLzjgavmnqDnt5rjgYzjgaTjgY8gKi8KdGFibGUjcmFrdXRlbkxpbWl0ZWRJZF9jYXJ0IHsKICAgIGJhY2tncm91bmQtY29sb3I6ICNmOGY4Zjg7CiAgICBib3JkZXI6IDFweCBzb2xpZCAjZGRkOwogICAgcGFkZGluZzogOHB4OwogICAgbWFyZ2luOiAxNnB4IDA7Cn0KCnNwYW4ucHJpY2UxIHsKICAgIGNvbG9yOiAjMzMzICFpbXBvcnRhbnQ7CiAgICBmb250LXdlaWdodDogYm9sZDsKICAgIGZvbnQtc2l6ZTogODAlICFpbXBvcnRhbnQ7CiAgICBsaW5lLWhlaWdodDogMzBweDsKICAgIGRpc3BsYXk6IGlubGluZS1ibG9jazsKICAgIG1hcmdpbi1yaWdodDogMTZweDsKfQoKLS0+Cjwvc3R5bGU+Cgo8IS0t44OQ44OK44O844Ko44Oq44KiLS0+Cgo8IS0t44CQ5raI44GZ44Gq77yB44CR4piF4piF4piFIGhlaWdodD0iMzgwIiDjgafoqK3lrprjgZfjgabjgY/jgaDjgZXjgYTjgILimIXimIXimIUtLT4KPCEtLeODkOODiuODvOOCqOODquOCouOBk+OBk+OBvuOBpy0tPgoKPCEtLealveWkqeOCreODo+ODs+ODmuODvOODsy0tPgoKPGgyIHN0eWxlPSJtYXJnaW46MjBweCAwIDEwcHggMDsiPjxpbWcgc3JjPSJodHRwOi8vd3d3LnJha3V0ZW4ubmUuanAvZ29sZC9ha2liYW1hYy9mcmFtZS9pbWFnZXMvcmFrdXRlbl90aXRsZTIuZ2lmIiBhbHQ9IualveWkqeW4guWgtOOBruOBiuW+l+OBquOCreODo+ODs+ODmuODvOODsyIgd2lkdGg9IjczMCIgaGVpZ2h0PSI0MiIgYm9yZGVyPSIwIj48L2gyPgo8ZGl2IGNsYXNzPSJyYWt1dGVuLWNhbXAiIHN0eWxlPSJtYXJnaW46MCAwIDAgMDsiPgoKCjwhLS3mpb3lpKnjgq3jg6Pjg7Pjg5rjg7zjg7NA44GT44GT44G+44GnLS0+,SEFNRUXjgrnjg57jg7zjg4jjg5Xjgqnjg7PnlKjvvLttaWNybyBVU0LvvL0gVVNC44Oi44OQ44Kk44Or44OQ44OD44OG44Oq44O8IO+8i21pY3JvIFVTQuOCseODvOODluODqyAyN2NtIO+8iDI5MDBtQWjjg7vjg4fjgqPjgrrjg4vjg7zjg5fjg6rjg7Pjgrvjgrkg44Ki44Oq44K577yJIChEU++9uu+9ve++ku++iu++nu+9r+++g+++mDI5MDDvvbEp77ya44K944OV44Oe44OD44OX44CA44OH44K444K/44Or44Kz44Os44Kv44K344On44Oz,44K944OV44Oe44OD44OXIOODh+OCuOOCv+ODq+OCs+ODrOOCr+OCt+ODp+ODs1NvZm1hcCBEaWdpdGFsIENvbGxlY3Rpb27jg5Hjgr3jgrPjg7Pjgr/jg5bjg6zjg4Pjg4hQQ0hEROOCouOCu+ODs+ODluODquODkeODvOODhOODkeOCveOCs+ODs+ODkeODvOODhOODhuODrOODk+OCsuODvOODoOODluODq+ODvOODrOOCpOOCveODleODiERWROOCveODleODiOa2suaZtuODhuODrOODk+ODluODq+ODvOODrOOCpOODh+OCo+OCueOCr+ODrOOCs+ODvOODgOODvOODh+OCuOOCv+ODq+S4gOecvOODrOODleOCq+ODoeODqeODh+OCuOOCv+ODq+OCq+ODoeODqeWutumbu+aZguioiOS4reWPpOOAgOOCveODleODiOOCouOCpuODiOODrOODg+ODiOS4reWPpOODjuODvOODiOODkeOCveOCs+ODs+S4reWPpOODkeOCveOCs+ODs0hBTUVF44K544Oe44O844OI44OV44Kp44Oz55So77y7bWljcm8gVVNC77y9IFVTQuODouODkOOCpOODq+ODkOODg+ODhuODquODvCDvvIttaWNybyBVU0LjgrHjg7zjg5bjg6sgMjdjbSDvvIgyOTAwbUFo44O744OH44Kj44K644OL44O844OX44Oq44Oz44K744K5IOOCouODquOCue+8iSAoRFPvvbrvvb3vvpLvvorvvp7vva/vvoPvvpgyOTAw772xKQ==,SEFNRUXjgrnjg57jg7zjg4jjg5Xjgqnjg7PnlKjvvLttaWNybyBVU0LvvL0gVVNC44Oi44OQ44Kk44Or44OQ44OD44OG44Oq44O8IO+8i21pY3JvIFVTQuOCseODvOODluODqyAyN2NtIO+8iDI5MDBtQWjjg7vjg4fjgqPjgrrjg4vjg7zjg5fjg6rjg7Pjgrvjgrkg44Ki44Oq44K577yJIChEU++9uu+9ve++ku++iu++nu+9r+++g+++mDI5MDDvvbEp[rn]
3-47046,aHR0cDovL3RzaG9wLnIxMHMuanAvYWtpYmFtYWMvY2FiaW5ldC8wNTA1MDczOS80NTIyMzI3ODcwMjI4LmpwZz9maXRpbj03MDA6NzAw,MjM4NC4wMDAw,,44K544Oe44O844OI44OV44Kp44Oz44O744K/44OW44Os44OD44OIID4g44OQ44OD44OG44Oq44O844O75YWF6Zu75ZmoID4g44Oi44OQ44Kk44Or44OQ44OD44OG44Oq44O8,SEFNRUXjgrnjg57jg7zjg4jjg5Xjgqnjg7PnlKjvvLttaWNybyBVU0LvvL0gVVNC44Oi44OQ44Kk44Or44OQ44OD44OG44Oq44O8IO+8i21pY3JvIFVTQuOCseODvOODluODqyAyOGNtIO+8iDMwMDBtQWjjg7vjg6rjg4jjg6vjg5/jgqQg44OR44K544OG44Or77yJICjvvpHvvbDvvpDvvp0zMDAwTUhBTUnvvorvvp8p,,PHRhYmxlIGJvcmRlcj0iMCIgY2VsbHBhZGRpbmc9IjAiIGNlbGxzcGFjaW5nPSIwIiB3aWR0aD0iNzEwIiBzdHlsZT0ibGluZS1oZWlnaHQ6MTQwJTsiPjx0cj48dGQ+PGZvbnQgc2l6ZT0iMiI+4pag5LiW55WM5Lit44Gn5oSb44GV44KM44Gm44GE44KL44Og44O844Of44Oz44Gf44Gh44Gu5YWF6Zu75Zmo44GM44CB6Z2e5bi444Gr44K544Oq44Og44Gn44Kz44Oz44OR44Kv44OI44Gr44Gq44Gj44GfTkVX44OH44K244Kk44Oz44Gn55m75aC077yBPGJyPjxicj7ilqDjgajjgaPjgabjgoLjgq3jg6Xjg7zjg4jjgarjgq3jg6Pjg6njgq/jgr/jg7zjg5fjg6rjg7Pjg4jjga/jgIHjg6Djg7zjg5/jg7Pjga7kuJbnlYzoprPjga/jgZ3jga7jgb7jgb7jgavjgIHjgqvjg6njg5Xjg6vjgafjgqLjg7zjg4jkvZzlk4Hjga7jgojjgYbjgarku5XkuIrjgYzjgorjgII8YnI+PGJyPuKWoOOCueODnuODvOODiOODleOCqeODs+OCkue0hDHlm57lhYXpm7vlj6/og70g4oC744OQ44OD44OG44Oq44O85a656YePMTgwMG1BaOOBruOCueODnuODvOODiOODleOCqeODs+OBp+WFhembu+OBl+OBn+WgtOWQiDxicj48YnI+4pag44Kx44O844OW44Or44KSUEPjgoRVU0ItQUPlhYXpm7vlmajjgavmjqXntprjgZnjgovjgaDjgZHjgafnsKHljZjlhYXpm7vjgII8YnI+PGJyPuKWoExFROODqeOCpOODiOOBjOS7mOOBhOOBpuOBhOOCi+OBruOBp+OAgembu+axoOaui+mHj+OBjOOBsuOBqOebruOBp+OCj+OBi+OCi+OAgjxicj48YnI+4pagbWljcm9VU0LlhYXpm7vjgrHjg7zjg5bjg6vjgYzku5jlsZ7jgILjgYrmiYvmjIHjgaHjga5MaWdodG5pbmfjgrHjg7zjg5bjg6vjgpLkvb/jgYjjgbBpUGhvbmUgNi82UGx1c+OBp+OCguS9v+eUqOWPr+iDvTxicj48YnI+4pag44Kr44OQ44Oz44Gr44KC5Y+O57SN44GX44KE44GZ44GP44CB5oyB44Gh6YGL44Gz44GX44KE44GZ44GE44K144Kk44K65oSf44Gn44CB5YyX5qyn44Gu5aOB57SZ44KS5oCd44KP44Gb44KL6IOM5pmv44KE6JC944Gh552A44GN44Gu44GC44KL44Kr44Op44O844GM5aSn5Lq65aWz5a2Q44Gr44KC6Kaq44GX44G/44KE44GZ44GE4pmqPGJyPjxicj48YnI+4oC7IG1pY3JvIFVTQuS7peWkluOBr+OAgeWIpemAlFVTQuWFhembu+OCseODvOODluODq+OBjOW/heimgeOBp+OBmeOAgjxicj48YnI+PGJyPihDKU1vb21pbiBDaGFyYWN0ZXJzPGJyPjxicj7jgJDoo73lk4Hku5Xmp5jjgJE8YnI+5pys5L2TIO+8miDntITnuKY5LjbDl+aoqjUuOMOX5Y6aMC45Y20gPGJyPm1pY3JvVVNC44Kx44O844OW44Or6ZW3IO+8miDntIQyOGNtIDxicj48YnI+44CQ44Gd44Gu5LuW5LuV5qeY44CRICAgPGJyPumbu+axoOWuuemHjyDvvJogMzAwMG1BaCA8YnI+5L2/55So6Zu75rGgIO+8miDjg6rjg4Hjgqbjg6Dpm7vmsaAgPGJyPuWFpeWKm+mbu+WcpyDvvJogbWljcm9VU0IgNVYvMUEgPGJyPuWHuuWKm+mbu+WcpyDvvJogVVNCIDVWLzEuNUEgPGJyPuS9v+eUqOeSsOWig+a4qeW6piDvvJogLTEw44GL44KJNDXluqYgPGJyPumHjemHjyDvvJogODFnIDxicj7jgrXjgqTjgq/jg6vlr7/lkb0g77yaIOe0hDUwMOWbniA8YnI+5Li757Sg5p2QIO+8miBBQkPjgIFQQyA8YnI+44K744OD44OI5YaF5a65IO+8miDlhYXpm7vlmajjgIFtaWNyb1VTQuOCseODvOODluODq+OAgeWPluaJseiqrOaYjuabuO+8iOS/neiovOabuOS7mOOBje+8iTxicj48YnI+PC9mb250PjwvdGQ+PC90cj48L3RhYmxlPjxzdHlsZSB0eXBlPSJ0ZXh0L2NzcyI+CjwhLS0KLnJha3V0ZW4tY2FtcCB7Cgl3aWR0aDogNzI1cHg7Cglib3JkZXI6IDJweCBzb2xpZCAjMzM5OUZGOwoJcGFkZGluZy10b3A6IDVweDsKCS1tb3otYm9yZGVyLXJhZGl1czo0cHg7IC8qRmlyZWZveCovCgktd2Via2l0LWJvcmRlci1yYWRpdXM6IDRweDsgLypTYWZhcmksQ2hyb21lKi8KCWJvcmRlci1yYWRpdXM6NHB4OyAvKk9wZXJhLENocm9tZSovCgltYXJnaW46MCAxMHB4IDEwcHggMDsKfQoKLyog5L6h5qC844Gr5p6g57ea44GM44Gk44GPICovCnRhYmxlI3Jha3V0ZW5MaW1pdGVkSWRfY2FydCB7CiAgICBiYWNrZ3JvdW5kLWNvbG9yOiAjZjhmOGY4OwogICAgYm9yZGVyOiAxcHggc29saWQgI2RkZDsKICAgIHBhZGRpbmc6IDhweDsKICAgIG1hcmdpbjogMTZweCAwOwp9CgpzcGFuLnByaWNlMSB7CiAgICBjb2xvcjogIzMzMyAhaW1wb3J0YW50OwogICAgZm9udC13ZWlnaHQ6IGJvbGQ7CiAgICBmb250LXNpemU6IDgwJSAhaW1wb3J0YW50OwogICAgbGluZS1oZWlnaHQ6IDMwcHg7CiAgICBkaXNwbGF5OiBpbmxpbmUtYmxvY2s7CiAgICBtYXJnaW4tcmlnaHQ6IDE2cHg7Cn0KCi0tPgo8L3N0eWxlPgoKPCEtLeODkOODiuODvOOCqOODquOCoi0tPgoKPCEtLeOAkOa2iOOBmeOBqu+8geOAkeKYheKYheKYhSBoZWlnaHQ9IjM4MCIg44Gn6Kit5a6a44GX44Gm44GP44Gg44GV44GE44CC4piF4piF4piFLS0+CjwhLS3jg5Djg4rjg7zjgqjjg6rjgqLjgZPjgZPjgb7jgactLT4KCjwhLS3mpb3lpKnjgq3jg6Pjg7Pjg5rjg7zjg7MtLT4KCjxoMiBzdHlsZT0ibWFyZ2luOjIwcHggMCAxMHB4IDA7Ij48aW1nIHNyYz0iaHR0cDovL3d3dy5yYWt1dGVuLm5lLmpwL2dvbGQvYWtpYmFtYWMvZnJhbWUvaW1hZ2VzL3Jha3V0ZW5fdGl0bGUyLmdpZiIgYWx0PSLmpb3lpKnluILloLTjga7jgYrlvpfjgarjgq3jg6Pjg7Pjg5rjg7zjg7MiIHdpZHRoPSI3MzAiIGhlaWdodD0iNDIiIGJvcmRlcj0iMCI+PC9oMj4KPGRpdiBjbGFzcz0icmFrdXRlbi1jYW1wIiBzdHlsZT0ibWFyZ2luOjAgMCAwIDA7Ij4KCgo8IS0t5qW95aSp44Kt44Oj44Oz44Oa44O844OzQOOBk+OBk+OBvuOBpy0tPg==,SEFNRUXjgrnjg57jg7zjg4jjg5Xjgqnjg7PnlKjvvLttaWNybyBVU0LvvL0gVVNC44Oi44OQ44Kk44Or44OQ44OD44OG44Oq44O8IO+8i21pY3JvIFVTQuOCseODvOODluODqyAyOGNtIO+8iDMwMDBtQWjjg7vjg6rjg4jjg6vjg5/jgqQg44OR44K544OG44Or77yJICjvvpHvvbDvvpDvvp0zMDAwTUhBTUnvvorvvp8p77ya44K944OV44Oe44OD44OX44CA44OH44K444K/44Or44Kz44Os44Kv44K344On44Oz,44K944OV44Oe44OD44OXIOODh+OCuOOCv+ODq+OCs+ODrOOCr+OCt+ODp+ODs1NvZm1hcCBEaWdpdGFsIENvbGxlY3Rpb27jg5Hjgr3jgrPjg7Pjgr/jg5bjg6zjg4Pjg4hQQ0hEROOCouOCu+ODs+ODluODquODkeODvOODhOODkeOCveOCs+ODs+ODkeODvOODhOODhuODrOODk+OCsuODvOODoOODluODq+ODvOODrOOCpOOCveODleODiERWROOCveODleODiOa2suaZtuODhuODrOODk+ODluODq+ODvOODrOOCpOODh+OCo+OCueOCr+ODrOOCs+ODvOODgOODvOODh+OCuOOCv+ODq+S4gOecvOODrOODleOCq+ODoeODqeODh+OCuOOCv+ODq+OCq+ODoeODqeWutumbu+aZguioiOS4reWPpOOAgOOCveODleODiOOCouOCpuODiOODrOODg+ODiOS4reWPpOODjuODvOODiOODkeOCveOCs+ODs+S4reWPpOODkeOCveOCs+ODs0hBTUVF44K544Oe44O844OI44OV44Kp44Oz55So77y7bWljcm8gVVNC77y9IFVTQuODouODkOOCpOODq+ODkOODg+ODhuODquODvCDvvIttaWNybyBVU0LjgrHjg7zjg5bjg6sgMjhjbSDvvIgzMDAwbUFo44O744Oq44OI44Or44Of44KkIOODkeOCueODhuODq++8iSAo776R772w776Q776dMzAwME1IQU1J776K776fKQ==,SEFNRUXjgrnjg57jg7zjg4jjg5Xjgqnjg7PnlKjvvLttaWNybyBVU0LvvL0gVVNC44Oi44OQ44Kk44Or44OQ44OD44OG44Oq44O8IO+8i21pY3JvIFVTQuOCseODvOODluODqyAyOGNtIO+8iDMwMDBtQWjjg7vjg6rjg4jjg6vjg5/jgqQg44OR44K544OG44Or77yJICjvvpHvvbDvvpDvvp0zMDAwTUhBTUnvvorvvp8p[rn]
3-47047,aHR0cDovL3RzaG9wLnIxMHMuanAvYWtpYmFtYWMvY2FiaW5ldC8wNTI2OTAyNy80NTYyMTI2MTA5NDAyLmpwZz9maXRpbj03MDA6NzAw,MTgyNC4wMDAw,,44K544Oe44O844OI44OV44Kp44Oz44O744K/44OW44Os44OD44OIID4g44OQ44OD44OG44Oq44O844O75YWF6Zu75ZmoID4g44Oi44OQ44Kk44Or44OQ44OD44OG44Oq44O8,44CQ5Zyo5bqr44GC44KK44CR44CQ44Ki44Km44OI44Os44OD44OI5ZOB44CRUFFJIFNtYXJ0IGktQ2hhcmdlciBBQ1M0MFdIIChVU0IgQUPlhYXpm7vlmagvNeODneODvOODiOWQjOaZguWIqeeUqOWPr+iDvS/jg5vjg6/jgqTjg4gpICjmnKrkvb/nlKjlk4Ep44CQMjI044CR,,PHRhYmxlIGJvcmRlcj0wIGNlbGxzcGFjaW5nPTIgd2lkdGg9NzEwIHN0eWxlPSJmb250LXNpemU6IDEzcHg7IGxpbmUtaGVpZ2h0OjE0MCU7Ij48dHI+PHRkIHdpZHRoPTcxMD48YnI+PGJyPjxmb250IGNvbG9yPXJlZD48Yj7jgJDjgZTms6jmhI/kuovpoIXjgJE8YnI+44O76KGo56S644GV44KM44Gm44GE44KL5ZWG5ZOB55S75YOP44Gv44Kk44Oh44O844K444Gr44Gq44KK44G+44GZ44CCPGJyPuODu+S4h+S4gOWIneacn+S4jeiJr+etieOBjOOBguOCiuOBvuOBl+OBn+WgtOWQiOOBr+OBlOi/lOWTgeOBruOBv+OBruOBlOWvvuW/nOOBqOOBquOCiuOBvuOBmeOAgjwvZm9udD48YnI+PGJyPjwvYj48YnI+44CQ5ZWG5ZOB44Kw44Os44O844OJ44CR4oil4piF4piF4piF4piF4piF4oil5pyq5L2/55So5ZOB4oil44CQ5LuY5bGe5ZOB44CR5o+D44Gj44Gm44GE44G+44GZ44CCW0FD44Kx44O844OW44OrXeOBjOS7mOWxnuOAgjxicj48YnI+44CQ5ZWG5ZOB44Kr44OG44K044Oq44CR44K544Oe44O844OI44OV44Kp44Oz44Kq44OX44K344On44Oz44CQ5ZWG5ZOB44Kw44Os44O844OJ44CR4oil4piF4piF4piF4piF4piF4oil5pyq5L2/55So5ZOB4oil4peP5pyA5aSnNeWPsOOBruODh+ODkOOCpOOCueOCkuWQjOaZguOBq+WFhembuyDil4/jgqTjg7Pjg4bjg6rjgrjjgqfjg7Pjg4jjgarpm7vlnKforZjliKVJQyDil4/lronlv4Pjga7oh6rli5Xpm7vmupDjgqrjg5Ug4peP5aC05omA44KS5Y+W44KJ44Gq44GE5bCP5Z6L6Kit6KiIPC90YWJsZT48YnI+PGJyPjx0YWJsZSB3aWR0aD03MTAgYm9yZGVyPTAgY2VsbHBhZGRpbmc9MiBjZWxsc3BhY2luZz0wIHN0eWxlPSJmb250LXNpemU6c21hbGw7IHBhZGRpbmc6MCAwIDFweCAwOyI+PGhyPjx0cj48dGQgd2lkdGg9NzAwIHZhbGlnbj1taWRkbGU+PGltZyBzcmM9aHR0cDovL2ltYWdlLnJha3V0ZW4uY28uanAvYWtpYmFtYWMvY2FiaW5ldC9zYWxlYmFuYXIvYmFuX2t0MDAwMzRkLmdpZiBib3JkZXI9MD48cCBzdHlsZT0ibWFyZ2luOjRweDsiPjwvcD48Zm9udCBzaXplPTI+5a6J5b+D44GX44Gm5omL44Gr5YWl44KM44KJ44KM44KL44CM5pyA5aSnNjjlt6XnqIvjgI3jga7lk4Hos6rjg4Hjgqfjg4Pjgq/jgpLlrp/mlr0gISEmZW5zcDs8Yj4mZ3Q7Jmd0O+ips+OBl+OBj+OBr+OBk+OBoeOCiTwvYj48L2ZvbnQ+PC90ZD48L3RyPjwvdGFibGU+PHAgc3R5bGU9Im1hcmdpbjo0cHg7Ij48L3A+PHRhYmxlIHdpZHRoPTcxMCBib3JkZXI9MCBjZWxscGFkZGluZz0yIGNlbGxzcGFjaW5nPTAgc3R5bGU9ImZvbnQtc2l6ZTpzbWFsbDsgcGFkZGluZzowIDAgMXB4IDA7Ij48dHI+PHRkIHdpZHRoPTE5MCB2YWxpZ249bWlkZGxlPjxpbWcgc3JjPWh0dHA6Ly9pbWFnZS5yYWt1dGVuLmNvLmpwL2FraWJhbWFjL2NhYmluZXQvc2FsZWJhbmFyL2ljb25fY2F1dGlvbl91Yi5naWYgYm9yZGVyPTA+PC90ZD48dGQ+PGRpdj48Zm9udCBzaXplPTI+44GU5rOo5paH44Gu5YmN44GrPGZvbnQgY29sb3I9I0ZGMDAwMD7kuK3lj6Tlk4Hjg7vmnKrkvb/nlKjlk4Hjga7lkITnqK7ms6jmhI/kuovpoIXjgpLjgZTnorroqo3jgY/jgaDjgZXjgYTjgIIgPC9mb250PjxiPiZndDsmZ3Q76Kmz44GX44GP44Gv44GT44Gh44KJPC9iPjxicj7igLvjgYrosrfjgYTkuIrjgZLjgYvjgokx44O25pyI5Lul5YaF44Gr5Yid5pyf5LiN6Imv44GM55m655Sf44GX44Gf5aC05ZCI44CB6L+U5ZOB44Gr44Gm5a++5b+c44GE44Gf44GX44G+44GZ44CCPGZvbnQgY29sb3I9I0ZGMDAwMD7kuqTmj5vlr77lv5zjga/ooYzjgaPjgabjgYrjgorjgb7jgZvjgpPjgII8L2ZvbnQ+PGJyPuKAu+ODoeODvOOCq+ODvOe0lOato+euseOAgeODoeODvOOCq+ODvOS/neiovOabuOOAgeWQhOeorua2iOiAl+WTgeOBquOBqeOBr+WOn+WJh+OBqOOBl+OBpuS7mOWxnuOBl+OBpuOBiuOCiuOBvuOBm+OCk+OAgjxicj7igLvjg6Hjg7zjgqvjg7zkv53oqLzjga7pgannlKjjga/jgIHnmbrlo7LmmYLmnJ/jgavplqLjgo/jgonjgZrplqLnn6XjgZfjgabjgYrjgorjgb7jgZvjgpPjgILigLvjg5Djg4Pjg4bjg6rjg7zjgIHpm7vmsaDjgpLjga/jgZjjgoHjgajjgZfjgZ/lkITnqK7mtojogJflk4Hjga7li5XkvZzoo5zlhJ/jga/kuIDliIfjgZTjgZbjgYTjgb7jgZvjgpPjgII8YnI+4oC76KGo56S644GV44KM44Gm44GE44KL5ZWG5ZOB5YaZ55yf44Gv44CB5paw5ZOB5ZWG5ZOB44Gu44Kk44Oh44O844K444Gn44GZ44CC5a6f6Zqb44Gu44GK5bGK44GR5ZOB44Go44Gv55Ww44Gq44KK44G+44GZ44CCPGJyPjwvZm9udD48L2Rpdj48L3RkPjwvdHI+PC90YWJsZT48dGFibGUgd2lkdGg9NzEwIGJvcmRlcj0wIGNlbGxwYWRkaW5nPTIgY2VsbHNwYWNpbmc9MCBzdHlsZT0iZm9udC1zaXplOnNtYWxsOyBsaW5lLWhlaWdodDoxMTAlOyI+PHRyPjx0ZCB3aWR0aD0xOTAgdmFsaWduPW1pZGRsZT48aW1nIHNyYz1odHRwOi8vaW1hZ2UucmFrdXRlbi5jby5qcC9ha2liYW1hYy9jYWJpbmV0L3NhbGViYW5hci9pY29uX2dyYWRlX3ViLmdpZiBib3JkZXI9MD48L3RkPjx0ZD48Zm9udCBzaXplPTI+44GU5rOo5paH44Gu5YmN44GrPGZvbnQgY29sb3I9I0ZGMDAwMD7kuK3lj6Tlk4Hjg7vmnKrkvb/nlKjlk4Hjga7llYblk4HjgrDjg6zjg7zjg4njgpLjgZTnorroqo3jgY/jgaDjgZXjgYTjgIIgPC9mb250PjxiPiZndDsmZ3Q76Kmz44GX44GP44Gv44GT44Gh44KJPC9iPjwvZm9udD48L3RkPjwvdHI+PC90YWJsZT48c3R5bGUgdHlwZT0idGV4dC9jc3MiPgo8IS0tCi5yYWt1dGVuLWNhbXAgewoJd2lkdGg6IDcyNXB4OwoJYm9yZGVyOiAycHggc29saWQgIzMzOTlGRjsKCXBhZGRpbmctdG9wOiA1cHg7CgktbW96LWJvcmRlci1yYWRpdXM6NHB4OyAvKkZpcmVmb3gqLwoJLXdlYmtpdC1ib3JkZXItcmFkaXVzOiA0cHg7IC8qU2FmYXJpLENocm9tZSovCglib3JkZXItcmFkaXVzOjRweDsgLypPcGVyYSxDaHJvbWUqLwoJbWFyZ2luOjAgMTBweCAxMHB4IDA7Cn0KCi8qIOS+oeagvOOBq+aeoOe3muOBjOOBpOOBjyAqLwp0YWJsZSNyYWt1dGVuTGltaXRlZElkX2NhcnQgewogICAgYmFja2dyb3VuZC1jb2xvcjogI2Y4ZjhmODsKICAgIGJvcmRlcjogMXB4IHNvbGlkICNkZGQ7CiAgICBwYWRkaW5nOiA4cHg7CiAgICBtYXJnaW46IDE2cHggMDsKfQoKc3Bhbi5wcmljZTEgewogICAgY29sb3I6ICMzMzMgIWltcG9ydGFudDsKICAgIGZvbnQtd2VpZ2h0OiBib2xkOwogICAgZm9udC1zaXplOiA4MCUgIWltcG9ydGFudDsKICAgIGxpbmUtaGVpZ2h0OiAzMHB4OwogICAgZGlzcGxheTogaW5saW5lLWJsb2NrOwogICAgbWFyZ2luLXJpZ2h0OiAxNnB4Owp9CgotLT4KPC9zdHlsZT4KCjwhLS3jg5Djg4rjg7zjgqjjg6rjgqItLT4KCjwhLS3jgJDmtojjgZnjgarvvIHjgJHimIXimIXimIUgaGVpZ2h0PSIzODAiIOOBp+ioreWumuOBl+OBpuOBj+OBoOOBleOBhOOAguKYheKYheKYhS0tPgo8IS0t44OQ44OK44O844Ko44Oq44Ki44GT44GT44G+44GnLS0+Cgo8IS0t5qW95aSp44Kt44Oj44Oz44Oa44O844OzLS0+Cgo8aDIgc3R5bGU9Im1hcmdpbjoyMHB4IDAgMTBweCAwOyI+PGltZyBzcmM9Imh0dHA6Ly93d3cucmFrdXRlbi5uZS5qcC9nb2xkL2FraWJhbWFjL2ZyYW1lL2ltYWdlcy9yYWt1dGVuX3RpdGxlMi5naWYiIGFsdD0i5qW95aSp5biC5aC044Gu44GK5b6X44Gq44Kt44Oj44Oz44Oa44O844OzIiB3aWR0aD0iNzMwIiBoZWlnaHQ9IjQyIiBib3JkZXI9IjAiPjwvaDI+CjxkaXYgY2xhc3M9InJha3V0ZW4tY2FtcCIgc3R5bGU9Im1hcmdpbjowIDAgMCAwOyI+CgoKPCEtLealveWkqeOCreODo+ODs+ODmuODvOODs0DjgZPjgZPjgb7jgactLT4=,44CQ5Zyo5bqr44GC44KK44CR44CQ44Ki44Km44OI44Os44OD44OI5ZOB44CRUFFJIFNtYXJ0IGktQ2hhcmdlciBBQ1M0MFdIIChVU0IgQUPlhYXpm7vlmagvNeODneODvOODiOWQjOaZguWIqeeUqOWPr+iDvS/jg5vjg6/jgqTjg4gpICjmnKrkvb/nlKjlk4Ep44CQMjI044CR77ya44K944OV44Oe44OD44OX44CA44OH44K444K/44Or44Kz44Os44Kv44K344On44Oz,44K944OV44Oe44OD44OXIOODh+OCuOOCv+ODq+OCs+ODrOOCr+OCt+ODp+ODs1NvZm1hcCBEaWdpdGFsIENvbGxlY3Rpb27jg5Hjgr3jgrPjg7Pjgr/jg5bjg6zjg4Pjg4hQQ0hEROOCouOCu+ODs+ODluODquODkeODvOODhOODkeOCveOCs+ODs+ODkeODvOODhOODhuODrOODk+OCsuODvOODoOODluODq+ODvOODrOOCpOOCveODleODiERWROOCveODleODiOa2suaZtuODhuODrOODk+ODluODq+ODvOODrOOCpOODh+OCo+OCueOCr+ODrOOCs+ODvOODgOODvOODh+OCuOOCv+ODq+S4gOecvOODrOODleOCq+ODoeODqeODh+OCuOOCv+ODq+OCq+ODoeODqeWutumbu+aZguioiOS4reWPpOOAgOOCveODleODiOOCouOCpuODiOODrOODg+ODiOS4reWPpOODjuODvOODiOODkeOCveOCs+ODs+S4reWPpOODkeOCveOCs+ODs+OAkOWcqOW6q+OBguOCiuOAkeOAkOOCouOCpuODiOODrOODg+ODiOWTgeOAkVBRSSBTbWFydCBpLUNoYXJnZXIgQUNTNDBXSCAoVVNCIEFD5YWF6Zu75ZmoLzXjg53jg7zjg4jlkIzmmYLliKnnlKjlj6/og70v44Ob44Ov44Kk44OIKSAo5pyq5L2/55So5ZOBKeOAkDIyNOOAkQ==,44CQ5Zyo5bqr44GC44KK44CR44CQ44Ki44Km44OI44Os44OD44OI5ZOB44CRUFFJIFNtYXJ0IGktQ2hhcmdlciBBQ1M0MFdIIChVU0IgQUPlhYXpm7vlmagvNeODneODvOODiOWQjOaZguWIqeeUqOWPr+iDvS/jg5vjg6/jgqTjg4gpICjmnKrkvb/nlKjlk4Ep44CQMjI044CR[rn]
3-47048,aHR0cDovL3RzaG9wLnIxMHMuanAvcGMtZ29vZC9jYWJpbmV0L2lvc3lzX2cvODAwMDBfODE5OTkvODEzMTUuanBnP2ZpdGluPTcwMDo3MDA=,MzE4NC4wMDAw,,44K544Oe44O844OI44OV44Kp44Oz44O744K/44OW44Os44OD44OIID4g44OQ44OD44OG44Oq44O844O75YWF6Zu75ZmoID4g44Oi44OQ44Kk44Or44OQ44OD44OG44Oq44O8,44CQ6YCB5paZ54Sh5paZ44CR5b2T56S+77yR6YCx6ZaT5L+d6Ki8W+aWsOWTgV3ilqBDWUJFUiBQQVJLIExpbWl0ZWQg44CQ5aSn5a656YePMTMwMDBtQWjjgJEy44Od44O844OIVVNC44Oi44OQ44Kk44Or44OQ44OD44OG44Oq44O8IEQ1NjbjgJDlkajovrrmqZ/lmajjgJEg44CQIOODkeOCveOCs+ODs++8hueZveODreODoOOBruOCpOOCquOCt+OCuSDjgJE=,44CQ5b2T56S+77yR6YCx6ZaT5L+d6Ki844CR,,44CQ6YCB5paZ54Sh5paZ44CR5b2T56S+77yR6YCx6ZaT5L+d6Ki8W+aWsOWTgV3ilqBDWUJFUiBQQVJLIExpbWl0ZWQg44CQ5aSn5a656YePMTMwMDBtQWjjgJEy44Od44O844OIVVNC44Oi44OQ44Kk44Or44OQ44OD44OG44Oq44O8IEQ1NjbjgJDlkajovrrmqZ/lmajjgJEg44CQIOODkeOCveOCs+ODs++8hueZveODreODoOOBruOCpOOCquOCt+OCuSDjgJHvvJrkuK3lj6Tjg5Hjgr3jgrPjg7Pjgajnmb3jg63jg6Djga7jgqTjgqrjgrfjgrk=,44K544Oe44O844OI44OV44Kp44Oz44K544Oe44ObU0lN44OV44Oq44O855m944Ot44OgaVBob25lQW5kcm9pZOOCv+ODluODrOODg+ODiGlQYWTmkLrluK/pm7voqbHkuK3lj6Tjg5Hjgr3jgrPjg7Pjg47jg7zjg4jjg5Hjgr3jgrPjg7NpcG9kZG9jb21vc29mdGJhbmthdeODh+OCueOCr+ODiOODg+ODl+ODkeOCveOCs+ODs09mZmljZeS4reWPpFBD44Ki44Km44OI44Os44OD44OI44CQ6YCB5paZ54Sh5paZ44CR5b2T56S+77yR6YCx6ZaT5L+d6Ki8W+aWsOWTgV3ilqBDWUJFUiBQQVJLIExpbWl0ZWQg44CQ5aSn5a656YePMTMwMDBtQWjjgJEy44Od44O844OIVVNC44Oi44OQ44Kk44Or44OQ44OD44OG44Oq44O8IEQ1NjbjgJDlkajovrrmqZ/lmajjgJEg44CQIOODkeOCveOCs+ODs++8hueZveODreODoOOBruOCpOOCquOCt+OCuSDjgJE=,44CQ5b2T56S+77yR6YCx6ZaT5L+d6Ki844CR44CC44CQ6YCB5paZ54Sh5paZ44CR5b2T56S+77yR6YCx6ZaT5L+d6Ki8W+aWsOWTgV3ilqBDWUJFUiBQQVJLIExpbWl0ZWQg44CQ5aSn5a656YePMTMwMDBtQWjjgJEy44Od44O844OIVVNC44Oi44OQ44Kk44Or44OQ44OD44OG44Oq44O8IEQ1NjbjgJDlkajovrrmqZ/lmajjgJEg44CQIOODkeOCveOCs+ODs++8hueZveODreODoOOBruOCpOOCquOCt+OCuSDjgJE=[rn]
3-47049,aHR0cDovL3RzaG9wLnIxMHMuanAvcGMtZ29vZC9jYWJpbmV0L2lvc3lzX2cvNzgwMDBfNzk5OTkvNzg4NTIuanBnP2ZpdGluPTcwMDo3MDA=,MjM4NC4wMDAw,,44K544Oe44O844OI44OV44Kp44Oz44O744K/44OW44Os44OD44OIID4g44OQ44OD44OG44Oq44O844O75YWF6Zu75ZmoID4g44Oi44OQ44Kk44Or44OQ44OD44OG44Oq44O8,44CQ6YCB5paZ54Sh5paZ44CR54Sh5L+d6Ki8W+aWsOWTgV3ilqBDWUJFUiBQQVJLIExpbWl0ZWQg44CQMTg2NTDpm7vmsaDlsILnlKjjgJEg6Ieq5YiG44Gn44K744Or44KS5YWl44KM5pu/44GI44KJ44KM44KL44Oi44OQ44Kk44Or44OQ44OD44OG44Oq44O8IFY4LTQg44CQVVNCMuODneODvOODiOWHuuWKm+OAkeOAkOWRqOi+uuapn+WZqOOAkSDjgJAg44OR44K944Kz44Oz77yG55m944Ot44Og44Gu44Kk44Kq44K344K5IOOAkQ==,44CQ54Sh5L+d6Ki844CR,,44CQ6YCB5paZ54Sh5paZ44CR54Sh5L+d6Ki8W+aWsOWTgV3ilqBDWUJFUiBQQVJLIExpbWl0ZWQg44CQMTg2NTDpm7vmsaDlsILnlKjjgJEg6Ieq5YiG44Gn44K744Or44KS5YWl44KM5pu/44GI44KJ44KM44KL44Oi44OQ44Kk44Or44OQ44OD44OG44Oq44O8IFY4LTQg44CQVVNCMuODneODvOODiOWHuuWKm+OAkeOAkOWRqOi+uuapn+WZqOOAkSDjgJAg44OR44K944Kz44Oz77yG55m944Ot44Og44Gu44Kk44Kq44K344K5IOOAke+8muS4reWPpOODkeOCveOCs+ODs+OBqOeZveODreODoOOBruOCpOOCquOCt+OCuQ==,44K544Oe44O844OI44OV44Kp44Oz44K544Oe44ObU0lN44OV44Oq44O855m944Ot44OgaVBob25lQW5kcm9pZOOCv+ODluODrOODg+ODiGlQYWTmkLrluK/pm7voqbHkuK3lj6Tjg5Hjgr3jgrPjg7Pjg47jg7zjg4jjg5Hjgr3jgrPjg7NpcG9kZG9jb21vc29mdGJhbmthdeODh+OCueOCr+ODiOODg+ODl+ODkeOCveOCs+ODs09mZmljZeS4reWPpFBD44Ki44Km44OI44Os44OD44OI44CQ6YCB5paZ54Sh5paZ44CR54Sh5L+d6Ki8W+aWsOWTgV3ilqBDWUJFUiBQQVJLIExpbWl0ZWQg44CQMTg2NTDpm7vmsaDlsILnlKjjgJEg6Ieq5YiG44Gn44K744Or44KS5YWl44KM5pu/44GI44KJ44KM44KL44Oi44OQ44Kk44Or44OQ44OD44OG44Oq44O8IFY4LTQg44CQVVNCMuODneODvOODiOWHuuWKm+OAkeOAkOWRqOi+uuapn+WZqOOAkSDjgJAg44OR44K944Kz44Oz77yG55m944Ot44Og44Gu44Kk44Kq44K344K5IOOAkQ==,44CQ54Sh5L+d6Ki844CR44CC44CQ6YCB5paZ54Sh5paZ44CR54Sh5L+d6Ki8W+aWsOWTgV3ilqBDWUJFUiBQQVJLIExpbWl0ZWQg44CQMTg2NTDpm7vmsaDlsILnlKjjgJEg6Ieq5YiG44Gn44K744Or44KS5YWl44KM5pu/44GI44KJ44KM44KL44Oi44OQ44Kk44Or44OQ44OD44OG44Oq44O8IFY4LTQg44CQVVNCMuODneODvOODiOWHuuWKm+OAkeOAkOWRqOi+uuapn+WZqOOAkSDjgJAg44OR44K944Kz44Oz77yG55m944Ot44Og44Gu44Kk44Kq44K344K5IOOAkQ==[rn]
3-47050,aHR0cDovL3RzaG9wLnIxMHMuanAva3VyYXNoaWtlbmtvdS9jYWJpbmV0L3Rhc3lhNi85NDY0MDkyLWFsbC1lLmpwZz9maXRpbj03MDA6NzAw,NTMxOC40MDAw,,44K544Oe44O844OI44OV44Kp44Oz44O744K/44OW44Os44OD44OIID4g44OQ44OD44OG44Oq44O844O75YWF6Zu75ZmoID4g44Oi44OQ44Kk44Or44OQ44OD44OG44Oq44O8,ZXB1IGlQb3dlckJhbmsgODAwMG1BaCBtaWNyb1VTQuOCseODvOODluODq+S7mCBlcHU4QTcyMeODu2VwdThBNzIy44O7ZXB1OEE3MjMg44OW44Op44OD44Kv44O744Ob44Ov44Kk44OI44O744Oe44K844Oz44K/44CQROOAkeOAkOmAgeaWmeeEoeaWmeOAkQ==,44CQ5YWo5Zu944Gp44GT44Gn44KC6YCB5paZ54Sh5paZ44CR,PGI+PGZvbnQgY29sb3I9IkRvZGdlckJsdWUiPmlQaG9uZeODu+OCueODnuODvOODiOODleOCqeODs+OCkuewoeWNmOOBq+WFhembu+WPr+iDve+8gTwvZm9udD48L2I+PGJyPgrjgb7jgZ/jgIHmkLrluK/pm7voqbHvvIhkb2NvbW8vU29mdGJhbmsvYXXvvInjg7vmkLrluK/jgrLjg7zjg6DmqZ/jgoLlhYXpm7vlj6/og73jgafjgZnimIY8YnI+CuKAu+WIpemAlOWwgueUqOOCseODvOODluODq+OBjOW/heimgeOBp+OBmeOAgjxicj4KaVBob25lNeOBq+OCguWvvuW/nOOBl+OBpuOBhOOBvuOBmeOAgjxicj4K4oC744Kz44ON44Kv44K/44Gv44GK5a6i5qeY44GM44GK5oyB44Gh44Gu44Kz44ON44Kv44K/44KS44GK5L2/44GE5LiL44GV44GE44CCPGJyPjxicj4KCuODu0xFROODqeODs+ODl+OCkuaQrei8ieKZqumbu+axoOaui+mHj+OBjOS4gOebruOBp+OCj+OBi+OCiuOBvuOBmeOAgjxicj4K44O7bWljcm9VU0LjgrHjg7zjg5bjg6vvvIg2MGNt77yJ44GM5LuY5bGe44GX44G+44GZ44CCPGJyPgrjg7vmkLrluK/jgavkvr/liKnjgaoxNG1t44Gu44K544Oq44Og44Oc44OH44Kj77yBPGJyPjxicj4KCuKXj+WVhuWTgeOCteOCpOOCuu+8iOe0hO+8ie+8muW5hTcuN8OX5aWl6KGMMTIuN8OX6auY44GVMS40Y208YnI+CuKXj+acrOS9k+mHjemHj++8mue0hDIwMGcgPGJyPgril4/lhaXlipvpm7vmupDvvJpNaWNyb1VTQiA1LjBWLzFBICA8YnI+CuKXj+WHuuWKm++8mjUuMFYvMi4yQSA8YnI+CuKXj+mbu+axoOWuuemHj++8mjMuN1YvOEFoIDxicj4K4peP5L2/55So6Zu75rGg77ya5YWF6Zu75byP44Oq44OB44Km44Og44Od44Oq44Oe44O8IDxicj4K4peP5LuY5bGe5ZOB77yabWljcm9VU0LjgrHjg7zjg5bjg6vvvIg2MGNt77yJCgo8YnI+PGJyPjxiPuKGk+KGk+mWoumAo+WVhuWTgeOBr+OBk+OBoeOCieKZquKZqjwvYj48YnI+CjxiPuKYhWVuZXAgc3RpY2sgMjgwMG1BaCAyOGVzMjY1IOWFqDPoibI8L2I+PGJyPgo8Yj7imIVlbmVwIHN0aWNrIDIyMDBtQWggZm9yIGlQaG9uZSBtaWNyb1VTQuOCseODvOODluODq++8i2lQaG9uZeOCouODgOODl+OCv+S7mCAyMmVzaTMwNSDlhagz6ImyPC9iPjxicj4KPGI+4piFZW5lcCBzdGljayAyMjAwbUFoIG1pY3JvVVNC44Kx44O844OW44Or5LuYIDIyZXNzMjU1IOWFqDPoibI8L2I+PGJyPgo8Yj7imIVlcHUgaVBvd2VyQmFuayA4MDAwbUFoIG1pY3JvVVNC44Kx44O844OW44Or5LuYIGVwdThBNzIxIOWFqDPoibI8L2I+PGJyPgo8Yj7imIVlcHUgaVBvd2VyQmFuayA0MDAwbUFoIGVwdTRBMzAxIOWFqDPoibI8L2I+PGJyPgo8Yj7imIVlbmVwIDU2MDBtQWggbWljcm9VU0LjgrHjg7zjg5bjg6vvvItpUGhvbmXjgqLjg4Djg5fjgr/ku5ggNTZMZXA0NTEg5YWoM+iJsjwvYj48YnI+CjxiPuKYhWVuZXAgNTYwMG1BaCBVU0Ljgr/jgqTjg5cgNTZlcDQ2MSDlhagz6ImyPC9iPjxicj4KPGI+4piFZW5lcCA0NDAwbUFoIG1pY3JvVVNC44Kx44O844OW44Or77yLaVBob25l44Ki44OA44OX44K/5LuYIDQ0TGVwNDcxIOWFqDPoibI8L2I+PGJyPgo8Yj7imIVlbmVwIDI4MDBtQWggbWljcm9VU0LjgrHjg7zjg5bjg6vvvItpUGhvbmUrZG9jb21vL3NvZnRiYW5rK2F144Ki44OA44OX44K/5LuYIDI4TGVwNDgxIOWFqDPoibI8L2I+PGJyPgo8Yj7imIVlbmVwIDIyMDBtQWggbWljcm9VU0LjgrHjg7zjg5bjg6vku5ggMjJMZXA0OTEg5YWoM+iJsjwvYj48YnI+PGNlbnRlcj4KCgoKPCEtLUdvUVN5c3RlbeODqeODs+OCreODs+OCsOiHquWLleabtOaWsOODhOODvOODq+ODr+OCpOODiS0tPgo8dGFibGUgYWxpZ249ImNlbnRlciIgd2lkdGg9IjYwMCIgYm9yZGVyPSIwIiBjZWxscGFkZGluZz0iMCIgY2VsbHNwYWNpbmc9IjAiIGJnY29sb3I9IiNGRkZGRkYiPgo8dHI+Cjx0ZD4KPHRhYmxlIGFsaWduPSJjZW50ZXIiIHdpZHRoPSI2MDAiIGJvcmRlcj0iMCIgY2VsbHBhZGRpbmc9IjAiIGNlbGxzcGFjaW5nPSIwIiBiZ2NvbG9yPSIjRkZGRkZGIj4KPHRyPgo8dGQgYWxpZ249ImNlbnRlciIgdmFsaWduPSJib3R0b20iIGJnY29sb3I9IiNjY2NjY2MiPjxpbWcgc3JjPSJodHRwOi8vd3d3LnJha3V0ZW4ubmUuanAvZ29sZC9rdXJhc2hpa2Vua291L2dvcXN5c3RlbS82MDByYW5raW5ndGl0ZWwuZ2lmIiB3aWR0aD0iNjAwIiAvPjwvdGQ+CjwvdHI+CjwvdGFibGU+Cjx0YWJsZSBhbGlnbj0iY2VudGVyIiB3aWR0aD0iNTk2IiBib3JkZXI9IjAiIGNlbGxwYWRkaW5nPSIwIiBjZWxsc3BhY2luZz0iMCIgYmdjb2xvcj0iI0NDQ0NDQyIgc3R5bGU9ImJvcmRlci1sZWZ0OnNvbGlkO2JvcmRlci1sZWZ0LXdpZHRoOjFweDtib3JkZXItcmlnaHQ6c29saWQ7Ym9yZGVyLXJpZ2h0LXdpZHRoOjFweDtib3JkZXItYm90dG9tOnNvbGlkO2JvcmRlci1ib3R0b20td2lkdGg6MXB4O2JvcmRlci1jb2xvcjojQ0NDQ0NDOyI+Cjx0cj4KPHRkIGFsaWduPSJjZW50ZXIiIGJnY29sb3I9IiNGRkZGRkYiIHN0eWxlPSJvdmVyZmxvdzphdXRvOyI+Cgo8L3RkPgo8L3RyPgo8dHI+Cjx0ZCBhbGlnbj0icmlnaHQiIGJnY29sb3I9IiNGRkZGRkYiIHN0eWxlPSJwYWRkaW5nOjJweDsiPgo8aW1nIHNyYz0iaHR0cDovL3d3dy5yYWt1dGVuLm5lLmpwL2dvbGQva3VyYXNoaWtlbmtvdS9nb3FzeXN0ZW0vcG93ZXJlZF9ieV9iYW5uZXIuZ2lmIiB3aWR0aD0iMTI1IiAvPgo8L3RkPgo8L3RyPgo8L3RhYmxlPgo8L3RkPgo8L3RyPgo8L3RhYmxlPgo8IS0tR29RU3lzdGVt44Op44Oz44Kt44Oz44Kw6Ieq5YuV5pu05paw44OE44O844Or44Ov44Kk44OJLS0+CgoKPC9jZW50ZXI+,ZXB1IGlQb3dlckJhbmsgODAwMG1BaCBtaWNyb1VTQuOCseODvOODluODq+S7mCBlcHU4QTcyMeODu2VwdThBNzIy44O7ZXB1OEE3MjMg44OW44Op44OD44Kv44O744Ob44Ov44Kk44OI44O744Oe44K844Oz44K/44CQROOAkeOAkOmAgeaWmeeEoeaWmeOAke+8muaaruOCieOBl+WBpeW6t+ODjeODg+ODiOmkqA==,44Kt44OD44OB44Oz44OQ44K56Kq/55CG5Zmo5YW35rSX5Ymk44Kv44Oq44K544K/44Or44Ks44Kk44K244O8NTAwbWzmn5Tou5/liaTlrqTlhoXnianlubLjgZfnianlubLjgZflgaXlurfpo5/lk4HjgqLjgqTjg6rjgrnjgqrjg7zjg6Tjg57mjoPpmaTjg4/jg7Pjgqzjg7zmtJfmv6/lj47ntI3nsbPjg4DjgqTjgqjjg4Pjg4jmsLTjg4Djgqbjg4vjg7zjg5Xjg6njgqTjg5Hjg7PnibnojLZlcHUgaVBvd2VyQmFuayA4MDAwbUFoIG1pY3JvVVNC44Kx44O844OW44Or5LuYIGVwdThBNzIx44O7ZXB1OEE3MjLjg7tlcHU4QTcyMyDjg5bjg6njg4Pjgq/jg7vjg5vjg6/jgqTjg4jjg7vjg57jgrzjg7Pjgr/jgJBE44CR44CQ6YCB5paZ54Sh5paZ44CR,44CQ5YWo5Zu944Gp44GT44Gn44KC6YCB5paZ54Sh5paZ44CR44CCZXB1IGlQb3dlckJhbmsgODAwMG1BaCBtaWNyb1VTQuOCseODvOODluODq+S7mCBlcHU4QTcyMeODu2VwdThBNzIy44O7ZXB1OEE3MjMg44OW44Op44OD44Kv44O744Ob44Ov44Kk44OI44O744Oe44K844Oz44K/44CQROOAkeOAkOmAgeaWmeeEoeaWmeOAkQ==[rn]
3-47051,aHR0cDovL3RzaG9wLnIxMHMuanAva3VyYXNoaWtlbmtvdS9jYWJpbmV0L3Rhc3lhNi85NDY0MTAxLWFsbC1lLmpwZz9maXRpbj03MDA6NzAw,MzQxMy42MDAw,,44K544Oe44O844OI44OV44Kp44Oz44O744K/44OW44Os44OD44OIID4g44OQ44OD44OG44Oq44O844O75YWF6Zu75ZmoID4g44Oi44OQ44Kk44Or44OQ44OD44OG44Oq44O8,ZW5lcCA1NjAwbUFoIFVTQuOCv+OCpOODlyA1NmVwNDYx44O7NTZlcDQ2MuODuzU2ZXA0NjMg44OW44Op44OD44Kv44O744Ob44Ov44Kk44OI44O744Oe44K844Oz44K/44CQROOAkeOAkOmAgeaWmeeEoeaWmeOAkQ==,44CQ5YWo5Zu944Gp44GT44Gn44KC6YCB5paZ54Sh5paZ44CR,PGI+PGZvbnQgY29sb3I9IkRvZGdlckJsdWUiPuWQhOeormlQYWTjg7tpUGhvbmXjg7vjgrnjg57jg7zjg4jjg5Xjgqnjg7PjgpLnsKHljZjjgavlhYXpm7vlj6/og73vvIE8L2ZvbnQ+PC9iPjxicj4K44G+44Gf44CB5pC65biv6Zu76Kmx77yIZG9jb21vL1NvZnRiYW5rL2F177yJ44O75pC65biv44Ky44O844Og5qmf44KC5YWF6Zu75Y+v6IO944Gn44GZ4piGPGJyPgrigLvliKXpgJTlsILnlKjjgrPjg43jgq/jgr/jg7vjgqLjg4Djg5fjgr/jgYzlv4XopoHjgafjgZnjgII8YnI+CmlQaG9uZTXjgavjgoLlr77lv5zjgZfjgabjgYTjgb7jgZnjgII8YnI+CuKAu+OCs+ODjeOCr+OCv+OBr+OBiuWuouanmOOBjOOBiuaMgeOBoeOBruOCs+ODjeOCr+OCv+OCkuOBiuS9v+OBhOS4i+OBleOBhOOAgjxicj48YnI+Cgo8Yj48Zm9udCBjb2xvcj0iRG9kZ2VyQmx1ZSI+5L6/5Yip44GqMuODneODvOODiOOCv+OCpOODl++8gTwvZm9udD48L2I+PGJyPgoy5Y+w5ZCM5pmC5YWF6Zu744KC5Y+v6IO944GqMuODneODvOODiOOCv+OCpOODl+KYhiA8YnI+PGJyPgoK44O75YWF6Zu754q25oWL44GM5LiA55uu44Gn56K66KqN44Gn44GN44KLTEVE44Op44Oz44OX44KS5pCt6LyJ4pmqPGJyPgrjg7vmtbflpJbjgafjgoLjgYrkvb/jgYTpoILjgZHjgb7jgZnjgILvvIjigLtBQzEwMFbvvZ4yNDBWIDUwLzYwSHrvvIk8YnI+PGJyPgoK4peP6Zu75rGg5a656YeP77yaMy43Vi81NjAwbUFoPGJyPgril4/kvb/nlKjpm7vmsaDvvJrjg6rjg4Hjgqbjg6DjgqTjgqrjg7Ppm7vmsaA8YnI+CuKXj+WHuuWKm++8mkRDNS4wVi8yLjJB77yIMuODneODvOODiOWQiOioiO+8iTxicj4K4peP44K144Kk44Kv44Or5a+/5ZG977ya57SENTAw5ZuePGJyPgril4/llYblk4HjgrXjgqTjgrrvvIjntITvvInvvJrluYU3w5flpaXooYwyLjLDl+mrmOOBlTUuNmNtPGJyPgril4/ph43ph4/vvJrntIQxMzBnCgo8YnI+PGJyPjxiPuKGk+KGk+mWoumAo+WVhuWTgeOBr+OBk+OBoeOCieKZquKZqjwvYj48YnI+CjxiPuKYhWVuZXAgc3RpY2sgMjgwMG1BaCAyOGVzMjY1IOWFqDPoibI8L2I+PGJyPgo8Yj7imIVlbmVwIHN0aWNrIDIyMDBtQWggZm9yIGlQaG9uZSBtaWNyb1VTQuOCseODvOODluODq++8i2lQaG9uZeOCouODgOODl+OCv+S7mCAyMmVzaTMwNSDlhagz6ImyPC9iPjxicj4KPGI+4piFZW5lcCBzdGljayAyMjAwbUFoIG1pY3JvVVNC44Kx44O844OW44Or5LuYIDIyZXNzMjU1IOWFqDPoibI8L2I+PGJyPgo8Yj7imIVlcHUgaVBvd2VyQmFuayA4MDAwbUFoIG1pY3JvVVNC44Kx44O844OW44Or5LuYIGVwdThBNzIxIOWFqDPoibI8L2I+PGJyPgo8Yj7imIVlcHUgaVBvd2VyQmFuayA0MDAwbUFoIGVwdTRBMzAxIOWFqDPoibI8L2I+PGJyPgo8Yj7imIVlbmVwIDU2MDBtQWggbWljcm9VU0LjgrHjg7zjg5bjg6vvvItpUGhvbmXjgqLjg4Djg5fjgr/ku5ggNTZMZXA0NTEg5YWoM+iJsjwvYj48YnI+CjxiPuKYhWVuZXAgNTYwMG1BaCBVU0Ljgr/jgqTjg5cgNTZlcDQ2MSDlhagz6ImyPC9iPjxicj4KPGI+4piFZW5lcCA0NDAwbUFoIG1pY3JvVVNC44Kx44O844OW44Or77yLaVBob25l44Ki44OA44OX44K/5LuYIDQ0TGVwNDcxIOWFqDPoibI8L2I+PGJyPgo8Yj7imIVlbmVwIDI4MDBtQWggbWljcm9VU0LjgrHjg7zjg5bjg6vvvItpUGhvbmUrZG9jb21vL3NvZnRiYW5rK2F144Ki44OA44OX44K/5LuYIDI4TGVwNDgxIOWFqDPoibI8L2I+PGJyPgo8Yj7imIVlbmVwIDIyMDBtQWggbWljcm9VU0LjgrHjg7zjg5bjg6vku5ggMjJMZXA0OTEg5YWoM+iJsjwvYj48YnI+PGNlbnRlcj4KCgoKPCEtLUdvUVN5c3RlbeODqeODs+OCreODs+OCsOiHquWLleabtOaWsOODhOODvOODq+ODr+OCpOODiS0tPgo8dGFibGUgYWxpZ249ImNlbnRlciIgd2lkdGg9IjYwMCIgYm9yZGVyPSIwIiBjZWxscGFkZGluZz0iMCIgY2VsbHNwYWNpbmc9IjAiIGJnY29sb3I9IiNGRkZGRkYiPgo8dHI+Cjx0ZD4KPHRhYmxlIGFsaWduPSJjZW50ZXIiIHdpZHRoPSI2MDAiIGJvcmRlcj0iMCIgY2VsbHBhZGRpbmc9IjAiIGNlbGxzcGFjaW5nPSIwIiBiZ2NvbG9yPSIjRkZGRkZGIj4KPHRyPgo8dGQgYWxpZ249ImNlbnRlciIgdmFsaWduPSJib3R0b20iIGJnY29sb3I9IiNjY2NjY2MiPjxpbWcgc3JjPSJodHRwOi8vd3d3LnJha3V0ZW4ubmUuanAvZ29sZC9rdXJhc2hpa2Vua291L2dvcXN5c3RlbS82MDByYW5raW5ndGl0ZWwuZ2lmIiB3aWR0aD0iNjAwIiAvPjwvdGQ+CjwvdHI+CjwvdGFibGU+Cjx0YWJsZSBhbGlnbj0iY2VudGVyIiB3aWR0aD0iNTk2IiBib3JkZXI9IjAiIGNlbGxwYWRkaW5nPSIwIiBjZWxsc3BhY2luZz0iMCIgYmdjb2xvcj0iI0NDQ0NDQyIgc3R5bGU9ImJvcmRlci1sZWZ0OnNvbGlkO2JvcmRlci1sZWZ0LXdpZHRoOjFweDtib3JkZXItcmlnaHQ6c29saWQ7Ym9yZGVyLXJpZ2h0LXdpZHRoOjFweDtib3JkZXItYm90dG9tOnNvbGlkO2JvcmRlci1ib3R0b20td2lkdGg6MXB4O2JvcmRlci1jb2xvcjojQ0NDQ0NDOyI+Cjx0cj4KPHRkIGFsaWduPSJjZW50ZXIiIGJnY29sb3I9IiNGRkZGRkYiIHN0eWxlPSJvdmVyZmxvdzphdXRvOyI+Cgo8L3RkPgo8L3RyPgo8dHI+Cjx0ZCBhbGlnbj0icmlnaHQiIGJnY29sb3I9IiNGRkZGRkYiIHN0eWxlPSJwYWRkaW5nOjJweDsiPgo8aW1nIHNyYz0iaHR0cDovL3d3dy5yYWt1dGVuLm5lLmpwL2dvbGQva3VyYXNoaWtlbmtvdS9nb3FzeXN0ZW0vcG93ZXJlZF9ieV9iYW5uZXIuZ2lmIiB3aWR0aD0iMTI1IiAvPgo8L3RkPgo8L3RyPgo8L3RhYmxlPgo8L3RkPgo8L3RyPgo8L3RhYmxlPgo8IS0tR29RU3lzdGVt44Op44Oz44Kt44Oz44Kw6Ieq5YuV5pu05paw44OE44O844Or44Ov44Kk44OJLS0+CgoKPC9jZW50ZXI+,ZW5lcCA1NjAwbUFoIFVTQuOCv+OCpOODlyA1NmVwNDYx44O7NTZlcDQ2MuODuzU2ZXA0NjMg44OW44Op44OD44Kv44O744Ob44Ov44Kk44OI44O744Oe44K844Oz44K/44CQROOAkeOAkOmAgeaWmeeEoeaWmeOAke+8muaaruOCieOBl+WBpeW6t+ODjeODg+ODiOmkqA==,44Kt44OD44OB44Oz44OQ44K56Kq/55CG5Zmo5YW35rSX5Ymk44Kv44Oq44K544K/44Or44Ks44Kk44K244O8NTAwbWzmn5Tou5/liaTlrqTlhoXnianlubLjgZfnianlubLjgZflgaXlurfpo5/lk4HjgqLjgqTjg6rjgrnjgqrjg7zjg6Tjg57mjoPpmaTjg4/jg7Pjgqzjg7zmtJfmv6/lj47ntI3nsbPjg4DjgqTjgqjjg4Pjg4jmsLTjg4Djgqbjg4vjg7zjg5Xjg6njgqTjg5Hjg7PnibnojLZlbmVwIDU2MDBtQWggVVNC44K/44Kk44OXIDU2ZXA0NjHjg7s1NmVwNDYy44O7NTZlcDQ2MyDjg5bjg6njg4Pjgq/jg7vjg5vjg6/jgqTjg4jjg7vjg57jgrzjg7Pjgr/jgJBE44CR44CQ6YCB5paZ54Sh5paZ44CR,44CQ5YWo5Zu944Gp44GT44Gn44KC6YCB5paZ54Sh5paZ44CR44CCZW5lcCA1NjAwbUFoIFVTQuOCv+OCpOODlyA1NmVwNDYx44O7NTZlcDQ2MuODuzU2ZXA0NjMg44OW44Op44OD44Kv44O744Ob44Ov44Kk44OI44O744Oe44K844Oz44K/44CQROOAkeOAkOmAgeaWmeeEoeaWmeOAkQ==[rn]
3-47052,aHR0cDovL3RzaG9wLnIxMHMuanAva3VyYXNoaWtlbmtvdS9jYWJpbmV0L3Rhc3lhNi85NDY0MTA3LWFsbC1lLmpwZz9maXRpbj03MDA6NzAw,MjI3MS4yMDAw,,44K544Oe44O844OI44OV44Kp44Oz44O744K/44OW44Os44OD44OIID4g44OQ44OD44OG44Oq44O844O75YWF6Zu75ZmoID4g44Oi44OQ44Kk44Or44OQ44OD44OG44Oq44O8,ZW5lcCAyODAwbUFoIG1pY3JvVVNC44Kx44O844OW44Or77yLaVBob25lK2RvY29tby9zb2Z0YmFuaythdeOCouODgOODl+OCv+S7mCAyOExlcDQ4MeODuzI4TGVwNDgy44O7MjhMZXA0ODMg44OW44Op44OD44Kv44O744Ob44Ov44Kk44OI44O744Oe44K844Oz44K/44CQROOAkQ==,44CQ5YWo5Zu944Gp44GT44Gn44KC6YCB5paZ54Sh5paZ44CR,PGI+PGZvbnQgY29sb3I9IkRvZGdlckJsdWUiPuWQhOeormlQYWTjg7tpUGhvbmXjg7vjgrnjg57jg7zjg4jjg5Xjgqnjg7PjgpLnsKHljZjjgavlhYXpm7vlj6/og73vvIE8L2ZvbnQ+PC9iPjxicj4K44G+44Gf44CB5pC65biv6Zu76Kmx77yIZG9jb21vL1NvZnRiYW5rL2F177yJ44O75pC65biv44Ky44O844Og5qmf44KC5YWF6Zu75Y+v6IO944Gn44GZ4piGPGJyPgrigLvmkLrluK/jgrLjg7zjg6DmqZ/lhYXpm7vjgavjga/jgIHliKXpgJTlsILnlKjjgrPjg43jgq/jgr/jg7vjgqLjg4Djg5fjgr/jgYzlv4XopoHjgafjgZnjgII8YnI+CmlQaG9uZTXjgavjgoLlr77lv5zjgZfjgabjgYTjgb7jgZnjgII8YnI+CuKAu+OCs+ODjeOCr+OCv+OBr+OBiuWuouanmOOBjOOBiuaMgeOBoeOBruOCs+ODjeOCr+OCv+OCkuOBiuS9v+OBhOS4i+OBleOBhOOAgjxicj48YnI+Cgrjg7ttaWNyb1VTQuOCseODvOODluODq++8iDI1Y23vvInjgIFpUGhvbmXnlKjlpInmj5vjgqLjg4Djg5fjgr/jgIFkb2NvbW8vc29mdGJhbmsrYXXlpInmj5vjgqLjg4Djg5fjgr/jgYzku5jlsZ7jgZfjgb7jgZnjgII8YnI+CuODu+WFhembu+eKtuaFi+OBjOS4gOebruOBp+eiuuiqjeOBp+OBjeOCi0xFROODqeODs+ODl+OCkuaQrei8ieKZqjxicj4K44O75rW35aSW44Gn44KC44GK5L2/44GE6aCC44GR44G+44GZ44CC77yI4oC7QUMxMDBW772eMjQwViA1MC82MEh677yJPGJyPjxicj4KCuKXj+mbu+axoOWuuemHj++8mjMuN1YvMjgwMG1BaDxicj4K4peP5L2/55So6Zu75rGg77ya44Oq44OB44Km44Og44Kk44Kq44Oz6Zu75rGgPGJyPgril4/lh7rlipvvvJpEQzUuMFYvMS4wQTxicj4K4peP44K144Kk44Kv44Or5a+/5ZG977ya57SENTAw5ZuePGJyPgril4/llYblk4HjgrXjgqTjgrrvvIjntITvvInvvJrluYU3w5flpaXooYwyLjLDl+mrmOOBlTQuMmNtPGJyPgril4/ph43ph4/vvJrntIQ3Mmc8YnI+CuKXj+S7mOWxnuWTgTxicj4KIOOAgG1pY3JvVVNC44Kx44O844OW44Or77yIMjVjbe+8iTxicj4KIOOAgGlQaG9uZeeUqOWkieaPm+OCouODgOODl+OCvzxicj4KIOOAgGRvY29tby9zb2Z0YmFuaythdeWkieaPm+OCouODgOODl+OCvwoKPGJyPjxicj48Yj7ihpPihpPplqLpgKPllYblk4Hjga/jgZPjgaHjgonimarimao8L2I+PGJyPgo8Yj7imIVlbmVwIHN0aWNrIDI4MDBtQWggMjhlczI2NSDlhagz6ImyPC9iPjxicj4KPGI+4piFZW5lcCBzdGljayAyMjAwbUFoIGZvciBpUGhvbmUgbWljcm9VU0LjgrHjg7zjg5bjg6vvvItpUGhvbmXjgqLjg4Djg5fjgr/ku5ggMjJlc2kzMDUg5YWoM+iJsjwvYj48YnI+CjxiPuKYhWVuZXAgc3RpY2sgMjIwMG1BaCBtaWNyb1VTQuOCseODvOODluODq+S7mCAyMmVzczI1NSDlhagz6ImyPC9iPjxicj4KPGI+4piFZXB1IGlQb3dlckJhbmsgODAwMG1BaCBtaWNyb1VTQuOCseODvOODluODq+S7mCBlcHU4QTcyMSDlhagz6ImyPC9iPjxicj4KPGI+4piFZXB1IGlQb3dlckJhbmsgNDAwMG1BaCBlcHU0QTMwMSDlhagz6ImyPC9iPjxicj4KPGI+4piFZW5lcCA1NjAwbUFoIG1pY3JvVVNC44Kx44O844OW44Or77yLaVBob25l44Ki44OA44OX44K/5LuYIDU2TGVwNDUxIOWFqDPoibI8L2I+PGJyPgo8Yj7imIVlbmVwIDU2MDBtQWggVVNC44K/44Kk44OXIDU2ZXA0NjEg5YWoM+iJsjwvYj48YnI+CjxiPuKYhWVuZXAgNDQwMG1BaCBtaWNyb1VTQuOCseODvOODluODq++8i2lQaG9uZeOCouODgOODl+OCv+S7mCA0NExlcDQ3MSDlhagz6ImyPC9iPjxicj4KPGI+4piFZW5lcCAyODAwbUFoIG1pY3JvVVNC44Kx44O844OW44Or77yLaVBob25lK2RvY29tby9zb2Z0YmFuaythdeOCouODgOODl+OCv+S7mCAyOExlcDQ4MSDlhagz6ImyPC9iPjxicj4KPGI+4piFZW5lcCAyMjAwbUFoIG1pY3JvVVNC44Kx44O844OW44Or5LuYIDIyTGVwNDkxIOWFqDPoibI8L2I+PGJyPjxjZW50ZXI+CgoKCjwhLS1Hb1FTeXN0ZW3jg6njg7Pjgq3jg7PjgrDoh6rli5Xmm7TmlrDjg4Tjg7zjg6vjg6/jgqTjg4ktLT4KPHRhYmxlIGFsaWduPSJjZW50ZXIiIHdpZHRoPSI2MDAiIGJvcmRlcj0iMCIgY2VsbHBhZGRpbmc9IjAiIGNlbGxzcGFjaW5nPSIwIiBiZ2NvbG9yPSIjRkZGRkZGIj4KPHRyPgo8dGQ+Cjx0YWJsZSBhbGlnbj0iY2VudGVyIiB3aWR0aD0iNjAwIiBib3JkZXI9IjAiIGNlbGxwYWRkaW5nPSIwIiBjZWxsc3BhY2luZz0iMCIgYmdjb2xvcj0iI0ZGRkZGRiI+Cjx0cj4KPHRkIGFsaWduPSJjZW50ZXIiIHZhbGlnbj0iYm90dG9tIiBiZ2NvbG9yPSIjY2NjY2NjIj48aW1nIHNyYz0iaHR0cDovL3d3dy5yYWt1dGVuLm5lLmpwL2dvbGQva3VyYXNoaWtlbmtvdS9nb3FzeXN0ZW0vNjAwcmFua2luZ3RpdGVsLmdpZiIgd2lkdGg9IjYwMCIgLz48L3RkPgo8L3RyPgo8L3RhYmxlPgo8dGFibGUgYWxpZ249ImNlbnRlciIgd2lkdGg9IjU5NiIgYm9yZGVyPSIwIiBjZWxscGFkZGluZz0iMCIgY2VsbHNwYWNpbmc9IjAiIGJnY29sb3I9IiNDQ0NDQ0MiIHN0eWxlPSJib3JkZXItbGVmdDpzb2xpZDtib3JkZXItbGVmdC13aWR0aDoxcHg7Ym9yZGVyLXJpZ2h0OnNvbGlkO2JvcmRlci1yaWdodC13aWR0aDoxcHg7Ym9yZGVyLWJvdHRvbTpzb2xpZDtib3JkZXItYm90dG9tLXdpZHRoOjFweDtib3JkZXItY29sb3I6I0NDQ0NDQzsiPgo8dHI+Cjx0ZCBhbGlnbj0iY2VudGVyIiBiZ2NvbG9yPSIjRkZGRkZGIiBzdHlsZT0ib3ZlcmZsb3c6YXV0bzsiPgoKPC90ZD4KPC90cj4KPHRyPgo8dGQgYWxpZ249InJpZ2h0IiBiZ2NvbG9yPSIjRkZGRkZGIiBzdHlsZT0icGFkZGluZzoycHg7Ij4KPGltZyBzcmM9Imh0dHA6Ly93d3cucmFrdXRlbi5uZS5qcC9nb2xkL2t1cmFzaGlrZW5rb3UvZ29xc3lzdGVtL3Bvd2VyZWRfYnlfYmFubmVyLmdpZiIgd2lkdGg9IjEyNSIgLz4KPC90ZD4KPC90cj4KPC90YWJsZT4KPC90ZD4KPC90cj4KPC90YWJsZT4KPCEtLUdvUVN5c3RlbeODqeODs+OCreODs+OCsOiHquWLleabtOaWsOODhOODvOODq+ODr+OCpOODiS0tPgoKCjwvY2VudGVyPg==,ZW5lcCAyODAwbUFoIG1pY3JvVVNC44Kx44O844OW44Or77yLaVBob25lK2RvY29tby9zb2Z0YmFuaythdeOCouODgOODl+OCv+S7mCAyOExlcDQ4MeODuzI4TGVwNDgy44O7MjhMZXA0ODMg44OW44Op44OD44Kv44O744Ob44Ov44Kk44OI44O744Oe44K844Oz44K/44CQROOAke+8muaaruOCieOBl+WBpeW6t+ODjeODg+ODiOmkqA==,44Kt44OD44OB44Oz44OQ44K56Kq/55CG5Zmo5YW35rSX5Ymk44Kv44Oq44K544K/44Or44Ks44Kk44K244O8NTAwbWzmn5Tou5/liaTlrqTlhoXnianlubLjgZfnianlubLjgZflgaXlurfpo5/lk4HjgqLjgqTjg6rjgrnjgqrjg7zjg6Tjg57mjoPpmaTjg4/jg7Pjgqzjg7zmtJfmv6/lj47ntI3nsbPjg4DjgqTjgqjjg4Pjg4jmsLTjg4Djgqbjg4vjg7zjg5Xjg6njgqTjg5Hjg7PnibnojLZlbmVwIDI4MDBtQWggbWljcm9VU0LjgrHjg7zjg5bjg6vvvItpUGhvbmUrZG9jb21vL3NvZnRiYW5rK2F144Ki44OA44OX44K/5LuYIDI4TGVwNDgx44O7MjhMZXA0ODLjg7syOExlcDQ4MyDjg5bjg6njg4Pjgq/jg7vjg5vjg6/jgqTjg4jjg7vjg57jgrzjg7Pjgr/jgJBE44CR,44CQ5YWo5Zu944Gp44GT44Gn44KC6YCB5paZ54Sh5paZ44CR44CCZW5lcCAyODAwbUFoIG1pY3JvVVNC44Kx44O844OW44Or77yLaVBob25lK2RvY29tby9zb2Z0YmFuaythdeOCouODgOODl+OCv+S7mCAyOExlcDQ4MeODuzI4TGVwNDgy44O7MjhMZXA0ODMg44OW44Op44OD44Kv44O744Ob44Ov44Kk44OI44O744Oe44K844Oz44K/44CQROOAkQ==[rn]
3-47053,aHR0cDovL3RzaG9wLnIxMHMuanAva3VyYXNoaWtlbmtvdS9jYWJpbmV0L3Rhc3lhNi85NDY0MTA0LWFsbC1lLmpwZz9maXRpbj03MDA6NzAw,MzAzMi44MDAw,,44K544Oe44O844OI44OV44Kp44Oz44O744K/44OW44Os44OD44OIID4g44OQ44OD44OG44Oq44O844O75YWF6Zu75ZmoID4g44Oi44OQ44Kk44Or44OQ44OD44OG44Oq44O8,ZW5lcCA0NDAwbUFoIG1pY3JvVVNC44Kx44O844OW44Or77yLaVBob25l44Ki44OA44OX44K/5LuYIDQ0TGVwNDcx44O7NDRMZXA0NzLjg7s0NExlcDQ3MyDjg5bjg6njg4Pjgq/jg7vjg5vjg6/jgqTjg4jjg7vjg57jgrzjg7Pjgr/jgJBE44CR44CQ6YCB5paZ54Sh5paZ44CR,44CQ5YWo5Zu944Gp44GT44Gn44KC6YCB5paZ54Sh5paZ44CR,PGI+PGZvbnQgY29sb3I9IkRvZGdlckJsdWUiPuWQhOeormlQYWTjg7tpUGhvbmXjg7vjgrnjg57jg7zjg4jjg5Xjgqnjg7PjgpLnsKHljZjjgavlhYXpm7vlj6/og73vvIE8L2ZvbnQ+PC9iPjxicj4K44G+44Gf44CB5pC65biv6Zu76Kmx77yIZG9jb21vL1NvZnRiYW5rL2F177yJ44O75pC65biv44Ky44O844Og5qmf44KC5YWF6Zu75Y+v6IO944Gn44GZ4piGPGJyPgrigLvliKXpgJTlsILnlKjjgrPjg43jgq/jgr/jg7vjgqLjg4Djg5fjgr/jgYzlv4XopoHjgafjgZnjgII8YnI+CmlQaG9uZTXjgavjgoLlr77lv5zjgZfjgabjgYTjgb7jgZnjgII8YnI+CuKAu+OCs+ODjeOCr+OCv+OBr+OBiuWuouanmOOBjOOBiuaMgeOBoeOBruOCs+ODjeOCr+OCv+OCkuOBiuS9v+OBhOS4i+OBleOBhOOAgjxicj48YnI+Cgo8Yj48Zm9udCBjb2xvcj0iRG9kZ2VyQmx1ZSI+5L6/5Yip44GqMuODneODvOODiOOCv+OCpOODl++8gTwvZm9udD48L2I+PGJyPgoy5Y+w5ZCM5pmC5YWF6Zu744KC5Y+v6IO944GqMuODneODvOODiOOCv+OCpOODl+KYhiA8YnI+PGJyPgoK44O7bWljcm9VU0LjgrHjg7zjg5bjg6vvvIgyNWNt77yJ44CBaVBob25l55So5aSJ5o+b44Ki44OA44OX44K/44GM5LuY5bGe44GX44G+44GZ44CCPGJyPgrjg7vlhYXpm7vnirbmhYvjgYzkuIDnm67jgafnorroqo3jgafjgY3jgotMRUTjg6njg7Pjg5fjgpLmkK3ovInimao8YnI+CuODu+a1t+WkluOBp+OCguOBiuS9v+OBhOmgguOBkeOBvuOBmeOAgu+8iOKAu0FDMTAwVu+9njI0MFYgNTAvNjBIeu+8iTxicj48YnI+Cgril4/pm7vmsaDlrrnph4/vvJozLjdWLzQ0MDBtQWg8YnI+CuKXj+S9v+eUqOmbu+axoO+8muODquODgeOCpuODoOOCpOOCquODs+mbu+axoDxicj4K4peP5Ye65Yqb77yaREM1LjBWLzIuMkHvvIgy44Od44O844OI5ZCI6KiI77yJPGJyPgril4/jgrXjgqTjgq/jg6vlr7/lkb3vvJrntIQ1MDDlm548YnI+CuKXj+WVhuWTgeOCteOCpOOCuu+8iOe0hO+8ie+8muW5hTfDl+WlpeihjDIuMsOX6auY44GVNS42Y208YnI+CuKXj+mHjemHj++8mue0hDExNWc8YnI+CuKXj+S7mOWxnuWTge+8mm1pY3JvVVNC44Kx44O844OW44Or77yIMjVjbe+8ieOAgWlQaG9uZeeUqOWkieaPm+OCouODgOODl+OCvwoKPGJyPjxicj48Yj7ihpPihpPplqLpgKPllYblk4Hjga/jgZPjgaHjgonimarimao8L2I+PGJyPgo8Yj7imIVlbmVwIHN0aWNrIDI4MDBtQWggMjhlczI2NSDlhagz6ImyPC9iPjxicj4KPGI+4piFZW5lcCBzdGljayAyMjAwbUFoIGZvciBpUGhvbmUgbWljcm9VU0LjgrHjg7zjg5bjg6vvvItpUGhvbmXjgqLjg4Djg5fjgr/ku5ggMjJlc2kzMDUg5YWoM+iJsjwvYj48YnI+CjxiPuKYhWVuZXAgc3RpY2sgMjIwMG1BaCBtaWNyb1VTQuOCseODvOODluODq+S7mCAyMmVzczI1NSDlhagz6ImyPC9iPjxicj4KPGI+4piFZXB1IGlQb3dlckJhbmsgODAwMG1BaCBtaWNyb1VTQuOCseODvOODluODq+S7mCBlcHU4QTcyMSDlhagz6ImyPC9iPjxicj4KPGI+4piFZXB1IGlQb3dlckJhbmsgNDAwMG1BaCBlcHU0QTMwMSDlhagz6ImyPC9iPjxicj4KPGI+4piFZW5lcCA1NjAwbUFoIG1pY3JvVVNC44Kx44O844OW44Or77yLaVBob25l44Ki44OA44OX44K/5LuYIDU2TGVwNDUxIOWFqDPoibI8L2I+PGJyPgo8Yj7imIVlbmVwIDU2MDBtQWggVVNC44K/44Kk44OXIDU2ZXA0NjEg5YWoM+iJsjwvYj48YnI+CjxiPuKYhWVuZXAgNDQwMG1BaCBtaWNyb1VTQuOCseODvOODluODq++8i2lQaG9uZeOCouODgOODl+OCv+S7mCA0NExlcDQ3MSDlhagz6ImyPC9iPjxicj4KPGI+4piFZW5lcCAyODAwbUFoIG1pY3JvVVNC44Kx44O844OW44Or77yLaVBob25lK2RvY29tby9zb2Z0YmFuaythdeOCouODgOODl+OCv+S7mCAyOExlcDQ4MSDlhagz6ImyPC9iPjxicj4KPGI+4piFZW5lcCAyMjAwbUFoIG1pY3JvVVNC44Kx44O844OW44Or5LuYIDIyTGVwNDkxIOWFqDPoibI8L2I+PGJyPjxjZW50ZXI+CgoKCjwhLS1Hb1FTeXN0ZW3jg6njg7Pjgq3jg7PjgrDoh6rli5Xmm7TmlrDjg4Tjg7zjg6vjg6/jgqTjg4ktLT4KPHRhYmxlIGFsaWduPSJjZW50ZXIiIHdpZHRoPSI2MDAiIGJvcmRlcj0iMCIgY2VsbHBhZGRpbmc9IjAiIGNlbGxzcGFjaW5nPSIwIiBiZ2NvbG9yPSIjRkZGRkZGIj4KPHRyPgo8dGQ+Cjx0YWJsZSBhbGlnbj0iY2VudGVyIiB3aWR0aD0iNjAwIiBib3JkZXI9IjAiIGNlbGxwYWRkaW5nPSIwIiBjZWxsc3BhY2luZz0iMCIgYmdjb2xvcj0iI0ZGRkZGRiI+Cjx0cj4KPHRkIGFsaWduPSJjZW50ZXIiIHZhbGlnbj0iYm90dG9tIiBiZ2NvbG9yPSIjY2NjY2NjIj48aW1nIHNyYz0iaHR0cDovL3d3dy5yYWt1dGVuLm5lLmpwL2dvbGQva3VyYXNoaWtlbmtvdS9nb3FzeXN0ZW0vNjAwcmFua2luZ3RpdGVsLmdpZiIgd2lkdGg9IjYwMCIgLz48L3RkPgo8L3RyPgo8L3RhYmxlPgo8dGFibGUgYWxpZ249ImNlbnRlciIgd2lkdGg9IjU5NiIgYm9yZGVyPSIwIiBjZWxscGFkZGluZz0iMCIgY2VsbHNwYWNpbmc9IjAiIGJnY29sb3I9IiNDQ0NDQ0MiIHN0eWxlPSJib3JkZXItbGVmdDpzb2xpZDtib3JkZXItbGVmdC13aWR0aDoxcHg7Ym9yZGVyLXJpZ2h0OnNvbGlkO2JvcmRlci1yaWdodC13aWR0aDoxcHg7Ym9yZGVyLWJvdHRvbTpzb2xpZDtib3JkZXItYm90dG9tLXdpZHRoOjFweDtib3JkZXItY29sb3I6I0NDQ0NDQzsiPgo8dHI+Cjx0ZCBhbGlnbj0iY2VudGVyIiBiZ2NvbG9yPSIjRkZGRkZGIiBzdHlsZT0ib3ZlcmZsb3c6YXV0bzsiPgoKPC90ZD4KPC90cj4KPHRyPgo8dGQgYWxpZ249InJpZ2h0IiBiZ2NvbG9yPSIjRkZGRkZGIiBzdHlsZT0icGFkZGluZzoycHg7Ij4KPGltZyBzcmM9Imh0dHA6Ly93d3cucmFrdXRlbi5uZS5qcC9nb2xkL2t1cmFzaGlrZW5rb3UvZ29xc3lzdGVtL3Bvd2VyZWRfYnlfYmFubmVyLmdpZiIgd2lkdGg9IjEyNSIgLz4KPC90ZD4KPC90cj4KPC90YWJsZT4KPC90ZD4KPC90cj4KPC90YWJsZT4KPCEtLUdvUVN5c3RlbeODqeODs+OCreODs+OCsOiHquWLleabtOaWsOODhOODvOODq+ODr+OCpOODiS0tPgoKCjwvY2VudGVyPg==,ZW5lcCA0NDAwbUFoIG1pY3JvVVNC44Kx44O844OW44Or77yLaVBob25l44Ki44OA44OX44K/5LuYIDQ0TGVwNDcx44O7NDRMZXA0NzLjg7s0NExlcDQ3MyDjg5bjg6njg4Pjgq/jg7vjg5vjg6/jgqTjg4jjg7vjg57jgrzjg7Pjgr/jgJBE44CR44CQ6YCB5paZ54Sh5paZ44CR77ya5pqu44KJ44GX5YGl5bq344ON44OD44OI6aSo,44Kt44OD44OB44Oz44OQ44K56Kq/55CG5Zmo5YW35rSX5Ymk44Kv44Oq44K544K/44Or44Ks44Kk44K244O8NTAwbWzmn5Tou5/liaTlrqTlhoXnianlubLjgZfnianlubLjgZflgaXlurfpo5/lk4HjgqLjgqTjg6rjgrnjgqrjg7zjg6Tjg57mjoPpmaTjg4/jg7Pjgqzjg7zmtJfmv6/lj47ntI3nsbPjg4DjgqTjgqjjg4Pjg4jmsLTjg4Djgqbjg4vjg7zjg5Xjg6njgqTjg5Hjg7PnibnojLZlbmVwIDQ0MDBtQWggbWljcm9VU0LjgrHjg7zjg5bjg6vvvItpUGhvbmXjgqLjg4Djg5fjgr/ku5ggNDRMZXA0NzHjg7s0NExlcDQ3MuODuzQ0TGVwNDczIOODluODqeODg+OCr+ODu+ODm+ODr+OCpOODiOODu+ODnuOCvOODs+OCv+OAkETjgJHjgJDpgIHmlpnnhKHmlpnjgJE=,44CQ5YWo5Zu944Gp44GT44Gn44KC6YCB5paZ54Sh5paZ44CR44CCZW5lcCA0NDAwbUFoIG1pY3JvVVNC44Kx44O844OW44Or77yLaVBob25l44Ki44OA44OX44K/5LuYIDQ0TGVwNDcx44O7NDRMZXA0NzLjg7s0NExlcDQ3MyDjg5bjg6njg4Pjgq/jg7vjg5vjg6/jgqTjg4jjg7vjg57jgrzjg7Pjgr/jgJBE44CR44CQ6YCB5paZ54Sh5paZ44CR[rn]
3-47054,aHR0cDovL3RzaG9wLnIxMHMuanAvaG90cm9hZHBhcnRzL2NhYmluZXQvMTMwOC83MTMwODA4NTAyXzEuanBnP2ZpdGluPTcwMDo3MDA=,OTUyLjAwMDA=,,44K544Oe44O844OI44OV44Kp44Oz44O744K/44OW44Os44OD44OIID4g44OQ44OD44OG44Oq44O844O75YWF6Zu75ZmoID4g44Oi44OQ44Kk44Or44OQ44OD44OG44Oq44O8,44Of44Op44Oq44O844OJIDLpgKPjgr3jgrHjg4Pjg4gmVVNCeDIg44K544Oe44ObIGlwaG9uZSBpcGFk562J44Gu5YWF6Zu744GrIFVTQuacgOWkp+WHuuWKmzJBIFNUMTMtMDUv,,5YWF6Zu755SoVVNCMuODneODvOODiOOBqDLpgKPjgr3jgrHjg4Pjg4jjgYzjgrvjg5Hjg6zjg7zjg4jjgZfjgZ/lu7bplbfjgr3jgrHjg4Pjg4jjgafjgZk8YnI+PGJyPlVTQuODneODvOODiOOBrzLlj7DlkIzmmYLlhYXpm7vjgYzjgafjgY3jgIHmnIDlpKfoqLHlrrnpm7vmtYHlgKQyLjFB44GnPGJyPmlQYWTjgarjganjga7jgr/jg5bjg6zjg4Pjg4jjgoLlhYXpm7vlj6/og73jgafjgZk8YnI+PGJyPlVTQuWFhembu+OCkuOBl+OBquOBjOOCieOAgeS7luOBrkRD6Zu75rqQ5qmf5Zmo44KSMuOCs+S9v+eUqOOBp+OBjeOBvuOBmTxicj48YnI+6YCa6Zu756K66KqN44GM5Y+v6IO944GqTEVE44Oi44OL44K/44Op44Oz44OX5LuY44GNPGJyPjxicj4xMEHjg5Ljg6Xjg7zjgrrlhoXolLXjga7lronlhajoqK3oqIg8YnI+PGJyPuOCs+ODvOODiemVt++8mue0hDFtPCEtLSDjgZPjgZPjgYvjgolH44Op44Oz44Kt44Oz44KwIC0tPgo8IS0tCjxkaXYgc3R5bGU9ImhlaWdodDozNTVweDsgd2lkdGg6Njc0cHg7IG92ZXJmbG93OmhpZGRlbjsgbWFyZ2luLWJvdHRvbToxNXB4OyBtYXJnaW4tdG9wOi0yMHB4OyBwYWRkaW5nOjAiPgo8YnIgLz4KPC9kaXY+Ci0tPgoKPCEtLSDjgZPjgZPjgb7jgadH44Op44Oz44Kt44Oz44KwIC0tPgo8IS0tIOOBk+OBk+OBi+OCiSDjg6rjgqLlj5cgLS0+CjxkaXYgc3R5bGU9IndpZHRoOjY3NHB4OyBoZWlnaHQ6MzBweDsgYmFja2dyb3VuZC1pbWFnZTp1cmwoJ2h0dHA6Ly93d3cucmFrdXRlbi5uZS5qcC9nb2xkL2hvdHJvYWRwYXJ0cy9vcmRlcnMvYm5ybC5qcGcnKTsgYmFja2dyb3VuZC1yZXBlYXQ6IG5vLXJlcGVhdDsiIGFsaWduPSJjZW50ZXIiPgogIDxwIHN0eWxlPSJjb2xvcjojNTQ1RDdDOyBmb250LXNpemU6MjBweDsgZm9udC1mYW1pbHk6J+ODkuODqeOCruODjuinkuOCtCBQcm8gVzMnLCAnSGlyYWdpbm8gS2FrdSBHb3RoaWMgUHJvJywgJ+ODoeOCpOODquOCqicsIE1laXJ5bywgT3Nha2EsICfvvK3vvLMg77yw44K044K344OD44KvJywgJ01TIFBHb3RoaWMnLCBzYW5zLXNlcmlmOyBmb250LXdlaWdodDpib2xkOyBtYXJnaW46MDsgbGluZS1oZWlnaHQ6MzBweDsgdGV4dC1hbGlnbjpsZWZ0OyBwYWRkaW5nLWxlZnQ6MzVweCI+VGhhbmtzIEZvciBZb3VyIE9yZGVyczwvcD48L2Rpdj4KICA8ZGl2IHN0eWxlPSJiYWNrZ3JvdW5kLWNvbG9yOiNGRkZGRkY7IHdpZHRoOjY3MnB4OyBtYXJnaW4tYm90dG9tOjE1cHg7IHBhZGRpbmc6MDsgaGVpZ2h0OjM0NXB4OyBvdmVyZmxvdzpoaWRkZW47IGJvcmRlcjoxcHggc29saWQgIzY2NjY2NjsiPgoKPC9kaXY+CjwhLS0g44GT44GT44G+44GnIOODquOCouWPlyAtLT4KPCEtLSDjgZPjgZPjgYvjgokg44Oq44Ki44Kz44OhIC0tPgo8ZGl2IHN0eWxlPSJ3aWR0aDo2NzRweDsgaGVpZ2h0OjMwcHg7IGJhY2tncm91bmQtaW1hZ2U6dXJsKCdodHRwOi8vd3d3LnJha3V0ZW4ubmUuanAvZ29sZC9ob3Ryb2FkcGFydHMvb3JkZXJzL2JucmwuanBnJyk7IGJhY2tncm91bmQtcmVwZWF0OiBuby1yZXBlYXQ7IiBhbGlnbj0iY2VudGVyIj4KICA8cCBzdHlsZT0iY29sb3I6IzU0NUQ3QzsgZm9udC1zaXplOjIwcHg7IGZvbnQtZmFtaWx5Oifjg5Ljg6njgq7jg47op5LjgrQgUHJvIFczJywgJ0hpcmFnaW5vIEtha3UgR290aGljIFBybycsICfjg6HjgqTjg6rjgqonLCBNZWlyeW8sIE9zYWthLCAn77yt77yzIO+8sOOCtOOCt+ODg+OCrycsICdNUyBQR290aGljJywgc2Fucy1zZXJpZjsgZm9udC13ZWlnaHQ6Ym9sZDsgbWFyZ2luOjA7IGxpbmUtaGVpZ2h0OjMwcHg7IHRleHQtYWxpZ246bGVmdDsgcGFkZGluZy1sZWZ0OjM1cHgiPlJldmlld3MgT2YgT3VyIENvbnN1bWVyczwvcD48L2Rpdj4KICA8ZGl2IHN0eWxlPSJiYWNrZ3JvdW5kLWNvbG9yOiNGRkZGRkY7IHdpZHRoOjY3MnB4OyBtYXJnaW4tYm90dG9tOjE1cHg7IHBhZGRpbmc6MDsgaGVpZ2h0OjM3MHB4OyBvdmVyZmxvdzpoaWRkZW47IGJvcmRlcjoxcHggc29saWQgIzY2NjY2NjsiPgoKPC9kaXY+CjwhLS0g44GT44GT44G+44GnIOODquOCouOCs+ODoSAtLT4KCgo8dGFibGUgd2lkdGg9IjY4MCIgYm9yZGVyPSIwIiBjZWxscGFkZGluZz0iMiIgY2VsbHNwYWNpbmc9IjAiPgo8dHI+Cjx0ZCBhbGlnbj0iY2VudGVyIj48aW1nIHNyYz0iaHR0cDovL2ltYWdlLnJha3V0ZW4uY28uanAvaG90cm9hZHBhcnRzL2NhYmluZXQvYmFubmVyLzIwMTMwNDI5XzAwOC5qcGciIHdpZHRoPSIzMzYiIGhlaWdodD0iNzAiIGJvcmRlcj0iMCI+PC90ZD4KPHRkIGNvbHNwYW49IjIiIGFsaWduPSJjZW50ZXIiPjxpbWcgc3JjPSJodHRwOi8vaW1hZ2UucmFrdXRlbi5jby5qcC9ob3Ryb2FkcGFydHMvY2FiaW5ldC9iYW5uZXIvMjAxMzA0MjlfMDA3LmpwZyIgd2lkdGg9IjMzNiIgaGVpZ2h0PSI3MCIgYm9yZGVyPSIwIj48L3RkPgo8L3RyPgo8dHI+Cjx0ZCBhbGlnbj0iY2VudGVyIj48aW1nIHNyYz0iaHR0cDovL2ltYWdlLnJha3V0ZW4uY28uanAvaG90cm9hZHBhcnRzL2NhYmluZXQvYmFubmVyLzIwMTMwNDI5XzAwNi5qcGciIHdpZHRoPSIzMzYiIGhlaWdodD0iNzAiIGJvcmRlcj0iMCI+PC90ZD4KPHRkIGNvbHNwYW49IjIiIGFsaWduPSJjZW50ZXIiPjxpbWcgc3JjPSJodHRwOi8vaW1hZ2UucmFrdXRlbi5jby5qcC9ob3Ryb2FkcGFydHMvY2FiaW5ldC9iYW5uZXIvMjAxMzA0MjlfMDA1LmpwZyIgd2lkdGg9IjMzNiIgaGVpZ2h0PSI3MCIgYm9yZGVyPSIwIj48L3RkPgo8L3RyPgo8L3RhYmxlPg==,44Of44Op44Oq44O844OJIDLpgKPjgr3jgrHjg4Pjg4gmYW1wO1VTQngyIOOCueODnuODmyBpcGhvbmUgaXBhZOetieOBruWFhembu+OBqyBVU0LmnIDlpKflh7rlipsyQSBTVDEzLTA1L++8muOCq+ODvOeUqOWTgemAmuiyqeOBruODm+ODg+ODiOODreODvOODieODkeODvOODhA==,44Of44Op44Oq44O844OJIDLpgKPjgr3jgrHjg4Pjg4gmYW1wO1VTQngyIOOCueODnuODmyBpcGhvbmUgaXBhZOetieOBruWFhembu+OBqyBVU0LmnIDlpKflh7rlipsyQSBTVDEzLTA1Lw==,44Of44Op44Oq44O844OJIDLpgKPjgr3jgrHjg4Pjg4gmYW1wO1VTQngyIOOCueODnuODmyBpcGhvbmUgaXBhZOetieOBruWFhembu+OBqyBVU0LmnIDlpKflh7rlipsyQSBTVDEzLTA1Lw==[rn]
3-47055,aHR0cDovL3RzaG9wLnIxMHMuanAvYWtpYmFtYWMvY2FiaW5ldC8wNTA1MDczOS80NTczNDI0MjQwMDQ5LmpwZz9maXRpbj03MDA6NzAw,MjM4NC4wMDAw,,44K544Oe44O844OI44OV44Kp44Oz44O744K/44OW44Os44OD44OIID4g44OQ44OD44OG44Oq44O844O75YWF6Zu75ZmoID4g44Oi44OQ44Kk44Or44OQ44OD44OG44Oq44O8,44Oq44O844OA44O844Oh44OH44Kj44Ki44OG44Kv44OO44K/44OW44Os44OD44OI77yP44K544Oe44O844OI44OV44Kp44Oz5a++5b+c77y7bWljcm8gVVNC77yPVVNC57Wm6Zu777y9IFVTQuODouODkOOCpOODq+ODkOODg+ODhuODquODvCDvvIttaWNybyBVU0LjgrHjg7zjg5bjg6sgMzVjbSAyLjRBIO+8iDgwMDBtQWjjg7sy44Od44O844OI44O744OW44Op44OD44Kv77yJIEtFLU04QiAoS0VNOEIp,,PHRhYmxlIGJvcmRlcj0iMCIgY2VsbHBhZGRpbmc9IjAiIGNlbGxzcGFjaW5nPSIwIiB3aWR0aD0iNzEwIiBzdHlsZT0ibGluZS1oZWlnaHQ6MTQwJTsiPjx0cj48dGQ+PGZvbnQgc2l6ZT0iMiI+44CU44K/44OW44Os44OD44OI77yP44K544Oe44O844OI44OV44Kp44Oz5a++5b+c77y7bWljcm8gVVNC77yPVVNC57Wm6Zu777y977ya44Oi44OQ44Kk44Or44OQ44OD44OG44Oq44O877yIVVNC6JOE6Zu777yJ77yLbWljcm8gVVNC44Kx44O844OW44OrIOWFhembu+OAlTxicj5LZWxsbmVyIDgwMDBtQWgg44Oq44OB44Km44Og44Oi44OQ44Kk44Or44OQ44OD44OG44Oq44O844CCPGJyPjxicj7ilqAgMuODneODvOODiOOAjOOCueODnuODvOODiElD44CN5pCt6LyJPGJyPuKWoCAy5Y+w44KS5ZCM5pmC44Gr5oCl6YCf5YWF6Zu7PGJyPuKWoCDlm57ot6/kv53orbfjgaflronlv4M8YnI+4pagIOOCueODnuODvOODiOODleOCqeODs+e0hDPlm57jg5Xjg6vlhYXpm7s8YnI+4pagIOmbu+axoOaui+mHj+OBjOS4gOebruOBp+OCj+OBi+OCizxicj7ilqAg44K544Oq44Og6Kit6KiIPGJyPjxicj7jgJDoo73lk4Hku5Xmp5jjgJE8YnI+4pagIOS7mOWxnuWTge+8mm1pY3JvIFVTQuOCseODvOODluODqzM1Y208YnI+4pagIOacrOS9k+OCteOCpOOCuu+8mjE0LjZ4Ny44eDEuM2NtPGJyPuKWoCDmnKzkvZPph43ph4/vvJrntIQxODNnPGJyPuKWoCDjg5Djg4Pjg4bjg6rjg7zvvJrjg6rjg4Hjgqbjg6Djg53jg6rjg57jg7w8YnI+4pagIOWuuemHj++8mjgwMDBtQWg8YnI+4pagIOWHuuWKm++8mjVWLzFB44CBNVYvMi40QeOAgOKAuzHjg53jg7zjg4jjga7jgb/kvb/nlKjjgZfjgZ/loLTlkIhtYXggMi4yQeOBqG1heCAyLjRBPGJyPuKWoCDlhaXlipvvvJo1Vi8yQTxicj7ilqAg5pys5L2T5YWF6Zu75pmC6ZaT77ya5pyA55+tIDbmmYLplpPCsTMw5YiGIOKAuzJBIFVTQuOCouODgOODl+OCv+ODvOS9v+eUqOaZguOBruWPguiAg+aZgumWk+OAguOBlOS9v+eUqOeSsOWig+OBq+OCiOOBo+OBpuWFhembu+aZgumWk+OBr+eVsOOBquOCiuOBvuOBmeOAguOAgDxicj7ilqAg5L+d6K235Zue6Lev77ya6YGO5YWF6Zu7L+mBjuaUvumbuy/pgY7nhrEv6YGO6Zu75rWBL+efree1oeS/neitt+Wbnui3ryDlhoXolLU8YnI+4pagIOWFhembu+aZguawl+a4qe+8mjDihIPvvZ7vvIs0NeKEgzxicj48YnI+PC9mb250PjwvdGQ+PC90cj48L3RhYmxlPjx0YWJsZSBjZWxsc3BhY2luZz0iMCIgY2VsbHBhZGRpbmc9IjQiIGJvcmRlcj0iMSIgd2lkdGg9IjcxMCIgYm9yZGVyY29sb3I9IiNjY2NjY2MiPjx0cj48dGQgd2lkdGg9IjE4MCIgYmdjb2xvcj0iI2VmZWZlZiI+PGZvbnQgc2l6ZT0iMiI+5o6l57aa56uv5a2QPC9mb250PjwvdGQ+PHRkIHdpZHRoPSI1MzAiPjxmb250IHNpemU9IjIiPm1pY3JvIFVTQu+8j1VTQue1pumbuzwvZm9udD48L3RkPjwvdHI+PHRyPjx0ZCB3aWR0aD0iMTgwIiBiZ2NvbG9yPSIjZWZlZmVmIj48Zm9udCBzaXplPSIyIj7oibI8L2ZvbnQ+PC90ZD48dGQgd2lkdGg9IjUzMCI+PGZvbnQgc2l6ZT0iMiI+44OW44Op44OD44Kv57O7PC9mb250PjwvdGQ+PC90cj48dHI+PHRkIHdpZHRoPSIxODAiIGJnY29sb3I9IiNlZmVmZWYiPjxmb250IHNpemU9IjIiPuODneODvOODiOaVsDwvZm9udD48L3RkPjx0ZCB3aWR0aD0iNTMwIj48Zm9udCBzaXplPSIyIj4y44Od44O844OIPC9mb250PjwvdGQ+PC90cj48dHI+PHRkIHdpZHRoPSIxODAiIGJnY29sb3I9IiNlZmVmZWYiPjxmb250IHNpemU9IjIiPumrmOWHuuWKmzwvZm9udD48L3RkPjx0ZCB3aWR0aD0iNTMwIj48Zm9udCBzaXplPSIyIj7jgr/jg5bjg6zjg4Pjg4jlr77lv5zvvIjpq5jlh7rlipvvvIk8L2ZvbnQ+PC90ZD48L3RyPjwvdGFibGU+PHN0eWxlIHR5cGU9InRleHQvY3NzIj4KPCEtLQoucmFrdXRlbi1jYW1wIHsKCXdpZHRoOiA3MjVweDsKCWJvcmRlcjogMnB4IHNvbGlkICMzMzk5RkY7CglwYWRkaW5nLXRvcDogNXB4OwoJLW1vei1ib3JkZXItcmFkaXVzOjRweDsgLypGaXJlZm94Ki8KCS13ZWJraXQtYm9yZGVyLXJhZGl1czogNHB4OyAvKlNhZmFyaSxDaHJvbWUqLwoJYm9yZGVyLXJhZGl1czo0cHg7IC8qT3BlcmEsQ2hyb21lKi8KCW1hcmdpbjowIDEwcHggMTBweCAwOwp9CgovKiDkvqHmoLzjgavmnqDnt5rjgYzjgaTjgY8gKi8KdGFibGUjcmFrdXRlbkxpbWl0ZWRJZF9jYXJ0IHsKICAgIGJhY2tncm91bmQtY29sb3I6ICNmOGY4Zjg7CiAgICBib3JkZXI6IDFweCBzb2xpZCAjZGRkOwogICAgcGFkZGluZzogOHB4OwogICAgbWFyZ2luOiAxNnB4IDA7Cn0KCnNwYW4ucHJpY2UxIHsKICAgIGNvbG9yOiAjMzMzICFpbXBvcnRhbnQ7CiAgICBmb250LXdlaWdodDogYm9sZDsKICAgIGZvbnQtc2l6ZTogODAlICFpbXBvcnRhbnQ7CiAgICBsaW5lLWhlaWdodDogMzBweDsKICAgIGRpc3BsYXk6IGlubGluZS1ibG9jazsKICAgIG1hcmdpbi1yaWdodDogMTZweDsKfQoKLS0+Cjwvc3R5bGU+Cgo8IS0t44OQ44OK44O844Ko44Oq44KiLS0+Cgo8IS0t44CQ5raI44GZ44Gq77yB44CR4piF4piF4piFIGhlaWdodD0iMzgwIiDjgafoqK3lrprjgZfjgabjgY/jgaDjgZXjgYTjgILimIXimIXimIUtLT4KPCEtLeODkOODiuODvOOCqOODquOCouOBk+OBk+OBvuOBpy0tPgoKPCEtLealveWkqeOCreODo+ODs+ODmuODvOODsy0tPgoKPGgyIHN0eWxlPSJtYXJnaW46MjBweCAwIDEwcHggMDsiPjxpbWcgc3JjPSJodHRwOi8vd3d3LnJha3V0ZW4ubmUuanAvZ29sZC9ha2liYW1hYy9mcmFtZS9pbWFnZXMvcmFrdXRlbl90aXRsZTIuZ2lmIiBhbHQ9IualveWkqeW4guWgtOOBruOBiuW+l+OBquOCreODo+ODs+ODmuODvOODsyIgd2lkdGg9IjczMCIgaGVpZ2h0PSI0MiIgYm9yZGVyPSIwIj48L2gyPgo8ZGl2IGNsYXNzPSJyYWt1dGVuLWNhbXAiIHN0eWxlPSJtYXJnaW46MCAwIDAgMDsiPgoKCjwhLS3mpb3lpKnjgq3jg6Pjg7Pjg5rjg7zjg7NA44GT44GT44G+44GnLS0+,44Oq44O844OA44O844Oh44OH44Kj44Ki44OG44Kv44OO44K/44OW44Os44OD44OI77yP44K544Oe44O844OI44OV44Kp44Oz5a++5b+c77y7bWljcm8gVVNC77yPVVNC57Wm6Zu777y9IFVTQuODouODkOOCpOODq+ODkOODg+ODhuODquODvCDvvIttaWNybyBVU0LjgrHjg7zjg5bjg6sgMzVjbSAyLjRBIO+8iDgwMDBtQWjjg7sy44Od44O844OI44O744OW44Op44OD44Kv77yJIEtFLU04QiAoS0VNOEIp77ya44K944OV44Oe44OD44OX44CA44OH44K444K/44Or44Kz44Os44Kv44K344On44Oz,44K944OV44Oe44OD44OXIOODh+OCuOOCv+ODq+OCs+ODrOOCr+OCt+ODp+ODs1NvZm1hcCBEaWdpdGFsIENvbGxlY3Rpb27jg5Hjgr3jgrPjg7Pjgr/jg5bjg6zjg4Pjg4hQQ0hEROOCouOCu+ODs+ODluODquODkeODvOODhOODkeOCveOCs+ODs+ODkeODvOODhOODhuODrOODk+OCsuODvOODoOODluODq+ODvOODrOOCpOOCveODleODiERWROOCveODleODiOa2suaZtuODhuODrOODk+ODluODq+ODvOODrOOCpOODh+OCo+OCueOCr+ODrOOCs+ODvOODgOODvOODh+OCuOOCv+ODq+S4gOecvOODrOODleOCq+ODoeODqeODh+OCuOOCv+ODq+OCq+ODoeODqeWutumbu+aZguioiOS4reWPpOOAgOOCveODleODiOOCouOCpuODiOODrOODg+ODiOS4reWPpOODjuODvOODiOODkeOCveOCs+ODs+S4reWPpOODkeOCveOCs+ODs+ODquODvOODgOODvOODoeODh+OCo+OCouODhuOCr+ODjuOCv+ODluODrOODg+ODiO+8j+OCueODnuODvOODiOODleOCqeODs+WvvuW/nO+8u21pY3JvIFVTQu+8j1VTQue1pumbu++8vSBVU0Ljg6Ljg5DjgqTjg6vjg5Djg4Pjg4bjg6rjg7wg77yLbWljcm8gVVNC44Kx44O844OW44OrIDM1Y20gMi40QSDvvIg4MDAwbUFo44O7MuODneODvOODiOODu+ODluODqeODg+OCr++8iSBLRS1NOEIgKEtFTThCKQ==,44Oq44O844OA44O844Oh44OH44Kj44Ki44OG44Kv44OO44K/44OW44Os44OD44OI77yP44K544Oe44O844OI44OV44Kp44Oz5a++5b+c77y7bWljcm8gVVNC77yPVVNC57Wm6Zu777y9IFVTQuODouODkOOCpOODq+ODkOODg+ODhuODquODvCDvvIttaWNybyBVU0LjgrHjg7zjg5bjg6sgMzVjbSAyLjRBIO+8iDgwMDBtQWjjg7sy44Od44O844OI44O744OW44Op44OD44Kv77yJIEtFLU04QiAoS0VNOEIp[rn]
3-47056,aHR0cDovL3RzaG9wLnIxMHMuanAvYWtpYmFtYWMvY2FiaW5ldC8wNTI2NDA2OS80OTAyNTgwNzU1NTQ2LmpwZz9maXRpbj03MDA6NzAw,MTg3OC40MDAw,,44K544Oe44O844OI44OV44Kp44Oz44O744K/44OW44Os44OD44OIID4g44OQ44OD44OG44Oq44O844O75YWF6Zu75ZmoID4g44Oi44OQ44Kk44Or44OQ44OD44OG44Oq44O8,5pel56uL44Oe44Kv44K744Or44K/44OW44Os44OD44OI77yP44K544Oe44O844OI44OV44Kp44Oz55So77y7bWljcm8gVVNC77yPVVNC57Wm6Zu777y9IFVTQuODouODkOOCpOODq+ODkOODg+ODhuODquODvCDvvIttaWNybyBVU0LjgrHjg7zjg5bjg6sgMjBjbSDvvIg1MjAwbUFo44O744Op44Kk44Og77yJIE1QQy1DVzUyMDBMTSAoTVBDQ1c1MjAwTE0p,,PHRhYmxlIGJvcmRlcj0iMCIgY2VsbHBhZGRpbmc9IjAiIGNlbGxzcGFjaW5nPSIwIiB3aWR0aD0iNzEwIiBzdHlsZT0ibGluZS1oZWlnaHQ6MTQwJTsiPjx0cj48dGQ+PGZvbnQgc2l6ZT0iMiI+4pag5aSn5a656YeP772iNTIwMG1BaO+9o+ODquODgeOCpuODoOOCpOOCquODs+mbu+axoOWGheiUtTxicj48YnI+4pag44K544Oe44O844OI44OV44Kp44OzMeWPsOOCkue0hDLlm57mgKXpgJ/lhYXpm7vjgafjgY3jgovvvIE8YnI+4oC755uu5a6J44Go44Gq44KK44G+44GZ44CCPGJyPjxicj7ilqBVU0Llh7rlipvnq6/lrZDjgYwy5Y+j44Gq44Gu44Gn44K544Oe44O844OI44OV44Kp44OzMuWPsOWQjOaZguWFhembu+OBjOWPr+iDveOBp+OBmeOAgjxicj48YnI+4pag44OQ44OD44OG44Oq44O844Go44K544Oe44O844OI44OV44Kp44Oz44KS5ZCM5pmC44Gr5YWF6Zu744Gn44GN44G+44GZ44CCPGJyPjxicj7ilqDntIQxMDAw5Zue44GP44KK6L+U44GX5YWF6Zu744Gn44GN44KLPGJyPuKAu+ebruWuieOBqOOBquOCiuOBvuOBmeOAgjxicj48YnI+4pag6Zu75rGg5q6L6YeP44GM44KP44GL44KLNOautemajkxFROaui+mHj+ihqOekuuaQrei8iTxicj7lhYXpm7vmrovph4/jgavjgYLjgo/jgZvjgaZMRUTjg6njg7Pjg5fjgYzngrnnga/jg7vngrnmu4XjgZfjgIHmrovph4/jgYzkuIDnm67jgafjgo/jgYvjgorjgb7jgZnjgII8YnI+PGJyPuKAuyBtaWNybyBVU0Lku6XlpJbjga/jgIHliKXpgJRVU0LlhYXpm7vjgrHjg7zjg5bjg6vjgYzlv4XopoHjgafjgZnjgII8YnI+4oC7IOWQjOaZguWFhembu+OBrumam+OBr+OAgeWIpemAlFVTQuWFhembu+OCseODvOODluODq+OBjOW/heimgeOBp+OBmeOAgjxicj48YnI+44CQ6KO95ZOB5LuV5qeY44CRPGJyPuKWoOODkOODg+ODhuODquODvOOCv+OCpOODlzrjg6rjg4Hjgqbjg6DjgqTjgqrjg7Ppm7vmsaA8YnI+4pag5aSW5b2i5a+45rOVOuW5hTYzLjVtbcOX6auY44GVOThtbcOX5Y6a44G/MTQuNm1tPGJyPuKWoOWFpeWKmzpEQzVWL+acgOWkpzEuOEE8YnI+4pag5Ye65YqbOkRDNVYv5pyA5aSnMy4wQe+8iDLjg53jg7zjg4joqIjvvIk8YnI+4pag5pys5L2T6LOq6YePOue0hDEyN2c8YnI+4pag5pys5L2T5YWF6Zu75pmC6ZaTOue0hDQuNeaZgumWk+KAu0FD44Ki44OA44OX44K/77yIREM1Vi8xLjhB5Lul5LiK77yJ44Gn44Gu55uu5a6J44Gn44GZ44CCPGJyPuKWoOOBj+OCiui/lOOBl+WFhembu+WbnuaVsDrntIQxMDAw5Zue4oC755uu5a6J44Go44Gq44KK44G+44GZ44CCPGJyPuKWoOWQjOaiseWTgTrlhYXpm7vnlKjjgrHjg7zjg5bjg6soVVNCIFN0YW5kYXJkLUEgLSBVU0IgTWljcm8tQiDntIQyMGNtKcOXMeacrOOAgeWPluaJseiqrOaYjuabuO+8iOS/neiovOabuOS7mO+8iTxicj48YnI+PC9mb250PjwvdGQ+PC90cj48L3RhYmxlPjx0YWJsZSBjZWxsc3BhY2luZz0iMCIgY2VsbHBhZGRpbmc9IjQiIGJvcmRlcj0iMSIgd2lkdGg9IjcxMCIgYm9yZGVyY29sb3I9IiNjY2NjY2MiPjx0cj48dGQgd2lkdGg9IjE4MCIgYmdjb2xvcj0iI2VmZWZlZiI+PGZvbnQgc2l6ZT0iMiI+5o6l57aa56uv5a2QPC9mb250PjwvdGQ+PHRkIHdpZHRoPSI1MzAiPjxmb250IHNpemU9IjIiPm1pY3JvIFVTQu+8j1VTQue1pumbuzwvZm9udD48L3RkPjwvdHI+PHRyPjx0ZCB3aWR0aD0iMTgwIiBiZ2NvbG9yPSIjZWZlZmVmIj48Zm9udCBzaXplPSIyIj7oibI8L2ZvbnQ+PC90ZD48dGQgd2lkdGg9IjUzMCI+PGZvbnQgc2l6ZT0iMiI+44Kw44Oq44O844Oz57O7PC9mb250PjwvdGQ+PC90cj48dHI+PHRkIHdpZHRoPSIxODAiIGJnY29sb3I9IiNlZmVmZWYiPjxmb250IHNpemU9IjIiPuWvvuW/nOODneODvOODiOaVsDwvZm9udD48L3RkPjx0ZCB3aWR0aD0iNTMwIj48Zm9udCBzaXplPSIyIj4y44Od44O844OIPC9mb250PjwvdGQ+PC90cj48L3RhYmxlPjxzdHlsZSB0eXBlPSJ0ZXh0L2NzcyI+CjwhLS0KLnJha3V0ZW4tY2FtcCB7Cgl3aWR0aDogNzI1cHg7Cglib3JkZXI6IDJweCBzb2xpZCAjMzM5OUZGOwoJcGFkZGluZy10b3A6IDVweDsKCS1tb3otYm9yZGVyLXJhZGl1czo0cHg7IC8qRmlyZWZveCovCgktd2Via2l0LWJvcmRlci1yYWRpdXM6IDRweDsgLypTYWZhcmksQ2hyb21lKi8KCWJvcmRlci1yYWRpdXM6NHB4OyAvKk9wZXJhLENocm9tZSovCgltYXJnaW46MCAxMHB4IDEwcHggMDsKfQoKLyog5L6h5qC844Gr5p6g57ea44GM44Gk44GPICovCnRhYmxlI3Jha3V0ZW5MaW1pdGVkSWRfY2FydCB7CiAgICBiYWNrZ3JvdW5kLWNvbG9yOiAjZjhmOGY4OwogICAgYm9yZGVyOiAxcHggc29saWQgI2RkZDsKICAgIHBhZGRpbmc6IDhweDsKICAgIG1hcmdpbjogMTZweCAwOwp9CgpzcGFuLnByaWNlMSB7CiAgICBjb2xvcjogIzMzMyAhaW1wb3J0YW50OwogICAgZm9udC13ZWlnaHQ6IGJvbGQ7CiAgICBmb250LXNpemU6IDgwJSAhaW1wb3J0YW50OwogICAgbGluZS1oZWlnaHQ6IDMwcHg7CiAgICBkaXNwbGF5OiBpbmxpbmUtYmxvY2s7CiAgICBtYXJnaW4tcmlnaHQ6IDE2cHg7Cn0KCi0tPgo8L3N0eWxlPgoKPCEtLeODkOODiuODvOOCqOODquOCoi0tPgoKPCEtLeOAkOa2iOOBmeOBqu+8geOAkeKYheKYheKYhSBoZWlnaHQ9IjM4MCIg44Gn6Kit5a6a44GX44Gm44GP44Gg44GV44GE44CC4piF4piF4piFLS0+CjwhLS3jg5Djg4rjg7zjgqjjg6rjgqLjgZPjgZPjgb7jgactLT4KCjwhLS3mpb3lpKnjgq3jg6Pjg7Pjg5rjg7zjg7MtLT4KCjxoMiBzdHlsZT0ibWFyZ2luOjIwcHggMCAxMHB4IDA7Ij48aW1nIHNyYz0iaHR0cDovL3d3dy5yYWt1dGVuLm5lLmpwL2dvbGQvYWtpYmFtYWMvZnJhbWUvaW1hZ2VzL3Jha3V0ZW5fdGl0bGUyLmdpZiIgYWx0PSLmpb3lpKnluILloLTjga7jgYrlvpfjgarjgq3jg6Pjg7Pjg5rjg7zjg7MiIHdpZHRoPSI3MzAiIGhlaWdodD0iNDIiIGJvcmRlcj0iMCI+PC9oMj4KPGRpdiBjbGFzcz0icmFrdXRlbi1jYW1wIiBzdHlsZT0ibWFyZ2luOjAgMCAwIDA7Ij4KCgo8IS0t5qW95aSp44Kt44Oj44Oz44Oa44O844OzQOOBk+OBk+OBvuOBpy0tPg==,5pel56uL44Oe44Kv44K744Or44K/44OW44Os44OD44OI77yP44K544Oe44O844OI44OV44Kp44Oz55So77y7bWljcm8gVVNC77yPVVNC57Wm6Zu777y9IFVTQuODouODkOOCpOODq+ODkOODg+ODhuODquODvCDvvIttaWNybyBVU0LjgrHjg7zjg5bjg6sgMjBjbSDvvIg1MjAwbUFo44O744Op44Kk44Og77yJIE1QQy1DVzUyMDBMTSAoTVBDQ1c1MjAwTE0p77ya44K944OV44Oe44OD44OX44CA44OH44K444K/44Or44Kz44Os44Kv44K344On44Oz,44K944OV44Oe44OD44OXIOODh+OCuOOCv+ODq+OCs+ODrOOCr+OCt+ODp+ODs1NvZm1hcCBEaWdpdGFsIENvbGxlY3Rpb27jg5Hjgr3jgrPjg7Pjgr/jg5bjg6zjg4Pjg4hQQ0hEROOCouOCu+ODs+ODluODquODkeODvOODhOODkeOCveOCs+ODs+ODkeODvOODhOODhuODrOODk+OCsuODvOODoOODluODq+ODvOODrOOCpOOCveODleODiERWROOCveODleODiOa2suaZtuODhuODrOODk+ODluODq+ODvOODrOOCpOODh+OCo+OCueOCr+ODrOOCs+ODvOODgOODvOODh+OCuOOCv+ODq+S4gOecvOODrOODleOCq+ODoeODqeODh+OCuOOCv+ODq+OCq+ODoeODqeWutumbu+aZguioiOS4reWPpOOAgOOCveODleODiOOCouOCpuODiOODrOODg+ODiOS4reWPpOODjuODvOODiOODkeOCveOCs+ODs+S4reWPpOODkeOCveOCs+ODs+aXpeeri+ODnuOCr+OCu+ODq+OCv+ODluODrOODg+ODiO+8j+OCueODnuODvOODiOODleOCqeODs+eUqO+8u21pY3JvIFVTQu+8j1VTQue1pumbu++8vSBVU0Ljg6Ljg5DjgqTjg6vjg5Djg4Pjg4bjg6rjg7wg77yLbWljcm8gVVNC44Kx44O844OW44OrIDIwY20g77yINTIwMG1BaOODu+ODqeOCpOODoO+8iSBNUEMtQ1c1MjAwTE0gKE1QQ0NXNTIwMExNKQ==,5pel56uL44Oe44Kv44K744Or44K/44OW44Os44OD44OI77yP44K544Oe44O844OI44OV44Kp44Oz55So77y7bWljcm8gVVNC77yPVVNC57Wm6Zu777y9IFVTQuODouODkOOCpOODq+ODkOODg+ODhuODquODvCDvvIttaWNybyBVU0LjgrHjg7zjg5bjg6sgMjBjbSDvvIg1MjAwbUFo44O744Op44Kk44Og77yJIE1QQy1DVzUyMDBMTSAoTVBDQ1c1MjAwTE0p[rn]
3-47057,aHR0cDovL3RzaG9wLnIxMHMuanAvYWtpYmFtYWMvY2FiaW5ldC8wNTA1MDczOS80OTUwMTkwMzU4MjM3LmpwZz9maXRpbj03MDA6NzAw,MTQwOC4wMDAw,,44K544Oe44O844OI44OV44Kp44Oz44O744K/44OW44Os44OD44OIID4g44OQ44OD44OG44Oq44O844O75YWF6Zu75ZmoID4g44Oi44OQ44Kk44Or44OQ44OD44OG44Oq44O8,QlVGRkFMT+OCv+ODluODrOODg+ODiO+8j+OCueODnuODvOODiOODleOCqeODs+WvvuW/nO+8u1VTQiBtaWNyb0LvvI9VU0Lntabpm7vvvL1VU0Ljg6Ljg5DjgqTjg6vjg5Djg4Pjg4bjg6rjg7wg77yLVVNCIG1pY3JvQuOCseODvOODluODqyAxNe+9g++9jSAyLjFBKDMzNTBtQWjjg7vjg5vjg6/jgqTjg4gpIEJTTVBCMzMwMVAxV0g=,,PHRhYmxlIGJvcmRlcj0iMCIgY2VsbHBhZGRpbmc9IjAiIGNlbGxzcGFjaW5nPSIwIiB3aWR0aD0iNzEwIiBzdHlsZT0ibGluZS1oZWlnaHQ6MTQwJTsiPjx0cj48dGQ+PGZvbnQgc2l6ZT0iMiI+44CMQVVUTyBQT1dFUiBTRUxFQ1TmqZ/og73jgI3jgadpUGhvbmUvQW5kcm9pZOOCkuiHquWLleOBp+aApemAn+WFhembuzxicj7lhYXpm7vmlrnlvI/jga7nlbDjgarjgotpUGhvbmXjgIFBbmRyb2lk44KS5bCC55SoSUPjgYzoh6rli5XjgafliKTliKXjgZfjgIHmjqXntprjgZXjgozjgZ/mqZ/lmajjgavmnIDpganjgarlhYXpm7vvvIjlh7rlipvvvInjgpLooYzjgYZBVVRPIFBPV0VSIFNFTEVDVOapn+iDveOCkuaQrei8ieOAguOBqeOBruODneODvOODiOOBq+OBqeOBruapn+eoruOCkuaOpee2muOBl+OBpuOCguiHquWLleOBp+aApemAn+WFhembu+OBp+OBjeOBvuOBmeOAgjxicj48YnI+QVVUTyBQT1dFUiBTRUxFQ1TmqZ/og708YnI+5YWF6Zu75pa55byP44Gu55Ww44Gq44KLaVBob25l44CBQW5kcm9pZOOCkuWwgueUqElD44GM6Ieq5YuV44Gn5Yik5Yil44GX44CB5o6l57aa44GV44KM44Gf5qmf5Zmo44Gr5pyA6YGp44Gq5YWF6Zu777yI5Ye65Yqb77yJ44KS6KGM44GGQVVUTyBQT1dFUiBTRUxFQ1TmqZ/og73jgpLmkK3ovInjgILjganjga7jg53jg7zjg4jjgavjganjga7mqZ/nqK7jgpLmjqXntprjgZfjgabjgoLoh6rli5XjgafmgKXpgJ/lhYXpm7vjgafjgY3jgb7jgZnjgII8YnI+PGJyPuOCueODnuODvOODiOODleOCqeODs+OCkue0hDEuM+WbnuWIhu+8iOKAu++8ieWFhembu+OBp+OBjeOCi+ODouODkOOCpOODq+ODkOODg+ODhuODquODvDxicj48YnI+aVBob25l44Gq44Gp44Gu44K544Oe44O844OI44OV44Kp44Oz44KS5YWF6Zu744Gn44GN44KL5YWF6Zu75byP44Oq44OB44Km44Og44Kk44Kq44Oz6Zu75rGg5YaF6JS144Gu44Oi44OQ44Kk44Or44OQ44OD44OG44Oq44O844CCPGJyPiDkvJrnpL7nlKjjgajjg5fjg6njgqTjg5njg7zjg4jnlKjjgafjgIHjgrnjg57jg7zjg4jjg5Xjgqnjg7PjgpIy5Y+w44GK5oyB44Gh44Gu5pa544KC5a6J5b+D44Gu5aSn5a656YePMzM1MG1BaOOAgmlQaG9uZSA2c+OBquOCiee0hDEuM+WbnuWIhu+8iOKAu++8ieWFhembu+WPr+iDveOBp+OBmeOAgiDjg5Djg4Pjg4bjg6rjg7zliIfjgozjgpLmsJfjgavjgZvjgZrlronlv4PjgZfjgabjgrnjg57jg7zjg4jjg5Xjgqnjg7PjgpLkvb/nlKjjgafjgY3jgb7jgZnjgII8YnI+4oC7aVBob25lNnPjgafjga7oqabpqJPntZDmnpzjgavln7rjgaXjgY88YnI+44CQ5ris5a6a44Gr5L2/55So44GX44Gf5qmf5p2Q44CR5pys6KO95ZOB44CBaVBob25lNnMoaU9TIHZlcjkuMy4xKeOAgUxpZ2h0bmluZ+OCs+ODjeOCr+OCv+ODvOS7mOWFhembu+OCseODvOODluODq++8iDEwY23vvIk8YnI+IOOAkOa4rOWumuaWueazleOAkWlQaG9uZTZz44GM44OQ44OD44OG44Oq44O85q6L6YeP6K2m5ZGK77yI5q6L6YePMTAl77yJ44KS6KGo56S644GX44Gf5pmC54K544GnaVBob25lNnPmnKzkvZPjga7pm7vmupDjgpJPRkbjgavjgZfjgIHmrKHjgatpUGhvbmU2c+acrOS9k+OBruWFhembu+eKtuaFi+OBjDEwMCXjgavjgarjgovjgb7jgafjgpIx5Zue44Go44GZ44KL44CC77yIMjAxNuW5tDXmnIjnj77lnKjoqr/jgbnvvIk8YnI+IO+8iOazqO+8ieWun+mam+OBruWFhembu+aZgumWk+OAgeWFhembu+WbnuaVsOOBr+a4qeW6puOAgea5v+W6puOAgeOBlOS9v+eUqOOBleOCjOOCi+WFhembu+OCseODvOODluODq+etieOBrua4rOWumueSsOWig+OAgeOBiuOCiOOBs+OAgeacrOijveWTgeODu2lQaG9uZTZz44Gu54q25oWL44Gr44KI44KK55Ww44Gq44KL5aC05ZCI44GM44GC44KK44G+44GZ44CCPGJyPjxicj7pm7vmupDliIfjgorlv5jjgozjgavjgojjgovnhKHpp4Tjgarpm7vlipvmtojosrvjgpLpmLLjgZDjgqrjg7zjg4jjg5Hjg6/jg7zjgqrjg5XmqZ/og708YnI+5pys6KO95ZOB44Gv44K944OV44OI44Km44Kn44Ki44K544Kk44OD44OB44KS5o6h55So44GX44Gm44GK44KK44CB5Ye65Yqb6Zu75rWB44KS5qSc55+l44GX44Gm44CB5YWF6Zu744GX44Gm44GE44Gq44GE5pmC44Gv6Ieq5YuV44Gn6KO95ZOB44Gu6Zu75rqQ44GM5YiH44KM44G+44GZ44CC54Sh6aeE44Gq5raI6LK744GM44Gq44GE44Gu44Gn57eK5oCl5pmC44Gr5a6J5b+D44GX44Gm44GU5L2/55So44GE44Gf44Gg44GR44G+44GZ44CCPGJyPuKAu+OCueODnuODvOODiOODleOCqeODs+OBq+OCiOOBo+OBpuOBr+OAgTEwMCXlhYXpm7vooajnpLrlvozjgoLlhYXpm7vjgYzntprjgY/mqZ/nqK7jgYzjgYLjgorjgb7jgZnjgII8YnI+PGJyPuWuuemHj+OBjOS4gOebruOBp+OCj+OBi+OCizTmrrXpmo5MRUTmrovph4/ooajnpLrmqZ/og708YnI+5pys5L2T44GrTEVE44KS5pCt6LyJ44GX44Gm44GK44KK44CBNOautemajuihqOekuuOBp+mbu+axoOaui+mHj+OBjOS4gOebruOBp+eiuuiqjeOBp+OBjeOBvuOBmeOAguS9v+OBhuOBqOOBjeOBq+ODkOODg+ODhuODquODvOOBruaui+mHj+OBjOeEoeOBhOOBqOOBhOOBo+OBn+S4jeWuieOCkuino+a2iOOBl+OBvuOBmeOAgjxicj48YnI+44OQ44OD44OV44Kh44Ot44O844Gu44OQ44OD44OG44Oq44O844Gv5a6J5b+D44O75a6J5YWo6Kit6KiIPGJyPuS9v+eUqOaZguOBrumBjumbu+a1ge+8iOOCt+ODp+ODvOODiO+8iS/pgY7pm7vlnKfjgarjganjga7nlbDluLjjgpLmpJznn6XjgZfjgabli5XkvZzjgpLlgZzmraLjgZfjgrnjg57jg5vjgpLkv53orbfjgZnjgosy5q616ZqO44Gu5Zue6Lev44CB5a6J5YWo6KOF572u5LuY44Gu44OQ44OD44OG44Oq44O844K744Or44KS5pCt6LyJ44CC5a6J5b+D44O75a6J5YWo44Gq5YWF6Zu744GM6KGM44GI44G+44GZ44CCPGJyPjxicj4yLjFB5Ye65Yqb5a++5b+c44Gn44K/44OW44Os44OD44OI44Gq44Gp44K544Oe44O844OI44OV44Kp44Oz5Lul5aSW44Gu5qmf5Zmo44Gr44KC5a++5b+cPGJyPjIuMUHlh7rlipvjga7jgZ/jgoHjgIFpUGFk44KEQW5kcm9pZOOCv+ODluODrOODg+ODiOOBq+WvvuOBl+OBpuOCguWuieWumuOBl+OBn+WFhembu+OBjOWPr+iDveOBp+OBmeOAguOBvuOBn1dhbGttYW7jgIHjg4fjgrjjgqvjg6HjgIHmkLrluK/jgrLjg7zjg6DmqZ/jgIHjg6Ljg5DjgqTjg6vjg6vjg7zjgr/jg7zjgarjganjgIFVU0LlhYXpm7vjgavlr77lv5zjgZfjgabjgYTjgovmqZ/lmajjgavjgoLlr77lv5zjgZfjgabjgYTjgb7jgZnjgII8YnI+4oC7QW5kcm9pZOOCv+ODluODrOODg+ODiOOBr21pY3JvIFVTQuWFhembu+OBq+WvvuW/nOOBl+OBn+OCv+ODluODrOODg+ODiOOBq+mZkOOCiuOBvuOBmeOAgjxicj7igLtQQ+OBrlVTQuODneODvOODiOOBi+OCieWFhembu+OBp+OBjeOCi+apn+WZqOOBruOBv+OAgjxicj7igLtpUGFk44CBbWljcm9C5Lul5aSW44Gu56uv5a2Q44KS5L2/55So44GZ44KL5qmf5Zmo44KS5YWF6Zu744GZ44KL6Zqb44Gv5Yil5aOy44KK44Kx44O844OW44Or44GM5b+F6KaB44Gn44GZ44CCPGJyPjxicj7nubDjgorov5TjgZfjg4Hjg6Pjg7zjgrjjgavlr77lv5wgPGJyPue0hDMwMOWbnuS9v+eUqOWPr+iDveOBquWFhembu+W8j+ODquODgeOCpuODoOOCpOOCquODs+mbu+axoOOCkuaOoeeUqOOAguODkOODg+ODhuODquODvOacrOS9k+OCkuOCs+ODs+OCu+ODs+ODiOOChFBD44GL44KJ44OB44Oj44O844K444GZ44KL44GT44Go44Gn57mw44KK6L+U44GX5L2/55So44Gn44GN44G+44GZ44CCIDxicj48YnI+Um9IU+Wfuua6luWApOa6luaLoDxicj4yMDA25bm0N+aciOOBi+OCiUVV5ZyP44Gn5pa96KGM44GV44KM44Gf6Zu75rCX44O76Zu75a2Q5qmf5Zmo44Gr5a++44GZ44KL54m55a6a5pyJ5a6z54mp6LOq5L2/55So5Yi26ZmQ5oyH5Luk44CMUm9IU+aMh+S7pOOAjeOBruWfuua6luWApOOBq+a6luaLoOOBl+OBpuOBhOOBvuOBmeOAgjxicj48YnI+44CQ6KO95ZOB5LuV5qeY44CRPGJyPuODkOODg+ODhuODquODvOOCv+OCpOODl+OAgOWFhembu+W8j+ODquODgeOCpuODoOOCpOOCquODs+mbu+axoDxicj7jg5Djg4Pjg4bjg6rjg7zlrrnph4/jgIBEQzMuNjNWLzMzNTBtQWjvvIjntIQxMi4xNldo77yJPGJyPuWFpeWKm+OAgERDNS4wVi8xLjVBPGJyPuWHuuWKm+OAgERDNS4wVi8yLjFBPGJyPuWFhembu+aZgumWk+OAgOe0hDMuNeaZgumWk+OAgOKAu+W9k+ekvlVTQuWFhembu+WZqEJTTVBCQUMwNeOCkuS9v+eUqOOBl+OBpuODgeODo+ODvOOCuOOBl+OBn+WgtOWQiOOBruebruWuieOAgjxicj7nubDjgorov5TjgZflhYXpm7vlm57mlbDjgIDntIQzMDDlm548YnI+44Kx44O844OW44Or6ZW344CA57SEMTVjbTxicj7lpJblvaLlr7jms5XvvIjluYXDl+mrmOOBlcOX5aWl6KGM77yJ44CAMjbDlzc1w5czM21t77yI56qB6LW36YOo6Zmk44GP77yJPGJyPuizqumHj+OAgOe0hDcwZzxicj7jg5Hjg4PjgrHjg7zjgrjlr7jms5XvvIjluYXDl+mrmOOBlcOX5aWl6KGM77yJ44CAMTAww5cxNzjDlzQybW08YnI+44OR44OD44Kx44O844K46LOq6YeP77yI5pys5L2T5ZCr44KA77yJ44CA57SEMTE1Zzxicj7li5XkvZznkrDlooPjgIDmuKnluqY14oSD772eNDDihIPjgIHmub/luqYxMO+8he+9njg177yFKOe1kOmcsuOBquOBjeOBk+OBqCk8YnI+5L+d6Ki85pyf6ZaT44CANuODtuaciDxicj7oo73lk4Hmp4vmiJDjgIDmnKzkvZPjgIFVU0IgQSB0byBtaWNyb0LjgrHjg7zjg5bjg6vvvIgxNWNt77yJ44CB5Y+W5omx6Kqs5piO5pu4PGJyPjxicj48L2ZvbnQ+PC90ZD48L3RyPjwvdGFibGU+PHN0eWxlIHR5cGU9InRleHQvY3NzIj4KPCEtLQoucmFrdXRlbi1jYW1wIHsKCXdpZHRoOiA3MjVweDsKCWJvcmRlcjogMnB4IHNvbGlkICMzMzk5RkY7CglwYWRkaW5nLXRvcDogNXB4OwoJLW1vei1ib3JkZXItcmFkaXVzOjRweDsgLypGaXJlZm94Ki8KCS13ZWJraXQtYm9yZGVyLXJhZGl1czogNHB4OyAvKlNhZmFyaSxDaHJvbWUqLwoJYm9yZGVyLXJhZGl1czo0cHg7IC8qT3BlcmEsQ2hyb21lKi8KCW1hcmdpbjowIDEwcHggMTBweCAwOwp9CgovKiDkvqHmoLzjgavmnqDnt5rjgYzjgaTjgY8gKi8KdGFibGUjcmFrdXRlbkxpbWl0ZWRJZF9jYXJ0IHsKICAgIGJhY2tncm91bmQtY29sb3I6ICNmOGY4Zjg7CiAgICBib3JkZXI6IDFweCBzb2xpZCAjZGRkOwogICAgcGFkZGluZzogOHB4OwogICAgbWFyZ2luOiAxNnB4IDA7Cn0KCnNwYW4ucHJpY2UxIHsKICAgIGNvbG9yOiAjMzMzICFpbXBvcnRhbnQ7CiAgICBmb250LXdlaWdodDogYm9sZDsKICAgIGZvbnQtc2l6ZTogODAlICFpbXBvcnRhbnQ7CiAgICBsaW5lLWhlaWdodDogMzBweDsKICAgIGRpc3BsYXk6IGlubGluZS1ibG9jazsKICAgIG1hcmdpbi1yaWdodDogMTZweDsKfQoKLS0+Cjwvc3R5bGU+Cgo8IS0t44OQ44OK44O844Ko44Oq44KiLS0+Cgo8IS0t44CQ5raI44GZ44Gq77yB44CR4piF4piF4piFIGhlaWdodD0iMzgwIiDjgafoqK3lrprjgZfjgabjgY/jgaDjgZXjgYTjgILimIXimIXimIUtLT4KPCEtLeODkOODiuODvOOCqOODquOCouOBk+OBk+OBvuOBpy0tPgoKPCEtLealveWkqeOCreODo+ODs+ODmuODvOODsy0tPgoKPGgyIHN0eWxlPSJtYXJnaW46MjBweCAwIDEwcHggMDsiPjxpbWcgc3JjPSJodHRwOi8vd3d3LnJha3V0ZW4ubmUuanAvZ29sZC9ha2liYW1hYy9mcmFtZS9pbWFnZXMvcmFrdXRlbl90aXRsZTIuZ2lmIiBhbHQ9IualveWkqeW4guWgtOOBruOBiuW+l+OBquOCreODo+ODs+ODmuODvOODsyIgd2lkdGg9IjczMCIgaGVpZ2h0PSI0MiIgYm9yZGVyPSIwIj48L2gyPgo8ZGl2IGNsYXNzPSJyYWt1dGVuLWNhbXAiIHN0eWxlPSJtYXJnaW46MCAwIDAgMDsiPgoKCjwhLS3mpb3lpKnjgq3jg6Pjg7Pjg5rjg7zjg7NA44GT44GT44G+44GnLS0+,QlVGRkFMT+OCv+ODluODrOODg+ODiO+8j+OCueODnuODvOODiOODleOCqeODs+WvvuW/nO+8u1VTQiBtaWNyb0LvvI9VU0Lntabpm7vvvL1VU0Ljg6Ljg5DjgqTjg6vjg5Djg4Pjg4bjg6rjg7wg77yLVVNCIG1pY3JvQuOCseODvOODluODqyAxNe+9g++9jSAyLjFBKDMzNTBtQWjjg7vjg5vjg6/jgqTjg4gpIEJTTVBCMzMwMVAxV0jvvJrjgr3jg5Xjg57jg4Pjg5fjgIDjg4fjgrjjgr/jg6vjgrPjg6zjgq/jgrfjg6fjg7M=,44K944OV44Oe44OD44OXIOODh+OCuOOCv+ODq+OCs+ODrOOCr+OCt+ODp+ODs1NvZm1hcCBEaWdpdGFsIENvbGxlY3Rpb27jg5Hjgr3jgrPjg7Pjgr/jg5bjg6zjg4Pjg4hQQ0hEROOCouOCu+ODs+ODluODquODkeODvOODhOODkeOCveOCs+ODs+ODkeODvOODhOODhuODrOODk+OCsuODvOODoOODluODq+ODvOODrOOCpOOCveODleODiERWROOCveODleODiOa2suaZtuODhuODrOODk+ODluODq+ODvOODrOOCpOODh+OCo+OCueOCr+ODrOOCs+ODvOODgOODvOODh+OCuOOCv+ODq+S4gOecvOODrOODleOCq+ODoeODqeODh+OCuOOCv+ODq+OCq+ODoeODqeWutumbu+aZguioiOS4reWPpOOAgOOCveODleODiOOCouOCpuODiOODrOODg+ODiOS4reWPpOODjuODvOODiOODkeOCveOCs+ODs+S4reWPpOODkeOCveOCs+ODs0JVRkZBTE/jgr/jg5bjg6zjg4Pjg4jvvI/jgrnjg57jg7zjg4jjg5Xjgqnjg7Plr77lv5zvvLtVU0IgbWljcm9C77yPVVNC57Wm6Zu777y9VVNC44Oi44OQ44Kk44Or44OQ44OD44OG44Oq44O8IO+8i1VTQiBtaWNyb0LjgrHjg7zjg5bjg6sgMTXvvYPvvY0gMi4xQSgzMzUwbUFo44O744Ob44Ov44Kk44OIKSBCU01QQjMzMDFQMVdI,QlVGRkFMT+OCv+ODluODrOODg+ODiO+8j+OCueODnuODvOODiOODleOCqeODs+WvvuW/nO+8u1VTQiBtaWNyb0LvvI9VU0Lntabpm7vvvL1VU0Ljg6Ljg5DjgqTjg6vjg5Djg4Pjg4bjg6rjg7wg77yLVVNCIG1pY3JvQuOCseODvOODluODqyAxNe+9g++9jSAyLjFBKDMzNTBtQWjjg7vjg5vjg6/jgqTjg4gpIEJTTVBCMzMwMVAxV0g=[rn]
3-47058,aHR0cDovL3RzaG9wLnIxMHMuanAvYWtpYmFtYWMvY2FiaW5ldC8wNTA1MDczOS80OTAxNjYwMTQzOTkwLmpwZz9maXRpbj03MDA6NzAw,MzE5Mi4wMDAw,,44K544Oe44O844OI44OV44Kp44Oz44O744K/44OW44Os44OD44OIID4g44OQ44OD44OG44Oq44O844O75YWF6Zu75ZmoID4g44Oi44OQ44Kk44Or44OQ44OD44OG44Oq44O8,44K944OL44O8IOOCueODnuODvOODiOODleOCqeODs+WvvuW/nO+8u1VTQiBtaWNyb0IvVVNC57Wm6Zu777y9VVNC44Oi44OQ44Kk44Or44OQ44OD44OG44Oq44O877yLVVNCIG1pY3JvQuOCseODvOODluODqyAxNWNtICg2MTAwbUFo44O744Ob44Ov44Kk44OIKSBDUEU2MUNX,,PHRhYmxlIGJvcmRlcj0iMCIgY2VsbHBhZGRpbmc9IjAiIGNlbGxzcGFjaW5nPSIwIiB3aWR0aD0iNzEwIiBzdHlsZT0ibGluZS1oZWlnaHQ6MTQwJTsiPjx0cj48dGQ+PGZvbnQgc2l6ZT0iMiI+6Zu75rqQ44GuT24vT2Zm44K544Kk44OD44OB44KS5pCt6LyJ44CC44K544Oe44O844OI44OV44Kp44Oz44Gr57SEMi415Zue5YWF6Zu75Y+v6IO977yI4oC7Me+8ieOBruWGheiUtembu+axoOWuuemHjzYxMDBtQWjjgILjgr3jg4vjg7zni6zoh6rmioDooZPjg4/jgqTjg5bjg6rjg4Pjg4njgrLjg6vjg4bjgq/jg47jg63jgrjjg7zjgafplbfmjIHjgaHjgILntIQxMDAw5Zue44GP44KK6L+U44GX5YWF6Zu744GM5Y+v6IO944Gn44GZ77yI4oC7Mu+8ieOAgjxicj7igLsx6Kmm6aiT57WQ5p6c44Gr5Z+644Gl44GP44CB57SEMTUwMG1BaOOBruODkOODg+ODhuODquODvOaQrei8ieOCueODnuODvOODiOODleOCqeODs+OBp+OBruebruWuieOBp+OBmeOAguapn+WZqOOBiuOCiOOBs+S9v+eUqOadoeS7tuOBq+OCiOOCiuOAgeWun+mam+OBruWFhembu+WPr+iDveOBquWbnuaVsOOBqOOBr+eVsOOBquOCiuOBvuOBmTxicj7igLsy6Kmm6aiT57WQ5p6c44Gr5Z+644Gl44GP55uu5a6J44Gn44GZ44CC5qmf5Zmo44GK44KI44Gz5L2/55So5p2h5Lu244Gr44KI44KK44CB5a6f6Zqb44Gu5Yip55So5Y+v6IO95Zue5pWw44Go44Gv55Ww44Gq44KK44G+44GZPGJyPlVTQi1D44Ki44OA44OX44K/44O844Kx44O844OW44Or5LuY5bGe44GnVVNCLUPmkK3ovInjg6Ljg4fjg6vjgavjgoLkvb/nlKjjgafjgY3jgos8YnI+5ZCM5qKx44GV44KM44Gm44GE44KLVVNCLUPjgqLjg4Djg5fjgr/jg7zjgrHjg7zjg5bjg6vjgadVU0ItQ+aQrei8ieODouODh+ODq+OBq+OCguWFhembu+OBjOWPr+iDveOBp+OBmeOAgjxicj7lh7rojbfmmYLjga/ntIQ1MO+8heOBq+WFhembu+a4iOOBv+OBquOBruOBp+OAgeOBmeOBkOOBq+S9v+eUqOOBp+OBjeOBvuOBmeOAguOBvuOBn+OAgeODquODgeOCpuODoOOCpOOCquODs+ODneODquODnuODvOODkOODg+ODhuODquODvOOBruaUvumbu+eJueaAp+OBr+WuieWumuOBl+OBpuOBiuOCiuOAgeODleODq+WFhembu+OBl+OBn+W+jOS9v+eUqOOBm+OBmjHlubTntYzpgY7jgZfjgabjgoLjgIHpm7vmsaDmrovph4/jgYzjg5Xjg6vlhYXpm7vjga7ntIQ4MO+8heOCkue2reaMgeOBl+OBpuOBhOOBvuOBmeOAgumbu+axoOOBruaui+mHj+ebruWuieOCkjTnga9MRUTjgafopovjgoTjgZnjgY/jgIExMDDvvIXjg7s2MO+8heODuzQw77yF44O7MjDvvIXjg7sw77yF44GuNeautemajuOBp+OBiuefpeOCieOBm+OBl+OBvuOBmeOAgjxicj7igLvmnKzkvZPjga7lhYXpm7vmrovph4/jga7norroqo3ooajnpLrjga/jgIFVU0LjgrHjg7zjg5bjg6vjgpLjgaTjgarjgYTjgaDjgajjgY3jga7jgb/jgajjgarjgorjgb7jgZk8YnI+4oC7IOWFhembu+OBrueKtuaFi+OBruaVsOWApOOBr+OBguOBj+OBvuOBp+OCguebruWuieOBp+OBmeOAgjxicj48YnI+44CQ6KO95ZOB5LuV5qeY44CRPGJyPuWkluW9ouWvuOazle+8mjY4LjjDlzExOC41w5cxMy40bW0gPGJyPuizqumHj++8mue0hCAxNTRnIDxicj7li5XkvZzmuKnluqbvvJowIC0gMzXihIMgPGJyPumbu+Wcp++8mjMuOCBWIDxicj7lh7rlipvvvJpEQzVW44CBMS41IEHvvIjmnIDlpKfvvIkgPGJyPumAo+e2muS9v+eUqOaZgumWk++8mue0hDE2MOWIhiA8YnI+6Zu75rGg5a656YeP77yaNjEwMG1BaCA8YnI+5YWl5Yqb77yaREMgNVbjgIExLjBB77yI5pyA5aSn77yJIDxicj7mqJnmupZVU0Ljg53jg7zjg4jkvb/nlKjmmYLvvJrntIQxNOaZgumWkyDvvIjmqJnmupZVU0Ljg53jg7zjg4jvvIkgPGJyPuWQjOaise+8muOCseODvOODluODq++8iEEtQu+8ie+8mjE1Y23jgIHjgrHjg7zjg5bjg6vvvIhDQuWkieaPm++8ie+8mjNjbSA8YnI+VVNC44Od44O844OI5pWw77yaMeODneODvOODiDxicj48YnI+PC9mb250PjwvdGQ+PC90cj48L3RhYmxlPjx0YWJsZSBjZWxsc3BhY2luZz0iMCIgY2VsbHBhZGRpbmc9IjQiIGJvcmRlcj0iMSIgd2lkdGg9IjcxMCIgYm9yZGVyY29sb3I9IiNjY2NjY2MiPjx0cj48dGQgd2lkdGg9IjE4MCIgYmdjb2xvcj0iI2VmZWZlZiI+PGZvbnQgc2l6ZT0iMiI+5o6l57aa56uv5a2QPC9mb250PjwvdGQ+PHRkIHdpZHRoPSI1MzAiPjxmb250IHNpemU9IjIiPm1pY3JvIFVTQu+8j1VTQue1pumbuzwvZm9udD48L3RkPjwvdHI+PHRyPjx0ZCB3aWR0aD0iMTgwIiBiZ2NvbG9yPSIjZWZlZmVmIj48Zm9udCBzaXplPSIyIj7oibI8L2ZvbnQ+PC90ZD48dGQgd2lkdGg9IjUzMCI+PGZvbnQgc2l6ZT0iMiI+44Ob44Ov44Kk44OI57O7PC9mb250PjwvdGQ+PC90cj48dHI+PHRkIHdpZHRoPSIxODAiIGJnY29sb3I9IiNlZmVmZWYiPjxmb250IHNpemU9IjIiPuODneODvOODiOaVsDwvZm9udD48L3RkPjx0ZCB3aWR0aD0iNTMwIj48Zm9udCBzaXplPSIyIj4x44Od44O844OIPC9mb250PjwvdGQ+PC90cj48L3RhYmxlPjxzdHlsZSB0eXBlPSJ0ZXh0L2NzcyI+CjwhLS0KLnJha3V0ZW4tY2FtcCB7Cgl3aWR0aDogNzI1cHg7Cglib3JkZXI6IDJweCBzb2xpZCAjMzM5OUZGOwoJcGFkZGluZy10b3A6IDVweDsKCS1tb3otYm9yZGVyLXJhZGl1czo0cHg7IC8qRmlyZWZveCovCgktd2Via2l0LWJvcmRlci1yYWRpdXM6IDRweDsgLypTYWZhcmksQ2hyb21lKi8KCWJvcmRlci1yYWRpdXM6NHB4OyAvKk9wZXJhLENocm9tZSovCgltYXJnaW46MCAxMHB4IDEwcHggMDsKfQoKLyog5L6h5qC844Gr5p6g57ea44GM44Gk44GPICovCnRhYmxlI3Jha3V0ZW5MaW1pdGVkSWRfY2FydCB7CiAgICBiYWNrZ3JvdW5kLWNvbG9yOiAjZjhmOGY4OwogICAgYm9yZGVyOiAxcHggc29saWQgI2RkZDsKICAgIHBhZGRpbmc6IDhweDsKICAgIG1hcmdpbjogMTZweCAwOwp9CgpzcGFuLnByaWNlMSB7CiAgICBjb2xvcjogIzMzMyAhaW1wb3J0YW50OwogICAgZm9udC13ZWlnaHQ6IGJvbGQ7CiAgICBmb250LXNpemU6IDgwJSAhaW1wb3J0YW50OwogICAgbGluZS1oZWlnaHQ6IDMwcHg7CiAgICBkaXNwbGF5OiBpbmxpbmUtYmxvY2s7CiAgICBtYXJnaW4tcmlnaHQ6IDE2cHg7Cn0KCi0tPgo8L3N0eWxlPgoKPCEtLeODkOODiuODvOOCqOODquOCoi0tPgoKPCEtLeOAkOa2iOOBmeOBqu+8geOAkeKYheKYheKYhSBoZWlnaHQ9IjM4MCIg44Gn6Kit5a6a44GX44Gm44GP44Gg44GV44GE44CC4piF4piF4piFLS0+CjwhLS3jg5Djg4rjg7zjgqjjg6rjgqLjgZPjgZPjgb7jgactLT4KCjwhLS3mpb3lpKnjgq3jg6Pjg7Pjg5rjg7zjg7MtLT4KCjxoMiBzdHlsZT0ibWFyZ2luOjIwcHggMCAxMHB4IDA7Ij48aW1nIHNyYz0iaHR0cDovL3d3dy5yYWt1dGVuLm5lLmpwL2dvbGQvYWtpYmFtYWMvZnJhbWUvaW1hZ2VzL3Jha3V0ZW5fdGl0bGUyLmdpZiIgYWx0PSLmpb3lpKnluILloLTjga7jgYrlvpfjgarjgq3jg6Pjg7Pjg5rjg7zjg7MiIHdpZHRoPSI3MzAiIGhlaWdodD0iNDIiIGJvcmRlcj0iMCI+PC9oMj4KPGRpdiBjbGFzcz0icmFrdXRlbi1jYW1wIiBzdHlsZT0ibWFyZ2luOjAgMCAwIDA7Ij4KCgo8IS0t5qW95aSp44Kt44Oj44Oz44Oa44O844OzQOOBk+OBk+OBvuOBpy0tPg==,44K944OL44O8IOOCueODnuODvOODiOODleOCqeODs+WvvuW/nO+8u1VTQiBtaWNyb0IvVVNC57Wm6Zu777y9VVNC44Oi44OQ44Kk44Or44OQ44OD44OG44Oq44O877yLVVNCIG1pY3JvQuOCseODvOODluODqyAxNWNtICg2MTAwbUFo44O744Ob44Ov44Kk44OIKSBDUEU2MUNX77ya44K944OV44Oe44OD44OX44CA44OH44K444K/44Or44Kz44Os44Kv44K344On44Oz,44K944OV44Oe44OD44OXIOODh+OCuOOCv+ODq+OCs+ODrOOCr+OCt+ODp+ODs1NvZm1hcCBEaWdpdGFsIENvbGxlY3Rpb27jg5Hjgr3jgrPjg7Pjgr/jg5bjg6zjg4Pjg4hQQ0hEROOCouOCu+ODs+ODluODquODkeODvOODhOODkeOCveOCs+ODs+ODkeODvOODhOODhuODrOODk+OCsuODvOODoOODluODq+ODvOODrOOCpOOCveODleODiERWROOCveODleODiOa2suaZtuODhuODrOODk+ODluODq+ODvOODrOOCpOODh+OCo+OCueOCr+ODrOOCs+ODvOODgOODvOODh+OCuOOCv+ODq+S4gOecvOODrOODleOCq+ODoeODqeODh+OCuOOCv+ODq+OCq+ODoeODqeWutumbu+aZguioiOS4reWPpOOAgOOCveODleODiOOCouOCpuODiOODrOODg+ODiOS4reWPpOODjuODvOODiOODkeOCveOCs+ODs+S4reWPpOODkeOCveOCs+ODs+OCveODi+ODvCDjgrnjg57jg7zjg4jjg5Xjgqnjg7Plr77lv5zvvLtVU0IgbWljcm9CL1VTQue1pumbu++8vVVTQuODouODkOOCpOODq+ODkOODg+ODhuODquODvO+8i1VTQiBtaWNyb0LjgrHjg7zjg5bjg6sgMTVjbSAoNjEwMG1BaOODu+ODm+ODr+OCpOODiCkgQ1BFNjFDVw==,44K944OL44O8IOOCueODnuODvOODiOODleOCqeODs+WvvuW/nO+8u1VTQiBtaWNyb0IvVVNC57Wm6Zu777y9VVNC44Oi44OQ44Kk44Or44OQ44OD44OG44Oq44O877yLVVNCIG1pY3JvQuOCseODvOODluODqyAxNWNtICg2MTAwbUFo44O744Ob44Ov44Kk44OIKSBDUEU2MUNX[rn]
3-47059,aHR0cDovL3RzaG9wLnIxMHMuanAvYWtpYmFtYWMvY2FiaW5ldC8wNTA1MDczOS80OTUwMTkwMzU4MjgyLmpwZz9maXRpbj03MDA6NzAw,MTY2MC4wMDAw,,44K544Oe44O844OI44OV44Kp44Oz44O744K/44OW44Os44OD44OIID4g44OQ44OD44OG44Oq44O844O75YWF6Zu75ZmoID4g44Oi44OQ44Kk44Or44OQ44OD44OG44Oq44O8,QlVGRkFMT+OCv+ODluODrOODg+ODiO+8j+OCueODnuODvOODiOODleOCqeODs+WvvuW/nO+8u1VTQiBtaWNyb0LvvI9VU0Lntabpm7vvvL1VU0Ljg6Ljg5DjgqTjg6vjg5Djg4Pjg4bjg6rjg7wg77yLVVNCIG1pY3JvQuOCseODvOODluODqyAxNe+9g++9jSAyLjRBKDY3MDBtQWjjg7vjg5bjg6vjg7wpIEJTTVBCNjcwMVAxQkw=,,PHRhYmxlIGJvcmRlcj0iMCIgY2VsbHBhZGRpbmc9IjAiIGNlbGxzcGFjaW5nPSIwIiB3aWR0aD0iNzEwIiBzdHlsZT0ibGluZS1oZWlnaHQ6MTQwJTsiPjx0cj48dGQ+PGZvbnQgc2l6ZT0iMiI+44CMQVVUTyBQT1dFUiBTRUxFQ1TmqZ/og73jgI3jgadpUGhvbmUvQW5kcm9pZOOCkuiHquWLleOBp+aApemAn+WFhembu+OAgjxicj7lhYXpm7vmlrnlvI/jga7nlbDjgarjgotpUGhvbmXjgIFBbmRyb2lk44KS5bCC55SoSUPjgYzoh6rli5XjgafliKTliKXjgZfjgIHmjqXntprjgZXjgozjgZ/mqZ/lmajjgavmnIDpganjgarlhYXpm7vvvIjlh7rlipvvvInjgpLooYzjgYZBVVRPIFBPV0VSIFNFTEVDVOapn+iDveOCkuaQrei8ieOAguOBqeOBruODneODvOODiOOBq+OBqeOBruapn+eoruOCkuaOpee2muOBl+OBpuOCguiHquWLleOBp+aApemAn+WFhembu+OBp+OBjeOBvuOBmeOAgjxicj48YnI+44K544Oe44O844OI44OV44Kp44Oz44KS57SEMi415Zue5YiG77yI4oC777yJ5YWF6Zu744Gn44GN44KL44Oi44OQ44Kk44Or44OQ44OD44OG44Oq44O8PGJyPmlQaG9uZeOBquOBqeOBruOCueODnuODvOODiOODleOCqeODs+OCkuWFhembu+OBp+OBjeOCi+WFhembu+W8j+ODquODgeOCpuODoOOCpOOCquODs+mbu+axoOWGheiUteOBruODouODkOOCpOODq+ODkOODg+ODhuODquODvOOAgjxicj4g5Lya56S+55So44Go44OX44Op44Kk44OZ44O844OI55So44Gn44CB44K544Oe44O844OI44OV44Kp44Oz44KSMuWPsOOBiuaMgeOBoeOBruaWueOCguWuieW/g+OBruWkp+WuuemHjzY3MDBtQWjjgIJpUGhvbmUgNnPjgarjgonntIQyLjXlm57liIbvvIjigLvvvInlhYXpm7vlj6/og73jgafjgZnjgIIg44OQ44OD44OG44Oq44O85YiH44KM44KS5rCX44Gr44Gb44Ga5a6J5b+D44GX44Gm44K544Oe44O844OI44OV44Kp44Oz44KS5L2/55So44Gn44GN44G+44GZ44CCPGJyPuKAu2lQaG9uZTZz44Gn44Gu6Kmm6aiT57WQ5p6c44Gr5Z+644Gl44GPPGJyPuOAkOa4rOWumuOBq+S9v+eUqOOBl+OBn+apn+adkOOAkeacrOijveWTgeOAgWlQaG9uZTZzKGlPUyB2ZXI5LjMuMSnjgIFMaWdodG5pbmfjgrPjg43jgq/jgr/jg7zku5jlhYXpm7vjgrHjg7zjg5bjg6vvvIgxMGNt77yJPGJyPiDjgJDmuKzlrprmlrnms5XjgJFpUGhvbmU2c+OBjOODkOODg+ODhuODquODvOaui+mHj+itpuWRiu+8iOaui+mHjzEwJe+8ieOCkuihqOekuuOBl+OBn+aZgueCueOBp2lQaG9uZTZz5pys5L2T44Gu6Zu75rqQ44KST0ZG44Gr44GX44CB5qyh44GraVBob25lNnPmnKzkvZPjga7lhYXpm7vnirbmhYvjgYwxMDAl44Gr44Gq44KL44G+44Gn44KSMeWbnuOBqOOBmeOCi+OAgiDvvIgyMDE25bm0NeaciOiqv+OBue+8iTxicj4g77yI5rOo77yJ5a6f6Zqb44Gu5YWF6Zu75pmC6ZaT44CB5YWF6Zu75Zue5pWw44Gv5rip5bqm44CB5rm/5bqm44CB44GU5L2/55So44GV44KM44KL5YWF6Zu744Kx44O844OW44Or562J44Gu5ris5a6a55Kw5aKD44CB44GK44KI44Gz44CB5pys6KO95ZOB44O7aVBob25lNnPjga7nirbmhYvjgavjgojjgornlbDjgarjgovloLTlkIjjgYzjgYLjgorjgb7jgZnjgII8YnI+PGJyPumbu+a6kOWIh+OCiuW/mOOCjOOBq+OCiOOCi+eEoemnhOOBqumbu+WKm+a2iOiyu+OCkumYsuOBkOOCquODvOODiOODkeODr+ODvOOCquODleapn+iDvTxicj7mnKzoo73lk4Hjga/jgr3jg5Xjg4jjgqbjgqfjgqLjgrnjgqTjg4Pjg4HjgpLmjqHnlKjjgZfjgabjgYrjgorjgIHlh7rlipvpm7vmtYHjgpLmpJznn6XjgZfjgabjgIHlhYXpm7vjgZfjgabjgYTjgarjgYTmmYLjga/oh6rli5Xjgafoo73lk4Hjga7pm7vmupDjgYzliIfjgozjgb7jgZnjgILnhKHpp4TjgarmtojosrvjgYzjgarjgYTjga7jgafnt4rmgKXmmYLjgavlronlv4PjgZfjgabjgZTkvb/nlKjjgYTjgZ/jgaDjgZHjgb7jgZnjgII8YnI+4oC744K544Oe44O844OI44OV44Kp44Oz44Gr44KI44Gj44Gm44Gv44CBMTAwJeWFhembu+ihqOekuuW+jOOCguWFhembu+OBjOe2muOBj+apn+eoruOBjOOBguOCiuOBvuOBmeOAgjxicj48YnI+5a656YeP44GM5LiA55uu44Gn44KP44GL44KLNOautemajkxFROaui+mHj+ihqOekuuapn+iDvTxicj7mnKzkvZPjgatMRUTjgpLmkK3ovInjgZfjgabjgYrjgorjgIE05q616ZqO6KGo56S644Gn6Zu75rGg5q6L6YeP44GM5LiA55uu44Gn56K66KqN44Gn44GN44G+44GZ44CC5L2/44GG44Go44GN44Gr44OQ44OD44OG44Oq44O844Gu5q6L6YeP44GM54Sh44GE44Go44GE44Gj44Gf5LiN5a6J44KS6Kej5raI44GX44G+44GZ44CCPGJyPjxicj7mjIHjgaHpgYvjgbPjgavkvr/liKnjgarjgq3jg6Pjg6rjg7PjgrDjg53jg7zjg4Hku5jjgY08YnI+5oyB44Gh6YGL44Gz44Gr5L6/5Yip44Gq44Kt44Oj44Oq44Oz44Kw44Od44O844OB44GM5LuY5bGe44CC44GK5Ye644GL44GR44Gu5pmC44KC5a6J5b+D44Gn44GZ44CCPGJyPjxicj7jg5Djg4Pjg5XjgqHjg63jg7zjga7jg5Djg4Pjg4bjg6rjg7zjga/lronlv4Pjg7vlronlhajoqK3oqIg8YnI+5L2/55So5pmC44Gu6YGO6Zu75rWB77yI44K344On44O844OI77yJL+mBjumbu+Wcp+OBquOBqeOBrueVsOW4uOOCkuaknOefpeOBl+OBpuWLleS9nOOCkuWBnOatouOBl+OCueODnuODm+OCkuS/neitt+OBmeOCizLmrrXpmo7jga7lm57ot6/jgIHlronlhajoo4Xnva7ku5jjga7jg5Djg4Pjg4bjg6rjg7zjgrvjg6vjgpLmkK3ovInjgILlronlv4Pjg7vlronlhajjgarlhYXpm7vjgYzooYzjgYjjgb7jgZnjgII8YnI+PGJyPjIuNEHlh7rlipvlr77lv5zjgafjgr/jg5bjg6zjg4Pjg4jjgarjganjgrnjg57jg7zjg4jjg5Xjgqnjg7Pku6XlpJbjga7mqZ/lmajjgavjgoLlr77lv5w8YnI+Mi40QeWHuuWKm+OBruOBn+OCgeOAgWlQYWTjgoRBbmRyb2lk44K/44OW44Os44OD44OI44Gr5a++44GX44Gm44KC5a6J5a6a44GX44Gf5YWF6Zu744GM5Y+v6IO944Gn44GZ44CC44G+44GfV2Fsa21hbuOAgeODh+OCuOOCq+ODoeOAgeaQuuW4r+OCsuODvOODoOapn+OAgeODouODkOOCpOODq+ODq+ODvOOCv+ODvOOBquOBqeOAgVVTQuWFhembu+OBq+WvvuW/nOOBl+OBpuOBhOOCi+apn+WZqOOBq+OCguWvvuW/nOOBl+OBpuOBhOOBvuOBmeOAgjxicj7igLtBbmRyb2lk44K/44OW44Os44OD44OI44GvbWljcm8gVVNC5YWF6Zu744Gr5a++5b+c44GX44Gf44K/44OW44Os44OD44OI44Gr6ZmQ44KK44G+44GZ44CCPGJyPuKAu1BD44GuVVNC44Od44O844OI44GL44KJ5YWF6Zu744Gn44GN44KL5qmf5Zmo44Gu44G/44CCPGJyPuKAu2lQYWTjgIFtaWNyb0Lku6XlpJbjga7nq6/lrZDjgpLkvb/nlKjjgZnjgovmqZ/lmajjgpLlhYXpm7vjgZnjgovpmpvjga/liKXlo7LjgorjgrHjg7zjg5bjg6vjgYzlv4XopoHjgafjgZnjgII8YnI+PGJyPue5sOOCiui/lOOBl+ODgeODo+ODvOOCuOOBq+WvvuW/nCA8YnI+57SEMzAw5Zue5L2/55So5Y+v6IO944Gq5YWF6Zu75byP44Oq44OB44Km44Og44Kk44Kq44Oz6Zu75rGg44KS5o6h55So44CC44OQ44OD44OG44Oq44O85pys5L2T44KS44Kz44Oz44K744Oz44OI44KEUEPjgYvjgonjg4Hjg6Pjg7zjgrjjgZnjgovjgZPjgajjgafnubDjgorov5TjgZfkvb/nlKjjgafjgY3jgb7jgZnjgIIgPGJyPjxicj5Sb0hT5Z+65rqW5YCk5rqW5ougPGJyPjIwMDblubQ35pyI44GL44KJRVXlnI/jgafmlr3ooYzjgZXjgozjgZ/pm7vmsJfjg7vpm7vlrZDmqZ/lmajjgavlr77jgZnjgovnibnlrprmnInlrrPnianos6rkvb/nlKjliLbpmZDmjIfku6TjgIxSb0hT5oyH5Luk44CN44Gu5Z+65rqW5YCk44Gr5rqW5oug44GX44Gm44GE44G+44GZ44CCPGJyPuKAu1JvSFPln7rmupblgKTjgavjgaTjgYTjgabjga/jgZPjgaHjgonjgpLjgZTopqfjgY/jgaDjgZXjgYTjgII8YnI+PGJyPuOAkOijveWTgeS7leanmOOAkTxicj7jg5Djg4Pjg4bjg6rjg7zjgr/jgqTjg5fjgIDlhYXpm7vlvI/jg6rjg4Hjgqbjg6DjgqTjgqrjg7Ppm7vmsaA8YnI+44OQ44OD44OG44Oq44O85a656YeP44CAREMzLjYzVi82NzAwbUFo77yI57SEMjQuMzJXaO+8iTxicj7lhaXlipvjgIBEQzUuMFYvMi4wQTxicj7lh7rlipvjgIBEQzUuMFYvMi40QTxicj7lhYXpm7vmmYLplpPjgIDntIQ15pmC6ZaT44CA4oC75b2T56S+VVNC5YWF6Zu75ZmoQlNNUEJBQzA144KS5L2/55So44GX44Gm44OB44Oj44O844K444GX44Gf5aC05ZCI44Gu55uu5a6J44CCPGJyPue5sOOCiui/lOOBl+WFhembu+WbnuaVsOOAgOe0hDMwMOWbnjxicj7jgrHjg7zjg5bjg6vplbfjgIDntIQxNWNtPGJyPuWkluW9ouWvuOazle+8iOW5hcOX6auY44GVw5flpaXooYzvvInjgIA1M8OXODjDlzIzLjZtbe+8iOeqgei1t+mDqOmZpOOBj++8iTxicj7os6rph4/jgIDntIQxMzVnPGJyPuODkeODg+OCseODvOOCuOWvuOazle+8iOW5hcOX6auY44GVw5flpaXooYzvvInjgIAxMDDDlzE3OMOXNDJtbTxicj7jg5Hjg4PjgrHjg7zjgrjos6rph4/vvIjmnKzkvZPlkKvjgoDvvInjgIDntIQxOTNnPGJyPuWLleS9nOeSsOWig+OAgOa4qeW6pjXihIPvvZ40MOKEg+OAgea5v+W6pjEw77yF772eODXvvIUo57WQ6Zyy44Gq44GN44GT44GoKTxicj7kv53oqLzmnJ/plpPjgIA244O25pyIPGJyPuijveWTgeani+aIkOOAgOacrOS9k+OAgVVTQiBBIHRvIG1pY3JvQuOCseODvOODluODq++8iDE1Y23vvInjgIHjgq3jg6Pjg6rjg7PjgrDjg53jg7zjg4HjgIHlj5bmibHoqqzmmI7mm7g8YnI+PGJyPjwvZm9udD48L3RkPjwvdHI+PC90YWJsZT48c3R5bGUgdHlwZT0idGV4dC9jc3MiPgo8IS0tCi5yYWt1dGVuLWNhbXAgewoJd2lkdGg6IDcyNXB4OwoJYm9yZGVyOiAycHggc29saWQgIzMzOTlGRjsKCXBhZGRpbmctdG9wOiA1cHg7CgktbW96LWJvcmRlci1yYWRpdXM6NHB4OyAvKkZpcmVmb3gqLwoJLXdlYmtpdC1ib3JkZXItcmFkaXVzOiA0cHg7IC8qU2FmYXJpLENocm9tZSovCglib3JkZXItcmFkaXVzOjRweDsgLypPcGVyYSxDaHJvbWUqLwoJbWFyZ2luOjAgMTBweCAxMHB4IDA7Cn0KCi8qIOS+oeagvOOBq+aeoOe3muOBjOOBpOOBjyAqLwp0YWJsZSNyYWt1dGVuTGltaXRlZElkX2NhcnQgewogICAgYmFja2dyb3VuZC1jb2xvcjogI2Y4ZjhmODsKICAgIGJvcmRlcjogMXB4IHNvbGlkICNkZGQ7CiAgICBwYWRkaW5nOiA4cHg7CiAgICBtYXJnaW46IDE2cHggMDsKfQoKc3Bhbi5wcmljZTEgewogICAgY29sb3I6ICMzMzMgIWltcG9ydGFudDsKICAgIGZvbnQtd2VpZ2h0OiBib2xkOwogICAgZm9udC1zaXplOiA4MCUgIWltcG9ydGFudDsKICAgIGxpbmUtaGVpZ2h0OiAzMHB4OwogICAgZGlzcGxheTogaW5saW5lLWJsb2NrOwogICAgbWFyZ2luLXJpZ2h0OiAxNnB4Owp9CgotLT4KPC9zdHlsZT4KCjwhLS3jg5Djg4rjg7zjgqjjg6rjgqItLT4KCjwhLS3jgJDmtojjgZnjgarvvIHjgJHimIXimIXimIUgaGVpZ2h0PSIzODAiIOOBp+ioreWumuOBl+OBpuOBj+OBoOOBleOBhOOAguKYheKYheKYhS0tPgo8IS0t44OQ44OK44O844Ko44Oq44Ki44GT44GT44G+44GnLS0+Cgo8IS0t5qW95aSp44Kt44Oj44Oz44Oa44O844OzLS0+Cgo8aDIgc3R5bGU9Im1hcmdpbjoyMHB4IDAgMTBweCAwOyI+PGltZyBzcmM9Imh0dHA6Ly93d3cucmFrdXRlbi5uZS5qcC9nb2xkL2FraWJhbWFjL2ZyYW1lL2ltYWdlcy9yYWt1dGVuX3RpdGxlMi5naWYiIGFsdD0i5qW95aSp5biC5aC044Gu44GK5b6X44Gq44Kt44Oj44Oz44Oa44O844OzIiB3aWR0aD0iNzMwIiBoZWlnaHQ9IjQyIiBib3JkZXI9IjAiPjwvaDI+CjxkaXYgY2xhc3M9InJha3V0ZW4tY2FtcCIgc3R5bGU9Im1hcmdpbjowIDAgMCAwOyI+CgoKPCEtLealveWkqeOCreODo+ODs+ODmuODvOODs0DjgZPjgZPjgb7jgactLT4=,QlVGRkFMT+OCv+ODluODrOODg+ODiO+8j+OCueODnuODvOODiOODleOCqeODs+WvvuW/nO+8u1VTQiBtaWNyb0LvvI9VU0Lntabpm7vvvL1VU0Ljg6Ljg5DjgqTjg6vjg5Djg4Pjg4bjg6rjg7wg77yLVVNCIG1pY3JvQuOCseODvOODluODqyAxNe+9g++9jSAyLjRBKDY3MDBtQWjjg7vjg5bjg6vjg7wpIEJTTVBCNjcwMVAxQkzvvJrjgr3jg5Xjg57jg4Pjg5fjgIDjg4fjgrjjgr/jg6vjgrPjg6zjgq/jgrfjg6fjg7M=,44K944OV44Oe44OD44OXIOODh+OCuOOCv+ODq+OCs+ODrOOCr+OCt+ODp+ODs1NvZm1hcCBEaWdpdGFsIENvbGxlY3Rpb27jg5Hjgr3jgrPjg7Pjgr/jg5bjg6zjg4Pjg4hQQ0hEROOCouOCu+ODs+ODluODquODkeODvOODhOODkeOCveOCs+ODs+ODkeODvOODhOODhuODrOODk+OCsuODvOODoOODluODq+ODvOODrOOCpOOCveODleODiERWROOCveODleODiOa2suaZtuODhuODrOODk+ODluODq+ODvOODrOOCpOODh+OCo+OCueOCr+ODrOOCs+ODvOODgOODvOODh+OCuOOCv+ODq+S4gOecvOODrOODleOCq+ODoeODqeODh+OCuOOCv+ODq+OCq+ODoeODqeWutumbu+aZguioiOS4reWPpOOAgOOCveODleODiOOCouOCpuODiOODrOODg+ODiOS4reWPpOODjuODvOODiOODkeOCveOCs+ODs+S4reWPpOODkeOCveOCs+ODs0JVRkZBTE/jgr/jg5bjg6zjg4Pjg4jvvI/jgrnjg57jg7zjg4jjg5Xjgqnjg7Plr77lv5zvvLtVU0IgbWljcm9C77yPVVNC57Wm6Zu777y9VVNC44Oi44OQ44Kk44Or44OQ44OD44OG44Oq44O8IO+8i1VTQiBtaWNyb0LjgrHjg7zjg5bjg6sgMTXvvYPvvY0gMi40QSg2NzAwbUFo44O744OW44Or44O8KSBCU01QQjY3MDFQMUJM,QlVGRkFMT+OCv+ODluODrOODg+ODiO+8j+OCueODnuODvOODiOODleOCqeODs+WvvuW/nO+8u1VTQiBtaWNyb0LvvI9VU0Lntabpm7vvvL1VU0Ljg6Ljg5DjgqTjg6vjg5Djg4Pjg4bjg6rjg7wg77yLVVNCIG1pY3JvQuOCseODvOODluODqyAxNe+9g++9jSAyLjRBKDY3MDBtQWjjg7vjg5bjg6vjg7wpIEJTTVBCNjcwMVAxQkw=[rn]
3-47060,aHR0cDovL3RzaG9wLnIxMHMuanAvYWtpYmFtYWMvY2FiaW5ldC8wNTA1MDczOS80NTgwMzcwNzMxNjQ0LmpwZz9maXRpbj03MDA6NzAw,Mjk0OC44MDAw,,44K544Oe44O844OI44OV44Kp44Oz44O744K/44OW44Os44OD44OIID4g44OQ44OD44OG44Oq44O844O75YWF6Zu75ZmoID4g44Oi44OQ44Kk44Or44OQ44OD44OG44Oq44O8,44OG44Kj44Ki44O844Or44Ko44Kk44K/44OW44Os44OD44OI77yP44K544Oe44O844OI44OV44Kp44Oz5a++5b+c77y7bWljcm8gVVNC77y9VVNC44Oi44OQ44Kk44Or44OQ44OD44OG44Oq44O8IO+8i21pY3JvIFVTQuOCseODvOODluODqyAzLjRBIO+8iDEwMDUwbUFoIOODuzLjg53jg7zjg4jjg7tEQU5CT0FSRCDjgbLjgb7jgo/jgorvvIkgQ0hFLTA2NkhNIChDSEUwNjZITSk=,,PHRhYmxlIGJvcmRlcj0iMCIgY2VsbHBhZGRpbmc9IjAiIGNlbGxzcGFjaW5nPSIwIiB3aWR0aD0iNzEwIiBzdHlsZT0ibGluZS1oZWlnaHQ6MTQwJTsiPjx0cj48dGQ+PGZvbnQgc2l6ZT0iMiI+44CU44K/44OW44Os44OD44OI77yP44K544Oe44O844OI44OV44Kp44Oz5a++5b+c77y7bWljcm8gVVNC77yPVVNC57Wm6Zu777y977ya44Oi44OQ44Kk44Or44OQ44OD44OG44Oq44O877yIVVNC6JOE6Zu777yJ77yLbWljcm8gVVNC44Kx44O844OW44OrIOWFhembu+OAlTxicj7jg4Djg7Pjg5zjg7zjg5Xjg6zjg7zjg5Djg7zjgrrjgoLjgZXjgonjgavlj6/mhJvjgY/jgarjgorjgb7jgZfjgZ/jgILjgIxjaGVlcm8gUG93ZXIgUGx1cyAxMDA1MG1BaCBEQU5CT0FSRCB2ZXJzaW9uIC1GTE9XRVJTLeOAjTxicj48YnI+5aSn5Lq65rCX44Gu44OA44Oz44Oc44O844OV44Os44O844OQ44O844K344Oq44O844K644GM44CB5Y+v5oSb44GP44Kz44Oz44OR44Kv44OI44Gr44Gq44Gj44Gm44OR44Ov44O844Ki44OD44OX77yB44GK44KK44GT44GG5qmf6IO944KC5pCt6LyJ44GX44Gm44GV44KJ44Gr5L2/44GE44KE44GZ44GP44Gq44Gj44Gm44Gu55m75aC044Gn44GZ44CCMTAwNTBtQWjjga7lpKflrrnph4/jgIHjgZ3jgozjgarjga7jgavjgZ/jgaPjgZ8xOTBn44CCaVBob25lNuOBquOCiTMuNeWbnuOBruODleODq+WFhembu+OBjOWHuuadpeOCi+OBruOBp+OAgeOBoeOCh+OBo+OBqOOBl+OBn+OBiuWHuuOBi+OBkeOBi+OCieOAgeWHuuW8teOChOaXheihjOOBq+OCguOBiuS9v+OBhOOBhOOBn+OBoOOBkeOBvuOBmeOAgjxicj48YnI+4pagIOWuuemHj+OBr+OBu+OBvOOBneOBruOBvuOBvuOAguOCteOCpOOCuuOBrzIvM+OBq++8gTxicj7liY3kvZzjga4xMDQwMG1BaOOBi+OCiTEwMDUwbUFo44G444Go44OQ44OD44OG44Oq44O85a656YeP44Gv44G744G85ZCM44GY44Gn44CB5aSn5bmF44Gr5bCP44GV44GP6Lu944GP44Gq44KK44G+44GX44Gf44CC44GT44KM44G+44Gn5Lul5LiK44Gr5L2/44GE44KE44GZ44GE5aSn5a656YeP44CB44GL44Gk44Kz44Oz44OR44Kv44OI44Gq44OQ44OD44OG44Oq44O844Gn44GZ44CCPGJyPuKWoCDlpKfliIfjgavjgZfjgZ/jga7jga/lronlhajmgKfjgII8YnI+6auY5ZOB6LOq44Gu5pel5pys6KO977yIUGFuYXNvbmlj6KO9KeOBruOCu+ODq+OCkuS9v+eUqOOBl+OBpuOBhOOBvuOBmeOAguWTgeizqueuoeeQhuOBq+OBk+OBoOOCj+OCi+aXpeacrOijveOBruaKgOihk+OCkuWGheiUtembu+axoOOBq+W/nOeUqOOBl+OAgeWOs+OBl+OBhOWuieWFqOWfuua6luOCkuOCr+ODquOCouOBl+OBpuOBhOOBvuOBmeOAgmNoZWVyb+OBruWTgeizquOBuOOBruOBk+OBoOOCj+OCiuOBr+OAgeWuieWFqOaAp+OCkuS4gOeVquOBq+iAg+OBiOOAgeiqsOOCguOBjOWuieW/g+OBl+OBpuS9v+OBiOOCi+ODkOODg+ODhuODquODvOOCkuaPkOS+m+OBmeOCi+OBk+OBqOOBp+OBmeOAgjxicj7ilqAgQVVUTy1JQ+apn+iDveaQrei8ieOBp+OCpOODs+ODhuODquOCuOOCp+ODs+ODiOOBquWFhembu+OCkjxicj7mjqXntprjgZXjgozjgZ/jg4fjg5DjgqTjgrnjgpLoh6rli5Xoqo3orZjjgZnjgotBVVRPLUlD5qmf6IO95pCt6LyJ44Gn44CB44Gp44Gh44KJ44Gu44Od44O844OI44Gr5oy/44GX44Gm44KC44OH44OQ44Kk44K544Gr5pyA6YGp5YyW44GX44Gf5YWF6Zu744KS6KGM44GG44GL44GX44GT44GE44OQ44OD44OG44Oq44O844Gn44GZ44CCPGJyPuKWoCDlhaXlipvpm7vmtYHjga8yQeOAgeODgOODs+ODnOODvOOBuOOCgumrmOmAn+e1pumbuzxicj7lvpPmnaXjga4xQeOBruWFpeWKm+ODneODvOODiOOBi+OCieOAgTJB44G444CC5LuY5bGe44GubWljcm8gVVNC44Kx44O844OW44Or44Go5LiA57eS44Gr5L2/44GG44GT44Go44Gr44KI44Gj44Gm44CB44OQ44OD44OG44Oq44O85pys5L2T44G444Gu57Wm6Zu744K544OU44O844OJ44GM5b6T5p2l44GuMuWAjeOBrumAn+OBleOBq+OAgjxicj7igLsyQeWvvuW/nOOBrkFD44Ki44OA44OX44K/44KS44GU5Yip55So44GP44Gg44GV44GEPGJyPjxicj7jgJDoo73lk4Hku5Xmp5jjgJE8YnI+4pagIOmbu+axoOWuuemHj++8mjEwMDUwbUFoPGJyPuKWoCDjgrXjgqTjgrrvvJrntIQgOTUgw5cgNjIgw5cgMjIgbW08YnI+4pagIOmHjemHjyjmnKzkvZMp77ya57SEIDE5MCBnPGJyPuKWoCDlhaXlipvvvJo1ViAvIDJBIE1BWCAoTWljcm8gVVNCKTxicj7ilqAg5Ye65Yqb77yaNVYgLyAzLjRBICjlkIjoqIgpPGJyPuKWoCDlhYXpm7vmmYLplpPvvJrntIQ15pmC6ZaTIOKAuzJB44Ki44OA44OX44K/5Yip55So44Gu5aC05ZCIPGJyPuKWoCDliKnnlKjlj6/og73lm57mlbDvvJrntIQ1MDDlm548YnI+4pagIOijveWTgeS/neiovO+8muOBiuiyt+OBhOS4iuOBkuaXpeOBi+OCiTHlubTplpM8YnI+4pagIOWvvuW/nOapn+eoru+8mmlQaG9uZS9pUGFkL2lQYWQgbWluaeOAgU1pY3JvVVNC5a++5b+c44K544Oe44O844OI44OV44Kp44OzL+aQuuW4r+OAgVdpLUZp44Or44O844K/562JPGJyPuKWoCDku5jlsZ7lk4HvvJrjg53jg7zjg4HjgIFVU0ItTWljcm8gVVNCIOOCseODvOODluODq++8iOeZve+8ieOAgeiqrOaYjuabuC/kv53oqLzmm7g8YnI+4pagIOS/neitt+apn+iDve+8mumBjuWFhembuyjpm7vlnKcv6Zu75rWBKeaZgiDjgIEg6YGO5pS+6Zu7KOmbu+Wcpy/pm7vmtYEp5pmCIOOAgeefree1oeWMlijjgrfjg6fjg7zjg4gp5pmCIOOAgSDnmbrnhrHmmYLjgIDjgIEg44OH44OQ44Kk44K55YWF6Zu75a6M5LqG5pmCPGJyPuKAu+acrOS9k+WFhembu+OBr+S7mOWxnuOBrlVTQuOCseODvOODluODq+OCiOOCiuOBiumhmOOBhOOBl+OBvuOBmeOAgjxicj7igLvoh6rli5Xpm7vmupBPRkbmqZ/og73jga/mnKrlr77lv5zjga7jg4fjg5DjgqTjgrnjgoLjgZTjgZbjgYTjgb7jgZnjgII8YnI+4oC744Kx44O844OW44Or44Go56uv5pyr44Gu55u45oCn44KC44GU44GW44GE44G+44GZ44Gu44Gn44CB5LuY5bGe44Kx44O844OW44Or44Gn5YWF6Zu75Ye65p2l44Gq44GE5aC05ZCI44Gv44CB5YWF6Zu744GZ44KL44OH44OQ44Kk44K55LuY5bGe44Gu44Kx44O844OW44Or44Gn44GK6Kmm44GX5LiL44GV44GE44G+44Gb44CCPGJyPuKAu+WutuW6reeUqOOCs+ODs+OCu+ODs+ODiOOBi+OCieWFhembu+OBmeOCi+WgtOWQiOOBr+OAgeWumuagvOmbu+a1gTJB44GuVVNCIEFD44Ki44OA44OX44K/44KS44GU5Yip55So5LiL44GV44GE44CCPGJyPuKAu+S7mOWxnuOBr01pY3JvIFVTQuOCseODvOODluODq+OBq+OBquOCiuOBvuOBmeOAguODqeOCpOODiOODi+ODs+OCsOOCseODvOODluODq+OBr+S7mOWxnuOBl+OBpuOBiuOCiuOBvuOBm+OCk+OAgjxicj7igLvjg5XjgqHjg5bjg6rjg4Pjgq/jgrHjg7zjg5bjg6vjga/ku5jlsZ7jgZfjgabjgYrjgorjgb7jgZvjgpPjgII8YnI+PGJyPjwvZm9udD48L3RkPjwvdHI+PC90YWJsZT48dGFibGUgY2VsbHNwYWNpbmc9IjAiIGNlbGxwYWRkaW5nPSI0IiBib3JkZXI9IjEiIHdpZHRoPSI3MTAiIGJvcmRlcmNvbG9yPSIjY2NjY2NjIj48dHI+PHRkIHdpZHRoPSIxODAiIGJnY29sb3I9IiNlZmVmZWYiPjxmb250IHNpemU9IjIiPuaOpee2muerr+WtkDwvZm9udD48L3RkPjx0ZCB3aWR0aD0iNTMwIj48Zm9udCBzaXplPSIyIj5taWNybyBVU0LvvI9VU0Lntabpm7s8L2ZvbnQ+PC90ZD48L3RyPjx0cj48dGQgd2lkdGg9IjE4MCIgYmdjb2xvcj0iI2VmZWZlZiI+PGZvbnQgc2l6ZT0iMiI+6ImyPC9mb250PjwvdGQ+PHRkIHdpZHRoPSI1MzAiPjxmb250IHNpemU9IjIiPuOCreODo+ODqeOCr+OCv+ODvDwvZm9udD48L3RkPjwvdHI+PHRyPjx0ZCB3aWR0aD0iMTgwIiBiZ2NvbG9yPSIjZWZlZmVmIj48Zm9udCBzaXplPSIyIj7jg53jg7zjg4jmlbA8L2ZvbnQ+PC90ZD48dGQgd2lkdGg9IjUzMCI+PGZvbnQgc2l6ZT0iMiI+MuODneODvOODiDwvZm9udD48L3RkPjwvdHI+PHRyPjx0ZCB3aWR0aD0iMTgwIiBiZ2NvbG9yPSIjZWZlZmVmIj48Zm9udCBzaXplPSIyIj7pq5jlh7rlips8L2ZvbnQ+PC90ZD48dGQgd2lkdGg9IjUzMCI+PGZvbnQgc2l6ZT0iMiI+44K/44OW44Os44OD44OI5a++5b+c77yI6auY5Ye65Yqb77yJPC9mb250PjwvdGQ+PC90cj48L3RhYmxlPjxzdHlsZSB0eXBlPSJ0ZXh0L2NzcyI+CjwhLS0KLnJha3V0ZW4tY2FtcCB7Cgl3aWR0aDogNzI1cHg7Cglib3JkZXI6IDJweCBzb2xpZCAjMzM5OUZGOwoJcGFkZGluZy10b3A6IDVweDsKCS1tb3otYm9yZGVyLXJhZGl1czo0cHg7IC8qRmlyZWZveCovCgktd2Via2l0LWJvcmRlci1yYWRpdXM6IDRweDsgLypTYWZhcmksQ2hyb21lKi8KCWJvcmRlci1yYWRpdXM6NHB4OyAvKk9wZXJhLENocm9tZSovCgltYXJnaW46MCAxMHB4IDEwcHggMDsKfQoKLyog5L6h5qC844Gr5p6g57ea44GM44Gk44GPICovCnRhYmxlI3Jha3V0ZW5MaW1pdGVkSWRfY2FydCB7CiAgICBiYWNrZ3JvdW5kLWNvbG9yOiAjZjhmOGY4OwogICAgYm9yZGVyOiAxcHggc29saWQgI2RkZDsKICAgIHBhZGRpbmc6IDhweDsKICAgIG1hcmdpbjogMTZweCAwOwp9CgpzcGFuLnByaWNlMSB7CiAgICBjb2xvcjogIzMzMyAhaW1wb3J0YW50OwogICAgZm9udC13ZWlnaHQ6IGJvbGQ7CiAgICBmb250LXNpemU6IDgwJSAhaW1wb3J0YW50OwogICAgbGluZS1oZWlnaHQ6IDMwcHg7CiAgICBkaXNwbGF5OiBpbmxpbmUtYmxvY2s7CiAgICBtYXJnaW4tcmlnaHQ6IDE2cHg7Cn0KCi0tPgo8L3N0eWxlPgoKPCEtLeODkOODiuODvOOCqOODquOCoi0tPgoKPCEtLeOAkOa2iOOBmeOBqu+8geOAkeKYheKYheKYhSBoZWlnaHQ9IjM4MCIg44Gn6Kit5a6a44GX44Gm44GP44Gg44GV44GE44CC4piF4piF4piFLS0+CjwhLS3jg5Djg4rjg7zjgqjjg6rjgqLjgZPjgZPjgb7jgactLT4KCjwhLS3mpb3lpKnjgq3jg6Pjg7Pjg5rjg7zjg7MtLT4KCjxoMiBzdHlsZT0ibWFyZ2luOjIwcHggMCAxMHB4IDA7Ij48aW1nIHNyYz0iaHR0cDovL3d3dy5yYWt1dGVuLm5lLmpwL2dvbGQvYWtpYmFtYWMvZnJhbWUvaW1hZ2VzL3Jha3V0ZW5fdGl0bGUyLmdpZiIgYWx0PSLmpb3lpKnluILloLTjga7jgYrlvpfjgarjgq3jg6Pjg7Pjg5rjg7zjg7MiIHdpZHRoPSI3MzAiIGhlaWdodD0iNDIiIGJvcmRlcj0iMCI+PC9oMj4KPGRpdiBjbGFzcz0icmFrdXRlbi1jYW1wIiBzdHlsZT0ibWFyZ2luOjAgMCAwIDA7Ij4KCgo8IS0t5qW95aSp44Kt44Oj44Oz44Oa44O844OzQOOBk+OBk+OBvuOBpy0tPg==,44OG44Kj44Ki44O844Or44Ko44Kk44K/44OW44Os44OD44OI77yP44K544Oe44O844OI44OV44Kp44Oz5a++5b+c77y7bWljcm8gVVNC77y9VVNC44Oi44OQ44Kk44Or44OQ44OD44OG44Oq44O8IO+8i21pY3JvIFVTQuOCseODvOODluODqyAzLjRBIO+8iDEwMDUwbUFoIOODuzLjg53jg7zjg4jjg7tEQU5CT0FSRCDjgbLjgb7jgo/jgorvvIkgQ0hFLTA2NkhNIChDSEUwNjZITSnvvJrjgr3jg5Xjg57jg4Pjg5fjgIDjg4fjgrjjgr/jg6vjgrPjg6zjgq/jgrfjg6fjg7M=,44K944OV44Oe44OD44OXIOODh+OCuOOCv+ODq+OCs+ODrOOCr+OCt+ODp+ODs1NvZm1hcCBEaWdpdGFsIENvbGxlY3Rpb27jg5Hjgr3jgrPjg7Pjgr/jg5bjg6zjg4Pjg4hQQ0hEROOCouOCu+ODs+ODluODquODkeODvOODhOODkeOCveOCs+ODs+ODkeODvOODhOODhuODrOODk+OCsuODvOODoOODluODq+ODvOODrOOCpOOCveODleODiERWROOCveODleODiOa2suaZtuODhuODrOODk+ODluODq+ODvOODrOOCpOODh+OCo+OCueOCr+ODrOOCs+ODvOODgOODvOODh+OCuOOCv+ODq+S4gOecvOODrOODleOCq+ODoeODqeODh+OCuOOCv+ODq+OCq+ODoeODqeWutumbu+aZguioiOS4reWPpOOAgOOCveODleODiOOCouOCpuODiOODrOODg+ODiOS4reWPpOODjuODvOODiOODkeOCveOCs+ODs+S4reWPpOODkeOCveOCs+ODs+ODhuOCo+OCouODvOODq+OCqOOCpOOCv+ODluODrOODg+ODiO+8j+OCueODnuODvOODiOODleOCqeODs+WvvuW/nO+8u21pY3JvIFVTQu+8vVVTQuODouODkOOCpOODq+ODkOODg+ODhuODquODvCDvvIttaWNybyBVU0LjgrHjg7zjg5bjg6sgMy40QSDvvIgxMDA1MG1BaCDjg7sy44Od44O844OI44O7REFOQk9BUkQg44Gy44G+44KP44KK77yJIENIRS0wNjZITSAoQ0hFMDY2SE0p,44OG44Kj44Ki44O844Or44Ko44Kk44K/44OW44Os44OD44OI77yP44K544Oe44O844OI44OV44Kp44Oz5a++5b+c77y7bWljcm8gVVNC77y9VVNC44Oi44OQ44Kk44Or44OQ44OD44OG44Oq44O8IO+8i21pY3JvIFVTQuOCseODvOODluODqyAzLjRBIO+8iDEwMDUwbUFoIOODuzLjg53jg7zjg4jjg7tEQU5CT0FSRCDjgbLjgb7jgo/jgorvvIkgQ0hFLTA2NkhNIChDSEUwNjZITSk=[rn]
3-47061,aHR0cDovL3RzaG9wLnIxMHMuanAvYWtpYmFtYWMvY2FiaW5ldC8wNTI2NDA2OS80OTUzMTAzMjg0NDcwLmpwZz9maXRpbj03MDA6NzAw,MTUyMC4wMDAw,,44K544Oe44O844OI44OV44Kp44Oz44O744K/44OW44Os44OD44OIID4g44OQ44OD44OG44Oq44O844O75YWF6Zu75ZmoID4g44Oi44OQ44Kk44Or44OQ44OD44OG44Oq44O8,44Ko44Os44Kz44Og44K/44OW44Os44OD44OI77yP44K544Oe44O844OI44OV44Kp44Oz5a++5b+c77y7VVNCIG1pY3JvQu+8vVVTQuODouODkOOCpOODq+ODkOODg+ODhuODquODvO+8i1VTQiBtaWNyb0LjgrHjg7zjg5bjg6sgMTBjbSAzLjBB77yINjAwMG1BaOODuzLjg53jg7zjg4jjg7vjg5bjg6vjg7zvvIlERS1NMDFMNjAzMEJVIChERU0wMUw2MDMwQlUp,,PHRhYmxlIGJvcmRlcj0iMCIgY2VsbHBhZGRpbmc9IjAiIGNlbGxzcGFjaW5nPSIwIiB3aWR0aD0iNzEwIiBzdHlsZT0ibGluZS1oZWlnaHQ6MTQwJTsiPjx0cj48dGQ+PGZvbnQgc2l6ZT0iMiI+44CU44K/44OW44Os44OD44OI77yP44K544Oe44O844OI44OV44Kp44Oz5a++5b+c77y7VVNCIG1pY3JvQu+8j1VTQue1pumbu++8ve+8muODouODkOOCpOODq+ODkOODg+ODhuODquODvO+8iFVTQuiThOmbu++8ie+8i1VTQiBtaWNyb0LjgrHjg7zjg5bjg6sg5YWF6Zu744CVPGJyPuOCueODnuODvOODiOODleOCqeODs+ODu+OCv+ODluODrOODg+ODiOOBqOODouODkOOCpOODq+ODkOODg+ODhuODquODvOOCkuOBvuOBqOOCgeOBpuWFhembu+OBp+OBjeOCiyHmjIHjgaHpgYvjgbPjgavkvr/liKnjgarjgrPjg7Pjg5Hjgq/jg4jjgr/jgqTjg5fjga7jgrnjg57jg7zjg4jjg5Xjgqnjg7Pjg7vjgr/jg5bjg6zjg4Pjg4jnlKjjg6Ljg5DjgqTjg6vjg5Djg4Pjg4bjg6rjg7zjgII8YnI+PGJyPuKWoCDjgrnjg6rjg6DoqK3oqIjjgafjgqvjg5Djg7Pjgarjganjga7pmpnplpPjgavlhaXjgozjgoTjgZnjgY/jgIHmjIHjgaHpgYvjgbPjgavkvr/liKnjgarjgrPjg7Pjg5Hjgq/jg4jjgr/jgqTjg5fjga7jgrnjg57jg7zjg4jjg5Xjgqnjg7Pjg7vjgr/jg5bjg6zjg4Pjg4jnlKjjg6Ljg5DjgqTjg6vjg5Djg4Pjg4bjg6rjg7zjgafjgZnjgII8YnI+4pagIOacrOS9k+WFhembu+eUqOOCseODvOODluODq+OCkuaOpee2muOBl+OBn+OBvuOBvuOBp+OAgeOCueODnuODvOODiOODleOCqeODs+OChOOCv+ODluODrOODg+ODiOOBqOODouODkOOCpOODq+ODkOODg+ODhuODquODvOOCkuWFhembu+OBp+OBjeOCi+OAjOOBvuOBqOOCgeOBpuWFhembu+OAjeOBq+WvvuW/nOOBl+OBpuOBhOOBvuOBmeOAgjxicj7igLvjg6Ljg5DjgqTjg6vjg5Djg4Pjg4bjg6rjg7zmnKzkvZPjga7pm7vmsaDmrovph4/jgYww77yF44Gr44Gq44Gj44Gf5aC05ZCI44CB44Oi44OQ44Kk44Or44OQ44OD44OG44Oq44O85pys5L2T44G444Gu5YWF6Zu744GM5YSq5YWI44GV44KM44CB5rqA5YWF6Zu744Gu5b6M44CB44K544Oe44O844OI44OV44Kp44Oz44O744K/44OW44Os44OD44OI44G444Gu57Wm6Zu744KS6ZaL5aeL44GX44G+44GZ44CCPGJyPuKWoCDjg6Ljg5DjgqTjg6vjg5Djg4Pjg4bjg6rjg7zmnKzkvZPjgpLntIQzLjjmmYLplpPjgaflhYXpm7vjgafjgY3jgIHjg4Hjg6Pjg7zjgrjmmYLplpPjgpLlpKfluYXjgavnn63nuK7jgZnjgovjgZPjgajjgYzjgafjgY3jgb7jgZnjgILigLvlh7rlipsxLjhB5Lul5LiK44GuQUPjgqLjg4Djg5fjgr/kvb/nlKjmmYLjgII8YnI+4pagIOODkeOCveOCs+ODs+OBrlVTQuODneODvOODiOOBq+aOpee2muOBmeOCi+OBk+OBqOOBp+OCguWFhembu+WPr+iDveOBp+OBmeOAguKAu+ODkeOCveOCs+ODs+OBrlVTQuODneODvOODiOOBr+WHuuWKmzUwMG1B44Gu44Gf44KB44CB5pys6KO95ZOB44G444Gu55uu5a6J5YWF6Zu75pmC6ZaT44Gv57SEMTPmmYLplpPjgafjgZnjgII8YnI+4pagIFVTQuODneODvOODiOOCkjLjg53jg7zjg4jmkK3ovInjgZfjgabjgYrjgorjgIEx44Od44O844OI44GC44Gf44KK5pyA5aSnMS41QeOAgTLjg53jg7zjg4jlkIjoqIgzQeOBruWHuuWKm+OBjOWPr+iDveOBqumrmOWHuuWKm+ODouODh+ODq+OBp+OBmeOAgjxicj7ilqAg5pys6KO95ZOBKOODkOODg+ODhuODquODvOWuuemHjzYwMDBtQWgp44Gn44K544Oe44O844OI44OV44Kp44Oz44KS57SEMuWbnuWFhembu+WPr+iDveOBp+OBmeOAguKAu+a6gOWFhembu+OCkuOBl+OBn+acrOijveWTgeOCkueUqOOBhOOAgeODkOODg+ODhuODquODvOWuuemHj+OBjOe0hDE4MDBtQWjjga7jgrnjg57jg7zjg4jjg5Xjgqnjg7PjgpLlhYXpm7vjgZnjgovpmpvjga7nm67lronlm57mlbDjgafjgZnjgILlhYXpm7vkuK3jgavpm7vmupDjgYzlhaXjgaPjgZ/jgorjgIHmqZ/lmajjgpLkvb/nlKjjgZfjgabjgYTjgovloLTlkIjjga/oqJjovInjga7mlbDlgKTjgb7jgaflhYXpm7vjgafjgY3jgarjgYTloLTlkIjjgYzjgYLjgorjgb7jgZnjgII8YnI+4pagIOS7mOWxnuOBrlVTQuOCseODvOODluODq+OCkuacrOijveWTgeOBruWFhembu+eUqFVTQihtaWNyby1CKeODneODvOODiOOBq+aOpee2muOBl+OAgeWvvuW/nOOBl+OBn0FD44Ki44OA44OX44K/44Gr5o6l57aa44GZ44KL44GT44Go44Gn5YWF6Zu75Y+v6IO944Gn44GZ44CCPGJyPuKWoCBpUGhvbmXjgavku5jlsZ7jgoLjgZfjgY/jga/lr77lv5zjgZfjgZ9MaWdodG5pbmfjgrHjg7zjg5bjg6vjgpLliKnnlKjjgZnjgovjgZPjgajjgafjgIFpUGhvbmXjgoLlhYXpm7vlj6/og73jgafjgZnjgII8YnI+4pagIOODkOODg+ODhuODquODvOWFqOmdouOBq+izquaEn+OBrumrmOOBhOWFqOmdouOCt+ODnOWKoOW3peOCkuaWveOBl+OBpuOBhOOBvuOBmeOAgjxicj7ilqAg6Zu75rGg5q6L6YeP44GvNOautemajuOBrkxFROODqeODs+ODl+eCueeBr+OBp+eiuuiqjeWPr+iDveOBp+OBmeOAgjxicj7ilqAg57SENTAw5Zue57mw44KK6L+U44GX5L2/55So5Y+v6IO944Gq5YWF6Zu75byP44Oq44OB44Km44Og44Kk44Kq44Oz6Zu75rGg44KS5pCt6LyJ44GX44Gm44GE44G+44GZ44CCPGJyPuKWoCDlhoXolLXjga7lhYXpm7vlvI/jg6rjg4Hjgqbjg6DjgqTjgqrjg7Ppm7vmsaDjga/jgIFKSVMgQzg3MTHjgYrjgojjgbNKSVMgQzg3MTTjgavmupbmi6DjgZfjgZ/lronlhajoqK3oqIjjgafjgZnjgII8YnI+4pagIOmBjuWFhembu+ODu+mBjuaUvumbu+ODu+mBjumbu+Wcp+ODu+mBjumbu+a1gemYsuatouapn+iDveOBiuOCiOOBs+efree1oeS/neitt+apn+iDveOCkuWCmeOBiOOBn+OBguOCk+OBl+OCk+OBruWbnui3r+ioreioiOOBp+OBmeOAgjxicj7igLvlt6XloLTlh7rojbfmmYLjgas3MO+8heeoi+W6puWFhembu+OBleOCjOOBpuOBhOOBvuOBmeOAguWFhembu+W8j+ODquODgeOCpuODoOOCpOOCquODs+mbu+axoOOBr+aZgumWk+OBqOOBqOOCguOBq+aUvumbu+OBmeOCi+OBruOBp+OAgeOBlOS9v+eUqOOBq+OBquOCi+WJjeOBq+WFhembu+OBmeOCi+OBk+OBqOOCkuaOqOWlqOOBl+OBvuOBmeOAgjxicj48YnI+44CQ6KO95ZOB5LuV5qeY44CRPGJyPuKWoCDlr77lv5zmqZ/nqK7vvJptaWNyby1C44Kz44ON44Kv44K/5pCt6LyJ44K544Oe44O844OI44OV44Kp44Oz44CB44K/44OW44Os44OD44OI44CB44GK44KI44GzaVBob25l44Gq44Gp44GuaU9T56uv5pyr5qmf5Zmo4oC7MjAxNuW5tDbmnIjnj77lnKg8YnI+4pagIOOCs+ODjeOCr+OCv+W9oueKtijpm7vmupDlhaXlipvlgbQp77yaVVNCIE1pY3JvLUIg44Oh44K5PGJyPuKWoCDlrprmoLzlhaXlipvpm7vlnKfvvJpEQzVWPGJyPuKWoCDjgrPjg43jgq/jgr/lvaLnirYo6Zu75rqQ5Ye65Yqb5YG0Ke+8mlVTQi1B44Oh44K5PGJyPuKWoCDlrprmoLzlh7rlipvpm7vlnKfvvJpEQzVWPGJyPuKWoCDlrprmoLzlh7rlipvpm7vmtYHvvJozLjBBKOWQiOioiOacgOWkp+OAgTHjg53jg7zjg4jmnIDlpKcyLjBBKTxicj7ilqAg6Zu75rGg56iu6aGe77ya5YWF6Zu75byP44Oq44OB44Km44Og44Kk44Kq44Oz6Zu75rGgPGJyPuKWoCDpm7vmsaDlrprmoLzlrrnph4/vvJo2MDAwbUFoPGJyPuKWoCDlhYXpm7vmmYLplpPvvJozLjjmmYLplpMgMS44QeOBrkFD5YWF6Zu75Zmo5L2/55So5pmCPGJyPuKWoCDlpJblvaLlr7jms5XvvJo0NcOXOTDDlzI2bW08YnI+4pagIOOCseODvOODluODq+mVt++8mjEwY208YnI+4pagIOmHjemHj++8mjEzMWc8YnI+4pagIOOBj+OCiui/lOOBl+S9v+eUqOWbnuaVsO+8mjUwMOWbnjxicj7ilqAg5LuY5bGe5ZOB77yaVVNC44Kx44O844OW44OrKFVTQi1B44Kq44K5LU1pY3JvLULjgqrjgrkpPGJyPuKWoCDnkrDlooPphY3mha7kuovpoIXvvJrkvb/nlKjmuKnluqYgMO+9njQw4oSDPGJyPuKWoCDkv53oqLzmnJ/plpPvvJo244O25pyIPGJyPuKWoCDjgZ3jga7ku5bvvJppT1Pnq6/mnKvjgafkvb/nlKjjgZnjgovloLTlkIjjga/liKXpgJRpT1PnlKjjgrHjg7zjg5bjg6vjgpLjgZTnlKjmhI/jgY/jgaDjgZXjgYQ8YnI+PGJyPjwvZm9udD48L3RkPjwvdHI+PC90YWJsZT48c3R5bGUgdHlwZT0idGV4dC9jc3MiPgo8IS0tCi5yYWt1dGVuLWNhbXAgewoJd2lkdGg6IDcyNXB4OwoJYm9yZGVyOiAycHggc29saWQgIzMzOTlGRjsKCXBhZGRpbmctdG9wOiA1cHg7CgktbW96LWJvcmRlci1yYWRpdXM6NHB4OyAvKkZpcmVmb3gqLwoJLXdlYmtpdC1ib3JkZXItcmFkaXVzOiA0cHg7IC8qU2FmYXJpLENocm9tZSovCglib3JkZXItcmFkaXVzOjRweDsgLypPcGVyYSxDaHJvbWUqLwoJbWFyZ2luOjAgMTBweCAxMHB4IDA7Cn0KCi8qIOS+oeagvOOBq+aeoOe3muOBjOOBpOOBjyAqLwp0YWJsZSNyYWt1dGVuTGltaXRlZElkX2NhcnQgewogICAgYmFja2dyb3VuZC1jb2xvcjogI2Y4ZjhmODsKICAgIGJvcmRlcjogMXB4IHNvbGlkICNkZGQ7CiAgICBwYWRkaW5nOiA4cHg7CiAgICBtYXJnaW46IDE2cHggMDsKfQoKc3Bhbi5wcmljZTEgewogICAgY29sb3I6ICMzMzMgIWltcG9ydGFudDsKICAgIGZvbnQtd2VpZ2h0OiBib2xkOwogICAgZm9udC1zaXplOiA4MCUgIWltcG9ydGFudDsKICAgIGxpbmUtaGVpZ2h0OiAzMHB4OwogICAgZGlzcGxheTogaW5saW5lLWJsb2NrOwogICAgbWFyZ2luLXJpZ2h0OiAxNnB4Owp9CgotLT4KPC9zdHlsZT4KCjwhLS3jg5Djg4rjg7zjgqjjg6rjgqItLT4KCjwhLS3jgJDmtojjgZnjgarvvIHjgJHimIXimIXimIUgaGVpZ2h0PSIzODAiIOOBp+ioreWumuOBl+OBpuOBj+OBoOOBleOBhOOAguKYheKYheKYhS0tPgo8IS0t44OQ44OK44O844Ko44Oq44Ki44GT44GT44G+44GnLS0+Cgo8IS0t5qW95aSp44Kt44Oj44Oz44Oa44O844OzLS0+Cgo8aDIgc3R5bGU9Im1hcmdpbjoyMHB4IDAgMTBweCAwOyI+PGltZyBzcmM9Imh0dHA6Ly93d3cucmFrdXRlbi5uZS5qcC9nb2xkL2FraWJhbWFjL2ZyYW1lL2ltYWdlcy9yYWt1dGVuX3RpdGxlMi5naWYiIGFsdD0i5qW95aSp5biC5aC044Gu44GK5b6X44Gq44Kt44Oj44Oz44Oa44O844OzIiB3aWR0aD0iNzMwIiBoZWlnaHQ9IjQyIiBib3JkZXI9IjAiPjwvaDI+CjxkaXYgY2xhc3M9InJha3V0ZW4tY2FtcCIgc3R5bGU9Im1hcmdpbjowIDAgMCAwOyI+CgoKPCEtLealveWkqeOCreODo+ODs+ODmuODvOODs0DjgZPjgZPjgb7jgactLT4=,44Ko44Os44Kz44Og44K/44OW44Os44OD44OI77yP44K544Oe44O844OI44OV44Kp44Oz5a++5b+c77y7VVNCIG1pY3JvQu+8vVVTQuODouODkOOCpOODq+ODkOODg+ODhuODquODvO+8i1VTQiBtaWNyb0LjgrHjg7zjg5bjg6sgMTBjbSAzLjBB77yINjAwMG1BaOODuzLjg53jg7zjg4jjg7vjg5bjg6vjg7zvvIlERS1NMDFMNjAzMEJVIChERU0wMUw2MDMwQlUp77ya44K944OV44Oe44OD44OX44CA44OH44K444K/44Or44Kz44Os44Kv44K344On44Oz,44K944OV44Oe44OD44OXIOODh+OCuOOCv+ODq+OCs+ODrOOCr+OCt+ODp+ODs1NvZm1hcCBEaWdpdGFsIENvbGxlY3Rpb27jg5Hjgr3jgrPjg7Pjgr/jg5bjg6zjg4Pjg4hQQ0hEROOCouOCu+ODs+ODluODquODkeODvOODhOODkeOCveOCs+ODs+ODkeODvOODhOODhuODrOODk+OCsuODvOODoOODluODq+ODvOODrOOCpOOCveODleODiERWROOCveODleODiOa2suaZtuODhuODrOODk+ODluODq+ODvOODrOOCpOODh+OCo+OCueOCr+ODrOOCs+ODvOODgOODvOODh+OCuOOCv+ODq+S4gOecvOODrOODleOCq+ODoeODqeODh+OCuOOCv+ODq+OCq+ODoeODqeWutumbu+aZguioiOS4reWPpOOAgOOCveODleODiOOCouOCpuODiOODrOODg+ODiOS4reWPpOODjuODvOODiOODkeOCveOCs+ODs+S4reWPpOODkeOCveOCs+ODs+OCqOODrOOCs+ODoOOCv+ODluODrOODg+ODiO+8j+OCueODnuODvOODiOODleOCqeODs+WvvuW/nO+8u1VTQiBtaWNyb0LvvL1VU0Ljg6Ljg5DjgqTjg6vjg5Djg4Pjg4bjg6rjg7zvvItVU0IgbWljcm9C44Kx44O844OW44OrIDEwY20gMy4wQe+8iDYwMDBtQWjjg7sy44Od44O844OI44O744OW44Or44O877yJREUtTTAxTDYwMzBCVSAoREVNMDFMNjAzMEJVKQ==,44Ko44Os44Kz44Og44K/44OW44Os44OD44OI77yP44K544Oe44O844OI44OV44Kp44Oz5a++5b+c77y7VVNCIG1pY3JvQu+8vVVTQuODouODkOOCpOODq+ODkOODg+ODhuODquODvO+8i1VTQiBtaWNyb0LjgrHjg7zjg5bjg6sgMTBjbSAzLjBB77yINjAwMG1BaOODuzLjg53jg7zjg4jjg7vjg5bjg6vjg7zvvIlERS1NMDFMNjAzMEJVIChERU0wMUw2MDMwQlUp[rn]
3-47062,aHR0cDovL3RzaG9wLnIxMHMuanAvYWtpYmFtYWMvY2FiaW5ldC8wNDk2MDE2Mi80OTkyMDcyMDY5NzcwLmpwZz9maXRpbj03MDA6NzAw,MjAxNi4wMDAw,,44K544Oe44O844OI44OV44Kp44Oz44O744K/44OW44Os44OD44OIID4g44OQ44OD44OG44Oq44O844O75YWF6Zu75ZmoID4g44Oi44OQ44Kk44Or44OQ44OD44OG44Oq44O8,44Ko44Os44Kz44OgaVBob25lL2lQb2Tlr77lv5xbTGlnaHRuaW5nXSBVU0Ljg6Ljg5DjgqTjg6vjg5Djg4Pjg4bjg6rjg7wgK0xpZ2h0bmluZ+OCseODvOODluODqyAxMGNtICgyNjAwbUFo44O744OW44Op44OD44KvKSBNRmnoqo3oqLwgTFBBLUwwMUwtMjYxMEJLIChMUEFMMDFMMjYxMEJLKQ==,,PHRhYmxlIGJvcmRlcj0iMCIgY2VsbHBhZGRpbmc9IjAiIGNlbGxzcGFjaW5nPSIwIiB3aWR0aD0iNzEwIiBzdHlsZT0ibGluZS1oZWlnaHQ6MTQwJTsiPjx0cj48dGQ+PGZvbnQgc2l6ZT0iMiI+44CUaVBob25l77yPaVBvZOWvvuW/nO+8u0xpZ2h0bmluZ++8ve+8muODouODkOOCpOODq+ODkOODg+ODhuODquODvO+8iFVTQuiThOmbu++8ie+8i0xpZ2h0bmluZ+OCseODvOODluODqyDlhYXpm7vjgJU8YnI+aVBob25l44KC44Oi44OQ44Kk44Or44OQ44OD44OG44Oq44O844KC44G+44Go44KB44Gm5YWF6Zu744Gn44GN44KL44Oi44OQ44Kk44Or44OQ44OD44OG44Oq44O844CCPGJyPjxicj7ilqAgTGlnaHRuaW5n6ZW344GVMTBjbeOBrkxpZ2h0bmluZ+OCseODvOODluODq+S7mOWxnjxicj7jg7tpUGhvbmXjgoLjg5Djg4Pjg4bjg6rjg7zjgoLjgb7jgajjgoHjgabjg4Hjg6Pjg7zjgrg8YnI+5pys5L2T5YWF6Zu755So44Kx44O844OW44Or44KS5o6l57aa44GX44Gf44G+44G+44Gn44CBaVBob25l44CBaVBvZOOCkuWFhembu+OBp+OBjeOCi+KAmOOBvuOBqOOCgeOBpuODgeODo+ODvOOCuO+8geKAmeOBq+WvvuW/nOOBl+OBpuOBhOOBvuOBmeOAgjFB44Gu5Ye65Yqb44GM5Y+v6IO944GqVVNC44Od44O844OI44KS5pCt6LyJ44GX44Gm44GE44G+44GZ44CCPGJyPuKAuyDjg6Ljg5DjgqTjg6vjg5Djg4Pjg4bjg6rjg7zmnKzkvZPjga7pm7vmsaDmrovph4/jgYww77yF44Gr44Gq44Gj44Gf5aC05ZCI44CB44Oi44OQ44Kk44Or44OQ44OD44OG44Oq44O85pys5L2T44G444Gu5YWF6Zu744GM5YSq5YWI44GV44KM44CB5rqA5YWF6Zu744Gu5b6M44CBaVBob25l44CBaVBvZOOBuOOBrue1pumbu+OCkumWi+Wni+OBl+OBvuOBmeOAgjxicj7ilqAg6Zu75rGg5a6a5qC85a656YePMjYwMG1BaDxicj7jg7tpUGhvbmXjgpLntIQx5Zue44CBaVBvZOOCkue0hDEuNeWbnuWFhembu+WPr+iDvTxicj7mnKzoo73lk4Hjgavku5jlsZ7jga5MaWdodG5pbmfjgrHjg7zjg5bjg6vjgpJpUGhvbmUvaVBvZOOBq+aOpee2muOBp+OCq+ODs+OCv+ODs+OBq+WFhembu+OBjOOBp+OBjeOBvuOBmeOAgua6gOWFhembu+aZguOBp2lQaG9uZeOCkue0hDHlm57jgIFpUG9k44KS57SEMS415Zue5YWF6Zu744GZ44KL44GT44Go44GM5Y+v6IO944Gn44GZ44CCPGJyPuKAuyDmuoDlhYXpm7vjgpLjgZfjgZ/mnKzoo73lk4HjgpLnlKjjgYTjgIHjg5Djg4Pjg4bjg6rjg7zlrrnph4/jgYzntIQxODAwbUFo44Gu44K544Oe44O844OI44OV44Kp44Oz44KS5YWF6Zu744GZ44KL6Zqb44Gu55uu5a6J5Zue5pWw44Gn44GZ44CC5YWF6Zu75Lit44Gr6Zu75rqQ44GM5YWl44Gj44Gf44KK44CB5qmf5Zmo44KS5L2/55So44GX44Gm44GE44KL5aC05ZCI44Gv6KiY6LyJ44Gu5pWw5YCk44G+44Gn5YWF6Zu744Gn44GN44Gq44GE5aC05ZCI44GM44GC44KK44G+44GZ44CCPGJyPuKWoCDjg5Hjgr3jgrPjg7PmjqXntprjgafjgoLlhYXpm7vlj6/og708YnI+44O75YWF6Zu75pmC6ZaT44Gv57SEMuaZgumWkzxicj7ku5jlsZ7jga5VU0LjgrHjg7zjg5bjg6vjgpLmnKzoo73lk4Hjga7lhYXpm7vnlKhVU0LvvIhtaWNyb0LvvInjg53jg7zjg4jjgavmjqXntprjgZfjgIHlr77lv5zjgZfjgZ9BQ+OCouODgOODl+OCv+OBq+aOpee2muOBmeOCi+OBk+OBqOOBp+WFhembu+WPr+iDveOBp+OBmeOAguODkeOCveOCs+ODs+OBrlVTQuODneODvOODiOOBq+aOpee2muOBmeOCi+OBk+OBqOOBp+OCguWFhembu+WPr+iDveOBp+OBmeOAgjxicj7igLsg5Ye65YqbMS41QeS7peS4iuOBrkFD44Ki44OA44OX44K/5L2/55So5pmC44Gu5pys6KO95ZOB44G444Gu55uu5a6J5YWF6Zu75pmC6ZaT44Gv57SEMuaZgumWk+OBp+OBmeOAgjxicj7igLsg44OR44K944Kz44Oz44GuVVNC44Od44O844OI44Gv5Ye65YqbNTAwbUHjga7jgZ/jgoHjgIHmnKzoo73lk4Hjgbjjga7nm67lronlhYXpm7vmmYLplpPjga/ntIQ25pmC6ZaT44Gn44GZ44CCPGJyPuKWoCBMRUTjg6njg7Pjg5fngrnnga/jgafpm7vmsaDmrovph4/norroqo08YnI+44O757SENTAw5Zue5L2/55So5Y+v6IO944Gq44Oq44OB44Km44Og44Kk44Kq44Oz6Zu75rGg5pCt6LyJPGJyPumbu+axoOaui+mHj+OBrzTmrrXpmo7jga5MRUTjg6njg7Pjg5fngrnnga/jgafnorroqo3lj6/og73jgafjgZnjgILntIQ1MDDlm57nubDjgorov5TjgZfkvb/nlKjlj6/og73jgarlhYXpm7vlvI/jg6rjg4Hjgqbjg6DjgqTjgqrjg7Ppm7vmsaDjgpLmkK3ovInjgZfjgabjgYTjgb7jgZnjgILlhoXolLXjga7lhYXpm7vlvI/jg6rjg4Hjgqbjg6DjgqTjgqrjg7Ppm7vmsaDjga/jgIFKSVMgQzg3MTHjgYrjgojjgbNKSVMgQzg3MTTjgavmupbmi6DjgZfjgZ/lronlhajoqK3oqIjjgafjgZnjgILpgY7lhYXpm7vjg7vpgY7mlL7pm7vjg7vpgY7pm7vlnKfjg7vpgY7pm7vmtYHpmLLmraLmqZ/og73jgYrjgojjgbPnn63ntaHkv53orbfmqZ/og73jgpLlgpnjgYjjgZ/jgYLjgpPjgZfjgpPjga7lm57ot6/oqK3oqIjjgafjgZnjgII8YnI+4oC7IOW3peWgtOWHuuiNt+aZguOBqzcw77yF56iL5bqm5YWF6Zu744GV44KM44Gm44GE44G+44GZ44CC5YWF6Zu75byP44Oq44OB44Km44Og44Kk44Kq44Oz6Zu75rGg44Gv5pmC6ZaT44Go44Go44KC44Gr5pS+6Zu744GZ44KL44Gu44Gn44CB44GU5L2/55So44Gr44Gq44KL5YmN44Gr5YWF6Zu744GZ44KL44GT44Go44KS5o6o5aWo44GX44G+44GZ44CCPGJyPuKWoCBMaWdodG5pbmfjgrPjg43jgq/jgr/ku5jjgY08YnI+44O7QXBwbGXjga7mraPopo/jg6njgqTjgrvjg7Pjgrnlj5blvpfoo73lk4E8YnI+44G+44Gf44CBQXBwbGXjga7mraPopo/jg6njgqTjgrvjg7PjgrnjgIxNYWRlIGZvciBpUG9kL2lQaG9uZeOAjeOCkuWPluW+l+OBl+OBn+WuieW/g+OBl+OBpuS9v+eUqOOBp+OBjeOCi+ijveWTgeOBp+OBmeOAgiDmjqXntprnlKjjgrPjg43jgq/jgr/jga9pUGhvbmUuaVBvZOOBq+ODr+ODs+OCv+ODg+ODgeOBp+ijheedgOOBp+OBjeOCi++8huaMr+WLleOBq+OCiOOCi+aKnOOBkeiQveOBoeOCkumYsuOBkExpZ2h0bmluZ+OCs+ODjeOCr+OCv+OCkuaOoeeUqOOBl+OBvuOBl+OBn+OAgjxicj7igLsgQXBwbGXnpL7oo73jgrHjg7zjg5bjg6vjgojjgorjgrPjg43jgq/jgr/pg6jliIbjgYzlpKfjgY3jgY/jgarjgaPjgabjgYrjgorjgb7jgZnjgILjgrHjg7zjgrnjgarjganjgYzlubLmuInjgZfmjL/lhaXjgZfovpvjgYTloLTlkIjjga/jgIHjgrHjg7zjgrnjgarjganjgpLjga/jgZrjgZfjgabjgZTkvb/nlKjjgY/jgaDjgZXjgYTjgII8YnI+PGJyPuOAkOOCs+ODjeOCr+OCv+W9oueKtuOAkVVTQiBNaWNyby1C44Oh44K577yI6Zu75rqQ5YWl5Yqb5YG077yJIFVTQiBB44Oh44K577yI6Zu75rqQ5Ye65Yqb5YG077yJPGJyPuOAkOWumuagvOWFpeWKm+mbu+Wcp+OAkURDNVY8YnI+44CQ5a6a5qC85Ye65Yqb6Zu75Zyn44CRREM1Vjxicj7jgJDlrprmoLzlh7rlipvpm7vmtYHjgJExLjBBPGJyPuOAkOmbu+axoOeorumhnuOAkeWFhembu+W8j+ODquODgeOCpuODoOOCpOOCquODs+mbu+axoDxicj7jgJDpm7vmsaDlrprmoLzlrrnph4/jgJEyNjAwbUFoPGJyPuOAkOWFhembu+aZgumWk+OAkTEuNUHlh7rlipvjga5BQ+OCouODgOODl+OCv+S9v+eUqOaZgu+8mue0hDLmmYLplpM8YnI+44CQ5aSW5b2i5a+45rOV44CR5bmFMzJtbcOX5aWl6KGMOTBtbcOX6auY44GVMjZtbTxicj7jgJDos6rph4/jgJE3MGc8YnI+44CQ44GP44KK6L+U44GX5L2/55So5Zue5pWw44CR57SENTAw5ZuePGJyPuOAkOS/neiovOacn+mWk+OAkTbjgqvmnIg8YnI+44CQ5LuY5bGe5ZOB44CRbWljcm9VU0IgQuOCquOCueKGklVTQiBB44Kq44K544Kx44O844OW44Or77yIMTBjbe+8icOXMeODu0xpZ2h0bmluZyDjgrPjg43jgq/jgr8g44Kq44K54oaSVVNCIEHjgqrjgrnjgrHjg7zjg5bjg6vvvIgxMGNt77yJw5cxPGJyPjxicj7jgJDmjqXntprlj6/og73jgarmqZ/lmajjgJE8YnI+44O7aVBob25lIDYgUGx1cy9pUGhvbmUgNjxicj7jg7tpUGhvbmUgNXMvaVBob25lIDVjL2lQaG9uZSA1PGJyPuODu2lQb2QgdG91Y2goNXRoIGdlbmVyYXRpb24pPGJyPuKAuyAyMDE15bm0OeaciOePvuWcqOOBruaDheWgseOBp+OBmeOAgjxicj48YnI+4oC7IEFD44Ki44OA44OX44K/44Gv5LuY5bGe44GX44Gm44GE44G+44Gb44KT44CCPGJyPjxicj48L2ZvbnQ+PC90ZD48L3RyPjwvdGFibGU+PHRhYmxlIGNlbGxzcGFjaW5nPSIwIiBjZWxscGFkZGluZz0iNCIgYm9yZGVyPSIxIiB3aWR0aD0iNzEwIiBib3JkZXJjb2xvcj0iI2NjY2NjYyI+PHRyPjx0ZCB3aWR0aD0iMTgwIiBiZ2NvbG9yPSIjZWZlZmVmIj48Zm9udCBzaXplPSIyIj7kuLvjgarlr77lv5zmqZ/nqK48L2ZvbnQ+PC90ZD48dGQgd2lkdGg9IjUzMCI+PGZvbnQgc2l6ZT0iMiI+aVBob25lIDYgUGx1cy9pUGhvbmUgNuODu2lQaG9uZSA1cy9pUGhvbmUgNWMvaVBob25lIDXjg7tpUG9kIHRvdWNoKDV0aCBnZW5lcmF0aW9uKeOAgOKAuzIwMTXlubQ55pyI54++5Zyo44Gu5oOF5aCx44Gn44GZ44CCPC9mb250PjwvdGQ+PC90cj48dHI+PHRkIHdpZHRoPSIxODAiIGJnY29sb3I9IiNlZmVmZWYiPjxmb250IHNpemU9IjIiPuaOpee2muerr+WtkDwvZm9udD48L3RkPjx0ZCB3aWR0aD0iNTMwIj48Zm9udCBzaXplPSIyIj5MaWdodG5pbmc8L2ZvbnQ+PC90ZD48L3RyPjx0cj48dGQgd2lkdGg9IjE4MCIgYmdjb2xvcj0iI2VmZWZlZiI+PGZvbnQgc2l6ZT0iMiI+6ImyPC9mb250PjwvdGQ+PHRkIHdpZHRoPSI1MzAiPjxmb250IHNpemU9IjIiPuODluODqeODg+OCr+ezuzwvZm9udD48L3RkPjwvdHI+PHRyPjx0ZCB3aWR0aD0iMTgwIiBiZ2NvbG9yPSIjZWZlZmVmIj48Zm9udCBzaXplPSIyIj7jg53jg7zjg4jmlbA8L2ZvbnQ+PC90ZD48dGQgd2lkdGg9IjUzMCI+PGZvbnQgc2l6ZT0iMiI+MeODneODvOODiDwvZm9udD48L3RkPjwvdHI+PC90YWJsZT48c3R5bGUgdHlwZT0idGV4dC9jc3MiPgo8IS0tCi5yYWt1dGVuLWNhbXAgewoJd2lkdGg6IDcyNXB4OwoJYm9yZGVyOiAycHggc29saWQgIzMzOTlGRjsKCXBhZGRpbmctdG9wOiA1cHg7CgktbW96LWJvcmRlci1yYWRpdXM6NHB4OyAvKkZpcmVmb3gqLwoJLXdlYmtpdC1ib3JkZXItcmFkaXVzOiA0cHg7IC8qU2FmYXJpLENocm9tZSovCglib3JkZXItcmFkaXVzOjRweDsgLypPcGVyYSxDaHJvbWUqLwoJbWFyZ2luOjAgMTBweCAxMHB4IDA7Cn0KCi8qIOS+oeagvOOBq+aeoOe3muOBjOOBpOOBjyAqLwp0YWJsZSNyYWt1dGVuTGltaXRlZElkX2NhcnQgewogICAgYmFja2dyb3VuZC1jb2xvcjogI2Y4ZjhmODsKICAgIGJvcmRlcjogMXB4IHNvbGlkICNkZGQ7CiAgICBwYWRkaW5nOiA4cHg7CiAgICBtYXJnaW46IDE2cHggMDsKfQoKc3Bhbi5wcmljZTEgewogICAgY29sb3I6ICMzMzMgIWltcG9ydGFudDsKICAgIGZvbnQtd2VpZ2h0OiBib2xkOwogICAgZm9udC1zaXplOiA4MCUgIWltcG9ydGFudDsKICAgIGxpbmUtaGVpZ2h0OiAzMHB4OwogICAgZGlzcGxheTogaW5saW5lLWJsb2NrOwogICAgbWFyZ2luLXJpZ2h0OiAxNnB4Owp9CgotLT4KPC9zdHlsZT4KCjwhLS3jg5Djg4rjg7zjgqjjg6rjgqItLT4KCjwhLS3jgJDmtojjgZnjgarvvIHjgJHimIXimIXimIUgaGVpZ2h0PSIzODAiIOOBp+ioreWumuOBl+OBpuOBj+OBoOOBleOBhOOAguKYheKYheKYhS0tPgo8IS0t44OQ44OK44O844Ko44Oq44Ki44GT44GT44G+44GnLS0+Cgo8IS0t5qW95aSp44Kt44Oj44Oz44Oa44O844OzLS0+Cgo8aDIgc3R5bGU9Im1hcmdpbjoyMHB4IDAgMTBweCAwOyI+PGltZyBzcmM9Imh0dHA6Ly93d3cucmFrdXRlbi5uZS5qcC9nb2xkL2FraWJhbWFjL2ZyYW1lL2ltYWdlcy9yYWt1dGVuX3RpdGxlMi5naWYiIGFsdD0i5qW95aSp5biC5aC044Gu44GK5b6X44Gq44Kt44Oj44Oz44Oa44O844OzIiB3aWR0aD0iNzMwIiBoZWlnaHQ9IjQyIiBib3JkZXI9IjAiPjwvaDI+CjxkaXYgY2xhc3M9InJha3V0ZW4tY2FtcCIgc3R5bGU9Im1hcmdpbjowIDAgMCAwOyI+CgoKPCEtLealveWkqeOCreODo+ODs+ODmuODvOODs0DjgZPjgZPjgb7jgactLT4=,44Ko44Os44Kz44OgaVBob25lL2lQb2Tlr77lv5xbTGlnaHRuaW5nXSBVU0Ljg6Ljg5DjgqTjg6vjg5Djg4Pjg4bjg6rjg7wgK0xpZ2h0bmluZ+OCseODvOODluODqyAxMGNtICgyNjAwbUFo44O744OW44Op44OD44KvKSBNRmnoqo3oqLwgTFBBLUwwMUwtMjYxMEJLIChMUEFMMDFMMjYxMEJLKe+8muOCveODleODnuODg+ODl+OAgOODh+OCuOOCv+ODq+OCs+ODrOOCr+OCt+ODp+ODsw==,44K944OV44Oe44OD44OXIOODh+OCuOOCv+ODq+OCs+ODrOOCr+OCt+ODp+ODs1NvZm1hcCBEaWdpdGFsIENvbGxlY3Rpb27jg5Hjgr3jgrPjg7Pjgr/jg5bjg6zjg4Pjg4hQQ0hEROOCouOCu+ODs+ODluODquODkeODvOODhOODkeOCveOCs+ODs+ODkeODvOODhOODhuODrOODk+OCsuODvOODoOODluODq+ODvOODrOOCpOOCveODleODiERWROOCveODleODiOa2suaZtuODhuODrOODk+ODluODq+ODvOODrOOCpOODh+OCo+OCueOCr+ODrOOCs+ODvOODgOODvOODh+OCuOOCv+ODq+S4gOecvOODrOODleOCq+ODoeODqeODh+OCuOOCv+ODq+OCq+ODoeODqeWutumbu+aZguioiOS4reWPpOOAgOOCveODleODiOOCouOCpuODiOODrOODg+ODiOS4reWPpOODjuODvOODiOODkeOCveOCs+ODs+S4reWPpOODkeOCveOCs+ODs+OCqOODrOOCs+ODoGlQaG9uZS9pUG9k5a++5b+cW0xpZ2h0bmluZ10gVVNC44Oi44OQ44Kk44Or44OQ44OD44OG44Oq44O8ICtMaWdodG5pbmfjgrHjg7zjg5bjg6sgMTBjbSAoMjYwMG1BaOODu+ODluODqeODg+OCrykgTUZp6KqN6Ki8IExQQS1MMDFMLTI2MTBCSyAoTFBBTDAxTDI2MTBCSyk=,44Ko44Os44Kz44OgaVBob25lL2lQb2Tlr77lv5xbTGlnaHRuaW5nXSBVU0Ljg6Ljg5DjgqTjg6vjg5Djg4Pjg4bjg6rjg7wgK0xpZ2h0bmluZ+OCseODvOODluODqyAxMGNtICgyNjAwbUFo44O744OW44Op44OD44KvKSBNRmnoqo3oqLwgTFBBLUwwMUwtMjYxMEJLIChMUEFMMDFMMjYxMEJLKQ==[rn]
3-47063,aHR0cDovL3RzaG9wLnIxMHMuanAvYWtpYmFtYWMvY2FiaW5ldC8wNTA1MDczOS80OTUwMTkwMzU4MjUxLmpwZz9maXRpbj03MDA6NzAw,MTQwOC4wMDAw,,44K544Oe44O844OI44OV44Kp44Oz44O744K/44OW44Os44OD44OIID4g44OQ44OD44OG44Oq44O844O75YWF6Zu75ZmoID4g44Oi44OQ44Kk44Or44OQ44OD44OG44Oq44O8,QlVGRkFMT+OCv+ODluODrOODg+ODiO+8j+OCueODnuODvOODiOODleOCqeODs+WvvuW/nO+8u1VTQiBtaWNyb0LvvI9VU0Lntabpm7vvvL1VU0Ljg6Ljg5DjgqTjg6vjg5Djg4Pjg4bjg6rjg7wg77yLVVNCIG1pY3JvQuOCseODvOODluODqyAxNe+9g++9jSAyLjFBKDMzNTBtQWjjg7vjg5Tjg7Pjgq8pIEJTTVBCMzMwMVAxUEs=,,PHRhYmxlIGJvcmRlcj0iMCIgY2VsbHBhZGRpbmc9IjAiIGNlbGxzcGFjaW5nPSIwIiB3aWR0aD0iNzEwIiBzdHlsZT0ibGluZS1oZWlnaHQ6MTQwJTsiPjx0cj48dGQ+PGZvbnQgc2l6ZT0iMiI+44CMQVVUTyBQT1dFUiBTRUxFQ1TmqZ/og73jgI3jgadpUGhvbmUvQW5kcm9pZOOCkuiHquWLleOBp+aApemAn+WFhembuzxicj7lhYXpm7vmlrnlvI/jga7nlbDjgarjgotpUGhvbmXjgIFBbmRyb2lk44KS5bCC55SoSUPjgYzoh6rli5XjgafliKTliKXjgZfjgIHmjqXntprjgZXjgozjgZ/mqZ/lmajjgavmnIDpganjgarlhYXpm7vvvIjlh7rlipvvvInjgpLooYzjgYZBVVRPIFBPV0VSIFNFTEVDVOapn+iDveOCkuaQrei8ieOAguOBqeOBruODneODvOODiOOBq+OBqeOBruapn+eoruOCkuaOpee2muOBl+OBpuOCguiHquWLleOBp+aApemAn+WFhembu+OBp+OBjeOBvuOBmeOAgjxicj48YnI+QVVUTyBQT1dFUiBTRUxFQ1TmqZ/og708YnI+5YWF6Zu75pa55byP44Gu55Ww44Gq44KLaVBob25l44CBQW5kcm9pZOOCkuWwgueUqElD44GM6Ieq5YuV44Gn5Yik5Yil44GX44CB5o6l57aa44GV44KM44Gf5qmf5Zmo44Gr5pyA6YGp44Gq5YWF6Zu777yI5Ye65Yqb77yJ44KS6KGM44GGQVVUTyBQT1dFUiBTRUxFQ1TmqZ/og73jgpLmkK3ovInjgILjganjga7jg53jg7zjg4jjgavjganjga7mqZ/nqK7jgpLmjqXntprjgZfjgabjgoLoh6rli5XjgafmgKXpgJ/lhYXpm7vjgafjgY3jgb7jgZnjgII8YnI+PGJyPuOCueODnuODvOODiOODleOCqeODs+OCkue0hDEuM+WbnuWIhu+8iOKAu++8ieWFhembu+OBp+OBjeOCi+ODouODkOOCpOODq+ODkOODg+ODhuODquODvDxicj48YnI+aVBob25l44Gq44Gp44Gu44K544Oe44O844OI44OV44Kp44Oz44KS5YWF6Zu744Gn44GN44KL5YWF6Zu75byP44Oq44OB44Km44Og44Kk44Kq44Oz6Zu75rGg5YaF6JS144Gu44Oi44OQ44Kk44Or44OQ44OD44OG44Oq44O844CCPGJyPiDkvJrnpL7nlKjjgajjg5fjg6njgqTjg5njg7zjg4jnlKjjgafjgIHjgrnjg57jg7zjg4jjg5Xjgqnjg7PjgpIy5Y+w44GK5oyB44Gh44Gu5pa544KC5a6J5b+D44Gu5aSn5a656YePMzM1MG1BaOOAgmlQaG9uZSA2c+OBquOCiee0hDEuM+WbnuWIhu+8iOKAu++8ieWFhembu+WPr+iDveOBp+OBmeOAgiDjg5Djg4Pjg4bjg6rjg7zliIfjgozjgpLmsJfjgavjgZvjgZrlronlv4PjgZfjgabjgrnjg57jg7zjg4jjg5Xjgqnjg7PjgpLkvb/nlKjjgafjgY3jgb7jgZnjgII8YnI+4oC7aVBob25lNnPjgafjga7oqabpqJPntZDmnpzjgavln7rjgaXjgY88YnI+44CQ5ris5a6a44Gr5L2/55So44GX44Gf5qmf5p2Q44CR5pys6KO95ZOB44CBaVBob25lNnMoaU9TIHZlcjkuMy4xKeOAgUxpZ2h0bmluZ+OCs+ODjeOCr+OCv+ODvOS7mOWFhembu+OCseODvOODluODq++8iDEwY23vvIk8YnI+IOOAkOa4rOWumuaWueazleOAkWlQaG9uZTZz44GM44OQ44OD44OG44Oq44O85q6L6YeP6K2m5ZGK77yI5q6L6YePMTAl77yJ44KS6KGo56S644GX44Gf5pmC54K544GnaVBob25lNnPmnKzkvZPjga7pm7vmupDjgpJPRkbjgavjgZfjgIHmrKHjgatpUGhvbmU2c+acrOS9k+OBruWFhembu+eKtuaFi+OBjDEwMCXjgavjgarjgovjgb7jgafjgpIx5Zue44Go44GZ44KL44CC77yIMjAxNuW5tDXmnIjnj77lnKjoqr/jgbnvvIk8YnI+IO+8iOazqO+8ieWun+mam+OBruWFhembu+aZgumWk+OAgeWFhembu+WbnuaVsOOBr+a4qeW6puOAgea5v+W6puOAgeOBlOS9v+eUqOOBleOCjOOCi+WFhembu+OCseODvOODluODq+etieOBrua4rOWumueSsOWig+OAgeOBiuOCiOOBs+OAgeacrOijveWTgeODu2lQaG9uZTZz44Gu54q25oWL44Gr44KI44KK55Ww44Gq44KL5aC05ZCI44GM44GC44KK44G+44GZ44CCPGJyPjxicj7pm7vmupDliIfjgorlv5jjgozjgavjgojjgovnhKHpp4Tjgarpm7vlipvmtojosrvjgpLpmLLjgZDjgqrjg7zjg4jjg5Hjg6/jg7zjgqrjg5XmqZ/og708YnI+5pys6KO95ZOB44Gv44K944OV44OI44Km44Kn44Ki44K544Kk44OD44OB44KS5o6h55So44GX44Gm44GK44KK44CB5Ye65Yqb6Zu75rWB44KS5qSc55+l44GX44Gm44CB5YWF6Zu744GX44Gm44GE44Gq44GE5pmC44Gv6Ieq5YuV44Gn6KO95ZOB44Gu6Zu75rqQ44GM5YiH44KM44G+44GZ44CC54Sh6aeE44Gq5raI6LK744GM44Gq44GE44Gu44Gn57eK5oCl5pmC44Gr5a6J5b+D44GX44Gm44GU5L2/55So44GE44Gf44Gg44GR44G+44GZ44CCPGJyPuKAu+OCueODnuODvOODiOODleOCqeODs+OBq+OCiOOBo+OBpuOBr+OAgTEwMCXlhYXpm7vooajnpLrlvozjgoLlhYXpm7vjgYzntprjgY/mqZ/nqK7jgYzjgYLjgorjgb7jgZnjgII8YnI+PGJyPuWuuemHj+OBjOS4gOebruOBp+OCj+OBi+OCizTmrrXpmo5MRUTmrovph4/ooajnpLrmqZ/og708YnI+5pys5L2T44GrTEVE44KS5pCt6LyJ44GX44Gm44GK44KK44CBNOautemajuihqOekuuOBp+mbu+axoOaui+mHj+OBjOS4gOebruOBp+eiuuiqjeOBp+OBjeOBvuOBmeOAguS9v+OBhuOBqOOBjeOBq+ODkOODg+ODhuODquODvOOBruaui+mHj+OBjOeEoeOBhOOBqOOBhOOBo+OBn+S4jeWuieOCkuino+a2iOOBl+OBvuOBmeOAgjxicj48YnI+44OQ44OD44OV44Kh44Ot44O844Gu44OQ44OD44OG44Oq44O844Gv5a6J5b+D44O75a6J5YWo6Kit6KiIPGJyPuS9v+eUqOaZguOBrumBjumbu+a1ge+8iOOCt+ODp+ODvOODiO+8iS/pgY7pm7vlnKfjgarjganjga7nlbDluLjjgpLmpJznn6XjgZfjgabli5XkvZzjgpLlgZzmraLjgZfjgrnjg57jg5vjgpLkv53orbfjgZnjgosy5q616ZqO44Gu5Zue6Lev44CB5a6J5YWo6KOF572u5LuY44Gu44OQ44OD44OG44Oq44O844K744Or44KS5pCt6LyJ44CC5a6J5b+D44O75a6J5YWo44Gq5YWF6Zu744GM6KGM44GI44G+44GZ44CCPGJyPjxicj4yLjFB5Ye65Yqb5a++5b+c44Gn44K/44OW44Os44OD44OI44Gq44Gp44K544Oe44O844OI44OV44Kp44Oz5Lul5aSW44Gu5qmf5Zmo44Gr44KC5a++5b+cPGJyPjIuMUHlh7rlipvjga7jgZ/jgoHjgIFpUGFk44KEQW5kcm9pZOOCv+ODluODrOODg+ODiOOBq+WvvuOBl+OBpuOCguWuieWumuOBl+OBn+WFhembu+OBjOWPr+iDveOBp+OBmeOAguOBvuOBn1dhbGttYW7jgIHjg4fjgrjjgqvjg6HjgIHmkLrluK/jgrLjg7zjg6DmqZ/jgIHjg6Ljg5DjgqTjg6vjg6vjg7zjgr/jg7zjgarjganjgIFVU0LlhYXpm7vjgavlr77lv5zjgZfjgabjgYTjgovmqZ/lmajjgavjgoLlr77lv5zjgZfjgabjgYTjgb7jgZnjgII8YnI+4oC7QW5kcm9pZOOCv+ODluODrOODg+ODiOOBr21pY3JvIFVTQuWFhembu+OBq+WvvuW/nOOBl+OBn+OCv+ODluODrOODg+ODiOOBq+mZkOOCiuOBvuOBmeOAgjxicj7igLtQQ+OBrlVTQuODneODvOODiOOBi+OCieWFhembu+OBp+OBjeOCi+apn+WZqOOBruOBv+OAgjxicj7igLtpUGFk44CBbWljcm9C5Lul5aSW44Gu56uv5a2Q44KS5L2/55So44GZ44KL5qmf5Zmo44KS5YWF6Zu744GZ44KL6Zqb44Gv5Yil5aOy44KK44Kx44O844OW44Or44GM5b+F6KaB44Gn44GZ44CCPGJyPjxicj7nubDjgorov5TjgZfjg4Hjg6Pjg7zjgrjjgavlr77lv5wgPGJyPue0hDMwMOWbnuS9v+eUqOWPr+iDveOBquWFhembu+W8j+ODquODgeOCpuODoOOCpOOCquODs+mbu+axoOOCkuaOoeeUqOOAguODkOODg+ODhuODquODvOacrOS9k+OCkuOCs+ODs+OCu+ODs+ODiOOChFBD44GL44KJ44OB44Oj44O844K444GZ44KL44GT44Go44Gn57mw44KK6L+U44GX5L2/55So44Gn44GN44G+44GZ44CCIDxicj48YnI+Um9IU+Wfuua6luWApOa6luaLoDxicj4yMDA25bm0N+aciOOBi+OCiUVV5ZyP44Gn5pa96KGM44GV44KM44Gf6Zu75rCX44O76Zu75a2Q5qmf5Zmo44Gr5a++44GZ44KL54m55a6a5pyJ5a6z54mp6LOq5L2/55So5Yi26ZmQ5oyH5Luk44CMUm9IU+aMh+S7pOOAjeOBruWfuua6luWApOOBq+a6luaLoOOBl+OBpuOBhOOBvuOBmeOAgjxicj48YnI+44CQ6KO95ZOB5LuV5qeY44CRPGJyPuODkOODg+ODhuODquODvOOCv+OCpOODl+OAgOWFhembu+W8j+ODquODgeOCpuODoOOCpOOCquODs+mbu+axoDxicj7jg5Djg4Pjg4bjg6rjg7zlrrnph4/jgIBEQzMuNjNWLzMzNTBtQWjvvIjntIQxMi4xNldo77yJPGJyPuWFpeWKm+OAgERDNS4wVi8xLjVBPGJyPuWHuuWKm+OAgERDNS4wVi8yLjFBPGJyPuWFhembu+aZgumWk+OAgOe0hDMuNeaZgumWk+OAgOKAu+W9k+ekvlVTQuWFhembu+WZqEJTTVBCQUMwNeOCkuS9v+eUqOOBl+OBpuODgeODo+ODvOOCuOOBl+OBn+WgtOWQiOOBruebruWuieOAgjxicj7nubDjgorov5TjgZflhYXpm7vlm57mlbDjgIDntIQzMDDlm548YnI+44Kx44O844OW44Or6ZW344CA57SEMTVjbTxicj7lpJblvaLlr7jms5XvvIjluYXDl+mrmOOBlcOX5aWl6KGM77yJ44CAMjbDlzc1w5czM21t77yI56qB6LW36YOo6Zmk44GP77yJPGJyPuizqumHj+OAgOe0hDcwZzxicj7jg5Hjg4PjgrHjg7zjgrjlr7jms5XvvIjluYXDl+mrmOOBlcOX5aWl6KGM77yJ44CAMTAww5cxNzjDlzQybW08YnI+44OR44OD44Kx44O844K46LOq6YeP77yI5pys5L2T5ZCr44KA77yJ44CA57SEMTE1Zzxicj7li5XkvZznkrDlooPjgIDmuKnluqY14oSD772eNDDihIPjgIHmub/luqYxMO+8he+9njg177yFKOe1kOmcsuOBquOBjeOBk+OBqCk8YnI+5L+d6Ki85pyf6ZaT44CANuODtuaciDxicj7oo73lk4Hmp4vmiJDjgIDmnKzkvZPjgIFVU0IgQSB0byBtaWNyb0LjgrHjg7zjg5bjg6vvvIgxNWNt77yJ44CB5Y+W5omx6Kqs5piO5pu4PGJyPjxicj48L2ZvbnQ+PC90ZD48L3RyPjwvdGFibGU+PHN0eWxlIHR5cGU9InRleHQvY3NzIj4KPCEtLQoucmFrdXRlbi1jYW1wIHsKCXdpZHRoOiA3MjVweDsKCWJvcmRlcjogMnB4IHNvbGlkICMzMzk5RkY7CglwYWRkaW5nLXRvcDogNXB4OwoJLW1vei1ib3JkZXItcmFkaXVzOjRweDsgLypGaXJlZm94Ki8KCS13ZWJraXQtYm9yZGVyLXJhZGl1czogNHB4OyAvKlNhZmFyaSxDaHJvbWUqLwoJYm9yZGVyLXJhZGl1czo0cHg7IC8qT3BlcmEsQ2hyb21lKi8KCW1hcmdpbjowIDEwcHggMTBweCAwOwp9CgovKiDkvqHmoLzjgavmnqDnt5rjgYzjgaTjgY8gKi8KdGFibGUjcmFrdXRlbkxpbWl0ZWRJZF9jYXJ0IHsKICAgIGJhY2tncm91bmQtY29sb3I6ICNmOGY4Zjg7CiAgICBib3JkZXI6IDFweCBzb2xpZCAjZGRkOwogICAgcGFkZGluZzogOHB4OwogICAgbWFyZ2luOiAxNnB4IDA7Cn0KCnNwYW4ucHJpY2UxIHsKICAgIGNvbG9yOiAjMzMzICFpbXBvcnRhbnQ7CiAgICBmb250LXdlaWdodDogYm9sZDsKICAgIGZvbnQtc2l6ZTogODAlICFpbXBvcnRhbnQ7CiAgICBsaW5lLWhlaWdodDogMzBweDsKICAgIGRpc3BsYXk6IGlubGluZS1ibG9jazsKICAgIG1hcmdpbi1yaWdodDogMTZweDsKfQoKLS0+Cjwvc3R5bGU+Cgo8IS0t44OQ44OK44O844Ko44Oq44KiLS0+Cgo8IS0t44CQ5raI44GZ44Gq77yB44CR4piF4piF4piFIGhlaWdodD0iMzgwIiDjgafoqK3lrprjgZfjgabjgY/jgaDjgZXjgYTjgILimIXimIXimIUtLT4KPCEtLeODkOODiuODvOOCqOODquOCouOBk+OBk+OBvuOBpy0tPgoKPCEtLealveWkqeOCreODo+ODs+ODmuODvOODsy0tPgoKPGgyIHN0eWxlPSJtYXJnaW46MjBweCAwIDEwcHggMDsiPjxpbWcgc3JjPSJodHRwOi8vd3d3LnJha3V0ZW4ubmUuanAvZ29sZC9ha2liYW1hYy9mcmFtZS9pbWFnZXMvcmFrdXRlbl90aXRsZTIuZ2lmIiBhbHQ9IualveWkqeW4guWgtOOBruOBiuW+l+OBquOCreODo+ODs+ODmuODvOODsyIgd2lkdGg9IjczMCIgaGVpZ2h0PSI0MiIgYm9yZGVyPSIwIj48L2gyPgo8ZGl2IGNsYXNzPSJyYWt1dGVuLWNhbXAiIHN0eWxlPSJtYXJnaW46MCAwIDAgMDsiPgoKCjwhLS3mpb3lpKnjgq3jg6Pjg7Pjg5rjg7zjg7NA44GT44GT44G+44GnLS0+,QlVGRkFMT+OCv+ODluODrOODg+ODiO+8j+OCueODnuODvOODiOODleOCqeODs+WvvuW/nO+8u1VTQiBtaWNyb0LvvI9VU0Lntabpm7vvvL1VU0Ljg6Ljg5DjgqTjg6vjg5Djg4Pjg4bjg6rjg7wg77yLVVNCIG1pY3JvQuOCseODvOODluODqyAxNe+9g++9jSAyLjFBKDMzNTBtQWjjg7vjg5Tjg7Pjgq8pIEJTTVBCMzMwMVAxUEvvvJrjgr3jg5Xjg57jg4Pjg5fjgIDjg4fjgrjjgr/jg6vjgrPjg6zjgq/jgrfjg6fjg7M=,44K944OV44Oe44OD44OXIOODh+OCuOOCv+ODq+OCs+ODrOOCr+OCt+ODp+ODs1NvZm1hcCBEaWdpdGFsIENvbGxlY3Rpb27jg5Hjgr3jgrPjg7Pjgr/jg5bjg6zjg4Pjg4hQQ0hEROOCouOCu+ODs+ODluODquODkeODvOODhOODkeOCveOCs+ODs+ODkeODvOODhOODhuODrOODk+OCsuODvOODoOODluODq+ODvOODrOOCpOOCveODleODiERWROOCveODleODiOa2suaZtuODhuODrOODk+ODluODq+ODvOODrOOCpOODh+OCo+OCueOCr+ODrOOCs+ODvOODgOODvOODh+OCuOOCv+ODq+S4gOecvOODrOODleOCq+ODoeODqeODh+OCuOOCv+ODq+OCq+ODoeODqeWutumbu+aZguioiOS4reWPpOOAgOOCveODleODiOOCouOCpuODiOODrOODg+ODiOS4reWPpOODjuODvOODiOODkeOCveOCs+ODs+S4reWPpOODkeOCveOCs+ODs0JVRkZBTE/jgr/jg5bjg6zjg4Pjg4jvvI/jgrnjg57jg7zjg4jjg5Xjgqnjg7Plr77lv5zvvLtVU0IgbWljcm9C77yPVVNC57Wm6Zu777y9VVNC44Oi44OQ44Kk44Or44OQ44OD44OG44Oq44O8IO+8i1VTQiBtaWNyb0LjgrHjg7zjg5bjg6sgMTXvvYPvvY0gMi4xQSgzMzUwbUFo44O744OU44Oz44KvKSBCU01QQjMzMDFQMVBL,QlVGRkFMT+OCv+ODluODrOODg+ODiO+8j+OCueODnuODvOODiOODleOCqeODs+WvvuW/nO+8u1VTQiBtaWNyb0LvvI9VU0Lntabpm7vvvL1VU0Ljg6Ljg5DjgqTjg6vjg5Djg4Pjg4bjg6rjg7wg77yLVVNCIG1pY3JvQuOCseODvOODluODqyAxNe+9g++9jSAyLjFBKDMzNTBtQWjjg7vjg5Tjg7Pjgq8pIEJTTVBCMzMwMVAxUEs=[rn]
3-47064,aHR0cDovL3RzaG9wLnIxMHMuanAvYWtpYmFtYWMvY2FiaW5ldC8wNTA1MDczOS80OTUwMTkwMzU4Mjk5LmpwZz9maXRpbj03MDA6NzAw,MTY2MC4wMDAw,,44K544Oe44O844OI44OV44Kp44Oz44O744K/44OW44Os44OD44OIID4g44OQ44OD44OG44Oq44O844O75YWF6Zu75ZmoID4g44Oi44OQ44Kk44Or44OQ44OD44OG44Oq44O8,QlVGRkFMT+OCv+ODluODrOODg+ODiO+8j+OCueODnuODvOODiOODleOCqeODs+WvvuW/nO+8u1VTQiBtaWNyb0LvvI9VU0Lntabpm7vvvL1VU0Ljg6Ljg5DjgqTjg6vjg5Djg4Pjg4bjg6rjg7wg77yLVVNCIG1pY3JvQuOCseODvOODluODqyAxNe+9g++9jSAyLjRBKDY3MDBtQWjjg7vjg5Tjg7Pjgq8pIEJTTVBCNjcwMVAxUEs=,,PHRhYmxlIGJvcmRlcj0iMCIgY2VsbHBhZGRpbmc9IjAiIGNlbGxzcGFjaW5nPSIwIiB3aWR0aD0iNzEwIiBzdHlsZT0ibGluZS1oZWlnaHQ6MTQwJTsiPjx0cj48dGQ+PGZvbnQgc2l6ZT0iMiI+44CMQVVUTyBQT1dFUiBTRUxFQ1TmqZ/og73jgI3jgadpUGhvbmUvQW5kcm9pZOOCkuiHquWLleOBp+aApemAn+WFhembu+OAgjxicj7lhYXpm7vmlrnlvI/jga7nlbDjgarjgotpUGhvbmXjgIFBbmRyb2lk44KS5bCC55SoSUPjgYzoh6rli5XjgafliKTliKXjgZfjgIHmjqXntprjgZXjgozjgZ/mqZ/lmajjgavmnIDpganjgarlhYXpm7vvvIjlh7rlipvvvInjgpLooYzjgYZBVVRPIFBPV0VSIFNFTEVDVOapn+iDveOCkuaQrei8ieOAguOBqeOBruODneODvOODiOOBq+OBqeOBruapn+eoruOCkuaOpee2muOBl+OBpuOCguiHquWLleOBp+aApemAn+WFhembu+OBp+OBjeOBvuOBmeOAgjxicj48YnI+44K544Oe44O844OI44OV44Kp44Oz44KS57SEMi415Zue5YiG77yI4oC777yJ5YWF6Zu744Gn44GN44KL44Oi44OQ44Kk44Or44OQ44OD44OG44Oq44O8PGJyPmlQaG9uZeOBquOBqeOBruOCueODnuODvOODiOODleOCqeODs+OCkuWFhembu+OBp+OBjeOCi+WFhembu+W8j+ODquODgeOCpuODoOOCpOOCquODs+mbu+axoOWGheiUteOBruODouODkOOCpOODq+ODkOODg+ODhuODquODvOOAgjxicj4g5Lya56S+55So44Go44OX44Op44Kk44OZ44O844OI55So44Gn44CB44K544Oe44O844OI44OV44Kp44Oz44KSMuWPsOOBiuaMgeOBoeOBruaWueOCguWuieW/g+OBruWkp+WuuemHjzY3MDBtQWjjgIJpUGhvbmUgNnPjgarjgonntIQyLjXlm57liIbvvIjigLvvvInlhYXpm7vlj6/og73jgafjgZnjgIIg44OQ44OD44OG44Oq44O85YiH44KM44KS5rCX44Gr44Gb44Ga5a6J5b+D44GX44Gm44K544Oe44O844OI44OV44Kp44Oz44KS5L2/55So44Gn44GN44G+44GZ44CCPGJyPuKAu2lQaG9uZTZz44Gn44Gu6Kmm6aiT57WQ5p6c44Gr5Z+644Gl44GPPGJyPuOAkOa4rOWumuOBq+S9v+eUqOOBl+OBn+apn+adkOOAkeacrOijveWTgeOAgWlQaG9uZTZzKGlPUyB2ZXI5LjMuMSnjgIFMaWdodG5pbmfjgrPjg43jgq/jgr/jg7zku5jlhYXpm7vjgrHjg7zjg5bjg6vvvIgxMGNt77yJPGJyPiDjgJDmuKzlrprmlrnms5XjgJFpUGhvbmU2c+OBjOODkOODg+ODhuODquODvOaui+mHj+itpuWRiu+8iOaui+mHjzEwJe+8ieOCkuihqOekuuOBl+OBn+aZgueCueOBp2lQaG9uZTZz5pys5L2T44Gu6Zu75rqQ44KST0ZG44Gr44GX44CB5qyh44GraVBob25lNnPmnKzkvZPjga7lhYXpm7vnirbmhYvjgYwxMDAl44Gr44Gq44KL44G+44Gn44KSMeWbnuOBqOOBmeOCi+OAgiDvvIgyMDE25bm0NeaciOiqv+OBue+8iTxicj4g77yI5rOo77yJ5a6f6Zqb44Gu5YWF6Zu75pmC6ZaT44CB5YWF6Zu75Zue5pWw44Gv5rip5bqm44CB5rm/5bqm44CB44GU5L2/55So44GV44KM44KL5YWF6Zu744Kx44O844OW44Or562J44Gu5ris5a6a55Kw5aKD44CB44GK44KI44Gz44CB5pys6KO95ZOB44O7aVBob25lNnPjga7nirbmhYvjgavjgojjgornlbDjgarjgovloLTlkIjjgYzjgYLjgorjgb7jgZnjgII8YnI+PGJyPumbu+a6kOWIh+OCiuW/mOOCjOOBq+OCiOOCi+eEoemnhOOBqumbu+WKm+a2iOiyu+OCkumYsuOBkOOCquODvOODiOODkeODr+ODvOOCquODleapn+iDvTxicj7mnKzoo73lk4Hjga/jgr3jg5Xjg4jjgqbjgqfjgqLjgrnjgqTjg4Pjg4HjgpLmjqHnlKjjgZfjgabjgYrjgorjgIHlh7rlipvpm7vmtYHjgpLmpJznn6XjgZfjgabjgIHlhYXpm7vjgZfjgabjgYTjgarjgYTmmYLjga/oh6rli5Xjgafoo73lk4Hjga7pm7vmupDjgYzliIfjgozjgb7jgZnjgILnhKHpp4TjgarmtojosrvjgYzjgarjgYTjga7jgafnt4rmgKXmmYLjgavlronlv4PjgZfjgabjgZTkvb/nlKjjgYTjgZ/jgaDjgZHjgb7jgZnjgII8YnI+4oC744K544Oe44O844OI44OV44Kp44Oz44Gr44KI44Gj44Gm44Gv44CBMTAwJeWFhembu+ihqOekuuW+jOOCguWFhembu+OBjOe2muOBj+apn+eoruOBjOOBguOCiuOBvuOBmeOAgjxicj48YnI+5a656YeP44GM5LiA55uu44Gn44KP44GL44KLNOautemajkxFROaui+mHj+ihqOekuuapn+iDvTxicj7mnKzkvZPjgatMRUTjgpLmkK3ovInjgZfjgabjgYrjgorjgIE05q616ZqO6KGo56S644Gn6Zu75rGg5q6L6YeP44GM5LiA55uu44Gn56K66KqN44Gn44GN44G+44GZ44CC5L2/44GG44Go44GN44Gr44OQ44OD44OG44Oq44O844Gu5q6L6YeP44GM54Sh44GE44Go44GE44Gj44Gf5LiN5a6J44KS6Kej5raI44GX44G+44GZ44CCPGJyPjxicj7mjIHjgaHpgYvjgbPjgavkvr/liKnjgarjgq3jg6Pjg6rjg7PjgrDjg53jg7zjg4Hku5jjgY08YnI+5oyB44Gh6YGL44Gz44Gr5L6/5Yip44Gq44Kt44Oj44Oq44Oz44Kw44Od44O844OB44GM5LuY5bGe44CC44GK5Ye644GL44GR44Gu5pmC44KC5a6J5b+D44Gn44GZ44CCPGJyPjxicj7jg5Djg4Pjg5XjgqHjg63jg7zjga7jg5Djg4Pjg4bjg6rjg7zjga/lronlv4Pjg7vlronlhajoqK3oqIg8YnI+5L2/55So5pmC44Gu6YGO6Zu75rWB77yI44K344On44O844OI77yJL+mBjumbu+Wcp+OBquOBqeOBrueVsOW4uOOCkuaknOefpeOBl+OBpuWLleS9nOOCkuWBnOatouOBl+OCueODnuODm+OCkuS/neitt+OBmeOCizLmrrXpmo7jga7lm57ot6/jgIHlronlhajoo4Xnva7ku5jjga7jg5Djg4Pjg4bjg6rjg7zjgrvjg6vjgpLmkK3ovInjgILlronlv4Pjg7vlronlhajjgarlhYXpm7vjgYzooYzjgYjjgb7jgZnjgII8YnI+PGJyPjIuNEHlh7rlipvlr77lv5zjgafjgr/jg5bjg6zjg4Pjg4jjgarjganjgrnjg57jg7zjg4jjg5Xjgqnjg7Pku6XlpJbjga7mqZ/lmajjgavjgoLlr77lv5w8YnI+Mi40QeWHuuWKm+OBruOBn+OCgeOAgWlQYWTjgoRBbmRyb2lk44K/44OW44Os44OD44OI44Gr5a++44GX44Gm44KC5a6J5a6a44GX44Gf5YWF6Zu744GM5Y+v6IO944Gn44GZ44CC44G+44GfV2Fsa21hbuOAgeODh+OCuOOCq+ODoeOAgeaQuuW4r+OCsuODvOODoOapn+OAgeODouODkOOCpOODq+ODq+ODvOOCv+ODvOOBquOBqeOAgVVTQuWFhembu+OBq+WvvuW/nOOBl+OBpuOBhOOCi+apn+WZqOOBq+OCguWvvuW/nOOBl+OBpuOBhOOBvuOBmeOAgjxicj7igLtBbmRyb2lk44K/44OW44Os44OD44OI44GvbWljcm8gVVNC5YWF6Zu744Gr5a++5b+c44GX44Gf44K/44OW44Os44OD44OI44Gr6ZmQ44KK44G+44GZ44CCPGJyPuKAu1BD44GuVVNC44Od44O844OI44GL44KJ5YWF6Zu744Gn44GN44KL5qmf5Zmo44Gu44G/44CCPGJyPuKAu2lQYWTjgIFtaWNyb0Lku6XlpJbjga7nq6/lrZDjgpLkvb/nlKjjgZnjgovmqZ/lmajjgpLlhYXpm7vjgZnjgovpmpvjga/liKXlo7LjgorjgrHjg7zjg5bjg6vjgYzlv4XopoHjgafjgZnjgII8YnI+PGJyPue5sOOCiui/lOOBl+ODgeODo+ODvOOCuOOBq+WvvuW/nCA8YnI+57SEMzAw5Zue5L2/55So5Y+v6IO944Gq5YWF6Zu75byP44Oq44OB44Km44Og44Kk44Kq44Oz6Zu75rGg44KS5o6h55So44CC44OQ44OD44OG44Oq44O85pys5L2T44KS44Kz44Oz44K744Oz44OI44KEUEPjgYvjgonjg4Hjg6Pjg7zjgrjjgZnjgovjgZPjgajjgafnubDjgorov5TjgZfkvb/nlKjjgafjgY3jgb7jgZnjgIIgPGJyPjxicj5Sb0hT5Z+65rqW5YCk5rqW5ougPGJyPjIwMDblubQ35pyI44GL44KJRVXlnI/jgafmlr3ooYzjgZXjgozjgZ/pm7vmsJfjg7vpm7vlrZDmqZ/lmajjgavlr77jgZnjgovnibnlrprmnInlrrPnianos6rkvb/nlKjliLbpmZDmjIfku6TjgIxSb0hT5oyH5Luk44CN44Gu5Z+65rqW5YCk44Gr5rqW5oug44GX44Gm44GE44G+44GZ44CCPGJyPuKAu1JvSFPln7rmupblgKTjgavjgaTjgYTjgabjga/jgZPjgaHjgonjgpLjgZTopqfjgY/jgaDjgZXjgYTjgII8YnI+PGJyPuOAkOijveWTgeS7leanmOOAkTxicj7jg5Djg4Pjg4bjg6rjg7zjgr/jgqTjg5fjgIDlhYXpm7vlvI/jg6rjg4Hjgqbjg6DjgqTjgqrjg7Ppm7vmsaA8YnI+44OQ44OD44OG44Oq44O85a656YeP44CAREMzLjYzVi82NzAwbUFo77yI57SEMjQuMzJXaO+8iTxicj7lhaXlipvjgIBEQzUuMFYvMi4wQTxicj7lh7rlipvjgIBEQzUuMFYvMi40QTxicj7lhYXpm7vmmYLplpPjgIDntIQ15pmC6ZaT44CA4oC75b2T56S+VVNC5YWF6Zu75ZmoQlNNUEJBQzA144KS5L2/55So44GX44Gm44OB44Oj44O844K444GX44Gf5aC05ZCI44Gu55uu5a6J44CCPGJyPue5sOOCiui/lOOBl+WFhembu+WbnuaVsOOAgOe0hDMwMOWbnjxicj7jgrHjg7zjg5bjg6vplbfjgIDntIQxNWNtPGJyPuWkluW9ouWvuOazle+8iOW5hcOX6auY44GVw5flpaXooYzvvInjgIA1M8OXODjDlzIzLjZtbe+8iOeqgei1t+mDqOmZpOOBj++8iTxicj7os6rph4/jgIDntIQxMzVnPGJyPuODkeODg+OCseODvOOCuOWvuOazle+8iOW5hcOX6auY44GVw5flpaXooYzvvInjgIAxMDDDlzE3OMOXNDJtbTxicj7jg5Hjg4PjgrHjg7zjgrjos6rph4/vvIjmnKzkvZPlkKvjgoDvvInjgIDntIQxOTNnPGJyPuWLleS9nOeSsOWig+OAgOa4qeW6pjXihIPvvZ40MOKEg+OAgea5v+W6pjEw77yF772eODXvvIUo57WQ6Zyy44Gq44GN44GT44GoKTxicj7kv53oqLzmnJ/plpPjgIA244O25pyIPGJyPuijveWTgeani+aIkOOAgOacrOS9k+OAgVVTQiBBIHRvIG1pY3JvQuOCseODvOODluODq++8iDE1Y23vvInjgIHjgq3jg6Pjg6rjg7PjgrDjg53jg7zjg4HjgIHlj5bmibHoqqzmmI7mm7g8YnI+PGJyPjwvZm9udD48L3RkPjwvdHI+PC90YWJsZT48c3R5bGUgdHlwZT0idGV4dC9jc3MiPgo8IS0tCi5yYWt1dGVuLWNhbXAgewoJd2lkdGg6IDcyNXB4OwoJYm9yZGVyOiAycHggc29saWQgIzMzOTlGRjsKCXBhZGRpbmctdG9wOiA1cHg7CgktbW96LWJvcmRlci1yYWRpdXM6NHB4OyAvKkZpcmVmb3gqLwoJLXdlYmtpdC1ib3JkZXItcmFkaXVzOiA0cHg7IC8qU2FmYXJpLENocm9tZSovCglib3JkZXItcmFkaXVzOjRweDsgLypPcGVyYSxDaHJvbWUqLwoJbWFyZ2luOjAgMTBweCAxMHB4IDA7Cn0KCi8qIOS+oeagvOOBq+aeoOe3muOBjOOBpOOBjyAqLwp0YWJsZSNyYWt1dGVuTGltaXRlZElkX2NhcnQgewogICAgYmFja2dyb3VuZC1jb2xvcjogI2Y4ZjhmODsKICAgIGJvcmRlcjogMXB4IHNvbGlkICNkZGQ7CiAgICBwYWRkaW5nOiA4cHg7CiAgICBtYXJnaW46IDE2cHggMDsKfQoKc3Bhbi5wcmljZTEgewogICAgY29sb3I6ICMzMzMgIWltcG9ydGFudDsKICAgIGZvbnQtd2VpZ2h0OiBib2xkOwogICAgZm9udC1zaXplOiA4MCUgIWltcG9ydGFudDsKICAgIGxpbmUtaGVpZ2h0OiAzMHB4OwogICAgZGlzcGxheTogaW5saW5lLWJsb2NrOwogICAgbWFyZ2luLXJpZ2h0OiAxNnB4Owp9CgotLT4KPC9zdHlsZT4KCjwhLS3jg5Djg4rjg7zjgqjjg6rjgqItLT4KCjwhLS3jgJDmtojjgZnjgarvvIHjgJHimIXimIXimIUgaGVpZ2h0PSIzODAiIOOBp+ioreWumuOBl+OBpuOBj+OBoOOBleOBhOOAguKYheKYheKYhS0tPgo8IS0t44OQ44OK44O844Ko44Oq44Ki44GT44GT44G+44GnLS0+Cgo8IS0t5qW95aSp44Kt44Oj44Oz44Oa44O844OzLS0+Cgo8aDIgc3R5bGU9Im1hcmdpbjoyMHB4IDAgMTBweCAwOyI+PGltZyBzcmM9Imh0dHA6Ly93d3cucmFrdXRlbi5uZS5qcC9nb2xkL2FraWJhbWFjL2ZyYW1lL2ltYWdlcy9yYWt1dGVuX3RpdGxlMi5naWYiIGFsdD0i5qW95aSp5biC5aC044Gu44GK5b6X44Gq44Kt44Oj44Oz44Oa44O844OzIiB3aWR0aD0iNzMwIiBoZWlnaHQ9IjQyIiBib3JkZXI9IjAiPjwvaDI+CjxkaXYgY2xhc3M9InJha3V0ZW4tY2FtcCIgc3R5bGU9Im1hcmdpbjowIDAgMCAwOyI+CgoKPCEtLealveWkqeOCreODo+ODs+ODmuODvOODs0DjgZPjgZPjgb7jgactLT4=,QlVGRkFMT+OCv+ODluODrOODg+ODiO+8j+OCueODnuODvOODiOODleOCqeODs+WvvuW/nO+8u1VTQiBtaWNyb0LvvI9VU0Lntabpm7vvvL1VU0Ljg6Ljg5DjgqTjg6vjg5Djg4Pjg4bjg6rjg7wg77yLVVNCIG1pY3JvQuOCseODvOODluODqyAxNe+9g++9jSAyLjRBKDY3MDBtQWjjg7vjg5Tjg7Pjgq8pIEJTTVBCNjcwMVAxUEvvvJrjgr3jg5Xjg57jg4Pjg5fjgIDjg4fjgrjjgr/jg6vjgrPjg6zjgq/jgrfjg6fjg7M=,44K944OV44Oe44OD44OXIOODh+OCuOOCv+ODq+OCs+ODrOOCr+OCt+ODp+ODs1NvZm1hcCBEaWdpdGFsIENvbGxlY3Rpb27jg5Hjgr3jgrPjg7Pjgr/jg5bjg6zjg4Pjg4hQQ0hEROOCouOCu+ODs+ODluODquODkeODvOODhOODkeOCveOCs+ODs+ODkeODvOODhOODhuODrOODk+OCsuODvOODoOODluODq+ODvOODrOOCpOOCveODleODiERWROOCveODleODiOa2suaZtuODhuODrOODk+ODluODq+ODvOODrOOCpOODh+OCo+OCueOCr+ODrOOCs+ODvOODgOODvOODh+OCuOOCv+ODq+S4gOecvOODrOODleOCq+ODoeODqeODh+OCuOOCv+ODq+OCq+ODoeODqeWutumbu+aZguioiOS4reWPpOOAgOOCveODleODiOOCouOCpuODiOODrOODg+ODiOS4reWPpOODjuODvOODiOODkeOCveOCs+ODs+S4reWPpOODkeOCveOCs+ODs0JVRkZBTE/jgr/jg5bjg6zjg4Pjg4jvvI/jgrnjg57jg7zjg4jjg5Xjgqnjg7Plr77lv5zvvLtVU0IgbWljcm9C77yPVVNC57Wm6Zu777y9VVNC44Oi44OQ44Kk44Or44OQ44OD44OG44Oq44O8IO+8i1VTQiBtaWNyb0LjgrHjg7zjg5bjg6sgMTXvvYPvvY0gMi40QSg2NzAwbUFo44O744OU44Oz44KvKSBCU01QQjY3MDFQMVBL,QlVGRkFMT+OCv+ODluODrOODg+ODiO+8j+OCueODnuODvOODiOODleOCqeODs+WvvuW/nO+8u1VTQiBtaWNyb0LvvI9VU0Lntabpm7vvvL1VU0Ljg6Ljg5DjgqTjg6vjg5Djg4Pjg4bjg6rjg7wg77yLVVNCIG1pY3JvQuOCseODvOODluODqyAxNe+9g++9jSAyLjRBKDY3MDBtQWjjg7vjg5Tjg7Pjgq8pIEJTTVBCNjcwMVAxUEs=[rn]
3-47065,aHR0cDovL3RzaG9wLnIxMHMuanAvYWtpYmFtYWMvY2FiaW5ldC8wNTI2NDA2OS80OTUzMTAzMjg0NTU1LmpwZz9maXRpbj03MDA6NzAw,MTI0MC4wMDAw,,44K544Oe44O844OI44OV44Kp44Oz44O744K/44OW44Os44OD44OIID4g44OQ44OD44OG44Oq44O844O75YWF6Zu75ZmoID4g44Oi44OQ44Kk44Or44OQ44OD44OG44Oq44O8,44Ko44Os44Kz44Og44K544Oe44O844OI44OV44Kp44Oz55So77y7VVNCIG1pY3JvQu+8j1VTQue1pumbu++8vSBVU0Ljg6Ljg5DjgqTjg6vjg5Djg4Pjg4bjg6rjg7wg77yLVVNCIG1pY3JvQuOCseODvOODluODqyAxMGNtIO+8iDMwMDBtQWjjg7vjg5Hjg7zjg5fjg6vvvIkgREUtTTA0TDMwMTVQVSAoREVNMDRMMzAxNVBVKQ==,,PHRhYmxlIGJvcmRlcj0iMCIgY2VsbHBhZGRpbmc9IjAiIGNlbGxzcGFjaW5nPSIwIiB3aWR0aD0iNzEwIiBzdHlsZT0ibGluZS1oZWlnaHQ6MTQwJTsiPjx0cj48dGQ+PGZvbnQgc2l6ZT0iMiI+44CU44K544Oe44O844OI44OV44Kp44Oz55So77y7VVNCIG1pY3JvQu+8j1VTQue1pumbu++8ve+8muODouODkOOCpOODq+ODkOODg+ODhuODquODvO+8iFVTQuiThOmbu++8ie+8i1VTQiBtaWNyb0LjgrHjg7zjg5bjg6sg5YWF6Zu744CVPGJyPuOCueODnuODvOODiOODleOCqeODs+OBqOODouODkOOCpOODq+ODkOODg+ODhuODquODvOOCkuOBvuOBqOOCgeOBpuWFhembu+OBp+OBjeOCiyHmjIHjgaHpgYvjgbPjgavkvr/liKnjgarjgrPjg7Pjg5Hjgq/jg4jjgr/jgqTjg5fjga7jgrnjg57jg7zjg4jjg5Xjgqnjg7PnlKjjg6Ljg5DjgqTjg6vjg5Djg4Pjg4bjg6rjg7zjgII8YnI+PGJyPuKWoCDjgrnjg6rjg6DoqK3oqIjjgafjgqvjg5Djg7Pjgarjganjga7pmpnplpPjgavlhaXjgozjgoTjgZnjgY/jgIHmjIHjgaHpgYvjgbPjgavkvr/liKnjgarjgrPjg7Pjg5Hjgq/jg4jjgr/jgqTjg5fjga7jgrnjg57jg7zjg4jjg5Xjgqnjg7PnlKjjg6Ljg5DjgqTjg6vjg5Djg4Pjg4bjg6rjg7zjgafjgZnjgII8YnI+4pagIOacrOS9k+WFhembu+eUqOOCseODvOODluODq+OCkuaOpee2muOBl+OBn+OBvuOBvuOBp+OAgeOCueODnuODvOODiOODleOCqeODs+OBqOODouODkOOCpOODq+ODkOODg+ODhuODquODvOOCkuWFhembu+OBp+OBjeOCi+OAjOOBvuOBqOOCgeOBpuWFhembu+OAjeOBq+WvvuW/nOOBl+OBpuOBhOOBvuOBmeOAgjxicj7igLvjg6Ljg5DjgqTjg6vjg5Djg4Pjg4bjg6rjg7zmnKzkvZPjga7pm7vmsaDmrovph4/jgYww77yF44Gr44Gq44Gj44Gf5aC05ZCI44CB44Oi44OQ44Kk44Or44OQ44OD44OG44Oq44O85pys5L2T44G444Gu5YWF6Zu744GM5YSq5YWI44GV44KM44CB5rqA5YWF6Zu744Gu5b6M44CB44K544Oe44O844OI44OV44Kp44Oz44G444Gu57Wm6Zu744KS6ZaL5aeL44GX44G+44GZ44CCPGJyPuKWoCDjg6Ljg5DjgqTjg6vjg5Djg4Pjg4bjg6rjg7zmnKzkvZPjgpLntIQyLjXmmYLplpPjgaflhYXpm7vjgafjgY3jgIHjg4Hjg6Pjg7zjgrjmmYLplpPjgpLlpKfluYXjgavnn63nuK7jgZnjgovjgZPjgajjgYzjgafjgY3jgb7jgZnjgILigLvlh7rlipsxLjVB5Lul5LiK44GuQUPjgqLjg4Djg5fjgr/kvb/nlKjmmYLjgII8YnI+4pagIOODkeOCveOCs+ODs+OBrlVTQuODneODvOODiOOBq+aOpee2muOBmeOCi+OBk+OBqOOBp+OCguWFhembu+WPr+iDveOBp+OBmeOAguKAu+ODkeOCveOCs+ODs+OBrlVTQuODneODvOODiOOBr+WHuuWKmzUwMG1B44Gu44Gf44KB44CB5pys6KO95ZOB44G444Gu55uu5a6J5YWF6Zu75pmC6ZaT44Gv57SEOOaZgumWk+OBp+OBmeOAgjxicj7ilqAg5pyA5aSn5Ye65YqbMS41QeOBrumrmOWHuuWKm+ODouODh+ODq+OBp+OBmeOAgjxicj7ilqAg5pys6KO95ZOBKOODkOODg+ODhuODquODvOWuuemHjzMwMDBtQWgp44Gn44K544Oe44O844OI44OV44Kp44Oz44KS57SEMeWbnuWFhembu+WPr+iDveOBp+OBmeOAguKAu+a6gOWFhembu+OCkuOBl+OBn+acrOijveWTgeOCkueUqOOBhOOAgeODkOODg+ODhuODquODvOWuuemHj+OBjOe0hDE4MDBtQWjjga7jgrnjg57jg7zjg4jjg5Xjgqnjg7PjgpLlhYXpm7vjgZnjgovpmpvjga7nm67lronlm57mlbDjgafjgZnjgILlhYXpm7vkuK3jgavpm7vmupDjgYzlhaXjgaPjgZ/jgorjgIHmqZ/lmajjgpLkvb/nlKjjgZfjgabjgYTjgovloLTlkIjjga/oqJjovInjga7mlbDlgKTjgb7jgaflhYXpm7vjgafjgY3jgarjgYTloLTlkIjjgYzjgYLjgorjgb7jgZnjgII8YnI+4pagIOS7mOWxnuOBrlVTQuOCseODvOODluODq+OCkuacrOijveWTgeOBruWFhembu+eUqFVTQihtaWNyby1CKeODneODvOODiOOBq+aOpee2muOBl+OAgeWvvuW/nOOBl+OBn0FD44Ki44OA44OX44K/44Gr5o6l57aa44GZ44KL44GT44Go44Gn5YWF6Zu75Y+v6IO944Gn44GZ44CCPGJyPuKWoCBpUGhvbmXjgavku5jlsZ7jgoLjgZfjgY/jga/lr77lv5zjgZfjgZ9MaWdodG5pbmfjgrHjg7zjg5bjg6vjgpLliKnnlKjjgZnjgovjgZPjgajjgafjgIFpUGhvbmXjgoLlhYXpm7vlj6/og73jgafjgZnjgII8YnI+4pagIOODkOODg+ODhuODquODvOWFqOmdouOBq+izquaEn+OBrumrmOOBhOWFqOmdouOCt+ODnOWKoOW3peOCkuaWveOBl+OBpuOBhOOBvuOBmeOAgjxicj7ilqAg6Zu75rGg5q6L6YeP44GvNOautemajuOBrkxFROODqeODs+ODl+eCueeBr+OBp+eiuuiqjeWPr+iDveOBp+OBmeOAgjxicj7ilqAg57SENTAw5Zue57mw44KK6L+U44GX5L2/55So5Y+v6IO944Gq5YWF6Zu75byP44Oq44OB44Km44Og44Kk44Kq44Oz6Zu75rGg44KS5pCt6LyJ44GX44Gm44GE44G+44GZ44CCPGJyPuKWoCDlhoXolLXjga7lhYXpm7vlvI/jg6rjg4Hjgqbjg6DjgqTjgqrjg7Ppm7vmsaDjga/jgIFKSVMgQzg3MTHjgYrjgojjgbNKSVMgQzg3MTTjgavmupbmi6DjgZfjgZ/lronlhajoqK3oqIjjgafjgZnjgII8YnI+4pagIOmBjuWFhembu+ODu+mBjuaUvumbu+ODu+mBjumbu+Wcp+ODu+mBjumbu+a1gemYsuatouapn+iDveOBiuOCiOOBs+efree1oeS/neitt+apn+iDveOCkuWCmeOBiOOBn+OBguOCk+OBl+OCk+OBruWbnui3r+ioreioiOOBp+OBmeOAgjxicj48YnI+4oC75bel5aC05Ye66I235pmC44GrNzDvvIXnqIvluqblhYXpm7vjgZXjgozjgabjgYTjgb7jgZnjgILlhYXpm7vlvI/jg6rjg4Hjgqbjg6DjgqTjgqrjg7Ppm7vmsaDjga/mmYLplpPjgajjgajjgoLjgavmlL7pm7vjgZnjgovjga7jgafjgIHjgZTkvb/nlKjjgavjgarjgovliY3jgavlhYXpm7vjgZnjgovjgZPjgajjgpLmjqjlpajjgZfjgb7jgZnjgII8YnI+PGJyPuOAkOijveWTgeS7leanmOOAkTxicj7ilqAg5a++5b+c5qmf56iu77yabWljcm8tQuOCs+ODjeOCr+OCv+aQrei8ieOCueODnuODvOODiOODleOCqeODs+OAgeOCv+ODluODrOODg+ODiOOAgeOBiuOCiOOBs2lQaG9uZeOBquOBqeOBrmlPU+err+acq+apn+WZqOKAuzIwMTblubQ25pyI54++5ZyoPGJyPuKWoCDjgrPjg43jgq/jgr/lvaLnirYo6Zu75rqQ5YWl5Yqb5YG0Ke+8mlVTQiBNaWNyby1CIOODoeOCuTxicj7ilqAg5a6a5qC85YWl5Yqb6Zu75Zyn77yaREM1Vjxicj7ilqAg44Kz44ON44Kv44K/5b2i54q2KOmbu+a6kOWHuuWKm+WBtCnvvJpVU0ItQeODoeOCuTxicj7ilqAg5a6a5qC85Ye65Yqb6Zu75Zyn77yaREM1Vjxicj7ilqAg5a6a5qC85Ye65Yqb6Zu75rWB77yaMS41QTxicj7ilqAg6Zu75rGg56iu6aGe77ya5YWF6Zu75byP44Oq44OB44Km44Og44Kk44Kq44Oz6Zu75rGgPGJyPuKWoCDpm7vmsaDlrprmoLzlrrnph4/vvJozMDAwbUFoPGJyPuKWoCDlhYXpm7vmmYLplpPvvJoyLjXmmYLplpMgMS41QeOBrkFD5YWF6Zu75Zmo5L2/55So5pmCPGJyPuKWoCDlpJYyN8OXOTDDlzI2bW08YnI+4pagIOOCseODvOODluODq+mVt++8mjEwY208YnI+4pagIOmHjemHj++8mjc4Zzxicj7ilqAg44GP44KK6L+U44GX5L2/55So5Zue5pWw77yaNTAw5ZuePGJyPuKWoCDku5jlsZ7lk4HvvJpVU0LjgrHjg7zjg5bjg6soVVNCLUHjgqrjgrktTWljcm8tQuOCquOCuSk8YnI+4pagIOeSsOWig+mFjeaFruS6i+mghe+8muS9v+eUqOa4qeW6piAw772eNDDihIM8YnI+4pagIOS/neiovOacn+mWk++8mjbjg7bmnIg8YnI+4pagIOOBneOBruS7lu+8mmlPU+err+acq+OBp+S9v+eUqOOBmeOCi+WgtOWQiOOBr+WIpemAlGlPU+eUqOOCseODvOODluODq+OCkuOBlOeUqOaEj+OBj+OBoOOBleOBhOOAkOOAkDxicj48YnI+PC9mb250PjwvdGQ+PC90cj48L3RhYmxlPjxzdHlsZSB0eXBlPSJ0ZXh0L2NzcyI+CjwhLS0KLnJha3V0ZW4tY2FtcCB7Cgl3aWR0aDogNzI1cHg7Cglib3JkZXI6IDJweCBzb2xpZCAjMzM5OUZGOwoJcGFkZGluZy10b3A6IDVweDsKCS1tb3otYm9yZGVyLXJhZGl1czo0cHg7IC8qRmlyZWZveCovCgktd2Via2l0LWJvcmRlci1yYWRpdXM6IDRweDsgLypTYWZhcmksQ2hyb21lKi8KCWJvcmRlci1yYWRpdXM6NHB4OyAvKk9wZXJhLENocm9tZSovCgltYXJnaW46MCAxMHB4IDEwcHggMDsKfQoKLyog5L6h5qC844Gr5p6g57ea44GM44Gk44GPICovCnRhYmxlI3Jha3V0ZW5MaW1pdGVkSWRfY2FydCB7CiAgICBiYWNrZ3JvdW5kLWNvbG9yOiAjZjhmOGY4OwogICAgYm9yZGVyOiAxcHggc29saWQgI2RkZDsKICAgIHBhZGRpbmc6IDhweDsKICAgIG1hcmdpbjogMTZweCAwOwp9CgpzcGFuLnByaWNlMSB7CiAgICBjb2xvcjogIzMzMyAhaW1wb3J0YW50OwogICAgZm9udC13ZWlnaHQ6IGJvbGQ7CiAgICBmb250LXNpemU6IDgwJSAhaW1wb3J0YW50OwogICAgbGluZS1oZWlnaHQ6IDMwcHg7CiAgICBkaXNwbGF5OiBpbmxpbmUtYmxvY2s7CiAgICBtYXJnaW4tcmlnaHQ6IDE2cHg7Cn0KCi0tPgo8L3N0eWxlPgoKPCEtLeODkOODiuODvOOCqOODquOCoi0tPgoKPCEtLeOAkOa2iOOBmeOBqu+8geOAkeKYheKYheKYhSBoZWlnaHQ9IjM4MCIg44Gn6Kit5a6a44GX44Gm44GP44Gg44GV44GE44CC4piF4piF4piFLS0+CjwhLS3jg5Djg4rjg7zjgqjjg6rjgqLjgZPjgZPjgb7jgactLT4KCjwhLS3mpb3lpKnjgq3jg6Pjg7Pjg5rjg7zjg7MtLT4KCjxoMiBzdHlsZT0ibWFyZ2luOjIwcHggMCAxMHB4IDA7Ij48aW1nIHNyYz0iaHR0cDovL3d3dy5yYWt1dGVuLm5lLmpwL2dvbGQvYWtpYmFtYWMvZnJhbWUvaW1hZ2VzL3Jha3V0ZW5fdGl0bGUyLmdpZiIgYWx0PSLmpb3lpKnluILloLTjga7jgYrlvpfjgarjgq3jg6Pjg7Pjg5rjg7zjg7MiIHdpZHRoPSI3MzAiIGhlaWdodD0iNDIiIGJvcmRlcj0iMCI+PC9oMj4KPGRpdiBjbGFzcz0icmFrdXRlbi1jYW1wIiBzdHlsZT0ibWFyZ2luOjAgMCAwIDA7Ij4KCgo8IS0t5qW95aSp44Kt44Oj44Oz44Oa44O844OzQOOBk+OBk+OBvuOBpy0tPg==,44Ko44Os44Kz44Og44K544Oe44O844OI44OV44Kp44Oz55So77y7VVNCIG1pY3JvQu+8j1VTQue1pumbu++8vSBVU0Ljg6Ljg5DjgqTjg6vjg5Djg4Pjg4bjg6rjg7wg77yLVVNCIG1pY3JvQuOCseODvOODluODqyAxMGNtIO+8iDMwMDBtQWjjg7vjg5Hjg7zjg5fjg6vvvIkgREUtTTA0TDMwMTVQVSAoREVNMDRMMzAxNVBVKe+8muOCveODleODnuODg+ODl+OAgOODh+OCuOOCv+ODq+OCs+ODrOOCr+OCt+ODp+ODsw==,44K944OV44Oe44OD44OXIOODh+OCuOOCv+ODq+OCs+ODrOOCr+OCt+ODp+ODs1NvZm1hcCBEaWdpdGFsIENvbGxlY3Rpb27jg5Hjgr3jgrPjg7Pjgr/jg5bjg6zjg4Pjg4hQQ0hEROOCouOCu+ODs+ODluODquODkeODvOODhOODkeOCveOCs+ODs+ODkeODvOODhOODhuODrOODk+OCsuODvOODoOODluODq+ODvOODrOOCpOOCveODleODiERWROOCveODleODiOa2suaZtuODhuODrOODk+ODluODq+ODvOODrOOCpOODh+OCo+OCueOCr+ODrOOCs+ODvOODgOODvOODh+OCuOOCv+ODq+S4gOecvOODrOODleOCq+ODoeODqeODh+OCuOOCv+ODq+OCq+ODoeODqeWutumbu+aZguioiOS4reWPpOOAgOOCveODleODiOOCouOCpuODiOODrOODg+ODiOS4reWPpOODjuODvOODiOODkeOCveOCs+ODs+S4reWPpOODkeOCveOCs+ODs+OCqOODrOOCs+ODoOOCueODnuODvOODiOODleOCqeODs+eUqO+8u1VTQiBtaWNyb0LvvI9VU0Lntabpm7vvvL0gVVNC44Oi44OQ44Kk44Or44OQ44OD44OG44Oq44O8IO+8i1VTQiBtaWNyb0LjgrHjg7zjg5bjg6sgMTBjbSDvvIgzMDAwbUFo44O744OR44O844OX44Or77yJIERFLU0wNEwzMDE1UFUgKERFTTA0TDMwMTVQVSk=,44Ko44Os44Kz44Og44K544Oe44O844OI44OV44Kp44Oz55So77y7VVNCIG1pY3JvQu+8j1VTQue1pumbu++8vSBVU0Ljg6Ljg5DjgqTjg6vjg5Djg4Pjg4bjg6rjg7wg77yLVVNCIG1pY3JvQuOCseODvOODluODqyAxMGNtIO+8iDMwMDBtQWjjg7vjg5Hjg7zjg5fjg6vvvIkgREUtTTA0TDMwMTVQVSAoREVNMDRMMzAxNVBVKQ==[rn]
3-47066,aHR0cDovL3RzaG9wLnIxMHMuanAvYWtpYmFtYWMvY2FiaW5ldC8wNTA1MDczOS80OTUwMTkwMzU4MjA2LmpwZz9maXRpbj03MDA6NzAw,MTE5My42MDAw,,44K544Oe44O844OI44OV44Kp44Oz44O744K/44OW44Os44OD44OIID4g44OQ44OD44OG44Oq44O844O75YWF6Zu75ZmoID4g44Oi44OQ44Kk44Or44OQ44OD44OG44Oq44O8,QlVGRkFMT+OCueODnuODvOODiOODleOCqeODs+WvvuW/nO+8u1VTQiBtaWNyb0LvvI9VU0Lntabpm7vvvL0gVVNC44Oi44OQ44Kk44Or44OQ44OD44OG44Oq44O8IO+8i1VTQiBtaWNyb0LjgrHjg7zjg5bjg6sgMTDvvYPvvY0gKDI2MDBtQWjjg7vjg5bjg6njg4Pjgq8pIEJTTVBCMjYwM1AxQks=,,PHRhYmxlIGJvcmRlcj0iMCIgY2VsbHBhZGRpbmc9IjAiIGNlbGxzcGFjaW5nPSIwIiB3aWR0aD0iNzEwIiBzdHlsZT0ibGluZS1oZWlnaHQ6MTQwJTsiPjx0cj48dGQ+PGZvbnQgc2l6ZT0iMiI+6Zu75rqQ5YiH44KK5b+Y44KM44Gr44KI44KL54Sh6aeE44Gq6Zu75Yqb5raI6LK744KS6Ziy44GQ44Kq44O844OI44OR44Ov44O844Kq44OV5qmf6IO9PGJyPuacrOijveWTgeOBr+OCveODleODiOOCpuOCp+OCouOCueOCpOODg+ODgeOCkuaOoeeUqOOBl+OBpuOBiuOCiuOAgeWHuuWKm+mbu+a1geOCkuaknOefpeOBl+OBpuOAgeWFhembu+OBl+OBpuOBhOOBquOBhOaZguOBr+iHquWLleOBp+ijveWTgeOBrumbu+a6kOOBjOWIh+OCjOOBvuOBmeOAgueEoemnhOOBqua2iOiyu+OBjOOBquOBhOOBruOBp+e3iuaApeaZguOBq+WuieW/g+OBl+OBpuOBlOS9v+eUqOOBhOOBn+OBoOOBkeOBvuOBmeOAgjxicj7igLvjgrnjg57jg7zjg4jjg5Xjgqnjg7PjgavjgojjgaPjgabjga/jgIExMDAl5YWF6Zu76KGo56S65b6M44KC5YWF6Zu744GM57aa44GP5qmf56iu44GM44GC44KK44G+44GZ44CCPGJyPjxicj7lrrnph4/jgYzkuIDnm67jgafjgo/jgYvjgos05q616ZqOTEVE5q6L6YeP6KGo56S65qmf6IO9PGJyPuacrOS9k+OBq0xFROOCkuaQrei8ieOBl+OBpuOBiuOCiuOAgTTmrrXpmo7ooajnpLrjgafpm7vmsaDmrovph4/jgYzkuIDnm67jgafnorroqo3jgafjgY3jgb7jgZnjgILkvb/jgYbjgajjgY3jgavjg5Djg4Pjg4bjg6rjg7zjga7mrovph4/jgYznhKHjgYTjgajjgYTjgaPjgZ/kuI3lronjgpLop6PmtojjgZfjgb7jgZnjgII8YnI+PGJyPuOCueODnuODvOODiOODleOCqeODs+OCkue0hDHlm57liIbvvIjigLvvvInlhYXpm7vjgafjgY3jgovjg6Ljg5DjgqTjg6vjg5Djg4Pjg4bjg6rjg7w8YnI+aVBob25l44Gq44Gp44Gu44K544Oe44O844OI44OV44Kp44Oz44KS5YWF6Zu744Gn44GN44KL5YWF6Zu75byP44Oq44OB44Km44Og44Kk44Kq44Oz6Zu75rGg5YaF6JS144Gu44Oi44OQ44Kk44Or44OQ44OD44OG44Oq44O844CCPGJyPmlQaG9uZSA2c+OBquOCiee0hDHlm57liIbvvIjigLvvvInlhYXpm7vlj6/og73jgafjgZnjgIIg44OQ44OD44OG44Oq44O85YiH44KM44KS5rCX44Gr44Gb44Ga5a6J5b+D44GX44Gm44K544Oe44O844OI44OV44Kp44Oz44KS5L2/55So44Gn44GN44G+44GZ44CCPGJyPuKAu2lQaG9uZTZz44Gn44Gu6Kmm6aiT57WQ5p6c44Gr5Z+644Gl44GPPGJyPuOAkOa4rOWumuOBq+S9v+eUqOOBl+OBn+apn+adkOOAkeacrOijveWTgeOAgWlQaG9uZTZzKGlPUyB2ZXI5LjMuMSnjgIFMaWdodG5pbmfjgrPjg43jgq/jgr/jg7zku5jlhYXpm7vjgrHjg7zjg5bjg6vvvIgxMGNt77yJPGJyPiDjgJDmuKzlrprmlrnms5XjgJFpUGhvbmU2c+OBjOODkOODg+ODhuODquODvOaui+mHj+itpuWRiu+8iOaui+mHjzEwJe+8ieOCkuihqOekuuOBl+OBn+aZgueCueOBp2lQaG9uZTZz5pys5L2T44Gu6Zu75rqQ44KST0ZG44Gr44GX44CB5qyh44GraVBob25lNnPmnKzkvZPjga7lhYXpm7vnirbmhYvjgYwxMDAl44Gr44Gq44KL44G+44Gn44KSMeWbnuOBqOOBmeOCi+OAgu+8iDIwMTblubQ15pyI54++5Zyo77yJPGJyPiDvvIjms6jvvInlrp/pmpvjga7lhYXpm7vmmYLplpPjgIHlhYXpm7vlm57mlbDjga/muKnluqbjgIHmub/luqbjgIHjgZTkvb/nlKjjgZXjgozjgovlhYXpm7vjgrHjg7zjg5bjg6vnrYnjga7muKzlrprnkrDlooPjgIHjgYrjgojjgbPjgIHmnKzoo73lk4Hjg7tpUGhvbmU2c+OBrueKtuaFi+OBq+OCiOOCiueVsOOBquOCi+WgtOWQiOOBjOOBguOCiuOBvuOBmeOAgjxicj48YnI+44OQ44OD44OV44Kh44Ot44O844Gu44OQ44OD44OG44Oq44O844Gv5a6J5b+D44O75a6J5YWo6Kit6KiIPGJyPuS9v+eUqOaZguOBrumBjumbu+a1ge+8iOOCt+ODp+ODvOODiO+8iS/pgY7pm7vlnKfjgarjganjga7nlbDluLjjgpLmpJznn6XjgZfjgabli5XkvZzjgpLlgZzmraLjgZfjgrnjg57jg5vjgpLkv53orbfjgZnjgosy5q616ZqO44Gu5Zue6Lev44CB5a6J5YWo6KOF572u5LuY44Gu44OQ44OD44OG44Oq44O844K744Or44KS5pCt6LyJ44CC5a6J5b+D44O75a6J5YWo44Gq5YWF6Zu744GM6KGM44GI44G+44GZ44CCPGJyPjxicj7mgKXpgJ/lhYXpm7vjgavlr77lv5w8YnI+5oCl6YCf5YWF6Zu75a++5b+c44Gu44K544Oe44O844OI44OV44Kp44Oz44Gr6ZmQ44KK44CB5oCl6YCf5YWF6Zu744GM5Y+v6IO944Gn44GZ44CCPGJyPuKAu2lQaG9uZSA2cyBQbHVzLzYgUGx1c+OAgWlQYWQg44Gu5oCl6YCf5YWF6Zu744Gr44Gv6Z2e5a++5b+c44Gn44GZ44CCPGJyPjxicj7luYXluoPjgYTmqZ/lmajjgavlr77lv5w8YnI+aVBhZOOChEFuZHJvaWTjgr/jg5bjg6zjg4Pjg4jjgIFXYWxrbWFu44CB44OH44K444Kr44Oh44CB5pC65biv44Ky44O844Og5qmf44CB44Oi44OQ44Kk44Or44Or44O844K/44O844Gq44Gp44CBVVNC5YWF6Zu744Gr5a++5b+c44GX44Gm44GE44KL5qmf5Zmo44Gr44KC5a++5b+c44GX44Gm44GE44G+44GZ44CCPGJyPuKAu0FuZHJvaWTjgr/jg5bjg6zjg4Pjg4jjga9taWNybyBVU0LlhYXpm7vjgavlr77lv5zjgZfjgZ/jgr/jg5bjg6zjg4Pjg4jjgavpmZDjgorjgb7jgZnjgII8YnI+4oC7UEPjga5VU0Ljg53jg7zjg4jjgYvjgonlhYXpm7vjgafjgY3jgovmqZ/lmajjga7jgb/jgII8YnI+4oC7aVBhZOOAgW1pY3JvQuS7peWkluOBruerr+WtkOOCkuS9v+eUqOOBmeOCi+apn+WZqOOCkuWFhembu+OBmeOCi+mam+OBr+WIpeWjsuOCiuOCseODvOODluODq+OBjOW/heimgeOBp+OBmeOAgjxicj48YnI+57mw44KK6L+U44GX44OB44Oj44O844K444Gr5a++5b+cIDxicj7ntIQzMDDlm57kvb/nlKjlj6/og73jgarlhYXpm7vlvI/jg6rjg4Hjgqbjg6DjgqTjgqrjg7Ppm7vmsaDjgpLmjqHnlKjjgILjg5Djg4Pjg4bjg6rjg7zmnKzkvZPjgpLjgrPjg7Pjgrvjg7Pjg4jjgoRQQ+OBi+OCieODgeODo+ODvOOCuOOBmeOCi+OBk+OBqOOBp+e5sOOCiui/lOOBl+S9v+eUqOOBp+OBjeOBvuOBmeOAgiA8YnI+PGJyPuS+v+WIqeOBquOCueODiOODqeODg+ODl+ODm+ODvOODq+S7mOOBjTxicj7mjIHjgaHpgYvjgbPjgavkvr/liKnjgarjgrnjg4jjg6njg4Pjg5fjg5vjg7zjg6vjgYzjgaTjgYTjgabjgYTjgb7jgZnjgII8YnI+4oC744K544OI44Op44OD44OX44Gv5LuY5bGe44GX44G+44Gb44KT44CCPGJyPjxicj5Sb0hT5Z+65rqW5YCk5rqW5ougPGJyPjIwMDblubQ35pyI44GL44KJRVXlnI/jgafmlr3ooYzjgZXjgozjgZ/pm7vmsJfjg7vpm7vlrZDmqZ/lmajjgavlr77jgZnjgovnibnlrprmnInlrrPnianos6rkvb/nlKjliLbpmZDmjIfku6TjgIxSb0hT5oyH5Luk44CN44Gu5Z+65rqW5YCk44Gr5rqW5oug44GX44Gm44GE44G+44GZ44CCPGJyPjxicj7jgJDoo73lk4Hku5Xmp5jjgJE8YnI+44OQ44OD44OG44Oq44O844K/44Kk44OX44CA5YWF6Zu75byP44Oq44OB44Km44Og44Kk44Kq44Oz6Zu75rGgPGJyPuODkOODg+ODhuODquODvOWuuemHj+OAgERDMy43Vi8yNjAwbUFo77yI57SEOS42Mldo77yJPGJyPuWFpeWKm+OAgERDNS4wVi8yLjBBPGJyPuWHuuWKm+OAgERDNS4wVi8xLjVBPGJyPuWFhembu+aZgumWk+OAgOe0hDEuNeaZgumWk+OAgOKAu+W9k+ekvlVTQuWFhembu+WZqEJTTVBCQUMwNeOCkuS9v+eUqOOBl+OBpuODgeODo+ODvOOCuOOBl+OBn+WgtOWQiOOBruebruWuieOAgjxicj7nubDjgorov5TjgZflhYXpm7vlm57mlbDjgIDntIQzMDDlm548YnI+44Kx44O844OW44Or6ZW344CA57SEMTBjbTxicj7lpJblvaLlr7jms5XvvIjluYXDl+mrmOOBlcOX5aWl6KGM77yJ44CAMjQuNcOXMTE1LjXDlzI0LjVtbe+8iOeqgei1t+mDqOmZpOOBj++8iTxicj7os6rph4/jgIDntIQ3OWc8YnI+44OR44OD44Kx44O844K45a+45rOV77yI5bmFw5fpq5jjgZXDl+WlpeihjO+8ieOAgDEwMMOXMTc4w5c0MG1tPGJyPuODkeODg+OCseODvOOCuOizqumHj++8iOacrOS9k+WQq+OCgO+8ieOAgOe0hDExN2c8YnI+5YuV5L2c55Kw5aKD44CA5rip5bqmNeKEg++9njQw4oSD44CB5rm/5bqmMTDvvIXvvZ44Ne+8hSjntZDpnLLjgarjgY3jgZPjgagpPGJyPuS/neiovOacn+mWk+OAgDbjg7bmnIg8YnI+6KO95ZOB5qeL5oiQ44CA5pys5L2T44CBVVNCIEEgdG8gbWljcm9C44Kx44O844OW44Or77yIMTBjbe+8ieOAgeWPluaJseiqrOaYjuabuDxicj48YnI+PC9mb250PjwvdGQ+PC90cj48L3RhYmxlPjxzdHlsZSB0eXBlPSJ0ZXh0L2NzcyI+CjwhLS0KLnJha3V0ZW4tY2FtcCB7Cgl3aWR0aDogNzI1cHg7Cglib3JkZXI6IDJweCBzb2xpZCAjMzM5OUZGOwoJcGFkZGluZy10b3A6IDVweDsKCS1tb3otYm9yZGVyLXJhZGl1czo0cHg7IC8qRmlyZWZveCovCgktd2Via2l0LWJvcmRlci1yYWRpdXM6IDRweDsgLypTYWZhcmksQ2hyb21lKi8KCWJvcmRlci1yYWRpdXM6NHB4OyAvKk9wZXJhLENocm9tZSovCgltYXJnaW46MCAxMHB4IDEwcHggMDsKfQoKLyog5L6h5qC844Gr5p6g57ea44GM44Gk44GPICovCnRhYmxlI3Jha3V0ZW5MaW1pdGVkSWRfY2FydCB7CiAgICBiYWNrZ3JvdW5kLWNvbG9yOiAjZjhmOGY4OwogICAgYm9yZGVyOiAxcHggc29saWQgI2RkZDsKICAgIHBhZGRpbmc6IDhweDsKICAgIG1hcmdpbjogMTZweCAwOwp9CgpzcGFuLnByaWNlMSB7CiAgICBjb2xvcjogIzMzMyAhaW1wb3J0YW50OwogICAgZm9udC13ZWlnaHQ6IGJvbGQ7CiAgICBmb250LXNpemU6IDgwJSAhaW1wb3J0YW50OwogICAgbGluZS1oZWlnaHQ6IDMwcHg7CiAgICBkaXNwbGF5OiBpbmxpbmUtYmxvY2s7CiAgICBtYXJnaW4tcmlnaHQ6IDE2cHg7Cn0KCi0tPgo8L3N0eWxlPgoKPCEtLeODkOODiuODvOOCqOODquOCoi0tPgoKPCEtLeOAkOa2iOOBmeOBqu+8geOAkeKYheKYheKYhSBoZWlnaHQ9IjM4MCIg44Gn6Kit5a6a44GX44Gm44GP44Gg44GV44GE44CC4piF4piF4piFLS0+CjwhLS3jg5Djg4rjg7zjgqjjg6rjgqLjgZPjgZPjgb7jgactLT4KCjwhLS3mpb3lpKnjgq3jg6Pjg7Pjg5rjg7zjg7MtLT4KCjxoMiBzdHlsZT0ibWFyZ2luOjIwcHggMCAxMHB4IDA7Ij48aW1nIHNyYz0iaHR0cDovL3d3dy5yYWt1dGVuLm5lLmpwL2dvbGQvYWtpYmFtYWMvZnJhbWUvaW1hZ2VzL3Jha3V0ZW5fdGl0bGUyLmdpZiIgYWx0PSLmpb3lpKnluILloLTjga7jgYrlvpfjgarjgq3jg6Pjg7Pjg5rjg7zjg7MiIHdpZHRoPSI3MzAiIGhlaWdodD0iNDIiIGJvcmRlcj0iMCI+PC9oMj4KPGRpdiBjbGFzcz0icmFrdXRlbi1jYW1wIiBzdHlsZT0ibWFyZ2luOjAgMCAwIDA7Ij4KCgo8IS0t5qW95aSp44Kt44Oj44Oz44Oa44O844OzQOOBk+OBk+OBvuOBpy0tPg==,QlVGRkFMT+OCueODnuODvOODiOODleOCqeODs+WvvuW/nO+8u1VTQiBtaWNyb0LvvI9VU0Lntabpm7vvvL0gVVNC44Oi44OQ44Kk44Or44OQ44OD44OG44Oq44O8IO+8i1VTQiBtaWNyb0LjgrHjg7zjg5bjg6sgMTDvvYPvvY0gKDI2MDBtQWjjg7vjg5bjg6njg4Pjgq8pIEJTTVBCMjYwM1AxQkvvvJrjgr3jg5Xjg57jg4Pjg5fjgIDjg4fjgrjjgr/jg6vjgrPjg6zjgq/jgrfjg6fjg7M=,44K944OV44Oe44OD44OXIOODh+OCuOOCv+ODq+OCs+ODrOOCr+OCt+ODp+ODs1NvZm1hcCBEaWdpdGFsIENvbGxlY3Rpb27jg5Hjgr3jgrPjg7Pjgr/jg5bjg6zjg4Pjg4hQQ0hEROOCouOCu+ODs+ODluODquODkeODvOODhOODkeOCveOCs+ODs+ODkeODvOODhOODhuODrOODk+OCsuODvOODoOODluODq+ODvOODrOOCpOOCveODleODiERWROOCveODleODiOa2suaZtuODhuODrOODk+ODluODq+ODvOODrOOCpOODh+OCo+OCueOCr+ODrOOCs+ODvOODgOODvOODh+OCuOOCv+ODq+S4gOecvOODrOODleOCq+ODoeODqeODh+OCuOOCv+ODq+OCq+ODoeODqeWutumbu+aZguioiOS4reWPpOOAgOOCveODleODiOOCouOCpuODiOODrOODg+ODiOS4reWPpOODjuODvOODiOODkeOCveOCs+ODs+S4reWPpOODkeOCveOCs+ODs0JVRkZBTE/jgrnjg57jg7zjg4jjg5Xjgqnjg7Plr77lv5zvvLtVU0IgbWljcm9C77yPVVNC57Wm6Zu777y9IFVTQuODouODkOOCpOODq+ODkOODg+ODhuODquODvCDvvItVU0IgbWljcm9C44Kx44O844OW44OrIDEw772D772NICgyNjAwbUFo44O744OW44Op44OD44KvKSBCU01QQjI2MDNQMUJL,QlVGRkFMT+OCueODnuODvOODiOODleOCqeODs+WvvuW/nO+8u1VTQiBtaWNyb0LvvI9VU0Lntabpm7vvvL0gVVNC44Oi44OQ44Kk44Or44OQ44OD44OG44Oq44O8IO+8i1VTQiBtaWNyb0LjgrHjg7zjg5bjg6sgMTDvvYPvvY0gKDI2MDBtQWjjg7vjg5bjg6njg4Pjgq8pIEJTTVBCMjYwM1AxQks=[rn]
3-47067,aHR0cDovL3RzaG9wLnIxMHMuanAvYWtpYmFtYWMvY2FiaW5ldC8wNTA1MDczOS80NTIyMzI3ODc1ODU4LmpwZz9maXRpbj03MDA6NzAw,MjM2OC4wMDAw,,44K544Oe44O844OI44OV44Kp44Oz44O744K/44OW44Os44OD44OIID4g44OQ44OD44OG44Oq44O844O75YWF6Zu75ZmoID4g44Oi44OQ44Kk44Or44OQ44OD44OG44Oq44O8,SEFNRUXjgrnjg57jg7zjg4jjg5Xjgqnjg7PnlKjvvLttaWNybyBVU0LvvI9VU0Lntabpm7vvvL0gVVNC44Oi44OQ44Kk44Or44OQ44OD44OG44Oq44O8IO+8i21pY3JvIFVTQuOCseODvOODluODqyAzMGNtIO+8iDMwMDBtQWjjg7tTVEFSIFdBUlMg44Ko44OU44K944O844OJNiDjgrjjgqfjg4DjgqTjga7luLDpgoTvvIkgKFNXMzAwME1BSFBPU1RFUik=,,PHRhYmxlIGJvcmRlcj0iMCIgY2VsbHBhZGRpbmc9IjAiIGNlbGxzcGFjaW5nPSIwIiB3aWR0aD0iNzEwIiBzdHlsZT0ibGluZS1oZWlnaHQ6MTQwJTsiPjx0cj48dGQ+PGZvbnQgc2l6ZT0iMiI+44CU44K544Oe44O844OI44OV44Kp44Oz55So77y7bWljcm8gVVNC77yPVVNC57Wm6Zu777y977ya44Oi44OQ44Kk44Or44OQ44OD44OG44Oq44O877yIVVNC6JOE6Zu777yJ77yLbWljcm8gVVNC44Kx44O844OW44OrIOWFhembu+OAlTxicj7jgI7jgrnjgr/jg7zjg7vjgqbjgqnjg7zjgrrjgI/jga7mrbTku6PliofloLTnlKjjg53jgrnjgr/jg7zjgYzjg4fjgrbjgqTjg7PjgZXjgozjgZ/jgrnjg6rjg6DjgafjgrPjg7Pjg5Hjgq/jg4jjgarjg6Ljg5DjgqTjg6vjg5Djg4Pjg4bjg6rjg7zjgII8YnI+PGJyPuKWoCDjgrnjg57jg7zjg4jjg5Xjgqnjg7PjgpLntIQx5Zue5YWF6Zu75Y+v6IO977yIIOKAu+ODkOODg+ODhuODquODvOWuuemHjzE4MDBtQWjjga7jgrnjg57jg7zjg4jjg5Xjgqnjg7PjgpLlhYXpm7vjgZfjgZ/loLTlkIjvvIk8YnI+4pagIOOCseODvOODluODq+OCklBD44KEVVNCLUFD5YWF6Zu75Zmo44Gr5o6l57aa44GZ44KL44Gg44GR44Gn57Ch5Y2Y5YWF6Zu744CCPGJyPuKWoCBMRUTjg6Hjg7zjgr/jg7zjgYzku5jjgYTjgabjgYTjgovjga7jgafjgIHpm7vmsaDmrovph4/jgYzjgbLjgajnm67jgafjgo/jgYvjgovjgII8YnI+4pagIG1pY3JvVVNC5YWF6Zu744Kx44O844OW44Or44GM5LuY5bGe44CC44GK5omL5oyB44Gh44GuTGlnaHRuaW5n44Kx44O844OW44Or44KS5L2/44GI44GwaVBob25lIDZzLzYgUGx1c+OBp+OCguS9v+eUqOWPr+iDvTxicj7igLvmjqXntprjgZXjgozjgovpm7vlrZDmqZ/lmajnq6/mnKvjgavjgojjgorjgIHkvpvntabjgafjgY3jgovpm7vmsJfph4/jgYzlpKfluYXjgavokL3jgaHjgovlj6/og73mgKfjgYzjgZTjgZbjgYTjgb7jgZnjgII8YnI+4oC75YWF6Zu75Zmo44Gr5q2j5bi444Gr5YWF6Zu744GM6KGM44KP44KM44KL44Gu44Gr44CB44K544Oe44Ob44GM44OV44Or5YWF6Zu744Gn44GN44Gq44GE5aC05ZCI44Gv44CB44OQ44OD44OG44Oq44O844K744Or44Gu5a+/5ZG944Gu5Y+v6IO95oCn44GM6ICD44GI44KJ44KM44G+44GZ44CCPGJyPjxicj4oQynvvIYgTHVjYXNmaWxtIEx0ZC48YnI+PGJyPuOAkOijveWTgeS7leanmOOAkTxicj7ilqAg5pys5L2T77ya57SE57imOS44w5fmqKo1LjjDl+WOmjAuOWNtPGJyPuKWoCBtaWNyb1VTQuOCseODvOODluODq+mVt++8mue0hDMwY208YnI+4pagIOmbu+axoOWuuemHj++8mjMwMDBtQWg8YnI+4pagIOS9v+eUqOmbu+axoO+8muODquODgeOCpuODoOmbu+axoDxicj7ilqAg5YWl5Yqb6Zu75Zyn77yabWljcm9VU0IgNVYvMUE8YnI+4pagIOWHuuWKm+mbu+Wcp++8mlVTQiA1Vi8xLjVBPGJyPuKWoCDkvb/nlKjnkrDlooPmuKnluqbvvJrvvI0xMO+9nu+8izQ14oSDPGJyPuKWoCDph43ph4/vvJo4MWc8YnI+4pagIOOCteOCpOOCr+ODq+Wvv+WRve+8mue0hDUwMOWbnjxicj7ilqAg5Li757Sg5p2Q77yaQUJT44CBUEM8YnI+4pagIOOCu+ODg+ODiOWGheWuue+8muWFhembu+WZqOOAgW1pY3JvVVNC44Kx44O844OW44Or44CB5Y+W5omx6Kqs5piO5pu477yI5L+d6Ki85pu45LuY77yJPGJyPjxicj48L2ZvbnQ+PC90ZD48L3RyPjwvdGFibGU+PHRhYmxlIGNlbGxzcGFjaW5nPSIwIiBjZWxscGFkZGluZz0iNCIgYm9yZGVyPSIxIiB3aWR0aD0iNzEwIiBib3JkZXJjb2xvcj0iI2NjY2NjYyI+PHRyPjx0ZCB3aWR0aD0iMTgwIiBiZ2NvbG9yPSIjZWZlZmVmIj48Zm9udCBzaXplPSIyIj7mjqXntprnq6/lrZA8L2ZvbnQ+PC90ZD48dGQgd2lkdGg9IjUzMCI+PGZvbnQgc2l6ZT0iMiI+bWljcm8gVVNC77yPVVNC57Wm6Zu7PC9mb250PjwvdGQ+PC90cj48dHI+PHRkIHdpZHRoPSIxODAiIGJnY29sb3I9IiNlZmVmZWYiPjxmb250IHNpemU9IjIiPuiJsjwvZm9udD48L3RkPjx0ZCB3aWR0aD0iNTMwIj48Zm9udCBzaXplPSIyIj7jgq3jg6Pjg6njgq/jgr/jg7w8L2ZvbnQ+PC90ZD48L3RyPjx0cj48dGQgd2lkdGg9IjE4MCIgYmdjb2xvcj0iI2VmZWZlZiI+PGZvbnQgc2l6ZT0iMiI+44Od44O844OI5pWwPC9mb250PjwvdGQ+PHRkIHdpZHRoPSI1MzAiPjxmb250IHNpemU9IjIiPjHjg53jg7zjg4g8L2ZvbnQ+PC90ZD48L3RyPjwvdGFibGU+PHN0eWxlIHR5cGU9InRleHQvY3NzIj4KPCEtLQoucmFrdXRlbi1jYW1wIHsKCXdpZHRoOiA3MjVweDsKCWJvcmRlcjogMnB4IHNvbGlkICMzMzk5RkY7CglwYWRkaW5nLXRvcDogNXB4OwoJLW1vei1ib3JkZXItcmFkaXVzOjRweDsgLypGaXJlZm94Ki8KCS13ZWJraXQtYm9yZGVyLXJhZGl1czogNHB4OyAvKlNhZmFyaSxDaHJvbWUqLwoJYm9yZGVyLXJhZGl1czo0cHg7IC8qT3BlcmEsQ2hyb21lKi8KCW1hcmdpbjowIDEwcHggMTBweCAwOwp9CgovKiDkvqHmoLzjgavmnqDnt5rjgYzjgaTjgY8gKi8KdGFibGUjcmFrdXRlbkxpbWl0ZWRJZF9jYXJ0IHsKICAgIGJhY2tncm91bmQtY29sb3I6ICNmOGY4Zjg7CiAgICBib3JkZXI6IDFweCBzb2xpZCAjZGRkOwogICAgcGFkZGluZzogOHB4OwogICAgbWFyZ2luOiAxNnB4IDA7Cn0KCnNwYW4ucHJpY2UxIHsKICAgIGNvbG9yOiAjMzMzICFpbXBvcnRhbnQ7CiAgICBmb250LXdlaWdodDogYm9sZDsKICAgIGZvbnQtc2l6ZTogODAlICFpbXBvcnRhbnQ7CiAgICBsaW5lLWhlaWdodDogMzBweDsKICAgIGRpc3BsYXk6IGlubGluZS1ibG9jazsKICAgIG1hcmdpbi1yaWdodDogMTZweDsKfQoKLS0+Cjwvc3R5bGU+Cgo8IS0t44OQ44OK44O844Ko44Oq44KiLS0+Cgo8IS0t44CQ5raI44GZ44Gq77yB44CR4piF4piF4piFIGhlaWdodD0iMzgwIiDjgafoqK3lrprjgZfjgabjgY/jgaDjgZXjgYTjgILimIXimIXimIUtLT4KPCEtLeODkOODiuODvOOCqOODquOCouOBk+OBk+OBvuOBpy0tPgoKPCEtLealveWkqeOCreODo+ODs+ODmuODvOODsy0tPgoKPGgyIHN0eWxlPSJtYXJnaW46MjBweCAwIDEwcHggMDsiPjxpbWcgc3JjPSJodHRwOi8vd3d3LnJha3V0ZW4ubmUuanAvZ29sZC9ha2liYW1hYy9mcmFtZS9pbWFnZXMvcmFrdXRlbl90aXRsZTIuZ2lmIiBhbHQ9IualveWkqeW4guWgtOOBruOBiuW+l+OBquOCreODo+ODs+ODmuODvOODsyIgd2lkdGg9IjczMCIgaGVpZ2h0PSI0MiIgYm9yZGVyPSIwIj48L2gyPgo8ZGl2IGNsYXNzPSJyYWt1dGVuLWNhbXAiIHN0eWxlPSJtYXJnaW46MCAwIDAgMDsiPgoKCjwhLS3mpb3lpKnjgq3jg6Pjg7Pjg5rjg7zjg7NA44GT44GT44G+44GnLS0+,SEFNRUXjgrnjg57jg7zjg4jjg5Xjgqnjg7PnlKjvvLttaWNybyBVU0LvvI9VU0Lntabpm7vvvL0gVVNC44Oi44OQ44Kk44Or44OQ44OD44OG44Oq44O8IO+8i21pY3JvIFVTQuOCseODvOODluODqyAzMGNtIO+8iDMwMDBtQWjjg7tTVEFSIFdBUlMg44Ko44OU44K944O844OJNiDjgrjjgqfjg4DjgqTjga7luLDpgoTvvIkgKFNXMzAwME1BSFBPU1RFUinvvJrjgr3jg5Xjg57jg4Pjg5fjgIDjg4fjgrjjgr/jg6vjgrPjg6zjgq/jgrfjg6fjg7M=,44K944OV44Oe44OD44OXIOODh+OCuOOCv+ODq+OCs+ODrOOCr+OCt+ODp+ODs1NvZm1hcCBEaWdpdGFsIENvbGxlY3Rpb27jg5Hjgr3jgrPjg7Pjgr/jg5bjg6zjg4Pjg4hQQ0hEROOCouOCu+ODs+ODluODquODkeODvOODhOODkeOCveOCs+ODs+ODkeODvOODhOODhuODrOODk+OCsuODvOODoOODluODq+ODvOODrOOCpOOCveODleODiERWROOCveODleODiOa2suaZtuODhuODrOODk+ODluODq+ODvOODrOOCpOODh+OCo+OCueOCr+ODrOOCs+ODvOODgOODvOODh+OCuOOCv+ODq+S4gOecvOODrOODleOCq+ODoeODqeODh+OCuOOCv+ODq+OCq+ODoeODqeWutumbu+aZguioiOS4reWPpOOAgOOCveODleODiOOCouOCpuODiOODrOODg+ODiOS4reWPpOODjuODvOODiOODkeOCveOCs+ODs+S4reWPpOODkeOCveOCs+ODs0hBTUVF44K544Oe44O844OI44OV44Kp44Oz55So77y7bWljcm8gVVNC77yPVVNC57Wm6Zu777y9IFVTQuODouODkOOCpOODq+ODkOODg+ODhuODquODvCDvvIttaWNybyBVU0LjgrHjg7zjg5bjg6sgMzBjbSDvvIgzMDAwbUFo44O7U1RBUiBXQVJTIOOCqOODlOOCveODvOODiTYg44K444Kn44OA44Kk44Gu5biw6YKE77yJIChTVzMwMDBNQUhQT1NURVIp,SEFNRUXjgrnjg57jg7zjg4jjg5Xjgqnjg7PnlKjvvLttaWNybyBVU0LvvI9VU0Lntabpm7vvvL0gVVNC44Oi44OQ44Kk44Or44OQ44OD44OG44Oq44O8IO+8i21pY3JvIFVTQuOCseODvOODluODqyAzMGNtIO+8iDMwMDBtQWjjg7tTVEFSIFdBUlMg44Ko44OU44K944O844OJNiDjgrjjgqfjg4DjgqTjga7luLDpgoTvvIkgKFNXMzAwME1BSFBPU1RFUik=[rn]
3-47068,aHR0cDovL3RzaG9wLnIxMHMuanAvYWtpYmFtYWMvY2FiaW5ldC8wMzk1NDQ5MC9ub3dfcHJpbnRpbmcuZ2lmP2ZpdGluPTcwMDo3MDA=,MTUyMC4wMDAw,,44K544Oe44O844OI44OV44Kp44Oz44O744K/44OW44Os44OD44OIID4g44OQ44OD44OG44Oq44O844O75YWF6Zu75ZmoID4g44Oi44OQ44Kk44Or44OQ44OD44OG44Oq44O8,44Ko44Os44Kz44Og44K/44OW44Os44OD44OI77yP44K544Oe44O844OI44OV44Kp44Oz5a++5b+c77y7VVNCIG1pY3JvQu+8vSBVU0Ljg6Ljg5DjgqTjg6vjg5Djg4Pjg4bjg6rjg7wg77yLVVNCIG1pY3JvQuOCseODvOODluODqyAxMGNtIDMuMEEg77yINjAwMG1BaOODuzLjg53jg7zjg4jjg7vjg5Hjg7zjg5fjg6vvvIlERS1NMDFMNjAzMFBVIChERU0wMUw2MDMwUFUp,,PHRhYmxlIGJvcmRlcj0iMCIgY2VsbHBhZGRpbmc9IjAiIGNlbGxzcGFjaW5nPSIwIiB3aWR0aD0iNzEwIiBzdHlsZT0ibGluZS1oZWlnaHQ6MTQwJTsiPjx0cj48dGQ+PGZvbnQgc2l6ZT0iMiI+PGJyPuOAlOOCv+ODluODrOODg+ODiO+8j+OCueODnuODvOODiOODleOCqeODs+WvvuW/nO+8u1VTQiBtaWNyb0LvvI9VU0Lntabpm7vvvL3vvJrjg6Ljg5DjgqTjg6vjg5Djg4Pjg4bjg6rjg7zvvIhVU0Lok4Tpm7vvvInvvItVU0IgbWljcm9C44Kx44O844OW44OrIOWFhembu+OAlTxicj7jgrnjg57jg7zjg4jjg5Xjgqnjg7Pjg7vjgr/jg5bjg6zjg4Pjg4jjgajjg6Ljg5DjgqTjg6vjg5Djg4Pjg4bjg6rjg7zjgpLjgb7jgajjgoHjgablhYXpm7vjgafjgY3jgosh5oyB44Gh6YGL44Gz44Gr5L6/5Yip44Gq44Kz44Oz44OR44Kv44OI44K/44Kk44OX44Gu44K544Oe44O844OI44OV44Kp44Oz44O744K/44OW44Os44OD44OI55So44Oi44OQ44Kk44Or44OQ44OD44OG44Oq44O844CCPGJyPuKWoCDjgrnjg6rjg6DoqK3oqIjjgafjgqvjg5Djg7Pjgarjganjga7pmpnplpPjgavlhaXjgozjgoTjgZnjgY/jgIHmjIHjgaHpgYvjgbPjgavkvr/liKnjgarjgrPjg7Pjg5Hjgq/jg4jjgr/jgqTjg5fjga7jgrnjg57jg7zjg4jjg5Xjgqnjg7Pjg7vjgr/jg5bjg6zjg4Pjg4jnlKjjg6Ljg5DjgqTjg6vjg5Djg4Pjg4bjg6rjg7zjgafjgZnjgII8YnI+4pagIOacrOS9k+WFhembu+eUqOOCseODvOODluODq+OCkuaOpee2muOBl+OBn+OBvuOBvuOBp+OAgeOCueODnuODvOODiOODleOCqeODs+OChOOCv+ODluODrOODg+ODiOOBqOODouODkOOCpOODq+ODkOODg+ODhuODquODvOOCkuWFhembu+OBp+OBjeOCi+OAjOOBvuOBqOOCgeOBpuWFhembu+OAjeOBq+WvvuW/nOOBl+OBpuOBhOOBvuOBmeOAgjxicj7igLvjg6Ljg5DjgqTjg6vjg5Djg4Pjg4bjg6rjg7zmnKzkvZPjga7pm7vmsaDmrovph4/jgYww77yF44Gr44Gq44Gj44Gf5aC05ZCI44CB44Oi44OQ44Kk44Or44OQ44OD44OG44Oq44O85pys5L2T44G444Gu5YWF6Zu744GM5YSq5YWI44GV44KM44CB5rqA5YWF6Zu744Gu5b6M44CB44K544Oe44O844OI44OV44Kp44Oz44O744K/44OW44Os44OD44OI44G444Gu57Wm6Zu744KS6ZaL5aeL44GX44G+44GZ44CCPGJyPuKWoCDjg6Ljg5DjgqTjg6vjg5Djg4Pjg4bjg6rjg7zmnKzkvZPjgpLntIQzLjjmmYLplpPjgaflhYXpm7vjgafjgY3jgIHjg4Hjg6Pjg7zjgrjmmYLplpPjgpLlpKfluYXjgavnn63nuK7jgZnjgovjgZPjgajjgYzjgafjgY3jgb7jgZnjgILigLvlh7rlipsxLjhB5Lul5LiK44GuQUPjgqLjg4Djg5fjgr/kvb/nlKjmmYLjgII8YnI+4pagIOODkeOCveOCs+ODs+OBrlVTQuODneODvOODiOOBq+aOpee2muOBmeOCi+OBk+OBqOOBp+OCguWFhembu+WPr+iDveOBp+OBmeOAguKAu+ODkeOCveOCs+ODs+OBrlVTQuODneODvOODiOOBr+WHuuWKmzUwMG1B44Gu44Gf44KB44CB5pys6KO95ZOB44G444Gu55uu5a6J5YWF6Zu75pmC6ZaT44Gv57SEMTPmmYLplpPjgafjgZnjgII8YnI+4pagIFVTQuODneODvOODiOOCkjLjg53jg7zjg4jmkK3ovInjgZfjgabjgYrjgorjgIEx44Od44O844OI44GC44Gf44KK5pyA5aSnMS41QeOAgTLjg53jg7zjg4jlkIjoqIgzQeOBruWHuuWKm+OBjOWPr+iDveOBqumrmOWHuuWKm+ODouODh+ODq+OBp+OBmeOAgjxicj7ilqAg5pys6KO95ZOBKOODkOODg+ODhuODquODvOWuuemHjzYwMDBtQWgp44Gn44K544Oe44O844OI44OV44Kp44Oz44KS57SEMuWbnuWFhembu+WPr+iDveOBp+OBmeOAguKAu+a6gOWFhembu+OCkuOBl+OBn+acrOijveWTgeOCkueUqOOBhOOAgeODkOODg+ODhuODquODvOWuuemHj+OBjOe0hDE4MDBtQWjjga7jgrnjg57jg7zjg4jjg5Xjgqnjg7PjgpLlhYXpm7vjgZnjgovpmpvjga7nm67lronlm57mlbDjgafjgZnjgILlhYXpm7vkuK3jgavpm7vmupDjgYzlhaXjgaPjgZ/jgorjgIHmqZ/lmajjgpLkvb/nlKjjgZfjgabjgYTjgovloLTlkIjjga/oqJjovInjga7mlbDlgKTjgb7jgaflhYXpm7vjgafjgY3jgarjgYTloLTlkIjjgYzjgYLjgorjgb7jgZnjgII8YnI+4pagIOS7mOWxnuOBrlVTQuOCseODvOODluODq+OCkuacrOijveWTgeOBruWFhembu+eUqFVTQihtaWNyby1CKeODneODvOODiOOBq+aOpee2muOBl+OAgeWvvuW/nOOBl+OBn0FD44Ki44OA44OX44K/44Gr5o6l57aa44GZ44KL44GT44Go44Gn5YWF6Zu75Y+v6IO944Gn44GZ44CCPGJyPuKWoCBpUGhvbmXjgavku5jlsZ7jgoLjgZfjgY/jga/lr77lv5zjgZfjgZ9MaWdodG5pbmfjgrHjg7zjg5bjg6vjgpLliKnnlKjjgZnjgovjgZPjgajjgafjgIFpUGhvbmXjgoLlhYXpm7vlj6/og73jgafjgZnjgII8YnI+4pagIOODkOODg+ODhuODquODvOWFqOmdouOBq+izquaEn+OBrumrmOOBhOWFqOmdouOCt+ODnOWKoOW3peOCkuaWveOBl+OBpuOBhOOBvuOBmeOAgjxicj7ilqAg6Zu75rGg5q6L6YeP44GvNOautemajuOBrkxFROODqeODs+ODl+eCueeBr+OBp+eiuuiqjeWPr+iDveOBp+OBmeOAgjxicj7ilqAg57SENTAw5Zue57mw44KK6L+U44GX5L2/55So5Y+v6IO944Gq5YWF6Zu75byP44Oq44OB44Km44Og44Kk44Kq44Oz6Zu75rGg44KS5pCt6LyJ44GX44Gm44GE44G+44GZ44CCPGJyPuKWoCDlhoXolLXjga7lhYXpm7vlvI/jg6rjg4Hjgqbjg6DjgqTjgqrjg7Ppm7vmsaDjga/jgIFKSVMgQzg3MTHjgYrjgojjgbNKSVMgQzg3MTTjgavmupbmi6DjgZfjgZ/lronlhajoqK3oqIjjgafjgZnjgII8YnI+4pagIOmBjuWFhembu+ODu+mBjuaUvumbu+ODu+mBjumbu+Wcp+ODu+mBjumbu+a1gemYsuatouapn+iDveOBiuOCiOOBs+efree1oeS/neitt+apn+iDveOCkuWCmeOBiOOBn+OBguOCk+OBl+OCk+OBruWbnui3r+ioreioiOOBp+OBmeOAgjxicj7igLvlt6XloLTlh7rojbfmmYLjgas3MO+8heeoi+W6puWFhembu+OBleOCjOOBpuOBhOOBvuOBmeOAguWFhembu+W8j+ODquODgeOCpuODoOOCpOOCquODs+mbu+axoOOBr+aZgumWk+OBqOOBqOOCguOBq+aUvumbu+OBmeOCi+OBruOBp+OAgeOBlOS9v+eUqOOBq+OBquOCi+WJjeOBq+WFhembu+OBmeOCi+OBk+OBqOOCkuaOqOWlqOOBl+OBvuOBmeOAgjxicj7jgJDoo73lk4Hku5Xmp5jjgJE8YnI+4pagIOWvvuW/nOapn+eoru+8mm1pY3JvLULjgrPjg43jgq/jgr/mkK3ovInjgrnjg57jg7zjg4jjg5Xjgqnjg7PjgIHjgr/jg5bjg6zjg4Pjg4jjgIHjgYrjgojjgbNpUGhvbmXjgarjganjga5pT1Pnq6/mnKvmqZ/lmajigLsyMDE25bm0NuaciOePvuWcqDxicj7ilqAg44Kz44ON44Kv44K/5b2i54q2KOmbu+a6kOWFpeWKm+WBtCnvvJpVU0IgTWljcm8tQiDjg6Hjgrk8YnI+4pagIOWumuagvOWFpeWKm+mbu+Wcp++8mkRDNVY8YnI+4pagIOOCs+ODjeOCr+OCv+W9oueKtijpm7vmupDlh7rlipvlgbQp77yaVVNCLUHjg6Hjgrk8YnI+4pagIOWumuagvOWHuuWKm+mbu+Wcp++8mkRDNVY8YnI+4pagIOWumuagvOWHuuWKm+mbu+a1ge+8mjMuMEEo5ZCI6KiI5pyA5aSn44CBMeODneODvOODiOacgOWkpzIuMEEpPGJyPuKWoCDpm7vmsaDnqK7poZ7vvJrlhYXpm7vlvI/jg6rjg4Hjgqbjg6DjgqTjgqrjg7Ppm7vmsaA8YnI+4pagIOmbu+axoOWumuagvOWuuemHj++8mjYwMDBtQWg8YnI+4pagIOWFhembu+aZgumWk++8mjMuOOaZgumWkyAxLjhB44GuQUPlhYXpm7vlmajkvb/nlKjmmYI8YnI+4pagIOWkluW9ouWvuOazle+8mjQ1w5c5MMOXMjZtbTxicj7ilqAg44Kx44O844OW44Or6ZW377yaMTBjbTxicj7ilqAg6YeN6YeP77yaMTMxZzxicj7ilqAg44GP44KK6L+U44GX5L2/55So5Zue5pWw77yaNTAw5ZuePGJyPuKWoCDku5jlsZ7lk4HvvJpVU0LjgrHjg7zjg5bjg6soVVNCLUHjgqrjgrktTWljcm8tQuOCquOCuSk8YnI+4pagIOeSsOWig+mFjeaFruS6i+mghe+8muS9v+eUqOa4qeW6piAw772eNDDihIM8YnI+4pagIOS/neiovOacn+mWk++8mjbjg7bmnIg8YnI+4pagIOOBneOBruS7lu+8mmlPU+err+acq+OBp+S9v+eUqOOBmeOCi+WgtOWQiOOBr+WIpemAlGlPU+eUqOOCseODvOODluODq+OCkuOBlOeUqOaEj+OBj+OBoOOBleOBhDxicj48L2ZvbnQ+PC90ZD48L3RyPjwvdGFibGU+PHN0eWxlIHR5cGU9InRleHQvY3NzIj4KPCEtLQoucmFrdXRlbi1jYW1wIHsKCXdpZHRoOiA3MjVweDsKCWJvcmRlcjogMnB4IHNvbGlkICMzMzk5RkY7CglwYWRkaW5nLXRvcDogNXB4OwoJLW1vei1ib3JkZXItcmFkaXVzOjRweDsgLypGaXJlZm94Ki8KCS13ZWJraXQtYm9yZGVyLXJhZGl1czogNHB4OyAvKlNhZmFyaSxDaHJvbWUqLwoJYm9yZGVyLXJhZGl1czo0cHg7IC8qT3BlcmEsQ2hyb21lKi8KCW1hcmdpbjowIDEwcHggMTBweCAwOwp9CgovKiDkvqHmoLzjgavmnqDnt5rjgYzjgaTjgY8gKi8KdGFibGUjcmFrdXRlbkxpbWl0ZWRJZF9jYXJ0IHsKICAgIGJhY2tncm91bmQtY29sb3I6ICNmOGY4Zjg7CiAgICBib3JkZXI6IDFweCBzb2xpZCAjZGRkOwogICAgcGFkZGluZzogOHB4OwogICAgbWFyZ2luOiAxNnB4IDA7Cn0KCnNwYW4ucHJpY2UxIHsKICAgIGNvbG9yOiAjMzMzICFpbXBvcnRhbnQ7CiAgICBmb250LXdlaWdodDogYm9sZDsKICAgIGZvbnQtc2l6ZTogODAlICFpbXBvcnRhbnQ7CiAgICBsaW5lLWhlaWdodDogMzBweDsKICAgIGRpc3BsYXk6IGlubGluZS1ibG9jazsKICAgIG1hcmdpbi1yaWdodDogMTZweDsKfQoKLS0+Cjwvc3R5bGU+Cgo8IS0t44OQ44OK44O844Ko44Oq44KiLS0+Cgo8IS0t44CQ5raI44GZ44Gq77yB44CR4piF4piF4piFIGhlaWdodD0iMzgwIiDjgafoqK3lrprjgZfjgabjgY/jgaDjgZXjgYTjgILimIXimIXimIUtLT4KPCEtLeODkOODiuODvOOCqOODquOCouOBk+OBk+OBvuOBpy0tPgoKPCEtLealveWkqeOCreODo+ODs+ODmuODvOODsy0tPgoKPGgyIHN0eWxlPSJtYXJnaW46MjBweCAwIDEwcHggMDsiPjxpbWcgc3JjPSJodHRwOi8vd3d3LnJha3V0ZW4ubmUuanAvZ29sZC9ha2liYW1hYy9mcmFtZS9pbWFnZXMvcmFrdXRlbl90aXRsZTIuZ2lmIiBhbHQ9IualveWkqeW4guWgtOOBruOBiuW+l+OBquOCreODo+ODs+ODmuODvOODsyIgd2lkdGg9IjczMCIgaGVpZ2h0PSI0MiIgYm9yZGVyPSIwIj48L2gyPgo8ZGl2IGNsYXNzPSJyYWt1dGVuLWNhbXAiIHN0eWxlPSJtYXJnaW46MCAwIDAgMDsiPgoKCjwhLS3mpb3lpKnjgq3jg6Pjg7Pjg5rjg7zjg7NA44GT44GT44G+44GnLS0+,44Ko44Os44Kz44Og44K/44OW44Os44OD44OI77yP44K544Oe44O844OI44OV44Kp44Oz5a++5b+c77y7VVNCIG1pY3JvQu+8vSBVU0Ljg6Ljg5DjgqTjg6vjg5Djg4Pjg4bjg6rjg7wg77yLVVNCIG1pY3JvQuOCseODvOODluODqyAxMGNtIDMuMEEg77yINjAwMG1BaOODuzLjg53jg7zjg4jjg7vjg5Hjg7zjg5fjg6vvvIlERS1NMDFMNjAzMFBVIChERU0wMUw2MDMwUFUp77ya44K944OV44Oe44OD44OX44CA44OH44K444K/44Or44Kz44Os44Kv44K344On44Oz,44K944OV44Oe44OD44OXIOODh+OCuOOCv+ODq+OCs+ODrOOCr+OCt+ODp+ODs1NvZm1hcCBEaWdpdGFsIENvbGxlY3Rpb27jg5Hjgr3jgrPjg7Pjgr/jg5bjg6zjg4Pjg4hQQ0hEROOCouOCu+ODs+ODluODquODkeODvOODhOODkeOCveOCs+ODs+ODkeODvOODhOODhuODrOODk+OCsuODvOODoOODluODq+ODvOODrOOCpOOCveODleODiERWROOCveODleODiOa2suaZtuODhuODrOODk+ODluODq+ODvOODrOOCpOODh+OCo+OCueOCr+ODrOOCs+ODvOODgOODvOODh+OCuOOCv+ODq+S4gOecvOODrOODleOCq+ODoeODqeODh+OCuOOCv+ODq+OCq+ODoeODqeWutumbu+aZguioiOS4reWPpOOAgOOCveODleODiOOCouOCpuODiOODrOODg+ODiOS4reWPpOODjuODvOODiOODkeOCveOCs+ODs+S4reWPpOODkeOCveOCs+ODs+OCqOODrOOCs+ODoOOCv+ODluODrOODg+ODiO+8j+OCueODnuODvOODiOODleOCqeODs+WvvuW/nO+8u1VTQiBtaWNyb0LvvL0gVVNC44Oi44OQ44Kk44Or44OQ44OD44OG44Oq44O8IO+8i1VTQiBtaWNyb0LjgrHjg7zjg5bjg6sgMTBjbSAzLjBBIO+8iDYwMDBtQWjjg7sy44Od44O844OI44O744OR44O844OX44Or77yJREUtTTAxTDYwMzBQVSAoREVNMDFMNjAzMFBVKQ==,44Ko44Os44Kz44Og44K/44OW44Os44OD44OI77yP44K544Oe44O844OI44OV44Kp44Oz5a++5b+c77y7VVNCIG1pY3JvQu+8vSBVU0Ljg6Ljg5DjgqTjg6vjg5Djg4Pjg4bjg6rjg7wg77yLVVNCIG1pY3JvQuOCseODvOODluODqyAxMGNtIDMuMEEg77yINjAwMG1BaOODuzLjg53jg7zjg4jjg7vjg5Hjg7zjg5fjg6vvvIlERS1NMDFMNjAzMFBVIChERU0wMUw2MDMwUFUp[rn]
3-47069,aHR0cDovL3RzaG9wLnIxMHMuanAvYWtpYmFtYWMvY2FiaW5ldC8wNTA1MDczOS80OTUzMTAzMjg0NTYyLmpwZz9maXRpbj03MDA6NzAw,MTI0MC4wMDAw,,44K544Oe44O844OI44OV44Kp44Oz44O744K/44OW44Os44OD44OIID4g44OQ44OD44OG44Oq44O844O75YWF6Zu75ZmoID4g44Oi44OQ44Kk44Or44OQ44OD44OG44Oq44O8,44Ko44Os44Kz44Og44K544Oe44O844OI44OV44Kp44Oz55So77y7VVNCIG1pY3JvQu+8j1VTQue1pumbu++8vSBVU0Ljg6Ljg5DjgqTjg6vjg5Djg4Pjg4bjg6rjg7wg77yLVVNCIG1pY3JvQuOCseODvOODluODqyAxMGNtIO+8iDMwMDBtQWjjg7vjg5vjg6/jgqTjg4jjg5XjgqfjgqTjgrnvvIkgREUtTTA0TDMwMTVXRiAoREVNMDRMMzAxNVdGKQ==,,PHRhYmxlIGJvcmRlcj0iMCIgY2VsbHBhZGRpbmc9IjAiIGNlbGxzcGFjaW5nPSIwIiB3aWR0aD0iNzEwIiBzdHlsZT0ibGluZS1oZWlnaHQ6MTQwJTsiPjx0cj48dGQ+PGZvbnQgc2l6ZT0iMiI+44CU44K544Oe44O844OI44OV44Kp44Oz55So77y7VVNCIG1pY3JvQu+8j1VTQue1pumbu++8ve+8muODouODkOOCpOODq+ODkOODg+ODhuODquODvO+8iFVTQuiThOmbu++8ie+8i1VTQiBtaWNyb0LjgrHjg7zjg5bjg6sg5YWF6Zu744CVPGJyPuOCueODnuODvOODiOODleOCqeODs+OBqOODouODkOOCpOODq+ODkOODg+ODhuODquODvOOCkuOBvuOBqOOCgeOBpuWFhembu+OBp+OBjeOCiyHmjIHjgaHpgYvjgbPjgavkvr/liKnjgarjgrPjg7Pjg5Hjgq/jg4jjgr/jgqTjg5fjga7jgrnjg57jg7zjg4jjg5Xjgqnjg7PnlKjjg6Ljg5DjgqTjg6vjg5Djg4Pjg4bjg6rjg7zjgII8YnI+PGJyPuKWoCDjgrnjg6rjg6DoqK3oqIjjgafjgqvjg5Djg7Pjgarjganjga7pmpnplpPjgavlhaXjgozjgoTjgZnjgY/jgIHmjIHjgaHpgYvjgbPjgavkvr/liKnjgarjgrPjg7Pjg5Hjgq/jg4jjgr/jgqTjg5fjga7jgrnjg57jg7zjg4jjg5Xjgqnjg7PnlKjjg6Ljg5DjgqTjg6vjg5Djg4Pjg4bjg6rjg7zjgafjgZnjgII8YnI+4pagIOacrOS9k+WFhembu+eUqOOCseODvOODluODq+OCkuaOpee2muOBl+OBn+OBvuOBvuOBp+OAgeOCueODnuODvOODiOODleOCqeODs+OBqOODouODkOOCpOODq+ODkOODg+ODhuODquODvOOCkuWFhembu+OBp+OBjeOCi+OAjOOBvuOBqOOCgeOBpuWFhembu+OAjeOBq+WvvuW/nOOBl+OBpuOBhOOBvuOBmeOAgjxicj7igLvjg6Ljg5DjgqTjg6vjg5Djg4Pjg4bjg6rjg7zmnKzkvZPjga7pm7vmsaDmrovph4/jgYww77yF44Gr44Gq44Gj44Gf5aC05ZCI44CB44Oi44OQ44Kk44Or44OQ44OD44OG44Oq44O85pys5L2T44G444Gu5YWF6Zu744GM5YSq5YWI44GV44KM44CB5rqA5YWF6Zu744Gu5b6M44CB44K544Oe44O844OI44OV44Kp44Oz44G444Gu57Wm6Zu744KS6ZaL5aeL44GX44G+44GZ44CCPGJyPuKWoCDjg6Ljg5DjgqTjg6vjg5Djg4Pjg4bjg6rjg7zmnKzkvZPjgpLntIQyLjXmmYLplpPjgaflhYXpm7vjgafjgY3jgIHjg4Hjg6Pjg7zjgrjmmYLplpPjgpLlpKfluYXjgavnn63nuK7jgZnjgovjgZPjgajjgYzjgafjgY3jgb7jgZnjgILigLvlh7rlipsxLjVB5Lul5LiK44GuQUPjgqLjg4Djg5fjgr/kvb/nlKjmmYLjgII8YnI+4pagIOODkeOCveOCs+ODs+OBrlVTQuODneODvOODiOOBq+aOpee2muOBmeOCi+OBk+OBqOOBp+OCguWFhembu+WPr+iDveOBp+OBmeOAguKAu+ODkeOCveOCs+ODs+OBrlVTQuODneODvOODiOOBr+WHuuWKmzUwMG1B44Gu44Gf44KB44CB5pys6KO95ZOB44G444Gu55uu5a6J5YWF6Zu75pmC6ZaT44Gv57SEOOaZgumWk+OBp+OBmeOAgjxicj7ilqAg5pyA5aSn5Ye65YqbMS41QeOBrumrmOWHuuWKm+ODouODh+ODq+OBp+OBmeOAgjxicj7ilqAg5pys6KO95ZOBKOODkOODg+ODhuODquODvOWuuemHjzMwMDBtQWgp44Gn44K544Oe44O844OI44OV44Kp44Oz44KS57SEMeWbnuWFhembu+WPr+iDveOBp+OBmeOAguKAu+a6gOWFhembu+OCkuOBl+OBn+acrOijveWTgeOCkueUqOOBhOOAgeODkOODg+ODhuODquODvOWuuemHj+OBjOe0hDE4MDBtQWjjga7jgrnjg57jg7zjg4jjg5Xjgqnjg7PjgpLlhYXpm7vjgZnjgovpmpvjga7nm67lronlm57mlbDjgafjgZnjgILlhYXpm7vkuK3jgavpm7vmupDjgYzlhaXjgaPjgZ/jgorjgIHmqZ/lmajjgpLkvb/nlKjjgZfjgabjgYTjgovloLTlkIjjga/oqJjovInjga7mlbDlgKTjgb7jgaflhYXpm7vjgafjgY3jgarjgYTloLTlkIjjgYzjgYLjgorjgb7jgZnjgII8YnI+4pagIOS7mOWxnuOBrlVTQuOCseODvOODluODq+OCkuacrOijveWTgeOBruWFhembu+eUqFVTQihtaWNyby1CKeODneODvOODiOOBq+aOpee2muOBl+OAgeWvvuW/nOOBl+OBn0FD44Ki44OA44OX44K/44Gr5o6l57aa44GZ44KL44GT44Go44Gn5YWF6Zu75Y+v6IO944Gn44GZ44CCPGJyPuKWoCBpUGhvbmXjgavku5jlsZ7jgoLjgZfjgY/jga/lr77lv5zjgZfjgZ9MaWdodG5pbmfjgrHjg7zjg5bjg6vjgpLliKnnlKjjgZnjgovjgZPjgajjgafjgIFpUGhvbmXjgoLlhYXpm7vlj6/og73jgafjgZnjgII8YnI+4pagIOODkOODg+ODhuODquODvOWFqOmdouOBq+izquaEn+OBrumrmOOBhOWFqOmdouOCt+ODnOWKoOW3peOCkuaWveOBl+OBpuOBhOOBvuOBmeOAgjxicj7ilqAg6Zu75rGg5q6L6YeP44GvNOautemajuOBrkxFROODqeODs+ODl+eCueeBr+OBp+eiuuiqjeWPr+iDveOBp+OBmeOAgjxicj7ilqAg57SENTAw5Zue57mw44KK6L+U44GX5L2/55So5Y+v6IO944Gq5YWF6Zu75byP44Oq44OB44Km44Og44Kk44Kq44Oz6Zu75rGg44KS5pCt6LyJ44GX44Gm44GE44G+44GZ44CCPGJyPuKWoCDlhoXolLXjga7lhYXpm7vlvI/jg6rjg4Hjgqbjg6DjgqTjgqrjg7Ppm7vmsaDjga/jgIFKSVMgQzg3MTHjgYrjgojjgbNKSVMgQzg3MTTjgavmupbmi6DjgZfjgZ/lronlhajoqK3oqIjjgafjgZnjgII8YnI+4pagIOmBjuWFhembu+ODu+mBjuaUvumbu+ODu+mBjumbu+Wcp+ODu+mBjumbu+a1gemYsuatouapn+iDveOBiuOCiOOBs+efree1oeS/neitt+apn+iDveOCkuWCmeOBiOOBn+OBguOCk+OBl+OCk+OBruWbnui3r+ioreioiOOBp+OBmeOAgjxicj48YnI+4oC75bel5aC05Ye66I235pmC44GrNzDvvIXnqIvluqblhYXpm7vjgZXjgozjgabjgYTjgb7jgZnjgILlhYXpm7vlvI/jg6rjg4Hjgqbjg6DjgqTjgqrjg7Ppm7vmsaDjga/mmYLplpPjgajjgajjgoLjgavmlL7pm7vjgZnjgovjga7jgafjgIHjgZTkvb/nlKjjgavjgarjgovliY3jgavlhYXpm7vjgZnjgovjgZPjgajjgpLmjqjlpajjgZfjgb7jgZnjgII8YnI+PGJyPuOAkOijveWTgeS7leanmOOAkTxicj7ilqAg5a++5b+c5qmf56iu77yabWljcm8tQuOCs+ODjeOCr+OCv+aQrei8ieOCueODnuODvOODiOODleOCqeODs+OAgeOCv+ODluODrOODg+ODiOOAgeOBiuOCiOOBs2lQaG9uZeOBquOBqeOBrmlPU+err+acq+apn+WZqOKAuzIwMTblubQ25pyI54++5ZyoPGJyPuKWoCDjgrPjg43jgq/jgr/lvaLnirYo6Zu75rqQ5YWl5Yqb5YG0Ke+8mlVTQiBNaWNyby1CIOODoeOCuTxicj7ilqAg5a6a5qC85YWl5Yqb6Zu75Zyn77yaREM1Vjxicj7ilqAg44Kz44ON44Kv44K/5b2i54q2KOmbu+a6kOWHuuWKm+WBtCnvvJpVU0ItQeODoeOCuTxicj7ilqAg5a6a5qC85Ye65Yqb6Zu75Zyn77yaREM1Vjxicj7ilqAg5a6a5qC85Ye65Yqb6Zu75rWB77yaMS41QTxicj7ilqAg6Zu75rGg56iu6aGe77ya5YWF6Zu75byP44Oq44OB44Km44Og44Kk44Kq44Oz6Zu75rGgPGJyPuKWoCDpm7vmsaDlrprmoLzlrrnph4/vvJozMDAwbUFoPGJyPuKWoCDlhYXpm7vmmYLplpPvvJoyLjXmmYLplpMgMS41QeOBrkFD5YWF6Zu75Zmo5L2/55So5pmCPGJyPuKWoCDlpJbDlzkww5cyNm1tPGJyPuKWoCDjgrHjg7zjg5bjg6vplbfvvJoxMGNtPGJyPuKWoCDph43ph4/vvJo3OGc8YnI+4pagIOOBj+OCiui/lOOBl+S9v+eUqOWbnuaVsO+8mjUwMOWbnjxicj7ilqAg5LuY5bGe5ZOB77yaVVNC44Kx44O844OW44OrKFVTQi1B44Kq44K5LU1pY3JvLULjgqrjgrkpPGJyPuKWoCDnkrDlooPphY3mha7kuovpoIXvvJrkvb/nlKjmuKnluqYgMO+9njQw4oSDPGJyPuKWoCDkv53oqLzmnJ/plpPvvJo244O25pyIPGJyPuKWoCDjgZ3jga7ku5bvvJppT1Pnq6/mnKvjgafkvb/nlKjjgZnjgovloLTlkIjjga/liKXpgJRpT1PnlKjjgrHjg7zjg5bjg6vjgpLjgZTnlKjmhI/jgY/jgaDjgZXjgYTjgJDjgJDjgJA8YnI+PGJyPjwvZm9udD48L3RkPjwvdHI+PC90YWJsZT48c3R5bGUgdHlwZT0idGV4dC9jc3MiPgo8IS0tCi5yYWt1dGVuLWNhbXAgewoJd2lkdGg6IDcyNXB4OwoJYm9yZGVyOiAycHggc29saWQgIzMzOTlGRjsKCXBhZGRpbmctdG9wOiA1cHg7CgktbW96LWJvcmRlci1yYWRpdXM6NHB4OyAvKkZpcmVmb3gqLwoJLXdlYmtpdC1ib3JkZXItcmFkaXVzOiA0cHg7IC8qU2FmYXJpLENocm9tZSovCglib3JkZXItcmFkaXVzOjRweDsgLypPcGVyYSxDaHJvbWUqLwoJbWFyZ2luOjAgMTBweCAxMHB4IDA7Cn0KCi8qIOS+oeagvOOBq+aeoOe3muOBjOOBpOOBjyAqLwp0YWJsZSNyYWt1dGVuTGltaXRlZElkX2NhcnQgewogICAgYmFja2dyb3VuZC1jb2xvcjogI2Y4ZjhmODsKICAgIGJvcmRlcjogMXB4IHNvbGlkICNkZGQ7CiAgICBwYWRkaW5nOiA4cHg7CiAgICBtYXJnaW46IDE2cHggMDsKfQoKc3Bhbi5wcmljZTEgewogICAgY29sb3I6ICMzMzMgIWltcG9ydGFudDsKICAgIGZvbnQtd2VpZ2h0OiBib2xkOwogICAgZm9udC1zaXplOiA4MCUgIWltcG9ydGFudDsKICAgIGxpbmUtaGVpZ2h0OiAzMHB4OwogICAgZGlzcGxheTogaW5saW5lLWJsb2NrOwogICAgbWFyZ2luLXJpZ2h0OiAxNnB4Owp9CgotLT4KPC9zdHlsZT4KCjwhLS3jg5Djg4rjg7zjgqjjg6rjgqItLT4KCjwhLS3jgJDmtojjgZnjgarvvIHjgJHimIXimIXimIUgaGVpZ2h0PSIzODAiIOOBp+ioreWumuOBl+OBpuOBj+OBoOOBleOBhOOAguKYheKYheKYhS0tPgo8IS0t44OQ44OK44O844Ko44Oq44Ki44GT44GT44G+44GnLS0+Cgo8IS0t5qW95aSp44Kt44Oj44Oz44Oa44O844OzLS0+Cgo8aDIgc3R5bGU9Im1hcmdpbjoyMHB4IDAgMTBweCAwOyI+PGltZyBzcmM9Imh0dHA6Ly93d3cucmFrdXRlbi5uZS5qcC9nb2xkL2FraWJhbWFjL2ZyYW1lL2ltYWdlcy9yYWt1dGVuX3RpdGxlMi5naWYiIGFsdD0i5qW95aSp5biC5aC044Gu44GK5b6X44Gq44Kt44Oj44Oz44Oa44O844OzIiB3aWR0aD0iNzMwIiBoZWlnaHQ9IjQyIiBib3JkZXI9IjAiPjwvaDI+CjxkaXYgY2xhc3M9InJha3V0ZW4tY2FtcCIgc3R5bGU9Im1hcmdpbjowIDAgMCAwOyI+CgoKPCEtLealveWkqeOCreODo+ODs+ODmuODvOODs0DjgZPjgZPjgb7jgactLT4=,44Ko44Os44Kz44Og44K544Oe44O844OI44OV44Kp44Oz55So77y7VVNCIG1pY3JvQu+8j1VTQue1pumbu++8vSBVU0Ljg6Ljg5DjgqTjg6vjg5Djg4Pjg4bjg6rjg7wg77yLVVNCIG1pY3JvQuOCseODvOODluODqyAxMGNtIO+8iDMwMDBtQWjjg7vjg5vjg6/jgqTjg4jjg5XjgqfjgqTjgrnvvIkgREUtTTA0TDMwMTVXRiAoREVNMDRMMzAxNVdGKe+8muOCveODleODnuODg+ODl+OAgOODh+OCuOOCv+ODq+OCs+ODrOOCr+OCt+ODp+ODsw==,44K944OV44Oe44OD44OXIOODh+OCuOOCv+ODq+OCs+ODrOOCr+OCt+ODp+ODs1NvZm1hcCBEaWdpdGFsIENvbGxlY3Rpb27jg5Hjgr3jgrPjg7Pjgr/jg5bjg6zjg4Pjg4hQQ0hEROOCouOCu+ODs+ODluODquODkeODvOODhOODkeOCveOCs+ODs+ODkeODvOODhOODhuODrOODk+OCsuODvOODoOODluODq+ODvOODrOOCpOOCveODleODiERWROOCveODleODiOa2suaZtuODhuODrOODk+ODluODq+ODvOODrOOCpOODh+OCo+OCueOCr+ODrOOCs+ODvOODgOODvOODh+OCuOOCv+ODq+S4gOecvOODrOODleOCq+ODoeODqeODh+OCuOOCv+ODq+OCq+ODoeODqeWutumbu+aZguioiOS4reWPpOOAgOOCveODleODiOOCouOCpuODiOODrOODg+ODiOS4reWPpOODjuODvOODiOODkeOCveOCs+ODs+S4reWPpOODkeOCveOCs+ODs+OCqOODrOOCs+ODoOOCueODnuODvOODiOODleOCqeODs+eUqO+8u1VTQiBtaWNyb0LvvI9VU0Lntabpm7vvvL0gVVNC44Oi44OQ44Kk44Or44OQ44OD44OG44Oq44O8IO+8i1VTQiBtaWNyb0LjgrHjg7zjg5bjg6sgMTBjbSDvvIgzMDAwbUFo44O744Ob44Ov44Kk44OI44OV44Kn44Kk44K577yJIERFLU0wNEwzMDE1V0YgKERFTTA0TDMwMTVXRik=,44Ko44Os44Kz44Og44K544Oe44O844OI44OV44Kp44Oz55So77y7VVNCIG1pY3JvQu+8j1VTQue1pumbu++8vSBVU0Ljg6Ljg5DjgqTjg6vjg5Djg4Pjg4bjg6rjg7wg77yLVVNCIG1pY3JvQuOCseODvOODluODqyAxMGNtIO+8iDMwMDBtQWjjg7vjg5vjg6/jgqTjg4jjg5XjgqfjgqTjgrnvvIkgREUtTTA0TDMwMTVXRiAoREVNMDRMMzAxNVdGKQ==[rn]
3-47070,aHR0cDovL3RzaG9wLnIxMHMuanAvYWtpYmFtYWMvY2FiaW5ldC8wNTA1MDczOS80NTIyMzI3ODc1ODI3LmpwZz9maXRpbj03MDA6NzAw,MjM2OC4wMDAw,,44K544Oe44O844OI44OV44Kp44Oz44O744K/44OW44Os44OD44OIID4g44OQ44OD44OG44Oq44O844O75YWF6Zu75ZmoID4g44Oi44OQ44Kk44Or44OQ44OD44OG44Oq44O8,SEFNRUXjgrnjg57jg7zjg4jjg5Xjgqnjg7PnlKjvvLttaWNybyBVU0LvvI9VU0Lntabpm7vvvL0gVVNC44Oi44OQ44Kk44Or44OQ44OD44OG44Oq44O8IO+8i21pY3JvIFVTQuOCseODvOODluODqyAzMGNtIO+8iDMwMDBtQWjjg7tTVEFSIFdBUlMg44Ko44OU44K944O844OJMyDjgrfjgrnjga7lvqnorpDvvIkgKFNXMzAwME1BSFBPU1RFUik=,,PHRhYmxlIGJvcmRlcj0iMCIgY2VsbHBhZGRpbmc9IjAiIGNlbGxzcGFjaW5nPSIwIiB3aWR0aD0iNzEwIiBzdHlsZT0ibGluZS1oZWlnaHQ6MTQwJTsiPjx0cj48dGQ+PGZvbnQgc2l6ZT0iMiI+44CU44K544Oe44O844OI44OV44Kp44Oz55So77y7bWljcm8gVVNC77yPVVNC57Wm6Zu777y977ya44Oi44OQ44Kk44Or44OQ44OD44OG44Oq44O877yIVVNC6JOE6Zu777yJ77yLbWljcm8gVVNC44Kx44O844OW44OrIOWFhembu+OAlTxicj7jgI7jgrnjgr/jg7zjg7vjgqbjgqnjg7zjgrrjgI/jga7mrbTku6PliofloLTnlKjjg53jgrnjgr/jg7zjgYzjg4fjgrbjgqTjg7PjgZXjgozjgZ/jgrnjg6rjg6DjgafjgrPjg7Pjg5Hjgq/jg4jjgarjg6Ljg5DjgqTjg6vjg5Djg4Pjg4bjg6rjg7zjgII8YnI+PGJyPuKWoCDjgrnjg57jg7zjg4jjg5Xjgqnjg7PjgpLntIQx5Zue5YWF6Zu75Y+v6IO977yIIOKAu+ODkOODg+ODhuODquODvOWuuemHjzE4MDBtQWjjga7jgrnjg57jg7zjg4jjg5Xjgqnjg7PjgpLlhYXpm7vjgZfjgZ/loLTlkIjvvIk8YnI+4pagIOOCseODvOODluODq+OCklBD44KEVVNCLUFD5YWF6Zu75Zmo44Gr5o6l57aa44GZ44KL44Gg44GR44Gn57Ch5Y2Y5YWF6Zu744CCPGJyPuKWoCBMRUTjg6Hjg7zjgr/jg7zjgYzku5jjgYTjgabjgYTjgovjga7jgafjgIHpm7vmsaDmrovph4/jgYzjgbLjgajnm67jgafjgo/jgYvjgovjgII8YnI+4pagIG1pY3JvVVNC5YWF6Zu744Kx44O844OW44Or44GM5LuY5bGe44CC44GK5omL5oyB44Gh44GuTGlnaHRuaW5n44Kx44O844OW44Or44KS5L2/44GI44GwaVBob25lIDZzLzYgUGx1c+OBp+OCguS9v+eUqOWPr+iDvTxicj7igLvmjqXntprjgZXjgozjgovpm7vlrZDmqZ/lmajnq6/mnKvjgavjgojjgorjgIHkvpvntabjgafjgY3jgovpm7vmsJfph4/jgYzlpKfluYXjgavokL3jgaHjgovlj6/og73mgKfjgYzjgZTjgZbjgYTjgb7jgZnjgII8YnI+4oC75YWF6Zu75Zmo44Gr5q2j5bi444Gr5YWF6Zu744GM6KGM44KP44KM44KL44Gu44Gr44CB44K544Oe44Ob44GM44OV44Or5YWF6Zu744Gn44GN44Gq44GE5aC05ZCI44Gv44CB44OQ44OD44OG44Oq44O844K744Or44Gu5a+/5ZG944Gu5Y+v6IO95oCn44GM6ICD44GI44KJ44KM44G+44GZ44CCPGJyPjxicj4oQynvvIYgTHVjYXNmaWxtIEx0ZC48YnI+PGJyPuOAkOijveWTgeS7leanmOOAkTxicj7ilqAg5pys5L2T77ya57SE57imOS44w5fmqKo1LjjDl+WOmjAuOWNtPGJyPuKWoCBtaWNyb1VTQuOCseODvOODluODq+mVt++8mue0hDMwY208YnI+4pagIOmbu+axoOWuuemHj++8mjMwMDBtQWg8YnI+4pagIOS9v+eUqOmbu+axoO+8muODquODgeOCpuODoOmbu+axoDxicj7ilqAg5YWl5Yqb6Zu75Zyn77yabWljcm9VU0IgNVYvMUE8YnI+4pagIOWHuuWKm+mbu+Wcp++8mlVTQiA1Vi8xLjVBPGJyPuKWoCDkvb/nlKjnkrDlooPmuKnluqbvvJrvvI0xMO+9nu+8izQ14oSDPGJyPuKWoCDph43ph4/vvJo4MWc8YnI+4pagIOOCteOCpOOCr+ODq+Wvv+WRve+8mue0hDUwMOWbnjxicj7ilqAg5Li757Sg5p2Q77yaQUJT44CBUEM8YnI+4pagIOOCu+ODg+ODiOWGheWuue+8muWFhembu+WZqOOAgW1pY3JvVVNC44Kx44O844OW44Or44CB5Y+W5omx6Kqs5piO5pu477yI5L+d6Ki85pu45LuY77yJPGJyPjxicj48L2ZvbnQ+PC90ZD48L3RyPjwvdGFibGU+PHRhYmxlIGNlbGxzcGFjaW5nPSIwIiBjZWxscGFkZGluZz0iNCIgYm9yZGVyPSIxIiB3aWR0aD0iNzEwIiBib3JkZXJjb2xvcj0iI2NjY2NjYyI+PHRyPjx0ZCB3aWR0aD0iMTgwIiBiZ2NvbG9yPSIjZWZlZmVmIj48Zm9udCBzaXplPSIyIj7mjqXntprnq6/lrZA8L2ZvbnQ+PC90ZD48dGQgd2lkdGg9IjUzMCI+PGZvbnQgc2l6ZT0iMiI+bWljcm8gVVNC77yPVVNC57Wm6Zu7PC9mb250PjwvdGQ+PC90cj48dHI+PHRkIHdpZHRoPSIxODAiIGJnY29sb3I9IiNlZmVmZWYiPjxmb250IHNpemU9IjIiPuiJsjwvZm9udD48L3RkPjx0ZCB3aWR0aD0iNTMwIj48Zm9udCBzaXplPSIyIj7jgq3jg6Pjg6njgq/jgr/jg7w8L2ZvbnQ+PC90ZD48L3RyPjx0cj48dGQgd2lkdGg9IjE4MCIgYmdjb2xvcj0iI2VmZWZlZiI+PGZvbnQgc2l6ZT0iMiI+44Od44O844OI5pWwPC9mb250PjwvdGQ+PHRkIHdpZHRoPSI1MzAiPjxmb250IHNpemU9IjIiPjHjg53jg7zjg4g8L2ZvbnQ+PC90ZD48L3RyPjwvdGFibGU+PHN0eWxlIHR5cGU9InRleHQvY3NzIj4KPCEtLQoucmFrdXRlbi1jYW1wIHsKCXdpZHRoOiA3MjVweDsKCWJvcmRlcjogMnB4IHNvbGlkICMzMzk5RkY7CglwYWRkaW5nLXRvcDogNXB4OwoJLW1vei1ib3JkZXItcmFkaXVzOjRweDsgLypGaXJlZm94Ki8KCS13ZWJraXQtYm9yZGVyLXJhZGl1czogNHB4OyAvKlNhZmFyaSxDaHJvbWUqLwoJYm9yZGVyLXJhZGl1czo0cHg7IC8qT3BlcmEsQ2hyb21lKi8KCW1hcmdpbjowIDEwcHggMTBweCAwOwp9CgovKiDkvqHmoLzjgavmnqDnt5rjgYzjgaTjgY8gKi8KdGFibGUjcmFrdXRlbkxpbWl0ZWRJZF9jYXJ0IHsKICAgIGJhY2tncm91bmQtY29sb3I6ICNmOGY4Zjg7CiAgICBib3JkZXI6IDFweCBzb2xpZCAjZGRkOwogICAgcGFkZGluZzogOHB4OwogICAgbWFyZ2luOiAxNnB4IDA7Cn0KCnNwYW4ucHJpY2UxIHsKICAgIGNvbG9yOiAjMzMzICFpbXBvcnRhbnQ7CiAgICBmb250LXdlaWdodDogYm9sZDsKICAgIGZvbnQtc2l6ZTogODAlICFpbXBvcnRhbnQ7CiAgICBsaW5lLWhlaWdodDogMzBweDsKICAgIGRpc3BsYXk6IGlubGluZS1ibG9jazsKICAgIG1hcmdpbi1yaWdodDogMTZweDsKfQoKLS0+Cjwvc3R5bGU+Cgo8IS0t44OQ44OK44O844Ko44Oq44KiLS0+Cgo8IS0t44CQ5raI44GZ44Gq77yB44CR4piF4piF4piFIGhlaWdodD0iMzgwIiDjgafoqK3lrprjgZfjgabjgY/jgaDjgZXjgYTjgILimIXimIXimIUtLT4KPCEtLeODkOODiuODvOOCqOODquOCouOBk+OBk+OBvuOBpy0tPgoKPCEtLealveWkqeOCreODo+ODs+ODmuODvOODsy0tPgoKPGgyIHN0eWxlPSJtYXJnaW46MjBweCAwIDEwcHggMDsiPjxpbWcgc3JjPSJodHRwOi8vd3d3LnJha3V0ZW4ubmUuanAvZ29sZC9ha2liYW1hYy9mcmFtZS9pbWFnZXMvcmFrdXRlbl90aXRsZTIuZ2lmIiBhbHQ9IualveWkqeW4guWgtOOBruOBiuW+l+OBquOCreODo+ODs+ODmuODvOODsyIgd2lkdGg9IjczMCIgaGVpZ2h0PSI0MiIgYm9yZGVyPSIwIj48L2gyPgo8ZGl2IGNsYXNzPSJyYWt1dGVuLWNhbXAiIHN0eWxlPSJtYXJnaW46MCAwIDAgMDsiPgoKCjwhLS3mpb3lpKnjgq3jg6Pjg7Pjg5rjg7zjg7NA44GT44GT44G+44GnLS0+,SEFNRUXjgrnjg57jg7zjg4jjg5Xjgqnjg7PnlKjvvLttaWNybyBVU0LvvI9VU0Lntabpm7vvvL0gVVNC44Oi44OQ44Kk44Or44OQ44OD44OG44Oq44O8IO+8i21pY3JvIFVTQuOCseODvOODluODqyAzMGNtIO+8iDMwMDBtQWjjg7tTVEFSIFdBUlMg44Ko44OU44K944O844OJMyDjgrfjgrnjga7lvqnorpDvvIkgKFNXMzAwME1BSFBPU1RFUinvvJrjgr3jg5Xjg57jg4Pjg5fjgIDjg4fjgrjjgr/jg6vjgrPjg6zjgq/jgrfjg6fjg7M=,44K944OV44Oe44OD44OXIOODh+OCuOOCv+ODq+OCs+ODrOOCr+OCt+ODp+ODs1NvZm1hcCBEaWdpdGFsIENvbGxlY3Rpb27jg5Hjgr3jgrPjg7Pjgr/jg5bjg6zjg4Pjg4hQQ0hEROOCouOCu+ODs+ODluODquODkeODvOODhOODkeOCveOCs+ODs+ODkeODvOODhOODhuODrOODk+OCsuODvOODoOODluODq+ODvOODrOOCpOOCveODleODiERWROOCveODleODiOa2suaZtuODhuODrOODk+ODluODq+ODvOODrOOCpOODh+OCo+OCueOCr+ODrOOCs+ODvOODgOODvOODh+OCuOOCv+ODq+S4gOecvOODrOODleOCq+ODoeODqeODh+OCuOOCv+ODq+OCq+ODoeODqeWutumbu+aZguioiOS4reWPpOOAgOOCveODleODiOOCouOCpuODiOODrOODg+ODiOS4reWPpOODjuODvOODiOODkeOCveOCs+ODs+S4reWPpOODkeOCveOCs+ODs0hBTUVF44K544Oe44O844OI44OV44Kp44Oz55So77y7bWljcm8gVVNC77yPVVNC57Wm6Zu777y9IFVTQuODouODkOOCpOODq+ODkOODg+ODhuODquODvCDvvIttaWNybyBVU0LjgrHjg7zjg5bjg6sgMzBjbSDvvIgzMDAwbUFo44O7U1RBUiBXQVJTIOOCqOODlOOCveODvOODiTMg44K344K544Gu5b6p6K6Q77yJIChTVzMwMDBNQUhQT1NURVIp,SEFNRUXjgrnjg57jg7zjg4jjg5Xjgqnjg7PnlKjvvLttaWNybyBVU0LvvI9VU0Lntabpm7vvvL0gVVNC44Oi44OQ44Kk44Or44OQ44OD44OG44Oq44O8IO+8i21pY3JvIFVTQuOCseODvOODluODqyAzMGNtIO+8iDMwMDBtQWjjg7tTVEFSIFdBUlMg44Ko44OU44K944O844OJMyDjgrfjgrnjga7lvqnorpDvvIkgKFNXMzAwME1BSFBPU1RFUik=[rn]
3-47071,aHR0cDovL3RzaG9wLnIxMHMuanAvYWtpYmFtYWMvY2FiaW5ldC8wNTA1MDczOS80NTgwMzcwNzMxNjIwLmpwZz9maXRpbj03MDA6NzAw,Mjk0OC44MDAw,,44K544Oe44O844OI44OV44Kp44Oz44O744K/44OW44Os44OD44OIID4g44OQ44OD44OG44Oq44O844O75YWF6Zu75ZmoID4g44Oi44OQ44Kk44Or44OQ44OD44OG44Oq44O8,44OG44Kj44Ki44O844Or44Ko44Kk44K/44OW44Os44OD44OI77yP44K544Oe44O844OI44OV44Kp44Oz5a++5b+c77y7bWljcm8gVVNC77y9VVNC44Oi44OQ44Kk44Or44OQ44OD44OG44Oq44O8IO+8i21pY3JvIFVTQuOCseODvOODluODqyAzLjRBIO+8iDEwMDUwbUFoIOODuzLjg53jg7zjg4jjg7tEQU5CT0FSRCDjgYLjgZjjgZXjgYTvvIkgQ0hFLTA2NkFKIChDSEUwNjZBSik=,,PHRhYmxlIGJvcmRlcj0iMCIgY2VsbHBhZGRpbmc9IjAiIGNlbGxzcGFjaW5nPSIwIiB3aWR0aD0iNzEwIiBzdHlsZT0ibGluZS1oZWlnaHQ6MTQwJTsiPjx0cj48dGQ+PGZvbnQgc2l6ZT0iMiI+44CU44K/44OW44Os44OD44OI77yP44K544Oe44O844OI44OV44Kp44Oz5a++5b+c77y7bWljcm8gVVNC77yPVVNC57Wm6Zu777y977ya44Oi44OQ44Kk44Or44OQ44OD44OG44Oq44O877yIVVNC6JOE6Zu777yJ77yLbWljcm8gVVNC44Kx44O844OW44OrIOWFhembu+OAlTxicj7jg4Djg7Pjg5zjg7zjg5Xjg6zjg7zjg5Djg7zjgrrjgoLjgZXjgonjgavlj6/mhJvjgY/jgarjgorjgb7jgZfjgZ/jgILjgIxjaGVlcm8gUG93ZXIgUGx1cyAxMDA1MG1BaCBEQU5CT0FSRCB2ZXJzaW9uIC1GTE9XRVJTLeOAjTxicj48YnI+5aSn5Lq65rCX44Gu44OA44Oz44Oc44O844OV44Os44O844OQ44O844K344Oq44O844K644GM44CB5Y+v5oSb44GP44Kz44Oz44OR44Kv44OI44Gr44Gq44Gj44Gm44OR44Ov44O844Ki44OD44OX77yB44GK44KK44GT44GG5qmf6IO944KC5pCt6LyJ44GX44Gm44GV44KJ44Gr5L2/44GE44KE44GZ44GP44Gq44Gj44Gm44Gu55m75aC044Gn44GZ44CCMTAwNTBtQWjjga7lpKflrrnph4/jgIHjgZ3jgozjgarjga7jgavjgZ/jgaPjgZ8xOTBn44CCaVBob25lNuOBquOCiTMuNeWbnuOBruODleODq+WFhembu+OBjOWHuuadpeOCi+OBruOBp+OAgeOBoeOCh+OBo+OBqOOBl+OBn+OBiuWHuuOBi+OBkeOBi+OCieOAgeWHuuW8teOChOaXheihjOOBq+OCguOBiuS9v+OBhOOBhOOBn+OBoOOBkeOBvuOBmeOAgjxicj48YnI+4pagIOWuuemHj+OBr+OBu+OBvOOBneOBruOBvuOBvuOAguOCteOCpOOCuuOBrzIvM+OBq++8gTxicj7liY3kvZzjga4xMDQwMG1BaOOBi+OCiTEwMDUwbUFo44G444Go44OQ44OD44OG44Oq44O85a656YeP44Gv44G744G85ZCM44GY44Gn44CB5aSn5bmF44Gr5bCP44GV44GP6Lu944GP44Gq44KK44G+44GX44Gf44CC44GT44KM44G+44Gn5Lul5LiK44Gr5L2/44GE44KE44GZ44GE5aSn5a656YeP44CB44GL44Gk44Kz44Oz44OR44Kv44OI44Gq44OQ44OD44OG44Oq44O844Gn44GZ44CCPGJyPuKWoCDlpKfliIfjgavjgZfjgZ/jga7jga/lronlhajmgKfjgII8YnI+6auY5ZOB6LOq44Gu5pel5pys6KO977yIUGFuYXNvbmlj6KO9KeOBruOCu+ODq+OCkuS9v+eUqOOBl+OBpuOBhOOBvuOBmeOAguWTgeizqueuoeeQhuOBq+OBk+OBoOOCj+OCi+aXpeacrOijveOBruaKgOihk+OCkuWGheiUtembu+axoOOBq+W/nOeUqOOBl+OAgeWOs+OBl+OBhOWuieWFqOWfuua6luOCkuOCr+ODquOCouOBl+OBpuOBhOOBvuOBmeOAgmNoZWVyb+OBruWTgeizquOBuOOBruOBk+OBoOOCj+OCiuOBr+OAgeWuieWFqOaAp+OCkuS4gOeVquOBq+iAg+OBiOOAgeiqsOOCguOBjOWuieW/g+OBl+OBpuS9v+OBiOOCi+ODkOODg+ODhuODquODvOOCkuaPkOS+m+OBmeOCi+OBk+OBqOOBp+OBmeOAgjxicj7ilqAgQVVUTy1JQ+apn+iDveaQrei8ieOBp+OCpOODs+ODhuODquOCuOOCp+ODs+ODiOOBquWFhembu+OCkjxicj7mjqXntprjgZXjgozjgZ/jg4fjg5DjgqTjgrnjgpLoh6rli5Xoqo3orZjjgZnjgotBVVRPLUlD5qmf6IO95pCt6LyJ44Gn44CB44Gp44Gh44KJ44Gu44Od44O844OI44Gr5oy/44GX44Gm44KC44OH44OQ44Kk44K544Gr5pyA6YGp5YyW44GX44Gf5YWF6Zu744KS6KGM44GG44GL44GX44GT44GE44OQ44OD44OG44Oq44O844Gn44GZ44CCPGJyPuKWoCDlhaXlipvpm7vmtYHjga8yQeOAgeODgOODs+ODnOODvOOBuOOCgumrmOmAn+e1pumbuzxicj7lvpPmnaXjga4xQeOBruWFpeWKm+ODneODvOODiOOBi+OCieOAgTJB44G444CC5LuY5bGe44GubWljcm8gVVNC44Kx44O844OW44Or44Go5LiA57eS44Gr5L2/44GG44GT44Go44Gr44KI44Gj44Gm44CB44OQ44OD44OG44Oq44O85pys5L2T44G444Gu57Wm6Zu744K544OU44O844OJ44GM5b6T5p2l44GuMuWAjeOBrumAn+OBleOBq+OAgjxicj7igLsyQeWvvuW/nOOBrkFD44Ki44OA44OX44K/44KS44GU5Yip55So44GP44Gg44GV44GEPGJyPjxicj7jgJDoo73lk4Hku5Xmp5jjgJE8YnI+4pagIOmbu+axoOWuuemHj++8mjEwMDUwbUFoPGJyPuKWoCDjgrXjgqTjgrrvvJrntIQgOTUgw5cgNjIgw5cgMjIgbW08YnI+4pagIOmHjemHjyjmnKzkvZMp77ya57SEIDE5MCBnPGJyPuKWoCDlhaXlipvvvJo1ViAvIDJBIE1BWCAoTWljcm8gVVNCKTxicj7ilqAg5Ye65Yqb77yaNVYgLyAzLjRBICjlkIjoqIgpPGJyPuKWoCDlhYXpm7vmmYLplpPvvJrntIQ15pmC6ZaTIOKAuzJB44Ki44OA44OX44K/5Yip55So44Gu5aC05ZCIPGJyPuKWoCDliKnnlKjlj6/og73lm57mlbDvvJrntIQ1MDDlm548YnI+4pagIOijveWTgeS/neiovO+8muOBiuiyt+OBhOS4iuOBkuaXpeOBi+OCiTHlubTplpM8YnI+4pagIOWvvuW/nOapn+eoru+8mmlQaG9uZS9pUGFkL2lQYWQgbWluaeOAgU1pY3JvVVNC5a++5b+c44K544Oe44O844OI44OV44Kp44OzL+aQuuW4r+OAgVdpLUZp44Or44O844K/562JPGJyPuKWoCDku5jlsZ7lk4HvvJrjg53jg7zjg4HjgIFVU0ItTWljcm8gVVNCIOOCseODvOODluODq++8iOeZve+8ieOAgeiqrOaYjuabuC/kv53oqLzmm7g8YnI+4pagIOS/neitt+apn+iDve+8mumBjuWFhembuyjpm7vlnKcv6Zu75rWBKeaZgiDjgIEg6YGO5pS+6Zu7KOmbu+Wcpy/pm7vmtYEp5pmCIOOAgeefree1oeWMlijjgrfjg6fjg7zjg4gp5pmCIOOAgSDnmbrnhrHmmYLjgIDjgIEg44OH44OQ44Kk44K55YWF6Zu75a6M5LqG5pmCPGJyPuKAu+acrOS9k+WFhembu+OBr+S7mOWxnuOBrlVTQuOCseODvOODluODq+OCiOOCiuOBiumhmOOBhOOBl+OBvuOBmeOAgjxicj7igLvoh6rli5Xpm7vmupBPRkbmqZ/og73jga/mnKrlr77lv5zjga7jg4fjg5DjgqTjgrnjgoLjgZTjgZbjgYTjgb7jgZnjgII8YnI+4oC744Kx44O844OW44Or44Go56uv5pyr44Gu55u45oCn44KC44GU44GW44GE44G+44GZ44Gu44Gn44CB5LuY5bGe44Kx44O844OW44Or44Gn5YWF6Zu75Ye65p2l44Gq44GE5aC05ZCI44Gv44CB5YWF6Zu744GZ44KL44OH44OQ44Kk44K55LuY5bGe44Gu44Kx44O844OW44Or44Gn44GK6Kmm44GX5LiL44GV44GE44G+44Gb44CCPGJyPuKAu+WutuW6reeUqOOCs+ODs+OCu+ODs+ODiOOBi+OCieWFhembu+OBmeOCi+WgtOWQiOOBr+OAgeWumuagvOmbu+a1gTJB44GuVVNCIEFD44Ki44OA44OX44K/44KS44GU5Yip55So5LiL44GV44GE44CCPGJyPuKAu+S7mOWxnuOBr01pY3JvIFVTQuOCseODvOODluODq+OBq+OBquOCiuOBvuOBmeOAguODqeOCpOODiOODi+ODs+OCsOOCseODvOODluODq+OBr+S7mOWxnuOBl+OBpuOBiuOCiuOBvuOBm+OCk+OAgjxicj7igLvjg5XjgqHjg5bjg6rjg4Pjgq/jgrHjg7zjg5bjg6vjga/ku5jlsZ7jgZfjgabjgYrjgorjgb7jgZvjgpPjgII8YnI+PGJyPjwvZm9udD48L3RkPjwvdHI+PC90YWJsZT48dGFibGUgY2VsbHNwYWNpbmc9IjAiIGNlbGxwYWRkaW5nPSI0IiBib3JkZXI9IjEiIHdpZHRoPSI3MTAiIGJvcmRlcmNvbG9yPSIjY2NjY2NjIj48dHI+PHRkIHdpZHRoPSIxODAiIGJnY29sb3I9IiNlZmVmZWYiPjxmb250IHNpemU9IjIiPuaOpee2muerr+WtkDwvZm9udD48L3RkPjx0ZCB3aWR0aD0iNTMwIj48Zm9udCBzaXplPSIyIj5taWNybyBVU0LvvI9VU0Lntabpm7s8L2ZvbnQ+PC90ZD48L3RyPjx0cj48dGQgd2lkdGg9IjE4MCIgYmdjb2xvcj0iI2VmZWZlZiI+PGZvbnQgc2l6ZT0iMiI+6ImyPC9mb250PjwvdGQ+PHRkIHdpZHRoPSI1MzAiPjxmb250IHNpemU9IjIiPuOCreODo+ODqeOCr+OCv+ODvDwvZm9udD48L3RkPjwvdHI+PHRyPjx0ZCB3aWR0aD0iMTgwIiBiZ2NvbG9yPSIjZWZlZmVmIj48Zm9udCBzaXplPSIyIj7jg53jg7zjg4jmlbA8L2ZvbnQ+PC90ZD48dGQgd2lkdGg9IjUzMCI+PGZvbnQgc2l6ZT0iMiI+MuODneODvOODiDwvZm9udD48L3RkPjwvdHI+PHRyPjx0ZCB3aWR0aD0iMTgwIiBiZ2NvbG9yPSIjZWZlZmVmIj48Zm9udCBzaXplPSIyIj7pq5jlh7rlips8L2ZvbnQ+PC90ZD48dGQgd2lkdGg9IjUzMCI+PGZvbnQgc2l6ZT0iMiI+44K/44OW44Os44OD44OI5a++5b+c77yI6auY5Ye65Yqb77yJPC9mb250PjwvdGQ+PC90cj48L3RhYmxlPjxzdHlsZSB0eXBlPSJ0ZXh0L2NzcyI+CjwhLS0KLnJha3V0ZW4tY2FtcCB7Cgl3aWR0aDogNzI1cHg7Cglib3JkZXI6IDJweCBzb2xpZCAjMzM5OUZGOwoJcGFkZGluZy10b3A6IDVweDsKCS1tb3otYm9yZGVyLXJhZGl1czo0cHg7IC8qRmlyZWZveCovCgktd2Via2l0LWJvcmRlci1yYWRpdXM6IDRweDsgLypTYWZhcmksQ2hyb21lKi8KCWJvcmRlci1yYWRpdXM6NHB4OyAvKk9wZXJhLENocm9tZSovCgltYXJnaW46MCAxMHB4IDEwcHggMDsKfQoKLyog5L6h5qC844Gr5p6g57ea44GM44Gk44GPICovCnRhYmxlI3Jha3V0ZW5MaW1pdGVkSWRfY2FydCB7CiAgICBiYWNrZ3JvdW5kLWNvbG9yOiAjZjhmOGY4OwogICAgYm9yZGVyOiAxcHggc29saWQgI2RkZDsKICAgIHBhZGRpbmc6IDhweDsKICAgIG1hcmdpbjogMTZweCAwOwp9CgpzcGFuLnByaWNlMSB7CiAgICBjb2xvcjogIzMzMyAhaW1wb3J0YW50OwogICAgZm9udC13ZWlnaHQ6IGJvbGQ7CiAgICBmb250LXNpemU6IDgwJSAhaW1wb3J0YW50OwogICAgbGluZS1oZWlnaHQ6IDMwcHg7CiAgICBkaXNwbGF5OiBpbmxpbmUtYmxvY2s7CiAgICBtYXJnaW4tcmlnaHQ6IDE2cHg7Cn0KCi0tPgo8L3N0eWxlPgoKPCEtLeODkOODiuODvOOCqOODquOCoi0tPgoKPCEtLeOAkOa2iOOBmeOBqu+8geOAkeKYheKYheKYhSBoZWlnaHQ9IjM4MCIg44Gn6Kit5a6a44GX44Gm44GP44Gg44GV44GE44CC4piF4piF4piFLS0+CjwhLS3jg5Djg4rjg7zjgqjjg6rjgqLjgZPjgZPjgb7jgactLT4KCjwhLS3mpb3lpKnjgq3jg6Pjg7Pjg5rjg7zjg7MtLT4KCjxoMiBzdHlsZT0ibWFyZ2luOjIwcHggMCAxMHB4IDA7Ij48aW1nIHNyYz0iaHR0cDovL3d3dy5yYWt1dGVuLm5lLmpwL2dvbGQvYWtpYmFtYWMvZnJhbWUvaW1hZ2VzL3Jha3V0ZW5fdGl0bGUyLmdpZiIgYWx0PSLmpb3lpKnluILloLTjga7jgYrlvpfjgarjgq3jg6Pjg7Pjg5rjg7zjg7MiIHdpZHRoPSI3MzAiIGhlaWdodD0iNDIiIGJvcmRlcj0iMCI+PC9oMj4KPGRpdiBjbGFzcz0icmFrdXRlbi1jYW1wIiBzdHlsZT0ibWFyZ2luOjAgMCAwIDA7Ij4KCgo8IS0t5qW95aSp44Kt44Oj44Oz44Oa44O844OzQOOBk+OBk+OBvuOBpy0tPg==,44OG44Kj44Ki44O844Or44Ko44Kk44K/44OW44Os44OD44OI77yP44K544Oe44O844OI44OV44Kp44Oz5a++5b+c77y7bWljcm8gVVNC77y9VVNC44Oi44OQ44Kk44Or44OQ44OD44OG44Oq44O8IO+8i21pY3JvIFVTQuOCseODvOODluODqyAzLjRBIO+8iDEwMDUwbUFoIOODuzLjg53jg7zjg4jjg7tEQU5CT0FSRCDjgYLjgZjjgZXjgYTvvIkgQ0hFLTA2NkFKIChDSEUwNjZBSinvvJrjgr3jg5Xjg57jg4Pjg5fjgIDjg4fjgrjjgr/jg6vjgrPjg6zjgq/jgrfjg6fjg7M=,44K944OV44Oe44OD44OXIOODh+OCuOOCv+ODq+OCs+ODrOOCr+OCt+ODp+ODs1NvZm1hcCBEaWdpdGFsIENvbGxlY3Rpb27jg5Hjgr3jgrPjg7Pjgr/jg5bjg6zjg4Pjg4hQQ0hEROOCouOCu+ODs+ODluODquODkeODvOODhOODkeOCveOCs+ODs+ODkeODvOODhOODhuODrOODk+OCsuODvOODoOODluODq+ODvOODrOOCpOOCveODleODiERWROOCveODleODiOa2suaZtuODhuODrOODk+ODluODq+ODvOODrOOCpOODh+OCo+OCueOCr+ODrOOCs+ODvOODgOODvOODh+OCuOOCv+ODq+S4gOecvOODrOODleOCq+ODoeODqeODh+OCuOOCv+ODq+OCq+ODoeODqeWutumbu+aZguioiOS4reWPpOOAgOOCveODleODiOOCouOCpuODiOODrOODg+ODiOS4reWPpOODjuODvOODiOODkeOCveOCs+ODs+S4reWPpOODkeOCveOCs+ODs+ODhuOCo+OCouODvOODq+OCqOOCpOOCv+ODluODrOODg+ODiO+8j+OCueODnuODvOODiOODleOCqeODs+WvvuW/nO+8u21pY3JvIFVTQu+8vVVTQuODouODkOOCpOODq+ODkOODg+ODhuODquODvCDvvIttaWNybyBVU0LjgrHjg7zjg5bjg6sgMy40QSDvvIgxMDA1MG1BaCDjg7sy44Od44O844OI44O7REFOQk9BUkQg44GC44GY44GV44GE77yJIENIRS0wNjZBSiAoQ0hFMDY2QUop,44OG44Kj44Ki44O844Or44Ko44Kk44K/44OW44Os44OD44OI77yP44K544Oe44O844OI44OV44Kp44Oz5a++5b+c77y7bWljcm8gVVNC77y9VVNC44Oi44OQ44Kk44Or44OQ44OD44OG44Oq44O8IO+8i21pY3JvIFVTQuOCseODvOODluODqyAzLjRBIO+8iDEwMDUwbUFoIOODuzLjg53jg7zjg4jjg7tEQU5CT0FSRCDjgYLjgZjjgZXjgYTvvIkgQ0hFLTA2NkFKIChDSEUwNjZBSik=[rn]
3-47072,aHR0cDovL3RzaG9wLnIxMHMuanAvYWtpYmFtYWMvY2FiaW5ldC8wNTI2NDA2OS80OTUzMTAzMjg0NTc5LmpwZz9maXRpbj03MDA6NzAw,MTI0MC4wMDAw,,44K544Oe44O844OI44OV44Kp44Oz44O744K/44OW44Os44OD44OIID4g44OQ44OD44OG44Oq44O844O75YWF6Zu75ZmoID4g44Oi44OQ44Kk44Or44OQ44OD44OG44Oq44O8,44Ko44Os44Kz44Og44K544Oe44O844OI44OV44Kp44Oz55So77y7VVNCIG1pY3JvQu+8j1VTQue1pumbu++8vSBVU0Ljg6Ljg5DjgqTjg6vjg5Djg4Pjg4bjg6rjg7wg77yLVVNCIG1pY3JvQuOCseODvOODluODqyAxMGNtIO+8iDMwMDBtQWjjg7vjg5vjg6/jgqTjg4jvvIkgREUtTTA0TDMwMTVXSCAoREVNMDRMMzAxNVdIKQ==,,PHRhYmxlIGJvcmRlcj0iMCIgY2VsbHBhZGRpbmc9IjAiIGNlbGxzcGFjaW5nPSIwIiB3aWR0aD0iNzEwIiBzdHlsZT0ibGluZS1oZWlnaHQ6MTQwJTsiPjx0cj48dGQ+PGZvbnQgc2l6ZT0iMiI+44CU44K544Oe44O844OI44OV44Kp44Oz55So77y7VVNCIG1pY3JvQu+8j1VTQue1pumbu++8ve+8muODouODkOOCpOODq+ODkOODg+ODhuODquODvO+8iFVTQuiThOmbu++8ie+8i1VTQiBtaWNyb0LjgrHjg7zjg5bjg6sg5YWF6Zu744CVPGJyPuOCueODnuODvOODiOODleOCqeODs+OBqOODouODkOOCpOODq+ODkOODg+ODhuODquODvOOCkuOBvuOBqOOCgeOBpuWFhembu+OBp+OBjeOCiyHmjIHjgaHpgYvjgbPjgavkvr/liKnjgarjgrPjg7Pjg5Hjgq/jg4jjgr/jgqTjg5fjga7jgrnjg57jg7zjg4jjg5Xjgqnjg7PnlKjjg6Ljg5DjgqTjg6vjg5Djg4Pjg4bjg6rjg7zjgII8YnI+PGJyPuKWoCDjgrnjg6rjg6DoqK3oqIjjgafjgqvjg5Djg7Pjgarjganjga7pmpnplpPjgavlhaXjgozjgoTjgZnjgY/jgIHmjIHjgaHpgYvjgbPjgavkvr/liKnjgarjgrPjg7Pjg5Hjgq/jg4jjgr/jgqTjg5fjga7jgrnjg57jg7zjg4jjg5Xjgqnjg7PnlKjjg6Ljg5DjgqTjg6vjg5Djg4Pjg4bjg6rjg7zjgafjgZnjgII8YnI+4pagIOacrOS9k+WFhembu+eUqOOCseODvOODluODq+OCkuaOpee2muOBl+OBn+OBvuOBvuOBp+OAgeOCueODnuODvOODiOODleOCqeODs+OBqOODouODkOOCpOODq+ODkOODg+ODhuODquODvOOCkuWFhembu+OBp+OBjeOCi+OAjOOBvuOBqOOCgeOBpuWFhembu+OAjeOBq+WvvuW/nOOBl+OBpuOBhOOBvuOBmeOAgjxicj7igLvjg6Ljg5DjgqTjg6vjg5Djg4Pjg4bjg6rjg7zmnKzkvZPjga7pm7vmsaDmrovph4/jgYww77yF44Gr44Gq44Gj44Gf5aC05ZCI44CB44Oi44OQ44Kk44Or44OQ44OD44OG44Oq44O85pys5L2T44G444Gu5YWF6Zu744GM5YSq5YWI44GV44KM44CB5rqA5YWF6Zu744Gu5b6M44CB44K544Oe44O844OI44OV44Kp44Oz44G444Gu57Wm6Zu744KS6ZaL5aeL44GX44G+44GZ44CCPGJyPuKWoCDjg6Ljg5DjgqTjg6vjg5Djg4Pjg4bjg6rjg7zmnKzkvZPjgpLntIQyLjXmmYLplpPjgaflhYXpm7vjgafjgY3jgIHjg4Hjg6Pjg7zjgrjmmYLplpPjgpLlpKfluYXjgavnn63nuK7jgZnjgovjgZPjgajjgYzjgafjgY3jgb7jgZnjgILigLvlh7rlipsxLjVB5Lul5LiK44GuQUPjgqLjg4Djg5fjgr/kvb/nlKjmmYLjgII8YnI+4pagIOODkeOCveOCs+ODs+OBrlVTQuODneODvOODiOOBq+aOpee2muOBmeOCi+OBk+OBqOOBp+OCguWFhembu+WPr+iDveOBp+OBmeOAguKAu+ODkeOCveOCs+ODs+OBrlVTQuODneODvOODiOOBr+WHuuWKmzUwMG1B44Gu44Gf44KB44CB5pys6KO95ZOB44G444Gu55uu5a6J5YWF6Zu75pmC6ZaT44Gv57SEOOaZgumWk+OBp+OBmeOAgjxicj7ilqAg5pyA5aSn5Ye65YqbMS41QeOBrumrmOWHuuWKm+ODouODh+ODq+OBp+OBmeOAgjxicj7ilqAg5pys6KO95ZOBKOODkOODg+ODhuODquODvOWuuemHjzMwMDBtQWgp44Gn44K544Oe44O844OI44OV44Kp44Oz44KS57SEMeWbnuWFhembu+WPr+iDveOBp+OBmeOAguKAu+a6gOWFhembu+OCkuOBl+OBn+acrOijveWTgeOCkueUqOOBhOOAgeODkOODg+ODhuODquODvOWuuemHj+OBjOe0hDE4MDBtQWjjga7jgrnjg57jg7zjg4jjg5Xjgqnjg7PjgpLlhYXpm7vjgZnjgovpmpvjga7nm67lronlm57mlbDjgafjgZnjgILlhYXpm7vkuK3jgavpm7vmupDjgYzlhaXjgaPjgZ/jgorjgIHmqZ/lmajjgpLkvb/nlKjjgZfjgabjgYTjgovloLTlkIjjga/oqJjovInjga7mlbDlgKTjgb7jgaflhYXpm7vjgafjgY3jgarjgYTloLTlkIjjgYzjgYLjgorjgb7jgZnjgII8YnI+4pagIOS7mOWxnuOBrlVTQuOCseODvOODluODq+OCkuacrOijveWTgeOBruWFhembu+eUqFVTQihtaWNyby1CKeODneODvOODiOOBq+aOpee2muOBl+OAgeWvvuW/nOOBl+OBn0FD44Ki44OA44OX44K/44Gr5o6l57aa44GZ44KL44GT44Go44Gn5YWF6Zu75Y+v6IO944Gn44GZ44CCPGJyPuKWoCBpUGhvbmXjgavku5jlsZ7jgoLjgZfjgY/jga/lr77lv5zjgZfjgZ9MaWdodG5pbmfjgrHjg7zjg5bjg6vjgpLliKnnlKjjgZnjgovjgZPjgajjgafjgIFpUGhvbmXjgoLlhYXpm7vlj6/og73jgafjgZnjgII8YnI+4pagIOODkOODg+ODhuODquODvOWFqOmdouOBq+izquaEn+OBrumrmOOBhOWFqOmdouOCt+ODnOWKoOW3peOCkuaWveOBl+OBpuOBhOOBvuOBmeOAgjxicj7ilqAg6Zu75rGg5q6L6YeP44GvNOautemajuOBrkxFROODqeODs+ODl+eCueeBr+OBp+eiuuiqjeWPr+iDveOBp+OBmeOAgjxicj7ilqAg57SENTAw5Zue57mw44KK6L+U44GX5L2/55So5Y+v6IO944Gq5YWF6Zu75byP44Oq44OB44Km44Og44Kk44Kq44Oz6Zu75rGg44KS5pCt6LyJ44GX44Gm44GE44G+44GZ44CCPGJyPuKWoCDlhoXolLXjga7lhYXpm7vlvI/jg6rjg4Hjgqbjg6DjgqTjgqrjg7Ppm7vmsaDjga/jgIFKSVMgQzg3MTHjgYrjgojjgbNKSVMgQzg3MTTjgavmupbmi6DjgZfjgZ/lronlhajoqK3oqIjjgafjgZnjgII8YnI+4pagIOmBjuWFhembu+ODu+mBjuaUvumbu+ODu+mBjumbu+Wcp+ODu+mBjumbu+a1gemYsuatouapn+iDveOBiuOCiOOBs+efree1oeS/neitt+apn+iDveOCkuWCmeOBiOOBn+OBguOCk+OBl+OCk+OBruWbnui3r+ioreioiOOBp+OBmeOAgjxicj48YnI+4oC75bel5aC05Ye66I235pmC44GrNzDvvIXnqIvluqblhYXpm7vjgZXjgozjgabjgYTjgb7jgZnjgILlhYXpm7vlvI/jg6rjg4Hjgqbjg6DjgqTjgqrjg7Ppm7vmsaDjga/mmYLplpPjgajjgajjgoLjgavmlL7pm7vjgZnjgovjga7jgafjgIHjgZTkvb/nlKjjgavjgarjgovliY3jgavlhYXpm7vjgZnjgovjgZPjgajjgpLmjqjlpajjgZfjgb7jgZnjgII8YnI+PGJyPuOAkOijveWTgeS7leanmOOAkTxicj7ilqAg5a++5b+c5qmf56iu77yabWljcm8tQuOCs+ODjeOCr+OCv+aQrei8ieOCueODnuODvOODiOODleOCqeODs+OAgeOCv+ODluODrOODg+ODiOOAgeOBiuOCiOOBs2lQaG9uZeOBquOBqeOBrmlPU+err+acq+apn+WZqOKAuzIwMTblubQ25pyI54++5ZyoPGJyPuKWoCDjgrPjg43jgq/jgr/lvaLnirYo6Zu75rqQ5YWl5Yqb5YG0Ke+8mlVTQiBNaWNyby1CIOODoeOCuTxicj7ilqAg5a6a5qC85YWl5Yqb6Zu75Zyn77yaREM1Vjxicj7ilqAg44Kz44ON44Kv44K/5b2i54q2KOmbu+a6kOWHuuWKm+WBtCnvvJpVU0ItQeODoeOCuTxicj7ilqAg5a6a5qC85Ye65Yqb6Zu75Zyn77yaREM1Vjxicj7ilqAg5a6a5qC85Ye65Yqb6Zu75rWB77yaMS41QTxicj7ilqAg6Zu75rGg56iu6aGe77ya5YWF6Zu75byP44Oq44OB44Km44Og44Kk44Kq44Oz6Zu75rGgPGJyPuKWoCDpm7vmsaDlrprmoLzlrrnph4/vvJozMDAwbUFoPGJyPuKWoCDlhYXpm7vmmYLplpPvvJoyLjXmmYLplpMgMS41QeOBrkFD5YWF6Zu75Zmo5L2/55So5pmCPGJyPuKWoCDlpJYww5cyNm1tPGJyPuKWoCDjgrHjg7zjg5bjg6vplbfvvJoxMGNtPGJyPuKWoCDph43ph4/vvJo3OGc8YnI+4pagIOOBj+OCiui/lOOBl+S9v+eUqOWbnuaVsO+8mjUwMOWbnjxicj7ilqAg5LuY5bGe5ZOB77yaVVNC44Kx44O844OW44OrKFVTQi1B44Kq44K5LU1pY3JvLULjgqrjgrkpPGJyPuKWoCDnkrDlooPphY3mha7kuovpoIXvvJrkvb/nlKjmuKnluqYgMO+9njQw4oSDPGJyPuKWoCDkv53oqLzmnJ/plpPvvJo244O25pyIPGJyPuKWoCDjgZ3jga7ku5bvvJppT1Pnq6/mnKvjgafkvb/nlKjjgZnjgovloLTlkIjjga/liKXpgJRpT1PnlKjjgrHjg7zjg5bjg6vjgpLjgZTnlKjmhI/jgY/jgaDjgZXjgYTjgJDjgJDjgJDjgJA8YnI+PGJyPjwvZm9udD48L3RkPjwvdHI+PC90YWJsZT48c3R5bGUgdHlwZT0idGV4dC9jc3MiPgo8IS0tCi5yYWt1dGVuLWNhbXAgewoJd2lkdGg6IDcyNXB4OwoJYm9yZGVyOiAycHggc29saWQgIzMzOTlGRjsKCXBhZGRpbmctdG9wOiA1cHg7CgktbW96LWJvcmRlci1yYWRpdXM6NHB4OyAvKkZpcmVmb3gqLwoJLXdlYmtpdC1ib3JkZXItcmFkaXVzOiA0cHg7IC8qU2FmYXJpLENocm9tZSovCglib3JkZXItcmFkaXVzOjRweDsgLypPcGVyYSxDaHJvbWUqLwoJbWFyZ2luOjAgMTBweCAxMHB4IDA7Cn0KCi8qIOS+oeagvOOBq+aeoOe3muOBjOOBpOOBjyAqLwp0YWJsZSNyYWt1dGVuTGltaXRlZElkX2NhcnQgewogICAgYmFja2dyb3VuZC1jb2xvcjogI2Y4ZjhmODsKICAgIGJvcmRlcjogMXB4IHNvbGlkICNkZGQ7CiAgICBwYWRkaW5nOiA4cHg7CiAgICBtYXJnaW46IDE2cHggMDsKfQoKc3Bhbi5wcmljZTEgewogICAgY29sb3I6ICMzMzMgIWltcG9ydGFudDsKICAgIGZvbnQtd2VpZ2h0OiBib2xkOwogICAgZm9udC1zaXplOiA4MCUgIWltcG9ydGFudDsKICAgIGxpbmUtaGVpZ2h0OiAzMHB4OwogICAgZGlzcGxheTogaW5saW5lLWJsb2NrOwogICAgbWFyZ2luLXJpZ2h0OiAxNnB4Owp9CgotLT4KPC9zdHlsZT4KCjwhLS3jg5Djg4rjg7zjgqjjg6rjgqItLT4KCjwhLS3jgJDmtojjgZnjgarvvIHjgJHimIXimIXimIUgaGVpZ2h0PSIzODAiIOOBp+ioreWumuOBl+OBpuOBj+OBoOOBleOBhOOAguKYheKYheKYhS0tPgo8IS0t44OQ44OK44O844Ko44Oq44Ki44GT44GT44G+44GnLS0+Cgo8IS0t5qW95aSp44Kt44Oj44Oz44Oa44O844OzLS0+Cgo8aDIgc3R5bGU9Im1hcmdpbjoyMHB4IDAgMTBweCAwOyI+PGltZyBzcmM9Imh0dHA6Ly93d3cucmFrdXRlbi5uZS5qcC9nb2xkL2FraWJhbWFjL2ZyYW1lL2ltYWdlcy9yYWt1dGVuX3RpdGxlMi5naWYiIGFsdD0i5qW95aSp5biC5aC044Gu44GK5b6X44Gq44Kt44Oj44Oz44Oa44O844OzIiB3aWR0aD0iNzMwIiBoZWlnaHQ9IjQyIiBib3JkZXI9IjAiPjwvaDI+CjxkaXYgY2xhc3M9InJha3V0ZW4tY2FtcCIgc3R5bGU9Im1hcmdpbjowIDAgMCAwOyI+CgoKPCEtLealveWkqeOCreODo+ODs+ODmuODvOODs0DjgZPjgZPjgb7jgactLT4=,44Ko44Os44Kz44Og44K544Oe44O844OI44OV44Kp44Oz55So77y7VVNCIG1pY3JvQu+8j1VTQue1pumbu++8vSBVU0Ljg6Ljg5DjgqTjg6vjg5Djg4Pjg4bjg6rjg7wg77yLVVNCIG1pY3JvQuOCseODvOODluODqyAxMGNtIO+8iDMwMDBtQWjjg7vjg5vjg6/jgqTjg4jvvIkgREUtTTA0TDMwMTVXSCAoREVNMDRMMzAxNVdIKe+8muOCveODleODnuODg+ODl+OAgOODh+OCuOOCv+ODq+OCs+ODrOOCr+OCt+ODp+ODsw==,44K944OV44Oe44OD44OXIOODh+OCuOOCv+ODq+OCs+ODrOOCr+OCt+ODp+ODs1NvZm1hcCBEaWdpdGFsIENvbGxlY3Rpb27jg5Hjgr3jgrPjg7Pjgr/jg5bjg6zjg4Pjg4hQQ0hEROOCouOCu+ODs+ODluODquODkeODvOODhOODkeOCveOCs+ODs+ODkeODvOODhOODhuODrOODk+OCsuODvOODoOODluODq+ODvOODrOOCpOOCveODleODiERWROOCveODleODiOa2suaZtuODhuODrOODk+ODluODq+ODvOODrOOCpOODh+OCo+OCueOCr+ODrOOCs+ODvOODgOODvOODh+OCuOOCv+ODq+S4gOecvOODrOODleOCq+ODoeODqeODh+OCuOOCv+ODq+OCq+ODoeODqeWutumbu+aZguioiOS4reWPpOOAgOOCveODleODiOOCouOCpuODiOODrOODg+ODiOS4reWPpOODjuODvOODiOODkeOCveOCs+ODs+S4reWPpOODkeOCveOCs+ODs+OCqOODrOOCs+ODoOOCueODnuODvOODiOODleOCqeODs+eUqO+8u1VTQiBtaWNyb0LvvI9VU0Lntabpm7vvvL0gVVNC44Oi44OQ44Kk44Or44OQ44OD44OG44Oq44O8IO+8i1VTQiBtaWNyb0LjgrHjg7zjg5bjg6sgMTBjbSDvvIgzMDAwbUFo44O744Ob44Ov44Kk44OI77yJIERFLU0wNEwzMDE1V0ggKERFTTA0TDMwMTVXSCk=,44Ko44Os44Kz44Og44K544Oe44O844OI44OV44Kp44Oz55So77y7VVNCIG1pY3JvQu+8j1VTQue1pumbu++8vSBVU0Ljg6Ljg5DjgqTjg6vjg5Djg4Pjg4bjg6rjg7wg77yLVVNCIG1pY3JvQuOCseODvOODluODqyAxMGNtIO+8iDMwMDBtQWjjg7vjg5vjg6/jgqTjg4jvvIkgREUtTTA0TDMwMTVXSCAoREVNMDRMMzAxNVdIKQ==[rn]
3-47073,aHR0cDovL3RzaG9wLnIxMHMuanAvYWtpYmFtYWMvY2FiaW5ldC8wNTA1MDczOS8wODg5MzQ5MjQ0MTgwLmpwZz9maXRpbj03MDA6NzAw,MTgwNjQuMDAwMA==,,44K544Oe44O844OI44OV44Kp44Oz44O744K/44OW44Os44OD44OIID4g44OQ44OD44OG44Oq44O844O75YWF6Zu75ZmoID4g44Oi44OQ44Kk44Or44OQ44OD44OG44Oq44O8,44CQ6YCB5paZ54Sh5paZ44CRQVNVUyjjgqjjgqTjgrnjg7zjgrkp44K/44OW44Os44OD44OI77yP44K544Oe44O844OI44OV44Kp44Oz5a++5b+c77y7bWljcm8gVVNC77y9IFVTQuODouODkOOCpOODq+ODkOODg+ODhuODquODvCDvvIttaWNybyBVU0LjgrHjg7zjg5bjg6sgMi40QSDvvIgyNjgwMG1BaOODuzPjg53jg7zjg4jjg7vjg5bjg6njg4Pjgq/vvIkgOTBBQzAwVTAtQkJUMDA1ICg5MEFDMDBVMEJCVDAwNSk=,,PHRhYmxlIGJvcmRlcj0iMCIgY2VsbHBhZGRpbmc9IjAiIGNlbGxzcGFjaW5nPSIwIiB3aWR0aD0iNzEwIiBzdHlsZT0ibGluZS1oZWlnaHQ6MTQwJTsiPjx0cj48dGQ+PGZvbnQgc2l6ZT0iMiI+5aSn5a656YePMjY4MDBtQWjjg6Ljg5DjgqTjg6vjg5Djg4Pjg4bjg6rjg7w8YnI+PGJyPuKAuyBtaWNybyBVU0Lku6XlpJbjga/jgIHliKXpgJRVU0LlhYXpm7vjgrHjg7zjg5bjg6vjgYzlv4XopoHjgavjgarjgorjgb7jgZnjgII8YnI+4oC7IDPjg53jg7zjg4jlkIzmmYLlhYXpm7vjga7pmpvjga/jgIHliKXpgJRVU0LlhYXpm7vjgrHjg7zjg5bjg6vjgYzlv4XopoHjgavjgarjgorjgb7jgZnjgII8YnI+PGJyPuOAkOijveWTgeS7leanmOOAkTxicj7ilqDjgrXjgqTjgrrvvJoyMjIuNW1tw5c0Mm1tw5c0Mm1tPGJyPuKWoOmHjemHj++8mue0hDU3MGc8YnI+4pag5LuY5bGe5ZOB77yaREPjgrjjg6Pjg4Pjgq8tVVNCIFR5cGUtQ+OCseODvOODluODq+OAgTMzV+mbu+a6kOOCouODgOODl+OCv+ODvOOAgW1pY3JvVVNCLVVTQuOCseODvOODluODq+OAgURD6Zu75rqQ44CB44Kz44ON44Kv44K/44O844CBVVNCIFR5cGUtQy1VU0IgVHlwZS1D44Kx44O844OW44Or44CB44OI44Op44OZ44Or44Od44O844OBPGJyPuKWoOOBneOBruS7liDjgrvjg6vlrrnph4/vvJpEQyAxNC40ViAvIDI2ODAwbUFoPGJyPuKWoOS9juagvOWuuemHj++8mkRDIDVWIC8gMTUxMDBtQWg8YnI+4pag5YWF6Zu75rip5bqm77yaMCDvvZ4gMzXihIM8YnI+4pag5YWF6Zu75pmC6ZaT77ya57SENS415pmC6ZaTICjmqJnmupbjgrHjg7zjg5bjg6vkvb/nlKgpPGJyPuKWoOWFpeWKm++8mkRDIDE5VuOAgTEuNzVBPGJyPuKWoOWHuuWKm+OAgCjjg53jg7zjg4gxKzIp77yaREMgNVbjgIEyLjRBKOacgOWkpykvOVbjgIEyQS8xMlbjgIExLjVBPGJyPuKWoOWHuuWKm+OAgCjjg53jg7zjg4gzKe+8mkRDIDVW44CBM0Eo5pyA5aSnKS85VuOAgTNBLzEyVuOAgTNBLzIwVuOAgTNBPGJyPuKWoOWHuuWKm++8mjYwVyAo5pyA5aSnKTxicj48YnI+PC9mb250PjwvdGQ+PC90cj48L3RhYmxlPjx0YWJsZSBjZWxsc3BhY2luZz0iMCIgY2VsbHBhZGRpbmc9IjQiIGJvcmRlcj0iMSIgd2lkdGg9IjcxMCIgYm9yZGVyY29sb3I9IiNjY2NjY2MiPjx0cj48dGQgd2lkdGg9IjE4MCIgYmdjb2xvcj0iI2VmZWZlZiI+PGZvbnQgc2l6ZT0iMiI+5o6l57aa56uv5a2QPC9mb250PjwvdGQ+PHRkIHdpZHRoPSI1MzAiPjxmb250IHNpemU9IjIiPm1pY3JvIFVTQu+8j1VTQue1pumbuzwvZm9udD48L3RkPjwvdHI+PHRyPjx0ZCB3aWR0aD0iMTgwIiBiZ2NvbG9yPSIjZWZlZmVmIj48Zm9udCBzaXplPSIyIj7oibI8L2ZvbnQ+PC90ZD48dGQgd2lkdGg9IjUzMCI+PGZvbnQgc2l6ZT0iMiI+44OW44Op44OD44Kv57O7PC9mb250PjwvdGQ+PC90cj48dHI+PHRkIHdpZHRoPSIxODAiIGJnY29sb3I9IiNlZmVmZWYiPjxmb250IHNpemU9IjIiPuODneODvOODiOaVsDwvZm9udD48L3RkPjx0ZCB3aWR0aD0iNTMwIj48Zm9udCBzaXplPSIyIj4z44Od44O844OIPC9mb250PjwvdGQ+PC90cj48L3RhYmxlPjxzdHlsZSB0eXBlPSJ0ZXh0L2NzcyI+CjwhLS0KLnJha3V0ZW4tY2FtcCB7Cgl3aWR0aDogNzI1cHg7Cglib3JkZXI6IDJweCBzb2xpZCAjMzM5OUZGOwoJcGFkZGluZy10b3A6IDVweDsKCS1tb3otYm9yZGVyLXJhZGl1czo0cHg7IC8qRmlyZWZveCovCgktd2Via2l0LWJvcmRlci1yYWRpdXM6IDRweDsgLypTYWZhcmksQ2hyb21lKi8KCWJvcmRlci1yYWRpdXM6NHB4OyAvKk9wZXJhLENocm9tZSovCgltYXJnaW46MCAxMHB4IDEwcHggMDsKfQoKLyog5L6h5qC844Gr5p6g57ea44GM44Gk44GPICovCnRhYmxlI3Jha3V0ZW5MaW1pdGVkSWRfY2FydCB7CiAgICBiYWNrZ3JvdW5kLWNvbG9yOiAjZjhmOGY4OwogICAgYm9yZGVyOiAxcHggc29saWQgI2RkZDsKICAgIHBhZGRpbmc6IDhweDsKICAgIG1hcmdpbjogMTZweCAwOwp9CgpzcGFuLnByaWNlMSB7CiAgICBjb2xvcjogIzMzMyAhaW1wb3J0YW50OwogICAgZm9udC13ZWlnaHQ6IGJvbGQ7CiAgICBmb250LXNpemU6IDgwJSAhaW1wb3J0YW50OwogICAgbGluZS1oZWlnaHQ6IDMwcHg7CiAgICBkaXNwbGF5OiBpbmxpbmUtYmxvY2s7CiAgICBtYXJnaW4tcmlnaHQ6IDE2cHg7Cn0KCi0tPgo8L3N0eWxlPgoKPCEtLeODkOODiuODvOOCqOODquOCoi0tPgoKPCEtLeOAkOa2iOOBmeOBqu+8geOAkeKYheKYheKYhSBoZWlnaHQ9IjM4MCIg44Gn6Kit5a6a44GX44Gm44GP44Gg44GV44GE44CC4piF4piF4piFLS0+CjwhLS3jg5Djg4rjg7zjgqjjg6rjgqLjgZPjgZPjgb7jgactLT4KCjwhLS3mpb3lpKnjgq3jg6Pjg7Pjg5rjg7zjg7MtLT4KCjxoMiBzdHlsZT0ibWFyZ2luOjIwcHggMCAxMHB4IDA7Ij48aW1nIHNyYz0iaHR0cDovL3d3dy5yYWt1dGVuLm5lLmpwL2dvbGQvYWtpYmFtYWMvZnJhbWUvaW1hZ2VzL3Jha3V0ZW5fdGl0bGUyLmdpZiIgYWx0PSLmpb3lpKnluILloLTjga7jgYrlvpfjgarjgq3jg6Pjg7Pjg5rjg7zjg7MiIHdpZHRoPSI3MzAiIGhlaWdodD0iNDIiIGJvcmRlcj0iMCI+PC9oMj4KPGRpdiBjbGFzcz0icmFrdXRlbi1jYW1wIiBzdHlsZT0ibWFyZ2luOjAgMCAwIDA7Ij4KCgo8IS0t5qW95aSp44Kt44Oj44Oz44Oa44O844OzQOOBk+OBk+OBvuOBpy0tPg==,44CQ6YCB5paZ54Sh5paZ44CRQVNVUyjjgqjjgqTjgrnjg7zjgrkp44K/44OW44Os44OD44OI77yP44K544Oe44O844OI44OV44Kp44Oz5a++5b+c77y7bWljcm8gVVNC77y9IFVTQuODouODkOOCpOODq+ODkOODg+ODhuODquODvCDvvIttaWNybyBVU0LjgrHjg7zjg5bjg6sgMi40QSDvvIgyNjgwMG1BaOODuzPjg53jg7zjg4jjg7vjg5bjg6njg4Pjgq/vvIkgOTBBQzAwVTAtQkJUMDA1ICg5MEFDMDBVMEJCVDAwNSnvvJrjgr3jg5Xjg57jg4Pjg5fjgIDjg4fjgrjjgr/jg6vjgrPjg6zjgq/jgrfjg6fjg7M=,44K944OV44Oe44OD44OXIOODh+OCuOOCv+ODq+OCs+ODrOOCr+OCt+ODp+ODs1NvZm1hcCBEaWdpdGFsIENvbGxlY3Rpb27jg5Hjgr3jgrPjg7Pjgr/jg5bjg6zjg4Pjg4hQQ0hEROOCouOCu+ODs+ODluODquODkeODvOODhOODkeOCveOCs+ODs+ODkeODvOODhOODhuODrOODk+OCsuODvOODoOODluODq+ODvOODrOOCpOOCveODleODiERWROOCveODleODiOa2suaZtuODhuODrOODk+ODluODq+ODvOODrOOCpOODh+OCo+OCueOCr+ODrOOCs+ODvOODgOODvOODh+OCuOOCv+ODq+S4gOecvOODrOODleOCq+ODoeODqeODh+OCuOOCv+ODq+OCq+ODoeODqeWutumbu+aZguioiOS4reWPpOOAgOOCveODleODiOOCouOCpuODiOODrOODg+ODiOS4reWPpOODjuODvOODiOODkeOCveOCs+ODs+S4reWPpOODkeOCveOCs+ODs+OAkOmAgeaWmeeEoeaWmeOAkUFTVVMo44Ko44Kk44K544O844K5KeOCv+ODluODrOODg+ODiO+8j+OCueODnuODvOODiOODleOCqeODs+WvvuW/nO+8u21pY3JvIFVTQu+8vSBVU0Ljg6Ljg5DjgqTjg6vjg5Djg4Pjg4bjg6rjg7wg77yLbWljcm8gVVNC44Kx44O844OW44OrIDIuNEEg77yIMjY4MDBtQWjjg7sz44Od44O844OI44O744OW44Op44OD44Kv77yJIDkwQUMwMFUwLUJCVDAwNSAoOTBBQzAwVTBCQlQwMDUp,44CQ6YCB5paZ54Sh5paZ44CRQVNVUyjjgqjjgqTjgrnjg7zjgrkp44K/44OW44Os44OD44OI77yP44K544Oe44O844OI44OV44Kp44Oz5a++5b+c77y7bWljcm8gVVNC77y9IFVTQuODouODkOOCpOODq+ODkOODg+ODhuODquODvCDvvIttaWNybyBVU0LjgrHjg7zjg5bjg6sgMi40QSDvvIgyNjgwMG1BaOODuzPjg53jg7zjg4jjg7vjg5bjg6njg4Pjgq/vvIkgOTBBQzAwVTAtQkJUMDA1ICg5MEFDMDBVMEJCVDAwNSk=[rn]
3-47074,aHR0cDovL3RzaG9wLnIxMHMuanAvYWtpYmFtYWMvY2FiaW5ldC8wMzk1NDQ5MC9ub3dfcHJpbnRpbmcuZ2lmP2ZpdGluPTcwMDo3MDA=,MTUyMC4wMDAw,,44K544Oe44O844OI44OV44Kp44Oz44O744K/44OW44Os44OD44OIID4g44OQ44OD44OG44Oq44O844O75YWF6Zu75ZmoID4g44Oi44OQ44Kk44Or44OQ44OD44OG44Oq44O8,44Ko44Os44Kz44Og44K/44OW44Os44OD44OI77yP44K544Oe44O844OI44OV44Kp44Oz5a++5b+c77y7VVNCIG1pY3JvQu+8vSBVU0Ljg6Ljg5DjgqTjg6vjg5Djg4Pjg4bjg6rjg7wg77yLVVNCIG1pY3JvQuOCseODvOODluODqyAxMGNtIDMuMEEg77yINjAwMG1BaOODuzLjg53jg7zjg4jjg7vjg5vjg6/jgqTjg4jvvIlERS1NMDFMNjAzMFdIIChERU0wMUw2MDMwV0gp,,PHRhYmxlIGJvcmRlcj0iMCIgY2VsbHBhZGRpbmc9IjAiIGNlbGxzcGFjaW5nPSIwIiB3aWR0aD0iNzEwIiBzdHlsZT0ibGluZS1oZWlnaHQ6MTQwJTsiPjx0cj48dGQ+PGZvbnQgc2l6ZT0iMiI+PGJyPuOAlOOCv+ODluODrOODg+ODiO+8j+OCueODnuODvOODiOODleOCqeODs+WvvuW/nO+8u1VTQiBtaWNyb0LvvI9VU0Lntabpm7vvvL3vvJrjg6Ljg5DjgqTjg6vjg5Djg4Pjg4bjg6rjg7zvvIhVU0Lok4Tpm7vvvInvvItVU0IgbWljcm9C44Kx44O844OW44OrIOWFhembu+OAlTxicj7jgrnjg57jg7zjg4jjg5Xjgqnjg7Pjg7vjgr/jg5bjg6zjg4Pjg4jjgajjg6Ljg5DjgqTjg6vjg5Djg4Pjg4bjg6rjg7zjgpLjgb7jgajjgoHjgablhYXpm7vjgafjgY3jgosh5oyB44Gh6YGL44Gz44Gr5L6/5Yip44Gq44Kz44Oz44OR44Kv44OI44K/44Kk44OX44Gu44K544Oe44O844OI44OV44Kp44Oz44O744K/44OW44Os44OD44OI55So44Oi44OQ44Kk44Or44OQ44OD44OG44Oq44O844CCPGJyPuKWoCDjgrnjg6rjg6DoqK3oqIjjgafjgqvjg5Djg7Pjgarjganjga7pmpnplpPjgavlhaXjgozjgoTjgZnjgY/jgIHmjIHjgaHpgYvjgbPjgavkvr/liKnjgarjgrPjg7Pjg5Hjgq/jg4jjgr/jgqTjg5fjga7jgrnjg57jg7zjg4jjg5Xjgqnjg7Pjg7vjgr/jg5bjg6zjg4Pjg4jnlKjjg6Ljg5DjgqTjg6vjg5Djg4Pjg4bjg6rjg7zjgafjgZnjgII8YnI+4pagIOacrOS9k+WFhembu+eUqOOCseODvOODluODq+OCkuaOpee2muOBl+OBn+OBvuOBvuOBp+OAgeOCueODnuODvOODiOODleOCqeODs+OChOOCv+ODluODrOODg+ODiOOBqOODouODkOOCpOODq+ODkOODg+ODhuODquODvOOCkuWFhembu+OBp+OBjeOCi+OAjOOBvuOBqOOCgeOBpuWFhembu+OAjeOBq+WvvuW/nOOBl+OBpuOBhOOBvuOBmeOAgjxicj7igLvjg6Ljg5DjgqTjg6vjg5Djg4Pjg4bjg6rjg7zmnKzkvZPjga7pm7vmsaDmrovph4/jgYww77yF44Gr44Gq44Gj44Gf5aC05ZCI44CB44Oi44OQ44Kk44Or44OQ44OD44OG44Oq44O85pys5L2T44G444Gu5YWF6Zu744GM5YSq5YWI44GV44KM44CB5rqA5YWF6Zu744Gu5b6M44CB44K544Oe44O844OI44OV44Kp44Oz44O744K/44OW44Os44OD44OI44G444Gu57Wm6Zu744KS6ZaL5aeL44GX44G+44GZ44CCPGJyPuKWoCDjg6Ljg5DjgqTjg6vjg5Djg4Pjg4bjg6rjg7zmnKzkvZPjgpLntIQzLjjmmYLplpPjgaflhYXpm7vjgafjgY3jgIHjg4Hjg6Pjg7zjgrjmmYLplpPjgpLlpKfluYXjgavnn63nuK7jgZnjgovjgZPjgajjgYzjgafjgY3jgb7jgZnjgILigLvlh7rlipsxLjhB5Lul5LiK44GuQUPjgqLjg4Djg5fjgr/kvb/nlKjmmYLjgII8YnI+4pagIOODkeOCveOCs+ODs+OBrlVTQuODneODvOODiOOBq+aOpee2muOBmeOCi+OBk+OBqOOBp+OCguWFhembu+WPr+iDveOBp+OBmeOAguKAu+ODkeOCveOCs+ODs+OBrlVTQuODneODvOODiOOBr+WHuuWKmzUwMG1B44Gu44Gf44KB44CB5pys6KO95ZOB44G444Gu55uu5a6J5YWF6Zu75pmC6ZaT44Gv57SEMTPmmYLplpPjgafjgZnjgII8YnI+4pagIFVTQuODneODvOODiOOCkjLjg53jg7zjg4jmkK3ovInjgZfjgabjgYrjgorjgIEx44Od44O844OI44GC44Gf44KK5pyA5aSnMS41QeOAgTLjg53jg7zjg4jlkIjoqIgzQeOBruWHuuWKm+OBjOWPr+iDveOBqumrmOWHuuWKm+ODouODh+ODq+OBp+OBmeOAgjxicj7ilqAg5pys6KO95ZOBKOODkOODg+ODhuODquODvOWuuemHjzYwMDBtQWgp44Gn44K544Oe44O844OI44OV44Kp44Oz44KS57SEMuWbnuWFhembu+WPr+iDveOBp+OBmeOAguKAu+a6gOWFhembu+OCkuOBl+OBn+acrOijveWTgeOCkueUqOOBhOOAgeODkOODg+ODhuODquODvOWuuemHj+OBjOe0hDE4MDBtQWjjga7jgrnjg57jg7zjg4jjg5Xjgqnjg7PjgpLlhYXpm7vjgZnjgovpmpvjga7nm67lronlm57mlbDjgafjgZnjgILlhYXpm7vkuK3jgavpm7vmupDjgYzlhaXjgaPjgZ/jgorjgIHmqZ/lmajjgpLkvb/nlKjjgZfjgabjgYTjgovloLTlkIjjga/oqJjovInjga7mlbDlgKTjgb7jgaflhYXpm7vjgafjgY3jgarjgYTloLTlkIjjgYzjgYLjgorjgb7jgZnjgII8YnI+4pagIOS7mOWxnuOBrlVTQuOCseODvOODluODq+OCkuacrOijveWTgeOBruWFhembu+eUqFVTQihtaWNyby1CKeODneODvOODiOOBq+aOpee2muOBl+OAgeWvvuW/nOOBl+OBn0FD44Ki44OA44OX44K/44Gr5o6l57aa44GZ44KL44GT44Go44Gn5YWF6Zu75Y+v6IO944Gn44GZ44CCPGJyPuKWoCBpUGhvbmXjgavku5jlsZ7jgoLjgZfjgY/jga/lr77lv5zjgZfjgZ9MaWdodG5pbmfjgrHjg7zjg5bjg6vjgpLliKnnlKjjgZnjgovjgZPjgajjgafjgIFpUGhvbmXjgoLlhYXpm7vlj6/og73jgafjgZnjgII8YnI+4pagIOODkOODg+ODhuODquODvOWFqOmdouOBq+izquaEn+OBrumrmOOBhOWFqOmdouOCt+ODnOWKoOW3peOCkuaWveOBl+OBpuOBhOOBvuOBmeOAgjxicj7ilqAg6Zu75rGg5q6L6YeP44GvNOautemajuOBrkxFROODqeODs+ODl+eCueeBr+OBp+eiuuiqjeWPr+iDveOBp+OBmeOAgjxicj7ilqAg57SENTAw5Zue57mw44KK6L+U44GX5L2/55So5Y+v6IO944Gq5YWF6Zu75byP44Oq44OB44Km44Og44Kk44Kq44Oz6Zu75rGg44KS5pCt6LyJ44GX44Gm44GE44G+44GZ44CCPGJyPuKWoCDlhoXolLXjga7lhYXpm7vlvI/jg6rjg4Hjgqbjg6DjgqTjgqrjg7Ppm7vmsaDjga/jgIFKSVMgQzg3MTHjgYrjgojjgbNKSVMgQzg3MTTjgavmupbmi6DjgZfjgZ/lronlhajoqK3oqIjjgafjgZnjgII8YnI+4pagIOmBjuWFhembu+ODu+mBjuaUvumbu+ODu+mBjumbu+Wcp+ODu+mBjumbu+a1gemYsuatouapn+iDveOBiuOCiOOBs+efree1oeS/neitt+apn+iDveOCkuWCmeOBiOOBn+OBguOCk+OBl+OCk+OBruWbnui3r+ioreioiOOBp+OBmeOAgjxicj7igLvlt6XloLTlh7rojbfmmYLjgas3MO+8heeoi+W6puWFhembu+OBleOCjOOBpuOBhOOBvuOBmeOAguWFhembu+W8j+ODquODgeOCpuODoOOCpOOCquODs+mbu+axoOOBr+aZgumWk+OBqOOBqOOCguOBq+aUvumbu+OBmeOCi+OBruOBp+OAgeOBlOS9v+eUqOOBq+OBquOCi+WJjeOBq+WFhembu+OBmeOCi+OBk+OBqOOCkuaOqOWlqOOBl+OBvuOBmeOAgjxicj7jgJDoo73lk4Hku5Xmp5jjgJE8YnI+4pagIOWvvuW/nOapn+eoru+8mm1pY3JvLULjgrPjg43jgq/jgr/mkK3ovInjgrnjg57jg7zjg4jjg5Xjgqnjg7PjgIHjgr/jg5bjg6zjg4Pjg4jjgIHjgYrjgojjgbNpUGhvbmXjgarjganjga5pT1Pnq6/mnKvmqZ/lmajigLsyMDE25bm0NuaciOePvuWcqDxicj7ilqAg44Kz44ON44Kv44K/5b2i54q2KOmbu+a6kOWFpeWKm+WBtCnvvJpVU0IgTWljcm8tQiDjg6Hjgrk8YnI+4pagIOWumuagvOWFpeWKm+mbu+Wcp++8mkRDNVY8YnI+4pagIOOCs+ODjeOCr+OCv+W9oueKtijpm7vmupDlh7rlipvlgbQp77yaVVNCLUHjg6Hjgrk8YnI+4pagIOWumuagvOWHuuWKm+mbu+Wcp++8mkRDNVY8YnI+4pagIOWumuagvOWHuuWKm+mbu+a1ge+8mjMuMEEo5ZCI6KiI5pyA5aSn44CBMeODneODvOODiOacgOWkpzIuMEEpPGJyPuKWoCDpm7vmsaDnqK7poZ7vvJrlhYXpm7vlvI/jg6rjg4Hjgqbjg6DjgqTjgqrjg7Ppm7vmsaA8YnI+4pagIOmbu+axoOWumuagvOWuuemHj++8mjYwMDBtQWg8YnI+4pagIOWFhembu+aZgumWk++8mjMuOOaZgumWkyAxLjhB44GuQUPlhYXpm7vlmajkvb/nlKjmmYI8YnI+4pagIOWkluW9ouWvuOazle+8mjQ1w5c5MMOXMjZtbTxicj7ilqAg44Kx44O844OW44Or6ZW377yaMTBjbTxicj7ilqAg6YeN6YeP77yaMTMxZzxicj7ilqAg44GP44KK6L+U44GX5L2/55So5Zue5pWw77yaNTAw5ZuePGJyPuKWoCDku5jlsZ7lk4HvvJpVU0LjgrHjg7zjg5bjg6soVVNCLUHjgqrjgrktTWljcm8tQuOCquOCuSk8YnI+4pagIOeSsOWig+mFjeaFruS6i+mghe+8muS9v+eUqOa4qeW6piAw772eNDDihIM8YnI+4pagIOS/neiovOacn+mWk++8mjbjg7bmnIg8YnI+4pagIOOBneOBruS7lu+8mmlPU+err+acq+OBp+S9v+eUqOOBmeOCi+WgtOWQiOOBr+WIpemAlGlPU+eUqOOCseODvOODluODq+OCkuOBlOeUqOaEj+OBj+OBoOOBleOBhDxicj48L2ZvbnQ+PC90ZD48L3RyPjwvdGFibGU+PHN0eWxlIHR5cGU9InRleHQvY3NzIj4KPCEtLQoucmFrdXRlbi1jYW1wIHsKCXdpZHRoOiA3MjVweDsKCWJvcmRlcjogMnB4IHNvbGlkICMzMzk5RkY7CglwYWRkaW5nLXRvcDogNXB4OwoJLW1vei1ib3JkZXItcmFkaXVzOjRweDsgLypGaXJlZm94Ki8KCS13ZWJraXQtYm9yZGVyLXJhZGl1czogNHB4OyAvKlNhZmFyaSxDaHJvbWUqLwoJYm9yZGVyLXJhZGl1czo0cHg7IC8qT3BlcmEsQ2hyb21lKi8KCW1hcmdpbjowIDEwcHggMTBweCAwOwp9CgovKiDkvqHmoLzjgavmnqDnt5rjgYzjgaTjgY8gKi8KdGFibGUjcmFrdXRlbkxpbWl0ZWRJZF9jYXJ0IHsKICAgIGJhY2tncm91bmQtY29sb3I6ICNmOGY4Zjg7CiAgICBib3JkZXI6IDFweCBzb2xpZCAjZGRkOwogICAgcGFkZGluZzogOHB4OwogICAgbWFyZ2luOiAxNnB4IDA7Cn0KCnNwYW4ucHJpY2UxIHsKICAgIGNvbG9yOiAjMzMzICFpbXBvcnRhbnQ7CiAgICBmb250LXdlaWdodDogYm9sZDsKICAgIGZvbnQtc2l6ZTogODAlICFpbXBvcnRhbnQ7CiAgICBsaW5lLWhlaWdodDogMzBweDsKICAgIGRpc3BsYXk6IGlubGluZS1ibG9jazsKICAgIG1hcmdpbi1yaWdodDogMTZweDsKfQoKLS0+Cjwvc3R5bGU+Cgo8IS0t44OQ44OK44O844Ko44Oq44KiLS0+Cgo8IS0t44CQ5raI44GZ44Gq77yB44CR4piF4piF4piFIGhlaWdodD0iMzgwIiDjgafoqK3lrprjgZfjgabjgY/jgaDjgZXjgYTjgILimIXimIXimIUtLT4KPCEtLeODkOODiuODvOOCqOODquOCouOBk+OBk+OBvuOBpy0tPgoKPCEtLealveWkqeOCreODo+ODs+ODmuODvOODsy0tPgoKPGgyIHN0eWxlPSJtYXJnaW46MjBweCAwIDEwcHggMDsiPjxpbWcgc3JjPSJodHRwOi8vd3d3LnJha3V0ZW4ubmUuanAvZ29sZC9ha2liYW1hYy9mcmFtZS9pbWFnZXMvcmFrdXRlbl90aXRsZTIuZ2lmIiBhbHQ9IualveWkqeW4guWgtOOBruOBiuW+l+OBquOCreODo+ODs+ODmuODvOODsyIgd2lkdGg9IjczMCIgaGVpZ2h0PSI0MiIgYm9yZGVyPSIwIj48L2gyPgo8ZGl2IGNsYXNzPSJyYWt1dGVuLWNhbXAiIHN0eWxlPSJtYXJnaW46MCAwIDAgMDsiPgoKCjwhLS3mpb3lpKnjgq3jg6Pjg7Pjg5rjg7zjg7NA44GT44GT44G+44GnLS0+,44Ko44Os44Kz44Og44K/44OW44Os44OD44OI77yP44K544Oe44O844OI44OV44Kp44Oz5a++5b+c77y7VVNCIG1pY3JvQu+8vSBVU0Ljg6Ljg5DjgqTjg6vjg5Djg4Pjg4bjg6rjg7wg77yLVVNCIG1pY3JvQuOCseODvOODluODqyAxMGNtIDMuMEEg77yINjAwMG1BaOODuzLjg53jg7zjg4jjg7vjg5vjg6/jgqTjg4jvvIlERS1NMDFMNjAzMFdIIChERU0wMUw2MDMwV0gp77ya44K944OV44Oe44OD44OX44CA44OH44K444K/44Or44Kz44Os44Kv44K344On44Oz,44K944OV44Oe44OD44OXIOODh+OCuOOCv+ODq+OCs+ODrOOCr+OCt+ODp+ODs1NvZm1hcCBEaWdpdGFsIENvbGxlY3Rpb27jg5Hjgr3jgrPjg7Pjgr/jg5bjg6zjg4Pjg4hQQ0hEROOCouOCu+ODs+ODluODquODkeODvOODhOODkeOCveOCs+ODs+ODkeODvOODhOODhuODrOODk+OCsuODvOODoOODluODq+ODvOODrOOCpOOCveODleODiERWROOCveODleODiOa2suaZtuODhuODrOODk+ODluODq+ODvOODrOOCpOODh+OCo+OCueOCr+ODrOOCs+ODvOODgOODvOODh+OCuOOCv+ODq+S4gOecvOODrOODleOCq+ODoeODqeODh+OCuOOCv+ODq+OCq+ODoeODqeWutumbu+aZguioiOS4reWPpOOAgOOCveODleODiOOCouOCpuODiOODrOODg+ODiOS4reWPpOODjuODvOODiOODkeOCveOCs+ODs+S4reWPpOODkeOCveOCs+ODs+OCqOODrOOCs+ODoOOCv+ODluODrOODg+ODiO+8j+OCueODnuODvOODiOODleOCqeODs+WvvuW/nO+8u1VTQiBtaWNyb0LvvL0gVVNC44Oi44OQ44Kk44Or44OQ44OD44OG44Oq44O8IO+8i1VTQiBtaWNyb0LjgrHjg7zjg5bjg6sgMTBjbSAzLjBBIO+8iDYwMDBtQWjjg7sy44Od44O844OI44O744Ob44Ov44Kk44OI77yJREUtTTAxTDYwMzBXSCAoREVNMDFMNjAzMFdIKQ==,44Ko44Os44Kz44Og44K/44OW44Os44OD44OI77yP44K544Oe44O844OI44OV44Kp44Oz5a++5b+c77y7VVNCIG1pY3JvQu+8vSBVU0Ljg6Ljg5DjgqTjg6vjg5Djg4Pjg4bjg6rjg7wg77yLVVNCIG1pY3JvQuOCseODvOODluODqyAxMGNtIDMuMEEg77yINjAwMG1BaOODuzLjg53jg7zjg4jjg7vjg5vjg6/jgqTjg4jvvIlERS1NMDFMNjAzMFdIIChERU0wMUw2MDMwV0gp[rn]
3-47075,aHR0cDovL3RzaG9wLnIxMHMuanAvYWtpYmFtYWMvY2FiaW5ldC8wNDk0Njc5OS80OTUzMTAzNDg3MjA4LmpwZz9maXRpbj03MDA6NzAw,Mjc1Ni4wMDAw,,44K544Oe44O844OI44OV44Kp44Oz44O744K/44OW44Os44OD44OIID4g44OQ44OD44OG44Oq44O844O75YWF6Zu75ZmoID4g44Oi44OQ44Kk44Or44OQ44OD44OG44Oq44O8,44Ko44Os44Kz44Og44K/44OW44Os44OD44OIL+OCueODnuODvOODiOODleOCqeODs+WvvuW/nFtVU0IgbWljcm9CXSBVU0Ljg6Ljg5DjgqTjg6vjg5Djg4Pjg4bjg6rjg7wrVVNCIG1pY3JvQuOCseODvOODluODqzoxMGNtIDMuNEEgKDcwMDBtQWjjg7sy44Od44O844OI44O744Ob44Ov44Kk44OIKSBERS1NMDFMLTcwMzRXSCAoREVNMDFMNzAzNFdIKQ==,,PHRhYmxlIGJvcmRlcj0iMCIgY2VsbHBhZGRpbmc9IjAiIGNlbGxzcGFjaW5nPSIwIiB3aWR0aD0iNzEwIiBzdHlsZT0ibGluZS1oZWlnaHQ6MTQwJTsiPjx0cj48dGQ+PGZvbnQgc2l6ZT0iMiI+44CU44K/44OW44Os44OD44OI77yP44K544Oe44O844OI44OV44Kp44Oz5a++5b+c77y7VVNCIG1pY3JvQu+8j1VTQue1pumbu++8ve+8muODouODkOOCpOODq+ODkOODg+ODhuODquODvO+8iFVTQuiThOmbu++8ie+8i1VTQiBtaWNyb0LjgrHjg7zjg5bjg6sg5YWF6Zu744CVPGJyPuaOpee2muapn+WZqOOCkuimi+WIhuOBkeOBpuacgOmrmOWHuuWKm+OBp+acgOmAn+WFhembu+OBp+OBjeOCi+KAmOOBiuOBvuOBi+OBm+WFhembu+KAmeWvvuW/nOOAgumrmOWuuemHj+ODu+mrmOWHuuWKm+OBp+iWhOOBleOCj+OBmuOBizE1LjdtbeOCkuWun+ePvuOBl+OBnzLjg53jg7zjg4jmkK3ovInoloTlnovjg6Ljg5DjgqTjg6vjg5Djg4Pjg4bjg6rjg7zjgII8YnI+PGJyPuKWoCDpq5jlrrnph4/jg7vpq5jlh7rlipvjgafoloTjgZXjgo/jgZrjgYsxNS43bW3jgpLlrp/nj77jgZfjgZ/jg6Ljg5DjgqTjg6vjg5Djg4Pjg4bjg6rjg7w8YnI+VVNC44Od44O844OI44Gr5pCt6LyJ44GX44Gf6auY5oCn6IO9SUPjgYzmjqXntprmqZ/lmajjgpLopovliIbjgZHjgabmnIDpq5jlh7rlipvjgafmnIDpgJ/lhYXpm7vjgafjgY3jgovigJjjgYrjgb7jgYvjgZvlhYXpm7vigJnjgavlr77lv5zjgZfjgabjgYTjgb7jgZnjgILpq5jlrrnph4/jg7vpq5jlh7rlipvjgr/jgqTjg5fjgafoloTjgZXjgo/jgZrjgYsxNS43bW3jgpLlrp/nj77jgZfjgZ/ou73jgY/jgabmjIHjgaHjgoTjgZnjgYToloTlnovjg6Ljg5DjgqTjg6vjg5Djg4Pjg4bjg6rjg7zjgafjgZnjgII8YnI+4pagIOOBvuOBqOOCgeOBpuWFhembuzxicj7mnKzkvZPlhYXpm7vnlKjjgrHjg7zjg5bjg6vjgpLmjqXntprjgZfjgZ/jgb7jgb7jgafjgIHjgrnjg57jg7zjg4jjg5Xjgqnjg7PjgpLlhYXpm7vjgafjgY3jgovigJjjgb7jgajjgoHjgabjg4Hjg6Pjg7zjgrjvvIHigJnjgavlr77lv5zjgZfjgabjgYTjgb7jgZnjgII8YnI+4oC7IOODouODkOOCpOODq+ODkOODg+ODhuODquODvOacrOS9k+OBrumbu+axoOaui+mHj+OBjDDvvIXjgavjgarjgaPjgZ/loLTlkIjjgIHjg6Ljg5DjgqTjg6vjg5Djg4Pjg4bjg6rjg7zmnKzkvZPjgbjjga7lhYXpm7vjgYzlhKrlhYjjgZXjgozjgIHmuoDlhYXpm7vjga7lvozjgIHjgrnjg57jg7zjg4jjg5Xjgqnjg7Pjgbjjga7ntabpm7vjgpLplovlp4vjgZfjgb7jgZnjgII8YnI+4pagIOmrmOWHuuWKm+OBpzLlj7DlkIzmmYLlhYXpm7vlj6/og708YnI+MuODneODvOODiOOCkuaQrei8ieOBl+OAgeWQiOioiDMuNEHjga7lh7rlipvjgYzlj6/og73jgarpq5jlh7rlipvjg6Ljg4fjg6vjgafjgZnjgII8YnI+4pagIOOCueODnuODvOODiOODleOCqeODs+OCkue0hDIuNeWbnuWFhembu+WPr+iDvTxicj7mnKzoo73lk4Hjgafjgrnjg57jg7zjg4jjg5Xjgqnjg7PjgpLntIQyLjXlm57lhYXpm7vlj6/og73jgafjgZnjgII8YnI+4oC7IOa6gOWFhembu+OCkuOBl+OBn+acrOijveWTgeOCkueUqOOBhOOAgeODkOODg+ODhuODquODvOWuuemHj+OBjOe0hDE4MDBtQWjjga7jgrnjg57jg7zjg4jjg5Xjgqnjg7PjgpLlhYXpm7vjgZnjgovpmpvjga7nm67lronlm57mlbDjgafjgZnjgILlhYXpm7vkuK3jgavpm7vmupDjgYzlhaXjgaPjgZ/jgorjgIHmqZ/lmajjgpLkvb/nlKjjgZfjgabjgYTjgovloLTlkIjjga/oqJjovInjga7mlbDlgKTjgb7jgaflhYXpm7vjgafjgY3jgarjgYTloLTlkIjjgYzjgYLjgorjgb7jgZnjgII8YnI+4pagIOWFhembu+aWueazlTxicj7ku5jlsZ7jga5VU0LjgrHjg7zjg5bjg6vjgpLmnKzoo73lk4Hjga7lhYXpm7vnlKhVU0IobWljcm9CKeODneODvOODiOOBq+aOpee2muOBl+OAgeWvvuW/nOOBl+OBn0FD44Ki44OA44OX44K/44Gr5o6l57aa44GZ44KL44GT44Go44Gn5YWF6Zu75Y+v6IO944Gn44GZ44CCPGJyPuKAuyDlh7rlipsxLjhB5Lul5LiK44GuQUPjgqLjg4Djg5fjgr/kvb/nlKjmmYLjgIHmnKzoo73lk4Hjgbjjga7nm67lronlhYXpm7vmmYLplpPjga/ntIQ0LjXmmYLplpPjgafjgZnjgII8YnI+4pagIOODkeOCveOCs+ODs+OBrlVTQuODneODvOODiOOBp+WFhembu+WPr+iDvTxicj7jg5Hjgr3jgrPjg7Pjga5VU0Ljg53jg7zjg4jjgavmjqXntprjgZnjgovjgZPjgajjgafjgoLlhYXpm7vlj6/og73jgafjgZnjgII8YnI+4oC7IOODkeOCveOCs+ODs+OBrlVTQuODneODvOODiOOBr+WHuuWKmzUwMG1B44Gu44Gf44KB44CB5pys6KO95ZOB44G444Gu55uu5a6J5YWF6Zu75pmC6ZaT44Gv57SEMTbmmYLplpPjgafjgZnjgII8YnI+4pagIExFROOBp+aui+mHj+OBjOOCj+OBi+OCizxicj7pm7vmsaDmrovph4/jga805q616ZqO44GuTEVE44Op44Oz44OX54K554Gv44Gn56K66KqN5Y+v6IO944Gn44GZ44CCPGJyPuKWoCDjgYrjgb7jgYvjgZvlhYXpm7s8YnI+VVNC44Od44O844OI44Gr5pCt6LyJ44GX44Gf6auY5oCn6IO9SUPjgYzmjqXntprmqZ/lmajjgpLopovliIbjgZHjgabjgIHmnIDpganjgarlh7rlipvjgafpq5jpgJ/lhYXpm7vjgpLlrp/nj77jgZfjgabjgYTjgb7jgZnjgII8YnI+4pagIGlQaG9uZeOCguWFhembu+OBp+OBjeOCizxicj5pUGhvbmXjgavku5jlsZ7jgoLjgZfjgY/jga/lr77lv5zjgZfjgZ9MaWdodG5pbmfjgrHjg7zjg5bjg6vjgpLliKnnlKjjgZnjgovjgZPjgajjgafjgIFpUGhvbmXjgoLlhYXpm7vlj6/og73jgafjgZnjgII8YnI+4pagIOe0hDUwMOWbnue5sOOCiui/lOOBl+S9v+OBiOOCizxicj7ntIQ1MDDlm57nubDjgorov5TjgZfkvb/nlKjlj6/og73jgarlhYXpm7vlvI/jg6rjg4Hjgqbjg6DjgqTjgqrjg7Ppm7vmsaDjgpLmkK3ovInjgZfjgabjgYTjgb7jgZnjgII8YnI+4pagIOWuieW/g+OBruWbnui3r+ioreioiOOBqOOAgeWuieWFqOioreioiOOBruODquODgeOCpuODoOOCpOOCquODs+mbu+axoDxicj7pgY7lhYXpm7vjg7vpgY7mlL7pm7vjg7vpgY7pm7vlnKfjg7vpgY7pm7vmtYHpmLLmraLmqZ/og73jgYrjgojjgbPnn63ntaHkv53orbfmqZ/og73jgpLlgpnjgYjjgZ/jgYLjgpPjgZfjgpPjga7lm57ot6/oqK3oqIjjgafjgZnjgIIg5YaF6JS144Gu5YWF6Zu75byP44Oq44OB44Km44Og44Kk44Kq44Oz6Zu75rGg44Gv44CBSklTIEM4NzEx44GK44KI44GzSklTIEM4NzE044Gr5rqW5oug44GX44Gf5a6J5YWo6Kit6KiI44Gn44GZ44CCPGJyPuKAuyDlt6XloLTlh7rojbfmmYLjgas3MO+8heeoi+W6puWFhembu+OBleOCjOOBpuOBhOOBvuOBmeOAguWFhembu+W8j+ODquODgeOCpuODoOOCpOOCquODs+mbu+axoOOBr+aZgumWk+OBqOOBqOOCguOBq+aUvumbu+OBmeOCi+OBruOBp+OAgeOBlOS9v+eUqOOBq+OBquOCi+WJjeOBq+WFhembu+OBmeOCi+OBk+OBqOOCkuaOqOWlqOOBl+OBvuOBmeOAgjxicj48YnI+44CQ44Kz44ON44Kv44K/5b2i54q2KOmbu+a6kOWFpeWKm+WBtCnjgJFVU0IgTWljcm8tQuODoeOCuTxicj7jgJDlrprmoLzlhaXlipvpm7vlnKfjgJFEQzVWPGJyPuOAkOOCs+ODjeOCr+OCv+W9oueKtijpm7vmupDlh7rlipvlgbQp44CRVVNCIEHjg6Hjgrk8YnI+44CQ5a6a5qC85Ye65Yqb6Zu75Zyn44CRREM1Vjxicj7jgJDlrprmoLzlh7rlipvpm7vmtYHjgJEzLjRBKDLjg53jg7zjg4jlkIjoqIgpPGJyPuOAkOmbu+axoOeorumhnuOAkeWFhembu+W8j+ODquODgeOCpuODoOOCpOOCquODs+ODneODquODnuODvOmbu+axoDxicj7jgJDpm7vmsaDlrprmoLzlrrnph4/jgJE3MDAwbUFoPGJyPuOAkOWFhembu+aZgumWk+OAkTEuOEHlh7rlipvjga5BQ+OCouODgOODl+OCv+S9v+eUqOaZgu+8mue0hDQuNeaZgumWkzxicj7jgJDlpJblvaLlr7jms5XjgJHluYU2MW1tw5flpaXooYwxNS43bW3Dl+mrmOOBlTEzM21tPGJyPuOAkOmHjemHj+OAkTE3Mmc8YnI+44CQ44GP44KK6L+U44GX5L2/55So5Zue5pWw44CR57SENTAw5ZuePGJyPuOAkOS7mOWxnuWTgeOAkW1pY3JvVVNCIELjgqrjgrnihpJVU0IgQeOCquOCueOCseODvOODluODqygxMGNtKcOXMTxicj7jgJDkv53oqLzmnJ/plpPjgJE244Kr5pyIPGJyPjxicj7jgJDlr77lv5zmqZ/nqK7jgJE8YnI+aVBob25lL2lQYWQvaVBvZOOBiuOCiOOBs1VTQlttaWNyby1CXeerr+WtkOOBp+WFhembu+OBmeOCi0FuZHJvaWTjgrnjg57jg7zjg4jjg5Xjgqnjg7Pjg7vjgr/jg5bjg6zjg4Pjg4g8YnI+PGJyPuKAuyBBQ+OCouODgOODl+OCv+OBr+S7mOWxnuOBl+OBpuOBhOOBvuOBm+OCk+OAgjxicj7igLsgVVNCIG1pY3JvQuS7peWklu+8j+WQjOaZguWFhembu+OBrumam+OBr+OAgeWIpemAlFVTQuWFhembu+OCseODvOODluODq+OBjOW/heimgeOBp+OBmeOAgjxicj48YnI+PC9mb250PjwvdGQ+PC90cj48L3RhYmxlPjx0YWJsZSBjZWxsc3BhY2luZz0iMCIgY2VsbHBhZGRpbmc9IjQiIGJvcmRlcj0iMSIgd2lkdGg9IjcxMCIgYm9yZGVyY29sb3I9IiNjY2NjY2MiPjx0cj48dGQgd2lkdGg9IjE4MCIgYmdjb2xvcj0iI2VmZWZlZiI+PGZvbnQgc2l6ZT0iMiI+5Li744Gq5a++5b+c5qmf56iuPC9mb250PjwvdGQ+PHRkIHdpZHRoPSI1MzAiPjxmb250IHNpemU9IjIiPmlQaG9uZS9pUGFkL2lQb2TjgYrjgojjgbNVU0JbbWljcm8tQl3nq6/lrZDjgaflhYXpm7vjgZnjgotBbmRyb2lk44K544Oe44O844OI44OV44Kp44Oz44O744K/44OW44Os44OD44OI44CA4oC7VVNCIG1pY3JvQuS7peWklu+8j+WQjOaZguWFhembu+OBrumam+OBr+OAgeWIpemAlFVTQuWFhembu+OCseODvOODluODq+OBjOW/heimgeOBp+OBmeOAgjwvZm9udD48L3RkPjwvdHI+PHRyPjx0ZCB3aWR0aD0iMTgwIiBiZ2NvbG9yPSIjZWZlZmVmIj48Zm9udCBzaXplPSIyIj7mjqXntprnq6/lrZA8L2ZvbnQ+PC90ZD48dGQgd2lkdGg9IjUzMCI+PGZvbnQgc2l6ZT0iMiI+VVNCIG1pY3JvQu+8j1VTQue1pumbuzwvZm9udD48L3RkPjwvdHI+PHRyPjx0ZCB3aWR0aD0iMTgwIiBiZ2NvbG9yPSIjZWZlZmVmIj48Zm9udCBzaXplPSIyIj7oibI8L2ZvbnQ+PC90ZD48dGQgd2lkdGg9IjUzMCI+PGZvbnQgc2l6ZT0iMiI+44Ob44Ov44Kk44OI57O7PC9mb250PjwvdGQ+PC90cj48dHI+PHRkIHdpZHRoPSIxODAiIGJnY29sb3I9IiNlZmVmZWYiPjxmb250IHNpemU9IjIiPuODneODvOODiOaVsDwvZm9udD48L3RkPjx0ZCB3aWR0aD0iNTMwIj48Zm9udCBzaXplPSIyIj4y44Od44O844OIPC9mb250PjwvdGQ+PC90cj48dHI+PHRkIHdpZHRoPSIxODAiIGJnY29sb3I9IiNlZmVmZWYiPjxmb250IHNpemU9IjIiPumrmOWHuuWKmzwvZm9udD48L3RkPjx0ZCB3aWR0aD0iNTMwIj48Zm9udCBzaXplPSIyIj7jgr/jg5bjg6zjg4Pjg4jlr77lv5zvvIjpq5jlh7rlipvvvIk8L2ZvbnQ+PC90ZD48L3RyPjwvdGFibGU+PHN0eWxlIHR5cGU9InRleHQvY3NzIj4KPCEtLQoucmFrdXRlbi1jYW1wIHsKCXdpZHRoOiA3MjVweDsKCWJvcmRlcjogMnB4IHNvbGlkICMzMzk5RkY7CglwYWRkaW5nLXRvcDogNXB4OwoJLW1vei1ib3JkZXItcmFkaXVzOjRweDsgLypGaXJlZm94Ki8KCS13ZWJraXQtYm9yZGVyLXJhZGl1czogNHB4OyAvKlNhZmFyaSxDaHJvbWUqLwoJYm9yZGVyLXJhZGl1czo0cHg7IC8qT3BlcmEsQ2hyb21lKi8KCW1hcmdpbjowIDEwcHggMTBweCAwOwp9CgovKiDkvqHmoLzjgavmnqDnt5rjgYzjgaTjgY8gKi8KdGFibGUjcmFrdXRlbkxpbWl0ZWRJZF9jYXJ0IHsKICAgIGJhY2tncm91bmQtY29sb3I6ICNmOGY4Zjg7CiAgICBib3JkZXI6IDFweCBzb2xpZCAjZGRkOwogICAgcGFkZGluZzogOHB4OwogICAgbWFyZ2luOiAxNnB4IDA7Cn0KCnNwYW4ucHJpY2UxIHsKICAgIGNvbG9yOiAjMzMzICFpbXBvcnRhbnQ7CiAgICBmb250LXdlaWdodDogYm9sZDsKICAgIGZvbnQtc2l6ZTogODAlICFpbXBvcnRhbnQ7CiAgICBsaW5lLWhlaWdodDogMzBweDsKICAgIGRpc3BsYXk6IGlubGluZS1ibG9jazsKICAgIG1hcmdpbi1yaWdodDogMTZweDsKfQoKLS0+Cjwvc3R5bGU+Cgo8IS0t44OQ44OK44O844Ko44Oq44KiLS0+Cgo8IS0t44CQ5raI44GZ44Gq77yB44CR4piF4piF4piFIGhlaWdodD0iMzgwIiDjgafoqK3lrprjgZfjgabjgY/jgaDjgZXjgYTjgILimIXimIXimIUtLT4KPCEtLeODkOODiuODvOOCqOODquOCouOBk+OBk+OBvuOBpy0tPgoKPCEtLealveWkqeOCreODo+ODs+ODmuODvOODsy0tPgoKPGgyIHN0eWxlPSJtYXJnaW46MjBweCAwIDEwcHggMDsiPjxpbWcgc3JjPSJodHRwOi8vd3d3LnJha3V0ZW4ubmUuanAvZ29sZC9ha2liYW1hYy9mcmFtZS9pbWFnZXMvcmFrdXRlbl90aXRsZTIuZ2lmIiBhbHQ9IualveWkqeW4guWgtOOBruOBiuW+l+OBquOCreODo+ODs+ODmuODvOODsyIgd2lkdGg9IjczMCIgaGVpZ2h0PSI0MiIgYm9yZGVyPSIwIj48L2gyPgo8ZGl2IGNsYXNzPSJyYWt1dGVuLWNhbXAiIHN0eWxlPSJtYXJnaW46MCAwIDAgMDsiPgoKCjwhLS3mpb3lpKnjgq3jg6Pjg7Pjg5rjg7zjg7NA44GT44GT44G+44GnLS0+,44Ko44Os44Kz44Og44K/44OW44Os44OD44OIL+OCueODnuODvOODiOODleOCqeODs+WvvuW/nFtVU0IgbWljcm9CXSBVU0Ljg6Ljg5DjgqTjg6vjg5Djg4Pjg4bjg6rjg7wrVVNCIG1pY3JvQuOCseODvOODluODqzoxMGNtIDMuNEEgKDcwMDBtQWjjg7sy44Od44O844OI44O744Ob44Ov44Kk44OIKSBERS1NMDFMLTcwMzRXSCAoREVNMDFMNzAzNFdIKe+8muOCveODleODnuODg+ODl+OAgOODh+OCuOOCv+ODq+OCs+ODrOOCr+OCt+ODp+ODsw==,44K944OV44Oe44OD44OXIOODh+OCuOOCv+ODq+OCs+ODrOOCr+OCt+ODp+ODs1NvZm1hcCBEaWdpdGFsIENvbGxlY3Rpb27jg5Hjgr3jgrPjg7Pjgr/jg5bjg6zjg4Pjg4hQQ0hEROOCouOCu+ODs+ODluODquODkeODvOODhOODkeOCveOCs+ODs+ODkeODvOODhOODhuODrOODk+OCsuODvOODoOODluODq+ODvOODrOOCpOOCveODleODiERWROOCveODleODiOa2suaZtuODhuODrOODk+ODluODq+ODvOODrOOCpOODh+OCo+OCueOCr+ODrOOCs+ODvOODgOODvOODh+OCuOOCv+ODq+S4gOecvOODrOODleOCq+ODoeODqeODh+OCuOOCv+ODq+OCq+ODoeODqeWutumbu+aZguioiOS4reWPpOOAgOOCveODleODiOOCouOCpuODiOODrOODg+ODiOS4reWPpOODjuODvOODiOODkeOCveOCs+ODs+S4reWPpOODkeOCveOCs+ODs+OCqOODrOOCs+ODoOOCv+ODluODrOODg+ODiC/jgrnjg57jg7zjg4jjg5Xjgqnjg7Plr77lv5xbVVNCIG1pY3JvQl0gVVNC44Oi44OQ44Kk44Or44OQ44OD44OG44Oq44O8K1VTQiBtaWNyb0LjgrHjg7zjg5bjg6s6MTBjbSAzLjRBICg3MDAwbUFo44O7MuODneODvOODiOODu+ODm+ODr+OCpOODiCkgREUtTTAxTC03MDM0V0ggKERFTTAxTDcwMzRXSCk=,44Ko44Os44Kz44Og44K/44OW44Os44OD44OIL+OCueODnuODvOODiOODleOCqeODs+WvvuW/nFtVU0IgbWljcm9CXSBVU0Ljg6Ljg5DjgqTjg6vjg5Djg4Pjg4bjg6rjg7wrVVNCIG1pY3JvQuOCseODvOODluODqzoxMGNtIDMuNEEgKDcwMDBtQWjjg7sy44Od44O844OI44O744Ob44Ov44Kk44OIKSBERS1NMDFMLTcwMzRXSCAoREVNMDFMNzAzNFdIKQ==[rn]
3-47076,aHR0cDovL3RzaG9wLnIxMHMuanAvYWtpYmFtYWMvY2FiaW5ldC8wNTI2NDA2OS80OTUzMTAzMjg0NTMxLmpwZz9maXRpbj03MDA6NzAw,MTI0MC4wMDAw,,44K544Oe44O844OI44OV44Kp44Oz44O744K/44OW44Os44OD44OIID4g44OQ44OD44OG44Oq44O844O75YWF6Zu75ZmoID4g44Oi44OQ44Kk44Or44OQ44OD44OG44Oq44O8,44Ko44Os44Kz44Og44K544Oe44O844OI44OV44Kp44Oz55So77y7VVNCIG1pY3JvQu+8j1VTQue1pumbu++8vSBVU0Ljg6Ljg5DjgqTjg6vjg5Djg4Pjg4bjg6rjg7wg77yLVVNCIG1pY3JvQuOCseODvOODluODqyAxMGNtIO+8iDMwMDBtQWjjg7vjg5bjg6vjg7zvvIkgREUtTTA0TDMwMTVCVSAoREVNMDRMMzAxNUJVKQ==,,PHRhYmxlIGJvcmRlcj0iMCIgY2VsbHBhZGRpbmc9IjAiIGNlbGxzcGFjaW5nPSIwIiB3aWR0aD0iNzEwIiBzdHlsZT0ibGluZS1oZWlnaHQ6MTQwJTsiPjx0cj48dGQ+PGZvbnQgc2l6ZT0iMiI+44CU44K544Oe44O844OI44OV44Kp44Oz55So77y7VVNCIG1pY3JvQu+8j1VTQue1pumbu++8ve+8muODouODkOOCpOODq+ODkOODg+ODhuODquODvO+8iFVTQuiThOmbu++8ie+8i1VTQiBtaWNyb0LjgrHjg7zjg5bjg6sg5YWF6Zu744CVPGJyPuOCueODnuODvOODiOODleOCqeODs+OBqOODouODkOOCpOODq+ODkOODg+ODhuODquODvOOCkuOBvuOBqOOCgeOBpuWFhembu+OBp+OBjeOCiyHmjIHjgaHpgYvjgbPjgavkvr/liKnjgarjgrPjg7Pjg5Hjgq/jg4jjgr/jgqTjg5fjga7jgrnjg57jg7zjg4jjg5Xjgqnjg7PnlKjjg6Ljg5DjgqTjg6vjg5Djg4Pjg4bjg6rjg7zjgII8YnI+PGJyPuKWoCDjgrnjg6rjg6DoqK3oqIjjgafjgqvjg5Djg7Pjgarjganjga7pmpnplpPjgavlhaXjgozjgoTjgZnjgY/jgIHmjIHjgaHpgYvjgbPjgavkvr/liKnjgarjgrPjg7Pjg5Hjgq/jg4jjgr/jgqTjg5fjga7jgrnjg57jg7zjg4jjg5Xjgqnjg7PnlKjjg6Ljg5DjgqTjg6vjg5Djg4Pjg4bjg6rjg7zjgafjgZnjgII8YnI+4pagIOacrOS9k+WFhembu+eUqOOCseODvOODluODq+OCkuaOpee2muOBl+OBn+OBvuOBvuOBp+OAgeOCueODnuODvOODiOODleOCqeODs+OBqOODouODkOOCpOODq+ODkOODg+ODhuODquODvOOCkuWFhembu+OBp+OBjeOCi+OAjOOBvuOBqOOCgeOBpuWFhembu+OAjeOBq+WvvuW/nOOBl+OBpuOBhOOBvuOBmeOAgjxicj7igLvjg6Ljg5DjgqTjg6vjg5Djg4Pjg4bjg6rjg7zmnKzkvZPjga7pm7vmsaDmrovph4/jgYww77yF44Gr44Gq44Gj44Gf5aC05ZCI44CB44Oi44OQ44Kk44Or44OQ44OD44OG44Oq44O85pys5L2T44G444Gu5YWF6Zu744GM5YSq5YWI44GV44KM44CB5rqA5YWF6Zu744Gu5b6M44CB44K544Oe44O844OI44OV44Kp44Oz44G444Gu57Wm6Zu744KS6ZaL5aeL44GX44G+44GZ44CCPGJyPuKWoCDjg6Ljg5DjgqTjg6vjg5Djg4Pjg4bjg6rjg7zmnKzkvZPjgpLntIQyLjXmmYLplpPjgaflhYXpm7vjgafjgY3jgIHjg4Hjg6Pjg7zjgrjmmYLplpPjgpLlpKfluYXjgavnn63nuK7jgZnjgovjgZPjgajjgYzjgafjgY3jgb7jgZnjgILigLvlh7rlipsxLjVB5Lul5LiK44GuQUPjgqLjg4Djg5fjgr/kvb/nlKjmmYLjgII8YnI+4pagIOODkeOCveOCs+ODs+OBrlVTQuODneODvOODiOOBq+aOpee2muOBmeOCi+OBk+OBqOOBp+OCguWFhembu+WPr+iDveOBp+OBmeOAguKAu+ODkeOCveOCs+ODs+OBrlVTQuODneODvOODiOOBr+WHuuWKmzUwMG1B44Gu44Gf44KB44CB5pys6KO95ZOB44G444Gu55uu5a6J5YWF6Zu75pmC6ZaT44Gv57SEOOaZgumWk+OBp+OBmeOAgjxicj7ilqAg5pyA5aSn5Ye65YqbMS41QeOBrumrmOWHuuWKm+ODouODh+ODq+OBp+OBmeOAgjxicj7ilqAg5pys6KO95ZOBKOODkOODg+ODhuODquODvOWuuemHjzMwMDBtQWgp44Gn44K544Oe44O844OI44OV44Kp44Oz44KS57SEMeWbnuWFhembu+WPr+iDveOBp+OBmeOAguKAu+a6gOWFhembu+OCkuOBl+OBn+acrOijveWTgeOCkueUqOOBhOOAgeODkOODg+ODhuODquODvOWuuemHj+OBjOe0hDE4MDBtQWjjga7jgrnjg57jg7zjg4jjg5Xjgqnjg7PjgpLlhYXpm7vjgZnjgovpmpvjga7nm67lronlm57mlbDjgafjgZnjgILlhYXpm7vkuK3jgavpm7vmupDjgYzlhaXjgaPjgZ/jgorjgIHmqZ/lmajjgpLkvb/nlKjjgZfjgabjgYTjgovloLTlkIjjga/oqJjovInjga7mlbDlgKTjgb7jgaflhYXpm7vjgafjgY3jgarjgYTloLTlkIjjgYzjgYLjgorjgb7jgZnjgII8YnI+4pagIOS7mOWxnuOBrlVTQuOCseODvOODluODq+OCkuacrOijveWTgeOBruWFhembu+eUqFVTQihtaWNyby1CKeODneODvOODiOOBq+aOpee2muOBl+OAgeWvvuW/nOOBl+OBn0FD44Ki44OA44OX44K/44Gr5o6l57aa44GZ44KL44GT44Go44Gn5YWF6Zu75Y+v6IO944Gn44GZ44CCPGJyPuKWoCBpUGhvbmXjgavku5jlsZ7jgoLjgZfjgY/jga/lr77lv5zjgZfjgZ9MaWdodG5pbmfjgrHjg7zjg5bjg6vjgpLliKnnlKjjgZnjgovjgZPjgajjgafjgIFpUGhvbmXjgoLlhYXpm7vlj6/og73jgafjgZnjgII8YnI+4pagIOODkOODg+ODhuODquODvOWFqOmdouOBq+izquaEn+OBrumrmOOBhOWFqOmdouOCt+ODnOWKoOW3peOCkuaWveOBl+OBpuOBhOOBvuOBmeOAgjxicj7ilqAg6Zu75rGg5q6L6YeP44GvNOautemajuOBrkxFROODqeODs+ODl+eCueeBr+OBp+eiuuiqjeWPr+iDveOBp+OBmeOAgjxicj7ilqAg57SENTAw5Zue57mw44KK6L+U44GX5L2/55So5Y+v6IO944Gq5YWF6Zu75byP44Oq44OB44Km44Og44Kk44Kq44Oz6Zu75rGg44KS5pCt6LyJ44GX44Gm44GE44G+44GZ44CCPGJyPuKWoCDlhoXolLXjga7lhYXpm7vlvI/jg6rjg4Hjgqbjg6DjgqTjgqrjg7Ppm7vmsaDjga/jgIFKSVMgQzg3MTHjgYrjgojjgbNKSVMgQzg3MTTjgavmupbmi6DjgZfjgZ/lronlhajoqK3oqIjjgafjgZnjgII8YnI+4pagIOmBjuWFhembu+ODu+mBjuaUvumbu+ODu+mBjumbu+Wcp+ODu+mBjumbu+a1gemYsuatouapn+iDveOBiuOCiOOBs+efree1oeS/neitt+apn+iDveOCkuWCmeOBiOOBn+OBguOCk+OBl+OCk+OBruWbnui3r+ioreioiOOBp+OBmeOAgjxicj48YnI+4oC75bel5aC05Ye66I235pmC44GrNzDvvIXnqIvluqblhYXpm7vjgZXjgozjgabjgYTjgb7jgZnjgILlhYXpm7vlvI/jg6rjg4Hjgqbjg6DjgqTjgqrjg7Ppm7vmsaDjga/mmYLplpPjgajjgajjgoLjgavmlL7pm7vjgZnjgovjga7jgafjgIHjgZTkvb/nlKjjgavjgarjgovliY3jgavlhYXpm7vjgZnjgovjgZPjgajjgpLmjqjlpajjgZfjgb7jgZnjgII8YnI+PGJyPuOAkOijveWTgeS7leanmOOAkTxicj7ilqAg5a++5b+c5qmf56iu77yabWljcm8tQuOCs+ODjeOCr+OCv+aQrei8ieOCueODnuODvOODiOODleOCqeODs+OAgeOCv+ODluODrOODg+ODiOOAgeOBiuOCiOOBs2lQaG9uZeOBquOBqeOBrmlPU+err+acq+apn+WZqOKAuzIwMTblubQ25pyI54++5ZyoPGJyPuKWoCDjgrPjg43jgq/jgr/lvaLnirYo6Zu75rqQ5YWl5Yqb5YG0Ke+8mlVTQiBNaWNyby1CIOODoeOCuTxicj7ilqAg5a6a5qC85YWl5Yqb6Zu75Zyn77yaREM1Vjxicj7ilqAg44Kz44ON44Kv44K/5b2i54q2KOmbu+a6kOWHuuWKm+WBtCnvvJpVU0ItQeODoeOCuTxicj7ilqAg5a6a5qC85Ye65Yqb6Zu75Zyn77yaREM1Vjxicj7ilqAg5a6a5qC85Ye65Yqb6Zu75rWB77yaMS41QTxicj7ilqAg6Zu75rGg56iu6aGe77ya5YWF6Zu75byP44Oq44OB44Km44Og44Kk44Kq44Oz6Zu75rGgPGJyPuKWoCDpm7vmsaDlrprmoLzlrrnph4/vvJozMDAwbUFoPGJyPuKWoCDlhYXpm7vmmYLplpPvvJoyLjXmmYLplpMgMS41QeOBrkFD5YWF6Zu75Zmo5L2/55So5pmCPGJyPuKWoCDlpJblvaLlr7jms5XvvJoyN8OXOTDDlzI2bW08YnI+4pagIOOCseODvOODluODq+mVt++8mjEwY208YnI+4pagIOmHjemHj++8mjc4Zzxicj7ilqAg44GP44KK6L+U44GX5L2/55So5Zue5pWw77yaNTAw5ZuePGJyPuKWoCDku5jlsZ7lk4HvvJpVU0LjgrHjg7zjg5bjg6soVVNCLUHjgqrjgrktTWljcm8tQuOCquOCuSk8YnI+4pagIOeSsOWig+mFjeaFruS6i+mghe+8muS9v+eUqOa4qeW6piAw772eNDDihIM8YnI+4pagIOS/neiovOacn+mWk++8mjbjg7bmnIg8YnI+4pagIOOBneOBruS7lu+8mmlPU+err+acq+OBp+S9v+eUqOOBmeOCi+WgtOWQiOOBr+WIpemAlGlPU+eUqOOCseODvOODluODq+OCkuOBlOeUqOaEj+OBj+OBoOOBleOBhDxicj48YnI+PC9mb250PjwvdGQ+PC90cj48L3RhYmxlPjxzdHlsZSB0eXBlPSJ0ZXh0L2NzcyI+CjwhLS0KLnJha3V0ZW4tY2FtcCB7Cgl3aWR0aDogNzI1cHg7Cglib3JkZXI6IDJweCBzb2xpZCAjMzM5OUZGOwoJcGFkZGluZy10b3A6IDVweDsKCS1tb3otYm9yZGVyLXJhZGl1czo0cHg7IC8qRmlyZWZveCovCgktd2Via2l0LWJvcmRlci1yYWRpdXM6IDRweDsgLypTYWZhcmksQ2hyb21lKi8KCWJvcmRlci1yYWRpdXM6NHB4OyAvKk9wZXJhLENocm9tZSovCgltYXJnaW46MCAxMHB4IDEwcHggMDsKfQoKLyog5L6h5qC844Gr5p6g57ea44GM44Gk44GPICovCnRhYmxlI3Jha3V0ZW5MaW1pdGVkSWRfY2FydCB7CiAgICBiYWNrZ3JvdW5kLWNvbG9yOiAjZjhmOGY4OwogICAgYm9yZGVyOiAxcHggc29saWQgI2RkZDsKICAgIHBhZGRpbmc6IDhweDsKICAgIG1hcmdpbjogMTZweCAwOwp9CgpzcGFuLnByaWNlMSB7CiAgICBjb2xvcjogIzMzMyAhaW1wb3J0YW50OwogICAgZm9udC13ZWlnaHQ6IGJvbGQ7CiAgICBmb250LXNpemU6IDgwJSAhaW1wb3J0YW50OwogICAgbGluZS1oZWlnaHQ6IDMwcHg7CiAgICBkaXNwbGF5OiBpbmxpbmUtYmxvY2s7CiAgICBtYXJnaW4tcmlnaHQ6IDE2cHg7Cn0KCi0tPgo8L3N0eWxlPgoKPCEtLeODkOODiuODvOOCqOODquOCoi0tPgoKPCEtLeOAkOa2iOOBmeOBqu+8geOAkeKYheKYheKYhSBoZWlnaHQ9IjM4MCIg44Gn6Kit5a6a44GX44Gm44GP44Gg44GV44GE44CC4piF4piF4piFLS0+CjwhLS3jg5Djg4rjg7zjgqjjg6rjgqLjgZPjgZPjgb7jgactLT4KCjwhLS3mpb3lpKnjgq3jg6Pjg7Pjg5rjg7zjg7MtLT4KCjxoMiBzdHlsZT0ibWFyZ2luOjIwcHggMCAxMHB4IDA7Ij48aW1nIHNyYz0iaHR0cDovL3d3dy5yYWt1dGVuLm5lLmpwL2dvbGQvYWtpYmFtYWMvZnJhbWUvaW1hZ2VzL3Jha3V0ZW5fdGl0bGUyLmdpZiIgYWx0PSLmpb3lpKnluILloLTjga7jgYrlvpfjgarjgq3jg6Pjg7Pjg5rjg7zjg7MiIHdpZHRoPSI3MzAiIGhlaWdodD0iNDIiIGJvcmRlcj0iMCI+PC9oMj4KPGRpdiBjbGFzcz0icmFrdXRlbi1jYW1wIiBzdHlsZT0ibWFyZ2luOjAgMCAwIDA7Ij4KCgo8IS0t5qW95aSp44Kt44Oj44Oz44Oa44O844OzQOOBk+OBk+OBvuOBpy0tPg==,44Ko44Os44Kz44Og44K544Oe44O844OI44OV44Kp44Oz55So77y7VVNCIG1pY3JvQu+8j1VTQue1pumbu++8vSBVU0Ljg6Ljg5DjgqTjg6vjg5Djg4Pjg4bjg6rjg7wg77yLVVNCIG1pY3JvQuOCseODvOODluODqyAxMGNtIO+8iDMwMDBtQWjjg7vjg5bjg6vjg7zvvIkgREUtTTA0TDMwMTVCVSAoREVNMDRMMzAxNUJVKe+8muOCveODleODnuODg+ODl+OAgOODh+OCuOOCv+ODq+OCs+ODrOOCr+OCt+ODp+ODsw==,44K944OV44Oe44OD44OXIOODh+OCuOOCv+ODq+OCs+ODrOOCr+OCt+ODp+ODs1NvZm1hcCBEaWdpdGFsIENvbGxlY3Rpb27jg5Hjgr3jgrPjg7Pjgr/jg5bjg6zjg4Pjg4hQQ0hEROOCouOCu+ODs+ODluODquODkeODvOODhOODkeOCveOCs+ODs+ODkeODvOODhOODhuODrOODk+OCsuODvOODoOODluODq+ODvOODrOOCpOOCveODleODiERWROOCveODleODiOa2suaZtuODhuODrOODk+ODluODq+ODvOODrOOCpOODh+OCo+OCueOCr+ODrOOCs+ODvOODgOODvOODh+OCuOOCv+ODq+S4gOecvOODrOODleOCq+ODoeODqeODh+OCuOOCv+ODq+OCq+ODoeODqeWutumbu+aZguioiOS4reWPpOOAgOOCveODleODiOOCouOCpuODiOODrOODg+ODiOS4reWPpOODjuODvOODiOODkeOCveOCs+ODs+S4reWPpOODkeOCveOCs+ODs+OCqOODrOOCs+ODoOOCueODnuODvOODiOODleOCqeODs+eUqO+8u1VTQiBtaWNyb0LvvI9VU0Lntabpm7vvvL0gVVNC44Oi44OQ44Kk44Or44OQ44OD44OG44Oq44O8IO+8i1VTQiBtaWNyb0LjgrHjg7zjg5bjg6sgMTBjbSDvvIgzMDAwbUFo44O744OW44Or44O877yJIERFLU0wNEwzMDE1QlUgKERFTTA0TDMwMTVCVSk=,44Ko44Os44Kz44Og44K544Oe44O844OI44OV44Kp44Oz55So77y7VVNCIG1pY3JvQu+8j1VTQue1pumbu++8vSBVU0Ljg6Ljg5DjgqTjg6vjg5Djg4Pjg4bjg6rjg7wg77yLVVNCIG1pY3JvQuOCseODvOODluODqyAxMGNtIO+8iDMwMDBtQWjjg7vjg5bjg6vjg7zvvIkgREUtTTA0TDMwMTVCVSAoREVNMDRMMzAxNUJVKQ==[rn]
3-47077,aHR0cDovL3RzaG9wLnIxMHMuanAvYWtpYmFtYWMvY2FiaW5ldC8wNTI2NDA2OS80OTUzMTAzMjg0NDYzLmpwZz9maXRpbj03MDA6NzAw,MTUyMC4wMDAw,,44K544Oe44O844OI44OV44Kp44Oz44O744K/44OW44Os44OD44OIID4g44OQ44OD44OG44Oq44O844O75YWF6Zu75ZmoID4g44Oi44OQ44Kk44Or44OQ44OD44OG44Oq44O8,44Ko44Os44Kz44Og44K/44OW44Os44OD44OI77yP44K544Oe44O844OI44OV44Kp44Oz5a++5b+c77y7VVNCIG1pY3JvQu+8vVVTQuODouODkOOCpOODq+ODkOODg+ODhuODquODvO+8i1VTQiBtaWNyb0LjgrHjg7zjg5bjg6sgMTBjbSAzLjBB77yINjAwMG1BaOODuzLjg53jg7zjg4jjg7vjg5bjg6njg4Pjgq/vvIlERS1NMDFMNjAzMEJLIChERU0wMUw2MDMwQksp,,PHRhYmxlIGJvcmRlcj0iMCIgY2VsbHBhZGRpbmc9IjAiIGNlbGxzcGFjaW5nPSIwIiB3aWR0aD0iNzEwIiBzdHlsZT0ibGluZS1oZWlnaHQ6MTQwJTsiPjx0cj48dGQ+PGZvbnQgc2l6ZT0iMiI+44CU44K/44OW44Os44OD44OI77yP44K544Oe44O844OI44OV44Kp44Oz5a++5b+c77y7VVNCIG1pY3JvQu+8j1VTQue1pumbu++8ve+8muODouODkOOCpOODq+ODkOODg+ODhuODquODvO+8iFVTQuiThOmbu++8ie+8i1VTQiBtaWNyb0LjgrHjg7zjg5bjg6sg5YWF6Zu744CVPGJyPuOCueODnuODvOODiOODleOCqeODs+ODu+OCv+ODluODrOODg+ODiOOBqOODouODkOOCpOODq+ODkOODg+ODhuODquODvOOCkuOBvuOBqOOCgeOBpuWFhembu+OBp+OBjeOCiyHmjIHjgaHpgYvjgbPjgavkvr/liKnjgarjgrPjg7Pjg5Hjgq/jg4jjgr/jgqTjg5fjga7jgrnjg57jg7zjg4jjg5Xjgqnjg7Pjg7vjgr/jg5bjg6zjg4Pjg4jnlKjjg6Ljg5DjgqTjg6vjg5Djg4Pjg4bjg6rjg7zjgII8YnI+PGJyPuKWoCDjgrnjg6rjg6DoqK3oqIjjgafjgqvjg5Djg7Pjgarjganjga7pmpnplpPjgavlhaXjgozjgoTjgZnjgY/jgIHmjIHjgaHpgYvjgbPjgavkvr/liKnjgarjgrPjg7Pjg5Hjgq/jg4jjgr/jgqTjg5fjga7jgrnjg57jg7zjg4jjg5Xjgqnjg7Pjg7vjgr/jg5bjg6zjg4Pjg4jnlKjjg6Ljg5DjgqTjg6vjg5Djg4Pjg4bjg6rjg7zjgafjgZnjgII8YnI+4pagIOacrOS9k+WFhembu+eUqOOCseODvOODluODq+OCkuaOpee2muOBl+OBn+OBvuOBvuOBp+OAgeOCueODnuODvOODiOODleOCqeODs+OChOOCv+ODluODrOODg+ODiOOBqOODouODkOOCpOODq+ODkOODg+ODhuODquODvOOCkuWFhembu+OBp+OBjeOCi+OAjOOBvuOBqOOCgeOBpuWFhembu+OAjeOBq+WvvuW/nOOBl+OBpuOBhOOBvuOBmeOAgjxicj7igLvjg6Ljg5DjgqTjg6vjg5Djg4Pjg4bjg6rjg7zmnKzkvZPjga7pm7vmsaDmrovph4/jgYww77yF44Gr44Gq44Gj44Gf5aC05ZCI44CB44Oi44OQ44Kk44Or44OQ44OD44OG44Oq44O85pys5L2T44G444Gu5YWF6Zu744GM5YSq5YWI44GV44KM44CB5rqA5YWF6Zu744Gu5b6M44CB44K544Oe44O844OI44OV44Kp44Oz44O744K/44OW44Os44OD44OI44G444Gu57Wm6Zu744KS6ZaL5aeL44GX44G+44GZ44CCPGJyPuKWoCDjg6Ljg5DjgqTjg6vjg5Djg4Pjg4bjg6rjg7zmnKzkvZPjgpLntIQzLjjmmYLplpPjgaflhYXpm7vjgafjgY3jgIHjg4Hjg6Pjg7zjgrjmmYLplpPjgpLlpKfluYXjgavnn63nuK7jgZnjgovjgZPjgajjgYzjgafjgY3jgb7jgZnjgILigLvlh7rlipsxLjhB5Lul5LiK44GuQUPjgqLjg4Djg5fjgr/kvb/nlKjmmYLjgII8YnI+4pagIOODkeOCveOCs+ODs+OBrlVTQuODneODvOODiOOBq+aOpee2muOBmeOCi+OBk+OBqOOBp+OCguWFhembu+WPr+iDveOBp+OBmeOAguKAu+ODkeOCveOCs+ODs+OBrlVTQuODneODvOODiOOBr+WHuuWKmzUwMG1B44Gu44Gf44KB44CB5pys6KO95ZOB44G444Gu55uu5a6J5YWF6Zu75pmC6ZaT44Gv57SEMTPmmYLplpPjgafjgZnjgII8YnI+4pagIFVTQuODneODvOODiOOCkjLjg53jg7zjg4jmkK3ovInjgZfjgabjgYrjgorjgIEx44Od44O844OI44GC44Gf44KK5pyA5aSnMS41QeOAgTLjg53jg7zjg4jlkIjoqIgzQeOBruWHuuWKm+OBjOWPr+iDveOBqumrmOWHuuWKm+ODouODh+ODq+OBp+OBmeOAgjxicj7ilqAg5pys6KO95ZOBKOODkOODg+ODhuODquODvOWuuemHjzYwMDBtQWgp44Gn44K544Oe44O844OI44OV44Kp44Oz44KS57SEMuWbnuWFhembu+WPr+iDveOBp+OBmeOAguKAu+a6gOWFhembu+OCkuOBl+OBn+acrOijveWTgeOCkueUqOOBhOOAgeODkOODg+ODhuODquODvOWuuemHj+OBjOe0hDE4MDBtQWjjga7jgrnjg57jg7zjg4jjg5Xjgqnjg7PjgpLlhYXpm7vjgZnjgovpmpvjga7nm67lronlm57mlbDjgafjgZnjgILlhYXpm7vkuK3jgavpm7vmupDjgYzlhaXjgaPjgZ/jgorjgIHmqZ/lmajjgpLkvb/nlKjjgZfjgabjgYTjgovloLTlkIjjga/oqJjovInjga7mlbDlgKTjgb7jgaflhYXpm7vjgafjgY3jgarjgYTloLTlkIjjgYzjgYLjgorjgb7jgZnjgII8YnI+4pagIOS7mOWxnuOBrlVTQuOCseODvOODluODq+OCkuacrOijveWTgeOBruWFhembu+eUqFVTQihtaWNyby1CKeODneODvOODiOOBq+aOpee2muOBl+OAgeWvvuW/nOOBl+OBn0FD44Ki44OA44OX44K/44Gr5o6l57aa44GZ44KL44GT44Go44Gn5YWF6Zu75Y+v6IO944Gn44GZ44CCPGJyPuKWoCBpUGhvbmXjgavku5jlsZ7jgoLjgZfjgY/jga/lr77lv5zjgZfjgZ9MaWdodG5pbmfjgrHjg7zjg5bjg6vjgpLliKnnlKjjgZnjgovjgZPjgajjgafjgIFpUGhvbmXjgoLlhYXpm7vlj6/og73jgafjgZnjgII8YnI+4pagIOODkOODg+ODhuODquODvOWFqOmdouOBq+izquaEn+OBrumrmOOBhOWFqOmdouOCt+ODnOWKoOW3peOCkuaWveOBl+OBpuOBhOOBvuOBmeOAgjxicj7ilqAg6Zu75rGg5q6L6YeP44GvNOautemajuOBrkxFROODqeODs+ODl+eCueeBr+OBp+eiuuiqjeWPr+iDveOBp+OBmeOAgjxicj7ilqAg57SENTAw5Zue57mw44KK6L+U44GX5L2/55So5Y+v6IO944Gq5YWF6Zu75byP44Oq44OB44Km44Og44Kk44Kq44Oz6Zu75rGg44KS5pCt6LyJ44GX44Gm44GE44G+44GZ44CCPGJyPuKWoCDlhoXolLXjga7lhYXpm7vlvI/jg6rjg4Hjgqbjg6DjgqTjgqrjg7Ppm7vmsaDjga/jgIFKSVMgQzg3MTHjgYrjgojjgbNKSVMgQzg3MTTjgavmupbmi6DjgZfjgZ/lronlhajoqK3oqIjjgafjgZnjgII8YnI+4pagIOmBjuWFhembu+ODu+mBjuaUvumbu+ODu+mBjumbu+Wcp+ODu+mBjumbu+a1gemYsuatouapn+iDveOBiuOCiOOBs+efree1oeS/neitt+apn+iDveOCkuWCmeOBiOOBn+OBguOCk+OBl+OCk+OBruWbnui3r+ioreioiOOBp+OBmeOAgjxicj7igLvlt6XloLTlh7rojbfmmYLjgas3MO+8heeoi+W6puWFhembu+OBleOCjOOBpuOBhOOBvuOBmeOAguWFhembu+W8j+ODquODgeOCpuODoOOCpOOCquODs+mbu+axoOOBr+aZgumWk+OBqOOBqOOCguOBq+aUvumbu+OBmeOCi+OBruOBp+OAgeOBlOS9v+eUqOOBq+OBquOCi+WJjeOBq+WFhembu+OBmeOCi+OBk+OBqOOCkuaOqOWlqOOBl+OBvuOBmeOAgjxicj48YnI+44CQ6KO95ZOB5LuV5qeY44CRPGJyPuKWoCDlr77lv5zmqZ/nqK7vvJptaWNyby1C44Kz44ON44Kv44K/5pCt6LyJ44K544Oe44O844OI44OV44Kp44Oz44CB44K/44OW44Os44OD44OI44CB44GK44KI44GzaVBob25l44Gq44Gp44GuaU9T56uv5pyr5qmf5Zmo4oC7MjAxNuW5tDbmnIjnj77lnKg8YnI+4pagIOOCs+ODjeOCr+OCv+W9oueKtijpm7vmupDlhaXlipvlgbQp77yaVVNCIE1pY3JvLUIg44Oh44K5PGJyPuKWoCDlrprmoLzlhaXlipvpm7vlnKfvvJpEQzVWPGJyPuKWoCDjgrPjg43jgq/jgr/lvaLnirYo6Zu75rqQ5Ye65Yqb5YG0Ke+8mlVTQi1B44Oh44K5PGJyPuKWoCDlrprmoLzlh7rlipvpm7vlnKfvvJpEQzVWPGJyPuKWoCDlrprmoLzlh7rlipvpm7vmtYHvvJozLjBBKOWQiOioiOacgOWkp+OAgTHjg53jg7zjg4jmnIDlpKcyLjBBKTxicj7ilqAg6Zu75rGg56iu6aGe77ya5YWF6Zu75byP44Oq44OB44Km44Og44Kk44Kq44Oz6Zu75rGgPGJyPuKWoCDpm7vmsaDlrprmoLzlrrnph4/vvJo2MDAwbUFoPGJyPuKWoCDlhYXpm7vmmYLplpPvvJozLjjmmYLplpMgMS44QeOBrkFD5YWF6Zu75Zmo5L2/55So5pmCPGJyPuKWoCDlpJblvaLlr7jms5XvvJo0NcOXOTDDlzI2bW08YnI+4pagIOOCseODvOODluODq+mVt++8mjEwY208YnI+4pagIOmHjemHj++8mjEzMWc8YnI+4pagIOOBj+OCiui/lOOBl+S9v+eUqOWbnuaVsO+8mjUwMOWbnjxicj7ilqAg5LuY5bGe5ZOB77yaVVNC44Kx44O844OW44OrKFVTQi1B44Kq44K5LU1pY3JvLULjgqrjgrkpPGJyPuKWoCDnkrDlooPphY3mha7kuovpoIXvvJrkvb/nlKjmuKnluqYgMO+9njQw4oSDPGJyPuKWoCDkv53oqLzmnJ/plpPvvJo244O25pyIPGJyPuKWoCDjgZ3jga7ku5bvvJppT1Pnq6/mnKvjgafkvb/nlKjjgZnjgovloLTlkIjjga/liKXpgJRpT1PnlKjjgrHjg7zjg5bjg6vjgpLjgZTnlKjmhI/jgY/jgaDjgZXjgYQ8YnI+PGJyPjwvZm9udD48L3RkPjwvdHI+PC90YWJsZT48c3R5bGUgdHlwZT0idGV4dC9jc3MiPgo8IS0tCi5yYWt1dGVuLWNhbXAgewoJd2lkdGg6IDcyNXB4OwoJYm9yZGVyOiAycHggc29saWQgIzMzOTlGRjsKCXBhZGRpbmctdG9wOiA1cHg7CgktbW96LWJvcmRlci1yYWRpdXM6NHB4OyAvKkZpcmVmb3gqLwoJLXdlYmtpdC1ib3JkZXItcmFkaXVzOiA0cHg7IC8qU2FmYXJpLENocm9tZSovCglib3JkZXItcmFkaXVzOjRweDsgLypPcGVyYSxDaHJvbWUqLwoJbWFyZ2luOjAgMTBweCAxMHB4IDA7Cn0KCi8qIOS+oeagvOOBq+aeoOe3muOBjOOBpOOBjyAqLwp0YWJsZSNyYWt1dGVuTGltaXRlZElkX2NhcnQgewogICAgYmFja2dyb3VuZC1jb2xvcjogI2Y4ZjhmODsKICAgIGJvcmRlcjogMXB4IHNvbGlkICNkZGQ7CiAgICBwYWRkaW5nOiA4cHg7CiAgICBtYXJnaW46IDE2cHggMDsKfQoKc3Bhbi5wcmljZTEgewogICAgY29sb3I6ICMzMzMgIWltcG9ydGFudDsKICAgIGZvbnQtd2VpZ2h0OiBib2xkOwogICAgZm9udC1zaXplOiA4MCUgIWltcG9ydGFudDsKICAgIGxpbmUtaGVpZ2h0OiAzMHB4OwogICAgZGlzcGxheTogaW5saW5lLWJsb2NrOwogICAgbWFyZ2luLXJpZ2h0OiAxNnB4Owp9CgotLT4KPC9zdHlsZT4KCjwhLS3jg5Djg4rjg7zjgqjjg6rjgqItLT4KCjwhLS3jgJDmtojjgZnjgarvvIHjgJHimIXimIXimIUgaGVpZ2h0PSIzODAiIOOBp+ioreWumuOBl+OBpuOBj+OBoOOBleOBhOOAguKYheKYheKYhS0tPgo8IS0t44OQ44OK44O844Ko44Oq44Ki44GT44GT44G+44GnLS0+Cgo8IS0t5qW95aSp44Kt44Oj44Oz44Oa44O844OzLS0+Cgo8aDIgc3R5bGU9Im1hcmdpbjoyMHB4IDAgMTBweCAwOyI+PGltZyBzcmM9Imh0dHA6Ly93d3cucmFrdXRlbi5uZS5qcC9nb2xkL2FraWJhbWFjL2ZyYW1lL2ltYWdlcy9yYWt1dGVuX3RpdGxlMi5naWYiIGFsdD0i5qW95aSp5biC5aC044Gu44GK5b6X44Gq44Kt44Oj44Oz44Oa44O844OzIiB3aWR0aD0iNzMwIiBoZWlnaHQ9IjQyIiBib3JkZXI9IjAiPjwvaDI+CjxkaXYgY2xhc3M9InJha3V0ZW4tY2FtcCIgc3R5bGU9Im1hcmdpbjowIDAgMCAwOyI+CgoKPCEtLealveWkqeOCreODo+ODs+ODmuODvOODs0DjgZPjgZPjgb7jgactLT4=,44Ko44Os44Kz44Og44K/44OW44Os44OD44OI77yP44K544Oe44O844OI44OV44Kp44Oz5a++5b+c77y7VVNCIG1pY3JvQu+8vVVTQuODouODkOOCpOODq+ODkOODg+ODhuODquODvO+8i1VTQiBtaWNyb0LjgrHjg7zjg5bjg6sgMTBjbSAzLjBB77yINjAwMG1BaOODuzLjg53jg7zjg4jjg7vjg5bjg6njg4Pjgq/vvIlERS1NMDFMNjAzMEJLIChERU0wMUw2MDMwQksp77ya44K944OV44Oe44OD44OX44CA44OH44K444K/44Or44Kz44Os44Kv44K344On44Oz,44K944OV44Oe44OD44OXIOODh+OCuOOCv+ODq+OCs+ODrOOCr+OCt+ODp+ODs1NvZm1hcCBEaWdpdGFsIENvbGxlY3Rpb27jg5Hjgr3jgrPjg7Pjgr/jg5bjg6zjg4Pjg4hQQ0hEROOCouOCu+ODs+ODluODquODkeODvOODhOODkeOCveOCs+ODs+ODkeODvOODhOODhuODrOODk+OCsuODvOODoOODluODq+ODvOODrOOCpOOCveODleODiERWROOCveODleODiOa2suaZtuODhuODrOODk+ODluODq+ODvOODrOOCpOODh+OCo+OCueOCr+ODrOOCs+ODvOODgOODvOODh+OCuOOCv+ODq+S4gOecvOODrOODleOCq+ODoeODqeODh+OCuOOCv+ODq+OCq+ODoeODqeWutumbu+aZguioiOS4reWPpOOAgOOCveODleODiOOCouOCpuODiOODrOODg+ODiOS4reWPpOODjuODvOODiOODkeOCveOCs+ODs+S4reWPpOODkeOCveOCs+ODs+OCqOODrOOCs+ODoOOCv+ODluODrOODg+ODiO+8j+OCueODnuODvOODiOODleOCqeODs+WvvuW/nO+8u1VTQiBtaWNyb0LvvL1VU0Ljg6Ljg5DjgqTjg6vjg5Djg4Pjg4bjg6rjg7zvvItVU0IgbWljcm9C44Kx44O844OW44OrIDEwY20gMy4wQe+8iDYwMDBtQWjjg7sy44Od44O844OI44O744OW44Op44OD44Kv77yJREUtTTAxTDYwMzBCSyAoREVNMDFMNjAzMEJLKQ==,44Ko44Os44Kz44Og44K/44OW44Os44OD44OI77yP44K544Oe44O844OI44OV44Kp44Oz5a++5b+c77y7VVNCIG1pY3JvQu+8vVVTQuODouODkOOCpOODq+ODkOODg+ODhuODquODvO+8i1VTQiBtaWNyb0LjgrHjg7zjg5bjg6sgMTBjbSAzLjBB77yINjAwMG1BaOODuzLjg53jg7zjg4jjg7vjg5bjg6njg4Pjgq/vvIlERS1NMDFMNjAzMEJLIChERU0wMUw2MDMwQksp[rn]
3-47078,aHR0cDovL3RzaG9wLnIxMHMuanAvYWtpYmFtYWMvY2FiaW5ldC8wNTI2NDA2OS80OTUzMTAzMjg0NTI0LmpwZz9maXRpbj03MDA6NzAw,MTI0MC4wMDAw,,44K544Oe44O844OI44OV44Kp44Oz44O744K/44OW44Os44OD44OIID4g44OQ44OD44OG44Oq44O844O75YWF6Zu75ZmoID4g44Oi44OQ44Kk44Or44OQ44OD44OG44Oq44O8,44Ko44Os44Kz44Og44K544Oe44O844OI44OV44Kp44Oz55So77y7VVNCIG1pY3JvQu+8j1VTQue1pumbu++8vSBVU0Ljg6Ljg5DjgqTjg6vjg5Djg4Pjg4bjg6rjg7wg77yLVVNCIG1pY3JvQuOCseODvOODluODqyAxMGNtIO+8iDMwMDBtQWjjg7vjg5bjg6njg4Pjgq/vvIkgREUtTTA0TDMwMTVCSyAoREVNMDRMMzAxNUJLKQ==,,PHRhYmxlIGJvcmRlcj0iMCIgY2VsbHBhZGRpbmc9IjAiIGNlbGxzcGFjaW5nPSIwIiB3aWR0aD0iNzEwIiBzdHlsZT0ibGluZS1oZWlnaHQ6MTQwJTsiPjx0cj48dGQ+PGZvbnQgc2l6ZT0iMiI+44CU44K544Oe44O844OI44OV44Kp44Oz55So77y7VVNCIG1pY3JvQu+8j1VTQue1pumbu++8ve+8muODouODkOOCpOODq+ODkOODg+ODhuODquODvO+8iFVTQuiThOmbu++8ie+8i1VTQiBtaWNyb0LjgrHjg7zjg5bjg6sg5YWF6Zu744CVPGJyPuOCueODnuODvOODiOODleOCqeODs+OBqOODouODkOOCpOODq+ODkOODg+ODhuODquODvOOCkuOBvuOBqOOCgeOBpuWFhembu+OBp+OBjeOCiyHmjIHjgaHpgYvjgbPjgavkvr/liKnjgarjgrPjg7Pjg5Hjgq/jg4jjgr/jgqTjg5fjga7jgrnjg57jg7zjg4jjg5Xjgqnjg7PnlKjjg6Ljg5DjgqTjg6vjg5Djg4Pjg4bjg6rjg7zjgII8YnI+PGJyPuKWoCDjgrnjg6rjg6DoqK3oqIjjgafjgqvjg5Djg7Pjgarjganjga7pmpnplpPjgavlhaXjgozjgoTjgZnjgY/jgIHmjIHjgaHpgYvjgbPjgavkvr/liKnjgarjgrPjg7Pjg5Hjgq/jg4jjgr/jgqTjg5fjga7jgrnjg57jg7zjg4jjg5Xjgqnjg7PnlKjjg6Ljg5DjgqTjg6vjg5Djg4Pjg4bjg6rjg7zjgafjgZnjgII8YnI+4pagIOacrOS9k+WFhembu+eUqOOCseODvOODluODq+OCkuaOpee2muOBl+OBn+OBvuOBvuOBp+OAgeOCueODnuODvOODiOODleOCqeODs+OBqOODouODkOOCpOODq+ODkOODg+ODhuODquODvOOCkuWFhembu+OBp+OBjeOCi+OAjOOBvuOBqOOCgeOBpuWFhembu+OAjeOBq+WvvuW/nOOBl+OBpuOBhOOBvuOBmeOAgjxicj7igLvjg6Ljg5DjgqTjg6vjg5Djg4Pjg4bjg6rjg7zmnKzkvZPjga7pm7vmsaDmrovph4/jgYww77yF44Gr44Gq44Gj44Gf5aC05ZCI44CB44Oi44OQ44Kk44Or44OQ44OD44OG44Oq44O85pys5L2T44G444Gu5YWF6Zu744GM5YSq5YWI44GV44KM44CB5rqA5YWF6Zu744Gu5b6M44CB44K544Oe44O844OI44OV44Kp44Oz44G444Gu57Wm6Zu744KS6ZaL5aeL44GX44G+44GZ44CCPGJyPuKWoCDjg6Ljg5DjgqTjg6vjg5Djg4Pjg4bjg6rjg7zmnKzkvZPjgpLntIQyLjXmmYLplpPjgaflhYXpm7vjgafjgY3jgIHjg4Hjg6Pjg7zjgrjmmYLplpPjgpLlpKfluYXjgavnn63nuK7jgZnjgovjgZPjgajjgYzjgafjgY3jgb7jgZnjgILigLvlh7rlipsxLjVB5Lul5LiK44GuQUPjgqLjg4Djg5fjgr/kvb/nlKjmmYLjgII8YnI+4pagIOODkeOCveOCs+ODs+OBrlVTQuODneODvOODiOOBq+aOpee2muOBmeOCi+OBk+OBqOOBp+OCguWFhembu+WPr+iDveOBp+OBmeOAguKAu+ODkeOCveOCs+ODs+OBrlVTQuODneODvOODiOOBr+WHuuWKmzUwMG1B44Gu44Gf44KB44CB5pys6KO95ZOB44G444Gu55uu5a6J5YWF6Zu75pmC6ZaT44Gv57SEOOaZgumWk+OBp+OBmeOAgjxicj7ilqAg5pyA5aSn5Ye65YqbMS41QeOBrumrmOWHuuWKm+ODouODh+ODq+OBp+OBmeOAgjxicj7ilqAg5pys6KO95ZOBKOODkOODg+ODhuODquODvOWuuemHjzMwMDBtQWgp44Gn44K544Oe44O844OI44OV44Kp44Oz44KS57SEMeWbnuWFhembu+WPr+iDveOBp+OBmeOAguKAu+a6gOWFhembu+OCkuOBl+OBn+acrOijveWTgeOCkueUqOOBhOOAgeODkOODg+ODhuODquODvOWuuemHj+OBjOe0hDE4MDBtQWjjga7jgrnjg57jg7zjg4jjg5Xjgqnjg7PjgpLlhYXpm7vjgZnjgovpmpvjga7nm67lronlm57mlbDjgafjgZnjgILlhYXpm7vkuK3jgavpm7vmupDjgYzlhaXjgaPjgZ/jgorjgIHmqZ/lmajjgpLkvb/nlKjjgZfjgabjgYTjgovloLTlkIjjga/oqJjovInjga7mlbDlgKTjgb7jgaflhYXpm7vjgafjgY3jgarjgYTloLTlkIjjgYzjgYLjgorjgb7jgZnjgII8YnI+4pagIOS7mOWxnuOBrlVTQuOCseODvOODluODq+OCkuacrOijveWTgeOBruWFhembu+eUqFVTQihtaWNyby1CKeODneODvOODiOOBq+aOpee2muOBl+OAgeWvvuW/nOOBl+OBn0FD44Ki44OA44OX44K/44Gr5o6l57aa44GZ44KL44GT44Go44Gn5YWF6Zu75Y+v6IO944Gn44GZ44CCPGJyPuKWoCBpUGhvbmXjgavku5jlsZ7jgoLjgZfjgY/jga/lr77lv5zjgZfjgZ9MaWdodG5pbmfjgrHjg7zjg5bjg6vjgpLliKnnlKjjgZnjgovjgZPjgajjgafjgIFpUGhvbmXjgoLlhYXpm7vlj6/og73jgafjgZnjgII8YnI+4pagIOODkOODg+ODhuODquODvOWFqOmdouOBq+izquaEn+OBrumrmOOBhOWFqOmdouOCt+ODnOWKoOW3peOCkuaWveOBl+OBpuOBhOOBvuOBmeOAgjxicj7ilqAg6Zu75rGg5q6L6YeP44GvNOautemajuOBrkxFROODqeODs+ODl+eCueeBr+OBp+eiuuiqjeWPr+iDveOBp+OBmeOAgjxicj7ilqAg57SENTAw5Zue57mw44KK6L+U44GX5L2/55So5Y+v6IO944Gq5YWF6Zu75byP44Oq44OB44Km44Og44Kk44Kq44Oz6Zu75rGg44KS5pCt6LyJ44GX44Gm44GE44G+44GZ44CCPGJyPuKWoCDlhoXolLXjga7lhYXpm7vlvI/jg6rjg4Hjgqbjg6DjgqTjgqrjg7Ppm7vmsaDjga/jgIFKSVMgQzg3MTHjgYrjgojjgbNKSVMgQzg3MTTjgavmupbmi6DjgZfjgZ/lronlhajoqK3oqIjjgafjgZnjgII8YnI+4pagIOmBjuWFhembu+ODu+mBjuaUvumbu+ODu+mBjumbu+Wcp+ODu+mBjumbu+a1gemYsuatouapn+iDveOBiuOCiOOBs+efree1oeS/neitt+apn+iDveOCkuWCmeOBiOOBn+OBguOCk+OBl+OCk+OBruWbnui3r+ioreioiOOBp+OBmeOAgjxicj48YnI+4oC75bel5aC05Ye66I235pmC44GrNzDvvIXnqIvluqblhYXpm7vjgZXjgozjgabjgYTjgb7jgZnjgILlhYXpm7vlvI/jg6rjg4Hjgqbjg6DjgqTjgqrjg7Ppm7vmsaDjga/mmYLplpPjgajjgajjgoLjgavmlL7pm7vjgZnjgovjga7jgafjgIHjgZTkvb/nlKjjgavjgarjgovliY3jgavlhYXpm7vjgZnjgovjgZPjgajjgpLmjqjlpajjgZfjgb7jgZnjgII8YnI+PGJyPuOAkOijveWTgeS7leanmOOAkTxicj7ilqAg5a++5b+c5qmf56iu77yabWljcm8tQuOCs+ODjeOCr+OCv+aQrei8ieOCueODnuODvOODiOODleOCqeODs+OAgeOCv+ODluODrOODg+ODiOOAgeOBiuOCiOOBs2lQaG9uZeOBquOBqeOBrmlPU+err+acq+apn+WZqOKAuzIwMTblubQ25pyI54++5ZyoPGJyPuKWoCDjgrPjg43jgq/jgr/lvaLnirYo6Zu75rqQ5YWl5Yqb5YG0Ke+8mlVTQiBNaWNyby1CIOODoeOCuTxicj7ilqAg5a6a5qC85YWl5Yqb6Zu75Zyn77yaREM1Vjxicj7ilqAg44Kz44ON44Kv44K/5b2i54q2KOmbu+a6kOWHuuWKm+WBtCnvvJpVU0ItQeODoeOCuTxicj7ilqAg5a6a5qC85Ye65Yqb6Zu75Zyn77yaREM1Vjxicj7ilqAg5a6a5qC85Ye65Yqb6Zu75rWB77yaMS41QTxicj7ilqAg6Zu75rGg56iu6aGe77ya5YWF6Zu75byP44Oq44OB44Km44Og44Kk44Kq44Oz6Zu75rGgPGJyPuKWoCDpm7vmsaDlrprmoLzlrrnph4/vvJozMDAwbUFoPGJyPuKWoCDlhYXpm7vmmYLplpPvvJoyLjXmmYLplpMgMS41QeOBrkFD5YWF6Zu75Zmo5L2/55So5pmCPGJyPuKWoCDlpJblvaLlr7jms5XvvJoyN8OXOTDDlzI2bW08YnI+4pagIOOCseODvOODluODq+mVt++8mjEwY208YnI+4pagIOmHjemHj++8mjc4Zzxicj7ilqAg44GP44KK6L+U44GX5L2/55So5Zue5pWw77yaNTAw5ZuePGJyPuKWoCDku5jlsZ7lk4HvvJpVU0LjgrHjg7zjg5bjg6soVVNCLUHjgqrjgrktTWljcm8tQuOCquOCuSk8YnI+4pagIOeSsOWig+mFjeaFruS6i+mghe+8muS9v+eUqOa4qeW6piAw772eNDDihIM8YnI+4pagIOS/neiovOacn+mWk++8mjbjg7bmnIg8YnI+4pagIOOBneOBruS7lu+8mmlPU+err+acq+OBp+S9v+eUqOOBmeOCi+WgtOWQiOOBr+WIpemAlGlPU+eUqOOCseODvOODluODq+OCkuOBlOeUqOaEj+OBj+OBoOOBleOBhDxicj48YnI+PC9mb250PjwvdGQ+PC90cj48L3RhYmxlPjxzdHlsZSB0eXBlPSJ0ZXh0L2NzcyI+CjwhLS0KLnJha3V0ZW4tY2FtcCB7Cgl3aWR0aDogNzI1cHg7Cglib3JkZXI6IDJweCBzb2xpZCAjMzM5OUZGOwoJcGFkZGluZy10b3A6IDVweDsKCS1tb3otYm9yZGVyLXJhZGl1czo0cHg7IC8qRmlyZWZveCovCgktd2Via2l0LWJvcmRlci1yYWRpdXM6IDRweDsgLypTYWZhcmksQ2hyb21lKi8KCWJvcmRlci1yYWRpdXM6NHB4OyAvKk9wZXJhLENocm9tZSovCgltYXJnaW46MCAxMHB4IDEwcHggMDsKfQoKLyog5L6h5qC844Gr5p6g57ea44GM44Gk44GPICovCnRhYmxlI3Jha3V0ZW5MaW1pdGVkSWRfY2FydCB7CiAgICBiYWNrZ3JvdW5kLWNvbG9yOiAjZjhmOGY4OwogICAgYm9yZGVyOiAxcHggc29saWQgI2RkZDsKICAgIHBhZGRpbmc6IDhweDsKICAgIG1hcmdpbjogMTZweCAwOwp9CgpzcGFuLnByaWNlMSB7CiAgICBjb2xvcjogIzMzMyAhaW1wb3J0YW50OwogICAgZm9udC13ZWlnaHQ6IGJvbGQ7CiAgICBmb250LXNpemU6IDgwJSAhaW1wb3J0YW50OwogICAgbGluZS1oZWlnaHQ6IDMwcHg7CiAgICBkaXNwbGF5OiBpbmxpbmUtYmxvY2s7CiAgICBtYXJnaW4tcmlnaHQ6IDE2cHg7Cn0KCi0tPgo8L3N0eWxlPgoKPCEtLeODkOODiuODvOOCqOODquOCoi0tPgoKPCEtLeOAkOa2iOOBmeOBqu+8geOAkeKYheKYheKYhSBoZWlnaHQ9IjM4MCIg44Gn6Kit5a6a44GX44Gm44GP44Gg44GV44GE44CC4piF4piF4piFLS0+CjwhLS3jg5Djg4rjg7zjgqjjg6rjgqLjgZPjgZPjgb7jgactLT4KCjwhLS3mpb3lpKnjgq3jg6Pjg7Pjg5rjg7zjg7MtLT4KCjxoMiBzdHlsZT0ibWFyZ2luOjIwcHggMCAxMHB4IDA7Ij48aW1nIHNyYz0iaHR0cDovL3d3dy5yYWt1dGVuLm5lLmpwL2dvbGQvYWtpYmFtYWMvZnJhbWUvaW1hZ2VzL3Jha3V0ZW5fdGl0bGUyLmdpZiIgYWx0PSLmpb3lpKnluILloLTjga7jgYrlvpfjgarjgq3jg6Pjg7Pjg5rjg7zjg7MiIHdpZHRoPSI3MzAiIGhlaWdodD0iNDIiIGJvcmRlcj0iMCI+PC9oMj4KPGRpdiBjbGFzcz0icmFrdXRlbi1jYW1wIiBzdHlsZT0ibWFyZ2luOjAgMCAwIDA7Ij4KCgo8IS0t5qW95aSp44Kt44Oj44Oz44Oa44O844OzQOOBk+OBk+OBvuOBpy0tPg==,44Ko44Os44Kz44Og44K544Oe44O844OI44OV44Kp44Oz55So77y7VVNCIG1pY3JvQu+8j1VTQue1pumbu++8vSBVU0Ljg6Ljg5DjgqTjg6vjg5Djg4Pjg4bjg6rjg7wg77yLVVNCIG1pY3JvQuOCseODvOODluODqyAxMGNtIO+8iDMwMDBtQWjjg7vjg5bjg6njg4Pjgq/vvIkgREUtTTA0TDMwMTVCSyAoREVNMDRMMzAxNUJLKe+8muOCveODleODnuODg+ODl+OAgOODh+OCuOOCv+ODq+OCs+ODrOOCr+OCt+ODp+ODsw==,44K944OV44Oe44OD44OXIOODh+OCuOOCv+ODq+OCs+ODrOOCr+OCt+ODp+ODs1NvZm1hcCBEaWdpdGFsIENvbGxlY3Rpb27jg5Hjgr3jgrPjg7Pjgr/jg5bjg6zjg4Pjg4hQQ0hEROOCouOCu+ODs+ODluODquODkeODvOODhOODkeOCveOCs+ODs+ODkeODvOODhOODhuODrOODk+OCsuODvOODoOODluODq+ODvOODrOOCpOOCveODleODiERWROOCveODleODiOa2suaZtuODhuODrOODk+ODluODq+ODvOODrOOCpOODh+OCo+OCueOCr+ODrOOCs+ODvOODgOODvOODh+OCuOOCv+ODq+S4gOecvOODrOODleOCq+ODoeODqeODh+OCuOOCv+ODq+OCq+ODoeODqeWutumbu+aZguioiOS4reWPpOOAgOOCveODleODiOOCouOCpuODiOODrOODg+ODiOS4reWPpOODjuODvOODiOODkeOCveOCs+ODs+S4reWPpOODkeOCveOCs+ODs+OCqOODrOOCs+ODoOOCueODnuODvOODiOODleOCqeODs+eUqO+8u1VTQiBtaWNyb0LvvI9VU0Lntabpm7vvvL0gVVNC44Oi44OQ44Kk44Or44OQ44OD44OG44Oq44O8IO+8i1VTQiBtaWNyb0LjgrHjg7zjg5bjg6sgMTBjbSDvvIgzMDAwbUFo44O744OW44Op44OD44Kv77yJIERFLU0wNEwzMDE1QksgKERFTTA0TDMwMTVCSyk=,44Ko44Os44Kz44Og44K544Oe44O844OI44OV44Kp44Oz55So77y7VVNCIG1pY3JvQu+8j1VTQue1pumbu++8vSBVU0Ljg6Ljg5DjgqTjg6vjg5Djg4Pjg4bjg6rjg7wg77yLVVNCIG1pY3JvQuOCseODvOODluODqyAxMGNtIO+8iDMwMDBtQWjjg7vjg5bjg6njg4Pjgq/vvIkgREUtTTA0TDMwMTVCSyAoREVNMDRMMzAxNUJLKQ==[rn]
3-47079,aHR0cDovL3RzaG9wLnIxMHMuanAvYWtpYmFtYWMvY2FiaW5ldC8wNTA1MDczOS80OTUwMTkwMzU4Mjc1LmpwZz9maXRpbj03MDA6NzAw,MTY2MC4wMDAw,,44K544Oe44O844OI44OV44Kp44Oz44O744K/44OW44Os44OD44OIID4g44OQ44OD44OG44Oq44O844O75YWF6Zu75ZmoID4g44Oi44OQ44Kk44Or44OQ44OD44OG44Oq44O8,QlVGRkFMT+OCv+ODluODrOODg+ODiO+8j+OCueODnuODvOODiOODleOCqeODs+WvvuW/nO+8u1VTQiBtaWNyb0LvvI9VU0Lntabpm7vvvL1VU0Ljg6Ljg5DjgqTjg6vjg5Djg4Pjg4bjg6rjg7wg77yLVVNCIG1pY3JvQuOCseODvOODluODqyAxNe+9g++9jSAyLjRBKDY3MDBtQWjjg7vjg5vjg6/jgqTjg4gpIEJTTVBCNjcwMVAxV0g=,,PHRhYmxlIGJvcmRlcj0iMCIgY2VsbHBhZGRpbmc9IjAiIGNlbGxzcGFjaW5nPSIwIiB3aWR0aD0iNzEwIiBzdHlsZT0ibGluZS1oZWlnaHQ6MTQwJTsiPjx0cj48dGQ+PGZvbnQgc2l6ZT0iMiI+44CMQVVUTyBQT1dFUiBTRUxFQ1TmqZ/og73jgI3jgadpUGhvbmUvQW5kcm9pZOOCkuiHquWLleOBp+aApemAn+WFhembu+OAgjxicj7lhYXpm7vmlrnlvI/jga7nlbDjgarjgotpUGhvbmXjgIFBbmRyb2lk44KS5bCC55SoSUPjgYzoh6rli5XjgafliKTliKXjgZfjgIHmjqXntprjgZXjgozjgZ/mqZ/lmajjgavmnIDpganjgarlhYXpm7vvvIjlh7rlipvvvInjgpLooYzjgYZBVVRPIFBPV0VSIFNFTEVDVOapn+iDveOCkuaQrei8ieOAguOBqeOBruODneODvOODiOOBq+OBqeOBruapn+eoruOCkuaOpee2muOBl+OBpuOCguiHquWLleOBp+aApemAn+WFhembu+OBp+OBjeOBvuOBmeOAgjxicj48YnI+44K544Oe44O844OI44OV44Kp44Oz44KS57SEMi415Zue5YiG77yI4oC777yJ5YWF6Zu744Gn44GN44KL44Oi44OQ44Kk44Or44OQ44OD44OG44Oq44O8PGJyPmlQaG9uZeOBquOBqeOBruOCueODnuODvOODiOODleOCqeODs+OCkuWFhembu+OBp+OBjeOCi+WFhembu+W8j+ODquODgeOCpuODoOOCpOOCquODs+mbu+axoOWGheiUteOBruODouODkOOCpOODq+ODkOODg+ODhuODquODvOOAgjxicj4g5Lya56S+55So44Go44OX44Op44Kk44OZ44O844OI55So44Gn44CB44K544Oe44O844OI44OV44Kp44Oz44KSMuWPsOOBiuaMgeOBoeOBruaWueOCguWuieW/g+OBruWkp+WuuemHjzY3MDBtQWjjgIJpUGhvbmUgNnPjgarjgonntIQyLjXlm57liIbvvIjigLvvvInlhYXpm7vlj6/og73jgafjgZnjgIIg44OQ44OD44OG44Oq44O85YiH44KM44KS5rCX44Gr44Gb44Ga5a6J5b+D44GX44Gm44K544Oe44O844OI44OV44Kp44Oz44KS5L2/55So44Gn44GN44G+44GZ44CCPGJyPuKAu2lQaG9uZTZz44Gn44Gu6Kmm6aiT57WQ5p6c44Gr5Z+644Gl44GPPGJyPuOAkOa4rOWumuOBq+S9v+eUqOOBl+OBn+apn+adkOOAkeacrOijveWTgeOAgWlQaG9uZTZzKGlPUyB2ZXI5LjMuMSnjgIFMaWdodG5pbmfjgrPjg43jgq/jgr/jg7zku5jlhYXpm7vjgrHjg7zjg5bjg6vvvIgxMGNt77yJPGJyPiDjgJDmuKzlrprmlrnms5XjgJFpUGhvbmU2c+OBjOODkOODg+ODhuODquODvOaui+mHj+itpuWRiu+8iOaui+mHjzEwJe+8ieOCkuihqOekuuOBl+OBn+aZgueCueOBp2lQaG9uZTZz5pys5L2T44Gu6Zu75rqQ44KST0ZG44Gr44GX44CB5qyh44GraVBob25lNnPmnKzkvZPjga7lhYXpm7vnirbmhYvjgYwxMDAl44Gr44Gq44KL44G+44Gn44KSMeWbnuOBqOOBmeOCi+OAgiDvvIgyMDE25bm0NeaciOiqv+OBue+8iTxicj4g77yI5rOo77yJ5a6f6Zqb44Gu5YWF6Zu75pmC6ZaT44CB5YWF6Zu75Zue5pWw44Gv5rip5bqm44CB5rm/5bqm44CB44GU5L2/55So44GV44KM44KL5YWF6Zu744Kx44O844OW44Or562J44Gu5ris5a6a55Kw5aKD44CB44GK44KI44Gz44CB5pys6KO95ZOB44O7aVBob25lNnPjga7nirbmhYvjgavjgojjgornlbDjgarjgovloLTlkIjjgYzjgYLjgorjgb7jgZnjgII8YnI+PGJyPumbu+a6kOWIh+OCiuW/mOOCjOOBq+OCiOOCi+eEoemnhOOBqumbu+WKm+a2iOiyu+OCkumYsuOBkOOCquODvOODiOODkeODr+ODvOOCquODleapn+iDvTxicj7mnKzoo73lk4Hjga/jgr3jg5Xjg4jjgqbjgqfjgqLjgrnjgqTjg4Pjg4HjgpLmjqHnlKjjgZfjgabjgYrjgorjgIHlh7rlipvpm7vmtYHjgpLmpJznn6XjgZfjgabjgIHlhYXpm7vjgZfjgabjgYTjgarjgYTmmYLjga/oh6rli5Xjgafoo73lk4Hjga7pm7vmupDjgYzliIfjgozjgb7jgZnjgILnhKHpp4TjgarmtojosrvjgYzjgarjgYTjga7jgafnt4rmgKXmmYLjgavlronlv4PjgZfjgabjgZTkvb/nlKjjgYTjgZ/jgaDjgZHjgb7jgZnjgII8YnI+4oC744K544Oe44O844OI44OV44Kp44Oz44Gr44KI44Gj44Gm44Gv44CBMTAwJeWFhembu+ihqOekuuW+jOOCguWFhembu+OBjOe2muOBj+apn+eoruOBjOOBguOCiuOBvuOBmeOAgjxicj48YnI+5a656YeP44GM5LiA55uu44Gn44KP44GL44KLNOautemajkxFROaui+mHj+ihqOekuuapn+iDvTxicj7mnKzkvZPjgatMRUTjgpLmkK3ovInjgZfjgabjgYrjgorjgIE05q616ZqO6KGo56S644Gn6Zu75rGg5q6L6YeP44GM5LiA55uu44Gn56K66KqN44Gn44GN44G+44GZ44CC5L2/44GG44Go44GN44Gr44OQ44OD44OG44Oq44O844Gu5q6L6YeP44GM54Sh44GE44Go44GE44Gj44Gf5LiN5a6J44KS6Kej5raI44GX44G+44GZ44CCPGJyPjxicj7mjIHjgaHpgYvjgbPjgavkvr/liKnjgarjgq3jg6Pjg6rjg7PjgrDjg53jg7zjg4Hku5jjgY08YnI+5oyB44Gh6YGL44Gz44Gr5L6/5Yip44Gq44Kt44Oj44Oq44Oz44Kw44Od44O844OB44GM5LuY5bGe44CC44GK5Ye644GL44GR44Gu5pmC44KC5a6J5b+D44Gn44GZ44CCPGJyPjxicj7jg5Djg4Pjg5XjgqHjg63jg7zjga7jg5Djg4Pjg4bjg6rjg7zjga/lronlv4Pjg7vlronlhajoqK3oqIg8YnI+5L2/55So5pmC44Gu6YGO6Zu75rWB77yI44K344On44O844OI77yJL+mBjumbu+Wcp+OBquOBqeOBrueVsOW4uOOCkuaknOefpeOBl+OBpuWLleS9nOOCkuWBnOatouOBl+OCueODnuODm+OCkuS/neitt+OBmeOCizLmrrXpmo7jga7lm57ot6/jgIHlronlhajoo4Xnva7ku5jjga7jg5Djg4Pjg4bjg6rjg7zjgrvjg6vjgpLmkK3ovInjgILlronlv4Pjg7vlronlhajjgarlhYXpm7vjgYzooYzjgYjjgb7jgZnjgII8YnI+PGJyPjIuNEHlh7rlipvlr77lv5zjgafjgr/jg5bjg6zjg4Pjg4jjgarjganjgrnjg57jg7zjg4jjg5Xjgqnjg7Pku6XlpJbjga7mqZ/lmajjgavjgoLlr77lv5w8YnI+Mi40QeWHuuWKm+OBruOBn+OCgeOAgWlQYWTjgoRBbmRyb2lk44K/44OW44Os44OD44OI44Gr5a++44GX44Gm44KC5a6J5a6a44GX44Gf5YWF6Zu744GM5Y+v6IO944Gn44GZ44CC44G+44GfV2Fsa21hbuOAgeODh+OCuOOCq+ODoeOAgeaQuuW4r+OCsuODvOODoOapn+OAgeODouODkOOCpOODq+ODq+ODvOOCv+ODvOOBquOBqeOAgVVTQuWFhembu+OBq+WvvuW/nOOBl+OBpuOBhOOCi+apn+WZqOOBq+OCguWvvuW/nOOBl+OBpuOBhOOBvuOBmeOAgjxicj7igLtBbmRyb2lk44K/44OW44Os44OD44OI44GvbWljcm8gVVNC5YWF6Zu744Gr5a++5b+c44GX44Gf44K/44OW44Os44OD44OI44Gr6ZmQ44KK44G+44GZ44CCPGJyPuKAu1BD44GuVVNC44Od44O844OI44GL44KJ5YWF6Zu744Gn44GN44KL5qmf5Zmo44Gu44G/44CCPGJyPuKAu2lQYWTjgIFtaWNyb0Lku6XlpJbjga7nq6/lrZDjgpLkvb/nlKjjgZnjgovmqZ/lmajjgpLlhYXpm7vjgZnjgovpmpvjga/liKXlo7LjgorjgrHjg7zjg5bjg6vjgYzlv4XopoHjgafjgZnjgII8YnI+PGJyPue5sOOCiui/lOOBl+ODgeODo+ODvOOCuOOBq+WvvuW/nCA8YnI+57SEMzAw5Zue5L2/55So5Y+v6IO944Gq5YWF6Zu75byP44Oq44OB44Km44Og44Kk44Kq44Oz6Zu75rGg44KS5o6h55So44CC44OQ44OD44OG44Oq44O85pys5L2T44KS44Kz44Oz44K744Oz44OI44KEUEPjgYvjgonjg4Hjg6Pjg7zjgrjjgZnjgovjgZPjgajjgafnubDjgorov5TjgZfkvb/nlKjjgafjgY3jgb7jgZnjgIIgPGJyPjxicj5Sb0hT5Z+65rqW5YCk5rqW5ougPGJyPjIwMDblubQ35pyI44GL44KJRVXlnI/jgafmlr3ooYzjgZXjgozjgZ/pm7vmsJfjg7vpm7vlrZDmqZ/lmajjgavlr77jgZnjgovnibnlrprmnInlrrPnianos6rkvb/nlKjliLbpmZDmjIfku6TjgIxSb0hT5oyH5Luk44CN44Gu5Z+65rqW5YCk44Gr5rqW5oug44GX44Gm44GE44G+44GZ44CCPGJyPuKAu1JvSFPln7rmupblgKTjgavjgaTjgYTjgabjga/jgZPjgaHjgonjgpLjgZTopqfjgY/jgaDjgZXjgYTjgII8YnI+PGJyPuOAkOijveWTgeS7leanmOOAkTxicj7jg5Djg4Pjg4bjg6rjg7zjgr/jgqTjg5fjgIDlhYXpm7vlvI/jg6rjg4Hjgqbjg6DjgqTjgqrjg7Ppm7vmsaA8YnI+44OQ44OD44OG44Oq44O85a656YeP44CAREMzLjYzVi82NzAwbUFo77yI57SEMjQuMzJXaO+8iTxicj7lhaXlipvjgIBEQzUuMFYvMi4wQTxicj7lh7rlipvjgIBEQzUuMFYvMi40QTxicj7lhYXpm7vmmYLplpPjgIDntIQ15pmC6ZaT44CA4oC75b2T56S+VVNC5YWF6Zu75ZmoQlNNUEJBQzA144KS5L2/55So44GX44Gm44OB44Oj44O844K444GX44Gf5aC05ZCI44Gu55uu5a6J44CCPGJyPue5sOOCiui/lOOBl+WFhembu+WbnuaVsOOAgOe0hDMwMOWbnjxicj7jgrHjg7zjg5bjg6vplbfjgIDntIQxNWNtPGJyPuWkluW9ouWvuOazle+8iOW5hcOX6auY44GVw5flpaXooYzvvInjgIA1M8OXODjDlzIzLjZtbe+8iOeqgei1t+mDqOmZpOOBj++8iTxicj7os6rph4/jgIDntIQxMzVnPGJyPuODkeODg+OCseODvOOCuOWvuOazle+8iOW5hcOX6auY44GVw5flpaXooYzvvInjgIAxMDDDlzE3OMOXNDJtbTxicj7jg5Hjg4PjgrHjg7zjgrjos6rph4/vvIjmnKzkvZPlkKvjgoDvvInjgIDntIQxOTNnPGJyPuWLleS9nOeSsOWig+OAgOa4qeW6pjXihIPvvZ40MOKEg+OAgea5v+W6pjEw77yF772eODXvvIUo57WQ6Zyy44Gq44GN44GT44GoKTxicj7kv53oqLzmnJ/plpPjgIA244O25pyIPGJyPuijveWTgeani+aIkOOAgOacrOS9k+OAgVVTQiBBIHRvIG1pY3JvQuOCseODvOODluODq++8iDE1Y23vvInjgIHjgq3jg6Pjg6rjg7PjgrDjg53jg7zjg4HjgIHlj5bmibHoqqzmmI7mm7g8YnI+PGJyPjwvZm9udD48L3RkPjwvdHI+PC90YWJsZT48c3R5bGUgdHlwZT0idGV4dC9jc3MiPgo8IS0tCi5yYWt1dGVuLWNhbXAgewoJd2lkdGg6IDcyNXB4OwoJYm9yZGVyOiAycHggc29saWQgIzMzOTlGRjsKCXBhZGRpbmctdG9wOiA1cHg7CgktbW96LWJvcmRlci1yYWRpdXM6NHB4OyAvKkZpcmVmb3gqLwoJLXdlYmtpdC1ib3JkZXItcmFkaXVzOiA0cHg7IC8qU2FmYXJpLENocm9tZSovCglib3JkZXItcmFkaXVzOjRweDsgLypPcGVyYSxDaHJvbWUqLwoJbWFyZ2luOjAgMTBweCAxMHB4IDA7Cn0KCi8qIOS+oeagvOOBq+aeoOe3muOBjOOBpOOBjyAqLwp0YWJsZSNyYWt1dGVuTGltaXRlZElkX2NhcnQgewogICAgYmFja2dyb3VuZC1jb2xvcjogI2Y4ZjhmODsKICAgIGJvcmRlcjogMXB4IHNvbGlkICNkZGQ7CiAgICBwYWRkaW5nOiA4cHg7CiAgICBtYXJnaW46IDE2cHggMDsKfQoKc3Bhbi5wcmljZTEgewogICAgY29sb3I6ICMzMzMgIWltcG9ydGFudDsKICAgIGZvbnQtd2VpZ2h0OiBib2xkOwogICAgZm9udC1zaXplOiA4MCUgIWltcG9ydGFudDsKICAgIGxpbmUtaGVpZ2h0OiAzMHB4OwogICAgZGlzcGxheTogaW5saW5lLWJsb2NrOwogICAgbWFyZ2luLXJpZ2h0OiAxNnB4Owp9CgotLT4KPC9zdHlsZT4KCjwhLS3jg5Djg4rjg7zjgqjjg6rjgqItLT4KCjwhLS3jgJDmtojjgZnjgarvvIHjgJHimIXimIXimIUgaGVpZ2h0PSIzODAiIOOBp+ioreWumuOBl+OBpuOBj+OBoOOBleOBhOOAguKYheKYheKYhS0tPgo8IS0t44OQ44OK44O844Ko44Oq44Ki44GT44GT44G+44GnLS0+Cgo8IS0t5qW95aSp44Kt44Oj44Oz44Oa44O844OzLS0+Cgo8aDIgc3R5bGU9Im1hcmdpbjoyMHB4IDAgMTBweCAwOyI+PGltZyBzcmM9Imh0dHA6Ly93d3cucmFrdXRlbi5uZS5qcC9nb2xkL2FraWJhbWFjL2ZyYW1lL2ltYWdlcy9yYWt1dGVuX3RpdGxlMi5naWYiIGFsdD0i5qW95aSp5biC5aC044Gu44GK5b6X44Gq44Kt44Oj44Oz44Oa44O844OzIiB3aWR0aD0iNzMwIiBoZWlnaHQ9IjQyIiBib3JkZXI9IjAiPjwvaDI+CjxkaXYgY2xhc3M9InJha3V0ZW4tY2FtcCIgc3R5bGU9Im1hcmdpbjowIDAgMCAwOyI+CgoKPCEtLealveWkqeOCreODo+ODs+ODmuODvOODs0DjgZPjgZPjgb7jgactLT4=,QlVGRkFMT+OCv+ODluODrOODg+ODiO+8j+OCueODnuODvOODiOODleOCqeODs+WvvuW/nO+8u1VTQiBtaWNyb0LvvI9VU0Lntabpm7vvvL1VU0Ljg6Ljg5DjgqTjg6vjg5Djg4Pjg4bjg6rjg7wg77yLVVNCIG1pY3JvQuOCseODvOODluODqyAxNe+9g++9jSAyLjRBKDY3MDBtQWjjg7vjg5vjg6/jgqTjg4gpIEJTTVBCNjcwMVAxV0jvvJrjgr3jg5Xjg57jg4Pjg5fjgIDjg4fjgrjjgr/jg6vjgrPjg6zjgq/jgrfjg6fjg7M=,44K944OV44Oe44OD44OXIOODh+OCuOOCv+ODq+OCs+ODrOOCr+OCt+ODp+ODs1NvZm1hcCBEaWdpdGFsIENvbGxlY3Rpb27jg5Hjgr3jgrPjg7Pjgr/jg5bjg6zjg4Pjg4hQQ0hEROOCouOCu+ODs+ODluODquODkeODvOODhOODkeOCveOCs+ODs+ODkeODvOODhOODhuODrOODk+OCsuODvOODoOODluODq+ODvOODrOOCpOOCveODleODiERWROOCveODleODiOa2suaZtuODhuODrOODk+ODluODq+ODvOODrOOCpOODh+OCo+OCueOCr+ODrOOCs+ODvOODgOODvOODh+OCuOOCv+ODq+S4gOecvOODrOODleOCq+ODoeODqeODh+OCuOOCv+ODq+OCq+ODoeODqeWutumbu+aZguioiOS4reWPpOOAgOOCveODleODiOOCouOCpuODiOODrOODg+ODiOS4reWPpOODjuODvOODiOODkeOCveOCs+ODs+S4reWPpOODkeOCveOCs+ODs0JVRkZBTE/jgr/jg5bjg6zjg4Pjg4jvvI/jgrnjg57jg7zjg4jjg5Xjgqnjg7Plr77lv5zvvLtVU0IgbWljcm9C77yPVVNC57Wm6Zu777y9VVNC44Oi44OQ44Kk44Or44OQ44OD44OG44Oq44O8IO+8i1VTQiBtaWNyb0LjgrHjg7zjg5bjg6sgMTXvvYPvvY0gMi40QSg2NzAwbUFo44O744Ob44Ov44Kk44OIKSBCU01QQjY3MDFQMVdI,QlVGRkFMT+OCv+ODluODrOODg+ODiO+8j+OCueODnuODvOODiOODleOCqeODs+WvvuW/nO+8u1VTQiBtaWNyb0LvvI9VU0Lntabpm7vvvL1VU0Ljg6Ljg5DjgqTjg6vjg5Djg4Pjg4bjg6rjg7wg77yLVVNCIG1pY3JvQuOCseODvOODluODqyAxNe+9g++9jSAyLjRBKDY3MDBtQWjjg7vjg5vjg6/jgqTjg4gpIEJTTVBCNjcwMVAxV0g=[rn]
3-47080,aHR0cDovL3RzaG9wLnIxMHMuanAvYWtpYmFtYWMvY2FiaW5ldC8wNTI2NDA2OS80OTUzMTAzMjg0NTQ4LmpwZz9maXRpbj03MDA6NzAw,MTI0MC4wMDAw,,44K544Oe44O844OI44OV44Kp44Oz44O744K/44OW44Os44OD44OIID4g44OQ44OD44OG44Oq44O844O75YWF6Zu75ZmoID4g44Oi44OQ44Kk44Or44OQ44OD44OG44Oq44O8,44Ko44Os44Kz44Og44K544Oe44O844OI44OV44Kp44Oz55So77y7VVNCIG1pY3JvQu+8j1VTQue1pumbu++8vSBVU0Ljg6Ljg5DjgqTjg6vjg5Djg4Pjg4bjg6rjg7wg77yLVVNCIG1pY3JvQuOCseODvOODluODqyAxMGNtIO+8iDMwMDBtQWjjg7vjg5Tjg7Pjgq/vvIkgREUtTTA0TDMwMTVQTiAoREVNMDRMMzAxNVBOKQ==,,PHRhYmxlIGJvcmRlcj0iMCIgY2VsbHBhZGRpbmc9IjAiIGNlbGxzcGFjaW5nPSIwIiB3aWR0aD0iNzEwIiBzdHlsZT0ibGluZS1oZWlnaHQ6MTQwJTsiPjx0cj48dGQ+PGZvbnQgc2l6ZT0iMiI+44CU44K544Oe44O844OI44OV44Kp44Oz55So77y7VVNCIG1pY3JvQu+8j1VTQue1pumbu++8ve+8muODouODkOOCpOODq+ODkOODg+ODhuODquODvO+8iFVTQuiThOmbu++8ie+8i1VTQiBtaWNyb0LjgrHjg7zjg5bjg6sg5YWF6Zu744CVPGJyPuOCueODnuODvOODiOODleOCqeODs+OBqOODouODkOOCpOODq+ODkOODg+ODhuODquODvOOCkuOBvuOBqOOCgeOBpuWFhembu+OBp+OBjeOCiyHmjIHjgaHpgYvjgbPjgavkvr/liKnjgarjgrPjg7Pjg5Hjgq/jg4jjgr/jgqTjg5fjga7jgrnjg57jg7zjg4jjg5Xjgqnjg7PnlKjjg6Ljg5DjgqTjg6vjg5Djg4Pjg4bjg6rjg7zjgII8YnI+PGJyPuKWoCDjgrnjg6rjg6DoqK3oqIjjgafjgqvjg5Djg7Pjgarjganjga7pmpnplpPjgavlhaXjgozjgoTjgZnjgY/jgIHmjIHjgaHpgYvjgbPjgavkvr/liKnjgarjgrPjg7Pjg5Hjgq/jg4jjgr/jgqTjg5fjga7jgrnjg57jg7zjg4jjg5Xjgqnjg7PnlKjjg6Ljg5DjgqTjg6vjg5Djg4Pjg4bjg6rjg7zjgafjgZnjgII8YnI+4pagIOacrOS9k+WFhembu+eUqOOCseODvOODluODq+OCkuaOpee2muOBl+OBn+OBvuOBvuOBp+OAgeOCueODnuODvOODiOODleOCqeODs+OBqOODouODkOOCpOODq+ODkOODg+ODhuODquODvOOCkuWFhembu+OBp+OBjeOCi+OAjOOBvuOBqOOCgeOBpuWFhembu+OAjeOBq+WvvuW/nOOBl+OBpuOBhOOBvuOBmeOAgjxicj7igLvjg6Ljg5DjgqTjg6vjg5Djg4Pjg4bjg6rjg7zmnKzkvZPjga7pm7vmsaDmrovph4/jgYww77yF44Gr44Gq44Gj44Gf5aC05ZCI44CB44Oi44OQ44Kk44Or44OQ44OD44OG44Oq44O85pys5L2T44G444Gu5YWF6Zu744GM5YSq5YWI44GV44KM44CB5rqA5YWF6Zu744Gu5b6M44CB44K544Oe44O844OI44OV44Kp44Oz44G444Gu57Wm6Zu744KS6ZaL5aeL44GX44G+44GZ44CCPGJyPuKWoCDjg6Ljg5DjgqTjg6vjg5Djg4Pjg4bjg6rjg7zmnKzkvZPjgpLntIQyLjXmmYLplpPjgaflhYXpm7vjgafjgY3jgIHjg4Hjg6Pjg7zjgrjmmYLplpPjgpLlpKfluYXjgavnn63nuK7jgZnjgovjgZPjgajjgYzjgafjgY3jgb7jgZnjgILigLvlh7rlipsxLjVB5Lul5LiK44GuQUPjgqLjg4Djg5fjgr/kvb/nlKjmmYLjgII8YnI+4pagIOODkeOCveOCs+ODs+OBrlVTQuODneODvOODiOOBq+aOpee2muOBmeOCi+OBk+OBqOOBp+OCguWFhembu+WPr+iDveOBp+OBmeOAguKAu+ODkeOCveOCs+ODs+OBrlVTQuODneODvOODiOOBr+WHuuWKmzUwMG1B44Gu44Gf44KB44CB5pys6KO95ZOB44G444Gu55uu5a6J5YWF6Zu75pmC6ZaT44Gv57SEOOaZgumWk+OBp+OBmeOAgjxicj7ilqAg5pyA5aSn5Ye65YqbMS41QeOBrumrmOWHuuWKm+ODouODh+ODq+OBp+OBmeOAgjxicj7ilqAg5pys6KO95ZOBKOODkOODg+ODhuODquODvOWuuemHjzMwMDBtQWgp44Gn44K544Oe44O844OI44OV44Kp44Oz44KS57SEMeWbnuWFhembu+WPr+iDveOBp+OBmeOAguKAu+a6gOWFhembu+OCkuOBl+OBn+acrOijveWTgeOCkueUqOOBhOOAgeODkOODg+ODhuODquODvOWuuemHj+OBjOe0hDE4MDBtQWjjga7jgrnjg57jg7zjg4jjg5Xjgqnjg7PjgpLlhYXpm7vjgZnjgovpmpvjga7nm67lronlm57mlbDjgafjgZnjgILlhYXpm7vkuK3jgavpm7vmupDjgYzlhaXjgaPjgZ/jgorjgIHmqZ/lmajjgpLkvb/nlKjjgZfjgabjgYTjgovloLTlkIjjga/oqJjovInjga7mlbDlgKTjgb7jgaflhYXpm7vjgafjgY3jgarjgYTloLTlkIjjgYzjgYLjgorjgb7jgZnjgII8YnI+4pagIOS7mOWxnuOBrlVTQuOCseODvOODluODq+OCkuacrOijveWTgeOBruWFhembu+eUqFVTQihtaWNyby1CKeODneODvOODiOOBq+aOpee2muOBl+OAgeWvvuW/nOOBl+OBn0FD44Ki44OA44OX44K/44Gr5o6l57aa44GZ44KL44GT44Go44Gn5YWF6Zu75Y+v6IO944Gn44GZ44CCPGJyPuKWoCBpUGhvbmXjgavku5jlsZ7jgoLjgZfjgY/jga/lr77lv5zjgZfjgZ9MaWdodG5pbmfjgrHjg7zjg5bjg6vjgpLliKnnlKjjgZnjgovjgZPjgajjgafjgIFpUGhvbmXjgoLlhYXpm7vlj6/og73jgafjgZnjgII8YnI+4pagIOODkOODg+ODhuODquODvOWFqOmdouOBq+izquaEn+OBrumrmOOBhOWFqOmdouOCt+ODnOWKoOW3peOCkuaWveOBl+OBpuOBhOOBvuOBmeOAgjxicj7ilqAg6Zu75rGg5q6L6YeP44GvNOautemajuOBrkxFROODqeODs+ODl+eCueeBr+OBp+eiuuiqjeWPr+iDveOBp+OBmeOAgjxicj7ilqAg57SENTAw5Zue57mw44KK6L+U44GX5L2/55So5Y+v6IO944Gq5YWF6Zu75byP44Oq44OB44Km44Og44Kk44Kq44Oz6Zu75rGg44KS5pCt6LyJ44GX44Gm44GE44G+44GZ44CCPGJyPuKWoCDlhoXolLXjga7lhYXpm7vlvI/jg6rjg4Hjgqbjg6DjgqTjgqrjg7Ppm7vmsaDjga/jgIFKSVMgQzg3MTHjgYrjgojjgbNKSVMgQzg3MTTjgavmupbmi6DjgZfjgZ/lronlhajoqK3oqIjjgafjgZnjgII8YnI+4pagIOmBjuWFhembu+ODu+mBjuaUvumbu+ODu+mBjumbu+Wcp+ODu+mBjumbu+a1gemYsuatouapn+iDveOBiuOCiOOBs+efree1oeS/neitt+apn+iDveOCkuWCmeOBiOOBn+OBguOCk+OBl+OCk+OBruWbnui3r+ioreioiOOBp+OBmeOAgjxicj48YnI+4oC75bel5aC05Ye66I235pmC44GrNzDvvIXnqIvluqblhYXpm7vjgZXjgozjgabjgYTjgb7jgZnjgILlhYXpm7vlvI/jg6rjg4Hjgqbjg6DjgqTjgqrjg7Ppm7vmsaDjga/mmYLplpPjgajjgajjgoLjgavmlL7pm7vjgZnjgovjga7jgafjgIHjgZTkvb/nlKjjgavjgarjgovliY3jgavlhYXpm7vjgZnjgovjgZPjgajjgpLmjqjlpajjgZfjgb7jgZnjgII8YnI+PGJyPuOAkOijveWTgeS7leanmOOAkTxicj7ilqAg5a++5b+c5qmf56iu77yabWljcm8tQuOCs+ODjeOCr+OCv+aQrei8ieOCueODnuODvOODiOODleOCqeODs+OAgeOCv+ODluODrOODg+ODiOOAgeOBiuOCiOOBs2lQaG9uZeOBquOBqeOBrmlPU+err+acq+apn+WZqOKAuzIwMTblubQ25pyI54++5ZyoPGJyPuKWoCDjgrPjg43jgq/jgr/lvaLnirYo6Zu75rqQ5YWl5Yqb5YG0Ke+8mlVTQiBNaWNyby1CIOODoeOCuTxicj7ilqAg5a6a5qC85YWl5Yqb6Zu75Zyn77yaREM1Vjxicj7ilqAg44Kz44ON44Kv44K/5b2i54q2KOmbu+a6kOWHuuWKm+WBtCnvvJpVU0ItQeODoeOCuTxicj7ilqAg5a6a5qC85Ye65Yqb6Zu75Zyn77yaREM1Vjxicj7ilqAg5a6a5qC85Ye65Yqb6Zu75rWB77yaMS41QTxicj7ilqAg6Zu75rGg56iu6aGe77ya5YWF6Zu75byP44Oq44OB44Km44Og44Kk44Kq44Oz6Zu75rGgPGJyPuKWoCDpm7vmsaDlrprmoLzlrrnph4/vvJozMDAwbUFoPGJyPuKWoCDlhYXpm7vmmYLplpPvvJoyLjXmmYLplpMgMS41QeOBrkFD5YWF6Zu75Zmo5L2/55So5pmCPGJyPuKWoCDlpJbms5XvvJoyN8OXOTDDlzI2bW08YnI+4pagIOOCseODvOODluODq+mVt++8mjEwY208YnI+4pagIOmHjemHj++8mjc4Zzxicj7ilqAg44GP44KK6L+U44GX5L2/55So5Zue5pWw77yaNTAw5ZuePGJyPuKWoCDku5jlsZ7lk4HvvJpVU0LjgrHjg7zjg5bjg6soVVNCLUHjgqrjgrktTWljcm8tQuOCquOCuSk8YnI+4pagIOeSsOWig+mFjeaFruS6i+mghe+8muS9v+eUqOa4qeW6piAw772eNDDihIM8YnI+4pagIOS/neiovOacn+mWk++8mjbjg7bmnIg8YnI+4pagIOOBneOBruS7lu+8mmlPU+err+acq+OBp+S9v+eUqOOBmeOCi+WgtOWQiOOBr+WIpemAlGlPU+eUqOOCseODvOODluODq+OCkuOBlOeUqOaEj+OBj+OBoOOBleOBhOOAkDxicj48YnI+PC9mb250PjwvdGQ+PC90cj48L3RhYmxlPjxzdHlsZSB0eXBlPSJ0ZXh0L2NzcyI+CjwhLS0KLnJha3V0ZW4tY2FtcCB7Cgl3aWR0aDogNzI1cHg7Cglib3JkZXI6IDJweCBzb2xpZCAjMzM5OUZGOwoJcGFkZGluZy10b3A6IDVweDsKCS1tb3otYm9yZGVyLXJhZGl1czo0cHg7IC8qRmlyZWZveCovCgktd2Via2l0LWJvcmRlci1yYWRpdXM6IDRweDsgLypTYWZhcmksQ2hyb21lKi8KCWJvcmRlci1yYWRpdXM6NHB4OyAvKk9wZXJhLENocm9tZSovCgltYXJnaW46MCAxMHB4IDEwcHggMDsKfQoKLyog5L6h5qC844Gr5p6g57ea44GM44Gk44GPICovCnRhYmxlI3Jha3V0ZW5MaW1pdGVkSWRfY2FydCB7CiAgICBiYWNrZ3JvdW5kLWNvbG9yOiAjZjhmOGY4OwogICAgYm9yZGVyOiAxcHggc29saWQgI2RkZDsKICAgIHBhZGRpbmc6IDhweDsKICAgIG1hcmdpbjogMTZweCAwOwp9CgpzcGFuLnByaWNlMSB7CiAgICBjb2xvcjogIzMzMyAhaW1wb3J0YW50OwogICAgZm9udC13ZWlnaHQ6IGJvbGQ7CiAgICBmb250LXNpemU6IDgwJSAhaW1wb3J0YW50OwogICAgbGluZS1oZWlnaHQ6IDMwcHg7CiAgICBkaXNwbGF5OiBpbmxpbmUtYmxvY2s7CiAgICBtYXJnaW4tcmlnaHQ6IDE2cHg7Cn0KCi0tPgo8L3N0eWxlPgoKPCEtLeODkOODiuODvOOCqOODquOCoi0tPgoKPCEtLeOAkOa2iOOBmeOBqu+8geOAkeKYheKYheKYhSBoZWlnaHQ9IjM4MCIg44Gn6Kit5a6a44GX44Gm44GP44Gg44GV44GE44CC4piF4piF4piFLS0+CjwhLS3jg5Djg4rjg7zjgqjjg6rjgqLjgZPjgZPjgb7jgactLT4KCjwhLS3mpb3lpKnjgq3jg6Pjg7Pjg5rjg7zjg7MtLT4KCjxoMiBzdHlsZT0ibWFyZ2luOjIwcHggMCAxMHB4IDA7Ij48aW1nIHNyYz0iaHR0cDovL3d3dy5yYWt1dGVuLm5lLmpwL2dvbGQvYWtpYmFtYWMvZnJhbWUvaW1hZ2VzL3Jha3V0ZW5fdGl0bGUyLmdpZiIgYWx0PSLmpb3lpKnluILloLTjga7jgYrlvpfjgarjgq3jg6Pjg7Pjg5rjg7zjg7MiIHdpZHRoPSI3MzAiIGhlaWdodD0iNDIiIGJvcmRlcj0iMCI+PC9oMj4KPGRpdiBjbGFzcz0icmFrdXRlbi1jYW1wIiBzdHlsZT0ibWFyZ2luOjAgMCAwIDA7Ij4KCgo8IS0t5qW95aSp44Kt44Oj44Oz44Oa44O844OzQOOBk+OBk+OBvuOBpy0tPg==,44Ko44Os44Kz44Og44K544Oe44O844OI44OV44Kp44Oz55So77y7VVNCIG1pY3JvQu+8j1VTQue1pumbu++8vSBVU0Ljg6Ljg5DjgqTjg6vjg5Djg4Pjg4bjg6rjg7wg77yLVVNCIG1pY3JvQuOCseODvOODluODqyAxMGNtIO+8iDMwMDBtQWjjg7vjg5Tjg7Pjgq/vvIkgREUtTTA0TDMwMTVQTiAoREVNMDRMMzAxNVBOKe+8muOCveODleODnuODg+ODl+OAgOODh+OCuOOCv+ODq+OCs+ODrOOCr+OCt+ODp+ODsw==,44K944OV44Oe44OD44OXIOODh+OCuOOCv+ODq+OCs+ODrOOCr+OCt+ODp+ODs1NvZm1hcCBEaWdpdGFsIENvbGxlY3Rpb27jg5Hjgr3jgrPjg7Pjgr/jg5bjg6zjg4Pjg4hQQ0hEROOCouOCu+ODs+ODluODquODkeODvOODhOODkeOCveOCs+ODs+ODkeODvOODhOODhuODrOODk+OCsuODvOODoOODluODq+ODvOODrOOCpOOCveODleODiERWROOCveODleODiOa2suaZtuODhuODrOODk+ODluODq+ODvOODrOOCpOODh+OCo+OCueOCr+ODrOOCs+ODvOODgOODvOODh+OCuOOCv+ODq+S4gOecvOODrOODleOCq+ODoeODqeODh+OCuOOCv+ODq+OCq+ODoeODqeWutumbu+aZguioiOS4reWPpOOAgOOCveODleODiOOCouOCpuODiOODrOODg+ODiOS4reWPpOODjuODvOODiOODkeOCveOCs+ODs+S4reWPpOODkeOCveOCs+ODs+OCqOODrOOCs+ODoOOCueODnuODvOODiOODleOCqeODs+eUqO+8u1VTQiBtaWNyb0LvvI9VU0Lntabpm7vvvL0gVVNC44Oi44OQ44Kk44Or44OQ44OD44OG44Oq44O8IO+8i1VTQiBtaWNyb0LjgrHjg7zjg5bjg6sgMTBjbSDvvIgzMDAwbUFo44O744OU44Oz44Kv77yJIERFLU0wNEwzMDE1UE4gKERFTTA0TDMwMTVQTik=,44Ko44Os44Kz44Og44K544Oe44O844OI44OV44Kp44Oz55So77y7VVNCIG1pY3JvQu+8j1VTQue1pumbu++8vSBVU0Ljg6Ljg5DjgqTjg6vjg5Djg4Pjg4bjg6rjg7wg77yLVVNCIG1pY3JvQuOCseODvOODluODqyAxMGNtIO+8iDMwMDBtQWjjg7vjg5Tjg7Pjgq/vvIkgREUtTTA0TDMwMTVQTiAoREVNMDRMMzAxNVBOKQ==[rn]
3-47081,aHR0cDovL3RzaG9wLnIxMHMuanAvYWtpYmFtYWMvY2FiaW5ldC8wNTA1MDczOS80OTUwMTkwMzU4MjQ0LmpwZz9maXRpbj03MDA6NzAw,MTQwOC4wMDAw,,44K544Oe44O844OI44OV44Kp44Oz44O744K/44OW44Os44OD44OIID4g44OQ44OD44OG44Oq44O844O75YWF6Zu75ZmoID4g44Oi44OQ44Kk44Or44OQ44OD44OG44Oq44O8,QlVGRkFMT+OCv+ODluODrOODg+ODiO+8j+OCueODnuODvOODiOODleOCqeODs+WvvuW/nO+8u1VTQiBtaWNyb0LvvI9VU0Lntabpm7vvvL1VU0Ljg6Ljg5DjgqTjg6vjg5Djg4Pjg4bjg6rjg7wg77yLVVNCIG1pY3JvQuOCseODvOODluODqyAxNe+9g++9jSAyLjFBKDMzNTBtQWjjg7vjg5bjg6vjg7wpIEJTTVBCMzMwMVAxQkw=,,PHRhYmxlIGJvcmRlcj0iMCIgY2VsbHBhZGRpbmc9IjAiIGNlbGxzcGFjaW5nPSIwIiB3aWR0aD0iNzEwIiBzdHlsZT0ibGluZS1oZWlnaHQ6MTQwJTsiPjx0cj48dGQ+PGZvbnQgc2l6ZT0iMiI+44CMQVVUTyBQT1dFUiBTRUxFQ1TmqZ/og73jgI3jgadpUGhvbmUvQW5kcm9pZOOCkuiHquWLleOBp+aApemAn+WFhembuzxicj7lhYXpm7vmlrnlvI/jga7nlbDjgarjgotpUGhvbmXjgIFBbmRyb2lk44KS5bCC55SoSUPjgYzoh6rli5XjgafliKTliKXjgZfjgIHmjqXntprjgZXjgozjgZ/mqZ/lmajjgavmnIDpganjgarlhYXpm7vvvIjlh7rlipvvvInjgpLooYzjgYZBVVRPIFBPV0VSIFNFTEVDVOapn+iDveOCkuaQrei8ieOAguOBqeOBruODneODvOODiOOBq+OBqeOBruapn+eoruOCkuaOpee2muOBl+OBpuOCguiHquWLleOBp+aApemAn+WFhembu+OBp+OBjeOBvuOBmeOAgjxicj48YnI+QVVUTyBQT1dFUiBTRUxFQ1TmqZ/og708YnI+5YWF6Zu75pa55byP44Gu55Ww44Gq44KLaVBob25l44CBQW5kcm9pZOOCkuWwgueUqElD44GM6Ieq5YuV44Gn5Yik5Yil44GX44CB5o6l57aa44GV44KM44Gf5qmf5Zmo44Gr5pyA6YGp44Gq5YWF6Zu777yI5Ye65Yqb77yJ44KS6KGM44GGQVVUTyBQT1dFUiBTRUxFQ1TmqZ/og73jgpLmkK3ovInjgILjganjga7jg53jg7zjg4jjgavjganjga7mqZ/nqK7jgpLmjqXntprjgZfjgabjgoLoh6rli5XjgafmgKXpgJ/lhYXpm7vjgafjgY3jgb7jgZnjgII8YnI+PGJyPuOCueODnuODvOODiOODleOCqeODs+OCkue0hDEuM+WbnuWIhu+8iOKAu++8ieWFhembu+OBp+OBjeOCi+ODouODkOOCpOODq+ODkOODg+ODhuODquODvDxicj48YnI+aVBob25l44Gq44Gp44Gu44K544Oe44O844OI44OV44Kp44Oz44KS5YWF6Zu744Gn44GN44KL5YWF6Zu75byP44Oq44OB44Km44Og44Kk44Kq44Oz6Zu75rGg5YaF6JS144Gu44Oi44OQ44Kk44Or44OQ44OD44OG44Oq44O844CCPGJyPiDkvJrnpL7nlKjjgajjg5fjg6njgqTjg5njg7zjg4jnlKjjgafjgIHjgrnjg57jg7zjg4jjg5Xjgqnjg7PjgpIy5Y+w44GK5oyB44Gh44Gu5pa544KC5a6J5b+D44Gu5aSn5a656YePMzM1MG1BaOOAgmlQaG9uZSA2c+OBquOCiee0hDEuM+WbnuWIhu+8iOKAu++8ieWFhembu+WPr+iDveOBp+OBmeOAgiDjg5Djg4Pjg4bjg6rjg7zliIfjgozjgpLmsJfjgavjgZvjgZrlronlv4PjgZfjgabjgrnjg57jg7zjg4jjg5Xjgqnjg7PjgpLkvb/nlKjjgafjgY3jgb7jgZnjgII8YnI+4oC7aVBob25lNnPjgafjga7oqabpqJPntZDmnpzjgavln7rjgaXjgY88YnI+44CQ5ris5a6a44Gr5L2/55So44GX44Gf5qmf5p2Q44CR5pys6KO95ZOB44CBaVBob25lNnMoaU9TIHZlcjkuMy4xKeOAgUxpZ2h0bmluZ+OCs+ODjeOCr+OCv+ODvOS7mOWFhembu+OCseODvOODluODq++8iDEwY23vvIk8YnI+IOOAkOa4rOWumuaWueazleOAkWlQaG9uZTZz44GM44OQ44OD44OG44Oq44O85q6L6YeP6K2m5ZGK77yI5q6L6YePMTAl77yJ44KS6KGo56S644GX44Gf5pmC54K544GnaVBob25lNnPmnKzkvZPjga7pm7vmupDjgpJPRkbjgavjgZfjgIHmrKHjgatpUGhvbmU2c+acrOS9k+OBruWFhembu+eKtuaFi+OBjDEwMCXjgavjgarjgovjgb7jgafjgpIx5Zue44Go44GZ44KL44CC77yIMjAxNuW5tDXmnIjnj77lnKjoqr/jgbnvvIk8YnI+IO+8iOazqO+8ieWun+mam+OBruWFhembu+aZgumWk+OAgeWFhembu+WbnuaVsOOBr+a4qeW6puOAgea5v+W6puOAgeOBlOS9v+eUqOOBleOCjOOCi+WFhembu+OCseODvOODluODq+etieOBrua4rOWumueSsOWig+OAgeOBiuOCiOOBs+OAgeacrOijveWTgeODu2lQaG9uZTZz44Gu54q25oWL44Gr44KI44KK55Ww44Gq44KL5aC05ZCI44GM44GC44KK44G+44GZ44CCPGJyPjxicj7pm7vmupDliIfjgorlv5jjgozjgavjgojjgovnhKHpp4Tjgarpm7vlipvmtojosrvjgpLpmLLjgZDjgqrjg7zjg4jjg5Hjg6/jg7zjgqrjg5XmqZ/og708YnI+5pys6KO95ZOB44Gv44K944OV44OI44Km44Kn44Ki44K544Kk44OD44OB44KS5o6h55So44GX44Gm44GK44KK44CB5Ye65Yqb6Zu75rWB44KS5qSc55+l44GX44Gm44CB5YWF6Zu744GX44Gm44GE44Gq44GE5pmC44Gv6Ieq5YuV44Gn6KO95ZOB44Gu6Zu75rqQ44GM5YiH44KM44G+44GZ44CC54Sh6aeE44Gq5raI6LK744GM44Gq44GE44Gu44Gn57eK5oCl5pmC44Gr5a6J5b+D44GX44Gm44GU5L2/55So44GE44Gf44Gg44GR44G+44GZ44CCPGJyPuKAu+OCueODnuODvOODiOODleOCqeODs+OBq+OCiOOBo+OBpuOBr+OAgTEwMCXlhYXpm7vooajnpLrlvozjgoLlhYXpm7vjgYzntprjgY/mqZ/nqK7jgYzjgYLjgorjgb7jgZnjgII8YnI+PGJyPuWuuemHj+OBjOS4gOebruOBp+OCj+OBi+OCizTmrrXpmo5MRUTmrovph4/ooajnpLrmqZ/og708YnI+5pys5L2T44GrTEVE44KS5pCt6LyJ44GX44Gm44GK44KK44CBNOautemajuihqOekuuOBp+mbu+axoOaui+mHj+OBjOS4gOebruOBp+eiuuiqjeOBp+OBjeOBvuOBmeOAguS9v+OBhuOBqOOBjeOBq+ODkOODg+ODhuODquODvOOBruaui+mHj+OBjOeEoeOBhOOBqOOBhOOBo+OBn+S4jeWuieOCkuino+a2iOOBl+OBvuOBmeOAgjxicj48YnI+44OQ44OD44OV44Kh44Ot44O844Gu44OQ44OD44OG44Oq44O844Gv5a6J5b+D44O75a6J5YWo6Kit6KiIPGJyPuS9v+eUqOaZguOBrumBjumbu+a1ge+8iOOCt+ODp+ODvOODiO+8iS/pgY7pm7vlnKfjgarjganjga7nlbDluLjjgpLmpJznn6XjgZfjgabli5XkvZzjgpLlgZzmraLjgZfjgrnjg57jg5vjgpLkv53orbfjgZnjgosy5q616ZqO44Gu5Zue6Lev44CB5a6J5YWo6KOF572u5LuY44Gu44OQ44OD44OG44Oq44O844K744Or44KS5pCt6LyJ44CC5a6J5b+D44O75a6J5YWo44Gq5YWF6Zu744GM6KGM44GI44G+44GZ44CCPGJyPjxicj4yLjFB5Ye65Yqb5a++5b+c44Gn44K/44OW44Os44OD44OI44Gq44Gp44K544Oe44O844OI44OV44Kp44Oz5Lul5aSW44Gu5qmf5Zmo44Gr44KC5a++5b+cPGJyPjIuMUHlh7rlipvjga7jgZ/jgoHjgIFpUGFk44KEQW5kcm9pZOOCv+ODluODrOODg+ODiOOBq+WvvuOBl+OBpuOCguWuieWumuOBl+OBn+WFhembu+OBjOWPr+iDveOBp+OBmeOAguOBvuOBn1dhbGttYW7jgIHjg4fjgrjjgqvjg6HjgIHmkLrluK/jgrLjg7zjg6DmqZ/jgIHjg6Ljg5DjgqTjg6vjg6vjg7zjgr/jg7zjgarjganjgIFVU0LlhYXpm7vjgavlr77lv5zjgZfjgabjgYTjgovmqZ/lmajjgavjgoLlr77lv5zjgZfjgabjgYTjgb7jgZnjgII8YnI+4oC7QW5kcm9pZOOCv+ODluODrOODg+ODiOOBr21pY3JvIFVTQuWFhembu+OBq+WvvuW/nOOBl+OBn+OCv+ODluODrOODg+ODiOOBq+mZkOOCiuOBvuOBmeOAgjxicj7igLtQQ+OBrlVTQuODneODvOODiOOBi+OCieWFhembu+OBp+OBjeOCi+apn+WZqOOBruOBv+OAgjxicj7igLtpUGFk44CBbWljcm9C5Lul5aSW44Gu56uv5a2Q44KS5L2/55So44GZ44KL5qmf5Zmo44KS5YWF6Zu744GZ44KL6Zqb44Gv5Yil5aOy44KK44Kx44O844OW44Or44GM5b+F6KaB44Gn44GZ44CCPGJyPjxicj7nubDjgorov5TjgZfjg4Hjg6Pjg7zjgrjjgavlr77lv5wgPGJyPue0hDMwMOWbnuS9v+eUqOWPr+iDveOBquWFhembu+W8j+ODquODgeOCpuODoOOCpOOCquODs+mbu+axoOOCkuaOoeeUqOOAguODkOODg+ODhuODquODvOacrOS9k+OCkuOCs+ODs+OCu+ODs+ODiOOChFBD44GL44KJ44OB44Oj44O844K444GZ44KL44GT44Go44Gn57mw44KK6L+U44GX5L2/55So44Gn44GN44G+44GZ44CCIDxicj48YnI+Um9IU+Wfuua6luWApOa6luaLoDxicj4yMDA25bm0N+aciOOBi+OCiUVV5ZyP44Gn5pa96KGM44GV44KM44Gf6Zu75rCX44O76Zu75a2Q5qmf5Zmo44Gr5a++44GZ44KL54m55a6a5pyJ5a6z54mp6LOq5L2/55So5Yi26ZmQ5oyH5Luk44CMUm9IU+aMh+S7pOOAjeOBruWfuua6luWApOOBq+a6luaLoOOBl+OBpuOBhOOBvuOBmeOAgjxicj48YnI+44CQ6KO95ZOB5LuV5qeY44CRPGJyPuODkOODg+ODhuODquODvOOCv+OCpOODl+OAgOWFhembu+W8j+ODquODgeOCpuODoOOCpOOCquODs+mbu+axoDxicj7jg5Djg4Pjg4bjg6rjg7zlrrnph4/jgIBEQzMuNjNWLzMzNTBtQWjvvIjntIQxMi4xNldo77yJPGJyPuWFpeWKm+OAgERDNS4wVi8xLjVBPGJyPuWHuuWKm+OAgERDNS4wVi8yLjFBPGJyPuWFhembu+aZgumWk+OAgOe0hDMuNeaZgumWk+OAgOKAu+W9k+ekvlVTQuWFhembu+WZqEJTTVBCQUMwNeOCkuS9v+eUqOOBl+OBpuODgeODo+ODvOOCuOOBl+OBn+WgtOWQiOOBruebruWuieOAgjxicj7nubDjgorov5TjgZflhYXpm7vlm57mlbDjgIDntIQzMDDlm548YnI+44Kx44O844OW44Or6ZW344CA57SEMTVjbTxicj7lpJblvaLlr7jms5XvvIjluYXDl+mrmOOBlcOX5aWl6KGM77yJ44CAMjbDlzc1w5czM21t77yI56qB6LW36YOo6Zmk44GP77yJPGJyPuizqumHj+OAgOe0hDcwZzxicj7jg5Hjg4PjgrHjg7zjgrjlr7jms5XvvIjluYXDl+mrmOOBlcOX5aWl6KGM77yJ44CAMTAww5cxNzjDlzQybW08YnI+44OR44OD44Kx44O844K46LOq6YeP77yI5pys5L2T5ZCr44KA77yJ44CA57SEMTE1Zzxicj7li5XkvZznkrDlooPjgIDmuKnluqY14oSD772eNDDihIPjgIHmub/luqYxMO+8he+9njg177yFKOe1kOmcsuOBquOBjeOBk+OBqCk8YnI+5L+d6Ki85pyf6ZaT44CANuODtuaciDxicj7oo73lk4Hmp4vmiJDjgIDmnKzkvZPjgIFVU0IgQSB0byBtaWNyb0LjgrHjg7zjg5bjg6vvvIgxNWNt77yJ44CB5Y+W5omx6Kqs5piO5pu4PGJyPjxicj48L2ZvbnQ+PC90ZD48L3RyPjwvdGFibGU+PHN0eWxlIHR5cGU9InRleHQvY3NzIj4KPCEtLQoucmFrdXRlbi1jYW1wIHsKCXdpZHRoOiA3MjVweDsKCWJvcmRlcjogMnB4IHNvbGlkICMzMzk5RkY7CglwYWRkaW5nLXRvcDogNXB4OwoJLW1vei1ib3JkZXItcmFkaXVzOjRweDsgLypGaXJlZm94Ki8KCS13ZWJraXQtYm9yZGVyLXJhZGl1czogNHB4OyAvKlNhZmFyaSxDaHJvbWUqLwoJYm9yZGVyLXJhZGl1czo0cHg7IC8qT3BlcmEsQ2hyb21lKi8KCW1hcmdpbjowIDEwcHggMTBweCAwOwp9CgovKiDkvqHmoLzjgavmnqDnt5rjgYzjgaTjgY8gKi8KdGFibGUjcmFrdXRlbkxpbWl0ZWRJZF9jYXJ0IHsKICAgIGJhY2tncm91bmQtY29sb3I6ICNmOGY4Zjg7CiAgICBib3JkZXI6IDFweCBzb2xpZCAjZGRkOwogICAgcGFkZGluZzogOHB4OwogICAgbWFyZ2luOiAxNnB4IDA7Cn0KCnNwYW4ucHJpY2UxIHsKICAgIGNvbG9yOiAjMzMzICFpbXBvcnRhbnQ7CiAgICBmb250LXdlaWdodDogYm9sZDsKICAgIGZvbnQtc2l6ZTogODAlICFpbXBvcnRhbnQ7CiAgICBsaW5lLWhlaWdodDogMzBweDsKICAgIGRpc3BsYXk6IGlubGluZS1ibG9jazsKICAgIG1hcmdpbi1yaWdodDogMTZweDsKfQoKLS0+Cjwvc3R5bGU+Cgo8IS0t44OQ44OK44O844Ko44Oq44KiLS0+Cgo8IS0t44CQ5raI44GZ44Gq77yB44CR4piF4piF4piFIGhlaWdodD0iMzgwIiDjgafoqK3lrprjgZfjgabjgY/jgaDjgZXjgYTjgILimIXimIXimIUtLT4KPCEtLeODkOODiuODvOOCqOODquOCouOBk+OBk+OBvuOBpy0tPgoKPCEtLealveWkqeOCreODo+ODs+ODmuODvOODsy0tPgoKPGgyIHN0eWxlPSJtYXJnaW46MjBweCAwIDEwcHggMDsiPjxpbWcgc3JjPSJodHRwOi8vd3d3LnJha3V0ZW4ubmUuanAvZ29sZC9ha2liYW1hYy9mcmFtZS9pbWFnZXMvcmFrdXRlbl90aXRsZTIuZ2lmIiBhbHQ9IualveWkqeW4guWgtOOBruOBiuW+l+OBquOCreODo+ODs+ODmuODvOODsyIgd2lkdGg9IjczMCIgaGVpZ2h0PSI0MiIgYm9yZGVyPSIwIj48L2gyPgo8ZGl2IGNsYXNzPSJyYWt1dGVuLWNhbXAiIHN0eWxlPSJtYXJnaW46MCAwIDAgMDsiPgoKCjwhLS3mpb3lpKnjgq3jg6Pjg7Pjg5rjg7zjg7NA44GT44GT44G+44GnLS0+,QlVGRkFMT+OCv+ODluODrOODg+ODiO+8j+OCueODnuODvOODiOODleOCqeODs+WvvuW/nO+8u1VTQiBtaWNyb0LvvI9VU0Lntabpm7vvvL1VU0Ljg6Ljg5DjgqTjg6vjg5Djg4Pjg4bjg6rjg7wg77yLVVNCIG1pY3JvQuOCseODvOODluODqyAxNe+9g++9jSAyLjFBKDMzNTBtQWjjg7vjg5bjg6vjg7wpIEJTTVBCMzMwMVAxQkzvvJrjgr3jg5Xjg57jg4Pjg5fjgIDjg4fjgrjjgr/jg6vjgrPjg6zjgq/jgrfjg6fjg7M=,44K944OV44Oe44OD44OXIOODh+OCuOOCv+ODq+OCs+ODrOOCr+OCt+ODp+ODs1NvZm1hcCBEaWdpdGFsIENvbGxlY3Rpb27jg5Hjgr3jgrPjg7Pjgr/jg5bjg6zjg4Pjg4hQQ0hEROOCouOCu+ODs+ODluODquODkeODvOODhOODkeOCveOCs+ODs+ODkeODvOODhOODhuODrOODk+OCsuODvOODoOODluODq+ODvOODrOOCpOOCveODleODiERWROOCveODleODiOa2suaZtuODhuODrOODk+ODluODq+ODvOODrOOCpOODh+OCo+OCueOCr+ODrOOCs+ODvOODgOODvOODh+OCuOOCv+ODq+S4gOecvOODrOODleOCq+ODoeODqeODh+OCuOOCv+ODq+OCq+ODoeODqeWutumbu+aZguioiOS4reWPpOOAgOOCveODleODiOOCouOCpuODiOODrOODg+ODiOS4reWPpOODjuODvOODiOODkeOCveOCs+ODs+S4reWPpOODkeOCveOCs+ODs0JVRkZBTE/jgr/jg5bjg6zjg4Pjg4jvvI/jgrnjg57jg7zjg4jjg5Xjgqnjg7Plr77lv5zvvLtVU0IgbWljcm9C77yPVVNC57Wm6Zu777y9VVNC44Oi44OQ44Kk44Or44OQ44OD44OG44Oq44O8IO+8i1VTQiBtaWNyb0LjgrHjg7zjg5bjg6sgMTXvvYPvvY0gMi4xQSgzMzUwbUFo44O744OW44Or44O8KSBCU01QQjMzMDFQMUJM,QlVGRkFMT+OCv+ODluODrOODg+ODiO+8j+OCueODnuODvOODiOODleOCqeODs+WvvuW/nO+8u1VTQiBtaWNyb0LvvI9VU0Lntabpm7vvvL1VU0Ljg6Ljg5DjgqTjg6vjg5Djg4Pjg4bjg6rjg7wg77yLVVNCIG1pY3JvQuOCseODvOODluODqyAxNe+9g++9jSAyLjFBKDMzNTBtQWjjg7vjg5bjg6vjg7wpIEJTTVBCMzMwMVAxQkw=[rn]
3-47082,aHR0cDovL3RzaG9wLnIxMHMuanAvYWtpYmFtYWMvY2FiaW5ldC8wNTA1MDczOS80NTgwMzcwNzMxNjY4LmpwZz9maXRpbj03MDA6NzAw,Mjk0OC44MDAw,,44K544Oe44O844OI44OV44Kp44Oz44O744K/44OW44Os44OD44OIID4g44OQ44OD44OG44Oq44O844O75YWF6Zu75ZmoID4g44Oi44OQ44Kk44Or44OQ44OD44OG44Oq44O8,44OG44Kj44Ki44O844Or44Ko44Kk44K/44OW44Os44OD44OI77yP44K544Oe44O844OI44OV44Kp44Oz5a++5b+c77y7bWljcm8gVVNC77y9VVNC44Oi44OQ44Kk44Or44OQ44OD44OG44Oq44O8IO+8i21pY3JvIFVTQuOCseODvOODluODqyAzLjRBIO+8iDEwMDUwbUFoIOODuzLjg53jg7zjg4jjg7tEQU5CT0FSRCDjgbLjgarjgY7jgY/vvIkgQ0hFLTA2NkhHIChDSEUwNjZIRyk=,,PHRhYmxlIGJvcmRlcj0iMCIgY2VsbHBhZGRpbmc9IjAiIGNlbGxzcGFjaW5nPSIwIiB3aWR0aD0iNzEwIiBzdHlsZT0ibGluZS1oZWlnaHQ6MTQwJTsiPjx0cj48dGQ+PGZvbnQgc2l6ZT0iMiI+44CU44K/44OW44Os44OD44OI77yP44K544Oe44O844OI44OV44Kp44Oz5a++5b+c77y7bWljcm8gVVNC77yPVVNC57Wm6Zu777y977ya44Oi44OQ44Kk44Or44OQ44OD44OG44Oq44O877yIVVNC6JOE6Zu777yJ77yLbWljcm8gVVNC44Kx44O844OW44OrIOWFhembu+OAlTxicj7jg4Djg7Pjg5zjg7zjg5Xjg6zjg7zjg5Djg7zjgrrjgoLjgZXjgonjgavlj6/mhJvjgY/jgarjgorjgb7jgZfjgZ/jgILjgIxjaGVlcm8gUG93ZXIgUGx1cyAxMDA1MG1BaCBEQU5CT0FSRCB2ZXJzaW9uIC1GTE9XRVJTLeOAjTxicj48YnI+5aSn5Lq65rCX44Gu44OA44Oz44Oc44O844OV44Os44O844OQ44O844K344Oq44O844K644GM44CB5Y+v5oSb44GP44Kz44Oz44OR44Kv44OI44Gr44Gq44Gj44Gm44OR44Ov44O844Ki44OD44OX77yB44GK44KK44GT44GG5qmf6IO944KC5pCt6LyJ44GX44Gm44GV44KJ44Gr5L2/44GE44KE44GZ44GP44Gq44Gj44Gm44Gu55m75aC044Gn44GZ44CCMTAwNTBtQWjjga7lpKflrrnph4/jgIHjgZ3jgozjgarjga7jgavjgZ/jgaPjgZ8xOTBn44CCaVBob25lNuOBquOCiTMuNeWbnuOBruODleODq+WFhembu+OBjOWHuuadpeOCi+OBruOBp+OAgeOBoeOCh+OBo+OBqOOBl+OBn+OBiuWHuuOBi+OBkeOBi+OCieOAgeWHuuW8teOChOaXheihjOOBq+OCguOBiuS9v+OBhOOBhOOBn+OBoOOBkeOBvuOBmeOAgjxicj48YnI+4pagIOWuuemHj+OBr+OBu+OBvOOBneOBruOBvuOBvuOAguOCteOCpOOCuuOBrzIvM+OBq++8gTxicj7liY3kvZzjga4xMDQwMG1BaOOBi+OCiTEwMDUwbUFo44G444Go44OQ44OD44OG44Oq44O85a656YeP44Gv44G744G85ZCM44GY44Gn44CB5aSn5bmF44Gr5bCP44GV44GP6Lu944GP44Gq44KK44G+44GX44Gf44CC44GT44KM44G+44Gn5Lul5LiK44Gr5L2/44GE44KE44GZ44GE5aSn5a656YeP44CB44GL44Gk44Kz44Oz44OR44Kv44OI44Gq44OQ44OD44OG44Oq44O844Gn44GZ44CCPGJyPuKWoCDlpKfliIfjgavjgZfjgZ/jga7jga/lronlhajmgKfjgII8YnI+6auY5ZOB6LOq44Gu5pel5pys6KO977yIUGFuYXNvbmlj6KO9KeOBruOCu+ODq+OCkuS9v+eUqOOBl+OBpuOBhOOBvuOBmeOAguWTgeizqueuoeeQhuOBq+OBk+OBoOOCj+OCi+aXpeacrOijveOBruaKgOihk+OCkuWGheiUtembu+axoOOBq+W/nOeUqOOBl+OAgeWOs+OBl+OBhOWuieWFqOWfuua6luOCkuOCr+ODquOCouOBl+OBpuOBhOOBvuOBmeOAgmNoZWVyb+OBruWTgeizquOBuOOBruOBk+OBoOOCj+OCiuOBr+OAgeWuieWFqOaAp+OCkuS4gOeVquOBq+iAg+OBiOOAgeiqsOOCguOBjOWuieW/g+OBl+OBpuS9v+OBiOOCi+ODkOODg+ODhuODquODvOOCkuaPkOS+m+OBmeOCi+OBk+OBqOOBp+OBmeOAgjxicj7ilqAgQVVUTy1JQ+apn+iDveaQrei8ieOBp+OCpOODs+ODhuODquOCuOOCp+ODs+ODiOOBquWFhembu+OCkjxicj7mjqXntprjgZXjgozjgZ/jg4fjg5DjgqTjgrnjgpLoh6rli5Xoqo3orZjjgZnjgotBVVRPLUlD5qmf6IO95pCt6LyJ44Gn44CB44Gp44Gh44KJ44Gu44Od44O844OI44Gr5oy/44GX44Gm44KC44OH44OQ44Kk44K544Gr5pyA6YGp5YyW44GX44Gf5YWF6Zu744KS6KGM44GG44GL44GX44GT44GE44OQ44OD44OG44Oq44O844Gn44GZ44CCPGJyPuKWoCDlhaXlipvpm7vmtYHjga8yQeOAgeODgOODs+ODnOODvOOBuOOCgumrmOmAn+e1pumbuzxicj7lvpPmnaXjga4xQeOBruWFpeWKm+ODneODvOODiOOBi+OCieOAgTJB44G444CC5LuY5bGe44GubWljcm8gVVNC44Kx44O844OW44Or44Go5LiA57eS44Gr5L2/44GG44GT44Go44Gr44KI44Gj44Gm44CB44OQ44OD44OG44Oq44O85pys5L2T44G444Gu57Wm6Zu744K544OU44O844OJ44GM5b6T5p2l44GuMuWAjeOBrumAn+OBleOBq+OAgjxicj7igLsyQeWvvuW/nOOBrkFD44Ki44OA44OX44K/44KS44GU5Yip55So44GP44Gg44GV44GEPGJyPjxicj7jgJDoo73lk4Hku5Xmp5jjgJE8YnI+4pagIOmbu+axoOWuuemHj++8mjEwMDUwbUFoPGJyPuKWoCDjgrXjgqTjgrrvvJrntIQgOTUgw5cgNjIgw5cgMjIgbW08YnI+4pagIOmHjemHjyjmnKzkvZMp77ya57SEIDE5MCBnPGJyPuKWoCDlhaXlipvvvJo1ViAvIDJBIE1BWCAoTWljcm8gVVNCKTxicj7ilqAg5Ye65Yqb77yaNVYgLyAzLjRBICjlkIjoqIgpPGJyPuKWoCDlhYXpm7vmmYLplpPvvJrntIQ15pmC6ZaTIOKAuzJB44Ki44OA44OX44K/5Yip55So44Gu5aC05ZCIPGJyPuKWoCDliKnnlKjlj6/og73lm57mlbDvvJrntIQ1MDDlm548YnI+4pagIOijveWTgeS/neiovO+8muOBiuiyt+OBhOS4iuOBkuaXpeOBi+OCiTHlubTplpM8YnI+4pagIOWvvuW/nOapn+eoru+8mmlQaG9uZS9pUGFkL2lQYWQgbWluaeOAgU1pY3JvVVNC5a++5b+c44K544Oe44O844OI44OV44Kp44OzL+aQuuW4r+OAgVdpLUZp44Or44O844K/562JPGJyPuKWoCDku5jlsZ7lk4HvvJrjg53jg7zjg4HjgIFVU0ItTWljcm8gVVNCIOOCseODvOODluODq++8iOeZve+8ieOAgeiqrOaYjuabuC/kv53oqLzmm7g8YnI+4pagIOS/neitt+apn+iDve+8mumBjuWFhembuyjpm7vlnKcv6Zu75rWBKeaZgiDjgIEg6YGO5pS+6Zu7KOmbu+Wcpy/pm7vmtYEp5pmCIOOAgeefree1oeWMlijjgrfjg6fjg7zjg4gp5pmCIOOAgSDnmbrnhrHmmYLjgIDjgIEg44OH44OQ44Kk44K55YWF6Zu75a6M5LqG5pmCPGJyPuKAu+acrOS9k+WFhembu+OBr+S7mOWxnuOBrlVTQuOCseODvOODluODq+OCiOOCiuOBiumhmOOBhOOBl+OBvuOBmeOAgjxicj7igLvoh6rli5Xpm7vmupBPRkbmqZ/og73jga/mnKrlr77lv5zjga7jg4fjg5DjgqTjgrnjgoLjgZTjgZbjgYTjgb7jgZnjgII8YnI+4oC744Kx44O844OW44Or44Go56uv5pyr44Gu55u45oCn44KC44GU44GW44GE44G+44GZ44Gu44Gn44CB5LuY5bGe44Kx44O844OW44Or44Gn5YWF6Zu75Ye65p2l44Gq44GE5aC05ZCI44Gv44CB5YWF6Zu744GZ44KL44OH44OQ44Kk44K55LuY5bGe44Gu44Kx44O844OW44Or44Gn44GK6Kmm44GX5LiL44GV44GE44G+44Gb44CCPGJyPuKAu+WutuW6reeUqOOCs+ODs+OCu+ODs+ODiOOBi+OCieWFhembu+OBmeOCi+WgtOWQiOOBr+OAgeWumuagvOmbu+a1gTJB44GuVVNCIEFD44Ki44OA44OX44K/44KS44GU5Yip55So5LiL44GV44GE44CCPGJyPuKAu+S7mOWxnuOBr01pY3JvIFVTQuOCseODvOODluODq+OBq+OBquOCiuOBvuOBmeOAguODqeOCpOODiOODi+ODs+OCsOOCseODvOODluODq+OBr+S7mOWxnuOBl+OBpuOBiuOCiuOBvuOBm+OCk+OAgjxicj7igLvjg5XjgqHjg5bjg6rjg4Pjgq/jgrHjg7zjg5bjg6vjga/ku5jlsZ7jgZfjgabjgYrjgorjgb7jgZvjgpPjgII8YnI+PGJyPjwvZm9udD48L3RkPjwvdHI+PC90YWJsZT48dGFibGUgY2VsbHNwYWNpbmc9IjAiIGNlbGxwYWRkaW5nPSI0IiBib3JkZXI9IjEiIHdpZHRoPSI3MTAiIGJvcmRlcmNvbG9yPSIjY2NjY2NjIj48dHI+PHRkIHdpZHRoPSIxODAiIGJnY29sb3I9IiNlZmVmZWYiPjxmb250IHNpemU9IjIiPuaOpee2muerr+WtkDwvZm9udD48L3RkPjx0ZCB3aWR0aD0iNTMwIj48Zm9udCBzaXplPSIyIj5taWNybyBVU0LvvI9VU0Lntabpm7s8L2ZvbnQ+PC90ZD48L3RyPjx0cj48dGQgd2lkdGg9IjE4MCIgYmdjb2xvcj0iI2VmZWZlZiI+PGZvbnQgc2l6ZT0iMiI+6ImyPC9mb250PjwvdGQ+PHRkIHdpZHRoPSI1MzAiPjxmb250IHNpemU9IjIiPuOCreODo+ODqeOCr+OCv+ODvDwvZm9udD48L3RkPjwvdHI+PHRyPjx0ZCB3aWR0aD0iMTgwIiBiZ2NvbG9yPSIjZWZlZmVmIj48Zm9udCBzaXplPSIyIj7jg53jg7zjg4jmlbA8L2ZvbnQ+PC90ZD48dGQgd2lkdGg9IjUzMCI+PGZvbnQgc2l6ZT0iMiI+MuODneODvOODiDwvZm9udD48L3RkPjwvdHI+PHRyPjx0ZCB3aWR0aD0iMTgwIiBiZ2NvbG9yPSIjZWZlZmVmIj48Zm9udCBzaXplPSIyIj7pq5jlh7rlips8L2ZvbnQ+PC90ZD48dGQgd2lkdGg9IjUzMCI+PGZvbnQgc2l6ZT0iMiI+44K/44OW44Os44OD44OI5a++5b+c77yI6auY5Ye65Yqb77yJPC9mb250PjwvdGQ+PC90cj48L3RhYmxlPjxzdHlsZSB0eXBlPSJ0ZXh0L2NzcyI+CjwhLS0KLnJha3V0ZW4tY2FtcCB7Cgl3aWR0aDogNzI1cHg7Cglib3JkZXI6IDJweCBzb2xpZCAjMzM5OUZGOwoJcGFkZGluZy10b3A6IDVweDsKCS1tb3otYm9yZGVyLXJhZGl1czo0cHg7IC8qRmlyZWZveCovCgktd2Via2l0LWJvcmRlci1yYWRpdXM6IDRweDsgLypTYWZhcmksQ2hyb21lKi8KCWJvcmRlci1yYWRpdXM6NHB4OyAvKk9wZXJhLENocm9tZSovCgltYXJnaW46MCAxMHB4IDEwcHggMDsKfQoKLyog5L6h5qC844Gr5p6g57ea44GM44Gk44GPICovCnRhYmxlI3Jha3V0ZW5MaW1pdGVkSWRfY2FydCB7CiAgICBiYWNrZ3JvdW5kLWNvbG9yOiAjZjhmOGY4OwogICAgYm9yZGVyOiAxcHggc29saWQgI2RkZDsKICAgIHBhZGRpbmc6IDhweDsKICAgIG1hcmdpbjogMTZweCAwOwp9CgpzcGFuLnByaWNlMSB7CiAgICBjb2xvcjogIzMzMyAhaW1wb3J0YW50OwogICAgZm9udC13ZWlnaHQ6IGJvbGQ7CiAgICBmb250LXNpemU6IDgwJSAhaW1wb3J0YW50OwogICAgbGluZS1oZWlnaHQ6IDMwcHg7CiAgICBkaXNwbGF5OiBpbmxpbmUtYmxvY2s7CiAgICBtYXJnaW4tcmlnaHQ6IDE2cHg7Cn0KCi0tPgo8L3N0eWxlPgoKPCEtLeODkOODiuODvOOCqOODquOCoi0tPgoKPCEtLeOAkOa2iOOBmeOBqu+8geOAkeKYheKYheKYhSBoZWlnaHQ9IjM4MCIg44Gn6Kit5a6a44GX44Gm44GP44Gg44GV44GE44CC4piF4piF4piFLS0+CjwhLS3jg5Djg4rjg7zjgqjjg6rjgqLjgZPjgZPjgb7jgactLT4KCjwhLS3mpb3lpKnjgq3jg6Pjg7Pjg5rjg7zjg7MtLT4KCjxoMiBzdHlsZT0ibWFyZ2luOjIwcHggMCAxMHB4IDA7Ij48aW1nIHNyYz0iaHR0cDovL3d3dy5yYWt1dGVuLm5lLmpwL2dvbGQvYWtpYmFtYWMvZnJhbWUvaW1hZ2VzL3Jha3V0ZW5fdGl0bGUyLmdpZiIgYWx0PSLmpb3lpKnluILloLTjga7jgYrlvpfjgarjgq3jg6Pjg7Pjg5rjg7zjg7MiIHdpZHRoPSI3MzAiIGhlaWdodD0iNDIiIGJvcmRlcj0iMCI+PC9oMj4KPGRpdiBjbGFzcz0icmFrdXRlbi1jYW1wIiBzdHlsZT0ibWFyZ2luOjAgMCAwIDA7Ij4KCgo8IS0t5qW95aSp44Kt44Oj44Oz44Oa44O844OzQOOBk+OBk+OBvuOBpy0tPg==,44OG44Kj44Ki44O844Or44Ko44Kk44K/44OW44Os44OD44OI77yP44K544Oe44O844OI44OV44Kp44Oz5a++5b+c77y7bWljcm8gVVNC77y9VVNC44Oi44OQ44Kk44Or44OQ44OD44OG44Oq44O8IO+8i21pY3JvIFVTQuOCseODvOODluODqyAzLjRBIO+8iDEwMDUwbUFoIOODuzLjg53jg7zjg4jjg7tEQU5CT0FSRCDjgbLjgarjgY7jgY/vvIkgQ0hFLTA2NkhHIChDSEUwNjZIRynvvJrjgr3jg5Xjg57jg4Pjg5fjgIDjg4fjgrjjgr/jg6vjgrPjg6zjgq/jgrfjg6fjg7M=,44K944OV44Oe44OD44OXIOODh+OCuOOCv+ODq+OCs+ODrOOCr+OCt+ODp+ODs1NvZm1hcCBEaWdpdGFsIENvbGxlY3Rpb27jg5Hjgr3jgrPjg7Pjgr/jg5bjg6zjg4Pjg4hQQ0hEROOCouOCu+ODs+ODluODquODkeODvOODhOODkeOCveOCs+ODs+ODkeODvOODhOODhuODrOODk+OCsuODvOODoOODluODq+ODvOODrOOCpOOCveODleODiERWROOCveODleODiOa2suaZtuODhuODrOODk+ODluODq+ODvOODrOOCpOODh+OCo+OCueOCr+ODrOOCs+ODvOODgOODvOODh+OCuOOCv+ODq+S4gOecvOODrOODleOCq+ODoeODqeODh+OCuOOCv+ODq+OCq+ODoeODqeWutumbu+aZguioiOS4reWPpOOAgOOCveODleODiOOCouOCpuODiOODrOODg+ODiOS4reWPpOODjuODvOODiOODkeOCveOCs+ODs+S4reWPpOODkeOCveOCs+ODs+ODhuOCo+OCouODvOODq+OCqOOCpOOCv+ODluODrOODg+ODiO+8j+OCueODnuODvOODiOODleOCqeODs+WvvuW/nO+8u21pY3JvIFVTQu+8vVVTQuODouODkOOCpOODq+ODkOODg+ODhuODquODvCDvvIttaWNybyBVU0LjgrHjg7zjg5bjg6sgMy40QSDvvIgxMDA1MG1BaCDjg7sy44Od44O844OI44O7REFOQk9BUkQg44Gy44Gq44GO44GP77yJIENIRS0wNjZIRyAoQ0hFMDY2SEcp,44OG44Kj44Ki44O844Or44Ko44Kk44K/44OW44Os44OD44OI77yP44K544Oe44O844OI44OV44Kp44Oz5a++5b+c77y7bWljcm8gVVNC77y9VVNC44Oi44OQ44Kk44Or44OQ44OD44OG44Oq44O8IO+8i21pY3JvIFVTQuOCseODvOODluODqyAzLjRBIO+8iDEwMDUwbUFoIOODuzLjg53jg7zjg4jjg7tEQU5CT0FSRCDjgbLjgarjgY7jgY/vvIkgQ0hFLTA2NkhHIChDSEUwNjZIRyk=[rn]
3-47083,aHR0cDovL3RzaG9wLnIxMHMuanAvYWtpYmFtYWMvY2FiaW5ldC8wNTA1MDczOS80OTAxNjYwMTQzOTA3LmpwZz9maXRpbj03MDA6NzAw,NDkzMi4wMDAw,,44K544Oe44O844OI44OV44Kp44Oz44O744K/44OW44Os44OD44OIID4g44OQ44OD44OG44Oq44O844O75YWF6Zu75ZmoID4g44Oi44OQ44Kk44Or44OQ44OD44OG44Oq44O8,44CQ6YCB5paZ54Sh5paZ44CR44K944OL44O8IOOCueODnuODvOODiOODleOCqeODs+WvvuW/nO+8u1VTQiBtaWNyb0IvVVNC57Wm6Zu777y9VVNC44Oi44OQ44Kk44Or44OQ44OD44OG44Oq44O877yLVVNCIG1pY3JvQuOCseODvOODluODqyAxNWNtICg4NzAwbUFo44O7MuODneODvOODiOODu+ODm+ODr+OCpOODiCkgQ1BFODdDVw==,,PHRhYmxlIGJvcmRlcj0iMCIgY2VsbHBhZGRpbmc9IjAiIGNlbGxzcGFjaW5nPSIwIiB3aWR0aD0iNzEwIiBzdHlsZT0ibGluZS1oZWlnaHQ6MTQwJTsiPjx0cj48dGQ+PGZvbnQgc2l6ZT0iMiI+MuODneODvOODiOWHuuWKm+WQiOioiOacgOWkpzMuMEHjgafjgrnjg57jg7zjg4jjg5Xjgqnjg7PnrYnjgpLlkIzmmYLjgavlhYXpm7vjgafjgY3jgb7jgZnjgILjgrnjg57jg7zjg4jjg5Xjgqnjg7PjgavntIQz5Zue5YWF6Zu75Y+v6IO977yI4oC7Me+8ieOBruWGheiUtembu+axoOWuuemHjzg3MDBtQWjjgILjgr3jg4vjg7zni6zoh6rmioDooZPjg4/jgqTjg5bjg6rjg4Pjg4njgrLjg6vjg4bjgq/jg47jg63jgrjjg7zjgafplbfmjIHjgaHjgILntIQxMDAw5Zue44GP44KK6L+U44GX5YWF6Zu744GM5Y+v6IO944Gn44GZ77yI4oC7Mu+8ieOAgjxicj4/44OP44Kk44OW44Oq44OD44OJ44Ky44Or44OG44Kv44OO44Ot44K444O844Gr44Gk44GE44Gm6Kmz44GX44GP44Gv44GT44Gh44KJIDxicj7igLsxIOW8iuekvuippumok+e1kOaenOOBq+WfuuOBpeOBj+OAgee0hDE1MDBtQWjjga7jg5Djg4Pjg4bjg6rjg7zmkK3ovInjgrnjg57jg7zjg4jjg5Xjgqnjg7Pjgafjga7nm67lronjgafjgZnjgILmqZ/lmajjgYrjgojjgbPkvb/nlKjmnaHku7bjgavjgojjgorjgIHlrp/pmpvjga7lhYXpm7vlj6/og73jgarlm57mlbDjgajjga/nlbDjgarjgorjgb7jgZk8YnI+4oC7MiDlvIrnpL7oqabpqJPntZDmnpzjgavln7rjgaXjgY/nm67lronjgafjgZnjgILmqZ/lmajjgYrjgojjgbPkvb/nlKjmnaHku7bjgavjgojjgorjgIHlrp/pmpvjga7liKnnlKjlj6/og73lm57mlbDjgajjga/nlbDjgarjgorjgb7jgZk8YnI+VVNCLUPjgqLjg4Djg5fjgr/jg7zjgrHjg7zjg5bjg6vku5jlsZ7jgadVU0ItQ+aQrei8ieODouODh+ODq+OBq+OCguS9v+eUqOOBp+OBjeOCizxicj7lkIzmorHjgZXjgozjgabjgYTjgotVU0ItQ+OCouODgOODl+OCv+ODvOOCseODvOODluODq+OBp1VTQi1D5pCt6LyJ44Oi44OH44Or44Gr44KC5YWF6Zu744GM5Y+v6IO944Gn44GZ44CCPGJyPuKAuzHjg53jg7zjg4jjga7lh7rlipvmnIDlpKfpm7vmtYHjga8xLjVB44Gn44GZ44CC5a++5b+c5qmf5Zmo44Gu56K66KqN44KS44GK6aGY44GE44GX44G+44GZPGJyPuWHuuiNt+aZguOBr+e0hDUw77yF44Gr5YWF6Zu75riI44G/44Gq44Gu44Gn44CB44GZ44GQ44Gr5L2/55So44Gn44GN44G+44GZ44CC44G+44Gf44CB44Oq44OB44Km44Og44Kk44Kq44Oz44Od44Oq44Oe44O844OQ44OD44OG44Oq44O844Gu5pS+6Zu754m55oCn44Gv5a6J5a6a44GX44Gm44GK44KK44CB44OV44Or5YWF6Zu744GX44Gf5b6M5L2/55So44Gb44GaMeW5tOe1jOmBjuOBl+OBpuOCguOAgembu+axoOaui+mHj+OBjOODleODq+WFhembu+OBrue0hDgw77yF44KS57at5oyB44GX44Gm44GE44G+44GZ44CC6Zu75rGg44Gu5q6L6YeP55uu5a6J44KSNOeBr0xFROOBp+imi+OChOOBmeOBj+OAgTEwMO+8heODuzYw77yF44O7NDDvvIXjg7syMO+8heODuzDvvIXjga415q616ZqO44Gn44GK55+l44KJ44Gb44GX44G+44GZ44CCPGJyPuKAu+acrOS9k+OBruWFhembu+aui+mHj+OBrueiuuiqjeihqOekuuOBr+OAgVVTQuOCseODvOODluODq+OCkuOBpOOBquOBhOOBoOOBqOOBjeOBruOBv+OBqOOBquOCiuOBvuOBmTxicj7igLvlhYXpm7vjga7nirbmhYvjga7mlbDlgKTjga/jgYLjgY/jgb7jgafjgoLnm67lronjgafjgZk8YnI+PGJyPjxicj7jgJDoo73lk4Hku5Xmp5jjgJE8YnI+5aSW5b2i5a+45rOV77yaNjYuMMOXMTEzLjDDlzIxLjBtbTxicj7os6rph4/vvJrntIQgMjAxZzxicj7li5XkvZzmuKnluqbvvJowIC0gMzXihIMgPGJyPuWHuuWKm++8mkRDNVbjgIEzLjAgQe+8iOacgOWkp++8ieOAgDEuNSBBw5cyPGJyPumAo+e2muS9v+eUqOaZgumWk++8mue0hDkw5YiGPGJyPumbu+axoOWuuemHj++8mjg3MDBtQWggPGJyPuWFpeWKm++8mkRDIDVW44CBMS41Qe+8iOacgOWkp++8iSDmqJnmupZVU0Ljg53jg7zjg4jkvb/nlKjmmYLjgIDntIQyMuaZgumWk++8iOaomea6llVTQuODneODvOODiO+8iTxicj7lkIzmorHvvJrjgrHjg7zjg5bjg6vvvIhBLULvvInvvJoxNWNt44CB44Kx44O844OW44Or77yIQ0LlpInmj5vvvInvvJozY20gPGJyPlVTQuODneODvOODiOaVsO+8mjLjg53jg7zjg4g8YnI+PGJyPjwvZm9udD48L3RkPjwvdHI+PC90YWJsZT48dGFibGUgY2VsbHNwYWNpbmc9IjAiIGNlbGxwYWRkaW5nPSI0IiBib3JkZXI9IjEiIHdpZHRoPSI3MTAiIGJvcmRlcmNvbG9yPSIjY2NjY2NjIj48dHI+PHRkIHdpZHRoPSIxODAiIGJnY29sb3I9IiNlZmVmZWYiPjxmb250IHNpemU9IjIiPuaOpee2muerr+WtkDwvZm9udD48L3RkPjx0ZCB3aWR0aD0iNTMwIj48Zm9udCBzaXplPSIyIj5taWNybyBVU0LvvI9VU0Lntabpm7s8L2ZvbnQ+PC90ZD48L3RyPjx0cj48dGQgd2lkdGg9IjE4MCIgYmdjb2xvcj0iI2VmZWZlZiI+PGZvbnQgc2l6ZT0iMiI+6ImyPC9mb250PjwvdGQ+PHRkIHdpZHRoPSI1MzAiPjxmb250IHNpemU9IjIiPuODm+ODr+OCpOODiOezuzwvZm9udD48L3RkPjwvdHI+PHRyPjx0ZCB3aWR0aD0iMTgwIiBiZ2NvbG9yPSIjZWZlZmVmIj48Zm9udCBzaXplPSIyIj7jg53jg7zjg4jmlbA8L2ZvbnQ+PC90ZD48dGQgd2lkdGg9IjUzMCI+PGZvbnQgc2l6ZT0iMiI+MuODneODvOODiDwvZm9udD48L3RkPjwvdHI+PC90YWJsZT48c3R5bGUgdHlwZT0idGV4dC9jc3MiPgo8IS0tCi5yYWt1dGVuLWNhbXAgewoJd2lkdGg6IDcyNXB4OwoJYm9yZGVyOiAycHggc29saWQgIzMzOTlGRjsKCXBhZGRpbmctdG9wOiA1cHg7CgktbW96LWJvcmRlci1yYWRpdXM6NHB4OyAvKkZpcmVmb3gqLwoJLXdlYmtpdC1ib3JkZXItcmFkaXVzOiA0cHg7IC8qU2FmYXJpLENocm9tZSovCglib3JkZXItcmFkaXVzOjRweDsgLypPcGVyYSxDaHJvbWUqLwoJbWFyZ2luOjAgMTBweCAxMHB4IDA7Cn0KCi8qIOS+oeagvOOBq+aeoOe3muOBjOOBpOOBjyAqLwp0YWJsZSNyYWt1dGVuTGltaXRlZElkX2NhcnQgewogICAgYmFja2dyb3VuZC1jb2xvcjogI2Y4ZjhmODsKICAgIGJvcmRlcjogMXB4IHNvbGlkICNkZGQ7CiAgICBwYWRkaW5nOiA4cHg7CiAgICBtYXJnaW46IDE2cHggMDsKfQoKc3Bhbi5wcmljZTEgewogICAgY29sb3I6ICMzMzMgIWltcG9ydGFudDsKICAgIGZvbnQtd2VpZ2h0OiBib2xkOwogICAgZm9udC1zaXplOiA4MCUgIWltcG9ydGFudDsKICAgIGxpbmUtaGVpZ2h0OiAzMHB4OwogICAgZGlzcGxheTogaW5saW5lLWJsb2NrOwogICAgbWFyZ2luLXJpZ2h0OiAxNnB4Owp9CgotLT4KPC9zdHlsZT4KCjwhLS3jg5Djg4rjg7zjgqjjg6rjgqItLT4KCjwhLS3jgJDmtojjgZnjgarvvIHjgJHimIXimIXimIUgaGVpZ2h0PSIzODAiIOOBp+ioreWumuOBl+OBpuOBj+OBoOOBleOBhOOAguKYheKYheKYhS0tPgo8IS0t44OQ44OK44O844Ko44Oq44Ki44GT44GT44G+44GnLS0+Cgo8IS0t5qW95aSp44Kt44Oj44Oz44Oa44O844OzLS0+Cgo8aDIgc3R5bGU9Im1hcmdpbjoyMHB4IDAgMTBweCAwOyI+PGltZyBzcmM9Imh0dHA6Ly93d3cucmFrdXRlbi5uZS5qcC9nb2xkL2FraWJhbWFjL2ZyYW1lL2ltYWdlcy9yYWt1dGVuX3RpdGxlMi5naWYiIGFsdD0i5qW95aSp5biC5aC044Gu44GK5b6X44Gq44Kt44Oj44Oz44Oa44O844OzIiB3aWR0aD0iNzMwIiBoZWlnaHQ9IjQyIiBib3JkZXI9IjAiPjwvaDI+CjxkaXYgY2xhc3M9InJha3V0ZW4tY2FtcCIgc3R5bGU9Im1hcmdpbjowIDAgMCAwOyI+CgoKPCEtLealveWkqeOCreODo+ODs+ODmuODvOODs0DjgZPjgZPjgb7jgactLT4=,44CQ6YCB5paZ54Sh5paZ44CR44K944OL44O8IOOCueODnuODvOODiOODleOCqeODs+WvvuW/nO+8u1VTQiBtaWNyb0IvVVNC57Wm6Zu777y9VVNC44Oi44OQ44Kk44Or44OQ44OD44OG44Oq44O877yLVVNCIG1pY3JvQuOCseODvOODluODqyAxNWNtICg4NzAwbUFo44O7MuODneODvOODiOODu+ODm+ODr+OCpOODiCkgQ1BFODdDV++8muOCveODleODnuODg+ODl+OAgOODh+OCuOOCv+ODq+OCs+ODrOOCr+OCt+ODp+ODsw==,44K944OV44Oe44OD44OXIOODh+OCuOOCv+ODq+OCs+ODrOOCr+OCt+ODp+ODs1NvZm1hcCBEaWdpdGFsIENvbGxlY3Rpb27jg5Hjgr3jgrPjg7Pjgr/jg5bjg6zjg4Pjg4hQQ0hEROOCouOCu+ODs+ODluODquODkeODvOODhOODkeOCveOCs+ODs+ODkeODvOODhOODhuODrOODk+OCsuODvOODoOODluODq+ODvOODrOOCpOOCveODleODiERWROOCveODleODiOa2suaZtuODhuODrOODk+ODluODq+ODvOODrOOCpOODh+OCo+OCueOCr+ODrOOCs+ODvOODgOODvOODh+OCuOOCv+ODq+S4gOecvOODrOODleOCq+ODoeODqeODh+OCuOOCv+ODq+OCq+ODoeODqeWutumbu+aZguioiOS4reWPpOOAgOOCveODleODiOOCouOCpuODiOODrOODg+ODiOS4reWPpOODjuODvOODiOODkeOCveOCs+ODs+S4reWPpOODkeOCveOCs+ODs+OAkOmAgeaWmeeEoeaWmeOAkeOCveODi+ODvCDjgrnjg57jg7zjg4jjg5Xjgqnjg7Plr77lv5zvvLtVU0IgbWljcm9CL1VTQue1pumbu++8vVVTQuODouODkOOCpOODq+ODkOODg+ODhuODquODvO+8i1VTQiBtaWNyb0LjgrHjg7zjg5bjg6sgMTVjbSAoODcwMG1BaOODuzLjg53jg7zjg4jjg7vjg5vjg6/jgqTjg4gpIENQRTg3Q1c=,44CQ6YCB5paZ54Sh5paZ44CR44K944OL44O8IOOCueODnuODvOODiOODleOCqeODs+WvvuW/nO+8u1VTQiBtaWNyb0IvVVNC57Wm6Zu777y9VVNC44Oi44OQ44Kk44Or44OQ44OD44OG44Oq44O877yLVVNCIG1pY3JvQuOCseODvOODluODqyAxNWNtICg4NzAwbUFo44O7MuODneODvOODiOODu+ODm+ODr+OCpOODiCkgQ1BFODdDVw==[rn]
3-47084,aHR0cDovL3RzaG9wLnIxMHMuanAvYWtpYmFtYWMvY2FiaW5ldC8wNTI2NDA2OS80NTYwMTMxNjg2ODAyLmpwZz9maXRpbj03MDA6NzAw,MTgyNC4wMDAw,,44K544Oe44O844OI44OV44Kp44Oz44O744K/44OW44Os44OD44OIID4g44OQ44OD44OG44Oq44O844O75YWF6Zu75ZmoID4g44Oi44OQ44Kk44Or44OQ44OD44OG44Oq44O8,44K744Os44Oz44K544Oe44O844OI44OV44Kp44Oz55So77y7bWljcm8gVVNC77y9IFVTQuODouODkOOCpOODq+ODkOODg+ODhuODquODvCDvvIjnm7TmjL/jgZfjg7szMDAwbUFo44O744Ob44Ov44Kk44OI77yJIFNDLUEzMDAwTShXKSAoU0NBMzAwME1XKQ==,,PHRhYmxlIGJvcmRlcj0iMCIgY2VsbHBhZGRpbmc9IjAiIGNlbGxzcGFjaW5nPSIwIiB3aWR0aD0iNzEwIiBzdHlsZT0ibGluZS1oZWlnaHQ6MTQwJTsiPjx0cj48dGQ+PGZvbnQgc2l6ZT0iMiI+TWljcm9VU0LjgrHjg7zjg5bjg6vkuIDkvZPlnovjgr/jgqTjg5fvvIhBbmRyb2lk55So77yJPGJyPuOCseODvOODluODq+OBjOWPjue0jeOBp+OBjeOCi+i7vemHj+S4gOS9k+Weizxicj7oloTlnovjgaczMDAw772NQe+9iDxicj48YnI+PC9mb250PjwvdGQ+PC90cj48L3RhYmxlPjx0YWJsZSBjZWxsc3BhY2luZz0iMCIgY2VsbHBhZGRpbmc9IjQiIGJvcmRlcj0iMSIgd2lkdGg9IjcxMCIgYm9yZGVyY29sb3I9IiNjY2NjY2MiPjx0cj48dGQgd2lkdGg9IjE4MCIgYmdjb2xvcj0iI2VmZWZlZiI+PGZvbnQgc2l6ZT0iMiI+5o6l57aa56uv5a2QPC9mb250PjwvdGQ+PHRkIHdpZHRoPSI1MzAiPjxmb250IHNpemU9IjIiPm1pY3JvIFVTQjwvZm9udD48L3RkPjwvdHI+PHRyPjx0ZCB3aWR0aD0iMTgwIiBiZ2NvbG9yPSIjZWZlZmVmIj48Zm9udCBzaXplPSIyIj7oibI8L2ZvbnQ+PC90ZD48dGQgd2lkdGg9IjUzMCI+PGZvbnQgc2l6ZT0iMiI+44Ob44Ov44Kk44OI57O7PC9mb250PjwvdGQ+PC90cj48L3RhYmxlPjxzdHlsZSB0eXBlPSJ0ZXh0L2NzcyI+CjwhLS0KLnJha3V0ZW4tY2FtcCB7Cgl3aWR0aDogNzI1cHg7Cglib3JkZXI6IDJweCBzb2xpZCAjMzM5OUZGOwoJcGFkZGluZy10b3A6IDVweDsKCS1tb3otYm9yZGVyLXJhZGl1czo0cHg7IC8qRmlyZWZveCovCgktd2Via2l0LWJvcmRlci1yYWRpdXM6IDRweDsgLypTYWZhcmksQ2hyb21lKi8KCWJvcmRlci1yYWRpdXM6NHB4OyAvKk9wZXJhLENocm9tZSovCgltYXJnaW46MCAxMHB4IDEwcHggMDsKfQoKLyog5L6h5qC844Gr5p6g57ea44GM44Gk44GPICovCnRhYmxlI3Jha3V0ZW5MaW1pdGVkSWRfY2FydCB7CiAgICBiYWNrZ3JvdW5kLWNvbG9yOiAjZjhmOGY4OwogICAgYm9yZGVyOiAxcHggc29saWQgI2RkZDsKICAgIHBhZGRpbmc6IDhweDsKICAgIG1hcmdpbjogMTZweCAwOwp9CgpzcGFuLnByaWNlMSB7CiAgICBjb2xvcjogIzMzMyAhaW1wb3J0YW50OwogICAgZm9udC13ZWlnaHQ6IGJvbGQ7CiAgICBmb250LXNpemU6IDgwJSAhaW1wb3J0YW50OwogICAgbGluZS1oZWlnaHQ6IDMwcHg7CiAgICBkaXNwbGF5OiBpbmxpbmUtYmxvY2s7CiAgICBtYXJnaW4tcmlnaHQ6IDE2cHg7Cn0KCi0tPgo8L3N0eWxlPgoKPCEtLeODkOODiuODvOOCqOODquOCoi0tPgoKPCEtLeOAkOa2iOOBmeOBqu+8geOAkeKYheKYheKYhSBoZWlnaHQ9IjM4MCIg44Gn6Kit5a6a44GX44Gm44GP44Gg44GV44GE44CC4piF4piF4piFLS0+CjwhLS3jg5Djg4rjg7zjgqjjg6rjgqLjgZPjgZPjgb7jgactLT4KCjwhLS3mpb3lpKnjgq3jg6Pjg7Pjg5rjg7zjg7MtLT4KCjxoMiBzdHlsZT0ibWFyZ2luOjIwcHggMCAxMHB4IDA7Ij48aW1nIHNyYz0iaHR0cDovL3d3dy5yYWt1dGVuLm5lLmpwL2dvbGQvYWtpYmFtYWMvZnJhbWUvaW1hZ2VzL3Jha3V0ZW5fdGl0bGUyLmdpZiIgYWx0PSLmpb3lpKnluILloLTjga7jgYrlvpfjgarjgq3jg6Pjg7Pjg5rjg7zjg7MiIHdpZHRoPSI3MzAiIGhlaWdodD0iNDIiIGJvcmRlcj0iMCI+PC9oMj4KPGRpdiBjbGFzcz0icmFrdXRlbi1jYW1wIiBzdHlsZT0ibWFyZ2luOjAgMCAwIDA7Ij4KCgo8IS0t5qW95aSp44Kt44Oj44Oz44Oa44O844OzQOOBk+OBk+OBvuOBpy0tPg==,44K744Os44Oz44K544Oe44O844OI44OV44Kp44Oz55So77y7bWljcm8gVVNC77y9IFVTQuODouODkOOCpOODq+ODkOODg+ODhuODquODvCDvvIjnm7TmjL/jgZfjg7szMDAwbUFo44O744Ob44Ov44Kk44OI77yJIFNDLUEzMDAwTShXKSAoU0NBMzAwME1XKe+8muOCveODleODnuODg+ODl+OAgOODh+OCuOOCv+ODq+OCs+ODrOOCr+OCt+ODp+ODsw==,44K944OV44Oe44OD44OXIOODh+OCuOOCv+ODq+OCs+ODrOOCr+OCt+ODp+ODs1NvZm1hcCBEaWdpdGFsIENvbGxlY3Rpb27jg5Hjgr3jgrPjg7Pjgr/jg5bjg6zjg4Pjg4hQQ0hEROOCouOCu+ODs+ODluODquODkeODvOODhOODkeOCveOCs+ODs+ODkeODvOODhOODhuODrOODk+OCsuODvOODoOODluODq+ODvOODrOOCpOOCveODleODiERWROOCveODleODiOa2suaZtuODhuODrOODk+ODluODq+ODvOODrOOCpOODh+OCo+OCueOCr+ODrOOCs+ODvOODgOODvOODh+OCuOOCv+ODq+S4gOecvOODrOODleOCq+ODoeODqeODh+OCuOOCv+ODq+OCq+ODoeODqeWutumbu+aZguioiOS4reWPpOOAgOOCveODleODiOOCouOCpuODiOODrOODg+ODiOS4reWPpOODjuODvOODiOODkeOCveOCs+ODs+S4reWPpOODkeOCveOCs+ODs+OCu+ODrOODs+OCueODnuODvOODiOODleOCqeODs+eUqO+8u21pY3JvIFVTQu+8vSBVU0Ljg6Ljg5DjgqTjg6vjg5Djg4Pjg4bjg6rjg7wg77yI55u05oy/44GX44O7MzAwMG1BaOODu+ODm+ODr+OCpOODiO+8iSBTQy1BMzAwME0oVykgKFNDQTMwMDBNVyk=,44K744Os44Oz44K544Oe44O844OI44OV44Kp44Oz55So77y7bWljcm8gVVNC77y9IFVTQuODouODkOOCpOODq+ODkOODg+ODhuODquODvCDvvIjnm7TmjL/jgZfjg7szMDAwbUFo44O744Ob44Ov44Kk44OI77yJIFNDLUEzMDAwTShXKSAoU0NBMzAwME1XKQ==[rn]
3-47085,aHR0cDovL3RzaG9wLnIxMHMuanAvYWtpYmFtYWMvY2FiaW5ldC8wNTI2NDA2OS80NTIwNDY3OTAwMzkzLmpwZz9maXRpbj03MDA6NzAw,NDM3Ni4wMDAw,,44K544Oe44O844OI44OV44Kp44Oz44O744K/44OW44Os44OD44OIID4g44OQ44OD44OG44Oq44O844O75YWF6Zu75ZmoID4g44Oi44OQ44Kk44Or44OQ44OD44OG44Oq44O8,44CQ6YCB5paZ54Sh5paZ44CRWE9PUEVS44K/44OW44Os44OD44OI77yP44K544Oe44O844OI44OV44Kp44Oz5a++5b+c77y7bWljcm8gVVNC77yPVVNC57Wm6Zu777y9IFVTQuODouODkOOCpOODq+ODkOODg+ODhuODquODvCDjgIxCdWJibGUgQmFuZ+OAjSDvvIg1MDAwbUFo44O744Kw44Os44O877yJIFhQNjEwNDIyMlI=,,PHRhYmxlIGJvcmRlcj0iMCIgY2VsbHBhZGRpbmc9IjAiIGNlbGxzcGFjaW5nPSIwIiB3aWR0aD0iNzEwIiBzdHlsZT0ibGluZS1oZWlnaHQ6MTQwJTsiPjx0cj48dGQ+PGZvbnQgc2l6ZT0iMiI+4pagVVNC77yGTWljcm8gVVNC44Od44O844OIPGJyPjLjgaTjga7lhYXpm7vjg53jg7zjg4jjgpLmkK3ovInjgII8YnI+5ZCE44Kx44O844OW44Or44Gr5a++5b+c44GX44Gf44OH44OQ44Kk44K544KS5YWF6Zu744Gn44GN44G+44GZ44CCPGJyPjxicj7ilqDjg5Djg4Pjg4bjg6rjg7zmnKzkvZPjgbjjga7lhYXpm7vjgoLmgKXpgJ/jgII8YnI+57SEMuaZgumWk+WNiuOBp+WFhembu+WujOS6huOBl+OBvuOBmeOAgjxicj7igLvmgKXpgJ/lhYXpm7vlr77lv5xBQ+WFhembu+OBruWgtOWQiDxicj7igLtQQ+OBp+OBruWFhembu+OBruWgtOWQiOe0hDXmmYLplpM8YnI+4oC75YWF6Zu755SoQUPjgqLjg4Djg5fjgr/jg7zjga/liKXpgJTjgZTnlKjmhI/jgY/jgaDjgZXjgYTjgII8YnI+PGJyPuKWoOmYsuWhteOCt+ODquOCs+ODs+ODkeODg+ODiTxicj7lkLjnm6TkuIrjga7jgrfjg6rjgrPjg7Pjg5Hjg4Pjg4njgafjg4fjg5DjgqTjgrnjgavlkLjnnYDjgII8YnI+5ZC4552A5Yqb44GM5Yqj5YyW44GX44Gr44GP44GE6Ziy5aG15Yqg5bel44KS5pa944GX44G+44GX44Gf44CCPGJyPuOCueODnuODm+OChOOCv+ODluODrOODg+ODiOOBqOS4gOS9k+WMluOBleOBm+OBpuOBiuS9v+OBhOOBhOOBn+OBoOOBkeOBvuOBmeOAgjxicj48YnI+4pag44Of44OL44Kx44O844OW44Or44Gv5pys5L2T44Gr5Y+O57SN5Y+v6IO9PGJyPuWFhembu+OCkuOBl+OBquOBhOOBqOOBjeOBr+acrOS9k+OBruOBj+OBvOOBv+OBq+OBtOOBo+OBn+OCiuWPjue0jeOBp+OBjeOBvuOBmeOAgjxicj7mjIHjgaHpgYvjgbPjga7pmpvjgIHplbfjgYTjgrHjg7zjg5bjg6vjga7jgojjgYbjgavmnKzkvZPjgavlt7vjgY3ku5jjgZHjgovlv4XopoHjgYzjgYLjgorjgb7jgZvjgpPjgII8YnI+PGJyPuKWoOWwgueUqOODneODvOODgeS7mOOBjTxicj7mjIHjgaHpgYvjgbPjgavkvr/liKnjgarlsILnlKjjg53jg7zjg4HjgYzku5jlsZ7jgII8YnI+5YaF44Od44Kx44OD44OI44Gr44Gv44Kx44O844OW44Or6aGe44KS5Y+O57SN44Gn44GN44G+44GZ44CCPGJyPjxicj7jgJDoo73lk4Hku5Xmp5jjgJE8YnI+44K144Kk44K677ya57imMTI3w5fmqKo2NsOX5Y6a44GVMTNtbTxicj7ph43ph4/vvJoxMTBnPGJyPuWuuemHj++8mjUwMDBtQWg8YnI+VVNC44Od44O844OI5pWw77yaMjxicj7lhYXpm7vpm7vlnKfjg7vpm7vmtYHvvJpEQyA1Vi8yQTxicj7mlL7pm7vpm7vlnKfjg7vpm7vmtYHvvJpEQyA1Vi8yLjFB77yI5pyA5aSn77yJPGJyPuadkOizqu+8muODl+ODqeOCueODgeODg+OCr+OAgeOCt+ODquOCs+ODszxicj7pm7vmsaDlr7/lkb3vvJrntIQ1MDDlm548YnI+5pys5L2T5YWF6Zu75pmC6ZaT77ya4peGQUPjgqLjg4Djg5fjgr/jg7zkvb/nlKjmmYLvvJrntIQyLjXmmYLplpMg4peGUEPmjqXntprmmYLvvJrntIQ15pmC6ZaTICDigLvpm7vmsaDjga/mtojogJflk4HjgafjgZnjgILmraPjgZfjgYTmlrnms5XjgafjgYLjgaPjgabjgoLlhYXpm7vjg7vmlL7pm7vjgpLnubDjgorov5TjgZnjgajlvpDjgIXjgavkvb/nlKjjgafjgY3jgovmmYLplpPjgYznn63jgY/jgarjgorjgb7jgZnjgIIgPGJyPuaomea6luOCouOCr+OCu+OCteODquODvO+8mm1pY3JvIFVTQuWFhembu+OCseODvOODluODqyAvIExpZ2h0bmluZ+OCseODvOODluODqyAvIFVTQuOCv+OCpOODl0HjgrHjg7zjg5bjg6s8YnI+PGJyPjwvZm9udD48L3RkPjwvdHI+PC90YWJsZT48c3R5bGUgdHlwZT0idGV4dC9jc3MiPgo8IS0tCi5yYWt1dGVuLWNhbXAgewoJd2lkdGg6IDcyNXB4OwoJYm9yZGVyOiAycHggc29saWQgIzMzOTlGRjsKCXBhZGRpbmctdG9wOiA1cHg7CgktbW96LWJvcmRlci1yYWRpdXM6NHB4OyAvKkZpcmVmb3gqLwoJLXdlYmtpdC1ib3JkZXItcmFkaXVzOiA0cHg7IC8qU2FmYXJpLENocm9tZSovCglib3JkZXItcmFkaXVzOjRweDsgLypPcGVyYSxDaHJvbWUqLwoJbWFyZ2luOjAgMTBweCAxMHB4IDA7Cn0KCi8qIOS+oeagvOOBq+aeoOe3muOBjOOBpOOBjyAqLwp0YWJsZSNyYWt1dGVuTGltaXRlZElkX2NhcnQgewogICAgYmFja2dyb3VuZC1jb2xvcjogI2Y4ZjhmODsKICAgIGJvcmRlcjogMXB4IHNvbGlkICNkZGQ7CiAgICBwYWRkaW5nOiA4cHg7CiAgICBtYXJnaW46IDE2cHggMDsKfQoKc3Bhbi5wcmljZTEgewogICAgY29sb3I6ICMzMzMgIWltcG9ydGFudDsKICAgIGZvbnQtd2VpZ2h0OiBib2xkOwogICAgZm9udC1zaXplOiA4MCUgIWltcG9ydGFudDsKICAgIGxpbmUtaGVpZ2h0OiAzMHB4OwogICAgZGlzcGxheTogaW5saW5lLWJsb2NrOwogICAgbWFyZ2luLXJpZ2h0OiAxNnB4Owp9CgotLT4KPC9zdHlsZT4KCjwhLS3jg5Djg4rjg7zjgqjjg6rjgqItLT4KCjwhLS3jgJDmtojjgZnjgarvvIHjgJHimIXimIXimIUgaGVpZ2h0PSIzODAiIOOBp+ioreWumuOBl+OBpuOBj+OBoOOBleOBhOOAguKYheKYheKYhS0tPgo8IS0t44OQ44OK44O844Ko44Oq44Ki44GT44GT44G+44GnLS0+Cgo8IS0t5qW95aSp44Kt44Oj44Oz44Oa44O844OzLS0+Cgo8aDIgc3R5bGU9Im1hcmdpbjoyMHB4IDAgMTBweCAwOyI+PGltZyBzcmM9Imh0dHA6Ly93d3cucmFrdXRlbi5uZS5qcC9nb2xkL2FraWJhbWFjL2ZyYW1lL2ltYWdlcy9yYWt1dGVuX3RpdGxlMi5naWYiIGFsdD0i5qW95aSp5biC5aC044Gu44GK5b6X44Gq44Kt44Oj44Oz44Oa44O844OzIiB3aWR0aD0iNzMwIiBoZWlnaHQ9IjQyIiBib3JkZXI9IjAiPjwvaDI+CjxkaXYgY2xhc3M9InJha3V0ZW4tY2FtcCIgc3R5bGU9Im1hcmdpbjowIDAgMCAwOyI+CgoKPCEtLealveWkqeOCreODo+ODs+ODmuODvOODs0DjgZPjgZPjgb7jgactLT4=,44CQ6YCB5paZ54Sh5paZ44CRWE9PUEVS44K/44OW44Os44OD44OI77yP44K544Oe44O844OI44OV44Kp44Oz5a++5b+c77y7bWljcm8gVVNC77yPVVNC57Wm6Zu777y9IFVTQuODouODkOOCpOODq+ODkOODg+ODhuODquODvCDjgIxCdWJibGUgQmFuZ+OAjSDvvIg1MDAwbUFo44O744Kw44Os44O877yJIFhQNjEwNDIyMlLvvJrjgr3jg5Xjg57jg4Pjg5fjgIDjg4fjgrjjgr/jg6vjgrPjg6zjgq/jgrfjg6fjg7M=,44K944OV44Oe44OD44OXIOODh+OCuOOCv+ODq+OCs+ODrOOCr+OCt+ODp+ODs1NvZm1hcCBEaWdpdGFsIENvbGxlY3Rpb27jg5Hjgr3jgrPjg7Pjgr/jg5bjg6zjg4Pjg4hQQ0hEROOCouOCu+ODs+ODluODquODkeODvOODhOODkeOCveOCs+ODs+ODkeODvOODhOODhuODrOODk+OCsuODvOODoOODluODq+ODvOODrOOCpOOCveODleODiERWROOCveODleODiOa2suaZtuODhuODrOODk+ODluODq+ODvOODrOOCpOODh+OCo+OCueOCr+ODrOOCs+ODvOODgOODvOODh+OCuOOCv+ODq+S4gOecvOODrOODleOCq+ODoeODqeODh+OCuOOCv+ODq+OCq+ODoeODqeWutumbu+aZguioiOS4reWPpOOAgOOCveODleODiOOCouOCpuODiOODrOODg+ODiOS4reWPpOODjuODvOODiOODkeOCveOCs+ODs+S4reWPpOODkeOCveOCs+ODs+OAkOmAgeaWmeeEoeaWmeOAkVhPT1BFUuOCv+ODluODrOODg+ODiO+8j+OCueODnuODvOODiOODleOCqeODs+WvvuW/nO+8u21pY3JvIFVTQu+8j1VTQue1pumbu++8vSBVU0Ljg6Ljg5DjgqTjg6vjg5Djg4Pjg4bjg6rjg7wg44CMQnViYmxlIEJhbmfjgI0g77yINTAwMG1BaOODu+OCsOODrOODvO+8iSBYUDYxMDQyMjJS,44CQ6YCB5paZ54Sh5paZ44CRWE9PUEVS44K/44OW44Os44OD44OI77yP44K544Oe44O844OI44OV44Kp44Oz5a++5b+c77y7bWljcm8gVVNC77yPVVNC57Wm6Zu777y9IFVTQuODouODkOOCpOODq+ODkOODg+ODhuODquODvCDjgIxCdWJibGUgQmFuZ+OAjSDvvIg1MDAwbUFo44O744Kw44Os44O877yJIFhQNjEwNDIyMlI=[rn]
3-47086,aHR0cDovL3RzaG9wLnIxMHMuanAvYWtpYmFtYWMvY2FiaW5ldC8wNTA1MDczOS80OTAxNjYwMTQzODkxLmpwZz9maXRpbj03MDA6NzAw,NTEzMy42MDAw,,44K544Oe44O844OI44OV44Kp44Oz44O744K/44OW44Os44OD44OIID4g44OQ44OD44OG44Oq44O844O75YWF6Zu75ZmoID4g44Oi44OQ44Kk44Or44OQ44OD44OG44Oq44O8,44CQ6YCB5paZ54Sh5paZ44CR44K944OL44O8IOOCueODnuODvOODiOODleOCqeODs+WvvuW/nO+8u1VTQiBtaWNyb0IvVVNC57Wm6Zu777y9VVNC44Oi44OQ44Kk44Or44OQ44OD44OG44Oq44O877yLVVNCIG1pY3JvQuOCseODvOODluODqyAxNWNtICg4NzAwbUFo44O7MuODneODvOODiOODu+ODluODqeODg+OCrykgQ1BFODdDQg==,,PHRhYmxlIGJvcmRlcj0iMCIgY2VsbHBhZGRpbmc9IjAiIGNlbGxzcGFjaW5nPSIwIiB3aWR0aD0iNzEwIiBzdHlsZT0ibGluZS1oZWlnaHQ6MTQwJTsiPjx0cj48dGQ+PGZvbnQgc2l6ZT0iMiI+MuODneODvOODiOWHuuWKm+WQiOioiOacgOWkpzMuMEHjgafjgrnjg57jg7zjg4jjg5Xjgqnjg7PnrYnjgpLlkIzmmYLjgavlhYXpm7vjgafjgY3jgb7jgZnjgILjgrnjg57jg7zjg4jjg5Xjgqnjg7PjgavntIQz5Zue5YWF6Zu75Y+v6IO977yI4oC7Me+8ieOBruWGheiUtembu+axoOWuuemHjzg3MDBtQWjjgILjgr3jg4vjg7zni6zoh6rmioDooZPjg4/jgqTjg5bjg6rjg4Pjg4njgrLjg6vjg4bjgq/jg47jg63jgrjjg7zjgafplbfmjIHjgaHjgILntIQxMDAw5Zue44GP44KK6L+U44GX5YWF6Zu744GM5Y+v6IO944Gn44GZ77yI4oC7Mu+8ieOAgjxicj4/44OP44Kk44OW44Oq44OD44OJ44Ky44Or44OG44Kv44OO44Ot44K444O844Gr44Gk44GE44Gm6Kmz44GX44GP44Gv44GT44Gh44KJIDxicj7igLsxIOW8iuekvuippumok+e1kOaenOOBq+WfuuOBpeOBj+OAgee0hDE1MDBtQWjjga7jg5Djg4Pjg4bjg6rjg7zmkK3ovInjgrnjg57jg7zjg4jjg5Xjgqnjg7Pjgafjga7nm67lronjgafjgZnjgILmqZ/lmajjgYrjgojjgbPkvb/nlKjmnaHku7bjgavjgojjgorjgIHlrp/pmpvjga7lhYXpm7vlj6/og73jgarlm57mlbDjgajjga/nlbDjgarjgorjgb7jgZk8YnI+4oC7MiDlvIrnpL7oqabpqJPntZDmnpzjgavln7rjgaXjgY/nm67lronjgafjgZnjgILmqZ/lmajjgYrjgojjgbPkvb/nlKjmnaHku7bjgavjgojjgorjgIHlrp/pmpvjga7liKnnlKjlj6/og73lm57mlbDjgajjga/nlbDjgarjgorjgb7jgZk8YnI+VVNCLUPjgqLjg4Djg5fjgr/jg7zjgrHjg7zjg5bjg6vku5jlsZ7jgadVU0ItQ+aQrei8ieODouODh+ODq+OBq+OCguS9v+eUqOOBp+OBjeOCizxicj7lkIzmorHjgZXjgozjgabjgYTjgotVU0ItQ+OCouODgOODl+OCv+ODvOOCseODvOODluODq+OBp1VTQi1D5pCt6LyJ44Oi44OH44Or44Gr44KC5YWF6Zu744GM5Y+v6IO944Gn44GZ44CCPGJyPuKAuzHjg53jg7zjg4jjga7lh7rlipvmnIDlpKfpm7vmtYHjga8xLjVB44Gn44GZ44CC5a++5b+c5qmf5Zmo44Gu56K66KqN44KS44GK6aGY44GE44GX44G+44GZPGJyPuWHuuiNt+aZguOBr+e0hDUw77yF44Gr5YWF6Zu75riI44G/44Gq44Gu44Gn44CB44GZ44GQ44Gr5L2/55So44Gn44GN44G+44GZ44CC44G+44Gf44CB44Oq44OB44Km44Og44Kk44Kq44Oz44Od44Oq44Oe44O844OQ44OD44OG44Oq44O844Gu5pS+6Zu754m55oCn44Gv5a6J5a6a44GX44Gm44GK44KK44CB44OV44Or5YWF6Zu744GX44Gf5b6M5L2/55So44Gb44GaMeW5tOe1jOmBjuOBl+OBpuOCguOAgembu+axoOaui+mHj+OBjOODleODq+WFhembu+OBrue0hDgw77yF44KS57at5oyB44GX44Gm44GE44G+44GZ44CC6Zu75rGg44Gu5q6L6YeP55uu5a6J44KSNOeBr0xFROOBp+imi+OChOOBmeOBj+OAgTEwMO+8heODuzYw77yF44O7NDDvvIXjg7syMO+8heODuzDvvIXjga415q616ZqO44Gn44GK55+l44KJ44Gb44GX44G+44GZ44CCPGJyPuKAu+acrOS9k+OBruWFhembu+aui+mHj+OBrueiuuiqjeihqOekuuOBr+OAgVVTQuOCseODvOODluODq+OCkuOBpOOBquOBhOOBoOOBqOOBjeOBruOBv+OBqOOBquOCiuOBvuOBmTxicj7igLvlhYXpm7vjga7nirbmhYvjga7mlbDlgKTjga/jgYLjgY/jgb7jgafjgoLnm67lronjgafjgZk8YnI+PGJyPjxicj7jgJDoo73lk4Hku5Xmp5jjgJE8YnI+5aSW5b2i5a+45rOV77yaNjYuMMOXMTEzLjDDlzIxLjBtbTxicj7os6rph4/vvJrntIQgMjAxZzxicj7li5XkvZzmuKnluqbvvJowIC0gMzXihIMgPGJyPuWHuuWKm++8mkRDNVbjgIEzLjAgQe+8iOacgOWkp++8ieOAgDEuNSBBw5cyPGJyPumAo+e2muS9v+eUqOaZgumWk++8mue0hDkw5YiGPGJyPumbu+axoOWuuemHj++8mjg3MDBtQWggPGJyPuWFpeWKm++8mkRDIDVW44CBMS41Qe+8iOacgOWkp++8iSDmqJnmupZVU0Ljg53jg7zjg4jkvb/nlKjmmYLjgIDntIQyMuaZgumWk++8iOaomea6llVTQuODneODvOODiO+8iTxicj7lkIzmorHvvJrjgrHjg7zjg5bjg6vvvIhBLULvvInvvJoxNWNt44CB44Kx44O844OW44Or77yIQ0LlpInmj5vvvInvvJozY20gPGJyPlVTQuODneODvOODiOaVsO+8mjLjg53jg7zjg4g8YnI+PGJyPjwvZm9udD48L3RkPjwvdHI+PC90YWJsZT48dGFibGUgY2VsbHNwYWNpbmc9IjAiIGNlbGxwYWRkaW5nPSI0IiBib3JkZXI9IjEiIHdpZHRoPSI3MTAiIGJvcmRlcmNvbG9yPSIjY2NjY2NjIj48dHI+PHRkIHdpZHRoPSIxODAiIGJnY29sb3I9IiNlZmVmZWYiPjxmb250IHNpemU9IjIiPuaOpee2muerr+WtkDwvZm9udD48L3RkPjx0ZCB3aWR0aD0iNTMwIj48Zm9udCBzaXplPSIyIj5taWNybyBVU0LvvI9VU0Lntabpm7s8L2ZvbnQ+PC90ZD48L3RyPjx0cj48dGQgd2lkdGg9IjE4MCIgYmdjb2xvcj0iI2VmZWZlZiI+PGZvbnQgc2l6ZT0iMiI+6ImyPC9mb250PjwvdGQ+PHRkIHdpZHRoPSI1MzAiPjxmb250IHNpemU9IjIiPuODluODqeODg+OCr+ezuzwvZm9udD48L3RkPjwvdHI+PHRyPjx0ZCB3aWR0aD0iMTgwIiBiZ2NvbG9yPSIjZWZlZmVmIj48Zm9udCBzaXplPSIyIj7jg53jg7zjg4jmlbA8L2ZvbnQ+PC90ZD48dGQgd2lkdGg9IjUzMCI+PGZvbnQgc2l6ZT0iMiI+MuODneODvOODiDwvZm9udD48L3RkPjwvdHI+PC90YWJsZT48c3R5bGUgdHlwZT0idGV4dC9jc3MiPgo8IS0tCi5yYWt1dGVuLWNhbXAgewoJd2lkdGg6IDcyNXB4OwoJYm9yZGVyOiAycHggc29saWQgIzMzOTlGRjsKCXBhZGRpbmctdG9wOiA1cHg7CgktbW96LWJvcmRlci1yYWRpdXM6NHB4OyAvKkZpcmVmb3gqLwoJLXdlYmtpdC1ib3JkZXItcmFkaXVzOiA0cHg7IC8qU2FmYXJpLENocm9tZSovCglib3JkZXItcmFkaXVzOjRweDsgLypPcGVyYSxDaHJvbWUqLwoJbWFyZ2luOjAgMTBweCAxMHB4IDA7Cn0KCi8qIOS+oeagvOOBq+aeoOe3muOBjOOBpOOBjyAqLwp0YWJsZSNyYWt1dGVuTGltaXRlZElkX2NhcnQgewogICAgYmFja2dyb3VuZC1jb2xvcjogI2Y4ZjhmODsKICAgIGJvcmRlcjogMXB4IHNvbGlkICNkZGQ7CiAgICBwYWRkaW5nOiA4cHg7CiAgICBtYXJnaW46IDE2cHggMDsKfQoKc3Bhbi5wcmljZTEgewogICAgY29sb3I6ICMzMzMgIWltcG9ydGFudDsKICAgIGZvbnQtd2VpZ2h0OiBib2xkOwogICAgZm9udC1zaXplOiA4MCUgIWltcG9ydGFudDsKICAgIGxpbmUtaGVpZ2h0OiAzMHB4OwogICAgZGlzcGxheTogaW5saW5lLWJsb2NrOwogICAgbWFyZ2luLXJpZ2h0OiAxNnB4Owp9CgotLT4KPC9zdHlsZT4KCjwhLS3jg5Djg4rjg7zjgqjjg6rjgqItLT4KCjwhLS3jgJDmtojjgZnjgarvvIHjgJHimIXimIXimIUgaGVpZ2h0PSIzODAiIOOBp+ioreWumuOBl+OBpuOBj+OBoOOBleOBhOOAguKYheKYheKYhS0tPgo8IS0t44OQ44OK44O844Ko44Oq44Ki44GT44GT44G+44GnLS0+Cgo8IS0t5qW95aSp44Kt44Oj44Oz44Oa44O844OzLS0+Cgo8aDIgc3R5bGU9Im1hcmdpbjoyMHB4IDAgMTBweCAwOyI+PGltZyBzcmM9Imh0dHA6Ly93d3cucmFrdXRlbi5uZS5qcC9nb2xkL2FraWJhbWFjL2ZyYW1lL2ltYWdlcy9yYWt1dGVuX3RpdGxlMi5naWYiIGFsdD0i5qW95aSp5biC5aC044Gu44GK5b6X44Gq44Kt44Oj44Oz44Oa44O844OzIiB3aWR0aD0iNzMwIiBoZWlnaHQ9IjQyIiBib3JkZXI9IjAiPjwvaDI+CjxkaXYgY2xhc3M9InJha3V0ZW4tY2FtcCIgc3R5bGU9Im1hcmdpbjowIDAgMCAwOyI+CgoKPCEtLealveWkqeOCreODo+ODs+ODmuODvOODs0DjgZPjgZPjgb7jgactLT4=,44CQ6YCB5paZ54Sh5paZ44CR44K944OL44O8IOOCueODnuODvOODiOODleOCqeODs+WvvuW/nO+8u1VTQiBtaWNyb0IvVVNC57Wm6Zu777y9VVNC44Oi44OQ44Kk44Or44OQ44OD44OG44Oq44O877yLVVNCIG1pY3JvQuOCseODvOODluODqyAxNWNtICg4NzAwbUFo44O7MuODneODvOODiOODu+ODluODqeODg+OCrykgQ1BFODdDQu+8muOCveODleODnuODg+ODl+OAgOODh+OCuOOCv+ODq+OCs+ODrOOCr+OCt+ODp+ODsw==,44K944OV44Oe44OD44OXIOODh+OCuOOCv+ODq+OCs+ODrOOCr+OCt+ODp+ODs1NvZm1hcCBEaWdpdGFsIENvbGxlY3Rpb27jg5Hjgr3jgrPjg7Pjgr/jg5bjg6zjg4Pjg4hQQ0hEROOCouOCu+ODs+ODluODquODkeODvOODhOODkeOCveOCs+ODs+ODkeODvOODhOODhuODrOODk+OCsuODvOODoOODluODq+ODvOODrOOCpOOCveODleODiERWROOCveODleODiOa2suaZtuODhuODrOODk+ODluODq+ODvOODrOOCpOODh+OCo+OCueOCr+ODrOOCs+ODvOODgOODvOODh+OCuOOCv+ODq+S4gOecvOODrOODleOCq+ODoeODqeODh+OCuOOCv+ODq+OCq+ODoeODqeWutumbu+aZguioiOS4reWPpOOAgOOCveODleODiOOCouOCpuODiOODrOODg+ODiOS4reWPpOODjuODvOODiOODkeOCveOCs+ODs+S4reWPpOODkeOCveOCs+ODs+OAkOmAgeaWmeeEoeaWmeOAkeOCveODi+ODvCDjgrnjg57jg7zjg4jjg5Xjgqnjg7Plr77lv5zvvLtVU0IgbWljcm9CL1VTQue1pumbu++8vVVTQuODouODkOOCpOODq+ODkOODg+ODhuODquODvO+8i1VTQiBtaWNyb0LjgrHjg7zjg5bjg6sgMTVjbSAoODcwMG1BaOODuzLjg53jg7zjg4jjg7vjg5bjg6njg4Pjgq8pIENQRTg3Q0I=,44CQ6YCB5paZ54Sh5paZ44CR44K944OL44O8IOOCueODnuODvOODiOODleOCqeODs+WvvuW/nO+8u1VTQiBtaWNyb0IvVVNC57Wm6Zu777y9VVNC44Oi44OQ44Kk44Or44OQ44OD44OG44Oq44O877yLVVNCIG1pY3JvQuOCseODvOODluODqyAxNWNtICg4NzAwbUFo44O7MuODneODvOODiOODu+ODluODqeODg+OCrykgQ1BFODdDQg==[rn]
3-47087,aHR0cDovL3RzaG9wLnIxMHMuanAvYWtpYmFtYWMvY2FiaW5ldC8wNTI2NDA2OS80NTYwMTMxNjg2ODE5LmpwZz9maXRpbj03MDA6NzAw,MjM4NC4wMDAw,,44K544Oe44O844OI44OV44Kp44Oz44O744K/44OW44Os44OD44OIID4g44OQ44OD44OG44Oq44O844O75YWF6Zu75ZmoID4g44Oi44OQ44Kk44Or44OQ44OD44OG44Oq44O8,44K744Os44OzaVBob25l77yPaVBvZOWvvuW/nO+8u0xpZ2h0bmluZ++8vSBVU0Ljg6Ljg5DjgqTjg6vjg5Djg4Pjg4bjg6rjg7wg77yIMzAwMG1BaOODu+ODm+ODr+OCpOODiO+8iSBTQy1BMzAwMEwoVykgKFNDQTMwMDBMVyk=,,PHRhYmxlIGJvcmRlcj0iMCIgY2VsbHBhZGRpbmc9IjAiIGNlbGxzcGFjaW5nPSIwIiB3aWR0aD0iNzEwIiBzdHlsZT0ibGluZS1oZWlnaHQ6MTQwJTsiPjx0cj48dGQ+PGZvbnQgc2l6ZT0iMiI+44Op44Kk44OI44OL44Oz44Kw44Kx44O844OW44Or5LiA5L2T5Z6L44K/44Kk44OX77yIaVBob25lL2lQYWTnlKjvvIk8YnI+44Kx44O844OW44Or44GM5Y+O57SN44Gn44GN44KL6Lu96YeP5LiA5L2T5Z6LPGJyPuiWhOWei+OBpzMwMDDvvY1B772IPGJyPjxicj48L2ZvbnQ+PC90ZD48L3RyPjwvdGFibGU+PHRhYmxlIGNlbGxzcGFjaW5nPSIwIiBjZWxscGFkZGluZz0iNCIgYm9yZGVyPSIxIiB3aWR0aD0iNzEwIiBib3JkZXJjb2xvcj0iI2NjY2NjYyI+PHRyPjx0ZCB3aWR0aD0iMTgwIiBiZ2NvbG9yPSIjZWZlZmVmIj48Zm9udCBzaXplPSIyIj7mjqXntprnq6/lrZA8L2ZvbnQ+PC90ZD48dGQgd2lkdGg9IjUzMCI+PGZvbnQgc2l6ZT0iMiI+TGlnaHRuaW5nPC9mb250PjwvdGQ+PC90cj48dHI+PHRkIHdpZHRoPSIxODAiIGJnY29sb3I9IiNlZmVmZWYiPjxmb250IHNpemU9IjIiPuiJsjwvZm9udD48L3RkPjx0ZCB3aWR0aD0iNTMwIj48Zm9udCBzaXplPSIyIj7jg5vjg6/jgqTjg4jns7s8L2ZvbnQ+PC90ZD48L3RyPjwvdGFibGU+PHN0eWxlIHR5cGU9InRleHQvY3NzIj4KPCEtLQoucmFrdXRlbi1jYW1wIHsKCXdpZHRoOiA3MjVweDsKCWJvcmRlcjogMnB4IHNvbGlkICMzMzk5RkY7CglwYWRkaW5nLXRvcDogNXB4OwoJLW1vei1ib3JkZXItcmFkaXVzOjRweDsgLypGaXJlZm94Ki8KCS13ZWJraXQtYm9yZGVyLXJhZGl1czogNHB4OyAvKlNhZmFyaSxDaHJvbWUqLwoJYm9yZGVyLXJhZGl1czo0cHg7IC8qT3BlcmEsQ2hyb21lKi8KCW1hcmdpbjowIDEwcHggMTBweCAwOwp9CgovKiDkvqHmoLzjgavmnqDnt5rjgYzjgaTjgY8gKi8KdGFibGUjcmFrdXRlbkxpbWl0ZWRJZF9jYXJ0IHsKICAgIGJhY2tncm91bmQtY29sb3I6ICNmOGY4Zjg7CiAgICBib3JkZXI6IDFweCBzb2xpZCAjZGRkOwogICAgcGFkZGluZzogOHB4OwogICAgbWFyZ2luOiAxNnB4IDA7Cn0KCnNwYW4ucHJpY2UxIHsKICAgIGNvbG9yOiAjMzMzICFpbXBvcnRhbnQ7CiAgICBmb250LXdlaWdodDogYm9sZDsKICAgIGZvbnQtc2l6ZTogODAlICFpbXBvcnRhbnQ7CiAgICBsaW5lLWhlaWdodDogMzBweDsKICAgIGRpc3BsYXk6IGlubGluZS1ibG9jazsKICAgIG1hcmdpbi1yaWdodDogMTZweDsKfQoKLS0+Cjwvc3R5bGU+Cgo8IS0t44OQ44OK44O844Ko44Oq44KiLS0+Cgo8IS0t44CQ5raI44GZ44Gq77yB44CR4piF4piF4piFIGhlaWdodD0iMzgwIiDjgafoqK3lrprjgZfjgabjgY/jgaDjgZXjgYTjgILimIXimIXimIUtLT4KPCEtLeODkOODiuODvOOCqOODquOCouOBk+OBk+OBvuOBpy0tPgoKPCEtLealveWkqeOCreODo+ODs+ODmuODvOODsy0tPgoKPGgyIHN0eWxlPSJtYXJnaW46MjBweCAwIDEwcHggMDsiPjxpbWcgc3JjPSJodHRwOi8vd3d3LnJha3V0ZW4ubmUuanAvZ29sZC9ha2liYW1hYy9mcmFtZS9pbWFnZXMvcmFrdXRlbl90aXRsZTIuZ2lmIiBhbHQ9IualveWkqeW4guWgtOOBruOBiuW+l+OBquOCreODo+ODs+ODmuODvOODsyIgd2lkdGg9IjczMCIgaGVpZ2h0PSI0MiIgYm9yZGVyPSIwIj48L2gyPgo8ZGl2IGNsYXNzPSJyYWt1dGVuLWNhbXAiIHN0eWxlPSJtYXJnaW46MCAwIDAgMDsiPgoKCjwhLS3mpb3lpKnjgq3jg6Pjg7Pjg5rjg7zjg7NA44GT44GT44G+44GnLS0+,44K744Os44OzaVBob25l77yPaVBvZOWvvuW/nO+8u0xpZ2h0bmluZ++8vSBVU0Ljg6Ljg5DjgqTjg6vjg5Djg4Pjg4bjg6rjg7wg77yIMzAwMG1BaOODu+ODm+ODr+OCpOODiO+8iSBTQy1BMzAwMEwoVykgKFNDQTMwMDBMVynvvJrjgr3jg5Xjg57jg4Pjg5fjgIDjg4fjgrjjgr/jg6vjgrPjg6zjgq/jgrfjg6fjg7M=,44K944OV44Oe44OD44OXIOODh+OCuOOCv+ODq+OCs+ODrOOCr+OCt+ODp+ODs1NvZm1hcCBEaWdpdGFsIENvbGxlY3Rpb27jg5Hjgr3jgrPjg7Pjgr/jg5bjg6zjg4Pjg4hQQ0hEROOCouOCu+ODs+ODluODquODkeODvOODhOODkeOCveOCs+ODs+ODkeODvOODhOODhuODrOODk+OCsuODvOODoOODluODq+ODvOODrOOCpOOCveODleODiERWROOCveODleODiOa2suaZtuODhuODrOODk+ODluODq+ODvOODrOOCpOODh+OCo+OCueOCr+ODrOOCs+ODvOODgOODvOODh+OCuOOCv+ODq+S4gOecvOODrOODleOCq+ODoeODqeODh+OCuOOCv+ODq+OCq+ODoeODqeWutumbu+aZguioiOS4reWPpOOAgOOCveODleODiOOCouOCpuODiOODrOODg+ODiOS4reWPpOODjuODvOODiOODkeOCveOCs+ODs+S4reWPpOODkeOCveOCs+ODs+OCu+ODrOODs2lQaG9uZe+8j2lQb2Tlr77lv5zvvLtMaWdodG5pbmfvvL0gVVNC44Oi44OQ44Kk44Or44OQ44OD44OG44Oq44O8IO+8iDMwMDBtQWjjg7vjg5vjg6/jgqTjg4jvvIkgU0MtQTMwMDBMKFcpIChTQ0EzMDAwTFcp,44K744Os44OzaVBob25l77yPaVBvZOWvvuW/nO+8u0xpZ2h0bmluZ++8vSBVU0Ljg6Ljg5DjgqTjg6vjg5Djg4Pjg4bjg6rjg7wg77yIMzAwMG1BaOODu+ODm+ODr+OCpOODiO+8iSBTQy1BMzAwMEwoVykgKFNDQTMwMDBMVyk=[rn]
3-47088,aHR0cDovL3RzaG9wLnIxMHMuanAvYWtpYmFtYWMvY2FiaW5ldC8wNDk0Njc5OS80OTUzMTAzNDg3MTc4LmpwZz9maXRpbj03MDA6NzAw,MjMxMi4wMDAw,,44K544Oe44O844OI44OV44Kp44Oz44O744K/44OW44Os44OD44OIID4g44OQ44OD44OG44Oq44O844O75YWF6Zu75ZmoID4g44Oi44OQ44Kk44Or44OQ44OD44OG44Oq44O8,44Ko44Os44Kz44Og44K/44OW44Os44OD44OIL+OCueODnuODvOODiOODleOCqeODs+WvvuW/nFtVU0IgbWljcm9CXSBVU0Ljg6Ljg5DjgqTjg6vjg5Djg4Pjg4bjg6rjg7wgK1VTQiBtaWNyb0LjgrHjg7zjg5bjg6s6MTBjbSAyLjRBICg1MDAwbUFo44O744OW44Op44OD44KvKSBERS1NMDFMLTUwMjRCSyAoREVNMDFMNTAyNEJLKQ==,,PHRhYmxlIGJvcmRlcj0iMCIgY2VsbHBhZGRpbmc9IjAiIGNlbGxzcGFjaW5nPSIwIiB3aWR0aD0iNzEwIiBzdHlsZT0ibGluZS1oZWlnaHQ6MTQwJTsiPjx0cj48dGQ+PGZvbnQgc2l6ZT0iMiI+44CU44K/44OW44Os44OD44OI77yP44K544Oe44O844OI44OV44Kp44Oz5a++5b+c77y7VVNCIG1pY3JvQu+8j1VTQue1pumbu++8ve+8muODouODkOOCpOODq+ODkOODg+ODhuODquODvO+8iFVTQuiThOmbu++8ie+8i1VTQiBtaWNyb0LjgrHjg7zjg5bjg6sg5YWF6Zu744CVPGJyPuaOpee2muapn+WZqOOCkuimi+WIhuOBkeOBpuacgOmrmOWHuuWKm+OBp+acgOmAn+WFhembu+OBp+OBjeOCi+KAmOOBiuOBvuOBi+OBm+WFhembu+KAmeWvvuW/nOOAgumrmOWuuemHj+ODu+mrmOWHuuWKm+OBp+iWhOOBleOCj+OBmuOBizExbW3jgpLlrp/nj77jgZfjgZ/oloTlnovjg6Ljg5DjgqTjg6vjg5Djg4Pjg4bjg6rjg7zjgII8YnI+PGJyPuKWoCDpq5jlrrnph4/jg7vpq5jlh7rlipvjgafoloTjgZXjgo/jgZrjgYsxMW1t44KS5a6f54++44GX44Gf44Oi44OQ44Kk44Or44OQ44OD44OG44Oq44O8PGJyPlVTQuODneODvOODiOOBq+aQrei8ieOBl+OBn+mrmOaAp+iDvUlD44GM5o6l57aa5qmf5Zmo44KS6KaL5YiG44GR44Gm5pyA6auY5Ye65Yqb44Gn5pyA6YCf5YWF6Zu744Gn44GN44KL44GK44G+44GL44Gb5YWF6Zu74oCZ44Gr5a++5b+c44GX44Gm44GE44G+44GZ44CC6auY5a656YeP44O76auY5Ye65Yqb44Gn6JaE44GV44KP44Ga44GLMTFtbeOCkuWun+ePvuOBl+OBn+i7veOBj+OBpuaMgeOBoeOChOOBmeOBhOiWhOWei+ODouODkOOCpOODq+ODkOODg+ODhuODquODvOOBp+OBmeOAgjxicj7ilqAg44G+44Go44KB44Gm5YWF6Zu7PGJyPuacrOS9k+WFhembu+eUqOOCseODvOODluODq+OCkuaOpee2muOBl+OBn+OBvuOBvuOBp+OAgeOCueODnuODvOODiOODleOCqeODs+OCkuWFhembu+OBp+OBjeOCi+KAnOOBvuOBqOOCgeOBpuODgeODo+ODvOOCuCHigJ3jgavlr77lv5zjgZfjgabjgYTjgb7jgZnjgII8YnI+4oC7IOODouODkOOCpOODq+ODkOODg+ODhuODquODvOacrOS9k+OBrumbu+axoOaui+mHj+OBjDDvvIXjgavjgarjgaPjgZ/loLTlkIjjgIHjg6Ljg5DjgqTjg6vjg5Djg4Pjg4bjg6rjg7zmnKzkvZPjgbjjga7lhYXpm7vjgYzlhKrlhYjjgZXjgozjgIHmuoDlhYXpm7vjga7lvozjgIHjgrnjg57jg7zjg4jjg5Xjgqnjg7Pjgbjjga7ntabpm7vjgpLplovlp4vjgZfjgb7jgZnjgII8YnI+4pagIOmrmOWHuuWKm+OBp+OCv+ODluODrOODg+ODiOOCguWFhembu+WPr+iDvTxicj4yLjRB44Gu5Ye65Yqb44GM5Y+v6IO944Gq6auY5Ye65Yqb44Oi44OH44Or44Gn44GZ44CCPGJyPuKWoCDjgrnjg57jg7zjg4jjg5Xjgqnjg7PjgpLntIQy5Zue5YWF6Zu75Y+v6IO9PGJyPuacrOijveWTgeOBp+OCueODnuODvOODiOODleOCqeODs+OCkue0hDLlm57lhYXpm7vlj6/og73jgafjgZnjgII8YnI+4oC7IOa6gOWFhembu+OCkuOBl+OBn+acrOijveWTgeOCkueUqOOBhOOAgeODkOODg+ODhuODquODvOWuuemHj+OBjOe0hDE4MDBtQWjjga7jgrnjg57jg7zjg4jjg5Xjgqnjg7PjgpLlhYXpm7vjgZnjgovpmpvjga7nm67lronlm57mlbDjgafjgZnjgILlhYXpm7vkuK3jgavpm7vmupDjgYzlhaXjgaPjgZ/jgorjgIHmqZ/lmajjgpLkvb/nlKjjgZfjgabjgYTjgovloLTlkIjjga/oqJjovInjga7mlbDlgKTjgb7jgaflhYXpm7vjgafjgY3jgarjgYTloLTlkIjjgYzjgYLjgorjgb7jgZnjgII8YnI+4pagIOWFhembu+aWueazlTxicj7ku5jlsZ7jga5VU0LjgrHjg7zjg5bjg6vjgpLmnKzoo73lk4Hjga7lhYXpm7vnlKhVU0IobWljcm9CKeODneODvOODiOOBq+aOpee2muOBl+OAgeWvvuW/nOOBl+OBn0FD44Ki44OA44OX44K/44Gr5o6l57aa44GZ44KL44GT44Go44Gn5YWF6Zu75Y+v6IO944Gn44GZ44CCPGJyPuKAuyDlh7rlipsxLjhB5Lul5LiK44GuQUPjgqLjg4Djg5fjgr/kvb/nlKjmmYLjgIHmnKzoo73lk4Hjgbjjga7nm67lronlhYXpm7vmmYLplpPjga/ntIQzLjXmmYLplpPjgafjgZnjgII8YnI+4pagIOODkeOCveOCs+ODs+OBrlVTQuODneODvOODiOOBp+WFhembu+WPr+iDvTxicj7jg5Hjgr3jgrPjg7Pjga5VU0Ljg53jg7zjg4jjgavmjqXntprjgZnjgovjgZPjgajjgafjgoLlhYXpm7vlj6/og73jgafjgZnjgII8YnI+4oC7IOODkeOCveOCs+ODs+OBrlVTQuODneODvOODiOOBr+WHuuWKmzUwMG1B44Gu44Gf44KB44CB5pys6KO95ZOB44G444Gu55uu5a6J5YWF6Zu75pmC6ZaT44Gv57SEMTLmmYLplpPjgafjgZnjgII8YnI+4pagIExFROOBp+aui+mHj+OBjOOCj+OBi+OCizxicj7pm7vmsaDmrovph4/jga805q616ZqO44GuTEVE44Op44Oz44OX54K554Gv44Gn56K66KqN5Y+v6IO944Gn44GZ44CCPGJyPuKWoCDjgYrjgb7jgYvjgZvlhYXpm7s8YnI+VVNC44Od44O844OI44Gr5pCt6LyJ44GX44Gf6auY5oCn6IO9SUPjgYzmjqXntprmqZ/lmajjgpLopovliIbjgZHjgabjgIHmnIDpganjgarlh7rlipvjgafpq5jpgJ/lhYXpm7vjgpLlrp/nj77jgZfjgabjgYTjgb7jgZnjgII8YnI+4pagIGlQaG9uZeOCguWFhembu+OBp+OBjeOCizxicj5pUGhvbmXjgavku5jlsZ7jgoLjgZfjgY/jga/lr77lv5zjgZfjgZ9MaWdodG5pbmfjgrHjg7zjg5bjg6vjgpLliKnnlKjjgZnjgovjgZPjgajjgafjgIFpUGhvbmXjgoLlhYXpm7vlj6/og73jgafjgZnjgII8YnI+4pagIOe0hDUwMOWbnue5sOOCiui/lOOBl+S9v+OBiOOCizxicj7ntIQ1MDDlm57nubDjgorov5TjgZfkvb/nlKjlj6/og73jgarlhYXpm7vlvI/jg6rjg4Hjgqbjg6DjgqTjgqrjg7Ppm7vmsaDjgpLmkK3ovInjgZfjgabjgYTjgb7jgZnjgII8YnI+4pagIOWuieW/g+OBruWbnui3r+ioreioiOOBqOOAgeWuieWFqOioreioiOOBruODquODgeOCpuODoOOCpOOCquODs+mbu+axoDxicj7pgY7lhYXpm7vjg7vpgY7mlL7pm7vjg7vpgY7pm7vlnKfjg7vpgY7pm7vmtYHpmLLmraLmqZ/og73jgYrjgojjgbPnn63ntaHkv53orbfmqZ/og73jgpLlgpnjgYjjgZ/jgYLjgpPjgZfjgpPjga7lm57ot6/oqK3oqIjjgafjgZnjgIIg5YaF6JS144Gu5YWF6Zu75byP44Oq44OB44Km44Og44Kk44Kq44Oz6Zu75rGg44Gv44CBSklTIEM4NzEx44GK44KI44GzSklTIEM4NzE044Gr5rqW5oug44GX44Gf5a6J5YWo6Kit6KiI44Gn44GZ44CCPGJyPuKAuyDlt6XloLTlh7rojbfmmYLjgas3MO+8heeoi+W6puWFhembu+OBleOCjOOBpuOBhOOBvuOBmeOAguWFhembu+W8j+ODquODgeOCpuODoOOCpOOCquODs+mbu+axoOOBr+aZgumWk+OBqOOBqOOCguOBq+aUvumbu+OBmeOCi+OBruOBp+OAgeOBlOS9v+eUqOOBq+OBquOCi+WJjeOBq+WFhembu+OBmeOCi+OBk+OBqOOCkuaOqOWlqOOBl+OBvuOBmeOAgjxicj48YnI+44CQ44Kz44ON44Kv44K/5b2i54q2KOmbu+a6kOWFpeWKm+WBtCnjgJFVU0IgTWljcm8tQuODoeOCuTxicj7jgJDlrprmoLzlhaXlipvpm7vlnKfjgJFEQzVWPGJyPuOAkOOCs+ODjeOCr+OCv+W9oueKtijpm7vmupDlh7rlipvlgbQp44CRVVNCIEHjg6Hjgrk8YnI+44CQ5a6a5qC85Ye65Yqb6Zu75Zyn44CRREM1Vjxicj7jgJDlrprmoLzlh7rlipvpm7vmtYHjgJEyLjRBPGJyPuOAkOmbu+axoOeorumhnuOAkeWFhembu+W8j+ODquODgeOCpuODoOOCpOOCquODs+ODneODquODnuODvOmbu+axoDxicj7jgJDpm7vmsaDlrprmoLzlrrnph4/jgJE1MDAwbUFoPGJyPuOAkOWFhembu+aZgumWk+OAkTEuOEHlh7rlipvjga5BQ+OCouODgOODl+OCv+S9v+eUqOaZgu+8mue0hDMuNeaZgumWkzxicj7jgJDlpJblvaLlr7jms5XjgJHluYU2My4ybW3Dl+WlpeihjDExLjRtbcOX6auY44GVMTE4LjJtbTxicj7jgJDph43ph4/jgJExMjhnPGJyPuOAkOOBj+OCiui/lOOBl+S9v+eUqOWbnuaVsOOAkee0hDUwMOWbnjxicj7jgJDku5jlsZ7lk4HjgJFtaWNyb1VTQiBC44Kq44K54oaSVVNCIEHjgqrjgrnjgrHjg7zjg5bjg6soMTBjbSnDlzE8YnI+44CQ5L+d6Ki85pyf6ZaT44CRNuOCq+aciDxicj48YnI+44CQ5a++5b+c5qmf56iu44CRPGJyPmlQaG9uZS9pUGFkL2lQb2TjgYrjgojjgbNVU0JbbWljcm8tQl3nq6/lrZDjgaflhYXpm7vjgZnjgotBbmRyb2lk44K544Oe44O844OI44OV44Kp44Oz44O744K/44OW44Os44OD44OIPGJyPjxicj7igLsgQUPjgqLjg4Djg5fjgr/jga/ku5jlsZ7jgZfjgabjgYTjgb7jgZvjgpPjgII8YnI+4oC7IFVTQiBtaWNyb0Lku6XlpJbjga/jgIHliKXpgJRVU0LlhYXpm7vjgrHjg7zjg5bjg6vjgYzlv4XopoHjgafjgZnjgII8YnI+PGJyPjwvZm9udD48L3RkPjwvdHI+PC90YWJsZT48dGFibGUgY2VsbHNwYWNpbmc9IjAiIGNlbGxwYWRkaW5nPSI0IiBib3JkZXI9IjEiIHdpZHRoPSI3MTAiIGJvcmRlcmNvbG9yPSIjY2NjY2NjIj48dHI+PHRkIHdpZHRoPSIxODAiIGJnY29sb3I9IiNlZmVmZWYiPjxmb250IHNpemU9IjIiPuS4u+OBquWvvuW/nOapn+eorjwvZm9udD48L3RkPjx0ZCB3aWR0aD0iNTMwIj48Zm9udCBzaXplPSIyIj5pUGhvbmUvaVBhZC9pUG9k44GK44KI44GzVVNCW21pY3JvLUJd56uv5a2Q44Gn5YWF6Zu744GZ44KLQW5kcm9pZOOCueODnuODvOODiOODleOCqeODs+ODu+OCv+ODluODrOODg+ODiOOAgOKAu1VTQiBtaWNyb0Lku6XlpJbjga/jgIHliKXpgJRVU0LlhYXpm7vjgrHjg7zjg5bjg6vjgYzlv4XopoHjgafjgZnjgII8L2ZvbnQ+PC90ZD48L3RyPjx0cj48dGQgd2lkdGg9IjE4MCIgYmdjb2xvcj0iI2VmZWZlZiI+PGZvbnQgc2l6ZT0iMiI+5o6l57aa56uv5a2QPC9mb250PjwvdGQ+PHRkIHdpZHRoPSI1MzAiPjxmb250IHNpemU9IjIiPlVTQiBtaWNyb0LvvI9VU0Lntabpm7s8L2ZvbnQ+PC90ZD48L3RyPjx0cj48dGQgd2lkdGg9IjE4MCIgYmdjb2xvcj0iI2VmZWZlZiI+PGZvbnQgc2l6ZT0iMiI+6ImyPC9mb250PjwvdGQ+PHRkIHdpZHRoPSI1MzAiPjxmb250IHNpemU9IjIiPuODluODqeODg+OCr+ezuzwvZm9udD48L3RkPjwvdHI+PHRyPjx0ZCB3aWR0aD0iMTgwIiBiZ2NvbG9yPSIjZWZlZmVmIj48Zm9udCBzaXplPSIyIj7jg53jg7zjg4jmlbA8L2ZvbnQ+PC90ZD48dGQgd2lkdGg9IjUzMCI+PGZvbnQgc2l6ZT0iMiI+MeODneODvOODiDwvZm9udD48L3RkPjwvdHI+PHRyPjx0ZCB3aWR0aD0iMTgwIiBiZ2NvbG9yPSIjZWZlZmVmIj48Zm9udCBzaXplPSIyIj7pq5jlh7rlips8L2ZvbnQ+PC90ZD48dGQgd2lkdGg9IjUzMCI+PGZvbnQgc2l6ZT0iMiI+44K/44OW44Os44OD44OI5a++5b+c77yI6auY5Ye65Yqb77yJPC9mb250PjwvdGQ+PC90cj48L3RhYmxlPjxzdHlsZSB0eXBlPSJ0ZXh0L2NzcyI+CjwhLS0KLnJha3V0ZW4tY2FtcCB7Cgl3aWR0aDogNzI1cHg7Cglib3JkZXI6IDJweCBzb2xpZCAjMzM5OUZGOwoJcGFkZGluZy10b3A6IDVweDsKCS1tb3otYm9yZGVyLXJhZGl1czo0cHg7IC8qRmlyZWZveCovCgktd2Via2l0LWJvcmRlci1yYWRpdXM6IDRweDsgLypTYWZhcmksQ2hyb21lKi8KCWJvcmRlci1yYWRpdXM6NHB4OyAvKk9wZXJhLENocm9tZSovCgltYXJnaW46MCAxMHB4IDEwcHggMDsKfQoKLyog5L6h5qC844Gr5p6g57ea44GM44Gk44GPICovCnRhYmxlI3Jha3V0ZW5MaW1pdGVkSWRfY2FydCB7CiAgICBiYWNrZ3JvdW5kLWNvbG9yOiAjZjhmOGY4OwogICAgYm9yZGVyOiAxcHggc29saWQgI2RkZDsKICAgIHBhZGRpbmc6IDhweDsKICAgIG1hcmdpbjogMTZweCAwOwp9CgpzcGFuLnByaWNlMSB7CiAgICBjb2xvcjogIzMzMyAhaW1wb3J0YW50OwogICAgZm9udC13ZWlnaHQ6IGJvbGQ7CiAgICBmb250LXNpemU6IDgwJSAhaW1wb3J0YW50OwogICAgbGluZS1oZWlnaHQ6IDMwcHg7CiAgICBkaXNwbGF5OiBpbmxpbmUtYmxvY2s7CiAgICBtYXJnaW4tcmlnaHQ6IDE2cHg7Cn0KCi0tPgo8L3N0eWxlPgoKPCEtLeODkOODiuODvOOCqOODquOCoi0tPgoKPCEtLeOAkOa2iOOBmeOBqu+8geOAkeKYheKYheKYhSBoZWlnaHQ9IjM4MCIg44Gn6Kit5a6a44GX44Gm44GP44Gg44GV44GE44CC4piF4piF4piFLS0+CjwhLS3jg5Djg4rjg7zjgqjjg6rjgqLjgZPjgZPjgb7jgactLT4KCjwhLS3mpb3lpKnjgq3jg6Pjg7Pjg5rjg7zjg7MtLT4KCjxoMiBzdHlsZT0ibWFyZ2luOjIwcHggMCAxMHB4IDA7Ij48aW1nIHNyYz0iaHR0cDovL3d3dy5yYWt1dGVuLm5lLmpwL2dvbGQvYWtpYmFtYWMvZnJhbWUvaW1hZ2VzL3Jha3V0ZW5fdGl0bGUyLmdpZiIgYWx0PSLmpb3lpKnluILloLTjga7jgYrlvpfjgarjgq3jg6Pjg7Pjg5rjg7zjg7MiIHdpZHRoPSI3MzAiIGhlaWdodD0iNDIiIGJvcmRlcj0iMCI+PC9oMj4KPGRpdiBjbGFzcz0icmFrdXRlbi1jYW1wIiBzdHlsZT0ibWFyZ2luOjAgMCAwIDA7Ij4KCgo8IS0t5qW95aSp44Kt44Oj44Oz44Oa44O844OzQOOBk+OBk+OBvuOBpy0tPg==,44Ko44Os44Kz44Og44K/44OW44Os44OD44OIL+OCueODnuODvOODiOODleOCqeODs+WvvuW/nFtVU0IgbWljcm9CXSBVU0Ljg6Ljg5DjgqTjg6vjg5Djg4Pjg4bjg6rjg7wgK1VTQiBtaWNyb0LjgrHjg7zjg5bjg6s6MTBjbSAyLjRBICg1MDAwbUFo44O744OW44Op44OD44KvKSBERS1NMDFMLTUwMjRCSyAoREVNMDFMNTAyNEJLKe+8muOCveODleODnuODg+ODl+OAgOODh+OCuOOCv+ODq+OCs+ODrOOCr+OCt+ODp+ODsw==,44K944OV44Oe44OD44OXIOODh+OCuOOCv+ODq+OCs+ODrOOCr+OCt+ODp+ODs1NvZm1hcCBEaWdpdGFsIENvbGxlY3Rpb27jg5Hjgr3jgrPjg7Pjgr/jg5bjg6zjg4Pjg4hQQ0hEROOCouOCu+ODs+ODluODquODkeODvOODhOODkeOCveOCs+ODs+ODkeODvOODhOODhuODrOODk+OCsuODvOODoOODluODq+ODvOODrOOCpOOCveODleODiERWROOCveODleODiOa2suaZtuODhuODrOODk+ODluODq+ODvOODrOOCpOODh+OCo+OCueOCr+ODrOOCs+ODvOODgOODvOODh+OCuOOCv+ODq+S4gOecvOODrOODleOCq+ODoeODqeODh+OCuOOCv+ODq+OCq+ODoeODqeWutumbu+aZguioiOS4reWPpOOAgOOCveODleODiOOCouOCpuODiOODrOODg+ODiOS4reWPpOODjuODvOODiOODkeOCveOCs+ODs+S4reWPpOODkeOCveOCs+ODs+OCqOODrOOCs+ODoOOCv+ODluODrOODg+ODiC/jgrnjg57jg7zjg4jjg5Xjgqnjg7Plr77lv5xbVVNCIG1pY3JvQl0gVVNC44Oi44OQ44Kk44Or44OQ44OD44OG44Oq44O8ICtVU0IgbWljcm9C44Kx44O844OW44OrOjEwY20gMi40QSAoNTAwMG1BaOODu+ODluODqeODg+OCrykgREUtTTAxTC01MDI0QksgKERFTTAxTDUwMjRCSyk=,44Ko44Os44Kz44Og44K/44OW44Os44OD44OIL+OCueODnuODvOODiOODleOCqeODs+WvvuW/nFtVU0IgbWljcm9CXSBVU0Ljg6Ljg5DjgqTjg6vjg5Djg4Pjg4bjg6rjg7wgK1VTQiBtaWNyb0LjgrHjg7zjg5bjg6s6MTBjbSAyLjRBICg1MDAwbUFo44O744OW44Op44OD44KvKSBERS1NMDFMLTUwMjRCSyAoREVNMDFMNTAyNEJLKQ==[rn]
3-47089,aHR0cDovL3RzaG9wLnIxMHMuanAvYWtpYmFtYWMvY2FiaW5ldC8wNTI3NTE1Mi8wNzQ1ODgzNzE3MjE3LmpwZz9maXRpbj03MDA6NzAw,ODc3Ni4wMDAw,,44K544Oe44O844OI44OV44Kp44Oz44O744K/44OW44Os44OD44OIID4g44OQ44OD44OG44Oq44O844O75YWF6Zu75ZmoID4g44Oi44OQ44Kk44Or44OQ44OD44OG44Oq44O8,44CQ6YCB5paZ54Sh5paZ44CRQmVsa2luQXBwbGUgV2F0Y2graVBob25l55SoIOODouODkOOCpOODq+ODkOODg+ODhuODquODvCBWYWxldCBDaGFyZ2VyIFBvd2VyIFBhY2sgNjcwMG1BaCBGOEoyMDFidFNMVg==,,PHRhYmxlIGJvcmRlcj0iMCIgY2VsbHBhZGRpbmc9IjAiIGNlbGxzcGFjaW5nPSIwIiB3aWR0aD0iNzEwIiBzdHlsZT0ibGluZS1oZWlnaHQ6MTQwJTsiPjx0cj48dGQ+PGZvbnQgc2l6ZT0iMiI+4pag44Gp44GT44Gn44KC5YWF6Zu75Y+v6IO9PGJyPlZhbGV0IENoYXJnZXLjga/jg5Hjg6/jg5Xjg6vjgarjgaDjgZHjga42NzAwbUFo5pC65biv44OQ44OD44OG44Oq44O844Gn44Gv44GC44KK44G+44Gb44KT44CCPGJyPuODnuOCsOODjeODg+ODiOW8j+WFhembu+WZqOOBjOWGheiUteOBleOCjOOBpuOBhOOCi+OBruOBp+OCseODvOODluODq+mhnuOBr+OCguOBhuW/heimgeOBguOCiuOBvuOBm+OCk+OAguWkluWHuuWFiOOBp+OCgkFwcGxlIFdhdGNo44KS6Ieq55Sx44Gr5YWF6Zu744Gn44GN44G+44GZ44CCPGJyPuOBvuOBn0FwcGxlIFdhdGNo44KS5YWF6Zu744GX44Gq44GM44KJ44CBTGlnaHRuaW5n44Kx44O844OW44Or77yI5Yil5aOy44KK77yJ44GnVVNC44Od44O844OI44GraVBob25l44KS44Gk44Gq44GS44Gm5YWF6Zu744Gn44GN44G+44GZ44CCPGJyPkFwcGxlIFdhdGNo44GoaVBob25l44KS5ZCEMUHjgaflhYXpm7vvvIjmnIDlpKflh7rlipsyQe+8ieOBl+OBpjItaW4tMeOBp+OBlOS9v+eUqOOBhOOBn+OBoOOBkeOBvuOBmeOAgjxicj5WYWxldCBDaGFyZ2Vy44Gv44Gp44GT44Gr44GE44Gm44KC44OH44OQ44Kk44K544KS5YWF6Zu744Gn44GN44KL44Gu44Gn44CB44KC44GG5omL5pS+44Gb44G+44Gb44KT44CCPGJyPjxicj7ilqDkvZXluqbjgafjgoLlho3lhYXpm7s8YnI+NjcwMG1BaOOBrumbu+WKm+OCkuiqh+OCi1ZhbGV0IENoYXJnZXLjga/jgIFBcHBsZSBXYXRjaOOCkuacgOWkpzjlm57jgIFpUGhvbmXjgpLmnIDlpKcz5Zue5YaN5YWF6Zu744Gn44GN44G+44GZ44CCPGJyPjxicj7ilqDpm7vlipvjgpLlhbHmnIk8YnI+VmFsZXQgQ2hhcmdlciA2NzAwIG1BaOODkOODg+ODhuODquODvOOBq+OBr1VTQuODneODvOODiOOBqOWGheiUteW8j+OBrkFwcGxlIFdhdGNo55So44Oe44Kw44ON44OD44OI5byP5YWF6Zu75Zmo44GM44GC44KK44CB5Lih5pa544Gu44OH44OQ44Kk44K544Gu5ZCM5pmC5YWF6Zu744Gr5a++5b+c44GX44Gm44GE44G+44GZ44CCPGJyPjxicj7ilqDjgrnjg57jg7zjg4jjgarlhYXpm7s8YnI+VmFsZXQgQ2hhcmdlcuOBq+OBr+OCueODnuODvOODiOODgeODg+ODl+OBjOWGheiUteOBleOCjOOBpuOBhOOCi+OBruOBp+OAgeaOpee2muODh+ODkOOCpOOCueOCkuiHquWLleaknOWHuuOBl+OBpuOBmeOBkOOBq+WFhembu+OCkumWi+Wni+OBmeOCi+OBoOOBkeOBp+OBquOBj+OAgeacgOmBqeOBi+OBpOWuieWFqOOBq+acgOefreaZgumWk+OBp+ihjOOBhOOBvuOBmeOAgjxicj48YnI+4pag5pyA6YCf44Gr5YaN5YWF6Zu7PGJyPlZhbGV0IENoYXJnZXLmnKzkvZPjga7lhYXpm7vjgavjga/lkIzmorHjga5taWNyby1VU0LjgrHjg7zjg5bjg6vjgpLkvb/jgYTjgb7jgZnjgII8YnI+5q6L6YeP44GM5rib44Gj44Gm44GN44Gf44KJ44CB5LuY5bGe44Kx44O844OW44Or44Gn44Kz44Oz44K744Oz44OI44Gq44Gp44Gr44Gk44Gq44GO44CB5pyA5aSnMi40QeOBruWFpeWKm++8iOKAu++8ieOBp+WGjeWFhembu+WPr+iDveOBp+OBmeOAguefreaZgumWk+OBp+WFhembu+OBp+OBjeOCi+OBn+OCgeOAgeavjuaXpeOBjOW/meOBl+OBhOaWueOBq+OCguS+v+WIqeOBp+OBmeOAgjxicj7igLvmnIDnn63jgaflhYXpm7vjgZnjgovjgavjga/jgIEyLjRB44Gu44Km44Kp44O844Or44OB44Oj44O844K444Oj44O844KS44GU5L2/55So44GP44Gg44GV44GE44CCPGJyPjxicj7jgJDkuLvjgarnibnplbfjgJE8YnI+44O7NjcwMCBtQWg8YnI+44O7QXBwbGUgV2F0Y2jnlKjjg57jgrDjg43jg4Pjg4jlvI/lhYXpm7vlmajlhoXolLU8YnI+44O7MUHjga5VU0Ljg53jg7zjg4g8YnI+44O7MXggTWljcm8gVVNC44Kx44O844OW44OrPGJyPuODu01GaSAoQXBwbGUgV2F0Y2gpPGJyPjxicj7jgJDlkIzmorHlk4HjgJE8YnI+44O7NjcwMCBtQWjjg5Djg4Pjg4bjg6rjg7w8YnI+44O7TWljcm8gVVNC44Kx44O844OW44Or77yIMS4ybe+8iTxicj48YnI+PC9mb250PjwvdGQ+PC90cj48L3RhYmxlPjxzdHlsZSB0eXBlPSJ0ZXh0L2NzcyI+CjwhLS0KLnJha3V0ZW4tY2FtcCB7Cgl3aWR0aDogNzI1cHg7Cglib3JkZXI6IDJweCBzb2xpZCAjMzM5OUZGOwoJcGFkZGluZy10b3A6IDVweDsKCS1tb3otYm9yZGVyLXJhZGl1czo0cHg7IC8qRmlyZWZveCovCgktd2Via2l0LWJvcmRlci1yYWRpdXM6IDRweDsgLypTYWZhcmksQ2hyb21lKi8KCWJvcmRlci1yYWRpdXM6NHB4OyAvKk9wZXJhLENocm9tZSovCgltYXJnaW46MCAxMHB4IDEwcHggMDsKfQoKLyog5L6h5qC844Gr5p6g57ea44GM44Gk44GPICovCnRhYmxlI3Jha3V0ZW5MaW1pdGVkSWRfY2FydCB7CiAgICBiYWNrZ3JvdW5kLWNvbG9yOiAjZjhmOGY4OwogICAgYm9yZGVyOiAxcHggc29saWQgI2RkZDsKICAgIHBhZGRpbmc6IDhweDsKICAgIG1hcmdpbjogMTZweCAwOwp9CgpzcGFuLnByaWNlMSB7CiAgICBjb2xvcjogIzMzMyAhaW1wb3J0YW50OwogICAgZm9udC13ZWlnaHQ6IGJvbGQ7CiAgICBmb250LXNpemU6IDgwJSAhaW1wb3J0YW50OwogICAgbGluZS1oZWlnaHQ6IDMwcHg7CiAgICBkaXNwbGF5OiBpbmxpbmUtYmxvY2s7CiAgICBtYXJnaW4tcmlnaHQ6IDE2cHg7Cn0KCi0tPgo8L3N0eWxlPgoKPCEtLeODkOODiuODvOOCqOODquOCoi0tPgoKPCEtLeOAkOa2iOOBmeOBqu+8geOAkeKYheKYheKYhSBoZWlnaHQ9IjM4MCIg44Gn6Kit5a6a44GX44Gm44GP44Gg44GV44GE44CC4piF4piF4piFLS0+CjwhLS3jg5Djg4rjg7zjgqjjg6rjgqLjgZPjgZPjgb7jgactLT4KCjwhLS3mpb3lpKnjgq3jg6Pjg7Pjg5rjg7zjg7MtLT4KCjxoMiBzdHlsZT0ibWFyZ2luOjIwcHggMCAxMHB4IDA7Ij48aW1nIHNyYz0iaHR0cDovL3d3dy5yYWt1dGVuLm5lLmpwL2dvbGQvYWtpYmFtYWMvZnJhbWUvaW1hZ2VzL3Jha3V0ZW5fdGl0bGUyLmdpZiIgYWx0PSLmpb3lpKnluILloLTjga7jgYrlvpfjgarjgq3jg6Pjg7Pjg5rjg7zjg7MiIHdpZHRoPSI3MzAiIGhlaWdodD0iNDIiIGJvcmRlcj0iMCI+PC9oMj4KPGRpdiBjbGFzcz0icmFrdXRlbi1jYW1wIiBzdHlsZT0ibWFyZ2luOjAgMCAwIDA7Ij4KCgo8IS0t5qW95aSp44Kt44Oj44Oz44Oa44O844OzQOOBk+OBk+OBvuOBpy0tPg==,44CQ6YCB5paZ54Sh5paZ44CRQmVsa2luQXBwbGUgV2F0Y2graVBob25l55SoIOODouODkOOCpOODq+ODkOODg+ODhuODquODvCBWYWxldCBDaGFyZ2VyIFBvd2VyIFBhY2sgNjcwMG1BaCBGOEoyMDFidFNMVu+8muOCveODleODnuODg+ODl+OAgOODh+OCuOOCv+ODq+OCs+ODrOOCr+OCt+ODp+ODsw==,44K944OV44Oe44OD44OXIOODh+OCuOOCv+ODq+OCs+ODrOOCr+OCt+ODp+ODs1NvZm1hcCBEaWdpdGFsIENvbGxlY3Rpb27jg5Hjgr3jgrPjg7Pjgr/jg5bjg6zjg4Pjg4hQQ0hEROOCouOCu+ODs+ODluODquODkeODvOODhOODkeOCveOCs+ODs+ODkeODvOODhOODhuODrOODk+OCsuODvOODoOODluODq+ODvOODrOOCpOOCveODleODiERWROOCveODleODiOa2suaZtuODhuODrOODk+ODluODq+ODvOODrOOCpOODh+OCo+OCueOCr+ODrOOCs+ODvOODgOODvOODh+OCuOOCv+ODq+S4gOecvOODrOODleOCq+ODoeODqeODh+OCuOOCv+ODq+OCq+ODoeODqeWutumbu+aZguioiOS4reWPpOOAgOOCveODleODiOOCouOCpuODiOODrOODg+ODiOS4reWPpOODjuODvOODiOODkeOCveOCs+ODs+S4reWPpOODkeOCveOCs+ODs+OAkOmAgeaWmeeEoeaWmeOAkUJlbGtpbkFwcGxlIFdhdGNoK2lQaG9uZeeUqCDjg6Ljg5DjgqTjg6vjg5Djg4Pjg4bjg6rjg7wgVmFsZXQgQ2hhcmdlciBQb3dlciBQYWNrIDY3MDBtQWggRjhKMjAxYnRTTFY=,44CQ6YCB5paZ54Sh5paZ44CRQmVsa2luQXBwbGUgV2F0Y2graVBob25l55SoIOODouODkOOCpOODq+ODkOODg+ODhuODquODvCBWYWxldCBDaGFyZ2VyIFBvd2VyIFBhY2sgNjcwMG1BaCBGOEoyMDFidFNMVg==[rn]
3-47090,aHR0cDovL3RzaG9wLnIxMHMuanAvYWtpYmFtYWMvY2FiaW5ldC8wNDEzMDkxMy80NTExNjc3MDg3NTIzLmpwZz9maXRpbj03MDA6NzAw,OTQ0LjAwMDA=,,44K544Oe44O844OI44OV44Kp44Oz44O744K/44OW44Os44OD44OIID4g44OQ44OD44OG44Oq44O844O75YWF6Zu75ZmoID4g44Oi44OQ44Kk44Or44OQ44OD44OG44Oq44O8,44Kw44Oq44O844Oz44OP44Km44K544K544Oe44O844OI44OV44Kp44Oz55So77y7VVNCIG1pY3JvQu+8veOAgFVTQuOCseODvOODluODqyDlhYXpm7sg77yI44Oq44O844OrMTLvvZ43OGNt44O744OW44Op44OD44Kv77yJ44CAR0gtVUNSTUItQks=,,PHRhYmxlIGJvcmRlcj0iMCIgY2VsbHBhZGRpbmc9IjAiIGNlbGxzcGFjaW5nPSIwIiB3aWR0aD0iNzEwIiBzdHlsZT0ibGluZS1oZWlnaHQ6MTQwJTsiPjx0cj48dGQ+PGZvbnQgc2l6ZT0iMiI+44CU44K544Oe44O844OI44OV44Kp44Oz55So77yI44OR44K944Kz44Oz5ZCR44GR77yJ77yaVVNC44Kx44O844OW44OrIEHih5RtaWNyb0LvvIjlhYXpm7vvvInjgJU8YnI+44K544Oe44O844OI44OV44Kp44Oz55So5be744GN5Y+W44KK5byPbWljcm9VU0LlhYXpm7vjgrHjg7zjg5bjg6vjgILvvIjjg6rjg7zjg6sxMu+9njc4Y23jg7vjg5bjg6njg4Pjgq/vvIk8YnI+PGJyPuKWoCDjg5Hjgr3jgrPjg7Pjga5VU0Ljg53jg7zjg4jjgafjgrnjg57jg7zjg4jjg5Xjgqnjg7PjgpLlhYXpm7s8YnI+VVNC44Od44O844OI5pCt6LyJ44Gu44OR44K944Kz44Oz44GobWljcm9VU0Lnq6/lrZDjgpLmkK3ovInjgZfjgZ/jgrnjg57jg7zjg4jjg5Xjgqnjg7PjgajmjqXntprjgZfjgabjgIHjgrnjg57jg7zjg4jjg5Xjgqnjg7Pjga7lhYXpm7vjgYzjgafjgY3jgb7jgZnjgII8YnI+4pagIOS8uOe4ruiHquWcqOOBruW3u+OBjeWPluOCiuW8jzxicj7jgrHjg7zjg5bjg6vjga/kvLjnuK7oh6rlnKjjga7lt7vjgY3lj5bjgorlvI/jgarjga7jgafjgIHnuK7lsI/mmYLjga8xMmNt44Go44Od44Kx44OD44OI44KE44Kr44OQ44Oz44Gr5YWl44KM44Gm5rCX6Lu944Gr5oyB44Gh6YGL44G544CB5L2/55So5pmC44Gv5pyA5aSnNzhjbeOBvuOBp+OBiuWlveOBv+OBrumVt+OBleOBq+WQiOOCj+OBm+OBpuOBlOWIqeeUqOOBhOOBn+OBoOOBkeOBvuOBmeOAgjxicj7ilqAg44Kz44Oz44OR44Kv44OI44K144Kk44K644Gn5oyB44Gh6YGL44Gz44Op44Kv44Op44KvPGJyPuOCs+ODs+ODkeOCr+ODiOOCteOCpOOCuuOBq+WKoOOBiOOAgeWOmuOBlTFtbeOBrualtee0sFVTQuOCseODvOODluODq+OCkuS9v+eUqOOBl+OBpuOBhOOBvuOBmeOAguOCseODvOODluODq+OBjOe1oeOBvuOBquOBhOOBruOBp+OCueODnuODvOODiOODleOCqeODs+OBqOS4gOe3kuOBq+ewoeWNmOOBq+aMgeOBoemBi+OBueOBvuOBmeOAgjxicj7ilqAg5oCl6YCf5YWF6Zu744Gr5a++5b+cPGJyPuaApemAn+WFhembu+apn+iDveOCkuWCmeOBiOOBn+OCueODnuODvOODiOODleOCqeODs+OChOOCv+ODluODrOODg+ODiOOBq+WvvuW/nOOBl+OBpuOBhOOBvuOBmeOAgjxicj7igLsg5oCl6YCf5YWF6Zu744Go44Gv44CBNVYvMTAwMG1B5Lul5LiK44Gu5Ye65Yqb44GM44Gn44GN44KLVVNCLUFD5YWF6Zu75Zmo44Go44Gu57WE44G/5ZCI44Gb44Gr44KI44KK5b6X44KJ44KM44KL5oCn6IO944Gn44GC44KK44CB44Gd44KM5Lul5aSW44GuVVNCLUFD5YWF6Zu75Zmo44KE44OR44K944Kz44Oz44Gn44Gv44CB44Gd44KM44KJ5oCn6IO944KS5b6X44KJ44KM44Gq44GE5aC05ZCI44GM44GC44KK44G+44GZ44CCPGJyPuKWoCDpgbjjgbnjgos16ImyPGJyPuOCq+ODqeODvOOBr+OAgeODluODqeODg+OCr+OAgeODm+ODr+OCpOODiOOAgeODluODq+ODvOOAgeOCsOODquODvOODs+OAgeODlOODs+OCr+OBrjXoibLjgpLjg6njgqTjg7Pjg4rjg4Pjg5fjgZfjgabjgYTjgb7jgZnjgII8YnI+4pagIOmJm+etieOBruWQq+aciemHj+OCkuaKkeOBiOOBn+eSsOWig+OBq+OChOOBleOBl+OBhOOAgVJvSFPmjIfku6Tlr77lv5w8YnI+5qyn5bee44Gu55Kw5aKD5Z+65rqW44Gn44GC44KLUm9IU+aMh+S7pOOBq+a6luaLoOOBl+OBn+OAgeeSsOWig+OBq+OChOOBleOBl+OBhOijveWTgeOBp+OBmeOAgjxicj48YnI+PC9mb250PjwvdGQ+PC90cj48L3RhYmxlPjxzdHlsZSB0eXBlPSJ0ZXh0L2NzcyI+CjwhLS0KLnJha3V0ZW4tY2FtcCB7Cgl3aWR0aDogNzI1cHg7Cglib3JkZXI6IDJweCBzb2xpZCAjMzM5OUZGOwoJcGFkZGluZy10b3A6IDVweDsKCS1tb3otYm9yZGVyLXJhZGl1czo0cHg7IC8qRmlyZWZveCovCgktd2Via2l0LWJvcmRlci1yYWRpdXM6IDRweDsgLypTYWZhcmksQ2hyb21lKi8KCWJvcmRlci1yYWRpdXM6NHB4OyAvKk9wZXJhLENocm9tZSovCgltYXJnaW46MCAxMHB4IDEwcHggMDsKfQoKLyog5L6h5qC844Gr5p6g57ea44GM44Gk44GPICovCnRhYmxlI3Jha3V0ZW5MaW1pdGVkSWRfY2FydCB7CiAgICBiYWNrZ3JvdW5kLWNvbG9yOiAjZjhmOGY4OwogICAgYm9yZGVyOiAxcHggc29saWQgI2RkZDsKICAgIHBhZGRpbmc6IDhweDsKICAgIG1hcmdpbjogMTZweCAwOwp9CgpzcGFuLnByaWNlMSB7CiAgICBjb2xvcjogIzMzMyAhaW1wb3J0YW50OwogICAgZm9udC13ZWlnaHQ6IGJvbGQ7CiAgICBmb250LXNpemU6IDgwJSAhaW1wb3J0YW50OwogICAgbGluZS1oZWlnaHQ6IDMwcHg7CiAgICBkaXNwbGF5OiBpbmxpbmUtYmxvY2s7CiAgICBtYXJnaW4tcmlnaHQ6IDE2cHg7Cn0KCi0tPgo8L3N0eWxlPgoKPCEtLeODkOODiuODvOOCqOODquOCoi0tPgoKPCEtLeOAkOa2iOOBmeOBqu+8geOAkeKYheKYheKYhSBoZWlnaHQ9IjM4MCIg44Gn6Kit5a6a44GX44Gm44GP44Gg44GV44GE44CC4piF4piF4piFLS0+CjwhLS3jg5Djg4rjg7zjgqjjg6rjgqLjgZPjgZPjgb7jgactLT4KCjwhLS3mpb3lpKnjgq3jg6Pjg7Pjg5rjg7zjg7MtLT4KCjxoMiBzdHlsZT0ibWFyZ2luOjIwcHggMCAxMHB4IDA7Ij48aW1nIHNyYz0iaHR0cDovL3d3dy5yYWt1dGVuLm5lLmpwL2dvbGQvYWtpYmFtYWMvZnJhbWUvaW1hZ2VzL3Jha3V0ZW5fdGl0bGUyLmdpZiIgYWx0PSLmpb3lpKnluILloLTjga7jgYrlvpfjgarjgq3jg6Pjg7Pjg5rjg7zjg7MiIHdpZHRoPSI3MzAiIGhlaWdodD0iNDIiIGJvcmRlcj0iMCI+PC9oMj4KPGRpdiBjbGFzcz0icmFrdXRlbi1jYW1wIiBzdHlsZT0ibWFyZ2luOjAgMCAwIDA7Ij4KCgo8IS0t5qW95aSp44Kt44Oj44Oz44Oa44O844OzQOOBk+OBk+OBvuOBpy0tPg==,44Kw44Oq44O844Oz44OP44Km44K544K544Oe44O844OI44OV44Kp44Oz55So77y7VVNCIG1pY3JvQu+8veOAgFVTQuOCseODvOODluODqyDlhYXpm7sg77yI44Oq44O844OrMTLvvZ43OGNt44O744OW44Op44OD44Kv77yJ44CAR0gtVUNSTUItQkvvvJrjgr3jg5Xjg57jg4Pjg5fjgIDjg4fjgrjjgr/jg6vjgrPjg6zjgq/jgrfjg6fjg7M=,44K944OV44Oe44OD44OXIOODh+OCuOOCv+ODq+OCs+ODrOOCr+OCt+ODp+ODs1NvZm1hcCBEaWdpdGFsIENvbGxlY3Rpb27jg5Hjgr3jgrPjg7Pjgr/jg5bjg6zjg4Pjg4hQQ0hEROOCouOCu+ODs+ODluODquODkeODvOODhOODkeOCveOCs+ODs+ODkeODvOODhOODhuODrOODk+OCsuODvOODoOODluODq+ODvOODrOOCpOOCveODleODiERWROOCveODleODiOa2suaZtuODhuODrOODk+ODluODq+ODvOODrOOCpOODh+OCo+OCueOCr+ODrOOCs+ODvOODgOODvOODh+OCuOOCv+ODq+S4gOecvOODrOODleOCq+ODoeODqeODh+OCuOOCv+ODq+OCq+ODoeODqeWutumbu+aZguioiOS4reWPpOOAgOOCveODleODiOOCouOCpuODiOODrOODg+ODiOS4reWPpOODjuODvOODiOODkeOCveOCs+ODs+S4reWPpOODkeOCveOCs+ODs+OCsOODquODvOODs+ODj+OCpuOCueOCueODnuODvOODiOODleOCqeODs+eUqO+8u1VTQiBtaWNyb0LvvL3jgIBVU0LjgrHjg7zjg5bjg6sg5YWF6Zu7IO+8iOODquODvOODqzEy772eNzhjbeODu+ODluODqeODg+OCr++8ieOAgEdILVVDUk1CLUJL,44Kw44Oq44O844Oz44OP44Km44K544K544Oe44O844OI44OV44Kp44Oz55So77y7VVNCIG1pY3JvQu+8veOAgFVTQuOCseODvOODluODqyDlhYXpm7sg77yI44Oq44O844OrMTLvvZ43OGNt44O744OW44Op44OD44Kv77yJ44CAR0gtVUNSTUItQks=[rn]
3-47091,aHR0cDovL3RzaG9wLnIxMHMuanAvcmlhcmlhLXIvY2FiaW5ldC9wcDA5LzEwMDQxNTE5XzEuanBnP2ZpdGluPTcwMDo3MDA=,NjMyLjAwMDA=,,44K544Oe44O844OI44OV44Kp44Oz44O744K/44OW44Os44OD44OIID4g44OQ44OD44OG44Oq44O844O75YWF6Zu75ZmoID4g44Oi44OQ44Kk44Or44OQ44OD44OG44Oq44O8,44K544Oe44ObIOWFhembu+WZqCAyNjAwbUFo77yI5YWoNuiJsu+8ieOAkERN5L6/5LiN5Y+v44CR,44GE44Gk44KC44Gu5aSW5Ye644Gr5a6J5b+D44KS44OX44Op44K577yB,PHN0eWxlIHR5cGU9InRleHQvY3NzIj48IS0tLyog44GK6LK344GE54mp44GL44GU44Oc44K/44Oz44Gu5aSn44GN44GVICovdGQgPiBpbnB1dCB7Zm9udC1zaXplOiAyNXB4O2NvbG9yOiNGRkY7YmFja2dyb3VuZC1jb2xvcjogI0NCMDAwMDtwYWRkaW5nOjEwcHggMzBweDttYXJnaW46MTBweDtib3JkZXItc3R5bGU6IG5vbmU7d2lkdGg6IGF1dG87fS8qIOWAi+aVsOWFpeWKmyAqL2lucHV0I3VuaXRzIHtwYWRkaW5nOiAxcHggMHB4O2JhY2tncm91bmQtY29sb3I6ICNGRkY7Y29sb3I6ICMwMDA7Ym9yZGVyLXN0eWxlOiBzb2xpZDt9c3Bhbi51bml0e2ZvbnQtc2l6ZToyMDAlO30vKiDjgIzllYblk4HjgavjgaTjgYTjgabjga7llY/jgYTlkIjjgo/jgZvjgI3jg5zjgr/jg7Pjga7lpKfjgY3jgZUqL2ZvbnQgaW5wdXQge2ZvbnQtc2l6ZTogMTJweDtwYWRkaW5nOjJweDt3aWR0aDogMTUwcHg7fS8qIOODquODs+OCr+mAj+mBjiAqL2E6aG92ZXIge29wYWNpdHk6MC44O2ZpbHRlcjphbHBoYShvcGFjaXR5PTgwKTstbXMtZmlsdGVyOiDigJxhbHBoYSggb3BhY2l0eT04MCAp4oCdO310ZCA+IGlucHV0OmhvdmVyIHtvcGFjaXR5OjAuODtmaWx0ZXI6YWxwaGEob3BhY2l0eT04MCk7LW1zLWZpbHRlcjog4oCcYWxwaGEoIG9wYWNpdHk9ODAgKeKAnTt9LS0+PC9zdHlsZT48c3R5bGUgdHlwZT0idGV4dC9jc3MiPjwhLS0uZ29vZHN0YiB7Zm9udC1zaXplOiAxMHB4O21hcmdpbjogNXB4O3BhZGRpbmc6IDBweDtib3JkZXItdG9wOiAxcHggc29saWQgI0NDQ0NDQztib3JkZXItcmlnaHQ6IDFweCBzb2xpZCAjQ0NDQ0NDO2JvcmRlci1ib3R0b206IDBweCBzb2xpZCAjQ0NDQ0NDO2JvcmRlci1sZWZ0OiAwcHggc29saWQgI0NDQ0NDQztjb2xvcjogIzk5OTk5OTtmb250LWZhbWlseTogIuODkuODqeOCruODjuinkuOCtCBQcm8gVzMiLCAiSGlyYWdpbm8gS2FrdSBHb3RoaWMgUHJvIiwgIuODoeOCpOODquOCqiIsIE1laXJ5bywgT3Nha2EsICLvvK3vvLMg77yw44K044K344OD44KvIiwgIk1TIFBHb3RoaWMiLCBzYW5zLXNlcmlmO2xpbmUtaGVpZ2h0OiAxOHB4O30uZ29vZHN0YiB0ZCB7Zm9udC1zaXplOiAxMnB4O21hcmdpbjogNXB4O3BhZGRpbmc6IDdweDtib3JkZXItdG9wOiAwcHggc29saWQgI0NDQ0NDQztib3JkZXItcmlnaHQ6IDBweCBzb2xpZCAjQ0NDQ0NDO2JvcmRlci1ib3R0b206IDFweCBzb2xpZCAjQ0NDQ0NDO2JvcmRlci1sZWZ0OiAxcHggc29saWQgI0NDQ0NDQztmb250LWZhbWlseTogIuODkuODqeOCruODjuinkuOCtCBQcm8gVzMiLCAiSGlyYWdpbm8gS2FrdSBHb3RoaWMgUHJvIiwgIuODoeOCpOODquOCqiIsIE1laXJ5bywgT3Nha2EsICLvvK3vvLMg77yw44K044K344OD44KvIiwgIk1TIFBHb3RoaWMiLCBzYW5zLXNlcmlmO2xpbmUtaGVpZ2h0OiAxNXB4O31ib2R5IHsgYmFja2dyb3VuZC1jb2xvcjogI0ZGRkZGRjt9c3Bhbi5pdGVtX25hbWUgeyBjb2xvcjogIzY2NjY2NjsgZm9udC1zaXplOiA4MCU7fXNwYW4uaXRlbV9kZXNjIHsgY29sb3I6ICM2NjY2NjY7IGZvbnQtc2l6ZTogMTAwJTt9c3Bhbi5pdGVtX251bWJlcl90aXRsZSB7IGNvbG9yOiAjNjY2NjY2OyBmb250LXNpemU6IDgwJTt9c3Bhbi5pdGVtX251bWJlciB7IGNvbG9yOiAjNjY2NjY2OyBmb250LXNpemU6IDgwJTt9c3Bhbi51bml0IHsgY29sb3I6ICM2NjY2NjY7IGZvbnQtc2l6ZTogODAlO31zcGFuLnByaWNlMSB7IGNvbG9yOiAjRkYzMzMzOyBmb250LXNpemU6IDEwMCU7fXNwYW4ucHJpY2UyIHsgY29sb3I6ICNGRjMzMzM7IGZvbnQtc2l6ZTogMTIwJTt9c3Bhbi50YXhfcG9zdGFnZSB7IGNvbG9yOiAjNjY2NjY2OyBmb250LXNpemU6IDgwJTt9YS5ldGNfbGluazpsaW5rIHsgY29sb3I6ICMwMDAwRkY7IGZvbnQtc2l6ZTogODAlO31hLmV0Y19saW5rOnZpc2l0ZWQgeyBjb2xvcjogIzAwMDBGRjsgZm9udC1zaXplOiA4MCU7fWEuZXRjX2xpbms6YWN0aXZlIHsgY29sb3I6ICMwMDAwRkY7IGZvbnQtc2l6ZTogODAlO31hLmV0Y19saW5rOmhvdmVyIHsgY29sb3I6ICMwMDAwRkY7IGZvbnQtc2l6ZTogODAlO31zcGFuLnRpbWVfc2FsZSB7IGNvbG9yOiAjNjY2NjY2OyBmb250LXNpemU6IDgwJTt9c3Bhbi5jYXRjaF9jb3B5IHsgY29sb3I6ICNGRjMzMzM7IGZvbnQtc2l6ZTogODAlO31zcGFuLnNhbGVfZGVzYyB7IGNvbG9yOiAjNjY2NjY2OyBmb250LXNpemU6IDEwMCU7fXNwYW4uZG91YmxlX3ByaWNlX3RpdGxlIHsgY29sb3I6ICM2NjY2NjY7IGZvbnQtc2l6ZTogODAlO31zcGFuLmRvdWJsZV9wcmljZSB7IGNvbG9yOiAjNjY2NjY2OyBmb250LXNpemU6IDEwMCU7fXNwYW4ub3Blbl9wcmljZV90aXRsZSB7IGNvbG9yOiAjNjY2NjY2OyBmb250LXNpemU6IDEwMCU7fXNwYW4ub3Blbl9wcmljZSB7IGNvbG9yOiAjNjY2NjY2OyBmb250LXNpemU6IDEwMCU7fXNwYW4uY2hvaWNlIHsgY29sb3I6ICM2NjY2NjY7IGZvbnQtc2l6ZTogODAlO31zcGFuLnJlc3QgeyBjb2xvcjogI0ZGMzMzMzsgZm9udC1zaXplOiAxMDAlO31zcGFuLnNvbGRvdXRfbXNnIHsgY29sb3I6ICNGRjMzMzM7IGZvbnQtc2l6ZTogODAlO31zcGFuLmludmVudG9yeV90aXRsZSB7IGNvbG9yOiAjNjY2NjY2OyBmb250LXNpemU6IDgwJTt9dGQuaW52ZW50b3J5IHsgYmFja2dyb3VuZC1jb2xvcjogI0ZGRkZGRjt9c3Bhbi5pbnZlbnRvcnlfY2hvaWNlX25hbWUgeyBjb2xvcjogIzY2NjY2NjsgZm9udC1zaXplOiA2MCU7fXRkLmludmVudG9yeV9jaG9pY2VfbmFtZSB7IGJhY2tncm91bmQtY29sb3I6ICNGRkZGQ0M7fXNwYW4uaW52ZW50b3J5X2Rlc2MgeyBjb2xvcjogIzY2NjY2NjsgZm9udC1zaXplOiA4MCU7fXNwYW4uaW52ZW50b3J5X3NvbGRvdXQgeyBjb2xvcjogIzY2NjY2NjsgZm9udC1zaXplOiA4MCU7fXNwYW4uaW52ZW50b3J5X3Jlc3QgeyBjb2xvcjogIzY2NjY2NjsgZm9udC1zaXplOiA4MCU7fXRkLmxvc3NsZWFkZXJfaXRlbV9uYW1lIHsgY29sb3I6ICM2NjY2NjY7IGZvbnQtc2l6ZTogNjAlOyBmb250LXdlaWdodDpib2xkO31hLmxvc3NsZWFkZXJfaXRlbV9uYW1lOmxpbmsgeyBjb2xvcjogIzY2NjY2Njt9YS5sb3NzbGVhZGVyX2l0ZW1fbmFtZTp2aXNpdGVkIHsgY29sb3I6ICM2NjY2NjY7fWEubG9zc2xlYWRlcl9pdGVtX25hbWU6YWN0aXZlIHsgY29sb3I6ICM2NjY2NjY7fXNwYW4ubG9zc2xlYWRlcl9wcmljZTEgeyBjb2xvcjogIzY2NjY2NjsgZm9udC1zaXplOiA2MCU7IGZvbnQtd2VpZ2h0OmJvbGQ7fXNwYW4ubG9zc2xlYWRlcl9wcmljZTIgeyBjb2xvcjogIzY2NjY2NjsgZm9udC1zaXplOiA2MCU7IGZvbnQtd2VpZ2h0OmJvbGQ7fXNwYW4ubG9zc2xlYWRlcl9kb3VibGVfcHJpY2VfdGl0bGUgeyBjb2xvcjogIzY2NjY2NjsgZm9udC1zaXplOiA2MCU7IGZvbnQtd2VpZ2h0OmJvbGQ7fXNwYW4ubG9zc2xlYWRlcl9kb3VibGVfcHJpY2UgeyBjb2xvcjogIzY2NjY2NjsgZm9udC1zaXplOiA2MCU7IGZvbnQtd2VpZ2h0OmJvbGQ7fXNwYW4ubG9zc2xlYWRlcl9vcGVuX3ByaWNlX3RpdGxlIHsgY29sb3I6ICM2NjY2NjY7IGZvbnQtc2l6ZTogNjAlOyBmb250LXdlaWdodDpib2xkO31zcGFuLmxvc3NsZWFkZXJfb3Blbl9wcmljZSB7IGNvbG9yOiAjNjY2NjY2OyBmb250LXNpemU6IDYwJTsgZm9udC13ZWlnaHQ6Ym9sZDt9c3Bhbi5zYV9jYXRjaF9jb3B5IHsgY29sb3I6ICM2NjY2NjY7IGZvbnQtc2l6ZTogMTAwJTsgZm9udC13ZWlnaHQ6Ym9sZDt9c3Bhbi5zYV9pdGVtX25hbWUgeyBjb2xvcjogIzY2NjY2NjsgZm9udC1zaXplOiAxMDAlOyBmb250LXdlaWdodDpib2xkO31zcGFuLnNhX2l0ZW1fZGVzYyB7IGNvbG9yOiAjMDAwMDAwOyBmb250LXNpemU6IDEwMCU7fXNwYW4uc2Ffc2FsZV9kZXNjIHsgY29sb3I6ICMwMDAwMDA7IGZvbnQtc2l6ZTogMTAwJTt9c3Bhbi5wcmVzZW50X2NhdGNoX2NvcHkgeyBjb2xvcjogI0ZGMzMzMzsgZm9udC1zaXplOiA4MCU7IGZvbnQtd2VpZ2h0OmJvbGQ7fXNwYW4ucHJlc2VudF9pdGVtX25hbWUgeyBjb2xvcjogIzY2NjY2NjsgZm9udC1zaXplOiAxMDAlOyBmb250LXdlaWdodDpib2xkO31zcGFuLnByZXNlbnRfZW50cnlfdGVybSB7IGNvbG9yOiAjNjY2NjY2OyBmb250LXNpemU6IDEwMCU7fXNwYW4ucHJlc2VudF9pdGVtX2Rlc2MgeyBjb2xvcjogIzY2NjY2NjsgZm9udC1zaXplOiAxMDAlO31zcGFuLndpbl9jbnRfdGl0bGUgeyBjb2xvcjogI0ZGMzMzMzsgZm9udC1zaXplOiAxMDAlO31zcGFuLndpbl9jbnQgeyBjb2xvcjogI0ZGMzMzMzsgZm9udC1zaXplOiAxMDAlO31zcGFuLnByZXNlbnRfZW5kX21zZyB7IGNvbG9yOiAjNjY2NjY2OyBmb250LXNpemU6IDEwMCU7fS0tPjwvc3R5bGU+PHN0eWxlIHR5cGU9InRleHQvY3NzIj4KPCEtLQouZ29vZHN0YiB7CmZvbnQtc2l6ZTogMTBweDsKbWFyZ2luOiA1cHg7CnBhZGRpbmc6IDBweDsKYm9yZGVyLXRvcDogMXB4IHNvbGlkICNDQ0NDQ0M7CmJvcmRlci1yaWdodDogMXB4IHNvbGlkICNDQ0NDQ0M7CmJvcmRlci1ib3R0b206IDBweCBzb2xpZCAjQ0NDQ0NDOwpib3JkZXItbGVmdDogMHB4IHNvbGlkICNDQ0NDQ0M7CmNvbG9yOiAjOTk5OTk5Owpmb250LWZhbWlseTogIuODkuODqeOCruODjuinkuOCtCBQcm8gVzMiLCAiSGlyYWdpbm8gS2FrdSBHb3RoaWMgUHJvIiwgIuODoeOCpOODquOCqiIsIE1laXJ5bywgT3Nha2EsICLvvK3vvLMg77yw44K044K344OD44KvIiwgIk1TIFBHb3RoaWMiLCBzYW5zLXNlcmlmOwpsaW5lLWhlaWdodDogMThweDsKfQoKLmdvb2RzdGIgdGQgewpmb250LXNpemU6IDEycHg7Cm1hcmdpbjogNXB4OwpwYWRkaW5nOiA3cHg7CmJvcmRlci10b3A6IDBweCBzb2xpZCAjQ0NDQ0NDOwpib3JkZXItcmlnaHQ6IDBweCBzb2xpZCAjQ0NDQ0NDOwpib3JkZXItYm90dG9tOiAxcHggc29saWQgI0NDQ0NDQzsKYm9yZGVyLWxlZnQ6IDFweCBzb2xpZCAjQ0NDQ0NDOwpmb250LWZhbWlseTogIuODkuODqeOCruODjuinkuOCtCBQcm8gVzMiLCAiSGlyYWdpbm8gS2FrdSBHb3RoaWMgUHJvIiwgIuODoeOCpOODquOCqiIsIE1laXJ5bywgT3Nha2EsICLvvK3vvLMg77yw44K044K344OD44KvIiwgIk1TIFBHb3RoaWMiLCBzYW5zLXNlcmlmOwpsaW5lLWhlaWdodDogMTVweDsKfQotLT4KPC9zdHlsZT4KPHRhYmxlIHdpZHRoPSI3MDAiIGJvcmRlcj0iMCI+CiAgPHRyIGFsaWduPSJjZW50ZXIiPgogICAgPHRkIHdpZHRoPSI3MDAiPjxicj4KICAgICAgPHRhYmxlIHdpZHRoPSI2NTAiIGJvcmRlcj0iMCIgY2VsbHBhZGRpbmc9IjAiIGNlbGxzcGFjaW5nPSIwIiBjbGFzcz0iZ29vZHN0YiI+CiAgICAgICAgPHRyIGJnY29sb3I9IiNFQUVBRUEiPgogICAgICAgICAgPHRkIGNvbHNwYW49IjIiIGJnY29sb3I9IiNGMkYyRjIiPm92ZXJ2aWV3PC90ZD4KICAgICAgICA8L3RyPgogICAgICAgIDx0cj4KICAgICAgICAgIDx0ZCBjb2xzcGFuPSIyIiB2YWxpZ249InRvcCI+6LGK5a+M44GqNuiJsuOBrkNvbG9yIFZhcmlhdGlvbuOAgeOBi+OBmeOBi+OBq+WEquOBl+OBhOmmmeOCiuOBjOOBn+OBoOOCiOOBhumtheaDkeOBruODouODkOOCpOODq+ODkOODg+ODhuODquODvOKYhjxicj4K44K544OI44Op44OD44OX5LuY44GN44Gq44Gu44Gn6Z6E44KE44Od44O844OB44Gr44G244KJ5LiL44GS44Gm44GK44GP44Gg44GR44Gn44CB44GE44Gk44Gn44KC44Gp44GT44Gn44KC57Ch5Y2Y5YWF6Zu744GM5Y+v6IO944Gn44GZ44CCPGJyPgrlj6/mhJvjgonjgZfjgYTvvIvjgYrmtJLokL3jgarjg5Djg4Pjg4bjg6rjg7zjgafjgrnjg57jg7zjg4jjg5Xjgqnjg7Pjg6njgqTjg5XjgpLjgojjgorlv6vpganjgavjgZfjgabjgY/jgaDjgZXjgYTjgII8YnI+Cjxicj4K5aSn5a656YePMjYwMG1BaOOAgei7vemHjzcwZ+OBruOCs+ODs+ODkeOCr+ODiOODkOODg+ODhuODquODvOOAgjxicj4KaVBob25l44Gq44KJ57SEMeWbnuWIhuOAgeOBneOBruS7luOBruOCueODnuODvOODiOODleOCqeODs+OBquOBqeOBq+OCguS9v+eUqOOBp+OBjeOBvuOBmeOAgjxicj4K5pmu5q6144Gu5aSW5Ye644CB5peF6KGM44Gr5Ye65by15pmC44Gq44Gp44Gr44KC5L6/5Yip44Gq5a656YeP44CC44KC44GX44KC44Gu54G95a6z5pmC44Gu54K644Gr44KC44Gy44Go44Gk44GC44KM44Gw5a6J5b+D44Gn44GN44G+44GZ44CCPGJyPgogICAgICAgICAgICA8YnI+CuKAu+a1t+Wklui8uOWFpeWTgeOBrueCuuOAgeeuseOBq+OBuOOBk+OBv+OBquOBqeOBjOOBguOCiuOBvuOBmeOBjOOAgeaknOWTgea4iOOBv+OAgeijveWTgeOBq+OBr+WVj+mhjOOBjOOBquOBhOOBruOBp+OBlOS6huaJv+S4i+OBleOBhOOAgjxicj4K4oC75Yil6YCU44Op44Kk44OI44OL44Oz44Kw44Kx44O844OW44Or44GM5b+F6KaB44Gr44Gq44KK44G+44GZ44CC77yI5Yil5aOy77yJPGJyPgrigLvoo4/pnaLjgavjga/jg5XjgqPjg6vjg6DjgYzosrzjgonjgozjgabjgYTjgb7jgZnjgII8YnI+CuOAgOWCt+OBjOS7mOOBhOOBpuOBhOOCi+OCiOOBhuOBq+imi+OBiOOCi+WgtOWQiOOBjOOBlOOBluOBhOOBvuOBmeOBjOOAgeODleOCo+ODq+ODoOOCkuWJpeOBjOOBl+OBpuOBhOOBn+OBoOOBkeOCjOOBsOWVj+mhjOOBguOCiuOBvuOBm+OCk+OAgjxicj4KPGJyPgo8Zm9udCBjb2xvcj0iI0NDMDAwMCI+4oC75Yiw552A5b6M5Yid5pyf5LiN6Imv44GM44GC44Gj44Gf5aC05ZCI44CB77yR6YCx6ZaT5Lul5YaF44Gr44GU6YCj57Wh5LiL44GV44GE44CC5Lqk5o+b6L+U5ZOB44GE44Gf44GX44G+44GZ44CCPGJyPgrjgIDkuojlgpnnlKjjga7jgZ/jgoHnrYnjgafjgb7jgajjgoHosrfjgYTjgZXjgozjgZ/loLTlkIjjgoLjgIHlv4XjgZrliLDnnYDlvozjgZnjgZDjgavli5XkvZznorroqo3jgpLooYzjgarjgaPjgabkuIvjgZXjgYTjgII8YnI+CuOAgO+8kemAsemWk+OCkumBjuOBjuOBpuOBl+OBvuOBhuOBqOS6pOaPm+i/lOWTgeOBruWvvuW/nOOCkuOBiuWPl+OBkeWHuuadpeOBvuOBm+OCk+OAguS6iOOCgeOBlOS6huaJv+S4i+OBleOBhOOAgiA8L2ZvbnQ+PC90ZD4KICAgICAgICA8L3RyPgogICAgICAgIDx0cj4KICAgICAgICAgIDx0ZCBjb2xzcGFuPSIyIiB2YWxpZ249InRvcCIgYmdjb2xvcj0iI0YyRjJGMiIgY2xhc3M9Imdvb2RzdGIiPlByb2R1Y3QgRGV0YWlsczwvdGQ+CiAgICAgICAgPC90cj4KICAgICAgICA8dHI+CiAgICAgICAgICA8dGQgY29sc3Bhbj0iMiIgdmFsaWduPSJ0b3AiPjxwPuWvvuW/nOapn+eoru+8mlVTQuOCseODvOODluODq+OBp+WFhembu+OBjOOBp+OBjeOCi+ODouODkOOCpOODq+apn+WZqOWFqOiIrDxicj4K5LuY5bGe77yabWljcm9VU0LjgrHjg7zjg5bjg6vjgIHlkITnqK7jgIHlkIzjgZjjgqvjg6njg7zjga7jgrnjg4jjg6njg4Pjg5fku5jjgY08YnI+Cueoi+W6pu+8muaWsOWTgTxicj4K5a656YeP77yaMjYwMG1BaDxicj4K6YeN6YeP77ya57SENzBnPGJyPgrjgrXjgqTjgrrvvJrntIQ5LjZjbcOX57SEMi4xY23Dl+e0hDIuMmNtPGJyPgo8YnI+CuKAu+OBlOimp+OBq+OBquOCi+eSsOWig++8iFBD44KE44OW44Op44Km44K244Gq44Gp77yJ44Gr44KI44Gj44Gm5ZWG5ZOB44Gu6Imy44G/44GM6YGV44Gj44Gm6KaL44GI44KL5aC05ZCI44KC44GU44GW44GE44G+44GZ44CCPGJyPgrigLvovLjlhaXlk4Hjga7jgZ/jgoHjgIHoi6XlubLjga7mk6bjgozjgarjganjgYzjgYLjgovloLTlkIjjgYzjgZTjgZbjgYTjgb7jgZnjgII8YnI+CuKAu+OCseODvOODluODq+mhnuOAgeODkOODg+ODhuODquODvOetieOBlOWIqeeUqOOBrumam+OAgeazqOaEj+S6i+mgheOBr+OCs+ODgeODqTxicj4KPGJyPgogICAgICAgICAgPC90ZD4KICAgICAgICA8L3RyPgogICAgICA8L3RhYmxlPgogICAgICA8YnI+CiAgICAgIDx0YWJsZSB3aWR0aD0iNjUwIiBib3JkZXI9IjAiIGNlbGxwYWRkaW5nPSIwIiBjZWxsc3BhY2luZz0iMCIgY2xhc3M9Imdvb2RzdGIiPgogICAgICAgIDx0ciBiZ2NvbG9yPSIjRUFFQUVBIj4KICAgICAgICAgIDx0ZCBjb2xzcGFuPSIyIiBiZ2NvbG9yPSIjRjJGMkYyIj4mZ3Q7Jmd0OzxzdHJvbmc+5Zyo5bqr54q25rOB44Gr44Gk44GE44GmPC9zdHJvbmc+PC90ZD4KICAgICAgICA8L3RyPgogICAgICAgIDx0cj4KICAgICAgICAgIDx0ZCB3aWR0aD0iMTE4IiB2YWxpZ249InRvcCI+44CA5Zyo5bqr44GC44KKPC90ZD4KICAgICAgICAgIDx0ZCB3aWR0aD0iNTMxIj7llYblk4Hjgr/jgqTjg4jjg6vjga7poK3jgavkvZXjgoLooajoqJjjgZXjgozjgabjgYTjgarjgYTloLTlkIjjga/jgIHljp/liYflnKjluqvjgYzjgZTjgZbjgYTjgb7jgZnjgII8L3RkPgogICAgICAgIDwvdHI+CiAgICAgICAgPHRyPgogICAgICAgICAgPHRkIHZhbGlnbj0idG9wIj7vvLvjgYrlj5blr4TjgZvvvL08L3RkPgogICAgICAgICAgPHRkPiDigLvvvLvjgYrlj5blr4TjgZvvvL3jga/jgIHjgZTms6jmlofpoILjgYTjgZ/lvozjgavjgIHnj77lnLDjgavjgqrjg7zjg4Djg7zjgYTjgZ/jgZfjgb7jgZnjgIIgPGJyPgogIOKAu+OBlOazqOaWh+W+jOOBruOCreODo+ODs+OCu+ODq+OBr+OBiuWPl+OBkeOBp+OBjeOBvuOBm+OCk+OAguOBlOS6huaJv+OBj+OBoOOBleOBhOOBvuOBm+OAgiA8YnI+CuKAu+OBiuWxiuOBkeOBvuOBp+OAgemAmuW4uDEw5pel772eMTTml6XnqIvpoILjgY3jgb7jgZnjgIIgPGJyPgrigLvnj77lnLDjga7lnKjluqvnirbms4HnrYnjgavjgojjgorjgIHjgYrlsYrjgZHmnJ/plpPjgYzliY3lvozjgZnjgovloLTlkIjjgoLjgZTjgZbjgYTjgb7jgZnjgII8L3RkPgogICAgICAgIDwvdHI+CiAgICAgICAgPHRyPgogICAgICAgICAgPHRkIHZhbGlnbj0idG9wIj7vvLvkuojntITllYblk4HvvL08L3RkPgogICAgICAgICAgPHRkPiDigLvvvLvkuojntITllYblk4HvvL3jga/jgIHku4rlvoznmbrlo7Lkuojlrprjga7llYblk4HjgafjgZnjgIIgPGJyPgrigLvnj77lnLDjgafnmbrlo7LjgZXjgozjgZ/lvozjgIHlvZPlupfjgavlhaXojbfjgZfjgaDjgYTnmbrpgIHjgZXjgZvjgabpoILjgY3jgb7jgZnjgIIgPGJyPgrigLvvvLvkuojntITllYblk4HvvL3jga/pgJrluLjlnKjluqvllYblk4HjgajkuIDnt5LjgavjgZTms6jmlofpoILjgZHjgb7jgZvjgpPjgIIgPC90ZD4KICAgICAgICA8L3RyPgogICAgICA8L3RhYmxlPjwvdGQ+CiAgPC90cj4KPC90YWJsZT4KPGJyPjxzdHlsZSB0eXBlPSJ0ZXh0L2NzcyI+CjwhLS0KdGR7Cglmb250LWZhbWlseToi44OS44Op44Ku44OO6KeS44K0IFBybyBXMyIsICJIaXJhZ2lubyBLYWt1IEdvdGhpYyBQcm8iLCAi44Oh44Kk44Oq44KqIiwgTWVpcnlvLCBPc2FrYSwgIu+8re+8syDvvLDjgrTjgrfjg4Pjgq8iLCAiTVMgUEdvdGhpYyIsIHNhbnMtc2VyaWY7CglsaW5lLWhlaWdodDoxLjk7Cgl2ZXJ0aWNhbC1hbGlnbjp0b3A7CgkKCn0KCi5mb250MDF7Cglmb250LXNpemU6MTRweDsKfQoKLmZvbnQwMnsKCWZvbnQtc2l6ZToxMnB4OwoJY29sb3I6Izk5OTk5OTsKfQoKCgpkaXYjSGVhZGVyS2V5d29yZCB7Cglwb3NpdGlvbjphYnNvbHV0ZTsKCXRvcDo1MHB4Oy8q5LiA55Wq5LiK44GL44KJ44Gu5L2N572uKi8KCWxlZnQ6MzBweDsvKuW3puerr+OBi+OCieOBruS9jee9riovCn0KCmRpdiNIZWFkZXJLZXl3b3JkIHNwYW4gewoJYmFja2dyb3VuZDogI2JmMDAwMDsKCWNvbG9yOiNmZmY7Cglmb250LXdlaWdodDpib2xkOwoJcGFkZGluZzoycHggNXB4Owp9CgpkaXYjSGVhZGVyS2V5d29yZCBhIHsKCWNvbG9yOiMwMDQ0Q0M7Cn0Kc3Bhbi5jYXRjaF9jb3B5LApzcGFuLml0ZW1fbmFtZSB7CiAgbGluZS1oZWlnaHQ6IDE4MCU7Cn0KCgoKLyog5ZWG5ZOB5ZCN5LiL44Gr5aKD55WM57ea44GM5YWl44KLICovCnNwYW4uaXRlbV9uYW1lIHsKICAgIGRpc3BsYXk6IGJsb2NrOwogICAgYm9yZGVyLWJvdHRvbTogMnB4IGRvdHRlZCAjZGRkOwogICAgcGFkZGluZy1ib3R0b206IDJweDsKfQoKLyog5L6h5qC844Gr5p6g57ea44GM44Gk44GPICovCnRhYmxlI3Jha3V0ZW5MaW1pdGVkSWRfY2FydCB7CiAgICBiYWNrZ3JvdW5kLWNvbG9yOiAjZjhmOGY4OwogICAgYm9yZGVyOiAxcHggc29saWQgI2RkZDsKICAgIHBhZGRpbmc6IDhweDsKICAgIG1hcmdpbjogMTZweCAwOwp9CgpzcGFuLnByaWNlMSB7CiAgICBjb2xvcjogIzMzMyAhaW1wb3J0YW50OwogICAgZm9udC13ZWlnaHQ6IGJvbGQ7CiAgICBmb250LXNpemU6IDgwJSAhaW1wb3J0YW50OwogICAgbGluZS1oZWlnaHQ6IDMwcHg7CiAgICBkaXNwbGF5OiBpbmxpbmUtYmxvY2s7CiAgICBtYXJnaW4tcmlnaHQ6IDE2cHg7Cn0KCgouaXRlbV9uYW1lIHsKCWNvbG9yOiM2NjY7CmRpc3BsYXk6YmxvY2s7Cm1hcmdpbi1ib3R0b206MTVweDsKfQoKLmNhdGNoX2NvcHkgewoJY29sb3I6I0YwMDsKZGlzcGxheTpibG9jazsKbWFyZ2luLWJvdHRvbToxNXB4Owp9CgoKLS0+Cjwvc3R5bGU+CgoKCjxkaXYgaWQ9IkhlYWRlcktleXdvcmQiPgo8c3Bhbj7ms6jnm67jga7jgq3jg7zjg6/jg7zjg4k8L3NwYW4+CmlQaG9uZTZzIOOCseODvOOCuQrjgqvjgrnjgr/jg6AK44ON44KzCjwvZGl2PgoKPHRhYmxlIHdpZHRoPSI3NDAiIGJvcmRlcj0iMCIgY2VsbHNwYWNpbmc9IjAiIGNlbGxwYWRkaW5nPSIwIj4KICA8dHI+CiAgICA8dGQgYWxpZ249ImNlbnRlciI+Cjx0YWJsZSB3aWR0aD0iNjAwIiBib3JkZXI9IjAiIGNlbGxzcGFjaW5nPSIwIiBjZWxscGFkZGluZz0iMCIgYmdjb2xvcj0iI0VGRUZFRiI+CiAgPHRyPgogICAgPHRkIGFsaWduPSJjZW50ZXIiPjx0YWJsZSB3aWR0aD0iMjkwIiBib3JkZXI9IjAiIGNlbGxzcGFjaW5nPSIwIiBjZWxscGFkZGluZz0iMCI+CiAgICAgIDx0cj4KICAgICAgICA8dGQgaGVpZ2h0PSIxNSI+PC90ZD4KICAgICAgPC90cj4KICAgIDwvdGFibGU+CiAgICAgCiAgICAgIDx0YWJsZSB3aWR0aD0iNTgwIiBib3JkZXI9IjAiIGNlbGxzcGFjaW5nPSIwIiBjZWxscGFkZGluZz0iMCI+CiAgICAgICAgPHRyPgogICAgICAgICAgPHRkIGJnY29sb3I9IiNGRkZGRkYiPjx0YWJsZSB3aWR0aD0iMjY4IiBib3JkZXI9IjAiIGNlbGxzcGFjaW5nPSIwIiBjZWxscGFkZGluZz0iMCI+CiAgICAgICAgICAgIDx0cj4KICAgICAgICAgICAgICA8dGQ+PHNwYW4gY2xhc3M9ImZvbnQwMSI+RE3kvr/jgavjgaTjgYTjgaY8L3NwYW4+PC90ZD4KICAgICAgICAgICAgPC90cj4KICAgICAgICAgICAgPHRyPgogICAgICAgICAgICAgIDx0ZD48c3BhbiBjbGFzcz0iZm9udDAyIj7jg7vjgr/jgqTjg4jjg6vjgavjgIxETeS+v+S4jeWPr+OAjeOBqOiomOi8ieOBl+OBpuOBhOOCi+WVhuWTgeOBr+WuheaApeS+v+OBp+eZuumAgeOBqOOBquOCiuOBvuOBmeOAgjxicj4KICAgICAgICAgICAgICAgIOODu+OCv+OCpOODiOODq+OBq+OAjERN5L6/5LiN5Y+v44CN44Go6KiY6LyJ44GV44KM44Gm44GE44Gq44GE5ZWG5ZOB44KE44CB44CM4pev44Gk5Lul5LiKRE3kvr/kuI3lj6/jgI3jgajoqJjovInjgZXjgozjgabjgYTjgovllYblk4HjgoLjgIHopIfmlbDos7zlhaXjgZXjgozopo/lrprjga7jgrXjgqTjgrrjgpLotoXjgYjjgZ/loLTlkIjjga/lroXmgKXkvr/jgafnmbrpgIHjgajjgarjgorjgb7jgZnjgII8YnI+CiAgICAgICAgICAgICAgICDjg7vlkIzjgZjosrfjgYTnianjgqvjgrTjgafjgZTos7zlhaXjgZXjgozjgZ/kuK3jgavjgIHlroXmgKXkvr/jga7llYblk4HjgYzlkKvjgb7jgozjgabjgYTjgovloLTlkIjjga/lhajjgablroXmgKXkvr/jgafjga7nmbrpgIHjgajjgarjgorjgb7jgZnjgII8YnI+CiAgICAgICAgICAgICAgICDjg7vjgYrmlK/miZXjgYTmlrnms5XjgYzku6Pph5HlvJXmj5vmiZXjgYTjga7mlrnjga9ETeS+v+OCkuOBlOWIqeeUqOOBhOOBn+OBoOOBkeOBvuOBm+OCk+OAgjxicj4KICAgICAgICAgICAgICAgIOODu0RN5L6/44Gv44Od44K544OI5oqV5Ye944Gr44Gq44KK44G+44GZ44CCPGJyPgogICAgICAgICAgICAgICAg44O7RE3kvr/jga/mmYLplpPmjIflrprjgIHml6Xku5jmjIflrprjga/lh7rmnaXjgb7jgZvjgpPjgII8L3NwYW4+PC90ZD4KICAgICAgICAgICAgPC90cj4KICAgICAgICAgICAgCiAgICAgICAgICA8L3RhYmxlPjwvdGQ+CiAgICAgICAgICA8dGQgd2lkdGg9IjYiPjwvdGQ+CiAgICAgICAgICA8dGQgYmdjb2xvcj0iI0ZGRkZGRiI+PHRhYmxlIHdpZHRoPSIyNjgiIGJvcmRlcj0iMCIgY2VsbHNwYWNpbmc9IjAiIGNlbGxwYWRkaW5nPSIwIj4KICAgICAgICAgICAgPHRyPgogICAgICAgICAgICAgIDx0ZD48c3BhbiBjbGFzcz0iZm9udDAxIj7pgIHmlpnjgavjgaTjgYTjgaY8L3NwYW4+PC90ZD4KICAgICAgICAgICAgPC90cj4KICAgICAgICAgICAgPHRyPgogICAgICAgICAgICAgIDx0ZD48c3BhbiBjbGFzcz0iZm9udDAyIj7lhajlm73kuIDlvos8YnI+CiAgICAgICAgICAgICAgICBETeS+v++8mjIxMOWGhjxicj4KICAgICAgICAgICAgICAgIOWuheaApeS+v++8mjUyNeWGhu+8iOaylue4hOODu+S4gOmDqOmbouWztuOBr+i/veWKoOmAgeaWmeOBjOOBi+OBi+OCi+WgtOWQiOOBjOOBguOCiuOBvuOBmeOAgu+8iTxicj4KICAgICAgICAgICAgICAgIOeojui+vDUsMjUw5YaG5Lul5LiK44GK6LK344GE5LiK44GS44Gn6YCB5paZ54Sh5paZ44CCPGJyPgogICAgICAgICAgICAgICAg56iO6L68MTAsNTAw5YaG5Lul5LiK44GK6LK344GE5LiK44GS44Gn5Luj5byV5omL5pWw5paZ44KC54Sh5paZ44CCPC9zcGFuPjwvdGQ+CiAgICAgICAgICAgIDwvdHI+CiAgICAgICAgICAgIDx0cj4KICAgICAgICAgICAgICA8dGQ+Jm5ic3A7PC90ZD4KICAgICAgICAgICAgPC90cj4KICAgICAgICAgICAgPHRyPgogICAgICAgICAgICAgIDx0ZD48c3BhbiBjbGFzcz0iZm9udDAxIj7jgYrmlK/miZXjgYTjgavjgaTjgYTjgaY8L3NwYW4+PC90ZD4KICAgICAgICAgICAgPC90cj4KICAgICAgICAgICAgPHRyPgogICAgICAgICAgICAgIDx0ZD48c3BhbiBjbGFzcz0iZm9udDAyIj7jgq/jg6zjgrjjg4Pjg4jmsbrmuIjvvIjliIblibLjg7vjg6rjg5zjgoLlj6/og73vvInjg7vku6Pph5HlvJXmj5vjg7vpioDooYzmjK/ovrzjgYzjgZTliKnnlKjjgavjgarjgozjgb7jgZnjgII8YnI+CiAgICAgICAgICAgICAgICDoqbPjgZfjgY/jga/jgYrmlK/miZXjgYTjgavjgaTjgYTjgabjgpLjgZTlj4LnhafjgY/jgaDjgZXjgYTjgII8YnI+CiAgICAgICAgICAgICAgICA8YnI+CiAgICAgICAgICAgICAgICDjg7vjgq/jg6zjgrjjg4Pjg4jjgqvjg7zjg4k8YnI+CiAgICAgICAgICAgICAgICA8aW1nIHNyYz0iaHR0cDovL2ltYWdlLnJha3V0ZW4uY28uanAvcmlhcmlhLXIvY2FiaW5ldC9zaXRldG9wL2V0Yy9jYXJkLmpwZyIgYWx0PSJpcGhvbmUg44Kx44O844K5IOOCq+ODvOODiSIgIHdpZHRoPSIyMDUiIGJvcmRlcj0iMCI+PGJyPgogICAgICAgICAgICAgICAgPGJyPgogICAgICAgICAgICAgICAg44O76YqA6KGM5oyv6L68IDxicj4KICAgICAgICAgICAgICAgIDxpbWcgc3JjPSJodHRwOi8vaW1hZ2UucmFrdXRlbi5jby5qcC9yaWFyaWEtci9jYWJpbmV0L3NpdGV0b3AvZXRjL21pdHN1aS5qcGciIGFsdD0iaXBob25lIOOCseODvOOCuSDpioDooYzmjK/ovrwiIHdpZHRoPSIyMDAiIGJvcmRlcj0iMCI+PC9zcGFuPjwvdGQ+CiAgICAgICAgICAgIDwvdHI+CiAgICAgICAgICAgIDx0cj4KICAgICAgICAgICAgICA8dGQ+Jm5ic3A7PC90ZD4KICAgICAgICAgICAgPC90cj4KICAgICAgICAgICAgPHRyPgogICAgICAgICAgICAgIDx0ZD48c3BhbiBjbGFzcz0iZm9udDAxIj7jgYrllY/jgYTlkIjjgo/jgZs8L3NwYW4+PC90ZD4KICAgICAgICAgICAgPC90cj4KICAgICAgICAgICAgPHRyPgogICAgICAgICAgICAgIDx0ZD48c3BhbiBjbGFzcz0iZm9udDAyIj5tYWls77yacmlhcmlhLXJfN0BzaG9wLnJha3V0ZW4uY28uanA8YnI+CiAgICAgICAgICAgICAgICBURUzvvJowNzgtMzM0LTMyNjggPC9zcGFuPjwvdGQ+CiAgICAgICAgICAgIDwvdHI+CiAgICAgICAgICA8L3RhYmxlPjwvdGQ+CiAgICAgICAgPC90cj4KICAgICAgPC90YWJsZT4KICAgICAgPHRhYmxlIHdpZHRoPSIyNzAiIGJvcmRlcj0iMCIgY2VsbHNwYWNpbmc9IjAiIGNlbGxwYWRkaW5nPSIwIj4KICAgICAgICA8dHI+CiAgICAgICAgICA8dGQgaGVpZ2h0PSIxNSI+PC90ZD4KICAgICAgICA8L3RyPgogICAgICA8L3RhYmxlPgogICAgPC90ZD4KICA8L3RyPgo8L3RhYmxlPgoKPC90ZD4KICA8L3RyPgo8L3RhYmxlPg==,44K544Oe44ObIOWFhembu+WZqCAyNjAwbUFo77yI5YWoNuiJsu+8ieOAkERN5L6/5LiN5Y+v44CR77yaUmlhUmlhIOalveWkqeW4guWgtOW6lw==,aVBob25lNyDjgrHjg7zjgrkg44Kr44OQ44O8aVBob25lNiDjgrHjg7zjgrkg44Kr44OQ44O8aVBob25lNiBQbHVzIOOCseODvOOCuSDjgqvjg5Djg7xpUGhvbmU1cyDjgrHjg7zjgrkg44Kr44OQ44O8aVBob25lNyBQbHVzIOOCseODvOOCuSDjgqvjg5Djg7xpUGhvbmU2cyDjgrHjg7zjgrkg44Kr44OQ44O844K544Oe44Ob44Kx44O844K5IOOCq+ODkOODvEdBTEFYWeOAgOOCseODvOOCuSDjgqvjg5Djg7xYUEVSSUEg44Kx44O844K5IOOCq+ODkOODvGlQYWQgbWluaSDjgrHjg7zjgrkg44Kr44OQ44O844Oi44OQ44Kk44Or44OQ44OD44OG44Oq44O844Kk44Ok44Ob44Oz44K444Oj44OD44Kv44Ki44Kv44K744K144Oq44O8TGlnaHRuaW5n44Kx44O844OW44OraVBob25lIOWFhembu+WZqOOCueODnuODmyDlhYXpm7vlmahpUGhvbmU2cyDjgrHjg7zjg5bjg6tpUGhvbmU2cyDjgrHjg7zjg5bjg6vjgrnjg57jg5vjgrHjg7zjgrnjgIDjg43jgrPjgIDnjKvjgIDjga3jgZPjgIDjgavjgoPjgpPjgZPjgavjgoPjgpPjgZPlnovjgqTjg6Tjg5vjg7Pjgrjjg6Pjg4Pjgq9pUGhvbmXjgrHjg7zjgrnjgIDjgrXjg4Pjgqvjg7zjgrnjg57jg5sg5YWF6Zu75ZmoIDI2MDBtQWjvvIjlhag26Imy77yJ44CQRE3kvr/kuI3lj6/jgJE=,44GE44Gk44KC44Gu5aSW5Ye644Gr5a6J5b+D44KS44OX44Op44K577yB44CC44K544Oe44ObIOWFhembu+WZqCAyNjAwbUFo77yI5YWoNuiJsu+8ieOAkERN5L6/5LiN5Y+v44CR[rn]
3-47092,aHR0cDovL3RzaG9wLnIxMHMuanAvY3BzLW1tL2NhYmluZXQvYmF0dGVyeS9pbWdoa2JsOTcyLmpwZz9maXRpbj03MDA6NzAw,MTkwNzIuMDAwMA==,,44K544Oe44O844OI44OV44Kp44Oz44O744K/44OW44Os44OD44OIID4g44OQ44OD44OG44Oq44O844O75YWF6Zu75ZmoID4g44Oi44OQ44Kk44Or44OQ44OD44OG44Oq44O8,SEtCIEw5NzIgTUZKLTE4MDAwIOODnuODq+ODgeODleOCoeODs+OCr+OCt+ODp+ODs+OCuOODo+ODs+ODl+OCueOCv+ODvOOCv+ODvCAxODAwMG1BaCDlpKflrrnph48=,5L+d6K235Zue6Lev44Oc44OD44Kv44K55LuY44GN,PFRBQkxFIGJvcmRlcj0iMCIgd2lkdGg9Ijc1MCIgY2VsbHNwYWNpbmc9IjAiPgo8VEJPRFk+CjxUUj4KPFREPgo8aHI+CjwvVEQ+CjwvVFI+CjxUUj4KICAgICAgPHRkIGFsaWduPSJjZW50ZXIiPjxpbWcgc3JjPSJodHRwOi8vaW1hZ2UucmFrdXRlbi5jby5qcC9jcHMtbW0vY2FiaW5ldC9iYXR0ZXJ5L2ltZ2hrYmw5NzItMDIuZ2lmIiBib3JkZXI9IjAiPjwvdGQ+CiAgICA8L1RSPgo8VFI+CiAgICAgIDx0ZCBhbGlnbj0iY2VudGVyIj48aW1nIHNyYz0iaHR0cDovL2ltYWdlLnJha3V0ZW4uY28uanAvY3BzLW1tL2NhYmluZXQvYmF0dGVyeS9pbWdoa2JsOTcyLTAzLmdpZiIgYm9yZGVyPSIwIj48L3RkPgogICAgPC9UUj4KPFRSPgogICAgICA8dGQgYWxpZ249ImNlbnRlciI+PGltZyBzcmM9Imh0dHA6Ly9pbWFnZS5yYWt1dGVuLmNvLmpwL2Nwcy1tbS9jYWJpbmV0L2JhdHRlcnkvaW1naGtibDk3Mi0wNC5naWYiIGJvcmRlcj0iMCI+PC90ZD4KICAgIDwvVFI+CjxUUj4KICAgICAgPHRkIGFsaWduPSJjZW50ZXIiPjxpbWcgc3JjPSJodHRwOi8vaW1hZ2UucmFrdXRlbi5jby5qcC9jcHMtbW0vY2FiaW5ldC9iYXR0ZXJ5L2ltZ2hrYmw5NzItMDUuZ2lmIiBib3JkZXI9IjAiPjwvdGQ+CiAgICA8L1RSPgogIDwvVEJPRFk+CjwvVEFCTEU+PHRhYmxlIHdpZHRoPSI3NTAiIGJvcmRlcj0iMCIgY2VsbHNwYWNpbmc9IjQiPgogIDx0Ym9keSBhbGlnbj0iY2VudGVyIj4KPHRyPgo8dGQgY29sc3Bhbj0iMiI+PGltZyBzcmM9Imh0dHA6Ly9pbWFnZS5yYWt1dGVuLmNvLmpwL2Nwcy1tbS9jYWJpbmV0L2J1bm5lci9pbWdibnJ3cm50eXR0ZWMuZ2lmIiBib3JkZXI9IjAiPjwvdGQ+CjwvdHI+Cjx0cj4KPHRkIGNvbHNwYW49IjIiPjxpbWcgc3JjPSJodHRwOi8vaW1hZ2UucmFrdXRlbi5jby5qcC9jcHMtbW0vY2FiaW5ldC9idW5uZXIvaW1nYm5ybGVvbmlzLmdpZiIgYm9yZGVyPSIwIj48L3RkPgo8L3RyPgo8dHI+CiAgICAgIDx0ZD48aW1nIHNyYz0iaHR0cDovL2ltYWdlLnJha3V0ZW4uY28uanAvY3BzLW1tL2NhYmluZXQvYnVubmVyL2ltZ2JucnphaWtvMjAxNTAyLmdpZiIgYm9yZGVyPSIwIj48L3RkPgogICAgICA8dGQ+PGltZyBzcmM9Imh0dHA6Ly9pbWFnZS5yYWt1dGVuLmNvLmpwL2Nwcy1tbS9jYWJpbmV0L2J1bm5lci9ibnIzNzAta3lvZWl2YWx2ZS5naWYiIGJvcmRlcj0iMCI+PC90ZD4KICAgIDwvdHI+CiAgICA8dHI+CiAgICAgIDx0ZCBoZWlnaHQ9IjIzIj48Zm9udCBzaXplPSIyIj7nhKHjgY/jgarjgormrKHnrKzjgIHntYLkuobvvIHvvIE8L2ZvbnQ+PC90ZD4KICAgICAgPHRkPjxmb250IHNpemU9IjIiPuODr+ODs+ODneOCpOODs+ODiOODieODrOOCueOCouODg+ODl+KZqjwvZm9udD48L3RkPgogICAgPC90cj4KICAgIDx0cj4KICAgICAgPHRkPjxpbWcgc3JjPSJodHRwOi8vaW1hZ2UucmFrdXRlbi5jby5qcC9jcHMtbW0vY2FiaW5ldC9idW5uZXIvYm5yMzcwLWh5YnJpZGFjLmdpZiIgYm9yZGVyPSIwIj48L3RkPgogICAgICA8dGQ+PGltZyBzcmM9Imh0dHA6Ly9pbWFnZS5yYWt1dGVuLmNvLmpwL2Nwcy1tbS9jYWJpbmV0L2J1bm5lci9ibnIzNzAtdmFsZW50aS5naWYiIGJvcmRlcj0iMCI+PC90ZD4KICAgIDwvdHI+CiAgICA8dHI+CiAgICAgIDx0ZCBoZWlnaHQ9IjIzIiB2YWxpZ249InRvcCI+PGZvbnQgc2l6ZT0iMiI+5YWJ6Kem5aqS44Gn5by35Yqb5raI6Iet77yB5oqX6I+M5oCn5oqc576k77yBPC9mb250PjwvdGQ+CiAgICAgIDx0ZCB2YWxpZ249InRvcCI+PGZvbnQgc2l6ZT0iMiI+44OP44Kk44OR44O8TEVE44Gu5Zyn5YCS55qE5piO44KL44GV77yBPC9mb250PjwvdGQ+CiAgICA8L3RyPgogICAgPHRyPgogICAgICA8dGQ+PGltZyBzcmM9Imh0dHA6Ly9pbWFnZS5yYWt1dGVuLmNvLmpwL2Nwcy1tbS9jYWJpbmV0L2J1bm5lci9ibnIzNzAtYnJhaG1zLmdpZiIgYm9yZGVyPSIwIj48L3RkPgogICAgICA8dGQ+PGltZyBzcmM9Imh0dHA6Ly9pbWFnZS5yYWt1dGVuLmNvLmpwL2Nwcy1tbS9jYWJpbmV0L2J1bm5lci9ibnIzNzAtaGFzZXByby5naWYiIGJvcmRlcj0iMCI+PC90ZD4KICAgIDwvdHI+CiAgICA8dHI+CiAgICAgIDx0ZCBoZWlnaHQ9IjIzIiB2YWxpZ249InRvcCI+PGZvbnQgc2l6ZT0iMiI+552A5pu/44GI44O75Luu55yg44O76Ziy54qv44O76LuK5Lit5rOK44O75pat54ax44Go55So6YCU44Gv6Imy44CF4pmqPC9mb250PjwvdGQ+CiAgICAgIDx0ZCB2YWxpZ249InRvcCI+PGZvbnQgc2l6ZT0iMiI+44Op44Oq44O85LuV5qeY44Gu44OP44Oz44OJ44Or44Kr44OQ44O84pmqPC9mb250PjwvdGQ+CiAgICA8L3RyPgogICAgPHRyPgogICAgICA8dGQ+PGltZyBzcmM9Imh0dHA6Ly9pbWFnZS5yYWt1dGVuLmNvLmpwL2Nwcy1tbS9jYWJpbmV0L2J1bm5lci9ibnIzNzAtbXVnZW4uZ2lmIiBib3JkZXI9IjAiPjwvdGQ+CiAgICAgIDx0ZD48aW1nIHNyYz0iaHR0cDovL2ltYWdlLnJha3V0ZW4uY28uanAvY3BzLW1tL2NhYmluZXQvYnVubmVyL2JucjM3MC1uaXNtby5naWYiIGJvcmRlcj0iMCI+PC90ZD4KICAgIDwvdHI+CiAgICA8dHI+CiAgICAgIDx0ZCBoZWlnaHQ9IjIzIiBhbGlnbj0iY2VudGVyIiB2YWxpZ249InRvcCI+PGZvbnQgc2l6ZT0iMiI+44Ob44Oz44OA6LuK44Kq44O844OK44O844GvTVVHRU48L2ZvbnQ+PC90ZD4KICAgICAgPHRkIGFsaWduPSJjZW50ZXIiIHZhbGlnbj0idG9wIj48Zm9udCBzaXplPSIyIj7jg4vjg4PjgrXjg7Pou4rjgqrjg7zjg4rjg7zjga/jg4vjgrnjg6I8L2ZvbnQ+PC90ZD4KICAgIDwvdHI+CiAgICA8dHI+CiAgICAgIDx0ZD48aW1nIHNyYz0iaHR0cDovL2ltYWdlLnJha3V0ZW4uY28uanAvY3BzLW1tL2NhYmluZXQvYnVubmVyL2JucjM3MC1rZWVwZXIuZ2lmIiBib3JkZXI9IjAiPjwvdGQ+CiAgICAgIDx0ZD48aW1nIHNyYz0iaHR0cDovL2ltYWdlLnJha3V0ZW4uY28uanAvY3BzLW1tL2NhYmluZXQvYnVubmVyL2JucjM3MC1zazIwMTcuZ2lmIiBib3JkZXI9IjAiPjwvdGQ+CiAgICA8L3RyPgogICAgPHRyPgogICAgICA8dGQgaGVpZ2h0PSIyMyIgdmFsaWduPSJ0b3AiPjxmb250IHNpemU9IjIiPui6q+S9k+OCgua0l+OBiOOCi+OBu+OBqeOBrualteS4iue+iuavmzwvZm9udD48L3RkPgogICAgICA8dGQgdmFsaWduPSJ0b3AiPjxmb250IHNpemU9IjIiPuOCs+OCs+ODreOBiuOBqeOCi+W3peWFt+OCu+ODg+ODiOOCu+ODvOODqzwvZm9udD48L3RkPgogICAgPC90cj4KPHRyPgogICAgICA8dGQ+PGltZyBzcmM9Imh0dHA6Ly9pbWFnZS5yYWt1dGVuLmNvLmpwL2Nwcy1tbS9jYWJpbmV0L2J1bm5lci9ibnIzNzAtamV0bWF4LmdpZiIgYm9yZGVyPSIwIj48L3RkPgogICAgICA8dGQ+PGltZyBzcmM9Imh0dHA6Ly9pbWFnZS5yYWt1dGVuLmNvLmpwL2Nwcy1tbS9jYWJpbmV0L2J1bm5lci9ibnIzNzAtc2llY2xlLmdpZiIgYm9yZGVyPSIwIj48L3RkPgogICAgPC90cj4KICAgIDx0cj4KICAgICAgPHRkIGhlaWdodD0iMjMiIHZhbGlnbj0idG9wIj48Zm9udCBzaXplPSIyIj7jgqjjgqLjgrPjg7Pjga7oh63jgYTjga/lhYPjgYvjgok8L2ZvbnQ+PC90ZD4KICAgICAgPHRkIHZhbGlnbj0idG9wIj48Zm9udCBzaXplPSIyIj7jg6zjgrnjg53jg7Pjgrnjg6rjg7PjgrDjgYzotoXkvY7pgJ/ln5/jgpLlpInjgYjjgovvvIE8L2ZvbnQ+PC90ZD4KICAgIDwvdHI+CiAgICA8dHI+CiAgICAgIDx0ZD48aW1nIHNyYz0iaHR0cDovL2ltYWdlLnJha3V0ZW4uY28uanAvY3BzLW1tL2NhYmluZXQvYnVubmVyL2JucjM3MC1vcmlnaW5hbGdvb2RzLmdpZiIgYm9yZGVyPSIwIj48L3RkPgogICAgICA8dGQ+PGltZyBzcmM9Imh0dHA6Ly9pbWFnZS5yYWt1dGVuLmNvLmpwL2Nwcy1tbS9jYWJpbmV0L2J1bm5lci9ibnIzNzAtY2xlYW5maWx0ZXIuZ2lmIiBib3JkZXI9IjAiPjwvdGQ+CiAgICA8L3RyPgogICAgPHRyPgogICAgICA8dGQgaGVpZ2h0PSIyMyIgdmFsaWduPSJ0b3AiPjxmb250IHNpemU9IjIiPuODl+ODrOOCvOODs+ODiOOBq+OCguacgOmBqeKZqjwvZm9udD48L3RkPgogICAgICA8dGQgdmFsaWduPSJ0b3AiPjxmb250IHNpemU9IjIiPuaOkuawl+OCrOOCueODu+iKseeyieOCkuWPlumZpOOBjei7iuWGheOCkue2uum6l+OBquepuuawl+OBqzwvZm9udD48L3RkPgogICAgPC90cj4KICAgIDx0cj4KICAgICAgPHRkPjxpbWcgc3JjPSJodHRwOi8vaW1hZ2UucmFrdXRlbi5jby5qcC9jcHMtbW0vY2FiaW5ldC9idW5uZXIvYm5yMzcwLXlhbS5naWYiIGJvcmRlcj0iMCI+PC90ZD4KICAgICAgPHRkPjxpbWcgc3JjPSJodHRwOi8vaW1hZ2UucmFrdXRlbi5jby5qcC9jcHMtbW0vY2FiaW5ldC9idW5uZXIvYm5yMzcwLXRpcmVtZW50LmdpZiIgYm9yZGVyPSIwIj48L3RkPgogICAgPC90cj4KICAgIDx0cj4KICAgICAgPHRkIGhlaWdodD0iMjMiIHZhbGlnbj0idG9wIj48Zm9udCBzaXplPSIyIj7jg4njgqLjgqvjg4Pjg5fpg6jliIbjga/jgZrjgaPjgajntrrpupfjgarjgb7jgb48L2ZvbnQ+PC90ZD4KICAgICAgPHRkIHZhbGlnbj0idG9wIj48Zm9udCBzaXplPSIyIj7lronlhajjga/otrPlhYPjgYvjgonimao8L2ZvbnQ+PC90ZD4KICAgIDwvdHI+Cjx0cj4KICAgICAgPHRkIGNvbHNwYW49IjIiPjxpbWcgc3JjPSJodHRwOi8vaW1hZ2UucmFrdXRlbi5jby5qcC9jcHMtbW0vY2FiaW5ldC9idW5uZXIvbWFpbC1iaW4uZ2lmIiBib3JkZXI9IjAiPjwvdGQ+CiAgICA8L3RyPgogIDwvdGJvZHk+CjwvdGFibGU+,SEtCIEw5NzIgTUZKLTE4MDAwIOODnuODq+ODgeODleOCoeODs+OCr+OCt+ODp+ODs+OCuOODo+ODs+ODl+OCueOCv+ODvOOCv+ODvCAxODAwMG1BaCDlpKflrrnph4/vvJpDYXIgUGFydHMgU2hvcCBNTQ==,44Ob44Kk44O844Or44OQ44OD44OG44Oq44O85YWF6Zu75Zmo44Kr44O855So5ZOB44Kq44O844OH44Kj44Kq44K544OU44O844Kr44O844Kq44Kk44Or44OK44OT44Ky44O844K344On44Oz44OX44Op44Kw44OB44Kn44O844OzZXRj44OP44O844ON44K55Y+W5LuY6YeR5YW35Zyw44OH44K444OJ44Op44Kk44OW44Os44Kz44O844OA44O8VFJE5bel5YW344OE44O844Or44K744OD44OI44Kq44O844OI44Ko44Kw44K8TVVHRU5OSVNNT0hLQiBMOTcyIE1GSi0xODAwMCDjg57jg6vjg4Hjg5XjgqHjg7Pjgq/jgrfjg6fjg7Pjgrjjg6Pjg7Pjg5fjgrnjgr/jg7zjgr/jg7wgMTgwMDBtQWgg5aSn5a656YeP,5L+d6K235Zue6Lev44Oc44OD44Kv44K55LuY44GN44CCSEtCIEw5NzIgTUZKLTE4MDAwIOODnuODq+ODgeODleOCoeODs+OCr+OCt+ODp+ODs+OCuOODo+ODs+ODl+OCueOCv+ODvOOCv+ODvCAxODAwMG1BaCDlpKflrrnph48=[rn]
3-47093,aHR0cDovL3RzaG9wLnIxMHMuanAvYWtpYmFtYWMvY2FiaW5ldC8wMzg3ODIxMS80NTMxNDY1MDI4NDE1LmpwZz9maXRpbj03MDA6NzAw,NjAwOC4wMDAw,,44K544Oe44O844OI44OV44Kp44Oz44O744K/44OW44Os44OD44OIID4g44OQ44OD44OG44Oq44O844O75YWF6Zu75ZmoID4g44Oi44OQ44Kk44Or44OQ44OD44OG44Oq44O8,44CQ6YCB5paZ54Sh5paZ44CR44Op44OH44Kj44Km44K5KFJBRElVUykgaVBhZC9pUGhvbmUvaVBvZOWvvuW/nCDlpKflrrnph4/jg5Djg4Pjg4bjg6rjg7wgNDQwMG1BaCBQQS1ETDIxMVcgKFBBREwyMTFXKQ==,,PGJyPjx0YWJsZSBib3JkZXI9IjAiIGNlbGxwYWRkaW5nPSIwIiBjZWxsc3BhY2luZz0iMCIgd2lkdGg9IjcxMCIgc3R5bGU9ImxpbmUtaGVpZ2h0OjE0MCU7Ij48dHI+PHRkPjxmb250IHNpemU9IjIiPuOAlGlQYWTvvI9pUGhvbmXvvI9pUG9k5a++5b+c77ya44Oi44OQ44Kk44Or44OQ44OD44OG44Oq44O844CVaVBhZO+8j2lQaG9uZe+8j2lQb2Tlr77lv5zjgIHmgKXpgJ/lhYXpm7vlj6/og73jgarlpKflrrnph4/jg5Djg4Pjg4bjg6rjg7zjgILjg5Djg4Pjg4bjg6rjg7zjgbjjga7lhYXpm7vjgrnjg5Tjg7zjg4njgYzml6njgY/jgIFpUGhvbmXjgoRpUG9kIHRvdWNoIDLlm57liIbjga7lhYXpm7vjgYzlh7rmnaXjgovlpKflrrnph4/jg5Djg4Pjg4bjg6rjg7zjgILjgrPjg7Pjgrvjg7Pjg4jjgavnuYvjgZLjgbDmnKzmqZ/jgajmjqXntprmqZ/lmajjga7kuKHmlrnjgYzlhYXpm7vlh7rmnaXjgovvvIHilqAgMi4xQeWHuuWKm+WvvuW/nOOBp2lQYWTjgpLlhYXpm7vilqAgaVBob25l44CBaVBvZCB0b3VjaOOBjOe0hDLlm57liIbjga7lhYXpm7vjgYzlj6/og73igLsg44GU5L2/55So55Kw5aKD44Gr44KI44KK5YWF6Zu75Yq5546H44Gv5aSJ44KP44KK44G+44GZ44CC4pagIOa1t+WkluaXheihjOWFiOOBp+OBruWIqeeUqOOBq+mBqeOBl+OBn+OAgTEwMO+9njI0MFbjga7jg6bjg4vjg5Djg7zjgrXjg6vlhYXpm7vlr77lv5zigLsg5rih6Iiq5YWI44Gr44KI44Gj44Gm44Gv5Yil6YCU44OX44Op44Kw5aSJ5o+b44Ki44OA44OX44K/44O844GM5b+F6KaB44Gr44Gq44KK44G+44GZ44CC44CQ5a++5b+c5qmf56iu44CR44O7aVBvZCB0b3VjaO+8j2lQb2QgbmFub+KAuyBpUG9kIGNsYXNzaWPjga8yMDA55bm044Oi44OH44Or44Gu44G/5a++5b+c44Gn44GZ44CC44O7aVBob25lIDRT77yPaVBob25lIDTvvI9pUGhvbmUgM0dT77yPaVBob25lIDNH77yPaVBob25l44O7aVBhZO+8j2lQYWQy77yPaVBhZCDnrKwz5LiW5LujPGJyPjxicj48L2ZvbnQ+PC90ZD48L3RyPjwvdGFibGU+PHN0eWxlIHR5cGU9InRleHQvY3NzIj4KPCEtLQoucmFrdXRlbi1jYW1wIHsKCXdpZHRoOiA3MjVweDsKCWJvcmRlcjogMnB4IHNvbGlkICMzMzk5RkY7CglwYWRkaW5nLXRvcDogNXB4OwoJLW1vei1ib3JkZXItcmFkaXVzOjRweDsgLypGaXJlZm94Ki8KCS13ZWJraXQtYm9yZGVyLXJhZGl1czogNHB4OyAvKlNhZmFyaSxDaHJvbWUqLwoJYm9yZGVyLXJhZGl1czo0cHg7IC8qT3BlcmEsQ2hyb21lKi8KCW1hcmdpbjowIDEwcHggMTBweCAwOwp9CgovKiDkvqHmoLzjgavmnqDnt5rjgYzjgaTjgY8gKi8KdGFibGUjcmFrdXRlbkxpbWl0ZWRJZF9jYXJ0IHsKICAgIGJhY2tncm91bmQtY29sb3I6ICNmOGY4Zjg7CiAgICBib3JkZXI6IDFweCBzb2xpZCAjZGRkOwogICAgcGFkZGluZzogOHB4OwogICAgbWFyZ2luOiAxNnB4IDA7Cn0KCnNwYW4ucHJpY2UxIHsKICAgIGNvbG9yOiAjMzMzICFpbXBvcnRhbnQ7CiAgICBmb250LXdlaWdodDogYm9sZDsKICAgIGZvbnQtc2l6ZTogODAlICFpbXBvcnRhbnQ7CiAgICBsaW5lLWhlaWdodDogMzBweDsKICAgIGRpc3BsYXk6IGlubGluZS1ibG9jazsKICAgIG1hcmdpbi1yaWdodDogMTZweDsKfQoKLS0+Cjwvc3R5bGU+Cgo8IS0t44OQ44OK44O844Ko44Oq44KiLS0+Cgo8IS0t44CQ5raI44GZ44Gq77yB44CR4piF4piF4piFIGhlaWdodD0iMzgwIiDjgafoqK3lrprjgZfjgabjgY/jgaDjgZXjgYTjgILimIXimIXimIUtLT4KPCEtLeODkOODiuODvOOCqOODquOCouOBk+OBk+OBvuOBpy0tPgoKPCEtLealveWkqeOCreODo+ODs+ODmuODvOODsy0tPgoKPGgyIHN0eWxlPSJtYXJnaW46MjBweCAwIDEwcHggMDsiPjxpbWcgc3JjPSJodHRwOi8vd3d3LnJha3V0ZW4ubmUuanAvZ29sZC9ha2liYW1hYy9mcmFtZS9pbWFnZXMvcmFrdXRlbl90aXRsZTIuZ2lmIiBhbHQ9IualveWkqeW4guWgtOOBruOBiuW+l+OBquOCreODo+ODs+ODmuODvOODsyIgd2lkdGg9IjczMCIgaGVpZ2h0PSI0MiIgYm9yZGVyPSIwIj48L2gyPgo8ZGl2IGNsYXNzPSJyYWt1dGVuLWNhbXAiIHN0eWxlPSJtYXJnaW46MCAwIDAgMDsiPgoKCjwhLS3mpb3lpKnjgq3jg6Pjg7Pjg5rjg7zjg7NA44GT44GT44G+44GnLS0+,44CQ6YCB5paZ54Sh5paZ44CR44Op44OH44Kj44Km44K5KFJBRElVUykgaVBhZC9pUGhvbmUvaVBvZOWvvuW/nCDlpKflrrnph4/jg5Djg4Pjg4bjg6rjg7wgNDQwMG1BaCBQQS1ETDIxMVcgKFBBREwyMTFXKe+8muOCveODleODnuODg+ODl+OAgOODh+OCuOOCv+ODq+OCs+ODrOOCr+OCt+ODp+ODsw==,44K944OV44Oe44OD44OXIOODh+OCuOOCv+ODq+OCs+ODrOOCr+OCt+ODp+ODs1NvZm1hcCBEaWdpdGFsIENvbGxlY3Rpb27jg5Hjgr3jgrPjg7Pjgr/jg5bjg6zjg4Pjg4hQQ0hEROOCouOCu+ODs+ODluODquODkeODvOODhOODkeOCveOCs+ODs+ODkeODvOODhOODhuODrOODk+OCsuODvOODoOODluODq+ODvOODrOOCpOOCveODleODiERWROOCveODleODiOa2suaZtuODhuODrOODk+ODluODq+ODvOODrOOCpOODh+OCo+OCueOCr+ODrOOCs+ODvOODgOODvOODh+OCuOOCv+ODq+S4gOecvOODrOODleOCq+ODoeODqeODh+OCuOOCv+ODq+OCq+ODoeODqeWutumbu+aZguioiOS4reWPpOOAgOOCveODleODiOOCouOCpuODiOODrOODg+ODiOS4reWPpOODjuODvOODiOODkeOCveOCs+ODs+S4reWPpOODkeOCveOCs+ODs+OAkOmAgeaWmeeEoeaWmeOAkeODqeODh+OCo+OCpuOCuShSQURJVVMpIGlQYWQvaVBob25lL2lQb2Tlr77lv5wg5aSn5a656YeP44OQ44OD44OG44Oq44O8IDQ0MDBtQWggUEEtREwyMTFXIChQQURMMjExVyk=,44CQ6YCB5paZ54Sh5paZ44CR44Op44OH44Kj44Km44K5KFJBRElVUykgaVBhZC9pUGhvbmUvaVBvZOWvvuW/nCDlpKflrrnph4/jg5Djg4Pjg4bjg6rjg7wgNDQwMG1BaCBQQS1ETDIxMVcgKFBBREwyMTFXKQ==[rn]
3-47094,aHR0cDovL3RzaG9wLnIxMHMuanAvYWtpYmFtYWMvY2FiaW5ldC8wNTA1MDczOS80NTIyMzI3ODYyMzE1LmpwZz9maXRpbj03MDA6NzAw,MTYwMC4wMDAw,,44K544Oe44O844OI44OV44Kp44Oz44O744K/44OW44Os44OD44OIID4g44OQ44OD44OG44Oq44O844O75YWF6Zu75ZmoID4g44Oi44OQ44Kk44Or44OQ44OD44OG44Oq44O8,SEFNRUXjgrnjg57jg7zjg4jjg5Xjgqnjg7PnlKjvvLttaWNybyBVU0LvvL0gVVNC44Oi44OQ44Kk44Or44OQ44OD44OG44Oq44O8IO+8i21pY3JvIFVTQuOCseODvOODluODqyAzMi44Y20g77yIMjYwMG1BaOODu+OCt+ODq+ODkOODvO+8iSBESVZBSUQyNjAwV1BTVg==,,PHRhYmxlIGJvcmRlcj0iMCIgY2VsbHBhZGRpbmc9IjAiIGNlbGxzcGFjaW5nPSIwIiB3aWR0aD0iNzEwIiBzdHlsZT0ibGluZS1oZWlnaHQ6MTQwJTsiPjx0cj48dGQ+PGZvbnQgc2l6ZT0iMiI+44CU44K544Oe44O844OI44OV44Kp44Oz55So77y7bWljcm8gVVNC77yPVVNC57Wm6Zu777y977ya44Oi44OQ44Kk44Or44OQ44OD44OG44Oq44O877yIVVNC6JOE6Zu777yJ77yLbWljcm8gVVNC44Kx44O844OW44OrIOWFhembu+OAlTxicj5ESVZBSUQg6Ziy5rC044OQ44OD44OG44Oq44O8IDI2MDBtQWggSVA2Nua6luaLoOOAgeOCq+ODqeODk+ODiuS7mOOBjeOBjOS+v+WIqeOBp+S9v+OBiOOCi++8geOCueODhuOCo+ODg+OCr+WeiyDDlyDotoXou73ph48gw5cgTEVE44Op44Kk44OIIMOXIOmYsuawtCDjgajmrLLjgZfjgYTmqZ/og73jgYzmj4PjgaPjgZ/jg5Hjg7zjg5Xjgqfjgq/jg4jjgarku5XkuIrjgYzjgorjga7jg6Ljg5DjgqTjg6vjg5Djg4Pjg4bjg6rjg7zjgII8YnI+PGJyPuKWoCDjg4rjg5PjgIHjgqvjg6Hjg6njgIHpn7Pmpb3jgarjganjgIHph47lpJbjgafjga7kvb/nlKjjga/mnIDml6nlvZPjgZ/jgorliY3jga7jgrnjg57jg7zjg4jjg5Xjgqnjg7PjgILjg5Xjg6vmtLvnlKjjgZnjgovjgajpm7vmsaDjga7mtojogJfjgYzjgYLjgaPjgajjgYTjgYbplpPjga7jgrnjg57jg5vjgoLjgIHpmLLmsLTjg7vpmLLlobXjgavlhKrjgozjgZ/jgZPjga7lhYXpm7vlmajjgYzjgYLjgozjgbDjgoLjgYblpKfkuIjlpKvjgILpmLLmsLTopo/moLxJUDY244Gq44Gu44Gn44CB5rC06Zqb44KE56CC44Gu6Iie44GE5LiK44GM44KL44KI44GG44Gq5aC05omA44CB6Zuq44Gr44KC5by344GP44CB44Ki44Km44OI44OJ44Ki44K344O844Oz44Gn5rS76LqN44GZ44KL44GT44Go6ZaT6YGV44GE44Gq44GX44CC44Kr44Op44OT44OK5LuY44GN44Gq44Gu44Gn44CB6Z6E44KE44OZ44Or44OI44Or44O844OX44Gr552A44GR44Gm5rCX6Lu944Gr5oyB44Gh6YGL44G544G+44GZ44CCTEVE44Op44Kk44OI44KC44Gk44GE44Gm44GE44KL44Gu44Gn44CB5pqX44GE5aC05omA44CB6Laz5YWD44Gu5oKq44GE5aC05omA44KS54Wn44KJ44GZ5LqL44GM44Gn44GN44G+44GZ44CCPGJyPuKWoCDjganjgpPjgarloLTmiYDjgafjgoLmsJfou73jgavmjIHjgaHpgYvjgbnjgovpmLLmsLTjg7vpmLLlobXlhYXpm7vlmahESVZBSUTjgILjgoLjgaHjgo3jgpPjgIHlrrbjgoTogbfloLTjgarjganjgafjgoLjgYrkvb/jgYTjgYTjgZ/jgaDjgZHjgb7jgZnjgILjgrnjg6rjg6Djgarjgrnjg4bjgqPjg4Pjgq/jgr/jgqTjg5fjgarjga7jgafjgIHmjIHjgaHpgYvjgbbpmpvjgavjgYvjgZXjgbDjgovjgZPjgajjgYzjgYLjgorjgb7jgZvjgpPjgII8YnI+PGJyPuOAkOacrOS9k+OAkee0hOe4pjEzLjXDl+aoqjIuMsOX5Y6aMi4yY208YnI+44CQ44Kr44Op44OT44OK44CR57SE57imNC44w5fmqKoyLjdjbTxicj7jgJDpmLLmsLTmgKfog73jgJFKSVPkv53orbfnibnntJpJUDY255u45b2TPGJyPuOAkOmbu+axoOWuuemHj+OAkTI2MDBtQWgvMy43Vjxicj7jgJDpm7vmsaDpoZ7liKXjgJHjg6rjg4Hjgqbjg6DjgqTjgqrjg7Pjg5Djg4Pjg4bjg6rjg7w8YnI+44CQ5YWl5Yqb6Zu75Zyn44CRREMgNS4wVi8xQTxicj7jgJDlh7rlipvpm7vlnKfjgJFEQyA1LjBWLzFBPGJyPuOAkOWFhembu+acn+mWk+OAkee0hDPmmYLplpM8YnI+44CQTEVE44Op44Kk44OI44Gu5piO44KL44GV44CR57SENTDjg6vjg7zjg6Hjg7M8YnI+44CQTEVE6YCj57aa54K554Gv5pmC6ZaT44CR57SEMzDmmYLplpM8YnI+44CQ5Li757Sg5p2Q44CR5pys5L2T77ya44Ki44Or44Of44OL44Km44Og44CB44Kr44Op44OT44OK77ya44Ki44Or44Of44OL44Km44Og44CB44K544OB44O844OrPGJyPuOAkOmHjemHj+OAkee0hDkwZzxicj7jgJDku5jlsZ7lk4HjgJFVU0LjgrHjg7zjg5bjg6vvvIjntIQzMi44Y23vvInjgIHjgqvjg6njg5Pjg4rjgIHlj5bmibHoqqzmmI7mm7g8YnI+PGJyPuKAuyBtaWNybyBVU0Lku6XlpJbjga/jgIHliKXpgJRVU0LlhYXpm7vjgrHjg7zjg5bjg6vjgYzlv4XopoHjgafjgZnjgII8YnI+PGJyPjwvZm9udD48L3RkPjwvdHI+PC90YWJsZT48c3R5bGUgdHlwZT0idGV4dC9jc3MiPgo8IS0tCi5yYWt1dGVuLWNhbXAgewoJd2lkdGg6IDcyNXB4OwoJYm9yZGVyOiAycHggc29saWQgIzMzOTlGRjsKCXBhZGRpbmctdG9wOiA1cHg7CgktbW96LWJvcmRlci1yYWRpdXM6NHB4OyAvKkZpcmVmb3gqLwoJLXdlYmtpdC1ib3JkZXItcmFkaXVzOiA0cHg7IC8qU2FmYXJpLENocm9tZSovCglib3JkZXItcmFkaXVzOjRweDsgLypPcGVyYSxDaHJvbWUqLwoJbWFyZ2luOjAgMTBweCAxMHB4IDA7Cn0KCi8qIOS+oeagvOOBq+aeoOe3muOBjOOBpOOBjyAqLwp0YWJsZSNyYWt1dGVuTGltaXRlZElkX2NhcnQgewogICAgYmFja2dyb3VuZC1jb2xvcjogI2Y4ZjhmODsKICAgIGJvcmRlcjogMXB4IHNvbGlkICNkZGQ7CiAgICBwYWRkaW5nOiA4cHg7CiAgICBtYXJnaW46IDE2cHggMDsKfQoKc3Bhbi5wcmljZTEgewogICAgY29sb3I6ICMzMzMgIWltcG9ydGFudDsKICAgIGZvbnQtd2VpZ2h0OiBib2xkOwogICAgZm9udC1zaXplOiA4MCUgIWltcG9ydGFudDsKICAgIGxpbmUtaGVpZ2h0OiAzMHB4OwogICAgZGlzcGxheTogaW5saW5lLWJsb2NrOwogICAgbWFyZ2luLXJpZ2h0OiAxNnB4Owp9CgotLT4KPC9zdHlsZT4KCjwhLS3jg5Djg4rjg7zjgqjjg6rjgqItLT4KCjwhLS3jgJDmtojjgZnjgarvvIHjgJHimIXimIXimIUgaGVpZ2h0PSIzODAiIOOBp+ioreWumuOBl+OBpuOBj+OBoOOBleOBhOOAguKYheKYheKYhS0tPgo8IS0t44OQ44OK44O844Ko44Oq44Ki44GT44GT44G+44GnLS0+Cgo8IS0t5qW95aSp44Kt44Oj44Oz44Oa44O844OzLS0+Cgo8aDIgc3R5bGU9Im1hcmdpbjoyMHB4IDAgMTBweCAwOyI+PGltZyBzcmM9Imh0dHA6Ly93d3cucmFrdXRlbi5uZS5qcC9nb2xkL2FraWJhbWFjL2ZyYW1lL2ltYWdlcy9yYWt1dGVuX3RpdGxlMi5naWYiIGFsdD0i5qW95aSp5biC5aC044Gu44GK5b6X44Gq44Kt44Oj44Oz44Oa44O844OzIiB3aWR0aD0iNzMwIiBoZWlnaHQ9IjQyIiBib3JkZXI9IjAiPjwvaDI+CjxkaXYgY2xhc3M9InJha3V0ZW4tY2FtcCIgc3R5bGU9Im1hcmdpbjowIDAgMCAwOyI+CgoKPCEtLealveWkqeOCreODo+ODs+ODmuODvOODs0DjgZPjgZPjgb7jgactLT4=,SEFNRUXjgrnjg57jg7zjg4jjg5Xjgqnjg7PnlKjvvLttaWNybyBVU0LvvL0gVVNC44Oi44OQ44Kk44Or44OQ44OD44OG44Oq44O8IO+8i21pY3JvIFVTQuOCseODvOODluODqyAzMi44Y20g77yIMjYwMG1BaOODu+OCt+ODq+ODkOODvO+8iSBESVZBSUQyNjAwV1BTVu+8muOCveODleODnuODg+ODl+OAgOODh+OCuOOCv+ODq+OCs+ODrOOCr+OCt+ODp+ODsw==,44K944OV44Oe44OD44OXIOODh+OCuOOCv+ODq+OCs+ODrOOCr+OCt+ODp+ODs1NvZm1hcCBEaWdpdGFsIENvbGxlY3Rpb27jg5Hjgr3jgrPjg7Pjgr/jg5bjg6zjg4Pjg4hQQ0hEROOCouOCu+ODs+ODluODquODkeODvOODhOODkeOCveOCs+ODs+ODkeODvOODhOODhuODrOODk+OCsuODvOODoOODluODq+ODvOODrOOCpOOCveODleODiERWROOCveODleODiOa2suaZtuODhuODrOODk+ODluODq+ODvOODrOOCpOODh+OCo+OCueOCr+ODrOOCs+ODvOODgOODvOODh+OCuOOCv+ODq+S4gOecvOODrOODleOCq+ODoeODqeODh+OCuOOCv+ODq+OCq+ODoeODqeWutumbu+aZguioiOS4reWPpOOAgOOCveODleODiOOCouOCpuODiOODrOODg+ODiOS4reWPpOODjuODvOODiOODkeOCveOCs+ODs+S4reWPpOODkeOCveOCs+ODs0hBTUVF44K544Oe44O844OI44OV44Kp44Oz55So77y7bWljcm8gVVNC77y9IFVTQuODouODkOOCpOODq+ODkOODg+ODhuODquODvCDvvIttaWNybyBVU0LjgrHjg7zjg5bjg6sgMzIuOGNtIO+8iDI2MDBtQWjjg7vjgrfjg6vjg5Djg7zvvIkgRElWQUlEMjYwMFdQU1Y=,SEFNRUXjgrnjg57jg7zjg4jjg5Xjgqnjg7PnlKjvvLttaWNybyBVU0LvvL0gVVNC44Oi44OQ44Kk44Or44OQ44OD44OG44Oq44O8IO+8i21pY3JvIFVTQuOCseODvOODluODqyAzMi44Y20g77yIMjYwMG1BaOODu+OCt+ODq+ODkOODvO+8iSBESVZBSUQyNjAwV1BTVg==[rn]
3-47095,aHR0cDovL3RzaG9wLnIxMHMuanAvYWtpYmFtYWMvY2FiaW5ldC8wNDc3MTI1My80OTAyNTgwNzUzODg3LmpwZz9maXRpbj03MDA6NzAw,MTI5MS4yMDAw,,44K544Oe44O844OI44OV44Kp44Oz44O744K/44OW44Os44OD44OIID4g44OQ44OD44OG44Oq44O844O75YWF6Zu75ZmoID4g44Oi44OQ44Kk44Or44OQ44OD44OG44Oq44O8,5pel56uL44Oe44Kv44K744Or44K544Oe44O844OI44OV44Kp44Oz55So77y7bWljcm8gVVNC77yPVVNC57Wm6Zu777y9IFVTQuODouODkOOCpOODq+ODkOODg+ODhuODquODvCDvvIttaWNybyBVU0LjgrHjg7zjg5bjg6sgMjBjbSDvvIgyNjAwbUFo44O744OU44Oz44Kv77yJIE1QQy1DMjYwMFBLIChNUENDMjYwMFBLKQ==,,PHRhYmxlIGJvcmRlcj0iMCIgY2VsbHBhZGRpbmc9IjAiIGNlbGxzcGFjaW5nPSIwIiB3aWR0aD0iNzEwIiBzdHlsZT0ibGluZS1oZWlnaHQ6MTQwJTsiPjx0cj48dGQ+PGZvbnQgc2l6ZT0iMiI+44CU44K544Oe44O844OI44OV44Kp44Oz55So77y7bWljcm8gVVNC77yPVVNC57Wm6Zu777y977ya44Oi44OQ44Kk44Or44OQ44OD44OG44Oq44O877yIVVNC6JOE6Zu777yJ77yLbWljcm8gVVNC44Kx44O844OW44OrIOWFhembu+OAlTxicj7oloTjgY/jgabou73jgYTvvIHntIQx5Zue44K544Oe44O844OI44OV44Kp44Oz44GM5YWF6Zu744Gn44GN44KL44CCPGJyPjxicj7ilqAg44K544Oe44O844OI44OV44Kp44Oz44GMMeWbnuWFhembu+OBp+OBjeOCizxicj7igLsgaVBob25lIDbjgpLln7rmupbjgajjgZfjgabjgYrjgorjgb7jgZnjgILvvIjpm7vmupBPRkbnirbmhYvvvIk8YnI+4pagIOS/oemgvOOBruODnuOCr+OCu+ODq+ijvembu+axoOWGheiUtTxicj7ilqAg5q6L6YeP44OB44Kn44OD44KvNOautemajuOAgTTlgIvjga7lrrnph4/norroqo3nlKhMRUTmkK3ovIk8YnI+4pagIOaJi+OBq+OCueODg+OCreODquOBquOBmOOCgOOCueODquODoOOBquODh+OCtuOCpOODszxicj7ilqAg6JaE44GP44Gm6Lu944GE44Gu44Gn44CB5oyB44Gh6YGL44Gz44Gr5L6/5YipPGJyPuKWoCBVU0Lnq6/lrZDjgYvjgonjgY/jgorov5TjgZfntIQxMDAw5Zue44Gu5YWF6Zu744GM5Y+v6IO9PGJyPuKAuyDjg6Hjg7zjgqvjg7zoqabpqJPntZDmnpzjgavln7rjgaXjgY/nm67lronjgafjgZnjgII8YnI+4pagIOacrOS9k+WQjOiJsuOBruOCq+ODqeODvOWFhembu+eUqOOCseODvOODluODq+OCkuaOoeeUqDxicj48YnI+44CQ5a656YeP44CR57SEMjYwMG1BaDxicj7jgJDlpJblvaLlr7jms5XjgJHluYU2MsOX6auY44GVOTjDl+WOmuOBvzEwbW3vvIjnqoHotbfpg6jjgpLpmaTjgY/vvIk8YnI+44CQ5YWl5Yqb44O75Ye65Yqb56uv5a2Q44CR5YWl5YqbL+WHuuWKm++8mk1pY3JvVVNCL1VTQjxicj7jgJDlhaXlipvpm7vlnKcv6Zu75rWB44CR5YWl5Yqb77yaREM1Vi/mnIDlpKcwLjhBPGJyPuOAkOWHuuWKm+mbu+Wcpy/pm7vmtYHjgJHlh7rlipvvvJpEQzVWL+acgOWkpzEuMEE8YnI+44CQ5pys5L2T6LOq6YeP44CR57SEODBnPGJyPuOAkOWFhembu+aZgumWk+OAkee0hDPmmYLplpPvvIgw772eODDvvIUp44CB57SENeaZgumWk++8iDDvvZ4xMDDvvIUp44Gf44Gg44GX44CB5Ye65YqbREM1Vi8wLjhB5Lul5LiK44GuVVNCLUFD44Ki44OA44OX44K/44KS5L2/55So44GX44Gf5aC05ZCIIOKAu+ODoeODvOOCq+ODvOippumok+e1kOaenOOBq+WfuuOBpeOBj+ebruWuieOBp+OBmeOAgjxicj7jgJDlkIzmorHlk4HjgJHlhYXpm7vnlKjjgrHvvbDjg5bjg6vntIQyMGNtw5cx5pysKFVTQi1NaWNyb1VTQikg4oC75YWF6Zu75bCC55So44Gn44GZ44CC6YCa5L+h44Gv44Gn44GN44G+44Gb44KT44CC5Y+W5omx6Kqs5piO5pu477yI5L+d6Ki85pu45LuY77yJPGJyPjxicj7igLsgbWljcm8gVVNC5Lul5aSW44Gv44CB5Yil6YCUVVNC5YWF6Zu744Kx44O844OW44Or44GM5b+F6KaB44Gn44GZ44CCPGJyPjxicj48L2ZvbnQ+PC90ZD48L3RyPjwvdGFibGU+PHRhYmxlIGNlbGxzcGFjaW5nPSIwIiBjZWxscGFkZGluZz0iNCIgYm9yZGVyPSIxIiB3aWR0aD0iNzEwIiBib3JkZXJjb2xvcj0iI2NjY2NjYyI+PHRyPjx0ZCB3aWR0aD0iMTgwIiBiZ2NvbG9yPSIjZWZlZmVmIj48Zm9udCBzaXplPSIyIj7kuLvjgarlr77lv5zmqZ/nqK48L2ZvbnQ+PC90ZD48dGQgd2lkdGg9IjUzMCI+PGZvbnQgc2l6ZT0iMiI+44K544Oe44O844OI44OV44Kp44Oz44CA4oC7bWljcm8gVVNC5Lul5aSW44Gv44CB5Yil6YCUVVNC5YWF6Zu744Kx44O844OW44Or44GM5b+F6KaB44Gn44GZ44CC4oC75a++5b+c5qmf56iu44Gv44Oh44O844Kr44O844Ob44O844Og44Oa44O844K444KS44GU56K66KqN44GP44Gg44GV44GE44CCPC9mb250PjwvdGQ+PC90cj48dHI+PHRkIHdpZHRoPSIxODAiIGJnY29sb3I9IiNlZmVmZWYiPjxmb250IHNpemU9IjIiPuaOpee2muerr+WtkDwvZm9udD48L3RkPjx0ZCB3aWR0aD0iNTMwIj48Zm9udCBzaXplPSIyIj5taWNybyBVU0LvvI9VU0Lntabpm7s8L2ZvbnQ+PC90ZD48L3RyPjx0cj48dGQgd2lkdGg9IjE4MCIgYmdjb2xvcj0iI2VmZWZlZiI+PGZvbnQgc2l6ZT0iMiI+44Kx44O844OW44Or6ZW3PC9mb250PjwvdGQ+PHRkIHdpZHRoPSI1MzAiPjxmb250IHNpemU9IjIiPm1pY3JvIFVTQuOCseODvOODluODq++8mjAuMjBtPC9mb250PjwvdGQ+PC90cj48dHI+PHRkIHdpZHRoPSIxODAiIGJnY29sb3I9IiNlZmVmZWYiPjxmb250IHNpemU9IjIiPuiJsjwvZm9udD48L3RkPjx0ZCB3aWR0aD0iNTMwIj48Zm9udCBzaXplPSIyIj7jg5Tjg7Pjgq/ns7s8L2ZvbnQ+PC90ZD48L3RyPjwvdGFibGU+PHN0eWxlIHR5cGU9InRleHQvY3NzIj4KPCEtLQoucmFrdXRlbi1jYW1wIHsKCXdpZHRoOiA3MjVweDsKCWJvcmRlcjogMnB4IHNvbGlkICMzMzk5RkY7CglwYWRkaW5nLXRvcDogNXB4OwoJLW1vei1ib3JkZXItcmFkaXVzOjRweDsgLypGaXJlZm94Ki8KCS13ZWJraXQtYm9yZGVyLXJhZGl1czogNHB4OyAvKlNhZmFyaSxDaHJvbWUqLwoJYm9yZGVyLXJhZGl1czo0cHg7IC8qT3BlcmEsQ2hyb21lKi8KCW1hcmdpbjowIDEwcHggMTBweCAwOwp9CgovKiDkvqHmoLzjgavmnqDnt5rjgYzjgaTjgY8gKi8KdGFibGUjcmFrdXRlbkxpbWl0ZWRJZF9jYXJ0IHsKICAgIGJhY2tncm91bmQtY29sb3I6ICNmOGY4Zjg7CiAgICBib3JkZXI6IDFweCBzb2xpZCAjZGRkOwogICAgcGFkZGluZzogOHB4OwogICAgbWFyZ2luOiAxNnB4IDA7Cn0KCnNwYW4ucHJpY2UxIHsKICAgIGNvbG9yOiAjMzMzICFpbXBvcnRhbnQ7CiAgICBmb250LXdlaWdodDogYm9sZDsKICAgIGZvbnQtc2l6ZTogODAlICFpbXBvcnRhbnQ7CiAgICBsaW5lLWhlaWdodDogMzBweDsKICAgIGRpc3BsYXk6IGlubGluZS1ibG9jazsKICAgIG1hcmdpbi1yaWdodDogMTZweDsKfQoKLS0+Cjwvc3R5bGU+Cgo8IS0t44OQ44OK44O844Ko44Oq44KiLS0+Cgo8IS0t44CQ5raI44GZ44Gq77yB44CR4piF4piF4piFIGhlaWdodD0iMzgwIiDjgafoqK3lrprjgZfjgabjgY/jgaDjgZXjgYTjgILimIXimIXimIUtLT4KPCEtLeODkOODiuODvOOCqOODquOCouOBk+OBk+OBvuOBpy0tPgoKPCEtLealveWkqeOCreODo+ODs+ODmuODvOODsy0tPgoKPGgyIHN0eWxlPSJtYXJnaW46MjBweCAwIDEwcHggMDsiPjxpbWcgc3JjPSJodHRwOi8vd3d3LnJha3V0ZW4ubmUuanAvZ29sZC9ha2liYW1hYy9mcmFtZS9pbWFnZXMvcmFrdXRlbl90aXRsZTIuZ2lmIiBhbHQ9IualveWkqeW4guWgtOOBruOBiuW+l+OBquOCreODo+ODs+ODmuODvOODsyIgd2lkdGg9IjczMCIgaGVpZ2h0PSI0MiIgYm9yZGVyPSIwIj48L2gyPgo8ZGl2IGNsYXNzPSJyYWt1dGVuLWNhbXAiIHN0eWxlPSJtYXJnaW46MCAwIDAgMDsiPgoKCjwhLS3mpb3lpKnjgq3jg6Pjg7Pjg5rjg7zjg7NA44GT44GT44G+44GnLS0+,5pel56uL44Oe44Kv44K744Or44K544Oe44O844OI44OV44Kp44Oz55So77y7bWljcm8gVVNC77yPVVNC57Wm6Zu777y9IFVTQuODouODkOOCpOODq+ODkOODg+ODhuODquODvCDvvIttaWNybyBVU0LjgrHjg7zjg5bjg6sgMjBjbSDvvIgyNjAwbUFo44O744OU44Oz44Kv77yJIE1QQy1DMjYwMFBLIChNUENDMjYwMFBLKe+8muOCveODleODnuODg+ODl+OAgOODh+OCuOOCv+ODq+OCs+ODrOOCr+OCt+ODp+ODsw==,44K944OV44Oe44OD44OXIOODh+OCuOOCv+ODq+OCs+ODrOOCr+OCt+ODp+ODs1NvZm1hcCBEaWdpdGFsIENvbGxlY3Rpb27jg5Hjgr3jgrPjg7Pjgr/jg5bjg6zjg4Pjg4hQQ0hEROOCouOCu+ODs+ODluODquODkeODvOODhOODkeOCveOCs+ODs+ODkeODvOODhOODhuODrOODk+OCsuODvOODoOODluODq+ODvOODrOOCpOOCveODleODiERWROOCveODleODiOa2suaZtuODhuODrOODk+ODluODq+ODvOODrOOCpOODh+OCo+OCueOCr+ODrOOCs+ODvOODgOODvOODh+OCuOOCv+ODq+S4gOecvOODrOODleOCq+ODoeODqeODh+OCuOOCv+ODq+OCq+ODoeODqeWutumbu+aZguioiOS4reWPpOOAgOOCveODleODiOOCouOCpuODiOODrOODg+ODiOS4reWPpOODjuODvOODiOODkeOCveOCs+ODs+S4reWPpOODkeOCveOCs+ODs+aXpeeri+ODnuOCr+OCu+ODq+OCueODnuODvOODiOODleOCqeODs+eUqO+8u21pY3JvIFVTQu+8j1VTQue1pumbu++8vSBVU0Ljg6Ljg5DjgqTjg6vjg5Djg4Pjg4bjg6rjg7wg77yLbWljcm8gVVNC44Kx44O844OW44OrIDIwY20g77yIMjYwMG1BaOODu+ODlOODs+OCr++8iSBNUEMtQzI2MDBQSyAoTVBDQzI2MDBQSyk=,5pel56uL44Oe44Kv44K744Or44K544Oe44O844OI44OV44Kp44Oz55So77y7bWljcm8gVVNC77yPVVNC57Wm6Zu777y9IFVTQuODouODkOOCpOODq+ODkOODg+ODhuODquODvCDvvIttaWNybyBVU0LjgrHjg7zjg5bjg6sgMjBjbSDvvIgyNjAwbUFo44O744OU44Oz44Kv77yJIE1QQy1DMjYwMFBLIChNUENDMjYwMFBLKQ==[rn]
3-47096,aHR0cDovL3RzaG9wLnIxMHMuanAvYWtpYmFtYWMvY2FiaW5ldC8wNTA1MDczOS80NzE1MDAwMDEyOTEwLmpwZz9maXRpbj03MDA6NzAw,MTkwOTYuODAwMA==,,44K544Oe44O844OI44OV44Kp44Oz44O744K/44OW44Os44OD44OIID4g44OQ44OD44OG44Oq44O844O75YWF6Zu75ZmoID4g44Oi44OQ44Kk44Or44OQ44OD44OG44Oq44O8,44CQ6YCB5paZ54Sh5paZ44CR44Oq44Oz44Kv44K544Kk44Oz44K/44O844OK44K344On44OK44OrQUPjgrPjg7Pjgrvjg7Pjg4jku5jlpKflrrnph4/jg6Ljg5DjgqTjg6vjg5Djg4Pjg4bjg6rjg7wgZW5lcnBhZCBBQy0yNEsg44OW44Op44OD44KvIChBQzI0S0JMQUNLKQ==,,PHRhYmxlIGJvcmRlcj0iMCIgY2VsbHBhZGRpbmc9IjAiIGNlbGxzcGFjaW5nPSIwIiB3aWR0aD0iNzEwIiBzdHlsZT0ibGluZS1oZWlnaHQ6MTQwJTsiPjx0cj48dGQ+PGZvbnQgc2l6ZT0iMiI+4pagQUPjgrPjg7Pjgrvjg7Pjg4jjgpLlgpnjgYjjgZ/lpKflrrnph48yNDAwMG1BaOODouODkOOCpOODq+ODkOODg+ODhuODquODvDxicj5lbmVycGFk44Gv44CBQUPjgrPjg7Pjgrvjg7Pjg4jjgpLlgpnjgYjjgZ/lpKflrrnph48yNDAwMG1BaOODouODkOOCpOODq+ODkOODg+ODhuODquODvOOBp+OBmeOAgumrmOWTgeizquOBp+S/oemgvOaAp+OBrumrmOOBhFNBTllP6KO9IE5DUjE4NjUw44Oq44OB44Km44Og44Kk44Kq44Oz44OQ44OD44OG44Oq44O844KS5o6h55So44CBQUPjg53jg7zjg4jDlzHjgahVU0Ljg53jg7zjg4jDlzLjgpLlgpnjgYjjgIFBQ+acgOWkp+WHuuWKmzg1V+OAgUFD57aZ57aa5Ye65YqbNjVX44Gu6auY5Ye65Yqb5LuV5qeY44CBVVNC44Gv5pyA5aSnMi40QeOBruaApemAn+WFhembu+OBq+WvvuW/nOOBl+OBpuOBhOOBvuOBmeOAgkFD44Od44O844OI44GoVVNC44Od44O844OI44Gu5ZCM5pmC5Ye65Yqb44KC5Y+v6IO944Gn44CB6KSH5pWw5Y+w44Gu5qmf5Zmo44G45ZCM5pmC44Gr5L6b57Wm44CB5YWF6Zu744GM5Y+v6IO944Gn44GZ44CC5LiA6Iis55qE44Gq44K544Oe44Ob44KE44K/44OW44Os44OD44OI44CB5ZCE56iu44Oi44OQ44Kk44Or5qmf5Zmo44Gg44GR44Gn44Gq44GP44CB44OO44O844OI44OR44K944Kz44Oz44CB44K544OU44O844Kr44O844CB5ray5pm244Oi44OL44K/44CB44OH44K444K/44Or44Kr44Oh44Op44Gq44Gp44CB44OT44K444ON44K544GL44KJ44Ki44Km44OI44OJ44Ki44G+44Gn5bmF5bqD44GE44K344O844Oz44Gn44GU5Yip55So44GE44Gf44Gg44GR44G+44GZ44CC44Ob44Ov44Kk44OI44CB44OW44Op44OD44Kv44Gu6YG444G544KLMuOCq+ODqeODvOOCkuODqeOCpOODs+OCouODg+ODl+OBl+OBpuOBhOOBvuOBmeOAgjxicj48YnI+4pagQUPmnIDlpKflh7rlips4NVfjgIFBQ+e2mee2muWHuuWKmzY1V+OBrumrmOWHuuWKm+S7leanmDxicj5BQ+ODneODvOODiOWIqeeUqOaZguOBruacgOWkp+WHuuWKm+OBrzg1V+OAgee2mee2muWHuuWKm+OBrzY1V+OBp+e0hDHmmYLplpPvvZ7ntIQxLjXmmYLplpPjga7pgKPntprnqLzlg43jgYzlj6/og73jgafjgZnjgII8YnI+PGJyPuKWoOaApemAn+WFhembu+OBq+WvvuW/nOOBl+OBn1VTQuWHuuWKm+ODneODvOODiMOXMuaQrei8iTxicj5VU0Llh7rlipvjg53jg7zjg4jjgpIy44Gk5pCt6LyJ44GX44Gm44GE44G+44GZ44CC5pyA5aSn44GnMi40QSgy44Od44O844OI5ZCI6KiIKeWHuuWKm+OBjOWPr+iDveOBp+OAgeOCueODnuODm+OChOOCv+ODluODrOODg+ODiOOBquOBqeOBruaApemAn+WFhembu+OBq+WvvuW/nOOBl+OBvuOBmeOAgjxicj48YnI+4pagU0FOWU/oo73jg6rjg4Hjgqbjg6DjgqTjgqrjg7Pjg5Djg4Pjg4bjg6rjg7xOQ1IxODY1MOaOoeeUqDxicj5BQy0yNEvjga7jg5Djg4Pjg4bjg6rjg7zjgrvjg6vjgavjga/jgIFTQU5ZT+ijveOBruODquODgeOCpuODoOOCpOOCquODs+ODkOODg+ODhuODquODvOOAjE5DUjE4NjUw44CN44KS5o6h55So44GX44Gm44GE44G+44GZ44CC6auY5ZOB6LOq44Gn5L+h6aC85oCn44Gu6auY44GE44OQ44OD44OG44Oq44O844K744Or44Gv44CB6ZW35pmC6ZaT44Gu56i85YON44Gr6ICQ44GI44CB5a6J5a6a44GX44Gf5Ye65Yqb44KS5a6f54++44GX44G+44GZ44CCPGJyPjxicj7ilqBBQ+ODneODvOODiOOBqFVTQuODneODvOODiOOBruWQjOaZguWHuuWKm+OBq+WvvuW/nDxicj5BQ+ODneODvOODiOOBqDLjgaTjga5VU0Ljg53jg7zjg4jjga/lkIzmmYLlh7rlipvjgavlr77lv5zjgZfjgabjgYTjgb7jgZnjgILjgb7jgZ/jgIHkuK3lpK7jga5BQ+WHuuWKm+OCueOCpOODg+ODgeOCkuWIh+OCiuabv+OBiOOCi+OBk+OBqOOBp+OAgUFD5Ye65Yqb44GuT04vT0ZG44KS5YiH44KK5pu/44GI44KL44GT44Go44GM5Y+v6IO944Gn44GZ44CCPGJyPjxicj7ilqDjg5Djg4Pjg4bjg6rjg7zmrovph4/jgYzliIbjgYvjgotMRUTjgqTjg7PjgrjjgrHjg7zjgr88YnI+44OB44Kn44OD44Kv44Oc44K/44Oz44KS5oq844GZ44GT44Go44Gn44CB44OQ44OD44OG44Oq44O85pys5L2T44Gu6Zu75rGg5q6L6YeP44GM5LiA55uu44Gn44KP44GL44KK44G+44GZ44CCNOOBpOOBrkxFROOBp+mbu+axoOaui+mHj+OBjOihqOekuuOBleOCjOOAgUxFRCAx44Gk54K554Gv77ya6Zu75rGg5q6L6YePMjXvvIXku6XkuIvjgIFMRUQgMuOBpOeCueeBr++8mumbu+axoOaui+mHjzI1772eNTDvvIXjgIFMRUQgM+OBpOeCueeBr++8mumbu+axoOaui+mHjzUw772eNzXvvIXjgIFMRUQgNOOBpOeCueeBr++8mumbu+axoOaui+mHjzc1772eMTAw77yF44Gn44GZ44CCPGJyPjxicj7ilqDjg5Pjgrjjg43jgrnjgoTjgqLjgqbjg4jjg4njgqLjgb7jgafluYXluoPjgYTjgrfjg7zjg7PjgafmtLvouo08YnI+5aSn5a656YeP44GL44GkQUPlh7rlipvjgpLlgpnjgYjjgZ9lbmVycGFk44Gv44CB5LiA6Iis55qE44Gq44K544Oe44Ob44KE44K/44OW44Os44OD44OI44CB5ZCE56iu44Oi44OQ44Kk44Or5qmf5Zmo44Gg44GR44Gn44Gq44GP44CB44OO44O844OI44OR44K944Kz44Oz44CB44K544OU44O844Kr44O844CB5ray5pm244Oi44OL44K/44CB44OH44K444K/44Or44Kr44Oh44Op44Gq44Gp44CB44OT44K444ON44K544GL44KJ44Ki44Km44OI44OJ44Ki44G+44Gn5bmF5bqD44GE44K344O844Oz44Gn44GU5Yip55So44GE44Gf44Gg44GR44G+44GZ44CCPGJyPjxicj7jgJDku5Xmp5jjgJE8YnI+4pag44Kr44Op44O877ya44OW44Op44OD44KvPGJyPuKWoOODkOODg+ODhuODquODvOWuuemHj++8mjI0MDAwbUFoLzMuNlYgKFNBTllPIE5DUjE4NjUwKTxicj7ilqDlh7rlipvjgrPjg43jgq/jgr/vvJpBQygzUCkgeCAxIC8gVVNCIHggMjxicj7ilqBBQ+WHuuWKm++8mkFD5pyA5aSn5Ye65YqbIDg1VyAxMjBWIDYwSHo8YnI+4pagQUPntpnntprlh7rlipvvvJogNjVXIDEyMFYgNjBIeijntIQx772eMS415pmC6ZaTKTxicj7ilqBVU0Llh7rlipvvvJpEQyA1Vi8yLjRBKDHjg53jg7zjg4jlh7rlipvmmYLvvJoyLjRB44CBMuODneODvOODiOWHuuWKm+aZgu+8muWQiOioiDIuNEEpPGJyPuKWoOWFpeWKm++8mkRDIDIwVi8yQTxicj7ilqDlkIzmmYLlh7rlipvvvJpBQ+OBqFVTQuOBruWQjOaZguWHuuWKm+WPrzxicj7ilqDlkIzmmYLlhaXlipsv5ZCM5pmC5Ye65Yqb77ya5YWF6Zu744GX44Gq44GM44KJ44GuQUPjgb7jgZ/jga9VU0Llh7rlipvjga/kuI3lj688YnI+4pag5YWF6Zu75pa55rOV77ya5YWF6Zu755SoQUPjgqLjg4Djg5fjgr/jgavjgojjgorlhYXpm7sg4oC75pys5L2T44Gu5YWF6Zu744Gv5LuY5bGe44GuQUPjgqLjg4Djg5fjgr/jgpLjgZTkvb/nlKjjgY/jgaDjgZXjgYQ8YnI+4pag5pys5L2T5YWF6Zu75pmC6ZaT77ya57SENO+9njXmmYLplpM8YnI+4pag44K144Kk44Kv44Or5a+/5ZG977ya57SENTAw5ZueIOKAu+mAmuW4uOWFhembu+OBp+WFhembu+OBl+e1guatoumbu+Wcp+OBvuOBp+aUvumbu+OBleOBm+OCi+S6i+OCkjHjgrXjgqTjgq/jg6vjgajjgZfjgZ/loLTlkIg8YnI+4pag5rip5rm/5bqm5p2h5Lu277yaNe+9njM14oSDKOe1kOmcsuOBquOBjeS6iyk8YnI+4pag5L+d6K235qmf6IO977ya6YGO5YWF6Zu75L+d6K2344CB6YGO6LKg6I235L+d6K2344CB6YGO6Zu75Zyn5L+d6K2344CB6YGO6Zu75rWB5L+d6K2344CB6YGO54ax5L+d6K2344CB55+t57Wh5L+d6K2344CB54Sh6LKg6I235pmC44CB6Ieq5YuV6Zu75rqQT0ZGPGJyPuKWoOiqjeiovOODu+mBqeWQiOODu0NF44CBRkNDPGJyPuKWoOS/neiovOacn+mWk++8mjbjgYvmnIg8YnI+4pag5LuY5bGe5ZOB77yaMcOX5YWF6Zu755SoQUPjgqLjg4Djg5fjgr8gLyAxw5flhYXpm7vnlKhBQ+OCs+ODvOODiSgzUOS7leanmCkgLyAxw5fjg53jg7zjg4EgLyAxw5fjg57jg4vjg6XjgqLjg6s8YnI+4pag5pys5L2T44K144Kk44K677yaVzE4MG1tw5dEMjltbcOXSDE0NG1tPGJyPuKWoOacrOS9k+mHjemHj++8mue0hDcwMGc8YnI+4pag5rOo5oSP5LqL6aCFOmVuZXJwYWQgQUMtMjRL44GuQUPlh7rlipvjga8xMjBW44Gn44GZ44CC5o6l57aa44GZ44KL5qmf5Zmo44Gv44CB5b+F44Ga44Om44OL44OQ44O844K144Or44K/44Kk44OX77yIMTAwVu+9njI0MFblr77lv5zvvInjgYLjgovjgZPjgajjgpLnorroqo3jgY/jgaDjgZXjgYTjgIIxMDBW5bCC55So5qmf5Zmo44KS5o6l57aa44GZ44KL44Go5qmf5Zmo44KS56C05aOK44GZ44KL5oGQ44KM44GM44GC44KK44G+44GZ44CCPGJyPjxicj48L2ZvbnQ+PC90ZD48L3RyPjwvdGFibGU+PHN0eWxlIHR5cGU9InRleHQvY3NzIj4KPCEtLQoucmFrdXRlbi1jYW1wIHsKCXdpZHRoOiA3MjVweDsKCWJvcmRlcjogMnB4IHNvbGlkICMzMzk5RkY7CglwYWRkaW5nLXRvcDogNXB4OwoJLW1vei1ib3JkZXItcmFkaXVzOjRweDsgLypGaXJlZm94Ki8KCS13ZWJraXQtYm9yZGVyLXJhZGl1czogNHB4OyAvKlNhZmFyaSxDaHJvbWUqLwoJYm9yZGVyLXJhZGl1czo0cHg7IC8qT3BlcmEsQ2hyb21lKi8KCW1hcmdpbjowIDEwcHggMTBweCAwOwp9CgovKiDkvqHmoLzjgavmnqDnt5rjgYzjgaTjgY8gKi8KdGFibGUjcmFrdXRlbkxpbWl0ZWRJZF9jYXJ0IHsKICAgIGJhY2tncm91bmQtY29sb3I6ICNmOGY4Zjg7CiAgICBib3JkZXI6IDFweCBzb2xpZCAjZGRkOwogICAgcGFkZGluZzogOHB4OwogICAgbWFyZ2luOiAxNnB4IDA7Cn0KCnNwYW4ucHJpY2UxIHsKICAgIGNvbG9yOiAjMzMzICFpbXBvcnRhbnQ7CiAgICBmb250LXdlaWdodDogYm9sZDsKICAgIGZvbnQtc2l6ZTogODAlICFpbXBvcnRhbnQ7CiAgICBsaW5lLWhlaWdodDogMzBweDsKICAgIGRpc3BsYXk6IGlubGluZS1ibG9jazsKICAgIG1hcmdpbi1yaWdodDogMTZweDsKfQoKLS0+Cjwvc3R5bGU+Cgo8IS0t44OQ44OK44O844Ko44Oq44KiLS0+Cgo8IS0t44CQ5raI44GZ44Gq77yB44CR4piF4piF4piFIGhlaWdodD0iMzgwIiDjgafoqK3lrprjgZfjgabjgY/jgaDjgZXjgYTjgILimIXimIXimIUtLT4KPCEtLeODkOODiuODvOOCqOODquOCouOBk+OBk+OBvuOBpy0tPgoKPCEtLealveWkqeOCreODo+ODs+ODmuODvOODsy0tPgoKPGgyIHN0eWxlPSJtYXJnaW46MjBweCAwIDEwcHggMDsiPjxpbWcgc3JjPSJodHRwOi8vd3d3LnJha3V0ZW4ubmUuanAvZ29sZC9ha2liYW1hYy9mcmFtZS9pbWFnZXMvcmFrdXRlbl90aXRsZTIuZ2lmIiBhbHQ9IualveWkqeW4guWgtOOBruOBiuW+l+OBquOCreODo+ODs+ODmuODvOODsyIgd2lkdGg9IjczMCIgaGVpZ2h0PSI0MiIgYm9yZGVyPSIwIj48L2gyPgo8ZGl2IGNsYXNzPSJyYWt1dGVuLWNhbXAiIHN0eWxlPSJtYXJnaW46MCAwIDAgMDsiPgoKCjwhLS3mpb3lpKnjgq3jg6Pjg7Pjg5rjg7zjg7NA44GT44GT44G+44GnLS0+,44CQ6YCB5paZ54Sh5paZ44CR44Oq44Oz44Kv44K544Kk44Oz44K/44O844OK44K344On44OK44OrQUPjgrPjg7Pjgrvjg7Pjg4jku5jlpKflrrnph4/jg6Ljg5DjgqTjg6vjg5Djg4Pjg4bjg6rjg7wgZW5lcnBhZCBBQy0yNEsg44OW44Op44OD44KvIChBQzI0S0JMQUNLKe+8muOCveODleODnuODg+ODl+OAgOODh+OCuOOCv+ODq+OCs+ODrOOCr+OCt+ODp+ODsw==,44K944OV44Oe44OD44OXIOODh+OCuOOCv+ODq+OCs+ODrOOCr+OCt+ODp+ODs1NvZm1hcCBEaWdpdGFsIENvbGxlY3Rpb27jg5Hjgr3jgrPjg7Pjgr/jg5bjg6zjg4Pjg4hQQ0hEROOCouOCu+ODs+ODluODquODkeODvOODhOODkeOCveOCs+ODs+ODkeODvOODhOODhuODrOODk+OCsuODvOODoOODluODq+ODvOODrOOCpOOCveODleODiERWROOCveODleODiOa2suaZtuODhuODrOODk+ODluODq+ODvOODrOOCpOODh+OCo+OCueOCr+ODrOOCs+ODvOODgOODvOODh+OCuOOCv+ODq+S4gOecvOODrOODleOCq+ODoeODqeODh+OCuOOCv+ODq+OCq+ODoeODqeWutumbu+aZguioiOS4reWPpOOAgOOCveODleODiOOCouOCpuODiOODrOODg+ODiOS4reWPpOODjuODvOODiOODkeOCveOCs+ODs+S4reWPpOODkeOCveOCs+ODs+OAkOmAgeaWmeeEoeaWmeOAkeODquODs+OCr+OCueOCpOODs+OCv+ODvOODiuOCt+ODp+ODiuODq0FD44Kz44Oz44K744Oz44OI5LuY5aSn5a656YeP44Oi44OQ44Kk44Or44OQ44OD44OG44Oq44O8IGVuZXJwYWQgQUMtMjRLIOODluODqeODg+OCryAoQUMyNEtCTEFDSyk=,44CQ6YCB5paZ54Sh5paZ44CR44Oq44Oz44Kv44K544Kk44Oz44K/44O844OK44K344On44OK44OrQUPjgrPjg7Pjgrvjg7Pjg4jku5jlpKflrrnph4/jg6Ljg5DjgqTjg6vjg5Djg4Pjg4bjg6rjg7wgZW5lcnBhZCBBQy0yNEsg44OW44Op44OD44KvIChBQzI0S0JMQUNLKQ==[rn]
3-47097,aHR0cDovL3RzaG9wLnIxMHMuanAvYWtpYmFtYWMvY2FiaW5ldC8wNTI2NDA2OS80OTAyNTgwNzU1OTI4LmpwZz9maXRpbj03MDA6NzAw,MzE4NC4wMDAw,,44K544Oe44O844OI44OV44Kp44Oz44O744K/44OW44Os44OD44OIID4g44OQ44OD44OG44Oq44O844O75YWF6Zu75ZmoID4g44Oi44OQ44Kk44Or44OQ44OD44OG44Oq44O8,5pel56uL44Oe44Kv44K744Or44K544Oe44O844OI44OV44Kp44Oz55So77y7bWljcm8gVVNC77yPVVNC57Wm6Zu777y9IOODouODkOOCpOODq+ODkOODg+ODhuODquODvO+8iDUyMDBtQWjjg7vjg43jgqTjg5Pjg7zvvIkgTVBDLUNXNTIwME5ZQkMg44CQ44OT44OD44Kv44Kr44Oh44Op44Kw44Or44O844OX44Kq44Oq44K444OK44Or44CRIChNUENDVzUyMDBOWUJDKQ==,,PHRhYmxlIGJvcmRlcj0iMCIgY2VsbHBhZGRpbmc9IjAiIGNlbGxzcGFjaW5nPSIwIiB3aWR0aD0iNzEwIiBzdHlsZT0ibGluZS1oZWlnaHQ6MTQwJTsiPjx0cj48dGQ+PGZvbnQgc2l6ZT0iMiI+4pag6JaE5Z6L77yIMTQuNm1t77yJ44CB5oyB44Gh44KE44GZ44GE44Kz44Oz44OR44Kv44OI6Kit6KiIPGJyPuKWoOOCueODnuODvOODiOODleOCqeODs+OCkue0hDLlm57jgIHmgKXpgJ/lhYXpm7vlj6/og708YnI+4pag5YWF6Zu744OQ44OD44OG44Oq44O85pys5L2T44Go44K544Oe44O844OI44OV44Kp44Oz44KS5ZCM5pmC44Gr5YWF6Zu744Gn44GN44KLPGJyPuKWoOODnuOCr+OCu+ODq+ijveODquODgeOCpuODoOOCpOOCquODs+mbu+axoOOCkuaOoeeUqDxicj7ilqDjgY/jgorov5TjgZflhYXpm7vlm57mlbAg57SEMTAwMOWbnjxicj7ilqDvvJTnga/lvI9MRUTjgaflhYXpm7vnirbmhYvjg7vmrovph4/jgpLooajnpLo8YnI+4pag5YWF6Zu755So44Kx44O844OW44OrMuacrOWFpeOCiu+8iDIwY20gLyA0MGNt77yJPGJyPuKWoOOCq+ODqeODvO+8muODjeOCpOODk+ODvDxicj48YnI+44CQ5LuV5qeY44CRPGJyPuKWoOacrOS9k+OCteOCpOOCuuW5hcOX6auY44GVw5flpaXooYzjgY3vvIhtbe+8ie+8mue0hDYzLjXDlzk4w5cxNC42PGJyPuKWoOacrOS9k+mHjemHj++8mue0hDEyN2c8YnI+4pag5YWl5Yqb6Zu75Zyn77yP6Zu75rWB77ya77yk77yjNVbvvI/mnIDlpKcxLjhBPGJyPuKWoOWHuuWKm+mbu+Wcp++8j+mbu+a1ge+8mu+8pO+8ozVW77yP5pyA5aSnM0HvvIgy776O776f772w776E6KiI77yJPGJyPuKWoOS7mOWxnuWTge+8muWPluaJseiqrOaYjuabuOOAgeWFhembu+eUqOOCseODvOODluODq++8iDIwY20gLyA0MGNt77yJPGJyPjxicj48L2ZvbnQ+PC90ZD48L3RyPjwvdGFibGU+PHN0eWxlIHR5cGU9InRleHQvY3NzIj4KPCEtLQoucmFrdXRlbi1jYW1wIHsKCXdpZHRoOiA3MjVweDsKCWJvcmRlcjogMnB4IHNvbGlkICMzMzk5RkY7CglwYWRkaW5nLXRvcDogNXB4OwoJLW1vei1ib3JkZXItcmFkaXVzOjRweDsgLypGaXJlZm94Ki8KCS13ZWJraXQtYm9yZGVyLXJhZGl1czogNHB4OyAvKlNhZmFyaSxDaHJvbWUqLwoJYm9yZGVyLXJhZGl1czo0cHg7IC8qT3BlcmEsQ2hyb21lKi8KCW1hcmdpbjowIDEwcHggMTBweCAwOwp9CgovKiDkvqHmoLzjgavmnqDnt5rjgYzjgaTjgY8gKi8KdGFibGUjcmFrdXRlbkxpbWl0ZWRJZF9jYXJ0IHsKICAgIGJhY2tncm91bmQtY29sb3I6ICNmOGY4Zjg7CiAgICBib3JkZXI6IDFweCBzb2xpZCAjZGRkOwogICAgcGFkZGluZzogOHB4OwogICAgbWFyZ2luOiAxNnB4IDA7Cn0KCnNwYW4ucHJpY2UxIHsKICAgIGNvbG9yOiAjMzMzICFpbXBvcnRhbnQ7CiAgICBmb250LXdlaWdodDogYm9sZDsKICAgIGZvbnQtc2l6ZTogODAlICFpbXBvcnRhbnQ7CiAgICBsaW5lLWhlaWdodDogMzBweDsKICAgIGRpc3BsYXk6IGlubGluZS1ibG9jazsKICAgIG1hcmdpbi1yaWdodDogMTZweDsKfQoKLS0+Cjwvc3R5bGU+Cgo8IS0t44OQ44OK44O844Ko44Oq44KiLS0+Cgo8IS0t44CQ5raI44GZ44Gq77yB44CR4piF4piF4piFIGhlaWdodD0iMzgwIiDjgafoqK3lrprjgZfjgabjgY/jgaDjgZXjgYTjgILimIXimIXimIUtLT4KPCEtLeODkOODiuODvOOCqOODquOCouOBk+OBk+OBvuOBpy0tPgoKPCEtLealveWkqeOCreODo+ODs+ODmuODvOODsy0tPgoKPGgyIHN0eWxlPSJtYXJnaW46MjBweCAwIDEwcHggMDsiPjxpbWcgc3JjPSJodHRwOi8vd3d3LnJha3V0ZW4ubmUuanAvZ29sZC9ha2liYW1hYy9mcmFtZS9pbWFnZXMvcmFrdXRlbl90aXRsZTIuZ2lmIiBhbHQ9IualveWkqeW4guWgtOOBruOBiuW+l+OBquOCreODo+ODs+ODmuODvOODsyIgd2lkdGg9IjczMCIgaGVpZ2h0PSI0MiIgYm9yZGVyPSIwIj48L2gyPgo8ZGl2IGNsYXNzPSJyYWt1dGVuLWNhbXAiIHN0eWxlPSJtYXJnaW46MCAwIDAgMDsiPgoKCjwhLS3mpb3lpKnjgq3jg6Pjg7Pjg5rjg7zjg7NA44GT44GT44G+44GnLS0+,5pel56uL44Oe44Kv44K744Or44K544Oe44O844OI44OV44Kp44Oz55So77y7bWljcm8gVVNC77yPVVNC57Wm6Zu777y9IOODouODkOOCpOODq+ODkOODg+ODhuODquODvO+8iDUyMDBtQWjjg7vjg43jgqTjg5Pjg7zvvIkgTVBDLUNXNTIwME5ZQkMg44CQ44OT44OD44Kv44Kr44Oh44Op44Kw44Or44O844OX44Kq44Oq44K444OK44Or44CRIChNUENDVzUyMDBOWUJDKe+8muOCveODleODnuODg+ODl+OAgOODh+OCuOOCv+ODq+OCs+ODrOOCr+OCt+ODp+ODsw==,44K944OV44Oe44OD44OXIOODh+OCuOOCv+ODq+OCs+ODrOOCr+OCt+ODp+ODs1NvZm1hcCBEaWdpdGFsIENvbGxlY3Rpb27jg5Hjgr3jgrPjg7Pjgr/jg5bjg6zjg4Pjg4hQQ0hEROOCouOCu+ODs+ODluODquODkeODvOODhOODkeOCveOCs+ODs+ODkeODvOODhOODhuODrOODk+OCsuODvOODoOODluODq+ODvOODrOOCpOOCveODleODiERWROOCveODleODiOa2suaZtuODhuODrOODk+ODluODq+ODvOODrOOCpOODh+OCo+OCueOCr+ODrOOCs+ODvOODgOODvOODh+OCuOOCv+ODq+S4gOecvOODrOODleOCq+ODoeODqeODh+OCuOOCv+ODq+OCq+ODoeODqeWutumbu+aZguioiOS4reWPpOOAgOOCveODleODiOOCouOCpuODiOODrOODg+ODiOS4reWPpOODjuODvOODiOODkeOCveOCs+ODs+S4reWPpOODkeOCveOCs+ODs+aXpeeri+ODnuOCr+OCu+ODq+OCueODnuODvOODiOODleOCqeODs+eUqO+8u21pY3JvIFVTQu+8j1VTQue1pumbu++8vSDjg6Ljg5DjgqTjg6vjg5Djg4Pjg4bjg6rjg7zvvIg1MjAwbUFo44O744ON44Kk44OT44O877yJIE1QQy1DVzUyMDBOWUJDIOOAkOODk+ODg+OCr+OCq+ODoeODqeOCsOODq+ODvOODl+OCquODquOCuOODiuODq+OAkSAoTVBDQ1c1MjAwTllCQyk=,5pel56uL44Oe44Kv44K744Or44K544Oe44O844OI44OV44Kp44Oz55So77y7bWljcm8gVVNC77yPVVNC57Wm6Zu777y9IOODouODkOOCpOODq+ODkOODg+ODhuODquODvO+8iDUyMDBtQWjjg7vjg43jgqTjg5Pjg7zvvIkgTVBDLUNXNTIwME5ZQkMg44CQ44OT44OD44Kv44Kr44Oh44Op44Kw44Or44O844OX44Kq44Oq44K444OK44Or44CRIChNUENDVzUyMDBOWUJDKQ==[rn]
3-47098,aHR0cDovL3RzaG9wLnIxMHMuanAvYWtpYmFtYWMvY2FiaW5ldC8wNTEyMDgwNi8wODg5MzQ5NDExMzIyLmpwZz9maXRpbj03MDA6NzAw,NTI3Mi4wMDAw,,44K544Oe44O844OI44OV44Kp44Oz44O744K/44OW44Os44OD44OIID4g44OQ44OD44OG44Oq44O844O75YWF6Zu75ZmoID4g44Oi44OQ44Kk44Or44OQ44OD44OG44Oq44O8,44CQ6YCB5paZ54Sh5paZ44CRQVNVUyjjgqjjgqTjgrnjg7zjgrkpQVNVUyBaZW5Qb3dlciBQcm8gd2l0aCBCdW1wZXIgKDEwMDUwbUFoIHF1aWNrIGNoYXJnZXIpIOODluODq+ODvCA5MEFDMDBTMC1CQlQwNTMgKDkwQUMwMFMwQkJUMDUzKQ==,,PHRhYmxlIGJvcmRlcj0iMCIgY2VsbHBhZGRpbmc9IjAiIGNlbGxzcGFjaW5nPSIwIiB3aWR0aD0iNzEwIiBzdHlsZT0ibGluZS1oZWlnaHQ6MTQwJTsiPjx0cj48dGQ+PGZvbnQgc2l6ZT0iMiI+4pag5aSn5a656YeP44Gu44Oi44OQ44Kk44Or44OQ44OD44OG44Oq44O8PGJyPkFTVVMgWmVuUG93ZXJQcm/jga/jgqvjg7zjg4njgrXjgqTjgrrjgajlkIzjgZjjgrPjg7Pjg5Hjgq/jg4jjgarjg5zjg4fjgqPjgafjgZnjgYzjgIHlpKflrrnph48xMCw1MDBtQWjmkK3ovInjga7jg6Ljg5DjgqTjg6vjg5Djg4Pjg4bjg6rjg7zjgafjgZnjgII8YnI+NeOCpOODs+ODgeWJjeW+jOOBruOCueODnuODvOODiOODleOCqeODs+OBp+OBguOCjOOBsOOAgee0hDPlm57ku6XkuIrjgIE244Kk44Oz44OB5YmN5b6M44Gu5aSn55S76Z2i44K544Oe44O844OI44OV44Kp44Oz44Gn44GC44KM44Gw44CB57SEMuWbnuS7peS4iuOBruWFhembu+OBjOWPr+iDveOBp+OBmeOAgjxicj48YnI+4pagMuOBpOOBrlVTQuWHuuWKm+ODneODvOODiOOCkuaQrei8iTxicj5BU1VTIFplblBvd2VyUHJv44Gv44CBVVNC5Ye65Yqb44Od44O844OI44KSMuOBpOaQrei8ieOBl+OBpuOBhOOBvuOBmeOAguOBk+OCjOOBq+OCiOOCiuOAgTLlj7Djga7jg6Ljg5DjgqTjg6vnq6/mnKvjgpLlkIzmmYLjgavlhYXpm7vjgYzlj6/og73jgafjgZnjgII8YnI+44GV44KJ44Gr44Od44O844OIMeOBr1F1aWNrIENoYXJnZSAyLjDjgavjgoLlr77lv5zjgZfjgabjgYTjgovjga7jgafjgIFRdWljayBDaGFyZ2UgMi4w5a++5b+c56uv5pyr44Gn44GC44KM44Gw44CB5b6T5p2l44KI44KK44KC6auY6YCf44Gq5YWF6Zu744GM5Y+v6IO944Gr44Gq44KK44G+44GZ44CCPGJyPjxicj7ilqBMRUTjg6njgqTjg4jjgpLmkK3ovIk8YnI+QVNVUyBaZW5Qb3dlclByb+OBr+OAgUxFROODqeOCpOODiCgy5q616ZqO44Gu5piO44KL44GVKeOCkuaQrei8ieOBl+OBpuOBhOOBvuOBmeOAgjxicj7jgZPjgozjgavjgojjgorjgIHnt4rmgKXmmYLjgarjganjgavmh5DkuK3pm7vnga/jgajjgZfjgabjgoLkvb/nlKjjgZnjgovjgZPjgajjgYzjgafjgY3jgb7jgZnjgII8YnI+PGJyPuKWoOWwgueUqOOBruOCq+ODkOODvOOBjOS7mOWxnjxicj5BU1VTIFplblBvd2VyUHJv44Gv5pys5L2T44KS5L+d6K2344GZ44KL44GT44Go44GM44Gn44GN44KL44CB5bCC55So44Gu44K344Oq44Kz44Oz6KO944Gu44Kr44OQ44O844GM5LuY5bGe44GX44Gm44GE44G+44GZ44CCPGJyPjxicj7jgJDoo73lk4Hku5Xmp5jjgJE8YnI+44Kr44Op44O877ya44OW44Op44OD44KvL+OCt+ODq+ODkOODvC/jgrTjg7zjg6vjg4kv44OU44Oz44KvL+ODluODq+ODvDxicj7jg5Djg4Pjg4bjg6rjg7zlrrnph4/vvJoxMCwwNTBtQWg8YnI+5YWl5Yqb77yaNVYgMi4wQSA8YnI+5Ye65YqbICjjg53jg7zjg4gxKe+8mjUuMVYgMi40QSAvIDkuMVYgMkEgLyAxMi4xViAxLjVBKFFDMi4wKTxicj7lh7rlipsgKOODneODvOODiDIp77yaNS4xViAyLjQ8YnI+5Ye65YqbICjjg53jg7zjg4gxKzIp77yaMjMuNVc8YnI+44Kk44Oz44K/44O844OV44Kn44O844K577yabWljcm9VU0Igw5cgMSAo6Zu75rqQ5YWl5Yqb5YG0KeOAgFVTQiAyLjAgw5cgMiAo6Zu75rqQ5Ye65Yqb5YG0KTxicj7jgrXjgqTjgrrvvJrpq5jjgZXntIQxMDAgw5cg5bmF57SENTkuNiDDlyDlpaXooYzjgY3ntIQyMm1tPGJyPumHjemHj++8mue0hDIzMGc8YnI+PGJyPjwvZm9udD48L3RkPjwvdHI+PC90YWJsZT48c3R5bGUgdHlwZT0idGV4dC9jc3MiPgo8IS0tCi5yYWt1dGVuLWNhbXAgewoJd2lkdGg6IDcyNXB4OwoJYm9yZGVyOiAycHggc29saWQgIzMzOTlGRjsKCXBhZGRpbmctdG9wOiA1cHg7CgktbW96LWJvcmRlci1yYWRpdXM6NHB4OyAvKkZpcmVmb3gqLwoJLXdlYmtpdC1ib3JkZXItcmFkaXVzOiA0cHg7IC8qU2FmYXJpLENocm9tZSovCglib3JkZXItcmFkaXVzOjRweDsgLypPcGVyYSxDaHJvbWUqLwoJbWFyZ2luOjAgMTBweCAxMHB4IDA7Cn0KCi8qIOS+oeagvOOBq+aeoOe3muOBjOOBpOOBjyAqLwp0YWJsZSNyYWt1dGVuTGltaXRlZElkX2NhcnQgewogICAgYmFja2dyb3VuZC1jb2xvcjogI2Y4ZjhmODsKICAgIGJvcmRlcjogMXB4IHNvbGlkICNkZGQ7CiAgICBwYWRkaW5nOiA4cHg7CiAgICBtYXJnaW46IDE2cHggMDsKfQoKc3Bhbi5wcmljZTEgewogICAgY29sb3I6ICMzMzMgIWltcG9ydGFudDsKICAgIGZvbnQtd2VpZ2h0OiBib2xkOwogICAgZm9udC1zaXplOiA4MCUgIWltcG9ydGFudDsKICAgIGxpbmUtaGVpZ2h0OiAzMHB4OwogICAgZGlzcGxheTogaW5saW5lLWJsb2NrOwogICAgbWFyZ2luLXJpZ2h0OiAxNnB4Owp9CgotLT4KPC9zdHlsZT4KCjwhLS3jg5Djg4rjg7zjgqjjg6rjgqItLT4KCjwhLS3jgJDmtojjgZnjgarvvIHjgJHimIXimIXimIUgaGVpZ2h0PSIzODAiIOOBp+ioreWumuOBl+OBpuOBj+OBoOOBleOBhOOAguKYheKYheKYhS0tPgo8IS0t44OQ44OK44O844Ko44Oq44Ki44GT44GT44G+44GnLS0+Cgo8IS0t5qW95aSp44Kt44Oj44Oz44Oa44O844OzLS0+Cgo8aDIgc3R5bGU9Im1hcmdpbjoyMHB4IDAgMTBweCAwOyI+PGltZyBzcmM9Imh0dHA6Ly93d3cucmFrdXRlbi5uZS5qcC9nb2xkL2FraWJhbWFjL2ZyYW1lL2ltYWdlcy9yYWt1dGVuX3RpdGxlMi5naWYiIGFsdD0i5qW95aSp5biC5aC044Gu44GK5b6X44Gq44Kt44Oj44Oz44Oa44O844OzIiB3aWR0aD0iNzMwIiBoZWlnaHQ9IjQyIiBib3JkZXI9IjAiPjwvaDI+CjxkaXYgY2xhc3M9InJha3V0ZW4tY2FtcCIgc3R5bGU9Im1hcmdpbjowIDAgMCAwOyI+CgoKPCEtLealveWkqeOCreODo+ODs+ODmuODvOODs0DjgZPjgZPjgb7jgactLT4=,44CQ6YCB5paZ54Sh5paZ44CRQVNVUyjjgqjjgqTjgrnjg7zjgrkpQVNVUyBaZW5Qb3dlciBQcm8gd2l0aCBCdW1wZXIgKDEwMDUwbUFoIHF1aWNrIGNoYXJnZXIpIOODluODq+ODvCA5MEFDMDBTMC1CQlQwNTMgKDkwQUMwMFMwQkJUMDUzKe+8muOCveODleODnuODg+ODl+OAgOODh+OCuOOCv+ODq+OCs+ODrOOCr+OCt+ODp+ODsw==,44K944OV44Oe44OD44OXIOODh+OCuOOCv+ODq+OCs+ODrOOCr+OCt+ODp+ODs1NvZm1hcCBEaWdpdGFsIENvbGxlY3Rpb27jg5Hjgr3jgrPjg7Pjgr/jg5bjg6zjg4Pjg4hQQ0hEROOCouOCu+ODs+ODluODquODkeODvOODhOODkeOCveOCs+ODs+ODkeODvOODhOODhuODrOODk+OCsuODvOODoOODluODq+ODvOODrOOCpOOCveODleODiERWROOCveODleODiOa2suaZtuODhuODrOODk+ODluODq+ODvOODrOOCpOODh+OCo+OCueOCr+ODrOOCs+ODvOODgOODvOODh+OCuOOCv+ODq+S4gOecvOODrOODleOCq+ODoeODqeODh+OCuOOCv+ODq+OCq+ODoeODqeWutumbu+aZguioiOS4reWPpOOAgOOCveODleODiOOCouOCpuODiOODrOODg+ODiOS4reWPpOODjuODvOODiOODkeOCveOCs+ODs+S4reWPpOODkeOCveOCs+ODs+OAkOmAgeaWmeeEoeaWmeOAkUFTVVMo44Ko44Kk44K544O844K5KUFTVVMgWmVuUG93ZXIgUHJvIHdpdGggQnVtcGVyICgxMDA1MG1BaCBxdWljayBjaGFyZ2VyKSDjg5bjg6vjg7wgOTBBQzAwUzAtQkJUMDUzICg5MEFDMDBTMEJCVDA1Myk=,44CQ6YCB5paZ54Sh5paZ44CRQVNVUyjjgqjjgqTjgrnjg7zjgrkpQVNVUyBaZW5Qb3dlciBQcm8gd2l0aCBCdW1wZXIgKDEwMDUwbUFoIHF1aWNrIGNoYXJnZXIpIOODluODq+ODvCA5MEFDMDBTMC1CQlQwNTMgKDkwQUMwMFMwQkJUMDUzKQ==[rn]
3-47099,aHR0cDovL3RzaG9wLnIxMHMuanAvYWtpYmFtYWMvY2FiaW5ldC8wNDY1OTc5My80OTAxNjYwMTQyMzA2LmpwZz9maXRpbj03MDA6NzAw,NTI4OC44MDAw,,44K544Oe44O844OI44OV44Kp44Oz44O744K/44OW44Os44OD44OIID4g44OQ44OD44OG44Oq44O844O75YWF6Zu75ZmoID4g44Oi44OQ44Kk44Or44OQ44OD44OG44Oq44O8,44CQ6YCB5paZ54Sh5paZ44CR44K944OL44O8IOOCueODnuODvOODiOODleOCqeODs+eUqO+8u21pY3JvIFVTQu+8j1VTQue1pumbu++8vSBVU0Ljg6Ljg5DjgqTjg6vjg5Djg4Pjg4bjg6rjg7wg77yLbWljcm8gVVNC44Kx44O844OW44OrIDIwY20g77yIMTAwMDBtQWjjg7vjg5bjg6njg4Pjgq/vvIkgQ1AtVjEwQSBCIChDUFYxMEFCKQ==,,PHRhYmxlIGJvcmRlcj0iMCIgY2VsbHBhZGRpbmc9IjAiIGNlbGxzcGFjaW5nPSIwIiB3aWR0aD0iNzEwIiBzdHlsZT0ibGluZS1oZWlnaHQ6MTQwJTsiPjx0cj48dGQ+PGZvbnQgc2l6ZT0iMiI+44CU44K544Oe44O844OI44OV44Kp44Oz55So77y7bWljcm8gVVNC77yPVVNC57Wm6Zu777y977ya44Oi44OQ44Kk44Or44OQ44OD44OG44Oq44O877yIVVNC6JOE6Zu777yJ77yLbWljcm8gVVNC44Kx44O844OW44OrIOWFhembu+OAlTxicj7lhaXlipsxLjVB44O76KGo6Z2i5Yqg5bel44Gn5YK35LuY44GN44Gr44GP44GE5aSn5a656YePMTAwMDBtQWjjgr/jgqTjg5fjgIHjg4/jgqTjg5bjg6rjg4Pjg4njgrLjg6vjg4bjgq/jg47jg63jgrjjg7zjg6Ljg4fjg6vjgILjgIxVU0Ljg53jg7zjgr/jg5bjg6vpm7vmupDjgI08YnI+PGJyPuKWoCDlhaXlipsxLjVB44O75aSn5a656YeP44Oi44OH44OrPGJyPuWFpeWKmzVWLzEuNUHjgafmnKzkvZPoh6rkvZPjgoLmgKXpgJ/lhYXpm7vjgYzlj6/og73jgavjgarjgorjgb7jgZfjgZ/jgILntIQ45pmC6ZaT77yIMS41QSBBQ+OCouODgOODl+OCv+ODvO+8ieOBp+WFhembu+OBjOWujOS6huOBl+OBvuOBmeOAgjxicj7ilqAg44K544Oe44O844OI44OV44Kp44Oz44Gr57SENOWbnuWFhembu+WPr+iDveOBqjEwMDAwbUFo44Gu44Oq44OB44Km44Og44Kk44Kq44Oz44Od44Oq44Oe44O844OQ44OD44OG44Oq44O85YaF6JS1PGJyPuODu+ODj+OCpOODluODquODg+ODieOCsuODq+ODhuOCr+ODjuODreOCuOODvOODouODh+ODqzxicj7jgr3jg4vjg7zni6zoh6rmioDooZPjg4/jgqTjg5bjg6rjg4Pjg4njgrLjg6vjg4bjgq/jg47jg63jgrjjg7zjgafplbfmjIHjgaHjgILntIQxMDAw5Zue44GP44KK6L+U44GX5YWF6Zu744GM5Y+v6IO944Gn44GZ44CCPGJyPuKAuyDjg6Hjg7zjgqvjg7zoqabpqJPntZDmnpzjgavln7rjgaXjgY/jgIHntIQxNTAwbUFo44Gu44OQ44OD44OG44Oq44O85pCt6LyJ44K544Oe44O844OI44OV44Kp44Oz44Gn44Gu55uu5a6J44Gn44GZ44CC5qmf5Zmo44GK44KI44Gz5L2/55So5p2h5Lu244Gr44KI44KK44CB5a6f6Zqb44Gu5YWF6Zu75Y+v6IO944Gq5Zue5pWw44Go44Gv55Ww44Gq44KK44G+44GZ44CCPGJyPuKAuyDjg6Hjg7zjgqvjg7zoqabpqJPntZDmnpzjgavln7rjgaXjgY/nm67lronjgafjgZnjgILmqZ/lmajjgYrjgojjgbPkvb/nlKjmnaHku7bjgavjgojjgorjgIHlrp/pmpvjga7liKnnlKjlj6/og73lm57mlbDjgajjga/nlbDjgarjgorjgb7jgZnjgII8YnI+4pagIOWCt+S7mOOBjeOBq+OBj+OBhOihqOmdouWKoOW3peOBqDLoibLjga7jgqvjg6njg7zjg5Djg6rjgqjjg7zjgrfjg6fjg7M8YnI+44GE44Gk44KC5oyB44Gh5q2p44GP44GT44Go44KS5oOz5a6a44GX44CB6KGo6Z2i44Gr5YK35LuY44GN44Gr44GP44GE5Yqg5bel5Yem55CG44KS44GX44Gm44GE44G+44GZ44CC5aW944G/44Gr5ZCI44KP44Gb44Gm77yIV++8ieODm+ODr+OCpOODiOOAge+8iELvvInjg5bjg6njg4Pjgq/jgYvjgonjgYrpgbjjgbPjgafjgY3jgb7jgZnjgII8YnI+4pagIOOBmeOBkOOBq+S9v+OBiOOBpuimi+OChOOBmeOBhOmbu+axoOaui+mHjzxicj7lh7rojbfmmYLjga/ntIQ1MO+8heOBq+WFhembu+a4iOOBv+OBquOBruOBp+OAgeOBmeOBkOOBq+S9v+eUqOOBp+OBjeOBvuOBmeOAguOBvuOBn+OAgeODquODgeOCpuODoOOCpOOCquODs+ODneODquODnuODvOODkOODg+ODhuODquODvOOBruaUvumbu+eJueaAp+OBr+WuieWumuOBl+OBpuOBiuOCiuOAgeODleODq+WFhembu+OBl+OBn+W+jOS9v+eUqOOBm+OBmjHlubTntYzpgY7jgZfjgabjgoLjgIHpm7vmsaDmrovph4/jgYzjg5Xjg6vlhYXpm7vjga7ntIQ4MO+8heOCkue2reaMgeOBl+OBpuOBhOOBvuOBmeOAgumbu+axoOOBruaui+mHj+ebruWuieOCkjTnga9MRUTjgafopovjgoTjgZnjgY/jgIExMDDvvIXjg7s2MO+8heODuzQw77yF44O7MjDvvIXjg7sw77yF44GuNeautemajuOBp+OBiuefpeOCieOBm+OBl+OBvuOBmeOAgjxicj48YnI+44CQ5pys5L2T44K144Kk44K644CR5aSW5b2i5a+45rOV77yaNzIuMMOXMTI3LjDDlzE3LjVtbeOAgeizqumHj++8mue0hCAyNDJn44CB5YuV5L2c5rip5bqm77yaMCAtIDM1wrA8YnI+44CQ5YaF6JS16Zu75rGg44CR6Zu75Zyn77yaMy43VuOAgeWuuemHj++8iG1BaO+8ie+8mnR5cC4gNTAwMMOXMiAvIG1pbi4gNDgwMMOXMjxicj7jgJDntabpm7vjgJHlh7rlipvvvJo1VuOAgTEuNUHvvIjmnIDlpKfvvInjgIHpgKPntprkvb/nlKjmmYLplpPvvJrntIQgMjcw5YiG44CB5Ye65Yqb5a656YeP77yaNjMwMG1BaDxicj7jgJDlhYXpm7vjgJHlhaXlipvvvJpEQyA1VuOAgTEuNUHvvIjmnIDlpKfvvInjgIFBQ+OCouODgOODl+OCv+ODvOS9v+eUqOaZgu+8mue0hCA45pmC6ZaT77yIMS41QSBBQ+OCouODgOODl+OCv+ODvO+8ieOAgeaomea6llVTQuODneODvOODiOS9v+eUqOaZgu+8mue0hCAyMuaZgumWk++8iOaomea6llVTQuODneODvOODiO+8iTxicj7jgJDku5jlsZ7jgJHjg57jgqTjgq/jg61VU0LjgrHjg7zjg5bjg6vvvIgyMGNt77yJPGJyPuOAkOS4u+OBquS7leanmOOAkVVTQuODneODvOODiOaVsO+8mjHjgIFPbi9PZmbjgrnjgqTjg4Pjg4HvvJrjgIc8YnI+PGJyPuKAuyBtaWNybyBVU0Lku6XlpJbjga/jgIHliKXpgJRVU0LlhYXpm7vjgrHjg7zjg5bjg6vjgYzlv4XopoHjgafjgZnjgII8YnI+PGJyPjwvZm9udD48L3RkPjwvdHI+PC90YWJsZT48c3R5bGUgdHlwZT0idGV4dC9jc3MiPgo8IS0tCi5yYWt1dGVuLWNhbXAgewoJd2lkdGg6IDcyNXB4OwoJYm9yZGVyOiAycHggc29saWQgIzMzOTlGRjsKCXBhZGRpbmctdG9wOiA1cHg7CgktbW96LWJvcmRlci1yYWRpdXM6NHB4OyAvKkZpcmVmb3gqLwoJLXdlYmtpdC1ib3JkZXItcmFkaXVzOiA0cHg7IC8qU2FmYXJpLENocm9tZSovCglib3JkZXItcmFkaXVzOjRweDsgLypPcGVyYSxDaHJvbWUqLwoJbWFyZ2luOjAgMTBweCAxMHB4IDA7Cn0KCi8qIOS+oeagvOOBq+aeoOe3muOBjOOBpOOBjyAqLwp0YWJsZSNyYWt1dGVuTGltaXRlZElkX2NhcnQgewogICAgYmFja2dyb3VuZC1jb2xvcjogI2Y4ZjhmODsKICAgIGJvcmRlcjogMXB4IHNvbGlkICNkZGQ7CiAgICBwYWRkaW5nOiA4cHg7CiAgICBtYXJnaW46IDE2cHggMDsKfQoKc3Bhbi5wcmljZTEgewogICAgY29sb3I6ICMzMzMgIWltcG9ydGFudDsKICAgIGZvbnQtd2VpZ2h0OiBib2xkOwogICAgZm9udC1zaXplOiA4MCUgIWltcG9ydGFudDsKICAgIGxpbmUtaGVpZ2h0OiAzMHB4OwogICAgZGlzcGxheTogaW5saW5lLWJsb2NrOwogICAgbWFyZ2luLXJpZ2h0OiAxNnB4Owp9CgotLT4KPC9zdHlsZT4KCjwhLS3jg5Djg4rjg7zjgqjjg6rjgqItLT4KCjwhLS3jgJDmtojjgZnjgarvvIHjgJHimIXimIXimIUgaGVpZ2h0PSIzODAiIOOBp+ioreWumuOBl+OBpuOBj+OBoOOBleOBhOOAguKYheKYheKYhS0tPgo8IS0t44OQ44OK44O844Ko44Oq44Ki44GT44GT44G+44GnLS0+Cgo8IS0t5qW95aSp44Kt44Oj44Oz44Oa44O844OzLS0+Cgo8aDIgc3R5bGU9Im1hcmdpbjoyMHB4IDAgMTBweCAwOyI+PGltZyBzcmM9Imh0dHA6Ly93d3cucmFrdXRlbi5uZS5qcC9nb2xkL2FraWJhbWFjL2ZyYW1lL2ltYWdlcy9yYWt1dGVuX3RpdGxlMi5naWYiIGFsdD0i5qW95aSp5biC5aC044Gu44GK5b6X44Gq44Kt44Oj44Oz44Oa44O844OzIiB3aWR0aD0iNzMwIiBoZWlnaHQ9IjQyIiBib3JkZXI9IjAiPjwvaDI+CjxkaXYgY2xhc3M9InJha3V0ZW4tY2FtcCIgc3R5bGU9Im1hcmdpbjowIDAgMCAwOyI+CgoKPCEtLealveWkqeOCreODo+ODs+ODmuODvOODs0DjgZPjgZPjgb7jgactLT4=,44CQ6YCB5paZ54Sh5paZ44CR44K944OL44O8IOOCueODnuODvOODiOODleOCqeODs+eUqO+8u21pY3JvIFVTQu+8j1VTQue1pumbu++8vSBVU0Ljg6Ljg5DjgqTjg6vjg5Djg4Pjg4bjg6rjg7wg77yLbWljcm8gVVNC44Kx44O844OW44OrIDIwY20g77yIMTAwMDBtQWjjg7vjg5bjg6njg4Pjgq/vvIkgQ1AtVjEwQSBCIChDUFYxMEFCKe+8muOCveODleODnuODg+ODl+OAgOODh+OCuOOCv+ODq+OCs+ODrOOCr+OCt+ODp+ODsw==,44K944OV44Oe44OD44OXIOODh+OCuOOCv+ODq+OCs+ODrOOCr+OCt+ODp+ODs1NvZm1hcCBEaWdpdGFsIENvbGxlY3Rpb27jg5Hjgr3jgrPjg7Pjgr/jg5bjg6zjg4Pjg4hQQ0hEROOCouOCu+ODs+ODluODquODkeODvOODhOODkeOCveOCs+ODs+ODkeODvOODhOODhuODrOODk+OCsuODvOODoOODluODq+ODvOODrOOCpOOCveODleODiERWROOCveODleODiOa2suaZtuODhuODrOODk+ODluODq+ODvOODrOOCpOODh+OCo+OCueOCr+ODrOOCs+ODvOODgOODvOODh+OCuOOCv+ODq+S4gOecvOODrOODleOCq+ODoeODqeODh+OCuOOCv+ODq+OCq+ODoeODqeWutumbu+aZguioiOS4reWPpOOAgOOCveODleODiOOCouOCpuODiOODrOODg+ODiOS4reWPpOODjuODvOODiOODkeOCveOCs+ODs+S4reWPpOODkeOCveOCs+ODs+OAkOmAgeaWmeeEoeaWmeOAkeOCveODi+ODvCDjgrnjg57jg7zjg4jjg5Xjgqnjg7PnlKjvvLttaWNybyBVU0LvvI9VU0Lntabpm7vvvL0gVVNC44Oi44OQ44Kk44Or44OQ44OD44OG44Oq44O8IO+8i21pY3JvIFVTQuOCseODvOODluODqyAyMGNtIO+8iDEwMDAwbUFo44O744OW44Op44OD44Kv77yJIENQLVYxMEEgQiAoQ1BWMTBBQik=,44CQ6YCB5paZ54Sh5paZ44CR44K944OL44O8IOOCueODnuODvOODiOODleOCqeODs+eUqO+8u21pY3JvIFVTQu+8j1VTQue1pumbu++8vSBVU0Ljg6Ljg5DjgqTjg6vjg5Djg4Pjg4bjg6rjg7wg77yLbWljcm8gVVNC44Kx44O844OW44OrIDIwY20g77yIMTAwMDBtQWjjg7vjg5bjg6njg4Pjgq/vvIkgQ1AtVjEwQSBCIChDUFYxMEFCKQ==[rn]
3-47100,aHR0cDovL3RzaG9wLnIxMHMuanAvYWtpYmFtYWMvY2FiaW5ldC8wNTA1MDczOS80NTIyMzI3ODY5ODMzLmpwZz9maXRpbj03MDA6NzAw,MjU1Mi4wMDAw,,44K544Oe44O844OI44OV44Kp44Oz44O744K/44OW44Os44OD44OIID4g44OQ44OD44OG44Oq44O844O75YWF6Zu75ZmoID4g44Oi44OQ44Kk44Or44OQ44OD44OG44Oq44O8,SEFNRUXjgrnjg57jg7zjg4jjg5Xjgqnjg7PnlKjvvLttaWNybyBVU0LvvL0gVVNC44Oi44OQ44Kk44Or44OQ44OD44OG44Oq44O8IO+8i21pY3JvIFVTQuOCseODvOODluODqyAyOGNtIO+8iDMwMDBtQWjjg7vjg4fjgqPjgrrjg4vjg7wg44OH44Kk44K444O8IOOCouODg+ODl++8iSAoRFPvvpPvvorvvp7vva/vvoPvvpgzMDAw776D776e772yKQ==,,PHRhYmxlIGJvcmRlcj0iMCIgY2VsbHBhZGRpbmc9IjAiIGNlbGxzcGFjaW5nPSIwIiB3aWR0aD0iNzEwIiBzdHlsZT0ibGluZS1oZWlnaHQ6MTQwJTsiPjx0cj48dGQ+PGZvbnQgc2l6ZT0iMiI+4pag6JaE44GP44Gm6Lu944GE44Gu44Gr44CB44OH44K244Kk44Oz44KC44Kt44Ol44O844OI44CC44GT44KT44Gq5YWF6Zu75Zmo44KS5b6F44Gj44Gm44GE44Gf77yB44OH44Kj44K644OL44O844Oi44OQ44Kk44Or5YWF6Zu75Zmo44Gn5q+O5pel44Gu44K544Oe44Ob44Op44Kk44OV44Gr5b2p44KK44KS5LiO44GI44G+44GX44KH44GGITxicj48YnI+4pag5ZCN5Yi644K144Kk44K644Gn44CB5Y6a44GV44Gv57SEOS42772N772N44Go6JaE5Z6L44Gg44GL44KJ44CB5bCP44GV44Gq44OQ44OD44Kw44Gn44KC6YKq6a2U44Gr44Gq44KK44G+44Gb44KT44CCPGJyPjxicj7ilqDjgrnjg57jg5vjgpLvvJHlm57lhYXpm7vjgafjgY3jgosoMTgwMG1BaOOBruOCueODnuODvOODiOODleOCqeODs+OBq+WFhembu+OBl+OBn+WgtOWQiCnjgYvjgonjgIHkuIDml6Xjga7lhYXpm7vjga/jgZPjgozjgbLjgajjgaTjgadPS+KZqjxicj48YnI+4pag44Of44OD44Kt44O844CB44Of44OL44O844CB44OJ44OK44Or44OJ44CB44OH44Kk44K444O844Gu44Gp44Ki44OD44OX44Gq44OH44K244Kk44Oz44GM44Kk44Oz44OR44Kv44OI5aSn77yB44GK5Y+L6YGU44KE5b2844Go44Oa44Ki44Gn44Gd44KN44GI44Gm44KC5qW944GX44GE4pmqPGJyPjxicj48YnI+4oC7IG1pY3JvIFVTQuS7peWkluOBr+OAgeWIpemAlFVTQuWFhembu+OCseODvOODluODq+OBjOW/heimgeOBp+OBmeOAgjxicj48YnI+KEMpRGlzbmV5PGJyPjxicj7jgJDoo73lk4Hku5Xmp5jjgJE8YnI+5pys5L2TIO+8miDntITnuKY5LjbDl+aoqjUuOMOX5Y6aMC45Y20gPGJyPm1pY3JvVVNC44Kx44O844OW44Or6ZW3IO+8miDntIQyOGNtIDxicj48YnI+44CQ44Gd44Gu5LuW5LuV5qeY44CRICA8YnI+6Zu75rGg5a656YePIO+8miAzMDAwbUFoIDxicj7kvb/nlKjpm7vmsaAg77yaIOODquODgeOCpuODoOmbu+axoCA8YnI+5YWl5Yqb6Zu75ZynIO+8miBtaWNyb1VTQiA1Vi8xQSA8YnI+5Ye65Yqb6Zu75ZynIO+8miBVU0IgNVYvMS41QSA8YnI+5L2/55So55Kw5aKD5rip5bqmIO+8miDvvI0xMO+9nu+8izQ14oSDIDxicj7ph43ph48g77yaIDgxZyA8YnI+44K144Kk44Kv44Or5a+/5ZG9IO+8miDntIQ1MDDlm54gPGJyPuS4u+e0oOadkCDvvJogQUJD44CBUEMgPGJyPuOCu+ODg+ODiOWGheWuuSDvvJog5YWF6Zu75Zmo44CBbWljcm9VU0LjgrHjg7zjg5bjg6vjgIHlj5bmibHoqqzmmI7mm7jvvIjkv53oqLzmm7jku5jjgY3vvIk8YnI+PGJyPjwvZm9udD48L3RkPjwvdHI+PC90YWJsZT48c3R5bGUgdHlwZT0idGV4dC9jc3MiPgo8IS0tCi5yYWt1dGVuLWNhbXAgewoJd2lkdGg6IDcyNXB4OwoJYm9yZGVyOiAycHggc29saWQgIzMzOTlGRjsKCXBhZGRpbmctdG9wOiA1cHg7CgktbW96LWJvcmRlci1yYWRpdXM6NHB4OyAvKkZpcmVmb3gqLwoJLXdlYmtpdC1ib3JkZXItcmFkaXVzOiA0cHg7IC8qU2FmYXJpLENocm9tZSovCglib3JkZXItcmFkaXVzOjRweDsgLypPcGVyYSxDaHJvbWUqLwoJbWFyZ2luOjAgMTBweCAxMHB4IDA7Cn0KCi8qIOS+oeagvOOBq+aeoOe3muOBjOOBpOOBjyAqLwp0YWJsZSNyYWt1dGVuTGltaXRlZElkX2NhcnQgewogICAgYmFja2dyb3VuZC1jb2xvcjogI2Y4ZjhmODsKICAgIGJvcmRlcjogMXB4IHNvbGlkICNkZGQ7CiAgICBwYWRkaW5nOiA4cHg7CiAgICBtYXJnaW46IDE2cHggMDsKfQoKc3Bhbi5wcmljZTEgewogICAgY29sb3I6ICMzMzMgIWltcG9ydGFudDsKICAgIGZvbnQtd2VpZ2h0OiBib2xkOwogICAgZm9udC1zaXplOiA4MCUgIWltcG9ydGFudDsKICAgIGxpbmUtaGVpZ2h0OiAzMHB4OwogICAgZGlzcGxheTogaW5saW5lLWJsb2NrOwogICAgbWFyZ2luLXJpZ2h0OiAxNnB4Owp9CgotLT4KPC9zdHlsZT4KCjwhLS3jg5Djg4rjg7zjgqjjg6rjgqItLT4KCjwhLS3jgJDmtojjgZnjgarvvIHjgJHimIXimIXimIUgaGVpZ2h0PSIzODAiIOOBp+ioreWumuOBl+OBpuOBj+OBoOOBleOBhOOAguKYheKYheKYhS0tPgo8IS0t44OQ44OK44O844Ko44Oq44Ki44GT44GT44G+44GnLS0+Cgo8IS0t5qW95aSp44Kt44Oj44Oz44Oa44O844OzLS0+Cgo8aDIgc3R5bGU9Im1hcmdpbjoyMHB4IDAgMTBweCAwOyI+PGltZyBzcmM9Imh0dHA6Ly93d3cucmFrdXRlbi5uZS5qcC9nb2xkL2FraWJhbWFjL2ZyYW1lL2ltYWdlcy9yYWt1dGVuX3RpdGxlMi5naWYiIGFsdD0i5qW95aSp5biC5aC044Gu44GK5b6X44Gq44Kt44Oj44Oz44Oa44O844OzIiB3aWR0aD0iNzMwIiBoZWlnaHQ9IjQyIiBib3JkZXI9IjAiPjwvaDI+CjxkaXYgY2xhc3M9InJha3V0ZW4tY2FtcCIgc3R5bGU9Im1hcmdpbjowIDAgMCAwOyI+CgoKPCEtLealveWkqeOCreODo+ODs+ODmuODvOODs0DjgZPjgZPjgb7jgactLT4=,SEFNRUXjgrnjg57jg7zjg4jjg5Xjgqnjg7PnlKjvvLttaWNybyBVU0LvvL0gVVNC44Oi44OQ44Kk44Or44OQ44OD44OG44Oq44O8IO+8i21pY3JvIFVTQuOCseODvOODluODqyAyOGNtIO+8iDMwMDBtQWjjg7vjg4fjgqPjgrrjg4vjg7wg44OH44Kk44K444O8IOOCouODg+ODl++8iSAoRFPvvpPvvorvvp7vva/vvoPvvpgzMDAw776D776e772yKe+8muOCveODleODnuODg+ODl+OAgOODh+OCuOOCv+ODq+OCs+ODrOOCr+OCt+ODp+ODsw==,44K944OV44Oe44OD44OXIOODh+OCuOOCv+ODq+OCs+ODrOOCr+OCt+ODp+ODs1NvZm1hcCBEaWdpdGFsIENvbGxlY3Rpb27jg5Hjgr3jgrPjg7Pjgr/jg5bjg6zjg4Pjg4hQQ0hEROOCouOCu+ODs+ODluODquODkeODvOODhOODkeOCveOCs+ODs+ODkeODvOODhOODhuODrOODk+OCsuODvOODoOODluODq+ODvOODrOOCpOOCveODleODiERWROOCveODleODiOa2suaZtuODhuODrOODk+ODluODq+ODvOODrOOCpOODh+OCo+OCueOCr+ODrOOCs+ODvOODgOODvOODh+OCuOOCv+ODq+S4gOecvOODrOODleOCq+ODoeODqeODh+OCuOOCv+ODq+OCq+ODoeODqeWutumbu+aZguioiOS4reWPpOOAgOOCveODleODiOOCouOCpuODiOODrOODg+ODiOS4reWPpOODjuODvOODiOODkeOCveOCs+ODs+S4reWPpOODkeOCveOCs+ODs0hBTUVF44K544Oe44O844OI44OV44Kp44Oz55So77y7bWljcm8gVVNC77y9IFVTQuODouODkOOCpOODq+ODkOODg+ODhuODquODvCDvvIttaWNybyBVU0LjgrHjg7zjg5bjg6sgMjhjbSDvvIgzMDAwbUFo44O744OH44Kj44K644OL44O8IOODh+OCpOOCuOODvCDjgqLjg4Pjg5fvvIkgKERT776T776K776e772v776D776YMzAwMO++g+++nu+9sik=,SEFNRUXjgrnjg57jg7zjg4jjg5Xjgqnjg7PnlKjvvLttaWNybyBVU0LvvL0gVVNC44Oi44OQ44Kk44Or44OQ44OD44OG44Oq44O8IO+8i21pY3JvIFVTQuOCseODvOODluODqyAyOGNtIO+8iDMwMDBtQWjjg7vjg4fjgqPjgrrjg4vjg7wg44OH44Kk44K444O8IOOCouODg+ODl++8iSAoRFPvvpPvvorvvp7vva/vvoPvvpgzMDAw776D776e772yKQ==[rn]
