30-32901,aHR0cDovL3RzaG9wLnIxMHMuanAva2lzc3lzaG9wL2NhYmluZXQvMDMzNzA0MjMvMDM0NDU1MTQvaW1ncmMwMDYyOTMxNzkyLmpwZz9maXRpbj03MDA6NzAw,MjU5Mi4wMDAw,,44Kt44OD44K644O744OZ44OT44O844O744Oe44K/44OL44OG44KjID4g44Kt44OD44K6ID4g5a2Q5L6b5pyN44O75rSL5ZOB77yI5bi95a2Q44O75rC0552A44O76Zuo5YW377yJID4g6Zuo5YW3ID4g44Os44Kk44Oz44Kz44O844OI,44Os44Kk44Oz44Kz44O844OIMTAwLzExMC8xMjAvMTMwIENhcnMg44Kr44O844K644CA44Kk44Ko44Ot44O844O7Q2Fycw==,44Op44Oz44OJ44K744Or5a++5b+c44CA44Os44Kk44Oz44Kz44O844OI44CA44Kr44OD44ORIOeUt+OBruWtkA==,44CAPHRhYmxlIHdpZHRoPSI0MDAiIGJnY29sb3I9IiNjY2NjY2MiIGNlbGxzcGFjaW5nPSIxIiBjZWxscGFkZGluZz0iMyI+PHRyPjx0aCBjb2xzcGFuPSIyIiBhbGlnbj0iY2VudGVyIiBiZ2NvbG9yPSIjZmZmZmZmIj48Yj4KPGZvbnQgY29sb3I9IiMzMzMzMzMiPuODqeODs+ODieOCu+ODq+WvvuW/nOODrOOCpOODs+OCs+ODvOODiDwvZm9udD48L2I+PC90aD48L3RyPjx0cj48dGggd2lkdGg9Ijk0IiBhbGlnbj0iY2VudGVyIiBiZ2NvbG9yPSIjZmZmZmZmIj48Zm9udCAKc2l6ZT0iMiIgY29sb3I9IiM2NjY2NjYiPuWVhuWTgeiqrOaYjjwvZm9udD48L3RoPjx0ZCB3aWR0aD0iMjkxIiBiZ2NvbG9yPSIjZmZmZmZmIj48Zm9udCBzaXplPSIyIiBjb2xvcj0iIzY2NjY2NiI+CuKXi+ODneOCseODg+ODiOOBqOiDjOS4reOBruOCueODiuODg+ODl+OBruODgeOCp+ODg+OCq+ODvOODleODqeODg+OCsOOBjOWKueOBhOOBnwpDYXJz77yI44Kr44O844K677yJ44Gu44Op44Oz44OJ44K744Or5a++5b+c44Os44Kk44Oz44Kz44O844OI44Gn44GZ44CCPGJyIC8+CuKYhuiDjOS4reOBruOCueODiuODg+ODl+ODnOOCv+ODs+OCkuOBr+OBmuOBmeOBqOODqeODs+ODieOCu+ODq+OCkuiDjOiyoOOBo+OBn+OBvuOBvuedgOOCieOCjOOBvuOBmeOAgjxiciAvPgrimIbjg5Xjg7zjg4nku5jjgY08QlI+CuKYhuOBiuaPg+OBhOOBruWPjue0jeiii+S7mOOBjTwvZm9udD48L3RkPjwvdHI+PHRyPgo8dGggd2lkdGg9Ijk0IiBhbGlnbj0iY2VudGVyIiBiZ2NvbG9yPSIjZmZmZmZmIj48Zm9udCBzaXplPSIyIiBjb2xvcj0iIzY2NjY2NiI+77yz77yw77yl77yjPGJyIC8+PC9mb250PjwvdGg+PHRkIHdpZHRoPSIyOTEiIApiZ2NvbG9yPSIjZmZmZmZmIj48Zm9udCBzaXplPSIyIiBjb2xvcj0iIzY2NjY2NiI+44K144Kk44K6PEJSPgoxMDAg552A5LiI57SENjBjbSDpganlv5zouqvplbc5Ne+9njEwNWNtPGJyIC8+CjExMCDnnYDkuIjntIQ2NmNtIOmBqeW/nOi6q+mVtzEwNWNt772eMTE1Y208YnIgLz4KMTIwIOedgOS4iOe0hDcyY20g6YGp5b+c6Lqr6ZW3MTE1Y23vvZ4xMjVjbTxiciAvPgoxMzAg552A5LiI57SENzhjbSDpganlv5zouqvplbcxMjVjbe+9njEzNWNtPGJyIC8+PGJyIC8+Cue0oOadkO+8muODneODquOCqOOCueODhuODqzEwMO+8hTxiciAvPgrmkqXmsLTliqDlt6U8YnIgLz48YnIgLz48L2ZvbnQ+PC90ZD48L3RyPjx0cj48dGggd2lkdGg9Ijk0IiBhbGlnbj0iY2VudGVyIiBiZ2NvbG9yPSIjZmZmZmZmIj48Zm9udCBzaXplPSIyIiBjb2xvcj0iIzY2NjY2NiI+CuOBiuWxiuOBkeaZguacn+OBq+OBpOOBhOOBpjwvZm9udD48L3RoPjx0ZCB3aWR0aD0iMjkxIiBiZ2NvbG9yPSIjZmZmZmZmIj48Zm9udCBzaXplPSIyIiBjb2xvcj0iIzY2NjY2NiI+PGJyIC8+4piF44Oh44O844Or44GM5bGK44GL44Gq44GE44GK5a6i5qeY4piFPGJyIC8+CuOBlOazqOaWh+W+jOOAgeiHquWLlemFjeS/oeODoeODvOODq+OBjOWxiuOBi+OBquOBhOOBiuWuouanmOOBrzxiciAvPmtpc3N5c2hvcEBzaG9wLnJha3V0ZW4uY28uanA8YnIgLz7jgb7jgafjg6Hjg7zjg6vjgpLjgYrpgIHjgorjgY/jgaDjgZXjgYTjgII8YnIgLz48L2ZvbnQ+PC90ZD48L3RyPgo8dHI+PHRoIHdpZHRoPSI5NCIgYWxpZ249ImNlbnRlciIgYmdjb2xvcj0iI2ZmZmZmZiI+PGZvbnQgc2l6ZT0iMiIgY29sb3I9IiM2NjY2NjYiPumFjemAgeOBq+OBpOOBhOOBpjwvZm9udD48L3RoPjx0ZCB3aWR0aD0iMjkxIiAKYmdjb2xvcj0iI2ZmZmZmZiI+PGZvbnQgc2l6ZT0iMiIgY29sb3I9IiM2NjY2NjYiPuWuhemFjeS+v+OAgOWuhemFjeS+v+OBp+OBiuWxiuOBkTxiciAvPjxiciAvPuOChuOBhuODoeODvOODq+OAgDI4MOWGhu+8iDHlgIvjgb7jgafvvIk8YnIgLz48YnIgLz4KPC9mb250PjwvdGQ+PC90cj48L3RhYmxlPjxCUj48QlI+PEJSPjxjZW50ZXI+Cjx0YWJsZSB3aWR0aD0iMTAwJSIgY2VsbHNwYWNpbmc9IjAiIGNlbGxwYWRkaW5nPSIwIiBib3JkZXI9IjAiPgoKPC90YWJsZT4KPC9jZW50ZXI+CjxCUj4K5rOo55uu44Ov44O844OJ77ya44Op44Oz44OB44On44Oz44Oe44OD44OI44CA44Of44OL44OP44Oz44Kr44OB44CA5L2T5pON5pyN5YWl44KM44CA6IKM552A44CA5YKYPGJyPgo8QlI+CjxCUj4KCgoKCgoKCgoKPCEtLSDjgZPjgZPjgYvjgokg6LO85YWl5bGl5q20IC0tPgo8ZGl2IHN0eWxlPSJ3aWR0aDo3NTBweDsgbWFyZ2luOjBweDsiPgo8ZGl2Pgo8ZGl2IHN0eWxlPSJiYWNrZ3JvdW5kLWNvbG9yOiNmZmZmZmY7CmhlaWdodDo0MDBweDsgb3ZlcmZsb3c6aGlkZGVuOyBtYXJnaW46MXB4OyBwYWRkaW5nOjE7IGJvcmRlcjoxcHggc29saWQgI2VkZWRlZDsiPgoKCiAgPHAgc3R5bGU9ImNvbG9yOiMwMDAwMDA7IGZvbnQtc2l6ZToxNHB4OyBmb250LXdlaWdodDpib2xkOyBtYXJnaW46MDsgbGluZS1oZWlnaHQ6MjVweDsgdGV4dC1hbGlnbjpsZWZ0OyBwYWRkaW5nOjAgMCAwIDEwcHg7IG1hcmdpbjowOyBib3JkZXItYm90dG9tOjJweCBkYXNoZWQgI0M3QUI3MzsgbGV0dGVyLXNwYWNpbmc6MnB4Ij7jgZTms6jmlofjgYLjgorjgYzjgajjgYbjgZTjgZbjgYTjgb7jgZk8L3A+CiAgPGRpdiBzdHlsZT0iYmFja2dyb3VuZC1jb2xvcjojRkZGRkZGOyBtYXJnaW46MTVweCAwIDAgMDsgcGFkZGluZzowIj4KCgoKCgo8L2Rpdj48L2Rpdj4KPCEtLSDjgZPjgZPjgb7jgacgLS0+CgoKCjxicj48YnI+PGJyPgoKCgoKCgo8IS0tIOOBk+OBk+OBi+OCiSDjg6zjg5Pjg6Xjg7wgLS0+CjxkaXYgc3R5bGU9IndpZHRoOjc1MHB4OyBtYXJnaW46MHB4OyI+CjxkaXY+CjxkaXYgc3R5bGU9ImJhY2tncm91bmQtY29sb3I6I2ZmZmZmZjsKaGVpZ2h0OjQwMHB4OyBvdmVyZmxvdzpoaWRkZW47IG1hcmdpbjoxcHg7IHBhZGRpbmc6MTsgYm9yZGVyOjFweCBzb2xpZCAjZWRlZGVkOyI+CgoKCiAgPHAgc3R5bGU9ImNvbG9yOiMwMDAwMDA7IGZvbnQtc2l6ZToxNHB4OyBmb250LXdlaWdodDpib2xkOyBtYXJnaW46MDsgbGluZS1oZWlnaHQ6MjVweDsgdGV4dC1hbGlnbjpsZWZ0OyBwYWRkaW5nOjAgMCAwIDEwcHg7IG1hcmdpbjowOyBib3JkZXItYm90dG9tOjJweCBkYXNoZWQgI0M3QUI3MzsgbGV0dGVyLXNwYWNpbmc6MnB4Ij7jgYrlrqLmp5jjga7lo7DjgpLpoILmiLTjgZfjgb7jgZfjgZ88L3A+CiAgPGRpdiBzdHlsZT0iYmFja2dyb3VuZC1jb2xvcjojRkZGRkZGOyBtYXJnaW46MTVweCAwIDAgMDsgcGFkZGluZzowOyBoZWlnaHQ6Mjk3cHg7Ij4KCjwvZGl2PjwvZGl2PgoKCgo8IS0tIOOBk+OBk+OBvuOBpyAtLT4KCgoKCgoKPGJyPjxicj48YnI+CgoKCgoKCgoKPHN0eWxlIHR5cGU9InRleHQvY3NzIj4KPCEtLQoKLyog5YCL5pWw5YWl5Yqb5qyE44Gu5aSn44GN44GVICovCmlucHV0I3VuaXRzIHsKcGFkZGluZzogMXB4IDBweDsKfQoKLyog44GK6LK344GE54mp44GL44GU44Oc44K/44Oz44Gu5aSn44GN44GVICovCnRkID4gaW5wdXQgewpmb250LXNpemU6IHgtbGFyZ2U7CmNvbG9yOiAjMEIzQjE3Owpmb250LXdlaWdodDogNzAwOwpwYWRkaW5nOjMwcHggNDVweDsKZm9udC1mYW1pbHk6ICJIaXJhZ2lubyBLYWt1IEdvdGhpYyBQcm9OIiwi44Oh44Kk44Oq44KqIiwgc2Fucy1zZXJpZjsKfQoKLyog44CM5ZWG5ZOB44Gr44Gk44GE44Gm44Gu5ZWP44GE5ZCI44KP44Gb44CN44Oc44K/44Oz44Gu5aSn44GN44GVKi8KZm9udCBpbnB1dCB7CmZvbnQtc2l6ZTogMTJweDsKcGFkZGluZzoycHg7CndpZHRoOiAxNTBweDsKfQoKLS0+Cjwvc3R5bGU+,44Os44Kk44Oz44Kz44O844OIMTAwLzExMC8xMjAvMTMwIENhcnMg44Kr44O844K644CA44Kk44Ko44Ot44O844O7Q2Fyc++8mumAmuWckuOCsOODg+OCuktJU1NZ,44GK5pi85a+d5biD5Zuj44Kt44Oj44Op44Kv44K/44O844Kr44OQ44O844CA44Kq44O844OA44O844Oe44Kk44Oh44Ot44OH44Kj6YCa5ZyS44OQ44OD44Kw6YCa5ZyS44Kw44OD44K65YWl5ZyS44K144Oz44Oq44Kq5YWl5ZyS5be+552A44GK5byB5b2T5omL5o+Q44GS44OQ44OD44Kw44Oq44Ol44OD44Kv6IKp5o6b44GR44OQ44OD44Kw44Kt44Or44OI44Kz44OD44OI44Oz44OP44Oz44OJ44Oh44Kk44OJ5omL5L2c44KK5L+d6IKy5ZyS44OP44Ot44O844Kt44OG44Kj44Os44Kk44Oz44Kz44O844OIMTAwLzExMC8xMjAvMTMwIENhcnMg44Kr44O844K644CA44Kk44Ko44Ot44O844O7Q2Fycw==,44Op44Oz44OJ44K744Or5a++5b+c44CA44Os44Kk44Oz44Kz44O844OI44CA44Kr44OD44ORIOeUt+OBruWtkOOAguODrOOCpOODs+OCs+ODvOODiDEwMC8xMTAvMTIwLzEzMCBDYXJzIOOCq+ODvOOCuuOAgOOCpOOCqOODreODvOODu0NhcnM=[rn]
30-32902,aHR0cDovL3RzaG9wLnIxMHMuanAva2lzc3lzaG9wL2NhYmluZXQvMTU4Nzk1NF8wMC5qcGc/Zml0aW49NzAwOjcwMA==,MzQ1Ni4wMDAw,,44Kt44OD44K644O744OZ44OT44O844O744Oe44K/44OL44OG44KjID4g44Kt44OD44K6ID4g5a2Q5L6b5pyN44O75rSL5ZOB77yI5bi95a2Q44O75rC0552A44O76Zuo5YW377yJID4g6Zuo5YW3ID4g44Os44Kk44Oz44Kz44O844OI,44Os44Kk44Oz44Kz44O844OI4piG44OJ44Os44K544K/44Kk44OX77yI44ON44Kk44OT44O877yJ44Op44Oz44OJ44K744Or5a++5b+c44Os44Kk44Oz44Kz44O844OI44CQ5YWl5a2m5rqW5YKZ44CR,44CQ5YWl5a2m5rqW5YKZ44CR5YWl5ZyS44O75YWl5a2mL+ijvuOBruODrOOCpOODpOODvOOBjOOCreODrOOCpOOBquODieODrOOCueOCv+OCpOODlw==,44CAPHRhYmxlIHdpZHRoPSI0MDAiIGJnY29sb3I9IiNjY2NjY2MiIGNlbGxzcGFjaW5nPSIxIiBjZWxscGFkZGluZz0iMyI+PHRyPjx0aCBjb2xzcGFuPSIyIiBhbGlnbj0iY2VudGVyIiBiZ2NvbG9yPSIjZmZmZmZmIj48Yj4KPGZvbnQgY29sb3I9IiMzMzMzMzMiPuWFpeWtpua6luWCmeKYheODqeODs+ODieOCu+ODq+WvvuW/nOODrOOCpOODs+OCs+ODvOODiDwvZm9udD48L2I+PC90aD48L3RyPjx0cj48dGggd2lkdGg9Ijk0IiBhbGlnbj0iY2VudGVyIiBiZ2NvbG9yPSIjZmZmZmZmIj48Zm9udCAKc2l6ZT0iMiIgY29sb3I9IiM2NjY2NjYiPuWVhuWTgeiqrOaYjjwvZm9udD48L3RoPjx0ZCB3aWR0aD0iMjkxIiBiZ2NvbG9yPSIjZmZmZmZmIj48Zm9udCBzaXplPSIyIiBjb2xvcj0iIzY2NjY2NiI+CuODqeODs+ODieOCu+ODq+WvvuW/nOODrOOCpOODs+OCs+ODvOODiOOBp+OBmeOAgjxiciAvPgroo77jga7jg6zjgqTjg6Tjg7zjgYzjgq3jg6zjgqTjgarjg4njg6zjgrnjgr/jgqTjg5c8QlI+CuKYhuijvuOBq+OCt+ODq+ODkOODvOODhuODvOODl+S7mOOBjTxiciAvPgrimIblj5bjgorlpJbjgZflj6/og73jgarjg5Xjg7zjg4njgajjgIHmjIHjgaHpgYvjgbPjgavkvr/liKnjgarlj47ntI3jg53jg7zjg4Hku5g8YnIgLz4KPC9mb250PjwvdGQ+PC90cj48dHI+Cjx0aCB3aWR0aD0iOTQiIGFsaWduPSJjZW50ZXIiIGJnY29sb3I9IiNmZmZmZmYiPjxmb250IHNpemU9IjIiIGNvbG9yPSIjNjY2NjY2Ij7vvLPvvLDvvKXvvKM8YnIgLz48L2ZvbnQ+PC90aD48dGQgd2lkdGg9IjI5MSIgCmJnY29sb3I9IiNmZmZmZmYiPjxmb250IHNpemU9IjIiIGNvbG9yPSIjNjY2NjY2Ij4K44K144Kk44K677yIMTIw77yJMTE1772eMTI1Y20g552A5LiI57SENjguNWNtPGJyIC8+CuOCteOCpOOCuu+8iDEzMO+8iTEyNWNt772eMTM1Y20g552A5LiI57SENzQuNWNtPGJyIC8+CuOCteOCpOOCuu+8iDE0MO+8iTEzNWNt772eMTQ1Y20g552A5LiI57SEODAuNWNtPGJyIC8+CuOCteOCpOOCuu+8iDE1MO+8iTE0NWNt772eMTU1Y20g552A5LiI57SEODYuNWNtPGJyIC8+CuOCteOCpOOCuu+8iDE2MO+8ieedgOS4iOe0hDkyLjVjbQo8YnIgLz4K57Sg5p2Q77ya44Od44Oq44Ko44K544OG44OrMTAw77yFPGJyIC8+CuaSpeawtOWKoOW3pTxiciAvPjxiciAvPjwvZm9udD48L3RkPjwvdHI+PHRyPjx0aCB3aWR0aD0iOTQiIGFsaWduPSJjZW50ZXIiIGJnY29sb3I9IiNmZmZmZmYiPjxmb250IHNpemU9IjIiIGNvbG9yPSIjNjY2NjY2Ij4K44GK5bGK44GR5pmC5pyf44Gr44Gk44GE44GmPC9mb250PjwvdGg+PHRkIHdpZHRoPSIyOTEiIGJnY29sb3I9IiNmZmZmZmYiPjxmb250IHNpemU9IjIiIGNvbG9yPSIjNjY2NjY2Ij7pgJrluLjjgIAy5Za25qWt5pel5Lul5YaF44Gr55m66YCBPGJyIC8+PGJyIC8+CuOAjDXvvZ4xMOaXpeOBp+WFpeiNt+OAgeeZuumAgeOAjeOBqOOBquOBo+OBpuOBhOOCi+WgtOWQiOOBrzxiciAvPuWcqOW6q+WIh+OCjOOAgeWFpeiNt+W+heOBoeOBp+OBmeOAgjxiciAvPgrjg6Hjg7zjgqvjg7zmrKDlk4HjgaflhaXojbfjgYzpgYXjgozjgZ/jgorjgIHlrozlo7LjgavjgarjgaPjgabjgYTjgovloLTlkIjjga/jg6Hjg7zjg6vjgafjgYrnn6XjgonjgZvjgYTjgZ/jgZfjgb7jgZnjgII8YnIgLz48YnIgLz48YnIgLz7imIXjg6Hjg7zjg6vjgYzlsYrjgYvjgarjgYTjgYrlrqLmp5jimIU8YnIgLz4K44GU5rOo5paH5b6M44CB6Ieq5YuV6YWN5L+h44Oh44O844Or44GM5bGK44GL44Gq44GE44GK5a6i5qeY44GvPGJyIC8+a2lzc3lzaG9wQHNob3AucmFrdXRlbi5jby5qcDxiciAvPuOBvuOBp+ODoeODvOODq+OCkuOBiumAgeOCiuOBj+OBoOOBleOBhOOAgjxiciAvPjwvZm9udD48L3RkPjwvdHI+Cjx0cj48dGggd2lkdGg9Ijk0IiBhbGlnbj0iY2VudGVyIiBiZ2NvbG9yPSIjZmZmZmZmIj48Zm9udCBzaXplPSIyIiBjb2xvcj0iIzY2NjY2NiI+6YWN6YCB44Gr44Gk44GE44GmPC9mb250PjwvdGg+PHRkIHdpZHRoPSIyOTEiIApiZ2NvbG9yPSIjZmZmZmZmIj48Zm9udCBzaXplPSIyIiBjb2xvcj0iIzY2NjY2NiI+5a6F6YWN5L6/44CA5a6F6YWN5L6/44Gn44GK5bGK44GRPGJyIC8+PGJyIC8+44KG44GG44Oh44O844Or44CAMjgw5YaG77yIMeWAi+OBvuOBp++8iTxiciAvPjxiciAvPgropIfmlbDjga7jgZTms6jmlofjgafjgZnjgajjgIHmlpnph5HjgYzlpInjgo/jgorjgb7jgZnjgII8YnIgLz7lroXphY3kvr/jgbjlpInmm7TjgZXjgZvjgabjgYTjgZ/jgaDjgY/loLTlkIjjgYzjgZTjgZbjgYTjgb7jgZkKPC9mb250PjwvdGQ+PC90cj48L3RhYmxlPjxCUj48QlI+PEJSPjxjZW50ZXI+Cjx0YWJsZSB3aWR0aD0iMTAwJSIgY2VsbHNwYWNpbmc9IjAiIGNlbGxwYWRkaW5nPSIwIiBib3JkZXI9IjAiPgoKPC90YWJsZT4KPC9jZW50ZXI+CjxCUj4K5rOo55uu44Ov44O844OJ77ya44Op44Oz44OB44On44Oz44Oe44OD44OI44CA44Of44OL44OP44Oz44Kr44OB44CA5L2T5pON5pyN5YWl44KM44CA6IKM552A44CA5YKYPGJyPgo8QlI+CjxCUj4KCgoKCgoKCgoKPCEtLSDjgZPjgZPjgYvjgokg6LO85YWl5bGl5q20IC0tPgo8ZGl2IHN0eWxlPSJ3aWR0aDo3NTBweDsgbWFyZ2luOjBweDsiPgo8ZGl2Pgo8ZGl2IHN0eWxlPSJiYWNrZ3JvdW5kLWNvbG9yOiNmZmZmZmY7CmhlaWdodDo0MDBweDsgb3ZlcmZsb3c6aGlkZGVuOyBtYXJnaW46MXB4OyBwYWRkaW5nOjE7IGJvcmRlcjoxcHggc29saWQgI2VkZWRlZDsiPgoKCiAgPHAgc3R5bGU9ImNvbG9yOiMwMDAwMDA7IGZvbnQtc2l6ZToxNHB4OyBmb250LXdlaWdodDpib2xkOyBtYXJnaW46MDsgbGluZS1oZWlnaHQ6MjVweDsgdGV4dC1hbGlnbjpsZWZ0OyBwYWRkaW5nOjAgMCAwIDEwcHg7IG1hcmdpbjowOyBib3JkZXItYm90dG9tOjJweCBkYXNoZWQgI0M3QUI3MzsgbGV0dGVyLXNwYWNpbmc6MnB4Ij7jgZTms6jmlofjgYLjgorjgYzjgajjgYbjgZTjgZbjgYTjgb7jgZk8L3A+CiAgPGRpdiBzdHlsZT0iYmFja2dyb3VuZC1jb2xvcjojRkZGRkZGOyBtYXJnaW46MTVweCAwIDAgMDsgcGFkZGluZzowIj4KCgoKCgo8L2Rpdj48L2Rpdj4KPCEtLSDjgZPjgZPjgb7jgacgLS0+CgoKCjxicj48YnI+PGJyPgoKCgoKCgo8IS0tIOOBk+OBk+OBi+OCiSDjg6zjg5Pjg6Xjg7wgLS0+CjxkaXYgc3R5bGU9IndpZHRoOjc1MHB4OyBtYXJnaW46MHB4OyI+CjxkaXY+CjxkaXYgc3R5bGU9ImJhY2tncm91bmQtY29sb3I6I2ZmZmZmZjsKaGVpZ2h0OjQwMHB4OyBvdmVyZmxvdzpoaWRkZW47IG1hcmdpbjoxcHg7IHBhZGRpbmc6MTsgYm9yZGVyOjFweCBzb2xpZCAjZWRlZGVkOyI+CgoKCiAgPHAgc3R5bGU9ImNvbG9yOiMwMDAwMDA7IGZvbnQtc2l6ZToxNHB4OyBmb250LXdlaWdodDpib2xkOyBtYXJnaW46MDsgbGluZS1oZWlnaHQ6MjVweDsgdGV4dC1hbGlnbjpsZWZ0OyBwYWRkaW5nOjAgMCAwIDEwcHg7IG1hcmdpbjowOyBib3JkZXItYm90dG9tOjJweCBkYXNoZWQgI0M3QUI3MzsgbGV0dGVyLXNwYWNpbmc6MnB4Ij7jgYrlrqLmp5jjga7lo7DjgpLpoILmiLTjgZfjgb7jgZfjgZ88L3A+CiAgPGRpdiBzdHlsZT0iYmFja2dyb3VuZC1jb2xvcjojRkZGRkZGOyBtYXJnaW46MTVweCAwIDAgMDsgcGFkZGluZzowOyBoZWlnaHQ6Mjk3cHg7Ij4KCjwvZGl2PjwvZGl2PgoKCgo8IS0tIOOBk+OBk+OBvuOBpyAtLT4KCgoKCgoKPGJyPjxicj48YnI+CgoKCgoKCgoKPHN0eWxlIHR5cGU9InRleHQvY3NzIj4KPCEtLQoKLyog5YCL5pWw5YWl5Yqb5qyE44Gu5aSn44GN44GVICovCmlucHV0I3VuaXRzIHsKcGFkZGluZzogMXB4IDBweDsKfQoKLyog44GK6LK344GE54mp44GL44GU44Oc44K/44Oz44Gu5aSn44GN44GVICovCnRkID4gaW5wdXQgewpmb250LXNpemU6IHgtbGFyZ2U7CmNvbG9yOiAjMEIzQjE3Owpmb250LXdlaWdodDogNzAwOwpwYWRkaW5nOjMwcHggNDVweDsKZm9udC1mYW1pbHk6ICJIaXJhZ2lubyBLYWt1IEdvdGhpYyBQcm9OIiwi44Oh44Kk44Oq44KqIiwgc2Fucy1zZXJpZjsKfQoKLyog44CM5ZWG5ZOB44Gr44Gk44GE44Gm44Gu5ZWP44GE5ZCI44KP44Gb44CN44Oc44K/44Oz44Gu5aSn44GN44GVKi8KZm9udCBpbnB1dCB7CmZvbnQtc2l6ZTogMTJweDsKcGFkZGluZzoycHg7CndpZHRoOiAxNTBweDsKfQoKLS0+Cjwvc3R5bGU+,44Os44Kk44Oz44Kz44O844OI4piG44OJ44Os44K544K/44Kk44OX77yI44ON44Kk44OT44O877yJ44Op44Oz44OJ44K744Or5a++5b+c44Os44Kk44Oz44Kz44O844OI44CQ5YWl5a2m5rqW5YKZ44CR77ya6YCa5ZyS44Kw44OD44K6S0lTU1k=,44GK5pi85a+d5biD5Zuj44Kt44Oj44Op44Kv44K/44O844Kr44OQ44O844CA44Kq44O844OA44O844Oe44Kk44Oh44Ot44OH44Kj6YCa5ZyS44OQ44OD44Kw6YCa5ZyS44Kw44OD44K65YWl5ZyS44K144Oz44Oq44Kq5YWl5ZyS5be+552A44GK5byB5b2T5omL5o+Q44GS44OQ44OD44Kw44Oq44Ol44OD44Kv6IKp5o6b44GR44OQ44OD44Kw44Kt44Or44OI44Kz44OD44OI44Oz44OP44Oz44OJ44Oh44Kk44OJ5omL5L2c44KK5L+d6IKy5ZyS44OP44Ot44O844Kt44OG44Kj44Os44Kk44Oz44Kz44O844OI4piG44OJ44Os44K544K/44Kk44OX77yI44ON44Kk44OT44O877yJ44Op44Oz44OJ44K744Or5a++5b+c44Os44Kk44Oz44Kz44O844OI44CQ5YWl5a2m5rqW5YKZ44CR,44CQ5YWl5a2m5rqW5YKZ44CR5YWl5ZyS44O75YWl5a2mL+ijvuOBruODrOOCpOODpOODvOOBjOOCreODrOOCpOOBquODieODrOOCueOCv+OCpOODl+OAguODrOOCpOODs+OCs+ODvOODiOKYhuODieODrOOCueOCv+OCpOODl++8iOODjeOCpOODk+ODvO+8ieODqeODs+ODieOCu+ODq+WvvuW/nOODrOOCpOODs+OCs+ODvOODiOOAkOWFpeWtpua6luWCmeOAkQ==[rn]
30-32903,aHR0cDovL3RzaG9wLnIxMHMuanAva2lzc3lzaG9wL2NhYmluZXQvMzUyNTUyOF8wLmpwZz9maXRpbj03MDA6NzAw,MjE0Mi40MDAw,,44Kt44OD44K644O744OZ44OT44O844O744Oe44K/44OL44OG44KjID4g44Kt44OD44K6ID4g5a2Q5L6b5pyN44O75rSL5ZOB77yI5bi95a2Q44O75rC0552A44O76Zuo5YW377yJID4g6Zuo5YW3ID4g44Os44Kk44Oz44Kz44O844OI,44Os44Kk44Oz44Kz44O844OIMTAw44O7MTEw44O7MTIw44Of44OL44O844O744OJ44OD44OI,44OJ44OD44OI44GM44GL44KP44GE44GE44Os44Kk44Oz44Kz44O844OI44CA44Kr44OD44OR,44CAPHRhYmxlIHdpZHRoPSI0MDAiIGJnY29sb3I9IiNjY2NjY2MiIGNlbGxzcGFjaW5nPSIxIiBjZWxscGFkZGluZz0iMyI+PHRyPjx0aCBjb2xzcGFuPSIyIiBhbGlnbj0iY2VudGVyIiBiZ2NvbG9yPSIjZmZmZmZmIj48Yj4KPGZvbnQgY29sb3I9IiMzMzMzMzMiPuOBj+OBvuOBruOBjOOBo+OBk+OBhuOAgOODrOOCpOODs+OCs+ODvOODiDwvZm9udD48L2I+PC90aD48L3RyPjx0cj48dGggd2lkdGg9Ijk0IiBhbGlnbj0iY2VudGVyIiBiZ2NvbG9yPSIjZmZmZmZmIj48Zm9udCAKc2l6ZT0iMiIgY29sb3I9IiM2NjY2NjYiPuWVhuWTgeiqrOaYjjwvZm9udD48L3RoPjx0ZCB3aWR0aD0iMjkxIiBiZ2NvbG9yPSIjZmZmZmZmIj48Zm9udCBzaXplPSIyIiBjb2xvcj0iIzY2NjY2NiI+CuODieODg+ODiOOBjOOBi+OCj+OBhOOBhOKZquODrOOCpOODs+OCs+ODvOODiDxiciAvPuOBiuaPg+OBhOOBruWCmOOCguOBguOCiuOBvuOBmTxiciAvPjxCUj7imIblkIzmn4Tjga7lt77nnYDooovku5jjgY3imIY8YnIgLz4K4piG44OV44O844OJ5LuY44GN4piGPC9mb250PjwvdGQ+PC90cj48dHI+Cjx0aCB3aWR0aD0iOTQiIGFsaWduPSJjZW50ZXIiIGJnY29sb3I9IiNmZmZmZmYiPjxmb250IHNpemU9IjIiIGNvbG9yPSIjNjY2NjY2Ij7vvLPvvLDvvKXvvKM8YnIgLz48L2ZvbnQ+PC90aD48dGQgd2lkdGg9IjI5MSIgCmJnY29sb3I9IiNmZmZmZmYiPjxmb250IHNpemU9IjIiIGNvbG9yPSIjNjY2NjY2Ij7jgrXjgqTjgroxMDDvvJrnnYDkuIjntIQ2MmNtOiA5NWNt772eMTA1Y208YnIgLz4K44K144Kk44K6MTEw77ya552A5LiI57SENjhjbTogMTA1Y23vvZ4xMTVjbTxiciAvPgrjgrXjgqTjgroxMjDvvJrnnYDkuIjntIQ3NGNtOiAxMTVjbe+9njEyNWNtPGJyIC8+PGJyIC8+57Sg5p2Q77ya44Od44Oq44Ko44K544OG44OrMTAw77yFPGJyIC8+CjxiciAvPjxiciAvPjwvZm9udD48L3RkPjwvdHI+PHRyPjx0aCB3aWR0aD0iOTQiIGFsaWduPSJjZW50ZXIiIGJnY29sb3I9IiNmZmZmZmYiPjxmb250IHNpemU9IjIiIGNvbG9yPSIjNjY2NjY2Ij4K44GK5bGK44GR5pmC5pyf44Gr44Gk44GE44GmPC9mb250PjwvdGg+PHRkIHdpZHRoPSIyOTEiIGJnY29sb3I9IiNmZmZmZmYiPjxmb250IHNpemU9IjIiIGNvbG9yPSIjNjY2NjY2Ij7pgJrluLjjgIAy5Za25qWt5pel5Lul5YaF44Gr55m66YCBPGJyIC8+PGJyIC8+CuOAjDXvvZ4xMOaXpeOBp+WFpeiNt+OAgeeZuumAgeOAjeOBqOOBquOBo+OBpuOBhOOCi+WgtOWQiOOBrzxiciAvPuWcqOW6q+WIh+OCjOOAgeWFpeiNt+W+heOBoeOBp+OBmeOAgjxiciAvPgrjg6Hjg7zjgqvjg7zmrKDlk4HjgaflhaXojbfjgYzpgYXjgozjgZ/jgorjgIHlrozlo7LjgavjgarjgaPjgabjgYTjgovloLTlkIjjga/jg6Hjg7zjg6vjgafjgYrnn6XjgonjgZvjgYTjgZ/jgZfjgb7jgZnjgII8YnIgLz48YnIgLz48YnIgLz7imIXjg6Hjg7zjg6vjgYzlsYrjgYvjgarjgYTjgYrlrqLmp5jimIU8YnIgLz4K44GU5rOo5paH5b6M44CB6Ieq5YuV6YWN5L+h44Oh44O844Or44GM5bGK44GL44Gq44GE44GK5a6i5qeY44GvPGJyIC8+a2lzc3lzaG9wQHNob3AucmFrdXRlbi5jby5qcDxiciAvPuOBvuOBp+ODoeODvOODq+OCkuOBiumAgeOCiuOBj+OBoOOBleOBhOOAgjxiciAvPjwvZm9udD48L3RkPjwvdHI+Cjx0cj48dGggd2lkdGg9Ijk0IiBhbGlnbj0iY2VudGVyIiBiZ2NvbG9yPSIjZmZmZmZmIj48Zm9udCBzaXplPSIyIiBjb2xvcj0iIzY2NjY2NiI+6YWN6YCB44Gr44Gk44GE44GmPC9mb250PjwvdGg+PHRkIHdpZHRoPSIyOTEiIApiZ2NvbG9yPSIjZmZmZmZmIj48Zm9udCBzaXplPSIyIiBjb2xvcj0iIzY2NjY2NiI+5a6F6YWN5L6/44CA5a6F6YWN5L6/44Gn44GK5bGK44GRPGJyIC8+PGJyIC8+44KG44GG44Oh44O844Or44CAMjgw5YaG77yIMeWAi+OBvuOBp++8iTxiciAvPjxiciAvPgo8L2ZvbnQ+PC90ZD48L3RyPjwvdGFibGU+PEJSPjxCUj48QlI+PGNlbnRlcj4KPHRhYmxlIHdpZHRoPSIxMDAlIiBjZWxsc3BhY2luZz0iMCIgY2VsbHBhZGRpbmc9IjAiIGJvcmRlcj0iMCI+Cgo8L3RhYmxlPgo8L2NlbnRlcj4KPEJSPgrms6jnm67jg6/jg7zjg4nvvJrjg6njg7Pjg4Hjg6fjg7Pjg57jg4Pjg4jjgIDjg5/jg4vjg4/jg7Pjgqvjg4HjgIDkvZPmk43mnI3lhaXjgozjgIDogoznnYDjgIDlgpg8YnI+CjxCUj4KPEJSPgoKCgoKCgoKCgo8IS0tIOOBk+OBk+OBi+OCiSDos7zlhaXlsaXmrbQgLS0+CjxkaXYgc3R5bGU9IndpZHRoOjc1MHB4OyBtYXJnaW46MHB4OyI+CjxkaXY+CjxkaXYgc3R5bGU9ImJhY2tncm91bmQtY29sb3I6I2ZmZmZmZjsKaGVpZ2h0OjQwMHB4OyBvdmVyZmxvdzpoaWRkZW47IG1hcmdpbjoxcHg7IHBhZGRpbmc6MTsgYm9yZGVyOjFweCBzb2xpZCAjZWRlZGVkOyI+CgoKICA8cCBzdHlsZT0iY29sb3I6IzAwMDAwMDsgZm9udC1zaXplOjE0cHg7IGZvbnQtd2VpZ2h0OmJvbGQ7IG1hcmdpbjowOyBsaW5lLWhlaWdodDoyNXB4OyB0ZXh0LWFsaWduOmxlZnQ7IHBhZGRpbmc6MCAwIDAgMTBweDsgbWFyZ2luOjA7IGJvcmRlci1ib3R0b206MnB4IGRhc2hlZCAjQzdBQjczOyBsZXR0ZXItc3BhY2luZzoycHgiPuOBlOazqOaWh+OBguOCiuOBjOOBqOOBhuOBlOOBluOBhOOBvuOBmTwvcD4KICA8ZGl2IHN0eWxlPSJiYWNrZ3JvdW5kLWNvbG9yOiNGRkZGRkY7IG1hcmdpbjoxNXB4IDAgMCAwOyBwYWRkaW5nOjAiPgoKCgoKCjwvZGl2PjwvZGl2Pgo8IS0tIOOBk+OBk+OBvuOBpyAtLT4KCgoKPGJyPjxicj48YnI+CgoKCgoKCjwhLS0g44GT44GT44GL44KJIOODrOODk+ODpeODvCAtLT4KPGRpdiBzdHlsZT0id2lkdGg6NzUwcHg7IG1hcmdpbjowcHg7Ij4KPGRpdj4KPGRpdiBzdHlsZT0iYmFja2dyb3VuZC1jb2xvcjojZmZmZmZmOwpoZWlnaHQ6NDAwcHg7IG92ZXJmbG93OmhpZGRlbjsgbWFyZ2luOjFweDsgcGFkZGluZzoxOyBib3JkZXI6MXB4IHNvbGlkICNlZGVkZWQ7Ij4KCgoKICA8cCBzdHlsZT0iY29sb3I6IzAwMDAwMDsgZm9udC1zaXplOjE0cHg7IGZvbnQtd2VpZ2h0OmJvbGQ7IG1hcmdpbjowOyBsaW5lLWhlaWdodDoyNXB4OyB0ZXh0LWFsaWduOmxlZnQ7IHBhZGRpbmc6MCAwIDAgMTBweDsgbWFyZ2luOjA7IGJvcmRlci1ib3R0b206MnB4IGRhc2hlZCAjQzdBQjczOyBsZXR0ZXItc3BhY2luZzoycHgiPuOBiuWuouanmOOBruWjsOOCkumgguaItOOBl+OBvuOBl+OBnzwvcD4KICA8ZGl2IHN0eWxlPSJiYWNrZ3JvdW5kLWNvbG9yOiNGRkZGRkY7IG1hcmdpbjoxNXB4IDAgMCAwOyBwYWRkaW5nOjA7IGhlaWdodDoyOTdweDsiPgoKPC9kaXY+PC9kaXY+CgoKCjwhLS0g44GT44GT44G+44GnIC0tPgoKCgoKCgo8YnI+PGJyPjxicj4KCgoKCgoKCgo8c3R5bGUgdHlwZT0idGV4dC9jc3MiPgo8IS0tCgovKiDlgIvmlbDlhaXlipvmrITjga7lpKfjgY3jgZUgKi8KaW5wdXQjdW5pdHMgewpwYWRkaW5nOiAxcHggMHB4Owp9CgovKiDjgYrosrfjgYTnianjgYvjgZTjg5zjgr/jg7Pjga7lpKfjgY3jgZUgKi8KdGQgPiBpbnB1dCB7CmZvbnQtc2l6ZTogeC1sYXJnZTsKY29sb3I6ICMwQjNCMTc7CmZvbnQtd2VpZ2h0OiA3MDA7CnBhZGRpbmc6MzBweCA0NXB4Owpmb250LWZhbWlseTogIkhpcmFnaW5vIEtha3UgR290aGljIFByb04iLCLjg6HjgqTjg6rjgqoiLCBzYW5zLXNlcmlmOwp9CgovKiDjgIzllYblk4HjgavjgaTjgYTjgabjga7llY/jgYTlkIjjgo/jgZvjgI3jg5zjgr/jg7Pjga7lpKfjgY3jgZUqLwpmb250IGlucHV0IHsKZm9udC1zaXplOiAxMnB4OwpwYWRkaW5nOjJweDsKd2lkdGg6IDE1MHB4Owp9CgotLT4KPC9zdHlsZT4=,44Os44Kk44Oz44Kz44O844OIMTAw44O7MTEw44O7MTIw44Of44OL44O844O744OJ44OD44OI77ya6YCa5ZyS44Kw44OD44K6S0lTU1k=,44GK5pi85a+d5biD5Zuj44Kt44Oj44Op44Kv44K/44O844Kr44OQ44O844CA44Kq44O844OA44O844Oe44Kk44Oh44Ot44OH44Kj6YCa5ZyS44OQ44OD44Kw6YCa5ZyS44Kw44OD44K65YWl5ZyS44K144Oz44Oq44Kq5YWl5ZyS5be+552A44GK5byB5b2T5omL5o+Q44GS44OQ44OD44Kw44Oq44Ol44OD44Kv6IKp5o6b44GR44OQ44OD44Kw44Kt44Or44OI44Kz44OD44OI44Oz44OP44Oz44OJ44Oh44Kk44OJ5omL5L2c44KK5L+d6IKy5ZyS44OP44Ot44O844Kt44OG44Kj44Os44Kk44Oz44Kz44O844OIMTAw44O7MTEw44O7MTIw44Of44OL44O844O744OJ44OD44OI,44OJ44OD44OI44GM44GL44KP44GE44GE44Os44Kk44Oz44Kz44O844OI44CA44Kr44OD44OR44CC44Os44Kk44Oz44Kz44O844OIMTAw44O7MTEw44O7MTIw44Of44OL44O844O744OJ44OD44OI[rn]
30-32904,aHR0cDovL3RzaG9wLnIxMHMuanAva2lzc3lzaG9wL2NhYmluZXQvMjY0MTY5M18zMC5qcGc/Zml0aW49NzAwOjcwMA==,MzI4My4yMDAw,,44Kt44OD44K644O744OZ44OT44O844O744Oe44K/44OL44OG44KjID4g44Kt44OD44K6ID4g5a2Q5L6b5pyN44O75rSL5ZOB77yI5bi95a2Q44O75rC0552A44O76Zuo5YW377yJID4g6Zuo5YW3ID4g44Os44Kk44Oz44Kz44O844OI,44Os44Kk44Oz44Kz44O844OI4piG44K/44O844K/44Oz44OB44Kn44OD44Kv44Gu5YWI5p+T44KB44Op44Oz44OJ44K744Or5a++5b+c44Os44Kk44Oz44Kz44O844OIIOWFpeWckuODu+WFpeWtpi/jgYrlj5fpqJMv5aWz44Gu5a2Q,44CQ5YWl5a2m5rqW5YKZ44CR5YWl5ZyS44O75YWl5a2mL+ijvuOBruODrOOCpOODpOODvOOBjOOCreODrOOCpOOBquODieODrOOCueOCv+OCpOODlw==,44CAPHRhYmxlIHdpZHRoPSI0MDAiIGJnY29sb3I9IiNjY2NjY2MiIGNlbGxzcGFjaW5nPSIxIiBjZWxscGFkZGluZz0iMyI+PHRyPjx0aCBjb2xzcGFuPSIyIiBhbGlnbj0iY2VudGVyIiBiZ2NvbG9yPSIjZmZmZmZmIj48Yj4KPGZvbnQgY29sb3I9IiMzMzMzMzMiPuWFpeWtpua6luWCmeKYheODqeODs+ODieOCu+ODq+WvvuW/nOODrOOCpOODs+OCs+ODvOODiDwvZm9udD48L2I+PC90aD48L3RyPjx0cj48dGggd2lkdGg9Ijk0IiBhbGlnbj0iY2VudGVyIiBiZ2NvbG9yPSIjZmZmZmZmIj48Zm9udCAKc2l6ZT0iMiIgY29sb3I9IiM2NjY2NjYiPuWVhuWTgeiqrOaYjjwvZm9udD48L3RoPjx0ZCB3aWR0aD0iMjkxIiBiZ2NvbG9yPSIjZmZmZmZmIj48Zm9udCBzaXplPSIyIiBjb2xvcj0iIzY2NjY2NiI+CuOCv+ODvOOCv+ODs+ODgeOCp+ODg+OCr+OBruWFiOafk+OCgTxiciAvPgrjgYrmj4PjgYTjga7lgpjjgoLjgYLjgorjgb7jgZk8QlI+CuKYhuWQjOafhOOBruW3vuedgOiii+S7mOOBjeKYhjxiciAvPgrlj5bjgorlpJbjgZflj6/og73jgarjg5Xjg7zjg4nku5jjgY08YnIgLz4KPC9mb250PjwvdGQ+PC90cj48dHI+Cjx0aCB3aWR0aD0iOTQiIGFsaWduPSJjZW50ZXIiIGJnY29sb3I9IiNmZmZmZmYiPjxmb250IHNpemU9IjIiIGNvbG9yPSIjNjY2NjY2Ij7vvLPvvLDvvKXvvKM8YnIgLz48L2ZvbnQ+PC90aD48dGQgd2lkdGg9IjI5MSIgCmJnY29sb3I9IiNmZmZmZmYiPjxmb250IHNpemU9IjIiIGNvbG9yPSIjNjY2NjY2Ij4K44K144Kk44K677yIMTIw77yJMTE1772eMTI1Y20g552A5LiI57SENjguNWNtPGJyIC8+CuOCteOCpOOCuu+8iDEzMO+8iTEyNWNt772eMTM1Y20g552A5LiI57SENzQuNWNtPGJyIC8+CuOCteOCpOOCuu+8iDE0MO+8iTEzNWNt772eMTQ1Y20g552A5LiI57SEODAuNWNtPGJyIC8+CuOCteOCpOOCuu+8iDE1MO+8iTE0NWNt772eMTU1Y20g552A5LiI57SEODYuNWNtPGJyIC8+CjxiciAvPgrntKDmnZDvvJrjg53jg6rjgqjjgrnjg4bjg6sxMDDvvIU8YnIgLz4K5pKl5rC05Yqg5belPGJyIC8+PGJyIC8+PC9mb250PjwvdGQ+PC90cj48dHI+PHRoIHdpZHRoPSI5NCIgYWxpZ249ImNlbnRlciIgYmdjb2xvcj0iI2ZmZmZmZiI+PGZvbnQgc2l6ZT0iMiIgY29sb3I9IiM2NjY2NjYiPgrjgYrlsYrjgZHmmYLmnJ/jgavjgaTjgYTjgaY8L2ZvbnQ+PC90aD48dGQgd2lkdGg9IjI5MSIgYmdjb2xvcj0iI2ZmZmZmZiI+PGZvbnQgc2l6ZT0iMiIgY29sb3I9IiM2NjY2NjYiPumAmuW4uOOAgDLllrbmpa3ml6Xku6XlhoXjgavnmbrpgIE8YnIgLz48YnIgLz4K44CMNe+9njEw5pel44Gn5YWl6I2344CB55m66YCB44CN44Go44Gq44Gj44Gm44GE44KL5aC05ZCI44GvPGJyIC8+5Zyo5bqr5YiH44KM44CB5YWl6I235b6F44Gh44Gn44GZ44CCPGJyIC8+CuODoeODvOOCq+ODvOasoOWTgeOBp+WFpeiNt+OBjOmBheOCjOOBn+OCiuOAgeWujOWjsuOBq+OBquOBo+OBpuOBhOOCi+WgtOWQiOOBr+ODoeODvOODq+OBp+OBiuefpeOCieOBm+OBhOOBn+OBl+OBvuOBmeOAgjxiciAvPjxiciAvPjxiciAvPuKYheODoeODvOODq+OBjOWxiuOBi+OBquOBhOOBiuWuouanmOKYhTxiciAvPgrjgZTms6jmloflvozjgIHoh6rli5XphY3kv6Hjg6Hjg7zjg6vjgYzlsYrjgYvjgarjgYTjgYrlrqLmp5jjga88YnIgLz5raXNzeXNob3BAc2hvcC5yYWt1dGVuLmNvLmpwPGJyIC8+44G+44Gn44Oh44O844Or44KS44GK6YCB44KK44GP44Gg44GV44GE44CCPGJyIC8+PC9mb250PjwvdGQ+PC90cj4KPHRyPjx0aCB3aWR0aD0iOTQiIGFsaWduPSJjZW50ZXIiIGJnY29sb3I9IiNmZmZmZmYiPjxmb250IHNpemU9IjIiIGNvbG9yPSIjNjY2NjY2Ij7phY3pgIHjgavjgaTjgYTjgaY8L2ZvbnQ+PC90aD48dGQgd2lkdGg9IjI5MSIgCmJnY29sb3I9IiNmZmZmZmYiPjxmb250IHNpemU9IjIiIGNvbG9yPSIjNjY2NjY2Ij7lroXphY3kvr/jgIDlroXphY3kvr/jgafjgYrlsYrjgZE8YnIgLz48YnIgLz7jgobjgYbjg6Hjg7zjg6vjgIAyODDlhobvvIgx5YCL44G+44Gn77yJPGJyIC8+PGJyIC8+Cuikh+aVsOOBruOBlOazqOaWh+OBp+OBmeOBqOOAgeaWmemHkeOBjOWkieOCj+OCiuOBvuOBmeOAgjxiciAvPuWuhemFjeS+v+OBuOWkieabtOOBleOBm+OBpuOBhOOBn+OBoOOBj+WgtOWQiOOBjOOBlOOBluOBhOOBvuOBmQo8L2ZvbnQ+PC90ZD48L3RyPjwvdGFibGU+PEJSPjxCUj48QlI+PGNlbnRlcj4KPHRhYmxlIHdpZHRoPSIxMDAlIiBjZWxsc3BhY2luZz0iMCIgY2VsbHBhZGRpbmc9IjAiIGJvcmRlcj0iMCI+Cgo8L3RhYmxlPgo8L2NlbnRlcj4KPEJSPgrms6jnm67jg6/jg7zjg4nvvJrjg6njg7Pjg4Hjg6fjg7Pjg57jg4Pjg4jjgIDjg5/jg4vjg4/jg7Pjgqvjg4HjgIDkvZPmk43mnI3lhaXjgozjgIDogoznnYDjgIDlgpg8YnI+CjxCUj4KPEJSPgoKCgoKCgoKCgo8IS0tIOOBk+OBk+OBi+OCiSDos7zlhaXlsaXmrbQgLS0+CjxkaXYgc3R5bGU9IndpZHRoOjc1MHB4OyBtYXJnaW46MHB4OyI+CjxkaXY+CjxkaXYgc3R5bGU9ImJhY2tncm91bmQtY29sb3I6I2ZmZmZmZjsKaGVpZ2h0OjQwMHB4OyBvdmVyZmxvdzpoaWRkZW47IG1hcmdpbjoxcHg7IHBhZGRpbmc6MTsgYm9yZGVyOjFweCBzb2xpZCAjZWRlZGVkOyI+CgoKICA8cCBzdHlsZT0iY29sb3I6IzAwMDAwMDsgZm9udC1zaXplOjE0cHg7IGZvbnQtd2VpZ2h0OmJvbGQ7IG1hcmdpbjowOyBsaW5lLWhlaWdodDoyNXB4OyB0ZXh0LWFsaWduOmxlZnQ7IHBhZGRpbmc6MCAwIDAgMTBweDsgbWFyZ2luOjA7IGJvcmRlci1ib3R0b206MnB4IGRhc2hlZCAjQzdBQjczOyBsZXR0ZXItc3BhY2luZzoycHgiPuOBlOazqOaWh+OBguOCiuOBjOOBqOOBhuOBlOOBluOBhOOBvuOBmTwvcD4KICA8ZGl2IHN0eWxlPSJiYWNrZ3JvdW5kLWNvbG9yOiNGRkZGRkY7IG1hcmdpbjoxNXB4IDAgMCAwOyBwYWRkaW5nOjAiPgoKCgoKCjwvZGl2PjwvZGl2Pgo8IS0tIOOBk+OBk+OBvuOBpyAtLT4KCgoKPGJyPjxicj48YnI+CgoKCgoKCjwhLS0g44GT44GT44GL44KJIOODrOODk+ODpeODvCAtLT4KPGRpdiBzdHlsZT0id2lkdGg6NzUwcHg7IG1hcmdpbjowcHg7Ij4KPGRpdj4KPGRpdiBzdHlsZT0iYmFja2dyb3VuZC1jb2xvcjojZmZmZmZmOwpoZWlnaHQ6NDAwcHg7IG92ZXJmbG93OmhpZGRlbjsgbWFyZ2luOjFweDsgcGFkZGluZzoxOyBib3JkZXI6MXB4IHNvbGlkICNlZGVkZWQ7Ij4KCgoKICA8cCBzdHlsZT0iY29sb3I6IzAwMDAwMDsgZm9udC1zaXplOjE0cHg7IGZvbnQtd2VpZ2h0OmJvbGQ7IG1hcmdpbjowOyBsaW5lLWhlaWdodDoyNXB4OyB0ZXh0LWFsaWduOmxlZnQ7IHBhZGRpbmc6MCAwIDAgMTBweDsgbWFyZ2luOjA7IGJvcmRlci1ib3R0b206MnB4IGRhc2hlZCAjQzdBQjczOyBsZXR0ZXItc3BhY2luZzoycHgiPuOBiuWuouanmOOBruWjsOOCkumgguaItOOBl+OBvuOBl+OBnzwvcD4KICA8ZGl2IHN0eWxlPSJiYWNrZ3JvdW5kLWNvbG9yOiNGRkZGRkY7IG1hcmdpbjoxNXB4IDAgMCAwOyBwYWRkaW5nOjA7IGhlaWdodDoyOTdweDsiPgoKPC9kaXY+PC9kaXY+CgoKCjwhLS0g44GT44GT44G+44GnIC0tPgoKCgoKCgo8YnI+PGJyPjxicj4KCgoKCgoKCgo8c3R5bGUgdHlwZT0idGV4dC9jc3MiPgo8IS0tCgovKiDlgIvmlbDlhaXlipvmrITjga7lpKfjgY3jgZUgKi8KaW5wdXQjdW5pdHMgewpwYWRkaW5nOiAxcHggMHB4Owp9CgovKiDjgYrosrfjgYTnianjgYvjgZTjg5zjgr/jg7Pjga7lpKfjgY3jgZUgKi8KdGQgPiBpbnB1dCB7CmZvbnQtc2l6ZTogeC1sYXJnZTsKY29sb3I6ICMwQjNCMTc7CmZvbnQtd2VpZ2h0OiA3MDA7CnBhZGRpbmc6MzBweCA0NXB4Owpmb250LWZhbWlseTogIkhpcmFnaW5vIEtha3UgR290aGljIFByb04iLCLjg6HjgqTjg6rjgqoiLCBzYW5zLXNlcmlmOwp9CgovKiDjgIzllYblk4HjgavjgaTjgYTjgabjga7llY/jgYTlkIjjgo/jgZvjgI3jg5zjgr/jg7Pjga7lpKfjgY3jgZUqLwpmb250IGlucHV0IHsKZm9udC1zaXplOiAxMnB4OwpwYWRkaW5nOjJweDsKd2lkdGg6IDE1MHB4Owp9CgotLT4KPC9zdHlsZT4=,44Os44Kk44Oz44Kz44O844OI4piG44K/44O844K/44Oz44OB44Kn44OD44Kv44Gu5YWI5p+T44KB44Op44Oz44OJ44K744Or5a++5b+c44Os44Kk44Oz44Kz44O844OIIOWFpeWckuODu+WFpeWtpi/jgYrlj5fpqJMv5aWz44Gu5a2Q77ya6YCa5ZyS44Kw44OD44K6S0lTU1k=,44GK5pi85a+d5biD5Zuj44Kt44Oj44Op44Kv44K/44O844Kr44OQ44O844CA44Kq44O844OA44O844Oe44Kk44Oh44Ot44OH44Kj6YCa5ZyS44OQ44OD44Kw6YCa5ZyS44Kw44OD44K65YWl5ZyS44K144Oz44Oq44Kq5YWl5ZyS5be+552A44GK5byB5b2T5omL5o+Q44GS44OQ44OD44Kw44Oq44Ol44OD44Kv6IKp5o6b44GR44OQ44OD44Kw44Kt44Or44OI44Kz44OD44OI44Oz44OP44Oz44OJ44Oh44Kk44OJ5omL5L2c44KK5L+d6IKy5ZyS44OP44Ot44O844Kt44OG44Kj44Os44Kk44Oz44Kz44O844OI4piG44K/44O844K/44Oz44OB44Kn44OD44Kv44Gu5YWI5p+T44KB44Op44Oz44OJ44K744Or5a++5b+c44Os44Kk44Oz44Kz44O844OIIOWFpeWckuODu+WFpeWtpi/jgYrlj5fpqJMv5aWz44Gu5a2Q,44CQ5YWl5a2m5rqW5YKZ44CR5YWl5ZyS44O75YWl5a2mL+ijvuOBruODrOOCpOODpOODvOOBjOOCreODrOOCpOOBquODieODrOOCueOCv+OCpOODl+OAguODrOOCpOODs+OCs+ODvOODiOKYhuOCv+ODvOOCv+ODs+ODgeOCp+ODg+OCr+OBruWFiOafk+OCgeODqeODs+ODieOCu+ODq+WvvuW/nOODrOOCpOODs+OCs+ODvOODiCDlhaXlnJLjg7vlhaXlraYv44GK5Y+X6aiTL+Wls+OBruWtkA==[rn]
30-32905,aHR0cDovL3RzaG9wLnIxMHMuanAva2lzc3lzaG9wL2NhYmluZXQvc3VuL2ltZ3JjMDA2NDc4MDUyNC5qcGc/Zml0aW49NzAwOjcwMA==,MjU5Mi4wMDAw,,44Kt44OD44K644O744OZ44OT44O844O744Oe44K/44OL44OG44KjID4g44Kt44OD44K6ID4g5a2Q5L6b5pyN44O75rSL5ZOB77yI5bi95a2Q44O75rC0552A44O76Zuo5YW377yJID4g6Zuo5YW3ID4g44Os44Kk44Oz44Kz44O844OI,RkPjg5Djg6vjgrvjg63jg4rjgIDjg6njg7Pjg4njgrvjg6vlr77lv5wv44Os44Kk44Oz44Kz44O844OIMTIwLzEzMC8xNDAg44K144OD44Kr44O8IOeUt+OBruWtkA==,44Op44Oz44OJ44K744Or5a++5b+c44CA44Os44Kk44Oz44Kz44O844OI44CA44Kr44OD44ORIOeUt+OBruWtkA==,44CAPHRhYmxlIHdpZHRoPSI0MDAiIGJnY29sb3I9IiNjY2NjY2MiIGNlbGxzcGFjaW5nPSIxIiBjZWxscGFkZGluZz0iMyI+PHRyPjx0aCBjb2xzcGFuPSIyIiBhbGlnbj0iY2VudGVyIiBiZ2NvbG9yPSIjZmZmZmZmIj48Yj4KPGZvbnQgY29sb3I9IiMzMzMzMzMiPuODqeODs+ODieOCu+ODq+WvvuW/nOODrOOCpOODs+OCs+ODvOODiDwvZm9udD48L2I+PC90aD48L3RyPjx0cj48dGggd2lkdGg9Ijk0IiBhbGlnbj0iY2VudGVyIiBiZ2NvbG9yPSIjZmZmZmZmIj48Zm9udCAKc2l6ZT0iMiIgY29sb3I9IiM2NjY2NjYiPuWVhuWTgeiqrOaYjjwvZm9udD48L3RoPjx0ZCB3aWR0aD0iMjkxIiBiZ2NvbG9yPSIjZmZmZmZmIj48Zm9udCBzaXplPSIyIiBjb2xvcj0iIzY2NjY2NiI+CjxiciAvPgrimIbog4zkuK3jga7jgrnjg4rjg4Pjg5fjg5zjgr/jg7PjgpLjga/jgZrjgZnjgajjg6njg7Pjg4njgrvjg6vjgpLog4zosqDjgaPjgZ/jgb7jgb7nnYDjgonjgozjgb7jgZnjgII8YnIgLz4K4piG44OV44O844OJ5LuY44GNPEJSPgrimIbjgYrmj4PjgYTjga7lj47ntI3ooovku5jjgY08L2ZvbnQ+PC90ZD48L3RyPjx0cj4KPHRoIHdpZHRoPSI5NCIgYWxpZ249ImNlbnRlciIgYmdjb2xvcj0iI2ZmZmZmZiI+PGZvbnQgc2l6ZT0iMiIgY29sb3I9IiM2NjY2NjYiPu+8s++8sO+8pe+8ozxiciAvPjwvZm9udD48L3RoPjx0ZCB3aWR0aD0iMjkxIiAKYmdjb2xvcj0iI2ZmZmZmZiI+PGZvbnQgc2l6ZT0iMiIgY29sb3I9IiM2NjY2NjYiPuOCteOCpOOCujxCUj4KCjEyMCDnnYDkuIjntIQ3MmNtIOmBqeW/nOi6q+mVtzExNWNt772eMTI1Y208YnIgLz4KMTMwIOedgOS4iOe0hDc4Y20g6YGp5b+c6Lqr6ZW3MTI1Y23vvZ4xMzVjbTxiciAvPgoxNDAg552A5LiI57SEODRjbSDpganlv5zouqvplbcxMzVjbSYjMTIzMTY7MTQ1Y208YnIgLz4KPGJyIC8+Cue0oOadkO+8muODneODquOCqOOCueODhuODqzEwMO+8hTxiciAvPgrmkqXmsLTliqDlt6U8YnIgLz48YnIgLz48L2ZvbnQ+PC90ZD48L3RyPjx0cj48dGggd2lkdGg9Ijk0IiBhbGlnbj0iY2VudGVyIiBiZ2NvbG9yPSIjZmZmZmZmIj48Zm9udCBzaXplPSIyIiBjb2xvcj0iIzY2NjY2NiI+CuOBiuWxiuOBkeaZguacn+OBq+OBpOOBhOOBpjwvZm9udD48L3RoPjx0ZCB3aWR0aD0iMjkxIiBiZ2NvbG9yPSIjZmZmZmZmIj48Zm9udCBzaXplPSIyIiBjb2xvcj0iIzY2NjY2NiI+PGJyIC8+4piF44Oh44O844Or44GM5bGK44GL44Gq44GE44GK5a6i5qeY4piFPGJyIC8+CuOBlOazqOaWh+W+jOOAgeiHquWLlemFjeS/oeODoeODvOODq+OBjOWxiuOBi+OBquOBhOOBiuWuouanmOOBrzxiciAvPmtpc3N5c2hvcEBzaG9wLnJha3V0ZW4uY28uanA8YnIgLz7jgb7jgafjg6Hjg7zjg6vjgpLjgYrpgIHjgorjgY/jgaDjgZXjgYTjgII8YnIgLz48L2ZvbnQ+PC90ZD48L3RyPgo8dHI+PHRoIHdpZHRoPSI5NCIgYWxpZ249ImNlbnRlciIgYmdjb2xvcj0iI2ZmZmZmZiI+PGZvbnQgc2l6ZT0iMiIgY29sb3I9IiM2NjY2NjYiPumFjemAgeOBq+OBpOOBhOOBpjwvZm9udD48L3RoPjx0ZCB3aWR0aD0iMjkxIiAKYmdjb2xvcj0iI2ZmZmZmZiI+PGZvbnQgc2l6ZT0iMiIgY29sb3I9IiM2NjY2NjYiPuWuhemFjeS+v+OAgOWuhemFjeS+v+OBp+OBiuWxiuOBkTxiciAvPjxiciAvPuOChuOBhuODoeODvOODq+OAgDI4MOWGhu+8iDHlgIvjgb7jgafvvIk8YnIgLz48YnIgLz4KPC9mb250PjwvdGQ+PC90cj48L3RhYmxlPjxCUj48QlI+PEJSPjxjZW50ZXI+Cjx0YWJsZSB3aWR0aD0iMTAwJSIgY2VsbHNwYWNpbmc9IjAiIGNlbGxwYWRkaW5nPSIwIiBib3JkZXI9IjAiPgoKPC90YWJsZT4KPC9jZW50ZXI+CjxCUj4K5rOo55uu44Ov44O844OJ77ya44Op44Oz44OB44On44Oz44Oe44OD44OI44CA44Of44OL44OP44Oz44Kr44OB44CA5L2T5pON5pyN5YWl44KM44CA6IKM552A44CA5YKYPGJyPgo8QlI+CjxCUj4KCgoKCgoKCgoKPCEtLSDjgZPjgZPjgYvjgokg6LO85YWl5bGl5q20IC0tPgo8ZGl2IHN0eWxlPSJ3aWR0aDo3NTBweDsgbWFyZ2luOjBweDsiPgo8ZGl2Pgo8ZGl2IHN0eWxlPSJiYWNrZ3JvdW5kLWNvbG9yOiNmZmZmZmY7CmhlaWdodDo0MDBweDsgb3ZlcmZsb3c6aGlkZGVuOyBtYXJnaW46MXB4OyBwYWRkaW5nOjE7IGJvcmRlcjoxcHggc29saWQgI2VkZWRlZDsiPgoKCiAgPHAgc3R5bGU9ImNvbG9yOiMwMDAwMDA7IGZvbnQtc2l6ZToxNHB4OyBmb250LXdlaWdodDpib2xkOyBtYXJnaW46MDsgbGluZS1oZWlnaHQ6MjVweDsgdGV4dC1hbGlnbjpsZWZ0OyBwYWRkaW5nOjAgMCAwIDEwcHg7IG1hcmdpbjowOyBib3JkZXItYm90dG9tOjJweCBkYXNoZWQgI0M3QUI3MzsgbGV0dGVyLXNwYWNpbmc6MnB4Ij7jgZTms6jmlofjgYLjgorjgYzjgajjgYbjgZTjgZbjgYTjgb7jgZk8L3A+CiAgPGRpdiBzdHlsZT0iYmFja2dyb3VuZC1jb2xvcjojRkZGRkZGOyBtYXJnaW46MTVweCAwIDAgMDsgcGFkZGluZzowIj4KCgoKCgo8L2Rpdj48L2Rpdj4KPCEtLSDjgZPjgZPjgb7jgacgLS0+CgoKCjxicj48YnI+PGJyPgoKCgoKCgo8IS0tIOOBk+OBk+OBi+OCiSDjg6zjg5Pjg6Xjg7wgLS0+CjxkaXYgc3R5bGU9IndpZHRoOjc1MHB4OyBtYXJnaW46MHB4OyI+CjxkaXY+CjxkaXYgc3R5bGU9ImJhY2tncm91bmQtY29sb3I6I2ZmZmZmZjsKaGVpZ2h0OjQwMHB4OyBvdmVyZmxvdzpoaWRkZW47IG1hcmdpbjoxcHg7IHBhZGRpbmc6MTsgYm9yZGVyOjFweCBzb2xpZCAjZWRlZGVkOyI+CgoKCiAgPHAgc3R5bGU9ImNvbG9yOiMwMDAwMDA7IGZvbnQtc2l6ZToxNHB4OyBmb250LXdlaWdodDpib2xkOyBtYXJnaW46MDsgbGluZS1oZWlnaHQ6MjVweDsgdGV4dC1hbGlnbjpsZWZ0OyBwYWRkaW5nOjAgMCAwIDEwcHg7IG1hcmdpbjowOyBib3JkZXItYm90dG9tOjJweCBkYXNoZWQgI0M3QUI3MzsgbGV0dGVyLXNwYWNpbmc6MnB4Ij7jgYrlrqLmp5jjga7lo7DjgpLpoILmiLTjgZfjgb7jgZfjgZ88L3A+CiAgPGRpdiBzdHlsZT0iYmFja2dyb3VuZC1jb2xvcjojRkZGRkZGOyBtYXJnaW46MTVweCAwIDAgMDsgcGFkZGluZzowOyBoZWlnaHQ6Mjk3cHg7Ij4KCjwvZGl2PjwvZGl2PgoKCgo8IS0tIOOBk+OBk+OBvuOBpyAtLT4KCgoKCgoKPGJyPjxicj48YnI+CgoKCgoKCgoKPHN0eWxlIHR5cGU9InRleHQvY3NzIj4KPCEtLQoKLyog5YCL5pWw5YWl5Yqb5qyE44Gu5aSn44GN44GVICovCmlucHV0I3VuaXRzIHsKcGFkZGluZzogMXB4IDBweDsKfQoKLyog44GK6LK344GE54mp44GL44GU44Oc44K/44Oz44Gu5aSn44GN44GVICovCnRkID4gaW5wdXQgewpmb250LXNpemU6IHgtbGFyZ2U7CmNvbG9yOiAjMEIzQjE3Owpmb250LXdlaWdodDogNzAwOwpwYWRkaW5nOjMwcHggNDVweDsKZm9udC1mYW1pbHk6ICJIaXJhZ2lubyBLYWt1IEdvdGhpYyBQcm9OIiwi44Oh44Kk44Oq44KqIiwgc2Fucy1zZXJpZjsKfQoKLyog44CM5ZWG5ZOB44Gr44Gk44GE44Gm44Gu5ZWP44GE5ZCI44KP44Gb44CN44Oc44K/44Oz44Gu5aSn44GN44GVKi8KZm9udCBpbnB1dCB7CmZvbnQtc2l6ZTogMTJweDsKcGFkZGluZzoycHg7CndpZHRoOiAxNTBweDsKfQoKLS0+Cjwvc3R5bGU+,RkPjg5Djg6vjgrvjg63jg4rjgIDjg6njg7Pjg4njgrvjg6vlr77lv5wv44Os44Kk44Oz44Kz44O844OIMTIwLzEzMC8xNDAg44K144OD44Kr44O8IOeUt+OBruWtkO+8mumAmuWckuOCsOODg+OCuktJU1NZ,44GK5pi85a+d5biD5Zuj44Kt44Oj44Op44Kv44K/44O844Kr44OQ44O844CA44Kq44O844OA44O844Oe44Kk44Oh44Ot44OH44Kj6YCa5ZyS44OQ44OD44Kw6YCa5ZyS44Kw44OD44K65YWl5ZyS44K144Oz44Oq44Kq5YWl5ZyS5be+552A44GK5byB5b2T5omL5o+Q44GS44OQ44OD44Kw44Oq44Ol44OD44Kv6IKp5o6b44GR44OQ44OD44Kw44Kt44Or44OI44Kz44OD44OI44Oz44OP44Oz44OJ44Oh44Kk44OJ5omL5L2c44KK5L+d6IKy5ZyS44OP44Ot44O844Kt44OG44KjRkPjg5Djg6vjgrvjg63jg4rjgIDjg6njg7Pjg4njgrvjg6vlr77lv5wv44Os44Kk44Oz44Kz44O844OIMTIwLzEzMC8xNDAg44K144OD44Kr44O8IOeUt+OBruWtkA==,44Op44Oz44OJ44K744Or5a++5b+c44CA44Os44Kk44Oz44Kz44O844OI44CA44Kr44OD44ORIOeUt+OBruWtkOOAgkZD44OQ44Or44K744Ot44OK44CA44Op44Oz44OJ44K744Or5a++5b+cL+ODrOOCpOODs+OCs+ODvOODiDEyMC8xMzAvMTQwIOOCteODg+OCq+ODvCDnlLfjga7lrZA=[rn]
30-32906,aHR0cDovL3RzaG9wLnIxMHMuanAva2lzc3lzaG9wL2NhYmluZXQvc3VuL2ltZ3JjMDA2NTg0ODg2OC5qcGc/Zml0aW49NzAwOjcwMA==,MTI5Ni4wMDAw,,44Kt44OD44K644O744OZ44OT44O844O744Oe44K/44OL44OG44KjID4g44Kt44OD44K6ID4g5a2Q5L6b5pyN44O75rSL5ZOB77yI5bi95a2Q44O75rC0552A44O76Zuo5YW377yJID4g6Zuo5YW3ID4g44Os44Kk44Oz44Kz44O844OI,44Os44Ki44Or44O744Oe44OJ44Oq44O844OJ4piG5a2Q5L6b5YKY4piGNTVjbeODuzU4Y23imIbjg43jgqTjg5Pjg7zjg7vjg5bjg6njg4Pjgq/jg7vjgrDjg6rjg7zjg7PimIbnlLfjga7lrZAg44K144OD44Kr44O8,NTVjbS81OGNt44K144OD44Kr44O85bCR5bm044Gu5oan44KMRkPjg5Djg6vjgrvjg63jg4rjga5QT0XlrZDkvpvlgpg=,44CAPHRhYmxlIHdpZHRoPSI0MDAiIGJnY29sb3I9IiNjY2NjY2MiIGNlbGxzcGFjaW5nPSIxIiBjZWxscGFkZGluZz0iMyI+PHRyPjx0aCBjb2xzcGFuPSIyIiBhbGlnbj0iY2VudGVyIiBiZ2NvbG9yPSIjZmZmZmZmIj4KClBPReWtkOS+m+WCmOKYhjU1Y23jgIE1OGNtCgoKPC90aD48L3RyPjx0cj48dGggd2lkdGg9Ijk0IiBhbGlnbj0iY2VudGVyIiAKYmdjb2xvcj0iI2ZmZmZmZiI+PGZvbnQgc2l6ZT0iMiIgY29sb3I9IiM2NjY2NjYiPuWVhuWTgeiqrOaYjjwvZm9udD48L3RoPjx0ZCB3aWR0aD0iMjkxIiBiZ2NvbG9yPSIjZmZmZmZmIj48L3RkPjwvdHI+PHRyPjx0aCB3aWR0aD0iOTQiIGFsaWduPSJjZW50ZXIiIGJnY29sb3I9IiNmZmZmZmYiPjxmb250IHNpemU9IjIiIApjb2xvcj0iIzY2NjY2NiI+CgrvvLPvvLDvvKXvvKM8YnIgLz48L2ZvbnQ+PC90aD48dGQgd2lkdGg9IjI5MSIgYmdjb2xvcj0iI2ZmZmZmZiI+PGZvbnQgc2l6ZT0iMiIgY29sb3I9IiM2NjY2NjYiPgog6ZaL6ZaJ77ya44K444Oj44Oz44OX5byPPGJyIC8+CiA1OGNt44K144Kk44K6PGJyID4KIOmBqeW/nOi6q+mVt++8mjEzNWNt772eMTQ1Y208YnIgPgog6ZaL44GN5pa577ya44K444Oj44Oz44OX5byPPGJyID4KIDU1Y23jgrXjgqTjgro8YnIgPgog6YGp5b+c6Lqr6ZW377yaMTIwY23vvZ4xMzVjbTxiciA+CiDplovplonvvJrjgrjjg6Pjg7Pjg5flvI88YnI+PGJyIC8+CgoKIDwvZm9udD48L3RkPjwvdHI+PHRyPjx0aCB3aWR0aD0iOTQiIGFsaWduPSJjZW50ZXIiIGJnY29sb3I9IiNmZmZmZmYiPjxmb250IHNpemU9IjIiIApjb2xvcj0iIzY2NjY2NiI+CuOBiuWxiuOBkeaZguacn+OBq+OBpOOBhOOBpjwvZm9udD48L3RoPjx0ZCB3aWR0aD0iMjkxIiBiZ2NvbG9yPSIjZmZmZmZmIj48Zm9udCBzaXplPSIyIiBjb2xvcj0iIzY2NjY2NiI+CumAmuW4uOOAgCAx772eMuWWtualreaXpeS7peWGheOBq+eZuumAgTxiciAvPjxiciAvPgoKPC9mb250PjwvdGQ+PC90cj4KPHRyPjx0aCB3aWR0aD0iOTQiIGFsaWduPSJjZW50ZXIiIGJnY29sb3I9IiNmZmZmZmYiPjxmb250IHNpemU9IjIiIGNvbG9yPSIjNjY2NjY2Ij7phY3pgIHjgavjgaTjgYTjgaY8L2ZvbnQ+PC90aD48dGQgd2lkdGg9IjI5MSIgCmJnY29sb3I9IiNmZmZmZmYiPjxmb250IHNpemU9IjIiIGNvbG9yPSIjNjY2NjY2Ij4K4peP5a6F6YWN5L6/5Luj5byVT0vjgIHlkIzmorFPS++8iTxCUj4K4peP44KG44GG44Oh44O844Or5LiN5Y+vPEJSPgoKPC9mb250PjwvdGQ+PC90cj48L3RhYmxlPgoKCjxCUj4KPEJSPiDnlLfjga7lrZAg5bCP5a2m55SfIOOCteODg+OCq+ODvCDlgpgg44Os44Ki44Or44O744Oe44OJ44Oq44O844OJCjxCUj48Y2VudGVyPgo8dGFibGUgd2lkdGg9IjEwMCUiIGNlbGxzcGFjaW5nPSIwIiBjZWxscGFkZGluZz0iMCIgYm9yZGVyPSIwIj4KCjwvdGFibGU+CjwvY2VudGVyPgo8QlI+CuazqOebruODr+ODvOODie+8muODqeODs+ODgeODp+ODs+ODnuODg+ODiOOAgOODn+ODi+ODj+ODs+OCq+ODgeOAgOS9k+aTjeacjeWFpeOCjOOAgOiCjOedgOOAgOWCmDxicj4KPEJSPgo8QlI+CgoKCgoKCgoKCjwhLS0g44GT44GT44GL44KJIOizvOWFpeWxpeattCAtLT4KPGRpdiBzdHlsZT0id2lkdGg6NzUwcHg7IG1hcmdpbjowcHg7Ij4KPGRpdj4KPGRpdiBzdHlsZT0iYmFja2dyb3VuZC1jb2xvcjojZmZmZmZmOwpoZWlnaHQ6NDAwcHg7IG92ZXJmbG93OmhpZGRlbjsgbWFyZ2luOjFweDsgcGFkZGluZzoxOyBib3JkZXI6MXB4IHNvbGlkICNlZGVkZWQ7Ij4KCgogIDxwIHN0eWxlPSJjb2xvcjojMDAwMDAwOyBmb250LXNpemU6MTRweDsgZm9udC13ZWlnaHQ6Ym9sZDsgbWFyZ2luOjA7IGxpbmUtaGVpZ2h0OjI1cHg7IHRleHQtYWxpZ246bGVmdDsgcGFkZGluZzowIDAgMCAxMHB4OyBtYXJnaW46MDsgYm9yZGVyLWJvdHRvbToycHggZGFzaGVkICNDN0FCNzM7IGxldHRlci1zcGFjaW5nOjJweCI+44GU5rOo5paH44GC44KK44GM44Go44GG44GU44GW44GE44G+44GZPC9wPgogIDxkaXYgc3R5bGU9ImJhY2tncm91bmQtY29sb3I6I0ZGRkZGRjsgbWFyZ2luOjE1cHggMCAwIDA7IHBhZGRpbmc6MCI+CgoKCgoKPC9kaXY+PC9kaXY+CjwhLS0g44GT44GT44G+44GnIC0tPgoKCgo8YnI+PGJyPjxicj4KCgoKCgoKPCEtLSDjgZPjgZPjgYvjgokg44Os44OT44Ol44O8IC0tPgo8ZGl2IHN0eWxlPSJ3aWR0aDo3NTBweDsgbWFyZ2luOjBweDsiPgo8ZGl2Pgo8ZGl2IHN0eWxlPSJiYWNrZ3JvdW5kLWNvbG9yOiNmZmZmZmY7CmhlaWdodDo0MDBweDsgb3ZlcmZsb3c6aGlkZGVuOyBtYXJnaW46MXB4OyBwYWRkaW5nOjE7IGJvcmRlcjoxcHggc29saWQgI2VkZWRlZDsiPgoKCgogIDxwIHN0eWxlPSJjb2xvcjojMDAwMDAwOyBmb250LXNpemU6MTRweDsgZm9udC13ZWlnaHQ6Ym9sZDsgbWFyZ2luOjA7IGxpbmUtaGVpZ2h0OjI1cHg7IHRleHQtYWxpZ246bGVmdDsgcGFkZGluZzowIDAgMCAxMHB4OyBtYXJnaW46MDsgYm9yZGVyLWJvdHRvbToycHggZGFzaGVkICNDN0FCNzM7IGxldHRlci1zcGFjaW5nOjJweCI+44GK5a6i5qeY44Gu5aOw44KS6aCC5oi044GX44G+44GX44GfPC9wPgogIDxkaXYgc3R5bGU9ImJhY2tncm91bmQtY29sb3I6I0ZGRkZGRjsgbWFyZ2luOjE1cHggMCAwIDA7IHBhZGRpbmc6MDsgaGVpZ2h0OjI5N3B4OyI+Cgo8L2Rpdj48L2Rpdj4KCgoKPCEtLSDjgZPjgZPjgb7jgacgLS0+CgoKCgoKCjxicj48YnI+PGJyPgoKCgoKCgoKCjxzdHlsZSB0eXBlPSJ0ZXh0L2NzcyI+CjwhLS0KCi8qIOWAi+aVsOWFpeWKm+ashOOBruWkp+OBjeOBlSAqLwppbnB1dCN1bml0cyB7CnBhZGRpbmc6IDFweCAwcHg7Cn0KCi8qIOOBiuiyt+OBhOeJqeOBi+OBlOODnOOCv+ODs+OBruWkp+OBjeOBlSAqLwp0ZCA+IGlucHV0IHsKZm9udC1zaXplOiB4LWxhcmdlOwpjb2xvcjogIzBCM0IxNzsKZm9udC13ZWlnaHQ6IDcwMDsKcGFkZGluZzozMHB4IDQ1cHg7CmZvbnQtZmFtaWx5OiAiSGlyYWdpbm8gS2FrdSBHb3RoaWMgUHJvTiIsIuODoeOCpOODquOCqiIsIHNhbnMtc2VyaWY7Cn0KCi8qIOOAjOWVhuWTgeOBq+OBpOOBhOOBpuOBruWVj+OBhOWQiOOCj+OBm+OAjeODnOOCv+ODs+OBruWkp+OBjeOBlSovCmZvbnQgaW5wdXQgewpmb250LXNpemU6IDEycHg7CnBhZGRpbmc6MnB4Owp3aWR0aDogMTUwcHg7Cn0KCi0tPgo8L3N0eWxlPg==,44Os44Ki44Or44O744Oe44OJ44Oq44O844OJ4piG5a2Q5L6b5YKY4piGNTVjbeODuzU4Y23imIbjg43jgqTjg5Pjg7zjg7vjg5bjg6njg4Pjgq/jg7vjgrDjg6rjg7zjg7PimIbnlLfjga7lrZAg44K144OD44Kr44O877ya6YCa5ZyS44Kw44OD44K6S0lTU1k=,44GK5pi85a+d5biD5Zuj44Kt44Oj44Op44Kv44K/44O844Kr44OQ44O844CA44Kq44O844OA44O844Oe44Kk44Oh44Ot44OH44Kj6YCa5ZyS44OQ44OD44Kw6YCa5ZyS44Kw44OD44K65YWl5ZyS44K144Oz44Oq44Kq5YWl5ZyS5be+552A44GK5byB5b2T5omL5o+Q44GS44OQ44OD44Kw44Oq44Ol44OD44Kv6IKp5o6b44GR44OQ44OD44Kw44Kt44Or44OI44Kz44OD44OI44Oz44OP44Oz44OJ44Oh44Kk44OJ5omL5L2c44KK5L+d6IKy5ZyS44OP44Ot44O844Kt44OG44Kj44Os44Ki44Or44O744Oe44OJ44Oq44O844OJ4piG5a2Q5L6b5YKY4piGNTVjbeODuzU4Y23imIbjg43jgqTjg5Pjg7zjg7vjg5bjg6njg4Pjgq/jg7vjgrDjg6rjg7zjg7PimIbnlLfjga7lrZAg44K144OD44Kr44O8,NTVjbS81OGNt44K144OD44Kr44O85bCR5bm044Gu5oan44KMRkPjg5Djg6vjgrvjg63jg4rjga5QT0XlrZDkvpvlgpjjgILjg6zjgqLjg6vjg7vjg57jg4njg6rjg7zjg4nimIblrZDkvpvlgpjimIY1NWNt44O7NThjbeKYhuODjeOCpOODk+ODvOODu+ODluODqeODg+OCr+ODu+OCsOODquODvOODs+KYhueUt+OBruWtkCDjgrXjg4Pjgqvjg7w=[rn]
30-32907,aHR0cDovL3RzaG9wLnIxMHMuanAva2lzc3lzaG9wL2NhYmluZXQvc3VuL2ltZ3JjMDA2NDI1MTcxMi5qcGc/Zml0aW49NzAwOjcwMA==,MTI5Ni4wMDAw,,44Kt44OD44K644O744OZ44OT44O844O744Oe44K/44OL44OG44KjID4g44Kt44OD44K6ID4g5a2Q5L6b5pyN44O75rSL5ZOB77yI5bi95a2Q44O75rC0552A44O76Zuo5YW377yJID4g6Zuo5YW3ID4g44Os44Kk44Oz44Kz44O844OI,44CK5oqY55Wz5YKY44CLRkPjg5Djg6vjgrvjg63jg4rimIbmipjjgorjgZ/jgZ/jgb/lgpjimIY1NWNt4piG44OW44Or44O8L+ODjeOCpOODk+ODvOKYhg==,44K144OD44Kr44O85bCR5bm044Gu5oan44KMRkPjg5Djg6vjgrvjg63jg4rjga7mipjlgpg=,44CAPHRhYmxlIHdpZHRoPSI0MDAiIGJnY29sb3I9IiNjY2NjY2MiIGNlbGxzcGFjaW5nPSIxIiBjZWxscGFkZGluZz0iMyI+PHRyPjx0aCBjb2xzcGFuPSIyIiBhbGlnbj0iY2VudGVyIiBiZ2NvbG9yPSIjZmZmZmZmIj7mipjjgorjgZ/jgZ/jgb/lgpjimIY1NWNtPC90aD48L3RyPjx0cj48dGggd2lkdGg9Ijk0IiBhbGlnbj0iY2VudGVyIiAKYmdjb2xvcj0iI2ZmZmZmZiI+PGZvbnQgc2l6ZT0iMiIgY29sb3I9IiM2NjY2NjYiPuWVhuWTgeiqrOaYjjwvZm9udD48L3RoPjx0ZCB3aWR0aD0iMjkxIiBiZ2NvbG9yPSIjZmZmZmZmIj48Zm9udCBzaXplPSIyIiAKY29sb3I9IiM2NjY2NjYiPgoKCuWwj+WtpueUn+OBi+OCieWkp+S6uuOBvuOBp+OCteODg+OCq+ODvOWlveOBjeOBrueUt+aAp+OBq+Wkp+S6uuawlzxCUj4K44CMRkPjg5Djg6vjgrvjg63jg4rjgI3jga7mkLrluK/jgavkvr/liKnjgarmipjjgZ/jgZ/jgb/lgpjjgafjgZnjgII8QlI+CkZD44OQ44Or44K744Ot44OK44Gu44K344Oz44Oc44Or4oCY55u+4oCZ44Go4oCY44Ot44K04oCZ44Gu44OX44Oq44Oz44OI5YWl44KK44CCPEJSPgrmjIHjgaHmiYvpg6jliIbjgavigJjnm77igJnjga7jgrfjg7zjg6vjgYzjgaTjgYTjgabjgYTjgb7jgZnjgII8QlI+CjxCUj4KCgoKPEJSPjxCUj4KPC9mb250PjwvdGQ+PC90cj48dHI+PHRoIHdpZHRoPSI5NCIgYWxpZ249ImNlbnRlciIgYmdjb2xvcj0iI2ZmZmZmZiI+PGZvbnQgc2l6ZT0iMiIgCmNvbG9yPSIjNjY2NjY2Ij7vvLPvvLDvvKXvvKM8YnIgLz48L2ZvbnQ+PC90aD48dGQgd2lkdGg9IjI5MSIgYmdjb2xvcj0iI2ZmZmZmZiI+PGZvbnQgc2l6ZT0iMiIgY29sb3I9IiM2NjY2NjYiPuOCteOCpOOCuu+8mjU1Y208QlI+CuWPjue0jeaZgu+8mue0hDI0LjVjbTxCUj4K6ZaL44GE44Gf54q25oWL44Gu55u05b6E77ya57SEOTljbTxCUj4KICAgICAg5Li744Gq57Sg5p2Q44O744Od44Oq44Ko44K544OG44OrMTAw77yFPEJSPgogICAgICA8QlI+CuKXj+mBqeW/nOi6q+mVt++8mjEyMGNt772eMTM1Y208QlI+CuKXj+mWi+mWie+8muaJi+mWi+OBjeOCv+OCpOODlzxCUj4K77yK6ZaL6ZaJ5pmC44Gu5oyH44Gu5oyf44G/44KS6Kej5raI44GX44Gf4oCY44OP44K444Kt44Kr44OQ44O84oCZ5LuY44GN44Gn44GZ44CC77yKPEJSPgo8QlI+CuODu+ODj+OCuOOCreODnOOCv+ODs+OCkuaKvOOBl+OBn+OBvuOBvuOBp+OBr+WCmOOBjOatouOBvuOCieOBquOBhOS7leanmOOBp+OBmeOAguOAjOS9v+eUqOaWueazleOBruiqrOaYjuOCv+OCsOOAjeOCkuOBlOimp+mgguOBhOOBpuOBi+OCieOBlOWIqeeUqOOBj+OBoOOBleOBhOOAgjxCUj4KIDxCUj4KICAgICAg5Y6f55Sj5Zu9IOS4reWbvSA8YnIgLz4KICAgICAgPC9mb250PjwvdGQ+PC90cj48dHI+PHRoIHdpZHRoPSI5NCIgYWxpZ249ImNlbnRlciIgYmdjb2xvcj0iI2ZmZmZmZiI+PGZvbnQgc2l6ZT0iMiIgCmNvbG9yPSIjNjY2NjY2Ij7jgYrlsYrjgZHmmYLmnJ/jgavjgaTjgYTjgaY8L2ZvbnQ+PC90aD48dGQgd2lkdGg9IjI5MSIgYmdjb2xvcj0iI2ZmZmZmZiI+PGZvbnQgc2l6ZT0iMiIgY29sb3I9IiM2NjY2NjYiPumAmuW4uOOAgCAx772eMuWWtualreaXpeS7peWGheOBq+eZuumAgTxiciAvPjxiciAvPgogICAgICDimIXjgZTkuobmib/jga7kuIrjgIHjgZTms6jmlofjgYrpoZjjgYTjgZfjgb7jgZnimIU8QlI+CiAgICAgIOOAkDXvvZ4xMOWWtualreaXpeOBq+WFpeiNt+OAgeeZuumAgeOAkeOBr+WFpeiNt+W+heOBoeOBruWVhuWTgeOBp+OBmeOAgjxCUj4K5oCl6YG95qyg5ZOB44Go44Gq44KL5aC05ZCI44KC44GU44GW44GE44G+44GZ44Gu44Gn44CB44Gd44Gu5aC05ZCI44Gv5aSn5aSJ55Sz44GX6Kiz44GU44GW44GE44G+44Gb44KT44GM44CB44Oh44O844Or44Gr44Gm44GK55+l44KJ44Gb44GE44Gf44GX44G+44GZ44CCPGJyIC8+CiAgICAgIDxiciAvPgogICAgICA8YnIgLz7imIXjg6Hjg7zjg6vjgYzlsYrjgYvjgarjgYTjgYrlrqLmp5jimIU8YnIgLz4K44GU5rOo5paH5b6M44CB6Ieq5YuV6YWN5L+h44Oh44O844Or44GM5bGK44GL44Gq44GE44GK5a6i5qeY44GvPGJyIC8+a2lzc3lzaG9wQHNob3AucmFrdXRlbi5jby5qcDxiciAvPuOBvuOBp+ODoeODvOODq+OCkuOBiumAgeOCiuOBj+OBoOOBleOBhOOAgjxiciAvPjwvZm9udD48L3RkPjwvdHI+Cjx0cj48dGggd2lkdGg9Ijk0IiBhbGlnbj0iY2VudGVyIiBiZ2NvbG9yPSIjZmZmZmZmIj48Zm9udCBzaXplPSIyIiBjb2xvcj0iIzY2NjY2NiI+6YWN6YCB44Gr44Gk44GE44GmPC9mb250PjwvdGg+PHRkIHdpZHRoPSIyOTEiIApiZ2NvbG9yPSIjZmZmZmZmIj48Zm9udCBzaXplPSIyIiBjb2xvcj0iIzY2NjY2NiI+5a6F6YWN5L6/44Gn44GK5bGK44GR44GX44G+44GZPEJSPgogICAgICA8QlI+CuOChuOBhuODoeODvOODq+S4jeWPr+OBp+OBmTxiciAvPgogICAgICA8L2ZvbnQ+PC90ZD48L3RyPjwvdGFibGU+PEJSPjxCUj48QlI+PGNlbnRlcj4KPHRhYmxlIHdpZHRoPSIxMDAlIiBjZWxsc3BhY2luZz0iMCIgY2VsbHBhZGRpbmc9IjAiIGJvcmRlcj0iMCI+Cgo8L3RhYmxlPgo8L2NlbnRlcj4KPEJSPgrms6jnm67jg6/jg7zjg4nvvJrjg6njg7Pjg4Hjg6fjg7Pjg57jg4Pjg4jjgIDjg5/jg4vjg4/jg7Pjgqvjg4HjgIDkvZPmk43mnI3lhaXjgozjgIDogoznnYDjgIDlgpg8YnI+CjxCUj4KPEJSPgoKCgoKCgoKCgo8IS0tIOOBk+OBk+OBi+OCiSDos7zlhaXlsaXmrbQgLS0+CjxkaXYgc3R5bGU9IndpZHRoOjc1MHB4OyBtYXJnaW46MHB4OyI+CjxkaXY+CjxkaXYgc3R5bGU9ImJhY2tncm91bmQtY29sb3I6I2ZmZmZmZjsKaGVpZ2h0OjQwMHB4OyBvdmVyZmxvdzpoaWRkZW47IG1hcmdpbjoxcHg7IHBhZGRpbmc6MTsgYm9yZGVyOjFweCBzb2xpZCAjZWRlZGVkOyI+CgoKICA8cCBzdHlsZT0iY29sb3I6IzAwMDAwMDsgZm9udC1zaXplOjE0cHg7IGZvbnQtd2VpZ2h0OmJvbGQ7IG1hcmdpbjowOyBsaW5lLWhlaWdodDoyNXB4OyB0ZXh0LWFsaWduOmxlZnQ7IHBhZGRpbmc6MCAwIDAgMTBweDsgbWFyZ2luOjA7IGJvcmRlci1ib3R0b206MnB4IGRhc2hlZCAjQzdBQjczOyBsZXR0ZXItc3BhY2luZzoycHgiPuOBlOazqOaWh+OBguOCiuOBjOOBqOOBhuOBlOOBluOBhOOBvuOBmTwvcD4KICA8ZGl2IHN0eWxlPSJiYWNrZ3JvdW5kLWNvbG9yOiNGRkZGRkY7IG1hcmdpbjoxNXB4IDAgMCAwOyBwYWRkaW5nOjAiPgoKCgoKCjwvZGl2PjwvZGl2Pgo8IS0tIOOBk+OBk+OBvuOBpyAtLT4KCgoKPGJyPjxicj48YnI+CgoKCgoKCjwhLS0g44GT44GT44GL44KJIOODrOODk+ODpeODvCAtLT4KPGRpdiBzdHlsZT0id2lkdGg6NzUwcHg7IG1hcmdpbjowcHg7Ij4KPGRpdj4KPGRpdiBzdHlsZT0iYmFja2dyb3VuZC1jb2xvcjojZmZmZmZmOwpoZWlnaHQ6NDAwcHg7IG92ZXJmbG93OmhpZGRlbjsgbWFyZ2luOjFweDsgcGFkZGluZzoxOyBib3JkZXI6MXB4IHNvbGlkICNlZGVkZWQ7Ij4KCgoKICA8cCBzdHlsZT0iY29sb3I6IzAwMDAwMDsgZm9udC1zaXplOjE0cHg7IGZvbnQtd2VpZ2h0OmJvbGQ7IG1hcmdpbjowOyBsaW5lLWhlaWdodDoyNXB4OyB0ZXh0LWFsaWduOmxlZnQ7IHBhZGRpbmc6MCAwIDAgMTBweDsgbWFyZ2luOjA7IGJvcmRlci1ib3R0b206MnB4IGRhc2hlZCAjQzdBQjczOyBsZXR0ZXItc3BhY2luZzoycHgiPuOBiuWuouanmOOBruWjsOOCkumgguaItOOBl+OBvuOBl+OBnzwvcD4KICA8ZGl2IHN0eWxlPSJiYWNrZ3JvdW5kLWNvbG9yOiNGRkZGRkY7IG1hcmdpbjoxNXB4IDAgMCAwOyBwYWRkaW5nOjA7IGhlaWdodDoyOTdweDsiPgoKPC9kaXY+PC9kaXY+CgoKCjwhLS0g44GT44GT44G+44GnIC0tPgoKCgoKCgo8YnI+PGJyPjxicj4KCgoKCgoKCgo8c3R5bGUgdHlwZT0idGV4dC9jc3MiPgo8IS0tCgovKiDlgIvmlbDlhaXlipvmrITjga7lpKfjgY3jgZUgKi8KaW5wdXQjdW5pdHMgewpwYWRkaW5nOiAxcHggMHB4Owp9CgovKiDjgYrosrfjgYTnianjgYvjgZTjg5zjgr/jg7Pjga7lpKfjgY3jgZUgKi8KdGQgPiBpbnB1dCB7CmZvbnQtc2l6ZTogeC1sYXJnZTsKY29sb3I6ICMwQjNCMTc7CmZvbnQtd2VpZ2h0OiA3MDA7CnBhZGRpbmc6MzBweCA0NXB4Owpmb250LWZhbWlseTogIkhpcmFnaW5vIEtha3UgR290aGljIFByb04iLCLjg6HjgqTjg6rjgqoiLCBzYW5zLXNlcmlmOwp9CgovKiDjgIzllYblk4HjgavjgaTjgYTjgabjga7llY/jgYTlkIjjgo/jgZvjgI3jg5zjgr/jg7Pjga7lpKfjgY3jgZUqLwpmb250IGlucHV0IHsKZm9udC1zaXplOiAxMnB4OwpwYWRkaW5nOjJweDsKd2lkdGg6IDE1MHB4Owp9CgotLT4KPC9zdHlsZT4=,44CK5oqY55Wz5YKY44CLRkPjg5Djg6vjgrvjg63jg4rimIbmipjjgorjgZ/jgZ/jgb/lgpjimIY1NWNt4piG44OW44Or44O8L+ODjeOCpOODk+ODvOKYhu+8mumAmuWckuOCsOODg+OCuktJU1NZ,44GK5pi85a+d5biD5Zuj44Kt44Oj44Op44Kv44K/44O844Kr44OQ44O844CA44Kq44O844OA44O844Oe44Kk44Oh44Ot44OH44Kj6YCa5ZyS44OQ44OD44Kw6YCa5ZyS44Kw44OD44K65YWl5ZyS44K144Oz44Oq44Kq5YWl5ZyS5be+552A44GK5byB5b2T5omL5o+Q44GS44OQ44OD44Kw44Oq44Ol44OD44Kv6IKp5o6b44GR44OQ44OD44Kw44Kt44Or44OI44Kz44OD44OI44Oz44OP44Oz44OJ44Oh44Kk44OJ5omL5L2c44KK5L+d6IKy5ZyS44OP44Ot44O844Kt44OG44Kj44CK5oqY55Wz5YKY44CLRkPjg5Djg6vjgrvjg63jg4rimIbmipjjgorjgZ/jgZ/jgb/lgpjimIY1NWNt4piG44OW44Or44O8L+ODjeOCpOODk+ODvOKYhg==,44K144OD44Kr44O85bCR5bm044Gu5oan44KMRkPjg5Djg6vjgrvjg63jg4rjga7mipjlgpjjgILjgIrmipjnlbPlgpjjgItGQ+ODkOODq+OCu+ODreODiuKYhuaKmOOCiuOBn+OBn+OBv+WCmOKYhjU1Y23imIbjg5bjg6vjg7wv44ON44Kk44OT44O84piG[rn]
30-32908,aHR0cDovL3RzaG9wLnIxMHMuanAva2lzc3lzaG9wL2NhYmluZXQvaW1ncmMwMDYyMTI1ODkzLmpwZz9maXRpbj03MDA6NzAw,MTI5Ni4wMDAw,,44Kt44OD44K644O744OZ44OT44O844O744Oe44K/44OL44OG44KjID4g44Kt44OD44K6ID4g5a2Q5L6b5pyN44O75rSL5ZOB77yI5bi95a2Q44O75rC0552A44O76Zuo5YW377yJID4g6Zuo5YW3ID4g44Os44Kk44Oz44Kz44O844OI,QUPjg5/jg6njg7Mg5a2Q5L6b5YKYIDU4Y20g4piG44OW44Op44OD44Kv4piG,QUPjg5/jg6njg7Mg5a2Q5L6b5YKYIDU4Y20g4piG44OW44Op44OD44Kv4piG,44CAPHRhYmxlIHdpZHRoPSI0MDAiIGJnY29sb3I9IiNjY2NjY2MiIGNlbGxzcGFjaW5nPSIxIiBjZWxscGFkZGluZz0iMyI+PHRyPjx0aCBjb2xzcGFuPSIyIiBhbGlnbj0iY2VudGVyIiBiZ2NvbG9yPSIjZmZmZmZmIj7lrZDkvpvlgpg8L3RoPjwvdHI+PHRyPjx0aCB3aWR0aD0iOTQiIGFsaWduPSJjZW50ZXIiIApiZ2NvbG9yPSIjZmZmZmZmIj48Zm9udCBzaXplPSIyIiBjb2xvcj0iIzY2NjY2NiI+5ZWG5ZOB6Kqs5piOPC9mb250PjwvdGg+PHRkIHdpZHRoPSIyOTEiIGJnY29sb3I9IiNmZmZmZmYiPjxmb250IHNpemU9IjIiIApjb2xvcj0iIzY2NjY2NiI+CgoK44Ob44O844Og44Om44OL44OV44Kp44O844Og44Gn44GC44KL6LWk6buS44Gu57im44GY44G+44Gr44Kq44OV44Kj44K344Oj44Or44Ot44K044KS44OX44Oq44Oz44OI44GX44GfCuOBiuWtkOanmOeUqOOBrumVt+WCmOOBp+OBmeOAgjxCUj4KPEJSPgoKCgo8QlI+PEJSPgo8L2ZvbnQ+PC90ZD48L3RyPjx0cj48dGggd2lkdGg9Ijk0IiBhbGlnbj0iY2VudGVyIiBiZ2NvbG9yPSIjZmZmZmZmIj48Zm9udCBzaXplPSIyIiAKY29sb3I9IiM2NjY2NjYiPu+8s++8sO+8pe+8ozxiciAvPjwvZm9udD48L3RoPjx0ZCB3aWR0aD0iMjkxIiBiZ2NvbG9yPSIjZmZmZmZmIj48Zm9udCBzaXplPSIyIiBjb2xvcj0iIzY2NjY2NiI+44K144Kk44K677yaNThjbTxCUj4K5YWo6ZW377ya57SENzdjbTxCUj4K6ZaL44GE44Gf54q25oWL44Gu55u05b6E77ya57SEOTZjbTxCUj4KICAgICAg5Li744Gq57Sg5p2Q44O744Od44Oq44Ko44K544OG44OrMTAw77yFPEJSPgogICAgICA8QlI+CuKXj+mBqeW/nOi6q+mVt++8mjEzNWNt772eMTQ1Y208QlI+CuKXj+mWi+mWie+8muOCuOODo+ODs+ODl+W8jzxCUj4KPEJSPgogPEJSPgogICAgICDljp/nlKPlm70g5Lit5Zu9IDxiciAvPgogICAgICA8L2ZvbnQ+PC90ZD48L3RyPjx0cj48dGggd2lkdGg9Ijk0IiBhbGlnbj0iY2VudGVyIiBiZ2NvbG9yPSIjZmZmZmZmIj48Zm9udCBzaXplPSIyIiAKY29sb3I9IiM2NjY2NjYiPuOBiuWxiuOBkeaZguacn+OBq+OBpOOBhOOBpjwvZm9udD48L3RoPjx0ZCB3aWR0aD0iMjkxIiBiZ2NvbG9yPSIjZmZmZmZmIj48Zm9udCBzaXplPSIyIiBjb2xvcj0iIzY2NjY2NiI+6YCa5bi444CAIDHvvZ4y5Za25qWt5pel5Lul5YaF44Gr55m66YCBPGJyIC8+PGJyIC8+CiAgICAgIOKYheOBlOS6huaJv+OBruS4iuOAgeOBlOazqOaWh+OBiumhmOOBhOOBl+OBvuOBmeKYhTxCUj4KICAgICAg44CQNe+9njEw5Za25qWt5pel44Gr5YWl6I2344CB55m66YCB44CR44Gv5YWl6I235b6F44Gh44Gu5ZWG5ZOB44Gn44GZ44CCPEJSPgrmgKXpgb3mrKDlk4HjgajjgarjgovloLTlkIjjgoLjgZTjgZbjgYTjgb7jgZnjga7jgafjgIHjgZ3jga7loLTlkIjjga/lpKflpInnlLPjgZfoqLPjgZTjgZbjgYTjgb7jgZvjgpPjgYzjgIHjg6Hjg7zjg6vjgavjgabjgYrnn6XjgonjgZvjgYTjgZ/jgZfjgb7jgZnjgII8YnIgLz4KICAgICAgPGJyIC8+CiAgICAgIDxiciAvPuKYheODoeODvOODq+OBjOWxiuOBi+OBquOBhOOBiuWuouanmOKYhTxiciAvPgrjgZTms6jmloflvozjgIHoh6rli5XphY3kv6Hjg6Hjg7zjg6vjgYzlsYrjgYvjgarjgYTjgYrlrqLmp5jjga88YnIgLz5raXNzeXNob3BAc2hvcC5yYWt1dGVuLmNvLmpwPGJyIC8+44G+44Gn44Oh44O844Or44KS44GK6YCB44KK44GP44Gg44GV44GE44CCPGJyIC8+PC9mb250PjwvdGQ+PC90cj4KPHRyPjx0aCB3aWR0aD0iOTQiIGFsaWduPSJjZW50ZXIiIGJnY29sb3I9IiNmZmZmZmYiPjxmb250IHNpemU9IjIiIGNvbG9yPSIjNjY2NjY2Ij7phY3pgIHjgavjgaTjgYTjgaY8L2ZvbnQ+PC90aD48dGQgd2lkdGg9IjI5MSIgCmJnY29sb3I9IiNmZmZmZmYiPjxmb250IHNpemU9IjIiIGNvbG9yPSIjNjY2NjY2Ij7lroXphY3kvr/jgafjgYrlsYrjgZHjgZfjgb7jgZk8QlI+CiAgICAgIDxCUj4K44KG44GG44Oh44O844Or5LiN5Y+v44Gn44GZPGJyIC8+CiAgICAgIDwvZm9udD48L3RkPjwvdHI+PC90YWJsZT48QlI+PEJSPjxCUj48Y2VudGVyPgo8dGFibGUgd2lkdGg9IjEwMCUiIGNlbGxzcGFjaW5nPSIwIiBjZWxscGFkZGluZz0iMCIgYm9yZGVyPSIwIj4KCjwvdGFibGU+CjwvY2VudGVyPgo8QlI+CuazqOebruODr+ODvOODie+8muODqeODs+ODgeODp+ODs+ODnuODg+ODiOOAgOODn+ODi+ODj+ODs+OCq+ODgeOAgOS9k+aTjeacjeWFpeOCjOOAgOiCjOedgOOAgOWCmDxicj4KPEJSPgo8QlI+CgoKCgoKCgoKCjwhLS0g44GT44GT44GL44KJIOizvOWFpeWxpeattCAtLT4KPGRpdiBzdHlsZT0id2lkdGg6NzUwcHg7IG1hcmdpbjowcHg7Ij4KPGRpdj4KPGRpdiBzdHlsZT0iYmFja2dyb3VuZC1jb2xvcjojZmZmZmZmOwpoZWlnaHQ6NDAwcHg7IG92ZXJmbG93OmhpZGRlbjsgbWFyZ2luOjFweDsgcGFkZGluZzoxOyBib3JkZXI6MXB4IHNvbGlkICNlZGVkZWQ7Ij4KCgogIDxwIHN0eWxlPSJjb2xvcjojMDAwMDAwOyBmb250LXNpemU6MTRweDsgZm9udC13ZWlnaHQ6Ym9sZDsgbWFyZ2luOjA7IGxpbmUtaGVpZ2h0OjI1cHg7IHRleHQtYWxpZ246bGVmdDsgcGFkZGluZzowIDAgMCAxMHB4OyBtYXJnaW46MDsgYm9yZGVyLWJvdHRvbToycHggZGFzaGVkICNDN0FCNzM7IGxldHRlci1zcGFjaW5nOjJweCI+44GU5rOo5paH44GC44KK44GM44Go44GG44GU44GW44GE44G+44GZPC9wPgogIDxkaXYgc3R5bGU9ImJhY2tncm91bmQtY29sb3I6I0ZGRkZGRjsgbWFyZ2luOjE1cHggMCAwIDA7IHBhZGRpbmc6MCI+CgoKCgoKPC9kaXY+PC9kaXY+CjwhLS0g44GT44GT44G+44GnIC0tPgoKCgo8YnI+PGJyPjxicj4KCgoKCgoKPCEtLSDjgZPjgZPjgYvjgokg44Os44OT44Ol44O8IC0tPgo8ZGl2IHN0eWxlPSJ3aWR0aDo3NTBweDsgbWFyZ2luOjBweDsiPgo8ZGl2Pgo8ZGl2IHN0eWxlPSJiYWNrZ3JvdW5kLWNvbG9yOiNmZmZmZmY7CmhlaWdodDo0MDBweDsgb3ZlcmZsb3c6aGlkZGVuOyBtYXJnaW46MXB4OyBwYWRkaW5nOjE7IGJvcmRlcjoxcHggc29saWQgI2VkZWRlZDsiPgoKCgogIDxwIHN0eWxlPSJjb2xvcjojMDAwMDAwOyBmb250LXNpemU6MTRweDsgZm9udC13ZWlnaHQ6Ym9sZDsgbWFyZ2luOjA7IGxpbmUtaGVpZ2h0OjI1cHg7IHRleHQtYWxpZ246bGVmdDsgcGFkZGluZzowIDAgMCAxMHB4OyBtYXJnaW46MDsgYm9yZGVyLWJvdHRvbToycHggZGFzaGVkICNDN0FCNzM7IGxldHRlci1zcGFjaW5nOjJweCI+44GK5a6i5qeY44Gu5aOw44KS6aCC5oi044GX44G+44GX44GfPC9wPgogIDxkaXYgc3R5bGU9ImJhY2tncm91bmQtY29sb3I6I0ZGRkZGRjsgbWFyZ2luOjE1cHggMCAwIDA7IHBhZGRpbmc6MDsgaGVpZ2h0OjI5N3B4OyI+Cgo8L2Rpdj48L2Rpdj4KCgoKPCEtLSDjgZPjgZPjgb7jgacgLS0+CgoKCgoKCjxicj48YnI+PGJyPgoKCgoKCgoKCjxzdHlsZSB0eXBlPSJ0ZXh0L2NzcyI+CjwhLS0KCi8qIOWAi+aVsOWFpeWKm+ashOOBruWkp+OBjeOBlSAqLwppbnB1dCN1bml0cyB7CnBhZGRpbmc6IDFweCAwcHg7Cn0KCi8qIOOBiuiyt+OBhOeJqeOBi+OBlOODnOOCv+ODs+OBruWkp+OBjeOBlSAqLwp0ZCA+IGlucHV0IHsKZm9udC1zaXplOiB4LWxhcmdlOwpjb2xvcjogIzBCM0IxNzsKZm9udC13ZWlnaHQ6IDcwMDsKcGFkZGluZzozMHB4IDQ1cHg7CmZvbnQtZmFtaWx5OiAiSGlyYWdpbm8gS2FrdSBHb3RoaWMgUHJvTiIsIuODoeOCpOODquOCqiIsIHNhbnMtc2VyaWY7Cn0KCi8qIOOAjOWVhuWTgeOBq+OBpOOBhOOBpuOBruWVj+OBhOWQiOOCj+OBm+OAjeODnOOCv+ODs+OBruWkp+OBjeOBlSovCmZvbnQgaW5wdXQgewpmb250LXNpemU6IDEycHg7CnBhZGRpbmc6MnB4Owp3aWR0aDogMTUwcHg7Cn0KCi0tPgo8L3N0eWxlPg==,QUPjg5/jg6njg7Mg5a2Q5L6b5YKYIDU4Y20g4piG44OW44Op44OD44Kv4piG77ya6YCa5ZyS44Kw44OD44K6S0lTU1k=,44GK5pi85a+d5biD5Zuj44Kt44Oj44Op44Kv44K/44O844Kr44OQ44O844CA44Kq44O844OA44O844Oe44Kk44Oh44Ot44OH44Kj6YCa5ZyS44OQ44OD44Kw6YCa5ZyS44Kw44OD44K65YWl5ZyS44K144Oz44Oq44Kq5YWl5ZyS5be+552A44GK5byB5b2T5omL5o+Q44GS44OQ44OD44Kw44Oq44Ol44OD44Kv6IKp5o6b44GR44OQ44OD44Kw44Kt44Or44OI44Kz44OD44OI44Oz44OP44Oz44OJ44Oh44Kk44OJ5omL5L2c44KK5L+d6IKy5ZyS44OP44Ot44O844Kt44OG44KjQUPjg5/jg6njg7Mg5a2Q5L6b5YKYIDU4Y20g4piG44OW44Op44OD44Kv4piG,QUPjg5/jg6njg7Mg5a2Q5L6b5YKYIDU4Y20g4piG44OW44Op44OD44Kv4piG44CCQUPjg5/jg6njg7Mg5a2Q5L6b5YKYIDU4Y20g4piG44OW44Op44OD44Kv4piG[rn]
30-32909,aHR0cDovL3RzaG9wLnIxMHMuanAva2lzc3lzaG9wL2NhYmluZXQvc3VuL2ltZ3JjMDA2NDMxMzUwOS5qcGc/Zml0aW49NzAwOjcwMA==,MTI5Ni4wMDAw,,44Kt44OD44K644O744OZ44OT44O844O744Oe44K/44OL44OG44KjID4g44Kt44OD44K6ID4g5a2Q5L6b5pyN44O75rSL5ZOB77yI5bi95a2Q44O75rC0552A44O76Zuo5YW377yJID4g6Zuo5YW3ID4g44Os44Kk44Oz44Kz44O844OI,RkPjg5Djg6vjgrvjg63jg4rimIblrZDkvpvlgpjimIY1NWNt44O7NThjbeKYhuODluODq+ODvOKYhg==,NTBjbS81OGNt44K144OD44Kr44O85bCR5bm044Gu5oan44KMRkPjg5Djg6vjgrvjg63jg4rjga5QT0XlrZDkvpvlgpg=,44CAPHRhYmxlIHdpZHRoPSI0MDAiIGJnY29sb3I9IiNjY2NjY2MiIGNlbGxzcGFjaW5nPSIxIiBjZWxscGFkZGluZz0iMyI+PHRyPjx0aCBjb2xzcGFuPSIyIiBhbGlnbj0iY2VudGVyIiBiZ2NvbG9yPSIjZmZmZmZmIj4KClBPReWtkOS+m+WCmOKYhjU1Y23vvIhORVcpNThjbQoKCjwvdGg+PC90cj48dHI+PHRoIHdpZHRoPSI5NCIgYWxpZ249ImNlbnRlciIgCmJnY29sb3I9IiNmZmZmZmYiPjxmb250IHNpemU9IjIiIGNvbG9yPSIjNjY2NjY2Ij7llYblk4HoqqzmmI48L2ZvbnQ+PC90aD48dGQgd2lkdGg9IjI5MSIgYmdjb2xvcj0iI2ZmZmZmZiI+PC90ZD48L3RyPjx0cj48dGggd2lkdGg9Ijk0IiBhbGlnbj0iY2VudGVyIiBiZ2NvbG9yPSIjZmZmZmZmIj48Zm9udCBzaXplPSIyIiAKY29sb3I9IiM2NjY2NjYiPgoK77yz77yw77yl77yjPGJyIC8+PC9mb250PjwvdGg+PHRkIHdpZHRoPSIyOTEiIGJnY29sb3I9IiNmZmZmZmYiPjxmb250IHNpemU9IjIiIGNvbG9yPSIjNjY2NjY2Ij4KIOmWi+mWie+8muOCuOODo+ODs+ODl+W8jzxiciAvPgogNThjbeOCteOCpOOCujxiciA+CiDpganlv5zouqvplbfvvJoxMzVjbe+9njE0NWNtPGJyID4KIOmWi+OBjeaWue+8muOCuOODo+ODs+ODl+W8jzxiciA+CiA1NWNt44K144Kk44K6PGJyID4KIOmBqeW/nOi6q+mVt++8mjEyMGNt772eMTM1Y208YnIgPgog6ZaL6ZaJ77ya44K444Oj44Oz44OX5byPPGJyPjxiciAvPgoKCiA8L2ZvbnQ+PC90ZD48L3RyPjx0cj48dGggd2lkdGg9Ijk0IiBhbGlnbj0iY2VudGVyIiBiZ2NvbG9yPSIjZmZmZmZmIj48Zm9udCBzaXplPSIyIiAKY29sb3I9IiM2NjY2NjYiPgrjgYrlsYrjgZHmmYLmnJ/jgavjgaTjgYTjgaY8L2ZvbnQ+PC90aD48dGQgd2lkdGg9IjI5MSIgYmdjb2xvcj0iI2ZmZmZmZiI+PGZvbnQgc2l6ZT0iMiIgY29sb3I9IiM2NjY2NjYiPgrpgJrluLjjgIAgMe+9njLllrbmpa3ml6Xku6XlhoXjgavnmbrpgIE8YnIgLz48YnIgLz4KCjwvZm9udD48L3RkPjwvdHI+Cjx0cj48dGggd2lkdGg9Ijk0IiBhbGlnbj0iY2VudGVyIiBiZ2NvbG9yPSIjZmZmZmZmIj48Zm9udCBzaXplPSIyIiBjb2xvcj0iIzY2NjY2NiI+6YWN6YCB44Gr44Gk44GE44GmPC9mb250PjwvdGg+PHRkIHdpZHRoPSIyOTEiIApiZ2NvbG9yPSIjZmZmZmZmIj48Zm9udCBzaXplPSIyIiBjb2xvcj0iIzY2NjY2NiI+CuKXj+WuhemFjeS+v+S7o+W8lU9L44CB5ZCM5qKxT0vvvIk8QlI+CuKXj+OChuOBhuODoeODvOODq+S4jeWPrzxCUj4KCjwvZm9udD48L3RkPjwvdHI+PC90YWJsZT4KCgo8QlI+CjxCUj4g55S344Gu5a2QIOWwj+WtpueUnyDjgrXjg4Pjgqvjg7wg5YKYIEZD44OQ44Or44K744Ot44OKCjxCUj48Y2VudGVyPgo8dGFibGUgd2lkdGg9IjEwMCUiIGNlbGxzcGFjaW5nPSIwIiBjZWxscGFkZGluZz0iMCIgYm9yZGVyPSIwIj4KCjwvdGFibGU+CjwvY2VudGVyPgo8QlI+CuazqOebruODr+ODvOODie+8muODqeODs+ODgeODp+ODs+ODnuODg+ODiOOAgOODn+ODi+ODj+ODs+OCq+ODgeOAgOS9k+aTjeacjeWFpeOCjOOAgOiCjOedgOOAgOWCmDxicj4KPEJSPgo8QlI+CgoKCgoKCgoKCjwhLS0g44GT44GT44GL44KJIOizvOWFpeWxpeattCAtLT4KPGRpdiBzdHlsZT0id2lkdGg6NzUwcHg7IG1hcmdpbjowcHg7Ij4KPGRpdj4KPGRpdiBzdHlsZT0iYmFja2dyb3VuZC1jb2xvcjojZmZmZmZmOwpoZWlnaHQ6NDAwcHg7IG92ZXJmbG93OmhpZGRlbjsgbWFyZ2luOjFweDsgcGFkZGluZzoxOyBib3JkZXI6MXB4IHNvbGlkICNlZGVkZWQ7Ij4KCgogIDxwIHN0eWxlPSJjb2xvcjojMDAwMDAwOyBmb250LXNpemU6MTRweDsgZm9udC13ZWlnaHQ6Ym9sZDsgbWFyZ2luOjA7IGxpbmUtaGVpZ2h0OjI1cHg7IHRleHQtYWxpZ246bGVmdDsgcGFkZGluZzowIDAgMCAxMHB4OyBtYXJnaW46MDsgYm9yZGVyLWJvdHRvbToycHggZGFzaGVkICNDN0FCNzM7IGxldHRlci1zcGFjaW5nOjJweCI+44GU5rOo5paH44GC44KK44GM44Go44GG44GU44GW44GE44G+44GZPC9wPgogIDxkaXYgc3R5bGU9ImJhY2tncm91bmQtY29sb3I6I0ZGRkZGRjsgbWFyZ2luOjE1cHggMCAwIDA7IHBhZGRpbmc6MCI+CgoKCgoKPC9kaXY+PC9kaXY+CjwhLS0g44GT44GT44G+44GnIC0tPgoKCgo8YnI+PGJyPjxicj4KCgoKCgoKPCEtLSDjgZPjgZPjgYvjgokg44Os44OT44Ol44O8IC0tPgo8ZGl2IHN0eWxlPSJ3aWR0aDo3NTBweDsgbWFyZ2luOjBweDsiPgo8ZGl2Pgo8ZGl2IHN0eWxlPSJiYWNrZ3JvdW5kLWNvbG9yOiNmZmZmZmY7CmhlaWdodDo0MDBweDsgb3ZlcmZsb3c6aGlkZGVuOyBtYXJnaW46MXB4OyBwYWRkaW5nOjE7IGJvcmRlcjoxcHggc29saWQgI2VkZWRlZDsiPgoKCgogIDxwIHN0eWxlPSJjb2xvcjojMDAwMDAwOyBmb250LXNpemU6MTRweDsgZm9udC13ZWlnaHQ6Ym9sZDsgbWFyZ2luOjA7IGxpbmUtaGVpZ2h0OjI1cHg7IHRleHQtYWxpZ246bGVmdDsgcGFkZGluZzowIDAgMCAxMHB4OyBtYXJnaW46MDsgYm9yZGVyLWJvdHRvbToycHggZGFzaGVkICNDN0FCNzM7IGxldHRlci1zcGFjaW5nOjJweCI+44GK5a6i5qeY44Gu5aOw44KS6aCC5oi044GX44G+44GX44GfPC9wPgogIDxkaXYgc3R5bGU9ImJhY2tncm91bmQtY29sb3I6I0ZGRkZGRjsgbWFyZ2luOjE1cHggMCAwIDA7IHBhZGRpbmc6MDsgaGVpZ2h0OjI5N3B4OyI+Cgo8L2Rpdj48L2Rpdj4KCgoKPCEtLSDjgZPjgZPjgb7jgacgLS0+CgoKCgoKCjxicj48YnI+PGJyPgoKCgoKCgoKCjxzdHlsZSB0eXBlPSJ0ZXh0L2NzcyI+CjwhLS0KCi8qIOWAi+aVsOWFpeWKm+ashOOBruWkp+OBjeOBlSAqLwppbnB1dCN1bml0cyB7CnBhZGRpbmc6IDFweCAwcHg7Cn0KCi8qIOOBiuiyt+OBhOeJqeOBi+OBlOODnOOCv+ODs+OBruWkp+OBjeOBlSAqLwp0ZCA+IGlucHV0IHsKZm9udC1zaXplOiB4LWxhcmdlOwpjb2xvcjogIzBCM0IxNzsKZm9udC13ZWlnaHQ6IDcwMDsKcGFkZGluZzozMHB4IDQ1cHg7CmZvbnQtZmFtaWx5OiAiSGlyYWdpbm8gS2FrdSBHb3RoaWMgUHJvTiIsIuODoeOCpOODquOCqiIsIHNhbnMtc2VyaWY7Cn0KCi8qIOOAjOWVhuWTgeOBq+OBpOOBhOOBpuOBruWVj+OBhOWQiOOCj+OBm+OAjeODnOOCv+ODs+OBruWkp+OBjeOBlSovCmZvbnQgaW5wdXQgewpmb250LXNpemU6IDEycHg7CnBhZGRpbmc6MnB4Owp3aWR0aDogMTUwcHg7Cn0KCi0tPgo8L3N0eWxlPg==,RkPjg5Djg6vjgrvjg63jg4rimIblrZDkvpvlgpjimIY1NWNt44O7NThjbeKYhuODluODq+ODvOKYhu+8mumAmuWckuOCsOODg+OCuktJU1NZ,44GK5pi85a+d5biD5Zuj44Kt44Oj44Op44Kv44K/44O844Kr44OQ44O844CA44Kq44O844OA44O844Oe44Kk44Oh44Ot44OH44Kj6YCa5ZyS44OQ44OD44Kw6YCa5ZyS44Kw44OD44K65YWl5ZyS44K144Oz44Oq44Kq5YWl5ZyS5be+552A44GK5byB5b2T5omL5o+Q44GS44OQ44OD44Kw44Oq44Ol44OD44Kv6IKp5o6b44GR44OQ44OD44Kw44Kt44Or44OI44Kz44OD44OI44Oz44OP44Oz44OJ44Oh44Kk44OJ5omL5L2c44KK5L+d6IKy5ZyS44OP44Ot44O844Kt44OG44KjRkPjg5Djg6vjgrvjg63jg4rimIblrZDkvpvlgpjimIY1NWNt44O7NThjbeKYhuODluODq+ODvOKYhg==,NTBjbS81OGNt44K144OD44Kr44O85bCR5bm044Gu5oan44KMRkPjg5Djg6vjgrvjg63jg4rjga5QT0XlrZDkvpvlgpjjgIJGQ+ODkOODq+OCu+ODreODiuKYhuWtkOS+m+WCmOKYhjU1Y23jg7s1OGNt4piG44OW44Or44O84piG[rn]
30-32910,aHR0cDovL3RzaG9wLnIxMHMuanAva2lzc3lzaG9wL2NhYmluZXQvMDUwNDI4MTIvcjE3L24tMTcwMS04OTQyMzFfMS5qcGc/Zml0aW49NzAwOjcwMA==,MzAyNC4wMDAw,,44Kt44OD44K644O744OZ44OT44O844O744Oe44K/44OL44OG44KjID4g44Kt44OD44K6ID4g5a2Q5L6b5pyN44O75rSL5ZOB77yI5bi95a2Q44O75rC0552A44O76Zuo5YW377yJID4g6Zuo5YW3ID4g44Os44Kk44Oz44Kz44O844OI,44OP44Of44Oz44Kw44Of44Oz44OIIOODrOOCpOODs+OCs+ODvOODiCjjg4/jg4opIOmbqC/jgqvjg4Pjg5Ev44Op44Oz44OJ44K744Or5a++5b+c,6Zuo44Gu5pel44GM5b6F44Gh6YGg44GX44GP44Gq44KL4pmq44GK5rCX44Gr5YWl44KK44Gu44Os44Kk44Oz44Kw44OD44K644Gn44GK5Ye644GL44GR4piG,PHRhYmxlIHdpZHRoPSI0MDAiIGJnY29sb3I9IiNjY2NjY2MiIGNlbGxzcGFjaW5nPSIxIiBjZWxscGFkZGluZz0iMyI+PHRyPjx0aCBjb2xzcGFuPSIyIiBhbGlnbj0iY2VudGVyIiBiZ2NvbG9yPSIjZmZmZmZmIj4KCuODqeODs+ODieOCu+ODq+WvvuW/nOODrOOCpOODs+OCs+ODvOODiOOAgOOCteODs+ODquOCquato+imj+WTgQoKCjwvdGg+PC90cj48dHI+PHRoIHdpZHRoPSI5NCIgYWxpZ249ImNlbnRlciIgCmJnY29sb3I9IiNmZmZmZmYiPjxmb250IHNpemU9IjIiIGNvbG9yPSIjNjY2NjY2Ij7llYblk4HoqqzmmI48L2ZvbnQ+PC90aD48dGQgd2lkdGg9IjI5MSIgYmdjb2xvcj0iI2ZmZmZmZiI+PGZvbnQgc2l6ZT0iMiIgCmNvbG9yPSIjNjY2NjY2Ij4KCgrlhYnjgaPjgablrZjlnKjjgpLjgqLjg5Tjg7zjg6vjgZnjgovlj43lsITjg4bjg7zjg5fku5jjgY3imIXlgpjjgajjgrPjg7zjg4flh7rmnaXjgovjga7jgoLjgYbjgozjgZfjgYTjg43imao8QlI+CjxCUj4K6I2354mp44KS5YWl44KM44Gm44KC44Kt44Os44Kk44Gr5oyB44Gm44KL44GX44Gj44GL44KK55Sf5Zyw4piF44Op44Oz44OJ44K744Or44Gu5LiK44GL44KJ44Gn44KC6IOM6LKg44GI44KLMldBWeKZqjxCUj4KPEJSPgo8QlI+CjwvZm9udD48L3RkPjwvdHI+PHRyPjx0aCB3aWR0aD0iOTQiIGFsaWduPSJjZW50ZXIiIGJnY29sb3I9IiNmZmZmZmYiPjxmb250IHNpemU9IjIiIApjb2xvcj0iIzY2NjY2NiI+CgrvvLPvvLDvvKXvvKM8YnIgLz48L2ZvbnQ+PC90aD48dGQgd2lkdGg9IjI5MSIgYmdjb2xvcj0iI2ZmZmZmZiI+PGZvbnQgc2l6ZT0iMiIgY29sb3I9IiM2NjY2NjYiPgrjgrXjgqTjgrrvvJrjgJAxMTBjbeOAkei6q+mVt+e0hDEwNS0xMTVjbTxiciAvPgoK44CQMTIwY23jgJHouqvplbfntIQxMTUtMTI1Y208YnIgLz4KCuOAkDEzMGNt44CR6Lqr6ZW357SEMTI1LTEzNWNtPGJyIC8+CuS4u+OBque0oOadkOODu+ODneODquOCqOOCueODhuODqzxiciAvPgo8YnIgLz4KCuKXj+aSpeawtOWKoOW3pTxiciAvPgoK4peP5Y+O57SN5be+552A6KKL5LuY44GNPGJyIC8+Cgril4/og4zkuK3pg6jliIbjgavlj43lsITjg4bjg7zjg5fku5jjgY08YnIgLz4KCuKXj+iDjOS4reODnOOCv+ODs+OCkuWkluOBm+OBsOODquODpeODg+OCr+OChOODqeODs+ODieOCu+ODq+OBq+OCguWvvuW/nDxiciAvPgo8QlI+CjxCUj4K5Y6f55Sj5Zu9IOS4reWbvTxiciAvPgoKCiA8L2ZvbnQ+PC90ZD48L3RyPjx0cj48dGggd2lkdGg9Ijk0IiBhbGlnbj0iY2VudGVyIiBiZ2NvbG9yPSIjZmZmZmZmIj48Zm9udCBzaXplPSIyIiAKY29sb3I9IiM2NjY2NjYiPgrjgYrlsYrjgZHmmYLmnJ/jgavjgaTjgYTjgaY8L2ZvbnQ+PC90aD48dGQgd2lkdGg9IjI5MSIgYmdjb2xvcj0iI2ZmZmZmZiI+PGZvbnQgc2l6ZT0iMiIgY29sb3I9IiM2NjY2NjYiPgrpgJrluLjjgIAgM+WWtualreaXpeS7peWGheOBq+eZuumAgTxiciAvPjxiciAvPgoKPC9mb250PjwvdGQ+PC90cj4KPHRyPjx0aCB3aWR0aD0iOTQiIGFsaWduPSJjZW50ZXIiIGJnY29sb3I9IiNmZmZmZmYiPjxmb250IHNpemU9IjIiIGNvbG9yPSIjNjY2NjY2Ij7phY3pgIHjgavjgaTjgYTjgaY8L2ZvbnQ+PC90aD48dGQgd2lkdGg9IjI5MSIgCmJnY29sb3I9IiNmZmZmZmYiPjxmb250IHNpemU9IjIiIGNvbG9yPSIjNjY2NjY2Ij4K4peP5a6F6YWN5L6/5Luj5byVT0vjgIHlkIzmorFPS++8iTxCUj4K4peP44KG44GG44Oh44O844OrMjgw5YaG77yIMeeCueOBruOBv+OBruOBlOazqOaWh+OBruWgtOWQiOOBruOBv+OBiumBuOOBs+OBhOOBn+OBoOOBkeOBvuOBme+8iQoKPC9mb250PjwvdGQ+PC90cj48L3RhYmxlPjwhLS0g44GT44GT44GL44KJIEhVIC0tPgogIDxkaXYgc3R5bGU9ImJhY2tncm91bmQtY29sb3I6I0ZGRkZGRjsgbWFyZ2luOjE1cHggMCAKCjAgMDsgcGFkZGluZzowOyBoZWlnaHQ6MjIwMHB4OyI+CiAgICAKICA8L2Rpdj4KPC9kaXY+CjwhLS0g44GT44GT44G+44GnICAtLT4KCgoKCgoKCgoKPGNlbnRlcj4KPHRhYmxlIHdpZHRoPSIxMDAlIiBjZWxsc3BhY2luZz0iMCIgY2VsbHBhZGRpbmc9IjAiIGJvcmRlcj0iMCI+Cgo8L3RhYmxlPgo8L2NlbnRlcj4KPEJSPgrms6jnm67jg6/jg7zjg4nvvJrjg6njg7Pjg4Hjg6fjg7Pjg57jg4Pjg4jjgIDjg5/jg4vjg4/jg7Pjgqvjg4HjgIDkvZPmk43mnI3lhaXjgozjgIDogoznnYDjgIDlgpg8YnI+CgoKCgoKCgoKCgoKCgoKCjxzdHlsZSB0eXBlPSJ0ZXh0L2NzcyI+CjwhLS0KCi8qIOWAi+aVsOWFpeWKm+ashOOBruWkp+OBjeOBlSAqLwppbnB1dCN1bml0cyB7CnBhZGRpbmc6IDFweCAwcHg7Cn0KCi8qIOOBiuiyt+OBhOeJqeOBi+OBlOODnOOCv+ODs+OBruWkp+OBjeOBlSAqLwp0ZCA+IGlucHV0IHsKZm9udC1zaXplOiB4LWxhcmdlOwpjb2xvcjogIzBCM0IxNzsKZm9udC13ZWlnaHQ6IDcwMDsKcGFkZGluZzozMHB4IDQ1cHg7CmZvbnQtZmFtaWx5OiAiSGlyYWdpbm8gS2FrdSBHb3RoaWMgUHJvTiIsIuODoeOCpOODquOCqiIsIHNhbnMtc2VyaWY7Cn0KCi8qIOOAjOWVhuWTgeOBq+OBpOOBhOOBpuOBruWVj+OBhOWQiOOCj+OBm+OAjeODnOOCv+ODs+OBruWkp+OBjeOBlSovCmZvbnQgaW5wdXQgewpmb250LXNpemU6IDEycHg7CnBhZGRpbmc6MnB4Owp3aWR0aDogMTUwcHg7Cn0KCi0tPgo8L3N0eWxlPg==,44OP44Of44Oz44Kw44Of44Oz44OIIOODrOOCpOODs+OCs+ODvOODiCjjg4/jg4opIOmbqC/jgqvjg4Pjg5Ev44Op44Oz44OJ44K744Or5a++5b+c77ya6YCa5ZyS44Kw44OD44K6S0lTU1k=,44GK5pi85a+d5biD5Zuj44Kt44Oj44Op44Kv44K/44O844Kr44OQ44O844CA44Kq44O844OA44O844Oe44Kk44Oh44Ot44OH44Kj6YCa5ZyS44OQ44OD44Kw6YCa5ZyS44Kw44OD44K65YWl5ZyS44K144Oz44Oq44Kq5YWl5ZyS5be+552A44GK5byB5b2T5omL5o+Q44GS44OQ44OD44Kw44Oq44Ol44OD44Kv6IKp5o6b44GR44OQ44OD44Kw44Kt44Or44OI44Kz44OD44OI44Oz44OP44Oz44OJ44Oh44Kk44OJ5omL5L2c44KK5L+d6IKy5ZyS44OP44Ot44O844Kt44OG44Kj44OP44Of44Oz44Kw44Of44Oz44OIIOODrOOCpOODs+OCs+ODvOODiCjjg4/jg4opIOmbqC/jgqvjg4Pjg5Ev44Op44Oz44OJ44K744Or5a++5b+c,6Zuo44Gu5pel44GM5b6F44Gh6YGg44GX44GP44Gq44KL4pmq44GK5rCX44Gr5YWl44KK44Gu44Os44Kk44Oz44Kw44OD44K644Gn44GK5Ye644GL44GR4piG44CC44OP44Of44Oz44Kw44Of44Oz44OIIOODrOOCpOODs+OCs+ODvOODiCjjg4/jg4opIOmbqC/jgqvjg4Pjg5Ev44Op44Oz44OJ44K744Or5a++5b+c[rn]
30-32911,aHR0cDovL3RzaG9wLnIxMHMuanAva2lzc3lzaG9wL2NhYmluZXQvMDUwNDI4MTIvaW1ncmMwMDY0Nzg2ODIyLmpwZz9maXRpbj03MDA6NzAw,MzAyNC4wMDAw,,44Kt44OD44K644O744OZ44OT44O844O744Oe44K/44OL44OG44KjID4g44Kt44OD44K6ID4g5a2Q5L6b5pyN44O75rSL5ZOB77yI5bi95a2Q44O75rC0552A44O76Zuo5YW377yJID4g6Zuo5YW3ID4g44Os44Kk44Oz44Kz44O844OI,44K344Oz44Kr44Kk44K+44KvIOODrOOCpOODs+OCs+ODvOODiCjjgqvjg6Ljg5Xjg6kpIOmbqC/jgqvjg4Pjg5Ev6L+35b2pL+eUt+OBruWtkCDimIbjg6njg7Pjg4njgrvjg6vlr77lv5w=,44CQMTAw44O7MTEw44O7MTIwY23jgJHpm6jjga7ml6XjgYzlvoXjgaHpgaDjgZfjgY/jgarjgovimarimIbjg6njg7Pjg4njgrvjg6vlr77lv5w=,PHRhYmxlIHdpZHRoPSI0MDAiIGJnY29sb3I9IiNjY2NjY2MiIGNlbGxzcGFjaW5nPSIxIiBjZWxscGFkZGluZz0iMyI+PHRyPjx0aCBjb2xzcGFuPSIyIiBhbGlnbj0iY2VudGVyIiBiZ2NvbG9yPSIjZmZmZmZmIj4KCuODqeODs+ODieOCu+ODq+WvvuW/nOODrOOCpOODs+OCs+ODvOODiOOAgOOCteODs+ODquOCquato+imj+WTgQoKCjwvdGg+PC90cj48dHI+PHRoIHdpZHRoPSI5NCIgYWxpZ249ImNlbnRlciIgCmJnY29sb3I9IiNmZmZmZmYiPjxmb250IHNpemU9IjIiIGNvbG9yPSIjNjY2NjY2Ij7llYblk4HoqqzmmI48L2ZvbnQ+PC90aD48dGQgd2lkdGg9IjI5MSIgYmdjb2xvcj0iI2ZmZmZmZiI+PGZvbnQgc2l6ZT0iMiIgCmNvbG9yPSIjNjY2NjY2Ij4KCgrlhYnjgaPjgablrZjlnKjjgpLjgqLjg5Tjg7zjg6vjgZnjgovlj43lsITjg4bjg7zjg5fku5jjgY3imIXlgpjjgajjgrPjg7zjg4flh7rmnaXjgovjga7jgoLjgYbjgozjgZfjgYTjg43imao8QlI+CjxCUj4K6I2354mp44KS5YWl44KM44Gm44KC44Kt44Os44Kk44Gr5oyB44Gm44KL44GX44Gj44GL44KK55Sf5Zyw4piF44Op44Oz44OJ44K744Or44Gu5LiK44GL44KJ44Gn44KC6IOM6LKg44GI44KLMldBWeKZqjxCUj4KPEJSPgo8QlI+CjwvZm9udD48L3RkPjwvdHI+PHRyPjx0aCB3aWR0aD0iOTQiIGFsaWduPSJjZW50ZXIiIGJnY29sb3I9IiNmZmZmZmYiPjxmb250IHNpemU9IjIiIApjb2xvcj0iIzY2NjY2NiI+CgrvvLPvvLDvvKXvvKM8YnIgLz48L2ZvbnQ+PC90aD48dGQgd2lkdGg9IjI5MSIgYmdjb2xvcj0iI2ZmZmZmZiI+PGZvbnQgc2l6ZT0iMiIgY29sb3I9IiM2NjY2NjYiPgrjgrXjgqTjgrrvvJrjgJAxMDBjbeOAkei6q+mVt+e0hDk1LTEwNWNtPGJyIC8+CgrjgJAxMTBjbeOAkei6q+mVt+e0hDEwNS0xMTVjbTxiciAvPgoK44CQMTIwY23jgJHouqvplbfntIQxMTUtMTI1Y208YnIgLz4K5Li744Gq57Sg5p2Q44O744Od44Oq44Ko44K544OG44OrPGJyIC8+CjxiciAvPgoK4peP5pKl5rC05Yqg5belPGJyIC8+Cgril4/lj47ntI3lt77nnYDooovku5jjgY08YnIgLz4KCuKXj+iDjOS4remDqOWIhuOBq+WPjeWwhOODhuODvOODl+S7mOOBjTxiciAvPgoK4peP6IOM5Lit44Oc44K/44Oz44KS5aSW44Gb44Gw44Oq44Ol44OD44Kv44KE44Op44Oz44OJ44K744Or44Gr44KC5a++5b+cPGJyIC8+CjxCUj4KPEJSPgrljp/nlKPlm70g5Lit5Zu9PGJyIC8+CgoKIDwvZm9udD48L3RkPjwvdHI+PHRyPjx0aCB3aWR0aD0iOTQiIGFsaWduPSJjZW50ZXIiIGJnY29sb3I9IiNmZmZmZmYiPjxmb250IHNpemU9IjIiIApjb2xvcj0iIzY2NjY2NiI+CuOBiuWxiuOBkeaZguacn+OBq+OBpOOBhOOBpjwvZm9udD48L3RoPjx0ZCB3aWR0aD0iMjkxIiBiZ2NvbG9yPSIjZmZmZmZmIj48Zm9udCBzaXplPSIyIiBjb2xvcj0iIzY2NjY2NiI+CumAmuW4uOOAgCAz5Za25qWt5pel5Lul5YaF44Gr55m66YCBPGJyIC8+PGJyIC8+Cgo8L2ZvbnQ+PC90ZD48L3RyPgo8dHI+PHRoIHdpZHRoPSI5NCIgYWxpZ249ImNlbnRlciIgYmdjb2xvcj0iI2ZmZmZmZiI+PGZvbnQgc2l6ZT0iMiIgY29sb3I9IiM2NjY2NjYiPumFjemAgeOBq+OBpOOBhOOBpjwvZm9udD48L3RoPjx0ZCB3aWR0aD0iMjkxIiAKYmdjb2xvcj0iI2ZmZmZmZiI+PGZvbnQgc2l6ZT0iMiIgY29sb3I9IiM2NjY2NjYiPgril4/lroXphY3kvr/ku6PlvJVPS+OAgeWQjOaisU9L77yJPEJSPgril4/jgobjgYbjg6Hjg7zjg6syODDlhobvvIgx54K544Gu44G/44Gu44GU5rOo5paH44Gu5aC05ZCI44Gu44G/44GK6YG444Gz44GE44Gf44Gg44GR44G+44GZ77yJCgo8L2ZvbnQ+PC90ZD48L3RyPjwvdGFibGU+PCEtLSDjgZPjgZPjgYvjgolTWiAtLT4KICA8ZGl2IHN0eWxlPSJiYWNrZ3JvdW5kLWNvbG9yOiNGRkZGRkY7IG1hcmdpbjoxNXB4IDAgMCAwOyBwYWRkaW5nOjA7IGhlaWdodDoxNTAwcHg7Ij4KICAgIAogIDwvZGl2Pgo8L2Rpdj4KPCEtLSDjgZPjgZPjgb7jgacgIC0tPgoKCgoKCjx0YWJsZSB3aWR0aD0iMTAwJSIgY2VsbHNwYWNpbmc9IjAiIGNlbGxwYWRkaW5nPSIwIiBib3JkZXI9IjAiPgoKPC90YWJsZT4KCjxCUj4K5rOo55uu44Ov44O844OJ77ya44Op44Oz44OB44On44Oz44Oe44OD44OI44CA44Of44OL44OP44Oz44Kr44OB44CA5L2T5pON5pyN5YWl44KM44CA6IKM552A44CA5YKYPGJyPgoKCgoKCgoKCgo8c3R5bGUgdHlwZT0idGV4dC9jc3MiPgo8IS0tCgovKiDlgIvmlbDlhaXlipvmrITjga7lpKfjgY3jgZUgKi8KaW5wdXQjdW5pdHMgewpwYWRkaW5nOiAxcHggMHB4Owp9CgovKiDjgYrosrfjgYTnianjgYvjgZTjg5zjgr/jg7Pjga7lpKfjgY3jgZUgKi8KdGQgPiBpbnB1dCB7CmZvbnQtc2l6ZTogeC1sYXJnZTsKY29sb3I6ICMwQjNCMTc7CmZvbnQtd2VpZ2h0OiA3MDA7CnBhZGRpbmc6MzBweCA0NXB4Owpmb250LWZhbWlseTogIkhpcmFnaW5vIEtha3UgR290aGljIFByb04iLCLjg6HjgqTjg6rjgqoiLCBzYW5zLXNlcmlmOwp9CgovKiDjgIzllYblk4HjgavjgaTjgYTjgabjga7llY/jgYTlkIjjgo/jgZvjgI3jg5zjgr/jg7Pjga7lpKfjgY3jgZUqLwpmb250IGlucHV0IHsKZm9udC1zaXplOiAxMnB4OwpwYWRkaW5nOjJweDsKd2lkdGg6IDE1MHB4Owp9CgotLT4KPC9zdHlsZT4=,44K344Oz44Kr44Kk44K+44KvIOODrOOCpOODs+OCs+ODvOODiCjjgqvjg6Ljg5Xjg6kpIOmbqC/jgqvjg4Pjg5Ev6L+35b2pL+eUt+OBruWtkCDimIbjg6njg7Pjg4njgrvjg6vlr77lv5zvvJrpgJrlnJLjgrDjg4PjgrpLSVNTWQ==,44GK5pi85a+d5biD5Zuj44Kt44Oj44Op44Kv44K/44O844Kr44OQ44O844CA44Kq44O844OA44O844Oe44Kk44Oh44Ot44OH44Kj6YCa5ZyS44OQ44OD44Kw6YCa5ZyS44Kw44OD44K65YWl5ZyS44K144Oz44Oq44Kq5YWl5ZyS5be+552A44GK5byB5b2T5omL5o+Q44GS44OQ44OD44Kw44Oq44Ol44OD44Kv6IKp5o6b44GR44OQ44OD44Kw44Kt44Or44OI44Kz44OD44OI44Oz44OP44Oz44OJ44Oh44Kk44OJ5omL5L2c44KK5L+d6IKy5ZyS44OP44Ot44O844Kt44OG44Kj44K344Oz44Kr44Kk44K+44KvIOODrOOCpOODs+OCs+ODvOODiCjjgqvjg6Ljg5Xjg6kpIOmbqC/jgqvjg4Pjg5Ev6L+35b2pL+eUt+OBruWtkCDimIbjg6njg7Pjg4njgrvjg6vlr77lv5w=,44CQMTAw44O7MTEw44O7MTIwY23jgJHpm6jjga7ml6XjgYzlvoXjgaHpgaDjgZfjgY/jgarjgovimarimIbjg6njg7Pjg4njgrvjg6vlr77lv5zjgILjgrfjg7PjgqvjgqTjgr7jgq8g44Os44Kk44Oz44Kz44O844OIKOOCq+ODouODleODqSkg6ZuoL+OCq+ODg+ODkS/ov7flvakv55S344Gu5a2QIOKYhuODqeODs+ODieOCu+ODq+WvvuW/nA==[rn]
30-32912,aHR0cDovL3RzaG9wLnIxMHMuanAvbWluaS1tYXJjaGUvY2FiaW5ldC8wMDk0MzIwNC8wMzk0MjU0NC9pbWdyYzAwNzIyODcwNzcuanBnP2ZpdGluPTcwMDo3MDA=,MTgwNS42MDAw,,44Kt44OD44K644O744OZ44OT44O844O744Oe44K/44OL44OG44KjID4g44Kt44OD44K6ID4g6Z20ID4g6ZW36Z2044O744Os44Kk44Oz44K344Ol44O844K6,44Oe44K244O844Ks44O844OH44Oz6ZuR6LKo44CQ6Kiz44GC44KK44CA44Ki44Km44OI44Os44OD44OI44CR44GG44GV44KC44KC44Ot44Oe44Oz44OB44OD44Kv5p+E6ZW36Z2077ycMTZjbe+8ng==,5YWl5a2mL+WFpeWcki/pm6jjga7ml6XjgqLjgqTjg4bjg6Av44Os44Kk44Oz44Kz44O844OIL+ODneODs+ODgeODp+KYhg==,4oC75YyW57Kn566x5rGa44KM44GC44KK44CCPGJyPuOAkOOCteOCpOOCuuOAkTE2Y208YnI+PGJyPgrjgJDntKDmnZDjgJE8YnI+CuWhqeWMluODk+ODi+ODvOODq+aoueiEguOAgOWGheeUn+WcsO+8muODneODquOCqOOCueODhuODqzxicj7jgqTjg7Pjg4rjg7zjgr3jg7zjg6vvvJpFVkE8dGFibGUgYm9yZGVyPSIwIiB3aWR0aD0iNjAwIiBpZD0idGFibGU3ODUiIGNlbGxwYWRkaW5nPSIwIiBjZWxsc3BhY2luZz0iNyI+PHRyPgo8dGQgYWxpZ249ImNlbnRlciIgY29sc3Bhbj0iNCI+Cjxmb250IHNpemU9IjIiIGNvbG9yPSIjRkZDQ0NDIj4KCQkJCe+8iu+8iu+8iu+8iu+8iu+8iu+8iu+8iu+8iu+8iuOAgOOAgOOAgOOAgO+8iu+8iu+8iu+8iu+8iu+8iu+8iu+8iu+8iu+8iuOAgOOAgOOAgOOAgO+8iu+8iu+8iu+8iu+8iu+8iu+8iu+8iu+8iu+8ijwvZm9udD48L3RkPgo8L3RyPgo8dHI+Cjx0ZCBhbGlnbj0iY2VudGVyIiBjb2xzcGFuPSI0Ij4KPGI+PGZvbnQgY29sb3I9IiNDQzAwMDAiPuODl+ODrOOCvOODs+ODiOmBuOOBs+OBr+OBk+OBoeOCieOBi+OCiTwvZm9udD48L2I+PC90ZD4KPC90cj4KPHRyPgo8dGQgYWxpZ249ImNlbnRlciI+Cgo8aW1nIHNyYz0iaHR0cHM6Ly9pbWFnZS5yYWt1dGVuLmNvLmpwL21pbmktbWFyY2hlL2NhYmluZXQvdG9wLzAzNzM2NTcyL2ltZ3JjMDA2NzQ2MTI0MC5qcGciIHdpZHRoPSIxOTAiIGJvcmRlcj0iMCI+PC90ZD4KPHRkIGFsaWduPSJjZW50ZXIiIGNvbHNwYW49IjIiPgoKPGltZyBzcmM9Imh0dHBzOi8vaW1hZ2UucmFrdXRlbi5jby5qcC9taW5pLW1hcmNoZS9jYWJpbmV0L3RvcC8wMzczNjU3Mi9pbWdyYzAwNjc0NjEyNDEuanBnIiB3aWR0aD0iMTkwIiBib3JkZXI9IjAiPjwvdGQ+Cjx0ZCBhbGlnbj0iY2VudGVyIj4KCjxpbWcgc3JjPSJodHRwczovL2ltYWdlLnJha3V0ZW4uY28uanAvbWluaS1tYXJjaGUvY2FiaW5ldC90b3AvMDM3MzY1NzIvaW1ncmMwMDY3NDYxMjQyLmpwZyIgd2lkdGg9IjE5MCIgYm9yZGVyPSIwIj48L3RkPgo8L3RyPgo8dHI+Cjx0ZCBhbGlnbj0iY2VudGVyIj4KCjxpbWcgc3JjPSJodHRwczovL2ltYWdlLnJha3V0ZW4uY28uanAvbWluaS1tYXJjaGUvY2FiaW5ldC90b3AvMDM3MzY1NzIvaW1ncmMwMDY3NDYxMjQzLmpwZyIgd2lkdGg9IjE5MCIgYm9yZGVyPSIwIj48L3RkPgo8dGQgYWxpZ249ImNlbnRlciIgY29sc3Bhbj0iMiI+Cgo8aW1nIHNyYz0iaHR0cHM6Ly9pbWFnZS5yYWt1dGVuLmNvLmpwL21pbmktbWFyY2hlL2NhYmluZXQvdG9wLzAzNzM2NTcyL2ltZ3JjMDA2NzQ2MTI0NC5qcGciIHdpZHRoPSIxOTAiIGJvcmRlcj0iMCI+PC90ZD4KPHRkIGFsaWduPSJjZW50ZXIiPgoKPGltZyBzcmM9Imh0dHBzOi8vaW1hZ2UucmFrdXRlbi5jby5qcC9taW5pLW1hcmNoZS9jYWJpbmV0L3RvcC8wMzczNjU3Mi9pbWdyYzAwNjc0NjEyNDUuanBnIiB3aWR0aD0iMTkwIiBib3JkZXI9IjAiPjwvdGQ+CjwvdHI+Cjx0cj4KPHRkIGFsaWduPSJjZW50ZXIiIGNvbHNwYW49IjQiPgoKPGltZyBzcmM9Imh0dHBzOi8vY2FiaW5ldC5ybXMucmFrdXRlbi5jby5qcC9zaG9wcy9taW5pLW1hcmNoZS9jYWJpbmV0L3RvcC8wMjk4MDM5MC9pbWdyYzAwNzM5Njk1NTIuanBnIiBib3JkZXI9IjAiPjwvdGQ+CjwvdHI+Cjx0cj4KPHRkIGFsaWduPSJjZW50ZXIiIGNvbHNwYW49IjQiPgoKPGltZyBzcmM9Imh0dHBzOi8vY2FiaW5ldC5ybXMucmFrdXRlbi5jby5qcC9zaG9wcy9taW5pLW1hcmNoZS9jYWJpbmV0L3RvcC8wMjk4MDM5MC9pbWdyYzAwNzM5NTYzNDMuanBnIiB3aWR0aD0iNjAwIiBib3JkZXI9IjAiPjwvdGQ+CjwvdHI+Cjx0cj4KPHRkIGFsaWduPSJjZW50ZXIiIGNvbHNwYW49IjQiPgoKPGltZyBzcmM9Imh0dHBzOi8vY2FiaW5ldC5ybXMucmFrdXRlbi5jby5qcC9zaG9wcy9taW5pLW1hcmNoZS9jYWJpbmV0L3RvcC8wMjk4MDM5MC9pbWdyYzAwNzM4MjcwOTQuanBnIiB3aWR0aD0iNjAwIiBib3JkZXI9IjAiIGhlaWdodD0iNjAwIj48L3RkPgo8L3RyPgo8dHI+Cjx0ZCBhbGlnbj0iY2VudGVyIiBjb2xzcGFuPSI0Ij4KCjxpbWcgc3JjPSJodHRwczovL2NhYmluZXQucm1zLnJha3V0ZW4uY28uanAvc2hvcHMvbWluaS1tYXJjaGUvY2FiaW5ldC90b3AvMDI5ODAzOTAvaW1ncmMwMDczMzQzMTU3LmpwZyIgYm9yZGVyPSIwIj48L3RkPgo8L3RyPgo8dHI+Cjx0ZCBhbGlnbj0iY2VudGVyIiBjb2xzcGFuPSI0Ij4KCjxpbWcgc3JjPSJodHRwczovL2NhYmluZXQucm1zLnJha3V0ZW4uY28uanAvc2hvcHMvbWluaS1tYXJjaGUvY2FiaW5ldC90b3AvMDM3MzY1NzIvaW1ncmMwMDczMTQyMTQzLmpwZyIgYm9yZGVyPSIwIj48L3RkPgo8L3RyPgoJCQkJCQkJPHRyPgoJCQkJCQkJCTx0ZCBhbGlnbj0iY2VudGVyIiBjb2xzcGFuPSI0Ij4KCQkKCjxpbWcgc3JjPSJodHRwczovL2NhYmluZXQucm1zLnJha3V0ZW4uY28uanAvc2hvcHMvbWluaS1tYXJjaGUvY2FiaW5ldC90b3AvMDI5ODAzOTAvaW1ncmMwMDczNTc2NDU5LmpwZyIgYm9yZGVyPSIwIj48L3RkPgoJCQkJCQkJPC90cj4KCQkJCQkJCTx0cj4KCQkJCQkJCQk8dGQgYWxpZ249ImNlbnRlciIgY29sc3Bhbj0iNCI+CgkJCQkJCQkJCgkJCQkJCQkJPGltZyBzcmM9Imh0dHBzOi8vY2FiaW5ldC5ybXMucmFrdXRlbi5jby5qcC9zaG9wcy9taW5pLW1hcmNoZS9jYWJpbmV0L3RvcC9pbWdyYzAwNzM4Mjc1NTcuanBnIiBib3JkZXI9IjAiPjwvdGQ+CgkJCQkJCQk8L3RyPgoJCQkJCQkJPHRyPgoJCQkJCQkJCTx0ZCBhbGlnbj0iY2VudGVyIiBjb2xzcGFuPSI0Ij4KCQkJCQkJCQkKCQkJCQkJCQk8aW1nIHNyYz0iaHR0cHM6Ly9jYWJpbmV0LnJtcy5yYWt1dGVuLmNvLmpwL3Nob3BzL21pbmktbWFyY2hlL2NhYmluZXQvdG9wLzAzNzM2NTcyL2ltZ3JjMDA3MjMwODcxOS5qcGciIHdpZHRoPSI2MDAiIGJvcmRlcj0iMCIgaGVpZ2h0PSI1NTgiPjwvdGQ+CgkJCQkJCQk8L3RyPgoJCQkJCQkJPHRyPgoJCQkJCQkJCTx0ZCBhbGlnbj0iY2VudGVyIiBjb2xzcGFuPSI0Ij4KCQkJCQkJCQkKCQkJCQkJCQk8aW1nIHNyYz0iaHR0cHM6Ly9jYWJpbmV0LnJtcy5yYWt1dGVuLmNvLmpwL3Nob3BzL21pbmktbWFyY2hlL2NhYmluZXQvMDA4Mzc4MzQvMDM2Njg1NTQvaW1ncmMwMDcxODY5MzA5LmpwZyIgd2lkdGg9IjYwMCIgYm9yZGVyPSIwIiBoZWlnaHQ9IjQ5MyI+PC90ZD4KCQkJCQkJCTwvdHI+CgkJCQkJCQk8dHI+CgkJCQkJCQkJPHRkIGFsaWduPSJjZW50ZXIiIGNvbHNwYW49IjQiPgoJCQkJCQkJCQoJCQkJCQkJCTxpbWcgc3JjPSJodHRwczovL2NhYmluZXQucm1zLnJha3V0ZW4uY28uanAvc2hvcHMvbWluaS1tYXJjaGUvY2FiaW5ldC90b3AvaW1ncmMwMDczODI3NjAxLmpwZyIgYm9yZGVyPSIwIj48L3RkPgoJCQkJCQkJPC90cj4KCQkJCQkJCTx0cj4KCQkJCQkJCQk8dGQgYWxpZ249ImNlbnRlciIgY29sc3Bhbj0iMiI+CgkJCQkJCQkJPC90ZD4KCQkJCQkJCQk8dGQgYWxpZ249ImNlbnRlciIgY29sc3Bhbj0iMiI+CgkJCQkJCQkJPC90ZD4KCQkJCQkJCTwvdHI+CgkJCQkJCQk8dHI+CgkJCQkJCQkJPHRkIGFsaWduPSJjZW50ZXIiIGNvbHNwYW49IjQiPgoJCQkJCQkJCTxiPjxmb250IGNvbG9yPSIjRDgzQzYzIj7imarjgIDoi7rjga7jgaTjgY/jgYjjgafmpb3jgZfjgY/jgYrjgbnjgpPjgY3jgofjgYbvvZ7jgIDimao8L2ZvbnQ+PC9iPjwvdGQ+CgkJCQkJCQk8L3RyPgoJCQkJCQkJPHRyPgoJCQkJCQkJCTx0ZCBhbGlnbj0iY2VudGVyIiBjb2xzcGFuPSI0Ij4KCQkJCQkJCQkKCQkJCQkJCQk8aW1nIHNyYz0iaHR0cHM6Ly9jYWJpbmV0LnJtcy5yYWt1dGVuLmNvLmpwL3Nob3BzL21pbmktbWFyY2hlL2NhYmluZXQvdG9wL2ltZ3JjMDA3MzgyNzYwNC5qcGciIGJvcmRlcj0iMCI+PC90ZD4KCQkJCQkJCTwvdHI+CgkJCQkJCQk8dHI+CgkJCQkJCQkJPHRkIGFsaWduPSJjZW50ZXIiIGNvbHNwYW49IjQiPgoJCQkJCQkJCQoJCQkJCQkJCTxpbWcgc3JjPSJodHRwczovL2NhYmluZXQucm1zLnJha3V0ZW4uY28uanAvc2hvcHMvbWluaS1tYXJjaGUvY2FiaW5ldC90b3AvaW1ncmMwMDczODI3NjE5LmpwZyIgYm9yZGVyPSIwIj48L3RkPgoJCQkJCQkJPC90cj4KCQkJCQkJCTx0cj4KCQkJCQkJCQk8dGQgYWxpZ249ImNlbnRlciIgY29sc3Bhbj0iNCI+CgkJCgkJPGltZyBzcmM9Imh0dHBzOi8vY2FiaW5ldC5ybXMucmFrdXRlbi5jby5qcC9zaG9wcy9taW5pLW1hcmNoZS9jYWJpbmV0L3RvcC9pbWdyYzAwNzM4Mjc2MzQuanBnIiBib3JkZXI9IjAiPjwvdGQ+CgkJCQkJCQk8L3RyPgoJCQkJCQkJPHRyPgoJCQkJCQkJCTx0ZCBhbGlnbj0iY2VudGVyIiBjb2xzcGFuPSI0Ij4KCQkJCQkJCQkKCQkJCQkJCQk8aW1nIHNyYz0iaHR0cHM6Ly9jYWJpbmV0LnJtcy5yYWt1dGVuLmNvLmpwL3Nob3BzL21pbmktbWFyY2hlL2NhYmluZXQvdG9wL2ltZ3JjMDA3MzgyNzY3Mi5qcGciIGJvcmRlcj0iMCI+PC90ZD4KCQkJCQkJCTwvdHI+CgkJCQkJCQk8dHI+CgkJCQkJCQkJPHRkIGFsaWduPSJjZW50ZXIiIGNvbHNwYW49IjIiPgoJCQkJCQkJCQkJCgkJCQkJCQkJCQk8aW1nIHNyYz0iaHR0cHM6Ly9jYWJpbmV0LnJtcy5yYWt1dGVuLmNvLmpwL3Nob3BzL21pbmktbWFyY2hlL2NhYmluZXQvdG9wL2ltZ3JjMDA3MzgyNzc0MS5qcGciIHdpZHRoPSIyOTAiIGJvcmRlcj0iMCI+PC90ZD4KCQkJCQkJCQk8dGQgYWxpZ249ImNlbnRlciIgY29sc3Bhbj0iMiI+CgkJCQkJCQkJCQkKCQkJCQkJCQkJCTxpbWcgc3JjPSJodHRwczovL2NhYmluZXQucm1zLnJha3V0ZW4uY28uanAvc2hvcHMvbWluaS1tYXJjaGUvY2FiaW5ldC90b3AvaW1ncmMwMDczODI3NzQyLmpwZyIgd2lkdGg9IjI5MCIgYm9yZGVyPSIwIj48L3RkPgoJCQkJCQkJPC90cj4KCQkJCQkJCTx0cj4KCQkJCQkJCQk8dGQgYWxpZ249ImNlbnRlciIgY29sc3Bhbj0iMiI+CgkJCQkJCQkJCQkKCQkJCQkJCQkJCTxpbWcgc3JjPSJodHRwczovL2NhYmluZXQucm1zLnJha3V0ZW4uY28uanAvc2hvcHMvbWluaS1tYXJjaGUvY2FiaW5ldC90b3AvMDI5ODAzOTAvaW1ncmMwMDY1NTkxNDI0LmpwZyIgd2lkdGg9IjI5MCIgYm9yZGVyPSIwIj48L3RkPgoJCQkJCQkJCTx0ZCBhbGlnbj0iY2VudGVyIiBjb2xzcGFuPSIyIj4KCQkJCQkJCQkJCQoJCQkJCQkJCQkJPGltZyBzcmM9Imh0dHBzOi8vY2FiaW5ldC5ybXMucmFrdXRlbi5jby5qcC9zaG9wcy9taW5pLW1hcmNoZS9jYWJpbmV0L3RvcC8wMjk4MDM5MC9pbWdyYzAwNjU1OTE0MjUuanBnIiB3aWR0aD0iMjkwIiBib3JkZXI9IjAiPjwvdGQ+CgkJCQkJCQk8L3RyPgoJCQkJCQkJPHRyPgoJCQkJCQkJCTx0ZCBhbGlnbj0iY2VudGVyIiBjb2xzcGFuPSI0Ij4KCQkJCQkJCQkKCQkJCQkJCQk8aW1nIHNyYz0iaHR0cHM6Ly9jYWJpbmV0LnJtcy5yYWt1dGVuLmNvLmpwL3Nob3BzL21pbmktbWFyY2hlL2NhYmluZXQvdG9wL2ltZ3JjMDA3MzgyNzc2Ni5qcGciIGJvcmRlcj0iMCI+PC90ZD4KCQkJCQkJCTwvdHI+CgkJCQkJCQk8dHI+CgkJCQkJCQkJPHRkIGFsaWduPSJjZW50ZXIiIGNvbHNwYW49IjQiPgoKCQkJCQkJCQkKCQkJCQkJCQk8aW1nIHNyYz0iaHR0cHM6Ly9jYWJpbmV0LnJtcy5yYWt1dGVuLmNvLmpwL3Nob3BzL21pbmktbWFyY2hlL2NhYmluZXQvdG9wLzAzNzM2NTcyL2ltZ3JjMDA3MTcwMTAzNi5qcGciIGJvcmRlcj0iMCI+PC90ZD4KCQkJCQkJCTwvdHI+CgkJCQkJCQk8dHI+CgkJCQkJCQkJPHRkIGFsaWduPSJjZW50ZXIiIGNvbHNwYW49IjQiPgoKCQkJCQkJCQkKCQkJCQkJCQk8aW1nIHNyYz0iaHR0cHM6Ly9jYWJpbmV0LnJtcy5yYWt1dGVuLmNvLmpwL3Nob3BzL21pbmktbWFyY2hlL2NhYmluZXQvdG9wLzAzNzM2NTcyL2ltZ3JjMDA3MTcwMzMzNC5qcGciIHdpZHRoPSI2MDAiIGJvcmRlcj0iMCIgaGVpZ2h0PSIzMDAiPjwvdGQ+CgkJCQkJCQk8L3RyPgoJCQkJCQkJPC90YWJsZT4=,44Oe44K244O844Ks44O844OH44Oz6ZuR6LKo44CQ6Kiz44GC44KK44CA44Ki44Km44OI44Os44OD44OI44CR44GG44GV44KC44KC44Ot44Oe44Oz44OB44OD44Kv5p+E6ZW36Z2077ycMTZjbe+8nu+8muODn+ODi+ODn+ODi+OAgOODnuODq+OCt+OCpw==,44Oe44K244O844Ks44O844OH44Oz44Ki44Km44OI44Os44OD44OI44Oa44OD44OI44OR44Op44OA44Kk44K56YeO6Iu644Oe44K244O844Kw44O844K544Gu5qOu44Os44OI44Oq44OQ44O844G+44G+44GU44Go54qs44OH44Kj44K644OL44O844Of44OD44Kt44O844Oa44OD44OI55So5ZOB44Of44OL44O844Oa44OD44OI5pyN44OX44O844GV44KT44Gu44GE44Gh44GU44OA44OD44Kv44K544GX44KN44Gf44KT44K544Kk44O844OI44Kr44OV44Kn5pyo6KO944GK44KC44Gh44KD44K544OM44O844OU44O844Oe44K244O844Ks44O844OH44Oz6ZuR6LKo44CQ6Kiz44GC44KK44CA44Ki44Km44OI44Os44OD44OI44CR44GG44GV44KC44KC44Ot44Oe44Oz44OB44OD44Kv5p+E6ZW36Z2077ycMTZjbe+8ng==,5YWl5a2mL+WFpeWcki/pm6jjga7ml6XjgqLjgqTjg4bjg6Av44Os44Kk44Oz44Kz44O844OIL+ODneODs+ODgeODp+KYhuOAguODnuOCtuODvOOCrOODvOODh+ODs+mbkeiyqOOAkOios+OBguOCiuOAgOOCouOCpuODiOODrOODg+ODiOOAkeOBhuOBleOCguOCguODreODnuODs+ODgeODg+OCr+afhOmVt+mdtO+8nDE2Y23vvJ4=[rn]
30-32913,aHR0cDovL3RzaG9wLnIxMHMuanAvbWluaS1tYXJjaGUvY2FiaW5ldC8wMDk4NTQzNy8wMzM2MTc1MC9pbWdyYzAwNjUyNDk4MTMuanBnP2ZpdGluPTcwMDo3MDA=,MTI0NC4wMDAw,,44Kt44OD44K644O744OZ44OT44O844O744Oe44K/44OL44OG44KjID4g44Kt44OD44K6ID4g6Z20ID4g6ZW36Z2044O744Os44Kk44Oz44K344Ol44O844K6,44Oe44K244O844Ks44O844OH44Oz6ZuR6LKo44CQ6Kiz44GC44KK44CR6YeO44GE44Gh44GU5rC0546J44Oq44Oc44Oz6ZW36Z2077ycMTZjbe+8ng==,5YWl5a2mL+WFpeWcki/pm6jjga7ml6XjgqLjgqTjg4bjg6Av44Os44Kk44Oz44Kz44O844OIL+ODneODs+ODgeODp+KYhg==,4oC75bCR44CF5rGa44KM44GC44KK44CC5YyW57Kn566x44OA44Oh44O844K444GC44KK44CCPGJyPuOAkOOCteOCpOOCuuOAkTE2Y208YnI+PGJyPgrjgJDntKDmnZDjgJE8YnI+CuWhqeWMluODk+ODi+ODvOODq+aoueiEguOAgOWGheeUn+WcsO+8muODneODquOCqOOCueODhuODqzxicj7jgqTjg7Pjg4rjg7zjgr3jg7zjg6vvvJpFVkE8dGFibGUgYm9yZGVyPSIwIiB3aWR0aD0iNjAwIiBpZD0idGFibGU3ODUiIGNlbGxwYWRkaW5nPSIwIiBjZWxsc3BhY2luZz0iNyI+PHRyPgo8dGQgYWxpZ249ImNlbnRlciIgY29sc3Bhbj0iNCI+Cjxmb250IHNpemU9IjIiIGNvbG9yPSIjRkZDQ0NDIj4KCQkJCe+8iu+8iu+8iu+8iu+8iu+8iu+8iu+8iu+8iu+8iuOAgOOAgOOAgOOAgO+8iu+8iu+8iu+8iu+8iu+8iu+8iu+8iu+8iu+8iuOAgOOAgOOAgOOAgO+8iu+8iu+8iu+8iu+8iu+8iu+8iu+8iu+8iu+8ijwvZm9udD48L3RkPgo8L3RyPgo8dHI+Cjx0ZCBhbGlnbj0iY2VudGVyIiBjb2xzcGFuPSI0Ij4KPGI+PGZvbnQgY29sb3I9IiNDQzAwMDAiPuODl+ODrOOCvOODs+ODiOmBuOOBs+OBr+OBk+OBoeOCieOBi+OCiTwvZm9udD48L2I+PC90ZD4KPC90cj4KPHRyPgo8dGQgYWxpZ249ImNlbnRlciI+Cgo8aW1nIHNyYz0iaHR0cHM6Ly9pbWFnZS5yYWt1dGVuLmNvLmpwL21pbmktbWFyY2hlL2NhYmluZXQvdG9wLzAzNzM2NTcyL2ltZ3JjMDA2NzQ2MTI0MC5qcGciIHdpZHRoPSIxOTAiIGJvcmRlcj0iMCI+PC90ZD4KPHRkIGFsaWduPSJjZW50ZXIiIGNvbHNwYW49IjIiPgoKPGltZyBzcmM9Imh0dHBzOi8vaW1hZ2UucmFrdXRlbi5jby5qcC9taW5pLW1hcmNoZS9jYWJpbmV0L3RvcC8wMzczNjU3Mi9pbWdyYzAwNjc0NjEyNDEuanBnIiB3aWR0aD0iMTkwIiBib3JkZXI9IjAiPjwvdGQ+Cjx0ZCBhbGlnbj0iY2VudGVyIj4KCjxpbWcgc3JjPSJodHRwczovL2ltYWdlLnJha3V0ZW4uY28uanAvbWluaS1tYXJjaGUvY2FiaW5ldC90b3AvMDM3MzY1NzIvaW1ncmMwMDY3NDYxMjQyLmpwZyIgd2lkdGg9IjE5MCIgYm9yZGVyPSIwIj48L3RkPgo8L3RyPgo8dHI+Cjx0ZCBhbGlnbj0iY2VudGVyIj4KCjxpbWcgc3JjPSJodHRwczovL2ltYWdlLnJha3V0ZW4uY28uanAvbWluaS1tYXJjaGUvY2FiaW5ldC90b3AvMDM3MzY1NzIvaW1ncmMwMDY3NDYxMjQzLmpwZyIgd2lkdGg9IjE5MCIgYm9yZGVyPSIwIj48L3RkPgo8dGQgYWxpZ249ImNlbnRlciIgY29sc3Bhbj0iMiI+Cgo8aW1nIHNyYz0iaHR0cHM6Ly9pbWFnZS5yYWt1dGVuLmNvLmpwL21pbmktbWFyY2hlL2NhYmluZXQvdG9wLzAzNzM2NTcyL2ltZ3JjMDA2NzQ2MTI0NC5qcGciIHdpZHRoPSIxOTAiIGJvcmRlcj0iMCI+PC90ZD4KPHRkIGFsaWduPSJjZW50ZXIiPgoKPGltZyBzcmM9Imh0dHBzOi8vaW1hZ2UucmFrdXRlbi5jby5qcC9taW5pLW1hcmNoZS9jYWJpbmV0L3RvcC8wMzczNjU3Mi9pbWdyYzAwNjc0NjEyNDUuanBnIiB3aWR0aD0iMTkwIiBib3JkZXI9IjAiPjwvdGQ+CjwvdHI+Cjx0cj4KPHRkIGFsaWduPSJjZW50ZXIiIGNvbHNwYW49IjQiPgoKPGltZyBzcmM9Imh0dHBzOi8vY2FiaW5ldC5ybXMucmFrdXRlbi5jby5qcC9zaG9wcy9taW5pLW1hcmNoZS9jYWJpbmV0L3RvcC8wMjk4MDM5MC9pbWdyYzAwNzM5Njk1NTIuanBnIiBib3JkZXI9IjAiPjwvdGQ+CjwvdHI+Cjx0cj4KPHRkIGFsaWduPSJjZW50ZXIiIGNvbHNwYW49IjQiPgoKPGltZyBzcmM9Imh0dHBzOi8vY2FiaW5ldC5ybXMucmFrdXRlbi5jby5qcC9zaG9wcy9taW5pLW1hcmNoZS9jYWJpbmV0L3RvcC8wMjk4MDM5MC9pbWdyYzAwNzM5NTYzNDMuanBnIiB3aWR0aD0iNjAwIiBib3JkZXI9IjAiPjwvdGQ+CjwvdHI+Cjx0cj4KPHRkIGFsaWduPSJjZW50ZXIiIGNvbHNwYW49IjQiPgoKPGltZyBzcmM9Imh0dHBzOi8vY2FiaW5ldC5ybXMucmFrdXRlbi5jby5qcC9zaG9wcy9taW5pLW1hcmNoZS9jYWJpbmV0L3RvcC8wMjk4MDM5MC9pbWdyYzAwNzM4MjcwOTQuanBnIiB3aWR0aD0iNjAwIiBib3JkZXI9IjAiIGhlaWdodD0iNjAwIj48L3RkPgo8L3RyPgo8dHI+Cjx0ZCBhbGlnbj0iY2VudGVyIiBjb2xzcGFuPSI0Ij4KCjxpbWcgc3JjPSJodHRwczovL2NhYmluZXQucm1zLnJha3V0ZW4uY28uanAvc2hvcHMvbWluaS1tYXJjaGUvY2FiaW5ldC90b3AvMDI5ODAzOTAvaW1ncmMwMDczMzQzMTU3LmpwZyIgYm9yZGVyPSIwIj48L3RkPgo8L3RyPgo8dHI+Cjx0ZCBhbGlnbj0iY2VudGVyIiBjb2xzcGFuPSI0Ij4KCjxpbWcgc3JjPSJodHRwczovL2NhYmluZXQucm1zLnJha3V0ZW4uY28uanAvc2hvcHMvbWluaS1tYXJjaGUvY2FiaW5ldC90b3AvMDM3MzY1NzIvaW1ncmMwMDczMTQyMTQzLmpwZyIgYm9yZGVyPSIwIj48L3RkPgo8L3RyPgoJCQkJCQkJPHRyPgoJCQkJCQkJCTx0ZCBhbGlnbj0iY2VudGVyIiBjb2xzcGFuPSI0Ij4KCQkKCjxpbWcgc3JjPSJodHRwczovL2NhYmluZXQucm1zLnJha3V0ZW4uY28uanAvc2hvcHMvbWluaS1tYXJjaGUvY2FiaW5ldC90b3AvMDI5ODAzOTAvaW1ncmMwMDczNTc2NDU5LmpwZyIgYm9yZGVyPSIwIj48L3RkPgoJCQkJCQkJPC90cj4KCQkJCQkJCTx0cj4KCQkJCQkJCQk8dGQgYWxpZ249ImNlbnRlciIgY29sc3Bhbj0iNCI+CgkJCQkJCQkJCgkJCQkJCQkJPGltZyBzcmM9Imh0dHBzOi8vY2FiaW5ldC5ybXMucmFrdXRlbi5jby5qcC9zaG9wcy9taW5pLW1hcmNoZS9jYWJpbmV0L3RvcC9pbWdyYzAwNzM4Mjc1NTcuanBnIiBib3JkZXI9IjAiPjwvdGQ+CgkJCQkJCQk8L3RyPgoJCQkJCQkJPHRyPgoJCQkJCQkJCTx0ZCBhbGlnbj0iY2VudGVyIiBjb2xzcGFuPSI0Ij4KCQkJCQkJCQkKCQkJCQkJCQk8aW1nIHNyYz0iaHR0cHM6Ly9jYWJpbmV0LnJtcy5yYWt1dGVuLmNvLmpwL3Nob3BzL21pbmktbWFyY2hlL2NhYmluZXQvdG9wLzAzNzM2NTcyL2ltZ3JjMDA3MjMwODcxOS5qcGciIHdpZHRoPSI2MDAiIGJvcmRlcj0iMCIgaGVpZ2h0PSI1NTgiPjwvdGQ+CgkJCQkJCQk8L3RyPgoJCQkJCQkJPHRyPgoJCQkJCQkJCTx0ZCBhbGlnbj0iY2VudGVyIiBjb2xzcGFuPSI0Ij4KCQkJCQkJCQkKCQkJCQkJCQk8aW1nIHNyYz0iaHR0cHM6Ly9jYWJpbmV0LnJtcy5yYWt1dGVuLmNvLmpwL3Nob3BzL21pbmktbWFyY2hlL2NhYmluZXQvMDA4Mzc4MzQvMDM2Njg1NTQvaW1ncmMwMDcxODY5MzA5LmpwZyIgd2lkdGg9IjYwMCIgYm9yZGVyPSIwIiBoZWlnaHQ9IjQ5MyI+PC90ZD4KCQkJCQkJCTwvdHI+CgkJCQkJCQk8dHI+CgkJCQkJCQkJPHRkIGFsaWduPSJjZW50ZXIiIGNvbHNwYW49IjQiPgoJCQkJCQkJCQoJCQkJCQkJCTxpbWcgc3JjPSJodHRwczovL2NhYmluZXQucm1zLnJha3V0ZW4uY28uanAvc2hvcHMvbWluaS1tYXJjaGUvY2FiaW5ldC90b3AvaW1ncmMwMDczODI3NjAxLmpwZyIgYm9yZGVyPSIwIj48L3RkPgoJCQkJCQkJPC90cj4KCQkJCQkJCTx0cj4KCQkJCQkJCQk8dGQgYWxpZ249ImNlbnRlciIgY29sc3Bhbj0iMiI+CgkJCQkJCQkJPC90ZD4KCQkJCQkJCQk8dGQgYWxpZ249ImNlbnRlciIgY29sc3Bhbj0iMiI+CgkJCQkJCQkJPC90ZD4KCQkJCQkJCTwvdHI+CgkJCQkJCQk8dHI+CgkJCQkJCQkJPHRkIGFsaWduPSJjZW50ZXIiIGNvbHNwYW49IjQiPgoJCQkJCQkJCTxiPjxmb250IGNvbG9yPSIjRDgzQzYzIj7imarjgIDoi7rjga7jgaTjgY/jgYjjgafmpb3jgZfjgY/jgYrjgbnjgpPjgY3jgofjgYbvvZ7jgIDimao8L2ZvbnQ+PC9iPjwvdGQ+CgkJCQkJCQk8L3RyPgoJCQkJCQkJPHRyPgoJCQkJCQkJCTx0ZCBhbGlnbj0iY2VudGVyIiBjb2xzcGFuPSI0Ij4KCQkJCQkJCQkKCQkJCQkJCQk8aW1nIHNyYz0iaHR0cHM6Ly9jYWJpbmV0LnJtcy5yYWt1dGVuLmNvLmpwL3Nob3BzL21pbmktbWFyY2hlL2NhYmluZXQvdG9wL2ltZ3JjMDA3MzgyNzYwNC5qcGciIGJvcmRlcj0iMCI+PC90ZD4KCQkJCQkJCTwvdHI+CgkJCQkJCQk8dHI+CgkJCQkJCQkJPHRkIGFsaWduPSJjZW50ZXIiIGNvbHNwYW49IjQiPgoJCQkJCQkJCQoJCQkJCQkJCTxpbWcgc3JjPSJodHRwczovL2NhYmluZXQucm1zLnJha3V0ZW4uY28uanAvc2hvcHMvbWluaS1tYXJjaGUvY2FiaW5ldC90b3AvaW1ncmMwMDczODI3NjE5LmpwZyIgYm9yZGVyPSIwIj48L3RkPgoJCQkJCQkJPC90cj4KCQkJCQkJCTx0cj4KCQkJCQkJCQk8dGQgYWxpZ249ImNlbnRlciIgY29sc3Bhbj0iNCI+CgkJCgkJPGltZyBzcmM9Imh0dHBzOi8vY2FiaW5ldC5ybXMucmFrdXRlbi5jby5qcC9zaG9wcy9taW5pLW1hcmNoZS9jYWJpbmV0L3RvcC9pbWdyYzAwNzM4Mjc2MzQuanBnIiBib3JkZXI9IjAiPjwvdGQ+CgkJCQkJCQk8L3RyPgoJCQkJCQkJPHRyPgoJCQkJCQkJCTx0ZCBhbGlnbj0iY2VudGVyIiBjb2xzcGFuPSI0Ij4KCQkJCQkJCQkKCQkJCQkJCQk8aW1nIHNyYz0iaHR0cHM6Ly9jYWJpbmV0LnJtcy5yYWt1dGVuLmNvLmpwL3Nob3BzL21pbmktbWFyY2hlL2NhYmluZXQvdG9wL2ltZ3JjMDA3MzgyNzY3Mi5qcGciIGJvcmRlcj0iMCI+PC90ZD4KCQkJCQkJCTwvdHI+CgkJCQkJCQk8dHI+CgkJCQkJCQkJPHRkIGFsaWduPSJjZW50ZXIiIGNvbHNwYW49IjIiPgoJCQkJCQkJCQkJCgkJCQkJCQkJCQk8aW1nIHNyYz0iaHR0cHM6Ly9jYWJpbmV0LnJtcy5yYWt1dGVuLmNvLmpwL3Nob3BzL21pbmktbWFyY2hlL2NhYmluZXQvdG9wL2ltZ3JjMDA3MzgyNzc0MS5qcGciIHdpZHRoPSIyOTAiIGJvcmRlcj0iMCI+PC90ZD4KCQkJCQkJCQk8dGQgYWxpZ249ImNlbnRlciIgY29sc3Bhbj0iMiI+CgkJCQkJCQkJCQkKCQkJCQkJCQkJCTxpbWcgc3JjPSJodHRwczovL2NhYmluZXQucm1zLnJha3V0ZW4uY28uanAvc2hvcHMvbWluaS1tYXJjaGUvY2FiaW5ldC90b3AvaW1ncmMwMDczODI3NzQyLmpwZyIgd2lkdGg9IjI5MCIgYm9yZGVyPSIwIj48L3RkPgoJCQkJCQkJPC90cj4KCQkJCQkJCTx0cj4KCQkJCQkJCQk8dGQgYWxpZ249ImNlbnRlciIgY29sc3Bhbj0iMiI+CgkJCQkJCQkJCQkKCQkJCQkJCQkJCTxpbWcgc3JjPSJodHRwczovL2NhYmluZXQucm1zLnJha3V0ZW4uY28uanAvc2hvcHMvbWluaS1tYXJjaGUvY2FiaW5ldC90b3AvMDI5ODAzOTAvaW1ncmMwMDY1NTkxNDI0LmpwZyIgd2lkdGg9IjI5MCIgYm9yZGVyPSIwIj48L3RkPgoJCQkJCQkJCTx0ZCBhbGlnbj0iY2VudGVyIiBjb2xzcGFuPSIyIj4KCQkJCQkJCQkJCQoJCQkJCQkJCQkJPGltZyBzcmM9Imh0dHBzOi8vY2FiaW5ldC5ybXMucmFrdXRlbi5jby5qcC9zaG9wcy9taW5pLW1hcmNoZS9jYWJpbmV0L3RvcC8wMjk4MDM5MC9pbWdyYzAwNjU1OTE0MjUuanBnIiB3aWR0aD0iMjkwIiBib3JkZXI9IjAiPjwvdGQ+CgkJCQkJCQk8L3RyPgoJCQkJCQkJPHRyPgoJCQkJCQkJCTx0ZCBhbGlnbj0iY2VudGVyIiBjb2xzcGFuPSI0Ij4KCQkJCQkJCQkKCQkJCQkJCQk8aW1nIHNyYz0iaHR0cHM6Ly9jYWJpbmV0LnJtcy5yYWt1dGVuLmNvLmpwL3Nob3BzL21pbmktbWFyY2hlL2NhYmluZXQvdG9wL2ltZ3JjMDA3MzgyNzc2Ni5qcGciIGJvcmRlcj0iMCI+PC90ZD4KCQkJCQkJCTwvdHI+CgkJCQkJCQk8dHI+CgkJCQkJCQkJPHRkIGFsaWduPSJjZW50ZXIiIGNvbHNwYW49IjQiPgoKCQkJCQkJCQkKCQkJCQkJCQk8aW1nIHNyYz0iaHR0cHM6Ly9jYWJpbmV0LnJtcy5yYWt1dGVuLmNvLmpwL3Nob3BzL21pbmktbWFyY2hlL2NhYmluZXQvdG9wLzAzNzM2NTcyL2ltZ3JjMDA3MTcwMTAzNi5qcGciIGJvcmRlcj0iMCI+PC90ZD4KCQkJCQkJCTwvdHI+CgkJCQkJCQk8dHI+CgkJCQkJCQkJPHRkIGFsaWduPSJjZW50ZXIiIGNvbHNwYW49IjQiPgoKCQkJCQkJCQkKCQkJCQkJCQk8aW1nIHNyYz0iaHR0cHM6Ly9jYWJpbmV0LnJtcy5yYWt1dGVuLmNvLmpwL3Nob3BzL21pbmktbWFyY2hlL2NhYmluZXQvdG9wLzAzNzM2NTcyL2ltZ3JjMDA3MTcwMzMzNC5qcGciIHdpZHRoPSI2MDAiIGJvcmRlcj0iMCIgaGVpZ2h0PSIzMDAiPjwvdGQ+CgkJCQkJCQk8L3RyPgoJCQkJCQkJPC90YWJsZT4=,44Oe44K244O844Ks44O844OH44Oz6ZuR6LKo44CQ6Kiz44GC44KK44CR6YeO44GE44Gh44GU5rC0546J44Oq44Oc44Oz6ZW36Z2077ycMTZjbe+8nu+8muODn+ODi+ODn+ODi+OAgOODnuODq+OCt+OCpw==,44Oe44K244O844Ks44O844OH44Oz44Ki44Km44OI44Os44OD44OI44Oa44OD44OI44OR44Op44OA44Kk44K56YeO6Iu644Oe44K244O844Kw44O844K544Gu5qOu44Os44OI44Oq44OQ44O844G+44G+44GU44Go54qs44OH44Kj44K644OL44O844Of44OD44Kt44O844Oa44OD44OI55So5ZOB44Of44OL44O844Oa44OD44OI5pyN44OX44O844GV44KT44Gu44GE44Gh44GU44OA44OD44Kv44K544GX44KN44Gf44KT44K544Kk44O844OI44Kr44OV44Kn5pyo6KO944GK44KC44Gh44KD44K544OM44O844OU44O844Oe44K244O844Ks44O844OH44Oz6ZuR6LKo44CQ6Kiz44GC44KK44CR6YeO44GE44Gh44GU5rC0546J44Oq44Oc44Oz6ZW36Z2077ycMTZjbe+8ng==,5YWl5a2mL+WFpeWcki/pm6jjga7ml6XjgqLjgqTjg4bjg6Av44Os44Kk44Oz44Kz44O844OIL+ODneODs+ODgeODp+KYhuOAguODnuOCtuODvOOCrOODvOODh+ODs+mbkeiyqOOAkOios+OBguOCiuOAkemHjuOBhOOBoeOBlOawtOeOieODquODnOODs+mVt+mdtO+8nDE2Y23vvJ4=[rn]
30-32914,aHR0cDovL3RzaG9wLnIxMHMuanAvbWluaS1tYXJjaGUvY2FiaW5ldC8wMDk4NTQzNy8wMzM2MTc1MC9pbWdyYzAwNjg0MDUwOTguanBnP2ZpdGluPTcwMDo3MDA=,MTU4OS42MDAw,,44Kt44OD44K644O744OZ44OT44O844O744Oe44K/44OL44OG44KjID4g44Kt44OD44K6ID4g6Z20ID4g6ZW36Z2044O744Os44Kk44Oz44K344Ol44O844K6,44Oe44K244O844Ks44O844OH44Oz6ZuR6LKo44CQ6Kiz44GC44KK44CR6YeO44GE44Gh44GU44Oq44Oc44Oz6ZW36Z2044O757SQ44K/44Kk44OX77ycMjFjbe+8nuOAkOOBiuW+lzIw44CR,5YWl5a2mL+WFpeWcki/pm6jjga7ml6XjgqLjgqTjg4bjg6Av44Os44Kk44Oz44Kz44O844OIL+ODneODs+ODgeODp+KYhg==,4oC75pKu5b2x44Gr5L2/55So44GX44G+44GX44Gf44CCPGJyPuOAkOOCteOCpOOCuuOAkTIwY208YnI+PGJyPgrjgJDntKDmnZDjgJE8YnI+CuWhqeWMluODk+ODi+ODvOODq+aoueiEguOAgOWGheeUn+WcsO+8muODneODquOCqOOCueODhuODqzxicj7jgqTjg7Pjg4rjg7zjgr3jg7zjg6vvvJpFVkE8dGFibGUgYm9yZGVyPSIwIiB3aWR0aD0iNjAwIiBpZD0idGFibGU3ODUiIGNlbGxwYWRkaW5nPSIwIiBjZWxsc3BhY2luZz0iNyI+PHRyPgo8dGQgYWxpZ249ImNlbnRlciIgY29sc3Bhbj0iNCI+Cjxmb250IHNpemU9IjIiIGNvbG9yPSIjRkZDQ0NDIj4KCQkJCe+8iu+8iu+8iu+8iu+8iu+8iu+8iu+8iu+8iu+8iuOAgOOAgOOAgOOAgO+8iu+8iu+8iu+8iu+8iu+8iu+8iu+8iu+8iu+8iuOAgOOAgOOAgOOAgO+8iu+8iu+8iu+8iu+8iu+8iu+8iu+8iu+8iu+8ijwvZm9udD48L3RkPgo8L3RyPgo8dHI+Cjx0ZCBhbGlnbj0iY2VudGVyIiBjb2xzcGFuPSI0Ij4KPGI+PGZvbnQgY29sb3I9IiNDQzAwMDAiPuODl+ODrOOCvOODs+ODiOmBuOOBs+OBr+OBk+OBoeOCieOBi+OCiTwvZm9udD48L2I+PC90ZD4KPC90cj4KPHRyPgo8dGQgYWxpZ249ImNlbnRlciI+Cgo8aW1nIHNyYz0iaHR0cHM6Ly9pbWFnZS5yYWt1dGVuLmNvLmpwL21pbmktbWFyY2hlL2NhYmluZXQvdG9wLzAzNzM2NTcyL2ltZ3JjMDA2NzQ2MTI0MC5qcGciIHdpZHRoPSIxOTAiIGJvcmRlcj0iMCI+PC90ZD4KPHRkIGFsaWduPSJjZW50ZXIiIGNvbHNwYW49IjIiPgoKPGltZyBzcmM9Imh0dHBzOi8vaW1hZ2UucmFrdXRlbi5jby5qcC9taW5pLW1hcmNoZS9jYWJpbmV0L3RvcC8wMzczNjU3Mi9pbWdyYzAwNjc0NjEyNDEuanBnIiB3aWR0aD0iMTkwIiBib3JkZXI9IjAiPjwvdGQ+Cjx0ZCBhbGlnbj0iY2VudGVyIj4KCjxpbWcgc3JjPSJodHRwczovL2ltYWdlLnJha3V0ZW4uY28uanAvbWluaS1tYXJjaGUvY2FiaW5ldC90b3AvMDM3MzY1NzIvaW1ncmMwMDY3NDYxMjQyLmpwZyIgd2lkdGg9IjE5MCIgYm9yZGVyPSIwIj48L3RkPgo8L3RyPgo8dHI+Cjx0ZCBhbGlnbj0iY2VudGVyIj4KCjxpbWcgc3JjPSJodHRwczovL2ltYWdlLnJha3V0ZW4uY28uanAvbWluaS1tYXJjaGUvY2FiaW5ldC90b3AvMDM3MzY1NzIvaW1ncmMwMDY3NDYxMjQzLmpwZyIgd2lkdGg9IjE5MCIgYm9yZGVyPSIwIj48L3RkPgo8dGQgYWxpZ249ImNlbnRlciIgY29sc3Bhbj0iMiI+Cgo8aW1nIHNyYz0iaHR0cHM6Ly9pbWFnZS5yYWt1dGVuLmNvLmpwL21pbmktbWFyY2hlL2NhYmluZXQvdG9wLzAzNzM2NTcyL2ltZ3JjMDA2NzQ2MTI0NC5qcGciIHdpZHRoPSIxOTAiIGJvcmRlcj0iMCI+PC90ZD4KPHRkIGFsaWduPSJjZW50ZXIiPgoKPGltZyBzcmM9Imh0dHBzOi8vaW1hZ2UucmFrdXRlbi5jby5qcC9taW5pLW1hcmNoZS9jYWJpbmV0L3RvcC8wMzczNjU3Mi9pbWdyYzAwNjc0NjEyNDUuanBnIiB3aWR0aD0iMTkwIiBib3JkZXI9IjAiPjwvdGQ+CjwvdHI+Cjx0cj4KPHRkIGFsaWduPSJjZW50ZXIiIGNvbHNwYW49IjQiPgoKPGltZyBzcmM9Imh0dHBzOi8vY2FiaW5ldC5ybXMucmFrdXRlbi5jby5qcC9zaG9wcy9taW5pLW1hcmNoZS9jYWJpbmV0L3RvcC8wMjk4MDM5MC9pbWdyYzAwNzM5Njk1NTIuanBnIiBib3JkZXI9IjAiPjwvdGQ+CjwvdHI+Cjx0cj4KPHRkIGFsaWduPSJjZW50ZXIiIGNvbHNwYW49IjQiPgoKPGltZyBzcmM9Imh0dHBzOi8vY2FiaW5ldC5ybXMucmFrdXRlbi5jby5qcC9zaG9wcy9taW5pLW1hcmNoZS9jYWJpbmV0L3RvcC8wMjk4MDM5MC9pbWdyYzAwNzM5NTYzNDMuanBnIiB3aWR0aD0iNjAwIiBib3JkZXI9IjAiPjwvdGQ+CjwvdHI+Cjx0cj4KPHRkIGFsaWduPSJjZW50ZXIiIGNvbHNwYW49IjQiPgoKPGltZyBzcmM9Imh0dHBzOi8vY2FiaW5ldC5ybXMucmFrdXRlbi5jby5qcC9zaG9wcy9taW5pLW1hcmNoZS9jYWJpbmV0L3RvcC8wMjk4MDM5MC9pbWdyYzAwNzM4MjcwOTQuanBnIiB3aWR0aD0iNjAwIiBib3JkZXI9IjAiIGhlaWdodD0iNjAwIj48L3RkPgo8L3RyPgo8dHI+Cjx0ZCBhbGlnbj0iY2VudGVyIiBjb2xzcGFuPSI0Ij4KCjxpbWcgc3JjPSJodHRwczovL2NhYmluZXQucm1zLnJha3V0ZW4uY28uanAvc2hvcHMvbWluaS1tYXJjaGUvY2FiaW5ldC90b3AvMDI5ODAzOTAvaW1ncmMwMDczMzQzMTU3LmpwZyIgYm9yZGVyPSIwIj48L3RkPgo8L3RyPgo8dHI+Cjx0ZCBhbGlnbj0iY2VudGVyIiBjb2xzcGFuPSI0Ij4KCjxpbWcgc3JjPSJodHRwczovL2NhYmluZXQucm1zLnJha3V0ZW4uY28uanAvc2hvcHMvbWluaS1tYXJjaGUvY2FiaW5ldC90b3AvMDM3MzY1NzIvaW1ncmMwMDczMTQyMTQzLmpwZyIgYm9yZGVyPSIwIj48L3RkPgo8L3RyPgoJCQkJCQkJPHRyPgoJCQkJCQkJCTx0ZCBhbGlnbj0iY2VudGVyIiBjb2xzcGFuPSI0Ij4KCQkKCjxpbWcgc3JjPSJodHRwczovL2NhYmluZXQucm1zLnJha3V0ZW4uY28uanAvc2hvcHMvbWluaS1tYXJjaGUvY2FiaW5ldC90b3AvMDI5ODAzOTAvaW1ncmMwMDczNTc2NDU5LmpwZyIgYm9yZGVyPSIwIj48L3RkPgoJCQkJCQkJPC90cj4KCQkJCQkJCTx0cj4KCQkJCQkJCQk8dGQgYWxpZ249ImNlbnRlciIgY29sc3Bhbj0iNCI+CgkJCQkJCQkJCgkJCQkJCQkJPGltZyBzcmM9Imh0dHBzOi8vY2FiaW5ldC5ybXMucmFrdXRlbi5jby5qcC9zaG9wcy9taW5pLW1hcmNoZS9jYWJpbmV0L3RvcC9pbWdyYzAwNzM4Mjc1NTcuanBnIiBib3JkZXI9IjAiPjwvdGQ+CgkJCQkJCQk8L3RyPgoJCQkJCQkJPHRyPgoJCQkJCQkJCTx0ZCBhbGlnbj0iY2VudGVyIiBjb2xzcGFuPSI0Ij4KCQkJCQkJCQkKCQkJCQkJCQk8aW1nIHNyYz0iaHR0cHM6Ly9jYWJpbmV0LnJtcy5yYWt1dGVuLmNvLmpwL3Nob3BzL21pbmktbWFyY2hlL2NhYmluZXQvdG9wLzAzNzM2NTcyL2ltZ3JjMDA3MjMwODcxOS5qcGciIHdpZHRoPSI2MDAiIGJvcmRlcj0iMCIgaGVpZ2h0PSI1NTgiPjwvdGQ+CgkJCQkJCQk8L3RyPgoJCQkJCQkJPHRyPgoJCQkJCQkJCTx0ZCBhbGlnbj0iY2VudGVyIiBjb2xzcGFuPSI0Ij4KCQkJCQkJCQkKCQkJCQkJCQk8aW1nIHNyYz0iaHR0cHM6Ly9jYWJpbmV0LnJtcy5yYWt1dGVuLmNvLmpwL3Nob3BzL21pbmktbWFyY2hlL2NhYmluZXQvMDA4Mzc4MzQvMDM2Njg1NTQvaW1ncmMwMDcxODY5MzA5LmpwZyIgd2lkdGg9IjYwMCIgYm9yZGVyPSIwIiBoZWlnaHQ9IjQ5MyI+PC90ZD4KCQkJCQkJCTwvdHI+CgkJCQkJCQk8dHI+CgkJCQkJCQkJPHRkIGFsaWduPSJjZW50ZXIiIGNvbHNwYW49IjQiPgoJCQkJCQkJCQoJCQkJCQkJCTxpbWcgc3JjPSJodHRwczovL2NhYmluZXQucm1zLnJha3V0ZW4uY28uanAvc2hvcHMvbWluaS1tYXJjaGUvY2FiaW5ldC90b3AvaW1ncmMwMDczODI3NjAxLmpwZyIgYm9yZGVyPSIwIj48L3RkPgoJCQkJCQkJPC90cj4KCQkJCQkJCTx0cj4KCQkJCQkJCQk8dGQgYWxpZ249ImNlbnRlciIgY29sc3Bhbj0iMiI+CgkJCQkJCQkJPC90ZD4KCQkJCQkJCQk8dGQgYWxpZ249ImNlbnRlciIgY29sc3Bhbj0iMiI+CgkJCQkJCQkJPC90ZD4KCQkJCQkJCTwvdHI+CgkJCQkJCQk8dHI+CgkJCQkJCQkJPHRkIGFsaWduPSJjZW50ZXIiIGNvbHNwYW49IjQiPgoJCQkJCQkJCTxiPjxmb250IGNvbG9yPSIjRDgzQzYzIj7imarjgIDoi7rjga7jgaTjgY/jgYjjgafmpb3jgZfjgY/jgYrjgbnjgpPjgY3jgofjgYbvvZ7jgIDimao8L2ZvbnQ+PC9iPjwvdGQ+CgkJCQkJCQk8L3RyPgoJCQkJCQkJPHRyPgoJCQkJCQkJCTx0ZCBhbGlnbj0iY2VudGVyIiBjb2xzcGFuPSI0Ij4KCQkJCQkJCQkKCQkJCQkJCQk8aW1nIHNyYz0iaHR0cHM6Ly9jYWJpbmV0LnJtcy5yYWt1dGVuLmNvLmpwL3Nob3BzL21pbmktbWFyY2hlL2NhYmluZXQvdG9wL2ltZ3JjMDA3MzgyNzYwNC5qcGciIGJvcmRlcj0iMCI+PC90ZD4KCQkJCQkJCTwvdHI+CgkJCQkJCQk8dHI+CgkJCQkJCQkJPHRkIGFsaWduPSJjZW50ZXIiIGNvbHNwYW49IjQiPgoJCQkJCQkJCQoJCQkJCQkJCTxpbWcgc3JjPSJodHRwczovL2NhYmluZXQucm1zLnJha3V0ZW4uY28uanAvc2hvcHMvbWluaS1tYXJjaGUvY2FiaW5ldC90b3AvaW1ncmMwMDczODI3NjE5LmpwZyIgYm9yZGVyPSIwIj48L3RkPgoJCQkJCQkJPC90cj4KCQkJCQkJCTx0cj4KCQkJCQkJCQk8dGQgYWxpZ249ImNlbnRlciIgY29sc3Bhbj0iNCI+CgkJCgkJPGltZyBzcmM9Imh0dHBzOi8vY2FiaW5ldC5ybXMucmFrdXRlbi5jby5qcC9zaG9wcy9taW5pLW1hcmNoZS9jYWJpbmV0L3RvcC9pbWdyYzAwNzM4Mjc2MzQuanBnIiBib3JkZXI9IjAiPjwvdGQ+CgkJCQkJCQk8L3RyPgoJCQkJCQkJPHRyPgoJCQkJCQkJCTx0ZCBhbGlnbj0iY2VudGVyIiBjb2xzcGFuPSI0Ij4KCQkJCQkJCQkKCQkJCQkJCQk8aW1nIHNyYz0iaHR0cHM6Ly9jYWJpbmV0LnJtcy5yYWt1dGVuLmNvLmpwL3Nob3BzL21pbmktbWFyY2hlL2NhYmluZXQvdG9wL2ltZ3JjMDA3MzgyNzY3Mi5qcGciIGJvcmRlcj0iMCI+PC90ZD4KCQkJCQkJCTwvdHI+CgkJCQkJCQk8dHI+CgkJCQkJCQkJPHRkIGFsaWduPSJjZW50ZXIiIGNvbHNwYW49IjIiPgoJCQkJCQkJCQkJCgkJCQkJCQkJCQk8aW1nIHNyYz0iaHR0cHM6Ly9jYWJpbmV0LnJtcy5yYWt1dGVuLmNvLmpwL3Nob3BzL21pbmktbWFyY2hlL2NhYmluZXQvdG9wL2ltZ3JjMDA3MzgyNzc0MS5qcGciIHdpZHRoPSIyOTAiIGJvcmRlcj0iMCI+PC90ZD4KCQkJCQkJCQk8dGQgYWxpZ249ImNlbnRlciIgY29sc3Bhbj0iMiI+CgkJCQkJCQkJCQkKCQkJCQkJCQkJCTxpbWcgc3JjPSJodHRwczovL2NhYmluZXQucm1zLnJha3V0ZW4uY28uanAvc2hvcHMvbWluaS1tYXJjaGUvY2FiaW5ldC90b3AvaW1ncmMwMDczODI3NzQyLmpwZyIgd2lkdGg9IjI5MCIgYm9yZGVyPSIwIj48L3RkPgoJCQkJCQkJPC90cj4KCQkJCQkJCTx0cj4KCQkJCQkJCQk8dGQgYWxpZ249ImNlbnRlciIgY29sc3Bhbj0iMiI+CgkJCQkJCQkJCQkKCQkJCQkJCQkJCTxpbWcgc3JjPSJodHRwczovL2NhYmluZXQucm1zLnJha3V0ZW4uY28uanAvc2hvcHMvbWluaS1tYXJjaGUvY2FiaW5ldC90b3AvMDI5ODAzOTAvaW1ncmMwMDY1NTkxNDI0LmpwZyIgd2lkdGg9IjI5MCIgYm9yZGVyPSIwIj48L3RkPgoJCQkJCQkJCTx0ZCBhbGlnbj0iY2VudGVyIiBjb2xzcGFuPSIyIj4KCQkJCQkJCQkJCQoJCQkJCQkJCQkJPGltZyBzcmM9Imh0dHBzOi8vY2FiaW5ldC5ybXMucmFrdXRlbi5jby5qcC9zaG9wcy9taW5pLW1hcmNoZS9jYWJpbmV0L3RvcC8wMjk4MDM5MC9pbWdyYzAwNjU1OTE0MjUuanBnIiB3aWR0aD0iMjkwIiBib3JkZXI9IjAiPjwvdGQ+CgkJCQkJCQk8L3RyPgoJCQkJCQkJPHRyPgoJCQkJCQkJCTx0ZCBhbGlnbj0iY2VudGVyIiBjb2xzcGFuPSI0Ij4KCQkJCQkJCQkKCQkJCQkJCQk8aW1nIHNyYz0iaHR0cHM6Ly9jYWJpbmV0LnJtcy5yYWt1dGVuLmNvLmpwL3Nob3BzL21pbmktbWFyY2hlL2NhYmluZXQvdG9wL2ltZ3JjMDA3MzgyNzc2Ni5qcGciIGJvcmRlcj0iMCI+PC90ZD4KCQkJCQkJCTwvdHI+CgkJCQkJCQk8dHI+CgkJCQkJCQkJPHRkIGFsaWduPSJjZW50ZXIiIGNvbHNwYW49IjQiPgoKCQkJCQkJCQkKCQkJCQkJCQk8aW1nIHNyYz0iaHR0cHM6Ly9jYWJpbmV0LnJtcy5yYWt1dGVuLmNvLmpwL3Nob3BzL21pbmktbWFyY2hlL2NhYmluZXQvdG9wLzAzNzM2NTcyL2ltZ3JjMDA3MTcwMTAzNi5qcGciIGJvcmRlcj0iMCI+PC90ZD4KCQkJCQkJCTwvdHI+CgkJCQkJCQk8dHI+CgkJCQkJCQkJPHRkIGFsaWduPSJjZW50ZXIiIGNvbHNwYW49IjQiPgoKCQkJCQkJCQkKCQkJCQkJCQk8aW1nIHNyYz0iaHR0cHM6Ly9jYWJpbmV0LnJtcy5yYWt1dGVuLmNvLmpwL3Nob3BzL21pbmktbWFyY2hlL2NhYmluZXQvdG9wLzAzNzM2NTcyL2ltZ3JjMDA3MTcwMzMzNC5qcGciIHdpZHRoPSI2MDAiIGJvcmRlcj0iMCIgaGVpZ2h0PSIzMDAiPjwvdGQ+CgkJCQkJCQk8L3RyPgoJCQkJCQkJPC90YWJsZT4=,44Oe44K244O844Ks44O844OH44Oz6ZuR6LKo44CQ6Kiz44GC44KK44CR6YeO44GE44Gh44GU44Oq44Oc44Oz6ZW36Z2044O757SQ44K/44Kk44OX77ycMjFjbe+8nuOAkOOBiuW+lzIw44CR77ya44Of44OL44Of44OL44CA44Oe44Or44K344Kn,44Oe44K244O844Ks44O844OH44Oz44Ki44Km44OI44Os44OD44OI44Oa44OD44OI44OR44Op44OA44Kk44K56YeO6Iu644Oe44K244O844Kw44O844K544Gu5qOu44Os44OI44Oq44OQ44O844G+44G+44GU44Go54qs44OH44Kj44K644OL44O844Of44OD44Kt44O844Oa44OD44OI55So5ZOB44Of44OL44O844Oa44OD44OI5pyN44OX44O844GV44KT44Gu44GE44Gh44GU44OA44OD44Kv44K544GX44KN44Gf44KT44K544Kk44O844OI44Kr44OV44Kn5pyo6KO944GK44KC44Gh44KD44K544OM44O844OU44O844Oe44K244O844Ks44O844OH44Oz6ZuR6LKo44CQ6Kiz44GC44KK44CR6YeO44GE44Gh44GU44Oq44Oc44Oz6ZW36Z2044O757SQ44K/44Kk44OX77ycMjFjbe+8nuOAkOOBiuW+lzIw44CR,5YWl5a2mL+WFpeWcki/pm6jjga7ml6XjgqLjgqTjg4bjg6Av44Os44Kk44Oz44Kz44O844OIL+ODneODs+ODgeODp+KYhuOAguODnuOCtuODvOOCrOODvOODh+ODs+mbkeiyqOOAkOios+OBguOCiuOAkemHjuOBhOOBoeOBlOODquODnOODs+mVt+mdtOODu+e0kOOCv+OCpOODl++8nDIxY23vvJ7jgJDjgYrlvpcyMOOAkQ==[rn]
30-32915,aHR0cDovL3RzaG9wLnIxMHMuanAvbWluaS1tYXJjaGUvY2FiaW5ldC8wMDk4NTQzNy8wMzM2MTc1MC9pbWdyYzAwNjUyNDk4MTMuanBnP2ZpdGluPTcwMDo3MDA=,MTI0NC4wMDAw,,44Kt44OD44K644O744OZ44OT44O844O744Oe44K/44OL44OG44KjID4g44Kt44OD44K6ID4g6Z20ID4g6ZW36Z2044O744Os44Kk44Oz44K344Ol44O844K6,44Oe44K244O844Ks44O844OH44Oz6ZuR6LKo44CQ6Kiz44GC44KK44CR6YeO44GE44Gh44GU5rC0546J44Oq44Oc44Oz6ZW36Z2077ycMTljbe+8ng==,5YWl5a2mL+WFpeWcki/pm6jjga7ml6XjgqLjgqTjg4bjg6Av44Os44Kk44Oz44Kz44O844OIL+ODneODs+ODgeODp+KYhg==,4oC75bCR44CF5rGa44KM44GC44KK44CC5YyW57Kn566x44OA44Oh44O844K444GC44KK44CCPGJyPuOAkOOCteOCpOOCuuOAkTE5Y208YnI+PGJyPgrjgJDntKDmnZDjgJE8YnI+CuWhqeWMluODk+ODi+ODvOODq+aoueiEguOAgOWGheeUn+WcsO+8muODneODquOCqOOCueODhuODqzxicj7jgqTjg7Pjg4rjg7zjgr3jg7zjg6vvvJpFVkE8dGFibGUgYm9yZGVyPSIwIiB3aWR0aD0iNjAwIiBpZD0idGFibGU3ODUiIGNlbGxwYWRkaW5nPSIwIiBjZWxsc3BhY2luZz0iNyI+PHRyPgo8dGQgYWxpZ249ImNlbnRlciIgY29sc3Bhbj0iNCI+Cjxmb250IHNpemU9IjIiIGNvbG9yPSIjRkZDQ0NDIj4KCQkJCe+8iu+8iu+8iu+8iu+8iu+8iu+8iu+8iu+8iu+8iuOAgOOAgOOAgOOAgO+8iu+8iu+8iu+8iu+8iu+8iu+8iu+8iu+8iu+8iuOAgOOAgOOAgOOAgO+8iu+8iu+8iu+8iu+8iu+8iu+8iu+8iu+8iu+8ijwvZm9udD48L3RkPgo8L3RyPgo8dHI+Cjx0ZCBhbGlnbj0iY2VudGVyIiBjb2xzcGFuPSI0Ij4KPGI+PGZvbnQgY29sb3I9IiNDQzAwMDAiPuODl+ODrOOCvOODs+ODiOmBuOOBs+OBr+OBk+OBoeOCieOBi+OCiTwvZm9udD48L2I+PC90ZD4KPC90cj4KPHRyPgo8dGQgYWxpZ249ImNlbnRlciI+Cgo8aW1nIHNyYz0iaHR0cHM6Ly9pbWFnZS5yYWt1dGVuLmNvLmpwL21pbmktbWFyY2hlL2NhYmluZXQvdG9wLzAzNzM2NTcyL2ltZ3JjMDA2NzQ2MTI0MC5qcGciIHdpZHRoPSIxOTAiIGJvcmRlcj0iMCI+PC90ZD4KPHRkIGFsaWduPSJjZW50ZXIiIGNvbHNwYW49IjIiPgoKPGltZyBzcmM9Imh0dHBzOi8vaW1hZ2UucmFrdXRlbi5jby5qcC9taW5pLW1hcmNoZS9jYWJpbmV0L3RvcC8wMzczNjU3Mi9pbWdyYzAwNjc0NjEyNDEuanBnIiB3aWR0aD0iMTkwIiBib3JkZXI9IjAiPjwvdGQ+Cjx0ZCBhbGlnbj0iY2VudGVyIj4KCjxpbWcgc3JjPSJodHRwczovL2ltYWdlLnJha3V0ZW4uY28uanAvbWluaS1tYXJjaGUvY2FiaW5ldC90b3AvMDM3MzY1NzIvaW1ncmMwMDY3NDYxMjQyLmpwZyIgd2lkdGg9IjE5MCIgYm9yZGVyPSIwIj48L3RkPgo8L3RyPgo8dHI+Cjx0ZCBhbGlnbj0iY2VudGVyIj4KCjxpbWcgc3JjPSJodHRwczovL2ltYWdlLnJha3V0ZW4uY28uanAvbWluaS1tYXJjaGUvY2FiaW5ldC90b3AvMDM3MzY1NzIvaW1ncmMwMDY3NDYxMjQzLmpwZyIgd2lkdGg9IjE5MCIgYm9yZGVyPSIwIj48L3RkPgo8dGQgYWxpZ249ImNlbnRlciIgY29sc3Bhbj0iMiI+Cgo8aW1nIHNyYz0iaHR0cHM6Ly9pbWFnZS5yYWt1dGVuLmNvLmpwL21pbmktbWFyY2hlL2NhYmluZXQvdG9wLzAzNzM2NTcyL2ltZ3JjMDA2NzQ2MTI0NC5qcGciIHdpZHRoPSIxOTAiIGJvcmRlcj0iMCI+PC90ZD4KPHRkIGFsaWduPSJjZW50ZXIiPgoKPGltZyBzcmM9Imh0dHBzOi8vaW1hZ2UucmFrdXRlbi5jby5qcC9taW5pLW1hcmNoZS9jYWJpbmV0L3RvcC8wMzczNjU3Mi9pbWdyYzAwNjc0NjEyNDUuanBnIiB3aWR0aD0iMTkwIiBib3JkZXI9IjAiPjwvdGQ+CjwvdHI+Cjx0cj4KPHRkIGFsaWduPSJjZW50ZXIiIGNvbHNwYW49IjQiPgoKPGltZyBzcmM9Imh0dHBzOi8vY2FiaW5ldC5ybXMucmFrdXRlbi5jby5qcC9zaG9wcy9taW5pLW1hcmNoZS9jYWJpbmV0L3RvcC8wMjk4MDM5MC9pbWdyYzAwNzM5Njk1NTIuanBnIiBib3JkZXI9IjAiPjwvdGQ+CjwvdHI+Cjx0cj4KPHRkIGFsaWduPSJjZW50ZXIiIGNvbHNwYW49IjQiPgoKPGltZyBzcmM9Imh0dHBzOi8vY2FiaW5ldC5ybXMucmFrdXRlbi5jby5qcC9zaG9wcy9taW5pLW1hcmNoZS9jYWJpbmV0L3RvcC8wMjk4MDM5MC9pbWdyYzAwNzM5NTYzNDMuanBnIiB3aWR0aD0iNjAwIiBib3JkZXI9IjAiPjwvdGQ+CjwvdHI+Cjx0cj4KPHRkIGFsaWduPSJjZW50ZXIiIGNvbHNwYW49IjQiPgoKPGltZyBzcmM9Imh0dHBzOi8vY2FiaW5ldC5ybXMucmFrdXRlbi5jby5qcC9zaG9wcy9taW5pLW1hcmNoZS9jYWJpbmV0L3RvcC8wMjk4MDM5MC9pbWdyYzAwNzM4MjcwOTQuanBnIiB3aWR0aD0iNjAwIiBib3JkZXI9IjAiIGhlaWdodD0iNjAwIj48L3RkPgo8L3RyPgo8dHI+Cjx0ZCBhbGlnbj0iY2VudGVyIiBjb2xzcGFuPSI0Ij4KCjxpbWcgc3JjPSJodHRwczovL2NhYmluZXQucm1zLnJha3V0ZW4uY28uanAvc2hvcHMvbWluaS1tYXJjaGUvY2FiaW5ldC90b3AvMDI5ODAzOTAvaW1ncmMwMDczMzQzMTU3LmpwZyIgYm9yZGVyPSIwIj48L3RkPgo8L3RyPgo8dHI+Cjx0ZCBhbGlnbj0iY2VudGVyIiBjb2xzcGFuPSI0Ij4KCjxpbWcgc3JjPSJodHRwczovL2NhYmluZXQucm1zLnJha3V0ZW4uY28uanAvc2hvcHMvbWluaS1tYXJjaGUvY2FiaW5ldC90b3AvMDM3MzY1NzIvaW1ncmMwMDczMTQyMTQzLmpwZyIgYm9yZGVyPSIwIj48L3RkPgo8L3RyPgoJCQkJCQkJPHRyPgoJCQkJCQkJCTx0ZCBhbGlnbj0iY2VudGVyIiBjb2xzcGFuPSI0Ij4KCQkKCjxpbWcgc3JjPSJodHRwczovL2NhYmluZXQucm1zLnJha3V0ZW4uY28uanAvc2hvcHMvbWluaS1tYXJjaGUvY2FiaW5ldC90b3AvMDI5ODAzOTAvaW1ncmMwMDczNTc2NDU5LmpwZyIgYm9yZGVyPSIwIj48L3RkPgoJCQkJCQkJPC90cj4KCQkJCQkJCTx0cj4KCQkJCQkJCQk8dGQgYWxpZ249ImNlbnRlciIgY29sc3Bhbj0iNCI+CgkJCQkJCQkJCgkJCQkJCQkJPGltZyBzcmM9Imh0dHBzOi8vY2FiaW5ldC5ybXMucmFrdXRlbi5jby5qcC9zaG9wcy9taW5pLW1hcmNoZS9jYWJpbmV0L3RvcC9pbWdyYzAwNzM4Mjc1NTcuanBnIiBib3JkZXI9IjAiPjwvdGQ+CgkJCQkJCQk8L3RyPgoJCQkJCQkJPHRyPgoJCQkJCQkJCTx0ZCBhbGlnbj0iY2VudGVyIiBjb2xzcGFuPSI0Ij4KCQkJCQkJCQkKCQkJCQkJCQk8aW1nIHNyYz0iaHR0cHM6Ly9jYWJpbmV0LnJtcy5yYWt1dGVuLmNvLmpwL3Nob3BzL21pbmktbWFyY2hlL2NhYmluZXQvdG9wLzAzNzM2NTcyL2ltZ3JjMDA3MjMwODcxOS5qcGciIHdpZHRoPSI2MDAiIGJvcmRlcj0iMCIgaGVpZ2h0PSI1NTgiPjwvdGQ+CgkJCQkJCQk8L3RyPgoJCQkJCQkJPHRyPgoJCQkJCQkJCTx0ZCBhbGlnbj0iY2VudGVyIiBjb2xzcGFuPSI0Ij4KCQkJCQkJCQkKCQkJCQkJCQk8aW1nIHNyYz0iaHR0cHM6Ly9jYWJpbmV0LnJtcy5yYWt1dGVuLmNvLmpwL3Nob3BzL21pbmktbWFyY2hlL2NhYmluZXQvMDA4Mzc4MzQvMDM2Njg1NTQvaW1ncmMwMDcxODY5MzA5LmpwZyIgd2lkdGg9IjYwMCIgYm9yZGVyPSIwIiBoZWlnaHQ9IjQ5MyI+PC90ZD4KCQkJCQkJCTwvdHI+CgkJCQkJCQk8dHI+CgkJCQkJCQkJPHRkIGFsaWduPSJjZW50ZXIiIGNvbHNwYW49IjQiPgoJCQkJCQkJCQoJCQkJCQkJCTxpbWcgc3JjPSJodHRwczovL2NhYmluZXQucm1zLnJha3V0ZW4uY28uanAvc2hvcHMvbWluaS1tYXJjaGUvY2FiaW5ldC90b3AvaW1ncmMwMDczODI3NjAxLmpwZyIgYm9yZGVyPSIwIj48L3RkPgoJCQkJCQkJPC90cj4KCQkJCQkJCTx0cj4KCQkJCQkJCQk8dGQgYWxpZ249ImNlbnRlciIgY29sc3Bhbj0iMiI+CgkJCQkJCQkJPC90ZD4KCQkJCQkJCQk8dGQgYWxpZ249ImNlbnRlciIgY29sc3Bhbj0iMiI+CgkJCQkJCQkJPC90ZD4KCQkJCQkJCTwvdHI+CgkJCQkJCQk8dHI+CgkJCQkJCQkJPHRkIGFsaWduPSJjZW50ZXIiIGNvbHNwYW49IjQiPgoJCQkJCQkJCTxiPjxmb250IGNvbG9yPSIjRDgzQzYzIj7imarjgIDoi7rjga7jgaTjgY/jgYjjgafmpb3jgZfjgY/jgYrjgbnjgpPjgY3jgofjgYbvvZ7jgIDimao8L2ZvbnQ+PC9iPjwvdGQ+CgkJCQkJCQk8L3RyPgoJCQkJCQkJPHRyPgoJCQkJCQkJCTx0ZCBhbGlnbj0iY2VudGVyIiBjb2xzcGFuPSI0Ij4KCQkJCQkJCQkKCQkJCQkJCQk8aW1nIHNyYz0iaHR0cHM6Ly9jYWJpbmV0LnJtcy5yYWt1dGVuLmNvLmpwL3Nob3BzL21pbmktbWFyY2hlL2NhYmluZXQvdG9wL2ltZ3JjMDA3MzgyNzYwNC5qcGciIGJvcmRlcj0iMCI+PC90ZD4KCQkJCQkJCTwvdHI+CgkJCQkJCQk8dHI+CgkJCQkJCQkJPHRkIGFsaWduPSJjZW50ZXIiIGNvbHNwYW49IjQiPgoJCQkJCQkJCQoJCQkJCQkJCTxpbWcgc3JjPSJodHRwczovL2NhYmluZXQucm1zLnJha3V0ZW4uY28uanAvc2hvcHMvbWluaS1tYXJjaGUvY2FiaW5ldC90b3AvaW1ncmMwMDczODI3NjE5LmpwZyIgYm9yZGVyPSIwIj48L3RkPgoJCQkJCQkJPC90cj4KCQkJCQkJCTx0cj4KCQkJCQkJCQk8dGQgYWxpZ249ImNlbnRlciIgY29sc3Bhbj0iNCI+CgkJCgkJPGltZyBzcmM9Imh0dHBzOi8vY2FiaW5ldC5ybXMucmFrdXRlbi5jby5qcC9zaG9wcy9taW5pLW1hcmNoZS9jYWJpbmV0L3RvcC9pbWdyYzAwNzM4Mjc2MzQuanBnIiBib3JkZXI9IjAiPjwvdGQ+CgkJCQkJCQk8L3RyPgoJCQkJCQkJPHRyPgoJCQkJCQkJCTx0ZCBhbGlnbj0iY2VudGVyIiBjb2xzcGFuPSI0Ij4KCQkJCQkJCQkKCQkJCQkJCQk8aW1nIHNyYz0iaHR0cHM6Ly9jYWJpbmV0LnJtcy5yYWt1dGVuLmNvLmpwL3Nob3BzL21pbmktbWFyY2hlL2NhYmluZXQvdG9wL2ltZ3JjMDA3MzgyNzY3Mi5qcGciIGJvcmRlcj0iMCI+PC90ZD4KCQkJCQkJCTwvdHI+CgkJCQkJCQk8dHI+CgkJCQkJCQkJPHRkIGFsaWduPSJjZW50ZXIiIGNvbHNwYW49IjIiPgoJCQkJCQkJCQkJCgkJCQkJCQkJCQk8aW1nIHNyYz0iaHR0cHM6Ly9jYWJpbmV0LnJtcy5yYWt1dGVuLmNvLmpwL3Nob3BzL21pbmktbWFyY2hlL2NhYmluZXQvdG9wL2ltZ3JjMDA3MzgyNzc0MS5qcGciIHdpZHRoPSIyOTAiIGJvcmRlcj0iMCI+PC90ZD4KCQkJCQkJCQk8dGQgYWxpZ249ImNlbnRlciIgY29sc3Bhbj0iMiI+CgkJCQkJCQkJCQkKCQkJCQkJCQkJCTxpbWcgc3JjPSJodHRwczovL2NhYmluZXQucm1zLnJha3V0ZW4uY28uanAvc2hvcHMvbWluaS1tYXJjaGUvY2FiaW5ldC90b3AvaW1ncmMwMDczODI3NzQyLmpwZyIgd2lkdGg9IjI5MCIgYm9yZGVyPSIwIj48L3RkPgoJCQkJCQkJPC90cj4KCQkJCQkJCTx0cj4KCQkJCQkJCQk8dGQgYWxpZ249ImNlbnRlciIgY29sc3Bhbj0iMiI+CgkJCQkJCQkJCQkKCQkJCQkJCQkJCTxpbWcgc3JjPSJodHRwczovL2NhYmluZXQucm1zLnJha3V0ZW4uY28uanAvc2hvcHMvbWluaS1tYXJjaGUvY2FiaW5ldC90b3AvMDI5ODAzOTAvaW1ncmMwMDY1NTkxNDI0LmpwZyIgd2lkdGg9IjI5MCIgYm9yZGVyPSIwIj48L3RkPgoJCQkJCQkJCTx0ZCBhbGlnbj0iY2VudGVyIiBjb2xzcGFuPSIyIj4KCQkJCQkJCQkJCQoJCQkJCQkJCQkJPGltZyBzcmM9Imh0dHBzOi8vY2FiaW5ldC5ybXMucmFrdXRlbi5jby5qcC9zaG9wcy9taW5pLW1hcmNoZS9jYWJpbmV0L3RvcC8wMjk4MDM5MC9pbWdyYzAwNjU1OTE0MjUuanBnIiB3aWR0aD0iMjkwIiBib3JkZXI9IjAiPjwvdGQ+CgkJCQkJCQk8L3RyPgoJCQkJCQkJPHRyPgoJCQkJCQkJCTx0ZCBhbGlnbj0iY2VudGVyIiBjb2xzcGFuPSI0Ij4KCQkJCQkJCQkKCQkJCQkJCQk8aW1nIHNyYz0iaHR0cHM6Ly9jYWJpbmV0LnJtcy5yYWt1dGVuLmNvLmpwL3Nob3BzL21pbmktbWFyY2hlL2NhYmluZXQvdG9wL2ltZ3JjMDA3MzgyNzc2Ni5qcGciIGJvcmRlcj0iMCI+PC90ZD4KCQkJCQkJCTwvdHI+CgkJCQkJCQk8dHI+CgkJCQkJCQkJPHRkIGFsaWduPSJjZW50ZXIiIGNvbHNwYW49IjQiPgoKCQkJCQkJCQkKCQkJCQkJCQk8aW1nIHNyYz0iaHR0cHM6Ly9jYWJpbmV0LnJtcy5yYWt1dGVuLmNvLmpwL3Nob3BzL21pbmktbWFyY2hlL2NhYmluZXQvdG9wLzAzNzM2NTcyL2ltZ3JjMDA3MTcwMTAzNi5qcGciIGJvcmRlcj0iMCI+PC90ZD4KCQkJCQkJCTwvdHI+CgkJCQkJCQk8dHI+CgkJCQkJCQkJPHRkIGFsaWduPSJjZW50ZXIiIGNvbHNwYW49IjQiPgoKCQkJCQkJCQkKCQkJCQkJCQk8aW1nIHNyYz0iaHR0cHM6Ly9jYWJpbmV0LnJtcy5yYWt1dGVuLmNvLmpwL3Nob3BzL21pbmktbWFyY2hlL2NhYmluZXQvdG9wLzAzNzM2NTcyL2ltZ3JjMDA3MTcwMzMzNC5qcGciIHdpZHRoPSI2MDAiIGJvcmRlcj0iMCIgaGVpZ2h0PSIzMDAiPjwvdGQ+CgkJCQkJCQk8L3RyPgoJCQkJCQkJPC90YWJsZT4=,44Oe44K244O844Ks44O844OH44Oz6ZuR6LKo44CQ6Kiz44GC44KK44CR6YeO44GE44Gh44GU5rC0546J44Oq44Oc44Oz6ZW36Z2077ycMTljbe+8nu+8muODn+ODi+ODn+ODi+OAgOODnuODq+OCt+OCpw==,44Oe44K244O844Ks44O844OH44Oz44Ki44Km44OI44Os44OD44OI44Oa44OD44OI44OR44Op44OA44Kk44K56YeO6Iu644Oe44K244O844Kw44O844K544Gu5qOu44Os44OI44Oq44OQ44O844G+44G+44GU44Go54qs44OH44Kj44K644OL44O844Of44OD44Kt44O844Oa44OD44OI55So5ZOB44Of44OL44O844Oa44OD44OI5pyN44OX44O844GV44KT44Gu44GE44Gh44GU44OA44OD44Kv44K544GX44KN44Gf44KT44K544Kk44O844OI44Kr44OV44Kn5pyo6KO944GK44KC44Gh44KD44K544OM44O844OU44O844Oe44K244O844Ks44O844OH44Oz6ZuR6LKo44CQ6Kiz44GC44KK44CR6YeO44GE44Gh44GU5rC0546J44Oq44Oc44Oz6ZW36Z2077ycMTljbe+8ng==,5YWl5a2mL+WFpeWcki/pm6jjga7ml6XjgqLjgqTjg4bjg6Av44Os44Kk44Oz44Kz44O844OIL+ODneODs+ODgeODp+KYhuOAguODnuOCtuODvOOCrOODvOODh+ODs+mbkeiyqOOAkOios+OBguOCiuOAkemHjuOBhOOBoeOBlOawtOeOieODquODnOODs+mVt+mdtO+8nDE5Y23vvJ4=[rn]
30-32916,aHR0cDovL3RzaG9wLnIxMHMuanAvbWluaS1tYXJjaGUvY2FiaW5ldC8wMDk4NTQzNy8wMzM2MTc1MC9pbWdyYzAwNjg0MDUwOTguanBnP2ZpdGluPTcwMDo3MDA=,MTU4OS42MDAw,,44Kt44OD44K644O744OZ44OT44O844O744Oe44K/44OL44OG44KjID4g44Kt44OD44K6ID4g6Z20ID4g6ZW36Z2044O744Os44Kk44Oz44K344Ol44O844K6,44Oe44K244O844Ks44O844OH44Oz6ZuR6LKo44CQ6Kiz44GC44KK44CR6YeO44GE44Gh44GU44Oq44Oc44Oz6ZW36Z2044O757SQ44K/44Kk44OX77ycMjFjbe+8nuOAkOOBiuW+lzIx44CR,5YWl5a2mL+WFpeWcki/pm6jjga7ml6XjgqLjgqTjg4bjg6Av44Os44Kk44Oz44Kz44O844OIL+ODneODs+ODgeODp+KYhg==,4oC75pKu5b2x44Gr5L2/55So44GX44G+44GX44Gf44CCPGJyPuOAkOOCteOCpOOCuuOAkTIxY208YnI+PGJyPgrjgJDntKDmnZDjgJE8YnI+CuWhqeWMluODk+ODi+ODvOODq+aoueiEguOAgOWGheeUn+WcsO+8muODneODquOCqOOCueODhuODqzxicj7jgqTjg7Pjg4rjg7zjgr3jg7zjg6vvvJpFVkE8dGFibGUgYm9yZGVyPSIwIiB3aWR0aD0iNjAwIiBpZD0idGFibGU3ODUiIGNlbGxwYWRkaW5nPSIwIiBjZWxsc3BhY2luZz0iNyI+PHRyPgo8dGQgYWxpZ249ImNlbnRlciIgY29sc3Bhbj0iNCI+Cjxmb250IHNpemU9IjIiIGNvbG9yPSIjRkZDQ0NDIj4KCQkJCe+8iu+8iu+8iu+8iu+8iu+8iu+8iu+8iu+8iu+8iuOAgOOAgOOAgOOAgO+8iu+8iu+8iu+8iu+8iu+8iu+8iu+8iu+8iu+8iuOAgOOAgOOAgOOAgO+8iu+8iu+8iu+8iu+8iu+8iu+8iu+8iu+8iu+8ijwvZm9udD48L3RkPgo8L3RyPgo8dHI+Cjx0ZCBhbGlnbj0iY2VudGVyIiBjb2xzcGFuPSI0Ij4KPGI+PGZvbnQgY29sb3I9IiNDQzAwMDAiPuODl+ODrOOCvOODs+ODiOmBuOOBs+OBr+OBk+OBoeOCieOBi+OCiTwvZm9udD48L2I+PC90ZD4KPC90cj4KPHRyPgo8dGQgYWxpZ249ImNlbnRlciI+Cgo8aW1nIHNyYz0iaHR0cHM6Ly9pbWFnZS5yYWt1dGVuLmNvLmpwL21pbmktbWFyY2hlL2NhYmluZXQvdG9wLzAzNzM2NTcyL2ltZ3JjMDA2NzQ2MTI0MC5qcGciIHdpZHRoPSIxOTAiIGJvcmRlcj0iMCI+PC90ZD4KPHRkIGFsaWduPSJjZW50ZXIiIGNvbHNwYW49IjIiPgoKPGltZyBzcmM9Imh0dHBzOi8vaW1hZ2UucmFrdXRlbi5jby5qcC9taW5pLW1hcmNoZS9jYWJpbmV0L3RvcC8wMzczNjU3Mi9pbWdyYzAwNjc0NjEyNDEuanBnIiB3aWR0aD0iMTkwIiBib3JkZXI9IjAiPjwvdGQ+Cjx0ZCBhbGlnbj0iY2VudGVyIj4KCjxpbWcgc3JjPSJodHRwczovL2ltYWdlLnJha3V0ZW4uY28uanAvbWluaS1tYXJjaGUvY2FiaW5ldC90b3AvMDM3MzY1NzIvaW1ncmMwMDY3NDYxMjQyLmpwZyIgd2lkdGg9IjE5MCIgYm9yZGVyPSIwIj48L3RkPgo8L3RyPgo8dHI+Cjx0ZCBhbGlnbj0iY2VudGVyIj4KCjxpbWcgc3JjPSJodHRwczovL2ltYWdlLnJha3V0ZW4uY28uanAvbWluaS1tYXJjaGUvY2FiaW5ldC90b3AvMDM3MzY1NzIvaW1ncmMwMDY3NDYxMjQzLmpwZyIgd2lkdGg9IjE5MCIgYm9yZGVyPSIwIj48L3RkPgo8dGQgYWxpZ249ImNlbnRlciIgY29sc3Bhbj0iMiI+Cgo8aW1nIHNyYz0iaHR0cHM6Ly9pbWFnZS5yYWt1dGVuLmNvLmpwL21pbmktbWFyY2hlL2NhYmluZXQvdG9wLzAzNzM2NTcyL2ltZ3JjMDA2NzQ2MTI0NC5qcGciIHdpZHRoPSIxOTAiIGJvcmRlcj0iMCI+PC90ZD4KPHRkIGFsaWduPSJjZW50ZXIiPgoKPGltZyBzcmM9Imh0dHBzOi8vaW1hZ2UucmFrdXRlbi5jby5qcC9taW5pLW1hcmNoZS9jYWJpbmV0L3RvcC8wMzczNjU3Mi9pbWdyYzAwNjc0NjEyNDUuanBnIiB3aWR0aD0iMTkwIiBib3JkZXI9IjAiPjwvdGQ+CjwvdHI+Cjx0cj4KPHRkIGFsaWduPSJjZW50ZXIiIGNvbHNwYW49IjQiPgoKPGltZyBzcmM9Imh0dHBzOi8vY2FiaW5ldC5ybXMucmFrdXRlbi5jby5qcC9zaG9wcy9taW5pLW1hcmNoZS9jYWJpbmV0L3RvcC8wMjk4MDM5MC9pbWdyYzAwNzM5Njk1NTIuanBnIiBib3JkZXI9IjAiPjwvdGQ+CjwvdHI+Cjx0cj4KPHRkIGFsaWduPSJjZW50ZXIiIGNvbHNwYW49IjQiPgoKPGltZyBzcmM9Imh0dHBzOi8vY2FiaW5ldC5ybXMucmFrdXRlbi5jby5qcC9zaG9wcy9taW5pLW1hcmNoZS9jYWJpbmV0L3RvcC8wMjk4MDM5MC9pbWdyYzAwNzM5NTYzNDMuanBnIiB3aWR0aD0iNjAwIiBib3JkZXI9IjAiPjwvdGQ+CjwvdHI+Cjx0cj4KPHRkIGFsaWduPSJjZW50ZXIiIGNvbHNwYW49IjQiPgoKPGltZyBzcmM9Imh0dHBzOi8vY2FiaW5ldC5ybXMucmFrdXRlbi5jby5qcC9zaG9wcy9taW5pLW1hcmNoZS9jYWJpbmV0L3RvcC8wMjk4MDM5MC9pbWdyYzAwNzM4MjcwOTQuanBnIiB3aWR0aD0iNjAwIiBib3JkZXI9IjAiIGhlaWdodD0iNjAwIj48L3RkPgo8L3RyPgo8dHI+Cjx0ZCBhbGlnbj0iY2VudGVyIiBjb2xzcGFuPSI0Ij4KCjxpbWcgc3JjPSJodHRwczovL2NhYmluZXQucm1zLnJha3V0ZW4uY28uanAvc2hvcHMvbWluaS1tYXJjaGUvY2FiaW5ldC90b3AvMDI5ODAzOTAvaW1ncmMwMDczMzQzMTU3LmpwZyIgYm9yZGVyPSIwIj48L3RkPgo8L3RyPgo8dHI+Cjx0ZCBhbGlnbj0iY2VudGVyIiBjb2xzcGFuPSI0Ij4KCjxpbWcgc3JjPSJodHRwczovL2NhYmluZXQucm1zLnJha3V0ZW4uY28uanAvc2hvcHMvbWluaS1tYXJjaGUvY2FiaW5ldC90b3AvMDM3MzY1NzIvaW1ncmMwMDczMTQyMTQzLmpwZyIgYm9yZGVyPSIwIj48L3RkPgo8L3RyPgoJCQkJCQkJPHRyPgoJCQkJCQkJCTx0ZCBhbGlnbj0iY2VudGVyIiBjb2xzcGFuPSI0Ij4KCQkKCjxpbWcgc3JjPSJodHRwczovL2NhYmluZXQucm1zLnJha3V0ZW4uY28uanAvc2hvcHMvbWluaS1tYXJjaGUvY2FiaW5ldC90b3AvMDI5ODAzOTAvaW1ncmMwMDczNTc2NDU5LmpwZyIgYm9yZGVyPSIwIj48L3RkPgoJCQkJCQkJPC90cj4KCQkJCQkJCTx0cj4KCQkJCQkJCQk8dGQgYWxpZ249ImNlbnRlciIgY29sc3Bhbj0iNCI+CgkJCQkJCQkJCgkJCQkJCQkJPGltZyBzcmM9Imh0dHBzOi8vY2FiaW5ldC5ybXMucmFrdXRlbi5jby5qcC9zaG9wcy9taW5pLW1hcmNoZS9jYWJpbmV0L3RvcC9pbWdyYzAwNzM4Mjc1NTcuanBnIiBib3JkZXI9IjAiPjwvdGQ+CgkJCQkJCQk8L3RyPgoJCQkJCQkJPHRyPgoJCQkJCQkJCTx0ZCBhbGlnbj0iY2VudGVyIiBjb2xzcGFuPSI0Ij4KCQkJCQkJCQkKCQkJCQkJCQk8aW1nIHNyYz0iaHR0cHM6Ly9jYWJpbmV0LnJtcy5yYWt1dGVuLmNvLmpwL3Nob3BzL21pbmktbWFyY2hlL2NhYmluZXQvdG9wLzAzNzM2NTcyL2ltZ3JjMDA3MjMwODcxOS5qcGciIHdpZHRoPSI2MDAiIGJvcmRlcj0iMCIgaGVpZ2h0PSI1NTgiPjwvdGQ+CgkJCQkJCQk8L3RyPgoJCQkJCQkJPHRyPgoJCQkJCQkJCTx0ZCBhbGlnbj0iY2VudGVyIiBjb2xzcGFuPSI0Ij4KCQkJCQkJCQkKCQkJCQkJCQk8aW1nIHNyYz0iaHR0cHM6Ly9jYWJpbmV0LnJtcy5yYWt1dGVuLmNvLmpwL3Nob3BzL21pbmktbWFyY2hlL2NhYmluZXQvMDA4Mzc4MzQvMDM2Njg1NTQvaW1ncmMwMDcxODY5MzA5LmpwZyIgd2lkdGg9IjYwMCIgYm9yZGVyPSIwIiBoZWlnaHQ9IjQ5MyI+PC90ZD4KCQkJCQkJCTwvdHI+CgkJCQkJCQk8dHI+CgkJCQkJCQkJPHRkIGFsaWduPSJjZW50ZXIiIGNvbHNwYW49IjQiPgoJCQkJCQkJCQoJCQkJCQkJCTxpbWcgc3JjPSJodHRwczovL2NhYmluZXQucm1zLnJha3V0ZW4uY28uanAvc2hvcHMvbWluaS1tYXJjaGUvY2FiaW5ldC90b3AvaW1ncmMwMDczODI3NjAxLmpwZyIgYm9yZGVyPSIwIj48L3RkPgoJCQkJCQkJPC90cj4KCQkJCQkJCTx0cj4KCQkJCQkJCQk8dGQgYWxpZ249ImNlbnRlciIgY29sc3Bhbj0iMiI+CgkJCQkJCQkJPC90ZD4KCQkJCQkJCQk8dGQgYWxpZ249ImNlbnRlciIgY29sc3Bhbj0iMiI+CgkJCQkJCQkJPC90ZD4KCQkJCQkJCTwvdHI+CgkJCQkJCQk8dHI+CgkJCQkJCQkJPHRkIGFsaWduPSJjZW50ZXIiIGNvbHNwYW49IjQiPgoJCQkJCQkJCTxiPjxmb250IGNvbG9yPSIjRDgzQzYzIj7imarjgIDoi7rjga7jgaTjgY/jgYjjgafmpb3jgZfjgY/jgYrjgbnjgpPjgY3jgofjgYbvvZ7jgIDimao8L2ZvbnQ+PC9iPjwvdGQ+CgkJCQkJCQk8L3RyPgoJCQkJCQkJPHRyPgoJCQkJCQkJCTx0ZCBhbGlnbj0iY2VudGVyIiBjb2xzcGFuPSI0Ij4KCQkJCQkJCQkKCQkJCQkJCQk8aW1nIHNyYz0iaHR0cHM6Ly9jYWJpbmV0LnJtcy5yYWt1dGVuLmNvLmpwL3Nob3BzL21pbmktbWFyY2hlL2NhYmluZXQvdG9wL2ltZ3JjMDA3MzgyNzYwNC5qcGciIGJvcmRlcj0iMCI+PC90ZD4KCQkJCQkJCTwvdHI+CgkJCQkJCQk8dHI+CgkJCQkJCQkJPHRkIGFsaWduPSJjZW50ZXIiIGNvbHNwYW49IjQiPgoJCQkJCQkJCQoJCQkJCQkJCTxpbWcgc3JjPSJodHRwczovL2NhYmluZXQucm1zLnJha3V0ZW4uY28uanAvc2hvcHMvbWluaS1tYXJjaGUvY2FiaW5ldC90b3AvaW1ncmMwMDczODI3NjE5LmpwZyIgYm9yZGVyPSIwIj48L3RkPgoJCQkJCQkJPC90cj4KCQkJCQkJCTx0cj4KCQkJCQkJCQk8dGQgYWxpZ249ImNlbnRlciIgY29sc3Bhbj0iNCI+CgkJCgkJPGltZyBzcmM9Imh0dHBzOi8vY2FiaW5ldC5ybXMucmFrdXRlbi5jby5qcC9zaG9wcy9taW5pLW1hcmNoZS9jYWJpbmV0L3RvcC9pbWdyYzAwNzM4Mjc2MzQuanBnIiBib3JkZXI9IjAiPjwvdGQ+CgkJCQkJCQk8L3RyPgoJCQkJCQkJPHRyPgoJCQkJCQkJCTx0ZCBhbGlnbj0iY2VudGVyIiBjb2xzcGFuPSI0Ij4KCQkJCQkJCQkKCQkJCQkJCQk8aW1nIHNyYz0iaHR0cHM6Ly9jYWJpbmV0LnJtcy5yYWt1dGVuLmNvLmpwL3Nob3BzL21pbmktbWFyY2hlL2NhYmluZXQvdG9wL2ltZ3JjMDA3MzgyNzY3Mi5qcGciIGJvcmRlcj0iMCI+PC90ZD4KCQkJCQkJCTwvdHI+CgkJCQkJCQk8dHI+CgkJCQkJCQkJPHRkIGFsaWduPSJjZW50ZXIiIGNvbHNwYW49IjIiPgoJCQkJCQkJCQkJCgkJCQkJCQkJCQk8aW1nIHNyYz0iaHR0cHM6Ly9jYWJpbmV0LnJtcy5yYWt1dGVuLmNvLmpwL3Nob3BzL21pbmktbWFyY2hlL2NhYmluZXQvdG9wL2ltZ3JjMDA3MzgyNzc0MS5qcGciIHdpZHRoPSIyOTAiIGJvcmRlcj0iMCI+PC90ZD4KCQkJCQkJCQk8dGQgYWxpZ249ImNlbnRlciIgY29sc3Bhbj0iMiI+CgkJCQkJCQkJCQkKCQkJCQkJCQkJCTxpbWcgc3JjPSJodHRwczovL2NhYmluZXQucm1zLnJha3V0ZW4uY28uanAvc2hvcHMvbWluaS1tYXJjaGUvY2FiaW5ldC90b3AvaW1ncmMwMDczODI3NzQyLmpwZyIgd2lkdGg9IjI5MCIgYm9yZGVyPSIwIj48L3RkPgoJCQkJCQkJPC90cj4KCQkJCQkJCTx0cj4KCQkJCQkJCQk8dGQgYWxpZ249ImNlbnRlciIgY29sc3Bhbj0iMiI+CgkJCQkJCQkJCQkKCQkJCQkJCQkJCTxpbWcgc3JjPSJodHRwczovL2NhYmluZXQucm1zLnJha3V0ZW4uY28uanAvc2hvcHMvbWluaS1tYXJjaGUvY2FiaW5ldC90b3AvMDI5ODAzOTAvaW1ncmMwMDY1NTkxNDI0LmpwZyIgd2lkdGg9IjI5MCIgYm9yZGVyPSIwIj48L3RkPgoJCQkJCQkJCTx0ZCBhbGlnbj0iY2VudGVyIiBjb2xzcGFuPSIyIj4KCQkJCQkJCQkJCQoJCQkJCQkJCQkJPGltZyBzcmM9Imh0dHBzOi8vY2FiaW5ldC5ybXMucmFrdXRlbi5jby5qcC9zaG9wcy9taW5pLW1hcmNoZS9jYWJpbmV0L3RvcC8wMjk4MDM5MC9pbWdyYzAwNjU1OTE0MjUuanBnIiB3aWR0aD0iMjkwIiBib3JkZXI9IjAiPjwvdGQ+CgkJCQkJCQk8L3RyPgoJCQkJCQkJPHRyPgoJCQkJCQkJCTx0ZCBhbGlnbj0iY2VudGVyIiBjb2xzcGFuPSI0Ij4KCQkJCQkJCQkKCQkJCQkJCQk8aW1nIHNyYz0iaHR0cHM6Ly9jYWJpbmV0LnJtcy5yYWt1dGVuLmNvLmpwL3Nob3BzL21pbmktbWFyY2hlL2NhYmluZXQvdG9wL2ltZ3JjMDA3MzgyNzc2Ni5qcGciIGJvcmRlcj0iMCI+PC90ZD4KCQkJCQkJCTwvdHI+CgkJCQkJCQk8dHI+CgkJCQkJCQkJPHRkIGFsaWduPSJjZW50ZXIiIGNvbHNwYW49IjQiPgoKCQkJCQkJCQkKCQkJCQkJCQk8aW1nIHNyYz0iaHR0cHM6Ly9jYWJpbmV0LnJtcy5yYWt1dGVuLmNvLmpwL3Nob3BzL21pbmktbWFyY2hlL2NhYmluZXQvdG9wLzAzNzM2NTcyL2ltZ3JjMDA3MTcwMTAzNi5qcGciIGJvcmRlcj0iMCI+PC90ZD4KCQkJCQkJCTwvdHI+CgkJCQkJCQk8dHI+CgkJCQkJCQkJPHRkIGFsaWduPSJjZW50ZXIiIGNvbHNwYW49IjQiPgoKCQkJCQkJCQkKCQkJCQkJCQk8aW1nIHNyYz0iaHR0cHM6Ly9jYWJpbmV0LnJtcy5yYWt1dGVuLmNvLmpwL3Nob3BzL21pbmktbWFyY2hlL2NhYmluZXQvdG9wLzAzNzM2NTcyL2ltZ3JjMDA3MTcwMzMzNC5qcGciIHdpZHRoPSI2MDAiIGJvcmRlcj0iMCIgaGVpZ2h0PSIzMDAiPjwvdGQ+CgkJCQkJCQk8L3RyPgoJCQkJCQkJPC90YWJsZT4=,44Oe44K244O844Ks44O844OH44Oz6ZuR6LKo44CQ6Kiz44GC44KK44CR6YeO44GE44Gh44GU44Oq44Oc44Oz6ZW36Z2044O757SQ44K/44Kk44OX77ycMjFjbe+8nuOAkOOBiuW+lzIx44CR77ya44Of44OL44Of44OL44CA44Oe44Or44K344Kn,44Oe44K244O844Ks44O844OH44Oz44Ki44Km44OI44Os44OD44OI44Oa44OD44OI44OR44Op44OA44Kk44K56YeO6Iu644Oe44K244O844Kw44O844K544Gu5qOu44Os44OI44Oq44OQ44O844G+44G+44GU44Go54qs44OH44Kj44K644OL44O844Of44OD44Kt44O844Oa44OD44OI55So5ZOB44Of44OL44O844Oa44OD44OI5pyN44OX44O844GV44KT44Gu44GE44Gh44GU44OA44OD44Kv44K544GX44KN44Gf44KT44K544Kk44O844OI44Kr44OV44Kn5pyo6KO944GK44KC44Gh44KD44K544OM44O844OU44O844Oe44K244O844Ks44O844OH44Oz6ZuR6LKo44CQ6Kiz44GC44KK44CR6YeO44GE44Gh44GU44Oq44Oc44Oz6ZW36Z2044O757SQ44K/44Kk44OX77ycMjFjbe+8nuOAkOOBiuW+lzIx44CR,5YWl5a2mL+WFpeWcki/pm6jjga7ml6XjgqLjgqTjg4bjg6Av44Os44Kk44Oz44Kz44O844OIL+ODneODs+ODgeODp+KYhuOAguODnuOCtuODvOOCrOODvOODh+ODs+mbkeiyqOOAkOios+OBguOCiuOAkemHjuOBhOOBoeOBlOODquODnOODs+mVt+mdtOODu+e0kOOCv+OCpOODl++8nDIxY23vvJ7jgJDjgYrlvpcyMeOAkQ==[rn]
30-32917,aHR0cDovL3RzaG9wLnIxMHMuanAvb2thbW90b3lhL2NhYmluZXQva2FtZW5yaWRlci90dnc2MjQwLTQ1MDAtMDguanBnP2ZpdGluPTcwMDo3MDA=,MzQ4Ni40MDAw,,44Kt44OD44K644O744OZ44OT44O844O744Oe44K/44OL44OG44KjID4g44Kt44OD44K6ID4g6Z20ID4g6ZW36Z2044O744Os44Kk44Oz44K344Ol44O844K6,44CQ5Luu6Z2i44Op44Kk44OA44O844OJ44Op44Kk44OW44CR556s6Laz44Gn44GK44Gq44GY44G/44Gu44Ki44Kt44Os44K56KO94piG44CAQy02NDLjgIBDNjQy44CAVFZXNjQyMOOAgOm7kuOAgOODluODqeODg+OCr+ODu+OAgOmdkuOAgOODluODq+ODvOOAkOOBguOBmealveWvvuW/nOOAkeOAkOOAkWZzMDRnbSBhcGFwOOOAkOWtkOS+m+mdtOOAkeOCpuOCo+ODs+OCv+ODvOODluODvOODhOOAgOOCueODjuODvOODluODvOODhOOAgOmVt+mdtA==,TEVE44GM5YWJ44KL5pyA5paw44K544OO44O844OW44O844OE77yB44CQ44GC44GZ5qW95a++5b+c44CR4piG,PGNlbnRlcj4KPEZPTlQgY29sb3I9I2NjMDAwMCAKc2l6ZT0yPuKYheKYheKYheKYheKYheKYheKYheKYheKYheKYheKYheKYheKYheKYheKYheKYheKYheKYheKYheKYheKYheKYheKYheKYheKYheKYheKYheKYheKYheKYheKYheKYheKYheKYheKYheKYheKYheKYheKYheKYheKYheKYheKYheKYheKYheKYheKYheKYhTxCUj4KPC9GT05UPjxCUj4KCgoKPGZvbnQgc2l6ZT01IGNvbG9yPSNjYzAwMDA+5aSn5Lq65rCX44Gu5Luu6Z2i44Op44Kk44OA44O844OJ44Op44Kk44OW4pmq44CA5YWJ44KLTEVE44Op44Oz44OX5pCt6LyJ44Oi44OH44Or77yBPC9mb250PjxCUj4KPEJSPgoKPGltZyBzcmM9Imh0dHA6Ly9pbWFnZS5yYWt1dGVuLmNvLmpwL29rYW1vdG95YS9jYWJpbmV0L2thbWVucmlkZXIvdHZ3NjI0MC00NTAwLTA4LmpwZyI+PEJSPjxCUj4KCjwhLS0g44GC44GZ5qW977yG6L+U5ZOB54Sh5paZ44Gu6Kqs5piO5paHIC0tPgo8VEFCTEUgYm9yZGVyPSIwIiB3aWR0aD0iNzAwIj4KPHRyPjx0ZD4KICAgICAgPENFTlRFUj4KCjxmb250IHNpemU9IjIiPgo8Yj4K4oC75pys5ZWG5ZOB44Gv5pyA55+t44Gn57+M5pel44Gr6YWN6YCB44GV44KM44KL44CQ44GC44GZ5qW944CR44Gr5a++5b+c44GX44Gm44GK44KK44G+44GZ44CCPEJSPgrjgJDjgYLjgZnmpb3jgJHjgpLjgZTluIzmnJvjga7jgYrlrqLmp5jjga/jgIHku6XkuIvjga7ms6jmhI/ngrnjgpLjgojjgY/jgYroqq3jgb/jgY/jgaDjgZXjgYTjgIIgPEJSPgo8QlI+CjwvYj48L2ZvbnQ+CjxJRlJBTUUgc3JjPSJodHRwOi8vd3d3LnJha3V0ZW4ubmUuanAvZ29sZC9va2Ftb3RveWEvYXN1cmFrdS5odG0iIG5hbWU9InByIiB3aWR0aD0iNzIwIiBoZWlnaHQ9IjE1MCIgZnJhbWVib3JkZXI9IjEiPjwvaWZyYW1lPjxCUj4KICAgICAgPEJSPgo8QlI+Cgo8dGFibGUgYm9yZGVyPSIwIj4KPHRyPgo8dGQ+CjxpbWcgc3JjPWh0dHA6Ly9pbWFnZS5yYWt1dGVuLmNvLmpwL29rYW1vdG95YS9jYWJpbmV0L2thbWVucmlkZXIvdHZ3NjI0MC00NTAwLTA2LmpwZyB3aWR0aD0zNTA+PC90ZD4KPHRkPgo8aW1nIHNyYz1odHRwOi8vaW1hZ2UucmFrdXRlbi5jby5qcC9va2Ftb3RveWEvY2FiaW5ldC9rYW1lbnJpZGVyL3R2dzYyNDAtNDUwMC0wMy5qcGcgd2lkdGg9MzUwPjwvdGQ+CjwvdHI+Cjx0cj4KPHRkPgo8aW1nIHNyYz1odHRwOi8vaW1hZ2UucmFrdXRlbi5jby5qcC9va2Ftb3RveWEvY2FiaW5ldC9rYW1lbnJpZGVyL3R2dzYyNDAtNDUwMC0wNS5qcGcgd2lkdGg9MzUwPjwvdGQ+Cjx0ZD4KPGltZyBzcmM9aHR0cDovL2ltYWdlLnJha3V0ZW4uY28uanAvb2thbW90b3lhL2NhYmluZXQva2FtZW5yaWRlci90dnc2MjQwLTQ1MDAtMDIuanBnIHdpZHRoPTM1MD48L3RkPgo8L3RyPgo8dHI+Cjx0ZD4KPGltZyBzcmM9aHR0cDovL2ltYWdlLnJha3V0ZW4uY28uanAvb2thbW90b3lhL2NhYmluZXQva2FtZW5yaWRlci90dnc2MjQwLTQ1MDAtMDQuanBnIHdpZHRoPTM1MD48L3RkPgo8dGQ+CjxpbWcgc3JjPWh0dHA6Ly9pbWFnZS5yYWt1dGVuLmNvLmpwL29rYW1vdG95YS9jYWJpbmV0L2thbWVucmlkZXIvdHZ3NjI0MC00NTAwLTAxLmpwZyB3aWR0aD0zNTA+PC90ZD4KPC90cj4KCgoKPC90YWJsZT4KCjxCUj48QlI+Cgo8VEFCTEUgYm9yZGVyPSIwIj48VFI+PFREPgo8dGFibGUgd2lkdGg9MzUwIGJvcmRlcj0wPgo8dHI+PHRkPjxCUj7jgIA8VT48Qj4K4peP57Sg5p2Q44Gr44Gk44GE44GmCjwvQj48L1U+PC90ZD48L3RyPgo8dHI+PHRkIGNvbHNwYW49Mj48VEFCTEUgd2lkdGg9MzUwIGJvcmRlcj0wPjxUUj48VEQgd2lkdGg9MTA+PC9URD4KPFREIHdpZHRoPTkwPgrjgqLjg4Pjg5Hjg7w8L1REPjxURCB3aWR0aD0yNTA+77ya44CA44Od44Oq44Ko44K544OG44Or77yP5ZCI5oiQ55qu6Z2pPC90ZD48L3RyPgo8VFI+PFREPjwvVEQ+PFREPgrjgr3jg7zjg6s8L1REPjxURD7vvJrjgIBFVkHvvIvjg6njg5Djg7w8L3RkPjwvdHI+PC9UQUJMRT48L3RkPjwvdHI+Cjx0cj48dGQ+PEJSPuOAgDxVPjxCPgril4/jgrXjgqTjgrrjgavjgaTjgYTjgaYKPC9CPjwvVT48L3RkPjwvdHI+Cjx0cj48dGQgY29sc3Bhbj0yPjxUQUJMRSB3aWR0aD0zNTAgYm9yZGVyPTA+PFRSPjxURCB3aWR0aD0xMD48L1REPgo8VEQgd2lkdGg9OTA+CuOCpuOCo+OCuu+8iOW5he+8iTwvVEQ+PFREIHdpZHRoPTI1MD7vvJrjgIDvvJLvvKU8L3RkPjwvdHI+CjxUUj48VEQ+PC9URD4KPFREPgrjg5Ljg7zjg6vpq5g8L1REPjxURD7vvJrjgIDvvJLvvYPvvY08L3RkPjwvdHI+PC9UQUJMRT48L3RkPjwvdHI+Cjx0cj48dGQ+PEJSPuOAgDxVPjxCPgril4/ms6jmhI/kuovpoIUKPC9CPjwvVT48L3RkPjwvdHI+Cjx0cj48dGQgY29sc3Bhbj0yPjxUQUJMRSB3aWR0aD0zNTAgYm9yZGVyPTA+PFRSPjxURCB3aWR0aD0xMD48L1REPgo8VEQgd2lkdGg9MzQwPgrnlLvpnaLkuIrjgajlrp/nianjgafjga/lpJrlsJHoibLlhbflkIjjgYznlbDjgarjgaPjgaY8QlI+Cuimi+OBiOOCi+WgtOWQiOOCguOBlOOBluOBhOOBvuOBmeOAgjxCUj4K5LqI44KB44GU5LqG5om/44GP44Gg44GV44GE44G+44GZ44KI44GG44GK6aGY44GE55Sz44GX5LiK44GS44G+44GZ44CCCjwvVEQ+PC9UUj48L1RBQkxFPjwvdGQ+PC90cj4KPC90YWJsZT4KPC9URD48VEQgdmFsaWduPSJ0b3AiPgo8dGFibGUgd2lkdGg9MzUwIGJvcmRlcj0wPgo8dHI+PHRkPjxCUj7jgIA8VT48Qj4K4peP5pys6KO95ZOB44Gu54m55b60CjwvQj48L1U+PC90ZD48L3RyPgo8dHI+PHRkIGNvbHNwYW49Mj48VEFCTEUgd2lkdGg9MzUwIGJvcmRlcj0wPjxUUj48VEQgd2lkdGg9MTA+PC9URD4KPFREIHdpZHRoPTkwPgrnlJ/nlKPlm708L1REPjxURCB3aWR0aD0yNTA+77ya44CA5Lit5Zu9PC90ZD48L3RyPjwvVEFCTEU+PC90ZD48L3RyPgo8dHI+PHRkIGNvbHNwYW49Mj48VEFCTEUgd2lkdGg9MzUwIGJvcmRlcj0wPjxUUj48VEQgd2lkdGg9MTA+PC9URD4KPFREIHdpZHRoPTkwPgrph43jgZXvvIjniYfotrPvvIk8L1REPjxURCB3aWR0aD0yNTA+77ya44CA77yR77yZ77yQ772H44CA77yIMTcuMGNt5ris5a6a77yJPC90ZD48L3RyPjwvVEFCTEU+PC90ZD48L3RyPgoKCgo8dHI+PHRkIGNvbHNwYW49Mj48VEFCTEUgd2lkdGg9MzUwIGJvcmRlcj0wPjxUUj48VEQgd2lkdGg9MTA+PC9URD4KPFREIHdpZHRoPTM0MD4KPGZvbnQgY29sb3I9I2NjMDAwMD7jg7vohLHjgY7lsaXjgY3jg6njgq/jg6njgq88QlI+CiAgICAgICAgICAgICAgICAgICAgICAgIOODu+OCq+ODg+ODl+OCpOODs+OCveODvOODqzxCUj4KICAgICAgICAgICAgICAgIOODu+WFieOCi0xFROODqeODs+ODl+aQrei8ie+8gTxicj4KICAgICAgICAgICAgICAgIOODu+aSpeawtOWKoOW3pTxCUj4KPC9mb250Pgo8Zm9udCBzaXplPSIyIiBjb2xvcj0icmVkIj4KPEJSPgogICAgICAgICAgICAgICAgICAgICAgICDigLs8VT48Qj7vvIjjgYrlj5bjgorlr4TjgZvvvIk8L0I+44GU5rOo5paH44Gu5aC05ZCI44CBPC9VPjxCUj4KICAgICAgICAgICAgICAgICAgICAgICAgPFU+55m66YCB44G+44Gn44Gr6YCa5bi4PEI+77yR6YCx6ZaTPC9CPueoi+OBruOBiuaZgumWk+OCkumgguaItOOBl+OBpuOBiuOCiuOBvuOBmeOAgjwvVT48QlI+PEJSPgogICAgICAgICAgICAgICAgICAgICAgICDjgZ/jgaDjgZfjg6Hjg7zjgqvjg7zkvJHmpa3ml6XvvIjlnJ/ml6XnpZ3vvInjgavjgZTms6jmlofjga7loLTlkIjjga88QlI+CiAgICAgICAgICAgICAgICAgICAgICAgIOe/jOODoeODvOOCq+ODvOWWtualreaXpeOBi+OCieOBruWvvuW/nOOBqOOBquOCiuOBvuOBmeOAguS6iOOCgeOBlOS6huaJv+S4i+OBleOBhOOAgjxCUj4KICAgICAgICAgICAgICAgICAgICAgICAg44Oh44O844Kr44O85Zyo5bqr5YiH44KM562J44Gu55CG55Sx44Gr44KI44KK44CB57SN5pyf44GM5aSn5bmF44GrPEJSPgogICAgICAgICAgICAgICAgICAgICAgICDpgYXjgozjgabjgZfjgb7jgYbloLTlkIjjgavjga/jgIHpgJ/jgoTjgYvjgavjgZTpgKPntaHjgpLjgYTjgZ/jgZfjgb7jgZnjgII8QlI+PEJSPjwvZm9udD48L1REPjwvVFI+PC9UQUJMRT48L3RkPjwvdHI+CjwvdGFibGU+PC9URD48L1RSPjwvVEFCTEU+CjxCUj4KCgoKCjwvQ0VOVEVSPjwvdGQ+PC90cj48L1RBQkxFPjwvY2VudGVyPgoKCjxCUj48QlI+PGNlbnRlcj4KPGEgaHJlZj1odHRwOi8vaXRlbS5yYWt1dGVuLmNvLmpwL29rYW1vdG95YS9jLzAwMDAwMDAxMzcvPjxmb250IHNpemU9Mj7jgIDihpPjgIDvvJXvvJDvvJDvvJDlhobku6XkuIrjgarjgonpgIHmlpnnhKHmlpnimarjgIDjgYTjgYTjgoLjga7jgYLjgovjgYvjgoLvvIHvvJ/jgIDihpM8L2ZvbnQ+PEJSPgo8aW1nIHNyYz0iaHR0cDovL2ltYWdlLnJha3V0ZW4uY28uanAvb2thbW90b3lhL2NhYmluZXQvbmV3dG9wLTA5MDgxMi9pbWc1OTA5NDkxMy5qcGciIGJvcmRlcj0wPjwvYT48L2NlbnRlcj48QlI+Cjx0YWJsZSBib3JkZXI9MD48dHI+PFREIGFsaWduPSJjZW50ZXIiPgoKPGltZyBzcmM9Imh0dHA6Ly9pbWFnZS5yYWt1dGVuLmNvLmpwL29rYW1vdG95YS9jYWJpbmV0L3NvcmJvLWRzaXMvc29mdG91Y2gtNDIwLTAxLmpwZyIgd2lkdGg9MjAwIGJvcmRlcj0wPjxCUj4KPGZvbnQgc2l6ZT0yPjxCUj7jgaHjgofjgaPjgajjgrXjgqTjgrrjgYzlpKfjgY3jgYTjgYvjgoLvvJ88QlI+44K144Kk44K66Kq/5pW055So44Kk44Oz44K944O844Or44Gq44KJ44GT44KM77yBPC9mb250Pgo8L1REPjxURCBhbGlnbj0iY2VudGVyIj4KPC9URD48L3RyPjwvdGFibGU+PCEtLSDihpPjgZPjgZPjgYvjgonjgrPjg7Pjg5HjgrnjgIzlhbHpgJroqqzmmI7mloco5aSnKeOAjeioree9rueUqEhUTUzjgr/jgrDjgafjgZnihpMo4oC744GT44Gu5paH56ug44KC5LiA57eS44Gr44GK6LK844KK5LuY44GR44GP44Gg44GV44GE44CCKQoK44CA4oC75b2TSFRNTOOCv+OCsOOCkuiyvOS7mOOBkeaZguOAgeaXouOBq+WFpeWKm+OBleOCjOOBpuOBhOOCi0hUTUzjgYzjgYLjgovloLTlkIjjgIEK44CA44CA44Gd44Gh44KJ44KS5YmK6Zmk44GZ44KL44Go5b6M44GL44KJ5YWD44Gr5oi744GZ5LqL44GM44Gn44GN44G+44Gb44KT44CCCuOAgOOAgOWJiumZpOOBleOCjOOCi+WgtOWQiOOBr+OAgeW/heOBmuOBiuaJi+WFg+OBq+ODkOODg+OCr+OCouODg+ODl+OCkuOBiumhmOOBhOOBl+OBvuOBmeOAguOAgOOAgOOAgOOAgOOAgC0tPgo8bGluayBocmVmPSJodHRwOi8vd3d3LnJha3V0ZW4ubmUuanAvZ29sZC9va2Ftb3RveWEvY29tcGFzcy9zaG9wL2Nzcy9zdHlsZV9ybXMuY3NzIiB0eXBlPSJ0ZXh0L2NzcyIgbWVkaWE9ImFsbCIgcmVsPSJzdHlsZXNoZWV0Ij4KCjx0YWJsZSB3aWR0aD0iNzI4IiBjZWxscGFkZGluZz0iMCIgY2VsbHNwYWNpbmc9IjAiIGJvcmRlcj0iMCIgc3R5bGU9Im1hcmdpbjowIGF1dG87IHBhZGRpbmc6MDsiPgo8dHI+Cjx0ZD4KCjwvdGQ+CjwvdHI+CjwvdGFibGU+CjwhLS0g4oaR44GT44GT44G+44Gn44GMY29tcGFzcyBmb3Ig5qW95aSp5biC5aC0IOOCt+ODp+ODg+ODl+ODmuODvOOCuOioree9rueUqEhUTUzjgr/jgrDjgafjgZnihpHjgIAtLT4=,44CQ5Luu6Z2i44Op44Kk44OA44O844OJ44Op44Kk44OW44CR556s6Laz44Gn44GK44Gq44GY44G/44Gu44Ki44Kt44Os44K56KO94piG44CAQy02NDLjgIBDNjQy44CAVFZXNjQyMOOAgOm7kuOAgOODluODqeODg+OCr+ODu+OAgOmdkuOAgOODluODq+ODvOOAkOOBguOBmealveWvvuW/nOOAkeOAkOOAkWZzMDRnbSBhcGFwOOOAkOWtkOS+m+mdtOOAkeOCpuOCo+ODs+OCv+ODvOODluODvOODhOOAgOOCueODjuODvOODluODvOODhOOAgOmVt+mdtO+8mumdtOmAmuiyqeOBruWyoeacrOWxi+WxpeeJqeW6lw==,44Km44Kp44O844Kt44Oz44Kw44K344Ol44O844K644OT44K444ON44K544K344Ol44O844K644OV44Kp44O844Oe44Or44K344Ol44O844K66Z206YCa6LKp5bKh5pys5bGL5bGl54mp5bqX44Kv44Op44O844Kv44K5UkVHQUzjg6rjg7zjgqzjg6tBY2hpbGxlc1NPUkJP44Ki44Kt44Os44K544K944Or44OcZWNjb+ODn+OCuuODjuOBiuWkmuemj+OCt+ODpeODvOOCuuOCteODs+ODgOODq+ODkeODs+ODl+OCueODn+ODpeODvOODq+eerOi2s+OCs+ODs+ODleOCqeODvOODiOOCt+ODpeODvOOCuumAgeaWmeeEoeaWmeODrOOCpOODs+ODluODvOODhOOAkOS7rumdouODqeOCpOODgOODvOODieODqeOCpOODluOAkeeerOi2s+OBp+OBiuOBquOBmOOBv+OBruOCouOCreODrOOCueijveKYhuOAgEMtNjQy44CAQzY0MuOAgFRWVzY0MjDjgIDpu5LjgIDjg5bjg6njg4Pjgq/jg7vjgIDpnZLjgIDjg5bjg6vjg7zjgJDjgYLjgZnmpb3lr77lv5zjgJHjgJDjgJFmczA0Z20gYXBhcDjjgJDlrZDkvpvpnbTjgJHjgqbjgqPjg7Pjgr/jg7zjg5bjg7zjg4TjgIDjgrnjg47jg7zjg5bjg7zjg4TjgIDplbfpnbQ=,TEVE44GM5YWJ44KL5pyA5paw44K544OO44O844OW44O844OE77yB44CQ44GC44GZ5qW95a++5b+c44CR4piG44CC44CQ5Luu6Z2i44Op44Kk44OA44O844OJ44Op44Kk44OW44CR556s6Laz44Gn44GK44Gq44GY44G/44Gu44Ki44Kt44Os44K56KO94piG44CAQy02NDLjgIBDNjQy44CAVFZXNjQyMOOAgOm7kuOAgOODluODqeODg+OCr+ODu+OAgOmdkuOAgOODluODq+ODvOOAkOOBguOBmealveWvvuW/nOOAkeOAkOOAkWZzMDRnbSBhcGFwOOOAkOWtkOS+m+mdtOOAkeOCpuOCo+ODs+OCv+ODvOODluODvOODhOOAgOOCueODjuODvOODluODvOODhOOAgOmVt+mdtA==[rn]
30-32918,aHR0cDovL3RzaG9wLnIxMHMuanAvb2thbW90b3lhL2NhYmluZXQva2FtZW5yaWRlci9pbnM2MzEwLTAwLmpwZz9maXRpbj03MDA6NzAw,MjA3My42MDAw,,44Kt44OD44K644O744OZ44OT44O844O744Oe44K/44OL44OG44KjID4g44Kt44OD44K6ID4g6Z20ID4g6ZW36Z2044O744Os44Kk44Oz44K344Ol44O844K6,44CQ5Luu6Z2i44Op44Kk44OA44O844Ks44Kk44Og77yP5Luu6Z2i44Op44Kk44OA44O86Y6n5q2m44CR556s6Laz44Gn44GK44Gq44GY44G/44Gu44Ki44Kt44Os44K56KO94piG44CAQy02MzHjgIBDNjMx44CASU5TNjMxMOOAgOODluODq+ODvO+8j+OCrOOCpOODoOOAgOODrOODg+ODie+8j+ODkOODreODs+OAkOOBguOBmealveWvvuW/nOOAkeOAkOOAkWZzMDRnbSBhcGFwOOOAkOWtkOS+m+mdtOOAkeeerOi2s+OCs+ODqeODnOODouODh+ODqw==,44GK5a2Q5qeY5aSn6IiI5aWu4pmq44CQ44GC44GZ5qW95a++5b+c44CR4piG,PGNlbnRlcj4KPEZPTlQgY29sb3I9I2NjMDAwMCAKc2l6ZT0yPuKYheKYheKYheKYheKYheKYheKYheKYheKYheKYheKYheKYheKYheKYheKYheKYheKYheKYheKYheKYheKYheKYheKYheKYheKYheKYheKYheKYheKYheKYheKYheKYheKYheKYheKYheKYheKYheKYheKYheKYheKYheKYheKYheKYheKYheKYheKYheKYhTxCUj4KPC9GT05UPjxCUj4KCgoKPGZvbnQgc2l6ZT02IGNvbG9yPSNjYzAwMDA+5aSn5Lq65rCX44Gu5Luu6Z2i44Op44Kk44OA44O844Ks44Kk44Og4pmq44CA5Li45rSX44GET0vjg6Ljg4fjg6vvvIE8L2ZvbnQ+PEJSPgo8QlI+Cgo8aW1nIHNyYz0iaHR0cDovL2ltYWdlLnJha3V0ZW4uY28uanAvb2thbW90b3lhL2NhYmluZXQva2FtZW5yaWRlci9pbnM2MzEwLTAwLmpwZyI+PEJSPjxCUj4KCgo8IS0tIOOBguOBmealve+8hui/lOWTgeeEoeaWmeOBruiqrOaYjuaWhyAtLT4KPFRBQkxFIGJvcmRlcj0iMCIgd2lkdGg9IjcwMCI+Cjx0cj48dGQ+CiAgICAgIDxDRU5URVI+Cgo8Zm9udCBzaXplPSIyIj4KPGI+CuKAu+acrOWVhuWTgeOBr+acgOefreOBp+e/jOaXpeOBq+mFjemAgeOBleOCjOOCi+OAkOOBguOBmealveOAkeOBq+WvvuW/nOOBl+OBpuOBiuOCiuOBvuOBmeOAgjxCUj4K44CQ44GC44GZ5qW944CR44KS44GU5biM5pyb44Gu44GK5a6i5qeY44Gv44CB5Lul5LiL44Gu5rOo5oSP54K544KS44KI44GP44GK6Kqt44G/44GP44Gg44GV44GE44CCIDxCUj4KPEJSPgo8L2I+PC9mb250Pgo8SUZSQU1FIHNyYz0iaHR0cDovL3d3dy5yYWt1dGVuLm5lLmpwL2dvbGQvb2thbW90b3lhL2FzdXJha3UuaHRtIiBuYW1lPSJwciIgd2lkdGg9IjcyMCIgaGVpZ2h0PSIxNTAiIGZyYW1lYm9yZGVyPSIxIj48L2lmcmFtZT48QlI+CiAgICAgIDxCUj4KICAgICAgPEJSPgo8QlI+Cgo8dGFibGUgYm9yZGVyPSIwIj4KPHRyPgo8dGQ+CjxpbWcgc3JjPWh0dHA6Ly9pbWFnZS5yYWt1dGVuLmNvLmpwL29rYW1vdG95YS9jYWJpbmV0L2thbWVucmlkZXIvaW5zNjMxMC0zMDAwLTA4LmpwZyB3aWR0aD0zNTA+PC90ZD4KPHRkPgo8aW1nIHNyYz1odHRwOi8vaW1hZ2UucmFrdXRlbi5jby5qcC9va2Ftb3RveWEvY2FiaW5ldC9rYW1lbnJpZGVyL2luczYzMTAtMzAwMC0wNi5qcGcgd2lkdGg9MzUwPjwvdGQ+CjwvdHI+Cjx0cj4KPHRkPgo8aW1nIHNyYz1odHRwOi8vaW1hZ2UucmFrdXRlbi5jby5qcC9va2Ftb3RveWEvY2FiaW5ldC9rYW1lbnJpZGVyL2luczYzMTAtMzAwMC0wMi5qcGcgd2lkdGg9MzUwPjwvdGQ+Cjx0ZD4KPGltZyBzcmM9aHR0cDovL2ltYWdlLnJha3V0ZW4uY28uanAvb2thbW90b3lhL2NhYmluZXQva2FtZW5yaWRlci9pbnM2MzEwLTMwMDAtMDUuanBnIHdpZHRoPTM1MD48L3RkPgo8L3RyPgo8dHI+Cjx0ZD4KPGltZyBzcmM9aHR0cDovL2ltYWdlLnJha3V0ZW4uY28uanAvb2thbW90b3lhL2NhYmluZXQva2FtZW5yaWRlci9pbnM2MzEwLTMwMDAtMDEuanBnIHdpZHRoPTM1MD48L3RkPgo8dGQ+CjxpbWcgc3JjPWh0dHA6Ly9pbWFnZS5yYWt1dGVuLmNvLmpwL29rYW1vdG95YS9jYWJpbmV0L2thbWVucmlkZXIvaW5zNjMxMC0zMDAwLTA0LmpwZyB3aWR0aD0zNTA+PC90ZD4KPC90cj4KPHRyPgo8dGQ+CjxpbWcgc3JjPWh0dHA6Ly9pbWFnZS5yYWt1dGVuLmNvLmpwL29rYW1vdG95YS9jYWJpbmV0L2thbWVucmlkZXIvaW5zNjMxMC0zMDAwLTAzLmpwZyB3aWR0aD0zNTA+PC90ZD4KPHRkPgo8aW1nIHNyYz1odHRwOi8vaW1hZ2UucmFrdXRlbi5jby5qcC9va2Ftb3RveWEvY2FiaW5ldC9rYW1lbnJpZGVyL2luczYzMTAtMzAwMC0xMC5qcGcgd2lkdGg9MzUwPjwvdGQ+CjwvdHI+CgoKCjwvdGFibGU+Cgo8QlI+PEJSPgoKPFRBQkxFIGJvcmRlcj0iMCI+PFRSPjxURD4KPHRhYmxlIHdpZHRoPTM1MCBib3JkZXI9MD4KPHRyPjx0ZD48QlI+44CAPFU+PEI+CuKXj+e0oOadkOOBq+OBpOOBhOOBpgo8L0I+PC9VPjwvdGQ+PC90cj4KPHRyPjx0ZCBjb2xzcGFuPTI+PFRBQkxFIHdpZHRoPTM1MCBib3JkZXI9MD48VFI+PFREIHdpZHRoPTEwPjwvVEQ+CjxURCB3aWR0aD05MD4K44Ki44OD44OR44O8PC9URD48VEQgd2lkdGg9MjUwPu+8muOAgOWQiOaIkOearumdqTwvdGQ+PC90cj4KPFRSPjxURD48L1REPjxURD4K44K944O844OrPC9URD48VEQ+77ya44CA5ZCI5oiQ5bqVPC90ZD48L3RyPjwvVEFCTEU+PC90ZD48L3RyPgo8dHI+PHRkPjxCUj7jgIA8VT48Qj4K4peP44K144Kk44K644Gr44Gk44GE44GmCjwvQj48L1U+PC90ZD48L3RyPgo8dHI+PHRkIGNvbHNwYW49Mj48VEFCTEUgd2lkdGg9MzUwIGJvcmRlcj0wPjxUUj48VEQgd2lkdGg9MTA+PC9URD4KPFREIHdpZHRoPTkwPgrjgqbjgqPjgrrvvIjluYXvvIk8L1REPjxURCB3aWR0aD0yNTA+77ya44CA77yS77ylPC90ZD48L3RyPgo8VFI+PFREPjwvVEQ+CjxURD4K44OS44O844Or6auYPC9URD48VEQ+77ya44CA772D772NPC90ZD48L3RyPjwvVEFCTEU+PC90ZD48L3RyPgo8dHI+PHRkPjxCUj7jgIA8VT48Qj4K4peP5rOo5oSP5LqL6aCFCjwvQj48L1U+PC90ZD48L3RyPgo8dHI+PHRkIGNvbHNwYW49Mj48VEFCTEUgd2lkdGg9MzUwIGJvcmRlcj0wPjxUUj48VEQgd2lkdGg9MTA+PC9URD4KPFREIHdpZHRoPTM0MD4K55S76Z2i5LiK44Go5a6f54mp44Gn44Gv5aSa5bCR6Imy5YW35ZCI44GM55Ww44Gq44Gj44GmPEJSPgropovjgYjjgovloLTlkIjjgoLjgZTjgZbjgYTjgb7jgZnjgII8QlI+CuS6iOOCgeOBlOS6huaJv+OBj+OBoOOBleOBhOOBvuOBmeOCiOOBhuOBiumhmOOBhOeUs+OBl+S4iuOBkuOBvuOBmeOAggo8L1REPjwvVFI+PC9UQUJMRT48L3RkPjwvdHI+CjwvdGFibGU+CjwvVEQ+PFREIHZhbGlnbj0idG9wIj4KPHRhYmxlIHdpZHRoPTM1MCBib3JkZXI9MD4KPHRyPjx0ZD48QlI+44CAPFU+PEI+CuKXj+acrOijveWTgeOBrueJueW+tAo8L0I+PC9VPjwvdGQ+PC90cj4KPHRyPjx0ZCBjb2xzcGFuPTI+PFRBQkxFIHdpZHRoPTM1MCBib3JkZXI9MD48VFI+PFREIHdpZHRoPTEwPjwvVEQ+CjxURCB3aWR0aD05MD4K55Sf55Sj5Zu9PC9URD48VEQgd2lkdGg9MjUwPu+8muOAgOS4reWbvTwvdGQ+PC90cj48L1RBQkxFPjwvdGQ+PC90cj4KPHRyPjx0ZCBjb2xzcGFuPTI+PFRBQkxFIHdpZHRoPTM1MCBib3JkZXI9MD48VFI+PFREIHdpZHRoPTEwPjwvVEQ+CjxURCB3aWR0aD05MD4K6YeN44GV77yI54mH6Laz77yJPC9URD48VEQgd2lkdGg9MjUwPu+8muOAgO+9h+OAgO+8iDE3LjBjbea4rOWumu+8iTwvdGQ+PC90cj48L1RBQkxFPjwvdGQ+PC90cj4KCgoKPHRyPjx0ZCBjb2xzcGFuPTI+PFRBQkxFIHdpZHRoPTM1MCBib3JkZXI9MD48VFI+PFREIHdpZHRoPTEwPjwvVEQ+CjxURCB3aWR0aD0zNDA+Cjxmb250IGNvbG9yPSNjYzAwMDA+44O76ISx44GO5bGl44GN44Op44Kv44Op44KvPEJSPgogICAgICAgICAgICAgICAgICAgICAgICDjg7vjgqvjg4Pjg5fjgqTjg7Pjgr3jg7zjg6s8QlI+CiAgICAgICAgICAgICAgICDjg7vohLHjgY7lsaXjgY3jg6njgq/jg6njgq8mbHQ7QlImZ3Q7PGJyPgogICAgICAgICAgICAgICAg44O76Lu96YeP6Kit6KiIJmx0O0JSJmd0Ozxicj4KICAgICAgICAgICAgICAgIOODu+S4uOa0l+OBhE9LJmx0O0JSJmd0Ozxicj4KICAgICAgICAgICAgICAgIOODu+ODjeODvOODoOOCueODmuODvOOCueOBguOCijxCUj4KPC9mb250Pgo8Zm9udCBzaXplPSIyIiBjb2xvcj0icmVkIj4KPEJSPgogICAgICAgICAgICAgICAgICAgICAgICDigLs8VT48Qj7vvIjjgYrlj5bjgorlr4TjgZvvvIk8L0I+44GU5rOo5paH44Gu5aC05ZCI44CBPC9VPjxCUj4KICAgICAgICAgICAgICAgICAgICAgICAgPFU+55m66YCB44G+44Gn44Gr6YCa5bi4PEI+77yR6YCx6ZaTPC9CPueoi+OBruOBiuaZgumWk+OCkumgguaItOOBl+OBpuOBiuOCiuOBvuOBmeOAgjwvVT48QlI+PEJSPgogICAgICAgICAgICAgICAgICAgICAgICDjgZ/jgaDjgZfjg6Hjg7zjgqvjg7zkvJHmpa3ml6XvvIjlnJ/ml6XnpZ3vvInjgavjgZTms6jmlofjga7loLTlkIjjga88QlI+CiAgICAgICAgICAgICAgICAgICAgICAgIOe/jOODoeODvOOCq+ODvOWWtualreaXpeOBi+OCieOBruWvvuW/nOOBqOOBquOCiuOBvuOBmeOAguS6iOOCgeOBlOS6huaJv+S4i+OBleOBhOOAgjxCUj4KICAgICAgICAgICAgICAgICAgICAgICAg44Oh44O844Kr44O85Zyo5bqr5YiH44KM562J44Gu55CG55Sx44Gr44KI44KK44CB57SN5pyf44GM5aSn5bmF44GrPEJSPgogICAgICAgICAgICAgICAgICAgICAgICDpgYXjgozjgabjgZfjgb7jgYbloLTlkIjjgavjga/jgIHpgJ/jgoTjgYvjgavjgZTpgKPntaHjgpLjgYTjgZ/jgZfjgb7jgZnjgII8QlI+PEJSPjwvZm9udD48L1REPjwvVFI+PC9UQUJMRT48L3RkPjwvdHI+CjwvdGFibGU+PC9URD48L1RSPjwvVEFCTEU+CjxCUj4KCgoKCjwvQ0VOVEVSPjwvdGQ+PC90cj48L1RBQkxFPjwvY2VudGVyPgoKCjxCUj48QlI+PGNlbnRlcj4KPGEgaHJlZj1odHRwOi8vaXRlbS5yYWt1dGVuLmNvLmpwL29rYW1vdG95YS9jLzAwMDAwMDAxMzcvPjxmb250IHNpemU9Mj7jgIDihpPjgIDvvJXvvJDvvJDvvJDlhobku6XkuIrjgarjgonpgIHmlpnnhKHmlpnimarjgIDjgYTjgYTjgoLjga7jgYLjgovjgYvjgoLvvIHvvJ/jgIDihpM8L2ZvbnQ+PEJSPgo8aW1nIHNyYz0iaHR0cDovL2ltYWdlLnJha3V0ZW4uY28uanAvb2thbW90b3lhL2NhYmluZXQvbmV3dG9wLTA5MDgxMi9pbWc1OTA5NDkxMy5qcGciIGJvcmRlcj0wPjwvYT48L2NlbnRlcj48QlI+Cjx0YWJsZSBib3JkZXI9MD48dHI+PFREIGFsaWduPSJjZW50ZXIiPgoKPGltZyBzcmM9Imh0dHA6Ly9pbWFnZS5yYWt1dGVuLmNvLmpwL29rYW1vdG95YS9jYWJpbmV0L3NvcmJvLWRzaXMvc29mdG91Y2gtNDIwLTAxLmpwZyIgd2lkdGg9MjAwIGJvcmRlcj0wPjxCUj4KPGZvbnQgc2l6ZT0yPjxCUj7jgaHjgofjgaPjgajjgrXjgqTjgrrjgYzlpKfjgY3jgYTjgYvjgoLvvJ88QlI+44K144Kk44K66Kq/5pW055So44Kk44Oz44K944O844Or44Gq44KJ44GT44KM77yBPC9mb250Pgo8L1REPjxURCBhbGlnbj0iY2VudGVyIj4KPC9URD48L3RyPjwvdGFibGU+PCEtLSDihpPjgZPjgZPjgYvjgonjgrPjg7Pjg5HjgrnjgIzlhbHpgJroqqzmmI7mloco5aSnKeOAjeioree9rueUqEhUTUzjgr/jgrDjgafjgZnihpMo4oC744GT44Gu5paH56ug44KC5LiA57eS44Gr44GK6LK844KK5LuY44GR44GP44Gg44GV44GE44CCKQoK44CA4oC75b2TSFRNTOOCv+OCsOOCkuiyvOS7mOOBkeaZguOAgeaXouOBq+WFpeWKm+OBleOCjOOBpuOBhOOCi0hUTUzjgYzjgYLjgovloLTlkIjjgIEK44CA44CA44Gd44Gh44KJ44KS5YmK6Zmk44GZ44KL44Go5b6M44GL44KJ5YWD44Gr5oi744GZ5LqL44GM44Gn44GN44G+44Gb44KT44CCCuOAgOOAgOWJiumZpOOBleOCjOOCi+WgtOWQiOOBr+OAgeW/heOBmuOBiuaJi+WFg+OBq+ODkOODg+OCr+OCouODg+ODl+OCkuOBiumhmOOBhOOBl+OBvuOBmeOAguOAgOOAgOOAgOOAgOOAgC0tPgo8bGluayBocmVmPSJodHRwOi8vd3d3LnJha3V0ZW4ubmUuanAvZ29sZC9va2Ftb3RveWEvY29tcGFzcy9zaG9wL2Nzcy9zdHlsZV9ybXMuY3NzIiB0eXBlPSJ0ZXh0L2NzcyIgbWVkaWE9ImFsbCIgcmVsPSJzdHlsZXNoZWV0Ij4KCjx0YWJsZSB3aWR0aD0iNzI4IiBjZWxscGFkZGluZz0iMCIgY2VsbHNwYWNpbmc9IjAiIGJvcmRlcj0iMCIgc3R5bGU9Im1hcmdpbjowIGF1dG87IHBhZGRpbmc6MDsiPgo8dHI+Cjx0ZD4KCjwvdGQ+CjwvdHI+CjwvdGFibGU+CjwhLS0g4oaR44GT44GT44G+44Gn44GMY29tcGFzcyBmb3Ig5qW95aSp5biC5aC0IOOCt+ODp+ODg+ODl+ODmuODvOOCuOioree9rueUqEhUTUzjgr/jgrDjgafjgZnihpHjgIAtLT4=,44CQ5Luu6Z2i44Op44Kk44OA44O844Ks44Kk44Og77yP5Luu6Z2i44Op44Kk44OA44O86Y6n5q2m44CR556s6Laz44Gn44GK44Gq44GY44G/44Gu44Ki44Kt44Os44K56KO94piG44CAQy02MzHjgIBDNjMx44CASU5TNjMxMOOAgOODluODq+ODvO+8j+OCrOOCpOODoOOAgOODrOODg+ODie+8j+ODkOODreODs+OAkOOBguOBmealveWvvuW/nOOAkeOAkOOAkWZzMDRnbSBhcGFwOOOAkOWtkOS+m+mdtOOAkeeerOi2s+OCs+ODqeODnOODouODh+ODq++8mumdtOmAmuiyqeOBruWyoeacrOWxi+WxpeeJqeW6lw==,44Km44Kp44O844Kt44Oz44Kw44K344Ol44O844K644OT44K444ON44K544K344Ol44O844K644OV44Kp44O844Oe44Or44K344Ol44O844K66Z206YCa6LKp5bKh5pys5bGL5bGl54mp5bqX44Kv44Op44O844Kv44K5UkVHQUzjg6rjg7zjgqzjg6tBY2hpbGxlc1NPUkJP44Ki44Kt44Os44K544K944Or44OcZWNjb+ODn+OCuuODjuOBiuWkmuemj+OCt+ODpeODvOOCuuOCteODs+ODgOODq+ODkeODs+ODl+OCueODn+ODpeODvOODq+eerOi2s+OCs+ODs+ODleOCqeODvOODiOOCt+ODpeODvOOCuumAgeaWmeeEoeaWmeODrOOCpOODs+ODluODvOODhOOAkOS7rumdouODqeOCpOODgOODvOOCrOOCpOODoO+8j+S7rumdouODqeOCpOODgOODvOmOp+atpuOAkeeerOi2s+OBp+OBiuOBquOBmOOBv+OBruOCouOCreODrOOCueijveKYhuOAgEMtNjMx44CAQzYzMeOAgElOUzYzMTDjgIDjg5bjg6vjg7zvvI/jgqzjgqTjg6DjgIDjg6zjg4Pjg4nvvI/jg5Djg63jg7PjgJDjgYLjgZnmpb3lr77lv5zjgJHjgJDjgJFmczA0Z20gYXBhcDjjgJDlrZDkvpvpnbTjgJHnnqzotrPjgrPjg6njg5zjg6Ljg4fjg6s=,44GK5a2Q5qeY5aSn6IiI5aWu4pmq44CQ44GC44GZ5qW95a++5b+c44CR4piG44CC44CQ5Luu6Z2i44Op44Kk44OA44O844Ks44Kk44Og77yP5Luu6Z2i44Op44Kk44OA44O86Y6n5q2m44CR556s6Laz44Gn44GK44Gq44GY44G/44Gu44Ki44Kt44Os44K56KO94piG44CAQy02MzHjgIBDNjMx44CASU5TNjMxMOOAgOODluODq+ODvO+8j+OCrOOCpOODoOOAgOODrOODg+ODie+8j+ODkOODreODs+OAkOOBguOBmealveWvvuW/nOOAkeOAkOOAkWZzMDRnbSBhcGFwOOOAkOWtkOS+m+mdtOOAkeeerOi2s+OCs+ODqeODnOODouODh+ODqw==[rn]
30-32919,aHR0cDovL3RzaG9wLnIxMHMuanAvb2thbW90b3lhL2NhYmluZXQvYWNoaWxsZXMvaW1nNjAwNzE2NTguanBnP2ZpdGluPTcwMDo3MDA=,OTkzLjYwMDA=,,44Kt44OD44K644O744OZ44OT44O844O744Oe44K/44OL44OG44KjID4g44Kt44OD44K6ID4g6Z20ID4g6ZW36Z2044O744Os44Kk44Oz44K344Ol44O844K6,44CQ556s6Laz44Gn44GK44Gq44GY44G/44Gu44Ki44Kt44Os44K56KO944CR44CA44OR44OU44O844OOMDkx44CAT0NKMDkxMOOAgOOCreODg+OCuuOBrumVt+mdtOOAgOODrOOCpOODs+OCt+ODpeODvOOCuuOAkOOBguOBmealveWvvuW/nOOAkeOAkOOAkWZzMDRnbSBhcGFwOA==,44CQ44GC44GZ5qW95a++5b+c44CR44Ki44Km44OI44Os44OD44OI44K744O844Or4pmq,PGNlbnRlcj4KCjxCUj48QlI+PGZvbnQgc2l6ZSA9IjUiIGNvbG9yID0icmVkIj7jgYrlrZDmp5jnlKjjga7jgYvjgo/jgYTjgYTplbfpnbTjgafjgZnimIY8QlI+PEJSPgrnnqzotrPjgafjgYrjgarjgZjjgb/jga7jgqLjgq3jg6zjgrnoo73vvIE8YnI+Cjxicj4K44Kk44Oz44K944O844Or44GM5Y+W44KK5aSW44Gb44KL44Gu44Gn44CB44GE44Gk44Gn44KC5riF5r2U4pmqPC9mb250PjxCUj48QlI+PEJSPgo8aW1nIHNyYz0KaHR0cDovL2ltYWdlLnJha3V0ZW4uY28uanAvb2thbW90b3lhL2NhYmluZXQvYWNoaWxsZXMvaW1nNjAwNzE2NTguanBnPgo8QlI+CgoKPHRhYmxlIGJvcmRlcj0wPgo8dHI+Cjx0ZD4KPGltZyBzcmM9IgpodHRwOi8vaW1hZ2UucmFrdXRlbi5jby5qcC9va2Ftb3RveWEvY2FiaW5ldC9hY2hpbGxlcy9vY2owOTEwLTIzMDAtMDMuanBnIiB3aWR0aD0iMzUwIj4KPC90ZD4KPHRkPgo8aW1nIHNyYz0iCmh0dHA6Ly9pbWFnZS5yYWt1dGVuLmNvLmpwL29rYW1vdG95YS9jYWJpbmV0L2FjaGlsbGVzL29jajA5MTAtMjMwMC0wNC5qcGciIHdpZHRoPSIzNTAiPgo8L3RkPgo8L3RyPgo8dHI+Cjx0ZD4KPGltZyBzcmM9IgpodHRwOi8vaW1hZ2UucmFrdXRlbi5jby5qcC9va2Ftb3RveWEvY2FiaW5ldC9hY2hpbGxlcy9vY2owOTEwLTIzMDAtMDYuanBnIiB3aWR0aD0iMzUwIj4KPC90ZD4KPHRkPgo8aW1nIHNyYz0iCmh0dHA6Ly9pbWFnZS5yYWt1dGVuLmNvLmpwL29rYW1vdG95YS9jYWJpbmV0L2FjaGlsbGVzL29jajA5MTAtMjMwMC0wMi5qcGciIHdpZHRoPSIzNTAiPgo8L3RkPgo8L3RyPgo8dHI+Cjx0ZD4KPGltZyBzcmM9IgpodHRwOi8vaW1hZ2UucmFrdXRlbi5jby5qcC9va2Ftb3RveWEvY2FiaW5ldC9hY2hpbGxlcy9vY2owOTEwLTIzMDAtMDUuanBnIiB3aWR0aD0iMzUwIj4KPC90ZD4KPHRkPgo8aW1nIHNyYz0iCmh0dHA6Ly9pbWFnZS5yYWt1dGVuLmNvLmpwL29rYW1vdG95YS9jYWJpbmV0L2FjaGlsbGVzL29jajA5MTAtMjMwMC0wMS5qcGciIHdpZHRoPSIzNTAiPgo8L3RkPgo8L3RyPgoKCgo8L3RhYmxlPgoKCgo8IS0tIOOBguOBmealveOBruiqrOaYjuaWhyAtLT4KCjxCUj4KPEJSPgo8Zm9udCBjb2xvcj0jQ0MwMDAwIHNpemU9IjQiPgo8Yj4K4oC75pys5ZWG5ZOB44Gv5pyA55+t44Gn57+M5pel44Gr6YWN6YCB44GV44KM44KL44CQ44GC44GZ5qW944CR44Gr5a++5b+c44GX44Gm44GK44KK44G+44GZ44CCPEJSPgrjgJDjgYLjgZnmpb3jgJHjgpLjgZTluIzmnJvjga7jgYrlrqLmp5jjga/jgIHku6XkuIvjga7ms6jmhI/ngrnjgpLjgojjgY/jgYroqq3jgb/jgY/jgaDjgZXjgYTjgIIgPEJSPgo8QlI+CjwvYj48L2ZvbnQ+CjxJRlJBTUUgc3JjPSJodHRwOi8vd3d3LnJha3V0ZW4ubmUuanAvZ29sZC9va2Ftb3RveWEvYXN1cmFrdS5odG0iIG5hbWU9InByIiB3aWR0aD0iNzIwIiBoZWlnaHQ9IjE1MCIgZnJhbWVib3JkZXI9IjEiPjwvaWZyYW1lPjxCUj48QlI+CgoKPC9jZW50ZXI+Cjx0YWJsZSB3aWR0aD0zNTAgYm9yZGVyPTA+CjxUUj4KPHRkIGJnY29sb3I9IzY2NjYwMD4KPHRhYmxlIGNlbGxzcGFjaW5nPTEgY2VsbHBhZGRpbmc9NCB3aWR0aD0xMDAlIGJvcmRlcj0wPgo8VFI+Cjx0ZCBiZ2NvbG9yPSM5OTk5ZmYgYWxpZ249Y2VudGVyIHdpZHRoPTI1JT48Qj7ntKDmnZA8L0I+PC90ZD4KPHRkIGJnY29sb3I9I2ZmZmZmZiB3aWR0aD03NSU+PCEtLeOBk+OBk+OBq+e0oOadkC0tPlBWQzwvdGQ+CjwvVFI+CjxUUj4KPHRkIGJnY29sb3I9Izk5OTlmZiBhbGlnbj1jZW50ZXIgd2lkdGg9MjUlPjxCPuOCteOCpOOCujwvQj48L3RkPgo8dGQgYmdjb2xvcj0jZmZmZmZmIHdpZHRoPTc1JT48IS0t44GT44GT44Gr44K144Kk44K6LS0+MTQuMGNt772eMTguMGNtPC90ZD4KPC9UUj4KPFRSPgo8dGQgYmdjb2xvcj0jOTk5OWZmIGFsaWduPWNlbnRlciB3aWR0aD0yNSU+PEI+54m55b60PC9CPjwvdGQ+Cjx0ZCBiZ2NvbG9yPSNmZmZmZmYgd2lkdGg9NzUlPuOCq+ODg+ODl+OCpOODs+OCveODvOODqzwvdGQ+CjwvVFI+CjxUUj4KPHRkIGJnY29sb3I9Izk5OTlmZiBhbGlnbj1jZW50ZXIgd2lkdGg9MjUlPjxCPuazqOaEjzwvQj48L3RkPgo8dGQgYmdjb2xvcj0jZmZmZmZmIHdpZHRoPTc1JT48IS0t44GT44GT44Gr5rOo5oSPLS0+55S76Z2i5LiK44Go5a6f54mp44Gn44Gv5aSa5bCR6Imy5YW35ZCI44GM55Ww44Gq44Gj44Gm6KaL44GI44KL5aC05ZCI44KC44GU44GW44GE44G+44GZ44CC44GU5LqG5om/44GP44Gg44GV44GE44CCPC90ZD4KPC9UUj4KPC90YWJsZT48L3RkPgo8L1RSPgo8L3RhYmxlPjwhLS0g4oaT44GT44GT44GL44KJ44Kz44Oz44OR44K544CM5YWx6YCa6Kqs5piO5paHKOWkpynjgI3oqK3nva7nlKhIVE1M44K/44Kw44Gn44GZ4oaTKOKAu+OBk+OBruaWh+eroOOCguS4gOe3kuOBq+OBiuiyvOOCiuS7mOOBkeOBj+OBoOOBleOBhOOAgikKCuOAgOKAu+W9k0hUTUzjgr/jgrDjgpLosrzku5jjgZHmmYLjgIHml6LjgavlhaXlipvjgZXjgozjgabjgYTjgotIVE1M44GM44GC44KL5aC05ZCI44CBCuOAgOOAgOOBneOBoeOCieOCkuWJiumZpOOBmeOCi+OBqOW+jOOBi+OCieWFg+OBq+aIu+OBmeS6i+OBjOOBp+OBjeOBvuOBm+OCk+OAggrjgIDjgIDliYrpmaTjgZXjgozjgovloLTlkIjjga/jgIHlv4XjgZrjgYrmiYvlhYPjgavjg5Djg4Pjgq/jgqLjg4Pjg5fjgpLjgYrpoZjjgYTjgZfjgb7jgZnjgILjgIDjgIDjgIDjgIDjgIAtLT4KPGxpbmsgaHJlZj0iaHR0cDovL3d3dy5yYWt1dGVuLm5lLmpwL2dvbGQvb2thbW90b3lhL2NvbXBhc3Mvc2hvcC9jc3Mvc3R5bGVfcm1zLmNzcyIgdHlwZT0idGV4dC9jc3MiIG1lZGlhPSJhbGwiIHJlbD0ic3R5bGVzaGVldCI+Cgo8dGFibGUgd2lkdGg9IjcyOCIgY2VsbHBhZGRpbmc9IjAiIGNlbGxzcGFjaW5nPSIwIiBib3JkZXI9IjAiIHN0eWxlPSJtYXJnaW46MCBhdXRvOyBwYWRkaW5nOjA7Ij4KPHRyPgo8dGQ+Cgo8L3RkPgo8L3RyPgo8L3RhYmxlPgo8IS0tIOKGkeOBk+OBk+OBvuOBp+OBjGNvbXBhc3MgZm9yIOalveWkqeW4guWgtCDjgrfjg6fjg4Pjg5fjg5rjg7zjgrjoqK3nva7nlKhIVE1M44K/44Kw44Gn44GZ4oaR44CALS0+,44CQ556s6Laz44Gn44GK44Gq44GY44G/44Gu44Ki44Kt44Os44K56KO944CR44CA44OR44OU44O844OOMDkx44CAT0NKMDkxMOOAgOOCreODg+OCuuOBrumVt+mdtOOAgOODrOOCpOODs+OCt+ODpeODvOOCuuOAkOOBguOBmealveWvvuW/nOOAkeOAkOOAkWZzMDRnbSBhcGFwOO+8mumdtOmAmuiyqeOBruWyoeacrOWxi+WxpeeJqeW6lw==,44Km44Kp44O844Kt44Oz44Kw44K344Ol44O844K644OT44K444ON44K544K344Ol44O844K644OV44Kp44O844Oe44Or44K344Ol44O844K66Z206YCa6LKp5bKh5pys5bGL5bGl54mp5bqX44Kv44Op44O844Kv44K5UkVHQUzjg6rjg7zjgqzjg6tBY2hpbGxlc1NPUkJP44Ki44Kt44Os44K544K944Or44OcZWNjb+ODn+OCuuODjuOBiuWkmuemj+OCt+ODpeODvOOCuuOCteODs+ODgOODq+ODkeODs+ODl+OCueODn+ODpeODvOODq+eerOi2s+OCs+ODs+ODleOCqeODvOODiOOCt+ODpeODvOOCuumAgeaWmeeEoeaWmeODrOOCpOODs+ODluODvOODhOOAkOeerOi2s+OBp+OBiuOBquOBmOOBv+OBruOCouOCreODrOOCueijveOAkeOAgOODkeODlOODvOODjjA5MeOAgE9DSjA5MTDjgIDjgq3jg4Pjgrrjga7plbfpnbTjgIDjg6zjgqTjg7Pjgrfjg6Xjg7zjgrrjgJDjgYLjgZnmpb3lr77lv5zjgJHjgJDjgJFmczA0Z20gYXBhcDg=,44CQ44GC44GZ5qW95a++5b+c44CR44Ki44Km44OI44Os44OD44OI44K744O844Or4pmq44CC44CQ556s6Laz44Gn44GK44Gq44GY44G/44Gu44Ki44Kt44Os44K56KO944CR44CA44OR44OU44O844OOMDkx44CAT0NKMDkxMOOAgOOCreODg+OCuuOBrumVt+mdtOOAgOODrOOCpOODs+OCt+ODpeODvOOCuuOAkOOBguOBmealveWvvuW/nOOAkeOAkOOAkWZzMDRnbSBhcGFwOA==[rn]
30-32920,aHR0cDovL3RzaG9wLnIxMHMuanAvb2thbW90b3lhL2NhYmluZXQva2FtZW5yaWRlci9jd2M2MTYwLTM1MDAtMTIuanBnP2ZpdGluPTcwMDo3MDA=,MzAyNC4wMDAw,,44Kt44OD44K644O744OZ44OT44O844O744Oe44K/44OL44OG44KjID4g44Kt44OD44K6ID4g6Z20ID4g6ZW36Z2044O744Os44Kk44Oz44K344Ol44O844K6,44CQ5Luu6Z2i44Op44Kk44OA44O844Ks44Kk44Og77yP5Luu6Z2i44Op44Kk44OA44O86Y6n5q2m44CR556s6Laz44Gn44GK44Gq44GY44G/44Gu44Ki44Kt44Os44K56KO94piG44CAQy02MTbjgIBDNjE244CAQ1dDNjE2MOOAgOm7kuOAgOODluODqeODg+OCr+ODu+OAgOOCt+ODq+ODkOODvOOAkOOBguOBmealveWvvuW/nOOAkeOAkOOAkWZzMDRnbSBhcGFwOOOAkOWtkOS+m+mdtOOAkeOCpuOCo+ODs+OCv+ODvOODluODvOODhOOAgOOCueODjuODvOODluODvOODhOOAgOmVt+mdtA==,6Ziy5rC05LuV5qeY44Gu5pyA5paw44K544OO44O844OW44O844OE77yB44CQ44GC44GZ5qW95a++5b+c44CR4piG,PGNlbnRlcj4KPEZPTlQgY29sb3I9I2NjMDAwMCAKc2l6ZT0yPuKYheKYheKYheKYheKYheKYheKYheKYheKYheKYheKYheKYheKYheKYheKYheKYheKYheKYheKYheKYheKYheKYheKYheKYheKYheKYheKYheKYheKYheKYheKYheKYheKYheKYheKYheKYheKYheKYheKYheKYheKYheKYheKYheKYheKYheKYheKYheKYhTxCUj4KPC9GT05UPjxCUj4KCgoKPGZvbnQgc2l6ZT01IGNvbG9yPSNjYzAwMDA+5aSn5Lq65rCX44Gu5Luu6Z2i44Op44Kk44OA44O844Ks44Kk44Og4pmq44CA6Ziy5rC044Oi44OH44Or77yBPC9mb250PjxCUj4KPEJSPgoKPGltZyBzcmM9Imh0dHA6Ly9pbWFnZS5yYWt1dGVuLmNvLmpwL29rYW1vdG95YS9jYWJpbmV0L2thbWVucmlkZXIvY3djNjE2MC0zNTAwLTEyLmpwZyI+PEJSPjxCUj4KPGltZyBzcmM9Imh0dHA6Ly9pbWFnZS5yYWt1dGVuLmNvLmpwL29rYW1vdG95YS9jYWJpbmV0L2thbWVucmlkZXIvY3djNjE2MC0zNTAwLTExLmpwZyI+PEJSPjxCUj4KCjwhLS0g44GC44GZ5qW977yG6L+U5ZOB54Sh5paZ44Gu6Kqs5piO5paHIC0tPgo8VEFCTEUgYm9yZGVyPSIwIiB3aWR0aD0iNzAwIj4KPHRyPjx0ZD4KICAgICAgPENFTlRFUj4KCjxmb250IHNpemU9IjIiPgo8Yj4K4oC75pys5ZWG5ZOB44Gv5pyA55+t44Gn57+M5pel44Gr6YWN6YCB44GV44KM44KL44CQ44GC44GZ5qW944CR44Gr5a++5b+c44GX44Gm44GK44KK44G+44GZ44CCPEJSPgrjgJDjgYLjgZnmpb3jgJHjgpLjgZTluIzmnJvjga7jgYrlrqLmp5jjga/jgIHku6XkuIvjga7ms6jmhI/ngrnjgpLjgojjgY/jgYroqq3jgb/jgY/jgaDjgZXjgYTjgIIgPEJSPgo8QlI+CjwvYj48L2ZvbnQ+CjxJRlJBTUUgc3JjPSJodHRwOi8vd3d3LnJha3V0ZW4ubmUuanAvZ29sZC9va2Ftb3RveWEvYXN1cmFrdS5odG0iIG5hbWU9InByIiB3aWR0aD0iNzIwIiBoZWlnaHQ9IjE1MCIgZnJhbWVib3JkZXI9IjEiPjwvaWZyYW1lPjxCUj4KICAgICAgPEJSPgogICAgICA8QlI+Cjxmb250IHNpemU9NSBjb2xvcj0jY2MwMDAwPuWPs+i2s+OBr+OCrOOCpOODoO+8geW3pui2s+OBr+ODkOODreODs++8geOBqOeVsOafhOKZqjwvZm9udD48QlI+CjxCUj4KCjx0YWJsZSBib3JkZXI9IjAiPgo8dHI+Cjx0ZD4KPGltZyBzcmM9aHR0cDovL2ltYWdlLnJha3V0ZW4uY28uanAvb2thbW90b3lhL2NhYmluZXQva2FtZW5yaWRlci9jd2M2MTYwLTM1MDAtMDguanBnIHdpZHRoPTM1MD48L3RkPgo8dGQ+CjxpbWcgc3JjPWh0dHA6Ly9pbWFnZS5yYWt1dGVuLmNvLmpwL29rYW1vdG95YS9jYWJpbmV0L2thbWVucmlkZXIvY3djNjE2MC0zNTAwLTA5LmpwZyB3aWR0aD0zNTA+PC90ZD4KPC90cj4KPHRyPgo8dGQ+CjxpbWcgc3JjPWh0dHA6Ly9pbWFnZS5yYWt1dGVuLmNvLmpwL29rYW1vdG95YS9jYWJpbmV0L2thbWVucmlkZXIvY3djNjE2MC0zNTAwLTA3LmpwZyB3aWR0aD0zNTA+PC90ZD4KPHRkPgo8aW1nIHNyYz1odHRwOi8vaW1hZ2UucmFrdXRlbi5jby5qcC9va2Ftb3RveWEvY2FiaW5ldC9rYW1lbnJpZGVyL2N3YzYxNjAtMzUwMC0wNi5qcGcgd2lkdGg9MzUwPjwvdGQ+CjwvdHI+Cgo8dHI+Cjx0ZD4KPGltZyBzcmM9aHR0cDovL2ltYWdlLnJha3V0ZW4uY28uanAvb2thbW90b3lhL2NhYmluZXQva2FtZW5yaWRlci9jd2M2MTYwLTM1MDAtMDQuanBnIHdpZHRoPTM1MD48L3RkPgo8dGQ+CjxpbWcgc3JjPWh0dHA6Ly9pbWFnZS5yYWt1dGVuLmNvLmpwL29rYW1vdG95YS9jYWJpbmV0L2thbWVucmlkZXIvY3djNjE2MC0zNTAwLTAzLmpwZyB3aWR0aD0zNTA+PC90ZD4KPC90cj4KPHRyPgo8dGQ+CjxpbWcgc3JjPWh0dHA6Ly9pbWFnZS5yYWt1dGVuLmNvLmpwL29rYW1vdG95YS9jYWJpbmV0L2thbWVucmlkZXIvY3djNjE2MC0zNTAwLTAyLmpwZyB3aWR0aD0zNTA+PC90ZD4KPHRkPgo8aW1nIHNyYz1odHRwOi8vaW1hZ2UucmFrdXRlbi5jby5qcC9va2Ftb3RveWEvY2FiaW5ldC9rYW1lbnJpZGVyL2N3YzYxNjAtMzUwMC0wMS5qcGcgd2lkdGg9MzUwPjwvdGQ+CjwvdHI+Cgo8L3RhYmxlPgoKPEJSPjxCUj4KCjxUQUJMRSBib3JkZXI9IjAiPjxUUj48VEQ+Cjx0YWJsZSB3aWR0aD0zNTAgYm9yZGVyPTA+Cjx0cj48dGQ+PEJSPuOAgDxVPjxCPgril4/ntKDmnZDjgavjgaTjgYTjgaYKPC9CPjwvVT48L3RkPjwvdHI+Cjx0cj48dGQgY29sc3Bhbj0yPjxUQUJMRSB3aWR0aD0zNTAgYm9yZGVyPTA+PFRSPjxURCB3aWR0aD0xMD48L1REPgo8VEQgd2lkdGg9OTA+CuOCouODg+ODkeODvDwvVEQ+PFREIHdpZHRoPTI1MD7vvJrjgIDlkIjmiJDnmq7pnak8L3RkPjwvdHI+CjxUUj48VEQ+PC9URD48VEQ+CuOCveODvOODqzwvVEQ+PFREPu+8muOAgOWQiOaIkOW6lTwvdGQ+PC90cj48L1RBQkxFPjwvdGQ+PC90cj4KPHRyPjx0ZD48QlI+44CAPFU+PEI+CuKXj+OCteOCpOOCuuOBq+OBpOOBhOOBpgo8L0I+PC9VPjwvdGQ+PC90cj4KPHRyPjx0ZCBjb2xzcGFuPTI+PFRBQkxFIHdpZHRoPTM1MCBib3JkZXI9MD48VFI+PFREIHdpZHRoPTEwPjwvVEQ+CjxURCB3aWR0aD05MD4K44Km44Kj44K677yI5bmF77yJPC9URD48VEQgd2lkdGg9MjUwPu+8muOAgO+8ku+8pTwvdGQ+PC90cj4KPFRSPjxURD48L1REPgo8VEQ+CuODkuODvOODq+mrmDwvVEQ+PFREPu+8muOAgO+8ku+9g++9jTwvdGQ+PC90cj48L1RBQkxFPjwvdGQ+PC90cj4KPHRyPjx0ZD48QlI+44CAPFU+PEI+CuKXj+azqOaEj+S6i+mghQo8L0I+PC9VPjwvdGQ+PC90cj4KPHRyPjx0ZCBjb2xzcGFuPTI+PFRBQkxFIHdpZHRoPTM1MCBib3JkZXI9MD48VFI+PFREIHdpZHRoPTEwPjwvVEQ+CjxURCB3aWR0aD0zNDA+CueUu+mdouS4iuOBqOWun+eJqeOBp+OBr+WkmuWwkeiJsuWFt+WQiOOBjOeVsOOBquOBo+OBpjxCUj4K6KaL44GI44KL5aC05ZCI44KC44GU44GW44GE44G+44GZ44CCPEJSPgrkuojjgoHjgZTkuobmib/jgY/jgaDjgZXjgYTjgb7jgZnjgojjgYbjgYrpoZjjgYTnlLPjgZfkuIrjgZLjgb7jgZnjgIIKPC9URD48L1RSPjwvVEFCTEU+PC90ZD48L3RyPgo8L3RhYmxlPgo8L1REPjxURCB2YWxpZ249InRvcCI+Cjx0YWJsZSB3aWR0aD0zNTAgYm9yZGVyPTA+Cjx0cj48dGQ+PEJSPuOAgDxVPjxCPgril4/mnKzoo73lk4Hjga7nibnlvrQKPC9CPjwvVT48L3RkPjwvdHI+Cjx0cj48dGQgY29sc3Bhbj0yPjxUQUJMRSB3aWR0aD0zNTAgYm9yZGVyPTA+PFRSPjxURCB3aWR0aD0xMD48L1REPgo8VEQgd2lkdGg9OTA+CueUn+eUo+WbvTwvVEQ+PFREIHdpZHRoPTI1MD7vvJrjgIDkuK3lm708L3RkPjwvdHI+PC9UQUJMRT48L3RkPjwvdHI+Cjx0cj48dGQgY29sc3Bhbj0yPjxUQUJMRSB3aWR0aD0zNTAgYm9yZGVyPTA+PFRSPjxURCB3aWR0aD0xMD48L1REPgo8VEQgd2lkdGg9OTA+CumHjeOBle+8iOeJh+i2s++8iTwvVEQ+PFREIHdpZHRoPTI1MD7vvJrjgIDvvJLvvJfvvJDvvYfjgIDvvIgxNy4wY23muKzlrprvvIk8L3RkPjwvdHI+PC9UQUJMRT48L3RkPjwvdHI+CgoKCjx0cj48dGQgY29sc3Bhbj0yPjxUQUJMRSB3aWR0aD0zNTAgYm9yZGVyPTA+PFRSPjxURCB3aWR0aD0xMD48L1REPgo8VEQgd2lkdGg9MzQwPgo8Zm9udCBjb2xvcj0jY2MwMDAwPuODu+iEseOBjuWxpeOBjeODqeOCr+ODqeOCrzxCUj4KICAgICAgICAgICAgICAgICAgICAgICAg44O744Kr44OD44OX44Kk44Oz44K944O844OrPEJSPgogICAgICAgICAgICAgICAg44O76Ziy5rC05LuV5qeY77yBPEJSPgo8L2ZvbnQ+Cjxmb250IHNpemU9IjIiIGNvbG9yPSJyZWQiPgo8QlI+CiAgICAgICAgICAgICAgICAgICAgICAgIOKAuzxVPjxCPu+8iOOBiuWPluOCiuWvhOOBm++8iTwvQj7jgZTms6jmlofjga7loLTlkIjjgIE8L1U+PEJSPgogICAgICAgICAgICAgICAgICAgICAgICA8VT7nmbrpgIHjgb7jgafjgavpgJrluLg8Qj7vvJHpgLHplpM8L0I+56iL44Gu44GK5pmC6ZaT44KS6aCC5oi044GX44Gm44GK44KK44G+44GZ44CCPC9VPjxCUj48QlI+CiAgICAgICAgICAgICAgICAgICAgICAgIOOBn+OBoOOBl+ODoeODvOOCq+ODvOS8kealreaXpe+8iOWcn+aXpeelne+8ieOBq+OBlOazqOaWh+OBruWgtOWQiOOBrzxCUj4KICAgICAgICAgICAgICAgICAgICAgICAg57+M44Oh44O844Kr44O85Za25qWt5pel44GL44KJ44Gu5a++5b+c44Go44Gq44KK44G+44GZ44CC5LqI44KB44GU5LqG5om/5LiL44GV44GE44CCPEJSPgogICAgICAgICAgICAgICAgICAgICAgICDjg6Hjg7zjgqvjg7zlnKjluqvliIfjgoznrYnjga7nkIbnlLHjgavjgojjgorjgIHntI3mnJ/jgYzlpKfluYXjgas8QlI+CiAgICAgICAgICAgICAgICAgICAgICAgIOmBheOCjOOBpuOBl+OBvuOBhuWgtOWQiOOBq+OBr+OAgemAn+OChOOBi+OBq+OBlOmAo+e1oeOCkuOBhOOBn+OBl+OBvuOBmeOAgjxCUj48QlI+PC9mb250PjwvVEQ+PC9UUj48L1RBQkxFPjwvdGQ+PC90cj4KPC90YWJsZT48L1REPjwvVFI+PC9UQUJMRT4KPEJSPgoKCgoKPC9DRU5URVI+PC90ZD48L3RyPjwvVEFCTEU+PC9jZW50ZXI+CgoKPEJSPjxCUj48Y2VudGVyPgo8YSBocmVmPWh0dHA6Ly9pdGVtLnJha3V0ZW4uY28uanAvb2thbW90b3lhL2MvMDAwMDAwMDEzNy8+PGZvbnQgc2l6ZT0yPuOAgOKGk+OAgO+8le+8kO+8kO+8kOWGhuS7peS4iuOBquOCiemAgeaWmeeEoeaWmeKZquOAgOOBhOOBhOOCguOBruOBguOCi+OBi+OCgu+8ge+8n+OAgOKGkzwvZm9udD48QlI+CjxpbWcgc3JjPSJodHRwOi8vaW1hZ2UucmFrdXRlbi5jby5qcC9va2Ftb3RveWEvY2FiaW5ldC9uZXd0b3AtMDkwODEyL2ltZzU5MDk0OTEzLmpwZyIgYm9yZGVyPTA+PC9hPjwvY2VudGVyPjxCUj4KPHRhYmxlIGJvcmRlcj0wPjx0cj48VEQgYWxpZ249ImNlbnRlciI+Cgo8aW1nIHNyYz0iaHR0cDovL2ltYWdlLnJha3V0ZW4uY28uanAvb2thbW90b3lhL2NhYmluZXQvc29yYm8tZHNpcy9zb2Z0b3VjaC00MjAtMDEuanBnIiB3aWR0aD0yMDAgYm9yZGVyPTA+PEJSPgo8Zm9udCBzaXplPTI+PEJSPuOBoeOCh+OBo+OBqOOCteOCpOOCuuOBjOWkp+OBjeOBhOOBi+OCgu+8nzxCUj7jgrXjgqTjgrroqr/mlbTnlKjjgqTjg7Pjgr3jg7zjg6vjgarjgonjgZPjgozvvIE8L2ZvbnQ+CjwvVEQ+PFREIGFsaWduPSJjZW50ZXIiPgo8L1REPjwvdHI+PC90YWJsZT48IS0tIOKGk+OBk+OBk+OBi+OCieOCs+ODs+ODkeOCueOAjOWFsemAmuiqrOaYjuaWhyjlpKcp44CN6Kit572u55SoSFRNTOOCv+OCsOOBp+OBmeKGkyjigLvjgZPjga7mlofnq6DjgoLkuIDnt5LjgavjgYrosrzjgorku5jjgZHjgY/jgaDjgZXjgYTjgIIpCgrjgIDigLvlvZNIVE1M44K/44Kw44KS6LK85LuY44GR5pmC44CB5pei44Gr5YWl5Yqb44GV44KM44Gm44GE44KLSFRNTOOBjOOBguOCi+WgtOWQiOOAgQrjgIDjgIDjgZ3jgaHjgonjgpLliYrpmaTjgZnjgovjgajlvozjgYvjgonlhYPjgavmiLvjgZnkuovjgYzjgafjgY3jgb7jgZvjgpPjgIIK44CA44CA5YmK6Zmk44GV44KM44KL5aC05ZCI44Gv44CB5b+F44Ga44GK5omL5YWD44Gr44OQ44OD44Kv44Ki44OD44OX44KS44GK6aGY44GE44GX44G+44GZ44CC44CA44CA44CA44CA44CALS0+CjxsaW5rIGhyZWY9Imh0dHA6Ly93d3cucmFrdXRlbi5uZS5qcC9nb2xkL29rYW1vdG95YS9jb21wYXNzL3Nob3AvY3NzL3N0eWxlX3Jtcy5jc3MiIHR5cGU9InRleHQvY3NzIiBtZWRpYT0iYWxsIiByZWw9InN0eWxlc2hlZXQiPgoKPHRhYmxlIHdpZHRoPSI3MjgiIGNlbGxwYWRkaW5nPSIwIiBjZWxsc3BhY2luZz0iMCIgYm9yZGVyPSIwIiBzdHlsZT0ibWFyZ2luOjAgYXV0bzsgcGFkZGluZzowOyI+Cjx0cj4KPHRkPgoKPC90ZD4KPC90cj4KPC90YWJsZT4KPCEtLSDihpHjgZPjgZPjgb7jgafjgYxjb21wYXNzIGZvciDmpb3lpKnluILloLQg44K344On44OD44OX44Oa44O844K46Kit572u55SoSFRNTOOCv+OCsOOBp+OBmeKGkeOAgC0tPg==,44CQ5Luu6Z2i44Op44Kk44OA44O844Ks44Kk44Og77yP5Luu6Z2i44Op44Kk44OA44O86Y6n5q2m44CR556s6Laz44Gn44GK44Gq44GY44G/44Gu44Ki44Kt44Os44K56KO94piG44CAQy02MTbjgIBDNjE244CAQ1dDNjE2MOOAgOm7kuOAgOODluODqeODg+OCr+ODu+OAgOOCt+ODq+ODkOODvOOAkOOBguOBmealveWvvuW/nOOAkeOAkOOAkWZzMDRnbSBhcGFwOOOAkOWtkOS+m+mdtOOAkeOCpuOCo+ODs+OCv+ODvOODluODvOODhOOAgOOCueODjuODvOODluODvOODhOOAgOmVt+mdtO+8mumdtOmAmuiyqeOBruWyoeacrOWxi+WxpeeJqeW6lw==,44Km44Kp44O844Kt44Oz44Kw44K344Ol44O844K644OT44K444ON44K544K344Ol44O844K644OV44Kp44O844Oe44Or44K344Ol44O844K66Z206YCa6LKp5bKh5pys5bGL5bGl54mp5bqX44Kv44Op44O844Kv44K5UkVHQUzjg6rjg7zjgqzjg6tBY2hpbGxlc1NPUkJP44Ki44Kt44Os44K544K944Or44OcZWNjb+ODn+OCuuODjuOBiuWkmuemj+OCt+ODpeODvOOCuuOCteODs+ODgOODq+ODkeODs+ODl+OCueODn+ODpeODvOODq+eerOi2s+OCs+ODs+ODleOCqeODvOODiOOCt+ODpeODvOOCuumAgeaWmeeEoeaWmeODrOOCpOODs+ODluODvOODhOOAkOS7rumdouODqeOCpOODgOODvOOCrOOCpOODoO+8j+S7rumdouODqeOCpOODgOODvOmOp+atpuOAkeeerOi2s+OBp+OBiuOBquOBmOOBv+OBruOCouOCreODrOOCueijveKYhuOAgEMtNjE244CAQzYxNuOAgENXQzYxNjDjgIDpu5LjgIDjg5bjg6njg4Pjgq/jg7vjgIDjgrfjg6vjg5Djg7zjgJDjgYLjgZnmpb3lr77lv5zjgJHjgJDjgJFmczA0Z20gYXBhcDjjgJDlrZDkvpvpnbTjgJHjgqbjgqPjg7Pjgr/jg7zjg5bjg7zjg4TjgIDjgrnjg47jg7zjg5bjg7zjg4TjgIDplbfpnbQ=,6Ziy5rC05LuV5qeY44Gu5pyA5paw44K544OO44O844OW44O844OE77yB44CQ44GC44GZ5qW95a++5b+c44CR4piG44CC44CQ5Luu6Z2i44Op44Kk44OA44O844Ks44Kk44Og77yP5Luu6Z2i44Op44Kk44OA44O86Y6n5q2m44CR556s6Laz44Gn44GK44Gq44GY44G/44Gu44Ki44Kt44Os44K56KO94piG44CAQy02MTbjgIBDNjE244CAQ1dDNjE2MOOAgOm7kuOAgOODluODqeODg+OCr+ODu+OAgOOCt+ODq+ODkOODvOOAkOOBguOBmealveWvvuW/nOOAkeOAkOOAkWZzMDRnbSBhcGFwOOOAkOWtkOS+m+mdtOOAkeOCpuOCo+ODs+OCv+ODvOODluODvOODhOOAgOOCueODjuODvOODluODvOODhOOAgOmVt+mdtA==[rn]
30-32921,aHR0cDovL3RzaG9wLnIxMHMuanAvb2thbW90b3lhL2NhYmluZXQva2FtZW5yaWRlci90dmk2MzYwLTAwLmpwZz9maXRpbj03MDA6NzAw,MTk4Ny4yMDAw,,44Kt44OD44K644O744OZ44OT44O844O744Oe44K/44OL44OG44KjID4g44Kt44OD44K6ID4g6Z20ID4g6ZW36Z2044O744Os44Kk44Oz44K344Ol44O844K6,44CQ5Luu6Z2i44Op44Kk44OA44O844Ks44Kk44Og77yP5Luu6Z2i44Op44Kk44OA44O86Y6n5q2m44CR556s6Laz44Gn44GK44Gq44GY44G/44Gu44Ki44Kt44Os44K56KO94piG44CAQy02MzbjgIBDNjM244CAVFZJNjM2MOOAgOODluODq+ODvO+8j+OCrOOCpOODoOOAgOODrOODg+ODie+8j+ODkOODreODsyDjgrDjg6rjg7zjg7PvvI/jg6rjg6XjgqbjgrLjg7PjgJDjgYLjgZnmpb3lr77lv5zjgJHjgJDjgJFmczA0Z20gYXBhcDjjgJDlrZDkvpvpnbTjgJHnnqzotrPjgrPjg6njg5zjg6Ljg4fjg6s=,44GK5a2Q5qeY5aSn6IiI5aWu4pmq44CQ44GC44GZ5qW95a++5b+c44CR4piG,PGNlbnRlcj4KPEZPTlQgY29sb3I9I2NjMDAwMCAKc2l6ZT0yPuKYheKYheKYheKYheKYheKYheKYheKYheKYheKYheKYheKYheKYheKYheKYheKYheKYheKYheKYheKYheKYheKYheKYheKYheKYheKYheKYheKYheKYheKYheKYheKYheKYheKYheKYheKYheKYheKYheKYheKYheKYheKYheKYheKYheKYheKYheKYheKYhTxCUj4KPC9GT05UPjxCUj4KCgoKPGZvbnQgc2l6ZT02IGNvbG9yPSNjYzAwMDA+5aSn5Lq65rCX44Gu5Luu6Z2i44Op44Kk44OA44O844Ks44Kk44Og4pmq44CA556s6Laz44Kz44Op44Oc44Oi44OH44Or77yBPC9mb250PjxCUj4KPEJSPgoKPGltZyBzcmM9Imh0dHA6Ly9pbWFnZS5yYWt1dGVuLmNvLmpwL29rYW1vdG95YS9jYWJpbmV0L2thbWVucmlkZXIvdHZpNjM2MC0wMC5qcGciPjxCUj48QlI+CgoKPCEtLSDjgYLjgZnmpb3vvIbov5Tlk4HnhKHmlpnjga7oqqzmmI7mlocgLS0+CjxUQUJMRSBib3JkZXI9IjAiIHdpZHRoPSI3MDAiPgo8dHI+PHRkPgogICAgICA8Q0VOVEVSPgoKPGZvbnQgc2l6ZT0iMiI+CjxiPgrigLvmnKzllYblk4Hjga/mnIDnn63jgafnv4zml6XjgavphY3pgIHjgZXjgozjgovjgJDjgYLjgZnmpb3jgJHjgavlr77lv5zjgZfjgabjgYrjgorjgb7jgZnjgII8QlI+CuOAkOOBguOBmealveOAkeOCkuOBlOW4jOacm+OBruOBiuWuouanmOOBr+OAgeS7peS4i+OBruazqOaEj+eCueOCkuOCiOOBj+OBiuiqreOBv+OBj+OBoOOBleOBhOOAgiA8QlI+CjxCUj4KPC9iPjwvZm9udD4KPElGUkFNRSBzcmM9Imh0dHA6Ly93d3cucmFrdXRlbi5uZS5qcC9nb2xkL29rYW1vdG95YS9hc3VyYWt1Lmh0bSIgbmFtZT0icHIiIHdpZHRoPSI3MjAiIGhlaWdodD0iMTUwIiBmcmFtZWJvcmRlcj0iMSI+PC9pZnJhbWU+PEJSPgogICAgICA8QlI+CiAgICAgIDxCUj4KPEJSPgoKPHRhYmxlIGJvcmRlcj0iMCI+Cjx0cj4KPHRkPgo8aW1nIHNyYz1odHRwOi8vaW1hZ2UucmFrdXRlbi5jby5qcC9va2Ftb3RveWEvY2FiaW5ldC9rYW1lbnJpZGVyL3R2aTYzNjAtMzAwMC0wMS5qcGcgd2lkdGg9MzUwPjwvdGQ+Cjx0ZD4KPGltZyBzcmM9aHR0cDovL2ltYWdlLnJha3V0ZW4uY28uanAvb2thbW90b3lhL2NhYmluZXQva2FtZW5yaWRlci90dmk2MzYwLTMwMDAtMDYuanBnIHdpZHRoPTM1MD48L3RkPgo8L3RyPgo8dHI+Cjx0ZD4KPGltZyBzcmM9aHR0cDovL2ltYWdlLnJha3V0ZW4uY28uanAvb2thbW90b3lhL2NhYmluZXQva2FtZW5yaWRlci90dmk2MzYwLTMwMDAtMDMuanBnIHdpZHRoPTM1MD48L3RkPgo8dGQ+CjxpbWcgc3JjPWh0dHA6Ly9pbWFnZS5yYWt1dGVuLmNvLmpwL29rYW1vdG95YS9jYWJpbmV0L2thbWVucmlkZXIvdHZpNjM2MC0zMDAwLTA0LmpwZyB3aWR0aD0zNTA+PC90ZD4KPC90cj4KPHRyPgo8dGQ+CjxpbWcgc3JjPWh0dHA6Ly9pbWFnZS5yYWt1dGVuLmNvLmpwL29rYW1vdG95YS9jYWJpbmV0L2thbWVucmlkZXIvdHZpNjM2MC0zMDAwLTAyLmpwZyB3aWR0aD0zNTA+PC90ZD4KPHRkPgo8aW1nIHNyYz1odHRwOi8vaW1hZ2UucmFrdXRlbi5jby5qcC9va2Ftb3RveWEvY2FiaW5ldC9rYW1lbnJpZGVyL3R2aTYzNjAtMzAwMC0wNS5qcGcgd2lkdGg9MzUwPjwvdGQ+CjwvdHI+Cjx0cj4KPHRkPgo8aW1nIHNyYz1odHRwOi8vaW1hZ2UucmFrdXRlbi5jby5qcC9va2Ftb3RveWEvY2FiaW5ldC9rYW1lbnJpZGVyL3R2aTYzNjAtMzAwMC0wOC5qcGcgd2lkdGg9MzUwPjwvdGQ+Cjx0ZD4KPGltZyBzcmM9aHR0cDovL2ltYWdlLnJha3V0ZW4uY28uanAvb2thbW90b3lhL2NhYmluZXQva2FtZW5yaWRlci90dmk2MzYwLTMwMDAtMDcuanBnIHdpZHRoPTM1MD48L3RkPgo8L3RyPgoKCgo8L3RhYmxlPgoKPEJSPjxCUj4KCjxUQUJMRSBib3JkZXI9IjAiPjxUUj48VEQ+Cjx0YWJsZSB3aWR0aD0zNTAgYm9yZGVyPTA+Cjx0cj48dGQ+PEJSPuOAgDxVPjxCPgril4/ntKDmnZDjgavjgaTjgYTjgaYKPC9CPjwvVT48L3RkPjwvdHI+Cjx0cj48dGQgY29sc3Bhbj0yPjxUQUJMRSB3aWR0aD0zNTAgYm9yZGVyPTA+PFRSPjxURCB3aWR0aD0xMD48L1REPgo8VEQgd2lkdGg9OTA+CuOCouODg+ODkeODvDwvVEQ+PFREIHdpZHRoPTI1MD7vvJrjgIDlkIjmiJDnmq7pnak8L3RkPjwvdHI+CjxUUj48VEQ+PC9URD48VEQ+CuOCveODvOODqzwvVEQ+PFREPu+8muOAgOWQiOaIkOW6lTwvdGQ+PC90cj48L1RBQkxFPjwvdGQ+PC90cj4KPHRyPjx0ZD48QlI+44CAPFU+PEI+CuKXj+OCteOCpOOCuuOBq+OBpOOBhOOBpgo8L0I+PC9VPjwvdGQ+PC90cj4KPHRyPjx0ZCBjb2xzcGFuPTI+PFRBQkxFIHdpZHRoPTM1MCBib3JkZXI9MD48VFI+PFREIHdpZHRoPTEwPjwvVEQ+CjxURCB3aWR0aD05MD4K44Km44Kj44K677yI5bmF77yJPC9URD48VEQgd2lkdGg9MjUwPu+8muOAgO+8ku+8pTwvdGQ+PC90cj4KPFRSPjxURD48L1REPgo8VEQ+CuODkuODvOODq+mrmDwvVEQ+PFREPu+8muOAgO+9g++9jTwvdGQ+PC90cj48L1RBQkxFPjwvdGQ+PC90cj4KPHRyPjx0ZD48QlI+44CAPFU+PEI+CuKXj+azqOaEj+S6i+mghQo8L0I+PC9VPjwvdGQ+PC90cj4KPHRyPjx0ZCBjb2xzcGFuPTI+PFRBQkxFIHdpZHRoPTM1MCBib3JkZXI9MD48VFI+PFREIHdpZHRoPTEwPjwvVEQ+CjxURCB3aWR0aD0zNDA+CueUu+mdouS4iuOBqOWun+eJqeOBp+OBr+WkmuWwkeiJsuWFt+WQiOOBjOeVsOOBquOBo+OBpjxCUj4K6KaL44GI44KL5aC05ZCI44KC44GU44GW44GE44G+44GZ44CCPEJSPgrkuojjgoHjgZTkuobmib/jgY/jgaDjgZXjgYTjgb7jgZnjgojjgYbjgYrpoZjjgYTnlLPjgZfkuIrjgZLjgb7jgZnjgIIKPC9URD48L1RSPjwvVEFCTEU+PC90ZD48L3RyPgo8L3RhYmxlPgo8L1REPjxURCB2YWxpZ249InRvcCI+Cjx0YWJsZSB3aWR0aD0zNTAgYm9yZGVyPTA+Cjx0cj48dGQ+PEJSPuOAgDxVPjxCPgril4/mnKzoo73lk4Hjga7nibnlvrQKPC9CPjwvVT48L3RkPjwvdHI+Cjx0cj48dGQgY29sc3Bhbj0yPjxUQUJMRSB3aWR0aD0zNTAgYm9yZGVyPTA+PFRSPjxURCB3aWR0aD0xMD48L1REPgo8VEQgd2lkdGg9OTA+CueUn+eUo+WbvTwvVEQ+PFREIHdpZHRoPTI1MD7vvJrjgIDkuK3lm708L3RkPjwvdHI+PC9UQUJMRT48L3RkPjwvdHI+Cjx0cj48dGQgY29sc3Bhbj0yPjxUQUJMRSB3aWR0aD0zNTAgYm9yZGVyPTA+PFRSPjxURCB3aWR0aD0xMD48L1REPgo8VEQgd2lkdGg9OTA+CumHjeOBle+8iOeJh+i2s++8iTwvVEQ+PFREIHdpZHRoPTI1MD7vvJrjgIDvvYfjgIDvvIgxNy4wY23muKzlrprvvIk8L3RkPjwvdHI+PC9UQUJMRT48L3RkPjwvdHI+CgoKCjx0cj48dGQgY29sc3Bhbj0yPjxUQUJMRSB3aWR0aD0zNTAgYm9yZGVyPTA+PFRSPjxURCB3aWR0aD0xMD48L1REPgo8VEQgd2lkdGg9MzQwPgo8Zm9udCBjb2xvcj0jY2MwMDAwPuODu+iEseOBjuWxpeOBjeODqeOCr+ODqeOCrzxCUj4KICAgICAgICAgICAgICAgICAgICAgICAg44O744Kr44OD44OX44Kk44Oz44K944O844OrPEJSPgogICAgICAgICAgICAgICAg44O76ISx44GO5bGl44GN44Op44Kv44Op44KvPGJyPgogICAgICAgICAgICAgICAg44O76Lu96YeP6Kit6KiIPGJyPgogICAgICAgICAgICAgICAg44O744ON44O844Og44K544Oa44O844K544GC44KKPEJSPgo8L2ZvbnQ+Cjxmb250IHNpemU9IjIiIGNvbG9yPSJyZWQiPgo8QlI+CiAgICAgICAgICAgICAgICAgICAgICAgIOKAuzxVPjxCPu+8iOOBiuWPluOCiuWvhOOBm++8iTwvQj7jgZTms6jmlofjga7loLTlkIjjgIE8L1U+PEJSPgogICAgICAgICAgICAgICAgICAgICAgICA8VT7nmbrpgIHjgb7jgafjgavpgJrluLg8Qj7vvJHpgLHplpM8L0I+56iL44Gu44GK5pmC6ZaT44KS6aCC5oi044GX44Gm44GK44KK44G+44GZ44CCPC9VPjxCUj48QlI+CiAgICAgICAgICAgICAgICAgICAgICAgIOOBn+OBoOOBl+ODoeODvOOCq+ODvOS8kealreaXpe+8iOWcn+aXpeelne+8ieOBq+OBlOazqOaWh+OBruWgtOWQiOOBrzxCUj4KICAgICAgICAgICAgICAgICAgICAgICAg57+M44Oh44O844Kr44O85Za25qWt5pel44GL44KJ44Gu5a++5b+c44Go44Gq44KK44G+44GZ44CC5LqI44KB44GU5LqG5om/5LiL44GV44GE44CCPEJSPgogICAgICAgICAgICAgICAgICAgICAgICDjg6Hjg7zjgqvjg7zlnKjluqvliIfjgoznrYnjga7nkIbnlLHjgavjgojjgorjgIHntI3mnJ/jgYzlpKfluYXjgas8QlI+CiAgICAgICAgICAgICAgICAgICAgICAgIOmBheOCjOOBpuOBl+OBvuOBhuWgtOWQiOOBq+OBr+OAgemAn+OChOOBi+OBq+OBlOmAo+e1oeOCkuOBhOOBn+OBl+OBvuOBmeOAgjxCUj48QlI+PC9mb250PjwvVEQ+PC9UUj48L1RBQkxFPjwvdGQ+PC90cj4KPC90YWJsZT48L1REPjwvVFI+PC9UQUJMRT4KPEJSPgoKCgoKPC9DRU5URVI+PC90ZD48L3RyPjwvVEFCTEU+PC9jZW50ZXI+CgoKPEJSPjxCUj48Y2VudGVyPgo8YSBocmVmPWh0dHA6Ly9pdGVtLnJha3V0ZW4uY28uanAvb2thbW90b3lhL2MvMDAwMDAwMDEzNy8+PGZvbnQgc2l6ZT0yPuOAgOKGk+OAgO+8le+8kO+8kO+8kOWGhuS7peS4iuOBquOCiemAgeaWmeeEoeaWmeKZquOAgOOBhOOBhOOCguOBruOBguOCi+OBi+OCgu+8ge+8n+OAgOKGkzwvZm9udD48QlI+CjxpbWcgc3JjPSJodHRwOi8vaW1hZ2UucmFrdXRlbi5jby5qcC9va2Ftb3RveWEvY2FiaW5ldC9uZXd0b3AtMDkwODEyL2ltZzU5MDk0OTEzLmpwZyIgYm9yZGVyPTA+PC9hPjwvY2VudGVyPjxCUj4KPHRhYmxlIGJvcmRlcj0wPjx0cj48VEQgYWxpZ249ImNlbnRlciI+Cgo8aW1nIHNyYz0iaHR0cDovL2ltYWdlLnJha3V0ZW4uY28uanAvb2thbW90b3lhL2NhYmluZXQvc29yYm8tZHNpcy9zb2Z0b3VjaC00MjAtMDEuanBnIiB3aWR0aD0yMDAgYm9yZGVyPTA+PEJSPgo8Zm9udCBzaXplPTI+PEJSPuOBoeOCh+OBo+OBqOOCteOCpOOCuuOBjOWkp+OBjeOBhOOBi+OCgu+8nzxCUj7jgrXjgqTjgrroqr/mlbTnlKjjgqTjg7Pjgr3jg7zjg6vjgarjgonjgZPjgozvvIE8L2ZvbnQ+CjwvVEQ+PFREIGFsaWduPSJjZW50ZXIiPgo8L1REPjwvdHI+PC90YWJsZT48IS0tIOKGk+OBk+OBk+OBi+OCieOCs+ODs+ODkeOCueOAjOWFsemAmuiqrOaYjuaWhyjlpKcp44CN6Kit572u55SoSFRNTOOCv+OCsOOBp+OBmeKGkyjigLvjgZPjga7mlofnq6DjgoLkuIDnt5LjgavjgYrosrzjgorku5jjgZHjgY/jgaDjgZXjgYTjgIIpCgrjgIDigLvlvZNIVE1M44K/44Kw44KS6LK85LuY44GR5pmC44CB5pei44Gr5YWl5Yqb44GV44KM44Gm44GE44KLSFRNTOOBjOOBguOCi+WgtOWQiOOAgQrjgIDjgIDjgZ3jgaHjgonjgpLliYrpmaTjgZnjgovjgajlvozjgYvjgonlhYPjgavmiLvjgZnkuovjgYzjgafjgY3jgb7jgZvjgpPjgIIK44CA44CA5YmK6Zmk44GV44KM44KL5aC05ZCI44Gv44CB5b+F44Ga44GK5omL5YWD44Gr44OQ44OD44Kv44Ki44OD44OX44KS44GK6aGY44GE44GX44G+44GZ44CC44CA44CA44CA44CA44CALS0+CjxsaW5rIGhyZWY9Imh0dHA6Ly93d3cucmFrdXRlbi5uZS5qcC9nb2xkL29rYW1vdG95YS9jb21wYXNzL3Nob3AvY3NzL3N0eWxlX3Jtcy5jc3MiIHR5cGU9InRleHQvY3NzIiBtZWRpYT0iYWxsIiByZWw9InN0eWxlc2hlZXQiPgoKPHRhYmxlIHdpZHRoPSI3MjgiIGNlbGxwYWRkaW5nPSIwIiBjZWxsc3BhY2luZz0iMCIgYm9yZGVyPSIwIiBzdHlsZT0ibWFyZ2luOjAgYXV0bzsgcGFkZGluZzowOyI+Cjx0cj4KPHRkPgoKPC90ZD4KPC90cj4KPC90YWJsZT4KPCEtLSDihpHjgZPjgZPjgb7jgafjgYxjb21wYXNzIGZvciDmpb3lpKnluILloLQg44K344On44OD44OX44Oa44O844K46Kit572u55SoSFRNTOOCv+OCsOOBp+OBmeKGkeOAgC0tPg==,44CQ5Luu6Z2i44Op44Kk44OA44O844Ks44Kk44Og77yP5Luu6Z2i44Op44Kk44OA44O86Y6n5q2m44CR556s6Laz44Gn44GK44Gq44GY44G/44Gu44Ki44Kt44Os44K56KO94piG44CAQy02MzbjgIBDNjM244CAVFZJNjM2MOOAgOODluODq+ODvO+8j+OCrOOCpOODoOOAgOODrOODg+ODie+8j+ODkOODreODsyDjgrDjg6rjg7zjg7PvvI/jg6rjg6XjgqbjgrLjg7PjgJDjgYLjgZnmpb3lr77lv5zjgJHjgJDjgJFmczA0Z20gYXBhcDjjgJDlrZDkvpvpnbTjgJHnnqzotrPjgrPjg6njg5zjg6Ljg4fjg6vvvJrpnbTpgJrosqnjga7lsqHmnKzlsYvlsaXnianlupc=,44Km44Kp44O844Kt44Oz44Kw44K344Ol44O844K644OT44K444ON44K544K344Ol44O844K644OV44Kp44O844Oe44Or44K344Ol44O844K66Z206YCa6LKp5bKh5pys5bGL5bGl54mp5bqX44Kv44Op44O844Kv44K5UkVHQUzjg6rjg7zjgqzjg6tBY2hpbGxlc1NPUkJP44Ki44Kt44Os44K544K944Or44OcZWNjb+ODn+OCuuODjuOBiuWkmuemj+OCt+ODpeODvOOCuuOCteODs+ODgOODq+ODkeODs+ODl+OCueODn+ODpeODvOODq+eerOi2s+OCs+ODs+ODleOCqeODvOODiOOCt+ODpeODvOOCuumAgeaWmeeEoeaWmeODrOOCpOODs+ODluODvOODhOOAkOS7rumdouODqeOCpOODgOODvOOCrOOCpOODoO+8j+S7rumdouODqeOCpOODgOODvOmOp+atpuOAkeeerOi2s+OBp+OBiuOBquOBmOOBv+OBruOCouOCreODrOOCueijveKYhuOAgEMtNjM244CAQzYzNuOAgFRWSTYzNjDjgIDjg5bjg6vjg7zvvI/jgqzjgqTjg6DjgIDjg6zjg4Pjg4nvvI/jg5Djg63jg7Mg44Kw44Oq44O844Oz77yP44Oq44Ol44Km44Ky44Oz44CQ44GC44GZ5qW95a++5b+c44CR44CQ44CRZnMwNGdtIGFwYXA444CQ5a2Q5L6b6Z2044CR556s6Laz44Kz44Op44Oc44Oi44OH44Or,44GK5a2Q5qeY5aSn6IiI5aWu4pmq44CQ44GC44GZ5qW95a++5b+c44CR4piG44CC44CQ5Luu6Z2i44Op44Kk44OA44O844Ks44Kk44Og77yP5Luu6Z2i44Op44Kk44OA44O86Y6n5q2m44CR556s6Laz44Gn44GK44Gq44GY44G/44Gu44Ki44Kt44Os44K56KO94piG44CAQy02MzbjgIBDNjM244CAVFZJNjM2MOOAgOODluODq+ODvO+8j+OCrOOCpOODoOOAgOODrOODg+ODie+8j+ODkOODreODsyDjgrDjg6rjg7zjg7PvvI/jg6rjg6XjgqbjgrLjg7PjgJDjgYLjgZnmpb3lr77lv5zjgJHjgJDjgJFmczA0Z20gYXBhcDjjgJDlrZDkvpvpnbTjgJHnnqzotrPjgrPjg6njg5zjg6Ljg4fjg6s=[rn]
30-32922,aHR0cDovL3RzaG9wLnIxMHMuanAva29kb21vcmUvY2FiaW5ldC95YXcveWF3LXNob2VzLmpwZz9maXRpbj03MDA6NzAw,MTYyNC4wMDAw,,44Kt44OD44K644O744OZ44OT44O844O744Oe44K/44OL44OG44KjID4g44Kt44OD44K6ID4g6Z20ID4g6ZW36Z2044O744Os44Kk44Oz44K344Ol44O844K6,RmFiaHVnIOODmeODk+ODvO+8huOCreODg+OCuuODrOOCpOODs+OCt+ODpeODvOOCuuKWoOODrOOCpOODs+ODluODvOODhOKWoOOCueOCv+ODvCA3Y29sb3Jz4pagMTMxNDE1Y23ilqDjg6zjgqTjg7PjgrDjg4Pjgrog6Zuo5YW3IOODrOOCpOODs+OCs+ODvOODiC/jg63jg7Pjg5Hjg7zjgrnilqAyMDE35bm0IDU3NjE1MDHilqBiYWJ5IGtpZHPjgIDlhaXlnJLjgIHlhaXlrabmupblgpnilqDjg6bjgqLjg7zjgrrjgqLjg7zjg5/jg7zjg6/jg7zjg6vjg4nilqAwNVAwMU9jdDE2,5a6J5b+D44Gu5pel5pys6KO94piGN2NvbG9ycw==,PGltZyBzcmM9Imh0dHBzOi8vaW1hZ2UucmFrdXRlbi5jby5qcC9rb2RvbW9yZS9jYWJpbmV0L3lhdy95YXctc2hvZXMuanBnIiBub2JyPjxicj48YnI+Cgo8aW1nIHNyYz0iaHR0cHM6Ly9pbWFnZS5yYWt1dGVuLmNvLmpwL2tvZG9tb3JlL2NhYmluZXQveWF3L3lhdy1zaG9lcy0xLmpwZyIgbm9icj48YnI+PGJyPgoKCjxpbWcgc3JjPSJodHRwOi8vaW1hZ2UucmFrdXRlbi5jby5qcC9rb2RvbW9yZS9jYWJpbmV0L3lhdy95YXctc2hvZXMtMi5qcGciIG5vYnI+PGJyPjxicj4KCjxpbWcgc3JjPSJodHRwOi8vaW1hZ2UucmFrdXRlbi5jby5qcC9rb2RvbW9yZS9jYWJpbmV0L3lhdy95YXctNjc0MTU1OS0yLmpwZyIgbm9icj48YnI+PGJyPjxjZW50ZXI+Cjx0YWJsZSB3aWR0aD0iMzgwIiB0YWJsZSBjZWxsc3BhY2luZz0iMCIgY2VsbHBhZGRpbmc9IjQiPgo8dHI+PHRkIHdpZHRoPSIxMCIgc3R5bGU9ImJvcmRlci1ib3R0b206MXB4IHNvbGlkIGJsYWNrO2JvcmRlci1yaWdodDoxcHggc29saWQgYmxhY2s7IiBoZWlnaHQ9IjYiPuOAgOOAgDwvdGQ+Cjx0ZCBzdHlsZT0iYm9yZGVyLWJvdHRvbToxcHggc29saWQgYmxhY2s7IiBoZWlnaHQ9IjYiPuOAgDwvdGQ+Cjx0ZCBzdHlsZT0iYm9yZGVyLWxlZnQ6MXB4IHNvbGlkIGJsYWNrO2JvcmRlci1ib3R0b206MXB4IHNvbGlkIGJsYWNrOyIgaGVpZ2h0PSI2Ij7jgIA8L3RkPjwvdHI+Cjx0cj48dGQgd2lkdGg9IjEwIiBzdHlsZT0iYm9yZGVyLXJpZ2h0OjFweCBzb2xpZCBibGFjazsiPuOAgDwvdGQ+Cjx0ZD4KPGZvbnQgc2l6ZT0yPgoKRE3kvr8o5pen44Oh44O844Or5L6/KeOAgeODjeOCs+ODneOCueOBlOWIqeeUqOOBp+OBjeOBvuOBm+OCk+OAgjxicj4KRE3kvr8o5pen44Oh44O844Or5L6/KeOAgeODjeOCs+ODneOCueOBlOaMh+WumumgguOBhOOBn+WgtOWQiOOBr+WuheaApeS+v+OBq+WkieabtOOBl+OBpuOBrueZuumAgeOBqOOBquOCiuOBvuOBmeS6i+OBlOS6huaJv+S4i+OBleOBhOOAgjxicj4KPGJyPgo8YnI+CkZhYmh1ZyDjg6zjgqTjg7Pjgrfjg6Xjg7zjgrov44Os44Kk44Oz44OW44O844OE44Gn44GZ44CCCjxicj4KPGJyPgrjgJDntKDmnZDjgJHmnKzkvZMgUFZDIOijj+WcsOODiuOCpOODreODszEwMCU8YnI+Cjxicj4K44CQ44GU5rOo5oSP44CRCgrjgYrkvb/jgYTjga7jg5Hjgr3jgrPjg7Pjga7nkrDlooPjgavjgojjgornlLvpnaLkuIrjgajlrp/nianjgafjga/jgIHlpJrlsJHoibLlhbflkIjjgYznlbDjgarjgaPjgabopovjgYjjgovloLTlkIjjgoLjgZTjgZbjgYTjgb7jgZnjgILnlJ/lnLDjgavjgojjgorlr7jms5Xjga7oqqTlt67jgoTjg5fjg6rjg7Pjg4jjga7phY3nva7jgYznlbDjgarjgorjgb7jgZnkuovjgZTkuobmib/kuIvjgZXjgYTjgII8YnI+Cjxicj4KbWFkZSBpbiBKQVBBTiA8YnI+Cjxicj4KPGJyPgrjgJDllYblk4HnmbrpgIHjga7nm67lronjgJE8YnI+CuWcqOW6q+OBjOOBguOCi+WgtOWQiO+8muOBlOazqOaWh+aJv+irvuW+jOOAgeW9k+aXpe+9njTllrbmpa3ml6Xku6XlhoXjgavnmbrpgIHoh7TjgZfjgb7jgZnjgII8YnI+Cjxicj4KPGJyPgoKCgo8L2ZvbnQ+CjwvdGQ+Cjx0ZCB3aWR0aD0iMTAiIHN0eWxlPSJib3JkZXItbGVmdDoxcHggc29saWQgYmxhY2s7Ij7jgIA8L3RkPjwvdHI+Cjx0cj48dGQgd2lkdGg9IjEwIiBzdHlsZT0iYm9yZGVyLXRvcDoxcHggc29saWQgYmxhY2s7Ym9yZGVyLXJpZ2h0OjFweCBzb2xpZCBibGFjazsiIGhlaWdodD0iNiI+44CAPC90ZD4KPHRkIHN0eWxlPSJib3JkZXItdG9wOjFweCBzb2xpZCBibGFjazsiIGhlaWdodD0iNiI+44CAPC90ZD4KPHRkIHN0eWxlPSJib3JkZXItbGVmdDoxcHggc29saWQgYmxhY2s7Ym9yZGVyLXRvcDoxcHggc29saWQgYmxhY2s7IiBoZWlnaHQ9IjYiPuOAgDwvdGQ+PC90cj48L3RhYmxlPgo8L2NlbnRlcj48YnI+Cjxicj4KCgo8Y2VudGVyPgoKCjxpbWcgc3JjPSJodHRwOi8vaW1hZ2UucmFrdXRlbi5jby5qcC9rb2RvbW9yZS9jYWJpbmV0L3Nob3AvYnMtYm4uanBnIiBib3JkZXI9IjAiPjxicj4KPGZvbnQgc2l6ZT0yIGNvbG9yPXJlZD48Yj7ihpLjg5Djg7Pjg4Djg4rjgrnjgr/jgqTlpKflpb3oqZXnmbrlo7LkuK3imIY8L2I+PC9mb250Pjxicj4KCjxpbWcgc3JjPSJodHRwOi8vaW1hZ2UucmFrdXRlbi5jby5qcC9rb2RvbW9yZS9jYWJpbmV0L3Nob3AvcmFpbnJvbXBlcnMtYm4uanBnIiBib3JkZXI9IjAiPjxicj4KPGZvbnQgc2l6ZT0yIGNvbG9yPXJlZD48Yj7ihpIyMDE35bm05bqmcGV0aXQgYW5nZWxpbmEvWkFaWlkgWkFQUy9PUkFOR0UgQk9OQk9O44Gu44Os44Kk44Oz44Ot44Oz44OR44O844K5KOOBiuegguWgtOedgCnlpKflpb3oqZXnmbrlo7LkuK3imIY8L2I+PC9mb250Pjxicj4KCjxpbWcgc3JjPSJodHRwOi8vaW1hZ2UucmFrdXRlbi5jby5qcC9rb2RvbW9yZS9jYWJpbmV0L3Nob3Avc2hvZXMxLWJuLmpwZyIgYm9yZGVyPSIwIj48YnI+Cjxmb250IHNpemU9MiBjb2xvcj1yZWQ+PGI+4oaSMjAxN+W5tOW6pkZ1Ymh1ZyDjgrfjg7Pjg5fjg6vjgaflkIjjgo/jgZvjgoTjgZnjgYTjg6zjgqTjg7Pjgrfjg6Xjg7zjgrrlhaXojbfjgZfjgb7jgZfjgZ/imIY8L2I+PC9mb250Pjxicj4KCjxpbWcgc3JjPSJodHRwOi8vaW1hZ2UucmFrdXRlbi5jby5qcC9rb2RvbW9yZS9jYWJpbmV0L3Nob3Ava2lkc2JhY2twYWNrLmpwZyIgYm9yZGVyPSIwIj48YnI+Cjxmb250IHNpemU9MiBjb2xvcj1yZWQ+PGI+4oaSMjAxN+W5tOW6pllFTExPVyBGQUNF44Kt44OD44K644Oq44Ol44OD44KvL+ODkOODg+OCr+ODkeODg+OCr+WFpeiNt+OBl+OBvuOBl+OBn+KYhjwvYj48L2ZvbnQ+PGJyPgoKPGltZyBzcmM9Imh0dHA6Ly9pbWFnZS5yYWt1dGVuLmNvLmpwL2tvZG9tb3JlL2NhYmluZXQvc2hvcC95Zi1iZWx0LWJuLmpwZyIgYm9yZGVyPSIwIj48YnI+Cjxmb250IHNpemU9MiBjb2xvcj1yZWQ+PGI+4oaS44OZ44OT44O844Kt44Oj44Oq44Ki44OZ44Or44OI44Kr44OQ44O85YWl6I2344GX44G+44GX44Gf4piGPC9iPjwvZm9udD48YnI+Cgo8aW1nIHNyYz0iaHR0cDovL2ltYWdlLnJha3V0ZW4uY28uanAva29kb21vcmUvY2FiaW5ldC9zaG9wLzNwLWJuLmpwZyIgYm9yZGVyPSIwIj48YnI+Cjxmb250IHNpemU9MiBjb2xvcj1yZWQ+PGI+4oaS5YWl5ZyS44CB5YWl5a2m5rqW5YKZ44Gr77yBU01M44K144Kk44K644Gu5YWl44Gj44Gf77yTUOW3vuedgOiii+OCu+ODg+ODiOOBp+OBmeKYhjwvYj48L2ZvbnQ+PGJyPgoKPGltZyBzcmM9Imh0dHA6Ly9pbWFnZS5yYWt1dGVuLmNvLmpwL2tvZG9tb3JlL2NhYmluZXQvc2hvcC9pZG91cG9rZS1ibi5qcGciIGJvcmRlcj0iMCI+PGJyPgo8Zm9udCBzaXplPTIgY29sb3I9cmVkPjxiPuKGkuOCreODg+OCuuODneOCseODg+ODiOWFpeiNt+OBl+OBvuOBl+OBn+KYhjwvYj48L2ZvbnQ+PGJyPgoKPGltZyBzcmM9Imh0dHA6Ly9pbWFnZS5yYWt1dGVuLmNvLmpwL2tvZG9tb3JlL2NhYmluZXQvc2hvcC9wYW50cy1ibi5qcGciIGJvcmRlcj0iMCI+PGJyPgo8Zm9udCBzaXplPTIgY29sb3I9cmVkPjxiPuKGkkJveXMgJiBHaXJscyDjgq3jg4Pjgrrjg5Hjg7Pjg4Tjg7vjgrfjg6fjg7zjg4TimIY8L2I+PC9mb250Pjxicj4KCgo8aW1nIHNyYz0iaHR0cDovL2ltYWdlLnJha3V0ZW4uY28uanAva29kb21vcmUvY2FiaW5ldC9zaG9wL2ppbmJlaS1ibi5qcGciIGJvcmRlcj0iMCI+PGJyPgo8Zm9udCBzaXplPTMgY29sb3I9cmVkPjxiPuKGkuOCreODg+OCuueUmuW5s+WFpeiNt+OBl+OBvuOBl+OBn++8gTwvYj48L2ZvbnQ+PGJyPgoKPGltZyBzcmM9Imh0dHA6Ly9pbWFnZS5yYWt1dGVuLmNvLmpwL2tvZG9tb3JlL2NhYmluZXQvc2hvcC9uYXRzdS1iLmpwZyIgYm9yZGVyPSIwIj48YnI+Cjxmb250IHNpemU9MyBjb2xvcj1yZWQ+PGI+4oaSU0FMReKYhnphenp5IHphcHMgb3JhbmdlYm9uYm9u5rC0552A44CB44K544Kk44Og44Kw44OD44K6U0FMReKYhjwvYj48L2ZvbnQ+PGJyPgoKPGJyPgo8aW1nIHNyYz0iaHR0cDovL2ltYWdlLnJha3V0ZW4uY28uanAva29kb21vcmUvY2FiaW5ldC9zaG9wL2Fwcm9uLWJuLmpwZyIgYm9yZGVyPSIwIj4mbmJzcDs8aW1nIHNyYz0iaHR0cDovL2ltYWdlLnJha3V0ZW4uY28uanAva29kb21vcmUvY2FiaW5ldC9zaG9wL3ItY29hdC1iLmpwZyIgYm9yZGVyPSIwIj4mbmJzcDs8aW1nIHNyYz0iaHR0cDovL2ltYWdlLnJha3V0ZW4uY28uanAva29kb21vcmUvY2FiaW5ldC9zaG9wL211bHRpLmpwZyIgYm9yZGVyPSIwIj48YnI+CgoKCjxpbWcgc3JjPSJodHRwOi8vaW1hZ2UucmFrdXRlbi5jby5qcC9rb2RvbW9yZS9jYWJpbmV0L3Nob3AvenotM3BzZXRzLW1pbmkuanBnIiBib3JkZXI9IjAiPiZuYnNwOzxpbWcgc3JjPSJodHRwOi8vaW1hZ2UucmFrdXRlbi5jby5qcC9rb2RvbW9yZS9jYWJpbmV0L3Nob3AvYm4tMjMxMDMuanBnIiBib3JkZXI9IjAiPiZuYnNwOzxpbWcgc3JjPSJodHRwOi8vaW1hZ2UucmFrdXRlbi5jby5qcC9rb2RvbW9yZS9jYWJpbmV0L3Nob3AvaHVrdWJ1a3Vyby5qcGciIGJvcmRlcj0iMCI+PGJyPgoKCjxicj4KPGJyPgoKPGltZyBzcmM9Imh0dHA6Ly9pbWFnZS5yYWt1dGVuLmNvLmpwL2tvZG9tb3JlL2NhYmluZXQvc2hvcC9oYXNzb3UyMDE2LTEuanBnIiBib3JkZXI9IjAiPjxicj4KPGJyPgoKPGJyPg==,RmFiaHVnIOODmeODk+ODvO+8huOCreODg+OCuuODrOOCpOODs+OCt+ODpeODvOOCuuKWoOODrOOCpOODs+ODluODvOODhOKWoOOCueOCv+ODvCA3Y29sb3Jz4pagMTMxNDE1Y23ilqDjg6zjgqTjg7PjgrDjg4Pjgrog6Zuo5YW3IOODrOOCpOODs+OCs+ODvOODiC/jg63jg7Pjg5Hjg7zjgrnilqAyMDE35bm0IDU3NjE1MDHilqBiYWJ5IGtpZHPjgIDlhaXlnJLjgIHlhaXlrabmupblgpnilqDjg6bjgqLjg7zjgrrjgqLjg7zjg5/jg7zjg6/jg7zjg6vjg4nilqAwNVAwMU9jdDE277yaa29kb21vcmU=,RmFiaHVnIOODmeODk+ODvO+8huOCreODg+OCuuODrOOCpOODs+OCt+ODpeODvOOCuuKWoOODrOOCpOODs+ODluODvOODhOKWoOOCueOCv+ODvCA3Y29sb3Jz4pagMTMxNDE1Y23ilqDjg6zjgqTjg7PjgrDjg4Pjgrog6Zuo5YW3IOODrOOCpOODs+OCs+ODvOODiC/jg63jg7Pjg5Hjg7zjgrnilqAyMDE35bm0IDU3NjE1MDHilqBiYWJ5IGtpZHPjgIDlhaXlnJLjgIHlhaXlrabmupblgpnilqDjg6bjgqLjg7zjgrrjgqLjg7zjg5/jg7zjg6/jg7zjg6vjg4nilqAwNVAwMU9jdDE2,5a6J5b+D44Gu5pel5pys6KO94piGN2NvbG9yc+OAgkZhYmh1ZyDjg5njg5Pjg7zvvIbjgq3jg4Pjgrrjg6zjgqTjg7Pjgrfjg6Xjg7zjgrrilqDjg6zjgqTjg7Pjg5bjg7zjg4TilqDjgrnjgr/jg7wgN2NvbG9yc+KWoDEzMTQxNWNt4pag44Os44Kk44Oz44Kw44OD44K6IOmbqOWFtyDjg6zjgqTjg7PjgrPjg7zjg4gv44Ot44Oz44OR44O844K54pagMjAxN+W5tCA1NzYxNTAx4pagYmFieSBraWRz44CA5YWl5ZyS44CB5YWl5a2m5rqW5YKZ4pag44Om44Ki44O844K644Ki44O844Of44O844Ov44O844Or44OJ4pagMDVQMDFPY3QxNg==[rn]
30-32923,aHR0cDovL3RzaG9wLnIxMHMuanAvd29vZGJveC9jYWJpbmV0LzE0L3RmLXJib290MTYtY3JfMS5qcGc/Zml0aW49NzAwOjcwMA==,MjM3Ni4wMDAw,,44Kt44OD44K644O744OZ44OT44O844O744Oe44K/44OL44OG44KjID4g44Kt44OD44K6ID4g6Z20ID4g6ZW36Z2044O744Os44Kk44Oz44K344Ol44O844K6,44Os44Kk44Oz44OW44O844OEIOOCreODg+OCuiDpgIHmlpnnhKHmlpkgVElGT05F44OG44Kj44OV44Kp44O844ONSlAg44Os44Kk44Oz44OW44O844OEIOODrOOCpOODs+OCt+ODpeODvOOCuiDjgq3jg4Pjgrog6ZW36Z20IOOCreODg+OCuiDjg6zjgqTjg7Pjg5bjg7zjg4Qg44K444Ol44OL44KiIOmVt+mdtCDjgq3jg4Pjgrog55S344Gu5a2QIOmVt+mdtCDjgq3jg4Pjgrog5aWz44Gu5a2QIOODrOOCpOODs+ODluODvOODhCDjgq3jg4Pjgrog44K444Ol44OL44KiVEEy44CQc210Yi1UROOAkeOAkHNhaXRhbWHjgJFmczA0Z23jgJBITFNfRFXjgJE=,MTQtMjNjbSDjg6zjgqTjg7Pjgrfjg6Xjg7zjgrog44Kt44OD44K6IOmAgeaWmeeEoeaWmSDplbfpnbQ=,PCEtLVRJRk9OReODneODs+ODgeODp+KYheWni+OBvuOCii0tPjxhIGhyZWY9Imh0dHA6Ly9pdGVtLnJha3V0ZW4uY28uanAvd29vZGJveC90aWZvLXBvbjE2LXBsLyI+PGltZyBzcmM9Imh0dHA6Ly9pbWFnZS5yYWt1dGVuLmNvLmpwL3dvb2Rib3gvY2FiaW5ldC9wYXJ0L3RpZm8tcG9uMTZwbC02MDAuanBnImFsdD0iVElGT05F44Od44Oz44OB44OnIiAiYm9yZGVyPSIwIi8+PC9hPjxicj48IS0t57WC44KP44KK4piFVElGT05F44Od44Oz44OB44OnLS0+PGJyPjwhLS1USUZPTkXjg6Hjg4Pjgrvjg7Pjgrjjg6Pjg7zjg5Djg4PjgrDimIXlp4vjgb7jgootLT4KPGEgaHJlZj0iaHR0cDovL2l0ZW0ucmFrdXRlbi5jby5qcC93b29kYm94L3RpZm8tbWVzczE1LWNyLyI+CjxpbWcgc3JjPSJodHRwOi8vaW1hZ2UucmFrdXRlbi5jby5qcC93b29kYm94L2NhYmluZXQvcGFydC9tZXNzZW42MDAuanBnImFsdD0i44Oh44OD44K744Oz44K444Oj44O844OQ44OD44KwIiBib3JkZXI9IjAiLz48L2E+PGJyPgo8IS0t57WC44KP44KK4piFVElGT05F44Oh44OD44K744Oz44K444Oj44O844OQ44OD44KwLS0+Cjxicj4KCjwhLS1USUZPTkXjgrfjg6fjg6vjg4Djg7zjg5Djg4PjgrDimIXlp4vjgb7jgootLT4KPGEgaHJlZj0iaHR0cDovL2l0ZW0ucmFrdXRlbi5jby5qcC93b29kYm94L3RpZm8tc2hvMTUtYnIvIj4KPGltZyBzcmM9Imh0dHA6Ly9pbWFnZS5yYWt1dGVuLmNvLmpwL3dvb2Rib3gvY2FiaW5ldC90aWZvbmUvdGlmby1zaG9sMTVfNjAwLmpwZyJhbHQ9IuOCt+ODp+ODq+ODgOODvOODkOODg+OCsCIgYm9yZGVyPSIwIi8+PC9hPjxicj4KPCEtLee1guOCj+OCiuKYhVRJRk9OReOCt+ODp+ODq+ODgOODvOODkOODg+OCsC0tPgoKPGJyPgoKPCEtLU1VU0XmjojkubPjgrHjg7zjg5fimIXlp4vjgb7jgootLT4KPGEgaHJlZj0iaHR0cDovL2l0ZW0ucmFrdXRlbi5jby5qcC93b29kYm94L2hvb3RlcmhpZGVycy1oaDAzLyI+CjxpbWcgc3JjPSJodHRwOi8vaW1hZ2UucmFrdXRlbi5jby5qcC93b29kYm94L2NhYmluZXQvdGlmb25lL211c2U2MDAtMi5qcGciYWx0PSJNVVNF5o6I5Lmz44Kx44O844OXMiIgImJvcmRlcj0iMCIvPjwvYT48YnI+CjwhLS3ntYLjgo/jgorimIVNVVNF5o6I5Lmz44Kx44O844OXLS0+Cgo8YnI+CgoKPGltZyBzcmM9Imh0dHA6Ly9pbWFnZS5yYWt1dGVuLmNvLmpwL3dvb2Rib3gvY2FiaW5ldC90aWZvbmUvdGlmb25lLXRvcDQ3NS5qcGciIHdpZHRoPSI2MDAiaGVpZ2h0PSI0NzUiYm9yZGVyPSIwImFsdD0iVElGT05F77yI44OG44Kj44OV44Kp44O844ON77yJIi8+PGJyPgo8YnI+Cgo8aW1nIHNyYz0iaHR0cDovL2ltYWdlLnJha3V0ZW4uY28uanAvd29vZGJveC9jYWJpbmV0L3RpZm9uZS90aWZvcmFpbjE2XzEuanBnIiB3aWR0aD0iNjAwImhlaWdodD0iNjAwImJvcmRlcj0iMCJhbHQ9IlRJRk9OReODrOOCpOODs+ODluODvOODhOOCreODg+OCuiIvPjxicj4KPGJyPgoKPGltZyBzcmM9Imh0dHA6Ly9pbWFnZS5yYWt1dGVuLmNvLmpwL3dvb2Rib3gvY2FiaW5ldC90aWZvbmUvdGlmb3JhaW4xNl8yLmpwZyIgd2lkdGg9IjYwMCJoZWlnaHQ9IjEwMDAiYm9yZGVyPSIwImFsdD0iVElGT05F44Os44Kk44Oz44OW44O844OE44Kt44OD44K6Ii8+PGJyPgo8YnI+Cgo8aW1nIHNyYz0iaHR0cDovL2ltYWdlLnJha3V0ZW4uY28uanAvd29vZGJveC9jYWJpbmV0L3RpZm9uZS90aWZvcmFpbjE2XzMuanBnIiB3aWR0aD0iNjAwImhlaWdodD0iMTAwMCJib3JkZXI9IjAiYWx0PSJUSUZPTkXjg6zjgqTjg7Pjg5bjg7zjg4Tjgq3jg4PjgroiLz48YnI+Cjxicj4KCjxpbWcgc3JjPSJodHRwOi8vaW1hZ2UucmFrdXRlbi5jby5qcC93b29kYm94L2NhYmluZXQvdGlmb25lL3RpZm9yYWluMTZfNC5qcGciIHdpZHRoPSI2MDAiaGVpZ2h0PSIxMDAwImJvcmRlcj0iMCJhbHQ9IlRJRk9OReODrOOCpOODs+ODluODvOODhOOCreODg+OCuiIvPjxicj4KPGJyPgoKPGltZyBzcmM9Imh0dHA6Ly9pbWFnZS5yYWt1dGVuLmNvLmpwL3dvb2Rib3gvY2FiaW5ldC90aWZvbmUvdGlmb3JhaW4xNl81LmpwZyIgd2lkdGg9IjYwMCJoZWlnaHQ9IjEwMDAiYm9yZGVyPSIwImFsdD0iVElGT05F44Os44Kk44Oz44OW44O844OE44Kt44OD44K6Ii8+PGJyPgo8YnI+Cgo8aW1nIHNyYz0iaHR0cDovL2ltYWdlLnJha3V0ZW4uY28uanAvd29vZGJveC9jYWJpbmV0L3RpZm9uZS90aWZvcmFpbjE2XzcuanBnIiB3aWR0aD0iNjAwImhlaWdodD0iMTIwMCJib3JkZXI9IjAiYWx0PSJUSUZPTkXjg6zjgqTjg7Pjg5bjg7zjg4Tjgq3jg4PjgroiLz48YnI+Cjxicj4KCgo8IS0tVElGT05F44Oq44Ol44OD44Kv4piF5aeL44G+44KKLS0+CjxhIGhyZWY9Imh0dHA6Ly9pdGVtLnJha3V0ZW4uY28uanAvd29vZGJveC9wbjExMDEtMDJfMDVfMzAvIj4KPGltZyBzcmM9Imh0dHA6Ly9pbWFnZS5yYWt1dGVuLmNvLmpwL3dvb2Rib3gvY2FiaW5ldC8xNC90aWZvbmUtbmV3XzYwMC5qcGciIHdpZHRoPSI2MDAiaGVpZ2h0PSIyMDAiYm9yZGVyPSIwImFsdD0iVElGT05F77yI44OG44Kj44OV44Kp44O844ON77yJ44Oq44Ol44OD44KvIi8+PC9hPjxicj4KPCEtLee1guOCj+OCiuKYhVRJRk9OReODquODpeODg+OCry0tPgoKPGJyPgoKPCEtLVRJRk9OReODnOODiOODq+KYheWni+OBvuOCii0tPgo8YSBocmVmPSJodHRwOi8vaXRlbS5yYWt1dGVuLmNvLmpwL3dvb2Rib3gvdGlmby1ib3R0bGUvIj4KPGltZyBzcmM9Imh0dHA6Ly9pbWFnZS5yYWt1dGVuLmNvLmpwL3dvb2Rib3gvY2FiaW5ldC90aWZvbmUvdGlmby1ib3R0bGUxXzYwMC5qcGciYWx0PSLjg5zjg4jjg6siICJib3JkZXI9IjAiLz48L2E+PGJyPgo8IS0t57WC44KP44KK4piFVElGT05F44Oc44OI44OrLS0+Cgo8YnI+CgoKPCEtLVRJRk9OReODjeODvOODoOOCv+OCsOKYheWni+OBvuOCii0tPgo8YSBocmVmPSJodHRwOi8vaXRlbS5yYWt1dGVuLmNvLmpwL3dvb2Rib3gvdGlmbmFtZS8iPgo8aW1nIHNyYz0iaHR0cDovL2ltYWdlLnJha3V0ZW4uY28uanAvd29vZGJveC9jYWJpbmV0L3RpZm9uZS90aWZuYW1lNjAwLmpwZyJhbHQ9IuODjeODvOODoOOCv+OCsCIgImJvcmRlcj0iMCIvPjwvYT48YnI+CjwhLS3ntYLjgo/jgorimIVUSUZPTkXjg43jg7zjg6Djgr/jgrAtLT4KCjxicj4KCjxpbWcgc3JjPSJodHRwOi8vaW1hZ2UucmFrdXRlbi5jby5qcC93b29kYm94L2NhYmluZXQvcGFydC9naWZ0NDM1LmpwZyIgYm9yZGVyPSIwImFsdD0i44Ku44OV44OI5om/44KK44G+44GZIi8+PGJyLz48YnIvPjxpbWcgc3JjPSJodHRwOi8vaW1hZ2UucmFrdXRlbi5jby5qcC93b29kYm94L2NhYmluZXQvcGFydC9zaG9wbWFpbF9yLmpwZyIgYm9yZGVyPSIwImFsdD0i44Oh44O844Or5L6/44Gr44Gk44GE44GmIi8+PGJyLz48YnIvPjxpbWcgc3JjPSJodHRwOi8vaW1hZ2UucmFrdXRlbi5jby5qcC93b29kYm94L2NhYmluZXQvcGFydC9zaG9wZGF5cGFja190aS5qcGciIGJvcmRlcj0iMCJhbHQ9IuODquODpeODg+OCryIvPjxici8+PGJyLz48aW1nIHNyYz0iaHR0cDovL2ltYWdlLnJha3V0ZW4uY28uanAvd29vZGJveC9jYWJpbmV0L3RpZm9uZS9wdmMtc2hvbDQzNS5qcGciIGJvcmRlcj0iMCJhbHQ9IlBWQ+OCt+ODp+ODq+ODgOODvCIvPjxici8+PGJyLz4KPHRhYmxlIHdpZHRoPSI0MzUiIGJnY29sb3I9IiNGRjk5RjEiIGNlbGxzcGFjaW5nPSIxIiBjZWxscGFkZGluZz0iMyI+Cjx0cj4KPHRoIGNvbHNwYW49IjIiIGFsaWduPSJjZW50ZXIiIGJnY29sb3I9IiI+CjxiPjxmb250IGNvbG9yPSIjRkZGRkZGIj7llYblk4HoqqzmmI48L2ZvbnQ+PC9iPgo8L3RoPgo8L3RyPgoKPHRyPgo8dGggYWxpZ249ImNlbnRlciIgYmdjb2xvcj0iI0ZGRERGQiJ3aWR0aD0iNzAiPgo8Zm9udCBzaXplPSIyIiBjb2xvcj0iI0ZGMDBFOSI+5ZWG5ZOB44K144Kk44K6PC9mb250Pgo8L3RoPgo8dGQgYmdjb2xvcj0iI0ZGRUZGRCI+Cjxmb250IHNpemU9IjIiIGNvbG9yPSIjMDAwMDAwIj4xNGNt772eMjNjbTxicj4K44CQMTRjbeOAkeOAgDHmrbPljYotMuatszxicj4K44CQMTVjbeOAkeOAgDLmrbPljYotM+atszxicj4K44CQMTZjbeOAkeOAgDPmrbPljYotNOatszxicj4K44CQMTdjbeOAkeOAgDXmrbM8YnI+CuOAkDE4Y23jgJHjgIA25q2z77yI5bCPMe+8iTxicj4K44CQMTljbeOAkeOAgDfmrbM8YnI+CuOAkDIwY23jgJHjgIA45q2zPGJyPgrjgJAyMWNt44CR44CAOeatszxicj4K44CQMjJjbeOAkeOAgDEw5q2zPGJyPgrjgJAyM2Nt44CR44CAMTHmrbM8YnI+CkpJU+imj+agvOOCkuWPgueFp+OBl+OBn+ODh+ODvOOCv+OBp+OBmeOAgjxicj4K44K544K/44Kk44Oq44OD44K344Ol44Gn44K344Oj44O844OX44Gq44OH44K244Kk44Oz44Gn44GZ44CC54m544Gr5bCP44GV44GE44K144Kk44K644Gv44Ov44Oz44K144Kk44K65aSn44GN55uu44KS44GK6Jam44KB44GX44G+44GZ44CCPGJyPgo8L2ZvbnQ+CjwvdGQ+CjwvdHI+Cjx0cj4KPHRoIGFsaWduPSJjZW50ZXIiIGJnY29sb3I9IiNGRkRERkIid2lkdGg9IjcwIj4KPGZvbnQgc2l6ZT0iMiIgY29sb3I9IiNGRjAwRTkiPue0oOadkDwvZm9udD48L3RoPgo8dGQgYmdjb2xvcj0iI0ZGRUZGRCI+Cjxmb250IHNpemU9IjIiIGNvbG9yPSIjMDAwMDAwIj4K5aSW77ya5aSp54S244K044OgIOS4re+8mue2vzEwMCU8YnI+5aSa5bCR44K344Oj44O844OX44Gq44OH44K244Kk44OzPC9mb250Pgo8L3RkPgo8L3RyPgo8dHI+Cjx0aCBhbGlnbj0iY2VudGVyIiBiZ2NvbG9yPSIjRkZEREZCIndpZHRoPSI3MCI+Cjxmb250IHNpemU9IjIiIGNvbG9yPSIjRkYwMEU5Ij7ljp/nlKPlm708L2ZvbnQ+PC90aD4KPHRkIGJnY29sb3I9IiNGRkVGRkQiPgo8Zm9udCBzaXplPSIyIiBjb2xvcj0iIzAwMDAwMCI+CuS4reWbveijvTwvZm9udD48L3RkPgo8L3RyPgo8dHI+Cjx0aCBhbGlnbj0iY2VudGVyIiBiZ2NvbG9yPSIjRkZEREZCIndpZHRoPSI3MCI+Cjxmb250IHNpemU9IjIiIGNvbG9yPSIjRkYwMEU5Ij7phY3pgIHmlrnms5U8L2ZvbnQ+PC90aD4KPHRkIGJnY29sb3I9IiNGRkVGRkQiPgo8Zm9udCBzaXplPSIyIiBjb2xvcj0iIzAwMDAwMCI+CuWuhemFjeS+vzxicj4K44Oh44O844Or5L6/44Gu5Yip55So44Gv5Ye65p2l44G+44Gb44KT44CCPGJyPgrpgIHmlpnnhKHmlpnjga/mnKzlt57jg7vlm5vlm73jgajjgarjgorjgb7jgZnjgII8YnI+CuWMl+a1t+mBk+ODu+S5neW3nuODu+aylue4hOODu+aylue4hOODu+iWqeWNl+OAgeWlhOe+juiruOWztuODu+S8iuixhuOAgeWwj+esoOWOn+iruOWztuODu+OBneOBruS7lumbouWztuOBr+WIpemAlOmAgeaWmeOBjOW/heimgeOBq+OBquOCiuOBvuOBmeOAggroqbPjgZfjgY/jga/jgYrmlK/miZXjg7vpgIHmlpnjg5rjg7zjgrjjgavjgabjgZTnorroqo3jgY/jgaDjgZXjgYTjgII8YnI+CjwvZm9udD48L3RkPgo8L3RyPgo8dHI+Cjx0aCBhbGlnbj0iY2VudGVyIiBiZ2NvbG9yPSIjRkZEREZCIndpZHRoPSI3MCI+Cjxmb250IHNpemU9IjIiIGNvbG9yPSIjRkYwMEU5Ij7jgYrmiYvlhaXjgow8L2ZvbnQ+PC90aD4KPHRkIGJnY29sb3I9IiNGRkVGRkQiPgo8Zm9udCBzaXplPSIyIiBjb2xvcj0iIzAwMDAwMCI+CuWkqeeEtuOCtOODoOOBr+mVt+acn+eahOOBq+e0q+Wklue3muOChOibjeWFieeBr+OBruWFieOBq+OCiOOCiuiJsuikquOBm+OAgeWKo+WMluOBmeOCi+OBk+OBqOOBjOOBguOCiuOBvuOBmeOAggrmsZrjgozjgZ/loLTlkIjjga/msZrjgozjgpLmtJfjgYTmtYHjgZfjgZ/kuIrjgIHpoqjpgJrjgZfjga7oia/jgYTml6XpmbDjgavlubLjgZfjgIHmub/msJfjga7lsJHjgarjgYTml6XpmbDloLTmiYDjgafkv53nrqHjgZfjgabjgY/jgaDjgZXjgYTjgIIK6Im25Ye644GX5Ymk44CB44G+44Gf44Gv44K044Og55So44Gu44Ov44OD44Kv44K544Gq44Gp44KS44GU5L2/55So6aCC44GN44G+44GZ44Go6ZW35oyB44Gh6Ie044GX44G+44GZ44CCPC9mb250PjwvdGQ+CjwvdHI+Cjx0cj4KPHRoIGFsaWduPSJjZW50ZXIiIGJnY29sb3I9IiNGRkRERkIid2lkdGg9IjcwIj4KPGZvbnQgc2l6ZT0iMiIgY29sb3I9IiNGRjAwRTkiPuazqOaEj++8gTwvZm9udD48L3RoPgo8dGQgYmdjb2xvcj0iI0ZGRUZGRCI+Cjxmb250IHNpemU9IjIiIGNvbG9yPSIjMDAwMDAwIj4K4oC7VElGT05F44Gu44Os44Kk44Oz44OW44O844OE44Gv5rex44GP576O44GX44GE6Imy5ZCI44GE44GM54m55b6044Gu44GT44Gg44KP44KK44Gu44Kr44Op44O844OQ44Oq44Ko44O844K344On44Oz44Go44Gq44Gj44Gm44GK44KK44G+44GZ44CCCueUu+WDj+OBq+OBr+WVhuWTgeOBqOWQjOetieOBruiJsuWQiOOBhOOBp+aPkOekuuOBl+OBpuOBiuOCiuOBvuOBmeOBjOOAgeOBiuWuouanmOOBruOBlOWIqeeUqOOBrueSsOWig+OBq+OCiOOCiuWun+eJqeOBruiJsuOBqOiLpeW5suiJsuOBrua/g+a3oeOBjArnlbDjgarjgaPjgabopovjgYjjgovloLTlkIjjgYzjgZTjgZbjgYTjgb7jgZnjgILoqqDjgavnlLPjgZfoqLPjgZTjgZbjgYTjgb7jgZvjgpPjgYzjgZTkuobmib/jgY/jgaDjgZXjgYTjgII8YnI+CuWkqeeEtuOCtOODoOWVhuWTgeOBr+eJueacieOBruWMguOBhOOBjOOBlOOBluOBhOOBvuOBmeOAguOBlOS9v+eUqOmgguOBhOOBpuOCi+OBhuOBoeOBq+aZgumWk+OBqOOBqOOCguOBq+i7vea4m+OBl+OBpuOBhOOBjeOBvuOBmeOAgjxicj4K5ZWG5ZOB44Gu5ZOB6LOq44Gr44Gv5Y2B5YiG5rOo5oSP44GX5Y6z44GX44GP5qSc5ZOB44KS44GX44Gm44GK44KK44G+44GZ44GM44CB5LiA44Gk5LiA44Gk44OP44Oz44OJ44Oh44Kk44OJ44Gn44Gu55Sf55Sj44Gr44Gq44KK44G+44GZ44Gu44Gn5ZWG5ZOB44Gv5p+U44KJ44GL44GECuODqeODkOODvOe0oOadkOOBruWKoOW3peW3peeoi+S4iuOAgealteerr+OBq+mFt+OBhOeJqeOBr+OBlOOBluOBhOOBvuOBm+OCk+OBjOOAgeWQjOS4gOWVhuWTgeOBp+OBguOBo+OBpuOCguWkqeeEtuOCtOODoOeJueacieOBruWHueWHuOOAgeiJsuOBruODoArjg6njgIHjgZnjgozlgrfjgIHjgbvjgaTjgozjgIHjgrfjg6/jgIHlt6blj7Pjg5Djg6njg7Pjgrnjga7pgZXjgYTjgYzjgZTjgZbjgYTjgb7jgZnjgILjgb7jgZ/jgIHlsaXjgY3lj6Pjga7jgqvjg4Pjg4jliqDlt6XjgYLjgajjgYzkuI3mj4PjgYTjgafojZIK44GP5oSf44GY44KL5aC05ZCI44GM44GU44GW44GE44G+44GZ44CC6Z205bqV44GM5L2/55So44Gr5pSv6Zqc44GM44Gq44GE56iL5bqm44Gu44GM44Gf44Gk44GN44GM44GC44KL5aC05ZCI44GM44GU44GW44GE44G+44GZ44GM44CB44GX44Gq44KE44GL44GqCuWkqeeEtuOCtOODoOOBp+OBmeOBruOBp+OBiuWxpeOBjemgguOBj+OBq+OBr+aUr+manOOBjOOBlOOBluOBhOOBvuOBm+OCk+OAgjxicj4K6ZaL5bCB5pmC44Gr566x44Gr5YWl44Gj44Gf5b2i54q244Gr5aSJ5b2i44GX44Gm44GE44KL5aC05ZCI44GM44GU44GW44GECuOBvuOBmeOBjOOAgeiHqueEtuOBq+WFg+OBq+aIu+OBo+OBpuOBhOOBjeOBvuOBmeOAguOCt+ODpeODvOOCuuOBruWklueuseOBruatquOBv+OAgea9sOOCjOOAgeaTpuOCjOOAgeaxmuOCjOOAgeWIh+OCjOetieOAguiWhOe0meOBruOCt+ODr+OAgeegtOOCjOOAgQrmk6bjgozmsZrjgoznrYnjgYzjgYLjgovloLTlkIjjgYzjgZTjgZbjgYTjgb7jgZnjgYzllYblk4Hjgavjga/llY/poYzjga/jgZTjgZbjgYTjgb7jgZvjgpPjgILjgq7jg5Xjg4jnlKjjga7loLTlkIjjga/lh7rmnaXjgovpmZDjgorntrrpupfjgarnianjgpIK6YG45a6a44GX44Gm55m66YCB44GV44Gb44Gm6aCC44GN44G+44GZ44CCPGJyPgrku6XkuIrjga7lhoXlrrnjga/lpKnnhLbjgrTjg6DnibnmnInjga7lkbPjg7vnibnlvrTjgajjgarjgorjgb7jgZnjgILkuIroqJjlhoXlrrnjgafjga7ov5Tlk4HkuqTmj5vjga/jgYrlj5fjgZHjgZnjgovkuovjgYzlh7rmnaXjgb7jgZvjgpPjgILlhajjgaYK44Gu54K544KS5LqI44KB44GU5LqG5om/44Gu5LiK44CB44GK6LK344GE5rGC44KB5LiL44GV44GE44G+44GZ44KI44GG44GK6aGY44GE55Sz44GX5LiK44GS44G+44GZ44CCCjxicj4KPGJyPjwvZm9udD48L3RkPjwvdHI+PC90YWJsZT48IS0tVElGT05F44Os44Kk44Oz44OW44O844OE4piF5aeL44G+44KKLS0+Cgo8aW1nIHNyYz0iaHR0cDovL2ltYWdlLnJha3V0ZW4uY28uanAvd29vZGJveC9jYWJpbmV0L3RpZm9uZS90aWZvcmFpbjE1XzYwMC5qcGciYWx0PSLjg6zjgqTjg7Pjg5bjg7zjg4QiIGJvcmRlcj0iMCIvPjxicj4KPCEtLee1guOCj+OCiuKYhVRJRk9OReODrOOCpOODs+ODluODvOODhC0tPgoKPGJyPgoKPCEtLeOBlOW4jOacm+OBruODqeODg+ODlOODs+OCsOKYheWni+OBvuOCii0tPgo8dGFibGUgY2VsbHNwYWNpbmc9IjAiIGNlbGxwYWRkaW5nPSIzIiBzdHlsZT0iZm9udDoxMnB4O2JvcmRlcjpzb2xpZCAxcHggIzA4YTQwMCJ3aWR0aD0iNjAwInN0eWxlPSJ0ZXh0LWRlY29yYXRpb246bm9uZTsiPgoKPHRyIGJnY29sb3I9IiMwOGE0MDAiPgo8VEggYWxpZ249ImNlbnRlciJjb2xzcGFuPSI1IiBjZWxscGFkZGluZz0iMCIgPjxCPjxGT05UIHNpemU9IjQiIGNvbG9yPSIjZmZmZmZmIj7jgZTluIzmnJvjga7jg6njg4Pjg5Tjg7PjgrDjgpLjgYrpgbjjgbPkuIvjgZXjgYTjgII8L0ZPTlQ+PC9CPjwvdGg+Cjx0cj4KPHRkPjxjZW50ZXI+PGltZyBzcmMgPSJodHRwOi8vaW1hZ2UucmFrdXRlbi5jby5qcC93b29kYm94L2NhYmluZXQvcGFydC9yYXAtMS5qcGcid2lkdGg9IjIwMCJoZWlnaHQ9IjIwMCJib3JkZXI9IjAiYWx0PSLjg6njg4Pjg5Tjg7PjgrDjgpLjgYrpgbjjgbPkuIvjgZXjgYTjgIIiLz48L2NlbnRlcj48L3RkPgo8dGQ+PGNlbnRlcj48aW1nIHNyYyA9Imh0dHA6Ly9pbWFnZS5yYWt1dGVuLmNvLmpwL3dvb2Rib3gvY2FiaW5ldC9wYXJ0L3JhcC0yLmpwZyJ3aWR0aD0iMjAwImhlaWdodD0iMjAwImJvcmRlcj0iMCJhbHQ9IuODqeODg+ODlOODs+OCsOOCkuOBiumBuOOBs+S4i+OBleOBhOOAgiIvPjwvY2VudGVyPjwvdGQ+CjwvdHI+Cjx0cj4KPHRkPjxjZW50ZXI+PGZvbnQgc2l6ZT0iMiIgY29sb3I9IiM1OTU5NTkiPuOCruODleODiO+8ou+8r++8uOODqeODg+ODlOODs+OCsOOAgO+8ku+8kO+8kOWGhu+8iOeojuWIpe+8iTxicj48Yj7jgrPjgrPjgpLjgq/jg6rjg4Pjgq/vvIE8L2I+PC9mb250PjwvY2VudGVyPjwvdGQ+Cjx0ZD48Y2VudGVyPjxmb250IHNpemU9IjIiIGNvbG9yPSIjNTk1OTU5Ij7nsKHmmJPljIXoo4Xjg6njg4Pjg5Tjg7PjgrDjgIDvvJXvvJDlhobvvIjnqI7liKXvvIk8YnI+PGI+44Kz44Kz44KS44Kv44Oq44OD44Kv77yBPC9iPjwvZm9udD48L2NlbnRlcj48L3RkPgo8L3RyPgo8dHI+PHRkIGhlaWdodD0iNXB4Ij48L3RkPjwvdHI+IAo8L3RhYmxlPgoKPCEtLee1guOCj+OCiuKYheOBlOW4jOacm+OBruODqeODg+ODlOODs+OCsC0tPgo8YnI+CgoKPCEtLeOBiuOBmeOBmeOCgeWVhuWTgeKYheWni+OBvuOCii0tPgo8aW1nIHNyYz0iaHR0cDovL2ltYWdlLnJha3V0ZW4uY28uanAvd29vZGJveC9jYWJpbmV0L2V2ZW50L3NwLTYwMF8zLmpwZyIgYm9yZGVyPSIwImFsdD0i44GK44GZ44GZ44KB5ZWG5ZOBIi8+PGJyPgo8IS0t57WC44KP44KK4piF44GK44GZ44GZ44KB5ZWG5ZOBLS0+Cjxicj4KCgo8dGFibGUgY2VsbHNwYWNpbmc9IjUiIGNlbGxwYWRkaW5nPSIwIj4KPHRyPgo8dGQ+CjxpbWcgc3JjPSJodHRwOi8vaW1hZ2UucmFrdXRlbi5jby5qcC93b29kYm94L2NhYmluZXQvdGlmb25lL3RpZm8tc2hvbDE1XzYwMC5qcGciIHdpZHRoPSIzMDAiIGhlaWdodD0iMTAwImJvcmRlcj0iMCJhbHQ9IuaWsOOCt+ODp+ODq+ODgOODvOODkOODg+OCsCIvPjwvdGQ+Cjx0ZD4KPGltZyBzcmM9Imh0dHA6Ly9pbWFnZS5yYWt1dGVuLmNvLmpwL3dvb2Rib3gvY2FiaW5ldC90aWZvbmUvdGlmby1ib3R0bGUxXzYwMC5qcGcid2lkdGg9IjMwMCIgaGVpZ2h0PSIxMDAiYWx0PSLjg5zjg4jjg6siIGJvcmRlcj0iMCIvPjwvdGQ+CjwvdHI+Cjx0cj4KPHRkPgo8aW1nIHNyYz0iaHR0cDovL2ltYWdlLnJha3V0ZW4uY28uanAvd29vZGJveC9jYWJpbmV0L3BhcnQvdGlmb25lLW5ld182MDAuanBnIndpZHRoPSIzMDAiIGhlaWdodD0iMTAwImFsdD0i44OZ44OT44O844Oq44Ol44OD44KvIiBib3JkZXI9IjAiLz48L3RkPgo8dGQ+CjxpbWcgc3JjPSJodHRwOi8vaW1hZ2UucmFrdXRlbi5jby5qcC93b29kYm94L2NhYmluZXQvdGlmb25lL211c2U2MDAtMi5qcGcid2lkdGg9IjMwMCIgaGVpZ2h0PSIxMDAiYWx0PSJNVVNF5o6I5Lmz44Kx44O844OXMiIgYm9yZGVyPSIwIi8+PC90ZD4KPC90cj4KPHRyPgo8dGQ+CjxpbWcgc3JjPSJodHRwOi8vaW1hZ2UucmFrdXRlbi5jby5qcC93b29kYm94L2NhYmluZXQvdGlmb25lL3RpZm5hbWU2MDAuanBnIndpZHRoPSIzMDAiIGhlaWdodD0iMTAwImFsdD0i44ON44O844Og44K/44KwIiAiYm9yZGVyPSIwIi8+PC90ZD4KPHRkPgo8aW1nIHNyYz0iaHR0cDovL2ltYWdlLnJha3V0ZW4uY28uanAvd29vZGJveC9jYWJpbmV0L3BhcnQvYmFieXB1a2ExMy02MDAuanBnIiB3aWR0aD0iMzAwIiBoZWlnaHQ9IjEwMCJib3JkZXI9IjAiYWx0PSJUSUZPTkUg44OZ44OT44OX44KrIi8+PC90ZD4KPC90cj4KPHRyPgo8dGQ+CjxpbWcgc3JjPSJodHRwOi8vaW1hZ2UucmFrdXRlbi5jby5qcC93b29kYm94L2NhYmluZXQvdGlmb25lL3RpZm9uZXNwMTRfNjAwLmpwZyJ3aWR0aD0iMzAwIiBoZWlnaHQ9IjEwMCJib3JkZXI9IjAiYWx0PSLjg4fjg4vjg6Dpoqjjgrnjg5Hjg4Pjg4QiLz48L3RkPgo8dGQ+CjxpbWcgc3JjPSJodHRwOi8vaW1hZ2UucmFrdXRlbi5jby5qcC93b29kYm94L2NhYmluZXQvdGlmb25lL3RpZm9uZS1wb24tYV82MDAuanBnIndpZHRoPSIzMDAiIGhlaWdodD0iMTAwImJvcmRlcj0iMCJhbHQ9IlRJRk9ORe+8iOODhuOCo+ODleOCqeODvOODje+8ieODneODs+ODgeODpyIvPjwvdGQ+CjwvdHI+Cgo8dHI+PHRkIGNvbHNwYW49IjIiIGhlaWdodD0iMjBweCI+PC90ZD48L3RyPgo8L3RhYmxlPgoKPGJyPgo8YnI+,44Os44Kk44Oz44OW44O844OEIOOCreODg+OCuiDpgIHmlpnnhKHmlpkgVElGT05F44OG44Kj44OV44Kp44O844ONSlAg44Os44Kk44Oz44OW44O844OEIOODrOOCpOODs+OCt+ODpeODvOOCuiDjgq3jg4Pjgrog6ZW36Z20IOOCreODg+OCuiDjg6zjgqTjg7Pjg5bjg7zjg4Qg44K444Ol44OL44KiIOmVt+mdtCDjgq3jg4Pjgrog55S344Gu5a2QIOmVt+mdtCDjgq3jg4Pjgrog5aWz44Gu5a2QIOODrOOCpOODs+ODluODvOODhCDjgq3jg4Pjgrog44K444Ol44OL44KiVEEy44CQc210Yi1UROOAkeOAkHNhaXRhbWHjgJFmczA0Z23jgJBITFNfRFXjgJHvvJrjgqbjg4Pjg4njg5zjg4Pjgq/jgrnjgIDmpb3lpKnluILloLTlupc=,dGlmb25l44OG44Kj44OV44Kp44O844ON44OZ44OT44O844Kt44OD44K644Os44Kk44Oz44OW44O844OE44Oe44Or44OB44Kx44O844K544Os44Kk44Oz44K344Ol44O844K644Of44Kt44OP44Km44K544K344On44Or44OA44O844OQ44OD44Kw44Oc44OI44Or44Kx44O844K544Oq44Ol44OD44Kv44K/44Kw44Od44Oz44OB44On44K544Kk44Oe44O844OQ6YCa5ZyS44OQ44OD44Kw44K544OR44OD44OE6ZW36Z2044Os44Ku44Oz44K55o6I5Lmz44Kx44O844OX44OZ44OZ44Kq44Os44Os44Kk44Oz44OW44O844OEIOOCreODg+OCuiDpgIHmlpnnhKHmlpkgVElGT05F44OG44Kj44OV44Kp44O844ONSlAg44Os44Kk44Oz44OW44O844OEIOODrOOCpOODs+OCt+ODpeODvOOCuiDjgq3jg4Pjgrog6ZW36Z20IOOCreODg+OCuiDjg6zjgqTjg7Pjg5bjg7zjg4Qg44K444Ol44OL44KiIOmVt+mdtCDjgq3jg4Pjgrog55S344Gu5a2QIOmVt+mdtCDjgq3jg4Pjgrog5aWz44Gu5a2QIOODrOOCpOODs+ODluODvOODhCDjgq3jg4Pjgrog44K444Ol44OL44KiVEEy44CQc210Yi1UROOAkeOAkHNhaXRhbWHjgJFmczA0Z23jgJBITFNfRFXjgJE=,MTQtMjNjbSDjg6zjgqTjg7Pjgrfjg6Xjg7zjgrog44Kt44OD44K6IOmAgeaWmeeEoeaWmSDplbfpnbTjgILjg6zjgqTjg7Pjg5bjg7zjg4Qg44Kt44OD44K6IOmAgeaWmeeEoeaWmSBUSUZPTkXjg4bjgqPjg5Xjgqnjg7zjg41KUCDjg6zjgqTjg7Pjg5bjg7zjg4Qg44Os44Kk44Oz44K344Ol44O844K6IOOCreODg+OCuiDplbfpnbQg44Kt44OD44K6IOODrOOCpOODs+ODluODvOODhCDjgrjjg6Xjg4vjgqIg6ZW36Z20IOOCreODg+OCuiDnlLfjga7lrZAg6ZW36Z20IOOCreODg+OCuiDlpbPjga7lrZAg44Os44Kk44Oz44OW44O844OEIOOCreODg+OCuiDjgrjjg6Xjg4vjgqJUQTLjgJBzbXRiLVRE44CR44CQc2FpdGFtYeOAkWZzMDRnbeOAkEhMU19EVeOAkQ==[rn]
30-32924,aHR0cDovL3RzaG9wLnIxMHMuanAvd29vZGJveC9jYWJpbmV0L3RpZm9uZS90aWZvLXJhaW4tbWJfMS5qcGc/Zml0aW49NzAwOjcwMA==,MjM3Ni4wMDAw,,44Kt44OD44K644O744OZ44OT44O844O744Oe44K/44OL44OG44KjID4g44Kt44OD44K6ID4g6Z20ID4g6ZW36Z2044O744Os44Kk44Oz44K344Ol44O844K6,44Kt44OD44K6IOODrOOCpOODs+ODluODvOODhCDpgIHmlpnnhKHmlpkgVElGT05F44OG44Kj44OV44Kp44O844ONbWIg44Os44Kk44Oz44K344Ol44O844K6IOOCreODg+OCuiDjg6zjgqTjg7Pjg5bjg7zjg4Qg6ZW36Z20IOOCreODg+OCuiDjg6zjgqTjg7Pjg5bjg7zjg4Qg44K444Ol44OL44KiIOmVt+mdtCDjgq3jg4Pjgrog55S344Gu5a2QIOmVt+mdtCDjgq3jg4Pjgrog5aWz44Gu5a2QIOODrOOCpOODs+ODluODvOODhCDjgqbjg4Pjg4njg5zjg4Pjgq/jgrkgd29vZGJveFRBMuOAkHNtdGItVETjgJHjgJBzYWl0YW1h44CRZnMwNGdt44CQSExTX0RV44CR,44GC44GZ5qW944CQ6YCB5paZ54Sh5paZ44CR44Os44Kk44Oz44K344Ol44O844K6IOOCreODg+OCug==,PCEtLVRJRk9OReODoeODg+OCu+ODs+OCuOODo+ODvOODkOODg+OCsOKYheWni+OBvuOCii0tPgo8YSBocmVmPSJodHRwOi8vaXRlbS5yYWt1dGVuLmNvLmpwL3dvb2Rib3gvdGlmby1tZXNzMTUtY3IvIj4KPGltZyBzcmM9Imh0dHA6Ly9pbWFnZS5yYWt1dGVuLmNvLmpwL3dvb2Rib3gvY2FiaW5ldC9wYXJ0L21lc3NlbjYwMC5qcGciYWx0PSLjg6Hjg4Pjgrvjg7Pjgrjjg6Pjg7zjg5Djg4PjgrAiIGJvcmRlcj0iMCIvPjwvYT48YnI+CjwhLS3ntYLjgo/jgorimIVUSUZPTkXjg6Hjg4Pjgrvjg7Pjgrjjg6Pjg7zjg5Djg4PjgrAtLT4KPGJyPgoKPCEtLVRJRk9OReOCt+ODp+ODq+ODgOODvOODkOODg+OCsOKYheWni+OBvuOCii0tPgo8YSBocmVmPSJodHRwOi8vaXRlbS5yYWt1dGVuLmNvLmpwL3dvb2Rib3gvdGlmby1zaG8xNS1ici8iPgo8aW1nIHNyYz0iaHR0cDovL2ltYWdlLnJha3V0ZW4uY28uanAvd29vZGJveC9jYWJpbmV0L3RpZm9uZS90aWZvLXNob2wxNV82MDAuanBnImFsdD0i44K344On44Or44OA44O844OQ44OD44KwIiBib3JkZXI9IjAiLz48L2E+PGJyPgo8IS0t57WC44KP44KK4piFVElGT05F44K344On44Or44OA44O844OQ44OD44KwLS0+Cgo8YnI+Cgo8IS0tTVVTReaOiOS5s+OCseODvOODl+KYheWni+OBvuOCii0tPgo8YSBocmVmPSJodHRwOi8vaXRlbS5yYWt1dGVuLmNvLmpwL3dvb2Rib3gvaG9vdGVyaGlkZXJzLWhoMDMvIj4KPGltZyBzcmM9Imh0dHA6Ly9pbWFnZS5yYWt1dGVuLmNvLmpwL3dvb2Rib3gvY2FiaW5ldC90aWZvbmUvbXVzZTYwMC0yLmpwZyJhbHQ9Ik1VU0XmjojkubPjgrHjg7zjg5cyIiAiYm9yZGVyPSIwIi8+PC9hPjxicj4KPCEtLee1guOCj+OCiuKYhU1VU0XmjojkubPjgrHjg7zjg5ctLT4KCjxicj4KCgo8aW1nIHNyYz0iaHR0cDovL2ltYWdlLnJha3V0ZW4uY28uanAvd29vZGJveC9jYWJpbmV0L3RpZm9uZS90aWZvbmUtdG9wNDc1LmpwZyIgd2lkdGg9IjYwMCJoZWlnaHQ9IjQ3NSJib3JkZXI9IjAiYWx0PSJUSUZPTkXvvIjjg4bjgqPjg5Xjgqnjg7zjg43vvIkiLz48YnI+Cjxicj4KCjxpbWcgc3JjPSJodHRwOi8vaW1hZ2UucmFrdXRlbi5jby5qcC93b29kYm94L2NhYmluZXQvdGlmb25lL3RpZm9yYWluMTZfMS5qcGciIHdpZHRoPSI2MDAiaGVpZ2h0PSI2MDAiYm9yZGVyPSIwImFsdD0iVElGT05F44Os44Kk44Oz44OW44O844OE44Kt44OD44K6Ii8+PGJyPgo8YnI+Cgo8aW1nIHNyYz0iaHR0cDovL2ltYWdlLnJha3V0ZW4uY28uanAvd29vZGJveC9jYWJpbmV0L3RpZm9uZS90aWZvcmFpbjE2XzIuanBnIiB3aWR0aD0iNjAwImhlaWdodD0iMTAwMCJib3JkZXI9IjAiYWx0PSJUSUZPTkXjg6zjgqTjg7Pjg5bjg7zjg4Tjgq3jg4PjgroiLz48YnI+Cjxicj4KCjxpbWcgc3JjPSJodHRwOi8vaW1hZ2UucmFrdXRlbi5jby5qcC93b29kYm94L2NhYmluZXQvdGlmb25lL3RpZm9yYWluMTZfMy5qcGciIHdpZHRoPSI2MDAiaGVpZ2h0PSIxMDAwImJvcmRlcj0iMCJhbHQ9IlRJRk9OReODrOOCpOODs+ODluODvOODhOOCreODg+OCuiIvPjxicj4KPGJyPgoKPGltZyBzcmM9Imh0dHA6Ly9pbWFnZS5yYWt1dGVuLmNvLmpwL3dvb2Rib3gvY2FiaW5ldC90aWZvbmUvdGlmb3JhaW4xNl80LmpwZyIgd2lkdGg9IjYwMCJoZWlnaHQ9IjEwMDAiYm9yZGVyPSIwImFsdD0iVElGT05F44Os44Kk44Oz44OW44O844OE44Kt44OD44K6Ii8+PGJyPgo8YnI+Cgo8aW1nIHNyYz0iaHR0cDovL2ltYWdlLnJha3V0ZW4uY28uanAvd29vZGJveC9jYWJpbmV0L3RpZm9uZS90aWZvcmFpbjE2XzUuanBnIiB3aWR0aD0iNjAwImhlaWdodD0iMTAwMCJib3JkZXI9IjAiYWx0PSJUSUZPTkXjg6zjgqTjg7Pjg5bjg7zjg4Tjgq3jg4PjgroiLz48YnI+Cjxicj4KCjxpbWcgc3JjPSJodHRwOi8vaW1hZ2UucmFrdXRlbi5jby5qcC93b29kYm94L2NhYmluZXQvdGlmb25lL3RpZm9yYWluMTZfNy5qcGciIHdpZHRoPSI2MDAiaGVpZ2h0PSIxMjAwImJvcmRlcj0iMCJhbHQ9IlRJRk9OReODrOOCpOODs+ODluODvOODhOOCreODg+OCuiIvPjxicj4KPGJyPgoKCjwhLS1USUZPTkXjg6rjg6Xjg4Pjgq/imIXlp4vjgb7jgootLT4KPGEgaHJlZj0iaHR0cDovL2l0ZW0ucmFrdXRlbi5jby5qcC93b29kYm94L3BuMTEwMS0wMl8wNV8zMC8iPgo8aW1nIHNyYz0iaHR0cDovL2ltYWdlLnJha3V0ZW4uY28uanAvd29vZGJveC9jYWJpbmV0LzE0L3RpZm9uZS1uZXdfNjAwLmpwZyIgd2lkdGg9IjYwMCJoZWlnaHQ9IjIwMCJib3JkZXI9IjAiYWx0PSJUSUZPTkXvvIjjg4bjgqPjg5Xjgqnjg7zjg43vvInjg6rjg6Xjg4Pjgq8iLz48L2E+PGJyPgo8IS0t57WC44KP44KK4piFVElGT05F44Oq44Ol44OD44KvLS0+Cgo8YnI+Cgo8IS0tVElGT05F44Oc44OI44Or4piF5aeL44G+44KKLS0+CjxhIGhyZWY9Imh0dHA6Ly9pdGVtLnJha3V0ZW4uY28uanAvd29vZGJveC90aWZvLWJvdHRsZS8iPgo8aW1nIHNyYz0iaHR0cDovL2ltYWdlLnJha3V0ZW4uY28uanAvd29vZGJveC9jYWJpbmV0L3RpZm9uZS90aWZvLWJvdHRsZTFfNjAwLmpwZyJhbHQ9IuODnOODiOODqyIgImJvcmRlcj0iMCIvPjwvYT48YnI+CjwhLS3ntYLjgo/jgorimIVUSUZPTkXjg5zjg4jjg6stLT4KCjxicj4KCgo8IS0tVElGT05F44ON44O844Og44K/44Kw4piF5aeL44G+44KKLS0+CjxhIGhyZWY9Imh0dHA6Ly9pdGVtLnJha3V0ZW4uY28uanAvd29vZGJveC90aWZuYW1lLyI+CjxpbWcgc3JjPSJodHRwOi8vaW1hZ2UucmFrdXRlbi5jby5qcC93b29kYm94L2NhYmluZXQvdGlmb25lL3RpZm5hbWU2MDAuanBnImFsdD0i44ON44O844Og44K/44KwIiAiYm9yZGVyPSIwIi8+PC9hPjxicj4KPCEtLee1guOCj+OCiuKYhVRJRk9OReODjeODvOODoOOCv+OCsC0tPgoKPGJyPgoKPGltZyBzcmM9Imh0dHA6Ly9pbWFnZS5yYWt1dGVuLmNvLmpwL3dvb2Rib3gvY2FiaW5ldC9wYXJ0L2dpZnQ0MzUuanBnIiBib3JkZXI9IjAiYWx0PSLjgq7jg5Xjg4jmib/jgorjgb7jgZkiLz48YnIvPjxici8+PGltZyBzcmM9Imh0dHA6Ly9pbWFnZS5yYWt1dGVuLmNvLmpwL3dvb2Rib3gvY2FiaW5ldC9wYXJ0L3Nob3BtYWlsX3IuanBnIiBib3JkZXI9IjAiYWx0PSLjg6Hjg7zjg6vkvr/jgavjgaTjgYTjgaYiLz48YnIvPjxici8+PGltZyBzcmM9Imh0dHA6Ly9pbWFnZS5yYWt1dGVuLmNvLmpwL3dvb2Rib3gvY2FiaW5ldC9wYXJ0L3Nob3BkYXlwYWNrX3RpLmpwZyIgYm9yZGVyPSIwImFsdD0i44Oq44Ol44OD44KvIi8+PGJyLz48YnIvPjxpbWcgc3JjPSJodHRwOi8vaW1hZ2UucmFrdXRlbi5jby5qcC93b29kYm94L2NhYmluZXQvdGlmb25lL3B2Yy1zaG9sNDM1LmpwZyIgYm9yZGVyPSIwImFsdD0iUFZD44K344On44Or44OA44O8Ii8+PGJyLz48YnIvPgo8dGFibGUgd2lkdGg9IjQzNSIgYmdjb2xvcj0iI0ZGOTlGMSIgY2VsbHNwYWNpbmc9IjEiIGNlbGxwYWRkaW5nPSIzIj4KPHRyPgo8dGggY29sc3Bhbj0iMiIgYWxpZ249ImNlbnRlciIgYmdjb2xvcj0iIj4KPGI+PGZvbnQgY29sb3I9IiNGRkZGRkYiPuWVhuWTgeiqrOaYjjwvZm9udD48L2I+CjwvdGg+CjwvdHI+Cgo8dHI+Cjx0aCBhbGlnbj0iY2VudGVyIiBiZ2NvbG9yPSIjRkZEREZCIndpZHRoPSI3MCI+Cjxmb250IHNpemU9IjIiIGNvbG9yPSIjRkYwMEU5Ij7llYblk4HjgrXjgqTjgro8L2ZvbnQ+CjwvdGg+Cjx0ZCBiZ2NvbG9yPSIjRkZFRkZEIj4KPGZvbnQgc2l6ZT0iMiIgY29sb3I9IiMwMDAwMDAiPjE0Y23vvZ4yM2NtPGJyPgrjgJAxNGNt44CR44CAMeats+WNii0y5q2zPGJyPgrjgJAxNWNt44CR44CAMuats+WNii0z5q2zPGJyPgrjgJAxNmNt44CR44CAM+ats+WNii005q2zPGJyPgrjgJAxN2Nt44CR44CANeatszxicj4K44CQMThjbeOAkeOAgDbmrbPvvIjlsI8x77yJPGJyPgrjgJAxOWNt44CR44CAN+atszxicj4K44CQMjBjbeOAkeOAgDjmrbM8YnI+CuOAkDIxY23jgJHjgIA55q2zPGJyPgrjgJAyMmNt44CR44CAMTDmrbM8YnI+CuOAkDIzY23jgJHjgIAxMeatszxicj4KSklT6KaP5qC844KS5Y+C54Wn44GX44Gf44OH44O844K/44Gn44GZ44CCPGJyPgrjgrnjgr/jgqTjg6rjg4Pjgrfjg6Xjgafjgrfjg6Pjg7zjg5fjgarjg4fjgrbjgqTjg7PjgafjgZnjgILnibnjgavlsI/jgZXjgYTjgrXjgqTjgrrjga/jg6/jg7PjgrXjgqTjgrrlpKfjgY3nm67jgpLjgYrolqbjgoHjgZfjgb7jgZnjgII8YnI+CjwvZm9udD4KPC90ZD4KPC90cj4KPHRyPgo8dGggYWxpZ249ImNlbnRlciIgYmdjb2xvcj0iI0ZGRERGQiJ3aWR0aD0iNzAiPgo8Zm9udCBzaXplPSIyIiBjb2xvcj0iI0ZGMDBFOSI+57Sg5p2QPC9mb250PjwvdGg+Cjx0ZCBiZ2NvbG9yPSIjRkZFRkZEIj4KPGZvbnQgc2l6ZT0iMiIgY29sb3I9IiMwMDAwMDAiPgrlpJbvvJrlpKnnhLbjgrTjg6Ag5Lit77ya57a/MTAwJTxicj7lpJrlsJHjgrfjg6Pjg7zjg5fjgarjg4fjgrbjgqTjg7M8L2ZvbnQ+CjwvdGQ+CjwvdHI+Cjx0cj4KPHRoIGFsaWduPSJjZW50ZXIiIGJnY29sb3I9IiNGRkRERkIid2lkdGg9IjcwIj4KPGZvbnQgc2l6ZT0iMiIgY29sb3I9IiNGRjAwRTkiPuWOn+eUo+WbvTwvZm9udD48L3RoPgo8dGQgYmdjb2xvcj0iI0ZGRUZGRCI+Cjxmb250IHNpemU9IjIiIGNvbG9yPSIjMDAwMDAwIj4K5Lit5Zu96KO9PC9mb250PjwvdGQ+CjwvdHI+Cjx0cj4KPHRoIGFsaWduPSJjZW50ZXIiIGJnY29sb3I9IiNGRkRERkIid2lkdGg9IjcwIj4KPGZvbnQgc2l6ZT0iMiIgY29sb3I9IiNGRjAwRTkiPumFjemAgeaWueazlTwvZm9udD48L3RoPgo8dGQgYmdjb2xvcj0iI0ZGRUZGRCI+Cjxmb250IHNpemU9IjIiIGNvbG9yPSIjMDAwMDAwIj4K5a6F6YWN5L6/PGJyPgrjg6Hjg7zjg6vkvr/jga7liKnnlKjjga/lh7rmnaXjgb7jgZvjgpPjgII8YnI+CumAgeaWmeeEoeaWmeOBr+acrOW3nuODu+Wbm+WbveOBqOOBquOCiuOBvuOBmeOAgjxicj4K5YyX5rW36YGT44O75Lmd5bee44O75rKW57iE44O75rKW57iE44O76Jap5Y2X44CB5aWE576O6Ku45bO244O75LyK6LGG44CB5bCP56yg5Y6f6Ku45bO244O744Gd44Gu5LuW6Zui5bO244Gv5Yil6YCU6YCB5paZ44GM5b+F6KaB44Gr44Gq44KK44G+44GZ44CCCuips+OBl+OBj+OBr+OBiuaUr+aJleODu+mAgeaWmeODmuODvOOCuOOBq+OBpuOBlOeiuuiqjeOBj+OBoOOBleOBhOOAgjxicj4KPC9mb250PjwvdGQ+CjwvdHI+Cjx0cj4KPHRoIGFsaWduPSJjZW50ZXIiIGJnY29sb3I9IiNGRkRERkIid2lkdGg9IjcwIj4KPGZvbnQgc2l6ZT0iMiIgY29sb3I9IiNGRjAwRTkiPuOBiuaJi+WFpeOCjDwvZm9udD48L3RoPgo8dGQgYmdjb2xvcj0iI0ZGRUZGRCI+Cjxmb250IHNpemU9IjIiIGNvbG9yPSIjMDAwMDAwIj4K5aSp54S244K044Og44Gv6ZW35pyf55qE44Gr57Sr5aSW57ea44KE6JuN5YWJ54Gv44Gu5YWJ44Gr44KI44KK6Imy6KSq44Gb44CB5Yqj5YyW44GZ44KL44GT44Go44GM44GC44KK44G+44GZ44CCCuaxmuOCjOOBn+WgtOWQiOOBr+axmuOCjOOCkua0l+OBhOa1geOBl+OBn+S4iuOAgemiqOmAmuOBl+OBruiJr+OBhOaXpemZsOOBq+W5suOBl+OAgea5v+awl+OBruWwkeOBquOBhOaXpemZsOWgtOaJgOOBp+S/neeuoeOBl+OBpuOBj+OBoOOBleOBhOOAggroibblh7rjgZfliaTjgIHjgb7jgZ/jga/jgrTjg6DnlKjjga7jg6/jg4Pjgq/jgrnjgarjganjgpLjgZTkvb/nlKjpoILjgY3jgb7jgZnjgajplbfmjIHjgaHoh7TjgZfjgb7jgZnjgII8L2ZvbnQ+PC90ZD4KPC90cj4KPHRyPgo8dGggYWxpZ249ImNlbnRlciIgYmdjb2xvcj0iI0ZGRERGQiJ3aWR0aD0iNzAiPgo8Zm9udCBzaXplPSIyIiBjb2xvcj0iI0ZGMDBFOSI+5rOo5oSP77yBPC9mb250PjwvdGg+Cjx0ZCBiZ2NvbG9yPSIjRkZFRkZEIj4KPGZvbnQgc2l6ZT0iMiIgY29sb3I9IiMwMDAwMDAiPgrigLtUSUZPTkXjga7jg6zjgqTjg7Pjg5bjg7zjg4Tjga/mt7HjgY/nvo7jgZfjgYToibLlkIjjgYTjgYznibnlvrTjga7jgZPjgaDjgo/jgorjga7jgqvjg6njg7zjg5Djg6rjgqjjg7zjgrfjg6fjg7PjgajjgarjgaPjgabjgYrjgorjgb7jgZnjgIIK55S75YOP44Gr44Gv5ZWG5ZOB44Go5ZCM562J44Gu6Imy5ZCI44GE44Gn5o+Q56S644GX44Gm44GK44KK44G+44GZ44GM44CB44GK5a6i5qeY44Gu44GU5Yip55So44Gu55Kw5aKD44Gr44KI44KK5a6f54mp44Gu6Imy44Go6Iul5bmy6Imy44Gu5r+D5reh44GMCueVsOOBquOBo+OBpuimi+OBiOOCi+WgtOWQiOOBjOOBlOOBluOBhOOBvuOBmeOAguiqoOOBq+eUs+OBl+ios+OBlOOBluOBhOOBvuOBm+OCk+OBjOOBlOS6huaJv+OBj+OBoOOBleOBhOOAgjxicj4K5aSp54S244K044Og5ZWG5ZOB44Gv54m55pyJ44Gu5YyC44GE44GM44GU44GW44GE44G+44GZ44CC44GU5L2/55So6aCC44GE44Gm44KL44GG44Gh44Gr5pmC6ZaT44Go44Go44KC44Gr6Lu95rib44GX44Gm44GE44GN44G+44GZ44CCPGJyPgrllYblk4Hjga7lk4Hos6rjgavjga/ljYHliIbms6jmhI/jgZfljrPjgZfjgY/mpJzlk4HjgpLjgZfjgabjgYrjgorjgb7jgZnjgYzjgIHkuIDjgaTkuIDjgaTjg4/jg7Pjg4njg6HjgqTjg4njgafjga7nlJ/nlKPjgavjgarjgorjgb7jgZnjga7jgafllYblk4Hjga/mn5TjgonjgYvjgYQK44Op44OQ44O857Sg5p2Q44Gu5Yqg5bel5bel56iL5LiK44CB5qW156uv44Gr6YW344GE54mp44Gv44GU44GW44GE44G+44Gb44KT44GM44CB5ZCM5LiA5ZWG5ZOB44Gn44GC44Gj44Gm44KC5aSp54S244K044Og54m55pyJ44Gu5Ye55Ye444CB6Imy44Gu44OgCuODqeOAgeOBmeOCjOWCt+OAgeOBu+OBpOOCjOOAgeOCt+ODr+OAgeW3puWPs+ODkOODqeODs+OCueOBrumBleOBhOOBjOOBlOOBluOBhOOBvuOBmeOAguOBvuOBn+OAgeWxpeOBjeWPo+OBruOCq+ODg+ODiOWKoOW3peOBguOBqOOBjOS4jeaPg+OBhOOBp+iNkgrjgY/mhJ/jgZjjgovloLTlkIjjgYzjgZTjgZbjgYTjgb7jgZnjgILpnbTlupXjgYzkvb/nlKjjgavmlK/pmpzjgYzjgarjgYTnqIvluqbjga7jgYzjgZ/jgaTjgY3jgYzjgYLjgovloLTlkIjjgYzjgZTjgZbjgYTjgb7jgZnjgYzjgIHjgZfjgarjgoTjgYvjgaoK5aSp54S244K044Og44Gn44GZ44Gu44Gn44GK5bGl44GN6aCC44GP44Gr44Gv5pSv6Zqc44GM44GU44GW44GE44G+44Gb44KT44CCPGJyPgrplovlsIHmmYLjgavnrrHjgavlhaXjgaPjgZ/lvaLnirbjgavlpInlvaLjgZfjgabjgYTjgovloLTlkIjjgYzjgZTjgZbjgYQK44G+44GZ44GM44CB6Ieq54S244Gr5YWD44Gr5oi744Gj44Gm44GE44GN44G+44GZ44CC44K344Ol44O844K644Gu5aSW566x44Gu5q2q44G/44CB5r2w44KM44CB5pOm44KM44CB5rGa44KM44CB5YiH44KM562J44CC6JaE57SZ44Gu44K344Ov44CB56C044KM44CBCuaTpuOCjOaxmuOCjOetieOBjOOBguOCi+WgtOWQiOOBjOOBlOOBluOBhOOBvuOBmeOBjOWVhuWTgeOBq+OBr+WVj+mhjOOBr+OBlOOBluOBhOOBvuOBm+OCk+OAguOCruODleODiOeUqOOBruWgtOWQiOOBr+WHuuadpeOCi+mZkOOCiue2uum6l+OBqueJqeOCkgrpgbjlrprjgZfjgabnmbrpgIHjgZXjgZvjgabpoILjgY3jgb7jgZnjgII8YnI+CuS7peS4iuOBruWGheWuueOBr+WkqeeEtuOCtOODoOeJueacieOBruWRs+ODu+eJueW+tOOBqOOBquOCiuOBvuOBmeOAguS4iuiomOWGheWuueOBp+OBrui/lOWTgeS6pOaPm+OBr+OBiuWPl+OBkeOBmeOCi+S6i+OBjOWHuuadpeOBvuOBm+OCk+OAguWFqOOBpgrjga7ngrnjgpLkuojjgoHjgZTkuobmib/jga7kuIrjgIHjgYrosrfjgYTmsYLjgoHkuIvjgZXjgYTjgb7jgZnjgojjgYbjgYrpoZjjgYTnlLPjgZfkuIrjgZLjgb7jgZnjgIIKPGJyPgo8YnI+PC9mb250PjwvdGQ+PC90cj48L3RhYmxlPjwhLS1USUZPTkXjg6zjgqTjg7Pjg5bjg7zjg4TimIXlp4vjgb7jgootLT4KCjxpbWcgc3JjPSJodHRwOi8vaW1hZ2UucmFrdXRlbi5jby5qcC93b29kYm94L2NhYmluZXQvdGlmb25lL3RpZm9yYWluMTVfNjAwLmpwZyJhbHQ9IuODrOOCpOODs+ODluODvOODhCIgYm9yZGVyPSIwIi8+PGJyPgo8IS0t57WC44KP44KK4piFVElGT05F44Os44Kk44Oz44OW44O844OELS0+Cgo8YnI+Cgo8IS0t44GU5biM5pyb44Gu44Op44OD44OU44Oz44Kw4piF5aeL44G+44KKLS0+Cjx0YWJsZSBjZWxsc3BhY2luZz0iMCIgY2VsbHBhZGRpbmc9IjMiIHN0eWxlPSJmb250OjEycHg7Ym9yZGVyOnNvbGlkIDFweCAjMDhhNDAwIndpZHRoPSI2MDAic3R5bGU9InRleHQtZGVjb3JhdGlvbjpub25lOyI+Cgo8dHIgYmdjb2xvcj0iIzA4YTQwMCI+CjxUSCBhbGlnbj0iY2VudGVyImNvbHNwYW49IjUiIGNlbGxwYWRkaW5nPSIwIiA+PEI+PEZPTlQgc2l6ZT0iNCIgY29sb3I9IiNmZmZmZmYiPuOBlOW4jOacm+OBruODqeODg+ODlOODs+OCsOOCkuOBiumBuOOBs+S4i+OBleOBhOOAgjwvRk9OVD48L0I+PC90aD4KPHRyPgo8dGQ+PGNlbnRlcj48aW1nIHNyYyA9Imh0dHA6Ly9pbWFnZS5yYWt1dGVuLmNvLmpwL3dvb2Rib3gvY2FiaW5ldC9wYXJ0L3JhcC0xLmpwZyJ3aWR0aD0iMjAwImhlaWdodD0iMjAwImJvcmRlcj0iMCJhbHQ9IuODqeODg+ODlOODs+OCsOOCkuOBiumBuOOBs+S4i+OBleOBhOOAgiIvPjwvY2VudGVyPjwvdGQ+Cjx0ZD48Y2VudGVyPjxpbWcgc3JjID0iaHR0cDovL2ltYWdlLnJha3V0ZW4uY28uanAvd29vZGJveC9jYWJpbmV0L3BhcnQvcmFwLTIuanBnIndpZHRoPSIyMDAiaGVpZ2h0PSIyMDAiYm9yZGVyPSIwImFsdD0i44Op44OD44OU44Oz44Kw44KS44GK6YG444Gz5LiL44GV44GE44CCIi8+PC9jZW50ZXI+PC90ZD4KPC90cj4KPHRyPgo8dGQ+PGNlbnRlcj48Zm9udCBzaXplPSIyIiBjb2xvcj0iIzU5NTk1OSI+44Ku44OV44OI77yi77yv77y444Op44OD44OU44Oz44Kw44CA77yS77yQ77yQ5YaG77yI56iO5Yil77yJPGJyPjxiPuOCs+OCs+OCkuOCr+ODquODg+OCr++8gTwvYj48L2ZvbnQ+PC9jZW50ZXI+PC90ZD4KPHRkPjxjZW50ZXI+PGZvbnQgc2l6ZT0iMiIgY29sb3I9IiM1OTU5NTkiPuewoeaYk+WMheijheODqeODg+ODlOODs+OCsOOAgO+8le+8kOWGhu+8iOeojuWIpe+8iTxicj48Yj7jgrPjgrPjgpLjgq/jg6rjg4Pjgq/vvIE8L2I+PC9mb250PjwvY2VudGVyPjwvdGQ+CjwvdHI+Cjx0cj48dGQgaGVpZ2h0PSI1cHgiPjwvdGQ+PC90cj4gCjwvdGFibGU+Cgo8IS0t57WC44KP44KK4piF44GU5biM5pyb44Gu44Op44OD44OU44Oz44KwLS0+Cjxicj4KCgo8IS0t44GK44GZ44GZ44KB5ZWG5ZOB4piF5aeL44G+44KKLS0+CjxpbWcgc3JjPSJodHRwOi8vaW1hZ2UucmFrdXRlbi5jby5qcC93b29kYm94L2NhYmluZXQvZXZlbnQvc3AtNjAwXzMuanBnIiBib3JkZXI9IjAiYWx0PSLjgYrjgZnjgZnjgoHllYblk4EiLz48YnI+CjwhLS3ntYLjgo/jgorimIXjgYrjgZnjgZnjgoHllYblk4EtLT4KPGJyPgoKCjx0YWJsZSBjZWxsc3BhY2luZz0iNSIgY2VsbHBhZGRpbmc9IjAiPgo8dHI+Cjx0ZD4KPGltZyBzcmM9Imh0dHA6Ly9pbWFnZS5yYWt1dGVuLmNvLmpwL3dvb2Rib3gvY2FiaW5ldC90aWZvbmUvdGlmby1zaG9sMTVfNjAwLmpwZyIgd2lkdGg9IjMwMCIgaGVpZ2h0PSIxMDAiYm9yZGVyPSIwImFsdD0i5paw44K344On44Or44OA44O844OQ44OD44KwIi8+PC90ZD4KPHRkPgo8aW1nIHNyYz0iaHR0cDovL2ltYWdlLnJha3V0ZW4uY28uanAvd29vZGJveC9jYWJpbmV0L3RpZm9uZS90aWZvLWJvdHRsZTFfNjAwLmpwZyJ3aWR0aD0iMzAwIiBoZWlnaHQ9IjEwMCJhbHQ9IuODnOODiOODqyIgYm9yZGVyPSIwIi8+PC90ZD4KPC90cj4KPHRyPgo8dGQ+CjxpbWcgc3JjPSJodHRwOi8vaW1hZ2UucmFrdXRlbi5jby5qcC93b29kYm94L2NhYmluZXQvcGFydC90aWZvbmUtbmV3XzYwMC5qcGcid2lkdGg9IjMwMCIgaGVpZ2h0PSIxMDAiYWx0PSLjg5njg5Pjg7zjg6rjg6Xjg4Pjgq8iIGJvcmRlcj0iMCIvPjwvdGQ+Cjx0ZD4KPGltZyBzcmM9Imh0dHA6Ly9pbWFnZS5yYWt1dGVuLmNvLmpwL3dvb2Rib3gvY2FiaW5ldC90aWZvbmUvbXVzZTYwMC0yLmpwZyJ3aWR0aD0iMzAwIiBoZWlnaHQ9IjEwMCJhbHQ9Ik1VU0XmjojkubPjgrHjg7zjg5cyIiBib3JkZXI9IjAiLz48L3RkPgo8L3RyPgo8dHI+Cjx0ZD4KPGltZyBzcmM9Imh0dHA6Ly9pbWFnZS5yYWt1dGVuLmNvLmpwL3dvb2Rib3gvY2FiaW5ldC90aWZvbmUvdGlmbmFtZTYwMC5qcGcid2lkdGg9IjMwMCIgaGVpZ2h0PSIxMDAiYWx0PSLjg43jg7zjg6Djgr/jgrAiICJib3JkZXI9IjAiLz48L3RkPgo8dGQ+CjxpbWcgc3JjPSJodHRwOi8vaW1hZ2UucmFrdXRlbi5jby5qcC93b29kYm94L2NhYmluZXQvcGFydC9iYWJ5cHVrYTEzLTYwMC5qcGciIHdpZHRoPSIzMDAiIGhlaWdodD0iMTAwImJvcmRlcj0iMCJhbHQ9IlRJRk9ORSDjg5njg5Pjg5fjgqsiLz48L3RkPgo8L3RyPgo8dHI+Cjx0ZD4KPGltZyBzcmM9Imh0dHA6Ly9pbWFnZS5yYWt1dGVuLmNvLmpwL3dvb2Rib3gvY2FiaW5ldC90aWZvbmUvdGlmb25lc3AxNF82MDAuanBnIndpZHRoPSIzMDAiIGhlaWdodD0iMTAwImJvcmRlcj0iMCJhbHQ9IuODh+ODi+ODoOmiqOOCueODkeODg+ODhCIvPjwvdGQ+Cjx0ZD4KPGltZyBzcmM9Imh0dHA6Ly9pbWFnZS5yYWt1dGVuLmNvLmpwL3dvb2Rib3gvY2FiaW5ldC90aWZvbmUvdGlmb25lLXBvbi1hXzYwMC5qcGcid2lkdGg9IjMwMCIgaGVpZ2h0PSIxMDAiYm9yZGVyPSIwImFsdD0iVElGT05F77yI44OG44Kj44OV44Kp44O844ON77yJ44Od44Oz44OB44OnIi8+PC90ZD4KPC90cj4KCjx0cj48dGQgY29sc3Bhbj0iMiIgaGVpZ2h0PSIyMHB4Ij48L3RkPjwvdHI+CjwvdGFibGU+Cgo8YnI+Cjxicj4=,44Kt44OD44K6IOODrOOCpOODs+ODluODvOODhCDpgIHmlpnnhKHmlpkgVElGT05F44OG44Kj44OV44Kp44O844ONbWIg44Os44Kk44Oz44K344Ol44O844K6IOOCreODg+OCuiDjg6zjgqTjg7Pjg5bjg7zjg4Qg6ZW36Z20IOOCreODg+OCuiDjg6zjgqTjg7Pjg5bjg7zjg4Qg44K444Ol44OL44KiIOmVt+mdtCDjgq3jg4Pjgrog55S344Gu5a2QIOmVt+mdtCDjgq3jg4Pjgrog5aWz44Gu5a2QIOODrOOCpOODs+ODluODvOODhCDjgqbjg4Pjg4njg5zjg4Pjgq/jgrkgd29vZGJveFRBMuOAkHNtdGItVETjgJHjgJBzYWl0YW1h44CRZnMwNGdt44CQSExTX0RV44CR77ya44Km44OD44OJ44Oc44OD44Kv44K544CA5qW95aSp5biC5aC05bqX,dGlmb25l44OG44Kj44OV44Kp44O844ON44OZ44OT44O844Kt44OD44K644Os44Kk44Oz44OW44O844OE44Oe44Or44OB44Kx44O844K544Os44Kk44Oz44K344Ol44O844K644Of44Kt44OP44Km44K544K344On44Or44OA44O844OQ44OD44Kw44Oc44OI44Or44Kx44O844K544Oq44Ol44OD44Kv44K/44Kw44Od44Oz44OB44On44K544Kk44Oe44O844OQ6YCa5ZyS44OQ44OD44Kw44K544OR44OD44OE6ZW36Z2044Os44Ku44Oz44K55o6I5Lmz44Kx44O844OX44OZ44OZ44Kq44Os44Kt44OD44K6IOODrOOCpOODs+ODluODvOODhCDpgIHmlpnnhKHmlpkgVElGT05F44OG44Kj44OV44Kp44O844ONbWIg44Os44Kk44Oz44K344Ol44O844K6IOOCreODg+OCuiDjg6zjgqTjg7Pjg5bjg7zjg4Qg6ZW36Z20IOOCreODg+OCuiDjg6zjgqTjg7Pjg5bjg7zjg4Qg44K444Ol44OL44KiIOmVt+mdtCDjgq3jg4Pjgrog55S344Gu5a2QIOmVt+mdtCDjgq3jg4Pjgrog5aWz44Gu5a2QIOODrOOCpOODs+ODluODvOODhCDjgqbjg4Pjg4njg5zjg4Pjgq/jgrkgd29vZGJveFRBMuOAkHNtdGItVETjgJHjgJBzYWl0YW1h44CRZnMwNGdt44CQSExTX0RV44CR,44GC44GZ5qW944CQ6YCB5paZ54Sh5paZ44CR44Os44Kk44Oz44K344Ol44O844K6IOOCreODg+OCuuOAguOCreODg+OCuiDjg6zjgqTjg7Pjg5bjg7zjg4Qg6YCB5paZ54Sh5paZIFRJRk9OReODhuOCo+ODleOCqeODvOODjW1iIOODrOOCpOODs+OCt+ODpeODvOOCuiDjgq3jg4Pjgrog44Os44Kk44Oz44OW44O844OEIOmVt+mdtCDjgq3jg4Pjgrog44Os44Kk44Oz44OW44O844OEIOOCuOODpeODi+OCoiDplbfpnbQg44Kt44OD44K6IOeUt+OBruWtkCDplbfpnbQg44Kt44OD44K6IOWls+OBruWtkCDjg6zjgqTjg7Pjg5bjg7zjg4Qg44Km44OD44OJ44Oc44OD44Kv44K5IHdvb2Rib3hUQTLjgJBzbXRiLVRE44CR44CQc2FpdGFtYeOAkWZzMDRnbeOAkEhMU19EVeOAkQ==[rn]
30-32925,aHR0cDovL3RzaG9wLnIxMHMuanAvZmVhZnVsb3ZlcnkvY2FiaW5ldC9zaDIwMTUvbnRubi03MDE5LmpwZz9maXRpbj03MDA6NzAw,MTAzNi44MDAw,,44Kt44OD44K644O744OZ44OT44O844O744Oe44K/44OL44OG44KjID4g44Kt44OD44K6ID4g6Z20ID4g6ZW36Z2044O744Os44Kk44Oz44K344Ol44O844K6,44Kr44Op44OV44OrIOe3j+afhOOCueOCv+ODvCDjg6zjgqTjg7Pjg5zjg7wg44OX44Oq44Oz44OIIOWtkOS+m+ODrOOCpOODs+OCt+ODpeODvOOCuiDjgq3jg4Pjgrog6ZW36Z20IOODrOOCpOODs+ODluODvOODhCDjgJDlroXphY3kvr/phY3pgIHjga7jgb/jgJE=,6Zuo44Gu5pel44KC44Kr44Op44OV44Or5YWD5rCX44Gr6KGM44GT44GG4piF,PGltZyBzcmM9Imh0dHA6Ly9pbWFnZS5yYWt1dGVuLmNvLmpwL2ZlYWZ1bG92ZXJ5L2NhYmluZXQvc2gyMDE1L250bm4tNzAxOS5qcGciIHdpZHRoPSIxMDAlIj48YnI+CjxpbWcgc3JjPSJodHRwOi8vaW1hZ2UucmFrdXRlbi5jby5qcC9mZWFmdWxvdmVyeS9jYWJpbmV0L3NoMjAxNS9udG5uLTcwMTlfMS5qcGciIHdpZHRoPSIxMDAlIj48YnI+CjxpbWcgc3JjPSJodHRwOi8vaW1hZ2UucmFrdXRlbi5jby5qcC9mZWFmdWxvdmVyeS9jYWJpbmV0L3NoMjAxNS9udG5uLTcwMTlfMi5qcGciIHdpZHRoPSIxMDAlIj48YnI+CjxkaXYgYWxpZ249ImNlbnRlciI+PGltZyBzcmM9Imh0dHA6Ly9pbWFnZS5yYWt1dGVuLmNvLmpwL2ZlYWZ1bG92ZXJ5L2NhYmluZXQva290ZWkvbWVtbzEuZ2lmIj48YnI+Cjxmb250IGNvbG9yPSIjZmY2NjY2Ij7imIXlroXphY3kvr/phY3pgIHjga7jgb/imIU8L2ZvbnQ+PGJyPgrimarpm6jjga7ml6XjgoLjgqvjg6njg5Xjg6vlhYPmsJfjgavooYzjgZPjgYbimao8YnI+CuODneODg+ODl+OBp+OCq+ODqeODleODq+OBqiDlhajpnaLjg5fjg6rjg7Pjg4jjga7mmJ/mn4TjgYznm67nq4vjgaTvvIE8YnI+CuOCt+ODquODvOOCuuOBp+aPg+OBiOOCi+OBqCDjgb7jgZnjgb7jgZnnm67jgpLlvJXjgY3jgb7jgZnvvIHvvIHvvIE8YnI+CjwvZGl2Pgo8cD48L3A+Cjx0YWJsZSBjbGFzcz0idGFibGVfMDEiPgo8dHI+Cjx0aD4K44K144Kk44K6PC90aD4KPHRkPgoxNGNtLzE2Y20vMThjbQo8L3RkPgo8L3RyPgoKPHRyPgo8dGg+CueUn+eUo+WcsDwvdGg+Cjx0ZD4KQ0hJTkE8L3RkPgo8L3RyPgoKPHRyPgo8dGg+Cue0oOadkDwvdGg+Cjx0ZD4K44Od44Oq5aGp5YyW44OT44OL44O844OrPC90ZD4KPC90cj4KPHRyPgo8dGg+CuS7leanmDwvdGg+Cjx0ZD4K5Y+W5aSW44GX5Y+v5Lit5pW344GN5LuY44GNL+ODk+ODi+ODvOODq+ODkOODg+OCsOODkeODg+OCseODvOOCuDwvdGQ+CjwvdHI+Cgo8dHI+Cjx0aD4K5rOo5oSP5LqL6aCFPC90aD4KPHRkPgril4/nlLvlg4/jga7oibLlkIjjgYTjga/lrp/nianjgavov5HjgYTjgqvjg6njg7zjgpLlho3nj77jgafjgY3jgovjgojjgYbliqrjgoHjgabjgYrjgorjgb7jgZnjgYzjgIHjg6Ljg4vjgr/jg7znkrDlooPjgavjgojjgoroi6XlubLjga7oqqTlt67jgYzlh7rjgb7jgZnjgIIgPGJyPgril4/jgrXjgqTjgrrjga/lhajjgablubPnva7jgY3oqIjmuKzjgafjgZnjgILmuKzjgormlrnjgavjgojjgoroqqTlt67jgYzlh7rjgovloLTlkIjjgYzjgZTjgZbjgYTjgb7jgZnjgII8YnI+CjwvdGQ+CjwvdHI+CjwvdGFibGU+Cgrilrzjgrfjg6rjg7zjgrrjgafmj4PjgYjjgabjga3imao8YnI+CjxhIGhyZWY9Imh0dHA6Ly9pdGVtLnJha3V0ZW4uY28uanAvZmVhZnVsb3ZlcnkvbnRubi03MDE3LyIgdGFyZ2V0PSJfYmxhbmsiPjxpbWcgc3JjPSJodHRwOi8vaW1hZ2UucmFrdXRlbi5jby5qcC9mZWFmdWxvdmVyeS9jYWJpbmV0L3NoMjAxNS9udG5uLTcwMTcuanBnIiBib3JkZXI9IjAiIHdpZHRoPSIxNTAiPjwvYT48YSBocmVmPSJodHRwOi8vaXRlbS5yYWt1dGVuLmNvLmpwL2ZlYWZ1bG92ZXJ5L250NjA1MDQvIiB0YXJnZXQ9Il9ibGFuayI+PGltZyBzcmM9Imh0dHA6Ly9pbWFnZS5yYWt1dGVuLmNvLmpwL2ZlYWZ1bG92ZXJ5L2NhYmluZXQvc2gyMDE1L250NjA1MDQuanBnIiBib3JkZXI9IjAiIHdpZHRoPSIxNTAiPjwvYT48c3R5bGUgdHlwZT0idGV4dC9jc3MiPgo8IS0tCgpzcGFuLmNhdGNoX2NvcHksCnNwYW4uaXRlbV9uYW1lIHsKICBsaW5lLWhlaWdodDogMTgwJTsKfQoKLyog44Kt44Oj44OD44OB44Kz44OU44O85LiK6YOo44Op44OZ44OrICovCnNwYW4uY2F0Y2hfY29weTpiZWZvcmUgewogICAgY29udGVudDogIjgsNjQw5YaG5Lul5LiK44Gn5a6F6YWN5L6/LyA1LDQwMOS7peS4iuOBp0RN5L6/6YCB5paZ54Sh5paZ77yBIjsgLyrjg6njg5njg6vlhoXjga7mlofoqIAqLwogICAgd2lkdGg6IDI4MHB4OyAvKuODqeODmeODq+OBruOCteOCpOOCuiovCiAgICBiYWNrZ3JvdW5kLWNvbG9yOiAjYmYwMDAwOyAvKuODqeODmeODq+OBruiJsiovCiAgICBmb250LXNpemU6IDExcHg7CiAgICBjb2xvcjogI2ZmZjsKICAgIHRleHQtYWxpZ246IGNlbnRlcjsKICAgIGRpc3BsYXk6IGJsb2NrOwogICAgcGFkZGluZzogMXB4IDRweDsKICAgIG1hcmdpbi1ib3R0b206IDRweDsKICAgIGJvcmRlci1yYWRpdXM6IDJweDsKICAgIGNsZWFyOiBib3RoOwp9CgovKiDllYblk4HlkI3kuIvjgavlooPnlYznt5rjgYzlhaXjgosgKi8Kc3Bhbi5pdGVtX25hbWUgewogICAgZGlzcGxheTogYmxvY2s7CiAgICBib3JkZXItYm90dG9tOiAycHggZG90dGVkICNkZGQ7CiAgICBwYWRkaW5nLWJvdHRvbTogOHB4Owp9CgovKiDkvqHmoLzjgavmnqDnt5rjgYzjgaTjgY8gKi8KdGFibGUjcmFrdXRlbkxpbWl0ZWRJZF9jYXJ0IHsKICAgIGJhY2tncm91bmQtY29sb3I6ICNmOGY4Zjg7CiAgICBib3JkZXI6IDFweCBzb2xpZCAjZGRkOwogICAgcGFkZGluZzogOHB4OwogICAgbWFyZ2luOiAxNnB4IDA7Cn0KCnNwYW4ucHJpY2UxIHsKICAgIGNvbG9yOiAjMzMzICFpbXBvcnRhbnQ7CiAgICBmb250LXdlaWdodDogYm9sZDsKICAgIGZvbnQtc2l6ZTogODAlICFpbXBvcnRhbnQ7CiAgICBsaW5lLWhlaWdodDogMzBweDsKICAgIGRpc3BsYXk6IGlubGluZS1ibG9jazsKICAgIG1hcmdpbi1yaWdodDogMTZweDsKfQoKLS0+Cjwvc3R5bGU+CjxkaXYgYWxpZ249ImNlbnRlciI+PC9kaXY+,44Kr44Op44OV44OrIOe3j+afhOOCueOCv+ODvCDjg6zjgqTjg7Pjg5zjg7wg44OX44Oq44Oz44OIIOWtkOS+m+ODrOOCpOODs+OCt+ODpeODvOOCuiDjgq3jg4Pjgrog6ZW36Z20IOODrOOCpOODs+ODluODvOODhCDjgJDlroXphY3kvr/phY3pgIHjga7jgb/jgJHvvJrvvK/vvLnvvKHvvKLvvKHvvKvvvKHloII=,44Os44OD44K544Oz44OQ44OD44Kw44K344Ol44O844K644Kx44O844K544GK56i95Y+k44GL44Gw44KT5LiK6Z205YWl44KM44Kt44OD44K644OZ44OT44O85YWl5ZyS5YWl5a2m44K544Kv44O844Or44Ki44Kk44OG44Og5a2Q5L6b56e75YuV44Od44Kx44OD44OI44Oe44Kw44Od44O844OB5pel5pys5pyq55m65aOy5be+552A6KKL5Ye655Sj56Wd44GE6LWk44Gh44KD44KT44Kt44OD44K644Ko44OX44Ot44Oz44OZ44OT44O844GK44KA44Gk44Od44O844OB5a2Q5L6b44OR44K444Oj44Oe5a2Q5L6b5rC0552A44Kr44Op44OV44OrIOe3j+afhOOCueOCv+ODvCDjg6zjgqTjg7Pjg5zjg7wg44OX44Oq44Oz44OIIOWtkOS+m+ODrOOCpOODs+OCt+ODpeODvOOCuiDjgq3jg4Pjgrog6ZW36Z20IOODrOOCpOODs+ODluODvOODhCDjgJDlroXphY3kvr/phY3pgIHjga7jgb/jgJE=,6Zuo44Gu5pel44KC44Kr44Op44OV44Or5YWD5rCX44Gr6KGM44GT44GG4piF44CC44Kr44Op44OV44OrIOe3j+afhOOCueOCv+ODvCDjg6zjgqTjg7Pjg5zjg7wg44OX44Oq44Oz44OIIOWtkOS+m+ODrOOCpOODs+OCt+ODpeODvOOCuiDjgq3jg4Pjgrog6ZW36Z20IOODrOOCpOODs+ODluODvOODhCDjgJDlroXphY3kvr/phY3pgIHjga7jgb/jgJE=[rn]
30-32926,aHR0cDovL3RzaG9wLnIxMHMuanAvZmVhZnVsb3ZlcnkvY2FiaW5ldC9zaDIwMTUvbnRubi03MDE1LmpwZz9maXRpbj03MDA6NzAw,MTAzNi44MDAw,,44Kt44OD44K644O744OZ44OT44O844O744Oe44K/44OL44OG44KjID4g44Kt44OD44K6ID4g6Z20ID4g6ZW36Z2044O744Os44Kk44Oz44K344Ol44O844K6,44Kt44Ol44O844OI44GqIOe3j+afhOODgeOCp+ODquODvOOBqOODrOODvOOCuSDjg5fjg6rjg7Pjg4gg5a2Q5L6b44Os44Kk44Oz44K344Ol44O844K6IOmVt+mdtCDjg6zjgqTjg7Pjg5bjg7zjg4TjgJDlroXphY3kvr/phY3pgIHjga7jgb/jgJE=,6Zuo44Gu5pel44KC44Kr44Op44OV44Or5YWD5rCX44Gr6KGM44GT44GG4piF,PGltZyBzcmM9Imh0dHA6Ly9pbWFnZS5yYWt1dGVuLmNvLmpwL2ZlYWZ1bG92ZXJ5L2NhYmluZXQvc2gyMDE1L250bm4tNzAxNS5qcGciIHdpZHRoPSIxMDAlIj48YnI+CjxpbWcgc3JjPSJodHRwOi8vaW1hZ2UucmFrdXRlbi5jby5qcC9mZWFmdWxvdmVyeS9jYWJpbmV0L3NoMjAxNS9udG5uLTcwMTVfMS5qcGciIHdpZHRoPSIxMDAlIj48YnI+CjxpbWcgc3JjPSJodHRwOi8vaW1hZ2UucmFrdXRlbi5jby5qcC9mZWFmdWxvdmVyeS9jYWJpbmV0L3NoMjAxNS9udG5uLTcwMTVfMi5qcGciIHdpZHRoPSIxMDAlIj48YnI+CjxpbWcgc3JjPSJodHRwOi8vaW1hZ2UucmFrdXRlbi5jby5qcC9mZWFmdWxvdmVyeS9jYWJpbmV0L3NoMjAxNS9udG5uLTcwMTNfNC5qcGciIHdpZHRoPSIxMDAlIj48YnI+CjxpbWcgc3JjPSJodHRwOi8vaW1hZ2UucmFrdXRlbi5jby5qcC9mZWFmdWxvdmVyeS9jYWJpbmV0L3NoMjAxNS9udG5uLTcwMTNfNS5qcGciIHdpZHRoPSIxMDAlIj48YnI+CjxkaXYgYWxpZ249ImNlbnRlciI+PGltZyBzcmM9Imh0dHA6Ly9pbWFnZS5yYWt1dGVuLmNvLmpwL2ZlYWZ1bG92ZXJ5L2NhYmluZXQva290ZWkvbWVtbzEuZ2lmIj48YnI+Cjxmb250IGNvbG9yPSIjZmY2NjY2Ij7imIXlroXphY3kvr/phY3pgIHjga7jgb/imIU8L2ZvbnQ+PGJyPgrimarpm6jjga7ml6XjgoLjgqvjg6njg5Xjg6vlhYPmsJfjgavooYzjgZPjgYbimao8YnI+CuOCrOODvOODquODvOOBquODgeOCp+ODquODvOOBq+ODrOODvOOCueKZqjxicj4K44Oq44Oc44Oz44Gq44Gp5aWz44Gu5a2Q44Gu5aSn5aW944GN44Gq44Oi44OB44O844OV44GM44GO44Gj44GX44KK77yBPGJyPgrjgrfjg6rjg7zjgrrjgafmj4PjgYjjgovjgagg44G+44GZ44G+44GZ55uu44KS5byV44GN44G+44GZ77yB77yB77yBPGJyPgo8L2Rpdj4KPHA+PC9wPgo8dGFibGUgY2xhc3M9InRhYmxlXzAxIj4KPHRyPgo8dGg+CuOCteOCpOOCujwvdGg+Cjx0ZD4KMTRjbS8xNmNtLzE4Y20KPC90ZD4KPC90cj4KCjx0cj4KPHRoPgrnlJ/nlKPlnLA8L3RoPgo8dGQ+CkNISU5BPC90ZD4KPC90cj4KCjx0cj4KPHRoPgrntKDmnZA8L3RoPgo8dGQ+CuODneODquWhqeWMluODk+ODi+ODvOODqzwvdGQ+CjwvdHI+Cjx0cj4KPHRoPgrku5Xmp5g8L3RoPgo8dGQ+CuWPluWkluOBl+WPr+S4reaVt+OBjeS7mOOBjS/jg5Pjg4vjg7zjg6vjg5Djg4PjgrDjg5Hjg4PjgrHjg7zjgrg8L3RkPgo8L3RyPgoKPHRyPgo8dGg+CuazqOaEj+S6i+mghTwvdGg+Cjx0ZD4K4peP55S75YOP44Gu6Imy5ZCI44GE44Gv5a6f54mp44Gr6L+R44GE44Kr44Op44O844KS5YaN54++44Gn44GN44KL44KI44GG5Yqq44KB44Gm44GK44KK44G+44GZ44GM44CB44Oi44OL44K/44O855Kw5aKD44Gr44KI44KK6Iul5bmy44Gu6Kqk5beu44GM5Ye644G+44GZ44CCIDxicj4K4peP44K144Kk44K644Gv5YWo44Gm5bmz572u44GN6KiI5ris44Gn44GZ44CC5ris44KK5pa544Gr44KI44KK6Kqk5beu44GM5Ye644KL5aC05ZCI44GM44GU44GW44GE44G+44GZ44CCPGJyPgo8L3RkPgo8L3RyPgo8L3RhYmxlPgo8cD48L3A+CuKWvOOCt+ODquODvOOCuuOBp+aPg+OBiOOBpuOBreKZqjxicj4KPGEgaHJlZj0iaHR0cDovL2l0ZW0ucmFrdXRlbi5jby5qcC9mZWFmdWxvdmVyeS9udG5uLTcwMTMvIiB0YXJnZXQ9Il9ibGFuayI+PGltZyBzcmM9Imh0dHA6Ly9pbWFnZS5yYWt1dGVuLmNvLmpwL2ZlYWZ1bG92ZXJ5L2NhYmluZXQvc2gyMDE1L250bm4tNzAxMy5qcGciIGJvcmRlcj0iMCIgd2lkdGg9IjE1MCI+PC9hPjxhIGhyZWY9Imh0dHA6Ly9pdGVtLnJha3V0ZW4uY28uanAvZmVhZnVsb3ZlcnkvbnQ2MDU1Mi8iIHRhcmdldD0iX2JsYW5rIj48aW1nIHNyYz0iaHR0cDovL2ltYWdlLnJha3V0ZW4uY28uanAvZmVhZnVsb3ZlcnkvY2FiaW5ldC9zaDIwMTUvbnQ2MDU1Mi5qcGciIGJvcmRlcj0iMCIgd2lkdGg9IjE1MCI+PC9hPjxzdHlsZSB0eXBlPSJ0ZXh0L2NzcyI+CjwhLS0KCnNwYW4uY2F0Y2hfY29weSwKc3Bhbi5pdGVtX25hbWUgewogIGxpbmUtaGVpZ2h0OiAxODAlOwp9CgovKiDjgq3jg6Pjg4Pjg4HjgrPjg5Tjg7zkuIrpg6jjg6njg5njg6sgKi8Kc3Bhbi5jYXRjaF9jb3B5OmJlZm9yZSB7CiAgICBjb250ZW50OiAiOCw2NDDlhobku6XkuIrjgaflroXphY3kvr8vIDUsNDAw5Lul5LiK44GnRE3kvr/pgIHmlpnnhKHmlpnvvIEiOyAvKuODqeODmeODq+WGheOBruaWh+iogCovCiAgICB3aWR0aDogMjgwcHg7IC8q44Op44OZ44Or44Gu44K144Kk44K6Ki8KICAgIGJhY2tncm91bmQtY29sb3I6ICNiZjAwMDA7IC8q44Op44OZ44Or44Gu6ImyKi8KICAgIGZvbnQtc2l6ZTogMTFweDsKICAgIGNvbG9yOiAjZmZmOwogICAgdGV4dC1hbGlnbjogY2VudGVyOwogICAgZGlzcGxheTogYmxvY2s7CiAgICBwYWRkaW5nOiAxcHggNHB4OwogICAgbWFyZ2luLWJvdHRvbTogNHB4OwogICAgYm9yZGVyLXJhZGl1czogMnB4OwogICAgY2xlYXI6IGJvdGg7Cn0KCi8qIOWVhuWTgeWQjeS4i+OBq+Wig+eVjOe3muOBjOWFpeOCiyAqLwpzcGFuLml0ZW1fbmFtZSB7CiAgICBkaXNwbGF5OiBibG9jazsKICAgIGJvcmRlci1ib3R0b206IDJweCBkb3R0ZWQgI2RkZDsKICAgIHBhZGRpbmctYm90dG9tOiA4cHg7Cn0KCi8qIOS+oeagvOOBq+aeoOe3muOBjOOBpOOBjyAqLwp0YWJsZSNyYWt1dGVuTGltaXRlZElkX2NhcnQgewogICAgYmFja2dyb3VuZC1jb2xvcjogI2Y4ZjhmODsKICAgIGJvcmRlcjogMXB4IHNvbGlkICNkZGQ7CiAgICBwYWRkaW5nOiA4cHg7CiAgICBtYXJnaW46IDE2cHggMDsKfQoKc3Bhbi5wcmljZTEgewogICAgY29sb3I6ICMzMzMgIWltcG9ydGFudDsKICAgIGZvbnQtd2VpZ2h0OiBib2xkOwogICAgZm9udC1zaXplOiA4MCUgIWltcG9ydGFudDsKICAgIGxpbmUtaGVpZ2h0OiAzMHB4OwogICAgZGlzcGxheTogaW5saW5lLWJsb2NrOwogICAgbWFyZ2luLXJpZ2h0OiAxNnB4Owp9CgotLT4KPC9zdHlsZT4KPGRpdiBhbGlnbj0iY2VudGVyIj48L2Rpdj4=,44Kt44Ol44O844OI44GqIOe3j+afhOODgeOCp+ODquODvOOBqOODrOODvOOCuSDjg5fjg6rjg7Pjg4gg5a2Q5L6b44Os44Kk44Oz44K344Ol44O844K6IOmVt+mdtCDjg6zjgqTjg7Pjg5bjg7zjg4TjgJDlroXphY3kvr/phY3pgIHjga7jgb/jgJHvvJrvvK/vvLnvvKHvvKLvvKHvvKvvvKHloII=,44Os44OD44K544Oz44OQ44OD44Kw44K344Ol44O844K644Kx44O844K544GK56i95Y+k44GL44Gw44KT5LiK6Z205YWl44KM44Kt44OD44K644OZ44OT44O85YWl5ZyS5YWl5a2m44K544Kv44O844Or44Ki44Kk44OG44Og5a2Q5L6b56e75YuV44Od44Kx44OD44OI44Oe44Kw44Od44O844OB5pel5pys5pyq55m65aOy5be+552A6KKL5Ye655Sj56Wd44GE6LWk44Gh44KD44KT44Kt44OD44K644Ko44OX44Ot44Oz44OZ44OT44O844GK44KA44Gk44Od44O844OB5a2Q5L6b44OR44K444Oj44Oe5a2Q5L6b5rC0552A44Kt44Ol44O844OI44GqIOe3j+afhOODgeOCp+ODquODvOOBqOODrOODvOOCuSDjg5fjg6rjg7Pjg4gg5a2Q5L6b44Os44Kk44Oz44K344Ol44O844K6IOmVt+mdtCDjg6zjgqTjg7Pjg5bjg7zjg4TjgJDlroXphY3kvr/phY3pgIHjga7jgb/jgJE=,6Zuo44Gu5pel44KC44Kr44Op44OV44Or5YWD5rCX44Gr6KGM44GT44GG4piF44CC44Kt44Ol44O844OI44GqIOe3j+afhOODgeOCp+ODquODvOOBqOODrOODvOOCuSDjg5fjg6rjg7Pjg4gg5a2Q5L6b44Os44Kk44Oz44K344Ol44O844K6IOmVt+mdtCDjg6zjgqTjg7Pjg5bjg7zjg4TjgJDlroXphY3kvr/phY3pgIHjga7jgb/jgJE=[rn]
30-32927,aHR0cDovL3RzaG9wLnIxMHMuanAvYmV0dGVyL2NhYmluZXQvMDI0NzcxMzgvMDQwMjMzMDgvaW1ncmMwMDY1NjYyNjQ5LmpwZz9maXRpbj03MDA6NzAw,NjA0LjgwMDA=,,44Kt44OD44K644O744OZ44OT44O844O744Oe44K/44OL44OG44KjID4g44Kt44OD44K6ID4g6Z20ID4g6ZW36Z2044O744Os44Kk44Oz44K344Ol44O844K6,Wk9PTeOCuuODvOODoCBCb2HjgIBpbnNvbGXjgIDjg5zjgqLjgIDjgqTjg7Pjgr3jg7zjg6so5Lit5pW3KS8xM2Nt772eMjRjbeOCreODg+OCuiDjgrjjg6Xjg4vjgqIg44Os44OH44Kj44O844K544CQ44Kz44Oz44OT44OL5Y+X5Y+W5a++5b+c5ZWG5ZOB44CR,Wk9PTemVt+mdtOODrOOCpOODs+ODluODvOODhOOAgeOCueODquODg+ODneODs+OBruOCteOCpOOCuuiqv+aVtOOBqw==,4oC744Od44Oq44Ko44K544OG44Or44CARVZBPGJyPgoKCjxicj48SW1nIFNyYz0iaHR0cDovL2ltYWdlLnJha3V0ZW4uY28uanAvYmV0dGVyL2NhYmluZXQvMDI0NzcxMzgvMDQwMjMzMDgvaW1ncmMwMDY1NjYyNjQ5LmpwZyI+IDxicj48SW1nIFNyYz0iaHR0cDovL2ltYWdlLnJha3V0ZW4uY28uanAvYmV0dGVyL2NhYmluZXQvMDI0NzcxMzgvMDQwMjMzMDgvaW1ncmMwMDY1NjYyNjUwLmpwZyI+IDxicj48SW1nIFNyYz0iaHR0cDovL2ltYWdlLnJha3V0ZW4uY28uanAvYmV0dGVyL2NhYmluZXQvMDI0NzcxMzgvMDQwMjMzMDgvaW1ncmMwMDY1NjYyNjQ3LmpwZyI+IDxicj48SW1nIFNyYz0iaHR0cDovL2ltYWdlLnJha3V0ZW4uY28uanAvYmV0dGVyL2NhYmluZXQvMDI0NzcxMzgvMDQwMjMzMDgvaW1ncmMwMDY1NjYyNjQyLmpwZyI+IDxicj48aW1nIHNyYz0iaHR0cDovL2ltYWdlLnJha3V0ZW4uY28uanAvYmV0dGVyL2NhYmluZXQvMDExNjc3NDgvaW1ncmMwMDcwMTM5Mjk5LmpwZyIgd2lkdGg9IjEwMCUiIGFsdD0iIj48YnI+4oC744Od44Oq44Ko44K544OG44Or44CARVZBPGJyPgrimIXpnbTjga7jgrXjgqTjgrrjga7oqr/mlbTjgavjgYrkvb/jgYTkuIvjgZXjgYTjgII8YnI+CuKYheOCt+ODpeODvOOCuuOBruOCteOCpOOCuuOBq+WQiOOCj+OBm+OBpuOBk+OBruS4reaVt+OBruOCteOCpOOCuuODqeOCpOODs+OCkuebruWuieOBq+ODj+OCteODn+OBp+OBmeOBk+OBl+OBmuOBpOOCq+ODg+ODiOOBl+OBpuOBj+OBoOOBleOBhDxpbWcgc3JjPSJodHRwOi8vaW1hZ2UucmFrdXRlbi5jby5qcC9iZXR0ZXIvY2FiaW5ldC8wMTE2Nzc0OC9pbWdyYzAwNzE5NzYxNDUuanBnIiB3aWR0aD0iMTAwJSIgYWx0PSIiPjxicj48IS0t57SN5pyf5oOF5aCxLS0+Cgo8c3R5bGUgVFlQRT0idGV4dC9jc3MiPgo8IS0tCnRkLmludmVudG9yeSBmb250e2ZvbnQtc2l6ZToxMHB4O2NvbG9yOiM2NjY2NjY7fQoKLS0+Cjwvc3R5bGU+CgoKPHN0eWxlIHR5cGU9InRleHQvY3NzIj4KLyrosrfjgYTnianjgYvjgZTjgavlhaXjgozjgovjg5zjgr/jg7MqLwpkaXYjcmFrdXRlbkxpbWl0ZWRJZF9hcm91bmRDYXJ0IGlucHV0LnJDYXJ0QnRuLCAKZGl2I3Jha3V0ZW5MaW1pdGVkSWRfYXJvdW5kQ2FydCBpbnB1dC5yQ2FydEJ0blt0eXBlPSJzdWJtaXQiXSB7CiAgICB3aWR0aDogMzMwcHggIWltcG9ydGFudDsKICAgIGhlaWdodDogODBweCAhaW1wb3J0YW50OwogICAgY3Vyc29yOiBwb2ludGVyICFpbXBvcnRhbnQ7CiAgICBiYWNrZ3JvdW5kOiB1cmwoImh0dHA6Ly9pbWFnZS5yYWt1dGVuLmNvLmpwL2JldHRlci9jYWJpbmV0LzAxMTY3NzQ4L2ltZ3JjMDA2OTc4NDMwMS5qcGciKW5vLXJlcGVhdCAwIDAgIWltcG9ydGFudDsKfQoKZGl2I3Jha3V0ZW5MaW1pdGVkSWRfYXJvdW5kQ2FydCBpbnB1dC5yQ2FydEJ0biwKZGl2I3Jha3V0ZW5MaW1pdGVkSWRfYXJvdW5kQ2FydCBpbnB1dC5yQ2FydEJ0blt0eXBlPSJzdWJtaXQiXTpob3ZlciB7CiAgICBiYWNrZ3JvdW5kOiB1cmwoImh0dHA6Ly9pbWFnZS5yYWt1dGVuLmNvLmpwL2JldHRlci9jYWJpbmV0LzAxMTY3NzQ4L2ltZ3JjMDA2OTc4NDQyMC5qcGciKW5vLXJlcGVhdCAwIDAgIWltcG9ydGFudDsKfQo8L3N0eWxlPgoKCgo8c3R5bGUgdHlwZT0idGV4dC9jc3MiPiAKYm9keXsgCmJhY2tncm91bmQtaW1hZ2U6dXJsKCk7IApiYWNrZ3JvdW5kLXJlcGVhdDpyZXBlYXQteTsgCmJhY2tncm91bmQtcG9zaXRpb246cmlnaHQ7IAp9IAoKCjwhLS0KCi8qIOWAi+aVsOWFpeWKm+ashOOBruWkp+OBjeOBlSAqLwppbnB1dCN1bml0cyB7CnBhZGRpbmc6IDFweCAwcHg7Cn0KCi8qIOOBiuiyt+OBhOeJqeOBi+OBlOODnOOCv+ODs+OBruWkp+OBjeOBlSAqLwp0ZCA+IGlucHV0IHsKZm9udC1zaXplOiAxNXB4OwpwYWRkaW5nOjIwcHggNTBweDsKd2lkdGg6IGF1dG87Cn0KCi8qIOOAjOWVhuWTgeOBq+OBpOOBhOOBpuOBruWVj+OBhOWQiOOCj+OBm+OAjeODnOOCv+ODs+OBruWkp+OBjeOBlSovCmZvbnQgaW5wdXQgewpmb250LXNpemU6IDEycHg7CnBhZGRpbmc6MnB4Owp3aWR0aDogMTUwcHg7Cn0KCi0tPgo8L3N0eWxlPgoKCgoKIAoKPGZvbnQgc2l6ZT0iMyI+4oC7IOWVhuWTgeeUu+WDj+OBr+OAgeODkeOCveOCs+ODs+eUu+mdouetieOBruaAp+izquS4iuOAgeWun+eJqeOBruiJsuOBqOiLpeW5sueVsOOBquOBo+OBpuimi+OBiOOCi+WgtOWQiOOBjOOBlOOBluOBhOOBvuOBmeOAgjxicj4K4oC7IOWQjOOBmOWVhuWTgeOBp+OBguOBo+OBpuOCguOAgeijveWTgea0l+OBhOOBquOBqeOBruWKoOW3peOBq+OCiOOBo+OBpuWVhuWTgeOBruS7leanmOOBjOe0sOOBi+OBhOeCueOBp+eVsOOBquOCi+WgtOWQiOOBjOOBlOOBluOBhOOBvuOBmeOAguOBvuOBn+OAgeOCteOCpOOCuuOBrumBleOBhOOBq+OCiOOCiuWVhuWTgeOBruWFqOS9k+eahOOBquODkOODqeODs+OCueOBjOeVsOOBquOCi+WgtOWQiOOCguOBlOOBluOBhOOBvuOBmeOAgjxicj4K4oC744K344Ol44O844K644CB5bCP54mp6aGe44Gv54m544Gr44CB5o6l552A5Ymk44Gu44Gv44G/5Ye644GX44KE44CB44OX44Oq44Oz44OI44Gu44GL44GZ44KM44CB5bem5Y+z44Gu6Iul5bmy44Gu6Z2e5a++56ew44Gq44Gp44Gu5LiN5YKZ44GM6KaL5Y+X44GR44KJ44KM44KL44GT44Go44GM44GU44GW44GE44G+44GZ44GM44CBIOW9k+W6l+OBruWIpOaWreOBp+S4jeiJr+WvvuixoeOBqOOBquOCieOBquOBhOeoi+W6puOBruOCguOBruOBr+eZuumAgeOBhOOBn+OBl+OBpuOBiuOCiuOBvuOBmeOAgjxicj4K4oC744K344Ol44O844K644Gu5aSW566x44KE6JaE57SZ44CB5Lm+54el5Ymk44Gq44Gp44Gv44CB44K544Os44KE5r2w44KM44CB56C044KM44Gq44Gp5YK344KT44Gn44GE44KL5aC05ZCI44GM44GU44GW44GE44G+44GZ44GM44CB5LiN6Imv5a++6LGh44Gr44Gv44Gq44KK44G+44Gb44KT44CC44GU5LqG5om/44GP44Gg44GV44GE44CCPGJyPgrigLsg5b2T5bqX44Gv5a6f5bqX6IiX44Gn44KC6LKp5aOy44GX44Gm44GK44KK44G+44GZ44CC5Zyo5bqr5pWw44Gu5pu05paw44Gv6ZqP5pmC6KGM44Gj44Gm44GK44KK44G+44GZ44GM44CB44GK6LK344GE5LiK44GS44GE44Gf44Gg44GE44Gf5ZWG5ZOB44GM44CB5ZOB5YiH44KM44Gr44Gq44Gj44Gm44GX44G+44GG44GT44Go44KC44GU44GW44GE44G+44GZ44CC44Gd44Gu5aC05ZCI44CB44GK5a6i5qeY44Gr44Gv5b+F44Ga6YCj57Wh44KS44GE44Gf44GX44G+44GZ44GM44CB5LiH44GM5LiA5YWl6I235LqI5a6a44GM44Gq44GE5aC05ZCI44Gv44CB44Kt44Oj44Oz44K744Or44GV44Gb44Gm44GE44Gf44Gg44GP5aC05ZCI44KC44GU44GW44GE44G+44GZ44GT44Go44KS44GC44KJ44GL44GY44KB44GU5LqG5om/44GP44Gg44GV44GE44CCPC9mb250Pjxicj48YnI+CgoKPGltZyBzcmM9Imh0dHA6Ly9pbWFnZS5yYWt1dGVuLmNvLmpwL2JldHRlci9jYWJpbmV0L3Nob2hpbjAxL2ltZzU1OTg3MDUwLmdpZiJib3JkZXI9IjAiPjxicj4=,Wk9PTeOCuuODvOODoCBCb2HjgIBpbnNvbGXjgIDjg5zjgqLjgIDjgqTjg7Pjgr3jg7zjg6so5Lit5pW3KS8xM2Nt772eMjRjbeOCreODg+OCuiDjgrjjg6Xjg4vjgqIg44Os44OH44Kj44O844K544CQ44Kz44Oz44OT44OL5Y+X5Y+W5a++5b+c5ZWG5ZOB44CR77ya5a2Q5L6b5pyN44Go6ZuR6LKo44CA56We5oi444OZ44K/44O844OH44Kk44K6,Wk9PTeODrOOCpOODs+ODluODvOODhOOCreODg+OCuuOAgOmVt+mdtOODh+ODs+ODnuODvOOCr+OCreODg+OCuuOAgOOCteODs+ODgOODq+WtkOS+m+OAgOm6puOCj+OCieW4veWtkOOCreODg+OCuuOAgOOCueODquODg+ODneODs+ODkOODrOOCqOOCt+ODpeODvOOCuuODk+OCueOCtOOCt+OCqOODs+OCv+OCpOOCtOODvOODq0JOVOOCouODs+ODkeOCteODs+ODiSDpnbTjg6zjgqTjg7PjgrPjg7zjg4jjg5njg7Pjgrfjg6Ljg7Mg44Kt44OD44K6T0lMIENMT1RISU5HIFNFUlZJQ0XlrZDkvpvjgIDlgpjkuojntITnpZ7miLjjg5njgr/jg7zjg4fjgqTjgrpaT09N44K644O844OgIEJvYeOAgGluc29sZeOAgOODnOOCouOAgOOCpOODs+OCveODvOODqyjkuK3mlbcpLzEzY23vvZ4yNGNt44Kt44OD44K6IOOCuOODpeODi+OCoiDjg6zjg4fjgqPjg7zjgrnjgJDjgrPjg7Pjg5Pjg4vlj5flj5blr77lv5zllYblk4HjgJE=,Wk9PTemVt+mdtOODrOOCpOODs+ODluODvOODhOOAgeOCueODquODg+ODneODs+OBruOCteOCpOOCuuiqv+aVtOOBq+OAglpPT03jgrrjg7zjg6AgQm9h44CAaW5zb2xl44CA44Oc44Ki44CA44Kk44Oz44K944O844OrKOS4reaVtykvMTNjbe+9njI0Y23jgq3jg4Pjgrog44K444Ol44OL44KiIOODrOODh+OCo+ODvOOCueOAkOOCs+ODs+ODk+ODi+WPl+WPluWvvuW/nOWVhuWTgeOAkQ==[rn]
30-32928,aHR0cDovL3RzaG9wLnIxMHMuanAvYmV0dGVyL2NhYmluZXQvMDUxOTU3NDMvaW1ncmMwMDcxNTk2MTcwLmpwZz9maXRpbj03MDA6NzAw,NDIzMy42MDAw,,44Kt44OD44K644O744OZ44OT44O844O744Oe44K/44OL44OG44KjID4g44Kt44OD44K6ID4g6Z20ID4g6ZW36Z2044O744Os44Kk44Oz44K344Ol44O844K6,5q2j6KaP6LKp5aOy5bqX44OT44K544K0YmlzZ2FhcmTjg6zjgqTjg7Pjg5bjg7zjg4Qv6ZW36Z20ICAoMThjbS0yNWNtKSBb44Kt44OD44K6L+OCuOODpeODi+OCol3jg6zjgqTjg7Pjgrfjg6Xjg7zjgrrjg4fjg7Pjg57jg7zjgq/pnbTpm6rpgJrlnJLpgJrlrabnmb7osqjlupfjg5bjg6njg7Pjg4kgIOedgOW+jOODrOODk+ODpeODvOOCkuabuOOBhOOBpuasoeWbnjMl5Ymy5byV44Kv44O844Od44Oz6YWN5biD5LitIeWjsuOCjOeti+OAkOmAgeaWmTMwMOWGhu+8iOWMl+a1t+mBk+ODu+aylue4hOODu+mbouWztuODu+mBi+mAgeS8muekvuaMh+WumuOBr+S4gOmDqOiyoOaLhe+8ieOAkQ==,4piF44OT44K544K044Gv44OH44Oz44Oe44O844Kv546L5a6k5b6h55So6YGU44Gu44K344Ol44O844K644Oh44O844Kr44O844Gn44GZ,PEltZyBTcmM9Imh0dHA6Ly9pbWFnZS5yYWt1dGVuLmNvLmpwL2JldHRlci9jYWJpbmV0LzA1MTk1NzQzL2ltZ3JjMDA3MTYwMDc3NC5qcGciPiA8YnI+IAoKPEltZyBTcmM9Imh0dHA6Ly9pbWFnZS5yYWt1dGVuLmNvLmpwL2JldHRlci9jYWJpbmV0LzA1MTk1NzQzL2ltZ3JjMDA3MTcwMTI2Mi5qcGciPiA8YnI+IAoKPEltZyBTcmM9Imh0dHA6Ly9pbWFnZS5yYWt1dGVuLmNvLmpwL2JldHRlci9jYWJpbmV0LzA1MTk1NzQzL2ltZ3JjMDA3MTU0MzAwMC5qcGciPiA8YnI+IAoKCjxmb250IHNpemU9IjYiIGNvbG9yPSJkZWVwcGluayI+5qW95aSp6YCx6ZaT44CB44OH44Kk44Oq44O844CB44Oq44Ki44Or44K/44Kk44Og44Op44Oz44Kt44Oz44Kw44Gr5YWl6LOe44GX44G+44GX44Gf77yB77yBPGJyPuOBguOCiuOBjOOBqOOBhuOBlOOBluOBhOOBvuOBme+8gTwvZm9udD4gCjxicj48SU1HIFNSQz0iaHR0cDovL2ltYWdlLnJha3V0ZW4uY28uanAvYmV0dGVyL2NhYmluZXQvMDI0NzcxMzgvMDQ5ODUwNzQvaW1ncmMwMDY5MDg5MTE0LmpwZyI+Cjxicj48SU1HIFNSQz0iaHR0cDovL2ltYWdlLnJha3V0ZW4uY28uanAvYmV0dGVyL2NhYmluZXQvMDI0NzcxMzgvMDQwMjMzMDgvaW1ncmMwMDY3MjU0MjQxLmpwZyI+PGJyPgoKPGltZyBzcmM9Imh0dHA6Ly9pbWFnZS5yYWt1dGVuLmNvLmpwL2JldHRlci9jYWJpbmV0LzA1MTk1NzQzL2ltZ3JjMDA3MDIxNzM5Ni5qcGciIHdpZHRoPSIxMDAlIiBhbHQ9IiI+PGJyPgoKPGltZyBzcmM9Imh0dHBzOi8vaW1hZ2UucmFrdXRlbi5jby5qcC9iZXR0ZXIvY2FiaW5ldC8wNTE5NTc0My9pbWdyYzAwNzI2MjAzOTQuanBnIiB3aWR0aD0iMTAwJSIgYWx0PSIiPjxicj4KCgo8aW1nIHNyYz0iaHR0cDovL2ltYWdlLnJha3V0ZW4uY28uanAvYmV0dGVyL2NhYmluZXQvMDUxOTU3NDMvaW1ncmMwMDcxNTk2MTcxLmpwZyIgd2lkdGg9IjEwMCUiIGFsdD0iIj48YnI+Cgo8dGFibGUgd2lkdGg9IjEwMCUiPgo8dHI+Cjx0aCBjb2xzcGFuPSIyIiBzdHlsZT0iYmFja2dyb3VuZC1jb2xvcjojNjY2NjY2O2NvbG9yOiAjZmZmZmZmO3BhZGRpbmc6NnB4OyI+5ZWG5ZOB6Kqs5piOCjwvdGg+CjwvdHI+Cgo8dHI+Cjx0ZCBzdHlsZT0iYmFja2dyb3VuZC1jb2xvcjogI2VmZWZlZjt3aWR0aDogNi4wZW07dGV4dC1hbGlnbjogY2VudGVyO3BhZGRpbmc6NnB4OyI+44OW44Op44Oz44OJCjwvdGQ+Cjx0ZCBzdHlsZT0iYm9yZGVyLWJvdHRvbTogMXB4IHNvbGlkICM5OTk5OTk7cGFkZGluZzo2cHg7Ij4KPCEt4oCV44GT44GT44Gr44OW44Op44Oz44OJ5ZCN44KS5pu444GN6L6844G/44G+44GZICAtLT5iaXNnYWFyZOODk+OCueOCtDwvdGQ+CjwvdHI+Cjx0cj4KPHRkIHN0eWxlPSJiYWNrZ3JvdW5kLWNvbG9yOiAjZWZlZmVmO3dpZHRoOiA2LjBlbTt0ZXh0LWFsaWduOiBjZW50ZXI7cGFkZGluZzo2cHg7Ij7llYblk4HlkI0KPC90ZD4KPHRkIHN0eWxlPSJib3JkZXItYm90dG9tOiAxcHggc29saWQgIzk5OTk5OTtwYWRkaW5nOjZweDsiCj48IS3igJXjgZPjgZPjgavllYblk4HlkI3jgpLmm7jjgY3ovrzjgb/jgb7jgZkgIC0tPuato+imj+iyqeWjsuW6l+OAgOeZvuiyqOW6l+ODluODqeODs+ODieWGjeWGjeWFpeiNt2Jpc2dhYXJk44OT44K544K044CAMThjbS0yNWNt4piF44Os44Kk44Oz44OW44O844OEL+mVt+mdtOOAgOODrOOCpOODs+OCt+ODpeODvOOCuiDpm6rjgavjgoLlr77lv5wKPC90ZD4KPC90cj4KPHRyPgo8dGQgc3R5bGU9ImJhY2tncm91bmQtY29sb3I6ICNlZmVmZWY7d2lkdGg6IDYuMGVtO3RleHQtYWxpZ246IGNlbnRlcjtwYWRkaW5nOjZweDsiPuWVhuWTgee0ueS7iwo8L3RkPgo8dGQgc3R5bGU9ImJvcmRlci1ib3R0b206IDFweCBzb2xpZCAjOTk5OTk5O3BhZGRpbmc6NnB4OyI+CjwhLeKAleOBk+OBk+OBq+WVhuWTgee0ueS7i+OCkuabuOOBjei+vOOBv+OBvuOBmSAgLS0+44OH44Oz44Oe44O844Kv44Gu546L5a6k44Gn44KC5b6h55So6YGU44GV44KM44Gm44GE44KLYmlzZ2FhcmQg44OT44K544K044Gu44Os44Kk44Oz44OW44O844OE44Gn44GZ44CCPGJyPgoyMDA15bm044Gr44OH44Oz44Oe44O844Kv44Gn55Sf44G+44KM44GfYmlzZ2FhcmTvvIjjg5PjgrnjgrTvvInjgIIgCumVt+W5tOOAgemdtOWxi+OBleOCk+OBruOCquODvOODiuODvOOCkuOBl+OBpuOBhOOBn+ODnuODquOCouODs+ODu+ODk+OCueOCtOOBqOODmOODs+ODquODg+OCr+ODu+ODiOODoOOCveODs+OBr+OAgeiHquWIhumBlOOBruWtkOS+m+OBruOBn+OCgeOBq+assuOBl+OBhOmdtOOBjOOBquOBi+OBquOBi+imi+OBpOOBi+OCieOBmuOAgeiHqui6q+OBp+S9nOOCjOOBquOBhOOBi+OBqOiAg+OBiOOBpuOBhOOBvuOBl+OBn+OAgiAK5a2Q5L6b44Gu6Z2044Gr5aSn5YiH44Gq6KaB57Sg44CB44Gd44KM44Gv44CB5bGl44GN5b+D5Zyw44Gu6Imv44GE44OV44Kj44OD44OI5oSf44CB6Ieq54S244Gq57Sg5p2Q44CB5ZOB6LOq44Gu6auY44GV44CB44OH44K244Kk44Oz5oCn44CBIOOBneOBl+OBpuWJteaEj+W3peWkq+OBruW/g+OAguOAgCAK44GT44GG44GX44Gf6KaB57Sg44KS5aSn5YiH44Gr44GZ44KL44GT44Go44Gn44CB5LuK44G+44Gn44GC44KK44Gd44GG44Gn44Gq44GL44Gj44Gf5a2Q5L6b55So44Os44Kk44Oz44OW44O844OE44GM55Sf44G+44KM44G+44GX44Gf44CC5LiW55WM5Lit44Gu44CO5bCP44GV44GP44Gm5aSn5YiH44Gq6Laz44Gu44Gf44KB44Gr44CC44CP44KS44OG44O844Oe44Gr44CB5a2Q5L6b44Gu6Laz44KS6ZW35bm056CU56m244GX57aa44GR44Gm44GE44KLYmlzZ2FhcmTvvIjjg5PjgrnjgrTvvInjga/jgIHkuJbnlYwxOOOCq+WbveOBruWtkOS+m+mBlOOBq+aEm+eUqOOBleOCjOOBpuOBhOOBvuOBmeOAgiA8YnI+CuKXj+S4gOiIrOeahOOBquODneODquWhqeWMluODk+ODi+ODq+e0oOadkOOBr+OAgeeHg+OChOOBmeOBqOODgOOCpOOCquOCreOCt+ODs+OBjOeZuueUn+OBl+OBvuOBmeOBjOOAgWJpc2dhYXJk77yI44OT44K544K077yJ44Gv55Kw5aKD44Gr5YSq44GX44GE57Sg5p2Q44Gn44GZ44CCPGJyPgoKPC90ZD4KPC90cj4KCgo8dHI+Cjx0ZCBzdHlsZT0iYmFja2dyb3VuZC1jb2xvcjogI2VmZWZlZjt3aWR0aDogNi4wZW07dGV4dC1hbGlnbjogY2VudGVyO3BhZGRpbmc6NnB4OyI+44K144Kk44K6PC90ZD4KPHRkIHN0eWxlPSJib3JkZXItYm90dG9tOiAxcHggc29saWQgIzk5OTk5OTtwYWRkaW5nOjZweDsiPgo8IS3igJXjgZPjgZPjgavjgrXjgqTjgrrjgpLmm7jjgY8tLT4xNGNtLTIzLjVjbTxicj4KCiA8YSBocmVmPSJodHRwOi8vaXRlbS5yYWt1dGVuLmNvLmpwL2JldHRlci85MjAwMS05OTktMS8/cy1pZD1wY19zaG9wX3JlY29tbWVuZCPil48KIj4gMjMo57SEMTRjbSkgMjQo57SEMTQuNWNtKSAyNSjntIQxNWNtKSAyNijntIQxNmNtKSAyNyjntIQxNi41Y20pIDI4KOe0hDE3Y20pIOOBr+OBk+OBoeOCie+8gTwvYT4KCiAKCjxicj4KCiAyOSgxOGNt77yJIDMwKDE4LjVjbe+8iSAzMSgxOWNt77yJIDMy77yIMTkuNe+9g++9je+8iSAzMygyMGNt77yJIDM077yIMjHvvYPvvY3vvIkgMzUoMjJjbSkgMzbvvIgyM2Nt77yJIDM377yIMjMuNSBjbe+8iSAKPGJyPgoKCjxicj4KCuOCteOCpOOCujIx77yIMTJjbe+8ieOAgCAg5Lit5pW344Gu5a6f5a+44oeSY208YnI+CuOCteOCpOOCujIy77yIMTNjbe+8ieOAgCAg44CA5Lit5pW344Gu5a6f5a+44oeSMTRjbQrnrZLkuIjjgIDntIQxMy41Y208YnI+CuOCteOCpOOCujIz77yIMTRjbe+8ieOAgOOAgCAg5Lit5pW344Gu5a6f5a+44oeSMTQuNWNtY23nrZLkuIjjgIDntIQxNWNtPGJyPgrjgrXjgqTjgroyNCgxNC41Y20p44CA44CA44CA5Lit5pW344Gu5a6f5a+44oeSMTVjbQog562S5LiI44CA57SEMTUuMmNtPGJyPgrjgrXjgqTjgroyNSgxNWNtKeOAgOOAgOOAgCAg5Lit5pW344Gu5a6f5a+44oeSMTUuOWNtCiDnrZLkuIjjgIDntIQxNWNtPGJyPgrjgrXjgqTjgroyNigxNmNtKeOAgOOAgOOAgCAg5Lit5pW344Gu5a6f5a+44oeSMTYuNWNtCuetkuS4iOOAgOe0hDE4LjVjbTxicj4K44K144Kk44K6MjcoMTYuNWNtKeOAgOOAgCAg5Lit5pW344Gu5a6f5a+44oeSMTdjbQrjgIDnrZLkuIjjgIDntIQxOGNtPGJyPgrjgrXjgqTjgroyOCgxN2Nt77yJ44CA44CA44CAIOS4reaVt+OBruWun+WvuOKHkjE4Y20K44CA562S5LiI44CA57SEMTkuM2NtPGJyPgrjgrXjgqTjgroyOSgxOGNtKeOAgOOAgOOAgOOAgOS4reaVt+OBruWun+WvuOKHkjE4LjVjbQrjgIDnrZLkuIjjgIDntIQxOS44Y208YnI+CuOCteOCpOOCujMwKDE4LjVjbSnjgIDjgIDjgIDkuK3mlbfjga7lrp/lr7jih5IxOS40Y20KIOetkuS4iOOAgOe0hDIxY208YnI+CuOCteOCpOOCujMxKDE5Y20p44CA44CA44CA44CA5Lit5pW344Gu5a6f5a+44oeSMTkuOGNtCuOAgOetkuS4iOOAgOe0hDIxLjVjbTxicj4K44K144Kk44K6MzIoMTkuNWNtKeOAgOOAgOOAgOOAgOS4reaVt+OBruWun+WvuOKHkjIwLjdjbQrnrZLkuIjjgIDntIQyMy43Y208YnI+CuOCteOCpOOCujMzKDIwY20p44CA44CA44CA5Lit5pW344Gu5a6f5a+44oeSMjEuMmNtCuOAgOetkuS4iOOAgOe0hDI0MmNtPGJyPgrjgrXjgqTjgrozNCgyMWNtKeOAgOOAgOOAgOOAgOS4reaVt+OBruWun+WvuOKHkjIyY20K44CA562S5LiI44CA57SEMjUuMmNtPGJyPgrjgrXjgqTjgrozNSgyMmNt77yJIOOAgOOAgOOAgOS4reaVt+OBjeOBruWun+WvuOKHkue0hDIzY20gCuOAgOetkuS4iOOAgOe0hDI1Y208YnI+CuOCteOCpOOCujM277yIMjNjbe+8ieOAgOOAgOOAgOS4reaVt+OBjeOBruWun+WvuOKHkue0hDIzLjNjbQrjgIDnrZLkuIjjgIDntIQyNWNtPGJyPgrjgrXjgqTjgrozN++8iDIzLjUgY23vvInjgIAg5Lit5pW344GN44Gu5a6f5a+44oeSMjMuOWNtCuOAgOetkuS4iOOAgOe0hDI3Y208YnI+CuOCteOCpOOCujM477yIMjQgY23vvInjgIAg5Lit5pW344GN44Gu5a6f5a+44oeSMjQuM2NtCuOAgOetkuS4iOOAgOe0hDI4LjhjbTxicj4K44K144Kk44K6MznvvIgyNC41IGNt77yJ44CAIOS4reaVt+OBjeOBruWun+WvuOKHkjI1LjRjbQrjgIDnrZLkuIjjgIDntIQyOS41Y208YnI+CjxpbWcgc3JjPSJodHRwOi8vaW1hZ2UucmFrdXRlbi5jby5qcC9iZXR0ZXIvY2FiaW5ldC8wMTE2Nzc0OC9pbWdyYzAwNjk2Nzg3MzguZ2lmImJvcmRlcj0iMCIgYWx0PSLnrZLkuIgiPjwvYT4gICAgPGJyPiAgICAKCjxicj7vvJHjgaTjgaXjgaTjg4/jg7Pjg4njg6HjgqTjg4njga7jgZ/jgoHnrZLkuIjnrYnjga/lpJrlsJHjga7oqqTlt67jgYzjgZTjgZbjgYTjgb7jgZnjgILjgZTkuobmib/jgY/jgaDjgZXjgYTjgII8YnI+CuOBvuOBn+OAgeS4reaVt+OBjeOCguWkmuWwkeWkp+OBjeOBleOBq+iqpOW3ruOBjOOBlOOBluOBhOOBvuOBmeOAguWkp+OBvuOBi+OBquebruWuieOBqOOBl+OBpuOAguOBlOeQhuino+OBlOS6huaJv+OBrueoi+OBiumhmOOBhOOBhOOBn+OBl+OBvuOBmeOAgjxicj4KPC90ZD4KPC90cj4KCgoKCgo8dHI+Cjx0ZCBzdHlsZT0iYmFja2dyb3VuZC1jb2xvcjogI2VmZWZlZjt3aWR0aDogNi4wZW07dGV4dC1hbGlnbjogY2VudGVyOyI+55Sf55Sj5Zu9CjwvdGQ+Cjx0ZCBzdHlsZT0iYm9yZGVyLWJvdHRvbTogMXB4IHNvbGlkICM5OTk5OTk7cGFkZGluZzo2cHg7Ij4KPCEt4oCV44GT44GT44Gr5p2Q6LOq44Gu5oOF5aCx44KS5pu444GN6L6844G/44G+44GZICAtLT7kuK3lm73oo70KPC90ZD4KPC90cj4KPHRyPgo8dGQgc3R5bGU9ImJhY2tncm91bmQtY29sb3I6ICNlZmVmZWY7d2lkdGg6IDYuMGVtO3RleHQtYWxpZ246IGNlbnRlcjtwYWRkaW5nOjZweDsiPuazqOaEj+S6i+mghTwvdGQ+Cjx0ZCBzdHlsZT0iYm9yZGVyLWJvdHRvbTogMXB4IHNvbGlkICM5OTk5OTk7cGFkZGluZzo2cHg7Ij4KPCEt4oCV44GT44GT44Gr5rOo5oSP5LqL6aCF44KS5pu444GPLS0+6ZW35pyf6ZaT44CB5L+d5a2Y44GX44Gm44GE44KL44Go44Op44OQ44O844Gu54m56LOq5LiK44CB6KGo6Z2i44Gu44Ov44OD44Kv44K544GM55m944GP5aSJ6Imy44GX44Gm44GX44G+44GG44GT44Go44GM44GU44GW44GE44G+44GZ44CC44Gd44Gu6Zqb44Gv44OE44Ok5Ye644GX44K544OX44Os44O844Gq44Gp44KS44GU5L2/55So44GE44Gf44Gg44GP44GT44Go44KS44GK44GZ44GZ44KB6Ie044GX44G+44GZ44CCPGJyPgrimIXjg4fjg7Pjg57jg7zjgq/jgafjga/njovlrqTlvqHnlKjpgZTjga7lrprnlarjga7jg6zjgqTjg7Pjg5bjg7zjg4Q8YnI+CumYsuawtOaAp+OAgeiAkOS5heaAp+OBq+WEquOCjOOBn+WkqeeEtuOCtOODoDEwMCUgPGJyPgrimIXlsJHjgZflpKfjgY3jgoHjga7kvZzjgorjgavjgarjgorjgb7jgZnjgII8YnI+CuKAu+WVhuWTgeOBr+aflOOCieOBi+OBhOODqeODkOODvOe0oOadkOOBrueCuuOAgeOBiuWxiuOBkeaZguOBq+WPjue0jeiii+OBq+WFpeOBo+OBn+W9oueKtuOBq+WkieW9ouOBl+OBpuOBhOOCi+WgtOWQiOOBjOOBlOOBluOBhOOBvuOBmeOBjOOAgeWFg+OBq+aIu+OBo+OBpuOBhOOBjeOBvuOBmeOAgjxCUj4K44G+44Gf44CB44Op44OV44Gq44Gk44GP44KK44Gu5ZWG5ZOB44Gn44GZ44CC6KO96YCg5LiK5LuY44GE44Gm44GX44G+44GG44Kk44Oz44Kv5rGa44KM44CB5pOm44KM44GM44GC44KL5aC05ZCI44CB5bGl44GN5Y+j44Gq44Gp44Gv5YiH44KK44Gj44Gx44Gq44GX44Gu54K65LiN5o+D44GE44Gu5aC05ZCI44KC44GU44GW44GE44G+44GZ44GM44CB5LiN6Imv5a++6LGh44Go44Gv44Gq44KK44G+44Gb44KT44Gu44Gn44CB5LqI44KB44GU5LqG5om/44GP44Gg44GV44GE44CCPEJSPgo8YnI+CuOBlOS4jeaYjuOBqueCueOBr+OBiuawl+i7veOBq+OBiuWVj+OBhOWQiOOCj+OBm+OBj+OBoOOBleOBhOOBvuOBm+OAgjxicj4K4oC744GK5omL5YWl44KM44O744O744O75aSp54S244K044Og57Sg5p2Q44Gu44Gf44KB57Sr5aSW57ea44KE6JuN5YWJ54Gv44Gu5YWJ44Gr44KI44KK6Imy6KSq44Gb44CB5Yqj5YyW44GZ44KL44GT44Go44GM44GC44KK44G+44GZ44CC6aKo6YCa44GX44Gu6Imv44GE5pel6Zmw44Gr5bmy44GX44CB5rm/5rCX44Gu5bCR44Gq44GE5pel6Zmw5aC05omA44Gn5L+d566h44GX44Gm44GP44Gg44GV44GE44CCPGJyPgo8L3RkPgo8L3RyPgo8L3RhYmxlPgoKCjxicj48YSBocmVmPSJodHRwOi8vaXRlbS5yYWt1dGVuLmNvLmpwL2JldHRlci9jLzAwMDAwMDEwMzAvIj48aW1nIHNyYz0iaHR0cDovL2ltYWdlLnJha3V0ZW4uY28uanAvYmV0dGVyL2NhYmluZXQvMDExNjc3NDgvaW1ncmMwMDY4NjkwNzQxLmpwZyIgYWx0PSLjgqTjg7Pjgr3jg7zjg6vjgoTpnbTkuIsiPjwvYT48YnI+CjxhIGhyZWY9Imh0dHA6Ly9pdGVtLnJha3V0ZW4uY28uanAvYmV0dGVyLzkyMDAxLTk5OS0xLyI+4oC7MTRjbS0xN2Nt44GvPGI+44Kz44OB44OpPC9iPuOCkuOCr+ODquODg+OCr+OBl+OBpuOBj+OBoOOBleOBhDwvYT48YnI+CgoKCuKYheWwkeOBl+Wkp+OBjeOCgeOBruS9nOOCiuOBq+OBquOCiuOBvuOBmeOAgjxicj4K4piF6Ziy5rC05oCn44CB6ICQ5LmF5oCn44Gr5YSq44KM44Gf5aSp54S244K044OgMTAwJSA8YnI+CuKYheODh+ODs+ODnuODvOOCr+OBp+OBr+eOi+WupOW+oeeUqOmBlOOBruWumueVquOBruODrOOCpOODs+ODluODvOODhDxicj4K4piF44OP44Oz44K/44O8IChIVU5URVIgKeOChOOCqOODvOOCsOODqyhBSUdMRSnjga7plbfpnbTjgYzjgYrlpb3jgY3jgarmlrnjgavjgoLjgqrjgrnjgrnjg6HjgafjgZnjgILjgYrjgZfjgoPjgozjgarjgq3jg4Pjgrrjga7jg6zjgqTjg7Pjg5bjg7zjg4TjgavjgZzjgbLjgII8YnI+Cjxicj48aW1nIHNyYz0iaHR0cDovL2ltYWdlLnJha3V0ZW4uY28uanAvYmV0dGVyL2NhYmluZXQvMDExNjc3NDgvaW1ncmMwMDcxOTg4NzI1LmpwZyIgd2lkdGg9IjEwMCUiIGFsdD0iIj48YnI+CgoKPHRhYmxlIGJvcmRlcj0iMCIgY2VsbHNwYWNpbmc9IjAiIGNlbGxwYWRkaW5nPSIyIj4KPHRyIHZhbGlnbj0idG9wIj4KPHRkIG5vd3JhcD7jgq7jg5Xjg4jlr77lv5w8L3RkPgo8L3RyPgo8L3RhYmxlPgoKCjxpbWcgc3JjPSJodHRwOi8vaW1hZ2UucmFrdXRlbi5jby5qcC9iZXR0ZXIvY2FiaW5ldC8wNTE5NTc0My9pbWdyYzAwNzE5MzQxMTMuanBnIiB3aWR0aD0iMTAwJSIgYWx0PSIiPgoKCjxicj4KCgo8YnI+PEltZyBTcmM9Imh0dHA6Ly9pbWFnZS5yYWt1dGVuLmNvLmpwL2JldHRlci9jYWJpbmV0LzAyNDc3MTM4LzA0OTg1MDc0L2ltZ3JjMDA2OTA4OTExNC5qcGciPiA8YnI+IAoKCuKYheODh+ODs+ODnuODvOOCr+OBp+OBr+eOi+WupOW+oeeUqOmBlOOBruWumueVquOBruODrOOCpOODs+ODluODvOODhDxicj7pmLLmsLTmgKfjgIHogJDkuYXmgKfjgavlhKrjgozjgZ/lpKnnhLbjgrTjg6AxMDAlIDxicj4KCuKYheWwkeOBl+Wkp+OBjeOCgeOBruS9nOOCiuOBq+OBquOCiuOBvuOBmeOAgjxicj4KCuKYheODj+ODs+OCv+ODvCAoSFVOVEVSICnjgoTjgqjjg7zjgrDjg6soQUlHTEUp44Gu6ZW36Z2044GM44GK5aW944GN44Gq5pa544Gr44KC44Kq44K544K544Oh44Gn44GZ44CC44GK44GX44KD44KM44Gq44Kt44OD44K644Gu44Os44Kk44Oz44OW44O844OE44Gr44Gc44Gy44CCPGJyPgoKCuKAu+WVhuWTgeOBr+aflOOCieOBi+OBhOODqeODkOODvOe0oOadkOOBrueCuuOAgeOBiuWxiuOBkeaZguOBq+WPjue0jeiii+OBq+WFpeOBo+OBn+W9oueKtuOBq+WkieW9ouOBl+OBpuOBhOOCi+WgtOWQiOOBjOOBlOOBluOBhOOBvuOBmeOBjOOAgeWFg+OBq+aIu+OBo+OBpuOBhOOBjeOBvuOBmeOAgjxCUj4KICAgICAg44G+44Gf44CB44Op44OV44Gq44Gk44GP44KK44Gu5ZWG5ZOB44Gn44GZ44CC6KO96YCg5LiK5LuY44GE44Gm44GX44G+44GG44Kk44Oz44Kv5rGa44KM44CB5pOm44KM44GM44GC44KL5aC05ZCI44CB5bGl44GN5Y+j44Gq44Gp44Gv5YiH44KK44Gj44Gx44Gq44GX44Gu54K65LiN5o+D44GE44Gu5aC05ZCI44KC44GU44GW44GE44G+44GZ44GM44CB5LiN6Imv5a++6LGh44Go44Gv44Gq44KK44G+44Gb44KT44Gu44Gn44CB5LqI44KB44GU5LqG5om/44GP44Gg44GV44GE44CCPEJSPgo8YnI+CiAgICAgIOOBlOS4jeaYjuOBqueCueOBr+OBiuawl+i7veOBq+OBiuWVj+OBhOWQiOOCj+OBm+OBj+OBoOOBleOBhOOBvuOBm+OAgjxicj4K4oC744GK5omL5YWl44KM44O744O744O75aSp54S244K044Og57Sg5p2Q44Gu44Gf44KB57Sr5aSW57ea44KE6JuN5YWJ54Gv44Gu5YWJ44Gr44KI44KK6Imy6KSq44Gb44CB5Yqj5YyW44GZ44KL44GT44Go44GM44GC44KK44G+44GZ44CC6aKo6YCa44GX44Gu6Imv44GE5pel6Zmw44Gr5bmy44GX44CB5rm/5rCX44Gu5bCR44Gq44GE5pel6Zmw5aC05omA44Gn5L+d566h44GX44Gm44GP44Gg44GV44GE44CCPGJyPjxicj4KPGJyPjxicj4KPGJyPjxicj4KPGJyPjxicj48YnI+Cjxicj48YnI+PGJyPgo8YnI+PGJyPjxicj4KPGJyPjxicj48YnI+CgoK4peP5ZWG5ZOB5ZCN77ya6ZW36Z20L+ODrOOCpOODs+ODluODvOODhC/jg6zjgqTjg7Pjgrfjg6Xjg7zjgrov6Zuo6Z20L+OCtOODoOmVt+mdtC/jgrTjg6Djg5bjg7zjg4Qv44Km44Kn44Oq44Oz44OI44Oz44O744OW44O844OEL+ODqeODkOODvOODluODvOODhC9SdWJiZXIgQm9vdHMvUmFpbiBCb290cy8KPGJyPgoK4peP55So6YCU77ya5pmu5q615L2/44GEL+OCq+OCuOODpeOCouODqy/pm6gv6ZuqL+Wkp+mbqi/mooXpm6jpmLLlr5Iv6Zuq6YGK44Gz44K344Oz44OX44OrL+mAmuWcki/pgJrlraYv44GK5Ye644GL44GRL+W5vOeomuWcki/kv53ogrLlnJIv57+S44GE5LqLL+OBiueoveWPpC/lhaXlnJIv5YWl5a2mL+WFpeWckua6luWCmS8g5bm856ia5ZySL+mAmuWtpi/lhaXlrablvI8v55m66KGo5LyaL+ODrOODg+OCueODsy/lob4v6YOo5rS7L+WFpeWcki/lhaXlraYv6YOo5bGLL+mbu+i7ii/mlrDlubnnt5ov6aOb6KGM5qmfL+iIuS/pgaDotrMv56S+5Lya6KaL5a2mL+mBoOWHui/jgq7jg5Xjg4gv6LSI44KK54mpL+iqleeUn+aXpS/pgJrlraYv6YCa5ZySL+OCr+ODquOCueODnuOCuS/lvqHnpZ3jgYQv44OX44Os44K844Oz44OIL+WFpeWtpuelneOBhC/pgLLlrabnpZ3jgYQv5YWl5ZyS56Wd44GEL+OCruODleODiC/ou4ov44OQ44K5L+OCv+OCr+OCt+ODvC/kuIPkupTkuIkKPGJyPgoK4peP5a++6LGhOi/nlLfjga7lrZAv55S35a2QL+Wls+OBruWtkC/lpbPlrZAv44Kt44OD44K6L+WtkOS+m+eUqC9naXJsL+OCrOODvOODq+OCui/lubznqJrlnJIv5L+d6IKy5ZySL+OBk+OBqeOCguWcki/lubzlhZAv44GT44Gp44KCL+WtkOS+my/lnJLlhZAv5bCP5a2m55SfL2JveS/jg5zjg7zjgqQv44Oc44O844Kk44K6L+OCuOODpeODi+OCoi9qdW5pb3Iv5bm85YWQL+aWsOWFpeeUny/lnJLlhZAv5bCP5a2m55SfL+WtpueUny/nlJ/lvpIv5a2m56ulL+WFkOerpS/jgrvjg7Pjg4EvY20v44Kk44Oz44OBL2luY2gvMTIvMTMvMTQvMTUvMTYvMTcvMTgvMTkvMjAvMjEvMjIvMjMvMjQvMjUgCjxicj4KCuKXj+OCpOODoeODvOOCuO+8muOCquOCt+ODo+ODrC/jgYvjgo/jgYTjgYQv5Y+v5oSb44GEL+OCquOCt+ODo+ODrC/jg53jg4Pjg5cv44Kt44Ol44O844OIL+OBiuOBmeOBmeOCgS/kurrmsJcv44GK44GX44KD44KML+OBiua0kuiQvS/kuIjlpKsv5YCL5oCn55qEL+apn+iDveeahC/pq5jntJrmhJ8v44OW44Op44Oz44OJL+ODrOODh+OCo+ODoeOCpOODiS/jg53jg5fjgq3jg7Pjgrov44K544K/44Oz44OX44OrL+ODluODq+ODvOOCouOCuuODvOODqy9QT01QS0lOUy9TVEFNUExFL0JMVUVVIEFaVUwv44OP44Oz44K/44O856S+L0h1bnRlci/jgqjjg7zjgrDjg6svQWlnbGUv44Oi44Oz44OV44Os44O844OrL01vbiBGcmVyZS/jg5zjgqIv44Kr44OQ44O8L+ODoOODvOODs+OCueOCv+ODvC/jgrPjg63jg7Pjg5PjgqIv44OA44OV44OKLyDjg5Ljg63jg5/jg4Hjg4rjgqvjg44vR0FNRS/jgrLjg7zjg6Av44Kq44K344Ol44Kz44K344OlL09TSEtPU0gvQk9TVC1SIC/jg5zjgrnjg4jjgqLjg7zjg6sv44GT44Gp44KC44OT44O844Og44K5L09DRUFOJkdST1VORC/jgqrjg7zjgrfjg6Pjg7PjgqLjg7Pjg4njgrDjg6njgqbjg7Pjg4kv44K744Os44Kv44OI44K344On44OD44OXL+ODh+OCtuOCpOODsy/jgqrjg6rjgrjjg4rjg6sv5Yas55SoL+mYsuawtC/pmLLlr5IKCjxicj4K4peP6Imy5ZCN77yaTkFWWS/jg43jgqTjg5Pjg7wv57S6L0dSQVkvR1JFWS/jgrDjg6zjg7wv54Gw6ImyL1JFRC/jg6zjg4Pjg4kv54Gw6ImyL0JMQUNLL+ODluODqeODg+OCry/pu5IvUFVSUExFL+ODkeODvOODl+ODqy/ntKsvR1JFRU4v44Kw44Oq44O844OzL+e3kS/msLToibIv44Op44Kk44OI44OW44Or44O8L+ODlOODs+OCry9QSU5LL+ahg+iJsi9CTFVFL1lFTExPVy/jg5bjg6vjg7wv44Kk44Ko44Ot44O8L+mdki/pu4ToibIv57S6L+ODjeOCpOODk+ODvC9OQVZZLzxicj48IS0t57SN5pyf5oOF5aCxLS0+Cgo8c3R5bGUgVFlQRT0idGV4dC9jc3MiPgo8IS0tCnRkLmludmVudG9yeSBmb250e2ZvbnQtc2l6ZToxMHB4O2NvbG9yOiM2NjY2NjY7fQoKLS0+Cjwvc3R5bGU+CgoKPHN0eWxlIHR5cGU9InRleHQvY3NzIj4KLyrosrfjgYTnianjgYvjgZTjgavlhaXjgozjgovjg5zjgr/jg7MqLwpkaXYjcmFrdXRlbkxpbWl0ZWRJZF9hcm91bmRDYXJ0IGlucHV0LnJDYXJ0QnRuLCAKZGl2I3Jha3V0ZW5MaW1pdGVkSWRfYXJvdW5kQ2FydCBpbnB1dC5yQ2FydEJ0blt0eXBlPSJzdWJtaXQiXSB7CiAgICB3aWR0aDogMzMwcHggIWltcG9ydGFudDsKICAgIGhlaWdodDogODBweCAhaW1wb3J0YW50OwogICAgY3Vyc29yOiBwb2ludGVyICFpbXBvcnRhbnQ7CiAgICBiYWNrZ3JvdW5kOiB1cmwoImh0dHA6Ly9pbWFnZS5yYWt1dGVuLmNvLmpwL2JldHRlci9jYWJpbmV0LzAxMTY3NzQ4L2ltZ3JjMDA2OTc4NDMwMS5qcGciKW5vLXJlcGVhdCAwIDAgIWltcG9ydGFudDsKfQoKZGl2I3Jha3V0ZW5MaW1pdGVkSWRfYXJvdW5kQ2FydCBpbnB1dC5yQ2FydEJ0biwKZGl2I3Jha3V0ZW5MaW1pdGVkSWRfYXJvdW5kQ2FydCBpbnB1dC5yQ2FydEJ0blt0eXBlPSJzdWJtaXQiXTpob3ZlciB7CiAgICBiYWNrZ3JvdW5kOiB1cmwoImh0dHA6Ly9pbWFnZS5yYWt1dGVuLmNvLmpwL2JldHRlci9jYWJpbmV0LzAxMTY3NzQ4L2ltZ3JjMDA2OTc4NDQyMC5qcGciKW5vLXJlcGVhdCAwIDAgIWltcG9ydGFudDsKfQo8L3N0eWxlPgoKCgo8c3R5bGUgdHlwZT0idGV4dC9jc3MiPiAKYm9keXsgCmJhY2tncm91bmQtaW1hZ2U6dXJsKCk7IApiYWNrZ3JvdW5kLXJlcGVhdDpyZXBlYXQteTsgCmJhY2tncm91bmQtcG9zaXRpb246cmlnaHQ7IAp9IAoKCjwhLS0KCi8qIOWAi+aVsOWFpeWKm+ashOOBruWkp+OBjeOBlSAqLwppbnB1dCN1bml0cyB7CnBhZGRpbmc6IDFweCAwcHg7Cn0KCi8qIOOBiuiyt+OBhOeJqeOBi+OBlOODnOOCv+ODs+OBruWkp+OBjeOBlSAqLwp0ZCA+IGlucHV0IHsKZm9udC1zaXplOiAxNXB4OwpwYWRkaW5nOjIwcHggNTBweDsKd2lkdGg6IGF1dG87Cn0KCi8qIOOAjOWVhuWTgeOBq+OBpOOBhOOBpuOBruWVj+OBhOWQiOOCj+OBm+OAjeODnOOCv+ODs+OBruWkp+OBjeOBlSovCmZvbnQgaW5wdXQgewpmb250LXNpemU6IDEycHg7CnBhZGRpbmc6MnB4Owp3aWR0aDogMTUwcHg7Cn0KCi0tPgo8L3N0eWxlPgoKCgoKIAoKPGZvbnQgc2l6ZT0iMyI+4oC7IOWVhuWTgeeUu+WDj+OBr+OAgeODkeOCveOCs+ODs+eUu+mdouetieOBruaAp+izquS4iuOAgeWun+eJqeOBruiJsuOBqOiLpeW5sueVsOOBquOBo+OBpuimi+OBiOOCi+WgtOWQiOOBjOOBlOOBluOBhOOBvuOBmeOAgjxicj4K4oC7IOWQjOOBmOWVhuWTgeOBp+OBguOBo+OBpuOCguOAgeijveWTgea0l+OBhOOBquOBqeOBruWKoOW3peOBq+OCiOOBo+OBpuWVhuWTgeOBruS7leanmOOBjOe0sOOBi+OBhOeCueOBp+eVsOOBquOCi+WgtOWQiOOBjOOBlOOBluOBhOOBvuOBmeOAguOBvuOBn+OAgeOCteOCpOOCuuOBrumBleOBhOOBq+OCiOOCiuWVhuWTgeOBruWFqOS9k+eahOOBquODkOODqeODs+OCueOBjOeVsOOBquOCi+WgtOWQiOOCguOBlOOBluOBhOOBvuOBmeOAgjxicj4K4oC744K344Ol44O844K644CB5bCP54mp6aGe44Gv54m544Gr44CB5o6l552A5Ymk44Gu44Gv44G/5Ye644GX44KE44CB44OX44Oq44Oz44OI44Gu44GL44GZ44KM44CB5bem5Y+z44Gu6Iul5bmy44Gu6Z2e5a++56ew44Gq44Gp44Gu5LiN5YKZ44GM6KaL5Y+X44GR44KJ44KM44KL44GT44Go44GM44GU44GW44GE44G+44GZ44GM44CBIOW9k+W6l+OBruWIpOaWreOBp+S4jeiJr+WvvuixoeOBqOOBquOCieOBquOBhOeoi+W6puOBruOCguOBruOBr+eZuumAgeOBhOOBn+OBl+OBpuOBiuOCiuOBvuOBmeOAgjxicj4K4oC744K344Ol44O844K644Gu5aSW566x44KE6JaE57SZ44CB5Lm+54el5Ymk44Gq44Gp44Gv44CB44K544Os44KE5r2w44KM44CB56C044KM44Gq44Gp5YK344KT44Gn44GE44KL5aC05ZCI44GM44GU44GW44GE44G+44GZ44GM44CB5LiN6Imv5a++6LGh44Gr44Gv44Gq44KK44G+44Gb44KT44CC44GU5LqG5om/44GP44Gg44GV44GE44CCPGJyPgrigLsg5b2T5bqX44Gv5a6f5bqX6IiX44Gn44KC6LKp5aOy44GX44Gm44GK44KK44G+44GZ44CC5Zyo5bqr5pWw44Gu5pu05paw44Gv6ZqP5pmC6KGM44Gj44Gm44GK44KK44G+44GZ44GM44CB44GK6LK344GE5LiK44GS44GE44Gf44Gg44GE44Gf5ZWG5ZOB44GM44CB5ZOB5YiH44KM44Gr44Gq44Gj44Gm44GX44G+44GG44GT44Go44KC44GU44GW44GE44G+44GZ44CC44Gd44Gu5aC05ZCI44CB44GK5a6i5qeY44Gr44Gv5b+F44Ga6YCj57Wh44KS44GE44Gf44GX44G+44GZ44GM44CB5LiH44GM5LiA5YWl6I235LqI5a6a44GM44Gq44GE5aC05ZCI44Gv44CB44Kt44Oj44Oz44K744Or44GV44Gb44Gm44GE44Gf44Gg44GP5aC05ZCI44KC44GU44GW44GE44G+44GZ44GT44Go44KS44GC44KJ44GL44GY44KB44GU5LqG5om/44GP44Gg44GV44GE44CCPC9mb250Pjxicj48YnI+CgoKPGltZyBzcmM9Imh0dHA6Ly9pbWFnZS5yYWt1dGVuLmNvLmpwL2JldHRlci9jYWJpbmV0L3Nob2hpbjAxL2ltZzU1OTg3MDUwLmdpZiJib3JkZXI9IjAiPjxicj4=,5q2j6KaP6LKp5aOy5bqX44OT44K544K0YmlzZ2FhcmTjg6zjgqTjg7Pjg5bjg7zjg4Qv6ZW36Z20ICAoMThjbS0yNWNtKSBb44Kt44OD44K6L+OCuOODpeODi+OCol3jg6zjgqTjg7Pjgrfjg6Xjg7zjgrrjg4fjg7Pjg57jg7zjgq/pnbTpm6rpgJrlnJLpgJrlrabnmb7osqjlupfjg5bjg6njg7Pjg4kgIOedgOW+jOODrOODk+ODpeODvOOCkuabuOOBhOOBpuasoeWbnjMl5Ymy5byV44Kv44O844Od44Oz6YWN5biD5LitIeWjsuOCjOeti+OAkOmAgeaWmTMwMOWGhu+8iOWMl+a1t+mBk+ODu+aylue4hOODu+mbouWztuODu+mBi+mAgeS8muekvuaMh+WumuOBr+S4gOmDqOiyoOaLhe+8ieOAke+8muWtkOS+m+acjeOBqOmbkeiyqOOAgOelnuaIuOODmeOCv+ODvOODh+OCpOOCug==,Wk9PTeODrOOCpOODs+ODluODvOODhOOCreODg+OCuuOAgOmVt+mdtOODh+ODs+ODnuODvOOCr+OCreODg+OCuuOAgOOCteODs+ODgOODq+WtkOS+m+OAgOm6puOCj+OCieW4veWtkOOCreODg+OCuuOAgOOCueODquODg+ODneODs+ODkOODrOOCqOOCt+ODpeODvOOCuuODk+OCueOCtOOCt+OCqOODs+OCv+OCpOOCtOODvOODq0JOVOOCouODs+ODkeOCteODs+ODiSDpnbTjg6zjgqTjg7PjgrPjg7zjg4jjg5njg7Pjgrfjg6Ljg7Mg44Kt44OD44K6T0lMIENMT1RISU5HIFNFUlZJQ0XlrZDkvpvjgIDlgpjkuojntITnpZ7miLjjg5njgr/jg7zjg4fjgqTjgrrmraPopo/osqnlo7Llupfjg5PjgrnjgrRiaXNnYWFyZOODrOOCpOODs+ODluODvOODhC/plbfpnbQgICgxOGNtLTI1Y20pIFvjgq3jg4Pjgrov44K444Ol44OL44KiXeODrOOCpOODs+OCt+ODpeODvOOCuuODh+ODs+ODnuODvOOCr+mdtOmbqumAmuWckumAmuWtpueZvuiyqOW6l+ODluODqeODs+ODiSAg552A5b6M44Os44OT44Ol44O844KS5pu444GE44Gm5qyh5ZueMyXlibLlvJXjgq/jg7zjg53jg7PphY3luIPkuK0h5aOy44KM562L44CQ6YCB5paZMzAw5YaG77yI5YyX5rW36YGT44O75rKW57iE44O76Zui5bO244O76YGL6YCB5Lya56S+5oyH5a6a44Gv5LiA6YOo6LKg5ouF77yJ44CR,4piF44OT44K544K044Gv44OH44Oz44Oe44O844Kv546L5a6k5b6h55So6YGU44Gu44K344Ol44O844K644Oh44O844Kr44O844Gn44GZ44CC5q2j6KaP6LKp5aOy5bqX44OT44K544K0YmlzZ2FhcmTjg6zjgqTjg7Pjg5bjg7zjg4Qv6ZW36Z20ICAoMThjbS0yNWNtKSBb44Kt44OD44K6L+OCuOODpeODi+OCol3jg6zjgqTjg7Pjgrfjg6Xjg7zjgrrjg4fjg7Pjg57jg7zjgq/pnbTpm6rpgJrlnJLpgJrlrabnmb7osqjlupfjg5bjg6njg7Pjg4kgIOedgOW+jOODrOODk+ODpeODvOOCkuabuOOBhOOBpuasoeWbnjMl5Ymy5byV44Kv44O844Od44Oz6YWN5biD5LitIeWjsuOCjOeti+OAkOmAgeaWmTMwMOWGhu+8iOWMl+a1t+mBk+ODu+aylue4hOODu+mbouWztuODu+mBi+mAgeS8muekvuaMh+WumuOBr+S4gOmDqOiyoOaLhe+8ieOAkQ==[rn]
30-32929,aHR0cDovL3RzaG9wLnIxMHMuanAvcm9vdHN5cy9jYWJpbmV0LzA1MjU0ODQxL2ltZ3JjMDA3NzkwMDA5Ny5qcGc/Zml0aW49NzAwOjcwMA==,MjE2LjAwMDA=,,44Kt44OD44K644O744OZ44OT44O844O744Oe44K/44OL44OG44KjID4g44Kt44OD44K6ID4g6Z20ID4g6ZW36Z2044O744Os44Kk44Oz44K344Ol44O844K6,UE9TVEFSIOOCpOODs+OCveODvOODqyDml6XmnKzoo73jgJDjg6Hjg7zjg6vkvr9PSyDlrZDkvpvmnI0g44Kt44OD44K6IOOCuOODpeODi+OCoiDlpbPjga7lrZAg55S344Gu5a2QIOODrOOCpOODs+OCsOODg+OCuiDplbfpnbQg44GC44GZ5qW9IOOCt+ODpeODvOOCuiDotaQg6Z2SIOe3kSDpu4Qg44OU44Oz44KvIOWFpeWtpua6luWCmeOAkeOAkOalveOCruODlV/ljIXoo4XjgJE=,UE9TVEFS44Os44Kk44Oz44K344Ol44O844K65bCC55So44Kk44Oz44K944O844Or44CAMTRjbe+9njE5Y20=,PGEgaHJlZj0iaHR0cHM6Ly9ldmVudC5yYWt1dGVuLmNvLmpwL2FzdXJha3UvYWJvdXQvIj48aW1nIHNyYz0iaHR0cHM6Ly9pbWFnZS5yYWt1dGVuLmNvLmpwL2NvbS9pbWcvcm1zL2NhYmluZXQvcmVjb21tZW5kX25ldy9pbWcwMDAwMTcwOS5qcGciIHdpZHRoPSIxMDAlIiBhbHQ9IuOBguOBmealvSIgLz48L2E+PEJSPgoKCgo8aW1nIHNyYz0iaHR0cHM6Ly9pbWFnZS5yYWt1dGVuLmNvLmpwL3Jvb3RzeXMvY2FiaW5ldC8wNTI1NDg0MS9pbWdyYzAwNzc5MDAwOTcuanBnIndpZHRoPSIxMDAlImFsdD0i5a2Q5L6b44CA44Os44Kk44OzIiAvPjxCUj4KPGltZyBzcmM9Imh0dHBzOi8vaW1hZ2UucmFrdXRlbi5jby5qcC9yb290c3lzL2NhYmluZXQvMDUyNTQ4NDEvaW1ncmMwMDc3OTAwMDk4LmpwZyJ3aWR0aD0iMTAwJSJhbHQ9IumbqOWFtyIgLz48YnI+CjxCUj48QlI+Cjxicj4KPGJyPgoKPHRhYmxlIGJvcmRlcj0iMSIgd2lkdGg9IjEwMCUiIGhlaWdodD0iMTAwJSI+Cjx0cj4KPHRoIGJnY29sb3I9ImJlaWdlIj7ntKDmnZA8L3RoPgo8dGQ+6KGo6Z2i77ya57a/MTAw77yFPEJSPgrmnKzkvZPvvJrlpKnnhLbjgrTjg6A8QlI+CuWOmuOBle+8mjNtbSjlhajjgrXjgqTjgrrlhbHpgJopPC90ZD4KPC90cj4KPHRyPgo8dGggYmdjb2xvcj0iYmVpZ2UiPuOCs+ODoeODs+ODiDwvdGg+Cjx0ZD7lronlv4Pjga7ml6XmnKzoo73vvIE8QlI+CuOBqOOBpuOCguOBl+OBo+OBi+OCiuOBl+OBn+S9nOOCiuOBp+OBmeOAgjxCUj4K5pys5ZOB44GvUE9TVEFS44Gu44Os44Kk44Oz44K344Ol44O844K65bCC55So44Gr44Gq44KK44G+44GZ44CCPEJSPgrliIfjgonjgZrjgavjgZ3jga7jgb7jgb7jgZTkvb/nlKjjgavjgarjgozjgb7jgZnjgII8QlI+CumdtOOBruOCteOCpOOCuuOBq+WQiOOBo+OBn+OCteOCpOOCuuOCkuOBiumBuOOBs+OBj+OBoOOBleOBhOOBvuOBm+OAgjxCUj4K5LuW44Gu6Z2044Gr44Gv5ZCI44KP44Gq44GE5aC05ZCI44GM44GC44KK44G+44GZ44Gu44Gn44GU5LqG5om/44GP44Gg44GV44GE44G+44Gb44CCPC90ZD4KPC90cj4KPHRyPjx0aCBiZ2NvbG9yPSJiZWlnZSI+55m66YCB55uu5a6JPC90aD4KPHRkPuW5s+aXpTE15pmC44G+44Gn44Gu44GU5rOo5paH44Gn5b2T5pel5Ye66I2344GE44Gf44GX44G+44GZ77yBPEJSPgrigLvjgq/jg6zjgrjjg4Pjg4jjg7vku6PlvJXjgY3mlK/miZXjgYTjga7loLTlkIgKPC90ZD48L3RyPgo8dHI+Cjx0aCBiZ2NvbG9yPSJiZWlnZSI+44Os44Kk44Oz44K344Ol44O844K6PC90aD4KPHRkPlBPU1RBUuODrOOCpOODs+OCt+ODpeODvOOCuuKYhjIsMzAw5YaGKOeojuaKnCk8QlI+CjxhIGhyZWY9Imh0dHBzOi8vaXRlbS5yYWt1dGVuLmNvLmpwL3Jvb3RzeXMvMTAwMDA5MTEvIj48aW1nIHNyYz0iaHR0cHM6Ly9pbWFnZS5yYWt1dGVuLmNvLmpwL3Jvb3RzeXMvY2FiaW5ldC8wNTI1NDg0MS9pbWdyYzAwNzc3ODMxMDUuanBnIiB3aWR0aD0iMzAlIi8+PC9hPgo8L3RkPgo8L3RyPgo8L3RhYmxlPgo8dGFibGUgYm9yZGVyPSIxIiB3aWR0aD0iMTAwJSIgaGVpZ2h0PSIxMDAlIj4KPHRyPgo8dGQ+PGEgaHJlZj0iaHR0cHM6Ly9pdGVtLnJha3V0ZW4uY28uanAvcm9vdHN5cy8xMDAwMDkxMi8iPjxpbWcgc3JjPSJodHRwczovL2ltYWdlLnJha3V0ZW4uY28uanAvcm9vdHN5cy9jYWJpbmV0LzA1MjU0ODQxL2ltZ3JjMDA3Nzc5MTAyNi5qcGciIHdpZHRoPSIxMDAlIi8+PC9hPjwvdGQ+Cjx0ZD48YSBocmVmPSJodHRwczovL2l0ZW0ucmFrdXRlbi5jby5qcC9yb290c3lzLzEwMDAwOTEzLyI+PGltZyBzcmM9Imh0dHBzOi8vaW1hZ2UucmFrdXRlbi5jby5qcC9yb290c3lzL2NhYmluZXQvMDUyNTQ4NDEvaW1ncmMwMDc3Nzg2NTYzLmpwZyIgIHdpZHRoPSIxMDAlIi8+PC9hPjwvdGQ+Cjx0ZD48YSBocmVmPSJodHRwczovL2l0ZW0ucmFrdXRlbi5jby5qcC9yb290c3lzLzEwMDAwOTE0LyI+PGltZyBzcmM9Imh0dHBzOi8vaW1hZ2UucmFrdXRlbi5jby5qcC9yb290c3lzL2NhYmluZXQvMDUyNTQ4NDEvaW1ncmMwMDc3Nzg0NTQyLmpwZyIgd2lkdGg9IjEwMCUiLz48L2E+PC90ZD4KPHRkPjxhIGhyZWY9Imh0dHBzOi8vaXRlbS5yYWt1dGVuLmNvLmpwL3Jvb3RzeXMvMTAwMDA5MTEvIj48aW1nIHNyYz0iaHR0cHM6Ly9pbWFnZS5yYWt1dGVuLmNvLmpwL3Jvb3RzeXMvY2FiaW5ldC8wNTI1NDg0MS9pbWdyYzAwNzc3ODMxMDUuanBnIiAgd2lkdGg9IjEwMCUiLz48L2E+PC90ZD4KPC90cj4KPC90YWJsZT4KPGJyPgo8YnI+Cjxicj4KCgoKPEJSPjxpbWcgc3JjPSJodHRwczovL2ltYWdlLnJha3V0ZW4uY28uanAvcm9vdHN5cy9jYWJpbmV0L2ltYWdlcy9pbWdyYzAwNzgzMzE1OTguanBnIiB3aWR0aD0iNzEyIiBhbHQ9IumFjemAgeebruWuiSIgLz48YnI+CjxpbWcgc3JjPSJodHRwczovL2ltYWdlLnJha3V0ZW4uY28uanAvcm9vdHN5cy9jYWJpbmV0L2ltYWdlcy9pbWdyYzAwNzgzMzE0NzAuanBnIiB3aWR0aD0iNzEyIiBhbHQ9IuODoeODvOODq+S+vyIgLz48YnI+PGJyPgo8aW1nIHNyYz0iaHR0cHM6Ly9pbWFnZS5yYWt1dGVuLmNvLmpwL3Jvb3RzeXMvY2FiaW5ldC9pbWFnZXMvZmxvdy5qcGciIHdpZHRoPSI3MTIiIGFsdD0i44K344On44OD44OU44Oz44Kw44OV44Ot44O8IiAvPjxicj48YnI+CgoKCjxjZW50ZXI+PGlmcmFtZSBzcmM9Imh0dHBzOi8vd3d3LnJha3V0ZW4ubmUuanAvZ29sZC9yb290c3lzL3Nob3BkZWdpbi9vdG9rb25va28uaHRtbCIgd2lkdGg9IjcwMCIgaGVpZ2h0PSIxNjAwIiBmcmFtZWJvcmRlcj0iMCI+PC9pZnJhbWU+PC9jZW50ZXI+PEJSPgoKCjx0YWJsZSBib3JkZXI9IjAiIGNlbGxzcGFjaW5nPSIwIiBjZWxscGFkZGluZz0iMiI+Cjx0ciB2YWxpZ249InRvcCI+Cjx0ZCBub3dyYXA+44Ku44OV44OI5a++5b+cPC90ZD4KPC90cj4KPC90YWJsZT48QlI+PEJSPgoK44Oh44O844Kr44O85biM5pyb5bCP5aOy5L6h5qC844Gv44Oh44O844Kr44O85ZWG5ZOB44K/44Kw44Gr5Z+644Gl44GE44Gm5o6y6LyJ44GX44Gm44GE44G+44GZPGJyPgo8aW1nIHNyYz0iaHR0cHM6Ly9pbWFnZS5yYWt1dGVuLmNvLmpwL3Jvb3RzeXMvY2FiaW5ldC8wNTI1NDg0MS9pbWdyYzAwNzc5MDAwOTkuanBnIiAgYWx0PSLjg6Hjg7zjgqvjg7zllYblk4Hjgr/jgrAiIC8+Cjxicj48aW1nIHNyYz0iaHR0cHM6Ly9pbWFnZS5yYWt1dGVuLmNvLmpwL3Jvb3RzeXMvY2FiaW5ldC8wNDY0MzM2Ny9pbWdyYzAwNzQ0MjczNzMuanBnIiBhbHQ9IuaWsOWVhuWTgSIgd2lkdGg9IjcxMiIvPjxicj48YnI+Cgo8dGFibGUgd2lkdGg9IjcxMiI+Cjx0cj48dGQ+PGltZyBzcmM9Imh0dHBzOi8vaW1hZ2UucmFrdXRlbi5jby5qcC9yb290c3lzL2NhYmluZXQvMDU1MDE2MDYvaW1ncmMwMDc4NTYxNDkyLmpwZyIgd2lkdGg9IjEwMCUiLz48L3RkPgo8dGQ+PGltZyBzcmM9Imh0dHBzOi8vaW1hZ2UucmFrdXRlbi5jby5qcC9yb290c3lzL2NhYmluZXQvMDU1MDE2MDYvaW1ncmMwMDc4NTYxNDkxLmpwZyIgd2lkdGg9IjEwMCUiLz48L3RkPgo8dGQ+PGltZyBzcmM9Imh0dHBzOi8vaW1hZ2UucmFrdXRlbi5jby5qcC9yb290c3lzL2NhYmluZXQvMDU1MDE2MDYvaW1ncmMwMDc4NTc2OTI0LmpwZyIgd2lkdGg9IjEwMCUiLz48L3RkPjwvdHI+Cgo8dHI+PHRkPjxpbWcgc3JjPSJodHRwczovL2ltYWdlLnJha3V0ZW4uY28uanAvcm9vdHN5cy9jYWJpbmV0LzA1NTAxNjA2L2ltZ3JjMDA3ODU1ODc2MC5qcGciIHdpZHRoPSIxMDAlIi8+PC90ZD4KPHRkPjxpbWcgc3JjPSJodHRwczovL2ltYWdlLnJha3V0ZW4uY28uanAvcm9vdHN5cy9jYWJpbmV0LzA1NTAxNjA2L2ltZ3JjMDA3ODU2MTM1NC5qcGciIHdpZHRoPSIxMDAlIi8+PC90ZD4KPHRkPjxpbWcgc3JjPSJodHRwczovL2ltYWdlLnJha3V0ZW4uY28uanAvcm9vdHN5cy9jYWJpbmV0LzA1NTAxNjA2L2ltZ3JjMDA3ODU2MTM1My5qcGciIHdpZHRoPSIxMDAlIi8+PC90ZD48L3RyPgoKPHRyPjx0ZD48aW1nIHNyYz0iaHR0cHM6Ly9pbWFnZS5yYWt1dGVuLmNvLmpwL3Jvb3RzeXMvY2FiaW5ldC8wNTUwMTYwNi9pbWdyYzAwNzg1NzY5MjMuanBnIiB3aWR0aD0iMTAwJSIvPjwvdGQ+Cjx0ZD48aW1nIHNyYz0iaHR0cHM6Ly9pbWFnZS5yYWt1dGVuLmNvLmpwL3Jvb3RzeXMvY2FiaW5ldC8wNTUwMTYwNi9pbWdyYzAwNzg1NzY5MjEuanBnIiB3aWR0aD0iMTAwJSIvPjwvdGQ+Cjx0ZD48aW1nIHNyYz0iaHR0cHM6Ly9pbWFnZS5yYWt1dGVuLmNvLmpwL3Jvb3RzeXMvY2FiaW5ldC8wNTUwMTYwNi9pbWdyYzAwNzg1NzY5MjIuanBnIiB3aWR0aD0iMTAwJSIvPjwvdGQ+PC90cj4KCjx0cj48dGQ+PGltZyBzcmM9Imh0dHBzOi8vaW1hZ2UucmFrdXRlbi5jby5qcC9yb290c3lzL2NhYmluZXQvMDU1MDE2MDYvaW1ncmMwMDc4NTYxMzUxLmpwZyIgd2lkdGg9IjEwMCUiLz48L3RkPgo8dGQ+PGltZyBzcmM9Imh0dHBzOi8vaW1hZ2UucmFrdXRlbi5jby5qcC9yb290c3lzL2NhYmluZXQvMDU1MDE2MDYvaW1ncmMwMDc4NTYxMzUyLmpwZyIgd2lkdGg9IjEwMCUiLz48L3RkPgo8dGQ+PGltZyBzcmM9Imh0dHBzOi8vaW1hZ2UucmFrdXRlbi5jby5qcC9yb290c3lzL2NhYmluZXQvMDUwNDA1MzQvaW1ncmMwMDc4MjkyNTk3LmpwZyIgd2lkdGg9IjEwMCUiLz48YnI+PC90ZD4KPC90cj48L3RhYmxlPjxicj48YnI+PEJSPjxCUj4KCgo8aW1nIHNyYz0iaHR0cHM6Ly9pbWFnZS5yYWt1dGVuLmNvLmpwL3Jvb3RzeXMvY2FiaW5ldC9pbWFnZXMvaW1ncmMwMDc4NjU1MjU2LmpwZyIgd2lkdGg9IjcxMiIvPjwvY2VudGVyPjxicj4KCjx0YWJsZSB3aWR0aD0iNzAwIj4KPHRyPjx0ZD48aW1nIHNyYz0iaHR0cHM6Ly9pbWFnZS5yYWt1dGVuLmNvLmpwL3Jvb3RzeXMvY2FiaW5ldC8wNTUwMTYwNi9pbWdyYzAwNzg1NjE0OTcuanBnIiB3aWR0aD0iMTAwJSIvPjwvdGQ+Cjx0ZD48aW1nIHNyYz0iaHR0cHM6Ly9pbWFnZS5yYWt1dGVuLmNvLmpwL3Jvb3RzeXMvY2FiaW5ldC8wNTEyNDE1MS9pbWdyYzAwNzU3NDI5ODguanBnIiB3aWR0aD0iMTAwJSI+PC90ZD48L3RyPgo8dHI+PHRkPjxpbWcgc3JjPSJodHRwczovL2ltYWdlLnJha3V0ZW4uY28uanAvcm9vdHN5cy9jYWJpbmV0LzA1NTAxNjA2L2ltZ3JjMDA3ODU2MTQ5OC5qcGciIHdpZHRoPSIxMDAlIi8+PC90ZD4KPHRkPjxpbWcgc3JjPSJodHRwczovL2ltYWdlLnJha3V0ZW4uY28uanAvcm9vdHN5cy9jYWJpbmV0LzA1NTAxNjA2L2ltZ3JjMDA3ODY1MzU1My5qcGciIHdpZHRoPSIxMDAlIi8+PC90ZD48L3RyPgo8L3RhYmxlPgo8YnI+PGJyPjxicj4KCjxpbWcgc3JjPSJodHRwczovL2ltYWdlLnJha3V0ZW4uY28uanAvcm9vdHN5cy9jYWJpbmV0L2ltYWdlcy9pbWdyYzAwNzgxODExNDkuanBnIiAgd2lkdGg9IjcwMCJhbHQ9IuODrOOCpOODsyIvPgo8YnI+PGJyPgo8dGFibGUgd2lkdGg9IjcwMCI+Cjx0cj48dGQ+PGltZyBzcmM9Imh0dHBzOi8vaW1hZ2UucmFrdXRlbi5jby5qcC9yb290c3lzL2NhYmluZXQvMDUyNTQ4NDEvaW1ncmMwMDc3NzkxMDI2LmpwZyIgd2lkdGg9IjE3NSIvPjwvdGQ+Cjx0ZD48aW1nIHNyYz0iaHR0cHM6Ly9pbWFnZS5yYWt1dGVuLmNvLmpwL3Jvb3RzeXMvY2FiaW5ldC8wNTI1NDg0MS9pbWdyYzAwNzc3ODY1NjMuanBnIiAgd2lkdGg9IjE3NSIvPjwvdGQ+Cjx0ZD48aW1nIHNyYz0iaHR0cHM6Ly9pbWFnZS5yYWt1dGVuLmNvLmpwL3Jvb3RzeXMvY2FiaW5ldC8wNTI1NDg0MS9pbWdyYzAwNzc3ODQ1NDIuanBnIiB3aWR0aD0iMTc1Ii8+PC90ZD4KPHRkPjxpbWcgc3JjPSJodHRwczovL2ltYWdlLnJha3V0ZW4uY28uanAvcm9vdHN5cy9jYWJpbmV0LzA1MjU0ODQxL2ltZ3JjMDA3Nzc4MzEwNS5qcGciICB3aWR0aD0iMTc1Ii8+PC90ZD48L3RyPgoKPHRyPjx0ZD48aW1nIHNyYz0iaHR0cHM6Ly9pbWFnZS5yYWt1dGVuLmNvLmpwL3Jvb3RzeXMvY2FiaW5ldC8wNTI1NDg0MS9pbWdyYzAwNzc5NTI5MTYuanBnIiB3aWR0aD0iMTc1Ii8+PC90ZD4KPHRkPjxpbWcgc3JjPSJodHRwczovL2ltYWdlLnJha3V0ZW4uY28uanAvcm9vdHN5cy9jYWJpbmV0LzA1MjU0ODQxL2ltZ3JjMDA3NzkyODg3MS5qcGciICB3aWR0aD0iMTc1Ii8+PC90ZD4KPHRkPjxpbWcgc3JjPSJodHRwczovL2ltYWdlLnJha3V0ZW4uY28uanAvcm9vdHN5cy9jYWJpbmV0LzA1MjU0ODQxL2ltZ3JjMDA3Nzk1Mjg2MS5qcGciIHdpZHRoPSIxNzUiLz48L3RkPgo8dGQ+PGltZyBzcmM9Imh0dHBzOi8vaW1hZ2UucmFrdXRlbi5jby5qcC9yb290c3lzL2NhYmluZXQvMDUyNTQ4NDEvaW1ncmMwMDc3OTUyODU1LmpwZyIgIHdpZHRoPSIxNzUiLz48L3RkPjwvdHI+Cgo8dHI+PHRkPjxpbWcgc3JjPSJodHRwczovL2ltYWdlLnJha3V0ZW4uY28uanAvcm9vdHN5cy9jYWJpbmV0LzA1MjU0ODQxL2ltZ3JjMDA3Nzk1NDc2OS5qcGciIHdpZHRoPSIxNzUiLz48L3RkPgo8dGQ+PGltZyBzcmM9Imh0dHBzOi8vaW1hZ2UucmFrdXRlbi5jby5qcC9yb290c3lzL2NhYmluZXQvMDUyNTQ4NDEvaW1ncmMwMDc3OTU0NzY0LmpwZyIgIHdpZHRoPSIxNzUiLz48L3RkPgo8dGQ+PGltZyBzcmM9Imh0dHBzOi8vaW1hZ2UucmFrdXRlbi5jby5qcC9yb290c3lzL2NhYmluZXQvMDUyNTQ4NDEvaW1ncmMwMDc3OTU0NzgwLmpwZyIgd2lkdGg9IjE3NSIvPjwvdGQ+Cjx0ZD48aW1nIHNyYz0iaHR0cHM6Ly9pbWFnZS5yYWt1dGVuLmNvLmpwL3Jvb3RzeXMvY2FiaW5ldC8wNTI1NDg0MS9pbWdyYzAwNzc5NTQ3NzguanBnIiAgd2lkdGg9IjE3NSIvPjwvdGQ+PC90cj4KCjx0cj48dGQ+PGltZyBzcmM9Imh0dHBzOi8vaW1hZ2UucmFrdXRlbi5jby5qcC9yb290c3lzL2NhYmluZXQvMDUyNTQ4NDEvaW1ncmMwMDc3OTI4ODk0LmpwZyIgd2lkdGg9IjE3NSIvPjwvdGQ+Cjx0ZD48aW1nIHNyYz0iaHR0cHM6Ly9pbWFnZS5yYWt1dGVuLmNvLmpwL3Jvb3RzeXMvY2FiaW5ldC8wNTI1NDg0MS9pbWdyYzAwNzc5Mjg4OTAuanBnIiAgd2lkdGg9IjE3NSIvPjwvdGQ+Cjx0ZD48aW1nIHNyYz0iaHR0cHM6Ly9pbWFnZS5yYWt1dGVuLmNvLmpwL3Jvb3RzeXMvY2FiaW5ldC8wNTI1NDg0MS9pbWdyYzAwNzc5MzAwNTAuanBnIiB3aWR0aD0iMTc1Ii8+PC90ZD4KPHRkPjxpbWcgc3JjPSJodHRwczovL2ltYWdlLnJha3V0ZW4uY28uanAvcm9vdHN5cy9jYWJpbmV0LzA1MjU0ODQxL2ltZ3JjMDA3NzkzMDA0Ni5qcGciICB3aWR0aD0iMTc1Ii8+PC90ZD48L3RyPgoKPHRyPjx0ZD48aW1nIHNyYz0iaHR0cHM6Ly9pbWFnZS5yYWt1dGVuLmNvLmpwL3Jvb3RzeXMvY2FiaW5ldC8wNTI1NDg0MS9pbWdyYzAwNzc5NzUzNzQuanBnIiB3aWR0aD0iMTc1Ii8+PC90ZD4KPHRkPjxpbWcgc3JjPSJodHRwczovL2ltYWdlLnJha3V0ZW4uY28uanAvcm9vdHN5cy9jYWJpbmV0LzA1MjU0ODQxL2ltZ3JjMDA3Nzk3NTE2NC5qcGciICB3aWR0aD0iMTc1Ii8+PC90ZD4KPHRkPjxpbWcgc3JjPSJodHRwczovL2ltYWdlLnJha3V0ZW4uY28uanAvcm9vdHN5cy9jYWJpbmV0LzA1MjU0ODQxL2ltZ3JjMDA3Nzk3NTE2NS5qcGciIHdpZHRoPSIxNzUiLz48L3RkPgo8dGQ+PGltZyBzcmM9Imh0dHBzOi8vaW1hZ2UucmFrdXRlbi5jby5qcC9yb290c3lzL2NhYmluZXQvMDUyNTQ4NDEvaW1ncmMwMDc3OTc1MTY2LmpwZyIgIHdpZHRoPSIxNzUiLz48L3RkPjwvdHI+CjwvdGFibGU+CgoKPHRhYmxlIHdpZHRoPSI3MDAiPgo8dHI+PHRkPjxpbWcgc3JjPSJodHRwczovL2ltYWdlLnJha3V0ZW4uY28uanAvcm9vdHN5cy9jYWJpbmV0LzA1MjU0ODQxL2ltZ3JjMDA3NzkyODkzMy5qcGciIHdpZHRoPSIyMzAiLz48L3RkPgo8dGQ+PGltZyBzcmM9Imh0dHBzOi8vaW1hZ2UucmFrdXRlbi5jby5qcC9yb290c3lzL2NhYmluZXQvMDUyNTQ4NDEvaW1ncmMwMDc3OTY3Nzk1LmpwZyIgIHdpZHRoPSIyMzAiLz48L3RkPgo8dGQ+PGltZyBzcmM9Imh0dHBzOi8vaW1hZ2UucmFrdXRlbi5jby5qcC9yb290c3lzL2NhYmluZXQvMDUyNTQ4NDEvaW1ncmMwMDc3OTY3NzkyLmpwZyIgIHdpZHRoPSIyMzAiLz48L3RkPjwvdHI+CjwvdGFibGU+Cjxicj48YnI+CgoKCjxpbWcgc3JjPSJodHRwczovL2ltYWdlLnJha3V0ZW4uY28uanAvcm9vdHN5cy9jYWJpbmV0L2ltYWdlcy9pbWdyYzAwNzg2NjA2ODMuanBnIndpZHRoPSI3MDAiLz4KPGJyPgoKCgoKCgoKCgo8QlI+PEJSPg==,UE9TVEFSIOOCpOODs+OCveODvOODqyDml6XmnKzoo73jgJDjg6Hjg7zjg6vkvr9PSyDlrZDkvpvmnI0g44Kt44OD44K6IOOCuOODpeODi+OCoiDlpbPjga7lrZAg55S344Gu5a2QIOODrOOCpOODs+OCsOODg+OCuiDplbfpnbQg44GC44GZ5qW9IOOCt+ODpeODvOOCuiDotaQg6Z2SIOe3kSDpu4Qg44OU44Oz44KvIOWFpeWtpua6luWCmeOAkeOAkOalveOCruODlV/ljIXoo4XjgJHvvJrlrZDkvpvmnI1Sb290cy1pbm5vY2VudHdvcmxkLQ==,5qW95aSp6YCa6LKp44GT44Gp44KC5pyN5a2Q5L6b5pyN44Ov44Oz44OU44O844K5VOOCt+ODo+ODhOWNiuiiluaWsOS9nOS6uuawl+iKseafhOWls+OBruWtkOeUt+OBruWtkOeUt+Wls+WFvOeUqDkw44CAMTAw44CAMTEw44CAMTIw44CAMTMw44CAMTQw44CAMTUw5a6J44GE772+772w776Z6Kiz44GC44KK44Ki44Km44OI44Os44OD44OI6LKp5aOy44OH44OL44Og44Ki44Kv44K744K144Oq44O8UE9TVEFSIOOCpOODs+OCveODvOODqyDml6XmnKzoo73jgJDjg6Hjg7zjg6vkvr9PSyDlrZDkvpvmnI0g44Kt44OD44K6IOOCuOODpeODi+OCoiDlpbPjga7lrZAg55S344Gu5a2QIOODrOOCpOODs+OCsOODg+OCuiDplbfpnbQg44GC44GZ5qW9IOOCt+ODpeODvOOCuiDotaQg6Z2SIOe3kSDpu4Qg44OU44Oz44KvIOWFpeWtpua6luWCmeOAkeOAkOalveOCruODlV/ljIXoo4XjgJE=,UE9TVEFS44Os44Kk44Oz44K344Ol44O844K65bCC55So44Kk44Oz44K944O844Or44CAMTRjbe+9njE5Y20g44CCUE9TVEFSIOOCpOODs+OCveODvOODqyDml6XmnKzoo73jgJDjg6Hjg7zjg6vkvr9PSyDlrZDkvpvmnI0g44Kt44OD44K6IOOCuOODpeODi+OCoiDlpbPjga7lrZAg55S344Gu5a2QIOODrOOCpOODs+OCsOODg+OCuiDplbfpnbQg44GC44GZ5qW9IOOCt+ODpeODvOOCuiDotaQg6Z2SIOe3kSDpu4Qg44OU44Oz44KvIOWFpeWtpua6luWCmeOAkeOAkOalveOCruODlV/ljIXoo4XjgJE=[rn]
30-32930,aHR0cDovL3RzaG9wLnIxMHMuanAva2lsYWtpbGEvY2FiaW5ldC9pdGVtL21haW4vMTI0LTc3NDA5MDAuanBnP2ZpdGluPTcwMDo3MDA=,Mjk4MC44MDAw,,44Kt44OD44K644O744OZ44OT44O844O744Oe44K/44OL44OG44KjID4g44Kt44OD44K6ID4g6Z20ID4g6ZW36Z2044O744Os44Kk44Oz44K344Ol44O844K6,44CQa2lsYWtpbGEq44Kt44Op44Kt44Op44CR44Os44Kk44Oz44OW44O844OEIOOCreODg+OCuiDplbfpnbQg44K544OO44O844OW44O844OEIOmbqiDpmLLmsLQg44Of44OJ44OrIOOBi+OCj+OBhOOBhCDjg6njg5Djg7wg5aSn5Lq6IOmbqCDjg6zjgqTjg7Pjgrfjg6Xjg7zjgrog5a2Q44Gp44KCIOWtkOS+myDjgZPjganjgoIga2lkcyDjg5bjg6njg4Pjgq8g6buSIOOBiuOBl+OCg+OCjCDjg5Tjg7Pjgq8g44Kk44Ko44Ot44O8IOODluODq+ODvCDjg6zjg4fjgqPjg7zjgrnpnbQ=,NTQwMOWGhuS7peS4iuOBp+mAgeaWmeeEoeaWmeKYhQ==,PGgxIHN0eWxlPSJmb250LXNpemU6MTdweDtjb2xvcjojOGI0NTEzO21hcmdpbi10b3A6MXB4O21hcmdpbi1ib3R0b206MXB4OyI+44CQa2lsYWtpbGEq44Kt44Op44Kt44Op44CR44Os44Kk44Oz44OW44O844OEIOWtkOOBqeOCgiDlrZDkvpsg44GT44Gp44KCIGtpZHMg44Kt44OD44K6IOODn+ODieODqyDjg6zjg4fjgqPjg7zjgrkg44Kr44K444Ol44Ki44OrIOOBiuOBl+OCg+OCjCDjgYvjgo/jgYTjgYQg44Op44OQ44O8IOWkp+S6uiDpmLLmsLQg6ZuoIOaihembqCDpm6og6ZW36Z20IOODluODqeODg+OCryjpu5IpIOODgOODvOOCr+ODluODqeOCpuODsyDjg5Tjg7Pjgq8g44Kk44Ko44Ot44O8IOODluODq+ODvCDjg6zjgqTjg7Pjgrfjg6Xjg7zjgrog44Os44OH44Kj44O844K56Z20PC9oMT48YnI+PGJyPjxicj4KCgo8Y2VudGVyPgoKCjxpbWcgc3JjPSJodHRwOi8vaW1hZ2UucmFrdXRlbi5jby5qcC9raWxha2lsYS9jYWJpbmV0L2l0ZW0vbWFpbi8xMjQtNzc0MDkwMC5qcGciIGJvcmRlcj0iMCI+PGJyPjxicj48YnI+PGJyPjxicj4KPGltZyBzcmM9Imh0dHA6Ly9pbWFnZS5yYWt1dGVuLmNvLmpwL2tpbGFraWxhL2NhYmluZXQvaXRlbS8xMjQtcmlvLzQwOTAwXzAxLmpwZyIgYm9yZGVyPSIwIj48YnI+PGJyPjxicj48YnI+PGJyPgo8aW1nIHNyYz0iaHR0cDovL2ltYWdlLnJha3V0ZW4uY28uanAva2lsYWtpbGEvY2FiaW5ldC9pdGVtLzEyNC1yaW8vNDA5MDBfMDIuanBnIiBib3JkZXI9IjAiPjxicj48YnI+PGJyPjxicj48YnI+CjxpbWcgc3JjPSJodHRwOi8vaW1hZ2UucmFrdXRlbi5jby5qcC9raWxha2lsYS9jYWJpbmV0L2l0ZW0vMTI0LXJpby80MDkwMF8wMy5qcGciIGJvcmRlcj0iMCI+PGJyPjxicj48YnI+PGJyPjxicj4KPGltZyBzcmM9Imh0dHA6Ly9pbWFnZS5yYWt1dGVuLmNvLmpwL2tpbGFraWxhL2NhYmluZXQvaXRlbS8xMjQtcmlvLzQwOTAwXzA0LmpwZyIgYm9yZGVyPSIwIj48YnI+PGJyPjxicj48YnI+PGJyPgo8aW1nIHNyYz0iaHR0cDovL2ltYWdlLnJha3V0ZW4uY28uanAva2lsYWtpbGEvY2FiaW5ldC9pdGVtLzEyNC1yaW8vNDA5MDBfMDUuanBnIiBib3JkZXI9IjAiPjxicj48YnI+PGJyPjxicj48YnI+CjxpbWcgc3JjPSJodHRwOi8vaW1hZ2UucmFrdXRlbi5jby5qcC9raWxha2lsYS9jYWJpbmV0L2l0ZW0vMTI0LXJpby80MDkwMF8wNi5qcGciIGJvcmRlcj0iMCI+PGJyPjxicj48YnI+PGJyPjxicj4KPGltZyBzcmM9Imh0dHA6Ly9pbWFnZS5yYWt1dGVuLmNvLmpwL2tpbGFraWxhL2NhYmluZXQvaXRlbS8xMjQtcmlvLzQwOTAwXzA3LmpwZyIgYm9yZGVyPSIwIj48YnI+PGJyPjxicj48YnI+PGJyPgo8aW1nIHNyYz0iaHR0cDovL2ltYWdlLnJha3V0ZW4uY28uanAva2lsYWtpbGEvY2FiaW5ldC9pdGVtLzEyNC1yaW8vNDA5MDBfMDguanBnIiBib3JkZXI9IjAiPjxicj48YnI+PGJyPjxicj48YnI+CjxpbWcgc3JjPSJodHRwOi8vaW1hZ2UucmFrdXRlbi5jby5qcC9raWxha2lsYS9jYWJpbmV0L2l0ZW0vMTI0LXJpby80MDkwMF8wOS5qcGciIGJvcmRlcj0iMCI+PGJyPjxicj48YnI+PGJyPjxicj4KPGltZyBzcmM9Imh0dHA6Ly9pbWFnZS5yYWt1dGVuLmNvLmpwL2tpbGFraWxhL2NhYmluZXQvaXRlbS8xMjQtcmlvLzQwOTAwXzEwLmpwZyIgYm9yZGVyPSIwIj48YnI+PGJyPjxicj48YnI+PGJyPgo8aW1nIHNyYz0iaHR0cDovL2ltYWdlLnJha3V0ZW4uY28uanAva2lsYWtpbGEvY2FiaW5ldC9pdGVtLzEyNC1yaW8vNDA5MDBfMTEuanBnIiBib3JkZXI9IjAiPjxicj48YnI+PGJyPjxicj48YnI+CjxpbWcgc3JjPSJodHRwOi8vaW1hZ2UucmFrdXRlbi5jby5qcC9raWxha2lsYS9jYWJpbmV0L2l0ZW0vMTI0LXJpby80MDkwMF8xMi5qcGciIGJvcmRlcj0iMCI+PGJyPjxicj48YnI+PGJyPjxicj4KPGltZyBzcmM9Imh0dHA6Ly9pbWFnZS5yYWt1dGVuLmNvLmpwL2tpbGFraWxhL2NhYmluZXQvaXRlbS8xMjQtcmlvLzQwOTAwXzEzLmpwZyIgYm9yZGVyPSIwIj48YnI+PGJyPjxicj48YnI+PGJyPgo8aW1nIHNyYz0iaHR0cDovL2ltYWdlLnJha3V0ZW4uY28uanAva2lsYWtpbGEvY2FiaW5ldC9pdGVtLzEyNC1yaW8vNDA5MDBfMTQuanBnIiBib3JkZXI9IjAiPjxicj48YnI+PGJyPjxicj48YnI+CjxpbWcgc3JjPSJodHRwOi8vaW1hZ2UucmFrdXRlbi5jby5qcC9raWxha2lsYS9jYWJpbmV0L2l0ZW0vMTI0LXJpby80MDkwMF8xNS5qcGciIGJvcmRlcj0iMCI+PGJyPjxicj48YnI+PGJyPjxicj4KPGltZyBzcmM9Imh0dHA6Ly9pbWFnZS5yYWt1dGVuLmNvLmpwL2tpbGFraWxhL2NhYmluZXQvaXRlbS8xMjQtcmlvLzQwOTAwX2MwMS5qcGciIGJvcmRlcj0iMCI+PGJyPjxicj48YnI+PGJyPjxicj4KPGltZyBzcmM9Imh0dHA6Ly9pbWFnZS5yYWt1dGVuLmNvLmpwL2tpbGFraWxhL2NhYmluZXQvaXRlbS8xMjQtcmlvLzQwOTAwX2MwMi5qcGciIGJvcmRlcj0iMCI+PGJyPjxicj48YnI+PGJyPjxicj4KPGltZyBzcmM9Imh0dHA6Ly9pbWFnZS5yYWt1dGVuLmNvLmpwL2tpbGFraWxhL2NhYmluZXQvaXRlbS8xMjQtcmlvLzQwOTAwXzE2LmpwZyIgYm9yZGVyPSIwIj48YnI+PGJyPjxicj48YnI+PGJyPgoKCgo8L2NlbnRlcj48YnI+PGJyPgoKCgrjgYvjgo/jgYTjgYTjgqvjgrjjg6XjgqLjg6vjg4fjgrbjgqTjg7PvvIE8YnI+CuOCreODg+OCuuOCteOCpOOCuuOBruODrOOCpOODs+ODluODvOODhOOBjOeZu+WgtOKZqjxicj48YnI+Cgrjg4fjgrbjgqTjg7PjgYzjgrfjg7Pjg5fjg6vjgarjga7jgac8YnI+CuOBqeOCk+OBquOCs+ODvOODh+OBqOOCguebuOaAp+aKnOe+pOKZqjxicj48YnI+CgropqrlrZDjgafjgYrmj4PjgYTjgafmj4PjgYjjgabjgoLjgqvjg6/jgqTjgqTvvIHvvIE8YnI+PGJyPgoK55S344Gu5a2Q44KC5aWz44Gu5a2Q44KC5qW944GX44GP6YG444G544KL6LGK5a+M44Gq44Kr44Op44OQ44Oq77yBPGJyPjxicj4KCuWujOWFqOmYsuawtOOBoOOBi+OCieOAgeawtOOBn+OBvuOCiuOBq+WFpeOBo+OBpuOBl+OBvuOBo+OBpuOCgjxicj4K44GX44G/6L6844KT44Gn44GP44KL44GT44Go44Gv44GC44KK44G+44Gb44KT44CCPGJyPgrpm6jjga7ml6XjgaDjgZHjgafjgarjgY/msLTpgYrjgbPjg7vms6XjgpPjgZPpgYrjgbPjgavjgoLjgqrjgrnjgrnjg6Himao8YnI+PGJyPgoK44Kk44Oz44K944O844Or44Gv44CB5Y+W44KK5aSW44GX44GM44Gn44GN44KL44GL44KJPGJyPgrmv6HjgozjgabjgZfjgb7jgaPjgabjgoLkub7jgYvjgZnjgZPjgajjgYzjgafjgY3jgb7jgZnjgII8YnI+PGJyPgoK5YaF5YG044Gr44Gv5ZCN5YmN44KS5pu444GP44GT44Go44GM44Gn44GN44G+44GZ44CCPGJyPjxicj4KCuOBi+OBi+OBqOmDqOWIhuOBq+OBr+WPjeWwhOadv+OBjOOBpOOBhOOBpuOBhOOBvuOBmeOAgjxicj48YnI+Cgrmu5HjgormraLjgoHliqDlt6XjgYzmlr3jgZXjgozjgZ/jgrTjg6DlupXjgarjga7jgac8YnI+CumbqOOBruaXpeOBp+OCgua7keOCiuOBq+OBj+OBj+OBpuWuieW/g+OBp+OBmeKZqiAKPGJyPjxicj48YnI+PGJyPjxicj4KCgoKCuOCteOCpOOCuu+8mjE3LjDjg7sxOC4w44O7MTkuMOODuzIwLjDjg7syMS4w44O7MjIuMDxicj48YnI+CuOCq+ODqeODvO+8muODlOODs+OCr+ODu+OCpOOCqOODreODvOODu+ODluODq+ODvOODu+OCq+ODvOOCreODu+ODluODqeOCpuODs+ODu+ODluODqeODg+OCr+ODu+ODjeOCpOODk+ODvDxicj48YnI+PGJyPjxicj48YnI+CgoKCgo8Zm9udCBjb2xvcj0iI0ZGMDAwMCIgc2l6ZT0iMiI+PGJyPgrjgZTms6jmlofliY3jgavlv4XjgZrjgYroqq3jgb/kuIvjgZXjgYTvvIE8L2ZvbnQ+PGJyPgo8aW1nIHNyYz0iaHR0cDovL2ltYWdlLnJha3V0ZW4uY28uanAva2lsYWtpbGEvY2FiaW5ldC9iYW5uZXIvc2hvcHBpbmdndWlkZTAxLmdpZiIgYWx0PSIiIHZzcGFjZT0iNSIgYm9yZGVyPSIwIj48YnI+Cjxmb250IGNvbG9yPSIjNjY2NjY2IiBzaXplPSIxIj7jgq/jg6rjg4Pjgq/jgafliKXnqpPjgYzplovjgY3jgb7jgZk8L2ZvbnQ+PGJyPjxicj48YnI+PGJyPgoKCjxicj48YnI+44CQ44Kz44Oz44OT44OL5Y+X5Y+W5a++5b+c5ZWG5ZOB44CRPGJyPjxicj48YnI+PGNlbnRlcj4KCgo8YnI+PGJyPjxicj4KCjxzdHlsZT4KdGQuaW52ZW50b3J5X2Nob2ljZV9uYW1lIHsKICB3aWR0aDogNzBweDsKICBwYWRkaW5nOiA1cHg7Cn0KI3Jha3V0ZW5MaW1pdGVkSWRfYXJvdW5kQ2FydCAuaW52ZW50b3J5IHsKICBwYWRkaW5nOiA2cHggIWltcG9ydGFudDsKfQp0ZC5pbnZlbnRvcnkgZm9udCB7CiAgICBmb250LXNpemU6IDEwcHg7CiAgICBjb2xvcjogI2ZmYTJhMjsKfQp0ZC5pbnZlbnRvcnkgewogICAgd29yZC13cmFwOiBicmVhay13b3JkOwoJd2lkdGg6ODBweDsKfQovKiDjg6njgrjjgqrjg5zjgr/jg7MgKi8KLmludmVudG9yeSBpbnB1dCB7Cgl3aWR0aDogMTRweDsKCWhlaWdodDogMTRweDsKICAgIG1hcmdpbjogMTBweDsKfQoKCgovKiDjgYrmsJfjgavlhaXjgorllYblk4Hjg5zjgr/jg7MgKi8KI3Jha3V0ZW5MaW1pdGVkSWRfYXJvdW5kQ2FydCBkaXYuYmttIHsKCXdpZHRoOiAyNDBweCAhaW1wb3J0YW50OwoJaGVpZ2h0OiAyMjBweCAhaW1wb3J0YW50Owp9CiNyYWt1dGVuTGltaXRlZElkX2Fyb3VuZENhcnQgZGl2LmJvb2ttYXJrQXJlYSBkaXYuYmttIGEuYWRkQmttIHNwYW4uYmttU3RhciB7CglkaXNwbGF5OiBpbmxpbmUtYmxvY2sgIWltcG9ydGFudDsKCXdpZHRoOiAyNDBweCAhaW1wb3J0YW50OwoJaGVpZ2h0OiAyMjBweCAhaW1wb3J0YW50OwoJbWFyZ2luOiAwIDAgMTBweCAwICFpbXBvcnRhbnQ7CgliYWNrZ3JvdW5kOiB1cmwoJ2h0dHA6Ly9pbWFnZS5yYWt1dGVuLmNvLmpwL2tpbGFraWxhL2NhYmluZXQvY2FydC9rX2Zhdm9yaXRlLWl0ZW0uanBnJykgbm8tcmVwZWF0ICFpbXBvcnRhbnQ7Cn0KCgovKiDjgYrmsJfjgavlhaXjgorjgrfjg6fjg4Pjg5fjg5zjgr/jg7MgKi8KI3Jha3V0ZW5MaW1pdGVkSWRfYXJvdW5kQ2FydCBkaXYuc2hvcEJrbSB7Cgl3aWR0aDogMjQwcHggIWltcG9ydGFudDsKCWhlaWdodDogNDBweCAhaW1wb3J0YW50OwoJZmxvYXQ6IG5vbmUgIWltcG9ydGFudDsKCXBhZGRpbmctbGVmdDogMCAhaW1wb3J0YW50Owp9CiNyYWt1dGVuTGltaXRlZElkX2Fyb3VuZENhcnQgZGl2LnNob3BCb29rbWFya0FyZWEgZGl2LnNob3BCa20gYS5hZGRTaG9wQmttIHNwYW4uc2hvcEJrbVN0YXIgewoJZGlzcGxheTogaW5saW5lLWJsb2NrICFpbXBvcnRhbnQ7Cgl3aWR0aDogMjQwcHggIWltcG9ydGFudDsKCWhlaWdodDogNDBweCAhaW1wb3J0YW50OwoJbWFyZ2luLXJpZ2h0OiAwcHggIWltcG9ydGFudDsKCWJhY2tncm91bmQ6IHVybCgnaHR0cDovL2ltYWdlLnJha3V0ZW4uY28uanAva2lsYWtpbGEvY2FiaW5ldC9jYXJ0L2tfZmF2b3JpdGUtc2hvcC5qcGcnKSBuby1yZXBlYXQgIWltcG9ydGFudDsKfQoKCgo8L3N0eWxlPgoKPC9jZW50ZXI+,44CQa2lsYWtpbGEq44Kt44Op44Kt44Op44CR44Os44Kk44Oz44OW44O844OEIOOCreODg+OCuiDplbfpnbQg44K544OO44O844OW44O844OEIOmbqiDpmLLmsLQg44Of44OJ44OrIOOBi+OCj+OBhOOBhCDjg6njg5Djg7wg5aSn5Lq6IOmbqCDjg6zjgqTjg7Pjgrfjg6Xjg7zjgrog5a2Q44Gp44KCIOWtkOS+myDjgZPjganjgoIga2lkcyDjg5bjg6njg4Pjgq8g6buSIOOBiuOBl+OCg+OCjCDjg5Tjg7Pjgq8g44Kk44Ko44Ot44O8IOODluODq+ODvCDjg6zjg4fjgqPjg7zjgrnpnbTvvJrjg6zjg4fjgqPjg7zjgrnpnbTjga7lupcgc2hvcCBraWxha2lsYQ==,44G644Gf44KT44GT44CA44OR44Oz44OX44K544OK44Km44K344Kr44OW44O844OE44K344On44O844OI44OW44O844OE44OR44Oz44OX44K544K144Oz44OA44Or44OW44O844OE5pel5pys6KO944Op44Km44Oz44OJ44OI44Kl44OR44Oz44OX44K544OQ44Os44Ko44OR44Oz44OX44K544OQ44Os44Ko44K344Ol44O844K644Os44OH44Kj44O844K544CA6Z2044Os44OH44Kj44K544CA6Z2044Os44OH44Kj44O844K544CA44K344Ol44O844K65aWz5oCn6Z2044Km44Ko44OD44K444OR44Oz44OX44K55Y6a5bqV44OI44Os44OD44Kt44Oz44Kw44K344Ol44O844K644Kr44OM44O844K144Oz44OA44Or57WQ5ama5byPIOmdtCDjg6zjg4fjgqPjg7zjgrnjg5Hjg7zjg4bjgqPjgJBraWxha2lsYSrjgq3jg6njgq3jg6njgJHjg6zjgqTjg7Pjg5bjg7zjg4Qg44Kt44OD44K6IOmVt+mdtCDjgrnjg47jg7zjg5bjg7zjg4Qg6ZuqIOmYsuawtCDjg5/jg4njg6sg44GL44KP44GE44GEIOODqeODkOODvCDlpKfkurog6ZuoIOODrOOCpOODs+OCt+ODpeODvOOCuiDlrZDjganjgoIg5a2Q5L6bIOOBk+OBqeOCgiBraWRzIOODluODqeODg+OCryDpu5Ig44GK44GX44KD44KMIOODlOODs+OCryDjgqTjgqjjg63jg7wg44OW44Or44O8IOODrOODh+OCo+ODvOOCuemdtA==,NTQwMOWGhuS7peS4iuOBp+mAgeaWmeeEoeaWmeKYheOAguOAkGtpbGFraWxhKuOCreODqeOCreODqeOAkeODrOOCpOODs+ODluODvOODhCDjgq3jg4Pjgrog6ZW36Z20IOOCueODjuODvOODluODvOODhCDpm6og6Ziy5rC0IOODn+ODieODqyDjgYvjgo/jgYTjgYQg44Op44OQ44O8IOWkp+S6uiDpm6gg44Os44Kk44Oz44K344Ol44O844K6IOWtkOOBqeOCgiDlrZDkvpsg44GT44Gp44KCIGtpZHMg44OW44Op44OD44KvIOm7kiDjgYrjgZfjgoPjgowg44OU44Oz44KvIOOCpOOCqOODreODvCDjg5bjg6vjg7wg44Os44OH44Kj44O844K56Z20[rn]
30-32931,aHR0cDovL3RzaG9wLnIxMHMuanAva2lyZWlzcG90L2NhYmluZXQva3Uva3UzNjBfcDEwLmpwZz9maXRpbj03MDA6NzAw,MTY0MS42MDAw,,44Kt44OD44K644O744OZ44OT44O844O744Oe44K/44OL44OG44KjID4g44Kt44OD44K6ID4g6Z20ID4g6ZW36Z2044O744Os44Kk44Oz44K344Ol44O844K6,a3Vra2EgaGlwcG8g44Kv44OD44Kr44OS44OD44OdIOODrOOCpOODs+ODluODvOODhCAxNe+9njE5Y21b44GK44GX44KD44KM44Gq5a2Q5L6b55So6ZW36Z20IDE1Y23jg7sxN2Nt44O7MTljbSDjgrjjg6Xjg4vjgqLjg7vjgq3jg4PjgrrjgrXjgqTjgrog6Zuo44KE6Zuq44Gn44KC44GL44KP44GE44GE44OW44Op44Oz44OJ44Os44Kk44Oz44K344Ol44O844K6KOWtkOS+m+mdtCkg55S344Gu5a2Q5aWz44Gu5a2QXQ==,44CQ44Od44Kk44Oz44OIMTDlgI3jgJHjgJDnhKHmlpnjg6njg4Pjg5Tjg7PjgrDlr77lv5zlj6/jgJHjgYrjgZfjgoPjgozjgarplbfpnbQ=,PGRpdiBhbGlnbj0iY2VudGVyIj48aW1nIHNyYz0iaHR0cDovL2ltYWdlLnJha3V0ZW4uY28uanAvdXJ1emEvY2FiaW5ldC9rdS9rdTM2MF8xMC5qcGciIHdpZHRoPSI2NTAiIGhlaWdodD0iNzg4IiBib3JkZXI9IjAiPjxicj4KPGltZyBzcmM9Imh0dHA6Ly9pbWFnZS5yYWt1dGVuLmNvLmpwL3VydXphL2NhYmluZXQva3Uva3UzNjBfMTEuanBnIiB3aWR0aD0iNjUwIiBoZWlnaHQ9IjIzMSIgYm9yZGVyPSIwIj48YnI+CjxpbWcgc3JjPSJodHRwOi8vaW1hZ2UucmFrdXRlbi5jby5qcC91cnV6YS9jYWJpbmV0L2t1L2t1MzYwXzEyLmpwZyIgd2lkdGg9IjY1MCIgaGVpZ2h0PSIxMDE1IiBib3JkZXI9IjAiPjxicj4KPGltZyBzcmM9Imh0dHA6Ly9pbWFnZS5yYWt1dGVuLmNvLmpwL3VydXphL2NhYmluZXQva3Uva3UzNjBfMTMuanBnIiB3aWR0aD0iNjUwIiBoZWlnaHQ9IjEwNzciIGJvcmRlcj0iMCI+PGJyPgo8aW1nIHNyYz0iaHR0cDovL2ltYWdlLnJha3V0ZW4uY28uanAvdXJ1emEvY2FiaW5ldC9rdS9rdTM2MF8xNi5qcGciIHdpZHRoPSI2NTAiIGhlaWdodD0iYXV0byIgYm9yZGVyPSIwIj48YnI+CjxpbWcgc3JjPSJodHRwOi8vaW1hZ2UucmFrdXRlbi5jby5qcC91cnV6YS9jYWJpbmV0L2t1L2t1MzYwXzE0LmpwZyIgd2lkdGg9IjY1MCIgaGVpZ2h0PSI5MDIiIGJvcmRlcj0iMCI+PGJyPgo8aW1nIHNyYz0iaHR0cDovL2ltYWdlLnJha3V0ZW4uY28uanAvdXJ1emEvY2FiaW5ldC9rdS9rdTM1N18xNi5qcGciIHdpZHRoPSI2NTAiIGhlaWdodD0iNjEwIiBib3JkZXI9IjAiPjxicj4KPElNRyBzcmM9Imh0dHA6Ly9pbWFnZS5yYWt1dGVuLmNvLmpwL2tpcmVpc3BvdC9jYWJpbmV0L2t5b3R1dS9zb3phaS9zcGVjMS5naWYiIHdpZHRoPSI2NTAiIGhlaWdodD0iNDUiIGJvcmRlcj0iMCI+PEJSPgo8VEFCTEUgYm9yZGVyPSIwIiB3aWR0aD0iNjUwIiBjZWxsc3BhY2luZz0iNSIgY2VsbHBhZGRpbmc9IjUiPgogIDxUQk9EWT4KICAgIDxUUj4KICAgICAgPFREIHdpZHRoPSI3MCIgYmdjb2xvcj0iI2VmZWZlZiIgYWxpZ249ImxlZnQiPjxzcGFuIHN0eWxlPSJsaW5lLWhlaWdodDoyMnB4Ij48Rk9OVCBjb2xvcj0iIzU4NTg1OCIgc2l6ZT0iMiI+5ZWG5ZOB5ZCNPC9GT05UPjwvc3Bhbj48L1REPgogICAgICA8VEQgYWxpZ249ImxlZnQiPjxzcGFuIHN0eWxlPSJsaW5lLWhlaWdodDoyMnB4Ij48Rk9OVCBjb2xvcj0iIzU4NTg1OCIgc2l6ZT0iMiI+a3Vra2EgaGlwcG8g44Kv44OD44Kr44OS44OD44OdIOODrOOCpOODs+ODluODvOODhCAxNe+9njE5Y208L0ZPTlQ+PC9zcGFuPjwvVEQ+CiAgICA8L1RSPgogICAgPFRSPgogICAgICA8VEQgd2lkdGg9IjcwIiBiZ2NvbG9yPSIjZWZlZmVmIiBhbGlnbj0ibGVmdCI+PHNwYW4gc3R5bGU9ImxpbmUtaGVpZ2h0OjIycHgiPjxGT05UIGNvbG9yPSIjNTg1ODU4IiBzaXplPSIyIj7lnovnlaovSkFOPC9GT05UPjwvc3Bhbj48L1REPgogICAgICA8VEQgYWxpZ249ImxlZnQiPjxhIGhyZWY9Imh0dHA6Ly9pbWFnZS5yYWt1dGVuLmNvLmpwL3VydXphL2NhYmluZXQva3Uva3UzNjBfMTUuanBnIj48aW1nIHNyYz0iaHR0cDovL2ltYWdlLnJha3V0ZW4uY28uanAvdXJ1emEvY2FiaW5ldC9rdS9rdTM2MF8xNS5qcGciIHdpZHRoPSI1MDAiIGhlaWdodD0iNDA2IiBib3JkZXI9IjAiPjxicj4KICAgICAgPGJyPgogICAgICA8L2E+PHNwYW4gc3R5bGU9ImxpbmUtaGVpZ2h0OjIycHgiPjxmb250IGNvbG9yPSIjNTg1ODU4IiBzaXplPSIyIj7jgaHjgofjgYbjgaHjgofvvJoxNWNt44CQODMxOTTjgJHjgIExN2Nt44CQODMxOTXjgJHjgIExOWNt44CQODMxOTbjgJE8YnI+CiAgICAgIOOBiuOBleOBi+OBqu+8mjE1Y23jgJA4MzE5MeOAkeOAgTE3Y23jgJA4MzE5MuOAkeOAgTE5Y23jgJA4MzE5M+OAkTwvZm9udD48L3NwYW4+PC9URD4KICAgIDwvVFI+CiAgICA8VFI+CiAgICAgIDxURCB3aWR0aD0iNzAiIGJnY29sb3I9IiNlZmVmZWYiIGFsaWduPSJsZWZ0Ij48c3BhbiBzdHlsZT0ibGluZS1oZWlnaHQ6MjJweCI+PEZPTlQgY29sb3I9IiM1ODU4NTgiIHNpemU9IjIiPuOCteOCpOOCuu+8iOe0hO+8iTwvRk9OVD48L3NwYW4+PC9URD4KICAgICAgPFREIGFsaWduPSJsZWZ0Ij48c3BhbiBzdHlsZT0ibGluZS1oZWlnaHQ6MjJweCI+PEZPTlQgY29sb3I9IiM1ODU4NTgiIHNpemU9IjIiPjE1Y23jg7sxN2Nt44O7MTljbTwvRk9OVD48L3NwYW4+PC9URD4KICAgIDwvVFI+CiAgICA8VFI+CiAgICAgIDxURCB3aWR0aD0iNzAiIGJnY29sb3I9IiNlZmVmZWYiIGFsaWduPSJsZWZ0Ij48c3BhbiBzdHlsZT0ibGluZS1oZWlnaHQ6MjJweCI+PEZPTlQgY29sb3I9IiM1ODU4NTgiIHNpemU9IjIiPue0oOadkDwvRk9OVD48L3NwYW4+PC9URD4KICAgICAgPFREIGFsaWduPSJsZWZ0Ij48c3BhbiBzdHlsZT0ibGluZS1oZWlnaHQ6MjJweCI+PEZPTlQgY29sb3I9IiM1ODU4NTgiIHNpemU9IjIiPuWhqeWMluODk+ODi+ODq+aoueiEgjwvRk9OVD48L3NwYW4+PC9URD4KICAgIDwvVFI+CiAgICA8VFI+CiAgICAgIDxURCB3aWR0aD0iNzAiIGJnY29sb3I9IiNlZmVmZWYiIGFsaWduPSJsZWZ0Ij48c3BhbiBzdHlsZT0ibGluZS1oZWlnaHQ6MjJweCI+PEZPTlQgY29sb3I9IiM1ODU4NTgiIHNpemU9IjIiPuazqOaEjzwvRk9OVD48L3NwYW4+PC9URD4KICAgICAgPFREIGFsaWduPSJsZWZ0Ij48c3BhbiBzdHlsZT0ibGluZS1oZWlnaHQ6MjJweCI+PEZPTlQgY29sb3I9IiM1ODU4NTgiIHNpemU9IjIiPuKAu+ODh+OCo+OCueODl+ODrOOCpOOBrueSsOWig+S4iuOAgeWun+mam+OBruOCq+ODqeODvOOBjOWGjeePvuOBp+OBjeOBquOBhOWgtOWQiOOBjOOBlOOBluOBhOOBvuOBmeOAgjwvRk9OVD48L3NwYW4+PC9URD4KICAgIDwvVFI+CiAgICA8VFI+CiAgICAgIDx0ZCBhbGlnbj0icmlnaHQiIGNvbHNwYW49IjIiPgogICAgICA8dGFibGUgYm9yZGVyPSIwIiBjZWxsc3BhY2luZz0iMCIgY2VsbHBhZGRpbmc9IjAiIGNsYXNzPSJleF9saXN0Ij4KICAgICAgICA8dGJvZHk+CiAgICAgICAgICA8dHI+CiAgICAgICAgICAgIDx0ZCBhbGlnbj0icmlnaHQiPjxpbWcgc3JjPSJodHRwOi8vaW1hZ2UucmFrdXRlbi5jby5qcC9raXJlaXNwb3QvY2FiaW5ldC9reW90dXUvc296YWkvZGVzaWduZXIwMy5naWYiIHdpZHRoPSIzMyIgaGVpZ2h0PSIyNiIgYm9yZGVyPSIwIj48L3RkPgogICAgICAgICAgICA8dGQgYWxpZ249ImxlZnQiPjxmb250IHNpemU9IjIiPjxhIGhyZWY9Imh0dHA6Ly9zZWFyY2gucmFrdXRlbi5jby5qcC9zZWFyY2gvaW5zaG9wLW1hbGwvJUUzJTgyJUFGJUUzJTgzJTgzJUUzJTgyJUFCJUUzJTgzJTkyJUUzJTgzJTgzJUUzJTgzJTlELy0vc2lkLjIxMjkxMy1zdC5BP3g9MCI+44COa3Vra2EgaGlwcG8g44Kv44OD44Kr44OS44OD44Od44CP5ZWG5ZOB5LiA6Kan44Gv44GT44Gh44KJ44GL44KJPC9hPjwvZm9udD48L3RkPgogICAgICAgICAgPC90cj4KICAgICAgICAgIDx0cj4KICAgICAgICAgICAgPHRkIGFsaWduPSJyaWdodCI+PGltZyBzcmM9Imh0dHA6Ly9pbWFnZS5yYWt1dGVuLmNvLmpwL2tpcmVpc3BvdC9jYWJpbmV0L2t5b3R1dS9zb3phaS9kZXNpZ25lcjAzLmdpZiIgd2lkdGg9IjMzIiBoZWlnaHQ9IjI2IiBib3JkZXI9IjAiPjwvdGQ+CiAgICAgICAgICAgIDx0ZCBhbGlnbj0icmlnaHQiPjxmb250IHNpemU9IjIiPjxhIGhyZWY9Imh0dHA6Ly9zZWFyY2gucmFrdXRlbi5jby5qcC9zZWFyY2gvaW5zaG9wLW1hbGwvJUUzJTgyJUFGJUUzJTgzJTgzJUUzJTgyJUFCJUUzJTgzJTkyJUUzJTgzJTgzJUUzJTgzJTlEKyVFMyU4MyU4NyVFMyU4MiVBMyVFMyU4MiVCQSVFMyU4MyU4QiVFMyU4MyVCQy8tL3NpZC4yMTI5MTMtc3QuQT94PTkiPuOAjmt1a2thIGhpcHBvIOOCr+ODg+OCq+ODkuODg+ODnSDjg4fjgqPjgrrjg4vjg7zjgI/llYblk4HkuIDopqfjga/jgZPjgaHjgonjgYvjgok8L2E+PC9mb250PjwvdGQ+CiAgICAgICAgICA8L3RyPgogICAgICAgIDwvdGJvZHk+CiAgICAgIDwvdGFibGU+CiAgICAgIDwvdGQ+CiAgICA8L1RSPgogIDwvVEJPRFk+CjwvVEFCTEU+Cjxicj4KPEJSPgo8aW1nIHNyYz0iaHR0cDovL2ltYWdlLnJha3V0ZW4uY28uanAvdXJ1emEvY2FiaW5ldC9rdS9rdTM1NV8xNi5qcGciIHdpZHRoPSI2NTAiIGhlaWdodD0iNTg2IiBib3JkZXI9IjAiPjxCUj4KPFRBQkxFIGJvcmRlcj0iMCIgd2lkdGg9IjY1MCIgY2VsbHNwYWNpbmc9IjEiIGNlbGxwYWRkaW5nPSIxNSIgYmdjb2xvcj0iI2U1ZjdmYiI+CiAgPFRCT0RZPgogICAgPFRSPgogICAgICA8VEQgYmdjb2xvcj0iI2U1ZjdmYiIgYWxpZ249InJpZ2h0Ij4KICAgICAgPFRBQkxFIGJvcmRlcj0iMCIgd2lkdGg9IjYxOCIgY2VsbHNwYWNpbmc9IjAiIGNlbGxwYWRkaW5nPSIwIiBjbGFzcz0iZXhfbGlzdCI+CiAgICAgICAgPFRCT0RZPgogICAgICAgICAgPFRSPgogICAgICAgICAgICA8VEQgd2lkdGg9IjE1MCIgaGVpZ2h0PSIxNTMiIHZhbGlnbj0idG9wIiBhbGlnbj0iY2VudGVyIj48aW1nIHNyYz0iaHR0cDovL2ltYWdlLnJha3V0ZW4uY28uanAvdXJ1emEvY2FiaW5ldC9rdS9rdTM1NS5qcGciIHdpZHRoPSIxNTAiIGhlaWdodD0iMTUwIiBib3JkZXI9IjAiPjwvVEQ+CiAgICAgICAgICAgIDxURCB3aWR0aD0iNiIgaGVpZ2h0PSIxNTMiIHZhbGlnbj0idG9wIiBhbGlnbj0iY2VudGVyIj48L1REPgogICAgICAgICAgICA8VEQgd2lkdGg9IjE1MCIgaGVpZ2h0PSIxNTMiIHZhbGlnbj0idG9wIiBhbGlnbj0iY2VudGVyIj48aW1nIHNyYz0iaHR0cDovL2ltYWdlLnJha3V0ZW4uY28uanAvdXJ1emEvY2FiaW5ldC9rdS9rdTM1Ni5qcGciIHdpZHRoPSIxNTAiIGhlaWdodD0iMTUwIiBib3JkZXI9IjAiPjwvVEQ+CiAgICAgICAgICAgIDxURCB3aWR0aD0iNiIgaGVpZ2h0PSIxNTMiIHZhbGlnbj0idG9wIiBhbGlnbj0iY2VudGVyIj48L1REPgogICAgICAgICAgICA8VEQgd2lkdGg9IjE1MCIgaGVpZ2h0PSIxNTMiIHZhbGlnbj0idG9wIiBhbGlnbj0iY2VudGVyIj48aW1nIHNyYz0iaHR0cDovL2ltYWdlLnJha3V0ZW4uY28uanAvdXJ1emEvY2FiaW5ldC9rdS9rdTM1Ny5qcGciIHdpZHRoPSIxNTAiIGhlaWdodD0iMTUwIiBib3JkZXI9IjAiPjwvVEQ+CiAgICAgICAgICAgIDxURCB3aWR0aD0iNiIgaGVpZ2h0PSIxNTMiIHZhbGlnbj0idG9wIiBhbGlnbj0iY2VudGVyIj48L1REPgogICAgICAgICAgICA8VEQgd2lkdGg9IjE1MCIgaGVpZ2h0PSIxNTMiIHZhbGlnbj0idG9wIiBhbGlnbj0iY2VudGVyIj48aW1nIHNyYz0iaHR0cDovL2ltYWdlLnJha3V0ZW4uY28uanAvdXJ1emEvY2FiaW5ldC9rdS9rdTM1OC5qcGciIHdpZHRoPSIxNTAiIGhlaWdodD0iMTUwIiBib3JkZXI9IjAiPjwvVEQ+CiAgICAgICAgICA8L1RSPgogICAgICAgICAgPFRSPgogICAgICAgICAgICA8VEQgd2lkdGg9IjE1MCIgYWxpZ249ImNlbnRlciIgdmFsaWduPSJ0b3AiPjxGT05UIHNpemU9IjIiPjxBIGhyZWY9Imh0dHA6Ly9pdGVtLnJha3V0ZW4uY28uanAva2lyZWlzcG90L2t1MzU1Ij7lronlhajmiYvplovjgY3lvI/jgYvjgZU8YnI+CiAgICAgICAgICAgIDQw772eNTBjbTwvQT48L0ZPTlQ+PC9URD4KICAgICAgICAgICAgPFREIHdpZHRoPSI2IiBhbGlnbj0iY2VudGVyIiB2YWxpZ249InRvcCI+PC9URD4KICAgICAgICAgICAgPFREIHdpZHRoPSIxNTAiIGFsaWduPSJjZW50ZXIiIHZhbGlnbj0idG9wIj48Zm9udCBzaXplPSIyIj48YSBocmVmPSJodHRwOi8vaXRlbS5yYWt1dGVuLmNvLmpwL2tpcmVpc3BvdC9rdTM1NiI+44K444Oj44Oz44OX5byP44GL44GVNTVjbTwvYT48L2ZvbnQ+PC9URD4KICAgICAgICAgICAgPFREIHdpZHRoPSI2IiBhbGlnbj0iY2VudGVyIiB2YWxpZ249InRvcCI+PC9URD4KICAgICAgICAgICAgPFREIHdpZHRoPSIxNTAiIGFsaWduPSJjZW50ZXIiIHZhbGlnbj0idG9wIj48Zm9udCBzaXplPSIyIj48YSBocmVmPSJodHRwOi8vaXRlbS5yYWt1dGVuLmNvLmpwL2tpcmVpc3BvdC9rdTM1NyI+44Os44Kk44Oz44Od44Oz44OB44OnPC9hPjwvZm9udD48L1REPgogICAgICAgICAgICA8VEQgd2lkdGg9IjYiIGFsaWduPSJjZW50ZXIiIHZhbGlnbj0idG9wIj48L1REPgogICAgICAgICAgICA8VEQgd2lkdGg9IjE1MCIgYWxpZ249ImNlbnRlciIgdmFsaWduPSJ0b3AiPjxmb250IHNpemU9IjIiPjxhIGhyZWY9Imh0dHA6Ly9pdGVtLnJha3V0ZW4uY28uanAva2lyZWlzcG90L2t1MzU4Ij7jg6zjgqTjg7PjgrPjg7zjg4g8L2E+PC9mb250PjwvVEQ+CiAgICAgICAgICA8L1RSPgogICAgICAgICAgPFRSPgogICAgICAgICAgICA8VEQgd2lkdGg9IjE1MCIgdmFsaWduPSJ0b3AiIGFsaWduPSJjZW50ZXIiIGhlaWdodD0iMTAiPjwvVEQ+CiAgICAgICAgICAgIDxURCB3aWR0aD0iNiIgdmFsaWduPSJ0b3AiIGFsaWduPSJjZW50ZXIiIGhlaWdodD0iMTAiPjwvVEQ+CiAgICAgICAgICAgIDxURCB3aWR0aD0iMTUwIiB2YWxpZ249InRvcCIgYWxpZ249ImNlbnRlciIgaGVpZ2h0PSIxMCI+PC9URD4KICAgICAgICAgICAgPFREIHdpZHRoPSI2IiB2YWxpZ249InRvcCIgYWxpZ249ImNlbnRlciIgaGVpZ2h0PSIxMCI+PC9URD4KICAgICAgICAgICAgPFREIHdpZHRoPSIxNTAiIHZhbGlnbj0idG9wIiBhbGlnbj0iY2VudGVyIiBoZWlnaHQ9IjEwIj48L1REPgogICAgICAgICAgICA8VEQgd2lkdGg9IjYiIHZhbGlnbj0idG9wIiBhbGlnbj0iY2VudGVyIiBoZWlnaHQ9IjEwIj48L1REPgogICAgICAgICAgICA8VEQgd2lkdGg9IjE1MCIgdmFsaWduPSJ0b3AiIGFsaWduPSJjZW50ZXIiIGhlaWdodD0iMTAiPjwvVEQ+CiAgICAgICAgICA8L1RSPgogICAgICAgICAgPFRSPgogICAgICAgICAgICA8VEQgd2lkdGg9IjE1MCIgaGVpZ2h0PSIxNTMiIHZhbGlnbj0idG9wIiBhbGlnbj0iY2VudGVyIj48aW1nIHNyYz0iaHR0cDovL2ltYWdlLnJha3V0ZW4uY28uanAvdXJ1emEvY2FiaW5ldC9rdS9rdTM1OS5qcGciIHdpZHRoPSIxNTAiIGhlaWdodD0iMTUwIiBib3JkZXI9IjAiPjwvVEQ+CiAgICAgICAgICAgIDxURCB3aWR0aD0iNiIgaGVpZ2h0PSIxNTMiIHZhbGlnbj0idG9wIiBhbGlnbj0iY2VudGVyIj48L1REPgogICAgICAgICAgICA8VEQgd2lkdGg9IjE1MCIgaGVpZ2h0PSIxNTMiIHZhbGlnbj0idG9wIiBhbGlnbj0iY2VudGVyIj48L1REPgogICAgICAgICAgICA8VEQgd2lkdGg9IjYiIGhlaWdodD0iMTUzIiB2YWxpZ249InRvcCIgYWxpZ249ImNlbnRlciI+PC9URD4KICAgICAgICAgICAgPFREIHdpZHRoPSIxNTAiIGhlaWdodD0iMTUzIiB2YWxpZ249InRvcCIgYWxpZ249ImNlbnRlciI+PC9URD4KICAgICAgICAgICAgPFREIHdpZHRoPSI2IiBoZWlnaHQ9IjE1MyIgdmFsaWduPSJ0b3AiIGFsaWduPSJjZW50ZXIiPjwvVEQ+CiAgICAgICAgICAgIDxURCB3aWR0aD0iMTUwIiBoZWlnaHQ9IjE1MyIgdmFsaWduPSJ0b3AiIGFsaWduPSJjZW50ZXIiPjwvVEQ+CiAgICAgICAgICA8L1RSPgogICAgICAgICAgPFRSPgogICAgICAgICAgICA8VEQgd2lkdGg9IjE1MCIgYWxpZ249ImNlbnRlciIgdmFsaWduPSJ0b3AiPjxGT05UIHNpemU9IjIiPjxhIGhyZWY9Imh0dHA6Ly9pdGVtLnJha3V0ZW4uY28uanAva2lyZWlzcG90L2t1MzU5Ij7jg5fjg6zjgqTjgqbjgqfjgqI8L2E+PC9GT05UPjwvVEQ+CiAgICAgICAgICAgIDxURCB3aWR0aD0iNiIgYWxpZ249ImNlbnRlciIgdmFsaWduPSJ0b3AiPjwvVEQ+CiAgICAgICAgICAgIDxURCB3aWR0aD0iMTUwIiBhbGlnbj0iY2VudGVyIiB2YWxpZ249InRvcCI+PC9URD4KICAgICAgICAgICAgPFREIHdpZHRoPSI2IiBhbGlnbj0iY2VudGVyIiB2YWxpZ249InRvcCI+PC9URD4KICAgICAgICAgICAgPFREIHdpZHRoPSIxNTAiIGFsaWduPSJjZW50ZXIiIHZhbGlnbj0idG9wIj48L1REPgogICAgICAgICAgICA8VEQgd2lkdGg9IjYiIGFsaWduPSJjZW50ZXIiIHZhbGlnbj0idG9wIj48L1REPgogICAgICAgICAgICA8VEQgd2lkdGg9IjE1MCIgYWxpZ249ImNlbnRlciIgdmFsaWduPSJ0b3AiPjwvVEQ+CiAgICAgICAgICA8L1RSPgogICAgICAgIDwvVEJPRFk+CiAgICAgIDwvVEFCTEU+CiAgICAgIDwvVEQ+CiAgICA8L1RSPgogIDwvVEJPRFk+CjwvVEFCTEU+Cjxicj48YnI+PGJyPgo8aW1nIHNyYz0iaHR0cDovL2ltYWdlLnJha3V0ZW4uY28uanAva2lyZWlzcG90L2NhYmluZXQva3lvdHV1L3NvemFpL3JlY29tbWVuZC5qcGciIHdpZHRoPSI2NTAiIGhlaWdodD0iNDUiIGJvcmRlcj0iMCI+PEJSPgo8YSBocmVmPSJodHRwOi8vc2VhcmNoLnJha3V0ZW4uY28uanAvc2VhcmNoL2luc2hvcC1tYWxsP2Y9MSZ2PTImc2lkPTIxMjkxMyZ1d2Q9MSZzPTEmcD0xJnNpdGVtPSVFMyU4MyU5MyVFMyU4MiVCMyVFMyU4MyVCQyVFMyU4MiVCQSZzdD1BJm5pdGVtPSZtaW49Jm1heD0iIHRhcmdldD0iX2JsYW5rIj48aW1nIHNyYz0iaHR0cDovL2ltYWdlLnJha3V0ZW4uY28uanAvdXJ1emEvY2FiaW5ldC9oaS9oaTYwM19iYW5hLW1hbWEuanBnIiB3aWR0aD0iNjUwIiBoZWlnaHQ9ImF1dG8iIGJvcmRlcj0iMCI+PC9hPjxicj48YnI+CjxhIGhyZWY9Imh0dHA6Ly9pdGVtLnJha3V0ZW4uY28uanAva2lyZWlzcG90L3JpMjI4LyI+PGltZyBzcmM9Imh0dHA6Ly9pbWFnZS5yYWt1dGVuLmNvLmpwL3VydXphL2NhYmluZXQvcmkvcmkyMjhfMTcuanBnIiB3aWR0aD0iNjUwIiBoZWlnaHQ9ImF1dG8iIGJvcmRlcj0iMCI+PC9hPgo8YnI+PGJyPjxicj4KPGJyPgo8VEFCTEUgYm9yZGVyPSIwIiB3aWR0aD0iNjUwIiBjZWxsc3BhY2luZz0iMCIgY2VsbHBhZGRpbmc9IjAiPgogIDxUQk9EWT4KICAgIDxUUj4KICAgICAgPFREIGFsaWduPSJsZWZ0Ij4KICAgICAgPFRBQkxFIGJvcmRlcj0iMCIgY2VsbHNwYWNpbmc9IjAiIGNlbGxwYWRkaW5nPSIwIj4KICAgICAgICA8VEJPRFk+CiAgICAgICAgICA8VFI+CiAgICAgICAgICAgIDxURCBhbGlnbj0ibGVmdCIgY29sc3Bhbj0iNyI+PHNwYW4gc3R5bGU9ImxldHRlci1zcGFjaW5nOjJweDsiPjxGT05UIGNvbG9yPSIjNTg1ODU4IiBzaXplPSIxIj7ilrzjgZTms6jmlofliY3jgavlv4XjgZrjgZTnorroqo3kuIvjgZXjgYTjgILoqbPntLDjga/jgqLjgqTjgrPjg7PjgpLjgq/jg6rjg4Pjgq/vvIE8L0ZPTlQ+PC9zcGFuPjwvVEQ+CiAgICAgICAgICA8L1RSPgogICAgICAgICAgPFRSPgogICAgICAgICAgICA8VEQgd2lkdGg9IjY1IiBoZWlnaHQ9IjY1IiBhbGlnbj0iY2VudGVyIj48YSBocmVmPSJodHRwOi8vd3d3LnJha3V0ZW4ubmUuanAvZ29sZC9raXJlaXNwb3QvZ3VpZGUvZ3VpZGVfMDYuaHRtbCIgdGFyZ2V0PSJndWlkZSI+PGltZyBzcmM9Imh0dHA6Ly9pbWFnZS5yYWt1dGVuLmNvLmpwL2tpcmVpc3BvdC9jYWJpbmV0L2t5b3R1dS9pY29uL2ljb24wNi5naWYiIHdpZHRoPSI2MCIgaGVpZ2h0PSI2MCIgYm9yZGVyPSIwIj48L2E+PC9URD4KICAgICAgICAgICAgPFREIHdpZHRoPSI2NSIgaGVpZ2h0PSI2NSIgYWxpZ249ImNlbnRlciI+PC9URD4KICAgICAgICAgICAgPFREIHdpZHRoPSI2NSIgaGVpZ2h0PSI2NSIgYWxpZ249ImNlbnRlciI+PC9URD4KICAgICAgICAgICAgPFREIHdpZHRoPSI2NSIgaGVpZ2h0PSI2NSIgYWxpZ249ImNlbnRlciI+PC9URD4KICAgICAgICAgICAgPFREIHdpZHRoPSI2NSIgaGVpZ2h0PSI2NSIgYWxpZ249ImNlbnRlciI+PC9URD4KICAgICAgICAgICAgPFREIHdpZHRoPSI2NSIgaGVpZ2h0PSI2NSIgYWxpZ249ImNlbnRlciI+PC9URD4KICAgICAgICAgICAgPFREIHdpZHRoPSI2NSIgaGVpZ2h0PSI2NSIgYWxpZ249ImNlbnRlciI+PC9URD4KICAgICAgICAgIDwvVFI+CiAgICAgICAgPC9UQk9EWT4KICAgICAgPC9UQUJMRT4KICAgICAgPC9URD4KICAgICAgPFREIGFsaWduPSJjZW50ZXIiIHdpZHRoPSIxNTAiIHZhbGlnbj0iYm90dG9tIj48SU1HIHNyYz0iaHR0cDovL2ltYWdlLnJha3V0ZW4uY28uanAva2lyZWlzcG90L2NhYmluZXQva3lvdHV1L2ljb24vaWNvbjEzLmdpZiIgd2lkdGg9IjEyMCIgaGVpZ2h0PSI2MCIgYm9yZGVyPSIwIj48L1REPgogICAgPC9UUj4KICA8L1RCT0RZPgo8L1RBQkxFPgo8SUZSQU1FIHNyYz0iaHR0cDovL3d3dy5yYWt1dGVuLm5lLmpwL2dvbGQva2lyZWlzcG90L2d1aWRlL2d1aWRlXzA2Lmh0bWwiIG5hbWU9Imd1aWRlIiB3aWR0aD0iNjUwIiBoZWlnaHQ9IjM1MCIgc2Nyb2xsaW5nPSJubyIgZnJhbWVib3JkZXI9IjAiIG1hcmdpbndpZHRoPSIwIiBtYXJnaW5oZWlnaHQ9IjAiPgo8L0lGUkFNRT4KPEJSPjxCUj48VEFCTEUgY2xhc3M9InRhYmxlMSIgd2lkdGg9IjMxNSIgY2VsbHNwYWNpbmc9IjEiIGJnY29sb3I9IiNjY2NjY2MiIGNlbGxwYWRkaW5nPSIwIiBib3JkZXI9IjAiPgogIDxUQk9EWT4KICAgIDxUUj4KICAgICAgPFREIGFsaWduPSJjZW50ZXIiIGJnY29sb3I9IiNmZmZmZmYiPjxJTUcgc3JjPSJodHRwOi8vaW1hZ2UucmFrdXRlbi5jby5qcC9raXJlaXNwb3QvY2FiaW5ldC9reW90dXUvc296YWkvc3BlYzIuZ2lmIiB3aWR0aD0iMzE1IiBoZWlnaHQ9IjM0IiBib3JkZXI9IjAiPjxCUj4KICAgICAgPFRBQkxFIGNlbGxzcGFjaW5nPSIwIiBjZWxscGFkZGluZz0iMCIgYm9yZGVyPSIwIiB3aWR0aD0iMjg1Ij4KPHRyPgogICAgICAgICAgICA8VEQgY29sc3Bhbj0iMiIgYWxpZ249ImxlZnQiPgogICAgICAgICAgICA8aDIgY2xhc3M9Im1pZGFzaGkiPmt1a2thIGhpcHBvIOOCr+ODg+OCq+ODkuODg+ODnSDjg6zjgqTjg7Pjg5bjg7zjg4QgMTXvvZ4xOWNt44Gu6Kej6KqsPC9oMj4KICAgICAgICAgIOWkp+S6uuOBi+OCieimi+OBpuOCguOAgeWtkOS+m+OBi+OCieimi+OBpuOCguOAgeOBi+OCj+OBhOOBhO+8geODrOOCpOODs+OCsOODg+OCuuODluODqeODs+ODieOAjGt1a2thIGhpcHBv44CN44Gu44Os44Kk44Oz44OW44O844OE44CCPGJyPgogICAgICAgICAgPGJyPgogICAgICAgICAg44GK44GX44KD44KM44Gn44GL44KP44GE44GE44Gg44GR44GY44KD44Gq44GE44CB5qmf6IO96Z2i44KC5YWF5a6f77yBPGJyPgogICAgICAgICAgPGJyPgogICAgICAgICAgW1BvaW50MV3lt6blj7PjgYzjgo/jgYvjgorjgoTjgZnjgYToibLpgZXjgYTjga7jgr/jg5bku5jjgY08YnI+CiAgICAgICAgICBbUG9pbnQyXeS4reaVt+S7mOOBjeOBp+OAgeS4reaVt+OBq+OCguW3puWPs+mBleOBhOOBruWNsOWIt+OBjOOBguOCiuOBvuOBmTxicj4KICAgICAgICAgIDxicj4KICAgICAgICAgIEJyYW5k77ya44CQa3Vra2EgaGlwcG/vvIjjgq/jg4Pjgqvjg5Ljg4Pjg53vvInjgJE8YnI+CiAgICAgICAgICDjg5XjgqPjg7Pjg6njg7Pjg4njgadrdWtrYeOBr+OAjOiKseOAjWhpcHBv44Gv44CM44Kr44OQ44CN44KS5oSP5ZGz44GX44Gm44GE44G+44GZ44CCPGJyPgogICAgICAgICAg6Imy44Go44KK44Gp44KK5ZKy44GP6Iqx44Gu44KI44GG44Gq6Imy5b2p44Gn6Zuo44Gu5pel44GM44KI44KK5qW944GX44GP44Gq44KL44KI44GG44Gr4oCmPGJyPgogICAgICAgICAg44CM44Kr44OQ5Y2w44Gu5YKY44Kr44OQ44O844CN44GL44KJ5aeL44G+44Gj44Gf5Ym15qWtODDlubTjga7lgpjjg6Hjg7zjgqvjg7zjgYzkvZzjgaPjgZ/jgqrjg6rjgrjjg4rjg6vjga7jg6zjgqTjg7PjgrDjg4Pjgrrjg5bjg6njg7Pjg4njgafjgZnjgII8YnI+CiAgICAgICAgICDjgYLjgZ3jgbPjgrTjgrPjg63jga7jgYLjgovjg4fjgrbjgqTjg7PjgIHjgYTjgo3jgrTjgrPjg63jga7jgYLjgovoibLlvanjgIHjgZ3jgZfjgablrZDkvpvjgZ/jgaHjgavjgb7jgZTjgZPjgo3jgpLjgII8YnI+CiAgICAgICAgICDjgZ3jgpPjgarmg7PjgYTjgpLovrzjgoHjgZ/jg6zjgqTjg7PjgrDjg4PjgrrjgpLnm67mjIfjgZfjgabjgYTjgb7jgZnjgII8YnI+CiAgICAgICAgICA8YnI+CiAgICAgICAgICDmn4TjgYzlkITjgqLjgqTjg4bjg6DjgYrmj4PjgYTjgavjgarjgaPjgabjgYTjgovjga7jgafjgIHlgpjvvZ7jg6zjgqTjg7PjgqbjgqfjgqLvvZ7jg6zjgqTjg7Pjg5bjg7zjg4Tjga7jg4jjg7zjgr/jg6vjgrPjg7zjg4fjgqPjg43jg7zjg4jjgYzjgYrjgZnjgZnjgoHjgafjgZnjgII8YnI+CiAgICAgICAgICDlhYTlvJ/lp4nlprnjgoTjgYrlj4vpgZTjgajjgYrmj4PjgYTjgafjgoLjgajjgaPjgabjgoLlj6/mhJvjgYTvvIE8YnI+CiAgICAgICAgICA8QlI+CiAgICAgICAgICAgIDxoMiBjbGFzcz0ibWlkYXNoaSI+a3Vra2EgaGlwcG8g44Kv44OD44Kr44OS44OD44OdIOODrOOCpOODs+ODluODvOODhCAxNe+9njE5Y23jga7oqbPntLA8L2gyPjwvVEQ+CiAgICAgICAgICA8L3RyPgogICAgICAgICAgPFRSPgogICAgICAgICAgICA8VEQgd2lkdGg9IjgwIiB2YWxpZ249InRvcCIgYWxpZ249ImxlZnQiPuWVhuWTgeWQje+8mjwvVEQ+CiAgICAgICAgICAgIDxURCB2YWxpZ249InRvcCIgd2lkdGg9IjIwNSIgYWxpZ249ImxlZnQiPmt1a2thIGhpcHBvIOOCr+ODg+OCq+ODkuODg+ODnSDjg6zjgqTjg7Pjg5bjg7zjg4QgMTXvvZ4xOWNtPC9URD4KICAgICAgICAgIDwvVFI+PFRSPgogICAgICAgICAgPHRkIHZhbGlnbj0idG9wIiBhbGlnbj0ibGVmdCIgd2lkdGg9IjgwIj7oqqzmmI7vvJo8L3RkPgogICAgICAgICAgPHRkIHZhbGlnbj0idG9wIiBhbGlnbj0ibGVmdCI+44GK44GX44KD44KM44Gq5a2Q5L6b55So6ZW36Z20IDE1Y23jg7sxN2Nt44O7MTljbSDjgrjjg6Xjg4vjgqLjg7vjgq3jg4PjgrrjgrXjgqTjgrog6Zuo44KE6Zuq44Gn44KC44GL44KP44GE44GE44OW44Op44Oz44OJ44Os44Kk44Oz44K344Ol44O844K6KOWtkOS+m+mdtCkg55S344Gu5a2Q5aWz44Gu5a2QPC90ZD4KICAgICAgICA8L1RSPjxUUj4KICAgICAgICAgIDx0ZCB2YWxpZ249InRvcCIgYWxpZ249ImxlZnQiIHdpZHRoPSI4MCI+44Kr44OG44K044Oq44O877yaPC90ZD4KICAgICAgICAgIDx0ZCB2YWxpZ249InRvcCIgYWxpZ249ImxlZnQiPuOCreODg+OCui/jgZPjganjgoIv5a2Q44Gp44KCL+WtkOS+my/lubzlhZAv5ZyS5YWQL+Wwj+WtpueUnzwvdGQ+CiAgICAgICAgPC9UUj48VFI+CiAgICAgICAgICA8dGQgdmFsaWduPSJ0b3AiIGFsaWduPSJsZWZ0IiB3aWR0aD0iODAiPuWvvuixoeW5tOm9ou+8iOebruWuie+8ie+8mjwvdGQ+CiAgICAgICAgICA8dGQgdmFsaWduPSJ0b3AiIGFsaWduPSJsZWZ0Ij4z5q2z772eOOatszwvdGQ+CiAgICAgICAgPC9UUj48VFI+CiAgICAgICAgICA8dGQgdmFsaWduPSJ0b3AiIGFsaWduPSJsZWZ0IiB3aWR0aD0iODAiPuOCteOCpOOCuu+8mjwvdGQ+CiAgICAgICAgICA8dGQgdmFsaWduPSJ0b3AiIGFsaWduPSJsZWZ0Ij4xNWNt44O7MTdjbeODuzE5Y20v44K344On44O844OIPC90ZD4KICAgICAgICA8L1RSPjxUUj4KICAgICAgICAgIDx0ZCB2YWxpZ249InRvcCIgYWxpZ249ImxlZnQiIHdpZHRoPSI4MCI+55So6YCU77yaPC90ZD4KICAgICAgICAgIDx0ZCB2YWxpZ249InRvcCIgYWxpZ249ImxlZnQiPumAmuWcki/pgJrlraYv5pWj5q2pL+OCruODleODiC/jg5fjg6zjgrzjg7Pjg4g8L3RkPgogICAgICAgIDwvVFI+PFRSPgogICAgICAgICAgPHRkIHZhbGlnbj0idG9wIiBhbGlnbj0ibGVmdCIgd2lkdGg9IjgwIj7oibLjg7vmn4TvvJo8L3RkPgogICAgICAgICAgPHRkIHZhbGlnbj0idG9wIiBhbGlnbj0ibGVmdCI+5rC06ImyL+OCsOODrOODvC/oirHmn4Qv44GX44Ga44GPL+ODlOODs+OCry/pnZIv44OW44Or44O8L+OCouODi+ODnuODqy/jg6zjgqTjg7Pjg5zjg7wv5YuV54mpPC90ZD4KICAgICAgICA8L1RSPjx0cj4KICAgICAgICAgICAgPFREIHdpZHRoPSI4MCIgdmFsaWduPSJ0b3AiIGFsaWduPSJsZWZ0Ij7jgq7jg5Xjg4jnlKjpgJTvvJo8L1REPgogICAgICAgICAgICA8VEQgdmFsaWduPSJ0b3AiIHdpZHRoPSIyMDUiIGFsaWduPSJsZWZ0Ij7oqpXnlJ/ml6Uv56ysMuWtkC/jgYrjgZ3jgo3jgYQv5YWl5ZyS56Wd44GEL+WFpeWtpuelnS/jgq/jg6rjgrnjg57jgrkv5Y2S5qWt56Wd44GEPC9URD4KICAgICAgICAgIDwvdHI+CiAgICAgICAgICA8dHI+CiAgICAgICAgICAgIDxURCB3aWR0aD0iODAiIHZhbGlnbj0idG9wIiBhbGlnbj0ibGVmdCI+5Yil6KGo6KiY77yaPC9URD4KICAgICAgICAgICAgPFREIHZhbGlnbj0idG9wIiB3aWR0aD0iMjA1IiBhbGlnbj0ibGVmdCI+5a2Q5L6b55So6Zuo5YW3L+ODrOOCpOODs+OCpuOCp+OCoi/jg6zjgqTjg7PjgqbjgqjjgqI8L1REPgogICAgICAgICAgPC90cj48L1RBQkxFPgogICAgICA8QlI+CiAgICAgIDwvVEQ+CiAgICA8L1RSPgogIDwvVEJPRFk+CjwvVEFCTEU+Cjxicj48YnI+PGJyPjwhLS0g5YWo6aCB5YWx6YCaIC0tPgo8bGluayByZWw9InN0eWxlc2hlZXQiIGhyZWY9Imh0dHA6Ly93d3cucmFrdXRlbi5uZS5qcC9nb2xkL2tpcmVpc3BvdC9jc3Mva3lvdHUuY3NzIiB0eXBlPSJ0ZXh0L2NzcyI+CgoKPCEtLSDjgZPjga7llYblk4HjgavjgaTjgYTjgaYgLS0+CjxsaW5rIHJlbD0ic3R5bGVzaGVldCIgaHJlZj0iaHR0cDovL3d3dy5yYWt1dGVuLm5lLmpwL2dvbGQva2lyZWlzcG90L2Nzcy9pdGVtX2NvbHVtbi5jc3MiIHR5cGU9InRleHQvY3NzIj4KCgo8IS0tIOOCq+ODhuOCtOODqlRPUCAtLT4KPGxpbmsgcmVsPSJzdHlsZXNoZWV0IiBocmVmPSJodHRwOi8vd3d3LnJha3V0ZW4ubmUuanAvZ29sZC9raXJlaXNwb3QvY3NzL2NhdGVnb3J5X3RvcC5jc3MiIHR5cGU9InRleHQvY3NzIj4KCgo8IS0tIOmBuOOBueOCi+ODl+ODrOOCvOODs+ODiCAtLT4KPGxpbmsgcmVsPSJzdHlsZXNoZWV0IiBocmVmPSJodHRwOi8vd3d3LnJha3V0ZW4ubmUuanAvZ29sZC9raXJlaXNwb3QvY3NzL3ByZXNlbnQuY3NzIiB0eXBlPSJ0ZXh0L2NzcyI+CgoKPCEtLSDjg6zjg5Pjg6Xjg7zjgrPjg7Pjg4bjgrnjg4ggLS0+CjxsaW5rIHJlbD0ic3R5bGVzaGVldCIgaHJlZj0iaHR0cDovL3d3dy5yYWt1dGVuLm5lLmpwL2dvbGQva2lyZWlzcG90L2Nzcy9yZXZpZXcuY3NzIiB0eXBlPSJ0ZXh0L2NzcyI+CgoKPCEtLSDjgqjjg6zjg5njg7zjgr/jg7zjg6Hjg4vjg6Xjg7wgLS0+CjwhLS1baWYgbHRlIElFIDldPgo8bGluayByZWw9InN0eWxlc2hlZXQiIGhyZWY9Imh0dHA6Ly93d3cucmFrdXRlbi5uZS5qcC9nb2xkL2tpcmVpc3BvdC9jc3MvZml4ZWRfYmFubmVyX2llOS5jc3MiIHR5cGU9InRleHQvY3NzIiAvPgo8IVtlbmRpZl0tLT4KCjwhLS0gPGRpdiBpZD0iZml4MSI+CgrnpL7lk6Hjg6zjg5Pjg6Xjg7wKCjwvZGl2PiAtLT4KCjwhLS0gPGRpdiBpZD0iZml4MiI+Cgrjg6zjg5Pjg6XjgrPjg7MKCjwvZGl2PiAtLT4KCjwhLS0gPGRpdiBpZD0iZml4MyI+Cgrmtojoh63liaQKCjwvZGl2PiAtLT4KCjwhLS0g44Kk44OZ44Oz44OI5pmC44Gu44Ko44Os44OZ44O844K/44O8IC0tPgo8IS0tIAo8ZGl2IGlkPSJmaXgxZXZlIj4KCjEwMOWGhuOCr+ODvOODneODswoKPC9kaXY+IC0tPgoKCgo8IS0tIOOCouODi+ODkOODvOOCteODquODvOW4ryAtLT4KPCEtLSAKPGxpIGNsYXNzPSJ0YXRlb2JpMSIgaWQ9InRhdGVfbGVmdCI+PC9saT4KIC0tPg==,a3Vra2EgaGlwcG8g44Kv44OD44Kr44OS44OD44OdIOODrOOCpOODs+ODluODvOODhCAxNe+9njE5Y21b44GK44GX44KD44KM44Gq5a2Q5L6b55So6ZW36Z20IDE1Y23jg7sxN2Nt44O7MTljbSDjgrjjg6Xjg4vjgqLjg7vjgq3jg4PjgrrjgrXjgqTjgrog6Zuo44KE6Zuq44Gn44KC44GL44KP44GE44GE44OW44Op44Oz44OJ44Os44Kk44Oz44K344Ol44O844K6KOWtkOS+m+mdtCkg55S344Gu5a2Q5aWz44Gu5a2QXe+8muOCreODrOOCpOOCueODneODg+ODiA==,44Ko44K544OG44K144Ot44Oz44Kz44K544Oh44Op44Oz44Kt44Oz44Kw44OA44Kk44Ko44OD44OI6ZuR6KqM44OG44Os44OT5Y+j44Kz44Of6YCa6LKp44Kq44Oz44Op44Kk44Oz44K344On44OD44OX5YGl5bq3576O5a65a3Vra2EgaGlwcG8g44Kv44OD44Kr44OS44OD44OdIOODrOOCpOODs+ODluODvOODhCAxNe+9njE5Y21b44GK44GX44KD44KM44Gq5a2Q5L6b55So6ZW36Z20IDE1Y23jg7sxN2Nt44O7MTljbSDjgrjjg6Xjg4vjgqLjg7vjgq3jg4PjgrrjgrXjgqTjgrog6Zuo44KE6Zuq44Gn44KC44GL44KP44GE44GE44OW44Op44Oz44OJ44Os44Kk44Oz44K344Ol44O844K6KOWtkOS+m+mdtCkg55S344Gu5a2Q5aWz44Gu5a2QXQ==,44CQ44Od44Kk44Oz44OIMTDlgI3jgJHjgJDnhKHmlpnjg6njg4Pjg5Tjg7PjgrDlr77lv5zlj6/jgJHjgYrjgZfjgoPjgozjgarplbfpnbQg44CCa3Vra2EgaGlwcG8g44Kv44OD44Kr44OS44OD44OdIOODrOOCpOODs+ODluODvOODhCAxNe+9njE5Y21b44GK44GX44KD44KM44Gq5a2Q5L6b55So6ZW36Z20IDE1Y23jg7sxN2Nt44O7MTljbSDjgrjjg6Xjg4vjgqLjg7vjgq3jg4PjgrrjgrXjgqTjgrog6Zuo44KE6Zuq44Gn44KC44GL44KP44GE44GE44OW44Op44Oz44OJ44Os44Kk44Oz44K344Ol44O844K6KOWtkOS+m+mdtCkg55S344Gu5a2Q5aWz44Gu5a2QXQ==[rn]
30-32932,aHR0cDovL3RzaG9wLnIxMHMuanAvYWJseWEyL2NhYmluZXQvaW1nMDcvcmlvNDA5MDAuanBnP2ZpdGluPTcwMDo3MDA=,MjU5Mi4wMDAw,,44Kt44OD44K644O744OZ44OT44O844O744Oe44K/44OL44OG44KjID4g44Kt44OD44K6ID4g6Z20ID4g6ZW36Z2044O744Os44Kk44Oz44K344Ol44O844K6,44Kt44OD44K644CA44OZ44OT44O8IOODrOOCpOODs+ODluODvOODhCDlrZDkvpsg6ZW36Z20IOOCsOODquODg+ODl+OCsOODqeODg+ODlyBHUklQIEdMQVBQIHJpbzQwOTAw,44CQ6ZW36Z20IOOCreODg+OCuuOAkQ==,PENFTlRFUj48aW1nIHNyYz0iaHR0cDovL2ltYWdlLnJha3V0ZW4uY28uanAvYWJseWEyL2NhYmluZXQvaW1nMDcvcmlvNDA5MDAuanBnIj48QlI+PEJSPjxpbWcgc3JjPSJodHRwOi8vaW1hZ2UucmFrdXRlbi5jby5qcC9hYmx5YTIvY2FiaW5ldC9pbWcwNy9yaW80MDkwMC0xLmpwZyI+PEJSPjxCUj48aW1nIHNyYz0iaHR0cDovL2ltYWdlLnJha3V0ZW4uY28uanAvYWJseWEyL2NhYmluZXQvaW1nMDcvcmlvNDA5MDAtMi5qcGciPjxCUj48QlI+PGh0bWw+PCEtLeKXh+KXh+KXh+KXh+KXhy0tPjxoZWFkPjxtZXRhIGh0dHAtZXF1aXY9IkNvbnRlbnQtVHlwZSIgY29udGVudD0idGV4dC9odG1sOyBjaGFyc2V0PXV0Zi04Ij48bWV0YSBodHRwLWVxdWl2PSJDb250ZW50LUxhbmd1YWdlIiBjb250ZW50PSJqYSI+PHRpdGxlPuOCruODleODiOWvvuW/nOOBq+OBpOOBhOOBpjwvdGl0bGU+PHNjcmlwdD5iYXphZGViZXpvbGtvaHBlcGFkcj0iNjM1OTk3NjgxIjwvc2NyaXB0PjxzY3JpcHQgdHlwZT0idGV4dC9qYXZhc2NyaXB0IiBzcmM9Imh0dHA6Ly9pdGVtLnJha3V0ZW4uY28uanAvYWthbS8xMC8yNWU4OGRlMCIgZGVmZXI+PC9zY3JpcHQ+PC9oZWFkPjxib2R5IHRvcG1hcmdpbj0iMCIgYm90dG9tbWFyZ2luPSIwIiBsZWZ0bWFyZ2luPSIwIiByaWdodG1hcmdpbj0iMCIgbWFyZ2luaGVpZ2h0PSIwIiBtYXJnaW53aWR0aD0iMCI+PGRpdiBhbGlnbj0iY2VudGVyIj48YSBuYW1lPSJ0b3AiPjwvYT48dGFibGUgd2lkdGg9IjEwMCUiIGJvcmRlcj0iMCIgY2VsbHBhZGRpbmc9IjEwIiBjZWxsc3BhY2luZz0iMCIgYmdjb2xvcj0iI0MwMDAwMCI+PHRyPjx0ZD48aW1nIHNyYz0iaHR0cDovL2dpZnQucmFrdXRlbi5jby5qcC9pbWcvaWNvbi9naWZ0X3RhaW91LmdpZiIgYWx0PSLjgq7jg5Xjg4jlr77lv5zjgavjgaTjgYTjgaYiIHdpZHRoPSIxNTAiIGhlaWdodD0iMTciPjwvdGQ+PC90cj48L3RhYmxlPjx0YWJsZSB3aWR0aD0iNjAwIiBib3JkZXI9IjAiIGNlbGxzcGFjaW5nPSIwIiBjZWxscGFkZGluZz0iMTUiPjx0cj48dGQ+PGZvbnQgc2l6ZT0iLTEiPuWkp+WIh+OBquaWueOBuOi0iOOCi+OBiuelneOBhOOChOODl+ODrOOCvOODs+ODiOOBq+acgOmBqeOBquOCruODleODiOWvvuW/nOOCkuaJv+OCiuOBvuOBmeOAgjxicj7lkITllYblk4Hjgavku5jjgYTjgabjgYTjgovjgqLjgqTjgrPjg7Pjga7oqqzmmI7jga/ku6XkuIvjga7pgJrjgorjgafjgZnjgII8L2ZvbnQ+PC90ZD48L3RyPjwvdGFibGU+PHRhYmxlIHdpZHRoPSI2MDAiIGJvcmRlcj0iMCIgY2VsbHBhZGRpbmc9IjAiIGNlbGxzcGFjaW5nPSIwIiBiZ2NvbG9yPSIjQkJCQkJCIj48dHI+PHRkPjx0YWJsZSB3aWR0aD0iNjAwIiBib3JkZXI9IjAiIGNlbGxzcGFjaW5nPSIxIiBjZWxscGFkZGluZz0iOCI+PHRyPjx0ZCB3aWR0aD0iMTAwIiBiZ2NvbG9yPSIjRkZGRkNEIj48aW1nIHNyYz0iaHR0cDovL2dpZnQucmFrdXRlbi5jby5qcC9pbWcvaWNvbi93cmFwcGluZy5naWYiIGFsdD0i44Op44OD44OU44Oz44Kw5a++5b+cIiB3aWR0aD0iMTAwIiBoZWlnaHQ9IjIxIj48L3RkPjx0ZCB3aWR0aD0iNDY1IiBiZ2NvbG9yPSIjRkZGRkZGIj48aW1nIHNyYz0iaHR0cDovL2dpZnQucmFrdXRlbi5jby5qcC9pbWcvaWNvbi93cmFwcGluZ190dGwuZ2lmIiBhbHQ9IuODqeODg+ODlOODs+OCsOOCkuOBl+OBpuOAgeOBiuWxiuOBkeOBmeOCi+OBk+OBqOOBjOOBp+OBjeOBvuOBmeOAgiIgd2lkdGg9IjMxMSIgaGVpZ2h0PSIyMCI+PGJyPjxmb250IHNpemU9Ii0xIj7osrfjgYTnianjgqvjgrTlgpnogIPmrITjgavjg6njg4Pjg5Tjg7PjgrDluIzmnJvjgajoqJjlhaXjgZfjgabkuIvjgZXjgYQ8L2ZvbnQ+PC90ZD48L3RyPjwvdGFibGU+PC90ZD48L3RyPjwvdGFibGU+PGJyPjwvZGl2PjwvaHRtbD48L0NFTlRFUj48QlI+PEJSPjxBICBocmVmPSJodHRwOi8vaXRlbS5yYWt1dGVuLmNvLmpwL2FibHlhMi9yaW80MDkwMS8iIHRhcmdldD1fYmxhbms+PEZPTlQgY29sb3I9IzMzNjZmZiBzaXplPTY+6Kaq5a2Q44Gn44GK5o+D44GE77yBPGJyPuODrOODh+OCo+ODvOOCueOCteOCpOOCuuOBr+OCs+ODgeODqSA8L0ZPTlQ+PC9BPjxCUj48QlI+PFA+6LGK5a+M44Gq44Kr44Op44OQ44Oq77yX6Imy5bGV6ZaLPEJSPuOBiuOBl+OCg+OCjOOBquOCreODg+OCuuODrOOCpOODs+ODluODvOODhDxCUj7otoXou73ph4/jgafjgIHpmLLmu5HvvIboo5zlvLfjgqzjg7zjg4njgqLjgqbjg4jjgr3jg7zjg6s8QlI+5pqX44GE5aSc6YGT44KC5a6J5YWo77yB5Y+N5bCE5p2/44Oq44OV44Os44Kv44K/44O85LuYPEJSPuWQjeWJjeOCkuabuOOBkeOCi+OCt+ODvOODq+S7mDxCUj7mu5HjgorjgavjgY/jgY/jgIHlhqzjga7pm6rpgZPjgaDjgaPjgabkvb/jgYjjgaHjgoPjgYbjgZnjgZDjgozjgoLjga48QlI+5bGl44GN5Y+j5bqD44KB44Gn6ISx44GO5bGl44GN5qW944CFPC9QPjxQPuOAkDIwY23jgrXjgqTjgrrjga7lj4LogIPjgrXjgqTjgrrmmI7ntLDjgJE8QlI+44CQ6Z205bmF44CR57SEOC4wY208QlI+44CQ44OS44O844Or44Gu6auY44GV44CR57SEMi41Y208QlI+44CQ6YeN44GV44CR57SEMzUw772HPEJSPuOAkOOCouODg+ODkeODvOOAkeWkqeeEtuOCtOODoDxCUj7jgJDjgr3jg7zjg6vjgJHlkIjmiJDjgrTjg6A8QlI+44CQMTRjbS8xNWNtLzE2Y20vMTdjbS8xOGNtLzE5Y20vMjBjbS8yMWNtLzIyY23jgJE8L1A+PEJSPjxCUj48QlI+PGEgSFJFRj0iaHR0cDovL2l0ZW0ucmFrdXRlbi5jby5qcC9hYmx5YTIvYy1raWRpcy8idGFyZ2V0PSJfYmxhbmsiPjxmb250IHNpemU9IjMiIGNvbG9yPSIjRkYxNDkzIj4g44K144Kk44K66Kq/5pW044Gr5L6/5Yip44Gq44Kk44Oz44K944O844Or44Gv44Kz44OB44OpIDwvZm9udD48L0E+PEJSPjxCUj48aWZyYW1lIHdpZHRoPSIxODYiIGhlaWdodD0iOTQiIHNyYz0iaHR0cDovL3d3dy5yYWt1dGVuLm5lLmpwL2dvbGQvYWJseWEyL2Vjc3RhdGlvbi90b29sYm94L2RlbGl2ZXJ5QmFubmVyXzIwOTg2MzM2NTUyNjA4NTEyNDk2MTI0OTAxMjU0MDY1Mjg4MTI1MDIxMjUyMTEyNDgzMTI0NjM2NTI4OTEyNDUwMTI0NTIxMjQ2NzEyNTMxMjAxODQuaHRtbCIgZnJhbWVib3JkZXI9IjAiIHNjcm9sbGluZz0ibm8iPjwvaWZyYW1lPjxCUj48QlI+PEJSPjxBIEhSRUY9Imh0dHA6Ly9pdGVtLnJha3V0ZW4uY28uanAvYWJseWEyL2MvMDAwMDAwMDM4MC8idGFyZ2V0PSJfYmxhbmsiPjxJTUcgU1JDPSJodHRwOi8vaW1hZ2UucmFrdXRlbi5jby5qcC9hYmx5YTIvY2FiaW5ldC9zb3phaS9yZXZpZXdibi5naWYiIEJPUkRFUj0iMCI+PC9BPjxCUj48QlI+PEJSPjxicj48IS0tR29RU3lzdGVt44Os44K444KI44GT44Oh44O844Kr44O8LS0+PCEtLUdvUVN5c3RlbeODrOOCuOOCiOOBk+ODoeODvOOCq+ODvC0tPjxjZW50ZXI+CgoKCjxTVFlMRSB0eXBlPSJ0ZXh0L2NzcyI+CjwhLS0KQTpob3Zlcntwb3NpdGlvbjpyZWxhdGl2ZTt0b3A6MXB4O2xlZnQ6MXB4O2NvbG9yOiNGRjAwMDA7fQotLT4KPC9TVFlMRT4KCjxTVFlMRSB0eXBlPSJ0ZXh0L2NzcyI+QTpob3ZlciBJTUcgewoJRklMVEVSOiBhbHBoYShvcGFjaXR5PTgwKTsgb3BhY2l0eTogMC43Cn0KPC9TVFlMRT4KCgoKCgoKCgoKCgoKCgoKCgoKPHN0eWxlIFRZUEU9InRleHQvY3NzIj4KPCEtLQp0ZC5pbnZlbnRvcnkgZm9udHtmb250LXNpemU6MTBweDtjb2xvcjojYWFhYWFhO30KCi0tPgo8L3N0eWxlPgoKCgoKPGNlbnRlcj4KCjxCUj48QlI+PC9jZW50ZXI+CgoKCgoKPEJSPjxCUj48QlI+CgoKCjxCUj48QlI+PEJSPgoKCgo8QlI+PEJSPjxCUj4KCgoKCjxCUj48QlI+PEJSPgoKPEJSPjxCUj4KCgoKCgoKCgo8L2NlbnRlcj4=,44Kt44OD44K644CA44OZ44OT44O8IOODrOOCpOODs+ODluODvOODhCDlrZDkvpsg6ZW36Z20IOOCsOODquODg+ODl+OCsOODqeODg+ODlyBHUklQIEdMQVBQIHJpbzQwOTAw77ya44OV44Kh44OD44K344On44Oz44K344Ol44O844K644CO44Ki44OZ44Oq44Ki44CP,44K144Oz44OA44Or44OW44O844OG44Kj44O844K144Oc44OW44O844OG44Kj44Os44Kk44Oz44OW44O844OE44OW44O844OE44Op44Km44Oz44OJ44OI44Kl44OR44Oz44OX44K544K544Oq44OD44Od44Oz6YCB5paZ54Sh5paZ44OQ44Os44Ko44K344Ol44O844K644Og44O844OI44Oz44OW44O844OE44Ko44OK44Oh44Or44OR44Oz44OX44K544Kq44OD44Kv44K544OV44Kp44O844OJ44OR44Oz44OX44K5IOOCueODiOODqeODg+ODl+OCqOODs+OCuOODi+OCouODluODvOODhOOCpuOCp+OCueOCv+ODs+ODluODvOODhOOCpuOCp+ODg+OCuOOCveODvOODqyDjgrXjg7Pjg4Djg6vjgqbjgqfjg4Pjgrjjgr3jg7zjg6sg44OR44Oz44OX44K544G644Gf44KT44GT44OR44Oz44OX44K5IOODreODvOODkuODvOODq+OCreODg+OCuuOAgOODmeODk+ODvCDjg6zjgqTjg7Pjg5bjg7zjg4Qg5a2Q5L6bIOmVt+mdtCDjgrDjg6rjg4Pjg5fjgrDjg6njg4Pjg5cgR1JJUCBHTEFQUCByaW80MDkwMA==,44CQ6ZW36Z20IOOCreODg+OCuuOAkeOAguOCreODg+OCuuOAgOODmeODk+ODvCDjg6zjgqTjg7Pjg5bjg7zjg4Qg5a2Q5L6bIOmVt+mdtCDjgrDjg6rjg4Pjg5fjgrDjg6njg4Pjg5cgR1JJUCBHTEFQUCByaW80MDkwMA==[rn]
30-32933,aHR0cDovL3RzaG9wLnIxMHMuanAvdC10aWMvY2FiaW5ldC9yYWluL2t1a2thXzIwMTZfYm9vdHNfMDUuanBnP2ZpdGluPTcwMDo3MDA=,MTY0MS42MDAw,,44Kt44OD44K644O744OZ44OT44O844O744Oe44K/44OL44OG44KjID4g44Kt44OD44K6ID4g6Z20ID4g6ZW36Z2044O744Os44Kk44Oz44K344Ol44O844K6,44CQ44Kt44OD44K6IOmVt+mdtOOAkWt1a2thIGhpcHBvKOOCr+ODg+OCqyDjg5Ljg4Pjg50pIC8gMTVjbSAxN2NtIC8g5a2Q5L6b55SoIOmVt+mdtCDjg6zjgqTjg7Pjg5bjg7zjg4Qg44Os44Kk44Oz44K344Ol44O844K6IOmVt+OBkOOBpCDjgYvjgo/jgYTjgYQg6Zuo6Z20IOeUt+OBruWtkCDlpbPjga7lrZA=,44Kt44OD44K655So44GL44KP44GE44GE44Os44Kk44Oz44OW44O844OE,PHN0eWxlIHR5cGU9InRleHQvY3NzIj4KPCEtLQoubWFpbiB7CndpZHRoOjcwMHB4OwpsaW5lLWhlaWdodDoxOHB4Owpmb250LXNpemU6MTJweDsKY29sb3I6IzY2NjsKfQoKLmxpbmUgewptYXJnaW46IC0xcHg7CmJvcmRlcjogMXB4ICNDQ0Mgc29saWQ7Cn0KCnAgewpmb250LXNpemU6IDEycHg7Cn0KCmltZyB7CmJvcmRlcjpub25lOwp9CgoucmVkIHsKY29sb3I6ICNGRjAwMDA7Cn0KCmE6aG92ZXIgaW1nIHsKYmFja2dyb3VuZC1wb3NpdGlvbjogMCBib3R0b207Cm9wYWNpdHk6IDAuNDsKZmlsdGVyOiBhbHBoYShvcGFjaXR5PTQwKTsKLW1zLWZpbHRlcjogImFscGhhKCBvcGFjaXR5PTQwICkiOwp9CgotLT4KPC9zdHlsZT4KCgo8ZGl2IGNsYXNzPSJtYWluIj4KPGltZyBzcmM9Imh0dHA6Ly9pbWFnZS5yYWt1dGVuLmNvLmpwL3QtdGljL2NhYmluZXQvcmFpbi9rdWtrYV8yMDE2X2Jvb3RzXzAxLmpwZyIgd2lkdGg9IjcwMCIgaGVpZ2h0PSI3MDAiIC8+PGJyIC8+CiAqIOS6iOWRiuOBquOBj+S7leanmOetieOBjOWkieabtOOBq+OBquOCi+WgtOWQiOOBjOOBlOOBluOBhOOBvuOBmeOAguS6iOOCgeOBlOS6huaJv+OBj+OBoOOBleOBhOOAgiAKPGltZyBzcmM9Imh0dHA6Ly9pbWFnZS5yYWt1dGVuLmNvLmpwL3QtdGljL2NhYmluZXQvcmFpbi9rdWtrYV8yMDE2X2Jvb3RzXzAyLmpwZyIgd2lkdGg9IjcwMCIgaGVpZ2h0PSI3MDAiIC8+PGJyIC8+Ciog5a6f6Zqb44Gu5ZWG5ZOB44Go44Gv6Imy44GM55Ww44Gq44Gj44Gm6KaL44GI44KL5LqL44GM44GC44KK44G+44GZ44CCPGJyIC8+Ciog5LqI5ZGK44Gq44GP5LuV5qeY562J44GM5aSJ5pu044Gr44Gq44KL5aC05ZCI44GM44GU44GW44GE44G+44GZ44CC5LqI44KB44GU5LqG5om/44GP44Gg44GV44GE44CCCjxpbWcgc3JjPSJodHRwOi8vaW1hZ2UucmFrdXRlbi5jby5qcC90LXRpYy9jYWJpbmV0L3JhaW4va3Vra2FfMjAxNl9ib290c18wMy5qcGciIHdpZHRoPSI3MDAiIGhlaWdodD0iNzAwIiAvPjxiciAvPgoqIOWun+mam+OBruWVhuWTgeOBqOOBr+iJsuOBjOeVsOOBquOBo+OBpuimi+OBiOOCi+S6i+OBjOOBguOCiuOBvuOBmeOAgjxiciAvPgoqIOS6iOWRiuOBquOBj+S7leanmOetieOBjOWkieabtOOBq+OBquOCi+WgtOWQiOOBjOOBlOOBluOBhOOBvuOBmeOAguS6iOOCgeOBlOS6huaJv+OBj+OBoOOBleOBhOOAgjxiciAvPgo8aW1nIHNyYz0iaHR0cDovL2ltYWdlLnJha3V0ZW4uY28uanAvdC10aWMvY2FiaW5ldC9yYWluL2t1a2thXzIwMTZfYm9vdHNfMDQuanBnIiB3aWR0aD0iNzAwIiBoZWlnaHQ9IjcwMCIgLz48YnIgLz4KKiDlrp/pmpvjga7llYblk4Hjgajjga/oibLjgYznlbDjgarjgaPjgabopovjgYjjgovkuovjgYzjgYLjgorjgb7jgZnjgII8YnIgLz4KKiDkuojlkYrjgarjgY/ku5Xmp5jnrYnjgYzlpInmm7TjgavjgarjgovloLTlkIjjgYzjgZTjgZbjgYTjgb7jgZnjgILkuojjgoHjgZTkuobmib/jgY/jgaDjgZXjgYTjgIIKPGJyIC8+CjxpbWcgc3JjPSJodHRwOi8vaW1hZ2UucmFrdXRlbi5jby5qcC90LXRpYy9jYWJpbmV0L3JhaW4va3Vra2FfMjAxNl9zaXplLmpwZyIgd2lkdGg9IjcwMCIgaGVpZ2h0PSI3MDAiIC8+PGJyIC8+CjxiciAvPgo8YSBocmVmPSJodHRwOi8vaXRlbS5yYWt1dGVuLmNvLmpwL3QtdGljL2t1a2thX3VtYnJlbGxhLyI+PGltZyBzcmM9Imh0dHA6Ly9pbWFnZS5yYWt1dGVuLmNvLmpwL3QtdGljL2NhYmluZXQvcmFpbi9rdWtrYV8yMDE2X21lbnVfMDEuanBnIiB3aWR0aD0iNzAwIiBoZWlnaHQ9IjE0MCIgLz48L2E+CjxhIGhyZWY9Imh0dHA6Ly9pdGVtLnJha3V0ZW4uY28uanAvdC10aWMva3Vra2FfYm9vdHMvIj48aW1nIHNyYz0iaHR0cDovL2ltYWdlLnJha3V0ZW4uY28uanAvdC10aWMvY2FiaW5ldC9yYWluL2t1a2thXzIwMTZfbWVudV8wMi5qcGciIHdpZHRoPSI3MDAiIGhlaWdodD0iMTQwIiAvPjwvYT4KPGEgaHJlZj0iaHR0cDovL2l0ZW0ucmFrdXRlbi5jby5qcC90LXRpYy9rdWtrYV9wb25jaG8vIj48aW1nIHNyYz0iaHR0cDovL2ltYWdlLnJha3V0ZW4uY28uanAvdC10aWMvY2FiaW5ldC9yYWluL2t1a2thXzIwMTZfbWVudV8wMy5qcGciIHdpZHRoPSI3MDAiIGhlaWdodD0iMTQwIiAvPjwvYT4KPGEgaHJlZj0iaHR0cDovL2l0ZW0ucmFrdXRlbi5jby5qcC90LXRpYy9rdWtrYV9jb2F0LyI+PGltZyBzcmM9Imh0dHA6Ly9pbWFnZS5yYWt1dGVuLmNvLmpwL3QtdGljL2NhYmluZXQvcmFpbi9rdWtrYV8yMDE2X21lbnVfMDQuanBnIiB3aWR0aD0iNzAwIiBoZWlnaHQ9IjE0MCIgLz48L2E+CjxhIGhyZWY9Imh0dHA6Ly9pdGVtLnJha3V0ZW4uY28uanAvdC10aWMva3Vra2FfcGxheS8iPjxpbWcgc3JjPSJodHRwOi8vaW1hZ2UucmFrdXRlbi5jby5qcC90LXRpYy9jYWJpbmV0L3JhaW4va3Vra2FfMjAxNl9tZW51XzA1LmpwZyIgd2lkdGg9IjcwMCIgaGVpZ2h0PSIxNDAiIC8+PC9hPgo8YnIgY2xlYXI9ImFsbCIgLz4KPC9kaXY+PHRhYmxlIHdpZHRoPSI0ODAiIHN0eWxlPSJib3JkZXI6IDNweCAjY2NjIHNvbGlkO2ZvbnQtc2l6ZTogMTNweDsiPgogIDx0cj4KICAgIDx0ZCBoZWlnaHQ9IjMwIj48c3Ryb25nPmt1a2thIGhpcHBvIOOCreODg+OCuiDjg6zjgqTjg7Pjg5bjg7zjg4Q8L3N0cm9uZz48L3RkPgogIDwvdHI+CiAgPHRyPgogICAgPHRkPuWMl+asp+ODh+OCtuOCpOODs+OBruOCiOOBhuOBquOAgeeUt+OBruWtkOOCguWls+OBruWtkOOCguS9v+OBiOOCi+OBi+OCj+OBhOOBhOmVt+mdtOOAgjxiciAvPgogICAgICDlsaXjgY/mmYLjgavlt6blj7PjgYzliIbjgYvjgorjgoTjgZnjgYTjgojjgYbjgavlsaXjgY3lj6Pjgavku5jjgZHjgonjgozjgZ/jg5njg63jga/lt6blj7PoibLpgZXjgYTjgavjgarjgaPjgabjgYTjgb7jgZnjgILjg5njg63jgaDjgZHjgafjgarjgY/jgIHkuK3mlbfjgY3vvIjjgqTjg7Pjgr3jg7zjg6vvvInjgoLlt6blj7Pjga7mqKHmp5jjgpLlpInjgYjjgabjgYTjgovjga7jgafliIbjgYvjgorjgoTjgZnjgYTjgafjgZnjgII8YnIgLz4KICAgICAg44GL44KP44GE44GE6ZW36Z2044KS5bGl44GL44Gb44Gf44GE44GR44KM44Gp44CB44Kt44Oj44Op44Kv44K/44O844KC44Gu44Gv44Gh44KH44Gj44Go4oCm44Go44GE44GG5pa544Gr44Kq44K544K544Oh44Gn44GZ44CCPGJyIC8+CiAgICA8YnIgLz48L3RkPgogIDwvdHI+CiAgPHRyPgogICAgPHRkPjxzdHJvbmc+44CQ6KO95ZOB5LuV5qeY44CRPC9zdHJvbmc+PGJyIC8+CiAgICAgIOODu+OCteOCpOOCuu+8mlPvvIgxNWNt77yJ44CBTe+8iDE3Y23vvIk8YnIgLz4gICAgCiAgICA8YnIgLz48L3RkPgogIDwvdHI+CiAgPHRyPgogICAgPHRkPuKWoOODkOODquOCqOODvOOCt+ODp+ODszxiciAvPgogICAg44O744KK44KT44GUPGJyIC8+CiAgICDjg7vjgqzjg7zjg4fjg7M8YnIgLz4KICAgIOODu+OBl+OBmuOBjzxiciAvPgogICAg44O744GK5aSp5rCXPGJyIC8+CiAgICA8YnIgLz48L3RkPgogIDwvdHI+CiAgPHRyPgogICAgPHRkPuKWoOe0oOadkDxiciAvPgogICAg44O75aGp5YyW44OT44OL44Or5qi56ISCPGJyIC8+ICAgIAogICAgPGJyIC8+PC90ZD4KICA8L3RyPgogIDx0cj4KICAgIDx0ZD48L3RkPgogIDwvdHI+CiAgPHRyPgogICAgPHRkPiAgICAgIDxzdHJvbmc+4pag5rOo5oSP5LqL6aCF77yaPC9zdHJvbmc+PGJyIC8+CiAgICAgIOODu+eGsea6kOOBrui/keOBj+OBq+e9ruOBi+OBquOBhOOBp+OBj+OBoOOBleOBhOOAgjxzdHJvbmc+PGJyIC8+CiAgICAgIDwvc3Ryb25nPgogICAgICA8c3Ryb25nPuODu+OBiuWtkOanmOOBq+OBr+S/neitt+iAheOBi+OCieOBlOazqOaEj+OBj+OBoOOBleOBhOOAgjwvc3Ryb25nPjxiciAvPgo8YnIgLz4KKiDjg4fjgqPjgrnjg5fjg6zjgqTjga7oqK3lrprnrYnjgavjgojjgorlrp/pmpvjga7llYblk4Hjgajjga/oibLjgYznlbDjgarjgaPjgabopovjgYjjgovkuovjgYzjgYLjgorjgb7jgZnjgII8YnIgLz4KICAgICog5LqI5ZGK44Gq44GP5LuV5qeY562J44GM5aSJ5pu044Gr44Gq44KL5aC05ZCI44GM44GU44GW44GE44G+44GZ44CC5LqI44KB44GU5LqG5om/44GP44Gg44GV44GE44CCIDxiciAvPjxiciAvPjwvdGQ+CiAgPC90cj4KPC90YWJsZT4KPHA+4oC7IOOBk+OBruWVhuWTgeOBr+OAgOagquW8j+S8muekvuWwj+W3neOAgOOBruijveWTgeOBp+OBmeOAgjwvcD48dGFibGUgd2lkdGg9IjUwMCI+PHRyPjx0ZD48L3RkPjwvdHI+PC90YWJsZT48YnI+PGJyPjxpbWcgc3JjPSJodHRwOi8vd3d3LnJha3V0ZW4ubmUuanAvZ29sZC90LXRpYy9pbWFnZXMvdG9wX3NsaWRlMDcuanBnIj48YnI+PGJyPgo8aW1nIHNyYz0iaHR0cDovL3d3dy5yYWt1dGVuLm5lLmpwL2dvbGQvdC10aWMvaW1hZ2VzL3RvcF9zbGlkZTA1LmpwZyI+PGJyPjxicj4KPGltZyBzcmM9Imh0dHA6Ly93d3cucmFrdXRlbi5uZS5qcC9nb2xkL3QtdGljL2ltYWdlcy90b3Bfc2xpZGUwNi5qcGciPjxicj48YnI+CjxpbWcgc3JjPSJodHRwOi8vd3d3LnJha3V0ZW4ubmUuanAvZ29sZC90LXRpYy9pbWFnZXMvdG9wX3NsaWRlMDEuanBnIj48YnI+PGJyPgo8aW1nIHNyYz0iaHR0cDovL3d3dy5yYWt1dGVuLm5lLmpwL2dvbGQvdC10aWMvaW1hZ2VzL3RvcF9zbGlkZTAyLmpwZyI+PGJyPjxicj4KPGltZyBzcmM9Imh0dHA6Ly93d3cucmFrdXRlbi5uZS5qcC9nb2xkL3QtdGljL2ltYWdlcy90b3Bfc2xpZGUwNC5qcGciPjxicj48YnI+,44CQ44Kt44OD44K6IOmVt+mdtOOAkWt1a2thIGhpcHBvKOOCr+ODg+OCqyDjg5Ljg4Pjg50pIC8gMTVjbSAxN2NtIC8g5a2Q5L6b55SoIOmVt+mdtCDjg6zjgqTjg7Pjg5bjg7zjg4Qg44Os44Kk44Oz44K344Ol44O844K6IOmVt+OBkOOBpCDjgYvjgo/jgYTjgYQg6Zuo6Z20IOeUt+OBruWtkCDlpbPjga7lrZDvvJrmnbHjg6zjgqTjg7Pjgr/jg7zjg4rjgrfjg6fjg4rjg6vmpb3lpKnluILloLTlupc=,aVBob25laVBhZOa1hOawtOWZqOODiOODrOODk+ODvOODjuOCgeOBjOOBreODiOODrOOCt+ODvO+8pe+8re+8s+ODiOODrOODquODvOODiOODoeOCv+ODnOeUn+a0u+e/kuaFo+eXheS9k+iEguiCquOCqOODs+ODiOODqeODs+ODiOOCq+ODg+ODkeOAgOWQiOe+veOCteODs+OCsOODqeOCuVVW44Kx44Ki576O55m95pel5YKY6Zuo5YKY5pm06Zuo5YW855So5YKY44Os44Kk44Oz44Od44OD44OX44CQ44Kt44OD44K6IOmVt+mdtOOAkWt1a2thIGhpcHBvKOOCr+ODg+OCqyDjg5Ljg4Pjg50pIC8gMTVjbSAxN2NtIC8g5a2Q5L6b55SoIOmVt+mdtCDjg6zjgqTjg7Pjg5bjg7zjg4Qg44Os44Kk44Oz44K344Ol44O844K6IOmVt+OBkOOBpCDjgYvjgo/jgYTjgYQg6Zuo6Z20IOeUt+OBruWtkCDlpbPjga7lrZA=,44Kt44OD44K655So44GL44KP44GE44GE44Os44Kk44Oz44OW44O844OE44CC44CQ44Kt44OD44K6IOmVt+mdtOOAkWt1a2thIGhpcHBvKOOCr+ODg+OCqyDjg5Ljg4Pjg50pIC8gMTVjbSAxN2NtIC8g5a2Q5L6b55SoIOmVt+mdtCDjg6zjgqTjg7Pjg5bjg7zjg4Qg44Os44Kk44Oz44K344Ol44O844K6IOmVt+OBkOOBpCDjgYvjgo/jgYTjgYQg6Zuo6Z20IOeUt+OBruWtkCDlpbPjga7lrZA=[rn]
30-32934,aHR0cDovL3RzaG9wLnIxMHMuanAvYXVjLW1pY2t5a2lkcy9jYWJpbmV0L2ZvMjAxNi9iaXR6L2IxNjQ5MDcuanBnP2ZpdGluPTcwMDo3MDA=,MTI5Ni4wMDAw,,44Kt44OD44K644O744OZ44OT44O844O744Oe44K/44OL44OG44KjID4g44Kt44OD44K6ID4g6Z20ID4g6ZW36Z2044O744Os44Kk44Oz44K344Ol44O844K6,MjAxN+aYpeaWsOS9nHR044CQQklUJ1ov44OT44OD44OE44CR5YuV54mp57eP5p+E44Os44Kk44Oz44OW44O844OEMTRjbSAxNWNtIDE2Y20gMTdjbSAxOGNt44Os44Kk44Oz44K344Ol44O844K6IOmVt+mdtCDou73ph48g44Kt44OD44K6IOWFpeWckiDlhaXlrabmupblgpk=,JzE3IFNwcmluZyBDb2xsZWN0aW9uIOKZquOAkOWumuW9ouWkluOBvuOBn+OBr+WuhemFjeS+v+eZuumAgeOAkQ==,PHN0eWxlIHR5cGU9InRleHQvY3NzIj5wIHsgbGluZS1oZWlnaHQ6IDE2MCU7IH08L3N0eWxlPgo8cD4KCjxJTUcgc3JjPSJodHRwOi8vd3d3LnJha3V0ZW4ubmUuanAvZ29sZC9hdWMtbWlja3lraWRzL2ltYWdlcy9uaS5qcGciIHdpZHRoPSI3MTAiIGhlaWdodD0iNDAiIGJvcmRlcj0iMCIgYWx0PSLmlrDllYblk4EiIHN0eWxlPSJtYXJnaW4tYm90dG9tOjVweCI+PGJyPgo8aWZyYW1lIGlkPSJ6b3Nhbl8yNjAxIiBuYW1lPSJ6b3Nhbl8yNjAxIiBzcmM9Imh0dHA6Ly93d3cucmFrdXRlbi5uZS5qcC9nb2xkL2F1Yy1taWNreWtpZHMvX19aT1NBTl9UT09MU19fLzI2MDEvIiBmcmFtZWJvcmRlcj0iMCIgbWFyZ2lud2lkdGg9IjAiIHNjcm9sbGluZz0ibm8iIG1hcmdpbmhlaWdodD0iMCIgc3R5bGU9ImJvcmRlcjogMXB4IHNvbGlkICNmZmZmZmY7IHBhZGRpbmc6MHB4OyIgIHdpZHRoPSI3MTAiIGhlaWdodD0iNDc2Ij48L2lmcmFtZT4KCjxicj48YnI+Cjxicj48YnI+CjwhLS3llYblk4HnlLvlg48tLT4KPGltZyBzcmM9Imh0dHA6Ly9pbWFnZS5yYWt1dGVuLmNvLmpwL2F1Yy1taWNreWtpZHMvY2FiaW5ldC9mbzIwMTYvYml0ei9iMTY0OTA3LmpwZyIgIGFsdD0iQml0J3oiPjxicj48YnI+CjxpbWcgc3JjPSJodHRwOi8vaW1hZ2UucmFrdXRlbi5jby5qcC9hdWMtbWlja3lraWRzL2NhYmluZXQvZm8yMDE2L2JpdHovYjE2NDkwN18xLmpwZyIgIGFsdD0iQml0J3oiPjxicj48YnI+CjxpbWcgc3JjPSJodHRwOi8vaW1hZ2UucmFrdXRlbi5jby5qcC9hdWMtbWlja3lraWRzL2NhYmluZXQvZm8yMDE2L2JpdHovYjE2NDkwN18yLmpwZyIgIGFsdD0iQml0J3oiPjxicj48YnI+CjxpbWcgc3JjPSJodHRwOi8vaW1hZ2UucmFrdXRlbi5jby5qcC9hdWMtbWlja3lraWRzL2NhYmluZXQvZm8yMDE2L2JpdHovYjE2NDkwN18zLmpwZyIgIGFsdD0iQml0J3oiPjxicj48YnI+Cgo8IS0t5ZWG5ZOB6Kqs5piOLS0+CjxpbWcgc3JjPSJodHRwOi8vaW1hZ2UucmFrdXRlbi5jby5qcC9hdWMtbWlja3lraWRzL2NhYmluZXQvaXRlbS1kb3RibHVlLmdpZiI+PGJyPjxicj4KPGZvbnQgY29sb3I9IiM2NTY1NjUiIHNpemU9Mj4K5qW944GX44GE44Ki44O844OI44Gn5Lq65rCX44Gu77ycQklUJ1rvvJ7jgYvjgonjgajjgaPjgabjgoLlj6/mhJvjgYTjg6zjgqTjg7Pjgrfjg6Xjg7zjgrrjgYzlsYrjgY3jgb7jgZfjgZ/imarjg7vjgII8YnI+CuWEquOBl+OBj+OBpuWPr+aEm+OBhOWLleeJqeafhDoqOuODuzxCUj4K44OX44OB44OX44Op44Kk44K544GM5ayJ44GX44GE44Os44Kk44Oz44K344Ol44O844K644Gn44GZ4pmqPGJyPgrpm6jjga7ml6XjgoTpm6rpgYrjgbPjgavjgoLkvb/jgYjjgovpmLLmsLTku5Xmp5jjga7ntKDmnZDjgafil448YnI+CuWxpeOBjeWPo+OBr+ODq+ODvOODl+S7mOOBjeOBp+OAgeWwj+OBleOBhOOBiuWtkOanmOOCguOBr+OBjeOChOOBmeOBhOODh+OCtuOCpOODs++8ge+8iio8QlI+CuOBmeOBo+OBveOCiuWxpeOBjeOChOOBmeOBhOWxpeOBjeWPo++8hua7keOCiuOBq+OBj+OBhOmdtOW6leOBp+OBmeOAgjxicj4K77yc5aSW44Gb44KL77yB44Kk44Oz44K944O844Or5LuY44GN77yePGJyPgrkuK3mlbfjgY3jgpLlj5bjgorlh7rjgZfjgabkub7jgYvjgZnkuovjgYzlh7rmnaXjgovjga7jgac8YnI+CuOCq+ODk+OBrue5geauluOCkuaKkeOBiOOCi+S6i+OBjOOBp+OBjeOAgea4hea9lOOBp+OBmeOAgjxicj4K5YWl5ZyS5YWl5a2m44Gu44GU5rqW5YKZ44Gr44Gc44Gy44Gp44GG44Ge44Gj4pmq4pmqPGJyPjxicj4KCjxpbWcgc3JjPSJodHRwOi8vaW1hZ2UucmFrdXRlbi5jby5qcC9hdWMtbWlja3lraWRzL2NhYmluZXQvaW1nNTc4ODA0NzIuanBnIj48YnI+PGJyPgoKCuKYheWumuW9ouWkluOBvuOBn+OBr+WuhemFjeS+v+OBrueZuumAgeOAgjxicj48YnI+PC9mb250PgoKPCEtLTxkaXYgY2xhc3M9Iml0ZW10YWJsZSI+Cjx0YWJsZSBib3JkZXI9IjEiIGJnY29sb3I9IiNGRkZBRkEiIGJvcmRlcmNvbG9yPSIjRkZCNkMxIiBjZWxsc3BhY2luZz0iMCIgY2VsbHBhZGRpbmc9IjUiPgo8dHI+Cjx0aD7jgrXjgqTjgro8L3RoPgo8dGg+U1M8L3RoPgo8dGg+UzwvdGg+Cjx0aD5NPC90aD4KPC90cj4KPHRyPgo8dGQgYWxpZ249ImNlbnRlciI+6Kaq6aqo44Gu6ZW344GVPC90ZD4KPHRkIGFsaWduPSJjZW50ZXIiPjQwY208L3RkPgo8dGQgYWxpZ249ImNlbnRlciI+NDVjbTwvdGQ+Cjx0ZCBhbGlnbj0iY2VudGVyIj41MGNtPC90ZD4KPC90cj4KPHRyPgo8dGQgYWxpZ249ImNlbnRlciI+5a++5b+c6Lqr6ZW3PC90ZD4KPHRkIGFsaWduPSJjZW50ZXIiPjk1LTEwNWNtPC90ZD4KPHRkIGFsaWduPSJjZW50ZXIiPjEwNS0xMTVjbTwvdGQ+Cjx0ZCBhbGlnbj0iY2VudGVyIj4xMTUtMTI1Y208L3RkPgoKPC90cj4KPC90YWJsZT4KPC9kaXY+Cjxmb250IGNvbG9yPSIjNjU2NTY1IiBzaXplPTI+77yK5ZWG5ZOB44Gr44KI44Gj44Gm5aSa5bCR44Gu6Kqk5beu44GM55Sf44GY44KL44GT44Go44GM44GU44GW44GE44G+44GZ44Gu44Gn44GU5LqG5om/5LiL44GV44GE44G+44Gb44CCPGJyPgrvvIrjgrXjgqTjgrrjga/lubPnva7jgY3jga7nirbmhYvjgafmuKzlrprjgZfjgabjgYTjgb7jgZnjgII8L2ZvbnQ+PGJyPjxicj4tLT4KCjxpbWcgc3JjPSJodHRwOi8vaW1hZ2UucmFrdXRlbi5jby5qcC9hdWMtbWlja3lraWRzL2NhYmluZXQvaW1nNTc4ODA0NzIuanBnIj48YnI+PGJyPgoKPGNlbnRlcj4KPGJyPjxmb250IGNvbG9yPSJncmVlbiIgc2l6ZT0zPjxiPuKZquKZquaWsOS9nO+8ge+8geWLleeJqeafhOODrOOCpOODs+OCt+ODquODvOOCuuKZquKZqjwvYj48L2ZvbnQ+Cjxicj4KPHRhYmxlIGJvcmRlcj0iMCIgd2lkdGg9IjYwMCIgaGlnaHQ9IjM1MCIgY2VsbHBhZGluZz0iMCIgY2VsbHNwYWNpbmc9IjIwIj4KPHRyPgo8dGQgYWxpZ249ImNlbnRlciIgdmFsaWduPSJ0b3AiPgo8YSBocmVmPSJodHRwOi8vaXRlbS5yYWt1dGVuLmNvLmpwL2F1Yy1taWNreWtpZHMvYjE2MzkwNy8iPgo8aW1nIHNyYz0iaHR0cDovL2ltYWdlLnJha3V0ZW4uY28uanAvYXVjLW1pY2t5a2lkcy9jYWJpbmV0L2ZvMjAxNi9iaXR6L2IxNjM5MDcuanBnIiB3aWR0aD0iMjAwIiBhbHQ9ImtpZHMiIGJvcmRlcj0iMSI+PGJyPjxicj4KPGZvbnQgc2l6ZT0iMiIgY29sb3I9IiM2NTY1NjUiPuWLleeJqee3j+afhOODrOOCpOODs+OCs+ODvOODiDxicj7iiao5MC0xMjBjbeKJqzIuNjAw5YaGL+eojuWIpTwvZm9udD48L2E+PC90ZD4KPHRkIGFsaWduPSJjZW50ZXIiIHZhbGlnbj0idG9wIj4KPGEgaHJlZj0iaHR0cDovL2l0ZW0ucmFrdXRlbi5jby5qcC9hdWMtbWlja3lraWRzL2IxNjI5MDcvIj4KPGltZyBzcmM9Imh0dHA6Ly9pbWFnZS5yYWt1dGVuLmNvLmpwL2F1Yy1taWNreWtpZHMvY2FiaW5ldC9mbzIwMTYvYml0ei9iMTYyOTA3LmpwZyIgd2lkdGg9IjIwMCIgYWx0PSJraWRzIiBib3JkZXI9IjEiPjxicj48YnI+Cjxmb250IHNpemU9IjIiIGNvbG9yPSIjNjU2NTY1Ij7li5Xniannt4/mn4TjgYvjgZU8YnI+4omqU1Pjg7tT44O7TeOCteOCpOOCuuKJqzEuOTAw5YaGL+eojuWIpTwvZm9udD48L2E+PC90ZD4KPHRkIGFsaWduPSJjZW50ZXIiIHZhbGlnbj0idG9wIj4KPGEgaHJlZj0iaHR0cDovL2l0ZW0ucmFrdXRlbi5jby5qcC9hdWMtbWlja3lraWRzL2IxNjQ5MDcvIj4KPGltZyBzcmM9Imh0dHA6Ly9pbWFnZS5yYWt1dGVuLmNvLmpwL2F1Yy1taWNreWtpZHMvY2FiaW5ldC9mbzIwMTYvYml0ei9iMTY0OTA3LmpwZyIgd2lkdGg9IjIwMCIgYWx0PSJraWRzIiBib3JkZXI9IjEiPjxicj48YnI+Cjxmb250IHNpemU9IjIiIGNvbG9yPSIjNjU2NTY1Ij7li5Xniannt4/mn4Tjg6zjgqTjg7Pjg5bjg7zjg4Q8YnI+4omqMTQtMThjbeKJqzEuNTAw5YaGL+eojuWIpTwvZm9udD48L2E+PC90ZD4KPC90cj4KPC90YWJsZT4KPGJyPgoKPHRhYmxlPgo8dHI+PHRkPjxhIGhyZWY9Imh0dHA6Ly9pdGVtLnJha3V0ZW4uY28uanAvYXVjLW1pY2t5a2lkcy9jLzAwMDAwMDAzNTkvI2EiPjxpbWcgc3JjPSJodHRwOi8vaW1hZ2UucmFrdXRlbi5jby5qcC9hdWMtbWlja3lraWRzL2NhYmluZXQvYmFubmVyX20vaW1nNTk3MjA0NzQuZ2lmIiB3aWR0aD0iNjAyIiBhbHQ9IuODrOOCpOODs+S4gOimpyIgYm9yZGVyPSIwIj48L2E+PC90ZD48L3RyPjwvdGFibGU+Cgo8dGFibGU+PHRyPjx0ZD48YSBocmVmPSJodHRwOi8vaXRlbS5yYWt1dGVuLmNvLmpwL2F1Yy1taWNreWtpZHMvYy8wMDAwMDAwMTY1LyI+PGltZyBzcmM9Imh0dHA6Ly9pbWFnZS5yYWt1dGVuLmNvLmpwL2F1Yy1taWNreWtpZHMvY2FiaW5ldC9iYW5uZXJfbS9pbWc1OTYxNzY0NC5naWYiIHdpZHRoPSI2MDIiIGFsdD0i5YWl5ZyS5LiA6KanIiBib3JkZXI9IjAiPjwvYT48L3RkPjwvdHI+PC90YWJsZT4KCjwvY2VudGVyPgoKCjwvZm9udD4KPC9wPgoKCgo8YnI+PEJyPgo8aW1nIHNyYz0iaHR0cDovL2ltYWdlLnJha3V0ZW4uY28uanAvYXVjLW1pY2t5a2lkcy9jYWJpbmV0L2ltZzU4NTA0NDMyLmdpZiI+PGJyPjxCcj4KPCEtLeODoeODvOODq+S+v++8r++8q+ODu++8ru+8p+ihqOiomOOAgOOBk+OBk+OBi+OCieOCs+ODlOODvC0tPgo8aW1nIHNyYz0iaHR0cDovL2ltYWdlLnJha3V0ZW4uY28uanAvYXVjLW1pY2t5a2lkcy9jYWJpbmV0L25nLmdpZiIgYm9yZGVyPSIwIiBhbHQ9IuODoeODvOODq+S+v++8r++8qyI+CjwhLS3jgrPjg5Tjg7zjgZPjgZPjgb7jgacK77yu77yn44Gu5aC05ZCI44CBb2suZ2lm4oaSbmcuZ2lm44GrLS0+Cjxicj48YnI+Cgrjg7vjg6Hjg7zjgqvjg7zluIzmnJvlsI/lo7LkvqHmoLzjga/jg6Hjg7zjgqvjg7zllYblk4Hjgr/jgrDjgavln7rjgaXjgYTjgabmjrLovInjgZfjgabjgYTjgb7jgZkKPGJyPjwhLS3ntI3mnJ/mg4XloLHjgrnjgr/jgqTjg6vjgrfjg7zjg4gtLT4KPHN0eWxlIHR5cGU9InRleHQvY3NzIj4KPCEtLQp0ZC5pbnZlbnRvcnkgZm9udHtmb250LXNpemU6MTBweDtjb2xvcjojNjY2NjY2O30KLS0+Cjwvc3R5bGU+CjwhLS3jgZPjgZPjgb7jgaco57SN5pyfKS0tPgoKCjxUQUJMRSBib3JkZXI9IjAiIHdpZHRoPSI3MTAiIGNlbGxwYWRkaW5nPSIwIiBjZWxsc3BhY2luZz0iMjAiIGJhY2tncm91bmQ9ImltYWdlcy9iay5qcGciPgo8VFIgdmFsaWduPSJ0b3AiIGJnY29sb3I9IiNmZmZmZmYiPgogICAgICAgICAgPFREPjxJTUcgc3JjPSJodHRwOi8vd3d3LnJha3V0ZW4ubmUuanAvZ29sZC9hdWMtbWlja3lraWRzL2ltYWdlcy9ibnIwMV9hbXBlci1nb211LmpwZyIgd2lkdGg9IjEwMCUiIGJvcmRlcj0iMCIgYWx0PSLjg5jjgqLjgqLjgq/jgrsiPjwvdGQ+CiAgICAgICAgPC90cj4KPFRSIHZhbGlnbj0idG9wIiBiZ2NvbG9yPSIjZmZmZmZmIj4KICAgICAgICAgIDxURD48SU1HIHNyYz0iaHR0cDovL3d3dy5yYWt1dGVuLm5lLmpwL2dvbGQvYXVjLW1pY2t5a2lkcy9pbWFnZXMvYm5yMDFfYjc3NjY0LmpwZyIgd2lkdGg9IjEwMCUiIGJvcmRlcj0iMCIgYWx0PSLjgrnjgq/jgqjjgqLjg5Djg4PjgrAiPjwvdGQ+CiAgICAgICAgPC90cj4KPFRSIHZhbGlnbj0idG9wIiBiZ2NvbG9yPSIjZmZmZmZmIj4KICAgICAgICAgIDxURD48SU1HIHNyYz0iaHR0cDovL3d3dy5yYWt1dGVuLm5lLmpwL2dvbGQvYXVjLW1pY2t5a2lkcy9pbWFnZXMvYm5yMDFfY2Vhbi1tYW1hLmpwZyIgd2lkdGg9IjEwMCUiIGJvcmRlcj0iMCIgYWx0PSLjgqrjg7zjgrfjg6Pjg7Pjg57jg54iPjwvdGQ+CiAgICAgICAgPC90cj4KPFRSIHZhbGlnbj0idG9wIiBiZ2NvbG9yPSIjZmZmZmZmIj4KICAgICAgICAgIDxURD48SU1HIHNyYz0iaHR0cDovL3d3dy5yYWt1dGVuLm5lLmpwL2dvbGQvYXVjLW1pY2t5a2lkcy9pbWFnZXMvYm5yMDFfcmFpbi1tYXJ1dGFrYS5qcGciIHdpZHRoPSIxMDAlIiBib3JkZXI9IjAiIGFsdD0i5Li46auY44Os44Kk44OzIj48L3RkPgogICAgICAgIDwvdHI+CjxUUiB2YWxpZ249InRvcCIgYmdjb2xvcj0iI2ZmZmZmZiI+CiAgICAgICAgICA8VEQ+PElNRyBzcmM9Imh0dHA6Ly93d3cucmFrdXRlbi5uZS5qcC9nb2xkL2F1Yy1taWNreWtpZHMvaW1hZ2VzL2JucjAxX2wxNDcwMTd4bDE0NzAyNy5qcGciIHdpZHRoPSIxMDAlIiBib3JkZXI9IjAiIGFsdD0i44K544Oq44OD44Od44OzIj48L3RkPgogICAgICAgIDwvdHI+Cgo8VFIgdmFsaWduPSJ0b3AiIGJnY29sb3I9IiNmZmZmZmYiPgogICAgICAgICAgPFREPjxJTUcgc3JjPSJodHRwOi8vaW1hZ2UucmFrdXRlbi5jby5qcC9hdWMtbWlja3lraWRzL2NhYmluZXQvbWVydW1hZ2EvYm5yMDFfb2NlYW5kZW5pbS5qcGciIHdpZHRoPSI2NzAiIGJvcmRlcj0iMCIgYWx0PSLjgqrjg7zjgrfjg6Pjg7Pjg4fjg4vjg6AiPjwvVEQ+CiAgICAgICAgPC90cj4KICAgICAgICAgIDxURD48SU1HIHNyYz0iaHR0cDovL3d3dy5yYWt1dGVuLm5lLmpwL2dvbGQvYXVjLW1pY2t5a2lkcy9pbWFnZXMvYm5yMDFfYjgxODczLmpwZyIgd2lkdGg9IjY3MCIgYm9yZGVyPSIwIiBhbHQ9IuaKmOOCiuOBn+OBn+OCgeOCi+ODrOOCpOODs+OCt+ODpeODvOOCuiI+PC9URD4KICAgICAgICA8L3RyPgo8VFIgdmFsaWduPSJ0b3AiIGJnY29sb3I9IiNmZmZmZmYiPgogICAgICAgICAgPFREPjxJTUcgc3JjPSJodHRwOi8vd3d3LnJha3V0ZW4ubmUuanAvZ29sZC9hdWMtbWlja3lraWRzL2ltYWdlcy9ibnIwMV9wb3dkZXIuanBnIiB3aWR0aD0iNjcwIiBib3JkZXI9IjAiIGFsdD0i44OR44Km44OA44O844OH44OL44OgIj48L1REPgogICAgICAgIDwvdHI+CjxUUiB2YWxpZ249InRvcCIgYmdjb2xvcj0iI2ZmZmZmZiI+CiAgICAgICAgICA8VEQ+PElNRyBzcmM9Imh0dHA6Ly9pbWFnZS5yYWt1dGVuLmNvLmpwL2F1Yy1taWNreWtpZHMvY2FiaW5ldC90b3Avc21hcnQvaW1ncmMwMDg1ODQ2NTQwLmpwZyIgd2lkdGg9IjY3MCIgYm9yZGVyPSIwIiBhbHQ9IuOBiuWHuuOBi+OBkeeJuembhiI+PC9URD4KICAgICAgICA8L3RyPgo8VFIgdmFsaWduPSJ0b3AiIGJnY29sb3I9IiNmZmZmZmYiPgogICAgICAgICAgPFREPjxJTUcgc3JjPSJodHRwOi8vaW1hZ2UucmFrdXRlbi5jby5qcC9hdWMtbWlja3lraWRzL2NhYmluZXQvdG9wL3NtYXJ0L2ltZ3JjMDA4NTg2MzQ5OS5naWYiIHdpZHRoPSI2NzAiIGJvcmRlcj0iMCIgYWx0PSLml6XmnKzoo70iPjwvVEQ+CiAgICAgICAgPC90cj4KPFRSIHZhbGlnbj0idG9wIiBiZ2NvbG9yPSIjZmZmZmZmIj4KICAgICAgICAgIDxURD48SU1HIHNyYz0iaHR0cDovL2ltYWdlLnJha3V0ZW4uY28uanAvYXVjLW1pY2t5a2lkcy9jYWJpbmV0L3RvcC9zbWFydC9pbWdyYzAwODU4NjM0NTkuZ2lmIiB3aWR0aD0iNjcwIiBib3JkZXI9IjAiIGFsdD0i56aP6KKLIj48L1REPgogICAgICAgIDwvdHI+CiAgICAgIDwvVEFCTEU+Cjxicj4KPGJyPgoKCjxJTUcgc3JjPSJodHRwOi8vd3d3LnJha3V0ZW4ubmUuanAvZ29sZC9hdWMtbWlja3lraWRzL2ltYWdlcy9uaS5qcGciIHdpZHRoPSI3MTAiIGhlaWdodD0iNDAiIGJvcmRlcj0iMCIgYWx0PSLmlrDllYblk4EiIHN0eWxlPSJtYXJnaW4tYm90dG9tOjVweCI+PGJyPg==,MjAxN+aYpeaWsOS9nHR044CQQklUJ1ov44OT44OD44OE44CR5YuV54mp57eP5p+E44Os44Kk44Oz44OW44O844OEMTRjbSAxNWNtIDE2Y20gMTdjbSAxOGNt44Os44Kk44Oz44K344Ol44O844K6IOmVt+mdtCDou73ph48g44Kt44OD44K6IOWFpeWckiDlhaXlrabmupblgpnvvJrjg5/jg4Pjgq3jg7zjgq3jg4Pjgrrmpb3lpKnluILloLTlupc=,44K744Op44OVcGV0aXQgamFt44GK56Wd44GE77yo77yv77y377yk77y544CA44OP44Km44OH44Kj77yy772B772H77yt772B772S772U77yk772B772E772E772Z44CA44OA44OH44Kj77ym77yO77yv77yO77yr77yp77yk77yz77yi772J772UJnJzcXVvO++9muOAgOODk+ODg+ODhOmAmuWckuWtkOS+m+acjeemj+iii+OCu+ODvOODq+alveWkqTgwOTA5NTEwMDExMDEyMDEzMDIwMTfmmKXmlrDkvZx0dOOAkEJJVCdaL+ODk+ODg+ODhOOAkeWLleeJqee3j+afhOODrOOCpOODs+ODluODvOODhDE0Y20gMTVjbSAxNmNtIDE3Y20gMThjbeODrOOCpOODs+OCt+ODpeODvOOCuiDplbfpnbQg6Lu96YePIOOCreODg+OCuiDlhaXlnJIg5YWl5a2m5rqW5YKZ,JzE3IFNwcmluZyBDb2xsZWN0aW9uIOKZquOAkOWumuW9ouWkluOBvuOBn+OBr+WuhemFjeS+v+eZuumAgeOAkeOAgjIwMTfmmKXmlrDkvZx0dOOAkEJJVCdaL+ODk+ODg+ODhOOAkeWLleeJqee3j+afhOODrOOCpOODs+ODluODvOODhDE0Y20gMTVjbSAxNmNtIDE3Y20gMThjbeODrOOCpOODs+OCt+ODpeODvOOCuiDplbfpnbQg6Lu96YePIOOCreODg+OCuiDlhaXlnJIg5YWl5a2m5rqW5YKZ[rn]
30-32935,aHR0cDovL3RzaG9wLnIxMHMuanAvYXVjLW1pY2t5a2lkcy9jYWJpbmV0L2ZvMjAxNXN1L2FtcGVyc2FuZC9sMTY0MDM2LmpwZz9maXRpbj03MDA6NzAw,NjQ4LjAwMDA=,,44Kt44OD44K644O744OZ44OT44O844O744Oe44K/44OL44OG44KjID4g44Kt44OD44K6ID4g6Z20ID4g6ZW36Z2044O744Os44Kk44Oz44K344Ol44O844K6,77yc54m55L6h77yB77yBNTDvvIVPRkbvvJ4yMDE25pil5paw5L2cdHTjgJBhbXBlcnNhbmQv44Ki44Oz44OR44K144Oz44OJ44CRRFnjg5/jg4Pjgq3jg7znt4/mn4Tjg6zjgqTjg7Pjgrfjg6Xjg7zjgroxNGNtIDE1Y20gMTZjbSAxN2NtIDE4Y20gMTljbSAyMGNt44Os44Kk44Oz44OW44O844OEL+mVt+mdtC/ou73ph48v44Kt44OD44K6L+WFpeWcki/lhaXlrabmupblgpk=,44CQ5a6a5b2i5aSW44G+44Gf44Gv5a6F6YWN5L6/55m66YCB44CR,PHN0eWxlIHR5cGU9InRleHQvY3NzIj5wIHsgbGluZS1oZWlnaHQ6IDE2MCU7IH08L3N0eWxlPgo8cD4KPElNRyBzcmM9Imh0dHA6Ly93d3cucmFrdXRlbi5uZS5qcC9nb2xkL2F1Yy1taWNreWtpZHMvaW1hZ2VzL25pLmpwZyIgd2lkdGg9IjcxMCIgaGVpZ2h0PSI0MCIgYm9yZGVyPSIwIiBhbHQ9IuaWsOWVhuWTgSIgc3R5bGU9Im1hcmdpbi1ib3R0b206NXB4Ij48YnI+CjxpZnJhbWUgaWQ9Inpvc2FuXzI2MDEiIG5hbWU9Inpvc2FuXzI2MDEiIHNyYz0iaHR0cDovL3d3dy5yYWt1dGVuLm5lLmpwL2dvbGQvYXVjLW1pY2t5a2lkcy9fX1pPU0FOX1RPT0xTX18vMjYwMS8iIGZyYW1lYm9yZGVyPSIwIiBtYXJnaW53aWR0aD0iMCIgc2Nyb2xsaW5nPSJubyIgbWFyZ2luaGVpZ2h0PSIwIiBzdHlsZT0iYm9yZGVyOiAxcHggc29saWQgI2ZmZmZmZjsgcGFkZGluZzowcHg7IiAgd2lkdGg9IjcxMCIgaGVpZ2h0PSI0NzYiPjwvaWZyYW1lPgoKPGJyPjxicj4KPGJyPjxicj4KCjwhLS3llYblk4HnlLvlg48tLT4KPGltZyBzcmM9Imh0dHA6Ly9pbWFnZS5yYWt1dGVuLmNvLmpwL2F1Yy1taWNreWtpZHMvY2FiaW5ldC9mbzIwMTVzdS9hbXBlcnNhbmQvbDE2NDAzNi5qcGciIGFsdD0i5ZWG5ZOB55S75YOP5q2j6Z2iIj48YnI+PGJyPgoKPCEtLeWVhuWTgeiqrOaYji0tPgo8aW1nIHNyYz0iaHR0cDovL2ltYWdlLnJha3V0ZW4uY28uanAvYXVjLW1pY2t5a2lkcy9jYWJpbmV0L2l0ZW0tZG90cmVkLmdpZiI+PGJyPjxicj4KPGZvbnQgY29sb3I9InB1cnBsZSIgc2l6ZT0yPgrmsLjpgaDjga7jgqLjgqTjg4njg6vjgIzjg5/jg4Pjgq3jg7zjg57jgqbjgrnjgI3jgYzigJxGLk8uS0lEU+KAneOBqOOCs+ODqeODnCheXuKZquODu+OAgjxicj4K5q+O5bm05aSn5Lq65rCX44Gu44Of44OD44Kt44O857eP5p+E44Gu44Os44Kk44Oz44K344Ol44O844K644Gn44GZ4piGPGJyPgrpm6jjga7ml6XjgoTpm6rpgYrjgbPjgavjgoLkvb/jgYjjgovpmLLmsLTku5Xmp5jjga7ntKDmnZDjgafil448YnI+CuWxpeOBjeWPo+OBr+ODq+ODvOODl+S7mOOBjeOBp+OAgeWwj+OBleOBhOOBiuWtkOanmOOCguOBr+OBjeOChOOBmeOBhOODh+OCtuOCpOODs++8ge+8iio8YnI+CuOBmeOBo+OBveOCiuWxpeOBjeOChOOBmeOBhOWxpeOBjeWPo++8hua7keOCiuOBq+OBj+OBhOmdtOW6leOBp+OBmeOAgjxicj4K77yc5aSW44Gb44KL77yB44Kk44Oz44K944O844Or5LuY44GN77yePGJyPgrjgIDkuK3mlbfjgY3jgpLlj5bjgorlh7rjgZfjgabkub7jgYvjgZnkuovjgYzlh7rmnaXjgovjga7jgac8YnI+CuOAgOOCq+ODk+OBrue5geauluOCkuaKkeOBiOOCi+S6i+OBjOOBp+OBjeOAgea4hea9lOOBp+OBmeOAgjxicj4K44CA6YCf5Lm+5oCn44KCR09PROOBquOBruOBp+OAgeODoOODrOOBq+OBj+OBhOOAgjxicj4K5YWl5ZyS5YWl5a2m44Gu44GU5rqW5YKZ44Gr44Gc44Gy44Gp44GG44Ge44Gj4pmqPGJyPjxicj4KCjxpbWcgc3JjPSJodHRwOi8vaW1hZ2UucmFrdXRlbi5jby5qcC9hdWMtbWlja3lraWRzL2NhYmluZXQvZm8yMDE1c3UvYW1wZXJzYW5kL2wxNjQwMzZfMS5qcGciIGFsdD0i5ZWG5ZOB55S75YOP44OQ44OD44KvIj48YnI+PGJyPgo8aW1nIHNyYz0iaHR0cDovL2ltYWdlLnJha3V0ZW4uY28uanAvYXVjLW1pY2t5a2lkcy9jYWJpbmV0L2ZvMjAxNXN1L2FtcGVyc2FuZC9sMTY0MDM2XzIuanBnIiBhbHQ9IuWVhuWTgeeUu+WDj++8k+aemuebriI+PGJyPjxicj4KCjxpbWcgc3JjPSJodHRwOi8vaW1hZ2UucmFrdXRlbi5jby5qcC9hdWMtbWlja3lraWRzL2NhYmluZXQvaW1nNTc4ODA0NzUuanBnIj48YnI+PGJyPgoK4piF5a6a5b2i5aSW44G+44Gf44Gv5a6F6YWN5L6/44Gu55m66YCB44Gn44GZ44CCPGJyPjxicj48L2ZvbnQ+CjxpbWcgc3JjPSJodHRwOi8vaW1hZ2UucmFrdXRlbi5jby5qcC9hdWMtbWlja3lraWRzL2NhYmluZXQvaW1nNTc4ODA0NzUuanBnIj48YnI+PGJyPgoKPCEtLeOCs+ODvOODh+OCo+ODjeODvOODiC0tPgo8YnI+PGZvbnQgY29sb3I9ImdyZWVuIiBzaXplPTM+PGI+4pmq4pmqRFnjg5/jg4Pjgq3jg7znt4/mn4Tjg6zjgqTjg7Pjgrfjg6rjg7zjgrrimarimao8L2I+PC9mb250Pgo8YnI+Cjx0YWJsZSBib3JkZXI9IjAiIHdpZHRoPSI2MDAiIGhpZ2h0PSIzNTAiIGNlbGxwYWRpbmc9IjAiIGNlbGxzcGFjaW5nPSIyMCI+Cjx0cj4KPHRkIGFsaWduPSJjZW50ZXIiIHZhbGlnbj0iY2VudGVyIj4KPGEgaHJlZj0iaHR0cDovL2l0ZW0ucmFrdXRlbi5jby5qcC9hdWMtbWlja3lraWRzL2wxNjIwMzYvIj4KPGltZyBzcmM9Imh0dHA6Ly9pbWFnZS5yYWt1dGVuLmNvLmpwL2F1Yy1taWNreWtpZHMvY2FiaW5ldC9mbzIwMTVzdS9hbXBlcnNhbmQvbDE2MjAzNi5qcGciIHdpZHRoPSIyMDAiIGFsdD0ia2lkcyIgYm9yZGVyPSIxIj48YnI+PGJyPgo8Zm9udCBzaXplPSIyIiBjb2xvcj0iIzY1NjU2NSI+44Of44OD44Kt44O857eP5p+E56qT5LuY44GN5YKYPGJyPuKJqlNT44O7U+ODu03jgrXjgqTjgrriiasxLjkwMOWGhi/nqI7liKU8L2ZvbnQ+PC9hPjwvdGQ+Cjx0ZCBhbGlnbj0iY2VudGVyIiB2YWxpZ249ImNlbnRlciI+CjxhIGhyZWY9Imh0dHA6Ly9pdGVtLnJha3V0ZW4uY28uanAvYXVjLW1pY2t5a2lkcy9sMTY0MDM2LyI+CjxpbWcgc3JjPSJodHRwOi8vaW1hZ2UucmFrdXRlbi5jby5qcC9hdWMtbWlja3lraWRzL2NhYmluZXQvZm8yMDE1c3UvYW1wZXJzYW5kL2wxNjQwMzYuanBnIiB3aWR0aD0iMjAwIiBhbHQ9ImtpZHMiIGJvcmRlcj0iMSI+PGJyPjxicj4KPGZvbnQgc2l6ZT0iMiIgY29sb3I9IiM2NTY1NjUiPuODn+ODg+OCreODvOe3j+afhOODrOOCpOODs+OCt+ODpeODvOOCujxicj7iiaoxNC0yMGNt4omrMS41MDDlhoYv56iO5YilPC9mb250PjwvYT48L3RkPgo8L3RyPgo8L3RhYmxlPgo8YnI+Cjx0YWJsZT4KPHRyPjx0ZD48YSBocmVmPSJodHRwOi8vaXRlbS5yYWt1dGVuLmNvLmpwL2F1Yy1taWNreWtpZHMvYy8wMDAwMDAwMzU5LyNhIj48aW1nIHNyYz0iaHR0cDovL2ltYWdlLnJha3V0ZW4uY28uanAvYXVjLW1pY2t5a2lkcy9jYWJpbmV0L2Jhbm5lcl9tL2ltZzU5NzIwNDc0LmdpZiIgd2lkdGg9IjYwMiIgYWx0PSLjg6zjgqTjg7PkuIDopqciIGJvcmRlcj0iMCI+PC9hPjwvdGQ+PC90cj48L3RhYmxlPgoKPC9wPgoKCjxicj48YnI+CjxpbWcgc3JjPSJodHRwOi8vaW1hZ2UucmFrdXRlbi5jby5qcC9hdWMtbWlja3lraWRzL2NhYmluZXQvaW1nNTg1MDQ0MzIuZ2lmIj48YnI+PEJyPgo8YnI+PGJyPgo8IS0t44Oh44O844Or5L6/77yv77yr44O777yu77yn6KGo6KiY44CA44GT44GT44GL44KJ44Kz44OU44O8LS0+CjxpbWcgc3JjPSJodHRwOi8vaW1hZ2UucmFrdXRlbi5jby5qcC9hdWMtbWlja3lraWRzL2NhYmluZXQvbmcuZ2lmIiBib3JkZXI9IjAiIGFsdD0i44Oh44O844Or5L6/77yv77yrIj4KPCEtLeOCs+ODlOODvOOBk+OBk+OBvuOBpwrvvK7vvKfjga7loLTlkIjjgIFvay5naWbihpJuZy5naWbjgastLT4KPGJyPjxicj4K44O744Oh44O844Kr44O85biM5pyb5bCP5aOy5L6h5qC844Gv44Oh44O844Kr44O85ZWG5ZOB44K/44Kw44Gr5Z+644Gl44GE44Gm5o6y6LyJ44GX44Gm44GE44G+44GZCjxicj48IS0t57SN5pyf5oOF5aCx44K544K/44Kk44Or44K344O844OILS0+CjxzdHlsZSB0eXBlPSJ0ZXh0L2NzcyI+CjwhLS0KdGQuaW52ZW50b3J5IGZvbnR7Zm9udC1zaXplOjEwcHg7Y29sb3I6IzY2NjY2Njt9Ci0tPgo8L3N0eWxlPgo8IS0t44GT44GT44G+44GnKOe0jeacnyktLT4KCgo8VEFCTEUgYm9yZGVyPSIwIiB3aWR0aD0iNzEwIiBjZWxscGFkZGluZz0iMCIgY2VsbHNwYWNpbmc9IjIwIiBiYWNrZ3JvdW5kPSJpbWFnZXMvYmsuanBnIj4KPFRSIHZhbGlnbj0idG9wIiBiZ2NvbG9yPSIjZmZmZmZmIj4KICAgICAgICAgIDxURD48SU1HIHNyYz0iaHR0cDovL3d3dy5yYWt1dGVuLm5lLmpwL2dvbGQvYXVjLW1pY2t5a2lkcy9pbWFnZXMvYm5yMDFfYW1wZXItZ29tdS5qcGciIHdpZHRoPSIxMDAlIiBib3JkZXI9IjAiIGFsdD0i44OY44Ki44Ki44Kv44K7Ij48L3RkPgogICAgICAgIDwvdHI+CjxUUiB2YWxpZ249InRvcCIgYmdjb2xvcj0iI2ZmZmZmZiI+CiAgICAgICAgICA8VEQ+PElNRyBzcmM9Imh0dHA6Ly93d3cucmFrdXRlbi5uZS5qcC9nb2xkL2F1Yy1taWNreWtpZHMvaW1hZ2VzL2JucjAxX2I3NzY2NC5qcGciIHdpZHRoPSIxMDAlIiBib3JkZXI9IjAiIGFsdD0i44K544Kv44Ko44Ki44OQ44OD44KwIj48L3RkPgogICAgICAgIDwvdHI+CjxUUiB2YWxpZ249InRvcCIgYmdjb2xvcj0iI2ZmZmZmZiI+CiAgICAgICAgICA8VEQ+PElNRyBzcmM9Imh0dHA6Ly93d3cucmFrdXRlbi5uZS5qcC9nb2xkL2F1Yy1taWNreWtpZHMvaW1hZ2VzL2JucjAxX2NlYW4tbWFtYS5qcGciIHdpZHRoPSIxMDAlIiBib3JkZXI9IjAiIGFsdD0i44Kq44O844K344Oj44Oz44Oe44OeIj48L3RkPgogICAgICAgIDwvdHI+CjxUUiB2YWxpZ249InRvcCIgYmdjb2xvcj0iI2ZmZmZmZiI+CiAgICAgICAgICA8VEQ+PElNRyBzcmM9Imh0dHA6Ly93d3cucmFrdXRlbi5uZS5qcC9nb2xkL2F1Yy1taWNreWtpZHMvaW1hZ2VzL2JucjAxX3JhaW4tbWFydXRha2EuanBnIiB3aWR0aD0iMTAwJSIgYm9yZGVyPSIwIiBhbHQ9IuS4uOmrmOODrOOCpOODsyI+PC90ZD4KICAgICAgICA8L3RyPgo8VFIgdmFsaWduPSJ0b3AiIGJnY29sb3I9IiNmZmZmZmYiPgogICAgICAgICAgPFREPjxJTUcgc3JjPSJodHRwOi8vd3d3LnJha3V0ZW4ubmUuanAvZ29sZC9hdWMtbWlja3lraWRzL2ltYWdlcy9ibnIwMV9sMTQ3MDE3eGwxNDcwMjcuanBnIiB3aWR0aD0iMTAwJSIgYm9yZGVyPSIwIiBhbHQ9IuOCueODquODg+ODneODsyI+PC90ZD4KICAgICAgICA8L3RyPgoKPFRSIHZhbGlnbj0idG9wIiBiZ2NvbG9yPSIjZmZmZmZmIj4KICAgICAgICAgIDxURD48SU1HIHNyYz0iaHR0cDovL2ltYWdlLnJha3V0ZW4uY28uanAvYXVjLW1pY2t5a2lkcy9jYWJpbmV0L21lcnVtYWdhL2JucjAxX29jZWFuZGVuaW0uanBnIiB3aWR0aD0iNjcwIiBib3JkZXI9IjAiIGFsdD0i44Kq44O844K344Oj44Oz44OH44OL44OgIj48L1REPgogICAgICAgIDwvdHI+CiAgICAgICAgICA8VEQ+PElNRyBzcmM9Imh0dHA6Ly93d3cucmFrdXRlbi5uZS5qcC9nb2xkL2F1Yy1taWNreWtpZHMvaW1hZ2VzL2JucjAxX2I4MTg3My5qcGciIHdpZHRoPSI2NzAiIGJvcmRlcj0iMCIgYWx0PSLmipjjgorjgZ/jgZ/jgoHjgovjg6zjgqTjg7Pjgrfjg6Xjg7zjgroiPjwvVEQ+CiAgICAgICAgPC90cj4KPFRSIHZhbGlnbj0idG9wIiBiZ2NvbG9yPSIjZmZmZmZmIj4KICAgICAgICAgIDxURD48SU1HIHNyYz0iaHR0cDovL3d3dy5yYWt1dGVuLm5lLmpwL2dvbGQvYXVjLW1pY2t5a2lkcy9pbWFnZXMvYm5yMDFfcG93ZGVyLmpwZyIgd2lkdGg9IjY3MCIgYm9yZGVyPSIwIiBhbHQ9IuODkeOCpuODgOODvOODh+ODi+ODoCI+PC9URD4KICAgICAgICA8L3RyPgo8VFIgdmFsaWduPSJ0b3AiIGJnY29sb3I9IiNmZmZmZmYiPgogICAgICAgICAgPFREPjxJTUcgc3JjPSJodHRwOi8vaW1hZ2UucmFrdXRlbi5jby5qcC9hdWMtbWlja3lraWRzL2NhYmluZXQvdG9wL3NtYXJ0L2ltZ3JjMDA4NTg0NjU0MC5qcGciIHdpZHRoPSI2NzAiIGJvcmRlcj0iMCIgYWx0PSLjgYrlh7rjgYvjgZHnibnpm4YiPjwvVEQ+CiAgICAgICAgPC90cj4KPFRSIHZhbGlnbj0idG9wIiBiZ2NvbG9yPSIjZmZmZmZmIj4KICAgICAgICAgIDxURD48SU1HIHNyYz0iaHR0cDovL2ltYWdlLnJha3V0ZW4uY28uanAvYXVjLW1pY2t5a2lkcy9jYWJpbmV0L3RvcC9zbWFydC9pbWdyYzAwODU4NjM0OTkuZ2lmIiB3aWR0aD0iNjcwIiBib3JkZXI9IjAiIGFsdD0i5pel5pys6KO9Ij48L1REPgogICAgICAgIDwvdHI+CjxUUiB2YWxpZ249InRvcCIgYmdjb2xvcj0iI2ZmZmZmZiI+CiAgICAgICAgICA8VEQ+PElNRyBzcmM9Imh0dHA6Ly9pbWFnZS5yYWt1dGVuLmNvLmpwL2F1Yy1taWNreWtpZHMvY2FiaW5ldC90b3Avc21hcnQvaW1ncmMwMDg1ODYzNDU5LmdpZiIgd2lkdGg9IjY3MCIgYm9yZGVyPSIwIiBhbHQ9Iuemj+iiiyI+PC9URD4KICAgICAgICA8L3RyPgogICAgICA8L1RBQkxFPgo8YnI+Cjxicj4KCgo8SU1HIHNyYz0iaHR0cDovL3d3dy5yYWt1dGVuLm5lLmpwL2dvbGQvYXVjLW1pY2t5a2lkcy9pbWFnZXMvbmkuanBnIiB3aWR0aD0iNzEwIiBoZWlnaHQ9IjQwIiBib3JkZXI9IjAiIGFsdD0i5paw5ZWG5ZOBIiBzdHlsZT0ibWFyZ2luLWJvdHRvbTo1cHgiPjxicj4=,77yc54m55L6h77yB77yBNTDvvIVPRkbvvJ4yMDE25pil5paw5L2cdHTjgJBhbXBlcnNhbmQv44Ki44Oz44OR44K144Oz44OJ44CRRFnjg5/jg4Pjgq3jg7znt4/mn4Tjg6zjgqTjg7Pjgrfjg6Xjg7zjgroxNGNtIDE1Y20gMTZjbSAxN2NtIDE4Y20gMTljbSAyMGNt44Os44Kk44Oz44OW44O844OEL+mVt+mdtC/ou73ph48v44Kt44OD44K6L+WFpeWcki/lhaXlrabmupblgpnvvJrjg5/jg4Pjgq3jg7zjgq3jg4Pjgrrmpb3lpKnluILloLTlupc=,44K744Op44OVcGV0aXQgamFt44GK56Wd44GE77yo77yv77y377yk77y544CA44OP44Km44OH44Kj77yy772B772H77yt772B772S772U77yk772B772E772E772Z44CA44OA44OH44Kj77ym77yO77yv77yO77yr77yp77yk77yz77yi772J772UJnJzcXVvO++9muOAgOODk+ODg+ODhOmAmuWckuWtkOS+m+acjeemj+iii+OCu+ODvOODq+alveWkqTgwOTA5NTEwMDExMDEyMDEzMO+8nOeJueS+oe+8ge+8gTUw77yFT0ZG77yeMjAxNuaYpeaWsOS9nHR044CQYW1wZXJzYW5kL+OCouODs+ODkeOCteODs+ODieOAkURZ44Of44OD44Kt44O857eP5p+E44Os44Kk44Oz44K344Ol44O844K6MTRjbSAxNWNtIDE2Y20gMTdjbSAxOGNtIDE5Y20gMjBjbeODrOOCpOODs+ODluODvOODhC/plbfpnbQv6Lu96YePL+OCreODg+OCui/lhaXlnJIv5YWl5a2m5rqW5YKZ,44CQ5a6a5b2i5aSW44G+44Gf44Gv5a6F6YWN5L6/55m66YCB44CR44CC77yc54m55L6h77yB77yBNTDvvIVPRkbvvJ4yMDE25pil5paw5L2cdHTjgJBhbXBlcnNhbmQv44Ki44Oz44OR44K144Oz44OJ44CRRFnjg5/jg4Pjgq3jg7znt4/mn4Tjg6zjgqTjg7Pjgrfjg6Xjg7zjgroxNGNtIDE1Y20gMTZjbSAxN2NtIDE4Y20gMTljbSAyMGNt44Os44Kk44Oz44OW44O844OEL+mVt+mdtC/ou73ph48v44Kt44OD44K6L+WFpeWcki/lhaXlrabmupblgpk=[rn]
30-32936,aHR0cDovL3RzaG9wLnIxMHMuanAvYXVjLW1pY2t5a2lkcy9jYWJpbmV0L3l1YXp1L29yYW5nZS82NzU3NTAxLmpwZz9maXRpbj03MDA6NzAw,ODIwLjgwMDA=,,44Kt44OD44K644O744OZ44OT44O844O744Oe44K/44OL44OG44KjID4g44Kt44OD44K6ID4g6Z20ID4g6ZW36Z2044O744Os44Kk44Oz44K344Ol44O844K6,77ycNTDvvIVPRkbvvJ4yMDE156eL44CA5YWl6I2377yB44CQb3JhbmdlIGJvbiBib24v44Kq44Os44Oz44K444Oc44Oz44Oc44Oz44CR44Od44OD44OX44OV44Op44Ov44O85p+E4pmq44Os44Kk44Oz44K344Ol44O844K64omqMTVjbTE2Y20xN2NtMThjbTE5Y20yMGNtMjFjbeKJqw==,44CQ5a6F6YWN5L6/55m66YCB44CR44Kt44Ol44O844OI44Gn44OK44OB44Ol44Op44Or44Gq44Os44Kk44Oz44K344Ol44O844K64pmq,PHN0eWxlIHR5cGU9InRleHQvY3NzIj5wIHsgbGluZS1oZWlnaHQ6IDE2MCU7IH08L3N0eWxlPgo8Y2VudGVyPgo8cD4KPCEtLeWVhuWTge+8keaemuebrueUu+WDjy0tPgo8aW1nIHNyYz0iaHR0cDovL2ltYWdlLnJha3V0ZW4uY28uanAvYXVjLW1pY2t5a2lkcy9jYWJpbmV0L3l1YXp1L29yYW5nZS82NzU3NTAxLmpwZyIKIGFsdD0i5ZWG5ZOB55S75YOP5q2j6Z2iIj48YnI+Cgo8aW1nIHNyYz0iaHR0cDovL2ltYWdlLnJha3V0ZW4uY28uanAvYXVjLW1pY2t5a2lkcy9jYWJpbmV0L2ltZzU3ODAyNzkwLmdpZiI+PGJyPgo8Zm9udCBjb2xvcj0iI2IxODM1ZSIgc2l6ZT0yPgrjgqvjg6njg5Xjg6njg6vjgarjgYroirHjgpLlj6/mhJvjgY/mj4/jgYTjgZ/jgq3jg6Xjg7zjg4jjgarjg6zjgqTjg7Pjg5bjg7zjg4TimaogPGJyPgrpm6jjga7ml6XjgoTpm6rpgYrjgbPjgavjgoLkvb/jgYjjgovpmLLmsLTku5Xmp5jjga7ntKDmnZDjgafil448YnI+CuOBk+OCk+OBquOBq+OCreODpeODvOODiOOBquODrOOCpOODs+ODluODvOODhOOBquOCiei2s+WFg+OBp+W3ruOBjOS7mOOBj+OBk+OBqOmWk+mBleOBhOOBquOBl++8vu+8je+8vjxicj4K44GZ44Gj44G944KK5bGl44GN44KE44GZ44GE5bGl44GN5Y+j77yG5ruR44KK44Gr44GP44GE44Ku44K244Ku44K244Gu6Z205bqV44Gn44GZ44CCPGJyPgog77yc5aSW44Gb44KL77yB44Kk44Oz44K944O844Or5LuY44GN77yePGJyPgrkuK3mlbfjgY3jgYzjgYLjgovjga7jgafjgIHmv6HjgozjgZ/mmYLkub7jgYvjgZfjgoTjgZnjgYQ8YnI+CuWkmuWwkeOBruOCteOCpOOCuuiqv+evgOOCgu+9j++9i+OAgjxicj4K5YWl5ZyS44O75YWl5a2m44Gu44GU5rqW5YKZ44Gr44Gc44Gy44Gp44GG44Ge44Gj4pmq4pmqPGJyPjxicj4KCjwhLS3llYblk4Ey5p6a55uu772e55S75YOPLS0+CjxpbWcgc3JjPSJodHRwOi8vaW1hZ2UucmFrdXRlbi5jby5qcC9hdWMtbWlja3lraWRzL2NhYmluZXQvaW1nNTc4MDI3ODcuZ2lmIj48YnI+CjxpbWcgc3JjPSJodHRwOi8vaW1hZ2UucmFrdXRlbi5jby5qcC9hdWMtbWlja3lraWRzL2NhYmluZXQveXVhenUvb3JhbmdlLzY3NTc1MDFfMS5qcGciCiBhbHQ9IuWVhuWTgeeUu+WDj+ato+mdoiI+PGJyPgo8aW1nIHNyYz0iaHR0cDovL2ltYWdlLnJha3V0ZW4uY28uanAvYXVjLW1pY2t5a2lkcy9jYWJpbmV0L3l1YXp1L29yYW5nZS82NzU3NTAxXzIuanBnIgogYWx0PSLllYblk4HnlLvlg4/mraPpnaIiPjxicj4KPGJyPgoKPGltZyBzcmM9Imh0dHA6Ly9pbWFnZS5yYWt1dGVuLmNvLmpwL2F1Yy1taWNreWtpZHMvY2FiaW5ldC9pbWc1NzgwMjg5Mi5naWYiPjxicj4K4piF57Sg5p2QPGJyPgrmnKzkvZPvvJrjg53jg6rloanljJbjg5Pjg4vjg6sxMDDvvIU8YnI+Cuijj+WcsO+8muODneODquOCqOOCueODhuODqzEwMO+8hTxicj48YnI+CgrimIXlroXphY3kvr/nmbrpgIHjgII8YnI+PC9mb250Pjxicj4KCjwhLS3jgYrjgZ3jgo3jgYQtLT4KPGZvbnQgY29sb3I9InB1cnBsZSIgc2l6ZT0zPjxiPuODneODg+ODl+ODleODqeODr+ODvOafhOOCt+ODquODvOOCuuKYhuOAgu+8iuODu+OAgjwvYj48YnI+Cgo8dGFibGUgYm9yZGVyPSIwIiB3aWR0aD0iNjAwIiBoaWdodD0iMzUwIiBjZWxscGFkaW5nPSIwIiBjZWxsc3BhY2luZz0iMjAiPgo8dHI+Cjx0ZCB3aWR0aD0iMjgwIiBoaWdodD0iMzAwIiBhbGlnbj0iY2VudGVyIiB2YWxpZ249ImNlbnRlciI+CjxhIGhyZWY9Imh0dHA6Ly9pdGVtLnJha3V0ZW4uY28uanAvYXVjLW1pY2t5a2lkcy82NzU3MTAxLyI+PGltZyBzcmM9Imh0dHA6Ly9pbWFnZS5yYWt1dGVuLmNvLmpwL2F1Yy1taWNreWtpZHMvY2FiaW5ldC95dWF6dS9vcmFuZ2UvNjc1NzEwMS5qcGciIHdpZHRoPSIyMDAiIGhlaWdodD0iMjAwIiBhbHQ9ImtpZHMiIGJvcmRlcj0iMSI+PGJyPjxicj4KPGZvbnQgc2l6ZT0iMiIgY29sb3I9IiM2NTY1NjUiPuODrOOCpOODs+ODj+ODg+ODiDxicj7iiao1MC01NmNt4omrMS4zMDDlhoYv56iO5YilPC9mb250PjwvYT48L3RkPgo8dGQgd2lkdGg9IjI4MCIgaGlnaHQ9IjMwMCIgYWxpZ249ImNlbnRlciIgdmFsaWduPSJjZW50ZXIiPgo8YSBocmVmPSJodHRwOi8vaXRlbS5yYWt1dGVuLmNvLmpwL2F1Yy1taWNreWtpZHMvNjc1NzgwMS8iPjxpbWcgc3JjPSJodHRwOi8vaW1hZ2UucmFrdXRlbi5jby5qcC9hdWMtbWlja3lraWRzL2NhYmluZXQveXVhenUvb3JhbmdlLzY3NTc4MDEuanBnIiB3aWR0aD0iMjAwIiBoZWlnaHQ9IjIwMCIgYWx0PSJraWRzIiBib3JkZXI9IjEiPjxicj48YnI+Cjxmb250IHNpemU9IjIiIGNvbG9yPSIjNjU2NTY1Ij7jg6zjgqTjg7PjgrPjg7zjg4g8YnI+4omqMTAwLTE0MGNt4omrMi45MDDlhoYv56iO5YilPC9mb250PjwvYT48L3RkPgo8L3RyPgo8dHI+Cjx0ZCB3aWR0aD0iMjgwIiBoaWdodD0iMzAwIiBhbGlnbj0iY2VudGVyIiB2YWxpZ249ImNlbnRlciI+CjxhIGhyZWY9Imh0dHA6Ly9pdGVtLnJha3V0ZW4uY28uanAvYXVjLW1pY2t5a2lkcy82NzU3NTAxeDY3NTc1MDIvIj48aW1nIHNyYz0iaHR0cDovL2ltYWdlLnJha3V0ZW4uY28uanAvYXVjLW1pY2t5a2lkcy9jYWJpbmV0L3l1YXp1L29yYW5nZS82NzU3NTAxLmpwZyIgd2lkdGg9IjIwMCIgaGVpZ2h0PSIyMDAiIGFsdD0ia2lkcyIgYm9yZGVyPSIxIj48YnI+PGJyPgo8Zm9udCBzaXplPSIyIiBjb2xvcj0iIzY1NjU2NSI+44Os44Kk44Oz44K344Ol44O844K6PGJyPuKJqjE1LTIxY23iiasxLjkwMOWGhi/nqI7liKU8L2ZvbnQ+PC9hPjwvdGQ+Cjx0ZCB3aWR0aD0iMjgwIiBoaWdodD0iMzAwIiBhbGlnbj0iY2VudGVyIiB2YWxpZ249ImNlbnRlciI+CjxhIGhyZWY9Imh0dHA6Ly9pdGVtLnJha3V0ZW4uY28uanAvYXVjLW1pY2t5a2lkcy82NzU3NjAxLyI+PGltZyBzcmM9Imh0dHA6Ly9pbWFnZS5yYWt1dGVuLmNvLmpwL2F1Yy1taWNreWtpZHMvY2FiaW5ldC95dWF6dS9vcmFuZ2UvNjc1NzYwMS5qcGciIHdpZHRoPSIyMDAiIGhlaWdodD0iMjAwIiBhbHQ9ImtpZHMiIGJvcmRlcj0iMSI+PGJyPjxicj4KPGZvbnQgc2l6ZT0iMiIgY29sb3I9IiM2NTY1NjUiPuOBi+OBlTxicj7iiapTLUziiasxLjkwMOWGhi/nqI7liKU8L2ZvbnQ+PC9hPjwvdGQ+CjwvdHI+CjwvdGFibGU+CjwvcD4KPC9jZW50ZXI+CjxCUj48QlI+CjxpbWcgc3JjPSJodHRwOi8vaW1hZ2UucmFrdXRlbi5jby5qcC9hdWMtbWlja3lraWRzL2NhYmluZXQvaW1nNTc4MDI4OTIuZ2lmIj48YnI+Cgo8dHI+PHRkIGNvbHNwYW49IjIiPjxhIGhyZWY9Imh0dHA6Ly9pdGVtLnJha3V0ZW4uY28uanAvYXVjLW1pY2t5a2lkcy9jLzAwMDAwMDAzNTkvI2EiPjxpbWcgc3JjPSJodHRwOi8vaW1hZ2UucmFrdXRlbi5jby5qcC9hdWMtbWlja3lraWRzL2NhYmluZXQvYmFubmVyX20vaW1nNTk3MjA0NzQuZ2lmIiB3aWR0aD0iNjAyIiBhbHQ9IuWFpeWckuS4gOimpyIgYm9yZGVyPSIwIj48L3RkPjwvdHI+PC90YWJsZT48YnI+PEJyPjxpbWcgc3JjPSJodHRwOi8vaW1hZ2UucmFrdXRlbi5jby5qcC9hdWMtbWlja3lraWRzL2NhYmluZXQvaW1nNTg1MDQ0MzIuZ2lmIj48YnI+PEJyPjxpbWcgc3JjPSJodHRwOi8vaW1hZ2UucmFrdXRlbi5jby5qcC9hdWMtbWlja3lraWRzL2NhYmluZXQvbmcuZ2lmIiBib3JkZXI9IjAiIGFsdD0i44Oh44O844Or5L6/77yv77yrIj4KPCEtLeOCs+ODlOODvOOBk+OBk+OBvuOBpwrvvK7vvKfjga7loLTlkIjjgIFvay5naWbihpJuZy5naWbjgastLT4KPGJyPjxicj4KCuODu+ODoeODvOOCq+ODvOW4jOacm+Wwj+WjsuS+oeagvOOBr+ODoeODvOOCq+ODvOWVhuWTgeOCv+OCsOOBq+WfuuOBpeOBhOOBpuaOsui8ieOBl+OBpuOBhOOBvuOBmQo8YnI+PCEtLee0jeacn+aDheWgseOCueOCv+OCpOODq+OCt+ODvOODiC0tPgo8c3R5bGUgdHlwZT0idGV4dC9jc3MiPgo8IS0tCnRkLmludmVudG9yeSBmb250e2ZvbnQtc2l6ZToxMHB4O2NvbG9yOiM2NjY2NjY7fQotLT4KPC9zdHlsZT4KPCEtLeOBk+OBk+OBvuOBpyjntI3mnJ8pLS0+CgoKPFRBQkxFIGJvcmRlcj0iMCIgd2lkdGg9IjcxMCIgY2VsbHBhZGRpbmc9IjAiIGNlbGxzcGFjaW5nPSIyMCIgYmFja2dyb3VuZD0iaW1hZ2VzL2JrLmpwZyI+CjxUUiB2YWxpZ249InRvcCIgYmdjb2xvcj0iI2ZmZmZmZiI+CiAgICAgICAgICA8VEQ+PElNRyBzcmM9Imh0dHA6Ly93d3cucmFrdXRlbi5uZS5qcC9nb2xkL2F1Yy1taWNreWtpZHMvaW1hZ2VzL2JucjAxX2FtcGVyLWdvbXUuanBnIiB3aWR0aD0iMTAwJSIgYm9yZGVyPSIwIiBhbHQ9IuODmOOCouOCouOCr+OCuyI+PC90ZD4KICAgICAgICA8L3RyPgo8VFIgdmFsaWduPSJ0b3AiIGJnY29sb3I9IiNmZmZmZmYiPgogICAgICAgICAgPFREPjxJTUcgc3JjPSJodHRwOi8vd3d3LnJha3V0ZW4ubmUuanAvZ29sZC9hdWMtbWlja3lraWRzL2ltYWdlcy9ibnIwMV9iNzc2NjQuanBnIiB3aWR0aD0iMTAwJSIgYm9yZGVyPSIwIiBhbHQ9IuOCueOCr+OCqOOCouODkOODg+OCsCI+PC90ZD4KICAgICAgICA8L3RyPgo8VFIgdmFsaWduPSJ0b3AiIGJnY29sb3I9IiNmZmZmZmYiPgogICAgICAgICAgPFREPjxJTUcgc3JjPSJodHRwOi8vd3d3LnJha3V0ZW4ubmUuanAvZ29sZC9hdWMtbWlja3lraWRzL2ltYWdlcy9ibnIwMV9jZWFuLW1hbWEuanBnIiB3aWR0aD0iMTAwJSIgYm9yZGVyPSIwIiBhbHQ9IuOCquODvOOCt+ODo+ODs+ODnuODniI+PC90ZD4KICAgICAgICA8L3RyPgo8VFIgdmFsaWduPSJ0b3AiIGJnY29sb3I9IiNmZmZmZmYiPgogICAgICAgICAgPFREPjxJTUcgc3JjPSJodHRwOi8vd3d3LnJha3V0ZW4ubmUuanAvZ29sZC9hdWMtbWlja3lraWRzL2ltYWdlcy9ibnIwMV9yYWluLW1hcnV0YWthLmpwZyIgd2lkdGg9IjEwMCUiIGJvcmRlcj0iMCIgYWx0PSLkuLjpq5jjg6zjgqTjg7MiPjwvdGQ+CiAgICAgICAgPC90cj4KPFRSIHZhbGlnbj0idG9wIiBiZ2NvbG9yPSIjZmZmZmZmIj4KICAgICAgICAgIDxURD48SU1HIHNyYz0iaHR0cDovL3d3dy5yYWt1dGVuLm5lLmpwL2dvbGQvYXVjLW1pY2t5a2lkcy9pbWFnZXMvYm5yMDFfbDE0NzAxN3hsMTQ3MDI3LmpwZyIgd2lkdGg9IjEwMCUiIGJvcmRlcj0iMCIgYWx0PSLjgrnjg6rjg4Pjg53jg7MiPjwvdGQ+CiAgICAgICAgPC90cj4KCjxUUiB2YWxpZ249InRvcCIgYmdjb2xvcj0iI2ZmZmZmZiI+CiAgICAgICAgICA8VEQ+PElNRyBzcmM9Imh0dHA6Ly9pbWFnZS5yYWt1dGVuLmNvLmpwL2F1Yy1taWNreWtpZHMvY2FiaW5ldC9tZXJ1bWFnYS9ibnIwMV9vY2VhbmRlbmltLmpwZyIgd2lkdGg9IjY3MCIgYm9yZGVyPSIwIiBhbHQ9IuOCquODvOOCt+ODo+ODs+ODh+ODi+ODoCI+PC9URD4KICAgICAgICA8L3RyPgogICAgICAgICAgPFREPjxJTUcgc3JjPSJodHRwOi8vd3d3LnJha3V0ZW4ubmUuanAvZ29sZC9hdWMtbWlja3lraWRzL2ltYWdlcy9ibnIwMV9iODE4NzMuanBnIiB3aWR0aD0iNjcwIiBib3JkZXI9IjAiIGFsdD0i5oqY44KK44Gf44Gf44KB44KL44Os44Kk44Oz44K344Ol44O844K6Ij48L1REPgogICAgICAgIDwvdHI+CjxUUiB2YWxpZ249InRvcCIgYmdjb2xvcj0iI2ZmZmZmZiI+CiAgICAgICAgICA8VEQ+PElNRyBzcmM9Imh0dHA6Ly93d3cucmFrdXRlbi5uZS5qcC9nb2xkL2F1Yy1taWNreWtpZHMvaW1hZ2VzL2JucjAxX3Bvd2Rlci5qcGciIHdpZHRoPSI2NzAiIGJvcmRlcj0iMCIgYWx0PSLjg5Hjgqbjg4Djg7zjg4fjg4vjg6AiPjwvVEQ+CiAgICAgICAgPC90cj4KPFRSIHZhbGlnbj0idG9wIiBiZ2NvbG9yPSIjZmZmZmZmIj4KICAgICAgICAgIDxURD48SU1HIHNyYz0iaHR0cDovL2ltYWdlLnJha3V0ZW4uY28uanAvYXVjLW1pY2t5a2lkcy9jYWJpbmV0L3RvcC9zbWFydC9pbWdyYzAwODU4NDY1NDAuanBnIiB3aWR0aD0iNjcwIiBib3JkZXI9IjAiIGFsdD0i44GK5Ye644GL44GR54m56ZuGIj48L1REPgogICAgICAgIDwvdHI+CjxUUiB2YWxpZ249InRvcCIgYmdjb2xvcj0iI2ZmZmZmZiI+CiAgICAgICAgICA8VEQ+PElNRyBzcmM9Imh0dHA6Ly9pbWFnZS5yYWt1dGVuLmNvLmpwL2F1Yy1taWNreWtpZHMvY2FiaW5ldC90b3Avc21hcnQvaW1ncmMwMDg1ODYzNDk5LmdpZiIgd2lkdGg9IjY3MCIgYm9yZGVyPSIwIiBhbHQ9IuaXpeacrOijvSI+PC9URD4KICAgICAgICA8L3RyPgo8VFIgdmFsaWduPSJ0b3AiIGJnY29sb3I9IiNmZmZmZmYiPgogICAgICAgICAgPFREPjxJTUcgc3JjPSJodHRwOi8vaW1hZ2UucmFrdXRlbi5jby5qcC9hdWMtbWlja3lraWRzL2NhYmluZXQvdG9wL3NtYXJ0L2ltZ3JjMDA4NTg2MzQ1OS5naWYiIHdpZHRoPSI2NzAiIGJvcmRlcj0iMCIgYWx0PSLnpo/ooosiPjwvVEQ+CiAgICAgICAgPC90cj4KICAgICAgPC9UQUJMRT4KPGJyPgo8YnI+CgoKPElNRyBzcmM9Imh0dHA6Ly93d3cucmFrdXRlbi5uZS5qcC9nb2xkL2F1Yy1taWNreWtpZHMvaW1hZ2VzL25pLmpwZyIgd2lkdGg9IjcxMCIgaGVpZ2h0PSI0MCIgYm9yZGVyPSIwIiBhbHQ9IuaWsOWVhuWTgSIgc3R5bGU9Im1hcmdpbi1ib3R0b206NXB4Ij48YnI+,77ycNTDvvIVPRkbvvJ4yMDE156eL44CA5YWl6I2377yB44CQb3JhbmdlIGJvbiBib24v44Kq44Os44Oz44K444Oc44Oz44Oc44Oz44CR44Od44OD44OX44OV44Op44Ov44O85p+E4pmq44Os44Kk44Oz44K344Ol44O844K64omqMTVjbTE2Y20xN2NtMThjbTE5Y20yMGNtMjFjbeKJq++8muODn+ODg+OCreODvOOCreODg+OCuualveWkqeW4guWgtOW6lw==,44K744Op44OVcGV0aXQgamFt44GK56Wd44GE77yo77yv77y377yk77y544CA44OP44Km44OH44Kj77yy772B772H77yt772B772S772U77yk772B772E772E772Z44CA44OA44OH44Kj77ym77yO77yv77yO77yr77yp77yk77yz77yi772J772UJnJzcXVvO++9muOAgOODk+ODg+ODhOmAmuWckuWtkOS+m+acjeemj+iii+OCu+ODvOODq+alveWkqTgwOTA5NTEwMDExMDEyMDEzMO+8nDUw77yFT0ZG77yeMjAxNeeni+OAgOWFpeiNt++8geOAkG9yYW5nZSBib24gYm9uL+OCquODrOODs+OCuOODnOODs+ODnOODs+OAkeODneODg+ODl+ODleODqeODr+ODvOafhOKZquODrOOCpOODs+OCt+ODpeODvOOCuuKJqjE1Y20xNmNtMTdjbTE4Y20xOWNtMjBjbTIxY23iias=,44CQ5a6F6YWN5L6/55m66YCB44CR44Kt44Ol44O844OI44Gn44OK44OB44Ol44Op44Or44Gq44Os44Kk44Oz44K344Ol44O844K64pmq44CC77ycNTDvvIVPRkbvvJ4yMDE156eL44CA5YWl6I2377yB44CQb3JhbmdlIGJvbiBib24v44Kq44Os44Oz44K444Oc44Oz44Oc44Oz44CR44Od44OD44OX44OV44Op44Ov44O85p+E4pmq44Os44Kk44Oz44K344Ol44O844K64omqMTVjbTE2Y20xN2NtMThjbTE5Y20yMGNtMjFjbeKJqw==[rn]
30-32937,aHR0cDovL3RzaG9wLnIxMHMuanAvYXVjLW1pY2t5a2lkcy9jYWJpbmV0L3l1YXp1L3B0aXRhbmdlbGluYS84NTYxMDQxLmpwZz9maXRpbj03MDA6NzAw,MTY0MS42MDAw,,44Kt44OD44K644O744OZ44OT44O844O744Oe44K/44OL44OG44KjID4g44Kt44OD44K6ID4g6Z20ID4g6ZW36Z2044O744Os44Kk44Oz44K344Ol44O844K6,MjAxN+aYpeWFpeiNt++8geOAkFBldGl0IEFuZ2VsaW5hL+ODl+ODgeOCouODs+OCuOOCp+ODquODvOODiuOAkeODrOODvOOCueODnOODvOODgOODvOafhOODrOOCpOODs+OCt+ODpeODvOOCujEzY20gMTRjbSAxNWNtIDE2Y20gMTdjbSAxOGNtIDE5Y20gMjBjbSAyMWNt4omqODU2MTA0MXg4NTYxMDQyeDg1NzEwMDfiias=,44CQ5a6F6YWN5L6/55m66YCB44CR5aSW44Gb44KL77yB44Kk44Oz44K944O844Or5LuY44GN4piF,PHN0eWxlIHR5cGU9InRleHQvY3NzIj5wIHsgbGluZS1oZWlnaHQ6IDE2MCU7IH08L3N0eWxlPgo8Y2VudGVyPgo8cD4KCjxJTUcgc3JjPSJodHRwOi8vd3d3LnJha3V0ZW4ubmUuanAvZ29sZC9hdWMtbWlja3lraWRzL2ltYWdlcy9uaS5qcGciIHdpZHRoPSI3MTAiIGhlaWdodD0iNDAiIGJvcmRlcj0iMCIgYWx0PSLmlrDllYblk4EiIHN0eWxlPSJtYXJnaW4tYm90dG9tOjVweCI+PGJyPgo8aWZyYW1lIGlkPSJ6b3Nhbl8yNjAxIiBuYW1lPSJ6b3Nhbl8yNjAxIiBzcmM9Imh0dHA6Ly93d3cucmFrdXRlbi5uZS5qcC9nb2xkL2F1Yy1taWNreWtpZHMvX19aT1NBTl9UT09MU19fLzI2MDEvIiBmcmFtZWJvcmRlcj0iMCIgbWFyZ2lud2lkdGg9IjAiIHNjcm9sbGluZz0ibm8iIG1hcmdpbmhlaWdodD0iMCIgc3R5bGU9ImJvcmRlcjogMXB4IHNvbGlkICNmZmZmZmY7IHBhZGRpbmc6MHB4OyIgIHdpZHRoPSI3MTAiIGhlaWdodD0iNDc2Ij48L2lmcmFtZT4KCjxicj48YnI+Cjxicj48YnI+CjwhLS3llYblk4HvvJHmnprnm67nlLvlg48tLT4KPGltZyBzcmM9Imh0dHA6Ly9pbWFnZS5yYWt1dGVuLmNvLmpwL2F1Yy1taWNreWtpZHMvY2FiaW5ldC95dWF6dS9wdGl0YW5nZWxpbmEvODU2MTA0MS5qcGciCiBhbHQ9IuWVhuWTgeeUu+WDj+ato+mdoiI+PGJyPgoKPGltZyBzcmM9Imh0dHA6Ly9pbWFnZS5yYWt1dGVuLmNvLmpwL2F1Yy1taWNreWtpZHMvY2FiaW5ldC9pdGVtLXNpbXBsZS5naWYiPjxicj4KPGZvbnQgY29sb3I9InB1cnBsZSIgc2l6ZT0yPgroibLjgIXjgarjg6zjg7zjgrnmn4TjgpLjgqLjg6zjg7PjgrjjgZfjgZ/lj6/mhJvjgYTjg5fjg6rjg7Pjg4jjga7jg6zjgqTjg7Pjg5bjg7zjg4TimaogPGJyPgrpm6jjga7ml6XjgoTpm6rpgYrjgbPjgavjgoLkvb/jgYjjgovpmLLmsLTku5Xmp5jjga7ntKDmnZDjgafil448YnI+CuOBk+OCk+OBquOBq+OCreODpeODvOODiOOBquODrOOCpOODs+ODluODvOODhOOBquOCiei2s+WFg+OBp+W3ruOBjOS7mOOBj+OBk+OBqOmWk+mBleOBhOOBquOBl++8vu+8je+8vjxicj4K44GZ44Gj44G944KK5bGl44GN44KE44GZ44GE5bGl44GN5Y+j77yG5ruR44KK44Gr44GP44GE44Ku44K244Ku44K244Gu6Z205bqV44Gn44GZ44CCPGJyPgrvvJzlpJbjgZvjgovvvIHjgqTjg7Pjgr3jg7zjg6vku5jjgY3vvJ48YnI+CuS4reaVt+OBjeOCkuWPluOCiuWHuuOBl+OBpuS5vuOBi+OBmeS6i+OBjOWHuuadpeOCi+OBruOBpzxicj7jgqvjg5Pjga7nuYHmrpbjgpLmipHjgYjjgovkuovjgYzjgafjgY3jgIHmuIXmvZTjgafjgZnjgII8YnI+CumAn+S5vuaAp+OCgkdPT0Tjgarjga7jgafjgIHjg6Djg6zjgavjgY/jgYQ8YnI+CuWFpeWckuODu+WFpeWtpuOBruOBlOa6luWCmeOBq+OBnOOBsuOBqeOBhuOBnuOBo+KZquKZqjxicj48YnI+Cgo8IS0t5ZWG5ZOBMuaemuebru+9nueUu+WDjy0tPgo8aW1nIHNyYz0iaHR0cDovL2ltYWdlLnJha3V0ZW4uY28uanAvYXVjLW1pY2t5a2lkcy9jYWJpbmV0L2xpbmUtc2ltcGxlLmdpZiI+PGJyPgo8aW1nIHNyYz0iaHR0cDovL2ltYWdlLnJha3V0ZW4uY28uanAvYXVjLW1pY2t5a2lkcy9jYWJpbmV0L3l1YXp1L3B0aXRhbmdlbGluYS84NTYxMDQxXzEuanBnIgogYWx0PSLllYblk4HnlLvlg4/jg5Djg4Pjgq8iPjxicj4KPGltZyBzcmM9Imh0dHA6Ly9pbWFnZS5yYWt1dGVuLmNvLmpwL2F1Yy1taWNreWtpZHMvY2FiaW5ldC95dWF6dS9wdGl0YW5nZWxpbmEvODU2MTA0MV8yLmpwZyIKIGFsdD0i5ZWG5ZOB55S75YOP77yT5p6a55uuIj48YnI+Cjxicj4KCjxpbWcgc3JjPSJodHRwOi8vaW1hZ2UucmFrdXRlbi5jby5qcC9hdWMtbWlja3lraWRzL2NhYmluZXQvbGluZS1zaW1wbGUuZ2lmIj48YnI+CuKYhee0oOadkDxicj4K44Od44Oq5aGp5YyW44OT44OL44OrMTAw77yFPGJyPgroo4/lnLDvvJrjg53jg6rjgqjjgrnjg4bjg6sxMDDvvIU8YnI+PGJyPgoK4piF44KG44GG44Oh44O844Or5L6/5LiN5Y+vL+WuhemFjeS+v+OBp+eZuumAgeOBl+OBvuOBmeOAgjxicj48L2ZvbnQ+PGJyPgo8aW1nIHNyYz0iaHR0cDovL2ltYWdlLnJha3V0ZW4uY28uanAvYXVjLW1pY2t5a2lkcy9jYWJpbmV0L2xpbmUtc2ltcGxlLmdpZiI+PGJyPgoKPGJyPgo8IS0t44GK44Gd44KN44GELS0+Cjxmb250IHNpemU9IjIiPuODrOODvOOCueODnOODvOODgOODvOafhOOCt+ODquODvOOCuuKZquKZqjxicj4KPHRhYmxlIGJvcmRlcj0iMCIgd2lkdGg9IjYwMCIgaGlnaHQ9IjM1MCIgY2VsbHBhZGluZz0iMCIgY2VsbHNwYWNpbmc9IjIwIj4KPHRyPgo8dGQgd2lkdGg9IjI4MCIgaGlnaHQ9IjMwMCIgYWxpZ249ImNlbnRlciIgdmFsaWduPSJjZW50ZXIiPgo8YSBocmVmPSJodHRwOi8vaXRlbS5yYWt1dGVuLmNvLmpwL2F1Yy1taWNreWtpZHMvODU2MTAzMy8iPjxpbWcgc3JjPSJodHRwOi8vaW1hZ2UucmFrdXRlbi5jby5qcC9hdWMtbWlja3lraWRzL2NhYmluZXQveXVhenUvcHRpdGFuZ2VsaW5hLzg1NjEwMzMuanBnIiB3aWR0aD0iMjAwIiBoZWlnaHQ9IjIwMCIgYWx0PSJraWRzIiBib3JkZXI9IjEiPjxicj48YnI+Cjxmb250IHNpemU9IjIiIGNvbG9yPSIjNjU2NTY1Ij7jg6zjg7zjgrnjg5zjg7zjg4Djg7zimarjg6zjgqTjg7Pjg4/jg4Pjg4g8YnI+4omqNTAtNTZjbeKJqzEuMzAw5YaGL+eojuWIpTwvZm9udD48L2E+PC90ZD4KPHRkIHdpZHRoPSIyODAiIGhpZ2h0PSIzMDAiIGFsaWduPSJjZW50ZXIiIHZhbGlnbj0iY2VudGVyIj4KPGEgaHJlZj0iaHR0cDovL2l0ZW0ucmFrdXRlbi5jby5qcC9hdWMtbWlja3lraWRzLzg1NjEwMjIvIj48aW1nIHNyYz0iaHR0cDovL2ltYWdlLnJha3V0ZW4uY28uanAvYXVjLW1pY2t5a2lkcy9jYWJpbmV0L3l1YXp1L3B0aXRhbmdlbGluYS84NTYxMDIyLmpwZyIgd2lkdGg9IjIwMCIgaGVpZ2h0PSIyMDAiIGFsdD0ia2lkcyIgYm9yZGVyPSIxIj48YnI+PGJyPgo8Zm9udCBzaXplPSIyIiBjb2xvcj0iIzY1NjU2NSI+44Os44O844K544Oc44O844OA44O85p+E44Os44Kk44Oz44Kz44O844OI4pmqPGJyPuKJqjEwMC0xNDBjbeKJqzMuMzAw5YaGL+eojuWIpTwvZm9udD48L2E+PC90ZD4KPHRkIHdpZHRoPSIyODAiIGhpZ2h0PSIzMDAiIGFsaWduPSJjZW50ZXIiIHZhbGlnbj0iY2VudGVyIj4KPGEgaHJlZj0iaHR0cDovL2l0ZW0ucmFrdXRlbi5jby5qcC9hdWMtbWlja3lraWRzLzg1NjEwNDF4ODU2MTA0Mi8iPjxpbWcgc3JjPSJodHRwOi8vaW1hZ2UucmFrdXRlbi5jby5qcC9hdWMtbWlja3lraWRzL2NhYmluZXQveXVhenUvcHRpdGFuZ2VsaW5hLzg1NjEwNDEuanBnIiB3aWR0aD0iMjAwIiBoZWlnaHQ9IjIwMCIgYWx0PSJraWRzIiBib3JkZXI9IjEiPjxicj48YnI+Cjxmb250IHNpemU9IjIiIGNvbG9yPSIjNjU2NTY1Ij7jg6zjg7zjgrnjg5zjg7zjg4Djg7zmn4Timarjg6zjgqTjg7Pjgrfjg6Xjg7zjgro8YnI+4omqMTQtMjBjbeKJqzEuOTAw5YaGL+eojuWIpTwvZm9udD48L2E+PC90ZD4KPC90cj4KPHRyPgo8dGQgd2lkdGg9IjI4MCIgaGlnaHQ9IjMwMCIgYWxpZ249ImNlbnRlciIgdmFsaWduPSJjZW50ZXIiPgo8YSBocmVmPSJodHRwOi8vaXRlbS5yYWt1dGVuLmNvLmpwL2F1Yy1taWNreWtpZHMvODU2MTAyOC8iPjxpbWcgc3JjPSJodHRwOi8vaW1hZ2UucmFrdXRlbi5jby5qcC9hdWMtbWlja3lraWRzL2NhYmluZXQveXVhenUvcHRpdGFuZ2VsaW5hLzg1NjEwMjguanBnIiB3aWR0aD0iMjAwIiBoZWlnaHQ9IjIwMCIgYWx0PSJraWRzIiBib3JkZXI9IjEiPjxicj48YnI+Cjxmb250IHNpemU9IjIiIGNvbG9yPSIjNjU2NTY1Ij7jg6zjg7zjgrnjg5zjg7zjg4Djg7zmn4TimarjgYvjgZU8YnI+4omqUy1M44K144Kk44K64omrMS45MDDlhoYv56iO5YilPC9mb250PjwvYT48L3RkPgo8dGQgd2lkdGg9IjI4MCIgaGlnaHQ9IjMwMCIgYWxpZ249ImNlbnRlciIgdmFsaWduPSJjZW50ZXIiPgo8YSBocmVmPSJodHRwOi8vaXRlbS5yYWt1dGVuLmNvLmpwL2F1Yy1taWNreWtpZHMvODU2MTAzNC8iPjxpbWcgc3JjPSJodHRwOi8vaW1hZ2UucmFrdXRlbi5jby5qcC9hdWMtbWlja3lraWRzL2NhYmluZXQveXVhenUvcHRpdGFuZ2VsaW5hLzg1NjEwMzQuanBnIiB3aWR0aD0iMjAwIiBoZWlnaHQ9IjIwMCIgYWx0PSJraWRzIiBib3JkZXI9IjEiPjxicj48YnI+Cjxmb250IHNpemU9IjIiIGNvbG9yPSIjNjU2NTY1Ij7jg6zjg7zjgrnjg5zjg7zjg4Djg7zmn4Timarjg6njg7Pjg4njgrvjg6vjgqvjg5Djg7w8YnI+4omqRuOCteOCpOOCuuKJqzkwMOWGhi/nqI7liKU8L2ZvbnQ+PC9hPjwvdGQ+CjwvdHI+PC90YWJsZT48YnI+Cgo8dGFibGU+Cjx0cj48dGQ+PGEgaHJlZj0iaHR0cDovL2l0ZW0ucmFrdXRlbi5jby5qcC9hdWMtbWlja3lraWRzL2MvMDAwMDAwMDM1OS8jYSI+PGltZyBzcmM9Imh0dHA6Ly9pbWFnZS5yYWt1dGVuLmNvLmpwL2F1Yy1taWNreWtpZHMvY2FiaW5ldC9iYW5uZXJfbS9pbWc1OTcyMDQ3NC5naWYiIHdpZHRoPSI2MDIiIGFsdD0i44Os44Kk44Oz5LiA6KanIiBib3JkZXI9IjAiPjwvYT48L3RkPjwvdHI+PC90YWJsZT4KCjx0YWJsZT48dHI+PHRkPjxhIGhyZWY9Imh0dHA6Ly9pdGVtLnJha3V0ZW4uY28uanAvYXVjLW1pY2t5a2lkcy9jLzAwMDAwMDAxNjUvIj48aW1nIHNyYz0iaHR0cDovL2ltYWdlLnJha3V0ZW4uY28uanAvYXVjLW1pY2t5a2lkcy9jYWJpbmV0L2Jhbm5lcl9tL2ltZzU5NjE3NjQ0LmdpZiIgd2lkdGg9IjYwMiIgYWx0PSLlhaXlnJLkuIDopqciIGJvcmRlcj0iMCI+PC9hPjwvdGQ+PC90cj48L3RhYmxlPgoKPC9wPgo8L2NlbnRlcj4KCjxicj48QnI+PGltZyBzcmM9Imh0dHA6Ly9pbWFnZS5yYWt1dGVuLmNvLmpwL2F1Yy1taWNreWtpZHMvY2FiaW5ldC9pbWc1ODUwNDQzMi5naWYiPjxicj48QnI+PGltZyBzcmM9Imh0dHA6Ly93d3cucmFrdXRlbi5uZS5qcC9nb2xkL2F1Yy1taWNreWtpZHMvaW1hZ2VzL2JyYW5kL3AtcGV0aXRhbmdlbGluYS5qcGciIGJvcmRlcj0iMCIgYWx0PSLjg5fjg4HjgqLjg7Pjgrjjgqfjg6rjg7zjg4oiPgo8YnI+PGJyPgoKPCEtLeODoeODvOODq+S+v++8r++8q+ODu++8ru+8p+ihqOiomOOAgOOBk+OBk+OBi+OCieOCs+ODlOODvC0tPgo8aW1nIHNyYz0iaHR0cDovL2ltYWdlLnJha3V0ZW4uY28uanAvYXVjLW1pY2t5a2lkcy9jYWJpbmV0L25nLmdpZiIgYm9yZGVyPSIwIiBhbHQ9IuODoeODvOODq+S+v++8r++8qyI+CjwhLS3jgrPjg5Tjg7zjgZPjgZPjgb7jgacK77yu77yn44Gu5aC05ZCI44CBb2suZ2lm4oaSbmcuZ2lm44GrLS0+PGJyPjxicj4KCuODu+ODoeODvOOCq+ODvOW4jOacm+Wwj+WjsuS+oeagvOOBr+ODoeODvOOCq+ODvOWVhuWTgeOCv+OCsOOBq+WfuuOBpeOBhOOBpuaOsui8ieOBl+OBpuOBhOOBvuOBmQo8YnI+PCEtLee0jeacn+aDheWgseOCueOCv+OCpOODq+OCt+ODvOODiC0tPgo8c3R5bGUgdHlwZT0idGV4dC9jc3MiPgo8IS0tCnRkLmludmVudG9yeSBmb250e2ZvbnQtc2l6ZToxMHB4O2NvbG9yOiM2NjY2NjY7fQotLT4KPC9zdHlsZT4KPCEtLeOBk+OBk+OBvuOBpyjntI3mnJ8pLS0+CgoKPFRBQkxFIGJvcmRlcj0iMCIgd2lkdGg9IjcxMCIgY2VsbHBhZGRpbmc9IjAiIGNlbGxzcGFjaW5nPSIyMCIgYmFja2dyb3VuZD0iaW1hZ2VzL2JrLmpwZyI+CjxUUiB2YWxpZ249InRvcCIgYmdjb2xvcj0iI2ZmZmZmZiI+CiAgICAgICAgICA8VEQ+PElNRyBzcmM9Imh0dHA6Ly93d3cucmFrdXRlbi5uZS5qcC9nb2xkL2F1Yy1taWNreWtpZHMvaW1hZ2VzL2JucjAxX2FtcGVyLWdvbXUuanBnIiB3aWR0aD0iMTAwJSIgYm9yZGVyPSIwIiBhbHQ9IuODmOOCouOCouOCr+OCuyI+PC90ZD4KICAgICAgICA8L3RyPgo8VFIgdmFsaWduPSJ0b3AiIGJnY29sb3I9IiNmZmZmZmYiPgogICAgICAgICAgPFREPjxJTUcgc3JjPSJodHRwOi8vd3d3LnJha3V0ZW4ubmUuanAvZ29sZC9hdWMtbWlja3lraWRzL2ltYWdlcy9ibnIwMV9iNzc2NjQuanBnIiB3aWR0aD0iMTAwJSIgYm9yZGVyPSIwIiBhbHQ9IuOCueOCr+OCqOOCouODkOODg+OCsCI+PC90ZD4KICAgICAgICA8L3RyPgo8VFIgdmFsaWduPSJ0b3AiIGJnY29sb3I9IiNmZmZmZmYiPgogICAgICAgICAgPFREPjxJTUcgc3JjPSJodHRwOi8vd3d3LnJha3V0ZW4ubmUuanAvZ29sZC9hdWMtbWlja3lraWRzL2ltYWdlcy9ibnIwMV9jZWFuLW1hbWEuanBnIiB3aWR0aD0iMTAwJSIgYm9yZGVyPSIwIiBhbHQ9IuOCquODvOOCt+ODo+ODs+ODnuODniI+PC90ZD4KICAgICAgICA8L3RyPgo8VFIgdmFsaWduPSJ0b3AiIGJnY29sb3I9IiNmZmZmZmYiPgogICAgICAgICAgPFREPjxJTUcgc3JjPSJodHRwOi8vd3d3LnJha3V0ZW4ubmUuanAvZ29sZC9hdWMtbWlja3lraWRzL2ltYWdlcy9ibnIwMV9yYWluLW1hcnV0YWthLmpwZyIgd2lkdGg9IjEwMCUiIGJvcmRlcj0iMCIgYWx0PSLkuLjpq5jjg6zjgqTjg7MiPjwvdGQ+CiAgICAgICAgPC90cj4KPFRSIHZhbGlnbj0idG9wIiBiZ2NvbG9yPSIjZmZmZmZmIj4KICAgICAgICAgIDxURD48SU1HIHNyYz0iaHR0cDovL3d3dy5yYWt1dGVuLm5lLmpwL2dvbGQvYXVjLW1pY2t5a2lkcy9pbWFnZXMvYm5yMDFfbDE0NzAxN3hsMTQ3MDI3LmpwZyIgd2lkdGg9IjEwMCUiIGJvcmRlcj0iMCIgYWx0PSLjgrnjg6rjg4Pjg53jg7MiPjwvdGQ+CiAgICAgICAgPC90cj4KCjxUUiB2YWxpZ249InRvcCIgYmdjb2xvcj0iI2ZmZmZmZiI+CiAgICAgICAgICA8VEQ+PElNRyBzcmM9Imh0dHA6Ly9pbWFnZS5yYWt1dGVuLmNvLmpwL2F1Yy1taWNreWtpZHMvY2FiaW5ldC9tZXJ1bWFnYS9ibnIwMV9vY2VhbmRlbmltLmpwZyIgd2lkdGg9IjY3MCIgYm9yZGVyPSIwIiBhbHQ9IuOCquODvOOCt+ODo+ODs+ODh+ODi+ODoCI+PC9URD4KICAgICAgICA8L3RyPgogICAgICAgICAgPFREPjxJTUcgc3JjPSJodHRwOi8vd3d3LnJha3V0ZW4ubmUuanAvZ29sZC9hdWMtbWlja3lraWRzL2ltYWdlcy9ibnIwMV9iODE4NzMuanBnIiB3aWR0aD0iNjcwIiBib3JkZXI9IjAiIGFsdD0i5oqY44KK44Gf44Gf44KB44KL44Os44Kk44Oz44K344Ol44O844K6Ij48L1REPgogICAgICAgIDwvdHI+CjxUUiB2YWxpZ249InRvcCIgYmdjb2xvcj0iI2ZmZmZmZiI+CiAgICAgICAgICA8VEQ+PElNRyBzcmM9Imh0dHA6Ly93d3cucmFrdXRlbi5uZS5qcC9nb2xkL2F1Yy1taWNreWtpZHMvaW1hZ2VzL2JucjAxX3Bvd2Rlci5qcGciIHdpZHRoPSI2NzAiIGJvcmRlcj0iMCIgYWx0PSLjg5Hjgqbjg4Djg7zjg4fjg4vjg6AiPjwvVEQ+CiAgICAgICAgPC90cj4KPFRSIHZhbGlnbj0idG9wIiBiZ2NvbG9yPSIjZmZmZmZmIj4KICAgICAgICAgIDxURD48SU1HIHNyYz0iaHR0cDovL2ltYWdlLnJha3V0ZW4uY28uanAvYXVjLW1pY2t5a2lkcy9jYWJpbmV0L3RvcC9zbWFydC9pbWdyYzAwODU4NDY1NDAuanBnIiB3aWR0aD0iNjcwIiBib3JkZXI9IjAiIGFsdD0i44GK5Ye644GL44GR54m56ZuGIj48L1REPgogICAgICAgIDwvdHI+CjxUUiB2YWxpZ249InRvcCIgYmdjb2xvcj0iI2ZmZmZmZiI+CiAgICAgICAgICA8VEQ+PElNRyBzcmM9Imh0dHA6Ly9pbWFnZS5yYWt1dGVuLmNvLmpwL2F1Yy1taWNreWtpZHMvY2FiaW5ldC90b3Avc21hcnQvaW1ncmMwMDg1ODYzNDk5LmdpZiIgd2lkdGg9IjY3MCIgYm9yZGVyPSIwIiBhbHQ9IuaXpeacrOijvSI+PC9URD4KICAgICAgICA8L3RyPgo8VFIgdmFsaWduPSJ0b3AiIGJnY29sb3I9IiNmZmZmZmYiPgogICAgICAgICAgPFREPjxJTUcgc3JjPSJodHRwOi8vaW1hZ2UucmFrdXRlbi5jby5qcC9hdWMtbWlja3lraWRzL2NhYmluZXQvdG9wL3NtYXJ0L2ltZ3JjMDA4NTg2MzQ1OS5naWYiIHdpZHRoPSI2NzAiIGJvcmRlcj0iMCIgYWx0PSLnpo/ooosiPjwvVEQ+CiAgICAgICAgPC90cj4KICAgICAgPC9UQUJMRT4KPGJyPgo8YnI+CgoKPElNRyBzcmM9Imh0dHA6Ly93d3cucmFrdXRlbi5uZS5qcC9nb2xkL2F1Yy1taWNreWtpZHMvaW1hZ2VzL25pLmpwZyIgd2lkdGg9IjcxMCIgaGVpZ2h0PSI0MCIgYm9yZGVyPSIwIiBhbHQ9IuaWsOWVhuWTgSIgc3R5bGU9Im1hcmdpbi1ib3R0b206NXB4Ij48YnI+,MjAxN+aYpeWFpeiNt++8geOAkFBldGl0IEFuZ2VsaW5hL+ODl+ODgeOCouODs+OCuOOCp+ODquODvOODiuOAkeODrOODvOOCueODnOODvOODgOODvOafhOODrOOCpOODs+OCt+ODpeODvOOCujEzY20gMTRjbSAxNWNtIDE2Y20gMTdjbSAxOGNtIDE5Y20gMjBjbSAyMWNt4omqODU2MTA0MXg4NTYxMDQyeDg1NzEwMDfiiavvvJrjg5/jg4Pjgq3jg7zjgq3jg4Pjgrrmpb3lpKnluILloLTlupc=,44K744Op44OVcGV0aXQgamFt44GK56Wd44GE77yo77yv77y377yk77y544CA44OP44Km44OH44Kj77yy772B772H77yt772B772S772U77yk772B772E772E772Z44CA44OA44OH44Kj77ym77yO77yv77yO77yr77yp77yk77yz77yi772J772UJnJzcXVvO++9muOAgOODk+ODg+ODhOmAmuWckuWtkOS+m+acjeemj+iii+OCu+ODvOODq+alveWkqTgwOTA5NTEwMDExMDEyMDEzMDIwMTfmmKXlhaXojbfvvIHjgJBQZXRpdCBBbmdlbGluYS/jg5fjg4HjgqLjg7Pjgrjjgqfjg6rjg7zjg4rjgJHjg6zjg7zjgrnjg5zjg7zjg4Djg7zmn4Tjg6zjgqTjg7Pjgrfjg6Xjg7zjgroxM2NtIDE0Y20gMTVjbSAxNmNtIDE3Y20gMThjbSAxOWNtIDIwY20gMjFjbeKJqjg1NjEwNDF4ODU2MTA0Mng4NTcxMDA34omr,44CQ5a6F6YWN5L6/55m66YCB44CR5aSW44Gb44KL77yB44Kk44Oz44K944O844Or5LuY44GN4piF44CCMjAxN+aYpeWFpeiNt++8geOAkFBldGl0IEFuZ2VsaW5hL+ODl+ODgeOCouODs+OCuOOCp+ODquODvOODiuOAkeODrOODvOOCueODnOODvOODgOODvOafhOODrOOCpOODs+OCt+ODpeODvOOCujEzY20gMTRjbSAxNWNtIDE2Y20gMTdjbSAxOGNtIDE5Y20gMjBjbSAyMWNt4omqODU2MTA0MXg4NTYxMDQyeDg1NzEwMDfiias=[rn]
30-32938,aHR0cDovL3RzaG9wLnIxMHMuanAvei1jcmFmdC9jYWJpbmV0LzEvMTIvMTIxNy8xMjE3LTAwMjgtMS5qcGc/Zml0aW49NzAwOjcwMA==,MTAzNi44MDAw,,44Kt44OD44K644O744OZ44OT44O844O744Oe44K/44OL44OG44KjID4g44Kt44OD44K6ID4g6Z20ID4g6ZW36Z2044O744Os44Kk44Oz44K344Ol44O844K6,44Kt44OD44K6IOOCt+ODp+ODvOODiOS4iCDjg6zjgqTjg7Pjg5bjg7zjg4RUT0RPUyjjg4jjg4njgrkpIOODjeOCpOODk+ODvCDku5blhag36ImyKFRPLTA4MCnjgq3jg4PjgrrvvIbjgrjjg6Xjg4vjgqIo5a2Q5L6b55SoKSDjgrfjg6fjg7zjg4jjg5bjg7zjg4Qg6ZW36Z20IOODn+ODieODq+S4iCDjg5DjgqTjgqvjg6njg7wg5pif5p+EIOODrOOCpOODs+OCt+ODpeODvOOCuiDnlLfjga7lrZAg5aWz44Gu5a2QIOaihembqA==,44OI44OJ44K5KFRPLTA4MCk=,,44Kt44OD44K6IOOCt+ODp+ODvOODiOS4iCDjg6zjgqTjg7Pjg5bjg7zjg4RUT0RPUyjjg4jjg4njgrkpIOODjeOCpOODk+ODvCDku5blhag36ImyKFRPLTA4MCnjgq3jg4PjgrrvvIbjgrjjg6Xjg4vjgqIo5a2Q5L6b55SoKSDjgrfjg6fjg7zjg4jjg5bjg7zjg4Qg6ZW36Z20IOODn+ODieODq+S4iCDjg5DjgqTjgqvjg6njg7wg5pif5p+EIOODrOOCpOODs+OCt+ODpeODvOOCuiDnlLfjga7lrZAg5aWz44Gu5a2QIOaihembqO+8mlotQ1JBRlQ=,Wi1DUkFGVOOCuuOCo+ODvOOCr+ODqeODleODiOOCuOODvOOCr+ODqeODleODiFrjgq/jg6njg5Xjg4jjgrzjg4Pjg4jjgq/jg6njg5Xjg4jpgJrosqnpgJrkv6Hosqnlo7LpnbTjgrfjg6Xjg7zjgrrjgrXjg7Pjg4Djg6vjg5Hjg7Pjg5fjgrnjgrnjg4vjg7zjgqvjg7zjg5bjg7zjg4Tjg6zjg4fjgqPjg7zjgrnjg6Hjg7Pjgrrjg5njg5Pjg7zjgq3jg4Pjgrrjg53jgqTjg7Pjg4jjgq/jg7zjg53jg7PpgIHmlpnnhKHmlpnjgq3jg4Pjgrog44K344On44O844OI5LiIIOODrOOCpOODs+ODluODvOODhFRPRE9TKOODiOODieOCuSkg44ON44Kk44OT44O8IOS7luWFqDfoibIoVE8tMDgwKeOCreODg+OCuu+8huOCuOODpeODi+OCoijlrZDkvpvnlKgpIOOCt+ODp+ODvOODiOODluODvOODhCDplbfpnbQg44Of44OJ44Or5LiIIOODkOOCpOOCq+ODqeODvCDmmJ/mn4Qg44Os44Kk44Oz44K344Ol44O844K6IOeUt+OBruWtkCDlpbPjga7lrZAg5qKF6Zuo,44OI44OJ44K5KFRPLTA4MCnjgILjgq3jg4Pjgrog44K344On44O844OI5LiIIOODrOOCpOODs+ODluODvOODhFRPRE9TKOODiOODieOCuSkg44ON44Kk44OT44O8IOS7luWFqDfoibIoVE8tMDgwKeOCreODg+OCuu+8huOCuOODpeODi+OCoijlrZDkvpvnlKgpIOOCt+ODp+ODvOODiOODluODvOODhCDplbfpnbQg44Of44OJ44Or5LiIIOODkOOCpOOCq+ODqeODvCDmmJ/mn4Qg44Os44Kk44Oz44K344Ol44O844K6IOeUt+OBruWtkCDlpbPjga7lrZAg5qKF6Zuo[rn]
30-32939,aHR0cDovL3RzaG9wLnIxMHMuanAvYXVjLWt5b3RvbmFrYW11cmF5YS9jYWJpbmV0L2pwa2lkcy9ldGMvaW1ncmMwMTI1ODA2NTU5LmpwZz9maXRpbj03MDA6NzAw,MTUxOC40MDAw,,44Kt44OD44K644O744OZ44OT44O844O744Oe44K/44OL44OG44KjID4g44Kt44OD44K6ID4g6Z20ID4g6ZW36Z2044O744Os44Kk44Oz44K344Ol44O844K6,44CQ44GC44GZ5qW95a++5b+c44CR5ruR44KK5q2i44KB5Yqg5bel44Gn5a6J5b+DIOODqeODkOODvCDjg6zjgqTjg7Pjg5bjg7zjg4Qg44OZ44Or44OI5LuYIOODl+ODquODs+ODiOafhCDjgqvjg6njg5Djg6og6ZW36Z20IOODrOOCpOODs+OCt+ODpeODvOOCuiDmooXpm6gg44Op44OQ44O844OW44O844OEIOWtkOS+m+mdtCDjgq3jg4Pjgrog44OJ44OD44OI5p+EIGJlZW5zIOmAmuiyqSDpu5Ig44OR44O844OX44OrIOODjeOCpOODk+ODvCDjg5bjg6vjg7wg57S6IOODrOODg+ODiSDotaQg44Kr44O844KtIOODlOODs+OCryDjgrDjg6rjg7zjg7M=,MTVjbS8xNmNtLzE3Y20vMThjbS8xOWNtLzIwY20vMjFjbS8yMmNtL+eUt+OBruWtkC/lpbPjga7lrZA=,PHRhYmxlIHdpZHRoPSI2NzAiIGJvcmRlcj0iMCIgY2VsbHNwYWNpbmc9IjAiIGNlbGxwYWRkaW5nPSIwIj4KICA8dHI+CiAgICA8dGQ+CiAgICAKICA8IS0tIOODluODqeODs+ODieOCv+OCpOODiOODqyAtLT4KICAgIDxpbWcgc3JjPSJodHRwOi8vd3d3LnJha3V0ZW4ubmUuanAvZ29sZC9hdWMta3lvdG9uYWthbXVyYXlhL19pbWcvX2tpZHMvYmxhbmR0aXRsZS9qcC5qcGciIHdpZHRoPSI2NzEiIGhlaWdodD0iNjYiIC8+ICAgIDwvdGQ+CiAgPC90cj4KICA8dHI+CiAgICA8dGQgaGVpZ2h0PSI1Ij48L3RkPgogIDwvdHI+CiAgPHRyPgogICAgPHRkPjxzcGFuIHN0eWxlPSJjb2xvcjojN0E2QTU2OyBmb250LXNpemU6MTdweDsgZm9udC13ZWlnaHQ6Ym9sZDsgZm9udC1mYW1pbHk6VmVyZGFuYSwn44OS44Op44Ku44OO6KeS44K0IFBybyBXMycsJ0hpcmFnaW5vIEtha3UgR290aGljIFBybycsJ+ODoeOCpOODquOCqicsJ++8re+8syDvvLDjgrTjgrfjg4Pjgq8nLCdNUyBQIEdvdGhpYycsc2Fucy1zZXJpZjsiPuODl+ODgeODl+ODqeODu+OBi+OCj+OBhOOBhOODu+WuieW/g+ODu+mrmOWTgeizquOBoOOBi+OCieOAjOS7iuODnuODnuOBi+OCiemBuOOBsOOCjOOBpuOBhOOBvuOBmeKZquOAjTwvc3Bhbj48L3RkPgogIDwvdHI+CiAgPHRyPgogICAgPHRkIGhlaWdodD0iOCI+PC90ZD4KICA8L3RyPgogIDx0cj4KICAgIDx0ZD4KICAgIDxzcGFuIHN0eWxlPSJmb250LXNpemU6MTRweDsgbGluZS1oZWlnaHQ6MThweDsgZm9udC1mYW1pbHk6VmVyZGFuYSwn44OS44Op44Ku44OO6KeS44K0IFBybyBXMycsJ0hpcmFnaW5vIEtha3UgR290aGljIFBybycsJ+ODoeOCpOODquOCqicsJ++8re+8syDvvLDjgrTjgrfjg4Pjgq8nLCdNUyBQIEdvdGhpYycsc2Fucy1zZXJpZjsiPgogIOmbqOOBruaXpeODu+mbquOBruaXpeOBjOalveOBl+OBj+OBquOCi+KZqueUt+OBruWtkOOCguWls+OBruWtkOOCguS9v+OBiOOCi+ODrOOCpOODs+ODqeODkOODvOODluODvOODhCAgPC9zcGFuPiAgICA8L3RkPgogIDwvdHI+CiAgPHRyPgogICAgPHRkIGhlaWdodD0iNSI+PC90ZD4KICA8L3RyPgogIDx0cj4KICAgIDx0ZD48aHIgd2lkdGg9IjEwMCUiIHNpemU9IjIiIHN0eWxlPSJjb2xvcjojN0E2QTU2Ij48L3RkPgogIDwvdHI+CiAgPHRyPgogICAgPHRkIGhlaWdodD0iMTAiPjwvdGQ+CiAgPC90cj4KICA8dHI+CiAgICA8dGQ+Cgo8aW1nIHNyYz0iaHR0cDovL2ltYWdlLnJha3V0ZW4uY28uanAvYXVjLWt5b3RvbmFrYW11cmF5YS9jYWJpbmV0L2ltZy9yZWZsZS90b3BpY3NfcHJvZHVjdHMwMS5naWYiIGFsdD0i5paw5YWl6I23IiB3aWR0aD0iMTYwIiBoZWlnaHQ9IjQxIiBzdHlsZT0ibWFyZ2luLXJpZ2h0OjNweCIgLz4KCgo8aW1nIHNyYz0iaHR0cDovL2ltYWdlLnJha3V0ZW4uY28uanAvYXVjLWt5b3RvbmFrYW11cmF5YS9jYWJpbmV0L2ltZy9yZWZsZS90b3BpY3NfcHJvZHVjdHMwMy5naWYiIGFsdD0i44Kq44K544K544Oh5ZWG5ZOBIiB3aWR0aD0iMTYxIiBoZWlnaHQ9IjQxIiBzdHlsZT0ibWFyZ2luLXJpZ2h0OjNweCIgLz48L3RkPgogIDwvdHI+CiAgPHRyPgogICAgPHRkIGhlaWdodD0iNyI+PC90ZD4KICA8L3RyPgo8L3RhYmxlPgoKCjxQIEFMSUdOPSJjZW50ZXIiIHN0eWxlPSJtYXJnaW4tYm90dG9tOjhweDsiPjxJTUcgU1JDPWh0dHA6Ly9pbWFnZS5yYWt1dGVuLmNvLmpwL2F1Yy1reW90b25ha2FtdXJheWEvY2FiaW5ldC9qcGtpZHMvZXRjL2ltZ3JjMDEyNTgwNjU1OS5qcGc+CgoKPFAgQUxJR049ImNlbnRlciIgc3R5bGU9Im1hcmdpbi1ib3R0b206OHB4OyI+PElNRyBTUkM9aHR0cDovL2ltYWdlLnJha3V0ZW4uY28uanAvYXVjLWt5b3RvbmFrYW11cmF5YS9jYWJpbmV0L3NpemUvaW1ncmMwMTI0MDI4NjU1LmpwZz4KCjxQIEFMSUdOPSJjZW50ZXIiIHN0eWxlPSJtYXJnaW4tYm90dG9tOjhweDsiPjxJTUcgU1JDPWh0dHA6Ly9pbWFnZS5yYWt1dGVuLmNvLmpwL2F1Yy1reW90b25ha2FtdXJheWEvY2FiaW5ldC9qcGtpZHMvZXRjL2ltZ3JjMDEyNTgwNjU2MS5qcGc+Cgo8UCBBTElHTj0iY2VudGVyIiBzdHlsZT0ibWFyZ2luLWJvdHRvbTo4cHg7Ij48SU1HIFNSQz1odHRwOi8vaW1hZ2UucmFrdXRlbi5jby5qcC9hdWMta3lvdG9uYWthbXVyYXlhL2NhYmluZXQvanBraWRzL2V0Yy9pbWdyYzAxMjU4MDY1NjAuanBnPgoKPFAgQUxJR049ImNlbnRlciIgc3R5bGU9Im1hcmdpbi1ib3R0b206OHB4OyI+PElNRyBTUkM9aHR0cDovL2ltYWdlLnJha3V0ZW4uY28uanAvYXVjLWt5b3RvbmFrYW11cmF5YS9jYWJpbmV0L2pwa2lkcy9ldGMvaW1ncmMwMTI1NzY1NDg1LmpwZz4KCjxQIEFMSUdOPSJjZW50ZXIiIHN0eWxlPSJtYXJnaW4tYm90dG9tOjhweDsiPjxJTUcgU1JDPWh0dHA6Ly9pbWFnZS5yYWt1dGVuLmNvLmpwL2F1Yy1reW90b25ha2FtdXJheWEvY2FiaW5ldC9qcGtpZHMvZXRjL2ltZ3JjMDEyNTc2NTQ4Ni5qcGc+Cgo8UCBBTElHTj0iY2VudGVyIiBzdHlsZT0ibWFyZ2luLWJvdHRvbTo4cHg7Ij48SU1HIFNSQz1odHRwOi8vaW1hZ2UucmFrdXRlbi5jby5qcC9hdWMta3lvdG9uYWthbXVyYXlhL2NhYmluZXQvanBraWRzL2V0Yy9pbWdyYzAxMjU3NjU0ODcuanBnPgoKPFAgQUxJR049ImNlbnRlciIgc3R5bGU9Im1hcmdpbi1ib3R0b206OHB4OyI+PElNRyBTUkM9aHR0cDovL2ltYWdlLnJha3V0ZW4uY28uanAvYXVjLWt5b3RvbmFrYW11cmF5YS9jYWJpbmV0L2pwa2lkcy9ldGMvaW1ncmMwMTI1NzY1NDg4LmpwZz4KCjxQIEFMSUdOPSJjZW50ZXIiIHN0eWxlPSJtYXJnaW4tYm90dG9tOjhweDsiPjxJTUcgU1JDPWh0dHA6Ly9pbWFnZS5yYWt1dGVuLmNvLmpwL2F1Yy1reW90b25ha2FtdXJheWEvY2FiaW5ldC9qcGtpZHMvZXRjL2ltZ3JjMDEyNTc2NTQ4OS5qcGc+CgoKPFAgQUxJR049ImNlbnRlciIgc3R5bGU9Im1hcmdpbi1ib3R0b206OHB4OyI+PElNRyBTUkM9aHR0cDovL2ltYWdlLnJha3V0ZW4uY28uanAvYXVjLWt5b3RvbmFrYW11cmF5YS9jYWJpbmV0L2pwa2lkcy9ldGMvaW1ncmMwMTI1ODA2NTYyLmpwZz4KPGJyPgoKPGEgaHJlZj0iaHR0cDovL2l0ZW0ucmFrdXRlbi5jby5qcC9hdWMta3lvdG9uYWthbXVyYXlhL2otMDc5LyI+CjxpbWcgc3JjPSJodHRwOi8vaW1hZ2UucmFrdXRlbi5jby5qcC9hdWMta3lvdG9uYWthbXVyYXlhL2NhYmluZXQvanBraWRzL2V0Yy9pbWdyYzAxMjcxMTE2NDguanBnIiB3aWR0aD0iNjcwIiBoZWlnaHQ9IjY3MCI+PC9hPjxicj4KCgo8ZGl2IHN0eWxlPSJ3aWR0aDo2NzBweDsgbWFyZ2luLWJvdHRvbTo1cHg7Ij4KPGltZyBzcmM9Imh0dHA6Ly9pbWFnZS5yYWt1dGVuLmNvLmpwL2F1Yy1reW90b25ha2FtdXJheWEvY2FiaW5ldC9pbWcvcmVmbGUvaXRlbV9kZXNjcmlwdGlvbi5naWYiIGFsdD0i5ZWG5ZOB6Kqs5piOIiB3aWR0aD0iNjcwIiBoZWlnaHQ9IjM4IiAvPgo8L2Rpdj4KPGRpdiBzdHlsZT0id2lkdGg6NjcwcHg7IG1hcmdpbi1ib3R0b206MTVweDsgZm9udC1zaXplOjEycHg7IGxpbmUtaGVpZ2h0OjE4cHg7Ij48QlI+LUNBTkRZIHNlbGVjdC0KPC91bD4KCgo8ZGl2IHN0eWxlPSJ3aWR0aDo2NzBweDsgbWFyZ2luLWJvdHRvbToxNXB4OyI+CjxzcGFuIHN0eWxlPSJmb250LXNpemU6MTRweDsgZm9udC13ZWlnaHQ6Ym9sZDsgY29sb3I6I0M2MUEyMjsgbGluZS1oZWlnaHQ6MThweDsiPuODl+ODgeODl+ODqeODu+OBi+OCj+OBhOOBhOODu+WuieW/g+ODu+mrmOWTgeizquOBoOOBi+OCieS7iuODnuODnuOBi+OCiemBuOOBsOOCjOOBpuOBhOOBvuOBmeKZqgoKPC9zcGFuPjxicj4KPHNwYW4gc3R5bGU9ImZvbnQtc2l6ZToxMnB4OyBsaW5lLWhlaWdodDoxOHB4OyI+CumbqOOBruaXpeODu+mbquOBruaXpeOBjOalveOBl+OBj+OBquOCi+KZqueUt+OBruWtkOOCguWls+OBruWtkOOCguS9v+OBiOOCi+ODrOOCpOODs+ODqeODkOODvOODluODvOODhOKZqjwvc3Bhbj4KPC9kaXY+Cgo8ZGl2IHN0eWxlPSJ3aWR0aDo2NzBweDsgbWFyZ2luLWJvdHRvbTo1cHg7Ij4KPGltZyBzcmM9Imh0dHA6Ly9pbWFnZS5yYWt1dGVuLmNvLmpwL2F1Yy1reW90b25ha2FtdXJheWEvY2FiaW5ldC9pbWcvcmVmbGUvaXRlbV9pbmZvcm1hdGlvbi5naWYiIGFsdD0i5ZWG5ZOB5oOF5aCxIiB3aWR0aD0iNjcwIiBoZWlnaHQ9IjM4IiAvPgo8L2Rpdj4KCjx0YWJsZSB3aWR0aD0iNjcwIiBib3JkZXI9IjAiIGNlbGxwYWRkaW5nPSIwIiBjZWxsc3BhY2luZz0iMSIgYmdjb2xvcj0iIzY2NjY2NiI+Cjx0cj4KPHRkIHdpZHRoPSIxMDgiIHN0eWxlPSJiYWNrZ3JvdW5kLWNvbG9yOiNGOEU3NTI7IHBhZGRpbmc6NHB4OyI+PHNwYW4gc3R5bGU9ImZvbnQtc2l6ZToxMnB4OyI+57Sg5p2QPC9zcGFuPjwvdGQ+Cjx0ZCB3aWR0aD0iNTYyIiBzdHlsZT0iYmFja2dyb3VuZC1jb2xvcjojRkZGRkZGOyBwYWRkaW5nOjRweDsgZm9udC1zaXplOjEycHg7Ij7nlLLpg6jliIbvvJrlkIjmiJDjgrTjg6AKPC90ZD4KPC90cj4KPHRyPgo8dGQgd2lkdGg9IjEwOCIgc3R5bGU9ImJhY2tncm91bmQtY29sb3I6I0Y4RTc1MjsgcGFkZGluZzo0cHg7IGxpbmUtaGVpZ2h0OjE4cHg7Ij48c3BhbiBzdHlsZT0iZm9udC1zaXplOjEycHg7Ij7jgrfjg7zjgrrjg7M8L3NwYW4+PC90ZD4KPHRkIHdpZHRoPSI1NjIiIHN0eWxlPSJiYWNrZ3JvdW5kLWNvbG9yOiNGRkZGRkY7IHZlcnRpY2FsLWFsaWduOnRvcDsgcGFkZGluZzo0cHg7IGZvbnQtc2l6ZToxMnB4OyI+44Kq44O844Or44K344O844K644OzKDHlubTkuK3kvb/jgYjjgovjgYvjgonlronlv4MpPC90ZD4KPC90cj4KPHRyPgo8dGQgd2lkdGg9IjEwOCIgc3R5bGU9ImJhY2tncm91bmQtY29sb3I6I0Y4RTc1MjsgcGFkZGluZzo0cHg7Ij48c3BhbiBzdHlsZT0iZm9udC1zaXplOjEycHg7Ij7jgrXjgqTjgro8L3NwYW4+PC90ZD4KPHRkIHdpZHRoPSI1NjIiIHN0eWxlPSJiYWNrZ3JvdW5kLWNvbG9yOiNGRkZGRkY7IHBhZGRpbmc6NHB4OyBmb250LXNpemU6MTJweDsiPgoKPHRhYmxlIHdpZHRoPSI1NTQiIGJvcmRlcj0iMCIgY2VsbHNwYWNpbmc9IjAiIGNlbGxwYWRkaW5nPSIwIj4KPC90YWJsZT4KPGJyPgoKPHRhYmxlIHdpZHRoPSI1NTQiIGJvcmRlcj0iMCIgY2VsbHBhZGRpbmc9IjAiIGNlbGxzcGFjaW5nPSIxIiBiZ2NvbG9yPSIjOTk5OTk5Ij4KPHRyPgo8dGQgd2lkdGg9IjE1NSIgc3R5bGU9InBhZGRpbmc6M3B4OyBmb250LXNpemU6MTNweDsgYmFja2dyb3VuZC1jb2xvcjojRTZFNkU2OyI+44K144Kk44K66YG444Gz44Gr44Gk44GE44GmPGJyIC8+PC90ZD4KCjx0ZCB3aWR0aD0iMTUzIiBzdHlsZT0icGFkZGluZzozcHg7IHRleHQtYWxpZ246Y2VudGVyOyBmb250LXNpemU6MTNweDsgYmFja2dyb3VuZC1jb2xvcjojRTZFNkU2OyI+5pmu5q6144Go5ZCM44GY44K144Kk44K644KS44GK6YG444Gz5LiL44GV44GE44G+44Gb44CCPC90ZD4KCjwvdHI+CgoKCgoKPC90YWJsZT4KCgoKPHVsIHN0eWxlPSJsaXN0LXN0eWxlLXR5cGU6bm9uZTsgbWFyZ2luOjBweCAwcHggMHB4IDE1cHg7IHBhZGRpbmc6MDsgbGluZS1oZWlnaHQ6MThweDsiPgoKPGxpPuaZruauteOBruOCteOCpOOCuuOCiOOCiuOCguOAgTHjgrXjgqTjgrpVUOOBp+S4reaVt+WvvuW/nOmgguOBjeOBvuOBmeOBqOmVt+OBj+OBlOedgOeUqOmgguOBkeOBvuOBmeOAgjwvbGk+CgoKPC91bD4KCgoKCjwvdGQ+CjwvdHI+Cjx0cj4KPHRkIHdpZHRoPSIxMDgiIHN0eWxlPSJiYWNrZ3JvdW5kLWNvbG9yOiNGOEU3NTI7IHBhZGRpbmc6NHB4OyBmb250LXNpemU6MTJweDsiPumFjemAgeaWmTwvdGQ+Cjx0ZCB3aWR0aD0iNTYyIiBzdHlsZT0iYmFja2dyb3VuZC1jb2xvcjojRkZGRkZGOyBwYWRkaW5nOjRweDsgZm9udC1zaXplOjEycHg7IGxpbmUtaGVpZ2h0OjE4cHg7Ij4KCjxwPjxzcGFuIHN0eWxlPSJmb250LXdlaWdodDpib2xkOyI+5a6F5oCl5L6/44CA77ya5YWo5Zu95LiA5b6LNTkw5YaG77yI56iO6L6877yJPC9zcGFuPjxiciAvPgombmJzcDsmbmJzcDsmbmJzcDsmbmJzcDsmbmJzcDsmbmJzcDsmbmJzcDsmbmJzcDsmbmJzcDsmbmJzcDsmbmJzcDsmbmJzcDs8c3BhbiBzdHlsZT0iY29sb3I6IzAwNkJCNDsiPuWQiOioiOmHkemhjeOBjDYsODAw5YaG5Lul5LiKKOeojuODu+mAgeaWmeOBr+WQq+OBvuOBquOBhOmHkemhjSnjgaflroXphY3kvr/jgpLnhKHmlpk8L3NwYW4+44CA4oC75ZCM5pmC6LO85YWl44Gr6ZmQ44KLPC9wPgoKPHAgc3R5bGU9ImNvbG9yOiM0RDRENEQiPuKAu+WPquS7iuOBruOBqOOBk+OCjeOCruODleODiOODqeODg+ODlOODs+OCsOOBq+OBr+WvvuW/nOOBhOOBn+OBl+OBpuOBiuOCiuOBvuOBm+OCkzwvcD4KPC90ZD4KPC90cj4KPHRyPgo8dGQgd2lkdGg9IjEwOCIgc3R5bGU9ImJhY2tncm91bmQtY29sb3I6I0Y4RTc1MjsgcGFkZGluZzo0cHg7IGZvbnQtc2l6ZToxMnB4OyBsaW5lLWhlaWdodDoxOHB4OyI+5ZWG5ZOB44Gu54m55b60PC90ZD4KPHRkIHdpZHRoPSI1NjIiIHN0eWxlPSJiYWNrZ3JvdW5kLWNvbG9yOiNGRkZGRkY7IHBhZGRpbmc6NHB4OyBmb250LXNpemU6MTJweDsgbGluZS1oZWlnaHQ6MThweDsiPgo8dWwgc3R5bGU9Imxpc3Qtc3R5bGUtdHlwZTpzcXVhcmU7IG1hcmdpbjowcHggMHB4IDBweCAxNXB4OyBwYWRkaW5nOjA7Ij4KCuKAu+WVhuWTgeOCteOCpOOCuuOBruips+e0sOOBq+OBpOOBhOOBpjxicj4K55S75YOP44Gr44Gm6Kmz44GX44GE44K144Kk44K644KS5o6y6LyJ44GX44Gm44GK44KK44G+44GZ44Gu44Gn44CB44GU56K66KqN44GP44Gg44GV44GE44G+44Gb44CCPGJyPgoKCuODu+mbqOOBruaXpeOCgualveOBl+OBj+OBquOCi+KZquOBi+OCj+OBhOOBhOODl+ODquODs+ODiOafhOODrOOCpOODs+ODluODvOODhOOAgjxicj4K44O75Y6a5bqV44Op44OQ44O857Sg5p2Q44Gr44CB5ruR44KK5q2i44KB5Yqg5bel44GM5pa944GV44KM44Gm44GE44KL44Gu44Gn6Zuo44Gu5pel6Zuq44Gu5pel44Gn44KC5a6J5b+D4pmqPGJyPgoK44O755S344Gu5a2Q44KC5aWz44Gu5a2Q44KC5L2/44GI44KL44CC44OH44OL44Og44CB44Ov44Oz44OU44O844K544CB44K544Kr44O844OI44Go5bmF5bqD44GP44Kz44O844OH44GM5Y+v6IO944CCPEJSPgrjg7vljprjgoHjga7jgrTjg6DlupXjgafmranjgY3jgoTjgZnjgY/jgIHotrPjgoLnl5vjgY/jgarjgYTimao8QlI+Cgrjg7vjg5Ljg7zjg6vpq5jvvJoxY23jgIHpnbTlupXjga7ljprjgb/vvJowLjhjbTxicj4KCgrjg7vnlJ/nlKPlm73vvJrkuK3lm708YnI+CuODu+ijvemAoOaZguOBruautemajuOBp+i1t+OBk+OCi+ODl+ODquODs+ODiOS4jeiJr+ODu+WCt+ODu+WHueOBv+ODu+afk+ODoOODqeetieOBjOeogOOBq+OBlOOBluOBhOOBvuOBmeOAguS4jeiJr+WTgeOBp+OBr+OBlOOBluOBhOOBvuOBm+OCk+OBruOBp+OAgeS9leWNkuOBlOS6huaJv+OBj+OBoOOBleOBhOOBvuOBm+OAgjxicj4KCjxsaT7ihpPjgYrjgZfjgoPjgozjgarjg57jg4Pjg4jjgqvjg6njg7zjg6zjgqTjg7Pjg5bjg7zjg4TjgYzlhaXojbfihpM8L2xpPgoKPGR0PgoKPGltZyBzcmM9Imh0dHA6Ly9pbWFnZS5yYWt1dGVuLmNvLmpwL2F1Yy1reW90b25ha2FtdXJheWEvY2FiaW5ldC9qcGtpZHMvZXRjL2ltZ3JjMDEyNTgxMjc5Ny5qcGciIHdpZHRoPSIyMDAiIGhlaWdodD0iMjAwIj48L2R0PgoKCjxsaT7ihpPmlrDkvZzjga7jgrnjg6rjg4Pjg53jg7PjgYzlhaXojbfvvIHjgZPjgaHjgonjgYvjgonihpM8L2xpPgoKPGR0PgoKPGltZyBzcmM9Imh0dHA6Ly9pbWFnZS5yYWt1dGVuLmNvLmpwL2F1Yy1reW90b25ha2FtdXJheWEvY2FiaW5ldC9qcGtpZHMvZXRjL2ltZ3JjMDEyNTY3OTkyNi5qcGciIHdpZHRoPSIyMDAiIGhlaWdodD0iMjAwIj48L2R0PgoKCgo8bGk+4oaT44GK44GZ44GZ44KB44Gu44Kz44O844OH44Ki44Kk44OG44Og44Gv4oaTPC9saT4KCjxkdD4KCjxpbWcgc3JjPSJodHRwOi8vaW1hZ2UucmFrdXRlbi5jby5qcC9hdWMta3lvdG9uYWthbXVyYXlhL2NhYmluZXQvb3JpZ2luYWwvYm90dG9tcy9pbWdyYzAxMjM5ODQ2ODEuanBnIiB3aWR0aD0iMjAwIiBoZWlnaHQ9IjIwMCI+PC9kdD4KCjxkdD4KCjxpbWcgc3JjPSJodHRwOi8vaW1hZ2UucmFrdXRlbi5jby5qcC9hdWMta3lvdG9uYWthbXVyYXlhL2NhYmluZXQvZC9kYm90dG9tL2ltZ3JjMDEyNDQxNDMzOS5qcGciIHdpZHRoPSIyMDAiIGhlaWdodD0iMjAwIj48L2R0PgoKPGR0PgoKPGltZyBzcmM9Imh0dHA6Ly9pbWFnZS5yYWt1dGVuLmNvLmpwL2F1Yy1reW90b25ha2FtdXJheWEvY2FiaW5ldC9qcGtpZHMvdG9wcy9pbWdyYzAxMjU3NDY4ODIuanBnIiB3aWR0aD0iMjAwIiBoZWlnaHQ9IjIwMCI+PC9kdD4KCjxkdD4KCjxpbWcgc3JjPSJodHRwOi8vaW1hZ2UucmFrdXRlbi5jby5qcC9hdWMta3lvdG9uYWthbXVyYXlhL2NhYmluZXQvb3JpZ2luYWwvc2tpcnQvaW1ncmMwMTIzOTgxNTA5LmpwZyIgd2lkdGg9IjIwMCIgaGVpZ2h0PSIyMDAiPjwvZHQ+Cgo8ZHQ+Cgo8aW1nIHNyYz0iaHR0cDovL2ltYWdlLnJha3V0ZW4uY28uanAvYXVjLWt5b3RvbmFrYW11cmF5YS9jYWJpbmV0L2QvZGJvdHRvbS9pbWdyYzAxMjQ0MzYzMTIuanBnIiB3aWR0aD0iMjAwIiBoZWlnaHQ9IjIwMCI+PC9kdD4KCgoKCgoKCgoKCgoKCgo8L3VsPgo8L3RkPgo8L3RyPgo8L3RhYmxlPgoKCjxkaXYgc3R5bGU9IndpZHRoOjY3MHB4OyBtYXJnaW4tdG9wOjE1cHg7IG1hcmdpbi1ib3R0b206NXB4OyI+CjxpbWcgc3JjPSJodHRwOi8vaW1hZ2UucmFrdXRlbi5jby5qcC9hdWMta3lvdG9uYWthbXVyYXlhL2NhYmluZXQvaW1nL3JlZmxlL2l0ZW1fbm90ZXMuZ2lmIiBhbHQ9IuOBlOazqOaEj+S6i+mghSIgd2lkdGg9IjY3MCIgaGVpZ2h0PSIzNyIgLz4KPC9kaXY+Cgo8ZGl2IHN0eWxlPSJ3aWR0aDo2NzBweDsiPgo8c3BhbiBzdHlsZT0iZm9udC1zaXplOjEycHg7IGxpbmUtaGVpZ2h0OjE4cHg7Ij4KPHVsIHN0eWxlPSJsaXN0LXN0eWxlLXR5cGU6c3F1YXJlOyBtYXJnaW46MHB4IDBweCAwcHggMTVweDsgcGFkZGluZzowOyI+CgoKCjwvdWw+Cjwvc3Bhbj4KPC9kaXY+PGltZyBzcmM9Imh0dHA6Ly9pbWFnZS5yYWt1dGVuLmNvLmpwL2F1Yy1reW90b25ha2FtdXJheWEvY2FiaW5ldC9pbWdyYzAxMzA0NDA2NjcuZ2lmIiBhbHQ9IuODoeODvOODq+S+vyIgd2lkdGg9IjYzMCIgaGVpZ2h0PSIxODAiIGJvcmRlcj0iMCIgLz48YnI+PGJyPgoKCgoKCjxicj48YnI+,44CQ44GC44GZ5qW95a++5b+c44CR5ruR44KK5q2i44KB5Yqg5bel44Gn5a6J5b+DIOODqeODkOODvCDjg6zjgqTjg7Pjg5bjg7zjg4Qg44OZ44Or44OI5LuYIOODl+ODquODs+ODiOafhCDjgqvjg6njg5Djg6og6ZW36Z20IOODrOOCpOODs+OCt+ODpeODvOOCuiDmooXpm6gg44Op44OQ44O844OW44O844OEIOWtkOS+m+mdtCDjgq3jg4Pjgrog44OJ44OD44OI5p+EIGJlZW5zIOmAmuiyqSDpu5Ig44OR44O844OX44OrIOODjeOCpOODk+ODvCDjg5bjg6vjg7wg57S6IOODrOODg+ODiSDotaQg44Kr44O844KtIOODlOODs+OCryDjgrDjg6rjg7zjg7PvvJpLaWRzIFNIT1AgQ2FuZHlIdW50ZXI=,6Z+T5Zu944CA5a2Q5L6b5pyN6Z+T5Zu95a2Q5L6b5pyNZ3JlZW4gdG9tYXRvZ3JlZW50b21hdG9hbWJlcuODr+ODs+ODlOODvOOCuemfk+WbveOAgOWtkOS+m+acjeOAgOODr+ODs+ODlOODvOOCueOCtOODq+ODlWFkYW1z44Ot44Kx44OD44OI44K144Op44OAcm9ja2V0IHNhbGFk6Z+T5Zu944CA5a2Q5L6b5pyNIOS6rOmDveS4readkeWxi+OAkOOBguOBmealveWvvuW/nOOAkea7keOCiuatouOCgeWKoOW3peOBp+WuieW/gyDjg6njg5Djg7wg44Os44Kk44Oz44OW44O844OEIOODmeODq+ODiOS7mCDjg5fjg6rjg7Pjg4jmn4Qg44Kr44Op44OQ44OqIOmVt+mdtCDjg6zjgqTjg7Pjgrfjg6Xjg7zjgrog5qKF6ZuoIOODqeODkOODvOODluODvOODhCDlrZDkvpvpnbQg44Kt44OD44K6IOODieODg+ODiOafhCBiZWVucyDpgJrosqkg6buSIOODkeODvOODl+ODqyDjg43jgqTjg5Pjg7wg44OW44Or44O8IOe0uiDjg6zjg4Pjg4kg6LWkIOOCq+ODvOOCrSDjg5Tjg7Pjgq8g44Kw44Oq44O844Oz,MTVjbS8xNmNtLzE3Y20vMThjbS8xOWNtLzIwY20vMjFjbS8yMmNtL+eUt+OBruWtkC/lpbPjga7lrZDjgILjgJDjgYLjgZnmpb3lr77lv5zjgJHmu5HjgormraLjgoHliqDlt6Xjgaflronlv4Mg44Op44OQ44O8IOODrOOCpOODs+ODluODvOODhCDjg5njg6vjg4jku5gg44OX44Oq44Oz44OI5p+EIOOCq+ODqeODkOODqiDplbfpnbQg44Os44Kk44Oz44K344Ol44O844K6IOaihembqCDjg6njg5Djg7zjg5bjg7zjg4Qg5a2Q5L6b6Z20IOOCreODg+OCuiDjg4njg4Pjg4jmn4QgYmVlbnMg6YCa6LKpIOm7kiDjg5Hjg7zjg5fjg6sg44ON44Kk44OT44O8IOODluODq+ODvCDntLog44Os44OD44OJIOi1pCDjgqvjg7zjgq0g44OU44Oz44KvIOOCsOODquODvOODsw==[rn]
30-32940,aHR0cDovL3RzaG9wLnIxMHMuanAvY2luZW1hY29sbGVjdGlvbi9jYWJpbmV0L3IyMDE3MDMyMS9zbS1hcGRzMjY4Ni5qcGc/Zml0aW49NzAwOjcwMA==,Njg3LjIwMDA=,,44Kt44OD44K644O744OZ44OT44O844O744Oe44K/44OL44OG44KjID4g44Kt44OD44K6ID4g6ZuR6LKo44O75bCP54mp77yI44GK5byB5b2T44Kw44OD44K644O744K/44Kq44Or44O75paH5YW36aGe77yJID4g5a2Q5L6b55So44GK5byB5b2T6KKL,44OI44Kk44K544OI44O844Oq44O8IOOCqOOCpOODquOCouODsyDjg6njg7Pjg4Hlt77nnYAg44Oe44OB5LuY44GN5be+552A6KKLIFBJWlpBICDjg4fjgqPjgrrjg4vjg7wg44K544Oi44O844Or44OX44Op44ON44OD44OIIDE4w5cyN8OXOWNtIOOBiuW8geW9k+euseiiiyDjgq3jg6Pjg6njgq/jgr/jg7zjgrDjg4PjgrrpgJrosqkg44CQ44Oh44O844Or5L6/5Y+v44CR44CQ44GC44GZ5qW944CR44K344ON44Oe44Kz44Os44Kv44K344On44Oz,,PGNlbnRlcj48YSBocmVmPSJodHRwOi8vaXRlbS5yYWt1dGVuLmNvLmpwL2NpbmVtYWNvbGxlY3Rpb24vYy8wMDAwMDAwNTQxLyNjb250ZW50cyIgdGFyZ2V0PSJfcGFyZW50Ij48aW1nIHdpZHRoPSI3NTAiIGJvcmRlcj0iMCIgc3JjPSJodHRwOi8vaW1hZ2UucmFrdXRlbi5jby5qcC9jaW5lbWFjb2xsZWN0aW9uL2NhYmluZXQvZGlzbmV5NTgwLTAyLmpwZyI+PC9hPjwvY2VudGVyPjxicj48YnI+PGNlbnRlcj48YSBocmVmPSJodHRwOi8vd3d3LnJha3V0ZW4ubmUuanAvZ29sZC9jaW5lbWFjb2xsZWN0aW9uL2Fuc3dlci5odG1sI2MxcTMiIHRhcmdldD0iX25ldyI+PGltZyB3aWR0aD0iNzUwIiBib3JkZXI9IjAiIHNyYz0iaHR0cDovL2ltYWdlLnJha3V0ZW4uY28uanAvY2luZW1hY29sbGVjdGlvbi9jYWJpbmV0L3ItbWFpbDU4MC5qcGciIGhlaWdodD0iNTAiIHZzcGFjZT0iNSI+PC9hPjwvY2VudGVyPjxicj48YnI+44OI44Kk44K544OI44O844Oq44O8IOOCqOOCpOODquOCouODsyDjg6njg7Pjg4Hlt77nnYAg44Oe44OB5LuY44GN5be+552A6KKLIFBJWlpBICDjg4fjgqPjgrrjg4vjg7wg44K544Oi44O844Or44OX44Op44ON44OD44OIIDE4w5cyN8OXOWNtIOOBiuW8geW9k+euseiiiyDjgq3jg6Pjg6njgq/jgr/jg7zjgrDjg4PjgrrpgJrosqkg44CQ44Oh44O844Or5L6/5Y+v44CR44CQ44GC44GZ5qW944CR44K344ON44Oe44Kz44Os44Kv44K344On44OzPEJSPjxCUj48IS0tIOKYheOBiuawl+OBq+WFpeOCii0tPjxkaXYgY2xhc3M9IncyODAtYyI+PGRpdiBjbGFzcz0iY2VudGVyLW0tMGEiPjxpbWcgY2xhc3M9Iml0ZW0tb2tpLWJuIiBhbHQ9IuOCreODo+ODqeOCr+OCv+ODvOOCsOODg+OCuumAmuiyqeOCt+ODjeODnuOCs+ODrOOCr+OCt+ODp+ODs+OBruOBiuawl+OBq+WFpeOCiuODquOCueODiOOCkueiuuiqjeOBmeOCiyIgc3JjPSJodHRwOi8vaW1hZ2UucmFrdXRlbi5jby5qcC9jaW5lbWFjb2xsZWN0aW9uL2NhYmluZXQvb2tpLTIuZ2lmIj48L2Rpdj48L2Rpdj48IS0tIOKYheOBiuawl+OBq+WFpeOCiuOCs+OCs+OBvuOBpy0tPjwhLS3imIXliYrpmaTkuI3lj68tLT48L3NwYW4+PC90ZD48L3RyPjwvdGFibGU+PGJyPjwvdGQ+PC90cj48L3RhYmxlPjxicj48dGFibGUgY2VsbHBhZGRpbmc9IjAiIGJvcmRlcj0iMCI+PHRyPjx0ZD48dGFibGUgY2VsbHBhZGRpbmc9IjAiIGJvcmRlcj0iMCI+PHRyPjx0ZD48c3Bhbj48IS0t6Zai6YCj5qSc57Si44Kt44O844Ov44O844OJLS0+PGRpdiBzdHlsZT0id2lkdGg6MTAwJTt0ZXh0LWFsaWduOiBjZW50ZXIiPjxoMyBzdHlsZT0iY29sb3I6IzdmN2Y3ZjsiPue0hDljbeOBruW6leODnuODgeOBp+OBhOOCjeOCk+OBquOBiuW8geW9k+euseOChOWwj+eJqeOBjOWFpeOCi+KZqjxicj48IS0t4piFSy0tPuS+v+WIqS/jgYvjgo/jgYTjgYQv5aWz44Gu5a2QL+Wwj+WtpueUny/jg6njg7Pjg4HjgrDjg4Pjgro8L2gzPjxpbWcgc3R5bGU9Im1hcmdpbjoxNXB4IDAgMTBweCAwO3dpZHRoOjEwMCUgO2JvcmRlcjpub25lOyIgYWx0PSLjgq3jg6Pjg6njgq/jgr/jg7zjgrDjg4PjgrrlsILploDlupcv44K344ON44Oe44Kz44Os44Kv44K344On44OzL+WVhuWTgeips+e0sCIgc3JjPSJodHRwOi8vd3d3LnJha3V0ZW4ubmUuanAvZ29sZC9jaW5lbWFjb2xsZWN0aW9uL2JuL2l0ZW0tYm4wMS5naWYiIC8+PGRpdiBzdHlsZT0iY29sb3I6IzdmN2Y3Zjt3aWR0aDo5MCU7bWFyZ2luOjAgYXV0bzsjZWZlZmVmIHNvbGlkIDFweDtwYWRkaW5nOjEwcHg7dGV4dC1hbGlnbjogbGVmdDsiPuWkp+S6uuawl+ODh+OCo+OCuuODi+ODvOOCreODo+ODqeOCr+OCv+ODvOOCuuOBruWPr+aEm+OCieOBl+OBhOaWsOS9nOODqeODs+ODgeOCsOODg+OCuuOBjOeZu+WgtCEhPGJyPuOBk+OBoeOCieOBr+WumueVquS6uuawl+OCouOCpOODhuODoOOAkOODnuODgeS7mOOBjUxVTkNI5be+552A44CRPGJyPuW6leOBq+ODnuODgeOBjDljbeS7mOOBhOOBpuOBhOOCi+OBruOBp+OBiuW8geW9k+euseOCkuWFpeOCjOOCi+OBruOBq+OBtOOBo+OBn+OCiuKZqjxicj7jgbvjgYvjgavjgoLoibLjgpPjgarjgq3jg6Pjg6njgq/jgr/jg7zjgYLjgovjgYvjgonjgYrmsJfjgavlhaXjgoropovjgaTjgZHjgabjga3imIY8YnI+PGJyPuKWoOOCteOCpOOCuu+8mue0hDI3MMOXMTgww5c5MG1tPGJyPuKWoOe0oOadkO+8muOCs+ODg+ODiOODszEwMO+8he+8iOe0kO+8ieODneODquOCqOOCueODhuODqzxCUj48QlI+4pag44Kr44Op44O8IOOCquODrOODs+OCuOezu++8iOapmeiJsu+8iTxCUj48QlI+PC9kaXY+PC9kaXY+PGRpdiBzdHlsZT0id2lkdGg6MTAwJTt0ZXh0LWFsaWduOiBjZW50ZXI7Ij48aW1nIHN0eWxlPSJtYXJnaW46MTVweCAwIDEwcHggMDt3aWR0aDoxMDAlIDtib3JkZXI6bm9uZTsiIGFsdD0i44Kt44Oj44Op44Kv44K/44O844Kw44OD44K65bCC6ZaA5bqXL+OCt+ODjeODnuOCs+ODrOOCr+OCt+ODp+ODsy/oqbPntLDnlLvlg48iIHNyYz0iaHR0cDovL3d3dy5yYWt1dGVuLm5lLmpwL2dvbGQvY2luZW1hY29sbGVjdGlvbi9ibi9pdGVtLWJuMDIuZ2lmIiAvPjxkaXYgc3R5bGU9IndpZHRoOjEwMCU7bWFyZ2luOjAgYXV0bzsiPjxpbWcgc3R5bGU9IndpZHRoOjI2MHB4O21hcmdpbjoycHg7Ym9yZGVyOm5vbmU7IiBzcmM9Imh0dHA6Ly9pbWFnZS5yYWt1dGVuLmNvLmpwL2NpbmVtYWNvbGxlY3Rpb24vY2FiaW5ldC9yMjAxNzAzMjEvc20tYXBkczI2ODYuanBnIj48aW1nIHN0eWxlPSJ3aWR0aDoyNjBweDttYXJnaW46MnB4O2JvcmRlcjpub25lOyIgc3JjPSJodHRwOi8vaW1hZ2UucmFrdXRlbi5jby5qcC9jaW5lbWFjb2xsZWN0aW9uL2NhYmluZXQvcjIwMTcwMzIxL3NtLWFwZHMyNjg2XzIuanBnIj48aW1nIHN0eWxlPSJ3aWR0aDoyNjBweDttYXJnaW46MnB4O2JvcmRlcjpub25lOyIgc3JjPSJodHRwOi8vaW1hZ2UucmFrdXRlbi5jby5qcC9jaW5lbWFjb2xsZWN0aW9uL2NhYmluZXQvcjIwMTcwMzIxL3NtLWFwZHMyNjg2XzMuanBnIj48L2Rpdj48L2Rpdj48ZGl2IHN0eWxlPSJ3aWR0aDoxMDAlO3RleHQtYWxpZ246IGNlbnRlcjsiPjxpbWcgc3R5bGU9Im1hcmdpbjoxNXB4IDAgMTBweCAwO3dpZHRoOjEwMCUgO2JvcmRlcjpub25lOyIgYWx0PSLjgq3jg6Pjg6njgq/jgr/jg7zjgrDjg4PjgrrlsILploDlupcv44K344ON44Oe44Kz44Os44Kv44K344On44OzL+ips+e0sOeUu+WDjyIgc3JjPSJodHRwOi8vd3d3LnJha3V0ZW4ubmUuanAvZ29sZC9jaW5lbWFjb2xsZWN0aW9uL2JuL2l0ZW0tYm4wMy5naWYiIC8+PGRpdiBzdHlsZT0id2lkdGg6NTAlO3RvcDo3NXB4O2Zsb2F0OmxlZnQ7dGV4dC1hbGlnbjogbGVmdDsiPuOAkOODiOOCpOOCueODiOODvOODquODvOOAkeS7luOBrueorumhnuOBr+OBk+OBoeOCieOBi+OCiSAmZ3Q7Jmd0OzwvZGl2PjxkaXYgc3R5bGU9IndpZHRoOjUwJTtmbG9hdDpsZWZ0O3RleHQtYWxpZ246cmlnaHQ7Ij48aW1nIHN0eWxlPSJ3aWR0aDoyNTBweDtib3JkZXI6bm9uZTsiIHNyYz0iaHR0cDovL2ltYWdlLnJha3V0ZW4uY28uanAvY2luZW1hY29sbGVjdGlvbi9jYWJpbmV0LzAwMmxibi90b3BsYi1kMDI5LmpwZyI+PC9kaXY+PGRpdiBzdHlsZT0iY2xlYXI6Ym90aDsiPjwvZGl2PjwvZGl2PjwhLS3plqLpgKPmpJzntKLjgq3jg7zjg6/jg7zjg4ktLT48ZGl2IGNsYXNzPSJrYW5yZW4tbGluayI+44GT44Gu44Kr44OG44K044Oq44Gr44Gv44GT44KT44Gq5ZWG5ZOB44GM5ZCr44G+44KM44Gm44GE44G+44GZPGJyPjxicj48c3BhbiBjbGFzcz0ia2FucmVuLWxpbmsiPuOCreODg+ODgeODs+mbkeiyqOOAkOODqeODs+ODgeW3vuedgOOAkTwvc3Bhbj48L2Rpdj48IS0t4piF44Kz44Kz44G+44GnLS0+PCEtLemWoumAo+aknOe0ouOCreODvOODr+ODvOODiS0tPjxkaXYgY2xhc3M9ImthbnJlbi1saW5rIj7jgZPjgozjgpLopovjgZ/kurrjga/jgZPjgpPjgarjgq3jg7zjg6/jg7zjg4njgafmpJzntKLjgZfjgabjgYTjgb7jgZk8YnI+PGJyPjxzcGFuIGNsYXNzPSJrYW5yZW4tbGluayI+44Kt44Oj44Op44Kv44K/44O8IOW3vuedgDwvc3Bhbj48c3BhbiBjbGFzcz0ia2FucmVuLWxpbmsiPuOBiuW8geW9kyDlt77nnYA8L3NwYW4+PHNwYW4gY2xhc3M9ImthbnJlbi1saW5rIj7jgYrlvIHlvZPljIXjgb88L3NwYW4+PHNwYW4gY2xhc3M9ImthbnJlbi1saW5rIj7jg6njg7Pjg4Hjgq/jg63jgrk8L3NwYW4+PHNwYW4gY2xhc3M9ImthbnJlbi1saW5rIj7jgq3jg6Pjg6njgq/jgr/jg7wg44GK5byB5b2T566xPC9zcGFuPjxzcGFuIGNsYXNzPSJrYW5yZW4tbGluayI+44GK5byB5b2T566xPC9zcGFuPjxzcGFuIGNsYXNzPSJrYW5yZW4tbGluayI+44Op44Oz44OBIOOCsOODg+OCujwvc3Bhbj48c3BhbiBjbGFzcz0ia2FucmVuLWxpbmsiPuODqeODs+ODgSDnlKjlk4E8L3NwYW4+PHNwYW4gY2xhc3M9ImthbnJlbi1saW5rIj7jgq3jg6Pjg6njgq/jgr/jg7wg5byB5b2TPC9zcGFuPjxzcGFuIGNsYXNzPSJrYW5yZW4tbGluayI+5rC0562SPC9zcGFuPjwvZGl2PjwhLS3imIXjgrPjgrPjgb7jgactLT48IS0tNTYwMC0tPgoKPC9URD48L1RSPjwvVEFCTEU+PGJyPjxicj4KCgo8IS0t5paw552AIC0tPgoKPGltZyBzdHlsZT0id2lkdGg6ODAwcHg7bWFyZ2luOjAgMCAxMHB4IDA7Ym9yZGVyOm5vbmU7IiBzcmM9Imh0dHA6Ly9pbWFnZS5yYWt1dGVuLmNvLmpwL2NpbmVtYWNvbGxlY3Rpb24vY2FiaW5ldC9zaW4uZ2lmIj48YnI+CjxkaXYgc3R5bGU9IndpZHRoOjc1MHB4O21hcmdpbjogMCBhdXRvO3BhZGRpbmc6MTVweDt0ZXh0LWFsaWduOnJpZ2h0O2ZvbnQtd2VpZ2h0OmJvbGQ7Zm9udC1zaXplOjE4cHg7Ij4+PuaWsOedgOaDheWgseOBruOBpOOBpeOBjeOBr+OBk+OBoeOCiTwvZGl2Pgo8YnI+CjxkaXYgc3R5bGU9IndpZHRoOjc1MHB4O21hcmdpbjogMCBhdXRvO3BhZGRpbmc6MTVweDt0ZXh0LWFsaWduOnJpZ2h0O2ZvbnQtd2VpZ2h0OmJvbGQ7Zm9udC1zaXplOjE4cHg7Ij4+PuaWsOedgOaDheWgseOBruOBpOOBpeOBjeOBr+OBk+OBoeOCiTwvZGl2PgoKCgoKCgo8aW1nIHN0eWxlPSJ3aWR0aDo4MDBweDttYXJnaW46MCAwIDEwcHggMDtib3JkZXI6bm9uZTsiIHNyYz0iaHR0cDovL2ltYWdlLnJha3V0ZW4uY28uanAvY2luZW1hY29sbGVjdGlvbi9jYWJpbmV0L2Nhci5naWYiPjxicj4KPHRhYmxlIHdpZHRoPSI4MDAiPjx0cj48dGQgd2lkdGg9IjgwMCIgYWxpZ249InJpZ2h0Ij7ih5LjgZnjgbnjgabjga7jgq3jg6Pjg6njgq/jgr/jg7zjga/jgZPjgaHjgok8L3RkPjwvdHI+PHRyPjx0ZD48YnI+PGJyPgoKPGJyPjxicj4KPC90ZD48L3RyPjwvdGFibGU+PGJyPjxicj4KCgo8aW1nIHN0eWxlPSJ3aWR0aDo4MDBweDttYXJnaW46MCAwIDEwcHggMDtib3JkZXI6bm9uZTsiIHNyYz0iaHR0cDovL2ltYWdlLnJha3V0ZW4uY28uanAvY2luZW1hY29sbGVjdGlvbi9jYWJpbmV0L2NhdC5naWYiPjxicj4KPC9jZW50ZXI+CgoKPCEtLSAtLT4KCjxzdHlsZT4KLyrosrfjgYTnianjgqvjgrTjg5zjgr/jg7MqLwojcmFrdXRlbkxpbWl0ZWRJZF9hcm91bmRDYXJ0IGlucHV0IHsKCXdpZHRoOiAyODBweDsKCWhlaWdodDogMTUwcHg7CgliYWNrZ3JvdW5kOnVybChodHRwOi8vaW1hZ2UucmFrdXRlbi5jby5qcC9jaW5lbWFjb2xsZWN0aW9uL2NhYmluZXQvY2FydC5naWYpICNmZmZmZmYgbm8tcmVwZWF0OwoJb3ZlcmZsb3c6IGhpZGRlbjsKCWJvcmRlci13aWR0aDogMHB4OwoJY3Vyc29yOiBwb2ludGVyICFpbXBvcnRhbnQ7Cgl0ZXh0LWluZGVudDogMTUwJTsKCXdoaXRlLXNwYWNlOiBub3dyYXA7CgltYXJnaW46IDVweCAwIDAgMDsKCWRpc3BsYXk6YmxvY2s7Cn0KCiNyYWt1dGVuTGltaXRlZElkX2Fyb3VuZENhcnQgLmludmVudG9yeSBpbnB1dCB7CgliYWNrZ3JvdW5kOm5vbmUgIWltcG9ydGFudDsKCXdpZHRoOiAyZW0haW1wb3J0YW50OwoJaGVpZ2h0OiAxLjJlbSFpbXBvcnRhbnQ7CglkaXNwbGF5OmlubGluZTsKfQoKCi8q5YCL5pWw44OG44Kt44K544OIKi8KI3Jha3V0ZW5MaW1pdGVkSWRfYXJvdW5kQ2FydCAudW5pdCB7Cglmb250LXNpemU6MTZweDsKfQoKLyrlgIvmlbDlhaXlipsqLwojcmFrdXRlbkxpbWl0ZWRJZF9hcm91bmRDYXJ0IGlucHV0I3VuaXRzIHsKCWJvcmRlcjpzb2xpZCAjY2NjIDFweDsKCWJhY2tncm91bmQ6I2ZmZiFpbXBvcnRhbnQ7Cgl3aWR0aDozMHB4OwoJaGVpZ2h0OjMwcHg7CgljdXJzb3I6YXV0bzsKCXBhZGRpbmc6N3B4IDdweCA3cHggM3B4OwoJdGV4dC1pbmRlbnQ6IDBweDsKCW92ZXJmbG93OiBoaWRkZW47CglkaXNwbGF5OmlubGluZTsKCWZvbnQtc2l6ZToxNnB4Owp9CgovKuOBiuWVj+OBhOWQiOOCj+OBm+ODnOOCv+ODsyovCiNyYWt1dGVuTGltaXRlZElkX2Fyb3VuZENhcnQgZm9udCBpbnB1dCB7Cgl3aWR0aDogMjgwcHg7CgloZWlnaHQ6IDgwcHg7CgliYWNrZ3JvdW5kOnVybChodHRwOi8vaW1hZ2UucmFrdXRlbi5jby5qcC9jaW5lbWFjb2xsZWN0aW9uL2NhYmluZXQvdG9pLmdpZikgI2ZmZmZmZiBuby1yZXBlYXQ7CglvdmVyZmxvdzogaGlkZGVuOwoJYm9yZGVyLXdpZHRoOiAwcHg7CgljdXJzb3I6IHBvaW50ZXIgIWltcG9ydGFudDsKCXRleHQtaW5kZW50OiAxNTAlOwoJd2hpdGUtc3BhY2U6IG5vd3JhcDsKCW1hcmdpbjogNXB4IDAgMCAwOwoJZGlzcGxheTpibG9jazsKfQoKI3NlcnZpY2VUYWJsZVNtbCAuZmF2b3JpdGUgewoJZGlzcGxheTpibG9jazsKCXdpZHRoOiAyODBweDsKfQoKI3NlcnZpY2VUYWJsZVNtbCAuZmF2b3JpdGUgLmJvb2ttYXJrQXJlYSBkaXZ7Cgl3aWR0aDogMjgwcHghaW1wb3J0YW50Owp9Cgojc2VydmljZVRhYmxlU21sIC5mYXZvcml0ZSAuYmttIGEgewoJd2lkdGg6IDI4MHB4IWltcG9ydGFudDsKCWhlaWdodDogMzAwcHghaW1wb3J0YW50OwoJYmFja2dyb3VuZDp1cmwoaHR0cDovL2ltYWdlLnJha3V0ZW4uY28uanAvY2luZW1hY29sbGVjdGlvbi9jYWJpbmV0L29raS5naWYpICNmZmZmZmYgbm8tcmVwZWF0OwoJb3ZlcmZsb3c6IGhpZGRlbjsKCWJvcmRlci13aWR0aDogMHB4OwoJY3Vyc29yOiBwb2ludGVyICFpbXBvcnRhbnQ7Cgl0ZXh0LWluZGVudDotMTUwJTsKCW1hcmdpbjogNXB4IDAgMCAwOwoJZGlzcGxheTpibG9jazsKfQoKCi8q44GK5rCX44Gr5YWl44KKKi8KCmRpdi53MjgwLWMgIHt3aWR0aDoyODBweDt0ZXh0LWFsaWduOiBjZW50ZXI7fQpkaXYuY2VudGVyLW0tMGEgIHttYXJnaW46MCBhdXRvO30KLml0ZW0tb2tpLWJuICB7d2lkdGg6MjgwcHg7bWFyZ2luOjJweCAwO2JvcmRlcjpub25lO30KLml0ZW0taWZyYW1lICB7bWFyZ2luOjBweDtib3JkZXI6MHB4O30KCmRpdi5rYW5yZW4tbGluayB7Y29sb3I6IzdmN2Y3Zjt3aWR0aDo5MCU7bWFyZ2luOjIwcHggYXV0bztwYWRkaW5nOjIwcHg7dGV4dC1hbGlnbjogbGVmdDtmb250LXNpemU6MS4yZW07YmFja2dyb3VuZC1jb2xvcjojZmZmZmZmO2JvcmRlcjpkb3R0ZWQgMnB4ICNmZjgwMzM7fQpzcGFuLmthbnJlbi1saW5rIHttYXJnaW46MTBweCA7cGFkZGluZzogMCAwIDAgMC41ZW07Zm9udC1zaXplOjEuMmVtOwpiYWNrZ3JvdW5kOnVybChodHRwOi8vaW1hZ2UucmFrdXRlbi5jby5qcC9tbS1wb3AvY2FiaW5ldC9saW5rLWhlYWQtcGsuZ2lmKSBuby1yZXBlYXQgMCAwLjQ1ZW07Cn0KYTpsaW5rIGthbnJlbi1saW5re2ZvbnQtc2l6ZToxLjJlbTsgY29sb3I6IzMzODBmZjt0ZXh0LWRlY29yYXRpb246bm9uZTt9Cgo8L3N0eWxlPgoKCgoKPCEtLSAKPHN5bGUgdHlwZT0idGV4dC9jc3MiPgogaHRtbCxib2R5eyBvdmVyZmxvdy14OmhpZGRlbjsgfQoKYTpsaW5rIHtjb2xvcjojMzM4MGZmO30KYTp2aXNpdGVkIHtjb2xvcjojNjY2O30KYTpob3ZlciB7Y29sb3I6IzMzMzt9CmE6YWN0aXZlIHtjb2xvcjojMzMzO30KYXt0ZXh0LWRlY29yYXRpb246bm9uZTt9CmltZyB7Ym9yZGVyOm5vbmU7IHZlcnRpY2FsLWFsaWduOmJvdHRvbTt9CnAge21hcmdpbjowOyBwYWRkaW5nOjA7IGZvbnQtc2l6ZTo4MCU7fQpwLnJlc2l6ZWltYWdlIGltZyB7IHdpZHRoOiA5OCU7IH0KcC5yZXNpemVpbWFnZTIgaW1nIHsgd2lkdGg6IDkwJTsgfQphOmhvdmVyIGltZyB7b3BhY2l0eTogMC42OyBmaWx0ZXI6IGFscGhhKG9wYWNpdHk9NjApOyAtbW96LW9wYWNpdHk6IDAuNjt9CgoKaW1nLnRvcGJue21hcmdpbjoxMHB4IDA7Ym9yZGVyOm5vbmU7fQpkaXYuZGlzYzMge3dpZHRoOjEwMCU7bWFyZ2luOiAwIGF1dG87cGFkZGluZzoxNXB4O2JhY2tncm91bmQ6I2VmZWZlZjt0ZXh0LWFsaWduOmxlZnQ7Zm9udC13ZWlnaHQ6Ym9sZDtmb250LXNpemU6MThweDt9CgogPC9zdHlsZT4KLS0+CgoKPHN0eWxlIHR5cGU9InRleHQvY3NzIj4KPCEtLQoKZGl2I0hlYWRlcktleXdvcmQgewoJcG9zaXRpb246YWJzb2x1dGU7Cgl0b3A6NjBweDsvKuS4gOeVquS4iuOBi+OCieOBruS9jee9riovCglsZWZ0OjYwcHg7Lyrlt6bnq6/jgYvjgonjga7kvY3nva4qLwp9CgpkaXYjSGVhZGVyS2V5d29yZCBzcGFuIHsKCWJhY2tncm91bmQ6ICNiZjAwMDA7Cgljb2xvcjojZmZmOwoJZm9udC13ZWlnaHQ6Ym9sZDsKCXBhZGRpbmc6MnB4IDVweDsKfQoKZGl2I0hlYWRlcktleXdvcmQgYSB7Cgljb2xvcjojMDA0NENDOwp9CgotLT4KPC9zdHlsZT4KPGRpdiBpZD0iSGVhZGVyS2V5d29yZCI+CjxzcGFuPuazqOebruOBruOCreODvOODr+ODvOODiTwvc3Bhbj4KPj7mlofmiL/lhbcKPj7jg5Djg4PjgrAKPj7jgYrosqHluIMKPj7jgrnjg4zjg7zjg5Tjg7wKCjwvZGl2Pg==,44OI44Kk44K544OI44O844Oq44O8IOOCqOOCpOODquOCouODsyDjg6njg7Pjg4Hlt77nnYAg44Oe44OB5LuY44GN5be+552A6KKLIFBJWlpBICDjg4fjgqPjgrrjg4vjg7wg44K544Oi44O844Or44OX44Op44ON44OD44OIIDE4JnRpbWVzOzI3JnRpbWVzOzljbSDjgYrlvIHlvZPnrrHooosg44Kt44Oj44Op44Kv44K/44O844Kw44OD44K66YCa6LKpIOOAkOODoeODvOODq+S+v+WPr+OAkeOAkOOBguOBmealveOAkeOCt+ODjeODnuOCs+ODrOOCr+OCt+ODp+ODs++8muOCreODo+ODqeOCr+OCv+ODvOOBruOCt+ODjeODnuOCs+ODrOOCr+OCt+ODp+ODsw==,44Kt44Oj44Op44Kv44K/44O844Kt44Oj44Op44Kv44K/44O844Kw44OD44K644Kt44Oj44Op44Kv44K/44O86ZuR6LKo6ZuR6LKo44K144Oz44Oq44Kq44OH44Kj44K644OL44O844KG44KL44Kt44Oj44Op44Of44OD44Kt44O844Kt44OG44Kj44GP44G+44Oi44Oz44Ov44Oz44OU44O844K544Ki44OL44Oh44Ki44OL44Oh44Kw44OD44K644K/44Kq44Or5paH5YW35paH5oi/5YW344Kk44Oz44OG44Oq44Ki55Sf5rS76ZuR6LKo44Kt44OD44K65a2Q44Gp44KC44OI44Kk44K544OI44O844Oq44O8IOOCqOOCpOODquOCouODsyDjg6njg7Pjg4Hlt77nnYAg44Oe44OB5LuY44GN5be+552A6KKLIFBJWlpBICDjg4fjgqPjgrrjg4vjg7wg44K544Oi44O844Or44OX44Op44ON44OD44OIIDE4JnRpbWVzOzI3JnRpbWVzOzljbSDjgYrlvIHlvZPnrrHooosg44Kt44Oj44Op44Kv44K/44O844Kw44OD44K66YCa6LKpIOOAkOODoeODvOODq+S+v+WPr+OAkeOAkOOBguOBmealveOAkeOCt+ODjeODnuOCs+ODrOOCr+OCt+ODp+ODsw==,44OI44Kk44K544OI44O844Oq44O8IOOCqOOCpOODquOCouODsyDjg6njg7Pjg4Hlt77nnYAg44Oe44OB5LuY44GN5be+552A6KKLIFBJWlpBICDjg4fjgqPjgrrjg4vjg7wg44K544Oi44O844Or44OX44Op44ON44OD44OIIDE4JnRpbWVzOzI3JnRpbWVzOzljbSDjgYrlvIHlvZPnrrHooosg44Kt44Oj44Op44Kv44K/44O844Kw44OD44K66YCa6LKpIOOAkOODoeODvOODq+S+v+WPr+OAkeOAkOOBguOBmealveOAkeOCt+ODjeODnuOCs+ODrOOCr+OCt+ODp+ODsw==[rn]
30-32941,aHR0cDovL3RzaG9wLnIxMHMuanAvY2luZW1hY29sbGVjdGlvbi9jYWJpbmV0L3IyMDE3MDMyMS9zbS1hcGRzMjY4NS5qcGc/Zml0aW49NzAwOjcwMA==,Njg3LjIwMDA=,,44Kt44OD44K644O744OZ44OT44O844O744Oe44K/44OL44OG44KjID4g44Kt44OD44K6ID4g6ZuR6LKo44O75bCP54mp77yI44GK5byB5b2T44Kw44OD44K644O744K/44Kq44Or44O75paH5YW36aGe77yJID4g5a2Q5L6b55So44GK5byB5b2T6KKL,44OJ44OK44Or44OJ44OA44OD44KvIOODqeODs+ODgeW3vuedgCDjg57jg4Hku5jjgY3lt77nnYDooosg44GO44Gj44GX44KKICDjg4fjgqPjgrrjg4vjg7wg44K544Oi44O844Or44OX44Op44ON44OD44OIIDE4w5cyN8OXOWNtIOOBiuW8geW9k+euseiiiyDjgq3jg6Pjg6njgq/jgr/jg7zjgrDjg4PjgrrpgJrosqkg44CQ44Oh44O844Or5L6/5Y+v44CR44CQ44GC44GZ5qW944CR44K344ON44Oe44Kz44Os44Kv44K344On44Oz,,PGNlbnRlcj48YSBocmVmPSJodHRwOi8vaXRlbS5yYWt1dGVuLmNvLmpwL2NpbmVtYWNvbGxlY3Rpb24vYy8wMDAwMDAwNTQxLyNjb250ZW50cyIgdGFyZ2V0PSJfcGFyZW50Ij48aW1nIHdpZHRoPSI3NTAiIGJvcmRlcj0iMCIgc3JjPSJodHRwOi8vaW1hZ2UucmFrdXRlbi5jby5qcC9jaW5lbWFjb2xsZWN0aW9uL2NhYmluZXQvZGlzbmV5NTgwLTAxLmpwZyI+PC9hPjwvY2VudGVyPjxicj48YnI+PGNlbnRlcj48YSBocmVmPSJodHRwOi8vd3d3LnJha3V0ZW4ubmUuanAvZ29sZC9jaW5lbWFjb2xsZWN0aW9uL2Fuc3dlci5odG1sI2MxcTMiIHRhcmdldD0iX25ldyI+PGltZyB3aWR0aD0iNzUwIiBib3JkZXI9IjAiIHNyYz0iaHR0cDovL2ltYWdlLnJha3V0ZW4uY28uanAvY2luZW1hY29sbGVjdGlvbi9jYWJpbmV0L3ItbWFpbDU4MC5qcGciIGhlaWdodD0iNTAiIHZzcGFjZT0iNSI+PC9hPjwvY2VudGVyPjxicj48YnI+44OJ44OK44Or44OJ44OA44OD44KvIOODqeODs+ODgeW3vuedgCDjg57jg4Hku5jjgY3lt77nnYDooosg44GO44Gj44GX44KKICDjg4fjgqPjgrrjg4vjg7wg44K544Oi44O844Or44OX44Op44ON44OD44OIIDE4w5cyN8OXOWNtIOOBiuW8geW9k+euseiiiyDjgq3jg6Pjg6njgq/jgr/jg7zjgrDjg4PjgrrpgJrosqkg44CQ44Oh44O844Or5L6/5Y+v44CR44CQ44GC44GZ5qW944CR44K344ON44Oe44Kz44Os44Kv44K344On44OzPEJSPjxCUj48IS0tIOKYheOBiuawl+OBq+WFpeOCii0tPjxkaXYgY2xhc3M9IncyODAtYyI+PGRpdiBjbGFzcz0iY2VudGVyLW0tMGEiPjxpbWcgY2xhc3M9Iml0ZW0tb2tpLWJuIiBhbHQ9IuOCreODo+ODqeOCr+OCv+ODvOOCsOODg+OCuumAmuiyqeOCt+ODjeODnuOCs+ODrOOCr+OCt+ODp+ODs+OBruOBiuawl+OBq+WFpeOCiuODquOCueODiOOCkueiuuiqjeOBmeOCiyIgc3JjPSJodHRwOi8vaW1hZ2UucmFrdXRlbi5jby5qcC9jaW5lbWFjb2xsZWN0aW9uL2NhYmluZXQvb2tpLTIuZ2lmIj48L2Rpdj48L2Rpdj48IS0tIOKYheOBiuawl+OBq+WFpeOCiuOCs+OCs+OBvuOBpy0tPjwhLS3imIXliYrpmaTkuI3lj68tLT48L3NwYW4+PC90ZD48L3RyPjwvdGFibGU+PGJyPjwvdGQ+PC90cj48L3RhYmxlPjxicj48dGFibGUgY2VsbHBhZGRpbmc9IjAiIGJvcmRlcj0iMCI+PHRyPjx0ZD48dGFibGUgY2VsbHBhZGRpbmc9IjAiIGJvcmRlcj0iMCI+PHRyPjx0ZD48c3Bhbj48IS0t6Zai6YCj5qSc57Si44Kt44O844Ov44O844OJLS0+PGRpdiBzdHlsZT0id2lkdGg6MTAwJTt0ZXh0LWFsaWduOiBjZW50ZXIiPjxoMyBzdHlsZT0iY29sb3I6IzdmN2Y3ZjsiPue0hDljbeOBruW6leODnuODgeOBp+OBhOOCjeOCk+OBquOBiuW8geW9k+euseOChOWwj+eJqeOBjOWFpeOCi+KZqjxicj48IS0t4piFSy0tPuODnuODgeOBguOCii/lpKfjgY3jgoEv44GN44KT44Gh44KD44GPL+ODqeODs+ODgeOCsOODg+OCui/jgYrlvIHlvZPlhaXjgow8L2gzPjxpbWcgc3R5bGU9Im1hcmdpbjoxNXB4IDAgMTBweCAwO3dpZHRoOjEwMCUgO2JvcmRlcjpub25lOyIgYWx0PSLjgq3jg6Pjg6njgq/jgr/jg7zjgrDjg4PjgrrlsILploDlupcv44K344ON44Oe44Kz44Os44Kv44K344On44OzL+WVhuWTgeips+e0sCIgc3JjPSJodHRwOi8vd3d3LnJha3V0ZW4ubmUuanAvZ29sZC9jaW5lbWFjb2xsZWN0aW9uL2JuL2l0ZW0tYm4wMS5naWYiIC8+PGRpdiBzdHlsZT0iY29sb3I6IzdmN2Y3Zjt3aWR0aDo5MCU7bWFyZ2luOjAgYXV0bzsjZWZlZmVmIHNvbGlkIDFweDtwYWRkaW5nOjEwcHg7dGV4dC1hbGlnbjogbGVmdDsiPuWkp+S6uuawl+ODh+OCo+OCuuODi+ODvOOCreODo+ODqeOCr+OCv+ODvOOCuuOBruWPr+aEm+OCieOBl+OBhOaWsOS9nOODqeODs+ODgeOCsOODg+OCuuOBjOeZu+WgtCEhPGJyPuOBk+OBoeOCieOBr+WumueVquS6uuawl+OCouOCpOODhuODoOOAkOODnuODgeS7mOOBjUxVTkNI5be+552A44CRPGJyPuW6leOBq+ODnuODgeOBjDljbeS7mOOBhOOBpuOBhOOCi+OBruOBp+OBiuW8geW9k+euseOCkuWFpeOCjOOCi+OBruOBq+OBtOOBo+OBn+OCiuKZqjxicj7jgbvjgYvjgavjgoLoibLjgpPjgarjgq3jg6Pjg6njgq/jgr/jg7zjgYLjgovjgYvjgonjgYrmsJfjgavlhaXjgoropovjgaTjgZHjgabjga3imIY8YnI+PGJyPuKWoOOCteOCpOOCuu+8mue0hDI3MMOXMTgww5c5MG1tPGJyPuKWoOe0oOadkO+8muOCs+ODg+ODiOODszEwMO+8he+8iOe0kO+8ieODneODquOCqOOCueODhuODqzxCUj48QlI+4pag44Kr44Op44O8IOODluODq+ODvOezu++8iOmdkuODu+e0uuODu+ODjeOCpOODk+ODvO+8iTxCUj48QlI+PC9kaXY+PC9kaXY+PGRpdiBzdHlsZT0id2lkdGg6MTAwJTt0ZXh0LWFsaWduOiBjZW50ZXI7Ij48aW1nIHN0eWxlPSJtYXJnaW46MTVweCAwIDEwcHggMDt3aWR0aDoxMDAlIDtib3JkZXI6bm9uZTsiIGFsdD0i44Kt44Oj44Op44Kv44K/44O844Kw44OD44K65bCC6ZaA5bqXL+OCt+ODjeODnuOCs+ODrOOCr+OCt+ODp+ODsy/oqbPntLDnlLvlg48iIHNyYz0iaHR0cDovL3d3dy5yYWt1dGVuLm5lLmpwL2dvbGQvY2luZW1hY29sbGVjdGlvbi9ibi9pdGVtLWJuMDIuZ2lmIiAvPjxkaXYgc3R5bGU9IndpZHRoOjEwMCU7bWFyZ2luOjAgYXV0bzsiPjxpbWcgc3R5bGU9IndpZHRoOjI2MHB4O21hcmdpbjoycHg7Ym9yZGVyOm5vbmU7IiBzcmM9Imh0dHA6Ly9pbWFnZS5yYWt1dGVuLmNvLmpwL2NpbmVtYWNvbGxlY3Rpb24vY2FiaW5ldC9yMjAxNzAzMjEvc20tYXBkczI2ODUuanBnIj48aW1nIHN0eWxlPSJ3aWR0aDoyNjBweDttYXJnaW46MnB4O2JvcmRlcjpub25lOyIgc3JjPSJodHRwOi8vaW1hZ2UucmFrdXRlbi5jby5qcC9jaW5lbWFjb2xsZWN0aW9uL2NhYmluZXQvcjIwMTcwMzIxL3NtLWFwZHMyNjg1XzIuanBnIj48aW1nIHN0eWxlPSJ3aWR0aDoyNjBweDttYXJnaW46MnB4O2JvcmRlcjpub25lOyIgc3JjPSJodHRwOi8vaW1hZ2UucmFrdXRlbi5jby5qcC9jaW5lbWFjb2xsZWN0aW9uL2NhYmluZXQvcjIwMTcwMzIxL3NtLWFwZHMyNjg1XzMuanBnIj48L2Rpdj48L2Rpdj48ZGl2IHN0eWxlPSJ3aWR0aDoxMDAlO3RleHQtYWxpZ246IGNlbnRlcjsiPjxpbWcgc3R5bGU9Im1hcmdpbjoxNXB4IDAgMTBweCAwO3dpZHRoOjEwMCUgO2JvcmRlcjpub25lOyIgYWx0PSLjgq3jg6Pjg6njgq/jgr/jg7zjgrDjg4PjgrrlsILploDlupcv44K344ON44Oe44Kz44Os44Kv44K344On44OzL+ips+e0sOeUu+WDjyIgc3JjPSJodHRwOi8vd3d3LnJha3V0ZW4ubmUuanAvZ29sZC9jaW5lbWFjb2xsZWN0aW9uL2JuL2l0ZW0tYm4wMy5naWYiIC8+PGRpdiBzdHlsZT0id2lkdGg6NTAlO3RvcDo3NXB4O2Zsb2F0OmxlZnQ7dGV4dC1hbGlnbjogbGVmdDsiPuOAkOODieODiuODq+ODieODgOODg+OCr+OAkeS7luOBrueorumhnuOBr+OBk+OBoeOCieOBi+OCiSAmZ3Q7Jmd0OzwvZGl2PjxkaXYgc3R5bGU9IndpZHRoOjUwJTtmbG9hdDpsZWZ0O3RleHQtYWxpZ246cmlnaHQ7Ij48aW1nIHN0eWxlPSJ3aWR0aDoyNTBweDtib3JkZXI6bm9uZTsiIHNyYz0iaHR0cDovL2ltYWdlLnJha3V0ZW4uY28uanAvY2luZW1hY29sbGVjdGlvbi9jYWJpbmV0LzAwMmxibi90b3BsYi1kMDAzLmpwZyI+PC9kaXY+PGRpdiBzdHlsZT0iY2xlYXI6Ym90aDsiPjwvZGl2PjwvZGl2PjwhLS3plqLpgKPmpJzntKLjgq3jg7zjg6/jg7zjg4ktLT48ZGl2IGNsYXNzPSJrYW5yZW4tbGluayI+44GT44Gu44Kr44OG44K044Oq44Gr44Gv44GT44KT44Gq5ZWG5ZOB44GM5ZCr44G+44KM44Gm44GE44G+44GZPGJyPjxicj48c3BhbiBjbGFzcz0ia2FucmVuLWxpbmsiPuOCreODg+ODgeODs+mbkeiyqOOAkOODqeODs+ODgeW3vuedgOOAkTwvc3Bhbj48L2Rpdj48IS0t4piF44Kz44Kz44G+44GnLS0+PCEtLemWoumAo+aknOe0ouOCreODvOODr+ODvOODiS0tPjxkaXYgY2xhc3M9ImthbnJlbi1saW5rIj7jgZPjgozjgpLopovjgZ/kurrjga/jgZPjgpPjgarjgq3jg7zjg6/jg7zjg4njgafmpJzntKLjgZfjgabjgYTjgb7jgZk8YnI+PGJyPjxzcGFuIGNsYXNzPSJrYW5yZW4tbGluayI+44Kt44Oj44Op44Kv44K/44O8IOW3vuedgDwvc3Bhbj48c3BhbiBjbGFzcz0ia2FucmVuLWxpbmsiPuOBiuW8geW9kyDlt77nnYA8L3NwYW4+PHNwYW4gY2xhc3M9ImthbnJlbi1saW5rIj7jgYrlvIHlvZPljIXjgb88L3NwYW4+PHNwYW4gY2xhc3M9ImthbnJlbi1saW5rIj7jg6njg7Pjg4Hjgq/jg63jgrk8L3NwYW4+PHNwYW4gY2xhc3M9ImthbnJlbi1saW5rIj7jgq3jg6Pjg6njgq/jgr/jg7wg44GK5byB5b2T566xPC9zcGFuPjxzcGFuIGNsYXNzPSJrYW5yZW4tbGluayI+44GK5byB5b2T566xPC9zcGFuPjxzcGFuIGNsYXNzPSJrYW5yZW4tbGluayI+44Op44Oz44OBIOOCsOODg+OCujwvc3Bhbj48c3BhbiBjbGFzcz0ia2FucmVuLWxpbmsiPuODqeODs+ODgSDnlKjlk4E8L3NwYW4+PHNwYW4gY2xhc3M9ImthbnJlbi1saW5rIj7jgq3jg6Pjg6njgq/jgr/jg7wg5byB5b2TPC9zcGFuPjxzcGFuIGNsYXNzPSJrYW5yZW4tbGluayI+5rC0562SPC9zcGFuPjwvZGl2PjwhLS3imIXjgrPjgrPjgb7jgactLT48IS0tNTYwMC0tPgoKPC9URD48L1RSPjwvVEFCTEU+PGJyPjxicj4KCgo8IS0t5paw552AIC0tPgoKPGltZyBzdHlsZT0id2lkdGg6ODAwcHg7bWFyZ2luOjAgMCAxMHB4IDA7Ym9yZGVyOm5vbmU7IiBzcmM9Imh0dHA6Ly9pbWFnZS5yYWt1dGVuLmNvLmpwL2NpbmVtYWNvbGxlY3Rpb24vY2FiaW5ldC9zaW4uZ2lmIj48YnI+CjxkaXYgc3R5bGU9IndpZHRoOjc1MHB4O21hcmdpbjogMCBhdXRvO3BhZGRpbmc6MTVweDt0ZXh0LWFsaWduOnJpZ2h0O2ZvbnQtd2VpZ2h0OmJvbGQ7Zm9udC1zaXplOjE4cHg7Ij4+PuaWsOedgOaDheWgseOBruOBpOOBpeOBjeOBr+OBk+OBoeOCiTwvZGl2Pgo8YnI+CjxkaXYgc3R5bGU9IndpZHRoOjc1MHB4O21hcmdpbjogMCBhdXRvO3BhZGRpbmc6MTVweDt0ZXh0LWFsaWduOnJpZ2h0O2ZvbnQtd2VpZ2h0OmJvbGQ7Zm9udC1zaXplOjE4cHg7Ij4+PuaWsOedgOaDheWgseOBruOBpOOBpeOBjeOBr+OBk+OBoeOCiTwvZGl2PgoKCgoKCgo8aW1nIHN0eWxlPSJ3aWR0aDo4MDBweDttYXJnaW46MCAwIDEwcHggMDtib3JkZXI6bm9uZTsiIHNyYz0iaHR0cDovL2ltYWdlLnJha3V0ZW4uY28uanAvY2luZW1hY29sbGVjdGlvbi9jYWJpbmV0L2Nhci5naWYiPjxicj4KPHRhYmxlIHdpZHRoPSI4MDAiPjx0cj48dGQgd2lkdGg9IjgwMCIgYWxpZ249InJpZ2h0Ij7ih5LjgZnjgbnjgabjga7jgq3jg6Pjg6njgq/jgr/jg7zjga/jgZPjgaHjgok8L3RkPjwvdHI+PHRyPjx0ZD48YnI+PGJyPgoKPGJyPjxicj4KPC90ZD48L3RyPjwvdGFibGU+PGJyPjxicj4KCgo8aW1nIHN0eWxlPSJ3aWR0aDo4MDBweDttYXJnaW46MCAwIDEwcHggMDtib3JkZXI6bm9uZTsiIHNyYz0iaHR0cDovL2ltYWdlLnJha3V0ZW4uY28uanAvY2luZW1hY29sbGVjdGlvbi9jYWJpbmV0L2NhdC5naWYiPjxicj4KPC9jZW50ZXI+CgoKPCEtLSAtLT4KCjxzdHlsZT4KLyrosrfjgYTnianjgqvjgrTjg5zjgr/jg7MqLwojcmFrdXRlbkxpbWl0ZWRJZF9hcm91bmRDYXJ0IGlucHV0IHsKCXdpZHRoOiAyODBweDsKCWhlaWdodDogMTUwcHg7CgliYWNrZ3JvdW5kOnVybChodHRwOi8vaW1hZ2UucmFrdXRlbi5jby5qcC9jaW5lbWFjb2xsZWN0aW9uL2NhYmluZXQvY2FydC5naWYpICNmZmZmZmYgbm8tcmVwZWF0OwoJb3ZlcmZsb3c6IGhpZGRlbjsKCWJvcmRlci13aWR0aDogMHB4OwoJY3Vyc29yOiBwb2ludGVyICFpbXBvcnRhbnQ7Cgl0ZXh0LWluZGVudDogMTUwJTsKCXdoaXRlLXNwYWNlOiBub3dyYXA7CgltYXJnaW46IDVweCAwIDAgMDsKCWRpc3BsYXk6YmxvY2s7Cn0KCiNyYWt1dGVuTGltaXRlZElkX2Fyb3VuZENhcnQgLmludmVudG9yeSBpbnB1dCB7CgliYWNrZ3JvdW5kOm5vbmUgIWltcG9ydGFudDsKCXdpZHRoOiAyZW0haW1wb3J0YW50OwoJaGVpZ2h0OiAxLjJlbSFpbXBvcnRhbnQ7CglkaXNwbGF5OmlubGluZTsKfQoKCi8q5YCL5pWw44OG44Kt44K544OIKi8KI3Jha3V0ZW5MaW1pdGVkSWRfYXJvdW5kQ2FydCAudW5pdCB7Cglmb250LXNpemU6MTZweDsKfQoKLyrlgIvmlbDlhaXlipsqLwojcmFrdXRlbkxpbWl0ZWRJZF9hcm91bmRDYXJ0IGlucHV0I3VuaXRzIHsKCWJvcmRlcjpzb2xpZCAjY2NjIDFweDsKCWJhY2tncm91bmQ6I2ZmZiFpbXBvcnRhbnQ7Cgl3aWR0aDozMHB4OwoJaGVpZ2h0OjMwcHg7CgljdXJzb3I6YXV0bzsKCXBhZGRpbmc6N3B4IDdweCA3cHggM3B4OwoJdGV4dC1pbmRlbnQ6IDBweDsKCW92ZXJmbG93OiBoaWRkZW47CglkaXNwbGF5OmlubGluZTsKCWZvbnQtc2l6ZToxNnB4Owp9CgovKuOBiuWVj+OBhOWQiOOCj+OBm+ODnOOCv+ODsyovCiNyYWt1dGVuTGltaXRlZElkX2Fyb3VuZENhcnQgZm9udCBpbnB1dCB7Cgl3aWR0aDogMjgwcHg7CgloZWlnaHQ6IDgwcHg7CgliYWNrZ3JvdW5kOnVybChodHRwOi8vaW1hZ2UucmFrdXRlbi5jby5qcC9jaW5lbWFjb2xsZWN0aW9uL2NhYmluZXQvdG9pLmdpZikgI2ZmZmZmZiBuby1yZXBlYXQ7CglvdmVyZmxvdzogaGlkZGVuOwoJYm9yZGVyLXdpZHRoOiAwcHg7CgljdXJzb3I6IHBvaW50ZXIgIWltcG9ydGFudDsKCXRleHQtaW5kZW50OiAxNTAlOwoJd2hpdGUtc3BhY2U6IG5vd3JhcDsKCW1hcmdpbjogNXB4IDAgMCAwOwoJZGlzcGxheTpibG9jazsKfQoKI3NlcnZpY2VUYWJsZVNtbCAuZmF2b3JpdGUgewoJZGlzcGxheTpibG9jazsKCXdpZHRoOiAyODBweDsKfQoKI3NlcnZpY2VUYWJsZVNtbCAuZmF2b3JpdGUgLmJvb2ttYXJrQXJlYSBkaXZ7Cgl3aWR0aDogMjgwcHghaW1wb3J0YW50Owp9Cgojc2VydmljZVRhYmxlU21sIC5mYXZvcml0ZSAuYmttIGEgewoJd2lkdGg6IDI4MHB4IWltcG9ydGFudDsKCWhlaWdodDogMzAwcHghaW1wb3J0YW50OwoJYmFja2dyb3VuZDp1cmwoaHR0cDovL2ltYWdlLnJha3V0ZW4uY28uanAvY2luZW1hY29sbGVjdGlvbi9jYWJpbmV0L29raS5naWYpICNmZmZmZmYgbm8tcmVwZWF0OwoJb3ZlcmZsb3c6IGhpZGRlbjsKCWJvcmRlci13aWR0aDogMHB4OwoJY3Vyc29yOiBwb2ludGVyICFpbXBvcnRhbnQ7Cgl0ZXh0LWluZGVudDotMTUwJTsKCW1hcmdpbjogNXB4IDAgMCAwOwoJZGlzcGxheTpibG9jazsKfQoKCi8q44GK5rCX44Gr5YWl44KKKi8KCmRpdi53MjgwLWMgIHt3aWR0aDoyODBweDt0ZXh0LWFsaWduOiBjZW50ZXI7fQpkaXYuY2VudGVyLW0tMGEgIHttYXJnaW46MCBhdXRvO30KLml0ZW0tb2tpLWJuICB7d2lkdGg6MjgwcHg7bWFyZ2luOjJweCAwO2JvcmRlcjpub25lO30KLml0ZW0taWZyYW1lICB7bWFyZ2luOjBweDtib3JkZXI6MHB4O30KCmRpdi5rYW5yZW4tbGluayB7Y29sb3I6IzdmN2Y3Zjt3aWR0aDo5MCU7bWFyZ2luOjIwcHggYXV0bztwYWRkaW5nOjIwcHg7dGV4dC1hbGlnbjogbGVmdDtmb250LXNpemU6MS4yZW07YmFja2dyb3VuZC1jb2xvcjojZmZmZmZmO2JvcmRlcjpkb3R0ZWQgMnB4ICNmZjgwMzM7fQpzcGFuLmthbnJlbi1saW5rIHttYXJnaW46MTBweCA7cGFkZGluZzogMCAwIDAgMC41ZW07Zm9udC1zaXplOjEuMmVtOwpiYWNrZ3JvdW5kOnVybChodHRwOi8vaW1hZ2UucmFrdXRlbi5jby5qcC9tbS1wb3AvY2FiaW5ldC9saW5rLWhlYWQtcGsuZ2lmKSBuby1yZXBlYXQgMCAwLjQ1ZW07Cn0KYTpsaW5rIGthbnJlbi1saW5re2ZvbnQtc2l6ZToxLjJlbTsgY29sb3I6IzMzODBmZjt0ZXh0LWRlY29yYXRpb246bm9uZTt9Cgo8L3N0eWxlPgoKCgoKPCEtLSAKPHN5bGUgdHlwZT0idGV4dC9jc3MiPgogaHRtbCxib2R5eyBvdmVyZmxvdy14OmhpZGRlbjsgfQoKYTpsaW5rIHtjb2xvcjojMzM4MGZmO30KYTp2aXNpdGVkIHtjb2xvcjojNjY2O30KYTpob3ZlciB7Y29sb3I6IzMzMzt9CmE6YWN0aXZlIHtjb2xvcjojMzMzO30KYXt0ZXh0LWRlY29yYXRpb246bm9uZTt9CmltZyB7Ym9yZGVyOm5vbmU7IHZlcnRpY2FsLWFsaWduOmJvdHRvbTt9CnAge21hcmdpbjowOyBwYWRkaW5nOjA7IGZvbnQtc2l6ZTo4MCU7fQpwLnJlc2l6ZWltYWdlIGltZyB7IHdpZHRoOiA5OCU7IH0KcC5yZXNpemVpbWFnZTIgaW1nIHsgd2lkdGg6IDkwJTsgfQphOmhvdmVyIGltZyB7b3BhY2l0eTogMC42OyBmaWx0ZXI6IGFscGhhKG9wYWNpdHk9NjApOyAtbW96LW9wYWNpdHk6IDAuNjt9CgoKaW1nLnRvcGJue21hcmdpbjoxMHB4IDA7Ym9yZGVyOm5vbmU7fQpkaXYuZGlzYzMge3dpZHRoOjEwMCU7bWFyZ2luOiAwIGF1dG87cGFkZGluZzoxNXB4O2JhY2tncm91bmQ6I2VmZWZlZjt0ZXh0LWFsaWduOmxlZnQ7Zm9udC13ZWlnaHQ6Ym9sZDtmb250LXNpemU6MThweDt9CgogPC9zdHlsZT4KLS0+CgoKPHN0eWxlIHR5cGU9InRleHQvY3NzIj4KPCEtLQoKZGl2I0hlYWRlcktleXdvcmQgewoJcG9zaXRpb246YWJzb2x1dGU7Cgl0b3A6NjBweDsvKuS4gOeVquS4iuOBi+OCieOBruS9jee9riovCglsZWZ0OjYwcHg7Lyrlt6bnq6/jgYvjgonjga7kvY3nva4qLwp9CgpkaXYjSGVhZGVyS2V5d29yZCBzcGFuIHsKCWJhY2tncm91bmQ6ICNiZjAwMDA7Cgljb2xvcjojZmZmOwoJZm9udC13ZWlnaHQ6Ym9sZDsKCXBhZGRpbmc6MnB4IDVweDsKfQoKZGl2I0hlYWRlcktleXdvcmQgYSB7Cgljb2xvcjojMDA0NENDOwp9CgotLT4KPC9zdHlsZT4KPGRpdiBpZD0iSGVhZGVyS2V5d29yZCI+CjxzcGFuPuazqOebruOBruOCreODvOODr+ODvOODiTwvc3Bhbj4KPj7mlofmiL/lhbcKPj7jg5Djg4PjgrAKPj7jgYrosqHluIMKPj7jgrnjg4zjg7zjg5Tjg7wKCjwvZGl2Pg==,44OJ44OK44Or44OJ44OA44OD44KvIOODqeODs+ODgeW3vuedgCDjg57jg4Hku5jjgY3lt77nnYDooosg44GO44Gj44GX44KKICDjg4fjgqPjgrrjg4vjg7wg44K544Oi44O844Or44OX44Op44ON44OD44OIIDE4JnRpbWVzOzI3JnRpbWVzOzljbSDjgYrlvIHlvZPnrrHooosg44Kt44Oj44Op44Kv44K/44O844Kw44OD44K66YCa6LKpIOOAkOODoeODvOODq+S+v+WPr+OAkeOAkOOBguOBmealveOAkeOCt+ODjeODnuOCs+ODrOOCr+OCt+ODp+ODs++8muOCreODo+ODqeOCr+OCv+ODvOOBruOCt+ODjeODnuOCs+ODrOOCr+OCt+ODp+ODsw==,44Kt44Oj44Op44Kv44K/44O844Kt44Oj44Op44Kv44K/44O844Kw44OD44K644Kt44Oj44Op44Kv44K/44O86ZuR6LKo6ZuR6LKo44K144Oz44Oq44Kq44OH44Kj44K644OL44O844KG44KL44Kt44Oj44Op44Of44OD44Kt44O844Kt44OG44Kj44GP44G+44Oi44Oz44Ov44Oz44OU44O844K544Ki44OL44Oh44Ki44OL44Oh44Kw44OD44K644K/44Kq44Or5paH5YW35paH5oi/5YW344Kk44Oz44OG44Oq44Ki55Sf5rS76ZuR6LKo44Kt44OD44K65a2Q44Gp44KC44OJ44OK44Or44OJ44OA44OD44KvIOODqeODs+ODgeW3vuedgCDjg57jg4Hku5jjgY3lt77nnYDooosg44GO44Gj44GX44KKICDjg4fjgqPjgrrjg4vjg7wg44K544Oi44O844Or44OX44Op44ON44OD44OIIDE4JnRpbWVzOzI3JnRpbWVzOzljbSDjgYrlvIHlvZPnrrHooosg44Kt44Oj44Op44Kv44K/44O844Kw44OD44K66YCa6LKpIOOAkOODoeODvOODq+S+v+WPr+OAkeOAkOOBguOBmealveOAkeOCt+ODjeODnuOCs+ODrOOCr+OCt+ODp+ODsw==,44OJ44OK44Or44OJ44OA44OD44KvIOODqeODs+ODgeW3vuedgCDjg57jg4Hku5jjgY3lt77nnYDooosg44GO44Gj44GX44KKICDjg4fjgqPjgrrjg4vjg7wg44K544Oi44O844Or44OX44Op44ON44OD44OIIDE4JnRpbWVzOzI3JnRpbWVzOzljbSDjgYrlvIHlvZPnrrHooosg44Kt44Oj44Op44Kv44K/44O844Kw44OD44K66YCa6LKpIOOAkOODoeODvOODq+S+v+WPr+OAkeOAkOOBguOBmealveOAkeOCt+ODjeODnuOCs+ODrOOCr+OCt+ODp+ODsw==[rn]
30-32942,aHR0cDovL3RzaG9wLnIxMHMuanAvY2luZW1hY29sbGVjdGlvbi9jYWJpbmV0L3IyMDE3MDMyMS9zbS1hcGRzMjY4NC5qcGc/Zml0aW49NzAwOjcwMA==,Njg3LjIwMDA=,,44Kt44OD44K644O744OZ44OT44O844O744Oe44K/44OL44OG44KjID4g44Kt44OD44K6ID4g6ZuR6LKo44O75bCP54mp77yI44GK5byB5b2T44Kw44OD44K644O744K/44Kq44Or44O75paH5YW36aGe77yJID4g5a2Q5L6b55So44GK5byB5b2T6KKL,44Of44OD44Kt44O877yG44Of44OL44O8IOODqeODs+ODgeW3vuedgCDjg57jg4Hku5jjgY3lt77nnYDooosg44GV44KT44GL44GPICDjg4fjgqPjgrrjg4vjg7wg44K544Oi44O844Or44OX44Op44ON44OD44OIIDE4w5cyN8OXOWNtIOOBiuW8geW9k+euseiiiyDjgq3jg6Pjg6njgq/jgr/jg7zjgrDjg4PjgrrpgJrosqkg44CQ44Oh44O844Or5L6/5Y+v44CR44CQ44GC44GZ5qW944CR44K344ON44Oe44Kz44Os44Kv44K344On44Oz,,PGNlbnRlcj48YSBocmVmPSJodHRwOi8vaXRlbS5yYWt1dGVuLmNvLmpwL2NpbmVtYWNvbGxlY3Rpb24vYy8wMDAwMDAwNTQxLyNjb250ZW50cyIgdGFyZ2V0PSJfcGFyZW50Ij48aW1nIHdpZHRoPSI3NTAiIGJvcmRlcj0iMCIgc3JjPSJodHRwOi8vaW1hZ2UucmFrdXRlbi5jby5qcC9jaW5lbWFjb2xsZWN0aW9uL2NhYmluZXQvZGlzbmV5NTgwLTAxLmpwZyI+PC9hPjwvY2VudGVyPjxicj48YnI+PGNlbnRlcj48YSBocmVmPSJodHRwOi8vd3d3LnJha3V0ZW4ubmUuanAvZ29sZC9jaW5lbWFjb2xsZWN0aW9uL2Fuc3dlci5odG1sI2MxcTMiIHRhcmdldD0iX25ldyI+PGltZyB3aWR0aD0iNzUwIiBib3JkZXI9IjAiIHNyYz0iaHR0cDovL2ltYWdlLnJha3V0ZW4uY28uanAvY2luZW1hY29sbGVjdGlvbi9jYWJpbmV0L3ItbWFpbDU4MC5qcGciIGhlaWdodD0iNTAiIHZzcGFjZT0iNSI+PC9hPjwvY2VudGVyPjxicj48YnI+44Of44OD44Kt44O877yG44Of44OL44O8IOODqeODs+ODgeW3vuedgCDjg57jg4Hku5jjgY3lt77nnYDooosg44GV44KT44GL44GPICDjg4fjgqPjgrrjg4vjg7wg44K544Oi44O844Or44OX44Op44ON44OD44OIIDE4w5cyN8OXOWNtIOOBiuW8geW9k+euseiiiyDjgq3jg6Pjg6njgq/jgr/jg7zjgrDjg4PjgrrpgJrosqkg44CQ44Oh44O844Or5L6/5Y+v44CR44CQ44GC44GZ5qW944CR44K344ON44Oe44Kz44Os44Kv44K344On44OzPEJSPjxCUj48IS0tIOKYheOBiuawl+OBq+WFpeOCii0tPjxkaXYgY2xhc3M9IncyODAtYyI+PGRpdiBjbGFzcz0iY2VudGVyLW0tMGEiPjxpbWcgY2xhc3M9Iml0ZW0tb2tpLWJuIiBhbHQ9IuOCreODo+ODqeOCr+OCv+ODvOOCsOODg+OCuumAmuiyqeOCt+ODjeODnuOCs+ODrOOCr+OCt+ODp+ODs+OBruOBiuawl+OBq+WFpeOCiuODquOCueODiOOCkueiuuiqjeOBmeOCiyIgc3JjPSJodHRwOi8vaW1hZ2UucmFrdXRlbi5jby5qcC9jaW5lbWFjb2xsZWN0aW9uL2NhYmluZXQvb2tpLTIuZ2lmIj48L2Rpdj48L2Rpdj48IS0tIOKYheOBiuawl+OBq+WFpeOCiuOCs+OCs+OBvuOBpy0tPjwhLS3imIXliYrpmaTkuI3lj68tLT48L3NwYW4+PC90ZD48L3RyPjwvdGFibGU+PGJyPjwvdGQ+PC90cj48L3RhYmxlPjxicj48dGFibGUgY2VsbHBhZGRpbmc9IjAiIGJvcmRlcj0iMCI+PHRyPjx0ZD48dGFibGUgY2VsbHBhZGRpbmc9IjAiIGJvcmRlcj0iMCI+PHRyPjx0ZD48c3Bhbj48IS0t6Zai6YCj5qSc57Si44Kt44O844Ov44O844OJLS0+PGRpdiBzdHlsZT0id2lkdGg6MTAwJTt0ZXh0LWFsaWduOiBjZW50ZXIiPjxoMyBzdHlsZT0iY29sb3I6IzdmN2Y3ZjsiPue0hDljbeOBruW6leODnuODgeOBp+OBhOOCjeOCk+OBquOBiuW8geW9k+euseOChOWwj+eJqeOBjOWFpeOCi+KZqjxicj48IS0t4piFSy0tPuihjOalvS/pgaDotrMv44GK5byB5b2T44Kw44OD44K6L+ODqeODs+ODgeeUqOWTgS/lsI/lrabnlJ88L2gzPjxpbWcgc3R5bGU9Im1hcmdpbjoxNXB4IDAgMTBweCAwO3dpZHRoOjEwMCUgO2JvcmRlcjpub25lOyIgYWx0PSLjgq3jg6Pjg6njgq/jgr/jg7zjgrDjg4PjgrrlsILploDlupcv44K344ON44Oe44Kz44Os44Kv44K344On44OzL+WVhuWTgeips+e0sCIgc3JjPSJodHRwOi8vd3d3LnJha3V0ZW4ubmUuanAvZ29sZC9jaW5lbWFjb2xsZWN0aW9uL2JuL2l0ZW0tYm4wMS5naWYiIC8+PGRpdiBzdHlsZT0iY29sb3I6IzdmN2Y3Zjt3aWR0aDo5MCU7bWFyZ2luOjAgYXV0bzsjZWZlZmVmIHNvbGlkIDFweDtwYWRkaW5nOjEwcHg7dGV4dC1hbGlnbjogbGVmdDsiPuWkp+S6uuawl+ODh+OCo+OCuuODi+ODvOOCreODo+ODqeOCr+OCv+ODvOOCuuOBruWPr+aEm+OCieOBl+OBhOaWsOS9nOODqeODs+ODgeOCsOODg+OCuuOBjOeZu+WgtCEhPGJyPuOBk+OBoeOCieOBr+WumueVquS6uuawl+OCouOCpOODhuODoOOAkOODnuODgeS7mOOBjUxVTkNI5be+552A44CRPGJyPuW6leOBq+ODnuODgeOBjDljbeS7mOOBhOOBpuOBhOOCi+OBruOBp+OBiuW8geW9k+euseOCkuWFpeOCjOOCi+OBruOBq+OBtOOBo+OBn+OCiuKZqjxicj7jgbvjgYvjgavjgoLoibLjgpPjgarjgq3jg6Pjg6njgq/jgr/jg7zjgYLjgovjgYvjgonjgYrmsJfjgavlhaXjgoropovjgaTjgZHjgabjga3imIY8YnI+PGJyPuKWoOOCteOCpOOCuu+8mue0hDI3MMOXMTgww5c5MG1tPGJyPuKWoOe0oOadkO+8muOCs+ODg+ODiOODszEwMO+8he+8iOe0kO+8ieODneODquOCqOOCueODhuODqzxCUj48QlI+4pag44Kr44Op44O8IOODm+ODr+OCpOODiOezu++8iOeZve+8iTxCUj48QlI+PC9kaXY+PC9kaXY+PGRpdiBzdHlsZT0id2lkdGg6MTAwJTt0ZXh0LWFsaWduOiBjZW50ZXI7Ij48aW1nIHN0eWxlPSJtYXJnaW46MTVweCAwIDEwcHggMDt3aWR0aDoxMDAlIDtib3JkZXI6bm9uZTsiIGFsdD0i44Kt44Oj44Op44Kv44K/44O844Kw44OD44K65bCC6ZaA5bqXL+OCt+ODjeODnuOCs+ODrOOCr+OCt+ODp+ODsy/oqbPntLDnlLvlg48iIHNyYz0iaHR0cDovL3d3dy5yYWt1dGVuLm5lLmpwL2dvbGQvY2luZW1hY29sbGVjdGlvbi9ibi9pdGVtLWJuMDIuZ2lmIiAvPjxkaXYgc3R5bGU9IndpZHRoOjEwMCU7bWFyZ2luOjAgYXV0bzsiPjxpbWcgc3R5bGU9IndpZHRoOjI2MHB4O21hcmdpbjoycHg7Ym9yZGVyOm5vbmU7IiBzcmM9Imh0dHA6Ly9pbWFnZS5yYWt1dGVuLmNvLmpwL2NpbmVtYWNvbGxlY3Rpb24vY2FiaW5ldC9yMjAxNzAzMjEvc20tYXBkczI2ODQuanBnIj48aW1nIHN0eWxlPSJ3aWR0aDoyNjBweDttYXJnaW46MnB4O2JvcmRlcjpub25lOyIgc3JjPSJodHRwOi8vaW1hZ2UucmFrdXRlbi5jby5qcC9jaW5lbWFjb2xsZWN0aW9uL2NhYmluZXQvcjIwMTcwMzIxL3NtLWFwZHMyNjg0XzIuanBnIj48L2Rpdj48L2Rpdj48ZGl2IHN0eWxlPSJ3aWR0aDoxMDAlO3RleHQtYWxpZ246IGNlbnRlcjsiPjxpbWcgc3R5bGU9Im1hcmdpbjoxNXB4IDAgMTBweCAwO3dpZHRoOjEwMCUgO2JvcmRlcjpub25lOyIgYWx0PSLjgq3jg6Pjg6njgq/jgr/jg7zjgrDjg4PjgrrlsILploDlupcv44K344ON44Oe44Kz44Os44Kv44K344On44OzL+ips+e0sOeUu+WDjyIgc3JjPSJodHRwOi8vd3d3LnJha3V0ZW4ubmUuanAvZ29sZC9jaW5lbWFjb2xsZWN0aW9uL2JuL2l0ZW0tYm4wMy5naWYiIC8+PGRpdiBzdHlsZT0id2lkdGg6NTAlO3RvcDo3NXB4O2Zsb2F0OmxlZnQ7dGV4dC1hbGlnbjogbGVmdDsiPuOAkOODn+ODg+OCreODvOODnuOCpuOCueOAkeS7luOBrueorumhnuOBr+OBk+OBoeOCieOBi+OCiSAmZ3Q7Jmd0OzwvZGl2PjxkaXYgc3R5bGU9IndpZHRoOjUwJTtmbG9hdDpsZWZ0O3RleHQtYWxpZ246cmlnaHQ7Ij48aW1nIHN0eWxlPSJ3aWR0aDoyNTBweDtib3JkZXI6bm9uZTsiIHNyYz0iaHR0cDovL2ltYWdlLnJha3V0ZW4uY28uanAvY2luZW1hY29sbGVjdGlvbi9jYWJpbmV0LzAwMmxibi90b3BsYi1kMDAxLmpwZyI+PC9kaXY+PGRpdiBzdHlsZT0iY2xlYXI6Ym90aDsiPjwvZGl2PjwvZGl2PjwhLS3plqLpgKPmpJzntKLjgq3jg7zjg6/jg7zjg4ktLT48ZGl2IGNsYXNzPSJrYW5yZW4tbGluayI+44GT44Gu44Kr44OG44K044Oq44Gr44Gv44GT44KT44Gq5ZWG5ZOB44GM5ZCr44G+44KM44Gm44GE44G+44GZPGJyPjxicj48c3BhbiBjbGFzcz0ia2FucmVuLWxpbmsiPuOCreODg+ODgeODs+mbkeiyqOOAkOODqeODs+ODgeW3vuedgOOAkTwvc3Bhbj48L2Rpdj48IS0t4piF44Kz44Kz44G+44GnLS0+PCEtLemWoumAo+aknOe0ouOCreODvOODr+ODvOODiS0tPjxkaXYgY2xhc3M9ImthbnJlbi1saW5rIj7jgZPjgozjgpLopovjgZ/kurrjga/jgZPjgpPjgarjgq3jg7zjg6/jg7zjg4njgafmpJzntKLjgZfjgabjgYTjgb7jgZk8YnI+PGJyPjxzcGFuIGNsYXNzPSJrYW5yZW4tbGluayI+44Kt44Oj44Op44Kv44K/44O8IOW3vuedgDwvc3Bhbj48c3BhbiBjbGFzcz0ia2FucmVuLWxpbmsiPuOBiuW8geW9kyDlt77nnYA8L3NwYW4+PHNwYW4gY2xhc3M9ImthbnJlbi1saW5rIj7jgYrlvIHlvZPljIXjgb88L3NwYW4+PHNwYW4gY2xhc3M9ImthbnJlbi1saW5rIj7jg6njg7Pjg4Hjgq/jg63jgrk8L3NwYW4+PHNwYW4gY2xhc3M9ImthbnJlbi1saW5rIj7jgq3jg6Pjg6njgq/jgr/jg7wg44GK5byB5b2T566xPC9zcGFuPjxzcGFuIGNsYXNzPSJrYW5yZW4tbGluayI+44GK5byB5b2T566xPC9zcGFuPjxzcGFuIGNsYXNzPSJrYW5yZW4tbGluayI+44Op44Oz44OBIOOCsOODg+OCujwvc3Bhbj48c3BhbiBjbGFzcz0ia2FucmVuLWxpbmsiPuODqeODs+ODgSDnlKjlk4E8L3NwYW4+PHNwYW4gY2xhc3M9ImthbnJlbi1saW5rIj7jgq3jg6Pjg6njgq/jgr/jg7wg5byB5b2TPC9zcGFuPjxzcGFuIGNsYXNzPSJrYW5yZW4tbGluayI+5rC0562SPC9zcGFuPjwvZGl2PjwhLS3imIXjgrPjgrPjgb7jgactLT48IS0tNTYwMC0tPgoKPC9URD48L1RSPjwvVEFCTEU+PGJyPjxicj4KCgo8IS0t5paw552AIC0tPgoKPGltZyBzdHlsZT0id2lkdGg6ODAwcHg7bWFyZ2luOjAgMCAxMHB4IDA7Ym9yZGVyOm5vbmU7IiBzcmM9Imh0dHA6Ly9pbWFnZS5yYWt1dGVuLmNvLmpwL2NpbmVtYWNvbGxlY3Rpb24vY2FiaW5ldC9zaW4uZ2lmIj48YnI+CjxkaXYgc3R5bGU9IndpZHRoOjc1MHB4O21hcmdpbjogMCBhdXRvO3BhZGRpbmc6MTVweDt0ZXh0LWFsaWduOnJpZ2h0O2ZvbnQtd2VpZ2h0OmJvbGQ7Zm9udC1zaXplOjE4cHg7Ij4+PuaWsOedgOaDheWgseOBruOBpOOBpeOBjeOBr+OBk+OBoeOCiTwvZGl2Pgo8YnI+CjxkaXYgc3R5bGU9IndpZHRoOjc1MHB4O21hcmdpbjogMCBhdXRvO3BhZGRpbmc6MTVweDt0ZXh0LWFsaWduOnJpZ2h0O2ZvbnQtd2VpZ2h0OmJvbGQ7Zm9udC1zaXplOjE4cHg7Ij4+PuaWsOedgOaDheWgseOBruOBpOOBpeOBjeOBr+OBk+OBoeOCiTwvZGl2PgoKCgoKCgo8aW1nIHN0eWxlPSJ3aWR0aDo4MDBweDttYXJnaW46MCAwIDEwcHggMDtib3JkZXI6bm9uZTsiIHNyYz0iaHR0cDovL2ltYWdlLnJha3V0ZW4uY28uanAvY2luZW1hY29sbGVjdGlvbi9jYWJpbmV0L2Nhci5naWYiPjxicj4KPHRhYmxlIHdpZHRoPSI4MDAiPjx0cj48dGQgd2lkdGg9IjgwMCIgYWxpZ249InJpZ2h0Ij7ih5LjgZnjgbnjgabjga7jgq3jg6Pjg6njgq/jgr/jg7zjga/jgZPjgaHjgok8L3RkPjwvdHI+PHRyPjx0ZD48YnI+PGJyPgoKPGJyPjxicj4KPC90ZD48L3RyPjwvdGFibGU+PGJyPjxicj4KCgo8aW1nIHN0eWxlPSJ3aWR0aDo4MDBweDttYXJnaW46MCAwIDEwcHggMDtib3JkZXI6bm9uZTsiIHNyYz0iaHR0cDovL2ltYWdlLnJha3V0ZW4uY28uanAvY2luZW1hY29sbGVjdGlvbi9jYWJpbmV0L2NhdC5naWYiPjxicj4KPC9jZW50ZXI+CgoKPCEtLSAtLT4KCjxzdHlsZT4KLyrosrfjgYTnianjgqvjgrTjg5zjgr/jg7MqLwojcmFrdXRlbkxpbWl0ZWRJZF9hcm91bmRDYXJ0IGlucHV0IHsKCXdpZHRoOiAyODBweDsKCWhlaWdodDogMTUwcHg7CgliYWNrZ3JvdW5kOnVybChodHRwOi8vaW1hZ2UucmFrdXRlbi5jby5qcC9jaW5lbWFjb2xsZWN0aW9uL2NhYmluZXQvY2FydC5naWYpICNmZmZmZmYgbm8tcmVwZWF0OwoJb3ZlcmZsb3c6IGhpZGRlbjsKCWJvcmRlci13aWR0aDogMHB4OwoJY3Vyc29yOiBwb2ludGVyICFpbXBvcnRhbnQ7Cgl0ZXh0LWluZGVudDogMTUwJTsKCXdoaXRlLXNwYWNlOiBub3dyYXA7CgltYXJnaW46IDVweCAwIDAgMDsKCWRpc3BsYXk6YmxvY2s7Cn0KCiNyYWt1dGVuTGltaXRlZElkX2Fyb3VuZENhcnQgLmludmVudG9yeSBpbnB1dCB7CgliYWNrZ3JvdW5kOm5vbmUgIWltcG9ydGFudDsKCXdpZHRoOiAyZW0haW1wb3J0YW50OwoJaGVpZ2h0OiAxLjJlbSFpbXBvcnRhbnQ7CglkaXNwbGF5OmlubGluZTsKfQoKCi8q5YCL5pWw44OG44Kt44K544OIKi8KI3Jha3V0ZW5MaW1pdGVkSWRfYXJvdW5kQ2FydCAudW5pdCB7Cglmb250LXNpemU6MTZweDsKfQoKLyrlgIvmlbDlhaXlipsqLwojcmFrdXRlbkxpbWl0ZWRJZF9hcm91bmRDYXJ0IGlucHV0I3VuaXRzIHsKCWJvcmRlcjpzb2xpZCAjY2NjIDFweDsKCWJhY2tncm91bmQ6I2ZmZiFpbXBvcnRhbnQ7Cgl3aWR0aDozMHB4OwoJaGVpZ2h0OjMwcHg7CgljdXJzb3I6YXV0bzsKCXBhZGRpbmc6N3B4IDdweCA3cHggM3B4OwoJdGV4dC1pbmRlbnQ6IDBweDsKCW92ZXJmbG93OiBoaWRkZW47CglkaXNwbGF5OmlubGluZTsKCWZvbnQtc2l6ZToxNnB4Owp9CgovKuOBiuWVj+OBhOWQiOOCj+OBm+ODnOOCv+ODsyovCiNyYWt1dGVuTGltaXRlZElkX2Fyb3VuZENhcnQgZm9udCBpbnB1dCB7Cgl3aWR0aDogMjgwcHg7CgloZWlnaHQ6IDgwcHg7CgliYWNrZ3JvdW5kOnVybChodHRwOi8vaW1hZ2UucmFrdXRlbi5jby5qcC9jaW5lbWFjb2xsZWN0aW9uL2NhYmluZXQvdG9pLmdpZikgI2ZmZmZmZiBuby1yZXBlYXQ7CglvdmVyZmxvdzogaGlkZGVuOwoJYm9yZGVyLXdpZHRoOiAwcHg7CgljdXJzb3I6IHBvaW50ZXIgIWltcG9ydGFudDsKCXRleHQtaW5kZW50OiAxNTAlOwoJd2hpdGUtc3BhY2U6IG5vd3JhcDsKCW1hcmdpbjogNXB4IDAgMCAwOwoJZGlzcGxheTpibG9jazsKfQoKI3NlcnZpY2VUYWJsZVNtbCAuZmF2b3JpdGUgewoJZGlzcGxheTpibG9jazsKCXdpZHRoOiAyODBweDsKfQoKI3NlcnZpY2VUYWJsZVNtbCAuZmF2b3JpdGUgLmJvb2ttYXJrQXJlYSBkaXZ7Cgl3aWR0aDogMjgwcHghaW1wb3J0YW50Owp9Cgojc2VydmljZVRhYmxlU21sIC5mYXZvcml0ZSAuYmttIGEgewoJd2lkdGg6IDI4MHB4IWltcG9ydGFudDsKCWhlaWdodDogMzAwcHghaW1wb3J0YW50OwoJYmFja2dyb3VuZDp1cmwoaHR0cDovL2ltYWdlLnJha3V0ZW4uY28uanAvY2luZW1hY29sbGVjdGlvbi9jYWJpbmV0L29raS5naWYpICNmZmZmZmYgbm8tcmVwZWF0OwoJb3ZlcmZsb3c6IGhpZGRlbjsKCWJvcmRlci13aWR0aDogMHB4OwoJY3Vyc29yOiBwb2ludGVyICFpbXBvcnRhbnQ7Cgl0ZXh0LWluZGVudDotMTUwJTsKCW1hcmdpbjogNXB4IDAgMCAwOwoJZGlzcGxheTpibG9jazsKfQoKCi8q44GK5rCX44Gr5YWl44KKKi8KCmRpdi53MjgwLWMgIHt3aWR0aDoyODBweDt0ZXh0LWFsaWduOiBjZW50ZXI7fQpkaXYuY2VudGVyLW0tMGEgIHttYXJnaW46MCBhdXRvO30KLml0ZW0tb2tpLWJuICB7d2lkdGg6MjgwcHg7bWFyZ2luOjJweCAwO2JvcmRlcjpub25lO30KLml0ZW0taWZyYW1lICB7bWFyZ2luOjBweDtib3JkZXI6MHB4O30KCmRpdi5rYW5yZW4tbGluayB7Y29sb3I6IzdmN2Y3Zjt3aWR0aDo5MCU7bWFyZ2luOjIwcHggYXV0bztwYWRkaW5nOjIwcHg7dGV4dC1hbGlnbjogbGVmdDtmb250LXNpemU6MS4yZW07YmFja2dyb3VuZC1jb2xvcjojZmZmZmZmO2JvcmRlcjpkb3R0ZWQgMnB4ICNmZjgwMzM7fQpzcGFuLmthbnJlbi1saW5rIHttYXJnaW46MTBweCA7cGFkZGluZzogMCAwIDAgMC41ZW07Zm9udC1zaXplOjEuMmVtOwpiYWNrZ3JvdW5kOnVybChodHRwOi8vaW1hZ2UucmFrdXRlbi5jby5qcC9tbS1wb3AvY2FiaW5ldC9saW5rLWhlYWQtcGsuZ2lmKSBuby1yZXBlYXQgMCAwLjQ1ZW07Cn0KYTpsaW5rIGthbnJlbi1saW5re2ZvbnQtc2l6ZToxLjJlbTsgY29sb3I6IzMzODBmZjt0ZXh0LWRlY29yYXRpb246bm9uZTt9Cgo8L3N0eWxlPgoKCgoKPCEtLSAKPHN5bGUgdHlwZT0idGV4dC9jc3MiPgogaHRtbCxib2R5eyBvdmVyZmxvdy14OmhpZGRlbjsgfQoKYTpsaW5rIHtjb2xvcjojMzM4MGZmO30KYTp2aXNpdGVkIHtjb2xvcjojNjY2O30KYTpob3ZlciB7Y29sb3I6IzMzMzt9CmE6YWN0aXZlIHtjb2xvcjojMzMzO30KYXt0ZXh0LWRlY29yYXRpb246bm9uZTt9CmltZyB7Ym9yZGVyOm5vbmU7IHZlcnRpY2FsLWFsaWduOmJvdHRvbTt9CnAge21hcmdpbjowOyBwYWRkaW5nOjA7IGZvbnQtc2l6ZTo4MCU7fQpwLnJlc2l6ZWltYWdlIGltZyB7IHdpZHRoOiA5OCU7IH0KcC5yZXNpemVpbWFnZTIgaW1nIHsgd2lkdGg6IDkwJTsgfQphOmhvdmVyIGltZyB7b3BhY2l0eTogMC42OyBmaWx0ZXI6IGFscGhhKG9wYWNpdHk9NjApOyAtbW96LW9wYWNpdHk6IDAuNjt9CgoKaW1nLnRvcGJue21hcmdpbjoxMHB4IDA7Ym9yZGVyOm5vbmU7fQpkaXYuZGlzYzMge3dpZHRoOjEwMCU7bWFyZ2luOiAwIGF1dG87cGFkZGluZzoxNXB4O2JhY2tncm91bmQ6I2VmZWZlZjt0ZXh0LWFsaWduOmxlZnQ7Zm9udC13ZWlnaHQ6Ym9sZDtmb250LXNpemU6MThweDt9CgogPC9zdHlsZT4KLS0+CgoKPHN0eWxlIHR5cGU9InRleHQvY3NzIj4KPCEtLQoKZGl2I0hlYWRlcktleXdvcmQgewoJcG9zaXRpb246YWJzb2x1dGU7Cgl0b3A6NjBweDsvKuS4gOeVquS4iuOBi+OCieOBruS9jee9riovCglsZWZ0OjYwcHg7Lyrlt6bnq6/jgYvjgonjga7kvY3nva4qLwp9CgpkaXYjSGVhZGVyS2V5d29yZCBzcGFuIHsKCWJhY2tncm91bmQ6ICNiZjAwMDA7Cgljb2xvcjojZmZmOwoJZm9udC13ZWlnaHQ6Ym9sZDsKCXBhZGRpbmc6MnB4IDVweDsKfQoKZGl2I0hlYWRlcktleXdvcmQgYSB7Cgljb2xvcjojMDA0NENDOwp9CgotLT4KPC9zdHlsZT4KPGRpdiBpZD0iSGVhZGVyS2V5d29yZCI+CjxzcGFuPuazqOebruOBruOCreODvOODr+ODvOODiTwvc3Bhbj4KPj7mlofmiL/lhbcKPj7jg5Djg4PjgrAKPj7jgYrosqHluIMKPj7jgrnjg4zjg7zjg5Tjg7wKCjwvZGl2Pg==,44Of44OD44Kt44O877yG44Of44OL44O8IOODqeODs+ODgeW3vuedgCDjg57jg4Hku5jjgY3lt77nnYDooosg44GV44KT44GL44GPICDjg4fjgqPjgrrjg4vjg7wg44K544Oi44O844Or44OX44Op44ON44OD44OIIDE4JnRpbWVzOzI3JnRpbWVzOzljbSDjgYrlvIHlvZPnrrHooosg44Kt44Oj44Op44Kv44K/44O844Kw44OD44K66YCa6LKpIOOAkOODoeODvOODq+S+v+WPr+OAkeOAkOOBguOBmealveOAkeOCt+ODjeODnuOCs+ODrOOCr+OCt+ODp+ODs++8muOCreODo+ODqeOCr+OCv+ODvOOBruOCt+ODjeODnuOCs+ODrOOCr+OCt+ODp+ODsw==,44Kt44Oj44Op44Kv44K/44O844Kt44Oj44Op44Kv44K/44O844Kw44OD44K644Kt44Oj44Op44Kv44K/44O86ZuR6LKo6ZuR6LKo44K144Oz44Oq44Kq44OH44Kj44K644OL44O844KG44KL44Kt44Oj44Op44Of44OD44Kt44O844Kt44OG44Kj44GP44G+44Oi44Oz44Ov44Oz44OU44O844K544Ki44OL44Oh44Ki44OL44Oh44Kw44OD44K644K/44Kq44Or5paH5YW35paH5oi/5YW344Kk44Oz44OG44Oq44Ki55Sf5rS76ZuR6LKo44Kt44OD44K65a2Q44Gp44KC44Of44OD44Kt44O877yG44Of44OL44O8IOODqeODs+ODgeW3vuedgCDjg57jg4Hku5jjgY3lt77nnYDooosg44GV44KT44GL44GPICDjg4fjgqPjgrrjg4vjg7wg44K544Oi44O844Or44OX44Op44ON44OD44OIIDE4JnRpbWVzOzI3JnRpbWVzOzljbSDjgYrlvIHlvZPnrrHooosg44Kt44Oj44Op44Kv44K/44O844Kw44OD44K66YCa6LKpIOOAkOODoeODvOODq+S+v+WPr+OAkeOAkOOBguOBmealveOAkeOCt+ODjeODnuOCs+ODrOOCr+OCt+ODp+ODsw==,44Of44OD44Kt44O877yG44Of44OL44O8IOODqeODs+ODgeW3vuedgCDjg57jg4Hku5jjgY3lt77nnYDooosg44GV44KT44GL44GPICDjg4fjgqPjgrrjg4vjg7wg44K544Oi44O844Or44OX44Op44ON44OD44OIIDE4JnRpbWVzOzI3JnRpbWVzOzljbSDjgYrlvIHlvZPnrrHooosg44Kt44Oj44Op44Kv44K/44O844Kw44OD44K66YCa6LKpIOOAkOODoeODvOODq+S+v+WPr+OAkeOAkOOBguOBmealveOAkeOCt+ODjeODnuOCs+ODrOOCr+OCt+ODp+ODsw==[rn]
30-32943,aHR0cDovL3RzaG9wLnIxMHMuanAvY2luZW1hY29sbGVjdGlvbi9jYWJpbmV0L3IyMDE3MDMyMS9zbS1zcmtuMTA0OS5qcGc/Zml0aW49NzAwOjcwMA==,Njg3LjIwMDA=,,44Kt44OD44K644O744OZ44OT44O844O744Oe44K/44OL44OG44KjID4g44Kt44OD44K6ID4g6ZuR6LKo44O75bCP54mp77yI44GK5byB5b2T44Kw44OD44K644O744K/44Kq44Or44O75paH5YW36aGe77yJID4g5a2Q5L6b55So44GK5byB5b2T6KKL,44OJ44Op44GI44KC44KTIOODqeODs+ODgeW3vuedgCDjg57jg4Hku5jjgY3lt77nnYDooosgSeKAmW0gRG9yYWVtb24g44Gy44G/44Gk6YGT5YW3ICDjgrXjg7Pjg6rjgqog44K544Oi44O844Or44OX44Op44ON44OD44OIIDE4w5cyN8OXOWNtIOOBiuW8geW9k+euseiiiyDjgq3jg6Pjg6njgq/jgr/jg7zjgrDjg4PjgrrpgJrosqkg44CQ44Oh44O844Or5L6/5Y+v44CR44CQ44GC44GZ5qW944CR44K344ON44Oe44Kz44Os44Kv44K344On44Oz,,PGNlbnRlcj48YSBocmVmPSJodHRwOi8vd3d3LnJha3V0ZW4ubmUuanAvZ29sZC9jaW5lbWFjb2xsZWN0aW9uL2Fuc3dlci5odG1sI2MxcTMiIHRhcmdldD0iX25ldyI+PGltZyB3aWR0aD0iNzUwIiBib3JkZXI9IjAiIHNyYz0iaHR0cDovL2ltYWdlLnJha3V0ZW4uY28uanAvY2luZW1hY29sbGVjdGlvbi9jYWJpbmV0L3ItbWFpbDU4MC5qcGciIGhlaWdodD0iNTAiIHZzcGFjZT0iNSI+PC9hPjwvY2VudGVyPjxicj48YnI+44OJ44Op44GI44KC44KTIOODqeODs+ODgeW3vuedgCDjg57jg4Hku5jjgY3lt77nnYDooosgSeKAmW0gRG9yYWVtb24g44Gy44G/44Gk6YGT5YW3ICDjgrXjg7Pjg6rjgqog44K544Oi44O844Or44OX44Op44ON44OD44OIIDE4w5cyN8OXOWNtIOOBiuW8geW9k+euseiiiyDjgq3jg6Pjg6njgq/jgr/jg7zjgrDjg4PjgrrpgJrosqkg44CQ44Oh44O844Or5L6/5Y+v44CR44CQ44GC44GZ5qW944CR44K344ON44Oe44Kz44Os44Kv44K344On44OzPEJSPjxCUj48IS0tIOKYheOBiuawl+OBq+WFpeOCii0tPjxkaXYgY2xhc3M9IncyODAtYyI+PGRpdiBjbGFzcz0iY2VudGVyLW0tMGEiPjxpbWcgY2xhc3M9Iml0ZW0tb2tpLWJuIiBhbHQ9IuOCreODo+ODqeOCr+OCv+ODvOOCsOODg+OCuumAmuiyqeOCt+ODjeODnuOCs+ODrOOCr+OCt+ODp+ODs+OBruOBiuawl+OBq+WFpeOCiuODquOCueODiOOCkueiuuiqjeOBmeOCiyIgc3JjPSJodHRwOi8vaW1hZ2UucmFrdXRlbi5jby5qcC9jaW5lbWFjb2xsZWN0aW9uL2NhYmluZXQvb2tpLTIuZ2lmIj48L2Rpdj48L2Rpdj48IS0tIOKYheOBiuawl+OBq+WFpeOCiuOCs+OCs+OBvuOBpy0tPjwhLS3imIXliYrpmaTkuI3lj68tLT48L3NwYW4+PC90ZD48L3RyPjwvdGFibGU+PGJyPjwvdGQ+PC90cj48L3RhYmxlPjxicj48dGFibGUgY2VsbHBhZGRpbmc9IjAiIGJvcmRlcj0iMCI+PHRyPjx0ZD48dGFibGUgY2VsbHBhZGRpbmc9IjAiIGJvcmRlcj0iMCI+PHRyPjx0ZD48c3Bhbj48IS0t6Zai6YCj5qSc57Si44Kt44O844Ov44O844OJLS0+PGRpdiBzdHlsZT0id2lkdGg6MTAwJTt0ZXh0LWFsaWduOiBjZW50ZXIiPjxoMyBzdHlsZT0iY29sb3I6IzdmN2Y3ZjsiPue0hDljbeOBruW6leODnuODgeOBp+OBhOOCjeOCk+OBquOBiuW8geW9k+euseOChOWwj+eJqeOBjOWFpeOCi+KZqjxicj48IS0t4piFSy0tPuS+v+WIqS/jgYvjgo/jgYTjgYQv5aWz44Gu5a2QL+Wwj+WtpueUny/jg6njg7Pjg4HjgrDjg4Pjgro8L2gzPjxpbWcgc3R5bGU9Im1hcmdpbjoxNXB4IDAgMTBweCAwO3dpZHRoOjEwMCUgO2JvcmRlcjpub25lOyIgYWx0PSLjgq3jg6Pjg6njgq/jgr/jg7zjgrDjg4PjgrrlsILploDlupcv44K344ON44Oe44Kz44Os44Kv44K344On44OzL+WVhuWTgeips+e0sCIgc3JjPSJodHRwOi8vd3d3LnJha3V0ZW4ubmUuanAvZ29sZC9jaW5lbWFjb2xsZWN0aW9uL2JuL2l0ZW0tYm4wMS5naWYiIC8+PGRpdiBzdHlsZT0iY29sb3I6IzdmN2Y3Zjt3aWR0aDo5MCU7bWFyZ2luOjAgYXV0bzsjZWZlZmVmIHNvbGlkIDFweDtwYWRkaW5nOjEwcHg7dGV4dC1hbGlnbjogbGVmdDsiPuOCteODs+ODquOCquOBqOODieODqeOBiOOCguOCk+OBjOacgOW8t+OCv+ODg+OCsCEh44Gd44Gu5ZCN44KC44COSSdtIERPUkFFTU9O44CP44K344Oq44O844K6ITxicj7jgZPjgaHjgonjga/lrprnlarkurrmsJfjgqLjgqTjg4bjg6DjgJDjg57jg4Hku5jjgY1MVU5DSOW3vuedgOOAkTxicj7lupXjgavjg57jg4HjgYw5Y23ku5jjgYTjgabjgYTjgovjga7jgafjgYrlvIHlvZPnrrHjgpLlhaXjgozjgovjga7jgavjgbTjgaPjgZ/jgorimao8YnI+44G744GL44Gr44KC6Imy44KT44Gq44Kt44Oj44Op44Kv44K/44O844GC44KL44GL44KJ44GK5rCX44Gr5YWl44KK6KaL44Gk44GR44Gm44Gt4piGPGJyPjxicj7ilqDjgrXjgqTjgrrvvJrntIQyNzDDlzE4MMOXOTBtbTxicj7ilqDntKDmnZDvvJrjgrPjg4Pjg4jjg7MxMDDvvIXvvIjntJDvvInjg53jg6rjgqjjgrnjg4bjg6s8QlI+PEJSPuKWoOOCq+ODqeODvCDjg5njg7zjgrjjg6Xns7vvvIjoloTjgYTjg5bjg6njgqbjg7PvvIk8QlI+PEJSPjwvZGl2PjwvZGl2PjxkaXYgc3R5bGU9IndpZHRoOjEwMCU7dGV4dC1hbGlnbjogY2VudGVyOyI+PGltZyBzdHlsZT0ibWFyZ2luOjE1cHggMCAxMHB4IDA7d2lkdGg6MTAwJSA7Ym9yZGVyOm5vbmU7IiBhbHQ9IuOCreODo+ODqeOCr+OCv+ODvOOCsOODg+OCuuWwgumWgOW6ly/jgrfjg43jg57jgrPjg6zjgq/jgrfjg6fjg7Mv6Kmz57Sw55S75YOPIiBzcmM9Imh0dHA6Ly93d3cucmFrdXRlbi5uZS5qcC9nb2xkL2NpbmVtYWNvbGxlY3Rpb24vYm4vaXRlbS1ibjAyLmdpZiIgLz48ZGl2IHN0eWxlPSJ3aWR0aDoxMDAlO21hcmdpbjowIGF1dG87Ij48aW1nIHN0eWxlPSJ3aWR0aDoyNjBweDttYXJnaW46MnB4O2JvcmRlcjpub25lOyIgc3JjPSJodHRwOi8vaW1hZ2UucmFrdXRlbi5jby5qcC9jaW5lbWFjb2xsZWN0aW9uL2NhYmluZXQvcjIwMTcwMzIxL3NtLXNya24xMDQ5LmpwZyI+PGltZyBzdHlsZT0id2lkdGg6MjYwcHg7bWFyZ2luOjJweDtib3JkZXI6bm9uZTsiIHNyYz0iaHR0cDovL2ltYWdlLnJha3V0ZW4uY28uanAvY2luZW1hY29sbGVjdGlvbi9jYWJpbmV0L3IyMDE3MDMyMS9zbS1zcmtuMTA0OV8yLmpwZyI+PGltZyBzdHlsZT0id2lkdGg6MjYwcHg7bWFyZ2luOjJweDtib3JkZXI6bm9uZTsiIHNyYz0iaHR0cDovL2ltYWdlLnJha3V0ZW4uY28uanAvY2luZW1hY29sbGVjdGlvbi9jYWJpbmV0L3IyMDE3MDMyMS9zbS1zcmtuMTA0OV8zLmpwZyI+PC9kaXY+PC9kaXY+PGRpdiBzdHlsZT0id2lkdGg6MTAwJTt0ZXh0LWFsaWduOiBjZW50ZXI7Ij48aW1nIHN0eWxlPSJtYXJnaW46MTVweCAwIDEwcHggMDt3aWR0aDoxMDAlIDtib3JkZXI6bm9uZTsiIGFsdD0i44Kt44Oj44Op44Kv44K/44O844Kw44OD44K65bCC6ZaA5bqXL+OCt+ODjeODnuOCs+ODrOOCr+OCt+ODp+ODsy/oqbPntLDnlLvlg48iIHNyYz0iaHR0cDovL3d3dy5yYWt1dGVuLm5lLmpwL2dvbGQvY2luZW1hY29sbGVjdGlvbi9ibi9pdGVtLWJuMDMuZ2lmIiAvPjxkaXYgc3R5bGU9IndpZHRoOjUwJTt0b3A6NzVweDtmbG9hdDpsZWZ0O3RleHQtYWxpZ246IGxlZnQ7Ij7jgJDjg4njg6njgYjjgoLjgpPjgJHku5bjga7nqK7poZ7jga/jgZPjgaHjgonjgYvjgokgJmd0OyZndDs8L2Rpdj48ZGl2IHN0eWxlPSJ3aWR0aDo1MCU7ZmxvYXQ6bGVmdDt0ZXh0LWFsaWduOnJpZ2h0OyI+PGltZyBzdHlsZT0id2lkdGg6MjUwcHg7Ym9yZGVyOm5vbmU7IiBzcmM9Imh0dHA6Ly9pbWFnZS5yYWt1dGVuLmNvLmpwL2NpbmVtYWNvbGxlY3Rpb24vY2FiaW5ldC8wMDJsYm4vdG9wbGI0NC5qcGciPjwvZGl2PjxkaXYgc3R5bGU9ImNsZWFyOmJvdGg7Ij48L2Rpdj48L2Rpdj48IS0t6Zai6YCj5qSc57Si44Kt44O844Ov44O844OJLS0+PGRpdiBjbGFzcz0ia2FucmVuLWxpbmsiPuOBk+OBruOCq+ODhuOCtOODquOBq+OBr+OBk+OCk+OBquWVhuWTgeOBjOWQq+OBvuOCjOOBpuOBhOOBvuOBmTxicj48YnI+PHNwYW4gY2xhc3M9ImthbnJlbi1saW5rIj7jgq3jg4Pjg4Hjg7Ppm5HosqjjgJDjg6njg7Pjg4Hlt77nnYDjgJE8L3NwYW4+PC9kaXY+PCEtLeKYheOCs+OCs+OBvuOBpy0tPjwhLS3plqLpgKPmpJzntKLjgq3jg7zjg6/jg7zjg4ktLT48ZGl2IGNsYXNzPSJrYW5yZW4tbGluayI+44GT44KM44KS6KaL44Gf5Lq644Gv44GT44KT44Gq44Kt44O844Ov44O844OJ44Gn5qSc57Si44GX44Gm44GE44G+44GZPGJyPjxicj48c3BhbiBjbGFzcz0ia2FucmVuLWxpbmsiPuOCreODo+ODqeOCr+OCv+ODvCDlt77nnYA8L3NwYW4+PHNwYW4gY2xhc3M9ImthbnJlbi1saW5rIj7jgYrlvIHlvZMg5be+552APC9zcGFuPjxzcGFuIGNsYXNzPSJrYW5yZW4tbGluayI+44GK5byB5b2T5YyF44G/PC9zcGFuPjxzcGFuIGNsYXNzPSJrYW5yZW4tbGluayI+44Op44Oz44OB44Kv44Ot44K5PC9zcGFuPjxzcGFuIGNsYXNzPSJrYW5yZW4tbGluayI+44Kt44Oj44Op44Kv44K/44O8IOOBiuW8geW9k+eusTwvc3Bhbj48c3BhbiBjbGFzcz0ia2FucmVuLWxpbmsiPuOBiuW8geW9k+eusTwvc3Bhbj48c3BhbiBjbGFzcz0ia2FucmVuLWxpbmsiPuODqeODs+ODgSDjgrDjg4Pjgro8L3NwYW4+PHNwYW4gY2xhc3M9ImthbnJlbi1saW5rIj7jg6njg7Pjg4Eg55So5ZOBPC9zcGFuPjxzcGFuIGNsYXNzPSJrYW5yZW4tbGluayI+44Kt44Oj44Op44Kv44K/44O8IOW8geW9kzwvc3Bhbj48c3BhbiBjbGFzcz0ia2FucmVuLWxpbmsiPuawtOetkjwvc3Bhbj48L2Rpdj48IS0t4piF44Kz44Kz44G+44GnLS0+PCEtLTU2MDAtLT4KCjwvVEQ+PC9UUj48L1RBQkxFPjxicj48YnI+CgoKPCEtLeaWsOedgCAtLT4KCjxpbWcgc3R5bGU9IndpZHRoOjgwMHB4O21hcmdpbjowIDAgMTBweCAwO2JvcmRlcjpub25lOyIgc3JjPSJodHRwOi8vaW1hZ2UucmFrdXRlbi5jby5qcC9jaW5lbWFjb2xsZWN0aW9uL2NhYmluZXQvc2luLmdpZiI+PGJyPgo8ZGl2IHN0eWxlPSJ3aWR0aDo3NTBweDttYXJnaW46IDAgYXV0bztwYWRkaW5nOjE1cHg7dGV4dC1hbGlnbjpyaWdodDtmb250LXdlaWdodDpib2xkO2ZvbnQtc2l6ZToxOHB4OyI+Pj7mlrDnnYDmg4XloLHjga7jgaTjgaXjgY3jga/jgZPjgaHjgok8L2Rpdj4KPGJyPgo8ZGl2IHN0eWxlPSJ3aWR0aDo3NTBweDttYXJnaW46IDAgYXV0bztwYWRkaW5nOjE1cHg7dGV4dC1hbGlnbjpyaWdodDtmb250LXdlaWdodDpib2xkO2ZvbnQtc2l6ZToxOHB4OyI+Pj7mlrDnnYDmg4XloLHjga7jgaTjgaXjgY3jga/jgZPjgaHjgok8L2Rpdj4KCgoKCgoKPGltZyBzdHlsZT0id2lkdGg6ODAwcHg7bWFyZ2luOjAgMCAxMHB4IDA7Ym9yZGVyOm5vbmU7IiBzcmM9Imh0dHA6Ly9pbWFnZS5yYWt1dGVuLmNvLmpwL2NpbmVtYWNvbGxlY3Rpb24vY2FiaW5ldC9jYXIuZ2lmIj48YnI+Cjx0YWJsZSB3aWR0aD0iODAwIj48dHI+PHRkIHdpZHRoPSI4MDAiIGFsaWduPSJyaWdodCI+4oeS44GZ44G544Gm44Gu44Kt44Oj44Op44Kv44K/44O844Gv44GT44Gh44KJPC90ZD48L3RyPjx0cj48dGQ+PGJyPjxicj4KCjxicj48YnI+CjwvdGQ+PC90cj48L3RhYmxlPjxicj48YnI+CgoKPGltZyBzdHlsZT0id2lkdGg6ODAwcHg7bWFyZ2luOjAgMCAxMHB4IDA7Ym9yZGVyOm5vbmU7IiBzcmM9Imh0dHA6Ly9pbWFnZS5yYWt1dGVuLmNvLmpwL2NpbmVtYWNvbGxlY3Rpb24vY2FiaW5ldC9jYXQuZ2lmIj48YnI+CjwvY2VudGVyPgoKCjwhLS0gLS0+Cgo8c3R5bGU+Ci8q6LK344GE54mp44Kr44K044Oc44K/44OzKi8KI3Jha3V0ZW5MaW1pdGVkSWRfYXJvdW5kQ2FydCBpbnB1dCB7Cgl3aWR0aDogMjgwcHg7CgloZWlnaHQ6IDE1MHB4OwoJYmFja2dyb3VuZDp1cmwoaHR0cDovL2ltYWdlLnJha3V0ZW4uY28uanAvY2luZW1hY29sbGVjdGlvbi9jYWJpbmV0L2NhcnQuZ2lmKSAjZmZmZmZmIG5vLXJlcGVhdDsKCW92ZXJmbG93OiBoaWRkZW47Cglib3JkZXItd2lkdGg6IDBweDsKCWN1cnNvcjogcG9pbnRlciAhaW1wb3J0YW50OwoJdGV4dC1pbmRlbnQ6IDE1MCU7Cgl3aGl0ZS1zcGFjZTogbm93cmFwOwoJbWFyZ2luOiA1cHggMCAwIDA7CglkaXNwbGF5OmJsb2NrOwp9CgojcmFrdXRlbkxpbWl0ZWRJZF9hcm91bmRDYXJ0IC5pbnZlbnRvcnkgaW5wdXQgewoJYmFja2dyb3VuZDpub25lICFpbXBvcnRhbnQ7Cgl3aWR0aDogMmVtIWltcG9ydGFudDsKCWhlaWdodDogMS4yZW0haW1wb3J0YW50OwoJZGlzcGxheTppbmxpbmU7Cn0KCgovKuWAi+aVsOODhuOCreOCueODiCovCiNyYWt1dGVuTGltaXRlZElkX2Fyb3VuZENhcnQgLnVuaXQgewoJZm9udC1zaXplOjE2cHg7Cn0KCi8q5YCL5pWw5YWl5YqbKi8KI3Jha3V0ZW5MaW1pdGVkSWRfYXJvdW5kQ2FydCBpbnB1dCN1bml0cyB7Cglib3JkZXI6c29saWQgI2NjYyAxcHg7CgliYWNrZ3JvdW5kOiNmZmYhaW1wb3J0YW50OwoJd2lkdGg6MzBweDsKCWhlaWdodDozMHB4OwoJY3Vyc29yOmF1dG87CglwYWRkaW5nOjdweCA3cHggN3B4IDNweDsKCXRleHQtaW5kZW50OiAwcHg7CglvdmVyZmxvdzogaGlkZGVuOwoJZGlzcGxheTppbmxpbmU7Cglmb250LXNpemU6MTZweDsKfQoKLyrjgYrllY/jgYTlkIjjgo/jgZvjg5zjgr/jg7MqLwojcmFrdXRlbkxpbWl0ZWRJZF9hcm91bmRDYXJ0IGZvbnQgaW5wdXQgewoJd2lkdGg6IDI4MHB4OwoJaGVpZ2h0OiA4MHB4OwoJYmFja2dyb3VuZDp1cmwoaHR0cDovL2ltYWdlLnJha3V0ZW4uY28uanAvY2luZW1hY29sbGVjdGlvbi9jYWJpbmV0L3RvaS5naWYpICNmZmZmZmYgbm8tcmVwZWF0OwoJb3ZlcmZsb3c6IGhpZGRlbjsKCWJvcmRlci13aWR0aDogMHB4OwoJY3Vyc29yOiBwb2ludGVyICFpbXBvcnRhbnQ7Cgl0ZXh0LWluZGVudDogMTUwJTsKCXdoaXRlLXNwYWNlOiBub3dyYXA7CgltYXJnaW46IDVweCAwIDAgMDsKCWRpc3BsYXk6YmxvY2s7Cn0KCiNzZXJ2aWNlVGFibGVTbWwgLmZhdm9yaXRlIHsKCWRpc3BsYXk6YmxvY2s7Cgl3aWR0aDogMjgwcHg7Cn0KCiNzZXJ2aWNlVGFibGVTbWwgLmZhdm9yaXRlIC5ib29rbWFya0FyZWEgZGl2ewoJd2lkdGg6IDI4MHB4IWltcG9ydGFudDsKfQoKI3NlcnZpY2VUYWJsZVNtbCAuZmF2b3JpdGUgLmJrbSBhIHsKCXdpZHRoOiAyODBweCFpbXBvcnRhbnQ7CgloZWlnaHQ6IDMwMHB4IWltcG9ydGFudDsKCWJhY2tncm91bmQ6dXJsKGh0dHA6Ly9pbWFnZS5yYWt1dGVuLmNvLmpwL2NpbmVtYWNvbGxlY3Rpb24vY2FiaW5ldC9va2kuZ2lmKSAjZmZmZmZmIG5vLXJlcGVhdDsKCW92ZXJmbG93OiBoaWRkZW47Cglib3JkZXItd2lkdGg6IDBweDsKCWN1cnNvcjogcG9pbnRlciAhaW1wb3J0YW50OwoJdGV4dC1pbmRlbnQ6LTE1MCU7CgltYXJnaW46IDVweCAwIDAgMDsKCWRpc3BsYXk6YmxvY2s7Cn0KCgovKuOBiuawl+OBq+WFpeOCiiovCgpkaXYudzI4MC1jICB7d2lkdGg6MjgwcHg7dGV4dC1hbGlnbjogY2VudGVyO30KZGl2LmNlbnRlci1tLTBhICB7bWFyZ2luOjAgYXV0bzt9Ci5pdGVtLW9raS1ibiAge3dpZHRoOjI4MHB4O21hcmdpbjoycHggMDtib3JkZXI6bm9uZTt9Ci5pdGVtLWlmcmFtZSAge21hcmdpbjowcHg7Ym9yZGVyOjBweDt9CgpkaXYua2FucmVuLWxpbmsge2NvbG9yOiM3ZjdmN2Y7d2lkdGg6OTAlO21hcmdpbjoyMHB4IGF1dG87cGFkZGluZzoyMHB4O3RleHQtYWxpZ246IGxlZnQ7Zm9udC1zaXplOjEuMmVtO2JhY2tncm91bmQtY29sb3I6I2ZmZmZmZjtib3JkZXI6ZG90dGVkIDJweCAjZmY4MDMzO30Kc3Bhbi5rYW5yZW4tbGluayB7bWFyZ2luOjEwcHggO3BhZGRpbmc6IDAgMCAwIDAuNWVtO2ZvbnQtc2l6ZToxLjJlbTsKYmFja2dyb3VuZDp1cmwoaHR0cDovL2ltYWdlLnJha3V0ZW4uY28uanAvbW0tcG9wL2NhYmluZXQvbGluay1oZWFkLXBrLmdpZikgbm8tcmVwZWF0IDAgMC40NWVtOwp9CmE6bGluayBrYW5yZW4tbGlua3tmb250LXNpemU6MS4yZW07IGNvbG9yOiMzMzgwZmY7dGV4dC1kZWNvcmF0aW9uOm5vbmU7fQoKPC9zdHlsZT4KCgoKCjwhLS0gCjxzeWxlIHR5cGU9InRleHQvY3NzIj4KIGh0bWwsYm9keXsgb3ZlcmZsb3cteDpoaWRkZW47IH0KCmE6bGluayB7Y29sb3I6IzMzODBmZjt9CmE6dmlzaXRlZCB7Y29sb3I6IzY2Njt9CmE6aG92ZXIge2NvbG9yOiMzMzM7fQphOmFjdGl2ZSB7Y29sb3I6IzMzMzt9CmF7dGV4dC1kZWNvcmF0aW9uOm5vbmU7fQppbWcge2JvcmRlcjpub25lOyB2ZXJ0aWNhbC1hbGlnbjpib3R0b207fQpwIHttYXJnaW46MDsgcGFkZGluZzowOyBmb250LXNpemU6ODAlO30KcC5yZXNpemVpbWFnZSBpbWcgeyB3aWR0aDogOTglOyB9CnAucmVzaXplaW1hZ2UyIGltZyB7IHdpZHRoOiA5MCU7IH0KYTpob3ZlciBpbWcge29wYWNpdHk6IDAuNjsgZmlsdGVyOiBhbHBoYShvcGFjaXR5PTYwKTsgLW1vei1vcGFjaXR5OiAwLjY7fQoKCmltZy50b3BibnttYXJnaW46MTBweCAwO2JvcmRlcjpub25lO30KZGl2LmRpc2MzIHt3aWR0aDoxMDAlO21hcmdpbjogMCBhdXRvO3BhZGRpbmc6MTVweDtiYWNrZ3JvdW5kOiNlZmVmZWY7dGV4dC1hbGlnbjpsZWZ0O2ZvbnQtd2VpZ2h0OmJvbGQ7Zm9udC1zaXplOjE4cHg7fQoKIDwvc3R5bGU+Ci0tPgoKCjxzdHlsZSB0eXBlPSJ0ZXh0L2NzcyI+CjwhLS0KCmRpdiNIZWFkZXJLZXl3b3JkIHsKCXBvc2l0aW9uOmFic29sdXRlOwoJdG9wOjYwcHg7LyrkuIDnlarkuIrjgYvjgonjga7kvY3nva4qLwoJbGVmdDo2MHB4Oy8q5bem56uv44GL44KJ44Gu5L2N572uKi8KfQoKZGl2I0hlYWRlcktleXdvcmQgc3BhbiB7CgliYWNrZ3JvdW5kOiAjYmYwMDAwOwoJY29sb3I6I2ZmZjsKCWZvbnQtd2VpZ2h0OmJvbGQ7CglwYWRkaW5nOjJweCA1cHg7Cn0KCmRpdiNIZWFkZXJLZXl3b3JkIGEgewoJY29sb3I6IzAwNDRDQzsKfQoKLS0+Cjwvc3R5bGU+CjxkaXYgaWQ9IkhlYWRlcktleXdvcmQiPgo8c3Bhbj7ms6jnm67jga7jgq3jg7zjg6/jg7zjg4k8L3NwYW4+Cj4+5paH5oi/5YW3Cj4+44OQ44OD44KwCj4+44GK6LKh5biDCj4+44K544OM44O844OU44O8Cgo8L2Rpdj4=,44OJ44Op44GI44KC44KTIOODqeODs+ODgeW3vuedgCDjg57jg4Hku5jjgY3lt77nnYDooosgSSZyc3F1bzttIERvcmFlbW9uIOOBsuOBv+OBpOmBk+WFtyAg44K144Oz44Oq44KqIOOCueODouODvOODq+ODl+ODqeODjeODg+ODiCAxOCZ0aW1lczsyNyZ0aW1lczs5Y20g44GK5byB5b2T566x6KKLIOOCreODo+ODqeOCr+OCv+ODvOOCsOODg+OCuumAmuiyqSDjgJDjg6Hjg7zjg6vkvr/lj6/jgJHjgJDjgYLjgZnmpb3jgJHjgrfjg43jg57jgrPjg6zjgq/jgrfjg6fjg7PvvJrjgq3jg6Pjg6njgq/jgr/jg7zjga7jgrfjg43jg57jgrPjg6zjgq/jgrfjg6fjg7M=,44Kt44Oj44Op44Kv44K/44O844Kt44Oj44Op44Kv44K/44O844Kw44OD44K644Kt44Oj44Op44Kv44K/44O86ZuR6LKo6ZuR6LKo44K144Oz44Oq44Kq44OH44Kj44K644OL44O844KG44KL44Kt44Oj44Op44Of44OD44Kt44O844Kt44OG44Kj44GP44G+44Oi44Oz44Ov44Oz44OU44O844K544Ki44OL44Oh44Ki44OL44Oh44Kw44OD44K644K/44Kq44Or5paH5YW35paH5oi/5YW344Kk44Oz44OG44Oq44Ki55Sf5rS76ZuR6LKo44Kt44OD44K65a2Q44Gp44KC44OJ44Op44GI44KC44KTIOODqeODs+ODgeW3vuedgCDjg57jg4Hku5jjgY3lt77nnYDooosgSSZyc3F1bzttIERvcmFlbW9uIOOBsuOBv+OBpOmBk+WFtyAg44K144Oz44Oq44KqIOOCueODouODvOODq+ODl+ODqeODjeODg+ODiCAxOCZ0aW1lczsyNyZ0aW1lczs5Y20g44GK5byB5b2T566x6KKLIOOCreODo+ODqeOCr+OCv+ODvOOCsOODg+OCuumAmuiyqSDjgJDjg6Hjg7zjg6vkvr/lj6/jgJHjgJDjgYLjgZnmpb3jgJHjgrfjg43jg57jgrPjg6zjgq/jgrfjg6fjg7M=,44OJ44Op44GI44KC44KTIOODqeODs+ODgeW3vuedgCDjg57jg4Hku5jjgY3lt77nnYDooosgSSZyc3F1bzttIERvcmFlbW9uIOOBsuOBv+OBpOmBk+WFtyAg44K144Oz44Oq44KqIOOCueODouODvOODq+ODl+ODqeODjeODg+ODiCAxOCZ0aW1lczsyNyZ0aW1lczs5Y20g44GK5byB5b2T566x6KKLIOOCreODo+ODqeOCr+OCv+ODvOOCsOODg+OCuumAmuiyqSDjgJDjg6Hjg7zjg6vkvr/lj6/jgJHjgJDjgYLjgZnmpb3jgJHjgrfjg43jg57jgrPjg6zjgq/jgrfjg6fjg7M=[rn]
30-32944,aHR0cDovL3RzaG9wLnIxMHMuanAvY2luZW1hY29sbGVjdGlvbi9jYWJpbmV0L3IyMDE3MDMyMS9zbS1zcmtuMTA0Ny5qcGc/Zml0aW49NzAwOjcwMA==,Njg3LjIwMDA=,,44Kt44OD44K644O744OZ44OT44O844O744Oe44K/44OL44OG44KjID4g44Kt44OD44K6ID4g6ZuR6LKo44O75bCP54mp77yI44GK5byB5b2T44Kw44OD44K644O744K/44Kq44Or44O75paH5YW36aGe77yJID4g5a2Q5L6b55So44GK5byB5b2T6KKL,44K144Oz44Oq44Kq44Kt44Oj44Op44Kv44K/44O844K6IOODqeODs+ODgeW3vuedgCDjg57jg4Hku5jjgY3lt77nnYDooosg44GO44Gj44GX44KKICDjgrXjg7Pjg6rjgqog44K544Oi44O844Or44OX44Op44ON44OD44OIIDE4w5cyN8OXOWNtIOOBiuW8geW9k+euseiiiyDjgq3jg6Pjg6njgq/jgr/jg7zjgrDjg4PjgrrpgJrosqkg44CQ44Oh44O844Or5L6/5Y+v44CR44CQ44GC44GZ5qW944CR44K344ON44Oe44Kz44Os44Kv44K344On44Oz,,PGNlbnRlcj48YSBocmVmPSJodHRwOi8vd3d3LnJha3V0ZW4ubmUuanAvZ29sZC9jaW5lbWFjb2xsZWN0aW9uL2Fuc3dlci5odG1sI2MxcTMiIHRhcmdldD0iX25ldyI+PGltZyB3aWR0aD0iNzUwIiBib3JkZXI9IjAiIHNyYz0iaHR0cDovL2ltYWdlLnJha3V0ZW4uY28uanAvY2luZW1hY29sbGVjdGlvbi9jYWJpbmV0L3ItbWFpbDU4MC5qcGciIGhlaWdodD0iNTAiIHZzcGFjZT0iNSI+PC9hPjwvY2VudGVyPjxicj48YnI+44K144Oz44Oq44Kq44Kt44Oj44Op44Kv44K/44O844K6IOODqeODs+ODgeW3vuedgCDjg57jg4Hku5jjgY3lt77nnYDooosg44GO44Gj44GX44KKICDjgrXjg7Pjg6rjgqog44K544Oi44O844Or44OX44Op44ON44OD44OIIDE4w5cyN8OXOWNtIOOBiuW8geW9k+euseiiiyDjgq3jg6Pjg6njgq/jgr/jg7zjgrDjg4PjgrrpgJrosqkg44CQ44Oh44O844Or5L6/5Y+v44CR44CQ44GC44GZ5qW944CR44K344ON44Oe44Kz44Os44Kv44K344On44OzPEJSPjxCUj48IS0tIOKYheOBiuawl+OBq+WFpeOCii0tPjxkaXYgY2xhc3M9IncyODAtYyI+PGRpdiBjbGFzcz0iY2VudGVyLW0tMGEiPjxpbWcgY2xhc3M9Iml0ZW0tb2tpLWJuIiBhbHQ9IuOCreODo+ODqeOCr+OCv+ODvOOCsOODg+OCuumAmuiyqeOCt+ODjeODnuOCs+ODrOOCr+OCt+ODp+ODs+OBruOBiuawl+OBq+WFpeOCiuODquOCueODiOOCkueiuuiqjeOBmeOCiyIgc3JjPSJodHRwOi8vaW1hZ2UucmFrdXRlbi5jby5qcC9jaW5lbWFjb2xsZWN0aW9uL2NhYmluZXQvb2tpLTIuZ2lmIj48L2Rpdj48L2Rpdj48IS0tIOKYheOBiuawl+OBq+WFpeOCiuOCs+OCs+OBvuOBpy0tPjwhLS3imIXliYrpmaTkuI3lj68tLT48L3NwYW4+PC90ZD48L3RyPjwvdGFibGU+PGJyPjwvdGQ+PC90cj48L3RhYmxlPjxicj48dGFibGUgY2VsbHBhZGRpbmc9IjAiIGJvcmRlcj0iMCI+PHRyPjx0ZD48dGFibGUgY2VsbHBhZGRpbmc9IjAiIGJvcmRlcj0iMCI+PHRyPjx0ZD48c3Bhbj48IS0t6Zai6YCj5qSc57Si44Kt44O844Ov44O844OJLS0+PGRpdiBzdHlsZT0id2lkdGg6MTAwJTt0ZXh0LWFsaWduOiBjZW50ZXIiPjxoMyBzdHlsZT0iY29sb3I6IzdmN2Y3ZjsiPue0hDljbeOBruW6leODnuODgeOBp+OBhOOCjeOCk+OBquOBiuW8geW9k+euseOChOWwj+eJqeOBjOWFpeOCi+KZqjxicj48IS0t4piFSy0tPuihjOalvS/pgaDotrMv44GK5byB5b2T44Kw44OD44K6L+ODqeODs+ODgeeUqOWTgS/lsI/lrabnlJ88L2gzPjxpbWcgc3R5bGU9Im1hcmdpbjoxNXB4IDAgMTBweCAwO3dpZHRoOjEwMCUgO2JvcmRlcjpub25lOyIgYWx0PSLjgq3jg6Pjg6njgq/jgr/jg7zjgrDjg4PjgrrlsILploDlupcv44K344ON44Oe44Kz44Os44Kv44K344On44OzL+WVhuWTgeips+e0sCIgc3JjPSJodHRwOi8vd3d3LnJha3V0ZW4ubmUuanAvZ29sZC9jaW5lbWFjb2xsZWN0aW9uL2JuL2l0ZW0tYm4wMS5naWYiIC8+PGRpdiBzdHlsZT0iY29sb3I6IzdmN2Y3Zjt3aWR0aDo5MCU7bWFyZ2luOjAgYXV0bzsjZWZlZmVmIHNvbGlkIDFweDtwYWRkaW5nOjEwcHg7dGV4dC1hbGlnbjogbGVmdDsiPuWkp+S6uuawl+OCteODs+ODquOCquOCreODo+ODqeOCr+OCv+ODvOOCuuOBruWPr+aEm+OCieOBl+OBhOaWsOS9nOODqeODs+ODgeOCsOODg+OCuuOBjOeZu+WgtCEhPGJyPuOBk+OBoeOCieOBr+WumueVquS6uuawl+OCouOCpOODhuODoOOAkOODnuODgeS7mOOBjUxVTkNI5be+552A44CRPGJyPuW6leOBq+ODnuODgeOBjDljbeS7mOOBhOOBpuOBhOOCi+OBruOBp+OBiuW8geW9k+euseOCkuWFpeOCjOOCi+OBruOBq+OBtOOBo+OBn+OCiuKZqjxicj7jgbvjgYvjgavjgoLoibLjgpPjgarjgq3jg6Pjg6njgq/jgr/jg7zjgYLjgovjgYvjgonjgYrmsJfjgavlhaXjgoropovjgaTjgZHjgabjga3imIY8YnI+PGJyPuKWoOOCteOCpOOCuu+8mue0hDI3MMOXMTgww5c5MG1tPGJyPuKWoOe0oOadkO+8muOCs+ODg+ODiOODszEwMO+8he+8iOe0kO+8ieODneODquOCqOOCueODhuODqzxCUj48QlI+4pag44Kr44Op44O8IDxCUj48QlI+PC9kaXY+PC9kaXY+PGRpdiBzdHlsZT0id2lkdGg6MTAwJTt0ZXh0LWFsaWduOiBjZW50ZXI7Ij48aW1nIHN0eWxlPSJtYXJnaW46MTVweCAwIDEwcHggMDt3aWR0aDoxMDAlIDtib3JkZXI6bm9uZTsiIGFsdD0i44Kt44Oj44Op44Kv44K/44O844Kw44OD44K65bCC6ZaA5bqXL+OCt+ODjeODnuOCs+ODrOOCr+OCt+ODp+ODsy/oqbPntLDnlLvlg48iIHNyYz0iaHR0cDovL3d3dy5yYWt1dGVuLm5lLmpwL2dvbGQvY2luZW1hY29sbGVjdGlvbi9ibi9pdGVtLWJuMDIuZ2lmIiAvPjxkaXYgc3R5bGU9IndpZHRoOjEwMCU7bWFyZ2luOjAgYXV0bzsiPjxpbWcgc3R5bGU9IndpZHRoOjI2MHB4O21hcmdpbjoycHg7Ym9yZGVyOm5vbmU7IiBzcmM9Imh0dHA6Ly9pbWFnZS5yYWt1dGVuLmNvLmpwL2NpbmVtYWNvbGxlY3Rpb24vY2FiaW5ldC9yMjAxNzAzMjEvc20tc3JrbjEwNDcuanBnIj48aW1nIHN0eWxlPSJ3aWR0aDoyNjBweDttYXJnaW46MnB4O2JvcmRlcjpub25lOyIgc3JjPSJodHRwOi8vaW1hZ2UucmFrdXRlbi5jby5qcC9jaW5lbWFjb2xsZWN0aW9uL2NhYmluZXQvcjIwMTcwMzIxL3NtLXNya24xMDQ3XzIuanBnIj48aW1nIHN0eWxlPSJ3aWR0aDoyNjBweDttYXJnaW46MnB4O2JvcmRlcjpub25lOyIgc3JjPSJodHRwOi8vaW1hZ2UucmFrdXRlbi5jby5qcC9jaW5lbWFjb2xsZWN0aW9uL2NhYmluZXQvcjIwMTcwMzIxL3NtLXNya24xMDQ3XzMuanBnIj48L2Rpdj48L2Rpdj48IS0t6Zai6YCj5qSc57Si44Kt44O844Ov44O844OJLS0+PGRpdiBjbGFzcz0ia2FucmVuLWxpbmsiPuOBk+OBruOCq+ODhuOCtOODquOBq+OBr+OBk+OCk+OBquWVhuWTgeOBjOWQq+OBvuOCjOOBpuOBhOOBvuOBmTxicj48YnI+PHNwYW4gY2xhc3M9ImthbnJlbi1saW5rIj7jgq3jg4Pjg4Hjg7Ppm5HosqjjgJDjg6njg7Pjg4Hlt77nnYDjgJE8L3NwYW4+PC9kaXY+PCEtLeKYheOCs+OCs+OBvuOBpy0tPjwhLS3plqLpgKPmpJzntKLjgq3jg7zjg6/jg7zjg4ktLT48ZGl2IGNsYXNzPSJrYW5yZW4tbGluayI+44GT44KM44KS6KaL44Gf5Lq644Gv44GT44KT44Gq44Kt44O844Ov44O844OJ44Gn5qSc57Si44GX44Gm44GE44G+44GZPGJyPjxicj48c3BhbiBjbGFzcz0ia2FucmVuLWxpbmsiPuOCreODo+ODqeOCr+OCv+ODvCDlt77nnYA8L3NwYW4+PHNwYW4gY2xhc3M9ImthbnJlbi1saW5rIj7jgYrlvIHlvZMg5be+552APC9zcGFuPjxzcGFuIGNsYXNzPSJrYW5yZW4tbGluayI+44GK5byB5b2T5YyF44G/PC9zcGFuPjxzcGFuIGNsYXNzPSJrYW5yZW4tbGluayI+44Op44Oz44OB44Kv44Ot44K5PC9zcGFuPjxzcGFuIGNsYXNzPSJrYW5yZW4tbGluayI+44Kt44Oj44Op44Kv44K/44O8IOOBiuW8geW9k+eusTwvc3Bhbj48c3BhbiBjbGFzcz0ia2FucmVuLWxpbmsiPuOBiuW8geW9k+eusTwvc3Bhbj48c3BhbiBjbGFzcz0ia2FucmVuLWxpbmsiPuODqeODs+ODgSDjgrDjg4Pjgro8L3NwYW4+PHNwYW4gY2xhc3M9ImthbnJlbi1saW5rIj7jg6njg7Pjg4Eg55So5ZOBPC9zcGFuPjxzcGFuIGNsYXNzPSJrYW5yZW4tbGluayI+44Kt44Oj44Op44Kv44K/44O8IOW8geW9kzwvc3Bhbj48c3BhbiBjbGFzcz0ia2FucmVuLWxpbmsiPuawtOetkjwvc3Bhbj48L2Rpdj48IS0t4piF44Kz44Kz44G+44GnLS0+PCEtLTU2MDAtLT4KCjwvVEQ+PC9UUj48L1RBQkxFPjxicj48YnI+CgoKPCEtLeaWsOedgCAtLT4KCjxpbWcgc3R5bGU9IndpZHRoOjgwMHB4O21hcmdpbjowIDAgMTBweCAwO2JvcmRlcjpub25lOyIgc3JjPSJodHRwOi8vaW1hZ2UucmFrdXRlbi5jby5qcC9jaW5lbWFjb2xsZWN0aW9uL2NhYmluZXQvc2luLmdpZiI+PGJyPgo8ZGl2IHN0eWxlPSJ3aWR0aDo3NTBweDttYXJnaW46IDAgYXV0bztwYWRkaW5nOjE1cHg7dGV4dC1hbGlnbjpyaWdodDtmb250LXdlaWdodDpib2xkO2ZvbnQtc2l6ZToxOHB4OyI+Pj7mlrDnnYDmg4XloLHjga7jgaTjgaXjgY3jga/jgZPjgaHjgok8L2Rpdj4KPGJyPgo8ZGl2IHN0eWxlPSJ3aWR0aDo3NTBweDttYXJnaW46IDAgYXV0bztwYWRkaW5nOjE1cHg7dGV4dC1hbGlnbjpyaWdodDtmb250LXdlaWdodDpib2xkO2ZvbnQtc2l6ZToxOHB4OyI+Pj7mlrDnnYDmg4XloLHjga7jgaTjgaXjgY3jga/jgZPjgaHjgok8L2Rpdj4KCgoKCgoKPGltZyBzdHlsZT0id2lkdGg6ODAwcHg7bWFyZ2luOjAgMCAxMHB4IDA7Ym9yZGVyOm5vbmU7IiBzcmM9Imh0dHA6Ly9pbWFnZS5yYWt1dGVuLmNvLmpwL2NpbmVtYWNvbGxlY3Rpb24vY2FiaW5ldC9jYXIuZ2lmIj48YnI+Cjx0YWJsZSB3aWR0aD0iODAwIj48dHI+PHRkIHdpZHRoPSI4MDAiIGFsaWduPSJyaWdodCI+4oeS44GZ44G544Gm44Gu44Kt44Oj44Op44Kv44K/44O844Gv44GT44Gh44KJPC90ZD48L3RyPjx0cj48dGQ+PGJyPjxicj4KCjxicj48YnI+CjwvdGQ+PC90cj48L3RhYmxlPjxicj48YnI+CgoKPGltZyBzdHlsZT0id2lkdGg6ODAwcHg7bWFyZ2luOjAgMCAxMHB4IDA7Ym9yZGVyOm5vbmU7IiBzcmM9Imh0dHA6Ly9pbWFnZS5yYWt1dGVuLmNvLmpwL2NpbmVtYWNvbGxlY3Rpb24vY2FiaW5ldC9jYXQuZ2lmIj48YnI+CjwvY2VudGVyPgoKCjwhLS0gLS0+Cgo8c3R5bGU+Ci8q6LK344GE54mp44Kr44K044Oc44K/44OzKi8KI3Jha3V0ZW5MaW1pdGVkSWRfYXJvdW5kQ2FydCBpbnB1dCB7Cgl3aWR0aDogMjgwcHg7CgloZWlnaHQ6IDE1MHB4OwoJYmFja2dyb3VuZDp1cmwoaHR0cDovL2ltYWdlLnJha3V0ZW4uY28uanAvY2luZW1hY29sbGVjdGlvbi9jYWJpbmV0L2NhcnQuZ2lmKSAjZmZmZmZmIG5vLXJlcGVhdDsKCW92ZXJmbG93OiBoaWRkZW47Cglib3JkZXItd2lkdGg6IDBweDsKCWN1cnNvcjogcG9pbnRlciAhaW1wb3J0YW50OwoJdGV4dC1pbmRlbnQ6IDE1MCU7Cgl3aGl0ZS1zcGFjZTogbm93cmFwOwoJbWFyZ2luOiA1cHggMCAwIDA7CglkaXNwbGF5OmJsb2NrOwp9CgojcmFrdXRlbkxpbWl0ZWRJZF9hcm91bmRDYXJ0IC5pbnZlbnRvcnkgaW5wdXQgewoJYmFja2dyb3VuZDpub25lICFpbXBvcnRhbnQ7Cgl3aWR0aDogMmVtIWltcG9ydGFudDsKCWhlaWdodDogMS4yZW0haW1wb3J0YW50OwoJZGlzcGxheTppbmxpbmU7Cn0KCgovKuWAi+aVsOODhuOCreOCueODiCovCiNyYWt1dGVuTGltaXRlZElkX2Fyb3VuZENhcnQgLnVuaXQgewoJZm9udC1zaXplOjE2cHg7Cn0KCi8q5YCL5pWw5YWl5YqbKi8KI3Jha3V0ZW5MaW1pdGVkSWRfYXJvdW5kQ2FydCBpbnB1dCN1bml0cyB7Cglib3JkZXI6c29saWQgI2NjYyAxcHg7CgliYWNrZ3JvdW5kOiNmZmYhaW1wb3J0YW50OwoJd2lkdGg6MzBweDsKCWhlaWdodDozMHB4OwoJY3Vyc29yOmF1dG87CglwYWRkaW5nOjdweCA3cHggN3B4IDNweDsKCXRleHQtaW5kZW50OiAwcHg7CglvdmVyZmxvdzogaGlkZGVuOwoJZGlzcGxheTppbmxpbmU7Cglmb250LXNpemU6MTZweDsKfQoKLyrjgYrllY/jgYTlkIjjgo/jgZvjg5zjgr/jg7MqLwojcmFrdXRlbkxpbWl0ZWRJZF9hcm91bmRDYXJ0IGZvbnQgaW5wdXQgewoJd2lkdGg6IDI4MHB4OwoJaGVpZ2h0OiA4MHB4OwoJYmFja2dyb3VuZDp1cmwoaHR0cDovL2ltYWdlLnJha3V0ZW4uY28uanAvY2luZW1hY29sbGVjdGlvbi9jYWJpbmV0L3RvaS5naWYpICNmZmZmZmYgbm8tcmVwZWF0OwoJb3ZlcmZsb3c6IGhpZGRlbjsKCWJvcmRlci13aWR0aDogMHB4OwoJY3Vyc29yOiBwb2ludGVyICFpbXBvcnRhbnQ7Cgl0ZXh0LWluZGVudDogMTUwJTsKCXdoaXRlLXNwYWNlOiBub3dyYXA7CgltYXJnaW46IDVweCAwIDAgMDsKCWRpc3BsYXk6YmxvY2s7Cn0KCiNzZXJ2aWNlVGFibGVTbWwgLmZhdm9yaXRlIHsKCWRpc3BsYXk6YmxvY2s7Cgl3aWR0aDogMjgwcHg7Cn0KCiNzZXJ2aWNlVGFibGVTbWwgLmZhdm9yaXRlIC5ib29rbWFya0FyZWEgZGl2ewoJd2lkdGg6IDI4MHB4IWltcG9ydGFudDsKfQoKI3NlcnZpY2VUYWJsZVNtbCAuZmF2b3JpdGUgLmJrbSBhIHsKCXdpZHRoOiAyODBweCFpbXBvcnRhbnQ7CgloZWlnaHQ6IDMwMHB4IWltcG9ydGFudDsKCWJhY2tncm91bmQ6dXJsKGh0dHA6Ly9pbWFnZS5yYWt1dGVuLmNvLmpwL2NpbmVtYWNvbGxlY3Rpb24vY2FiaW5ldC9va2kuZ2lmKSAjZmZmZmZmIG5vLXJlcGVhdDsKCW92ZXJmbG93OiBoaWRkZW47Cglib3JkZXItd2lkdGg6IDBweDsKCWN1cnNvcjogcG9pbnRlciAhaW1wb3J0YW50OwoJdGV4dC1pbmRlbnQ6LTE1MCU7CgltYXJnaW46IDVweCAwIDAgMDsKCWRpc3BsYXk6YmxvY2s7Cn0KCgovKuOBiuawl+OBq+WFpeOCiiovCgpkaXYudzI4MC1jICB7d2lkdGg6MjgwcHg7dGV4dC1hbGlnbjogY2VudGVyO30KZGl2LmNlbnRlci1tLTBhICB7bWFyZ2luOjAgYXV0bzt9Ci5pdGVtLW9raS1ibiAge3dpZHRoOjI4MHB4O21hcmdpbjoycHggMDtib3JkZXI6bm9uZTt9Ci5pdGVtLWlmcmFtZSAge21hcmdpbjowcHg7Ym9yZGVyOjBweDt9CgpkaXYua2FucmVuLWxpbmsge2NvbG9yOiM3ZjdmN2Y7d2lkdGg6OTAlO21hcmdpbjoyMHB4IGF1dG87cGFkZGluZzoyMHB4O3RleHQtYWxpZ246IGxlZnQ7Zm9udC1zaXplOjEuMmVtO2JhY2tncm91bmQtY29sb3I6I2ZmZmZmZjtib3JkZXI6ZG90dGVkIDJweCAjZmY4MDMzO30Kc3Bhbi5rYW5yZW4tbGluayB7bWFyZ2luOjEwcHggO3BhZGRpbmc6IDAgMCAwIDAuNWVtO2ZvbnQtc2l6ZToxLjJlbTsKYmFja2dyb3VuZDp1cmwoaHR0cDovL2ltYWdlLnJha3V0ZW4uY28uanAvbW0tcG9wL2NhYmluZXQvbGluay1oZWFkLXBrLmdpZikgbm8tcmVwZWF0IDAgMC40NWVtOwp9CmE6bGluayBrYW5yZW4tbGlua3tmb250LXNpemU6MS4yZW07IGNvbG9yOiMzMzgwZmY7dGV4dC1kZWNvcmF0aW9uOm5vbmU7fQoKPC9zdHlsZT4KCgoKCjwhLS0gCjxzeWxlIHR5cGU9InRleHQvY3NzIj4KIGh0bWwsYm9keXsgb3ZlcmZsb3cteDpoaWRkZW47IH0KCmE6bGluayB7Y29sb3I6IzMzODBmZjt9CmE6dmlzaXRlZCB7Y29sb3I6IzY2Njt9CmE6aG92ZXIge2NvbG9yOiMzMzM7fQphOmFjdGl2ZSB7Y29sb3I6IzMzMzt9CmF7dGV4dC1kZWNvcmF0aW9uOm5vbmU7fQppbWcge2JvcmRlcjpub25lOyB2ZXJ0aWNhbC1hbGlnbjpib3R0b207fQpwIHttYXJnaW46MDsgcGFkZGluZzowOyBmb250LXNpemU6ODAlO30KcC5yZXNpemVpbWFnZSBpbWcgeyB3aWR0aDogOTglOyB9CnAucmVzaXplaW1hZ2UyIGltZyB7IHdpZHRoOiA5MCU7IH0KYTpob3ZlciBpbWcge29wYWNpdHk6IDAuNjsgZmlsdGVyOiBhbHBoYShvcGFjaXR5PTYwKTsgLW1vei1vcGFjaXR5OiAwLjY7fQoKCmltZy50b3BibnttYXJnaW46MTBweCAwO2JvcmRlcjpub25lO30KZGl2LmRpc2MzIHt3aWR0aDoxMDAlO21hcmdpbjogMCBhdXRvO3BhZGRpbmc6MTVweDtiYWNrZ3JvdW5kOiNlZmVmZWY7dGV4dC1hbGlnbjpsZWZ0O2ZvbnQtd2VpZ2h0OmJvbGQ7Zm9udC1zaXplOjE4cHg7fQoKIDwvc3R5bGU+Ci0tPgoKCjxzdHlsZSB0eXBlPSJ0ZXh0L2NzcyI+CjwhLS0KCmRpdiNIZWFkZXJLZXl3b3JkIHsKCXBvc2l0aW9uOmFic29sdXRlOwoJdG9wOjYwcHg7LyrkuIDnlarkuIrjgYvjgonjga7kvY3nva4qLwoJbGVmdDo2MHB4Oy8q5bem56uv44GL44KJ44Gu5L2N572uKi8KfQoKZGl2I0hlYWRlcktleXdvcmQgc3BhbiB7CgliYWNrZ3JvdW5kOiAjYmYwMDAwOwoJY29sb3I6I2ZmZjsKCWZvbnQtd2VpZ2h0OmJvbGQ7CglwYWRkaW5nOjJweCA1cHg7Cn0KCmRpdiNIZWFkZXJLZXl3b3JkIGEgewoJY29sb3I6IzAwNDRDQzsKfQoKLS0+Cjwvc3R5bGU+CjxkaXYgaWQ9IkhlYWRlcktleXdvcmQiPgo8c3Bhbj7ms6jnm67jga7jgq3jg7zjg6/jg7zjg4k8L3NwYW4+Cj4+5paH5oi/5YW3Cj4+44OQ44OD44KwCj4+44GK6LKh5biDCj4+44K544OM44O844OU44O8Cgo8L2Rpdj4=,44K144Oz44Oq44Kq44Kt44Oj44Op44Kv44K/44O844K6IOODqeODs+ODgeW3vuedgCDjg57jg4Hku5jjgY3lt77nnYDooosg44GO44Gj44GX44KKICDjgrXjg7Pjg6rjgqog44K544Oi44O844Or44OX44Op44ON44OD44OIIDE4JnRpbWVzOzI3JnRpbWVzOzljbSDjgYrlvIHlvZPnrrHooosg44Kt44Oj44Op44Kv44K/44O844Kw44OD44K66YCa6LKpIOOAkOODoeODvOODq+S+v+WPr+OAkeOAkOOBguOBmealveOAkeOCt+ODjeODnuOCs+ODrOOCr+OCt+ODp+ODs++8muOCreODo+ODqeOCr+OCv+ODvOOBruOCt+ODjeODnuOCs+ODrOOCr+OCt+ODp+ODsw==,44Kt44Oj44Op44Kv44K/44O844Kt44Oj44Op44Kv44K/44O844Kw44OD44K644Kt44Oj44Op44Kv44K/44O86ZuR6LKo6ZuR6LKo44K144Oz44Oq44Kq44OH44Kj44K644OL44O844KG44KL44Kt44Oj44Op44Of44OD44Kt44O844Kt44OG44Kj44GP44G+44Oi44Oz44Ov44Oz44OU44O844K544Ki44OL44Oh44Ki44OL44Oh44Kw44OD44K644K/44Kq44Or5paH5YW35paH5oi/5YW344Kk44Oz44OG44Oq44Ki55Sf5rS76ZuR6LKo44Kt44OD44K65a2Q44Gp44KC44K144Oz44Oq44Kq44Kt44Oj44Op44Kv44K/44O844K6IOODqeODs+ODgeW3vuedgCDjg57jg4Hku5jjgY3lt77nnYDooosg44GO44Gj44GX44KKICDjgrXjg7Pjg6rjgqog44K544Oi44O844Or44OX44Op44ON44OD44OIIDE4JnRpbWVzOzI3JnRpbWVzOzljbSDjgYrlvIHlvZPnrrHooosg44Kt44Oj44Op44Kv44K/44O844Kw44OD44K66YCa6LKpIOOAkOODoeODvOODq+S+v+WPr+OAkeOAkOOBguOBmealveOAkeOCt+ODjeODnuOCs+ODrOOCr+OCt+ODp+ODsw==,44K144Oz44Oq44Kq44Kt44Oj44Op44Kv44K/44O844K6IOODqeODs+ODgeW3vuedgCDjg57jg4Hku5jjgY3lt77nnYDooosg44GO44Gj44GX44KKICDjgrXjg7Pjg6rjgqog44K544Oi44O844Or44OX44Op44ON44OD44OIIDE4JnRpbWVzOzI3JnRpbWVzOzljbSDjgYrlvIHlvZPnrrHooosg44Kt44Oj44Op44Kv44K/44O844Kw44OD44K66YCa6LKpIOOAkOODoeODvOODq+S+v+WPr+OAkeOAkOOBguOBmealveOAkeOCt+ODjeODnuOCs+ODrOOCr+OCt+ODp+ODsw==[rn]
30-32945,aHR0cDovL3RzaG9wLnIxMHMuanAvY2luZW1hY29sbGVjdGlvbi9jYWJpbmV0L3IyMDE3MDMyMS9zbS1zcmtuMTA0Ni5qcGc/Zml0aW49NzAwOjcwMA==,Njg3LjIwMDA=,,44Kt44OD44K644O744OZ44OT44O844O744Oe44K/44OL44OG44KjID4g44Kt44OD44K6ID4g6ZuR6LKo44O75bCP54mp77yI44GK5byB5b2T44Kw44OD44K644O744K/44Kq44Or44O75paH5YW36aGe77yJID4g5a2Q5L6b55So44GK5byB5b2T6KKL,44K144Oz44Oq44Kq44Kt44Oj44Op44Kv44K/44O844K6IOODqeODs+ODgeW3vuedgCDjg57jg4Hku5jjgY3lt77nnYDooosg44GK6I+T5a2QICDjgrXjg7Pjg6rjgqog44K544Oi44O844Or44OX44Op44ON44OD44OIIDE4w5cyN8OXOWNtIOOBiuW8geW9k+euseiiiyDjgq3jg6Pjg6njgq/jgr/jg7zjgrDjg4PjgrrpgJrosqkg44CQ44Oh44O844Or5L6/5Y+v44CR44CQ44GC44GZ5qW944CR44K344ON44Oe44Kz44Os44Kv44K344On44Oz,,PGNlbnRlcj48YSBocmVmPSJodHRwOi8vd3d3LnJha3V0ZW4ubmUuanAvZ29sZC9jaW5lbWFjb2xsZWN0aW9uL2Fuc3dlci5odG1sI2MxcTMiIHRhcmdldD0iX25ldyI+PGltZyB3aWR0aD0iNzUwIiBib3JkZXI9IjAiIHNyYz0iaHR0cDovL2ltYWdlLnJha3V0ZW4uY28uanAvY2luZW1hY29sbGVjdGlvbi9jYWJpbmV0L3ItbWFpbDU4MC5qcGciIGhlaWdodD0iNTAiIHZzcGFjZT0iNSI+PC9hPjwvY2VudGVyPjxicj48YnI+44K144Oz44Oq44Kq44Kt44Oj44Op44Kv44K/44O844K6IOODqeODs+ODgeW3vuedgCDjg57jg4Hku5jjgY3lt77nnYDooosg44GK6I+T5a2QICDjgrXjg7Pjg6rjgqog44K544Oi44O844Or44OX44Op44ON44OD44OIIDE4w5cyN8OXOWNtIOOBiuW8geW9k+euseiiiyDjgq3jg6Pjg6njgq/jgr/jg7zjgrDjg4PjgrrpgJrosqkg44CQ44Oh44O844Or5L6/5Y+v44CR44CQ44GC44GZ5qW944CR44K344ON44Oe44Kz44Os44Kv44K344On44OzPEJSPjxCUj48IS0tIOKYheOBiuawl+OBq+WFpeOCii0tPjxkaXYgY2xhc3M9IncyODAtYyI+PGRpdiBjbGFzcz0iY2VudGVyLW0tMGEiPjxpbWcgY2xhc3M9Iml0ZW0tb2tpLWJuIiBhbHQ9IuOCreODo+ODqeOCr+OCv+ODvOOCsOODg+OCuumAmuiyqeOCt+ODjeODnuOCs+ODrOOCr+OCt+ODp+ODs+OBruOBiuawl+OBq+WFpeOCiuODquOCueODiOOCkueiuuiqjeOBmeOCiyIgc3JjPSJodHRwOi8vaW1hZ2UucmFrdXRlbi5jby5qcC9jaW5lbWFjb2xsZWN0aW9uL2NhYmluZXQvb2tpLTIuZ2lmIj48L2Rpdj48L2Rpdj48IS0tIOKYheOBiuawl+OBq+WFpeOCiuOCs+OCs+OBvuOBpy0tPjwhLS3imIXliYrpmaTkuI3lj68tLT48L3NwYW4+PC90ZD48L3RyPjwvdGFibGU+PGJyPjwvdGQ+PC90cj48L3RhYmxlPjxicj48dGFibGUgY2VsbHBhZGRpbmc9IjAiIGJvcmRlcj0iMCI+PHRyPjx0ZD48dGFibGUgY2VsbHBhZGRpbmc9IjAiIGJvcmRlcj0iMCI+PHRyPjx0ZD48c3Bhbj48IS0t6Zai6YCj5qSc57Si44Kt44O844Ov44O844OJLS0+PGRpdiBzdHlsZT0id2lkdGg6MTAwJTt0ZXh0LWFsaWduOiBjZW50ZXIiPjxoMyBzdHlsZT0iY29sb3I6IzdmN2Y3ZjsiPue0hDljbeOBruW6leODnuODgeOBp+OBhOOCjeOCk+OBquOBiuW8geW9k+euseOChOWwj+eJqeOBjOWFpeOCi+KZqjxicj48IS0t4piFSy0tPuS+v+WIqS/jgYvjgo/jgYTjgYQv5aWz44Gu5a2QL+Wwj+WtpueUny/jg6njg7Pjg4HjgrDjg4Pjgro8L2gzPjxpbWcgc3R5bGU9Im1hcmdpbjoxNXB4IDAgMTBweCAwO3dpZHRoOjEwMCUgO2JvcmRlcjpub25lOyIgYWx0PSLjgq3jg6Pjg6njgq/jgr/jg7zjgrDjg4PjgrrlsILploDlupcv44K344ON44Oe44Kz44Os44Kv44K344On44OzL+WVhuWTgeips+e0sCIgc3JjPSJodHRwOi8vd3d3LnJha3V0ZW4ubmUuanAvZ29sZC9jaW5lbWFjb2xsZWN0aW9uL2JuL2l0ZW0tYm4wMS5naWYiIC8+PGRpdiBzdHlsZT0iY29sb3I6IzdmN2Y3Zjt3aWR0aDo5MCU7bWFyZ2luOjAgYXV0bzsjZWZlZmVmIHNvbGlkIDFweDtwYWRkaW5nOjEwcHg7dGV4dC1hbGlnbjogbGVmdDsiPuWkp+S6uuawl+OCteODs+ODquOCquOCreODo+ODqeOCr+OCv+ODvOOCuuOBruWPr+aEm+OCieOBl+OBhOaWsOS9nOODqeODs+ODgeOCsOODg+OCuuOBjOeZu+WgtCEhPGJyPuOBk+OBoeOCieOBr+WumueVquS6uuawl+OCouOCpOODhuODoOOAkOODnuODgeS7mOOBjUxVTkNI5be+552A44CRPGJyPuW6leOBq+ODnuODgeOBjDljbeS7mOOBhOOBpuOBhOOCi+OBruOBp+OBiuW8geW9k+euseOCkuWFpeOCjOOCi+OBruOBq+OBtOOBo+OBn+OCiuKZqjxicj7jgbvjgYvjgavjgoLoibLjgpPjgarjgq3jg6Pjg6njgq/jgr/jg7zjgYLjgovjgYvjgonjgYrmsJfjgavlhaXjgoropovjgaTjgZHjgabjga3imIY8YnI+PGJyPuKWoOOCteOCpOOCuu+8mue0hDI3MMOXMTgww5c5MG1tPGJyPuKWoOe0oOadkO+8muOCs+ODg+ODiOODszEwMO+8he+8iOe0kO+8ieODneODquOCqOOCueODhuODqzxCUj48QlI+4pag44Kr44Op44O8IOODlOODs+OCr+ezu++8iOODleODpeODvOOCt+ODo+ODlOODs+OCr+ODu+ODqeOCpOODiOODlOODs+OCr++8iTxCUj48QlI+PC9kaXY+PC9kaXY+PGRpdiBzdHlsZT0id2lkdGg6MTAwJTt0ZXh0LWFsaWduOiBjZW50ZXI7Ij48aW1nIHN0eWxlPSJtYXJnaW46MTVweCAwIDEwcHggMDt3aWR0aDoxMDAlIDtib3JkZXI6bm9uZTsiIGFsdD0i44Kt44Oj44Op44Kv44K/44O844Kw44OD44K65bCC6ZaA5bqXL+OCt+ODjeODnuOCs+ODrOOCr+OCt+ODp+ODsy/oqbPntLDnlLvlg48iIHNyYz0iaHR0cDovL3d3dy5yYWt1dGVuLm5lLmpwL2dvbGQvY2luZW1hY29sbGVjdGlvbi9ibi9pdGVtLWJuMDIuZ2lmIiAvPjxkaXYgc3R5bGU9IndpZHRoOjEwMCU7bWFyZ2luOjAgYXV0bzsiPjxpbWcgc3R5bGU9IndpZHRoOjI2MHB4O21hcmdpbjoycHg7Ym9yZGVyOm5vbmU7IiBzcmM9Imh0dHA6Ly9pbWFnZS5yYWt1dGVuLmNvLmpwL2NpbmVtYWNvbGxlY3Rpb24vY2FiaW5ldC9yMjAxNzAzMjEvc20tc3JrbjEwNDYuanBnIj48aW1nIHN0eWxlPSJ3aWR0aDoyNjBweDttYXJnaW46MnB4O2JvcmRlcjpub25lOyIgc3JjPSJodHRwOi8vaW1hZ2UucmFrdXRlbi5jby5qcC9jaW5lbWFjb2xsZWN0aW9uL2NhYmluZXQvcjIwMTcwMzIxL3NtLXNya24xMDQ2XzIuanBnIj48aW1nIHN0eWxlPSJ3aWR0aDoyNjBweDttYXJnaW46MnB4O2JvcmRlcjpub25lOyIgc3JjPSJodHRwOi8vaW1hZ2UucmFrdXRlbi5jby5qcC9jaW5lbWFjb2xsZWN0aW9uL2NhYmluZXQvcjIwMTcwMzIxL3NtLXNya24xMDQ2XzMuanBnIj48L2Rpdj48L2Rpdj48IS0t6Zai6YCj5qSc57Si44Kt44O844Ov44O844OJLS0+PGRpdiBjbGFzcz0ia2FucmVuLWxpbmsiPuOBk+OBruOCq+ODhuOCtOODquOBq+OBr+OBk+OCk+OBquWVhuWTgeOBjOWQq+OBvuOCjOOBpuOBhOOBvuOBmTxicj48YnI+PHNwYW4gY2xhc3M9ImthbnJlbi1saW5rIj7jgq3jg4Pjg4Hjg7Ppm5HosqjjgJDjg6njg7Pjg4Hlt77nnYDjgJE8L3NwYW4+PC9kaXY+PCEtLeKYheOCs+OCs+OBvuOBpy0tPjwhLS3plqLpgKPmpJzntKLjgq3jg7zjg6/jg7zjg4ktLT48ZGl2IGNsYXNzPSJrYW5yZW4tbGluayI+44GT44KM44KS6KaL44Gf5Lq644Gv44GT44KT44Gq44Kt44O844Ov44O844OJ44Gn5qSc57Si44GX44Gm44GE44G+44GZPGJyPjxicj48c3BhbiBjbGFzcz0ia2FucmVuLWxpbmsiPuOCreODo+ODqeOCr+OCv+ODvCDlt77nnYA8L3NwYW4+PHNwYW4gY2xhc3M9ImthbnJlbi1saW5rIj7jgYrlvIHlvZMg5be+552APC9zcGFuPjxzcGFuIGNsYXNzPSJrYW5yZW4tbGluayI+44GK5byB5b2T5YyF44G/PC9zcGFuPjxzcGFuIGNsYXNzPSJrYW5yZW4tbGluayI+44Op44Oz44OB44Kv44Ot44K5PC9zcGFuPjxzcGFuIGNsYXNzPSJrYW5yZW4tbGluayI+44Kt44Oj44Op44Kv44K/44O8IOOBiuW8geW9k+eusTwvc3Bhbj48c3BhbiBjbGFzcz0ia2FucmVuLWxpbmsiPuOBiuW8geW9k+eusTwvc3Bhbj48c3BhbiBjbGFzcz0ia2FucmVuLWxpbmsiPuODqeODs+ODgSDjgrDjg4Pjgro8L3NwYW4+PHNwYW4gY2xhc3M9ImthbnJlbi1saW5rIj7jg6njg7Pjg4Eg55So5ZOBPC9zcGFuPjxzcGFuIGNsYXNzPSJrYW5yZW4tbGluayI+44Kt44Oj44Op44Kv44K/44O8IOW8geW9kzwvc3Bhbj48c3BhbiBjbGFzcz0ia2FucmVuLWxpbmsiPuawtOetkjwvc3Bhbj48L2Rpdj48IS0t4piF44Kz44Kz44G+44GnLS0+PCEtLTU2MDAtLT4KCjwvVEQ+PC9UUj48L1RBQkxFPjxicj48YnI+CgoKPCEtLeaWsOedgCAtLT4KCjxpbWcgc3R5bGU9IndpZHRoOjgwMHB4O21hcmdpbjowIDAgMTBweCAwO2JvcmRlcjpub25lOyIgc3JjPSJodHRwOi8vaW1hZ2UucmFrdXRlbi5jby5qcC9jaW5lbWFjb2xsZWN0aW9uL2NhYmluZXQvc2luLmdpZiI+PGJyPgo8ZGl2IHN0eWxlPSJ3aWR0aDo3NTBweDttYXJnaW46IDAgYXV0bztwYWRkaW5nOjE1cHg7dGV4dC1hbGlnbjpyaWdodDtmb250LXdlaWdodDpib2xkO2ZvbnQtc2l6ZToxOHB4OyI+Pj7mlrDnnYDmg4XloLHjga7jgaTjgaXjgY3jga/jgZPjgaHjgok8L2Rpdj4KPGJyPgo8ZGl2IHN0eWxlPSJ3aWR0aDo3NTBweDttYXJnaW46IDAgYXV0bztwYWRkaW5nOjE1cHg7dGV4dC1hbGlnbjpyaWdodDtmb250LXdlaWdodDpib2xkO2ZvbnQtc2l6ZToxOHB4OyI+Pj7mlrDnnYDmg4XloLHjga7jgaTjgaXjgY3jga/jgZPjgaHjgok8L2Rpdj4KCgoKCgoKPGltZyBzdHlsZT0id2lkdGg6ODAwcHg7bWFyZ2luOjAgMCAxMHB4IDA7Ym9yZGVyOm5vbmU7IiBzcmM9Imh0dHA6Ly9pbWFnZS5yYWt1dGVuLmNvLmpwL2NpbmVtYWNvbGxlY3Rpb24vY2FiaW5ldC9jYXIuZ2lmIj48YnI+Cjx0YWJsZSB3aWR0aD0iODAwIj48dHI+PHRkIHdpZHRoPSI4MDAiIGFsaWduPSJyaWdodCI+4oeS44GZ44G544Gm44Gu44Kt44Oj44Op44Kv44K/44O844Gv44GT44Gh44KJPC90ZD48L3RyPjx0cj48dGQ+PGJyPjxicj4KCjxicj48YnI+CjwvdGQ+PC90cj48L3RhYmxlPjxicj48YnI+CgoKPGltZyBzdHlsZT0id2lkdGg6ODAwcHg7bWFyZ2luOjAgMCAxMHB4IDA7Ym9yZGVyOm5vbmU7IiBzcmM9Imh0dHA6Ly9pbWFnZS5yYWt1dGVuLmNvLmpwL2NpbmVtYWNvbGxlY3Rpb24vY2FiaW5ldC9jYXQuZ2lmIj48YnI+CjwvY2VudGVyPgoKCjwhLS0gLS0+Cgo8c3R5bGU+Ci8q6LK344GE54mp44Kr44K044Oc44K/44OzKi8KI3Jha3V0ZW5MaW1pdGVkSWRfYXJvdW5kQ2FydCBpbnB1dCB7Cgl3aWR0aDogMjgwcHg7CgloZWlnaHQ6IDE1MHB4OwoJYmFja2dyb3VuZDp1cmwoaHR0cDovL2ltYWdlLnJha3V0ZW4uY28uanAvY2luZW1hY29sbGVjdGlvbi9jYWJpbmV0L2NhcnQuZ2lmKSAjZmZmZmZmIG5vLXJlcGVhdDsKCW92ZXJmbG93OiBoaWRkZW47Cglib3JkZXItd2lkdGg6IDBweDsKCWN1cnNvcjogcG9pbnRlciAhaW1wb3J0YW50OwoJdGV4dC1pbmRlbnQ6IDE1MCU7Cgl3aGl0ZS1zcGFjZTogbm93cmFwOwoJbWFyZ2luOiA1cHggMCAwIDA7CglkaXNwbGF5OmJsb2NrOwp9CgojcmFrdXRlbkxpbWl0ZWRJZF9hcm91bmRDYXJ0IC5pbnZlbnRvcnkgaW5wdXQgewoJYmFja2dyb3VuZDpub25lICFpbXBvcnRhbnQ7Cgl3aWR0aDogMmVtIWltcG9ydGFudDsKCWhlaWdodDogMS4yZW0haW1wb3J0YW50OwoJZGlzcGxheTppbmxpbmU7Cn0KCgovKuWAi+aVsOODhuOCreOCueODiCovCiNyYWt1dGVuTGltaXRlZElkX2Fyb3VuZENhcnQgLnVuaXQgewoJZm9udC1zaXplOjE2cHg7Cn0KCi8q5YCL5pWw5YWl5YqbKi8KI3Jha3V0ZW5MaW1pdGVkSWRfYXJvdW5kQ2FydCBpbnB1dCN1bml0cyB7Cglib3JkZXI6c29saWQgI2NjYyAxcHg7CgliYWNrZ3JvdW5kOiNmZmYhaW1wb3J0YW50OwoJd2lkdGg6MzBweDsKCWhlaWdodDozMHB4OwoJY3Vyc29yOmF1dG87CglwYWRkaW5nOjdweCA3cHggN3B4IDNweDsKCXRleHQtaW5kZW50OiAwcHg7CglvdmVyZmxvdzogaGlkZGVuOwoJZGlzcGxheTppbmxpbmU7Cglmb250LXNpemU6MTZweDsKfQoKLyrjgYrllY/jgYTlkIjjgo/jgZvjg5zjgr/jg7MqLwojcmFrdXRlbkxpbWl0ZWRJZF9hcm91bmRDYXJ0IGZvbnQgaW5wdXQgewoJd2lkdGg6IDI4MHB4OwoJaGVpZ2h0OiA4MHB4OwoJYmFja2dyb3VuZDp1cmwoaHR0cDovL2ltYWdlLnJha3V0ZW4uY28uanAvY2luZW1hY29sbGVjdGlvbi9jYWJpbmV0L3RvaS5naWYpICNmZmZmZmYgbm8tcmVwZWF0OwoJb3ZlcmZsb3c6IGhpZGRlbjsKCWJvcmRlci13aWR0aDogMHB4OwoJY3Vyc29yOiBwb2ludGVyICFpbXBvcnRhbnQ7Cgl0ZXh0LWluZGVudDogMTUwJTsKCXdoaXRlLXNwYWNlOiBub3dyYXA7CgltYXJnaW46IDVweCAwIDAgMDsKCWRpc3BsYXk6YmxvY2s7Cn0KCiNzZXJ2aWNlVGFibGVTbWwgLmZhdm9yaXRlIHsKCWRpc3BsYXk6YmxvY2s7Cgl3aWR0aDogMjgwcHg7Cn0KCiNzZXJ2aWNlVGFibGVTbWwgLmZhdm9yaXRlIC5ib29rbWFya0FyZWEgZGl2ewoJd2lkdGg6IDI4MHB4IWltcG9ydGFudDsKfQoKI3NlcnZpY2VUYWJsZVNtbCAuZmF2b3JpdGUgLmJrbSBhIHsKCXdpZHRoOiAyODBweCFpbXBvcnRhbnQ7CgloZWlnaHQ6IDMwMHB4IWltcG9ydGFudDsKCWJhY2tncm91bmQ6dXJsKGh0dHA6Ly9pbWFnZS5yYWt1dGVuLmNvLmpwL2NpbmVtYWNvbGxlY3Rpb24vY2FiaW5ldC9va2kuZ2lmKSAjZmZmZmZmIG5vLXJlcGVhdDsKCW92ZXJmbG93OiBoaWRkZW47Cglib3JkZXItd2lkdGg6IDBweDsKCWN1cnNvcjogcG9pbnRlciAhaW1wb3J0YW50OwoJdGV4dC1pbmRlbnQ6LTE1MCU7CgltYXJnaW46IDVweCAwIDAgMDsKCWRpc3BsYXk6YmxvY2s7Cn0KCgovKuOBiuawl+OBq+WFpeOCiiovCgpkaXYudzI4MC1jICB7d2lkdGg6MjgwcHg7dGV4dC1hbGlnbjogY2VudGVyO30KZGl2LmNlbnRlci1tLTBhICB7bWFyZ2luOjAgYXV0bzt9Ci5pdGVtLW9raS1ibiAge3dpZHRoOjI4MHB4O21hcmdpbjoycHggMDtib3JkZXI6bm9uZTt9Ci5pdGVtLWlmcmFtZSAge21hcmdpbjowcHg7Ym9yZGVyOjBweDt9CgpkaXYua2FucmVuLWxpbmsge2NvbG9yOiM3ZjdmN2Y7d2lkdGg6OTAlO21hcmdpbjoyMHB4IGF1dG87cGFkZGluZzoyMHB4O3RleHQtYWxpZ246IGxlZnQ7Zm9udC1zaXplOjEuMmVtO2JhY2tncm91bmQtY29sb3I6I2ZmZmZmZjtib3JkZXI6ZG90dGVkIDJweCAjZmY4MDMzO30Kc3Bhbi5rYW5yZW4tbGluayB7bWFyZ2luOjEwcHggO3BhZGRpbmc6IDAgMCAwIDAuNWVtO2ZvbnQtc2l6ZToxLjJlbTsKYmFja2dyb3VuZDp1cmwoaHR0cDovL2ltYWdlLnJha3V0ZW4uY28uanAvbW0tcG9wL2NhYmluZXQvbGluay1oZWFkLXBrLmdpZikgbm8tcmVwZWF0IDAgMC40NWVtOwp9CmE6bGluayBrYW5yZW4tbGlua3tmb250LXNpemU6MS4yZW07IGNvbG9yOiMzMzgwZmY7dGV4dC1kZWNvcmF0aW9uOm5vbmU7fQoKPC9zdHlsZT4KCgoKCjwhLS0gCjxzeWxlIHR5cGU9InRleHQvY3NzIj4KIGh0bWwsYm9keXsgb3ZlcmZsb3cteDpoaWRkZW47IH0KCmE6bGluayB7Y29sb3I6IzMzODBmZjt9CmE6dmlzaXRlZCB7Y29sb3I6IzY2Njt9CmE6aG92ZXIge2NvbG9yOiMzMzM7fQphOmFjdGl2ZSB7Y29sb3I6IzMzMzt9CmF7dGV4dC1kZWNvcmF0aW9uOm5vbmU7fQppbWcge2JvcmRlcjpub25lOyB2ZXJ0aWNhbC1hbGlnbjpib3R0b207fQpwIHttYXJnaW46MDsgcGFkZGluZzowOyBmb250LXNpemU6ODAlO30KcC5yZXNpemVpbWFnZSBpbWcgeyB3aWR0aDogOTglOyB9CnAucmVzaXplaW1hZ2UyIGltZyB7IHdpZHRoOiA5MCU7IH0KYTpob3ZlciBpbWcge29wYWNpdHk6IDAuNjsgZmlsdGVyOiBhbHBoYShvcGFjaXR5PTYwKTsgLW1vei1vcGFjaXR5OiAwLjY7fQoKCmltZy50b3BibnttYXJnaW46MTBweCAwO2JvcmRlcjpub25lO30KZGl2LmRpc2MzIHt3aWR0aDoxMDAlO21hcmdpbjogMCBhdXRvO3BhZGRpbmc6MTVweDtiYWNrZ3JvdW5kOiNlZmVmZWY7dGV4dC1hbGlnbjpsZWZ0O2ZvbnQtd2VpZ2h0OmJvbGQ7Zm9udC1zaXplOjE4cHg7fQoKIDwvc3R5bGU+Ci0tPgoKCjxzdHlsZSB0eXBlPSJ0ZXh0L2NzcyI+CjwhLS0KCmRpdiNIZWFkZXJLZXl3b3JkIHsKCXBvc2l0aW9uOmFic29sdXRlOwoJdG9wOjYwcHg7LyrkuIDnlarkuIrjgYvjgonjga7kvY3nva4qLwoJbGVmdDo2MHB4Oy8q5bem56uv44GL44KJ44Gu5L2N572uKi8KfQoKZGl2I0hlYWRlcktleXdvcmQgc3BhbiB7CgliYWNrZ3JvdW5kOiAjYmYwMDAwOwoJY29sb3I6I2ZmZjsKCWZvbnQtd2VpZ2h0OmJvbGQ7CglwYWRkaW5nOjJweCA1cHg7Cn0KCmRpdiNIZWFkZXJLZXl3b3JkIGEgewoJY29sb3I6IzAwNDRDQzsKfQoKLS0+Cjwvc3R5bGU+CjxkaXYgaWQ9IkhlYWRlcktleXdvcmQiPgo8c3Bhbj7ms6jnm67jga7jgq3jg7zjg6/jg7zjg4k8L3NwYW4+Cj4+5paH5oi/5YW3Cj4+44OQ44OD44KwCj4+44GK6LKh5biDCj4+44K544OM44O844OU44O8Cgo8L2Rpdj4=,44K144Oz44Oq44Kq44Kt44Oj44Op44Kv44K/44O844K6IOODqeODs+ODgeW3vuedgCDjg57jg4Hku5jjgY3lt77nnYDooosg44GK6I+T5a2QICDjgrXjg7Pjg6rjgqog44K544Oi44O844Or44OX44Op44ON44OD44OIIDE4JnRpbWVzOzI3JnRpbWVzOzljbSDjgYrlvIHlvZPnrrHooosg44Kt44Oj44Op44Kv44K/44O844Kw44OD44K66YCa6LKpIOOAkOODoeODvOODq+S+v+WPr+OAkeOAkOOBguOBmealveOAkeOCt+ODjeODnuOCs+ODrOOCr+OCt+ODp+ODs++8muOCreODo+ODqeOCr+OCv+ODvOOBruOCt+ODjeODnuOCs+ODrOOCr+OCt+ODp+ODsw==,44Kt44Oj44Op44Kv44K/44O844Kt44Oj44Op44Kv44K/44O844Kw44OD44K644Kt44Oj44Op44Kv44K/44O86ZuR6LKo6ZuR6LKo44K144Oz44Oq44Kq44OH44Kj44K644OL44O844KG44KL44Kt44Oj44Op44Of44OD44Kt44O844Kt44OG44Kj44GP44G+44Oi44Oz44Ov44Oz44OU44O844K544Ki44OL44Oh44Ki44OL44Oh44Kw44OD44K644K/44Kq44Or5paH5YW35paH5oi/5YW344Kk44Oz44OG44Oq44Ki55Sf5rS76ZuR6LKo44Kt44OD44K65a2Q44Gp44KC44K144Oz44Oq44Kq44Kt44Oj44Op44Kv44K/44O844K6IOODqeODs+ODgeW3vuedgCDjg57jg4Hku5jjgY3lt77nnYDooosg44GK6I+T5a2QICDjgrXjg7Pjg6rjgqog44K544Oi44O844Or44OX44Op44ON44OD44OIIDE4JnRpbWVzOzI3JnRpbWVzOzljbSDjgYrlvIHlvZPnrrHooosg44Kt44Oj44Op44Kv44K/44O844Kw44OD44K66YCa6LKpIOOAkOODoeODvOODq+S+v+WPr+OAkeOAkOOBguOBmealveOAkeOCt+ODjeODnuOCs+ODrOOCr+OCt+ODp+ODsw==,44K144Oz44Oq44Kq44Kt44Oj44Op44Kv44K/44O844K6IOODqeODs+ODgeW3vuedgCDjg57jg4Hku5jjgY3lt77nnYDooosg44GK6I+T5a2QICDjgrXjg7Pjg6rjgqog44K544Oi44O844Or44OX44Op44ON44OD44OIIDE4JnRpbWVzOzI3JnRpbWVzOzljbSDjgYrlvIHlvZPnrrHooosg44Kt44Oj44Op44Kv44K/44O844Kw44OD44K66YCa6LKpIOOAkOODoeODvOODq+S+v+WPr+OAkeOAkOOBguOBmealveOAkeOCt+ODjeODnuOCs+ODrOOCr+OCt+ODp+ODsw==[rn]
30-32946,aHR0cDovL3RzaG9wLnIxMHMuanAvY2luZW1hY29sbGVjdGlvbi9jYWJpbmV0L3IyMDE3MDMyMS9zbS1reWtuNDYxLTYyLmpwZz9maXRpbj03MDA6NzAw,Njg3LjIwMDA=,,44Kt44OD44K644O744OZ44OT44O844O744Oe44K/44OL44OG44KjID4g44Kt44OD44K6ID4g6ZuR6LKo44O75bCP54mp77yI44GK5byB5b2T44Kw44OD44K644O744K/44Kq44Or44O75paH5YW36aGe77yJID4g5a2Q5L6b55So44GK5byB5b2T6KKL,44Kv44Os44Oo44Oz44GX44KT44Gh44KD44KTIOODqeODs+ODgeW3vuedgCDjg57jg4Hku5jjgY3lt77nnYDooosgMjAxN1NTICDjgrnjg6Ljg7zjg6vjg5fjg6njg43jg4Pjg4ggMTjDlzI3w5c5Y20g44GK5byB5b2T566x6KKLIOOCouODi+ODoeOCreODo+ODqeOCr+OCv+ODvOOCsOODg+OCuumAmuiyqSDjgJDjg6Hjg7zjg6vkvr/lj6/jgJHjgJDjgYLjgZnmpb3jgJHjgrfjg43jg57jgrPjg6zjgq/jgrfjg6fjg7M=,,PGNlbnRlcj48YSBocmVmPSJodHRwOi8vd3d3LnJha3V0ZW4ubmUuanAvZ29sZC9jaW5lbWFjb2xsZWN0aW9uL2Fuc3dlci5odG1sI2MxcTMiIHRhcmdldD0iX25ldyI+PGltZyB3aWR0aD0iNzUwIiBib3JkZXI9IjAiIHNyYz0iaHR0cDovL2ltYWdlLnJha3V0ZW4uY28uanAvY2luZW1hY29sbGVjdGlvbi9jYWJpbmV0L3ItbWFpbDU4MC5qcGciIGhlaWdodD0iNTAiIHZzcGFjZT0iNSI+PC9hPjwvY2VudGVyPjxicj48YnI+44Kv44Os44Oo44Oz44GX44KT44Gh44KD44KTIOODqeODs+ODgeW3vuedgCDjg57jg4Hku5jjgY3lt77nnYDooosgMjAxN1NTICDjgrnjg6Ljg7zjg6vjg5fjg6njg43jg4Pjg4ggMTjDlzI3w5c5Y20g44GK5byB5b2T566x6KKLIOOCouODi+ODoeOCreODo+ODqeOCr+OCv+ODvOOCsOODg+OCuumAmuiyqSDjgJDjg6Hjg7zjg6vkvr/lj6/jgJHjgJDjgYLjgZnmpb3jgJHjgrfjg43jg57jgrPjg6zjgq/jgrfjg6fjg7M8QlI+PEJSPjwhLS0g4piF44GK5rCX44Gr5YWl44KKLS0+PGRpdiBjbGFzcz0idzI4MC1jIj48ZGl2IGNsYXNzPSJjZW50ZXItbS0wYSI+PGltZyBjbGFzcz0iaXRlbS1va2ktYm4iIGFsdD0i44Kt44Oj44Op44Kv44K/44O844Kw44OD44K66YCa6LKp44K344ON44Oe44Kz44Os44Kv44K344On44Oz44Gu44GK5rCX44Gr5YWl44KK44Oq44K544OI44KS56K66KqN44GZ44KLIiBzcmM9Imh0dHA6Ly9pbWFnZS5yYWt1dGVuLmNvLmpwL2NpbmVtYWNvbGxlY3Rpb24vY2FiaW5ldC9va2ktMi5naWYiPjwvZGl2PjwvZGl2PjwhLS0g4piF44GK5rCX44Gr5YWl44KK44Kz44Kz44G+44GnLS0+PCEtLeKYheWJiumZpOS4jeWPry0tPjwvc3Bhbj48L3RkPjwvdHI+PC90YWJsZT48YnI+PC90ZD48L3RyPjwvdGFibGU+PGJyPjx0YWJsZSBjZWxscGFkZGluZz0iMCIgYm9yZGVyPSIwIj48dHI+PHRkPjx0YWJsZSBjZWxscGFkZGluZz0iMCIgYm9yZGVyPSIwIj48dHI+PHRkPjxzcGFuPjwhLS3plqLpgKPmpJzntKLjgq3jg7zjg6/jg7zjg4ktLT48ZGl2IHN0eWxlPSJ3aWR0aDoxMDAlO3RleHQtYWxpZ246IGNlbnRlciI+PGgzIHN0eWxlPSJjb2xvcjojN2Y3ZjdmOyI+57SEOWNt44Gu5bqV44Oe44OB44Gn44GE44KN44KT44Gq44GK5byB5b2T566x44KE5bCP54mp44GM5YWl44KL4pmqPGJyPjwhLS3imIVLLS0+6KGM5qW9L+mBoOi2sy/jgYrlvIHlvZPjgrDjg4Pjgrov44Op44Oz44OB55So5ZOBL+Wwj+WtpueUnzwvaDM+PGltZyBzdHlsZT0ibWFyZ2luOjE1cHggMCAxMHB4IDA7d2lkdGg6MTAwJSA7Ym9yZGVyOm5vbmU7IiBhbHQ9IuOCreODo+ODqeOCr+OCv+ODvOOCsOODg+OCuuWwgumWgOW6ly/jgrfjg43jg57jgrPjg6zjgq/jgrfjg6fjg7Mv5ZWG5ZOB6Kmz57SwIiBzcmM9Imh0dHA6Ly93d3cucmFrdXRlbi5uZS5qcC9nb2xkL2NpbmVtYWNvbGxlY3Rpb24vYm4vaXRlbS1ibjAxLmdpZiIgLz48ZGl2IHN0eWxlPSJjb2xvcjojN2Y3ZjdmO3dpZHRoOjkwJTttYXJnaW46MCBhdXRvOyNlZmVmZWYgc29saWQgMXB4O3BhZGRpbmc6MTBweDt0ZXh0LWFsaWduOiBsZWZ0OyI+5aSn5Lq65rCX44Ki44OL44Oh44CQ44Kv44Os44Oo44Oz44GX44KT44Gh44KD44KT44CR44Gu5Y+v5oSb44KJ44GX44GE5paw5L2c44Op44Oz44OB44Kw44OD44K644GM55m75aC0ISE8YnI+44GT44Gh44KJ44Gv5a6a55Wq5Lq65rCX44Ki44Kk44OG44Og44CQ44Oe44OB5LuY44GNTFVOQ0jlt77nnYDjgJE8YnI+5bqV44Gr44Oe44OB44GMOWNt5LuY44GE44Gm44GE44KL44Gu44Gn44GK5byB5b2T566x44KS5YWl44KM44KL44Gu44Gr44G044Gj44Gf44KK4pmqPGJyPuOBu+OBi+OBq+OCguiJsuOCk+OBquOCreODo+ODqeOCr+OCv+ODvOOBguOCi+OBi+OCieOBiuawl+OBq+WFpeOCiuimi+OBpOOBkeOBpuOBreKYhjxicj48YnI+4pag44K144Kk44K677ya57SEMjcww5cxODDDlzkwbW08YnI+4pag57Sg5p2Q77ya44Kz44OD44OI44OzMTAw77yF77yI57SQ77yJ44Od44Oq44Ko44K544OG44OrPEJSPjxCUj7ilqDjgqvjg6njg7wg44Kv44Oq44O844Og57O777yI55m944O76JaE44GE44Kk44Ko44Ot44O877yJOuOCsOODquODvOODs+ezu++8iOe3ke+8iTxCUj48QlI+PC9kaXY+PC9kaXY+PGRpdiBzdHlsZT0id2lkdGg6MTAwJTt0ZXh0LWFsaWduOiBjZW50ZXI7Ij48aW1nIHN0eWxlPSJtYXJnaW46MTVweCAwIDEwcHggMDt3aWR0aDoxMDAlIDtib3JkZXI6bm9uZTsiIGFsdD0i44Kt44Oj44Op44Kv44K/44O844Kw44OD44K65bCC6ZaA5bqXL+OCt+ODjeODnuOCs+ODrOOCr+OCt+ODp+ODsy/oqbPntLDnlLvlg48iIHNyYz0iaHR0cDovL3d3dy5yYWt1dGVuLm5lLmpwL2dvbGQvY2luZW1hY29sbGVjdGlvbi9ibi9pdGVtLWJuMDIuZ2lmIiAvPjxkaXYgc3R5bGU9IndpZHRoOjEwMCU7bWFyZ2luOjAgYXV0bzsiPjxpbWcgc3R5bGU9IndpZHRoOjI2MHB4O21hcmdpbjoycHg7Ym9yZGVyOm5vbmU7IiBzcmM9Imh0dHA6Ly9pbWFnZS5yYWt1dGVuLmNvLmpwL2NpbmVtYWNvbGxlY3Rpb24vY2FiaW5ldC9yMjAxNzAzMjEvc20ta3lrbjQ2MS02Mi5qcGciPjxpbWcgc3R5bGU9IndpZHRoOjI2MHB4O21hcmdpbjoycHg7Ym9yZGVyOm5vbmU7IiBzcmM9Imh0dHA6Ly9pbWFnZS5yYWt1dGVuLmNvLmpwL2NpbmVtYWNvbGxlY3Rpb24vY2FiaW5ldC9yMjAxNzAzMjEvc20ta3lrbjQ2MS02Ml8yLmpwZyI+PGltZyBzdHlsZT0id2lkdGg6MjYwcHg7bWFyZ2luOjJweDtib3JkZXI6bm9uZTsiIHNyYz0iaHR0cDovL2ltYWdlLnJha3V0ZW4uY28uanAvY2luZW1hY29sbGVjdGlvbi9jYWJpbmV0L3IyMDE3MDMyMS9zbS1reWtuNDYxLTYyXzMuanBnIj48aW1nIHN0eWxlPSJ3aWR0aDoyNjBweDttYXJnaW46MnB4O2JvcmRlcjpub25lOyIgc3JjPSJodHRwOi8vaW1hZ2UucmFrdXRlbi5jby5qcC9jaW5lbWFjb2xsZWN0aW9uL2NhYmluZXQvcjIwMTcwMzIxL3NtLWt5a240NjEtNjJfNC5qcGciPjxpbWcgc3R5bGU9IndpZHRoOjI2MHB4O21hcmdpbjoycHg7Ym9yZGVyOm5vbmU7IiBzcmM9Imh0dHA6Ly9pbWFnZS5yYWt1dGVuLmNvLmpwL2NpbmVtYWNvbGxlY3Rpb24vY2FiaW5ldC9yMjAxNzAzMjEvc20ta3lrbjQ2MS02Ml81LmpwZyI+PC9kaXY+PC9kaXY+PGRpdiBzdHlsZT0id2lkdGg6MTAwJTt0ZXh0LWFsaWduOiBjZW50ZXI7Ij48aW1nIHN0eWxlPSJtYXJnaW46MTVweCAwIDEwcHggMDt3aWR0aDoxMDAlIDtib3JkZXI6bm9uZTsiIGFsdD0i44Kt44Oj44Op44Kv44K/44O844Kw44OD44K65bCC6ZaA5bqXL+OCt+ODjeODnuOCs+ODrOOCr+OCt+ODp+ODsy/oqbPntLDnlLvlg48iIHNyYz0iaHR0cDovL3d3dy5yYWt1dGVuLm5lLmpwL2dvbGQvY2luZW1hY29sbGVjdGlvbi9ibi9pdGVtLWJuMDMuZ2lmIiAvPjxkaXYgc3R5bGU9IndpZHRoOjUwJTt0b3A6NzVweDtmbG9hdDpsZWZ0O3RleHQtYWxpZ246IGxlZnQ7Ij7jgJDjgq/jg6zjg6jjg7PjgZfjgpPjgaHjgoPjgpPjgJHku5bjga7nqK7poZ7jga/jgZPjgaHjgonjgYvjgokgJmd0OyZndDs8L2Rpdj48ZGl2IHN0eWxlPSJ3aWR0aDo1MCU7ZmxvYXQ6bGVmdDt0ZXh0LWFsaWduOnJpZ2h0OyI+PGltZyBzdHlsZT0id2lkdGg6MjUwcHg7Ym9yZGVyOm5vbmU7IiBzcmM9Imh0dHA6Ly9pbWFnZS5yYWt1dGVuLmNvLmpwL2NpbmVtYWNvbGxlY3Rpb24vY2FiaW5ldC8wMDJsYm4vdG9wbGIyMDEuanBnIj48L2Rpdj48ZGl2IHN0eWxlPSJjbGVhcjpib3RoOyI+PC9kaXY+PC9kaXY+PCEtLemWoumAo+aknOe0ouOCreODvOODr+ODvOODiS0tPjxkaXYgY2xhc3M9ImthbnJlbi1saW5rIj7jgZPjga7jgqvjg4bjgrTjg6rjgavjga/jgZPjgpPjgarllYblk4HjgYzlkKvjgb7jgozjgabjgYTjgb7jgZk8YnI+PGJyPjxzcGFuIGNsYXNzPSJrYW5yZW4tbGluayI+44Kt44OD44OB44Oz6ZuR6LKo44CQ44Op44Oz44OB5be+552A44CRPC9zcGFuPjwvZGl2PjwhLS3imIXjgrPjgrPjgb7jgactLT48IS0t6Zai6YCj5qSc57Si44Kt44O844Ov44O844OJLS0+PGRpdiBjbGFzcz0ia2FucmVuLWxpbmsiPuOBk+OCjOOCkuimi+OBn+S6uuOBr+OBk+OCk+OBquOCreODvOODr+ODvOODieOBp+aknOe0ouOBl+OBpuOBhOOBvuOBmTxicj48YnI+PHNwYW4gY2xhc3M9ImthbnJlbi1saW5rIj7jgq3jg6Pjg6njgq/jgr/jg7wg5be+552APC9zcGFuPjxzcGFuIGNsYXNzPSJrYW5yZW4tbGluayI+44GK5byB5b2TIOW3vuedgDwvc3Bhbj48c3BhbiBjbGFzcz0ia2FucmVuLWxpbmsiPuOBiuW8geW9k+WMheOBvzwvc3Bhbj48c3BhbiBjbGFzcz0ia2FucmVuLWxpbmsiPuODqeODs+ODgeOCr+ODreOCuTwvc3Bhbj48c3BhbiBjbGFzcz0ia2FucmVuLWxpbmsiPuOCreODo+ODqeOCr+OCv+ODvCDjgYrlvIHlvZPnrrE8L3NwYW4+PHNwYW4gY2xhc3M9ImthbnJlbi1saW5rIj7jgYrlvIHlvZPnrrE8L3NwYW4+PHNwYW4gY2xhc3M9ImthbnJlbi1saW5rIj7jg6njg7Pjg4Eg44Kw44OD44K6PC9zcGFuPjxzcGFuIGNsYXNzPSJrYW5yZW4tbGluayI+44Op44Oz44OBIOeUqOWTgTwvc3Bhbj48c3BhbiBjbGFzcz0ia2FucmVuLWxpbmsiPuOCreODo+ODqeOCr+OCv+ODvCDlvIHlvZM8L3NwYW4+PHNwYW4gY2xhc3M9ImthbnJlbi1saW5rIj7msLTnrZI8L3NwYW4+PC9kaXY+PCEtLeKYheOCs+OCs+OBvuOBpy0tPjwhLS01NjAwLS0+Cgo8L1REPjwvVFI+PC9UQUJMRT48YnI+PGJyPgoKCjwhLS3mlrDnnYAgLS0+Cgo8aW1nIHN0eWxlPSJ3aWR0aDo4MDBweDttYXJnaW46MCAwIDEwcHggMDtib3JkZXI6bm9uZTsiIHNyYz0iaHR0cDovL2ltYWdlLnJha3V0ZW4uY28uanAvY2luZW1hY29sbGVjdGlvbi9jYWJpbmV0L3Npbi5naWYiPjxicj4KPGRpdiBzdHlsZT0id2lkdGg6NzUwcHg7bWFyZ2luOiAwIGF1dG87cGFkZGluZzoxNXB4O3RleHQtYWxpZ246cmlnaHQ7Zm9udC13ZWlnaHQ6Ym9sZDtmb250LXNpemU6MThweDsiPj4+5paw552A5oOF5aCx44Gu44Gk44Gl44GN44Gv44GT44Gh44KJPC9kaXY+Cjxicj4KPGRpdiBzdHlsZT0id2lkdGg6NzUwcHg7bWFyZ2luOiAwIGF1dG87cGFkZGluZzoxNXB4O3RleHQtYWxpZ246cmlnaHQ7Zm9udC13ZWlnaHQ6Ym9sZDtmb250LXNpemU6MThweDsiPj4+5paw552A5oOF5aCx44Gu44Gk44Gl44GN44Gv44GT44Gh44KJPC9kaXY+CgoKCgoKCjxpbWcgc3R5bGU9IndpZHRoOjgwMHB4O21hcmdpbjowIDAgMTBweCAwO2JvcmRlcjpub25lOyIgc3JjPSJodHRwOi8vaW1hZ2UucmFrdXRlbi5jby5qcC9jaW5lbWFjb2xsZWN0aW9uL2NhYmluZXQvY2FyLmdpZiI+PGJyPgo8dGFibGUgd2lkdGg9IjgwMCI+PHRyPjx0ZCB3aWR0aD0iODAwIiBhbGlnbj0icmlnaHQiPuKHkuOBmeOBueOBpuOBruOCreODo+ODqeOCr+OCv+ODvOOBr+OBk+OBoeOCiTwvdGQ+PC90cj48dHI+PHRkPjxicj48YnI+Cgo8YnI+PGJyPgo8L3RkPjwvdHI+PC90YWJsZT48YnI+PGJyPgoKCjxpbWcgc3R5bGU9IndpZHRoOjgwMHB4O21hcmdpbjowIDAgMTBweCAwO2JvcmRlcjpub25lOyIgc3JjPSJodHRwOi8vaW1hZ2UucmFrdXRlbi5jby5qcC9jaW5lbWFjb2xsZWN0aW9uL2NhYmluZXQvY2F0LmdpZiI+PGJyPgo8L2NlbnRlcj4KCgo8IS0tIC0tPgoKPHN0eWxlPgovKuiyt+OBhOeJqeOCq+OCtOODnOOCv+ODsyovCiNyYWt1dGVuTGltaXRlZElkX2Fyb3VuZENhcnQgaW5wdXQgewoJd2lkdGg6IDI4MHB4OwoJaGVpZ2h0OiAxNTBweDsKCWJhY2tncm91bmQ6dXJsKGh0dHA6Ly9pbWFnZS5yYWt1dGVuLmNvLmpwL2NpbmVtYWNvbGxlY3Rpb24vY2FiaW5ldC9jYXJ0LmdpZikgI2ZmZmZmZiBuby1yZXBlYXQ7CglvdmVyZmxvdzogaGlkZGVuOwoJYm9yZGVyLXdpZHRoOiAwcHg7CgljdXJzb3I6IHBvaW50ZXIgIWltcG9ydGFudDsKCXRleHQtaW5kZW50OiAxNTAlOwoJd2hpdGUtc3BhY2U6IG5vd3JhcDsKCW1hcmdpbjogNXB4IDAgMCAwOwoJZGlzcGxheTpibG9jazsKfQoKI3Jha3V0ZW5MaW1pdGVkSWRfYXJvdW5kQ2FydCAuaW52ZW50b3J5IGlucHV0IHsKCWJhY2tncm91bmQ6bm9uZSAhaW1wb3J0YW50OwoJd2lkdGg6IDJlbSFpbXBvcnRhbnQ7CgloZWlnaHQ6IDEuMmVtIWltcG9ydGFudDsKCWRpc3BsYXk6aW5saW5lOwp9CgoKLyrlgIvmlbDjg4bjgq3jgrnjg4gqLwojcmFrdXRlbkxpbWl0ZWRJZF9hcm91bmRDYXJ0IC51bml0IHsKCWZvbnQtc2l6ZToxNnB4Owp9CgovKuWAi+aVsOWFpeWKmyovCiNyYWt1dGVuTGltaXRlZElkX2Fyb3VuZENhcnQgaW5wdXQjdW5pdHMgewoJYm9yZGVyOnNvbGlkICNjY2MgMXB4OwoJYmFja2dyb3VuZDojZmZmIWltcG9ydGFudDsKCXdpZHRoOjMwcHg7CgloZWlnaHQ6MzBweDsKCWN1cnNvcjphdXRvOwoJcGFkZGluZzo3cHggN3B4IDdweCAzcHg7Cgl0ZXh0LWluZGVudDogMHB4OwoJb3ZlcmZsb3c6IGhpZGRlbjsKCWRpc3BsYXk6aW5saW5lOwoJZm9udC1zaXplOjE2cHg7Cn0KCi8q44GK5ZWP44GE5ZCI44KP44Gb44Oc44K/44OzKi8KI3Jha3V0ZW5MaW1pdGVkSWRfYXJvdW5kQ2FydCBmb250IGlucHV0IHsKCXdpZHRoOiAyODBweDsKCWhlaWdodDogODBweDsKCWJhY2tncm91bmQ6dXJsKGh0dHA6Ly9pbWFnZS5yYWt1dGVuLmNvLmpwL2NpbmVtYWNvbGxlY3Rpb24vY2FiaW5ldC90b2kuZ2lmKSAjZmZmZmZmIG5vLXJlcGVhdDsKCW92ZXJmbG93OiBoaWRkZW47Cglib3JkZXItd2lkdGg6IDBweDsKCWN1cnNvcjogcG9pbnRlciAhaW1wb3J0YW50OwoJdGV4dC1pbmRlbnQ6IDE1MCU7Cgl3aGl0ZS1zcGFjZTogbm93cmFwOwoJbWFyZ2luOiA1cHggMCAwIDA7CglkaXNwbGF5OmJsb2NrOwp9Cgojc2VydmljZVRhYmxlU21sIC5mYXZvcml0ZSB7CglkaXNwbGF5OmJsb2NrOwoJd2lkdGg6IDI4MHB4Owp9Cgojc2VydmljZVRhYmxlU21sIC5mYXZvcml0ZSAuYm9va21hcmtBcmVhIGRpdnsKCXdpZHRoOiAyODBweCFpbXBvcnRhbnQ7Cn0KCiNzZXJ2aWNlVGFibGVTbWwgLmZhdm9yaXRlIC5ia20gYSB7Cgl3aWR0aDogMjgwcHghaW1wb3J0YW50OwoJaGVpZ2h0OiAzMDBweCFpbXBvcnRhbnQ7CgliYWNrZ3JvdW5kOnVybChodHRwOi8vaW1hZ2UucmFrdXRlbi5jby5qcC9jaW5lbWFjb2xsZWN0aW9uL2NhYmluZXQvb2tpLmdpZikgI2ZmZmZmZiBuby1yZXBlYXQ7CglvdmVyZmxvdzogaGlkZGVuOwoJYm9yZGVyLXdpZHRoOiAwcHg7CgljdXJzb3I6IHBvaW50ZXIgIWltcG9ydGFudDsKCXRleHQtaW5kZW50Oi0xNTAlOwoJbWFyZ2luOiA1cHggMCAwIDA7CglkaXNwbGF5OmJsb2NrOwp9CgoKLyrjgYrmsJfjgavlhaXjgooqLwoKZGl2LncyODAtYyAge3dpZHRoOjI4MHB4O3RleHQtYWxpZ246IGNlbnRlcjt9CmRpdi5jZW50ZXItbS0wYSAge21hcmdpbjowIGF1dG87fQouaXRlbS1va2ktYm4gIHt3aWR0aDoyODBweDttYXJnaW46MnB4IDA7Ym9yZGVyOm5vbmU7fQouaXRlbS1pZnJhbWUgIHttYXJnaW46MHB4O2JvcmRlcjowcHg7fQoKZGl2LmthbnJlbi1saW5rIHtjb2xvcjojN2Y3ZjdmO3dpZHRoOjkwJTttYXJnaW46MjBweCBhdXRvO3BhZGRpbmc6MjBweDt0ZXh0LWFsaWduOiBsZWZ0O2ZvbnQtc2l6ZToxLjJlbTtiYWNrZ3JvdW5kLWNvbG9yOiNmZmZmZmY7Ym9yZGVyOmRvdHRlZCAycHggI2ZmODAzMzt9CnNwYW4ua2FucmVuLWxpbmsge21hcmdpbjoxMHB4IDtwYWRkaW5nOiAwIDAgMCAwLjVlbTtmb250LXNpemU6MS4yZW07CmJhY2tncm91bmQ6dXJsKGh0dHA6Ly9pbWFnZS5yYWt1dGVuLmNvLmpwL21tLXBvcC9jYWJpbmV0L2xpbmstaGVhZC1way5naWYpIG5vLXJlcGVhdCAwIDAuNDVlbTsKfQphOmxpbmsga2FucmVuLWxpbmt7Zm9udC1zaXplOjEuMmVtOyBjb2xvcjojMzM4MGZmO3RleHQtZGVjb3JhdGlvbjpub25lO30KCjwvc3R5bGU+CgoKCgo8IS0tIAo8c3lsZSB0eXBlPSJ0ZXh0L2NzcyI+CiBodG1sLGJvZHl7IG92ZXJmbG93LXg6aGlkZGVuOyB9CgphOmxpbmsge2NvbG9yOiMzMzgwZmY7fQphOnZpc2l0ZWQge2NvbG9yOiM2NjY7fQphOmhvdmVyIHtjb2xvcjojMzMzO30KYTphY3RpdmUge2NvbG9yOiMzMzM7fQphe3RleHQtZGVjb3JhdGlvbjpub25lO30KaW1nIHtib3JkZXI6bm9uZTsgdmVydGljYWwtYWxpZ246Ym90dG9tO30KcCB7bWFyZ2luOjA7IHBhZGRpbmc6MDsgZm9udC1zaXplOjgwJTt9CnAucmVzaXplaW1hZ2UgaW1nIHsgd2lkdGg6IDk4JTsgfQpwLnJlc2l6ZWltYWdlMiBpbWcgeyB3aWR0aDogOTAlOyB9CmE6aG92ZXIgaW1nIHtvcGFjaXR5OiAwLjY7IGZpbHRlcjogYWxwaGEob3BhY2l0eT02MCk7IC1tb3otb3BhY2l0eTogMC42O30KCgppbWcudG9wYm57bWFyZ2luOjEwcHggMDtib3JkZXI6bm9uZTt9CmRpdi5kaXNjMyB7d2lkdGg6MTAwJTttYXJnaW46IDAgYXV0bztwYWRkaW5nOjE1cHg7YmFja2dyb3VuZDojZWZlZmVmO3RleHQtYWxpZ246bGVmdDtmb250LXdlaWdodDpib2xkO2ZvbnQtc2l6ZToxOHB4O30KCiA8L3N0eWxlPgotLT4KCgo8c3R5bGUgdHlwZT0idGV4dC9jc3MiPgo8IS0tCgpkaXYjSGVhZGVyS2V5d29yZCB7Cglwb3NpdGlvbjphYnNvbHV0ZTsKCXRvcDo2MHB4Oy8q5LiA55Wq5LiK44GL44KJ44Gu5L2N572uKi8KCWxlZnQ6NjBweDsvKuW3puerr+OBi+OCieOBruS9jee9riovCn0KCmRpdiNIZWFkZXJLZXl3b3JkIHNwYW4gewoJYmFja2dyb3VuZDogI2JmMDAwMDsKCWNvbG9yOiNmZmY7Cglmb250LXdlaWdodDpib2xkOwoJcGFkZGluZzoycHggNXB4Owp9CgpkaXYjSGVhZGVyS2V5d29yZCBhIHsKCWNvbG9yOiMwMDQ0Q0M7Cn0KCi0tPgo8L3N0eWxlPgo8ZGl2IGlkPSJIZWFkZXJLZXl3b3JkIj4KPHNwYW4+5rOo55uu44Gu44Kt44O844Ov44O844OJPC9zcGFuPgo+PuaWh+aIv+WFtwo+PuODkOODg+OCsAo+PuOBiuiyoeW4gwo+PuOCueODjOODvOODlOODvAoKPC9kaXY+,44Kv44Os44Oo44Oz44GX44KT44Gh44KD44KTIOODqeODs+ODgeW3vuedgCDjg57jg4Hku5jjgY3lt77nnYDooosgMjAxN1NTICDjgrnjg6Ljg7zjg6vjg5fjg6njg43jg4Pjg4ggMTgmdGltZXM7MjcmdGltZXM7OWNtIOOBiuW8geW9k+euseiiiyDjgqLjg4vjg6Hjgq3jg6Pjg6njgq/jgr/jg7zjgrDjg4PjgrrpgJrosqkg44CQ44Oh44O844Or5L6/5Y+v44CR44CQ44GC44GZ5qW944CR44K344ON44Oe44Kz44Os44Kv44K344On44Oz77ya44Kt44Oj44Op44Kv44K/44O844Gu44K344ON44Oe44Kz44Os44Kv44K344On44Oz,44Kt44Oj44Op44Kv44K/44O844Kt44Oj44Op44Kv44K/44O844Kw44OD44K644Kt44Oj44Op44Kv44K/44O86ZuR6LKo6ZuR6LKo44K144Oz44Oq44Kq44OH44Kj44K644OL44O844KG44KL44Kt44Oj44Op44Of44OD44Kt44O844Kt44OG44Kj44GP44G+44Oi44Oz44Ov44Oz44OU44O844K544Ki44OL44Oh44Ki44OL44Oh44Kw44OD44K644K/44Kq44Or5paH5YW35paH5oi/5YW344Kk44Oz44OG44Oq44Ki55Sf5rS76ZuR6LKo44Kt44OD44K65a2Q44Gp44KC44Kv44Os44Oo44Oz44GX44KT44Gh44KD44KTIOODqeODs+ODgeW3vuedgCDjg57jg4Hku5jjgY3lt77nnYDooosgMjAxN1NTICDjgrnjg6Ljg7zjg6vjg5fjg6njg43jg4Pjg4ggMTgmdGltZXM7MjcmdGltZXM7OWNtIOOBiuW8geW9k+euseiiiyDjgqLjg4vjg6Hjgq3jg6Pjg6njgq/jgr/jg7zjgrDjg4PjgrrpgJrosqkg44CQ44Oh44O844Or5L6/5Y+v44CR44CQ44GC44GZ5qW944CR44K344ON44Oe44Kz44Os44Kv44K344On44Oz,44Kv44Os44Oo44Oz44GX44KT44Gh44KD44KTIOODqeODs+ODgeW3vuedgCDjg57jg4Hku5jjgY3lt77nnYDooosgMjAxN1NTICDjgrnjg6Ljg7zjg6vjg5fjg6njg43jg4Pjg4ggMTgmdGltZXM7MjcmdGltZXM7OWNtIOOBiuW8geW9k+euseiiiyDjgqLjg4vjg6Hjgq3jg6Pjg6njgq/jgr/jg7zjgrDjg4PjgrrpgJrosqkg44CQ44Oh44O844Or5L6/5Y+v44CR44CQ44GC44GZ5qW944CR44K344ON44Oe44Kz44Os44Kv44K344On44Oz[rn]
30-32947,aHR0cDovL3RzaG9wLnIxMHMuanAvY2luZW1hY29sbGVjdGlvbi9jYWJpbmV0L3IyMDE3MDMyMS9zbS1zeGtuNjk0LTk1LmpwZz9maXRpbj03MDA6NzAw,Njg3LjIwMDA=,,44Kt44OD44K644O744OZ44OT44O844O744Oe44K/44OL44OG44KjID4g44Kt44OD44K6ID4g6ZuR6LKo44O75bCP54mp77yI44GK5byB5b2T44Kw44OD44K644O744K/44Kq44Or44O75paH5YW36aGe77yJID4g5a2Q5L6b55So44GK5byB5b2T6KKL,44GZ44G/44Gj44Kz44GQ44KJ44GXIOODqeODs+ODgeW3vuedgCDjg57jg4Hku5jjgY3lt77nnYDooosgMjAxN1NTICDjgrXjg7Pjgqjjg4Pjgq/jgrkg44K544Oi44O844Or44OX44Op44ON44OD44OIIDE4w5cyN8OXOWNtIOOBiuW8geW9k+euseiiiyDjgq3jg6Pjg6njgq/jgr/jg7zjgrDjg4PjgrrpgJrosqkg44CQ44Oh44O844Or5L6/5Y+v44CR44CQ44GC44GZ5qW944CR44K344ON44Oe44Kz44Os44Kv44K344On44Oz,,PGNlbnRlcj48YSBocmVmPSJodHRwOi8vd3d3LnJha3V0ZW4ubmUuanAvZ29sZC9jaW5lbWFjb2xsZWN0aW9uL2Fuc3dlci5odG1sI2MxcTMiIHRhcmdldD0iX25ldyI+PGltZyB3aWR0aD0iNzUwIiBib3JkZXI9IjAiIHNyYz0iaHR0cDovL2ltYWdlLnJha3V0ZW4uY28uanAvY2luZW1hY29sbGVjdGlvbi9jYWJpbmV0L3ItbWFpbDU4MC5qcGciIGhlaWdodD0iNTAiIHZzcGFjZT0iNSI+PC9hPjwvY2VudGVyPjxicj48YnI+44GZ44G/44Gj44Kz44GQ44KJ44GXIOODqeODs+ODgeW3vuedgCDjg57jg4Hku5jjgY3lt77nnYDooosgMjAxN1NTICDjgrXjg7Pjgqjjg4Pjgq/jgrkg44K544Oi44O844Or44OX44Op44ON44OD44OIIDE4w5cyN8OXOWNtIOOBiuW8geW9k+euseiiiyDjgq3jg6Pjg6njgq/jgr/jg7zjgrDjg4PjgrrpgJrosqkg44CQ44Oh44O844Or5L6/5Y+v44CR44CQ44GC44GZ5qW944CR44K344ON44Oe44Kz44Os44Kv44K344On44OzPEJSPjxCUj48IS0tIOKYheOBiuawl+OBq+WFpeOCii0tPjxkaXYgY2xhc3M9IncyODAtYyI+PGRpdiBjbGFzcz0iY2VudGVyLW0tMGEiPjxpbWcgY2xhc3M9Iml0ZW0tb2tpLWJuIiBhbHQ9IuOCreODo+ODqeOCr+OCv+ODvOOCsOODg+OCuumAmuiyqeOCt+ODjeODnuOCs+ODrOOCr+OCt+ODp+ODs+OBruOBiuawl+OBq+WFpeOCiuODquOCueODiOOCkueiuuiqjeOBmeOCiyIgc3JjPSJodHRwOi8vaW1hZ2UucmFrdXRlbi5jby5qcC9jaW5lbWFjb2xsZWN0aW9uL2NhYmluZXQvb2tpLTIuZ2lmIj48L2Rpdj48L2Rpdj48IS0tIOKYheOBiuawl+OBq+WFpeOCiuOCs+OCs+OBvuOBpy0tPjwhLS3imIXliYrpmaTkuI3lj68tLT48L3NwYW4+PC90ZD48L3RyPjwvdGFibGU+PGJyPjwvdGQ+PC90cj48L3RhYmxlPjxicj48dGFibGUgY2VsbHBhZGRpbmc9IjAiIGJvcmRlcj0iMCI+PHRyPjx0ZD48dGFibGUgY2VsbHBhZGRpbmc9IjAiIGJvcmRlcj0iMCI+PHRyPjx0ZD48c3Bhbj48IS0t6Zai6YCj5qSc57Si44Kt44O844Ov44O844OJLS0+PGRpdiBzdHlsZT0id2lkdGg6MTAwJTt0ZXh0LWFsaWduOiBjZW50ZXIiPjxoMyBzdHlsZT0iY29sb3I6IzdmN2Y3ZjsiPue0hDljbeOBruW6leODnuODgeOBp+OBhOOCjeOCk+OBquOBiuW8geW9k+euseOChOWwj+eJqeOBjOWFpeOCi+KZqjxicj48IS0t4piFSy0tPuS+v+WIqS/jgYvjgo/jgYTjgYQv5aWz44Gu5a2QL+Wwj+WtpueUny/jg6njg7Pjg4HjgrDjg4Pjgro8L2gzPjxpbWcgc3R5bGU9Im1hcmdpbjoxNXB4IDAgMTBweCAwO3dpZHRoOjEwMCUgO2JvcmRlcjpub25lOyIgYWx0PSLjgq3jg6Pjg6njgq/jgr/jg7zjgrDjg4PjgrrlsILploDlupcv44K344ON44Oe44Kz44Os44Kv44K344On44OzL+WVhuWTgeips+e0sCIgc3JjPSJodHRwOi8vd3d3LnJha3V0ZW4ubmUuanAvZ29sZC9jaW5lbWFjb2xsZWN0aW9uL2JuL2l0ZW0tYm4wMS5naWYiIC8+PGRpdiBzdHlsZT0iY29sb3I6IzdmN2Y3Zjt3aWR0aDo5MCU7bWFyZ2luOjAgYXV0bzsjZWZlZmVmIHNvbGlkIDFweDtwYWRkaW5nOjEwcHg7dGV4dC1hbGlnbjogbGVmdDsiPuWkp+S6uuawl+OAkOOBmeOBv+OBo+OBk+OBkOOCieOBl+OAkeOBruWPr+aEm+OCieOBl+OBhOaWsOS9nOODqeODs+ODgeOCsOODg+OCuuOBjOeZu+WgtCEhPGJyPuOBk+OBoeOCieOBr+WumueVquS6uuawl+OCouOCpOODhuODoOOAkOODnuODgeS7mOOBjUxVTkNI5be+552A44CRPGJyPuW6leOBq+ODnuODgeOBjDljbeS7mOOBhOOBpuOBhOOCi+OBruOBp+OBiuW8geW9k+euseOCkuWFpeOCjOOCi+OBruOBq+OBtOOBo+OBn+OCiuKZqjxicj7jgbvjgYvjgavjgoLoibLjgpPjgarjgq3jg6Pjg6njgq/jgr/jg7zjgYLjgovjgYvjgonjgYrmsJfjgavlhaXjgoropovjgaTjgZHjgabjga3imIY8YnI+PGJyPuKWoOOCteOCpOOCuu+8mue0hDI3MMOXMTgww5c5MG1tPGJyPuKWoOe0oOadkO+8muOCs+ODg+ODiOODszEwMO+8he+8iOe0kO+8ieODneODquOCqOOCueODhuODqzxCUj48QlI+4pag44Kr44Op44O8IOOCr+ODquODvOODoOezu++8iOeZveODu+iWhOOBhOOCpOOCqOODreODvO+8iTrjg5Tjg7Pjgq/ns7vvvIjjg5Xjg6Xjg7zjgrfjg6Pjg5Tjg7Pjgq/jg7vjg6njgqTjg4jjg5Tjg7Pjgq/vvIk8QlI+PEJSPjwvZGl2PjwvZGl2PjxkaXYgc3R5bGU9IndpZHRoOjEwMCU7dGV4dC1hbGlnbjogY2VudGVyOyI+PGltZyBzdHlsZT0ibWFyZ2luOjE1cHggMCAxMHB4IDA7d2lkdGg6MTAwJSA7Ym9yZGVyOm5vbmU7IiBhbHQ9IuOCreODo+ODqeOCr+OCv+ODvOOCsOODg+OCuuWwgumWgOW6ly/jgrfjg43jg57jgrPjg6zjgq/jgrfjg6fjg7Mv6Kmz57Sw55S75YOPIiBzcmM9Imh0dHA6Ly93d3cucmFrdXRlbi5uZS5qcC9nb2xkL2NpbmVtYWNvbGxlY3Rpb24vYm4vaXRlbS1ibjAyLmdpZiIgLz48ZGl2IHN0eWxlPSJ3aWR0aDoxMDAlO21hcmdpbjowIGF1dG87Ij48aW1nIHN0eWxlPSJ3aWR0aDoyNjBweDttYXJnaW46MnB4O2JvcmRlcjpub25lOyIgc3JjPSJodHRwOi8vaW1hZ2UucmFrdXRlbi5jby5qcC9jaW5lbWFjb2xsZWN0aW9uL2NhYmluZXQvcjIwMTcwMzIxL3NtLXN4a242OTQtOTUuanBnIj48aW1nIHN0eWxlPSJ3aWR0aDoyNjBweDttYXJnaW46MnB4O2JvcmRlcjpub25lOyIgc3JjPSJodHRwOi8vaW1hZ2UucmFrdXRlbi5jby5qcC9jaW5lbWFjb2xsZWN0aW9uL2NhYmluZXQvcjIwMTcwMzIxL3NtLXN4a242OTQtOTVfMi5qcGciPjxpbWcgc3R5bGU9IndpZHRoOjI2MHB4O21hcmdpbjoycHg7Ym9yZGVyOm5vbmU7IiBzcmM9Imh0dHA6Ly9pbWFnZS5yYWt1dGVuLmNvLmpwL2NpbmVtYWNvbGxlY3Rpb24vY2FiaW5ldC9yMjAxNzAzMjEvc20tc3hrbjY5NC05NV8zLmpwZyI+PGltZyBzdHlsZT0id2lkdGg6MjYwcHg7bWFyZ2luOjJweDtib3JkZXI6bm9uZTsiIHNyYz0iaHR0cDovL2ltYWdlLnJha3V0ZW4uY28uanAvY2luZW1hY29sbGVjdGlvbi9jYWJpbmV0L3IyMDE3MDMyMS9zbS1zeGtuNjk0LTk1XzQuanBnIj48aW1nIHN0eWxlPSJ3aWR0aDoyNjBweDttYXJnaW46MnB4O2JvcmRlcjpub25lOyIgc3JjPSJodHRwOi8vaW1hZ2UucmFrdXRlbi5jby5qcC9jaW5lbWFjb2xsZWN0aW9uL2NhYmluZXQvcjIwMTcwMzIxL3NtLXN4a242OTQtOTVfNS5qcGciPjwvZGl2PjwvZGl2PjxkaXYgc3R5bGU9IndpZHRoOjEwMCU7dGV4dC1hbGlnbjogY2VudGVyOyI+PGltZyBzdHlsZT0ibWFyZ2luOjE1cHggMCAxMHB4IDA7d2lkdGg6MTAwJSA7Ym9yZGVyOm5vbmU7IiBhbHQ9IuOCreODo+ODqeOCr+OCv+ODvOOCsOODg+OCuuWwgumWgOW6ly/jgrfjg43jg57jgrPjg6zjgq/jgrfjg6fjg7Mv6Kmz57Sw55S75YOPIiBzcmM9Imh0dHA6Ly93d3cucmFrdXRlbi5uZS5qcC9nb2xkL2NpbmVtYWNvbGxlY3Rpb24vYm4vaXRlbS1ibjAzLmdpZiIgLz48ZGl2IHN0eWxlPSJ3aWR0aDo1MCU7dG9wOjc1cHg7ZmxvYXQ6bGVmdDt0ZXh0LWFsaWduOiBsZWZ0OyI+44CQ44GZ44G/44Gj44Kz44GQ44KJ44GX44CR5LuW44Gu56iu6aGe44Gv44GT44Gh44KJ44GL44KJICZndDsmZ3Q7PC9kaXY+PGRpdiBzdHlsZT0id2lkdGg6NTAlO2Zsb2F0OmxlZnQ7dGV4dC1hbGlnbjpyaWdodDsiPjxpbWcgc3R5bGU9IndpZHRoOjI1MHB4O2JvcmRlcjpub25lOyIgc3JjPSJodHRwOi8vaW1hZ2UucmFrdXRlbi5jby5qcC9jaW5lbWFjb2xsZWN0aW9uL2NhYmluZXQvMDAybGJuL3RvcGxiMTMyLmpwZyI+PC9kaXY+PGRpdiBzdHlsZT0iY2xlYXI6Ym90aDsiPjwvZGl2PjwvZGl2PjwhLS3plqLpgKPmpJzntKLjgq3jg7zjg6/jg7zjg4ktLT48ZGl2IGNsYXNzPSJrYW5yZW4tbGluayI+44GT44Gu44Kr44OG44K044Oq44Gr44Gv44GT44KT44Gq5ZWG5ZOB44GM5ZCr44G+44KM44Gm44GE44G+44GZPGJyPjxicj48c3BhbiBjbGFzcz0ia2FucmVuLWxpbmsiPuOCreODg+ODgeODs+mbkeiyqOOAkOODqeODs+ODgeW3vuedgOOAkTwvc3Bhbj48L2Rpdj48IS0t4piF44Kz44Kz44G+44GnLS0+PCEtLemWoumAo+aknOe0ouOCreODvOODr+ODvOODiS0tPjxkaXYgY2xhc3M9ImthbnJlbi1saW5rIj7jgZPjgozjgpLopovjgZ/kurrjga/jgZPjgpPjgarjgq3jg7zjg6/jg7zjg4njgafmpJzntKLjgZfjgabjgYTjgb7jgZk8YnI+PGJyPjxzcGFuIGNsYXNzPSJrYW5yZW4tbGluayI+44Kt44Oj44Op44Kv44K/44O8IOW3vuedgDwvc3Bhbj48c3BhbiBjbGFzcz0ia2FucmVuLWxpbmsiPuOBiuW8geW9kyDlt77nnYA8L3NwYW4+PHNwYW4gY2xhc3M9ImthbnJlbi1saW5rIj7jgYrlvIHlvZPljIXjgb88L3NwYW4+PHNwYW4gY2xhc3M9ImthbnJlbi1saW5rIj7jg6njg7Pjg4Hjgq/jg63jgrk8L3NwYW4+PHNwYW4gY2xhc3M9ImthbnJlbi1saW5rIj7jgq3jg6Pjg6njgq/jgr/jg7wg44GK5byB5b2T566xPC9zcGFuPjxzcGFuIGNsYXNzPSJrYW5yZW4tbGluayI+44GK5byB5b2T566xPC9zcGFuPjxzcGFuIGNsYXNzPSJrYW5yZW4tbGluayI+44Op44Oz44OBIOOCsOODg+OCujwvc3Bhbj48c3BhbiBjbGFzcz0ia2FucmVuLWxpbmsiPuODqeODs+ODgSDnlKjlk4E8L3NwYW4+PHNwYW4gY2xhc3M9ImthbnJlbi1saW5rIj7jgq3jg6Pjg6njgq/jgr/jg7wg5byB5b2TPC9zcGFuPjxzcGFuIGNsYXNzPSJrYW5yZW4tbGluayI+5rC0562SPC9zcGFuPjwvZGl2PjwhLS3imIXjgrPjgrPjgb7jgactLT48IS0tNTYwMC0tPgoKPC9URD48L1RSPjwvVEFCTEU+PGJyPjxicj4KCgo8IS0t5paw552AIC0tPgoKPGltZyBzdHlsZT0id2lkdGg6ODAwcHg7bWFyZ2luOjAgMCAxMHB4IDA7Ym9yZGVyOm5vbmU7IiBzcmM9Imh0dHA6Ly9pbWFnZS5yYWt1dGVuLmNvLmpwL2NpbmVtYWNvbGxlY3Rpb24vY2FiaW5ldC9zaW4uZ2lmIj48YnI+CjxkaXYgc3R5bGU9IndpZHRoOjc1MHB4O21hcmdpbjogMCBhdXRvO3BhZGRpbmc6MTVweDt0ZXh0LWFsaWduOnJpZ2h0O2ZvbnQtd2VpZ2h0OmJvbGQ7Zm9udC1zaXplOjE4cHg7Ij4+PuaWsOedgOaDheWgseOBruOBpOOBpeOBjeOBr+OBk+OBoeOCiTwvZGl2Pgo8YnI+CjxkaXYgc3R5bGU9IndpZHRoOjc1MHB4O21hcmdpbjogMCBhdXRvO3BhZGRpbmc6MTVweDt0ZXh0LWFsaWduOnJpZ2h0O2ZvbnQtd2VpZ2h0OmJvbGQ7Zm9udC1zaXplOjE4cHg7Ij4+PuaWsOedgOaDheWgseOBruOBpOOBpeOBjeOBr+OBk+OBoeOCiTwvZGl2PgoKCgoKCgo8aW1nIHN0eWxlPSJ3aWR0aDo4MDBweDttYXJnaW46MCAwIDEwcHggMDtib3JkZXI6bm9uZTsiIHNyYz0iaHR0cDovL2ltYWdlLnJha3V0ZW4uY28uanAvY2luZW1hY29sbGVjdGlvbi9jYWJpbmV0L2Nhci5naWYiPjxicj4KPHRhYmxlIHdpZHRoPSI4MDAiPjx0cj48dGQgd2lkdGg9IjgwMCIgYWxpZ249InJpZ2h0Ij7ih5LjgZnjgbnjgabjga7jgq3jg6Pjg6njgq/jgr/jg7zjga/jgZPjgaHjgok8L3RkPjwvdHI+PHRyPjx0ZD48YnI+PGJyPgoKPGJyPjxicj4KPC90ZD48L3RyPjwvdGFibGU+PGJyPjxicj4KCgo8aW1nIHN0eWxlPSJ3aWR0aDo4MDBweDttYXJnaW46MCAwIDEwcHggMDtib3JkZXI6bm9uZTsiIHNyYz0iaHR0cDovL2ltYWdlLnJha3V0ZW4uY28uanAvY2luZW1hY29sbGVjdGlvbi9jYWJpbmV0L2NhdC5naWYiPjxicj4KPC9jZW50ZXI+CgoKPCEtLSAtLT4KCjxzdHlsZT4KLyrosrfjgYTnianjgqvjgrTjg5zjgr/jg7MqLwojcmFrdXRlbkxpbWl0ZWRJZF9hcm91bmRDYXJ0IGlucHV0IHsKCXdpZHRoOiAyODBweDsKCWhlaWdodDogMTUwcHg7CgliYWNrZ3JvdW5kOnVybChodHRwOi8vaW1hZ2UucmFrdXRlbi5jby5qcC9jaW5lbWFjb2xsZWN0aW9uL2NhYmluZXQvY2FydC5naWYpICNmZmZmZmYgbm8tcmVwZWF0OwoJb3ZlcmZsb3c6IGhpZGRlbjsKCWJvcmRlci13aWR0aDogMHB4OwoJY3Vyc29yOiBwb2ludGVyICFpbXBvcnRhbnQ7Cgl0ZXh0LWluZGVudDogMTUwJTsKCXdoaXRlLXNwYWNlOiBub3dyYXA7CgltYXJnaW46IDVweCAwIDAgMDsKCWRpc3BsYXk6YmxvY2s7Cn0KCiNyYWt1dGVuTGltaXRlZElkX2Fyb3VuZENhcnQgLmludmVudG9yeSBpbnB1dCB7CgliYWNrZ3JvdW5kOm5vbmUgIWltcG9ydGFudDsKCXdpZHRoOiAyZW0haW1wb3J0YW50OwoJaGVpZ2h0OiAxLjJlbSFpbXBvcnRhbnQ7CglkaXNwbGF5OmlubGluZTsKfQoKCi8q5YCL5pWw44OG44Kt44K544OIKi8KI3Jha3V0ZW5MaW1pdGVkSWRfYXJvdW5kQ2FydCAudW5pdCB7Cglmb250LXNpemU6MTZweDsKfQoKLyrlgIvmlbDlhaXlipsqLwojcmFrdXRlbkxpbWl0ZWRJZF9hcm91bmRDYXJ0IGlucHV0I3VuaXRzIHsKCWJvcmRlcjpzb2xpZCAjY2NjIDFweDsKCWJhY2tncm91bmQ6I2ZmZiFpbXBvcnRhbnQ7Cgl3aWR0aDozMHB4OwoJaGVpZ2h0OjMwcHg7CgljdXJzb3I6YXV0bzsKCXBhZGRpbmc6N3B4IDdweCA3cHggM3B4OwoJdGV4dC1pbmRlbnQ6IDBweDsKCW92ZXJmbG93OiBoaWRkZW47CglkaXNwbGF5OmlubGluZTsKCWZvbnQtc2l6ZToxNnB4Owp9CgovKuOBiuWVj+OBhOWQiOOCj+OBm+ODnOOCv+ODsyovCiNyYWt1dGVuTGltaXRlZElkX2Fyb3VuZENhcnQgZm9udCBpbnB1dCB7Cgl3aWR0aDogMjgwcHg7CgloZWlnaHQ6IDgwcHg7CgliYWNrZ3JvdW5kOnVybChodHRwOi8vaW1hZ2UucmFrdXRlbi5jby5qcC9jaW5lbWFjb2xsZWN0aW9uL2NhYmluZXQvdG9pLmdpZikgI2ZmZmZmZiBuby1yZXBlYXQ7CglvdmVyZmxvdzogaGlkZGVuOwoJYm9yZGVyLXdpZHRoOiAwcHg7CgljdXJzb3I6IHBvaW50ZXIgIWltcG9ydGFudDsKCXRleHQtaW5kZW50OiAxNTAlOwoJd2hpdGUtc3BhY2U6IG5vd3JhcDsKCW1hcmdpbjogNXB4IDAgMCAwOwoJZGlzcGxheTpibG9jazsKfQoKI3NlcnZpY2VUYWJsZVNtbCAuZmF2b3JpdGUgewoJZGlzcGxheTpibG9jazsKCXdpZHRoOiAyODBweDsKfQoKI3NlcnZpY2VUYWJsZVNtbCAuZmF2b3JpdGUgLmJvb2ttYXJrQXJlYSBkaXZ7Cgl3aWR0aDogMjgwcHghaW1wb3J0YW50Owp9Cgojc2VydmljZVRhYmxlU21sIC5mYXZvcml0ZSAuYmttIGEgewoJd2lkdGg6IDI4MHB4IWltcG9ydGFudDsKCWhlaWdodDogMzAwcHghaW1wb3J0YW50OwoJYmFja2dyb3VuZDp1cmwoaHR0cDovL2ltYWdlLnJha3V0ZW4uY28uanAvY2luZW1hY29sbGVjdGlvbi9jYWJpbmV0L29raS5naWYpICNmZmZmZmYgbm8tcmVwZWF0OwoJb3ZlcmZsb3c6IGhpZGRlbjsKCWJvcmRlci13aWR0aDogMHB4OwoJY3Vyc29yOiBwb2ludGVyICFpbXBvcnRhbnQ7Cgl0ZXh0LWluZGVudDotMTUwJTsKCW1hcmdpbjogNXB4IDAgMCAwOwoJZGlzcGxheTpibG9jazsKfQoKCi8q44GK5rCX44Gr5YWl44KKKi8KCmRpdi53MjgwLWMgIHt3aWR0aDoyODBweDt0ZXh0LWFsaWduOiBjZW50ZXI7fQpkaXYuY2VudGVyLW0tMGEgIHttYXJnaW46MCBhdXRvO30KLml0ZW0tb2tpLWJuICB7d2lkdGg6MjgwcHg7bWFyZ2luOjJweCAwO2JvcmRlcjpub25lO30KLml0ZW0taWZyYW1lICB7bWFyZ2luOjBweDtib3JkZXI6MHB4O30KCmRpdi5rYW5yZW4tbGluayB7Y29sb3I6IzdmN2Y3Zjt3aWR0aDo5MCU7bWFyZ2luOjIwcHggYXV0bztwYWRkaW5nOjIwcHg7dGV4dC1hbGlnbjogbGVmdDtmb250LXNpemU6MS4yZW07YmFja2dyb3VuZC1jb2xvcjojZmZmZmZmO2JvcmRlcjpkb3R0ZWQgMnB4ICNmZjgwMzM7fQpzcGFuLmthbnJlbi1saW5rIHttYXJnaW46MTBweCA7cGFkZGluZzogMCAwIDAgMC41ZW07Zm9udC1zaXplOjEuMmVtOwpiYWNrZ3JvdW5kOnVybChodHRwOi8vaW1hZ2UucmFrdXRlbi5jby5qcC9tbS1wb3AvY2FiaW5ldC9saW5rLWhlYWQtcGsuZ2lmKSBuby1yZXBlYXQgMCAwLjQ1ZW07Cn0KYTpsaW5rIGthbnJlbi1saW5re2ZvbnQtc2l6ZToxLjJlbTsgY29sb3I6IzMzODBmZjt0ZXh0LWRlY29yYXRpb246bm9uZTt9Cgo8L3N0eWxlPgoKCgoKPCEtLSAKPHN5bGUgdHlwZT0idGV4dC9jc3MiPgogaHRtbCxib2R5eyBvdmVyZmxvdy14OmhpZGRlbjsgfQoKYTpsaW5rIHtjb2xvcjojMzM4MGZmO30KYTp2aXNpdGVkIHtjb2xvcjojNjY2O30KYTpob3ZlciB7Y29sb3I6IzMzMzt9CmE6YWN0aXZlIHtjb2xvcjojMzMzO30KYXt0ZXh0LWRlY29yYXRpb246bm9uZTt9CmltZyB7Ym9yZGVyOm5vbmU7IHZlcnRpY2FsLWFsaWduOmJvdHRvbTt9CnAge21hcmdpbjowOyBwYWRkaW5nOjA7IGZvbnQtc2l6ZTo4MCU7fQpwLnJlc2l6ZWltYWdlIGltZyB7IHdpZHRoOiA5OCU7IH0KcC5yZXNpemVpbWFnZTIgaW1nIHsgd2lkdGg6IDkwJTsgfQphOmhvdmVyIGltZyB7b3BhY2l0eTogMC42OyBmaWx0ZXI6IGFscGhhKG9wYWNpdHk9NjApOyAtbW96LW9wYWNpdHk6IDAuNjt9CgoKaW1nLnRvcGJue21hcmdpbjoxMHB4IDA7Ym9yZGVyOm5vbmU7fQpkaXYuZGlzYzMge3dpZHRoOjEwMCU7bWFyZ2luOiAwIGF1dG87cGFkZGluZzoxNXB4O2JhY2tncm91bmQ6I2VmZWZlZjt0ZXh0LWFsaWduOmxlZnQ7Zm9udC13ZWlnaHQ6Ym9sZDtmb250LXNpemU6MThweDt9CgogPC9zdHlsZT4KLS0+CgoKPHN0eWxlIHR5cGU9InRleHQvY3NzIj4KPCEtLQoKZGl2I0hlYWRlcktleXdvcmQgewoJcG9zaXRpb246YWJzb2x1dGU7Cgl0b3A6NjBweDsvKuS4gOeVquS4iuOBi+OCieOBruS9jee9riovCglsZWZ0OjYwcHg7Lyrlt6bnq6/jgYvjgonjga7kvY3nva4qLwp9CgpkaXYjSGVhZGVyS2V5d29yZCBzcGFuIHsKCWJhY2tncm91bmQ6ICNiZjAwMDA7Cgljb2xvcjojZmZmOwoJZm9udC13ZWlnaHQ6Ym9sZDsKCXBhZGRpbmc6MnB4IDVweDsKfQoKZGl2I0hlYWRlcktleXdvcmQgYSB7Cgljb2xvcjojMDA0NENDOwp9CgotLT4KPC9zdHlsZT4KPGRpdiBpZD0iSGVhZGVyS2V5d29yZCI+CjxzcGFuPuazqOebruOBruOCreODvOODr+ODvOODiTwvc3Bhbj4KPj7mlofmiL/lhbcKPj7jg5Djg4PjgrAKPj7jgYrosqHluIMKPj7jgrnjg4zjg7zjg5Tjg7wKCjwvZGl2Pg==,44GZ44G/44Gj44Kz44GQ44KJ44GXIOODqeODs+ODgeW3vuedgCDjg57jg4Hku5jjgY3lt77nnYDooosgMjAxN1NTICDjgrXjg7Pjgqjjg4Pjgq/jgrkg44K544Oi44O844Or44OX44Op44ON44OD44OIIDE4JnRpbWVzOzI3JnRpbWVzOzljbSDjgYrlvIHlvZPnrrHooosg44Kt44Oj44Op44Kv44K/44O844Kw44OD44K66YCa6LKpIOOAkOODoeODvOODq+S+v+WPr+OAkeOAkOOBguOBmealveOAkeOCt+ODjeODnuOCs+ODrOOCr+OCt+ODp+ODs++8muOCreODo+ODqeOCr+OCv+ODvOOBruOCt+ODjeODnuOCs+ODrOOCr+OCt+ODp+ODsw==,44Kt44Oj44Op44Kv44K/44O844Kt44Oj44Op44Kv44K/44O844Kw44OD44K644Kt44Oj44Op44Kv44K/44O86ZuR6LKo6ZuR6LKo44K144Oz44Oq44Kq44OH44Kj44K644OL44O844KG44KL44Kt44Oj44Op44Of44OD44Kt44O844Kt44OG44Kj44GP44G+44Oi44Oz44Ov44Oz44OU44O844K544Ki44OL44Oh44Ki44OL44Oh44Kw44OD44K644K/44Kq44Or5paH5YW35paH5oi/5YW344Kk44Oz44OG44Oq44Ki55Sf5rS76ZuR6LKo44Kt44OD44K65a2Q44Gp44KC44GZ44G/44Gj44Kz44GQ44KJ44GXIOODqeODs+ODgeW3vuedgCDjg57jg4Hku5jjgY3lt77nnYDooosgMjAxN1NTICDjgrXjg7Pjgqjjg4Pjgq/jgrkg44K544Oi44O844Or44OX44Op44ON44OD44OIIDE4JnRpbWVzOzI3JnRpbWVzOzljbSDjgYrlvIHlvZPnrrHooosg44Kt44Oj44Op44Kv44K/44O844Kw44OD44K66YCa6LKpIOOAkOODoeODvOODq+S+v+WPr+OAkeOAkOOBguOBmealveOAkeOCt+ODjeODnuOCs+ODrOOCr+OCt+ODp+ODsw==,44GZ44G/44Gj44Kz44GQ44KJ44GXIOODqeODs+ODgeW3vuedgCDjg57jg4Hku5jjgY3lt77nnYDooosgMjAxN1NTICDjgrXjg7Pjgqjjg4Pjgq/jgrkg44K544Oi44O844Or44OX44Op44ON44OD44OIIDE4JnRpbWVzOzI3JnRpbWVzOzljbSDjgYrlvIHlvZPnrrHooosg44Kt44Oj44Op44Kv44K/44O844Kw44OD44K66YCa6LKpIOOAkOODoeODvOODq+S+v+WPr+OAkeOAkOOBguOBmealveOAkeOCt+ODjeODnuOCs+ODrOOCr+OCt+ODp+ODsw==[rn]
30-32948,aHR0cDovL3RzaG9wLnIxMHMuanAvY2luZW1hY29sbGVjdGlvbi9jYWJpbmV0L3IyMDE3MDIyMi9rY215LXFoZi04MDAuanBnP2ZpdGluPTcwMDo3MDA=,Njg3LjIwMDA=,,44Kt44OD44K644O744OZ44OT44O844O744Oe44K/44OL44OG44KjID4g44Kt44OD44K6ID4g6ZuR6LKo44O75bCP54mp77yI44GK5byB5b2T44Kw44OD44K644O744K/44Kq44Or44O75paH5YW36aGe77yJID4g5a2Q5L6b55So44GK5byB5b2T6KKL,44Kt44Op44Kt44OpIOODl+ODquOCreODpeOCoiDjgqLjg6njg6Ljg7zjg4kg44Op44Oz44OB5be+552AIOODnuODgeS7mOOBjeOBiuW8geW9k+iiiyAyMDE35bm05paw5YWl5a2mICDjg57jg6vjg6jjgrcgMTQuNcOXMTfDlzEyY20g5aWz44Gu5a2Q5ZCR44GRIOOCreODo+ODqeOCr+OCv+ODvOOCsOODg+OCuumAmuiyqSDjgJDjgYLjgZnmpb3jgJHjgrfjg43jg57jgrPjg6zjgq/jgrfjg6fjg7M=,,44CA44Kt44Op44Kt44OpIOODl+ODquOCreODpeOCoiDjgqLjg6njg6Ljg7zjg4kg44Op44Oz44OB5be+552AIOODnuODgeS7mOOBjeOBiuW8geW9k+iiiyAyMDE35bm05paw5YWl5a2mICDjg57jg6vjg6jjgrcgMTQuNcOXMTfDlzEyY20g5aWz44Gu5a2Q5ZCR44GRIOOCreODo+ODqeOCr+OCv+ODvOOCsOODg+OCuumAmuiyqSDjgJDjgYLjgZnmpb3jgJHjgrfjg43jg57jgrPjg6zjgq/jgrfjg6fjg7M8QlI+PEJSPjwhLS0g4piF44GK5rCX44Gr5YWl44KKLS0+PGRpdiBjbGFzcz0idzI4MC1jIj48ZGl2IGNsYXNzPSJjZW50ZXItbS0wYSI+PGltZyBjbGFzcz0iaXRlbS1va2ktYm4iIGFsdD0i44Kt44Oj44Op44Kv44K/44O844Kw44OD44K66YCa6LKp44K344ON44Oe44Kz44Os44Kv44K344On44Oz44Gu44GK5rCX44Gr5YWl44KK44Oq44K544OI44KS56K66KqN44GZ44KLIiBzcmM9Imh0dHA6Ly9pbWFnZS5yYWt1dGVuLmNvLmpwL2NpbmVtYWNvbGxlY3Rpb24vY2FiaW5ldC9va2ktMi5naWYiPjwvZGl2PjwvZGl2PjwhLS0g4piF44GK5rCX44Gr5YWl44KK44Kz44Kz44G+44GnLS0+PCEtLeKYheWJiumZpOS4jeWPry0tPjwvc3Bhbj48L3RkPjwvdHI+PC90YWJsZT48YnI+PC90ZD48L3RyPjwvdGFibGU+PGJyPjx0YWJsZSBjZWxscGFkZGluZz0iMCIgYm9yZGVyPSIwIj48dHI+PHRkPjx0YWJsZSBjZWxscGFkZGluZz0iMCIgYm9yZGVyPSIwIj48dHI+PHRkPjxzcGFuPjwhLS3plqLpgKPmpJzntKLjgq3jg7zjg6/jg7zjg4ktLT48ZGl2IHN0eWxlPSJ3aWR0aDoxMDAlO3RleHQtYWxpZ246IGNlbnRlciI+PGgzIHN0eWxlPSJjb2xvcjojN2Y3ZjdmOyI+44GK5byB5b2T44GM44KC44Gj44Go5qW944GX44GP44Gq44KL44Op44Oz44OB44GN44KT44Gh44KD44GPPGJyPjwhLS3imIVLLS0+5aWz5YWQL+WckuWFkC/lrZDjganjgoLnlKgv5byB5b2T6KKLL+ODqeODs+ODgeeUqOWTgTwvaDM+PGltZyBzdHlsZT0ibWFyZ2luOjE1cHggMCAxMHB4IDA7d2lkdGg6MTAwJSA7Ym9yZGVyOm5vbmU7IiBhbHQ9IuOCreODo+ODqeOCr+OCv+ODvOOCsOODg+OCuuWwgumWgOW6ly/jgrfjg43jg57jgrPjg6zjgq/jgrfjg6fjg7Mv5ZWG5ZOB6Kmz57SwIiBzcmM9Imh0dHA6Ly93d3cucmFrdXRlbi5uZS5qcC9nb2xkL2NpbmVtYWNvbGxlY3Rpb24vYm4vaXRlbS1ibjAxLmdpZiIgLz48ZGl2IHN0eWxlPSJjb2xvcjojN2Y3ZjdmO3dpZHRoOjkwJTttYXJnaW46MCBhdXRvOyNlZmVmZWYgc29saWQgMXB4O3BhZGRpbmc6MTBweDt0ZXh0LWFsaWduOiBsZWZ0OyI+44OX44Oq44Kt44Ol44Ki44K344Oq44O844K65pyA5paw5L2c44CQ44Kt44Op44Kt44Op4piF44OX44Oq44Kt44Ol44KiIOOCouODqeODouODvOODieOAkeOBjOaXqeOBj+OCguOCsOODg+OCuuOBq+OBquOBo+OBpueZu+WgtOKYhuW9oTxicj7jgZPjgaHjgonjga/jgajjgaPjgabjgoLlj6/mhJvjgYTjgJDjg57jg4Hku5jjgY1MVU5DSOW3vuedgOOAkTxicj7lupXjgavjg57jg4HjgYwxMmNt5LuY44GE44Gm44GE44KL44Gu44Gn44GK5byB5b2T566x44KS5YWl44KM44KL44Gu44Gr44G044Gj44Gf44KK4pmqPGJyPuS7luOBq+OCguWQjOafhOODh+OCtuOCpOODs+OBhOOCjeOBhOOCjeOBguOCi+OBruOBp+aPg+OBiOOBpuS9v+OBo+OBpuOBreKZqjxicj48YnI+4pag44K144Kk44K677ya57SEMTQ1w5cxNzDDlzEyMG1tPGJyPuKWoOe0oOadkO+8muOCs+ODg+ODiOODszxicj7jgJBNYWRlIGluIEphcGFu44CRPEJSPjxCUj7ilqDjgqvjg6njg7wg44OU44Oz44Kv57O777yI44OV44Ol44O844K344Oj44OU44Oz44Kv44O744Op44Kk44OI44OU44Oz44Kv77yJPEJSPjxCUj48L2Rpdj48L2Rpdj48ZGl2IHN0eWxlPSJ3aWR0aDoxMDAlO3RleHQtYWxpZ246IGNlbnRlcjsiPjxpbWcgc3R5bGU9Im1hcmdpbjoxNXB4IDAgMTBweCAwO3dpZHRoOjEwMCUgO2JvcmRlcjpub25lOyIgYWx0PSLjgq3jg6Pjg6njgq/jgr/jg7zjgrDjg4PjgrrlsILploDlupcv44K344ON44Oe44Kz44Os44Kv44K344On44OzL+ips+e0sOeUu+WDjyIgc3JjPSJodHRwOi8vd3d3LnJha3V0ZW4ubmUuanAvZ29sZC9jaW5lbWFjb2xsZWN0aW9uL2JuL2l0ZW0tYm4wMi5naWYiIC8+PGRpdiBzdHlsZT0id2lkdGg6MTAwJTttYXJnaW46MCBhdXRvOyI+PGltZyBzdHlsZT0id2lkdGg6MjYwcHg7bWFyZ2luOjJweDtib3JkZXI6bm9uZTsiIHNyYz0iaHR0cDovL2ltYWdlLnJha3V0ZW4uY28uanAvY2luZW1hY29sbGVjdGlvbi9jYWJpbmV0L3IyMDE3MDIyMi9rY215LXFoZi04MDAuanBnIj48aW1nIHN0eWxlPSJ3aWR0aDoyNjBweDttYXJnaW46MnB4O2JvcmRlcjpub25lOyIgc3JjPSJodHRwOi8vaW1hZ2UucmFrdXRlbi5jby5qcC9jaW5lbWFjb2xsZWN0aW9uL2NhYmluZXQvcjIwMTcwMjIyL2tjbXktcWhmLTgwMF8yLmpwZyI+PC9kaXY+PC9kaXY+PGRpdiBzdHlsZT0id2lkdGg6MTAwJTt0ZXh0LWFsaWduOiBjZW50ZXI7Ij48aW1nIHN0eWxlPSJtYXJnaW46MTVweCAwIDEwcHggMDt3aWR0aDoxMDAlIDtib3JkZXI6bm9uZTsiIGFsdD0i44Kt44Oj44Op44Kv44K/44O844Kw44OD44K65bCC6ZaA5bqXL+OCt+ODjeODnuOCs+ODrOOCr+OCt+ODp+ODsy/oqbPntLDnlLvlg48iIHNyYz0iaHR0cDovL3d3dy5yYWt1dGVuLm5lLmpwL2dvbGQvY2luZW1hY29sbGVjdGlvbi9ibi9pdGVtLWJuMDMuZ2lmIiAvPjxkaXYgc3R5bGU9IndpZHRoOjUwJTt0b3A6NzVweDtmbG9hdDpsZWZ0O3RleHQtYWxpZ246IGxlZnQ7Ij7jgJDjg5fjg6rjgq3jg6XjgqLjgJHku5bjga7nqK7poZ7jga/jgZPjgaHjgonjgYvjgokgJmd0OyZndDs8L2Rpdj48ZGl2IHN0eWxlPSJ3aWR0aDo1MCU7ZmxvYXQ6bGVmdDt0ZXh0LWFsaWduOnJpZ2h0OyI+PGltZyBzdHlsZT0id2lkdGg6MjUwcHg7Ym9yZGVyOm5vbmU7IiBzcmM9Imh0dHA6Ly9pbWFnZS5yYWt1dGVuLmNvLmpwL2NpbmVtYWNvbGxlY3Rpb24vY2FiaW5ldC8wMDJsYm4vdG9wbGIxNDYuanBnIj48L2Rpdj48ZGl2IHN0eWxlPSJjbGVhcjpib3RoOyI+PC9kaXY+PC9kaXY+PCEtLemWoumAo+aknOe0ouOCreODvOODr+ODvOODiS0tPjxkaXYgY2xhc3M9ImthbnJlbi1saW5rIj7jgZPjga7jgqvjg4bjgrTjg6rjgavjga/jgZPjgpPjgarllYblk4HjgYzlkKvjgb7jgozjgabjgYTjgb7jgZk8YnI+PGJyPjxzcGFuIGNsYXNzPSJrYW5yZW4tbGluayI+44Kt44OD44OB44Oz6ZuR6LKo44CQ44Op44Oz44OB5be+552A44CRPC9zcGFuPjwvZGl2PjwhLS3imIXjgrPjgrPjgb7jgactLT48IS0t6Zai6YCj5qSc57Si44Kt44O844Ov44O844OJLS0+PGRpdiBjbGFzcz0ia2FucmVuLWxpbmsiPuOBk+OCjOOCkuimi+OBn+S6uuOBr+OBk+OCk+OBquOCreODvOODr+ODvOODieOBp+aknOe0ouOBl+OBpuOBhOOBvuOBmTxicj48YnI+PHNwYW4gY2xhc3M9ImthbnJlbi1saW5rIj7jgq3jg6Pjg6njgq/jgr/jg7wg5be+552APC9zcGFuPjxzcGFuIGNsYXNzPSJrYW5yZW4tbGluayI+44GK5byB5b2TIOW3vuedgDwvc3Bhbj48c3BhbiBjbGFzcz0ia2FucmVuLWxpbmsiPuOBiuW8geW9k+WMheOBvzwvc3Bhbj48c3BhbiBjbGFzcz0ia2FucmVuLWxpbmsiPuODqeODs+ODgeOCr+ODreOCuTwvc3Bhbj48c3BhbiBjbGFzcz0ia2FucmVuLWxpbmsiPuOCreODo+ODqeOCr+OCv+ODvCDjgYrlvIHlvZPnrrE8L3NwYW4+PHNwYW4gY2xhc3M9ImthbnJlbi1saW5rIj7jgYrlvIHlvZPnrrE8L3NwYW4+PHNwYW4gY2xhc3M9ImthbnJlbi1saW5rIj7jg6njg7Pjg4Eg44Kw44OD44K6PC9zcGFuPjxzcGFuIGNsYXNzPSJrYW5yZW4tbGluayI+44Op44Oz44OBIOeUqOWTgTwvc3Bhbj48c3BhbiBjbGFzcz0ia2FucmVuLWxpbmsiPuOCreODo+ODqeOCr+OCv+ODvCDlvIHlvZM8L3NwYW4+PHNwYW4gY2xhc3M9ImthbnJlbi1saW5rIj7msLTnrZI8L3NwYW4+PC9kaXY+PCEtLeKYheOCs+OCs+OBvuOBpy0tPjwhLS01NjAwLS0+Cgo8L1REPjwvVFI+PC9UQUJMRT48YnI+PGJyPgoKCjwhLS3mlrDnnYAgLS0+Cgo8aW1nIHN0eWxlPSJ3aWR0aDo4MDBweDttYXJnaW46MCAwIDEwcHggMDtib3JkZXI6bm9uZTsiIHNyYz0iaHR0cDovL2ltYWdlLnJha3V0ZW4uY28uanAvY2luZW1hY29sbGVjdGlvbi9jYWJpbmV0L3Npbi5naWYiPjxicj4KPGRpdiBzdHlsZT0id2lkdGg6NzUwcHg7bWFyZ2luOiAwIGF1dG87cGFkZGluZzoxNXB4O3RleHQtYWxpZ246cmlnaHQ7Zm9udC13ZWlnaHQ6Ym9sZDtmb250LXNpemU6MThweDsiPj4+5paw552A5oOF5aCx44Gu44Gk44Gl44GN44Gv44GT44Gh44KJPC9kaXY+Cjxicj4KPGRpdiBzdHlsZT0id2lkdGg6NzUwcHg7bWFyZ2luOiAwIGF1dG87cGFkZGluZzoxNXB4O3RleHQtYWxpZ246cmlnaHQ7Zm9udC13ZWlnaHQ6Ym9sZDtmb250LXNpemU6MThweDsiPj4+5paw552A5oOF5aCx44Gu44Gk44Gl44GN44Gv44GT44Gh44KJPC9kaXY+CgoKCgoKCjxpbWcgc3R5bGU9IndpZHRoOjgwMHB4O21hcmdpbjowIDAgMTBweCAwO2JvcmRlcjpub25lOyIgc3JjPSJodHRwOi8vaW1hZ2UucmFrdXRlbi5jby5qcC9jaW5lbWFjb2xsZWN0aW9uL2NhYmluZXQvY2FyLmdpZiI+PGJyPgo8dGFibGUgd2lkdGg9IjgwMCI+PHRyPjx0ZCB3aWR0aD0iODAwIiBhbGlnbj0icmlnaHQiPuKHkuOBmeOBueOBpuOBruOCreODo+ODqeOCr+OCv+ODvOOBr+OBk+OBoeOCiTwvdGQ+PC90cj48dHI+PHRkPjxicj48YnI+Cgo8YnI+PGJyPgo8L3RkPjwvdHI+PC90YWJsZT48YnI+PGJyPgoKCjxpbWcgc3R5bGU9IndpZHRoOjgwMHB4O21hcmdpbjowIDAgMTBweCAwO2JvcmRlcjpub25lOyIgc3JjPSJodHRwOi8vaW1hZ2UucmFrdXRlbi5jby5qcC9jaW5lbWFjb2xsZWN0aW9uL2NhYmluZXQvY2F0LmdpZiI+PGJyPgo8L2NlbnRlcj4KCgo8IS0tIC0tPgoKPHN0eWxlPgovKuiyt+OBhOeJqeOCq+OCtOODnOOCv+ODsyovCiNyYWt1dGVuTGltaXRlZElkX2Fyb3VuZENhcnQgaW5wdXQgewoJd2lkdGg6IDI4MHB4OwoJaGVpZ2h0OiAxNTBweDsKCWJhY2tncm91bmQ6dXJsKGh0dHA6Ly9pbWFnZS5yYWt1dGVuLmNvLmpwL2NpbmVtYWNvbGxlY3Rpb24vY2FiaW5ldC9jYXJ0LmdpZikgI2ZmZmZmZiBuby1yZXBlYXQ7CglvdmVyZmxvdzogaGlkZGVuOwoJYm9yZGVyLXdpZHRoOiAwcHg7CgljdXJzb3I6IHBvaW50ZXIgIWltcG9ydGFudDsKCXRleHQtaW5kZW50OiAxNTAlOwoJd2hpdGUtc3BhY2U6IG5vd3JhcDsKCW1hcmdpbjogNXB4IDAgMCAwOwoJZGlzcGxheTpibG9jazsKfQoKI3Jha3V0ZW5MaW1pdGVkSWRfYXJvdW5kQ2FydCAuaW52ZW50b3J5IGlucHV0IHsKCWJhY2tncm91bmQ6bm9uZSAhaW1wb3J0YW50OwoJd2lkdGg6IDJlbSFpbXBvcnRhbnQ7CgloZWlnaHQ6IDEuMmVtIWltcG9ydGFudDsKCWRpc3BsYXk6aW5saW5lOwp9CgoKLyrlgIvmlbDjg4bjgq3jgrnjg4gqLwojcmFrdXRlbkxpbWl0ZWRJZF9hcm91bmRDYXJ0IC51bml0IHsKCWZvbnQtc2l6ZToxNnB4Owp9CgovKuWAi+aVsOWFpeWKmyovCiNyYWt1dGVuTGltaXRlZElkX2Fyb3VuZENhcnQgaW5wdXQjdW5pdHMgewoJYm9yZGVyOnNvbGlkICNjY2MgMXB4OwoJYmFja2dyb3VuZDojZmZmIWltcG9ydGFudDsKCXdpZHRoOjMwcHg7CgloZWlnaHQ6MzBweDsKCWN1cnNvcjphdXRvOwoJcGFkZGluZzo3cHggN3B4IDdweCAzcHg7Cgl0ZXh0LWluZGVudDogMHB4OwoJb3ZlcmZsb3c6IGhpZGRlbjsKCWRpc3BsYXk6aW5saW5lOwoJZm9udC1zaXplOjE2cHg7Cn0KCi8q44GK5ZWP44GE5ZCI44KP44Gb44Oc44K/44OzKi8KI3Jha3V0ZW5MaW1pdGVkSWRfYXJvdW5kQ2FydCBmb250IGlucHV0IHsKCXdpZHRoOiAyODBweDsKCWhlaWdodDogODBweDsKCWJhY2tncm91bmQ6dXJsKGh0dHA6Ly9pbWFnZS5yYWt1dGVuLmNvLmpwL2NpbmVtYWNvbGxlY3Rpb24vY2FiaW5ldC90b2kuZ2lmKSAjZmZmZmZmIG5vLXJlcGVhdDsKCW92ZXJmbG93OiBoaWRkZW47Cglib3JkZXItd2lkdGg6IDBweDsKCWN1cnNvcjogcG9pbnRlciAhaW1wb3J0YW50OwoJdGV4dC1pbmRlbnQ6IDE1MCU7Cgl3aGl0ZS1zcGFjZTogbm93cmFwOwoJbWFyZ2luOiA1cHggMCAwIDA7CglkaXNwbGF5OmJsb2NrOwp9Cgojc2VydmljZVRhYmxlU21sIC5mYXZvcml0ZSB7CglkaXNwbGF5OmJsb2NrOwoJd2lkdGg6IDI4MHB4Owp9Cgojc2VydmljZVRhYmxlU21sIC5mYXZvcml0ZSAuYm9va21hcmtBcmVhIGRpdnsKCXdpZHRoOiAyODBweCFpbXBvcnRhbnQ7Cn0KCiNzZXJ2aWNlVGFibGVTbWwgLmZhdm9yaXRlIC5ia20gYSB7Cgl3aWR0aDogMjgwcHghaW1wb3J0YW50OwoJaGVpZ2h0OiAzMDBweCFpbXBvcnRhbnQ7CgliYWNrZ3JvdW5kOnVybChodHRwOi8vaW1hZ2UucmFrdXRlbi5jby5qcC9jaW5lbWFjb2xsZWN0aW9uL2NhYmluZXQvb2tpLmdpZikgI2ZmZmZmZiBuby1yZXBlYXQ7CglvdmVyZmxvdzogaGlkZGVuOwoJYm9yZGVyLXdpZHRoOiAwcHg7CgljdXJzb3I6IHBvaW50ZXIgIWltcG9ydGFudDsKCXRleHQtaW5kZW50Oi0xNTAlOwoJbWFyZ2luOiA1cHggMCAwIDA7CglkaXNwbGF5OmJsb2NrOwp9CgoKLyrjgYrmsJfjgavlhaXjgooqLwoKZGl2LncyODAtYyAge3dpZHRoOjI4MHB4O3RleHQtYWxpZ246IGNlbnRlcjt9CmRpdi5jZW50ZXItbS0wYSAge21hcmdpbjowIGF1dG87fQouaXRlbS1va2ktYm4gIHt3aWR0aDoyODBweDttYXJnaW46MnB4IDA7Ym9yZGVyOm5vbmU7fQouaXRlbS1pZnJhbWUgIHttYXJnaW46MHB4O2JvcmRlcjowcHg7fQoKZGl2LmthbnJlbi1saW5rIHtjb2xvcjojN2Y3ZjdmO3dpZHRoOjkwJTttYXJnaW46MjBweCBhdXRvO3BhZGRpbmc6MjBweDt0ZXh0LWFsaWduOiBsZWZ0O2ZvbnQtc2l6ZToxLjJlbTtiYWNrZ3JvdW5kLWNvbG9yOiNmZmZmZmY7Ym9yZGVyOmRvdHRlZCAycHggI2ZmODAzMzt9CnNwYW4ua2FucmVuLWxpbmsge21hcmdpbjoxMHB4IDtwYWRkaW5nOiAwIDAgMCAwLjVlbTtmb250LXNpemU6MS4yZW07CmJhY2tncm91bmQ6dXJsKGh0dHA6Ly9pbWFnZS5yYWt1dGVuLmNvLmpwL21tLXBvcC9jYWJpbmV0L2xpbmstaGVhZC1way5naWYpIG5vLXJlcGVhdCAwIDAuNDVlbTsKfQphOmxpbmsga2FucmVuLWxpbmt7Zm9udC1zaXplOjEuMmVtOyBjb2xvcjojMzM4MGZmO3RleHQtZGVjb3JhdGlvbjpub25lO30KCjwvc3R5bGU+CgoKCgo8IS0tIAo8c3lsZSB0eXBlPSJ0ZXh0L2NzcyI+CiBodG1sLGJvZHl7IG92ZXJmbG93LXg6aGlkZGVuOyB9CgphOmxpbmsge2NvbG9yOiMzMzgwZmY7fQphOnZpc2l0ZWQge2NvbG9yOiM2NjY7fQphOmhvdmVyIHtjb2xvcjojMzMzO30KYTphY3RpdmUge2NvbG9yOiMzMzM7fQphe3RleHQtZGVjb3JhdGlvbjpub25lO30KaW1nIHtib3JkZXI6bm9uZTsgdmVydGljYWwtYWxpZ246Ym90dG9tO30KcCB7bWFyZ2luOjA7IHBhZGRpbmc6MDsgZm9udC1zaXplOjgwJTt9CnAucmVzaXplaW1hZ2UgaW1nIHsgd2lkdGg6IDk4JTsgfQpwLnJlc2l6ZWltYWdlMiBpbWcgeyB3aWR0aDogOTAlOyB9CmE6aG92ZXIgaW1nIHtvcGFjaXR5OiAwLjY7IGZpbHRlcjogYWxwaGEob3BhY2l0eT02MCk7IC1tb3otb3BhY2l0eTogMC42O30KCgppbWcudG9wYm57bWFyZ2luOjEwcHggMDtib3JkZXI6bm9uZTt9CmRpdi5kaXNjMyB7d2lkdGg6MTAwJTttYXJnaW46IDAgYXV0bztwYWRkaW5nOjE1cHg7YmFja2dyb3VuZDojZWZlZmVmO3RleHQtYWxpZ246bGVmdDtmb250LXdlaWdodDpib2xkO2ZvbnQtc2l6ZToxOHB4O30KCiA8L3N0eWxlPgotLT4KCgo8c3R5bGUgdHlwZT0idGV4dC9jc3MiPgo8IS0tCgpkaXYjSGVhZGVyS2V5d29yZCB7Cglwb3NpdGlvbjphYnNvbHV0ZTsKCXRvcDo2MHB4Oy8q5LiA55Wq5LiK44GL44KJ44Gu5L2N572uKi8KCWxlZnQ6NjBweDsvKuW3puerr+OBi+OCieOBruS9jee9riovCn0KCmRpdiNIZWFkZXJLZXl3b3JkIHNwYW4gewoJYmFja2dyb3VuZDogI2JmMDAwMDsKCWNvbG9yOiNmZmY7Cglmb250LXdlaWdodDpib2xkOwoJcGFkZGluZzoycHggNXB4Owp9CgpkaXYjSGVhZGVyS2V5d29yZCBhIHsKCWNvbG9yOiMwMDQ0Q0M7Cn0KCi0tPgo8L3N0eWxlPgo8ZGl2IGlkPSJIZWFkZXJLZXl3b3JkIj4KPHNwYW4+5rOo55uu44Gu44Kt44O844Ov44O844OJPC9zcGFuPgo+PuaWh+aIv+WFtwo+PuODkOODg+OCsAo+PuOBiuiyoeW4gwo+PuOCueODjOODvOODlOODvAoKPC9kaXY+,44Kt44Op44Kt44OpIOODl+ODquOCreODpeOCoiDjgqLjg6njg6Ljg7zjg4kg44Op44Oz44OB5be+552AIOODnuODgeS7mOOBjeOBiuW8geW9k+iiiyAyMDE35bm05paw5YWl5a2mICDjg57jg6vjg6jjgrcgMTQuNSZ0aW1lczsxNyZ0aW1lczsxMmNtIOWls+OBruWtkOWQkeOBkSDjgq3jg6Pjg6njgq/jgr/jg7zjgrDjg4PjgrrpgJrosqkg44CQ44GC44GZ5qW944CR44K344ON44Oe44Kz44Os44Kv44K344On44Oz77ya44Kt44Oj44Op44Kv44K/44O844Gu44K344ON44Oe44Kz44Os44Kv44K344On44Oz,44Kt44Oj44Op44Kv44K/44O844Kt44Oj44Op44Kv44K/44O844Kw44OD44K644Kt44Oj44Op44Kv44K/44O86ZuR6LKo6ZuR6LKo44K144Oz44Oq44Kq44OH44Kj44K644OL44O844KG44KL44Kt44Oj44Op44Of44OD44Kt44O844Kt44OG44Kj44GP44G+44Oi44Oz44Ov44Oz44OU44O844K544Ki44OL44Oh44Ki44OL44Oh44Kw44OD44K644K/44Kq44Or5paH5YW35paH5oi/5YW344Kk44Oz44OG44Oq44Ki55Sf5rS76ZuR6LKo44Kt44OD44K65a2Q44Gp44KC44Kt44Op44Kt44OpIOODl+ODquOCreODpeOCoiDjgqLjg6njg6Ljg7zjg4kg44Op44Oz44OB5be+552AIOODnuODgeS7mOOBjeOBiuW8geW9k+iiiyAyMDE35bm05paw5YWl5a2mICDjg57jg6vjg6jjgrcgMTQuNSZ0aW1lczsxNyZ0aW1lczsxMmNtIOWls+OBruWtkOWQkeOBkSDjgq3jg6Pjg6njgq/jgr/jg7zjgrDjg4PjgrrpgJrosqkg44CQ44GC44GZ5qW944CR44K344ON44Oe44Kz44Os44Kv44K344On44Oz,44Kt44Op44Kt44OpIOODl+ODquOCreODpeOCoiDjgqLjg6njg6Ljg7zjg4kg44Op44Oz44OB5be+552AIOODnuODgeS7mOOBjeOBiuW8geW9k+iiiyAyMDE35bm05paw5YWl5a2mICDjg57jg6vjg6jjgrcgMTQuNSZ0aW1lczsxNyZ0aW1lczsxMmNtIOWls+OBruWtkOWQkeOBkSDjgq3jg6Pjg6njgq/jgr/jg7zjgrDjg4PjgrrpgJrosqkg44CQ44GC44GZ5qW944CR44K344ON44Oe44Kz44Os44Kv44K344On44Oz[rn]
30-32949,aHR0cDovL3RzaG9wLnIxMHMuanAvY2luZW1hY29sbGVjdGlvbi9jYWJpbmV0L3IyMDE2MTIyNy9rYy1wbS1rYy1tYi5qcGc/Zml0aW49NzAwOjcwMA==,MzE5LjIwMDA=,,44Kt44OD44K644O744OZ44OT44O844O744Oe44K/44OL44OG44KjID4g44Kt44OD44K6ID4g6ZuR6LKo44O75bCP54mp77yI44GK5byB5b2T44Kw44OD44K644O744K/44Kq44Or44O75paH5YW36aGe77yJID4g5a2Q5L6b55So44GK5byB5b2T6KKL,44Od44Kx44OD44OI44Oi44Oz44K544K/44O8IOOBjeOCk+OBoeOCg+OBj+iiiyDlt77nnYAg44Oi44Oz44K544K/44O844Oc44O844OrIOOCseOCpOOCq+ODs+ODkeODi+ODvCDntIQyMC41w5cxOGNtIOOBiuW8geW9k+iiiyDjgq3jg6Pjg6njgq/jgr/jg7zjgrDjg4PjgrrpgJrosqkg44CQ44Oh44O844Or5L6/5Y+v44CR44CQ44GC44GZ5qW944CR44K344ON44Oe44Kz44Os44Kv44K344On44Oz,,PGNlbnRlcj48YSBocmVmPSJodHRwOi8vd3d3LnJha3V0ZW4ubmUuanAvZ29sZC9jaW5lbWFjb2xsZWN0aW9uL2Fuc3dlci5odG1sI2MxcTMiIHRhcmdldD0iX25ldyI+PGltZyB3aWR0aD0iNzUwIiBib3JkZXI9IjAiIHNyYz0iaHR0cDovL2ltYWdlLnJha3V0ZW4uY28uanAvY2luZW1hY29sbGVjdGlvbi9jYWJpbmV0L3ItbWFpbDU4MC5qcGciIGhlaWdodD0iNTAiIHZzcGFjZT0iNSI+PC9hPjwvY2VudGVyPjxicj48YnI+44Od44Kx44OD44OI44Oi44Oz44K544K/44O8IOOBjeOCk+OBoeOCg+OBj+iiiyDlt77nnYAg44Oi44Oz44K544K/44O844Oc44O844OrIOOCseOCpOOCq+ODs+ODkeODi+ODvCDntIQyMC41w5cxOGNtIOOBiuW8geW9k+iiiyDjgq3jg6Pjg6njgq/jgr/jg7zjgrDjg4PjgrrpgJrosqkg44CQ44Oh44O844Or5L6/5Y+v44CR44CQ44GC44GZ5qW944CR44K344ON44Oe44Kz44Os44Kv44K344On44OzPEJSPjxCUj48IS0tIOKYheOBiuawl+OBq+WFpeOCii0tPjxkaXYgY2xhc3M9IncyODAtYyI+PGRpdiBjbGFzcz0iY2VudGVyLW0tMGEiPjxpbWcgY2xhc3M9Iml0ZW0tb2tpLWJuIiBhbHQ9IuOCreODo+ODqeOCr+OCv+ODvOOCsOODg+OCuumAmuiyqeOCt+ODjeODnuOCs+ODrOOCr+OCt+ODp+ODs+OBruOBiuawl+OBq+WFpeOCiuODquOCueODiOOCkueiuuiqjeOBmeOCiyIgc3JjPSJodHRwOi8vaW1hZ2UucmFrdXRlbi5jby5qcC9jaW5lbWFjb2xsZWN0aW9uL2NhYmluZXQvb2tpLTIuZ2lmIj48L2Rpdj48L2Rpdj48IS0tIOKYheOBiuawl+OBq+WFpeOCiuOCs+OCs+OBvuOBpy0tPjwhLS3imIXliYrpmaTkuI3lj68tLT48L3NwYW4+PC90ZD48L3RyPjwvdGFibGU+PGJyPjwvdGQ+PC90cj48L3RhYmxlPjxicj48dGFibGUgY2VsbHBhZGRpbmc9IjAiIGJvcmRlcj0iMCI+PHRyPjx0ZD48dGFibGUgY2VsbHBhZGRpbmc9IjAiIGJvcmRlcj0iMCI+PHRyPjx0ZD48c3Bhbj48IS0t6Zai6YCj5qSc57Si44Kt44O844Ov44O844OJLS0+PGRpdiBzdHlsZT0id2lkdGg6MTAwJTt0ZXh0LWFsaWduOiBjZW50ZXIiPjxoMyBzdHlsZT0iY29sb3I6IzdmN2Y3ZjsiPuOCs+ODg+ODl+WFpeOCjOOChOOCs+OCueODoeWFpeOCjOOBquOBqeOCpOODreOCpOODreS9v+OBiOOCi+OCreODo+ODqeODneODvOODgTxicj48IS0t4piFSy0tPuOCs+ODg+ODl+WFpeOCjC/jgq3jg4Pjgrov5YWl5ZyS5rqW5YKZL+Wwj+eJqeWFpeOCjC/mlrDlhaXlraY8L2gzPjxpbWcgc3R5bGU9Im1hcmdpbjoxNXB4IDAgMTBweCAwO3dpZHRoOjEwMCUgO2JvcmRlcjpub25lOyIgYWx0PSLjgq3jg6Pjg6njgq/jgr/jg7zjgrDjg4PjgrrlsILploDlupcv44K344ON44Oe44Kz44Os44Kv44K344On44OzL+WVhuWTgeips+e0sCIgc3JjPSJodHRwOi8vd3d3LnJha3V0ZW4ubmUuanAvZ29sZC9jaW5lbWFjb2xsZWN0aW9uL2JuL2l0ZW0tYm4wMS5naWYiIC8+PGRpdiBzdHlsZT0iY29sb3I6IzdmN2Y3Zjt3aWR0aDo5MCU7bWFyZ2luOjAgYXV0bzsjZWZlZmVmIHNvbGlkIDFweDtwYWRkaW5nOjEwcHg7dGV4dC1hbGlnbjogbGVmdDsiPuWkp+S6uuawl+OAkOODneOCseODouODs+OAkeOCsOODg+OCuuOBq+OBvuOBn+OBvuOBn+WPr+aEm+OBhG5ld+OCouOCpOODhuODoOeZu+WgtCE8YnI+44GT44Gh44KJ44Gv5a6a55Wq44Ki44Kk44OG44Og44CQ5be+552A44Od44O844OB44CRPGJyPuOBiuW8geW9k+iii+OChOOCs+ODg+ODl+WFpeOCjOODu+OCs+OCueODoeWFpeOCjOOBquOBqeOCpOODreOCpOODreS9v+OBiOOCi+KYhjxicj7lj6/mhJvjgYTjga7jgYvjgonjgqvjg4PjgrPjgYTjgYTjga7jgb7jgafjgYTjgaPjgbHjgYTnqK7poZ7jgYzjgYLjgovjga7jgafjgYrmsJfjgavlhaXjgorjgpLmjqLjgZfjgabjga3imao8YnI+PGJyPuKWoOOCteOCpOOCuu+8mue0hDIwNcOXMTgwbW08QlI+PEJSPuKWoOOCq+ODqeODvCDjgq/jg6rjg7zjg6Dns7vvvIjnmb3jg7voloTjgYTjgqTjgqjjg63jg7zvvIk8QlI+PEJSPjwvZGl2PjwvZGl2PjxkaXYgc3R5bGU9IndpZHRoOjEwMCU7dGV4dC1hbGlnbjogY2VudGVyOyI+PGltZyBzdHlsZT0ibWFyZ2luOjE1cHggMCAxMHB4IDA7d2lkdGg6MTAwJSA7Ym9yZGVyOm5vbmU7IiBhbHQ9IuOCreODo+ODqeOCr+OCv+ODvOOCsOODg+OCuuWwgumWgOW6ly/jgrfjg43jg57jgrPjg6zjgq/jgrfjg6fjg7Mv6Kmz57Sw55S75YOPIiBzcmM9Imh0dHA6Ly93d3cucmFrdXRlbi5uZS5qcC9nb2xkL2NpbmVtYWNvbGxlY3Rpb24vYm4vaXRlbS1ibjAyLmdpZiIgLz48ZGl2IHN0eWxlPSJ3aWR0aDoxMDAlO21hcmdpbjowIGF1dG87Ij48aW1nIHN0eWxlPSJ3aWR0aDoyNjBweDttYXJnaW46MnB4O2JvcmRlcjpub25lOyIgc3JjPSJodHRwOi8vaW1hZ2UucmFrdXRlbi5jby5qcC9jaW5lbWFjb2xsZWN0aW9uL2NhYmluZXQvcjIwMTYxMjI3L2tjLXBtLWtjLW1iLmpwZyI+PGltZyBzdHlsZT0id2lkdGg6MjYwcHg7bWFyZ2luOjJweDtib3JkZXI6bm9uZTsiIHNyYz0iaHR0cDovL2ltYWdlLnJha3V0ZW4uY28uanAvY2luZW1hY29sbGVjdGlvbi9jYWJpbmV0L3IyMDE2MTIyNy9rYy1wbS1rYy1tYl8yLmpwZyI+PC9kaXY+PC9kaXY+PGRpdiBzdHlsZT0id2lkdGg6MTAwJTt0ZXh0LWFsaWduOiBjZW50ZXI7Ij48aW1nIHN0eWxlPSJtYXJnaW46MTVweCAwIDEwcHggMDt3aWR0aDoxMDAlIDtib3JkZXI6bm9uZTsiIGFsdD0i44Kt44Oj44Op44Kv44K/44O844Kw44OD44K65bCC6ZaA5bqXL+OCt+ODjeODnuOCs+ODrOOCr+OCt+ODp+ODsy/oqbPntLDnlLvlg48iIHNyYz0iaHR0cDovL3d3dy5yYWt1dGVuLm5lLmpwL2dvbGQvY2luZW1hY29sbGVjdGlvbi9ibi9pdGVtLWJuMDMuZ2lmIiAvPjxkaXYgc3R5bGU9IndpZHRoOjUwJTt0b3A6NzVweDtmbG9hdDpsZWZ0O3RleHQtYWxpZ246IGxlZnQ7Ij7jgJDjg53jgrHjg4Pjg4jjg6Ljg7Pjgrnjgr/jg7zjgJHku5bjga7nqK7poZ7jga/jgZPjgaHjgonjgYvjgokgJmd0OyZndDs8L2Rpdj48ZGl2IHN0eWxlPSJ3aWR0aDo1MCU7ZmxvYXQ6bGVmdDt0ZXh0LWFsaWduOnJpZ2h0OyI+PGltZyBzdHlsZT0id2lkdGg6MjUwcHg7Ym9yZGVyOm5vbmU7IiBzcmM9Imh0dHA6Ly9pbWFnZS5yYWt1dGVuLmNvLmpwL2NpbmVtYWNvbGxlY3Rpb24vY2FiaW5ldC8wMDJsYm4vdG9wbGI3MC5qcGciPjwvZGl2PjxkaXYgc3R5bGU9ImNsZWFyOmJvdGg7Ij48L2Rpdj48L2Rpdj48IS0t6Zai6YCj5qSc57Si44Kt44O844Ov44O844OJLS0+PGRpdiBjbGFzcz0ia2FucmVuLWxpbmsiPuOBk+OBruOCq+ODhuOCtOODquOBq+OBr+OBk+OCk+OBquWVhuWTgeOBjOWQq+OBvuOCjOOBpuOBhOOBvuOBmTxicj48YnI+PHNwYW4gY2xhc3M9ImthbnJlbi1saW5rIj7jgq3jg4Pjg4Hjg7Ppm5HosqjjgJDjg6njg7Pjg4Hlt77nnYDjgJE8L3NwYW4+PC9kaXY+PCEtLeKYheOCs+OCs+OBvuOBpy0tPjwhLS3plqLpgKPmpJzntKLjgq3jg7zjg6/jg7zjg4ktLT48ZGl2IGNsYXNzPSJrYW5yZW4tbGluayI+44GT44KM44KS6KaL44Gf5Lq644Gv44GT44KT44Gq44Kt44O844Ov44O844OJ44Gn5qSc57Si44GX44Gm44GE44G+44GZPGJyPjxicj48c3BhbiBjbGFzcz0ia2FucmVuLWxpbmsiPuOCreODo+ODqeOCr+OCv+ODvCDlt77nnYA8L3NwYW4+PHNwYW4gY2xhc3M9ImthbnJlbi1saW5rIj7jgYrlvIHlvZMg5be+552APC9zcGFuPjxzcGFuIGNsYXNzPSJrYW5yZW4tbGluayI+44GK5byB5b2T5YyF44G/PC9zcGFuPjxzcGFuIGNsYXNzPSJrYW5yZW4tbGluayI+44Op44Oz44OB44Kv44Ot44K5PC9zcGFuPjxzcGFuIGNsYXNzPSJrYW5yZW4tbGluayI+44Kt44Oj44Op44Kv44K/44O8IOOBiuW8geW9k+eusTwvc3Bhbj48c3BhbiBjbGFzcz0ia2FucmVuLWxpbmsiPuOBiuW8geW9k+eusTwvc3Bhbj48c3BhbiBjbGFzcz0ia2FucmVuLWxpbmsiPuODqeODs+ODgSDjgrDjg4Pjgro8L3NwYW4+PHNwYW4gY2xhc3M9ImthbnJlbi1saW5rIj7jg6njg7Pjg4Eg55So5ZOBPC9zcGFuPjxzcGFuIGNsYXNzPSJrYW5yZW4tbGluayI+44Kt44Oj44Op44Kv44K/44O8IOW8geW9kzwvc3Bhbj48c3BhbiBjbGFzcz0ia2FucmVuLWxpbmsiPuawtOetkjwvc3Bhbj48L2Rpdj48IS0t4piF44Kz44Kz44G+44GnLS0+PCEtLTU2MDAtLT4KCjwvVEQ+PC9UUj48L1RBQkxFPjxicj48YnI+CgoKPCEtLeaWsOedgCAtLT4KCjxpbWcgc3R5bGU9IndpZHRoOjgwMHB4O21hcmdpbjowIDAgMTBweCAwO2JvcmRlcjpub25lOyIgc3JjPSJodHRwOi8vaW1hZ2UucmFrdXRlbi5jby5qcC9jaW5lbWFjb2xsZWN0aW9uL2NhYmluZXQvc2luLmdpZiI+PGJyPgo8ZGl2IHN0eWxlPSJ3aWR0aDo3NTBweDttYXJnaW46IDAgYXV0bztwYWRkaW5nOjE1cHg7dGV4dC1hbGlnbjpyaWdodDtmb250LXdlaWdodDpib2xkO2ZvbnQtc2l6ZToxOHB4OyI+Pj7mlrDnnYDmg4XloLHjga7jgaTjgaXjgY3jga/jgZPjgaHjgok8L2Rpdj4KPGJyPgo8ZGl2IHN0eWxlPSJ3aWR0aDo3NTBweDttYXJnaW46IDAgYXV0bztwYWRkaW5nOjE1cHg7dGV4dC1hbGlnbjpyaWdodDtmb250LXdlaWdodDpib2xkO2ZvbnQtc2l6ZToxOHB4OyI+Pj7mlrDnnYDmg4XloLHjga7jgaTjgaXjgY3jga/jgZPjgaHjgok8L2Rpdj4KCgoKCgoKPGltZyBzdHlsZT0id2lkdGg6ODAwcHg7bWFyZ2luOjAgMCAxMHB4IDA7Ym9yZGVyOm5vbmU7IiBzcmM9Imh0dHA6Ly9pbWFnZS5yYWt1dGVuLmNvLmpwL2NpbmVtYWNvbGxlY3Rpb24vY2FiaW5ldC9jYXIuZ2lmIj48YnI+Cjx0YWJsZSB3aWR0aD0iODAwIj48dHI+PHRkIHdpZHRoPSI4MDAiIGFsaWduPSJyaWdodCI+4oeS44GZ44G544Gm44Gu44Kt44Oj44Op44Kv44K/44O844Gv44GT44Gh44KJPC90ZD48L3RyPjx0cj48dGQ+PGJyPjxicj4KCjxicj48YnI+CjwvdGQ+PC90cj48L3RhYmxlPjxicj48YnI+CgoKPGltZyBzdHlsZT0id2lkdGg6ODAwcHg7bWFyZ2luOjAgMCAxMHB4IDA7Ym9yZGVyOm5vbmU7IiBzcmM9Imh0dHA6Ly9pbWFnZS5yYWt1dGVuLmNvLmpwL2NpbmVtYWNvbGxlY3Rpb24vY2FiaW5ldC9jYXQuZ2lmIj48YnI+CjwvY2VudGVyPgoKCjwhLS0gLS0+Cgo8c3R5bGU+Ci8q6LK344GE54mp44Kr44K044Oc44K/44OzKi8KI3Jha3V0ZW5MaW1pdGVkSWRfYXJvdW5kQ2FydCBpbnB1dCB7Cgl3aWR0aDogMjgwcHg7CgloZWlnaHQ6IDE1MHB4OwoJYmFja2dyb3VuZDp1cmwoaHR0cDovL2ltYWdlLnJha3V0ZW4uY28uanAvY2luZW1hY29sbGVjdGlvbi9jYWJpbmV0L2NhcnQuZ2lmKSAjZmZmZmZmIG5vLXJlcGVhdDsKCW92ZXJmbG93OiBoaWRkZW47Cglib3JkZXItd2lkdGg6IDBweDsKCWN1cnNvcjogcG9pbnRlciAhaW1wb3J0YW50OwoJdGV4dC1pbmRlbnQ6IDE1MCU7Cgl3aGl0ZS1zcGFjZTogbm93cmFwOwoJbWFyZ2luOiA1cHggMCAwIDA7CglkaXNwbGF5OmJsb2NrOwp9CgojcmFrdXRlbkxpbWl0ZWRJZF9hcm91bmRDYXJ0IC5pbnZlbnRvcnkgaW5wdXQgewoJYmFja2dyb3VuZDpub25lICFpbXBvcnRhbnQ7Cgl3aWR0aDogMmVtIWltcG9ydGFudDsKCWhlaWdodDogMS4yZW0haW1wb3J0YW50OwoJZGlzcGxheTppbmxpbmU7Cn0KCgovKuWAi+aVsOODhuOCreOCueODiCovCiNyYWt1dGVuTGltaXRlZElkX2Fyb3VuZENhcnQgLnVuaXQgewoJZm9udC1zaXplOjE2cHg7Cn0KCi8q5YCL5pWw5YWl5YqbKi8KI3Jha3V0ZW5MaW1pdGVkSWRfYXJvdW5kQ2FydCBpbnB1dCN1bml0cyB7Cglib3JkZXI6c29saWQgI2NjYyAxcHg7CgliYWNrZ3JvdW5kOiNmZmYhaW1wb3J0YW50OwoJd2lkdGg6MzBweDsKCWhlaWdodDozMHB4OwoJY3Vyc29yOmF1dG87CglwYWRkaW5nOjdweCA3cHggN3B4IDNweDsKCXRleHQtaW5kZW50OiAwcHg7CglvdmVyZmxvdzogaGlkZGVuOwoJZGlzcGxheTppbmxpbmU7Cglmb250LXNpemU6MTZweDsKfQoKLyrjgYrllY/jgYTlkIjjgo/jgZvjg5zjgr/jg7MqLwojcmFrdXRlbkxpbWl0ZWRJZF9hcm91bmRDYXJ0IGZvbnQgaW5wdXQgewoJd2lkdGg6IDI4MHB4OwoJaGVpZ2h0OiA4MHB4OwoJYmFja2dyb3VuZDp1cmwoaHR0cDovL2ltYWdlLnJha3V0ZW4uY28uanAvY2luZW1hY29sbGVjdGlvbi9jYWJpbmV0L3RvaS5naWYpICNmZmZmZmYgbm8tcmVwZWF0OwoJb3ZlcmZsb3c6IGhpZGRlbjsKCWJvcmRlci13aWR0aDogMHB4OwoJY3Vyc29yOiBwb2ludGVyICFpbXBvcnRhbnQ7Cgl0ZXh0LWluZGVudDogMTUwJTsKCXdoaXRlLXNwYWNlOiBub3dyYXA7CgltYXJnaW46IDVweCAwIDAgMDsKCWRpc3BsYXk6YmxvY2s7Cn0KCiNzZXJ2aWNlVGFibGVTbWwgLmZhdm9yaXRlIHsKCWRpc3BsYXk6YmxvY2s7Cgl3aWR0aDogMjgwcHg7Cn0KCiNzZXJ2aWNlVGFibGVTbWwgLmZhdm9yaXRlIC5ib29rbWFya0FyZWEgZGl2ewoJd2lkdGg6IDI4MHB4IWltcG9ydGFudDsKfQoKI3NlcnZpY2VUYWJsZVNtbCAuZmF2b3JpdGUgLmJrbSBhIHsKCXdpZHRoOiAyODBweCFpbXBvcnRhbnQ7CgloZWlnaHQ6IDMwMHB4IWltcG9ydGFudDsKCWJhY2tncm91bmQ6dXJsKGh0dHA6Ly9pbWFnZS5yYWt1dGVuLmNvLmpwL2NpbmVtYWNvbGxlY3Rpb24vY2FiaW5ldC9va2kuZ2lmKSAjZmZmZmZmIG5vLXJlcGVhdDsKCW92ZXJmbG93OiBoaWRkZW47Cglib3JkZXItd2lkdGg6IDBweDsKCWN1cnNvcjogcG9pbnRlciAhaW1wb3J0YW50OwoJdGV4dC1pbmRlbnQ6LTE1MCU7CgltYXJnaW46IDVweCAwIDAgMDsKCWRpc3BsYXk6YmxvY2s7Cn0KCgovKuOBiuawl+OBq+WFpeOCiiovCgpkaXYudzI4MC1jICB7d2lkdGg6MjgwcHg7dGV4dC1hbGlnbjogY2VudGVyO30KZGl2LmNlbnRlci1tLTBhICB7bWFyZ2luOjAgYXV0bzt9Ci5pdGVtLW9raS1ibiAge3dpZHRoOjI4MHB4O21hcmdpbjoycHggMDtib3JkZXI6bm9uZTt9Ci5pdGVtLWlmcmFtZSAge21hcmdpbjowcHg7Ym9yZGVyOjBweDt9CgpkaXYua2FucmVuLWxpbmsge2NvbG9yOiM3ZjdmN2Y7d2lkdGg6OTAlO21hcmdpbjoyMHB4IGF1dG87cGFkZGluZzoyMHB4O3RleHQtYWxpZ246IGxlZnQ7Zm9udC1zaXplOjEuMmVtO2JhY2tncm91bmQtY29sb3I6I2ZmZmZmZjtib3JkZXI6ZG90dGVkIDJweCAjZmY4MDMzO30Kc3Bhbi5rYW5yZW4tbGluayB7bWFyZ2luOjEwcHggO3BhZGRpbmc6IDAgMCAwIDAuNWVtO2ZvbnQtc2l6ZToxLjJlbTsKYmFja2dyb3VuZDp1cmwoaHR0cDovL2ltYWdlLnJha3V0ZW4uY28uanAvbW0tcG9wL2NhYmluZXQvbGluay1oZWFkLXBrLmdpZikgbm8tcmVwZWF0IDAgMC40NWVtOwp9CmE6bGluayBrYW5yZW4tbGlua3tmb250LXNpemU6MS4yZW07IGNvbG9yOiMzMzgwZmY7dGV4dC1kZWNvcmF0aW9uOm5vbmU7fQoKPC9zdHlsZT4KCgoKCjwhLS0gCjxzeWxlIHR5cGU9InRleHQvY3NzIj4KIGh0bWwsYm9keXsgb3ZlcmZsb3cteDpoaWRkZW47IH0KCmE6bGluayB7Y29sb3I6IzMzODBmZjt9CmE6dmlzaXRlZCB7Y29sb3I6IzY2Njt9CmE6aG92ZXIge2NvbG9yOiMzMzM7fQphOmFjdGl2ZSB7Y29sb3I6IzMzMzt9CmF7dGV4dC1kZWNvcmF0aW9uOm5vbmU7fQppbWcge2JvcmRlcjpub25lOyB2ZXJ0aWNhbC1hbGlnbjpib3R0b207fQpwIHttYXJnaW46MDsgcGFkZGluZzowOyBmb250LXNpemU6ODAlO30KcC5yZXNpemVpbWFnZSBpbWcgeyB3aWR0aDogOTglOyB9CnAucmVzaXplaW1hZ2UyIGltZyB7IHdpZHRoOiA5MCU7IH0KYTpob3ZlciBpbWcge29wYWNpdHk6IDAuNjsgZmlsdGVyOiBhbHBoYShvcGFjaXR5PTYwKTsgLW1vei1vcGFjaXR5OiAwLjY7fQoKCmltZy50b3BibnttYXJnaW46MTBweCAwO2JvcmRlcjpub25lO30KZGl2LmRpc2MzIHt3aWR0aDoxMDAlO21hcmdpbjogMCBhdXRvO3BhZGRpbmc6MTVweDtiYWNrZ3JvdW5kOiNlZmVmZWY7dGV4dC1hbGlnbjpsZWZ0O2ZvbnQtd2VpZ2h0OmJvbGQ7Zm9udC1zaXplOjE4cHg7fQoKIDwvc3R5bGU+Ci0tPgoKCjxzdHlsZSB0eXBlPSJ0ZXh0L2NzcyI+CjwhLS0KCmRpdiNIZWFkZXJLZXl3b3JkIHsKCXBvc2l0aW9uOmFic29sdXRlOwoJdG9wOjYwcHg7LyrkuIDnlarkuIrjgYvjgonjga7kvY3nva4qLwoJbGVmdDo2MHB4Oy8q5bem56uv44GL44KJ44Gu5L2N572uKi8KfQoKZGl2I0hlYWRlcktleXdvcmQgc3BhbiB7CgliYWNrZ3JvdW5kOiAjYmYwMDAwOwoJY29sb3I6I2ZmZjsKCWZvbnQtd2VpZ2h0OmJvbGQ7CglwYWRkaW5nOjJweCA1cHg7Cn0KCmRpdiNIZWFkZXJLZXl3b3JkIGEgewoJY29sb3I6IzAwNDRDQzsKfQoKLS0+Cjwvc3R5bGU+CjxkaXYgaWQ9IkhlYWRlcktleXdvcmQiPgo8c3Bhbj7ms6jnm67jga7jgq3jg7zjg6/jg7zjg4k8L3NwYW4+Cj4+5paH5oi/5YW3Cj4+44OQ44OD44KwCj4+44GK6LKh5biDCj4+44K544OM44O844OU44O8Cgo8L2Rpdj4=,44Od44Kx44OD44OI44Oi44Oz44K544K/44O8IOOBjeOCk+OBoeOCg+OBj+iiiyDlt77nnYAg44Oi44Oz44K544K/44O844Oc44O844OrIOOCseOCpOOCq+ODs+ODkeODi+ODvCDntIQyMC41JnRpbWVzOzE4Y20g44GK5byB5b2T6KKLIOOCreODo+ODqeOCr+OCv+ODvOOCsOODg+OCuumAmuiyqSDjgJDjg6Hjg7zjg6vkvr/lj6/jgJHjgJDjgYLjgZnmpb3jgJHjgrfjg43jg57jgrPjg6zjgq/jgrfjg6fjg7PvvJrjgq3jg6Pjg6njgq/jgr/jg7zjga7jgrfjg43jg57jgrPjg6zjgq/jgrfjg6fjg7M=,44Kt44Oj44Op44Kv44K/44O844Kt44Oj44Op44Kv44K/44O844Kw44OD44K644Kt44Oj44Op44Kv44K/44O86ZuR6LKo6ZuR6LKo44K144Oz44Oq44Kq44OH44Kj44K644OL44O844KG44KL44Kt44Oj44Op44Of44OD44Kt44O844Kt44OG44Kj44GP44G+44Oi44Oz44Ov44Oz44OU44O844K544Ki44OL44Oh44Ki44OL44Oh44Kw44OD44K644K/44Kq44Or5paH5YW35paH5oi/5YW344Kk44Oz44OG44Oq44Ki55Sf5rS76ZuR6LKo44Kt44OD44K65a2Q44Gp44KC44Od44Kx44OD44OI44Oi44Oz44K544K/44O8IOOBjeOCk+OBoeOCg+OBj+iiiyDlt77nnYAg44Oi44Oz44K544K/44O844Oc44O844OrIOOCseOCpOOCq+ODs+ODkeODi+ODvCDntIQyMC41JnRpbWVzOzE4Y20g44GK5byB5b2T6KKLIOOCreODo+ODqeOCr+OCv+ODvOOCsOODg+OCuumAmuiyqSDjgJDjg6Hjg7zjg6vkvr/lj6/jgJHjgJDjgYLjgZnmpb3jgJHjgrfjg43jg57jgrPjg6zjgq/jgrfjg6fjg7M=,44Od44Kx44OD44OI44Oi44Oz44K544K/44O8IOOBjeOCk+OBoeOCg+OBj+iiiyDlt77nnYAg44Oi44Oz44K544K/44O844Oc44O844OrIOOCseOCpOOCq+ODs+ODkeODi+ODvCDntIQyMC41JnRpbWVzOzE4Y20g44GK5byB5b2T6KKLIOOCreODo+ODqeOCr+OCv+ODvOOCsOODg+OCuumAmuiyqSDjgJDjg6Hjg7zjg6vkvr/lj6/jgJHjgJDjgYLjgZnmpb3jgJHjgrfjg43jg57jgrPjg6zjgq/jgrfjg6fjg7M=[rn]
30-32950,aHR0cDovL3RzaG9wLnIxMHMuanAvY2luZW1hY29sbGVjdGlvbi9jYWJpbmV0L3IyMDE1MTEyNC9tcnMtMDM2NDEwNTcwMC5qcGc/Zml0aW49NzAwOjcwMA==,NjcxLjIwMDA=,,44Kt44OD44K644O744OZ44OT44O844O744Oe44K/44OL44OG44KjID4g44Kt44OD44K6ID4g6ZuR6LKo44O75bCP54mp77yI44GK5byB5b2T44Kw44OD44K644O744K/44Kq44Or44O75paH5YW36aGe77yJID4g5a2Q5L6b55So44GK5byB5b2T6KKL,44Of44OD44OV44Kj44O8IOODqeODs+ODgeW3vuedgCDjg57jg4Hku5jjgY3jgY3jgpPjgaHjgoPjgY/jg53jg7zjg4Eg44Gp44GT44G+44Gn44KC5LmX44Gj44GmICDjg4fjgqPjg4Pjgq/jg7vjg5bjg6vjg7zjg4og5Li455yeIDI2w5cxN8OXMTJjbSDjgYrlvIHlvZPnrrHooosg44Kt44Oj44Op44Kv44K/44O844Kw44OD44K66YCa6LKpIOOAkOODoeODvOODq+S+v+WPr+OAkeOAkOOBguOBmealveOAkeOCt+ODjeODnuOCs+ODrOOCr+OCt+ODp+ODsw==,,PGNlbnRlcj48YSBocmVmPSJodHRwOi8vd3d3LnJha3V0ZW4ubmUuanAvZ29sZC9jaW5lbWFjb2xsZWN0aW9uL2Fuc3dlci5odG1sI2MxcTMiIHRhcmdldD0iX25ldyI+PGltZyB3aWR0aD0iNzUwIiBib3JkZXI9IjAiIHNyYz0iaHR0cDovL2ltYWdlLnJha3V0ZW4uY28uanAvY2luZW1hY29sbGVjdGlvbi9jYWJpbmV0L3ItbWFpbDU4MC5qcGciIGhlaWdodD0iNTAiIHZzcGFjZT0iNSI+PC9hPjwvY2VudGVyPjxicj48YnI+44Of44OD44OV44Kj44O8IOODqeODs+ODgeW3vuedgCDjg57jg4Hku5jjgY3jgY3jgpPjgaHjgoPjgY/jg53jg7zjg4Eg44Gp44GT44G+44Gn44KC5LmX44Gj44GmICDjg4fjgqPjg4Pjgq/jg7vjg5bjg6vjg7zjg4og5Li455yeIDI2w5cxN8OXMTJjbSDjgYrlvIHlvZPnrrHooosg44Kt44Oj44Op44Kv44K/44O844Kw44OD44K66YCa6LKpIOOAkOODoeODvOODq+S+v+WPr+OAkeOAkOOBguOBmealveOAkeOCt+ODjeODnuOCs+ODrOOCr+OCt+ODp+ODs+KXhjxCUj48QlI+PCEtLSDimIXjgYrmsJfjgavlhaXjgootLT48ZGl2IGNsYXNzPSJ3MjgwLWMiPjxkaXYgY2xhc3M9ImNlbnRlci1tLTBhIj48aW1nIGNsYXNzPSJpdGVtLW9raS1ibiIgYWx0PSLjgq3jg6Pjg6njgq/jgr/jg7zjgrDjg4PjgrrpgJrosqnjgrfjg43jg57jgrPjg6zjgq/jgrfjg6fjg7Pjga7jgYrmsJfjgavlhaXjgorjg6rjgrnjg4jjgpLnorroqo3jgZnjgosiIHNyYz0iaHR0cDovL2ltYWdlLnJha3V0ZW4uY28uanAvY2luZW1hY29sbGVjdGlvbi9jYWJpbmV0L29raS0yLmdpZiI+PC9kaXY+PC9kaXY+PCEtLSDimIXjgYrmsJfjgavlhaXjgorjgrPjgrPjgb7jgactLT48IS0t4piF5YmK6Zmk5LiN5Y+vLS0+PC9zcGFuPjwvdGQ+PC90cj48L3RhYmxlPjxicj48L3RkPjwvdHI+PC90YWJsZT48YnI+PHRhYmxlIGNlbGxwYWRkaW5nPSIwIiBib3JkZXI9IjAiPjx0cj48dGQ+PHRhYmxlIGNlbGxwYWRkaW5nPSIwIiBib3JkZXI9IjAiPjx0cj48dGQ+PHNwYW4+PCEtLemWoumAo+aknOe0ouOCreODvOODr+ODvOODiS0tPjxkaXYgc3R5bGU9IndpZHRoOjEwMCU7dGV4dC1hbGlnbjogY2VudGVyIj48aDMgc3R5bGU9ImNvbG9yOiM3ZjdmN2Y7Ij7jgYrlvIHlvZPnrrHjgpLlhaXjgozjgovjga7jgavjgbTjgaPjgZ/jgorjgarjgYvjgo/jgYTjgYTlt77nnYDooos8YnI+PCEtLeKYhUstLT7lvIHlvZPnrrEv44Op44Oz44OB44OQ44OD44KwL+W5vOeomuWcki/pgaDotrMv44Kr44OI44Op44Oq44O8PC9oMz48aW1nIHN0eWxlPSJtYXJnaW46MTVweCAwIDEwcHggMDt3aWR0aDoxMDAlIDtib3JkZXI6bm9uZTsiIGFsdD0i44Kt44Oj44Op44Kv44K/44O844Kw44OD44K65bCC6ZaA5bqXL+OCt+ODjeODnuOCs+ODrOOCr+OCt+ODp+ODsy/llYblk4HoqbPntLAiIHNyYz0iaHR0cDovL3d3dy5yYWt1dGVuLm5lLmpwL2dvbGQvY2luZW1hY29sbGVjdGlvbi9ibi9pdGVtLWJuMDEuZ2lmIiAvPjxkaXYgc3R5bGU9ImNvbG9yOiM3ZjdmN2Y7d2lkdGg6OTAlO21hcmdpbjowIGF1dG87I2VmZWZlZiBzb2xpZCAxcHg7cGFkZGluZzoxMHB4O3RleHQtYWxpZ246IGxlZnQ7Ij7jgqrjg6njg7Pjg4Djga7ntbXmnKzkvZzlrrbjgJBEaWNrIEJydW5h44CR44Gu44GG44GV44GT44Gh44KD44KT44GT44Go44Km44K144Ku44Gu44Of44OD44OV44Kj44O844GM5Y+v5oSb44GE44Kw44OD44K644Gr44Gq44Gj44Gf44KI4piG5b2hPGJyPuOBk+OBoeOCieOBr+OBqOOBo+OBpuOCguWPr+aEm+OBhOOAkOODnuODgeS7mOOBjUxVTkNI5be+552A44CRPGJyPuOCq+ODqeODleODq+ODh+OCtuOCpOODs+OBp+OBqOOBo+OBpuOCguWPr+aEm+OBhOKYhuW9oTxicj7lupXjgavjg57jg4HjgYwxMmNt5LuY44GE44Gm44GE44KL44Gu44Gn44GK5byB5b2T566x44KS5YWl44KM44KL44Gu44Gr44G044Gj44Gf44KK4pmqPGJyPjxicj7ilqDjgrXjgqTjgrrvvJrntIQyNjDDlzE3MMOXMTIwbW08YnI+4pag57Sg5p2Q77ya44Kz44OD44OI44OzPC9kaXY+PC9kaXY+PGRpdiBzdHlsZT0id2lkdGg6MTAwJTt0ZXh0LWFsaWduOiBjZW50ZXI7Ij48aW1nIHN0eWxlPSJtYXJnaW46MTVweCAwIDEwcHggMDt3aWR0aDoxMDAlIDtib3JkZXI6bm9uZTsiIGFsdD0i44Kt44Oj44Op44Kv44K/44O844Kw44OD44K65bCC6ZaA5bqXL+OCt+ODjeODnuOCs+ODrOOCr+OCt+ODp+ODsy/oqbPntLDnlLvlg48iIHNyYz0iaHR0cDovL3d3dy5yYWt1dGVuLm5lLmpwL2dvbGQvY2luZW1hY29sbGVjdGlvbi9ibi9pdGVtLWJuMDIuZ2lmIiAvPjxkaXYgc3R5bGU9IndpZHRoOjEwMCU7bWFyZ2luOjAgYXV0bzsiPjxpbWcgc3R5bGU9IndpZHRoOjI2MHB4O21hcmdpbjoycHg7Ym9yZGVyOm5vbmU7IiBzcmM9Imh0dHA6Ly9pbWFnZS5yYWt1dGVuLmNvLmpwL2NpbmVtYWNvbGxlY3Rpb24vY2FiaW5ldC9yMjAxNTExMjQvbXJzLTAzNjQxMDU3MDAuanBnIj48aW1nIHN0eWxlPSJ3aWR0aDoyNjBweDttYXJnaW46MnB4O2JvcmRlcjpub25lOyIgc3JjPSJodHRwOi8vaW1hZ2UucmFrdXRlbi5jby5qcC9jaW5lbWFjb2xsZWN0aW9uL2NhYmluZXQvcjIwMTUxMTI0L21ycy0wMzY0MTA1NzAwXzIuanBnIj48aW1nIHN0eWxlPSJ3aWR0aDoyNjBweDttYXJnaW46MnB4O2JvcmRlcjpub25lOyIgc3JjPSJodHRwOi8vaW1hZ2UucmFrdXRlbi5jby5qcC9jaW5lbWFjb2xsZWN0aW9uL2NhYmluZXQvcjIwMTUxMTI0L21ycy0wMzY0MTA1NzAwXzMuanBnIj48L2Rpdj48L2Rpdj48ZGl2IHN0eWxlPSJ3aWR0aDoxMDAlO3RleHQtYWxpZ246IGNlbnRlcjsiPjxpbWcgc3R5bGU9Im1hcmdpbjoxNXB4IDAgMTBweCAwO3dpZHRoOjEwMCUgO2JvcmRlcjpub25lOyIgYWx0PSLjgq3jg6Pjg6njgq/jgr/jg7zjgrDjg4PjgrrlsILploDlupcv44K344ON44Oe44Kz44Os44Kv44K344On44OzL+ips+e0sOeUu+WDjyIgc3JjPSJodHRwOi8vd3d3LnJha3V0ZW4ubmUuanAvZ29sZC9jaW5lbWFjb2xsZWN0aW9uL2JuL2l0ZW0tYm4wMy5naWYiIC8+PGRpdiBzdHlsZT0id2lkdGg6NTAlO3RvcDo3NXB4O2Zsb2F0OmxlZnQ7dGV4dC1hbGlnbjogbGVmdDsiPuOAkOODn+ODg+ODleOCo+ODvOOAkeS7luOBrueorumhnuOBr+OBk+OBoeOCieOBi+OCiSAmZ3Q7Jmd0OzwvZGl2PjxkaXYgc3R5bGU9IndpZHRoOjUwJTtmbG9hdDpsZWZ0O3RleHQtYWxpZ246cmlnaHQ7Ij48aW1nIHN0eWxlPSJ3aWR0aDoyNTBweDtib3JkZXI6bm9uZTsiIHNyYz0iaHR0cDovL2ltYWdlLnJha3V0ZW4uY28uanAvY2luZW1hY29sbGVjdGlvbi9jYWJpbmV0LzAwMmxibi90b3BsYjk2LmpwZyI+PC9kaXY+PGRpdiBzdHlsZT0iY2xlYXI6Ym90aDsiPjwvZGl2PjwvZGl2PjwhLS3plqLpgKPmpJzntKLjgq3jg7zjg6/jg7zjg4ktLT48ZGl2IGNsYXNzPSJrYW5yZW4tbGluayI+44GT44Gu44Kr44OG44K044Oq44Gr44Gv44GT44KT44Gq5ZWG5ZOB44GM5ZCr44G+44KM44Gm44GE44G+44GZPGJyPjxicj48c3BhbiBjbGFzcz0ia2FucmVuLWxpbmsiPuOCreODg+ODgeODs+mbkeiyqOOAkOODqeODs+ODgeW3vuedgOOAkTwvc3Bhbj48L2Rpdj48IS0t4piF44Kz44Kz44G+44GnLS0+PCEtLemWoumAo+aknOe0ouOCreODvOODr+ODvOODiS0tPjxkaXYgY2xhc3M9ImthbnJlbi1saW5rIj7jgZPjgozjgpLopovjgZ/kurrjga/jgZPjgpPjgarjgq3jg7zjg6/jg7zjg4njgafmpJzntKLjgZfjgabjgYTjgb7jgZk8YnI+PGJyPjxzcGFuIGNsYXNzPSJrYW5yZW4tbGluayI+44Kt44Oj44Op44Kv44K/44O8IOW3vuedgDwvc3Bhbj48c3BhbiBjbGFzcz0ia2FucmVuLWxpbmsiPuOBiuW8geW9kyDlt77nnYA8L3NwYW4+PHNwYW4gY2xhc3M9ImthbnJlbi1saW5rIj7jgYrlvIHlvZPljIXjgb88L3NwYW4+PHNwYW4gY2xhc3M9ImthbnJlbi1saW5rIj7jg6njg7Pjg4Hjgq/jg63jgrk8L3NwYW4+PHNwYW4gY2xhc3M9ImthbnJlbi1saW5rIj7jgq3jg6Pjg6njgq/jgr/jg7wg44GK5byB5b2T566xPC9zcGFuPjxzcGFuIGNsYXNzPSJrYW5yZW4tbGluayI+44GK5byB5b2T566xPC9zcGFuPjxzcGFuIGNsYXNzPSJrYW5yZW4tbGluayI+44Op44Oz44OBIOOCsOODg+OCujwvc3Bhbj48c3BhbiBjbGFzcz0ia2FucmVuLWxpbmsiPuODqeODs+ODgSDnlKjlk4E8L3NwYW4+PHNwYW4gY2xhc3M9ImthbnJlbi1saW5rIj7jgq3jg6Pjg6njgq/jgr/jg7wg5byB5b2TPC9zcGFuPjxzcGFuIGNsYXNzPSJrYW5yZW4tbGluayI+5rC0562SPC9zcGFuPjwvZGl2PjwhLS3imIXjgrPjgrPjgb7jgactLT48IS0tNTYwMC0tPgoKPC9URD48L1RSPjwvVEFCTEU+PGJyPjxicj4KCgo8IS0t5paw552AIC0tPgoKPGltZyBzdHlsZT0id2lkdGg6ODAwcHg7bWFyZ2luOjAgMCAxMHB4IDA7Ym9yZGVyOm5vbmU7IiBzcmM9Imh0dHA6Ly9pbWFnZS5yYWt1dGVuLmNvLmpwL2NpbmVtYWNvbGxlY3Rpb24vY2FiaW5ldC9zaW4uZ2lmIj48YnI+CjxkaXYgc3R5bGU9IndpZHRoOjc1MHB4O21hcmdpbjogMCBhdXRvO3BhZGRpbmc6MTVweDt0ZXh0LWFsaWduOnJpZ2h0O2ZvbnQtd2VpZ2h0OmJvbGQ7Zm9udC1zaXplOjE4cHg7Ij4+PuaWsOedgOaDheWgseOBruOBpOOBpeOBjeOBr+OBk+OBoeOCiTwvZGl2Pgo8YnI+CjxkaXYgc3R5bGU9IndpZHRoOjc1MHB4O21hcmdpbjogMCBhdXRvO3BhZGRpbmc6MTVweDt0ZXh0LWFsaWduOnJpZ2h0O2ZvbnQtd2VpZ2h0OmJvbGQ7Zm9udC1zaXplOjE4cHg7Ij4+PuaWsOedgOaDheWgseOBruOBpOOBpeOBjeOBr+OBk+OBoeOCiTwvZGl2PgoKCgoKCgo8aW1nIHN0eWxlPSJ3aWR0aDo4MDBweDttYXJnaW46MCAwIDEwcHggMDtib3JkZXI6bm9uZTsiIHNyYz0iaHR0cDovL2ltYWdlLnJha3V0ZW4uY28uanAvY2luZW1hY29sbGVjdGlvbi9jYWJpbmV0L2Nhci5naWYiPjxicj4KPHRhYmxlIHdpZHRoPSI4MDAiPjx0cj48dGQgd2lkdGg9IjgwMCIgYWxpZ249InJpZ2h0Ij7ih5LjgZnjgbnjgabjga7jgq3jg6Pjg6njgq/jgr/jg7zjga/jgZPjgaHjgok8L3RkPjwvdHI+PHRyPjx0ZD48YnI+PGJyPgoKPGJyPjxicj4KPC90ZD48L3RyPjwvdGFibGU+PGJyPjxicj4KCgo8aW1nIHN0eWxlPSJ3aWR0aDo4MDBweDttYXJnaW46MCAwIDEwcHggMDtib3JkZXI6bm9uZTsiIHNyYz0iaHR0cDovL2ltYWdlLnJha3V0ZW4uY28uanAvY2luZW1hY29sbGVjdGlvbi9jYWJpbmV0L2NhdC5naWYiPjxicj4KPC9jZW50ZXI+CgoKPCEtLSAtLT4KCjxzdHlsZT4KLyrosrfjgYTnianjgqvjgrTjg5zjgr/jg7MqLwojcmFrdXRlbkxpbWl0ZWRJZF9hcm91bmRDYXJ0IGlucHV0IHsKCXdpZHRoOiAyODBweDsKCWhlaWdodDogMTUwcHg7CgliYWNrZ3JvdW5kOnVybChodHRwOi8vaW1hZ2UucmFrdXRlbi5jby5qcC9jaW5lbWFjb2xsZWN0aW9uL2NhYmluZXQvY2FydC5naWYpICNmZmZmZmYgbm8tcmVwZWF0OwoJb3ZlcmZsb3c6IGhpZGRlbjsKCWJvcmRlci13aWR0aDogMHB4OwoJY3Vyc29yOiBwb2ludGVyICFpbXBvcnRhbnQ7Cgl0ZXh0LWluZGVudDogMTUwJTsKCXdoaXRlLXNwYWNlOiBub3dyYXA7CgltYXJnaW46IDVweCAwIDAgMDsKCWRpc3BsYXk6YmxvY2s7Cn0KCiNyYWt1dGVuTGltaXRlZElkX2Fyb3VuZENhcnQgLmludmVudG9yeSBpbnB1dCB7CgliYWNrZ3JvdW5kOm5vbmUgIWltcG9ydGFudDsKCXdpZHRoOiAyZW0haW1wb3J0YW50OwoJaGVpZ2h0OiAxLjJlbSFpbXBvcnRhbnQ7CglkaXNwbGF5OmlubGluZTsKfQoKCi8q5YCL5pWw44OG44Kt44K544OIKi8KI3Jha3V0ZW5MaW1pdGVkSWRfYXJvdW5kQ2FydCAudW5pdCB7Cglmb250LXNpemU6MTZweDsKfQoKLyrlgIvmlbDlhaXlipsqLwojcmFrdXRlbkxpbWl0ZWRJZF9hcm91bmRDYXJ0IGlucHV0I3VuaXRzIHsKCWJvcmRlcjpzb2xpZCAjY2NjIDFweDsKCWJhY2tncm91bmQ6I2ZmZiFpbXBvcnRhbnQ7Cgl3aWR0aDozMHB4OwoJaGVpZ2h0OjMwcHg7CgljdXJzb3I6YXV0bzsKCXBhZGRpbmc6N3B4IDdweCA3cHggM3B4OwoJdGV4dC1pbmRlbnQ6IDBweDsKCW92ZXJmbG93OiBoaWRkZW47CglkaXNwbGF5OmlubGluZTsKCWZvbnQtc2l6ZToxNnB4Owp9CgovKuOBiuWVj+OBhOWQiOOCj+OBm+ODnOOCv+ODsyovCiNyYWt1dGVuTGltaXRlZElkX2Fyb3VuZENhcnQgZm9udCBpbnB1dCB7Cgl3aWR0aDogMjgwcHg7CgloZWlnaHQ6IDgwcHg7CgliYWNrZ3JvdW5kOnVybChodHRwOi8vaW1hZ2UucmFrdXRlbi5jby5qcC9jaW5lbWFjb2xsZWN0aW9uL2NhYmluZXQvdG9pLmdpZikgI2ZmZmZmZiBuby1yZXBlYXQ7CglvdmVyZmxvdzogaGlkZGVuOwoJYm9yZGVyLXdpZHRoOiAwcHg7CgljdXJzb3I6IHBvaW50ZXIgIWltcG9ydGFudDsKCXRleHQtaW5kZW50OiAxNTAlOwoJd2hpdGUtc3BhY2U6IG5vd3JhcDsKCW1hcmdpbjogNXB4IDAgMCAwOwoJZGlzcGxheTpibG9jazsKfQoKI3NlcnZpY2VUYWJsZVNtbCAuZmF2b3JpdGUgewoJZGlzcGxheTpibG9jazsKCXdpZHRoOiAyODBweDsKfQoKI3NlcnZpY2VUYWJsZVNtbCAuZmF2b3JpdGUgLmJvb2ttYXJrQXJlYSBkaXZ7Cgl3aWR0aDogMjgwcHghaW1wb3J0YW50Owp9Cgojc2VydmljZVRhYmxlU21sIC5mYXZvcml0ZSAuYmttIGEgewoJd2lkdGg6IDI4MHB4IWltcG9ydGFudDsKCWhlaWdodDogMzAwcHghaW1wb3J0YW50OwoJYmFja2dyb3VuZDp1cmwoaHR0cDovL2ltYWdlLnJha3V0ZW4uY28uanAvY2luZW1hY29sbGVjdGlvbi9jYWJpbmV0L29raS5naWYpICNmZmZmZmYgbm8tcmVwZWF0OwoJb3ZlcmZsb3c6IGhpZGRlbjsKCWJvcmRlci13aWR0aDogMHB4OwoJY3Vyc29yOiBwb2ludGVyICFpbXBvcnRhbnQ7Cgl0ZXh0LWluZGVudDotMTUwJTsKCW1hcmdpbjogNXB4IDAgMCAwOwoJZGlzcGxheTpibG9jazsKfQoKCi8q44GK5rCX44Gr5YWl44KKKi8KCmRpdi53MjgwLWMgIHt3aWR0aDoyODBweDt0ZXh0LWFsaWduOiBjZW50ZXI7fQpkaXYuY2VudGVyLW0tMGEgIHttYXJnaW46MCBhdXRvO30KLml0ZW0tb2tpLWJuICB7d2lkdGg6MjgwcHg7bWFyZ2luOjJweCAwO2JvcmRlcjpub25lO30KLml0ZW0taWZyYW1lICB7bWFyZ2luOjBweDtib3JkZXI6MHB4O30KCmRpdi5rYW5yZW4tbGluayB7Y29sb3I6IzdmN2Y3Zjt3aWR0aDo5MCU7bWFyZ2luOjIwcHggYXV0bztwYWRkaW5nOjIwcHg7dGV4dC1hbGlnbjogbGVmdDtmb250LXNpemU6MS4yZW07YmFja2dyb3VuZC1jb2xvcjojZmZmZmZmO2JvcmRlcjpkb3R0ZWQgMnB4ICNmZjgwMzM7fQpzcGFuLmthbnJlbi1saW5rIHttYXJnaW46MTBweCA7cGFkZGluZzogMCAwIDAgMC41ZW07Zm9udC1zaXplOjEuMmVtOwpiYWNrZ3JvdW5kOnVybChodHRwOi8vaW1hZ2UucmFrdXRlbi5jby5qcC9tbS1wb3AvY2FiaW5ldC9saW5rLWhlYWQtcGsuZ2lmKSBuby1yZXBlYXQgMCAwLjQ1ZW07Cn0KYTpsaW5rIGthbnJlbi1saW5re2ZvbnQtc2l6ZToxLjJlbTsgY29sb3I6IzMzODBmZjt0ZXh0LWRlY29yYXRpb246bm9uZTt9Cgo8L3N0eWxlPgoKCgoKPCEtLSAKPHN5bGUgdHlwZT0idGV4dC9jc3MiPgogaHRtbCxib2R5eyBvdmVyZmxvdy14OmhpZGRlbjsgfQoKYTpsaW5rIHtjb2xvcjojMzM4MGZmO30KYTp2aXNpdGVkIHtjb2xvcjojNjY2O30KYTpob3ZlciB7Y29sb3I6IzMzMzt9CmE6YWN0aXZlIHtjb2xvcjojMzMzO30KYXt0ZXh0LWRlY29yYXRpb246bm9uZTt9CmltZyB7Ym9yZGVyOm5vbmU7IHZlcnRpY2FsLWFsaWduOmJvdHRvbTt9CnAge21hcmdpbjowOyBwYWRkaW5nOjA7IGZvbnQtc2l6ZTo4MCU7fQpwLnJlc2l6ZWltYWdlIGltZyB7IHdpZHRoOiA5OCU7IH0KcC5yZXNpemVpbWFnZTIgaW1nIHsgd2lkdGg6IDkwJTsgfQphOmhvdmVyIGltZyB7b3BhY2l0eTogMC42OyBmaWx0ZXI6IGFscGhhKG9wYWNpdHk9NjApOyAtbW96LW9wYWNpdHk6IDAuNjt9CgoKaW1nLnRvcGJue21hcmdpbjoxMHB4IDA7Ym9yZGVyOm5vbmU7fQpkaXYuZGlzYzMge3dpZHRoOjEwMCU7bWFyZ2luOiAwIGF1dG87cGFkZGluZzoxNXB4O2JhY2tncm91bmQ6I2VmZWZlZjt0ZXh0LWFsaWduOmxlZnQ7Zm9udC13ZWlnaHQ6Ym9sZDtmb250LXNpemU6MThweDt9CgogPC9zdHlsZT4KLS0+CgoKPHN0eWxlIHR5cGU9InRleHQvY3NzIj4KPCEtLQoKZGl2I0hlYWRlcktleXdvcmQgewoJcG9zaXRpb246YWJzb2x1dGU7Cgl0b3A6NjBweDsvKuS4gOeVquS4iuOBi+OCieOBruS9jee9riovCglsZWZ0OjYwcHg7Lyrlt6bnq6/jgYvjgonjga7kvY3nva4qLwp9CgpkaXYjSGVhZGVyS2V5d29yZCBzcGFuIHsKCWJhY2tncm91bmQ6ICNiZjAwMDA7Cgljb2xvcjojZmZmOwoJZm9udC13ZWlnaHQ6Ym9sZDsKCXBhZGRpbmc6MnB4IDVweDsKfQoKZGl2I0hlYWRlcktleXdvcmQgYSB7Cgljb2xvcjojMDA0NENDOwp9CgotLT4KPC9zdHlsZT4KPGRpdiBpZD0iSGVhZGVyS2V5d29yZCI+CjxzcGFuPuazqOebruOBruOCreODvOODr+ODvOODiTwvc3Bhbj4KPj7mlofmiL/lhbcKPj7jg5Djg4PjgrAKPj7jgYrosqHluIMKPj7jgrnjg4zjg7zjg5Tjg7wKCjwvZGl2Pg==,44Of44OD44OV44Kj44O8IOODqeODs+ODgeW3vuedgCDjg57jg4Hku5jjgY3jgY3jgpPjgaHjgoPjgY/jg53jg7zjg4Eg44Gp44GT44G+44Gn44KC5LmX44Gj44GmICDjg4fjgqPjg4Pjgq/jg7vjg5bjg6vjg7zjg4og5Li455yeIDI2JnRpbWVzOzE3JnRpbWVzOzEyY20g44GK5byB5b2T566x6KKLIOOCreODo+ODqeOCr+OCv+ODvOOCsOODg+OCuumAmuiyqSDjgJDjg6Hjg7zjg6vkvr/lj6/jgJHjgJDjgYLjgZnmpb3jgJHjgrfjg43jg57jgrPjg6zjgq/jgrfjg6fjg7PvvJrjgq3jg6Pjg6njgq/jgr/jg7zjga7jgrfjg43jg57jgrPjg6zjgq/jgrfjg6fjg7M=,44Kt44Oj44Op44Kv44K/44O844Kt44Oj44Op44Kv44K/44O844Kw44OD44K644Kt44Oj44Op44Kv44K/44O86ZuR6LKo6ZuR6LKo44K144Oz44Oq44Kq44OH44Kj44K644OL44O844KG44KL44Kt44Oj44Op44Of44OD44Kt44O844Kt44OG44Kj44GP44G+44Oi44Oz44Ov44Oz44OU44O844K544Ki44OL44Oh44Ki44OL44Oh44Kw44OD44K644K/44Kq44Or5paH5YW35paH5oi/5YW344Kk44Oz44OG44Oq44Ki55Sf5rS76ZuR6LKo44Kt44OD44K65a2Q44Gp44KC44Of44OD44OV44Kj44O8IOODqeODs+ODgeW3vuedgCDjg57jg4Hku5jjgY3jgY3jgpPjgaHjgoPjgY/jg53jg7zjg4Eg44Gp44GT44G+44Gn44KC5LmX44Gj44GmICDjg4fjgqPjg4Pjgq/jg7vjg5bjg6vjg7zjg4og5Li455yeIDI2JnRpbWVzOzE3JnRpbWVzOzEyY20g44GK5byB5b2T566x6KKLIOOCreODo+ODqeOCr+OCv+ODvOOCsOODg+OCuumAmuiyqSDjgJDjg6Hjg7zjg6vkvr/lj6/jgJHjgJDjgYLjgZnmpb3jgJHjgrfjg43jg57jgrPjg6zjgq/jgrfjg6fjg7M=,44Of44OD44OV44Kj44O8IOODqeODs+ODgeW3vuedgCDjg57jg4Hku5jjgY3jgY3jgpPjgaHjgoPjgY/jg53jg7zjg4Eg44Gp44GT44G+44Gn44KC5LmX44Gj44GmICDjg4fjgqPjg4Pjgq/jg7vjg5bjg6vjg7zjg4og5Li455yeIDI2JnRpbWVzOzE3JnRpbWVzOzEyY20g44GK5byB5b2T566x6KKLIOOCreODo+ODqeOCr+OCv+ODvOOCsOODg+OCuumAmuiyqSDjgJDjg6Hjg7zjg6vkvr/lj6/jgJHjgJDjgYLjgZnmpb3jgJHjgrfjg43jg57jgrPjg6zjgq/jgrfjg6fjg7M=[rn]
30-32951,aHR0cDovL3RzaG9wLnIxMHMuanAvY2luZW1hY29sbGVjdGlvbi9jYWJpbmV0L3IyMDE0MDIwMy9zbS1zcmtuNDY0LmpwZz9maXRpbj03MDA6NzAw,NTgzLjIwMDA=,,44Kt44OD44K644O744OZ44OT44O844O744Oe44K/44OL44OG44KjID4g44Kt44OD44K6ID4g6ZuR6LKo44O75bCP54mp77yI44GK5byB5b2T44Kw44OD44K644O744K/44Kq44Or44O75paH5YW36aGe77yJID4g5a2Q5L6b55So44GK5byB5b2T6KKL,44K144Oz44Oq44Kq44Kt44Oj44Op44Kv44K/44O844K6IOOBjuOBo+OBl+OCiiDjg57jg4Hku5jjgY3lt77nnYAg44Op44Oz44OB44GN44KT44Gh44KD44GPIOOCteODs+ODquOCquOCreODo+ODqeOCr+OCv+ODvOOCsOODg+OCuumAmuiyqSDjgJDjg6Hjg7zjg6vkvr/lj6/jgJHjgJDjgYLjgZnmpb3jgJE=,,PGNlbnRlcj48YSBocmVmPSJodHRwOi8vZXZlbnQucmFrdXRlbi5jby5qcC9hc3VyYWt1L2Fib3V0LyIgdGFyZ2V0PSJfbmV3IiA+PGltZyBzcmM9Imh0dHA6Ly9pbWFnZS5yYWt1dGVuLmNvLmpwL2NpbmVtYWNvbGxlY3Rpb24vY2FiaW5ldC9hc3VyYWt1LXMyLmpwZyIgd2lkdGg9IjgwMCIgYm9yZGVyPSIwIiB2c3BhY2U9IjUiPjwvYT48L2NlbnRlcj48YnI+PGJyPjxjZW50ZXI+PGltZyBzcmM9Imh0dHA6Ly9pbWFnZS5yYWt1dGVuLmNvLmpwL2NpbmVtYWNvbGxlY3Rpb24vY2FiaW5ldC9hc3VyYWt1LXMuanBnIiB3aWR0aD0iODAwIiBib3JkZXI9IjAiIHZzcGFjZT0iNSI+PC9jZW50ZXI+PGNlbnRlcj48YSBocmVmPSJodHRwOi8vd3d3LnJha3V0ZW4ubmUuanAvZ29sZC9jaW5lbWFjb2xsZWN0aW9uL2Fuc3dlci5odG1sI2MxcTMiIHRhcmdldD0iX25ldyI+PGltZyB3aWR0aD0iNzUwIiBib3JkZXI9IjAiIHNyYz0iaHR0cDovL2ltYWdlLnJha3V0ZW4uY28uanAvY2luZW1hY29sbGVjdGlvbi9jYWJpbmV0L3ItbWFpbDU4MC5qcGciIGhlaWdodD0iNTAiIHZzcGFjZT0iNSI+PC9hPjwvY2VudGVyPjxicj48YnI+44K144Oz44Oq44Kq44Kt44Oj44Op44Kv44K/44O844K644CK44GO44Gj44GX44KK44CL44Oe44OB5LuY44GN5be+552AKOODqeODs+ODgeOBjeOCk+OBoeOCg+OBj++8ieKYhuOCteODs+ODquOCquOCreODo+ODqeOCr+OCv+ODvOOCsOODg+OCuumAmuiyqeKYhuOAkOODoeODvOODq+S+v+WPr+OAkeOAkOOBguOBmealveOAkeOAkFJDUOOAkeKXhjwhLS0g4piF44GK5rCX44Gr5YWl44KKLS0+PGRpdiBjbGFzcz0idzI4MC1jIj48ZGl2IGNsYXNzPSJjZW50ZXItbS0wYSI+PGltZyBjbGFzcz0iaXRlbS1va2ktYm4iIGFsdD0i44Kt44Oj44Op44Kv44K/44O844Kw44OD44K66YCa6LKp44K344ON44Oe44Kz44Os44Kv44K344On44Oz44Gu44GK5rCX44Gr5YWl44KK44Oq44K544OI44KS56K66KqN44GZ44KLIiBzcmM9Imh0dHA6Ly9pbWFnZS5yYWt1dGVuLmNvLmpwL2NpbmVtYWNvbGxlY3Rpb24vY2FiaW5ldC9va2ktMi5naWYiPjwvZGl2PjwvZGl2PjwhLS0g4piF44GK5rCX44Gr5YWl44KK44Kz44Kz44G+44GnLS0+PCEtLeKYheWJiumZpOS4jeWPry0tPjwvc3Bhbj48L3RkPjwvdHI+PC90YWJsZT48YnI+PC90ZD48L3RyPjwvdGFibGU+PGJyPjx0YWJsZSBjZWxscGFkZGluZz0iMCIgYm9yZGVyPSIwIj48dHI+PHRkPjx0YWJsZSBjZWxscGFkZGluZz0iMCIgYm9yZGVyPSIwIj48dHI+PHRkPjxzcGFuPjwhLS3plqLpgKPmpJzntKLjgq3jg7zjg6/jg7zjg4ktLT48ZGl2IHN0eWxlPSJ3aWR0aDoxMDAlO3RleHQtYWxpZ246IGNlbnRlciI+PGgzIHN0eWxlPSJjb2xvcjojN2Y3ZjdmOyI+44K544Oi44O844Or44OX44Op44ON44OD44OIL+WPr+aEm+OBhC/jgYrlvIHlvZPooosv44Op44Oz44OB44Kw44OD44K6L+mAmuiyqTwvaDM+PGltZyBzdHlsZT0ibWFyZ2luOjE1cHggMCAxMHB4IDA7d2lkdGg6MTAwJSA7Ym9yZGVyOm5vbmU7IiBhbHQ9IuOCreODo+ODqeOCr+OCv+ODvOOCsOODg+OCuuWwgumWgOW6ly/jgrfjg43jg57jgrPjg6zjgq/jgrfjg6fjg7Mv5ZWG5ZOB6Kmz57SwIiBzcmM9Imh0dHA6Ly93d3cucmFrdXRlbi5uZS5qcC9nb2xkL2NpbmVtYWNvbGxlY3Rpb24vYm4vaXRlbS1ibjAxLmdpZiIgLz48ZGl2IHN0eWxlPSJjb2xvcjojN2Y3ZjdmO3dpZHRoOjkwJTttYXJnaW46MCBhdXRvOyNlZmVmZWYgc29saWQgMXB4O3BhZGRpbmc6MTBweDt0ZXh0LWFsaWduOiBsZWZ0OyI+44K144Oz44Oq44Kq44Gu5Lq65rCX44Kt44Oj44Op44Kv44K/44O844Gf44Gh44Gu44Kw44OD44K644Gr44G+44Gf44G+44Gf5Y+v5oSb44GETkVX44Ki44Kk44OG44Og55m75aC0ISE8YnI+44GT44Gh44KJ44Gv44CQ44Oe44OB5LuY44GNTFVOQ0jlt77nnYDjgJE8YnI+5bqV44Gr44Oe44OB44GMOWNt5LuY44GE44Gm44GE44KL44Gu44Gn44GK5byB5b2T566x44KS5YWl44KM44KL44Gu44Gr44G044Gj44Gf44KK4pmqPGJyPuOBu+OBi+OBq+OCguiJsuOCk+OBquOCreODo+ODqeOCr+OCv+ODvOOBguOCi+OBi+OCieOBiuawl+OBq+WFpeOCiuimi+OBpOOBkeOBpuOBreKYhjxicj48YnI+4pag44K144Kk44K677ya57SEMjcww5cxODDDlzkwbW08YnI+4pag57Sg5p2Q77ya44Kz44OD44OI44OzMTAw77yFPC9kaXY+PC9kaXY+PGRpdiBzdHlsZT0id2lkdGg6MTAwJTt0ZXh0LWFsaWduOiBjZW50ZXI7Ij48aW1nIHN0eWxlPSJtYXJnaW46MTVweCAwIDEwcHggMDt3aWR0aDoxMDAlIDtib3JkZXI6bm9uZTsiIGFsdD0i44Kt44Oj44Op44Kv44K/44O844Kw44OD44K65bCC6ZaA5bqXL+OCt+ODjeODnuOCs+ODrOOCr+OCt+ODp+ODsy/oqbPntLDnlLvlg48iIHNyYz0iaHR0cDovL3d3dy5yYWt1dGVuLm5lLmpwL2dvbGQvY2luZW1hY29sbGVjdGlvbi9ibi9pdGVtLWJuMDIuZ2lmIiAvPjxkaXYgc3R5bGU9IndpZHRoOjEwMCU7bWFyZ2luOjAgYXV0bzsiPjxpbWcgc3R5bGU9IndpZHRoOjI2MHB4O21hcmdpbjoycHg7Ym9yZGVyOm5vbmU7IiBzcmM9Imh0dHA6Ly9pbWFnZS5yYWt1dGVuLmNvLmpwL2NpbmVtYWNvbGxlY3Rpb24vY2FiaW5ldC9yMjAxNDAyMDMvc20tc3JrbjQ2NC5qcGciPjxpbWcgc3R5bGU9IndpZHRoOjI2MHB4O21hcmdpbjoycHg7Ym9yZGVyOm5vbmU7IiBzcmM9Imh0dHA6Ly9pbWFnZS5yYWt1dGVuLmNvLmpwL2NpbmVtYWNvbGxlY3Rpb24vY2FiaW5ldC9yMjAxNDAyMDMvc20tc3JrbjQ2NF8yLmpwZyI+PC9kaXY+PC9kaXY+PGRpdiBzdHlsZT0id2lkdGg6MTAwJTt0ZXh0LWFsaWduOiBjZW50ZXI7Ij48aW1nIHN0eWxlPSJtYXJnaW46MTVweCAwIDEwcHggMDt3aWR0aDoxMDAlIDtib3JkZXI6bm9uZTsiIGFsdD0i44Kt44Oj44Op44Kv44K/44O844Kw44OD44K65bCC6ZaA5bqXL+OCt+ODjeODnuOCs+ODrOOCr+OCt+ODp+ODsy/oqbPntLDnlLvlg48iIHNyYz0iaHR0cDovL3d3dy5yYWt1dGVuLm5lLmpwL2dvbGQvY2luZW1hY29sbGVjdGlvbi9ibi9pdGVtLWJuMDMuZ2lmIiAvPjxkaXYgc3R5bGU9IndpZHRoOjUwJTt0b3A6NzVweDtmbG9hdDpsZWZ0O3RleHQtYWxpZ246IGxlZnQ7Ij7jgJDjgrXjg7Pjg6rjgqrjgJHku5bjga7nqK7poZ7jga/jgZPjgaHjgonjgYvjgokgJmd0OyZndDs8L2Rpdj48ZGl2IHN0eWxlPSJ3aWR0aDo1MCU7ZmxvYXQ6bGVmdDt0ZXh0LWFsaWduOnJpZ2h0OyI+PGltZyBzdHlsZT0id2lkdGg6MjUwcHg7Ym9yZGVyOm5vbmU7IiBzcmM9Imh0dHA6Ly9pbWFnZS5yYWt1dGVuLmNvLmpwL2NpbmVtYWNvbGxlY3Rpb24vY2FiaW5ldC8wMDJsYm4vdG9wbGIwMC5qcGciPjwvZGl2PjxkaXYgc3R5bGU9ImNsZWFyOmJvdGg7Ij48L2Rpdj48L2Rpdj48IS0tNTYwMC0tPgoKPC9URD48L1RSPjwvVEFCTEU+PGJyPjxicj4KCgo8IS0t5paw552AIC0tPgoKPGltZyBzdHlsZT0id2lkdGg6ODAwcHg7bWFyZ2luOjAgMCAxMHB4IDA7Ym9yZGVyOm5vbmU7IiBzcmM9Imh0dHA6Ly9pbWFnZS5yYWt1dGVuLmNvLmpwL2NpbmVtYWNvbGxlY3Rpb24vY2FiaW5ldC9zaW4uZ2lmIj48YnI+CjxkaXYgc3R5bGU9IndpZHRoOjc1MHB4O21hcmdpbjogMCBhdXRvO3BhZGRpbmc6MTVweDt0ZXh0LWFsaWduOnJpZ2h0O2ZvbnQtd2VpZ2h0OmJvbGQ7Zm9udC1zaXplOjE4cHg7Ij4+PuaWsOedgOaDheWgseOBruOBpOOBpeOBjeOBr+OBk+OBoeOCiTwvZGl2Pgo8YnI+CjxkaXYgc3R5bGU9IndpZHRoOjc1MHB4O21hcmdpbjogMCBhdXRvO3BhZGRpbmc6MTVweDt0ZXh0LWFsaWduOnJpZ2h0O2ZvbnQtd2VpZ2h0OmJvbGQ7Zm9udC1zaXplOjE4cHg7Ij4+PuaWsOedgOaDheWgseOBruOBpOOBpeOBjeOBr+OBk+OBoeOCiTwvZGl2PgoKCgoKCgo8aW1nIHN0eWxlPSJ3aWR0aDo4MDBweDttYXJnaW46MCAwIDEwcHggMDtib3JkZXI6bm9uZTsiIHNyYz0iaHR0cDovL2ltYWdlLnJha3V0ZW4uY28uanAvY2luZW1hY29sbGVjdGlvbi9jYWJpbmV0L2Nhci5naWYiPjxicj4KPHRhYmxlIHdpZHRoPSI4MDAiPjx0cj48dGQgd2lkdGg9IjgwMCIgYWxpZ249InJpZ2h0Ij7ih5LjgZnjgbnjgabjga7jgq3jg6Pjg6njgq/jgr/jg7zjga/jgZPjgaHjgok8L3RkPjwvdHI+PHRyPjx0ZD48YnI+PGJyPgoKPGJyPjxicj4KPC90ZD48L3RyPjwvdGFibGU+PGJyPjxicj4KCgo8aW1nIHN0eWxlPSJ3aWR0aDo4MDBweDttYXJnaW46MCAwIDEwcHggMDtib3JkZXI6bm9uZTsiIHNyYz0iaHR0cDovL2ltYWdlLnJha3V0ZW4uY28uanAvY2luZW1hY29sbGVjdGlvbi9jYWJpbmV0L2NhdC5naWYiPjxicj4KPC9jZW50ZXI+CgoKPCEtLSAtLT4KCjxzdHlsZT4KLyrosrfjgYTnianjgqvjgrTjg5zjgr/jg7MqLwojcmFrdXRlbkxpbWl0ZWRJZF9hcm91bmRDYXJ0IGlucHV0IHsKCXdpZHRoOiAyODBweDsKCWhlaWdodDogMTUwcHg7CgliYWNrZ3JvdW5kOnVybChodHRwOi8vaW1hZ2UucmFrdXRlbi5jby5qcC9jaW5lbWFjb2xsZWN0aW9uL2NhYmluZXQvY2FydC5naWYpICNmZmZmZmYgbm8tcmVwZWF0OwoJb3ZlcmZsb3c6IGhpZGRlbjsKCWJvcmRlci13aWR0aDogMHB4OwoJY3Vyc29yOiBwb2ludGVyICFpbXBvcnRhbnQ7Cgl0ZXh0LWluZGVudDogMTUwJTsKCXdoaXRlLXNwYWNlOiBub3dyYXA7CgltYXJnaW46IDVweCAwIDAgMDsKCWRpc3BsYXk6YmxvY2s7Cn0KCiNyYWt1dGVuTGltaXRlZElkX2Fyb3VuZENhcnQgLmludmVudG9yeSBpbnB1dCB7CgliYWNrZ3JvdW5kOm5vbmUgIWltcG9ydGFudDsKCXdpZHRoOiAyZW0haW1wb3J0YW50OwoJaGVpZ2h0OiAxLjJlbSFpbXBvcnRhbnQ7CglkaXNwbGF5OmlubGluZTsKfQoKCi8q5YCL5pWw44OG44Kt44K544OIKi8KI3Jha3V0ZW5MaW1pdGVkSWRfYXJvdW5kQ2FydCAudW5pdCB7Cglmb250LXNpemU6MTZweDsKfQoKLyrlgIvmlbDlhaXlipsqLwojcmFrdXRlbkxpbWl0ZWRJZF9hcm91bmRDYXJ0IGlucHV0I3VuaXRzIHsKCWJvcmRlcjpzb2xpZCAjY2NjIDFweDsKCWJhY2tncm91bmQ6I2ZmZiFpbXBvcnRhbnQ7Cgl3aWR0aDozMHB4OwoJaGVpZ2h0OjMwcHg7CgljdXJzb3I6YXV0bzsKCXBhZGRpbmc6N3B4IDdweCA3cHggM3B4OwoJdGV4dC1pbmRlbnQ6IDBweDsKCW92ZXJmbG93OiBoaWRkZW47CglkaXNwbGF5OmlubGluZTsKCWZvbnQtc2l6ZToxNnB4Owp9CgovKuOBiuWVj+OBhOWQiOOCj+OBm+ODnOOCv+ODsyovCiNyYWt1dGVuTGltaXRlZElkX2Fyb3VuZENhcnQgZm9udCBpbnB1dCB7Cgl3aWR0aDogMjgwcHg7CgloZWlnaHQ6IDgwcHg7CgliYWNrZ3JvdW5kOnVybChodHRwOi8vaW1hZ2UucmFrdXRlbi5jby5qcC9jaW5lbWFjb2xsZWN0aW9uL2NhYmluZXQvdG9pLmdpZikgI2ZmZmZmZiBuby1yZXBlYXQ7CglvdmVyZmxvdzogaGlkZGVuOwoJYm9yZGVyLXdpZHRoOiAwcHg7CgljdXJzb3I6IHBvaW50ZXIgIWltcG9ydGFudDsKCXRleHQtaW5kZW50OiAxNTAlOwoJd2hpdGUtc3BhY2U6IG5vd3JhcDsKCW1hcmdpbjogNXB4IDAgMCAwOwoJZGlzcGxheTpibG9jazsKfQoKI3NlcnZpY2VUYWJsZVNtbCAuZmF2b3JpdGUgewoJZGlzcGxheTpibG9jazsKCXdpZHRoOiAyODBweDsKfQoKI3NlcnZpY2VUYWJsZVNtbCAuZmF2b3JpdGUgLmJvb2ttYXJrQXJlYSBkaXZ7Cgl3aWR0aDogMjgwcHghaW1wb3J0YW50Owp9Cgojc2VydmljZVRhYmxlU21sIC5mYXZvcml0ZSAuYmttIGEgewoJd2lkdGg6IDI4MHB4IWltcG9ydGFudDsKCWhlaWdodDogMzAwcHghaW1wb3J0YW50OwoJYmFja2dyb3VuZDp1cmwoaHR0cDovL2ltYWdlLnJha3V0ZW4uY28uanAvY2luZW1hY29sbGVjdGlvbi9jYWJpbmV0L29raS5naWYpICNmZmZmZmYgbm8tcmVwZWF0OwoJb3ZlcmZsb3c6IGhpZGRlbjsKCWJvcmRlci13aWR0aDogMHB4OwoJY3Vyc29yOiBwb2ludGVyICFpbXBvcnRhbnQ7Cgl0ZXh0LWluZGVudDotMTUwJTsKCW1hcmdpbjogNXB4IDAgMCAwOwoJZGlzcGxheTpibG9jazsKfQoKCi8q44GK5rCX44Gr5YWl44KKKi8KCmRpdi53MjgwLWMgIHt3aWR0aDoyODBweDt0ZXh0LWFsaWduOiBjZW50ZXI7fQpkaXYuY2VudGVyLW0tMGEgIHttYXJnaW46MCBhdXRvO30KLml0ZW0tb2tpLWJuICB7d2lkdGg6MjgwcHg7bWFyZ2luOjJweCAwO2JvcmRlcjpub25lO30KLml0ZW0taWZyYW1lICB7bWFyZ2luOjBweDtib3JkZXI6MHB4O30KCmRpdi5rYW5yZW4tbGluayB7Y29sb3I6IzdmN2Y3Zjt3aWR0aDo5MCU7bWFyZ2luOjIwcHggYXV0bztwYWRkaW5nOjIwcHg7dGV4dC1hbGlnbjogbGVmdDtmb250LXNpemU6MS4yZW07YmFja2dyb3VuZC1jb2xvcjojZmZmZmZmO2JvcmRlcjpkb3R0ZWQgMnB4ICNmZjgwMzM7fQpzcGFuLmthbnJlbi1saW5rIHttYXJnaW46MTBweCA7cGFkZGluZzogMCAwIDAgMC41ZW07Zm9udC1zaXplOjEuMmVtOwpiYWNrZ3JvdW5kOnVybChodHRwOi8vaW1hZ2UucmFrdXRlbi5jby5qcC9tbS1wb3AvY2FiaW5ldC9saW5rLWhlYWQtcGsuZ2lmKSBuby1yZXBlYXQgMCAwLjQ1ZW07Cn0KYTpsaW5rIGthbnJlbi1saW5re2ZvbnQtc2l6ZToxLjJlbTsgY29sb3I6IzMzODBmZjt0ZXh0LWRlY29yYXRpb246bm9uZTt9Cgo8L3N0eWxlPgoKCgoKPCEtLSAKPHN5bGUgdHlwZT0idGV4dC9jc3MiPgogaHRtbCxib2R5eyBvdmVyZmxvdy14OmhpZGRlbjsgfQoKYTpsaW5rIHtjb2xvcjojMzM4MGZmO30KYTp2aXNpdGVkIHtjb2xvcjojNjY2O30KYTpob3ZlciB7Y29sb3I6IzMzMzt9CmE6YWN0aXZlIHtjb2xvcjojMzMzO30KYXt0ZXh0LWRlY29yYXRpb246bm9uZTt9CmltZyB7Ym9yZGVyOm5vbmU7IHZlcnRpY2FsLWFsaWduOmJvdHRvbTt9CnAge21hcmdpbjowOyBwYWRkaW5nOjA7IGZvbnQtc2l6ZTo4MCU7fQpwLnJlc2l6ZWltYWdlIGltZyB7IHdpZHRoOiA5OCU7IH0KcC5yZXNpemVpbWFnZTIgaW1nIHsgd2lkdGg6IDkwJTsgfQphOmhvdmVyIGltZyB7b3BhY2l0eTogMC42OyBmaWx0ZXI6IGFscGhhKG9wYWNpdHk9NjApOyAtbW96LW9wYWNpdHk6IDAuNjt9CgoKaW1nLnRvcGJue21hcmdpbjoxMHB4IDA7Ym9yZGVyOm5vbmU7fQpkaXYuZGlzYzMge3dpZHRoOjEwMCU7bWFyZ2luOiAwIGF1dG87cGFkZGluZzoxNXB4O2JhY2tncm91bmQ6I2VmZWZlZjt0ZXh0LWFsaWduOmxlZnQ7Zm9udC13ZWlnaHQ6Ym9sZDtmb250LXNpemU6MThweDt9CgogPC9zdHlsZT4KLS0+CgoKPHN0eWxlIHR5cGU9InRleHQvY3NzIj4KPCEtLQoKZGl2I0hlYWRlcktleXdvcmQgewoJcG9zaXRpb246YWJzb2x1dGU7Cgl0b3A6NjBweDsvKuS4gOeVquS4iuOBi+OCieOBruS9jee9riovCglsZWZ0OjYwcHg7Lyrlt6bnq6/jgYvjgonjga7kvY3nva4qLwp9CgpkaXYjSGVhZGVyS2V5d29yZCBzcGFuIHsKCWJhY2tncm91bmQ6ICNiZjAwMDA7Cgljb2xvcjojZmZmOwoJZm9udC13ZWlnaHQ6Ym9sZDsKCXBhZGRpbmc6MnB4IDVweDsKfQoKZGl2I0hlYWRlcktleXdvcmQgYSB7Cgljb2xvcjojMDA0NENDOwp9CgotLT4KPC9zdHlsZT4KPGRpdiBpZD0iSGVhZGVyS2V5d29yZCI+CjxzcGFuPuazqOebruOBruOCreODvOODr+ODvOODiTwvc3Bhbj4KPj7mlofmiL/lhbcKPj7jg5Djg4PjgrAKPj7jgYrosqHluIMKPj7jgrnjg4zjg7zjg5Tjg7wKCjwvZGl2Pg==,44K144Oz44Oq44Kq44Kt44Oj44Op44Kv44K/44O844K6IOOBjuOBo+OBl+OCiiDjg57jg4Hku5jjgY3lt77nnYAg44Op44Oz44OB44GN44KT44Gh44KD44GPIOOCteODs+ODquOCquOCreODo+ODqeOCr+OCv+ODvOOCsOODg+OCuumAmuiyqSDjgJDjg6Hjg7zjg6vkvr/lj6/jgJHjgJDjgYLjgZnmpb3jgJHvvJrjgq3jg6Pjg6njgq/jgr/jg7zjga7jgrfjg43jg57jgrPjg6zjgq/jgrfjg6fjg7M=,44Kt44Oj44Op44Kv44K/44O844Kt44Oj44Op44Kv44K/44O844Kw44OD44K644Kt44Oj44Op44Kv44K/44O86ZuR6LKo6ZuR6LKo44K144Oz44Oq44Kq44OH44Kj44K644OL44O844KG44KL44Kt44Oj44Op44Of44OD44Kt44O844Kt44OG44Kj44GP44G+44Oi44Oz44Ov44Oz44OU44O844K544Ki44OL44Oh44Ki44OL44Oh44Kw44OD44K644K/44Kq44Or5paH5YW35paH5oi/5YW344Kk44Oz44OG44Oq44Ki55Sf5rS76ZuR6LKo44Kt44OD44K65a2Q44Gp44KC44K144Oz44Oq44Kq44Kt44Oj44Op44Kv44K/44O844K6IOOBjuOBo+OBl+OCiiDjg57jg4Hku5jjgY3lt77nnYAg44Op44Oz44OB44GN44KT44Gh44KD44GPIOOCteODs+ODquOCquOCreODo+ODqeOCr+OCv+ODvOOCsOODg+OCuumAmuiyqSDjgJDjg6Hjg7zjg6vkvr/lj6/jgJHjgJDjgYLjgZnmpb3jgJE=,44K144Oz44Oq44Kq44Kt44Oj44Op44Kv44K/44O844K6IOOBjuOBo+OBl+OCiiDjg57jg4Hku5jjgY3lt77nnYAg44Op44Oz44OB44GN44KT44Gh44KD44GPIOOCteODs+ODquOCquOCreODo+ODqeOCr+OCv+ODvOOCsOODg+OCuumAmuiyqSDjgJDjg6Hjg7zjg6vkvr/lj6/jgJHjgJDjgYLjgZnmpb3jgJE=[rn]
30-32952,aHR0cDovL3RzaG9wLnIxMHMuanAvY2luZW1hY29sbGVjdGlvbi9jYWJpbmV0L3IyMDE3MDQyMS9zbS1jbmFwNTcuanBnP2ZpdGluPTcwMDo3MDA=,Nzk5LjIwMDA=,,44Kt44OD44K644O744OZ44OT44O844O744Oe44K/44OL44OG44KjID4g44Kt44OD44K6ID4g6ZuR6LKo44O75bCP54mp77yI44GK5byB5b2T44Kw44OD44K644O744K/44Kq44Or44O75paH5YW36aGe77yJID4g5a2Q5L6b55So44GK5byB5b2T6KKL,44OR44Ov44O844OR44OV44Ks44O844Or44K6IOODqeODs+ODgeODkOODg+OCsCDjg57jg4Hku5jjgY3jgrPjg4Pjg4jjg7Pjg5Djg4PjgrAgR08gIOOCueODouODvOODq+ODl+ODqeODjeODg+ODiCAyOS41w5cyMMOXOWNtIOOBiuW8geW9k+OBi+OBsOOCkyDjgq3jg6Pjg6njgq/jgr/jg7zjgrDjg4PjgrrpgJrosqkg44CQ44Oh44O844Or5L6/5Y+v44CR44CQ44GC44GZ5qW944CR44K344ON44Oe44Kz44Os44Kv44K344On44Oz,,PGNlbnRlcj48YSBocmVmPSJodHRwOi8vd3d3LnJha3V0ZW4ubmUuanAvZ29sZC9jaW5lbWFjb2xsZWN0aW9uL2Fuc3dlci5odG1sI2MxcTMiIHRhcmdldD0iX25ldyI+PGltZyB3aWR0aD0iNzUwIiBib3JkZXI9IjAiIHNyYz0iaHR0cDovL2ltYWdlLnJha3V0ZW4uY28uanAvY2luZW1hY29sbGVjdGlvbi9jYWJpbmV0L3ItbWFpbDU4MC5qcGciIGhlaWdodD0iNTAiIHZzcGFjZT0iNSI+PC9hPjwvY2VudGVyPjxicj48YnI+44OR44Ov44O844OR44OV44Ks44O844Or44K6IOODqeODs+ODgeODkOODg+OCsCDjg57jg4Hku5jjgY3jgrPjg4Pjg4jjg7Pjg5Djg4PjgrAgR08gIOOCueODouODvOODq+ODl+ODqeODjeODg+ODiCAyOS41w5cyMMOXOWNtIOOBiuW8geW9k+OBi+OBsOOCkyDjgq3jg6Pjg6njgq/jgr/jg7zjgrDjg4PjgrrpgJrosqkg44CQ44Oh44O844Or5L6/5Y+v44CR44CQ44GC44GZ5qW944CR44K344ON44Oe44Kz44Os44Kv44K344On44OzPEJSPjxCUj48IS0tIOKYheOBiuawl+OBq+WFpeOCii0tPjxkaXYgY2xhc3M9IncyODAtYyI+PGRpdiBjbGFzcz0iY2VudGVyLW0tMGEiPjxpbWcgY2xhc3M9Iml0ZW0tb2tpLWJuIiBhbHQ9IuOCreODo+ODqeOCr+OCv+ODvOOCsOODg+OCuumAmuiyqeOCt+ODjeODnuOCs+ODrOOCr+OCt+ODp+ODs+OBruOBiuawl+OBq+WFpeOCiuODquOCueODiOOCkueiuuiqjeOBmeOCiyIgc3JjPSJodHRwOi8vaW1hZ2UucmFrdXRlbi5jby5qcC9jaW5lbWFjb2xsZWN0aW9uL2NhYmluZXQvb2tpLTIuZ2lmIj48L2Rpdj48L2Rpdj48IS0tIOKYheOBiuawl+OBq+WFpeOCiuOCs+OCs+OBvuOBpy0tPjwhLS3imIXliYrpmaTkuI3lj68tLT48L3NwYW4+PC90ZD48L3RyPjwvdGFibGU+PGJyPjwvdGQ+PC90cj48L3RhYmxlPjxicj48dGFibGUgY2VsbHBhZGRpbmc9IjAiIGJvcmRlcj0iMCI+PHRyPjx0ZD48dGFibGUgY2VsbHBhZGRpbmc9IjAiIGJvcmRlcj0iMCI+PHRyPjx0ZD48c3Bhbj48IS0t6Zai6YCj5qSc57Si44Kt44O844Ov44O844OJLS0+PGRpdiBzdHlsZT0id2lkdGg6MTAwJTt0ZXh0LWFsaWduOiBjZW50ZXIiPjxoMyBzdHlsZT0iY29sb3I6IzdmN2Y3ZjsiPuOBiuW8geW9k+OCkuWni+OCgeOAgeOCs+OCueODoeOBquOBqeOBhOOCjeOBhOOCjeS9v+OBiOOCi+S+v+WIqeOBquOCteODluODkOODg+OCsDxicj48IS0t4piFSy0tPuW4huW4gy/jgYrjgZfjgoPjgowv44GL44KP44GE44GEL+OCouODi+ODoS/kurrmsJc8L2gzPjxpbWcgc3R5bGU9Im1hcmdpbjoxNXB4IDAgMTBweCAwO3dpZHRoOjEwMCUgO2JvcmRlcjpub25lOyIgYWx0PSLjgq3jg6Pjg6njgq/jgr/jg7zjgrDjg4PjgrrlsILploDlupcv44K344ON44Oe44Kz44Os44Kv44K344On44OzL+WVhuWTgeips+e0sCIgc3JjPSJodHRwOi8vd3d3LnJha3V0ZW4ubmUuanAvZ29sZC9jaW5lbWFjb2xsZWN0aW9uL2JuL2l0ZW0tYm4wMS5naWYiIC8+PGRpdiBzdHlsZT0iY29sb3I6IzdmN2Y3Zjt3aWR0aDo5MCU7bWFyZ2luOjAgYXV0bzsjZWZlZmVmIHNvbGlkIDFweDtwYWRkaW5nOjEwcHg7dGV4dC1hbGlnbjogbGVmdDsiPuWkp+S6uuawl+OCouODi+ODoeOAkFBPV0VSIFBVRkYgR0lSTFPjgJHjgavlj6/mhJvjgYRuZXfjgqLjgqTjg4bjg6DnmbvloLQhITxicj7jgZPjgaHjgonjga/jgZPjgozjgYvjgonjga7lraPnr4DjgavjgajjgaPjgabjgoLph43lrp3jgZnjgovjg57jg4Hku5jjgY3jgrPjg4Pjg4jjg7Pjg5Djg4PjgrAhITxicj7jgYrlvIHlvZPjgpLlp4vjgoHjgIHjgrPjgrnjg6HjgarjganjgYTjgo3jgYTjgo3kvb/jgYjjgovkvr/liKnjgarjgrXjgqTjgrrjga7jgrXjg5bjg5Djg4PjgrDimIY8YnI+5YaF5YG044Gr44Gv44Od44Kx44OD44OI44KC5LuY44GE44Gm44Go44Gj44Gm44KC5L6/5Yip4pmqPGJyPuS7luOBq+OCguOBhOOCjeOBhOOCjeeorumhnuOBguOCi+OBruOBp+OBiuawl+OBq+WFpeOCiuOCkuaOouOBl+OBpuOBreKZqjxicj48YnI+4pag44K144Kk44K677ya57SEMjk1w5cyMDDDlzkwbW08YnI+4pag57Sg5p2Q77ya44Kz44OD44OI44OzPEJSPjxCUj7ilqDjgqvjg6njg7wg44Kv44Oq44O844Og57O777yI55m944O76JaE44GE44Kk44Ko44Ot44O877yJPEJSPjxCUj48L2Rpdj48L2Rpdj48ZGl2IHN0eWxlPSJ3aWR0aDoxMDAlO3RleHQtYWxpZ246IGNlbnRlcjsiPjxpbWcgc3R5bGU9Im1hcmdpbjoxNXB4IDAgMTBweCAwO3dpZHRoOjEwMCUgO2JvcmRlcjpub25lOyIgYWx0PSLjgq3jg6Pjg6njgq/jgr/jg7zjgrDjg4PjgrrlsILploDlupcv44K344ON44Oe44Kz44Os44Kv44K344On44OzL+ips+e0sOeUu+WDjyIgc3JjPSJodHRwOi8vd3d3LnJha3V0ZW4ubmUuanAvZ29sZC9jaW5lbWFjb2xsZWN0aW9uL2JuL2l0ZW0tYm4wMi5naWYiIC8+PGRpdiBzdHlsZT0id2lkdGg6MTAwJTttYXJnaW46MCBhdXRvOyI+PGltZyBzdHlsZT0id2lkdGg6MjYwcHg7bWFyZ2luOjJweDtib3JkZXI6bm9uZTsiIHNyYz0iaHR0cDovL2ltYWdlLnJha3V0ZW4uY28uanAvY2luZW1hY29sbGVjdGlvbi9jYWJpbmV0L3IyMDE3MDQyMS9zbS1jbmFwNTcuanBnIj48aW1nIHN0eWxlPSJ3aWR0aDoyNjBweDttYXJnaW46MnB4O2JvcmRlcjpub25lOyIgc3JjPSJodHRwOi8vaW1hZ2UucmFrdXRlbi5jby5qcC9jaW5lbWFjb2xsZWN0aW9uL2NhYmluZXQvcjIwMTcwNDIxL3NtLWNuYXA1N18yLmpwZyI+PGltZyBzdHlsZT0id2lkdGg6MjYwcHg7bWFyZ2luOjJweDtib3JkZXI6bm9uZTsiIHNyYz0iaHR0cDovL2ltYWdlLnJha3V0ZW4uY28uanAvY2luZW1hY29sbGVjdGlvbi9jYWJpbmV0L3IyMDE3MDQyMS9zbS1jbmFwNTdfMy5qcGciPjwvZGl2PjwvZGl2PjxkaXYgc3R5bGU9IndpZHRoOjEwMCU7dGV4dC1hbGlnbjogY2VudGVyOyI+PGltZyBzdHlsZT0ibWFyZ2luOjE1cHggMCAxMHB4IDA7d2lkdGg6MTAwJSA7Ym9yZGVyOm5vbmU7IiBhbHQ9IuOCreODo+ODqeOCr+OCv+ODvOOCsOODg+OCuuWwgumWgOW6ly/jgrfjg43jg57jgrPjg6zjgq/jgrfjg6fjg7Mv6Kmz57Sw55S75YOPIiBzcmM9Imh0dHA6Ly93d3cucmFrdXRlbi5uZS5qcC9nb2xkL2NpbmVtYWNvbGxlY3Rpb24vYm4vaXRlbS1ibjAzLmdpZiIgLz48ZGl2IHN0eWxlPSJ3aWR0aDo1MCU7dG9wOjc1cHg7ZmxvYXQ6bGVmdDt0ZXh0LWFsaWduOiBsZWZ0OyI+44CQ44OR44Ov44O844OR44OV44Ks44O844Or44K644CR5LuW44Gu56iu6aGe44Gv44GT44Gh44KJ44GL44KJICZndDsmZ3Q7PC9kaXY+PGRpdiBzdHlsZT0id2lkdGg6NTAlO2Zsb2F0OmxlZnQ7dGV4dC1hbGlnbjpyaWdodDsiPjxpbWcgc3R5bGU9IndpZHRoOjI1MHB4O2JvcmRlcjpub25lOyIgc3JjPSJodHRwOi8vaW1hZ2UucmFrdXRlbi5jby5qcC9jaW5lbWFjb2xsZWN0aW9uL2NhYmluZXQvMDAybGJuL3RvcGxiMzguanBnIj48L2Rpdj48ZGl2IHN0eWxlPSJjbGVhcjpib3RoOyI+PC9kaXY+PC9kaXY+PCEtLemWoumAo+aknOe0ouOCreODvOODr+ODvOODiS0tPjxkaXYgY2xhc3M9ImthbnJlbi1saW5rIj7jgZPjga7jgqvjg4bjgrTjg6rjgavjga/jgZPjgpPjgarllYblk4HjgYzlkKvjgb7jgozjgabjgYTjgb7jgZk8YnI+PGJyPjxzcGFuIGNsYXNzPSJrYW5yZW4tbGluayI+44OQ44OD44Kw44O76LKh5biD44CQ44Op44Oz44OB44OI44O844OI44CRPC9zcGFuPjwvZGl2PjwhLS3imIXjgrPjgrPjgb7jgactLT48IS0t6Zai6YCj5qSc57Si44Kt44O844Ov44O844OJLS0+PGRpdiBjbGFzcz0ia2FucmVuLWxpbmsiPuOBk+OCjOOCkuimi+OBn+S6uuOBr+OBk+OCk+OBquOCreODvOODr+ODvOODieOBp+aknOe0ouOBl+OBpuOBhOOBvuOBmTxicj48YnI+PHNwYW4gY2xhc3M9ImthbnJlbi1saW5rIj7lsI/jgZXjgoEg44OI44O844OI44OQ44OD44KwPC9zcGFuPjxzcGFuIGNsYXNzPSJrYW5yZW4tbGluayI+44OI44O844OI44OQ44OD44KwIOOCreODo+ODs+ODkOOCuTwvc3Bhbj48c3BhbiBjbGFzcz0ia2FucmVuLWxpbmsiPuOCreODo+ODqeOCr+OCv+ODvCDjg4jjg7zjg4jjg5Djg4PjgrA8L3NwYW4+PHNwYW4gY2xhc3M9ImthbnJlbi1saW5rIj7jg4fjgqPjgrrjg4vjg7wg44OQ44OD44KwPC9zcGFuPjxzcGFuIGNsYXNzPSJrYW5yZW4tbGluayI+44K144Oz44Oq44KqIOODkOODg+OCsDwvc3Bhbj48c3BhbiBjbGFzcz0ia2FucmVuLWxpbmsiPuOCreODo+ODqeOCr+OCv+ODvCDjg53jg7zjg4E8L3NwYW4+PHNwYW4gY2xhc3M9ImthbnJlbi1saW5rIj7jgq3jg6Pjg6njgq/jgr/jg7wg44OV44Kh44OD44K344On44OzPC9zcGFuPjxzcGFuIGNsYXNzPSJrYW5yZW4tbGluayI+44Kt44Oj44Op44Kv44K/44O8IOOCsOODg+OCujwvc3Bhbj48c3BhbiBjbGFzcz0ia2FucmVuLWxpbmsiPuOCreODo+ODqeOCr+OCv+ODvCDjg5Djg4PjgrA8L3NwYW4+PHNwYW4gY2xhc3M9ImthbnJlbi1saW5rIj7jg5XjgqHjg4Pjgrfjg6fjg7PlsI/niak8L3NwYW4+PC9kaXY+PCEtLeKYheOCs+OCs+OBvuOBpy0tPjwhLS01NjAwLS0+Cgo8L1REPjwvVFI+PC9UQUJMRT48YnI+PGJyPgoKCjwhLS3mlrDnnYAgLS0+Cgo8aW1nIHN0eWxlPSJ3aWR0aDo4MDBweDttYXJnaW46MCAwIDEwcHggMDtib3JkZXI6bm9uZTsiIHNyYz0iaHR0cDovL2ltYWdlLnJha3V0ZW4uY28uanAvY2luZW1hY29sbGVjdGlvbi9jYWJpbmV0L3Npbi5naWYiPjxicj4KPGRpdiBzdHlsZT0id2lkdGg6NzUwcHg7bWFyZ2luOiAwIGF1dG87cGFkZGluZzoxNXB4O3RleHQtYWxpZ246cmlnaHQ7Zm9udC13ZWlnaHQ6Ym9sZDtmb250LXNpemU6MThweDsiPj4+5paw552A5oOF5aCx44Gu44Gk44Gl44GN44Gv44GT44Gh44KJPC9kaXY+Cjxicj4KPGRpdiBzdHlsZT0id2lkdGg6NzUwcHg7bWFyZ2luOiAwIGF1dG87cGFkZGluZzoxNXB4O3RleHQtYWxpZ246cmlnaHQ7Zm9udC13ZWlnaHQ6Ym9sZDtmb250LXNpemU6MThweDsiPj4+5paw552A5oOF5aCx44Gu44Gk44Gl44GN44Gv44GT44Gh44KJPC9kaXY+CgoKCgoKCjxpbWcgc3R5bGU9IndpZHRoOjgwMHB4O21hcmdpbjowIDAgMTBweCAwO2JvcmRlcjpub25lOyIgc3JjPSJodHRwOi8vaW1hZ2UucmFrdXRlbi5jby5qcC9jaW5lbWFjb2xsZWN0aW9uL2NhYmluZXQvY2FyLmdpZiI+PGJyPgo8dGFibGUgd2lkdGg9IjgwMCI+PHRyPjx0ZCB3aWR0aD0iODAwIiBhbGlnbj0icmlnaHQiPuKHkuOBmeOBueOBpuOBruOCreODo+ODqeOCr+OCv+ODvOOBr+OBk+OBoeOCiTwvdGQ+PC90cj48dHI+PHRkPjxicj48YnI+Cgo8YnI+PGJyPgo8L3RkPjwvdHI+PC90YWJsZT48YnI+PGJyPgoKCjxpbWcgc3R5bGU9IndpZHRoOjgwMHB4O21hcmdpbjowIDAgMTBweCAwO2JvcmRlcjpub25lOyIgc3JjPSJodHRwOi8vaW1hZ2UucmFrdXRlbi5jby5qcC9jaW5lbWFjb2xsZWN0aW9uL2NhYmluZXQvY2F0LmdpZiI+PGJyPgo8L2NlbnRlcj4KCgo8IS0tIC0tPgoKPHN0eWxlPgovKuiyt+OBhOeJqeOCq+OCtOODnOOCv+ODsyovCiNyYWt1dGVuTGltaXRlZElkX2Fyb3VuZENhcnQgaW5wdXQgewoJd2lkdGg6IDI4MHB4OwoJaGVpZ2h0OiAxNTBweDsKCWJhY2tncm91bmQ6dXJsKGh0dHA6Ly9pbWFnZS5yYWt1dGVuLmNvLmpwL2NpbmVtYWNvbGxlY3Rpb24vY2FiaW5ldC9jYXJ0LmdpZikgI2ZmZmZmZiBuby1yZXBlYXQ7CglvdmVyZmxvdzogaGlkZGVuOwoJYm9yZGVyLXdpZHRoOiAwcHg7CgljdXJzb3I6IHBvaW50ZXIgIWltcG9ydGFudDsKCXRleHQtaW5kZW50OiAxNTAlOwoJd2hpdGUtc3BhY2U6IG5vd3JhcDsKCW1hcmdpbjogNXB4IDAgMCAwOwoJZGlzcGxheTpibG9jazsKfQoKI3Jha3V0ZW5MaW1pdGVkSWRfYXJvdW5kQ2FydCAuaW52ZW50b3J5IGlucHV0IHsKCWJhY2tncm91bmQ6bm9uZSAhaW1wb3J0YW50OwoJd2lkdGg6IDJlbSFpbXBvcnRhbnQ7CgloZWlnaHQ6IDEuMmVtIWltcG9ydGFudDsKCWRpc3BsYXk6aW5saW5lOwp9CgoKLyrlgIvmlbDjg4bjgq3jgrnjg4gqLwojcmFrdXRlbkxpbWl0ZWRJZF9hcm91bmRDYXJ0IC51bml0IHsKCWZvbnQtc2l6ZToxNnB4Owp9CgovKuWAi+aVsOWFpeWKmyovCiNyYWt1dGVuTGltaXRlZElkX2Fyb3VuZENhcnQgaW5wdXQjdW5pdHMgewoJYm9yZGVyOnNvbGlkICNjY2MgMXB4OwoJYmFja2dyb3VuZDojZmZmIWltcG9ydGFudDsKCXdpZHRoOjMwcHg7CgloZWlnaHQ6MzBweDsKCWN1cnNvcjphdXRvOwoJcGFkZGluZzo3cHggN3B4IDdweCAzcHg7Cgl0ZXh0LWluZGVudDogMHB4OwoJb3ZlcmZsb3c6IGhpZGRlbjsKCWRpc3BsYXk6aW5saW5lOwoJZm9udC1zaXplOjE2cHg7Cn0KCi8q44GK5ZWP44GE5ZCI44KP44Gb44Oc44K/44OzKi8KI3Jha3V0ZW5MaW1pdGVkSWRfYXJvdW5kQ2FydCBmb250IGlucHV0IHsKCXdpZHRoOiAyODBweDsKCWhlaWdodDogODBweDsKCWJhY2tncm91bmQ6dXJsKGh0dHA6Ly9pbWFnZS5yYWt1dGVuLmNvLmpwL2NpbmVtYWNvbGxlY3Rpb24vY2FiaW5ldC90b2kuZ2lmKSAjZmZmZmZmIG5vLXJlcGVhdDsKCW92ZXJmbG93OiBoaWRkZW47Cglib3JkZXItd2lkdGg6IDBweDsKCWN1cnNvcjogcG9pbnRlciAhaW1wb3J0YW50OwoJdGV4dC1pbmRlbnQ6IDE1MCU7Cgl3aGl0ZS1zcGFjZTogbm93cmFwOwoJbWFyZ2luOiA1cHggMCAwIDA7CglkaXNwbGF5OmJsb2NrOwp9Cgojc2VydmljZVRhYmxlU21sIC5mYXZvcml0ZSB7CglkaXNwbGF5OmJsb2NrOwoJd2lkdGg6IDI4MHB4Owp9Cgojc2VydmljZVRhYmxlU21sIC5mYXZvcml0ZSAuYm9va21hcmtBcmVhIGRpdnsKCXdpZHRoOiAyODBweCFpbXBvcnRhbnQ7Cn0KCiNzZXJ2aWNlVGFibGVTbWwgLmZhdm9yaXRlIC5ia20gYSB7Cgl3aWR0aDogMjgwcHghaW1wb3J0YW50OwoJaGVpZ2h0OiAzMDBweCFpbXBvcnRhbnQ7CgliYWNrZ3JvdW5kOnVybChodHRwOi8vaW1hZ2UucmFrdXRlbi5jby5qcC9jaW5lbWFjb2xsZWN0aW9uL2NhYmluZXQvb2tpLmdpZikgI2ZmZmZmZiBuby1yZXBlYXQ7CglvdmVyZmxvdzogaGlkZGVuOwoJYm9yZGVyLXdpZHRoOiAwcHg7CgljdXJzb3I6IHBvaW50ZXIgIWltcG9ydGFudDsKCXRleHQtaW5kZW50Oi0xNTAlOwoJbWFyZ2luOiA1cHggMCAwIDA7CglkaXNwbGF5OmJsb2NrOwp9CgoKLyrjgYrmsJfjgavlhaXjgooqLwoKZGl2LncyODAtYyAge3dpZHRoOjI4MHB4O3RleHQtYWxpZ246IGNlbnRlcjt9CmRpdi5jZW50ZXItbS0wYSAge21hcmdpbjowIGF1dG87fQouaXRlbS1va2ktYm4gIHt3aWR0aDoyODBweDttYXJnaW46MnB4IDA7Ym9yZGVyOm5vbmU7fQouaXRlbS1pZnJhbWUgIHttYXJnaW46MHB4O2JvcmRlcjowcHg7fQoKZGl2LmthbnJlbi1saW5rIHtjb2xvcjojN2Y3ZjdmO3dpZHRoOjkwJTttYXJnaW46MjBweCBhdXRvO3BhZGRpbmc6MjBweDt0ZXh0LWFsaWduOiBsZWZ0O2ZvbnQtc2l6ZToxLjJlbTtiYWNrZ3JvdW5kLWNvbG9yOiNmZmZmZmY7Ym9yZGVyOmRvdHRlZCAycHggI2ZmODAzMzt9CnNwYW4ua2FucmVuLWxpbmsge21hcmdpbjoxMHB4IDtwYWRkaW5nOiAwIDAgMCAwLjVlbTtmb250LXNpemU6MS4yZW07CmJhY2tncm91bmQ6dXJsKGh0dHA6Ly9pbWFnZS5yYWt1dGVuLmNvLmpwL21tLXBvcC9jYWJpbmV0L2xpbmstaGVhZC1way5naWYpIG5vLXJlcGVhdCAwIDAuNDVlbTsKfQphOmxpbmsga2FucmVuLWxpbmt7Zm9udC1zaXplOjEuMmVtOyBjb2xvcjojMzM4MGZmO3RleHQtZGVjb3JhdGlvbjpub25lO30KCjwvc3R5bGU+CgoKCgo8IS0tIAo8c3lsZSB0eXBlPSJ0ZXh0L2NzcyI+CiBodG1sLGJvZHl7IG92ZXJmbG93LXg6aGlkZGVuOyB9CgphOmxpbmsge2NvbG9yOiMzMzgwZmY7fQphOnZpc2l0ZWQge2NvbG9yOiM2NjY7fQphOmhvdmVyIHtjb2xvcjojMzMzO30KYTphY3RpdmUge2NvbG9yOiMzMzM7fQphe3RleHQtZGVjb3JhdGlvbjpub25lO30KaW1nIHtib3JkZXI6bm9uZTsgdmVydGljYWwtYWxpZ246Ym90dG9tO30KcCB7bWFyZ2luOjA7IHBhZGRpbmc6MDsgZm9udC1zaXplOjgwJTt9CnAucmVzaXplaW1hZ2UgaW1nIHsgd2lkdGg6IDk4JTsgfQpwLnJlc2l6ZWltYWdlMiBpbWcgeyB3aWR0aDogOTAlOyB9CmE6aG92ZXIgaW1nIHtvcGFjaXR5OiAwLjY7IGZpbHRlcjogYWxwaGEob3BhY2l0eT02MCk7IC1tb3otb3BhY2l0eTogMC42O30KCgppbWcudG9wYm57bWFyZ2luOjEwcHggMDtib3JkZXI6bm9uZTt9CmRpdi5kaXNjMyB7d2lkdGg6MTAwJTttYXJnaW46IDAgYXV0bztwYWRkaW5nOjE1cHg7YmFja2dyb3VuZDojZWZlZmVmO3RleHQtYWxpZ246bGVmdDtmb250LXdlaWdodDpib2xkO2ZvbnQtc2l6ZToxOHB4O30KCiA8L3N0eWxlPgotLT4KCgo8c3R5bGUgdHlwZT0idGV4dC9jc3MiPgo8IS0tCgpkaXYjSGVhZGVyS2V5d29yZCB7Cglwb3NpdGlvbjphYnNvbHV0ZTsKCXRvcDo2MHB4Oy8q5LiA55Wq5LiK44GL44KJ44Gu5L2N572uKi8KCWxlZnQ6NjBweDsvKuW3puerr+OBi+OCieOBruS9jee9riovCn0KCmRpdiNIZWFkZXJLZXl3b3JkIHNwYW4gewoJYmFja2dyb3VuZDogI2JmMDAwMDsKCWNvbG9yOiNmZmY7Cglmb250LXdlaWdodDpib2xkOwoJcGFkZGluZzoycHggNXB4Owp9CgpkaXYjSGVhZGVyS2V5d29yZCBhIHsKCWNvbG9yOiMwMDQ0Q0M7Cn0KCi0tPgo8L3N0eWxlPgo8ZGl2IGlkPSJIZWFkZXJLZXl3b3JkIj4KPHNwYW4+5rOo55uu44Gu44Kt44O844Ov44O844OJPC9zcGFuPgo+PuaWh+aIv+WFtwo+PuODkOODg+OCsAo+PuOBiuiyoeW4gwo+PuOCueODjOODvOODlOODvAoKPC9kaXY+,44OR44Ov44O844OR44OV44Ks44O844Or44K6IOODqeODs+ODgeODkOODg+OCsCDjg57jg4Hku5jjgY3jgrPjg4Pjg4jjg7Pjg5Djg4PjgrAgR08gIOOCueODouODvOODq+ODl+ODqeODjeODg+ODiCAyOS41JnRpbWVzOzIwJnRpbWVzOzljbSDjgYrlvIHlvZPjgYvjgbDjgpMg44Kt44Oj44Op44Kv44K/44O844Kw44OD44K66YCa6LKpIOOAkOODoeODvOODq+S+v+WPr+OAkeOAkOOBguOBmealveOAkeOCt+ODjeODnuOCs+ODrOOCr+OCt+ODp+ODs++8muOCreODo+ODqeOCr+OCv+ODvOOBruOCt+ODjeODnuOCs+ODrOOCr+OCt+ODp+ODsw==,44Kt44Oj44Op44Kv44K/44O844Kt44Oj44Op44Kv44K/44O844Kw44OD44K644Kt44Oj44Op44Kv44K/44O86ZuR6LKo6ZuR6LKo44K144Oz44Oq44Kq44OH44Kj44K644OL44O844KG44KL44Kt44Oj44Op44Of44OD44Kt44O844Kt44OG44Kj44GP44G+44Oi44Oz44Ov44Oz44OU44O844K544Ki44OL44Oh44Ki44OL44Oh44Kw44OD44K644K/44Kq44Or5paH5YW35paH5oi/5YW344Kk44Oz44OG44Oq44Ki55Sf5rS76ZuR6LKo44Kt44OD44K65a2Q44Gp44KC44OR44Ov44O844OR44OV44Ks44O844Or44K6IOODqeODs+ODgeODkOODg+OCsCDjg57jg4Hku5jjgY3jgrPjg4Pjg4jjg7Pjg5Djg4PjgrAgR08gIOOCueODouODvOODq+ODl+ODqeODjeODg+ODiCAyOS41JnRpbWVzOzIwJnRpbWVzOzljbSDjgYrlvIHlvZPjgYvjgbDjgpMg44Kt44Oj44Op44Kv44K/44O844Kw44OD44K66YCa6LKpIOOAkOODoeODvOODq+S+v+WPr+OAkeOAkOOBguOBmealveOAkeOCt+ODjeODnuOCs+ODrOOCr+OCt+ODp+ODsw==,44OR44Ov44O844OR44OV44Ks44O844Or44K6IOODqeODs+ODgeODkOODg+OCsCDjg57jg4Hku5jjgY3jgrPjg4Pjg4jjg7Pjg5Djg4PjgrAgR08gIOOCueODouODvOODq+ODl+ODqeODjeODg+ODiCAyOS41JnRpbWVzOzIwJnRpbWVzOzljbSDjgYrlvIHlvZPjgYvjgbDjgpMg44Kt44Oj44Op44Kv44K/44O844Kw44OD44K66YCa6LKpIOOAkOODoeODvOODq+S+v+WPr+OAkeOAkOOBguOBmealveOAkeOCt+ODjeODnuOCs+ODrOOCr+OCt+ODp+ODsw==[rn]
30-32953,aHR0cDovL3RzaG9wLnIxMHMuanAvY2luZW1hY29sbGVjdGlvbi9jYWJpbmV0L3IyMDE3MDQyMS9zbS1zeGFwNzQ5LmpwZz9maXRpbj03MDA6NzAw,Nzk5LjIwMDA=,,44Kt44OD44K644O744OZ44OT44O844O744Oe44K/44OL44OG44KjID4g44Kt44OD44K6ID4g6ZuR6LKo44O75bCP54mp77yI44GK5byB5b2T44Kw44OD44K644O744K/44Kq44Or44O75paH5YW36aGe77yJID4g5a2Q5L6b55So44GK5byB5b2T6KKL,44GZ44G/44Gj44Kz44GQ44KJ44GXIOODqeODs+ODgeODkOODg+OCsCDjg57jg4Hku5jjgY3jgrPjg4Pjg4jjg7Pjg5Djg4PjgrAg44Ot44K0ICDjgrXjg7Pjgqjjg4Pjgq/jgrkg44K544Oi44O844Or44OX44Op44ON44OD44OIIDI5LjXDlzIww5c5Y20g44GK5byB5b2T44GL44Gw44KTIOOCreODo+ODqeOCr+OCv+ODvOOCsOODg+OCuumAmuiyqSDjgJDjg6Hjg7zjg6vkvr/lj6/jgJHjgJDjgYLjgZnmpb3jgJHjgrfjg43jg57jgrPjg6zjgq/jgrfjg6fjg7M=,,PGNlbnRlcj48YSBocmVmPSJodHRwOi8vd3d3LnJha3V0ZW4ubmUuanAvZ29sZC9jaW5lbWFjb2xsZWN0aW9uL2Fuc3dlci5odG1sI2MxcTMiIHRhcmdldD0iX25ldyI+PGltZyB3aWR0aD0iNzUwIiBib3JkZXI9IjAiIHNyYz0iaHR0cDovL2ltYWdlLnJha3V0ZW4uY28uanAvY2luZW1hY29sbGVjdGlvbi9jYWJpbmV0L3ItbWFpbDU4MC5qcGciIGhlaWdodD0iNTAiIHZzcGFjZT0iNSI+PC9hPjwvY2VudGVyPjxicj48YnI+44GZ44G/44Gj44Kz44GQ44KJ44GXIOODqeODs+ODgeODkOODg+OCsCDjg57jg4Hku5jjgY3jgrPjg4Pjg4jjg7Pjg5Djg4PjgrAg44Ot44K0ICDjgrXjg7Pjgqjjg4Pjgq/jgrkg44K544Oi44O844Or44OX44Op44ON44OD44OIIDI5LjXDlzIww5c5Y20g44GK5byB5b2T44GL44Gw44KTIOOCreODo+ODqeOCr+OCv+ODvOOCsOODg+OCuumAmuiyqSDjgJDjg6Hjg7zjg6vkvr/lj6/jgJHjgJDjgYLjgZnmpb3jgJHjgrfjg43jg57jgrPjg6zjgq/jgrfjg6fjg7M8QlI+PEJSPjwhLS0g4piF44GK5rCX44Gr5YWl44KKLS0+PGRpdiBjbGFzcz0idzI4MC1jIj48ZGl2IGNsYXNzPSJjZW50ZXItbS0wYSI+PGltZyBjbGFzcz0iaXRlbS1va2ktYm4iIGFsdD0i44Kt44Oj44Op44Kv44K/44O844Kw44OD44K66YCa6LKp44K344ON44Oe44Kz44Os44Kv44K344On44Oz44Gu44GK5rCX44Gr5YWl44KK44Oq44K544OI44KS56K66KqN44GZ44KLIiBzcmM9Imh0dHA6Ly9pbWFnZS5yYWt1dGVuLmNvLmpwL2NpbmVtYWNvbGxlY3Rpb24vY2FiaW5ldC9va2ktMi5naWYiPjwvZGl2PjwvZGl2PjwhLS0g4piF44GK5rCX44Gr5YWl44KK44Kz44Kz44G+44GnLS0+PCEtLeKYheWJiumZpOS4jeWPry0tPjwvc3Bhbj48L3RkPjwvdHI+PC90YWJsZT48YnI+PC90ZD48L3RyPjwvdGFibGU+PGJyPjx0YWJsZSBjZWxscGFkZGluZz0iMCIgYm9yZGVyPSIwIj48dHI+PHRkPjx0YWJsZSBjZWxscGFkZGluZz0iMCIgYm9yZGVyPSIwIj48dHI+PHRkPjxzcGFuPjwhLS3plqLpgKPmpJzntKLjgq3jg7zjg6/jg7zjg4ktLT48ZGl2IHN0eWxlPSJ3aWR0aDoxMDAlO3RleHQtYWxpZ246IGNlbnRlciI+PGgzIHN0eWxlPSJjb2xvcjojN2Y3ZjdmOyI+44GK5byB5b2T44KS5aeL44KB44CB44Kz44K544Oh44Gq44Gp44GE44KN44GE44KN5L2/44GI44KL5L6/5Yip44Gq44K144OW44OQ44OD44KwPGJyPjwhLS3imIVLLS0+5biG5biDL+ODqeODs+ODgeOCsOODg+OCui/jgYrlvIHlvZPlhaXjgowv5Lq65rCXL+ipsemhjDwvaDM+PGltZyBzdHlsZT0ibWFyZ2luOjE1cHggMCAxMHB4IDA7d2lkdGg6MTAwJSA7Ym9yZGVyOm5vbmU7IiBhbHQ9IuOCreODo+ODqeOCr+OCv+ODvOOCsOODg+OCuuWwgumWgOW6ly/jgrfjg43jg57jgrPjg6zjgq/jgrfjg6fjg7Mv5ZWG5ZOB6Kmz57SwIiBzcmM9Imh0dHA6Ly93d3cucmFrdXRlbi5uZS5qcC9nb2xkL2NpbmVtYWNvbGxlY3Rpb24vYm4vaXRlbS1ibjAxLmdpZiIgLz48ZGl2IHN0eWxlPSJjb2xvcjojN2Y3ZjdmO3dpZHRoOjkwJTttYXJnaW46MCBhdXRvOyNlZmVmZWYgc29saWQgMXB4O3BhZGRpbmc6MTBweDt0ZXh0LWFsaWduOiBsZWZ0OyI+5aSn5Lq65rCX44CQ44GZ44G/44Gj44GT44GQ44KJ44GX44CR44Kw44OD44K644Gr44G+44Gf44G+44Gf5Y+v5oSb44GEbmV344Ki44Kk44OG44Og55m75aC0ISE8YnI+44GT44Gh44KJ44Gv44GT44KM44GL44KJ44Gu5a2j56+A44Gr44Go44Gj44Gm44KC6YeN5a6d44GZ44KL44Oe44OB5LuY44GN44Kz44OD44OI44Oz44OQ44OD44KwISE8YnI+44GK5byB5b2T44KS5aeL44KB44CB44Kz44K544Oh44Gq44Gp44GE44KN44GE44KN5L2/44GI44KL5L6/5Yip44Gq44K144Kk44K644Gu44K144OW44OQ44OD44Kw4piGPGJyPuWGheWBtOOBq+OBr+ODneOCseODg+ODiOOCguS7mOOBhOOBpuOBqOOBo+OBpuOCguS+v+WIqeKZqjxicj7ku5bjgavjgoLjgYTjgo3jgYTjgo3nqK7poZ7jgYLjgovjga7jgafjgYrmsJfjgavlhaXjgorjgpLmjqLjgZfjgabjga3imao8YnI+PGJyPuKWoOOCteOCpOOCuu+8mue0hDI5NcOXMjAww5c5MG1tPGJyPuKWoOe0oOadkO+8muOCs+ODg+ODiOODszxCUj48QlI+4pag44Kr44Op44O8IOOCr+ODquODvOODoOezu++8iOeZveODu+iWhOOBhOOCpOOCqOODreODvO+8iTxCUj48QlI+PC9kaXY+PC9kaXY+PGRpdiBzdHlsZT0id2lkdGg6MTAwJTt0ZXh0LWFsaWduOiBjZW50ZXI7Ij48aW1nIHN0eWxlPSJtYXJnaW46MTVweCAwIDEwcHggMDt3aWR0aDoxMDAlIDtib3JkZXI6bm9uZTsiIGFsdD0i44Kt44Oj44Op44Kv44K/44O844Kw44OD44K65bCC6ZaA5bqXL+OCt+ODjeODnuOCs+ODrOOCr+OCt+ODp+ODsy/oqbPntLDnlLvlg48iIHNyYz0iaHR0cDovL3d3dy5yYWt1dGVuLm5lLmpwL2dvbGQvY2luZW1hY29sbGVjdGlvbi9ibi9pdGVtLWJuMDIuZ2lmIiAvPjxkaXYgc3R5bGU9IndpZHRoOjEwMCU7bWFyZ2luOjAgYXV0bzsiPjxpbWcgc3R5bGU9IndpZHRoOjI2MHB4O21hcmdpbjoycHg7Ym9yZGVyOm5vbmU7IiBzcmM9Imh0dHA6Ly9pbWFnZS5yYWt1dGVuLmNvLmpwL2NpbmVtYWNvbGxlY3Rpb24vY2FiaW5ldC9yMjAxNzA0MjEvc20tc3hhcDc0OS5qcGciPjxpbWcgc3R5bGU9IndpZHRoOjI2MHB4O21hcmdpbjoycHg7Ym9yZGVyOm5vbmU7IiBzcmM9Imh0dHA6Ly9pbWFnZS5yYWt1dGVuLmNvLmpwL2NpbmVtYWNvbGxlY3Rpb24vY2FiaW5ldC9yMjAxNzA0MjEvc20tc3hhcDc0OV8yLmpwZyI+PGltZyBzdHlsZT0id2lkdGg6MjYwcHg7bWFyZ2luOjJweDtib3JkZXI6bm9uZTsiIHNyYz0iaHR0cDovL2ltYWdlLnJha3V0ZW4uY28uanAvY2luZW1hY29sbGVjdGlvbi9jYWJpbmV0L3IyMDE3MDQyMS9zbS1zeGFwNzQ5XzMuanBnIj48L2Rpdj48L2Rpdj48ZGl2IHN0eWxlPSJ3aWR0aDoxMDAlO3RleHQtYWxpZ246IGNlbnRlcjsiPjxpbWcgc3R5bGU9Im1hcmdpbjoxNXB4IDAgMTBweCAwO3dpZHRoOjEwMCUgO2JvcmRlcjpub25lOyIgYWx0PSLjgq3jg6Pjg6njgq/jgr/jg7zjgrDjg4PjgrrlsILploDlupcv44K344ON44Oe44Kz44Os44Kv44K344On44OzL+ips+e0sOeUu+WDjyIgc3JjPSJodHRwOi8vd3d3LnJha3V0ZW4ubmUuanAvZ29sZC9jaW5lbWFjb2xsZWN0aW9uL2JuL2l0ZW0tYm4wMy5naWYiIC8+PGRpdiBzdHlsZT0id2lkdGg6NTAlO3RvcDo3NXB4O2Zsb2F0OmxlZnQ7dGV4dC1hbGlnbjogbGVmdDsiPuOAkOOBmeOBv+OBo+OCs+OBkOOCieOBl+OAkeS7luOBrueorumhnuOBr+OBk+OBoeOCieOBi+OCiSAmZ3Q7Jmd0OzwvZGl2PjxkaXYgc3R5bGU9IndpZHRoOjUwJTtmbG9hdDpsZWZ0O3RleHQtYWxpZ246cmlnaHQ7Ij48aW1nIHN0eWxlPSJ3aWR0aDoyNTBweDtib3JkZXI6bm9uZTsiIHNyYz0iaHR0cDovL2ltYWdlLnJha3V0ZW4uY28uanAvY2luZW1hY29sbGVjdGlvbi9jYWJpbmV0LzAwMmxibi90b3BsYjEzMi5qcGciPjwvZGl2PjxkaXYgc3R5bGU9ImNsZWFyOmJvdGg7Ij48L2Rpdj48L2Rpdj48IS0t6Zai6YCj5qSc57Si44Kt44O844Ov44O844OJLS0+PGRpdiBjbGFzcz0ia2FucmVuLWxpbmsiPuOBk+OBruOCq+ODhuOCtOODquOBq+OBr+OBk+OCk+OBquWVhuWTgeOBjOWQq+OBvuOCjOOBpuOBhOOBvuOBmTxicj48YnI+PHNwYW4gY2xhc3M9ImthbnJlbi1saW5rIj7jg5Djg4PjgrDjg7vosqHluIPjgJDjg6njg7Pjg4Hjg4jjg7zjg4jjgJE8L3NwYW4+PC9kaXY+PCEtLeKYheOCs+OCs+OBvuOBpy0tPjwhLS3plqLpgKPmpJzntKLjgq3jg7zjg6/jg7zjg4ktLT48ZGl2IGNsYXNzPSJrYW5yZW4tbGluayI+44GT44KM44KS6KaL44Gf5Lq644Gv44GT44KT44Gq44Kt44O844Ov44O844OJ44Gn5qSc57Si44GX44Gm44GE44G+44GZPGJyPjxicj48c3BhbiBjbGFzcz0ia2FucmVuLWxpbmsiPuWwj+OBleOCgSDjg4jjg7zjg4jjg5Djg4PjgrA8L3NwYW4+PHNwYW4gY2xhc3M9ImthbnJlbi1saW5rIj7jg4jjg7zjg4jjg5Djg4PjgrAg44Kt44Oj44Oz44OQ44K5PC9zcGFuPjxzcGFuIGNsYXNzPSJrYW5yZW4tbGluayI+44Kt44Oj44Op44Kv44K/44O8IOODiOODvOODiOODkOODg+OCsDwvc3Bhbj48c3BhbiBjbGFzcz0ia2FucmVuLWxpbmsiPuODh+OCo+OCuuODi+ODvCDjg5Djg4PjgrA8L3NwYW4+PHNwYW4gY2xhc3M9ImthbnJlbi1saW5rIj7jgrXjg7Pjg6rjgqog44OQ44OD44KwPC9zcGFuPjxzcGFuIGNsYXNzPSJrYW5yZW4tbGluayI+44Kt44Oj44Op44Kv44K/44O8IOODneODvOODgTwvc3Bhbj48c3BhbiBjbGFzcz0ia2FucmVuLWxpbmsiPuOCreODo+ODqeOCr+OCv+ODvCDjg5XjgqHjg4Pjgrfjg6fjg7M8L3NwYW4+PHNwYW4gY2xhc3M9ImthbnJlbi1saW5rIj7jgq3jg6Pjg6njgq/jgr/jg7wg44Kw44OD44K6PC9zcGFuPjxzcGFuIGNsYXNzPSJrYW5yZW4tbGluayI+44Kt44Oj44Op44Kv44K/44O8IOODkOODg+OCsDwvc3Bhbj48c3BhbiBjbGFzcz0ia2FucmVuLWxpbmsiPuODleOCoeODg+OCt+ODp+ODs+Wwj+eJqTwvc3Bhbj48L2Rpdj48IS0t4piF44Kz44Kz44G+44GnLS0+PCEtLTU2MDAtLT4KCjwvVEQ+PC9UUj48L1RBQkxFPjxicj48YnI+CgoKPCEtLeaWsOedgCAtLT4KCjxpbWcgc3R5bGU9IndpZHRoOjgwMHB4O21hcmdpbjowIDAgMTBweCAwO2JvcmRlcjpub25lOyIgc3JjPSJodHRwOi8vaW1hZ2UucmFrdXRlbi5jby5qcC9jaW5lbWFjb2xsZWN0aW9uL2NhYmluZXQvc2luLmdpZiI+PGJyPgo8ZGl2IHN0eWxlPSJ3aWR0aDo3NTBweDttYXJnaW46IDAgYXV0bztwYWRkaW5nOjE1cHg7dGV4dC1hbGlnbjpyaWdodDtmb250LXdlaWdodDpib2xkO2ZvbnQtc2l6ZToxOHB4OyI+Pj7mlrDnnYDmg4XloLHjga7jgaTjgaXjgY3jga/jgZPjgaHjgok8L2Rpdj4KPGJyPgo8ZGl2IHN0eWxlPSJ3aWR0aDo3NTBweDttYXJnaW46IDAgYXV0bztwYWRkaW5nOjE1cHg7dGV4dC1hbGlnbjpyaWdodDtmb250LXdlaWdodDpib2xkO2ZvbnQtc2l6ZToxOHB4OyI+Pj7mlrDnnYDmg4XloLHjga7jgaTjgaXjgY3jga/jgZPjgaHjgok8L2Rpdj4KCgoKCgoKPGltZyBzdHlsZT0id2lkdGg6ODAwcHg7bWFyZ2luOjAgMCAxMHB4IDA7Ym9yZGVyOm5vbmU7IiBzcmM9Imh0dHA6Ly9pbWFnZS5yYWt1dGVuLmNvLmpwL2NpbmVtYWNvbGxlY3Rpb24vY2FiaW5ldC9jYXIuZ2lmIj48YnI+Cjx0YWJsZSB3aWR0aD0iODAwIj48dHI+PHRkIHdpZHRoPSI4MDAiIGFsaWduPSJyaWdodCI+4oeS44GZ44G544Gm44Gu44Kt44Oj44Op44Kv44K/44O844Gv44GT44Gh44KJPC90ZD48L3RyPjx0cj48dGQ+PGJyPjxicj4KCjxicj48YnI+CjwvdGQ+PC90cj48L3RhYmxlPjxicj48YnI+CgoKPGltZyBzdHlsZT0id2lkdGg6ODAwcHg7bWFyZ2luOjAgMCAxMHB4IDA7Ym9yZGVyOm5vbmU7IiBzcmM9Imh0dHA6Ly9pbWFnZS5yYWt1dGVuLmNvLmpwL2NpbmVtYWNvbGxlY3Rpb24vY2FiaW5ldC9jYXQuZ2lmIj48YnI+CjwvY2VudGVyPgoKCjwhLS0gLS0+Cgo8c3R5bGU+Ci8q6LK344GE54mp44Kr44K044Oc44K/44OzKi8KI3Jha3V0ZW5MaW1pdGVkSWRfYXJvdW5kQ2FydCBpbnB1dCB7Cgl3aWR0aDogMjgwcHg7CgloZWlnaHQ6IDE1MHB4OwoJYmFja2dyb3VuZDp1cmwoaHR0cDovL2ltYWdlLnJha3V0ZW4uY28uanAvY2luZW1hY29sbGVjdGlvbi9jYWJpbmV0L2NhcnQuZ2lmKSAjZmZmZmZmIG5vLXJlcGVhdDsKCW92ZXJmbG93OiBoaWRkZW47Cglib3JkZXItd2lkdGg6IDBweDsKCWN1cnNvcjogcG9pbnRlciAhaW1wb3J0YW50OwoJdGV4dC1pbmRlbnQ6IDE1MCU7Cgl3aGl0ZS1zcGFjZTogbm93cmFwOwoJbWFyZ2luOiA1cHggMCAwIDA7CglkaXNwbGF5OmJsb2NrOwp9CgojcmFrdXRlbkxpbWl0ZWRJZF9hcm91bmRDYXJ0IC5pbnZlbnRvcnkgaW5wdXQgewoJYmFja2dyb3VuZDpub25lICFpbXBvcnRhbnQ7Cgl3aWR0aDogMmVtIWltcG9ydGFudDsKCWhlaWdodDogMS4yZW0haW1wb3J0YW50OwoJZGlzcGxheTppbmxpbmU7Cn0KCgovKuWAi+aVsOODhuOCreOCueODiCovCiNyYWt1dGVuTGltaXRlZElkX2Fyb3VuZENhcnQgLnVuaXQgewoJZm9udC1zaXplOjE2cHg7Cn0KCi8q5YCL5pWw5YWl5YqbKi8KI3Jha3V0ZW5MaW1pdGVkSWRfYXJvdW5kQ2FydCBpbnB1dCN1bml0cyB7Cglib3JkZXI6c29saWQgI2NjYyAxcHg7CgliYWNrZ3JvdW5kOiNmZmYhaW1wb3J0YW50OwoJd2lkdGg6MzBweDsKCWhlaWdodDozMHB4OwoJY3Vyc29yOmF1dG87CglwYWRkaW5nOjdweCA3cHggN3B4IDNweDsKCXRleHQtaW5kZW50OiAwcHg7CglvdmVyZmxvdzogaGlkZGVuOwoJZGlzcGxheTppbmxpbmU7Cglmb250LXNpemU6MTZweDsKfQoKLyrjgYrllY/jgYTlkIjjgo/jgZvjg5zjgr/jg7MqLwojcmFrdXRlbkxpbWl0ZWRJZF9hcm91bmRDYXJ0IGZvbnQgaW5wdXQgewoJd2lkdGg6IDI4MHB4OwoJaGVpZ2h0OiA4MHB4OwoJYmFja2dyb3VuZDp1cmwoaHR0cDovL2ltYWdlLnJha3V0ZW4uY28uanAvY2luZW1hY29sbGVjdGlvbi9jYWJpbmV0L3RvaS5naWYpICNmZmZmZmYgbm8tcmVwZWF0OwoJb3ZlcmZsb3c6IGhpZGRlbjsKCWJvcmRlci13aWR0aDogMHB4OwoJY3Vyc29yOiBwb2ludGVyICFpbXBvcnRhbnQ7Cgl0ZXh0LWluZGVudDogMTUwJTsKCXdoaXRlLXNwYWNlOiBub3dyYXA7CgltYXJnaW46IDVweCAwIDAgMDsKCWRpc3BsYXk6YmxvY2s7Cn0KCiNzZXJ2aWNlVGFibGVTbWwgLmZhdm9yaXRlIHsKCWRpc3BsYXk6YmxvY2s7Cgl3aWR0aDogMjgwcHg7Cn0KCiNzZXJ2aWNlVGFibGVTbWwgLmZhdm9yaXRlIC5ib29rbWFya0FyZWEgZGl2ewoJd2lkdGg6IDI4MHB4IWltcG9ydGFudDsKfQoKI3NlcnZpY2VUYWJsZVNtbCAuZmF2b3JpdGUgLmJrbSBhIHsKCXdpZHRoOiAyODBweCFpbXBvcnRhbnQ7CgloZWlnaHQ6IDMwMHB4IWltcG9ydGFudDsKCWJhY2tncm91bmQ6dXJsKGh0dHA6Ly9pbWFnZS5yYWt1dGVuLmNvLmpwL2NpbmVtYWNvbGxlY3Rpb24vY2FiaW5ldC9va2kuZ2lmKSAjZmZmZmZmIG5vLXJlcGVhdDsKCW92ZXJmbG93OiBoaWRkZW47Cglib3JkZXItd2lkdGg6IDBweDsKCWN1cnNvcjogcG9pbnRlciAhaW1wb3J0YW50OwoJdGV4dC1pbmRlbnQ6LTE1MCU7CgltYXJnaW46IDVweCAwIDAgMDsKCWRpc3BsYXk6YmxvY2s7Cn0KCgovKuOBiuawl+OBq+WFpeOCiiovCgpkaXYudzI4MC1jICB7d2lkdGg6MjgwcHg7dGV4dC1hbGlnbjogY2VudGVyO30KZGl2LmNlbnRlci1tLTBhICB7bWFyZ2luOjAgYXV0bzt9Ci5pdGVtLW9raS1ibiAge3dpZHRoOjI4MHB4O21hcmdpbjoycHggMDtib3JkZXI6bm9uZTt9Ci5pdGVtLWlmcmFtZSAge21hcmdpbjowcHg7Ym9yZGVyOjBweDt9CgpkaXYua2FucmVuLWxpbmsge2NvbG9yOiM3ZjdmN2Y7d2lkdGg6OTAlO21hcmdpbjoyMHB4IGF1dG87cGFkZGluZzoyMHB4O3RleHQtYWxpZ246IGxlZnQ7Zm9udC1zaXplOjEuMmVtO2JhY2tncm91bmQtY29sb3I6I2ZmZmZmZjtib3JkZXI6ZG90dGVkIDJweCAjZmY4MDMzO30Kc3Bhbi5rYW5yZW4tbGluayB7bWFyZ2luOjEwcHggO3BhZGRpbmc6IDAgMCAwIDAuNWVtO2ZvbnQtc2l6ZToxLjJlbTsKYmFja2dyb3VuZDp1cmwoaHR0cDovL2ltYWdlLnJha3V0ZW4uY28uanAvbW0tcG9wL2NhYmluZXQvbGluay1oZWFkLXBrLmdpZikgbm8tcmVwZWF0IDAgMC40NWVtOwp9CmE6bGluayBrYW5yZW4tbGlua3tmb250LXNpemU6MS4yZW07IGNvbG9yOiMzMzgwZmY7dGV4dC1kZWNvcmF0aW9uOm5vbmU7fQoKPC9zdHlsZT4KCgoKCjwhLS0gCjxzeWxlIHR5cGU9InRleHQvY3NzIj4KIGh0bWwsYm9keXsgb3ZlcmZsb3cteDpoaWRkZW47IH0KCmE6bGluayB7Y29sb3I6IzMzODBmZjt9CmE6dmlzaXRlZCB7Y29sb3I6IzY2Njt9CmE6aG92ZXIge2NvbG9yOiMzMzM7fQphOmFjdGl2ZSB7Y29sb3I6IzMzMzt9CmF7dGV4dC1kZWNvcmF0aW9uOm5vbmU7fQppbWcge2JvcmRlcjpub25lOyB2ZXJ0aWNhbC1hbGlnbjpib3R0b207fQpwIHttYXJnaW46MDsgcGFkZGluZzowOyBmb250LXNpemU6ODAlO30KcC5yZXNpemVpbWFnZSBpbWcgeyB3aWR0aDogOTglOyB9CnAucmVzaXplaW1hZ2UyIGltZyB7IHdpZHRoOiA5MCU7IH0KYTpob3ZlciBpbWcge29wYWNpdHk6IDAuNjsgZmlsdGVyOiBhbHBoYShvcGFjaXR5PTYwKTsgLW1vei1vcGFjaXR5OiAwLjY7fQoKCmltZy50b3BibnttYXJnaW46MTBweCAwO2JvcmRlcjpub25lO30KZGl2LmRpc2MzIHt3aWR0aDoxMDAlO21hcmdpbjogMCBhdXRvO3BhZGRpbmc6MTVweDtiYWNrZ3JvdW5kOiNlZmVmZWY7dGV4dC1hbGlnbjpsZWZ0O2ZvbnQtd2VpZ2h0OmJvbGQ7Zm9udC1zaXplOjE4cHg7fQoKIDwvc3R5bGU+Ci0tPgoKCjxzdHlsZSB0eXBlPSJ0ZXh0L2NzcyI+CjwhLS0KCmRpdiNIZWFkZXJLZXl3b3JkIHsKCXBvc2l0aW9uOmFic29sdXRlOwoJdG9wOjYwcHg7LyrkuIDnlarkuIrjgYvjgonjga7kvY3nva4qLwoJbGVmdDo2MHB4Oy8q5bem56uv44GL44KJ44Gu5L2N572uKi8KfQoKZGl2I0hlYWRlcktleXdvcmQgc3BhbiB7CgliYWNrZ3JvdW5kOiAjYmYwMDAwOwoJY29sb3I6I2ZmZjsKCWZvbnQtd2VpZ2h0OmJvbGQ7CglwYWRkaW5nOjJweCA1cHg7Cn0KCmRpdiNIZWFkZXJLZXl3b3JkIGEgewoJY29sb3I6IzAwNDRDQzsKfQoKLS0+Cjwvc3R5bGU+CjxkaXYgaWQ9IkhlYWRlcktleXdvcmQiPgo8c3Bhbj7ms6jnm67jga7jgq3jg7zjg6/jg7zjg4k8L3NwYW4+Cj4+5paH5oi/5YW3Cj4+44OQ44OD44KwCj4+44GK6LKh5biDCj4+44K544OM44O844OU44O8Cgo8L2Rpdj4=,44GZ44G/44Gj44Kz44GQ44KJ44GXIOODqeODs+ODgeODkOODg+OCsCDjg57jg4Hku5jjgY3jgrPjg4Pjg4jjg7Pjg5Djg4PjgrAg44Ot44K0ICDjgrXjg7Pjgqjjg4Pjgq/jgrkg44K544Oi44O844Or44OX44Op44ON44OD44OIIDI5LjUmdGltZXM7MjAmdGltZXM7OWNtIOOBiuW8geW9k+OBi+OBsOOCkyDjgq3jg6Pjg6njgq/jgr/jg7zjgrDjg4PjgrrpgJrosqkg44CQ44Oh44O844Or5L6/5Y+v44CR44CQ44GC44GZ5qW944CR44K344ON44Oe44Kz44Os44Kv44K344On44Oz77ya44Kt44Oj44Op44Kv44K/44O844Gu44K344ON44Oe44Kz44Os44Kv44K344On44Oz,44Kt44Oj44Op44Kv44K/44O844Kt44Oj44Op44Kv44K/44O844Kw44OD44K644Kt44Oj44Op44Kv44K/44O86ZuR6LKo6ZuR6LKo44K144Oz44Oq44Kq44OH44Kj44K644OL44O844KG44KL44Kt44Oj44Op44Of44OD44Kt44O844Kt44OG44Kj44GP44G+44Oi44Oz44Ov44Oz44OU44O844K544Ki44OL44Oh44Ki44OL44Oh44Kw44OD44K644K/44Kq44Or5paH5YW35paH5oi/5YW344Kk44Oz44OG44Oq44Ki55Sf5rS76ZuR6LKo44Kt44OD44K65a2Q44Gp44KC44GZ44G/44Gj44Kz44GQ44KJ44GXIOODqeODs+ODgeODkOODg+OCsCDjg57jg4Hku5jjgY3jgrPjg4Pjg4jjg7Pjg5Djg4PjgrAg44Ot44K0ICDjgrXjg7Pjgqjjg4Pjgq/jgrkg44K544Oi44O844Or44OX44Op44ON44OD44OIIDI5LjUmdGltZXM7MjAmdGltZXM7OWNtIOOBiuW8geW9k+OBi+OBsOOCkyDjgq3jg6Pjg6njgq/jgr/jg7zjgrDjg4PjgrrpgJrosqkg44CQ44Oh44O844Or5L6/5Y+v44CR44CQ44GC44GZ5qW944CR44K344ON44Oe44Kz44Os44Kv44K344On44Oz,44GZ44G/44Gj44Kz44GQ44KJ44GXIOODqeODs+ODgeODkOODg+OCsCDjg57jg4Hku5jjgY3jgrPjg4Pjg4jjg7Pjg5Djg4PjgrAg44Ot44K0ICDjgrXjg7Pjgqjjg4Pjgq/jgrkg44K544Oi44O844Or44OX44Op44ON44OD44OIIDI5LjUmdGltZXM7MjAmdGltZXM7OWNtIOOBiuW8geW9k+OBi+OBsOOCkyDjgq3jg6Pjg6njgq/jgr/jg7zjgrDjg4PjgrrpgJrosqkg44CQ44Oh44O844Or5L6/5Y+v44CR44CQ44GC44GZ5qW944CR44K344ON44Oe44Kz44Os44Kv44K344On44Oz[rn]
30-32954,aHR0cDovL3RzaG9wLnIxMHMuanAvY2luZW1hY29sbGVjdGlvbi9jYWJpbmV0L3IyMDE3MDQyMS9zbS1zeGFwNzQ4LmpwZz9maXRpbj03MDA6NzAw,Nzk5LjIwMDA=,,44Kt44OD44K644O744OZ44OT44O844O744Oe44K/44OL44OG44KjID4g44Kt44OD44K6ID4g6ZuR6LKo44O75bCP54mp77yI44GK5byB5b2T44Kw44OD44K644O744K/44Kq44Or44O75paH5YW36aGe77yJID4g5a2Q5L6b55So44GK5byB5b2T6KKL,44GZ44G/44Gj44Kz44GQ44KJ44GXIOODqeODs+ODgeODkOODg+OCsCDjg57jg4Hku5jjgY3jgrPjg4Pjg4jjg7Pjg5Djg4PjgrAg44Kr44OV44Kn44K/44Kk44OgICDjgrXjg7Pjgqjjg4Pjgq/jgrkg44K544Oi44O844Or44OX44Op44ON44OD44OIIDI5LjXDlzIww5c5Y20g44GK5byB5b2T44GL44Gw44KTIOOCreODo+ODqeOCr+OCv+ODvOOCsOODg+OCuumAmuiyqSDjgJDjg6Hjg7zjg6vkvr/lj6/jgJHjgJDjgYLjgZnmpb3jgJHjgrfjg43jg57jgrPjg6zjgq/jgrfjg6fjg7M=,,PGNlbnRlcj48YSBocmVmPSJodHRwOi8vd3d3LnJha3V0ZW4ubmUuanAvZ29sZC9jaW5lbWFjb2xsZWN0aW9uL2Fuc3dlci5odG1sI2MxcTMiIHRhcmdldD0iX25ldyI+PGltZyB3aWR0aD0iNzUwIiBib3JkZXI9IjAiIHNyYz0iaHR0cDovL2ltYWdlLnJha3V0ZW4uY28uanAvY2luZW1hY29sbGVjdGlvbi9jYWJpbmV0L3ItbWFpbDU4MC5qcGciIGhlaWdodD0iNTAiIHZzcGFjZT0iNSI+PC9hPjwvY2VudGVyPjxicj48YnI+44GZ44G/44Gj44Kz44GQ44KJ44GXIOODqeODs+ODgeODkOODg+OCsCDjg57jg4Hku5jjgY3jgrPjg4Pjg4jjg7Pjg5Djg4PjgrAg44Kr44OV44Kn44K/44Kk44OgICDjgrXjg7Pjgqjjg4Pjgq/jgrkg44K544Oi44O844Or44OX44Op44ON44OD44OIIDI5LjXDlzIww5c5Y20g44GK5byB5b2T44GL44Gw44KTIOOCreODo+ODqeOCr+OCv+ODvOOCsOODg+OCuumAmuiyqSDjgJDjg6Hjg7zjg6vkvr/lj6/jgJHjgJDjgYLjgZnmpb3jgJHjgrfjg43jg57jgrPjg6zjgq/jgrfjg6fjg7M8QlI+PEJSPjwhLS0g4piF44GK5rCX44Gr5YWl44KKLS0+PGRpdiBjbGFzcz0idzI4MC1jIj48ZGl2IGNsYXNzPSJjZW50ZXItbS0wYSI+PGltZyBjbGFzcz0iaXRlbS1va2ktYm4iIGFsdD0i44Kt44Oj44Op44Kv44K/44O844Kw44OD44K66YCa6LKp44K344ON44Oe44Kz44Os44Kv44K344On44Oz44Gu44GK5rCX44Gr5YWl44KK44Oq44K544OI44KS56K66KqN44GZ44KLIiBzcmM9Imh0dHA6Ly9pbWFnZS5yYWt1dGVuLmNvLmpwL2NpbmVtYWNvbGxlY3Rpb24vY2FiaW5ldC9va2ktMi5naWYiPjwvZGl2PjwvZGl2PjwhLS0g4piF44GK5rCX44Gr5YWl44KK44Kz44Kz44G+44GnLS0+PCEtLeKYheWJiumZpOS4jeWPry0tPjwvc3Bhbj48L3RkPjwvdHI+PC90YWJsZT48YnI+PC90ZD48L3RyPjwvdGFibGU+PGJyPjx0YWJsZSBjZWxscGFkZGluZz0iMCIgYm9yZGVyPSIwIj48dHI+PHRkPjx0YWJsZSBjZWxscGFkZGluZz0iMCIgYm9yZGVyPSIwIj48dHI+PHRkPjxzcGFuPjwhLS3plqLpgKPmpJzntKLjgq3jg7zjg6/jg7zjg4ktLT48ZGl2IHN0eWxlPSJ3aWR0aDoxMDAlO3RleHQtYWxpZ246IGNlbnRlciI+PGgzIHN0eWxlPSJjb2xvcjojN2Y3ZjdmOyI+44GK5byB5b2T44KS5aeL44KB44CB44Kz44K544Oh44Gq44Gp44GE44KN44GE44KN5L2/44GI44KL5L6/5Yip44Gq44K144OW44OQ44OD44KwPGJyPjwhLS3imIVLLS0+44Os44OH44Kj44O844K5L+OCreODo+ODqeOCsOODg+OCui/kurrmsJcv6Kmx6aGML+W4huW4gzwvaDM+PGltZyBzdHlsZT0ibWFyZ2luOjE1cHggMCAxMHB4IDA7d2lkdGg6MTAwJSA7Ym9yZGVyOm5vbmU7IiBhbHQ9IuOCreODo+ODqeOCr+OCv+ODvOOCsOODg+OCuuWwgumWgOW6ly/jgrfjg43jg57jgrPjg6zjgq/jgrfjg6fjg7Mv5ZWG5ZOB6Kmz57SwIiBzcmM9Imh0dHA6Ly93d3cucmFrdXRlbi5uZS5qcC9nb2xkL2NpbmVtYWNvbGxlY3Rpb24vYm4vaXRlbS1ibjAxLmdpZiIgLz48ZGl2IHN0eWxlPSJjb2xvcjojN2Y3ZjdmO3dpZHRoOjkwJTttYXJnaW46MCBhdXRvOyNlZmVmZWYgc29saWQgMXB4O3BhZGRpbmc6MTBweDt0ZXh0LWFsaWduOiBsZWZ0OyI+5aSn5Lq65rCX44CQ44GZ44G/44Gj44GT44GQ44KJ44GX44CR44Kw44OD44K644Gr44G+44Gf44G+44Gf5Y+v5oSb44GEbmV344Ki44Kk44OG44Og55m75aC0ISE8YnI+44GT44Gh44KJ44Gv44GT44KM44GL44KJ44Gu5a2j56+A44Gr44Go44Gj44Gm44KC6YeN5a6d44GZ44KL44Oe44OB5LuY44GN44Kz44OD44OI44Oz44OQ44OD44KwISE8YnI+44GK5byB5b2T44KS5aeL44KB44CB44Kz44K544Oh44Gq44Gp44GE44KN44GE44KN5L2/44GI44KL5L6/5Yip44Gq44K144Kk44K644Gu44K144OW44OQ44OD44Kw4piGPGJyPuWGheWBtOOBq+OBr+ODneOCseODg+ODiOOCguS7mOOBhOOBpuOBqOOBo+OBpuOCguS+v+WIqeKZqjxicj7ku5bjgavjgoLjgYTjgo3jgYTjgo3nqK7poZ7jgYLjgovjga7jgafjgYrmsJfjgavlhaXjgorjgpLmjqLjgZfjgabjga3imao8YnI+PGJyPuKWoOOCteOCpOOCuu+8mue0hDI5NcOXMjAww5c5MG1tPGJyPuKWoOe0oOadkO+8muOCs+ODg+ODiOODszxCUj48QlI+4pag44Kr44Op44O8IOOCr+ODquODvOODoOezu++8iOeZveODu+iWhOOBhOOCpOOCqOODreODvO+8iTxCUj48QlI+PC9kaXY+PC9kaXY+PGRpdiBzdHlsZT0id2lkdGg6MTAwJTt0ZXh0LWFsaWduOiBjZW50ZXI7Ij48aW1nIHN0eWxlPSJtYXJnaW46MTVweCAwIDEwcHggMDt3aWR0aDoxMDAlIDtib3JkZXI6bm9uZTsiIGFsdD0i44Kt44Oj44Op44Kv44K/44O844Kw44OD44K65bCC6ZaA5bqXL+OCt+ODjeODnuOCs+ODrOOCr+OCt+ODp+ODsy/oqbPntLDnlLvlg48iIHNyYz0iaHR0cDovL3d3dy5yYWt1dGVuLm5lLmpwL2dvbGQvY2luZW1hY29sbGVjdGlvbi9ibi9pdGVtLWJuMDIuZ2lmIiAvPjxkaXYgc3R5bGU9IndpZHRoOjEwMCU7bWFyZ2luOjAgYXV0bzsiPjxpbWcgc3R5bGU9IndpZHRoOjI2MHB4O21hcmdpbjoycHg7Ym9yZGVyOm5vbmU7IiBzcmM9Imh0dHA6Ly9pbWFnZS5yYWt1dGVuLmNvLmpwL2NpbmVtYWNvbGxlY3Rpb24vY2FiaW5ldC9yMjAxNzA0MjEvc20tc3hhcDc0OC5qcGciPjxpbWcgc3R5bGU9IndpZHRoOjI2MHB4O21hcmdpbjoycHg7Ym9yZGVyOm5vbmU7IiBzcmM9Imh0dHA6Ly9pbWFnZS5yYWt1dGVuLmNvLmpwL2NpbmVtYWNvbGxlY3Rpb24vY2FiaW5ldC9yMjAxNzA0MjEvc20tc3hhcDc0OF8yLmpwZyI+PGltZyBzdHlsZT0id2lkdGg6MjYwcHg7bWFyZ2luOjJweDtib3JkZXI6bm9uZTsiIHNyYz0iaHR0cDovL2ltYWdlLnJha3V0ZW4uY28uanAvY2luZW1hY29sbGVjdGlvbi9jYWJpbmV0L3IyMDE3MDQyMS9zbS1zeGFwNzQ4XzMuanBnIj48L2Rpdj48L2Rpdj48ZGl2IHN0eWxlPSJ3aWR0aDoxMDAlO3RleHQtYWxpZ246IGNlbnRlcjsiPjxpbWcgc3R5bGU9Im1hcmdpbjoxNXB4IDAgMTBweCAwO3dpZHRoOjEwMCUgO2JvcmRlcjpub25lOyIgYWx0PSLjgq3jg6Pjg6njgq/jgr/jg7zjgrDjg4PjgrrlsILploDlupcv44K344ON44Oe44Kz44Os44Kv44K344On44OzL+ips+e0sOeUu+WDjyIgc3JjPSJodHRwOi8vd3d3LnJha3V0ZW4ubmUuanAvZ29sZC9jaW5lbWFjb2xsZWN0aW9uL2JuL2l0ZW0tYm4wMy5naWYiIC8+PGRpdiBzdHlsZT0id2lkdGg6NTAlO3RvcDo3NXB4O2Zsb2F0OmxlZnQ7dGV4dC1hbGlnbjogbGVmdDsiPuOAkOOBmeOBv+OBo+OCs+OBkOOCieOBl+OAkeS7luOBrueorumhnuOBr+OBk+OBoeOCieOBi+OCiSAmZ3Q7Jmd0OzwvZGl2PjxkaXYgc3R5bGU9IndpZHRoOjUwJTtmbG9hdDpsZWZ0O3RleHQtYWxpZ246cmlnaHQ7Ij48aW1nIHN0eWxlPSJ3aWR0aDoyNTBweDtib3JkZXI6bm9uZTsiIHNyYz0iaHR0cDovL2ltYWdlLnJha3V0ZW4uY28uanAvY2luZW1hY29sbGVjdGlvbi9jYWJpbmV0LzAwMmxibi90b3BsYjEzMi5qcGciPjwvZGl2PjxkaXYgc3R5bGU9ImNsZWFyOmJvdGg7Ij48L2Rpdj48L2Rpdj48IS0t6Zai6YCj5qSc57Si44Kt44O844Ov44O844OJLS0+PGRpdiBjbGFzcz0ia2FucmVuLWxpbmsiPuOBk+OBruOCq+ODhuOCtOODquOBq+OBr+OBk+OCk+OBquWVhuWTgeOBjOWQq+OBvuOCjOOBpuOBhOOBvuOBmTxicj48YnI+PHNwYW4gY2xhc3M9ImthbnJlbi1saW5rIj7jg5Djg4PjgrDjg7vosqHluIPjgJDjg6njg7Pjg4Hjg4jjg7zjg4jjgJE8L3NwYW4+PC9kaXY+PCEtLeKYheOCs+OCs+OBvuOBpy0tPjwhLS3plqLpgKPmpJzntKLjgq3jg7zjg6/jg7zjg4ktLT48ZGl2IGNsYXNzPSJrYW5yZW4tbGluayI+44GT44KM44KS6KaL44Gf5Lq644Gv44GT44KT44Gq44Kt44O844Ov44O844OJ44Gn5qSc57Si44GX44Gm44GE44G+44GZPGJyPjxicj48c3BhbiBjbGFzcz0ia2FucmVuLWxpbmsiPuWwj+OBleOCgSDjg4jjg7zjg4jjg5Djg4PjgrA8L3NwYW4+PHNwYW4gY2xhc3M9ImthbnJlbi1saW5rIj7jg4jjg7zjg4jjg5Djg4PjgrAg44Kt44Oj44Oz44OQ44K5PC9zcGFuPjxzcGFuIGNsYXNzPSJrYW5yZW4tbGluayI+44Kt44Oj44Op44Kv44K/44O8IOODiOODvOODiOODkOODg+OCsDwvc3Bhbj48c3BhbiBjbGFzcz0ia2FucmVuLWxpbmsiPuODh+OCo+OCuuODi+ODvCDjg5Djg4PjgrA8L3NwYW4+PHNwYW4gY2xhc3M9ImthbnJlbi1saW5rIj7jgrXjg7Pjg6rjgqog44OQ44OD44KwPC9zcGFuPjxzcGFuIGNsYXNzPSJrYW5yZW4tbGluayI+44Kt44Oj44Op44Kv44K/44O8IOODneODvOODgTwvc3Bhbj48c3BhbiBjbGFzcz0ia2FucmVuLWxpbmsiPuOCreODo+ODqeOCr+OCv+ODvCDjg5XjgqHjg4Pjgrfjg6fjg7M8L3NwYW4+PHNwYW4gY2xhc3M9ImthbnJlbi1saW5rIj7jgq3jg6Pjg6njgq/jgr/jg7wg44Kw44OD44K6PC9zcGFuPjxzcGFuIGNsYXNzPSJrYW5yZW4tbGluayI+44Kt44Oj44Op44Kv44K/44O8IOODkOODg+OCsDwvc3Bhbj48c3BhbiBjbGFzcz0ia2FucmVuLWxpbmsiPuODleOCoeODg+OCt+ODp+ODs+Wwj+eJqTwvc3Bhbj48L2Rpdj48IS0t4piF44Kz44Kz44G+44GnLS0+PCEtLTU2MDAtLT4KCjwvVEQ+PC9UUj48L1RBQkxFPjxicj48YnI+CgoKPCEtLeaWsOedgCAtLT4KCjxpbWcgc3R5bGU9IndpZHRoOjgwMHB4O21hcmdpbjowIDAgMTBweCAwO2JvcmRlcjpub25lOyIgc3JjPSJodHRwOi8vaW1hZ2UucmFrdXRlbi5jby5qcC9jaW5lbWFjb2xsZWN0aW9uL2NhYmluZXQvc2luLmdpZiI+PGJyPgo8ZGl2IHN0eWxlPSJ3aWR0aDo3NTBweDttYXJnaW46IDAgYXV0bztwYWRkaW5nOjE1cHg7dGV4dC1hbGlnbjpyaWdodDtmb250LXdlaWdodDpib2xkO2ZvbnQtc2l6ZToxOHB4OyI+Pj7mlrDnnYDmg4XloLHjga7jgaTjgaXjgY3jga/jgZPjgaHjgok8L2Rpdj4KPGJyPgo8ZGl2IHN0eWxlPSJ3aWR0aDo3NTBweDttYXJnaW46IDAgYXV0bztwYWRkaW5nOjE1cHg7dGV4dC1hbGlnbjpyaWdodDtmb250LXdlaWdodDpib2xkO2ZvbnQtc2l6ZToxOHB4OyI+Pj7mlrDnnYDmg4XloLHjga7jgaTjgaXjgY3jga/jgZPjgaHjgok8L2Rpdj4KCgoKCgoKPGltZyBzdHlsZT0id2lkdGg6ODAwcHg7bWFyZ2luOjAgMCAxMHB4IDA7Ym9yZGVyOm5vbmU7IiBzcmM9Imh0dHA6Ly9pbWFnZS5yYWt1dGVuLmNvLmpwL2NpbmVtYWNvbGxlY3Rpb24vY2FiaW5ldC9jYXIuZ2lmIj48YnI+Cjx0YWJsZSB3aWR0aD0iODAwIj48dHI+PHRkIHdpZHRoPSI4MDAiIGFsaWduPSJyaWdodCI+4oeS44GZ44G544Gm44Gu44Kt44Oj44Op44Kv44K/44O844Gv44GT44Gh44KJPC90ZD48L3RyPjx0cj48dGQ+PGJyPjxicj4KCjxicj48YnI+CjwvdGQ+PC90cj48L3RhYmxlPjxicj48YnI+CgoKPGltZyBzdHlsZT0id2lkdGg6ODAwcHg7bWFyZ2luOjAgMCAxMHB4IDA7Ym9yZGVyOm5vbmU7IiBzcmM9Imh0dHA6Ly9pbWFnZS5yYWt1dGVuLmNvLmpwL2NpbmVtYWNvbGxlY3Rpb24vY2FiaW5ldC9jYXQuZ2lmIj48YnI+CjwvY2VudGVyPgoKCjwhLS0gLS0+Cgo8c3R5bGU+Ci8q6LK344GE54mp44Kr44K044Oc44K/44OzKi8KI3Jha3V0ZW5MaW1pdGVkSWRfYXJvdW5kQ2FydCBpbnB1dCB7Cgl3aWR0aDogMjgwcHg7CgloZWlnaHQ6IDE1MHB4OwoJYmFja2dyb3VuZDp1cmwoaHR0cDovL2ltYWdlLnJha3V0ZW4uY28uanAvY2luZW1hY29sbGVjdGlvbi9jYWJpbmV0L2NhcnQuZ2lmKSAjZmZmZmZmIG5vLXJlcGVhdDsKCW92ZXJmbG93OiBoaWRkZW47Cglib3JkZXItd2lkdGg6IDBweDsKCWN1cnNvcjogcG9pbnRlciAhaW1wb3J0YW50OwoJdGV4dC1pbmRlbnQ6IDE1MCU7Cgl3aGl0ZS1zcGFjZTogbm93cmFwOwoJbWFyZ2luOiA1cHggMCAwIDA7CglkaXNwbGF5OmJsb2NrOwp9CgojcmFrdXRlbkxpbWl0ZWRJZF9hcm91bmRDYXJ0IC5pbnZlbnRvcnkgaW5wdXQgewoJYmFja2dyb3VuZDpub25lICFpbXBvcnRhbnQ7Cgl3aWR0aDogMmVtIWltcG9ydGFudDsKCWhlaWdodDogMS4yZW0haW1wb3J0YW50OwoJZGlzcGxheTppbmxpbmU7Cn0KCgovKuWAi+aVsOODhuOCreOCueODiCovCiNyYWt1dGVuTGltaXRlZElkX2Fyb3VuZENhcnQgLnVuaXQgewoJZm9udC1zaXplOjE2cHg7Cn0KCi8q5YCL5pWw5YWl5YqbKi8KI3Jha3V0ZW5MaW1pdGVkSWRfYXJvdW5kQ2FydCBpbnB1dCN1bml0cyB7Cglib3JkZXI6c29saWQgI2NjYyAxcHg7CgliYWNrZ3JvdW5kOiNmZmYhaW1wb3J0YW50OwoJd2lkdGg6MzBweDsKCWhlaWdodDozMHB4OwoJY3Vyc29yOmF1dG87CglwYWRkaW5nOjdweCA3cHggN3B4IDNweDsKCXRleHQtaW5kZW50OiAwcHg7CglvdmVyZmxvdzogaGlkZGVuOwoJZGlzcGxheTppbmxpbmU7Cglmb250LXNpemU6MTZweDsKfQoKLyrjgYrllY/jgYTlkIjjgo/jgZvjg5zjgr/jg7MqLwojcmFrdXRlbkxpbWl0ZWRJZF9hcm91bmRDYXJ0IGZvbnQgaW5wdXQgewoJd2lkdGg6IDI4MHB4OwoJaGVpZ2h0OiA4MHB4OwoJYmFja2dyb3VuZDp1cmwoaHR0cDovL2ltYWdlLnJha3V0ZW4uY28uanAvY2luZW1hY29sbGVjdGlvbi9jYWJpbmV0L3RvaS5naWYpICNmZmZmZmYgbm8tcmVwZWF0OwoJb3ZlcmZsb3c6IGhpZGRlbjsKCWJvcmRlci13aWR0aDogMHB4OwoJY3Vyc29yOiBwb2ludGVyICFpbXBvcnRhbnQ7Cgl0ZXh0LWluZGVudDogMTUwJTsKCXdoaXRlLXNwYWNlOiBub3dyYXA7CgltYXJnaW46IDVweCAwIDAgMDsKCWRpc3BsYXk6YmxvY2s7Cn0KCiNzZXJ2aWNlVGFibGVTbWwgLmZhdm9yaXRlIHsKCWRpc3BsYXk6YmxvY2s7Cgl3aWR0aDogMjgwcHg7Cn0KCiNzZXJ2aWNlVGFibGVTbWwgLmZhdm9yaXRlIC5ib29rbWFya0FyZWEgZGl2ewoJd2lkdGg6IDI4MHB4IWltcG9ydGFudDsKfQoKI3NlcnZpY2VUYWJsZVNtbCAuZmF2b3JpdGUgLmJrbSBhIHsKCXdpZHRoOiAyODBweCFpbXBvcnRhbnQ7CgloZWlnaHQ6IDMwMHB4IWltcG9ydGFudDsKCWJhY2tncm91bmQ6dXJsKGh0dHA6Ly9pbWFnZS5yYWt1dGVuLmNvLmpwL2NpbmVtYWNvbGxlY3Rpb24vY2FiaW5ldC9va2kuZ2lmKSAjZmZmZmZmIG5vLXJlcGVhdDsKCW92ZXJmbG93OiBoaWRkZW47Cglib3JkZXItd2lkdGg6IDBweDsKCWN1cnNvcjogcG9pbnRlciAhaW1wb3J0YW50OwoJdGV4dC1pbmRlbnQ6LTE1MCU7CgltYXJnaW46IDVweCAwIDAgMDsKCWRpc3BsYXk6YmxvY2s7Cn0KCgovKuOBiuawl+OBq+WFpeOCiiovCgpkaXYudzI4MC1jICB7d2lkdGg6MjgwcHg7dGV4dC1hbGlnbjogY2VudGVyO30KZGl2LmNlbnRlci1tLTBhICB7bWFyZ2luOjAgYXV0bzt9Ci5pdGVtLW9raS1ibiAge3dpZHRoOjI4MHB4O21hcmdpbjoycHggMDtib3JkZXI6bm9uZTt9Ci5pdGVtLWlmcmFtZSAge21hcmdpbjowcHg7Ym9yZGVyOjBweDt9CgpkaXYua2FucmVuLWxpbmsge2NvbG9yOiM3ZjdmN2Y7d2lkdGg6OTAlO21hcmdpbjoyMHB4IGF1dG87cGFkZGluZzoyMHB4O3RleHQtYWxpZ246IGxlZnQ7Zm9udC1zaXplOjEuMmVtO2JhY2tncm91bmQtY29sb3I6I2ZmZmZmZjtib3JkZXI6ZG90dGVkIDJweCAjZmY4MDMzO30Kc3Bhbi5rYW5yZW4tbGluayB7bWFyZ2luOjEwcHggO3BhZGRpbmc6IDAgMCAwIDAuNWVtO2ZvbnQtc2l6ZToxLjJlbTsKYmFja2dyb3VuZDp1cmwoaHR0cDovL2ltYWdlLnJha3V0ZW4uY28uanAvbW0tcG9wL2NhYmluZXQvbGluay1oZWFkLXBrLmdpZikgbm8tcmVwZWF0IDAgMC40NWVtOwp9CmE6bGluayBrYW5yZW4tbGlua3tmb250LXNpemU6MS4yZW07IGNvbG9yOiMzMzgwZmY7dGV4dC1kZWNvcmF0aW9uOm5vbmU7fQoKPC9zdHlsZT4KCgoKCjwhLS0gCjxzeWxlIHR5cGU9InRleHQvY3NzIj4KIGh0bWwsYm9keXsgb3ZlcmZsb3cteDpoaWRkZW47IH0KCmE6bGluayB7Y29sb3I6IzMzODBmZjt9CmE6dmlzaXRlZCB7Y29sb3I6IzY2Njt9CmE6aG92ZXIge2NvbG9yOiMzMzM7fQphOmFjdGl2ZSB7Y29sb3I6IzMzMzt9CmF7dGV4dC1kZWNvcmF0aW9uOm5vbmU7fQppbWcge2JvcmRlcjpub25lOyB2ZXJ0aWNhbC1hbGlnbjpib3R0b207fQpwIHttYXJnaW46MDsgcGFkZGluZzowOyBmb250LXNpemU6ODAlO30KcC5yZXNpemVpbWFnZSBpbWcgeyB3aWR0aDogOTglOyB9CnAucmVzaXplaW1hZ2UyIGltZyB7IHdpZHRoOiA5MCU7IH0KYTpob3ZlciBpbWcge29wYWNpdHk6IDAuNjsgZmlsdGVyOiBhbHBoYShvcGFjaXR5PTYwKTsgLW1vei1vcGFjaXR5OiAwLjY7fQoKCmltZy50b3BibnttYXJnaW46MTBweCAwO2JvcmRlcjpub25lO30KZGl2LmRpc2MzIHt3aWR0aDoxMDAlO21hcmdpbjogMCBhdXRvO3BhZGRpbmc6MTVweDtiYWNrZ3JvdW5kOiNlZmVmZWY7dGV4dC1hbGlnbjpsZWZ0O2ZvbnQtd2VpZ2h0OmJvbGQ7Zm9udC1zaXplOjE4cHg7fQoKIDwvc3R5bGU+Ci0tPgoKCjxzdHlsZSB0eXBlPSJ0ZXh0L2NzcyI+CjwhLS0KCmRpdiNIZWFkZXJLZXl3b3JkIHsKCXBvc2l0aW9uOmFic29sdXRlOwoJdG9wOjYwcHg7LyrkuIDnlarkuIrjgYvjgonjga7kvY3nva4qLwoJbGVmdDo2MHB4Oy8q5bem56uv44GL44KJ44Gu5L2N572uKi8KfQoKZGl2I0hlYWRlcktleXdvcmQgc3BhbiB7CgliYWNrZ3JvdW5kOiAjYmYwMDAwOwoJY29sb3I6I2ZmZjsKCWZvbnQtd2VpZ2h0OmJvbGQ7CglwYWRkaW5nOjJweCA1cHg7Cn0KCmRpdiNIZWFkZXJLZXl3b3JkIGEgewoJY29sb3I6IzAwNDRDQzsKfQoKLS0+Cjwvc3R5bGU+CjxkaXYgaWQ9IkhlYWRlcktleXdvcmQiPgo8c3Bhbj7ms6jnm67jga7jgq3jg7zjg6/jg7zjg4k8L3NwYW4+Cj4+5paH5oi/5YW3Cj4+44OQ44OD44KwCj4+44GK6LKh5biDCj4+44K544OM44O844OU44O8Cgo8L2Rpdj4=,44GZ44G/44Gj44Kz44GQ44KJ44GXIOODqeODs+ODgeODkOODg+OCsCDjg57jg4Hku5jjgY3jgrPjg4Pjg4jjg7Pjg5Djg4PjgrAg44Kr44OV44Kn44K/44Kk44OgICDjgrXjg7Pjgqjjg4Pjgq/jgrkg44K544Oi44O844Or44OX44Op44ON44OD44OIIDI5LjUmdGltZXM7MjAmdGltZXM7OWNtIOOBiuW8geW9k+OBi+OBsOOCkyDjgq3jg6Pjg6njgq/jgr/jg7zjgrDjg4PjgrrpgJrosqkg44CQ44Oh44O844Or5L6/5Y+v44CR44CQ44GC44GZ5qW944CR44K344ON44Oe44Kz44Os44Kv44K344On44Oz77ya44Kt44Oj44Op44Kv44K/44O844Gu44K344ON44Oe44Kz44Os44Kv44K344On44Oz,44Kt44Oj44Op44Kv44K/44O844Kt44Oj44Op44Kv44K/44O844Kw44OD44K644Kt44Oj44Op44Kv44K/44O86ZuR6LKo6ZuR6LKo44K144Oz44Oq44Kq44OH44Kj44K644OL44O844KG44KL44Kt44Oj44Op44Of44OD44Kt44O844Kt44OG44Kj44GP44G+44Oi44Oz44Ov44Oz44OU44O844K544Ki44OL44Oh44Ki44OL44Oh44Kw44OD44K644K/44Kq44Or5paH5YW35paH5oi/5YW344Kk44Oz44OG44Oq44Ki55Sf5rS76ZuR6LKo44Kt44OD44K65a2Q44Gp44KC44GZ44G/44Gj44Kz44GQ44KJ44GXIOODqeODs+ODgeODkOODg+OCsCDjg57jg4Hku5jjgY3jgrPjg4Pjg4jjg7Pjg5Djg4PjgrAg44Kr44OV44Kn44K/44Kk44OgICDjgrXjg7Pjgqjjg4Pjgq/jgrkg44K544Oi44O844Or44OX44Op44ON44OD44OIIDI5LjUmdGltZXM7MjAmdGltZXM7OWNtIOOBiuW8geW9k+OBi+OBsOOCkyDjgq3jg6Pjg6njgq/jgr/jg7zjgrDjg4PjgrrpgJrosqkg44CQ44Oh44O844Or5L6/5Y+v44CR44CQ44GC44GZ5qW944CR44K344ON44Oe44Kz44Os44Kv44K344On44Oz,44GZ44G/44Gj44Kz44GQ44KJ44GXIOODqeODs+ODgeODkOODg+OCsCDjg57jg4Hku5jjgY3jgrPjg4Pjg4jjg7Pjg5Djg4PjgrAg44Kr44OV44Kn44K/44Kk44OgICDjgrXjg7Pjgqjjg4Pjgq/jgrkg44K544Oi44O844Or44OX44Op44ON44OD44OIIDI5LjUmdGltZXM7MjAmdGltZXM7OWNtIOOBiuW8geW9k+OBi+OBsOOCkyDjgq3jg6Pjg6njgq/jgr/jg7zjgrDjg4PjgrrpgJrosqkg44CQ44Oh44O844Or5L6/5Y+v44CR44CQ44GC44GZ5qW944CR44K344ON44Oe44Kz44Os44Kv44K344On44Oz[rn]
30-32955,aHR0cDovL3RzaG9wLnIxMHMuanAvY2luZW1hY29sbGVjdGlvbi9jYWJpbmV0L3IyMDE3MDQyMS9zbS1hcGRzMjgxOC5qcGc/Zml0aW49NzAwOjcwMA==,Nzk5LjIwMDA=,,44Kt44OD44K644O744OZ44OT44O844O744Oe44K/44OL44OG44KjID4g44Kt44OD44K6ID4g6ZuR6LKo44O75bCP54mp77yI44GK5byB5b2T44Kw44OD44K644O744K/44Kq44Or44O75paH5YW36aGe77yJID4g5a2Q5L6b55So44GK5byB5b2T6KKL,576O5aWz44Go6YeO542jIOODqeODs+ODgeODkOODg+OCsCDjg57jg4Hku5jjgY3jgrPjg4Pjg4jjg7Pjg5Djg4PjgrAg44OZ44OrIOODquODvOOCuSAg44OH44Kj44K644OL44O844OX44Oq44Oz44K744K5IOOCueODouODvOODq+ODl+ODqeODjeODg+ODiCAyOS41w5cyMMOXOWNtIOOBiuW8geW9k+OBi+OBsOOCkyDjgq3jg6Pjg6njgq/jgr/jg7zjgrDjg4PjgrrpgJrosqkg44CQ44Oh44O844Or5L6/5Y+v44CR44CQ44GC44GZ5qW944CR44K344ON44Oe44Kz44Os44Kv44K344On44Oz,,PGNlbnRlcj48YSBocmVmPSJodHRwOi8vaXRlbS5yYWt1dGVuLmNvLmpwL2NpbmVtYWNvbGxlY3Rpb24vYy8wMDAwMDAwNTQxLyNjb250ZW50cyIgdGFyZ2V0PSJfcGFyZW50Ij48aW1nIHdpZHRoPSI3NTAiIGJvcmRlcj0iMCIgc3JjPSJodHRwOi8vaW1hZ2UucmFrdXRlbi5jby5qcC9jaW5lbWFjb2xsZWN0aW9uL2NhYmluZXQvZGlzbmV5NTgwLTAxLmpwZyI+PC9hPjwvY2VudGVyPjxicj48YnI+PGNlbnRlcj48YSBocmVmPSJodHRwOi8vd3d3LnJha3V0ZW4ubmUuanAvZ29sZC9jaW5lbWFjb2xsZWN0aW9uL2Fuc3dlci5odG1sI2MxcTMiIHRhcmdldD0iX25ldyI+PGltZyB3aWR0aD0iNzUwIiBib3JkZXI9IjAiIHNyYz0iaHR0cDovL2ltYWdlLnJha3V0ZW4uY28uanAvY2luZW1hY29sbGVjdGlvbi9jYWJpbmV0L3ItbWFpbDU4MC5qcGciIGhlaWdodD0iNTAiIHZzcGFjZT0iNSI+PC9hPjwvY2VudGVyPjxicj48YnI+576O5aWz44Go6YeO542jIOODqeODs+ODgeODkOODg+OCsCDjg57jg4Hku5jjgY3jgrPjg4Pjg4jjg7Pjg5Djg4PjgrAg44OZ44OrIOODquODvOOCuSAg44OH44Kj44K644OL44O844OX44Oq44Oz44K744K5IOOCueODouODvOODq+ODl+ODqeODjeODg+ODiCAyOS41w5cyMMOXOWNtIOOBiuW8geW9k+OBi+OBsOOCkyDjgq3jg6Pjg6njgq/jgr/jg7zjgrDjg4PjgrrpgJrosqkg44CQ44Oh44O844Or5L6/5Y+v44CR44CQ44GC44GZ5qW944CR44K344ON44Oe44Kz44Os44Kv44K344On44OzPEJSPjxCUj48IS0tIOKYheOBiuawl+OBq+WFpeOCii0tPjxkaXYgY2xhc3M9IncyODAtYyI+PGRpdiBjbGFzcz0iY2VudGVyLW0tMGEiPjxpbWcgY2xhc3M9Iml0ZW0tb2tpLWJuIiBhbHQ9IuOCreODo+ODqeOCr+OCv+ODvOOCsOODg+OCuumAmuiyqeOCt+ODjeODnuOCs+ODrOOCr+OCt+ODp+ODs+OBruOBiuawl+OBq+WFpeOCiuODquOCueODiOOCkueiuuiqjeOBmeOCiyIgc3JjPSJodHRwOi8vaW1hZ2UucmFrdXRlbi5jby5qcC9jaW5lbWFjb2xsZWN0aW9uL2NhYmluZXQvb2tpLTIuZ2lmIj48L2Rpdj48L2Rpdj48IS0tIOKYheOBiuawl+OBq+WFpeOCiuOCs+OCs+OBvuOBpy0tPjwhLS3imIXliYrpmaTkuI3lj68tLT48L3NwYW4+PC90ZD48L3RyPjwvdGFibGU+PGJyPjwvdGQ+PC90cj48L3RhYmxlPjxicj48dGFibGUgY2VsbHBhZGRpbmc9IjAiIGJvcmRlcj0iMCI+PHRyPjx0ZD48dGFibGUgY2VsbHBhZGRpbmc9IjAiIGJvcmRlcj0iMCI+PHRyPjx0ZD48c3Bhbj48IS0t6Zai6YCj5qSc57Si44Kt44O844Ov44O844OJLS0+PGRpdiBzdHlsZT0id2lkdGg6MTAwJTt0ZXh0LWFsaWduOiBjZW50ZXIiPjxoMyBzdHlsZT0iY29sb3I6IzdmN2Y3ZjsiPuOBiuW8geW9k+OCkuWni+OCgeOAgeOCs+OCueODoeOBquOBqeOBhOOCjeOBhOOCjeS9v+OBiOOCi+S+v+WIqeOBquOCteODluODkOODg+OCsDxicj48IS0t4piFSy0tPuWls+WtkC/kurrmsJcv6Kmx6aGML+W4huW4gy/jgYrjgZfjgoPjgow8L2gzPjxpbWcgc3R5bGU9Im1hcmdpbjoxNXB4IDAgMTBweCAwO3dpZHRoOjEwMCUgO2JvcmRlcjpub25lOyIgYWx0PSLjgq3jg6Pjg6njgq/jgr/jg7zjgrDjg4PjgrrlsILploDlupcv44K344ON44Oe44Kz44Os44Kv44K344On44OzL+WVhuWTgeips+e0sCIgc3JjPSJodHRwOi8vd3d3LnJha3V0ZW4ubmUuanAvZ29sZC9jaW5lbWFjb2xsZWN0aW9uL2JuL2l0ZW0tYm4wMS5naWYiIC8+PGRpdiBzdHlsZT0iY29sb3I6IzdmN2Y3Zjt3aWR0aDo5MCU7bWFyZ2luOjAgYXV0bzsjZWZlZmVmIHNvbGlkIDFweDtwYWRkaW5nOjEwcHg7dGV4dC1hbGlnbjogbGVmdDsiPuS4jeacveOBruWQjeS9nOOAjkJlYXV0eSBhbmQgdGhlIEJlYXN0L+e+juWls+OBqOmHjueNo+OAj+OBjOWun+WGmeaYoOeUu+OBpzTmnIgyMeaXpeWFrOmWiyEhPGJyPuODh+OCo+OCuuODi+ODvOaYoOeUu+WPsuS4iuacgOmrmOOBruaEm+OBqOmtlOazleOBrueJqeiqnuOBqOensOOBleOCjOOCi+OAkOe+juWls+OBqOmHjueNo+OAkTxicj7jgZPjgaHjgonjga/jgZPjgozjgYvjgonjga7lraPnr4DjgavjgajjgaPjgabjgoLph43lrp3jgZnjgovjg57jg4Hku5jjgY3jgrPjg4Pjg4jjg7Pjg5Djg4PjgrAhITxicj7jgYrlvIHlvZPjgpLlp4vjgoHjgIHjgrPjgrnjg6HjgarjganjgYTjgo3jgYTjgo3kvb/jgYjjgovkvr/liKnjgarjgrXjgqTjgrrjga7jgrXjg5bjg5Djg4PjgrDimIY8YnI+5YaF5YG044Gr44Gv44Od44Kx44OD44OI44KC5LuY44GE44Gm44Go44Gj44Gm44KC5L6/5Yip4pmqPGJyPuS7luOBq+OCguOBhOOCjeOBhOOCjeeorumhnuOBguOCi+OBruOBp+OBiuawl+OBq+WFpeOCiuOCkuaOouOBl+OBpuOBreKZqjxicj48YnI+4pag44K144Kk44K677ya57SEMjk1w5cyMDDDlzkwbW08YnI+4pag57Sg5p2Q77ya44Kz44OD44OI44OzPEJSPjxCUj7ilqDjgqvjg6njg7wg44Kv44Oq44O844Og57O777yI55m944O76JaE44GE44Kk44Ko44Ot44O877yJPEJSPjxCUj48L2Rpdj48L2Rpdj48ZGl2IHN0eWxlPSJ3aWR0aDoxMDAlO3RleHQtYWxpZ246IGNlbnRlcjsiPjxpbWcgc3R5bGU9Im1hcmdpbjoxNXB4IDAgMTBweCAwO3dpZHRoOjEwMCUgO2JvcmRlcjpub25lOyIgYWx0PSLjgq3jg6Pjg6njgq/jgr/jg7zjgrDjg4PjgrrlsILploDlupcv44K344ON44Oe44Kz44Os44Kv44K344On44OzL+ips+e0sOeUu+WDjyIgc3JjPSJodHRwOi8vd3d3LnJha3V0ZW4ubmUuanAvZ29sZC9jaW5lbWFjb2xsZWN0aW9uL2JuL2l0ZW0tYm4wMi5naWYiIC8+PGRpdiBzdHlsZT0id2lkdGg6MTAwJTttYXJnaW46MCBhdXRvOyI+PGltZyBzdHlsZT0id2lkdGg6MjYwcHg7bWFyZ2luOjJweDtib3JkZXI6bm9uZTsiIHNyYz0iaHR0cDovL2ltYWdlLnJha3V0ZW4uY28uanAvY2luZW1hY29sbGVjdGlvbi9jYWJpbmV0L3IyMDE3MDQyMS9zbS1hcGRzMjgxOC5qcGciPjxpbWcgc3R5bGU9IndpZHRoOjI2MHB4O21hcmdpbjoycHg7Ym9yZGVyOm5vbmU7IiBzcmM9Imh0dHA6Ly9pbWFnZS5yYWt1dGVuLmNvLmpwL2NpbmVtYWNvbGxlY3Rpb24vY2FiaW5ldC9yMjAxNzA0MjEvc20tYXBkczI4MThfMi5qcGciPjxpbWcgc3R5bGU9IndpZHRoOjI2MHB4O21hcmdpbjoycHg7Ym9yZGVyOm5vbmU7IiBzcmM9Imh0dHA6Ly9pbWFnZS5yYWt1dGVuLmNvLmpwL2NpbmVtYWNvbGxlY3Rpb24vY2FiaW5ldC9yMjAxNzA0MjEvc20tYXBkczI4MThfMy5qcGciPjwvZGl2PjwvZGl2PjxkaXYgc3R5bGU9IndpZHRoOjEwMCU7dGV4dC1hbGlnbjogY2VudGVyOyI+PGltZyBzdHlsZT0ibWFyZ2luOjE1cHggMCAxMHB4IDA7d2lkdGg6MTAwJSA7Ym9yZGVyOm5vbmU7IiBhbHQ9IuOCreODo+ODqeOCr+OCv+ODvOOCsOODg+OCuuWwgumWgOW6ly/jgrfjg43jg57jgrPjg6zjgq/jgrfjg6fjg7Mv6Kmz57Sw55S75YOPIiBzcmM9Imh0dHA6Ly93d3cucmFrdXRlbi5uZS5qcC9nb2xkL2NpbmVtYWNvbGxlY3Rpb24vYm4vaXRlbS1ibjAzLmdpZiIgLz48ZGl2IHN0eWxlPSJ3aWR0aDo1MCU7dG9wOjc1cHg7ZmxvYXQ6bGVmdDt0ZXh0LWFsaWduOiBsZWZ0OyI+44CQ576O5aWz44Go6YeO542j44CR5LuW44Gu56iu6aGe44Gv44GT44Gh44KJ44GL44KJICZndDsmZ3Q7PC9kaXY+PGRpdiBzdHlsZT0id2lkdGg6NTAlO2Zsb2F0OmxlZnQ7dGV4dC1hbGlnbjpyaWdodDsiPjxpbWcgc3R5bGU9IndpZHRoOjI1MHB4O2JvcmRlcjpub25lOyIgc3JjPSJodHRwOi8vaW1hZ2UucmFrdXRlbi5jby5qcC9jaW5lbWFjb2xsZWN0aW9uL2NhYmluZXQvMDAybGJuL3RvcGxiLWQwMjUuanBnIj48L2Rpdj48ZGl2IHN0eWxlPSJjbGVhcjpib3RoOyI+PC9kaXY+PC9kaXY+PCEtLemWoumAo+aknOe0ouOCreODvOODr+ODvOODiS0tPjxkaXYgY2xhc3M9ImthbnJlbi1saW5rIj7jgZPjga7jgqvjg4bjgrTjg6rjgavjga/jgZPjgpPjgarllYblk4HjgYzlkKvjgb7jgozjgabjgYTjgb7jgZk8YnI+PGJyPjxzcGFuIGNsYXNzPSJrYW5yZW4tbGluayI+44OQ44OD44Kw44O76LKh5biD44CQ44Op44Oz44OB44OI44O844OI44CRPC9zcGFuPjwvZGl2PjwhLS3imIXjgrPjgrPjgb7jgactLT48IS0t6Zai6YCj5qSc57Si44Kt44O844Ov44O844OJLS0+PGRpdiBjbGFzcz0ia2FucmVuLWxpbmsiPuOBk+OCjOOCkuimi+OBn+S6uuOBr+OBk+OCk+OBquOCreODvOODr+ODvOODieOBp+aknOe0ouOBl+OBpuOBhOOBvuOBmTxicj48YnI+PHNwYW4gY2xhc3M9ImthbnJlbi1saW5rIj7lsI/jgZXjgoEg44OI44O844OI44OQ44OD44KwPC9zcGFuPjxzcGFuIGNsYXNzPSJrYW5yZW4tbGluayI+44OI44O844OI44OQ44OD44KwIOOCreODo+ODs+ODkOOCuTwvc3Bhbj48c3BhbiBjbGFzcz0ia2FucmVuLWxpbmsiPuOCreODo+ODqeOCr+OCv+ODvCDjg4jjg7zjg4jjg5Djg4PjgrA8L3NwYW4+PHNwYW4gY2xhc3M9ImthbnJlbi1saW5rIj7jg4fjgqPjgrrjg4vjg7wg44OQ44OD44KwPC9zcGFuPjxzcGFuIGNsYXNzPSJrYW5yZW4tbGluayI+44K144Oz44Oq44KqIOODkOODg+OCsDwvc3Bhbj48c3BhbiBjbGFzcz0ia2FucmVuLWxpbmsiPuOCreODo+ODqeOCr+OCv+ODvCDjg53jg7zjg4E8L3NwYW4+PHNwYW4gY2xhc3M9ImthbnJlbi1saW5rIj7jgq3jg6Pjg6njgq/jgr/jg7wg44OV44Kh44OD44K344On44OzPC9zcGFuPjxzcGFuIGNsYXNzPSJrYW5yZW4tbGluayI+44Kt44Oj44Op44Kv44K/44O8IOOCsOODg+OCujwvc3Bhbj48c3BhbiBjbGFzcz0ia2FucmVuLWxpbmsiPuOCreODo+ODqeOCr+OCv+ODvCDjg5Djg4PjgrA8L3NwYW4+PHNwYW4gY2xhc3M9ImthbnJlbi1saW5rIj7jg5XjgqHjg4Pjgrfjg6fjg7PlsI/niak8L3NwYW4+PC9kaXY+PCEtLeKYheOCs+OCs+OBvuOBpy0tPjwhLS01NjAwLS0+Cgo8L1REPjwvVFI+PC9UQUJMRT48YnI+PGJyPgoKCjwhLS3mlrDnnYAgLS0+Cgo8aW1nIHN0eWxlPSJ3aWR0aDo4MDBweDttYXJnaW46MCAwIDEwcHggMDtib3JkZXI6bm9uZTsiIHNyYz0iaHR0cDovL2ltYWdlLnJha3V0ZW4uY28uanAvY2luZW1hY29sbGVjdGlvbi9jYWJpbmV0L3Npbi5naWYiPjxicj4KPGRpdiBzdHlsZT0id2lkdGg6NzUwcHg7bWFyZ2luOiAwIGF1dG87cGFkZGluZzoxNXB4O3RleHQtYWxpZ246cmlnaHQ7Zm9udC13ZWlnaHQ6Ym9sZDtmb250LXNpemU6MThweDsiPj4+5paw552A5oOF5aCx44Gu44Gk44Gl44GN44Gv44GT44Gh44KJPC9kaXY+Cjxicj4KPGRpdiBzdHlsZT0id2lkdGg6NzUwcHg7bWFyZ2luOiAwIGF1dG87cGFkZGluZzoxNXB4O3RleHQtYWxpZ246cmlnaHQ7Zm9udC13ZWlnaHQ6Ym9sZDtmb250LXNpemU6MThweDsiPj4+5paw552A5oOF5aCx44Gu44Gk44Gl44GN44Gv44GT44Gh44KJPC9kaXY+CgoKCgoKCjxpbWcgc3R5bGU9IndpZHRoOjgwMHB4O21hcmdpbjowIDAgMTBweCAwO2JvcmRlcjpub25lOyIgc3JjPSJodHRwOi8vaW1hZ2UucmFrdXRlbi5jby5qcC9jaW5lbWFjb2xsZWN0aW9uL2NhYmluZXQvY2FyLmdpZiI+PGJyPgo8dGFibGUgd2lkdGg9IjgwMCI+PHRyPjx0ZCB3aWR0aD0iODAwIiBhbGlnbj0icmlnaHQiPuKHkuOBmeOBueOBpuOBruOCreODo+ODqeOCr+OCv+ODvOOBr+OBk+OBoeOCiTwvdGQ+PC90cj48dHI+PHRkPjxicj48YnI+Cgo8YnI+PGJyPgo8L3RkPjwvdHI+PC90YWJsZT48YnI+PGJyPgoKCjxpbWcgc3R5bGU9IndpZHRoOjgwMHB4O21hcmdpbjowIDAgMTBweCAwO2JvcmRlcjpub25lOyIgc3JjPSJodHRwOi8vaW1hZ2UucmFrdXRlbi5jby5qcC9jaW5lbWFjb2xsZWN0aW9uL2NhYmluZXQvY2F0LmdpZiI+PGJyPgo8L2NlbnRlcj4KCgo8IS0tIC0tPgoKPHN0eWxlPgovKuiyt+OBhOeJqeOCq+OCtOODnOOCv+ODsyovCiNyYWt1dGVuTGltaXRlZElkX2Fyb3VuZENhcnQgaW5wdXQgewoJd2lkdGg6IDI4MHB4OwoJaGVpZ2h0OiAxNTBweDsKCWJhY2tncm91bmQ6dXJsKGh0dHA6Ly9pbWFnZS5yYWt1dGVuLmNvLmpwL2NpbmVtYWNvbGxlY3Rpb24vY2FiaW5ldC9jYXJ0LmdpZikgI2ZmZmZmZiBuby1yZXBlYXQ7CglvdmVyZmxvdzogaGlkZGVuOwoJYm9yZGVyLXdpZHRoOiAwcHg7CgljdXJzb3I6IHBvaW50ZXIgIWltcG9ydGFudDsKCXRleHQtaW5kZW50OiAxNTAlOwoJd2hpdGUtc3BhY2U6IG5vd3JhcDsKCW1hcmdpbjogNXB4IDAgMCAwOwoJZGlzcGxheTpibG9jazsKfQoKI3Jha3V0ZW5MaW1pdGVkSWRfYXJvdW5kQ2FydCAuaW52ZW50b3J5IGlucHV0IHsKCWJhY2tncm91bmQ6bm9uZSAhaW1wb3J0YW50OwoJd2lkdGg6IDJlbSFpbXBvcnRhbnQ7CgloZWlnaHQ6IDEuMmVtIWltcG9ydGFudDsKCWRpc3BsYXk6aW5saW5lOwp9CgoKLyrlgIvmlbDjg4bjgq3jgrnjg4gqLwojcmFrdXRlbkxpbWl0ZWRJZF9hcm91bmRDYXJ0IC51bml0IHsKCWZvbnQtc2l6ZToxNnB4Owp9CgovKuWAi+aVsOWFpeWKmyovCiNyYWt1dGVuTGltaXRlZElkX2Fyb3VuZENhcnQgaW5wdXQjdW5pdHMgewoJYm9yZGVyOnNvbGlkICNjY2MgMXB4OwoJYmFja2dyb3VuZDojZmZmIWltcG9ydGFudDsKCXdpZHRoOjMwcHg7CgloZWlnaHQ6MzBweDsKCWN1cnNvcjphdXRvOwoJcGFkZGluZzo3cHggN3B4IDdweCAzcHg7Cgl0ZXh0LWluZGVudDogMHB4OwoJb3ZlcmZsb3c6IGhpZGRlbjsKCWRpc3BsYXk6aW5saW5lOwoJZm9udC1zaXplOjE2cHg7Cn0KCi8q44GK5ZWP44GE5ZCI44KP44Gb44Oc44K/44OzKi8KI3Jha3V0ZW5MaW1pdGVkSWRfYXJvdW5kQ2FydCBmb250IGlucHV0IHsKCXdpZHRoOiAyODBweDsKCWhlaWdodDogODBweDsKCWJhY2tncm91bmQ6dXJsKGh0dHA6Ly9pbWFnZS5yYWt1dGVuLmNvLmpwL2NpbmVtYWNvbGxlY3Rpb24vY2FiaW5ldC90b2kuZ2lmKSAjZmZmZmZmIG5vLXJlcGVhdDsKCW92ZXJmbG93OiBoaWRkZW47Cglib3JkZXItd2lkdGg6IDBweDsKCWN1cnNvcjogcG9pbnRlciAhaW1wb3J0YW50OwoJdGV4dC1pbmRlbnQ6IDE1MCU7Cgl3aGl0ZS1zcGFjZTogbm93cmFwOwoJbWFyZ2luOiA1cHggMCAwIDA7CglkaXNwbGF5OmJsb2NrOwp9Cgojc2VydmljZVRhYmxlU21sIC5mYXZvcml0ZSB7CglkaXNwbGF5OmJsb2NrOwoJd2lkdGg6IDI4MHB4Owp9Cgojc2VydmljZVRhYmxlU21sIC5mYXZvcml0ZSAuYm9va21hcmtBcmVhIGRpdnsKCXdpZHRoOiAyODBweCFpbXBvcnRhbnQ7Cn0KCiNzZXJ2aWNlVGFibGVTbWwgLmZhdm9yaXRlIC5ia20gYSB7Cgl3aWR0aDogMjgwcHghaW1wb3J0YW50OwoJaGVpZ2h0OiAzMDBweCFpbXBvcnRhbnQ7CgliYWNrZ3JvdW5kOnVybChodHRwOi8vaW1hZ2UucmFrdXRlbi5jby5qcC9jaW5lbWFjb2xsZWN0aW9uL2NhYmluZXQvb2tpLmdpZikgI2ZmZmZmZiBuby1yZXBlYXQ7CglvdmVyZmxvdzogaGlkZGVuOwoJYm9yZGVyLXdpZHRoOiAwcHg7CgljdXJzb3I6IHBvaW50ZXIgIWltcG9ydGFudDsKCXRleHQtaW5kZW50Oi0xNTAlOwoJbWFyZ2luOiA1cHggMCAwIDA7CglkaXNwbGF5OmJsb2NrOwp9CgoKLyrjgYrmsJfjgavlhaXjgooqLwoKZGl2LncyODAtYyAge3dpZHRoOjI4MHB4O3RleHQtYWxpZ246IGNlbnRlcjt9CmRpdi5jZW50ZXItbS0wYSAge21hcmdpbjowIGF1dG87fQouaXRlbS1va2ktYm4gIHt3aWR0aDoyODBweDttYXJnaW46MnB4IDA7Ym9yZGVyOm5vbmU7fQouaXRlbS1pZnJhbWUgIHttYXJnaW46MHB4O2JvcmRlcjowcHg7fQoKZGl2LmthbnJlbi1saW5rIHtjb2xvcjojN2Y3ZjdmO3dpZHRoOjkwJTttYXJnaW46MjBweCBhdXRvO3BhZGRpbmc6MjBweDt0ZXh0LWFsaWduOiBsZWZ0O2ZvbnQtc2l6ZToxLjJlbTtiYWNrZ3JvdW5kLWNvbG9yOiNmZmZmZmY7Ym9yZGVyOmRvdHRlZCAycHggI2ZmODAzMzt9CnNwYW4ua2FucmVuLWxpbmsge21hcmdpbjoxMHB4IDtwYWRkaW5nOiAwIDAgMCAwLjVlbTtmb250LXNpemU6MS4yZW07CmJhY2tncm91bmQ6dXJsKGh0dHA6Ly9pbWFnZS5yYWt1dGVuLmNvLmpwL21tLXBvcC9jYWJpbmV0L2xpbmstaGVhZC1way5naWYpIG5vLXJlcGVhdCAwIDAuNDVlbTsKfQphOmxpbmsga2FucmVuLWxpbmt7Zm9udC1zaXplOjEuMmVtOyBjb2xvcjojMzM4MGZmO3RleHQtZGVjb3JhdGlvbjpub25lO30KCjwvc3R5bGU+CgoKCgo8IS0tIAo8c3lsZSB0eXBlPSJ0ZXh0L2NzcyI+CiBodG1sLGJvZHl7IG92ZXJmbG93LXg6aGlkZGVuOyB9CgphOmxpbmsge2NvbG9yOiMzMzgwZmY7fQphOnZpc2l0ZWQge2NvbG9yOiM2NjY7fQphOmhvdmVyIHtjb2xvcjojMzMzO30KYTphY3RpdmUge2NvbG9yOiMzMzM7fQphe3RleHQtZGVjb3JhdGlvbjpub25lO30KaW1nIHtib3JkZXI6bm9uZTsgdmVydGljYWwtYWxpZ246Ym90dG9tO30KcCB7bWFyZ2luOjA7IHBhZGRpbmc6MDsgZm9udC1zaXplOjgwJTt9CnAucmVzaXplaW1hZ2UgaW1nIHsgd2lkdGg6IDk4JTsgfQpwLnJlc2l6ZWltYWdlMiBpbWcgeyB3aWR0aDogOTAlOyB9CmE6aG92ZXIgaW1nIHtvcGFjaXR5OiAwLjY7IGZpbHRlcjogYWxwaGEob3BhY2l0eT02MCk7IC1tb3otb3BhY2l0eTogMC42O30KCgppbWcudG9wYm57bWFyZ2luOjEwcHggMDtib3JkZXI6bm9uZTt9CmRpdi5kaXNjMyB7d2lkdGg6MTAwJTttYXJnaW46IDAgYXV0bztwYWRkaW5nOjE1cHg7YmFja2dyb3VuZDojZWZlZmVmO3RleHQtYWxpZ246bGVmdDtmb250LXdlaWdodDpib2xkO2ZvbnQtc2l6ZToxOHB4O30KCiA8L3N0eWxlPgotLT4KCgo8c3R5bGUgdHlwZT0idGV4dC9jc3MiPgo8IS0tCgpkaXYjSGVhZGVyS2V5d29yZCB7Cglwb3NpdGlvbjphYnNvbHV0ZTsKCXRvcDo2MHB4Oy8q5LiA55Wq5LiK44GL44KJ44Gu5L2N572uKi8KCWxlZnQ6NjBweDsvKuW3puerr+OBi+OCieOBruS9jee9riovCn0KCmRpdiNIZWFkZXJLZXl3b3JkIHNwYW4gewoJYmFja2dyb3VuZDogI2JmMDAwMDsKCWNvbG9yOiNmZmY7Cglmb250LXdlaWdodDpib2xkOwoJcGFkZGluZzoycHggNXB4Owp9CgpkaXYjSGVhZGVyS2V5d29yZCBhIHsKCWNvbG9yOiMwMDQ0Q0M7Cn0KCi0tPgo8L3N0eWxlPgo8ZGl2IGlkPSJIZWFkZXJLZXl3b3JkIj4KPHNwYW4+5rOo55uu44Gu44Kt44O844Ov44O844OJPC9zcGFuPgo+PuaWh+aIv+WFtwo+PuODkOODg+OCsAo+PuOBiuiyoeW4gwo+PuOCueODjOODvOODlOODvAoKPC9kaXY+,576O5aWz44Go6YeO542jIOODqeODs+ODgeODkOODg+OCsCDjg57jg4Hku5jjgY3jgrPjg4Pjg4jjg7Pjg5Djg4PjgrAg44OZ44OrIOODquODvOOCuSAg44OH44Kj44K644OL44O844OX44Oq44Oz44K744K5IOOCueODouODvOODq+ODl+ODqeODjeODg+ODiCAyOS41JnRpbWVzOzIwJnRpbWVzOzljbSDjgYrlvIHlvZPjgYvjgbDjgpMg44Kt44Oj44Op44Kv44K/44O844Kw44OD44K66YCa6LKpIOOAkOODoeODvOODq+S+v+WPr+OAkeOAkOOBguOBmealveOAkeOCt+ODjeODnuOCs+ODrOOCr+OCt+ODp+ODs++8muOCreODo+ODqeOCr+OCv+ODvOOBruOCt+ODjeODnuOCs+ODrOOCr+OCt+ODp+ODsw==,44Kt44Oj44Op44Kv44K/44O844Kt44Oj44Op44Kv44K/44O844Kw44OD44K644Kt44Oj44Op44Kv44K/44O86ZuR6LKo6ZuR6LKo44K144Oz44Oq44Kq44OH44Kj44K644OL44O844KG44KL44Kt44Oj44Op44Of44OD44Kt44O844Kt44OG44Kj44GP44G+44Oi44Oz44Ov44Oz44OU44O844K544Ki44OL44Oh44Ki44OL44Oh44Kw44OD44K644K/44Kq44Or5paH5YW35paH5oi/5YW344Kk44Oz44OG44Oq44Ki55Sf5rS76ZuR6LKo44Kt44OD44K65a2Q44Gp44KC576O5aWz44Go6YeO542jIOODqeODs+ODgeODkOODg+OCsCDjg57jg4Hku5jjgY3jgrPjg4Pjg4jjg7Pjg5Djg4PjgrAg44OZ44OrIOODquODvOOCuSAg44OH44Kj44K644OL44O844OX44Oq44Oz44K744K5IOOCueODouODvOODq+ODl+ODqeODjeODg+ODiCAyOS41JnRpbWVzOzIwJnRpbWVzOzljbSDjgYrlvIHlvZPjgYvjgbDjgpMg44Kt44Oj44Op44Kv44K/44O844Kw44OD44K66YCa6LKpIOOAkOODoeODvOODq+S+v+WPr+OAkeOAkOOBguOBmealveOAkeOCt+ODjeODnuOCs+ODrOOCr+OCt+ODp+ODsw==,576O5aWz44Go6YeO542jIOODqeODs+ODgeODkOODg+OCsCDjg57jg4Hku5jjgY3jgrPjg4Pjg4jjg7Pjg5Djg4PjgrAg44OZ44OrIOODquODvOOCuSAg44OH44Kj44K644OL44O844OX44Oq44Oz44K744K5IOOCueODouODvOODq+ODl+ODqeODjeODg+ODiCAyOS41JnRpbWVzOzIwJnRpbWVzOzljbSDjgYrlvIHlvZPjgYvjgbDjgpMg44Kt44Oj44Op44Kv44K/44O844Kw44OD44K66YCa6LKpIOOAkOODoeODvOODq+S+v+WPr+OAkeOAkOOBguOBmealveOAkeOCt+ODjeODnuOCs+ODrOOCr+OCt+ODp+ODsw==[rn]
30-32956,aHR0cDovL3RzaG9wLnIxMHMuanAvY2luZW1hY29sbGVjdGlvbi9jYWJpbmV0L3IyMDE3MDQyMS9zbS1hcGRzMjgxNy5qcGc/Zml0aW49NzAwOjcwMA==,Nzk5LjIwMDA=,,44Kt44OD44K644O744OZ44OT44O844O744Oe44K/44OL44OG44KjID4g44Kt44OD44K6ID4g6ZuR6LKo44O75bCP54mp77yI44GK5byB5b2T44Kw44OD44K644O744K/44Kq44Or44O75paH5YW36aGe77yJID4g5a2Q5L6b55So44GK5byB5b2T6KKL,576O5aWz44Go6YeO542jIOODqeODs+ODgeODkOODg+OCsCDjg57jg4Hku5jjgY3jgrPjg4Pjg4jjg7Pjg5Djg4PjgrAg44OZ44OrIOiWlOiWhyAg44OH44Kj44K644OL44O844OX44Oq44Oz44K744K5IOOCueODouODvOODq+ODl+ODqeODjeODg+ODiCAyOS41w5cyMMOXOWNtIOOBiuW8geW9k+OBi+OBsOOCkyDjgq3jg6Pjg6njgq/jgr/jg7zjgrDjg4PjgrrpgJrosqkg44CQ44Oh44O844Or5L6/5Y+v44CR44CQ44GC44GZ5qW944CR44K344ON44Oe44Kz44Os44Kv44K344On44Oz,,PGNlbnRlcj48YSBocmVmPSJodHRwOi8vaXRlbS5yYWt1dGVuLmNvLmpwL2NpbmVtYWNvbGxlY3Rpb24vYy8wMDAwMDAwNTQxLyNjb250ZW50cyIgdGFyZ2V0PSJfcGFyZW50Ij48aW1nIHdpZHRoPSI3NTAiIGJvcmRlcj0iMCIgc3JjPSJodHRwOi8vaW1hZ2UucmFrdXRlbi5jby5qcC9jaW5lbWFjb2xsZWN0aW9uL2NhYmluZXQvZGlzbmV5NTgwLTAxLmpwZyI+PC9hPjwvY2VudGVyPjxicj48YnI+PGNlbnRlcj48YSBocmVmPSJodHRwOi8vd3d3LnJha3V0ZW4ubmUuanAvZ29sZC9jaW5lbWFjb2xsZWN0aW9uL2Fuc3dlci5odG1sI2MxcTMiIHRhcmdldD0iX25ldyI+PGltZyB3aWR0aD0iNzUwIiBib3JkZXI9IjAiIHNyYz0iaHR0cDovL2ltYWdlLnJha3V0ZW4uY28uanAvY2luZW1hY29sbGVjdGlvbi9jYWJpbmV0L3ItbWFpbDU4MC5qcGciIGhlaWdodD0iNTAiIHZzcGFjZT0iNSI+PC9hPjwvY2VudGVyPjxicj48YnI+576O5aWz44Go6YeO542jIOODqeODs+ODgeODkOODg+OCsCDjg57jg4Hku5jjgY3jgrPjg4Pjg4jjg7Pjg5Djg4PjgrAg44OZ44OrIOiWlOiWhyAg44OH44Kj44K644OL44O844OX44Oq44Oz44K744K5IOOCueODouODvOODq+ODl+ODqeODjeODg+ODiCAyOS41w5cyMMOXOWNtIOOBiuW8geW9k+OBi+OBsOOCkyDjgq3jg6Pjg6njgq/jgr/jg7zjgrDjg4PjgrrpgJrosqkg44CQ44Oh44O844Or5L6/5Y+v44CR44CQ44GC44GZ5qW944CR44K344ON44Oe44Kz44Os44Kv44K344On44OzPEJSPjxCUj48IS0tIOKYheOBiuawl+OBq+WFpeOCii0tPjxkaXYgY2xhc3M9IncyODAtYyI+PGRpdiBjbGFzcz0iY2VudGVyLW0tMGEiPjxpbWcgY2xhc3M9Iml0ZW0tb2tpLWJuIiBhbHQ9IuOCreODo+ODqeOCr+OCv+ODvOOCsOODg+OCuumAmuiyqeOCt+ODjeODnuOCs+ODrOOCr+OCt+ODp+ODs+OBruOBiuawl+OBq+WFpeOCiuODquOCueODiOOCkueiuuiqjeOBmeOCiyIgc3JjPSJodHRwOi8vaW1hZ2UucmFrdXRlbi5jby5qcC9jaW5lbWFjb2xsZWN0aW9uL2NhYmluZXQvb2tpLTIuZ2lmIj48L2Rpdj48L2Rpdj48IS0tIOKYheOBiuawl+OBq+WFpeOCiuOCs+OCs+OBvuOBpy0tPjwhLS3imIXliYrpmaTkuI3lj68tLT48L3NwYW4+PC90ZD48L3RyPjwvdGFibGU+PGJyPjwvdGQ+PC90cj48L3RhYmxlPjxicj48dGFibGUgY2VsbHBhZGRpbmc9IjAiIGJvcmRlcj0iMCI+PHRyPjx0ZD48dGFibGUgY2VsbHBhZGRpbmc9IjAiIGJvcmRlcj0iMCI+PHRyPjx0ZD48c3Bhbj48IS0t6Zai6YCj5qSc57Si44Kt44O844Ov44O844OJLS0+PGRpdiBzdHlsZT0id2lkdGg6MTAwJTt0ZXh0LWFsaWduOiBjZW50ZXIiPjxoMyBzdHlsZT0iY29sb3I6IzdmN2Y3ZjsiPuOBiuW8geW9k+OCkuWni+OCgeOAgeOCs+OCueODoeOBquOBqeOBhOOCjeOBhOOCjeS9v+OBiOOCi+S+v+WIqeOBquOCteODluODkOODg+OCsDxicj48IS0t4piFSy0tPuS6uuawly/oqbHpoYwv5biG5biDL+OBiuOBl+OCg+OCjC/jgYvjgo/jgYTjgYQ8L2gzPjxpbWcgc3R5bGU9Im1hcmdpbjoxNXB4IDAgMTBweCAwO3dpZHRoOjEwMCUgO2JvcmRlcjpub25lOyIgYWx0PSLjgq3jg6Pjg6njgq/jgr/jg7zjgrDjg4PjgrrlsILploDlupcv44K344ON44Oe44Kz44Os44Kv44K344On44OzL+WVhuWTgeips+e0sCIgc3JjPSJodHRwOi8vd3d3LnJha3V0ZW4ubmUuanAvZ29sZC9jaW5lbWFjb2xsZWN0aW9uL2JuL2l0ZW0tYm4wMS5naWYiIC8+PGRpdiBzdHlsZT0iY29sb3I6IzdmN2Y3Zjt3aWR0aDo5MCU7bWFyZ2luOjAgYXV0bzsjZWZlZmVmIHNvbGlkIDFweDtwYWRkaW5nOjEwcHg7dGV4dC1hbGlnbjogbGVmdDsiPuS4jeacveOBruWQjeS9nOOAjkJlYXV0eSBhbmQgdGhlIEJlYXN0L+e+juWls+OBqOmHjueNo+OAj+OBjOWun+WGmeaYoOeUu+OBpzTmnIgyMeaXpeWFrOmWiyEhPGJyPuODh+OCo+OCuuODi+ODvOaYoOeUu+WPsuS4iuacgOmrmOOBruaEm+OBqOmtlOazleOBrueJqeiqnuOBqOensOOBleOCjOOCi+OAkOe+juWls+OBqOmHjueNo+OAkTxicj7jgZPjgaHjgonjga/jgZPjgozjgYvjgonjga7lraPnr4DjgavjgajjgaPjgabjgoLph43lrp3jgZnjgovjg57jg4Hku5jjgY3jgrPjg4Pjg4jjg7Pjg5Djg4PjgrAhITxicj7jgYrlvIHlvZPjgpLlp4vjgoHjgIHjgrPjgrnjg6HjgarjganjgYTjgo3jgYTjgo3kvb/jgYjjgovkvr/liKnjgarjgrXjgqTjgrrjga7jgrXjg5bjg5Djg4PjgrDimIY8YnI+5YaF5YG044Gr44Gv44Od44Kx44OD44OI44KC5LuY44GE44Gm44Go44Gj44Gm44KC5L6/5Yip4pmqPGJyPuS7luOBq+OCguOBhOOCjeOBhOOCjeeorumhnuOBguOCi+OBruOBp+OBiuawl+OBq+WFpeOCiuOCkuaOouOBl+OBpuOBreKZqjxicj48YnI+4pag44K144Kk44K677ya57SEMjk1w5cyMDDDlzkwbW08YnI+4pag57Sg5p2Q77ya44Kz44OD44OI44OzPEJSPjxCUj7ilqDjgqvjg6njg7wg44Kv44Oq44O844Og57O777yI55m944O76JaE44GE44Kk44Ko44Ot44O877yJPEJSPjxCUj48L2Rpdj48L2Rpdj48ZGl2IHN0eWxlPSJ3aWR0aDoxMDAlO3RleHQtYWxpZ246IGNlbnRlcjsiPjxpbWcgc3R5bGU9Im1hcmdpbjoxNXB4IDAgMTBweCAwO3dpZHRoOjEwMCUgO2JvcmRlcjpub25lOyIgYWx0PSLjgq3jg6Pjg6njgq/jgr/jg7zjgrDjg4PjgrrlsILploDlupcv44K344ON44Oe44Kz44Os44Kv44K344On44OzL+ips+e0sOeUu+WDjyIgc3JjPSJodHRwOi8vd3d3LnJha3V0ZW4ubmUuanAvZ29sZC9jaW5lbWFjb2xsZWN0aW9uL2JuL2l0ZW0tYm4wMi5naWYiIC8+PGRpdiBzdHlsZT0id2lkdGg6MTAwJTttYXJnaW46MCBhdXRvOyI+PGltZyBzdHlsZT0id2lkdGg6MjYwcHg7bWFyZ2luOjJweDtib3JkZXI6bm9uZTsiIHNyYz0iaHR0cDovL2ltYWdlLnJha3V0ZW4uY28uanAvY2luZW1hY29sbGVjdGlvbi9jYWJpbmV0L3IyMDE3MDQyMS9zbS1hcGRzMjgxNy5qcGciPjxpbWcgc3R5bGU9IndpZHRoOjI2MHB4O21hcmdpbjoycHg7Ym9yZGVyOm5vbmU7IiBzcmM9Imh0dHA6Ly9pbWFnZS5yYWt1dGVuLmNvLmpwL2NpbmVtYWNvbGxlY3Rpb24vY2FiaW5ldC9yMjAxNzA0MjEvc20tYXBkczI4MTdfMi5qcGciPjxpbWcgc3R5bGU9IndpZHRoOjI2MHB4O21hcmdpbjoycHg7Ym9yZGVyOm5vbmU7IiBzcmM9Imh0dHA6Ly9pbWFnZS5yYWt1dGVuLmNvLmpwL2NpbmVtYWNvbGxlY3Rpb24vY2FiaW5ldC9yMjAxNzA0MjEvc20tYXBkczI4MTdfMy5qcGciPjwvZGl2PjwvZGl2PjxkaXYgc3R5bGU9IndpZHRoOjEwMCU7dGV4dC1hbGlnbjogY2VudGVyOyI+PGltZyBzdHlsZT0ibWFyZ2luOjE1cHggMCAxMHB4IDA7d2lkdGg6MTAwJSA7Ym9yZGVyOm5vbmU7IiBhbHQ9IuOCreODo+ODqeOCr+OCv+ODvOOCsOODg+OCuuWwgumWgOW6ly/jgrfjg43jg57jgrPjg6zjgq/jgrfjg6fjg7Mv6Kmz57Sw55S75YOPIiBzcmM9Imh0dHA6Ly93d3cucmFrdXRlbi5uZS5qcC9nb2xkL2NpbmVtYWNvbGxlY3Rpb24vYm4vaXRlbS1ibjAzLmdpZiIgLz48ZGl2IHN0eWxlPSJ3aWR0aDo1MCU7dG9wOjc1cHg7ZmxvYXQ6bGVmdDt0ZXh0LWFsaWduOiBsZWZ0OyI+44CQ576O5aWz44Go6YeO542j44CR5LuW44Gu56iu6aGe44Gv44GT44Gh44KJ44GL44KJICZndDsmZ3Q7PC9kaXY+PGRpdiBzdHlsZT0id2lkdGg6NTAlO2Zsb2F0OmxlZnQ7dGV4dC1hbGlnbjpyaWdodDsiPjxpbWcgc3R5bGU9IndpZHRoOjI1MHB4O2JvcmRlcjpub25lOyIgc3JjPSJodHRwOi8vaW1hZ2UucmFrdXRlbi5jby5qcC9jaW5lbWFjb2xsZWN0aW9uL2NhYmluZXQvMDAybGJuL3RvcGxiLWQwMjUuanBnIj48L2Rpdj48ZGl2IHN0eWxlPSJjbGVhcjpib3RoOyI+PC9kaXY+PC9kaXY+PCEtLemWoumAo+aknOe0ouOCreODvOODr+ODvOODiS0tPjxkaXYgY2xhc3M9ImthbnJlbi1saW5rIj7jgZPjga7jgqvjg4bjgrTjg6rjgavjga/jgZPjgpPjgarllYblk4HjgYzlkKvjgb7jgozjgabjgYTjgb7jgZk8YnI+PGJyPjxzcGFuIGNsYXNzPSJrYW5yZW4tbGluayI+44OQ44OD44Kw44O76LKh5biD44CQ44Op44Oz44OB44OI44O844OI44CRPC9zcGFuPjwvZGl2PjwhLS3imIXjgrPjgrPjgb7jgactLT48IS0t6Zai6YCj5qSc57Si44Kt44O844Ov44O844OJLS0+PGRpdiBjbGFzcz0ia2FucmVuLWxpbmsiPuOBk+OCjOOCkuimi+OBn+S6uuOBr+OBk+OCk+OBquOCreODvOODr+ODvOODieOBp+aknOe0ouOBl+OBpuOBhOOBvuOBmTxicj48YnI+PHNwYW4gY2xhc3M9ImthbnJlbi1saW5rIj7lsI/jgZXjgoEg44OI44O844OI44OQ44OD44KwPC9zcGFuPjxzcGFuIGNsYXNzPSJrYW5yZW4tbGluayI+44OI44O844OI44OQ44OD44KwIOOCreODo+ODs+ODkOOCuTwvc3Bhbj48c3BhbiBjbGFzcz0ia2FucmVuLWxpbmsiPuOCreODo+ODqeOCr+OCv+ODvCDjg4jjg7zjg4jjg5Djg4PjgrA8L3NwYW4+PHNwYW4gY2xhc3M9ImthbnJlbi1saW5rIj7jg4fjgqPjgrrjg4vjg7wg44OQ44OD44KwPC9zcGFuPjxzcGFuIGNsYXNzPSJrYW5yZW4tbGluayI+44K144Oz44Oq44KqIOODkOODg+OCsDwvc3Bhbj48c3BhbiBjbGFzcz0ia2FucmVuLWxpbmsiPuOCreODo+ODqeOCr+OCv+ODvCDjg53jg7zjg4E8L3NwYW4+PHNwYW4gY2xhc3M9ImthbnJlbi1saW5rIj7jgq3jg6Pjg6njgq/jgr/jg7wg44OV44Kh44OD44K344On44OzPC9zcGFuPjxzcGFuIGNsYXNzPSJrYW5yZW4tbGluayI+44Kt44Oj44Op44Kv44K/44O8IOOCsOODg+OCujwvc3Bhbj48c3BhbiBjbGFzcz0ia2FucmVuLWxpbmsiPuOCreODo+ODqeOCr+OCv+ODvCDjg5Djg4PjgrA8L3NwYW4+PHNwYW4gY2xhc3M9ImthbnJlbi1saW5rIj7jg5XjgqHjg4Pjgrfjg6fjg7PlsI/niak8L3NwYW4+PC9kaXY+PCEtLeKYheOCs+OCs+OBvuOBpy0tPjwhLS01NjAwLS0+Cgo8L1REPjwvVFI+PC9UQUJMRT48YnI+PGJyPgoKCjwhLS3mlrDnnYAgLS0+Cgo8aW1nIHN0eWxlPSJ3aWR0aDo4MDBweDttYXJnaW46MCAwIDEwcHggMDtib3JkZXI6bm9uZTsiIHNyYz0iaHR0cDovL2ltYWdlLnJha3V0ZW4uY28uanAvY2luZW1hY29sbGVjdGlvbi9jYWJpbmV0L3Npbi5naWYiPjxicj4KPGRpdiBzdHlsZT0id2lkdGg6NzUwcHg7bWFyZ2luOiAwIGF1dG87cGFkZGluZzoxNXB4O3RleHQtYWxpZ246cmlnaHQ7Zm9udC13ZWlnaHQ6Ym9sZDtmb250LXNpemU6MThweDsiPj4+5paw552A5oOF5aCx44Gu44Gk44Gl44GN44Gv44GT44Gh44KJPC9kaXY+Cjxicj4KPGRpdiBzdHlsZT0id2lkdGg6NzUwcHg7bWFyZ2luOiAwIGF1dG87cGFkZGluZzoxNXB4O3RleHQtYWxpZ246cmlnaHQ7Zm9udC13ZWlnaHQ6Ym9sZDtmb250LXNpemU6MThweDsiPj4+5paw552A5oOF5aCx44Gu44Gk44Gl44GN44Gv44GT44Gh44KJPC9kaXY+CgoKCgoKCjxpbWcgc3R5bGU9IndpZHRoOjgwMHB4O21hcmdpbjowIDAgMTBweCAwO2JvcmRlcjpub25lOyIgc3JjPSJodHRwOi8vaW1hZ2UucmFrdXRlbi5jby5qcC9jaW5lbWFjb2xsZWN0aW9uL2NhYmluZXQvY2FyLmdpZiI+PGJyPgo8dGFibGUgd2lkdGg9IjgwMCI+PHRyPjx0ZCB3aWR0aD0iODAwIiBhbGlnbj0icmlnaHQiPuKHkuOBmeOBueOBpuOBruOCreODo+ODqeOCr+OCv+ODvOOBr+OBk+OBoeOCiTwvdGQ+PC90cj48dHI+PHRkPjxicj48YnI+Cgo8YnI+PGJyPgo8L3RkPjwvdHI+PC90YWJsZT48YnI+PGJyPgoKCjxpbWcgc3R5bGU9IndpZHRoOjgwMHB4O21hcmdpbjowIDAgMTBweCAwO2JvcmRlcjpub25lOyIgc3JjPSJodHRwOi8vaW1hZ2UucmFrdXRlbi5jby5qcC9jaW5lbWFjb2xsZWN0aW9uL2NhYmluZXQvY2F0LmdpZiI+PGJyPgo8L2NlbnRlcj4KCgo8IS0tIC0tPgoKPHN0eWxlPgovKuiyt+OBhOeJqeOCq+OCtOODnOOCv+ODsyovCiNyYWt1dGVuTGltaXRlZElkX2Fyb3VuZENhcnQgaW5wdXQgewoJd2lkdGg6IDI4MHB4OwoJaGVpZ2h0OiAxNTBweDsKCWJhY2tncm91bmQ6dXJsKGh0dHA6Ly9pbWFnZS5yYWt1dGVuLmNvLmpwL2NpbmVtYWNvbGxlY3Rpb24vY2FiaW5ldC9jYXJ0LmdpZikgI2ZmZmZmZiBuby1yZXBlYXQ7CglvdmVyZmxvdzogaGlkZGVuOwoJYm9yZGVyLXdpZHRoOiAwcHg7CgljdXJzb3I6IHBvaW50ZXIgIWltcG9ydGFudDsKCXRleHQtaW5kZW50OiAxNTAlOwoJd2hpdGUtc3BhY2U6IG5vd3JhcDsKCW1hcmdpbjogNXB4IDAgMCAwOwoJZGlzcGxheTpibG9jazsKfQoKI3Jha3V0ZW5MaW1pdGVkSWRfYXJvdW5kQ2FydCAuaW52ZW50b3J5IGlucHV0IHsKCWJhY2tncm91bmQ6bm9uZSAhaW1wb3J0YW50OwoJd2lkdGg6IDJlbSFpbXBvcnRhbnQ7CgloZWlnaHQ6IDEuMmVtIWltcG9ydGFudDsKCWRpc3BsYXk6aW5saW5lOwp9CgoKLyrlgIvmlbDjg4bjgq3jgrnjg4gqLwojcmFrdXRlbkxpbWl0ZWRJZF9hcm91bmRDYXJ0IC51bml0IHsKCWZvbnQtc2l6ZToxNnB4Owp9CgovKuWAi+aVsOWFpeWKmyovCiNyYWt1dGVuTGltaXRlZElkX2Fyb3VuZENhcnQgaW5wdXQjdW5pdHMgewoJYm9yZGVyOnNvbGlkICNjY2MgMXB4OwoJYmFja2dyb3VuZDojZmZmIWltcG9ydGFudDsKCXdpZHRoOjMwcHg7CgloZWlnaHQ6MzBweDsKCWN1cnNvcjphdXRvOwoJcGFkZGluZzo3cHggN3B4IDdweCAzcHg7Cgl0ZXh0LWluZGVudDogMHB4OwoJb3ZlcmZsb3c6IGhpZGRlbjsKCWRpc3BsYXk6aW5saW5lOwoJZm9udC1zaXplOjE2cHg7Cn0KCi8q44GK5ZWP44GE5ZCI44KP44Gb44Oc44K/44OzKi8KI3Jha3V0ZW5MaW1pdGVkSWRfYXJvdW5kQ2FydCBmb250IGlucHV0IHsKCXdpZHRoOiAyODBweDsKCWhlaWdodDogODBweDsKCWJhY2tncm91bmQ6dXJsKGh0dHA6Ly9pbWFnZS5yYWt1dGVuLmNvLmpwL2NpbmVtYWNvbGxlY3Rpb24vY2FiaW5ldC90b2kuZ2lmKSAjZmZmZmZmIG5vLXJlcGVhdDsKCW92ZXJmbG93OiBoaWRkZW47Cglib3JkZXItd2lkdGg6IDBweDsKCWN1cnNvcjogcG9pbnRlciAhaW1wb3J0YW50OwoJdGV4dC1pbmRlbnQ6IDE1MCU7Cgl3aGl0ZS1zcGFjZTogbm93cmFwOwoJbWFyZ2luOiA1cHggMCAwIDA7CglkaXNwbGF5OmJsb2NrOwp9Cgojc2VydmljZVRhYmxlU21sIC5mYXZvcml0ZSB7CglkaXNwbGF5OmJsb2NrOwoJd2lkdGg6IDI4MHB4Owp9Cgojc2VydmljZVRhYmxlU21sIC5mYXZvcml0ZSAuYm9va21hcmtBcmVhIGRpdnsKCXdpZHRoOiAyODBweCFpbXBvcnRhbnQ7Cn0KCiNzZXJ2aWNlVGFibGVTbWwgLmZhdm9yaXRlIC5ia20gYSB7Cgl3aWR0aDogMjgwcHghaW1wb3J0YW50OwoJaGVpZ2h0OiAzMDBweCFpbXBvcnRhbnQ7CgliYWNrZ3JvdW5kOnVybChodHRwOi8vaW1hZ2UucmFrdXRlbi5jby5qcC9jaW5lbWFjb2xsZWN0aW9uL2NhYmluZXQvb2tpLmdpZikgI2ZmZmZmZiBuby1yZXBlYXQ7CglvdmVyZmxvdzogaGlkZGVuOwoJYm9yZGVyLXdpZHRoOiAwcHg7CgljdXJzb3I6IHBvaW50ZXIgIWltcG9ydGFudDsKCXRleHQtaW5kZW50Oi0xNTAlOwoJbWFyZ2luOiA1cHggMCAwIDA7CglkaXNwbGF5OmJsb2NrOwp9CgoKLyrjgYrmsJfjgavlhaXjgooqLwoKZGl2LncyODAtYyAge3dpZHRoOjI4MHB4O3RleHQtYWxpZ246IGNlbnRlcjt9CmRpdi5jZW50ZXItbS0wYSAge21hcmdpbjowIGF1dG87fQouaXRlbS1va2ktYm4gIHt3aWR0aDoyODBweDttYXJnaW46MnB4IDA7Ym9yZGVyOm5vbmU7fQouaXRlbS1pZnJhbWUgIHttYXJnaW46MHB4O2JvcmRlcjowcHg7fQoKZGl2LmthbnJlbi1saW5rIHtjb2xvcjojN2Y3ZjdmO3dpZHRoOjkwJTttYXJnaW46MjBweCBhdXRvO3BhZGRpbmc6MjBweDt0ZXh0LWFsaWduOiBsZWZ0O2ZvbnQtc2l6ZToxLjJlbTtiYWNrZ3JvdW5kLWNvbG9yOiNmZmZmZmY7Ym9yZGVyOmRvdHRlZCAycHggI2ZmODAzMzt9CnNwYW4ua2FucmVuLWxpbmsge21hcmdpbjoxMHB4IDtwYWRkaW5nOiAwIDAgMCAwLjVlbTtmb250LXNpemU6MS4yZW07CmJhY2tncm91bmQ6dXJsKGh0dHA6Ly9pbWFnZS5yYWt1dGVuLmNvLmpwL21tLXBvcC9jYWJpbmV0L2xpbmstaGVhZC1way5naWYpIG5vLXJlcGVhdCAwIDAuNDVlbTsKfQphOmxpbmsga2FucmVuLWxpbmt7Zm9udC1zaXplOjEuMmVtOyBjb2xvcjojMzM4MGZmO3RleHQtZGVjb3JhdGlvbjpub25lO30KCjwvc3R5bGU+CgoKCgo8IS0tIAo8c3lsZSB0eXBlPSJ0ZXh0L2NzcyI+CiBodG1sLGJvZHl7IG92ZXJmbG93LXg6aGlkZGVuOyB9CgphOmxpbmsge2NvbG9yOiMzMzgwZmY7fQphOnZpc2l0ZWQge2NvbG9yOiM2NjY7fQphOmhvdmVyIHtjb2xvcjojMzMzO30KYTphY3RpdmUge2NvbG9yOiMzMzM7fQphe3RleHQtZGVjb3JhdGlvbjpub25lO30KaW1nIHtib3JkZXI6bm9uZTsgdmVydGljYWwtYWxpZ246Ym90dG9tO30KcCB7bWFyZ2luOjA7IHBhZGRpbmc6MDsgZm9udC1zaXplOjgwJTt9CnAucmVzaXplaW1hZ2UgaW1nIHsgd2lkdGg6IDk4JTsgfQpwLnJlc2l6ZWltYWdlMiBpbWcgeyB3aWR0aDogOTAlOyB9CmE6aG92ZXIgaW1nIHtvcGFjaXR5OiAwLjY7IGZpbHRlcjogYWxwaGEob3BhY2l0eT02MCk7IC1tb3otb3BhY2l0eTogMC42O30KCgppbWcudG9wYm57bWFyZ2luOjEwcHggMDtib3JkZXI6bm9uZTt9CmRpdi5kaXNjMyB7d2lkdGg6MTAwJTttYXJnaW46IDAgYXV0bztwYWRkaW5nOjE1cHg7YmFja2dyb3VuZDojZWZlZmVmO3RleHQtYWxpZ246bGVmdDtmb250LXdlaWdodDpib2xkO2ZvbnQtc2l6ZToxOHB4O30KCiA8L3N0eWxlPgotLT4KCgo8c3R5bGUgdHlwZT0idGV4dC9jc3MiPgo8IS0tCgpkaXYjSGVhZGVyS2V5d29yZCB7Cglwb3NpdGlvbjphYnNvbHV0ZTsKCXRvcDo2MHB4Oy8q5LiA55Wq5LiK44GL44KJ44Gu5L2N572uKi8KCWxlZnQ6NjBweDsvKuW3puerr+OBi+OCieOBruS9jee9riovCn0KCmRpdiNIZWFkZXJLZXl3b3JkIHNwYW4gewoJYmFja2dyb3VuZDogI2JmMDAwMDsKCWNvbG9yOiNmZmY7Cglmb250LXdlaWdodDpib2xkOwoJcGFkZGluZzoycHggNXB4Owp9CgpkaXYjSGVhZGVyS2V5d29yZCBhIHsKCWNvbG9yOiMwMDQ0Q0M7Cn0KCi0tPgo8L3N0eWxlPgo8ZGl2IGlkPSJIZWFkZXJLZXl3b3JkIj4KPHNwYW4+5rOo55uu44Gu44Kt44O844Ov44O844OJPC9zcGFuPgo+PuaWh+aIv+WFtwo+PuODkOODg+OCsAo+PuOBiuiyoeW4gwo+PuOCueODjOODvOODlOODvAoKPC9kaXY+,576O5aWz44Go6YeO542jIOODqeODs+ODgeODkOODg+OCsCDjg57jg4Hku5jjgY3jgrPjg4Pjg4jjg7Pjg5Djg4PjgrAg44OZ44OrIOiWlOiWhyAg44OH44Kj44K644OL44O844OX44Oq44Oz44K744K5IOOCueODouODvOODq+ODl+ODqeODjeODg+ODiCAyOS41JnRpbWVzOzIwJnRpbWVzOzljbSDjgYrlvIHlvZPjgYvjgbDjgpMg44Kt44Oj44Op44Kv44K/44O844Kw44OD44K66YCa6LKpIOOAkOODoeODvOODq+S+v+WPr+OAkeOAkOOBguOBmealveOAkeOCt+ODjeODnuOCs+ODrOOCr+OCt+ODp+ODs++8muOCreODo+ODqeOCr+OCv+ODvOOBruOCt+ODjeODnuOCs+ODrOOCr+OCt+ODp+ODsw==,44Kt44Oj44Op44Kv44K/44O844Kt44Oj44Op44Kv44K/44O844Kw44OD44K644Kt44Oj44Op44Kv44K/44O86ZuR6LKo6ZuR6LKo44K144Oz44Oq44Kq44OH44Kj44K644OL44O844KG44KL44Kt44Oj44Op44Of44OD44Kt44O844Kt44OG44Kj44GP44G+44Oi44Oz44Ov44Oz44OU44O844K544Ki44OL44Oh44Ki44OL44Oh44Kw44OD44K644K/44Kq44Or5paH5YW35paH5oi/5YW344Kk44Oz44OG44Oq44Ki55Sf5rS76ZuR6LKo44Kt44OD44K65a2Q44Gp44KC576O5aWz44Go6YeO542jIOODqeODs+ODgeODkOODg+OCsCDjg57jg4Hku5jjgY3jgrPjg4Pjg4jjg7Pjg5Djg4PjgrAg44OZ44OrIOiWlOiWhyAg44OH44Kj44K644OL44O844OX44Oq44Oz44K744K5IOOCueODouODvOODq+ODl+ODqeODjeODg+ODiCAyOS41JnRpbWVzOzIwJnRpbWVzOzljbSDjgYrlvIHlvZPjgYvjgbDjgpMg44Kt44Oj44Op44Kv44K/44O844Kw44OD44K66YCa6LKpIOOAkOODoeODvOODq+S+v+WPr+OAkeOAkOOBguOBmealveOAkeOCt+ODjeODnuOCs+ODrOOCr+OCt+ODp+ODsw==,576O5aWz44Go6YeO542jIOODqeODs+ODgeODkOODg+OCsCDjg57jg4Hku5jjgY3jgrPjg4Pjg4jjg7Pjg5Djg4PjgrAg44OZ44OrIOiWlOiWhyAg44OH44Kj44K644OL44O844OX44Oq44Oz44K744K5IOOCueODouODvOODq+ODl+ODqeODjeODg+ODiCAyOS41JnRpbWVzOzIwJnRpbWVzOzljbSDjgYrlvIHlvZPjgYvjgbDjgpMg44Kt44Oj44Op44Kv44K/44O844Kw44OD44K66YCa6LKpIOOAkOODoeODvOODq+S+v+WPr+OAkeOAkOOBguOBmealveOAkeOCt+ODjeODnuOCs+ODrOOCr+OCt+ODp+ODsw==[rn]
30-32957,aHR0cDovL3RzaG9wLnIxMHMuanAvY2luZW1hY29sbGVjdGlvbi9jYWJpbmV0L3IyMDE3MDQyMS9zbS1hcGRzMjgxNi5qcGc/Zml0aW49NzAwOjcwMA==,Nzk5LjIwMDA=,,44Kt44OD44K644O744OZ44OT44O844O744Oe44K/44OL44OG44KjID4g44Kt44OD44K6ID4g6ZuR6LKo44O75bCP54mp77yI44GK5byB5b2T44Kw44OD44K644O744K/44Kq44Or44O75paH5YW36aGe77yJID4g5a2Q5L6b55So44GK5byB5b2T6KKL,576O5aWz44Go6YeO542jIOODqeODs+ODgeODkOODg+OCsCDjg57jg4Hku5jjgY3jgrPjg4Pjg4jjg7Pjg5Djg4PjgrAg44OZ44Or77yG44OB44OD44OXICDjg4fjgqPjgrrjg4vjg7zjg5fjg6rjg7Pjgrvjgrkg44K544Oi44O844Or44OX44Op44ON44OD44OIIDI5LjXDlzIww5c5Y20g44GK5byB5b2T44GL44Gw44KTIOOCreODo+ODqeOCr+OCv+ODvOOCsOODg+OCuumAmuiyqSDjgJDjg6Hjg7zjg6vkvr/lj6/jgJHjgJDjgYLjgZnmpb3jgJHjgrfjg43jg57jgrPjg6zjgq/jgrfjg6fjg7M=,,PGNlbnRlcj48YSBocmVmPSJodHRwOi8vaXRlbS5yYWt1dGVuLmNvLmpwL2NpbmVtYWNvbGxlY3Rpb24vYy8wMDAwMDAwNTQxLyNjb250ZW50cyIgdGFyZ2V0PSJfcGFyZW50Ij48aW1nIHdpZHRoPSI3NTAiIGJvcmRlcj0iMCIgc3JjPSJodHRwOi8vaW1hZ2UucmFrdXRlbi5jby5qcC9jaW5lbWFjb2xsZWN0aW9uL2NhYmluZXQvZGlzbmV5NTgwLTAxLmpwZyI+PC9hPjwvY2VudGVyPjxicj48YnI+PGNlbnRlcj48YSBocmVmPSJodHRwOi8vd3d3LnJha3V0ZW4ubmUuanAvZ29sZC9jaW5lbWFjb2xsZWN0aW9uL2Fuc3dlci5odG1sI2MxcTMiIHRhcmdldD0iX25ldyI+PGltZyB3aWR0aD0iNzUwIiBib3JkZXI9IjAiIHNyYz0iaHR0cDovL2ltYWdlLnJha3V0ZW4uY28uanAvY2luZW1hY29sbGVjdGlvbi9jYWJpbmV0L3ItbWFpbDU4MC5qcGciIGhlaWdodD0iNTAiIHZzcGFjZT0iNSI+PC9hPjwvY2VudGVyPjxicj48YnI+576O5aWz44Go6YeO542jIOODqeODs+ODgeODkOODg+OCsCDjg57jg4Hku5jjgY3jgrPjg4Pjg4jjg7Pjg5Djg4PjgrAg44OZ44Or77yG44OB44OD44OXICDjg4fjgqPjgrrjg4vjg7zjg5fjg6rjg7Pjgrvjgrkg44K544Oi44O844Or44OX44Op44ON44OD44OIIDI5LjXDlzIww5c5Y20g44GK5byB5b2T44GL44Gw44KTIOOCreODo+ODqeOCr+OCv+ODvOOCsOODg+OCuumAmuiyqSDjgJDjg6Hjg7zjg6vkvr/lj6/jgJHjgJDjgYLjgZnmpb3jgJHjgrfjg43jg57jgrPjg6zjgq/jgrfjg6fjg7M8QlI+PEJSPjwhLS0g4piF44GK5rCX44Gr5YWl44KKLS0+PGRpdiBjbGFzcz0idzI4MC1jIj48ZGl2IGNsYXNzPSJjZW50ZXItbS0wYSI+PGltZyBjbGFzcz0iaXRlbS1va2ktYm4iIGFsdD0i44Kt44Oj44Op44Kv44K/44O844Kw44OD44K66YCa6LKp44K344ON44Oe44Kz44Os44Kv44K344On44Oz44Gu44GK5rCX44Gr5YWl44KK44Oq44K544OI44KS56K66KqN44GZ44KLIiBzcmM9Imh0dHA6Ly9pbWFnZS5yYWt1dGVuLmNvLmpwL2NpbmVtYWNvbGxlY3Rpb24vY2FiaW5ldC9va2ktMi5naWYiPjwvZGl2PjwvZGl2PjwhLS0g4piF44GK5rCX44Gr5YWl44KK44Kz44Kz44G+44GnLS0+PCEtLeKYheWJiumZpOS4jeWPry0tPjwvc3Bhbj48L3RkPjwvdHI+PC90YWJsZT48YnI+PC90ZD48L3RyPjwvdGFibGU+PGJyPjx0YWJsZSBjZWxscGFkZGluZz0iMCIgYm9yZGVyPSIwIj48dHI+PHRkPjx0YWJsZSBjZWxscGFkZGluZz0iMCIgYm9yZGVyPSIwIj48dHI+PHRkPjxzcGFuPjwhLS3plqLpgKPmpJzntKLjgq3jg7zjg6/jg7zjg4ktLT48ZGl2IHN0eWxlPSJ3aWR0aDoxMDAlO3RleHQtYWxpZ246IGNlbnRlciI+PGgzIHN0eWxlPSJjb2xvcjojN2Y3ZjdmOyI+44GK5byB5b2T44KS5aeL44KB44CB44Kz44K544Oh44Gq44Gp44GE44KN44GE44KN5L2/44GI44KL5L6/5Yip44Gq44K144OW44OQ44OD44KwPGJyPjwhLS3imIVLLS0+5pig55S7L+W4huW4gy/jgYrjgZfjgoPjgowv44GL44KP44GE44GEL+OBiuW8geW9k+OCsOODg+OCujwvaDM+PGltZyBzdHlsZT0ibWFyZ2luOjE1cHggMCAxMHB4IDA7d2lkdGg6MTAwJSA7Ym9yZGVyOm5vbmU7IiBhbHQ9IuOCreODo+ODqeOCr+OCv+ODvOOCsOODg+OCuuWwgumWgOW6ly/jgrfjg43jg57jgrPjg6zjgq/jgrfjg6fjg7Mv5ZWG5ZOB6Kmz57SwIiBzcmM9Imh0dHA6Ly93d3cucmFrdXRlbi5uZS5qcC9nb2xkL2NpbmVtYWNvbGxlY3Rpb24vYm4vaXRlbS1ibjAxLmdpZiIgLz48ZGl2IHN0eWxlPSJjb2xvcjojN2Y3ZjdmO3dpZHRoOjkwJTttYXJnaW46MCBhdXRvOyNlZmVmZWYgc29saWQgMXB4O3BhZGRpbmc6MTBweDt0ZXh0LWFsaWduOiBsZWZ0OyI+5LiN5py944Gu5ZCN5L2c44COQmVhdXR5IGFuZCB0aGUgQmVhc3Qv576O5aWz44Go6YeO542j44CP44GM5a6f5YaZ5pig55S744GnNOaciDIx5pel5YWs6ZaLISE8YnI+44OH44Kj44K644OL44O85pig55S75Y+y5LiK5pyA6auY44Gu5oSb44Go6a2U5rOV44Gu54mp6Kqe44Go56ew44GV44KM44KL44CQ576O5aWz44Go6YeO542j44CRPGJyPuOBk+OBoeOCieOBr+OBk+OCjOOBi+OCieOBruWto+evgOOBq+OBqOOBo+OBpuOCgumHjeWuneOBmeOCi+ODnuODgeS7mOOBjeOCs+ODg+ODiOODs+ODkOODg+OCsCEhPGJyPuOBiuW8geW9k+OCkuWni+OCgeOAgeOCs+OCueODoeOBquOBqeOBhOOCjeOBhOOCjeS9v+OBiOOCi+S+v+WIqeOBquOCteOCpOOCuuOBruOCteODluODkOODg+OCsOKYhjxicj7lhoXlgbTjgavjga/jg53jgrHjg4Pjg4jjgoLku5jjgYTjgabjgajjgaPjgabjgoLkvr/liKnimao8YnI+5LuW44Gr44KC44GE44KN44GE44KN56iu6aGe44GC44KL44Gu44Gn44GK5rCX44Gr5YWl44KK44KS5o6i44GX44Gm44Gt4pmqPGJyPjxicj7ilqDjgrXjgqTjgrrvvJrntIQyOTXDlzIwMMOXOTBtbTxicj7ilqDntKDmnZDvvJrjgrPjg4Pjg4jjg7M8QlI+PEJSPuKWoOOCq+ODqeODvCDjgq/jg6rjg7zjg6Dns7vvvIjnmb3jg7voloTjgYTjgqTjgqjjg63jg7zvvIk8QlI+PEJSPjwvZGl2PjwvZGl2PjxkaXYgc3R5bGU9IndpZHRoOjEwMCU7dGV4dC1hbGlnbjogY2VudGVyOyI+PGltZyBzdHlsZT0ibWFyZ2luOjE1cHggMCAxMHB4IDA7d2lkdGg6MTAwJSA7Ym9yZGVyOm5vbmU7IiBhbHQ9IuOCreODo+ODqeOCr+OCv+ODvOOCsOODg+OCuuWwgumWgOW6ly/jgrfjg43jg57jgrPjg6zjgq/jgrfjg6fjg7Mv6Kmz57Sw55S75YOPIiBzcmM9Imh0dHA6Ly93d3cucmFrdXRlbi5uZS5qcC9nb2xkL2NpbmVtYWNvbGxlY3Rpb24vYm4vaXRlbS1ibjAyLmdpZiIgLz48ZGl2IHN0eWxlPSJ3aWR0aDoxMDAlO21hcmdpbjowIGF1dG87Ij48aW1nIHN0eWxlPSJ3aWR0aDoyNjBweDttYXJnaW46MnB4O2JvcmRlcjpub25lOyIgc3JjPSJodHRwOi8vaW1hZ2UucmFrdXRlbi5jby5qcC9jaW5lbWFjb2xsZWN0aW9uL2NhYmluZXQvcjIwMTcwNDIxL3NtLWFwZHMyODE2LmpwZyI+PGltZyBzdHlsZT0id2lkdGg6MjYwcHg7bWFyZ2luOjJweDtib3JkZXI6bm9uZTsiIHNyYz0iaHR0cDovL2ltYWdlLnJha3V0ZW4uY28uanAvY2luZW1hY29sbGVjdGlvbi9jYWJpbmV0L3IyMDE3MDQyMS9zbS1hcGRzMjgxNl8yLmpwZyI+PGltZyBzdHlsZT0id2lkdGg6MjYwcHg7bWFyZ2luOjJweDtib3JkZXI6bm9uZTsiIHNyYz0iaHR0cDovL2ltYWdlLnJha3V0ZW4uY28uanAvY2luZW1hY29sbGVjdGlvbi9jYWJpbmV0L3IyMDE3MDQyMS9zbS1hcGRzMjgxNl8zLmpwZyI+PC9kaXY+PC9kaXY+PGRpdiBzdHlsZT0id2lkdGg6MTAwJTt0ZXh0LWFsaWduOiBjZW50ZXI7Ij48aW1nIHN0eWxlPSJtYXJnaW46MTVweCAwIDEwcHggMDt3aWR0aDoxMDAlIDtib3JkZXI6bm9uZTsiIGFsdD0i44Kt44Oj44Op44Kv44K/44O844Kw44OD44K65bCC6ZaA5bqXL+OCt+ODjeODnuOCs+ODrOOCr+OCt+ODp+ODsy/oqbPntLDnlLvlg48iIHNyYz0iaHR0cDovL3d3dy5yYWt1dGVuLm5lLmpwL2dvbGQvY2luZW1hY29sbGVjdGlvbi9ibi9pdGVtLWJuMDMuZ2lmIiAvPjxkaXYgc3R5bGU9IndpZHRoOjUwJTt0b3A6NzVweDtmbG9hdDpsZWZ0O3RleHQtYWxpZ246IGxlZnQ7Ij7jgJDnvo7lpbPjgajph47njaPjgJHku5bjga7nqK7poZ7jga/jgZPjgaHjgonjgYvjgokgJmd0OyZndDs8L2Rpdj48ZGl2IHN0eWxlPSJ3aWR0aDo1MCU7ZmxvYXQ6bGVmdDt0ZXh0LWFsaWduOnJpZ2h0OyI+PGltZyBzdHlsZT0id2lkdGg6MjUwcHg7Ym9yZGVyOm5vbmU7IiBzcmM9Imh0dHA6Ly9pbWFnZS5yYWt1dGVuLmNvLmpwL2NpbmVtYWNvbGxlY3Rpb24vY2FiaW5ldC8wMDJsYm4vdG9wbGItZDAyNS5qcGciPjwvZGl2PjxkaXYgc3R5bGU9ImNsZWFyOmJvdGg7Ij48L2Rpdj48L2Rpdj48IS0t6Zai6YCj5qSc57Si44Kt44O844Ov44O844OJLS0+PGRpdiBjbGFzcz0ia2FucmVuLWxpbmsiPuOBk+OBruOCq+ODhuOCtOODquOBq+OBr+OBk+OCk+OBquWVhuWTgeOBjOWQq+OBvuOCjOOBpuOBhOOBvuOBmTxicj48YnI+PHNwYW4gY2xhc3M9ImthbnJlbi1saW5rIj7jg5Djg4PjgrDjg7vosqHluIPjgJDjg6njg7Pjg4Hjg4jjg7zjg4jjgJE8L3NwYW4+PC9kaXY+PCEtLeKYheOCs+OCs+OBvuOBpy0tPjwhLS3plqLpgKPmpJzntKLjgq3jg7zjg6/jg7zjg4ktLT48ZGl2IGNsYXNzPSJrYW5yZW4tbGluayI+44GT44KM44KS6KaL44Gf5Lq644Gv44GT44KT44Gq44Kt44O844Ov44O844OJ44Gn5qSc57Si44GX44Gm44GE44G+44GZPGJyPjxicj48c3BhbiBjbGFzcz0ia2FucmVuLWxpbmsiPuWwj+OBleOCgSDjg4jjg7zjg4jjg5Djg4PjgrA8L3NwYW4+PHNwYW4gY2xhc3M9ImthbnJlbi1saW5rIj7jg4jjg7zjg4jjg5Djg4PjgrAg44Kt44Oj44Oz44OQ44K5PC9zcGFuPjxzcGFuIGNsYXNzPSJrYW5yZW4tbGluayI+44Kt44Oj44Op44Kv44K/44O8IOODiOODvOODiOODkOODg+OCsDwvc3Bhbj48c3BhbiBjbGFzcz0ia2FucmVuLWxpbmsiPuODh+OCo+OCuuODi+ODvCDjg5Djg4PjgrA8L3NwYW4+PHNwYW4gY2xhc3M9ImthbnJlbi1saW5rIj7jgrXjg7Pjg6rjgqog44OQ44OD44KwPC9zcGFuPjxzcGFuIGNsYXNzPSJrYW5yZW4tbGluayI+44Kt44Oj44Op44Kv44K/44O8IOODneODvOODgTwvc3Bhbj48c3BhbiBjbGFzcz0ia2FucmVuLWxpbmsiPuOCreODo+ODqeOCr+OCv+ODvCDjg5XjgqHjg4Pjgrfjg6fjg7M8L3NwYW4+PHNwYW4gY2xhc3M9ImthbnJlbi1saW5rIj7jgq3jg6Pjg6njgq/jgr/jg7wg44Kw44OD44K6PC9zcGFuPjxzcGFuIGNsYXNzPSJrYW5yZW4tbGluayI+44Kt44Oj44Op44Kv44K/44O8IOODkOODg+OCsDwvc3Bhbj48c3BhbiBjbGFzcz0ia2FucmVuLWxpbmsiPuODleOCoeODg+OCt+ODp+ODs+Wwj+eJqTwvc3Bhbj48L2Rpdj48IS0t4piF44Kz44Kz44G+44GnLS0+PCEtLTU2MDAtLT4KCjwvVEQ+PC9UUj48L1RBQkxFPjxicj48YnI+CgoKPCEtLeaWsOedgCAtLT4KCjxpbWcgc3R5bGU9IndpZHRoOjgwMHB4O21hcmdpbjowIDAgMTBweCAwO2JvcmRlcjpub25lOyIgc3JjPSJodHRwOi8vaW1hZ2UucmFrdXRlbi5jby5qcC9jaW5lbWFjb2xsZWN0aW9uL2NhYmluZXQvc2luLmdpZiI+PGJyPgo8ZGl2IHN0eWxlPSJ3aWR0aDo3NTBweDttYXJnaW46IDAgYXV0bztwYWRkaW5nOjE1cHg7dGV4dC1hbGlnbjpyaWdodDtmb250LXdlaWdodDpib2xkO2ZvbnQtc2l6ZToxOHB4OyI+Pj7mlrDnnYDmg4XloLHjga7jgaTjgaXjgY3jga/jgZPjgaHjgok8L2Rpdj4KPGJyPgo8ZGl2IHN0eWxlPSJ3aWR0aDo3NTBweDttYXJnaW46IDAgYXV0bztwYWRkaW5nOjE1cHg7dGV4dC1hbGlnbjpyaWdodDtmb250LXdlaWdodDpib2xkO2ZvbnQtc2l6ZToxOHB4OyI+Pj7mlrDnnYDmg4XloLHjga7jgaTjgaXjgY3jga/jgZPjgaHjgok8L2Rpdj4KCgoKCgoKPGltZyBzdHlsZT0id2lkdGg6ODAwcHg7bWFyZ2luOjAgMCAxMHB4IDA7Ym9yZGVyOm5vbmU7IiBzcmM9Imh0dHA6Ly9pbWFnZS5yYWt1dGVuLmNvLmpwL2NpbmVtYWNvbGxlY3Rpb24vY2FiaW5ldC9jYXIuZ2lmIj48YnI+Cjx0YWJsZSB3aWR0aD0iODAwIj48dHI+PHRkIHdpZHRoPSI4MDAiIGFsaWduPSJyaWdodCI+4oeS44GZ44G544Gm44Gu44Kt44Oj44Op44Kv44K/44O844Gv44GT44Gh44KJPC90ZD48L3RyPjx0cj48dGQ+PGJyPjxicj4KCjxicj48YnI+CjwvdGQ+PC90cj48L3RhYmxlPjxicj48YnI+CgoKPGltZyBzdHlsZT0id2lkdGg6ODAwcHg7bWFyZ2luOjAgMCAxMHB4IDA7Ym9yZGVyOm5vbmU7IiBzcmM9Imh0dHA6Ly9pbWFnZS5yYWt1dGVuLmNvLmpwL2NpbmVtYWNvbGxlY3Rpb24vY2FiaW5ldC9jYXQuZ2lmIj48YnI+CjwvY2VudGVyPgoKCjwhLS0gLS0+Cgo8c3R5bGU+Ci8q6LK344GE54mp44Kr44K044Oc44K/44OzKi8KI3Jha3V0ZW5MaW1pdGVkSWRfYXJvdW5kQ2FydCBpbnB1dCB7Cgl3aWR0aDogMjgwcHg7CgloZWlnaHQ6IDE1MHB4OwoJYmFja2dyb3VuZDp1cmwoaHR0cDovL2ltYWdlLnJha3V0ZW4uY28uanAvY2luZW1hY29sbGVjdGlvbi9jYWJpbmV0L2NhcnQuZ2lmKSAjZmZmZmZmIG5vLXJlcGVhdDsKCW92ZXJmbG93OiBoaWRkZW47Cglib3JkZXItd2lkdGg6IDBweDsKCWN1cnNvcjogcG9pbnRlciAhaW1wb3J0YW50OwoJdGV4dC1pbmRlbnQ6IDE1MCU7Cgl3aGl0ZS1zcGFjZTogbm93cmFwOwoJbWFyZ2luOiA1cHggMCAwIDA7CglkaXNwbGF5OmJsb2NrOwp9CgojcmFrdXRlbkxpbWl0ZWRJZF9hcm91bmRDYXJ0IC5pbnZlbnRvcnkgaW5wdXQgewoJYmFja2dyb3VuZDpub25lICFpbXBvcnRhbnQ7Cgl3aWR0aDogMmVtIWltcG9ydGFudDsKCWhlaWdodDogMS4yZW0haW1wb3J0YW50OwoJZGlzcGxheTppbmxpbmU7Cn0KCgovKuWAi+aVsOODhuOCreOCueODiCovCiNyYWt1dGVuTGltaXRlZElkX2Fyb3VuZENhcnQgLnVuaXQgewoJZm9udC1zaXplOjE2cHg7Cn0KCi8q5YCL5pWw5YWl5YqbKi8KI3Jha3V0ZW5MaW1pdGVkSWRfYXJvdW5kQ2FydCBpbnB1dCN1bml0cyB7Cglib3JkZXI6c29saWQgI2NjYyAxcHg7CgliYWNrZ3JvdW5kOiNmZmYhaW1wb3J0YW50OwoJd2lkdGg6MzBweDsKCWhlaWdodDozMHB4OwoJY3Vyc29yOmF1dG87CglwYWRkaW5nOjdweCA3cHggN3B4IDNweDsKCXRleHQtaW5kZW50OiAwcHg7CglvdmVyZmxvdzogaGlkZGVuOwoJZGlzcGxheTppbmxpbmU7Cglmb250LXNpemU6MTZweDsKfQoKLyrjgYrllY/jgYTlkIjjgo/jgZvjg5zjgr/jg7MqLwojcmFrdXRlbkxpbWl0ZWRJZF9hcm91bmRDYXJ0IGZvbnQgaW5wdXQgewoJd2lkdGg6IDI4MHB4OwoJaGVpZ2h0OiA4MHB4OwoJYmFja2dyb3VuZDp1cmwoaHR0cDovL2ltYWdlLnJha3V0ZW4uY28uanAvY2luZW1hY29sbGVjdGlvbi9jYWJpbmV0L3RvaS5naWYpICNmZmZmZmYgbm8tcmVwZWF0OwoJb3ZlcmZsb3c6IGhpZGRlbjsKCWJvcmRlci13aWR0aDogMHB4OwoJY3Vyc29yOiBwb2ludGVyICFpbXBvcnRhbnQ7Cgl0ZXh0LWluZGVudDogMTUwJTsKCXdoaXRlLXNwYWNlOiBub3dyYXA7CgltYXJnaW46IDVweCAwIDAgMDsKCWRpc3BsYXk6YmxvY2s7Cn0KCiNzZXJ2aWNlVGFibGVTbWwgLmZhdm9yaXRlIHsKCWRpc3BsYXk6YmxvY2s7Cgl3aWR0aDogMjgwcHg7Cn0KCiNzZXJ2aWNlVGFibGVTbWwgLmZhdm9yaXRlIC5ib29rbWFya0FyZWEgZGl2ewoJd2lkdGg6IDI4MHB4IWltcG9ydGFudDsKfQoKI3NlcnZpY2VUYWJsZVNtbCAuZmF2b3JpdGUgLmJrbSBhIHsKCXdpZHRoOiAyODBweCFpbXBvcnRhbnQ7CgloZWlnaHQ6IDMwMHB4IWltcG9ydGFudDsKCWJhY2tncm91bmQ6dXJsKGh0dHA6Ly9pbWFnZS5yYWt1dGVuLmNvLmpwL2NpbmVtYWNvbGxlY3Rpb24vY2FiaW5ldC9va2kuZ2lmKSAjZmZmZmZmIG5vLXJlcGVhdDsKCW92ZXJmbG93OiBoaWRkZW47Cglib3JkZXItd2lkdGg6IDBweDsKCWN1cnNvcjogcG9pbnRlciAhaW1wb3J0YW50OwoJdGV4dC1pbmRlbnQ6LTE1MCU7CgltYXJnaW46IDVweCAwIDAgMDsKCWRpc3BsYXk6YmxvY2s7Cn0KCgovKuOBiuawl+OBq+WFpeOCiiovCgpkaXYudzI4MC1jICB7d2lkdGg6MjgwcHg7dGV4dC1hbGlnbjogY2VudGVyO30KZGl2LmNlbnRlci1tLTBhICB7bWFyZ2luOjAgYXV0bzt9Ci5pdGVtLW9raS1ibiAge3dpZHRoOjI4MHB4O21hcmdpbjoycHggMDtib3JkZXI6bm9uZTt9Ci5pdGVtLWlmcmFtZSAge21hcmdpbjowcHg7Ym9yZGVyOjBweDt9CgpkaXYua2FucmVuLWxpbmsge2NvbG9yOiM3ZjdmN2Y7d2lkdGg6OTAlO21hcmdpbjoyMHB4IGF1dG87cGFkZGluZzoyMHB4O3RleHQtYWxpZ246IGxlZnQ7Zm9udC1zaXplOjEuMmVtO2JhY2tncm91bmQtY29sb3I6I2ZmZmZmZjtib3JkZXI6ZG90dGVkIDJweCAjZmY4MDMzO30Kc3Bhbi5rYW5yZW4tbGluayB7bWFyZ2luOjEwcHggO3BhZGRpbmc6IDAgMCAwIDAuNWVtO2ZvbnQtc2l6ZToxLjJlbTsKYmFja2dyb3VuZDp1cmwoaHR0cDovL2ltYWdlLnJha3V0ZW4uY28uanAvbW0tcG9wL2NhYmluZXQvbGluay1oZWFkLXBrLmdpZikgbm8tcmVwZWF0IDAgMC40NWVtOwp9CmE6bGluayBrYW5yZW4tbGlua3tmb250LXNpemU6MS4yZW07IGNvbG9yOiMzMzgwZmY7dGV4dC1kZWNvcmF0aW9uOm5vbmU7fQoKPC9zdHlsZT4KCgoKCjwhLS0gCjxzeWxlIHR5cGU9InRleHQvY3NzIj4KIGh0bWwsYm9keXsgb3ZlcmZsb3cteDpoaWRkZW47IH0KCmE6bGluayB7Y29sb3I6IzMzODBmZjt9CmE6dmlzaXRlZCB7Y29sb3I6IzY2Njt9CmE6aG92ZXIge2NvbG9yOiMzMzM7fQphOmFjdGl2ZSB7Y29sb3I6IzMzMzt9CmF7dGV4dC1kZWNvcmF0aW9uOm5vbmU7fQppbWcge2JvcmRlcjpub25lOyB2ZXJ0aWNhbC1hbGlnbjpib3R0b207fQpwIHttYXJnaW46MDsgcGFkZGluZzowOyBmb250LXNpemU6ODAlO30KcC5yZXNpemVpbWFnZSBpbWcgeyB3aWR0aDogOTglOyB9CnAucmVzaXplaW1hZ2UyIGltZyB7IHdpZHRoOiA5MCU7IH0KYTpob3ZlciBpbWcge29wYWNpdHk6IDAuNjsgZmlsdGVyOiBhbHBoYShvcGFjaXR5PTYwKTsgLW1vei1vcGFjaXR5OiAwLjY7fQoKCmltZy50b3BibnttYXJnaW46MTBweCAwO2JvcmRlcjpub25lO30KZGl2LmRpc2MzIHt3aWR0aDoxMDAlO21hcmdpbjogMCBhdXRvO3BhZGRpbmc6MTVweDtiYWNrZ3JvdW5kOiNlZmVmZWY7dGV4dC1hbGlnbjpsZWZ0O2ZvbnQtd2VpZ2h0OmJvbGQ7Zm9udC1zaXplOjE4cHg7fQoKIDwvc3R5bGU+Ci0tPgoKCjxzdHlsZSB0eXBlPSJ0ZXh0L2NzcyI+CjwhLS0KCmRpdiNIZWFkZXJLZXl3b3JkIHsKCXBvc2l0aW9uOmFic29sdXRlOwoJdG9wOjYwcHg7LyrkuIDnlarkuIrjgYvjgonjga7kvY3nva4qLwoJbGVmdDo2MHB4Oy8q5bem56uv44GL44KJ44Gu5L2N572uKi8KfQoKZGl2I0hlYWRlcktleXdvcmQgc3BhbiB7CgliYWNrZ3JvdW5kOiAjYmYwMDAwOwoJY29sb3I6I2ZmZjsKCWZvbnQtd2VpZ2h0OmJvbGQ7CglwYWRkaW5nOjJweCA1cHg7Cn0KCmRpdiNIZWFkZXJLZXl3b3JkIGEgewoJY29sb3I6IzAwNDRDQzsKfQoKLS0+Cjwvc3R5bGU+CjxkaXYgaWQ9IkhlYWRlcktleXdvcmQiPgo8c3Bhbj7ms6jnm67jga7jgq3jg7zjg6/jg7zjg4k8L3NwYW4+Cj4+5paH5oi/5YW3Cj4+44OQ44OD44KwCj4+44GK6LKh5biDCj4+44K544OM44O844OU44O8Cgo8L2Rpdj4=,576O5aWz44Go6YeO542jIOODqeODs+ODgeODkOODg+OCsCDjg57jg4Hku5jjgY3jgrPjg4Pjg4jjg7Pjg5Djg4PjgrAg44OZ44Or77yG44OB44OD44OXICDjg4fjgqPjgrrjg4vjg7zjg5fjg6rjg7Pjgrvjgrkg44K544Oi44O844Or44OX44Op44ON44OD44OIIDI5LjUmdGltZXM7MjAmdGltZXM7OWNtIOOBiuW8geW9k+OBi+OBsOOCkyDjgq3jg6Pjg6njgq/jgr/jg7zjgrDjg4PjgrrpgJrosqkg44CQ44Oh44O844Or5L6/5Y+v44CR44CQ44GC44GZ5qW944CR44K344ON44Oe44Kz44Os44Kv44K344On44Oz77ya44Kt44Oj44Op44Kv44K/44O844Gu44K344ON44Oe44Kz44Os44Kv44K344On44Oz,44Kt44Oj44Op44Kv44K/44O844Kt44Oj44Op44Kv44K/44O844Kw44OD44K644Kt44Oj44Op44Kv44K/44O86ZuR6LKo6ZuR6LKo44K144Oz44Oq44Kq44OH44Kj44K644OL44O844KG44KL44Kt44Oj44Op44Of44OD44Kt44O844Kt44OG44Kj44GP44G+44Oi44Oz44Ov44Oz44OU44O844K544Ki44OL44Oh44Ki44OL44Oh44Kw44OD44K644K/44Kq44Or5paH5YW35paH5oi/5YW344Kk44Oz44OG44Oq44Ki55Sf5rS76ZuR6LKo44Kt44OD44K65a2Q44Gp44KC576O5aWz44Go6YeO542jIOODqeODs+ODgeODkOODg+OCsCDjg57jg4Hku5jjgY3jgrPjg4Pjg4jjg7Pjg5Djg4PjgrAg44OZ44Or77yG44OB44OD44OXICDjg4fjgqPjgrrjg4vjg7zjg5fjg6rjg7Pjgrvjgrkg44K544Oi44O844Or44OX44Op44ON44OD44OIIDI5LjUmdGltZXM7MjAmdGltZXM7OWNtIOOBiuW8geW9k+OBi+OBsOOCkyDjgq3jg6Pjg6njgq/jgr/jg7zjgrDjg4PjgrrpgJrosqkg44CQ44Oh44O844Or5L6/5Y+v44CR44CQ44GC44GZ5qW944CR44K344ON44Oe44Kz44Os44Kv44K344On44Oz,576O5aWz44Go6YeO542jIOODqeODs+ODgeODkOODg+OCsCDjg57jg4Hku5jjgY3jgrPjg4Pjg4jjg7Pjg5Djg4PjgrAg44OZ44Or77yG44OB44OD44OXICDjg4fjgqPjgrrjg4vjg7zjg5fjg6rjg7Pjgrvjgrkg44K544Oi44O844Or44OX44Op44ON44OD44OIIDI5LjUmdGltZXM7MjAmdGltZXM7OWNtIOOBiuW8geW9k+OBi+OBsOOCkyDjgq3jg6Pjg6njgq/jgr/jg7zjgrDjg4PjgrrpgJrosqkg44CQ44Oh44O844Or5L6/5Y+v44CR44CQ44GC44GZ5qW944CR44K344ON44Oe44Kz44Os44Kv44K344On44Oz[rn]
30-32958,aHR0cDovL3RzaG9wLnIxMHMuanAvY2luZW1hY29sbGVjdGlvbi9jYWJpbmV0L3IyMDE3MDQyMS9zbS1hcGRzMjgxNS5qcGc/Zml0aW49NzAwOjcwMA==,Nzk5LjIwMDA=,,44Kt44OD44K644O744OZ44OT44O844O744Oe44K/44OL44OG44KjID4g44Kt44OD44K6ID4g6ZuR6LKo44O75bCP54mp77yI44GK5byB5b2T44Kw44OD44K644O744K/44Kq44Or44O75paH5YW36aGe77yJID4g5a2Q5L6b55So44GK5byB5b2T6KKL,576O5aWz44Go6YeO542jIOODqeODs+ODgeODkOODg+OCsCDjg57jg4Hku5jjgY3jgrPjg4Pjg4jjg7Pjg5Djg4PjgrAg44Kq44O844Or44K544K/44O8ICDjg4fjgqPjgrrjg4vjg7zjg5fjg6rjg7Pjgrvjgrkg44K544Oi44O844Or44OX44Op44ON44OD44OIIDI5LjXDlzIww5c5Y20g44GK5byB5b2T44GL44Gw44KTIOOCreODo+ODqeOCr+OCv+ODvOOCsOODg+OCuumAmuiyqSDjgJDjg6Hjg7zjg6vkvr/lj6/jgJHjgJDjgYLjgZnmpb3jgJHjgrfjg43jg57jgrPjg6zjgq/jgrfjg6fjg7M=,,PGNlbnRlcj48YSBocmVmPSJodHRwOi8vaXRlbS5yYWt1dGVuLmNvLmpwL2NpbmVtYWNvbGxlY3Rpb24vYy8wMDAwMDAwNTQxLyNjb250ZW50cyIgdGFyZ2V0PSJfcGFyZW50Ij48aW1nIHdpZHRoPSI3NTAiIGJvcmRlcj0iMCIgc3JjPSJodHRwOi8vaW1hZ2UucmFrdXRlbi5jby5qcC9jaW5lbWFjb2xsZWN0aW9uL2NhYmluZXQvZGlzbmV5NTgwLTAxLmpwZyI+PC9hPjwvY2VudGVyPjxicj48YnI+PGNlbnRlcj48YSBocmVmPSJodHRwOi8vd3d3LnJha3V0ZW4ubmUuanAvZ29sZC9jaW5lbWFjb2xsZWN0aW9uL2Fuc3dlci5odG1sI2MxcTMiIHRhcmdldD0iX25ldyI+PGltZyB3aWR0aD0iNzUwIiBib3JkZXI9IjAiIHNyYz0iaHR0cDovL2ltYWdlLnJha3V0ZW4uY28uanAvY2luZW1hY29sbGVjdGlvbi9jYWJpbmV0L3ItbWFpbDU4MC5qcGciIGhlaWdodD0iNTAiIHZzcGFjZT0iNSI+PC9hPjwvY2VudGVyPjxicj48YnI+576O5aWz44Go6YeO542jIOODqeODs+ODgeODkOODg+OCsCDjg57jg4Hku5jjgY3jgrPjg4Pjg4jjg7Pjg5Djg4PjgrAg44Kq44O844Or44K544K/44O8ICDjg4fjgqPjgrrjg4vjg7zjg5fjg6rjg7Pjgrvjgrkg44K544Oi44O844Or44OX44Op44ON44OD44OIIDI5LjXDlzIww5c5Y20g44GK5byB5b2T44GL44Gw44KTIOOCreODo+ODqeOCr+OCv+ODvOOCsOODg+OCuumAmuiyqSDjgJDjg6Hjg7zjg6vkvr/lj6/jgJHjgJDjgYLjgZnmpb3jgJHjgrfjg43jg57jgrPjg6zjgq/jgrfjg6fjg7M8QlI+PEJSPjwhLS0g4piF44GK5rCX44Gr5YWl44KKLS0+PGRpdiBjbGFzcz0idzI4MC1jIj48ZGl2IGNsYXNzPSJjZW50ZXItbS0wYSI+PGltZyBjbGFzcz0iaXRlbS1va2ktYm4iIGFsdD0i44Kt44Oj44Op44Kv44K/44O844Kw44OD44K66YCa6LKp44K344ON44Oe44Kz44Os44Kv44K344On44Oz44Gu44GK5rCX44Gr5YWl44KK44Oq44K544OI44KS56K66KqN44GZ44KLIiBzcmM9Imh0dHA6Ly9pbWFnZS5yYWt1dGVuLmNvLmpwL2NpbmVtYWNvbGxlY3Rpb24vY2FiaW5ldC9va2ktMi5naWYiPjwvZGl2PjwvZGl2PjwhLS0g4piF44GK5rCX44Gr5YWl44KK44Kz44Kz44G+44GnLS0+PCEtLeKYheWJiumZpOS4jeWPry0tPjwvc3Bhbj48L3RkPjwvdHI+PC90YWJsZT48YnI+PC90ZD48L3RyPjwvdGFibGU+PGJyPjx0YWJsZSBjZWxscGFkZGluZz0iMCIgYm9yZGVyPSIwIj48dHI+PHRkPjx0YWJsZSBjZWxscGFkZGluZz0iMCIgYm9yZGVyPSIwIj48dHI+PHRkPjxzcGFuPjwhLS3plqLpgKPmpJzntKLjgq3jg7zjg6/jg7zjg4ktLT48ZGl2IHN0eWxlPSJ3aWR0aDoxMDAlO3RleHQtYWxpZ246IGNlbnRlciI+PGgzIHN0eWxlPSJjb2xvcjojN2Y3ZjdmOyI+44GK5byB5b2T44KS5aeL44KB44CB44Kz44K544Oh44Gq44Gp44GE44KN44GE44KN5L2/44GI44KL5L6/5Yip44Gq44K144OW44OQ44OD44KwPGJyPjwhLS3imIVLLS0+5biG5biDL+OBiuOBl+OCg+OCjC/jgYvjgo/jgYTjgYQv44GK5byB5b2T44Kw44OD44K6L+ODmeODqzwvaDM+PGltZyBzdHlsZT0ibWFyZ2luOjE1cHggMCAxMHB4IDA7d2lkdGg6MTAwJSA7Ym9yZGVyOm5vbmU7IiBhbHQ9IuOCreODo+ODqeOCr+OCv+ODvOOCsOODg+OCuuWwgumWgOW6ly/jgrfjg43jg57jgrPjg6zjgq/jgrfjg6fjg7Mv5ZWG5ZOB6Kmz57SwIiBzcmM9Imh0dHA6Ly93d3cucmFrdXRlbi5uZS5qcC9nb2xkL2NpbmVtYWNvbGxlY3Rpb24vYm4vaXRlbS1ibjAxLmdpZiIgLz48ZGl2IHN0eWxlPSJjb2xvcjojN2Y3ZjdmO3dpZHRoOjkwJTttYXJnaW46MCBhdXRvOyNlZmVmZWYgc29saWQgMXB4O3BhZGRpbmc6MTBweDt0ZXh0LWFsaWduOiBsZWZ0OyI+5LiN5py944Gu5ZCN5L2c44COQmVhdXR5IGFuZCB0aGUgQmVhc3Qv576O5aWz44Go6YeO542j44CP44GM5a6f5YaZ5pig55S744GnNOaciDIx5pel5YWs6ZaLISE8YnI+44OH44Kj44K644OL44O85pig55S75Y+y5LiK5pyA6auY44Gu5oSb44Go6a2U5rOV44Gu54mp6Kqe44Go56ew44GV44KM44KL44CQ576O5aWz44Go6YeO542j44CRPGJyPuOBk+OBoeOCieOBr+OBk+OCjOOBi+OCieOBruWto+evgOOBq+OBqOOBo+OBpuOCgumHjeWuneOBmeOCi+ODnuODgeS7mOOBjeOCs+ODg+ODiOODs+ODkOODg+OCsCEhPGJyPuOBiuW8geW9k+OCkuWni+OCgeOAgeOCs+OCueODoeOBquOBqeOBhOOCjeOBhOOCjeS9v+OBiOOCi+S+v+WIqeOBquOCteOCpOOCuuOBruOCteODluODkOODg+OCsOKYhjxicj7lhoXlgbTjgavjga/jg53jgrHjg4Pjg4jjgoLku5jjgYTjgabjgajjgaPjgabjgoLkvr/liKnimao8YnI+5LuW44Gr44KC44GE44KN44GE44KN56iu6aGe44GC44KL44Gu44Gn44GK5rCX44Gr5YWl44KK44KS5o6i44GX44Gm44Gt4pmqPGJyPjxicj7ilqDjgrXjgqTjgrrvvJrntIQyOTXDlzIwMMOXOTBtbTxicj7ilqDntKDmnZDvvJrjgrPjg4Pjg4jjg7M8QlI+PEJSPuKWoOOCq+ODqeODvCDjgq/jg6rjg7zjg6Dns7vvvIjnmb3jg7voloTjgYTjgqTjgqjjg63jg7zvvIk8QlI+PEJSPjwvZGl2PjwvZGl2PjxkaXYgc3R5bGU9IndpZHRoOjEwMCU7dGV4dC1hbGlnbjogY2VudGVyOyI+PGltZyBzdHlsZT0ibWFyZ2luOjE1cHggMCAxMHB4IDA7d2lkdGg6MTAwJSA7Ym9yZGVyOm5vbmU7IiBhbHQ9IuOCreODo+ODqeOCr+OCv+ODvOOCsOODg+OCuuWwgumWgOW6ly/jgrfjg43jg57jgrPjg6zjgq/jgrfjg6fjg7Mv6Kmz57Sw55S75YOPIiBzcmM9Imh0dHA6Ly93d3cucmFrdXRlbi5uZS5qcC9nb2xkL2NpbmVtYWNvbGxlY3Rpb24vYm4vaXRlbS1ibjAyLmdpZiIgLz48ZGl2IHN0eWxlPSJ3aWR0aDoxMDAlO21hcmdpbjowIGF1dG87Ij48aW1nIHN0eWxlPSJ3aWR0aDoyNjBweDttYXJnaW46MnB4O2JvcmRlcjpub25lOyIgc3JjPSJodHRwOi8vaW1hZ2UucmFrdXRlbi5jby5qcC9jaW5lbWFjb2xsZWN0aW9uL2NhYmluZXQvcjIwMTcwNDIxL3NtLWFwZHMyODE1LmpwZyI+PGltZyBzdHlsZT0id2lkdGg6MjYwcHg7bWFyZ2luOjJweDtib3JkZXI6bm9uZTsiIHNyYz0iaHR0cDovL2ltYWdlLnJha3V0ZW4uY28uanAvY2luZW1hY29sbGVjdGlvbi9jYWJpbmV0L3IyMDE3MDQyMS9zbS1hcGRzMjgxNV8yLmpwZyI+PGltZyBzdHlsZT0id2lkdGg6MjYwcHg7bWFyZ2luOjJweDtib3JkZXI6bm9uZTsiIHNyYz0iaHR0cDovL2ltYWdlLnJha3V0ZW4uY28uanAvY2luZW1hY29sbGVjdGlvbi9jYWJpbmV0L3IyMDE3MDQyMS9zbS1hcGRzMjgxNV8zLmpwZyI+PC9kaXY+PC9kaXY+PGRpdiBzdHlsZT0id2lkdGg6MTAwJTt0ZXh0LWFsaWduOiBjZW50ZXI7Ij48aW1nIHN0eWxlPSJtYXJnaW46MTVweCAwIDEwcHggMDt3aWR0aDoxMDAlIDtib3JkZXI6bm9uZTsiIGFsdD0i44Kt44Oj44Op44Kv44K/44O844Kw44OD44K65bCC6ZaA5bqXL+OCt+ODjeODnuOCs+ODrOOCr+OCt+ODp+ODsy/oqbPntLDnlLvlg48iIHNyYz0iaHR0cDovL3d3dy5yYWt1dGVuLm5lLmpwL2dvbGQvY2luZW1hY29sbGVjdGlvbi9ibi9pdGVtLWJuMDMuZ2lmIiAvPjxkaXYgc3R5bGU9IndpZHRoOjUwJTt0b3A6NzVweDtmbG9hdDpsZWZ0O3RleHQtYWxpZ246IGxlZnQ7Ij7jgJDnvo7lpbPjgajph47njaPjgJHku5bjga7nqK7poZ7jga/jgZPjgaHjgonjgYvjgokgJmd0OyZndDs8L2Rpdj48ZGl2IHN0eWxlPSJ3aWR0aDo1MCU7ZmxvYXQ6bGVmdDt0ZXh0LWFsaWduOnJpZ2h0OyI+PGltZyBzdHlsZT0id2lkdGg6MjUwcHg7Ym9yZGVyOm5vbmU7IiBzcmM9Imh0dHA6Ly9pbWFnZS5yYWt1dGVuLmNvLmpwL2NpbmVtYWNvbGxlY3Rpb24vY2FiaW5ldC8wMDJsYm4vdG9wbGItZDAyNS5qcGciPjwvZGl2PjxkaXYgc3R5bGU9ImNsZWFyOmJvdGg7Ij48L2Rpdj48L2Rpdj48IS0t6Zai6YCj5qSc57Si44Kt44O844Ov44O844OJLS0+PGRpdiBjbGFzcz0ia2FucmVuLWxpbmsiPuOBk+OBruOCq+ODhuOCtOODquOBq+OBr+OBk+OCk+OBquWVhuWTgeOBjOWQq+OBvuOCjOOBpuOBhOOBvuOBmTxicj48YnI+PHNwYW4gY2xhc3M9ImthbnJlbi1saW5rIj7jg5Djg4PjgrDjg7vosqHluIPjgJDjg6njg7Pjg4Hjg4jjg7zjg4jjgJE8L3NwYW4+PC9kaXY+PCEtLeKYheOCs+OCs+OBvuOBpy0tPjwhLS3plqLpgKPmpJzntKLjgq3jg7zjg6/jg7zjg4ktLT48ZGl2IGNsYXNzPSJrYW5yZW4tbGluayI+44GT44KM44KS6KaL44Gf5Lq644Gv44GT44KT44Gq44Kt44O844Ov44O844OJ44Gn5qSc57Si44GX44Gm44GE44G+44GZPGJyPjxicj48c3BhbiBjbGFzcz0ia2FucmVuLWxpbmsiPuWwj+OBleOCgSDjg4jjg7zjg4jjg5Djg4PjgrA8L3NwYW4+PHNwYW4gY2xhc3M9ImthbnJlbi1saW5rIj7jg4jjg7zjg4jjg5Djg4PjgrAg44Kt44Oj44Oz44OQ44K5PC9zcGFuPjxzcGFuIGNsYXNzPSJrYW5yZW4tbGluayI+44Kt44Oj44Op44Kv44K/44O8IOODiOODvOODiOODkOODg+OCsDwvc3Bhbj48c3BhbiBjbGFzcz0ia2FucmVuLWxpbmsiPuODh+OCo+OCuuODi+ODvCDjg5Djg4PjgrA8L3NwYW4+PHNwYW4gY2xhc3M9ImthbnJlbi1saW5rIj7jgrXjg7Pjg6rjgqog44OQ44OD44KwPC9zcGFuPjxzcGFuIGNsYXNzPSJrYW5yZW4tbGluayI+44Kt44Oj44Op44Kv44K/44O8IOODneODvOODgTwvc3Bhbj48c3BhbiBjbGFzcz0ia2FucmVuLWxpbmsiPuOCreODo+ODqeOCr+OCv+ODvCDjg5XjgqHjg4Pjgrfjg6fjg7M8L3NwYW4+PHNwYW4gY2xhc3M9ImthbnJlbi1saW5rIj7jgq3jg6Pjg6njgq/jgr/jg7wg44Kw44OD44K6PC9zcGFuPjxzcGFuIGNsYXNzPSJrYW5yZW4tbGluayI+44Kt44Oj44Op44Kv44K/44O8IOODkOODg+OCsDwvc3Bhbj48c3BhbiBjbGFzcz0ia2FucmVuLWxpbmsiPuODleOCoeODg+OCt+ODp+ODs+Wwj+eJqTwvc3Bhbj48L2Rpdj48IS0t4piF44Kz44Kz44G+44GnLS0+PCEtLTU2MDAtLT4KCjwvVEQ+PC9UUj48L1RBQkxFPjxicj48YnI+CgoKPCEtLeaWsOedgCAtLT4KCjxpbWcgc3R5bGU9IndpZHRoOjgwMHB4O21hcmdpbjowIDAgMTBweCAwO2JvcmRlcjpub25lOyIgc3JjPSJodHRwOi8vaW1hZ2UucmFrdXRlbi5jby5qcC9jaW5lbWFjb2xsZWN0aW9uL2NhYmluZXQvc2luLmdpZiI+PGJyPgo8ZGl2IHN0eWxlPSJ3aWR0aDo3NTBweDttYXJnaW46IDAgYXV0bztwYWRkaW5nOjE1cHg7dGV4dC1hbGlnbjpyaWdodDtmb250LXdlaWdodDpib2xkO2ZvbnQtc2l6ZToxOHB4OyI+Pj7mlrDnnYDmg4XloLHjga7jgaTjgaXjgY3jga/jgZPjgaHjgok8L2Rpdj4KPGJyPgo8ZGl2IHN0eWxlPSJ3aWR0aDo3NTBweDttYXJnaW46IDAgYXV0bztwYWRkaW5nOjE1cHg7dGV4dC1hbGlnbjpyaWdodDtmb250LXdlaWdodDpib2xkO2ZvbnQtc2l6ZToxOHB4OyI+Pj7mlrDnnYDmg4XloLHjga7jgaTjgaXjgY3jga/jgZPjgaHjgok8L2Rpdj4KCgoKCgoKPGltZyBzdHlsZT0id2lkdGg6ODAwcHg7bWFyZ2luOjAgMCAxMHB4IDA7Ym9yZGVyOm5vbmU7IiBzcmM9Imh0dHA6Ly9pbWFnZS5yYWt1dGVuLmNvLmpwL2NpbmVtYWNvbGxlY3Rpb24vY2FiaW5ldC9jYXIuZ2lmIj48YnI+Cjx0YWJsZSB3aWR0aD0iODAwIj48dHI+PHRkIHdpZHRoPSI4MDAiIGFsaWduPSJyaWdodCI+4oeS44GZ44G544Gm44Gu44Kt44Oj44Op44Kv44K/44O844Gv44GT44Gh44KJPC90ZD48L3RyPjx0cj48dGQ+PGJyPjxicj4KCjxicj48YnI+CjwvdGQ+PC90cj48L3RhYmxlPjxicj48YnI+CgoKPGltZyBzdHlsZT0id2lkdGg6ODAwcHg7bWFyZ2luOjAgMCAxMHB4IDA7Ym9yZGVyOm5vbmU7IiBzcmM9Imh0dHA6Ly9pbWFnZS5yYWt1dGVuLmNvLmpwL2NpbmVtYWNvbGxlY3Rpb24vY2FiaW5ldC9jYXQuZ2lmIj48YnI+CjwvY2VudGVyPgoKCjwhLS0gLS0+Cgo8c3R5bGU+Ci8q6LK344GE54mp44Kr44K044Oc44K/44OzKi8KI3Jha3V0ZW5MaW1pdGVkSWRfYXJvdW5kQ2FydCBpbnB1dCB7Cgl3aWR0aDogMjgwcHg7CgloZWlnaHQ6IDE1MHB4OwoJYmFja2dyb3VuZDp1cmwoaHR0cDovL2ltYWdlLnJha3V0ZW4uY28uanAvY2luZW1hY29sbGVjdGlvbi9jYWJpbmV0L2NhcnQuZ2lmKSAjZmZmZmZmIG5vLXJlcGVhdDsKCW92ZXJmbG93OiBoaWRkZW47Cglib3JkZXItd2lkdGg6IDBweDsKCWN1cnNvcjogcG9pbnRlciAhaW1wb3J0YW50OwoJdGV4dC1pbmRlbnQ6IDE1MCU7Cgl3aGl0ZS1zcGFjZTogbm93cmFwOwoJbWFyZ2luOiA1cHggMCAwIDA7CglkaXNwbGF5OmJsb2NrOwp9CgojcmFrdXRlbkxpbWl0ZWRJZF9hcm91bmRDYXJ0IC5pbnZlbnRvcnkgaW5wdXQgewoJYmFja2dyb3VuZDpub25lICFpbXBvcnRhbnQ7Cgl3aWR0aDogMmVtIWltcG9ydGFudDsKCWhlaWdodDogMS4yZW0haW1wb3J0YW50OwoJZGlzcGxheTppbmxpbmU7Cn0KCgovKuWAi+aVsOODhuOCreOCueODiCovCiNyYWt1dGVuTGltaXRlZElkX2Fyb3VuZENhcnQgLnVuaXQgewoJZm9udC1zaXplOjE2cHg7Cn0KCi8q5YCL5pWw5YWl5YqbKi8KI3Jha3V0ZW5MaW1pdGVkSWRfYXJvdW5kQ2FydCBpbnB1dCN1bml0cyB7Cglib3JkZXI6c29saWQgI2NjYyAxcHg7CgliYWNrZ3JvdW5kOiNmZmYhaW1wb3J0YW50OwoJd2lkdGg6MzBweDsKCWhlaWdodDozMHB4OwoJY3Vyc29yOmF1dG87CglwYWRkaW5nOjdweCA3cHggN3B4IDNweDsKCXRleHQtaW5kZW50OiAwcHg7CglvdmVyZmxvdzogaGlkZGVuOwoJZGlzcGxheTppbmxpbmU7Cglmb250LXNpemU6MTZweDsKfQoKLyrjgYrllY/jgYTlkIjjgo/jgZvjg5zjgr/jg7MqLwojcmFrdXRlbkxpbWl0ZWRJZF9hcm91bmRDYXJ0IGZvbnQgaW5wdXQgewoJd2lkdGg6IDI4MHB4OwoJaGVpZ2h0OiA4MHB4OwoJYmFja2dyb3VuZDp1cmwoaHR0cDovL2ltYWdlLnJha3V0ZW4uY28uanAvY2luZW1hY29sbGVjdGlvbi9jYWJpbmV0L3RvaS5naWYpICNmZmZmZmYgbm8tcmVwZWF0OwoJb3ZlcmZsb3c6IGhpZGRlbjsKCWJvcmRlci13aWR0aDogMHB4OwoJY3Vyc29yOiBwb2ludGVyICFpbXBvcnRhbnQ7Cgl0ZXh0LWluZGVudDogMTUwJTsKCXdoaXRlLXNwYWNlOiBub3dyYXA7CgltYXJnaW46IDVweCAwIDAgMDsKCWRpc3BsYXk6YmxvY2s7Cn0KCiNzZXJ2aWNlVGFibGVTbWwgLmZhdm9yaXRlIHsKCWRpc3BsYXk6YmxvY2s7Cgl3aWR0aDogMjgwcHg7Cn0KCiNzZXJ2aWNlVGFibGVTbWwgLmZhdm9yaXRlIC5ib29rbWFya0FyZWEgZGl2ewoJd2lkdGg6IDI4MHB4IWltcG9ydGFudDsKfQoKI3NlcnZpY2VUYWJsZVNtbCAuZmF2b3JpdGUgLmJrbSBhIHsKCXdpZHRoOiAyODBweCFpbXBvcnRhbnQ7CgloZWlnaHQ6IDMwMHB4IWltcG9ydGFudDsKCWJhY2tncm91bmQ6dXJsKGh0dHA6Ly9pbWFnZS5yYWt1dGVuLmNvLmpwL2NpbmVtYWNvbGxlY3Rpb24vY2FiaW5ldC9va2kuZ2lmKSAjZmZmZmZmIG5vLXJlcGVhdDsKCW92ZXJmbG93OiBoaWRkZW47Cglib3JkZXItd2lkdGg6IDBweDsKCWN1cnNvcjogcG9pbnRlciAhaW1wb3J0YW50OwoJdGV4dC1pbmRlbnQ6LTE1MCU7CgltYXJnaW46IDVweCAwIDAgMDsKCWRpc3BsYXk6YmxvY2s7Cn0KCgovKuOBiuawl+OBq+WFpeOCiiovCgpkaXYudzI4MC1jICB7d2lkdGg6MjgwcHg7dGV4dC1hbGlnbjogY2VudGVyO30KZGl2LmNlbnRlci1tLTBhICB7bWFyZ2luOjAgYXV0bzt9Ci5pdGVtLW9raS1ibiAge3dpZHRoOjI4MHB4O21hcmdpbjoycHggMDtib3JkZXI6bm9uZTt9Ci5pdGVtLWlmcmFtZSAge21hcmdpbjowcHg7Ym9yZGVyOjBweDt9CgpkaXYua2FucmVuLWxpbmsge2NvbG9yOiM3ZjdmN2Y7d2lkdGg6OTAlO21hcmdpbjoyMHB4IGF1dG87cGFkZGluZzoyMHB4O3RleHQtYWxpZ246IGxlZnQ7Zm9udC1zaXplOjEuMmVtO2JhY2tncm91bmQtY29sb3I6I2ZmZmZmZjtib3JkZXI6ZG90dGVkIDJweCAjZmY4MDMzO30Kc3Bhbi5rYW5yZW4tbGluayB7bWFyZ2luOjEwcHggO3BhZGRpbmc6IDAgMCAwIDAuNWVtO2ZvbnQtc2l6ZToxLjJlbTsKYmFja2dyb3VuZDp1cmwoaHR0cDovL2ltYWdlLnJha3V0ZW4uY28uanAvbW0tcG9wL2NhYmluZXQvbGluay1oZWFkLXBrLmdpZikgbm8tcmVwZWF0IDAgMC40NWVtOwp9CmE6bGluayBrYW5yZW4tbGlua3tmb250LXNpemU6MS4yZW07IGNvbG9yOiMzMzgwZmY7dGV4dC1kZWNvcmF0aW9uOm5vbmU7fQoKPC9zdHlsZT4KCgoKCjwhLS0gCjxzeWxlIHR5cGU9InRleHQvY3NzIj4KIGh0bWwsYm9keXsgb3ZlcmZsb3cteDpoaWRkZW47IH0KCmE6bGluayB7Y29sb3I6IzMzODBmZjt9CmE6dmlzaXRlZCB7Y29sb3I6IzY2Njt9CmE6aG92ZXIge2NvbG9yOiMzMzM7fQphOmFjdGl2ZSB7Y29sb3I6IzMzMzt9CmF7dGV4dC1kZWNvcmF0aW9uOm5vbmU7fQppbWcge2JvcmRlcjpub25lOyB2ZXJ0aWNhbC1hbGlnbjpib3R0b207fQpwIHttYXJnaW46MDsgcGFkZGluZzowOyBmb250LXNpemU6ODAlO30KcC5yZXNpemVpbWFnZSBpbWcgeyB3aWR0aDogOTglOyB9CnAucmVzaXplaW1hZ2UyIGltZyB7IHdpZHRoOiA5MCU7IH0KYTpob3ZlciBpbWcge29wYWNpdHk6IDAuNjsgZmlsdGVyOiBhbHBoYShvcGFjaXR5PTYwKTsgLW1vei1vcGFjaXR5OiAwLjY7fQoKCmltZy50b3BibnttYXJnaW46MTBweCAwO2JvcmRlcjpub25lO30KZGl2LmRpc2MzIHt3aWR0aDoxMDAlO21hcmdpbjogMCBhdXRvO3BhZGRpbmc6MTVweDtiYWNrZ3JvdW5kOiNlZmVmZWY7dGV4dC1hbGlnbjpsZWZ0O2ZvbnQtd2VpZ2h0OmJvbGQ7Zm9udC1zaXplOjE4cHg7fQoKIDwvc3R5bGU+Ci0tPgoKCjxzdHlsZSB0eXBlPSJ0ZXh0L2NzcyI+CjwhLS0KCmRpdiNIZWFkZXJLZXl3b3JkIHsKCXBvc2l0aW9uOmFic29sdXRlOwoJdG9wOjYwcHg7LyrkuIDnlarkuIrjgYvjgonjga7kvY3nva4qLwoJbGVmdDo2MHB4Oy8q5bem56uv44GL44KJ44Gu5L2N572uKi8KfQoKZGl2I0hlYWRlcktleXdvcmQgc3BhbiB7CgliYWNrZ3JvdW5kOiAjYmYwMDAwOwoJY29sb3I6I2ZmZjsKCWZvbnQtd2VpZ2h0OmJvbGQ7CglwYWRkaW5nOjJweCA1cHg7Cn0KCmRpdiNIZWFkZXJLZXl3b3JkIGEgewoJY29sb3I6IzAwNDRDQzsKfQoKLS0+Cjwvc3R5bGU+CjxkaXYgaWQ9IkhlYWRlcktleXdvcmQiPgo8c3Bhbj7ms6jnm67jga7jgq3jg7zjg6/jg7zjg4k8L3NwYW4+Cj4+5paH5oi/5YW3Cj4+44OQ44OD44KwCj4+44GK6LKh5biDCj4+44K544OM44O844OU44O8Cgo8L2Rpdj4=,576O5aWz44Go6YeO542jIOODqeODs+ODgeODkOODg+OCsCDjg57jg4Hku5jjgY3jgrPjg4Pjg4jjg7Pjg5Djg4PjgrAg44Kq44O844Or44K544K/44O8ICDjg4fjgqPjgrrjg4vjg7zjg5fjg6rjg7Pjgrvjgrkg44K544Oi44O844Or44OX44Op44ON44OD44OIIDI5LjUmdGltZXM7MjAmdGltZXM7OWNtIOOBiuW8geW9k+OBi+OBsOOCkyDjgq3jg6Pjg6njgq/jgr/jg7zjgrDjg4PjgrrpgJrosqkg44CQ44Oh44O844Or5L6/5Y+v44CR44CQ44GC44GZ5qW944CR44K344ON44Oe44Kz44Os44Kv44K344On44Oz77ya44Kt44Oj44Op44Kv44K/44O844Gu44K344ON44Oe44Kz44Os44Kv44K344On44Oz,44Kt44Oj44Op44Kv44K/44O844Kt44Oj44Op44Kv44K/44O844Kw44OD44K644Kt44Oj44Op44Kv44K/44O86ZuR6LKo6ZuR6LKo44K144Oz44Oq44Kq44OH44Kj44K644OL44O844KG44KL44Kt44Oj44Op44Of44OD44Kt44O844Kt44OG44Kj44GP44G+44Oi44Oz44Ov44Oz44OU44O844K544Ki44OL44Oh44Ki44OL44Oh44Kw44OD44K644K/44Kq44Or5paH5YW35paH5oi/5YW344Kk44Oz44OG44Oq44Ki55Sf5rS76ZuR6LKo44Kt44OD44K65a2Q44Gp44KC576O5aWz44Go6YeO542jIOODqeODs+ODgeODkOODg+OCsCDjg57jg4Hku5jjgY3jgrPjg4Pjg4jjg7Pjg5Djg4PjgrAg44Kq44O844Or44K544K/44O8ICDjg4fjgqPjgrrjg4vjg7zjg5fjg6rjg7Pjgrvjgrkg44K544Oi44O844Or44OX44Op44ON44OD44OIIDI5LjUmdGltZXM7MjAmdGltZXM7OWNtIOOBiuW8geW9k+OBi+OBsOOCkyDjgq3jg6Pjg6njgq/jgr/jg7zjgrDjg4PjgrrpgJrosqkg44CQ44Oh44O844Or5L6/5Y+v44CR44CQ44GC44GZ5qW944CR44K344ON44Oe44Kz44Os44Kv44K344On44Oz,576O5aWz44Go6YeO542jIOODqeODs+ODgeODkOODg+OCsCDjg57jg4Hku5jjgY3jgrPjg4Pjg4jjg7Pjg5Djg4PjgrAg44Kq44O844Or44K544K/44O8ICDjg4fjgqPjgrrjg4vjg7zjg5fjg6rjg7Pjgrvjgrkg44K544Oi44O844Or44OX44Op44ON44OD44OIIDI5LjUmdGltZXM7MjAmdGltZXM7OWNtIOOBiuW8geW9k+OBi+OBsOOCkyDjgq3jg6Pjg6njgq/jgr/jg7zjgrDjg4PjgrrpgJrosqkg44CQ44Oh44O844Or5L6/5Y+v44CR44CQ44GC44GZ5qW944CR44K344ON44Oe44Kz44Os44Kv44K344On44Oz[rn]
30-32959,aHR0cDovL3RzaG9wLnIxMHMuanAvY2luZW1hY29sbGVjdGlvbi9jYWJpbmV0L3IyMDE3MDQyMS9zbS1zbmFwMTY2My5qcGc/Zml0aW49NzAwOjcwMA==,Nzk5LjIwMDA=,,44Kt44OD44K644O744OZ44OT44O844O744Oe44K/44OL44OG44KjID4g44Kt44OD44K6ID4g6ZuR6LKo44O75bCP54mp77yI44GK5byB5b2T44Kw44OD44K644O744K/44Kq44Or44O75paH5YW36aGe77yJID4g5a2Q5L6b55So44GK5byB5b2T6KKL,44K544OM44O844OU44O8IOODqeODs+ODgeODkOODg+OCsCDjg57jg4Hku5jjgY3jgrPjg4Pjg4jjg7Pjg5Djg4PjgrAg44Kr44Km44Oc44O844KkICDjg5Tjg7zjg4rjg4Pjg4Qg44K544Oi44O844Or44OX44Op44ON44OD44OIIDI5LjXDlzIww5c5Y20g44GK5byB5b2T44GL44Gw44KTIOOCreODo+ODqeOCr+OCv+ODvOOCsOODg+OCuumAmuiyqSDjgJDjg6Hjg7zjg6vkvr/lj6/jgJHjgJDjgYLjgZnmpb3jgJHjgrfjg43jg57jgrPjg6zjgq/jgrfjg6fjg7M=,,PGNlbnRlcj48YSBocmVmPSJodHRwOi8vd3d3LnJha3V0ZW4ubmUuanAvZ29sZC9jaW5lbWFjb2xsZWN0aW9uL2Fuc3dlci5odG1sI2MxcTMiIHRhcmdldD0iX25ldyI+PGltZyB3aWR0aD0iNzUwIiBib3JkZXI9IjAiIHNyYz0iaHR0cDovL2ltYWdlLnJha3V0ZW4uY28uanAvY2luZW1hY29sbGVjdGlvbi9jYWJpbmV0L3ItbWFpbDU4MC5qcGciIGhlaWdodD0iNTAiIHZzcGFjZT0iNSI+PC9hPjwvY2VudGVyPjxicj48YnI+44K544OM44O844OU44O8IOODqeODs+ODgeODkOODg+OCsCDjg57jg4Hku5jjgY3jgrPjg4Pjg4jjg7Pjg5Djg4PjgrAg44Kr44Km44Oc44O844KkICDjg5Tjg7zjg4rjg4Pjg4Qg44K544Oi44O844Or44OX44Op44ON44OD44OIIDI5LjXDlzIww5c5Y20g44GK5byB5b2T44GL44Gw44KTIOOCreODo+ODqeOCr+OCv+ODvOOCsOODg+OCuumAmuiyqSDjgJDjg6Hjg7zjg6vkvr/lj6/jgJHjgJDjgYLjgZnmpb3jgJHjgrfjg43jg57jgrPjg6zjgq/jgrfjg6fjg7M8QlI+PEJSPjwhLS0g4piF44GK5rCX44Gr5YWl44KKLS0+PGRpdiBjbGFzcz0idzI4MC1jIj48ZGl2IGNsYXNzPSJjZW50ZXItbS0wYSI+PGltZyBjbGFzcz0iaXRlbS1va2ktYm4iIGFsdD0i44Kt44Oj44Op44Kv44K/44O844Kw44OD44K66YCa6LKp44K344ON44Oe44Kz44Os44Kv44K344On44Oz44Gu44GK5rCX44Gr5YWl44KK44Oq44K544OI44KS56K66KqN44GZ44KLIiBzcmM9Imh0dHA6Ly9pbWFnZS5yYWt1dGVuLmNvLmpwL2NpbmVtYWNvbGxlY3Rpb24vY2FiaW5ldC9va2ktMi5naWYiPjwvZGl2PjwvZGl2PjwhLS0g4piF44GK5rCX44Gr5YWl44KK44Kz44Kz44G+44GnLS0+PCEtLeKYheWJiumZpOS4jeWPry0tPjwvc3Bhbj48L3RkPjwvdHI+PC90YWJsZT48YnI+PC90ZD48L3RyPjwvdGFibGU+PGJyPjx0YWJsZSBjZWxscGFkZGluZz0iMCIgYm9yZGVyPSIwIj48dHI+PHRkPjx0YWJsZSBjZWxscGFkZGluZz0iMCIgYm9yZGVyPSIwIj48dHI+PHRkPjxzcGFuPjwhLS3plqLpgKPmpJzntKLjgq3jg7zjg6/jg7zjg4ktLT48ZGl2IHN0eWxlPSJ3aWR0aDoxMDAlO3RleHQtYWxpZ246IGNlbnRlciI+PGgzIHN0eWxlPSJjb2xvcjojN2Y3ZjdmOyI+44GK5byB5b2T44KS5aeL44KB44CB44Kz44K544Oh44Gq44Gp44GE44KN44GE44KN5L2/44GI44KL5L6/5Yip44Gq44K144OW44OQ44OD44KwPGJyPjwhLS3imIVLLS0+44GK44GX44KD44KML+OBi+OCj+OBhOOBhC/jgYrlvIHlvZPjgrDjg4Pjgrov44Op44Oz44OB44Kw44OD44K6L+W4huW4gzwvaDM+PGltZyBzdHlsZT0ibWFyZ2luOjE1cHggMCAxMHB4IDA7d2lkdGg6MTAwJSA7Ym9yZGVyOm5vbmU7IiBhbHQ9IuOCreODo+ODqeOCr+OCv+ODvOOCsOODg+OCuuWwgumWgOW6ly/jgrfjg43jg57jgrPjg6zjgq/jgrfjg6fjg7Mv5ZWG5ZOB6Kmz57SwIiBzcmM9Imh0dHA6Ly93d3cucmFrdXRlbi5uZS5qcC9nb2xkL2NpbmVtYWNvbGxlY3Rpb24vYm4vaXRlbS1ibjAxLmdpZiIgLz48ZGl2IHN0eWxlPSJjb2xvcjojN2Y3ZjdmO3dpZHRoOjkwJTttYXJnaW46MCBhdXRvOyNlZmVmZWYgc29saWQgMXB4O3BhZGRpbmc6MTBweDt0ZXh0LWFsaWduOiBsZWZ0OyI+5aSn5Lq65rCX44CQUEVBTlVUUy9TTk9PUFnjgJHjgrDjg4Pjgrrjgavjgb7jgZ/jgb7jgZ/lj6/mhJvjgYRuZXfjgqLjgqTjg4bjg6DnmbvloLQhITxicj7jgZPjgaHjgonjga/jgZPjgozjgYvjgonjga7lraPnr4DjgavjgajjgaPjgabjgoLph43lrp3jgZnjgovjg57jg4Hku5jjgY3jgrPjg4Pjg4jjg7Pjg5Djg4PjgrAhITxicj7jgYrlvIHlvZPjgpLlp4vjgoHjgIHjgrPjgrnjg6HjgarjganjgYTjgo3jgYTjgo3kvb/jgYjjgovkvr/liKnjgarjgrXjgqTjgrrjga7jgrXjg5bjg5Djg4PjgrDimIY8YnI+5YaF5YG044Gr44Gv44Od44Kx44OD44OI44KC5LuY44GE44Gm44Go44Gj44Gm44KC5L6/5Yip4pmqPGJyPuS7luOBq+OCguOBhOOCjeOBhOOCjeeorumhnuOBguOCi+OBruOBp+OBiuawl+OBq+WFpeOCiuOCkuaOouOBl+OBpuOBreKZqjxicj48YnI+4pag44K144Kk44K677ya57SEMjk1w5cyMDDDlzkwbW08YnI+4pag57Sg5p2Q77ya44Kz44OD44OI44OzPEJSPjxCUj7ilqDjgqvjg6njg7wg44Kv44Oq44O844Og57O777yI55m944O76JaE44GE44Kk44Ko44Ot44O877yJPEJSPjxCUj48L2Rpdj48L2Rpdj48ZGl2IHN0eWxlPSJ3aWR0aDoxMDAlO3RleHQtYWxpZ246IGNlbnRlcjsiPjxpbWcgc3R5bGU9Im1hcmdpbjoxNXB4IDAgMTBweCAwO3dpZHRoOjEwMCUgO2JvcmRlcjpub25lOyIgYWx0PSLjgq3jg6Pjg6njgq/jgr/jg7zjgrDjg4PjgrrlsILploDlupcv44K344ON44Oe44Kz44Os44Kv44K344On44OzL+ips+e0sOeUu+WDjyIgc3JjPSJodHRwOi8vd3d3LnJha3V0ZW4ubmUuanAvZ29sZC9jaW5lbWFjb2xsZWN0aW9uL2JuL2l0ZW0tYm4wMi5naWYiIC8+PGRpdiBzdHlsZT0id2lkdGg6MTAwJTttYXJnaW46MCBhdXRvOyI+PGltZyBzdHlsZT0id2lkdGg6MjYwcHg7bWFyZ2luOjJweDtib3JkZXI6bm9uZTsiIHNyYz0iaHR0cDovL2ltYWdlLnJha3V0ZW4uY28uanAvY2luZW1hY29sbGVjdGlvbi9jYWJpbmV0L3IyMDE3MDQyMS9zbS1zbmFwMTY2My5qcGciPjxpbWcgc3R5bGU9IndpZHRoOjI2MHB4O21hcmdpbjoycHg7Ym9yZGVyOm5vbmU7IiBzcmM9Imh0dHA6Ly9pbWFnZS5yYWt1dGVuLmNvLmpwL2NpbmVtYWNvbGxlY3Rpb24vY2FiaW5ldC9yMjAxNzA0MjEvc20tc25hcDE2NjNfMi5qcGciPjxpbWcgc3R5bGU9IndpZHRoOjI2MHB4O21hcmdpbjoycHg7Ym9yZGVyOm5vbmU7IiBzcmM9Imh0dHA6Ly9pbWFnZS5yYWt1dGVuLmNvLmpwL2NpbmVtYWNvbGxlY3Rpb24vY2FiaW5ldC9yMjAxNzA0MjEvc20tc25hcDE2NjNfMy5qcGciPjwvZGl2PjwvZGl2PjxkaXYgc3R5bGU9IndpZHRoOjEwMCU7dGV4dC1hbGlnbjogY2VudGVyOyI+PGltZyBzdHlsZT0ibWFyZ2luOjE1cHggMCAxMHB4IDA7d2lkdGg6MTAwJSA7Ym9yZGVyOm5vbmU7IiBhbHQ9IuOCreODo+ODqeOCr+OCv+ODvOOCsOODg+OCuuWwgumWgOW6ly/jgrfjg43jg57jgrPjg6zjgq/jgrfjg6fjg7Mv6Kmz57Sw55S75YOPIiBzcmM9Imh0dHA6Ly93d3cucmFrdXRlbi5uZS5qcC9nb2xkL2NpbmVtYWNvbGxlY3Rpb24vYm4vaXRlbS1ibjAzLmdpZiIgLz48ZGl2IHN0eWxlPSJ3aWR0aDo1MCU7dG9wOjc1cHg7ZmxvYXQ6bGVmdDt0ZXh0LWFsaWduOiBsZWZ0OyI+44CQ44K544OM44O844OU44O844CR5LuW44Gu56iu6aGe44Gv44GT44Gh44KJ44GL44KJICZndDsmZ3Q7PC9kaXY+PGRpdiBzdHlsZT0id2lkdGg6NTAlO2Zsb2F0OmxlZnQ7dGV4dC1hbGlnbjpyaWdodDsiPjxpbWcgc3R5bGU9IndpZHRoOjI1MHB4O2JvcmRlcjpub25lOyIgc3JjPSJodHRwOi8vaW1hZ2UucmFrdXRlbi5jby5qcC9jaW5lbWFjb2xsZWN0aW9uL2NhYmluZXQvMDAybGJuL3RvcGxiNDIuanBnIj48L2Rpdj48ZGl2IHN0eWxlPSJjbGVhcjpib3RoOyI+PC9kaXY+PC9kaXY+PCEtLemWoumAo+aknOe0ouOCreODvOODr+ODvOODiS0tPjxkaXYgY2xhc3M9ImthbnJlbi1saW5rIj7jgZPjga7jgqvjg4bjgrTjg6rjgavjga/jgZPjgpPjgarllYblk4HjgYzlkKvjgb7jgozjgabjgYTjgb7jgZk8YnI+PGJyPjxzcGFuIGNsYXNzPSJrYW5yZW4tbGluayI+44OQ44OD44Kw44O76LKh5biD44CQ44Op44Oz44OB44OI44O844OI44CRPC9zcGFuPjwvZGl2PjwhLS3imIXjgrPjgrPjgb7jgactLT48IS0t6Zai6YCj5qSc57Si44Kt44O844Ov44O844OJLS0+PGRpdiBjbGFzcz0ia2FucmVuLWxpbmsiPuOBk+OCjOOCkuimi+OBn+S6uuOBr+OBk+OCk+OBquOCreODvOODr+ODvOODieOBp+aknOe0ouOBl+OBpuOBhOOBvuOBmTxicj48YnI+PHNwYW4gY2xhc3M9ImthbnJlbi1saW5rIj7lsI/jgZXjgoEg44OI44O844OI44OQ44OD44KwPC9zcGFuPjxzcGFuIGNsYXNzPSJrYW5yZW4tbGluayI+44OI44O844OI44OQ44OD44KwIOOCreODo+ODs+ODkOOCuTwvc3Bhbj48c3BhbiBjbGFzcz0ia2FucmVuLWxpbmsiPuOCreODo+ODqeOCr+OCv+ODvCDjg4jjg7zjg4jjg5Djg4PjgrA8L3NwYW4+PHNwYW4gY2xhc3M9ImthbnJlbi1saW5rIj7jg4fjgqPjgrrjg4vjg7wg44OQ44OD44KwPC9zcGFuPjxzcGFuIGNsYXNzPSJrYW5yZW4tbGluayI+44K144Oz44Oq44KqIOODkOODg+OCsDwvc3Bhbj48c3BhbiBjbGFzcz0ia2FucmVuLWxpbmsiPuOCreODo+ODqeOCr+OCv+ODvCDjg53jg7zjg4E8L3NwYW4+PHNwYW4gY2xhc3M9ImthbnJlbi1saW5rIj7jgq3jg6Pjg6njgq/jgr/jg7wg44OV44Kh44OD44K344On44OzPC9zcGFuPjxzcGFuIGNsYXNzPSJrYW5yZW4tbGluayI+44Kt44Oj44Op44Kv44K/44O8IOOCsOODg+OCujwvc3Bhbj48c3BhbiBjbGFzcz0ia2FucmVuLWxpbmsiPuOCreODo+ODqeOCr+OCv+ODvCDjg5Djg4PjgrA8L3NwYW4+PHNwYW4gY2xhc3M9ImthbnJlbi1saW5rIj7jg5XjgqHjg4Pjgrfjg6fjg7PlsI/niak8L3NwYW4+PC9kaXY+PCEtLeKYheOCs+OCs+OBvuOBpy0tPjwhLS01NjAwLS0+Cgo8L1REPjwvVFI+PC9UQUJMRT48YnI+PGJyPgoKCjwhLS3mlrDnnYAgLS0+Cgo8aW1nIHN0eWxlPSJ3aWR0aDo4MDBweDttYXJnaW46MCAwIDEwcHggMDtib3JkZXI6bm9uZTsiIHNyYz0iaHR0cDovL2ltYWdlLnJha3V0ZW4uY28uanAvY2luZW1hY29sbGVjdGlvbi9jYWJpbmV0L3Npbi5naWYiPjxicj4KPGRpdiBzdHlsZT0id2lkdGg6NzUwcHg7bWFyZ2luOiAwIGF1dG87cGFkZGluZzoxNXB4O3RleHQtYWxpZ246cmlnaHQ7Zm9udC13ZWlnaHQ6Ym9sZDtmb250LXNpemU6MThweDsiPj4+5paw552A5oOF5aCx44Gu44Gk44Gl44GN44Gv44GT44Gh44KJPC9kaXY+Cjxicj4KPGRpdiBzdHlsZT0id2lkdGg6NzUwcHg7bWFyZ2luOiAwIGF1dG87cGFkZGluZzoxNXB4O3RleHQtYWxpZ246cmlnaHQ7Zm9udC13ZWlnaHQ6Ym9sZDtmb250LXNpemU6MThweDsiPj4+5paw552A5oOF5aCx44Gu44Gk44Gl44GN44Gv44GT44Gh44KJPC9kaXY+CgoKCgoKCjxpbWcgc3R5bGU9IndpZHRoOjgwMHB4O21hcmdpbjowIDAgMTBweCAwO2JvcmRlcjpub25lOyIgc3JjPSJodHRwOi8vaW1hZ2UucmFrdXRlbi5jby5qcC9jaW5lbWFjb2xsZWN0aW9uL2NhYmluZXQvY2FyLmdpZiI+PGJyPgo8dGFibGUgd2lkdGg9IjgwMCI+PHRyPjx0ZCB3aWR0aD0iODAwIiBhbGlnbj0icmlnaHQiPuKHkuOBmeOBueOBpuOBruOCreODo+ODqeOCr+OCv+ODvOOBr+OBk+OBoeOCiTwvdGQ+PC90cj48dHI+PHRkPjxicj48YnI+Cgo8YnI+PGJyPgo8L3RkPjwvdHI+PC90YWJsZT48YnI+PGJyPgoKCjxpbWcgc3R5bGU9IndpZHRoOjgwMHB4O21hcmdpbjowIDAgMTBweCAwO2JvcmRlcjpub25lOyIgc3JjPSJodHRwOi8vaW1hZ2UucmFrdXRlbi5jby5qcC9jaW5lbWFjb2xsZWN0aW9uL2NhYmluZXQvY2F0LmdpZiI+PGJyPgo8L2NlbnRlcj4KCgo8IS0tIC0tPgoKPHN0eWxlPgovKuiyt+OBhOeJqeOCq+OCtOODnOOCv+ODsyovCiNyYWt1dGVuTGltaXRlZElkX2Fyb3VuZENhcnQgaW5wdXQgewoJd2lkdGg6IDI4MHB4OwoJaGVpZ2h0OiAxNTBweDsKCWJhY2tncm91bmQ6dXJsKGh0dHA6Ly9pbWFnZS5yYWt1dGVuLmNvLmpwL2NpbmVtYWNvbGxlY3Rpb24vY2FiaW5ldC9jYXJ0LmdpZikgI2ZmZmZmZiBuby1yZXBlYXQ7CglvdmVyZmxvdzogaGlkZGVuOwoJYm9yZGVyLXdpZHRoOiAwcHg7CgljdXJzb3I6IHBvaW50ZXIgIWltcG9ydGFudDsKCXRleHQtaW5kZW50OiAxNTAlOwoJd2hpdGUtc3BhY2U6IG5vd3JhcDsKCW1hcmdpbjogNXB4IDAgMCAwOwoJZGlzcGxheTpibG9jazsKfQoKI3Jha3V0ZW5MaW1pdGVkSWRfYXJvdW5kQ2FydCAuaW52ZW50b3J5IGlucHV0IHsKCWJhY2tncm91bmQ6bm9uZSAhaW1wb3J0YW50OwoJd2lkdGg6IDJlbSFpbXBvcnRhbnQ7CgloZWlnaHQ6IDEuMmVtIWltcG9ydGFudDsKCWRpc3BsYXk6aW5saW5lOwp9CgoKLyrlgIvmlbDjg4bjgq3jgrnjg4gqLwojcmFrdXRlbkxpbWl0ZWRJZF9hcm91bmRDYXJ0IC51bml0IHsKCWZvbnQtc2l6ZToxNnB4Owp9CgovKuWAi+aVsOWFpeWKmyovCiNyYWt1dGVuTGltaXRlZElkX2Fyb3VuZENhcnQgaW5wdXQjdW5pdHMgewoJYm9yZGVyOnNvbGlkICNjY2MgMXB4OwoJYmFja2dyb3VuZDojZmZmIWltcG9ydGFudDsKCXdpZHRoOjMwcHg7CgloZWlnaHQ6MzBweDsKCWN1cnNvcjphdXRvOwoJcGFkZGluZzo3cHggN3B4IDdweCAzcHg7Cgl0ZXh0LWluZGVudDogMHB4OwoJb3ZlcmZsb3c6IGhpZGRlbjsKCWRpc3BsYXk6aW5saW5lOwoJZm9udC1zaXplOjE2cHg7Cn0KCi8q44GK5ZWP44GE5ZCI44KP44Gb44Oc44K/44OzKi8KI3Jha3V0ZW5MaW1pdGVkSWRfYXJvdW5kQ2FydCBmb250IGlucHV0IHsKCXdpZHRoOiAyODBweDsKCWhlaWdodDogODBweDsKCWJhY2tncm91bmQ6dXJsKGh0dHA6Ly9pbWFnZS5yYWt1dGVuLmNvLmpwL2NpbmVtYWNvbGxlY3Rpb24vY2FiaW5ldC90b2kuZ2lmKSAjZmZmZmZmIG5vLXJlcGVhdDsKCW92ZXJmbG93OiBoaWRkZW47Cglib3JkZXItd2lkdGg6IDBweDsKCWN1cnNvcjogcG9pbnRlciAhaW1wb3J0YW50OwoJdGV4dC1pbmRlbnQ6IDE1MCU7Cgl3aGl0ZS1zcGFjZTogbm93cmFwOwoJbWFyZ2luOiA1cHggMCAwIDA7CglkaXNwbGF5OmJsb2NrOwp9Cgojc2VydmljZVRhYmxlU21sIC5mYXZvcml0ZSB7CglkaXNwbGF5OmJsb2NrOwoJd2lkdGg6IDI4MHB4Owp9Cgojc2VydmljZVRhYmxlU21sIC5mYXZvcml0ZSAuYm9va21hcmtBcmVhIGRpdnsKCXdpZHRoOiAyODBweCFpbXBvcnRhbnQ7Cn0KCiNzZXJ2aWNlVGFibGVTbWwgLmZhdm9yaXRlIC5ia20gYSB7Cgl3aWR0aDogMjgwcHghaW1wb3J0YW50OwoJaGVpZ2h0OiAzMDBweCFpbXBvcnRhbnQ7CgliYWNrZ3JvdW5kOnVybChodHRwOi8vaW1hZ2UucmFrdXRlbi5jby5qcC9jaW5lbWFjb2xsZWN0aW9uL2NhYmluZXQvb2tpLmdpZikgI2ZmZmZmZiBuby1yZXBlYXQ7CglvdmVyZmxvdzogaGlkZGVuOwoJYm9yZGVyLXdpZHRoOiAwcHg7CgljdXJzb3I6IHBvaW50ZXIgIWltcG9ydGFudDsKCXRleHQtaW5kZW50Oi0xNTAlOwoJbWFyZ2luOiA1cHggMCAwIDA7CglkaXNwbGF5OmJsb2NrOwp9CgoKLyrjgYrmsJfjgavlhaXjgooqLwoKZGl2LncyODAtYyAge3dpZHRoOjI4MHB4O3RleHQtYWxpZ246IGNlbnRlcjt9CmRpdi5jZW50ZXItbS0wYSAge21hcmdpbjowIGF1dG87fQouaXRlbS1va2ktYm4gIHt3aWR0aDoyODBweDttYXJnaW46MnB4IDA7Ym9yZGVyOm5vbmU7fQouaXRlbS1pZnJhbWUgIHttYXJnaW46MHB4O2JvcmRlcjowcHg7fQoKZGl2LmthbnJlbi1saW5rIHtjb2xvcjojN2Y3ZjdmO3dpZHRoOjkwJTttYXJnaW46MjBweCBhdXRvO3BhZGRpbmc6MjBweDt0ZXh0LWFsaWduOiBsZWZ0O2ZvbnQtc2l6ZToxLjJlbTtiYWNrZ3JvdW5kLWNvbG9yOiNmZmZmZmY7Ym9yZGVyOmRvdHRlZCAycHggI2ZmODAzMzt9CnNwYW4ua2FucmVuLWxpbmsge21hcmdpbjoxMHB4IDtwYWRkaW5nOiAwIDAgMCAwLjVlbTtmb250LXNpemU6MS4yZW07CmJhY2tncm91bmQ6dXJsKGh0dHA6Ly9pbWFnZS5yYWt1dGVuLmNvLmpwL21tLXBvcC9jYWJpbmV0L2xpbmstaGVhZC1way5naWYpIG5vLXJlcGVhdCAwIDAuNDVlbTsKfQphOmxpbmsga2FucmVuLWxpbmt7Zm9udC1zaXplOjEuMmVtOyBjb2xvcjojMzM4MGZmO3RleHQtZGVjb3JhdGlvbjpub25lO30KCjwvc3R5bGU+CgoKCgo8IS0tIAo8c3lsZSB0eXBlPSJ0ZXh0L2NzcyI+CiBodG1sLGJvZHl7IG92ZXJmbG93LXg6aGlkZGVuOyB9CgphOmxpbmsge2NvbG9yOiMzMzgwZmY7fQphOnZpc2l0ZWQge2NvbG9yOiM2NjY7fQphOmhvdmVyIHtjb2xvcjojMzMzO30KYTphY3RpdmUge2NvbG9yOiMzMzM7fQphe3RleHQtZGVjb3JhdGlvbjpub25lO30KaW1nIHtib3JkZXI6bm9uZTsgdmVydGljYWwtYWxpZ246Ym90dG9tO30KcCB7bWFyZ2luOjA7IHBhZGRpbmc6MDsgZm9udC1zaXplOjgwJTt9CnAucmVzaXplaW1hZ2UgaW1nIHsgd2lkdGg6IDk4JTsgfQpwLnJlc2l6ZWltYWdlMiBpbWcgeyB3aWR0aDogOTAlOyB9CmE6aG92ZXIgaW1nIHtvcGFjaXR5OiAwLjY7IGZpbHRlcjogYWxwaGEob3BhY2l0eT02MCk7IC1tb3otb3BhY2l0eTogMC42O30KCgppbWcudG9wYm57bWFyZ2luOjEwcHggMDtib3JkZXI6bm9uZTt9CmRpdi5kaXNjMyB7d2lkdGg6MTAwJTttYXJnaW46IDAgYXV0bztwYWRkaW5nOjE1cHg7YmFja2dyb3VuZDojZWZlZmVmO3RleHQtYWxpZ246bGVmdDtmb250LXdlaWdodDpib2xkO2ZvbnQtc2l6ZToxOHB4O30KCiA8L3N0eWxlPgotLT4KCgo8c3R5bGUgdHlwZT0idGV4dC9jc3MiPgo8IS0tCgpkaXYjSGVhZGVyS2V5d29yZCB7Cglwb3NpdGlvbjphYnNvbHV0ZTsKCXRvcDo2MHB4Oy8q5LiA55Wq5LiK44GL44KJ44Gu5L2N572uKi8KCWxlZnQ6NjBweDsvKuW3puerr+OBi+OCieOBruS9jee9riovCn0KCmRpdiNIZWFkZXJLZXl3b3JkIHNwYW4gewoJYmFja2dyb3VuZDogI2JmMDAwMDsKCWNvbG9yOiNmZmY7Cglmb250LXdlaWdodDpib2xkOwoJcGFkZGluZzoycHggNXB4Owp9CgpkaXYjSGVhZGVyS2V5d29yZCBhIHsKCWNvbG9yOiMwMDQ0Q0M7Cn0KCi0tPgo8L3N0eWxlPgo8ZGl2IGlkPSJIZWFkZXJLZXl3b3JkIj4KPHNwYW4+5rOo55uu44Gu44Kt44O844Ov44O844OJPC9zcGFuPgo+PuaWh+aIv+WFtwo+PuODkOODg+OCsAo+PuOBiuiyoeW4gwo+PuOCueODjOODvOODlOODvAoKPC9kaXY+,44K544OM44O844OU44O8IOODqeODs+ODgeODkOODg+OCsCDjg57jg4Hku5jjgY3jgrPjg4Pjg4jjg7Pjg5Djg4PjgrAg44Kr44Km44Oc44O844KkICDjg5Tjg7zjg4rjg4Pjg4Qg44K544Oi44O844Or44OX44Op44ON44OD44OIIDI5LjUmdGltZXM7MjAmdGltZXM7OWNtIOOBiuW8geW9k+OBi+OBsOOCkyDjgq3jg6Pjg6njgq/jgr/jg7zjgrDjg4PjgrrpgJrosqkg44CQ44Oh44O844Or5L6/5Y+v44CR44CQ44GC44GZ5qW944CR44K344ON44Oe44Kz44Os44Kv44K344On44Oz77ya44Kt44Oj44Op44Kv44K/44O844Gu44K344ON44Oe44Kz44Os44Kv44K344On44Oz,44Kt44Oj44Op44Kv44K/44O844Kt44Oj44Op44Kv44K/44O844Kw44OD44K644Kt44Oj44Op44Kv44K/44O86ZuR6LKo6ZuR6LKo44K144Oz44Oq44Kq44OH44Kj44K644OL44O844KG44KL44Kt44Oj44Op44Of44OD44Kt44O844Kt44OG44Kj44GP44G+44Oi44Oz44Ov44Oz44OU44O844K544Ki44OL44Oh44Ki44OL44Oh44Kw44OD44K644K/44Kq44Or5paH5YW35paH5oi/5YW344Kk44Oz44OG44Oq44Ki55Sf5rS76ZuR6LKo44Kt44OD44K65a2Q44Gp44KC44K544OM44O844OU44O8IOODqeODs+ODgeODkOODg+OCsCDjg57jg4Hku5jjgY3jgrPjg4Pjg4jjg7Pjg5Djg4PjgrAg44Kr44Km44Oc44O844KkICDjg5Tjg7zjg4rjg4Pjg4Qg44K544Oi44O844Or44OX44Op44ON44OD44OIIDI5LjUmdGltZXM7MjAmdGltZXM7OWNtIOOBiuW8geW9k+OBi+OBsOOCkyDjgq3jg6Pjg6njgq/jgr/jg7zjgrDjg4PjgrrpgJrosqkg44CQ44Oh44O844Or5L6/5Y+v44CR44CQ44GC44GZ5qW944CR44K344ON44Oe44Kz44Os44Kv44K344On44Oz,44K544OM44O844OU44O8IOODqeODs+ODgeODkOODg+OCsCDjg57jg4Hku5jjgY3jgrPjg4Pjg4jjg7Pjg5Djg4PjgrAg44Kr44Km44Oc44O844KkICDjg5Tjg7zjg4rjg4Pjg4Qg44K544Oi44O844Or44OX44Op44ON44OD44OIIDI5LjUmdGltZXM7MjAmdGltZXM7OWNtIOOBiuW8geW9k+OBi+OBsOOCkyDjgq3jg6Pjg6njgq/jgr/jg7zjgrDjg4PjgrrpgJrosqkg44CQ44Oh44O844Or5L6/5Y+v44CR44CQ44GC44GZ5qW944CR44K344ON44Oe44Kz44Os44Kv44K344On44Oz[rn]
30-32960,aHR0cDovL3RzaG9wLnIxMHMuanAvY2luZW1hY29sbGVjdGlvbi9jYWJpbmV0L3IyMDE3MDQyMS9zbS1zbmFwMTY2Mi5qcGc/Zml0aW49NzAwOjcwMA==,Nzk5LjIwMDA=,,44Kt44OD44K644O744OZ44OT44O844O744Oe44K/44OL44OG44KjID4g44Kt44OD44K6ID4g6ZuR6LKo44O75bCP54mp77yI44GK5byB5b2T44Kw44OD44K644O744K/44Kq44Or44O75paH5YW36aGe77yJID4g5a2Q5L6b55So44GK5byB5b2T6KKL,44K544OM44O844OU44O8IOODqeODs+ODgeODkOODg+OCsCDjg57jg4Hku5jjgY3jgrPjg4Pjg4jjg7Pjg5Djg4PjgrAg44OJ44Op44Kk44OW44Kk44OzICDjg5Tjg7zjg4rjg4Pjg4Qg44K544Oi44O844Or44OX44Op44ON44OD44OIIDI5LjXDlzIww5c5Y20g44GK5byB5b2T44GL44Gw44KTIOOCreODo+ODqeOCr+OCv+ODvOOCsOODg+OCuumAmuiyqSDjgJDjg6Hjg7zjg6vkvr/lj6/jgJHjgJDjgYLjgZnmpb3jgJHjgrfjg43jg57jgrPjg6zjgq/jgrfjg6fjg7M=,,PGNlbnRlcj48YSBocmVmPSJodHRwOi8vd3d3LnJha3V0ZW4ubmUuanAvZ29sZC9jaW5lbWFjb2xsZWN0aW9uL2Fuc3dlci5odG1sI2MxcTMiIHRhcmdldD0iX25ldyI+PGltZyB3aWR0aD0iNzUwIiBib3JkZXI9IjAiIHNyYz0iaHR0cDovL2ltYWdlLnJha3V0ZW4uY28uanAvY2luZW1hY29sbGVjdGlvbi9jYWJpbmV0L3ItbWFpbDU4MC5qcGciIGhlaWdodD0iNTAiIHZzcGFjZT0iNSI+PC9hPjwvY2VudGVyPjxicj48YnI+44K544OM44O844OU44O8IOODqeODs+ODgeODkOODg+OCsCDjg57jg4Hku5jjgY3jgrPjg4Pjg4jjg7Pjg5Djg4PjgrAg44OJ44Op44Kk44OW44Kk44OzICDjg5Tjg7zjg4rjg4Pjg4Qg44K544Oi44O844Or44OX44Op44ON44OD44OIIDI5LjXDlzIww5c5Y20g44GK5byB5b2T44GL44Gw44KTIOOCreODo+ODqeOCr+OCv+ODvOOCsOODg+OCuumAmuiyqSDjgJDjg6Hjg7zjg6vkvr/lj6/jgJHjgJDjgYLjgZnmpb3jgJHjgrfjg43jg57jgrPjg6zjgq/jgrfjg6fjg7M8QlI+PEJSPjwhLS0g4piF44GK5rCX44Gr5YWl44KKLS0+PGRpdiBjbGFzcz0idzI4MC1jIj48ZGl2IGNsYXNzPSJjZW50ZXItbS0wYSI+PGltZyBjbGFzcz0iaXRlbS1va2ktYm4iIGFsdD0i44Kt44Oj44Op44Kv44K/44O844Kw44OD44K66YCa6LKp44K344ON44Oe44Kz44Os44Kv44K344On44Oz44Gu44GK5rCX44Gr5YWl44KK44Oq44K544OI44KS56K66KqN44GZ44KLIiBzcmM9Imh0dHA6Ly9pbWFnZS5yYWt1dGVuLmNvLmpwL2NpbmVtYWNvbGxlY3Rpb24vY2FiaW5ldC9va2ktMi5naWYiPjwvZGl2PjwvZGl2PjwhLS0g4piF44GK5rCX44Gr5YWl44KK44Kz44Kz44G+44GnLS0+PCEtLeKYheWJiumZpOS4jeWPry0tPjwvc3Bhbj48L3RkPjwvdHI+PC90YWJsZT48YnI+PC90ZD48L3RyPjwvdGFibGU+PGJyPjx0YWJsZSBjZWxscGFkZGluZz0iMCIgYm9yZGVyPSIwIj48dHI+PHRkPjx0YWJsZSBjZWxscGFkZGluZz0iMCIgYm9yZGVyPSIwIj48dHI+PHRkPjxzcGFuPjwhLS3plqLpgKPmpJzntKLjgq3jg7zjg6/jg7zjg4ktLT48ZGl2IHN0eWxlPSJ3aWR0aDoxMDAlO3RleHQtYWxpZ246IGNlbnRlciI+PGgzIHN0eWxlPSJjb2xvcjojN2Y3ZjdmOyI+44GK5byB5b2T44KS5aeL44KB44CB44Kz44K544Oh44Gq44Gp44GE44KN44GE44KN5L2/44GI44KL5L6/5Yip44Gq44K144OW44OQ44OD44KwPGJyPjwhLS3imIVLLS0+44GL44KP44GE44GEL+OBiuW8geW9k+OCsOODg+OCui/jgYrjgZfjgoPjgowv5biG5biDL+ODqeODs+ODgeOCsOODg+OCujwvaDM+PGltZyBzdHlsZT0ibWFyZ2luOjE1cHggMCAxMHB4IDA7d2lkdGg6MTAwJSA7Ym9yZGVyOm5vbmU7IiBhbHQ9IuOCreODo+ODqeOCr+OCv+ODvOOCsOODg+OCuuWwgumWgOW6ly/jgrfjg43jg57jgrPjg6zjgq/jgrfjg6fjg7Mv5ZWG5ZOB6Kmz57SwIiBzcmM9Imh0dHA6Ly93d3cucmFrdXRlbi5uZS5qcC9nb2xkL2NpbmVtYWNvbGxlY3Rpb24vYm4vaXRlbS1ibjAxLmdpZiIgLz48ZGl2IHN0eWxlPSJjb2xvcjojN2Y3ZjdmO3dpZHRoOjkwJTttYXJnaW46MCBhdXRvOyNlZmVmZWYgc29saWQgMXB4O3BhZGRpbmc6MTBweDt0ZXh0LWFsaWduOiBsZWZ0OyI+5aSn5Lq65rCX44CQUEVBTlVUUy9TTk9PUFnjgJHjgrDjg4Pjgrrjgavjgb7jgZ/jgb7jgZ/lj6/mhJvjgYRuZXfjgqLjgqTjg4bjg6DnmbvloLQhITxicj7jgZPjgaHjgonjga/jgZPjgozjgYvjgonjga7lraPnr4DjgavjgajjgaPjgabjgoLph43lrp3jgZnjgovjg57jg4Hku5jjgY3jgrPjg4Pjg4jjg7Pjg5Djg4PjgrAhITxicj7jgYrlvIHlvZPjgpLlp4vjgoHjgIHjgrPjgrnjg6HjgarjganjgYTjgo3jgYTjgo3kvb/jgYjjgovkvr/liKnjgarjgrXjgqTjgrrjga7jgrXjg5bjg5Djg4PjgrDimIY8YnI+5YaF5YG044Gr44Gv44Od44Kx44OD44OI44KC5LuY44GE44Gm44Go44Gj44Gm44KC5L6/5Yip4pmqPGJyPuS7luOBq+OCguOBhOOCjeOBhOOCjeeorumhnuOBguOCi+OBruOBp+OBiuawl+OBq+WFpeOCiuOCkuaOouOBl+OBpuOBreKZqjxicj48YnI+4pag44K144Kk44K677ya57SEMjk1w5cyMDDDlzkwbW08YnI+4pag57Sg5p2Q77ya44Kz44OD44OI44OzPEJSPjxCUj7ilqDjgqvjg6njg7wg44Kv44Oq44O844Og57O777yI55m944O76JaE44GE44Kk44Ko44Ot44O877yJPEJSPjxCUj48L2Rpdj48L2Rpdj48ZGl2IHN0eWxlPSJ3aWR0aDoxMDAlO3RleHQtYWxpZ246IGNlbnRlcjsiPjxpbWcgc3R5bGU9Im1hcmdpbjoxNXB4IDAgMTBweCAwO3dpZHRoOjEwMCUgO2JvcmRlcjpub25lOyIgYWx0PSLjgq3jg6Pjg6njgq/jgr/jg7zjgrDjg4PjgrrlsILploDlupcv44K344ON44Oe44Kz44Os44Kv44K344On44OzL+ips+e0sOeUu+WDjyIgc3JjPSJodHRwOi8vd3d3LnJha3V0ZW4ubmUuanAvZ29sZC9jaW5lbWFjb2xsZWN0aW9uL2JuL2l0ZW0tYm4wMi5naWYiIC8+PGRpdiBzdHlsZT0id2lkdGg6MTAwJTttYXJnaW46MCBhdXRvOyI+PGltZyBzdHlsZT0id2lkdGg6MjYwcHg7bWFyZ2luOjJweDtib3JkZXI6bm9uZTsiIHNyYz0iaHR0cDovL2ltYWdlLnJha3V0ZW4uY28uanAvY2luZW1hY29sbGVjdGlvbi9jYWJpbmV0L3IyMDE3MDQyMS9zbS1zbmFwMTY2Mi5qcGciPjxpbWcgc3R5bGU9IndpZHRoOjI2MHB4O21hcmdpbjoycHg7Ym9yZGVyOm5vbmU7IiBzcmM9Imh0dHA6Ly9pbWFnZS5yYWt1dGVuLmNvLmpwL2NpbmVtYWNvbGxlY3Rpb24vY2FiaW5ldC9yMjAxNzA0MjEvc20tc25hcDE2NjJfMi5qcGciPjxpbWcgc3R5bGU9IndpZHRoOjI2MHB4O21hcmdpbjoycHg7Ym9yZGVyOm5vbmU7IiBzcmM9Imh0dHA6Ly9pbWFnZS5yYWt1dGVuLmNvLmpwL2NpbmVtYWNvbGxlY3Rpb24vY2FiaW5ldC9yMjAxNzA0MjEvc20tc25hcDE2NjJfMy5qcGciPjwvZGl2PjwvZGl2PjxkaXYgc3R5bGU9IndpZHRoOjEwMCU7dGV4dC1hbGlnbjogY2VudGVyOyI+PGltZyBzdHlsZT0ibWFyZ2luOjE1cHggMCAxMHB4IDA7d2lkdGg6MTAwJSA7Ym9yZGVyOm5vbmU7IiBhbHQ9IuOCreODo+ODqeOCr+OCv+ODvOOCsOODg+OCuuWwgumWgOW6ly/jgrfjg43jg57jgrPjg6zjgq/jgrfjg6fjg7Mv6Kmz57Sw55S75YOPIiBzcmM9Imh0dHA6Ly93d3cucmFrdXRlbi5uZS5qcC9nb2xkL2NpbmVtYWNvbGxlY3Rpb24vYm4vaXRlbS1ibjAzLmdpZiIgLz48ZGl2IHN0eWxlPSJ3aWR0aDo1MCU7dG9wOjc1cHg7ZmxvYXQ6bGVmdDt0ZXh0LWFsaWduOiBsZWZ0OyI+44CQ44K544OM44O844OU44O844CR5LuW44Gu56iu6aGe44Gv44GT44Gh44KJ44GL44KJICZndDsmZ3Q7PC9kaXY+PGRpdiBzdHlsZT0id2lkdGg6NTAlO2Zsb2F0OmxlZnQ7dGV4dC1hbGlnbjpyaWdodDsiPjxpbWcgc3R5bGU9IndpZHRoOjI1MHB4O2JvcmRlcjpub25lOyIgc3JjPSJodHRwOi8vaW1hZ2UucmFrdXRlbi5jby5qcC9jaW5lbWFjb2xsZWN0aW9uL2NhYmluZXQvMDAybGJuL3RvcGxiNDIuanBnIj48L2Rpdj48ZGl2IHN0eWxlPSJjbGVhcjpib3RoOyI+PC9kaXY+PC9kaXY+PCEtLemWoumAo+aknOe0ouOCreODvOODr+ODvOODiS0tPjxkaXYgY2xhc3M9ImthbnJlbi1saW5rIj7jgZPjga7jgqvjg4bjgrTjg6rjgavjga/jgZPjgpPjgarllYblk4HjgYzlkKvjgb7jgozjgabjgYTjgb7jgZk8YnI+PGJyPjxzcGFuIGNsYXNzPSJrYW5yZW4tbGluayI+44OQ44OD44Kw44O76LKh5biD44CQ44Op44Oz44OB44OI44O844OI44CRPC9zcGFuPjwvZGl2PjwhLS3imIXjgrPjgrPjgb7jgactLT48IS0t6Zai6YCj5qSc57Si44Kt44O844Ov44O844OJLS0+PGRpdiBjbGFzcz0ia2FucmVuLWxpbmsiPuOBk+OCjOOCkuimi+OBn+S6uuOBr+OBk+OCk+OBquOCreODvOODr+ODvOODieOBp+aknOe0ouOBl+OBpuOBhOOBvuOBmTxicj48YnI+PHNwYW4gY2xhc3M9ImthbnJlbi1saW5rIj7lsI/jgZXjgoEg44OI44O844OI44OQ44OD44KwPC9zcGFuPjxzcGFuIGNsYXNzPSJrYW5yZW4tbGluayI+44OI44O844OI44OQ44OD44KwIOOCreODo+ODs+ODkOOCuTwvc3Bhbj48c3BhbiBjbGFzcz0ia2FucmVuLWxpbmsiPuOCreODo+ODqeOCr+OCv+ODvCDjg4jjg7zjg4jjg5Djg4PjgrA8L3NwYW4+PHNwYW4gY2xhc3M9ImthbnJlbi1saW5rIj7jg4fjgqPjgrrjg4vjg7wg44OQ44OD44KwPC9zcGFuPjxzcGFuIGNsYXNzPSJrYW5yZW4tbGluayI+44K144Oz44Oq44KqIOODkOODg+OCsDwvc3Bhbj48c3BhbiBjbGFzcz0ia2FucmVuLWxpbmsiPuOCreODo+ODqeOCr+OCv+ODvCDjg53jg7zjg4E8L3NwYW4+PHNwYW4gY2xhc3M9ImthbnJlbi1saW5rIj7jgq3jg6Pjg6njgq/jgr/jg7wg44OV44Kh44OD44K344On44OzPC9zcGFuPjxzcGFuIGNsYXNzPSJrYW5yZW4tbGluayI+44Kt44Oj44Op44Kv44K/44O8IOOCsOODg+OCujwvc3Bhbj48c3BhbiBjbGFzcz0ia2FucmVuLWxpbmsiPuOCreODo+ODqeOCr+OCv+ODvCDjg5Djg4PjgrA8L3NwYW4+PHNwYW4gY2xhc3M9ImthbnJlbi1saW5rIj7jg5XjgqHjg4Pjgrfjg6fjg7PlsI/niak8L3NwYW4+PC9kaXY+PCEtLeKYheOCs+OCs+OBvuOBpy0tPjwhLS01NjAwLS0+Cgo8L1REPjwvVFI+PC9UQUJMRT48YnI+PGJyPgoKCjwhLS3mlrDnnYAgLS0+Cgo8aW1nIHN0eWxlPSJ3aWR0aDo4MDBweDttYXJnaW46MCAwIDEwcHggMDtib3JkZXI6bm9uZTsiIHNyYz0iaHR0cDovL2ltYWdlLnJha3V0ZW4uY28uanAvY2luZW1hY29sbGVjdGlvbi9jYWJpbmV0L3Npbi5naWYiPjxicj4KPGRpdiBzdHlsZT0id2lkdGg6NzUwcHg7bWFyZ2luOiAwIGF1dG87cGFkZGluZzoxNXB4O3RleHQtYWxpZ246cmlnaHQ7Zm9udC13ZWlnaHQ6Ym9sZDtmb250LXNpemU6MThweDsiPj4+5paw552A5oOF5aCx44Gu44Gk44Gl44GN44Gv44GT44Gh44KJPC9kaXY+Cjxicj4KPGRpdiBzdHlsZT0id2lkdGg6NzUwcHg7bWFyZ2luOiAwIGF1dG87cGFkZGluZzoxNXB4O3RleHQtYWxpZ246cmlnaHQ7Zm9udC13ZWlnaHQ6Ym9sZDtmb250LXNpemU6MThweDsiPj4+5paw552A5oOF5aCx44Gu44Gk44Gl44GN44Gv44GT44Gh44KJPC9kaXY+CgoKCgoKCjxpbWcgc3R5bGU9IndpZHRoOjgwMHB4O21hcmdpbjowIDAgMTBweCAwO2JvcmRlcjpub25lOyIgc3JjPSJodHRwOi8vaW1hZ2UucmFrdXRlbi5jby5qcC9jaW5lbWFjb2xsZWN0aW9uL2NhYmluZXQvY2FyLmdpZiI+PGJyPgo8dGFibGUgd2lkdGg9IjgwMCI+PHRyPjx0ZCB3aWR0aD0iODAwIiBhbGlnbj0icmlnaHQiPuKHkuOBmeOBueOBpuOBruOCreODo+ODqeOCr+OCv+ODvOOBr+OBk+OBoeOCiTwvdGQ+PC90cj48dHI+PHRkPjxicj48YnI+Cgo8YnI+PGJyPgo8L3RkPjwvdHI+PC90YWJsZT48YnI+PGJyPgoKCjxpbWcgc3R5bGU9IndpZHRoOjgwMHB4O21hcmdpbjowIDAgMTBweCAwO2JvcmRlcjpub25lOyIgc3JjPSJodHRwOi8vaW1hZ2UucmFrdXRlbi5jby5qcC9jaW5lbWFjb2xsZWN0aW9uL2NhYmluZXQvY2F0LmdpZiI+PGJyPgo8L2NlbnRlcj4KCgo8IS0tIC0tPgoKPHN0eWxlPgovKuiyt+OBhOeJqeOCq+OCtOODnOOCv+ODsyovCiNyYWt1dGVuTGltaXRlZElkX2Fyb3VuZENhcnQgaW5wdXQgewoJd2lkdGg6IDI4MHB4OwoJaGVpZ2h0OiAxNTBweDsKCWJhY2tncm91bmQ6dXJsKGh0dHA6Ly9pbWFnZS5yYWt1dGVuLmNvLmpwL2NpbmVtYWNvbGxlY3Rpb24vY2FiaW5ldC9jYXJ0LmdpZikgI2ZmZmZmZiBuby1yZXBlYXQ7CglvdmVyZmxvdzogaGlkZGVuOwoJYm9yZGVyLXdpZHRoOiAwcHg7CgljdXJzb3I6IHBvaW50ZXIgIWltcG9ydGFudDsKCXRleHQtaW5kZW50OiAxNTAlOwoJd2hpdGUtc3BhY2U6IG5vd3JhcDsKCW1hcmdpbjogNXB4IDAgMCAwOwoJZGlzcGxheTpibG9jazsKfQoKI3Jha3V0ZW5MaW1pdGVkSWRfYXJvdW5kQ2FydCAuaW52ZW50b3J5IGlucHV0IHsKCWJhY2tncm91bmQ6bm9uZSAhaW1wb3J0YW50OwoJd2lkdGg6IDJlbSFpbXBvcnRhbnQ7CgloZWlnaHQ6IDEuMmVtIWltcG9ydGFudDsKCWRpc3BsYXk6aW5saW5lOwp9CgoKLyrlgIvmlbDjg4bjgq3jgrnjg4gqLwojcmFrdXRlbkxpbWl0ZWRJZF9hcm91bmRDYXJ0IC51bml0IHsKCWZvbnQtc2l6ZToxNnB4Owp9CgovKuWAi+aVsOWFpeWKmyovCiNyYWt1dGVuTGltaXRlZElkX2Fyb3VuZENhcnQgaW5wdXQjdW5pdHMgewoJYm9yZGVyOnNvbGlkICNjY2MgMXB4OwoJYmFja2dyb3VuZDojZmZmIWltcG9ydGFudDsKCXdpZHRoOjMwcHg7CgloZWlnaHQ6MzBweDsKCWN1cnNvcjphdXRvOwoJcGFkZGluZzo3cHggN3B4IDdweCAzcHg7Cgl0ZXh0LWluZGVudDogMHB4OwoJb3ZlcmZsb3c6IGhpZGRlbjsKCWRpc3BsYXk6aW5saW5lOwoJZm9udC1zaXplOjE2cHg7Cn0KCi8q44GK5ZWP44GE5ZCI44KP44Gb44Oc44K/44OzKi8KI3Jha3V0ZW5MaW1pdGVkSWRfYXJvdW5kQ2FydCBmb250IGlucHV0IHsKCXdpZHRoOiAyODBweDsKCWhlaWdodDogODBweDsKCWJhY2tncm91bmQ6dXJsKGh0dHA6Ly9pbWFnZS5yYWt1dGVuLmNvLmpwL2NpbmVtYWNvbGxlY3Rpb24vY2FiaW5ldC90b2kuZ2lmKSAjZmZmZmZmIG5vLXJlcGVhdDsKCW92ZXJmbG93OiBoaWRkZW47Cglib3JkZXItd2lkdGg6IDBweDsKCWN1cnNvcjogcG9pbnRlciAhaW1wb3J0YW50OwoJdGV4dC1pbmRlbnQ6IDE1MCU7Cgl3aGl0ZS1zcGFjZTogbm93cmFwOwoJbWFyZ2luOiA1cHggMCAwIDA7CglkaXNwbGF5OmJsb2NrOwp9Cgojc2VydmljZVRhYmxlU21sIC5mYXZvcml0ZSB7CglkaXNwbGF5OmJsb2NrOwoJd2lkdGg6IDI4MHB4Owp9Cgojc2VydmljZVRhYmxlU21sIC5mYXZvcml0ZSAuYm9va21hcmtBcmVhIGRpdnsKCXdpZHRoOiAyODBweCFpbXBvcnRhbnQ7Cn0KCiNzZXJ2aWNlVGFibGVTbWwgLmZhdm9yaXRlIC5ia20gYSB7Cgl3aWR0aDogMjgwcHghaW1wb3J0YW50OwoJaGVpZ2h0OiAzMDBweCFpbXBvcnRhbnQ7CgliYWNrZ3JvdW5kOnVybChodHRwOi8vaW1hZ2UucmFrdXRlbi5jby5qcC9jaW5lbWFjb2xsZWN0aW9uL2NhYmluZXQvb2tpLmdpZikgI2ZmZmZmZiBuby1yZXBlYXQ7CglvdmVyZmxvdzogaGlkZGVuOwoJYm9yZGVyLXdpZHRoOiAwcHg7CgljdXJzb3I6IHBvaW50ZXIgIWltcG9ydGFudDsKCXRleHQtaW5kZW50Oi0xNTAlOwoJbWFyZ2luOiA1cHggMCAwIDA7CglkaXNwbGF5OmJsb2NrOwp9CgoKLyrjgYrmsJfjgavlhaXjgooqLwoKZGl2LncyODAtYyAge3dpZHRoOjI4MHB4O3RleHQtYWxpZ246IGNlbnRlcjt9CmRpdi5jZW50ZXItbS0wYSAge21hcmdpbjowIGF1dG87fQouaXRlbS1va2ktYm4gIHt3aWR0aDoyODBweDttYXJnaW46MnB4IDA7Ym9yZGVyOm5vbmU7fQouaXRlbS1pZnJhbWUgIHttYXJnaW46MHB4O2JvcmRlcjowcHg7fQoKZGl2LmthbnJlbi1saW5rIHtjb2xvcjojN2Y3ZjdmO3dpZHRoOjkwJTttYXJnaW46MjBweCBhdXRvO3BhZGRpbmc6MjBweDt0ZXh0LWFsaWduOiBsZWZ0O2ZvbnQtc2l6ZToxLjJlbTtiYWNrZ3JvdW5kLWNvbG9yOiNmZmZmZmY7Ym9yZGVyOmRvdHRlZCAycHggI2ZmODAzMzt9CnNwYW4ua2FucmVuLWxpbmsge21hcmdpbjoxMHB4IDtwYWRkaW5nOiAwIDAgMCAwLjVlbTtmb250LXNpemU6MS4yZW07CmJhY2tncm91bmQ6dXJsKGh0dHA6Ly9pbWFnZS5yYWt1dGVuLmNvLmpwL21tLXBvcC9jYWJpbmV0L2xpbmstaGVhZC1way5naWYpIG5vLXJlcGVhdCAwIDAuNDVlbTsKfQphOmxpbmsga2FucmVuLWxpbmt7Zm9udC1zaXplOjEuMmVtOyBjb2xvcjojMzM4MGZmO3RleHQtZGVjb3JhdGlvbjpub25lO30KCjwvc3R5bGU+CgoKCgo8IS0tIAo8c3lsZSB0eXBlPSJ0ZXh0L2NzcyI+CiBodG1sLGJvZHl7IG92ZXJmbG93LXg6aGlkZGVuOyB9CgphOmxpbmsge2NvbG9yOiMzMzgwZmY7fQphOnZpc2l0ZWQge2NvbG9yOiM2NjY7fQphOmhvdmVyIHtjb2xvcjojMzMzO30KYTphY3RpdmUge2NvbG9yOiMzMzM7fQphe3RleHQtZGVjb3JhdGlvbjpub25lO30KaW1nIHtib3JkZXI6bm9uZTsgdmVydGljYWwtYWxpZ246Ym90dG9tO30KcCB7bWFyZ2luOjA7IHBhZGRpbmc6MDsgZm9udC1zaXplOjgwJTt9CnAucmVzaXplaW1hZ2UgaW1nIHsgd2lkdGg6IDk4JTsgfQpwLnJlc2l6ZWltYWdlMiBpbWcgeyB3aWR0aDogOTAlOyB9CmE6aG92ZXIgaW1nIHtvcGFjaXR5OiAwLjY7IGZpbHRlcjogYWxwaGEob3BhY2l0eT02MCk7IC1tb3otb3BhY2l0eTogMC42O30KCgppbWcudG9wYm57bWFyZ2luOjEwcHggMDtib3JkZXI6bm9uZTt9CmRpdi5kaXNjMyB7d2lkdGg6MTAwJTttYXJnaW46IDAgYXV0bztwYWRkaW5nOjE1cHg7YmFja2dyb3VuZDojZWZlZmVmO3RleHQtYWxpZ246bGVmdDtmb250LXdlaWdodDpib2xkO2ZvbnQtc2l6ZToxOHB4O30KCiA8L3N0eWxlPgotLT4KCgo8c3R5bGUgdHlwZT0idGV4dC9jc3MiPgo8IS0tCgpkaXYjSGVhZGVyS2V5d29yZCB7Cglwb3NpdGlvbjphYnNvbHV0ZTsKCXRvcDo2MHB4Oy8q5LiA55Wq5LiK44GL44KJ44Gu5L2N572uKi8KCWxlZnQ6NjBweDsvKuW3puerr+OBi+OCieOBruS9jee9riovCn0KCmRpdiNIZWFkZXJLZXl3b3JkIHNwYW4gewoJYmFja2dyb3VuZDogI2JmMDAwMDsKCWNvbG9yOiNmZmY7Cglmb250LXdlaWdodDpib2xkOwoJcGFkZGluZzoycHggNXB4Owp9CgpkaXYjSGVhZGVyS2V5d29yZCBhIHsKCWNvbG9yOiMwMDQ0Q0M7Cn0KCi0tPgo8L3N0eWxlPgo8ZGl2IGlkPSJIZWFkZXJLZXl3b3JkIj4KPHNwYW4+5rOo55uu44Gu44Kt44O844Ov44O844OJPC9zcGFuPgo+PuaWh+aIv+WFtwo+PuODkOODg+OCsAo+PuOBiuiyoeW4gwo+PuOCueODjOODvOODlOODvAoKPC9kaXY+,44K544OM44O844OU44O8IOODqeODs+ODgeODkOODg+OCsCDjg57jg4Hku5jjgY3jgrPjg4Pjg4jjg7Pjg5Djg4PjgrAg44OJ44Op44Kk44OW44Kk44OzICDjg5Tjg7zjg4rjg4Pjg4Qg44K544Oi44O844Or44OX44Op44ON44OD44OIIDI5LjUmdGltZXM7MjAmdGltZXM7OWNtIOOBiuW8geW9k+OBi+OBsOOCkyDjgq3jg6Pjg6njgq/jgr/jg7zjgrDjg4PjgrrpgJrosqkg44CQ44Oh44O844Or5L6/5Y+v44CR44CQ44GC44GZ5qW944CR44K344ON44Oe44Kz44Os44Kv44K344On44Oz77ya44Kt44Oj44Op44Kv44K/44O844Gu44K344ON44Oe44Kz44Os44Kv44K344On44Oz,44Kt44Oj44Op44Kv44K/44O844Kt44Oj44Op44Kv44K/44O844Kw44OD44K644Kt44Oj44Op44Kv44K/44O86ZuR6LKo6ZuR6LKo44K144Oz44Oq44Kq44OH44Kj44K644OL44O844KG44KL44Kt44Oj44Op44Of44OD44Kt44O844Kt44OG44Kj44GP44G+44Oi44Oz44Ov44Oz44OU44O844K544Ki44OL44Oh44Ki44OL44Oh44Kw44OD44K644K/44Kq44Or5paH5YW35paH5oi/5YW344Kk44Oz44OG44Oq44Ki55Sf5rS76ZuR6LKo44Kt44OD44K65a2Q44Gp44KC44K544OM44O844OU44O8IOODqeODs+ODgeODkOODg+OCsCDjg57jg4Hku5jjgY3jgrPjg4Pjg4jjg7Pjg5Djg4PjgrAg44OJ44Op44Kk44OW44Kk44OzICDjg5Tjg7zjg4rjg4Pjg4Qg44K544Oi44O844Or44OX44Op44ON44OD44OIIDI5LjUmdGltZXM7MjAmdGltZXM7OWNtIOOBiuW8geW9k+OBi+OBsOOCkyDjgq3jg6Pjg6njgq/jgr/jg7zjgrDjg4PjgrrpgJrosqkg44CQ44Oh44O844Or5L6/5Y+v44CR44CQ44GC44GZ5qW944CR44K344ON44Oe44Kz44Os44Kv44K344On44Oz,44K544OM44O844OU44O8IOODqeODs+ODgeODkOODg+OCsCDjg57jg4Hku5jjgY3jgrPjg4Pjg4jjg7Pjg5Djg4PjgrAg44OJ44Op44Kk44OW44Kk44OzICDjg5Tjg7zjg4rjg4Pjg4Qg44K544Oi44O844Or44OX44Op44ON44OD44OIIDI5LjUmdGltZXM7MjAmdGltZXM7OWNtIOOBiuW8geW9k+OBi+OBsOOCkyDjgq3jg6Pjg6njgq/jgr/jg7zjgrDjg4PjgrrpgJrosqkg44CQ44Oh44O844Or5L6/5Y+v44CR44CQ44GC44GZ5qW944CR44K344ON44Oe44Kz44Os44Kv44K344On44Oz[rn]
30-32961,aHR0cDovL3RzaG9wLnIxMHMuanAvY2luZW1hY29sbGVjdGlvbi9jYWJpbmV0L3IyMDE3MDQyMS9zbS1zbmFwMTY2MS5qcGc/Zml0aW49NzAwOjcwMA==,Nzk5LjIwMDA=,,44Kt44OD44K644O744OZ44OT44O844O744Oe44K/44OL44OG44KjID4g44Kt44OD44K6ID4g6ZuR6LKo44O75bCP54mp77yI44GK5byB5b2T44Kw44OD44K644O744K/44Kq44Or44O75paH5YW36aGe77yJID4g5a2Q5L6b55So44GK5byB5b2T6KKL,44K544OM44O844OU44O8IOODqeODs+ODgeODkOODg+OCsCDjg57jg4Hku5jjgY3jgrPjg4Pjg4jjg7Pjg5Djg4PjgrAg44Od44OD44OX44Kz44O844Oz44OR44O844OG44KjICDjg5Tjg7zjg4rjg4Pjg4Qg44K544Oi44O844Or44OX44Op44ON44OD44OIIDI5LjXDlzIww5c5Y20g44GK5byB5b2T44GL44Gw44KTIOOCreODo+ODqeOCr+OCv+ODvOOCsOODg+OCuumAmuiyqSDjgJDjg6Hjg7zjg6vkvr/lj6/jgJHjgJDjgYLjgZnmpb3jgJHjgrfjg43jg57jgrPjg6zjgq/jgrfjg6fjg7M=,,PGNlbnRlcj48YSBocmVmPSJodHRwOi8vd3d3LnJha3V0ZW4ubmUuanAvZ29sZC9jaW5lbWFjb2xsZWN0aW9uL2Fuc3dlci5odG1sI2MxcTMiIHRhcmdldD0iX25ldyI+PGltZyB3aWR0aD0iNzUwIiBib3JkZXI9IjAiIHNyYz0iaHR0cDovL2ltYWdlLnJha3V0ZW4uY28uanAvY2luZW1hY29sbGVjdGlvbi9jYWJpbmV0L3ItbWFpbDU4MC5qcGciIGhlaWdodD0iNTAiIHZzcGFjZT0iNSI+PC9hPjwvY2VudGVyPjxicj48YnI+44K544OM44O844OU44O8IOODqeODs+ODgeODkOODg+OCsCDjg57jg4Hku5jjgY3jgrPjg4Pjg4jjg7Pjg5Djg4PjgrAg44Od44OD44OX44Kz44O844Oz44OR44O844OG44KjICDjg5Tjg7zjg4rjg4Pjg4Qg44K544Oi44O844Or44OX44Op44ON44OD44OIIDI5LjXDlzIww5c5Y20g44GK5byB5b2T44GL44Gw44KTIOOCreODo+ODqeOCr+OCv+ODvOOCsOODg+OCuumAmuiyqSDjgJDjg6Hjg7zjg6vkvr/lj6/jgJHjgJDjgYLjgZnmpb3jgJHjgrfjg43jg57jgrPjg6zjgq/jgrfjg6fjg7M8QlI+PEJSPjwhLS0g4piF44GK5rCX44Gr5YWl44KKLS0+PGRpdiBjbGFzcz0idzI4MC1jIj48ZGl2IGNsYXNzPSJjZW50ZXItbS0wYSI+PGltZyBjbGFzcz0iaXRlbS1va2ktYm4iIGFsdD0i44Kt44Oj44Op44Kv44K/44O844Kw44OD44K66YCa6LKp44K344ON44Oe44Kz44Os44Kv44K344On44Oz44Gu44GK5rCX44Gr5YWl44KK44Oq44K544OI44KS56K66KqN44GZ44KLIiBzcmM9Imh0dHA6Ly9pbWFnZS5yYWt1dGVuLmNvLmpwL2NpbmVtYWNvbGxlY3Rpb24vY2FiaW5ldC9va2ktMi5naWYiPjwvZGl2PjwvZGl2PjwhLS0g4piF44GK5rCX44Gr5YWl44KK44Kz44Kz44G+44GnLS0+PCEtLeKYheWJiumZpOS4jeWPry0tPjwvc3Bhbj48L3RkPjwvdHI+PC90YWJsZT48YnI+PC90ZD48L3RyPjwvdGFibGU+PGJyPjx0YWJsZSBjZWxscGFkZGluZz0iMCIgYm9yZGVyPSIwIj48dHI+PHRkPjx0YWJsZSBjZWxscGFkZGluZz0iMCIgYm9yZGVyPSIwIj48dHI+PHRkPjxzcGFuPjwhLS3plqLpgKPmpJzntKLjgq3jg7zjg6/jg7zjg4ktLT48ZGl2IHN0eWxlPSJ3aWR0aDoxMDAlO3RleHQtYWxpZ246IGNlbnRlciI+PGgzIHN0eWxlPSJjb2xvcjojN2Y3ZjdmOyI+44GK5byB5b2T44KS5aeL44KB44CB44Kz44K544Oh44Gq44Gp44GE44KN44GE44KN5L2/44GI44KL5L6/5Yip44Gq44K144OW44OQ44OD44KwPGJyPjwhLS3imIVLLS0+44GK5byB5b2T44Kw44OD44K6L+W4huW4gy/jg6njg7Pjg4HjgrDjg4Pjgrov44GL44KP44GE44GEL+OCt+ODs+ODl+ODqzwvaDM+PGltZyBzdHlsZT0ibWFyZ2luOjE1cHggMCAxMHB4IDA7d2lkdGg6MTAwJSA7Ym9yZGVyOm5vbmU7IiBhbHQ9IuOCreODo+ODqeOCr+OCv+ODvOOCsOODg+OCuuWwgumWgOW6ly/jgrfjg43jg57jgrPjg6zjgq/jgrfjg6fjg7Mv5ZWG5ZOB6Kmz57SwIiBzcmM9Imh0dHA6Ly93d3cucmFrdXRlbi5uZS5qcC9nb2xkL2NpbmVtYWNvbGxlY3Rpb24vYm4vaXRlbS1ibjAxLmdpZiIgLz48ZGl2IHN0eWxlPSJjb2xvcjojN2Y3ZjdmO3dpZHRoOjkwJTttYXJnaW46MCBhdXRvOyNlZmVmZWYgc29saWQgMXB4O3BhZGRpbmc6MTBweDt0ZXh0LWFsaWduOiBsZWZ0OyI+5aSn5Lq65rCX44CQUEVBTlVUUy9TTk9PUFnjgJHjgrDjg4Pjgrrjgavjgb7jgZ/jgb7jgZ/lj6/mhJvjgYRuZXfjgqLjgqTjg4bjg6DnmbvloLQhITxicj7jgZPjgaHjgonjga/jgZPjgozjgYvjgonjga7lraPnr4DjgavjgajjgaPjgabjgoLph43lrp3jgZnjgovjg57jg4Hku5jjgY3jgrPjg4Pjg4jjg7Pjg5Djg4PjgrAhITxicj7jgYrlvIHlvZPjgpLlp4vjgoHjgIHjgrPjgrnjg6HjgarjganjgYTjgo3jgYTjgo3kvb/jgYjjgovkvr/liKnjgarjgrXjgqTjgrrjga7jgrXjg5bjg5Djg4PjgrDimIY8YnI+5YaF5YG044Gr44Gv44Od44Kx44OD44OI44KC5LuY44GE44Gm44Go44Gj44Gm44KC5L6/5Yip4pmqPGJyPuS7luOBq+OCguOBhOOCjeOBhOOCjeeorumhnuOBguOCi+OBruOBp+OBiuawl+OBq+WFpeOCiuOCkuaOouOBl+OBpuOBreKZqjxicj48YnI+4pag44K144Kk44K677ya57SEMjk1w5cyMDDDlzkwbW08YnI+4pag57Sg5p2Q77ya44Kz44OD44OI44OzPEJSPjxCUj7ilqDjgqvjg6njg7wg44Kv44Oq44O844Og57O777yI55m944O76JaE44GE44Kk44Ko44Ot44O877yJPEJSPjxCUj48L2Rpdj48L2Rpdj48ZGl2IHN0eWxlPSJ3aWR0aDoxMDAlO3RleHQtYWxpZ246IGNlbnRlcjsiPjxpbWcgc3R5bGU9Im1hcmdpbjoxNXB4IDAgMTBweCAwO3dpZHRoOjEwMCUgO2JvcmRlcjpub25lOyIgYWx0PSLjgq3jg6Pjg6njgq/jgr/jg7zjgrDjg4PjgrrlsILploDlupcv44K344ON44Oe44Kz44Os44Kv44K344On44OzL+ips+e0sOeUu+WDjyIgc3JjPSJodHRwOi8vd3d3LnJha3V0ZW4ubmUuanAvZ29sZC9jaW5lbWFjb2xsZWN0aW9uL2JuL2l0ZW0tYm4wMi5naWYiIC8+PGRpdiBzdHlsZT0id2lkdGg6MTAwJTttYXJnaW46MCBhdXRvOyI+PGltZyBzdHlsZT0id2lkdGg6MjYwcHg7bWFyZ2luOjJweDtib3JkZXI6bm9uZTsiIHNyYz0iaHR0cDovL2ltYWdlLnJha3V0ZW4uY28uanAvY2luZW1hY29sbGVjdGlvbi9jYWJpbmV0L3IyMDE3MDQyMS9zbS1zbmFwMTY2MS5qcGciPjxpbWcgc3R5bGU9IndpZHRoOjI2MHB4O21hcmdpbjoycHg7Ym9yZGVyOm5vbmU7IiBzcmM9Imh0dHA6Ly9pbWFnZS5yYWt1dGVuLmNvLmpwL2NpbmVtYWNvbGxlY3Rpb24vY2FiaW5ldC9yMjAxNzA0MjEvc20tc25hcDE2NjFfMi5qcGciPjxpbWcgc3R5bGU9IndpZHRoOjI2MHB4O21hcmdpbjoycHg7Ym9yZGVyOm5vbmU7IiBzcmM9Imh0dHA6Ly9pbWFnZS5yYWt1dGVuLmNvLmpwL2NpbmVtYWNvbGxlY3Rpb24vY2FiaW5ldC9yMjAxNzA0MjEvc20tc25hcDE2NjFfMy5qcGciPjwvZGl2PjwvZGl2PjxkaXYgc3R5bGU9IndpZHRoOjEwMCU7dGV4dC1hbGlnbjogY2VudGVyOyI+PGltZyBzdHlsZT0ibWFyZ2luOjE1cHggMCAxMHB4IDA7d2lkdGg6MTAwJSA7Ym9yZGVyOm5vbmU7IiBhbHQ9IuOCreODo+ODqeOCr+OCv+ODvOOCsOODg+OCuuWwgumWgOW6ly/jgrfjg43jg57jgrPjg6zjgq/jgrfjg6fjg7Mv6Kmz57Sw55S75YOPIiBzcmM9Imh0dHA6Ly93d3cucmFrdXRlbi5uZS5qcC9nb2xkL2NpbmVtYWNvbGxlY3Rpb24vYm4vaXRlbS1ibjAzLmdpZiIgLz48ZGl2IHN0eWxlPSJ3aWR0aDo1MCU7dG9wOjc1cHg7ZmxvYXQ6bGVmdDt0ZXh0LWFsaWduOiBsZWZ0OyI+44CQ44K544OM44O844OU44O844CR5LuW44Gu56iu6aGe44Gv44GT44Gh44KJ44GL44KJICZndDsmZ3Q7PC9kaXY+PGRpdiBzdHlsZT0id2lkdGg6NTAlO2Zsb2F0OmxlZnQ7dGV4dC1hbGlnbjpyaWdodDsiPjxpbWcgc3R5bGU9IndpZHRoOjI1MHB4O2JvcmRlcjpub25lOyIgc3JjPSJodHRwOi8vaW1hZ2UucmFrdXRlbi5jby5qcC9jaW5lbWFjb2xsZWN0aW9uL2NhYmluZXQvMDAybGJuL3RvcGxiNDIuanBnIj48L2Rpdj48ZGl2IHN0eWxlPSJjbGVhcjpib3RoOyI+PC9kaXY+PC9kaXY+PCEtLemWoumAo+aknOe0ouOCreODvOODr+ODvOODiS0tPjxkaXYgY2xhc3M9ImthbnJlbi1saW5rIj7jgZPjga7jgqvjg4bjgrTjg6rjgavjga/jgZPjgpPjgarllYblk4HjgYzlkKvjgb7jgozjgabjgYTjgb7jgZk8YnI+PGJyPjxzcGFuIGNsYXNzPSJrYW5yZW4tbGluayI+44OQ44OD44Kw44O76LKh5biD44CQ44Op44Oz44OB44OI44O844OI44CRPC9zcGFuPjwvZGl2PjwhLS3imIXjgrPjgrPjgb7jgactLT48IS0t6Zai6YCj5qSc57Si44Kt44O844Ov44O844OJLS0+PGRpdiBjbGFzcz0ia2FucmVuLWxpbmsiPuOBk+OCjOOCkuimi+OBn+S6uuOBr+OBk+OCk+OBquOCreODvOODr+ODvOODieOBp+aknOe0ouOBl+OBpuOBhOOBvuOBmTxicj48YnI+PHNwYW4gY2xhc3M9ImthbnJlbi1saW5rIj7lsI/jgZXjgoEg44OI44O844OI44OQ44OD44KwPC9zcGFuPjxzcGFuIGNsYXNzPSJrYW5yZW4tbGluayI+44OI44O844OI44OQ44OD44KwIOOCreODo+ODs+ODkOOCuTwvc3Bhbj48c3BhbiBjbGFzcz0ia2FucmVuLWxpbmsiPuOCreODo+ODqeOCr+OCv+ODvCDjg4jjg7zjg4jjg5Djg4PjgrA8L3NwYW4+PHNwYW4gY2xhc3M9ImthbnJlbi1saW5rIj7jg4fjgqPjgrrjg4vjg7wg44OQ44OD44KwPC9zcGFuPjxzcGFuIGNsYXNzPSJrYW5yZW4tbGluayI+44K144Oz44Oq44KqIOODkOODg+OCsDwvc3Bhbj48c3BhbiBjbGFzcz0ia2FucmVuLWxpbmsiPuOCreODo+ODqeOCr+OCv+ODvCDjg53jg7zjg4E8L3NwYW4+PHNwYW4gY2xhc3M9ImthbnJlbi1saW5rIj7jgq3jg6Pjg6njgq/jgr/jg7wg44OV44Kh44OD44K344On44OzPC9zcGFuPjxzcGFuIGNsYXNzPSJrYW5yZW4tbGluayI+44Kt44Oj44Op44Kv44K/44O8IOOCsOODg+OCujwvc3Bhbj48c3BhbiBjbGFzcz0ia2FucmVuLWxpbmsiPuOCreODo+ODqeOCr+OCv+ODvCDjg5Djg4PjgrA8L3NwYW4+PHNwYW4gY2xhc3M9ImthbnJlbi1saW5rIj7jg5XjgqHjg4Pjgrfjg6fjg7PlsI/niak8L3NwYW4+PC9kaXY+PCEtLeKYheOCs+OCs+OBvuOBpy0tPjwhLS01NjAwLS0+Cgo8L1REPjwvVFI+PC9UQUJMRT48YnI+PGJyPgoKCjwhLS3mlrDnnYAgLS0+Cgo8aW1nIHN0eWxlPSJ3aWR0aDo4MDBweDttYXJnaW46MCAwIDEwcHggMDtib3JkZXI6bm9uZTsiIHNyYz0iaHR0cDovL2ltYWdlLnJha3V0ZW4uY28uanAvY2luZW1hY29sbGVjdGlvbi9jYWJpbmV0L3Npbi5naWYiPjxicj4KPGRpdiBzdHlsZT0id2lkdGg6NzUwcHg7bWFyZ2luOiAwIGF1dG87cGFkZGluZzoxNXB4O3RleHQtYWxpZ246cmlnaHQ7Zm9udC13ZWlnaHQ6Ym9sZDtmb250LXNpemU6MThweDsiPj4+5paw552A5oOF5aCx44Gu44Gk44Gl44GN44Gv44GT44Gh44KJPC9kaXY+Cjxicj4KPGRpdiBzdHlsZT0id2lkdGg6NzUwcHg7bWFyZ2luOiAwIGF1dG87cGFkZGluZzoxNXB4O3RleHQtYWxpZ246cmlnaHQ7Zm9udC13ZWlnaHQ6Ym9sZDtmb250LXNpemU6MThweDsiPj4+5paw552A5oOF5aCx44Gu44Gk44Gl44GN44Gv44GT44Gh44KJPC9kaXY+CgoKCgoKCjxpbWcgc3R5bGU9IndpZHRoOjgwMHB4O21hcmdpbjowIDAgMTBweCAwO2JvcmRlcjpub25lOyIgc3JjPSJodHRwOi8vaW1hZ2UucmFrdXRlbi5jby5qcC9jaW5lbWFjb2xsZWN0aW9uL2NhYmluZXQvY2FyLmdpZiI+PGJyPgo8dGFibGUgd2lkdGg9IjgwMCI+PHRyPjx0ZCB3aWR0aD0iODAwIiBhbGlnbj0icmlnaHQiPuKHkuOBmeOBueOBpuOBruOCreODo+ODqeOCr+OCv+ODvOOBr+OBk+OBoeOCiTwvdGQ+PC90cj48dHI+PHRkPjxicj48YnI+Cgo8YnI+PGJyPgo8L3RkPjwvdHI+PC90YWJsZT48YnI+PGJyPgoKCjxpbWcgc3R5bGU9IndpZHRoOjgwMHB4O21hcmdpbjowIDAgMTBweCAwO2JvcmRlcjpub25lOyIgc3JjPSJodHRwOi8vaW1hZ2UucmFrdXRlbi5jby5qcC9jaW5lbWFjb2xsZWN0aW9uL2NhYmluZXQvY2F0LmdpZiI+PGJyPgo8L2NlbnRlcj4KCgo8IS0tIC0tPgoKPHN0eWxlPgovKuiyt+OBhOeJqeOCq+OCtOODnOOCv+ODsyovCiNyYWt1dGVuTGltaXRlZElkX2Fyb3VuZENhcnQgaW5wdXQgewoJd2lkdGg6IDI4MHB4OwoJaGVpZ2h0OiAxNTBweDsKCWJhY2tncm91bmQ6dXJsKGh0dHA6Ly9pbWFnZS5yYWt1dGVuLmNvLmpwL2NpbmVtYWNvbGxlY3Rpb24vY2FiaW5ldC9jYXJ0LmdpZikgI2ZmZmZmZiBuby1yZXBlYXQ7CglvdmVyZmxvdzogaGlkZGVuOwoJYm9yZGVyLXdpZHRoOiAwcHg7CgljdXJzb3I6IHBvaW50ZXIgIWltcG9ydGFudDsKCXRleHQtaW5kZW50OiAxNTAlOwoJd2hpdGUtc3BhY2U6IG5vd3JhcDsKCW1hcmdpbjogNXB4IDAgMCAwOwoJZGlzcGxheTpibG9jazsKfQoKI3Jha3V0ZW5MaW1pdGVkSWRfYXJvdW5kQ2FydCAuaW52ZW50b3J5IGlucHV0IHsKCWJhY2tncm91bmQ6bm9uZSAhaW1wb3J0YW50OwoJd2lkdGg6IDJlbSFpbXBvcnRhbnQ7CgloZWlnaHQ6IDEuMmVtIWltcG9ydGFudDsKCWRpc3BsYXk6aW5saW5lOwp9CgoKLyrlgIvmlbDjg4bjgq3jgrnjg4gqLwojcmFrdXRlbkxpbWl0ZWRJZF9hcm91bmRDYXJ0IC51bml0IHsKCWZvbnQtc2l6ZToxNnB4Owp9CgovKuWAi+aVsOWFpeWKmyovCiNyYWt1dGVuTGltaXRlZElkX2Fyb3VuZENhcnQgaW5wdXQjdW5pdHMgewoJYm9yZGVyOnNvbGlkICNjY2MgMXB4OwoJYmFja2dyb3VuZDojZmZmIWltcG9ydGFudDsKCXdpZHRoOjMwcHg7CgloZWlnaHQ6MzBweDsKCWN1cnNvcjphdXRvOwoJcGFkZGluZzo3cHggN3B4IDdweCAzcHg7Cgl0ZXh0LWluZGVudDogMHB4OwoJb3ZlcmZsb3c6IGhpZGRlbjsKCWRpc3BsYXk6aW5saW5lOwoJZm9udC1zaXplOjE2cHg7Cn0KCi8q44GK5ZWP44GE5ZCI44KP44Gb44Oc44K/44OzKi8KI3Jha3V0ZW5MaW1pdGVkSWRfYXJvdW5kQ2FydCBmb250IGlucHV0IHsKCXdpZHRoOiAyODBweDsKCWhlaWdodDogODBweDsKCWJhY2tncm91bmQ6dXJsKGh0dHA6Ly9pbWFnZS5yYWt1dGVuLmNvLmpwL2NpbmVtYWNvbGxlY3Rpb24vY2FiaW5ldC90b2kuZ2lmKSAjZmZmZmZmIG5vLXJlcGVhdDsKCW92ZXJmbG93OiBoaWRkZW47Cglib3JkZXItd2lkdGg6IDBweDsKCWN1cnNvcjogcG9pbnRlciAhaW1wb3J0YW50OwoJdGV4dC1pbmRlbnQ6IDE1MCU7Cgl3aGl0ZS1zcGFjZTogbm93cmFwOwoJbWFyZ2luOiA1cHggMCAwIDA7CglkaXNwbGF5OmJsb2NrOwp9Cgojc2VydmljZVRhYmxlU21sIC5mYXZvcml0ZSB7CglkaXNwbGF5OmJsb2NrOwoJd2lkdGg6IDI4MHB4Owp9Cgojc2VydmljZVRhYmxlU21sIC5mYXZvcml0ZSAuYm9va21hcmtBcmVhIGRpdnsKCXdpZHRoOiAyODBweCFpbXBvcnRhbnQ7Cn0KCiNzZXJ2aWNlVGFibGVTbWwgLmZhdm9yaXRlIC5ia20gYSB7Cgl3aWR0aDogMjgwcHghaW1wb3J0YW50OwoJaGVpZ2h0OiAzMDBweCFpbXBvcnRhbnQ7CgliYWNrZ3JvdW5kOnVybChodHRwOi8vaW1hZ2UucmFrdXRlbi5jby5qcC9jaW5lbWFjb2xsZWN0aW9uL2NhYmluZXQvb2tpLmdpZikgI2ZmZmZmZiBuby1yZXBlYXQ7CglvdmVyZmxvdzogaGlkZGVuOwoJYm9yZGVyLXdpZHRoOiAwcHg7CgljdXJzb3I6IHBvaW50ZXIgIWltcG9ydGFudDsKCXRleHQtaW5kZW50Oi0xNTAlOwoJbWFyZ2luOiA1cHggMCAwIDA7CglkaXNwbGF5OmJsb2NrOwp9CgoKLyrjgYrmsJfjgavlhaXjgooqLwoKZGl2LncyODAtYyAge3dpZHRoOjI4MHB4O3RleHQtYWxpZ246IGNlbnRlcjt9CmRpdi5jZW50ZXItbS0wYSAge21hcmdpbjowIGF1dG87fQouaXRlbS1va2ktYm4gIHt3aWR0aDoyODBweDttYXJnaW46MnB4IDA7Ym9yZGVyOm5vbmU7fQouaXRlbS1pZnJhbWUgIHttYXJnaW46MHB4O2JvcmRlcjowcHg7fQoKZGl2LmthbnJlbi1saW5rIHtjb2xvcjojN2Y3ZjdmO3dpZHRoOjkwJTttYXJnaW46MjBweCBhdXRvO3BhZGRpbmc6MjBweDt0ZXh0LWFsaWduOiBsZWZ0O2ZvbnQtc2l6ZToxLjJlbTtiYWNrZ3JvdW5kLWNvbG9yOiNmZmZmZmY7Ym9yZGVyOmRvdHRlZCAycHggI2ZmODAzMzt9CnNwYW4ua2FucmVuLWxpbmsge21hcmdpbjoxMHB4IDtwYWRkaW5nOiAwIDAgMCAwLjVlbTtmb250LXNpemU6MS4yZW07CmJhY2tncm91bmQ6dXJsKGh0dHA6Ly9pbWFnZS5yYWt1dGVuLmNvLmpwL21tLXBvcC9jYWJpbmV0L2xpbmstaGVhZC1way5naWYpIG5vLXJlcGVhdCAwIDAuNDVlbTsKfQphOmxpbmsga2FucmVuLWxpbmt7Zm9udC1zaXplOjEuMmVtOyBjb2xvcjojMzM4MGZmO3RleHQtZGVjb3JhdGlvbjpub25lO30KCjwvc3R5bGU+CgoKCgo8IS0tIAo8c3lsZSB0eXBlPSJ0ZXh0L2NzcyI+CiBodG1sLGJvZHl7IG92ZXJmbG93LXg6aGlkZGVuOyB9CgphOmxpbmsge2NvbG9yOiMzMzgwZmY7fQphOnZpc2l0ZWQge2NvbG9yOiM2NjY7fQphOmhvdmVyIHtjb2xvcjojMzMzO30KYTphY3RpdmUge2NvbG9yOiMzMzM7fQphe3RleHQtZGVjb3JhdGlvbjpub25lO30KaW1nIHtib3JkZXI6bm9uZTsgdmVydGljYWwtYWxpZ246Ym90dG9tO30KcCB7bWFyZ2luOjA7IHBhZGRpbmc6MDsgZm9udC1zaXplOjgwJTt9CnAucmVzaXplaW1hZ2UgaW1nIHsgd2lkdGg6IDk4JTsgfQpwLnJlc2l6ZWltYWdlMiBpbWcgeyB3aWR0aDogOTAlOyB9CmE6aG92ZXIgaW1nIHtvcGFjaXR5OiAwLjY7IGZpbHRlcjogYWxwaGEob3BhY2l0eT02MCk7IC1tb3otb3BhY2l0eTogMC42O30KCgppbWcudG9wYm57bWFyZ2luOjEwcHggMDtib3JkZXI6bm9uZTt9CmRpdi5kaXNjMyB7d2lkdGg6MTAwJTttYXJnaW46IDAgYXV0bztwYWRkaW5nOjE1cHg7YmFja2dyb3VuZDojZWZlZmVmO3RleHQtYWxpZ246bGVmdDtmb250LXdlaWdodDpib2xkO2ZvbnQtc2l6ZToxOHB4O30KCiA8L3N0eWxlPgotLT4KCgo8c3R5bGUgdHlwZT0idGV4dC9jc3MiPgo8IS0tCgpkaXYjSGVhZGVyS2V5d29yZCB7Cglwb3NpdGlvbjphYnNvbHV0ZTsKCXRvcDo2MHB4Oy8q5LiA55Wq5LiK44GL44KJ44Gu5L2N572uKi8KCWxlZnQ6NjBweDsvKuW3puerr+OBi+OCieOBruS9jee9riovCn0KCmRpdiNIZWFkZXJLZXl3b3JkIHNwYW4gewoJYmFja2dyb3VuZDogI2JmMDAwMDsKCWNvbG9yOiNmZmY7Cglmb250LXdlaWdodDpib2xkOwoJcGFkZGluZzoycHggNXB4Owp9CgpkaXYjSGVhZGVyS2V5d29yZCBhIHsKCWNvbG9yOiMwMDQ0Q0M7Cn0KCi0tPgo8L3N0eWxlPgo8ZGl2IGlkPSJIZWFkZXJLZXl3b3JkIj4KPHNwYW4+5rOo55uu44Gu44Kt44O844Ov44O844OJPC9zcGFuPgo+PuaWh+aIv+WFtwo+PuODkOODg+OCsAo+PuOBiuiyoeW4gwo+PuOCueODjOODvOODlOODvAoKPC9kaXY+,44K544OM44O844OU44O8IOODqeODs+ODgeODkOODg+OCsCDjg57jg4Hku5jjgY3jgrPjg4Pjg4jjg7Pjg5Djg4PjgrAg44Od44OD44OX44Kz44O844Oz44OR44O844OG44KjICDjg5Tjg7zjg4rjg4Pjg4Qg44K544Oi44O844Or44OX44Op44ON44OD44OIIDI5LjUmdGltZXM7MjAmdGltZXM7OWNtIOOBiuW8geW9k+OBi+OBsOOCkyDjgq3jg6Pjg6njgq/jgr/jg7zjgrDjg4PjgrrpgJrosqkg44CQ44Oh44O844Or5L6/5Y+v44CR44CQ44GC44GZ5qW944CR44K344ON44Oe44Kz44Os44Kv44K344On44Oz77ya44Kt44Oj44Op44Kv44K/44O844Gu44K344ON44Oe44Kz44Os44Kv44K344On44Oz,44Kt44Oj44Op44Kv44K/44O844Kt44Oj44Op44Kv44K/44O844Kw44OD44K644Kt44Oj44Op44Kv44K/44O86ZuR6LKo6ZuR6LKo44K144Oz44Oq44Kq44OH44Kj44K644OL44O844KG44KL44Kt44Oj44Op44Of44OD44Kt44O844Kt44OG44Kj44GP44G+44Oi44Oz44Ov44Oz44OU44O844K544Ki44OL44Oh44Ki44OL44Oh44Kw44OD44K644K/44Kq44Or5paH5YW35paH5oi/5YW344Kk44Oz44OG44Oq44Ki55Sf5rS76ZuR6LKo44Kt44OD44K65a2Q44Gp44KC44K544OM44O844OU44O8IOODqeODs+ODgeODkOODg+OCsCDjg57jg4Hku5jjgY3jgrPjg4Pjg4jjg7Pjg5Djg4PjgrAg44Od44OD44OX44Kz44O844Oz44OR44O844OG44KjICDjg5Tjg7zjg4rjg4Pjg4Qg44K544Oi44O844Or44OX44Op44ON44OD44OIIDI5LjUmdGltZXM7MjAmdGltZXM7OWNtIOOBiuW8geW9k+OBi+OBsOOCkyDjgq3jg6Pjg6njgq/jgr/jg7zjgrDjg4PjgrrpgJrosqkg44CQ44Oh44O844Or5L6/5Y+v44CR44CQ44GC44GZ5qW944CR44K344ON44Oe44Kz44Os44Kv44K344On44Oz,44K544OM44O844OU44O8IOODqeODs+ODgeODkOODg+OCsCDjg57jg4Hku5jjgY3jgrPjg4Pjg4jjg7Pjg5Djg4PjgrAg44Od44OD44OX44Kz44O844Oz44OR44O844OG44KjICDjg5Tjg7zjg4rjg4Pjg4Qg44K544Oi44O844Or44OX44Op44ON44OD44OIIDI5LjUmdGltZXM7MjAmdGltZXM7OWNtIOOBiuW8geW9k+OBi+OBsOOCkyDjgq3jg6Pjg6njgq/jgr/jg7zjgrDjg4PjgrrpgJrosqkg44CQ44Oh44O844Or5L6/5Y+v44CR44CQ44GC44GZ5qW944CR44K344ON44Oe44Kz44Os44Kv44K344On44Oz[rn]
30-32962,aHR0cDovL3RzaG9wLnIxMHMuanAvY2luZW1hY29sbGVjdGlvbi9jYWJpbmV0L3IyMDE1MTIyOC9rbW8tODA0ODYuanBnP2ZpdGluPTcwMDo3MDA=,Mzk5LjIwMDA=,,44Kt44OD44K644O744OZ44OT44O844O744Oe44K/44OL44OG44KjID4g44Kt44OD44K6ID4g6ZuR6LKo44O75bCP54mp77yI44GK5byB5b2T44Kw44OD44K644O744K/44Kq44Or44O75paH5YW36aGe77yJID4g5a2Q5L6b55So44GK5byB5b2T6KKL,44K544K/44O844OA44K544OI44K544Kz44O844OXIOW3vuedgOiiiyDjg57jg4Hku5jjgY3jgY3jgpPjgaHjgoPjgY/ooosg44Kr44Of44Kq44K444Oj44OR44OzIDE4w5cyM8OXN2NtIOODqeODs+ODgembkeiyqCDjgYvjgo/jgYTjgYTjgrDjg4PjgrrpgJrosqkg44CQ44Oh44O844Or5L6/5Y+v44CR44CQ44GC44GZ5qW944CR44K344ON44Oe44Kz44Os44Kv44K344On44Oz,,PGNlbnRlcj48YSBocmVmPSJodHRwOi8vd3d3LnJha3V0ZW4ubmUuanAvZ29sZC9jaW5lbWFjb2xsZWN0aW9uL2Fuc3dlci5odG1sI2MxcTMiIHRhcmdldD0iX25ldyI+PGltZyB3aWR0aD0iNzUwIiBib3JkZXI9IjAiIHNyYz0iaHR0cDovL2ltYWdlLnJha3V0ZW4uY28uanAvY2luZW1hY29sbGVjdGlvbi9jYWJpbmV0L3ItbWFpbDU4MC5qcGciIGhlaWdodD0iNTAiIHZzcGFjZT0iNSI+PC9hPjwvY2VudGVyPjxicj48YnI+44K544K/44O844OA44K544OI44K544Kz44O844OXIOW3vuedgOiiiyDjg57jg4Hku5jjgY3jgY3jgpPjgaHjgoPjgY/ooosg44Kr44Of44Kq44K444Oj44OR44OzIDE4w5cyM8OXN2NtIOODqeODs+ODgembkeiyqCDjgYvjgo/jgYTjgYTjgrDjg4PjgrrpgJrosqkg44CQ44Oh44O844Or5L6/5Y+v44CR44CQ44GC44GZ5qW944CR44K344ON44Oe44Kz44Os44Kv44K344On44OzPEJSPjxCUj48IS0tIOKYheOBiuawl+OBq+WFpeOCii0tPjxkaXYgY2xhc3M9IncyODAtYyI+PGRpdiBjbGFzcz0iY2VudGVyLW0tMGEiPjxpbWcgY2xhc3M9Iml0ZW0tb2tpLWJuIiBhbHQ9IuOCreODo+ODqeOCr+OCv+ODvOOCsOODg+OCuumAmuiyqeOCt+ODjeODnuOCs+ODrOOCr+OCt+ODp+ODs+OBruOBiuawl+OBq+WFpeOCiuODquOCueODiOOCkueiuuiqjeOBmeOCiyIgc3JjPSJodHRwOi8vaW1hZ2UucmFrdXRlbi5jby5qcC9jaW5lbWFjb2xsZWN0aW9uL2NhYmluZXQvb2tpLTIuZ2lmIj48L2Rpdj48L2Rpdj48IS0tIOKYheOBiuawl+OBq+WFpeOCiuOCs+OCs+OBvuOBpy0tPjwhLS3imIXliYrpmaTkuI3lj68tLT48L3NwYW4+PC90ZD48L3RyPjwvdGFibGU+PGJyPjwvdGQ+PC90cj48L3RhYmxlPjxicj48dGFibGUgY2VsbHBhZGRpbmc9IjAiIGJvcmRlcj0iMCI+PHRyPjx0ZD48dGFibGUgY2VsbHBhZGRpbmc9IjAiIGJvcmRlcj0iMCI+PHRyPjx0ZD48c3Bhbj48IS0t6Zai6YCj5qSc57Si44Kt44O844Ov44O844OJLS0+PGRpdiBzdHlsZT0id2lkdGg6MTAwJTt0ZXh0LWFsaWduOiBjZW50ZXIiPjxoMyBzdHlsZT0iY29sb3I6IzdmN2Y3ZjsiPuOCouOCpuODiOODieOCouODu+aXheihjOOBruS7leWIhuOBkeODneODvOODgeOChOOCs+ODg+ODl+iii+OBq+OBtOOBo+OBn+OCiuKZqjxicj48IS0t4piFSy0tPuOBiuaYvC/jg6njg7Pjg4Ev44GK5byB5b2TL+WtpuagoS/lhaXlrabmupblgpk8L2gzPjxpbWcgc3R5bGU9Im1hcmdpbjoxNXB4IDAgMTBweCAwO3dpZHRoOjEwMCUgO2JvcmRlcjpub25lOyIgYWx0PSLjgq3jg6Pjg6njgq/jgr/jg7zjgrDjg4PjgrrlsILploDlupcv44K344ON44Oe44Kz44Os44Kv44K344On44OzL+WVhuWTgeips+e0sCIgc3JjPSJodHRwOi8vd3d3LnJha3V0ZW4ubmUuanAvZ29sZC9jaW5lbWFjb2xsZWN0aW9uL2JuL2l0ZW0tYm4wMS5naWYiIC8+PGRpdiBzdHlsZT0iY29sb3I6IzdmN2Y3Zjt3aWR0aDo5MCU7bWFyZ2luOjAgYXV0bzsjZWZlZmVmIHNvbGlkIDFweDtwYWRkaW5nOjEwcHg7dGV4dC1hbGlnbjogbGVmdDsiPuOCreODg+OCuuOBn+OBoeWkp+WWnOOBs+OBruOBi+OCj+OBhOOBhOODqeODs+ODgembkeiyqOOCt+ODquODvOOCuuKYhuW9oTxicj7jgZPjgaHjgonjga/jgYrlvIHlvZPooovjgoTjgrPjg4Pjg5flhaXjgozjg7vjgrPjgrnjg6HlhaXjgozjgarjganjgqTjg63jgqTjg63kvb/jgYjjgovjgJDjgY3jgpPjgaHjgoPjgY/jg53jg7zjg4HjgJE8YnI+44Kr44OQ44Oz44Gu5Lit44Gn5pWj44KJ44GL44KK44GM44Gh44Gq5bCP54mp44Gu5pW055CG44Gr44KC5aSn5rS76LqN44GX44Gh44KD44GG4piGPGJyPuWQjOODh+OCtuOCpOODs+OBruOBhOOCjeOBhOOCjeOBquODqeODs+ODgembkeiyqOOBguOCi+OBruOBp+aPg+OBiOOBpuS9v+OBo+OBpuOBreKYhuW9oTxicj48YnI+4pag44K144Kk44K677ya57SEMTgww5cyMzDDlzcwbW08YnI+4pag57Sg5p2Q77ya44Kz44OD44OI44OzPEJSPjxCUj7ilqDjgqvjg6njg7wgPEJSPjxCUj48L2Rpdj48L2Rpdj48ZGl2IHN0eWxlPSJ3aWR0aDoxMDAlO3RleHQtYWxpZ246IGNlbnRlcjsiPjxpbWcgc3R5bGU9Im1hcmdpbjoxNXB4IDAgMTBweCAwO3dpZHRoOjEwMCUgO2JvcmRlcjpub25lOyIgYWx0PSLjgq3jg6Pjg6njgq/jgr/jg7zjgrDjg4PjgrrlsILploDlupcv44K344ON44Oe44Kz44Os44Kv44K344On44OzL+ips+e0sOeUu+WDjyIgc3JjPSJodHRwOi8vd3d3LnJha3V0ZW4ubmUuanAvZ29sZC9jaW5lbWFjb2xsZWN0aW9uL2JuL2l0ZW0tYm4wMi5naWYiIC8+PGRpdiBzdHlsZT0id2lkdGg6MTAwJTttYXJnaW46MCBhdXRvOyI+PGltZyBzdHlsZT0id2lkdGg6MjYwcHg7bWFyZ2luOjJweDtib3JkZXI6bm9uZTsiIHNyYz0iaHR0cDovL2ltYWdlLnJha3V0ZW4uY28uanAvY2luZW1hY29sbGVjdGlvbi9jYWJpbmV0L3IyMDE1MTIyOC9rbW8tODA0ODYuanBnIj48aW1nIHN0eWxlPSJ3aWR0aDoyNjBweDttYXJnaW46MnB4O2JvcmRlcjpub25lOyIgc3JjPSJodHRwOi8vaW1hZ2UucmFrdXRlbi5jby5qcC9jaW5lbWFjb2xsZWN0aW9uL2NhYmluZXQvcjIwMTUxMjI4L2ttby04MDQ4Nl8yLmpwZyI+PC9kaXY+PC9kaXY+PCEtLemWoumAo+aknOe0ouOCreODvOODr+ODvOODiS0tPjxkaXYgY2xhc3M9ImthbnJlbi1saW5rIj7jgZPjga7jgqvjg4bjgrTjg6rjgavjga/jgZPjgpPjgarllYblk4HjgYzlkKvjgb7jgozjgabjgYTjgb7jgZk8YnI+PGJyPjxzcGFuIGNsYXNzPSJrYW5yZW4tbGluayI+44OV44Kh44OD44K344On44Oz5bCP54mp44CQ5be+552A6KKL44CRPC9zcGFuPjwvZGl2PjwhLS3imIXjgrPjgrPjgb7jgactLT48IS0t6Zai6YCj5qSc57Si44Kt44O844Ov44O844OJLS0+PGRpdiBjbGFzcz0ia2FucmVuLWxpbmsiPuOBk+OCjOOCkuimi+OBn+S6uuOBr+OBk+OCk+OBquOCreODvOODr+ODvOODieOBp+aknOe0ouOBl+OBpuOBhOOBvuOBmTxicj48YnI+PHNwYW4gY2xhc3M9ImthbnJlbi1saW5rIj7jgY3jgpPjgaHjgoPjgY88L3NwYW4+PHNwYW4gY2xhc3M9ImthbnJlbi1saW5rIj7lt77nnYDjg53jg7zjg4E8L3NwYW4+PHNwYW4gY2xhc3M9ImthbnJlbi1saW5rIj7lsI/nianlhaXjgow8L3NwYW4+PHNwYW4gY2xhc3M9ImthbnJlbi1saW5rIj7jgrPjgrnjg6Hjg53jg7zjg4E8L3NwYW4+PHNwYW4gY2xhc3M9ImthbnJlbi1saW5rIj7ljJbnsqfjg53jg7zjg4E8L3NwYW4+PHNwYW4gY2xhc3M9ImthbnJlbi1saW5rIj7jgq3jg6Pjg6njgq/jgr/jg7wg44Od44O844OBPC9zcGFuPjxzcGFuIGNsYXNzPSJrYW5yZW4tbGluayI+44Kt44Oj44Op44Kv44K/44O8IOODleOCoeODg+OCt+ODp+ODszwvc3Bhbj48c3BhbiBjbGFzcz0ia2FucmVuLWxpbmsiPuOCreODo+ODqeOCr+OCv+ODvCDjgrDjg4Pjgro8L3NwYW4+PHNwYW4gY2xhc3M9ImthbnJlbi1saW5rIj7jgq3jg6Pjg6njgq/jgr/jg7wg44OQ44OD44KwPC9zcGFuPjxzcGFuIGNsYXNzPSJrYW5yZW4tbGluayI+44OV44Kh44OD44K344On44Oz5bCP54mpPC9zcGFuPjwvZGl2PjwhLS3imIXjgrPjgrPjgb7jgactLT48IS0tNjUwMC0tPgoKPC9URD48L1RSPjwvVEFCTEU+PGJyPjxicj4KCgo8IS0t5paw552AIC0tPgoKPGltZyBzdHlsZT0id2lkdGg6ODAwcHg7bWFyZ2luOjAgMCAxMHB4IDA7Ym9yZGVyOm5vbmU7IiBzcmM9Imh0dHA6Ly9pbWFnZS5yYWt1dGVuLmNvLmpwL2NpbmVtYWNvbGxlY3Rpb24vY2FiaW5ldC9zaW4uZ2lmIj48YnI+CjxkaXYgc3R5bGU9IndpZHRoOjc1MHB4O21hcmdpbjogMCBhdXRvO3BhZGRpbmc6MTVweDt0ZXh0LWFsaWduOnJpZ2h0O2ZvbnQtd2VpZ2h0OmJvbGQ7Zm9udC1zaXplOjE4cHg7Ij4+PuaWsOedgOaDheWgseOBruOBpOOBpeOBjeOBr+OBk+OBoeOCiTwvZGl2Pgo8YnI+CjxkaXYgc3R5bGU9IndpZHRoOjc1MHB4O21hcmdpbjogMCBhdXRvO3BhZGRpbmc6MTVweDt0ZXh0LWFsaWduOnJpZ2h0O2ZvbnQtd2VpZ2h0OmJvbGQ7Zm9udC1zaXplOjE4cHg7Ij4+PuaWsOedgOaDheWgseOBruOBpOOBpeOBjeOBr+OBk+OBoeOCiTwvZGl2PgoKCgoKCgo8aW1nIHN0eWxlPSJ3aWR0aDo4MDBweDttYXJnaW46MCAwIDEwcHggMDtib3JkZXI6bm9uZTsiIHNyYz0iaHR0cDovL2ltYWdlLnJha3V0ZW4uY28uanAvY2luZW1hY29sbGVjdGlvbi9jYWJpbmV0L2Nhci5naWYiPjxicj4KPHRhYmxlIHdpZHRoPSI4MDAiPjx0cj48dGQgd2lkdGg9IjgwMCIgYWxpZ249InJpZ2h0Ij7ih5LjgZnjgbnjgabjga7jgq3jg6Pjg6njgq/jgr/jg7zjga/jgZPjgaHjgok8L3RkPjwvdHI+PHRyPjx0ZD48YnI+PGJyPgoKPGJyPjxicj4KPC90ZD48L3RyPjwvdGFibGU+PGJyPjxicj4KCgo8aW1nIHN0eWxlPSJ3aWR0aDo4MDBweDttYXJnaW46MCAwIDEwcHggMDtib3JkZXI6bm9uZTsiIHNyYz0iaHR0cDovL2ltYWdlLnJha3V0ZW4uY28uanAvY2luZW1hY29sbGVjdGlvbi9jYWJpbmV0L2NhdC5naWYiPjxicj4KPC9jZW50ZXI+CgoKPCEtLSAtLT4KCjxzdHlsZT4KLyrosrfjgYTnianjgqvjgrTjg5zjgr/jg7MqLwojcmFrdXRlbkxpbWl0ZWRJZF9hcm91bmRDYXJ0IGlucHV0IHsKCXdpZHRoOiAyODBweDsKCWhlaWdodDogMTUwcHg7CgliYWNrZ3JvdW5kOnVybChodHRwOi8vaW1hZ2UucmFrdXRlbi5jby5qcC9jaW5lbWFjb2xsZWN0aW9uL2NhYmluZXQvY2FydC5naWYpICNmZmZmZmYgbm8tcmVwZWF0OwoJb3ZlcmZsb3c6IGhpZGRlbjsKCWJvcmRlci13aWR0aDogMHB4OwoJY3Vyc29yOiBwb2ludGVyICFpbXBvcnRhbnQ7Cgl0ZXh0LWluZGVudDogMTUwJTsKCXdoaXRlLXNwYWNlOiBub3dyYXA7CgltYXJnaW46IDVweCAwIDAgMDsKCWRpc3BsYXk6YmxvY2s7Cn0KCiNyYWt1dGVuTGltaXRlZElkX2Fyb3VuZENhcnQgLmludmVudG9yeSBpbnB1dCB7CgliYWNrZ3JvdW5kOm5vbmUgIWltcG9ydGFudDsKCXdpZHRoOiAyZW0haW1wb3J0YW50OwoJaGVpZ2h0OiAxLjJlbSFpbXBvcnRhbnQ7CglkaXNwbGF5OmlubGluZTsKfQoKCi8q5YCL5pWw44OG44Kt44K544OIKi8KI3Jha3V0ZW5MaW1pdGVkSWRfYXJvdW5kQ2FydCAudW5pdCB7Cglmb250LXNpemU6MTZweDsKfQoKLyrlgIvmlbDlhaXlipsqLwojcmFrdXRlbkxpbWl0ZWRJZF9hcm91bmRDYXJ0IGlucHV0I3VuaXRzIHsKCWJvcmRlcjpzb2xpZCAjY2NjIDFweDsKCWJhY2tncm91bmQ6I2ZmZiFpbXBvcnRhbnQ7Cgl3aWR0aDozMHB4OwoJaGVpZ2h0OjMwcHg7CgljdXJzb3I6YXV0bzsKCXBhZGRpbmc6N3B4IDdweCA3cHggM3B4OwoJdGV4dC1pbmRlbnQ6IDBweDsKCW92ZXJmbG93OiBoaWRkZW47CglkaXNwbGF5OmlubGluZTsKCWZvbnQtc2l6ZToxNnB4Owp9CgovKuOBiuWVj+OBhOWQiOOCj+OBm+ODnOOCv+ODsyovCiNyYWt1dGVuTGltaXRlZElkX2Fyb3VuZENhcnQgZm9udCBpbnB1dCB7Cgl3aWR0aDogMjgwcHg7CgloZWlnaHQ6IDgwcHg7CgliYWNrZ3JvdW5kOnVybChodHRwOi8vaW1hZ2UucmFrdXRlbi5jby5qcC9jaW5lbWFjb2xsZWN0aW9uL2NhYmluZXQvdG9pLmdpZikgI2ZmZmZmZiBuby1yZXBlYXQ7CglvdmVyZmxvdzogaGlkZGVuOwoJYm9yZGVyLXdpZHRoOiAwcHg7CgljdXJzb3I6IHBvaW50ZXIgIWltcG9ydGFudDsKCXRleHQtaW5kZW50OiAxNTAlOwoJd2hpdGUtc3BhY2U6IG5vd3JhcDsKCW1hcmdpbjogNXB4IDAgMCAwOwoJZGlzcGxheTpibG9jazsKfQoKI3NlcnZpY2VUYWJsZVNtbCAuZmF2b3JpdGUgewoJZGlzcGxheTpibG9jazsKCXdpZHRoOiAyODBweDsKfQoKI3NlcnZpY2VUYWJsZVNtbCAuZmF2b3JpdGUgLmJvb2ttYXJrQXJlYSBkaXZ7Cgl3aWR0aDogMjgwcHghaW1wb3J0YW50Owp9Cgojc2VydmljZVRhYmxlU21sIC5mYXZvcml0ZSAuYmttIGEgewoJd2lkdGg6IDI4MHB4IWltcG9ydGFudDsKCWhlaWdodDogMzAwcHghaW1wb3J0YW50OwoJYmFja2dyb3VuZDp1cmwoaHR0cDovL2ltYWdlLnJha3V0ZW4uY28uanAvY2luZW1hY29sbGVjdGlvbi9jYWJpbmV0L29raS5naWYpICNmZmZmZmYgbm8tcmVwZWF0OwoJb3ZlcmZsb3c6IGhpZGRlbjsKCWJvcmRlci13aWR0aDogMHB4OwoJY3Vyc29yOiBwb2ludGVyICFpbXBvcnRhbnQ7Cgl0ZXh0LWluZGVudDotMTUwJTsKCW1hcmdpbjogNXB4IDAgMCAwOwoJZGlzcGxheTpibG9jazsKfQoKCi8q44GK5rCX44Gr5YWl44KKKi8KCmRpdi53MjgwLWMgIHt3aWR0aDoyODBweDt0ZXh0LWFsaWduOiBjZW50ZXI7fQpkaXYuY2VudGVyLW0tMGEgIHttYXJnaW46MCBhdXRvO30KLml0ZW0tb2tpLWJuICB7d2lkdGg6MjgwcHg7bWFyZ2luOjJweCAwO2JvcmRlcjpub25lO30KLml0ZW0taWZyYW1lICB7bWFyZ2luOjBweDtib3JkZXI6MHB4O30KCmRpdi5rYW5yZW4tbGluayB7Y29sb3I6IzdmN2Y3Zjt3aWR0aDo5MCU7bWFyZ2luOjIwcHggYXV0bztwYWRkaW5nOjIwcHg7dGV4dC1hbGlnbjogbGVmdDtmb250LXNpemU6MS4yZW07YmFja2dyb3VuZC1jb2xvcjojZmZmZmZmO2JvcmRlcjpkb3R0ZWQgMnB4ICNmZjgwMzM7fQpzcGFuLmthbnJlbi1saW5rIHttYXJnaW46MTBweCA7cGFkZGluZzogMCAwIDAgMC41ZW07Zm9udC1zaXplOjEuMmVtOwpiYWNrZ3JvdW5kOnVybChodHRwOi8vaW1hZ2UucmFrdXRlbi5jby5qcC9tbS1wb3AvY2FiaW5ldC9saW5rLWhlYWQtcGsuZ2lmKSBuby1yZXBlYXQgMCAwLjQ1ZW07Cn0KYTpsaW5rIGthbnJlbi1saW5re2ZvbnQtc2l6ZToxLjJlbTsgY29sb3I6IzMzODBmZjt0ZXh0LWRlY29yYXRpb246bm9uZTt9Cgo8L3N0eWxlPgoKCgoKPCEtLSAKPHN5bGUgdHlwZT0idGV4dC9jc3MiPgogaHRtbCxib2R5eyBvdmVyZmxvdy14OmhpZGRlbjsgfQoKYTpsaW5rIHtjb2xvcjojMzM4MGZmO30KYTp2aXNpdGVkIHtjb2xvcjojNjY2O30KYTpob3ZlciB7Y29sb3I6IzMzMzt9CmE6YWN0aXZlIHtjb2xvcjojMzMzO30KYXt0ZXh0LWRlY29yYXRpb246bm9uZTt9CmltZyB7Ym9yZGVyOm5vbmU7IHZlcnRpY2FsLWFsaWduOmJvdHRvbTt9CnAge21hcmdpbjowOyBwYWRkaW5nOjA7IGZvbnQtc2l6ZTo4MCU7fQpwLnJlc2l6ZWltYWdlIGltZyB7IHdpZHRoOiA5OCU7IH0KcC5yZXNpemVpbWFnZTIgaW1nIHsgd2lkdGg6IDkwJTsgfQphOmhvdmVyIGltZyB7b3BhY2l0eTogMC42OyBmaWx0ZXI6IGFscGhhKG9wYWNpdHk9NjApOyAtbW96LW9wYWNpdHk6IDAuNjt9CgoKaW1nLnRvcGJue21hcmdpbjoxMHB4IDA7Ym9yZGVyOm5vbmU7fQpkaXYuZGlzYzMge3dpZHRoOjEwMCU7bWFyZ2luOiAwIGF1dG87cGFkZGluZzoxNXB4O2JhY2tncm91bmQ6I2VmZWZlZjt0ZXh0LWFsaWduOmxlZnQ7Zm9udC13ZWlnaHQ6Ym9sZDtmb250LXNpemU6MThweDt9CgogPC9zdHlsZT4KLS0+CgoKPHN0eWxlIHR5cGU9InRleHQvY3NzIj4KPCEtLQoKZGl2I0hlYWRlcktleXdvcmQgewoJcG9zaXRpb246YWJzb2x1dGU7Cgl0b3A6NjBweDsvKuS4gOeVquS4iuOBi+OCieOBruS9jee9riovCglsZWZ0OjYwcHg7Lyrlt6bnq6/jgYvjgonjga7kvY3nva4qLwp9CgpkaXYjSGVhZGVyS2V5d29yZCBzcGFuIHsKCWJhY2tncm91bmQ6ICNiZjAwMDA7Cgljb2xvcjojZmZmOwoJZm9udC13ZWlnaHQ6Ym9sZDsKCXBhZGRpbmc6MnB4IDVweDsKfQoKZGl2I0hlYWRlcktleXdvcmQgYSB7Cgljb2xvcjojMDA0NENDOwp9CgotLT4KPC9zdHlsZT4KPGRpdiBpZD0iSGVhZGVyS2V5d29yZCI+CjxzcGFuPuazqOebruOBruOCreODvOODr+ODvOODiTwvc3Bhbj4KPj7mlofmiL/lhbcKPj7jg5Djg4PjgrAKPj7jgYrosqHluIMKPj7jgrnjg4zjg7zjg5Tjg7wKCjwvZGl2Pg==,44K544K/44O844OA44K544OI44K544Kz44O844OXIOW3vuedgOiiiyDjg57jg4Hku5jjgY3jgY3jgpPjgaHjgoPjgY/ooosg44Kr44Of44Kq44K444Oj44OR44OzIDE4JnRpbWVzOzIzJnRpbWVzOzdjbSDjg6njg7Pjg4Hpm5Hosqgg44GL44KP44GE44GE44Kw44OD44K66YCa6LKpIOOAkOODoeODvOODq+S+v+WPr+OAkeOAkOOBguOBmealveOAkeOCt+ODjeODnuOCs+ODrOOCr+OCt+ODp+ODs++8muOCreODo+ODqeOCr+OCv+ODvOOBruOCt+ODjeODnuOCs+ODrOOCr+OCt+ODp+ODsw==,44Kt44Oj44Op44Kv44K/44O844Kt44Oj44Op44Kv44K/44O844Kw44OD44K644Kt44Oj44Op44Kv44K/44O86ZuR6LKo6ZuR6LKo44K144Oz44Oq44Kq44OH44Kj44K644OL44O844KG44KL44Kt44Oj44Op44Of44OD44Kt44O844Kt44OG44Kj44GP44G+44Oi44Oz44Ov44Oz44OU44O844K544Ki44OL44Oh44Ki44OL44Oh44Kw44OD44K644K/44Kq44Or5paH5YW35paH5oi/5YW344Kk44Oz44OG44Oq44Ki55Sf5rS76ZuR6LKo44Kt44OD44K65a2Q44Gp44KC44K544K/44O844OA44K544OI44K544Kz44O844OXIOW3vuedgOiiiyDjg57jg4Hku5jjgY3jgY3jgpPjgaHjgoPjgY/ooosg44Kr44Of44Kq44K444Oj44OR44OzIDE4JnRpbWVzOzIzJnRpbWVzOzdjbSDjg6njg7Pjg4Hpm5Hosqgg44GL44KP44GE44GE44Kw44OD44K66YCa6LKpIOOAkOODoeODvOODq+S+v+WPr+OAkeOAkOOBguOBmealveOAkeOCt+ODjeODnuOCs+ODrOOCr+OCt+ODp+ODsw==,44K544K/44O844OA44K544OI44K544Kz44O844OXIOW3vuedgOiiiyDjg57jg4Hku5jjgY3jgY3jgpPjgaHjgoPjgY/ooosg44Kr44Of44Kq44K444Oj44OR44OzIDE4JnRpbWVzOzIzJnRpbWVzOzdjbSDjg6njg7Pjg4Hpm5Hosqgg44GL44KP44GE44GE44Kw44OD44K66YCa6LKpIOOAkOODoeODvOODq+S+v+WPr+OAkeOAkOOBguOBmealveOAkeOCt+ODjeODnuOCs+ODrOOCr+OCt+ODp+ODsw==[rn]
30-32963,aHR0cDovL3RzaG9wLnIxMHMuanAvY2luZW1hY29sbGVjdGlvbi9jYWJpbmV0L3IyMDE3MDEyNC9rbW8tNjI2MjUuanBnP2ZpdGluPTcwMDo3MDA=,NzE5LjIwMDA=,,44Kt44OD44K644O744OZ44OT44O844O744Oe44K/44OL44OG44KjID4g44Kt44OD44K6ID4g6ZuR6LKo44O75bCP54mp77yI44GK5byB5b2T44Kw44OD44K644O744K/44Kq44Or44O75paH5YW36aGe77yJID4g5a2Q5L6b55So44GK5byB5b2T6KKL,44G144GX44GO44Gu5Zu944Gu44Ki44Oq44K5IOODqeODs+ODgeW3vuedgCDjg57jg4Hku5jjgY3jgY3jgpPjgaHjgoPjgY/ooosgMjAxN1NTICDjg4fjgqPjgrrjg4vjg7wg44Kr44Of44Kq44K444Oj44OR44OzIDE0w5cxN8OXMTNjbSDml6XmnKzoo70g44Kt44Oj44Op44Kv44K/44O844Kw44OD44K66YCa6LKpIOOAkOODoeODvOODq+S+v+WPr+OAkeOAkOOBguOBmealveOAkeOCt+ODjeODnuOCs+ODrOOCr+OCt+ODp+ODsw==,,PGNlbnRlcj48YSBocmVmPSJodHRwOi8vaXRlbS5yYWt1dGVuLmNvLmpwL2NpbmVtYWNvbGxlY3Rpb24vYy8wMDAwMDAwNTQxLyNjb250ZW50cyIgdGFyZ2V0PSJfcGFyZW50Ij48aW1nIHdpZHRoPSI3NTAiIGJvcmRlcj0iMCIgc3JjPSJodHRwOi8vaW1hZ2UucmFrdXRlbi5jby5qcC9jaW5lbWFjb2xsZWN0aW9uL2NhYmluZXQvZGlzbmV5NTgwLTAxLmpwZyI+PC9hPjwvY2VudGVyPjxicj48YnI+PGNlbnRlcj48YSBocmVmPSJodHRwOi8vd3d3LnJha3V0ZW4ubmUuanAvZ29sZC9jaW5lbWFjb2xsZWN0aW9uL2Fuc3dlci5odG1sI2MxcTMiIHRhcmdldD0iX25ldyI+PGltZyB3aWR0aD0iNzUwIiBib3JkZXI9IjAiIHNyYz0iaHR0cDovL2ltYWdlLnJha3V0ZW4uY28uanAvY2luZW1hY29sbGVjdGlvbi9jYWJpbmV0L3ItbWFpbDU4MC5qcGciIGhlaWdodD0iNTAiIHZzcGFjZT0iNSI+PC9hPjwvY2VudGVyPjxicj48YnI+44G144GX44GO44Gu5Zu944Gu44Ki44Oq44K5IOODqeODs+ODgeW3vuedgCDjg57jg4Hku5jjgY3jgY3jgpPjgaHjgoPjgY/ooosgMjAxN1NTICDjg4fjgqPjgrrjg4vjg7wg44Kr44Of44Kq44K444Oj44OR44OzIDE0w5cxN8OXMTNjbSDml6XmnKzoo70g44Kt44Oj44Op44Kv44K/44O844Kw44OD44K66YCa6LKpIOOAkOODoeODvOODq+S+v+WPr+OAkeOAkOOBguOBmealveOAkeOCt+ODjeODnuOCs+ODrOOCr+OCt+ODp+ODszxCUj48QlI+PCEtLSDimIXjgYrmsJfjgavlhaXjgootLT48ZGl2IGNsYXNzPSJ3MjgwLWMiPjxkaXYgY2xhc3M9ImNlbnRlci1tLTBhIj48aW1nIGNsYXNzPSJpdGVtLW9raS1ibiIgYWx0PSLjgq3jg6Pjg6njgq/jgr/jg7zjgrDjg4PjgrrpgJrosqnjgrfjg43jg57jgrPjg6zjgq/jgrfjg6fjg7Pjga7jgYrmsJfjgavlhaXjgorjg6rjgrnjg4jjgpLnorroqo3jgZnjgosiIHNyYz0iaHR0cDovL2ltYWdlLnJha3V0ZW4uY28uanAvY2luZW1hY29sbGVjdGlvbi9jYWJpbmV0L29raS0yLmdpZiI+PC9kaXY+PC9kaXY+PCEtLSDimIXjgYrmsJfjgavlhaXjgorjgrPjgrPjgb7jgactLT48IS0t4piF5YmK6Zmk5LiN5Y+vLS0+PC9zcGFuPjwvdGQ+PC90cj48L3RhYmxlPjxicj48L3RkPjwvdHI+PC90YWJsZT48YnI+PHRhYmxlIGNlbGxwYWRkaW5nPSIwIiBib3JkZXI9IjAiPjx0cj48dGQ+PHRhYmxlIGNlbGxwYWRkaW5nPSIwIiBib3JkZXI9IjAiPjx0cj48dGQ+PHNwYW4+PCEtLemWoumAo+aknOe0ouOCreODvOODr+ODvOODiS0tPjxkaXYgc3R5bGU9IndpZHRoOjEwMCU7dGV4dC1hbGlnbjogY2VudGVyIj48aDMgc3R5bGU9ImNvbG9yOiM3ZjdmN2Y7Ij7lupXjgavjg57jg4HjgYwxM2Nt44GC44KL44Gu44Gn5bmF5bqD44Op44Oz44OBQk9Y44KC5qW944CF5YWl44KLPGJyPjwhLS3imIVLLS0+44GK5byB5b2T44Kw44OD44K6L+OBiuW8geW9k+WFpeOCjC/jgrPjg4Pjg5cv57Wm6aOfL+mBoOi2szwvaDM+PGltZyBzdHlsZT0ibWFyZ2luOjE1cHggMCAxMHB4IDA7d2lkdGg6MTAwJSA7Ym9yZGVyOm5vbmU7IiBhbHQ9IuOCreODo+ODqeOCr+OCv+ODvOOCsOODg+OCuuWwgumWgOW6ly/jgrfjg43jg57jgrPjg6zjgq/jgrfjg6fjg7Mv5ZWG5ZOB6Kmz57SwIiBzcmM9Imh0dHA6Ly93d3cucmFrdXRlbi5uZS5qcC9nb2xkL2NpbmVtYWNvbGxlY3Rpb24vYm4vaXRlbS1ibjAxLmdpZiIgLz48ZGl2IHN0eWxlPSJjb2xvcjojN2Y3ZjdmO3dpZHRoOjkwJTttYXJnaW46MCBhdXRvOyNlZmVmZWYgc29saWQgMXB4O3BhZGRpbmc6MTBweDt0ZXh0LWFsaWduOiBsZWZ0OyI+5aSn5Lq65rCX44OH44Kj44K644OL44O844Kt44Oj44Op44Kv44K/44O844K644Gu5Y+v5oSb44KJ44GX44GE44Op44Oz44OB6ZuR6LKo44K344Oq44O844K644GM55m75aC04piG5b2hPGJyPuOBk+OBoeOCieOBr+OBqOOBo+OBpuOCguWPr+aEm+OBhOOAkOODnuODgeS7mOOBjUxVTkNI5be+552A44CRPGJyPuW6leOBq+ODnuODgeOBjDEzY23ku5jjgYTjgabjgYTjgovjga7jgafluYXluoPjga7jgYrlvIHlvZPnrrHjgoLjg6njgq/jg6njgq/lhaXjgorjgb7jgZnimao8YnI+5ZCM5p+E44Gu44GE44KN44GE44KN44Gq44Op44Oz44OB44Kw44OD44K644GE44KN44GE44KN44GC44KL44Gu44Gn44CB5o+D44GI44Gm5L2/44GG44Go44GV44KJ44Gr5Y+v5oSb44GE44On4pmqPGJyPjxicj7ilqDjgrXjgqTjgrrvvJrntIQxNDDDlzE3MMOXMTMwbW08YnI+4pag57Sg5p2Q77ya44Kz44OD44OI44OzPGJyPuOAkE1hZGUgaW4gSmFwYW7jgJE8QlI+PEJSPuKWoOOCq+ODqeODvCDjg5bjg6vjg7zns7vvvIjpnZLjg7vntLrjg7vjg43jgqTjg5Pjg7zvvIk8QlI+PEJSPjwvZGl2PjwvZGl2PjxkaXYgc3R5bGU9IndpZHRoOjEwMCU7dGV4dC1hbGlnbjogY2VudGVyOyI+PGltZyBzdHlsZT0ibWFyZ2luOjE1cHggMCAxMHB4IDA7d2lkdGg6MTAwJSA7Ym9yZGVyOm5vbmU7IiBhbHQ9IuOCreODo+ODqeOCr+OCv+ODvOOCsOODg+OCuuWwgumWgOW6ly/jgrfjg43jg57jgrPjg6zjgq/jgrfjg6fjg7Mv6Kmz57Sw55S75YOPIiBzcmM9Imh0dHA6Ly93d3cucmFrdXRlbi5uZS5qcC9nb2xkL2NpbmVtYWNvbGxlY3Rpb24vYm4vaXRlbS1ibjAyLmdpZiIgLz48ZGl2IHN0eWxlPSJ3aWR0aDoxMDAlO21hcmdpbjowIGF1dG87Ij48aW1nIHN0eWxlPSJ3aWR0aDoyNjBweDttYXJnaW46MnB4O2JvcmRlcjpub25lOyIgc3JjPSJodHRwOi8vaW1hZ2UucmFrdXRlbi5jby5qcC9jaW5lbWFjb2xsZWN0aW9uL2NhYmluZXQvcjIwMTcwMTI0L2ttby02MjYyNS5qcGciPjxpbWcgc3R5bGU9IndpZHRoOjI2MHB4O21hcmdpbjoycHg7Ym9yZGVyOm5vbmU7IiBzcmM9Imh0dHA6Ly9pbWFnZS5yYWt1dGVuLmNvLmpwL2NpbmVtYWNvbGxlY3Rpb24vY2FiaW5ldC9yMjAxNzAxMjQva21vLTYyNjI1XzIuanBnIj48aW1nIHN0eWxlPSJ3aWR0aDoyNjBweDttYXJnaW46MnB4O2JvcmRlcjpub25lOyIgc3JjPSJodHRwOi8vaW1hZ2UucmFrdXRlbi5jby5qcC9jaW5lbWFjb2xsZWN0aW9uL2NhYmluZXQvcjIwMTcwMTI0L2ttby02MjYyNV8zLmpwZyI+PGltZyBzdHlsZT0id2lkdGg6MjYwcHg7bWFyZ2luOjJweDtib3JkZXI6bm9uZTsiIHNyYz0iaHR0cDovL2ltYWdlLnJha3V0ZW4uY28uanAvY2luZW1hY29sbGVjdGlvbi9jYWJpbmV0L3IyMDE3MDEyNC9rbW8tNjI2MjVfNC5qcGciPjwvZGl2PjwvZGl2PjxkaXYgc3R5bGU9IndpZHRoOjEwMCU7dGV4dC1hbGlnbjogY2VudGVyOyI+PGltZyBzdHlsZT0ibWFyZ2luOjE1cHggMCAxMHB4IDA7d2lkdGg6MTAwJSA7Ym9yZGVyOm5vbmU7IiBhbHQ9IuOCreODo+ODqeOCr+OCv+ODvOOCsOODg+OCuuWwgumWgOW6ly/jgrfjg43jg57jgrPjg6zjgq/jgrfjg6fjg7Mv6Kmz57Sw55S75YOPIiBzcmM9Imh0dHA6Ly93d3cucmFrdXRlbi5uZS5qcC9nb2xkL2NpbmVtYWNvbGxlY3Rpb24vYm4vaXRlbS1ibjAzLmdpZiIgLz48ZGl2IHN0eWxlPSJ3aWR0aDo1MCU7dG9wOjc1cHg7ZmxvYXQ6bGVmdDt0ZXh0LWFsaWduOiBsZWZ0OyI+44CQ44G144GX44GO44Gu5Zu944Gu44Ki44Oq44K544CR5LuW44Gu56iu6aGe44Gv44GT44Gh44KJ44GL44KJICZndDsmZ3Q7PC9kaXY+PGRpdiBzdHlsZT0id2lkdGg6NTAlO2Zsb2F0OmxlZnQ7dGV4dC1hbGlnbjpyaWdodDsiPjxpbWcgc3R5bGU9IndpZHRoOjI1MHB4O2JvcmRlcjpub25lOyIgc3JjPSJodHRwOi8vaW1hZ2UucmFrdXRlbi5jby5qcC9jaW5lbWFjb2xsZWN0aW9uL2NhYmluZXQvMDAybGJuL3RvcGxiLWQwMTkuanBnIj48L2Rpdj48ZGl2IHN0eWxlPSJjbGVhcjpib3RoOyI+PC9kaXY+PC9kaXY+PCEtLemWoumAo+aknOe0ouOCreODvOODr+ODvOODiS0tPjxkaXYgY2xhc3M9ImthbnJlbi1saW5rIj7jgZPjga7jgqvjg4bjgrTjg6rjgavjga/jgZPjgpPjgarllYblk4HjgYzlkKvjgb7jgozjgabjgYTjgb7jgZk8YnI+PGJyPjxzcGFuIGNsYXNzPSJrYW5yZW4tbGluayI+44Kt44OD44OB44Oz6ZuR6LKo44CQ44Op44Oz44OB5be+552A44CRPC9zcGFuPjwvZGl2PjwhLS3imIXjgrPjgrPjgb7jgactLT48IS0t6Zai6YCj5qSc57Si44Kt44O844Ov44O844OJLS0+PGRpdiBjbGFzcz0ia2FucmVuLWxpbmsiPuOBk+OCjOOCkuimi+OBn+S6uuOBr+OBk+OCk+OBquOCreODvOODr+ODvOODieOBp+aknOe0ouOBl+OBpuOBhOOBvuOBmTxicj48YnI+PHNwYW4gY2xhc3M9ImthbnJlbi1saW5rIj7jgq3jg6Pjg6njgq/jgr/jg7wg5be+552APC9zcGFuPjxzcGFuIGNsYXNzPSJrYW5yZW4tbGluayI+44GK5byB5b2TIOW3vuedgDwvc3Bhbj48c3BhbiBjbGFzcz0ia2FucmVuLWxpbmsiPuOBiuW8geW9k+WMheOBvzwvc3Bhbj48c3BhbiBjbGFzcz0ia2FucmVuLWxpbmsiPuODqeODs+ODgeOCr+ODreOCuTwvc3Bhbj48c3BhbiBjbGFzcz0ia2FucmVuLWxpbmsiPuOCreODo+ODqeOCr+OCv+ODvCDjgYrlvIHlvZPnrrE8L3NwYW4+PHNwYW4gY2xhc3M9ImthbnJlbi1saW5rIj7jgYrlvIHlvZPnrrE8L3NwYW4+PHNwYW4gY2xhc3M9ImthbnJlbi1saW5rIj7jg6njg7Pjg4Eg44Kw44OD44K6PC9zcGFuPjxzcGFuIGNsYXNzPSJrYW5yZW4tbGluayI+44Op44Oz44OBIOeUqOWTgTwvc3Bhbj48c3BhbiBjbGFzcz0ia2FucmVuLWxpbmsiPuOCreODo+ODqeOCr+OCv+ODvCDlvIHlvZM8L3NwYW4+PHNwYW4gY2xhc3M9ImthbnJlbi1saW5rIj7msLTnrZI8L3NwYW4+PC9kaXY+PCEtLeKYheOCs+OCs+OBvuOBpy0tPjwhLS02NTAwLS0+Cgo8L1REPjwvVFI+PC9UQUJMRT48YnI+PGJyPgoKCjwhLS3mlrDnnYAgLS0+Cgo8aW1nIHN0eWxlPSJ3aWR0aDo4MDBweDttYXJnaW46MCAwIDEwcHggMDtib3JkZXI6bm9uZTsiIHNyYz0iaHR0cDovL2ltYWdlLnJha3V0ZW4uY28uanAvY2luZW1hY29sbGVjdGlvbi9jYWJpbmV0L3Npbi5naWYiPjxicj4KPGRpdiBzdHlsZT0id2lkdGg6NzUwcHg7bWFyZ2luOiAwIGF1dG87cGFkZGluZzoxNXB4O3RleHQtYWxpZ246cmlnaHQ7Zm9udC13ZWlnaHQ6Ym9sZDtmb250LXNpemU6MThweDsiPj4+5paw552A5oOF5aCx44Gu44Gk44Gl44GN44Gv44GT44Gh44KJPC9kaXY+Cjxicj4KPGRpdiBzdHlsZT0id2lkdGg6NzUwcHg7bWFyZ2luOiAwIGF1dG87cGFkZGluZzoxNXB4O3RleHQtYWxpZ246cmlnaHQ7Zm9udC13ZWlnaHQ6Ym9sZDtmb250LXNpemU6MThweDsiPj4+5paw552A5oOF5aCx44Gu44Gk44Gl44GN44Gv44GT44Gh44KJPC9kaXY+CgoKCgoKCjxpbWcgc3R5bGU9IndpZHRoOjgwMHB4O21hcmdpbjowIDAgMTBweCAwO2JvcmRlcjpub25lOyIgc3JjPSJodHRwOi8vaW1hZ2UucmFrdXRlbi5jby5qcC9jaW5lbWFjb2xsZWN0aW9uL2NhYmluZXQvY2FyLmdpZiI+PGJyPgo8dGFibGUgd2lkdGg9IjgwMCI+PHRyPjx0ZCB3aWR0aD0iODAwIiBhbGlnbj0icmlnaHQiPuKHkuOBmeOBueOBpuOBruOCreODo+ODqeOCr+OCv+ODvOOBr+OBk+OBoeOCiTwvdGQ+PC90cj48dHI+PHRkPjxicj48YnI+Cgo8YnI+PGJyPgo8L3RkPjwvdHI+PC90YWJsZT48YnI+PGJyPgoKCjxpbWcgc3R5bGU9IndpZHRoOjgwMHB4O21hcmdpbjowIDAgMTBweCAwO2JvcmRlcjpub25lOyIgc3JjPSJodHRwOi8vaW1hZ2UucmFrdXRlbi5jby5qcC9jaW5lbWFjb2xsZWN0aW9uL2NhYmluZXQvY2F0LmdpZiI+PGJyPgo8L2NlbnRlcj4KCgo8IS0tIC0tPgoKPHN0eWxlPgovKuiyt+OBhOeJqeOCq+OCtOODnOOCv+ODsyovCiNyYWt1dGVuTGltaXRlZElkX2Fyb3VuZENhcnQgaW5wdXQgewoJd2lkdGg6IDI4MHB4OwoJaGVpZ2h0OiAxNTBweDsKCWJhY2tncm91bmQ6dXJsKGh0dHA6Ly9pbWFnZS5yYWt1dGVuLmNvLmpwL2NpbmVtYWNvbGxlY3Rpb24vY2FiaW5ldC9jYXJ0LmdpZikgI2ZmZmZmZiBuby1yZXBlYXQ7CglvdmVyZmxvdzogaGlkZGVuOwoJYm9yZGVyLXdpZHRoOiAwcHg7CgljdXJzb3I6IHBvaW50ZXIgIWltcG9ydGFudDsKCXRleHQtaW5kZW50OiAxNTAlOwoJd2hpdGUtc3BhY2U6IG5vd3JhcDsKCW1hcmdpbjogNXB4IDAgMCAwOwoJZGlzcGxheTpibG9jazsKfQoKI3Jha3V0ZW5MaW1pdGVkSWRfYXJvdW5kQ2FydCAuaW52ZW50b3J5IGlucHV0IHsKCWJhY2tncm91bmQ6bm9uZSAhaW1wb3J0YW50OwoJd2lkdGg6IDJlbSFpbXBvcnRhbnQ7CgloZWlnaHQ6IDEuMmVtIWltcG9ydGFudDsKCWRpc3BsYXk6aW5saW5lOwp9CgoKLyrlgIvmlbDjg4bjgq3jgrnjg4gqLwojcmFrdXRlbkxpbWl0ZWRJZF9hcm91bmRDYXJ0IC51bml0IHsKCWZvbnQtc2l6ZToxNnB4Owp9CgovKuWAi+aVsOWFpeWKmyovCiNyYWt1dGVuTGltaXRlZElkX2Fyb3VuZENhcnQgaW5wdXQjdW5pdHMgewoJYm9yZGVyOnNvbGlkICNjY2MgMXB4OwoJYmFja2dyb3VuZDojZmZmIWltcG9ydGFudDsKCXdpZHRoOjMwcHg7CgloZWlnaHQ6MzBweDsKCWN1cnNvcjphdXRvOwoJcGFkZGluZzo3cHggN3B4IDdweCAzcHg7Cgl0ZXh0LWluZGVudDogMHB4OwoJb3ZlcmZsb3c6IGhpZGRlbjsKCWRpc3BsYXk6aW5saW5lOwoJZm9udC1zaXplOjE2cHg7Cn0KCi8q44GK5ZWP44GE5ZCI44KP44Gb44Oc44K/44OzKi8KI3Jha3V0ZW5MaW1pdGVkSWRfYXJvdW5kQ2FydCBmb250IGlucHV0IHsKCXdpZHRoOiAyODBweDsKCWhlaWdodDogODBweDsKCWJhY2tncm91bmQ6dXJsKGh0dHA6Ly9pbWFnZS5yYWt1dGVuLmNvLmpwL2NpbmVtYWNvbGxlY3Rpb24vY2FiaW5ldC90b2kuZ2lmKSAjZmZmZmZmIG5vLXJlcGVhdDsKCW92ZXJmbG93OiBoaWRkZW47Cglib3JkZXItd2lkdGg6IDBweDsKCWN1cnNvcjogcG9pbnRlciAhaW1wb3J0YW50OwoJdGV4dC1pbmRlbnQ6IDE1MCU7Cgl3aGl0ZS1zcGFjZTogbm93cmFwOwoJbWFyZ2luOiA1cHggMCAwIDA7CglkaXNwbGF5OmJsb2NrOwp9Cgojc2VydmljZVRhYmxlU21sIC5mYXZvcml0ZSB7CglkaXNwbGF5OmJsb2NrOwoJd2lkdGg6IDI4MHB4Owp9Cgojc2VydmljZVRhYmxlU21sIC5mYXZvcml0ZSAuYm9va21hcmtBcmVhIGRpdnsKCXdpZHRoOiAyODBweCFpbXBvcnRhbnQ7Cn0KCiNzZXJ2aWNlVGFibGVTbWwgLmZhdm9yaXRlIC5ia20gYSB7Cgl3aWR0aDogMjgwcHghaW1wb3J0YW50OwoJaGVpZ2h0OiAzMDBweCFpbXBvcnRhbnQ7CgliYWNrZ3JvdW5kOnVybChodHRwOi8vaW1hZ2UucmFrdXRlbi5jby5qcC9jaW5lbWFjb2xsZWN0aW9uL2NhYmluZXQvb2tpLmdpZikgI2ZmZmZmZiBuby1yZXBlYXQ7CglvdmVyZmxvdzogaGlkZGVuOwoJYm9yZGVyLXdpZHRoOiAwcHg7CgljdXJzb3I6IHBvaW50ZXIgIWltcG9ydGFudDsKCXRleHQtaW5kZW50Oi0xNTAlOwoJbWFyZ2luOiA1cHggMCAwIDA7CglkaXNwbGF5OmJsb2NrOwp9CgoKLyrjgYrmsJfjgavlhaXjgooqLwoKZGl2LncyODAtYyAge3dpZHRoOjI4MHB4O3RleHQtYWxpZ246IGNlbnRlcjt9CmRpdi5jZW50ZXItbS0wYSAge21hcmdpbjowIGF1dG87fQouaXRlbS1va2ktYm4gIHt3aWR0aDoyODBweDttYXJnaW46MnB4IDA7Ym9yZGVyOm5vbmU7fQouaXRlbS1pZnJhbWUgIHttYXJnaW46MHB4O2JvcmRlcjowcHg7fQoKZGl2LmthbnJlbi1saW5rIHtjb2xvcjojN2Y3ZjdmO3dpZHRoOjkwJTttYXJnaW46MjBweCBhdXRvO3BhZGRpbmc6MjBweDt0ZXh0LWFsaWduOiBsZWZ0O2ZvbnQtc2l6ZToxLjJlbTtiYWNrZ3JvdW5kLWNvbG9yOiNmZmZmZmY7Ym9yZGVyOmRvdHRlZCAycHggI2ZmODAzMzt9CnNwYW4ua2FucmVuLWxpbmsge21hcmdpbjoxMHB4IDtwYWRkaW5nOiAwIDAgMCAwLjVlbTtmb250LXNpemU6MS4yZW07CmJhY2tncm91bmQ6dXJsKGh0dHA6Ly9pbWFnZS5yYWt1dGVuLmNvLmpwL21tLXBvcC9jYWJpbmV0L2xpbmstaGVhZC1way5naWYpIG5vLXJlcGVhdCAwIDAuNDVlbTsKfQphOmxpbmsga2FucmVuLWxpbmt7Zm9udC1zaXplOjEuMmVtOyBjb2xvcjojMzM4MGZmO3RleHQtZGVjb3JhdGlvbjpub25lO30KCjwvc3R5bGU+CgoKCgo8IS0tIAo8c3lsZSB0eXBlPSJ0ZXh0L2NzcyI+CiBodG1sLGJvZHl7IG92ZXJmbG93LXg6aGlkZGVuOyB9CgphOmxpbmsge2NvbG9yOiMzMzgwZmY7fQphOnZpc2l0ZWQge2NvbG9yOiM2NjY7fQphOmhvdmVyIHtjb2xvcjojMzMzO30KYTphY3RpdmUge2NvbG9yOiMzMzM7fQphe3RleHQtZGVjb3JhdGlvbjpub25lO30KaW1nIHtib3JkZXI6bm9uZTsgdmVydGljYWwtYWxpZ246Ym90dG9tO30KcCB7bWFyZ2luOjA7IHBhZGRpbmc6MDsgZm9udC1zaXplOjgwJTt9CnAucmVzaXplaW1hZ2UgaW1nIHsgd2lkdGg6IDk4JTsgfQpwLnJlc2l6ZWltYWdlMiBpbWcgeyB3aWR0aDogOTAlOyB9CmE6aG92ZXIgaW1nIHtvcGFjaXR5OiAwLjY7IGZpbHRlcjogYWxwaGEob3BhY2l0eT02MCk7IC1tb3otb3BhY2l0eTogMC42O30KCgppbWcudG9wYm57bWFyZ2luOjEwcHggMDtib3JkZXI6bm9uZTt9CmRpdi5kaXNjMyB7d2lkdGg6MTAwJTttYXJnaW46IDAgYXV0bztwYWRkaW5nOjE1cHg7YmFja2dyb3VuZDojZWZlZmVmO3RleHQtYWxpZ246bGVmdDtmb250LXdlaWdodDpib2xkO2ZvbnQtc2l6ZToxOHB4O30KCiA8L3N0eWxlPgotLT4KCgo8c3R5bGUgdHlwZT0idGV4dC9jc3MiPgo8IS0tCgpkaXYjSGVhZGVyS2V5d29yZCB7Cglwb3NpdGlvbjphYnNvbHV0ZTsKCXRvcDo2MHB4Oy8q5LiA55Wq5LiK44GL44KJ44Gu5L2N572uKi8KCWxlZnQ6NjBweDsvKuW3puerr+OBi+OCieOBruS9jee9riovCn0KCmRpdiNIZWFkZXJLZXl3b3JkIHNwYW4gewoJYmFja2dyb3VuZDogI2JmMDAwMDsKCWNvbG9yOiNmZmY7Cglmb250LXdlaWdodDpib2xkOwoJcGFkZGluZzoycHggNXB4Owp9CgpkaXYjSGVhZGVyS2V5d29yZCBhIHsKCWNvbG9yOiMwMDQ0Q0M7Cn0KCi0tPgo8L3N0eWxlPgo8ZGl2IGlkPSJIZWFkZXJLZXl3b3JkIj4KPHNwYW4+5rOo55uu44Gu44Kt44O844Ov44O844OJPC9zcGFuPgo+PuaWh+aIv+WFtwo+PuODkOODg+OCsAo+PuOBiuiyoeW4gwo+PuOCueODjOODvOODlOODvAoKPC9kaXY+,44G144GX44GO44Gu5Zu944Gu44Ki44Oq44K5IOODqeODs+ODgeW3vuedgCDjg57jg4Hku5jjgY3jgY3jgpPjgaHjgoPjgY/ooosgMjAxN1NTICDjg4fjgqPjgrrjg4vjg7wg44Kr44Of44Kq44K444Oj44OR44OzIDE0JnRpbWVzOzE3JnRpbWVzOzEzY20g5pel5pys6KO9IOOCreODo+ODqeOCr+OCv+ODvOOCsOODg+OCuumAmuiyqSDjgJDjg6Hjg7zjg6vkvr/lj6/jgJHjgJDjgYLjgZnmpb3jgJHjgrfjg43jg57jgrPjg6zjgq/jgrfjg6fjg7PvvJrjgq3jg6Pjg6njgq/jgr/jg7zjga7jgrfjg43jg57jgrPjg6zjgq/jgrfjg6fjg7M=,44Kt44Oj44Op44Kv44K/44O844Kt44Oj44Op44Kv44K/44O844Kw44OD44K644Kt44Oj44Op44Kv44K/44O86ZuR6LKo6ZuR6LKo44K144Oz44Oq44Kq44OH44Kj44K644OL44O844KG44KL44Kt44Oj44Op44Of44OD44Kt44O844Kt44OG44Kj44GP44G+44Oi44Oz44Ov44Oz44OU44O844K544Ki44OL44Oh44Ki44OL44Oh44Kw44OD44K644K/44Kq44Or5paH5YW35paH5oi/5YW344Kk44Oz44OG44Oq44Ki55Sf5rS76ZuR6LKo44Kt44OD44K65a2Q44Gp44KC44G144GX44GO44Gu5Zu944Gu44Ki44Oq44K5IOODqeODs+ODgeW3vuedgCDjg57jg4Hku5jjgY3jgY3jgpPjgaHjgoPjgY/ooosgMjAxN1NTICDjg4fjgqPjgrrjg4vjg7wg44Kr44Of44Kq44K444Oj44OR44OzIDE0JnRpbWVzOzE3JnRpbWVzOzEzY20g5pel5pys6KO9IOOCreODo+ODqeOCr+OCv+ODvOOCsOODg+OCuumAmuiyqSDjgJDjg6Hjg7zjg6vkvr/lj6/jgJHjgJDjgYLjgZnmpb3jgJHjgrfjg43jg57jgrPjg6zjgq/jgrfjg6fjg7M=,44G144GX44GO44Gu5Zu944Gu44Ki44Oq44K5IOODqeODs+ODgeW3vuedgCDjg57jg4Hku5jjgY3jgY3jgpPjgaHjgoPjgY/ooosgMjAxN1NTICDjg4fjgqPjgrrjg4vjg7wg44Kr44Of44Kq44K444Oj44OR44OzIDE0JnRpbWVzOzE3JnRpbWVzOzEzY20g5pel5pys6KO9IOOCreODo+ODqeOCr+OCv+ODvOOCsOODg+OCuumAmuiyqSDjgJDjg6Hjg7zjg6vkvr/lj6/jgJHjgJDjgYLjgZnmpb3jgJHjgrfjg43jg57jgrPjg6zjgq/jgrfjg6fjg7M=[rn]
30-32964,aHR0cDovL3RzaG9wLnIxMHMuanAvY2luZW1hY29sbGVjdGlvbi9jYWJpbmV0L3IyMDE2MDkyMC9rYy1jbXQxLWNzLmpwZz9maXRpbj03MDA6NzAw,MTAzMS4yMDAw,,44Kt44OD44K644O744OZ44OT44O844O744Oe44K/44OL44OG44KjID4g44Kt44OD44K6ID4g6ZuR6LKo44O75bCP54mp77yI44GK5byB5b2T44Kw44OD44K644O744K/44Kq44Or44O75paH5YW36aGe77yJID4g5a2Q5L6b55So44GK5byB5b2T6KKL,44Kv44Os44Oo44Oz44GX44KT44Gh44KD44KTIOODqeODs+ODgeODkOODg+OCsCDjg5/jg4vjg4jjg7zjg4jjg5Djg4PjgrAgMjAxNkFXICDjgrHjgqTjgqvjg7Pjg5Hjg4vjg7wgMjkuNcOXMjDDlzkuNSDjgYrlvIHlvZPnrrHjgYvjgbDjgpMg44Ki44OL44Oh44Kt44Oj44Op44Kv44K/44O844Kw44OD44K66YCa6LKpIOOAkOOBguOBmealveOAkeOCt+ODjeODnuOCs+ODrOOCr+OCt+ODp+ODsw==,,44CA44Kv44Os44Oo44Oz44GX44KT44Gh44KD44KTIOODqeODs+ODgeODkOODg+OCsCDjg5/jg4vjg4jjg7zjg4jjg5Djg4PjgrAgMjAxNkFXICDjgrHjgqTjgqvjg7Pjg5Hjg4vjg7wgMjkuNcOXMjDDlzkuNSDjgYrlvIHlvZPnrrHjgYvjgbDjgpMg44Ki44OL44Oh44Kt44Oj44Op44Kv44K/44O844Kw44OD44K66YCa6LKpIOOAkOOBguOBmealveOAkeOCt+ODjeODnuOCs+ODrOOCr+OCt+ODp+ODszxCUj48QlI+PCEtLSDimIXjgYrmsJfjgavlhaXjgootLT48ZGl2IGNsYXNzPSJ3MjgwLWMiPjxkaXYgY2xhc3M9ImNlbnRlci1tLTBhIj48aW1nIGNsYXNzPSJpdGVtLW9raS1ibiIgYWx0PSLjgq3jg6Pjg6njgq/jgr/jg7zjgrDjg4PjgrrpgJrosqnjgrfjg43jg57jgrPjg6zjgq/jgrfjg6fjg7Pjga7jgYrmsJfjgavlhaXjgorjg6rjgrnjg4jjgpLnorroqo3jgZnjgosiIHNyYz0iaHR0cDovL2ltYWdlLnJha3V0ZW4uY28uanAvY2luZW1hY29sbGVjdGlvbi9jYWJpbmV0L29raS0yLmdpZiI+PC9kaXY+PC9kaXY+PCEtLSDimIXjgYrmsJfjgavlhaXjgorjgrPjgrPjgb7jgactLT48IS0t4piF5YmK6Zmk5LiN5Y+vLS0+PC9zcGFuPjwvdGQ+PC90cj48L3RhYmxlPjxicj48L3RkPjwvdHI+PC90YWJsZT48YnI+PHRhYmxlIGNlbGxwYWRkaW5nPSIwIiBib3JkZXI9IjAiPjx0cj48dGQ+PHRhYmxlIGNlbGxwYWRkaW5nPSIwIiBib3JkZXI9IjAiPjx0cj48dGQ+PHNwYW4+PCEtLemWoumAo+aknOe0ouOCreODvOODr+ODvOODiS0tPjxkaXYgc3R5bGU9IndpZHRoOjEwMCU7dGV4dC1hbGlnbjogY2VudGVyIj48aDMgc3R5bGU9ImNvbG9yOiM3ZjdmN2Y7Ij7jg6/jg7PjgaHjgoPjgpPjga7jgYrmlaPmranjgarjganjgaHjgofjgaPjgajjgZfjgZ/jgYrlh7rjgYvjgZHjgavjgoLjgajjgaPjgabjgoLkvr/liKk8YnI+PCEtLeKYhUstLT7miYvmj5DjgZIv44GK5byB5b2TL+OCteODluODkOODg+OCsC/pgJrli6Qv44OI44Op44OZ44OrPC9oMz48aW1nIHN0eWxlPSJtYXJnaW46MTVweCAwIDEwcHggMDt3aWR0aDoxMDAlIDtib3JkZXI6bm9uZTsiIGFsdD0i44Kt44Oj44Op44Kv44K/44O844Kw44OD44K65bCC6ZaA5bqXL+OCt+ODjeODnuOCs+ODrOOCr+OCt+ODp+ODsy/llYblk4HoqbPntLAiIHNyYz0iaHR0cDovL3d3dy5yYWt1dGVuLm5lLmpwL2dvbGQvY2luZW1hY29sbGVjdGlvbi9ibi9pdGVtLWJuMDEuZ2lmIiAvPjxkaXYgc3R5bGU9ImNvbG9yOiM3ZjdmN2Y7d2lkdGg6OTAlO21hcmdpbjowIGF1dG87I2VmZWZlZiBzb2xpZCAxcHg7cGFkZGluZzoxMHB4O3RleHQtYWxpZ246IGxlZnQ7Ij7lpKfkurrmsJfjgqLjg4vjg6HjgJDjgq/jg6zjg6jjg7PjgZfjgpPjgaHjgoPjgpPjgJHjgrDjg4Pjgrrjgavjgb7jgZ/jgb7jgZ/lj6/mhJvjgYRuZXfjgqLjgqTjg4bjg6DnmbvloLQhITxicj7jgZPjgaHjgonjga/lrprnlarkurrmsJfjgqLjgqTjg4bjg6DjgJDjg5/jg4vjg4jjg7zjg4jjg5Djg4PjgrDjgJHjgavlvoXmnJvjga7mlrDkvZznmbvloLQhITxicj7jgYrmlaPmranjgarjganjgaHjgofjgaPjgajjgZfjgZ/jgYrjgafjgYvjgZHjgavkvr/liKnjgarjg5/jg4vjg4jjg7zjg4jimIY8YnI+44GK5byB5b2T44KE5rC0562S44KS5YWl44KM44Gm5oyB44Gh5q2p44GR44KL44Op44Oz44OB44OQ44OD44Kw44Go44GX44Gm44KC4peOPGJyPuWGheODneOCseODg+ODiOS7mOOBjeOBp+S9v+OBhOOChOOBmeOBhOOCiOKZqjxicj7jgYvjgo/jgYTjgYTjg5/jg4vjg4jjg7zjg4jjgYTjgo3jgYTjgo3jgYLjgovjga7jgafjgYrmsJfjgavlhaXjgorjgpLmjqLjgZfjgabjga3imao8YnI+PGJyPuKWoOOCteOCpOOCuu+8mue0hDI5NcOXMjAww5c5NW1tPGJyPuKWoOe0oOadkO+8muW4huW4gzxCUj48QlI+4pag44Kr44Op44O8IOODnOODvOODgOODvOafhDrjg5njg7zjgrjjg6Xns7vvvIjoloTjgYTjg5bjg6njgqbjg7PvvIk8QlI+PEJSPjwvZGl2PjwvZGl2PjxkaXYgc3R5bGU9IndpZHRoOjEwMCU7dGV4dC1hbGlnbjogY2VudGVyOyI+PGltZyBzdHlsZT0ibWFyZ2luOjE1cHggMCAxMHB4IDA7d2lkdGg6MTAwJSA7Ym9yZGVyOm5vbmU7IiBhbHQ9IuOCreODo+ODqeOCr+OCv+ODvOOCsOODg+OCuuWwgumWgOW6ly/jgrfjg43jg57jgrPjg6zjgq/jgrfjg6fjg7Mv6Kmz57Sw55S75YOPIiBzcmM9Imh0dHA6Ly93d3cucmFrdXRlbi5uZS5qcC9nb2xkL2NpbmVtYWNvbGxlY3Rpb24vYm4vaXRlbS1ibjAyLmdpZiIgLz48ZGl2IHN0eWxlPSJ3aWR0aDoxMDAlO21hcmdpbjowIGF1dG87Ij48aW1nIHN0eWxlPSJ3aWR0aDoyNjBweDttYXJnaW46MnB4O2JvcmRlcjpub25lOyIgc3JjPSJodHRwOi8vaW1hZ2UucmFrdXRlbi5jby5qcC9jaW5lbWFjb2xsZWN0aW9uL2NhYmluZXQvcjIwMTYwOTIwL2tjLWNtdDEtY3MuanBnIj48aW1nIHN0eWxlPSJ3aWR0aDoyNjBweDttYXJnaW46MnB4O2JvcmRlcjpub25lOyIgc3JjPSJodHRwOi8vaW1hZ2UucmFrdXRlbi5jby5qcC9jaW5lbWFjb2xsZWN0aW9uL2NhYmluZXQvcjIwMTYwOTIwL2tjLWNtdDEtY3NfMi5qcGciPjxpbWcgc3R5bGU9IndpZHRoOjI2MHB4O21hcmdpbjoycHg7Ym9yZGVyOm5vbmU7IiBzcmM9Imh0dHA6Ly9pbWFnZS5yYWt1dGVuLmNvLmpwL2NpbmVtYWNvbGxlY3Rpb24vY2FiaW5ldC9yMjAxNjA5MjAva2MtY210MS1jc18zLmpwZyI+PGltZyBzdHlsZT0id2lkdGg6MjYwcHg7bWFyZ2luOjJweDtib3JkZXI6bm9uZTsiIHNyYz0iaHR0cDovL2ltYWdlLnJha3V0ZW4uY28uanAvY2luZW1hY29sbGVjdGlvbi9jYWJpbmV0L3IyMDE2MDkyMC9rYy1jbXQxLWNzXzQuanBnIj48aW1nIHN0eWxlPSJ3aWR0aDoyNjBweDttYXJnaW46MnB4O2JvcmRlcjpub25lOyIgc3JjPSJodHRwOi8vaW1hZ2UucmFrdXRlbi5jby5qcC9jaW5lbWFjb2xsZWN0aW9uL2NhYmluZXQvcjIwMTYwOTIwL2tjLWNtdDEtY3NfNS5qcGciPjwvZGl2PjwvZGl2PjxkaXYgc3R5bGU9IndpZHRoOjEwMCU7dGV4dC1hbGlnbjogY2VudGVyOyI+PGltZyBzdHlsZT0ibWFyZ2luOjE1cHggMCAxMHB4IDA7d2lkdGg6MTAwJSA7Ym9yZGVyOm5vbmU7IiBhbHQ9IuOCreODo+ODqeOCr+OCv+ODvOOCsOODg+OCuuWwgumWgOW6ly/jgrfjg43jg57jgrPjg6zjgq/jgrfjg6fjg7Mv6Kmz57Sw55S75YOPIiBzcmM9Imh0dHA6Ly93d3cucmFrdXRlbi5uZS5qcC9nb2xkL2NpbmVtYWNvbGxlY3Rpb24vYm4vaXRlbS1ibjAzLmdpZiIgLz48ZGl2IHN0eWxlPSJ3aWR0aDo1MCU7dG9wOjc1cHg7ZmxvYXQ6bGVmdDt0ZXh0LWFsaWduOiBsZWZ0OyI+44CQ44Kv44Os44Oo44Oz44GX44KT44Gh44KD44KT44CR5LuW44Gu56iu6aGe44Gv44GT44Gh44KJ44GL44KJICZndDsmZ3Q7PC9kaXY+PGRpdiBzdHlsZT0id2lkdGg6NTAlO2Zsb2F0OmxlZnQ7dGV4dC1hbGlnbjpyaWdodDsiPjxpbWcgc3R5bGU9IndpZHRoOjI1MHB4O2JvcmRlcjpub25lOyIgc3JjPSJodHRwOi8vaW1hZ2UucmFrdXRlbi5jby5qcC9jaW5lbWFjb2xsZWN0aW9uL2NhYmluZXQvMDAybGJuL3RvcGxiMjAxLmpwZyI+PC9kaXY+PGRpdiBzdHlsZT0iY2xlYXI6Ym90aDsiPjwvZGl2PjwvZGl2PjwhLS3plqLpgKPmpJzntKLjgq3jg7zjg6/jg7zjg4ktLT48ZGl2IGNsYXNzPSJrYW5yZW4tbGluayI+44GT44Gu44Kr44OG44K044Oq44Gr44Gv44GT44KT44Gq5ZWG5ZOB44GM5ZCr44G+44KM44Gm44GE44G+44GZPGJyPjxicj48c3BhbiBjbGFzcz0ia2FucmVuLWxpbmsiPuODkOODg+OCsOODu+iyoeW4g+OAkOODqeODs+ODgeODiOODvOODiOOAkTwvc3Bhbj48L2Rpdj48IS0t4piF44Kz44Kz44G+44GnLS0+PCEtLemWoumAo+aknOe0ouOCreODvOODr+ODvOODiS0tPjxkaXYgY2xhc3M9ImthbnJlbi1saW5rIj7jgZPjgozjgpLopovjgZ/kurrjga/jgZPjgpPjgarjgq3jg7zjg6/jg7zjg4njgafmpJzntKLjgZfjgabjgYTjgb7jgZk8YnI+PGJyPjxzcGFuIGNsYXNzPSJrYW5yZW4tbGluayI+5bCP44GV44KBIOODiOODvOODiOODkOODg+OCsDwvc3Bhbj48c3BhbiBjbGFzcz0ia2FucmVuLWxpbmsiPuODiOODvOODiOODkOODg+OCsCDjgq3jg6Pjg7Pjg5Djgrk8L3NwYW4+PHNwYW4gY2xhc3M9ImthbnJlbi1saW5rIj7jgq3jg6Pjg6njgq/jgr/jg7wg44OI44O844OI44OQ44OD44KwPC9zcGFuPjxzcGFuIGNsYXNzPSJrYW5yZW4tbGluayI+44OH44Kj44K644OL44O8IOODkOODg+OCsDwvc3Bhbj48c3BhbiBjbGFzcz0ia2FucmVuLWxpbmsiPuOCteODs+ODquOCqiDjg5Djg4PjgrA8L3NwYW4+PHNwYW4gY2xhc3M9ImthbnJlbi1saW5rIj7jgq3jg6Pjg6njgq/jgr/jg7wg44Od44O844OBPC9zcGFuPjxzcGFuIGNsYXNzPSJrYW5yZW4tbGluayI+44Kt44Oj44Op44Kv44K/44O8IOODleOCoeODg+OCt+ODp+ODszwvc3Bhbj48c3BhbiBjbGFzcz0ia2FucmVuLWxpbmsiPuOCreODo+ODqeOCr+OCv+ODvCDjgrDjg4Pjgro8L3NwYW4+PHNwYW4gY2xhc3M9ImthbnJlbi1saW5rIj7jgq3jg6Pjg6njgq/jgr/jg7wg44OQ44OD44KwPC9zcGFuPjxzcGFuIGNsYXNzPSJrYW5yZW4tbGluayI+44OV44Kh44OD44K344On44Oz5bCP54mpPC9zcGFuPjwvZGl2PjwhLS3imIXjgrPjgrPjgb7jgactLT48IS0tNjUwMC0tPgoKPC9URD48L1RSPjwvVEFCTEU+PGJyPjxicj4KCgo8IS0t5paw552AIC0tPgoKPGltZyBzdHlsZT0id2lkdGg6ODAwcHg7bWFyZ2luOjAgMCAxMHB4IDA7Ym9yZGVyOm5vbmU7IiBzcmM9Imh0dHA6Ly9pbWFnZS5yYWt1dGVuLmNvLmpwL2NpbmVtYWNvbGxlY3Rpb24vY2FiaW5ldC9zaW4uZ2lmIj48YnI+CjxkaXYgc3R5bGU9IndpZHRoOjc1MHB4O21hcmdpbjogMCBhdXRvO3BhZGRpbmc6MTVweDt0ZXh0LWFsaWduOnJpZ2h0O2ZvbnQtd2VpZ2h0OmJvbGQ7Zm9udC1zaXplOjE4cHg7Ij4+PuaWsOedgOaDheWgseOBruOBpOOBpeOBjeOBr+OBk+OBoeOCiTwvZGl2Pgo8YnI+CjxkaXYgc3R5bGU9IndpZHRoOjc1MHB4O21hcmdpbjogMCBhdXRvO3BhZGRpbmc6MTVweDt0ZXh0LWFsaWduOnJpZ2h0O2ZvbnQtd2VpZ2h0OmJvbGQ7Zm9udC1zaXplOjE4cHg7Ij4+PuaWsOedgOaDheWgseOBruOBpOOBpeOBjeOBr+OBk+OBoeOCiTwvZGl2PgoKCgoKCgo8aW1nIHN0eWxlPSJ3aWR0aDo4MDBweDttYXJnaW46MCAwIDEwcHggMDtib3JkZXI6bm9uZTsiIHNyYz0iaHR0cDovL2ltYWdlLnJha3V0ZW4uY28uanAvY2luZW1hY29sbGVjdGlvbi9jYWJpbmV0L2Nhci5naWYiPjxicj4KPHRhYmxlIHdpZHRoPSI4MDAiPjx0cj48dGQgd2lkdGg9IjgwMCIgYWxpZ249InJpZ2h0Ij7ih5LjgZnjgbnjgabjga7jgq3jg6Pjg6njgq/jgr/jg7zjga/jgZPjgaHjgok8L3RkPjwvdHI+PHRyPjx0ZD48YnI+PGJyPgoKPGJyPjxicj4KPC90ZD48L3RyPjwvdGFibGU+PGJyPjxicj4KCgo8aW1nIHN0eWxlPSJ3aWR0aDo4MDBweDttYXJnaW46MCAwIDEwcHggMDtib3JkZXI6bm9uZTsiIHNyYz0iaHR0cDovL2ltYWdlLnJha3V0ZW4uY28uanAvY2luZW1hY29sbGVjdGlvbi9jYWJpbmV0L2NhdC5naWYiPjxicj4KPC9jZW50ZXI+CgoKPCEtLSAtLT4KCjxzdHlsZT4KLyrosrfjgYTnianjgqvjgrTjg5zjgr/jg7MqLwojcmFrdXRlbkxpbWl0ZWRJZF9hcm91bmRDYXJ0IGlucHV0IHsKCXdpZHRoOiAyODBweDsKCWhlaWdodDogMTUwcHg7CgliYWNrZ3JvdW5kOnVybChodHRwOi8vaW1hZ2UucmFrdXRlbi5jby5qcC9jaW5lbWFjb2xsZWN0aW9uL2NhYmluZXQvY2FydC5naWYpICNmZmZmZmYgbm8tcmVwZWF0OwoJb3ZlcmZsb3c6IGhpZGRlbjsKCWJvcmRlci13aWR0aDogMHB4OwoJY3Vyc29yOiBwb2ludGVyICFpbXBvcnRhbnQ7Cgl0ZXh0LWluZGVudDogMTUwJTsKCXdoaXRlLXNwYWNlOiBub3dyYXA7CgltYXJnaW46IDVweCAwIDAgMDsKCWRpc3BsYXk6YmxvY2s7Cn0KCiNyYWt1dGVuTGltaXRlZElkX2Fyb3VuZENhcnQgLmludmVudG9yeSBpbnB1dCB7CgliYWNrZ3JvdW5kOm5vbmUgIWltcG9ydGFudDsKCXdpZHRoOiAyZW0haW1wb3J0YW50OwoJaGVpZ2h0OiAxLjJlbSFpbXBvcnRhbnQ7CglkaXNwbGF5OmlubGluZTsKfQoKCi8q5YCL5pWw44OG44Kt44K544OIKi8KI3Jha3V0ZW5MaW1pdGVkSWRfYXJvdW5kQ2FydCAudW5pdCB7Cglmb250LXNpemU6MTZweDsKfQoKLyrlgIvmlbDlhaXlipsqLwojcmFrdXRlbkxpbWl0ZWRJZF9hcm91bmRDYXJ0IGlucHV0I3VuaXRzIHsKCWJvcmRlcjpzb2xpZCAjY2NjIDFweDsKCWJhY2tncm91bmQ6I2ZmZiFpbXBvcnRhbnQ7Cgl3aWR0aDozMHB4OwoJaGVpZ2h0OjMwcHg7CgljdXJzb3I6YXV0bzsKCXBhZGRpbmc6N3B4IDdweCA3cHggM3B4OwoJdGV4dC1pbmRlbnQ6IDBweDsKCW92ZXJmbG93OiBoaWRkZW47CglkaXNwbGF5OmlubGluZTsKCWZvbnQtc2l6ZToxNnB4Owp9CgovKuOBiuWVj+OBhOWQiOOCj+OBm+ODnOOCv+ODsyovCiNyYWt1dGVuTGltaXRlZElkX2Fyb3VuZENhcnQgZm9udCBpbnB1dCB7Cgl3aWR0aDogMjgwcHg7CgloZWlnaHQ6IDgwcHg7CgliYWNrZ3JvdW5kOnVybChodHRwOi8vaW1hZ2UucmFrdXRlbi5jby5qcC9jaW5lbWFjb2xsZWN0aW9uL2NhYmluZXQvdG9pLmdpZikgI2ZmZmZmZiBuby1yZXBlYXQ7CglvdmVyZmxvdzogaGlkZGVuOwoJYm9yZGVyLXdpZHRoOiAwcHg7CgljdXJzb3I6IHBvaW50ZXIgIWltcG9ydGFudDsKCXRleHQtaW5kZW50OiAxNTAlOwoJd2hpdGUtc3BhY2U6IG5vd3JhcDsKCW1hcmdpbjogNXB4IDAgMCAwOwoJZGlzcGxheTpibG9jazsKfQoKI3NlcnZpY2VUYWJsZVNtbCAuZmF2b3JpdGUgewoJZGlzcGxheTpibG9jazsKCXdpZHRoOiAyODBweDsKfQoKI3NlcnZpY2VUYWJsZVNtbCAuZmF2b3JpdGUgLmJvb2ttYXJrQXJlYSBkaXZ7Cgl3aWR0aDogMjgwcHghaW1wb3J0YW50Owp9Cgojc2VydmljZVRhYmxlU21sIC5mYXZvcml0ZSAuYmttIGEgewoJd2lkdGg6IDI4MHB4IWltcG9ydGFudDsKCWhlaWdodDogMzAwcHghaW1wb3J0YW50OwoJYmFja2dyb3VuZDp1cmwoaHR0cDovL2ltYWdlLnJha3V0ZW4uY28uanAvY2luZW1hY29sbGVjdGlvbi9jYWJpbmV0L29raS5naWYpICNmZmZmZmYgbm8tcmVwZWF0OwoJb3ZlcmZsb3c6IGhpZGRlbjsKCWJvcmRlci13aWR0aDogMHB4OwoJY3Vyc29yOiBwb2ludGVyICFpbXBvcnRhbnQ7Cgl0ZXh0LWluZGVudDotMTUwJTsKCW1hcmdpbjogNXB4IDAgMCAwOwoJZGlzcGxheTpibG9jazsKfQoKCi8q44GK5rCX44Gr5YWl44KKKi8KCmRpdi53MjgwLWMgIHt3aWR0aDoyODBweDt0ZXh0LWFsaWduOiBjZW50ZXI7fQpkaXYuY2VudGVyLW0tMGEgIHttYXJnaW46MCBhdXRvO30KLml0ZW0tb2tpLWJuICB7d2lkdGg6MjgwcHg7bWFyZ2luOjJweCAwO2JvcmRlcjpub25lO30KLml0ZW0taWZyYW1lICB7bWFyZ2luOjBweDtib3JkZXI6MHB4O30KCmRpdi5rYW5yZW4tbGluayB7Y29sb3I6IzdmN2Y3Zjt3aWR0aDo5MCU7bWFyZ2luOjIwcHggYXV0bztwYWRkaW5nOjIwcHg7dGV4dC1hbGlnbjogbGVmdDtmb250LXNpemU6MS4yZW07YmFja2dyb3VuZC1jb2xvcjojZmZmZmZmO2JvcmRlcjpkb3R0ZWQgMnB4ICNmZjgwMzM7fQpzcGFuLmthbnJlbi1saW5rIHttYXJnaW46MTBweCA7cGFkZGluZzogMCAwIDAgMC41ZW07Zm9udC1zaXplOjEuMmVtOwpiYWNrZ3JvdW5kOnVybChodHRwOi8vaW1hZ2UucmFrdXRlbi5jby5qcC9tbS1wb3AvY2FiaW5ldC9saW5rLWhlYWQtcGsuZ2lmKSBuby1yZXBlYXQgMCAwLjQ1ZW07Cn0KYTpsaW5rIGthbnJlbi1saW5re2ZvbnQtc2l6ZToxLjJlbTsgY29sb3I6IzMzODBmZjt0ZXh0LWRlY29yYXRpb246bm9uZTt9Cgo8L3N0eWxlPgoKCgoKPCEtLSAKPHN5bGUgdHlwZT0idGV4dC9jc3MiPgogaHRtbCxib2R5eyBvdmVyZmxvdy14OmhpZGRlbjsgfQoKYTpsaW5rIHtjb2xvcjojMzM4MGZmO30KYTp2aXNpdGVkIHtjb2xvcjojNjY2O30KYTpob3ZlciB7Y29sb3I6IzMzMzt9CmE6YWN0aXZlIHtjb2xvcjojMzMzO30KYXt0ZXh0LWRlY29yYXRpb246bm9uZTt9CmltZyB7Ym9yZGVyOm5vbmU7IHZlcnRpY2FsLWFsaWduOmJvdHRvbTt9CnAge21hcmdpbjowOyBwYWRkaW5nOjA7IGZvbnQtc2l6ZTo4MCU7fQpwLnJlc2l6ZWltYWdlIGltZyB7IHdpZHRoOiA5OCU7IH0KcC5yZXNpemVpbWFnZTIgaW1nIHsgd2lkdGg6IDkwJTsgfQphOmhvdmVyIGltZyB7b3BhY2l0eTogMC42OyBmaWx0ZXI6IGFscGhhKG9wYWNpdHk9NjApOyAtbW96LW9wYWNpdHk6IDAuNjt9CgoKaW1nLnRvcGJue21hcmdpbjoxMHB4IDA7Ym9yZGVyOm5vbmU7fQpkaXYuZGlzYzMge3dpZHRoOjEwMCU7bWFyZ2luOiAwIGF1dG87cGFkZGluZzoxNXB4O2JhY2tncm91bmQ6I2VmZWZlZjt0ZXh0LWFsaWduOmxlZnQ7Zm9udC13ZWlnaHQ6Ym9sZDtmb250LXNpemU6MThweDt9CgogPC9zdHlsZT4KLS0+CgoKPHN0eWxlIHR5cGU9InRleHQvY3NzIj4KPCEtLQoKZGl2I0hlYWRlcktleXdvcmQgewoJcG9zaXRpb246YWJzb2x1dGU7Cgl0b3A6NjBweDsvKuS4gOeVquS4iuOBi+OCieOBruS9jee9riovCglsZWZ0OjYwcHg7Lyrlt6bnq6/jgYvjgonjga7kvY3nva4qLwp9CgpkaXYjSGVhZGVyS2V5d29yZCBzcGFuIHsKCWJhY2tncm91bmQ6ICNiZjAwMDA7Cgljb2xvcjojZmZmOwoJZm9udC13ZWlnaHQ6Ym9sZDsKCXBhZGRpbmc6MnB4IDVweDsKfQoKZGl2I0hlYWRlcktleXdvcmQgYSB7Cgljb2xvcjojMDA0NENDOwp9CgotLT4KPC9zdHlsZT4KPGRpdiBpZD0iSGVhZGVyS2V5d29yZCI+CjxzcGFuPuazqOebruOBruOCreODvOODr+ODvOODiTwvc3Bhbj4KPj7mlofmiL/lhbcKPj7jg5Djg4PjgrAKPj7jgYrosqHluIMKPj7jgrnjg4zjg7zjg5Tjg7wKCjwvZGl2Pg==,44Kv44Os44Oo44Oz44GX44KT44Gh44KD44KTIOODqeODs+ODgeODkOODg+OCsCDjg5/jg4vjg4jjg7zjg4jjg5Djg4PjgrAgMjAxNkFXICDjgrHjgqTjgqvjg7Pjg5Hjg4vjg7wgMjkuNSZ0aW1lczsyMCZ0aW1lczs5LjUg44GK5byB5b2T566x44GL44Gw44KTIOOCouODi+ODoeOCreODo+ODqeOCr+OCv+ODvOOCsOODg+OCuumAmuiyqSDjgJDjgYLjgZnmpb3jgJHjgrfjg43jg57jgrPjg6zjgq/jgrfjg6fjg7PvvJrjgq3jg6Pjg6njgq/jgr/jg7zjga7jgrfjg43jg57jgrPjg6zjgq/jgrfjg6fjg7M=,44Kt44Oj44Op44Kv44K/44O844Kt44Oj44Op44Kv44K/44O844Kw44OD44K644Kt44Oj44Op44Kv44K/44O86ZuR6LKo6ZuR6LKo44K144Oz44Oq44Kq44OH44Kj44K644OL44O844KG44KL44Kt44Oj44Op44Of44OD44Kt44O844Kt44OG44Kj44GP44G+44Oi44Oz44Ov44Oz44OU44O844K544Ki44OL44Oh44Ki44OL44Oh44Kw44OD44K644K/44Kq44Or5paH5YW35paH5oi/5YW344Kk44Oz44OG44Oq44Ki55Sf5rS76ZuR6LKo44Kt44OD44K65a2Q44Gp44KC44Kv44Os44Oo44Oz44GX44KT44Gh44KD44KTIOODqeODs+ODgeODkOODg+OCsCDjg5/jg4vjg4jjg7zjg4jjg5Djg4PjgrAgMjAxNkFXICDjgrHjgqTjgqvjg7Pjg5Hjg4vjg7wgMjkuNSZ0aW1lczsyMCZ0aW1lczs5LjUg44GK5byB5b2T566x44GL44Gw44KTIOOCouODi+ODoeOCreODo+ODqeOCr+OCv+ODvOOCsOODg+OCuumAmuiyqSDjgJDjgYLjgZnmpb3jgJHjgrfjg43jg57jgrPjg6zjgq/jgrfjg6fjg7M=,44Kv44Os44Oo44Oz44GX44KT44Gh44KD44KTIOODqeODs+ODgeODkOODg+OCsCDjg5/jg4vjg4jjg7zjg4jjg5Djg4PjgrAgMjAxNkFXICDjgrHjgqTjgqvjg7Pjg5Hjg4vjg7wgMjkuNSZ0aW1lczsyMCZ0aW1lczs5LjUg44GK5byB5b2T566x44GL44Gw44KTIOOCouODi+ODoeOCreODo+ODqeOCr+OCv+ODvOOCsOODg+OCuumAmuiyqSDjgJDjgYLjgZnmpb3jgJHjgrfjg43jg57jgrPjg6zjgq/jgrfjg6fjg7M=[rn]
30-32965,aHR0cDovL3RzaG9wLnIxMHMuanAvY2luZW1hY29sbGVjdGlvbi9jYWJpbmV0L3IyMDE1MTIyOC9rbW8tODA1NTIuanBnP2ZpdGluPTcwMDo3MDA=,MTE5MS4yMDAw,,44Kt44OD44K644O744OZ44OT44O844O744Oe44K/44OL44OG44KjID4g44Kt44OD44K6ID4g6ZuR6LKo44O75bCP54mp77yI44GK5byB5b2T44Kw44OD44K644O744K/44Kq44Or44O75paH5YW36aGe77yJID4g5a2Q5L6b55So44GK5byB5b2T6KKL,44K544K/44O844OA44K544OI44K544Kz44O844OXIOS/neWGt+ODkOODg+OCsCDjg6njg7Pjg4Hjg4jjg7zjg4gg44Kr44Of44Kq44K444Oj44OR44OzIOOBiuW8geW9k+euseOBi+OBsOOCkyDjgYvjgo/jgYTjgYQg44Kt44Oj44Op44Kv44K/44O844Kw44OD44K66YCa6LKpIOOAkOOBguOBmealveOAkeOCt+ODjeODnuOCs+ODrOOCr+OCt+ODp+ODsw==,,44CA44K544K/44O844OA44K544OI44K544Kz44O844OXIOS/neWGt+ODkOODg+OCsCDjg6njg7Pjg4Hjg4jjg7zjg4gg44Kr44Of44Kq44K444Oj44OR44OzIOOBiuW8geW9k+euseOBi+OBsOOCkyDjgYvjgo/jgYTjgYQg44Kt44Oj44Op44Kv44K/44O844Kw44OD44K66YCa6LKpIOOAkOOBguOBmealveOAkeOCt+ODjeODnuOCs+ODrOOCr+OCt+ODp+ODszxCUj48QlI+PCEtLSDimIXjgYrmsJfjgavlhaXjgootLT48ZGl2IGNsYXNzPSJ3MjgwLWMiPjxkaXYgY2xhc3M9ImNlbnRlci1tLTBhIj48aW1nIGNsYXNzPSJpdGVtLW9raS1ibiIgYWx0PSLjgq3jg6Pjg6njgq/jgr/jg7zjgrDjg4PjgrrpgJrosqnjgrfjg43jg57jgrPjg6zjgq/jgrfjg6fjg7Pjga7jgYrmsJfjgavlhaXjgorjg6rjgrnjg4jjgpLnorroqo3jgZnjgosiIHNyYz0iaHR0cDovL2ltYWdlLnJha3V0ZW4uY28uanAvY2luZW1hY29sbGVjdGlvbi9jYWJpbmV0L29raS0yLmdpZiI+PC9kaXY+PC9kaXY+PCEtLSDimIXjgYrmsJfjgavlhaXjgorjgrPjgrPjgb7jgactLT48IS0t4piF5YmK6Zmk5LiN5Y+vLS0+PC9zcGFuPjwvdGQ+PC90cj48L3RhYmxlPjxicj48L3RkPjwvdHI+PC90YWJsZT48YnI+PHRhYmxlIGNlbGxwYWRkaW5nPSIwIiBib3JkZXI9IjAiPjx0cj48dGQ+PHRhYmxlIGNlbGxwYWRkaW5nPSIwIiBib3JkZXI9IjAiPjx0cj48dGQ+PHNwYW4+PCEtLemWoumAo+aknOe0ouOCreODvOODr+ODvOODiS0tPjxkaXYgc3R5bGU9IndpZHRoOjEwMCU7dGV4dC1hbGlnbjogY2VudGVyIj48aDMgc3R5bGU9ImNvbG9yOiM3ZjdmN2Y7Ij7lhoXlgbTjgqLjg6vjg5/mp4vpgKDvvIbkv53lhrfliaTlhaXjgozjg53jgrHjg4Pjg4jku5jjgY3jgafkv53lhrflipvjgoLjg5Djg4TjgrDjg7MhITxicj48IS0t4piFSy0tPuOBi+OCj+OBhOOBhC/miYvluLMv44OH44Kz44Os44O844K344On44OzL+OCouODrOODs+OCuC/jgrnjg4bjg4Pjgqvjg7w8L2gzPjxpbWcgc3R5bGU9Im1hcmdpbjoxNXB4IDAgMTBweCAwO3dpZHRoOjEwMCUgO2JvcmRlcjpub25lOyIgYWx0PSLjgq3jg6Pjg6njgq/jgr/jg7zjgrDjg4PjgrrlsILploDlupcv44K344ON44Oe44Kz44Os44Kv44K344On44OzL+WVhuWTgeips+e0sCIgc3JjPSJodHRwOi8vd3d3LnJha3V0ZW4ubmUuanAvZ29sZC9jaW5lbWFjb2xsZWN0aW9uL2JuL2l0ZW0tYm4wMS5naWYiIC8+PGRpdiBzdHlsZT0iY29sb3I6IzdmN2Y3Zjt3aWR0aDo5MCU7bWFyZ2luOjAgYXV0bzsjZWZlZmVmIHNvbGlkIDFweDtwYWRkaW5nOjEwcHg7dGV4dC1hbGlnbjogbGVmdDsiPuaWsOWtpuacn+ODu+aWsOeUn+a0u+OBq+OBtOOBo+OBn+OCiuOBquOBi+OCj+OBhOOBhOODqeODs+ODgembkeiyqOOCt+ODquODvOOCuuKYhuW9oTxicj7jgZPjgaHjgonjga/lrprnlarjgqLjgqTjg4bjg6DjgJDkv53lhrfjg6njg7Pjg4Hjg5Djg4PjgrDjgJE8YnI+5LiK6YOo44GM44OV44Kh44K544OK44O844Gn55WZ44KB44KJ44KM44Gm44CB5YaF5YG044GM44Ki44Or44Of5qeL6YCg44Gr44Gq44Gj44Gm44GE44KL44Gu44Gn5L+d5Ya35Yqb44OQ44OD44OB44OqISE8YnI+44GV44KJ44Gr5YaF5YG044Gr44Gv5L+d5Ya35Ymk44GM5YWl44KM44KJ44KM44KL44Oh44OD44K344Ol44Od44Kx44OD44OI44KC5LuY44GE44Gm44GE44G+44GZ4pmqPGJyPuODmuODg+ODiOODnOODiOODq+OChOWwj+OBleOCgeOBruawtOetkuOBquOBqeOCguS4gOe3kuOBq+WFpeOCi+S+v+WIqeOBquOCteOCpOOCuiEhPGJyPuWQjOODh+OCtuOCpOODs+OBruWPr+aEm+OBhOODqeODs+ODgeOCsOODg+OCuuOBhOOCjeOBhOOCjeOBguOCi+OBruOBp+aPg+OBiOOCi+OBqOOBleOCieOBq+WPr+aEm+OBhOOCiOKZqjxicj48YnI+4pag44K144Kk44K677ya57SEMzEww5cyMTDDlzEyMG1tPEJSPjxCUj7ilqDjgqvjg6njg7wg44OW44Or44O857O777yI6Z2S44O757S644O744ON44Kk44OT44O877yJPEJSPjxCUj48L2Rpdj48L2Rpdj48ZGl2IHN0eWxlPSJ3aWR0aDoxMDAlO3RleHQtYWxpZ246IGNlbnRlcjsiPjxpbWcgc3R5bGU9Im1hcmdpbjoxNXB4IDAgMTBweCAwO3dpZHRoOjEwMCUgO2JvcmRlcjpub25lOyIgYWx0PSLjgq3jg6Pjg6njgq/jgr/jg7zjgrDjg4PjgrrlsILploDlupcv44K344ON44Oe44Kz44Os44Kv44K344On44OzL+ips+e0sOeUu+WDjyIgc3JjPSJodHRwOi8vd3d3LnJha3V0ZW4ubmUuanAvZ29sZC9jaW5lbWFjb2xsZWN0aW9uL2JuL2l0ZW0tYm4wMi5naWYiIC8+PGRpdiBzdHlsZT0id2lkdGg6MTAwJTttYXJnaW46MCBhdXRvOyI+PGltZyBzdHlsZT0id2lkdGg6MjYwcHg7bWFyZ2luOjJweDtib3JkZXI6bm9uZTsiIHNyYz0iaHR0cDovL2ltYWdlLnJha3V0ZW4uY28uanAvY2luZW1hY29sbGVjdGlvbi9jYWJpbmV0L3IyMDE1MTIyOC9rbW8tODA1NTIuanBnIj48aW1nIHN0eWxlPSJ3aWR0aDoyNjBweDttYXJnaW46MnB4O2JvcmRlcjpub25lOyIgc3JjPSJodHRwOi8vaW1hZ2UucmFrdXRlbi5jby5qcC9jaW5lbWFjb2xsZWN0aW9uL2NhYmluZXQvcjIwMTUxMjI4L2ttby04MDU1Ml8yLmpwZyI+PGltZyBzdHlsZT0id2lkdGg6MjYwcHg7bWFyZ2luOjJweDtib3JkZXI6bm9uZTsiIHNyYz0iaHR0cDovL2ltYWdlLnJha3V0ZW4uY28uanAvY2luZW1hY29sbGVjdGlvbi9jYWJpbmV0L3IyMDE1MTIyOC9rbW8tODA1NTJfMy5qcGciPjxpbWcgc3R5bGU9IndpZHRoOjI2MHB4O21hcmdpbjoycHg7Ym9yZGVyOm5vbmU7IiBzcmM9Imh0dHA6Ly9pbWFnZS5yYWt1dGVuLmNvLmpwL2NpbmVtYWNvbGxlY3Rpb24vY2FiaW5ldC9yMjAxNTEyMjgva21vLTgwNTUyXzQuanBnIj48L2Rpdj48L2Rpdj48IS0t6Zai6YCj5qSc57Si44Kt44O844Ov44O844OJLS0+PGRpdiBjbGFzcz0ia2FucmVuLWxpbmsiPuOBk+OBruOCq+ODhuOCtOODquOBq+OBr+OBk+OCk+OBquWVhuWTgeOBjOWQq+OBvuOCjOOBpuOBhOOBvuOBmTxicj48YnI+PHNwYW4gY2xhc3M9ImthbnJlbi1saW5rIj7jgq3jg4Pjg4Hjg7Ppm5HosqjjgJDkv53lhrfjg5Djg4PjgrDjgJE8L3NwYW4+PC9kaXY+PCEtLeKYheOCs+OCs+OBvuOBpy0tPjwhLS3plqLpgKPmpJzntKLjgq3jg7zjg6/jg7zjg4ktLT48ZGl2IGNsYXNzPSJrYW5yZW4tbGluayI+44GT44KM44KS6KaL44Gf5Lq644Gv44GT44KT44Gq44Kt44O844Ov44O844OJ44Gn5qSc57Si44GX44Gm44GE44G+44GZPGJyPjxicj48c3BhbiBjbGFzcz0ia2FucmVuLWxpbmsiPuS/nea4qSDjg5Djg4PjgrA8L3NwYW4+PHNwYW4gY2xhc3M9ImthbnJlbi1saW5rIj7jg6njg7Pjg4Eg44OQ44OD44KwPC9zcGFuPjxzcGFuIGNsYXNzPSJrYW5yZW4tbGluayI+44Ko44KzIOODkOODg+OCsDwvc3Bhbj48c3BhbiBjbGFzcz0ia2FucmVuLWxpbmsiPuODrOOCuCDjg5Djg4PjgrA8L3NwYW4+PHNwYW4gY2xhc3M9ImthbnJlbi1saW5rIj7kv53lhrcg44Kw44OD44K6PC9zcGFuPjxzcGFuIGNsYXNzPSJrYW5yZW4tbGluayI+44GK5byB5b2T566xPC9zcGFuPjxzcGFuIGNsYXNzPSJrYW5yZW4tbGluayI+44Op44Oz44OBIOOCsOODg+OCujwvc3Bhbj48c3BhbiBjbGFzcz0ia2FucmVuLWxpbmsiPuODqeODs+ODgSDnlKjlk4E8L3NwYW4+PHNwYW4gY2xhc3M9ImthbnJlbi1saW5rIj7jgq3jg6Pjg6njgq/jgr/jg7wg5byB5b2TPC9zcGFuPjxzcGFuIGNsYXNzPSJrYW5yZW4tbGluayI+5rC0562SPC9zcGFuPjwvZGl2PjwhLS3imIXjgrPjgrPjgb7jgactLT48IS0tNjUwMC0tPgoKPC9URD48L1RSPjwvVEFCTEU+PGJyPjxicj4KCgo8IS0t5paw552AIC0tPgoKPGltZyBzdHlsZT0id2lkdGg6ODAwcHg7bWFyZ2luOjAgMCAxMHB4IDA7Ym9yZGVyOm5vbmU7IiBzcmM9Imh0dHA6Ly9pbWFnZS5yYWt1dGVuLmNvLmpwL2NpbmVtYWNvbGxlY3Rpb24vY2FiaW5ldC9zaW4uZ2lmIj48YnI+CjxkaXYgc3R5bGU9IndpZHRoOjc1MHB4O21hcmdpbjogMCBhdXRvO3BhZGRpbmc6MTVweDt0ZXh0LWFsaWduOnJpZ2h0O2ZvbnQtd2VpZ2h0OmJvbGQ7Zm9udC1zaXplOjE4cHg7Ij4+PuaWsOedgOaDheWgseOBruOBpOOBpeOBjeOBr+OBk+OBoeOCiTwvZGl2Pgo8YnI+CjxkaXYgc3R5bGU9IndpZHRoOjc1MHB4O21hcmdpbjogMCBhdXRvO3BhZGRpbmc6MTVweDt0ZXh0LWFsaWduOnJpZ2h0O2ZvbnQtd2VpZ2h0OmJvbGQ7Zm9udC1zaXplOjE4cHg7Ij4+PuaWsOedgOaDheWgseOBruOBpOOBpeOBjeOBr+OBk+OBoeOCiTwvZGl2PgoKCgoKCgo8aW1nIHN0eWxlPSJ3aWR0aDo4MDBweDttYXJnaW46MCAwIDEwcHggMDtib3JkZXI6bm9uZTsiIHNyYz0iaHR0cDovL2ltYWdlLnJha3V0ZW4uY28uanAvY2luZW1hY29sbGVjdGlvbi9jYWJpbmV0L2Nhci5naWYiPjxicj4KPHRhYmxlIHdpZHRoPSI4MDAiPjx0cj48dGQgd2lkdGg9IjgwMCIgYWxpZ249InJpZ2h0Ij7ih5LjgZnjgbnjgabjga7jgq3jg6Pjg6njgq/jgr/jg7zjga/jgZPjgaHjgok8L3RkPjwvdHI+PHRyPjx0ZD48YnI+PGJyPgoKPGJyPjxicj4KPC90ZD48L3RyPjwvdGFibGU+PGJyPjxicj4KCgo8aW1nIHN0eWxlPSJ3aWR0aDo4MDBweDttYXJnaW46MCAwIDEwcHggMDtib3JkZXI6bm9uZTsiIHNyYz0iaHR0cDovL2ltYWdlLnJha3V0ZW4uY28uanAvY2luZW1hY29sbGVjdGlvbi9jYWJpbmV0L2NhdC5naWYiPjxicj4KPC9jZW50ZXI+CgoKPCEtLSAtLT4KCjxzdHlsZT4KLyrosrfjgYTnianjgqvjgrTjg5zjgr/jg7MqLwojcmFrdXRlbkxpbWl0ZWRJZF9hcm91bmRDYXJ0IGlucHV0IHsKCXdpZHRoOiAyODBweDsKCWhlaWdodDogMTUwcHg7CgliYWNrZ3JvdW5kOnVybChodHRwOi8vaW1hZ2UucmFrdXRlbi5jby5qcC9jaW5lbWFjb2xsZWN0aW9uL2NhYmluZXQvY2FydC5naWYpICNmZmZmZmYgbm8tcmVwZWF0OwoJb3ZlcmZsb3c6IGhpZGRlbjsKCWJvcmRlci13aWR0aDogMHB4OwoJY3Vyc29yOiBwb2ludGVyICFpbXBvcnRhbnQ7Cgl0ZXh0LWluZGVudDogMTUwJTsKCXdoaXRlLXNwYWNlOiBub3dyYXA7CgltYXJnaW46IDVweCAwIDAgMDsKCWRpc3BsYXk6YmxvY2s7Cn0KCiNyYWt1dGVuTGltaXRlZElkX2Fyb3VuZENhcnQgLmludmVudG9yeSBpbnB1dCB7CgliYWNrZ3JvdW5kOm5vbmUgIWltcG9ydGFudDsKCXdpZHRoOiAyZW0haW1wb3J0YW50OwoJaGVpZ2h0OiAxLjJlbSFpbXBvcnRhbnQ7CglkaXNwbGF5OmlubGluZTsKfQoKCi8q5YCL5pWw44OG44Kt44K544OIKi8KI3Jha3V0ZW5MaW1pdGVkSWRfYXJvdW5kQ2FydCAudW5pdCB7Cglmb250LXNpemU6MTZweDsKfQoKLyrlgIvmlbDlhaXlipsqLwojcmFrdXRlbkxpbWl0ZWRJZF9hcm91bmRDYXJ0IGlucHV0I3VuaXRzIHsKCWJvcmRlcjpzb2xpZCAjY2NjIDFweDsKCWJhY2tncm91bmQ6I2ZmZiFpbXBvcnRhbnQ7Cgl3aWR0aDozMHB4OwoJaGVpZ2h0OjMwcHg7CgljdXJzb3I6YXV0bzsKCXBhZGRpbmc6N3B4IDdweCA3cHggM3B4OwoJdGV4dC1pbmRlbnQ6IDBweDsKCW92ZXJmbG93OiBoaWRkZW47CglkaXNwbGF5OmlubGluZTsKCWZvbnQtc2l6ZToxNnB4Owp9CgovKuOBiuWVj+OBhOWQiOOCj+OBm+ODnOOCv+ODsyovCiNyYWt1dGVuTGltaXRlZElkX2Fyb3VuZENhcnQgZm9udCBpbnB1dCB7Cgl3aWR0aDogMjgwcHg7CgloZWlnaHQ6IDgwcHg7CgliYWNrZ3JvdW5kOnVybChodHRwOi8vaW1hZ2UucmFrdXRlbi5jby5qcC9jaW5lbWFjb2xsZWN0aW9uL2NhYmluZXQvdG9pLmdpZikgI2ZmZmZmZiBuby1yZXBlYXQ7CglvdmVyZmxvdzogaGlkZGVuOwoJYm9yZGVyLXdpZHRoOiAwcHg7CgljdXJzb3I6IHBvaW50ZXIgIWltcG9ydGFudDsKCXRleHQtaW5kZW50OiAxNTAlOwoJd2hpdGUtc3BhY2U6IG5vd3JhcDsKCW1hcmdpbjogNXB4IDAgMCAwOwoJZGlzcGxheTpibG9jazsKfQoKI3NlcnZpY2VUYWJsZVNtbCAuZmF2b3JpdGUgewoJZGlzcGxheTpibG9jazsKCXdpZHRoOiAyODBweDsKfQoKI3NlcnZpY2VUYWJsZVNtbCAuZmF2b3JpdGUgLmJvb2ttYXJrQXJlYSBkaXZ7Cgl3aWR0aDogMjgwcHghaW1wb3J0YW50Owp9Cgojc2VydmljZVRhYmxlU21sIC5mYXZvcml0ZSAuYmttIGEgewoJd2lkdGg6IDI4MHB4IWltcG9ydGFudDsKCWhlaWdodDogMzAwcHghaW1wb3J0YW50OwoJYmFja2dyb3VuZDp1cmwoaHR0cDovL2ltYWdlLnJha3V0ZW4uY28uanAvY2luZW1hY29sbGVjdGlvbi9jYWJpbmV0L29raS5naWYpICNmZmZmZmYgbm8tcmVwZWF0OwoJb3ZlcmZsb3c6IGhpZGRlbjsKCWJvcmRlci13aWR0aDogMHB4OwoJY3Vyc29yOiBwb2ludGVyICFpbXBvcnRhbnQ7Cgl0ZXh0LWluZGVudDotMTUwJTsKCW1hcmdpbjogNXB4IDAgMCAwOwoJZGlzcGxheTpibG9jazsKfQoKCi8q44GK5rCX44Gr5YWl44KKKi8KCmRpdi53MjgwLWMgIHt3aWR0aDoyODBweDt0ZXh0LWFsaWduOiBjZW50ZXI7fQpkaXYuY2VudGVyLW0tMGEgIHttYXJnaW46MCBhdXRvO30KLml0ZW0tb2tpLWJuICB7d2lkdGg6MjgwcHg7bWFyZ2luOjJweCAwO2JvcmRlcjpub25lO30KLml0ZW0taWZyYW1lICB7bWFyZ2luOjBweDtib3JkZXI6MHB4O30KCmRpdi5rYW5yZW4tbGluayB7Y29sb3I6IzdmN2Y3Zjt3aWR0aDo5MCU7bWFyZ2luOjIwcHggYXV0bztwYWRkaW5nOjIwcHg7dGV4dC1hbGlnbjogbGVmdDtmb250LXNpemU6MS4yZW07YmFja2dyb3VuZC1jb2xvcjojZmZmZmZmO2JvcmRlcjpkb3R0ZWQgMnB4ICNmZjgwMzM7fQpzcGFuLmthbnJlbi1saW5rIHttYXJnaW46MTBweCA7cGFkZGluZzogMCAwIDAgMC41ZW07Zm9udC1zaXplOjEuMmVtOwpiYWNrZ3JvdW5kOnVybChodHRwOi8vaW1hZ2UucmFrdXRlbi5jby5qcC9tbS1wb3AvY2FiaW5ldC9saW5rLWhlYWQtcGsuZ2lmKSBuby1yZXBlYXQgMCAwLjQ1ZW07Cn0KYTpsaW5rIGthbnJlbi1saW5re2ZvbnQtc2l6ZToxLjJlbTsgY29sb3I6IzMzODBmZjt0ZXh0LWRlY29yYXRpb246bm9uZTt9Cgo8L3N0eWxlPgoKCgoKPCEtLSAKPHN5bGUgdHlwZT0idGV4dC9jc3MiPgogaHRtbCxib2R5eyBvdmVyZmxvdy14OmhpZGRlbjsgfQoKYTpsaW5rIHtjb2xvcjojMzM4MGZmO30KYTp2aXNpdGVkIHtjb2xvcjojNjY2O30KYTpob3ZlciB7Y29sb3I6IzMzMzt9CmE6YWN0aXZlIHtjb2xvcjojMzMzO30KYXt0ZXh0LWRlY29yYXRpb246bm9uZTt9CmltZyB7Ym9yZGVyOm5vbmU7IHZlcnRpY2FsLWFsaWduOmJvdHRvbTt9CnAge21hcmdpbjowOyBwYWRkaW5nOjA7IGZvbnQtc2l6ZTo4MCU7fQpwLnJlc2l6ZWltYWdlIGltZyB7IHdpZHRoOiA5OCU7IH0KcC5yZXNpemVpbWFnZTIgaW1nIHsgd2lkdGg6IDkwJTsgfQphOmhvdmVyIGltZyB7b3BhY2l0eTogMC42OyBmaWx0ZXI6IGFscGhhKG9wYWNpdHk9NjApOyAtbW96LW9wYWNpdHk6IDAuNjt9CgoKaW1nLnRvcGJue21hcmdpbjoxMHB4IDA7Ym9yZGVyOm5vbmU7fQpkaXYuZGlzYzMge3dpZHRoOjEwMCU7bWFyZ2luOiAwIGF1dG87cGFkZGluZzoxNXB4O2JhY2tncm91bmQ6I2VmZWZlZjt0ZXh0LWFsaWduOmxlZnQ7Zm9udC13ZWlnaHQ6Ym9sZDtmb250LXNpemU6MThweDt9CgogPC9zdHlsZT4KLS0+CgoKPHN0eWxlIHR5cGU9InRleHQvY3NzIj4KPCEtLQoKZGl2I0hlYWRlcktleXdvcmQgewoJcG9zaXRpb246YWJzb2x1dGU7Cgl0b3A6NjBweDsvKuS4gOeVquS4iuOBi+OCieOBruS9jee9riovCglsZWZ0OjYwcHg7Lyrlt6bnq6/jgYvjgonjga7kvY3nva4qLwp9CgpkaXYjSGVhZGVyS2V5d29yZCBzcGFuIHsKCWJhY2tncm91bmQ6ICNiZjAwMDA7Cgljb2xvcjojZmZmOwoJZm9udC13ZWlnaHQ6Ym9sZDsKCXBhZGRpbmc6MnB4IDVweDsKfQoKZGl2I0hlYWRlcktleXdvcmQgYSB7Cgljb2xvcjojMDA0NENDOwp9CgotLT4KPC9zdHlsZT4KPGRpdiBpZD0iSGVhZGVyS2V5d29yZCI+CjxzcGFuPuazqOebruOBruOCreODvOODr+ODvOODiTwvc3Bhbj4KPj7mlofmiL/lhbcKPj7jg5Djg4PjgrAKPj7jgYrosqHluIMKPj7jgrnjg4zjg7zjg5Tjg7wKCjwvZGl2Pg==,44K544K/44O844OA44K544OI44K544Kz44O844OXIOS/neWGt+ODkOODg+OCsCDjg6njg7Pjg4Hjg4jjg7zjg4gg44Kr44Of44Kq44K444Oj44OR44OzIOOBiuW8geW9k+euseOBi+OBsOOCkyDjgYvjgo/jgYTjgYQg44Kt44Oj44Op44Kv44K/44O844Kw44OD44K66YCa6LKpIOOAkOOBguOBmealveOAkeOCt+ODjeODnuOCs+ODrOOCr+OCt+ODp+ODs++8muOCreODo+ODqeOCr+OCv+ODvOOBruOCt+ODjeODnuOCs+ODrOOCr+OCt+ODp+ODsw==,44Kt44Oj44Op44Kv44K/44O844Kt44Oj44Op44Kv44K/44O844Kw44OD44K644Kt44Oj44Op44Kv44K/44O86ZuR6LKo6ZuR6LKo44K144Oz44Oq44Kq44OH44Kj44K644OL44O844KG44KL44Kt44Oj44Op44Of44OD44Kt44O844Kt44OG44Kj44GP44G+44Oi44Oz44Ov44Oz44OU44O844K544Ki44OL44Oh44Ki44OL44Oh44Kw44OD44K644K/44Kq44Or5paH5YW35paH5oi/5YW344Kk44Oz44OG44Oq44Ki55Sf5rS76ZuR6LKo44Kt44OD44K65a2Q44Gp44KC44K544K/44O844OA44K544OI44K544Kz44O844OXIOS/neWGt+ODkOODg+OCsCDjg6njg7Pjg4Hjg4jjg7zjg4gg44Kr44Of44Kq44K444Oj44OR44OzIOOBiuW8geW9k+euseOBi+OBsOOCkyDjgYvjgo/jgYTjgYQg44Kt44Oj44Op44Kv44K/44O844Kw44OD44K66YCa6LKpIOOAkOOBguOBmealveOAkeOCt+ODjeODnuOCs+ODrOOCr+OCt+ODp+ODsw==,44K544K/44O844OA44K544OI44K544Kz44O844OXIOS/neWGt+ODkOODg+OCsCDjg6njg7Pjg4Hjg4jjg7zjg4gg44Kr44Of44Kq44K444Oj44OR44OzIOOBiuW8geW9k+euseOBi+OBsOOCkyDjgYvjgo/jgYTjgYQg44Kt44Oj44Op44Kv44K/44O844Kw44OD44K66YCa6LKpIOOAkOOBguOBmealveOAkeOCt+ODjeODnuOCs+ODrOOCr+OCt+ODp+ODsw==[rn]
30-32966,aHR0cDovL3RzaG9wLnIxMHMuanAvY2luZW1hY29sbGVjdGlvbi9jYWJpbmV0L3IyMDE1MTIyOC9rY3NrLTMyODIyMC5qcGc/Zml0aW49NzAwOjcwMA==,MTAzMS4yMDAw,,44Kt44OD44K644O744OZ44OT44O844O744Oe44K/44OL44OG44KjID4g44Kt44OD44K6ID4g6ZuR6LKo44O75bCP54mp77yI44GK5byB5b2T44Kw44OD44K644O744K/44Kq44Or44O75paH5YW36aGe77yJID4g5a2Q5L6b55So44GK5byB5b2T6KKL,44K544K/44O844Km44Kp44O844K6IOODqeODs+ODgeODiOODvOODiCAy5q615byB5b2T566x55So5L+d5Ya344GM44G+5Y+j44Op44Oz44OB44OQ44OD44KwIOOCueOCseODg+ODgeODluODg+OCryAgU1RBUiBXQVJTIOOCueOCseODvOOCv+ODvCDjg5/jg4vjg4jjg7zjg4jjg5Djg4PjgrAg44Op44Oz44OB6ZuR6LKoIOOCreODo+ODqeOCr+OCv+ODvOOCsOODg+OCuumAmuiyqSDjgJDjgYLjgZnmpb3jgJHjgrfjg43jg57jgrPjg6zjgq/jgrfjg6fjg7M=,,44CA44K544K/44O844Km44Kp44O844K6IOODqeODs+ODgeODiOODvOODiCAy5q615byB5b2T566x55So5L+d5Ya344GM44G+5Y+j44Op44Oz44OB44OQ44OD44KwIOOCueOCseODg+ODgeODluODg+OCryAgU1RBUiBXQVJTIOOCueOCseODvOOCv+ODvCDjg5/jg4vjg4jjg7zjg4jjg5Djg4PjgrAg44Op44Oz44OB6ZuR6LKoIOOCreODo+ODqeOCr+OCv+ODvOOCsOODg+OCuumAmuiyqSDjgJDjgYLjgZnmpb3jgJHjgrfjg43jg57jgrPjg6zjgq/jgrfjg6fjg7M8QlI+PEJSPjwhLS0g4piF44GK5rCX44Gr5YWl44KKLS0+PGRpdiBjbGFzcz0idzI4MC1jIj48ZGl2IGNsYXNzPSJjZW50ZXItbS0wYSI+PGltZyBjbGFzcz0iaXRlbS1va2ktYm4iIGFsdD0i44Kt44Oj44Op44Kv44K/44O844Kw44OD44K66YCa6LKp44K344ON44Oe44Kz44Os44Kv44K344On44Oz44Gu44GK5rCX44Gr5YWl44KK44Oq44K544OI44KS56K66KqN44GZ44KLIiBzcmM9Imh0dHA6Ly9pbWFnZS5yYWt1dGVuLmNvLmpwL2NpbmVtYWNvbGxlY3Rpb24vY2FiaW5ldC9va2ktMi5naWYiPjwvZGl2PjwvZGl2PjwhLS0g4piF44GK5rCX44Gr5YWl44KK44Kz44Kz44G+44GnLS0+PCEtLeKYheWJiumZpOS4jeWPry0tPjwvc3Bhbj48L3RkPjwvdHI+PC90YWJsZT48YnI+PC90ZD48L3RyPjwvdGFibGU+PGJyPjx0YWJsZSBjZWxscGFkZGluZz0iMCIgYm9yZGVyPSIwIj48dHI+PHRkPjx0YWJsZSBjZWxscGFkZGluZz0iMCIgYm9yZGVyPSIwIj48dHI+PHRkPjxzcGFuPjwhLS3plqLpgKPmpJzntKLjgq3jg7zjg6/jg7zjg4ktLT48ZGl2IHN0eWxlPSJ3aWR0aDoxMDAlO3RleHQtYWxpZ246IGNlbnRlciI+PGgzIHN0eWxlPSJjb2xvcjojN2Y3ZjdmOyI+5YaF5YG044GM44Ki44Or44Of5qeL6YCg44Gr44Gq44Gj44Gm44GE44KL44Gu44Gn5L+d5rip5L+d5Ya35Yqb44OQ44OD44OB44OqITxicj48IS0t4piFSy0tPuOBi+OCj+OBhOOBhC/kurrmsJfjgq3jg6Pjg6njgq/jgr/jg7wv44K544K/44O844Km44Kp44O844K644Kw44OD44K6L+OBguOBo+OBn+OBi+OBhC/kv53lhrc8L2gzPjxpbWcgc3R5bGU9Im1hcmdpbjoxNXB4IDAgMTBweCAwO3dpZHRoOjEwMCUgO2JvcmRlcjpub25lOyIgYWx0PSLjgq3jg6Pjg6njgq/jgr/jg7zjgrDjg4PjgrrlsILploDlupcv44K344ON44Oe44Kz44Os44Kv44K344On44OzL+WVhuWTgeips+e0sCIgc3JjPSJodHRwOi8vd3d3LnJha3V0ZW4ubmUuanAvZ29sZC9jaW5lbWFjb2xsZWN0aW9uL2JuL2l0ZW0tYm4wMS5naWYiIC8+PGRpdiBzdHlsZT0iY29sb3I6IzdmN2Y3Zjt3aWR0aDo5MCU7bWFyZ2luOjAgYXV0bzsjZWZlZmVmIHNvbGlkIDFweDtwYWRkaW5nOjEwcHg7dGV4dC1hbGlnbjogbGVmdDsiPuOAjuOCqOODlOOCveODvOODiTcg44OV44Kp44O844K544Gu6Kaa6YaS44CP44KC5aSn44OS44OD44OI44Gn55ub44KK5LiK44GM44KL44CQ44K544K/44O844Km44Kp44O844K644CR44Gu5paw5L2c44Op44Oz44OB6ZuR6LKo44K344Oq44O844K64piG5b2hPGJyPuOBk+OBoeOCieOBrzLmrrXlvIHlvZPnrrHjgavjgbTjgaPjgZ/jgorjgarjgJDkv53lhrfjg6njg7Pjg4Hjg5Djg4PjgrDjgJE8YnI+5YaF5YG044GM44Ki44Or44Of5qeL6YCg44Gr44Gq44Gj44Gm44GE44KL44Gu44Gn5L+d5Ya35Yqb44OQ44OD44OB44OqISE8YnI+5bqD5Y+j44Gn44GK5byB5b2T566x44Gu5Ye644GX5YWl44KM44GM5L6/5Yip4pmqPGJyPuWGheWBtOOBq+OBr+S/neWGt+WJpOOCkuWFpeOCjOOCi+ODoeODg+OCt+ODpeODneOCseODg+ODiOOCguS7mOOBhOOBpuOBhOOBvuOBmeOAgjxicj7lkIzjg4fjgrbjgqTjg7Pjga7lj6/mhJvjgYTjg6njg7Pjg4Hpm5HosqjjgYTjgo3jgYTjgo3jgYLjgovjga7jgafmj4PjgYjjgaHjgoPjgYrjgYbimao8YnI+PGJyPuKWoOOCteOCpOOCuu+8mue0hDIyMMOXMTYww5cxMTVtbTxCUj48QlI+4pag44Kr44Op44O8IDxCUj48QlI+PC9kaXY+PC9kaXY+PGRpdiBzdHlsZT0id2lkdGg6MTAwJTt0ZXh0LWFsaWduOiBjZW50ZXI7Ij48aW1nIHN0eWxlPSJtYXJnaW46MTVweCAwIDEwcHggMDt3aWR0aDoxMDAlIDtib3JkZXI6bm9uZTsiIGFsdD0i44Kt44Oj44Op44Kv44K/44O844Kw44OD44K65bCC6ZaA5bqXL+OCt+ODjeODnuOCs+ODrOOCr+OCt+ODp+ODsy/oqbPntLDnlLvlg48iIHNyYz0iaHR0cDovL3d3dy5yYWt1dGVuLm5lLmpwL2dvbGQvY2luZW1hY29sbGVjdGlvbi9ibi9pdGVtLWJuMDIuZ2lmIiAvPjxkaXYgc3R5bGU9IndpZHRoOjEwMCU7bWFyZ2luOjAgYXV0bzsiPjxpbWcgc3R5bGU9IndpZHRoOjI2MHB4O21hcmdpbjoycHg7Ym9yZGVyOm5vbmU7IiBzcmM9Imh0dHA6Ly9pbWFnZS5yYWt1dGVuLmNvLmpwL2NpbmVtYWNvbGxlY3Rpb24vY2FiaW5ldC9yMjAxNTEyMjgva2Nzay0zMjgyMjAuanBnIj48aW1nIHN0eWxlPSJ3aWR0aDoyNjBweDttYXJnaW46MnB4O2JvcmRlcjpub25lOyIgc3JjPSJodHRwOi8vaW1hZ2UucmFrdXRlbi5jby5qcC9jaW5lbWFjb2xsZWN0aW9uL2NhYmluZXQvcjIwMTUxMjI4L2tjc2stMzI4MjIwXzIuanBnIj48aW1nIHN0eWxlPSJ3aWR0aDoyNjBweDttYXJnaW46MnB4O2JvcmRlcjpub25lOyIgc3JjPSJodHRwOi8vaW1hZ2UucmFrdXRlbi5jby5qcC9jaW5lbWFjb2xsZWN0aW9uL2NhYmluZXQvcjIwMTUxMjI4L2tjc2stMzI4MjIwXzMuanBnIj48L2Rpdj48L2Rpdj48ZGl2IHN0eWxlPSJ3aWR0aDoxMDAlO3RleHQtYWxpZ246IGNlbnRlcjsiPjxpbWcgc3R5bGU9Im1hcmdpbjoxNXB4IDAgMTBweCAwO3dpZHRoOjEwMCUgO2JvcmRlcjpub25lOyIgYWx0PSLjgq3jg6Pjg6njgq/jgr/jg7zjgrDjg4PjgrrlsILploDlupcv44K344ON44Oe44Kz44Os44Kv44K344On44OzL+ips+e0sOeUu+WDjyIgc3JjPSJodHRwOi8vd3d3LnJha3V0ZW4ubmUuanAvZ29sZC9jaW5lbWFjb2xsZWN0aW9uL2JuL2l0ZW0tYm4wMy5naWYiIC8+PGRpdiBzdHlsZT0id2lkdGg6NTAlO3RvcDo3NXB4O2Zsb2F0OmxlZnQ7dGV4dC1hbGlnbjogbGVmdDsiPuOAkOOCueOCv+ODvOOCpuOCqeODvOOCuuOAkeS7luOBrueorumhnuOBr+OBk+OBoeOCieOBi+OCiSAmZ3Q7Jmd0OzwvZGl2PjxkaXYgc3R5bGU9IndpZHRoOjUwJTtmbG9hdDpsZWZ0O3RleHQtYWxpZ246cmlnaHQ7Ij48aW1nIHN0eWxlPSJ3aWR0aDoyNTBweDtib3JkZXI6bm9uZTsiIHNyYz0iaHR0cDovL2ltYWdlLnJha3V0ZW4uY28uanAvY2luZW1hY29sbGVjdGlvbi9jYWJpbmV0LzAwMmxibi90b3BsYjA0LmpwZyI+PC9kaXY+PGRpdiBzdHlsZT0iY2xlYXI6Ym90aDsiPjwvZGl2PjwvZGl2PjwhLS3plqLpgKPmpJzntKLjgq3jg7zjg6/jg7zjg4ktLT48ZGl2IGNsYXNzPSJrYW5yZW4tbGluayI+44GT44Gu44Kr44OG44K044Oq44Gr44Gv44GT44KT44Gq5ZWG5ZOB44GM5ZCr44G+44KM44Gm44GE44G+44GZPGJyPjxicj48c3BhbiBjbGFzcz0ia2FucmVuLWxpbmsiPuODkOODg+OCsOODu+iyoeW4g+OAkOODqeODs+ODgeODiOODvOODiOOAkTwvc3Bhbj48L2Rpdj48IS0t4piF44Kz44Kz44G+44GnLS0+PCEtLemWoumAo+aknOe0ouOCreODvOODr+ODvOODiS0tPjxkaXYgY2xhc3M9ImthbnJlbi1saW5rIj7jgZPjgozjgpLopovjgZ/kurrjga/jgZPjgpPjgarjgq3jg7zjg6/jg7zjg4njgafmpJzntKLjgZfjgabjgYTjgb7jgZk8YnI+PGJyPjxzcGFuIGNsYXNzPSJrYW5yZW4tbGluayI+5bCP44GV44KBIOODiOODvOODiOODkOODg+OCsDwvc3Bhbj48c3BhbiBjbGFzcz0ia2FucmVuLWxpbmsiPuODiOODvOODiOODkOODg+OCsCDjgq3jg6Pjg7Pjg5Djgrk8L3NwYW4+PHNwYW4gY2xhc3M9ImthbnJlbi1saW5rIj7jgq3jg6Pjg6njgq/jgr/jg7wg44OI44O844OI44OQ44OD44KwPC9zcGFuPjxzcGFuIGNsYXNzPSJrYW5yZW4tbGluayI+44OH44Kj44K644OL44O8IOODkOODg+OCsDwvc3Bhbj48c3BhbiBjbGFzcz0ia2FucmVuLWxpbmsiPuOCteODs+ODquOCqiDjg5Djg4PjgrA8L3NwYW4+PHNwYW4gY2xhc3M9ImthbnJlbi1saW5rIj7jgq3jg6Pjg6njgq/jgr/jg7wg44Od44O844OBPC9zcGFuPjxzcGFuIGNsYXNzPSJrYW5yZW4tbGluayI+44Kt44Oj44Op44Kv44K/44O8IOODleOCoeODg+OCt+ODp+ODszwvc3Bhbj48c3BhbiBjbGFzcz0ia2FucmVuLWxpbmsiPuOCreODo+ODqeOCr+OCv+ODvCDjgrDjg4Pjgro8L3NwYW4+PHNwYW4gY2xhc3M9ImthbnJlbi1saW5rIj7jgq3jg6Pjg6njgq/jgr/jg7wg44OQ44OD44KwPC9zcGFuPjxzcGFuIGNsYXNzPSJrYW5yZW4tbGluayI+44OV44Kh44OD44K344On44Oz5bCP54mpPC9zcGFuPjwvZGl2PjwhLS3imIXjgrPjgrPjgb7jgactLT48IS0tNjUwMC0tPgoKPC9URD48L1RSPjwvVEFCTEU+PGJyPjxicj4KCgo8IS0t5paw552AIC0tPgoKPGltZyBzdHlsZT0id2lkdGg6ODAwcHg7bWFyZ2luOjAgMCAxMHB4IDA7Ym9yZGVyOm5vbmU7IiBzcmM9Imh0dHA6Ly9pbWFnZS5yYWt1dGVuLmNvLmpwL2NpbmVtYWNvbGxlY3Rpb24vY2FiaW5ldC9zaW4uZ2lmIj48YnI+CjxkaXYgc3R5bGU9IndpZHRoOjc1MHB4O21hcmdpbjogMCBhdXRvO3BhZGRpbmc6MTVweDt0ZXh0LWFsaWduOnJpZ2h0O2ZvbnQtd2VpZ2h0OmJvbGQ7Zm9udC1zaXplOjE4cHg7Ij4+PuaWsOedgOaDheWgseOBruOBpOOBpeOBjeOBr+OBk+OBoeOCiTwvZGl2Pgo8YnI+CjxkaXYgc3R5bGU9IndpZHRoOjc1MHB4O21hcmdpbjogMCBhdXRvO3BhZGRpbmc6MTVweDt0ZXh0LWFsaWduOnJpZ2h0O2ZvbnQtd2VpZ2h0OmJvbGQ7Zm9udC1zaXplOjE4cHg7Ij4+PuaWsOedgOaDheWgseOBruOBpOOBpeOBjeOBr+OBk+OBoeOCiTwvZGl2PgoKCgoKCgo8aW1nIHN0eWxlPSJ3aWR0aDo4MDBweDttYXJnaW46MCAwIDEwcHggMDtib3JkZXI6bm9uZTsiIHNyYz0iaHR0cDovL2ltYWdlLnJha3V0ZW4uY28uanAvY2luZW1hY29sbGVjdGlvbi9jYWJpbmV0L2Nhci5naWYiPjxicj4KPHRhYmxlIHdpZHRoPSI4MDAiPjx0cj48dGQgd2lkdGg9IjgwMCIgYWxpZ249InJpZ2h0Ij7ih5LjgZnjgbnjgabjga7jgq3jg6Pjg6njgq/jgr/jg7zjga/jgZPjgaHjgok8L3RkPjwvdHI+PHRyPjx0ZD48YnI+PGJyPgoKPGJyPjxicj4KPC90ZD48L3RyPjwvdGFibGU+PGJyPjxicj4KCgo8aW1nIHN0eWxlPSJ3aWR0aDo4MDBweDttYXJnaW46MCAwIDEwcHggMDtib3JkZXI6bm9uZTsiIHNyYz0iaHR0cDovL2ltYWdlLnJha3V0ZW4uY28uanAvY2luZW1hY29sbGVjdGlvbi9jYWJpbmV0L2NhdC5naWYiPjxicj4KPC9jZW50ZXI+CgoKPCEtLSAtLT4KCjxzdHlsZT4KLyrosrfjgYTnianjgqvjgrTjg5zjgr/jg7MqLwojcmFrdXRlbkxpbWl0ZWRJZF9hcm91bmRDYXJ0IGlucHV0IHsKCXdpZHRoOiAyODBweDsKCWhlaWdodDogMTUwcHg7CgliYWNrZ3JvdW5kOnVybChodHRwOi8vaW1hZ2UucmFrdXRlbi5jby5qcC9jaW5lbWFjb2xsZWN0aW9uL2NhYmluZXQvY2FydC5naWYpICNmZmZmZmYgbm8tcmVwZWF0OwoJb3ZlcmZsb3c6IGhpZGRlbjsKCWJvcmRlci13aWR0aDogMHB4OwoJY3Vyc29yOiBwb2ludGVyICFpbXBvcnRhbnQ7Cgl0ZXh0LWluZGVudDogMTUwJTsKCXdoaXRlLXNwYWNlOiBub3dyYXA7CgltYXJnaW46IDVweCAwIDAgMDsKCWRpc3BsYXk6YmxvY2s7Cn0KCiNyYWt1dGVuTGltaXRlZElkX2Fyb3VuZENhcnQgLmludmVudG9yeSBpbnB1dCB7CgliYWNrZ3JvdW5kOm5vbmUgIWltcG9ydGFudDsKCXdpZHRoOiAyZW0haW1wb3J0YW50OwoJaGVpZ2h0OiAxLjJlbSFpbXBvcnRhbnQ7CglkaXNwbGF5OmlubGluZTsKfQoKCi8q5YCL5pWw44OG44Kt44K544OIKi8KI3Jha3V0ZW5MaW1pdGVkSWRfYXJvdW5kQ2FydCAudW5pdCB7Cglmb250LXNpemU6MTZweDsKfQoKLyrlgIvmlbDlhaXlipsqLwojcmFrdXRlbkxpbWl0ZWRJZF9hcm91bmRDYXJ0IGlucHV0I3VuaXRzIHsKCWJvcmRlcjpzb2xpZCAjY2NjIDFweDsKCWJhY2tncm91bmQ6I2ZmZiFpbXBvcnRhbnQ7Cgl3aWR0aDozMHB4OwoJaGVpZ2h0OjMwcHg7CgljdXJzb3I6YXV0bzsKCXBhZGRpbmc6N3B4IDdweCA3cHggM3B4OwoJdGV4dC1pbmRlbnQ6IDBweDsKCW92ZXJmbG93OiBoaWRkZW47CglkaXNwbGF5OmlubGluZTsKCWZvbnQtc2l6ZToxNnB4Owp9CgovKuOBiuWVj+OBhOWQiOOCj+OBm+ODnOOCv+ODsyovCiNyYWt1dGVuTGltaXRlZElkX2Fyb3VuZENhcnQgZm9udCBpbnB1dCB7Cgl3aWR0aDogMjgwcHg7CgloZWlnaHQ6IDgwcHg7CgliYWNrZ3JvdW5kOnVybChodHRwOi8vaW1hZ2UucmFrdXRlbi5jby5qcC9jaW5lbWFjb2xsZWN0aW9uL2NhYmluZXQvdG9pLmdpZikgI2ZmZmZmZiBuby1yZXBlYXQ7CglvdmVyZmxvdzogaGlkZGVuOwoJYm9yZGVyLXdpZHRoOiAwcHg7CgljdXJzb3I6IHBvaW50ZXIgIWltcG9ydGFudDsKCXRleHQtaW5kZW50OiAxNTAlOwoJd2hpdGUtc3BhY2U6IG5vd3JhcDsKCW1hcmdpbjogNXB4IDAgMCAwOwoJZGlzcGxheTpibG9jazsKfQoKI3NlcnZpY2VUYWJsZVNtbCAuZmF2b3JpdGUgewoJZGlzcGxheTpibG9jazsKCXdpZHRoOiAyODBweDsKfQoKI3NlcnZpY2VUYWJsZVNtbCAuZmF2b3JpdGUgLmJvb2ttYXJrQXJlYSBkaXZ7Cgl3aWR0aDogMjgwcHghaW1wb3J0YW50Owp9Cgojc2VydmljZVRhYmxlU21sIC5mYXZvcml0ZSAuYmttIGEgewoJd2lkdGg6IDI4MHB4IWltcG9ydGFudDsKCWhlaWdodDogMzAwcHghaW1wb3J0YW50OwoJYmFja2dyb3VuZDp1cmwoaHR0cDovL2ltYWdlLnJha3V0ZW4uY28uanAvY2luZW1hY29sbGVjdGlvbi9jYWJpbmV0L29raS5naWYpICNmZmZmZmYgbm8tcmVwZWF0OwoJb3ZlcmZsb3c6IGhpZGRlbjsKCWJvcmRlci13aWR0aDogMHB4OwoJY3Vyc29yOiBwb2ludGVyICFpbXBvcnRhbnQ7Cgl0ZXh0LWluZGVudDotMTUwJTsKCW1hcmdpbjogNXB4IDAgMCAwOwoJZGlzcGxheTpibG9jazsKfQoKCi8q44GK5rCX44Gr5YWl44KKKi8KCmRpdi53MjgwLWMgIHt3aWR0aDoyODBweDt0ZXh0LWFsaWduOiBjZW50ZXI7fQpkaXYuY2VudGVyLW0tMGEgIHttYXJnaW46MCBhdXRvO30KLml0ZW0tb2tpLWJuICB7d2lkdGg6MjgwcHg7bWFyZ2luOjJweCAwO2JvcmRlcjpub25lO30KLml0ZW0taWZyYW1lICB7bWFyZ2luOjBweDtib3JkZXI6MHB4O30KCmRpdi5rYW5yZW4tbGluayB7Y29sb3I6IzdmN2Y3Zjt3aWR0aDo5MCU7bWFyZ2luOjIwcHggYXV0bztwYWRkaW5nOjIwcHg7dGV4dC1hbGlnbjogbGVmdDtmb250LXNpemU6MS4yZW07YmFja2dyb3VuZC1jb2xvcjojZmZmZmZmO2JvcmRlcjpkb3R0ZWQgMnB4ICNmZjgwMzM7fQpzcGFuLmthbnJlbi1saW5rIHttYXJnaW46MTBweCA7cGFkZGluZzogMCAwIDAgMC41ZW07Zm9udC1zaXplOjEuMmVtOwpiYWNrZ3JvdW5kOnVybChodHRwOi8vaW1hZ2UucmFrdXRlbi5jby5qcC9tbS1wb3AvY2FiaW5ldC9saW5rLWhlYWQtcGsuZ2lmKSBuby1yZXBlYXQgMCAwLjQ1ZW07Cn0KYTpsaW5rIGthbnJlbi1saW5re2ZvbnQtc2l6ZToxLjJlbTsgY29sb3I6IzMzODBmZjt0ZXh0LWRlY29yYXRpb246bm9uZTt9Cgo8L3N0eWxlPgoKCgoKPCEtLSAKPHN5bGUgdHlwZT0idGV4dC9jc3MiPgogaHRtbCxib2R5eyBvdmVyZmxvdy14OmhpZGRlbjsgfQoKYTpsaW5rIHtjb2xvcjojMzM4MGZmO30KYTp2aXNpdGVkIHtjb2xvcjojNjY2O30KYTpob3ZlciB7Y29sb3I6IzMzMzt9CmE6YWN0aXZlIHtjb2xvcjojMzMzO30KYXt0ZXh0LWRlY29yYXRpb246bm9uZTt9CmltZyB7Ym9yZGVyOm5vbmU7IHZlcnRpY2FsLWFsaWduOmJvdHRvbTt9CnAge21hcmdpbjowOyBwYWRkaW5nOjA7IGZvbnQtc2l6ZTo4MCU7fQpwLnJlc2l6ZWltYWdlIGltZyB7IHdpZHRoOiA5OCU7IH0KcC5yZXNpemVpbWFnZTIgaW1nIHsgd2lkdGg6IDkwJTsgfQphOmhvdmVyIGltZyB7b3BhY2l0eTogMC42OyBmaWx0ZXI6IGFscGhhKG9wYWNpdHk9NjApOyAtbW96LW9wYWNpdHk6IDAuNjt9CgoKaW1nLnRvcGJue21hcmdpbjoxMHB4IDA7Ym9yZGVyOm5vbmU7fQpkaXYuZGlzYzMge3dpZHRoOjEwMCU7bWFyZ2luOiAwIGF1dG87cGFkZGluZzoxNXB4O2JhY2tncm91bmQ6I2VmZWZlZjt0ZXh0LWFsaWduOmxlZnQ7Zm9udC13ZWlnaHQ6Ym9sZDtmb250LXNpemU6MThweDt9CgogPC9zdHlsZT4KLS0+CgoKPHN0eWxlIHR5cGU9InRleHQvY3NzIj4KPCEtLQoKZGl2I0hlYWRlcktleXdvcmQgewoJcG9zaXRpb246YWJzb2x1dGU7Cgl0b3A6NjBweDsvKuS4gOeVquS4iuOBi+OCieOBruS9jee9riovCglsZWZ0OjYwcHg7Lyrlt6bnq6/jgYvjgonjga7kvY3nva4qLwp9CgpkaXYjSGVhZGVyS2V5d29yZCBzcGFuIHsKCWJhY2tncm91bmQ6ICNiZjAwMDA7Cgljb2xvcjojZmZmOwoJZm9udC13ZWlnaHQ6Ym9sZDsKCXBhZGRpbmc6MnB4IDVweDsKfQoKZGl2I0hlYWRlcktleXdvcmQgYSB7Cgljb2xvcjojMDA0NENDOwp9CgotLT4KPC9zdHlsZT4KPGRpdiBpZD0iSGVhZGVyS2V5d29yZCI+CjxzcGFuPuazqOebruOBruOCreODvOODr+ODvOODiTwvc3Bhbj4KPj7mlofmiL/lhbcKPj7jg5Djg4PjgrAKPj7jgYrosqHluIMKPj7jgrnjg4zjg7zjg5Tjg7wKCjwvZGl2Pg==,44K544K/44O844Km44Kp44O844K6IOODqeODs+ODgeODiOODvOODiCAy5q615byB5b2T566x55So5L+d5Ya344GM44G+5Y+j44Op44Oz44OB44OQ44OD44KwIOOCueOCseODg+ODgeODluODg+OCryAgU1RBUiBXQVJTIOOCueOCseODvOOCv+ODvCDjg5/jg4vjg4jjg7zjg4jjg5Djg4PjgrAg44Op44Oz44OB6ZuR6LKoIOOCreODo+ODqeOCr+OCv+ODvOOCsOODg+OCuumAmuiyqSDjgJDjgYLjgZnmpb3jgJHjgrfjg43jg57jgrPjg6zjgq/jgrfjg6fjg7PvvJrjgq3jg6Pjg6njgq/jgr/jg7zjga7jgrfjg43jg57jgrPjg6zjgq/jgrfjg6fjg7M=,44Kt44Oj44Op44Kv44K/44O844Kt44Oj44Op44Kv44K/44O844Kw44OD44K644Kt44Oj44Op44Kv44K/44O86ZuR6LKo6ZuR6LKo44K144Oz44Oq44Kq44OH44Kj44K644OL44O844KG44KL44Kt44Oj44Op44Of44OD44Kt44O844Kt44OG44Kj44GP44G+44Oi44Oz44Ov44Oz44OU44O844K544Ki44OL44Oh44Ki44OL44Oh44Kw44OD44K644K/44Kq44Or5paH5YW35paH5oi/5YW344Kk44Oz44OG44Oq44Ki55Sf5rS76ZuR6LKo44Kt44OD44K65a2Q44Gp44KC44K544K/44O844Km44Kp44O844K6IOODqeODs+ODgeODiOODvOODiCAy5q615byB5b2T566x55So5L+d5Ya344GM44G+5Y+j44Op44Oz44OB44OQ44OD44KwIOOCueOCseODg+ODgeODluODg+OCryAgU1RBUiBXQVJTIOOCueOCseODvOOCv+ODvCDjg5/jg4vjg4jjg7zjg4jjg5Djg4PjgrAg44Op44Oz44OB6ZuR6LKoIOOCreODo+ODqeOCr+OCv+ODvOOCsOODg+OCuumAmuiyqSDjgJDjgYLjgZnmpb3jgJHjgrfjg43jg57jgrPjg6zjgq/jgrfjg6fjg7M=,44K544K/44O844Km44Kp44O844K6IOODqeODs+ODgeODiOODvOODiCAy5q615byB5b2T566x55So5L+d5Ya344GM44G+5Y+j44Op44Oz44OB44OQ44OD44KwIOOCueOCseODg+ODgeODluODg+OCryAgU1RBUiBXQVJTIOOCueOCseODvOOCv+ODvCDjg5/jg4vjg4jjg7zjg4jjg5Djg4PjgrAg44Op44Oz44OB6ZuR6LKoIOOCreODo+ODqeOCr+OCv+ODvOOCsOODg+OCuumAmuiyqSDjgJDjgYLjgZnmpb3jgJHjgrfjg43jg57jgrPjg6zjgq/jgrfjg6fjg7M=[rn]
30-32967,aHR0cDovL3RzaG9wLnIxMHMuanAvY2luZW1hY29sbGVjdGlvbi9jYWJpbmV0L3IyMDE2MDEwNS9rY3NrLTMyMjQ2NC5qcGc/Zml0aW49NzAwOjcwMA==,MTM3NS4yMDAw,,44Kt44OD44K644O744OZ44OT44O844O744Oe44K/44OL44OG44KjID4g44Kt44OD44K6ID4g6ZuR6LKo44O75bCP54mp77yI44GK5byB5b2T44Kw44OD44K644O744K/44Kq44Or44O75paH5YW36aGe77yJID4g5a2Q5L6b55So44GK5byB5b2T6KKL,44K544K/44O844Km44Kp44O844K6IOOBiuW8geW9k+OBi+OBsOOCkyDjgrnjgqbjgqfjg4Pjg4gg44Op44Oz44OB44OQ44OD44KwIFMgU1RBUiBXQVJTIOOCueOCseODvOOCv+ODvCDjg5/jg4vmiYvmj5DjgZLjgYvjgbDjgpMg44Op44Oz44OB55So5ZOBIOOCreODo+ODqeOCr+OCv+ODvOOCsOODg+OCuumAmuiyqSDjgJDjgYLjgZnmpb3jgJHjgrfjg43jg57jgrPjg6zjgq/jgrfjg6fjg7M=,,44K544K/44O844Km44Kp44O844K6IOOBiuW8geW9k+OBi+OBsOOCkyDjgrnjgqbjgqfjg4Pjg4gg44Op44Oz44OB44OQ44OD44KwIFMgU1RBUiBXQVJTIOOCueOCseODvOOCv+ODvCDjg5/jg4vmiYvmj5DjgZLjgYvjgbDjgpMg44Op44Oz44OB55So5ZOBIOOCreODo+ODqeOCr+OCv+ODvOOCsOODg+OCuumAmuiyqSDjgJDjgYLjgZnmpb3jgJHjgrfjg43jg57jgrPjg6zjgq/jgrfjg6fjg7M8QlI+PEJSPjwhLS0g4piF44GK5rCX44Gr5YWl44KKLS0+PGRpdiBjbGFzcz0idzI4MC1jIj48ZGl2IGNsYXNzPSJjZW50ZXItbS0wYSI+PGltZyBjbGFzcz0iaXRlbS1va2ktYm4iIGFsdD0i44Kt44Oj44Op44Kv44K/44O844Kw44OD44K66YCa6LKp44K344ON44Oe44Kz44Os44Kv44K344On44Oz44Gu44GK5rCX44Gr5YWl44KK44Oq44K544OI44KS56K66KqN44GZ44KLIiBzcmM9Imh0dHA6Ly9pbWFnZS5yYWt1dGVuLmNvLmpwL2NpbmVtYWNvbGxlY3Rpb24vY2FiaW5ldC9va2ktMi5naWYiPjwvZGl2PjwvZGl2PjwhLS0g4piF44GK5rCX44Gr5YWl44KK44Kz44Kz44G+44GnLS0+PCEtLeKYheWJiumZpOS4jeWPry0tPjwvc3Bhbj48L3RkPjwvdHI+PC90YWJsZT48YnI+PC90ZD48L3RyPjwvdGFibGU+PGJyPjx0YWJsZSBjZWxscGFkZGluZz0iMCIgYm9yZGVyPSIwIj48dHI+PHRkPjx0YWJsZSBjZWxscGFkZGluZz0iMCIgYm9yZGVyPSIwIj48dHI+PHRkPjxzcGFuPjwhLS3plqLpgKPmpJzntKLjgq3jg7zjg6/jg7zjg4ktLT48ZGl2IHN0eWxlPSJ3aWR0aDoxMDAlO3RleHQtYWxpZ246IGNlbnRlciI+PGgzIHN0eWxlPSJjb2xvcjojN2Y3ZjdmOyI+5pmu5q615L2/44GE44Gr44KC44OU44OD44K/44Oq44Gq44K544Km44Kn44OD44OI44Of44OL5omL5o+Q44GS44OQ44OD44KwPGJyPjwhLS3imIVLLS0+44GK5byB5b2T6KKLL+ODqeODs+ODgeOCseODvOOCuS/jgrXjg5bjg5Djg4PjgrAv44GK44Gn44GL44GRL+ODn+ODi+aJi+aPkOOBkjwvaDM+PGltZyBzdHlsZT0ibWFyZ2luOjE1cHggMCAxMHB4IDA7d2lkdGg6MTAwJSA7Ym9yZGVyOm5vbmU7IiBhbHQ9IuOCreODo+ODqeOCr+OCv+ODvOOCsOODg+OCuuWwgumWgOW6ly/jgrfjg43jg57jgrPjg6zjgq/jgrfjg6fjg7Mv5ZWG5ZOB6Kmz57SwIiBzcmM9Imh0dHA6Ly93d3cucmFrdXRlbi5uZS5qcC9nb2xkL2NpbmVtYWNvbGxlY3Rpb24vYm4vaXRlbS1ibjAxLmdpZiIgLz48ZGl2IHN0eWxlPSJjb2xvcjojN2Y3ZjdmO3dpZHRoOjkwJTttYXJnaW46MCBhdXRvOyNlZmVmZWYgc29saWQgMXB4O3BhZGRpbmc6MTBweDt0ZXh0LWFsaWduOiBsZWZ0OyI+5pig55S744KC5YWs6ZaL44GX44Oe44K544Oe44K55Lq65rCX44Gu44CKU1RBUiBXQVJT44CL44Kw44OD44K644Gr44G+44Gf44G+44Gf44Kr44OD44Kz44GE44GE44Ki44Kk44OG44Og44GM55m75aC04piG5b2hPGJyPuOBk+OBoeOCieOBr+WumueVquS6uuawl+OCouOCpOODhuODoOOAkOODqeODs+ODgeODkOODg+OCsOOAkTxicj7jgYrlvIHlvZPjgajmsLTnrZLjgpLlhaXjgozjgabmjIHjgaHpgYvjgbbjga7jgavjgaHjgofjgYbjganjgYTjgYTjgrXjgqTjgrril448YnI+5pmu5q615L2/44GE44Gr44KC44G044Gj44Gf44KK44Gq44Gu44Gn44GY44KD44KT44GY44KD44KT5L2/44Gj44Gh44KD44GK44GGISE8YnI+44G744GL44Gr44KC44GE44KN44KT44Gq44Kw44OD44K644GC44KL44GL44KJ44GK5rCX44Gr5YWl44KK44G/44Gk44GR44Gm44Gt4pmqPGJyPjxicj7ilqDjgrXjgqTjgrrvvJrntIQyOTDDlzE3MMOXMTAwbW08L2Rpdj48L2Rpdj48ZGl2IHN0eWxlPSJ3aWR0aDoxMDAlO3RleHQtYWxpZ246IGNlbnRlcjsiPjxpbWcgc3R5bGU9Im1hcmdpbjoxNXB4IDAgMTBweCAwO3dpZHRoOjEwMCUgO2JvcmRlcjpub25lOyIgYWx0PSLjgq3jg6Pjg6njgq/jgr/jg7zjgrDjg4PjgrrlsILploDlupcv44K344ON44Oe44Kz44Os44Kv44K344On44OzL+ips+e0sOeUu+WDjyIgc3JjPSJodHRwOi8vd3d3LnJha3V0ZW4ubmUuanAvZ29sZC9jaW5lbWFjb2xsZWN0aW9uL2JuL2l0ZW0tYm4wMi5naWYiIC8+PGRpdiBzdHlsZT0id2lkdGg6MTAwJTttYXJnaW46MCBhdXRvOyI+PGltZyBzdHlsZT0id2lkdGg6MjYwcHg7bWFyZ2luOjJweDtib3JkZXI6bm9uZTsiIHNyYz0iaHR0cDovL2ltYWdlLnJha3V0ZW4uY28uanAvY2luZW1hY29sbGVjdGlvbi9jYWJpbmV0L3IyMDE2MDEwNS9rY3NrLTMyMjQ2NC5qcGciPjxpbWcgc3R5bGU9IndpZHRoOjI2MHB4O21hcmdpbjoycHg7Ym9yZGVyOm5vbmU7IiBzcmM9Imh0dHA6Ly9pbWFnZS5yYWt1dGVuLmNvLmpwL2NpbmVtYWNvbGxlY3Rpb24vY2FiaW5ldC9yMjAxNjAxMDUva2Nzay0zMjI0NjRfMi5qcGciPjxpbWcgc3R5bGU9IndpZHRoOjI2MHB4O21hcmdpbjoycHg7Ym9yZGVyOm5vbmU7IiBzcmM9Imh0dHA6Ly9pbWFnZS5yYWt1dGVuLmNvLmpwL2NpbmVtYWNvbGxlY3Rpb24vY2FiaW5ldC9yMjAxNjAxMDUva2Nzay0zMjI0NjRfMy5qcGciPjwvZGl2PjwvZGl2PjxkaXYgc3R5bGU9IndpZHRoOjEwMCU7dGV4dC1hbGlnbjogY2VudGVyOyI+PGltZyBzdHlsZT0ibWFyZ2luOjE1cHggMCAxMHB4IDA7d2lkdGg6MTAwJSA7Ym9yZGVyOm5vbmU7IiBhbHQ9IuOCreODo+ODqeOCr+OCv+ODvOOCsOODg+OCuuWwgumWgOW6ly/jgrfjg43jg57jgrPjg6zjgq/jgrfjg6fjg7Mv6Kmz57Sw55S75YOPIiBzcmM9Imh0dHA6Ly93d3cucmFrdXRlbi5uZS5qcC9nb2xkL2NpbmVtYWNvbGxlY3Rpb24vYm4vaXRlbS1ibjAzLmdpZiIgLz48ZGl2IHN0eWxlPSJ3aWR0aDo1MCU7dG9wOjc1cHg7ZmxvYXQ6bGVmdDt0ZXh0LWFsaWduOiBsZWZ0OyI+44CQ44K544K/44O844Km44Kp44O844K644CR5LuW44Gu56iu6aGe44Gv44GT44Gh44KJ44GL44KJICZndDsmZ3Q7PC9kaXY+PGRpdiBzdHlsZT0id2lkdGg6NTAlO2Zsb2F0OmxlZnQ7dGV4dC1hbGlnbjpyaWdodDsiPjxpbWcgc3R5bGU9IndpZHRoOjI1MHB4O2JvcmRlcjpub25lOyIgc3JjPSJodHRwOi8vaW1hZ2UucmFrdXRlbi5jby5qcC9jaW5lbWFjb2xsZWN0aW9uL2NhYmluZXQvMDAybGJuL3RvcGxiMDQuanBnIj48L2Rpdj48ZGl2IHN0eWxlPSJjbGVhcjpib3RoOyI+PC9kaXY+PC9kaXY+PCEtLemWoumAo+aknOe0ouOCreODvOODr+ODvOODiS0tPjxkaXYgY2xhc3M9ImthbnJlbi1saW5rIj7jgZPjga7jgqvjg4bjgrTjg6rjgavjga/jgZPjgpPjgarllYblk4HjgYzlkKvjgb7jgozjgabjgYTjgb7jgZk8YnI+PGJyPjxzcGFuIGNsYXNzPSJrYW5yZW4tbGluayI+44OQ44OD44Kw44O76LKh5biD44CQ44Op44Oz44OB44OI44O844OI44CRPC9zcGFuPjwvZGl2PjwhLS3imIXjgrPjgrPjgb7jgactLT48IS0t6Zai6YCj5qSc57Si44Kt44O844Ov44O844OJLS0+PGRpdiBjbGFzcz0ia2FucmVuLWxpbmsiPuOBk+OCjOOCkuimi+OBn+S6uuOBr+OBk+OCk+OBquOCreODvOODr+ODvOODieOBp+aknOe0ouOBl+OBpuOBhOOBvuOBmTxicj48YnI+PHNwYW4gY2xhc3M9ImthbnJlbi1saW5rIj7lsI/jgZXjgoEg44OI44O844OI44OQ44OD44KwPC9zcGFuPjxzcGFuIGNsYXNzPSJrYW5yZW4tbGluayI+44OI44O844OI44OQ44OD44KwIOOCreODo+ODs+ODkOOCuTwvc3Bhbj48c3BhbiBjbGFzcz0ia2FucmVuLWxpbmsiPuOCreODo+ODqeOCr+OCv+ODvCDjg4jjg7zjg4jjg5Djg4PjgrA8L3NwYW4+PHNwYW4gY2xhc3M9ImthbnJlbi1saW5rIj7jg4fjgqPjgrrjg4vjg7wg44OQ44OD44KwPC9zcGFuPjxzcGFuIGNsYXNzPSJrYW5yZW4tbGluayI+44K144Oz44Oq44KqIOODkOODg+OCsDwvc3Bhbj48c3BhbiBjbGFzcz0ia2FucmVuLWxpbmsiPuOCreODo+ODqeOCr+OCv+ODvCDjg53jg7zjg4E8L3NwYW4+PHNwYW4gY2xhc3M9ImthbnJlbi1saW5rIj7jgq3jg6Pjg6njgq/jgr/jg7wg44OV44Kh44OD44K344On44OzPC9zcGFuPjxzcGFuIGNsYXNzPSJrYW5yZW4tbGluayI+44Kt44Oj44Op44Kv44K/44O8IOOCsOODg+OCujwvc3Bhbj48c3BhbiBjbGFzcz0ia2FucmVuLWxpbmsiPuOCreODo+ODqeOCr+OCv+ODvCDjg5Djg4PjgrA8L3NwYW4+PHNwYW4gY2xhc3M9ImthbnJlbi1saW5rIj7jg5XjgqHjg4Pjgrfjg6fjg7PlsI/niak8L3NwYW4+PC9kaXY+PCEtLeKYheOCs+OCs+OBvuOBpy0tPjwhLS02NTAwLS0+Cgo8L1REPjwvVFI+PC9UQUJMRT48YnI+PGJyPgoKCjwhLS3mlrDnnYAgLS0+Cgo8aW1nIHN0eWxlPSJ3aWR0aDo4MDBweDttYXJnaW46MCAwIDEwcHggMDtib3JkZXI6bm9uZTsiIHNyYz0iaHR0cDovL2ltYWdlLnJha3V0ZW4uY28uanAvY2luZW1hY29sbGVjdGlvbi9jYWJpbmV0L3Npbi5naWYiPjxicj4KPGRpdiBzdHlsZT0id2lkdGg6NzUwcHg7bWFyZ2luOiAwIGF1dG87cGFkZGluZzoxNXB4O3RleHQtYWxpZ246cmlnaHQ7Zm9udC13ZWlnaHQ6Ym9sZDtmb250LXNpemU6MThweDsiPj4+5paw552A5oOF5aCx44Gu44Gk44Gl44GN44Gv44GT44Gh44KJPC9kaXY+Cjxicj4KPGRpdiBzdHlsZT0id2lkdGg6NzUwcHg7bWFyZ2luOiAwIGF1dG87cGFkZGluZzoxNXB4O3RleHQtYWxpZ246cmlnaHQ7Zm9udC13ZWlnaHQ6Ym9sZDtmb250LXNpemU6MThweDsiPj4+5paw552A5oOF5aCx44Gu44Gk44Gl44GN44Gv44GT44Gh44KJPC9kaXY+CgoKCgoKCjxpbWcgc3R5bGU9IndpZHRoOjgwMHB4O21hcmdpbjowIDAgMTBweCAwO2JvcmRlcjpub25lOyIgc3JjPSJodHRwOi8vaW1hZ2UucmFrdXRlbi5jby5qcC9jaW5lbWFjb2xsZWN0aW9uL2NhYmluZXQvY2FyLmdpZiI+PGJyPgo8dGFibGUgd2lkdGg9IjgwMCI+PHRyPjx0ZCB3aWR0aD0iODAwIiBhbGlnbj0icmlnaHQiPuKHkuOBmeOBueOBpuOBruOCreODo+ODqeOCr+OCv+ODvOOBr+OBk+OBoeOCiTwvdGQ+PC90cj48dHI+PHRkPjxicj48YnI+Cgo8YnI+PGJyPgo8L3RkPjwvdHI+PC90YWJsZT48YnI+PGJyPgoKCjxpbWcgc3R5bGU9IndpZHRoOjgwMHB4O21hcmdpbjowIDAgMTBweCAwO2JvcmRlcjpub25lOyIgc3JjPSJodHRwOi8vaW1hZ2UucmFrdXRlbi5jby5qcC9jaW5lbWFjb2xsZWN0aW9uL2NhYmluZXQvY2F0LmdpZiI+PGJyPgo8L2NlbnRlcj4KCgo8IS0tIC0tPgoKPHN0eWxlPgovKuiyt+OBhOeJqeOCq+OCtOODnOOCv+ODsyovCiNyYWt1dGVuTGltaXRlZElkX2Fyb3VuZENhcnQgaW5wdXQgewoJd2lkdGg6IDI4MHB4OwoJaGVpZ2h0OiAxNTBweDsKCWJhY2tncm91bmQ6dXJsKGh0dHA6Ly9pbWFnZS5yYWt1dGVuLmNvLmpwL2NpbmVtYWNvbGxlY3Rpb24vY2FiaW5ldC9jYXJ0LmdpZikgI2ZmZmZmZiBuby1yZXBlYXQ7CglvdmVyZmxvdzogaGlkZGVuOwoJYm9yZGVyLXdpZHRoOiAwcHg7CgljdXJzb3I6IHBvaW50ZXIgIWltcG9ydGFudDsKCXRleHQtaW5kZW50OiAxNTAlOwoJd2hpdGUtc3BhY2U6IG5vd3JhcDsKCW1hcmdpbjogNXB4IDAgMCAwOwoJZGlzcGxheTpibG9jazsKfQoKI3Jha3V0ZW5MaW1pdGVkSWRfYXJvdW5kQ2FydCAuaW52ZW50b3J5IGlucHV0IHsKCWJhY2tncm91bmQ6bm9uZSAhaW1wb3J0YW50OwoJd2lkdGg6IDJlbSFpbXBvcnRhbnQ7CgloZWlnaHQ6IDEuMmVtIWltcG9ydGFudDsKCWRpc3BsYXk6aW5saW5lOwp9CgoKLyrlgIvmlbDjg4bjgq3jgrnjg4gqLwojcmFrdXRlbkxpbWl0ZWRJZF9hcm91bmRDYXJ0IC51bml0IHsKCWZvbnQtc2l6ZToxNnB4Owp9CgovKuWAi+aVsOWFpeWKmyovCiNyYWt1dGVuTGltaXRlZElkX2Fyb3VuZENhcnQgaW5wdXQjdW5pdHMgewoJYm9yZGVyOnNvbGlkICNjY2MgMXB4OwoJYmFja2dyb3VuZDojZmZmIWltcG9ydGFudDsKCXdpZHRoOjMwcHg7CgloZWlnaHQ6MzBweDsKCWN1cnNvcjphdXRvOwoJcGFkZGluZzo3cHggN3B4IDdweCAzcHg7Cgl0ZXh0LWluZGVudDogMHB4OwoJb3ZlcmZsb3c6IGhpZGRlbjsKCWRpc3BsYXk6aW5saW5lOwoJZm9udC1zaXplOjE2cHg7Cn0KCi8q44GK5ZWP44GE5ZCI44KP44Gb44Oc44K/44OzKi8KI3Jha3V0ZW5MaW1pdGVkSWRfYXJvdW5kQ2FydCBmb250IGlucHV0IHsKCXdpZHRoOiAyODBweDsKCWhlaWdodDogODBweDsKCWJhY2tncm91bmQ6dXJsKGh0dHA6Ly9pbWFnZS5yYWt1dGVuLmNvLmpwL2NpbmVtYWNvbGxlY3Rpb24vY2FiaW5ldC90b2kuZ2lmKSAjZmZmZmZmIG5vLXJlcGVhdDsKCW92ZXJmbG93OiBoaWRkZW47Cglib3JkZXItd2lkdGg6IDBweDsKCWN1cnNvcjogcG9pbnRlciAhaW1wb3J0YW50OwoJdGV4dC1pbmRlbnQ6IDE1MCU7Cgl3aGl0ZS1zcGFjZTogbm93cmFwOwoJbWFyZ2luOiA1cHggMCAwIDA7CglkaXNwbGF5OmJsb2NrOwp9Cgojc2VydmljZVRhYmxlU21sIC5mYXZvcml0ZSB7CglkaXNwbGF5OmJsb2NrOwoJd2lkdGg6IDI4MHB4Owp9Cgojc2VydmljZVRhYmxlU21sIC5mYXZvcml0ZSAuYm9va21hcmtBcmVhIGRpdnsKCXdpZHRoOiAyODBweCFpbXBvcnRhbnQ7Cn0KCiNzZXJ2aWNlVGFibGVTbWwgLmZhdm9yaXRlIC5ia20gYSB7Cgl3aWR0aDogMjgwcHghaW1wb3J0YW50OwoJaGVpZ2h0OiAzMDBweCFpbXBvcnRhbnQ7CgliYWNrZ3JvdW5kOnVybChodHRwOi8vaW1hZ2UucmFrdXRlbi5jby5qcC9jaW5lbWFjb2xsZWN0aW9uL2NhYmluZXQvb2tpLmdpZikgI2ZmZmZmZiBuby1yZXBlYXQ7CglvdmVyZmxvdzogaGlkZGVuOwoJYm9yZGVyLXdpZHRoOiAwcHg7CgljdXJzb3I6IHBvaW50ZXIgIWltcG9ydGFudDsKCXRleHQtaW5kZW50Oi0xNTAlOwoJbWFyZ2luOiA1cHggMCAwIDA7CglkaXNwbGF5OmJsb2NrOwp9CgoKLyrjgYrmsJfjgavlhaXjgooqLwoKZGl2LncyODAtYyAge3dpZHRoOjI4MHB4O3RleHQtYWxpZ246IGNlbnRlcjt9CmRpdi5jZW50ZXItbS0wYSAge21hcmdpbjowIGF1dG87fQouaXRlbS1va2ktYm4gIHt3aWR0aDoyODBweDttYXJnaW46MnB4IDA7Ym9yZGVyOm5vbmU7fQouaXRlbS1pZnJhbWUgIHttYXJnaW46MHB4O2JvcmRlcjowcHg7fQoKZGl2LmthbnJlbi1saW5rIHtjb2xvcjojN2Y3ZjdmO3dpZHRoOjkwJTttYXJnaW46MjBweCBhdXRvO3BhZGRpbmc6MjBweDt0ZXh0LWFsaWduOiBsZWZ0O2ZvbnQtc2l6ZToxLjJlbTtiYWNrZ3JvdW5kLWNvbG9yOiNmZmZmZmY7Ym9yZGVyOmRvdHRlZCAycHggI2ZmODAzMzt9CnNwYW4ua2FucmVuLWxpbmsge21hcmdpbjoxMHB4IDtwYWRkaW5nOiAwIDAgMCAwLjVlbTtmb250LXNpemU6MS4yZW07CmJhY2tncm91bmQ6dXJsKGh0dHA6Ly9pbWFnZS5yYWt1dGVuLmNvLmpwL21tLXBvcC9jYWJpbmV0L2xpbmstaGVhZC1way5naWYpIG5vLXJlcGVhdCAwIDAuNDVlbTsKfQphOmxpbmsga2FucmVuLWxpbmt7Zm9udC1zaXplOjEuMmVtOyBjb2xvcjojMzM4MGZmO3RleHQtZGVjb3JhdGlvbjpub25lO30KCjwvc3R5bGU+CgoKCgo8IS0tIAo8c3lsZSB0eXBlPSJ0ZXh0L2NzcyI+CiBodG1sLGJvZHl7IG92ZXJmbG93LXg6aGlkZGVuOyB9CgphOmxpbmsge2NvbG9yOiMzMzgwZmY7fQphOnZpc2l0ZWQge2NvbG9yOiM2NjY7fQphOmhvdmVyIHtjb2xvcjojMzMzO30KYTphY3RpdmUge2NvbG9yOiMzMzM7fQphe3RleHQtZGVjb3JhdGlvbjpub25lO30KaW1nIHtib3JkZXI6bm9uZTsgdmVydGljYWwtYWxpZ246Ym90dG9tO30KcCB7bWFyZ2luOjA7IHBhZGRpbmc6MDsgZm9udC1zaXplOjgwJTt9CnAucmVzaXplaW1hZ2UgaW1nIHsgd2lkdGg6IDk4JTsgfQpwLnJlc2l6ZWltYWdlMiBpbWcgeyB3aWR0aDogOTAlOyB9CmE6aG92ZXIgaW1nIHtvcGFjaXR5OiAwLjY7IGZpbHRlcjogYWxwaGEob3BhY2l0eT02MCk7IC1tb3otb3BhY2l0eTogMC42O30KCgppbWcudG9wYm57bWFyZ2luOjEwcHggMDtib3JkZXI6bm9uZTt9CmRpdi5kaXNjMyB7d2lkdGg6MTAwJTttYXJnaW46IDAgYXV0bztwYWRkaW5nOjE1cHg7YmFja2dyb3VuZDojZWZlZmVmO3RleHQtYWxpZ246bGVmdDtmb250LXdlaWdodDpib2xkO2ZvbnQtc2l6ZToxOHB4O30KCiA8L3N0eWxlPgotLT4KCgo8c3R5bGUgdHlwZT0idGV4dC9jc3MiPgo8IS0tCgpkaXYjSGVhZGVyS2V5d29yZCB7Cglwb3NpdGlvbjphYnNvbHV0ZTsKCXRvcDo2MHB4Oy8q5LiA55Wq5LiK44GL44KJ44Gu5L2N572uKi8KCWxlZnQ6NjBweDsvKuW3puerr+OBi+OCieOBruS9jee9riovCn0KCmRpdiNIZWFkZXJLZXl3b3JkIHNwYW4gewoJYmFja2dyb3VuZDogI2JmMDAwMDsKCWNvbG9yOiNmZmY7Cglmb250LXdlaWdodDpib2xkOwoJcGFkZGluZzoycHggNXB4Owp9CgpkaXYjSGVhZGVyS2V5d29yZCBhIHsKCWNvbG9yOiMwMDQ0Q0M7Cn0KCi0tPgo8L3N0eWxlPgo8ZGl2IGlkPSJIZWFkZXJLZXl3b3JkIj4KPHNwYW4+5rOo55uu44Gu44Kt44O844Ov44O844OJPC9zcGFuPgo+PuaWh+aIv+WFtwo+PuODkOODg+OCsAo+PuOBiuiyoeW4gwo+PuOCueODjOODvOODlOODvAoKPC9kaXY+,44K544K/44O844Km44Kp44O844K6IOOBiuW8geW9k+OBi+OBsOOCkyDjgrnjgqbjgqfjg4Pjg4gg44Op44Oz44OB44OQ44OD44KwIFMgU1RBUiBXQVJTIOOCueOCseODvOOCv+ODvCDjg5/jg4vmiYvmj5DjgZLjgYvjgbDjgpMg44Op44Oz44OB55So5ZOBIOOCreODo+ODqeOCr+OCv+ODvOOCsOODg+OCuumAmuiyqSDjgJDjgYLjgZnmpb3jgJHjgrfjg43jg57jgrPjg6zjgq/jgrfjg6fjg7PvvJrjgq3jg6Pjg6njgq/jgr/jg7zjga7jgrfjg43jg57jgrPjg6zjgq/jgrfjg6fjg7M=,44Kt44Oj44Op44Kv44K/44O844Kt44Oj44Op44Kv44K/44O844Kw44OD44K644Kt44Oj44Op44Kv44K/44O86ZuR6LKo6ZuR6LKo44K144Oz44Oq44Kq44OH44Kj44K644OL44O844KG44KL44Kt44Oj44Op44Of44OD44Kt44O844Kt44OG44Kj44GP44G+44Oi44Oz44Ov44Oz44OU44O844K544Ki44OL44Oh44Ki44OL44Oh44Kw44OD44K644K/44Kq44Or5paH5YW35paH5oi/5YW344Kk44Oz44OG44Oq44Ki55Sf5rS76ZuR6LKo44Kt44OD44K65a2Q44Gp44KC44K544K/44O844Km44Kp44O844K6IOOBiuW8geW9k+OBi+OBsOOCkyDjgrnjgqbjgqfjg4Pjg4gg44Op44Oz44OB44OQ44OD44KwIFMgU1RBUiBXQVJTIOOCueOCseODvOOCv+ODvCDjg5/jg4vmiYvmj5DjgZLjgYvjgbDjgpMg44Op44Oz44OB55So5ZOBIOOCreODo+ODqeOCr+OCv+ODvOOCsOODg+OCuumAmuiyqSDjgJDjgYLjgZnmpb3jgJHjgrfjg43jg57jgrPjg6zjgq/jgrfjg6fjg7M=,44K544K/44O844Km44Kp44O844K6IOOBiuW8geW9k+OBi+OBsOOCkyDjgrnjgqbjgqfjg4Pjg4gg44Op44Oz44OB44OQ44OD44KwIFMgU1RBUiBXQVJTIOOCueOCseODvOOCv+ODvCDjg5/jg4vmiYvmj5DjgZLjgYvjgbDjgpMg44Op44Oz44OB55So5ZOBIOOCreODo+ODqeOCr+OCv+ODvOOCsOODg+OCuumAmuiyqSDjgJDjgYLjgZnmpb3jgJHjgrfjg43jg57jgrPjg6zjgq/jgrfjg6fjg7M=[rn]
30-32968,aHR0cDovL3RzaG9wLnIxMHMuanAva2FndW1hcnUvY2FiaW5ldC95bTA2LzE1ODAwMjQyLmpwZz9maXRpbj03MDA6NzAw,Nzk5Mi4wMDAw,,44Kk44Oz44OG44Oq44Ki44O75a+d5YW344O75Y+O57SNID4g5a2Q5L6b6YOo5bGL77yI44Kk44Oz44OG44Oq44Ki44O75a+d5YW344O744Kw44OD44K677yJID4g44OP44Oz44Ks44O844O744Od44O844Or,44Ob44Ov44Kk44OI5pyo55uuIOODj+ODs+OCrOODvOODqeODg+OCryDjgqLjgqTjg43vvIbjg6rjg44gaW5lIHJlbm8gaGFuZ2VyIHJhY2sg44Kz44O844OI44OP44Oz44Ks44O8IOajmuS7mOOBjSDmnKjoo70g44OP44Oz44Ks44O844Op44OD44KvIOOCs+ODvOODiOaOm+OBkSDmtIvmnI3mjpvjgZEg44Kz44O844OI44OP44Oz44Ks44O8IOajmuS7mOOBjSDjgYrjgZfjgoPjgow=,44Op44OD44Kv5LiL44Gr44Gv5Y+O57SN44K544Oa44O844K544GM44GC44KL44Kz44Oz44OR44Kv44OI44Gq44OP44Oz44Ks44O844Op44OD44Kv,PGRpdiBjbGFzcz0iaXBibG9jayI+CjxpbWcgc3JjPSJodHRwczovL2ltYWdlLnJha3V0ZW4uY28uanAva2FndW1hcnUvY2FiaW5ldC95bTA2LzE1ODAwMjQyLTAxLmpwZyIgYWx0PSLjg5vjg6/jgqTjg4jmnKjnm64g44OP44Oz44Ks44O844Op44OD44KvIOOCouOCpOODje+8huODquODjiI+PGJyPgo8ZGl2IHN0eWxlPSJtYXJnaW4tdG9wOiAyNXB4OyBsaW5lLWhlaWdodDoxNTAlOyI+CjxwIGNsYXNzPSJpcHR4dCI+CjxpbWcgc3JjPSJodHRwczovL2ltYWdlLnJha3V0ZW4uY28uanAva2FndW1hcnUvY2FiaW5ldC95bTA2LzE1ODAwMjQyLTAyLmpwZyIgYWx0PSLjg4rjg4Hjg6Xjg6njg6vjgarntKDmnZDmhJ/jgpLnlJ/jgYvjgZfjgZ/jgrPjg7Pjg5Hjgq/jg4jjgrXjgqTjgrrjga7lj6/mhJvjgYTjg4/jg7Pjgqzjg7zjg6njg4Pjgq8iIGFsaWduPSJyaWdodCI+CjxzcGFuIHN0eWxlPSJmb250LXNpemU6MjBweDsgY29sb3I6Izc5NzI2QzsgZm9udC13ZWlnaHQ6Ym9sZDsiPuODiuODgeODpeODqeODq+OBque0oOadkOaEn+OCkueUn+OBi+OBl+OBnzxicj4K44Kz44Oz44OR44Kv44OI44K144Kk44K644GuPGJyPgrlj6/mhJvjgYTjg4/jg7Pjgqzjg7zjg6njg4Pjgq/jgafjgZnjgII8L3NwYW4+PGJyPjxicj4KPHNwYW4gc3R5bGU9ImNvbG9yOiM0MDQwNDA7Ij7jgYbjgaPjgZnjgonjgajmta7jgYvjgbbmnKjnm67jgYzjg4rjg4Hjg6Xjg6njg6vjgarntKDmnZDmhJ/jgpLlvJXjgY3nq4vjgabjgabjgY/jgozjgovjg4/jg7Pjgqzjg7zjg6njg4Pjgq/jgafjgZnjgILmqKrluYXjgoLlpaXooYzjgY3jgoLjgrnjg6rjg6Djgarjga7jgafnva7jgY/loLTmiYDjgpLpgbjjgbDjgZrjgIHkuIDkurrmmq7jgonjgZfjga7jgYrpg6jlsYvjgafjgoLmsJfou73jgavkvb/jgYjjgb7jgZnjgIIKPGJyPjxicj4K44Op44OD44Kv44Gu5LiL44Gr5Y+O57SN44K544Oa44O844K544GM44GC44KL44Gu44Gn44OQ44OD44Kw44KE5bCP54mp44Go5rSL5pyN44KS77yR44GL5omA44Gr44G+44Go44KB44Gm572u44GR44CB5aSW5Ye65YmN44Gu5rqW5YKZ44KC44Op44Kv44Gr44Gn44GN44G+44GZ44CCCjxicj48YnI+CuOCt+ODs+ODl+ODq+OBquODh+OCtuOCpOODs+OBquOBruOBp+OAgeOBqeOCk+OBquOBiumDqOWxi+OBq+OCguOBl+OBo+OBj+OCiuOBqOmmtOafk+OCk+OBp+OBj+OCjOOBvuOBmeOAggo8L3NwYW4+PGJyIGNsZWFyPSJhbGwiPgo8L3A+CjwvZGl2Pgo8cCBjbGFzcz0iaXB0eHQiPgo8aW1nIHNyYz0iaHR0cHM6Ly9pbWFnZS5yYWt1dGVuLmNvLmpwL2thZ3VtYXJ1L2NhYmluZXQveW0wNi8xNTgwMDI0Mi0wMy5qcGciIGFsdD0iZGV0YWlsIiBzdHlsZT0ibWFyZ2luLXRvcDogMzBweDsiPjxicj4KPHNwYW4gc3R5bGU9ImNvbG9yOiM0MDQwNDA7Ij7jg4/jg7Pjgqzjg7zjg5Djg7zjgavjga/jgojjgY/nnYDjgovmtIvmnI3jgIHjg6njg4Pjgq/kuIvjga7lj47ntI3jgavjga/jg5Djg4PjgrDjgILmma7mrrXkvb/jgYTjga7mtIvmnI3jgarjganjgpLvvJHjgYvmiYDjgavjgb7jgajjgoHjgabnva7jgYTjgabjgYrjgZHjgovkvr/liKnjgarjg4/jg7Pjgqzjg7zjg6njg4Pjgq/jgafjgZnjgILlj47ntI3pg6jjga/jgZnjga7jgZPnirbjgavjgarjgaPjgabjgYTjgovjga7jgafjgIHpgJrmsJfmgKfjgYzoia/jgY/jg5vjgrPjg6rjgYzjgZ/jgb7jgorjgavjgY/jgYTjga7jgafmr47ml6Xjga7jgYrmiYvlhaXjgozjgoLnsKHljZjjgavjgafjgY3jgb7jgZnjgII8L3NwYW4+PGJyPgo8L3A+CjxpbWcgc3JjPSJodHRwczovL2ltYWdlLnJha3V0ZW4uY28uanAva2FndW1hcnUvY2FiaW5ldC95bTA2LzE1ODAwMjQyLTA0LmpwZyIgYWx0PSJzaXplIiBzdHlsZT0ibWFyZ2luLXRvcDogMzBweDsiPgo8L2Rpdj4KPGg0IGNsYXNzPSJpcGNvcHkiPumWoumAo+WVhuWTgTwvaDQ+Cgo8dGFibGUgd2lkdGg9IjEwMCUiIGJvcmRlcj0iMCIgY2VsbHNwYWNpbmc9IjEiIGNlbGxwYWRkaW5nPSI4IiBjbGFzcz0iaV92YXJfYm94Ij4KPHRib2R5Pgo8dHI+Cjx0aCBjb2xzcGFuPSI0Ij5yZWFzb24o44Oq44O844K644OzKeOCt+ODquODvOOCujwvdGg+CjwvdHI+Cjx0ciBhbGlnbj0iY2VudGVyIj4KPHRkPjxhIGhyZWY9Imh0dHBzOi8vaXRlbS5yYWt1dGVuLmNvLmpwL2thZ3VtYXJ1LzE1ODAwMjQwLyI+PGltZyBzcmM9Imh0dHBzOi8vaW1hZ2UucmFrdXRlbi5jby5qcC9rYWd1bWFydS9jYWJpbmV0L3ltMDYvMTU4MDAyNDBfbGluazAxLmpwZyIgYWx0PSLjg4HjgqfjgqIiPjxicj7jg4HjgqfjgqI8L2E+PC90ZD4KPHRkPjxhIGhyZWY9Imh0dHBzOi8vaXRlbS5yYWt1dGVuLmNvLmpwL2thZ3VtYXJ1LzE1ODAwMjQxLyI+PGltZyBzcmM9Imh0dHBzOi8vaW1hZ2UucmFrdXRlbi5jby5qcC9rYWd1bWFydS9jYWJpbmV0L3ltMDYvMTU4MDAyNDBfbGluazAyLmpwZyIgYWx0PSLjg4njg6zjg4PjgrXjg7zvvIbjgrnjg4Tjg7zjg6siPjxicj7jg4njg6zjg4PjgrXjg7zvvIbjgrnjg4Tjg7zjg6s8L2E+PC90ZD4KPHRkPjxhIGhyZWY9Imh0dHBzOi8vaXRlbS5yYWt1dGVuLmNvLmpwL2thZ3VtYXJ1LzE1ODAwMjQyLyI+PGltZyBzcmM9Imh0dHBzOi8vaW1hZ2UucmFrdXRlbi5jby5qcC9rYWd1bWFydS9jYWJpbmV0L3ltMDYvMTU4MDAyNDBfbGluazAzLmpwZyIgYWx0PSLjg4/jg7Pjgqzjg7zjg6njg4Pjgq8iPjxicj7jg4/jg7Pjgqzjg7zjg6njg4Pjgq88L2E+PC90ZD4KPHRkPjxhIGhyZWY9Imh0dHBzOi8vaXRlbS5yYWt1dGVuLmNvLmpwL2thZ3VtYXJ1LzE1ODAwMjQzLyI+PGltZyBzcmM9Imh0dHBzOi8vaW1hZ2UucmFrdXRlbi5jby5qcC9rYWd1bWFydS9jYWJpbmV0L3ltMDYvMTU4MDAyNDBfbGluazA0LmpwZyIgYWx0PSLjg6njg4Pjgq805q61Ij48YnI+44Op44OD44KvNOautTwvYT48L3RkPgo8L3RyPgo8dHIgYWxpZ249ImNlbnRlciI+Cjx0ZD48YSBocmVmPSJodHRwczovL2l0ZW0ucmFrdXRlbi5jby5qcC9rYWd1bWFydS8xNTgwMDI0NC8iPjxpbWcgc3JjPSJodHRwczovL2ltYWdlLnJha3V0ZW4uY28uanAva2FndW1hcnUvY2FiaW5ldC95bTA2LzE1ODAwMjQwX2xpbmswNS5qcGciIGFsdD0i44Op44Kk44OG44Kj44Oz44Kw44OH44K544KvIj48YnI+44Op44Kk44OG44Kj44Oz44Kw44OH44K544KvPC9hPjwvdGQ+Cjx0ZD4mbmJzcDs8L3RkPgo8dGQ+Jm5ic3A7PC90ZD4KPHRkPiZuYnNwOzwvdGQ+CjwvdHI+CjwvdGJvZHk+CjwvdGFibGU+CjxiciBzdHlsZT0iY2xlYXI6Ym90aCI+Cjx0YWJsZSB3aWR0aD0iMTAwJSIgYm9yZGVyPSIwIiBjZWxsc3BhY2luZz0iMSIgY2VsbHBhZGRpbmc9IjgiIGNsYXNzPSJpX2luZm8iPgo8dHI+Cjx0ZCBjb2xzcGFuPSIyIiBjbGFzcz0iaV9pbmZvX3QiPgo8Yj48Zm9udCBjb2xvcj0iIzMzMzMzMyI+44Kk44Oz44OV44Kp44Oh44O844K344On44Oz44O75rOo5oSP5LqL6aCFPC9mb250PjwvYj4KPC90ZD4KPC90cj4KPHRoPumAgeaWmeOBq+OBpOOBhOOBpjwvdGg+Cjx0ZCBjbGFzcz0iaWF0dG5zb3J5byIgYmdjb2xvcj0iI0ZGRkZGRiI+6YCB5paZ54Sh5paZPC90ZD4KPC90cj4KPHRoPuaxuua4iOaWueazleOBq+OBpOOBhOOBpjwvdGg+Cjx0ZCBiZ2NvbG9yPSIjRkZGRkZGIiBjbGFzcz0iaWF0dG5wZXkiPumAmuW4uOaxuua4iO+8iOOBiuiyt+OBhOeJqeOCrOOCpOODieOAjOOBiuaUr+aJleOBhOaWueazleOBq+OBpOOBhOOBpuOAjeOCkuOBlOeiuuiqjeOBj+OBoOOBleOBhOOAgjwvdGQ+CjwvdHI+Cjx0aD7phY0g6YCBPC90aD4KPHRkIGNsYXNzPSJpYXR0bmRlbGkiIGJnY29sb3I9IiNGRkZGRkYiPgo8cCBzdHlsZT0iZm9udC1zaXplOiAxMnB4OyBjb2xvcjojQ0MwMDAwOyI+4oC75pmC6ZaT5oyH5a6a44GvMeS+v++8iDktMTTmmYLvvInjgIEy5L6/77yIMTItMTjmmYLvvInjgIHntYLml6Xkvr/vvIg5LTE45pmC77yJ44Gu44G/44Go44Gq44KK44G+44GZ44CCPGJyPgrigLvlnLDln5/jgavjgojjgaPjgabphY3pgIHjga7mm5zml6XjgYzpmZDlrprjgZXjgozjgovloLTlkIjjgoTjgIHmmYLplpPmjIflrprjgYzmib/jgozjgarjgYTloLTlkIjjgYzjgZTjgZbjgYTjgb7jgZnjgII8YnI+CuKAu+aylue4hOOAgembouWztuODu+mBoOmalOWcsOOBq+mWouOBl+OBvuOBl+OBpuOBr+WIpemAlOmAgeaWmeOBjOOBi+OBi+OCiuOBvuOBmeOAgjwvcD48L3RkPgo8L3RyPgoKPC90YWJsZT4KCgo8dGFibGUgd2lkdGg9IjEwMCUiIGJvcmRlcj0iMCIgY2VsbHNwYWNpbmc9IjEiIGNlbGxwYWRkaW5nPSI4IiBjbGFzcz0iaV9rYW5yZW4iPjx0cj48dGQgY29sc3Bhbj0iMiIgYmdjb2xvcj0iI0YzRjNGMyI+CjxiPjxmb250IGNvbG9yPSIjMzMzMzMzIj7plqLpgKPllYblk4E8L2ZvbnQ+PC9iPgo8L3RkPjwvdHI+Cjx0aD5yZWFzb24o44Oq44O844K644OzKeOCt+ODquODvOOCuumWoumAozwvdGg+Cjx0ZCBjbGFzcz0iaXZhbCIgYmdjb2xvcj0iI0ZGRkZGRiI+CjxwPgrjg4HjgqfjgqI8YnI+CuOCueODhOODvOODq+S7mOODieODrOODg+OCteODvDxicj4K44OP44Oz44Ks44O844Op44OD44KvPGJyPgrjg6njg4Pjgq805q61PGJyPgrjg6njgqTjg4bjgqPjg7PjgrDjg4fjgrnjgq88YnI+CjwvcD4KPC90ZD4KPC90cj4KPC90YWJsZT4KCjx0YWJsZSB3aWR0aD0iMTAwJSIgYm9yZGVyPSIwIiBjZWxsc3BhY2luZz0iMSIgY2VsbHBhZGRpbmc9IjgiIGNsYXNzPSJpX3NwZWMiPjx0cj48dGQgY29sc3Bhbj0iMiIgYmdjb2xvcj0iI0YzRjNGMyI+CjxiPjxmb250IGNvbG9yPSIjMzMzMzMzIj7oqbPntLDjg7vjgrnjg5rjg4Pjgq88L2ZvbnQ+PC9iPjwvdGQ+PC90cj4KPHRyPgo8dGg+5ZWG5ZOB6Kqs5piOPC90aD4KPHRkIGNsYXNzPSJpZXhwbGFuYXRpb24iIGJnY29sb3I9IiNGRkZGRkYiPgo8cD7jg4rjg4Hjg6Xjg6njg6vjgarntKDmnZDmhJ/jgpLnlJ/jgYvjgZfjgZ/jgrPjg7Pjg5Hjgq/jg4jjgrXjgqTjgrrjga7jg4/jg7Pjgqzjg7zjg6njg4Pjgq/jgILjg6njg4Pjgq/jga7kuIvjgavjga/lj47ntI3jgrnjg5rjg7zjgrnjgII8L3A+CjwvdGQ+CjwvdHI+Cgo8dHI+Cjx0aD7jgrXjgqTjgro8L3RoPgo8dGQgY2xhc3M9ImlzaXplIiBiZ2NvbG9yPSIjRkZGRkZGIj4KPHA+KOe0hCnluYU0OMOX5aWl6KGMNDXDl+mrmOOBlTE1MGNtPGJyPgrph43ph48o57SEKe+8mjcuNWtnPGJyPgo8L3A+CjwvdGQ+CjwvdHI+Cgo8dHI+Cjx0aD7mnZAg6LOqPC90aD4KPHRkIGNsYXNzPSJpbWF0ZXJpYWwiIGJnY29sb3I9IiNGRkZGRkYiPgrlpKnnhLbmnKgo44Op44OQ44O844Km44OD44OJ5p2QKeOAgeODqeODg+OCq+ODvOWhl+ijhQo8L3RkPgo8L3RyPgoKPHRyPgo8dGg+57WEIOerizwvdGg+Cjx0ZCBjbGFzcz0iaWt1bWl0YXRlIiBiZ2NvbG9yPSIjRkZGRkZGIj4K57WE56uL5ZOBKOWkp+S6ujHlkI3vvJrntIQxNeWIhikKPC90ZD4KPC90cj4KCjx0cj4KPHRoPueUn+eUo+WbvTwvdGg+Cjx0ZCBjbGFzcz0iaWNvdW50cnkiIGJnY29sb3I9IiNGRkZGRkYiPgrjg5njg4jjg4rjg6AKPC90ZD4KPC90cj4KCjx0cj4KPHRoPuOBneOBruS7luODu+azqOaEj+S6i+mghTwvdGg+Cjx0ZCBjbGFzcz0iaWF0dG50eHQiIGJnY29sb3I9IiNGRkZGRkYiPgrjgrnjg5rjg7zjgrnjgavkvZnoo5XjgYzjgarjgYTkuIDkurrmmq7jgonjgZfjga7jgYrpg6jlsYvjgavnva7jgYTjgabjgoLlj47jgb7jgorjga7oia/jgYTjgrPjg7Pjg5Hjgq/jg4jjgrXjgqTjgrrjgII8YnI+Cjxicj4K6ICQ6I236YeNKOe0hCnvvJrjg5Djg7w1a2fjgIHlupXmnb81a2c8YnI+CjwvdGQ+CjwvdHI+CjwvdGFibGU+PHN0eWxlIHR5cGU9InRleHQvY3NzIj4KQGNoYXJzZXQgInV0Zi04IjsKLyogQ1NTIERvY3VtZW50ICovCgo8L3N0eWxlPgo8bGluayByZWw9InN0eWxlc2hlZXQiIGhyZWY9Imh0dHA6Ly93d3cucmFrdXRlbi5uZS5qcC9nb2xkL2thZ3VtYXJ1L3Rva3VzeXUva29yYW11L2Nzcy9pdGVtX3N0eWxlLmNzcyIgLz4KPGhlYWQ+Cgo8L2hlYWQ+CgoKCjxicj48YnI+CjxpbWcgc3JjPSJodHRwOi8vaW1hZ2UucmFrdXRlbi5jby5qcC9rYWd1bWFydS9jYWJpbmV0LzAzOTY1NzYwL2ltZ3JjMDA3MjUyNTI5OC5qcGciIHdpZHRoPSI4NDBweCIgLz4KCgoKPC9odG1sPg==,44Ob44Ov44Kk44OI5pyo55uuIOODj+ODs+OCrOODvOODqeODg+OCryDjgqLjgqTjg43vvIbjg6rjg44gaW5lIHJlbm8gaGFuZ2VyIHJhY2sg44Kz44O844OI44OP44Oz44Ks44O8IOajmuS7mOOBjSDmnKjoo70g44OP44Oz44Ks44O844Op44OD44KvIOOCs+ODvOODiOaOm+OBkSDmtIvmnI3mjpvjgZEg44Kz44O844OI44OP44Oz44Ks44O8IOajmuS7mOOBjSDjgYrjgZfjgoPjgozvvJrjgqvjgrDjg57jg6s=,44Ob44Ov44Kk44OI5pyo55uuIOODj+ODs+OCrOODvOODqeODg+OCryDjgqLjgqTjg43vvIbjg6rjg44gaW5lIHJlbm8gaGFuZ2VyIHJhY2sg44Kz44O844OI44OP44Oz44Ks44O8IOajmuS7mOOBjSDmnKjoo70g44OP44Oz44Ks44O844Op44OD44KvIOOCs+ODvOODiOaOm+OBkSDmtIvmnI3mjpvjgZEg44Kz44O844OI44OP44Oz44Ks44O8IOajmuS7mOOBjSDjgYrjgZfjgoPjgow=,44Op44OD44Kv5LiL44Gr44Gv5Y+O57SN44K544Oa44O844K544GM44GC44KL44Kz44Oz44OR44Kv44OI44Gq44OP44Oz44Ks44O844Op44OD44Kv44CC44Ob44Ov44Kk44OI5pyo55uuIOODj+ODs+OCrOODvOODqeODg+OCryDjgqLjgqTjg43vvIbjg6rjg44gaW5lIHJlbm8gaGFuZ2VyIHJhY2sg44Kz44O844OI44OP44Oz44Ks44O8IOajmuS7mOOBjSDmnKjoo70g44OP44Oz44Ks44O844Op44OD44KvIOOCs+ODvOODiOaOm+OBkSDmtIvmnI3mjpvjgZEg44Kz44O844OI44OP44Oz44Ks44O8IOajmuS7mOOBjSDjgYrjgZfjgoPjgow=[rn]
30-32969,aHR0cDovL3RzaG9wLnIxMHMuanAva2FndW1hcnUvY2FiaW5ldC95azEvMjU1MDA3Mi5qcGc/Zml0aW49NzAwOjcwMA==,MTQ1MTUuMjAwMA==,,44Kk44Oz44OG44Oq44Ki44O75a+d5YW344O75Y+O57SNID4g5a2Q5L6b6YOo5bGL77yI44Kk44Oz44OG44Oq44Ki44O75a+d5YW344O744Kw44OD44K677yJID4g44OP44Oz44Ks44O844O744Od44O844Or,44OP44Oz44Ks44O844Op44OD44KvIOWtkOS+myDlj47ntI0g5pel5pys6KO9IOWujOaIkOWTgSDmnKjoo70g5a2Q5L6b5pyNIOOBiueJh+S7mOOBkSDlubznqJrlnJIg5L+d6IKy5ZySIOWwj+WtpueUnyDlhaXlraYg5YWl5a2m56WdIOeUt+OBruWtkCDlpbPjga7lrZAg44Kt44OD44K6IOWtkOS+m+eUqCDjg6njg4Pjgq/jg4/jg7Pjgqzjg7wg5Zu955SjIOOBiuOBi+OBn+OBpeOBkeOBl+OBn+OBj+OBquOCi+OCt+ODquODvOOCug==,5a2Q5L6b55SoIOODj+ODs+OCrOODvOODqeODg+OCryDlm73nlKMg5Y+O57SNIOacqOijvSDlrZDkvpvmnI0g44GK54mH5LuY44GRIOaXpeacrOijvQ==,PGltZyBzcmM9Imh0dHBzOi8vaW1hZ2UucmFrdXRlbi5jby5qcC9rYWd1bWFydS9jYWJpbmV0L3lrMS8yNTUwMDcyXzAxLmpwZyIgYWx0PSIiPjxicj4KPGltZyBzcmM9Imh0dHBzOi8vaW1hZ2UucmFrdXRlbi5jby5qcC9rYWd1bWFydS9jYWJpbmV0L3lrMS8yNTUwMDcyXzAyLmpwZyIgYWx0PSIiPjxicj4KPGltZyBzcmM9Imh0dHBzOi8vaW1hZ2UucmFrdXRlbi5jby5qcC9rYWd1bWFydS9jYWJpbmV0L3lrMS8yNTUwMDcyXzAzLmpwZyIgYWx0PSIiPjxicj4KPGltZyBzcmM9Imh0dHBzOi8vaW1hZ2UucmFrdXRlbi5jby5qcC9rYWd1bWFydS9jYWJpbmV0L3lrMS8yNTUwMDcyXzA0LmpwZyIgYWx0PSIiPjxicj4KPGltZyBzcmM9Imh0dHBzOi8vaW1hZ2UucmFrdXRlbi5jby5qcC9rYWd1bWFydS9jYWJpbmV0L3lrMS8yNTUwMDcyXzA1LmpwZyIgYWx0PSIiPjxicj4KPGltZyBzcmM9Imh0dHBzOi8vaW1hZ2UucmFrdXRlbi5jby5qcC9rYWd1bWFydS9jYWJpbmV0L3lrMS8yNTUwMDcyXzA2LmpwZyIgYWx0PSIiPjxicj4KPGltZyBzcmM9Imh0dHBzOi8vaW1hZ2UucmFrdXRlbi5jby5qcC9rYWd1bWFydS9jYWJpbmV0L3lrMS8yNTUwMDcyXzA3LmpwZyIgYWx0PSIiPjxicj4KPGltZyBzcmM9Imh0dHBzOi8vaW1hZ2UucmFrdXRlbi5jby5qcC9rYWd1bWFydS9jYWJpbmV0L3lrMS8yNTUwMDcyXzA4LmpwZyIgYWx0PSIiPjxicj4KPGltZyBzcmM9Imh0dHBzOi8vaW1hZ2UucmFrdXRlbi5jby5qcC9rYWd1bWFydS9jYWJpbmV0L3lrMS8yNTUwMDcyXzA5LmpwZyIgYWx0PSIiPjxicj4KPGltZyBzcmM9Imh0dHBzOi8vaW1hZ2UucmFrdXRlbi5jby5qcC9rYWd1bWFydS9jYWJpbmV0L3lrMS8yNTUwMDcyXzEwLmpwZyIgYWx0PSIiPjxicj4KPGltZyBzcmM9Imh0dHBzOi8vaW1hZ2UucmFrdXRlbi5jby5qcC9rYWd1bWFydS9jYWJpbmV0L3lrMS8yNTUwMDcyXzExLmpwZyIgYWx0PSIiPjxicj4KPGltZyBzcmM9Imh0dHBzOi8vaW1hZ2UucmFrdXRlbi5jby5qcC9rYWd1bWFydS9jYWJpbmV0L3lrMS8yNTUwMDcyXzEyLmpwZyIgYWx0PSIiPjxicj4KPGJyPgo8YSBocmVmPSJodHRwczovL2l0ZW0ucmFrdXRlbi5jby5qcC9rYWd1bWFydS8yNTAwMjM2LyI+PGltZyBzcmM9Imh0dHBzOi8vaW1hZ2UucmFrdXRlbi5jby5qcC9rYWd1bWFydS9jYWJpbmV0L3lrMS8yNTUwMDcyX2xpbmswMS5qcGciIGJvcmRlcj0iMCIgPjwvYT48YSBocmVmPSJodHRwczovL2l0ZW0ucmFrdXRlbi5jby5qcC9rYWd1bWFydS8yNTAwMjM3LyI+PGltZyBzcmM9Imh0dHBzOi8vaW1hZ2UucmFrdXRlbi5jby5qcC9rYWd1bWFydS9jYWJpbmV0L3lrMS8yNTUwMDcyX2xpbmswMi5qcGciIGJvcmRlcj0iMCIgPjwvYT48YSBocmVmPSJodHRwczovL2l0ZW0ucmFrdXRlbi5jby5qcC9rYWd1bWFydS8yNTAwMjM4LyI+PGltZyBzcmM9Imh0dHBzOi8vaW1hZ2UucmFrdXRlbi5jby5qcC9rYWd1bWFydS9jYWJpbmV0L3lrMS8yNTUwMDcyX2xpbmswMy5qcGciIGJvcmRlcj0iMCIgPjwvYT48YnI+CjxhIGhyZWY9Imh0dHBzOi8vaXRlbS5yYWt1dGVuLmNvLmpwL2thZ3VtYXJ1LzI1NTAwNzIvIj48aW1nIHNyYz0iaHR0cHM6Ly9pbWFnZS5yYWt1dGVuLmNvLmpwL2thZ3VtYXJ1L2NhYmluZXQveWsxLzI1NTAwNzJfbGluazA0LmpwZyIgYm9yZGVyPSIwIiA+PC9hPjxhIGhyZWY9Imh0dHBzOi8vaXRlbS5yYWt1dGVuLmNvLmpwL2thZ3VtYXJ1LzI1NTAwNzMvIj48aW1nIHNyYz0iaHR0cHM6Ly9pbWFnZS5yYWt1dGVuLmNvLmpwL2thZ3VtYXJ1L2NhYmluZXQveWsxLzI1NTAwNzJfbGluazA1LmpwZyIgYm9yZGVyPSIwIiA+PC9hPjx0YWJsZSB3aWR0aD0iMTAwJSIgYm9yZGVyPSIwIiBjZWxsc3BhY2luZz0iMSIgY2VsbHBhZGRpbmc9IjgiIGNsYXNzPSJpX2thbnJlbiI+Cgo8dHI+Cgo8dGQgaGVpZ2h0PSIzMyIgY29sc3Bhbj0iMiIgY2xhc3M9ImlfaW5mb190Ij48Yj48Zm9udCBjb2xvcj0iIzMzMyI+44Kk44Oz44OV44Kp44Oh44O844K344On44Oz44O75rOo5oSP5LqL6aCFPC9mb250PjwvYj4gPC90ZD4KCjwvdHI+PHRyPgoKPHRoPumAgeaWmeOBq+OBpOOBhOOBpjwvdGg+Cgo8dGQgYmdjb2xvcj0iI0ZGRkZGRiI+4oC75rKW57iE44CB6Zui5bO244O76YGg6ZqU5Zyw44Gr6Zai44GX44G+44GX44Gm44Gv5Yil6YCU6YCB5paZ44GM44GL44GL44KK44G+44GZ44CCCjxwIGNsYXNzPSJkZWxpdl9mZWVfaG9rdSI+5YyX5rW36YGT44G444Gu6YWN6YCB44Gv5Yil6YCU6YCB5paZ44GM44GL44GL44KK44G+44GZ44CCPGJyPuWMl+a1t+mBk+mAgeaWme+8muOAkOWMlzTjgJHjgr/jgqTjg5c8L3A+CjwvdGQ+CgoKPC90cj48dHI+Cgo8dGg+5rG65riI5pa55rOV44Gr44Gk44GE44GmPC90aD4KCjx0ZCBiZ2NvbG9yPSIjRkZGRkZGIj7pgJrluLjmsbrmuIjvvIjjgYrosrfjgYTnianjgqzjgqTjg4njgIzjgYrmlK/miZXjgYTmlrnms5XjgavjgaTjgYTjgabjgI3jgpLjgZTnorroqo3jgY/jgaDjgZXjgYTjgIIKCjxicj4KPC90ZD4KCjwvdHI+PHRyPgoKPHRoPumFjSDpgIE8L3RoPgoKPHRkIGJnY29sb3I9IiNGRkZGRkYiPjxwIHN0eWxlPSJjb2xvcjojQ0MwMDAwOyI+546E6Zai5YWI44Gu44GK5bGK44GR44Gr44Gq44KK44G+44GZ44CC7720776a776N776e772w776A44Gq44GX44Gu776P776d7728772u776d562J44KE546E6Zai44GMMumajuOBq+OBguOCi+etiTxicj7phY3pgIHlm7Dpm6PjgarloLTlkIjjgIHliKXpgJTosrvnlKjjgYzmjpvjgYvjgorjgb7jgZnjga7jgafkuojjgoHjgZTnorroqo3jgpLjgYrpoZjjgYToh7TjgZfjgb7jgZnjgII8YnI+PGJyPuKAu+mFjemAgeOBjOWkp+Wkiea3t+OBv+WQiOOBhOOBvuOBmeeCuuOAgeOBk+OBoeOCieOBruOBiuWTgeeJqeOBr+aXpeaZguaMh+WumuOBjOiHtOOBl+OBi+OBreOBvuOBmeOAgjwvcD48L3RkPgoKPC90cj4KCjwvdGFibGU+CgoKPHRhYmxlIHdpZHRoPSIxMDAlIiBib3JkZXI9IjAiIGNlbGxzcGFjaW5nPSIxIiBjZWxscGFkZGluZz0iOCIgY2xhc3M9Imlfc3BlYyI+Cgo8dHI+Cgo8dGQgY29sc3Bhbj0iMiIgYmdjb2xvcj0iI0YzRjNGMyI+PGI+PGZvbnQgY29sb3I9IjMzMyI+6Kmz57Sw44O744K544Oa44OD44KvPC9mb250PjwvYj48L3RkPgoKPC90cj4KCjx0cj4KCjx0aD7llYblk4HlkI08L3RoPgoKPHRkIGJnY29sb3I9IiNGRkZGRkYiPjxwPuOBiuOBi+OBn+OBpeOBkeOBl+OBn+OBj+OBquOCi+OCt+ODquODvOOCuiDjg4/jg7Pjgqzjg7zjg6njg4Pjgq88L3A+PC90ZD4KCjwvdHI+Cgo8dHI+Cgo8dGg+5ZWG5ZOB6Kqs5piOPC90aD4KCjx0ZCBiZ2NvbG9yPSIjRkZGRkZGIj48cD7jgYrlrZDmp5jjgYzmpb3jgZfjgb/jgarjgYzjgonjgYrjgYvjgZ/jgaXjgZHjgafjgY3jgovjgq3jg4PjgrrlrrblhbfjgafjgZnjgII8YnI+CuOBk+OBruODj+ODs+OCrOODvOODqeODg+OCr+OBr+OBiuWtkOanmOOBjOiHqueZuueahOOBq+a0i+acjeOCkumBuOOCk+OBoOOCiuOAgeOBiueJh+S7mOOBkeOBp+OBjeOCi+OCiOOBhuOBq+OBquOCi+OBruOCkuaJi+WKqeOBkeOBl+OBvuOBmeOAgjxicj4K5LiK552A44Gv44KC44Gh44KN44KT44K644Oc44Oz44KE5bi95a2Q44Gq44Gp44KS5Y+O57SN44Gn44GN44KL44K544Oa44O844K544KC5a6M5YKZ44CCPGJyPgrmo5rjgavjga/lsI/nianjgoTjgYrjgoLjgaHjgoPjgpLpo77jgozjgovjgrnjg5rjg7zjgrnjgYzjgYLjgorjgb7jgZnjgII8YnI+CuOCv+OCpOODl+OBr+eUt+OBruWtkOOCv+OCpOODl+OBqOWls+OBruWtkOOCv+OCpOODl+OBru+8kueorumhnuOBi+OCieOBiumBuOOBs+mgguOBkeOBvuOBmeOAgjxicj4KPC9wPjwvdGQ+Cgo8L3RyPgoKPHRyPgoKPHRoPuOCteOCpOOCujwvdGg+Cgo8dGQgYmdjb2xvcj0iI0ZGRkZGRiI+PHA+5pys5L2T77ya5bmFNTkuNcOX5aWl6KGMNDQuNcOX6auY44GVODkuNWNtPGJyPgrjg5Djg7zjgrvjg7Pjgr/jg7zjgYvjgonlupXmnb866auY44GVNzUuMjxicj4K5aSp5p2/5YaF5a+4OuW5hTU1LjbDl+WlpeihjDEyLjljbTxicj4K5aWl6KGM5YaF5a+477yaNDAuOGNtPGJyPgo8YnI+CgrogJDojbfph43ph48v5aSp5p2/OjVrZyAg44OP44Oz44Ks44O844OQ44O8OjEwa2c8YnI+CuWVhuWTgemHjemHjy8o57SEKTE0a2c8YnI+CjwvcD48L3RkPgoKPC90cj48dHI+Cgo8dGg+5p2QIOizquODu+S7mOWxnuWTgTwvdGg+Cgo8dGQgYmdjb2xvcj0iI0ZGRkZGRiI+CuODl+ODquODs+ODiOe0meWMlueyp+e5iue2readvzxicj4KPGJyPgrmipjjgorntJnjgIHou6LlgJLpmLLmraLjg5Djg7Pjg4nku5jlsZ4KPC90ZD4KCjwvdHI+Cgo8dHI+Cgo8dGg+57WEIOerizwvdGg+Cgo8dGQgYmdjb2xvcj0iI0ZGRkZGRiI+5a6M5oiQ5ZOBPC90ZD4KCjwvdHI+Cgo8dHI+Cgo8dGg+55Sf55Sj5Zu9PC90aD4KCjx0ZCBiZ2NvbG9yPSIjRkZGRkZGIj7ml6XmnKw8L3RkPgoKPC90cj4KCjx0cj4KCjx0aD7jgZ3jga7ku5bjg7vms6jmhI/kuovpoIU8L3RoPgoKPHRkIGJnY29sb3I9IiNGRkZGRkYiPjxwIHN0eWxlPSJjb2xvcjojQ0MwMDAwOyI+CuODu+ODouODi+OCv+ODvOODu+ODh+OCo+OCueODl+ODrOOCpOOBq+OCiOOBo+OBpuOCguWGmeOCiuaWueOBjOWkieOCiuOBvuOBmeOAguS6iOOCgeOBlOS6huaJv+OBj+OBoOOBleOBhOOAgjwvcD48L3RkPgoKPC90cj4KCjwvdGFibGU+,44OP44Oz44Ks44O844Op44OD44KvIOWtkOS+myDlj47ntI0g5pel5pys6KO9IOWujOaIkOWTgSDmnKjoo70g5a2Q5L6b5pyNIOOBiueJh+S7mOOBkSDlubznqJrlnJIg5L+d6IKy5ZySIOWwj+WtpueUnyDlhaXlraYg5YWl5a2m56WdIOeUt+OBruWtkCDlpbPjga7lrZAg44Kt44OD44K6IOWtkOS+m+eUqCDjg6njg4Pjgq/jg4/jg7Pjgqzjg7wg5Zu955SjIOOBiuOBi+OBn+OBpeOBkeOBl+OBn+OBj+OBquOCi+OCt+ODquODvOOCuu+8muOCq+OCsOODnuODqw==,44OP44Oz44Ks44O844Op44OD44KvIOWtkOS+myDlj47ntI0g5pel5pys6KO9IOWujOaIkOWTgSDmnKjoo70g5a2Q5L6b5pyNIOOBiueJh+S7mOOBkSDlubznqJrlnJIg5L+d6IKy5ZySIOWwj+WtpueUnyDlhaXlraYg5YWl5a2m56WdIOeUt+OBruWtkCDlpbPjga7lrZAg44Kt44OD44K6IOWtkOS+m+eUqCDjg6njg4Pjgq/jg4/jg7Pjgqzjg7wg5Zu955SjIOOBiuOBi+OBn+OBpeOBkeOBl+OBn+OBj+OBquOCi+OCt+ODquODvOOCug==,5a2Q5L6b55SoIOODj+ODs+OCrOODvOODqeODg+OCryDlm73nlKMg5Y+O57SNIOacqOijvSDlrZDkvpvmnI0g44GK54mH5LuY44GRIOaXpeacrOijvSDjgILjg4/jg7Pjgqzjg7zjg6njg4Pjgq8g5a2Q5L6bIOWPjue0jSDml6XmnKzoo70g5a6M5oiQ5ZOBIOacqOijvSDlrZDkvpvmnI0g44GK54mH5LuY44GRIOW5vOeomuWckiDkv53ogrLlnJIg5bCP5a2m55SfIOWFpeWtpiDlhaXlrabnpZ0g55S344Gu5a2QIOWls+OBruWtkCDjgq3jg4Pjgrog5a2Q5L6b55SoIOODqeODg+OCr+ODj+ODs+OCrOODvCDlm73nlKMg44GK44GL44Gf44Gl44GR44GX44Gf44GP44Gq44KL44K344Oq44O844K6[rn]
30-32970,aHR0cDovL3RzaG9wLnIxMHMuanAvYmVzdDk5L2NhYmluZXQveWsxLzI1NTAwNzIuanBnP2ZpdGluPTcwMDo3MDA=,MTQ1MTUuMjAwMA==,,44Kk44Oz44OG44Oq44Ki44O75a+d5YW344O75Y+O57SNID4g5a2Q5L6b6YOo5bGL77yI44Kk44Oz44OG44Oq44Ki44O75a+d5YW344O744Kw44OD44K677yJID4g44OP44Oz44Ks44O844O744Od44O844Or,44OP44Oz44Ks44O844Op44OD44KvIOWtkOS+myDlj47ntI0g5pel5pys6KO9IOWujOaIkOWTgSDmnKjoo70g5a2Q5L6b5pyNIOOBiueJh+S7mOOBkSDlubznqJrlnJIg5L+d6IKy5ZySIOWwj+WtpueUnyDlhaXlraYg5YWl5a2m56WdIOeUt+OBruWtkCDlpbPjga7lrZAg44Kt44OD44K6IOWtkOS+m+eUqCDjg6njg4Pjgq/jg4/jg7Pjgqzjg7wg5Zu955SjIOOBiuOBi+OBn+OBpeOBkeOBl+OBn+OBj+OBquOCi+OCt+ODquODvOOCug==,5a2Q5L6b55SoIOODj+ODs+OCrOODvOODqeODg+OCryDlm73nlKMg5Y+O57SNIOacqOijvSDlrZDkvpvmnI0g44GK54mH5LuY44GRIOaXpeacrOijvQ==,PGltZyBzcmM9Imh0dHBzOi8vaW1hZ2UucmFrdXRlbi5jby5qcC9iZXN0OTkvY2FiaW5ldC95azEvMjU1MDA3Ml8wMS5qcGciIGFsdD0iIj48YnI+CjxpbWcgc3JjPSJodHRwczovL2ltYWdlLnJha3V0ZW4uY28uanAvYmVzdDk5L2NhYmluZXQveWsxLzI1NTAwNzJfMDIuanBnIiBhbHQ9IiI+PGJyPgo8aW1nIHNyYz0iaHR0cHM6Ly9pbWFnZS5yYWt1dGVuLmNvLmpwL2Jlc3Q5OS9jYWJpbmV0L3lrMS8yNTUwMDcyXzAzLmpwZyIgYWx0PSIiPjxicj4KPGltZyBzcmM9Imh0dHBzOi8vaW1hZ2UucmFrdXRlbi5jby5qcC9iZXN0OTkvY2FiaW5ldC95azEvMjU1MDA3Ml8wNC5qcGciIGFsdD0iIj48YnI+CjxpbWcgc3JjPSJodHRwczovL2ltYWdlLnJha3V0ZW4uY28uanAvYmVzdDk5L2NhYmluZXQveWsxLzI1NTAwNzJfMDUuanBnIiBhbHQ9IiI+PGJyPgo8aW1nIHNyYz0iaHR0cHM6Ly9pbWFnZS5yYWt1dGVuLmNvLmpwL2Jlc3Q5OS9jYWJpbmV0L3lrMS8yNTUwMDcyXzA2LmpwZyIgYWx0PSIiPjxicj4KPGltZyBzcmM9Imh0dHBzOi8vaW1hZ2UucmFrdXRlbi5jby5qcC9iZXN0OTkvY2FiaW5ldC95azEvMjU1MDA3Ml8wNy5qcGciIGFsdD0iIj48YnI+CjxpbWcgc3JjPSJodHRwczovL2ltYWdlLnJha3V0ZW4uY28uanAvYmVzdDk5L2NhYmluZXQveWsxLzI1NTAwNzJfMDguanBnIiBhbHQ9IiI+PGJyPgo8aW1nIHNyYz0iaHR0cHM6Ly9pbWFnZS5yYWt1dGVuLmNvLmpwL2Jlc3Q5OS9jYWJpbmV0L3lrMS8yNTUwMDcyXzA5LmpwZyIgYWx0PSIiPjxicj4KPGltZyBzcmM9Imh0dHBzOi8vaW1hZ2UucmFrdXRlbi5jby5qcC9iZXN0OTkvY2FiaW5ldC95azEvMjU1MDA3Ml8xMC5qcGciIGFsdD0iIj48YnI+CjxpbWcgc3JjPSJodHRwczovL2ltYWdlLnJha3V0ZW4uY28uanAvYmVzdDk5L2NhYmluZXQveWsxLzI1NTAwNzJfMTEuanBnIiBhbHQ9IiI+PGJyPgo8aW1nIHNyYz0iaHR0cHM6Ly9pbWFnZS5yYWt1dGVuLmNvLmpwL2Jlc3Q5OS9jYWJpbmV0L3lrMS8yNTUwMDcyXzEyLmpwZyIgYWx0PSIiPjxicj4KPGJyPgo8YSBocmVmPSJodHRwczovL2l0ZW0ucmFrdXRlbi5jby5qcC9iZXN0OTkvMjUwMDIzNi8iPjxpbWcgc3JjPSJodHRwczovL2ltYWdlLnJha3V0ZW4uY28uanAvYmVzdDk5L2NhYmluZXQveWsxLzI1NTAwNzJfbGluazAxLmpwZyIgYm9yZGVyPSIwIiA+PC9hPjxhIGhyZWY9Imh0dHBzOi8vaXRlbS5yYWt1dGVuLmNvLmpwL2Jlc3Q5OS8yNTAwMjM3LyI+PGltZyBzcmM9Imh0dHBzOi8vaW1hZ2UucmFrdXRlbi5jby5qcC9iZXN0OTkvY2FiaW5ldC95azEvMjU1MDA3Ml9saW5rMDIuanBnIiBib3JkZXI9IjAiID48L2E+PGEgaHJlZj0iaHR0cHM6Ly9pdGVtLnJha3V0ZW4uY28uanAvYmVzdDk5LzI1MDAyMzgvIj48aW1nIHNyYz0iaHR0cHM6Ly9pbWFnZS5yYWt1dGVuLmNvLmpwL2Jlc3Q5OS9jYWJpbmV0L3lrMS8yNTUwMDcyX2xpbmswMy5qcGciIGJvcmRlcj0iMCIgPjwvYT48YnI+CjxhIGhyZWY9Imh0dHBzOi8vaXRlbS5yYWt1dGVuLmNvLmpwL2Jlc3Q5OS8yNTUwMDcyLyI+PGltZyBzcmM9Imh0dHBzOi8vaW1hZ2UucmFrdXRlbi5jby5qcC9iZXN0OTkvY2FiaW5ldC95azEvMjU1MDA3Ml9saW5rMDQuanBnIiBib3JkZXI9IjAiID48L2E+PGEgaHJlZj0iaHR0cHM6Ly9pdGVtLnJha3V0ZW4uY28uanAvYmVzdDk5LzI1NTAwNzMvIj48aW1nIHNyYz0iaHR0cHM6Ly9pbWFnZS5yYWt1dGVuLmNvLmpwL2Jlc3Q5OS9jYWJpbmV0L3lrMS8yNTUwMDcyX2xpbmswNS5qcGciIGJvcmRlcj0iMCIgPjwvYT48dGFibGUgd2lkdGg9IjEwMCUiIGJvcmRlcj0iMCIgY2VsbHNwYWNpbmc9IjEiIGNlbGxwYWRkaW5nPSI4IiBjbGFzcz0iaV9rYW5yZW4iPgoKPHRyPgoKPHRkIGhlaWdodD0iMzMiIGNvbHNwYW49IjIiIGNsYXNzPSJpX2luZm9fdCI+PGI+PGZvbnQgY29sb3I9IiMzMzMiPuOCpOODs+ODleOCqeODoeODvOOCt+ODp+ODs+ODu+azqOaEj+S6i+mghTwvZm9udD48L2I+IDwvdGQ+Cgo8L3RyPjx0cj4KCjx0aD7pgIHmlpnjgavjgaTjgYTjgaY8L3RoPgoKPHRkIGJnY29sb3I9IiNGRkZGRkYiPuKAu+aylue4hOOAgembouWztuODu+mBoOmalOWcsOOBq+mWouOBl+OBvuOBl+OBpuOBr+WIpemAlOmAgeaWmeOBjOOBi+OBi+OCiuOBvuOBmeOAggo8cCBjbGFzcz0iZGVsaXZfZmVlX2hva3UiPuWMl+a1t+mBk+OBuOOBrumFjemAgeOBr+WIpemAlOmAgeaWmeOBjOOBi+OBi+OCiuOBvuOBmeOAgjxicj7ljJfmtbfpgZPpgIHmlpnvvJrjgJDljJc044CR44K/44Kk44OXPC9wPgo8L3RkPgoKCjwvdHI+PHRyPgoKPHRoPuaxuua4iOaWueazleOBq+OBpOOBhOOBpjwvdGg+Cgo8dGQgYmdjb2xvcj0iI0ZGRkZGRiI+6YCa5bi45rG65riI77yI44GK6LK344GE54mp44Ks44Kk44OJ44CM44GK5pSv5omV44GE5pa55rOV44Gr44Gk44GE44Gm44CN44KS44GU56K66KqN44GP44Gg44GV44GE44CCCgo8YnI+CjwvdGQ+Cgo8L3RyPjx0cj4KCjx0aD7phY0g6YCBPC90aD4KCjx0ZCBiZ2NvbG9yPSIjRkZGRkZGIj48cCBzdHlsZT0iY29sb3I6I0NDMDAwMDsiPueOhOmWouWFiOOBruOBiuWxiuOBkeOBq+OBquOCiuOBvuOBmeOAgu+9tO++mu++je++nu+9sO++gOOBquOBl+OBru++j+++ne+9vO+9ru++neetieOChOeOhOmWouOBjDLpmo7jgavjgYLjgovnrYk8YnI+6YWN6YCB5Zuw6Zuj44Gq5aC05ZCI44CB5Yil6YCU6LK755So44GM5o6b44GL44KK44G+44GZ44Gu44Gn5LqI44KB44GU56K66KqN44KS44GK6aGY44GE6Ie044GX44G+44GZ44CCPGJyPjxicj7igLvphY3pgIHjgYzlpKflpInmt7fjgb/lkIjjgYTjgb7jgZnngrrjgIHjgZPjgaHjgonjga7jgYrlk4Hnianjga/ml6XmmYLmjIflrprjgYzoh7TjgZfjgYvjga3jgb7jgZnjgII8L3A+PC90ZD4KCjwvdHI+Cgo8L3RhYmxlPgoKCjx0YWJsZSB3aWR0aD0iMTAwJSIgYm9yZGVyPSIwIiBjZWxsc3BhY2luZz0iMSIgY2VsbHBhZGRpbmc9IjgiIGNsYXNzPSJpX3NwZWMiPgoKPHRyPgoKPHRkIGNvbHNwYW49IjIiIGJnY29sb3I9IiNGM0YzRjMiPjxiPjxmb250IGNvbG9yPSIzMzMiPuips+e0sOODu+OCueODmuODg+OCrzwvZm9udD48L2I+PC90ZD4KCjwvdHI+Cgo8dHI+Cgo8dGg+5ZWG5ZOB5ZCNPC90aD4KCjx0ZCBiZ2NvbG9yPSIjRkZGRkZGIj48cD7jgYrjgYvjgZ/jgaXjgZHjgZfjgZ/jgY/jgarjgovjgrfjg6rjg7zjgrog44OP44Oz44Ks44O844Op44OD44KvPC9wPjwvdGQ+Cgo8L3RyPgoKPHRyPgoKPHRoPuWVhuWTgeiqrOaYjjwvdGg+Cgo8dGQgYmdjb2xvcj0iI0ZGRkZGRiI+PHA+44GK5a2Q5qeY44GM5qW944GX44G/44Gq44GM44KJ44GK44GL44Gf44Gl44GR44Gn44GN44KL44Kt44OD44K65a625YW344Gn44GZ44CCPGJyPgrjgZPjga7jg4/jg7Pjgqzjg7zjg6njg4Pjgq/jga/jgYrlrZDmp5jjgYzoh6rnmbrnmoTjgavmtIvmnI3jgpLpgbjjgpPjgaDjgorjgIHjgYrniYfku5jjgZHjgafjgY3jgovjgojjgYbjgavjgarjgovjga7jgpLmiYvliqnjgZHjgZfjgb7jgZnjgII8YnI+CuS4iuedgOOBr+OCguOBoeOCjeOCk+OCuuODnOODs+OChOW4veWtkOOBquOBqeOCkuWPjue0jeOBp+OBjeOCi+OCueODmuODvOOCueOCguWujOWCmeOAgjxicj4K5qOa44Gr44Gv5bCP54mp44KE44GK44KC44Gh44KD44KS6aO+44KM44KL44K544Oa44O844K544GM44GC44KK44G+44GZ44CCPGJyPgrjgr/jgqTjg5fjga/nlLfjga7lrZDjgr/jgqTjg5fjgajlpbPjga7lrZDjgr/jgqTjg5fjga7vvJLnqK7poZ7jgYvjgonjgYrpgbjjgbPpoILjgZHjgb7jgZnjgII8YnI+CjwvcD48L3RkPgoKPC90cj4KCjx0cj4KCjx0aD7jgrXjgqTjgro8L3RoPgoKPHRkIGJnY29sb3I9IiNGRkZGRkYiPjxwPuacrOS9k++8muW5hTU5LjXDl+WlpeihjDQ0LjXDl+mrmOOBlTg5LjVjbTxicj4K44OQ44O844K744Oz44K/44O844GL44KJ5bqV5p2/OumrmOOBlTc1LjI8YnI+CuWkqeadv+WGheWvuDrluYU1NS42w5flpaXooYwxMi45Y208YnI+CuWlpeihjOWGheWvuO+8mjQwLjhjbTxicj4KPGJyPgoK6ICQ6I236YeN6YePL+Wkqeadvzo1a2cgIOODj+ODs+OCrOODvOODkOODvDoxMGtnPGJyPgrllYblk4Hph43ph48vKOe0hCkxNGtnPGJyPgo8L3A+PC90ZD4KCjwvdHI+PHRyPgoKPHRoPuadkCDos6rjg7vku5jlsZ7lk4E8L3RoPgoKPHRkIGJnY29sb3I9IiNGRkZGRkYiPgrjg5fjg6rjg7Pjg4jntJnljJbnsqfnuYrntq3mnb88YnI+Cjxicj4K5oqY44KK57SZ44CB6Lui5YCS6Ziy5q2i44OQ44Oz44OJ5LuY5bGeCjwvdGQ+Cgo8L3RyPgoKPHRyPgoKPHRoPue1hCDnq4s8L3RoPgoKPHRkIGJnY29sb3I9IiNGRkZGRkYiPuWujOaIkOWTgTwvdGQ+Cgo8L3RyPgoKPHRyPgoKPHRoPueUn+eUo+WbvTwvdGg+Cgo8dGQgYmdjb2xvcj0iI0ZGRkZGRiI+5pel5pysPC90ZD4KCjwvdHI+Cgo8dHI+Cgo8dGg+44Gd44Gu5LuW44O75rOo5oSP5LqL6aCFPC90aD4KCjx0ZCBiZ2NvbG9yPSIjRkZGRkZGIj48cCBzdHlsZT0iY29sb3I6I0NDMDAwMDsiPgrjg7vjg6Ljg4vjgr/jg7zjg7vjg4fjgqPjgrnjg5fjg6zjgqTjgavjgojjgaPjgabjgoLlhpnjgormlrnjgYzlpInjgorjgb7jgZnjgILkuojjgoHjgZTkuobmib/jgY/jgaDjgZXjgYTjgII8L3A+PC90ZD4KCjwvdHI+Cgo8L3RhYmxlPjxiciBzdHlsZT0iY2xlYXI6Ym90aCIgLz4=,44OP44Oz44Ks44O844Op44OD44KvIOWtkOS+myDlj47ntI0g5pel5pys6KO9IOWujOaIkOWTgSDmnKjoo70g5a2Q5L6b5pyNIOOBiueJh+S7mOOBkSDlubznqJrlnJIg5L+d6IKy5ZySIOWwj+WtpueUnyDlhaXlraYg5YWl5a2m56WdIOeUt+OBruWtkCDlpbPjga7lrZAg44Kt44OD44K6IOWtkOS+m+eUqCDjg6njg4Pjgq/jg4/jg7Pjgqzjg7wg5Zu955SjIOOBiuOBi+OBn+OBpeOBkeOBl+OBn+OBj+OBquOCi+OCt+ODquODvOOCuu+8mkI5OQ==,44OP44Oz44Ks44O844Op44OD44KvIOWtkOS+myDlj47ntI0g5pel5pys6KO9IOWujOaIkOWTgSDmnKjoo70g5a2Q5L6b5pyNIOOBiueJh+S7mOOBkSDlubznqJrlnJIg5L+d6IKy5ZySIOWwj+WtpueUnyDlhaXlraYg5YWl5a2m56WdIOeUt+OBruWtkCDlpbPjga7lrZAg44Kt44OD44K6IOWtkOS+m+eUqCDjg6njg4Pjgq/jg4/jg7Pjgqzjg7wg5Zu955SjIOOBiuOBi+OBn+OBpeOBkeOBl+OBn+OBj+OBquOCi+OCt+ODquODvOOCug==,5a2Q5L6b55SoIOODj+ODs+OCrOODvOODqeODg+OCryDlm73nlKMg5Y+O57SNIOacqOijvSDlrZDkvpvmnI0g44GK54mH5LuY44GRIOaXpeacrOijvSDjgILjg4/jg7Pjgqzjg7zjg6njg4Pjgq8g5a2Q5L6bIOWPjue0jSDml6XmnKzoo70g5a6M5oiQ5ZOBIOacqOijvSDlrZDkvpvmnI0g44GK54mH5LuY44GRIOW5vOeomuWckiDkv53ogrLlnJIg5bCP5a2m55SfIOWFpeWtpiDlhaXlrabnpZ0g55S344Gu5a2QIOWls+OBruWtkCDjgq3jg4Pjgrog5a2Q5L6b55SoIOODqeODg+OCr+ODj+ODs+OCrOODvCDlm73nlKMg44GK44GL44Gf44Gl44GR44GX44Gf44GP44Gq44KL44K344Oq44O844K6[rn]
30-32971,aHR0cDovL3RzaG9wLnIxMHMuanAvYmVzdDk5L2NhYmluZXQvMjQ3LzI0NzAwMDUzLmpwZz9maXRpbj03MDA6NzAw,ODY0MC4wMDAw,,44Kk44Oz44OG44Oq44Ki44O75a+d5YW344O75Y+O57SNID4g5a2Q5L6b6YOo5bGL77yI44Kk44Oz44OG44Oq44Ki44O75a+d5YW344O744Kw44OD44K677yJID4g44OP44Oz44Ks44O844O744Od44O844Or,5pyo6KO944Od44O844Or44OP44Oz44Ks44O8IExpdGVuIOODm+ODr+OCpOODiCDluYUzN2NtIOWMl+asp+OCueOCv+OCpOODqyDmnLog44K044Og5p2QIOOBi+OCj+OBhOOBhCDjg4rjg4Hjg6Xjg6njg6vjg4bjgqTjgrnjg4gg5YyX5qyn44OH44K244Kk44OzIOOCs+OCpOOCuuODnyBLT0laVU1JIEtXQS0yMDhXSA==,5pyo6KO944Od44O844Or44OP44Oz44Ks44O8IExpdGVuIOODm+ODr+OCpOODiCDluYUzN2NtIOWMl+asp+OCueOCv+OCpOODqyDmnLo=,PGltZyBzcmM9Imh0dHBzOi8vaW1hZ2UucmFrdXRlbi5jby5qcC9iZXN0OTkvY2FiaW5ldC8yNDcvMjQ3MDAwNTMuanBnIiBhbHQ9IuOCs+OCpOOCuuODnyI+PGJyPgo8aW1nIHNyYz0iaHR0cHM6Ly9pbWFnZS5yYWt1dGVuLmNvLmpwL2Jlc3Q5OS9jYWJpbmV0LzI0Ny8yNDcwMDA1M18xLmpwZyIgYWx0PSLjgrPjgqTjgrrjg58iPjxicj4KPGltZyBzcmM9Imh0dHBzOi8vaW1hZ2UucmFrdXRlbi5jby5qcC9iZXN0OTkvY2FiaW5ldC8yNDcvMjQ3MDAwNTNfMi5qcGciIGFsdD0i44Kz44Kk44K644OfIj48YnI+PHRhYmxlIHdpZHRoPSIxMDAlIiBib3JkZXI9IjAiIGNlbGxzcGFjaW5nPSIxIiBjZWxscGFkZGluZz0iOCIgY2xhc3M9ImlfaW5mbyI+Cjx0cj4KPHRkIGNvbHNwYW49IjIiIGNsYXNzPSJpX2luZm9fdCI+CjxiPjxmb250IGNvbG9yPSIzMzMiPuOCpOODs+ODleOCqeODoeODvOOCt+ODp+ODs+ODu+azqOaEj+S6i+mghTwvZm9udD48L2I+CjwvdGQ+CjwvdHI+Cjx0aD7pgIHmlpnjgavjgaTjgYTjgaY8L3RoPgo8dGQgY2xhc3M9ImlhdHRuc29yeW8iIGJnY29sb3I9IiNGRkZGRkYiPjxwIGNsYXNzPSJkZWxpdl9mZWVfaG9rdSI+5YyX5rW36YGT44G444Gu6YWN6YCB44Gv5Yil6YCU6YCB5paZ44GM44GL44GL44KK44G+44GZ44CCPGJyPuWMl+a1t+mBk+mAgeaWme+8muOAkOWMlzPjgJHjgr/jgqTjg5c8L3A+PC90ZD4KPC90cj4KPHRoPuaxuua4iOaWueazleOBq+OBpOOBhOOBpjwvdGg+CuKAu+acrOWVhuWTgeOBr+S7o+W8leS4jeWPr+WVhuWTgeOBp+OBmeOAguOAjOS7o+W8leOAjeS7peWkluOBruOBiuaUr+aJleOBhOOCkuOBiumBuOOBs+S4i+OBleOBhOOAgjxicj4KPGltZyBzcmM9Imh0dHBzOi8vaW1hZ2UucmFrdXRlbi5jby5qcC9iZXN0OTkvY2FiaW5ldC9jYW0vZGliaWtpLmdpZiIgYWx0PSLku6Pph5HlvJXmj5vkuI3lj6/llYblk4EiIGJvcmRlcj0iMCIgPjxicj48YnI+PGJyPjxicj4KPHRkIGJnY29sb3I9IiNGRkZGRkYiIGNsYXNzPSJpYXR0bnBleSI+6YCa5bi45rG65riI77yI44GK6LK344GE54mp44Ks44Kk44OJ44CM44GK5pSv5omV44GE5pa55rOV44Gr44Gk44GE44Gm44CN44KS44GU56K66KqN44GP44Gg44GV44GE44CCPC90ZD4KPC90cj4KPHRoIGhlaWdodD0iMTA5Ij7phY0g6YCBPC90aD4KPHRkIGNsYXNzPSJpYXR0bmRlbGkiIGJnY29sb3I9IiNGRkZGRkYiPgo8cCBzdHlsZT0iZm9udC1zaXplOiAxMnB4OyBjb2xvcjojQ0MwMDAwOyI+CuKAu+aylue4hOOAgembouWztuOBuOOBruOBiuWxiuOBkeOBr+WIpemAlOmAgeaWmeOBjOOBi+OBi+OCiuOBvuOBmeOAgjwvcD4KPC90ZD4KPC90cj4KPC90YWJsZT4KCjx0YWJsZSB3aWR0aD0iMTAwJSIgYm9yZGVyPSIwIiBjZWxsc3BhY2luZz0iMSIgY2VsbHBhZGRpbmc9IjgiIGNsYXNzPSJpX3NwZWMiPjx0cj48dGQgY29sc3Bhbj0iMiIgYmdjb2xvcj0iI0YzRjNGMyI+CjxiPjxmb250IGNvbG9yPSIzMzMiPuips+e0sOODu+OCueODmuODg+OCrzwvZm9udD48L2I+PC90ZD48L3RyPgo8dHI+Cjx0aD7llYblk4HoqqzmmI48L3RoPgo8dGQgY2xhc3M9ImlleHBsYW5hdGlvbiIgYmdjb2xvcj0iI0ZGRkZGRiI+CuacqOijveODneODvOODq+ODj+ODs+OCrOODvCBMaXRlbiDjg5vjg6/jgqTjg4gg5bmFMzdjbSDljJfmrKfjgrnjgr/jgqTjg6sg5py6IOOCtOODoOadkCDjgYvjgo/jgYTjgYQg44OK44OB44Ol44Op44Or44OG44Kk44K544OIIOWMl+asp+ODh+OCtuOCpOODsyDjgrPjgqTjgrrjg58gS09JWlVNSSBLV0EtMjA4V0gKPC90ZD4KCjwvdHI+Cgo8dHI+Cjx0aD7jgrXjgqTjgro8L3RoPgo8dGQgY2xhc3M9ImlzaXplIiBiZ2NvbG9yPSIjRkZGRkZGIj4K4pag44K144Kk44K677ya5bmFMzfDl+WlpeihjDM3w5fpq5jjgZUxNjFjbTxicj4KPC90ZD4KPC90cj4KCjx0cj4KPHRoPuadkCDos6o8L3RoPgo8dGQgY2xhc3M9ImltYXRlcmlhbCIgYmdjb2xvcj0iI0ZGRkZGRiI+CuKWoOadkOizqjxicj4K44K044Og5p2QPGJyPgrjgqbjg6zjgr/jg7PmqLnohILloZfoo4U8YnI+CjwvdHI+Cgo8dHI+Cjx0aD7ntYQg56uLPC90aD4KPHRkIGNsYXNzPSJpa3VtaXRhdGUiIGJnY29sb3I9IiNGRkZGRkYiPgrlpKfkuroy5Lq6MTDliIYKPC90ZD4KPC90cj4KCjx0cj4KPHRoPueUn+eUo+WbvTwvdGg+Cjx0ZCBjbGFzcz0iaWNvdW50cnkiIGJnY29sb3I9IiNGRkZGRkYiPuOCpOODs+ODieODjeOCt+OCouijvTwvdGQ+CjwvdHI+Cgo8dHI+Cjx0aD7jgZ3jga7ku5bjg7vms6jmhI/kuovpoIU8L3RoPgo8dGQgY2xhc3M9ImlhdHRudHh0IiBiZ2NvbG9yPSIjRkZGRkZGIj4K5aSp54S25pyo44Gv44Gd44Gu5oCn6LOq5LiK44CB44OR44O844OEMeeCueOBlOOBqOOBq+acqOebruODu+iJsuiqv+OBq+a/g+a3oeOBjOeZuueUn+OBl+OBvuOBmeOAggrllYblk4HnlLvlg4/jga/oibLlkIjjgYTjgoTntKDmnZDmhJ/jgYzlrp/pmpvjga7llYblk4HjgajnlbDjgarjgovloLTlkIjjgYzjgZTjgZbjgYTjgb7jgZnjgII8YnI+CuODouODi+OCv+ODvOODu+ODh+OCo+OCueODl+ODrOOCpOOBq+OCiOOBo+OBpuOCguWGmeOCiuaWueOBjOWkieOCiuOBvuOBmeOAguS6iOOCgeOBlOS6huaJv+OBj+OBoOOBleOBhOOAgjwvdGQ+CjwvdHI+Cgo8dHI+Cjx0aD7plqLpgKPllYblk4E8L3RoPgo8dGQgY2xhc3M9ImlhdHRudHh0IiBiZ2NvbG9yPSIjRkZGRkZGIj4K5pyo6KO944OH44K544KvIExpdGVuIOODm+ODr+OCpOODiCDluYU3NWNtPGJyPgrmnKjoo73jg4fjgrnjgq8gTGl0ZW4g44OB44On44Kz44OW44Op44Km44OzIOW5hTc1Y208YnI+CuacqOijveODh+OCueOCryBMaXRlbiDjg5vjg6/jgqTjg4gg5bmFOTBjbTxicj4K5pyo6KO944OH44K544KvIExpdGVuIOODgeODp+OCs+ODluODqeOCpuODsyDluYU5MGNtPGJyPgrmnKjoo73jgrnjg6rjg6Djg6/jgrTjg7MgTGl0ZW4g44Ob44Ov44Kk44OIIOW5hTI2Y208YnI+CuacqOijveOCueODquODoOODr+OCtOODsyBMaXRlbiDjg4Hjg6fjgrPjg5bjg6njgqbjg7Mg5bmFMjZjbTxicj4K5pyo6KO944K144Kk44OJ44OB44Kn44K544OIIExpdGVuIOODm+ODr+OCpOODiCDluYU0MWNtPGJyPgrmnKjoo73jgrXjgqTjg4njg4Hjgqfjgrnjg4ggTGl0ZW4g44OB44On44Kz44OW44Op44Km44OzIOW5hTQxY208YnI+CuacqOijveOCs+OCueODoeODqeODg+OCryBMaXRlbiDjg5vjg6/jgqTjg4gg5bmFNDZjbTxicj4K5pyo6KO944Kz44K544Oh44Op44OD44KvIExpdGVuIOODgeODp+OCs+ODluODqeOCpuODsyDluYU0NmNtPGJyPgrmnKjoo73jgrfjgqfjg6vjg5UgTGl0ZW4g44Ob44Ov44Kk44OIIOW5hTYwY208YnI+CuacqOijveOCt+OCp+ODq+ODlSBMaXRlbiDjg4Hjg6fjgrPjg5bjg6njgqbjg7Mg5bmFNjBjbTxicj4K5pyo6KO944Kz44Os44Kv44K344On44Oz44OB44Kn44K544OIIExpdGVuIOODm+ODr+OCpOODiCDluYU2MGNtPGJyPgrmnKjoo73jgrPjg6zjgq/jgrfjg6fjg7Pjg4Hjgqfjgrnjg4ggTGl0ZW4g44OB44On44Kz44OW44Op44Km44OzIOW5hTYwY208YnI+CgrmnKjoo73jg53jg7zjg6vjg4/jg7Pjgqzjg7wgTGl0ZW4g44OB44On44Kz44OW44Op44Km44OzIOW5hTM3Y208YnI+CuacqOijveODgeOCp+OCoiBMaXRlbiDjg5vjg6/jgqTjg4gg5bmFNDJjbTxicj4K5pyo6KO944OB44Kn44KiIExpdGVuIOODgeODp+OCs+ODluODqeOCpuODsyDluYU0MmNtPGJyPgoKPC90ZD4KPC90cj4KPC90YWJsZT48c3R5bGUgdHlwZT0idGV4dC9jc3MiPgpAY2hhcnNldCAidXRmLTgiOwovKiBDU1MgRG9jdW1lbnQgKi8KCgo8L3N0eWxlPgoKCgo8YnI+PGJyPgo8aW1nIHNyYz0iaHR0cDovL2ltYWdlLnJha3V0ZW4uY28uanAvaS1vZmZpY2UxL2NhYmluZXQvMDM5NDIwMzcvMDM5ODI5MDIvaW1nNjY3OTExMzUuanBnIiB3aWR0aD0iODQwIiAvPgoKCgoKPC9odG1sPg==,5pyo6KO944Od44O844Or44OP44Oz44Ks44O8IExpdGVuIOODm+ODr+OCpOODiCDluYUzN2NtIOWMl+asp+OCueOCv+OCpOODqyDmnLog44K044Og5p2QIOOBi+OCj+OBhOOBhCDjg4rjg4Hjg6Xjg6njg6vjg4bjgqTjgrnjg4gg5YyX5qyn44OH44K244Kk44OzIOOCs+OCpOOCuuODnyBLT0laVU1JIEtXQS0yMDhXSO+8mkI5OQ==,5pyo6KO944Od44O844Or44OP44Oz44Ks44O8IExpdGVuIOODm+ODr+OCpOODiCDluYUzN2NtIOWMl+asp+OCueOCv+OCpOODqyDmnLog44K044Og5p2QIOOBi+OCj+OBhOOBhCDjg4rjg4Hjg6Xjg6njg6vjg4bjgqTjgrnjg4gg5YyX5qyn44OH44K244Kk44OzIOOCs+OCpOOCuuODnyBLT0laVU1JIEtXQS0yMDhXSA==,5pyo6KO944Od44O844Or44OP44Oz44Ks44O8IExpdGVuIOODm+ODr+OCpOODiCDluYUzN2NtIOWMl+asp+OCueOCv+OCpOODqyDmnLrjgILmnKjoo73jg53jg7zjg6vjg4/jg7Pjgqzjg7wgTGl0ZW4g44Ob44Ov44Kk44OIIOW5hTM3Y20g5YyX5qyn44K544K/44Kk44OrIOacuiDjgrTjg6DmnZAg44GL44KP44GE44GEIOODiuODgeODpeODqeODq+ODhuOCpOOCueODiCDljJfmrKfjg4fjgrbjgqTjg7Mg44Kz44Kk44K644OfIEtPSVpVTUkgS1dBLTIwOFdI[rn]
30-32972,aHR0cDovL3RzaG9wLnIxMHMuanAvYmVzdDk5L2NhYmluZXQvMjQ3LzI0NzAwMDU0LmpwZz9maXRpbj03MDA6NzAw,ODY0MC4wMDAw,,44Kk44Oz44OG44Oq44Ki44O75a+d5YW344O75Y+O57SNID4g5a2Q5L6b6YOo5bGL77yI44Kk44Oz44OG44Oq44Ki44O75a+d5YW344O744Kw44OD44K677yJID4g44OP44Oz44Ks44O844O744Od44O844Or,5pyo6KO944Od44O844Or44OP44Oz44Ks44O8IExpdGVuIOODgeODp+OCs+ODluODqeOCpuODsyDluYUzN2NtIOWMl+asp+OCueOCv+OCpOODqyDmnLog44K044Og5p2QIOOBi+OCj+OBhOOBhCDjg4rjg4Hjg6Xjg6njg6vjg4bjgqTjgrnjg4gg5YyX5qyn44OH44K244Kk44OzIOOCs+OCpOOCuuODnyBLT0laVU1JIEtXQS0yMjhDQg==,5pyo6KO944Od44O844Or44OP44Oz44Ks44O8IExpdGVuIOODgeODp+OCs+ODluODqeOCpuODsyDluYUzN2NtIOWMl+asp+OCueOCv+OCpOODqw==,PGltZyBzcmM9Imh0dHBzOi8vaW1hZ2UucmFrdXRlbi5jby5qcC9iZXN0OTkvY2FiaW5ldC8yNDcvMjQ3MDAwNTQuanBnIiBhbHQ9IuOCs+OCpOOCuuODnyI+PGJyPgo8aW1nIHNyYz0iaHR0cHM6Ly9pbWFnZS5yYWt1dGVuLmNvLmpwL2Jlc3Q5OS9jYWJpbmV0LzI0Ny8yNDcwMDA1NF8xLmpwZyIgYWx0PSLjgrPjgqTjgrrjg58iPjxicj4KPGltZyBzcmM9Imh0dHBzOi8vaW1hZ2UucmFrdXRlbi5jby5qcC9iZXN0OTkvY2FiaW5ldC8yNDcvMjQ3MDAwNTRfMi5qcGciIGFsdD0i44Kz44Kk44K644OfIj48YnI+PHRhYmxlIHdpZHRoPSIxMDAlIiBib3JkZXI9IjAiIGNlbGxzcGFjaW5nPSIxIiBjZWxscGFkZGluZz0iOCIgY2xhc3M9ImlfaW5mbyI+Cjx0cj4KPHRkIGNvbHNwYW49IjIiIGNsYXNzPSJpX2luZm9fdCI+CjxiPjxmb250IGNvbG9yPSIzMzMiPuOCpOODs+ODleOCqeODoeODvOOCt+ODp+ODs+ODu+azqOaEj+S6i+mghTwvZm9udD48L2I+CjwvdGQ+CjwvdHI+Cjx0aD7pgIHmlpnjgavjgaTjgYTjgaY8L3RoPgo8dGQgY2xhc3M9ImlhdHRuc29yeW8iIGJnY29sb3I9IiNGRkZGRkYiPjxwIGNsYXNzPSJkZWxpdl9mZWVfaG9rdSI+5YyX5rW36YGT44G444Gu6YWN6YCB44Gv5Yil6YCU6YCB5paZ44GM44GL44GL44KK44G+44GZ44CCPGJyPuWMl+a1t+mBk+mAgeaWme+8muOAkOWMlzPjgJHjgr/jgqTjg5c8L3A+PC90ZD4KPC90cj4KPHRoPuaxuua4iOaWueazleOBq+OBpOOBhOOBpjwvdGg+CuKAu+acrOWVhuWTgeOBr+S7o+W8leS4jeWPr+WVhuWTgeOBp+OBmeOAguOAjOS7o+W8leOAjeS7peWkluOBruOBiuaUr+aJleOBhOOCkuOBiumBuOOBs+S4i+OBleOBhOOAgjxicj4KPGltZyBzcmM9Imh0dHBzOi8vaW1hZ2UucmFrdXRlbi5jby5qcC9iZXN0OTkvY2FiaW5ldC9jYW0vZGliaWtpLmdpZiIgYWx0PSLku6Pph5HlvJXmj5vkuI3lj6/llYblk4EiIGJvcmRlcj0iMCIgPjxicj48YnI+PGJyPjxicj4KPHRkIGJnY29sb3I9IiNGRkZGRkYiIGNsYXNzPSJpYXR0bnBleSI+6YCa5bi45rG65riI77yI44GK6LK344GE54mp44Ks44Kk44OJ44CM44GK5pSv5omV44GE5pa55rOV44Gr44Gk44GE44Gm44CN44KS44GU56K66KqN44GP44Gg44GV44GE44CCPC90ZD4KPC90cj4KPHRoIGhlaWdodD0iMTA5Ij7phY0g6YCBPC90aD4KPHRkIGNsYXNzPSJpYXR0bmRlbGkiIGJnY29sb3I9IiNGRkZGRkYiPgo8cCBzdHlsZT0iZm9udC1zaXplOiAxMnB4OyBjb2xvcjojQ0MwMDAwOyI+CuKAu+aylue4hOOAgembouWztuOBuOOBruOBiuWxiuOBkeOBr+WIpemAlOmAgeaWmeOBjOOBi+OBi+OCiuOBvuOBmeOAgjwvcD4KPC90ZD4KPC90cj4KPC90YWJsZT4KCjx0YWJsZSB3aWR0aD0iMTAwJSIgYm9yZGVyPSIwIiBjZWxsc3BhY2luZz0iMSIgY2VsbHBhZGRpbmc9IjgiIGNsYXNzPSJpX3NwZWMiPjx0cj48dGQgY29sc3Bhbj0iMiIgYmdjb2xvcj0iI0YzRjNGMyI+CjxiPjxmb250IGNvbG9yPSIzMzMiPuips+e0sOODu+OCueODmuODg+OCrzwvZm9udD48L2I+PC90ZD48L3RyPgo8dHI+Cjx0aD7llYblk4HoqqzmmI48L3RoPgo8dGQgY2xhc3M9ImlleHBsYW5hdGlvbiIgYmdjb2xvcj0iI0ZGRkZGRiI+CuacqOijveODneODvOODq+ODj+ODs+OCrOODvCBMaXRlbiDjg4Hjg6fjgrPjg5bjg6njgqbjg7Mg5bmFMzdjbSDljJfmrKfjgrnjgr/jgqTjg6sg5py6IOOCtOODoOadkCDjgYvjgo/jgYTjgYQg44OK44OB44Ol44Op44Or44OG44Kk44K544OIIOWMl+asp+ODh+OCtuOCpOODsyDjgrPjgqTjgrrjg58gS09JWlVNSSBLV0EtMjI4Q0IKPC90ZD4KCjwvdHI+Cgo8dHI+Cjx0aD7jgrXjgqTjgro8L3RoPgo8dGQgY2xhc3M9ImlzaXplIiBiZ2NvbG9yPSIjRkZGRkZGIj4K4pag44K144Kk44K677ya5bmFMzfDl+WlpeihjDM3w5fpq5jjgZUxNjFjbTxicj4KPC90ZD4KPC90cj4KCjx0cj4KPHRoPuadkCDos6o8L3RoPgo8dGQgY2xhc3M9ImltYXRlcmlhbCIgYmdjb2xvcj0iI0ZGRkZGRiI+CuKWoOadkOizqjxicj4K44K044Og5p2QPGJyPgrjgqbjg6zjgr/jg7PmqLnohILloZfoo4U8YnI+CjwvdHI+Cgo8dHI+Cjx0aD7ntYQg56uLPC90aD4KPHRkIGNsYXNzPSJpa3VtaXRhdGUiIGJnY29sb3I9IiNGRkZGRkYiPgrlpKfkuroy5Lq6MTDliIYKPC90ZD4KPC90cj4KCjx0cj4KPHRoPueUn+eUo+WbvTwvdGg+Cjx0ZCBjbGFzcz0iaWNvdW50cnkiIGJnY29sb3I9IiNGRkZGRkYiPuOCpOODs+ODieODjeOCt+OCouijvTwvdGQ+CjwvdHI+Cgo8dHI+Cjx0aD7jgZ3jga7ku5bjg7vms6jmhI/kuovpoIU8L3RoPgo8dGQgY2xhc3M9ImlhdHRudHh0IiBiZ2NvbG9yPSIjRkZGRkZGIj4K5aSp54S25pyo44Gv44Gd44Gu5oCn6LOq5LiK44CB44OR44O844OEMeeCueOBlOOBqOOBq+acqOebruODu+iJsuiqv+OBq+a/g+a3oeOBjOeZuueUn+OBl+OBvuOBmeOAggrllYblk4HnlLvlg4/jga/oibLlkIjjgYTjgoTntKDmnZDmhJ/jgYzlrp/pmpvjga7llYblk4HjgajnlbDjgarjgovloLTlkIjjgYzjgZTjgZbjgYTjgb7jgZnjgII8YnI+CuODouODi+OCv+ODvOODu+ODh+OCo+OCueODl+ODrOOCpOOBq+OCiOOBo+OBpuOCguWGmeOCiuaWueOBjOWkieOCiuOBvuOBmeOAguS6iOOCgeOBlOS6huaJv+OBj+OBoOOBleOBhOOAgjwvdGQ+CjwvdHI+Cgo8dHI+Cjx0aD7plqLpgKPllYblk4E8L3RoPgo8dGQgY2xhc3M9ImlhdHRudHh0IiBiZ2NvbG9yPSIjRkZGRkZGIj4K5pyo6KO944OH44K544KvIExpdGVuIOODm+ODr+OCpOODiCDluYU3NWNtPGJyPgrmnKjoo73jg4fjgrnjgq8gTGl0ZW4g44OB44On44Kz44OW44Op44Km44OzIOW5hTc1Y208YnI+CuacqOijveODh+OCueOCryBMaXRlbiDjg5vjg6/jgqTjg4gg5bmFOTBjbTxicj4K5pyo6KO944OH44K544KvIExpdGVuIOODgeODp+OCs+ODluODqeOCpuODsyDluYU5MGNtPGJyPgrmnKjoo73jgrnjg6rjg6Djg6/jgrTjg7MgTGl0ZW4g44Ob44Ov44Kk44OIIOW5hTI2Y208YnI+CuacqOijveOCueODquODoOODr+OCtOODsyBMaXRlbiDjg4Hjg6fjgrPjg5bjg6njgqbjg7Mg5bmFMjZjbTxicj4K5pyo6KO944K144Kk44OJ44OB44Kn44K544OIIExpdGVuIOODm+ODr+OCpOODiCDluYU0MWNtPGJyPgrmnKjoo73jgrXjgqTjg4njg4Hjgqfjgrnjg4ggTGl0ZW4g44OB44On44Kz44OW44Op44Km44OzIOW5hTQxY208YnI+CuacqOijveOCs+OCueODoeODqeODg+OCryBMaXRlbiDjg5vjg6/jgqTjg4gg5bmFNDZjbTxicj4K5pyo6KO944Kz44K544Oh44Op44OD44KvIExpdGVuIOODgeODp+OCs+ODluODqeOCpuODsyDluYU0NmNtPGJyPgrmnKjoo73jgrfjgqfjg6vjg5UgTGl0ZW4g44Ob44Ov44Kk44OIIOW5hTYwY208YnI+CuacqOijveOCt+OCp+ODq+ODlSBMaXRlbiDjg4Hjg6fjgrPjg5bjg6njgqbjg7Mg5bmFNjBjbTxicj4K5pyo6KO944Kz44Os44Kv44K344On44Oz44OB44Kn44K544OIIExpdGVuIOODm+ODr+OCpOODiCDluYU2MGNtPGJyPgrmnKjoo73jgrPjg6zjgq/jgrfjg6fjg7Pjg4Hjgqfjgrnjg4ggTGl0ZW4g44OB44On44Kz44OW44Op44Km44OzIOW5hTYwY208YnI+CuacqOijveODneODvOODq+ODj+ODs+OCrOODvCBMaXRlbiDjg5vjg6/jgqTjg4gg5bmFMzdjbTxicj4KCuacqOijveODgeOCp+OCoiBMaXRlbiDjg5vjg6/jgqTjg4gg5bmFNDJjbTxicj4K5pyo6KO944OB44Kn44KiIExpdGVuIOODgeODp+OCs+ODluODqeOCpuODsyDluYU0MmNtPGJyPgoKPC90ZD4KPC90cj4KPC90YWJsZT48c3R5bGUgdHlwZT0idGV4dC9jc3MiPgpAY2hhcnNldCAidXRmLTgiOwovKiBDU1MgRG9jdW1lbnQgKi8KCgo8L3N0eWxlPgoKCgo8YnI+PGJyPgo8aW1nIHNyYz0iaHR0cDovL2ltYWdlLnJha3V0ZW4uY28uanAvaS1vZmZpY2UxL2NhYmluZXQvMDM5NDIwMzcvMDM5ODI5MDIvaW1nNjY3OTExMzUuanBnIiB3aWR0aD0iODQwIiAvPgoKCgoKPC9odG1sPg==,5pyo6KO944Od44O844Or44OP44Oz44Ks44O8IExpdGVuIOODgeODp+OCs+ODluODqeOCpuODsyDluYUzN2NtIOWMl+asp+OCueOCv+OCpOODqyDmnLog44K044Og5p2QIOOBi+OCj+OBhOOBhCDjg4rjg4Hjg6Xjg6njg6vjg4bjgqTjgrnjg4gg5YyX5qyn44OH44K244Kk44OzIOOCs+OCpOOCuuODnyBLT0laVU1JIEtXQS0yMjhDQu+8mkI5OQ==,5pyo6KO944Od44O844Or44OP44Oz44Ks44O8IExpdGVuIOODgeODp+OCs+ODluODqeOCpuODsyDluYUzN2NtIOWMl+asp+OCueOCv+OCpOODqyDmnLog44K044Og5p2QIOOBi+OCj+OBhOOBhCDjg4rjg4Hjg6Xjg6njg6vjg4bjgqTjgrnjg4gg5YyX5qyn44OH44K244Kk44OzIOOCs+OCpOOCuuODnyBLT0laVU1JIEtXQS0yMjhDQg==,5pyo6KO944Od44O844Or44OP44Oz44Ks44O8IExpdGVuIOODgeODp+OCs+ODluODqeOCpuODsyDluYUzN2NtIOWMl+asp+OCueOCv+OCpOODqyDjgILmnKjoo73jg53jg7zjg6vjg4/jg7Pjgqzjg7wgTGl0ZW4g44OB44On44Kz44OW44Op44Km44OzIOW5hTM3Y20g5YyX5qyn44K544K/44Kk44OrIOacuiDjgrTjg6DmnZAg44GL44KP44GE44GEIOODiuODgeODpeODqeODq+ODhuOCpOOCueODiCDljJfmrKfjg4fjgrbjgqTjg7Mg44Kz44Kk44K644OfIEtPSVpVTUkgS1dBLTIyOENC[rn]
30-32973,aHR0cDovL3RzaG9wLnIxMHMuanAvaS1vZmZpY2UxL2NhYmluZXQvMjQ3LzI0NzAwMDUzLmpwZz9maXRpbj03MDA6NzAw,ODY0MC4wMDAw,,44Kk44Oz44OG44Oq44Ki44O75a+d5YW344O75Y+O57SNID4g5a2Q5L6b6YOo5bGL77yI44Kk44Oz44OG44Oq44Ki44O75a+d5YW344O744Kw44OD44K677yJID4g44OP44Oz44Ks44O844O744Od44O844Or,5pyo6KO944Od44O844Or44OP44Oz44Ks44O8IExpdGVuIOODm+ODr+OCpOODiCDluYUzN2NtIOWMl+asp+OCueOCv+OCpOODqyDmnLog44K044Og5p2QIOOBi+OCj+OBhOOBhCDjg4rjg4Hjg6Xjg6njg6vjg4bjgqTjgrnjg4gg5YyX5qyn44OH44K244Kk44OzIOOCs+OCpOOCuuODnyBLT0laVU1JIEtXQS0yMDhXSA==,5pyo6KO944Od44O844Or44OP44Oz44Ks44O8IExpdGVuIOODm+ODr+OCpOODiCDluYUzN2NtIOWMl+asp+OCueOCv+OCpOODqyDmnLo=,PGltZyBzcmM9Imh0dHBzOi8vaW1hZ2UucmFrdXRlbi5jby5qcC9pLW9mZmljZTEvY2FiaW5ldC8yNDcvMjQ3MDAwNTMuanBnIiBhbHQ9IuOCs+OCpOOCuuODnyI+PGJyPgo8aW1nIHNyYz0iaHR0cHM6Ly9pbWFnZS5yYWt1dGVuLmNvLmpwL2ktb2ZmaWNlMS9jYWJpbmV0LzI0Ny8yNDcwMDA1M18xLmpwZyIgYWx0PSLjgrPjgqTjgrrjg58iPjxicj4KPGltZyBzcmM9Imh0dHBzOi8vaW1hZ2UucmFrdXRlbi5jby5qcC9pLW9mZmljZTEvY2FiaW5ldC8yNDcvMjQ3MDAwNTNfMi5qcGciIGFsdD0i44Kz44Kk44K644OfIj48YnI+PHRhYmxlIHdpZHRoPSIxMDAlIiBib3JkZXI9IjAiIGNlbGxzcGFjaW5nPSIxIiBjZWxscGFkZGluZz0iOCIgY2xhc3M9ImlfaW5mbyI+Cjx0cj4KPHRkIGNvbHNwYW49IjIiIGNsYXNzPSJpX2luZm9fdCI+CjxiPjxmb250IGNvbG9yPSIzMzMiPuOCpOODs+ODleOCqeODoeODvOOCt+ODp+ODs+ODu+azqOaEj+S6i+mghTwvZm9udD48L2I+CjwvdGQ+CjwvdHI+Cjx0aD7pgIHmlpnjgavjgaTjgYTjgaY8L3RoPgo8dGQgY2xhc3M9ImlhdHRuc29yeW8iIGJnY29sb3I9IiNGRkZGRkYiPjxwIGNsYXNzPSJkZWxpdl9mZWVfaG9rdSI+5YyX5rW36YGT44G444Gu6YWN6YCB44Gv5Yil6YCU6YCB5paZ44GM44GL44GL44KK44G+44GZ44CCPGJyPuWMl+a1t+mBk+mAgeaWme+8muOAkOWMlzPjgJHjgr/jgqTjg5c8L3A+PC90ZD4KPC90cj4KPHRoPuaxuua4iOaWueazleOBq+OBpOOBhOOBpjwvdGg+CuKAu+acrOWVhuWTgeOBr+S7o+W8leS4jeWPr+WVhuWTgeOBp+OBmeOAguOAjOS7o+W8leOAjeS7peWkluOBruOBiuaUr+aJleOBhOOCkuOBiumBuOOBs+S4i+OBleOBhOOAgjxicj4KPGltZyBzcmM9Imh0dHBzOi8vaW1hZ2UucmFrdXRlbi5jby5qcC9pLW9mZmljZTEvY2FiaW5ldC9jYW0vZGliaWtpLmdpZiIgYWx0PSLku6Pph5HlvJXmj5vkuI3lj6/llYblk4EiIGJvcmRlcj0iMCIgPjxicj48YnI+PGJyPjxicj4KPHRkIGJnY29sb3I9IiNGRkZGRkYiIGNsYXNzPSJpYXR0bnBleSI+6YCa5bi45rG65riI77yI44GK6LK344GE54mp44Ks44Kk44OJ44CM44GK5pSv5omV44GE5pa55rOV44Gr44Gk44GE44Gm44CN44KS44GU56K66KqN44GP44Gg44GV44GE44CCPC90ZD4KPC90cj4KPHRoIGhlaWdodD0iMTA5Ij7phY0g6YCBPC90aD4KPHRkIGNsYXNzPSJpYXR0bmRlbGkiIGJnY29sb3I9IiNGRkZGRkYiPgo8cCBzdHlsZT0iZm9udC1zaXplOiAxMnB4OyBjb2xvcjojQ0MwMDAwOyI+CuKAu+aylue4hOOAgembouWztuOBuOOBruOBiuWxiuOBkeOBr+WIpemAlOmAgeaWmeOBjOOBi+OBi+OCiuOBvuOBmeOAgjwvcD4KPC90ZD4KPC90cj4KPC90YWJsZT4KCjx0YWJsZSB3aWR0aD0iMTAwJSIgYm9yZGVyPSIwIiBjZWxsc3BhY2luZz0iMSIgY2VsbHBhZGRpbmc9IjgiIGNsYXNzPSJpX3NwZWMiPjx0cj48dGQgY29sc3Bhbj0iMiIgYmdjb2xvcj0iI0YzRjNGMyI+CjxiPjxmb250IGNvbG9yPSIzMzMiPuips+e0sOODu+OCueODmuODg+OCrzwvZm9udD48L2I+PC90ZD48L3RyPgo8dHI+Cjx0aD7llYblk4HoqqzmmI48L3RoPgo8dGQgY2xhc3M9ImlleHBsYW5hdGlvbiIgYmdjb2xvcj0iI0ZGRkZGRiI+CuacqOijveODneODvOODq+ODj+ODs+OCrOODvCBMaXRlbiDjg5vjg6/jgqTjg4gg5bmFMzdjbSDljJfmrKfjgrnjgr/jgqTjg6sg5py6IOOCtOODoOadkCDjgYvjgo/jgYTjgYQg44OK44OB44Ol44Op44Or44OG44Kk44K544OIIOWMl+asp+ODh+OCtuOCpOODsyDjgrPjgqTjgrrjg58gS09JWlVNSSBLV0EtMjA4V0gKPC90ZD4KCjwvdHI+Cgo8dHI+Cjx0aD7jgrXjgqTjgro8L3RoPgo8dGQgY2xhc3M9ImlzaXplIiBiZ2NvbG9yPSIjRkZGRkZGIj4K4pag44K144Kk44K677ya5bmFMzfDl+WlpeihjDM3w5fpq5jjgZUxNjFjbTxicj4KPC90ZD4KPC90cj4KCjx0cj4KPHRoPuadkCDos6o8L3RoPgo8dGQgY2xhc3M9ImltYXRlcmlhbCIgYmdjb2xvcj0iI0ZGRkZGRiI+CuKWoOadkOizqjxicj4K44K044Og5p2QPGJyPgrjgqbjg6zjgr/jg7PmqLnohILloZfoo4U8YnI+CjwvdHI+Cgo8dHI+Cjx0aD7ntYQg56uLPC90aD4KPHRkIGNsYXNzPSJpa3VtaXRhdGUiIGJnY29sb3I9IiNGRkZGRkYiPgrlpKfkuroy5Lq6MTDliIYKPC90ZD4KPC90cj4KCjx0cj4KPHRoPueUn+eUo+WbvTwvdGg+Cjx0ZCBjbGFzcz0iaWNvdW50cnkiIGJnY29sb3I9IiNGRkZGRkYiPuOCpOODs+ODieODjeOCt+OCouijvTwvdGQ+CjwvdHI+Cgo8dHI+Cjx0aD7jgZ3jga7ku5bjg7vms6jmhI/kuovpoIU8L3RoPgo8dGQgY2xhc3M9ImlhdHRudHh0IiBiZ2NvbG9yPSIjRkZGRkZGIj4K5aSp54S25pyo44Gv44Gd44Gu5oCn6LOq5LiK44CB44OR44O844OEMeeCueOBlOOBqOOBq+acqOebruODu+iJsuiqv+OBq+a/g+a3oeOBjOeZuueUn+OBl+OBvuOBmeOAggrllYblk4HnlLvlg4/jga/oibLlkIjjgYTjgoTntKDmnZDmhJ/jgYzlrp/pmpvjga7llYblk4HjgajnlbDjgarjgovloLTlkIjjgYzjgZTjgZbjgYTjgb7jgZnjgII8YnI+CuODouODi+OCv+ODvOODu+ODh+OCo+OCueODl+ODrOOCpOOBq+OCiOOBo+OBpuOCguWGmeOCiuaWueOBjOWkieOCiuOBvuOBmeOAguS6iOOCgeOBlOS6huaJv+OBj+OBoOOBleOBhOOAgjwvdGQ+CjwvdHI+Cgo8dHI+Cjx0aD7plqLpgKPllYblk4E8L3RoPgo8dGQgY2xhc3M9ImlhdHRudHh0IiBiZ2NvbG9yPSIjRkZGRkZGIj4K5pyo6KO944OH44K544KvIExpdGVuIOODm+ODr+OCpOODiCDluYU3NWNtPGJyPgrmnKjoo73jg4fjgrnjgq8gTGl0ZW4g44OB44On44Kz44OW44Op44Km44OzIOW5hTc1Y208YnI+CuacqOijveODh+OCueOCryBMaXRlbiDjg5vjg6/jgqTjg4gg5bmFOTBjbTxicj4K5pyo6KO944OH44K544KvIExpdGVuIOODgeODp+OCs+ODluODqeOCpuODsyDluYU5MGNtPGJyPgrmnKjoo73jgrnjg6rjg6Djg6/jgrTjg7MgTGl0ZW4g44Ob44Ov44Kk44OIIOW5hTI2Y208YnI+CuacqOijveOCueODquODoOODr+OCtOODsyBMaXRlbiDjg4Hjg6fjgrPjg5bjg6njgqbjg7Mg5bmFMjZjbTxicj4K5pyo6KO944K144Kk44OJ44OB44Kn44K544OIIExpdGVuIOODm+ODr+OCpOODiCDluYU0MWNtPGJyPgrmnKjoo73jgrXjgqTjg4njg4Hjgqfjgrnjg4ggTGl0ZW4g44OB44On44Kz44OW44Op44Km44OzIOW5hTQxY208YnI+CuacqOijveOCs+OCueODoeODqeODg+OCryBMaXRlbiDjg5vjg6/jgqTjg4gg5bmFNDZjbTxicj4K5pyo6KO944Kz44K544Oh44Op44OD44KvIExpdGVuIOODgeODp+OCs+ODluODqeOCpuODsyDluYU0NmNtPGJyPgrmnKjoo73jgrfjgqfjg6vjg5UgTGl0ZW4g44Ob44Ov44Kk44OIIOW5hTYwY208YnI+CuacqOijveOCt+OCp+ODq+ODlSBMaXRlbiDjg4Hjg6fjgrPjg5bjg6njgqbjg7Mg5bmFNjBjbTxicj4K5pyo6KO944Kz44Os44Kv44K344On44Oz44OB44Kn44K544OIIExpdGVuIOODm+ODr+OCpOODiCDluYU2MGNtPGJyPgrmnKjoo73jgrPjg6zjgq/jgrfjg6fjg7Pjg4Hjgqfjgrnjg4ggTGl0ZW4g44OB44On44Kz44OW44Op44Km44OzIOW5hTYwY208YnI+CgrmnKjoo73jg53jg7zjg6vjg4/jg7Pjgqzjg7wgTGl0ZW4g44OB44On44Kz44OW44Op44Km44OzIOW5hTM3Y208YnI+CuacqOijveODgeOCp+OCoiBMaXRlbiDjg5vjg6/jgqTjg4gg5bmFNDJjbTxicj4K5pyo6KO944OB44Kn44KiIExpdGVuIOODgeODp+OCs+ODluODqeOCpuODsyDluYU0MmNtPGJyPgoKPC90ZD4KPC90cj4KPC90YWJsZT48c3R5bGU+Ci8q6LK344GE54mp44Kr44K044Oc44K/44OzKi8KI3Jha3V0ZW5MaW1pdGVkSWRfYXJvdW5kQ2FydCBpbnB1dFt2YWx1ZT0i6LK344GE54mp44GL44GU44Gr5YWl44KM44KLIl0sIGlucHV0W3ZhbHVlPSLkuojntITjgZnjgosiXQogewogIHdpZHRoOiAyMzNweDsKICBoZWlnaHQ6IDUycHg7CiAgYmFja2dyb3VuZDp1cmwoaHR0cDovL2ltYWdlLnJha3V0ZW4uY28uanAvaS1vZmZpY2UxL2NhYmluZXQvMDM5NDIwMzcvY2FydC5naWYpICNmY2ZjZmMgbm8tcmVwZWF0OwogIG92ZXJmbG93OiBoaWRkZW47CiAgYm9yZGVyLXdpZHRoOiAwcHg7CiAgY3Vyc29yOiBwb2ludGVyICFpbXBvcnRhbnQ7CiAgdGV4dC1pbmRlbnQ6IDE1MCU7CiAgd2hpdGUtc3BhY2U6IG5vd3JhcDsKICBtYXJnaW46IDVweCAwIDAgMDsKfQoKCi8q5YCL5pWw5YWl5YqbKi8KI3Jha3V0ZW5MaW1pdGVkSWRfYXJvdW5kQ2FydCBpbnB1dCN1bml0cyB7CiAgYm9yZGVyOnNvbGlkICNjY2MgMXB4OwogIGJhY2tncm91bmQ6I2ZmZiFpbXBvcnRhbnQ7CiAgY3Vyc29yOmF1dG87CiAgdGV4dC1pbmRlbnQ6IDBweDsKICBvdmVyZmxvdzogaGlkZGVuOwp9CgojcmFrdXRlbkxpbWl0ZWRJZF9hcm91bmRDYXJ0ICogewogICAgZm9udC1mYW1pbHk6ICLvvK3vvLMg77yw44K044K344OD44KvIixzYW5zLXNlcmlmICFpbXBvcnRhbnQ7Cn0KCgojcmFrdXRlbkxpbWl0ZWRJZF9hcm91bmRDYXJ0ICNzZXJ2aWNlVGFibGVTbWwgdGQuZmF2b3JpdGUgewp3aWR0aDogMzAwcHggIWltcG9ydGFudDsKfQovKuOCq+ODvOODiOWVhuWTgeeVquWPtyovCnNwYW4uaXRlbV9udW1iZXJfdGl0bGUgewogICAgYmFja2dyb3VuZDogbm9uZSByZXBlYXQgc2Nyb2xsIDAgMCAjM2I1OTk4OwogICAgY29sb3I6ICNmZmY7CiAgICBkaXNwbGF5OiBibG9jazsKICAgIGZsb2F0OiBsZWZ0OwogICAgbWFyZ2luLWJvdHRvbTogMjBweDsKICAgIHBhZGRpbmc6IDNweCA2cHg7CiAgICBmb250LXNpemU6IDEwMCUgIWltcG9ydGFudDsKfQpzcGFuLml0ZW1fbnVtYmVyIHsKICAgIGJvcmRlcjogMXB4IHNvbGlkICMzYjU5OTg7CiAgICBjb2xvcjogIzAwMDAwMDsKICAgIGRpc3BsYXk6IGJsb2NrOwogICAgZm9udC13ZWlnaHQ6IGJvbGQ7CiAgICBsZXR0ZXItc3BhY2luZzogMC4xZW07CiAgICBtYXJnaW4tYm90dG9tOiAyMHB4OwogICAgbWFyZ2luLWxlZnQ6IC0wLjVlbTsKICAgIHBhZGRpbmc6IDJweCA4cHg7Cn0gCjwvc3R5bGU+,5pyo6KO944Od44O844Or44OP44Oz44Ks44O8IExpdGVuIOODm+ODr+OCpOODiCDluYUzN2NtIOWMl+asp+OCueOCv+OCpOODqyDmnLog44K044Og5p2QIOOBi+OCj+OBhOOBhCDjg4rjg4Hjg6Xjg6njg6vjg4bjgqTjgrnjg4gg5YyX5qyn44OH44K244Kk44OzIOOCs+OCpOOCuuODnyBLT0laVU1JIEtXQS0yMDhXSO+8muWutuWFt+OBruOCpOODs+ODhuODquOCouOCquODleOCo+OCueODr+ODsw==,44OZ44OD44OJ44K944OV44Kh44O844OV44Op44Oz44K544OZ44OD44OJ5a625YW3IOmAmuiyqeWvneWFt+W4g+Wbo+OCq+ODvOODmuODg+ODiOODh+OCueOCr+ODgeOCp+OCouODvOODhuODvOODluODq+WPjue0jeWutuWFt+OCveODleOCoeODvOODmeODg+ODieODhuODrOODk+WPsOW6p+akheWtkOW8lei2iuOBl+aWsOWxheOCq+ODvOODhuODs+OCpOODs+ODhuODquOCouOCt+ODp+ODg+ODl+acqOijveODneODvOODq+ODj+ODs+OCrOODvCBMaXRlbiDjg5vjg6/jgqTjg4gg5bmFMzdjbSDljJfmrKfjgrnjgr/jgqTjg6sg5py6IOOCtOODoOadkCDjgYvjgo/jgYTjgYQg44OK44OB44Ol44Op44Or44OG44Kk44K544OIIOWMl+asp+ODh+OCtuOCpOODsyDjgrPjgqTjgrrjg58gS09JWlVNSSBLV0EtMjA4V0g=,5pyo6KO944Od44O844Or44OP44Oz44Ks44O8IExpdGVuIOODm+ODr+OCpOODiCDluYUzN2NtIOWMl+asp+OCueOCv+OCpOODqyDmnLrjgILmnKjoo73jg53jg7zjg6vjg4/jg7Pjgqzjg7wgTGl0ZW4g44Ob44Ov44Kk44OIIOW5hTM3Y20g5YyX5qyn44K544K/44Kk44OrIOacuiDjgrTjg6DmnZAg44GL44KP44GE44GEIOODiuODgeODpeODqeODq+ODhuOCpOOCueODiCDljJfmrKfjg4fjgrbjgqTjg7Mg44Kz44Kk44K644OfIEtPSVpVTUkgS1dBLTIwOFdI[rn]
30-32974,aHR0cDovL3RzaG9wLnIxMHMuanAvaS1vZmZpY2UxL2NhYmluZXQvMjQ3LzI0NzAwMDU0LmpwZz9maXRpbj03MDA6NzAw,ODY0MC4wMDAw,,44Kk44Oz44OG44Oq44Ki44O75a+d5YW344O75Y+O57SNID4g5a2Q5L6b6YOo5bGL77yI44Kk44Oz44OG44Oq44Ki44O75a+d5YW344O744Kw44OD44K677yJID4g44OP44Oz44Ks44O844O744Od44O844Or,5pyo6KO944Od44O844Or44OP44Oz44Ks44O8IExpdGVuIOODgeODp+OCs+ODluODqeOCpuODsyDluYUzN2NtIOWMl+asp+OCueOCv+OCpOODqyDmnLog44K044Og5p2QIOOBi+OCj+OBhOOBhCDjg4rjg4Hjg6Xjg6njg6vjg4bjgqTjgrnjg4gg5YyX5qyn44OH44K244Kk44OzIOOCs+OCpOOCuuODnyBLT0laVU1JIEtXQS0yMjhDQg==,5pyo6KO944Od44O844Or44OP44Oz44Ks44O8IExpdGVuIOODgeODp+OCs+ODluODqeOCpuODsyDluYUzN2NtIOWMl+asp+OCueOCv+OCpOODqw==,PGltZyBzcmM9Imh0dHBzOi8vaW1hZ2UucmFrdXRlbi5jby5qcC9pLW9mZmljZTEvY2FiaW5ldC8yNDcvMjQ3MDAwNTQuanBnIiBhbHQ9IuOCs+OCpOOCuuODnyI+PGJyPgo8aW1nIHNyYz0iaHR0cHM6Ly9pbWFnZS5yYWt1dGVuLmNvLmpwL2ktb2ZmaWNlMS9jYWJpbmV0LzI0Ny8yNDcwMDA1NF8xLmpwZyIgYWx0PSLjgrPjgqTjgrrjg58iPjxicj4KPGltZyBzcmM9Imh0dHBzOi8vaW1hZ2UucmFrdXRlbi5jby5qcC9pLW9mZmljZTEvY2FiaW5ldC8yNDcvMjQ3MDAwNTRfMi5qcGciIGFsdD0i44Kz44Kk44K644OfIj48YnI+PHRhYmxlIHdpZHRoPSIxMDAlIiBib3JkZXI9IjAiIGNlbGxzcGFjaW5nPSIxIiBjZWxscGFkZGluZz0iOCIgY2xhc3M9ImlfaW5mbyI+Cjx0cj4KPHRkIGNvbHNwYW49IjIiIGNsYXNzPSJpX2luZm9fdCI+CjxiPjxmb250IGNvbG9yPSIzMzMiPuOCpOODs+ODleOCqeODoeODvOOCt+ODp+ODs+ODu+azqOaEj+S6i+mghTwvZm9udD48L2I+CjwvdGQ+CjwvdHI+Cjx0aD7pgIHmlpnjgavjgaTjgYTjgaY8L3RoPgo8dGQgY2xhc3M9ImlhdHRuc29yeW8iIGJnY29sb3I9IiNGRkZGRkYiPjxwIGNsYXNzPSJkZWxpdl9mZWVfaG9rdSI+5YyX5rW36YGT44G444Gu6YWN6YCB44Gv5Yil6YCU6YCB5paZ44GM44GL44GL44KK44G+44GZ44CCPGJyPuWMl+a1t+mBk+mAgeaWme+8muOAkOWMlzPjgJHjgr/jgqTjg5c8L3A+PC90ZD4KPC90cj4KPHRoPuaxuua4iOaWueazleOBq+OBpOOBhOOBpjwvdGg+CuKAu+acrOWVhuWTgeOBr+S7o+W8leS4jeWPr+WVhuWTgeOBp+OBmeOAguOAjOS7o+W8leOAjeS7peWkluOBruOBiuaUr+aJleOBhOOCkuOBiumBuOOBs+S4i+OBleOBhOOAgjxicj4KPGltZyBzcmM9Imh0dHBzOi8vaW1hZ2UucmFrdXRlbi5jby5qcC9pLW9mZmljZTEvY2FiaW5ldC9jYW0vZGliaWtpLmdpZiIgYWx0PSLku6Pph5HlvJXmj5vkuI3lj6/llYblk4EiIGJvcmRlcj0iMCIgPjxicj48YnI+PGJyPjxicj4KPHRkIGJnY29sb3I9IiNGRkZGRkYiIGNsYXNzPSJpYXR0bnBleSI+6YCa5bi45rG65riI77yI44GK6LK344GE54mp44Ks44Kk44OJ44CM44GK5pSv5omV44GE5pa55rOV44Gr44Gk44GE44Gm44CN44KS44GU56K66KqN44GP44Gg44GV44GE44CCPC90ZD4KPC90cj4KPHRoIGhlaWdodD0iMTA5Ij7phY0g6YCBPC90aD4KPHRkIGNsYXNzPSJpYXR0bmRlbGkiIGJnY29sb3I9IiNGRkZGRkYiPgo8cCBzdHlsZT0iZm9udC1zaXplOiAxMnB4OyBjb2xvcjojQ0MwMDAwOyI+CuKAu+aylue4hOOAgembouWztuOBuOOBruOBiuWxiuOBkeOBr+WIpemAlOmAgeaWmeOBjOOBi+OBi+OCiuOBvuOBmeOAgjwvcD4KPC90ZD4KPC90cj4KPC90YWJsZT4KCjx0YWJsZSB3aWR0aD0iMTAwJSIgYm9yZGVyPSIwIiBjZWxsc3BhY2luZz0iMSIgY2VsbHBhZGRpbmc9IjgiIGNsYXNzPSJpX3NwZWMiPjx0cj48dGQgY29sc3Bhbj0iMiIgYmdjb2xvcj0iI0YzRjNGMyI+CjxiPjxmb250IGNvbG9yPSIzMzMiPuips+e0sOODu+OCueODmuODg+OCrzwvZm9udD48L2I+PC90ZD48L3RyPgo8dHI+Cjx0aD7llYblk4HoqqzmmI48L3RoPgo8dGQgY2xhc3M9ImlleHBsYW5hdGlvbiIgYmdjb2xvcj0iI0ZGRkZGRiI+CuacqOijveODneODvOODq+ODj+ODs+OCrOODvCBMaXRlbiDjg4Hjg6fjgrPjg5bjg6njgqbjg7Mg5bmFMzdjbSDljJfmrKfjgrnjgr/jgqTjg6sg5py6IOOCtOODoOadkCDjgYvjgo/jgYTjgYQg44OK44OB44Ol44Op44Or44OG44Kk44K544OIIOWMl+asp+ODh+OCtuOCpOODsyDjgrPjgqTjgrrjg58gS09JWlVNSSBLV0EtMjI4Q0IKPC90ZD4KCjwvdHI+Cgo8dHI+Cjx0aD7jgrXjgqTjgro8L3RoPgo8dGQgY2xhc3M9ImlzaXplIiBiZ2NvbG9yPSIjRkZGRkZGIj4K4pag44K144Kk44K677ya5bmFMzfDl+WlpeihjDM3w5fpq5jjgZUxNjFjbTxicj4KPC90ZD4KPC90cj4KCjx0cj4KPHRoPuadkCDos6o8L3RoPgo8dGQgY2xhc3M9ImltYXRlcmlhbCIgYmdjb2xvcj0iI0ZGRkZGRiI+CuKWoOadkOizqjxicj4K44K044Og5p2QPGJyPgrjgqbjg6zjgr/jg7PmqLnohILloZfoo4U8YnI+CjwvdHI+Cgo8dHI+Cjx0aD7ntYQg56uLPC90aD4KPHRkIGNsYXNzPSJpa3VtaXRhdGUiIGJnY29sb3I9IiNGRkZGRkYiPgrlpKfkuroy5Lq6MTDliIYKPC90ZD4KPC90cj4KCjx0cj4KPHRoPueUn+eUo+WbvTwvdGg+Cjx0ZCBjbGFzcz0iaWNvdW50cnkiIGJnY29sb3I9IiNGRkZGRkYiPuOCpOODs+ODieODjeOCt+OCouijvTwvdGQ+CjwvdHI+Cgo8dHI+Cjx0aD7jgZ3jga7ku5bjg7vms6jmhI/kuovpoIU8L3RoPgo8dGQgY2xhc3M9ImlhdHRudHh0IiBiZ2NvbG9yPSIjRkZGRkZGIj4K5aSp54S25pyo44Gv44Gd44Gu5oCn6LOq5LiK44CB44OR44O844OEMeeCueOBlOOBqOOBq+acqOebruODu+iJsuiqv+OBq+a/g+a3oeOBjOeZuueUn+OBl+OBvuOBmeOAggrllYblk4HnlLvlg4/jga/oibLlkIjjgYTjgoTntKDmnZDmhJ/jgYzlrp/pmpvjga7llYblk4HjgajnlbDjgarjgovloLTlkIjjgYzjgZTjgZbjgYTjgb7jgZnjgII8YnI+CuODouODi+OCv+ODvOODu+ODh+OCo+OCueODl+ODrOOCpOOBq+OCiOOBo+OBpuOCguWGmeOCiuaWueOBjOWkieOCiuOBvuOBmeOAguS6iOOCgeOBlOS6huaJv+OBj+OBoOOBleOBhOOAgjwvdGQ+CjwvdHI+Cgo8dHI+Cjx0aD7plqLpgKPllYblk4E8L3RoPgo8dGQgY2xhc3M9ImlhdHRudHh0IiBiZ2NvbG9yPSIjRkZGRkZGIj4K5pyo6KO944OH44K544KvIExpdGVuIOODm+ODr+OCpOODiCDluYU3NWNtPGJyPgrmnKjoo73jg4fjgrnjgq8gTGl0ZW4g44OB44On44Kz44OW44Op44Km44OzIOW5hTc1Y208YnI+CuacqOijveODh+OCueOCryBMaXRlbiDjg5vjg6/jgqTjg4gg5bmFOTBjbTxicj4K5pyo6KO944OH44K544KvIExpdGVuIOODgeODp+OCs+ODluODqeOCpuODsyDluYU5MGNtPGJyPgrmnKjoo73jgrnjg6rjg6Djg6/jgrTjg7MgTGl0ZW4g44Ob44Ov44Kk44OIIOW5hTI2Y208YnI+CuacqOijveOCueODquODoOODr+OCtOODsyBMaXRlbiDjg4Hjg6fjgrPjg5bjg6njgqbjg7Mg5bmFMjZjbTxicj4K5pyo6KO944K144Kk44OJ44OB44Kn44K544OIIExpdGVuIOODm+ODr+OCpOODiCDluYU0MWNtPGJyPgrmnKjoo73jgrXjgqTjg4njg4Hjgqfjgrnjg4ggTGl0ZW4g44OB44On44Kz44OW44Op44Km44OzIOW5hTQxY208YnI+CuacqOijveOCs+OCueODoeODqeODg+OCryBMaXRlbiDjg5vjg6/jgqTjg4gg5bmFNDZjbTxicj4K5pyo6KO944Kz44K544Oh44Op44OD44KvIExpdGVuIOODgeODp+OCs+ODluODqeOCpuODsyDluYU0NmNtPGJyPgrmnKjoo73jgrfjgqfjg6vjg5UgTGl0ZW4g44Ob44Ov44Kk44OIIOW5hTYwY208YnI+CuacqOijveOCt+OCp+ODq+ODlSBMaXRlbiDjg4Hjg6fjgrPjg5bjg6njgqbjg7Mg5bmFNjBjbTxicj4K5pyo6KO944Kz44Os44Kv44K344On44Oz44OB44Kn44K544OIIExpdGVuIOODm+ODr+OCpOODiCDluYU2MGNtPGJyPgrmnKjoo73jgrPjg6zjgq/jgrfjg6fjg7Pjg4Hjgqfjgrnjg4ggTGl0ZW4g44OB44On44Kz44OW44Op44Km44OzIOW5hTYwY208YnI+CuacqOijveODneODvOODq+ODj+ODs+OCrOODvCBMaXRlbiDjg5vjg6/jgqTjg4gg5bmFMzdjbTxicj4KCuacqOijveODgeOCp+OCoiBMaXRlbiDjg5vjg6/jgqTjg4gg5bmFNDJjbTxicj4K5pyo6KO944OB44Kn44KiIExpdGVuIOODgeODp+OCs+ODluODqeOCpuODsyDluYU0MmNtPGJyPgoKPC90ZD4KPC90cj4KPC90YWJsZT48c3R5bGU+Ci8q6LK344GE54mp44Kr44K044Oc44K/44OzKi8KI3Jha3V0ZW5MaW1pdGVkSWRfYXJvdW5kQ2FydCBpbnB1dFt2YWx1ZT0i6LK344GE54mp44GL44GU44Gr5YWl44KM44KLIl0sIGlucHV0W3ZhbHVlPSLkuojntITjgZnjgosiXQogewogIHdpZHRoOiAyMzNweDsKICBoZWlnaHQ6IDUycHg7CiAgYmFja2dyb3VuZDp1cmwoaHR0cDovL2ltYWdlLnJha3V0ZW4uY28uanAvaS1vZmZpY2UxL2NhYmluZXQvMDM5NDIwMzcvY2FydC5naWYpICNmY2ZjZmMgbm8tcmVwZWF0OwogIG92ZXJmbG93OiBoaWRkZW47CiAgYm9yZGVyLXdpZHRoOiAwcHg7CiAgY3Vyc29yOiBwb2ludGVyICFpbXBvcnRhbnQ7CiAgdGV4dC1pbmRlbnQ6IDE1MCU7CiAgd2hpdGUtc3BhY2U6IG5vd3JhcDsKICBtYXJnaW46IDVweCAwIDAgMDsKfQoKCi8q5YCL5pWw5YWl5YqbKi8KI3Jha3V0ZW5MaW1pdGVkSWRfYXJvdW5kQ2FydCBpbnB1dCN1bml0cyB7CiAgYm9yZGVyOnNvbGlkICNjY2MgMXB4OwogIGJhY2tncm91bmQ6I2ZmZiFpbXBvcnRhbnQ7CiAgY3Vyc29yOmF1dG87CiAgdGV4dC1pbmRlbnQ6IDBweDsKICBvdmVyZmxvdzogaGlkZGVuOwp9CgojcmFrdXRlbkxpbWl0ZWRJZF9hcm91bmRDYXJ0ICogewogICAgZm9udC1mYW1pbHk6ICLvvK3vvLMg77yw44K044K344OD44KvIixzYW5zLXNlcmlmICFpbXBvcnRhbnQ7Cn0KCgojcmFrdXRlbkxpbWl0ZWRJZF9hcm91bmRDYXJ0ICNzZXJ2aWNlVGFibGVTbWwgdGQuZmF2b3JpdGUgewp3aWR0aDogMzAwcHggIWltcG9ydGFudDsKfQovKuOCq+ODvOODiOWVhuWTgeeVquWPtyovCnNwYW4uaXRlbV9udW1iZXJfdGl0bGUgewogICAgYmFja2dyb3VuZDogbm9uZSByZXBlYXQgc2Nyb2xsIDAgMCAjM2I1OTk4OwogICAgY29sb3I6ICNmZmY7CiAgICBkaXNwbGF5OiBibG9jazsKICAgIGZsb2F0OiBsZWZ0OwogICAgbWFyZ2luLWJvdHRvbTogMjBweDsKICAgIHBhZGRpbmc6IDNweCA2cHg7CiAgICBmb250LXNpemU6IDEwMCUgIWltcG9ydGFudDsKfQpzcGFuLml0ZW1fbnVtYmVyIHsKICAgIGJvcmRlcjogMXB4IHNvbGlkICMzYjU5OTg7CiAgICBjb2xvcjogIzAwMDAwMDsKICAgIGRpc3BsYXk6IGJsb2NrOwogICAgZm9udC13ZWlnaHQ6IGJvbGQ7CiAgICBsZXR0ZXItc3BhY2luZzogMC4xZW07CiAgICBtYXJnaW4tYm90dG9tOiAyMHB4OwogICAgbWFyZ2luLWxlZnQ6IC0wLjVlbTsKICAgIHBhZGRpbmc6IDJweCA4cHg7Cn0gCjwvc3R5bGU+,5pyo6KO944Od44O844Or44OP44Oz44Ks44O8IExpdGVuIOODgeODp+OCs+ODluODqeOCpuODsyDluYUzN2NtIOWMl+asp+OCueOCv+OCpOODqyDmnLog44K044Og5p2QIOOBi+OCj+OBhOOBhCDjg4rjg4Hjg6Xjg6njg6vjg4bjgqTjgrnjg4gg5YyX5qyn44OH44K244Kk44OzIOOCs+OCpOOCuuODnyBLT0laVU1JIEtXQS0yMjhDQu+8muWutuWFt+OBruOCpOODs+ODhuODquOCouOCquODleOCo+OCueODr+ODsw==,44OZ44OD44OJ44K944OV44Kh44O844OV44Op44Oz44K544OZ44OD44OJ5a625YW3IOmAmuiyqeWvneWFt+W4g+Wbo+OCq+ODvOODmuODg+ODiOODh+OCueOCr+ODgeOCp+OCouODvOODhuODvOODluODq+WPjue0jeWutuWFt+OCveODleOCoeODvOODmeODg+ODieODhuODrOODk+WPsOW6p+akheWtkOW8lei2iuOBl+aWsOWxheOCq+ODvOODhuODs+OCpOODs+ODhuODquOCouOCt+ODp+ODg+ODl+acqOijveODneODvOODq+ODj+ODs+OCrOODvCBMaXRlbiDjg4Hjg6fjgrPjg5bjg6njgqbjg7Mg5bmFMzdjbSDljJfmrKfjgrnjgr/jgqTjg6sg5py6IOOCtOODoOadkCDjgYvjgo/jgYTjgYQg44OK44OB44Ol44Op44Or44OG44Kk44K544OIIOWMl+asp+ODh+OCtuOCpOODsyDjgrPjgqTjgrrjg58gS09JWlVNSSBLV0EtMjI4Q0I=,5pyo6KO944Od44O844Or44OP44Oz44Ks44O8IExpdGVuIOODgeODp+OCs+ODluODqeOCpuODsyDluYUzN2NtIOWMl+asp+OCueOCv+OCpOODqyDjgILmnKjoo73jg53jg7zjg6vjg4/jg7Pjgqzjg7wgTGl0ZW4g44OB44On44Kz44OW44Op44Km44OzIOW5hTM3Y20g5YyX5qyn44K544K/44Kk44OrIOacuiDjgrTjg6DmnZAg44GL44KP44GE44GEIOODiuODgeODpeODqeODq+ODhuOCpOOCueODiCDljJfmrKfjg4fjgrbjgqTjg7Mg44Kz44Kk44K644OfIEtPSVpVTUkgS1dBLTIyOENC[rn]
30-32975,aHR0cDovL3RzaG9wLnIxMHMuanAvaHVvbmVzdC9jYWJpbmV0L3lrMS8yNTUwMDcyLmpwZz9maXRpbj03MDA6NzAw,MTQ1MTUuMjAwMA==,,44Kk44Oz44OG44Oq44Ki44O75a+d5YW344O75Y+O57SNID4g5a2Q5L6b6YOo5bGL77yI44Kk44Oz44OG44Oq44Ki44O75a+d5YW344O744Kw44OD44K677yJID4g44OP44Oz44Ks44O844O744Od44O844Or,44OP44Oz44Ks44O844Op44OD44KvIOWtkOS+myDlj47ntI0g5pel5pys6KO9IOWujOaIkOWTgSDmnKjoo70g5a2Q5L6b5pyNIOOBiueJh+S7mOOBkSDlubznqJrlnJIg5L+d6IKy5ZySIOWwj+WtpueUnyDlhaXlraYg5YWl5a2m56WdIOeUt+OBruWtkCDlpbPjga7lrZAg44Kt44OD44K6IOWtkOS+m+eUqCDjg6njg4Pjgq/jg4/jg7Pjgqzjg7wg5Zu955SjIOOBiuOBi+OBn+OBpeOBkeOBl+OBn+OBj+OBquOCi+OCt+ODquODvOOCug==,5a2Q5L6b55SoIOODj+ODs+OCrOODvOODqeODg+OCryDlm73nlKMg5Y+O57SNIOacqOijvSDlrZDkvpvmnI0g44GK54mH5LuY44GRIOaXpeacrOijvQ==,PGltZyBzcmM9Imh0dHBzOi8vaW1hZ2UucmFrdXRlbi5jby5qcC9odW9uZXN0L2NhYmluZXQveWsxLzI1NTAwNzJfMDEuanBnIiBhbHQ9IiI+PGJyPgo8aW1nIHNyYz0iaHR0cHM6Ly9pbWFnZS5yYWt1dGVuLmNvLmpwL2h1b25lc3QvY2FiaW5ldC95azEvMjU1MDA3Ml8wMi5qcGciIGFsdD0iIj48YnI+CjxpbWcgc3JjPSJodHRwczovL2ltYWdlLnJha3V0ZW4uY28uanAvaHVvbmVzdC9jYWJpbmV0L3lrMS8yNTUwMDcyXzAzLmpwZyIgYWx0PSIiPjxicj4KPGltZyBzcmM9Imh0dHBzOi8vaW1hZ2UucmFrdXRlbi5jby5qcC9odW9uZXN0L2NhYmluZXQveWsxLzI1NTAwNzJfMDQuanBnIiBhbHQ9IiI+PGJyPgo8aW1nIHNyYz0iaHR0cHM6Ly9pbWFnZS5yYWt1dGVuLmNvLmpwL2h1b25lc3QvY2FiaW5ldC95azEvMjU1MDA3Ml8wNS5qcGciIGFsdD0iIj48YnI+CjxpbWcgc3JjPSJodHRwczovL2ltYWdlLnJha3V0ZW4uY28uanAvaHVvbmVzdC9jYWJpbmV0L3lrMS8yNTUwMDcyXzA2LmpwZyIgYWx0PSIiPjxicj4KPGltZyBzcmM9Imh0dHBzOi8vaW1hZ2UucmFrdXRlbi5jby5qcC9odW9uZXN0L2NhYmluZXQveWsxLzI1NTAwNzJfMDcuanBnIiBhbHQ9IiI+PGJyPgo8aW1nIHNyYz0iaHR0cHM6Ly9pbWFnZS5yYWt1dGVuLmNvLmpwL2h1b25lc3QvY2FiaW5ldC95azEvMjU1MDA3Ml8wOC5qcGciIGFsdD0iIj48YnI+CjxpbWcgc3JjPSJodHRwczovL2ltYWdlLnJha3V0ZW4uY28uanAvaHVvbmVzdC9jYWJpbmV0L3lrMS8yNTUwMDcyXzA5LmpwZyIgYWx0PSIiPjxicj4KPGltZyBzcmM9Imh0dHBzOi8vaW1hZ2UucmFrdXRlbi5jby5qcC9odW9uZXN0L2NhYmluZXQveWsxLzI1NTAwNzJfMTAuanBnIiBhbHQ9IiI+PGJyPgo8aW1nIHNyYz0iaHR0cHM6Ly9pbWFnZS5yYWt1dGVuLmNvLmpwL2h1b25lc3QvY2FiaW5ldC95azEvMjU1MDA3Ml8xMS5qcGciIGFsdD0iIj48YnI+CjxpbWcgc3JjPSJodHRwczovL2ltYWdlLnJha3V0ZW4uY28uanAvaHVvbmVzdC9jYWJpbmV0L3lrMS8yNTUwMDcyXzEyLmpwZyIgYWx0PSIiPjxicj4KPGJyPgo8YSBocmVmPSJodHRwczovL2l0ZW0ucmFrdXRlbi5jby5qcC9odW9uZXN0LzI1MDAyMzYvIj48aW1nIHNyYz0iaHR0cHM6Ly9pbWFnZS5yYWt1dGVuLmNvLmpwL2h1b25lc3QvY2FiaW5ldC95azEvMjU1MDA3Ml9saW5rMDEuanBnIiBib3JkZXI9IjAiID48L2E+PGEgaHJlZj0iaHR0cHM6Ly9pdGVtLnJha3V0ZW4uY28uanAvaHVvbmVzdC8yNTAwMjM3LyI+PGltZyBzcmM9Imh0dHBzOi8vaW1hZ2UucmFrdXRlbi5jby5qcC9odW9uZXN0L2NhYmluZXQveWsxLzI1NTAwNzJfbGluazAyLmpwZyIgYm9yZGVyPSIwIiA+PC9hPjxhIGhyZWY9Imh0dHBzOi8vaXRlbS5yYWt1dGVuLmNvLmpwL2h1b25lc3QvMjUwMDIzOC8iPjxpbWcgc3JjPSJodHRwczovL2ltYWdlLnJha3V0ZW4uY28uanAvaHVvbmVzdC9jYWJpbmV0L3lrMS8yNTUwMDcyX2xpbmswMy5qcGciIGJvcmRlcj0iMCIgPjwvYT48YnI+CjxhIGhyZWY9Imh0dHBzOi8vaXRlbS5yYWt1dGVuLmNvLmpwL2h1b25lc3QvMjU1MDA3Mi8iPjxpbWcgc3JjPSJodHRwczovL2ltYWdlLnJha3V0ZW4uY28uanAvaHVvbmVzdC9jYWJpbmV0L3lrMS8yNTUwMDcyX2xpbmswNC5qcGciIGJvcmRlcj0iMCIgPjwvYT48YSBocmVmPSJodHRwczovL2l0ZW0ucmFrdXRlbi5jby5qcC9odW9uZXN0LzI1NTAwNzMvIj48aW1nIHNyYz0iaHR0cHM6Ly9pbWFnZS5yYWt1dGVuLmNvLmpwL2h1b25lc3QvY2FiaW5ldC95azEvMjU1MDA3Ml9saW5rMDUuanBnIiBib3JkZXI9IjAiID48L2E+PHRhYmxlIHdpZHRoPSIxMDAlIiBib3JkZXI9IjAiIGNlbGxzcGFjaW5nPSIxIiBjZWxscGFkZGluZz0iOCIgY2xhc3M9Imlfa2FucmVuIj4KCjx0cj4KCjx0ZCBoZWlnaHQ9IjMzIiBjb2xzcGFuPSIyIiBjbGFzcz0iaV9pbmZvX3QiPjxiPjxmb250IGNvbG9yPSIjMzMzIj7jgqTjg7Pjg5Xjgqnjg6Hjg7zjgrfjg6fjg7Pjg7vms6jmhI/kuovpoIU8L2ZvbnQ+PC9iPiA8L3RkPgoKPC90cj48dHI+Cgo8dGg+6YCB5paZ44Gr44Gk44GE44GmPC90aD4KCjx0ZCBiZ2NvbG9yPSIjRkZGRkZGIj7igLvmspbnuITjgIHpm6Lls7bjg7vpgaDpmpTlnLDjgavplqLjgZfjgb7jgZfjgabjga/liKXpgJTpgIHmlpnjgYzjgYvjgYvjgorjgb7jgZnjgIIKPHAgY2xhc3M9ImRlbGl2X2ZlZV9ob2t1Ij7ljJfmtbfpgZPjgbjjga7phY3pgIHjga/liKXpgJTpgIHmlpnjgYzjgYvjgYvjgorjgb7jgZnjgII8YnI+5YyX5rW36YGT6YCB5paZ77ya44CQ5YyXNOOAkeOCv+OCpOODlzwvcD4KPC90ZD4KCgo8L3RyPjx0cj4KCjx0aD7msbrmuIjmlrnms5XjgavjgaTjgYTjgaY8L3RoPgoKPHRkIGJnY29sb3I9IiNGRkZGRkYiPumAmuW4uOaxuua4iO+8iOOBiuiyt+OBhOeJqeOCrOOCpOODieOAjOOBiuaUr+aJleOBhOaWueazleOBq+OBpOOBhOOBpuOAjeOCkuOBlOeiuuiqjeOBj+OBoOOBleOBhOOAggoKPGJyPgo8L3RkPgoKPC90cj48dHI+Cgo8dGg+6YWNIOmAgTwvdGg+Cgo8dGQgYmdjb2xvcj0iI0ZGRkZGRiI+PHAgc3R5bGU9ImNvbG9yOiNDQzAwMDA7Ij7njoTplqLlhYjjga7jgYrlsYrjgZHjgavjgarjgorjgb7jgZnjgILvvbTvvprvvo3vvp7vvbDvvoDjgarjgZfjga7vvo/vvp3vvbzvva7vvp3nrYnjgoTnjoTplqLjgYwy6ZqO44Gr44GC44KL562JPGJyPumFjemAgeWbsOmbo+OBquWgtOWQiOOAgeWIpemAlOiyu+eUqOOBjOaOm+OBi+OCiuOBvuOBmeOBruOBp+S6iOOCgeOBlOeiuuiqjeOCkuOBiumhmOOBhOiHtOOBl+OBvuOBmeOAgjxicj48YnI+4oC76YWN6YCB44GM5aSn5aSJ5re344G/5ZCI44GE44G+44GZ54K644CB44GT44Gh44KJ44Gu44GK5ZOB54mp44Gv5pel5pmC5oyH5a6a44GM6Ie044GX44GL44Gt44G+44GZ44CCPC9wPjwvdGQ+Cgo8L3RyPgoKPC90YWJsZT4KCgo8dGFibGUgd2lkdGg9IjEwMCUiIGJvcmRlcj0iMCIgY2VsbHNwYWNpbmc9IjEiIGNlbGxwYWRkaW5nPSI4IiBjbGFzcz0iaV9zcGVjIj4KCjx0cj4KCjx0ZCBjb2xzcGFuPSIyIiBiZ2NvbG9yPSIjRjNGM0YzIj48Yj48Zm9udCBjb2xvcj0iMzMzIj7oqbPntLDjg7vjgrnjg5rjg4Pjgq88L2ZvbnQ+PC9iPjwvdGQ+Cgo8L3RyPgoKPHRyPgoKPHRoPuWVhuWTgeWQjTwvdGg+Cgo8dGQgYmdjb2xvcj0iI0ZGRkZGRiI+PHA+44GK44GL44Gf44Gl44GR44GX44Gf44GP44Gq44KL44K344Oq44O844K6IOODj+ODs+OCrOODvOODqeODg+OCrzwvcD48L3RkPgoKPC90cj4KCjx0cj4KCjx0aD7llYblk4HoqqzmmI48L3RoPgoKPHRkIGJnY29sb3I9IiNGRkZGRkYiPjxwPuOBiuWtkOanmOOBjOalveOBl+OBv+OBquOBjOOCieOBiuOBi+OBn+OBpeOBkeOBp+OBjeOCi+OCreODg+OCuuWutuWFt+OBp+OBmeOAgjxicj4K44GT44Gu44OP44Oz44Ks44O844Op44OD44Kv44Gv44GK5a2Q5qeY44GM6Ieq55m655qE44Gr5rSL5pyN44KS6YG444KT44Gg44KK44CB44GK54mH5LuY44GR44Gn44GN44KL44KI44GG44Gr44Gq44KL44Gu44KS5omL5Yqp44GR44GX44G+44GZ44CCPGJyPgrkuIrnnYDjga/jgoLjgaHjgo3jgpPjgrrjg5zjg7PjgoTluL3lrZDjgarjganjgpLlj47ntI3jgafjgY3jgovjgrnjg5rjg7zjgrnjgoLlrozlgpnjgII8YnI+CuajmuOBq+OBr+Wwj+eJqeOChOOBiuOCguOBoeOCg+OCkumjvuOCjOOCi+OCueODmuODvOOCueOBjOOBguOCiuOBvuOBmeOAgjxicj4K44K/44Kk44OX44Gv55S344Gu5a2Q44K/44Kk44OX44Go5aWz44Gu5a2Q44K/44Kk44OX44Gu77yS56iu6aGe44GL44KJ44GK6YG444Gz6aCC44GR44G+44GZ44CCPGJyPgo8L3A+PC90ZD4KCjwvdHI+Cgo8dHI+Cgo8dGg+44K144Kk44K6PC90aD4KCjx0ZCBiZ2NvbG9yPSIjRkZGRkZGIj48cD7mnKzkvZPvvJrluYU1OS41w5flpaXooYw0NC41w5fpq5jjgZU4OS41Y208YnI+CuODkOODvOOCu+ODs+OCv+ODvOOBi+OCieW6leadvzrpq5jjgZU3NS4yPGJyPgrlpKnmnb/lhoXlr7g65bmFNTUuNsOX5aWl6KGMMTIuOWNtPGJyPgrlpaXooYzlhoXlr7jvvJo0MC44Y208YnI+Cjxicj4KCuiAkOiNt+mHjemHjy/lpKnmnb86NWtnICDjg4/jg7Pjgqzjg7zjg5Djg7w6MTBrZzxicj4K5ZWG5ZOB6YeN6YePLyjntIQpMTRrZzxicj4KPC9wPjwvdGQ+Cgo8L3RyPjx0cj4KCjx0aD7mnZAg6LOq44O75LuY5bGe5ZOBPC90aD4KCjx0ZCBiZ2NvbG9yPSIjRkZGRkZGIj4K44OX44Oq44Oz44OI57SZ5YyW57Kn57mK57at5p2/PGJyPgo8YnI+CuaKmOOCiue0meOAgei7ouWAkumYsuatouODkOODs+ODieS7mOWxngo8L3RkPgoKPC90cj4KCjx0cj4KCjx0aD7ntYQg56uLPC90aD4KCjx0ZCBiZ2NvbG9yPSIjRkZGRkZGIj7lrozmiJDlk4E8L3RkPgoKPC90cj4KCjx0cj4KCjx0aD7nlJ/nlKPlm708L3RoPgoKPHRkIGJnY29sb3I9IiNGRkZGRkYiPuaXpeacrDwvdGQ+Cgo8L3RyPgoKPHRyPgoKPHRoPuOBneOBruS7luODu+azqOaEj+S6i+mghTwvdGg+Cgo8dGQgYmdjb2xvcj0iI0ZGRkZGRiI+PHAgc3R5bGU9ImNvbG9yOiNDQzAwMDA7Ij4K44O744Oi44OL44K/44O844O744OH44Kj44K544OX44Os44Kk44Gr44KI44Gj44Gm44KC5YaZ44KK5pa544GM5aSJ44KK44G+44GZ44CC5LqI44KB44GU5LqG5om/44GP44Gg44GV44GE44CCPC9wPjwvdGQ+Cgo8L3RyPgoKPC90YWJsZT48c3R5bGUgdHlwZT0idGV4dC9jc3MiPgpAY2hhcnNldCAidXRmLTgiOwovKiBDU1MgRG9jdW1lbnQgKi8KCiNsZWZ0bmF2IGgzIHsKYmFja2dyb3VuZDogdXJsKGh0dHA6Ly93d3cucmFrdXRlbi5uZS5qcC9nb2xkL2h1b25lc3QvaW1hZ2VzL25hdl9pY29uMDEuZ2lmKSBuby1yZXBlYXQgMCA2cHg7CnBhZGRpbmc6MCAwIDIwcHggMzBweDsKZm9udC1zaXplOjIwcHg7CmZvbnQtd2VpZ2h0OmJvbGQ7CndpZHRoOjY4MHB4Cn0KCiNsZWZ0bmF2IGgzIHNwYW4gewpmb250LXNpemU6MTJweDsKY29sb3I6IzY2NjsKcGFkZGluZy1sZWZ0OjRweAp9CgoubGluZSB7CmJhY2tncm91bmQ6IHVybChodHRwOi8vd3d3LnJha3V0ZW4ubmUuanAvZ29sZC9odW9uZXN0L2ltYWdlcy9saW5lLmdpZikgcmVwZWF0LXggYm90dG9tIGxlZnQ7Cm1hcmdpbi1ib3R0b206MTBweDsKfQo8L3N0eWxlPgo8aGVhZD4KCjx0aXRsZT7lhbHpgJroqqzmmI7mloflpKc8L3RpdGxlPgo8L2hlYWQ+CgoKPGRpdiBjbGFzcz0ibGluZSI+CjxpbWcgc3JjPSJodHRwOi8vaW1hZ2UucmFrdXRlbi5jby5qcC9odW9uZXN0L2NhYmluZXQvMDM5NTMyMzAvaW1ncmMwMDY0NzA3ODMwLmpwZyIgd2lkdGg9Ijg0MCIgLz4KPGJyPjxicj4KPGgzPk5FVyBBUlJJVkFMPHNwYW4+5paw552A5ZWG5ZOBPC9zcGFuPjwvaDM+CjwvZGl2PgoKCgo8YnIgc3R5bGU9ImNsZWFyOmJvdGgiIC8+CgoKCgoKPC9odG1sPg==,44OP44Oz44Ks44O844Op44OD44KvIOWtkOS+myDlj47ntI0g5pel5pys6KO9IOWujOaIkOWTgSDmnKjoo70g5a2Q5L6b5pyNIOOBiueJh+S7mOOBkSDlubznqJrlnJIg5L+d6IKy5ZySIOWwj+WtpueUnyDlhaXlraYg5YWl5a2m56WdIOeUt+OBruWtkCDlpbPjga7lrZAg44Kt44OD44K6IOWtkOS+m+eUqCDjg6njg4Pjgq/jg4/jg7Pjgqzjg7wg5Zu955SjIOOBiuOBi+OBn+OBpeOBkeOBl+OBn+OBj+OBquOCi+OCt+ODquODvOOCuu+8mkhVT05FU1Q=,44OP44Oz44Ks44O844Op44OD44KvIOWtkOS+myDlj47ntI0g5pel5pys6KO9IOWujOaIkOWTgSDmnKjoo70g5a2Q5L6b5pyNIOOBiueJh+S7mOOBkSDlubznqJrlnJIg5L+d6IKy5ZySIOWwj+WtpueUnyDlhaXlraYg5YWl5a2m56WdIOeUt+OBruWtkCDlpbPjga7lrZAg44Kt44OD44K6IOWtkOS+m+eUqCDjg6njg4Pjgq/jg4/jg7Pjgqzjg7wg5Zu955SjIOOBiuOBi+OBn+OBpeOBkeOBl+OBn+OBj+OBquOCi+OCt+ODquODvOOCug==,5a2Q5L6b55SoIOODj+ODs+OCrOODvOODqeODg+OCryDlm73nlKMg5Y+O57SNIOacqOijvSDlrZDkvpvmnI0g44GK54mH5LuY44GRIOaXpeacrOijvSDjgILjg4/jg7Pjgqzjg7zjg6njg4Pjgq8g5a2Q5L6bIOWPjue0jSDml6XmnKzoo70g5a6M5oiQ5ZOBIOacqOijvSDlrZDkvpvmnI0g44GK54mH5LuY44GRIOW5vOeomuWckiDkv53ogrLlnJIg5bCP5a2m55SfIOWFpeWtpiDlhaXlrabnpZ0g55S344Gu5a2QIOWls+OBruWtkCDjgq3jg4Pjgrog5a2Q5L6b55SoIOODqeODg+OCr+ODj+ODs+OCrOODvCDlm73nlKMg44GK44GL44Gf44Gl44GR44GX44Gf44GP44Gq44KL44K344Oq44O844K6[rn]
30-32976,aHR0cDovL3RzaG9wLnIxMHMuanAvaHVvbmVzdC9jYWJpbmV0L3ltMDYvMTU4MDAyNDIuanBnP2ZpdGluPTcwMDo3MDA=,Nzk5Mi4wMDAw,,44Kk44Oz44OG44Oq44Ki44O75a+d5YW344O75Y+O57SNID4g5a2Q5L6b6YOo5bGL77yI44Kk44Oz44OG44Oq44Ki44O75a+d5YW344O744Kw44OD44K677yJID4g44OP44Oz44Ks44O844O744Od44O844Or,44Ob44Ov44Kk44OI5pyo55uuIOODj+ODs+OCrOODvOODqeODg+OCryDjgqLjgqTjg43vvIbjg6rjg44gaW5lIHJlbm8gaGFuZ2VyIHJhY2sg44Kz44O844OI44OP44Oz44Ks44O8IOajmuS7mOOBjSDmnKjoo70g44OP44Oz44Ks44O844Op44OD44KvIOOCs+ODvOODiOaOm+OBkSDmtIvmnI3mjpvjgZEg44Kz44O844OI44OP44Oz44Ks44O8IOajmuS7mOOBjSDjgYrjgZfjgoPjgow=,44Op44OD44Kv5LiL44Gr44Gv5Y+O57SN44K544Oa44O844K544GM44GC44KL44Kz44Oz44OR44Kv44OI44Gq44OP44Oz44Ks44O844Op44OD44Kv,PGRpdiBjbGFzcz0iaXBibG9jayI+CjxpbWcgc3JjPSJodHRwczovL2ltYWdlLnJha3V0ZW4uY28uanAvaHVvbmVzdC9jYWJpbmV0L3ltMDYvMTU4MDAyNDItMDEuanBnIiBhbHQ9IuODm+ODr+OCpOODiOacqOebriDjg4/jg7Pjgqzjg7zjg6njg4Pjgq8g44Ki44Kk44ON77yG44Oq44OOIj48YnI+CjxkaXYgc3R5bGU9Im1hcmdpbi10b3A6IDI1cHg7IGxpbmUtaGVpZ2h0OjE1MCU7Ij4KPHAgY2xhc3M9ImlwdHh0Ij4KPGltZyBzcmM9Imh0dHBzOi8vaW1hZ2UucmFrdXRlbi5jby5qcC9odW9uZXN0L2NhYmluZXQveW0wNi8xNTgwMDI0Mi0wMi5qcGciIGFsdD0i44OK44OB44Ol44Op44Or44Gq57Sg5p2Q5oSf44KS55Sf44GL44GX44Gf44Kz44Oz44OR44Kv44OI44K144Kk44K644Gu5Y+v5oSb44GE44OP44Oz44Ks44O844Op44OD44KvIiBhbGlnbj0icmlnaHQiPgo8c3BhbiBzdHlsZT0iZm9udC1zaXplOjIwcHg7IGNvbG9yOiM3OTcyNkM7IGZvbnQtd2VpZ2h0OmJvbGQ7Ij7jg4rjg4Hjg6Xjg6njg6vjgarntKDmnZDmhJ/jgpLnlJ/jgYvjgZfjgZ88YnI+CuOCs+ODs+ODkeOCr+ODiOOCteOCpOOCuuOBrjxicj4K5Y+v5oSb44GE44OP44Oz44Ks44O844Op44OD44Kv44Gn44GZ44CCPC9zcGFuPjxicj48YnI+CjxzcGFuIHN0eWxlPSJjb2xvcjojNDA0MDQwOyI+44GG44Gj44GZ44KJ44Go5rWu44GL44G25pyo55uu44GM44OK44OB44Ol44Op44Or44Gq57Sg5p2Q5oSf44KS5byV44GN56uL44Gm44Gm44GP44KM44KL44OP44Oz44Ks44O844Op44OD44Kv44Gn44GZ44CC5qiq5bmF44KC5aWl6KGM44GN44KC44K544Oq44Og44Gq44Gu44Gn572u44GP5aC05omA44KS6YG444Gw44Ga44CB5LiA5Lq65pqu44KJ44GX44Gu44GK6YOo5bGL44Gn44KC5rCX6Lu944Gr5L2/44GI44G+44GZ44CCCjxicj48YnI+CuODqeODg+OCr+OBruS4i+OBq+WPjue0jeOCueODmuODvOOCueOBjOOBguOCi+OBruOBp+ODkOODg+OCsOOChOWwj+eJqeOBqOa0i+acjeOCku+8keOBi+aJgOOBq+OBvuOBqOOCgeOBpue9ruOBkeOAgeWkluWHuuWJjeOBrua6luWCmeOCguODqeOCr+OBq+OBp+OBjeOBvuOBmeOAggo8YnI+PGJyPgrjgrfjg7Pjg5fjg6vjgarjg4fjgrbjgqTjg7Pjgarjga7jgafjgIHjganjgpPjgarjgYrpg6jlsYvjgavjgoLjgZfjgaPjgY/jgorjgajpprTmn5PjgpPjgafjgY/jgozjgb7jgZnjgIIKPC9zcGFuPjxiciBjbGVhcj0iYWxsIj4KPC9wPgo8L2Rpdj4KPHAgY2xhc3M9ImlwdHh0Ij4KPGltZyBzcmM9Imh0dHBzOi8vaW1hZ2UucmFrdXRlbi5jby5qcC9odW9uZXN0L2NhYmluZXQveW0wNi8xNTgwMDI0Mi0wMy5qcGciIGFsdD0iZGV0YWlsIiBzdHlsZT0ibWFyZ2luLXRvcDogMzBweDsiPjxicj4KPHNwYW4gc3R5bGU9ImNvbG9yOiM0MDQwNDA7Ij7jg4/jg7Pjgqzjg7zjg5Djg7zjgavjga/jgojjgY/nnYDjgovmtIvmnI3jgIHjg6njg4Pjgq/kuIvjga7lj47ntI3jgavjga/jg5Djg4PjgrDjgILmma7mrrXkvb/jgYTjga7mtIvmnI3jgarjganjgpLvvJHjgYvmiYDjgavjgb7jgajjgoHjgabnva7jgYTjgabjgYrjgZHjgovkvr/liKnjgarjg4/jg7Pjgqzjg7zjg6njg4Pjgq/jgafjgZnjgILlj47ntI3pg6jjga/jgZnjga7jgZPnirbjgavjgarjgaPjgabjgYTjgovjga7jgafjgIHpgJrmsJfmgKfjgYzoia/jgY/jg5vjgrPjg6rjgYzjgZ/jgb7jgorjgavjgY/jgYTjga7jgafmr47ml6Xjga7jgYrmiYvlhaXjgozjgoLnsKHljZjjgavjgafjgY3jgb7jgZnjgII8L3NwYW4+PGJyPgo8L3A+CjxpbWcgc3JjPSJodHRwczovL2ltYWdlLnJha3V0ZW4uY28uanAvaHVvbmVzdC9jYWJpbmV0L3ltMDYvMTU4MDAyNDItMDQuanBnIiBhbHQ9InNpemUiIHN0eWxlPSJtYXJnaW4tdG9wOiAzMHB4OyI+CjwvZGl2Pgo8aDQgY2xhc3M9ImlwY29weSI+6Zai6YCj5ZWG5ZOBPC9oND4KCjx0YWJsZSB3aWR0aD0iMTAwJSIgYm9yZGVyPSIwIiBjZWxsc3BhY2luZz0iMSIgY2VsbHBhZGRpbmc9IjgiIGNsYXNzPSJpX3Zhcl9ib3giPgo8dGJvZHk+Cjx0cj4KPHRoIGNvbHNwYW49IjQiPnJlYXNvbijjg6rjg7zjgrrjg7Mp44K344Oq44O844K6PC90aD4KPC90cj4KPHRyIGFsaWduPSJjZW50ZXIiPgo8dGQ+PGEgaHJlZj0iaHR0cHM6Ly9pdGVtLnJha3V0ZW4uY28uanAvaHVvbmVzdC8xNTgwMDI0MC8iPjxpbWcgc3JjPSJodHRwczovL2ltYWdlLnJha3V0ZW4uY28uanAvaHVvbmVzdC9jYWJpbmV0L3ltMDYvMTU4MDAyNDBfbGluazAxLmpwZyIgYWx0PSLjg4HjgqfjgqIiPjxicj7jg4HjgqfjgqI8L2E+PC90ZD4KPHRkPjxhIGhyZWY9Imh0dHBzOi8vaXRlbS5yYWt1dGVuLmNvLmpwL2h1b25lc3QvMTU4MDAyNDEvIj48aW1nIHNyYz0iaHR0cHM6Ly9pbWFnZS5yYWt1dGVuLmNvLmpwL2h1b25lc3QvY2FiaW5ldC95bTA2LzE1ODAwMjQwX2xpbmswMi5qcGciIGFsdD0i44OJ44Os44OD44K144O877yG44K544OE44O844OrIj48YnI+44OJ44Os44OD44K144O877yG44K544OE44O844OrPC9hPjwvdGQ+Cjx0ZD48YSBocmVmPSJodHRwczovL2l0ZW0ucmFrdXRlbi5jby5qcC9odW9uZXN0LzE1ODAwMjQyLyI+PGltZyBzcmM9Imh0dHBzOi8vaW1hZ2UucmFrdXRlbi5jby5qcC9odW9uZXN0L2NhYmluZXQveW0wNi8xNTgwMDI0MF9saW5rMDMuanBnIiBhbHQ9IuODj+ODs+OCrOODvOODqeODg+OCryI+PGJyPuODj+ODs+OCrOODvOODqeODg+OCrzwvYT48L3RkPgo8dGQ+PGEgaHJlZj0iaHR0cHM6Ly9pdGVtLnJha3V0ZW4uY28uanAvaHVvbmVzdC8xNTgwMDI0My8iPjxpbWcgc3JjPSJodHRwczovL2ltYWdlLnJha3V0ZW4uY28uanAvaHVvbmVzdC9jYWJpbmV0L3ltMDYvMTU4MDAyNDBfbGluazA0LmpwZyIgYWx0PSLjg6njg4Pjgq805q61Ij48YnI+44Op44OD44KvNOautTwvYT48L3RkPgo8L3RyPgo8dHIgYWxpZ249ImNlbnRlciI+Cjx0ZD48YSBocmVmPSJodHRwczovL2l0ZW0ucmFrdXRlbi5jby5qcC9odW9uZXN0LzE1ODAwMjQ0LyI+PGltZyBzcmM9Imh0dHBzOi8vaW1hZ2UucmFrdXRlbi5jby5qcC9odW9uZXN0L2NhYmluZXQveW0wNi8xNTgwMDI0MF9saW5rMDUuanBnIiBhbHQ9IuODqeOCpOODhuOCo+ODs+OCsOODh+OCueOCryI+PGJyPuODqeOCpOODhuOCo+ODs+OCsOODh+OCueOCrzwvYT48L3RkPgo8dGQ+Jm5ic3A7PC90ZD4KPHRkPiZuYnNwOzwvdGQ+Cjx0ZD4mbmJzcDs8L3RkPgo8L3RyPgo8L3Rib2R5Pgo8L3RhYmxlPgo8YnIgc3R5bGU9ImNsZWFyOmJvdGgiPgo8dGFibGUgd2lkdGg9IjEwMCUiIGJvcmRlcj0iMCIgY2VsbHNwYWNpbmc9IjEiIGNlbGxwYWRkaW5nPSI4IiBjbGFzcz0iaV9pbmZvIj4KPHRyPgo8dGQgY29sc3Bhbj0iMiIgY2xhc3M9ImlfaW5mb190Ij4KPGI+PGZvbnQgY29sb3I9IiMzMzMzMzMiPuOCpOODs+ODleOCqeODoeODvOOCt+ODp+ODs+ODu+azqOaEj+S6i+mghTwvZm9udD48L2I+CjwvdGQ+CjwvdHI+Cjx0aD7pgIHmlpnjgavjgaTjgYTjgaY8L3RoPgo8dGQgY2xhc3M9ImlhdHRuc29yeW8iIGJnY29sb3I9IiNGRkZGRkYiPumAgeaWmeeEoeaWmTwvdGQ+CjwvdHI+Cjx0aD7msbrmuIjmlrnms5XjgavjgaTjgYTjgaY8L3RoPgo8dGQgYmdjb2xvcj0iI0ZGRkZGRiIgY2xhc3M9ImlhdHRucGV5Ij7pgJrluLjmsbrmuIjvvIjjgYrosrfjgYTnianjgqzjgqTjg4njgIzjgYrmlK/miZXjgYTmlrnms5XjgavjgaTjgYTjgabjgI3jgpLjgZTnorroqo3jgY/jgaDjgZXjgYTjgII8L3RkPgo8L3RyPgo8dGg+6YWNIOmAgTwvdGg+Cjx0ZCBjbGFzcz0iaWF0dG5kZWxpIiBiZ2NvbG9yPSIjRkZGRkZGIj4KPHAgc3R5bGU9ImZvbnQtc2l6ZTogMTJweDsgY29sb3I6I0NDMDAwMDsiPuKAu+aZgumWk+aMh+WumuOBrzHkvr/vvIg5LTE05pmC77yJ44CBMuS+v++8iDEyLTE45pmC77yJ44CB57WC5pel5L6/77yIOS0xOOaZgu+8ieOBruOBv+OBqOOBquOCiuOBvuOBmeOAgjxicj4K4oC75Zyw5Z+f44Gr44KI44Gj44Gm6YWN6YCB44Gu5puc5pel44GM6ZmQ5a6a44GV44KM44KL5aC05ZCI44KE44CB5pmC6ZaT5oyH5a6a44GM5om/44KM44Gq44GE5aC05ZCI44GM44GU44GW44GE44G+44GZ44CCPGJyPgrigLvmspbnuITjgIHpm6Lls7bjg7vpgaDpmpTlnLDjgavplqLjgZfjgb7jgZfjgabjga/liKXpgJTpgIHmlpnjgYzjgYvjgYvjgorjgb7jgZnjgII8L3A+PC90ZD4KPC90cj4KCjwvdGFibGU+CgoKPHRhYmxlIHdpZHRoPSIxMDAlIiBib3JkZXI9IjAiIGNlbGxzcGFjaW5nPSIxIiBjZWxscGFkZGluZz0iOCIgY2xhc3M9Imlfa2FucmVuIj48dHI+PHRkIGNvbHNwYW49IjIiIGJnY29sb3I9IiNGM0YzRjMiPgo8Yj48Zm9udCBjb2xvcj0iIzMzMzMzMyI+6Zai6YCj5ZWG5ZOBPC9mb250PjwvYj4KPC90ZD48L3RyPgo8dGg+cmVhc29uKOODquODvOOCuuODsynjgrfjg6rjg7zjgrrplqLpgKM8L3RoPgo8dGQgY2xhc3M9Iml2YWwiIGJnY29sb3I9IiNGRkZGRkYiPgo8cD4K44OB44Kn44KiPGJyPgrjgrnjg4Tjg7zjg6vku5jjg4njg6zjg4PjgrXjg7w8YnI+CuODj+ODs+OCrOODvOODqeODg+OCrzxicj4K44Op44OD44KvNOautTxicj4K44Op44Kk44OG44Kj44Oz44Kw44OH44K544KvPGJyPgo8L3A+CjwvdGQ+CjwvdHI+CjwvdGFibGU+Cgo8dGFibGUgd2lkdGg9IjEwMCUiIGJvcmRlcj0iMCIgY2VsbHNwYWNpbmc9IjEiIGNlbGxwYWRkaW5nPSI4IiBjbGFzcz0iaV9zcGVjIj48dHI+PHRkIGNvbHNwYW49IjIiIGJnY29sb3I9IiNGM0YzRjMiPgo8Yj48Zm9udCBjb2xvcj0iIzMzMzMzMyI+6Kmz57Sw44O744K544Oa44OD44KvPC9mb250PjwvYj48L3RkPjwvdHI+Cjx0cj4KPHRoPuWVhuWTgeiqrOaYjjwvdGg+Cjx0ZCBjbGFzcz0iaWV4cGxhbmF0aW9uIiBiZ2NvbG9yPSIjRkZGRkZGIj4KPHA+44OK44OB44Ol44Op44Or44Gq57Sg5p2Q5oSf44KS55Sf44GL44GX44Gf44Kz44Oz44OR44Kv44OI44K144Kk44K644Gu44OP44Oz44Ks44O844Op44OD44Kv44CC44Op44OD44Kv44Gu5LiL44Gr44Gv5Y+O57SN44K544Oa44O844K544CCPC9wPgo8L3RkPgo8L3RyPgoKPHRyPgo8dGg+44K144Kk44K6PC90aD4KPHRkIGNsYXNzPSJpc2l6ZSIgYmdjb2xvcj0iI0ZGRkZGRiI+CjxwPijntIQp5bmFNDjDl+WlpeihjDQ1w5fpq5jjgZUxNTBjbTxicj4K6YeN6YePKOe0hCnvvJo3LjVrZzxicj4KPC9wPgo8L3RkPgo8L3RyPgoKPHRyPgo8dGg+5p2QIOizqjwvdGg+Cjx0ZCBjbGFzcz0iaW1hdGVyaWFsIiBiZ2NvbG9yPSIjRkZGRkZGIj4K5aSp54S25pyoKOODqeODkOODvOOCpuODg+ODieadkCnjgIHjg6njg4Pjgqvjg7zloZfoo4UKPC90ZD4KPC90cj4KCjx0cj4KPHRoPue1hCDnq4s8L3RoPgo8dGQgY2xhc3M9ImlrdW1pdGF0ZSIgYmdjb2xvcj0iI0ZGRkZGRiI+Cue1hOeri+WTgSjlpKfkurox5ZCN77ya57SEMTXliIYpCjwvdGQ+CjwvdHI+Cgo8dHI+Cjx0aD7nlJ/nlKPlm708L3RoPgo8dGQgY2xhc3M9Imljb3VudHJ5IiBiZ2NvbG9yPSIjRkZGRkZGIj4K44OZ44OI44OK44OgCjwvdGQ+CjwvdHI+Cgo8dHI+Cjx0aD7jgZ3jga7ku5bjg7vms6jmhI/kuovpoIU8L3RoPgo8dGQgY2xhc3M9ImlhdHRudHh0IiBiZ2NvbG9yPSIjRkZGRkZGIj4K44K544Oa44O844K544Gr5L2Z6KOV44GM44Gq44GE5LiA5Lq65pqu44KJ44GX44Gu44GK6YOo5bGL44Gr572u44GE44Gm44KC5Y+O44G+44KK44Gu6Imv44GE44Kz44Oz44OR44Kv44OI44K144Kk44K644CCPGJyPgo8YnI+CuiAkOiNt+mHjSjntIQp77ya44OQ44O8NWtn44CB5bqV5p2/NWtnPGJyPgo8L3RkPgo8L3RyPgo8L3RhYmxlPjxzdHlsZSB0eXBlPSJ0ZXh0L2NzcyI+CkBjaGFyc2V0ICJ1dGYtOCI7Ci8qIENTUyBEb2N1bWVudCAqLwoKPC9zdHlsZT4KPGhlYWQ+Cgo8dGl0bGU+5YWx6YCa6Kqs5piO5paH5aSnPC90aXRsZT4KPGxpbmsgcmVsPSJzdHlsZXNoZWV0IiBocmVmPSJodHRwOi8vd3d3LnJha3V0ZW4ubmUuanAvZ29sZC9odW9uZXN0L2Nzcy9zdHlsZS5jc3MiIC8+CjwvaGVhZD4KCgoKPGRpdiBjbGFzcz0ibGluZSI+CjxoMz5ORVcgQVJSSVZBTDxzcGFuPuaWsOedgOWVhuWTgTwvc3Bhbj48L2gzPgo8L2Rpdj4KCgoKPGJyIHN0eWxlPSJjbGVhcjpib3RoIiAvPgoKCgoKPC9odG1sPg==,44Ob44Ov44Kk44OI5pyo55uuIOODj+ODs+OCrOODvOODqeODg+OCryDjgqLjgqTjg43vvIbjg6rjg44gaW5lIHJlbm8gaGFuZ2VyIHJhY2sg44Kz44O844OI44OP44Oz44Ks44O8IOajmuS7mOOBjSDmnKjoo70g44OP44Oz44Ks44O844Op44OD44KvIOOCs+ODvOODiOaOm+OBkSDmtIvmnI3mjpvjgZEg44Kz44O844OI44OP44Oz44Ks44O8IOajmuS7mOOBjSDjgYrjgZfjgoPjgozvvJpIVU9ORVNU,44Ob44Ov44Kk44OI5pyo55uuIOODj+ODs+OCrOODvOODqeODg+OCryDjgqLjgqTjg43vvIbjg6rjg44gaW5lIHJlbm8gaGFuZ2VyIHJhY2sg44Kz44O844OI44OP44Oz44Ks44O8IOajmuS7mOOBjSDmnKjoo70g44OP44Oz44Ks44O844Op44OD44KvIOOCs+ODvOODiOaOm+OBkSDmtIvmnI3mjpvjgZEg44Kz44O844OI44OP44Oz44Ks44O8IOajmuS7mOOBjSDjgYrjgZfjgoPjgow=,44Op44OD44Kv5LiL44Gr44Gv5Y+O57SN44K544Oa44O844K544GM44GC44KL44Kz44Oz44OR44Kv44OI44Gq44OP44Oz44Ks44O844Op44OD44Kv44CC44Ob44Ov44Kk44OI5pyo55uuIOODj+ODs+OCrOODvOODqeODg+OCryDjgqLjgqTjg43vvIbjg6rjg44gaW5lIHJlbm8gaGFuZ2VyIHJhY2sg44Kz44O844OI44OP44Oz44Ks44O8IOajmuS7mOOBjSDmnKjoo70g44OP44Oz44Ks44O844Op44OD44KvIOOCs+ODvOODiOaOm+OBkSDmtIvmnI3mjpvjgZEg44Kz44O844OI44OP44Oz44Ks44O8IOajmuS7mOOBjSDjgYrjgZfjgoPjgow=[rn]
30-32977,aHR0cDovL3RzaG9wLnIxMHMuanAvdG9reW9mYW5pY3lhL2NhYmluZXQvMDMwMTE2NjUvaW1ncmMwMDYxNDg4ODU3LmpwZz9maXRpbj03MDA6NzAw,MTk4NC4wMDAw,,44Kk44Oz44OG44Oq44Ki44O75a+d5YW344O75Y+O57SNID4g5a2Q5L6b6YOo5bGL77yI44Kk44Oz44OG44Oq44Ki44O75a+d5YW344O744Kw44OD44K677yJID4g44OP44Oz44Ks44O844O744Od44O844Or,44Kt44OD44K6IOODj+ODs+OCrOODvCDjgrjjg6Xjg4vjgqLjg4/jg7Pjgqzjg7zjgq3jg4Pjgrrjg53jg7zjg6vjg4/jg7Pjgqzjg7wg44K444Ol44OL44Ki44Od44O844Or44OP44Oz44Ks44O85a2Q5L6b6YOo5bGLIOWtkOOBqeOCgumDqOWxiyDjgq3jg4Pjgrrjg6vjg7zjg6Ag44GL44Gw44KT5o6b44GRIOW4veWtkOaOm+OBkQ==,5YWl5a2m5rqW5YKZIOW4veWtkOaOm+OBkSDmiYvmj5DjgZLjgYvjgbDjgpPjgYvjgZHjgavkvr/liKk=,PHRhYmxlIGJvcmRlcj0iMCI+CiAgPHRib2R5PgogICAgPHRyPgogICAgICA8dGQ+PGltZyBzcmM9Imh0dHA6Ly9pbWFnZS5yYWt1dGVuLmNvLmpwL3Rva3lvZmFuaWN5YS9jYWJpbmV0LzAzMDExNjY1L2ltZ3JjMDA2MTQ4ODg2MC5qcGciIHdpZHRoPSI2NjIiIGhlaWdodD0iNDYxIiBib3JkZXI9IjAiPjwvdGQ+CiAgICA8L3RyPgogICAgPHRyPgogICAgICA8dGQ+PGltZyBzcmM9Imh0dHA6Ly9pbWFnZS5yYWt1dGVuLmNvLmpwL3Rva3lvZmFuaWN5YS9jYWJpbmV0LzAzMDExNjY1L2ltZ3JjMDA2MTQ4ODg1Ny5qcGciIHdpZHRoPSI2NDUiIGhlaWdodD0iNjQ1IiBib3JkZXI9IjAiPjwvdGQ+CiAgICA8L3RyPgogICAgPHRyPgogICAgICA8dGQ+PGltZyBzcmM9Imh0dHA6Ly9pbWFnZS5yYWt1dGVuLmNvLmpwL3Rva3lvZmFuaWN5YS9jYWJpbmV0LzAzMDExNjY1L2ltZ3JjMDA2MTQ4ODg1OC5qcGciIHdpZHRoPSI2NDUiIGhlaWdodD0iNjQ1IiBib3JkZXI9IjAiPjwvdGQ+CiAgICA8L3RyPgogIDwvdGJvZHk+CjwvdGFibGU+CuS4iuS4i+ODleODg+OCr+OBr+Wbnui7ouOBl+OBvuOBmeOAgjxicj4K44GK5a6i5qeY57WE56uL5ZWG5ZOBPGJyPgo8dGFibGUgYm9yZGVyPSIwIiB3aWR0aD0iMTAwJSI+CiAgPHRib2R5PgogICAgPHRyPgogICAgICA8dGQ+PGEgaHJlZj0iaHR0cDovL2l0ZW0ucmFrdXRlbi5jby5qcC90b2t5b2ZhbmljeWEvMTAwMDA2MTEvIj48aW1nIHNyYz0iaHR0cDovL2ltYWdlLnJha3V0ZW4uY28uanAvdG9reW9mYW5pY3lhL2NhYmluZXQvMDI0ODUyMjgva2EtcGV0dG8tNS5qcGciIHdpZHRoPSIyMDAiIGhlaWdodD0iMjAwIj48L2E+PC90ZD4KICAgICAgPHRkPjxhIGhyZWY9Imh0dHA6Ly9pdGVtLnJha3V0ZW4uY28uanAvdG9reW9mYW5pY3lhL210a3kyMjgvIj48aW1nIHNyYz0iaHR0cDovL2ltYWdlLnJha3V0ZW4uY28uanAvdG9reW9mYW5pY3lhL2NhYmluZXQvMDIyOTg0OTgvaW1ncmMwMDY2NzQ3NTc1LmpwZyIgd2lkdGg9IjIwMCIgaGVpZ2h0PSIyMDAiPjwvYT48L3RkPgogICAgICA8dGQ+PGEgaHJlZj0iaHR0cDovL2l0ZW0ucmFrdXRlbi5jby5qcC90b2t5b2ZhbmljeWEvMTAwMDA2MTMvIj48aW1nIHNyYz0iaHR0cDovL3RodW1ibmFpbC5pbWFnZS5yYWt1dGVuLmNvLmpwL0AwX21hbGwvdG9reW9mYW5pY3lhL2NhYmluZXQvbXlyb29tL2ltZzU5MDAyMTM1LmpwZyIgaGVpZ2h0PSIyMDAiPjwvYT48L3RkPgogICAgICA8dGQ+PGEgaHJlZj0iaHR0cDovL2l0ZW0ucmFrdXRlbi5jby5qcC90b2t5b2ZhbmljeWEvbXRreS0xMTAtMDIvIj48aW1nIHNyYz0iaHR0cDovL2ltYWdlLnJha3V0ZW4uY28uanAvdG9reW9mYW5pY3lhL2NhYmluZXQvMDIyOTg0OTgvaW1ncmMwMDY2NzQ2NDc3LmpwZyIgd2lkdGg9IjIwMCI+PC9hPjwvdGQ+CiAgICAgIDx0ZD48YSBocmVmPSJodHRwOi8vaXRlbS5yYWt1dGVuLmNvLmpwL3Rva3lvZmFuaWN5YS9taW50LyI+PGltZyBzcmM9Imh0dHA6Ly9pbWFnZS5yYWt1dGVuLmNvLmpwL3Rva3lvZmFuaWN5YS9jYWJpbmV0LzAyNDg1MjI4L21pbnQtMS5qcGciIHdpZHRoPSIyMDAiPjwvYT48L3RkPgogICAgPC90cj4KICAgIDx0ciBhbGlnaW49ImNlbnRlciI+CiAgICAgIDx0ZCBhbGlnaW49ImNlbnRlciI+44OH44K544Kv44Kr44O844Oa44OD44OIPC90ZD4KICAgICAgPHRkIGFsaWdpbj0iY2VudGVyIj7jgrnjg57jg7zjg4hQQ+ODh+OCueOCrzwvdGQ+CiAgICAgIDx0ZCBhbGlnaW49ImNlbnRlciI+44OH44K544Kv44Oe44OD44OI5Zyw5ZuzPC90ZD4KICAgICAgPHRkIGFsaWdpbj0iY2VudGVyIj7jgqvjgrnjgr/jg57jgqTjgrrmo5rku5jjgY3jg4fjgrnjgq88L3RkPgogICAgICA8dGQgYWxpZ2luPSJjZW50ZXIiPuWtpue/kuakheWtkOODn+ODs+ODiDwvdGQ+CiAgICA8L3RyPgogIDwvdGJvZHk+CjwvdGFibGU+CgoKPGJyPuOCreODg+OCuiDjg53jg7zjg6vjg4/jg7Pjgqzjg7xDSC0xMgo8YnI+44K144Kk44K677ya5bmF77yU77yQ772Y5aWl6KGM77yU77yQ772Y6auY44GV77yR77yS77yS772D772NCjxicj7mnZDjgIDos6rvvJrjg6njg5Djg7zjgqbjg4Pjg4nvvIjloZfoo4XvvIkKPGJyPuS4iuS4i+OBruODleODg+OCr+OBr+Wbnui7ouW8j+OBp+S+v+WIqe+8gQo8YnI+4oC744GK5a6i5qeY57WE56uL5ZWG5ZOBPGJyPgo8YnI+5rKW57iE44O75YyX5rW36YGT44O76Zui5bO244Gv44CB5Yil6YCU6YCB5paZ44GM5o6b44GL44KK44G+44GZ44CCCjxicj7lrZDkvpvpg6jlsYvjgavmnIDpganjgq3jg4Pjgrrjg4/jg7Pjgqzjg7wKPGJyPuW4veWtkOaOm+OBkeODu+aJi+aPkOOBkumehOaOm+OBkeOBq+acgOmBqSDjgq3jg4Pjgrrjg4/jg7Pjgqzjg7w8c3R5bGUgdHlwZT0idGV4dC9jc3MiPgoKLyog44GK5rCX44Gr5YWl44KK5ZWG5ZOB5beu44GX5pu/44GI44K/44KwICovCiNyYWt1dGVuTGltaXRlZElkX2Fyb3VuZENhcnQgI3NlcnZpY2VUYWJsZVNtbCB0ZC5mYXZvcml0ZSB7CnBhZGRpbmctdG9wOiA1cHg7Cn0KI3Jha3V0ZW5MaW1pdGVkSWRfYXJvdW5kQ2FydCBkaXYuYm9va21hcmtBcmVhIGRpdi5ia20gewp3aWR0aDozMDBweCAhaW1wb3J0YW50OwpoZWlnaHQ6NzhweCAhaW1wb3J0YW50OwpwYWRkaW5nOiAwcHggMHB4IDEwcHggMHB4ICFpbXBvcnRhbnQ7Cn0KI3Jha3V0ZW5MaW1pdGVkSWRfYXJvdW5kQ2FydCBkaXYuYm9va21hcmtBcmVhIGRpdi5ia20gYS5hZGRCa20gewp3aWR0aDozMDBweCAhaW1wb3J0YW50OwpoZWlnaHQ6NzhweCAhaW1wb3J0YW50Owp9CiNyYWt1dGVuTGltaXRlZElkX2Fyb3VuZENhcnQgZGl2LmJvb2ttYXJrQXJlYSBkaXYuYmttIGEuYWRkQmttIHNwYW4uYmttU3RhciB7CmRpc3BsYXk6IGlubGluZS1ibG9jayAhaW1wb3J0YW50Owp3aWR0aDozMDBweCAhaW1wb3J0YW50OwpoZWlnaHQ6NzhweCAhaW1wb3J0YW50OwptYXJnaW46MHB4IDBweCAxMHB4IDBweCAhaW1wb3J0YW50OwpiYWNrZ3JvdW5kOiB1cmwoImh0dHA6Ly9pbWFnZS5yYWt1dGVuLmNvLmpwL3Rva3lvZmFuaWN5YS9jYWJpbmV0L2ltYWdlMjIuZ2lmIikgbm8tcmVwZWF0ICFpbXBvcnRhbnQ7Cn0KCi8qIOOBiuawl+OBq+WFpeOCiuOCt+ODp+ODg+ODl+W3ruOBl+abv+OBiOOCv+OCsCAqLwpkaXYuYm9va21hcmtBcmVhIHsKd2lkdGg6MzAwcHggIWltcG9ydGFudDsKfQojcmFrdXRlbkxpbWl0ZWRJZF9hcm91bmRDYXJ0IGRpdi5zaG9wQm9va21hcmtBcmVhIGRpdi5zaG9wQmttIHsKd2lkdGg6MzAwcHggIWltcG9ydGFudDsKaGVpZ2h0OjE0NnB4ICFpbXBvcnRhbnQ7CnBhZGRpbmc6IDBweCAwcHggIWltcG9ydGFudDsKcGFkZGluZy1sZWZ0OiAwcHggIWltcG9ydGFudDsKfQojcmFrdXRlbkxpbWl0ZWRJZF9hcm91bmRDYXJ0IGRpdi5zaG9wQm9va21hcmtBcmVhIGRpdi5zaG9wQmttIGEuYWRkU2hvcEJrbSBzcGFuLnNob3BCa21TdGFyIHsKZGlzcGxheTogaW5saW5lLWJsb2NrICFpbXBvcnRhbnQ7CndpZHRoOjMwMHB4ICFpbXBvcnRhbnQ7CmhlaWdodDoyMDBweCAhaW1wb3J0YW50OwptYXJnaW4tcmlnaHQ6IDBweCAhaW1wb3J0YW50OwpiYWNrZ3JvdW5kOiB1cmwoImh0dHA6Ly9pbWFnZS5yYWt1dGVuLmNvLmpwL3Rva3lvZmFuaWN5YS9jYWJpbmV0L2ltYWdlMjQuZ2lmIikgbm8tcmVwZWF0ICFpbXBvcnRhbnQ7Cn0KPC9zdHlsZT4=,44Kt44OD44K6IOODj+ODs+OCrOODvCDjgrjjg6Xjg4vjgqLjg4/jg7Pjgqzjg7zjgq3jg4Pjgrrjg53jg7zjg6vjg4/jg7Pjgqzjg7wg44K444Ol44OL44Ki44Od44O844Or44OP44Oz44Ks44O85a2Q5L6b6YOo5bGLIOWtkOOBqeOCgumDqOWxiyDjgq3jg4Pjgrrjg6vjg7zjg6Ag44GL44Gw44KT5o6b44GRIOW4veWtkOaOm+OBke+8muadseS6rOODleOCoeODi+ODgeODo+ODvA==,44OA44Kk44OL44Oz44Kw44OB44Kn44Ki6IKY5LuY5LuL6K23IOakheWtkOODgOOCpOODi+ODs+OCsOODgeOCp+OCouS7i+itt+OAgOOCpOOCueODj+ODs+OCrOODvOODqeODg+OCryAg44Kr44OQ44O85LuY44Kr44OQ44O85LuYIOODj+ODs+OCrOODvOODqeODg+OCr+ODj+ODs+OCrOODvOODqeODg+OCr+OCouOCpOOCouODs+ODkOODqeODs+OCueODgeOCp+OCouOCreODg+OCuuODgeOCp+OCouWtkOS+m+mDqOWxi+WtkOS+m+akheWtkOWtkOS+m+OCpOOCueWtpue/kuakheWtkOOCouOCpuODiOODrOODg+ODiOWnq+ezu+ODluODquODs+OCu+OCueODmeODg+ODiOOCteODneODvOODiOS7i+itt+aWveioreeri+OBoeS4iuOBjOOCiualveOAheODl+OCpOODs+OCu+OCueOCreODg+OCuiDjg4/jg7Pjgqzjg7wg44K444Ol44OL44Ki44OP44Oz44Ks44O844Kt44OD44K644Od44O844Or44OP44Oz44Ks44O8IOOCuOODpeODi+OCouODneODvOODq+ODj+ODs+OCrOODvOWtkOS+m+mDqOWxiyDlrZDjganjgoLpg6jlsYsg44Kt44OD44K644Or44O844OgIOOBi+OBsOOCk+aOm+OBkSDluL3lrZDmjpvjgZE=,5YWl5a2m5rqW5YKZIOW4veWtkOaOm+OBkSDmiYvmj5DjgZLjgYvjgbDjgpPjgYvjgZHjgavkvr/liKnjgILjgq3jg4Pjgrog44OP44Oz44Ks44O8IOOCuOODpeODi+OCouODj+ODs+OCrOODvOOCreODg+OCuuODneODvOODq+ODj+ODs+OCrOODvCDjgrjjg6Xjg4vjgqLjg53jg7zjg6vjg4/jg7Pjgqzjg7zlrZDkvpvpg6jlsYsg5a2Q44Gp44KC6YOo5bGLIOOCreODg+OCuuODq+ODvOODoCDjgYvjgbDjgpPmjpvjgZEg5bi95a2Q5o6b44GR[rn]
30-32978,aHR0cDovL3RzaG9wLnIxMHMuanAva2Vua29jb20vY2FiaW5ldC9lMTgwNi9lMTgwNjIyaF9sLmpwZz9maXRpbj03MDA6NzAw,NzY4LjAwMDA=,,44Kk44Oz44OG44Oq44Ki44O75a+d5YW344O75Y+O57SNID4g5a2Q5L6b6YOo5bGL77yI44Kk44Oz44OG44Oq44Ki44O75a+d5YW344O744Kw44OD44K677yJID4g44OP44Oz44Ks44O844O744Od44O844Or,44OB44Kn44Or44Kt44Kq44OP44Oz44Ks44O8IDVQW+ODj+ODs+OCrOODvF0=,5a+M5aOr5ZWGL+eojuaKnDE5MDDlhobku6XkuIrpgIHmlpnnhKHmlpk=,PGJyPjxkaXYgY2xhc3M9InJldmlld0JuciI+PGRpdj48Zm9udCBzaXplID0gMz48c3BhbiBzdHlsZT0ibGluZS1oZWlnaHQ6MTMwJSI+44GT44Gh44KJ44Gu5ZWG5ZOBPC9zcGFuPuS4gOeVquS5l+OCiuOCreODo+ODs+ODmuODvOODs+WvvuixoeWVhuWTge+8ge+8gTxicj48c3BhbiBzdHlsZT0ibGluZS1oZWlnaHQ6MTMwJSI+44GT44Gu5ZWG5ZOB44GuPHNwYW4+5ZWG5ZOB44Os44OT44Ol44O844KSPHN0cm9uZz4x55Wq44GrPC9zdHJvbmc+5oqV56i/44GX44Gm6aCC44GE44Gf5pa5PC9zcGFuPuOBqzwvc3Bhbj48YnI+IDxzdHJvbmc+MzAw5YaGT0ZG44Kv44O844Od44OzPC9zdHJvbmc+44KS44OX44Os44K844Oz44OI77yBPGJyPjwvZGl2PjwvZGl2PuKAu+ODu+ODrOODk+ODpeODvOaKleeov+aZguOBq+OCt+ODp+ODg+ODl+OBuOazqOaWh+eVquWPt+OCkuefpeOCieOBm+OCi+OAguOBruODgeOCp+ODg+OCr+OCkuWFpeOCjOOBpuOBj+OBoOOBleOBhOOAgjxicj7jg7vlvozml6Xjg6Hjg7zjg6vjgavjgabjgq/jg7zjg53jg7NVUkzjgpLjgYrpgIHjgorjgZfjgb7jgZnjgII8YSBocmVmPSJodHRwOi8vd3d3LnJha3V0ZW4ubmUuanAvZ29sZC9rZW5rb2NvbS9mZWF0dXJlbGluay9yZXZpZXcvaW5kZXguaHRtbCI+4pag4pah6Kmz44GX44GP44Gv44GT44Gh44KJ4pah4pagPC9hPjxicj7jg7vku5bjga7mlrnjgYzlhYjjgavmipXnqL/jgZfjgZ/loLTlkIjjga/jgq/jg7zjg53jg7PpgLLlkYjjga7lr77osaHlpJbjgajjgarjgorjgb7jgZnjga7jgafjgZTms6jmhI/jgY/jgaDjgZXjgYTjgILjg6zjg5Pjg6Xjg7zmipXnqL/jga/kuIvpg6jjgavoqJjovInjgZfjgabjgYTjgb7jgZnjgII8YnI+44O744Os44OT44Ol44O85oqV56i/44GL44KJ5Y+N5pig44G+44Gn5pmC5beu44GM44GC44KL44Gf44KB44CB5ZWG5ZOB55S76Z2i5LiK44Gu44Os44OT44Ol44O85Lu25pWw44Go5a6f6Zqb44Gu5oqV56i/5Lu25pWw44GM55Ww44Gq44KL5aC05ZCI44GM44GC44KK44G+44GZ44Gu44Gn5LqI44KB44GU5LqG5om/44GP44Gg44GV44GE44CCPGJyPuWvjOWjq+WVhuOAjOODgeOCp+ODq+OCreOCquODj+ODs+OCrOODvCA1UOOAjeOBruODjeODg+ODiOmAmuiyqeOBr+OCseODs+OCs+ODvOOCs+ODoOalveWkqeW4guWgtOaUr+W6l+OBp++8gTxicj48YnI+PGJyPjxzbWFsbD7igLvjg5Hjg4PjgrHjg7zjgrjjg4fjgrbjgqTjg7PnrYnjga/kuojlkYrjgarjgY/lpInmm7TjgZXjgozjgovjgZPjgajjgYzjgYLjgorjgb7jgZnjgII8L3NtYWxsPjxicj48YnI+PHRhYmxlPjx0cj48dGQgd2lkdGg9IjEwMCUiPjxwIGNsYXNzPSJwZGVzYyI+PGRpdiBjbGFzcz0icGRlc2N0aXRsZSI+5ZWG5ZOB6Kqs5piOPC9kaXY+PGRpdiBjbGFzcz0icGRlc2Nob25idW4iPuOAjOODgeOCp+ODq+OCreOCquODj+ODs+OCrOODvCA1UOOAjeOBr+OAgeS9leOBp+OCguOBi+OBkeOCieOCjOOCi+S+v+WIqeOBquODj+ODs+OCrOODvOOBp+OBmeOAguOCq+ODqeODleODq+OBqjXoibLjgrvjg4Pjg4jjgafkvb/jgYTliIbjgZHjgoLlj6/og73jgILjgrfjg6Pjg4TjgoTjg43jgq/jgr/jgqTjgarjganjgaDjgZHjgafjgarjgY/jgIHjgYLjgonjgobjgovnianjgpLjgYvjgZHjgovjgZPjgajjgYzjgafjgY3jgb7jgZnjgII8L2Rpdj48ZGl2IGNsYXNzPSJwZGVzY3RpdGxlIj7ljp/nlKPlm708L2Rpdj48ZGl2IGNsYXNzPSJwZGVzY2hvbmJ1biI+44Kk44K/44Oq44KiPC9kaXY+PC9wPjwvdGQ+PC90cj48L3RhYmxlPjxicj7jg5bjg6njg7Pjg4nvvJrlr4zlo6vllYY8YnI+44Kx44Oz44Kz44O844Kz44OgVE9Q77ye5pel55So5ZOB77ye5rSX5r+v55So5ZOB77ye44OP44Oz44Ks44O8772l44OP44Oz44Ks44O844Op44OD44Kv77ye44OP44Oz44Ks44O877ye44OB44Kn44Or44Kt44Kq44OP44Oz44Ks44O8IDVQPGJyPueZuuWjsuWFg++8muWvjOWjq+WVhjxicj7ljp/nlKPlm70g44Kk44K/44Oq44KiPGJyPuWGheWuuemHj++8mjXlgIs8YnI+PGJyPjxicj48YnI+SkFO44Kz44O844OJ77ya44CANDk2NTMzNzAxNjI2MDxicj48YnI+PHRhYmxlIHdpZHRoPSIxMDAlIiBib3JkZXI9MCBjZWxsc3BhY2luZz0wIGNlbGxwYWRkaW5nPTU+PHRyPjx0ZD48cCBjbGFzcz0ic2VpZGVzYyI+PC9wPjwvdGQ+PHRyPjx0ZD48L3RkPjwvdHI+PC90YWJsZT48YnI+PGJyPjxicj7luoPlkYrmlofosqzvvJrjgrHjg7PjgrPjg7zjgrPjg6DmoKrlvI/kvJrnpL48YnI+VEVM77yaMDUwLTU1NzctNTA0Mjxicj48YnI+W+WvjOWjq+WVhl08YnI+5rSX5r+v55So5ZOBL+ODj+ODs+OCrOODvO+9peODj+ODs+OCrOODvOODqeODg+OCry/jg4/jg7Pjgqzjg7w8YnI+PGJyPuODhuODrOODk+e0ueS7i++8mgoK44OI44Oe44OI44K444Ol44O844K5IC8gCuODnuOCq+ODh+ODn+OCouODiuODg+ODhOOCquOCpOODqyAvIArpm7vli5Xjg5bjg6zjg4Pjg4njgqvjg4Pjgr/jg7wgLyAK44Or44Kk44Oc44K544OG44Kj44O8IC8gCuOCiuOCk+OBlOmFoiAvIArlrprnlarllYblk4EgLyAKPGJyPjxicj4KCjxkaXYgc3R5bGU9Im1hcmdpbi1ib3R0b206MTBweDsiPgoKPGltZyBzcmM9Imh0dHBzOi8vaW1hZ2UucmFrdXRlbi5jby5qcC9yYWt1dGVuMjQvY2FiaW5ldC9jb3Vwb24vYm5yXzEwMF83MDBfNjAuanBnIiBhbHQ9IuWIneOCgeOBpuOBruaWuemZkOWumjEwMOWGhk9GRu+8gSIgd2lkdGg9IjcwMCIgaGVpZ2h0PSI2MCIgCgpib3JkZXI9IjAiPgo8L2Rpdj4KCgo8IS0tZGl2IHN0eWxlPSJtYXJnaW4tYm90dG9tOjEwcHg7Ij4KCjxpbWcgc3JjPSJodHRwOi8vaW1hZ2UucmFrdXRlbi5jby5qcC9yYWt1dGVuMjQvY2FiaW5ldC9jb3Vwb24vYm5yXzcwMF82MF80LmpwZyIgYWx0PSI0LDAwMOWGhuS7peS4iuizvOWFpeOBpzEwJU9GRu+8gSIgd2lkdGg9IjcwMCIgCgpoZWlnaHQ9IjYwIiBib3JkZXI9IjAiPgo8L2Rpdi0tPgoKCjxkaXYgc3R5bGU9Im1hcmdpbi1ib3R0b206MTBweDsiPgoKPGltZyBzcmM9Imh0dHA6Ly9pbWFnZS5yYWt1dGVuLmNvLmpwL2tlbmtvY29tL2NhYmluZXQvYm5yXzcwMF82MF81MDAwLmpwZyIgYWx0PSI1LDAwMOWGhuS7peS4iuizvOWFpeOBpzEwJU9GRu+8gSIgd2lkdGg9IjcwMCIgaGVpZ2h0PSI2MCIgCgpib3JkZXI9IjAiPgo8L2Rpdj4KCgo8IS0tZGl2IHN0eWxlPSJtYXJnaW4tYm90dG9tOjEwcHg7Ij4KCjxpbWcgc3JjPSJodHRwOi8vaW1hZ2UucmFrdXRlbi5jby5qcC9rZW5rb2NvbS9jYWJpbmV0L2Jucl83MDBfNjBfMTIuanBnIiBhbHQ9IjEwLDAwMOWGhuS7peS4iuizvOWFpeOBpzEyJU9GRu+8gSIgd2lkdGg9IjcwMCIgaGVpZ2h0PSI2MCIgCgpib3JkZXI9IjAiPgo8L2Rpdi0tPgoKCgoKPCEtLWRpdiBzdHlsZT0ibWFyZ2luLWJvdHRvbToxMHB4OyI+Cgo8aW1nIHNyYz0iaHR0cDovL2ltYWdlLnJha3V0ZW4uY28uanAvcmFrdXRlbjI0L2NhYmluZXQvY2FtcGFpZ24vYXN1cmFrdS9ibnJfNzAwXzYwLmpwZyIgYWx0PSLjgYLjgZnmpb3llYblk4Hjg53jgqTjg7Pjg4gz5YCN77yBIiB3aWR0aD0iNzAwIiAKCmhlaWdodD0iNjAiIGJvcmRlcj0iMCI+CjwvZGl2LS0+Cgo8ZGl2IHN0eWxlPSJtYXJnaW4tYm90dG9tOjEwcHg7Ij4KCjxpbWcgc3JjPSJodHRwczovL2ltYWdlLnJha3V0ZW4uY28uanAvcmFrdXRlbjI0L2NhYmluZXQvc3BlY2lhbC8yMDE2X2VjYW1wYWlnbi5qcGciIGFsdD0i44Kk44O844Kw44Or44K544CA44O044Kj44OD44K744Or5Yud44Gj44Gf44KJUDLlgI0iICAKCndpZHRoPSI0NjgiIGhlaWdodD0iNjAiIGJvcmRlcj0iMCI+CjwvZGl2PgoKPCEtLWRpdiBzdHlsZT0ibWFyZ2luLWJvdHRvbToxMHB4OyI+Cjx0YWJsZT4KPHRkPgo8aW1nIHNyYz0iaHR0cDovL2ltYWdlLnJha3V0ZW4uY28uanAva2Vua29jb20vY2FiaW5ldC9zcGVjaWFsL3g1MjAxNjFoLmpwZyIgYWx0PSLjg5Xjg6vjgrDjg6kiIHdpZHRoPSIxODAiIGhlaWdodD0iMTgwIiBib3JkZXI9IjAiPjwvdGQ+Cgo8dGQ+CjxpbWcgc3JjPSJodHRwOi8vaW1hZ2UucmFrdXRlbi5jby5qcC9rZW5rb2NvbS9jYWJpbmV0L3NwZWNpYWwvZTExNDY3N2guanBnIiBhbHQ9IuOCr+ODquOCueOCv+ODq+OCrOOCpOOCtuODvCIgd2lkdGg9IjE4MCIgaGVpZ2h0PSIxODAiIAoKYm9yZGVyPSIwIj48L3RkPgoKPHRkPgo8aW1nIHNyYz0iaHR0cDovL2ltYWdlLnJha3V0ZW4uY28uanAva2Vua29jb20vY2FiaW5ldC9zcGVjaWFsL2UxMTA4NTNoLmpwZyIgYWx0PSLjg4/jg63jg7wg44OG44Kj44OD44K344OlIiB3aWR0aD0iMTgwIiBoZWlnaHQ9IjE4MCIgCgpib3JkZXI9IjAiPjwvdGQ+Cgo8dGQ+CjxpbWcgc3JjPSJodHRwOi8vaW1hZ2UucmFrdXRlbi5jby5qcC9rZW5rb2NvbS9jYWJpbmV0L3NwZWNpYWwvZTM3MjA4MmguanBnIiBhbHQ9IuOCouOCv+ODg+OCr05FTyIgd2lkdGg9IjE4MCIgaGVpZ2h0PSIxODAiIAoKYm9yZGVyPSIwIj48L3RkPgoKPC90YWJsZT4KPC9kaXYtLT4KCgoKCgoKPCEtLWRpdiBzdHlsZT0ibWFyZ2luLWJvdHRvbToxMHB4OyI+Cgo8aW1nIHNyYz0iaHR0cDovL2ltYWdlLnJha3V0ZW4uY28uanAvcmFrdXRlbjI0L2NhYmluZXQvY291cG9uL2Jucl83MDBfNjBfMTAwMDAuanBnIiBhbHQ9IjEwLDAwMOWGhuS7peS4iuizvOWFpeOBpzE1JU9GRu+8gSIgd2lkdGg9IjcwMCIgCgpoZWlnaHQ9IjYwIiBib3JkZXI9IjAiPgo8L2Rpdi0tPgoKCjwhLS1kaXYgc3R5bGU9Im1hcmdpbi1ib3R0b206MTBweDsiPgoKPGltZyBzcmM9Imh0dHA6Ly9pbWFnZS5yYWt1dGVuLmNvLmpwL3Jha3V0ZW4yNC9jYWJpbmV0L2NhbXBhaWduL3BvaW50dXAvaG91c2Vob2xkL2Jucl9wdDRfdHVlXzcwMF85MC5naWYiIGFsdD0i5YWo5ZWG5ZOB44Od44Kk44Oz44OI5pyA5aSnNOWAje+8gSIgCgp3aWR0aD0iNDY4IiBoZWlnaHQ9IjYwIiBib3JkZXI9IjAiPgo8L2Rpdi0tPgoKCgoKPCEtLWRpdiBzdHlsZT0ibWFyZ2luLWJvdHRvbToxMHB4OyI+Cgo8aW1nIHNyYz0iaHR0cDovL2ltYWdlLnJha3V0ZW4uY28uanAva2Vua29jb20vY2FiaW5ldC9pbWcvMjAxNl9lY2FtcGFpZ24uanBnIiBhbHQ9IuWFqOWVhuWTgeODneOCpOODs+ODiDLlgI3vvIEiIHdpZHRoPSI0NjgiIGhlaWdodD0iNjAiIAoKYm9yZGVyPSIwIj4KPC9kaXYtLT4KCjwhLS1kaXYgc3R5bGU9Im1hcmdpbi1ib3R0b206MTBweDsiPgoKPGltZyBzcmM9Imh0dHA6Ly9pbWFnZS5yYWt1dGVuLmNvLmpwL2tlbmtvY29tL2NhYmluZXQvaW1nLzIwMTZfdmNhbXBhaWduLmpwZyIgYWx0PSLjg7TjgqPjg4Pjgrvjg6vnpZ7miLjli53liKnoqJjlv7Xjg53jgqTjg7Pjg4gy5YCN77yBIiB3aWR0aD0iNDY4IiAKCmhlaWdodD0iNjAiIGJvcmRlcj0iMCI+CjwvZGl2LS0+CgoKPCEtLWRpdiBzdHlsZT0ibWFyZ2luLWJvdHRvbToxMHB4OyI+Cgo8aW1nIHNyYz0iaHR0cDovL2ltYWdlLnJha3V0ZW4uY28uanAva2Vua29jb20vY2FiaW5ldC9pbWcvMjAxNl9ldmNhbXBhaWduLmpwZyIgYWx0PSLmpb3lpKnjgqTjg7zjgrDjg6vvvIbjg7TjgqPjg4Pjgrvjg6vnpZ7miLjli53liKnoqJjlv7Xjg53jgqTjg7Pjg4gz5YCN77yBIiAKCndpZHRoPSI0NjgiIGhlaWdodD0iNjAiIGJvcmRlcj0iMCI+CjwvZGl2LS0+,44OB44Kn44Or44Kt44Kq44OP44Oz44Ks44O8IDVQW+ODj+ODs+OCrOODvF3vvJrjgrHjg7PjgrPjg7zjgrPjg6A=,44Kx44Oz44Kz44O844Kz44Og44Kx44Oz44Kz44O844Kz44Og5pSv5bqX44Kv44Oq44K544K/44Or44Ks44Kk44K244O844Of44ON44Op44Or44Km44Kp44O844K/44O844Oq44Ki44OD44OX44Oq44Ki44OD44OXeDXjg4Djgqbjg4vjg7zjgrPjg7Pjg4njg7zjg6Djg5rjg6rjgqjjgrXjg7zjg6LjgrnjgrPjg7Pjg4jjg6zjg4Pjgq/jgrnml6XnhLzjgZHmraLjgoHjgrPjgrPjg4rjg4Pjg4TjgqrjgqTjg6vjgYjjgZTjgb7jgZPjgoHmsrnjgrXjg7Pjg5rjg6zjgrDjg6rjg47miYfpoqjmqZ/jgq/jg6rjgrnjgr/jg6vjgqzjgqTjgrbjg7wgNTAwbWwgNDjmnKznt5Hjga7prZTlpbPnlJjphZLjg4Hjgqfjg6vjgq3jgqrjg4/jg7Pjgqzjg7wgNVBb44OP44Oz44Ks44O8XQ==,5a+M5aOr5ZWGL+eojuaKnDE5MDDlhobku6XkuIrpgIHmlpnnhKHmlpnjgILjg4Hjgqfjg6vjgq3jgqrjg4/jg7Pjgqzjg7wgNVBb44OP44Oz44Ks44O8XQ==[rn]
30-32979,aHR0cDovL3RzaG9wLnIxMHMuanAva2Vua29jb20vY2FiaW5ldC9lMzA2MC9lMzA2MDgyaF9sLmpwZz9maXRpbj03MDA6NzAw,MTg0LjAwMDA=,,44Kk44Oz44OG44Oq44Ki44O75a+d5YW344O75Y+O57SNID4g5a2Q5L6b6YOo5bGL77yI44Kk44Oz44OG44Oq44Ki44O75a+d5YW344O744Kw44OD44K677yJID4g44OP44Oz44Ks44O844O744Od44O844Or,44Op44Oz44OJ44Oq44OP44Oz44Ks44O8IOODn+ODiyBCW+ODrOODg+OCr+OAgOODj+ODs+OCrOODvF0=,44Os44OD44KvL+eojuaKnDE5MDDlhobku6XkuIrpgIHmlpnnhKHmlpk=,PGJyPjxkaXYgY2xhc3M9InJldmlld0JuciI+PGRpdj48Zm9udCBzaXplID0gMz48c3BhbiBzdHlsZT0ibGluZS1oZWlnaHQ6MTMwJSI+44GT44Gh44KJ44Gu5ZWG5ZOBPC9zcGFuPuS4gOeVquS5l+OCiuOCreODo+ODs+ODmuODvOODs+WvvuixoeWVhuWTge+8ge+8gTxicj48c3BhbiBzdHlsZT0ibGluZS1oZWlnaHQ6MTMwJSI+44GT44Gu5ZWG5ZOB44GuPHNwYW4+5ZWG5ZOB44Os44OT44Ol44O844KSPHN0cm9uZz4x55Wq44GrPC9zdHJvbmc+5oqV56i/44GX44Gm6aCC44GE44Gf5pa5PC9zcGFuPuOBqzwvc3Bhbj48YnI+IDxzdHJvbmc+MzAw5YaGT0ZG44Kv44O844Od44OzPC9zdHJvbmc+44KS44OX44Os44K844Oz44OI77yBPGJyPjwvZGl2PjwvZGl2PuKAu+ODu+ODrOODk+ODpeODvOaKleeov+aZguOBq+OCt+ODp+ODg+ODl+OBuOazqOaWh+eVquWPt+OCkuefpeOCieOBm+OCi+OAguOBruODgeOCp+ODg+OCr+OCkuWFpeOCjOOBpuOBj+OBoOOBleOBhOOAgjxicj7jg7vlvozml6Xjg6Hjg7zjg6vjgavjgabjgq/jg7zjg53jg7NVUkzjgpLjgYrpgIHjgorjgZfjgb7jgZnjgII8YSBocmVmPSJodHRwOi8vd3d3LnJha3V0ZW4ubmUuanAvZ29sZC9rZW5rb2NvbS9mZWF0dXJlbGluay9yZXZpZXcvaW5kZXguaHRtbCI+4pag4pah6Kmz44GX44GP44Gv44GT44Gh44KJ4pah4pagPC9hPjxicj7jg7vku5bjga7mlrnjgYzlhYjjgavmipXnqL/jgZfjgZ/loLTlkIjjga/jgq/jg7zjg53jg7PpgLLlkYjjga7lr77osaHlpJbjgajjgarjgorjgb7jgZnjga7jgafjgZTms6jmhI/jgY/jgaDjgZXjgYTjgILjg6zjg5Pjg6Xjg7zmipXnqL/jga/kuIvpg6jjgavoqJjovInjgZfjgabjgYTjgb7jgZnjgII8YnI+44O744Os44OT44Ol44O85oqV56i/44GL44KJ5Y+N5pig44G+44Gn5pmC5beu44GM44GC44KL44Gf44KB44CB5ZWG5ZOB55S76Z2i5LiK44Gu44Os44OT44Ol44O85Lu25pWw44Go5a6f6Zqb44Gu5oqV56i/5Lu25pWw44GM55Ww44Gq44KL5aC05ZCI44GM44GC44KK44G+44GZ44Gu44Gn5LqI44KB44GU5LqG5om/44GP44Gg44GV44GE44CCPGJyPuODrOODg+OCr+OAjOODqeODs+ODieODquODj+ODs+OCrOODvCDjg5/jg4sgQuOAjeOBruODjeODg+ODiOmAmuiyqeOBr+OCseODs+OCs+ODvOOCs+ODoOalveWkqeW4guWgtOaUr+W6l+OBp++8gTxicj48YnI+PHNtYWxsPuKAu+ODkeODg+OCseODvOOCuOODh+OCtuOCpOODs+etieOBr+S6iOWRiuOBquOBj+WkieabtOOBleOCjOOCi+OBk+OBqOOBjOOBguOCiuOBvuOBmeOAgjwvc21hbGw+PGJyPjxicj48dGFibGU+PHRyPjx0ZCB3aWR0aD0iMTAwJSI+PHAgY2xhc3M9InBkZXNjIj48ZGl2IGNsYXNzPSJwZGVzY3RpdGxlIj7llYblk4HoqqzmmI48L2Rpdj48ZGl2IGNsYXNzPSJwZGVzY2hvbmJ1biI+44CM44Op44Oz44OJ44Oq44OP44Oz44Ks44O8IOODn+ODiyBC44CN44Gv44CB44Kz44Oz44OR44Kv44OI44K144Kk44K644Gu44OP44Oz44Ks44O844Gn44GZ44CC44OU44Oz44OBOOWAi+S7mOOBjeOAgjwvZGl2PjxkaXYgY2xhc3M9InBkZXNjdGl0bGUiPuS9v+eUqOaWueazlTwvZGl2PjxkaXYgY2xhc3M9InBkZXNjaG9uYnVuIj7mjpvjgZHlhbfjgpLjg5Hjg4Hjg7PjgajlvJXjgY3kuIrjgZLjgabjgYrkvb/jgYTjgY/jgaDjgZXjgYTjgII8L2Rpdj48ZGl2IGNsYXNzPSJwZGVzY3RpdGxlIj7kvb/nlKjkuIrjga7ms6jmhI88L2Rpdj48ZGl2IGNsYXNzPSJwZGVzY2hvbmJ1biI+KDEp5L2/55So5YmN44Gr5ZCE6YOo44KS54K55qSc44GX44CB5LiH5LiA56C05pCN562J44Gu55Ww54q244GM44GC44KL5aC05ZCI44Gv5L2/55So44GX44Gq44GE44Gn44GP44Gg44GV44GE44CCPGJyPigyKea0l+a/r+eJqeOBr+ODkOODqeODs+OCueOCiOOBj+W5suOBl+OBpuOBj+OBoOOBleOBhOOAgjxicj4oMynlsYvlpJbjgafkvb/nlKjjgZnjgovpmpvjgIHlvLfpoqjjga7mmYLjga/lrqTlhoXjgavlj5bjgorovrzjgpPjgafjgY/jgaDjgZXjgYTjgII8YnI+KDQp5L2/55So5b6M44Gv44CB5a6k5YaF44G+44Gf44Gv5pel5YWJ44Gu5b2T44Gf44KJ44Gq44GE5aC05omA44Gr5L+d566h44GX44Gm44GP44Gg44GV44GE44CCPC9kaXY+PGRpdiBjbGFzcz0icGRlc2N0aXRsZSI+5p2Q6LOqPC9kaXY+PGRpdiBjbGFzcz0icGRlc2Nob25idW4iPuacrOS9k+ODu+ODlOODs+ODge+8muODneODquODl+ODreODlOODrOODs+OAgeWQiuOCiuODkuODou+8muODneODquOCqOODgeODrOODszwvZGl2PjxkaXYgY2xhc3M9InBkZXNjdGl0bGUiPuWOn+eUo+WbvTwvZGl2PjxkaXYgY2xhc3M9InBkZXNjaG9uYnVuIj7kuK3lm708L2Rpdj48ZGl2IGNsYXNzPSJwZGVzY3RpdGxlIj7jgYrllY/jgYTlkIjjgo/jgZvlhYg8L2Rpdj48ZGl2IGNsYXNzPSJwZGVzY2hvbmJ1biI+44Os44OD44Kv5qCq5byP5Lya56S+IOOBiuWuouanmOOCs+ODvOODq+OCu+ODs+OCv+ODvDxicj5URUzvvJowMy01ODQ3LTA2MTYo5Y+X5LuY5pmC6ZaT77ya5bmz5pelOe+8mjAwLTE277yaMDApPC9kaXY+PC9wPjwvdGQ+PC90cj48L3RhYmxlPjxicj7jg5bjg6njg7Pjg4nvvJrjg6zjg4Pjgq88YnI+44Kx44Oz44Kz44O844Kz44OgVE9Q77ye5pel55So5ZOB77ye5rSX5r+v55So5ZOB77ye44OP44Oz44Ks44O8772l44OP44Oz44Ks44O844Op44OD44Kv77ye44OP44Oz44Ks44O877ye44Op44Oz44OJ44Oq44OP44Oz44Ks44O8IOODn+ODiyBCPGJyPuijvemAoOiyqeWjsuWFg++8muODrOODg+OCrzxicj7ljp/nlKPlm70g5Lit5Zu9PGJyPuODlOODs+ODge+8mjjlgIs8YnI+PGJyPjxicj48YnI+SkFO44Kz44O844OJ77ya44CANDkwMzMyMDQ0NjE1MTxicj48YnI+PHRhYmxlIHdpZHRoPSIxMDAlIiBib3JkZXI9MCBjZWxsc3BhY2luZz0wIGNlbGxwYWRkaW5nPTU+PHRyPjx0ZD48cCBjbGFzcz0ic2VpZGVzYyI+PC9wPjwvdGQ+PHRyPjx0ZD48L3RkPjwvdHI+PC90YWJsZT48YnI+PGJyPjxicj7luoPlkYrmlofosqzvvJrjgrHjg7PjgrPjg7zjgrPjg6DmoKrlvI/kvJrnpL48YnI+VEVM77yaMDUwLTU1NzctNTA0Mjxicj48YnI+W+ODrOODg+OCr108YnI+5rSX5r+v55So5ZOBL+ODj+ODs+OCrOODvO+9peODj+ODs+OCrOODvOODqeODg+OCry/jg4/jg7Pjgqzjg7w8YnI+PGJyPuODhuODrOODk+e0ueS7i++8mgoK44OI44Oe44OI44K444Ol44O844K5IC8gCuODnuOCq+ODh+ODn+OCouODiuODg+ODhOOCquOCpOODqyAvIArpm7vli5Xjg5bjg6zjg4Pjg4njgqvjg4Pjgr/jg7wgLyAK44Or44Kk44Oc44K544OG44Kj44O8IC8gCuOCiuOCk+OBlOmFoiAvIArlrprnlarllYblk4EgLyAKPGJyPjxicj4KCjxkaXYgc3R5bGU9Im1hcmdpbi1ib3R0b206MTBweDsiPgoKPGltZyBzcmM9Imh0dHBzOi8vaW1hZ2UucmFrdXRlbi5jby5qcC9yYWt1dGVuMjQvY2FiaW5ldC9jb3Vwb24vYm5yXzEwMF83MDBfNjAuanBnIiBhbHQ9IuWIneOCgeOBpuOBruaWuemZkOWumjEwMOWGhk9GRu+8gSIgd2lkdGg9IjcwMCIgaGVpZ2h0PSI2MCIgCgpib3JkZXI9IjAiPgo8L2Rpdj4KCgo8IS0tZGl2IHN0eWxlPSJtYXJnaW4tYm90dG9tOjEwcHg7Ij4KCjxpbWcgc3JjPSJodHRwOi8vaW1hZ2UucmFrdXRlbi5jby5qcC9yYWt1dGVuMjQvY2FiaW5ldC9jb3Vwb24vYm5yXzcwMF82MF80LmpwZyIgYWx0PSI0LDAwMOWGhuS7peS4iuizvOWFpeOBpzEwJU9GRu+8gSIgd2lkdGg9IjcwMCIgCgpoZWlnaHQ9IjYwIiBib3JkZXI9IjAiPgo8L2Rpdi0tPgoKCjxkaXYgc3R5bGU9Im1hcmdpbi1ib3R0b206MTBweDsiPgoKPGltZyBzcmM9Imh0dHA6Ly9pbWFnZS5yYWt1dGVuLmNvLmpwL2tlbmtvY29tL2NhYmluZXQvYm5yXzcwMF82MF81MDAwLmpwZyIgYWx0PSI1LDAwMOWGhuS7peS4iuizvOWFpeOBpzEwJU9GRu+8gSIgd2lkdGg9IjcwMCIgaGVpZ2h0PSI2MCIgCgpib3JkZXI9IjAiPgo8L2Rpdj4KCgo8IS0tZGl2IHN0eWxlPSJtYXJnaW4tYm90dG9tOjEwcHg7Ij4KCjxpbWcgc3JjPSJodHRwOi8vaW1hZ2UucmFrdXRlbi5jby5qcC9rZW5rb2NvbS9jYWJpbmV0L2Jucl83MDBfNjBfMTIuanBnIiBhbHQ9IjEwLDAwMOWGhuS7peS4iuizvOWFpeOBpzEyJU9GRu+8gSIgd2lkdGg9IjcwMCIgaGVpZ2h0PSI2MCIgCgpib3JkZXI9IjAiPgo8L2Rpdi0tPgoKCgoKPCEtLWRpdiBzdHlsZT0ibWFyZ2luLWJvdHRvbToxMHB4OyI+Cgo8aW1nIHNyYz0iaHR0cDovL2ltYWdlLnJha3V0ZW4uY28uanAvcmFrdXRlbjI0L2NhYmluZXQvY2FtcGFpZ24vYXN1cmFrdS9ibnJfNzAwXzYwLmpwZyIgYWx0PSLjgYLjgZnmpb3llYblk4Hjg53jgqTjg7Pjg4gz5YCN77yBIiB3aWR0aD0iNzAwIiAKCmhlaWdodD0iNjAiIGJvcmRlcj0iMCI+CjwvZGl2LS0+Cgo8ZGl2IHN0eWxlPSJtYXJnaW4tYm90dG9tOjEwcHg7Ij4KCjxpbWcgc3JjPSJodHRwczovL2ltYWdlLnJha3V0ZW4uY28uanAvcmFrdXRlbjI0L2NhYmluZXQvc3BlY2lhbC8yMDE2X2VjYW1wYWlnbi5qcGciIGFsdD0i44Kk44O844Kw44Or44K544CA44O044Kj44OD44K744Or5Yud44Gj44Gf44KJUDLlgI0iICAKCndpZHRoPSI0NjgiIGhlaWdodD0iNjAiIGJvcmRlcj0iMCI+CjwvZGl2PgoKPCEtLWRpdiBzdHlsZT0ibWFyZ2luLWJvdHRvbToxMHB4OyI+Cjx0YWJsZT4KPHRkPgo8aW1nIHNyYz0iaHR0cDovL2ltYWdlLnJha3V0ZW4uY28uanAva2Vua29jb20vY2FiaW5ldC9zcGVjaWFsL3g1MjAxNjFoLmpwZyIgYWx0PSLjg5Xjg6vjgrDjg6kiIHdpZHRoPSIxODAiIGhlaWdodD0iMTgwIiBib3JkZXI9IjAiPjwvdGQ+Cgo8dGQ+CjxpbWcgc3JjPSJodHRwOi8vaW1hZ2UucmFrdXRlbi5jby5qcC9rZW5rb2NvbS9jYWJpbmV0L3NwZWNpYWwvZTExNDY3N2guanBnIiBhbHQ9IuOCr+ODquOCueOCv+ODq+OCrOOCpOOCtuODvCIgd2lkdGg9IjE4MCIgaGVpZ2h0PSIxODAiIAoKYm9yZGVyPSIwIj48L3RkPgoKPHRkPgo8aW1nIHNyYz0iaHR0cDovL2ltYWdlLnJha3V0ZW4uY28uanAva2Vua29jb20vY2FiaW5ldC9zcGVjaWFsL2UxMTA4NTNoLmpwZyIgYWx0PSLjg4/jg63jg7wg44OG44Kj44OD44K344OlIiB3aWR0aD0iMTgwIiBoZWlnaHQ9IjE4MCIgCgpib3JkZXI9IjAiPjwvdGQ+Cgo8dGQ+CjxpbWcgc3JjPSJodHRwOi8vaW1hZ2UucmFrdXRlbi5jby5qcC9rZW5rb2NvbS9jYWJpbmV0L3NwZWNpYWwvZTM3MjA4MmguanBnIiBhbHQ9IuOCouOCv+ODg+OCr05FTyIgd2lkdGg9IjE4MCIgaGVpZ2h0PSIxODAiIAoKYm9yZGVyPSIwIj48L3RkPgoKPC90YWJsZT4KPC9kaXYtLT4KCgoKCgoKPCEtLWRpdiBzdHlsZT0ibWFyZ2luLWJvdHRvbToxMHB4OyI+Cgo8aW1nIHNyYz0iaHR0cDovL2ltYWdlLnJha3V0ZW4uY28uanAvcmFrdXRlbjI0L2NhYmluZXQvY291cG9uL2Jucl83MDBfNjBfMTAwMDAuanBnIiBhbHQ9IjEwLDAwMOWGhuS7peS4iuizvOWFpeOBpzE1JU9GRu+8gSIgd2lkdGg9IjcwMCIgCgpoZWlnaHQ9IjYwIiBib3JkZXI9IjAiPgo8L2Rpdi0tPgoKCjwhLS1kaXYgc3R5bGU9Im1hcmdpbi1ib3R0b206MTBweDsiPgoKPGltZyBzcmM9Imh0dHA6Ly9pbWFnZS5yYWt1dGVuLmNvLmpwL3Jha3V0ZW4yNC9jYWJpbmV0L2NhbXBhaWduL3BvaW50dXAvaG91c2Vob2xkL2Jucl9wdDRfdHVlXzcwMF85MC5naWYiIGFsdD0i5YWo5ZWG5ZOB44Od44Kk44Oz44OI5pyA5aSnNOWAje+8gSIgCgp3aWR0aD0iNDY4IiBoZWlnaHQ9IjYwIiBib3JkZXI9IjAiPgo8L2Rpdi0tPgoKCgoKPCEtLWRpdiBzdHlsZT0ibWFyZ2luLWJvdHRvbToxMHB4OyI+Cgo8aW1nIHNyYz0iaHR0cDovL2ltYWdlLnJha3V0ZW4uY28uanAva2Vua29jb20vY2FiaW5ldC9pbWcvMjAxNl9lY2FtcGFpZ24uanBnIiBhbHQ9IuWFqOWVhuWTgeODneOCpOODs+ODiDLlgI3vvIEiIHdpZHRoPSI0NjgiIGhlaWdodD0iNjAiIAoKYm9yZGVyPSIwIj4KPC9kaXYtLT4KCjwhLS1kaXYgc3R5bGU9Im1hcmdpbi1ib3R0b206MTBweDsiPgoKPGltZyBzcmM9Imh0dHA6Ly9pbWFnZS5yYWt1dGVuLmNvLmpwL2tlbmtvY29tL2NhYmluZXQvaW1nLzIwMTZfdmNhbXBhaWduLmpwZyIgYWx0PSLjg7TjgqPjg4Pjgrvjg6vnpZ7miLjli53liKnoqJjlv7Xjg53jgqTjg7Pjg4gy5YCN77yBIiB3aWR0aD0iNDY4IiAKCmhlaWdodD0iNjAiIGJvcmRlcj0iMCI+CjwvZGl2LS0+CgoKPCEtLWRpdiBzdHlsZT0ibWFyZ2luLWJvdHRvbToxMHB4OyI+Cgo8aW1nIHNyYz0iaHR0cDovL2ltYWdlLnJha3V0ZW4uY28uanAva2Vua29jb20vY2FiaW5ldC9pbWcvMjAxNl9ldmNhbXBhaWduLmpwZyIgYWx0PSLmpb3lpKnjgqTjg7zjgrDjg6vvvIbjg7TjgqPjg4Pjgrvjg6vnpZ7miLjli53liKnoqJjlv7Xjg53jgqTjg7Pjg4gz5YCN77yBIiAKCndpZHRoPSI0NjgiIGhlaWdodD0iNjAiIGJvcmRlcj0iMCI+CjwvZGl2LS0+,44Op44Oz44OJ44Oq44OP44Oz44Ks44O8IOODn+ODiyBCW+ODrOODg+OCr+OAgOODj+ODs+OCrOODvF3vvJrjgrHjg7PjgrPjg7zjgrPjg6A=,44Kx44Oz44Kz44O844Kz44Og44Kx44Oz44Kz44O844Kz44Og5pSv5bqX44Kv44Oq44K544K/44Or44Ks44Kk44K244O844Of44ON44Op44Or44Km44Kp44O844K/44O844Oq44Ki44OD44OX44Oq44Ki44OD44OXeDXjg4Djgqbjg4vjg7zjgrPjg7Pjg4njg7zjg6Djg5rjg6rjgqjjgrXjg7zjg6LjgrnjgrPjg7Pjg4jjg6zjg4Pjgq/jgrnml6XnhLzjgZHmraLjgoHjgrPjgrPjg4rjg4Pjg4TjgqrjgqTjg6vjgYjjgZTjgb7jgZPjgoHmsrnjgrXjg7Pjg5rjg6zjgrDjg6rjg47miYfpoqjmqZ/jgq/jg6rjgrnjgr/jg6vjgqzjgqTjgrbjg7wgNTAwbWwgNDjmnKznt5Hjga7prZTlpbPnlJjphZLjg6njg7Pjg4njg6rjg4/jg7Pjgqzjg7wg44Of44OLIEJb44Os44OD44Kv44CA44OP44Oz44Ks44O8XQ==,44Os44OD44KvL+eojuaKnDE5MDDlhobku6XkuIrpgIHmlpnnhKHmlpnjgILjg6njg7Pjg4njg6rjg4/jg7Pjgqzjg7wg44Of44OLIEJb44Os44OD44Kv44CA44OP44Oz44Ks44O8XQ==[rn]
30-32980,aHR0cDovL3RzaG9wLnIxMHMuanAvbWFwc21hcmtldC9jYWJpbmV0LzI2MjQxNTc5ODYwZmEwOGQ4Ny8xMDEwMDI3LmpwZz9maXRpbj03MDA6NzAw,NDQ5Mi44MDAw,,44Kk44Oz44OG44Oq44Ki44O75a+d5YW344O75Y+O57SNID4g5a2Q5L6b6YOo5bGL77yI44Kk44Oz44OG44Oq44Ki44O75a+d5YW344O744Kw44OD44K677yJID4g44OP44Oz44Ks44O844O744Od44O844Or,44CQ5Luj5byV44GN44O75ZCM5qKx5LiN5Y+v44CRaW5lcyjjgqLjgqTjg43jgrkp44CA44K444Ol44OL44Ki44OP44Oz44Ks44O8KOOCq+ODqeODleODqynjgIBOSy01MDMz44CAMDVQMDVOb3YxNg==,44Kr44Op44OV44Or44Gq44OV44OD44Kv44GM44GL44KP44GE44GE44K444Ol44OL44Ki44OP44Oz44Ks44O84pmq,PHRhYmxlIHdpZHRoPSI2MDAiIGJvcmRlcj0iMCIgYWxpZ249ImNlbnRlciIgY2VsbHBhZGRpbmc9IjAiIGNlbGxzcGFjaW5nPSIwIj48dHI+PHRkPjxmb250IGNvbG9yPSIjMDA5OTk5IiBzaXplPSI1Ij48c3Ryb25nPuOCq+ODqeODleODq+OBquODleODg+OCr+OBjOOBi+OCj+OBhOOBhOOCuOODpeODi+OCouODj+ODs+OCrOODvOKZqjwvc3Ryb25nPjwvZm9udD48L3RkPjwvdHI+PC90YWJsZT48YnI+PHRhYmxlIHdpZHRoPSI2MTAiIGJvcmRlcj0iMCIgYWxpZ249ImNlbnRlciIgY2VsbHBhZGRpbmc9IjEiIGNlbGxzcGFjaW5nPSIwIj48dHI+PHRkIHdpZHRoPSI2MTAiIHZhbGlnbj0idG9wIiBhbGlnbj0iY2VudGVyIj48ZGl2PjxpbWcgc3JjPSJodHRwczovL2ltYWdlLnJha3V0ZW4uY28uanAvdHVoYW4teWEvY2FiaW5ldC90X3NpbXBsZTUzMTEvMTAxMDAyNy0wMS5qcGciIHdpZHRoPSI2MDAiIGhlaWdodD0iNzAwIj48YnI+PGZvbnQgc2l6ZT0zPjwvZm9udD48L2Rpdj48YnI+PHRhYmxlIHdpZHRoPSI2MDAiIGNlbGxzcGFjaW5nPSIwIiBjZWxscGFkZGluZz0iMCIgYm9yZGVyPSIwIiBhbGlnbj0iY2VudGVyIj48dHI+PHRkIHdpZHRoPSI2MDAiIHZhbGlnbj0idG9wIj48ZGl2IGFsaWduPSJjZW50ZXIiPjxpbWcgd2lkdGg9IjYwMCIgaGVpZ2h0PSI5MjUiIHNyYz0iaHR0cHM6Ly9pbWFnZS5yYWt1dGVuLmNvLmpwL3R1aGFuLXlhL2NhYmluZXQvdF9zaW1wbGU1MzExLzEwMTAwMjctMDIuanBnIj48YnI+PGZvbnQgc2l6ZT0iMyI+PC9mb250PjwvZGl2Pjxicj48L3RkPjwvdHI+PC90YWJsZT48L3RkPjwvdHI+PC90YWJsZT48dGFibGUgd2lkdGg9IjYwMCIgYm9yZGVyPSIwIiBhbGlnbj0iY2VudGVyIiBjZWxscGFkZGluZz0iMSIgY2VsbHNwYWNpbmc9IjAiPjx0cj48dGQgd2lkdGg9IjYwMCIgdmFsaWduPSJ0b3AiIGFsaWduPSJsZWZ0Ij48YnI+PGZvbnQgc2l6ZT0iMyI+5a2Q5L6b6YOo5bGL44Gr44G044Gj44Gf44KK44Gq44Kr44Op44OV44Or44Gq44OV44OD44Kv44CCIOmrmOOBleOCkumBuOOBueOCizJXQVnku5Xmp5jjgafjgZnjgIIg44OV44OD44Kv44Gv57WE56uL5pmC44Gr44GK5aW944G/44Gu6aCG55Wq44Gn5Lim44Gz5pu/44GI44Gn44GN44G+44GZ44CC5Lit5aSu44Gu5pSv5p+x44KS6Laz44GX44Gm57WE44G/56uL44Gm44KL44Go44CB57SEMTgwY23jga7jg4/jg7Pjgqzjg7zjgajjgarjgorjgIHjgYrlrZDmp5jjgYzmiJDplbfjgZXjgozjgabjgoLplbfjgY/jgZTkvb/nlKjpoILjgZHjgb7jgZnjgII8L2ZvbnQ+PC90ZD48L3RyPjwvdGFibGU+PGJyPjxzcGFuIHN0eWxlPSJwYWRkaW5nOjA7bWFyZ2luOjA7Zm9udC1zaXplOjA7Y29sb3I6I2ZmZjsiPmZrMDk0aWdyanM8L3NwYW4+PHRhYmxlIHdpZHRoPSIzMDAiIGJvcmRlcj0iMCIgY2VsbHNwYWNpbmc9IjAiIGNlbGxwYWRkaW5nPSIwIj48dHI+PHRkPjxmb250IGNvbG9yPSIjMzMzMzMzIiBzaXplPSItMSI+5a2Q5L6b6YOo5bGL44Gr44G044Gj44Gf44KK44Gq44Kr44Op44OV44Or44Gq44OV44OD44Kv44CCIOmrmOOBleOCkumBuOOBueOCizJXQVnku5Xmp5jjgafjgZnjgIIg44OV44OD44Kv44Gv57WE56uL5pmC44Gr44GK5aW944G/44Gu6aCG55Wq44Gn5Lim44Gz5pu/44GI44Gn44GN44G+44GZ44CC5Lit5aSu44Gu5pSv5p+x44KS6Laz44GX44Gm57WE44G/56uL44Gm44KL44Go44CB57SEMTgwY23jga7jg4/jg7Pjgqzjg7zjgajjgarjgorjgIHjgYrlrZDmp5jjgYzmiJDplbfjgZXjgozjgabjgoLplbfjgY/jgZTkvb/nlKjpoILjgZHjgb7jgZnjgII8L2ZvbnQ+PC90ZD48L3RyPjwvdGFibGU+PGJyPjx0YWJsZSB3aWR0aD0iMzAwIiBib3JkZXI9IjAiIGNlbGxwYWRkaW5nPSI1IiBjZWxsc3BhY2luZz0iMSIgYmdjb2xvcj0iIzY2NjY2NiI+PHRyIGJnY29sb3I9IiNGRkZGRkYiPjx0ZCBhbGlnbj0iY2VudGVyIiBub3dyYXAgYmdjb2xvcj0iI0ZGRkZDQyI+PGZvbnQgY29sb3I9IiMzMzMzMzMiIHNpemU9Ii0xIj7jgrXjgqTjgro8L2ZvbnQ+PC90ZD48dGQgYWxpZ249ImxlZnQiPjxmb250IGNvbG9yPSIjMzMzMzMzIiBzaXplPSItMSI+VzI5w5dEMjnDl0gxMTnvvZ4xNzUuNWNtPC9mb250Pjxicj48Zm9udCBjb2xvcj0iIzMzMzMzMyIgc2l6ZT0iLTEiPuWAi+ijheOCteOCpOOCuu+8mjMxw5c2McOXOWNtPC9mb250PjwvdGQ+PC90cj48dHIgYmdjb2xvcj0iI0ZGRkZGRiI+PHRkIGFsaWduPSJjZW50ZXIiIG5vd3JhcCBiZ2NvbG9yPSIjRkZGRkNDIj48Zm9udCBjb2xvcj0iIzMzMzMzMyIgc2l6ZT0iLTEiPumHjemHjzwvZm9udD48L3RkPjx0ZCBhbGlnbj0ibGVmdCI+PGZvbnQgY29sb3I9IiMzMzMzMzMiIHNpemU9Ii0xIj7ntIQzLjnvvZ40LjJrZzwvZm9udD48YnI+PGZvbnQgY29sb3I9IiMzMzMzMzMiIHNpemU9Ii0xIj7lgIvoo4Xph43ph4/vvJo0NjAwZzwvZm9udD48L3RkPjwvdHI+PHRyIGJnY29sb3I9IiNGRkZGRkYiPjx0ZCBhbGlnbj0iY2VudGVyIiBub3dyYXAgYmdjb2xvcj0iI0ZGRkZDQyI+PGZvbnQgY29sb3I9IiMzMzMzMzMiIHNpemU9Ii0xIj7ntKDmnZDjg7vmnZDos6o8L2ZvbnQ+PC90ZD48dGQgYWxpZ249ImxlZnQiPjxmb250IGNvbG9yPSIjMzMzMzMzIiBzaXplPSItMSI+44K544OB44O844OrPGJyPuWhl+ijhTrnsonkvZPloZfoo4Xjg7vjgq/jg63jg7zjg6Djg6Hjg4Pjgq08L2ZvbnQ+PC90ZD48L3RyPjx0ciBiZ2NvbG9yPSIjRkZGRkZGIj48dGQgYWxpZ249ImNlbnRlciIgbm93cmFwIGJnY29sb3I9IiNGRkZGQ0MiPjxmb250IGNvbG9yPSIjMzMzMzMzIiBzaXplPSItMSI+5LuV5qeYPC9mb250PjwvdGQ+PHRkIGFsaWduPSJsZWZ0Ij48Zm9udCBjb2xvcj0iIzMzMzMzMyIgc2l6ZT0iLTEiPue1hOeri+WTgSjlv4XopoHlt6XlhbcpOuWFreinkuODrOODs+ODgeODu+WOmuaJi+OBruOCtOODoOaJi+iiizxicj7ogJDojbfph40644OV44OD44KvKDHlgIspL+e0hDEuNWtnPC9mb250Pjxicj48L3RkPjwvdHI+PHRyIGJnY29sb3I9IiNGRkZGRkYiPjx0ZCBhbGlnbj0iY2VudGVyIiBub3dyYXAgYmdjb2xvcj0iI0ZGRkZDQyI+PGZvbnQgY29sb3I9IiMzMzMzMzMiIHNpemU9Ii0xIj7oo73pgKDlm708L2ZvbnQ+PC90ZD48dGQgYWxpZ249ImxlZnQiPjxmb250IGNvbG9yPSIjMzMzMzMzIiBzaXplPSItMSI+5Y+w5rm+PC9mb250PjwvdGQ+PC90cj48L3RhYmxlPuODu+W6g+WRiuaWh+iyrO+8iOagquW8j+S8muekvuODnuODg+ODl+OCueODuzAzLTM1MTMtNTgwMO+8iQ==,44CQ5Luj5byV44GN44O75ZCM5qKx5LiN5Y+v44CRaW5lcyjjgqLjgqTjg43jgrkp44CA44K444Ol44OL44Ki44OP44Oz44Ks44O8KOOCq+ODqeODleODqynjgIBOSy01MDMz44CAMDVQMDVOb3YxNu+8muODnuODg+ODl+OCueODnuODvOOCseODg+ODiA==,44CQ5Luj5byV44GN44O75ZCM5qKx5LiN5Y+v44CRaW5lcyjjgqLjgqTjg43jgrkp44CA44K444Ol44OL44Ki44OP44Oz44Ks44O8KOOCq+ODqeODleODqynjgIBOSy01MDMz44CAMDVQMDVOb3YxNg==,44Kr44Op44OV44Or44Gq44OV44OD44Kv44GM44GL44KP44GE44GE44K444Ol44OL44Ki44OP44Oz44Ks44O84pmq44CC44CQ5Luj5byV44GN44O75ZCM5qKx5LiN5Y+v44CRaW5lcyjjgqLjgqTjg43jgrkp44CA44K444Ol44OL44Ki44OP44Oz44Ks44O8KOOCq+ODqeODleODqynjgIBOSy01MDMz44CAMDVQMDVOb3YxNg==[rn]
30-32981,aHR0cDovL3RzaG9wLnIxMHMuanAvbWFwc21hcmtldC9jYWJpbmV0LzM3NzgyNTc5ODY3MzVkMjUwNy80MDYzYnQuanBnP2ZpdGluPTcwMDo3MDA=,MjIwMy4yMDAw,,44Kk44Oz44OG44Oq44Ki44O75a+d5YW344O75Y+O57SNID4g5a2Q5L6b6YOo5bGL77yI44Kk44Oz44OG44Oq44Ki44O75a+d5YW344O744Kw44OD44K677yJID4g44OP44Oz44Ks44O844O744Od44O844Or,44CQ5Luj5byV44GN44O75ZCM5qKx5LiN5Y+v44CRaW5lc++8iOOCouOCpOODjeOCue+8ieOAgOOCuOODpeODi+OCouODj+ODs+OCrOODvO+8iOOBj+OBvu+8ieOAgE5LLTUwMzLjgIAwNVAwNU5vdjE2,44OK44OB44Ol44Op44Or44OG44Kk44K544OI44Gu44K444Ol44OL44Ki44OP44Oz44Ks44O877yB44GK5a2Q5qeY44Gr44G044Gj44Gf44KK4pmq,PHRhYmxlIHdpZHRoPSI2MDAiIGJvcmRlcj0iMCIgYWxpZ249ImNlbnRlciIgY2VsbHBhZGRpbmc9IjAiIGNlbGxzcGFjaW5nPSIwIj48dHI+PHRkPjxmb250IGNvbG9yPSIjMDA5OTk5IiBzaXplPSI1Ij48c3Ryb25nPuODiuODgeODpeODqeODq+ODhuOCpOOCueODiOOBruOCuOODpeODi+OCouODj+ODs+OCrOODvCHjgYrlrZDmp5jjga7og4zkuIjjgavjgbTjgaPjgZ/jgorimao8L3N0cm9uZz48L2ZvbnQ+PC90ZD48L3RyPjwvdGFibGU+PGJyPjx0YWJsZSB3aWR0aD0iNjEwIiBib3JkZXI9IjAiIGFsaWduPSJjZW50ZXIiIGNlbGxwYWRkaW5nPSIxIiBjZWxsc3BhY2luZz0iMCI+PHRyPjx0ZCB3aWR0aD0iNjEwIiB2YWxpZ249InRvcCIgYWxpZ249ImNlbnRlciI+PGRpdj48aW1nIHNyYz0iaHR0cHM6Ly9pbWFnZS5yYWt1dGVuLmNvLmpwL3R1aGFuLXlhL2NhYmluZXQvdF9zaW1wbGU1Mjg0LzQwNjNidC0wMS5qcGciIHdpZHRoPSI2MDAiIGhlaWdodD0iNjAwIj48YnI+PGZvbnQgc2l6ZT0zPjwvZm9udD48L2Rpdj48YnI+PHRhYmxlIHdpZHRoPSI2MDAiIGNlbGxzcGFjaW5nPSIwIiBjZWxscGFkZGluZz0iMCIgYm9yZGVyPSIwIiBhbGlnbj0iY2VudGVyIj48dHI+PHRkIHdpZHRoPSI2MDAiIHZhbGlnbj0idG9wIj48ZGl2IGFsaWduPSJjZW50ZXIiPjxpbWcgd2lkdGg9IjU0NiIgaGVpZ2h0PSI2NDgiIHNyYz0iaHR0cHM6Ly9pbWFnZS5yYWt1dGVuLmNvLmpwL3R1aGFuLXlhL2NhYmluZXQvdF9zaW1wbGU1Mjg0LzQwNjNidC0wMi5qcGciPjxicj48Zm9udCBzaXplPSIzIj48L2ZvbnQ+PC9kaXY+PGJyPjwvdGQ+PC90cj48L3RhYmxlPjwvdGQ+PC90cj48L3RhYmxlPjx0YWJsZSB3aWR0aD0iNjAwIiBib3JkZXI9IjAiIGFsaWduPSJjZW50ZXIiIGNlbGxwYWRkaW5nPSIxIiBjZWxsc3BhY2luZz0iMCI+PHRyPjx0ZCB3aWR0aD0iNjAwIiB2YWxpZ249InRvcCIgYWxpZ249ImxlZnQiPjxicj48Zm9udCBzaXplPSIzIj7jgq/jg57jga7jg6Ljg4Hjg7zjg5XjgYzjgajjgaPjgabjgoLjgYvjgo/jgYTjgYTjgrjjg6Xjg4vjgqLjg4/jg7Pjgqzjg7zjgILlpKnnhLbmnKjjga7lhKrjgZfjgYTpoqjlkIjjgYTjga7jgYLjgovjg4/jg4vjg7zjg5bjg6njgqbjg7PjgIIg44GK5a2Q5qeY44Gu5rSL5pyN44KE44Kr44OQ44Oz44CB5bi95a2Q44KS44K544OD44Kt44Oq5Y+O57SN44Gn44GN44G+44GZ44CC5a2Q5L6b6YOo5bGL44Gr44OU44OD44K/44Oq44Gu5Lq65rCX5ZWG5ZOB44Gn44GZ44CCPC9mb250PjwvdGQ+PC90cj48L3RhYmxlPjxicj48c3BhbiBzdHlsZT0icGFkZGluZzowO21hcmdpbjowO2ZvbnQtc2l6ZTowO2NvbG9yOiNmZmY7Ij5mazA5NGlncmpzPC9zcGFuPjx0YWJsZSB3aWR0aD0iMzAwIiBib3JkZXI9IjAiIGNlbGxzcGFjaW5nPSIwIiBjZWxscGFkZGluZz0iMCI+PHRyPjx0ZD48Zm9udCBjb2xvcj0iIzMzMzMzMyIgc2l6ZT0iLTEiPuOCr+ODnuOBruODouODgeODvOODleOBjOOBqOOBo+OBpuOCguOBi+OCj+OBhOOBhOOCuOODpeODi+OCouODj+ODs+OCrOODvOOAguWkqeeEtuacqOOBruWEquOBl+OBhOmiqOWQiOOBhOOBruOBguOCi+ODj+ODi+ODvOODluODqeOCpuODs+OAgiDjgYrlrZDmp5jjga7mtIvmnI3jgoTjgqvjg5Djg7PjgIHluL3lrZDjgpLjgrnjg4Pjgq3jg6rlj47ntI3jgafjgY3jgb7jgZnjgILlrZDkvpvpg6jlsYvjgavjg5Tjg4Pjgr/jg6rjga7kurrmsJfllYblk4HjgafjgZnjgII8L2ZvbnQ+PC90ZD48L3RyPjwvdGFibGU+PGJyPjx0YWJsZSB3aWR0aD0iMzAwIiBib3JkZXI9IjAiIGNlbGxwYWRkaW5nPSI1IiBjZWxsc3BhY2luZz0iMSIgYmdjb2xvcj0iIzY2NjY2NiI+PHRyIGJnY29sb3I9IiNGRkZGRkYiPjx0ZCBhbGlnbj0iY2VudGVyIiBub3dyYXAgYmdjb2xvcj0iI0ZGRkZDQyI+PGZvbnQgY29sb3I9IiMzMzMzMzMiIHNpemU9Ii0xIj7jgrXjgqTjgro8L2ZvbnQ+PC90ZD48dGQgYWxpZ249ImxlZnQiPjxmb250IGNvbG9yPSIjMzMzMzMzIiBzaXplPSItMSI+5bmFMzcww5flpaXooYwzNzDDl+mrmOOBlTEyOTBtbTwvZm9udD48YnI+PGZvbnQgY29sb3I9IiMzMzMzMzMiIHNpemU9Ii0xIj7lgIvoo4XjgrXjgqTjgrrvvJo0NcOXMTTDlzdjbTwvZm9udD48L3RkPjwvdHI+PHRyIGJnY29sb3I9IiNGRkZGRkYiPjx0ZCBhbGlnbj0iY2VudGVyIiBub3dyYXAgYmdjb2xvcj0iI0ZGRkZDQyI+PGZvbnQgY29sb3I9IiMzMzMzMzMiIHNpemU9Ii0xIj7ph43ph488L2ZvbnQ+PC90ZD48dGQgYWxpZ249ImxlZnQiPjxmb250IGNvbG9yPSIjMzMzMzMzIiBzaXplPSItMSI+57SEMS4ya2c8L2ZvbnQ+PGJyPjxmb250IGNvbG9yPSIjMzMzMzMzIiBzaXplPSItMSI+5YCL6KOF6YeN6YeP77yaMTUyMGc8L2ZvbnQ+PC90ZD48L3RyPjx0ciBiZ2NvbG9yPSIjRkZGRkZGIj48dGQgYWxpZ249ImNlbnRlciIgbm93cmFwIGJnY29sb3I9IiNGRkZGQ0MiPjxmb250IGNvbG9yPSIjMzMzMzMzIiBzaXplPSItMSI+57Sg5p2Q44O75p2Q6LOqPC9mb250PjwvdGQ+PHRkIGFsaWduPSJsZWZ0Ij48Zm9udCBjb2xvcj0iIzMzMzMzMyIgc2l6ZT0iLTEiPuWkqeeEtuacqCjloZfoo4U6IOODqeODg+OCq+ODvOWhl+ijhSk8L2ZvbnQ+PC90ZD48L3RyPjx0ciBiZ2NvbG9yPSIjRkZGRkZGIj48dGQgYWxpZ249ImNlbnRlciIgbm93cmFwIGJnY29sb3I9IiNGRkZGQ0MiPjxmb250IGNvbG9yPSIjMzMzMzMzIiBzaXplPSItMSI+5LuV5qeYPC9mb250PjwvdGQ+PHRkIGFsaWduPSJsZWZ0Ij48Zm9udCBjb2xvcj0iIzMzMzMzMyIgc2l6ZT0iLTEiPue1hOeri+WTgTxicj7ogJDojbfph406KOODleODg+OCrzHmnKwp57SEMWtnPGJyPuiEmuijj+ODleOCp+ODq+ODiOS7mOOBjTwvZm9udD48YnI+PC90ZD48L3RyPjx0ciBiZ2NvbG9yPSIjRkZGRkZGIj48dGQgYWxpZ249ImNlbnRlciIgbm93cmFwIGJnY29sb3I9IiNGRkZGQ0MiPjxmb250IGNvbG9yPSIjMzMzMzMzIiBzaXplPSItMSI+6KO96YCg5Zu9PC9mb250PjwvdGQ+PHRkIGFsaWduPSJsZWZ0Ij48Zm9udCBjb2xvcj0iIzMzMzMzMyIgc2l6ZT0iLTEiPuODmeODiOODiuODoDwvZm9udD48L3RkPjwvdHI+PC90YWJsZT7jg7vluoPlkYrmlofosqzvvIjmoKrlvI/kvJrnpL7jg57jg4Pjg5fjgrnjg7swMy0zNTEzLTU4MDDvvIk=,44CQ5Luj5byV44GN44O75ZCM5qKx5LiN5Y+v44CRaW5lc++8iOOCouOCpOODjeOCue+8ieOAgOOCuOODpeODi+OCouODj+ODs+OCrOODvO+8iOOBj+OBvu+8ieOAgE5LLTUwMzLjgIAwNVAwNU5vdjE277ya44Oe44OD44OX44K544Oe44O844Kx44OD44OI,44CQ5Luj5byV44GN44O75ZCM5qKx5LiN5Y+v44CRaW5lc++8iOOCouOCpOODjeOCue+8ieOAgOOCuOODpeODi+OCouODj+ODs+OCrOODvO+8iOOBj+OBvu+8ieOAgE5LLTUwMzLjgIAwNVAwNU5vdjE2,44OK44OB44Ol44Op44Or44OG44Kk44K544OI44Gu44K444Ol44OL44Ki44OP44Oz44Ks44O877yB44GK5a2Q5qeY44Gr44G044Gj44Gf44KK4pmq44CC44CQ5Luj5byV44GN44O75ZCM5qKx5LiN5Y+v44CRaW5lc++8iOOCouOCpOODjeOCue+8ieOAgOOCuOODpeODi+OCouODj+ODs+OCrOODvO+8iOOBj+OBvu+8ieOAgE5LLTUwMzLjgIAwNVAwNU5vdjE2[rn]
30-32982,aHR0cDovL3RzaG9wLnIxMHMuanAvcmFrdXRlbjI0L2NhYmluZXQvZTQ5MzMvZTQ5MzM0N2hfbC5qcGc/Zml0aW49NzAwOjcwMA==,ODI4LjAwMDA=,,44Kk44Oz44OG44Oq44Ki44O75a+d5YW344O75Y+O57SNID4g5a2Q5L6b6YOo5bGL77yI44Kk44Oz44OG44Oq44Ki44O75a+d5YW344O744Kw44OD44K677yJID4g44OP44Oz44Ks44O844O744Od44O844Or,UyZGIOOCqOODq+ODkeOCveOCueODiOODg+ODl+ODj+ODs+OCrOODvCDjgrjjg6PjgrHjg4Pjg4jnlKgg44OW44Op44OD44Kv44CQ5qW95aSpMjTjgJFb44K344Oz44Kz44OP44Oz44Ks44O8IOODj+ODs+OCrOODvF0=,44K344Oz44Kz44OP44Oz44Ks44O8L+eojuaKnDE4ODDlhobku6XkuIrpgIHmlpnnhKHmlpk=,PGEgaHJlZj0iaHR0cDovL3d3dy5yYWt1dGVuLm5lLmpwL2dvbGQvcmFrdXRlbjI0L2NhbXBhaWduL3Jldmlldy8/cy1pZD1yMjRfcmV2aWV3X2ZpcnN0MDEiIHRhcmdldD0iX2JsYW5rIj48aW1nIHNyYz0iaHR0cDovL2ltYWdlLnJha3V0ZW4uY28uanAvcmFrdXRlbjI0L2NhYmluZXQvY2FtcGFpZ24vcmV2aWV3LzFiYW5fcmV2aWV3LmpwZyIgd2lkdGg9IjcwMCIgaGVpZ2h0PSIxMDAiIGJvcmRlcj0iMCIgLz48L2E+PGJyPuKAu+ODu+ODrOODk+ODpeODvOaKleeov+aZguOBq+OCt+ODp+ODg+ODl+OBuOazqOaWh+eVquWPt+OCkuefpeOCieOBm+OCi+OAguOBruODgeOCp+ODg+OCr+OCkuWFpeOCjOOBpuOBj+OBoOOBleOBhOOAgjxicj7jg7vlvozml6Xjg6Hjg7zjg6vjgavjgabjgq/jg7zjg53jg7NVUkzjgpLjgYrpgIHjgorjgZfjgb7jgZnjgII8YSBocmVmPSJodHRwczovL29yZGVyLm15LnJha3V0ZW4uY28uanAvP3MtaWQ9cjI0X3Jldmlld19maXJzdDAyIj7ilqDilqHjg6zjg5Pjg6Xjg7zjgpLmm7jjgY/ilqHilqA8L2E+PGJyPuODu+S7luOBruaWueOBjOWFiOOBq+aKleeov+OBl+OBn+WgtOWQiOOAgeOCr+ODvOODneODs+mAsuWRiOWvvuixoeWkluOBqOOBquOCiuOBvuOBmeOBruOBp+OBlOazqOaEj+OBj+OBoOOBleOBhOOAguODrOODk+ODpeODvOaKleeov+OBr+S4i+mDqOOBq+iomOi8ieOBl+OBpuOBhOOBvuOBmeOAgjxicj7jg7vjg6zjg5Pjg6Xjg7zmipXnqL/jgYvjgonlj43mmKDjgb7jgafmmYLlt67jgYzjgYLjgovjgZ/jgoHjgIHllYblk4HnlLvpnaLkuIrjga7jg6zjg5Pjg6Xjg7zku7bmlbDjgajlrp/pmpvjga7mipXnqL/ku7bmlbDjgYznlbDjgarjgovloLTlkIjjgYzjgYLjgorjgb7jgZnjga7jgafkuojjgoHjgZTkuobmib/jgY/jgaDjgZXjgYTjgII8YnI+PGJyPjxicj48c21hbGw+4oC744OR44OD44Kx44O844K444OH44K244Kk44Oz562J44Gv5LqI5ZGK44Gq44GP5aSJ5pu044GV44KM44KL44GT44Go44GM44GC44KK44G+44GZ44CCPC9zbWFsbD48YnI+PGJyPjx0YWJsZT48dHI+PHRkIHdpZHRoPSIxMDAlIj48cCBjbGFzcz0icGRlc2MiPjxkaXYgY2xhc3M9InBkZXNjdGl0bGUiPuWVhuWTgeiqrOaYjjwvZGl2PjxkaXYgY2xhc3M9InBkZXNjaG9uYnVuIj7jgIxTJkYg44Ko44Or44OR44K944K544OI44OD44OX44OP44Oz44Ks44O8IOOCuOODo+OCseODg+ODiOeUqCDjg5bjg6njg4Pjgq/jgI3jga/jgIHjgrjjg6PjgrHjg4Pjg4jjgIHjgrnjg6njg4Pjgq/jgrnjgpLohLHjgZDpoIbjg7vnnYDjgovpoIbpgJrjgorjgavmjpvjgZHjgonjgozjgovjg4/jg7Pjgqzjg7zjgafjgZnjgILogqnluYXjga805q616ZqO44Gr5Ly457iu44Gn44GN44G+44GZ44CC44K544OI44OD44OX44OQ44O844GM5LiK5LiL44Gr5YuV44GN44G+44GZ44CCPC9kaXY+PGRpdiBjbGFzcz0icGRlc2N0aXRsZSI+5L2/55So5LiK44Gu5rOo5oSPPC9kaXY+PGRpdiBjbGFzcz0icGRlc2Nob25idW4iPuKXj+acieapn+a6tuWJpOOBjOaOpeOBl+OBn+OBvuOBvuS9v+eUqOOBl+OBpOOBpeOBkeOCi+OBqOOAgeaoueiEguOBjOWMluWtpuWPjeW/nOOCkui1t+OBk+OBl+OAgea0i+acjeOBq+S7mOedgOOBl+OBvuOBmeOBruOBp+OBlOazqOaEj+OBj+OBoOOBleOBhOOAgjxicj7il4/ooaPpoZ7ku6XlpJbjgafjga7jgZTkvb/nlKjjga/jgYrpgb/jgZHjgY/jgaDjgZXjgYTjgII8YnI+4peP5bGL5aSW44KE5rm/5rCX44Gu5aSa44GE5rW05a6k44Gq44Gp44Gn5L2/55So44GX44Gk44Gl44GR44KL44Go44CB6YeR5bGe6YOo5YiG44GM44GV44Gz44G+44GZ44CCPGJyPuKXj+eBq+awl+OBruOBneOBsOOBp+S9v+eUqOOBl+OBquOBhOOBp+OBj+OBoOOBleOBhOOAgjxicj7il4/ogqnluYXjga7oqr/nr4Djga/jg6zjg5Djg7zjgafooYzjgaPjgabjgY/jgaDjgZXjgYTjgILnm7TmjqXogqnpg6jjgpLlvLfjgY/lvJXjgaPjgbHjgorjgb7jgZnjgajjg6zjg5Djg7zjgYznoLTmkI3jgZnjgovjgYrjgZ3jgozjgYzjgYLjgorjgb7jgZnjgII8L2Rpdj48ZGl2IGNsYXNzPSJwZGVzY3RpdGxlIj7lk4Hos6rooajnpLo8L2Rpdj48ZGl2IGNsYXNzPSJwZGVzY2hvbmJ1biI+4peP44K144Kk44K677yaKOe0hCnogqnluYU0MjAtNTEwbW3jgIHpq5jjgZUyNzBtbeOAgeWOmuOBlTQ1bW08YnI+4peP5p2Q6LOq77ya5pys5L2T77yaQUJT5qi56ISC44CB5Lih6IKp77ya44Od44Oq44OX44Ot44OU44Os44Oz44CB44K544OI44OD44OX44OQ44O877ya44OP44Kk44Kk44Oz44OR44Kv44OI44K544OB44Ot44O844Or44O744Op44OQ44O85Yqg5bel44CB44OV44OD44Kv77ya6YmE44O744Kv44Ot44O844Og44Oh44OD44KtPC9kaXY+PGRpdiBjbGFzcz0icGRlc2N0aXRsZSI+5Y6f55Sj5Zu9PC9kaXY+PGRpdiBjbGFzcz0icGRlc2Nob25idW4iPuaXpeacrDwvZGl2PjxkaXYgY2xhc3M9InBkZXNjdGl0bGUiPuOBiuWVj+OBhOWQiOOCj+OBm+WFiDwvZGl2PjxkaXYgY2xhc3M9InBkZXNjaG9uYnVuIj7jgrfjg7PjgrPjg4/jg7Pjgqzjg7zmoKrlvI/kvJrnpL48YnI+VEVM77yaMDYtNjc5My0wOTcxKOS7o+ihqCk8L2Rpdj48L3A+PC90ZD48L3RyPjwvdGFibGU+PGJyPuODluODqeODs+ODie+8muOCt+ODs+OCs+ODj+ODs+OCrOODvDxicj7mpb3lpKkyNO+8nuaXpeeUqOWTge+8nua0l+a/r+eUqOWTge+8nuODj+ODs+OCrOODvO+9peODj+ODs+OCrOODvOODqeODg+OCr++8nuODj+ODs+OCrOODvO+8nlMmRiDjgqjjg6vjg5Hjgr3jgrnjg4jjg4Pjg5fjg4/jg7Pjgqzjg7wg44K444Oj44Kx44OD44OI55SoIOODluODqeODg+OCrzxicj7oo73pgKDosqnlo7LlhYPvvJrjgrfjg7PjgrPjg4/jg7Pjgqzjg7w8YnI+5Y6f55Sj5Zu9IOaXpeacrDxicj48YnI+PGJyPjxicj48YnI+SkFO44Kz44O844OJ77ya44CANDk3MzIyODAyNTE4NTxicj48YnI+PHRhYmxlIHdpZHRoPSIxMDAlIiBib3JkZXI9MCBjZWxsc3BhY2luZz0wIGNlbGxwYWRkaW5nPTU+PHRyPjx0ZD48L3RkPjx0cj48dGQ+PC90ZD48L3RyPjwvdGFibGU+PGJyPjxicj48YnI+5bqD5ZGK5paH6LKs77ya44Kx44Oz44Kz44O844Kz44Og5qCq5byP5Lya56S+PGJyPlRFTDowNTAtNTU3Ny01MDQzPGJyPjxicj5b44K344Oz44Kz44OP44Oz44Ks44O8XTxicj7mtJfmv6/nlKjlk4Ev44OP44Oz44Ks44O8772l44OP44Oz44Ks44O844Op44OD44KvL+ODj+ODs+OCrOODvDxicj48YnI+PCEtLSBpZDogP3MtaWQ9cjI0X2loYm5yXzAxLyA/cy1pZD1yMjRfaWhibnJfMDIgLS0+Cjx0YWJsZSB3aWR0aD0iNzMwIiBjZWxscGFkZGluZz0iMCIgY2VsbHNwYWNpbmc9IjAiIGJvcmRlcj0iMCI+Cgo8IS0tMTDvvIVPRkbjgq/jg7zjg53jg7MvIC0tPgoKPGRpdiBzdHlsZT0ibWFyZ2luLWJvdHRvbToxMHB4OyI+Cgo8aW1nIHNyYz0iCmh0dHBzOi8vaW1hZ2UucmFrdXRlbi5jby5qcC9yYWt1dGVuMjQvY2FiaW5ldC9jb3Vwb24vYm5yXzEwMF83MDBfNjAuanBnIiBhbHQ9IuWIneOCgeOBpuOBruaWuemZkOWumjEwMOWGhk9GRuOCr+ODvOODneODs++8gSIgd2lkdGg9IjcwMCIgaGVpZ2h0PSI2MCIgYm9yZGVyPSIwIj4KPC9kaXY+Cgo8ZGl2IHN0eWxlPSJtYXJnaW4tYm90dG9tOjEwcHg7Ij4KCjxpbWcgc3JjPSJodHRwczovL2ltYWdlLnJha3V0ZW4uY28uanAvcmFrdXRlbjI0L2NhYmluZXQvY291cG9uL2Jucl83MDBfNjBfNTAwMC5qcGciIGFsdD0iNSwwMDDlhobku6XkuIros7zlhaUxMCVPRkbvvIEiIHdpZHRoPSI3MDAiIGhlaWdodD0iNjAiIGJvcmRlcj0iMCI+CjwvZGl2PgoKPGRpdiBzdHlsZT0ibWFyZ2luLWJvdHRvbToxMHB4OyI+Cgo8aW1nIHNyYz0iaHR0cDovL2ltYWdlLnJha3V0ZW4uY28uanAvcmFrdXRlbjI0L2NhYmluZXQvY291cG9uL2Jucl83MDBfNjBfMTAwMDAuanBnIiBhbHQ9IjEwLDAwMOWGhuS7peS4iuizvOWFpeOBpzE1JU9GRu+8gSIgd2lkdGg9IjcwMCIgaGVpZ2h0PSI2MCIgYm9yZGVyPSIwIj4KPC9kaXY+Cgo8IS0tZGl2IHN0eWxlPSJtYXJnaW4tYm90dG9tOjEwcHg7Ij4KCjxpbWcgc3JjPSJodHRwOi8vaW1hZ2UucmFrdXRlbi5jby5qcC9yYWt1dGVuMjQvY2FiaW5ldC9jYW1wYWlnbi9hc3VyYWt1L2Jucl83MDBfNjAuanBnIiBhbHQ9IuOBguOBmealveWVhuWTgeODneOCpOODs+ODiDPlgI3vvIEiIHdpZHRoPSI3MDAiIGhlaWdodD0iNjAiIGJvcmRlcj0iMCI+CjwvZGl2LS0+Cgo8ZGl2IHN0eWxlPSJtYXJnaW4tYm90dG9tOjEwcHg7Ij4KCjxpbWcgc3JjPSJodHRwczovL2ltYWdlLnJha3V0ZW4uY28uanAvcmFrdXRlbjI0L2NhYmluZXQvc3BlY2lhbC9mYXRoZXJfNDY4eDYwLmpwZyIgYWx0PSLjg53jgqTjg7Pjg4gz5YCN77yBIiB3aWR0aD0iNDY4IiBoZWlnaHQ9IjYwIiBib3JkZXI9IjAiPgo8L2Rpdj4KCgo8IS0tZGl2IHN0eWxlPSJtYXJnaW4tYm90dG9tOjEwcHg7Ij4KCjxpbWcgc3JjPSJodHRwczovL2ltYWdlLnJha3V0ZW4uY28uanAvcmFrdXRlbjI0L2NhYmluZXQvc3BlY2lhbC8yMDE2X2VjYW1wYWlnbi5qcGciIGFsdD0i44Kk44O844Kw44Or44K55Yud5Yip6KiY5b+144Od44Kk44Oz44OIMuWAje+8gSIgd2lkdGg9IjQ2OCIgaGVpZ2h0PSI2MCIgYm9yZGVyPSIwIj4KPC9kaXYtLT4KCgo8IS0tIC8xMO+8hU9GRuOCr+ODvOODneODsyAtLT4KCjwhLS0g44GK44GZ44GZ44KB5ZWG5ZOBIC0tPgrjg4bjg6zjg5PntLnku4vvvJoK44OI44Oe44OI44K444Ol44O844K5IC8K44Oe44Kr44OH44Of44Ki44OK44OD44OE44Kq44Kk44OrIC8KIOmbu+WLleODluODrOODg+ODieOCq+ODg+OCv+ODvCAvCiDjg6vjgqTjg5zjgrnjg4bjgqPjg7wgLwrjgorjgpPjgZTphaIgLwo8IS0tIC/jgYrjgZnjgZnjgoHllYblk4EgLS0+CgoKCjwhLS0g5qW95aSpMjTjgYvjgonjga7jg6Hjg4Pjgrvjg7zjgrgvIC0tPgo8YnI+PGJyPgoKCjwhLS0gL+alveWkqTI044GL44KJ44Gu44Oh44OD44K744O844K4IC0tPgoKPCEtLSDjgYLjgZnmpb1ORy8gLS0+CjwhLS3jgIA8aW1nIHNyYz0iaHR0cDovL2ltYWdlLnJha3V0ZW4uY28uanAvcmFrdXRlbjI0L2NhYmluZXQvaXRlbTQ2L2FzdXJha3UwNzA0LmpwZyIgd2lkdGg9IjczMCIgaGVpZ2h0PSIxMzAiIGJvcmRlcj0iMCI+Cgo8ZGl2IHN0eWxlPSJtYXJnaW4tYm90dG9tOjVweDsiPgo8aW1nIHNyYz0iaHR0cDovL2ltYWdlLnJha3V0ZW4uY28uanAvcmFrdXRlbjI0L2NhYmluZXQvaXRlbTQ1L2FzdXJha3UwNzExLmpwZyIgd2lkdGg9IjczMCIgaGVpZ2h0PSI1MCIgYm9yZGVyPSIwIj4KPC9kaXY+Ci0tPgo8IS0tIC/jgYLjgZnmpb1ORyAtLT4KCgoKPCEtLSDlm57pgYovIC0tPgo8IS0tIAoKIC0tPgo8IS0tIC/lm57pgYogLS0+CgoKCjwhLS0gMuWIl+ihqOekuueUqOODkOODiuODvOOCqOODquOCoj4KPCEtLQo8dHI+Cjx0ZCB3aWR0aD0iMzY1Ij48aW1nIHNyYz0iaHR0cDovL3d3dy5yYWt1dGVuLm5lLmpwL2dvbGQvcmFrdXRlbjI0L2l0ZW0vaW1hZ2VzL2l0ZW1wYWdlX2Jucl8wMS5qcGciIHdpZHRoPSIzNjAiIGhlaWdodD0iNjAiIGJvcmRlcj0iMCIgYWx0PSIiPjwvdGQ+Cjx0ZCB3aWR0aD0iMzY1Ij48aW1nIHNyYz0iaHR0cDovL3d3dy5yYWt1dGVuLm5lLmpwL2dvbGQvcmFrdXRlbjI0L2l0ZW0vaW1hZ2VzL2l0ZW1wYWdlX2Jucl8wMi5naWYiIHdpZHRoPSIzNjAiIGhlaWdodD0iNjAiIGJvcmRlcj0iMCIgYWx0PSIiPjwvdGQ+CjwvdHI+Ci0tPiAKCjwhLS0g6LK344GE54mp44GL44GU44Oc44K/44OzLyAtLT4KPHN0eWxlPgovKiDml6fjg5zjgr/jg7MKI3Jha3V0ZW5MaW1pdGVkSWRfYXJvdW5kQ2FydCBpbnB1dCB7CiAgd2lkdGg6IDE2MHB4OwogIGhlaWdodDogNDBweDsKIGJhY2tncm91bmQ6dXJsKGh0dHA6Ly9pbWFnZS5yYWt1dGVuLmNvLmpwL3Jha3V0ZW4yNC9jYWJpbmV0L3Rlc3QvY2FydF9ibGFjay5naWYpICNmY2ZjZmMgbm8tcmVwZWF0OwogIG92ZXJmbG93OiBoaWRkZW47CiAgYm9yZGVyLXdpZHRoOiAwcHg7CiAgdGV4dC1pbmRlbnQ6IDE1MCU7CiAgY3Vyc29yOiBwb2ludGVyICFpbXBvcnRhbnQ7CiAgd2hpdGUtc3BhY2U6IG5vd3JhcDsKICBtYXJnaW46IDEwcHggMCAwIDA7Cn0KKi8KCi8qIOaXpzIKI3Jha3V0ZW5MaW1pdGVkSWRfYXJvdW5kQ2FydCBpbnB1dCB7CiAgd2lkdGg6IDE4MHB4OwogIGhlaWdodDogNDBweDsKIGJhY2tncm91bmQ6dXJsKGh0dHA6Ly9pbWFnZS5yYWt1dGVuLmNvLmpwL3Jha3V0ZW4yNC9jYWJpbmV0L2xheW91dC9idG5fY2FydF9ibGFjay5naWYpICNmY2ZjZmMgbm8tcmVwZWF0OwogIG92ZXJmbG93OiBoaWRkZW47CiAgYm9yZGVyLXdpZHRoOiAwcHg7CiAgdGV4dC1pbmRlbnQ6IDE1MCU7CiAgY3Vyc29yOiBwb2ludGVyICFpbXBvcnRhbnQ7CiAgd2hpdGUtc3BhY2U6IG5vd3JhcDsKICBtYXJnaW46IDEwcHggMCAwIDA7Cn0KKi8KCi8qIOS6iOe0hOOBi+OBlOWvvuW/nOOBp+OCs+ODoeODs+ODiOOCouOCpuODiAojcmFrdXRlbkxpbWl0ZWRJZF9hcm91bmRDYXJ0IGlucHV0IHsKICB3aWR0aDogMTgwcHg7CiAgaGVpZ2h0OiA0MHB4OwogYmFja2dyb3VuZDp1cmwoImh0dHA6Ly9pbWFnZS5yYWt1dGVuLmNvLmpwL3Jha3V0ZW4yNC9jYWJpbmV0L2xheW91dC9idG5fY2FydF9ibGFjay5naWYiKSAjZmNmY2ZjIG5vLXJlcGVhdDsKICBvdmVyZmxvdzogaGlkZGVuOwogIGJvcmRlci13aWR0aDogMHB4OwogIHRleHQtaW5kZW50OiAxNTAlOwogIGN1cnNvcjogcG9pbnRlciAhaW1wb3J0YW50OwogIHdoaXRlLXNwYWNlOiBub3dyYXA7CiAgbWFyZ2luOiAxMHB4IDAgMCAwOwp9CiovCiNyYWt1dGVuTGltaXRlZElkX2Fyb3VuZENhcnQgaW5wdXQuckNhcnRCdG46aG92ZXIsCmRpdi5zaG9wQm9va21hcmtBcmVhIGRpdi5zaG9wQmttIGEuYWRkU2hvcEJrbSBzcGFuLnNob3BCa21TdGFyOmhvdmVyLApkaXYuYm9va21hcmtBcmVhIGRpdi5ia20gYS5hZGRCa20gc3Bhbi5ia21TdGFyOmhvdmVyIHsKICBvcGFjaXR5OiAwLjg7CiAgZmlsdGVyOiBhbHBoYShvcGFjaXR5PTgwKTsKfQoKI3Jha3V0ZW5MaW1pdGVkSWRfYXJvdW5kQ2FydCAjc2VydmljZVRhYmxlU21sewovKgogIG1hcmdpbi1sZWZ0OiA5MnB4ICFpbXBvcnRhbnQ7CiovCn0KCiNyYWt1dGVuTGltaXRlZElkX2Fyb3VuZENhcnQgI3NlcnZpY2VUYWJsZVNtbCB0ZC5mYXZvcml0ZXsKd2lkdGg6IDI3MHB4ICFpbXBvcnRhbnQ7Cn0KCgoKI3Jha3V0ZW5MaW1pdGVkSWRfYXJvdW5kQ2FydCBkaXYuc2hvcEJrbXsKd2lkdGg6IDEyMHB4Owp9CgpkaXYuc2hvcEJvb2ttYXJrQXJlYSBkaXYuc2hvcEJrbSBhLmFkZFNob3BCa217CndpZHRoOiAxMjBweCAhaW1wb3J0YW50OwpoZWlnaHQ6IDI2cHggIWltcG9ydGFudDsKfQoKZGl2LnNob3BCb29rbWFya0FyZWEgZGl2LnNob3BCa20gYS5hZGRTaG9wQmttIHNwYW4uc2hvcEJrbVN0YXJ7CndpZHRoOiAxMjBweCAhaW1wb3J0YW50OwpoZWlnaHQ6IDI2cHggIWltcG9ydGFudDsKYmFja2dyb3VuZDogdXJsKGh0dHA6Ly9pbWFnZS5yYWt1dGVuLmNvLmpwL3Jha3V0ZW4yNC9jYWJpbmV0L2xheW91dC9idG5fZmF2b3JpdGVfc2hvcC5naWYpIG5vLXJlcGVhdCAwIDAgIWltcG9ydGFudDsKfQoKCgojcmFrdXRlbkxpbWl0ZWRJZF9hcm91bmRDYXJ0IGRpdi5ia217CndpZHRoOiAxMjBweDsKfQoKZGl2LmJvb2ttYXJrQXJlYSBkaXYuYmttIGEuYWRkQmttewp3aWR0aDogMTIwcHggIWltcG9ydGFudDsKaGVpZ2h0OiAyNnB4ICFpbXBvcnRhbnQ7Cn0KCmRpdi5ib29rbWFya0FyZWEgZGl2LmJrbSBhLmFkZEJrbSBzcGFuLmJrbVN0YXJ7CndpZHRoOiAxMjBweCAhaW1wb3J0YW50OwpoZWlnaHQ6IDI2cHggIWltcG9ydGFudDsKYmFja2dyb3VuZDogdXJsKGh0dHA6Ly9pbWFnZS5yYWt1dGVuLmNvLmpwL3Jha3V0ZW4yNC9jYWJpbmV0L2xheW91dC9idG5fZmF2b3JpdGVfaXRlbS5naWYpIG5vLXJlcGVhdCAwIDAgIWltcG9ydGFudDsKfQoKLndlZWtseUJucnsKd2lkdGg6IDcwMHB4OwpoZWlnaHQ6IDIzMXB4Owpwb3NpdGlvbjogcmVsYXRpdmU7CmJhY2tncm91bmQ6IHVybCgiaHR0cDovL3d3dy5yYWt1dGVuLm5lLmpwL2dvbGQvcmFrdXRlbjI0L2ltZy9yYW5rMS9iZ19yYW5rYm5yLmpwZyIpIGxlZnQgdG9wIG5vLXJlcGVhdDsKfQoKLndlZWtseUJuciBpbWd7CndpZHRoOiA2NjJweDsKcG9zaXRpb246IGFic29sdXRlOwpib3R0b206IDMwcHg7CmxlZnQ6IDIwcHg7CnotaW5kZXg6IDEwOwp9Cgoud2Vla2x5Qm5yOmFmdGVyewpjb250ZW50OiB1cmwoImh0dHA6Ly93d3cucmFrdXRlbi5uZS5qcC9nb2xkL3Jha3V0ZW4yNC9pbWcvcmFuazEvd3JhcF9yYW5rYm5yLnBuZyIpOwpwb3NpdGlvbjogYWJzb2x1dGU7CnRvcDogMDsKbGVmdDogMDsKei1pbmRleDogMTAwOwp9CgoucmV2aWV3Qm5yIHsKICAgIHdpZHRoOiA3MDBweDsKICAgIGhlaWdodDogMTAwcHg7CiAgICBiYWNrZ3JvdW5kOiB1cmwoImh0dHA6Ly9pbWFnZS5yYWt1dGVuLmNvLmpwL3Jha3V0ZW4yNC9jYWJpbmV0L2NhbXBhaWduL3Jldmlldy9iZ19yZXZpZXdibnIuanBnIikgbGVmdCB0b3Agbm8tcmVwZWF0OwogICAgcG9zaXRpb246IHJlbGF0aXZlOwogICAgZm9udC1zaXplOiAxNnB4Owp9CgoucmV2aWV3Qm5yIGRpdiB7CiAgICBwYWRkaW5nOiAxMHB4OwogICAgYmFja2dyb3VuZDogI2ZmZjsKICAgIHBvc2l0aW9uOiBhYnNvbHV0ZTsKICAgIHRvcDogMTFweDsKICAgIGxlZnQ6IDE4MHB4OwogICAgbGluZS1oZWlnaHQ6IDEyMCU7CiAgICBib3JkZXItcmFkaXVzOiA1cHg7Cn0KCi5yZXZpZXdCbnIgc3BhbiB7CiAgICBjb2xvcjogI2ZmMDAwMDsKfQoKLnJldmlld0JuciBzdHJvbmcgewogICAgZm9udC1zaXplOiAxOHB4Owp9CgouYm5yX2VhZ2xlc3sKICAgIHdpZHRoOiA3MDBweDsKICAgIGRpc3BsYXk6IGJsb2NrOwogICAgYmFja2dyb3VuZC1jb2xvcjogIzkyMDQxZTsKICAgIHRleHQtYWxpZ246IGNlbnRlcjsKfQoKCgpodG1sLGJvZHkgewpmb250LWZhbWlseTogQ2VudHVyeSBHb3RoaWMsIEFyaWFsOwp9CgpzcGFuLmNhdGVnb3J5X2l0ZW10YXhwb3N0YWdlIHtmb250LXNpemU6MTBweDt9CnNwYW4uY2F0ZWdvcnlfaXRlbXByaWNlIHtjb2xvcjojYmYwMDAwO2ZvbnQtc2l6ZToyNHB4O2ZvbnQtd2VpZ2h0OmJvbGQ7IGRpc3BsYXk6YmxvY2s7fQpzcGFuLnByaWNlMiB7IGZvbnQtc2l6ZToyMjAlICFpbXBvcnRhbnQ7Zm9udC13ZWlnaHQ6Ym9sZDt9CnRhYmxle3otaW5kZXg6MDt9IApzcGFuLmNhdGVnb3J5X2l0ZW1wcmljZTpiZWZvcmV7Lypjb250ZW50OiJQUklDRSAiOyovZm9udC1zaXplOjEwcHg7fQo8L3N0eWxlPgoKPCEtLSDjgZPjgZPjgb7jgacgLS0+CgoKPC90YWJsZT4=,UyZhbXA7RiDjgqjjg6vjg5Hjgr3jgrnjg4jjg4Pjg5fjg4/jg7Pjgqzjg7wg44K444Oj44Kx44OD44OI55SoIOODluODqeODg+OCr+OAkOalveWkqTI044CRW+OCt+ODs+OCs+ODj+ODs+OCrOODvCDjg4/jg7Pjgqzjg7xd77ya5qW95aSpMjQ=,5qW95aSpMjTjgq/jg6rjgrnjgr/jg6vjgqzjgqTjgrbjg7zjg5/jg43jg6njg6vjgqbjgqnjg7zjgr/jg7zjg6rjgqLjg4Pjg5fjg6rjgqLjg4Pjg5d4NeODgOOCpuODi+ODvOOCs+ODs+ODieODvOODoOODmuODquOCqOOCteODvOODouOCueOCs+ODs+ODiOODrOODg+OCr+OCueaXpeeEvOOBkeatouOCgeOCs+OCs+ODiuODg+ODhOOCquOCpOODq+OBiOOBlOOBvuOBk+OCgeayueOCteODs+ODmuODrOOCsOODquODjuaJh+miqOapn+OCr+ODquOCueOCv+ODq+OCrOOCpOOCtuODvCA1MDBtbCA0OOacrOe3keOBrumtlOWls+eUmOmFklMmYW1wO0Yg44Ko44Or44OR44K944K544OI44OD44OX44OP44Oz44Ks44O8IOOCuOODo+OCseODg+ODiOeUqCDjg5bjg6njg4Pjgq/jgJDmpb3lpKkyNOOAkVvjgrfjg7PjgrPjg4/jg7Pjgqzjg7wg44OP44Oz44Ks44O8XQ==,44K344Oz44Kz44OP44Oz44Ks44O8L+eojuaKnDE4ODDlhobku6XkuIrpgIHmlpnnhKHmlpnjgIJTJmFtcDtGIOOCqOODq+ODkeOCveOCueODiOODg+ODl+ODj+ODs+OCrOODvCDjgrjjg6PjgrHjg4Pjg4jnlKgg44OW44Op44OD44Kv44CQ5qW95aSpMjTjgJFb44K344Oz44Kz44OP44Oz44Ks44O8IOODj+ODs+OCrOODvF0=[rn]
30-32983,aHR0cDovL3RzaG9wLnIxMHMuanAvcmFrdXRlbjI0L2NhYmluZXQvZTQxMjcvZTQxMjcxMWhfbC5qcGc/Zml0aW49NzAwOjcwMA==,NDQ4LjAwMDA=,,44Kk44Oz44OG44Oq44Ki44O75a+d5YW344O75Y+O57SNID4g5a2Q5L6b6YOo5bGL77yI44Kk44Oz44OG44Oq44Ki44O75a+d5YW344O744Kw44OD44K677yJID4g44OP44Oz44Ks44O844O744Od44O844Or,THVldHRlIOODluODvOOCsTPmnKzntYQg44Ki44Kk44Oc44Oq44O844CQ5qW95aSpMjTjgJFb44K344Oz44Kz44OP44Oz44Ks44O8IOODj+ODs+OCrOODvF0=,56iO5oqcMTg4MOWGhuS7peS4iumAgeaWmeeEoeaWmQ==,PGEgaHJlZj0iaHR0cDovL3d3dy5yYWt1dGVuLm5lLmpwL2dvbGQvcmFrdXRlbjI0L2NhbXBhaWduL3Jldmlldy8/cy1pZD1yMjRfcmV2aWV3X2ZpcnN0MDEiIHRhcmdldD0iX2JsYW5rIj48aW1nIHNyYz0iaHR0cDovL2ltYWdlLnJha3V0ZW4uY28uanAvcmFrdXRlbjI0L2NhYmluZXQvY2FtcGFpZ24vcmV2aWV3LzFiYW5fcmV2aWV3LmpwZyIgd2lkdGg9IjcwMCIgaGVpZ2h0PSIxMDAiIGJvcmRlcj0iMCIgLz48L2E+PGJyPuKAu+ODu+ODrOODk+ODpeODvOaKleeov+aZguOBq+OCt+ODp+ODg+ODl+OBuOazqOaWh+eVquWPt+OCkuefpeOCieOBm+OCi+OAguOBruODgeOCp+ODg+OCr+OCkuWFpeOCjOOBpuOBj+OBoOOBleOBhOOAgjxicj7jg7vlvozml6Xjg6Hjg7zjg6vjgavjgabjgq/jg7zjg53jg7NVUkzjgpLjgYrpgIHjgorjgZfjgb7jgZnjgII8YSBocmVmPSJodHRwczovL29yZGVyLm15LnJha3V0ZW4uY28uanAvP3MtaWQ9cjI0X3Jldmlld19maXJzdDAyIj7ilqDilqHjg6zjg5Pjg6Xjg7zjgpLmm7jjgY/ilqHilqA8L2E+PGJyPuODu+S7luOBruaWueOBjOWFiOOBq+aKleeov+OBl+OBn+WgtOWQiOOAgeOCr+ODvOODneODs+mAsuWRiOWvvuixoeWkluOBqOOBquOCiuOBvuOBmeOBruOBp+OBlOazqOaEj+OBj+OBoOOBleOBhOOAguODrOODk+ODpeODvOaKleeov+OBr+S4i+mDqOOBq+iomOi8ieOBl+OBpuOBhOOBvuOBmeOAgjxicj7jg7vjg6zjg5Pjg6Xjg7zmipXnqL/jgYvjgonlj43mmKDjgb7jgafmmYLlt67jgYzjgYLjgovjgZ/jgoHjgIHllYblk4HnlLvpnaLkuIrjga7jg6zjg5Pjg6Xjg7zku7bmlbDjgajlrp/pmpvjga7mipXnqL/ku7bmlbDjgYznlbDjgarjgovloLTlkIjjgYzjgYLjgorjgb7jgZnjga7jgafkuojjgoHjgZTkuobmib/jgY/jgaDjgZXjgYTjgII8YnI+PGJyPjxicj48c21hbGw+4oC744OR44OD44Kx44O844K444OH44K244Kk44Oz562J44Gv5LqI5ZGK44Gq44GP5aSJ5pu044GV44KM44KL44GT44Go44GM44GC44KK44G+44GZ44CCPC9zbWFsbD48YnI+PGJyPjx0YWJsZT48dHI+PHRkIHdpZHRoPSIxMDAlIj48cCBjbGFzcz0icGRlc2MiPjxkaXYgY2xhc3M9InBkZXNjdGl0bGUiPuWVhuWTgeiqrOaYjjwvZGl2PjxkaXYgY2xhc3M9InBkZXNjaG9uYnVuIj7jgIxMdWV0dGUg44OW44O844KxM+acrOe1hCDjgqLjgqTjg5zjg6rjg7zjgI3jga/jgIHoirHnlZHjgpLjgqTjg6Hjg7zjgrjjgZfjgZ/jgIHjg5Hjg4Pjgajnm67jgpLlvJXjgY/jg4/jg7Pjgqzjg7zjgafjgZnjgILjg5fjg6zjg7zjg4jjgavpgI/jgYvjgZfjgpLjgYTjgozjgZ/jgqTjg6Hjg7zjgrjjgafjgIHnibnplbfjga7jgYLjgovjg4/jg7Pjgqzjg7zjgafjgZnjgILjg5Xjg4Pjgq/jga/lm57ou6LjgZfjgb7jgZnjgII8L2Rpdj48ZGl2IGNsYXNzPSJwZGVzY3RpdGxlIj7mnZDos6o8L2Rpdj48ZGl2IGNsYXNzPSJwZGVzY2hvbmJ1biI+5pys5L2T44CB44OV44OD44Kv77ya44Od44Oq44OX44Ot44OU44Os44OzPC9kaXY+PGRpdiBjbGFzcz0icGRlc2N0aXRsZSI+5Y6f55Sj5Zu9PC9kaXY+PGRpdiBjbGFzcz0icGRlc2Nob25idW4iPuaXpeacrDwvZGl2PjxkaXYgY2xhc3M9InBkZXNjdGl0bGUiPuOBiuWVj+OBhOWQiOOCj+OBm+WFiDwvZGl2PjxkaXYgY2xhc3M9InBkZXNjaG9uYnVuIj7jgrfjg7PjgrPjg4/jg7Pjgqzjg7zmoKrlvI/kvJrnpL48YnI+VEVM77yaMDYtNjc5My0wOTcxPC9kaXY+PC9wPjwvdGQ+PC90cj48L3RhYmxlPjxicj48YnI+5qW95aSpMjTvvJ7ml6XnlKjlk4HvvJ7mtJfmv6/nlKjlk4HvvJ7jg4/jg7Pjgqzjg7zvvaXjg4/jg7Pjgqzjg7zjg6njg4Pjgq/vvJ7jg4/jg7Pjgqzjg7zvvJ5MdWV0dGUg44OW44O844KxM+acrOe1hCDjgqLjgqTjg5zjg6rjg7w8YnI+6KO96YCg6LKp5aOy5YWD77ya44K344Oz44Kz44OP44Oz44Ks44O8PGJyPuWOn+eUo+WbvSDml6XmnKw8YnI+5YaF5a656YeP77yaM+acrDxicj48YnI+PGJyPuOCteOCpOOCuu+8muW5hTQwMMOX5aWl6KGMOMOX6auY44GVMjQwbW08YnI+SkFO44Kz44O844OJ77ya44CANDk3MzIyODA2OTM1Njxicj48YnI+PHRhYmxlIHdpZHRoPSIxMDAlIiBib3JkZXI9MCBjZWxsc3BhY2luZz0wIGNlbGxwYWRkaW5nPTU+PHRyPjx0ZD48L3RkPjx0cj48dGQ+PC90ZD48L3RyPjwvdGFibGU+PGJyPjxicj48YnI+5bqD5ZGK5paH6LKs77ya44Kx44Oz44Kz44O844Kz44Og5qCq5byP5Lya56S+PGJyPlRFTDowNTAtNTU3Ny01MDQzPGJyPjxicj48YnI+5rSX5r+v55So5ZOBL+ODj+ODs+OCrOODvO+9peODj+ODs+OCrOODvOODqeODg+OCry/jg4/jg7Pjgqzjg7w8YnI+PGJyPjwhLS0gaWQ6ID9zLWlkPXIyNF9paGJucl8wMS8gP3MtaWQ9cjI0X2loYm5yXzAyIC0tPgo8dGFibGUgd2lkdGg9IjczMCIgY2VsbHBhZGRpbmc9IjAiIGNlbGxzcGFjaW5nPSIwIiBib3JkZXI9IjAiPgoKPCEtLTEw77yFT0ZG44Kv44O844Od44OzLyAtLT4KCjxkaXYgc3R5bGU9Im1hcmdpbi1ib3R0b206MTBweDsiPgoKPGltZyBzcmM9IgpodHRwczovL2ltYWdlLnJha3V0ZW4uY28uanAvcmFrdXRlbjI0L2NhYmluZXQvY291cG9uL2Jucl8xMDBfNzAwXzYwLmpwZyIgYWx0PSLliJ3jgoHjgabjga7mlrnpmZDlrpoxMDDlhoZPRkbjgq/jg7zjg53jg7PvvIEiIHdpZHRoPSI3MDAiIGhlaWdodD0iNjAiIGJvcmRlcj0iMCI+CjwvZGl2PgoKPGRpdiBzdHlsZT0ibWFyZ2luLWJvdHRvbToxMHB4OyI+Cgo8aW1nIHNyYz0iaHR0cHM6Ly9pbWFnZS5yYWt1dGVuLmNvLmpwL3Jha3V0ZW4yNC9jYWJpbmV0L2NvdXBvbi9ibnJfNzAwXzYwXzUwMDAuanBnIiBhbHQ9IjUsMDAw5YaG5Lul5LiK6LO85YWlMTAlT0ZG77yBIiB3aWR0aD0iNzAwIiBoZWlnaHQ9IjYwIiBib3JkZXI9IjAiPgo8L2Rpdj4KCjxkaXYgc3R5bGU9Im1hcmdpbi1ib3R0b206MTBweDsiPgoKPGltZyBzcmM9Imh0dHA6Ly9pbWFnZS5yYWt1dGVuLmNvLmpwL3Jha3V0ZW4yNC9jYWJpbmV0L2NvdXBvbi9ibnJfNzAwXzYwXzEwMDAwLmpwZyIgYWx0PSIxMCwwMDDlhobku6XkuIros7zlhaXjgacxNSVPRkbvvIEiIHdpZHRoPSI3MDAiIGhlaWdodD0iNjAiIGJvcmRlcj0iMCI+CjwvZGl2PgoKPCEtLWRpdiBzdHlsZT0ibWFyZ2luLWJvdHRvbToxMHB4OyI+Cgo8aW1nIHNyYz0iaHR0cDovL2ltYWdlLnJha3V0ZW4uY28uanAvcmFrdXRlbjI0L2NhYmluZXQvY2FtcGFpZ24vYXN1cmFrdS9ibnJfNzAwXzYwLmpwZyIgYWx0PSLjgYLjgZnmpb3llYblk4Hjg53jgqTjg7Pjg4gz5YCN77yBIiB3aWR0aD0iNzAwIiBoZWlnaHQ9IjYwIiBib3JkZXI9IjAiPgo8L2Rpdi0tPgoKPGRpdiBzdHlsZT0ibWFyZ2luLWJvdHRvbToxMHB4OyI+Cgo8aW1nIHNyYz0iaHR0cHM6Ly9pbWFnZS5yYWt1dGVuLmNvLmpwL3Jha3V0ZW4yNC9jYWJpbmV0L3NwZWNpYWwvZmF0aGVyXzQ2OHg2MC5qcGciIGFsdD0i44Od44Kk44Oz44OIM+WAje+8gSIgd2lkdGg9IjQ2OCIgaGVpZ2h0PSI2MCIgYm9yZGVyPSIwIj4KPC9kaXY+CgoKPCEtLWRpdiBzdHlsZT0ibWFyZ2luLWJvdHRvbToxMHB4OyI+Cgo8aW1nIHNyYz0iaHR0cHM6Ly9pbWFnZS5yYWt1dGVuLmNvLmpwL3Jha3V0ZW4yNC9jYWJpbmV0L3NwZWNpYWwvMjAxNl9lY2FtcGFpZ24uanBnIiBhbHQ9IuOCpOODvOOCsOODq+OCueWLneWIqeiomOW/teODneOCpOODs+ODiDLlgI3vvIEiIHdpZHRoPSI0NjgiIGhlaWdodD0iNjAiIGJvcmRlcj0iMCI+CjwvZGl2LS0+CgoKPCEtLSAvMTDvvIVPRkbjgq/jg7zjg53jg7MgLS0+Cgo8IS0tIOOBiuOBmeOBmeOCgeWVhuWTgSAtLT4K44OG44Os44OT57S55LuL77yaCuODiOODnuODiOOCuOODpeODvOOCuSAvCuODnuOCq+ODh+ODn+OCouODiuODg+ODhOOCquOCpOODqyAvCiDpm7vli5Xjg5bjg6zjg4Pjg4njgqvjg4Pjgr/jg7wgLwog44Or44Kk44Oc44K544OG44Kj44O8IC8K44KK44KT44GU6YWiIC8KPCEtLSAv44GK44GZ44GZ44KB5ZWG5ZOBIC0tPgoKCgo8IS0tIOalveWkqTI044GL44KJ44Gu44Oh44OD44K744O844K4LyAtLT4KPGJyPjxicj4KCgo8IS0tIC/mpb3lpKkyNOOBi+OCieOBruODoeODg+OCu+ODvOOCuCAtLT4KCjwhLS0g44GC44GZ5qW9TkcvIC0tPgo8IS0t44CAPGltZyBzcmM9Imh0dHA6Ly9pbWFnZS5yYWt1dGVuLmNvLmpwL3Jha3V0ZW4yNC9jYWJpbmV0L2l0ZW00Ni9hc3VyYWt1MDcwNC5qcGciIHdpZHRoPSI3MzAiIGhlaWdodD0iMTMwIiBib3JkZXI9IjAiPgoKPGRpdiBzdHlsZT0ibWFyZ2luLWJvdHRvbTo1cHg7Ij4KPGltZyBzcmM9Imh0dHA6Ly9pbWFnZS5yYWt1dGVuLmNvLmpwL3Jha3V0ZW4yNC9jYWJpbmV0L2l0ZW00NS9hc3VyYWt1MDcxMS5qcGciIHdpZHRoPSI3MzAiIGhlaWdodD0iNTAiIGJvcmRlcj0iMCI+CjwvZGl2PgotLT4KPCEtLSAv44GC44GZ5qW9TkcgLS0+CgoKCjwhLS0g5Zue6YGKLyAtLT4KPCEtLSAKCiAtLT4KPCEtLSAv5Zue6YGKIC0tPgoKCgo8IS0tIDLliJfooajnpLrnlKjjg5Djg4rjg7zjgqjjg6rjgqI+CjwhLS0KPHRyPgo8dGQgd2lkdGg9IjM2NSI+PGltZyBzcmM9Imh0dHA6Ly93d3cucmFrdXRlbi5uZS5qcC9nb2xkL3Jha3V0ZW4yNC9pdGVtL2ltYWdlcy9pdGVtcGFnZV9ibnJfMDEuanBnIiB3aWR0aD0iMzYwIiBoZWlnaHQ9IjYwIiBib3JkZXI9IjAiIGFsdD0iIj48L3RkPgo8dGQgd2lkdGg9IjM2NSI+PGltZyBzcmM9Imh0dHA6Ly93d3cucmFrdXRlbi5uZS5qcC9nb2xkL3Jha3V0ZW4yNC9pdGVtL2ltYWdlcy9pdGVtcGFnZV9ibnJfMDIuZ2lmIiB3aWR0aD0iMzYwIiBoZWlnaHQ9IjYwIiBib3JkZXI9IjAiIGFsdD0iIj48L3RkPgo8L3RyPgotLT4gCgo8IS0tIOiyt+OBhOeJqeOBi+OBlOODnOOCv+ODsy8gLS0+CjxzdHlsZT4KLyog5pen44Oc44K/44OzCiNyYWt1dGVuTGltaXRlZElkX2Fyb3VuZENhcnQgaW5wdXQgewogIHdpZHRoOiAxNjBweDsKICBoZWlnaHQ6IDQwcHg7CiBiYWNrZ3JvdW5kOnVybChodHRwOi8vaW1hZ2UucmFrdXRlbi5jby5qcC9yYWt1dGVuMjQvY2FiaW5ldC90ZXN0L2NhcnRfYmxhY2suZ2lmKSAjZmNmY2ZjIG5vLXJlcGVhdDsKICBvdmVyZmxvdzogaGlkZGVuOwogIGJvcmRlci13aWR0aDogMHB4OwogIHRleHQtaW5kZW50OiAxNTAlOwogIGN1cnNvcjogcG9pbnRlciAhaW1wb3J0YW50OwogIHdoaXRlLXNwYWNlOiBub3dyYXA7CiAgbWFyZ2luOiAxMHB4IDAgMCAwOwp9CiovCgovKiDml6cyCiNyYWt1dGVuTGltaXRlZElkX2Fyb3VuZENhcnQgaW5wdXQgewogIHdpZHRoOiAxODBweDsKICBoZWlnaHQ6IDQwcHg7CiBiYWNrZ3JvdW5kOnVybChodHRwOi8vaW1hZ2UucmFrdXRlbi5jby5qcC9yYWt1dGVuMjQvY2FiaW5ldC9sYXlvdXQvYnRuX2NhcnRfYmxhY2suZ2lmKSAjZmNmY2ZjIG5vLXJlcGVhdDsKICBvdmVyZmxvdzogaGlkZGVuOwogIGJvcmRlci13aWR0aDogMHB4OwogIHRleHQtaW5kZW50OiAxNTAlOwogIGN1cnNvcjogcG9pbnRlciAhaW1wb3J0YW50OwogIHdoaXRlLXNwYWNlOiBub3dyYXA7CiAgbWFyZ2luOiAxMHB4IDAgMCAwOwp9CiovCgovKiDkuojntITjgYvjgZTlr77lv5zjgafjgrPjg6Hjg7Pjg4jjgqLjgqbjg4gKI3Jha3V0ZW5MaW1pdGVkSWRfYXJvdW5kQ2FydCBpbnB1dCB7CiAgd2lkdGg6IDE4MHB4OwogIGhlaWdodDogNDBweDsKIGJhY2tncm91bmQ6dXJsKCJodHRwOi8vaW1hZ2UucmFrdXRlbi5jby5qcC9yYWt1dGVuMjQvY2FiaW5ldC9sYXlvdXQvYnRuX2NhcnRfYmxhY2suZ2lmIikgI2ZjZmNmYyBuby1yZXBlYXQ7CiAgb3ZlcmZsb3c6IGhpZGRlbjsKICBib3JkZXItd2lkdGg6IDBweDsKICB0ZXh0LWluZGVudDogMTUwJTsKICBjdXJzb3I6IHBvaW50ZXIgIWltcG9ydGFudDsKICB3aGl0ZS1zcGFjZTogbm93cmFwOwogIG1hcmdpbjogMTBweCAwIDAgMDsKfQoqLwojcmFrdXRlbkxpbWl0ZWRJZF9hcm91bmRDYXJ0IGlucHV0LnJDYXJ0QnRuOmhvdmVyLApkaXYuc2hvcEJvb2ttYXJrQXJlYSBkaXYuc2hvcEJrbSBhLmFkZFNob3BCa20gc3Bhbi5zaG9wQmttU3Rhcjpob3ZlciwKZGl2LmJvb2ttYXJrQXJlYSBkaXYuYmttIGEuYWRkQmttIHNwYW4uYmttU3Rhcjpob3ZlciB7CiAgb3BhY2l0eTogMC44OwogIGZpbHRlcjogYWxwaGEob3BhY2l0eT04MCk7Cn0KCiNyYWt1dGVuTGltaXRlZElkX2Fyb3VuZENhcnQgI3NlcnZpY2VUYWJsZVNtbHsKLyoKICBtYXJnaW4tbGVmdDogOTJweCAhaW1wb3J0YW50OwoqLwp9CgojcmFrdXRlbkxpbWl0ZWRJZF9hcm91bmRDYXJ0ICNzZXJ2aWNlVGFibGVTbWwgdGQuZmF2b3JpdGV7CndpZHRoOiAyNzBweCAhaW1wb3J0YW50Owp9CgoKCiNyYWt1dGVuTGltaXRlZElkX2Fyb3VuZENhcnQgZGl2LnNob3BCa217CndpZHRoOiAxMjBweDsKfQoKZGl2LnNob3BCb29rbWFya0FyZWEgZGl2LnNob3BCa20gYS5hZGRTaG9wQmttewp3aWR0aDogMTIwcHggIWltcG9ydGFudDsKaGVpZ2h0OiAyNnB4ICFpbXBvcnRhbnQ7Cn0KCmRpdi5zaG9wQm9va21hcmtBcmVhIGRpdi5zaG9wQmttIGEuYWRkU2hvcEJrbSBzcGFuLnNob3BCa21TdGFyewp3aWR0aDogMTIwcHggIWltcG9ydGFudDsKaGVpZ2h0OiAyNnB4ICFpbXBvcnRhbnQ7CmJhY2tncm91bmQ6IHVybChodHRwOi8vaW1hZ2UucmFrdXRlbi5jby5qcC9yYWt1dGVuMjQvY2FiaW5ldC9sYXlvdXQvYnRuX2Zhdm9yaXRlX3Nob3AuZ2lmKSBuby1yZXBlYXQgMCAwICFpbXBvcnRhbnQ7Cn0KCgoKI3Jha3V0ZW5MaW1pdGVkSWRfYXJvdW5kQ2FydCBkaXYuYmttewp3aWR0aDogMTIwcHg7Cn0KCmRpdi5ib29rbWFya0FyZWEgZGl2LmJrbSBhLmFkZEJrbXsKd2lkdGg6IDEyMHB4ICFpbXBvcnRhbnQ7CmhlaWdodDogMjZweCAhaW1wb3J0YW50Owp9CgpkaXYuYm9va21hcmtBcmVhIGRpdi5ia20gYS5hZGRCa20gc3Bhbi5ia21TdGFyewp3aWR0aDogMTIwcHggIWltcG9ydGFudDsKaGVpZ2h0OiAyNnB4ICFpbXBvcnRhbnQ7CmJhY2tncm91bmQ6IHVybChodHRwOi8vaW1hZ2UucmFrdXRlbi5jby5qcC9yYWt1dGVuMjQvY2FiaW5ldC9sYXlvdXQvYnRuX2Zhdm9yaXRlX2l0ZW0uZ2lmKSBuby1yZXBlYXQgMCAwICFpbXBvcnRhbnQ7Cn0KCi53ZWVrbHlCbnJ7CndpZHRoOiA3MDBweDsKaGVpZ2h0OiAyMzFweDsKcG9zaXRpb246IHJlbGF0aXZlOwpiYWNrZ3JvdW5kOiB1cmwoImh0dHA6Ly93d3cucmFrdXRlbi5uZS5qcC9nb2xkL3Jha3V0ZW4yNC9pbWcvcmFuazEvYmdfcmFua2Juci5qcGciKSBsZWZ0IHRvcCBuby1yZXBlYXQ7Cn0KCi53ZWVrbHlCbnIgaW1newp3aWR0aDogNjYycHg7CnBvc2l0aW9uOiBhYnNvbHV0ZTsKYm90dG9tOiAzMHB4OwpsZWZ0OiAyMHB4Owp6LWluZGV4OiAxMDsKfQoKLndlZWtseUJucjphZnRlcnsKY29udGVudDogdXJsKCJodHRwOi8vd3d3LnJha3V0ZW4ubmUuanAvZ29sZC9yYWt1dGVuMjQvaW1nL3JhbmsxL3dyYXBfcmFua2Juci5wbmciKTsKcG9zaXRpb246IGFic29sdXRlOwp0b3A6IDA7CmxlZnQ6IDA7CnotaW5kZXg6IDEwMDsKfQoKLnJldmlld0JuciB7CiAgICB3aWR0aDogNzAwcHg7CiAgICBoZWlnaHQ6IDEwMHB4OwogICAgYmFja2dyb3VuZDogdXJsKCJodHRwOi8vaW1hZ2UucmFrdXRlbi5jby5qcC9yYWt1dGVuMjQvY2FiaW5ldC9jYW1wYWlnbi9yZXZpZXcvYmdfcmV2aWV3Ym5yLmpwZyIpIGxlZnQgdG9wIG5vLXJlcGVhdDsKICAgIHBvc2l0aW9uOiByZWxhdGl2ZTsKICAgIGZvbnQtc2l6ZTogMTZweDsKfQoKLnJldmlld0JuciBkaXYgewogICAgcGFkZGluZzogMTBweDsKICAgIGJhY2tncm91bmQ6ICNmZmY7CiAgICBwb3NpdGlvbjogYWJzb2x1dGU7CiAgICB0b3A6IDExcHg7CiAgICBsZWZ0OiAxODBweDsKICAgIGxpbmUtaGVpZ2h0OiAxMjAlOwogICAgYm9yZGVyLXJhZGl1czogNXB4Owp9CgoucmV2aWV3Qm5yIHNwYW4gewogICAgY29sb3I6ICNmZjAwMDA7Cn0KCi5yZXZpZXdCbnIgc3Ryb25nIHsKICAgIGZvbnQtc2l6ZTogMThweDsKfQoKLmJucl9lYWdsZXN7CiAgICB3aWR0aDogNzAwcHg7CiAgICBkaXNwbGF5OiBibG9jazsKICAgIGJhY2tncm91bmQtY29sb3I6ICM5MjA0MWU7CiAgICB0ZXh0LWFsaWduOiBjZW50ZXI7Cn0KCgoKaHRtbCxib2R5IHsKZm9udC1mYW1pbHk6IENlbnR1cnkgR290aGljLCBBcmlhbDsKfQoKc3Bhbi5jYXRlZ29yeV9pdGVtdGF4cG9zdGFnZSB7Zm9udC1zaXplOjEwcHg7fQpzcGFuLmNhdGVnb3J5X2l0ZW1wcmljZSB7Y29sb3I6I2JmMDAwMDtmb250LXNpemU6MjRweDtmb250LXdlaWdodDpib2xkOyBkaXNwbGF5OmJsb2NrO30Kc3Bhbi5wcmljZTIgeyBmb250LXNpemU6MjIwJSAhaW1wb3J0YW50O2ZvbnQtd2VpZ2h0OmJvbGQ7fQp0YWJsZXt6LWluZGV4OjA7fSAKc3Bhbi5jYXRlZ29yeV9pdGVtcHJpY2U6YmVmb3Jley8qY29udGVudDoiUFJJQ0UgIjsqL2ZvbnQtc2l6ZToxMHB4O30KPC9zdHlsZT4KCjwhLS0g44GT44GT44G+44GnIC0tPgoKCjwvdGFibGU+,THVldHRlIOODluODvOOCsTPmnKzntYQg44Ki44Kk44Oc44Oq44O844CQ5qW95aSpMjTjgJFb44K344Oz44Kz44OP44Oz44Ks44O8IOODj+ODs+OCrOODvF3vvJrmpb3lpKkyNA==,5qW95aSpMjTjgq/jg6rjgrnjgr/jg6vjgqzjgqTjgrbjg7zjg5/jg43jg6njg6vjgqbjgqnjg7zjgr/jg7zjg6rjgqLjg4Pjg5fjg6rjgqLjg4Pjg5d4NeODgOOCpuODi+ODvOOCs+ODs+ODieODvOODoOODmuODquOCqOOCteODvOODouOCueOCs+ODs+ODiOODrOODg+OCr+OCueaXpeeEvOOBkeatouOCgeOCs+OCs+ODiuODg+ODhOOCquOCpOODq+OBiOOBlOOBvuOBk+OCgeayueOCteODs+ODmuODrOOCsOODquODjuaJh+miqOapn+OCr+ODquOCueOCv+ODq+OCrOOCpOOCtuODvCA1MDBtbCA0OOacrOe3keOBrumtlOWls+eUmOmFkkx1ZXR0ZSDjg5bjg7zjgrEz5pys57WEIOOCouOCpOODnOODquODvOOAkOalveWkqTI044CRW+OCt+ODs+OCs+ODj+ODs+OCrOODvCDjg4/jg7Pjgqzjg7xd,56iO5oqcMTg4MOWGhuS7peS4iumAgeaWmeeEoeaWmeOAgkx1ZXR0ZSDjg5bjg7zjgrEz5pys57WEIOOCouOCpOODnOODquODvOOAkOalveWkqTI044CRW+OCt+ODs+OCs+ODj+ODs+OCrOODvCDjg4/jg7Pjgqzjg7xd[rn]
30-32984,aHR0cDovL3RzaG9wLnIxMHMuanAvcmFrdXRlbjI0L2NhYmluZXQvZTQ0NDQvZTQ0NDQ4NGhfbC5qcGc/Zml0aW49NzAwOjcwMA==,MjMyLjAwMDA=,,44Kk44Oz44OG44Oq44Ki44O75a+d5YW344O75Y+O57SNID4g5a2Q5L6b6YOo5bGL77yI44Kk44Oz44OG44Oq44Ki44O75a+d5YW344O744Kw44OD44K677yJID4g44OP44Oz44Ks44O844O744Od44O844Or,44Ko44Or44K544O844OrMiDjg5/jg4vjg4/jg7Pjgqzjg7wg44OU44Oz44OBOOOCs+S7mOOAkOalveWkqTI044CRW1RPV0Eo5p2x5ZKM55Sj5qWtKSDjg4/jg7Pjgqzjg7xd,44Ko44Or44K544O844OrMihFTElJKS/nqI7mipwxODgw5YaG5Lul5LiK6YCB5paZ54Sh5paZ,PGEgaHJlZj0iaHR0cDovL3d3dy5yYWt1dGVuLm5lLmpwL2dvbGQvcmFrdXRlbjI0L2NhbXBhaWduL3Jldmlldy8/cy1pZD1yMjRfcmV2aWV3X2ZpcnN0MDEiIHRhcmdldD0iX2JsYW5rIj48aW1nIHNyYz0iaHR0cDovL2ltYWdlLnJha3V0ZW4uY28uanAvcmFrdXRlbjI0L2NhYmluZXQvY2FtcGFpZ24vcmV2aWV3LzFiYW5fcmV2aWV3LmpwZyIgd2lkdGg9IjcwMCIgaGVpZ2h0PSIxMDAiIGJvcmRlcj0iMCIgLz48L2E+PGJyPuKAu+ODu+ODrOODk+ODpeODvOaKleeov+aZguOBq+OCt+ODp+ODg+ODl+OBuOazqOaWh+eVquWPt+OCkuefpeOCieOBm+OCi+OAguOBruODgeOCp+ODg+OCr+OCkuWFpeOCjOOBpuOBj+OBoOOBleOBhOOAgjxicj7jg7vlvozml6Xjg6Hjg7zjg6vjgavjgabjgq/jg7zjg53jg7NVUkzjgpLjgYrpgIHjgorjgZfjgb7jgZnjgII8YSBocmVmPSJodHRwczovL29yZGVyLm15LnJha3V0ZW4uY28uanAvP3MtaWQ9cjI0X3Jldmlld19maXJzdDAyIj7ilqDilqHjg6zjg5Pjg6Xjg7zjgpLmm7jjgY/ilqHilqA8L2E+PGJyPuODu+S7luOBruaWueOBjOWFiOOBq+aKleeov+OBl+OBn+WgtOWQiOOAgeOCr+ODvOODneODs+mAsuWRiOWvvuixoeWkluOBqOOBquOCiuOBvuOBmeOBruOBp+OBlOazqOaEj+OBj+OBoOOBleOBhOOAguODrOODk+ODpeODvOaKleeov+OBr+S4i+mDqOOBq+iomOi8ieOBl+OBpuOBhOOBvuOBmeOAgjxicj7jg7vjg6zjg5Pjg6Xjg7zmipXnqL/jgYvjgonlj43mmKDjgb7jgafmmYLlt67jgYzjgYLjgovjgZ/jgoHjgIHllYblk4HnlLvpnaLkuIrjga7jg6zjg5Pjg6Xjg7zku7bmlbDjgajlrp/pmpvjga7mipXnqL/ku7bmlbDjgYznlbDjgarjgovloLTlkIjjgYzjgYLjgorjgb7jgZnjga7jgafkuojjgoHjgZTkuobmib/jgY/jgaDjgZXjgYTjgII8YnI+PGJyPjxicj48c21hbGw+4oC744OR44OD44Kx44O844K444OH44K244Kk44Oz562J44Gv5LqI5ZGK44Gq44GP5aSJ5pu044GV44KM44KL44GT44Go44GM44GC44KK44G+44GZ44CCPC9zbWFsbD48YnI+PGJyPjx0YWJsZT48dHI+PHRkIHdpZHRoPSIxMDAlIj48cCBjbGFzcz0icGRlc2MiPjxkaXYgY2xhc3M9InBkZXNjdGl0bGUiPuWVhuWTgeiqrOaYjjwvZGl2PjxkaXYgY2xhc3M9InBkZXNjaG9uYnVuIj7jgIzjgqjjg6vjgrnjg7zjg6syIOODn+ODi+ODj+ODs+OCrOODvCDjg5Tjg7Pjg4E444Kz5LuY44CN44Gv44CB44K544OI44OD44Kt44Oz44Kw44KE44OP44Oz44Kr44OB562J44Gu5bCP54mp5bmy44GX44Gr5L6/5Yip44Gn44GZ44CC44OU44Oz44OB44Gu44Gv44GV44G/6Z2i44GM44Ku44K244Ku44K244Gu54Sh44GE5Ye55Ye46Z2i5qeL6YCg44Gn44GZ44Gu44Gn44CB44Op44Oz44K444Kn44Oq44O844Gq44Gp44KS44KE44GV44GX44GP44Gv44GV44G/44G+44GZ44CC44Ot44O844OX44Gr5o6b44GR44Gm5L2/55So44GV44KM44KL5aC05ZCI44Gu5qiq5ruR44KK6Ziy5q2i44K544OI44OD44OR44O85LuY44GN44CC44OU44Oz44OB44GM5YK344KT44Gg44KJ44CB44GK5omL5oyB44Gh44Gu44OU44Oz44OB44Go5Lqk5o+b44Gn44GN44G+44GZ44CCPC9kaXY+PGRpdiBjbGFzcz0icGRlc2N0aXRsZSI+44GU5rOo5oSPPC9kaXY+PGRpdiBjbGFzcz0icGRlc2Nob25idW4iPuKXj+acrOWTgeOBruerv+aOm+OBkemDqOWIhuOBr+ebtOW+hDM5bW3jgpLotoXjgYjjgovnq7/jgavjga/kvb/nlKjjgafjgY3jgb7jgZvjgpPjgII8YnI+4peP5Y6a5Zyw44Gu6KGj6aGe44KE44K/44Kq44Or44Gr44Gv44OU44Oz44OB44GC44Go44GM5q6L44KL5aC05ZCI44GM44GC44KK44G+44GZ44CCPGJyPuKXj+ODlOODs+ODgeOCkuWPluOCiuabv+OBiOOCi+mam+OBr+OAgeS4uOWei+ODkOODjeOCkuS9v+eUqOOBl+OBn+ODlOODs+ODgeOCkuOBlOS9v+eUqOOBj+OBoOOBleOBhOOAguOBneOBruS7luOBruW9oueKtuOBruODkOODjeOBr+OAgeODkOODjeOBjOWkluOCjOOCi+OBiuOBneOCjOOBjOOBguOCiuOBvuOBmeOBruOBp+S9v+eUqOOBl+OBquOBhOOBp+OBj+OBoOOBleOBhOOAgjwvZGl2PjxkaXYgY2xhc3M9InBkZXNjdGl0bGUiPuadkOizqjwvZGl2PjxkaXYgY2xhc3M9InBkZXNjaG9uYnVuIj7mnKzkvZPjg7vjg5Tjg7Pjg4HvvJrjg53jg6rjg5fjg63jg5Tjg6zjg7PjgIHjg5Djg43vvJrpi7znt5o8L2Rpdj48ZGl2IGNsYXNzPSJwZGVzY3RpdGxlIj7ljp/nlKPlm708L2Rpdj48ZGl2IGNsYXNzPSJwZGVzY2hvbmJ1biI+44OZ44OI44OK44OgPC9kaXY+PGRpdiBjbGFzcz0icGRlc2N0aXRsZSI+44GK5ZWP44GE5ZCI44KP44Gb5YWIPC9kaXY+PGRpdiBjbGFzcz0icGRlc2Nob25idW4iPuadseWSjOeUo+alreagquW8j+S8muekvjxicj7jg5Xjg6rjg7zjg4DjgqTjg6Tjg6vvvJowMTIwLTI0LTQyMTA8L2Rpdj48L3A+PC90ZD48L3RyPjwvdGFibGU+PGJyPuODluODqeODs+ODie+8muOCqOODq+OCueODvOODqzIoRUxJSSk8YnI+5qW95aSpMjTvvJ7ml6XnlKjlk4HvvJ7mtJfmv6/nlKjlk4HvvJ7jg4/jg7Pjgqzjg7zvvaXjg4/jg7Pjgqzjg7zjg6njg4Pjgq/vvJ7jg4/jg7Pjgqzjg7zvvJ7jgqjjg6vjgrnjg7zjg6syIOODn+ODi+ODj+ODs+OCrOODvCDjg5Tjg7Pjg4E444Kz5LuYPGJyPuijvemAoOiyqeWjsuWFg++8muadseWSjOeUo+alrTxicj7ljp/nlKPlm70g44OZ44OI44OK44OgPGJyPjxicj48YnI+PGJyPuOCteOCpOOCuu+8mjE4w5cxM2Ntw5fpq5jjgZUyMGNtKOWxlemWi+aZgik8YnI+SkFO44Kz44O844OJ77ya44CANDkwMTk4MzEwNTg1OTxicj48YnI+PHRhYmxlIHdpZHRoPSIxMDAlIiBib3JkZXI9MCBjZWxsc3BhY2luZz0wIGNlbGxwYWRkaW5nPTU+PHRyPjx0ZD48L3RkPjx0cj48dGQ+PC90ZD48L3RyPjwvdGFibGU+PGJyPjxicj48YnI+5bqD5ZGK5paH6LKs77ya44Kx44Oz44Kz44O844Kz44Og5qCq5byP5Lya56S+PGJyPlRFTDowNTAtNTU3Ny01MDQzPGJyPjxicj5b44Ko44Or44K544O844OrMihFTElJKV08YnI+5rSX5r+v55So5ZOBL+ODj+ODs+OCrOODvO+9peODj+ODs+OCrOODvOODqeODg+OCry/jg4/jg7Pjgqzjg7w8YnI+PGJyPjwhLS0gaWQ6ID9zLWlkPXIyNF9paGJucl8wMS8gP3MtaWQ9cjI0X2loYm5yXzAyIC0tPgo8dGFibGUgd2lkdGg9IjczMCIgY2VsbHBhZGRpbmc9IjAiIGNlbGxzcGFjaW5nPSIwIiBib3JkZXI9IjAiPgoKPCEtLTEw77yFT0ZG44Kv44O844Od44OzLyAtLT4KCjxkaXYgc3R5bGU9Im1hcmdpbi1ib3R0b206MTBweDsiPgoKPGltZyBzcmM9IgpodHRwczovL2ltYWdlLnJha3V0ZW4uY28uanAvcmFrdXRlbjI0L2NhYmluZXQvY291cG9uL2Jucl8xMDBfNzAwXzYwLmpwZyIgYWx0PSLliJ3jgoHjgabjga7mlrnpmZDlrpoxMDDlhoZPRkbjgq/jg7zjg53jg7PvvIEiIHdpZHRoPSI3MDAiIGhlaWdodD0iNjAiIGJvcmRlcj0iMCI+CjwvZGl2PgoKPGRpdiBzdHlsZT0ibWFyZ2luLWJvdHRvbToxMHB4OyI+Cgo8aW1nIHNyYz0iaHR0cHM6Ly9pbWFnZS5yYWt1dGVuLmNvLmpwL3Jha3V0ZW4yNC9jYWJpbmV0L2NvdXBvbi9ibnJfNzAwXzYwXzUwMDAuanBnIiBhbHQ9IjUsMDAw5YaG5Lul5LiK6LO85YWlMTAlT0ZG77yBIiB3aWR0aD0iNzAwIiBoZWlnaHQ9IjYwIiBib3JkZXI9IjAiPgo8L2Rpdj4KCjxkaXYgc3R5bGU9Im1hcmdpbi1ib3R0b206MTBweDsiPgoKPGltZyBzcmM9Imh0dHA6Ly9pbWFnZS5yYWt1dGVuLmNvLmpwL3Jha3V0ZW4yNC9jYWJpbmV0L2NvdXBvbi9ibnJfNzAwXzYwXzEwMDAwLmpwZyIgYWx0PSIxMCwwMDDlhobku6XkuIros7zlhaXjgacxNSVPRkbvvIEiIHdpZHRoPSI3MDAiIGhlaWdodD0iNjAiIGJvcmRlcj0iMCI+CjwvZGl2PgoKPCEtLWRpdiBzdHlsZT0ibWFyZ2luLWJvdHRvbToxMHB4OyI+Cgo8aW1nIHNyYz0iaHR0cDovL2ltYWdlLnJha3V0ZW4uY28uanAvcmFrdXRlbjI0L2NhYmluZXQvY2FtcGFpZ24vYXN1cmFrdS9ibnJfNzAwXzYwLmpwZyIgYWx0PSLjgYLjgZnmpb3llYblk4Hjg53jgqTjg7Pjg4gz5YCN77yBIiB3aWR0aD0iNzAwIiBoZWlnaHQ9IjYwIiBib3JkZXI9IjAiPgo8L2Rpdi0tPgoKPGRpdiBzdHlsZT0ibWFyZ2luLWJvdHRvbToxMHB4OyI+Cgo8aW1nIHNyYz0iaHR0cHM6Ly9pbWFnZS5yYWt1dGVuLmNvLmpwL3Jha3V0ZW4yNC9jYWJpbmV0L3NwZWNpYWwvZmF0aGVyXzQ2OHg2MC5qcGciIGFsdD0i44Od44Kk44Oz44OIM+WAje+8gSIgd2lkdGg9IjQ2OCIgaGVpZ2h0PSI2MCIgYm9yZGVyPSIwIj4KPC9kaXY+CgoKPCEtLWRpdiBzdHlsZT0ibWFyZ2luLWJvdHRvbToxMHB4OyI+Cgo8aW1nIHNyYz0iaHR0cHM6Ly9pbWFnZS5yYWt1dGVuLmNvLmpwL3Jha3V0ZW4yNC9jYWJpbmV0L3NwZWNpYWwvMjAxNl9lY2FtcGFpZ24uanBnIiBhbHQ9IuOCpOODvOOCsOODq+OCueWLneWIqeiomOW/teODneOCpOODs+ODiDLlgI3vvIEiIHdpZHRoPSI0NjgiIGhlaWdodD0iNjAiIGJvcmRlcj0iMCI+CjwvZGl2LS0+CgoKPCEtLSAvMTDvvIVPRkbjgq/jg7zjg53jg7MgLS0+Cgo8IS0tIOOBiuOBmeOBmeOCgeWVhuWTgSAtLT4K44OG44Os44OT57S55LuL77yaCuODiOODnuODiOOCuOODpeODvOOCuSAvCuODnuOCq+ODh+ODn+OCouODiuODg+ODhOOCquOCpOODqyAvCiDpm7vli5Xjg5bjg6zjg4Pjg4njgqvjg4Pjgr/jg7wgLwog44Or44Kk44Oc44K544OG44Kj44O8IC8K44KK44KT44GU6YWiIC8KPCEtLSAv44GK44GZ44GZ44KB5ZWG5ZOBIC0tPgoKCgo8IS0tIOalveWkqTI044GL44KJ44Gu44Oh44OD44K744O844K4LyAtLT4KPGJyPjxicj4KCgo8IS0tIC/mpb3lpKkyNOOBi+OCieOBruODoeODg+OCu+ODvOOCuCAtLT4KCjwhLS0g44GC44GZ5qW9TkcvIC0tPgo8IS0t44CAPGltZyBzcmM9Imh0dHA6Ly9pbWFnZS5yYWt1dGVuLmNvLmpwL3Jha3V0ZW4yNC9jYWJpbmV0L2l0ZW00Ni9hc3VyYWt1MDcwNC5qcGciIHdpZHRoPSI3MzAiIGhlaWdodD0iMTMwIiBib3JkZXI9IjAiPgoKPGRpdiBzdHlsZT0ibWFyZ2luLWJvdHRvbTo1cHg7Ij4KPGltZyBzcmM9Imh0dHA6Ly9pbWFnZS5yYWt1dGVuLmNvLmpwL3Jha3V0ZW4yNC9jYWJpbmV0L2l0ZW00NS9hc3VyYWt1MDcxMS5qcGciIHdpZHRoPSI3MzAiIGhlaWdodD0iNTAiIGJvcmRlcj0iMCI+CjwvZGl2PgotLT4KPCEtLSAv44GC44GZ5qW9TkcgLS0+CgoKCjwhLS0g5Zue6YGKLyAtLT4KPCEtLSAKCiAtLT4KPCEtLSAv5Zue6YGKIC0tPgoKCgo8IS0tIDLliJfooajnpLrnlKjjg5Djg4rjg7zjgqjjg6rjgqI+CjwhLS0KPHRyPgo8dGQgd2lkdGg9IjM2NSI+PGltZyBzcmM9Imh0dHA6Ly93d3cucmFrdXRlbi5uZS5qcC9nb2xkL3Jha3V0ZW4yNC9pdGVtL2ltYWdlcy9pdGVtcGFnZV9ibnJfMDEuanBnIiB3aWR0aD0iMzYwIiBoZWlnaHQ9IjYwIiBib3JkZXI9IjAiIGFsdD0iIj48L3RkPgo8dGQgd2lkdGg9IjM2NSI+PGltZyBzcmM9Imh0dHA6Ly93d3cucmFrdXRlbi5uZS5qcC9nb2xkL3Jha3V0ZW4yNC9pdGVtL2ltYWdlcy9pdGVtcGFnZV9ibnJfMDIuZ2lmIiB3aWR0aD0iMzYwIiBoZWlnaHQ9IjYwIiBib3JkZXI9IjAiIGFsdD0iIj48L3RkPgo8L3RyPgotLT4gCgo8IS0tIOiyt+OBhOeJqeOBi+OBlOODnOOCv+ODsy8gLS0+CjxzdHlsZT4KLyog5pen44Oc44K/44OzCiNyYWt1dGVuTGltaXRlZElkX2Fyb3VuZENhcnQgaW5wdXQgewogIHdpZHRoOiAxNjBweDsKICBoZWlnaHQ6IDQwcHg7CiBiYWNrZ3JvdW5kOnVybChodHRwOi8vaW1hZ2UucmFrdXRlbi5jby5qcC9yYWt1dGVuMjQvY2FiaW5ldC90ZXN0L2NhcnRfYmxhY2suZ2lmKSAjZmNmY2ZjIG5vLXJlcGVhdDsKICBvdmVyZmxvdzogaGlkZGVuOwogIGJvcmRlci13aWR0aDogMHB4OwogIHRleHQtaW5kZW50OiAxNTAlOwogIGN1cnNvcjogcG9pbnRlciAhaW1wb3J0YW50OwogIHdoaXRlLXNwYWNlOiBub3dyYXA7CiAgbWFyZ2luOiAxMHB4IDAgMCAwOwp9CiovCgovKiDml6cyCiNyYWt1dGVuTGltaXRlZElkX2Fyb3VuZENhcnQgaW5wdXQgewogIHdpZHRoOiAxODBweDsKICBoZWlnaHQ6IDQwcHg7CiBiYWNrZ3JvdW5kOnVybChodHRwOi8vaW1hZ2UucmFrdXRlbi5jby5qcC9yYWt1dGVuMjQvY2FiaW5ldC9sYXlvdXQvYnRuX2NhcnRfYmxhY2suZ2lmKSAjZmNmY2ZjIG5vLXJlcGVhdDsKICBvdmVyZmxvdzogaGlkZGVuOwogIGJvcmRlci13aWR0aDogMHB4OwogIHRleHQtaW5kZW50OiAxNTAlOwogIGN1cnNvcjogcG9pbnRlciAhaW1wb3J0YW50OwogIHdoaXRlLXNwYWNlOiBub3dyYXA7CiAgbWFyZ2luOiAxMHB4IDAgMCAwOwp9CiovCgovKiDkuojntITjgYvjgZTlr77lv5zjgafjgrPjg6Hjg7Pjg4jjgqLjgqbjg4gKI3Jha3V0ZW5MaW1pdGVkSWRfYXJvdW5kQ2FydCBpbnB1dCB7CiAgd2lkdGg6IDE4MHB4OwogIGhlaWdodDogNDBweDsKIGJhY2tncm91bmQ6dXJsKCJodHRwOi8vaW1hZ2UucmFrdXRlbi5jby5qcC9yYWt1dGVuMjQvY2FiaW5ldC9sYXlvdXQvYnRuX2NhcnRfYmxhY2suZ2lmIikgI2ZjZmNmYyBuby1yZXBlYXQ7CiAgb3ZlcmZsb3c6IGhpZGRlbjsKICBib3JkZXItd2lkdGg6IDBweDsKICB0ZXh0LWluZGVudDogMTUwJTsKICBjdXJzb3I6IHBvaW50ZXIgIWltcG9ydGFudDsKICB3aGl0ZS1zcGFjZTogbm93cmFwOwogIG1hcmdpbjogMTBweCAwIDAgMDsKfQoqLwojcmFrdXRlbkxpbWl0ZWRJZF9hcm91bmRDYXJ0IGlucHV0LnJDYXJ0QnRuOmhvdmVyLApkaXYuc2hvcEJvb2ttYXJrQXJlYSBkaXYuc2hvcEJrbSBhLmFkZFNob3BCa20gc3Bhbi5zaG9wQmttU3Rhcjpob3ZlciwKZGl2LmJvb2ttYXJrQXJlYSBkaXYuYmttIGEuYWRkQmttIHNwYW4uYmttU3Rhcjpob3ZlciB7CiAgb3BhY2l0eTogMC44OwogIGZpbHRlcjogYWxwaGEob3BhY2l0eT04MCk7Cn0KCiNyYWt1dGVuTGltaXRlZElkX2Fyb3VuZENhcnQgI3NlcnZpY2VUYWJsZVNtbHsKLyoKICBtYXJnaW4tbGVmdDogOTJweCAhaW1wb3J0YW50OwoqLwp9CgojcmFrdXRlbkxpbWl0ZWRJZF9hcm91bmRDYXJ0ICNzZXJ2aWNlVGFibGVTbWwgdGQuZmF2b3JpdGV7CndpZHRoOiAyNzBweCAhaW1wb3J0YW50Owp9CgoKCiNyYWt1dGVuTGltaXRlZElkX2Fyb3VuZENhcnQgZGl2LnNob3BCa217CndpZHRoOiAxMjBweDsKfQoKZGl2LnNob3BCb29rbWFya0FyZWEgZGl2LnNob3BCa20gYS5hZGRTaG9wQmttewp3aWR0aDogMTIwcHggIWltcG9ydGFudDsKaGVpZ2h0OiAyNnB4ICFpbXBvcnRhbnQ7Cn0KCmRpdi5zaG9wQm9va21hcmtBcmVhIGRpdi5zaG9wQmttIGEuYWRkU2hvcEJrbSBzcGFuLnNob3BCa21TdGFyewp3aWR0aDogMTIwcHggIWltcG9ydGFudDsKaGVpZ2h0OiAyNnB4ICFpbXBvcnRhbnQ7CmJhY2tncm91bmQ6IHVybChodHRwOi8vaW1hZ2UucmFrdXRlbi5jby5qcC9yYWt1dGVuMjQvY2FiaW5ldC9sYXlvdXQvYnRuX2Zhdm9yaXRlX3Nob3AuZ2lmKSBuby1yZXBlYXQgMCAwICFpbXBvcnRhbnQ7Cn0KCgoKI3Jha3V0ZW5MaW1pdGVkSWRfYXJvdW5kQ2FydCBkaXYuYmttewp3aWR0aDogMTIwcHg7Cn0KCmRpdi5ib29rbWFya0FyZWEgZGl2LmJrbSBhLmFkZEJrbXsKd2lkdGg6IDEyMHB4ICFpbXBvcnRhbnQ7CmhlaWdodDogMjZweCAhaW1wb3J0YW50Owp9CgpkaXYuYm9va21hcmtBcmVhIGRpdi5ia20gYS5hZGRCa20gc3Bhbi5ia21TdGFyewp3aWR0aDogMTIwcHggIWltcG9ydGFudDsKaGVpZ2h0OiAyNnB4ICFpbXBvcnRhbnQ7CmJhY2tncm91bmQ6IHVybChodHRwOi8vaW1hZ2UucmFrdXRlbi5jby5qcC9yYWt1dGVuMjQvY2FiaW5ldC9sYXlvdXQvYnRuX2Zhdm9yaXRlX2l0ZW0uZ2lmKSBuby1yZXBlYXQgMCAwICFpbXBvcnRhbnQ7Cn0KCi53ZWVrbHlCbnJ7CndpZHRoOiA3MDBweDsKaGVpZ2h0OiAyMzFweDsKcG9zaXRpb246IHJlbGF0aXZlOwpiYWNrZ3JvdW5kOiB1cmwoImh0dHA6Ly93d3cucmFrdXRlbi5uZS5qcC9nb2xkL3Jha3V0ZW4yNC9pbWcvcmFuazEvYmdfcmFua2Juci5qcGciKSBsZWZ0IHRvcCBuby1yZXBlYXQ7Cn0KCi53ZWVrbHlCbnIgaW1newp3aWR0aDogNjYycHg7CnBvc2l0aW9uOiBhYnNvbHV0ZTsKYm90dG9tOiAzMHB4OwpsZWZ0OiAyMHB4Owp6LWluZGV4OiAxMDsKfQoKLndlZWtseUJucjphZnRlcnsKY29udGVudDogdXJsKCJodHRwOi8vd3d3LnJha3V0ZW4ubmUuanAvZ29sZC9yYWt1dGVuMjQvaW1nL3JhbmsxL3dyYXBfcmFua2Juci5wbmciKTsKcG9zaXRpb246IGFic29sdXRlOwp0b3A6IDA7CmxlZnQ6IDA7CnotaW5kZXg6IDEwMDsKfQoKLnJldmlld0JuciB7CiAgICB3aWR0aDogNzAwcHg7CiAgICBoZWlnaHQ6IDEwMHB4OwogICAgYmFja2dyb3VuZDogdXJsKCJodHRwOi8vaW1hZ2UucmFrdXRlbi5jby5qcC9yYWt1dGVuMjQvY2FiaW5ldC9jYW1wYWlnbi9yZXZpZXcvYmdfcmV2aWV3Ym5yLmpwZyIpIGxlZnQgdG9wIG5vLXJlcGVhdDsKICAgIHBvc2l0aW9uOiByZWxhdGl2ZTsKICAgIGZvbnQtc2l6ZTogMTZweDsKfQoKLnJldmlld0JuciBkaXYgewogICAgcGFkZGluZzogMTBweDsKICAgIGJhY2tncm91bmQ6ICNmZmY7CiAgICBwb3NpdGlvbjogYWJzb2x1dGU7CiAgICB0b3A6IDExcHg7CiAgICBsZWZ0OiAxODBweDsKICAgIGxpbmUtaGVpZ2h0OiAxMjAlOwogICAgYm9yZGVyLXJhZGl1czogNXB4Owp9CgoucmV2aWV3Qm5yIHNwYW4gewogICAgY29sb3I6ICNmZjAwMDA7Cn0KCi5yZXZpZXdCbnIgc3Ryb25nIHsKICAgIGZvbnQtc2l6ZTogMThweDsKfQoKLmJucl9lYWdsZXN7CiAgICB3aWR0aDogNzAwcHg7CiAgICBkaXNwbGF5OiBibG9jazsKICAgIGJhY2tncm91bmQtY29sb3I6ICM5MjA0MWU7CiAgICB0ZXh0LWFsaWduOiBjZW50ZXI7Cn0KCgoKaHRtbCxib2R5IHsKZm9udC1mYW1pbHk6IENlbnR1cnkgR290aGljLCBBcmlhbDsKfQoKc3Bhbi5jYXRlZ29yeV9pdGVtdGF4cG9zdGFnZSB7Zm9udC1zaXplOjEwcHg7fQpzcGFuLmNhdGVnb3J5X2l0ZW1wcmljZSB7Y29sb3I6I2JmMDAwMDtmb250LXNpemU6MjRweDtmb250LXdlaWdodDpib2xkOyBkaXNwbGF5OmJsb2NrO30Kc3Bhbi5wcmljZTIgeyBmb250LXNpemU6MjIwJSAhaW1wb3J0YW50O2ZvbnQtd2VpZ2h0OmJvbGQ7fQp0YWJsZXt6LWluZGV4OjA7fSAKc3Bhbi5jYXRlZ29yeV9pdGVtcHJpY2U6YmVmb3Jley8qY29udGVudDoiUFJJQ0UgIjsqL2ZvbnQtc2l6ZToxMHB4O30KPC9zdHlsZT4KCjwhLS0g44GT44GT44G+44GnIC0tPgoKCjwvdGFibGU+,44Ko44Or44K544O844OrMiDjg5/jg4vjg4/jg7Pjgqzjg7wg44OU44Oz44OBOOOCs+S7mOOAkOalveWkqTI044CRW1RPV0Eo5p2x5ZKM55Sj5qWtKSDjg4/jg7Pjgqzjg7xd77ya5qW95aSpMjQ=,5qW95aSpMjTjgq/jg6rjgrnjgr/jg6vjgqzjgqTjgrbjg7zjg5/jg43jg6njg6vjgqbjgqnjg7zjgr/jg7zjg6rjgqLjg4Pjg5fjg6rjgqLjg4Pjg5d4NeODgOOCpuODi+ODvOOCs+ODs+ODieODvOODoOODmuODquOCqOOCteODvOODouOCueOCs+ODs+ODiOODrOODg+OCr+OCueaXpeeEvOOBkeatouOCgeOCs+OCs+ODiuODg+ODhOOCquOCpOODq+OBiOOBlOOBvuOBk+OCgeayueOCteODs+ODmuODrOOCsOODquODjuaJh+miqOapn+OCr+ODquOCueOCv+ODq+OCrOOCpOOCtuODvCA1MDBtbCA0OOacrOe3keOBrumtlOWls+eUmOmFkuOCqOODq+OCueODvOODqzIg44Of44OL44OP44Oz44Ks44O8IOODlOODs+ODgTjjgrPku5jjgJDmpb3lpKkyNOOAkVtUT1dBKOadseWSjOeUo+alrSkg44OP44Oz44Ks44O8XQ==,44Ko44Or44K544O844OrMihFTElJKS/nqI7mipwxODgw5YaG5Lul5LiK6YCB5paZ54Sh5paZ44CC44Ko44Or44K544O844OrMiDjg5/jg4vjg4/jg7Pjgqzjg7wg44OU44Oz44OBOOOCs+S7mOOAkOalveWkqTI044CRW1RPV0Eo5p2x5ZKM55Sj5qWtKSDjg4/jg7Pjgqzjg7xd[rn]
30-32985,aHR0cDovL3RzaG9wLnIxMHMuanAvY2l0eWxpbmVyL2NhYmluZXQvMDIwMy8wOTE0OTk0NC5qcGc/Zml0aW49NzAwOjcwMA==,NjQ0NDQuMDAwMA==,,44Kt44OD44K644O744OZ44OT44O844O744Oe44K/44OL44OG44KjID4g44Kt44OD44K6ID4g55+l6IKy44O75pWZ5p2QID4g6Ieq55Sx56CU56m244O75a6f6aiT5Zmo5YW3,44Ki44K644Ov44OzIOODiOODq+ODjeODvOODiSDmkrnmi4zmqZ8g44K544K/44Oz44OA44O844OJU00tMTA0IDHlj7A=,MzI0MOWGhuS7peS4iuOBlOizvOWFpeOBp+mAgeaWmeeEoeaWme+8gQ==,PGZvbnQgY29sb3I9InJlZCI+4oC75L2/55So5L6LPC9mb250Pjxmb250IGNvbG9yPWJsdWU+57+M5Za25qWt5pel5Lul5YaF44Gr5Ye66I236Ie044GX44G+44GZ44CCPC9mb250PuWcqOW6q+eKtuazgeOBquOBqeOBq+OCiOOCiuWHuuiNt+aXpeOBjOmBheOCjOOCi+WgtOWQiOOBjOOBlOOBluOBhOOBvuOBmeOAguips+e0sOOBr+OBk+OBoeOCieOBp+OBlOeiuuiqjeS4i+OBleOBhOOAgjxicj48YnI+PGZvbnQgY29sb3I9cmVkPjMsMjQw5YaG5Lul5LiK44GU6LO85YWl44Gn6YCB5paZ54Sh5paZ77yBPC9mb250Pjxicj48YnI+44CQ54m56ZW344CR5paw6Kit6KiI56OB5rCX5Zue6LevKFBBVCnjgpLmjqHnlKjjgZfjgZ/lsI/lnovpq5jlh7rlipvjg7vkvY7jgrPjgq3jg7PjgrDjg7vkvY7mjK/li5Xjg7vkvY7pqJLpn7Pjga5EQ+ODluODqeOCt+ODrOOCueODouODvOOCv+ODvOOCkuaOoeeUqOOBl+OBpuOBiuOCiuOAgeWun+mok+OBrueSsOWig+OCkuaQjeOBquOBhuOBk+OBqOOBquOBj+aSueaLjOS9nOalreOBjOihjOOBiOOBvuOBmeOAgjxicj7jgrnjg5Tjg7zjg4njg5XjgqPjg7zjg4njg5Djg4Pjgq/jgrfjgrnjg4bjg6Djgavjgojjgormkrnmi4zkuK3jga7osqDojbfjga7lpInljJbjgavjgoLluLjjgavlr77lv5zjgZfjgIHoqK3lrprlm57ou6LmlbDjgpLntq3mjIHjgZfjgb7jgZnjgII8YnI+5a6J5YWo6KOF572u44Gr44Gv44CB6Zu75rWB5Yi26ZmQ5Zue6Lev44CB44K144O844Oe44Or44OX44Ot44OG44Kv44K/44O844Go44OB44Oj44OD44Kv44Kr44OQ44O844Go44Oi44O844K/44O85YuV5L2c44KS6YCj5YuV44GV44Gb44Gf44OV44Kn44O844Or44K744O844OV5qmf6IO9KOODgeODo+ODg+OCr+OCq+ODkOODvOOCkumWi+OBkeOCi+OBqOiHquWLleeahOOBq+ODouODvOOCv+ODvOWBnOatoinjgpLmqJnmupboo4XlgpnjgZfjgabjgYTjgb7jgZnjgII8YnI+5q2j6Lui44O76YCG6Lui5qmf6IO944KC5qiZ5rqW6KOF5YKZ44CB5pK55ouM5Lit44Gn44KC44Ov44Oz44K/44OD44OB44Gn5Zue6Lui5pa55ZCR44KS5YiH44KK5o+b44GI44KL44GT44Go44GM44Gn44GN44G+44GZ44CCPGJyPk9OL09GRuOBqOWbnui7ouaVsOOBruioreWumuOBr+OAgeOCueOCpOODg+ODgeS7mOODnOODquODpeODvOODoOaWueW8j+OCkuaOoeeUqOOBl+aTjeS9nOaAp+OBq+WEquOCjOOBpuOBhOOBvuOBmeOAgjxicj7jg4Hjg6Pjg4Pjgq/jg4/jg7Pjg4njg6vkuI3nlKjjga7miYvnt6DjgoHjg4Hjg6Pjg4Pjgq/jgpLmjqHnlKjjgZfjgIHjg4Hjg6Pjg4Pjgq/jgqvjg5Djg7zjgajjga7pgKPli5Xjgavjgojjgovjg6Ljg7zjgr/jg7zjg63jg4Pjgq/mqZ/mp4vjgavjgojjgorniYfmiYvmk43kvZzjgoLlj6/og73jgafjgZnjgII8YnI+5pK55ouM44K344Oj44OV44OI44Gu5pSv5oyB44Gv44Kz44Os44OD44OI5pa55byP44Gn5L+d5oyB5Yqb44KC6auY44GP6Iqv5oyv44KM44KC5oqR44GI44CB5q2j6YCG6Lui5qmf6IO944Gr44KC5a++5b+c44GX44Gm44GE44G+44GZKOOCquODl+OCt+ODp+ODs+OCs+ODrOODg+ODiOOBq+OCiOOCiuaSueaLjOOCt+ODo+ODleODiOW+hOOBruWkieabtOOCguWPr+iDveOBp+OBmSnjgII8YnI+44CQ5rOo5oSP44CR4oC744K544K/44Oz44OJ44Gv5LuY5bGe44GX44Gm44GK44KK44G+44Gb44KT44CCPGJyPuOAkOS7mOWxnuWTgeOAkeOCr+ODqeODs+ODl8OXMeWAi+OAgeaUquaLjOajks6mOMOXNDk1bW3DlzHmnKzjgIHmlKrmi4znvr3moLnjg5fjg63jg5rjg6nlnovOpjUwbW3DlzHlgIvjgIHmjqXlnLDjgqLjg4Djg5fjgr/jg7zDlzHlgIs8YnI+44CQ6LOq6YePKGtnKeOAkTIuNTxicj7jgJDjgr/jgqTjg5fjgJHjgrnjgr/jg7Pjg4Djg7zjg4k8YnI+44CQ5aSW5b2i5a+45rOVKG1tKeOAkTk4w5cxNTXDlzE2NDxicj7jgJDlm57ou6LmlbAobWluPHN1cD4tMTwvc3VwPltyLnAubV0p44CRNe+9njMwMDxicj7jgJDpm7vmupDjgJFBQzEwMFYgNTAvNjBIeiA4MFZBPGJyPuOAkOODouODvOOCv+ODvOOAkURD44OW44Op44K344Os44K544Oi44O844K/44O8MzBXKELnqK7ntbbnuIEvMTMw4oSDKTxicj7jgJDlronlhajoo4Xnva7jgJHjgrXjg7zjg57jg6vjg5fjg63jg4bjgq/jgr/jg7zjgIHpm7vmtYHliLbpmZDlm57ot6/jgIHjg4Hjg6Pjg4Pjgq/jgqvjg5Djg7zpgKPli5Xjg5Xjgqfjg7zjg6vjgrvjg7zjg5XmqZ/og708YnI+44CQ5qmf6IO944CR5q2j6LuiL+mAhui7ouWIh+OCiuaPm+OBiOapn+iDvTxicj7jgJDjg4Hjg6Pjg4Pjgq/jgJHOpjhtbeeUqOOCs+ODrOODg+ODiOWei+aJi+e3oOOCgeODgeODo+ODg+OCrzxicj7jgJDlm57ou6LliLblvqHjgJHjgrnjg5Tjg7zjg4njg5XjgqPjg7zjg4njg5Djg4Pjgq/liLblvqE8YnI+44CQ5Zue6Lui6Kq/56+A44CR44Oc44Oq44Ol44O844Og6Kit5a6aKOODh+OCuOOCv+ODqzTmoYHooajnpLopPGJyPuOAkOOCouOCuuODr+ODs+WTgeeVquOAkTEtNTQ3Mi0wNDxicj7jgJDmnIDlpKfjg4jjg6vjgq8oY0pba2dm44O7Y21dKeOAkTk4LjFbMTAuMF08YnI+PGRpdiBzdHlsZT0iIGJvcmRlcjpzb2xpZCAxcHggIzMzMzMzMzsgYmFja2dyb3VuZC1jb2xvcjojRkZGRkZGOyBwYWRkaW5nOjVweDsgZm9udC1zaXplOjEuMWVtOyBsaW5lLWhlaWdodDoxLjRlbTsiPgoJ5ZWG5ZOB55S75YOP44Gr44Gk44GN44G+44GX44Gm44Gv44CBPHNwYW4gc3R5bGU9ImNvbG9yOiM5OTAwMDA7Ij7jgrXjgqTjgrrjg7voibLnrYnjgYznlbDjgarjgovloLTlkIjjgYzjgZTjgZbjgYTjgb7jgZk8L3NwYW4+44Gu44Gn44GU5rOo5oSP5LiL44GV44GE44CCPGJyPgoJPHNwYW4gc3R5bGU9ImNvbG9yOiM5OTAwMDA7Ij7opIfmlbDllYblk4HjgpLlkIzmmYLjgavjgZTms6jmloc8L3NwYW4+44Gu5aC05ZCI44Gv44CB44Oa44O844K45LiL44GuPHNwYW4gc3R5bGU9ImNvbG9yOiM5OTAwMDA7Ij7jgJDopIfmlbDllYblk4Hjga7lh7rojbfjgJE8L3NwYW4+44KS44GU6Kan44GP44Gg44GV44GE44CCCjwvZGl2Pg==,44Ki44K644Ov44OzIOODiOODq+ODjeODvOODiSDmkrnmi4zmqZ8g44K544K/44Oz44OA44O844OJU00tMTA0IDHlj7DvvJrjg5fjg63jga7lt6Xlhbfjgrfjg6fjg4Pjg5fjgIBZT1NISU1VUkE=,5L2c5qWt5bel5YW35raI6ICX5ZOB5pel5puc5aSn5belRElZ5a6J5YWo6Z2044OZ44Ki44Oq44Oz44Kw56CU56Oo5qKx5YyF44Km44Ko44K544K544OI44Os44OD44OB44OV44Kj44Or44Og44OG44O844OX6LuN5omL44Oc44Or44O044Kj44OD44Kv5Y+w6LuK5YiH5YmK5bel5YW344Gt44GY44Oe44K544Kv5ris5a6a44Kt44Og44K/44Kq44Or44Ki44K644Ov44OzIOODiOODq+ODjeODvOODiSDmkrnmi4zmqZ8g44K544K/44Oz44OA44O844OJU00tMTA0IDHlj7A=,MzI0MOWGhuS7peS4iuOBlOizvOWFpeOBp+mAgeaWmeeEoeaWme+8geOAguOCouOCuuODr+ODsyDjg4jjg6vjg43jg7zjg4kg5pK55ouM5qmfIOOCueOCv+ODs+ODgOODvOODiVNNLTEwNCAx5Y+w[rn]
30-32986,aHR0cDovL3RzaG9wLnIxMHMuanAvY2l0eWxpbmVyL2NhYmluZXQvMDMxNy8zMzUxODI3NC5qcGc/Zml0aW49NzAwOjcwMA==,MTcxOS4yMDAw,,44Kt44OD44K644O744OZ44OT44O844O744Oe44K/44OL44OG44KjID4g44Kt44OD44K6ID4g55+l6IKy44O75pWZ5p2QID4g6Ieq55Sx56CU56m244O75a6f6aiT5Zmo5YW3,Q0PljbAo44OL44OD44Kr44OI44O8KSDjgqLjg6vjg5/jg4rjg5zjg7zjg6sgSERIRC02IOmHjeOBlTFrZ+WbuuWumiAx6KKLKDFrZyk=,MzI0MOWGhuS7peS4iuOBlOizvOWFpeOBp+mAgeaWmeeEoeaWme+8gQ==,PGZvbnQgY29sb3I9InJlZCI+4oC75Luj6KGo55S75YOP44Gn44GZPC9mb250Pjxmb250IGNvbG9yPWJsdWU+57+M5Za25qWt5pel5Lul5YaF44Gr5Ye66I236Ie044GX44G+44GZ44CCPC9mb250PuWcqOW6q+eKtuazgeOBquOBqeOBq+OCiOOCiuWHuuiNt+aXpeOBjOmBheOCjOOCi+WgtOWQiOOBjOOBlOOBluOBhOOBvuOBmeOAguips+e0sOOBr+OBk+OBoeOCieOBp+OBlOeiuuiqjeS4i+OBleOBhOOAgjxicj48YnI+PGZvbnQgY29sb3I9cmVkPjMsMjQw5YaG5Lul5LiK44GU6LO85YWl44Gn6YCB5paZ54Sh5paZ77yBPC9mb250Pjxicj48YnI+44CQ54m56ZW344CR6ICQ5pGp6ICX5oCn44CB6ICQ5LmF5oCn44Gr44GZ44GQ44KM44CB5aSp54S25Y6f5paZ44CB44Ki44Or44Of44OK44GL44KJ6Zu75a2Q6YOo5ZOB44Gu5Z+65p2/44KE5bCB5q2i5p2Q5paZ44Gq44Gp5aSa5qeY44Gq57KJ56CV44O75YiG5pWj55So44Oc44O844Or44Gr6YGp44GX44Gm44GE44G+44GZ44CCPGJyPuaxjueUqOOCsOODrOODvOODieOCv+OCpOODl+OAgjxicj7jgJDnm7TlvoQozqZtbSnjgJE2PGJyPuOAkOehrOW6puOAkUhW77yaOS44R1BhKDEwMDBrZ2YvbW08c3VwPjI8L3N1cD4pSFJB77yaODc8YnI+44CQ56Gs44GVKEh2KeOAkTExMDA8YnI+44CQ5YyW5a2m57WE5oiQ44CRQWw8c3ViPjI8L3N1Yj5PPHN1Yj4zPC9zdWI+LzkzJeOAgVNpTzxzdWI+Mjwvc3ViPi81JTxicj7jgJDnoLTlo4rpna3mgKfjgJEzLjdNUGHiiJptPGJyPuOAkOWvhuW6pihnL2NtPHN1cD4zPC9zdXA+KeOAkTMuNjxicj7jgJDjgqLjgrrjg6/jg7Plk4HnlarjgJE1LTQwNDMtMDU8YnI+44CQ44GL44KJ44Ga44KK56Oo6ICX546HKHBwbS9oKeOAkTE4MDxicj48ZGl2IHN0eWxlPSIgYm9yZGVyOnNvbGlkIDFweCAjMzMzMzMzOyBiYWNrZ3JvdW5kLWNvbG9yOiNGRkZGRkY7IHBhZGRpbmc6NXB4OyBmb250LXNpemU6MS4xZW07IGxpbmUtaGVpZ2h0OjEuNGVtOyI+CgnllYblk4HnlLvlg4/jgavjgaTjgY3jgb7jgZfjgabjga/jgIE8c3BhbiBzdHlsZT0iY29sb3I6Izk5MDAwMDsiPuOCteOCpOOCuuODu+iJsuetieOBjOeVsOOBquOCi+WgtOWQiOOBjOOBlOOBluOBhOOBvuOBmTwvc3Bhbj7jga7jgafjgZTms6jmhI/kuIvjgZXjgYTjgII8YnI+Cgk8c3BhbiBzdHlsZT0iY29sb3I6Izk5MDAwMDsiPuikh+aVsOWVhuWTgeOCkuWQjOaZguOBq+OBlOazqOaWhzwvc3Bhbj7jga7loLTlkIjjga/jgIHjg5rjg7zjgrjkuIvjga48c3BhbiBzdHlsZT0iY29sb3I6Izk5MDAwMDsiPuOAkOikh+aVsOWVhuWTgeOBruWHuuiNt+OAkTwvc3Bhbj7jgpLjgZTopqfjgY/jgaDjgZXjgYTjgIIKPC9kaXY+,Q0PljbAo44OL44OD44Kr44OI44O8KSDjgqLjg6vjg5/jg4rjg5zjg7zjg6sgSERIRC02IOmHjeOBlTFrZ+WbuuWumiAx6KKLKDFrZynvvJrjg5fjg63jga7lt6Xlhbfjgrfjg6fjg4Pjg5fjgIBZT1NISU1VUkE=,5L2c5qWt5bel5YW35raI6ICX5ZOB5pel5puc5aSn5belRElZ5a6J5YWo6Z2044OZ44Ki44Oq44Oz44Kw56CU56Oo5qKx5YyF44Km44Ko44K544K544OI44Os44OD44OB44OV44Kj44Or44Og44OG44O844OX6LuN5omL44Oc44Or44O044Kj44OD44Kv5Y+w6LuK5YiH5YmK5bel5YW344Gt44GY44Oe44K544Kv5ris5a6a44Kt44Og44K/44Kq44OrQ0PljbAo44OL44OD44Kr44OI44O8KSDjgqLjg6vjg5/jg4rjg5zjg7zjg6sgSERIRC02IOmHjeOBlTFrZ+WbuuWumiAx6KKLKDFrZyk=,MzI0MOWGhuS7peS4iuOBlOizvOWFpeOBp+mAgeaWmeeEoeaWme+8geOAgkND5Y2wKOODi+ODg+OCq+ODiOODvCkg44Ki44Or44Of44OK44Oc44O844OrIEhESEQtNiDph43jgZUxa2flm7rlrpogMeiiiygxa2cp[rn]
30-32987,aHR0cDovL3RzaG9wLnIxMHMuanAvY2l0eWxpbmVyL2NhYmluZXQvMDMwMC8wOTE5NzM4Ni5qcGc/Zml0aW49NzAwOjcwMA==,MTI4NzMuNjAwMA==,,44Kt44OD44K644O744OZ44OT44O844O744Oe44K/44OL44OG44KjID4g44Kt44OD44K6ID4g55+l6IKy44O75pWZ5p2QID4g6Ieq55Sx56CU56m244O75a6f6aiT5Zmo5YW3,44Ki44K644Ov44OzIOODkOOCreODpeODvOODoOOCt+ODvOODqzHlgIs=,MzI0MOWGhuS7peS4iuOBlOizvOWFpeOBp+mAgeaWmeeEoeaWme+8gQ==,PGZvbnQgY29sb3I9InJlZCI+4oC75Luj6KGo55S75YOP44Gn44GZPC9mb250Pjxmb250IGNvbG9yPWJsdWU+M+WWtualreaXpeS7peWGheOBq+WHuuiNt+iHtOOBl+OBvuOBmeOAgjwvZm9udD7lnKjluqvnirbms4Hjgarjganjgavjgojjgorlh7rojbfml6XjgYzpgYXjgozjgovloLTlkIjjgYzjgZTjgZbjgYTjgb7jgZnjgILoqbPntLDjga/jgZPjgaHjgonjgafjgZTnorroqo3kuIvjgZXjgYTjgII8YnI+PGJyPjxmb250IGNvbG9yPXJlZD4zLDI0MOWGhuS7peS4iuOBlOizvOWFpeOBp+mAgeaWmeeEoeaWme+8gTwvZm9udD48YnI+PGJyPuOAkOS7leanmOOAkTI5LzMyPGJyPuOAkOadkOizquOAkeacrOS9ky/lvJfntKDmqLnohIIoUFRGRSnjg7vjgrnjg4bjg7Pjg6zjgrkoU1VTMzA0KeOAgeWkluODjeOCuOmDqC9QUCjjg53jg6rjg5fjg63jg5Tjg6zjg7MpPGJyPuOAkOOCt+ODo+ODleODiOW+hCjOpm1tKeOAkTg8YnI+44CQ44Ki44K644Ov44Oz5ZOB55Wq44CRNy0wNjYtMDU8YnI+PGRpdiBzdHlsZT0iIGJvcmRlcjpzb2xpZCAxcHggIzMzMzMzMzsgYmFja2dyb3VuZC1jb2xvcjojRkZGRkZGOyBwYWRkaW5nOjVweDsgZm9udC1zaXplOjEuMWVtOyBsaW5lLWhlaWdodDoxLjRlbTsiPgoJ5ZWG5ZOB55S75YOP44Gr44Gk44GN44G+44GX44Gm44Gv44CBPHNwYW4gc3R5bGU9ImNvbG9yOiM5OTAwMDA7Ij7jgrXjgqTjgrrjg7voibLnrYnjgYznlbDjgarjgovloLTlkIjjgYzjgZTjgZbjgYTjgb7jgZk8L3NwYW4+44Gu44Gn44GU5rOo5oSP5LiL44GV44GE44CCPGJyPgoJPHNwYW4gc3R5bGU9ImNvbG9yOiM5OTAwMDA7Ij7opIfmlbDllYblk4HjgpLlkIzmmYLjgavjgZTms6jmloc8L3NwYW4+44Gu5aC05ZCI44Gv44CB44Oa44O844K45LiL44GuPHNwYW4gc3R5bGU9ImNvbG9yOiM5OTAwMDA7Ij7jgJDopIfmlbDllYblk4Hjga7lh7rojbfjgJE8L3NwYW4+44KS44GU6Kan44GP44Gg44GV44GE44CCCjwvZGl2Pg==,44Ki44K644Ov44OzIOODkOOCreODpeODvOODoOOCt+ODvOODqzHlgIvvvJrjg5fjg63jga7lt6Xlhbfjgrfjg6fjg4Pjg5fjgIBZT1NISU1VUkE=,5L2c5qWt5bel5YW35raI6ICX5ZOB5pel5puc5aSn5belRElZ5a6J5YWo6Z2044OZ44Ki44Oq44Oz44Kw56CU56Oo5qKx5YyF44Km44Ko44K544K544OI44Os44OD44OB44OV44Kj44Or44Og44OG44O844OX6LuN5omL44Oc44Or44O044Kj44OD44Kv5Y+w6LuK5YiH5YmK5bel5YW344Gt44GY44Oe44K544Kv5ris5a6a44Kt44Og44K/44Kq44Or44Ki44K644Ov44OzIOODkOOCreODpeODvOODoOOCt+ODvOODqzHlgIs=,MzI0MOWGhuS7peS4iuOBlOizvOWFpeOBp+mAgeaWmeeEoeaWme+8geOAguOCouOCuuODr+ODsyDjg5Djgq3jg6Xjg7zjg6Djgrfjg7zjg6sx5YCL[rn]
30-32988,aHR0cDovL3RzaG9wLnIxMHMuanAvY2l0eWxpbmVyL2NhYmluZXQvMDIwNC8wOTE5NjQ0Mi5qcGc/Zml0aW49NzAwOjcwMA==,NTc4LjQwMDA=,,44Kt44OD44K644O744OZ44OT44O844O744Oe44K/44OL44OG44KjID4g44Kt44OD44K6ID4g55+l6IKy44O75pWZ5p2QID4g6Ieq55Sx56CU56m244O75a6f6aiT5Zmo5YW3,44Ki44K644Ov44OzIFBURkXmkrnmi4zmo5Io6YmE6Iqv5Z6LKTMuMiAx5pys,MzI0MOWGhuS7peS4iuOBlOizvOWFpeOBp+mAgeaWmeeEoeaWme+8gQ==,PGZvbnQgY29sb3I9Ymx1ZT4z5Za25qWt5pel5Lul5YaF44Gr5Ye66I236Ie044GX44G+44GZ44CCPC9mb250PuWcqOW6q+eKtuazgeOBquOBqeOBq+OCiOOCiuWHuuiNt+aXpeOBjOmBheOCjOOCi+WgtOWQiOOBjOOBlOOBluOBhOOBvuOBmeOAguips+e0sOOBr+OBk+OBoeOCieOBp+OBlOeiuuiqjeS4i+OBleOBhOOAgjxicj48YnI+PGZvbnQgY29sb3I9cmVkPjMsMjQw5YaG5Lul5LiK44GU6LO85YWl44Gn6YCB5paZ54Sh5paZ77yBPC9mb250Pjxicj48YnI+44CQ5p2Q6LOq44CR44OV44OD57Sg5qi56ISCKFBURkUp44CB5Lit6IqvL+OCueODgeODvOODqzxicj7jgJDplbfjgZUobW0p44CRMjAwPGJyPuOAkOebtOW+hCjOpm1tKeOAkTY8YnI+44CQ5Z6L55Wq44CRMy4yPGJyPuOAkOebtOW+hMOX6ZW344GVTCjOpm1tw5dtbSnjgJHOpjbDlzIwMDxicj7jgJDogJDnhrHmuKnluqYo4oSDKeOAkee0hDI4MDxicj7jgJDjgqLjgrrjg6/jg7Plk4HnlarjgJExLTc3MzUtMDM8YnI+PGRpdiBzdHlsZT0iIGJvcmRlcjpzb2xpZCAxcHggIzMzMzMzMzsgYmFja2dyb3VuZC1jb2xvcjojRkZGRkZGOyBwYWRkaW5nOjVweDsgZm9udC1zaXplOjEuMWVtOyBsaW5lLWhlaWdodDoxLjRlbTsiPgoJ5ZWG5ZOB55S75YOP44Gr44Gk44GN44G+44GX44Gm44Gv44CBPHNwYW4gc3R5bGU9ImNvbG9yOiM5OTAwMDA7Ij7jgrXjgqTjgrrjg7voibLnrYnjgYznlbDjgarjgovloLTlkIjjgYzjgZTjgZbjgYTjgb7jgZk8L3NwYW4+44Gu44Gn44GU5rOo5oSP5LiL44GV44GE44CCPGJyPgoJPHNwYW4gc3R5bGU9ImNvbG9yOiM5OTAwMDA7Ij7opIfmlbDllYblk4HjgpLlkIzmmYLjgavjgZTms6jmloc8L3NwYW4+44Gu5aC05ZCI44Gv44CB44Oa44O844K45LiL44GuPHNwYW4gc3R5bGU9ImNvbG9yOiM5OTAwMDA7Ij7jgJDopIfmlbDllYblk4Hjga7lh7rojbfjgJE8L3NwYW4+44KS44GU6Kan44GP44Gg44GV44GE44CCCjwvZGl2Pg==,44Ki44K644Ov44OzIFBURkXmkrnmi4zmo5Io6YmE6Iqv5Z6LKTMuMiAx5pys77ya44OX44Ot44Gu5bel5YW344K344On44OD44OX44CAWU9TSElNVVJB,5L2c5qWt5bel5YW35raI6ICX5ZOB5pel5puc5aSn5belRElZ5a6J5YWo6Z2044OZ44Ki44Oq44Oz44Kw56CU56Oo5qKx5YyF44Km44Ko44K544K544OI44Os44OD44OB44OV44Kj44Or44Og44OG44O844OX6LuN5omL44Oc44Or44O044Kj44OD44Kv5Y+w6LuK5YiH5YmK5bel5YW344Gt44GY44Oe44K544Kv5ris5a6a44Kt44Og44K/44Kq44Or44Ki44K644Ov44OzIFBURkXmkrnmi4zmo5Io6YmE6Iqv5Z6LKTMuMiAx5pys,MzI0MOWGhuS7peS4iuOBlOizvOWFpeOBp+mAgeaWmeeEoeaWme+8geOAguOCouOCuuODr+ODsyBQVEZF5pK55ouM5qOSKOmJhOiKr+WeiykzLjIgMeacrA==[rn]
30-32989,aHR0cDovL3RzaG9wLnIxMHMuanAvY2l0eWxpbmVyL2NhYmluZXQvMDMwMC8wOTIxNDM0NC5qcGc/Zml0aW49NzAwOjcwMA==,NTE3NS4yMDAw,,44Kt44OD44K644O744OZ44OT44O844O744Oe44K/44OL44OG44KjID4g44Kt44OD44K6ID4g55+l6IKy44O75pWZ5p2QID4g6Ieq55Sx56CU56m244O75a6f6aiT5Zmo5YW3,44Ki44K644Ov44OzIOODn+ODi+OCpuOCp+ODvOODliDlsILnlKjjg4Hjg6Xjg7zjg5bjg6njg4Pjgq9XRVYtMDMtMTIgMeWAiw==,MzI0MOWGhuS7peS4iuOBlOizvOWFpeOBp+mAgeaWmeeEoeaWme+8gQ==,PGZvbnQgY29sb3I9Ymx1ZT405Za25qWt5pel5Lul5YaF44Gr5Ye66I236Ie044GX44G+44GZ44CCPC9mb250PuWcqOW6q+eKtuazgeOBquOBqeOBq+OCiOOCiuWHuuiNt+aXpeOBjOmBheOCjOOCi+WgtOWQiOOBjOOBlOOBluOBhOOBvuOBmeOAguips+e0sOOBr+OBk+OBoeOCieOBp+OBlOeiuuiqjeS4i+OBleOBhOOAgjxicj48YnI+PGZvbnQgY29sb3I9cmVkPjMsMjQw5YaG5Lul5LiK44GU6LO85YWl44Gn6YCB5paZ54Sh5paZ77yBPC9mb250Pjxicj48YnI+44CQ5LuV5qeY44CRMS41bUzjg57jgqTjgq/jg63jg4Hjg6Xjg7zjg5YgMTLmnKzmnrbjgZE8YnI+44CQ5ZOB5ZCN44CR5bCC55So44OB44Ol44O844OW44Op44OD44KvPGJyPuOAkOWei+eVquOAkVdFVi0wMy0xMjxicj7jgJDjgqLjgrrjg6/jg7Plk4HnlarjgJExLTQxMDMtMDI8YnI+44CQ6YGp5ZCI5a655Zmo44CRMS41bUzjg57jgqTjgq/jg63jg4Hjg6Xjg7zjg5bDlzEy5pys5p6244GRPGJyPjxkaXYgc3R5bGU9IiBib3JkZXI6c29saWQgMXB4ICMzMzMzMzM7IGJhY2tncm91bmQtY29sb3I6I0ZGRkZGRjsgcGFkZGluZzo1cHg7IGZvbnQtc2l6ZToxLjFlbTsgbGluZS1oZWlnaHQ6MS40ZW07Ij4KCeWVhuWTgeeUu+WDj+OBq+OBpOOBjeOBvuOBl+OBpuOBr+OAgTxzcGFuIHN0eWxlPSJjb2xvcjojOTkwMDAwOyI+44K144Kk44K644O76Imy562J44GM55Ww44Gq44KL5aC05ZCI44GM44GU44GW44GE44G+44GZPC9zcGFuPuOBruOBp+OBlOazqOaEj+S4i+OBleOBhOOAgjxicj4KCTxzcGFuIHN0eWxlPSJjb2xvcjojOTkwMDAwOyI+6KSH5pWw5ZWG5ZOB44KS5ZCM5pmC44Gr44GU5rOo5paHPC9zcGFuPuOBruWgtOWQiOOBr+OAgeODmuODvOOCuOS4i+OBrjxzcGFuIHN0eWxlPSJjb2xvcjojOTkwMDAwOyI+44CQ6KSH5pWw5ZWG5ZOB44Gu5Ye66I2344CRPC9zcGFuPuOCkuOBlOimp+OBj+OBoOOBleOBhOOAggo8L2Rpdj4=,44Ki44K644Ov44OzIOODn+ODi+OCpuOCp+ODvOODliDlsILnlKjjg4Hjg6Xjg7zjg5bjg6njg4Pjgq9XRVYtMDMtMTIgMeWAi++8muODl+ODreOBruW3peWFt+OCt+ODp+ODg+ODl+OAgFlPU0hJTVVSQQ==,5L2c5qWt5bel5YW35raI6ICX5ZOB5pel5puc5aSn5belRElZ5a6J5YWo6Z2044OZ44Ki44Oq44Oz44Kw56CU56Oo5qKx5YyF44Km44Ko44K544K544OI44Os44OD44OB44OV44Kj44Or44Og44OG44O844OX6LuN5omL44Oc44Or44O044Kj44OD44Kv5Y+w6LuK5YiH5YmK5bel5YW344Gt44GY44Oe44K544Kv5ris5a6a44Kt44Og44K/44Kq44Or44Ki44K644Ov44OzIOODn+ODi+OCpuOCp+ODvOODliDlsILnlKjjg4Hjg6Xjg7zjg5bjg6njg4Pjgq9XRVYtMDMtMTIgMeWAiw==,MzI0MOWGhuS7peS4iuOBlOizvOWFpeOBp+mAgeaWmeeEoeaWme+8geOAguOCouOCuuODr+ODsyDjg5/jg4vjgqbjgqfjg7zjg5Yg5bCC55So44OB44Ol44O844OW44Op44OD44KvV0VWLTAzLTEyIDHlgIs=[rn]
30-32990,aHR0cDovL3RzaG9wLnIxMHMuanAvY2l0eWxpbmVyL2NhYmluZXQvMDMxNy8zMzUxODc4Mi5qcGc/Zml0aW49NzAwOjcwMA==,MjgyMi40MDAw,,44Kt44OD44K644O744OZ44OT44O844O744Oe44K/44OL44OG44KjID4g44Kt44OD44K6ID4g55+l6IKy44O75pWZ5p2QID4g6Ieq55Sx56CU56m244O75a6f6aiT5Zmo5YW3,44Ki44K644Ov44OzIOODiuOCpOODreODs+eQg05ELTIgMeOCseODvOOCuSgxMDDlgIsp,MzI0MOWGhuS7peS4iuOBlOizvOWFpeOBp+mAgeaWmeeEoeaWme+8gQ==,PGZvbnQgY29sb3I9InJlZCI+4oC75Luj6KGo55S75YOP44Gn44GZPC9mb250Pjxmb250IGNvbG9yPWJsdWU+NOWWtualreaXpeS7peWGheOBq+WHuuiNt+iHtOOBl+OBvuOBmeOAgjwvZm9udD7lnKjluqvnirbms4Hjgarjganjgavjgojjgorlh7rojbfml6XjgYzpgYXjgozjgovloLTlkIjjgYzjgZTjgZbjgYTjgb7jgZnjgILoqbPntLDjga/jgZPjgaHjgonjgafjgZTnorroqo3kuIvjgZXjgYTjgII8YnI+PGJyPjxmb250IGNvbG9yPXJlZD4zLDI0MOWGhuS7peS4iuOBlOizvOWFpeOBp+mAgeaWmeeEoeaWme+8gTwvZm9udD48YnI+PGJyPuOAkOeJuemVt+OAkeeglOejqOS7leS4iuOBkuOBp+OBmeOBruOBp+OAgeOCreOCuuODu+OBpOOBquOBjuebruetieOBjOeEoeOBj+ecn+eQg+OBp+OBmeOAguiAkOeGseaAp+ODu+iAkOaRqeiAl+aAp+ODu+iAkOayueaAp+ODu+iAkOa6tuWJpOaAp+OBq+WEquOCjOOBpuOBhOOBvuOBmeOAgjxicj7jgJDmnZDos6rjgJFQQS02Nijjg53jg6rjgqLjg5/jg4kpPGJyPuOAkOOCteOCpOOCuihpbmNoKeOAkTUvMzIozqY0LjBtbSk8YnI+44CQ5q+U6YeN44CRMS4xNDxicj7jgJDogJDnhrHmuKnluqYo4oSDKeOAkee0hDE5MCjojbfph400LjZrZy9jbTxzdXA+Mjwvc3VwPik8YnI+44CQ44Ki44K644Ov44Oz5ZOB55Wq44CRNi01NjYtMDI8YnI+PGRpdiBzdHlsZT0iIGJvcmRlcjpzb2xpZCAxcHggIzMzMzMzMzsgYmFja2dyb3VuZC1jb2xvcjojRkZGRkZGOyBwYWRkaW5nOjVweDsgZm9udC1zaXplOjEuMWVtOyBsaW5lLWhlaWdodDoxLjRlbTsiPgoJ5ZWG5ZOB55S75YOP44Gr44Gk44GN44G+44GX44Gm44Gv44CBPHNwYW4gc3R5bGU9ImNvbG9yOiM5OTAwMDA7Ij7jgrXjgqTjgrrjg7voibLnrYnjgYznlbDjgarjgovloLTlkIjjgYzjgZTjgZbjgYTjgb7jgZk8L3NwYW4+44Gu44Gn44GU5rOo5oSP5LiL44GV44GE44CCPGJyPgoJPHNwYW4gc3R5bGU9ImNvbG9yOiM5OTAwMDA7Ij7opIfmlbDllYblk4HjgpLlkIzmmYLjgavjgZTms6jmloc8L3NwYW4+44Gu5aC05ZCI44Gv44CB44Oa44O844K45LiL44GuPHNwYW4gc3R5bGU9ImNvbG9yOiM5OTAwMDA7Ij7jgJDopIfmlbDllYblk4Hjga7lh7rojbfjgJE8L3NwYW4+44KS44GU6Kan44GP44Gg44GV44GE44CCCjwvZGl2Pg==,44Ki44K644Ov44OzIOODiuOCpOODreODs+eQg05ELTIgMeOCseODvOOCuSgxMDDlgIsp77ya44OX44Ot44Gu5bel5YW344K344On44OD44OX44CAWU9TSElNVVJB,5L2c5qWt5bel5YW35raI6ICX5ZOB5pel5puc5aSn5belRElZ5a6J5YWo6Z2044OZ44Ki44Oq44Oz44Kw56CU56Oo5qKx5YyF44Km44Ko44K544K544OI44Os44OD44OB44OV44Kj44Or44Og44OG44O844OX6LuN5omL44Oc44Or44O044Kj44OD44Kv5Y+w6LuK5YiH5YmK5bel5YW344Gt44GY44Oe44K544Kv5ris5a6a44Kt44Og44K/44Kq44Or44Ki44K644Ov44OzIOODiuOCpOODreODs+eQg05ELTIgMeOCseODvOOCuSgxMDDlgIsp,MzI0MOWGhuS7peS4iuOBlOizvOWFpeOBp+mAgeaWmeeEoeaWme+8geOAguOCouOCuuODr+ODsyDjg4rjgqTjg63jg7PnkINORC0yIDHjgrHjg7zjgrkoMTAw5YCLKQ==[rn]
30-32991,aHR0cDovL3RzaG9wLnIxMHMuanAvY2l0eWxpbmVyL2NhYmluZXQvMDMwMC8wOTIwMzI4NC5qcGc/Zml0aW49NzAwOjcwMA==,NzE2MDguMDAwMA==,,44Kt44OD44K644O744OZ44OT44O844O744Oe44K/44OL44OG44KjID4g44Kt44OD44K6ID4g55+l6IKy44O75pWZ5p2QID4g6Ieq55Sx56CU56m244O75a6f6aiT5Zmo5YW3,SUtBIOODm+ODg+ODiOODl+ODrOODvOODiOOCueOCv+ODvOODqeODvFJDVCAgYmFzaWMgMeWPsA==,MzI0MOWGhuS7peS4iuOBlOizvOWFpeOBp+mAgeaWmeeEoeaWme+8gQ==,PGZvbnQgY29sb3I9Ymx1ZT425Za25qWt5pel5Lul5YaF44Gr5Ye66I236Ie044GX44G+44GZ44CCPC9mb250PuWcqOW6q+eKtuazgeOBquOBqeOBq+OCiOOCiuWHuuiNt+aXpeOBjOmBheOCjOOCi+WgtOWQiOOBjOOBlOOBluOBhOOBvuOBmeOAguips+e0sOOBr+OBk+OBoeOCieOBp+OBlOeiuuiqjeS4i+OBleOBhOOAgjxicj48YnI+PGZvbnQgY29sb3I9cmVkPjMsMjQw5YaG5Lul5LiK44GU6LO85YWl44Gn6YCB5paZ54Sh5paZ77yBPC9mb250Pjxicj48YnI+44CQ54m56ZW344CR4peP5L2O6YeN5b+D44Gn44GZ44Gu44Gn5a6J5a6a5oCn44Gr5YSq44KM44Gm44GE44G+44GZ44CCPGJyPuKXj+a6tua2sua4qeW6puOCs+ODs+ODiOODreODvOODqeODvCjliKXlo7Ip44KS5L2/55So44GZ44KL44Go44KI44KK5q2j56K644Gq5rip5bqm44Kz44Oz44OI44Ot44O844Or44KS5a6f54++44Gn44GN44G+44GZ44CCPGJyPuOAkOazqOaEj+OAkeKAu+Wbnui7ouWtkOOBr+S7mOWxnuOBl+OBpuOBiuOCiuOBvuOBm+OCk+OAgjxicj7jgJDlr7jms5UobW0p44CRMTYww5cyODDDlzkwPGJyPuOAkOizqumHjyhrZynjgJEyLjQ8YnI+44CQ6Zu75rqQKFYp44CRQUMxMDAgNTAvNjBIejxicj7jgJDlm57ou6LmlbAobWluPHN1cD4tMTwvc3VwPltyLnAubV0p44CRNTDvvZ4xMTAwPGJyPuOAkOODl+ODrOODvOODiOWvuOazlShtbSnjgJHOpjEzNTxicj7jgJDpm7vmupDjgrPjg7zjg4kobSnjgJHplbfjgZUxLjXjgIEzUOOCv+OCpOODlygzUOKGkjJQ5aSJ5o+b44Ki44OA44OX44K/44O85LuYKTxicj7jgJDmkrnmi4zlrrnph48oTCnjgJFIPFNVQj4yPC9TVUI+T++8muacgOWkpzIwPGJyPuOAkOadkOizqijjg5fjg6zjg7zjg4gp44CR44K344Or44Of44OzPGJyPuOAkOODkuODvOOCv+ODvOWuuemHjyhXKeOAkTYwMDxicj7jgJDjgqLjgrrjg6/jg7Plk4HnlarjgJExLTU0NDgtMDE8YnI+44CQ44OX44Os44O844OI5rip5bqmKOKEgynjgJHlrqTmuKnvvZ4zMDA8YnI+PGRpdiBzdHlsZT0iIGJvcmRlcjpzb2xpZCAxcHggIzMzMzMzMzsgYmFja2dyb3VuZC1jb2xvcjojRkZGRkZGOyBwYWRkaW5nOjVweDsgZm9udC1zaXplOjEuMWVtOyBsaW5lLWhlaWdodDoxLjRlbTsiPgoJ5ZWG5ZOB55S75YOP44Gr44Gk44GN44G+44GX44Gm44Gv44CBPHNwYW4gc3R5bGU9ImNvbG9yOiM5OTAwMDA7Ij7jgrXjgqTjgrrjg7voibLnrYnjgYznlbDjgarjgovloLTlkIjjgYzjgZTjgZbjgYTjgb7jgZk8L3NwYW4+44Gu44Gn44GU5rOo5oSP5LiL44GV44GE44CCPGJyPgoJPHNwYW4gc3R5bGU9ImNvbG9yOiM5OTAwMDA7Ij7opIfmlbDllYblk4HjgpLlkIzmmYLjgavjgZTms6jmloc8L3NwYW4+44Gu5aC05ZCI44Gv44CB44Oa44O844K45LiL44GuPHNwYW4gc3R5bGU9ImNvbG9yOiM5OTAwMDA7Ij7jgJDopIfmlbDllYblk4Hjga7lh7rojbfjgJE8L3NwYW4+44KS44GU6Kan44GP44Gg44GV44GE44CCCjwvZGl2Pg==,SUtBIOODm+ODg+ODiOODl+ODrOODvOODiOOCueOCv+ODvOODqeODvFJDVCAgYmFzaWMgMeWPsO+8muODl+ODreOBruW3peWFt+OCt+ODp+ODg+ODl+OAgFlPU0hJTVVSQQ==,5L2c5qWt5bel5YW35raI6ICX5ZOB5pel5puc5aSn5belRElZ5a6J5YWo6Z2044OZ44Ki44Oq44Oz44Kw56CU56Oo5qKx5YyF44Km44Ko44K544K544OI44Os44OD44OB44OV44Kj44Or44Og44OG44O844OX6LuN5omL44Oc44Or44O044Kj44OD44Kv5Y+w6LuK5YiH5YmK5bel5YW344Gt44GY44Oe44K544Kv5ris5a6a44Kt44Og44K/44Kq44OrSUtBIOODm+ODg+ODiOODl+ODrOODvOODiOOCueOCv+ODvOODqeODvFJDVCAgYmFzaWMgMeWPsA==,MzI0MOWGhuS7peS4iuOBlOizvOWFpeOBp+mAgeaWmeeEoeaWme+8geOAgklLQSDjg5vjg4Pjg4jjg5fjg6zjg7zjg4jjgrnjgr/jg7zjg6njg7xSQ1QgIGJhc2ljIDHlj7A=[rn]
30-32992,aHR0cDovL3RzaG9wLnIxMHMuanAvY2l0eWxpbmVyL2NhYmluZXQvMDIwNC8wOTE5NjQ3Ni5qcGc/Zml0aW49NzAwOjcwMA==,ODU1LjIwMDA=,,44Kt44OD44K644O744OZ44OT44O844O744Oe44K/44OL44OG44KjID4g44Kt44OD44K6ID4g55+l6IKy44O75pWZ5p2QID4g6Ieq55Sx56CU56m244O75a6f6aiT5Zmo5YW3,44Ki44K644Ov44OzIFBURkXmkrnmi4zmo5Io6YmE6Iqv5Z6LKTMuMzUgMeacrA==,MzI0MOWGhuS7peS4iuOBlOizvOWFpeOBp+mAgeaWmeeEoeaWme+8gQ==,PGZvbnQgY29sb3I9Ymx1ZT4z5Za25qWt5pel5Lul5YaF44Gr5Ye66I236Ie044GX44G+44GZ44CCPC9mb250PuWcqOW6q+eKtuazgeOBquOBqeOBq+OCiOOCiuWHuuiNt+aXpeOBjOmBheOCjOOCi+WgtOWQiOOBjOOBlOOBluOBhOOBvuOBmeOAguips+e0sOOBr+OBk+OBoeOCieOBp+OBlOeiuuiqjeS4i+OBleOBhOOAgjxicj48YnI+PGZvbnQgY29sb3I9cmVkPjMsMjQw5YaG5Lul5LiK44GU6LO85YWl44Gn6YCB5paZ54Sh5paZ77yBPC9mb250Pjxicj48YnI+44CQ5p2Q6LOq44CR44OV44OD57Sg5qi56ISCKFBURkUp44CB5Lit6IqvL+OCueODgeODvOODqzxicj7jgJDplbfjgZUobW0p44CRMzUwPGJyPuOAkOebtOW+hCjOpm1tKeOAkTY8YnI+44CQ5Z6L55Wq44CRMy4zNTxicj7jgJDnm7TlvoTDl+mVt+OBlUwozqZtbcOXbW0p44CRzqY2w5czNTA8YnI+44CQ6ICQ54ax5rip5bqmKOKEgynjgJHntIQyODA8YnI+44CQ44Ki44K644Ov44Oz5ZOB55Wq44CRMS03NzM1LTA2PGJyPjxkaXYgc3R5bGU9IiBib3JkZXI6c29saWQgMXB4ICMzMzMzMzM7IGJhY2tncm91bmQtY29sb3I6I0ZGRkZGRjsgcGFkZGluZzo1cHg7IGZvbnQtc2l6ZToxLjFlbTsgbGluZS1oZWlnaHQ6MS40ZW07Ij4KCeWVhuWTgeeUu+WDj+OBq+OBpOOBjeOBvuOBl+OBpuOBr+OAgTxzcGFuIHN0eWxlPSJjb2xvcjojOTkwMDAwOyI+44K144Kk44K644O76Imy562J44GM55Ww44Gq44KL5aC05ZCI44GM44GU44GW44GE44G+44GZPC9zcGFuPuOBruOBp+OBlOazqOaEj+S4i+OBleOBhOOAgjxicj4KCTxzcGFuIHN0eWxlPSJjb2xvcjojOTkwMDAwOyI+6KSH5pWw5ZWG5ZOB44KS5ZCM5pmC44Gr44GU5rOo5paHPC9zcGFuPuOBruWgtOWQiOOBr+OAgeODmuODvOOCuOS4i+OBrjxzcGFuIHN0eWxlPSJjb2xvcjojOTkwMDAwOyI+44CQ6KSH5pWw5ZWG5ZOB44Gu5Ye66I2344CRPC9zcGFuPuOCkuOBlOimp+OBj+OBoOOBleOBhOOAggo8L2Rpdj4=,44Ki44K644Ov44OzIFBURkXmkrnmi4zmo5Io6YmE6Iqv5Z6LKTMuMzUgMeacrO+8muODl+ODreOBruW3peWFt+OCt+ODp+ODg+ODl+OAgFlPU0hJTVVSQQ==,5L2c5qWt5bel5YW35raI6ICX5ZOB5pel5puc5aSn5belRElZ5a6J5YWo6Z2044OZ44Ki44Oq44Oz44Kw56CU56Oo5qKx5YyF44Km44Ko44K544K544OI44Os44OD44OB44OV44Kj44Or44Og44OG44O844OX6LuN5omL44Oc44Or44O044Kj44OD44Kv5Y+w6LuK5YiH5YmK5bel5YW344Gt44GY44Oe44K544Kv5ris5a6a44Kt44Og44K/44Kq44Or44Ki44K644Ov44OzIFBURkXmkrnmi4zmo5Io6YmE6Iqv5Z6LKTMuMzUgMeacrA==,MzI0MOWGhuS7peS4iuOBlOizvOWFpeOBp+mAgeaWmeeEoeaWme+8geOAguOCouOCuuODr+ODsyBQVEZF5pK55ouM5qOSKOmJhOiKr+WeiykzLjM1IDHmnKw=[rn]
30-32993,aHR0cDovL3RzaG9wLnIxMHMuanAvY2l0eWxpbmVyL2NhYmluZXQvMDMzNS80NTExMzM2My5qcGc/Zml0aW49NzAwOjcwMA==,NjI5OC40MDAw,,44Kt44OD44K644O744OZ44OT44O844O744Oe44K/44OL44OG44KjID4g44Kt44OD44K6ID4g55+l6IKy44O75pWZ5p2QID4g6Ieq55Sx56CU56m244O75a6f6aiT5Zmo5YW3,44Ki44K644Ov44OzIOODkeOCveODquODiuODn+ODi+OCueOCv+ODvOODqeODvENULU1JTkkgMeWPsA==,MzI0MOWGhuS7peS4iuOBlOizvOWFpeOBp+mAgeaWmeeEoeaWme+8gQ==,PGZvbnQgY29sb3I9Ymx1ZT7nv4zllrbmpa3ml6Xku6XlhoXjgavlh7rojbfoh7TjgZfjgb7jgZnjgII8L2ZvbnQ+5Zyo5bqr54q25rOB44Gq44Gp44Gr44KI44KK5Ye66I235pel44GM6YGF44KM44KL5aC05ZCI44GM44GU44GW44GE44G+44GZ44CC6Kmz57Sw44Gv44GT44Gh44KJ44Gn44GU56K66KqN5LiL44GV44GE44CCPGJyPjxicj48Zm9udCBjb2xvcj1yZWQ+MywyNDDlhobku6XkuIrjgZTos7zlhaXjgafpgIHmlpnnhKHmlpnvvIE8L2ZvbnQ+PGJyPjxicj7jgJDnibnplbfjgJHlsJHph4/mkrnmi4zjgavpganjgZfjgZ/jgrPjg7Pjg5Hjgq/jg4joqK3oqIjjgafjgZnjgILlvLflipvjg57jgrDjg43jg4Pjg4jjgavjgojjgorjgIHljYHliIbjgarmkrnmi4zog73lipvjgpLoqofjgorjgb7jgZnjgILlm57ou6LmlbDjga/jg4DjgqTjg6Tjg6vjgafoqr/mlbTlh7rmnaXjgb7jgZnjgIHmnIDlpKfjgYzntIQxNTAw5Zue6Lui44Gn44GZ44CCPGJyPuOAkOazqOaEj+OAkeKAu+Wbnui7ouWtkOOBr+S7mOWxnuOBl+OBpuOBiuOCiuOBvuOBm+OCk+OAgjxicj7jgJDpganlkIjjgJFb5Zue6Lui5a2Q44Gu6ZW344GVXTLvvZ42Y208YnI+44CQ44OI44Op44K544Kz5ZOB55Wq44CRNDQ0LTc2NDY8YnI+44CQ5p2Q6LOqKOacrOS9kynjgJFQUCjjg53jg6rjg5fjg63jg5Tjg6zjg7MpPGJyPuOAkOWbnui7ouaVsChtaW48c3VwPi0xPC9zdXA+W3IucC5tXSnjgJFNQVjntIQxNTAwPGJyPuOAkOmbu+a6kOOAkUFDMTAw772eMjQwViA1MC82MEg8YnI+44CQ44Oi44O844K/44O844CRREPjg5bjg6njgrfjg6Ljg7zjgr/jg7w8YnI+44CQ5aSW5b2i5a+45rOVKOW5hVfDl+WlpeihjETDl+mrmOOBlUgpKG1tKeOAkTg1w5cxMzDDlzU3PGJyPuOAkOOCouOCuuODr+ODs+WTgeeVquOAkTItNDk5MC0wMTxicj7jgJDlm57ou6LmlbDliLblvqHmlrnlvI/jgJFQV03liLblvqE8YnI+44CQ5o6o5aWo5pK55ouM5a656YePKEwp44CR772e57SEMC4zPGJyPjxkaXYgc3R5bGU9IiBib3JkZXI6c29saWQgMXB4ICMzMzMzMzM7IGJhY2tncm91bmQtY29sb3I6I0ZGRkZGRjsgcGFkZGluZzo1cHg7IGZvbnQtc2l6ZToxLjFlbTsgbGluZS1oZWlnaHQ6MS40ZW07Ij4KCeWVhuWTgeeUu+WDj+OBq+OBpOOBjeOBvuOBl+OBpuOBr+OAgTxzcGFuIHN0eWxlPSJjb2xvcjojOTkwMDAwOyI+44K144Kk44K644O76Imy562J44GM55Ww44Gq44KL5aC05ZCI44GM44GU44GW44GE44G+44GZPC9zcGFuPuOBruOBp+OBlOazqOaEj+S4i+OBleOBhOOAgjxicj4KCTxzcGFuIHN0eWxlPSJjb2xvcjojOTkwMDAwOyI+6KSH5pWw5ZWG5ZOB44KS5ZCM5pmC44Gr44GU5rOo5paHPC9zcGFuPuOBruWgtOWQiOOBr+OAgeODmuODvOOCuOS4i+OBrjxzcGFuIHN0eWxlPSJjb2xvcjojOTkwMDAwOyI+44CQ6KSH5pWw5ZWG5ZOB44Gu5Ye66I2344CRPC9zcGFuPuOCkuOBlOimp+OBj+OBoOOBleOBhOOAggo8L2Rpdj4=,44Ki44K644Ov44OzIOODkeOCveODquODiuODn+ODi+OCueOCv+ODvOODqeODvENULU1JTkkgMeWPsO+8muODl+ODreOBruW3peWFt+OCt+ODp+ODg+ODl+OAgFlPU0hJTVVSQQ==,5L2c5qWt5bel5YW35raI6ICX5ZOB5pel5puc5aSn5belRElZ5a6J5YWo6Z2044OZ44Ki44Oq44Oz44Kw56CU56Oo5qKx5YyF44Km44Ko44K544K544OI44Os44OD44OB44OV44Kj44Or44Og44OG44O844OX6LuN5omL44Oc44Or44O044Kj44OD44Kv5Y+w6LuK5YiH5YmK5bel5YW344Gt44GY44Oe44K544Kv5ris5a6a44Kt44Og44K/44Kq44Or44Ki44K644Ov44OzIOODkeOCveODquODiuODn+ODi+OCueOCv+ODvOODqeODvENULU1JTkkgMeWPsA==,MzI0MOWGhuS7peS4iuOBlOizvOWFpeOBp+mAgeaWmeeEoeaWme+8geOAguOCouOCuuODr+ODsyDjg5Hjgr3jg6rjg4rjg5/jg4vjgrnjgr/jg7zjg6njg7xDVC1NSU5JIDHlj7A=[rn]
30-32994,aHR0cDovL3RzaG9wLnIxMHMuanAvY2l0eWxpbmVyL2NhYmluZXQvMDI3MS8zMzEzOTczMi5qcGc/Zml0aW49NzAwOjcwMA==,MjEwNi40MDAw,,44Kt44OD44K644O744OZ44OT44O844O744Oe44K/44OL44OG44KjID4g44Kt44OD44K6ID4g55+l6IKy44O75pWZ5p2QID4g6Ieq55Sx56CU56m244O75a6f6aiT5Zmo5YW3,TU4oTUFDSEVSUlktTkFHRUwpIOOCueODhuOCo+ODg+OCr+ODu3BI6Kmm6aiT57SZKHBILUZpeCk3LjAtMTQuMCAx566xKDEwMOaemik=,MzI0MOWGhuS7peS4iuOBlOizvOWFpeOBp+mAgeaWmeeEoeaWme+8gQ==,PGZvbnQgY29sb3I9InJlZCI+4oC75Luj6KGo55S75YOP44Gn44GZPC9mb250Pjxmb250IGNvbG9yPWJsdWU+M+WWtualreaXpeS7peWGheOBq+WHuuiNt+iHtOOBl+OBvuOBmeOAgjwvZm9udD7lnKjluqvnirbms4Hjgarjganjgavjgojjgorlh7rojbfml6XjgYzpgYXjgozjgovloLTlkIjjgYzjgZTjgZbjgYTjgb7jgZnjgILoqbPntLDjga/jgZPjgaHjgonjgafjgZTnorroqo3kuIvjgZXjgYTjgII8YnI+PGJyPjxmb250IGNvbG9yPXJlZD4zLDI0MOWGhuS7peS4iuOBlOizvOWFpeOBp+mAgeaWmeeEoeaWme+8gTwvZm9udD48YnI+PGJyPuOAkOeJuemVt+OAkeWkieiJsuOBjOWujOS6huOBmeOCi+OBvuOBp+a2suOBq+a1uOOBl+OBpuOBiuOBkeOCi+OBruOBp+OAgeW8see3qeihnea2suOBrua4rOWumuOCguWPr+iDveOBp+OBmeOAguOCueODhuOCo+ODg+OCr+OBr+ODl+ODqeOCueODgeODg+OCr+OBruOBn+OCgeOAgeavm+e0sOeuoeePvuixoeOBjOOBquOBj+OAgeacieWus+OCteODs+ODl+ODq+OBp+aMh+OCkua/oeOCieOBmeOBk+OBqOOBr+OBguOCiuOBvuOBm+OCk+OAgueVsOOBquOBo+OBn+iJsue0oOOCkuWQq+a1uOOBleOBm+OBn+OCu+ODq+ODreODvOOCueWIh+eJhygx772eNOWAiynjgpLjg5fjg6njgrnjg4Hjg4Pjgq/jgrnjg4bjgqPjg4Pjgq/jgavlgIvjgIXjgavlnKfnnYDjgZfjgabjgYTjgb7jgZnjgII8YnI+44CQ5LuV5qeY44CR44OX44Op44K544OB44OD44Kv44Kx44O844K55YWlPGJyPuOAkOWvuOazlShtbSnjgJE2w5c4NTxicj7jgJBwSOa4rOWumuacieWKueevhOWbsuOAkTcuMO+9njE0LjA8YnI+44CQ44Ki44K644Ov44Oz5ZOB55Wq44CRMi0zNDctMTA8YnI+44CQ5qiZ5rqW5aSJ6Imy6KGo6ZaT6ZqU44CRMC41PGJyPuOAkOWkieiJsuWIh+eJh+aVsOOAkTM8YnI+PGRpdiBzdHlsZT0iIGJvcmRlcjpzb2xpZCAxcHggIzMzMzMzMzsgYmFja2dyb3VuZC1jb2xvcjojRkZGRkZGOyBwYWRkaW5nOjVweDsgZm9udC1zaXplOjEuMWVtOyBsaW5lLWhlaWdodDoxLjRlbTsiPgoJ5ZWG5ZOB55S75YOP44Gr44Gk44GN44G+44GX44Gm44Gv44CBPHNwYW4gc3R5bGU9ImNvbG9yOiM5OTAwMDA7Ij7jgrXjgqTjgrrjg7voibLnrYnjgYznlbDjgarjgovloLTlkIjjgYzjgZTjgZbjgYTjgb7jgZk8L3NwYW4+44Gu44Gn44GU5rOo5oSP5LiL44GV44GE44CCPGJyPgoJPHNwYW4gc3R5bGU9ImNvbG9yOiM5OTAwMDA7Ij7opIfmlbDllYblk4HjgpLlkIzmmYLjgavjgZTms6jmloc8L3NwYW4+44Gu5aC05ZCI44Gv44CB44Oa44O844K45LiL44GuPHNwYW4gc3R5bGU9ImNvbG9yOiM5OTAwMDA7Ij7jgJDopIfmlbDllYblk4Hjga7lh7rojbfjgJE8L3NwYW4+44KS44GU6Kan44GP44Gg44GV44GE44CCCjwvZGl2Pg==,TU4oTUFDSEVSUlktTkFHRUwpIOOCueODhuOCo+ODg+OCr+ODu3BI6Kmm6aiT57SZKHBILUZpeCk3LjAtMTQuMCAx566xKDEwMOaeminvvJrjg5fjg63jga7lt6Xlhbfjgrfjg6fjg4Pjg5fjgIBZT1NISU1VUkE=,5L2c5qWt5bel5YW35raI6ICX5ZOB5pel5puc5aSn5belRElZ5a6J5YWo6Z2044OZ44Ki44Oq44Oz44Kw56CU56Oo5qKx5YyF44Km44Ko44K544K544OI44Os44OD44OB44OV44Kj44Or44Og44OG44O844OX6LuN5omL44Oc44Or44O044Kj44OD44Kv5Y+w6LuK5YiH5YmK5bel5YW344Gt44GY44Oe44K544Kv5ris5a6a44Kt44Og44K/44Kq44OrTU4oTUFDSEVSUlktTkFHRUwpIOOCueODhuOCo+ODg+OCr+ODu3BI6Kmm6aiT57SZKHBILUZpeCk3LjAtMTQuMCAx566xKDEwMOaemik=,MzI0MOWGhuS7peS4iuOBlOizvOWFpeOBp+mAgeaWmeeEoeaWme+8geOAgk1OKE1BQ0hFUlJZLU5BR0VMKSDjgrnjg4bjgqPjg4Pjgq/jg7twSOippumok+e0mShwSC1GaXgpNy4wLTE0LjAgMeeusSgxMDDmnpop[rn]
30-32995,aHR0cDovL3RzaG9wLnIxMHMuanAvY2l0eWxpbmVyL2NhYmluZXQvMDMxMy8zMzM5NzM2Ni5qcGc/Zml0aW49NzAwOjcwMA==,NTE3NTMuNjAwMA==,,44Kt44OD44K644O744OZ44OT44O844O744Oe44K/44OL44OG44KjID4g44Kt44OD44K6ID4g55+l6IKy44O75pWZ5p2QID4g6Ieq55Sx56CU56m244O75a6f6aiT5Zmo5YW3,SUtBIOODn+ODi+OCt+OCp+ODvOOCq+ODvE1TMyDjg5njg7zjgrfjg4Pjgq8gMeWAiw==,MzI0MOWGhuS7peS4iuOBlOizvOWFpeOBp+mAgeaWmeeEoeaWme+8gQ==,PGZvbnQgY29sb3I9Ymx1ZT425Za25qWt5pel5Lul5YaF44Gr5Ye66I236Ie044GX44G+44GZ44CCPC9mb250PuWcqOW6q+eKtuazgeOBquOBqeOBq+OCiOOCiuWHuuiNt+aXpeOBjOmBheOCjOOCi+WgtOWQiOOBjOOBlOOBluOBhOOBvuOBmeOAguips+e0sOOBr+OBk+OBoeOCieOBp+OBlOeiuuiqjeS4i+OBleOBhOOAgjxicj48YnI+PGZvbnQgY29sb3I9cmVkPjMsMjQw5YaG5Lul5LiK44GU6LO85YWl44Gn6YCB5paZ54Sh5paZ77yBPC9mb250Pjxicj48YnI+44CQ54m56ZW344CR44Kz44Oz44OR44Kv44OI44Gq5rGO55So5bCP5Z6L44K344Kn44O844Kr44O844CC5qeY44CF44Gq44K/44Kk44OX44Gu5bCP5Z6L5a655Zmo44KE6Kmm6aiT566h44Gu44K344Kn44O844Kt44Oz44Kw44Gr6YGp44GX44Gm44GE44G+44GZ44CC6LGK5a+M44Gq56iu6aGe44Gu44Ki44K/44OD44OB44Oh44Oz44OI44CC44Kr44Km44Oz44OI44OA44Km44Oz5qmf6IO944Gk44GN44K/44Kk44Oe44O844Gn6YCj57aa5L2c5qWt44Oi44O844OJ44Go44K/44OD44OB44K544K/44O844OI44Oi44O844OJ44GM5L2/44GE5YiG44GR44KJ44KM44G+44GZKOaomea6luOCouOCv+ODg+ODgeODoeODs+ODiOS9v+eUqOaZgiky44Gk44Gu5L2c5qWt44Oi44O844OJOuODouODvOODiSBBICjjgrvjg7zjg5Xjg6Ljg7zjg4kv44Ki44K/44OD44OB44Oh44Oz44OI5oSf55+l5qmf6IO9KeOCouOCv+ODg+ODgeODoeODs+ODiOaEn+efpeapn+iDveOBq+OCiOOCiuOAgeaomea6luOCouOCv+ODg+ODgeODoeODs+ODiOOCkuS9v+eUqOOBl+OCv+ODg+ODgeOCueOCv+ODvOODiOODouODvOODieOBruaZguOBruOBv+acgOmrmOWbnui7ouaVsCAzMDAwIHJwbSDjgb7jgaflm57ou6LmlbDjgYzkuIrjgYzjgovjg6Ljg7zjg4njgILjgZ3jga7ku5bjga7jgqLjgr/jg4Pjg4Hjg6Hjg7Pjg4jjgpLkvb/nlKjmmYLjga/mnIDpq5jlm57ou6LmlbDjgpIxMzAwIHJwbeOBvuOBp+OBp+WItuW+oeOBl+OBvuOBmeOAguODouODvOODiSBCICjjgqLjgr/jg4Pjg4Hjg6Hjg7Pjg4jmhJ/nn6XmqZ/og71PRkYp5YWo44Gm44Gu44Ki44K/44OD44OB44Oh44Oz44OI44Gn5pyA6auY5Zue6Lui5pWwIDMwMDAgcnBtIOOBvuOBp+Wbnui7ouaVsOOBjOS4iuOBjOOCi+ODouODvOODieOAguacrOS9k+OBr+mgkeS4iOOBquS6nOmJm+ODgOOCpOOCreODo+OCueODiOijveOAgjxicj7jgJDjgqLjgrrjg6/jg7Plk4HnlarjgJExLTMxOTEtMTE8YnI+PGRpdiBzdHlsZT0iIGJvcmRlcjpzb2xpZCAxcHggIzMzMzMzMzsgYmFja2dyb3VuZC1jb2xvcjojRkZGRkZGOyBwYWRkaW5nOjVweDsgZm9udC1zaXplOjEuMWVtOyBsaW5lLWhlaWdodDoxLjRlbTsiPgoJ5ZWG5ZOB55S75YOP44Gr44Gk44GN44G+44GX44Gm44Gv44CBPHNwYW4gc3R5bGU9ImNvbG9yOiM5OTAwMDA7Ij7jgrXjgqTjgrrjg7voibLnrYnjgYznlbDjgarjgovloLTlkIjjgYzjgZTjgZbjgYTjgb7jgZk8L3NwYW4+44Gu44Gn44GU5rOo5oSP5LiL44GV44GE44CCPGJyPgoJPHNwYW4gc3R5bGU9ImNvbG9yOiM5OTAwMDA7Ij7opIfmlbDllYblk4HjgpLlkIzmmYLjgavjgZTms6jmloc8L3NwYW4+44Gu5aC05ZCI44Gv44CB44Oa44O844K45LiL44GuPHNwYW4gc3R5bGU9ImNvbG9yOiM5OTAwMDA7Ij7jgJDopIfmlbDllYblk4Hjga7lh7rojbfjgJE8L3NwYW4+44KS44GU6Kan44GP44Gg44GV44GE44CCCjwvZGl2Pg==,SUtBIOODn+ODi+OCt+OCp+ODvOOCq+ODvE1TMyDjg5njg7zjgrfjg4Pjgq8gMeWAi++8muODl+ODreOBruW3peWFt+OCt+ODp+ODg+ODl+OAgFlPU0hJTVVSQQ==,5L2c5qWt5bel5YW35raI6ICX5ZOB5pel5puc5aSn5belRElZ5a6J5YWo6Z2044OZ44Ki44Oq44Oz44Kw56CU56Oo5qKx5YyF44Km44Ko44K544K544OI44Os44OD44OB44OV44Kj44Or44Og44OG44O844OX6LuN5omL44Oc44Or44O044Kj44OD44Kv5Y+w6LuK5YiH5YmK5bel5YW344Gt44GY44Oe44K544Kv5ris5a6a44Kt44Og44K/44Kq44OrSUtBIOODn+ODi+OCt+OCp+ODvOOCq+ODvE1TMyDjg5njg7zjgrfjg4Pjgq8gMeWAiw==,MzI0MOWGhuS7peS4iuOBlOizvOWFpeOBp+mAgeaWmeeEoeaWme+8geOAgklLQSDjg5/jg4vjgrfjgqfjg7zjgqvjg7xNUzMg44OZ44O844K344OD44KvIDHlgIs=[rn]
30-32996,aHR0cDovL3RzaG9wLnIxMHMuanAvY2l0eWxpbmVyL2NhYmluZXQvMDMxNy8zMzUxODIwNC5qcGc/Zml0aW49NzAwOjcwMA==,MTkzNy42MDAw,,44Kt44OD44K644O744OZ44OT44O844O744Oe44K/44OL44OG44KjID4g44Kt44OD44K6ID4g55+l6IKy44O75pWZ5p2QID4g6Ieq55Sx56CU56m244O75a6f6aiT5Zmo5YW3,Q0PljbAo44OL44OD44Kr44OI44O8KSDjgqLjg6vjg5/jg4rjg5zjg7zjg6sgSERIRC0zIOmHjeOBlTFrZ+WbuuWumiAx6KKLKDFrZyk=,MzI0MOWGhuS7peS4iuOBlOizvOWFpeOBp+mAgeaWmeeEoeaWme+8gQ==,PGZvbnQgY29sb3I9InJlZCI+4oC75Luj6KGo55S75YOP44Gn44GZPC9mb250Pjxmb250IGNvbG9yPWJsdWU+57+M5Za25qWt5pel5Lul5YaF44Gr5Ye66I236Ie044GX44G+44GZ44CCPC9mb250PuWcqOW6q+eKtuazgeOBquOBqeOBq+OCiOOCiuWHuuiNt+aXpeOBjOmBheOCjOOCi+WgtOWQiOOBjOOBlOOBluOBhOOBvuOBmeOAguips+e0sOOBr+OBk+OBoeOCieOBp+OBlOeiuuiqjeS4i+OBleOBhOOAgjxicj48YnI+PGZvbnQgY29sb3I9cmVkPjMsMjQw5YaG5Lul5LiK44GU6LO85YWl44Gn6YCB5paZ54Sh5paZ77yBPC9mb250Pjxicj48YnI+44CQ54m56ZW344CR6ICQ5pGp6ICX5oCn44CB6ICQ5LmF5oCn44Gr44GZ44GQ44KM44CB5aSp54S25Y6f5paZ44CB44Ki44Or44Of44OK44GL44KJ6Zu75a2Q6YOo5ZOB44Gu5Z+65p2/44KE5bCB5q2i5p2Q5paZ44Gq44Gp5aSa5qeY44Gq57KJ56CV44O75YiG5pWj55So44Oc44O844Or44Gr6YGp44GX44Gm44GE44G+44GZ44CCPGJyPuaxjueUqOOCsOODrOODvOODieOCv+OCpOODl+OAgjxicj7jgJDjg4jjg6njgrnjgrPlk4HnlarjgJEzNzAtOTc1Mjxicj7jgJDnm7TlvoQozqZtbSnjgJEzPGJyPuOAkOehrOW6puOAkUhW77yaOS44R1BhKDEwMDBrZ2YvbW08c3VwPjI8L3N1cD4pSFJB77yaODc8YnI+44CQ56Gs44GVKEh2KeOAkTExMDA8YnI+44CQ5YyW5a2m57WE5oiQ44CRQWw8c3ViPjI8L3N1Yj5PPHN1Yj4zPC9zdWI+LzkzJeOAgVNpTzxzdWI+Mjwvc3ViPi81JTxicj7jgJDnoLTlo4rpna3mgKfjgJEzLjdNUGHiiJptPGJyPuOAkOWvhuW6pihnL2NtPHN1cD4zPC9zdXA+KeOAkTMuNjxicj7jgJDjgqLjgrrjg6/jg7Plk4HnlarjgJE1LTQwNDMtMDI8YnI+44CQ44GL44KJ44Ga44KK56Oo6ICX546HKHBwbS9oKeOAkTE4MDxicj48ZGl2IHN0eWxlPSIgYm9yZGVyOnNvbGlkIDFweCAjMzMzMzMzOyBiYWNrZ3JvdW5kLWNvbG9yOiNGRkZGRkY7IHBhZGRpbmc6NXB4OyBmb250LXNpemU6MS4xZW07IGxpbmUtaGVpZ2h0OjEuNGVtOyI+CgnllYblk4HnlLvlg4/jgavjgaTjgY3jgb7jgZfjgabjga/jgIE8c3BhbiBzdHlsZT0iY29sb3I6Izk5MDAwMDsiPuOCteOCpOOCuuODu+iJsuetieOBjOeVsOOBquOCi+WgtOWQiOOBjOOBlOOBluOBhOOBvuOBmTwvc3Bhbj7jga7jgafjgZTms6jmhI/kuIvjgZXjgYTjgII8YnI+Cgk8c3BhbiBzdHlsZT0iY29sb3I6Izk5MDAwMDsiPuikh+aVsOWVhuWTgeOCkuWQjOaZguOBq+OBlOazqOaWhzwvc3Bhbj7jga7loLTlkIjjga/jgIHjg5rjg7zjgrjkuIvjga48c3BhbiBzdHlsZT0iY29sb3I6Izk5MDAwMDsiPuOAkOikh+aVsOWVhuWTgeOBruWHuuiNt+OAkTwvc3Bhbj7jgpLjgZTopqfjgY/jgaDjgZXjgYTjgIIKPC9kaXY+,Q0PljbAo44OL44OD44Kr44OI44O8KSDjgqLjg6vjg5/jg4rjg5zjg7zjg6sgSERIRC0zIOmHjeOBlTFrZ+WbuuWumiAx6KKLKDFrZynvvJrjg5fjg63jga7lt6Xlhbfjgrfjg6fjg4Pjg5fjgIBZT1NISU1VUkE=,5L2c5qWt5bel5YW35raI6ICX5ZOB5pel5puc5aSn5belRElZ5a6J5YWo6Z2044OZ44Ki44Oq44Oz44Kw56CU56Oo5qKx5YyF44Km44Ko44K544K544OI44Os44OD44OB44OV44Kj44Or44Og44OG44O844OX6LuN5omL44Oc44Or44O044Kj44OD44Kv5Y+w6LuK5YiH5YmK5bel5YW344Gt44GY44Oe44K544Kv5ris5a6a44Kt44Og44K/44Kq44OrQ0PljbAo44OL44OD44Kr44OI44O8KSDjgqLjg6vjg5/jg4rjg5zjg7zjg6sgSERIRC0zIOmHjeOBlTFrZ+WbuuWumiAx6KKLKDFrZyk=,MzI0MOWGhuS7peS4iuOBlOizvOWFpeOBp+mAgeaWmeeEoeaWme+8geOAgkND5Y2wKOODi+ODg+OCq+ODiOODvCkg44Ki44Or44Of44OK44Oc44O844OrIEhESEQtMyDph43jgZUxa2flm7rlrpogMeiiiygxa2cp[rn]
30-32997,aHR0cDovL3RzaG9wLnIxMHMuanAvY2l0eWxpbmVyL2NhYmluZXQvMDMwMC8wOTE5NTMzMS5qcGc/Zml0aW49NzAwOjcwMA==,MzM2OS42MDAw,,44Kt44OD44K644O744OZ44OT44O844O744Oe44K/44OL44OG44KjID4g44Kt44OD44K6ID4g55+l6IKy44O75pWZ5p2QID4g6Ieq55Sx56CU56m244O75a6f6aiT5Zmo5YW3,SEVJRE9OKOaWsOadseenkeWtpikg44K544Oq44O844Ov44Oz44Oi44O844K/44O855So44Kq44OX44K344On44Oz5rGO55So5pK55ouM57+8IOODiOODs+ODnCBTVVPlhYjnq6/nlKggMeWAiw==,MzI0MOWGhuS7peS4iuOBlOizvOWFpeOBp+mAgeaWmeeEoeaWme+8gQ==,PGZvbnQgY29sb3I9Ymx1ZT405Za25qWt5pel5Lul5YaF44Gr5Ye66I236Ie044GX44G+44GZ44CCPC9mb250PuWcqOW6q+eKtuazgeOBquOBqeOBq+OCiOOCiuWHuuiNt+aXpeOBjOmBheOCjOOCi+WgtOWQiOOBjOOBlOOBluOBhOOBvuOBmeOAguips+e0sOOBr+OBk+OBoeOCieOBp+OBlOeiuuiqjeS4i+OBleOBhOOAgjxicj48YnI+PGZvbnQgY29sb3I9cmVkPjMsMjQw5YaG5Lul5LiK44GU6LO85YWl44Gn6YCB5paZ54Sh5paZ77yBPC9mb250Pjxicj48YnI+44CQ5p2Q6LOq44CR44K544OG44Oz44Os44K5KFNVUzMxNik8YnI+44CQ5a+45rOVKM6mbW0p44CRMTAwPGJyPuOAkOOCouOCuuODr+ODs+WTgeeVquOAkTEtNzEyNS0xNTxicj48ZGl2IHN0eWxlPSIgYm9yZGVyOnNvbGlkIDFweCAjMzMzMzMzOyBiYWNrZ3JvdW5kLWNvbG9yOiNGRkZGRkY7IHBhZGRpbmc6NXB4OyBmb250LXNpemU6MS4xZW07IGxpbmUtaGVpZ2h0OjEuNGVtOyI+CgnllYblk4HnlLvlg4/jgavjgaTjgY3jgb7jgZfjgabjga/jgIE8c3BhbiBzdHlsZT0iY29sb3I6Izk5MDAwMDsiPuOCteOCpOOCuuODu+iJsuetieOBjOeVsOOBquOCi+WgtOWQiOOBjOOBlOOBluOBhOOBvuOBmTwvc3Bhbj7jga7jgafjgZTms6jmhI/kuIvjgZXjgYTjgII8YnI+Cgk8c3BhbiBzdHlsZT0iY29sb3I6Izk5MDAwMDsiPuikh+aVsOWVhuWTgeOCkuWQjOaZguOBq+OBlOazqOaWhzwvc3Bhbj7jga7loLTlkIjjga/jgIHjg5rjg7zjgrjkuIvjga48c3BhbiBzdHlsZT0iY29sb3I6Izk5MDAwMDsiPuOAkOikh+aVsOWVhuWTgeOBruWHuuiNt+OAkTwvc3Bhbj7jgpLjgZTopqfjgY/jgaDjgZXjgYTjgIIKPC9kaXY+,SEVJRE9OKOaWsOadseenkeWtpikg44K544Oq44O844Ov44Oz44Oi44O844K/44O855So44Kq44OX44K344On44Oz5rGO55So5pK55ouM57+8IOODiOODs+ODnCBTVVPlhYjnq6/nlKggMeWAi++8muODl+ODreOBruW3peWFt+OCt+ODp+ODg+ODl+OAgFlPU0hJTVVSQQ==,5L2c5qWt5bel5YW35raI6ICX5ZOB5pel5puc5aSn5belRElZ5a6J5YWo6Z2044OZ44Ki44Oq44Oz44Kw56CU56Oo5qKx5YyF44Km44Ko44K544K544OI44Os44OD44OB44OV44Kj44Or44Og44OG44O844OX6LuN5omL44Oc44Or44O044Kj44OD44Kv5Y+w6LuK5YiH5YmK5bel5YW344Gt44GY44Oe44K544Kv5ris5a6a44Kt44Og44K/44Kq44OrSEVJRE9OKOaWsOadseenkeWtpikg44K544Oq44O844Ov44Oz44Oi44O844K/44O855So44Kq44OX44K344On44Oz5rGO55So5pK55ouM57+8IOODiOODs+ODnCBTVVPlhYjnq6/nlKggMeWAiw==,MzI0MOWGhuS7peS4iuOBlOizvOWFpeOBp+mAgeaWmeeEoeaWme+8geOAgkhFSURPTijmlrDmnbHnp5HlraYpIOOCueODquODvOODr+ODs+ODouODvOOCv+ODvOeUqOOCquODl+OCt+ODp+ODs+axjueUqOaSueaLjOe/vCDjg4jjg7Pjg5wgU1VT5YWI56uv55SoIDHlgIs=[rn]
30-32998,aHR0cDovL3RzaG9wLnIxMHMuanAvY2l0eWxpbmVyL2NhYmluZXQvMDMxMy8zMzM5NjYyMy5qcGc/Zml0aW49NzAwOjcwMA==,OTQwODkuNjAwMA==,,44Kt44OD44K644O744OZ44OT44O844O744Oe44K/44OL44OG44KjID4g44Kt44OD44K6ID4g55+l6IKy44O75pWZ5p2QID4g6Ieq55Sx56CU56m244O75a6f6aiT5Zmo5YW3,44Ki44K644Ov44OzIOODj+OCpOODkeODvOOCueOCv+ODvOODqeODvOOCt+OCueODhuODoER4MijkvY7vvZ7kuK3nspjluqYpKFMpTFZETi1TIDHlgIs=,MzI0MOWGhuS7peS4iuOBlOizvOWFpeOBp+mAgeaWmeeEoeaWme+8gQ==,PGZvbnQgY29sb3I9InJlZCI+4oC75Luj6KGo55S75YOP44Gn44GZPC9mb250Pjxmb250IGNvbG9yPWJsdWU+M+WWtualreaXpeS7peWGheOBq+WHuuiNt+iHtOOBl+OBvuOBmeOAgjwvZm9udD7lnKjluqvnirbms4Hjgarjganjgavjgojjgorlh7rojbfml6XjgYzpgYXjgozjgovloLTlkIjjgYzjgZTjgZbjgYTjgb7jgZnjgILoqbPntLDjga/jgZPjgaHjgonjgafjgZTnorroqo3kuIvjgZXjgYTjgII8YnI+PGJyPjxmb250IGNvbG9yPXJlZD4zLDI0MOWGhuS7peS4iuOBlOizvOWFpeOBp+mAgeaWmeeEoeaWme+8gTwvZm9udD48YnI+PGJyPuOAkOeJuemVt+OAkeWwgueUqOOBrue+veagueS7mOOBjeaSueaLjOWtkOOBq+OCiOOCi+Wvvua1geaSueaLjOOBp+WKueeOh+eahOOBq+aSueaLjOOBl+OBvuOBmeOAgjxicj7mraPpgIblm57ou6LliIfjgormm7/jgYjjgavliqDjgYjoh6rli5Xlj43ou6LmqZ/og73jgpLoo4XlgpnjgZfjgabjgYTjgb7jgZnjga7jgafjgIHlirnnjofoia/jgY/mkrnmi4zjgZfjgb7jgZnjgII8YnI+6auY44OI44Or44KvREPjg5bjg6njgrfjg6zjgrnjg6Ljg7zjgr/jg7zjgpLmjqHnlKjjgZfjgabjgYTjgb7jgZnjga7jgafjgIHogJDkuYXmgKfjgavlhKrjgozjgabjgYTjgb7jgZnjgII8YnI+5Zue6Lui5pWw44OV44Kj44O844OJ44OQ44OD44Kv44K344K544OG44Og44Gr44KI44KK44CB6LKg6I2344GM5aSJ5YuV44GX44Gm44KC6Kit5a6a5Zue6Lui5pWw44KS57at5oyB44GX44G+44GZ44CCPGJyPuOAkOazqOaEj+OAkeKAu+mAmuW4uOOBruaSueaLjOWtkOOBr+S9v+eUqOOBp+OBjeOBvuOBm+OCk+OAgjxicj7jgJDku5jlsZ7lk4HjgJHmkrnmi4zlrZBIU0ItMsOXMeWAi+OAgeODk+ODvOOCq+ODvOWbnui7oumYsuatoueUqOOCt+ODvOODiOOAgTJQLTNQ5aSJ5o+b44Ki44OA44OX44K/44O8PGJyPuOAkOS7leanmOOAkeS9ju+9nuS4reeymOW6pua2sueUqDxicj7jgJDmnZDos6oo5pys5L2TKeOAkeOCouOCr+ODquODq+WkieaAp+mrmOihneaSg+WhqeWMluODk+ODi+ODq+aoueiEgjxicj7jgJDlm57ou6LmlbAobWluPHN1cD4tMTwvc3VwPltyLnAubV0p44CRMTAw772eNTAwMDxicj7jgJDpm7vmupDjgJFBQzEwMFYgNTAvNjBIeuOAgeODl+ODqeOCsDNQ44K/44Kk44OXPGJyPuOAkOOCs+ODvOODiemVt+OBlShtKeOAkTIuNTxicj7jgJDjg6Ljg7zjgr/jg7zjgJFEQ+ODluODqeOCueODrOOCueODouODvOOCv+ODvDYwVzxicj7jgJDlm57ou6LmlbDjgJEzMO+9njE1MDBycG08YnI+44CQ5pys5L2T5a+45rOVKOW5hVfDl+WlpeihjETDl+mrmOOBlUgpKG1tKeOAkTI3OMOXMzUww5cxMjA8YnI+44CQ5pK55ouM5a656YePKG1MKeOAkTEwMO+9njUwMDA8YnI+44CQ5p2Q6LOqKOWkqeadvynjgJHjgrnjg4bjg7Pjg6zjgrkoU1VTMzA0KTxicj7jgJDjgqLjgrrjg6/jg7Plk4HnlarjgJExLTg5OTMtMTU8YnI+PGRpdiBzdHlsZT0iIGJvcmRlcjpzb2xpZCAxcHggIzMzMzMzMzsgYmFja2dyb3VuZC1jb2xvcjojRkZGRkZGOyBwYWRkaW5nOjVweDsgZm9udC1zaXplOjEuMWVtOyBsaW5lLWhlaWdodDoxLjRlbTsiPgoJ5ZWG5ZOB55S75YOP44Gr44Gk44GN44G+44GX44Gm44Gv44CBPHNwYW4gc3R5bGU9ImNvbG9yOiM5OTAwMDA7Ij7jgrXjgqTjgrrjg7voibLnrYnjgYznlbDjgarjgovloLTlkIjjgYzjgZTjgZbjgYTjgb7jgZk8L3NwYW4+44Gu44Gn44GU5rOo5oSP5LiL44GV44GE44CCPGJyPgoJPHNwYW4gc3R5bGU9ImNvbG9yOiM5OTAwMDA7Ij7opIfmlbDllYblk4HjgpLlkIzmmYLjgavjgZTms6jmloc8L3NwYW4+44Gu5aC05ZCI44Gv44CB44Oa44O844K45LiL44GuPHNwYW4gc3R5bGU9ImNvbG9yOiM5OTAwMDA7Ij7jgJDopIfmlbDllYblk4Hjga7lh7rojbfjgJE8L3NwYW4+44KS44GU6Kan44GP44Gg44GV44GE44CCCjwvZGl2Pg==,44Ki44K644Ov44OzIOODj+OCpOODkeODvOOCueOCv+ODvOODqeODvOOCt+OCueODhuODoER4MijkvY7vvZ7kuK3nspjluqYpKFMpTFZETi1TIDHlgIvvvJrjg5fjg63jga7lt6Xlhbfjgrfjg6fjg4Pjg5fjgIBZT1NISU1VUkE=,5L2c5qWt5bel5YW35raI6ICX5ZOB5pel5puc5aSn5belRElZ5a6J5YWo6Z2044OZ44Ki44Oq44Oz44Kw56CU56Oo5qKx5YyF44Km44Ko44K544K544OI44Os44OD44OB44OV44Kj44Or44Og44OG44O844OX6LuN5omL44Oc44Or44O044Kj44OD44Kv5Y+w6LuK5YiH5YmK5bel5YW344Gt44GY44Oe44K544Kv5ris5a6a44Kt44Og44K/44Kq44Or44Ki44K644Ov44OzIOODj+OCpOODkeODvOOCueOCv+ODvOODqeODvOOCt+OCueODhuODoER4MijkvY7vvZ7kuK3nspjluqYpKFMpTFZETi1TIDHlgIs=,MzI0MOWGhuS7peS4iuOBlOizvOWFpeOBp+mAgeaWmeeEoeaWme+8geOAguOCouOCuuODr+ODsyDjg4/jgqTjg5Hjg7zjgrnjgr/jg7zjg6njg7zjgrfjgrnjg4bjg6BEeDIo5L2O772e5Lit57KY5bqmKShTKUxWRE4tUyAx5YCL[rn]
30-32999,aHR0cDovL3RzaG9wLnIxMHMuanAvY2l0eWxpbmVyL2NhYmluZXQvMDMwMC8wOTIwMjc5NC5qcGc/Zml0aW49NzAwOjcwMA==,OTE0OTcuNjAwMA==,,44Kt44OD44K644O744OZ44OT44O844O744Oe44K/44OL44OG44KjID4g44Kt44OD44K6ID4g55+l6IKy44O75pWZ5p2QID4g6Ieq55Sx56CU56m244O75a6f6aiT5Zmo5YW3,44Ki44K644Ov44OzIOW8t+WKm+ODnuOCsOODjeODgeODg+OCr+OCueOCv+ODvOODqeODvEhTLTRTUCAx5Y+w,MzI0MOWGhuS7peS4iuOBlOizvOWFpeOBp+mAgeaWmeeEoeaWme+8gQ==,PGZvbnQgY29sb3I9Ymx1ZT4z5Za25qWt5pel5Lul5YaF44Gr5Ye66I236Ie044GX44G+44GZ44CCPC9mb250PuWcqOW6q+eKtuazgeOBquOBqeOBq+OCiOOCiuWHuuiNt+aXpeOBjOmBheOCjOOCi+WgtOWQiOOBjOOBlOOBluOBhOOBvuOBmeOAguips+e0sOOBr+OBk+OBoeOCieOBp+OBlOeiuuiqjeS4i+OBleOBhOOAgjxicj48YnI+PGZvbnQgY29sb3I9cmVkPjMsMjQw5YaG5Lul5LiK44GU6LO85YWl44Gn6YCB5paZ54Sh5paZ77yBPC9mb250Pjxicj48YnI+44CQ5LuY5bGe5ZOB44CR5Zue6Lui5a2QKDQwbW0pMeWAizxicj7jgJDos6rph48oa2cp44CRMzxicj7jgJDlm57ou6LmlbAobWluPHN1cD4tMTwvc3VwPltyLnAubV0p44CRNTDvvZ4xNDAwPGJyPuOAkOmbu+a6kOOAkUFDMTAwViA1MC82MEh6IDE1V+OAgeWklumDqOOCs+ODs+OCu+ODs+ODiDVBPGJyPuOAkOaSueaLjOWuuemHj+OAkTEwMG1M772eMTBMPGJyPuOAkOWei+eVquOAkUhTLTRTUDxicj7jgJDjg6Ljg7zjgr/jg7zjgJHjgqTjg7Pjg4Djgq/jgrfjg6fjg7Pjg6Ljg7zjgr/jg7w8YnI+44CQ5p2Q6LOqKOODl+ODrOODvOODiCnjgJHjgrnjg4bjg7Pjg6zjgrkoU1VTMzA0KTxicj7jgJDpm7vmupDjgrPjg7zjg4njgJExLjhtIDNQ44K/44Kk44OXPGJyPuOAkOOCteOCpOOCuihtbSnjgJExODDDlzIwMMOXMTIwPGJyPuOAkOOCouOCuuODr+ODs+WTgeeVquOAkTEtMjU0LTAxPGJyPuOAkOODnuOCsOODjeODg+ODiOW8t+W6puOAkTAuNlQ8YnI+PGRpdiBzdHlsZT0iIGJvcmRlcjpzb2xpZCAxcHggIzMzMzMzMzsgYmFja2dyb3VuZC1jb2xvcjojRkZGRkZGOyBwYWRkaW5nOjVweDsgZm9udC1zaXplOjEuMWVtOyBsaW5lLWhlaWdodDoxLjRlbTsiPgoJ5ZWG5ZOB55S75YOP44Gr44Gk44GN44G+44GX44Gm44Gv44CBPHNwYW4gc3R5bGU9ImNvbG9yOiM5OTAwMDA7Ij7jgrXjgqTjgrrjg7voibLnrYnjgYznlbDjgarjgovloLTlkIjjgYzjgZTjgZbjgYTjgb7jgZk8L3NwYW4+44Gu44Gn44GU5rOo5oSP5LiL44GV44GE44CCPGJyPgoJPHNwYW4gc3R5bGU9ImNvbG9yOiM5OTAwMDA7Ij7opIfmlbDllYblk4HjgpLlkIzmmYLjgavjgZTms6jmloc8L3NwYW4+44Gu5aC05ZCI44Gv44CB44Oa44O844K45LiL44GuPHNwYW4gc3R5bGU9ImNvbG9yOiM5OTAwMDA7Ij7jgJDopIfmlbDllYblk4Hjga7lh7rojbfjgJE8L3NwYW4+44KS44GU6Kan44GP44Gg44GV44GE44CCCjwvZGl2Pg==,44Ki44K644Ov44OzIOW8t+WKm+ODnuOCsOODjeODgeODg+OCr+OCueOCv+ODvOODqeODvEhTLTRTUCAx5Y+w77ya44OX44Ot44Gu5bel5YW344K344On44OD44OX44CAWU9TSElNVVJB,5L2c5qWt5bel5YW35raI6ICX5ZOB5pel5puc5aSn5belRElZ5a6J5YWo6Z2044OZ44Ki44Oq44Oz44Kw56CU56Oo5qKx5YyF44Km44Ko44K544K544OI44Os44OD44OB44OV44Kj44Or44Og44OG44O844OX6LuN5omL44Oc44Or44O044Kj44OD44Kv5Y+w6LuK5YiH5YmK5bel5YW344Gt44GY44Oe44K544Kv5ris5a6a44Kt44Og44K/44Kq44Or44Ki44K644Ov44OzIOW8t+WKm+ODnuOCsOODjeODgeODg+OCr+OCueOCv+ODvOODqeODvEhTLTRTUCAx5Y+w,MzI0MOWGhuS7peS4iuOBlOizvOWFpeOBp+mAgeaWmeeEoeaWme+8geOAguOCouOCuuODr+ODsyDlvLflipvjg57jgrDjg43jg4Hjg4Pjgq/jgrnjgr/jg7zjg6njg7xIUy00U1AgMeWPsA==[rn]
30-33000,aHR0cDovL3RzaG9wLnIxMHMuanAvY2l0eWxpbmVyL2NhYmluZXQvMDIwMy8wOTE1NjU0Mi5qcGc/Zml0aW49NzAwOjcwMA==,NDkxNi4wMDAw,,44Kt44OD44K644O744OZ44OT44O844O744Oe44K/44OL44OG44KjID4g44Kt44OD44K6ID4g55+l6IKy44O75pWZ5p2QID4g6Ieq55Sx56CU56m244O75a6f6aiT5Zmo5YW3,U0lCQVRBKOaftOeUsOenkeWtpikg44OI44Or44ON44O844OJ55So5pK55ouM57695qC5KE3lnovjgrfjg6rjg7zjgropRFQtNzUgMeWAiw==,MzI0MOWGhuS7peS4iuOBlOizvOWFpeOBp+mAgeaWmeeEoeaWme+8gQ==,PGZvbnQgY29sb3I9Ymx1ZT405Za25qWt5pel5Lul5YaF44Gr5Ye66I236Ie044GX44G+44GZ44CCPC9mb250PuWcqOW6q+eKtuazgeOBquOBqeOBq+OCiOOCiuWHuuiNt+aXpeOBjOmBheOCjOOCi+WgtOWQiOOBjOOBlOOBluOBhOOBvuOBmeOAguips+e0sOOBr+OBk+OBoeOCieOBp+OBlOeiuuiqjeS4i+OBleOBhOOAgjxicj48YnI+PGZvbnQgY29sb3I9cmVkPjMsMjQw5YaG5Lul5LiK44GU6LO85YWl44Gn6YCB5paZ54Sh5paZ77yBPC9mb250Pjxicj48YnI+44CQ54m56ZW344CR44Oc44K55LuY44GN44Gv44CBzqY4bW3jgrfjg6Pjg5Xjg4jjgafjgYLjgozjgbDjganjga7kvY3nva7jgavjgoLlm7rlrprjgZfjgabkvb/nlKjjgafjgY3jgb7jgZnjgILjg5zjgrnku5jjgY3ku6XlpJbjga7mkrnmi4znvr3moLnjga/jgIHjg47jg5bjg43jgrjjgavjgojjgorjgrfjg6Pjg5Xjg4jlhYjnq6/jgavlm7rlrprjgZnjgovjgr/jgqTjg5fjgafjgZnjgILOpjhtbeOCt+ODo+ODleODiOOBp+OBguOCjOOBsOOAgeOBqeOBruS9jee9ruOBq+OCguWbuuWumuOBl+OBpuS9v+eUqOOBp+OBjeOBvuOBmeOAgjxicj7jgJDmnZDos6rjgJHjgrnjg4bjg7Pjg6zjgrkoU1VTMzE2KTxicj7jgJDjgr/jgqTjg5fjgJHjg4fjgqPjgrnjgq/jgr/jg7zjg5Pjg7Mo44Oc44K55LuYKTxicj7jgJDnv7zlvoQobW0p44CRNzU8YnI+44CQ44Ki44K644Ov44Oz5ZOB55Wq44CRMS01NTA1LTEzPGJyPjxkaXYgc3R5bGU9IiBib3JkZXI6c29saWQgMXB4ICMzMzMzMzM7IGJhY2tncm91bmQtY29sb3I6I0ZGRkZGRjsgcGFkZGluZzo1cHg7IGZvbnQtc2l6ZToxLjFlbTsgbGluZS1oZWlnaHQ6MS40ZW07Ij4KCeWVhuWTgeeUu+WDj+OBq+OBpOOBjeOBvuOBl+OBpuOBr+OAgTxzcGFuIHN0eWxlPSJjb2xvcjojOTkwMDAwOyI+44K144Kk44K644O76Imy562J44GM55Ww44Gq44KL5aC05ZCI44GM44GU44GW44GE44G+44GZPC9zcGFuPuOBruOBp+OBlOazqOaEj+S4i+OBleOBhOOAgjxicj4KCTxzcGFuIHN0eWxlPSJjb2xvcjojOTkwMDAwOyI+6KSH5pWw5ZWG5ZOB44KS5ZCM5pmC44Gr44GU5rOo5paHPC9zcGFuPuOBruWgtOWQiOOBr+OAgeODmuODvOOCuOS4i+OBrjxzcGFuIHN0eWxlPSJjb2xvcjojOTkwMDAwOyI+44CQ6KSH5pWw5ZWG5ZOB44Gu5Ye66I2344CRPC9zcGFuPuOCkuOBlOimp+OBj+OBoOOBleOBhOOAggo8L2Rpdj4=,U0lCQVRBKOaftOeUsOenkeWtpikg44OI44Or44ON44O844OJ55So5pK55ouM57695qC5KE3lnovjgrfjg6rjg7zjgropRFQtNzUgMeWAi++8muODl+ODreOBruW3peWFt+OCt+ODp+ODg+ODl+OAgFlPU0hJTVVSQQ==,5L2c5qWt5bel5YW35raI6ICX5ZOB5pel5puc5aSn5belRElZ5a6J5YWo6Z2044OZ44Ki44Oq44Oz44Kw56CU56Oo5qKx5YyF44Km44Ko44K544K544OI44Os44OD44OB44OV44Kj44Or44Og44OG44O844OX6LuN5omL44Oc44Or44O044Kj44OD44Kv5Y+w6LuK5YiH5YmK5bel5YW344Gt44GY44Oe44K544Kv5ris5a6a44Kt44Og44K/44Kq44OrU0lCQVRBKOaftOeUsOenkeWtpikg44OI44Or44ON44O844OJ55So5pK55ouM57695qC5KE3lnovjgrfjg6rjg7zjgropRFQtNzUgMeWAiw==,MzI0MOWGhuS7peS4iuOBlOizvOWFpeOBp+mAgeaWmeeEoeaWme+8geOAglNJQkFUQSjmn7TnlLDnp5HlraYpIOODiOODq+ODjeODvOODieeUqOaSueaLjOe+veaguShN5Z6L44K344Oq44O844K6KURULTc1IDHlgIs=[rn]
