25-79801,aHR0cDovL3RzaG9wLnIxMHMuanAvZ2Rvc2hvcC9jYWJpbmV0LzIxMC8wMDAwNDM4MjEwXzEuanBnP2ZpdGluPTcwMDo3MDA=,MzEwMC4wMDAw,,44K544Od44O844OE44O744Ki44Km44OI44OJ44KiID4g44K044Or44OVID4g44Kw44Ot44O844OW,44Kt44Oj44K544Kz44CAS0FTQ0/jgIDjgr3jg5Xjg4jjgrfjg7zjg5cg44OX44Ot44OV44Kn44OD44K344On44OK44Or44Oi44OH44Or44Kw44Ot44O844OWIFBULTMwMCA15p6a57WEW+OCtOODq+ODleeUqOWTgSDjgrTjg6vjg5XjgrDjg63jg7zjg5YgZ29sZiDjg6Hjg7Pjgrog44K044Or44OV55So5omL6KKLIOOCtOODq+ODleaJi+iiiyDjgqLjgq/jgrvjgrXjg6rjg7wgZ2RvIOOCtOODq+ODlV0=,MTPmmYLjgb7jgafjgafjgYLjgZnmpb3lr77lv5w=,PGJyPjxicj48Y2VudGVyPjxpbWcgc3JjPSJodHRwOi8vd3d3LnJha3V0ZW4ubmUuanAvZ29sZC9nZG9zaG9wL2ltYWdlcy9nZG9yZWNvbW1lbmQvMDAwMDQzODIxMC0wMDEuanBnIiAgYWx0PSLjgq3jg6PjgrnjgrPjgrDjg63jg7zjg5YiLz48YnI+CjxpZnJhbWUgc3JjPSJodHRwOi8vcmV2aWV3LnJha3V0ZW4uY28uanAvaXRlbS8xLzI5ODY4Nl8xMDAxODk1Mi8xLjEvc29ydDEvP2wyLWlkPXJldmlld19QQ19pbF9zZWFyY2hfMDIiIHdpZHRoPSI3NDUiIGhlaWdodD0iNTAwIj48L2lmcmFtZT4KPGJyPgo8YSBocmVmPSJodHRwOi8vcmV2aWV3LnJha3V0ZW4uY28uanAvaXRlbS8xLzI5ODY4Nl8xMDAxODk1Mi8xLjEvc29ydDEvP2wyLWlkPXJldmlld19QQ19pbF9zZWFyY2hfMDIiPjxpbWcgc3JjPSJodHRwOi8vd3d3LnJha3V0ZW4ubmUuanAvZ29sZC9nZG9zaG9wL2ltYWdlcy9nZG9yZWNvbW1lbmQvMDAwMDQzODIxMC0wMDIuZ2lmIiAgYWx0PSLjgq3jg6PjgrnjgrPjgrDjg63jg7zjg5YiLz48L2E+PGJyPgo8aW1nIHNyYz0iaHR0cDovL3d3dy5yYWt1dGVuLm5lLmpwL2dvbGQvZ2Rvc2hvcC9pbWFnZXMvZ2RvcmVjb21tZW5kLzAwMDA0MzgyMTAtMDAzLmpwZyIgIGFsdD0i44Kt44Oj44K544Kz44Kw44Ot44O844OWIi8+PC9jZW50ZXI+PGJyPjxkaXYgY2xhc3M9InByb2R1Y3QtZGV0YWlsIj48ZGl2IGNsYXNzPSJwcm9kdWN0LWRldGFpbC1oZWFkZXIiPjxkaXYgY2xhc3M9InByb2R1Y3QtZGV0YWlsLXRpdGxlIj48cD48c3BhbiBjbGFzcz0icHJvZHVjdC1kZXRhaWwtdGl0bGUtdGV4dCI+44K944OV44OI44K344O844OXIOODl+ODreODleOCp+ODg+OCt+ODp+ODiuODq+ODouODh+ODq+OCsOODreODvOODliBQVC0zMDAgNeaemuOCu+ODg+ODiDwvc3Bhbj48YnI+PHNwYW4gY2xhc3M9InByb2R1Y3QtZGV0YWlsLXN1YnRpdGxlLXRleHQiPuOCreODo+OCueOCsyAvIEtBU0NPPC9zcGFuPjwvcD48L2Rpdj48L2Rpdj48ZGl2IGNsYXNzPSJwcm9kdWN0LWRldGFpbC1jb250ZW50Ij48dGFibGUgY2xhc3M9InByb2R1Y3QtZGV0YWlsLXNwZWMiPjx0cj48dGg+57Sg5p2QPC90aD48dGQ+5aSp54S255qu6Z2pPC90ZD48L3RyPjx0cj48dGg+44K144Kk44K644OQ44Oq44Ko44O844K344On44OzPC90aD48dGQ+MjEtMjZjbTwvdGQ+PC90cj48dHI+PHRoPuWvvuixoTwvdGg+PHRkPuODoeODs+OCujwvdGQ+PC90cj48dHI+PHRoPuijvemAoOWbvTwvdGg+PHRkPuOCv+OCpOOAgeODkOODs+OCsOODqeODh+OCo+ODg+OCt+ODpTwvdGQ+PC90cj48dHI+PHRoPuOCu+ODg+ODiOWGheWuuTwvdGg+PHRkPjXmnprjgrvjg4Pjg4g8L3RkPjwvdHI+PC90YWJsZT48L2Rpdj48L2Rpdj48ZGl2IGNsYXNzPSJwcm9kdWN0LWRldGFpbC1ib3R0b20iPjwvZGl2PjxkaXYgY2xhc3M9InByb2R1Y3QtZGV0YWlsLWNvbnRlbnQiPjxwPuOCu+ODg+ODiOWTgSBnbG92ZXNhbGU8L3A+PC9kaXY+PHN0eWxlIHR5cGU9InRleHQvY3NzIj4KPCEtLQoKZGl2I0hlYWRlcktleXdvcmQgewoJcG9zaXRpb246YWJzb2x1dGU7Cgl0b3A6NjBweDsvKuS4gOeVquS4iuOBi+OCieOBruS9jee9riovCglsZWZ0OjMwcHg7Lyrlt6bnq6/jgYvjgonjga7kvY3nva4qLwp9CgpkaXYjSGVhZGVyS2V5d29yZCBzcGFuIHsKCWJhY2tncm91bmQ6ICNiZjAwMDA7Cgljb2xvcjojZmZmOwoJZm9udC13ZWlnaHQ6Ym9sZDsKCXBhZGRpbmc6MnB4IDVweDsKfQoKZGl2I0hlYWRlcktleXdvcmQgYSB7Cgljb2xvcjojMDA0NENDOwp9Cgp0ZC5pbnZlbnRvcnkgZm9udHsKCWZvbnQtc2l6ZToxMHB4OwoJY29sb3I6IzY2NjY2NjsKfQoKdGQuaW52ZW50b3J5ewoJd29yZC13cmFwOmJyZWFrLXdvcmQ7Cgl3aWR0aDoxMDBweDsKfQoKCi0tPgoKPC9zdHlsZT4KCgoKPGRpdiBpZD0iSGVhZGVyS2V5d29yZCI+CjxzcGFuPuazqOebruOBruOCreODvOODr+ODvOODiTwvc3Bhbj4K44OX44O844OeCuODq+OCs+ODg+OCrwrjg4rjgqTjgq0K44Ki44OJ44Of44Op44OrCuODnuODs+OCt+ODs+OCsOOCpuOCp+OCouOAgAo8L2Rpdj4KCu+8nO+8nOazqOaEj+S6i+mghe+8nu+8njxicj48YnI+CjxiPuOCsOODreODvOODljwvYj48YnI+CuODu+WVhuWTgeWQjeOBq+ODrOODleODhuOCo+OBruiomOi8ieOBjOOBguOCi+WVhuWTgeOBr+W3pueUqOOBqOOBquOCiuOBvuOBmeOBjOOAgeODrOODleODhuOCo+WVhuWTgeOCguWPs+eUqOOBrueUu+WDj+OCkuaOsui8ieOBl+OBpuOBhOOCi+WgtOWQiOOBjOOBguOCiuOBvuOBmeOAgjxicj48YnI+CjxiPui3nemboua4rOWumuWZqOOBruS/neiovOacn+mWkzwvYj48YnI+CuODu+WVhuWTgeOBq+WQjOaiseOBleOCjOOCi+e0jeWTgeabuOiomOi8ieOBruWHuuiNt+aXpeS7mOOBi+OCiTHlubTplpPjga7kv53oqLzjgajjgarjgorjgb7jgZnjgILkv53oqLzjgavjgaTjgYTjgabjga/jgIHoo73lk4Hku5jlsZ7jga7kv53oqLzmm7jjgYrjgojjgbPntI3lk4Hmm7jjgYzlv4XopoHjgajjgarjgorjgb7jgZnjgILjgYrosrfjgYTkuIrjgZLlvozjga/lpKfliIfjgavkv53nrqHjgY/jgaDjgZXjgYTjgII8YnI+CuODu+mbu+WMluijveWTgeOBr+WVhuWTgeOBrueJueaAp+S4iuOAgemAmumbu+W+jOOBrui/lOWTgeODu+S6pOaPm+OCkuOBiuWPl+OBkeOBp+OBjeOBvuOBm+OCk+OAguOBvuOBn+OAgeWVhuWTgeOBq+mWouOBmeOCi+aKgOihk+eahOOBquOBiuWVj+OBhOWQiOOCj+OBm+OBr+OAgeODoeODvOOCq+ODvOOBruOBiuWuouanmOOCu+ODs+OCv+ODvOOBuOebtOaOpeOBiuWVj+OBhOWQiOOCj+OBm+OBj+OBoOOBleOBhOOAggo8YnI+PGJyPjxicj48YnI+CjwhLS0g5rOo5paH6YCf5aCxIC0tPgo8ZGl2IGlkPSJuZXctYXJyaXZhbCI+Cgo8L2Rpdj4KPCEtLSAv5rOo5paH6YCf5aCxIC0tPgo8YnI+PGJyPgo8IS0tIGdkbyDjgYrjgZnjgZnjgoHllYblk4EgLS0+Cgo8IS0tIC9nZG8g44GK44GZ44GZ44KB5ZWG5ZOBIC0tPgo8YnI+PGJyPg==,44Kt44Oj44K544Kz44CAS0FTQ0/jgIDjgr3jg5Xjg4jjgrfjg7zjg5cg44OX44Ot44OV44Kn44OD44K344On44OK44Or44Oi44OH44Or44Kw44Ot44O844OWIFBULTMwMCA15p6a57WEW+OCtOODq+ODleeUqOWTgSDjgrTjg6vjg5XjgrDjg63jg7zjg5YgZ29sZiDjg6Hjg7Pjgrog44K044Or44OV55So5omL6KKLIOOCtOODq+ODleaJi+iiiyDjgqLjgq/jgrvjgrXjg6rjg7wgZ2RvIOOCtOODq+ODlV3vvJpHRE/jgrTjg6vjg5Xjgrfjg6fjg4Pjg5cg5qW95aSp5biC5aC05bqX,R0RP44K044Or44OV44OA44Kk44K444Kn44K544OI44O744Kq44Oz44Op44Kk44Oz44OJ44Op44Kk44OQ44O844OV44Kn44Ki44Km44Kn44Kk44Km44OD44OJ44Om44O844OG44Kj44Oq44OG44Kj44Ki44Kk44Ki44Oz44K744OD44OI44Km44Kn44OD44K444OR44K/44O844K044Or44OV44Oc44O844Or44K044Or44OV44Km44Kn44Ki44K044Or44OV44OQ44OD44Kw44K044Or44OV44K344Ol44O844K644Kt44Oj44K544Kz44CAS0FTQ0/jgIDjgr3jg5Xjg4jjgrfjg7zjg5cg44OX44Ot44OV44Kn44OD44K344On44OK44Or44Oi44OH44Or44Kw44Ot44O844OWIFBULTMwMCA15p6a57WEW+OCtOODq+ODleeUqOWTgSDjgrTjg6vjg5XjgrDjg63jg7zjg5YgZ29sZiDjg6Hjg7Pjgrog44K044Or44OV55So5omL6KKLIOOCtOODq+ODleaJi+iiiyDjgqLjgq/jgrvjgrXjg6rjg7wgZ2RvIOOCtOODq+ODlV0=,MTPmmYLjgb7jgafjgafjgYLjgZnmpb3lr77lv5zjgILjgq3jg6PjgrnjgrPjgIBLQVNDT+OAgOOCveODleODiOOCt+ODvOODlyDjg5fjg63jg5Xjgqfjg4Pjgrfjg6fjg4rjg6vjg6Ljg4fjg6vjgrDjg63jg7zjg5YgUFQtMzAwIDXmnprntYRb44K044Or44OV55So5ZOBIOOCtOODq+ODleOCsOODreODvOODliBnb2xmIOODoeODs+OCuiDjgrTjg6vjg5XnlKjmiYvooosg44K044Or44OV5omL6KKLIOOCouOCr+OCu+OCteODquODvCBnZG8g44K044Or44OVXQ==[rn]
25-79802,aHR0cDovL3RzaG9wLnIxMHMuanAvZ2Rvc2hvcC9jYWJpbmV0LzEwOC8wMDAwNDk4NjA4XzEuanBnP2ZpdGluPTcwMDo3MDA=,MzQ1Ni4wMDAw,,44K544Od44O844OE44O744Ki44Km44OI44OJ44KiID4g44K044Or44OVID4g44Kw44Ot44O844OW,TVXjgrnjg53jg7zjg4TjgIBNLlUgU1BPUlRT44CA44Kw44Ot44O844OWIDcwM1UxODUwW+OCtOODq+ODlSDjgrDjg63jg7zjg5Yg5omL6KKLXQ==,MTPmmYLjgb7jgafjgafjgYLjgZnmpb3lr77lv5w=,PGJyPjxkaXYgY2xhc3M9InByb2R1Y3QtZGV0YWlsIj48ZGl2IGNsYXNzPSJwcm9kdWN0LWRldGFpbC1oZWFkZXIiPjxkaXYgY2xhc3M9InByb2R1Y3QtZGV0YWlsLXRpdGxlIj48cD48c3BhbiBjbGFzcz0icHJvZHVjdC1kZXRhaWwtdGl0bGUtdGV4dCI+44Kw44Ot44O844OWIDcwM1UxODUwPC9zcGFuPjxicj48c3BhbiBjbGFzcz0icHJvZHVjdC1kZXRhaWwtc3VidGl0bGUtdGV4dCI+TVXjgrnjg53jg7zjg4QgLyBNLlUgU1BPUlRTPC9zcGFuPjwvcD48L2Rpdj48L2Rpdj48ZGl2IGNsYXNzPSJwcm9kdWN0LWRldGFpbC1jb250ZW50Ij48cCBjbGFzcz0icHJvZHVjdC1kZXRhaWwtaGVhZCI+5ZWG5ZOB44Gu54m55b60PC9wPjxwPuOCsOODquODg+ODl+OBrumam+OBguOBvuOCiuWKm+OCkuWFpeOCjOOBquOBhOimquaMh+OBqOS6uuW3ruOBl+aMh+OBruWFiOOBr+OCquODleOBq+OBl+OBn+OCsOODreODvOODluOAgjwvcD48dGFibGUgY2xhc3M9InByb2R1Y3QtZGV0YWlsLXNwZWMiPjx0cj48dGg+57Sg5p2QPC90aD48dGQ+44Od44Oq44Ko44K544OG44Or44CB5ZCI5oiQ55qu6Z2pPC90ZD48L3RyPjx0cj48dGg+44K144Kk44K644OQ44Oq44Ko44O844K344On44OzPC90aD48dGQ+UygyMS0yMmNtKeOAgU0oMjMtMjRjbSnjgIFMKDI1LTI2Y20pPC90ZD48L3RyPjx0cj48dGg+5a++6LGhPC90aD48dGQ+44Oh44Oz44K6PC90ZD48L3RyPjx0cj48dGg+6KO96YCg5Zu9PC90aD48dGQ+5Lit5Zu9PC90ZD48L3RyPjwvdGFibGU+PC9kaXY+PC9kaXY+PGRpdiBjbGFzcz0icHJvZHVjdC1kZXRhaWwtYm90dG9tIj48L2Rpdj48c3R5bGUgdHlwZT0idGV4dC9jc3MiPgo8IS0tCgpkaXYjSGVhZGVyS2V5d29yZCB7Cglwb3NpdGlvbjphYnNvbHV0ZTsKCXRvcDo2MHB4Oy8q5LiA55Wq5LiK44GL44KJ44Gu5L2N572uKi8KCWxlZnQ6MzBweDsvKuW3puerr+OBi+OCieOBruS9jee9riovCn0KCmRpdiNIZWFkZXJLZXl3b3JkIHNwYW4gewoJYmFja2dyb3VuZDogI2JmMDAwMDsKCWNvbG9yOiNmZmY7Cglmb250LXdlaWdodDpib2xkOwoJcGFkZGluZzoycHggNXB4Owp9CgpkaXYjSGVhZGVyS2V5d29yZCBhIHsKCWNvbG9yOiMwMDQ0Q0M7Cn0KCnRkLmludmVudG9yeSBmb250ewoJZm9udC1zaXplOjEwcHg7Cgljb2xvcjojNjY2NjY2Owp9Cgp0ZC5pbnZlbnRvcnl7Cgl3b3JkLXdyYXA6YnJlYWstd29yZDsKCXdpZHRoOjEwMHB4Owp9CgoKLS0+Cgo8L3N0eWxlPgoKCgo8ZGl2IGlkPSJIZWFkZXJLZXl3b3JkIj4KPHNwYW4+5rOo55uu44Gu44Kt44O844Ov44O844OJPC9zcGFuPgrjg5fjg7zjg54K44Or44Kz44OD44KvCuODiuOCpOOCrQrjgqLjg4njg5/jg6njg6sK44Oe44Oz44K344Oz44Kw44Km44Kn44Ki44CACjwvZGl2PgoK77yc77yc5rOo5oSP5LqL6aCF77ye77yePGJyPjxicj4KPGI+44Kw44Ot44O844OWPC9iPjxicj4K44O75ZWG5ZOB5ZCN44Gr44Os44OV44OG44Kj44Gu6KiY6LyJ44GM44GC44KL5ZWG5ZOB44Gv5bem55So44Go44Gq44KK44G+44GZ44GM44CB44Os44OV44OG44Kj5ZWG5ZOB44KC5Y+z55So44Gu55S75YOP44KS5o6y6LyJ44GX44Gm44GE44KL5aC05ZCI44GM44GC44KK44G+44GZ44CCPGJyPjxicj4KPGI+6Led6Zui5ris5a6a5Zmo44Gu5L+d6Ki85pyf6ZaTPC9iPjxicj4K44O75ZWG5ZOB44Gr5ZCM5qKx44GV44KM44KL57SN5ZOB5pu46KiY6LyJ44Gu5Ye66I235pel5LuY44GL44KJMeW5tOmWk+OBruS/neiovOOBqOOBquOCiuOBvuOBmeOAguS/neiovOOBq+OBpOOBhOOBpuOBr+OAgeijveWTgeS7mOWxnuOBruS/neiovOabuOOBiuOCiOOBs+e0jeWTgeabuOOBjOW/heimgeOBqOOBquOCiuOBvuOBmeOAguOBiuiyt+OBhOS4iuOBkuW+jOOBr+Wkp+WIh+OBq+S/neeuoeOBj+OBoOOBleOBhOOAgjxicj4K44O76Zu75YyW6KO95ZOB44Gv5ZWG5ZOB44Gu54m55oCn5LiK44CB6YCa6Zu75b6M44Gu6L+U5ZOB44O75Lqk5o+b44KS44GK5Y+X44GR44Gn44GN44G+44Gb44KT44CC44G+44Gf44CB5ZWG5ZOB44Gr6Zai44GZ44KL5oqA6KGT55qE44Gq44GK5ZWP44GE5ZCI44KP44Gb44Gv44CB44Oh44O844Kr44O844Gu44GK5a6i5qeY44K744Oz44K/44O844G455u05o6l44GK5ZWP44GE5ZCI44KP44Gb44GP44Gg44GV44GE44CCCjxicj48YnI+PGJyPjxicj4KPCEtLSDms6jmlofpgJ/loLEgLS0+CjxkaXYgaWQ9Im5ldy1hcnJpdmFsIj4KCjwvZGl2Pgo8IS0tIC/ms6jmlofpgJ/loLEgLS0+Cjxicj48YnI+CjwhLS0gZ2RvIOOBiuOBmeOBmeOCgeWVhuWTgSAtLT4KCjwhLS0gL2dkbyDjgYrjgZnjgZnjgoHllYblk4EgLS0+Cjxicj48YnI+,TVXjgrnjg53jg7zjg4TjgIBNLlUgU1BPUlRT44CA44Kw44Ot44O844OWIDcwM1UxODUwW+OCtOODq+ODlSDjgrDjg63jg7zjg5Yg5omL6KKLXe+8mkdET+OCtOODq+ODleOCt+ODp+ODg+ODlyDmpb3lpKnluILloLTlupc=,R0RP44K044Or44OV44OA44Kk44K444Kn44K544OI44O744Kq44Oz44Op44Kk44Oz44OJ44Op44Kk44OQ44O844OV44Kn44Ki44Km44Kn44Kk44Km44OD44OJ44Om44O844OG44Kj44Oq44OG44Kj44Ki44Kk44Ki44Oz44K744OD44OI44Km44Kn44OD44K444OR44K/44O844K044Or44OV44Oc44O844Or44K044Or44OV44Km44Kn44Ki44K044Or44OV44OQ44OD44Kw44K044Or44OV44K344Ol44O844K6TVXjgrnjg53jg7zjg4TjgIBNLlUgU1BPUlRT44CA44Kw44Ot44O844OWIDcwM1UxODUwW+OCtOODq+ODlSDjgrDjg63jg7zjg5Yg5omL6KKLXQ==,MTPmmYLjgb7jgafjgafjgYLjgZnmpb3lr77lv5zjgIJNVeOCueODneODvOODhOOAgE0uVSBTUE9SVFPjgIDjgrDjg63jg7zjg5YgNzAzVTE4NTBb44K044Or44OVIOOCsOODreODvOODliDmiYvoootd[rn]
25-79803,aHR0cDovL3RzaG9wLnIxMHMuanAvZ2Rvc2hvcC9jYWJpbmV0LzEzOS8wMDAwNTEwMTM5XzEuanBnP2ZpdGluPTcwMDo3MDA=,NDIzMy42MDAw,,44K544Od44O844OE44O744Ki44Km44OI44OJ44KiID4g44K044Or44OVID4g44Kw44Ot44O844OW,44OV44Kj44Op44CARklMQeOAgOmYsuWvkuODn+ODiOODsyDkuKHmiYvnlKjvvIbjg5njg6vjg4jjgrvjg4Pjg4ggNzk2OTI444CA44Os44OH44Kj44K5,MTPmmYLjgb7jgafjgafjgYLjgZnmpb3lr77lv5w=,PGJyPjxkaXYgY2xhc3M9InByb2R1Y3QtZGV0YWlsIj48ZGl2IGNsYXNzPSJwcm9kdWN0LWRldGFpbC1oZWFkZXIiPjxkaXYgY2xhc3M9InByb2R1Y3QtZGV0YWlsLXRpdGxlIj48cD48c3BhbiBjbGFzcz0icHJvZHVjdC1kZXRhaWwtdGl0bGUtdGV4dCI+6Ziy5a+S44Of44OI44OzIOS4oeaJi+eUqO+8huODmeODq+ODiOOCu+ODg+ODiCA3OTY5Mjg8L3NwYW4+PGJyPjxzcGFuIGNsYXNzPSJwcm9kdWN0LWRldGFpbC1zdWJ0aXRsZS10ZXh0Ij7jg5XjgqPjg6kgLyBGSUxBPC9zcGFuPjwvcD48L2Rpdj48L2Rpdj48ZGl2IGNsYXNzPSJwcm9kdWN0LWRldGFpbC1jb250ZW50Ij48cCBjbGFzcz0icHJvZHVjdC1kZXRhaWwtaGVhZCI+5ZWG5ZOB44Gu54m55b60PC9wPjxwPumYsuWvkuODn+ODiOODsyjkuKHmiYsp44Go44OZ44Or44OI44Gu44K744OD44OI5ZWG5ZOB44CCPGJyIC8+44K344On44OD44OI44Gu5b6F44Gh5pmC6ZaT44Gq44Gp44Gr5Ya344GI44Gf5omL44KS44Kt44Ol44O844OI44Gr5pqW44KB44KL44CB44Ki44Kv44K744K144Oq44O85oSf6Kaa44Gu44OT44OD44Kw44K/44OV44K/44Of44OI44Oz44CCPGJyIC8+44Of44OI44Oz44Gr44Gv44CB44K744OD44OI44Gu44OZ44Or44OI44Gr6YCa44Gb44KL44OV44OD44Kv44Go44Oq44Oz44Kw44GM5LuY44GE44Gm44GE44Gm44CB44K344On44OD44OI5pmC44Gv5b6M44Gr5Zue44Gb44KL44OH44K244Kk44Oz44CCPGJyIC8+44Od44Kx44OD44OI5Luj44KP44KK44Gr44GX44Gm44KCT0vjgIHohbDlkajjgorjga7jg53jgqTjg7Pjg4jjgqLjgq/jgrvjgrXjg6rjg7zjgajjgZfjgabjgoLkvr/liKnjgarjgqLjgqTjg4bjg6DjgII8L3A+PHRhYmxlIGNsYXNzPSJwcm9kdWN0LWRldGFpbC1zcGVjIj48dHI+PHRoPue0oOadkDwvdGg+PHRkPuOAkOODn+ODiOODs+OAkeODneODquOCqOOCueODhuODqzEwMO+8heOAkOODmeODq+ODiOOAkeWQiOaIkOearumdqTwvdGQ+PC90cj48dHI+PHRoPuOCteOCpOOCuuODkOODquOCqOODvOOCt+ODp+ODszwvdGg+PHRkPuOAkOODn+ODiOODs+OAkee3j+S4iDI1w5flt74xNWNt44CQ44OZ44Or44OI44CR44OV44Oq44O877ya5YWo6ZW3KOODkOODg+OCr+ODq+WQq+OBvuOBmikxMDXDl+W3vjEuNWNt44CB56m05pWwOTwvdGQ+PC90cj48dHI+PHRoPuWvvuixoTwvdGg+PHRkPuODrOODh+OCo+OCuTwvdGQ+PC90cj48dHI+PHRoPuijvemAoOWbvTwvdGg+PHRkPuODmeODiOODiuODoDwvdGQ+PC90cj48dHI+PHRoPuOCu+ODg+ODiOWGheWuuTwvdGg+PHRkPuODn+ODiOODsyjkuKHmiYvnlKgp44CB44OZ44Or44OIPC90ZD48L3RyPjwvdGFibGU+PC9kaXY+PC9kaXY+PGRpdiBjbGFzcz0icHJvZHVjdC1kZXRhaWwtYm90dG9tIj48L2Rpdj48ZGl2IGNsYXNzPSJwcm9kdWN0LWRldGFpbC1jb250ZW50Ij48cD53aW5hY2Mgd2ludGVyZ2xvYmUgd2ludGVyZ2xvYmU8L3A+PC9kaXY+PHN0eWxlIHR5cGU9InRleHQvY3NzIj4KPCEtLQoKZGl2I0hlYWRlcktleXdvcmQgewoJcG9zaXRpb246YWJzb2x1dGU7Cgl0b3A6NjBweDsvKuS4gOeVquS4iuOBi+OCieOBruS9jee9riovCglsZWZ0OjMwcHg7Lyrlt6bnq6/jgYvjgonjga7kvY3nva4qLwp9CgpkaXYjSGVhZGVyS2V5d29yZCBzcGFuIHsKCWJhY2tncm91bmQ6ICNiZjAwMDA7Cgljb2xvcjojZmZmOwoJZm9udC13ZWlnaHQ6Ym9sZDsKCXBhZGRpbmc6MnB4IDVweDsKfQoKZGl2I0hlYWRlcktleXdvcmQgYSB7Cgljb2xvcjojMDA0NENDOwp9Cgp0ZC5pbnZlbnRvcnkgZm9udHsKCWZvbnQtc2l6ZToxMHB4OwoJY29sb3I6IzY2NjY2NjsKfQoKdGQuaW52ZW50b3J5ewoJd29yZC13cmFwOmJyZWFrLXdvcmQ7Cgl3aWR0aDoxMDBweDsKfQoKCi0tPgoKPC9zdHlsZT4KCgoKPGRpdiBpZD0iSGVhZGVyS2V5d29yZCI+CjxzcGFuPuazqOebruOBruOCreODvOODr+ODvOODiTwvc3Bhbj4K44OX44O844OeCuODq+OCs+ODg+OCrwrjg4rjgqTjgq0K44Ki44OJ44Of44Op44OrCuODnuODs+OCt+ODs+OCsOOCpuOCp+OCouOAgAo8L2Rpdj4KCu+8nO+8nOazqOaEj+S6i+mghe+8nu+8njxicj48YnI+CjxiPuOCsOODreODvOODljwvYj48YnI+CuODu+WVhuWTgeWQjeOBq+ODrOODleODhuOCo+OBruiomOi8ieOBjOOBguOCi+WVhuWTgeOBr+W3pueUqOOBqOOBquOCiuOBvuOBmeOBjOOAgeODrOODleODhuOCo+WVhuWTgeOCguWPs+eUqOOBrueUu+WDj+OCkuaOsui8ieOBl+OBpuOBhOOCi+WgtOWQiOOBjOOBguOCiuOBvuOBmeOAgjxicj48YnI+CjxiPui3nemboua4rOWumuWZqOOBruS/neiovOacn+mWkzwvYj48YnI+CuODu+WVhuWTgeOBq+WQjOaiseOBleOCjOOCi+e0jeWTgeabuOiomOi8ieOBruWHuuiNt+aXpeS7mOOBi+OCiTHlubTplpPjga7kv53oqLzjgajjgarjgorjgb7jgZnjgILkv53oqLzjgavjgaTjgYTjgabjga/jgIHoo73lk4Hku5jlsZ7jga7kv53oqLzmm7jjgYrjgojjgbPntI3lk4Hmm7jjgYzlv4XopoHjgajjgarjgorjgb7jgZnjgILjgYrosrfjgYTkuIrjgZLlvozjga/lpKfliIfjgavkv53nrqHjgY/jgaDjgZXjgYTjgII8YnI+CuODu+mbu+WMluijveWTgeOBr+WVhuWTgeOBrueJueaAp+S4iuOAgemAmumbu+W+jOOBrui/lOWTgeODu+S6pOaPm+OCkuOBiuWPl+OBkeOBp+OBjeOBvuOBm+OCk+OAguOBvuOBn+OAgeWVhuWTgeOBq+mWouOBmeOCi+aKgOihk+eahOOBquOBiuWVj+OBhOWQiOOCj+OBm+OBr+OAgeODoeODvOOCq+ODvOOBruOBiuWuouanmOOCu+ODs+OCv+ODvOOBuOebtOaOpeOBiuWVj+OBhOWQiOOCj+OBm+OBj+OBoOOBleOBhOOAggo8YnI+PGJyPjxicj48YnI+CjwhLS0g5rOo5paH6YCf5aCxIC0tPgo8ZGl2IGlkPSJuZXctYXJyaXZhbCI+Cgo8L2Rpdj4KPCEtLSAv5rOo5paH6YCf5aCxIC0tPgo8YnI+PGJyPgo8IS0tIGdkbyDjgYrjgZnjgZnjgoHllYblk4EgLS0+Cgo8IS0tIC9nZG8g44GK44GZ44GZ44KB5ZWG5ZOBIC0tPgo8YnI+PGJyPg==,44OV44Kj44Op44CARklMQeOAgOmYsuWvkuODn+ODiOODsyDkuKHmiYvnlKjvvIbjg5njg6vjg4jjgrvjg4Pjg4ggNzk2OTI444CA44Os44OH44Kj44K577yaR0RP44K044Or44OV44K344On44OD44OXIOalveWkqeW4guWgtOW6lw==,R0RP44K044Or44OV44OA44Kk44K444Kn44K544OI44O744Kq44Oz44Op44Kk44Oz44OJ44Op44Kk44OQ44O844OV44Kn44Ki44Km44Kn44Kk44Km44OD44OJ44Om44O844OG44Kj44Oq44OG44Kj44Ki44Kk44Ki44Oz44K744OD44OI44Km44Kn44OD44K444OR44K/44O844K044Or44OV44Oc44O844Or44K044Or44OV44Km44Kn44Ki44K044Or44OV44OQ44OD44Kw44K044Or44OV44K344Ol44O844K644OV44Kj44Op44CARklMQeOAgOmYsuWvkuODn+ODiOODsyDkuKHmiYvnlKjvvIbjg5njg6vjg4jjgrvjg4Pjg4ggNzk2OTI444CA44Os44OH44Kj44K5,MTPmmYLjgb7jgafjgafjgYLjgZnmpb3lr77lv5zjgILjg5XjgqPjg6njgIBGSUxB44CA6Ziy5a+S44Of44OI44OzIOS4oeaJi+eUqO+8huODmeODq+ODiOOCu+ODg+ODiCA3OTY5MjjjgIDjg6zjg4fjgqPjgrk=[rn]
25-79804,aHR0cDovL3RzaG9wLnIxMHMuanAvZ2Rvc2hvcC9jYWJpbmV0LzMzMS8wMDAwNTA1ODMxXzEuanBnP2ZpdGluPTcwMDo3MDA=,Mjc2NC44MDAw,,44K544Od44O844OE44O744Ki44Km44OI44OJ44KiID4g44K044Or44OVID4g44Kw44Ot44O844OW,44OG44O844Op44O844Oh44Kk44OJ44CAVGF5bG9yIE1hZGXjgIDjgqbjgqnjg7zjg6Djg5/jg4jjg7Mg5Lih5omL55SoIENDSzk5,MTPmmYLjgb7jgafjgafjgYLjgZnmpb3lr77lv5w=,PGJyPjxkaXYgY2xhc3M9InByb2R1Y3QtZGV0YWlsIj48ZGl2IGNsYXNzPSJwcm9kdWN0LWRldGFpbC1oZWFkZXIiPjxkaXYgY2xhc3M9InByb2R1Y3QtZGV0YWlsLXRpdGxlIj48cD48c3BhbiBjbGFzcz0icHJvZHVjdC1kZXRhaWwtdGl0bGUtdGV4dCI+44Km44Kp44O844Og44Of44OI44OzIOS4oeaJi+eUqCBDQ0s5OTwvc3Bhbj48YnI+PHNwYW4gY2xhc3M9InByb2R1Y3QtZGV0YWlsLXN1YnRpdGxlLXRleHQiPuODhuODvOODqeODvOODoeOCpOODiSAvIFRheWxvciBNYWRlPC9zcGFuPjwvcD48L2Rpdj48L2Rpdj48ZGl2IGNsYXNzPSJwcm9kdWN0LWRldGFpbC1jb250ZW50Ij48cCBjbGFzcz0icHJvZHVjdC1kZXRhaWwtaGVhZCI+5ZWG5ZOB44Gu54m55b60PC9wPjxwPuaJi+OBrueUsuWBtOOBq+Wkp+OBjeOBj1RheWxvck1hZGXjg63jgrTjga7liLrnuY3jgpLmlr3jgZfjgZ/lrZjlnKjmhJ/jga7jgYLjgovjg5/jg4jjg7PjgII8YnIgLz7lhoXpg6jjga/jgIHlkITmjIfjgYzni6znq4vjgZfjgabjgYrjgorjgIHlhrfjgZ/jgY/jgarjgaPjgZ/mjIflhYjjgYzph43jgarjgonjgarjgYTlt6XlpKvjgYzmlr3jgZXjgozjgabjgYTjgb7jgZnjgII8L3A+PHRhYmxlIGNsYXNzPSJwcm9kdWN0LWRldGFpbC1zcGVjIj48dHI+PHRoPue0oOadkDwvdGg+PHRkPuihqOeUn+WcsOODu+ijj+eUn+WcsO+8muODneODquOCqOOCueODhuODq++8j+aMh+WFiOmDqOWIhu+8muWQiOaIkOearumdqTwvdGQ+PC90cj48dHI+PHRoPuOCteOCpOOCuuODkOODquOCqOODvOOCt+ODp+ODszwvdGg+PHRkPuODleODquODvCgyMS0yNmNtKTwvdGQ+PC90cj48dHI+PHRoPuWvvuixoTwvdGg+PHRkPuODoeODs+OCujwvdGQ+PC90cj48dHI+PHRoPuijvemAoOWbvTwvdGg+PHRkPuOCpOODs+ODieODjeOCt+OCojwvdGQ+PC90cj48L3RhYmxlPjwvZGl2PjwvZGl2PjxkaXYgY2xhc3M9InByb2R1Y3QtZGV0YWlsLWJvdHRvbSI+PC9kaXY+PGRpdiBjbGFzcz0icHJvZHVjdC1kZXRhaWwtY29udGVudCI+PHA+ZnduZXcgd2luYWNjIHdpbnRlcmdsb2JlIHdpbnRlcml0ZW1tZCB3aW50ZXJnbG9iZTwvcD48L2Rpdj48c3R5bGUgdHlwZT0idGV4dC9jc3MiPgo8IS0tCgpkaXYjSGVhZGVyS2V5d29yZCB7Cglwb3NpdGlvbjphYnNvbHV0ZTsKCXRvcDo2MHB4Oy8q5LiA55Wq5LiK44GL44KJ44Gu5L2N572uKi8KCWxlZnQ6MzBweDsvKuW3puerr+OBi+OCieOBruS9jee9riovCn0KCmRpdiNIZWFkZXJLZXl3b3JkIHNwYW4gewoJYmFja2dyb3VuZDogI2JmMDAwMDsKCWNvbG9yOiNmZmY7Cglmb250LXdlaWdodDpib2xkOwoJcGFkZGluZzoycHggNXB4Owp9CgpkaXYjSGVhZGVyS2V5d29yZCBhIHsKCWNvbG9yOiMwMDQ0Q0M7Cn0KCnRkLmludmVudG9yeSBmb250ewoJZm9udC1zaXplOjEwcHg7Cgljb2xvcjojNjY2NjY2Owp9Cgp0ZC5pbnZlbnRvcnl7Cgl3b3JkLXdyYXA6YnJlYWstd29yZDsKCXdpZHRoOjEwMHB4Owp9CgoKLS0+Cgo8L3N0eWxlPgoKCgo8ZGl2IGlkPSJIZWFkZXJLZXl3b3JkIj4KPHNwYW4+5rOo55uu44Gu44Kt44O844Ov44O844OJPC9zcGFuPgrjg5fjg7zjg54K44Or44Kz44OD44KvCuODiuOCpOOCrQrjgqLjg4njg5/jg6njg6sK44Oe44Oz44K344Oz44Kw44Km44Kn44Ki44CACjwvZGl2PgoK77yc77yc5rOo5oSP5LqL6aCF77ye77yePGJyPjxicj4KPGI+44Kw44Ot44O844OWPC9iPjxicj4K44O75ZWG5ZOB5ZCN44Gr44Os44OV44OG44Kj44Gu6KiY6LyJ44GM44GC44KL5ZWG5ZOB44Gv5bem55So44Go44Gq44KK44G+44GZ44GM44CB44Os44OV44OG44Kj5ZWG5ZOB44KC5Y+z55So44Gu55S75YOP44KS5o6y6LyJ44GX44Gm44GE44KL5aC05ZCI44GM44GC44KK44G+44GZ44CCPGJyPjxicj4KPGI+6Led6Zui5ris5a6a5Zmo44Gu5L+d6Ki85pyf6ZaTPC9iPjxicj4K44O75ZWG5ZOB44Gr5ZCM5qKx44GV44KM44KL57SN5ZOB5pu46KiY6LyJ44Gu5Ye66I235pel5LuY44GL44KJMeW5tOmWk+OBruS/neiovOOBqOOBquOCiuOBvuOBmeOAguS/neiovOOBq+OBpOOBhOOBpuOBr+OAgeijveWTgeS7mOWxnuOBruS/neiovOabuOOBiuOCiOOBs+e0jeWTgeabuOOBjOW/heimgeOBqOOBquOCiuOBvuOBmeOAguOBiuiyt+OBhOS4iuOBkuW+jOOBr+Wkp+WIh+OBq+S/neeuoeOBj+OBoOOBleOBhOOAgjxicj4K44O76Zu75YyW6KO95ZOB44Gv5ZWG5ZOB44Gu54m55oCn5LiK44CB6YCa6Zu75b6M44Gu6L+U5ZOB44O75Lqk5o+b44KS44GK5Y+X44GR44Gn44GN44G+44Gb44KT44CC44G+44Gf44CB5ZWG5ZOB44Gr6Zai44GZ44KL5oqA6KGT55qE44Gq44GK5ZWP44GE5ZCI44KP44Gb44Gv44CB44Oh44O844Kr44O844Gu44GK5a6i5qeY44K744Oz44K/44O844G455u05o6l44GK5ZWP44GE5ZCI44KP44Gb44GP44Gg44GV44GE44CCCjxicj48YnI+PGJyPjxicj4KPCEtLSDms6jmlofpgJ/loLEgLS0+CjxkaXYgaWQ9Im5ldy1hcnJpdmFsIj4KCjwvZGl2Pgo8IS0tIC/ms6jmlofpgJ/loLEgLS0+Cjxicj48YnI+CjwhLS0gZ2RvIOOBiuOBmeOBmeOCgeWVhuWTgSAtLT4KCjwhLS0gL2dkbyDjgYrjgZnjgZnjgoHllYblk4EgLS0+Cjxicj48YnI+,44OG44O844Op44O844Oh44Kk44OJ44CAVGF5bG9yIE1hZGXjgIDjgqbjgqnjg7zjg6Djg5/jg4jjg7Mg5Lih5omL55SoIENDSzk577yaR0RP44K044Or44OV44K344On44OD44OXIOalveWkqeW4guWgtOW6lw==,R0RP44K044Or44OV44OA44Kk44K444Kn44K544OI44O744Kq44Oz44Op44Kk44Oz44OJ44Op44Kk44OQ44O844OV44Kn44Ki44Km44Kn44Kk44Km44OD44OJ44Om44O844OG44Kj44Oq44OG44Kj44Ki44Kk44Ki44Oz44K744OD44OI44Km44Kn44OD44K444OR44K/44O844K044Or44OV44Oc44O844Or44K044Or44OV44Km44Kn44Ki44K044Or44OV44OQ44OD44Kw44K044Or44OV44K344Ol44O844K644OG44O844Op44O844Oh44Kk44OJ44CAVGF5bG9yIE1hZGXjgIDjgqbjgqnjg7zjg6Djg5/jg4jjg7Mg5Lih5omL55SoIENDSzk5,MTPmmYLjgb7jgafjgafjgYLjgZnmpb3lr77lv5zjgILjg4bjg7zjg6njg7zjg6HjgqTjg4njgIBUYXlsb3IgTWFkZeOAgOOCpuOCqeODvOODoOODn+ODiOODsyDkuKHmiYvnlKggQ0NLOTk=[rn]
25-79805,aHR0cDovL3RzaG9wLnIxMHMuanAvZ2Rvc2hvcC9jYWJpbmV0LzQ0My8wMDAwNDk3NDQzXzEuanBnP2ZpdGluPTcwMDo3MDA=,MTAxOS4yMDAw,,44K544Od44O844OE44O744Ki44Km44OI44OJ44KiID4g44K044Or44OVID4g44Kw44Ot44O844OW,44Of44K644OO44CATUlaVU5P44CA44Kz44Oz44OV44Kj44Kw44Oq44OD44OXIOOCsOODreODvOODliA1TUpNTDYwMlvjgrTjg6vjg5XnlKjlk4Eg44K044Or44OV44Kw44Ot44O844OWIGdvbGYg44Oh44Oz44K6IOODn+OCuuODjuOCtOODq+ODlSDjgrTjg6vjg5XnlKjmiYvooosg44K044Or44OV5omL6KKLIOOCouOCr+OCu+OCteODquODvCBnZG8g44K044Or44OVXQ==,MTPmmYLjgb7jgafjgafjgYLjgZnmpb3lr77lv5w=,PGJyPjxkaXYgY2xhc3M9InByb2R1Y3QtZGV0YWlsIj48ZGl2IGNsYXNzPSJwcm9kdWN0LWRldGFpbC1oZWFkZXIiPjxkaXYgY2xhc3M9InByb2R1Y3QtZGV0YWlsLXRpdGxlIj48cD48c3BhbiBjbGFzcz0icHJvZHVjdC1kZXRhaWwtdGl0bGUtdGV4dCI+44Kz44Oz44OV44Kj44Kw44Oq44OD44OXIOOCsOODreODvOODliA1TUpNTDYwMjwvc3Bhbj48YnI+PHNwYW4gY2xhc3M9InByb2R1Y3QtZGV0YWlsLXN1YnRpdGxlLXRleHQiPuODn+OCuuODjiAvIE1JWlVOTzwvc3Bhbj48L3A+PC9kaXY+PC9kaXY+PGRpdiBjbGFzcz0icHJvZHVjdC1kZXRhaWwtY29udGVudCI+PHAgY2xhc3M9InByb2R1Y3QtZGV0YWlsLWhlYWQiPuWVhuWTgeOBrueJueW+tDwvcD48cD7lv4PlnLDjgojjgYTjg5XjgqPjg4Pjg4jmhJ/jgajlhKrjgozjgZ/jgrDjg6rjg4Pjg5flipvjga7jgrPjg7Pjg5XjgqPjgrDjg6rjg4Pjg5c8YnIgLz7il4/jgrDjg6rjg4Pjg5fmmYLjgavlr4bnnYDlipvjgYzlv4XopoHjgarpg6jliIbjga7miYvjga7lubPlgbTjgavjgIHmsZfjgIHpm6jjgajjgYTjgaPjgZ/msLTliIbjgavlvLfjgY/jgIHmiYvjgavjgoLjgarjgZjjgb/jgoTjgZnjgYTkurrlt6Xnmq7pnanjgpLjgYLjgabjgIHmm7TjgavjgrDjg6rjg4Pjg5fjgajjga7lr4bnnYDmgKfjgpLpq5jjgoHjgovjgIzjgrfjg6rjgrPjg7Pjg5fjg6rjg7Pjg4jliqDlt6XjgI3jgpLmkK3ovIk8YnIgLz7il4/mjIfjg57jg4Hpg6jjgavkvLjnuK7mgKfjgavlhKrjgozjgZ/jg4vjg4Pjg4jntKDmnZDjgpLmjqHnlKjjgZnjgovjgZPjgajjgavjgojjgaPjgabjgIHmiYvjgavjgZfjgaPjgYvjgorjg5XjgqPjg4Pjg4g8L3A+PHRhYmxlIGNsYXNzPSJwcm9kdWN0LWRldGFpbC1zcGVjIj48dHI+PHRoPue0oOadkDwvdGg+PHRkPuaJi+OBruW5s+WBtO+8muWQiOaIkOearumdqeOAgeOCt+ODquOCs+ODs+ODl+ODquODs+ODiOWKoOW3pe+8j+aJi+OBrueUsuWBtO+8muWQiOaIkOearumdqTwvdGQ+PC90cj48dHI+PHRoPuOCteOCpOOCuuODkOODquOCqOODvOOCt+ODp+ODszwvdGg+PHRkPjIxLTI2Y208L3RkPjwvdHI+PHRyPjx0aD7lr77osaE8L3RoPjx0ZD7jg6Hjg7Pjgro8L3RkPjwvdHI+PHRyPjx0aD7oo73pgKDlm708L3RoPjx0ZD7jgqTjg7Pjg4njg43jgrfjgqI8L3RkPjwvdHI+PC90YWJsZT48L2Rpdj48L2Rpdj48ZGl2IGNsYXNzPSJwcm9kdWN0LWRldGFpbC1ib3R0b20iPjwvZGl2PjxzdHlsZSB0eXBlPSJ0ZXh0L2NzcyI+CjwhLS0KCmRpdiNIZWFkZXJLZXl3b3JkIHsKCXBvc2l0aW9uOmFic29sdXRlOwoJdG9wOjYwcHg7LyrkuIDnlarkuIrjgYvjgonjga7kvY3nva4qLwoJbGVmdDozMHB4Oy8q5bem56uv44GL44KJ44Gu5L2N572uKi8KfQoKZGl2I0hlYWRlcktleXdvcmQgc3BhbiB7CgliYWNrZ3JvdW5kOiAjYmYwMDAwOwoJY29sb3I6I2ZmZjsKCWZvbnQtd2VpZ2h0OmJvbGQ7CglwYWRkaW5nOjJweCA1cHg7Cn0KCmRpdiNIZWFkZXJLZXl3b3JkIGEgewoJY29sb3I6IzAwNDRDQzsKfQoKdGQuaW52ZW50b3J5IGZvbnR7Cglmb250LXNpemU6MTBweDsKCWNvbG9yOiM2NjY2NjY7Cn0KCnRkLmludmVudG9yeXsKCXdvcmQtd3JhcDpicmVhay13b3JkOwoJd2lkdGg6MTAwcHg7Cn0KCgotLT4KCjwvc3R5bGU+CgoKCjxkaXYgaWQ9IkhlYWRlcktleXdvcmQiPgo8c3Bhbj7ms6jnm67jga7jgq3jg7zjg6/jg7zjg4k8L3NwYW4+CuODl+ODvOODngrjg6vjgrPjg4Pjgq8K44OK44Kk44KtCuOCouODieODn+ODqeODqwrjg57jg7Pjgrfjg7PjgrDjgqbjgqfjgqLjgIAKPC9kaXY+CgrvvJzvvJzms6jmhI/kuovpoIXvvJ7vvJ48YnI+PGJyPgo8Yj7jgrDjg63jg7zjg5Y8L2I+PGJyPgrjg7vllYblk4HlkI3jgavjg6zjg5Xjg4bjgqPjga7oqJjovInjgYzjgYLjgovllYblk4Hjga/lt6bnlKjjgajjgarjgorjgb7jgZnjgYzjgIHjg6zjg5Xjg4bjgqPllYblk4HjgoLlj7PnlKjjga7nlLvlg4/jgpLmjrLovInjgZfjgabjgYTjgovloLTlkIjjgYzjgYLjgorjgb7jgZnjgII8YnI+PGJyPgo8Yj7ot53pm6LmuKzlrprlmajjga7kv53oqLzmnJ/plpM8L2I+PGJyPgrjg7vllYblk4HjgavlkIzmorHjgZXjgozjgovntI3lk4Hmm7joqJjovInjga7lh7rojbfml6Xku5jjgYvjgokx5bm06ZaT44Gu5L+d6Ki844Go44Gq44KK44G+44GZ44CC5L+d6Ki844Gr44Gk44GE44Gm44Gv44CB6KO95ZOB5LuY5bGe44Gu5L+d6Ki85pu444GK44KI44Gz57SN5ZOB5pu444GM5b+F6KaB44Go44Gq44KK44G+44GZ44CC44GK6LK344GE5LiK44GS5b6M44Gv5aSn5YiH44Gr5L+d566h44GP44Gg44GV44GE44CCPGJyPgrjg7vpm7vljJboo73lk4Hjga/llYblk4Hjga7nibnmgKfkuIrjgIHpgJrpm7vlvozjga7ov5Tlk4Hjg7vkuqTmj5vjgpLjgYrlj5fjgZHjgafjgY3jgb7jgZvjgpPjgILjgb7jgZ/jgIHllYblk4HjgavplqLjgZnjgovmioDooZPnmoTjgarjgYrllY/jgYTlkIjjgo/jgZvjga/jgIHjg6Hjg7zjgqvjg7zjga7jgYrlrqLmp5jjgrvjg7Pjgr/jg7zjgbjnm7TmjqXjgYrllY/jgYTlkIjjgo/jgZvjgY/jgaDjgZXjgYTjgIIKPGJyPjxicj48YnI+PGJyPgo8IS0tIOazqOaWh+mAn+WgsSAtLT4KPGRpdiBpZD0ibmV3LWFycml2YWwiPgoKPC9kaXY+CjwhLS0gL+azqOaWh+mAn+WgsSAtLT4KPGJyPjxicj4KPCEtLSBnZG8g44GK44GZ44GZ44KB5ZWG5ZOBIC0tPgoKPCEtLSAvZ2RvIOOBiuOBmeOBmeOCgeWVhuWTgSAtLT4KPGJyPjxicj4=,44Of44K644OO44CATUlaVU5P44CA44Kz44Oz44OV44Kj44Kw44Oq44OD44OXIOOCsOODreODvOODliA1TUpNTDYwMlvjgrTjg6vjg5XnlKjlk4Eg44K044Or44OV44Kw44Ot44O844OWIGdvbGYg44Oh44Oz44K6IOODn+OCuuODjuOCtOODq+ODlSDjgrTjg6vjg5XnlKjmiYvooosg44K044Or44OV5omL6KKLIOOCouOCr+OCu+OCteODquODvCBnZG8g44K044Or44OVXe+8mkdET+OCtOODq+ODleOCt+ODp+ODg+ODlyDmpb3lpKnluILloLTlupc=,R0RP44K044Or44OV44OA44Kk44K444Kn44K544OI44O744Kq44Oz44Op44Kk44Oz44OJ44Op44Kk44OQ44O844OV44Kn44Ki44Km44Kn44Kk44Km44OD44OJ44Om44O844OG44Kj44Oq44OG44Kj44Ki44Kk44Ki44Oz44K744OD44OI44Km44Kn44OD44K444OR44K/44O844K044Or44OV44Oc44O844Or44K044Or44OV44Km44Kn44Ki44K044Or44OV44OQ44OD44Kw44K044Or44OV44K344Ol44O844K644Of44K644OO44CATUlaVU5P44CA44Kz44Oz44OV44Kj44Kw44Oq44OD44OXIOOCsOODreODvOODliA1TUpNTDYwMlvjgrTjg6vjg5XnlKjlk4Eg44K044Or44OV44Kw44Ot44O844OWIGdvbGYg44Oh44Oz44K6IOODn+OCuuODjuOCtOODq+ODlSDjgrTjg6vjg5XnlKjmiYvooosg44K044Or44OV5omL6KKLIOOCouOCr+OCu+OCteODquODvCBnZG8g44K044Or44OVXQ==,MTPmmYLjgb7jgafjgafjgYLjgZnmpb3lr77lv5zjgILjg5/jgrrjg47jgIBNSVpVTk/jgIDjgrPjg7Pjg5XjgqPjgrDjg6rjg4Pjg5cg44Kw44Ot44O844OWIDVNSk1MNjAyW+OCtOODq+ODleeUqOWTgSDjgrTjg6vjg5XjgrDjg63jg7zjg5YgZ29sZiDjg6Hjg7Pjgrog44Of44K644OO44K044Or44OVIOOCtOODq+ODleeUqOaJi+iiiyDjgrTjg6vjg5XmiYvooosg44Ki44Kv44K744K144Oq44O8IGdkbyDjgrTjg6vjg5Vd[rn]
25-79806,aHR0cDovL3RzaG9wLnIxMHMuanAvZ2Rvc2hvcC9jYWJpbmV0LzQzMi8wMDAwNDk5OTMyXzEuanBnP2ZpdGluPTcwMDo3MDA=,MTE3NS4yMDAw,,44K544Od44O844OE44O744Ki44Km44OI44OJ44KiID4g44K044Or44OVID4g44Kw44Ot44O844OW,44Of44K644OO44CATUlaVU5P44CAVy1HUklQIOOCsOODreODvOODliA1TUpXTDY1MeOAgOODrOODh+OCo+OCuVvjgrTjg6vjg5Ug44Kw44Ot44O844OWIOaJi+iii10=,MTPmmYLjgb7jgafjgafjgYLjgZnmpb3lr77lv5w=,PGJyPjxkaXYgY2xhc3M9InByb2R1Y3QtZGV0YWlsIj48ZGl2IGNsYXNzPSJwcm9kdWN0LWRldGFpbC1oZWFkZXIiPjxkaXYgY2xhc3M9InByb2R1Y3QtZGV0YWlsLXRpdGxlIj48cD48c3BhbiBjbGFzcz0icHJvZHVjdC1kZXRhaWwtdGl0bGUtdGV4dCI+Vy1HUklQIOOCsOODreODvOODliA1TUpXTDY1MTwvc3Bhbj48YnI+PHNwYW4gY2xhc3M9InByb2R1Y3QtZGV0YWlsLXN1YnRpdGxlLXRleHQiPuODn+OCuuODjiAvIE1JWlVOTzwvc3Bhbj48L3A+PC9kaXY+PC9kaXY+PGRpdiBjbGFzcz0icHJvZHVjdC1kZXRhaWwtY29udGVudCI+PHAgY2xhc3M9InByb2R1Y3QtZGV0YWlsLWhlYWQiPuWVhuWTgeOBrueJueW+tDwvcD48cD7il4/lubPlgbTntKDmnZDjgavjga/jgIHmsZfjgIHpm6jjgavlvLfjgY/jgIHmiYvjgavjgarjgZjjgoDkurrlt6Xnmq7pnanjgavjgIHjgrDjg6rjg4Pjg5fjgajjga7lr4bnnYDmgKfjgpLpq5jjgoHjgovjgIzjgrfjg6rjgrPjg7Pjg5fjg6rjg7Pjg4jliqDlt6XjgI3jgpLmkK3ovIk8YnIgLz7il4/jgrDjg6rjg4Pjg5fmmYLjgavlkIjjgo/jgZvjgIHjgrfjg6rjgrPjg7Pjg5fjg6rjg7Pjg4jjg5Hjgr/jg7zjg7PjgpLmlpzjgoHjgavjgZnjgovkuovjgafjgIHjgrDjg6rjg4Pjg5flipvjgYzliY3kvZzjgojjgorjgoLlkJHkuIo8YnIgLz7il4/miYvooovjga7lhoXlgbTjgavmiYvjga7lubPjgajjga7lr4bnnYDjgpLpq5jjgoHjgovjg4Djg5bjg6vjgqTjg7Pjg4rjg7zjgrDjg6rjg4Pjg5fjgpLmkK3ovIk8YnIgLz7il4/nlLLpg6jliIbjgavkvLjnuK7ntKDmnZDjgpLmjqHnlKjjgZfjgIHmiYvjga7li5XjgY3jgavjgbTjgaPjgZ/jgorjgajjg5XjgqPjg4Pjg4jjgZnjgoszROOCueODiOODrOODg+ODgeOCkuaQrei8iTxiciAvPuKXj+Wls+aAp+OCieOBl+OBleOCkua8lOWHuuOBmeOCi+OBn+OCgeOBq+ODqeOCpOODs+OCueODiOODvOODs+S7mOOBjTwvcD48dGFibGUgY2xhc3M9InByb2R1Y3QtZGV0YWlsLXNwZWMiPjx0cj48dGg+57Sg5p2QPC90aD48dGQ+5bmz5YG077ya5Lq65bel55qu6Z2p44CB44K344Oq44Kz44Oz44OX44Oq44Oz44OI77yP55Sy5YG077ya5ZCI5oiQ55qu6Z2pPC90ZD48L3RyPjx0cj48dGg+44K144Kk44K644OQ44Oq44Ko44O844K344On44OzPC90aD48dGQ+MTgtMjFjbTwvdGQ+PC90cj48dHI+PHRoPuWvvuixoTwvdGg+PHRkPuODrOODh+OCo+OCuTwvdGQ+PC90cj48dHI+PHRoPuijvemAoOWbvTwvdGg+PHRkPuOCpOODs+ODieODjeOCt+OCojwvdGQ+PC90cj48L3RhYmxlPjwvZGl2PjwvZGl2PjxkaXYgY2xhc3M9InByb2R1Y3QtZGV0YWlsLWJvdHRvbSI+PC9kaXY+PGRpdiBjbGFzcz0icHJvZHVjdC1kZXRhaWwtY29udGVudCI+PHA+Zml2ZWRheXMgZml2ZWRheXNxPC9wPjwvZGl2PjxzdHlsZSB0eXBlPSJ0ZXh0L2NzcyI+CjwhLS0KCmRpdiNIZWFkZXJLZXl3b3JkIHsKCXBvc2l0aW9uOmFic29sdXRlOwoJdG9wOjYwcHg7LyrkuIDnlarkuIrjgYvjgonjga7kvY3nva4qLwoJbGVmdDozMHB4Oy8q5bem56uv44GL44KJ44Gu5L2N572uKi8KfQoKZGl2I0hlYWRlcktleXdvcmQgc3BhbiB7CgliYWNrZ3JvdW5kOiAjYmYwMDAwOwoJY29sb3I6I2ZmZjsKCWZvbnQtd2VpZ2h0OmJvbGQ7CglwYWRkaW5nOjJweCA1cHg7Cn0KCmRpdiNIZWFkZXJLZXl3b3JkIGEgewoJY29sb3I6IzAwNDRDQzsKfQoKdGQuaW52ZW50b3J5IGZvbnR7Cglmb250LXNpemU6MTBweDsKCWNvbG9yOiM2NjY2NjY7Cn0KCnRkLmludmVudG9yeXsKCXdvcmQtd3JhcDpicmVhay13b3JkOwoJd2lkdGg6MTAwcHg7Cn0KCgotLT4KCjwvc3R5bGU+CgoKCjxkaXYgaWQ9IkhlYWRlcktleXdvcmQiPgo8c3Bhbj7ms6jnm67jga7jgq3jg7zjg6/jg7zjg4k8L3NwYW4+CuODl+ODvOODngrjg6vjgrPjg4Pjgq8K44OK44Kk44KtCuOCouODieODn+ODqeODqwrjg57jg7Pjgrfjg7PjgrDjgqbjgqfjgqLjgIAKPC9kaXY+CgrvvJzvvJzms6jmhI/kuovpoIXvvJ7vvJ48YnI+PGJyPgo8Yj7jgrDjg63jg7zjg5Y8L2I+PGJyPgrjg7vllYblk4HlkI3jgavjg6zjg5Xjg4bjgqPjga7oqJjovInjgYzjgYLjgovllYblk4Hjga/lt6bnlKjjgajjgarjgorjgb7jgZnjgYzjgIHjg6zjg5Xjg4bjgqPllYblk4HjgoLlj7PnlKjjga7nlLvlg4/jgpLmjrLovInjgZfjgabjgYTjgovloLTlkIjjgYzjgYLjgorjgb7jgZnjgII8YnI+PGJyPgo8Yj7ot53pm6LmuKzlrprlmajjga7kv53oqLzmnJ/plpM8L2I+PGJyPgrjg7vllYblk4HjgavlkIzmorHjgZXjgozjgovntI3lk4Hmm7joqJjovInjga7lh7rojbfml6Xku5jjgYvjgokx5bm06ZaT44Gu5L+d6Ki844Go44Gq44KK44G+44GZ44CC5L+d6Ki844Gr44Gk44GE44Gm44Gv44CB6KO95ZOB5LuY5bGe44Gu5L+d6Ki85pu444GK44KI44Gz57SN5ZOB5pu444GM5b+F6KaB44Go44Gq44KK44G+44GZ44CC44GK6LK344GE5LiK44GS5b6M44Gv5aSn5YiH44Gr5L+d566h44GP44Gg44GV44GE44CCPGJyPgrjg7vpm7vljJboo73lk4Hjga/llYblk4Hjga7nibnmgKfkuIrjgIHpgJrpm7vlvozjga7ov5Tlk4Hjg7vkuqTmj5vjgpLjgYrlj5fjgZHjgafjgY3jgb7jgZvjgpPjgILjgb7jgZ/jgIHllYblk4HjgavplqLjgZnjgovmioDooZPnmoTjgarjgYrllY/jgYTlkIjjgo/jgZvjga/jgIHjg6Hjg7zjgqvjg7zjga7jgYrlrqLmp5jjgrvjg7Pjgr/jg7zjgbjnm7TmjqXjgYrllY/jgYTlkIjjgo/jgZvjgY/jgaDjgZXjgYTjgIIKPGJyPjxicj48YnI+PGJyPgo8IS0tIOazqOaWh+mAn+WgsSAtLT4KPGRpdiBpZD0ibmV3LWFycml2YWwiPgoKPC9kaXY+CjwhLS0gL+azqOaWh+mAn+WgsSAtLT4KPGJyPjxicj4KPCEtLSBnZG8g44GK44GZ44GZ44KB5ZWG5ZOBIC0tPgoKPCEtLSAvZ2RvIOOBiuOBmeOBmeOCgeWVhuWTgSAtLT4KPGJyPjxicj4=,44Of44K644OO44CATUlaVU5P44CAVy1HUklQIOOCsOODreODvOODliA1TUpXTDY1MeOAgOODrOODh+OCo+OCuVvjgrTjg6vjg5Ug44Kw44Ot44O844OWIOaJi+iii13vvJpHRE/jgrTjg6vjg5Xjgrfjg6fjg4Pjg5cg5qW95aSp5biC5aC05bqX,R0RP44K044Or44OV44OA44Kk44K444Kn44K544OI44O744Kq44Oz44Op44Kk44Oz44OJ44Op44Kk44OQ44O844OV44Kn44Ki44Km44Kn44Kk44Km44OD44OJ44Om44O844OG44Kj44Oq44OG44Kj44Ki44Kk44Ki44Oz44K744OD44OI44Km44Kn44OD44K444OR44K/44O844K044Or44OV44Oc44O844Or44K044Or44OV44Km44Kn44Ki44K044Or44OV44OQ44OD44Kw44K044Or44OV44K344Ol44O844K644Of44K644OO44CATUlaVU5P44CAVy1HUklQIOOCsOODreODvOODliA1TUpXTDY1MeOAgOODrOODh+OCo+OCuVvjgrTjg6vjg5Ug44Kw44Ot44O844OWIOaJi+iii10=,MTPmmYLjgb7jgafjgafjgYLjgZnmpb3lr77lv5zjgILjg5/jgrrjg47jgIBNSVpVTk/jgIBXLUdSSVAg44Kw44Ot44O844OWIDVNSldMNjUx44CA44Os44OH44Kj44K5W+OCtOODq+ODlSDjgrDjg63jg7zjg5Yg5omL6KKLXQ==[rn]
25-79807,aHR0cDovL3RzaG9wLnIxMHMuanAvZ2Rvc2hvcC9jYWJpbmV0LzE4Ny8wMDAwNDgwMTg3XzEuanBnP2ZpdGluPTcwMDo3MDA=,MTEzODMuMjAwMA==,,44K544Od44O844OE44O744Ki44Km44OI44OJ44KiID4g44K044Or44OVID4g44Kw44Ot44O844OW,44Gd44Gu5LuW44Oh44O844Kr44O844CA44Gd44Gu5LuW44CA44Kw44Ot44O844OWIDXmnprjgrvjg4Pjg4hb44K044Or44OV55So5ZOBIOOCtOODq+ODleOCsOODreODvOODliBnb2xmIOODoeODs+OCuiDjgrTjg6vjg5XnlKjmiYvooosg44K044Or44OV5omL6KKLIOOCouOCr+OCu+OCteODquODvCBnZG8g44K044Or44OVXQ==,MTPmmYLjgb7jgafjgafjgYLjgZnmpb3lr77lv5w=,PGJyPjxkaXYgY2xhc3M9InByb2R1Y3QtZGV0YWlsIj48ZGl2IGNsYXNzPSJwcm9kdWN0LWRldGFpbC1oZWFkZXIiPjxkaXYgY2xhc3M9InByb2R1Y3QtZGV0YWlsLXRpdGxlIj48cD48c3BhbiBjbGFzcz0icHJvZHVjdC1kZXRhaWwtdGl0bGUtdGV4dCI+44Kw44Ot44O844OWIDXmnprjgrvjg4Pjg4g8L3NwYW4+PGJyPjxzcGFuIGNsYXNzPSJwcm9kdWN0LWRldGFpbC1zdWJ0aXRsZS10ZXh0Ij7jgZ3jga7ku5bjg6Hjg7zjgqvjg7wgLyDjgZ3jga7ku5Y8L3NwYW4+PC9wPjwvZGl2PjwvZGl2PjxkaXYgY2xhc3M9InByb2R1Y3QtZGV0YWlsLWNvbnRlbnQiPjx0YWJsZSBjbGFzcz0icHJvZHVjdC1kZXRhaWwtc3BlYyI+PHRyPjx0aD7ntKDmnZA8L3RoPjx0ZD7nvorpnak8L3RkPjwvdHI+PHRyPjx0aD7jgrXjgqTjgrrjg5Djg6rjgqjjg7zjgrfjg6fjg7M8L3RoPjx0ZD4yMS0yNmNtPC90ZD48L3RyPjx0cj48dGg+5a++6LGhPC90aD48dGQ+44Oh44Oz44K6PC90ZD48L3RyPjx0cj48dGg+6KO96YCg5Zu9PC90aD48dGQ+5Lit5Zu9PC90ZD48L3RyPjx0cj48dGg+44K744OD44OI5YaF5a65PC90aD48dGQ+NeaemuOCu+ODg+ODiDwvdGQ+PC90cj48L3RhYmxlPjwvZGl2PjwvZGl2PjxkaXYgY2xhc3M9InByb2R1Y3QtZGV0YWlsLWJvdHRvbSI+PC9kaXY+PGRpdiBjbGFzcz0icHJvZHVjdC1kZXRhaWwtY29udGVudCI+PHA+44K744OD44OI5ZOBPC9wPjwvZGl2PjxzdHlsZSB0eXBlPSJ0ZXh0L2NzcyI+CjwhLS0KCmRpdiNIZWFkZXJLZXl3b3JkIHsKCXBvc2l0aW9uOmFic29sdXRlOwoJdG9wOjYwcHg7LyrkuIDnlarkuIrjgYvjgonjga7kvY3nva4qLwoJbGVmdDozMHB4Oy8q5bem56uv44GL44KJ44Gu5L2N572uKi8KfQoKZGl2I0hlYWRlcktleXdvcmQgc3BhbiB7CgliYWNrZ3JvdW5kOiAjYmYwMDAwOwoJY29sb3I6I2ZmZjsKCWZvbnQtd2VpZ2h0OmJvbGQ7CglwYWRkaW5nOjJweCA1cHg7Cn0KCmRpdiNIZWFkZXJLZXl3b3JkIGEgewoJY29sb3I6IzAwNDRDQzsKfQoKdGQuaW52ZW50b3J5IGZvbnR7Cglmb250LXNpemU6MTBweDsKCWNvbG9yOiM2NjY2NjY7Cn0KCnRkLmludmVudG9yeXsKCXdvcmQtd3JhcDpicmVhay13b3JkOwoJd2lkdGg6MTAwcHg7Cn0KCgotLT4KCjwvc3R5bGU+CgoKCjxkaXYgaWQ9IkhlYWRlcktleXdvcmQiPgo8c3Bhbj7ms6jnm67jga7jgq3jg7zjg6/jg7zjg4k8L3NwYW4+CuODl+ODvOODngrjg6vjgrPjg4Pjgq8K44OK44Kk44KtCuOCouODieODn+ODqeODqwrjg57jg7Pjgrfjg7PjgrDjgqbjgqfjgqLjgIAKPC9kaXY+CgrvvJzvvJzms6jmhI/kuovpoIXvvJ7vvJ48YnI+PGJyPgo8Yj7jgrDjg63jg7zjg5Y8L2I+PGJyPgrjg7vllYblk4HlkI3jgavjg6zjg5Xjg4bjgqPjga7oqJjovInjgYzjgYLjgovllYblk4Hjga/lt6bnlKjjgajjgarjgorjgb7jgZnjgYzjgIHjg6zjg5Xjg4bjgqPllYblk4HjgoLlj7PnlKjjga7nlLvlg4/jgpLmjrLovInjgZfjgabjgYTjgovloLTlkIjjgYzjgYLjgorjgb7jgZnjgII8YnI+PGJyPgo8Yj7ot53pm6LmuKzlrprlmajjga7kv53oqLzmnJ/plpM8L2I+PGJyPgrjg7vllYblk4HjgavlkIzmorHjgZXjgozjgovntI3lk4Hmm7joqJjovInjga7lh7rojbfml6Xku5jjgYvjgokx5bm06ZaT44Gu5L+d6Ki844Go44Gq44KK44G+44GZ44CC5L+d6Ki844Gr44Gk44GE44Gm44Gv44CB6KO95ZOB5LuY5bGe44Gu5L+d6Ki85pu444GK44KI44Gz57SN5ZOB5pu444GM5b+F6KaB44Go44Gq44KK44G+44GZ44CC44GK6LK344GE5LiK44GS5b6M44Gv5aSn5YiH44Gr5L+d566h44GP44Gg44GV44GE44CCPGJyPgrjg7vpm7vljJboo73lk4Hjga/llYblk4Hjga7nibnmgKfkuIrjgIHpgJrpm7vlvozjga7ov5Tlk4Hjg7vkuqTmj5vjgpLjgYrlj5fjgZHjgafjgY3jgb7jgZvjgpPjgILjgb7jgZ/jgIHllYblk4HjgavplqLjgZnjgovmioDooZPnmoTjgarjgYrllY/jgYTlkIjjgo/jgZvjga/jgIHjg6Hjg7zjgqvjg7zjga7jgYrlrqLmp5jjgrvjg7Pjgr/jg7zjgbjnm7TmjqXjgYrllY/jgYTlkIjjgo/jgZvjgY/jgaDjgZXjgYTjgIIKPGJyPjxicj48YnI+PGJyPgo8IS0tIOazqOaWh+mAn+WgsSAtLT4KPGRpdiBpZD0ibmV3LWFycml2YWwiPgoKPC9kaXY+CjwhLS0gL+azqOaWh+mAn+WgsSAtLT4KPGJyPjxicj4KPCEtLSBnZG8g44GK44GZ44GZ44KB5ZWG5ZOBIC0tPgoKPCEtLSAvZ2RvIOOBiuOBmeOBmeOCgeWVhuWTgSAtLT4KPGJyPjxicj4=,44Gd44Gu5LuW44Oh44O844Kr44O844CA44Gd44Gu5LuW44CA44Kw44Ot44O844OWIDXmnprjgrvjg4Pjg4hb44K044Or44OV55So5ZOBIOOCtOODq+ODleOCsOODreODvOODliBnb2xmIOODoeODs+OCuiDjgrTjg6vjg5XnlKjmiYvooosg44K044Or44OV5omL6KKLIOOCouOCr+OCu+OCteODquODvCBnZG8g44K044Or44OVXe+8mkdET+OCtOODq+ODleOCt+ODp+ODg+ODlyDmpb3lpKnluILloLTlupc=,R0RP44K044Or44OV44OA44Kk44K444Kn44K544OI44O744Kq44Oz44Op44Kk44Oz44OJ44Op44Kk44OQ44O844OV44Kn44Ki44Km44Kn44Kk44Km44OD44OJ44Om44O844OG44Kj44Oq44OG44Kj44Ki44Kk44Ki44Oz44K744OD44OI44Km44Kn44OD44K444OR44K/44O844K044Or44OV44Oc44O844Or44K044Or44OV44Km44Kn44Ki44K044Or44OV44OQ44OD44Kw44K044Or44OV44K344Ol44O844K644Gd44Gu5LuW44Oh44O844Kr44O844CA44Gd44Gu5LuW44CA44Kw44Ot44O844OWIDXmnprjgrvjg4Pjg4hb44K044Or44OV55So5ZOBIOOCtOODq+ODleOCsOODreODvOODliBnb2xmIOODoeODs+OCuiDjgrTjg6vjg5XnlKjmiYvooosg44K044Or44OV5omL6KKLIOOCouOCr+OCu+OCteODquODvCBnZG8g44K044Or44OVXQ==,MTPmmYLjgb7jgafjgafjgYLjgZnmpb3lr77lv5zjgILjgZ3jga7ku5bjg6Hjg7zjgqvjg7zjgIDjgZ3jga7ku5bjgIDjgrDjg63jg7zjg5YgNeaemuOCu+ODg+ODiFvjgrTjg6vjg5XnlKjlk4Eg44K044Or44OV44Kw44Ot44O844OWIGdvbGYg44Oh44Oz44K6IOOCtOODq+ODleeUqOaJi+iiiyDjgrTjg6vjg5XmiYvooosg44Ki44Kv44K744K144Oq44O8IGdkbyDjgrTjg6vjg5Vd[rn]
25-79808,aHR0cDovL3RzaG9wLnIxMHMuanAvZ2Rvc2hvcC9jYWJpbmV0LzMwMC8wMDAwNDk0MzAwXzEuanBnP2ZpdGluPTcwMDo3MDA=,MjE2MC4wMDAw,,44K544Od44O844OE44O744Ki44Km44OI44OJ44KiID4g44K044Or44OVID4g44Kw44Ot44O844OW,44Ki44Oz44OA44O844Ki44O844Oe44O844CAVW5kZXIgQXJtb3Vy44CA44Kk44O844Kw44OrIOOCsOODreODvOODlklJSVvjgrTjg6vjg5Ug44Kw44Ot44O844OWIOaJi+iii10=,MTPmmYLjgb7jgafjgafjgYLjgZnmpb3lr77lv5w=,PGJyPjxkaXYgY2xhc3M9InByb2R1Y3QtZGV0YWlsIj48ZGl2IGNsYXNzPSJwcm9kdWN0LWRldGFpbC1oZWFkZXIiPjxkaXYgY2xhc3M9InByb2R1Y3QtZGV0YWlsLXRpdGxlIj48cD48c3BhbiBjbGFzcz0icHJvZHVjdC1kZXRhaWwtdGl0bGUtdGV4dCI+44Kk44O844Kw44OrIOOCsOODreODvOODlklJSTwvc3Bhbj48YnI+PHNwYW4gY2xhc3M9InByb2R1Y3QtZGV0YWlsLXN1YnRpdGxlLXRleHQiPuOCouODs+ODgOODvOOCouODvOODnuODvCAvIFVuZGVyIEFybW91cjwvc3Bhbj48L3A+PC9kaXY+PC9kaXY+PGRpdiBjbGFzcz0icHJvZHVjdC1kZXRhaWwtY29udGVudCI+PHAgY2xhc3M9InByb2R1Y3QtZGV0YWlsLWhlYWQiPuWVhuWTgeOBrueJueW+tDwvcD48cD7jgrDjg6rjg4Pjg5fjgIHjg5XjgqPjg4Pjg4jmgKfjgavlhKrjgozjgZ/jg6Ljg4fjg6s8L3A+PHRhYmxlIGNsYXNzPSJwcm9kdWN0LWRldGFpbC1zcGVjIj48dHI+PHRoPue0oOadkDwvdGg+PHRkPuODneODquOCqOOCueODhuODq+OAgeODneODquOCpuODrOOCv+ODszwvdGQ+PC90cj48dHI+PHRoPuOCteOCpOOCuuODkOODquOCqOODvOOCt+ODp+ODszwvdGg+PHRkPjIxLTI2Y208L3RkPjwvdHI+PHRyPjx0aD7lr77osaE8L3RoPjx0ZD7jg6Hjg7Pjgro8L3RkPjwvdHI+PHRyPjx0aD7oo73pgKDlm708L3RoPjx0ZD7jgqTjg7Pjg4njg43jgrfjgqI8L3RkPjwvdHI+PC90YWJsZT48L2Rpdj48L2Rpdj48ZGl2IGNsYXNzPSJwcm9kdWN0LWRldGFpbC1ib3R0b20iPjwvZGl2PjxzdHlsZSB0eXBlPSJ0ZXh0L2NzcyI+CjwhLS0KCmRpdiNIZWFkZXJLZXl3b3JkIHsKCXBvc2l0aW9uOmFic29sdXRlOwoJdG9wOjYwcHg7LyrkuIDnlarkuIrjgYvjgonjga7kvY3nva4qLwoJbGVmdDozMHB4Oy8q5bem56uv44GL44KJ44Gu5L2N572uKi8KfQoKZGl2I0hlYWRlcktleXdvcmQgc3BhbiB7CgliYWNrZ3JvdW5kOiAjYmYwMDAwOwoJY29sb3I6I2ZmZjsKCWZvbnQtd2VpZ2h0OmJvbGQ7CglwYWRkaW5nOjJweCA1cHg7Cn0KCmRpdiNIZWFkZXJLZXl3b3JkIGEgewoJY29sb3I6IzAwNDRDQzsKfQoKdGQuaW52ZW50b3J5IGZvbnR7Cglmb250LXNpemU6MTBweDsKCWNvbG9yOiM2NjY2NjY7Cn0KCnRkLmludmVudG9yeXsKCXdvcmQtd3JhcDpicmVhay13b3JkOwoJd2lkdGg6MTAwcHg7Cn0KCgotLT4KCjwvc3R5bGU+CgoKCjxkaXYgaWQ9IkhlYWRlcktleXdvcmQiPgo8c3Bhbj7ms6jnm67jga7jgq3jg7zjg6/jg7zjg4k8L3NwYW4+CuODl+ODvOODngrjg6vjgrPjg4Pjgq8K44OK44Kk44KtCuOCouODieODn+ODqeODqwrjg57jg7Pjgrfjg7PjgrDjgqbjgqfjgqLjgIAKPC9kaXY+CgrvvJzvvJzms6jmhI/kuovpoIXvvJ7vvJ48YnI+PGJyPgo8Yj7jgrDjg63jg7zjg5Y8L2I+PGJyPgrjg7vllYblk4HlkI3jgavjg6zjg5Xjg4bjgqPjga7oqJjovInjgYzjgYLjgovllYblk4Hjga/lt6bnlKjjgajjgarjgorjgb7jgZnjgYzjgIHjg6zjg5Xjg4bjgqPllYblk4HjgoLlj7PnlKjjga7nlLvlg4/jgpLmjrLovInjgZfjgabjgYTjgovloLTlkIjjgYzjgYLjgorjgb7jgZnjgII8YnI+PGJyPgo8Yj7ot53pm6LmuKzlrprlmajjga7kv53oqLzmnJ/plpM8L2I+PGJyPgrjg7vllYblk4HjgavlkIzmorHjgZXjgozjgovntI3lk4Hmm7joqJjovInjga7lh7rojbfml6Xku5jjgYvjgokx5bm06ZaT44Gu5L+d6Ki844Go44Gq44KK44G+44GZ44CC5L+d6Ki844Gr44Gk44GE44Gm44Gv44CB6KO95ZOB5LuY5bGe44Gu5L+d6Ki85pu444GK44KI44Gz57SN5ZOB5pu444GM5b+F6KaB44Go44Gq44KK44G+44GZ44CC44GK6LK344GE5LiK44GS5b6M44Gv5aSn5YiH44Gr5L+d566h44GP44Gg44GV44GE44CCPGJyPgrjg7vpm7vljJboo73lk4Hjga/llYblk4Hjga7nibnmgKfkuIrjgIHpgJrpm7vlvozjga7ov5Tlk4Hjg7vkuqTmj5vjgpLjgYrlj5fjgZHjgafjgY3jgb7jgZvjgpPjgILjgb7jgZ/jgIHllYblk4HjgavplqLjgZnjgovmioDooZPnmoTjgarjgYrllY/jgYTlkIjjgo/jgZvjga/jgIHjg6Hjg7zjgqvjg7zjga7jgYrlrqLmp5jjgrvjg7Pjgr/jg7zjgbjnm7TmjqXjgYrllY/jgYTlkIjjgo/jgZvjgY/jgaDjgZXjgYTjgIIKPGJyPjxicj48YnI+PGJyPgo8IS0tIOazqOaWh+mAn+WgsSAtLT4KPGRpdiBpZD0ibmV3LWFycml2YWwiPgoKPC9kaXY+CjwhLS0gL+azqOaWh+mAn+WgsSAtLT4KPGJyPjxicj4KPCEtLSBnZG8g44GK44GZ44GZ44KB5ZWG5ZOBIC0tPgoKPCEtLSAvZ2RvIOOBiuOBmeOBmeOCgeWVhuWTgSAtLT4KPGJyPjxicj4=,44Ki44Oz44OA44O844Ki44O844Oe44O844CAVW5kZXIgQXJtb3Vy44CA44Kk44O844Kw44OrIOOCsOODreODvOODlklJSVvjgrTjg6vjg5Ug44Kw44Ot44O844OWIOaJi+iii13vvJpHRE/jgrTjg6vjg5Xjgrfjg6fjg4Pjg5cg5qW95aSp5biC5aC05bqX,R0RP44K044Or44OV44OA44Kk44K444Kn44K544OI44O744Kq44Oz44Op44Kk44Oz44OJ44Op44Kk44OQ44O844OV44Kn44Ki44Km44Kn44Kk44Km44OD44OJ44Om44O844OG44Kj44Oq44OG44Kj44Ki44Kk44Ki44Oz44K744OD44OI44Km44Kn44OD44K444OR44K/44O844K044Or44OV44Oc44O844Or44K044Or44OV44Km44Kn44Ki44K044Or44OV44OQ44OD44Kw44K044Or44OV44K344Ol44O844K644Ki44Oz44OA44O844Ki44O844Oe44O844CAVW5kZXIgQXJtb3Vy44CA44Kk44O844Kw44OrIOOCsOODreODvOODlklJSVvjgrTjg6vjg5Ug44Kw44Ot44O844OWIOaJi+iii10=,MTPmmYLjgb7jgafjgafjgYLjgZnmpb3lr77lv5zjgILjgqLjg7Pjg4Djg7zjgqLjg7zjg57jg7zjgIBVbmRlciBBcm1vdXLjgIDjgqTjg7zjgrDjg6sg44Kw44Ot44O844OWSUlJW+OCtOODq+ODlSDjgrDjg63jg7zjg5Yg5omL6KKLXQ==[rn]
25-79809,aHR0cDovL3RzaG9wLnIxMHMuanAvZ2Rvc2hvcC9jYWJpbmV0LzE5NC8wMDAwNDQyMTk0XzEuanBnP2ZpdGluPTcwMDo3MDA=,NTYxNi4wMDAw,,44K544Od44O844OE44O744Ki44Km44OI44OJ44KiID4g44K044Or44OVID4g44Kw44Ot44O844OW,44Gd44Gu5LuW44Oh44O844Kr44O844CA44Gd44Gu5LuW44CA44Ko44OB44Kq44OU44Ki44K344O844OX44Kw44Ot44O844OWIOODrOODleODhuOCoyAxMOaemuOCu+ODg+ODiA==,MTPmmYLjgb7jgafjgafjgYLjgZnmpb3lr77lv5w=,PGJyPjxkaXYgY2xhc3M9InByb2R1Y3QtZGV0YWlsIj48ZGl2IGNsYXNzPSJwcm9kdWN0LWRldGFpbC1oZWFkZXIiPjxkaXYgY2xhc3M9InByb2R1Y3QtZGV0YWlsLXRpdGxlIj48cD48c3BhbiBjbGFzcz0icHJvZHVjdC1kZXRhaWwtdGl0bGUtdGV4dCI+44Ko44OB44Kq44OU44Ki44K344O844OX44Kw44Ot44O844OWIOODrOODleODhuOCoyAxMOaemuOCu+ODg+ODiDwvc3Bhbj48YnI+PHNwYW4gY2xhc3M9InByb2R1Y3QtZGV0YWlsLXN1YnRpdGxlLXRleHQiPuOBneOBruS7luODoeODvOOCq+ODvCAvIOOBneOBruS7ljwvc3Bhbj48L3A+PC9kaXY+PC9kaXY+PGRpdiBjbGFzcz0icHJvZHVjdC1kZXRhaWwtY29udGVudCI+PHAgY2xhc3M9InByb2R1Y3QtZGV0YWlsLWhlYWQiPuWVhuWTgeOBrueJueW+tDwvcD48cD7mnIDpq5jntJrjgqjjg4Hjgqrjg5TjgqLjgrfjg7zjg5fjgpLmjqHnlKjjgZfjgIHmsZfjg7vpm6jjgarjganmv6HjgozjgabjgoLlirnmnpzjgZfjgavjgY/jgYTliqDlt6XjgII8L3A+PHRhYmxlIGNsYXNzPSJwcm9kdWN0LWRldGFpbC1zcGVjIj48dHI+PHRoPue0oOadkDwvdGg+PHRkPuOCqOODgeOCquODlOOCouOCt+ODvOODlzwvdGQ+PC90cj48dHI+PHRoPuOCteOCpOOCuuODkOODquOCqOODvOOCt+ODp+ODszwvdGg+PHRkPjIxLTI2Y208L3RkPjwvdHI+PHRyPjx0aD7lr77osaE8L3RoPjx0ZD7jg6Hjg7Pjgro8L3RkPjwvdHI+PHRyPjx0aD7jgrvjg4Pjg4jlhoXlrrk8L3RoPjx0ZD4xMOaemuOCu+ODg+ODiDwvdGQ+PC90cj48L3RhYmxlPjwvZGl2PjwvZGl2PjxkaXYgY2xhc3M9InByb2R1Y3QtZGV0YWlsLWJvdHRvbSI+PC9kaXY+PGRpdiBjbGFzcz0icHJvZHVjdC1kZXRhaWwtY29udGVudCI+PHA+44K744OD44OI5ZOBPC9wPjwvZGl2PjxzdHlsZSB0eXBlPSJ0ZXh0L2NzcyI+CjwhLS0KCmRpdiNIZWFkZXJLZXl3b3JkIHsKCXBvc2l0aW9uOmFic29sdXRlOwoJdG9wOjYwcHg7LyrkuIDnlarkuIrjgYvjgonjga7kvY3nva4qLwoJbGVmdDozMHB4Oy8q5bem56uv44GL44KJ44Gu5L2N572uKi8KfQoKZGl2I0hlYWRlcktleXdvcmQgc3BhbiB7CgliYWNrZ3JvdW5kOiAjYmYwMDAwOwoJY29sb3I6I2ZmZjsKCWZvbnQtd2VpZ2h0OmJvbGQ7CglwYWRkaW5nOjJweCA1cHg7Cn0KCmRpdiNIZWFkZXJLZXl3b3JkIGEgewoJY29sb3I6IzAwNDRDQzsKfQoKdGQuaW52ZW50b3J5IGZvbnR7Cglmb250LXNpemU6MTBweDsKCWNvbG9yOiM2NjY2NjY7Cn0KCnRkLmludmVudG9yeXsKCXdvcmQtd3JhcDpicmVhay13b3JkOwoJd2lkdGg6MTAwcHg7Cn0KCgotLT4KCjwvc3R5bGU+CgoKCjxkaXYgaWQ9IkhlYWRlcktleXdvcmQiPgo8c3Bhbj7ms6jnm67jga7jgq3jg7zjg6/jg7zjg4k8L3NwYW4+CuODl+ODvOODngrjg6vjgrPjg4Pjgq8K44OK44Kk44KtCuOCouODieODn+ODqeODqwrjg57jg7Pjgrfjg7PjgrDjgqbjgqfjgqLjgIAKPC9kaXY+CgrvvJzvvJzms6jmhI/kuovpoIXvvJ7vvJ48YnI+PGJyPgo8Yj7jgrDjg63jg7zjg5Y8L2I+PGJyPgrjg7vllYblk4HlkI3jgavjg6zjg5Xjg4bjgqPjga7oqJjovInjgYzjgYLjgovllYblk4Hjga/lt6bnlKjjgajjgarjgorjgb7jgZnjgYzjgIHjg6zjg5Xjg4bjgqPllYblk4HjgoLlj7PnlKjjga7nlLvlg4/jgpLmjrLovInjgZfjgabjgYTjgovloLTlkIjjgYzjgYLjgorjgb7jgZnjgII8YnI+PGJyPgo8Yj7ot53pm6LmuKzlrprlmajjga7kv53oqLzmnJ/plpM8L2I+PGJyPgrjg7vllYblk4HjgavlkIzmorHjgZXjgozjgovntI3lk4Hmm7joqJjovInjga7lh7rojbfml6Xku5jjgYvjgokx5bm06ZaT44Gu5L+d6Ki844Go44Gq44KK44G+44GZ44CC5L+d6Ki844Gr44Gk44GE44Gm44Gv44CB6KO95ZOB5LuY5bGe44Gu5L+d6Ki85pu444GK44KI44Gz57SN5ZOB5pu444GM5b+F6KaB44Go44Gq44KK44G+44GZ44CC44GK6LK344GE5LiK44GS5b6M44Gv5aSn5YiH44Gr5L+d566h44GP44Gg44GV44GE44CCPGJyPgrjg7vpm7vljJboo73lk4Hjga/llYblk4Hjga7nibnmgKfkuIrjgIHpgJrpm7vlvozjga7ov5Tlk4Hjg7vkuqTmj5vjgpLjgYrlj5fjgZHjgafjgY3jgb7jgZvjgpPjgILjgb7jgZ/jgIHllYblk4HjgavplqLjgZnjgovmioDooZPnmoTjgarjgYrllY/jgYTlkIjjgo/jgZvjga/jgIHjg6Hjg7zjgqvjg7zjga7jgYrlrqLmp5jjgrvjg7Pjgr/jg7zjgbjnm7TmjqXjgYrllY/jgYTlkIjjgo/jgZvjgY/jgaDjgZXjgYTjgIIKPGJyPjxicj48YnI+PGJyPgo8IS0tIOazqOaWh+mAn+WgsSAtLT4KPGRpdiBpZD0ibmV3LWFycml2YWwiPgoKPC9kaXY+CjwhLS0gL+azqOaWh+mAn+WgsSAtLT4KPGJyPjxicj4KPCEtLSBnZG8g44GK44GZ44GZ44KB5ZWG5ZOBIC0tPgoKPCEtLSAvZ2RvIOOBiuOBmeOBmeOCgeWVhuWTgSAtLT4KPGJyPjxicj4=,44Gd44Gu5LuW44Oh44O844Kr44O844CA44Gd44Gu5LuW44CA44Ko44OB44Kq44OU44Ki44K344O844OX44Kw44Ot44O844OWIOODrOODleODhuOCoyAxMOaemuOCu+ODg+ODiO+8mkdET+OCtOODq+ODleOCt+ODp+ODg+ODlyDmpb3lpKnluILloLTlupc=,R0RP44K044Or44OV44OA44Kk44K444Kn44K544OI44O744Kq44Oz44Op44Kk44Oz44OJ44Op44Kk44OQ44O844OV44Kn44Ki44Km44Kn44Kk44Km44OD44OJ44Om44O844OG44Kj44Oq44OG44Kj44Ki44Kk44Ki44Oz44K744OD44OI44Km44Kn44OD44K444OR44K/44O844K044Or44OV44Oc44O844Or44K044Or44OV44Km44Kn44Ki44K044Or44OV44OQ44OD44Kw44K044Or44OV44K344Ol44O844K644Gd44Gu5LuW44Oh44O844Kr44O844CA44Gd44Gu5LuW44CA44Ko44OB44Kq44OU44Ki44K344O844OX44Kw44Ot44O844OWIOODrOODleODhuOCoyAxMOaemuOCu+ODg+ODiA==,MTPmmYLjgb7jgafjgafjgYLjgZnmpb3lr77lv5zjgILjgZ3jga7ku5bjg6Hjg7zjgqvjg7zjgIDjgZ3jga7ku5bjgIDjgqjjg4Hjgqrjg5TjgqLjgrfjg7zjg5fjgrDjg63jg7zjg5Yg44Os44OV44OG44KjIDEw5p6a44K744OD44OI[rn]
25-79810,aHR0cDovL3RzaG9wLnIxMHMuanAvZ2Rvc2hvcC9jYWJpbmV0LzA4OS8wMDAwNTEyMDg5XzEuanBnP2ZpdGluPTcwMDo3MDA=,MjA1Ni4wMDAw,,44K544Od44O844OE44O744Ki44Km44OI44OJ44KiID4g44K044Or44OVID4g44Kw44Ot44O844OW,44Ki44OH44Kj44OA44K544CAQWRpZGFz44CAQ1Ag44Km44Kp44O844Og44Oa44Ki44Of44OI44OzIOS4oeaJi+eUqCBDQ0o5Mw==,MTPmmYLjgb7jgafjgafjgYLjgZnmpb3lr77lv5w=,PGJyPjxkaXYgY2xhc3M9InByb2R1Y3QtZGV0YWlsIj48ZGl2IGNsYXNzPSJwcm9kdWN0LWRldGFpbC1oZWFkZXIiPjxkaXYgY2xhc3M9InByb2R1Y3QtZGV0YWlsLXRpdGxlIj48cD48c3BhbiBjbGFzcz0icHJvZHVjdC1kZXRhaWwtdGl0bGUtdGV4dCI+Q1Ag44Km44Kp44O844Og44Oa44Ki44Of44OI44OzIOS4oeaJi+eUqCBDQ0o5Mzwvc3Bhbj48YnI+PHNwYW4gY2xhc3M9InByb2R1Y3QtZGV0YWlsLXN1YnRpdGxlLXRleHQiPuOCouODh+OCo+ODgOOCuSAvIEFkaWRhczwvc3Bhbj48L3A+PC9kaXY+PC9kaXY+PGRpdiBjbGFzcz0icHJvZHVjdC1kZXRhaWwtY29udGVudCI+PHAgY2xhc3M9InByb2R1Y3QtZGV0YWlsLWhlYWQiPuWVhuWTgeOBrueJueW+tDwvcD48cD7jgrnjg53jg7zjg4bjgqPjg7zjgarjgrXjg5bjg6rjg6Hjg7zjgrfjg6fjg7Pjg5fjg6rjg7Pjg4jjgpLmlr3jgZfjgZ/jg4fjgrbjgqTjg7PjgIHmk43kvZzmgKfjga7oia/jgYTjg63jg5bjgrnjgr/jg7zlnovjg5/jg4jjg7PjgII8L3A+PHRhYmxlIGNsYXNzPSJwcm9kdWN0LWRldGFpbC1zcGVjIj48dHI+PHRoPue0oOadkDwvdGg+PHRkPuihqOeUn+WcsOODu+ijj+eUn+WcsOODu+W5s+mDqO+8muODneODquOCqOOCueODhuODq++8j+aMh+WFiOmDqOWIhu+8muWQiOaIkOearumdqTwvdGQ+PC90cj48dHI+PHRoPuOCteOCpOOCuuODkOODquOCqOODvOOCt+ODp+ODszwvdGg+PHRkPuODleODquODvCgyMS0yNmNtKTwvdGQ+PC90cj48dHI+PHRoPuWvvuixoTwvdGg+PHRkPuODoeODs+OCujwvdGQ+PC90cj48dHI+PHRoPuijvemAoOWbvTwvdGg+PHRkPuOCpOODs+ODieODjeOCt+OCojwvdGQ+PC90cj48L3RhYmxlPjwvZGl2PjwvZGl2PjxkaXYgY2xhc3M9InByb2R1Y3QtZGV0YWlsLWJvdHRvbSI+PC9kaXY+PGRpdiBjbGFzcz0icHJvZHVjdC1kZXRhaWwtY29udGVudCI+PHA+ZnduZXcgd2luYWNjIHdpbnRlcmdsb2JlIHdpbnRlcml0ZW1tZCB3aW50ZXJnbG9iZSB3aW50ZXJpdGVtc2w8L3A+PC9kaXY+PHN0eWxlIHR5cGU9InRleHQvY3NzIj4KPCEtLQoKZGl2I0hlYWRlcktleXdvcmQgewoJcG9zaXRpb246YWJzb2x1dGU7Cgl0b3A6NjBweDsvKuS4gOeVquS4iuOBi+OCieOBruS9jee9riovCglsZWZ0OjMwcHg7Lyrlt6bnq6/jgYvjgonjga7kvY3nva4qLwp9CgpkaXYjSGVhZGVyS2V5d29yZCBzcGFuIHsKCWJhY2tncm91bmQ6ICNiZjAwMDA7Cgljb2xvcjojZmZmOwoJZm9udC13ZWlnaHQ6Ym9sZDsKCXBhZGRpbmc6MnB4IDVweDsKfQoKZGl2I0hlYWRlcktleXdvcmQgYSB7Cgljb2xvcjojMDA0NENDOwp9Cgp0ZC5pbnZlbnRvcnkgZm9udHsKCWZvbnQtc2l6ZToxMHB4OwoJY29sb3I6IzY2NjY2NjsKfQoKdGQuaW52ZW50b3J5ewoJd29yZC13cmFwOmJyZWFrLXdvcmQ7Cgl3aWR0aDoxMDBweDsKfQoKCi0tPgoKPC9zdHlsZT4KCgoKPGRpdiBpZD0iSGVhZGVyS2V5d29yZCI+CjxzcGFuPuazqOebruOBruOCreODvOODr+ODvOODiTwvc3Bhbj4K44OX44O844OeCuODq+OCs+ODg+OCrwrjg4rjgqTjgq0K44Ki44OJ44Of44Op44OrCuODnuODs+OCt+ODs+OCsOOCpuOCp+OCouOAgAo8L2Rpdj4KCu+8nO+8nOazqOaEj+S6i+mghe+8nu+8njxicj48YnI+CjxiPuOCsOODreODvOODljwvYj48YnI+CuODu+WVhuWTgeWQjeOBq+ODrOODleODhuOCo+OBruiomOi8ieOBjOOBguOCi+WVhuWTgeOBr+W3pueUqOOBqOOBquOCiuOBvuOBmeOBjOOAgeODrOODleODhuOCo+WVhuWTgeOCguWPs+eUqOOBrueUu+WDj+OCkuaOsui8ieOBl+OBpuOBhOOCi+WgtOWQiOOBjOOBguOCiuOBvuOBmeOAgjxicj48YnI+CjxiPui3nemboua4rOWumuWZqOOBruS/neiovOacn+mWkzwvYj48YnI+CuODu+WVhuWTgeOBq+WQjOaiseOBleOCjOOCi+e0jeWTgeabuOiomOi8ieOBruWHuuiNt+aXpeS7mOOBi+OCiTHlubTplpPjga7kv53oqLzjgajjgarjgorjgb7jgZnjgILkv53oqLzjgavjgaTjgYTjgabjga/jgIHoo73lk4Hku5jlsZ7jga7kv53oqLzmm7jjgYrjgojjgbPntI3lk4Hmm7jjgYzlv4XopoHjgajjgarjgorjgb7jgZnjgILjgYrosrfjgYTkuIrjgZLlvozjga/lpKfliIfjgavkv53nrqHjgY/jgaDjgZXjgYTjgII8YnI+CuODu+mbu+WMluijveWTgeOBr+WVhuWTgeOBrueJueaAp+S4iuOAgemAmumbu+W+jOOBrui/lOWTgeODu+S6pOaPm+OCkuOBiuWPl+OBkeOBp+OBjeOBvuOBm+OCk+OAguOBvuOBn+OAgeWVhuWTgeOBq+mWouOBmeOCi+aKgOihk+eahOOBquOBiuWVj+OBhOWQiOOCj+OBm+OBr+OAgeODoeODvOOCq+ODvOOBruOBiuWuouanmOOCu+ODs+OCv+ODvOOBuOebtOaOpeOBiuWVj+OBhOWQiOOCj+OBm+OBj+OBoOOBleOBhOOAggo8YnI+PGJyPjxicj48YnI+CjwhLS0g5rOo5paH6YCf5aCxIC0tPgo8ZGl2IGlkPSJuZXctYXJyaXZhbCI+Cgo8L2Rpdj4KPCEtLSAv5rOo5paH6YCf5aCxIC0tPgo8YnI+PGJyPgo8IS0tIGdkbyDjgYrjgZnjgZnjgoHllYblk4EgLS0+Cgo8IS0tIC9nZG8g44GK44GZ44GZ44KB5ZWG5ZOBIC0tPgo8YnI+PGJyPg==,44Ki44OH44Kj44OA44K544CAQWRpZGFz44CAQ1Ag44Km44Kp44O844Og44Oa44Ki44Of44OI44OzIOS4oeaJi+eUqCBDQ0o5M++8mkdET+OCtOODq+ODleOCt+ODp+ODg+ODlyDmpb3lpKnluILloLTlupc=,R0RP44K044Or44OV44OA44Kk44K444Kn44K544OI44O744Kq44Oz44Op44Kk44Oz44OJ44Op44Kk44OQ44O844OV44Kn44Ki44Km44Kn44Kk44Km44OD44OJ44Om44O844OG44Kj44Oq44OG44Kj44Ki44Kk44Ki44Oz44K744OD44OI44Km44Kn44OD44K444OR44K/44O844K044Or44OV44Oc44O844Or44K044Or44OV44Km44Kn44Ki44K044Or44OV44OQ44OD44Kw44K044Or44OV44K344Ol44O844K644Ki44OH44Kj44OA44K544CAQWRpZGFz44CAQ1Ag44Km44Kp44O844Og44Oa44Ki44Of44OI44OzIOS4oeaJi+eUqCBDQ0o5Mw==,MTPmmYLjgb7jgafjgafjgYLjgZnmpb3lr77lv5zjgILjgqLjg4fjgqPjg4DjgrnjgIBBZGlkYXPjgIBDUCDjgqbjgqnjg7zjg6Djg5rjgqLjg5/jg4jjg7Mg5Lih5omL55SoIENDSjkz[rn]
25-79811,aHR0cDovL3RzaG9wLnIxMHMuanAvZ2Rvc2hvcC9jYWJpbmV0LzMyNS8wMDAwNTA0ODI1XzEuanBnP2ZpdGluPTcwMDo3MDA=,ODgxLjYwMDA=,,44K544Od44O844OE44O744Ki44Km44OI44OJ44KiID4g44K044Or44OVID4g44Kw44Ot44O844OW,44Kt44Oj44K544Kz44CAS0FTQ0/jgIBCaWNvbG9y44OR44Os44OD44OI44Kw44Ot44O844OWIFNGLTE1MTVCaVvjgrTjg6vjg5Ug44Kw44Ot44O844OWIOaJi+iii10=,MTPmmYLjgb7jgafjgafjgYLjgZnmpb3lr77lv5w=,PGJyPjxkaXYgY2xhc3M9InByb2R1Y3QtZGV0YWlsIj48ZGl2IGNsYXNzPSJwcm9kdWN0LWRldGFpbC1oZWFkZXIiPjxkaXYgY2xhc3M9InByb2R1Y3QtZGV0YWlsLXRpdGxlIj48cD48c3BhbiBjbGFzcz0icHJvZHVjdC1kZXRhaWwtdGl0bGUtdGV4dCI+Qmljb2xvcuODkeODrOODg+ODiOOCsOODreODvOODliBTRi0xNTE1Qmk8L3NwYW4+PGJyPjxzcGFuIGNsYXNzPSJwcm9kdWN0LWRldGFpbC1zdWJ0aXRsZS10ZXh0Ij7jgq3jg6PjgrnjgrMgLyBLQVNDTzwvc3Bhbj48L3A+PC9kaXY+PC9kaXY+PGRpdiBjbGFzcz0icHJvZHVjdC1kZXRhaWwtY29udGVudCI+PHAgY2xhc3M9InByb2R1Y3QtZGV0YWlsLWhlYWQiPuWVhuWTgeOBrueJueW+tDwvcD48cD5HRE/pmZDlrprnmbrlo7LvvIHkurrmsJfjga7jgq3jg6PjgrnjgrPjg5Hjg6zjg4Pjg4jjgrDjg63jg7zjg5bjgYvjgolHRE/jgqrjg6rjgrjjg4rjg6vjga7jg5DjgqTjgqvjg6njg7zjgYznmbvloLTvvIE8L3A+PHRhYmxlIGNsYXNzPSJwcm9kdWN0LWRldGFpbC1zcGVjIj48dHI+PHRoPue0oOadkDwvdGg+PHRkPuaXpeacrOijveWQiOaIkOearumdqShMRVZPIFRFWC1OU+OAgeODkeODvOODn+OCokcpPC90ZD48L3RyPjx0cj48dGg+44K144Kk44K644OQ44Oq44Ko44O844K344On44OzPC90aD48dGQ+UygyMS0yMmNtKeOAgU0oMjMtMjRjbSnjgIFMKDI1LTI2Y20pPC90ZD48L3RyPjx0cj48dGg+5a++6LGhPC90aD48dGQ+44Oh44Oz44K6PC90ZD48L3RyPjx0cj48dGg+6KO96YCg5Zu9PC90aD48dGQ+44OQ44Oz44Kw44Op44OH44K344OlPC90ZD48L3RyPjwvdGFibGU+PC9kaXY+PC9kaXY+PGRpdiBjbGFzcz0icHJvZHVjdC1kZXRhaWwtYm90dG9tIj48L2Rpdj48ZGl2IGNsYXNzPSJwcm9kdWN0LWRldGFpbC1jb250ZW50Ij48cD5maXZlZGF5cyBmaXZlZGF5c3E8L3A+PC9kaXY+PHN0eWxlIHR5cGU9InRleHQvY3NzIj4KPCEtLQoKZGl2I0hlYWRlcktleXdvcmQgewoJcG9zaXRpb246YWJzb2x1dGU7Cgl0b3A6NjBweDsvKuS4gOeVquS4iuOBi+OCieOBruS9jee9riovCglsZWZ0OjMwcHg7Lyrlt6bnq6/jgYvjgonjga7kvY3nva4qLwp9CgpkaXYjSGVhZGVyS2V5d29yZCBzcGFuIHsKCWJhY2tncm91bmQ6ICNiZjAwMDA7Cgljb2xvcjojZmZmOwoJZm9udC13ZWlnaHQ6Ym9sZDsKCXBhZGRpbmc6MnB4IDVweDsKfQoKZGl2I0hlYWRlcktleXdvcmQgYSB7Cgljb2xvcjojMDA0NENDOwp9Cgp0ZC5pbnZlbnRvcnkgZm9udHsKCWZvbnQtc2l6ZToxMHB4OwoJY29sb3I6IzY2NjY2NjsKfQoKdGQuaW52ZW50b3J5ewoJd29yZC13cmFwOmJyZWFrLXdvcmQ7Cgl3aWR0aDoxMDBweDsKfQoKCi0tPgoKPC9zdHlsZT4KCgoKPGRpdiBpZD0iSGVhZGVyS2V5d29yZCI+CjxzcGFuPuazqOebruOBruOCreODvOODr+ODvOODiTwvc3Bhbj4K44OX44O844OeCuODq+OCs+ODg+OCrwrjg4rjgqTjgq0K44Ki44OJ44Of44Op44OrCuODnuODs+OCt+ODs+OCsOOCpuOCp+OCouOAgAo8L2Rpdj4KCu+8nO+8nOazqOaEj+S6i+mghe+8nu+8njxicj48YnI+CjxiPuOCsOODreODvOODljwvYj48YnI+CuODu+WVhuWTgeWQjeOBq+ODrOODleODhuOCo+OBruiomOi8ieOBjOOBguOCi+WVhuWTgeOBr+W3pueUqOOBqOOBquOCiuOBvuOBmeOBjOOAgeODrOODleODhuOCo+WVhuWTgeOCguWPs+eUqOOBrueUu+WDj+OCkuaOsui8ieOBl+OBpuOBhOOCi+WgtOWQiOOBjOOBguOCiuOBvuOBmeOAgjxicj48YnI+CjxiPui3nemboua4rOWumuWZqOOBruS/neiovOacn+mWkzwvYj48YnI+CuODu+WVhuWTgeOBq+WQjOaiseOBleOCjOOCi+e0jeWTgeabuOiomOi8ieOBruWHuuiNt+aXpeS7mOOBi+OCiTHlubTplpPjga7kv53oqLzjgajjgarjgorjgb7jgZnjgILkv53oqLzjgavjgaTjgYTjgabjga/jgIHoo73lk4Hku5jlsZ7jga7kv53oqLzmm7jjgYrjgojjgbPntI3lk4Hmm7jjgYzlv4XopoHjgajjgarjgorjgb7jgZnjgILjgYrosrfjgYTkuIrjgZLlvozjga/lpKfliIfjgavkv53nrqHjgY/jgaDjgZXjgYTjgII8YnI+CuODu+mbu+WMluijveWTgeOBr+WVhuWTgeOBrueJueaAp+S4iuOAgemAmumbu+W+jOOBrui/lOWTgeODu+S6pOaPm+OCkuOBiuWPl+OBkeOBp+OBjeOBvuOBm+OCk+OAguOBvuOBn+OAgeWVhuWTgeOBq+mWouOBmeOCi+aKgOihk+eahOOBquOBiuWVj+OBhOWQiOOCj+OBm+OBr+OAgeODoeODvOOCq+ODvOOBruOBiuWuouanmOOCu+ODs+OCv+ODvOOBuOebtOaOpeOBiuWVj+OBhOWQiOOCj+OBm+OBj+OBoOOBleOBhOOAggo8YnI+PGJyPjxicj48YnI+CjwhLS0g5rOo5paH6YCf5aCxIC0tPgo8ZGl2IGlkPSJuZXctYXJyaXZhbCI+Cgo8L2Rpdj4KPCEtLSAv5rOo5paH6YCf5aCxIC0tPgo8YnI+PGJyPgo8IS0tIGdkbyDjgYrjgZnjgZnjgoHllYblk4EgLS0+Cgo8IS0tIC9nZG8g44GK44GZ44GZ44KB5ZWG5ZOBIC0tPgo8YnI+PGJyPg==,44Kt44Oj44K544Kz44CAS0FTQ0/jgIBCaWNvbG9y44OR44Os44OD44OI44Kw44Ot44O844OWIFNGLTE1MTVCaVvjgrTjg6vjg5Ug44Kw44Ot44O844OWIOaJi+iii13vvJpHRE/jgrTjg6vjg5Xjgrfjg6fjg4Pjg5cg5qW95aSp5biC5aC05bqX,R0RP44K044Or44OV44OA44Kk44K444Kn44K544OI44O744Kq44Oz44Op44Kk44Oz44OJ44Op44Kk44OQ44O844OV44Kn44Ki44Km44Kn44Kk44Km44OD44OJ44Om44O844OG44Kj44Oq44OG44Kj44Ki44Kk44Ki44Oz44K744OD44OI44Km44Kn44OD44K444OR44K/44O844K044Or44OV44Oc44O844Or44K044Or44OV44Km44Kn44Ki44K044Or44OV44OQ44OD44Kw44K044Or44OV44K344Ol44O844K644Kt44Oj44K544Kz44CAS0FTQ0/jgIBCaWNvbG9y44OR44Os44OD44OI44Kw44Ot44O844OWIFNGLTE1MTVCaVvjgrTjg6vjg5Ug44Kw44Ot44O844OWIOaJi+iii10=,MTPmmYLjgb7jgafjgafjgYLjgZnmpb3lr77lv5zjgILjgq3jg6PjgrnjgrPjgIBLQVNDT+OAgEJpY29sb3Ljg5Hjg6zjg4Pjg4jjgrDjg63jg7zjg5YgU0YtMTUxNUJpW+OCtOODq+ODlSDjgrDjg63jg7zjg5Yg5omL6KKLXQ==[rn]
25-79812,aHR0cDovL3RzaG9wLnIxMHMuanAvZ2Rvc2hvcC9jYWJpbmV0LzA1NC8wMDAwNTEyNTU0XzEuanBnP2ZpdGluPTcwMDo3MDA=,MTIwOS42MDAw,,44K544Od44O844OE44O744Ki44Km44OI44OJ44KiID4g44K044Or44OVID4g44Kw44Ot44O844OW,44OV44OD44OI44K444On44Kk44CARm9vdCBKb3njgIAxNiBHVOOCqOOCr+OCueODiOODquODvOODoCDjgrDjg63jg7zjg5YgRkdHVDE2,MTPmmYLjgb7jgafjgafjgYLjgZnmpb3lr77lv5w=,PGJyPjxkaXYgY2xhc3M9InByb2R1Y3QtZGV0YWlsIj48ZGl2IGNsYXNzPSJwcm9kdWN0LWRldGFpbC1oZWFkZXIiPjxkaXYgY2xhc3M9InByb2R1Y3QtZGV0YWlsLXRpdGxlIj48cD48c3BhbiBjbGFzcz0icHJvZHVjdC1kZXRhaWwtdGl0bGUtdGV4dCI+MTYgR1Tjgqjjgq/jgrnjg4jjg6rjg7zjg6Ag44Kw44Ot44O844OWIEZHR1QxNjwvc3Bhbj48YnI+PHNwYW4gY2xhc3M9InByb2R1Y3QtZGV0YWlsLXN1YnRpdGxlLXRleHQiPuODleODg+ODiOOCuOODp+OCpCAvIEZvb3QgSm95PC9zcGFuPjwvcD48L2Rpdj48L2Rpdj48ZGl2IGNsYXNzPSJwcm9kdWN0LWRldGFpbC1jb250ZW50Ij48cCBjbGFzcz0icHJvZHVjdC1kZXRhaWwtaGVhZCI+5ZWG5ZOB44Gu54m55b60PC9wPjxwPueLrOiHqumWi+eZuuOBruWklumqqOagvOani+mAoCjjgrfjg7zjg6Djg6zjgrnmjqXlkIgp44GL44KJ44CB5YSq44KM44Gf44OV44Kj44OD44OI5oSf44CB5Y2T6LaK44GX44Gf44Kw44Oq44OD44OX5Yqb44KS5a6f54++44CCPC9wPjx0YWJsZSBjbGFzcz0icHJvZHVjdC1kZXRhaWwtc3BlYyI+PHRyPjx0aD7ntKDmnZA8L3RoPjx0ZD7lkIjmiJDnmq7pnanjgIHlpKnnhLbnvorpnak8L3RkPjwvdHI+PHRyPjx0aD7jgrXjgqTjgrrjg5Djg6rjgqjjg7zjgrfjg6fjg7M8L3RoPjx0ZD4yMS0yNmNtPC90ZD48L3RyPjx0cj48dGg+5a++6LGhPC90aD48dGQ+44Oh44Oz44K6PC90ZD48L3RyPjx0cj48dGg+6KO96YCg5Zu9PC90aD48dGQ+44K/44KkPC90ZD48L3RyPjwvdGFibGU+PC9kaXY+PC9kaXY+PGRpdiBjbGFzcz0icHJvZHVjdC1kZXRhaWwtYm90dG9tIj48L2Rpdj48c3R5bGUgdHlwZT0idGV4dC9jc3MiPgo8IS0tCgpkaXYjSGVhZGVyS2V5d29yZCB7Cglwb3NpdGlvbjphYnNvbHV0ZTsKCXRvcDo2MHB4Oy8q5LiA55Wq5LiK44GL44KJ44Gu5L2N572uKi8KCWxlZnQ6MzBweDsvKuW3puerr+OBi+OCieOBruS9jee9riovCn0KCmRpdiNIZWFkZXJLZXl3b3JkIHNwYW4gewoJYmFja2dyb3VuZDogI2JmMDAwMDsKCWNvbG9yOiNmZmY7Cglmb250LXdlaWdodDpib2xkOwoJcGFkZGluZzoycHggNXB4Owp9CgpkaXYjSGVhZGVyS2V5d29yZCBhIHsKCWNvbG9yOiMwMDQ0Q0M7Cn0KCnRkLmludmVudG9yeSBmb250ewoJZm9udC1zaXplOjEwcHg7Cgljb2xvcjojNjY2NjY2Owp9Cgp0ZC5pbnZlbnRvcnl7Cgl3b3JkLXdyYXA6YnJlYWstd29yZDsKCXdpZHRoOjEwMHB4Owp9CgoKLS0+Cgo8L3N0eWxlPgoKCgo8ZGl2IGlkPSJIZWFkZXJLZXl3b3JkIj4KPHNwYW4+5rOo55uu44Gu44Kt44O844Ov44O844OJPC9zcGFuPgrjg5fjg7zjg54K44Or44Kz44OD44KvCuODiuOCpOOCrQrjgqLjg4njg5/jg6njg6sK44Oe44Oz44K344Oz44Kw44Km44Kn44Ki44CACjwvZGl2PgoK77yc77yc5rOo5oSP5LqL6aCF77ye77yePGJyPjxicj4KPGI+44Kw44Ot44O844OWPC9iPjxicj4K44O75ZWG5ZOB5ZCN44Gr44Os44OV44OG44Kj44Gu6KiY6LyJ44GM44GC44KL5ZWG5ZOB44Gv5bem55So44Go44Gq44KK44G+44GZ44GM44CB44Os44OV44OG44Kj5ZWG5ZOB44KC5Y+z55So44Gu55S75YOP44KS5o6y6LyJ44GX44Gm44GE44KL5aC05ZCI44GM44GC44KK44G+44GZ44CCPGJyPjxicj4KPGI+6Led6Zui5ris5a6a5Zmo44Gu5L+d6Ki85pyf6ZaTPC9iPjxicj4K44O75ZWG5ZOB44Gr5ZCM5qKx44GV44KM44KL57SN5ZOB5pu46KiY6LyJ44Gu5Ye66I235pel5LuY44GL44KJMeW5tOmWk+OBruS/neiovOOBqOOBquOCiuOBvuOBmeOAguS/neiovOOBq+OBpOOBhOOBpuOBr+OAgeijveWTgeS7mOWxnuOBruS/neiovOabuOOBiuOCiOOBs+e0jeWTgeabuOOBjOW/heimgeOBqOOBquOCiuOBvuOBmeOAguOBiuiyt+OBhOS4iuOBkuW+jOOBr+Wkp+WIh+OBq+S/neeuoeOBj+OBoOOBleOBhOOAgjxicj4K44O76Zu75YyW6KO95ZOB44Gv5ZWG5ZOB44Gu54m55oCn5LiK44CB6YCa6Zu75b6M44Gu6L+U5ZOB44O75Lqk5o+b44KS44GK5Y+X44GR44Gn44GN44G+44Gb44KT44CC44G+44Gf44CB5ZWG5ZOB44Gr6Zai44GZ44KL5oqA6KGT55qE44Gq44GK5ZWP44GE5ZCI44KP44Gb44Gv44CB44Oh44O844Kr44O844Gu44GK5a6i5qeY44K744Oz44K/44O844G455u05o6l44GK5ZWP44GE5ZCI44KP44Gb44GP44Gg44GV44GE44CCCjxicj48YnI+PGJyPjxicj4KPCEtLSDms6jmlofpgJ/loLEgLS0+CjxkaXYgaWQ9Im5ldy1hcnJpdmFsIj4KCjwvZGl2Pgo8IS0tIC/ms6jmlofpgJ/loLEgLS0+Cjxicj48YnI+CjwhLS0gZ2RvIOOBiuOBmeOBmeOCgeWVhuWTgSAtLT4KCjwhLS0gL2dkbyDjgYrjgZnjgZnjgoHllYblk4EgLS0+Cjxicj48YnI+,44OV44OD44OI44K444On44Kk44CARm9vdCBKb3njgIAxNiBHVOOCqOOCr+OCueODiOODquODvOODoCDjgrDjg63jg7zjg5YgRkdHVDE277yaR0RP44K044Or44OV44K344On44OD44OXIOalveWkqeW4guWgtOW6lw==,R0RP44K044Or44OV44OA44Kk44K444Kn44K544OI44O744Kq44Oz44Op44Kk44Oz44OJ44Op44Kk44OQ44O844OV44Kn44Ki44Km44Kn44Kk44Km44OD44OJ44Om44O844OG44Kj44Oq44OG44Kj44Ki44Kk44Ki44Oz44K744OD44OI44Km44Kn44OD44K444OR44K/44O844K044Or44OV44Oc44O844Or44K044Or44OV44Km44Kn44Ki44K044Or44OV44OQ44OD44Kw44K044Or44OV44K344Ol44O844K644OV44OD44OI44K444On44Kk44CARm9vdCBKb3njgIAxNiBHVOOCqOOCr+OCueODiOODquODvOODoCDjgrDjg63jg7zjg5YgRkdHVDE2,MTPmmYLjgb7jgafjgafjgYLjgZnmpb3lr77lv5zjgILjg5Xjg4Pjg4jjgrjjg6fjgqTjgIBGb290IEpveeOAgDE2IEdU44Ko44Kv44K544OI44Oq44O844OgIOOCsOODreODvOODliBGR0dUMTY=[rn]
25-79813,aHR0cDovL3RzaG9wLnIxMHMuanAvZ2Rvc2hvcC9jYWJpbmV0LzAyMi8wMDAwNTEwNTIyXzEuanBnP2ZpdGluPTcwMDo3MDA=,MjU5Mi4wMDAw,,44K544Od44O844OE44O744Ki44Km44OI44OJ44KiID4g44K044Or44OVID4g44Kw44Ot44O844OW,44Kw44Ot44O844OW44Kk44OD44OI44CAR2xvdmUgSXTjgIDjgrDjg63jg7zjg5YgR0wyMjMtMTbjgIDjg6zjg4fjgqPjgrk=,MTPmmYLjgb7jgafjgafjgYLjgZnmpb3lr77lv5w=,PGJyPjxkaXYgY2xhc3M9InByb2R1Y3QtZGV0YWlsIj48ZGl2IGNsYXNzPSJwcm9kdWN0LWRldGFpbC1oZWFkZXIiPjxkaXYgY2xhc3M9InByb2R1Y3QtZGV0YWlsLXRpdGxlIj48cD48c3BhbiBjbGFzcz0icHJvZHVjdC1kZXRhaWwtdGl0bGUtdGV4dCI+44Kw44Ot44O844OWIEdMMjIzLTE2PC9zcGFuPjxicj48c3BhbiBjbGFzcz0icHJvZHVjdC1kZXRhaWwtc3VidGl0bGUtdGV4dCI+44Kw44Ot44O844OW44Kk44OD44OIIC8gR2xvdmUgSXQ8L3NwYW4+PC9wPjwvZGl2PjwvZGl2PjxkaXYgY2xhc3M9InByb2R1Y3QtZGV0YWlsLWNvbnRlbnQiPjxwIGNsYXNzPSJwcm9kdWN0LWRldGFpbC1oZWFkIj7llYblk4Hjga7nibnlvrQ8L3A+PHA+5aSp54S2576K6Z2p44Kw44Ot44O844OW44CCVVY1MOOAguWQjOOBmOODl+ODquODs+ODiOOBp+S4oeaJi+OCv+OCpOODl+OAgeWFqOWkqeWAmeOCv+OCpOODlyjkuKHmiYvjga7jgb8p44KC44GC44KK44G+44GZ44CCPC9wPjx0YWJsZSBjbGFzcz0icHJvZHVjdC1kZXRhaWwtc3BlYyI+PHRyPjx0aD7ntKDmnZA8L3RoPjx0ZD7lpKnnhLbnvornmq7jgIHjg6njgqTjgq/jg6k8L3RkPjwvdHI+PHRyPjx0aD7jgrXjgqTjgrrjg5Djg6rjgqjjg7zjgrfjg6fjg7M8L3RoPjx0ZD5TKDE4LTE5Y20p44CBTSgxOS0yMGNtKeOAgUwoMjAtMjFjbSk8L3RkPjwvdHI+PHRyPjx0aD7lr77osaE8L3RoPjx0ZD7jg6zjg4fjgqPjgrk8L3RkPjwvdHI+PHRyPjx0aD7oo73pgKDlm708L3RoPjx0ZD7kuK3lm708L3RkPjwvdHI+PC90YWJsZT48L2Rpdj48L2Rpdj48ZGl2IGNsYXNzPSJwcm9kdWN0LWRldGFpbC1ib3R0b20iPjwvZGl2PjxkaXYgY2xhc3M9InByb2R1Y3QtZGV0YWlsLWNvbnRlbnQiPjxwPnNpc2VpY3A8L3A+PC9kaXY+PHN0eWxlIHR5cGU9InRleHQvY3NzIj4KPCEtLQoKZGl2I0hlYWRlcktleXdvcmQgewoJcG9zaXRpb246YWJzb2x1dGU7Cgl0b3A6NjBweDsvKuS4gOeVquS4iuOBi+OCieOBruS9jee9riovCglsZWZ0OjMwcHg7Lyrlt6bnq6/jgYvjgonjga7kvY3nva4qLwp9CgpkaXYjSGVhZGVyS2V5d29yZCBzcGFuIHsKCWJhY2tncm91bmQ6ICNiZjAwMDA7Cgljb2xvcjojZmZmOwoJZm9udC13ZWlnaHQ6Ym9sZDsKCXBhZGRpbmc6MnB4IDVweDsKfQoKZGl2I0hlYWRlcktleXdvcmQgYSB7Cgljb2xvcjojMDA0NENDOwp9Cgp0ZC5pbnZlbnRvcnkgZm9udHsKCWZvbnQtc2l6ZToxMHB4OwoJY29sb3I6IzY2NjY2NjsKfQoKdGQuaW52ZW50b3J5ewoJd29yZC13cmFwOmJyZWFrLXdvcmQ7Cgl3aWR0aDoxMDBweDsKfQoKCi0tPgoKPC9zdHlsZT4KCgoKPGRpdiBpZD0iSGVhZGVyS2V5d29yZCI+CjxzcGFuPuazqOebruOBruOCreODvOODr+ODvOODiTwvc3Bhbj4K44OX44O844OeCuODq+OCs+ODg+OCrwrjg4rjgqTjgq0K44Ki44OJ44Of44Op44OrCuODnuODs+OCt+ODs+OCsOOCpuOCp+OCouOAgAo8L2Rpdj4KCu+8nO+8nOazqOaEj+S6i+mghe+8nu+8njxicj48YnI+CjxiPuOCsOODreODvOODljwvYj48YnI+CuODu+WVhuWTgeWQjeOBq+ODrOODleODhuOCo+OBruiomOi8ieOBjOOBguOCi+WVhuWTgeOBr+W3pueUqOOBqOOBquOCiuOBvuOBmeOBjOOAgeODrOODleODhuOCo+WVhuWTgeOCguWPs+eUqOOBrueUu+WDj+OCkuaOsui8ieOBl+OBpuOBhOOCi+WgtOWQiOOBjOOBguOCiuOBvuOBmeOAgjxicj48YnI+CjxiPui3nemboua4rOWumuWZqOOBruS/neiovOacn+mWkzwvYj48YnI+CuODu+WVhuWTgeOBq+WQjOaiseOBleOCjOOCi+e0jeWTgeabuOiomOi8ieOBruWHuuiNt+aXpeS7mOOBi+OCiTHlubTplpPjga7kv53oqLzjgajjgarjgorjgb7jgZnjgILkv53oqLzjgavjgaTjgYTjgabjga/jgIHoo73lk4Hku5jlsZ7jga7kv53oqLzmm7jjgYrjgojjgbPntI3lk4Hmm7jjgYzlv4XopoHjgajjgarjgorjgb7jgZnjgILjgYrosrfjgYTkuIrjgZLlvozjga/lpKfliIfjgavkv53nrqHjgY/jgaDjgZXjgYTjgII8YnI+CuODu+mbu+WMluijveWTgeOBr+WVhuWTgeOBrueJueaAp+S4iuOAgemAmumbu+W+jOOBrui/lOWTgeODu+S6pOaPm+OCkuOBiuWPl+OBkeOBp+OBjeOBvuOBm+OCk+OAguOBvuOBn+OAgeWVhuWTgeOBq+mWouOBmeOCi+aKgOihk+eahOOBquOBiuWVj+OBhOWQiOOCj+OBm+OBr+OAgeODoeODvOOCq+ODvOOBruOBiuWuouanmOOCu+ODs+OCv+ODvOOBuOebtOaOpeOBiuWVj+OBhOWQiOOCj+OBm+OBj+OBoOOBleOBhOOAggo8YnI+PGJyPjxicj48YnI+CjwhLS0g5rOo5paH6YCf5aCxIC0tPgo8ZGl2IGlkPSJuZXctYXJyaXZhbCI+Cgo8L2Rpdj4KPCEtLSAv5rOo5paH6YCf5aCxIC0tPgo8YnI+PGJyPgo8IS0tIGdkbyDjgYrjgZnjgZnjgoHllYblk4EgLS0+Cgo8IS0tIC9nZG8g44GK44GZ44GZ44KB5ZWG5ZOBIC0tPgo8YnI+PGJyPg==,44Kw44Ot44O844OW44Kk44OD44OI44CAR2xvdmUgSXTjgIDjgrDjg63jg7zjg5YgR0wyMjMtMTbjgIDjg6zjg4fjgqPjgrnvvJpHRE/jgrTjg6vjg5Xjgrfjg6fjg4Pjg5cg5qW95aSp5biC5aC05bqX,R0RP44K044Or44OV44OA44Kk44K444Kn44K544OI44O744Kq44Oz44Op44Kk44Oz44OJ44Op44Kk44OQ44O844OV44Kn44Ki44Km44Kn44Kk44Km44OD44OJ44Om44O844OG44Kj44Oq44OG44Kj44Ki44Kk44Ki44Oz44K744OD44OI44Km44Kn44OD44K444OR44K/44O844K044Or44OV44Oc44O844Or44K044Or44OV44Km44Kn44Ki44K044Or44OV44OQ44OD44Kw44K044Or44OV44K344Ol44O844K644Kw44Ot44O844OW44Kk44OD44OI44CAR2xvdmUgSXTjgIDjgrDjg63jg7zjg5YgR0wyMjMtMTbjgIDjg6zjg4fjgqPjgrk=,MTPmmYLjgb7jgafjgafjgYLjgZnmpb3lr77lv5zjgILjgrDjg63jg7zjg5bjgqTjg4Pjg4jjgIBHbG92ZSBJdOOAgOOCsOODreODvOODliBHTDIyMy0xNuOAgOODrOODh+OCo+OCuQ==[rn]
25-79814,aHR0cDovL3RzaG9wLnIxMHMuanAvZ2Rvc2hvcC9jYWJpbmV0LzA0My8wMDAwNDk5NTQzXzEuanBnP2ZpdGluPTcwMDo3MDA=,OTkxLjIwMDA=,,44K544Od44O844OE44O744Ki44Km44OI44OJ44KiID4g44K044Or44OVID4g44Kw44Ot44O844OW,44OS44O844Or44Kv44Oq44O844Kv44CASGVhbCBDcmVla+OAgOOCsOODreODvOODliAwMDMtOTk4MzHjgIDjg6zjg4fjgqPjgrlb44K044Or44OV55So5ZOBIOOCtOODq+ODleOCsOODreODvOODliBnb2xmIOODrOODh+OCo+ODvOOCuSDlpbPmgKfnlKgg44K044Or44OV55So5omL6KKLIOOCtOODq+ODleaJi+iiiyDjgqLjgq/jgrvjgrXjg6rjg7wgZ2RvIOOCtOODq+ODlV0=,MTPmmYLjgb7jgafjgafjgYLjgZnmpb3lr77lv5w=,PGJyPjxkaXYgY2xhc3M9InByb2R1Y3QtZGV0YWlsIj48ZGl2IGNsYXNzPSJwcm9kdWN0LWRldGFpbC1oZWFkZXIiPjxkaXYgY2xhc3M9InByb2R1Y3QtZGV0YWlsLXRpdGxlIj48cD48c3BhbiBjbGFzcz0icHJvZHVjdC1kZXRhaWwtdGl0bGUtdGV4dCI+44Kw44Ot44O844OWIDAwMy05OTgzMTwvc3Bhbj48YnI+PHNwYW4gY2xhc3M9InByb2R1Y3QtZGV0YWlsLXN1YnRpdGxlLXRleHQiPuODkuODvOODq+OCr+ODquODvOOCryAvIEhlYWwgQ3JlZWs8L3NwYW4+PC9wPjwvZGl2PjwvZGl2PjxkaXYgY2xhc3M9InByb2R1Y3QtZGV0YWlsLWNvbnRlbnQiPjx0YWJsZSBjbGFzcz0icHJvZHVjdC1kZXRhaWwtc3BlYyI+PHRyPjx0aD7ntKDmnZA8L3RoPjx0ZD7mjozpg6jliIbvvJrlkIjmiJDnmq7pnanvvI/liIfmm7/pg6jliIbjg7vnlLLpg6jvvJrjg4rjgqTjg63jg7M4MO+8heOAgeODneODquOCpuODrOOCv+ODszIw77yF77yP5oyH5YWI44Kr44OQ44O86YOo5YiG77ya5LiA6YOo5ZCI5oiQ55qu6Z2pPC90ZD48L3RyPjx0cj48dGg+44K144Kk44K644OQ44Oq44Ko44O844K344On44OzPC90aD48dGQ+MThjbeOAgTE5Y23jgIEyMWNtPC90ZD48L3RyPjx0cj48dGg+5a++6LGhPC90aD48dGQ+44Os44OH44Kj44K5PC90ZD48L3RyPjx0cj48dGg+6KO96YCg5Zu9PC90aD48dGQ+5Lit5Zu9PC90ZD48L3RyPjwvdGFibGU+PC9kaXY+PC9kaXY+PGRpdiBjbGFzcz0icHJvZHVjdC1kZXRhaWwtYm90dG9tIj48L2Rpdj48ZGl2IGNsYXNzPSJwcm9kdWN0LWRldGFpbC1jb250ZW50Ij48cD7jgqLjgqbjg4jjg6zjg4Pjg4ggaGNhY2NtZCBmaXZlZGF5cyBmaXZlZGF5c20gZmRtYWxsPC9wPjwvZGl2PjxzdHlsZSB0eXBlPSJ0ZXh0L2NzcyI+CjwhLS0KCmRpdiNIZWFkZXJLZXl3b3JkIHsKCXBvc2l0aW9uOmFic29sdXRlOwoJdG9wOjYwcHg7LyrkuIDnlarkuIrjgYvjgonjga7kvY3nva4qLwoJbGVmdDozMHB4Oy8q5bem56uv44GL44KJ44Gu5L2N572uKi8KfQoKZGl2I0hlYWRlcktleXdvcmQgc3BhbiB7CgliYWNrZ3JvdW5kOiAjYmYwMDAwOwoJY29sb3I6I2ZmZjsKCWZvbnQtd2VpZ2h0OmJvbGQ7CglwYWRkaW5nOjJweCA1cHg7Cn0KCmRpdiNIZWFkZXJLZXl3b3JkIGEgewoJY29sb3I6IzAwNDRDQzsKfQoKdGQuaW52ZW50b3J5IGZvbnR7Cglmb250LXNpemU6MTBweDsKCWNvbG9yOiM2NjY2NjY7Cn0KCnRkLmludmVudG9yeXsKCXdvcmQtd3JhcDpicmVhay13b3JkOwoJd2lkdGg6MTAwcHg7Cn0KCgotLT4KCjwvc3R5bGU+CgoKCjxkaXYgaWQ9IkhlYWRlcktleXdvcmQiPgo8c3Bhbj7ms6jnm67jga7jgq3jg7zjg6/jg7zjg4k8L3NwYW4+CuODl+ODvOODngrjg6vjgrPjg4Pjgq8K44OK44Kk44KtCuOCouODieODn+ODqeODqwrjg57jg7Pjgrfjg7PjgrDjgqbjgqfjgqLjgIAKPC9kaXY+CgrvvJzvvJzms6jmhI/kuovpoIXvvJ7vvJ48YnI+PGJyPgo8Yj7jgrDjg63jg7zjg5Y8L2I+PGJyPgrjg7vllYblk4HlkI3jgavjg6zjg5Xjg4bjgqPjga7oqJjovInjgYzjgYLjgovllYblk4Hjga/lt6bnlKjjgajjgarjgorjgb7jgZnjgYzjgIHjg6zjg5Xjg4bjgqPllYblk4HjgoLlj7PnlKjjga7nlLvlg4/jgpLmjrLovInjgZfjgabjgYTjgovloLTlkIjjgYzjgYLjgorjgb7jgZnjgII8YnI+PGJyPgo8Yj7ot53pm6LmuKzlrprlmajjga7kv53oqLzmnJ/plpM8L2I+PGJyPgrjg7vllYblk4HjgavlkIzmorHjgZXjgozjgovntI3lk4Hmm7joqJjovInjga7lh7rojbfml6Xku5jjgYvjgokx5bm06ZaT44Gu5L+d6Ki844Go44Gq44KK44G+44GZ44CC5L+d6Ki844Gr44Gk44GE44Gm44Gv44CB6KO95ZOB5LuY5bGe44Gu5L+d6Ki85pu444GK44KI44Gz57SN5ZOB5pu444GM5b+F6KaB44Go44Gq44KK44G+44GZ44CC44GK6LK344GE5LiK44GS5b6M44Gv5aSn5YiH44Gr5L+d566h44GP44Gg44GV44GE44CCPGJyPgrjg7vpm7vljJboo73lk4Hjga/llYblk4Hjga7nibnmgKfkuIrjgIHpgJrpm7vlvozjga7ov5Tlk4Hjg7vkuqTmj5vjgpLjgYrlj5fjgZHjgafjgY3jgb7jgZvjgpPjgILjgb7jgZ/jgIHllYblk4HjgavplqLjgZnjgovmioDooZPnmoTjgarjgYrllY/jgYTlkIjjgo/jgZvjga/jgIHjg6Hjg7zjgqvjg7zjga7jgYrlrqLmp5jjgrvjg7Pjgr/jg7zjgbjnm7TmjqXjgYrllY/jgYTlkIjjgo/jgZvjgY/jgaDjgZXjgYTjgIIKPGJyPjxicj48YnI+PGJyPgo8IS0tIOazqOaWh+mAn+WgsSAtLT4KPGRpdiBpZD0ibmV3LWFycml2YWwiPgoKPC9kaXY+CjwhLS0gL+azqOaWh+mAn+WgsSAtLT4KPGJyPjxicj4KPCEtLSBnZG8g44GK44GZ44GZ44KB5ZWG5ZOBIC0tPgoKPCEtLSAvZ2RvIOOBiuOBmeOBmeOCgeWVhuWTgSAtLT4KPGJyPjxicj4=,44OS44O844Or44Kv44Oq44O844Kv44CASGVhbCBDcmVla+OAgOOCsOODreODvOODliAwMDMtOTk4MzHjgIDjg6zjg4fjgqPjgrlb44K044Or44OV55So5ZOBIOOCtOODq+ODleOCsOODreODvOODliBnb2xmIOODrOODh+OCo+ODvOOCuSDlpbPmgKfnlKgg44K044Or44OV55So5omL6KKLIOOCtOODq+ODleaJi+iiiyDjgqLjgq/jgrvjgrXjg6rjg7wgZ2RvIOOCtOODq+ODlV3vvJpHRE/jgrTjg6vjg5Xjgrfjg6fjg4Pjg5cg5qW95aSp5biC5aC05bqX,R0RP44K044Or44OV44OA44Kk44K444Kn44K544OI44O744Kq44Oz44Op44Kk44Oz44OJ44Op44Kk44OQ44O844OV44Kn44Ki44Km44Kn44Kk44Km44OD44OJ44Om44O844OG44Kj44Oq44OG44Kj44Ki44Kk44Ki44Oz44K744OD44OI44Km44Kn44OD44K444OR44K/44O844K044Or44OV44Oc44O844Or44K044Or44OV44Km44Kn44Ki44K044Or44OV44OQ44OD44Kw44K044Or44OV44K344Ol44O844K644OS44O844Or44Kv44Oq44O844Kv44CASGVhbCBDcmVla+OAgOOCsOODreODvOODliAwMDMtOTk4MzHjgIDjg6zjg4fjgqPjgrlb44K044Or44OV55So5ZOBIOOCtOODq+ODleOCsOODreODvOODliBnb2xmIOODrOODh+OCo+ODvOOCuSDlpbPmgKfnlKgg44K044Or44OV55So5omL6KKLIOOCtOODq+ODleaJi+iiiyDjgqLjgq/jgrvjgrXjg6rjg7wgZ2RvIOOCtOODq+ODlV0=,MTPmmYLjgb7jgafjgafjgYLjgZnmpb3lr77lv5zjgILjg5Ljg7zjg6vjgq/jg6rjg7zjgq/jgIBIZWFsIENyZWVr44CA44Kw44Ot44O844OWIDAwMy05OTgzMeOAgOODrOODh+OCo+OCuVvjgrTjg6vjg5XnlKjlk4Eg44K044Or44OV44Kw44Ot44O844OWIGdvbGYg44Os44OH44Kj44O844K5IOWls+aAp+eUqCDjgrTjg6vjg5XnlKjmiYvooosg44K044Or44OV5omL6KKLIOOCouOCr+OCu+OCteODquODvCBnZG8g44K044Or44OVXQ==[rn]
25-79815,aHR0cDovL3RzaG9wLnIxMHMuanAvZ2Rvc2hvcC9jYWJpbmV0LzAwMi8wMDAwNTAwMDAyXzEuanBnP2ZpdGluPTcwMDo3MDA=,MjIwMy4yMDAw,,44K544Od44O844OE44O744Ki44Km44OI44OJ44KiID4g44K044Or44OVID4g44Kw44Ot44O844OW,44OX44Ot44Ku44Ki44CAUFJHUuOAgOOCsOODreODvOODliBQRy0xMTZQUk9b44K044Or44OVIOOCsOODreODvOODliDmiYvoootd,MTPmmYLjgb7jgafjgafjgYLjgZnmpb3lr77lv5w=,PGJyPjxkaXYgY2xhc3M9InByb2R1Y3QtZGV0YWlsIj48ZGl2IGNsYXNzPSJwcm9kdWN0LWRldGFpbC1oZWFkZXIiPjxkaXYgY2xhc3M9InByb2R1Y3QtZGV0YWlsLXRpdGxlIj48cD48c3BhbiBjbGFzcz0icHJvZHVjdC1kZXRhaWwtdGl0bGUtdGV4dCI+44Kw44Ot44O844OWIFBHLTExNlBSTzwvc3Bhbj48YnI+PHNwYW4gY2xhc3M9InByb2R1Y3QtZGV0YWlsLXN1YnRpdGxlLXRleHQiPuODl+ODreOCruOCoiAvIFBSR1I8L3NwYW4+PC9wPjwvZGl2PjwvZGl2PjxkaXYgY2xhc3M9InByb2R1Y3QtZGV0YWlsLWNvbnRlbnQiPjxwIGNsYXNzPSJwcm9kdWN0LWRldGFpbC1oZWFkIj7llYblk4Hjga7nibnlvrQ8L3A+PHA+44O744OX44Ot44Gu5Y6z44GX44GE6KaB5rGC44Gr44GT44Gf44GI44Gf44OX44Ot5L2/55So44Oi44OH44OrPGJyIC8+44O75Y6z6YG444GV44KM44Gf6auY57Sa5aSp54S255qu6Z2pKOe+iumdqSnjgpLmjqHnlKjjgII8YnIgLz7jg7vkuIHlr6fjgarliqDlt6XjgpLmlr3jgZnjgZPjgajjgafpnZ7luLjjgavmn5TjgonjgYvjgY/jgIHjgZfjgaPjgajjgorjgZfjgZ/os6rmhJ/jgafoia/jgY/miYvjgavpprTmn5PjgoDjgII8YnIgLz7jg7vogJDkuYXmgKfjgavjgoLlhKrjgozjgabjgYrjgorjgIHoloTjgY/jgabjgoLljYHliIbjgarlvLfluqbjgYzjgYLjgovjgII8L3A+PHRhYmxlIGNsYXNzPSJwcm9kdWN0LWRldGFpbC1zcGVjIj48dHI+PHRoPue0oOadkDwvdGg+PHRkPuWkqeeEtuearumdqSjnvorpnakpPC90ZD48L3RyPjx0cj48dGg+44K144Kk44K644OQ44Oq44Ko44O844K344On44OzPC90aD48dGQ+MjEtMjZjbTwvdGQ+PC90cj48dHI+PHRoPuWvvuixoTwvdGg+PHRkPuODoeODs+OCujwvdGQ+PC90cj48dHI+PHRoPuijvemAoOWbvTwvdGg+PHRkPuaXpeacrDwvdGQ+PC90cj48L3RhYmxlPjwvZGl2PjwvZGl2PjxkaXYgY2xhc3M9InByb2R1Y3QtZGV0YWlsLWJvdHRvbSI+PC9kaXY+PGRpdiBjbGFzcz0icHJvZHVjdC1kZXRhaWwtY29udGVudCI+PHA+bmljaGViPC9wPjwvZGl2PjxzdHlsZSB0eXBlPSJ0ZXh0L2NzcyI+CjwhLS0KCmRpdiNIZWFkZXJLZXl3b3JkIHsKCXBvc2l0aW9uOmFic29sdXRlOwoJdG9wOjYwcHg7LyrkuIDnlarkuIrjgYvjgonjga7kvY3nva4qLwoJbGVmdDozMHB4Oy8q5bem56uv44GL44KJ44Gu5L2N572uKi8KfQoKZGl2I0hlYWRlcktleXdvcmQgc3BhbiB7CgliYWNrZ3JvdW5kOiAjYmYwMDAwOwoJY29sb3I6I2ZmZjsKCWZvbnQtd2VpZ2h0OmJvbGQ7CglwYWRkaW5nOjJweCA1cHg7Cn0KCmRpdiNIZWFkZXJLZXl3b3JkIGEgewoJY29sb3I6IzAwNDRDQzsKfQoKdGQuaW52ZW50b3J5IGZvbnR7Cglmb250LXNpemU6MTBweDsKCWNvbG9yOiM2NjY2NjY7Cn0KCnRkLmludmVudG9yeXsKCXdvcmQtd3JhcDpicmVhay13b3JkOwoJd2lkdGg6MTAwcHg7Cn0KCgotLT4KCjwvc3R5bGU+CgoKCjxkaXYgaWQ9IkhlYWRlcktleXdvcmQiPgo8c3Bhbj7ms6jnm67jga7jgq3jg7zjg6/jg7zjg4k8L3NwYW4+CuODl+ODvOODngrjg6vjgrPjg4Pjgq8K44OK44Kk44KtCuOCouODieODn+ODqeODqwrjg57jg7Pjgrfjg7PjgrDjgqbjgqfjgqLjgIAKPC9kaXY+CgrvvJzvvJzms6jmhI/kuovpoIXvvJ7vvJ48YnI+PGJyPgo8Yj7jgrDjg63jg7zjg5Y8L2I+PGJyPgrjg7vllYblk4HlkI3jgavjg6zjg5Xjg4bjgqPjga7oqJjovInjgYzjgYLjgovllYblk4Hjga/lt6bnlKjjgajjgarjgorjgb7jgZnjgYzjgIHjg6zjg5Xjg4bjgqPllYblk4HjgoLlj7PnlKjjga7nlLvlg4/jgpLmjrLovInjgZfjgabjgYTjgovloLTlkIjjgYzjgYLjgorjgb7jgZnjgII8YnI+PGJyPgo8Yj7ot53pm6LmuKzlrprlmajjga7kv53oqLzmnJ/plpM8L2I+PGJyPgrjg7vllYblk4HjgavlkIzmorHjgZXjgozjgovntI3lk4Hmm7joqJjovInjga7lh7rojbfml6Xku5jjgYvjgokx5bm06ZaT44Gu5L+d6Ki844Go44Gq44KK44G+44GZ44CC5L+d6Ki844Gr44Gk44GE44Gm44Gv44CB6KO95ZOB5LuY5bGe44Gu5L+d6Ki85pu444GK44KI44Gz57SN5ZOB5pu444GM5b+F6KaB44Go44Gq44KK44G+44GZ44CC44GK6LK344GE5LiK44GS5b6M44Gv5aSn5YiH44Gr5L+d566h44GP44Gg44GV44GE44CCPGJyPgrjg7vpm7vljJboo73lk4Hjga/llYblk4Hjga7nibnmgKfkuIrjgIHpgJrpm7vlvozjga7ov5Tlk4Hjg7vkuqTmj5vjgpLjgYrlj5fjgZHjgafjgY3jgb7jgZvjgpPjgILjgb7jgZ/jgIHllYblk4HjgavplqLjgZnjgovmioDooZPnmoTjgarjgYrllY/jgYTlkIjjgo/jgZvjga/jgIHjg6Hjg7zjgqvjg7zjga7jgYrlrqLmp5jjgrvjg7Pjgr/jg7zjgbjnm7TmjqXjgYrllY/jgYTlkIjjgo/jgZvjgY/jgaDjgZXjgYTjgIIKPGJyPjxicj48YnI+PGJyPgo8IS0tIOazqOaWh+mAn+WgsSAtLT4KPGRpdiBpZD0ibmV3LWFycml2YWwiPgoKPC9kaXY+CjwhLS0gL+azqOaWh+mAn+WgsSAtLT4KPGJyPjxicj4KPCEtLSBnZG8g44GK44GZ44GZ44KB5ZWG5ZOBIC0tPgoKPCEtLSAvZ2RvIOOBiuOBmeOBmeOCgeWVhuWTgSAtLT4KPGJyPjxicj4=,44OX44Ot44Ku44Ki44CAUFJHUuOAgOOCsOODreODvOODliBQRy0xMTZQUk9b44K044Or44OVIOOCsOODreODvOODliDmiYvoootd77yaR0RP44K044Or44OV44K344On44OD44OXIOalveWkqeW4guWgtOW6lw==,R0RP44K044Or44OV44OA44Kk44K444Kn44K544OI44O744Kq44Oz44Op44Kk44Oz44OJ44Op44Kk44OQ44O844OV44Kn44Ki44Km44Kn44Kk44Km44OD44OJ44Om44O844OG44Kj44Oq44OG44Kj44Ki44Kk44Ki44Oz44K744OD44OI44Km44Kn44OD44K444OR44K/44O844K044Or44OV44Oc44O844Or44K044Or44OV44Km44Kn44Ki44K044Or44OV44OQ44OD44Kw44K044Or44OV44K344Ol44O844K644OX44Ot44Ku44Ki44CAUFJHUuOAgOOCsOODreODvOODliBQRy0xMTZQUk9b44K044Or44OVIOOCsOODreODvOODliDmiYvoootd,MTPmmYLjgb7jgafjgafjgYLjgZnmpb3lr77lv5zjgILjg5fjg63jgq7jgqLjgIBQUkdS44CA44Kw44Ot44O844OWIFBHLTExNlBST1vjgrTjg6vjg5Ug44Kw44Ot44O844OWIOaJi+iii10=[rn]
25-79816,aHR0cDovL3RzaG9wLnIxMHMuanAvZ2Rvc2hvcC9jYWJpbmV0LzMxNS8wMDAwNDkzMzE1XzEuanBnP2ZpdGluPTcwMDo3MDA=,MTEyMy4yMDAw,,44K544Od44O844OE44O744Ki44Km44OI44OJ44KiID4g44K044Or44OVID4g44Kw44Ot44O844OW,44Oe44Oq44Kv44Os44O844Or44CAbWFyaWUgY2xhaXJl44CA44OP44Oz44OJ44Kr44OQ44O8IOWPs+aJi+eUqCA3MTY5NDTjgIDjg6zjg4fjgqPjgrlb44K044Or44OV55So5ZOBIOOCtOODq+ODleOCsOODreODvOODliBnb2xmIOODrOODh+OCo+ODvOOCuSDlpbPmgKfnlKgg44K044Or44OV55So5omL6KKLIOOCtOODq+ODleaJi+iiiyDjgqLjgq/jgrvjgrXjg6rjg7wgZ2RvIOOCtOODq+ODlV0=,MTPmmYLjgb7jgafjgafjgYLjgZnmpb3lr77lv5w=,PGJyPjxkaXYgY2xhc3M9InByb2R1Y3QtZGV0YWlsIj48ZGl2IGNsYXNzPSJwcm9kdWN0LWRldGFpbC1oZWFkZXIiPjxkaXYgY2xhc3M9InByb2R1Y3QtZGV0YWlsLXRpdGxlIj48cD48c3BhbiBjbGFzcz0icHJvZHVjdC1kZXRhaWwtdGl0bGUtdGV4dCI+44OP44Oz44OJ44Kr44OQ44O8IOWPs+aJi+eUqCA3MTY5NDQ8L3NwYW4+PGJyPjxzcGFuIGNsYXNzPSJwcm9kdWN0LWRldGFpbC1zdWJ0aXRsZS10ZXh0Ij7jg57jg6rjgq/jg6zjg7zjg6sgLyBtYXJpZSBjbGFpcmU8L3NwYW4+PC9wPjwvZGl2PjwvZGl2PjxkaXYgY2xhc3M9InByb2R1Y3QtZGV0YWlsLWNvbnRlbnQiPjxwIGNsYXNzPSJwcm9kdWN0LWRldGFpbC1oZWFkIj7llYblk4Hjga7nibnlvrQ8L3A+PHA+VVbjgqLjgqTjg4bjg6Ag44OP44Oz44OJ44Kr44OQ44O844CC5omL44Gu55Sy44GL44KJ5oyH44G+44Gn44CB57Sr5aSW57ea5a++562W44CC57Sg5omL44Gn44Kw44Oq44OD44OX44GM5o+h44KM44KL44CB5omL44Gu44Gy44KJ44Kq44O844OX44Oz44OH44K244Kk44Oz44CCPGJyIC8+6Kaq5oyH44O75Lit5oyH44O75bCP5oyH44KS5byV44Gj44GL44GR44CB5omL44Gu55Sy44GL44KJ5oyH44G+44Gn44GX44Gj44GL44KK44Go44Ob44O844Or44OJ44CC57Sg5omL44Gu5oSf6Kaa44GM5aSn5LqL44Gr44Gn44GN44KL44CB5ayJ44GX44GE44Ki44Kk44OG44Og44CCPC9wPjx0YWJsZSBjbGFzcz0icHJvZHVjdC1kZXRhaWwtc3BlYyI+PHRyPjx0aD7ntKDmnZA8L3RoPjx0ZD7jg53jg6rjgqjjgrnjg4bjg6s5MO+8heOAgeODneODquOCpuODrOOCv+ODszEw77yFPC90ZD48L3RyPjx0cj48dGg+44K144Kk44K644OQ44Oq44Ko44O844K344On44OzPC90aD48dGQ+44OV44Oq44O877ya55Sy6YOo5YiG6ZW344GVMjHDl+aJi+OBruW5s+mDqOWIhijopqrmjIfjgYvjgZHjgrTjg6Dku5jmoLnjgb7jgacp6ZW344GVMTfDl+WPo+W3vjEwY208L3RkPjwvdHI+PHRyPjx0aD7lr77osaE8L3RoPjx0ZD7jg6zjg4fjgqPjgrk8L3RkPjwvdHI+PHRyPjx0aD7oo73pgKDlm708L3RoPjx0ZD7kuK3lm708L3RkPjwvdHI+PC90YWJsZT48L2Rpdj48L2Rpdj48ZGl2IGNsYXNzPSJwcm9kdWN0LWRldGFpbC1ib3R0b20iPjwvZGl2PjxkaXYgY2xhc3M9InByb2R1Y3QtZGV0YWlsLWNvbnRlbnQiPjxwPuOCouOCpuODiOODrOODg+ODiDwvcD48L2Rpdj48c3R5bGUgdHlwZT0idGV4dC9jc3MiPgo8IS0tCgpkaXYjSGVhZGVyS2V5d29yZCB7Cglwb3NpdGlvbjphYnNvbHV0ZTsKCXRvcDo2MHB4Oy8q5LiA55Wq5LiK44GL44KJ44Gu5L2N572uKi8KCWxlZnQ6MzBweDsvKuW3puerr+OBi+OCieOBruS9jee9riovCn0KCmRpdiNIZWFkZXJLZXl3b3JkIHNwYW4gewoJYmFja2dyb3VuZDogI2JmMDAwMDsKCWNvbG9yOiNmZmY7Cglmb250LXdlaWdodDpib2xkOwoJcGFkZGluZzoycHggNXB4Owp9CgpkaXYjSGVhZGVyS2V5d29yZCBhIHsKCWNvbG9yOiMwMDQ0Q0M7Cn0KCnRkLmludmVudG9yeSBmb250ewoJZm9udC1zaXplOjEwcHg7Cgljb2xvcjojNjY2NjY2Owp9Cgp0ZC5pbnZlbnRvcnl7Cgl3b3JkLXdyYXA6YnJlYWstd29yZDsKCXdpZHRoOjEwMHB4Owp9CgoKLS0+Cgo8L3N0eWxlPgoKCgo8ZGl2IGlkPSJIZWFkZXJLZXl3b3JkIj4KPHNwYW4+5rOo55uu44Gu44Kt44O844Ov44O844OJPC9zcGFuPgrjg5fjg7zjg54K44Or44Kz44OD44KvCuODiuOCpOOCrQrjgqLjg4njg5/jg6njg6sK44Oe44Oz44K344Oz44Kw44Km44Kn44Ki44CACjwvZGl2PgoK77yc77yc5rOo5oSP5LqL6aCF77ye77yePGJyPjxicj4KPGI+44Kw44Ot44O844OWPC9iPjxicj4K44O75ZWG5ZOB5ZCN44Gr44Os44OV44OG44Kj44Gu6KiY6LyJ44GM44GC44KL5ZWG5ZOB44Gv5bem55So44Go44Gq44KK44G+44GZ44GM44CB44Os44OV44OG44Kj5ZWG5ZOB44KC5Y+z55So44Gu55S75YOP44KS5o6y6LyJ44GX44Gm44GE44KL5aC05ZCI44GM44GC44KK44G+44GZ44CCPGJyPjxicj4KPGI+6Led6Zui5ris5a6a5Zmo44Gu5L+d6Ki85pyf6ZaTPC9iPjxicj4K44O75ZWG5ZOB44Gr5ZCM5qKx44GV44KM44KL57SN5ZOB5pu46KiY6LyJ44Gu5Ye66I235pel5LuY44GL44KJMeW5tOmWk+OBruS/neiovOOBqOOBquOCiuOBvuOBmeOAguS/neiovOOBq+OBpOOBhOOBpuOBr+OAgeijveWTgeS7mOWxnuOBruS/neiovOabuOOBiuOCiOOBs+e0jeWTgeabuOOBjOW/heimgeOBqOOBquOCiuOBvuOBmeOAguOBiuiyt+OBhOS4iuOBkuW+jOOBr+Wkp+WIh+OBq+S/neeuoeOBj+OBoOOBleOBhOOAgjxicj4K44O76Zu75YyW6KO95ZOB44Gv5ZWG5ZOB44Gu54m55oCn5LiK44CB6YCa6Zu75b6M44Gu6L+U5ZOB44O75Lqk5o+b44KS44GK5Y+X44GR44Gn44GN44G+44Gb44KT44CC44G+44Gf44CB5ZWG5ZOB44Gr6Zai44GZ44KL5oqA6KGT55qE44Gq44GK5ZWP44GE5ZCI44KP44Gb44Gv44CB44Oh44O844Kr44O844Gu44GK5a6i5qeY44K744Oz44K/44O844G455u05o6l44GK5ZWP44GE5ZCI44KP44Gb44GP44Gg44GV44GE44CCCjxicj48YnI+PGJyPjxicj4KPCEtLSDms6jmlofpgJ/loLEgLS0+CjxkaXYgaWQ9Im5ldy1hcnJpdmFsIj4KCjwvZGl2Pgo8IS0tIC/ms6jmlofpgJ/loLEgLS0+Cjxicj48YnI+CjwhLS0gZ2RvIOOBiuOBmeOBmeOCgeWVhuWTgSAtLT4KCjwhLS0gL2dkbyDjgYrjgZnjgZnjgoHllYblk4EgLS0+Cjxicj48YnI+,44Oe44Oq44Kv44Os44O844Or44CAbWFyaWUgY2xhaXJl44CA44OP44Oz44OJ44Kr44OQ44O8IOWPs+aJi+eUqCA3MTY5NDTjgIDjg6zjg4fjgqPjgrlb44K044Or44OV55So5ZOBIOOCtOODq+ODleOCsOODreODvOODliBnb2xmIOODrOODh+OCo+ODvOOCuSDlpbPmgKfnlKgg44K044Or44OV55So5omL6KKLIOOCtOODq+ODleaJi+iiiyDjgqLjgq/jgrvjgrXjg6rjg7wgZ2RvIOOCtOODq+ODlV3vvJpHRE/jgrTjg6vjg5Xjgrfjg6fjg4Pjg5cg5qW95aSp5biC5aC05bqX,R0RP44K044Or44OV44OA44Kk44K444Kn44K544OI44O744Kq44Oz44Op44Kk44Oz44OJ44Op44Kk44OQ44O844OV44Kn44Ki44Km44Kn44Kk44Km44OD44OJ44Om44O844OG44Kj44Oq44OG44Kj44Ki44Kk44Ki44Oz44K744OD44OI44Km44Kn44OD44K444OR44K/44O844K044Or44OV44Oc44O844Or44K044Or44OV44Km44Kn44Ki44K044Or44OV44OQ44OD44Kw44K044Or44OV44K344Ol44O844K644Oe44Oq44Kv44Os44O844Or44CAbWFyaWUgY2xhaXJl44CA44OP44Oz44OJ44Kr44OQ44O8IOWPs+aJi+eUqCA3MTY5NDTjgIDjg6zjg4fjgqPjgrlb44K044Or44OV55So5ZOBIOOCtOODq+ODleOCsOODreODvOODliBnb2xmIOODrOODh+OCo+ODvOOCuSDlpbPmgKfnlKgg44K044Or44OV55So5omL6KKLIOOCtOODq+ODleaJi+iiiyDjgqLjgq/jgrvjgrXjg6rjg7wgZ2RvIOOCtOODq+ODlV0=,MTPmmYLjgb7jgafjgafjgYLjgZnmpb3lr77lv5zjgILjg57jg6rjgq/jg6zjg7zjg6vjgIBtYXJpZSBjbGFpcmXjgIDjg4/jg7Pjg4njgqvjg5Djg7wg5Y+z5omL55SoIDcxNjk0NOOAgOODrOODh+OCo+OCuVvjgrTjg6vjg5XnlKjlk4Eg44K044Or44OV44Kw44Ot44O844OWIGdvbGYg44Os44OH44Kj44O844K5IOWls+aAp+eUqCDjgrTjg6vjg5XnlKjmiYvooosg44K044Or44OV5omL6KKLIOOCouOCr+OCu+OCteODquODvCBnZG8g44K044Or44OVXQ==[rn]
25-79817,aHR0cDovL3RzaG9wLnIxMHMuanAvZ2Rvc2hvcC9jYWJpbmV0LzExOC8wMDAwNTEyMTE4XzEuanBnP2ZpdGluPTcwMDo3MDA=,Mjg1MS4yMDAw,,44K544Od44O844OE44O744Ki44Km44OI44OJ44KiID4g44K044Or44OVID4g44Kw44Ot44O844OW,44OW44Oq44OC44K544OI44Oz44CAQlJJREdFU1RPTkXjgIBGSVQgTEFEWSDjgrDjg63jg7zjg5Yg5Lih5omL55SoIEdMRzc3SuOAgOODrOODh+OCo+OCuQ==,MTPmmYLjgb7jgafjgafjgYLjgZnmpb3lr77lv5w=,PGJyPjxkaXYgY2xhc3M9InByb2R1Y3QtZGV0YWlsIj48ZGl2IGNsYXNzPSJwcm9kdWN0LWRldGFpbC1oZWFkZXIiPjxkaXYgY2xhc3M9InByb2R1Y3QtZGV0YWlsLXRpdGxlIj48cD48c3BhbiBjbGFzcz0icHJvZHVjdC1kZXRhaWwtdGl0bGUtdGV4dCI+RklUIExBRFkg44Kw44Ot44O844OWIOS4oeaJi+eUqCBHTEc3N0o8L3NwYW4+PGJyPjxzcGFuIGNsYXNzPSJwcm9kdWN0LWRldGFpbC1zdWJ0aXRsZS10ZXh0Ij7jg5bjg6rjg4Ljgrnjg4jjg7MgLyBCUklER0VTVE9ORSBHT0xGPC9zcGFuPjwvcD48L2Rpdj48L2Rpdj48ZGl2IGNsYXNzPSJwcm9kdWN0LWRldGFpbC1jb250ZW50Ij48cCBjbGFzcz0icHJvZHVjdC1kZXRhaWwtaGVhZCI+5ZWG5ZOB44Gu54m55b60PC9wPjxwPuODleOCo+ODg+ODiOaEn+OCkui/veaxguOBl+OBn+ODqeOCpOODs+OCueODiOODvOODs+S7mOOBjeOCsOODreODvOODljxiciAvPuOAkOWEquOCjOOBn+ODleOCo+ODg+ODiOaAp+iDveOAkeaJi+OBruOBsuOCieWBtOOBq+OBr+OAgSjmoKop44Kv44Op44Os44Gu44K944OV44OI44Gq6aKo5ZCI44GE44Gu5Lq65bel55qu6Z2pKOOCr+ODqeODquODvOODjiYjMTc0O+OCveODleODquODiiYjMTc0OynjgpLkvb/nlKjjgILjgrDjg6rjg4Pjg5fmmYLjga7jg5XjgqPjg4Pjg4jmgKfjgavliqDjgYjjgIHpgJrmsJfmgKfjg7vpgI/mub/mgKfjgavjgoLlhKrjgozjgZ/ntKDmnZDjgafjgZnjgII8YnIgLz7jgJDjg4fjgrbjgqTjg7PjgJHmiYvjga7nlLLjgavjga/jgIHoirHmqKHmp5jjga7jg6/jg7Pjg53jgqTjg7Pjg4jjgpLjg4fjgrbjgqTjg7PjgILjg57jg7zjgq/pg6jliIbjgavjgoLjg6njg6HjgpLphY3nva7jgZfjgabjgIHlpbPmgKfjgonjgZfjgYToj6/jgoTjgYvjgarjg4fjgrbjgqTjg7Pjgavku5XkuIrjgZLjgabjgYTjgb7jgZnjgII8L3A+PHRhYmxlIGNsYXNzPSJwcm9kdWN0LWRldGFpbC1zcGVjIj48dHI+PHRoPue0oOadkDwvdGg+PHRkPuS6uuW3peearumdqeOAgeWQiOaIkOearumdqTwvdGQ+PC90cj48dHI+PHRoPuOCteOCpOOCuuODkOODquOCqOODvOOCt+ODp+ODszwvdGg+PHRkPjE4LTIxY208L3RkPjwvdHI+PHRyPjx0aD7lr77osaE8L3RoPjx0ZD7jg6zjg4fjgqPjgrk8L3RkPjwvdHI+PHRyPjx0aD7oo73pgKDlm708L3RoPjx0ZD7jg5njg4jjg4rjg6A8L3RkPjwvdHI+PC90YWJsZT48L2Rpdj48L2Rpdj48ZGl2IGNsYXNzPSJwcm9kdWN0LWRldGFpbC1ib3R0b20iPjwvZGl2PjxkaXYgY2xhc3M9InByb2R1Y3QtZGV0YWlsLWNvbnRlbnQiPjxwPmJzZ3ZjcDwvcD48L2Rpdj48c3R5bGUgdHlwZT0idGV4dC9jc3MiPgo8IS0tCgpkaXYjSGVhZGVyS2V5d29yZCB7Cglwb3NpdGlvbjphYnNvbHV0ZTsKCXRvcDo2MHB4Oy8q5LiA55Wq5LiK44GL44KJ44Gu5L2N572uKi8KCWxlZnQ6MzBweDsvKuW3puerr+OBi+OCieOBruS9jee9riovCn0KCmRpdiNIZWFkZXJLZXl3b3JkIHNwYW4gewoJYmFja2dyb3VuZDogI2JmMDAwMDsKCWNvbG9yOiNmZmY7Cglmb250LXdlaWdodDpib2xkOwoJcGFkZGluZzoycHggNXB4Owp9CgpkaXYjSGVhZGVyS2V5d29yZCBhIHsKCWNvbG9yOiMwMDQ0Q0M7Cn0KCnRkLmludmVudG9yeSBmb250ewoJZm9udC1zaXplOjEwcHg7Cgljb2xvcjojNjY2NjY2Owp9Cgp0ZC5pbnZlbnRvcnl7Cgl3b3JkLXdyYXA6YnJlYWstd29yZDsKCXdpZHRoOjEwMHB4Owp9CgoKLS0+Cgo8L3N0eWxlPgoKCgo8ZGl2IGlkPSJIZWFkZXJLZXl3b3JkIj4KPHNwYW4+5rOo55uu44Gu44Kt44O844Ov44O844OJPC9zcGFuPgrjg5fjg7zjg54K44Or44Kz44OD44KvCuODiuOCpOOCrQrjgqLjg4njg5/jg6njg6sK44Oe44Oz44K344Oz44Kw44Km44Kn44Ki44CACjwvZGl2PgoK77yc77yc5rOo5oSP5LqL6aCF77ye77yePGJyPjxicj4KPGI+44Kw44Ot44O844OWPC9iPjxicj4K44O75ZWG5ZOB5ZCN44Gr44Os44OV44OG44Kj44Gu6KiY6LyJ44GM44GC44KL5ZWG5ZOB44Gv5bem55So44Go44Gq44KK44G+44GZ44GM44CB44Os44OV44OG44Kj5ZWG5ZOB44KC5Y+z55So44Gu55S75YOP44KS5o6y6LyJ44GX44Gm44GE44KL5aC05ZCI44GM44GC44KK44G+44GZ44CCPGJyPjxicj4KPGI+6Led6Zui5ris5a6a5Zmo44Gu5L+d6Ki85pyf6ZaTPC9iPjxicj4K44O75ZWG5ZOB44Gr5ZCM5qKx44GV44KM44KL57SN5ZOB5pu46KiY6LyJ44Gu5Ye66I235pel5LuY44GL44KJMeW5tOmWk+OBruS/neiovOOBqOOBquOCiuOBvuOBmeOAguS/neiovOOBq+OBpOOBhOOBpuOBr+OAgeijveWTgeS7mOWxnuOBruS/neiovOabuOOBiuOCiOOBs+e0jeWTgeabuOOBjOW/heimgeOBqOOBquOCiuOBvuOBmeOAguOBiuiyt+OBhOS4iuOBkuW+jOOBr+Wkp+WIh+OBq+S/neeuoeOBj+OBoOOBleOBhOOAgjxicj4K44O76Zu75YyW6KO95ZOB44Gv5ZWG5ZOB44Gu54m55oCn5LiK44CB6YCa6Zu75b6M44Gu6L+U5ZOB44O75Lqk5o+b44KS44GK5Y+X44GR44Gn44GN44G+44Gb44KT44CC44G+44Gf44CB5ZWG5ZOB44Gr6Zai44GZ44KL5oqA6KGT55qE44Gq44GK5ZWP44GE5ZCI44KP44Gb44Gv44CB44Oh44O844Kr44O844Gu44GK5a6i5qeY44K744Oz44K/44O844G455u05o6l44GK5ZWP44GE5ZCI44KP44Gb44GP44Gg44GV44GE44CCCjxicj48YnI+PGJyPjxicj4KPCEtLSDms6jmlofpgJ/loLEgLS0+CjxkaXYgaWQ9Im5ldy1hcnJpdmFsIj4KCjwvZGl2Pgo8IS0tIC/ms6jmlofpgJ/loLEgLS0+Cjxicj48YnI+CjwhLS0gZ2RvIOOBiuOBmeOBmeOCgeWVhuWTgSAtLT4KCjwhLS0gL2dkbyDjgYrjgZnjgZnjgoHllYblk4EgLS0+Cjxicj48YnI+,44OW44Oq44OC44K544OI44Oz44CAQlJJREdFU1RPTkXjgIBGSVQgTEFEWSDjgrDjg63jg7zjg5Yg5Lih5omL55SoIEdMRzc3SuOAgOODrOODh+OCo+OCue+8mkdET+OCtOODq+ODleOCt+ODp+ODg+ODlyDmpb3lpKnluILloLTlupc=,R0RP44K044Or44OV44OA44Kk44K444Kn44K544OI44O744Kq44Oz44Op44Kk44Oz44OJ44Op44Kk44OQ44O844OV44Kn44Ki44Km44Kn44Kk44Km44OD44OJ44Om44O844OG44Kj44Oq44OG44Kj44Ki44Kk44Ki44Oz44K744OD44OI44Km44Kn44OD44K444OR44K/44O844K044Or44OV44Oc44O844Or44K044Or44OV44Km44Kn44Ki44K044Or44OV44OQ44OD44Kw44K044Or44OV44K344Ol44O844K644OW44Oq44OC44K544OI44Oz44CAQlJJREdFU1RPTkXjgIBGSVQgTEFEWSDjgrDjg63jg7zjg5Yg5Lih5omL55SoIEdMRzc3SuOAgOODrOODh+OCo+OCuQ==,MTPmmYLjgb7jgafjgafjgYLjgZnmpb3lr77lv5zjgILjg5bjg6rjg4Ljgrnjg4jjg7PjgIBCUklER0VTVE9OReOAgEZJVCBMQURZIOOCsOODreODvOODliDkuKHmiYvnlKggR0xHNzdK44CA44Os44OH44Kj44K5[rn]
25-79818,aHR0cDovL3RzaG9wLnIxMHMuanAvZ2Rvc2hvcC9jYWJpbmV0LzAyNS8wMDAwNTEwNTI1XzEuanBnP2ZpdGluPTcwMDo3MDA=,NTAxMS4yMDAw,,44K544Od44O844OE44O744Ki44Km44OI44OJ44KiID4g44K044Or44OVID4g44Kw44Ot44O844OW,44Kw44Ot44O844OW44Kk44OD44OI44CAR2xvdmUgSXTjgIDjgrDjg63jg7zjg5Yg5Lih5omL55SoIEdQMjIyLTE244CA44Os44OH44Kj44K5,MTPmmYLjgb7jgafjgafjgYLjgZnmpb3lr77lv5w=,PGJyPjxkaXYgY2xhc3M9InByb2R1Y3QtZGV0YWlsIj48ZGl2IGNsYXNzPSJwcm9kdWN0LWRldGFpbC1oZWFkZXIiPjxkaXYgY2xhc3M9InByb2R1Y3QtZGV0YWlsLXRpdGxlIj48cD48c3BhbiBjbGFzcz0icHJvZHVjdC1kZXRhaWwtdGl0bGUtdGV4dCI+44Kw44Ot44O844OWIOS4oeaJi+eUqCBHUDIyMi0xNjwvc3Bhbj48YnI+PHNwYW4gY2xhc3M9InByb2R1Y3QtZGV0YWlsLXN1YnRpdGxlLXRleHQiPuOCsOODreODvOODluOCpOODg+ODiCAvIEdsb3ZlIEl0PC9zcGFuPjwvcD48L2Rpdj48L2Rpdj48ZGl2IGNsYXNzPSJwcm9kdWN0LWRldGFpbC1jb250ZW50Ij48cCBjbGFzcz0icHJvZHVjdC1kZXRhaWwtaGVhZCI+5ZWG5ZOB44Gu54m55b60PC9wPjxwPuWkqeeEtue+iumdqeOCsOODreODvOODluOAglVWNTDjgILlkIzjgZjjg5fjg6rjg7Pjg4jjgafniYfmiYvjgr/jgqTjg5fjgIHlhajlpKnlgJnjgr/jgqTjg5co5Lih5omL44Gu44G/KeOCguOBguOCiuOBvuOBmeOAgjwvcD48dGFibGUgY2xhc3M9InByb2R1Y3QtZGV0YWlsLXNwZWMiPjx0cj48dGg+57Sg5p2QPC90aD48dGQ+5aSp54S2576K55qu44CB44Op44Kk44Kv44OpPC90ZD48L3RyPjx0cj48dGg+44K144Kk44K644OQ44Oq44Ko44O844K344On44OzPC90aD48dGQ+UygxOC0xOWNtKeOAgU0oMTktMjBjbSnjgIFMKDIwLTIxY20pPC90ZD48L3RyPjx0cj48dGg+5a++6LGhPC90aD48dGQ+44Os44OH44Kj44K5PC90ZD48L3RyPjx0cj48dGg+6KO96YCg5Zu9PC90aD48dGQ+5Lit5Zu9PC90ZD48L3RyPjwvdGFibGU+PC9kaXY+PC9kaXY+PGRpdiBjbGFzcz0icHJvZHVjdC1kZXRhaWwtYm90dG9tIj48L2Rpdj48ZGl2IGNsYXNzPSJwcm9kdWN0LWRldGFpbC1jb250ZW50Ij48cD5zaXNlaWNwPC9wPjwvZGl2PjxzdHlsZSB0eXBlPSJ0ZXh0L2NzcyI+CjwhLS0KCmRpdiNIZWFkZXJLZXl3b3JkIHsKCXBvc2l0aW9uOmFic29sdXRlOwoJdG9wOjYwcHg7LyrkuIDnlarkuIrjgYvjgonjga7kvY3nva4qLwoJbGVmdDozMHB4Oy8q5bem56uv44GL44KJ44Gu5L2N572uKi8KfQoKZGl2I0hlYWRlcktleXdvcmQgc3BhbiB7CgliYWNrZ3JvdW5kOiAjYmYwMDAwOwoJY29sb3I6I2ZmZjsKCWZvbnQtd2VpZ2h0OmJvbGQ7CglwYWRkaW5nOjJweCA1cHg7Cn0KCmRpdiNIZWFkZXJLZXl3b3JkIGEgewoJY29sb3I6IzAwNDRDQzsKfQoKdGQuaW52ZW50b3J5IGZvbnR7Cglmb250LXNpemU6MTBweDsKCWNvbG9yOiM2NjY2NjY7Cn0KCnRkLmludmVudG9yeXsKCXdvcmQtd3JhcDpicmVhay13b3JkOwoJd2lkdGg6MTAwcHg7Cn0KCgotLT4KCjwvc3R5bGU+CgoKCjxkaXYgaWQ9IkhlYWRlcktleXdvcmQiPgo8c3Bhbj7ms6jnm67jga7jgq3jg7zjg6/jg7zjg4k8L3NwYW4+CuODl+ODvOODngrjg6vjgrPjg4Pjgq8K44OK44Kk44KtCuOCouODieODn+ODqeODqwrjg57jg7Pjgrfjg7PjgrDjgqbjgqfjgqLjgIAKPC9kaXY+CgrvvJzvvJzms6jmhI/kuovpoIXvvJ7vvJ48YnI+PGJyPgo8Yj7jgrDjg63jg7zjg5Y8L2I+PGJyPgrjg7vllYblk4HlkI3jgavjg6zjg5Xjg4bjgqPjga7oqJjovInjgYzjgYLjgovllYblk4Hjga/lt6bnlKjjgajjgarjgorjgb7jgZnjgYzjgIHjg6zjg5Xjg4bjgqPllYblk4HjgoLlj7PnlKjjga7nlLvlg4/jgpLmjrLovInjgZfjgabjgYTjgovloLTlkIjjgYzjgYLjgorjgb7jgZnjgII8YnI+PGJyPgo8Yj7ot53pm6LmuKzlrprlmajjga7kv53oqLzmnJ/plpM8L2I+PGJyPgrjg7vllYblk4HjgavlkIzmorHjgZXjgozjgovntI3lk4Hmm7joqJjovInjga7lh7rojbfml6Xku5jjgYvjgokx5bm06ZaT44Gu5L+d6Ki844Go44Gq44KK44G+44GZ44CC5L+d6Ki844Gr44Gk44GE44Gm44Gv44CB6KO95ZOB5LuY5bGe44Gu5L+d6Ki85pu444GK44KI44Gz57SN5ZOB5pu444GM5b+F6KaB44Go44Gq44KK44G+44GZ44CC44GK6LK344GE5LiK44GS5b6M44Gv5aSn5YiH44Gr5L+d566h44GP44Gg44GV44GE44CCPGJyPgrjg7vpm7vljJboo73lk4Hjga/llYblk4Hjga7nibnmgKfkuIrjgIHpgJrpm7vlvozjga7ov5Tlk4Hjg7vkuqTmj5vjgpLjgYrlj5fjgZHjgafjgY3jgb7jgZvjgpPjgILjgb7jgZ/jgIHllYblk4HjgavplqLjgZnjgovmioDooZPnmoTjgarjgYrllY/jgYTlkIjjgo/jgZvjga/jgIHjg6Hjg7zjgqvjg7zjga7jgYrlrqLmp5jjgrvjg7Pjgr/jg7zjgbjnm7TmjqXjgYrllY/jgYTlkIjjgo/jgZvjgY/jgaDjgZXjgYTjgIIKPGJyPjxicj48YnI+PGJyPgo8IS0tIOazqOaWh+mAn+WgsSAtLT4KPGRpdiBpZD0ibmV3LWFycml2YWwiPgoKPC9kaXY+CjwhLS0gL+azqOaWh+mAn+WgsSAtLT4KPGJyPjxicj4KPCEtLSBnZG8g44GK44GZ44GZ44KB5ZWG5ZOBIC0tPgoKPCEtLSAvZ2RvIOOBiuOBmeOBmeOCgeWVhuWTgSAtLT4KPGJyPjxicj4=,44Kw44Ot44O844OW44Kk44OD44OI44CAR2xvdmUgSXTjgIDjgrDjg63jg7zjg5Yg5Lih5omL55SoIEdQMjIyLTE244CA44Os44OH44Kj44K577yaR0RP44K044Or44OV44K344On44OD44OXIOalveWkqeW4guWgtOW6lw==,R0RP44K044Or44OV44OA44Kk44K444Kn44K544OI44O744Kq44Oz44Op44Kk44Oz44OJ44Op44Kk44OQ44O844OV44Kn44Ki44Km44Kn44Kk44Km44OD44OJ44Om44O844OG44Kj44Oq44OG44Kj44Ki44Kk44Ki44Oz44K744OD44OI44Km44Kn44OD44K444OR44K/44O844K044Or44OV44Oc44O844Or44K044Or44OV44Km44Kn44Ki44K044Or44OV44OQ44OD44Kw44K044Or44OV44K344Ol44O844K644Kw44Ot44O844OW44Kk44OD44OI44CAR2xvdmUgSXTjgIDjgrDjg63jg7zjg5Yg5Lih5omL55SoIEdQMjIyLTE244CA44Os44OH44Kj44K5,MTPmmYLjgb7jgafjgafjgYLjgZnmpb3lr77lv5zjgILjgrDjg63jg7zjg5bjgqTjg4Pjg4jjgIBHbG92ZSBJdOOAgOOCsOODreODvOODliDkuKHmiYvnlKggR1AyMjItMTbjgIDjg6zjg4fjgqPjgrk=[rn]
25-79819,aHR0cDovL3RzaG9wLnIxMHMuanAvZ2Rvc2hvcC9jYWJpbmV0LzAyNi8wMDAwNTEwNTI2XzEuanBnP2ZpdGluPTcwMDo3MDA=,NTAxMS4yMDAw,,44K544Od44O844OE44O744Ki44Km44OI44OJ44KiID4g44K044Or44OVID4g44Kw44Ot44O844OW,44Kw44Ot44O844OW44Kk44OD44OI44CAR2xvdmUgSXTjgIDjgrDjg63jg7zjg5Yg5Lih5omL55SoIEdQMjIzLTE244CA44Os44OH44Kj44K5,MTPmmYLjgb7jgafjgafjgYLjgZnmpb3lr77lv5w=,PGJyPjxkaXYgY2xhc3M9InByb2R1Y3QtZGV0YWlsIj48ZGl2IGNsYXNzPSJwcm9kdWN0LWRldGFpbC1oZWFkZXIiPjxkaXYgY2xhc3M9InByb2R1Y3QtZGV0YWlsLXRpdGxlIj48cD48c3BhbiBjbGFzcz0icHJvZHVjdC1kZXRhaWwtdGl0bGUtdGV4dCI+44Kw44Ot44O844OWIOS4oeaJi+eUqCBHUDIyMy0xNjwvc3Bhbj48YnI+PHNwYW4gY2xhc3M9InByb2R1Y3QtZGV0YWlsLXN1YnRpdGxlLXRleHQiPuOCsOODreODvOODluOCpOODg+ODiCAvIEdsb3ZlIEl0PC9zcGFuPjwvcD48L2Rpdj48L2Rpdj48ZGl2IGNsYXNzPSJwcm9kdWN0LWRldGFpbC1jb250ZW50Ij48cCBjbGFzcz0icHJvZHVjdC1kZXRhaWwtaGVhZCI+5ZWG5ZOB44Gu54m55b60PC9wPjxwPuWkqeeEtue+iumdqeOCsOODreODvOODluOAglVWNTDjgILlkIzjgZjjg5fjg6rjg7Pjg4jjgafniYfmiYvjgr/jgqTjg5fjgIHlhajlpKnlgJnjgr/jgqTjg5co5Lih5omL44Gu44G/KeOCguOBguOCiuOBvuOBmeOAgjwvcD48dGFibGUgY2xhc3M9InByb2R1Y3QtZGV0YWlsLXNwZWMiPjx0cj48dGg+57Sg5p2QPC90aD48dGQ+5aSp54S2576K55qu44CB44Op44Kk44Kv44OpPC90ZD48L3RyPjx0cj48dGg+44K144Kk44K644OQ44Oq44Ko44O844K344On44OzPC90aD48dGQ+UygxOC0xOWNtKeOAgU0oMTktMjBjbSnjgIFMKDIwLTIxY20pPC90ZD48L3RyPjx0cj48dGg+5a++6LGhPC90aD48dGQ+44Os44OH44Kj44K5PC90ZD48L3RyPjx0cj48dGg+6KO96YCg5Zu9PC90aD48dGQ+5Lit5Zu9PC90ZD48L3RyPjwvdGFibGU+PC9kaXY+PC9kaXY+PGRpdiBjbGFzcz0icHJvZHVjdC1kZXRhaWwtYm90dG9tIj48L2Rpdj48ZGl2IGNsYXNzPSJwcm9kdWN0LWRldGFpbC1jb250ZW50Ij48cD5zaXNlaWNwPC9wPjwvZGl2PjxzdHlsZSB0eXBlPSJ0ZXh0L2NzcyI+CjwhLS0KCmRpdiNIZWFkZXJLZXl3b3JkIHsKCXBvc2l0aW9uOmFic29sdXRlOwoJdG9wOjYwcHg7LyrkuIDnlarkuIrjgYvjgonjga7kvY3nva4qLwoJbGVmdDozMHB4Oy8q5bem56uv44GL44KJ44Gu5L2N572uKi8KfQoKZGl2I0hlYWRlcktleXdvcmQgc3BhbiB7CgliYWNrZ3JvdW5kOiAjYmYwMDAwOwoJY29sb3I6I2ZmZjsKCWZvbnQtd2VpZ2h0OmJvbGQ7CglwYWRkaW5nOjJweCA1cHg7Cn0KCmRpdiNIZWFkZXJLZXl3b3JkIGEgewoJY29sb3I6IzAwNDRDQzsKfQoKdGQuaW52ZW50b3J5IGZvbnR7Cglmb250LXNpemU6MTBweDsKCWNvbG9yOiM2NjY2NjY7Cn0KCnRkLmludmVudG9yeXsKCXdvcmQtd3JhcDpicmVhay13b3JkOwoJd2lkdGg6MTAwcHg7Cn0KCgotLT4KCjwvc3R5bGU+CgoKCjxkaXYgaWQ9IkhlYWRlcktleXdvcmQiPgo8c3Bhbj7ms6jnm67jga7jgq3jg7zjg6/jg7zjg4k8L3NwYW4+CuODl+ODvOODngrjg6vjgrPjg4Pjgq8K44OK44Kk44KtCuOCouODieODn+ODqeODqwrjg57jg7Pjgrfjg7PjgrDjgqbjgqfjgqLjgIAKPC9kaXY+CgrvvJzvvJzms6jmhI/kuovpoIXvvJ7vvJ48YnI+PGJyPgo8Yj7jgrDjg63jg7zjg5Y8L2I+PGJyPgrjg7vllYblk4HlkI3jgavjg6zjg5Xjg4bjgqPjga7oqJjovInjgYzjgYLjgovllYblk4Hjga/lt6bnlKjjgajjgarjgorjgb7jgZnjgYzjgIHjg6zjg5Xjg4bjgqPllYblk4HjgoLlj7PnlKjjga7nlLvlg4/jgpLmjrLovInjgZfjgabjgYTjgovloLTlkIjjgYzjgYLjgorjgb7jgZnjgII8YnI+PGJyPgo8Yj7ot53pm6LmuKzlrprlmajjga7kv53oqLzmnJ/plpM8L2I+PGJyPgrjg7vllYblk4HjgavlkIzmorHjgZXjgozjgovntI3lk4Hmm7joqJjovInjga7lh7rojbfml6Xku5jjgYvjgokx5bm06ZaT44Gu5L+d6Ki844Go44Gq44KK44G+44GZ44CC5L+d6Ki844Gr44Gk44GE44Gm44Gv44CB6KO95ZOB5LuY5bGe44Gu5L+d6Ki85pu444GK44KI44Gz57SN5ZOB5pu444GM5b+F6KaB44Go44Gq44KK44G+44GZ44CC44GK6LK344GE5LiK44GS5b6M44Gv5aSn5YiH44Gr5L+d566h44GP44Gg44GV44GE44CCPGJyPgrjg7vpm7vljJboo73lk4Hjga/llYblk4Hjga7nibnmgKfkuIrjgIHpgJrpm7vlvozjga7ov5Tlk4Hjg7vkuqTmj5vjgpLjgYrlj5fjgZHjgafjgY3jgb7jgZvjgpPjgILjgb7jgZ/jgIHllYblk4HjgavplqLjgZnjgovmioDooZPnmoTjgarjgYrllY/jgYTlkIjjgo/jgZvjga/jgIHjg6Hjg7zjgqvjg7zjga7jgYrlrqLmp5jjgrvjg7Pjgr/jg7zjgbjnm7TmjqXjgYrllY/jgYTlkIjjgo/jgZvjgY/jgaDjgZXjgYTjgIIKPGJyPjxicj48YnI+PGJyPgo8IS0tIOazqOaWh+mAn+WgsSAtLT4KPGRpdiBpZD0ibmV3LWFycml2YWwiPgoKPC9kaXY+CjwhLS0gL+azqOaWh+mAn+WgsSAtLT4KPGJyPjxicj4KPCEtLSBnZG8g44GK44GZ44GZ44KB5ZWG5ZOBIC0tPgoKPCEtLSAvZ2RvIOOBiuOBmeOBmeOCgeWVhuWTgSAtLT4KPGJyPjxicj4=,44Kw44Ot44O844OW44Kk44OD44OI44CAR2xvdmUgSXTjgIDjgrDjg63jg7zjg5Yg5Lih5omL55SoIEdQMjIzLTE244CA44Os44OH44Kj44K577yaR0RP44K044Or44OV44K344On44OD44OXIOalveWkqeW4guWgtOW6lw==,R0RP44K044Or44OV44OA44Kk44K444Kn44K544OI44O744Kq44Oz44Op44Kk44Oz44OJ44Op44Kk44OQ44O844OV44Kn44Ki44Km44Kn44Kk44Km44OD44OJ44Om44O844OG44Kj44Oq44OG44Kj44Ki44Kk44Ki44Oz44K744OD44OI44Km44Kn44OD44K444OR44K/44O844K044Or44OV44Oc44O844Or44K044Or44OV44Km44Kn44Ki44K044Or44OV44OQ44OD44Kw44K044Or44OV44K344Ol44O844K644Kw44Ot44O844OW44Kk44OD44OI44CAR2xvdmUgSXTjgIDjgrDjg63jg7zjg5Yg5Lih5omL55SoIEdQMjIzLTE244CA44Os44OH44Kj44K5,MTPmmYLjgb7jgafjgafjgYLjgZnmpb3lr77lv5zjgILjgrDjg63jg7zjg5bjgqTjg4Pjg4jjgIBHbG92ZSBJdOOAgOOCsOODreODvOODliDkuKHmiYvnlKggR1AyMjMtMTbjgIDjg6zjg4fjgqPjgrk=[rn]
25-79820,aHR0cDovL3RzaG9wLnIxMHMuanAvamVlcC9jYWJpbmV0LzA0OTM4NDk2L2ltZ3JjMDA4NTQ0NDQ4MS5qcGc/Zml0aW49NzAwOjcwMA==,NjU5LjIwMDA=,,44K544Od44O844OE44O744Ki44Km44OI44OJ44KiID4g44K044Or44OVID4g44Kw44Ot44O844OW,44CQ44K044Or44OV44CR44CQ44Kw44Ot44O844OW44CR44CQ5Zyo5bqr6ZmQ44KK44CR44Ki44OH44Kj44OA44K5IGFkaWRhcyDjg4/jgqQg44OR44Ov44O844OQ44Oz44OJIOOCsOODreODvOODliBbUVI3MTBd44CQ5omL6KKL44CR,56uL5L2T6KOB5pat44Go44OR44Ov44O844OQ44Oz44OJ44Gn6Imv44OV44Kj44OD44OI5oSfIQ==,PHN0eWxlIFRZUEU9InRleHQvY3NzIj4KLmJpZyB7CmRpc3BsYXk6IGJsb2NrOwp3aWR0aDo3NzBweDsKaGVpZ2h0OiBhdXRvOwpjb2xvcjogI2ZmZmZmZjsKZm9udC1zaXplOiAxNHB4OwpsaW5lLWhlaWdodDogMjBweDsKZm9udC13ZWlnaHQ6IGJvbGQ7CmxldHRlci1zcGFjaW5nOiAwOwpiYWNrZ3JvdW5kOiAjMDAwMDQwOwpib3JkZXItbGVmdDogM3B4IHNvbGlkICMwMDAwNDA7Cm1hcmdpbjogMCAwIDEwcHg7CnBhZGRpbmc6IDVweCAxMHB4Owp0ZXh0LWFsaWduOiBsZWZ0Owp2ZXJ0aWNhbC1hbGlnbjogYmFzZWxpbmU7CmNsZWFyOiBib3RoOwp9Ci5iaWdiaWcgewp3aWR0aDogYXV0bzsKaGVpZ2h0OiBhdXRvOwpjb2xvcjogIzMzMzMzMzsKZm9udC1zaXplOiAxNXB4OwpsaW5lLWhlaWdodDogMjVweDsKZm9udC13ZWlnaHQ6IGJvbGQ7CmxldHRlci1zcGFjaW5nOiAwOwptYXJnaW46IDA7CnBhZGRpbmc6IDA7CnRleHQtYWxpZ246IGxlZnQ7CnZlcnRpY2FsLWFsaWduOiBiYXNlbGluZTsKY2xlYXI6IGJvdGg7Cn0KCmltZyB7IGJvcmRlcjpub25lOyB9CgouZm9udDEgeyBmb250LXNpemU6MTRweDsKICAgICAgICAgY29sb3I6IzMzMzMzMzsKIHdpZHRoOmF1dG87CiBsaW5lLWhlaWdodDoyMHB4OwogfQogCi5jZW50ZXIgeyB0ZXh0LWFsaWduOmNlbnRlcjsgfQo8L3N0eWxlPgoKPGRpdiBjbGFzcz0iZm9udDEiPgo8ZGl2IGNsYXNzPSJiaWciPuOCouODh+OCo+ODgOOCuSBhZGlkYXMg44OP44KkIOODkeODr+ODvOODkOODs+ODiSDjgrDjg63jg7zjg5YgW1FSNzEwXTwvZGl2Pgo8dGl0bGU+44Ki44OH44Kj44OA44K5IGFkaWRhcyDjg4/jgqQg44OR44Ov44O844OQ44Oz44OJIOOCsOODreODvOODliBbUVI3MTBdPC90aXRsZT4KCjxkaXYgYWxpZ249ImNlbnRlciI+PGJyIC8+CiAgCiAgPGltZyBzcmM9Imh0dHA6Ly9pbWFnZS5yYWt1dGVuLmNvLmpwL2plZXAvY2FiaW5ldC8wNDkzODQ5Ni9pbWdyYzAwODU0NDQ0ODIuanBnIj48YnIgLz4KPGJyIC8+CjxiciAvPgoKPC9kaXY+CgoKPGRpdiBjbGFzcz0iYmlnIj7nq4vkvZPoo4Hmlq3jgajjg5Hjg6/jg7zjg5Djg7Pjg4njgafoia/jg5XjgqPjg4Pjg4jmhJ8h5YWo5aSp5YCZ5a++5b+c44Kw44Ot44O844OWITwvZGl2PgrilqDnibnlvrQ6PGJyIC8+CuODu+ODj+OCpOODkeODr+ODvOODkOODs+ODieODmeODq+ODiDxiciAvPgrjg7vjg4/jgqTjgrDjg6rjg4Pjg5fliqDlt6Uo5bmz6YOoKTxiciAvPgrjg7vnq4vkvZPoo4Hmlq08YnIgLz4K44O75YWo5aSp5YCZ5a++5b+cPGJyIC8+CjxiciAvPgo8YnIgLz4K4pag57Sg5p2QOjxiciAvPgrjg7vnlLLpg6g65ZCI5oiQ55qu6Z2pPGJyIC8+CuODu+W5s+mDqDrlkIjmiJDnmq7pnanjgIHkurrlt6Xnmq7pnanjgrnjgqjjg7zjg4k8YnIgLz4K44O744Oh44OD44K344Ol6YOoOuODneODquOCqOOCueODhuODqzxiciAvPgo8YnIgLz4KPGJyIC8+CuKWoOOCteOCpOOCujoyMe+9njI2Y208YnIgLz4K4pag44Kr44Op44O8OjxiciAvPgrjg7vjg5vjg6/jgqTjg4gv44OW44Op44OD44KvPGJyIC8+CuODu+ODm+ODr+OCpOODiC/jg6zjg4Pjg4k8YnIgLz4K44O744OW44Op44OD44KvPGJyIC8+CjxiciAvPgo8YnIgLz4KCgo8L3RyPgo8L3RhYmxlPgo8L2Rpdj4KPCEtLWZvbnQxLS0+PGltZyBzcmM9Imh0dHA6Ly9pbWFnZS5yYWt1dGVuLmNvLmpwL2plZXAvY2FiaW5ldC8wNDk4NTU0MC9pbWdyYzAwOTU4OTM0NzEuanBnIj48c3R5bGUgdHlwZT0idGV4dC9jc3MiPgoKdWwubWVudSB7Cm1hcmdpbjogMDsKcGFkZGluZzogNXB4OwpsaXN0LXN0eWxlLXR5cGU6IG5vbmU7Cn0KCnVsLm1lbnUgbGkgewpmbG9hdDpsZWZ0Owp3aWR0aDogOGVtOwptYXJnaW4tbGVmdDogOHB4OwpwYWRkaW5nOiAycHg7CmJvcmRlcjogMXB4ICMxOTE5NzAgc29saWQ7CnRleHQtYWxpZ246IGNlbnRlcjsKZm9udC1zaXplOjEycHg7CmJhY2tncm91bmQtY29sb3I6I2YwZjhmZjsKZm9udC1mYW1pbHk6ICLjg6HjgqTjg6rjgqoiLCAiTWVpcnlvIiwgIu+8re+8syDjgrTjgrfjg4Pjgq8iLCAiTVMgR290aGljIiwgIuODkuODqeOCruODjuinkuOCtCBQcm8gVzMiLCAiSGlyYWdpbm8gS2FrdSBHb3RoaWMgUHJvIiwgIk9zYWthIiwgIu+8re+8syDvvLDjgrTjgrfjg4Pjgq8iLCAiTVMgUEdvdGhpYyIsICJTYW5zLVNlcmlmIjsKbGluZS1oZWlnaHQ6MThweDsKCn0KCi5jbGVhckxlZnQgewpjbGVhcjogbGVmdDsKbWFyZ2luLWJvdHRvbTogNXB4Owp9Cgp1bC5tZW51MiB7Cm1hcmdpbjogMDsKcGFkZGluZzogM3B4OwpsaXN0LXN0eWxlLXR5cGU6IG5vbmU7Cn0KCnVsLm1lbnUyIGxpIHsKZmxvYXQ6bGVmdDsKd2lkdGg6IDEyMHB4OwptYXJnaW4tcmlnaHQ6IDJweDsKcGFkZGluZzogMXB4Owpib3JkZXI6IG5vbmU7CnRleHQtYWxpZ246IGNlbnRlcjsKZm9udC1zaXplOjExcHg7CmxpbmUtaGVpZ2h0OjE4cHg7CmZvbnQtZmFtaWx5OiAi44Oh44Kk44Oq44KqIiwgIk1laXJ5byIsICLvvK3vvLMg44K044K344OD44KvIiwgIk1TIEdvdGhpYyIsICLjg5Ljg6njgq7jg47op5LjgrQgUHJvIFczIiwgIkhpcmFnaW5vIEtha3UgR290aGljIFBybyIsICJPc2FrYSIsICLvvK3vvLMg77yw44K044K344OD44KvIiwgIk1TIFBHb3RoaWMiLCAiU2Fucy1TZXJpZiI7Cn0KCgouc3R5bGU0IHsKZm9udC1mYW1pbHk6ICLjg6HjgqTjg6rjgqoiLCAiTWVpcnlvIiwgIu+8re+8syDjgrTjgrfjg4Pjgq8iLCAiTVMgR290aGljIiwgIuODkuODqeOCruODjuinkuOCtCBQcm8gVzMiLCAiSGlyYWdpbm8gS2FrdSBHb3RoaWMgUHJvIiwgIk9zYWthIiwgIu+8re+8syDvvLDjgrTjgrfjg4Pjgq8iLCAiTVMgUEdvdGhpYyIsICJTYW5zLVNlcmlmIjsKZm9udC1zaXplOiAxOHB4Owpjb2xvcjogI0ZGMDAwMDsKZm9udC13ZWlnaHQ6IGJvbGQ7Cn0KCi5zdHlsZTUgeyBmb250LWZhbWlseTogIuODoeOCpOODquOCqiIsICJNZWlyeW8iLCAi77yt77yzIOOCtOOCt+ODg+OCryIsICJNUyBHb3RoaWMiLCAi44OS44Op44Ku44OO6KeS44K0IFBybyBXMyIsICJIaXJhZ2lubyBLYWt1IEdvdGhpYyBQcm8iLCAiT3Nha2EiLCAi77yt77yzIO+8sOOCtOOCt+ODg+OCryIsICJNUyBQR290aGljIiwgIlNhbnMtU2VyaWYiOwpmb250LXNpemU6IDEycHg7CmNvbG9yOiAjRkYwMDAwOwp9CgoKPC9zdHlsZT4KCjwhLS3jgYrjgZnjgZnjgoHlkIzmorHllYbmnZDjgZPjgZPjgYvjgoktLT4KPGltZyBzcmM9Imh0dHA6Ly9pbWFnZS5yYWt1dGVuLmNvLmpwL2plZXAvY2FiaW5ldC90b3AtbmV3L2ltZ3JjMDA3MDAxNDAyOC5qcGciIGFsdD0i44GK44GZ44GZ44KB5ZCM5qKx5ZWG5p2QIj4KPHRhYmxlIHdpZHRoPSI3NzAiIGJvcmRlcj0iMCIgY2VsbHNwYWNpbmc9IjUiIGNlbGxwYWRkaW5nPSIwIiBzdHlsZT0id2lkdGg6NzcwcHg7YmFja2dyb3VuZC1jb2xvcjojZmZmZmZmO2JvcmRlci13aWR0aDoxcHg7Ym9yZGVyLXN0eWxlOnNvbGlkO2JvcmRlci1jb2xvcjojYmZiZmJmO2JvcmRlci10b3A6bm9uZTsiPgogIDx0cj4KICAgIDx0ZD4KCQoJICA8dWwgY2xhc3M9Im1lbnUiPgo8bGk+44Oc44O844OrPC9saT4KPGxpPuOCsOODreODvOODljwvbGk+CjxsaT7jg4bjgqPjg7w8L2xpPgo8bGk+44K144Oz44Kw44Op44K5PC9saT4KPGxpPuOCt+ODpeODvOOCujwvbGk+CjxsaT7jg5Djg4PjgrA8L2xpPgoKPC91bD4KCjxkaXYgY2xhc3M9ImNsZWFyTGVmdCI+PC9kaXY+CgogIDx1bCBjbGFzcz0ibWVudSI+CjxsaT7jgqbjgqjjgqI8L2xpPgo8bGk+57e057+S55So5YW3PC9saT4KPGxpPuODrOOCpOODs+OCsOODg+OCujwvbGk+Cgo8L3VsPgoKPGRpdiBjbGFzcz0iY2xlYXJMZWZ0Ij48L2Rpdj4KPGltZyBzcmM9Imh0dHA6Ly9pbWFnZS5yYWt1dGVuLmNvLmpwL2plZXAvY2FiaW5ldC90b3AtbmV3L2ltZ3JjMDA3MDAxNDAzNi5qcGciIGFsdD0i44GK5Yun44KB5ZCM5qKx5ZWG5p2QIj48YnI+Cjx1bCBjbGFzcz0ibWVudTIiPgo8bGk+PGltZyBzcmM9Imh0dHA6Ly9pbWFnZS5yYWt1dGVuLmNvLmpwL2plZXAvY2FiaW5ldC8wNDc3Njk3MC9pbWdyYzAwODg3MDI4NDAuanBnIiB3aWR0aD0iMTEwIiBoZWlnaHQ9IjExMCIgYm9yZGVyPSIwIj48YnI+CuOCreODo+ODreOCpuOCp+OCpDxicj4K44K544O844OR44O844K944OV44OIIOODnOODvOODqzxicj4KMeODgOODvOOCuTEy5YCL5YWl44KKPGJyPgrml6XmnKzku5Xmp5g8YnI+IDxzcGFuIGNsYXNzPSJzdHlsZTQiPjEsOTgwPC9zcGFuPjxzcGFuIGNsYXNzPSJzdHlsZTUiPuWGhijnqI7ovrzvvIk8L3NwYW4+PC9saT4KPGxpPjxpbWcgc3JjPSJodHRwOi8vaW1hZ2UucmFrdXRlbi5jby5qcC9qZWVwL2NhYmluZXQvdG9wLW5ldy9pbWdyYzAwNjcxNDQ3MTMuanBnIiB3aWR0aD0iMTEwIiBoZWlnaHQ9IjExMCIgYm9yZGVyPSIwIj48YnI+CuOAkOWcqOW6q+mZkOOCiuOAkTxicj4K44Op44Kk44OIIOOCvOODrTxicj4K44OV44Oq44Kv44K344On44Oz44OG44Kj44O8PGJyPgrjg6zjgq7jg6Xjg6njg7wgNzBtbTxicj48c3BhbiBjbGFzcz0ic3R5bGU0Ij4zODA8L3NwYW4+PHNwYW4gY2xhc3M9InN0eWxlNSI+5YaGKOeojui+vO+8iTwvc3Bhbj48L2xpPgo8bGk+PGltZyBzcmM9Imh0dHA6Ly9pbWFnZS5yYWt1dGVuLmNvLmpwL2plZXAvY2FiaW5ldC8wNDc3Njk3MC9pbWdyYzAwODMwODQ5NDQuanBnIiB3aWR0aD0iMTEwIiBoZWlnaHQ9IjExMCIgYm9yZGVyPSIwIj48YnI+CuOCouODh+OCo+ODgOOCuTxicj4K44OP44KkIOODkeODr+ODvOODkOODs+ODiTxicj7jgrDjg63jg7zjg5YgW1FSNzEwXTxicj4K5pel5pys5LuV5qeYPGJyPjxzcGFuIGNsYXNzPSJzdHlsZTQiPjg4OTwvc3Bhbj48c3BhbiBjbGFzcz0ic3R5bGU1Ij7lhoYo56iO6L6877yJPC9zcGFuPjwvbGk+CjxsaT48aW1nIHNyYz0iaHR0cDovL2ltYWdlLnJha3V0ZW4uY28uanAvamVlcC9jYWJpbmV0LzA0Nzc2OTcwL2ltZ3JjMDA4NjczNzQxMC5qcGciIHdpZHRoPSIxMTAiIGhlaWdodD0iMTEwIiBib3JkZXI9IjAiPjxicj4K44OK44Kk44Kt44K044Or44OVPGJyPgrjg5Xjgqfjg7zjgrnvvIbjgq/jg6njg5YgPGJyPgrjgrjjg6Pjgqzjg7zjg4njgr/jgqrjg6sgPGJyPgpVU0Hnm7TovLjlhaXlk4E8YnI+PHNwYW4gY2xhc3M9InN0eWxlNCI+MSw5ODA8L3NwYW4+PHNwYW4gY2xhc3M9InN0eWxlNSI+5YaGKOeojui+vO+8iTwvc3Bhbj48L2xpPgo8bGk+PGltZyBzcmM9Imh0dHA6Ly9pbWFnZS5yYWt1dGVuLmNvLmpwL2plZXAvY2FiaW5ldC8wNDc3Njk3MC9pbWdyYzAwOTEyMDQ0MjAuanBnIiB3aWR0aD0iMTEwIiBoZWlnaHQ9IjExMCIgYm9yZGVyPSIwIj48YnI+CuODl+ODvOODnjxicj4KQk9ZJ1MgTE9XIENVVDxicj4K44K944OD44Kv44K5IDbotrPjg5rjgqI8YnI+ClAxMDQyNDAtNDIxPGJyPjxzcGFuIGNsYXNzPSJzdHlsZTQiPjEsOTgwPC9zcGFuPjxzcGFuIGNsYXNzPSJzdHlsZTUiPuWGhijnqI7ovrzvvIk8L3NwYW4+PC9saT4KPGxpPjxpbWcgc3JjPSJodHRwOi8vaW1hZ2UucmFrdXRlbi5jby5qcC9qZWVwL2NhYmluZXQvdG9wLW5ldy9pbWdyYzAwNzczMjcyOTcuanBnIiB3aWR0aD0iMTEwIiBoZWlnaHQ9IjExMCIgYm9yZGVyPSIwIj48YnI+CuODgOOCpOODpDxicj4K5Y+v5oSb44GE44Ki44OL44Oe44OrPGJyPuODnOODvOODq+OCr+ODquODvOODiuODvDxicj4KQVMtMDQ0PGJyPjxzcGFuIGNsYXNzPSJzdHlsZTQiPjg2MDwvc3Bhbj48c3BhbiBjbGFzcz0ic3R5bGU1Ij7lhoYo56iO6L6877yJPC9zcGFuPjwvbGk+Cgo8L3VsPgoKPGRpdiBjbGFzcz0iY2xlYXJMZWZ0Ij48L2Rpdj4KCjwvdGQ+CiAgPC90cj4KPC90YWJsZT4KPCEtLeOBiuOBmeOBmeOCgeWQjOaiseWVhuadkOOBk+OBk+OBvuOBpy0tPg==,44CQ44K044Or44OV44CR44CQ44Kw44Ot44O844OW44CR44CQ5Zyo5bqr6ZmQ44KK44CR44Ki44OH44Kj44OA44K5IGFkaWRhcyDjg4/jgqQg44OR44Ov44O844OQ44Oz44OJIOOCsOODreODvOODliBbUVI3MTBd44CQ5omL6KKL44CR77yaSllQRVImcnNxdW87U++8iOOCuOODvOODkeODvOOCuu+8iQ==,44K044Or44OV44K044Or44OV44Kv44Op44OW44K044Or44OV55So5ZOBSllQRVJT44K444O844OR44O844K6SllQRVInU+a/gOWuiVVTQeebtOi8uOWFpeOCtOODq+ODleOCpuOCqOOCouOCtOODq+ODleOCr+ODqeODluODieODqeOCpOODkOODvOODkeOCv+ODvOOCreODo+ODreOCpuOCp+OCpOODhuODvOODqeODvOODoeOCpOODieOCueODquOCr+OCveODs+OCv+OCpOODiOODquOCueODiOOCtOODq+ODleODnOODvOODq+OCt+ODo+ODleODiEdPTEbjgqLjgqTjgqLjg7PjgJDjgrTjg6vjg5XjgJHjgJDjgrDjg63jg7zjg5bjgJHjgJDlnKjluqvpmZDjgorjgJHjgqLjg4fjgqPjg4DjgrkgYWRpZGFzIOODj+OCpCDjg5Hjg6/jg7zjg5Djg7Pjg4kg44Kw44Ot44O844OWIFtRUjcxMF3jgJDmiYvooovjgJE=,56uL5L2T6KOB5pat44Go44OR44Ov44O844OQ44Oz44OJ44Gn6Imv44OV44Kj44OD44OI5oSfIeOAguOAkOOCtOODq+ODleOAkeOAkOOCsOODreODvOODluOAkeOAkOWcqOW6q+mZkOOCiuOAkeOCouODh+OCo+ODgOOCuSBhZGlkYXMg44OP44KkIOODkeODr+ODvOODkOODs+ODiSDjgrDjg63jg7zjg5YgW1FSNzEwXeOAkOaJi+iii+OAkQ==[rn]
25-79821,aHR0cDovL3RzaG9wLnIxMHMuanAvamVlcC9jYWJpbmV0LzA0NzQ4MDAwL2ltZ3JjMDA4MTc1NDA5NC5qcGc/Zml0aW49NzAwOjcwMA==,ODE1LjIwMDA=,,44K544Od44O844OE44O744Ki44Km44OI44OJ44KiID4g44K044Or44OVID4g44Kw44Ot44O844OW,44CQ44K044Or44OV44CR44CQ44Kw44Ot44O844OW44CR44OV44OD44OI44K444On44KkIEZPT1RKT1kg44Km44Kn44K244O844K944OVIFdlYXRoZXJTb2YgKEZHV0YxNSnjgJDmiYvooovjgJE=,5LiW55WMTm8uMeOBruaUr+aMgeOCkumbhuOCgeOCi+OCpuOCp+OCtuODvOOCveODleOBjOW/q+mBqeaAp+OCkuOBleOCieOBq+mrmOOCgeOBpueZu+WgtA==,PHN0eWxlIFRZUEU9InRleHQvY3NzIj4KLmJpZyB7CmRpc3BsYXk6IGJsb2NrOwp3aWR0aDo3NzBweDsKaGVpZ2h0OiBhdXRvOwpjb2xvcjogI2ZmZmZmZjsKZm9udC1zaXplOiAxNHB4OwpsaW5lLWhlaWdodDogMjBweDsKZm9udC13ZWlnaHQ6IGJvbGQ7CmxldHRlci1zcGFjaW5nOiAwOwpiYWNrZ3JvdW5kOiAjMDAwMDQwOwpib3JkZXItbGVmdDogM3B4IHNvbGlkICMwMDAwNDA7Cm1hcmdpbjogMCAwIDEwcHg7CnBhZGRpbmc6IDVweCAxMHB4Owp0ZXh0LWFsaWduOiBsZWZ0Owp2ZXJ0aWNhbC1hbGlnbjogYmFzZWxpbmU7CmNsZWFyOiBib3RoOwp9Ci5iaWdiaWcgewp3aWR0aDogYXV0bzsKaGVpZ2h0OiBhdXRvOwpjb2xvcjogIzMzMzMzMzsKZm9udC1zaXplOiAxNXB4OwpsaW5lLWhlaWdodDogMjVweDsKZm9udC13ZWlnaHQ6IGJvbGQ7CmxldHRlci1zcGFjaW5nOiAwOwptYXJnaW46IDA7CnBhZGRpbmc6IDA7CnRleHQtYWxpZ246IGxlZnQ7CnZlcnRpY2FsLWFsaWduOiBiYXNlbGluZTsKY2xlYXI6IGJvdGg7Cn0KCmltZyB7IGJvcmRlcjpub25lOyB9CgouZm9udDEgeyBmb250LXNpemU6MTRweDsKICAgICAgICAgY29sb3I6IzMzMzMzMzsKIHdpZHRoOmF1dG87CiBsaW5lLWhlaWdodDoyMHB4OwogfQogCi5jZW50ZXIgeyB0ZXh0LWFsaWduOmNlbnRlcjsgfQo8L3N0eWxlPgoKPGRpdiBjbGFzcz0iZm9udDEiPgo8ZGl2IGNsYXNzPSJiaWciPuOAgOODleODg+ODiOOCuOODp+OCpCBGb290Sm95IFdlYXRoZXJTb2YgKOOCpuOCp+OCtuODvOOCveODlSkg44Kw44Ot44O844OWPC9kaXY+CjxkaXYgYWxpZ249ImNlbnRlciI+PGJyPgogIAogIDxpbWcgc3JjPSJodHRwOi8vaW1hZ2UucmFrdXRlbi5jby5qcC9qZWVwL2NhYmluZXQvMDQ3NDgwMDAvaW1ncmMwMDgxNzU0MDkzLmpwZyI+PGJyIC8+Cjxicj4KPGJyPgo8YnI+CiAgICAKPC9kaXY+CgoKPGRpdiBjbGFzcz0iYmlnIj7kuJbnlYxOby4x44Gu5pSv5oyB44KS6ZuG44KB44KL44Km44Kn44K244O844K944OV44GM44CB5b+r6YGp5oCn44KS44GV44KJ44Gr6auY44KB44Gm55m75aC044CCPC9kaXY+CjxkaXYgY2xhc3M9ImJpZ2JpZyI+4peP44OR44Ov44O844ON44OD44OIIOODoeODg+OCt+ODpTwvZGl2PgrmiYvjga7nlLLpg6jliIbjga7lj6/li5Xln5/jgavjg5Hjg6/jg7zjg43jg4Pjg4jjg6Hjg4Pjgrfjg6XjgpLmjqHnlKjjgZfjgIHlhKrjgozjgZ/kvLjnuK7mgKfjgajpgJrmsJfmgKfjgpLlrp/nj77jgIIgPGJyIC8+CjxiciAvPgo8ZGl2IGNsYXNzPSJiaWdiaWciPuKXj+WQiOaIkOearumdqSvlpKnnhLbnvorpnak8L2Rpdj4K5omL44Gu44Gy44KJ44Go6Kaq5oyH6YOo5YiG44Gu44Kt44O844Ko44Oq44Ki44Gr44Kt44Oj44OW44Os44OD44K/44Os44K244O844KS5o6h55So44GX44CB6auY44GE6ICQ5LmF5oCn44KS5a6f54++44CCPGJyIC8+CjxiciAvPgo8ZGl2IGNsYXNzPSJiaWdiaWciPuKXjzNE44Kz44Oz44OV44Kp44O844K/44OWPC9kaXY+CumAsuWMluOBl+OBn+ODmeODq+OCr+ODremDqOWIhuODreOCtOOCv+ODlu+8iOOCs+ODs+ODleOCqeODvOOCv+ODlu+8ieOBq+OCiOOCiuOAgeaJi+OBruWLleOBjeOBq+W/oOWun+OBq+ODleOCo+ODg+ODiOOAgumrmOOBhOODleOCo+ODg+ODiOaEn+OBqOW/q+mBqeaAp+OCkuWun+ePvuOAgiA8YnIgLz4KPGJyIC8+CjxiciAvPgoKCjxkaXYgY2xhc3M9ImJpZyI+6KO95ZOB5LuV5qeYPC9kaXY+CjxiPuKXh+OCteOCpOOCujoyMe+9njI2Y208L2I+PGJyIC8+CjxiciAvPgo8Yj7il4fntKDmnZA65ZCI5oiQ55qu6Z2p44CB5aSp54S255qu6Z2pPC9iPjxiciAvPgo8YnIgLz4KPGI+4peH44Kr44Op44O8PC9iPjxiciAvPgo8Yj7jg5vjg6/jgqTjg4g8L2I+PGJyIC8+CjxiPuODm+ODr+OCpOODiC/jg6zjg4Pjg4k8L2I+PGJyIC8+CjxiciAvPgo8YnIgLz4KPGJyIC8+CgoKPC90cj4KPC90YWJsZT4KPC9kaXY+CjwhLS1mb250MS0tPjxpbWcgc3JjPSJodHRwOi8vaW1hZ2UucmFrdXRlbi5jby5qcC9qZWVwL2NhYmluZXQvMDQ5ODU1NDAvaW1ncmMwMDk1ODkzNDcxLmpwZyI+PHN0eWxlIHR5cGU9InRleHQvY3NzIj4KCnVsLm1lbnUgewptYXJnaW46IDA7CnBhZGRpbmc6IDVweDsKbGlzdC1zdHlsZS10eXBlOiBub25lOwp9Cgp1bC5tZW51IGxpIHsKZmxvYXQ6bGVmdDsKd2lkdGg6IDhlbTsKbWFyZ2luLWxlZnQ6IDhweDsKcGFkZGluZzogMnB4Owpib3JkZXI6IDFweCAjMTkxOTcwIHNvbGlkOwp0ZXh0LWFsaWduOiBjZW50ZXI7CmZvbnQtc2l6ZToxMnB4OwpiYWNrZ3JvdW5kLWNvbG9yOiNmMGY4ZmY7CmZvbnQtZmFtaWx5OiAi44Oh44Kk44Oq44KqIiwgIk1laXJ5byIsICLvvK3vvLMg44K044K344OD44KvIiwgIk1TIEdvdGhpYyIsICLjg5Ljg6njgq7jg47op5LjgrQgUHJvIFczIiwgIkhpcmFnaW5vIEtha3UgR290aGljIFBybyIsICJPc2FrYSIsICLvvK3vvLMg77yw44K044K344OD44KvIiwgIk1TIFBHb3RoaWMiLCAiU2Fucy1TZXJpZiI7CmxpbmUtaGVpZ2h0OjE4cHg7Cgp9CgouY2xlYXJMZWZ0IHsKY2xlYXI6IGxlZnQ7Cm1hcmdpbi1ib3R0b206IDVweDsKfQoKdWwubWVudTIgewptYXJnaW46IDA7CnBhZGRpbmc6IDNweDsKbGlzdC1zdHlsZS10eXBlOiBub25lOwp9Cgp1bC5tZW51MiBsaSB7CmZsb2F0OmxlZnQ7CndpZHRoOiAxMjBweDsKbWFyZ2luLXJpZ2h0OiAycHg7CnBhZGRpbmc6IDFweDsKYm9yZGVyOiBub25lOwp0ZXh0LWFsaWduOiBjZW50ZXI7CmZvbnQtc2l6ZToxMXB4OwpsaW5lLWhlaWdodDoxOHB4Owpmb250LWZhbWlseTogIuODoeOCpOODquOCqiIsICJNZWlyeW8iLCAi77yt77yzIOOCtOOCt+ODg+OCryIsICJNUyBHb3RoaWMiLCAi44OS44Op44Ku44OO6KeS44K0IFBybyBXMyIsICJIaXJhZ2lubyBLYWt1IEdvdGhpYyBQcm8iLCAiT3Nha2EiLCAi77yt77yzIO+8sOOCtOOCt+ODg+OCryIsICJNUyBQR290aGljIiwgIlNhbnMtU2VyaWYiOwp9CgoKLnN0eWxlNCB7CmZvbnQtZmFtaWx5OiAi44Oh44Kk44Oq44KqIiwgIk1laXJ5byIsICLvvK3vvLMg44K044K344OD44KvIiwgIk1TIEdvdGhpYyIsICLjg5Ljg6njgq7jg47op5LjgrQgUHJvIFczIiwgIkhpcmFnaW5vIEtha3UgR290aGljIFBybyIsICJPc2FrYSIsICLvvK3vvLMg77yw44K044K344OD44KvIiwgIk1TIFBHb3RoaWMiLCAiU2Fucy1TZXJpZiI7CmZvbnQtc2l6ZTogMThweDsKY29sb3I6ICNGRjAwMDA7CmZvbnQtd2VpZ2h0OiBib2xkOwp9Cgouc3R5bGU1IHsgZm9udC1mYW1pbHk6ICLjg6HjgqTjg6rjgqoiLCAiTWVpcnlvIiwgIu+8re+8syDjgrTjgrfjg4Pjgq8iLCAiTVMgR290aGljIiwgIuODkuODqeOCruODjuinkuOCtCBQcm8gVzMiLCAiSGlyYWdpbm8gS2FrdSBHb3RoaWMgUHJvIiwgIk9zYWthIiwgIu+8re+8syDvvLDjgrTjgrfjg4Pjgq8iLCAiTVMgUEdvdGhpYyIsICJTYW5zLVNlcmlmIjsKZm9udC1zaXplOiAxMnB4Owpjb2xvcjogI0ZGMDAwMDsKfQoKCjwvc3R5bGU+Cgo8IS0t44GK44GZ44GZ44KB5ZCM5qKx5ZWG5p2Q44GT44GT44GL44KJLS0+CjxpbWcgc3JjPSJodHRwOi8vaW1hZ2UucmFrdXRlbi5jby5qcC9qZWVwL2NhYmluZXQvdG9wLW5ldy9pbWdyYzAwNzAwMTQwMjguanBnIiBhbHQ9IuOBiuOBmeOBmeOCgeWQjOaiseWVhuadkCI+Cjx0YWJsZSB3aWR0aD0iNzcwIiBib3JkZXI9IjAiIGNlbGxzcGFjaW5nPSI1IiBjZWxscGFkZGluZz0iMCIgc3R5bGU9IndpZHRoOjc3MHB4O2JhY2tncm91bmQtY29sb3I6I2ZmZmZmZjtib3JkZXItd2lkdGg6MXB4O2JvcmRlci1zdHlsZTpzb2xpZDtib3JkZXItY29sb3I6I2JmYmZiZjtib3JkZXItdG9wOm5vbmU7Ij4KICA8dHI+CiAgICA8dGQ+CgkKCSAgPHVsIGNsYXNzPSJtZW51Ij4KPGxpPuODnOODvOODqzwvbGk+CjxsaT7jgrDjg63jg7zjg5Y8L2xpPgo8bGk+44OG44Kj44O8PC9saT4KPGxpPuOCteODs+OCsOODqeOCuTwvbGk+CjxsaT7jgrfjg6Xjg7zjgro8L2xpPgo8bGk+44OQ44OD44KwPC9saT4KCjwvdWw+Cgo8ZGl2IGNsYXNzPSJjbGVhckxlZnQiPjwvZGl2PgoKICA8dWwgY2xhc3M9Im1lbnUiPgo8bGk+44Km44Ko44KiPC9saT4KPGxpPue3tOe/kueUqOWFtzwvbGk+CjxsaT7jg6zjgqTjg7PjgrDjg4Pjgro8L2xpPgoKPC91bD4KCjxkaXYgY2xhc3M9ImNsZWFyTGVmdCI+PC9kaXY+CjxpbWcgc3JjPSJodHRwOi8vaW1hZ2UucmFrdXRlbi5jby5qcC9qZWVwL2NhYmluZXQvdG9wLW5ldy9pbWdyYzAwNzAwMTQwMzYuanBnIiBhbHQ9IuOBiuWLp+OCgeWQjOaiseWVhuadkCI+PGJyPgo8dWwgY2xhc3M9Im1lbnUyIj4KPGxpPjxpbWcgc3JjPSJodHRwOi8vaW1hZ2UucmFrdXRlbi5jby5qcC9qZWVwL2NhYmluZXQvMDQ3NzY5NzAvaW1ncmMwMDg4NzAyODQwLmpwZyIgd2lkdGg9IjExMCIgaGVpZ2h0PSIxMTAiIGJvcmRlcj0iMCI+PGJyPgrjgq3jg6Pjg63jgqbjgqfjgqQ8YnI+CuOCueODvOODkeODvOOCveODleODiCDjg5zjg7zjg6s8YnI+CjHjg4Djg7zjgrkxMuWAi+WFpeOCijxicj4K5pel5pys5LuV5qeYPGJyPiA8c3BhbiBjbGFzcz0ic3R5bGU0Ij4xLDk4MDwvc3Bhbj48c3BhbiBjbGFzcz0ic3R5bGU1Ij7lhoYo56iO6L6877yJPC9zcGFuPjwvbGk+CjxsaT48aW1nIHNyYz0iaHR0cDovL2ltYWdlLnJha3V0ZW4uY28uanAvamVlcC9jYWJpbmV0L3RvcC1uZXcvaW1ncmMwMDY3MTQ0NzEzLmpwZyIgd2lkdGg9IjExMCIgaGVpZ2h0PSIxMTAiIGJvcmRlcj0iMCI+PGJyPgrjgJDlnKjluqvpmZDjgorjgJE8YnI+CuODqeOCpOODiCDjgrzjg608YnI+CuODleODquOCr+OCt+ODp+ODs+ODhuOCo+ODvDxicj4K44Os44Ku44Ol44Op44O8IDcwbW08YnI+PHNwYW4gY2xhc3M9InN0eWxlNCI+MzgwPC9zcGFuPjxzcGFuIGNsYXNzPSJzdHlsZTUiPuWGhijnqI7ovrzvvIk8L3NwYW4+PC9saT4KPGxpPjxpbWcgc3JjPSJodHRwOi8vaW1hZ2UucmFrdXRlbi5jby5qcC9qZWVwL2NhYmluZXQvMDQ3NzY5NzAvaW1ncmMwMDgzMDg0OTQ0LmpwZyIgd2lkdGg9IjExMCIgaGVpZ2h0PSIxMTAiIGJvcmRlcj0iMCI+PGJyPgrjgqLjg4fjgqPjg4Djgrk8YnI+CuODj+OCpCDjg5Hjg6/jg7zjg5Djg7Pjg4k8YnI+44Kw44Ot44O844OWIFtRUjcxMF08YnI+CuaXpeacrOS7leanmDxicj48c3BhbiBjbGFzcz0ic3R5bGU0Ij44ODk8L3NwYW4+PHNwYW4gY2xhc3M9InN0eWxlNSI+5YaGKOeojui+vO+8iTwvc3Bhbj48L2xpPgo8bGk+PGltZyBzcmM9Imh0dHA6Ly9pbWFnZS5yYWt1dGVuLmNvLmpwL2plZXAvY2FiaW5ldC8wNDc3Njk3MC9pbWdyYzAwODY3Mzc0MTAuanBnIiB3aWR0aD0iMTEwIiBoZWlnaHQ9IjExMCIgYm9yZGVyPSIwIj48YnI+CuODiuOCpOOCreOCtOODq+ODlTxicj4K44OV44Kn44O844K577yG44Kv44Op44OWIDxicj4K44K444Oj44Ks44O844OJ44K/44Kq44OrIDxicj4KVVNB55u06Ly45YWl5ZOBPGJyPjxzcGFuIGNsYXNzPSJzdHlsZTQiPjEsOTgwPC9zcGFuPjxzcGFuIGNsYXNzPSJzdHlsZTUiPuWGhijnqI7ovrzvvIk8L3NwYW4+PC9saT4KPGxpPjxpbWcgc3JjPSJodHRwOi8vaW1hZ2UucmFrdXRlbi5jby5qcC9qZWVwL2NhYmluZXQvMDQ3NzY5NzAvaW1ncmMwMDkxMjA0NDIwLmpwZyIgd2lkdGg9IjExMCIgaGVpZ2h0PSIxMTAiIGJvcmRlcj0iMCI+PGJyPgrjg5fjg7zjg548YnI+CkJPWSdTIExPVyBDVVQ8YnI+CuOCveODg+OCr+OCuSA26Laz44Oa44KiPGJyPgpQMTA0MjQwLTQyMTxicj48c3BhbiBjbGFzcz0ic3R5bGU0Ij4xLDk4MDwvc3Bhbj48c3BhbiBjbGFzcz0ic3R5bGU1Ij7lhoYo56iO6L6877yJPC9zcGFuPjwvbGk+CjxsaT48aW1nIHNyYz0iaHR0cDovL2ltYWdlLnJha3V0ZW4uY28uanAvamVlcC9jYWJpbmV0L3RvcC1uZXcvaW1ncmMwMDc3MzI3Mjk3LmpwZyIgd2lkdGg9IjExMCIgaGVpZ2h0PSIxMTAiIGJvcmRlcj0iMCI+PGJyPgrjg4DjgqTjg6Q8YnI+CuWPr+aEm+OBhOOCouODi+ODnuODqzxicj7jg5zjg7zjg6vjgq/jg6rjg7zjg4rjg7w8YnI+CkFTLTA0NDxicj48c3BhbiBjbGFzcz0ic3R5bGU0Ij44NjA8L3NwYW4+PHNwYW4gY2xhc3M9InN0eWxlNSI+5YaGKOeojui+vO+8iTwvc3Bhbj48L2xpPgoKPC91bD4KCjxkaXYgY2xhc3M9ImNsZWFyTGVmdCI+PC9kaXY+Cgo8L3RkPgogIDwvdHI+CjwvdGFibGU+CjwhLS3jgYrjgZnjgZnjgoHlkIzmorHllYbmnZDjgZPjgZPjgb7jgactLT4=,44CQ44K044Or44OV44CR44CQ44Kw44Ot44O844OW44CR44OV44OD44OI44K444On44KkIEZPT1RKT1kg44Km44Kn44K244O844K944OVIFdlYXRoZXJTb2YgKEZHV0YxNSnjgJDmiYvooovjgJHvvJpKWVBFUiZyc3F1bztT77yI44K444O844OR44O844K677yJ,44K044Or44OV44K044Or44OV44Kv44Op44OW44K044Or44OV55So5ZOBSllQRVJT44K444O844OR44O844K6SllQRVInU+a/gOWuiVVTQeebtOi8uOWFpeOCtOODq+ODleOCpuOCqOOCouOCtOODq+ODleOCr+ODqeODluODieODqeOCpOODkOODvOODkeOCv+ODvOOCreODo+ODreOCpuOCp+OCpOODhuODvOODqeODvOODoeOCpOODieOCueODquOCr+OCveODs+OCv+OCpOODiOODquOCueODiOOCtOODq+ODleODnOODvOODq+OCt+ODo+ODleODiEdPTEbjgqLjgqTjgqLjg7PjgJDjgrTjg6vjg5XjgJHjgJDjgrDjg63jg7zjg5bjgJHjg5Xjg4Pjg4jjgrjjg6fjgqQgRk9PVEpPWSDjgqbjgqfjgrbjg7zjgr3jg5UgV2VhdGhlclNvZiAoRkdXRjE1KeOAkOaJi+iii+OAkQ==,5LiW55WMTm8uMeOBruaUr+aMgeOCkumbhuOCgeOCi+OCpuOCp+OCtuODvOOCveODleOBjOW/q+mBqeaAp+OCkuOBleOCieOBq+mrmOOCgeOBpueZu+WgtOOAguOAkOOCtOODq+ODleOAkeOAkOOCsOODreODvOODluOAkeODleODg+ODiOOCuOODp+OCpCBGT09USk9ZIOOCpuOCp+OCtuODvOOCveODlSBXZWF0aGVyU29mIChGR1dGMTUp44CQ5omL6KKL44CR[rn]
25-79822,aHR0cDovL3RzaG9wLnIxMHMuanAvamVlcC9jYWJpbmV0LzA0MTY2MjY2L2ltZ3JjMDA3MDQ0NTkwNy5qcGc/Zml0aW49NzAwOjcwMA==,Mjc0LjQwMDA=,,44K544Od44O844OE44O744Ki44Km44OI44OJ44KiID4g44K044Or44OVID4g44Kw44Ot44O844OW,44CQ54Sh44GP44Gq44KK5qyh56ys57WC5LqG44CR5pyA6auY57Sa5aSp54S2576K6Z2p44Kw44Ot44O844OWIOOAkOa/gOWuieaUvuWHuiHjgJHjgJDjgrTjg6vjg5XjgrDjg63jg7zjg5bjgJE=,44CQ54Sh44GP44Gq44KK5qyh56ys57WC5LqG44CR5pyA6auY57Sa5aSp54S2576K6Z2p44Kw44Ot44O844OW44GM5r+A5a6J6LKp5aOy5LitISE=,PHN0eWxlIFRZUEU9InRleHQvY3NzIj4KLmJpZyB7CmRpc3BsYXk6IGJsb2NrOwp3aWR0aDogNzcwcHg7CmhlaWdodDogYXV0bzsKY29sb3I6ICNmZmZmZmY7CmZvbnQtc2l6ZTogMTRweDsKbGluZS1oZWlnaHQ6IDIwcHg7CmZvbnQtd2VpZ2h0OiBib2xkOwpsZXR0ZXItc3BhY2luZzogMDsKYmFja2dyb3VuZDogIzAwMDA0MDsKYm9yZGVyLWxlZnQ6IDNweCBzb2xpZCAjMDAwMDQwOwptYXJnaW46IDAgMCAxMHB4OwpwYWRkaW5nOiA1cHggMTBweDsKdGV4dC1hbGlnbjogbGVmdDsKdmVydGljYWwtYWxpZ246IGJhc2VsaW5lOwpjbGVhcjogYm90aDsKfQouYmlnYmlnIHsKd2lkdGg6IGF1dG87CmhlaWdodDogYXV0bzsKY29sb3I6ICNGRjY2MDA7CmZvbnQtc2l6ZTogMTVweDsKbGluZS1oZWlnaHQ6IDI1cHg7CmZvbnQtd2VpZ2h0OiBib2xkOwpsZXR0ZXItc3BhY2luZzogMDsKbWFyZ2luOiAwOwpwYWRkaW5nOiAwOwp0ZXh0LWFsaWduOiBsZWZ0Owp2ZXJ0aWNhbC1hbGlnbjogYmFzZWxpbmU7CmNsZWFyOiBib3RoOwp9CgppbWcgeyBib3JkZXI6bm9uZTsgfQoKLmZvbnQxIHsgZm9udC1zaXplOjE0cHg7CiAgICAgICAgIGNvbG9yOiMzMzMzMzM7CiB3aWR0aDo4MDBweDsKIGxpbmUtaGVpZ2h0OjIwcHg7CiB9CiAKLmNlbnRlciB7IHRleHQtYWxpZ246Y2VudGVyOyB9Cjwvc3R5bGU+Cgo8ZGl2IGNsYXNzPSJmb250MSI+CjxkaXYgY2xhc3M9ImJpZyI+44CQ54Sh44GP44Gq44KK5qyh56ys57WC5LqG44CR5pyA6auY57Sa5aSp54S2576K6Z2p44Kw44Ot44O844OWIOOAkOa/gOWuieaUvuWHuiHjgJE8L2Rpdj4KPGRpdiBhbGlnbj0iY2VudGVyIj48YnI+CiAgCiAgPGltZyBzcmM9Imh0dHA6Ly9pbWFnZS5yYWt1dGVuLmNvLmpwL2plZXAvY2FiaW5ldC8wNDE2NjI2Ni9pbWdyYzAwNzA0MTQ5MjkuanBnIj48YnIgLz4KICAKICAgIDxicj4KICAgIAo8L2Rpdj4KCjxkaXYgY2xhc3M9ImJpZyI+5pyA6auY57Sa44Gu5aSp54S2576K6Z2p44KS5L2/55So44GX44Gf5Ly457iu5oCn5oqc576k44Gu44Kw44Ot44O844OWITwvZGl2Pgo8ZGl2IGNsYXNzPSJiaWdiaWciPuKWoOS4gOW6puS9v+OBo+OBn+OCieOChOOBv+OBpOOBjSHmnIDpq5jntJrlpKnnhLbnvorpnanjgpLkvb/nlKg8L2Rpdj4K44O744OV44Kj44OD44OI5oSf44Gr5YSq44KM44CB44G+44KL44Gn57Sg5omL44Gu44KI44GG44Gq5oSf6Kaa44Gn44K544Kk44Oz44Kw44Gn44GN44KLITxiciAvPgrjg7vlvLflipvjgarjgrDjg6rjg4Pjg5flipvjgafjgIHnhKHmhI/orZjjgavnhKHpp4TjgarlipvjgYzlhaXjgorjgavjgY/jgYQhPGJyIC8+CuODu+S9v+OBiOOBsOS9v+OBhuOBu+OBqeaJi+OBq+mmtOafk+OBv+OAgeODleOCo+ODg+ODiOaEn+OCouODg+ODlyE8YnIgLz4K44O76auY44GE5Ly457iu5oCn44Gn5omL44Gr44G044Gj44Gf44KK44OV44Kj44OD44OIITxiciAvPgo8YnIgLz4KPGJyIC8+CuKWoOOCq+ODqeODvDxiciAvPgrjg7vjg5vjg6/jgqTjg4gv44OW44Op44OD44KvPGJyIC8+CuODu+ODm+ODr+OCpOODiC/jg6zjg4Pjg4k8YnIgLz4KPGJyIC8+CjxiciAvPgril4/jgrXjgqTjgro8YnIgLz4KMjJjbS8yM2NtLzI0Y20vMjVjbS8yNmNtPGJyIC8+CjxiciAvPgo8YnIgLz4KPGJyIC8+CgoKCgo8L3RyPgo8L3RhYmxlPgo8L2Rpdj4KPCEtLWZvbnQxLS0+PGltZyBzcmM9Imh0dHA6Ly9pbWFnZS5yYWt1dGVuLmNvLmpwL2plZXAvY2FiaW5ldC8wNDk4NTU0MC9pbWdyYzAwOTU4OTM0NzEuanBnIj48c3R5bGUgdHlwZT0idGV4dC9jc3MiPgoKdWwubWVudSB7Cm1hcmdpbjogMDsKcGFkZGluZzogNXB4OwpsaXN0LXN0eWxlLXR5cGU6IG5vbmU7Cn0KCnVsLm1lbnUgbGkgewpmbG9hdDpsZWZ0Owp3aWR0aDogOGVtOwptYXJnaW4tbGVmdDogOHB4OwpwYWRkaW5nOiAycHg7CmJvcmRlcjogMXB4ICMxOTE5NzAgc29saWQ7CnRleHQtYWxpZ246IGNlbnRlcjsKZm9udC1zaXplOjEycHg7CmJhY2tncm91bmQtY29sb3I6I2YwZjhmZjsKZm9udC1mYW1pbHk6ICLjg6HjgqTjg6rjgqoiLCAiTWVpcnlvIiwgIu+8re+8syDjgrTjgrfjg4Pjgq8iLCAiTVMgR290aGljIiwgIuODkuODqeOCruODjuinkuOCtCBQcm8gVzMiLCAiSGlyYWdpbm8gS2FrdSBHb3RoaWMgUHJvIiwgIk9zYWthIiwgIu+8re+8syDvvLDjgrTjgrfjg4Pjgq8iLCAiTVMgUEdvdGhpYyIsICJTYW5zLVNlcmlmIjsKbGluZS1oZWlnaHQ6MThweDsKCn0KCi5jbGVhckxlZnQgewpjbGVhcjogbGVmdDsKbWFyZ2luLWJvdHRvbTogNXB4Owp9Cgp1bC5tZW51MiB7Cm1hcmdpbjogMDsKcGFkZGluZzogM3B4OwpsaXN0LXN0eWxlLXR5cGU6IG5vbmU7Cn0KCnVsLm1lbnUyIGxpIHsKZmxvYXQ6bGVmdDsKd2lkdGg6IDEyMHB4OwptYXJnaW4tcmlnaHQ6IDJweDsKcGFkZGluZzogMXB4Owpib3JkZXI6IG5vbmU7CnRleHQtYWxpZ246IGNlbnRlcjsKZm9udC1zaXplOjExcHg7CmxpbmUtaGVpZ2h0OjE4cHg7CmZvbnQtZmFtaWx5OiAi44Oh44Kk44Oq44KqIiwgIk1laXJ5byIsICLvvK3vvLMg44K044K344OD44KvIiwgIk1TIEdvdGhpYyIsICLjg5Ljg6njgq7jg47op5LjgrQgUHJvIFczIiwgIkhpcmFnaW5vIEtha3UgR290aGljIFBybyIsICJPc2FrYSIsICLvvK3vvLMg77yw44K044K344OD44KvIiwgIk1TIFBHb3RoaWMiLCAiU2Fucy1TZXJpZiI7Cn0KCgouc3R5bGU0IHsKZm9udC1mYW1pbHk6ICLjg6HjgqTjg6rjgqoiLCAiTWVpcnlvIiwgIu+8re+8syDjgrTjgrfjg4Pjgq8iLCAiTVMgR290aGljIiwgIuODkuODqeOCruODjuinkuOCtCBQcm8gVzMiLCAiSGlyYWdpbm8gS2FrdSBHb3RoaWMgUHJvIiwgIk9zYWthIiwgIu+8re+8syDvvLDjgrTjgrfjg4Pjgq8iLCAiTVMgUEdvdGhpYyIsICJTYW5zLVNlcmlmIjsKZm9udC1zaXplOiAxOHB4Owpjb2xvcjogI0ZGMDAwMDsKZm9udC13ZWlnaHQ6IGJvbGQ7Cn0KCi5zdHlsZTUgeyBmb250LWZhbWlseTogIuODoeOCpOODquOCqiIsICJNZWlyeW8iLCAi77yt77yzIOOCtOOCt+ODg+OCryIsICJNUyBHb3RoaWMiLCAi44OS44Op44Ku44OO6KeS44K0IFBybyBXMyIsICJIaXJhZ2lubyBLYWt1IEdvdGhpYyBQcm8iLCAiT3Nha2EiLCAi77yt77yzIO+8sOOCtOOCt+ODg+OCryIsICJNUyBQR290aGljIiwgIlNhbnMtU2VyaWYiOwpmb250LXNpemU6IDEycHg7CmNvbG9yOiAjRkYwMDAwOwp9CgoKPC9zdHlsZT4KCjwhLS3jgYrjgZnjgZnjgoHlkIzmorHllYbmnZDjgZPjgZPjgYvjgoktLT4KPGltZyBzcmM9Imh0dHA6Ly9pbWFnZS5yYWt1dGVuLmNvLmpwL2plZXAvY2FiaW5ldC90b3AtbmV3L2ltZ3JjMDA3MDAxNDAyOC5qcGciIGFsdD0i44GK44GZ44GZ44KB5ZCM5qKx5ZWG5p2QIj4KPHRhYmxlIHdpZHRoPSI3NzAiIGJvcmRlcj0iMCIgY2VsbHNwYWNpbmc9IjUiIGNlbGxwYWRkaW5nPSIwIiBzdHlsZT0id2lkdGg6NzcwcHg7YmFja2dyb3VuZC1jb2xvcjojZmZmZmZmO2JvcmRlci13aWR0aDoxcHg7Ym9yZGVyLXN0eWxlOnNvbGlkO2JvcmRlci1jb2xvcjojYmZiZmJmO2JvcmRlci10b3A6bm9uZTsiPgogIDx0cj4KICAgIDx0ZD4KCQoJICA8dWwgY2xhc3M9Im1lbnUiPgo8bGk+44Oc44O844OrPC9saT4KPGxpPuOCsOODreODvOODljwvbGk+CjxsaT7jg4bjgqPjg7w8L2xpPgo8bGk+44K144Oz44Kw44Op44K5PC9saT4KPGxpPuOCt+ODpeODvOOCujwvbGk+CjxsaT7jg5Djg4PjgrA8L2xpPgoKPC91bD4KCjxkaXYgY2xhc3M9ImNsZWFyTGVmdCI+PC9kaXY+CgogIDx1bCBjbGFzcz0ibWVudSI+CjxsaT7jgqbjgqjjgqI8L2xpPgo8bGk+57e057+S55So5YW3PC9saT4KPGxpPuODrOOCpOODs+OCsOODg+OCujwvbGk+Cgo8L3VsPgoKPGRpdiBjbGFzcz0iY2xlYXJMZWZ0Ij48L2Rpdj4KPGltZyBzcmM9Imh0dHA6Ly9pbWFnZS5yYWt1dGVuLmNvLmpwL2plZXAvY2FiaW5ldC90b3AtbmV3L2ltZ3JjMDA3MDAxNDAzNi5qcGciIGFsdD0i44GK5Yun44KB5ZCM5qKx5ZWG5p2QIj48YnI+Cjx1bCBjbGFzcz0ibWVudTIiPgo8bGk+PGltZyBzcmM9Imh0dHA6Ly9pbWFnZS5yYWt1dGVuLmNvLmpwL2plZXAvY2FiaW5ldC8wNDc3Njk3MC9pbWdyYzAwODg3MDI4NDAuanBnIiB3aWR0aD0iMTEwIiBoZWlnaHQ9IjExMCIgYm9yZGVyPSIwIj48YnI+CuOCreODo+ODreOCpuOCp+OCpDxicj4K44K544O844OR44O844K944OV44OIIOODnOODvOODqzxicj4KMeODgOODvOOCuTEy5YCL5YWl44KKPGJyPgrml6XmnKzku5Xmp5g8YnI+IDxzcGFuIGNsYXNzPSJzdHlsZTQiPjEsOTgwPC9zcGFuPjxzcGFuIGNsYXNzPSJzdHlsZTUiPuWGhijnqI7ovrzvvIk8L3NwYW4+PC9saT4KPGxpPjxpbWcgc3JjPSJodHRwOi8vaW1hZ2UucmFrdXRlbi5jby5qcC9qZWVwL2NhYmluZXQvdG9wLW5ldy9pbWdyYzAwNjcxNDQ3MTMuanBnIiB3aWR0aD0iMTEwIiBoZWlnaHQ9IjExMCIgYm9yZGVyPSIwIj48YnI+CuOAkOWcqOW6q+mZkOOCiuOAkTxicj4K44Op44Kk44OIIOOCvOODrTxicj4K44OV44Oq44Kv44K344On44Oz44OG44Kj44O8PGJyPgrjg6zjgq7jg6Xjg6njg7wgNzBtbTxicj48c3BhbiBjbGFzcz0ic3R5bGU0Ij4zODA8L3NwYW4+PHNwYW4gY2xhc3M9InN0eWxlNSI+5YaGKOeojui+vO+8iTwvc3Bhbj48L2xpPgo8bGk+PGltZyBzcmM9Imh0dHA6Ly9pbWFnZS5yYWt1dGVuLmNvLmpwL2plZXAvY2FiaW5ldC8wNDc3Njk3MC9pbWdyYzAwODMwODQ5NDQuanBnIiB3aWR0aD0iMTEwIiBoZWlnaHQ9IjExMCIgYm9yZGVyPSIwIj48YnI+CuOCouODh+OCo+ODgOOCuTxicj4K44OP44KkIOODkeODr+ODvOODkOODs+ODiTxicj7jgrDjg63jg7zjg5YgW1FSNzEwXTxicj4K5pel5pys5LuV5qeYPGJyPjxzcGFuIGNsYXNzPSJzdHlsZTQiPjg4OTwvc3Bhbj48c3BhbiBjbGFzcz0ic3R5bGU1Ij7lhoYo56iO6L6877yJPC9zcGFuPjwvbGk+CjxsaT48aW1nIHNyYz0iaHR0cDovL2ltYWdlLnJha3V0ZW4uY28uanAvamVlcC9jYWJpbmV0LzA0Nzc2OTcwL2ltZ3JjMDA4NjczNzQxMC5qcGciIHdpZHRoPSIxMTAiIGhlaWdodD0iMTEwIiBib3JkZXI9IjAiPjxicj4K44OK44Kk44Kt44K044Or44OVPGJyPgrjg5Xjgqfjg7zjgrnvvIbjgq/jg6njg5YgPGJyPgrjgrjjg6Pjgqzjg7zjg4njgr/jgqrjg6sgPGJyPgpVU0Hnm7TovLjlhaXlk4E8YnI+PHNwYW4gY2xhc3M9InN0eWxlNCI+MSw5ODA8L3NwYW4+PHNwYW4gY2xhc3M9InN0eWxlNSI+5YaGKOeojui+vO+8iTwvc3Bhbj48L2xpPgo8bGk+PGltZyBzcmM9Imh0dHA6Ly9pbWFnZS5yYWt1dGVuLmNvLmpwL2plZXAvY2FiaW5ldC8wNDc3Njk3MC9pbWdyYzAwOTEyMDQ0MjAuanBnIiB3aWR0aD0iMTEwIiBoZWlnaHQ9IjExMCIgYm9yZGVyPSIwIj48YnI+CuODl+ODvOODnjxicj4KQk9ZJ1MgTE9XIENVVDxicj4K44K944OD44Kv44K5IDbotrPjg5rjgqI8YnI+ClAxMDQyNDAtNDIxPGJyPjxzcGFuIGNsYXNzPSJzdHlsZTQiPjEsOTgwPC9zcGFuPjxzcGFuIGNsYXNzPSJzdHlsZTUiPuWGhijnqI7ovrzvvIk8L3NwYW4+PC9saT4KPGxpPjxpbWcgc3JjPSJodHRwOi8vaW1hZ2UucmFrdXRlbi5jby5qcC9qZWVwL2NhYmluZXQvdG9wLW5ldy9pbWdyYzAwNzczMjcyOTcuanBnIiB3aWR0aD0iMTEwIiBoZWlnaHQ9IjExMCIgYm9yZGVyPSIwIj48YnI+CuODgOOCpOODpDxicj4K5Y+v5oSb44GE44Ki44OL44Oe44OrPGJyPuODnOODvOODq+OCr+ODquODvOODiuODvDxicj4KQVMtMDQ0PGJyPjxzcGFuIGNsYXNzPSJzdHlsZTQiPjg2MDwvc3Bhbj48c3BhbiBjbGFzcz0ic3R5bGU1Ij7lhoYo56iO6L6877yJPC9zcGFuPjwvbGk+Cgo8L3VsPgoKPGRpdiBjbGFzcz0iY2xlYXJMZWZ0Ij48L2Rpdj4KCjwvdGQ+CiAgPC90cj4KPC90YWJsZT4KPCEtLeOBiuOBmeOBmeOCgeWQjOaiseWVhuadkOOBk+OBk+OBvuOBpy0tPg==,44CQ54Sh44GP44Gq44KK5qyh56ys57WC5LqG44CR5pyA6auY57Sa5aSp54S2576K6Z2p44Kw44Ot44O844OWIOOAkOa/gOWuieaUvuWHuiHjgJHjgJDjgrTjg6vjg5XjgrDjg63jg7zjg5bjgJHvvJpKWVBFUiZyc3F1bztT77yI44K444O844OR44O844K677yJ,44K044Or44OV44K044Or44OV44Kv44Op44OW44K044Or44OV55So5ZOBSllQRVJT44K444O844OR44O844K6SllQRVInU+a/gOWuiVVTQeebtOi8uOWFpeOCtOODq+ODleOCpuOCqOOCouOCtOODq+ODleOCr+ODqeODluODieODqeOCpOODkOODvOODkeOCv+ODvOOCreODo+ODreOCpuOCp+OCpOODhuODvOODqeODvOODoeOCpOODieOCueODquOCr+OCveODs+OCv+OCpOODiOODquOCueODiOOCtOODq+ODleODnOODvOODq+OCt+ODo+ODleODiEdPTEbjgqLjgqTjgqLjg7PjgJDnhKHjgY/jgarjgormrKHnrKzntYLkuobjgJHmnIDpq5jntJrlpKnnhLbnvorpnanjgrDjg63jg7zjg5Yg44CQ5r+A5a6J5pS+5Ye6IeOAkeOAkOOCtOODq+ODleOCsOODreODvOODluOAkQ==,44CQ54Sh44GP44Gq44KK5qyh56ys57WC5LqG44CR5pyA6auY57Sa5aSp54S2576K6Z2p44Kw44Ot44O844OW44GM5r+A5a6J6LKp5aOy5LitISHjgILjgJDnhKHjgY/jgarjgormrKHnrKzntYLkuobjgJHmnIDpq5jntJrlpKnnhLbnvorpnanjgrDjg63jg7zjg5Yg44CQ5r+A5a6J5pS+5Ye6IeOAkeOAkOOCtOODq+ODleOCsOODreODvOODluOAkQ==[rn]
25-79823,aHR0cDovL3RzaG9wLnIxMHMuanAvamVlcC9jYWJpbmV0LzA0OTM4NDk2L2ltZ3JjMDA4NzMwMjkxOC5qcGc/Zml0aW49NzAwOjcwMA==,NDM3LjYwMDA=,,44K544Od44O844OE44O744Ki44Km44OI44OJ44KiID4g44K044Or44OVID4g44Kw44Ot44O844OW,44CQ44Kw44Ot44O844OW6YOo6ZaA5aOy5LiKTm8uMeOAkeOAkDgwJU9GRuOAkeODkeODr+ODvOODk+ODq+ODiCDmnIDpq5jntJrlpKnnhLbnvorpnanjgrDjg63jg7zjg5YgW0dMLU44XQ==,44CQ44Kw44Ot44O844OW6YOo6ZaA5aOy5LiKTm8uMeOAkeOAkDgwJU9GRuOAkeacgOmrmOe0muWkqeeEtue+iumdqeOCsOODreODvOODlg==,PHN0eWxlIFRZUEU9InRleHQvY3NzIj4KLmJpZyB7CmRpc3BsYXk6IGJsb2NrOwp3aWR0aDogODAwcHg7CmhlaWdodDogYXV0bzsKY29sb3I6ICNmZmZmZmY7CmZvbnQtc2l6ZTogMTRweDsKbGluZS1oZWlnaHQ6IDIwcHg7CmZvbnQtd2VpZ2h0OiBib2xkOwpsZXR0ZXItc3BhY2luZzogMDsKYmFja2dyb3VuZDogIzAwMDA0MDsKYm9yZGVyLWxlZnQ6IDNweCBzb2xpZCAjMDAwMDQwOwptYXJnaW46IDAgMCAxMHB4OwpwYWRkaW5nOiA1cHggMTBweDsKdGV4dC1hbGlnbjogbGVmdDsKdmVydGljYWwtYWxpZ246IGJhc2VsaW5lOwpjbGVhcjogYm90aDsKfQouYmlnYmlnIHsKd2lkdGg6IGF1dG87CmhlaWdodDogYXV0bzsKY29sb3I6ICMzMzMzMzM7CmZvbnQtc2l6ZTogMTVweDsKbGluZS1oZWlnaHQ6IDI1cHg7CmZvbnQtd2VpZ2h0OiBib2xkOwpsZXR0ZXItc3BhY2luZzogMDsKbWFyZ2luOiAwOwpwYWRkaW5nOiAwOwp0ZXh0LWFsaWduOiBsZWZ0Owp2ZXJ0aWNhbC1hbGlnbjogYmFzZWxpbmU7CmNsZWFyOiBib3RoOwp9CgppbWcgeyBib3JkZXI6bm9uZTsgfQoKLmZvbnQxIHsgZm9udC1zaXplOjE0cHg7CiAgICAgICAgIGNvbG9yOiMzMzMzMzM7CiB3aWR0aDo4MDBweDsKIGxpbmUtaGVpZ2h0OjIwcHg7CiB9CiAKLmNlbnRlciB7IHRleHQtYWxpZ246Y2VudGVyOyB9Cjwvc3R5bGU+Cgo8ZGl2IGNsYXNzPSJmb250MSI+CjxkaXYgY2xhc3M9ImJpZyI+44CQ44Kw44Ot44O844OW6YOo6ZaA5aOy5LiKTm8uMeOAkeOAkDgwJU9GRuOAkeODkeODr+ODvOODk+ODq+ODiCDmnIDpq5jntJrlpKnnhLbnvorpnanjgrDjg63jg7zjg5YgW0dMLU44XTwvZGl2Pgo8ZGl2IGFsaWduPSJjZW50ZXIiPjxicj4KICAKICA8aW1nIHNyYz0iaHR0cDovL2ltYWdlLnJha3V0ZW4uY28uanAvamVlcC9jYWJpbmV0LzIwMTQxMDE1dG91cm9rdS9qcG5fdG91cm9rdS9leGNlcHRfanBuX2NsdWIvMjAyOTE0MDAxMF8xLmpwZyI+PGJyIC8+CiAgCiAgICA8YnI+CiAgICAKPC9kaXY+Cgo8ZGl2IGNsYXNzPSJiaWciPui1pOWtl+immuaCn+OBruWkp+aUvuWHuiEhISE8L2Rpdj4K4pag5omL44Gr44OU44K/44OD44Go44OV44Kj44OD44OI44GZ44KL44K544OI44Os44OD44OB5qmf6IO944CCPGJyIC8+CuKWoOOCveODleODiOOBquS7leS4iuOBkuOBp+S9v+OBhOW/g+WcsOaKnOe+pOOBruWkqeeEtue+iumdqeOCkuS9v+eUqOOBl+OBn+acgOmrmOe0muOCsOODreODvOODluOAgjxiciAvPgo8YnIgLz4KPGJyIC8+CuKWoOOCteOCpOOCujxiciAvPgpT4oCmMjHvvZ4yMmNtPGJyIC8+Ck3igKYyM++9njI0Y208YnIgLz4KTOKApjI1772eMjZjbTxiciAvPgo8YnIgLz4KPGJyIC8+CuKAu+ePvuWcqOOBruafk+iJsuaKgOihk+OBp+OBr+OAgeaxl+OChOmbqOOBq+a/oeOCjOOCi+OBqOiJsuiQveOBoeOBruaBkOOCjOOBjOOBguOCi+eCuuOAgeiho+acjeetieOBqOS4gOe3kuOBq+WPjue0jeOBl+OBquOBhOOCiOOBhuOBq+OBlOazqOaEj+OBj+OBoOOBleOBhOOAgjxiciAvPgrigLvjg5njg7Pjgrjjg7PnrYnjga7jgZTkvb/nlKjjga/pgb/jgZHjgabjgY/jgaDjgZXjgYTjgII8YnIgLz4K4oC75Lit5oCn5rSX5Ymk44KS5L2/55So44GX44GmMzDihIPku6XkuIvjga7msLTjgafmirzjgZfmtJfjgYTjgpLjgZfjgabjgY/jgaDjgZXjgYTjgII8YnIgLz4K4oC75aGp57Sg57O75ryC55m95Ymk44Gu44GU5L2/55So44Gv57W25a++44Gr44GK44KE44KB44GP44Gg44GV44GE44CCPGJyIC8+CuKAu+WkieW9ouOAgeWkieizquOBmeOCi+OBk+OBqOOBjOOBguOCiuOBvuOBmeOBruOBp+OAgeeBq+OBq+i/keOBpeOBkeOBquOBhOOBp+OBj+OBoOOBleOBhOOAgjxiciAvPgo8YnIgLz4KPGJyIC8+Cgo8YiBzdHlsZT0iZm9udC1zaXplOjEzMCU7Y29sb3I6cmVkOyI+5pys5L2T5L6h5qC8XDIsODAwKOeojui+vFwzLDAyNCnjga7pq5jntJrlk4HjgYzjgarjgpPjgajpqZrmhJXjga44MCVPRkYhIQrjgIA8YnIgLz4KSllQRVInU+Wun+W6l+iIl+OBp+OCguODkOOCq+WjsuOCjOOBruWkp+S6uuawl+WVhuWTgeOAgjxiciAvPgrjgIA8YnIgLz4K5qyh5Zue5YWl6I235pyq5a6a44CB5Zyo5bqr44GM44Gq44GP44Gq44KK5qyh56ys57WC5LqG44Gn44GZITxiciAvPgrjgIA8YnIgLz4K5a6f5bqX6IiX44Go44Gu5YWx5ZCM5Zyo5bqr44Go44Gq44KL44Gf44KB44CB5aOy5YiH44KM5b6h5YWN44Go44GV44Gb44Gm44GE44Gf44Gg44GN44G+44GZ44GT44Go44KS44GU5LqG5om/5LiL44GV44GE44G+44GbITxiciAvPgo8YnIgLz4K44Kw44Ot44O844OW44Gv5raI6ICX5ZOB44CCPGJyIC8+CjxiciAvPgrjgYroqabjgZfmhJ/opprjgafjgoLjgIHjgZzjgbLjgZTmpJzoqI7jgY/jgaDjgZXjgYQhPGJyIC8+CjxiciAvPgo8YnIgLz4KCgoKCjwvdHI+CjwvdGFibGU+CjwvZGl2Pgo8IS0tZm9udDEtLT48aW1nIHNyYz0iaHR0cDovL2ltYWdlLnJha3V0ZW4uY28uanAvamVlcC9jYWJpbmV0LzA0OTg1NTQwL2ltZ3JjMDA5NTg5MzQ3MS5qcGciPjxzdHlsZSB0eXBlPSJ0ZXh0L2NzcyI+Cgp1bC5tZW51IHsKbWFyZ2luOiAwOwpwYWRkaW5nOiA1cHg7Cmxpc3Qtc3R5bGUtdHlwZTogbm9uZTsKfQoKdWwubWVudSBsaSB7CmZsb2F0OmxlZnQ7CndpZHRoOiA4ZW07Cm1hcmdpbi1sZWZ0OiA4cHg7CnBhZGRpbmc6IDJweDsKYm9yZGVyOiAxcHggIzE5MTk3MCBzb2xpZDsKdGV4dC1hbGlnbjogY2VudGVyOwpmb250LXNpemU6MTJweDsKYmFja2dyb3VuZC1jb2xvcjojZjBmOGZmOwpmb250LWZhbWlseTogIuODoeOCpOODquOCqiIsICJNZWlyeW8iLCAi77yt77yzIOOCtOOCt+ODg+OCryIsICJNUyBHb3RoaWMiLCAi44OS44Op44Ku44OO6KeS44K0IFBybyBXMyIsICJIaXJhZ2lubyBLYWt1IEdvdGhpYyBQcm8iLCAiT3Nha2EiLCAi77yt77yzIO+8sOOCtOOCt+ODg+OCryIsICJNUyBQR290aGljIiwgIlNhbnMtU2VyaWYiOwpsaW5lLWhlaWdodDoxOHB4OwoKfQoKLmNsZWFyTGVmdCB7CmNsZWFyOiBsZWZ0OwptYXJnaW4tYm90dG9tOiA1cHg7Cn0KCnVsLm1lbnUyIHsKbWFyZ2luOiAwOwpwYWRkaW5nOiAzcHg7Cmxpc3Qtc3R5bGUtdHlwZTogbm9uZTsKfQoKdWwubWVudTIgbGkgewpmbG9hdDpsZWZ0Owp3aWR0aDogMTIwcHg7Cm1hcmdpbi1yaWdodDogMnB4OwpwYWRkaW5nOiAxcHg7CmJvcmRlcjogbm9uZTsKdGV4dC1hbGlnbjogY2VudGVyOwpmb250LXNpemU6MTFweDsKbGluZS1oZWlnaHQ6MThweDsKZm9udC1mYW1pbHk6ICLjg6HjgqTjg6rjgqoiLCAiTWVpcnlvIiwgIu+8re+8syDjgrTjgrfjg4Pjgq8iLCAiTVMgR290aGljIiwgIuODkuODqeOCruODjuinkuOCtCBQcm8gVzMiLCAiSGlyYWdpbm8gS2FrdSBHb3RoaWMgUHJvIiwgIk9zYWthIiwgIu+8re+8syDvvLDjgrTjgrfjg4Pjgq8iLCAiTVMgUEdvdGhpYyIsICJTYW5zLVNlcmlmIjsKfQoKCi5zdHlsZTQgewpmb250LWZhbWlseTogIuODoeOCpOODquOCqiIsICJNZWlyeW8iLCAi77yt77yzIOOCtOOCt+ODg+OCryIsICJNUyBHb3RoaWMiLCAi44OS44Op44Ku44OO6KeS44K0IFBybyBXMyIsICJIaXJhZ2lubyBLYWt1IEdvdGhpYyBQcm8iLCAiT3Nha2EiLCAi77yt77yzIO+8sOOCtOOCt+ODg+OCryIsICJNUyBQR290aGljIiwgIlNhbnMtU2VyaWYiOwpmb250LXNpemU6IDE4cHg7CmNvbG9yOiAjRkYwMDAwOwpmb250LXdlaWdodDogYm9sZDsKfQoKLnN0eWxlNSB7IGZvbnQtZmFtaWx5OiAi44Oh44Kk44Oq44KqIiwgIk1laXJ5byIsICLvvK3vvLMg44K044K344OD44KvIiwgIk1TIEdvdGhpYyIsICLjg5Ljg6njgq7jg47op5LjgrQgUHJvIFczIiwgIkhpcmFnaW5vIEtha3UgR290aGljIFBybyIsICJPc2FrYSIsICLvvK3vvLMg77yw44K044K344OD44KvIiwgIk1TIFBHb3RoaWMiLCAiU2Fucy1TZXJpZiI7CmZvbnQtc2l6ZTogMTJweDsKY29sb3I6ICNGRjAwMDA7Cn0KCgo8L3N0eWxlPgoKPCEtLeOBiuOBmeOBmeOCgeWQjOaiseWVhuadkOOBk+OBk+OBi+OCiS0tPgo8aW1nIHNyYz0iaHR0cDovL2ltYWdlLnJha3V0ZW4uY28uanAvamVlcC9jYWJpbmV0L3RvcC1uZXcvaW1ncmMwMDcwMDE0MDI4LmpwZyIgYWx0PSLjgYrjgZnjgZnjgoHlkIzmorHllYbmnZAiPgo8dGFibGUgd2lkdGg9Ijc3MCIgYm9yZGVyPSIwIiBjZWxsc3BhY2luZz0iNSIgY2VsbHBhZGRpbmc9IjAiIHN0eWxlPSJ3aWR0aDo3NzBweDtiYWNrZ3JvdW5kLWNvbG9yOiNmZmZmZmY7Ym9yZGVyLXdpZHRoOjFweDtib3JkZXItc3R5bGU6c29saWQ7Ym9yZGVyLWNvbG9yOiNiZmJmYmY7Ym9yZGVyLXRvcDpub25lOyI+CiAgPHRyPgogICAgPHRkPgoJCgkgIDx1bCBjbGFzcz0ibWVudSI+CjxsaT7jg5zjg7zjg6s8L2xpPgo8bGk+44Kw44Ot44O844OWPC9saT4KPGxpPuODhuOCo+ODvDwvbGk+CjxsaT7jgrXjg7PjgrDjg6njgrk8L2xpPgo8bGk+44K344Ol44O844K6PC9saT4KPGxpPuODkOODg+OCsDwvbGk+Cgo8L3VsPgoKPGRpdiBjbGFzcz0iY2xlYXJMZWZ0Ij48L2Rpdj4KCiAgPHVsIGNsYXNzPSJtZW51Ij4KPGxpPuOCpuOCqOOCojwvbGk+CjxsaT7nt7Tnv5LnlKjlhbc8L2xpPgo8bGk+44Os44Kk44Oz44Kw44OD44K6PC9saT4KCjwvdWw+Cgo8ZGl2IGNsYXNzPSJjbGVhckxlZnQiPjwvZGl2Pgo8aW1nIHNyYz0iaHR0cDovL2ltYWdlLnJha3V0ZW4uY28uanAvamVlcC9jYWJpbmV0L3RvcC1uZXcvaW1ncmMwMDcwMDE0MDM2LmpwZyIgYWx0PSLjgYrli6fjgoHlkIzmorHllYbmnZAiPjxicj4KPHVsIGNsYXNzPSJtZW51MiI+CjxsaT48aW1nIHNyYz0iaHR0cDovL2ltYWdlLnJha3V0ZW4uY28uanAvamVlcC9jYWJpbmV0LzA0Nzc2OTcwL2ltZ3JjMDA4ODcwMjg0MC5qcGciIHdpZHRoPSIxMTAiIGhlaWdodD0iMTEwIiBib3JkZXI9IjAiPjxicj4K44Kt44Oj44Ot44Km44Kn44KkPGJyPgrjgrnjg7zjg5Hjg7zjgr3jg5Xjg4gg44Oc44O844OrPGJyPgox44OA44O844K5MTLlgIvlhaXjgoo8YnI+CuaXpeacrOS7leanmDxicj4gPHNwYW4gY2xhc3M9InN0eWxlNCI+MSw5ODA8L3NwYW4+PHNwYW4gY2xhc3M9InN0eWxlNSI+5YaGKOeojui+vO+8iTwvc3Bhbj48L2xpPgo8bGk+PGltZyBzcmM9Imh0dHA6Ly9pbWFnZS5yYWt1dGVuLmNvLmpwL2plZXAvY2FiaW5ldC90b3AtbmV3L2ltZ3JjMDA2NzE0NDcxMy5qcGciIHdpZHRoPSIxMTAiIGhlaWdodD0iMTEwIiBib3JkZXI9IjAiPjxicj4K44CQ5Zyo5bqr6ZmQ44KK44CRPGJyPgrjg6njgqTjg4gg44K844OtPGJyPgrjg5Xjg6rjgq/jgrfjg6fjg7Pjg4bjgqPjg7w8YnI+CuODrOOCruODpeODqeODvCA3MG1tPGJyPjxzcGFuIGNsYXNzPSJzdHlsZTQiPjM4MDwvc3Bhbj48c3BhbiBjbGFzcz0ic3R5bGU1Ij7lhoYo56iO6L6877yJPC9zcGFuPjwvbGk+CjxsaT48aW1nIHNyYz0iaHR0cDovL2ltYWdlLnJha3V0ZW4uY28uanAvamVlcC9jYWJpbmV0LzA0Nzc2OTcwL2ltZ3JjMDA4MzA4NDk0NC5qcGciIHdpZHRoPSIxMTAiIGhlaWdodD0iMTEwIiBib3JkZXI9IjAiPjxicj4K44Ki44OH44Kj44OA44K5PGJyPgrjg4/jgqQg44OR44Ov44O844OQ44Oz44OJPGJyPuOCsOODreODvOODliBbUVI3MTBdPGJyPgrml6XmnKzku5Xmp5g8YnI+PHNwYW4gY2xhc3M9InN0eWxlNCI+ODg5PC9zcGFuPjxzcGFuIGNsYXNzPSJzdHlsZTUiPuWGhijnqI7ovrzvvIk8L3NwYW4+PC9saT4KPGxpPjxpbWcgc3JjPSJodHRwOi8vaW1hZ2UucmFrdXRlbi5jby5qcC9qZWVwL2NhYmluZXQvMDQ3NzY5NzAvaW1ncmMwMDg2NzM3NDEwLmpwZyIgd2lkdGg9IjExMCIgaGVpZ2h0PSIxMTAiIGJvcmRlcj0iMCI+PGJyPgrjg4rjgqTjgq3jgrTjg6vjg5U8YnI+CuODleOCp+ODvOOCue+8huOCr+ODqeODliA8YnI+CuOCuOODo+OCrOODvOODieOCv+OCquODqyA8YnI+ClVTQeebtOi8uOWFpeWTgTxicj48c3BhbiBjbGFzcz0ic3R5bGU0Ij4xLDk4MDwvc3Bhbj48c3BhbiBjbGFzcz0ic3R5bGU1Ij7lhoYo56iO6L6877yJPC9zcGFuPjwvbGk+CjxsaT48aW1nIHNyYz0iaHR0cDovL2ltYWdlLnJha3V0ZW4uY28uanAvamVlcC9jYWJpbmV0LzA0Nzc2OTcwL2ltZ3JjMDA5MTIwNDQyMC5qcGciIHdpZHRoPSIxMTAiIGhlaWdodD0iMTEwIiBib3JkZXI9IjAiPjxicj4K44OX44O844OePGJyPgpCT1knUyBMT1cgQ1VUPGJyPgrjgr3jg4Pjgq/jgrkgNui2s+ODmuOCojxicj4KUDEwNDI0MC00MjE8YnI+PHNwYW4gY2xhc3M9InN0eWxlNCI+MSw5ODA8L3NwYW4+PHNwYW4gY2xhc3M9InN0eWxlNSI+5YaGKOeojui+vO+8iTwvc3Bhbj48L2xpPgo8bGk+PGltZyBzcmM9Imh0dHA6Ly9pbWFnZS5yYWt1dGVuLmNvLmpwL2plZXAvY2FiaW5ldC90b3AtbmV3L2ltZ3JjMDA3NzMyNzI5Ny5qcGciIHdpZHRoPSIxMTAiIGhlaWdodD0iMTEwIiBib3JkZXI9IjAiPjxicj4K44OA44Kk44OkPGJyPgrlj6/mhJvjgYTjgqLjg4vjg57jg6s8YnI+44Oc44O844Or44Kv44Oq44O844OK44O8PGJyPgpBUy0wNDQ8YnI+PHNwYW4gY2xhc3M9InN0eWxlNCI+ODYwPC9zcGFuPjxzcGFuIGNsYXNzPSJzdHlsZTUiPuWGhijnqI7ovrzvvIk8L3NwYW4+PC9saT4KCjwvdWw+Cgo8ZGl2IGNsYXNzPSJjbGVhckxlZnQiPjwvZGl2PgoKPC90ZD4KICA8L3RyPgo8L3RhYmxlPgo8IS0t44GK44GZ44GZ44KB5ZCM5qKx5ZWG5p2Q44GT44GT44G+44GnLS0+,44CQ44Kw44Ot44O844OW6YOo6ZaA5aOy5LiKTm8uMeOAkeOAkDgwJU9GRuOAkeODkeODr+ODvOODk+ODq+ODiCDmnIDpq5jntJrlpKnnhLbnvorpnanjgrDjg63jg7zjg5YgW0dMLU44Xe+8mkpZUEVSJnJzcXVvO1PvvIjjgrjjg7zjg5Hjg7zjgrrvvIk=,44K044Or44OV44K044Or44OV44Kv44Op44OW44K044Or44OV55So5ZOBSllQRVJT44K444O844OR44O844K6SllQRVInU+a/gOWuiVVTQeebtOi8uOWFpeOCtOODq+ODleOCpuOCqOOCouOCtOODq+ODleOCr+ODqeODluODieODqeOCpOODkOODvOODkeOCv+ODvOOCreODo+ODreOCpuOCp+OCpOODhuODvOODqeODvOODoeOCpOODieOCueODquOCr+OCveODs+OCv+OCpOODiOODquOCueODiOOCtOODq+ODleODnOODvOODq+OCt+ODo+ODleODiEdPTEbjgqLjgqTjgqLjg7PjgJDjgrDjg63jg7zjg5bpg6jploDlo7LkuIpOby4x44CR44CQODAlT0ZG44CR44OR44Ov44O844OT44Or44OIIOacgOmrmOe0muWkqeeEtue+iumdqeOCsOODreODvOODliBbR0wtTjhd,44CQ44Kw44Ot44O844OW6YOo6ZaA5aOy5LiKTm8uMeOAkeOAkDgwJU9GRuOAkeacgOmrmOe0muWkqeeEtue+iumdqeOCsOODreODvOODluOAguOAkOOCsOODreODvOODlumDqOmWgOWjsuS4ik5vLjHjgJHjgJA4MCVPRkbjgJHjg5Hjg6/jg7zjg5Pjg6vjg4gg5pyA6auY57Sa5aSp54S2576K6Z2p44Kw44Ot44O844OWIFtHTC1OOF0=[rn]
25-79824,aHR0cDovL3RzaG9wLnIxMHMuanAvamVlcC9jYWJpbmV0LzA0MzYxNjY5L2ltZ3JjMDA3MjY5MjQ1MC5qcGc/Zml0aW49NzAwOjcwMA==,MTAyMi40MDAw,,44K544Od44O844OE44O744Ki44Km44OI44OJ44KiID4g44K044Or44OVID4g44Kw44Ot44O844OW,44CQ44K044Or44OV44CR44CQ44Kw44Ot44O844OW44CR44K544Oq44Kv44K944OzIFNSSVhPTiDjgrDjg63jg7zjg5YgW0dHRy1TMDE0XQ==,5aSp54S255qu6Z2p44Go5ZCI5oiQ55qu6Z2p44Gu57WE44G/5ZCI44KP44Gb44Gn5YSq44KM44Gf44OV44Kj44OD44OI5oSf44Go44Kw44Oq44OD44OX5Yqb,PHN0eWxlIHR5cGU9InRleHQvY3NzIj4KLmJpZyB7CmRpc3BsYXk6IGJsb2NrOwp3aWR0aDogNzcwcHg7CmhlaWdodDogYXV0bzsKY29sb3I6ICNmZmZmZmY7CmZvbnQtc2l6ZTogMTRweDsKbGluZS1oZWlnaHQ6IDIwcHg7CmZvbnQtd2VpZ2h0OiBib2xkOwpsZXR0ZXItc3BhY2luZzogMDsKYmFja2dyb3VuZDogIzAwMDA0MDsKbWFyZ2luOiAwIDAgMTBweDsKcGFkZGluZzogNXB4IDE1cHg7CnRleHQtYWxpZ246IGxlZnQ7CnZlcnRpY2FsLWFsaWduOiBiYXNlbGluZTsKY2xlYXI6IGJvdGg7Cn0KLmJpZ2JpZyB7CndpZHRoOiBhdXRvOwpoZWlnaHQ6IGF1dG87CmNvbG9yOiAjRkY2NjAwOwpmb250LXNpemU6IDE1cHg7CmxpbmUtaGVpZ2h0OiAyNXB4Owpmb250LXdlaWdodDogYm9sZDsKbGV0dGVyLXNwYWNpbmc6IDA7Cm1hcmdpbjogMDsKcGFkZGluZzogMDsKdGV4dC1hbGlnbjogbGVmdDsKdmVydGljYWwtYWxpZ246IGJhc2VsaW5lOwpjbGVhcjogYm90aDsKfQoKaW1nIHsgYm9yZGVyOm5vbmU7IH0KCi5mb250MSB7IGZvbnQtc2l6ZToxNHB4OwogICAgICAgICBjb2xvcjojMzMzMzMzOwogd2lkdGg6NzcwcHg7CiBsaW5lLWhlaWdodDoyMHB4OwogZm9udC1mYW1pbHk6IuODoeOCpOODquOCqiIsIu+8re+8syDvvLDjgrTjgrfjg4Pjgq8iLCBPc2FrYSwgIuODkuODqeOCruODjuinkuOCtCBQcm8gVzMiOwoKIH0KIAouY2VudGVyIHsgdGV4dC1hbGlnbjpjZW50ZXI7IH0KCjwvc3R5bGU+CjxkaXYgY2xhc3M9ImZvbnQxIj4KPGRpdiBjbGFzcz0iYmlnIj7jgrnjg6rjgq/jgr3jg7MgU1JJWE9OIOOCsOODreODvOODliBbR0dHLVMwMTRdPC9kaXY+CjxkaXYgYWxpZ249ImNlbnRlciI+PGJyPgogIDxpbWcgc3JjPSJodHRwOi8vaW1hZ2UucmFrdXRlbi5jby5qcC9qZWVwL2NhYmluZXQvMDQzNjE2NjkvaW1ncmMwMDcyNjkyNDUxLmpwZyI+PGJyIC8+CiAKICAgCjxicj4KICAgCjwvZGl2PgogICAKPGRpdiBjbGFzcz0iYmlnIj7lpKnnhLbnmq7pnanjgajlkIjmiJDnmq7pnanjga7ntYTjgb/lkIjjgo/jgZvjgaflhKrjgozjgZ/jg5XjgqPjg4Pjg4jmhJ/jgajjgrDjg6rjg4Pjg5flipvjgpLnmbrmj648L2Rpdj4KPGltZyBzcmM9Imh0dHA6Ly9pbWFnZS5yYWt1dGVuLmNvLmpwL2plZXAvY2FiaW5ldC8wNDM2MTY2OS9pbWdyYzAwNzI2OTI0NTMuanBnIiBhbHQ9IuOCueODquOCr+OCveODs+OCsOODreODvOODliIgYm9yZGVyPSIwIj48YnIgLz4KPGJyIC8+CjxiIHN0eWxlPSJmb250LXNpemU6MTIwJTsiPuKWoOijveWTgeips+e0sDwvYj48YnIgLz4KPHRhYmxlIHdpZHRoPSI1NzAiIGJvcmRlcj0iMSIgY2VsbHBhZGRpbmc9IjMiIGNlbGxzcGFjaW5nPSIwIiBib3JkZXJjb2xvcj0iIzY2NjY2NiIgc3R5bGU9ImZvbnQtc2l6ZToxMnB4O3dpZHRoOjU3MHB4OyI+Cjx0cj4KIDx0ZCBhbGlnbj0iY2VudGVyIiBiZ2NvbG9yPSIjZmZmZmY0IiBzdHlsZT0idmVydGljYWwtYWxpZ246bWlkZGxlOyI+57Sg5p2QPC90ZD4KIDx0ZCBhbGlnbj0ibGVmdCI+ICjmjowp5aSp54S255qu6Z2pKOWxsee+iumdqSnjgIEo55SyKeWQiOaIkOearumdqTwvdGQ+CjwvdHI+Cjx0cj4KIDx0ZCBhbGlnbj0iY2VudGVyIiBiZ2NvbG9yPSIjZmZmZmY0Ij7jgrXjgqTjgro8L3RkPgogPHRkIGFsaWduPSJsZWZ0Ij4yMS0yNmNtPC90ZD4KPC90cj4KPHRyPgogPHRkIGFsaWduPSJjZW50ZXIiIGJnY29sb3I9IiNmZmZmZjQiIHN0eWxlPSJ2ZXJ0aWNhbC1hbGlnbjptaWRkbGU7Ij7nibnlvrQ8L3RkPgogPHRkIGFsaWduPSJsZWZ0Ij7ilqDlhajlpKnlgJnlnos8YnIgLz7ilqDlkIjmiJDnmq7pnak8YnIgLz7ilqBTVVBFUiAzRDwvdGQ+CjwvdHI+CjwvdGFibGU+CjxiciAvPgo8YnIgLz4KICAgIAoKCgoKPC90cj4KPC90YWJsZT4KPC9kaXY+CjwhLS1mb250MS0tPjxpbWcgc3JjPSJodHRwOi8vaW1hZ2UucmFrdXRlbi5jby5qcC9qZWVwL2NhYmluZXQvMDQ5ODU1NDAvaW1ncmMwMDk1ODkzNDcxLmpwZyI+PHN0eWxlIHR5cGU9InRleHQvY3NzIj4KCnVsLm1lbnUgewptYXJnaW46IDA7CnBhZGRpbmc6IDVweDsKbGlzdC1zdHlsZS10eXBlOiBub25lOwp9Cgp1bC5tZW51IGxpIHsKZmxvYXQ6bGVmdDsKd2lkdGg6IDhlbTsKbWFyZ2luLWxlZnQ6IDhweDsKcGFkZGluZzogMnB4Owpib3JkZXI6IDFweCAjMTkxOTcwIHNvbGlkOwp0ZXh0LWFsaWduOiBjZW50ZXI7CmZvbnQtc2l6ZToxMnB4OwpiYWNrZ3JvdW5kLWNvbG9yOiNmMGY4ZmY7CmZvbnQtZmFtaWx5OiAi44Oh44Kk44Oq44KqIiwgIk1laXJ5byIsICLvvK3vvLMg44K044K344OD44KvIiwgIk1TIEdvdGhpYyIsICLjg5Ljg6njgq7jg47op5LjgrQgUHJvIFczIiwgIkhpcmFnaW5vIEtha3UgR290aGljIFBybyIsICJPc2FrYSIsICLvvK3vvLMg77yw44K044K344OD44KvIiwgIk1TIFBHb3RoaWMiLCAiU2Fucy1TZXJpZiI7CmxpbmUtaGVpZ2h0OjE4cHg7Cgp9CgouY2xlYXJMZWZ0IHsKY2xlYXI6IGxlZnQ7Cm1hcmdpbi1ib3R0b206IDVweDsKfQoKdWwubWVudTIgewptYXJnaW46IDA7CnBhZGRpbmc6IDNweDsKbGlzdC1zdHlsZS10eXBlOiBub25lOwp9Cgp1bC5tZW51MiBsaSB7CmZsb2F0OmxlZnQ7CndpZHRoOiAxMjBweDsKbWFyZ2luLXJpZ2h0OiAycHg7CnBhZGRpbmc6IDFweDsKYm9yZGVyOiBub25lOwp0ZXh0LWFsaWduOiBjZW50ZXI7CmZvbnQtc2l6ZToxMXB4OwpsaW5lLWhlaWdodDoxOHB4Owpmb250LWZhbWlseTogIuODoeOCpOODquOCqiIsICJNZWlyeW8iLCAi77yt77yzIOOCtOOCt+ODg+OCryIsICJNUyBHb3RoaWMiLCAi44OS44Op44Ku44OO6KeS44K0IFBybyBXMyIsICJIaXJhZ2lubyBLYWt1IEdvdGhpYyBQcm8iLCAiT3Nha2EiLCAi77yt77yzIO+8sOOCtOOCt+ODg+OCryIsICJNUyBQR290aGljIiwgIlNhbnMtU2VyaWYiOwp9CgoKLnN0eWxlNCB7CmZvbnQtZmFtaWx5OiAi44Oh44Kk44Oq44KqIiwgIk1laXJ5byIsICLvvK3vvLMg44K044K344OD44KvIiwgIk1TIEdvdGhpYyIsICLjg5Ljg6njgq7jg47op5LjgrQgUHJvIFczIiwgIkhpcmFnaW5vIEtha3UgR290aGljIFBybyIsICJPc2FrYSIsICLvvK3vvLMg77yw44K044K344OD44KvIiwgIk1TIFBHb3RoaWMiLCAiU2Fucy1TZXJpZiI7CmZvbnQtc2l6ZTogMThweDsKY29sb3I6ICNGRjAwMDA7CmZvbnQtd2VpZ2h0OiBib2xkOwp9Cgouc3R5bGU1IHsgZm9udC1mYW1pbHk6ICLjg6HjgqTjg6rjgqoiLCAiTWVpcnlvIiwgIu+8re+8syDjgrTjgrfjg4Pjgq8iLCAiTVMgR290aGljIiwgIuODkuODqeOCruODjuinkuOCtCBQcm8gVzMiLCAiSGlyYWdpbm8gS2FrdSBHb3RoaWMgUHJvIiwgIk9zYWthIiwgIu+8re+8syDvvLDjgrTjgrfjg4Pjgq8iLCAiTVMgUEdvdGhpYyIsICJTYW5zLVNlcmlmIjsKZm9udC1zaXplOiAxMnB4Owpjb2xvcjogI0ZGMDAwMDsKfQoKCjwvc3R5bGU+Cgo8IS0t44GK44GZ44GZ44KB5ZCM5qKx5ZWG5p2Q44GT44GT44GL44KJLS0+CjxpbWcgc3JjPSJodHRwOi8vaW1hZ2UucmFrdXRlbi5jby5qcC9qZWVwL2NhYmluZXQvdG9wLW5ldy9pbWdyYzAwNzAwMTQwMjguanBnIiBhbHQ9IuOBiuOBmeOBmeOCgeWQjOaiseWVhuadkCI+Cjx0YWJsZSB3aWR0aD0iNzcwIiBib3JkZXI9IjAiIGNlbGxzcGFjaW5nPSI1IiBjZWxscGFkZGluZz0iMCIgc3R5bGU9IndpZHRoOjc3MHB4O2JhY2tncm91bmQtY29sb3I6I2ZmZmZmZjtib3JkZXItd2lkdGg6MXB4O2JvcmRlci1zdHlsZTpzb2xpZDtib3JkZXItY29sb3I6I2JmYmZiZjtib3JkZXItdG9wOm5vbmU7Ij4KICA8dHI+CiAgICA8dGQ+CgkKCSAgPHVsIGNsYXNzPSJtZW51Ij4KPGxpPuODnOODvOODqzwvbGk+CjxsaT7jgrDjg63jg7zjg5Y8L2xpPgo8bGk+44OG44Kj44O8PC9saT4KPGxpPuOCteODs+OCsOODqeOCuTwvbGk+CjxsaT7jgrfjg6Xjg7zjgro8L2xpPgo8bGk+44OQ44OD44KwPC9saT4KCjwvdWw+Cgo8ZGl2IGNsYXNzPSJjbGVhckxlZnQiPjwvZGl2PgoKICA8dWwgY2xhc3M9Im1lbnUiPgo8bGk+44Km44Ko44KiPC9saT4KPGxpPue3tOe/kueUqOWFtzwvbGk+CjxsaT7jg6zjgqTjg7PjgrDjg4Pjgro8L2xpPgoKPC91bD4KCjxkaXYgY2xhc3M9ImNsZWFyTGVmdCI+PC9kaXY+CjxpbWcgc3JjPSJodHRwOi8vaW1hZ2UucmFrdXRlbi5jby5qcC9qZWVwL2NhYmluZXQvdG9wLW5ldy9pbWdyYzAwNzAwMTQwMzYuanBnIiBhbHQ9IuOBiuWLp+OCgeWQjOaiseWVhuadkCI+PGJyPgo8dWwgY2xhc3M9Im1lbnUyIj4KPGxpPjxpbWcgc3JjPSJodHRwOi8vaW1hZ2UucmFrdXRlbi5jby5qcC9qZWVwL2NhYmluZXQvMDQ3NzY5NzAvaW1ncmMwMDg4NzAyODQwLmpwZyIgd2lkdGg9IjExMCIgaGVpZ2h0PSIxMTAiIGJvcmRlcj0iMCI+PGJyPgrjgq3jg6Pjg63jgqbjgqfjgqQ8YnI+CuOCueODvOODkeODvOOCveODleODiCDjg5zjg7zjg6s8YnI+CjHjg4Djg7zjgrkxMuWAi+WFpeOCijxicj4K5pel5pys5LuV5qeYPGJyPiA8c3BhbiBjbGFzcz0ic3R5bGU0Ij4xLDk4MDwvc3Bhbj48c3BhbiBjbGFzcz0ic3R5bGU1Ij7lhoYo56iO6L6877yJPC9zcGFuPjwvbGk+CjxsaT48aW1nIHNyYz0iaHR0cDovL2ltYWdlLnJha3V0ZW4uY28uanAvamVlcC9jYWJpbmV0L3RvcC1uZXcvaW1ncmMwMDY3MTQ0NzEzLmpwZyIgd2lkdGg9IjExMCIgaGVpZ2h0PSIxMTAiIGJvcmRlcj0iMCI+PGJyPgrjgJDlnKjluqvpmZDjgorjgJE8YnI+CuODqeOCpOODiCDjgrzjg608YnI+CuODleODquOCr+OCt+ODp+ODs+ODhuOCo+ODvDxicj4K44Os44Ku44Ol44Op44O8IDcwbW08YnI+PHNwYW4gY2xhc3M9InN0eWxlNCI+MzgwPC9zcGFuPjxzcGFuIGNsYXNzPSJzdHlsZTUiPuWGhijnqI7ovrzvvIk8L3NwYW4+PC9saT4KPGxpPjxpbWcgc3JjPSJodHRwOi8vaW1hZ2UucmFrdXRlbi5jby5qcC9qZWVwL2NhYmluZXQvMDQ3NzY5NzAvaW1ncmMwMDgzMDg0OTQ0LmpwZyIgd2lkdGg9IjExMCIgaGVpZ2h0PSIxMTAiIGJvcmRlcj0iMCI+PGJyPgrjgqLjg4fjgqPjg4Djgrk8YnI+CuODj+OCpCDjg5Hjg6/jg7zjg5Djg7Pjg4k8YnI+44Kw44Ot44O844OWIFtRUjcxMF08YnI+CuaXpeacrOS7leanmDxicj48c3BhbiBjbGFzcz0ic3R5bGU0Ij44ODk8L3NwYW4+PHNwYW4gY2xhc3M9InN0eWxlNSI+5YaGKOeojui+vO+8iTwvc3Bhbj48L2xpPgo8bGk+PGltZyBzcmM9Imh0dHA6Ly9pbWFnZS5yYWt1dGVuLmNvLmpwL2plZXAvY2FiaW5ldC8wNDc3Njk3MC9pbWdyYzAwODY3Mzc0MTAuanBnIiB3aWR0aD0iMTEwIiBoZWlnaHQ9IjExMCIgYm9yZGVyPSIwIj48YnI+CuODiuOCpOOCreOCtOODq+ODlTxicj4K44OV44Kn44O844K577yG44Kv44Op44OWIDxicj4K44K444Oj44Ks44O844OJ44K/44Kq44OrIDxicj4KVVNB55u06Ly45YWl5ZOBPGJyPjxzcGFuIGNsYXNzPSJzdHlsZTQiPjEsOTgwPC9zcGFuPjxzcGFuIGNsYXNzPSJzdHlsZTUiPuWGhijnqI7ovrzvvIk8L3NwYW4+PC9saT4KPGxpPjxpbWcgc3JjPSJodHRwOi8vaW1hZ2UucmFrdXRlbi5jby5qcC9qZWVwL2NhYmluZXQvMDQ3NzY5NzAvaW1ncmMwMDkxMjA0NDIwLmpwZyIgd2lkdGg9IjExMCIgaGVpZ2h0PSIxMTAiIGJvcmRlcj0iMCI+PGJyPgrjg5fjg7zjg548YnI+CkJPWSdTIExPVyBDVVQ8YnI+CuOCveODg+OCr+OCuSA26Laz44Oa44KiPGJyPgpQMTA0MjQwLTQyMTxicj48c3BhbiBjbGFzcz0ic3R5bGU0Ij4xLDk4MDwvc3Bhbj48c3BhbiBjbGFzcz0ic3R5bGU1Ij7lhoYo56iO6L6877yJPC9zcGFuPjwvbGk+CjxsaT48aW1nIHNyYz0iaHR0cDovL2ltYWdlLnJha3V0ZW4uY28uanAvamVlcC9jYWJpbmV0L3RvcC1uZXcvaW1ncmMwMDc3MzI3Mjk3LmpwZyIgd2lkdGg9IjExMCIgaGVpZ2h0PSIxMTAiIGJvcmRlcj0iMCI+PGJyPgrjg4DjgqTjg6Q8YnI+CuWPr+aEm+OBhOOCouODi+ODnuODqzxicj7jg5zjg7zjg6vjgq/jg6rjg7zjg4rjg7w8YnI+CkFTLTA0NDxicj48c3BhbiBjbGFzcz0ic3R5bGU0Ij44NjA8L3NwYW4+PHNwYW4gY2xhc3M9InN0eWxlNSI+5YaGKOeojui+vO+8iTwvc3Bhbj48L2xpPgoKPC91bD4KCjxkaXYgY2xhc3M9ImNsZWFyTGVmdCI+PC9kaXY+Cgo8L3RkPgogIDwvdHI+CjwvdGFibGU+CjwhLS3jgYrjgZnjgZnjgoHlkIzmorHllYbmnZDjgZPjgZPjgb7jgactLT4=,44CQ44K044Or44OV44CR44CQ44Kw44Ot44O844OW44CR44K544Oq44Kv44K944OzIFNSSVhPTiDjgrDjg63jg7zjg5YgW0dHRy1TMDE0Xe+8mkpZUEVSJnJzcXVvO1PvvIjjgrjjg7zjg5Hjg7zjgrrvvIk=,44K044Or44OV44K044Or44OV44Kv44Op44OW44K044Or44OV55So5ZOBSllQRVJT44K444O844OR44O844K6SllQRVInU+a/gOWuiVVTQeebtOi8uOWFpeOCtOODq+ODleOCpuOCqOOCouOCtOODq+ODleOCr+ODqeODluODieODqeOCpOODkOODvOODkeOCv+ODvOOCreODo+ODreOCpuOCp+OCpOODhuODvOODqeODvOODoeOCpOODieOCueODquOCr+OCveODs+OCv+OCpOODiOODquOCueODiOOCtOODq+ODleODnOODvOODq+OCt+ODo+ODleODiEdPTEbjgqLjgqTjgqLjg7PjgJDjgrTjg6vjg5XjgJHjgJDjgrDjg63jg7zjg5bjgJHjgrnjg6rjgq/jgr3jg7MgU1JJWE9OIOOCsOODreODvOODliBbR0dHLVMwMTRd,5aSp54S255qu6Z2p44Go5ZCI5oiQ55qu6Z2p44Gu57WE44G/5ZCI44KP44Gb44Gn5YSq44KM44Gf44OV44Kj44OD44OI5oSf44Go44Kw44Oq44OD44OX5Yqb44CC44CQ44K044Or44OV44CR44CQ44Kw44Ot44O844OW44CR44K544Oq44Kv44K944OzIFNSSVhPTiDjgrDjg63jg7zjg5YgW0dHRy1TMDE0XQ==[rn]
25-79825,aHR0cDovL3RzaG9wLnIxMHMuanAvamVlcC9jYWJpbmV0LzA0NTgyMTgyL2ltZ3JjMDA3NzIyMzcxNS5qcGc/Zml0aW49NzAwOjcwMA==,NzMzLjYwMDA=,,44K544Od44O844OE44O744Ki44Km44OI44OJ44KiID4g44K044Or44OVID4g44Kw44Ot44O844OW,44CQ44K044Or44OV44CR44CQ44Kw44Ot44O844OW44CR44CQ5aSp54S25bGx576K6Z2p44CR44OK44Kk44KtIE5JS0Ug44OH44Ol44OpIOODleOCo+ODvOODqyBWSUlJIOOCsOODreODvOODliBbR0cwNDc5XeOAkOaJi+iii+OAkQ==,5LiK6LOq44Gq5ZCI5oiQ55qu6Z2p44Go5aSp54S25bGx576K6Z2p44Gu5oqc576k44Gu44Kz44Oz44OT44ON44O844K344On44Oz,PHN0eWxlIHR5cGU9InRleHQvY3NzIj4KLmJpZyB7CndpZHRoOiA3NzBweDsKY29sb3I6ICNmZmZmZmY7CmZvbnQtc2l6ZTogMTRweDsKbGluZS1oZWlnaHQ6IDIwcHg7CmZvbnQtd2VpZ2h0OiBib2xkOwpiYWNrZ3JvdW5kOiAjMDAwMDQwOwptYXJnaW46IDAgMCAxMHB4OwpwYWRkaW5nOiA1cHggMTVweDsKfQoKLmJpZ2JpZyB7CndpZHRoOiBhdXRvOwpjb2xvcjogI0ZGNjYwMDsKZm9udC1zaXplOiAxNXB4OwpsaW5lLWhlaWdodDogMjVweDsKZm9udC13ZWlnaHQ6IGJvbGQ7Cn0KCmltZyB7IGJvcmRlcjpub25lOyB9CgouZm9udDEgeyBmb250LXNpemU6MTRweDsKICAgICAgICAgY29sb3I6IzMzMzMzMzsKIHdpZHRoOjc3MHB4OwogbGluZS1oZWlnaHQ6MjBweDsKIGZvbnQtZmFtaWx5OiLjg6HjgqTjg6rjgqoiLCLvvK3vvLMg77yw44K044K344OD44KvIiwgT3Nha2EsICLjg5Ljg6njgq7jg47op5LjgrQgUHJvIFczIjsKCiB9CiAKLmNlbnRlciB7IHRleHQtYWxpZ246Y2VudGVyOyB9Cgo8L3N0eWxlPgo8ZGl2IGNsYXNzPSJmb250MSI+CjxkaXYgY2xhc3M9ImJpZyI+44CQ5aSp54S25bGx576K6Z2p44CR44OK44Kk44KtIE5JS0Ug44OH44Ol44OpIOODleOCo+ODvOODqyBWSUlJIOOCsOODreODvOODliBbR0cwNDc5XTwvZGl2Pgo8ZGl2IGFsaWduPSJjZW50ZXIiPjxicj4KICAKICA8aW1nIHNyYz0iaHR0cDovL2ltYWdlLnJha3V0ZW4uY28uanAvamVlcC9jYWJpbmV0LzA0NTgyMTgyL2ltZ3JjMDA3NzIyMzcxNi5qcGciPjxiciAvPgogIAogICAgPGJyPgogICAgCjwvZGl2PgoKCjxkaXYgY2xhc3M9ImJpZyI+44CQ5aSp54S25bGx576K6Z2p5L2/55So44CR5LiK6LOq44Gq5ZCI5oiQ55qu6Z2p44Go5aSp54S25bGx576K6Z2p44Gu5oqc576k44Gu44Kz44Oz44OT44ON44O844K344On44OzPC9kaXY+CjxkaXYgY2xhc3M9ImJpZ2JpZyI+6YG444Gw44KM57aa44GR44KL44OR44OV44Kp44O844Oe44Oz44K5PGJyIC8+5YSq44KM44Gf6ICQ5LmF5oCn44Go5oqc576k44Gu44OV44Kj44O844Oq44Oz44KwPC9kaXY+CjxiciAvPgo8YiBzdHlsZT0iZm9udC1zaXplOjEyMCU7Ij7jgJDnibnlvrTjgJE8L2I+PGJyIC8+CuKWoOS4iuizquOBquWQiOaIkOearumdqeOBqOOAgeaJi+OBruW5s+OAgeimquaMh+OBq+aOoeeUqOOBl+OBn+WkqeeEtuearumdqeOBrue1hOOBv+WQiOOCj+OBm+OBq+OCiOOCiuOAgeeiuuOBi+OBquOCsOODquODg+ODl+aEn+OCkuWun+ePvuOAgjxiciAvPgrjgZXjgonjgavjg5XjgqPjg7zjg6rjg7PjgrDjgajogJDkuYXmgKfjga7jg5Djg6njg7PjgrnjgpLmnIDpganljJbjgZfjgb7jgZfjgZ/jgII8YnIgLz4KPGJyIC8+CuKWoOmAsuWMluOBl+e2muOBkeOCi+ODleOCo+ODg+ODiOaEn+OBqOW/q+mBqeOBqumAmuawl+aAp+OCkuOCguOBn+OCieOBmeOBn+OCgeOBq+S9nOOCieOCjOOBn+WQiOaIkOearumdqeOBqOaJi+OBrueUsuWBtOOBq+aOoeeUqOOBl+OAgeODkeODleOCqeODvOODnuODs+OCueOCkuWQkeS4iuOBl+OBvuOBmeOAgjxiciAvPgo8YnIgLz4K4pag5Ly457iu5oCn44Gr5YSq44KM44Gf57Sg5p2Q44KS44CB5omL44Gu55Sy5YG044Go5Lit5oyH44CB6Jas5oyH44CB5bCP5oyH6YOo5YiG44Gr5Yq55p6c55qE44Gr6YWN572u44CCPGJyIC8+CuaflOi7n+aAp+OBqOmAmuawl+aAp+OCkuS4oeeri+OBl+OBpuOBhOOBvuOBmeOAgjxiciAvPgo8YnIgLz4K4pag5Lq65Y+j5bel5a2m44Gr5Z+644Gl44GN44OH44K244Kk44Oz44GV44KM44Gf44K/44OW44GM44CB44GV44KJ44Gq44KL44OV44Kj44OD44OI5oSf44KS5a6f54++44GX44G+44GZ44CCPGJyIC8+CjxiciAvPgo8YnIgLz4KPGJyIC8+Cgo8ZGl2IGNsYXNzPSJiaWciPuijveWTgeips+e0sDwvZGl2Pgo8YiBzdHlsZT0iZm9udC1zaXplOjEyMCU7Ij7ilqDoo73lk4HoqbPntLA8L2I+PGJyIC8+Cjx0YWJsZSB3aWR0aD0iNTcwIiBib3JkZXI9IjEiIGNlbGxwYWRkaW5nPSIzIiBjZWxsc3BhY2luZz0iMCIgYm9yZGVyY29sb3I9IiM2NjY2NjYiIHN0eWxlPSJmb250LXNpemU6MTJweDt3aWR0aDo1MDBweDsiPgo8dHI+CiA8dGQgYWxpZ249ImNlbnRlciIgYmdjb2xvcj0iI2Y0ZmZmNCIgc3R5bGU9InZlcnRpY2FsLWFsaWduOm1pZGRsZTsiPuWVhuWTgeWQjTwvdGQ+CiA8dGQgYWxpZ249ImNlbnRlciIgYmdjb2xvcj0iI2Y0ZmZmNCI+PHN0cm9uZz5EVVJBIEZFRUwgW0dHTzQ3OV08L3N0cm9uZz48L3RkPgo8L3RyPgo8dHI+CiA8dGQgYWxpZ249ImNlbnRlciIgYmdjb2xvcj0iI2Y0ZmZmNCIgc3R5bGU9InZlcnRpY2FsLWFsaWduOm1pZGRsZTsiPue0oOadkDwvdGQ+CiA8dGQgYWxpZ249ImxlZnQiPuOAgOODneODquOCpuODrOOCv+ODszg1JTxiciAvPuOAgOODiuOCpOODreODszEwJTxiciAvPuOAgOOCtOODvOODiOOCueOCreODs+ODrOOCtuODvCjlsbHnvorpnakpNSU8L3RkPgo8L3RyPgo8dHI+CiA8dGQgYWxpZ249ImNlbnRlciIgYmdjb2xvcj0iI2Y0ZmZmNCI+44K144Kk44K6PC90ZD4KIDx0ZCBhbGlnbj0ibGVmdCI+44CAWFMoMjFjbSk8YnIgLz7jgIBTKDIyYyk8YnIgLz7jgIBNKDIzY20pPGJyIC8+44CATUwoMjRjbSk8YnIgLz7jgIBMKDI1Y20pPGJyIC8+44CAWEwoMjZjbSk8L3RkPgo8L3RyPgo8dHI+CiA8dGQgYWxpZ249ImNlbnRlciIgYmdjb2xvcj0iI2Y0ZmZmNCIgc3R5bGU9InZlcnRpY2FsLWFsaWduOm1pZGRsZTsiPuOCq+ODqeODvDwvdGQ+CiA8dGQgYWxpZ249ImxlZnQiPuOAgOODm+ODr+OCpOODiFsxMDFdPGJyIC8+44CA44OW44Op44OD44KvWzAwMV08L3RkPgo8L3RyPgo8L3RhYmxlPgo8YnIgLz4KPGJyIC8+Cgo8L3RyPgo8L3RhYmxlPgo8L2Rpdj4KPCEtLWZvbnQxLS0+PGltZyBzcmM9Imh0dHA6Ly9pbWFnZS5yYWt1dGVuLmNvLmpwL2plZXAvY2FiaW5ldC8wNDk4NTU0MC9pbWdyYzAwOTU4OTM0NzEuanBnIj48c3R5bGUgdHlwZT0idGV4dC9jc3MiPgoKdWwubWVudSB7Cm1hcmdpbjogMDsKcGFkZGluZzogNXB4OwpsaXN0LXN0eWxlLXR5cGU6IG5vbmU7Cn0KCnVsLm1lbnUgbGkgewpmbG9hdDpsZWZ0Owp3aWR0aDogOGVtOwptYXJnaW4tbGVmdDogOHB4OwpwYWRkaW5nOiAycHg7CmJvcmRlcjogMXB4ICMxOTE5NzAgc29saWQ7CnRleHQtYWxpZ246IGNlbnRlcjsKZm9udC1zaXplOjEycHg7CmJhY2tncm91bmQtY29sb3I6I2YwZjhmZjsKZm9udC1mYW1pbHk6ICLjg6HjgqTjg6rjgqoiLCAiTWVpcnlvIiwgIu+8re+8syDjgrTjgrfjg4Pjgq8iLCAiTVMgR290aGljIiwgIuODkuODqeOCruODjuinkuOCtCBQcm8gVzMiLCAiSGlyYWdpbm8gS2FrdSBHb3RoaWMgUHJvIiwgIk9zYWthIiwgIu+8re+8syDvvLDjgrTjgrfjg4Pjgq8iLCAiTVMgUEdvdGhpYyIsICJTYW5zLVNlcmlmIjsKbGluZS1oZWlnaHQ6MThweDsKCn0KCi5jbGVhckxlZnQgewpjbGVhcjogbGVmdDsKbWFyZ2luLWJvdHRvbTogNXB4Owp9Cgp1bC5tZW51MiB7Cm1hcmdpbjogMDsKcGFkZGluZzogM3B4OwpsaXN0LXN0eWxlLXR5cGU6IG5vbmU7Cn0KCnVsLm1lbnUyIGxpIHsKZmxvYXQ6bGVmdDsKd2lkdGg6IDEyMHB4OwptYXJnaW4tcmlnaHQ6IDJweDsKcGFkZGluZzogMXB4Owpib3JkZXI6IG5vbmU7CnRleHQtYWxpZ246IGNlbnRlcjsKZm9udC1zaXplOjExcHg7CmxpbmUtaGVpZ2h0OjE4cHg7CmZvbnQtZmFtaWx5OiAi44Oh44Kk44Oq44KqIiwgIk1laXJ5byIsICLvvK3vvLMg44K044K344OD44KvIiwgIk1TIEdvdGhpYyIsICLjg5Ljg6njgq7jg47op5LjgrQgUHJvIFczIiwgIkhpcmFnaW5vIEtha3UgR290aGljIFBybyIsICJPc2FrYSIsICLvvK3vvLMg77yw44K044K344OD44KvIiwgIk1TIFBHb3RoaWMiLCAiU2Fucy1TZXJpZiI7Cn0KCgouc3R5bGU0IHsKZm9udC1mYW1pbHk6ICLjg6HjgqTjg6rjgqoiLCAiTWVpcnlvIiwgIu+8re+8syDjgrTjgrfjg4Pjgq8iLCAiTVMgR290aGljIiwgIuODkuODqeOCruODjuinkuOCtCBQcm8gVzMiLCAiSGlyYWdpbm8gS2FrdSBHb3RoaWMgUHJvIiwgIk9zYWthIiwgIu+8re+8syDvvLDjgrTjgrfjg4Pjgq8iLCAiTVMgUEdvdGhpYyIsICJTYW5zLVNlcmlmIjsKZm9udC1zaXplOiAxOHB4Owpjb2xvcjogI0ZGMDAwMDsKZm9udC13ZWlnaHQ6IGJvbGQ7Cn0KCi5zdHlsZTUgeyBmb250LWZhbWlseTogIuODoeOCpOODquOCqiIsICJNZWlyeW8iLCAi77yt77yzIOOCtOOCt+ODg+OCryIsICJNUyBHb3RoaWMiLCAi44OS44Op44Ku44OO6KeS44K0IFBybyBXMyIsICJIaXJhZ2lubyBLYWt1IEdvdGhpYyBQcm8iLCAiT3Nha2EiLCAi77yt77yzIO+8sOOCtOOCt+ODg+OCryIsICJNUyBQR290aGljIiwgIlNhbnMtU2VyaWYiOwpmb250LXNpemU6IDEycHg7CmNvbG9yOiAjRkYwMDAwOwp9CgoKPC9zdHlsZT4KCjwhLS3jgYrjgZnjgZnjgoHlkIzmorHllYbmnZDjgZPjgZPjgYvjgoktLT4KPGltZyBzcmM9Imh0dHA6Ly9pbWFnZS5yYWt1dGVuLmNvLmpwL2plZXAvY2FiaW5ldC90b3AtbmV3L2ltZ3JjMDA3MDAxNDAyOC5qcGciIGFsdD0i44GK44GZ44GZ44KB5ZCM5qKx5ZWG5p2QIj4KPHRhYmxlIHdpZHRoPSI3NzAiIGJvcmRlcj0iMCIgY2VsbHNwYWNpbmc9IjUiIGNlbGxwYWRkaW5nPSIwIiBzdHlsZT0id2lkdGg6NzcwcHg7YmFja2dyb3VuZC1jb2xvcjojZmZmZmZmO2JvcmRlci13aWR0aDoxcHg7Ym9yZGVyLXN0eWxlOnNvbGlkO2JvcmRlci1jb2xvcjojYmZiZmJmO2JvcmRlci10b3A6bm9uZTsiPgogIDx0cj4KICAgIDx0ZD4KCQoJICA8dWwgY2xhc3M9Im1lbnUiPgo8bGk+44Oc44O844OrPC9saT4KPGxpPuOCsOODreODvOODljwvbGk+CjxsaT7jg4bjgqPjg7w8L2xpPgo8bGk+44K144Oz44Kw44Op44K5PC9saT4KPGxpPuOCt+ODpeODvOOCujwvbGk+CjxsaT7jg5Djg4PjgrA8L2xpPgoKPC91bD4KCjxkaXYgY2xhc3M9ImNsZWFyTGVmdCI+PC9kaXY+CgogIDx1bCBjbGFzcz0ibWVudSI+CjxsaT7jgqbjgqjjgqI8L2xpPgo8bGk+57e057+S55So5YW3PC9saT4KPGxpPuODrOOCpOODs+OCsOODg+OCujwvbGk+Cgo8L3VsPgoKPGRpdiBjbGFzcz0iY2xlYXJMZWZ0Ij48L2Rpdj4KPGltZyBzcmM9Imh0dHA6Ly9pbWFnZS5yYWt1dGVuLmNvLmpwL2plZXAvY2FiaW5ldC90b3AtbmV3L2ltZ3JjMDA3MDAxNDAzNi5qcGciIGFsdD0i44GK5Yun44KB5ZCM5qKx5ZWG5p2QIj48YnI+Cjx1bCBjbGFzcz0ibWVudTIiPgo8bGk+PGltZyBzcmM9Imh0dHA6Ly9pbWFnZS5yYWt1dGVuLmNvLmpwL2plZXAvY2FiaW5ldC8wNDc3Njk3MC9pbWdyYzAwODg3MDI4NDAuanBnIiB3aWR0aD0iMTEwIiBoZWlnaHQ9IjExMCIgYm9yZGVyPSIwIj48YnI+CuOCreODo+ODreOCpuOCp+OCpDxicj4K44K544O844OR44O844K944OV44OIIOODnOODvOODqzxicj4KMeODgOODvOOCuTEy5YCL5YWl44KKPGJyPgrml6XmnKzku5Xmp5g8YnI+IDxzcGFuIGNsYXNzPSJzdHlsZTQiPjEsOTgwPC9zcGFuPjxzcGFuIGNsYXNzPSJzdHlsZTUiPuWGhijnqI7ovrzvvIk8L3NwYW4+PC9saT4KPGxpPjxpbWcgc3JjPSJodHRwOi8vaW1hZ2UucmFrdXRlbi5jby5qcC9qZWVwL2NhYmluZXQvdG9wLW5ldy9pbWdyYzAwNjcxNDQ3MTMuanBnIiB3aWR0aD0iMTEwIiBoZWlnaHQ9IjExMCIgYm9yZGVyPSIwIj48YnI+CuOAkOWcqOW6q+mZkOOCiuOAkTxicj4K44Op44Kk44OIIOOCvOODrTxicj4K44OV44Oq44Kv44K344On44Oz44OG44Kj44O8PGJyPgrjg6zjgq7jg6Xjg6njg7wgNzBtbTxicj48c3BhbiBjbGFzcz0ic3R5bGU0Ij4zODA8L3NwYW4+PHNwYW4gY2xhc3M9InN0eWxlNSI+5YaGKOeojui+vO+8iTwvc3Bhbj48L2xpPgo8bGk+PGltZyBzcmM9Imh0dHA6Ly9pbWFnZS5yYWt1dGVuLmNvLmpwL2plZXAvY2FiaW5ldC8wNDc3Njk3MC9pbWdyYzAwODMwODQ5NDQuanBnIiB3aWR0aD0iMTEwIiBoZWlnaHQ9IjExMCIgYm9yZGVyPSIwIj48YnI+CuOCouODh+OCo+ODgOOCuTxicj4K44OP44KkIOODkeODr+ODvOODkOODs+ODiTxicj7jgrDjg63jg7zjg5YgW1FSNzEwXTxicj4K5pel5pys5LuV5qeYPGJyPjxzcGFuIGNsYXNzPSJzdHlsZTQiPjg4OTwvc3Bhbj48c3BhbiBjbGFzcz0ic3R5bGU1Ij7lhoYo56iO6L6877yJPC9zcGFuPjwvbGk+CjxsaT48aW1nIHNyYz0iaHR0cDovL2ltYWdlLnJha3V0ZW4uY28uanAvamVlcC9jYWJpbmV0LzA0Nzc2OTcwL2ltZ3JjMDA4NjczNzQxMC5qcGciIHdpZHRoPSIxMTAiIGhlaWdodD0iMTEwIiBib3JkZXI9IjAiPjxicj4K44OK44Kk44Kt44K044Or44OVPGJyPgrjg5Xjgqfjg7zjgrnvvIbjgq/jg6njg5YgPGJyPgrjgrjjg6Pjgqzjg7zjg4njgr/jgqrjg6sgPGJyPgpVU0Hnm7TovLjlhaXlk4E8YnI+PHNwYW4gY2xhc3M9InN0eWxlNCI+MSw5ODA8L3NwYW4+PHNwYW4gY2xhc3M9InN0eWxlNSI+5YaGKOeojui+vO+8iTwvc3Bhbj48L2xpPgo8bGk+PGltZyBzcmM9Imh0dHA6Ly9pbWFnZS5yYWt1dGVuLmNvLmpwL2plZXAvY2FiaW5ldC8wNDc3Njk3MC9pbWdyYzAwOTEyMDQ0MjAuanBnIiB3aWR0aD0iMTEwIiBoZWlnaHQ9IjExMCIgYm9yZGVyPSIwIj48YnI+CuODl+ODvOODnjxicj4KQk9ZJ1MgTE9XIENVVDxicj4K44K944OD44Kv44K5IDbotrPjg5rjgqI8YnI+ClAxMDQyNDAtNDIxPGJyPjxzcGFuIGNsYXNzPSJzdHlsZTQiPjEsOTgwPC9zcGFuPjxzcGFuIGNsYXNzPSJzdHlsZTUiPuWGhijnqI7ovrzvvIk8L3NwYW4+PC9saT4KPGxpPjxpbWcgc3JjPSJodHRwOi8vaW1hZ2UucmFrdXRlbi5jby5qcC9qZWVwL2NhYmluZXQvdG9wLW5ldy9pbWdyYzAwNzczMjcyOTcuanBnIiB3aWR0aD0iMTEwIiBoZWlnaHQ9IjExMCIgYm9yZGVyPSIwIj48YnI+CuODgOOCpOODpDxicj4K5Y+v5oSb44GE44Ki44OL44Oe44OrPGJyPuODnOODvOODq+OCr+ODquODvOODiuODvDxicj4KQVMtMDQ0PGJyPjxzcGFuIGNsYXNzPSJzdHlsZTQiPjg2MDwvc3Bhbj48c3BhbiBjbGFzcz0ic3R5bGU1Ij7lhoYo56iO6L6877yJPC9zcGFuPjwvbGk+Cgo8L3VsPgoKPGRpdiBjbGFzcz0iY2xlYXJMZWZ0Ij48L2Rpdj4KCjwvdGQ+CiAgPC90cj4KPC90YWJsZT4KPCEtLeOBiuOBmeOBmeOCgeWQjOaiseWVhuadkOOBk+OBk+OBvuOBpy0tPg==,44CQ44K044Or44OV44CR44CQ44Kw44Ot44O844OW44CR44CQ5aSp54S25bGx576K6Z2p44CR44OK44Kk44KtIE5JS0Ug44OH44Ol44OpIOODleOCo+ODvOODqyBWSUlJIOOCsOODreODvOODliBbR0cwNDc5XeOAkOaJi+iii+OAke+8mkpZUEVSJnJzcXVvO1PvvIjjgrjjg7zjg5Hjg7zjgrrvvIk=,44K044Or44OV44K044Or44OV44Kv44Op44OW44K044Or44OV55So5ZOBSllQRVJT44K444O844OR44O844K6SllQRVInU+a/gOWuiVVTQeebtOi8uOWFpeOCtOODq+ODleOCpuOCqOOCouOCtOODq+ODleOCr+ODqeODluODieODqeOCpOODkOODvOODkeOCv+ODvOOCreODo+ODreOCpuOCp+OCpOODhuODvOODqeODvOODoeOCpOODieOCueODquOCr+OCveODs+OCv+OCpOODiOODquOCueODiOOCtOODq+ODleODnOODvOODq+OCt+ODo+ODleODiEdPTEbjgqLjgqTjgqLjg7PjgJDjgrTjg6vjg5XjgJHjgJDjgrDjg63jg7zjg5bjgJHjgJDlpKnnhLblsbHnvorpnanjgJHjg4rjgqTjgq0gTklLRSDjg4fjg6Xjg6kg44OV44Kj44O844OrIFZJSUkg44Kw44Ot44O844OWIFtHRzA0Nzld44CQ5omL6KKL44CR,5LiK6LOq44Gq5ZCI5oiQ55qu6Z2p44Go5aSp54S25bGx576K6Z2p44Gu5oqc576k44Gu44Kz44Oz44OT44ON44O844K344On44Oz44CC44CQ44K044Or44OV44CR44CQ44Kw44Ot44O844OW44CR44CQ5aSp54S25bGx576K6Z2p44CR44OK44Kk44KtIE5JS0Ug44OH44Ol44OpIOODleOCo+ODvOODqyBWSUlJIOOCsOODreODvOODliBbR0cwNDc5XeOAkOaJi+iii+OAkQ==[rn]
25-79826,aHR0cDovL3RzaG9wLnIxMHMuanAvamVlcC9jYWJpbmV0LzA0MTY2MjY2L2ltZ3JjMDA3MDc3NzM3MS5qcGc/Zml0aW49NzAwOjcwMA==,NzMzLjYwMDA=,,44K544Od44O844OE44O744Ki44Km44OI44OJ44KiID4g44K044Or44OVID4g44Kw44Ot44O844OW,44CQ44Kw44Ot44O844OW44CR44Kt44Oj44Ot44Km44Kn44KkIENBTExBV0FZIOOCpuOCqeODvOODkOODvOODiSBXQVJCSVJEIOOCsOODreODvOODluOAkOaJi+iii+OAkQ==,44K944OV44OI44Gq44OV44Kj44OD44OI5oSf44Go44K544OI44Os44OD44OB5oCn44Gn5b+r6YGp44Gq552A44GR5b+D5Zyw,PHN0eWxlIFRZUEU9InRleHQvY3NzIj4KLmJpZyB7CmRpc3BsYXk6IGJsb2NrOwp3aWR0aDogNzcwcHg7CmhlaWdodDogYXV0bzsKY29sb3I6ICNmZmZmZmY7CmZvbnQtc2l6ZTogMTRweDsKbGluZS1oZWlnaHQ6IDIwcHg7CmZvbnQtd2VpZ2h0OiBib2xkOwpsZXR0ZXItc3BhY2luZzogMDsKYmFja2dyb3VuZDogIzAwMDA0MDsKYm9yZGVyLWxlZnQ6IDNweCBzb2xpZCAjMDAwMDQwOwptYXJnaW46IDAgMCAxMHB4OwpwYWRkaW5nOiA1cHggMTBweDsKdGV4dC1hbGlnbjogbGVmdDsKdmVydGljYWwtYWxpZ246IGJhc2VsaW5lOwpjbGVhcjogYm90aDsKfQouYmlnYmlnIHsKd2lkdGg6IGF1dG87CmhlaWdodDogYXV0bzsKY29sb3I6ICNGRjY2MDA7CmZvbnQtc2l6ZTogMTVweDsKbGluZS1oZWlnaHQ6IDI1cHg7CmZvbnQtd2VpZ2h0OiBib2xkOwpsZXR0ZXItc3BhY2luZzogMDsKbWFyZ2luOiAwOwpwYWRkaW5nOiAwOwp0ZXh0LWFsaWduOiBsZWZ0Owp2ZXJ0aWNhbC1hbGlnbjogYmFzZWxpbmU7CmNsZWFyOiBib3RoOwp9CgppbWcgeyBib3JkZXI6bm9uZTsgfQoKLmZvbnQxIHsgZm9udC1zaXplOjE0cHg7CiAgICAgICAgIGNvbG9yOiMzMzMzMzM7CiB3aWR0aDo4MDBweDsKIGxpbmUtaGVpZ2h0OjIwcHg7CiB9CiAKLmNlbnRlciB7IHRleHQtYWxpZ246Y2VudGVyOyB9Cjwvc3R5bGU+Cgo8ZGl2IGNsYXNzPSJmb250MSI+CjxkaXYgY2xhc3M9ImJpZyI+44Kt44Oj44Ot44Km44Kn44KkIENBTExBV0FZIOOCpuOCqeODvOODkOODvOODiSBXQVJCSVJEIOOCsOODreODvOODljwvZGl2Pgo8ZGl2IGFsaWduPSJjZW50ZXIiPjxicj4KICA8YiBzdHlsZT0iZm9udC1zaXplOjExMCU7Y29sb3I6Ymx1ZTsiPuKAu+asoOWTgeS4reOBruWVhuWTgeOBr+ODoeODvOOCq+ODvOeiuuiqjeW+jOOBruOBiuWPluOCiuWvhOOBm+WvvuW/nOOBqOOBquOCiuOBvuOBmeOAgjxiciAvPuOBiuawl+i7veOBq+mAmuiyqeS6i+alremDqChURUw6MDQ3LTMwNC0yNjY2KeOBvuOBp+OBiuWVj+WQiOOBm+OBj+OBoOOBleOBhOOAgjxiciAvPuOBquOBiuOAgeOBiuWPluOCiuWvhOOBm+OBruWgtOWQiOOBr+WNs+aXpeeZuumAgeOBruWvvuixoeOBqOOBquOCiuOBvuOBm+OCk+OAgjxiciAvPuS6iOOCgeOBlOS6huaJv+OBj+OBoOOBleOBhOOAgjwvYj48YnIgLz48YnIgLz4KICA8aW1nIHNyYz0iaHR0cDovL2ltYWdlLnJha3V0ZW4uY28uanAvamVlcC9jYWJpbmV0LzA0MTY2MjY2L2ltZ3JjMDA3MDc3NzM3Mi5qcGciPjxiciAvPgogIAogICAgPGJyPgogICAgCjwvZGl2PgoKPGRpdiBjbGFzcz0iYmlnIj7jgJDlkIjmiJDnmq7pnanjgJHjgr3jg5Xjg4jjgarjg5XjgqPjg4Pjg4jmhJ/jgajjgrnjg4jjg6zjg4Pjg4HmgKfjgaflv6vpganjgarnnYDjgZHlv4PlnLA8L2Rpdj4KPGRpdiBjbGFzcz0iYmlnYmlnIj7il4/jgr3jg5Xjg4jjgarjg5XjgqPjg4Pjg4jmhJ/jga7lkIjmiJDnmq7pnanjgpLmjqHnlKg8L2Rpdj4KPGRpdiBjbGFzcz0iYmlnYmlnIj7il4/jgrnjg4jjg6zjg4Pjg4HmgKfjga7jgYLjgovjg4vjg4Pjg4jntKDmnZDjgpLnlLLlgbTjgavkvb/nlKg8L2Rpdj4KPGJyIC8+CjxiciAvPgrilqDntKDmnZA8YnIgLz4K5o6MOuWQiOaIkOearumdqeOAgee+iuearjxiciAvPgrnlLI65ZCI5oiQ55qu6Z2pPGJyIC8+CjxiciAvPgrilqDjgrXjgqTjgro8YnIgLz4KMjHvvZ4yNmNtPGJyIC8+CjxiciAvPgrilqDjgqvjg6njg7w8YnIgLz4K44Ob44Ov44Kk44OIPGJyIC8+CjxiciAvPgo8YnIgLz4KPGJyIC8+Cgo8L3RyPgo8L3RhYmxlPgo8L2Rpdj4KPCEtLWZvbnQxLS0+PGltZyBzcmM9Imh0dHA6Ly9pbWFnZS5yYWt1dGVuLmNvLmpwL2plZXAvY2FiaW5ldC8wNDk4NTU0MC9pbWdyYzAwOTU4OTM0NzEuanBnIj48c3R5bGUgdHlwZT0idGV4dC9jc3MiPgoKdWwubWVudSB7Cm1hcmdpbjogMDsKcGFkZGluZzogNXB4OwpsaXN0LXN0eWxlLXR5cGU6IG5vbmU7Cn0KCnVsLm1lbnUgbGkgewpmbG9hdDpsZWZ0Owp3aWR0aDogOGVtOwptYXJnaW4tbGVmdDogOHB4OwpwYWRkaW5nOiAycHg7CmJvcmRlcjogMXB4ICMxOTE5NzAgc29saWQ7CnRleHQtYWxpZ246IGNlbnRlcjsKZm9udC1zaXplOjEycHg7CmJhY2tncm91bmQtY29sb3I6I2YwZjhmZjsKZm9udC1mYW1pbHk6ICLjg6HjgqTjg6rjgqoiLCAiTWVpcnlvIiwgIu+8re+8syDjgrTjgrfjg4Pjgq8iLCAiTVMgR290aGljIiwgIuODkuODqeOCruODjuinkuOCtCBQcm8gVzMiLCAiSGlyYWdpbm8gS2FrdSBHb3RoaWMgUHJvIiwgIk9zYWthIiwgIu+8re+8syDvvLDjgrTjgrfjg4Pjgq8iLCAiTVMgUEdvdGhpYyIsICJTYW5zLVNlcmlmIjsKbGluZS1oZWlnaHQ6MThweDsKCn0KCi5jbGVhckxlZnQgewpjbGVhcjogbGVmdDsKbWFyZ2luLWJvdHRvbTogNXB4Owp9Cgp1bC5tZW51MiB7Cm1hcmdpbjogMDsKcGFkZGluZzogM3B4OwpsaXN0LXN0eWxlLXR5cGU6IG5vbmU7Cn0KCnVsLm1lbnUyIGxpIHsKZmxvYXQ6bGVmdDsKd2lkdGg6IDEyMHB4OwptYXJnaW4tcmlnaHQ6IDJweDsKcGFkZGluZzogMXB4Owpib3JkZXI6IG5vbmU7CnRleHQtYWxpZ246IGNlbnRlcjsKZm9udC1zaXplOjExcHg7CmxpbmUtaGVpZ2h0OjE4cHg7CmZvbnQtZmFtaWx5OiAi44Oh44Kk44Oq44KqIiwgIk1laXJ5byIsICLvvK3vvLMg44K044K344OD44KvIiwgIk1TIEdvdGhpYyIsICLjg5Ljg6njgq7jg47op5LjgrQgUHJvIFczIiwgIkhpcmFnaW5vIEtha3UgR290aGljIFBybyIsICJPc2FrYSIsICLvvK3vvLMg77yw44K044K344OD44KvIiwgIk1TIFBHb3RoaWMiLCAiU2Fucy1TZXJpZiI7Cn0KCgouc3R5bGU0IHsKZm9udC1mYW1pbHk6ICLjg6HjgqTjg6rjgqoiLCAiTWVpcnlvIiwgIu+8re+8syDjgrTjgrfjg4Pjgq8iLCAiTVMgR290aGljIiwgIuODkuODqeOCruODjuinkuOCtCBQcm8gVzMiLCAiSGlyYWdpbm8gS2FrdSBHb3RoaWMgUHJvIiwgIk9zYWthIiwgIu+8re+8syDvvLDjgrTjgrfjg4Pjgq8iLCAiTVMgUEdvdGhpYyIsICJTYW5zLVNlcmlmIjsKZm9udC1zaXplOiAxOHB4Owpjb2xvcjogI0ZGMDAwMDsKZm9udC13ZWlnaHQ6IGJvbGQ7Cn0KCi5zdHlsZTUgeyBmb250LWZhbWlseTogIuODoeOCpOODquOCqiIsICJNZWlyeW8iLCAi77yt77yzIOOCtOOCt+ODg+OCryIsICJNUyBHb3RoaWMiLCAi44OS44Op44Ku44OO6KeS44K0IFBybyBXMyIsICJIaXJhZ2lubyBLYWt1IEdvdGhpYyBQcm8iLCAiT3Nha2EiLCAi77yt77yzIO+8sOOCtOOCt+ODg+OCryIsICJNUyBQR290aGljIiwgIlNhbnMtU2VyaWYiOwpmb250LXNpemU6IDEycHg7CmNvbG9yOiAjRkYwMDAwOwp9CgoKPC9zdHlsZT4KCjwhLS3jgYrjgZnjgZnjgoHlkIzmorHllYbmnZDjgZPjgZPjgYvjgoktLT4KPGltZyBzcmM9Imh0dHA6Ly9pbWFnZS5yYWt1dGVuLmNvLmpwL2plZXAvY2FiaW5ldC90b3AtbmV3L2ltZ3JjMDA3MDAxNDAyOC5qcGciIGFsdD0i44GK44GZ44GZ44KB5ZCM5qKx5ZWG5p2QIj4KPHRhYmxlIHdpZHRoPSI3NzAiIGJvcmRlcj0iMCIgY2VsbHNwYWNpbmc9IjUiIGNlbGxwYWRkaW5nPSIwIiBzdHlsZT0id2lkdGg6NzcwcHg7YmFja2dyb3VuZC1jb2xvcjojZmZmZmZmO2JvcmRlci13aWR0aDoxcHg7Ym9yZGVyLXN0eWxlOnNvbGlkO2JvcmRlci1jb2xvcjojYmZiZmJmO2JvcmRlci10b3A6bm9uZTsiPgogIDx0cj4KICAgIDx0ZD4KCQoJICA8dWwgY2xhc3M9Im1lbnUiPgo8bGk+44Oc44O844OrPC9saT4KPGxpPuOCsOODreODvOODljwvbGk+CjxsaT7jg4bjgqPjg7w8L2xpPgo8bGk+44K144Oz44Kw44Op44K5PC9saT4KPGxpPuOCt+ODpeODvOOCujwvbGk+CjxsaT7jg5Djg4PjgrA8L2xpPgoKPC91bD4KCjxkaXYgY2xhc3M9ImNsZWFyTGVmdCI+PC9kaXY+CgogIDx1bCBjbGFzcz0ibWVudSI+CjxsaT7jgqbjgqjjgqI8L2xpPgo8bGk+57e057+S55So5YW3PC9saT4KPGxpPuODrOOCpOODs+OCsOODg+OCujwvbGk+Cgo8L3VsPgoKPGRpdiBjbGFzcz0iY2xlYXJMZWZ0Ij48L2Rpdj4KPGltZyBzcmM9Imh0dHA6Ly9pbWFnZS5yYWt1dGVuLmNvLmpwL2plZXAvY2FiaW5ldC90b3AtbmV3L2ltZ3JjMDA3MDAxNDAzNi5qcGciIGFsdD0i44GK5Yun44KB5ZCM5qKx5ZWG5p2QIj48YnI+Cjx1bCBjbGFzcz0ibWVudTIiPgo8bGk+PGltZyBzcmM9Imh0dHA6Ly9pbWFnZS5yYWt1dGVuLmNvLmpwL2plZXAvY2FiaW5ldC8wNDc3Njk3MC9pbWdyYzAwODg3MDI4NDAuanBnIiB3aWR0aD0iMTEwIiBoZWlnaHQ9IjExMCIgYm9yZGVyPSIwIj48YnI+CuOCreODo+ODreOCpuOCp+OCpDxicj4K44K544O844OR44O844K944OV44OIIOODnOODvOODqzxicj4KMeODgOODvOOCuTEy5YCL5YWl44KKPGJyPgrml6XmnKzku5Xmp5g8YnI+IDxzcGFuIGNsYXNzPSJzdHlsZTQiPjEsOTgwPC9zcGFuPjxzcGFuIGNsYXNzPSJzdHlsZTUiPuWGhijnqI7ovrzvvIk8L3NwYW4+PC9saT4KPGxpPjxpbWcgc3JjPSJodHRwOi8vaW1hZ2UucmFrdXRlbi5jby5qcC9qZWVwL2NhYmluZXQvdG9wLW5ldy9pbWdyYzAwNjcxNDQ3MTMuanBnIiB3aWR0aD0iMTEwIiBoZWlnaHQ9IjExMCIgYm9yZGVyPSIwIj48YnI+CuOAkOWcqOW6q+mZkOOCiuOAkTxicj4K44Op44Kk44OIIOOCvOODrTxicj4K44OV44Oq44Kv44K344On44Oz44OG44Kj44O8PGJyPgrjg6zjgq7jg6Xjg6njg7wgNzBtbTxicj48c3BhbiBjbGFzcz0ic3R5bGU0Ij4zODA8L3NwYW4+PHNwYW4gY2xhc3M9InN0eWxlNSI+5YaGKOeojui+vO+8iTwvc3Bhbj48L2xpPgo8bGk+PGltZyBzcmM9Imh0dHA6Ly9pbWFnZS5yYWt1dGVuLmNvLmpwL2plZXAvY2FiaW5ldC8wNDc3Njk3MC9pbWdyYzAwODMwODQ5NDQuanBnIiB3aWR0aD0iMTEwIiBoZWlnaHQ9IjExMCIgYm9yZGVyPSIwIj48YnI+CuOCouODh+OCo+ODgOOCuTxicj4K44OP44KkIOODkeODr+ODvOODkOODs+ODiTxicj7jgrDjg63jg7zjg5YgW1FSNzEwXTxicj4K5pel5pys5LuV5qeYPGJyPjxzcGFuIGNsYXNzPSJzdHlsZTQiPjg4OTwvc3Bhbj48c3BhbiBjbGFzcz0ic3R5bGU1Ij7lhoYo56iO6L6877yJPC9zcGFuPjwvbGk+CjxsaT48aW1nIHNyYz0iaHR0cDovL2ltYWdlLnJha3V0ZW4uY28uanAvamVlcC9jYWJpbmV0LzA0Nzc2OTcwL2ltZ3JjMDA4NjczNzQxMC5qcGciIHdpZHRoPSIxMTAiIGhlaWdodD0iMTEwIiBib3JkZXI9IjAiPjxicj4K44OK44Kk44Kt44K044Or44OVPGJyPgrjg5Xjgqfjg7zjgrnvvIbjgq/jg6njg5YgPGJyPgrjgrjjg6Pjgqzjg7zjg4njgr/jgqrjg6sgPGJyPgpVU0Hnm7TovLjlhaXlk4E8YnI+PHNwYW4gY2xhc3M9InN0eWxlNCI+MSw5ODA8L3NwYW4+PHNwYW4gY2xhc3M9InN0eWxlNSI+5YaGKOeojui+vO+8iTwvc3Bhbj48L2xpPgo8bGk+PGltZyBzcmM9Imh0dHA6Ly9pbWFnZS5yYWt1dGVuLmNvLmpwL2plZXAvY2FiaW5ldC8wNDc3Njk3MC9pbWdyYzAwOTEyMDQ0MjAuanBnIiB3aWR0aD0iMTEwIiBoZWlnaHQ9IjExMCIgYm9yZGVyPSIwIj48YnI+CuODl+ODvOODnjxicj4KQk9ZJ1MgTE9XIENVVDxicj4K44K944OD44Kv44K5IDbotrPjg5rjgqI8YnI+ClAxMDQyNDAtNDIxPGJyPjxzcGFuIGNsYXNzPSJzdHlsZTQiPjEsOTgwPC9zcGFuPjxzcGFuIGNsYXNzPSJzdHlsZTUiPuWGhijnqI7ovrzvvIk8L3NwYW4+PC9saT4KPGxpPjxpbWcgc3JjPSJodHRwOi8vaW1hZ2UucmFrdXRlbi5jby5qcC9qZWVwL2NhYmluZXQvdG9wLW5ldy9pbWdyYzAwNzczMjcyOTcuanBnIiB3aWR0aD0iMTEwIiBoZWlnaHQ9IjExMCIgYm9yZGVyPSIwIj48YnI+CuODgOOCpOODpDxicj4K5Y+v5oSb44GE44Ki44OL44Oe44OrPGJyPuODnOODvOODq+OCr+ODquODvOODiuODvDxicj4KQVMtMDQ0PGJyPjxzcGFuIGNsYXNzPSJzdHlsZTQiPjg2MDwvc3Bhbj48c3BhbiBjbGFzcz0ic3R5bGU1Ij7lhoYo56iO6L6877yJPC9zcGFuPjwvbGk+Cgo8L3VsPgoKPGRpdiBjbGFzcz0iY2xlYXJMZWZ0Ij48L2Rpdj4KCjwvdGQ+CiAgPC90cj4KPC90YWJsZT4KPCEtLeOBiuOBmeOBmeOCgeWQjOaiseWVhuadkOOBk+OBk+OBvuOBpy0tPg==,44CQ44Kw44Ot44O844OW44CR44Kt44Oj44Ot44Km44Kn44KkIENBTExBV0FZIOOCpuOCqeODvOODkOODvOODiSBXQVJCSVJEIOOCsOODreODvOODluOAkOaJi+iii+OAke+8mkpZUEVSJnJzcXVvO1PvvIjjgrjjg7zjg5Hjg7zjgrrvvIk=,44K044Or44OV44K044Or44OV44Kv44Op44OW44K044Or44OV55So5ZOBSllQRVJT44K444O844OR44O844K6SllQRVInU+a/gOWuiVVTQeebtOi8uOWFpeOCtOODq+ODleOCpuOCqOOCouOCtOODq+ODleOCr+ODqeODluODieODqeOCpOODkOODvOODkeOCv+ODvOOCreODo+ODreOCpuOCp+OCpOODhuODvOODqeODvOODoeOCpOODieOCueODquOCr+OCveODs+OCv+OCpOODiOODquOCueODiOOCtOODq+ODleODnOODvOODq+OCt+ODo+ODleODiEdPTEbjgqLjgqTjgqLjg7PjgJDjgrDjg63jg7zjg5bjgJHjgq3jg6Pjg63jgqbjgqfjgqQgQ0FMTEFXQVkg44Km44Kp44O844OQ44O844OJIFdBUkJJUkQg44Kw44Ot44O844OW44CQ5omL6KKL44CR,44K944OV44OI44Gq44OV44Kj44OD44OI5oSf44Go44K544OI44Os44OD44OB5oCn44Gn5b+r6YGp44Gq552A44GR5b+D5Zyw44CC44CQ44Kw44Ot44O844OW44CR44Kt44Oj44Ot44Km44Kn44KkIENBTExBV0FZIOOCpuOCqeODvOODkOODvOODiSBXQVJCSVJEIOOCsOODreODvOODluOAkOaJi+iii+OAkQ==[rn]
25-79827,aHR0cDovL3RzaG9wLnIxMHMuanAvamVlcC9jYWJpbmV0LzA0NTgyMTgyL2ltZ3JjMDA3OTI1MDU1MS5qcGc/Zml0aW49NzAwOjcwMA==,ODc0LjQwMDA=,,44K544Od44O844OE44O744Ki44Km44OI44OJ44KiID4g44K044Or44OVID4g44Kw44Ot44O844OW,44CQ44K044Or44OV44Kw44Ot44O844OW44CR44OW44Oq44OC44K544OI44OzIEJSSURHRVNUT05FIOODhOOCouODvOOCsOODreODvOODlijlpKnnhLbnmq7pnakpIFtHTEc0MUpd,44CQ5aSp54S255qu6Z2p44CR5Y6z6YG444GV44KM44Gf44Ko44OB44Kq44OU44Ki44K344O844OX5o6h55So,PHN0eWxlIFRZUEU9InRleHQvY3NzIj4KLmJpZyB7CmRpc3BsYXk6IGJsb2NrOwp3aWR0aDogNzcwcHg7CmhlaWdodDogYXV0bzsKY29sb3I6ICNmZmZmZmY7CmZvbnQtc2l6ZTogMTRweDsKbGluZS1oZWlnaHQ6IDIwcHg7CmZvbnQtd2VpZ2h0OiBib2xkOwpsZXR0ZXItc3BhY2luZzogMDsKYmFja2dyb3VuZDogIzAwMDA0MDsKYm9yZGVyLWxlZnQ6IDNweCBzb2xpZCAjMDAwMDQwOwptYXJnaW46IDAgMCAxMHB4OwpwYWRkaW5nOiA1cHggMTBweDsKdGV4dC1hbGlnbjogbGVmdDsKdmVydGljYWwtYWxpZ246IGJhc2VsaW5lOwpjbGVhcjogYm90aDsKfQouYmlnYmlnIHsKd2lkdGg6IGF1dG87CmhlaWdodDogYXV0bzsKY29sb3I6ICNGRjY2MDA7CmZvbnQtc2l6ZTogMTVweDsKbGluZS1oZWlnaHQ6IDI1cHg7CmZvbnQtd2VpZ2h0OiBib2xkOwpsZXR0ZXItc3BhY2luZzogMDsKbWFyZ2luOiAwOwpwYWRkaW5nOiAwOwp0ZXh0LWFsaWduOiBsZWZ0Owp2ZXJ0aWNhbC1hbGlnbjogYmFzZWxpbmU7CmNsZWFyOiBib3RoOwp9CgppbWcgeyBib3JkZXI6bm9uZTsgfQoKLmZvbnQxIHsgZm9udC1zaXplOjE0cHg7CiAgICAgICAgIGNvbG9yOiMzMzMzMzM7CiB3aWR0aDo4MDBweDsKIGxpbmUtaGVpZ2h0OjIwcHg7CiB9CiAKLmNlbnRlciB7IHRleHQtYWxpZ246Y2VudGVyOyB9Cjwvc3R5bGU+Cgo8ZGl2IGNsYXNzPSJmb250MSI+Cjx0aXRsZT7jg5bjg6rjg4Ljgrnjg4jjg7MgQlJJREdFU1RPTkUg44OE44Ki44O844Kw44Ot44O844OWKOWkqeeEtuearumdqSkgW0dMRzQxSl08L3RpdGxlPgo8ZGl2IGNsYXNzPSJiaWciPuODluODquODguOCueODiOODsyBCUklER0VTVE9ORSDjg4TjgqLjg7zjgrDjg63jg7zjg5Yo5aSp54S255qu6Z2pKSBbR0xHNDFKXTwvZGl2Pgo8ZGl2IGFsaWduPSJjZW50ZXIiPjxicj4KICAKICA8aW1nIHNyYz0iaHR0cDovL2ltYWdlLnJha3V0ZW4uY28uanAvamVlcC9jYWJpbmV0LzA0NTgyMTgyL2ltZ3JjMDA3OTI1MDU1Mi5qcGciPjxiciAvPgogIAogICAgPGJyPgogICAgCjwvZGl2PgoKPGRpdiBjbGFzcz0iYmlnIj7jg5bjg6rjg4Ljgrnjg4jjg7MgQlJJREdFU1RPTkUg44OE44Ki44O844Kw44Ot44O844OWIFtHTEc0MUpdPC9kaXY+CjxkaXYgY2xhc3M9ImJpZ2JpZyI+44CQ5aSp54S255qu6Z2p44CR5Y6z6YG444GV44KM44Gf44Ko44OB44Kq44OU44Ki44K344O844OX5o6h55SoPC9kaXY+CjxiciAvPgo8Yj7ilqBb57Sg5p2Q44G444Gu44GT44Gg44KP44KKXTwvYj48YnIgLz4K44Ko44OB44Kq44OU44Ki44K344O844OX44Gu5Lit44Gn44KC5LiK57Sa44Op44Oz44Kv44Gu44G/44KS5Y6z6YG444GX44Gm5L2/55So44CC6KGo6Z2i44Gu44Kt44Oh44GM57Sw44GL44GP44CB44K944OV44OI44Gq44OV44Kj44O844Oq44Oz44Kw44Go44OV44Kj44OD44OI5oSf44KS5a6f54++44CCPGJyIC8+CjxiciAvPgo8Yj7ilqBb44Km44Kn44OD44OI5Yqg5belXTwvYj48YnIgLz4K44GX44Gj44Go44KK44Go44GX44Gf6LOq5oSf44Gn44Kw44Oq44OD44OX44Gr5ZC444GE5LuY44GP44OV44Kj44O844Oq44Oz44Kw44KS5a6f54++44CCPGJyIC8+CjxiciAvPgo8Yj7ilqBb44Kv44Ot44K544Kr44OD44OI5pCt6LyJXTwvYj48YnIgLz4K5omL44Gu55Sy44Gu44Ki44K444Oj44K544OI6YOo5YiG44KS5pac44KB44Gr6KOB5pat44GX44CB6auY44GE44Kw44Oq44OD44OX5Yqb44Go44Ob44O844Or44OJ5oSf44KS5a6f54++44CCPGJyIC8+CjxiciAvPgo8YnIgLz4KPGltZyBzcmM9Imh0dHA6Ly9pbWFnZS5yYWt1dGVuLmNvLmpwL2plZXAvY2FiaW5ldC8wNDU4MjE4Mi9pbWdyYzAwNzkyNTA1NTMuanBnIiBhbHQ9IuODluODquODguOCueODiOODsyBCUklER0VTVE9ORSDjg4TjgqLjg7zjgrDjg63jg7zjg5YgW0dMRzQxSl0iIGJvcmRlcj0iMCI+CjxiciAvPgo8YnIgLz4KCjxkaXYgY2xhc3M9ImJpZyI+6KO95ZOB5LuV5qeYPC9kaXY+CuKWoOe0oOadkDrlpKnnhLbnmq7pnako44Ko44OB44Kq44OU44Ki44K344O844OXKTxiciAvPgrilqDjgrXjgqTjgro6MjEtMjZjbTxiciAvPgrilqDlhagy6ImyOldIKOeZvSnjgIFCSyjpu5IpPGJyIC8+CjxiciAvPgo8YnIgLz4KCgo8L3RyPgo8L3RhYmxlPgo8L2Rpdj4KPCEtLWZvbnQxLS0+PGltZyBzcmM9Imh0dHA6Ly9pbWFnZS5yYWt1dGVuLmNvLmpwL2plZXAvY2FiaW5ldC8wNDk4NTU0MC9pbWdyYzAwOTU4OTM0NzEuanBnIj48c3R5bGUgdHlwZT0idGV4dC9jc3MiPgoKdWwubWVudSB7Cm1hcmdpbjogMDsKcGFkZGluZzogNXB4OwpsaXN0LXN0eWxlLXR5cGU6IG5vbmU7Cn0KCnVsLm1lbnUgbGkgewpmbG9hdDpsZWZ0Owp3aWR0aDogOGVtOwptYXJnaW4tbGVmdDogOHB4OwpwYWRkaW5nOiAycHg7CmJvcmRlcjogMXB4ICMxOTE5NzAgc29saWQ7CnRleHQtYWxpZ246IGNlbnRlcjsKZm9udC1zaXplOjEycHg7CmJhY2tncm91bmQtY29sb3I6I2YwZjhmZjsKZm9udC1mYW1pbHk6ICLjg6HjgqTjg6rjgqoiLCAiTWVpcnlvIiwgIu+8re+8syDjgrTjgrfjg4Pjgq8iLCAiTVMgR290aGljIiwgIuODkuODqeOCruODjuinkuOCtCBQcm8gVzMiLCAiSGlyYWdpbm8gS2FrdSBHb3RoaWMgUHJvIiwgIk9zYWthIiwgIu+8re+8syDvvLDjgrTjgrfjg4Pjgq8iLCAiTVMgUEdvdGhpYyIsICJTYW5zLVNlcmlmIjsKbGluZS1oZWlnaHQ6MThweDsKCn0KCi5jbGVhckxlZnQgewpjbGVhcjogbGVmdDsKbWFyZ2luLWJvdHRvbTogNXB4Owp9Cgp1bC5tZW51MiB7Cm1hcmdpbjogMDsKcGFkZGluZzogM3B4OwpsaXN0LXN0eWxlLXR5cGU6IG5vbmU7Cn0KCnVsLm1lbnUyIGxpIHsKZmxvYXQ6bGVmdDsKd2lkdGg6IDEyMHB4OwptYXJnaW4tcmlnaHQ6IDJweDsKcGFkZGluZzogMXB4Owpib3JkZXI6IG5vbmU7CnRleHQtYWxpZ246IGNlbnRlcjsKZm9udC1zaXplOjExcHg7CmxpbmUtaGVpZ2h0OjE4cHg7CmZvbnQtZmFtaWx5OiAi44Oh44Kk44Oq44KqIiwgIk1laXJ5byIsICLvvK3vvLMg44K044K344OD44KvIiwgIk1TIEdvdGhpYyIsICLjg5Ljg6njgq7jg47op5LjgrQgUHJvIFczIiwgIkhpcmFnaW5vIEtha3UgR290aGljIFBybyIsICJPc2FrYSIsICLvvK3vvLMg77yw44K044K344OD44KvIiwgIk1TIFBHb3RoaWMiLCAiU2Fucy1TZXJpZiI7Cn0KCgouc3R5bGU0IHsKZm9udC1mYW1pbHk6ICLjg6HjgqTjg6rjgqoiLCAiTWVpcnlvIiwgIu+8re+8syDjgrTjgrfjg4Pjgq8iLCAiTVMgR290aGljIiwgIuODkuODqeOCruODjuinkuOCtCBQcm8gVzMiLCAiSGlyYWdpbm8gS2FrdSBHb3RoaWMgUHJvIiwgIk9zYWthIiwgIu+8re+8syDvvLDjgrTjgrfjg4Pjgq8iLCAiTVMgUEdvdGhpYyIsICJTYW5zLVNlcmlmIjsKZm9udC1zaXplOiAxOHB4Owpjb2xvcjogI0ZGMDAwMDsKZm9udC13ZWlnaHQ6IGJvbGQ7Cn0KCi5zdHlsZTUgeyBmb250LWZhbWlseTogIuODoeOCpOODquOCqiIsICJNZWlyeW8iLCAi77yt77yzIOOCtOOCt+ODg+OCryIsICJNUyBHb3RoaWMiLCAi44OS44Op44Ku44OO6KeS44K0IFBybyBXMyIsICJIaXJhZ2lubyBLYWt1IEdvdGhpYyBQcm8iLCAiT3Nha2EiLCAi77yt77yzIO+8sOOCtOOCt+ODg+OCryIsICJNUyBQR290aGljIiwgIlNhbnMtU2VyaWYiOwpmb250LXNpemU6IDEycHg7CmNvbG9yOiAjRkYwMDAwOwp9CgoKPC9zdHlsZT4KCjwhLS3jgYrjgZnjgZnjgoHlkIzmorHllYbmnZDjgZPjgZPjgYvjgoktLT4KPGltZyBzcmM9Imh0dHA6Ly9pbWFnZS5yYWt1dGVuLmNvLmpwL2plZXAvY2FiaW5ldC90b3AtbmV3L2ltZ3JjMDA3MDAxNDAyOC5qcGciIGFsdD0i44GK44GZ44GZ44KB5ZCM5qKx5ZWG5p2QIj4KPHRhYmxlIHdpZHRoPSI3NzAiIGJvcmRlcj0iMCIgY2VsbHNwYWNpbmc9IjUiIGNlbGxwYWRkaW5nPSIwIiBzdHlsZT0id2lkdGg6NzcwcHg7YmFja2dyb3VuZC1jb2xvcjojZmZmZmZmO2JvcmRlci13aWR0aDoxcHg7Ym9yZGVyLXN0eWxlOnNvbGlkO2JvcmRlci1jb2xvcjojYmZiZmJmO2JvcmRlci10b3A6bm9uZTsiPgogIDx0cj4KICAgIDx0ZD4KCQoJICA8dWwgY2xhc3M9Im1lbnUiPgo8bGk+44Oc44O844OrPC9saT4KPGxpPuOCsOODreODvOODljwvbGk+CjxsaT7jg4bjgqPjg7w8L2xpPgo8bGk+44K144Oz44Kw44Op44K5PC9saT4KPGxpPuOCt+ODpeODvOOCujwvbGk+CjxsaT7jg5Djg4PjgrA8L2xpPgoKPC91bD4KCjxkaXYgY2xhc3M9ImNsZWFyTGVmdCI+PC9kaXY+CgogIDx1bCBjbGFzcz0ibWVudSI+CjxsaT7jgqbjgqjjgqI8L2xpPgo8bGk+57e057+S55So5YW3PC9saT4KPGxpPuODrOOCpOODs+OCsOODg+OCujwvbGk+Cgo8L3VsPgoKPGRpdiBjbGFzcz0iY2xlYXJMZWZ0Ij48L2Rpdj4KPGltZyBzcmM9Imh0dHA6Ly9pbWFnZS5yYWt1dGVuLmNvLmpwL2plZXAvY2FiaW5ldC90b3AtbmV3L2ltZ3JjMDA3MDAxNDAzNi5qcGciIGFsdD0i44GK5Yun44KB5ZCM5qKx5ZWG5p2QIj48YnI+Cjx1bCBjbGFzcz0ibWVudTIiPgo8bGk+PGltZyBzcmM9Imh0dHA6Ly9pbWFnZS5yYWt1dGVuLmNvLmpwL2plZXAvY2FiaW5ldC8wNDc3Njk3MC9pbWdyYzAwODg3MDI4NDAuanBnIiB3aWR0aD0iMTEwIiBoZWlnaHQ9IjExMCIgYm9yZGVyPSIwIj48YnI+CuOCreODo+ODreOCpuOCp+OCpDxicj4K44K544O844OR44O844K944OV44OIIOODnOODvOODqzxicj4KMeODgOODvOOCuTEy5YCL5YWl44KKPGJyPgrml6XmnKzku5Xmp5g8YnI+IDxzcGFuIGNsYXNzPSJzdHlsZTQiPjEsOTgwPC9zcGFuPjxzcGFuIGNsYXNzPSJzdHlsZTUiPuWGhijnqI7ovrzvvIk8L3NwYW4+PC9saT4KPGxpPjxpbWcgc3JjPSJodHRwOi8vaW1hZ2UucmFrdXRlbi5jby5qcC9qZWVwL2NhYmluZXQvdG9wLW5ldy9pbWdyYzAwNjcxNDQ3MTMuanBnIiB3aWR0aD0iMTEwIiBoZWlnaHQ9IjExMCIgYm9yZGVyPSIwIj48YnI+CuOAkOWcqOW6q+mZkOOCiuOAkTxicj4K44Op44Kk44OIIOOCvOODrTxicj4K44OV44Oq44Kv44K344On44Oz44OG44Kj44O8PGJyPgrjg6zjgq7jg6Xjg6njg7wgNzBtbTxicj48c3BhbiBjbGFzcz0ic3R5bGU0Ij4zODA8L3NwYW4+PHNwYW4gY2xhc3M9InN0eWxlNSI+5YaGKOeojui+vO+8iTwvc3Bhbj48L2xpPgo8bGk+PGltZyBzcmM9Imh0dHA6Ly9pbWFnZS5yYWt1dGVuLmNvLmpwL2plZXAvY2FiaW5ldC8wNDc3Njk3MC9pbWdyYzAwODMwODQ5NDQuanBnIiB3aWR0aD0iMTEwIiBoZWlnaHQ9IjExMCIgYm9yZGVyPSIwIj48YnI+CuOCouODh+OCo+ODgOOCuTxicj4K44OP44KkIOODkeODr+ODvOODkOODs+ODiTxicj7jgrDjg63jg7zjg5YgW1FSNzEwXTxicj4K5pel5pys5LuV5qeYPGJyPjxzcGFuIGNsYXNzPSJzdHlsZTQiPjg4OTwvc3Bhbj48c3BhbiBjbGFzcz0ic3R5bGU1Ij7lhoYo56iO6L6877yJPC9zcGFuPjwvbGk+CjxsaT48aW1nIHNyYz0iaHR0cDovL2ltYWdlLnJha3V0ZW4uY28uanAvamVlcC9jYWJpbmV0LzA0Nzc2OTcwL2ltZ3JjMDA4NjczNzQxMC5qcGciIHdpZHRoPSIxMTAiIGhlaWdodD0iMTEwIiBib3JkZXI9IjAiPjxicj4K44OK44Kk44Kt44K044Or44OVPGJyPgrjg5Xjgqfjg7zjgrnvvIbjgq/jg6njg5YgPGJyPgrjgrjjg6Pjgqzjg7zjg4njgr/jgqrjg6sgPGJyPgpVU0Hnm7TovLjlhaXlk4E8YnI+PHNwYW4gY2xhc3M9InN0eWxlNCI+MSw5ODA8L3NwYW4+PHNwYW4gY2xhc3M9InN0eWxlNSI+5YaGKOeojui+vO+8iTwvc3Bhbj48L2xpPgo8bGk+PGltZyBzcmM9Imh0dHA6Ly9pbWFnZS5yYWt1dGVuLmNvLmpwL2plZXAvY2FiaW5ldC8wNDc3Njk3MC9pbWdyYzAwOTEyMDQ0MjAuanBnIiB3aWR0aD0iMTEwIiBoZWlnaHQ9IjExMCIgYm9yZGVyPSIwIj48YnI+CuODl+ODvOODnjxicj4KQk9ZJ1MgTE9XIENVVDxicj4K44K944OD44Kv44K5IDbotrPjg5rjgqI8YnI+ClAxMDQyNDAtNDIxPGJyPjxzcGFuIGNsYXNzPSJzdHlsZTQiPjEsOTgwPC9zcGFuPjxzcGFuIGNsYXNzPSJzdHlsZTUiPuWGhijnqI7ovrzvvIk8L3NwYW4+PC9saT4KPGxpPjxpbWcgc3JjPSJodHRwOi8vaW1hZ2UucmFrdXRlbi5jby5qcC9qZWVwL2NhYmluZXQvdG9wLW5ldy9pbWdyYzAwNzczMjcyOTcuanBnIiB3aWR0aD0iMTEwIiBoZWlnaHQ9IjExMCIgYm9yZGVyPSIwIj48YnI+CuODgOOCpOODpDxicj4K5Y+v5oSb44GE44Ki44OL44Oe44OrPGJyPuODnOODvOODq+OCr+ODquODvOODiuODvDxicj4KQVMtMDQ0PGJyPjxzcGFuIGNsYXNzPSJzdHlsZTQiPjg2MDwvc3Bhbj48c3BhbiBjbGFzcz0ic3R5bGU1Ij7lhoYo56iO6L6877yJPC9zcGFuPjwvbGk+Cgo8L3VsPgoKPGRpdiBjbGFzcz0iY2xlYXJMZWZ0Ij48L2Rpdj4KCjwvdGQ+CiAgPC90cj4KPC90YWJsZT4KPCEtLeOBiuOBmeOBmeOCgeWQjOaiseWVhuadkOOBk+OBk+OBvuOBpy0tPg==,44CQ44K044Or44OV44Kw44Ot44O844OW44CR44OW44Oq44OC44K544OI44OzIEJSSURHRVNUT05FIOODhOOCouODvOOCsOODreODvOODlijlpKnnhLbnmq7pnakpIFtHTEc0MUpd77yaSllQRVImcnNxdW87U++8iOOCuOODvOODkeODvOOCuu+8iQ==,44K044Or44OV44K044Or44OV44Kv44Op44OW44K044Or44OV55So5ZOBSllQRVJT44K444O844OR44O844K6SllQRVInU+a/gOWuiVVTQeebtOi8uOWFpeOCtOODq+ODleOCpuOCqOOCouOCtOODq+ODleOCr+ODqeODluODieODqeOCpOODkOODvOODkeOCv+ODvOOCreODo+ODreOCpuOCp+OCpOODhuODvOODqeODvOODoeOCpOODieOCueODquOCr+OCveODs+OCv+OCpOODiOODquOCueODiOOCtOODq+ODleODnOODvOODq+OCt+ODo+ODleODiEdPTEbjgqLjgqTjgqLjg7PjgJDjgrTjg6vjg5XjgrDjg63jg7zjg5bjgJHjg5bjg6rjg4Ljgrnjg4jjg7MgQlJJREdFU1RPTkUg44OE44Ki44O844Kw44Ot44O844OWKOWkqeeEtuearumdqSkgW0dMRzQxSl0=,44CQ5aSp54S255qu6Z2p44CR5Y6z6YG444GV44KM44Gf44Ko44OB44Kq44OU44Ki44K344O844OX5o6h55So44CC44CQ44K044Or44OV44Kw44Ot44O844OW44CR44OW44Oq44OC44K544OI44OzIEJSSURHRVNUT05FIOODhOOCouODvOOCsOODreODvOODlijlpKnnhLbnmq7pnakpIFtHTEc0MUpd[rn]
25-79828,aHR0cDovL3RzaG9wLnIxMHMuanAva291LWZ1a3UvY2FiaW5ldC8wNTYwNTAwMS9pbWdyYzAwNzg0NzMyMDMuanBnP2ZpdGluPTcwMDo3MDA=,MTEwNC4wMDAw,,44K544Od44O844OE44O744Ki44Km44OI44OJ44KiID4g44K544Od44O844OE44Km44Kn44Ki44O744Ki44Kv44K744K144Oq44O8ID4g44K544Od44O844OE44K/44Kq44Or,44K544Od44O844OE44K/44Kq44OrIOODqOOCrOOCv+OCquODqyDlhrfljbTpgJ/kub7jgr/jgqrjg6sgMuaemuOCu+ODg+ODiCDotoXlkLjmsLQg44Oo44KsL+mBi+WLlS/msLTms7Mv55m75bGxL+aXheihjOOBq+acgOmBqSDlsILnlKjjg5Djg4PjgrDku5jjgJDkvZDlt53mgKXkvr/jgJE=,44K544Od44O844OE44K/44Kq44OrIOODqOOCrOOCv+OCquODqyDlhrfljbTpgJ/kub7jgr/jgqrjg6sgMuaemuOCu+ODg+ODiA==,PG1ldGEgaHR0cC1lcXVpdj0iQ29udGVudC1UeXBlIiBjb250ZW50PSJ0ZXh0L2h0bWw7IGNoYXJzZXQ9dXRmLTgiIC8+CjxzdHlsZSB0eXBlPSJ0ZXh0L2NzcyI+CmJvZHkgewpiYWNrZ3JvdW5kLWNvbG9yOiAjRkZGOwpmb250LWZhbWlseTog44OS44Op44Ku44OO6KeS44K0IFBybyBXMywgSGlyYWdpbm8gS2FrdSBHb3RoaWMgUHJvLCDjg6HjgqTjg6rjgqosIE1laXJ5bywgT3Nha2EsIO+8re+8syDvvLDjgrTjgrfjg4Pjgq8sIE1TIFBHb3RoaWMsIHNhbnMtc2VyaWYsIEFyaWFsLCBIZWx2ZXRpY2E7Cn0KI3NodW9taW5nbGFuewpwYWRkaW5nOjA7Cm1hcmdpbjowOwp3aWR0aDo4MDBweDsKaGVpZ2h0OmF1dG87CmZvbnQtc2l6ZTowcHg7Cgp9CiNzaHVvbWluZ2xhbiAueHh4ewpwYWRkaW5nOjA7CndpZHRoOjgwMHB4OwpoZWlnaHQ6YXV0bzsKZmxvYXQ6bGVmdDsKCm1hcmdpbi1yaWdodDogMDsKbWFyZ2luLWJvdHRvbTogMDsKbWFyZ2luLWxlZnQ6IDBweDsKCmJvcmRlcjoxcHggc29saWQgIzAwMDsKZm9udC1zaXplIDoxNnB4Owp9Cjwvc3R5bGU+CgoKCgoKCgo8ZGl2IGlkPSJzaHVvbWluZ2xhbiIgPgogIDxkaXYgY2xhc3M9Inh4eCIgPgogIDxkbD4KPGRkPgogIDxwPjxiciAvPgogICAgPHN0cm9uZz7llYblk4Hku5Xmp5g8L3N0cm9uZz48L3A+CiAKICA8cD7jgJDllYblk4Hnlarlj7fjgJFHRU9EMDY5QUI8YnIgLz4KICAgIOOAkOmFjemAgeaWueazleOAkeS9kOW3neaApeS+vzxiciAvPgogICAg44CQ5L+d6Ki85pyf6ZmQ44CR5pys6KO95ZOB44Gv44CB44GK6LK344GE5LiK44GS5pel44GL44KJMTjjg7bmnIjjga7jg6Hjg7zjgqvjg7zkv53oqLzku5jjgafjgZnjgII8YnIgLz4KICAgIOOAkOaiseWMheOCteOCpOOCuu+8iOe0hO+8ieOAkTcqMjQqN2NtPGJyIC8+CiAgICDjgJDmnKzkvZPph43ph4/vvIjntITvvInjgJExNTJnPGJyIC8+CiAgICDjgJDljIXoo4Xph43ph4/vvIjntITvvInjgJExNjhnPGJyIC8+CiAgICDjgJDlhrfljbTjgr/jgqrjg6vnlJ/lnLDjgJE0NSXjg4rjgqTjg63jg7MrNTUl44Od44Oq44Ko44K544OG44OrPGJyIC8+CiAgICDjgJDpgJ/kub7jgr/jgqrjg6vnlJ/lnLDjgJEyMCXjg4rjgqTjg63jg7MrODAl44Od44Oq44Ko44K544OG44OrPC9wPgo8L2RkPgogIDwvZGw+PC9kaXY+CiAgPGRpdiBjbGFzcz0ieHh4IiA+CiAgPGRsPgo8ZGQ+CiAgPHA+PGJyIC8+CiAgICA8c3Ryb25nPuOCu+ODg+ODiOWGheWuuTwvc3Ryb25nPjwvcD4KIAogIDxwPjEq5Ya35Y2044K/44Kq44OrPGJyIC8+CiAgICAxKumAn+S5vuOCv+OCquODqzxiciAvPgogICAgMSrlj47ntI3jgrHjg7zjgrk8L3A+Cgo8L2RkPgogIDwvZGw+CjwvZGl2PgogIAogIAogPGRpdiBjbGFzcz0ieHh4IiA+CiAgPGRsPgo8ZGQ+CiAgPHA+PGJyIC8+CiAgICA8c3Ryb25nPuWVhuWTgeeJueW+tDwvc3Ryb25nPjwvcD4KIAogIDxwPuKYheOAkOeerOmWk+WGt+WNtOOCv+OCquODq+OAkTxiciAvPgogICAg4oC75LiJ56iu6aGe44Gu57mU54mp44Gn44CB5ZC45rC044CB5L+d5rm/44CB6JK455m644Gu5ZCM5pmC44Gr5Ya35Y205Yq55p6c44KS5a6f54++44GX44G+44GZ44CC44K/44Kq44Or44KS5rC044Gr5r+h44KM44CB57We44KK5Ye644GX44CB5oyv44KL5LiJ44Gk44Gu44K544OG44OD44OX44GZ44KL44Gg44GR44Gn44CB6IKM44Gr6Kem44KM44KL6YOo5L2N44Gu5L2T5rip44KS5oCl5r+A5LiL44GS44KJ44KM44G+44GZ44CCPGJyIC8+CiAgICDigLvnnqzplpPlhrfljbTjgr/jgqrjg6vjga/msZfjgpLlkLjlj47jgafjgY3jgovjga7jgaDjgZHjgafjgarjgY/jgIHogozjgavop6bjgozjgovpg6jkvY3jga7kvZPmuKnjgpLmgKXmv4DkuIvjgZLjgonjgozjgb7jgZnjgIIKICA8cD7imIXjgJDpgJ/kub7jgarotoXlkLjmsLTmgKfjgJE8YnIgLz4KICAgIOKAu+aZrumAmuOBruODj+ODs+ODieOCv+OCquODq+OCiOOCiuOAgeOCguOBo+OBqOmAn+OBj+iCjOOBruaxl+OCkuWQuOWPjuOBl+OBpuOAgemBi+WLleOBl+OBpuOBi+OCieOCguOCteODqeOCteODqeaEn+OBmOOBvuOBmeOAguOBl+OBi+OCguaZrumAmuOBruOCv+OCquODq+OCiOOCijTlgI3jga7lkLjmsLTlipvjgafjgIHjg5Pjg7zjg4HjgIHjgq3jg6Pjg7Pjg5fjgIHjg4/jgqTjgq3jg7PjgrDjgIHml4XooYzjgarjganjgavmnIDpganjgafjgZnjgII8YnIgLz4KICAgIOKAu+a4qeW6puOBjOmrmOOBj+OBquOBo+OBn+awtOWIhuOBr+OAgeeUn+WcsOOBruWkluWBtOOBq+WQkeOBi+OBo+OBpuW+queSsOenu+WLleOBleOCjOOAgea2vOOBl+OBleOCkumVt+OBj+aMgee2muOBleOBm+OCi+OBk+OBqOOBjOOBp+OBjeOBvuOBmeOAgjwvcD4KICA8cD7imIXjgJDogozjgavjgoTjgZXjgZfjgYTjgJE8YnIgLz4KICAgIOKAu+ODquODs+ODiOODleODquODvOOBp+e0sOOBhOe5iue2reOBruOChOOBleOBl+OBhOeUn+WcsOOBp+OAgeiCjOinpuOCiuOBqOmrquOBjOOCiOOCiuOChOOBleOBl+OBj+aEn+OBmOOBvuOBmeOAguW5hTQwY23plbfjgZUxMDBjbeOBruWvuOazleOBp+OAgeiCjOOBq+aOpeinpumdouepjeOBjOOCiOOCiuWkp+OBjeOBhOOBp+OBme+8gTwvcD4KICA8cD7imIXjgJDkvr/liKnjgarjgrDjg6rjg4Pjg4nku5jjgY3jgJE8YnIgLz4KICAgIOKAu+OCsOODquODg+ODieW8j+OBrumYsuawtOWPjue0jeiii+S7mOOBjeOAgea5v+awl+OBi+OCiemBoOOBluOBkeOCi+OBk+OBqOOBjOOBp+OBjeOAgeaPm+awl+iDveWKm+OCkumrmOOCgeOBpuOCq+ODk+OChOiHreOBhOOCkumYsuOBkOOCguOBruOBp+OBmeOAgjwvcD4KICA8cD7imIXjgJDnibnmrorjgarnuZTnianjgpLmjqHnlKjjgJE8YnIgLz4KICAgIOKAu+acrOijveWTgeOBr+OAgeOCs+ODg+ODiOODs+OCv+OCquODq+OCiOOCiuOCguOAgTIw77yF44OK44Kk44Ot44Oz44CBODDvvIXjg53jg6rjgqjjgrnjg4bjg6vjgIHjgafmjqHnlKjjgZXjgozjgovoqK3oqIjjgafjgIHjgYvjgarjgorou73jgYTjgafjgZnjgILlhKrjgZfjgYTnlJ/lnLDjgafjgrPjg4Pjg4jjg7PjgYzmlaPjgovmgqnjgb/jgYznhKHjgY/jgabjgIHogozjgavjgoLpq6rjgavjgoLkvb/nlKjjgZnjgovjgZPjgajjgYzjgafjgY3jgb7jgZnjgII8YnIgLz4KICAgIOKAu+eJueauiuOBquS4ieWxpOOBrue5lOeJqeOCkuaOoeeUqOOBleOCjOOAgeS4gOWxpOOBr+axl+OCkuWQuOWPjuOBl+OBpuOAgeS6jOWxpOOBr+e5lOeJqeOBruawtOWIhuOCkuS/neOBo+OBpuOBi+OCieOAgeS4ieWxpOOBi+OCieawtOWIhuOCkuaOkuWHuuOBl+OBvuOBmeOAgjwvcD4KICA8cD7imIXjgJDpgannlKjloLTlkIjjgJE8YnIgLz4KICAgIOKAu+OCueODneODvOODhOOBruODmOODg+ODieODkOODs+ODieaIluOBhOOBr+ODj+ODs+ODieOCv+OCquODq+OBqOOBl+OBpuOAgeeZu+WxseOAgeODqOOCrOOAgeawtOazs+OAgeOCuOODp+OCruODs+OCsOOAgeOCteOCpOOCr+ODquODs+OCsOOBquOBqeOBruOCouOCpuODiOODieOCouOCueODneODvOODhOOBq+acgOmBqe+8gTwvcD4KPC9kZD4KICA8L2RsPgo8L2Rpdj4KIDxkaXYgY2xhc3M9Inh4eCIgPgogIDxkbD4KPGRkPgogIDxwPjxiciAvPgogICAgPHN0cm9uZz7lhY3osqzoqqzmmI48L3N0cm9uZz48L3A+CiAKICA8cD7il4/ntJnkv53oqLzmm7jjga/nmbrooYzjgZfjgb7jgZvjgpPjgYzjgIHlvZPlupfjgafnrqHnkIbjgZfjgabjgYrjgorjgb7jgZnjga7jgafjgZTlronlv4PkuIvjgZXjgYTjgILkuI3oia/jgYznmbrnlJ/jgZfjgb7jgZfjgZ/jgonjgIHms6jmlofnlarlj7fjgpLjgZToqJjovInjga7kuIrjgIHjg6Hjg7zjg6vjgavjgabjgZTpgKPntaHjgYTjgZ/jgaDjgZHjgozjgbDlr77lv5zjgYTjgZ/jgZfjgb7jgZnjgII8YnIgLz4KICAgIOKXj+S/neiovOacn+mWk+OBr+WVhuWTgeWIsOedgOW+jOOAgeW9k+aXpeOCkuWQq+OCgeOBpuOBi+OCieOBrjE444O25pyI44Go44Gq44KK44G+44GZ44CCPGJyIC8+CiAgICDil4/mnKzoo73lk4Hjga/pgIHmlpnnhKHmlpnjgafjgZnjgYzjgIHpub/lhZDls7bnnIwo5LiA6YOo5Zyw5Z+fKS/pm6Lls7Yv5rKW57iE55yM44Gv6YCB5paZ5Yqg566X44GV44KM44KL5aC05ZCI44KC44GU44GW44GE44G+44GZ44CC5LqI44KB44GU5LqG5om/44GP44Gg44GV44GE44CCPGJyIC8+CiAgICDil4/mnKzoo73lk4HjgpLliqDnhrHjgZfjgZ/jgorjgIHngavmsJfjgavov5HjgaXjgZHjgZ/jgorjgZfjgarjgYTjgafjgY/jgaDjgZXjgYTjgII8YnIgLz4KICAgIOKXj+WGmeecn+aSruW9seOBrueFp+aYjuOChOOAgeeUu+WDj+WHpueQhuOBruWKoOa4m+OBq+OCiOOCiuWun+eJqeOBruiJsuWRs+OBqOiLpeW5sueVsOOBquOCi+WgtOWQiOOCguOBlOOBluOBhOOBvuOBmeOAguOBguOCieOBi+OBmOOCgeOBlOS6huaJv+OBruS4iuOBlOizvOWFpeS4i+OBleOBhOOAgjxiciAvPgogICAg4peP44Ot44OD44OI44Gr44KI44Gj44Gm44CB5ZWG5ZOB44Gu5LuV5qeY44GM44GU6YCa55+l44Gq44GP5aSJ5pu044GV44KM44KL5Y+v6IO95oCn44GM44GU44GW44GE44G+44GZ44Gu44Gn44CB5LqI44KB44GU5LqG5om/44Gu44GG44GI44CB44GU5rOo5paH44GP44Gg44GV44GE44CCPC9kZD4KICA8L2RsPgo8L2Rpdj4gPGRpdiBjbGFzcz0ieHh4IiA+CiAgPGRsPgo8ZGQ+CiAgPHA+PGJyIC8+CiAgICA8c3Ryb25nPuaknOe0ouOCreODvOODr+ODvOODiTwvc3Ryb25nPjwvcD4KIAogIDxwPgogIOOCueODneODvOODhOOCv+OCquODqyDjg6jjgqzjgr/jgqrjg6sg5Ya35Y206YCf5Lm+44K/44Kq44OrIDLmnprjgrvjg4Pjg4gg6LaF5ZC45rC0IOODqOOCrC/pgYvli5Uv5rC05rOzL+eZu+WxsS/ml4XooYzjgavmnIDpgakg5bCC55So44OQ44OD44Kw5LuYPC9kZD4KICA8L2RsPgo8L2Rpdj4KCjx1bD48c3R5bGUgdHlwZT0idGV4dC9jc3MiPgoKCi5jaG9pY2V7CglkaXNwbGF5OmJsb2NrOwoJbWFyZ2luOjE1cHggMHB4IDNweCAwcHg7Cglib3JkZXItd2lkdGg6MHB4IDBweCAwcHggM3B4OwoJYm9yZGVyLXN0eWxlOnNvbGlkOwoJYm9yZGVyLWNvbG9yOiNhY2FjYWM7CgliYWNrZ3JvdW5kLWltYWdlOnVybCgi6IOM5pmv55S75YOPVVJMLmdpZiIpOwoJYmFja2dyb3VuZC1yZXBlYXQ6bm8tcmVwZWF0OwoJYmFja2dyb3VuZC1wb3NpdGlvbjpyaWdodCBjZW50ZXI7Cgl3aWR0aDo2MDBweDsKCWhlaWdodDoxNXB4OwoJcGFkZGluZzo1cHggMHB4IDBweCAxMHB4OwoJZm9udC1zaXplOjE0cHg7Cglmb250LXdlaWdodDpib2xkOwp9Ci50dGJubHsKcG9zaXRpb246Zml4ZWQ7CnRvcDozJTsKbGVmdDoyNXB4Owp3aWR0aDoxMDBweDsKfQpAbWVkaWEgc2NyZWVuIGFuZCAobWF4LXdpZHRoOiAxMjIwcHgpIHsKLnR0Ym5yIHsKdmlzaWJpbGl0eTogaGlkZGVuOwp9Ci50dGJubCB7CnZpc2liaWxpdHk6IGhpZGRlbjsKfQp9CgouY2F0Y2hfY29weSB7CmRpc3BsYXk6YmxvY2s7Cm1hcmdpbi1ib3R0b206M3B4Owpmb250LXNpemU6MTVweDsgCmZvbnQtZmFtaWx5OiLjg6HjgqTjg6rjgqoiLCLjg5Ljg6njgq7jg47op5LjgrQgUHJvIFczIiwgIkhpcmFnaW5vIEtha3UgR290aGljIFBybyIsICBNZWlyeW8sIE9zYWthLCAi77yt77yzIO+8sOOCtOOCt+ODg+OCryIsICJNUyBQR290aGljIiwgc2Fucy1zZXJpZjsKIGJhY2tncm91bmQ6I0QyRTlGRjsgY29sb3I6IzAwMDsgYm9yZGVyOjFweCBzb2xpZCAjOTk5Owp9Cjwvc3R5bGU+Cgo8c3R5bGU+CgoKCgojcmFrdXRlbkxpbWl0ZWRJZF9pbnNob3BfcmVjb21tZW5kIGRpdi5pbnNob3BSZWNvbW1lbmRIZWFkbGluZSB7CmxlZnQ6IDUwJSAhaW1wb3J0YW50OwptYXJnaW4tbGVmdDogMHB4ICFpbXBvcnRhbnQ7Cn0KI3Jha3V0ZW5MaW1pdGVkSWRfaW5zaG9wX3JlY29tbWVuZCAjcmVjb0luc2hvcFJlY29tbWVuZCB7CmxlZnQ6IDUwJSAhaW1wb3J0YW50OwptYXJnaW4tbGVmdDogLTE1cHggIWltcG9ydGFudDsKfQoKI2FsbFNob3BzUmVjb21tZW5kV2lkZ2V0ewpsZWZ0OiA1MCUgIWltcG9ydGFudDsKbWFyZ2luLWxlZnQ6IC0zNTBweCAhaW1wb3J0YW50Owp9Cgojcm5rSW5TaG9wV3JhcHBlcnsKbGVmdDogNTAlICFpbXBvcnRhbnQ7Cm1hcmdpbi1sZWZ0OiAzMDVweCAhaW1wb3J0YW50Owp9CiNybmtJblNob3BXcmFwcGVyIHsKICAgIG1pbi13aWR0aDogNjQwcHggIWltcG9ydGFudDt9CgpzcGFuLnNhbGVfZGVzYyBpbWd7Cm1hcmdpbi1sZWZ0OjE2MHB4O30KPC9zdHlsZT4=,44K544Od44O844OE44K/44Kq44OrIOODqOOCrOOCv+OCquODqyDlhrfljbTpgJ/kub7jgr/jgqrjg6sgMuaemuOCu+ODg+ODiCDotoXlkLjmsLQg44Oo44KsL+mBi+WLlS/msLTms7Mv55m75bGxL+aXheihjOOBq+acgOmBqSDlsILnlKjjg5Djg4PjgrDku5jjgJDkvZDlt53mgKXkvr/jgJHvvJrlubjnpo9TSE9Q,44K544Od44O844OE44K/44Kq44OrIOODqOOCrOOCv+OCquODqyDlhrfljbTpgJ/kub7jgr/jgqrjg6sgMuaemuOCu+ODg+ODiCDotoXlkLjmsLQg44Oo44KsL+mBi+WLlS/msLTms7Mv55m75bGxL+aXheihjOOBq+acgOmBqSDlsILnlKjjg5Djg4PjgrDku5jjgJDkvZDlt53mgKXkvr/jgJE=,44K544Od44O844OE44K/44Kq44OrIOODqOOCrOOCv+OCquODqyDlhrfljbTpgJ/kub7jgr/jgqrjg6sgMuaemuOCu+ODg+ODiOOAguOCueODneODvOODhOOCv+OCquODqyDjg6jjgqzjgr/jgqrjg6sg5Ya35Y206YCf5Lm+44K/44Kq44OrIDLmnprjgrvjg4Pjg4gg6LaF5ZC45rC0IOODqOOCrC/pgYvli5Uv5rC05rOzL+eZu+WxsS/ml4XooYzjgavmnIDpgakg5bCC55So44OQ44OD44Kw5LuY44CQ5L2Q5bed5oCl5L6/44CR[rn]
25-79829,aHR0cDovL3RzaG9wLnIxMHMuanAvYmVhcnMxMjMvY2FiaW5ldC9vcC9pbWdyYzAwNjg1Njg3OTUuanBnP2ZpdGluPTcwMDo3MDA=,MjMyMC4wMDAw,,44K544Od44O844OE44O744Ki44Km44OI44OJ44KiID4g44K544Od44O844OE44Km44Kn44Ki44O744Ki44Kv44K744K144Oq44O8ID4g44K544Od44O844OE44K/44Kq44Or,44CQ5a++6LGh5ZWG5ZOBMueCueizvOWFpeOBp+mAgeaWmeeEoeaWmeOAkeODkeODg+OCq+ODluODqyDjg5bjg6njg7PjgrHjg4Pjg4jjgr/jgqrjg6sgT1Ag44Kq44O844K344Oj44Oz44OR44K344OV44Kj44OD44KvIOODoeODs+OCuiDjg6zjg4fjgqPjg7zjgrkgb2NlYW4gcGFjaWZpaWMgMldBWSDjg5Djgrnjgr/jgqrjg6sgNTI2OTI3,552A5pu/44GI55So44K/44Kq44OrIOawtOedgCDjgqLjgqbjg4jjg4njgqIg44K144O844OV44Kj44Oz44CQ44GC44GZ5qW95a++5b+c44CR,PCEtLSDjgZPjgZPjgYvjgonjgqvjgrTkuIvjg6rjg7Pjgq8gLS0+Cjx0YWJsZSBib3JkZXI9IjAiIGNlbGxwYWRkaW5nPSIwIiB3aWR0aD0iNDAwIj4KPHRyPjx0ZCBhbGlnbj0iY2VudGVyIj4KCjwvVEQ+PC9UUj4KPC90YWJsZT48c3R5bGUgdHlwZT0idGV4dC9jc3MiPgoKCi8qLS0t4oaT6aCF55uu6YG45oqe6IKi5Yil5Zyo5bqr44Gu6Kit5a6a4oaTLS0tLS0tLS0tLS0tLS0tLS0tLS0tLSovCiAKLmludmVudG9yeSBmb250ewogICAgZm9udC1zaXplOjhwdDsvKuaWh+Wtl+OBruWkp+OBjeOBlSovCn0KCgovKumBuOaKnumgheebruiCouOBruioreWumiovCjwhLS0Kc3Bhbi5pbnZlbnRvcnlfZGVzYyB7IGJhY2tncm91bmQ6IHVybChodHRwOi8vaW1hZ2UucmFrdXRlbi5jby5qcC9iZWFyczEyMy9jYWJpbmV0L2JlYXJzL2ltZ3JjMDA2NDk3MjA0Ni5naWYpIG5vLXJlcGVhdCBsZWZ0IHRvcDsgdmVydGljYWwtYWxpZ246IGJvdHRvbTsgdGV4dC1pbmRlbnQ6IDA7IGRpc3BsYXk6IGJsb2NrOyB3aWR0aDogMzAwOyBoZWlnaHQ6IDEwMDsgbWFyZ2luOjBweCAwcHggNHB4IDBweDsgfQotLT4KCgoKLyotLS3ihpPosrfjgYTnianjgYvjgZTjga7oqK3lrprihpMtLS0tLS0tLS0tLS0tLS0tLS0tLS0tKi8KCmlucHV0W3ZhbHVlPSLosrfjgYTnianjgYvjgZTjgavlhaXjgozjgosiXXsKIGJhY2tncm91bmQ6dXJsKCJodHRwOi8vaW1hZ2UucmFrdXRlbi5jby5qcC9iZWFyczEyMy9jYWJpbmV0L2JlYXJzL2ltZ3JjMDA2NDk2Njg0Mi5naWYiKTsKIHdpZHRoOjI2MHB4OwogaGVpZ2h0OjUycHg7CiB0ZXh0LWluZGVudDotOTk5OXB4OwogYm9yZGVyOm5vbmU7CiBjdXJzb3I6cG9pbnRlcjsKIG1hcmdpbi10b3A6MzBweDsKfQppbnB1dFt2YWx1ZT0i6LK344GE54mp44GL44GU44Gr5YWl44KM44KLIl06aG92ZXJ7CiAgICBvcGFjaXR5OjAuODsKfQoKCgovKuWAi+aVsOWFpeWKmyovCmlucHV0I3JJdGVtVW5pdHMgewogYm9yZGVyOnNvbGlkICMwMDAwMDAgMnB4OwogYmFja2dyb3VuZDojZmZmIWltcG9ydGFudDsKIHdpZHRoOjQwcHg7CiBoZWlnaHQ6NDBweDsKIGZvbnQtc2l6ZTogMTVweDsKIGN1cnNvcjphdXRvOwogcGFkZGluZzowcHggMHB4IDBweCAxMHB4Owp9CgoKCjwvc3R5bGU+CgoKCgoKPCEtLSDjgZPjgZPjgYvjgonmirzjgZfjgqLjgqTjg4bjg6AgLS0+Cjx0YWJsZSBib3JkZXI9IjAiIGNlbGxwYWRkaW5nPSIzIiB3aWR0aD0iNzAwIj4KPHRyPjx0ZCB3aWR0aD0zNTAgYmdjb2xvcj0iI2Y1ZjVmNSI+Cgo8IS0tIEJFQVJT5Yil5rOoIC0tPgo8dGFibGUgYm9yZGVyPSIwIiBjZWxscGFkZGluZz0iMCIgd2lkdGg9IjM1MCI+Cjx0cj48dGQgd2lkdGg9MTcwIGFsaWduPSJsZWZ0Ij4KCjxJTUcgU1JDPSJodHRwOi8vaW1hZ2UucmFrdXRlbi5jby5qcC9iZWFyczEyMy9jYWJpbmV0L3pha2thLzAxNjg5MTM2L2ltZ3JjMDA2OTAwNjUwMy5qcGciIHdpZHRoPSIxNTUiIGJvcmRlcj0iMCIgc3R5bGU9ImJvcmRlcjoxcHggc29saWQgI2MwYzBjMDsiIGNsYXNzPSJvbm1vdXNlMDIiIC8+CjwvdGQ+PHRkIHdpZHRoPTE4MCBhbGlnbj0ibGVmdCI+CjxkaXYgYWxpZ249ImNlbnRlciI+PGI+PHNwYW4gc3R5bGU9ImZvbnQtc2l6ZToxMXB4OyBjb2xvcjojOGIwMDAwOyBsZXR0ZXItc3BhY2luZzowcHg7IGZvbnQtZmFtaWx5IDogJ++8re+8syDjgrTjgrfjg4Pjgq8nIj4K5b2T5bqX44Gn44GX44GL5YWl5omL44Gn44GN44Gq44GEISE8YnI+44CQ5Yil5rOo44Ki44Kk44OG44Og54m56ZuG44CRPC9zcGFuPjwvYj48L2Rpdj4KPGhyIHN0eWxlPSJib3JkZXItdG9wOiAycHggZG90dGVkICNkM2QzZDM7d2lkdGg6IDEwMCU7Ij4KPHNwYW4gc3R5bGU9ImZvbnQtc2l6ZToxMHB4OyBsaW5lLWhlaWdodDoxNnB4OyBsZXR0ZXItc3BhY2luZzowcHg7IGZvbnQtZmFtaWx5IDogJ++8re+8syDjgrTjgrfjg4Pjgq8nIj4K5pyJ5ZCN44OW44Op44Oz44OJ5YWs6KqN44Gu5Yil5rOo5ZWG5ZOB77yG5Yil5rOo44Kr44Op44O844GM5pWw6YeP6ZmQ5a6a6LKp5aOy77yB5pep44GE6ICF5Yud44Gh44Gn44GZ77yBPC9zcGFuPgo8L3RkPjwvdHI+CjwvdGFibGU+Cgo8L3RkPjx0ZCB3aWR0aD0wPgo8L3RkPjx0ZCB3aWR0aD0zNTAgYmdjb2xvcj0iI2Y1ZjVmNSI+Cgo8IS0tIOODkOODg+OCsOeJuembhiAtLT4KPHRhYmxlIGJvcmRlcj0iMCIgY2VsbHBhZGRpbmc9IjAiIHdpZHRoPSIzNTAiPgo8dHI+PHRkIHdpZHRoPTE3MCBhbGlnbj0ibGVmdCI+Cgo8SU1HIFNSQz0iaHR0cDovL2ltYWdlLnJha3V0ZW4uY28uanAvYmVhcnMxMjMvY2FiaW5ldC96YWtrYS8wMTY4OTEzNi9pbWdyYzAwNjkwMDY4MTkuanBnIiB3aWR0aD0iMTU1IiBib3JkZXI9IjAiIHN0eWxlPSJib3JkZXI6MXB4IHNvbGlkICNjMGMwYzA7IiBjbGFzcz0ib25tb3VzZTAyIiAvPgo8L3RkPjx0ZCB3aWR0aD0xODAgYWxpZ249ImxlZnQiPgo8ZGl2IGFsaWduPSJjZW50ZXIiPjxiPjxzcGFuIHN0eWxlPSJmb250LXNpemU6MTFweDsgY29sb3I6IzhiMDAwMDsgbGV0dGVyLXNwYWNpbmc6MHB4OyBmb250LWZhbWlseSA6ICfvvK3vvLMg44K044K344OD44KvJyI+CumAmuWtpuKYhuaXheihjOKYhuOCouOCpuODiOODieOCouOBqzxicj7jgJDjg5Djg4PjgrDnibnpm4bjgJE8L3NwYW4+PC9iPjwvZGl2Pgo8aHIgc3R5bGU9ImJvcmRlci10b3A6IDJweCBkb3R0ZWQgI2QzZDNkMzt3aWR0aDogMTAwJTsiPgo8c3BhbiBzdHlsZT0iZm9udC1zaXplOjEwcHg7IGxpbmUtaGVpZ2h0OjE2cHg7IGxldHRlci1zcGFjaW5nOjBweDsgZm9udC1mYW1pbHkgOiAn77yt77yzIOOCtOOCt+ODg+OCryciPgrmp5jjgIXjgarjgrfjg7zjg7Pjgafkvb/jgYjjgovlpJrlj47ntI3jgIHosYrlr4zjgarjgqvjg6njg5Djg6rjgIHkurrmsJfjg5bjg6njg7Pjg4njga7jg5Djg4PjgrDjgYzlpKfpm4blkIjimIU8L3NwYW4+CjwvVEQ+PC90cj4KPC90YWJsZT4KCgo8L3RkPjwvdHI+Cjx0cj48dGQgY29sc3Bhbj0iMyIgaGVpZ2h0PSIwIj4KPC9URD48L3RyPgo8dHI+PHRkIHdpZHRoPTM1MCBiZ2NvbG9yPSIjZjVmNWY1Ij4KCjwhLS0g44Kv44Op44Kk44Of44Oz44Kw44OR44Oz44OEIC0tPgo8dGFibGUgYm9yZGVyPSIwIiBjZWxscGFkZGluZz0iMCIgd2lkdGg9IjM1MCI+Cjx0cj48dGQgd2lkdGg9MTcwIGFsaWduPSJsZWZ0Ij4KCjxJTUcgU1JDPSJodHRwOi8vaW1hZ2UucmFrdXRlbi5jby5qcC9iZWFyczEyMy9jYWJpbmV0L3pha2thLzAxNjg5MTM2L2ltZ3JjMDA2NDQzODA3OS5qcGciIHdpZHRoPSIxNTUiIGJvcmRlcj0iMCIgc3R5bGU9ImJvcmRlcjoxcHggc29saWQgI2MwYzBjMDsiIGNsYXNzPSJvbm1vdXNlMDIiIC8+CjwvdGQ+PHRkIHdpZHRoPTE4MCBhbGlnbj0ibGVmdCI+CjxkaXYgYWxpZ249ImNlbnRlciI+PGI+PHNwYW4gc3R5bGU9ImZvbnQtc2l6ZToxMXB4OyBjb2xvcjojOGIwMDAwOyBsZXR0ZXItc3BhY2luZzowcHg7IGZvbnQtZmFtaWx5IDogJ++8re+8syDjgrTjgrfjg4Pjgq8nIj4K6ZuR6KqM44KEV0VC44Gn44KC5aSn5rOo55uuISE8YnI+44CQ44Kv44Op44Kk44Of44Oz44Kw44OR44Oz44OE54m56ZuG44CRPC9zcGFuPjwvYj48L2Rpdj4KPGhyIHN0eWxlPSJib3JkZXItdG9wOiAycHggZG90dGVkICNkM2QzZDM7d2lkdGg6IDEwMCU7Ij4KPHNwYW4gc3R5bGU9ImZvbnQtc2l6ZToxMHB4OyBsaW5lLWhlaWdodDoxNnB4OyBsZXR0ZXItc3BhY2luZzowcHg7IGZvbnQtZmFtaWx5IDogJ++8re+8syDjgrTjgrfjg4Pjgq8nIj4K44Ki44Km44OI44OJ44Ki44Gr77yR5pys44Gv5qyg44GL44Gb44Gq44GE44Kv44Op44Kk44Of44Oz44Kw44OR44Oz44OE44CC5Lq65rCX44OW44Op44Oz44OJ44GM6LGK5a+M5o+D44GI44G+44GX44Gf4piFPC9zcGFuPgo8L3RkPjwvdHI+CjwvdGFibGU+Cgo8L3RkPjx0ZCB3aWR0aD0wPgo8L3RkPjx0ZCB3aWR0aD0zNTAgYmdjb2xvcj0iI2Y1ZjVmNSI+Cgo8IS0tIOmbqOmbquOCs+ODvOODiuODvCAtLT4KPHRhYmxlIGJvcmRlcj0iMCIgY2VsbHBhZGRpbmc9IjAiIHdpZHRoPSIzNTAiPgo8dHI+PHRkIHdpZHRoPTE3MCBhbGlnbj0ibGVmdCI+Cgo8SU1HIFNSQz0iaHR0cDovL2ltYWdlLnJha3V0ZW4uY28uanAvYmVhcnMxMjMvY2FiaW5ldC96YWtrYS8wMTY4OTEzNi9pbWdyYzAwNjg5OTI3MjEuanBnIiB3aWR0aD0iMTU1IiBib3JkZXI9IjAiIHN0eWxlPSJib3JkZXI6MXB4IHNvbGlkICNjMGMwYzA7IiBjbGFzcz0ib25tb3VzZTAyIiAvPgo8L3RkPjx0ZCB3aWR0aD0xODAgYWxpZ249ImxlZnQiPgo8ZGl2IGFsaWduPSJjZW50ZXIiPjxiPjxzcGFuIHN0eWxlPSJmb250LXNpemU6MTFweDsgY29sb3I6IzhiMDAwMDsgbGV0dGVyLXNwYWNpbmc6MHB4OyBmb250LWZhbWlseSA6ICfvvK3vvLMg44K044K344OD44KvJyI+CumbqOmbquOBruaXpeOBruW8t+OBhOWRs+aWue+8gTxicj7jgJDjg6zjgqTjg7PjgqLjgqTjg4bjg6Dnibnpm4bjgJE8L3NwYW4+PC9iPjwvZGl2Pgo8aHIgc3R5bGU9ImJvcmRlci10b3A6IDJweCBkb3R0ZWQgI2QzZDNkMzt3aWR0aDogMTAwJTsiPgo8c3BhbiBzdHlsZT0iZm9udC1zaXplOjEwcHg7IGxpbmUtaGVpZ2h0OjE2cHg7IGxldHRlci1zcGFjaW5nOjBweDsgZm9udC1mYW1pbHkgOiAn77yt77yzIOOCtOOCt+ODg+OCryciPgrjg6zjgqTjg7PjgrPjg7zjg4jjgoTjg6zjgqTjg7Pjg5bjg7zjg4TjgarjganmkqXmsLTmqZ/og73jga7jgaTjgYTjgZ/jgqLjgqTjg4bjg6DmjqLjgZfjgarjgonjgZPjgaHjgonimao8L3NwYW4+CjwvVEQ+PC90cj4KPC90YWJsZT4KCjwvdGQ+PC90cj4KPHRyPjx0ZCBjb2xzcGFuPSIzIiBoZWlnaHQ9IjAiPgo8L1REPjwvdHI+Cjx0cj48dGQgd2lkdGg9MzUwIGJnY29sb3I9IiNmNWY1ZjUiPgoKPCEtLSDjgrnjg4zjg7zjg5Tjg7wgLS0+Cjx0YWJsZSBib3JkZXI9IjAiIGNlbGxwYWRkaW5nPSIwIiB3aWR0aD0iMzUwIj4KPHRyPjx0ZCB3aWR0aD0xNzAgYWxpZ249ImxlZnQiPgoKPElNRyBTUkM9Imh0dHA6Ly9pbWFnZS5yYWt1dGVuLmNvLmpwL2JlYXJzMTIzL2NhYmluZXQvemFra2EvMDE2ODkxMzYvaW1nNjM2Mjc5OTQuanBnIiB3aWR0aD0iMTU1IiBib3JkZXI9IjAiIHN0eWxlPSJib3JkZXI6MXB4IHNvbGlkICNjMGMwYzA7IiBjbGFzcz0ib25tb3VzZTAyIiAvPgo8L3RkPjx0ZCB3aWR0aD0xODAgYWxpZ249ImxlZnQiPgo8ZGl2IGFsaWduPSJjZW50ZXIiPjxiPjxzcGFuIHN0eWxlPSJmb250LXNpemU6MTFweDsgY29sb3I6IzhiMDAwMDsgbGV0dGVyLXNwYWNpbmc6MHB4OyBmb250LWZhbWlseSA6ICfvvK3vvLMg44K044K344OD44KvJyI+Cue1hOOBv+WQiOOCj+OBm+iHqueUseKZqjxicj7jgJDjgrnjg4zjg7zjg5Tjg7zpgbjjgbnjgovlibLjgJE8L3NwYW4+PC9iPjwvZGl2Pgo8aHIgc3R5bGU9ImJvcmRlci10b3A6IDJweCBkb3R0ZWQgI2QzZDNkMzt3aWR0aDogMTAwJTsiPgo8c3BhbiBzdHlsZT0iZm9udC1zaXplOjEwcHg7IGxpbmUtaGVpZ2h0OjE2cHg7IGxldHRlci1zcGFjaW5nOjBweDsgZm9udC1mYW1pbHkgOiAn77yt77yzIOOCtOOCt+ODg+OCryciPgrlpb3jgY3jgarjg5Tjg7zjg4rjg4Pjg4TllYblk4HjgpIz54K56YG444KT44Gn5rOo5paH44GZ44KL44GoNTAw5YaG5Ymy5byV4piF44K544OM44O844OU44O844KE5Luy6ZaT44Gf44Gh44Gu44OH44K244Kk44Oz44GM5Yui5o+D44GE4pmqPC9zcGFuPgo8L3RkPjwvdHI+CjwvdGFibGU+Cgo8L3RkPjx0ZCB3aWR0aD0wPgo8L3RkPjx0ZCB3aWR0aD0zNTAgYmdjb2xvcj0iI2Y1ZjVmNSI+Cgo8IS0tIOS6iOe0hCAtLT4KPHRhYmxlIGJvcmRlcj0iMCIgY2VsbHBhZGRpbmc9IjAiIHdpZHRoPSIzNTAiPgo8dHI+PHRkIHdpZHRoPTE3MCBhbGlnbj0ibGVmdCI+Cgo8SU1HIFNSQz0iaHR0cDovL2ltYWdlLnJha3V0ZW4uY28uanAvYmVhcnMxMjMvY2FiaW5ldC96YWtrYS8wMTY4OTEzNi9pbWc2MTkxODU3NS5qcGciIHdpZHRoPSIxNTUiIGJvcmRlcj0iMCIgc3R5bGU9ImJvcmRlcjoxcHggc29saWQgI2MwYzBjMDsiIGNsYXNzPSJvbm1vdXNlMDIiIC8+CjwvdGQ+PHRkIHdpZHRoPTE4MCBhbGlnbj0ibGVmdCI+CjxkaXYgYWxpZ249ImNlbnRlciI+PGI+PHNwYW4gc3R5bGU9ImZvbnQtc2l6ZToxMXB4OyBjb2xvcjojOGIwMDAwOyBsZXR0ZXItc3BhY2luZzowcHg7IGZvbnQtZmFtaWx5IDogJ++8re+8syDjgrTjgrfjg4Pjgq8nIj4K5aOy5YiH44KM5YmN44GrR0VU77yBPGJyPuOAkOWFiOihjOS6iOe0hOWVhuWTgeOAkTwvc3Bhbj48L2I+PC9kaXY+CjxociBzdHlsZT0iYm9yZGVyLXRvcDogMnB4IGRvdHRlZCAjZDNkM2QzO3dpZHRoOiAxMDAlOyI+CjxzcGFuIHN0eWxlPSJmb250LXNpemU6MTBweDsgbGluZS1oZWlnaHQ6MTZweDsgbGV0dGVyLXNwYWNpbmc6MHB4OyBmb250LWZhbWlseSA6ICfvvK3vvLMg44K044K344OD44KvJyI+CuiqsOOCiOOCiuOCguaXqeOBj+OCsuODg+ODiOOBl+OBn+OBhO+8geWjsuOCiuWIh+OCjOOCi+WJjeOBq+OCsuODg+ODiOOBl+OBn+OBhO+8geOBneOCk+OBquOCouODiuOCv+OBr+OBk+OBoeOCieOCkuW/heOBmkNIRUNL77yBPC9zcGFuPgo8L1REPjwvdHI+CjwvdGFibGU+Cgo8L1REPjwvdHI+CjwvdGFibGU+Cgo8YnI+PGJSPgoKCgo8IS0tIOODqeODs+OCreODs+OCsOe0ueS7iyAtLT4KPElNRyBTUkM9Imh0dHA6Ly9pbWFnZS5yYWt1dGVuLmNvLmpwL2JlYXJzMTIzL2NhYmluZXQvYmVhcnMvaW1ncmMwMDY1NDM4NzQwLmdpZiIgICBib3JkZXI9IjAiICB3aWR0aD03MjA+PEJSPgoKPHRhYmxlIGJvcmRlcj0iMCIgY2VsbHBhZGRpbmc9IjMiIHdpZHRoPSI3MjAiPgo8dHIgYWxpZ249IkNFTlRFUiI+PHRkIHdpZHRoPSIxNDQiPgo8SU1HIFNSQz0iaHR0cDovL2ltYWdlLnJha3V0ZW4uY28uanAvYmVhcnMxMjMvY2FiaW5ldC9iZWFycy8wMzM1NzMxOC9pbWdyYzAwNjU1MzE5ODEuZ2lmIiAgIGJvcmRlcj0iMCIgIHdpZHRoPSIxNDAiIGFsdD0i44OB44Oj44Og44K5Ij4KPC9URD48dGQgd2lkdGg9IjE0NCI+CjxJTUcgU1JDPSJodHRwOi8vaW1hZ2UucmFrdXRlbi5jby5qcC9iZWFyczEyMy9jYWJpbmV0L2JlYXJzLzAzMzU3MzE4L2ltZzYxOTE4NjEzLmpwZyIgICBib3JkZXI9IjAiICB3aWR0aD0iMTQwIiBhbHQ9IuOCuOODoOODnuOCueOCv+ODvCI+CjwvVEQ+PHRkIHdpZHRoPSIxNDQiPgo8SU1HIFNSQz0iaHR0cDovL2ltYWdlLnJha3V0ZW4uY28uanAvYmVhcnMxMjMvY2FiaW5ldC9iZWFycy8wMzM1NzMxOC9pbWdyYzAwNjUxMjkwNDUuZ2lmIiAgIGJvcmRlcj0iMCIgIHdpZHRoPSIxNDAiIGFsdD0i44OQ44Oz44K6Ij4KPC9URD48dGQgd2lkdGg9IjE0NCI+CjxJTUcgU1JDPSJodHRwOi8vaW1hZ2UucmFrdXRlbi5jby5qcC9iZWFyczEyMy9jYWJpbmV0L2JlYXJzLzAzMzU3MzE4L2ltZzYxOTE4NjExLmpwZyIgICBib3JkZXI9IjAiICB3aWR0aD0iMTQwIiBhbHQ9IuOCsOODqeODn+ODgSI+CjwvVEQ+PHRkIHdpZHRoPSIxNDQiPgo8SU1HIFNSQz0iaHR0cDovL2ltYWdlLnJha3V0ZW4uY28uanAvYmVhcnMxMjMvY2FiaW5ldC9iZWFycy8wMzM1NzMxOC9pbWc2MTkxODYyMy5qcGciICAgYm9yZGVyPSIwIiAgd2lkdGg9IjE0MCIgYWx0PSLjgrPjg63jg7Pjg5PjgqIiPgo8L1REPjwvdHI+CjwvdGFibGU+CgoKCgo8ZGl2IGFsaWduPSJsZWZ0Ij4=,44CQ5a++6LGh5ZWG5ZOBMueCueizvOWFpeOBp+mAgeaWmeeEoeaWmeOAkeODkeODg+OCq+ODluODqyDjg5bjg6njg7PjgrHjg4Pjg4jjgr/jgqrjg6sgT1Ag44Kq44O844K344Oj44Oz44OR44K344OV44Kj44OD44KvIOODoeODs+OCuiDjg6zjg4fjgqPjg7zjgrkgb2NlYW4gcGFjaWZpaWMgMldBWSDjg5Djgrnjgr/jgqrjg6sgNTI2OTI377ya77yi77yl77yh77yy77yz44CA77yt77yh77yy77y0,44Oq44Ki44Or44OT44O844Oc44Kk44K544OH44Kj44OD44Kt44O844K644Oq44Ol44OD44Kv44Oe44Oz44OP44OD44K/44Oz44Od44O844OG44O844K45Yil5rOo44OR44O844Kr44O844OQ44OD44Kw5Y+j6YeR5YWl44KKVOOCt+ODo+ODhOOCs+ODreODs+ODk+OCouODgeODo+ODs+ODlOOCquODs+ODreOCpOOCouODq2FuZWxsb+OCouODjeODreODkOODs+OCuuOCueODjOODvOODlOODvOODgOOCpuODs+OCsOODqeODn+ODgeOCr+ODquOCueODnuOCueOCr+ODquODleODoeOCpOODpOODvOOAkOWvvuixoeWVhuWTgTLngrnos7zlhaXjgafpgIHmlpnnhKHmlpnjgJHjg5Hjg4Pjgqvjg5bjg6sg44OW44Op44Oz44Kx44OD44OI44K/44Kq44OrIE9QIOOCquODvOOCt+ODo+ODs+ODkeOCt+ODleOCo+ODg+OCryDjg6Hjg7Pjgrog44Os44OH44Kj44O844K5IG9jZWFuIHBhY2lmaWljIDJXQVkg44OQ44K544K/44Kq44OrIDUyNjkyNw==,552A5pu/44GI55So44K/44Kq44OrIOawtOedgCDjgqLjgqbjg4jjg4njgqIg44K144O844OV44Kj44Oz44CQ44GC44GZ5qW95a++5b+c44CR44CC44CQ5a++6LGh5ZWG5ZOBMueCueizvOWFpeOBp+mAgeaWmeeEoeaWmeOAkeODkeODg+OCq+ODluODqyDjg5bjg6njg7PjgrHjg4Pjg4jjgr/jgqrjg6sgT1Ag44Kq44O844K344Oj44Oz44OR44K344OV44Kj44OD44KvIOODoeODs+OCuiDjg6zjg4fjgqPjg7zjgrkgb2NlYW4gcGFjaWZpaWMgMldBWSDjg5Djgrnjgr/jgqrjg6sgNTI2OTI3[rn]
25-79830,aHR0cDovL3RzaG9wLnIxMHMuanAvYXJpZ2Flbi9jYWJpbmV0L2ltYWdlcy9zaG9oaW4yMS8yNTY3Ni5qcGc/Zml0aW49NzAwOjcwMA==,MTI0OC4wMDAw,,44K544Od44O844OE44O744Ki44Km44OI44OJ44KiID4g44K544Od44O844OE44Km44Kn44Ki44O744Ki44Kv44K744K144Oq44O8ID4g44K544Od44O844OE44K/44Kq44Or,44OW44Oq44OC44K544OI44Oz44K044Or44OV44CA44K544Od44O844OE44K/44Kq44Or44CAVFdHNTIgWzIwMTXlubTjg6Ljg4fjg6tdIFvmnInos4DlnJLjgrTjg6vjg5Vd,,PGRpdj48L2Rpdj48YnI+PGI+PGZvbnQgc2l6ZT0iLTEiPuKXj+WVhuWTgeeZuumAgeOBq+OBpOOBhOOBpjwvZm9udD48L2I+PCEtLSDjgYvjgZTkuIrjg5Djg4rjg7wgLS0+Cgo8dGFibGUgd2lkdGg9IjYzMCI+Cjx0cj4KPHRkIGFsaWduPWNlbnRlciBjb2xzcGFuPTI+44CAPC90ZD4KPC90cj48dHI+Cjx0ZCBhbGlnbj0iY2VudGVyIiBjb2xzcGFuPSIyIj48aW1nIHNyYz0iaHR0cHM6Ly9pbWFnZS5yYWt1dGVuLmNvLmpwL2FyaWdhZW4vY2FiaW5ldC8wMjk1MzgwNS8xN3NhbGVfc3N3ZWFyX3NvZ28uanBnIiBib3JkZXI9IjAiIHN0eWxlPSJtYXJnaW4tYm90dG9tOjVweCIgd2lkdGg9IjYzMCI+PGJyPgo8Yj7imIXkurrmsJfjg5bjg6njg7Pjg4nmmKXlpI/mv4DlronjgqbjgqjjgqLosqnlo7LkuK3vvIHimIU8L2I+PC90ZD4KPC90cj48dHI+Cjx0ZCBhbGlnbj0iY2VudGVyIiBjb2xzcGFuPSIyIj7jgIA8L3RkPgo8L3RyPjx0cj4KICAgIDx0ZCBhbGlnbj0iY2VudGVyIiBjb2xzcGFuPSIyIj48aW1nIHNyYz0iaHR0cHM6Ly9pbWFnZS5yYWt1dGVuLmNvLmpwL2FyaWdhZW4vY2FiaW5ldC8wMjk1MzgwNS8xN3Nzd2VhcnNvZ28uanBnIiBib3JkZXI9IjAiIHN0eWxlPSJtYXJnaW4tYm90dG9tOjVweCIgd2lkdGg9IjYzMCI+PGJyPgo8Yj7imIXkurrmsJfjg5bjg6njg7Pjg4kyMDE35bm05pil5aSP5paw5L2c44Km44Ko44Ki5Lya5aC044Gv44GT44Gh44KJ77yB4piFPC9iPjwvdGQ+CiAgPC90cj48dHI+CiAgICA8dGQgYWxpZ249ImNlbnRlciIgY29sc3Bhbj0iMiI+44CAPC90ZD4KICA8L3RyPjx0cj4KPHRkIGFsaWduPSJjZW50ZXIiPjxpbWcgc3JjPSJodHRwczovL2ltYWdlLnJha3V0ZW4uY28uanAvYXJpZ2Flbi9jYWJpbmV0LzAyOTUzODA1LzE2c2FsZV9md193ZWFyc29nby5qcGciIGJvcmRlcj0iMCIgc3R5bGU9Im1hcmdpbi1ib3R0b206NXB4IiB3aWR0aD0iMzA1Ij48YnI+CjxiPuKYheS6uuawl+ODluODqeODs+ODieeni+WGrOa/gOWuieOCpuOCqOOCouiyqeWjsuS4re+8geKYhTwvYj48L3RkPgo8dGQgYWxpZ249ImNlbnRlciI+PGltZyBzcmM9Imh0dHBzOi8vaW1hZ2UucmFrdXRlbi5jby5qcC9hcmlnYWVuL2NhYmluZXQvMDI5NTM4MDUvMTZmd21kX3NvZ28uanBnIiBib3JkZXI9IjAiIHN0eWxlPSJtYXJnaW4tYm90dG9tOjVweCIgd2lkdGg9IjMwNSI+PGJyPgo8Yj7imIXnp4vlhqzmlrDkvZzjgqbjgqjjgqLvvIblsI/nianjgq/jg6rjgqLjg6njg7PjgrnvvIHimIU8L2I+PC90ZD4KPC90cj48dHI+Cjx0ZCBhbGlnbj0iY2VudGVyIiBjb2xzcGFuPSIyIj7jgIA8L3RkPgo8L3RyPjx0cj4KICAgIDx0ZCBhbGlnbj0iY2VudGVyIiBjb2xzcGFuPSIyIj48aW1nIHNyYz0iaHR0cDovL2ltYWdlLnJha3V0ZW4uY28uanAvYXJpZ2Flbi9jYWJpbmV0LzAyOTUzODA1LzIwMTZfc3VtbWVyZ29vZHMuanBnIiBib3JkZXI9IjAiIHN0eWxlPSJtYXJnaW4tYm90dG9tOjVweCIgd2lkdGg9IjYzMCI+PGJyPgo8Yj7imIbmmpHjgZXlr77nrZbvvIHlpI/jgrDjg4PjgrrjgrPjg7zjg4rjg7zjga/jgZPjgaHjgonvvIHimIY8L2I+PC90ZD4KICA8L3RyPjx0cj4KICAgIDx0ZCBhbGlnbj0iY2VudGVyIiBjb2xzcGFuPSIyIj48L3RkPgogIDwvdHI+PHRyPgo8dGQgYWxpZ249ImNlbnRlciIgY29sc3Bhbj0iMiI+PGltZyBzcmM9Imh0dHBzOi8vaW1hZ2UucmFrdXRlbi5jby5qcC9hcmlnYWVuL2NhYmluZXQvMDI5NTM4MDUvcmFpbndlYXIuanBnIiBib3JkZXI9IjAiIHN0eWxlPSJtYXJnaW4tYm90dG9tOjVweCIgd2lkdGg9IjYzMCI+PGJyPgo8Yj7imIbjg6zjgqTjg7PjgqbjgqjjgqLjg7vjg6zjgqTjg7PjgrDjg4PjgrrkvJrloLTjga/jgZPjgaHjgonimIY8L2I+PC90ZD4KPC90cj48dHI+Cjx0ZCBhbGlnbj0iY2VudGVyIiBjb2xzcGFuPSIyIj48L3RkPgo8L3RyPjx0cj4KPHRkIGFsaWduPSJjZW50ZXIiIGNvbHNwYW49IjIiPjxpbWcgc3JjPSJodHRwczovL2ltYWdlLnJha3V0ZW4uY28uanAvYXJpZ2Flbi9jYWJpbmV0LzAyOTUzODA1L3NtYXJ0cGFudHMuanBnIiBib3JkZXI9IjAiIHN0eWxlPSJtYXJnaW4tYm90dG9tOjVweCIgd2lkdGg9IjYzMCI+PGJyPgo8Yj7imIXjg5fjg63jgrTjg6vjg5XjgqHjg7zlpJrmlbDnnYDnlKjvvIHku4roqbHpoYzjga7jgIzjgrnjg57jg7zjg4jjg5Hjg7Pjg4TjgI3nibnpm4bvvIHimIU8L2I+PC90ZD4KPC90cj48dHI+Cjx0ZCBhbGlnbj0iY2VudGVyIiBjb2xzcGFuPSIyIj7jgIA8L3RkPgo8L3RyPjx0cj4KPHRkIGFsaWduPWNlbnRlcj48aW1nIHNyYz0iaHR0cHM6Ly9pbWFnZS5yYWt1dGVuLmNvLmpwL2FyaWdhZW4vY2FiaW5ldC8wMjk1MzgwNS8xN2NhbGdiYmVwaWNwcmUuanBnIiBib3JkZXI9IjAiIHN0eWxlPSJtYXJnaW4tYm90dG9tOjVweCIgd2lkdGg9IjMwNSI+PGJyPgo8Yj7imIbjgq3jg6Pjg63jgqbjgqfjgqRORVfjg6Ljg4fjg6vkvJrloLTjga/jgZPjgaHjgonimIY8L2I+PC90ZD4KPHRkIGFsaWduPWNlbnRlcj48aW1nIGJvcmRlcj0iMCIgc3R5bGU9Im1hcmdpbi1ib3R0b206NXB4IiB3aWR0aD0iMzA1IiBzcmM9Imh0dHBzOi8vaW1hZ2UucmFrdXRlbi5jby5qcC9hcmlnYWVuL2NhYmluZXQvMDI5NTM4MDUvMTdvZHlzc2V5X293b3Jrcy5qcGciPjxicj4KPGI+4piG44Kq44OH44OD44K744KkTkVX44Oi44OH44Or5Lya5aC044Gv44GT44Gh44KJ4piGPC9iPjwvdGQ+CjwvdHI+PHRyPgo8dGQgYWxpZ249Y2VudGVyPjwvdGQ+Cjx0ZCBhbGlnbj1jZW50ZXI+PC90ZD4KPC90cj48dHI+Cjx0ZCBhbGlnbj1jZW50ZXI+PGltZyBib3JkZXI9IjAiIHN0eWxlPSJtYXJnaW4tYm90dG9tOjVweCIgd2lkdGg9IjMwNSIgc3JjPSJodHRwczovL2ltYWdlLnJha3V0ZW4uY28uanAvYXJpZ2Flbi9jYWJpbmV0LzAyOTUzODA1LzE3dGF5bG9yX20xbTIuanBnIj48YnI+CjxiPuKYhuODhuODvOODqeODvOODoeOCpOODiU5FV+ODouODh+ODq+S8muWgtOOBr+OBk+OBoeOCieKYhjwvYj48L3RkPgo8dGQgYWxpZ249Y2VudGVyPjxpbWcgc3JjPSJodHRwczovL2ltYWdlLnJha3V0ZW4uY28uanAvYXJpZ2Flbi9jYWJpbmV0LzAyOTUzODA1LzE2Y2x1Yl9ic2d0b3VyYi5qcGciIGJvcmRlcj0iMCIgc3R5bGU9Im1hcmdpbi1ib3R0b206NXB4IiB3aWR0aD0iMzA1Ij48YnI+CjxiPuKYhuODluODquODguOCueODiOODs05FV+ODouODh+ODq+S8muWgtOOBr+OBk+OBoeOCieKYhjwvYj48L3RkPgo8L3RyPjx0cj4KPHRkIGFsaWduPWNlbnRlciBjb2xzcGFuPTI+44CAPC90ZD4KPC90cj48dHI+Cjx0ZCBhbGlnbj1jZW50ZXI+PGltZyBzcmM9Imh0dHBzOi8vaW1hZ2UucmFrdXRlbi5jby5qcC9hcmlnYWVuL2NhYmluZXQvMDI5NTM4MDUvMTYtMTdfbmV3Y2x1Yi5qcGciIGJvcmRlcj0iMCIgc3R5bGU9Im1hcmdpbi1ib3R0b206NXB4IiB3aWR0aD0iMzA1Ij48YnI+CjxiPuKYhk5FV+ODouODh+ODq+OCr+ODqeODliDnt4/lkIjkvJrloLTjga/jgZPjgaHjgonimIY8L2I+PC90ZD4KPHRkIGFsaWduPWNlbnRlcj48aW1nIHNyYz0iaHR0cHM6Ly9pbWFnZS5yYWt1dGVuLmNvLmpwL2FyaWdhZW4vY2FiaW5ldC8wMjk1MzgwNS8xN25ld21vZGVsX2JhbGwuanBnIiBib3JkZXI9IjAiIHN0eWxlPSJtYXJnaW4tYm90dG9tOjVweCIgd2lkdGg9IjMwNSI+PGJyPgo8Yj7imIZORVfjg6Ljg4fjg6vjg5zjg7zjg6sg57eP5ZCI5Lya5aC044Gv44GT44Gh44KJ4piGPC9iPjwvdGQ+CjwvdHI+PHRyPgo8dGQgYWxpZ249Y2VudGVyIGNvbHNwYW49Mj7jgIA8L3RkPgo8L3RyPjx0cj4KPHRkIGFsaWduPWNlbnRlcj48aW1nIHNyYz0iaHR0cHM6Ly9pbWFnZS5yYWt1dGVuLmNvLmpwL2FyaWdhZW4vY2FiaW5ldC8wMjk1MzgwNS8xN25ld21vZGVsX3Nob2VzLmpwZyIgYm9yZGVyPSIwIiBzdHlsZT0ibWFyZ2luLWJvdHRvbTo1cHgiIHdpZHRoPSIzMDUiPjxicj4KPGI+4piGTkVX44Oi44OH44Or44K344Ol44O844K6IOe3j+WQiOS8muWgtOOBr+OBk+OBoeOCieKYhjwvYj48L3RkPgo8dGQgYWxpZ249Y2VudGVyPjxpbWcgc3JjPSJodHRwczovL2ltYWdlLnJha3V0ZW4uY28uanAvYXJpZ2Flbi9jYWJpbmV0LzAyOTUzODA1LzE3bmV3bW9kZWxfYWNjLmpwZyIgYm9yZGVyPSIwIiBzdHlsZT0ibWFyZ2luLWJvdHRvbTo1cHgiIHdpZHRoPSIzMDUiPjxicj4KPGI+4piGTkVX44Oi44OH44Or55So5ZOBIOe3j+WQiOS8muWgtOOBr+OBk+OBoeOCieKYhjwvYj48L3RkPgo8L3RyPjx0cj4KPHRkIGNvbHNwYW49MiBhbGlnbj1jZW50ZXI+44CAPC90ZD4KPC90cj48dHI+Cjx0ZCBjb2xzcGFuPTI+CjxociB3aWR0aD0iNjMwIiBhbGlnbj0ibGVmdCI+CjxpbWcgc3JjPSJodHRwczovL2ltYWdlLnJha3V0ZW4uY28uanAvYXJpZ2Flbi9jYWJpbmV0L29zdXN1X3RvcC5qcGciIGJvcmRlcj0iMCIgd2lkdGg9IjYzMCIgaGVpZ2h0PSI1OCI+PC90ZD4KPC90cj4KPC90YWJsZT4=,44OW44Oq44OC44K544OI44Oz44K044Or44OV44CA44K544Od44O844OE44K/44Kq44Or44CAVFdHNTIgWzIwMTXlubTjg6Ljg4fjg6tdIFvmnInos4DlnJLjgrTjg6vjg5Vd77ya44K044Or44OV55So5ZOB44CB44Kv44Op44OW44Gv5pyJ6LOA5ZyS44K044Or44OV,5pyJ6LOA5ZyS44K044Or44OV5r+A5a6J44K044Or44OVIOOCpuOCqOOCouOCtOODq+ODlSDjgqbjgqfjgqLmnInos4DlnJLjgrTjg6vjg5XjgrTjg6vjg5Xjgq/jg6njg5bjgrTjg6vjg5XnlKjlk4HjgrTjg6vjg5XjgqbjgqfjgqLjgrTjg6vjg5XjgqbjgqjjgqLjgrTjg6vjg5Ug44Kv44Op44OW44K044Or44OV44K344Ol44O844K644K044Or44OV6YCa6LKp5pyJ6LOA5ZyS44K044Or44OVIOODkOODg+OCsOODlOODs+OCtOODq+ODleOCv+OCpOODiOODquOCueODiOacieizgOWckuOAgOalveWkqeOCtOODq+ODleODnOODvOODq+ODhuODvOODqeODvOODoeOCpOODieOCouODh+OCo+ODgOOCueODluODquODguOCueODiOODs+OCtOODq+ODleOAgOOCueODneODvOODhOOCv+OCquODq+OAgFRXRzUyIFsyMDE15bm044Oi44OH44OrXSBb5pyJ6LOA5ZyS44K044Or44OVXQ==,44OW44Oq44OC44K544OI44Oz44K044Or44OV44CA44K544Od44O844OE44K/44Kq44Or44CAVFdHNTIgWzIwMTXlubTjg6Ljg4fjg6tdIFvmnInos4DlnJLjgrTjg6vjg5Vd[rn]
25-79831,aHR0cDovL3RzaG9wLnIxMHMuanAvZmxvcmEtZXUvY2FiaW5ldC9iYWJ5L24yMDE0MDUxMy0yLmpwZz9maXRpbj03MDA6NzAw,MzIwLjAwMDA=,,44K544Od44O844OE44O744Ki44Km44OI44OJ44KiID4g44K544Od44O844OE44Km44Kn44Ki44O744Ki44Kv44K744K144Oq44O8ID4g44K544Od44O844OE44K/44Kq44Or,5Yi657mN44ON44O844Og5YWl44KM44CAIOOCqOOCpOODh+ODs+OCouODs+ODieOCouODjeOCpOODu+ODouODgOODs+ODkOODvOODqeODg+ODl+ODu+OCuOOCp+OCt+ODvOOCueODhuOCo+ODvOODq+OAgOOCqOODl+ODreODs+ODu+ODnuODoOODiOOCpeODvOODnuODoOOBquOBqeOBruWQjeWFpeOCjA==,5Yi657mN44ON44O844Og5YWl44KM5Y+v6IO95ZWG5ZOB44Go5LiA57eS44Gr44GU5rOo5paH44GP44Gg44GV44GE,4pag5Yi657mN44ON44O844Og5YWl44KMIOOBruOBv+OBruOBlOazqOaWh+OBr+OBiuWPl+OBkeOBp+OBjeOBvuOBm+OCk+OAgjxicj4KPGJyPgrilqDjg5Xjg6vjg43jg7zjg6Djga7loLTlkIjjgoTjgIHkuozkurrliIbjga7jgYrlkI3liY3jgpIx5p6a44Gr5Yi657mN44GZ44KL5aC05ZCI44Gv6L+95Yqg5paZ6YeRMjAw5YaG44GM5b+F6KaB44Go44Gq44KK44G+44GZ44CCCjxicj48YnI+CuKWoOa8ouWtl+OBruWgtOWQiOOBr+OAgei/veWKoOaWmemHkTIwMOWGhuOBjOW/heimgeOBqOOBquOCiuOBvuOBmeOAggo8YnI+PGJyPgrilqDov73liqDmlpnph5HjgYzlv4XopoHjgarloLTlkIjjga/jgIHjgZTms6jmloflvozjgavlvZPlupfjgafph5HpoY3jga7kv67mraPjgZXjgZvjgabjgYTjgZ/jgaDjgY3jgb7jgZnjgIIKPGJyPjxicj4K4pag44GK5oCl44GO44Gu5aC05ZCI44Gv6L+95Yqg5paZ6YeRMTUw5YaG44GnMuWWtualreaXpeWGheOBq+eZuumAgeOBhOOBn+OBl+OBvuOBmeOAggrigLvmvKLlrZfjgpLjgZTpgbjmip7jga7loLTlkIjjga/jgYrmgKXjgY7lr77lv5zjga/jgafjgY3jgb7jgZvjgpPjgIIKPGJyPjxicj4K4pag5Yi657mN5b6M44Gu55S75YOP44KS44GU5biM5pyb44Gu5aC05ZCI44Gv44CB5b+F44Ga5YKZ6ICD5qyE44Gr44GU6KiY5YWl44KS44GK6aGY44GE44GX44G+44GZ44CCCgo8YnI+PGJyPjxicj4KCjxicj48YnI+Cjxmb250IHNpemU9IisyIj7jg6njg4Pjg5Tjg7PjgrDjga7jgZTms6jmlofjga/jgIDih5LjgZPjgaHjgok8L2ZvbnQ+Cjxicj48YnI+,5Yi657mN44ON44O844Og5YWl44KM44CAIOOCqOOCpOODh+ODs+OCouODs+ODieOCouODjeOCpOODu+ODouODgOODs+ODkOODvOODqeODg+ODl+ODu+OCuOOCp+OCt+ODvOOCueODhuOCo+ODvOODq+OAgOOCqOODl+ODreODs+ODu+ODnuODoOODiOOCpeODvOODnuODoOOBquOBqeOBruWQjeWFpeOCjO+8mkZMT1JBIOODqOODvOODreODg+ODkemkqA==,44Ko44Kk44OH44Oz44Ki44Oz44OJ44Ki44ON44Kk44K444Kn44K344O844K544OG44Kj44O844Or44OZ44OZ44Kq44Os44K544Ov44OJ44Or44Of44O844K544Ov44OJ44Or44OH44K244Kk44Oz44GK44GP44KL44G/5Yi657mN44ON44O844Og5YWl44KM44CAIOOCqOOCpOODh+ODs+OCouODs+ODieOCouODjeOCpOODu+ODouODgOODs+ODkOODvOODqeODg+ODl+ODu+OCuOOCp+OCt+ODvOOCueODhuOCo+ODvOODq+OAgOOCqOODl+ODreODs+ODu+ODnuODoOODiOOCpeODvOODnuODoOOBquOBqeOBruWQjeWFpeOCjA==,5Yi657mN44ON44O844Og5YWl44KM5Y+v6IO95ZWG5ZOB44Go5LiA57eS44Gr44GU5rOo5paH44GP44Gg44GV44GE44CC5Yi657mN44ON44O844Og5YWl44KM44CAIOOCqOOCpOODh+ODs+OCouODs+ODieOCouODjeOCpOODu+ODouODgOODs+ODkOODvOODqeODg+ODl+ODu+OCuOOCp+OCt+ODvOOCueODhuOCo+ODvOODq+OAgOOCqOODl+ODreODs+ODu+ODnuODoOODiOOCpeODvOODnuODoOOBquOBqeOBruWQjeWFpeOCjA==[rn]
25-79832,aHR0cDovL3RzaG9wLnIxMHMuanAvc291a2FpL2NhYmluZXQvNzAvNDU0ODI2NjMzMTE3MC5qcGc/Zml0aW49NzAwOjcwMA==,ODAwLjAwMDA=,,44K544Od44O844OE44O744Ki44Km44OI44OJ44KiID4g44K544Od44O844OE44Km44Kn44Ki44O744Ki44Kv44K744K144Oq44O8ID4g44K544Od44O844OE44K/44Kq44Or,44K544OU44Oq44OD44OIIOW3u+OBjeOCv+OCquODqyBMIE1FNDY2MTAwKDHmnprlhaUp,4piF56iO5oqcMTkwMOWGhuS7peS4iuOBp+mAgeaWmeeEoeaWmeKYhQ==,PGRpdiBpZD0ncHJkLXBhZ2UnPjxpbWcgc3JjPSdodHRwOi8vd3d3LnJha3V0ZW4ubmUuanAvZ29sZC9zb3VrYWkvaW1hZ2UvMF9yX2NhbS5qcGcnIGJvcmRlcj0nMCc+PGJyPjxicj7jgYrlupdUT1DvvJ7jg5njg5Pjg7wg44Kt44OD44K6IOODnuOCv+ODi+ODhuOCo++8nuODkOOCueeUqOWTge+8nuODkOOCueeUqOWTgSDjgZ3jga7ku5bvvJ7jgrnjg5Tjg6rjg4Pjg4gg5be744GN44K/44Kq44OrIEwgTUU0NjYxMDAgKDHmnprlhaUpPGJyPjxicj7imIXnqI7mipwxOTAw5YaG5Lul5LiK44Gn6YCB5paZ54Sh5paZ4piFPGJyPjxicj48aW1nIHNyYz0naHR0cDovL2ltYWdlLnJha3V0ZW4uY28uanAvc291a2FpL2NhYmluZXQvejcwL3o0NTQ4MjY2MzMxMTcwLmpwZycgd2lkdGg9JzEwMCUnPjxicj48aW1nIHNyYz0naHR0cDovL2ltYWdlLnJha3V0ZW4uY28uanAvc291a2FpL2NhYmluZXQvejcwL3o0NTQ4MjY2MzMxMTcwLTIuanBnJyB3aWR0aD0nMTAwJSc+PGJyPjxicj7jgJDjgrnjg5Tjg6rjg4Pjg4gg5be744GN44K/44Kq44OrIEwgTUU0NjYxMDDjga7llYblk4HoqbPntLDjgJE8YnI+4peP5rC05rOz44Gu5YmN5b6M44Gr5L6/5Yip44Gq552A5pu/44GI55So44K/44Kq44Or44Gn44GZ44CCPGJyPuKXj+ODl+ODvOODq+OChOOCueOCpOODn+ODs+OCsOOCueOCr+ODvOODq+OAgea1t+OBquOBqeOBp+Wkp+a0u+i6jeOBl+OBvuOBmeOAgjxicj7il4/jgrnjgqvjg7zjg4jjga7jgojjgYbjgavlt7vjgYTjgabkvb/jgaPjgZ/jgorjgIHjg53jg7Pjg4Hjg6fjga7jgojjgYbjgavkvb/jgaPjgZ/jgorjg7vjg7vjg7vjgYTjgo3jgYTjgo3jgarkvb/jgYTmlrnjgYzjgafjgY3jgb7jgZnjgII8YnI+4peP6aaW44GL44KJ44GZ44Gj44G944KK44GL44G244Gj44Gm44CB5a+S44GV5a++562W44KE5pel44KI44GR44Gr44KC5L2/44GI44G+44GZ44CCPGJyPuKXj+OBneOBruOBvuOBvuODkOOCueOCv+OCquODq+OBqOOBl+OBpuS9k+OCkuaLreOBkeOCi+OBruOBp+OAgeOBiumiqOWRguOBguOBjOOCiuOBq+OCguS+v+WIqeOBp+OBmeOAgjxicj7il4/liY3jga/jgrnjg4rjg4Pjg5fjg5zjgr/jg7PjgafplovjgY/jga7jgafjgIHlsI/jgZXjgarjgYrlrZDjgZXjgb7jgafjgoLohLHjgY7nnYDjgYznsKHljZjjgafjgZnjgII8YnI+4peP5LiK6YOo44Gu44K544OK44OD44OX44Oc44K/44Oz44Gn44K144Kk44K66Kq/5pW044KC44Op44Kv44Op44Kv6KGM44GI44G+44GZ44CCPGJyPuKXj+OCtOODoOOCruODo+OCtuODvOWFpeOCiuOBp+S9k+OBq+OBl+OBo+OBi+OCiuODleOCo+ODg+ODiOOBl+OBvuOBmeOAgjxicj7il4/jg5HjgqTjg6vpg6jliIbjga/ntr8xMDDvvIXjgafjgIHlkLjmsLTmgKfjgavjgZnjgZDjgozjgZ/jgIzjgbXjgpPjgo/jgorjgI3mn5TjgonjgYvjgYTogozop6bjgorjga7jgr/jgqrjg6vjgafjgZnjgII8YnI+4peP6KOP6Z2i44Gv44OR44Kk44Or44Gu44Gq44GE44OV44Op44OD44OI44Gq55Sf5Zyw44Gq44Gu44Gn44CB44Kz44Oz44OR44Kv44OI44Gr5oyB44Gh6YGL44G544KL44Gu44KC5L6/5Yip44Gn44GZ44CCPGJyPuKXj+iWhOOBj+OAgea0l+a/r+aZguOBq+S5vuOBjeOChOOBmeOBhOOBruOCguWsieOBl+OBhOOBp+OBmeOAgjxicj7il4/jgYLjgY/jgb7jgafjgoLnm67lronjgafjgZnjgYzpganlv5zouqvplbfjga/ntIQxMjDvvZ4xNDBjbeOBp+OBmeOAgjxicj7il4835omN772eMTLmiY3jgY/jgonjgYTjga7lsI/lrabnlJ/jga7jgYrlrZDjgZXjgb7nlKjjgavmnIDpganjgafjgZnjgII8YnI+4oC76YGp5b+c6Lqr6ZW344O75bm06b2i44Gv44GC44GP44G+44Gn44KC55uu5a6J44Gn44GZ44Gu44Gn44CB44GU6LO85YWl5pmC44Gv44GK5a2Q44GV44G+44Gu6Lqr6ZW344Gu5o6h5a+444KS44GX44Gm44GP44Gg44GV44GE44CCPGJyPjxicj7jgJDjgrnjg5Tjg6rjg4Pjg4gg5be744GN44K/44Kq44OrIEwgTUU0NjYxMDDjga7ljp/mnZDmlpnjgJE8YnI+57a/MTAw77yFPGJyPuOAkOimj+agvOamguimgeOAkTxicj7llYblk4HjgrXjgqTjgrrjg7vjg7vjg7vntIQ4MCoxMjBjbTxicj7pganlv5zouqvplbfnm67lronjg7vjg7vjg7vntIQxMjDvvZ4xNDBjbTxicj7lr77lv5zlubTpvaLnm67lronjg7vjg7vjg7s3772eMTLmiY3nqIvluqY8YnI+PGJyPuOAkOeZuuWjsuWFg+OAgeijvemAoOWFg+OAgei8uOWFpeWFg+WPiOOBr+iyqeWjsuWFg+OAkTxicj7mnpc8YnI+PGJyPijlt7vjgr/jgqrjg6sg44G+44GN44K/44Kq44OrKTxicj48YnI+5p6XPGJyPjY2Ni0wMDIyIOWFteW6q+ecjOW3neilv+W4guS4i+WKoOiMgjHkuIHnm641NzktMTxicj4wNzItNzU5LTk2MDI8YnI+PGJyPuW6g+WRiuaWh+iyrO+8muagquW8j+S8muekvueIveW/q+ODieODqeODg+OCsDxicj48YnI+W+ODkOOCueeUqOWTgV08L2Rpdj48IS0tLS0+,44K544OU44Oq44OD44OIIOW3u+OBjeOCv+OCquODqyBMIE1FNDY2MTAwKDHmnprlhaUp77ya54i95b+r44OJ44Op44OD44Kw,5o6D6Zmk5rSX5r+v5YGl5bq36aOf5ZOB5rC044O744OJ44Oq44Oz44Kv6aOf5paZ5ZOB5Yy76Jas5ZOB44OY44Or44K544Kx44Ki44OZ44OT44O85pel55So5ZOB44OT44Ol44O844OG44Kj5a626Zu744Oa44OD44OI44K544Od44O844OE44Oq44Op44Kv44K844O844K344On44Oz44K544OU44Oq44OD44OIIOW3u+OBjeOCv+OCquODqyBMIE1FNDY2MTAwKDHmnprlhaUp,4piF56iO5oqcMTkwMOWGhuS7peS4iuOBp+mAgeaWmeeEoeaWmeKYheOAguOCueODlOODquODg+ODiCDlt7vjgY3jgr/jgqrjg6sgTCBNRTQ2NjEwMCgx5p6a5YWlKQ==[rn]
25-79833,aHR0cDovL3RzaG9wLnIxMHMuanAvc2Ftc2FtL2NhYmluZXQvMjAxNmZ3LzMyank2MTAyXzIuanBnP2ZpdGluPTcwMDo3MDA=,Njk2LjgwMDA=,,44K544Od44O844OE44O744Ki44Km44OI44OJ44KiID4g44K544Od44O844OE44Km44Kn44Ki44O744Ki44Kv44K744K144Oq44O8ID4g44K544Od44O844OE44K/44Kq44Or,5Y2z57SN5Ye65p2l44G+44GZ77yB44CQTUlaVU5P44CR44Of44K644OO44CA44OV44Kn44Kk44K544K/44Kq44OrKDMySlk2MTAyKeOCueODneODvOODhOOCv+OCquODq+OAgOODl+ODrOOCvOODs+ODiOOBq++8geWNkuWbo+WFpeWbo+iomOW/teWTgeOAkMOX44Kv44Ot44ON44KzRE3kvr/kuI3lj6/Dl+OAkeOAkOODgeODvOODoOWvvuW/nOWPr+iDveOAkQ==,5Lq65rCX44Gu5LuK5rK744K/44Kq44Or77yB5pel5pys6KO944OV44Kn44Kk44K544K/44Kq44Or44CC,PGJyPjxmb250IHNpemU9IjMiIGNvbG9yPSIjMDAwMDk5Ij48Yj7imIUgw5fjgq/jg63jg43jgrPvvKTvvK3kvr/kuI3lj6/llYblk4HjgafjgZnvvIEg4piFPC9iPjxicj4KPGZvbnQgc2l6ZT0iMiIgY29sb3I9IiMwMDAwOTkiPgrjgrPjg4Hjg6njga7llYblk4Hjga8g44Kv44Ot44ON44Kz77yk77yt5L6/44Gr44Gv5a++5b+c44GX44Gm44GK44KK44G+44Gb44KT44CCPGJyPgrphY3pgIHmlrnms5Xjga8g44CK5a6F6YWN5L6/44CL44Gu44G/44Gr44Gq44KK44G+44GZ44CC5L2V5Y2S44CB44GU5LqG5om/44GP44Gg44GV44GE44CCPGJyPjxicj4gIDx0YWJsZSB3aWR0aD0iMjAwIiBib3JkZXI9IjEiPgogICAgPHRyPgogICAgICA8dGQgY2xhc3M9InN0eWxlMSI+PGRpdiBhbGlnbj0iY2VudGVyIj48dT48Zm9udCBzaXplPSIyIiBjb2xvcj0iI0ZGQTUwMCI+4pa85ZWG5ZOB6Kqs5piO4pa8PC91PjwvZGl2Pgrku4rmsrvoo73jgr/jgqrjg6vjgrfjg6rjg7zjgrrjgILmlrDjg4fjgrbjgqTjg7PnmbvloLTvvIE8YnI+CuOAjOS7iuayu+OCv+OCquODq+OAjeWVhuaomeOBr+OAgeWbm+WbveOCv+OCquODq+e1hOWQiOanmOOBruaJv+irvuOCkuW+l+OBpuS9v+eUqOOBl+OBpuOBiuOCiuOBvuOBmeOAgjxicj4K5aSp54S254mp6LOq44Gu44Kq44K+44Oz44KS5L2/44GE44CB5L2O5rip57K+57e05ryC55m944GX44Gm44GE44G+44GZ44CCPGJyPgroo73pgKDlt6XnqIvjgavjgabmuKnlrqTlirnmnpzjgqzjgrlDTzLliYrpmaTjgYzjgafjgY3jgabjgYTjgb7jgZnjgII8YnI+CuOBk+OBruWVhuWTgeOBr+eUn+eUo+W3peeoi+OBp+aOkuWHuuOBleOCjOOBn+e5iue2reOBj+OBmuOCkuODquOCteOCpOOCr+ODq+OBl+OAgeeUn+eUo+OBleOCjOOBpuOBhOOBvuOBmeOAgjxicj4K55Kw5aKD6YWN5oWu5Z6L5ZWG5ZOB44Gu5paw44GX44GE6KqN5a6a5Z+65rqW44CM44Of44K644OO44Kw44Oq44O844Oz44Kw44Os44O844OJ44CN44OW44Ot44Oz44K644Oh44OA44Or44CCPGJyPjxicj4K4pag566x5YWl44KKPGJyPjwvZm9udD4gCiAgICAgIDwvdGQ+CiAgICA8L3RyPgogIDwvdGFibGU+PGJyPgoKPGJyPjwvZm9udD4KCgo8SU1HIHNyYz0iaHR0cDovL2ltYWdlLnJha3V0ZW4uY28uanAvc2Ftc2FtL2NhYmluZXQvaW1nMjI4NDg0OTktLmpwZyIgd2lkdGg9IjQ1MCIgaGVpZ2h0PSIyNSI+Cjx0YWJsZSBiZ2NvbG9yPSIjRkYxMENCIiBib3JkZXI9IjAiIGNlbGxwYWRkaW5nPSIwIiBjZWxsc3BhY2luZz0iMCI+CiAgPHRib2R5PgogICAgPHRyPgogICAgICA8dGQ+CiAgICAgIDxUQUJMRSBib2Rlcj0iMCIgdmFsaWduPSJjZW50ZXIiIGNlbGxwYWRkaW5nPSIxMCIgY2VsbHNwYWNpbmc9IjEiIHdpZHRoPSI0NTAiPgogICAgICAgIDx0Ym9keT4KICAgICAgICAgIDxUUiB3aWR0aD0iNDUwIj4KICAgICAgICAgICAgPHRkIGJnY29sb3I9IiNmZmZmZmYiPgogICAgICAgICAgICAgICAgICA8ZGl2IHN0eWxlPSJmb250LXNpemU6IDEycHg7IGxpbmUtaGVpZ2h0OiAxNXB4OyI+CiAgICAgICAgICAgICAgICAgICAgPGZvbnQgY29sb3I9IiM2NjY2NjYiIHNpemU9IjMiPgogICAgICAgICAgICAgICAgICAgIDwhLS3kuK3jg4bjg7zjg5bjg6stLT4KICAgICAgICAgICAgICAgICAgICA8L2ZvbnQ+CiAgICAgICAgICAgICAgICAgICAgPHRhYmxlIGJnY29sb3I9IiM5OTk5OTkiIGJvcmRlcj0iMCIgY2VsbHBhZGRpbmc9IjAiIGNlbGxzcGFjaW5nPSIwIj4KICAgICAgICAgICAgICAgICAgICAgIDx0Ym9keT4KICAgICAgICAgICAgICAgICAgICAgICAgPHRyPgogICAgICAgICAgICAgICAgICAgICAgICAgIDx0ZD48dGFibGUgYm9yZGVyPSIwIiBjZWxscGFkZGluZz0iMiIgY2VsbHNwYWNpbmc9IjEiPgogICAgICAgICAgICAgICAgICAgICAgICAgICAgICA8dGJvZHk+Cjx0cj4KICAgICAgICAgICAgICAgICAgICAgICAgICAgICAgICAgIDx0ZCBhbGlnbj0iY2VudGVyIiBiZ2NvbG9yPSIjZTdlN2U3IiB3aWR0aD0iODAiPjxGT05UIGNvbG9yPSIjNjY2NjY2IiBzaXplPSIyIj4g44K144Kk44K6PC9GT05UPjwvdGQ+CiAgICAgICAgICAgICAgICAgICAgICAgICAgICAgICAgICA8dGQgYmdjb2xvcj0iI2ZmZmZmZiIgd2lkdGg9IjM0MCI+PEZPTlQgY29sb3I9IiM2NjY2NjYiIHNpemU9IjIiPjxGT05UIHNpemU9IjIiPjxGT05UIGNvbG9yPSIjNjY2NjY2Ij48Rk9OVCAKc2l6ZT0yPiAgCjM0Y23DlzgwY208YnI+CiAgICAgICAgICAgICAgICAgICA8L0ZPTlQ+CiAgICAgICAgICAgICAgICAgICAgICAgIDwvRk9OVD48L3RkPgogICAgICAgICAgICAgICAgICAgICAgICAgICAgICAgIDwvdHI+CiAgICAgICAgICAgICAgICAgICAgICAgICAgICAgICAgPHRyPgogICAgICAgICAgICAgICAgICAgICAgICAgICAgICAgICAgPHRkIGFsaWduPSJjZW50ZXIiIGJnY29sb3I9IiNlN2U3ZTciIHdpZHRoPSI4MCI+CjxGT05UIGNvbG9yPSIjNjY2NjY2IiBzaXplPSIyIj4g57Sg5p2QPC9GT05UPjwvdGQ+CiAgICAgICAgICAgICAgICAgICAgICAgICAgICAgICAgICA8dGQgYmdjb2xvcj0iI2ZmZmZmZiIgd2lkdGg9IjM0MCI+PEZPTlQgY29sb3I9IiM2NjY2NjYiIHNpemU9IjIiPjxGT05UIHNpemU9IjIiPjxGT05UIGNvbG9yPSIjNjY2NjY2Ij48Rk9OVCAKc2l6ZT0yPiAgCuOAgOe2vzEwMO+8hTxicj4KCiAgICAgICAgICAgICAgICAgICAgICAgIDwvRk9OVD48L3RkPgogICAgICAgICAgICAgICAgICAgICAgICAgICAgICAgIDwvdHI+CiAgICAgICAgICAgICAgICAgICAgICAgICAgICAgICAgICA8dGQgYWxpZ249ImNlbnRlciIgYmdjb2xvcj0iI2U3ZTdlNyIgd2lkdGg9IjgwIj4KPEZPTlQgY29sb3I9IiM2NjY2NjYiIHNpemU9IjIiPiDjgqvjg6nigJU8L0ZPTlQ+PC90ZD4KICAgICAgICAgICAgICAgICAgICAgICAgICAgICAgICAgIDx0ZCBiZ2NvbG9yPSIjZmZmZmZmIiB3aWR0aD0iMzQwIj48Rk9OVCBjb2xvcj0iIzY2NjY2NiIgc2l6ZT0iMiI+PEZPTlQgc2l6ZT0iMiI+PEZPTlQgY29sb3I9IiM2NjY2NjYiPjxGT05UIApzaXplPTI+ICAK44CQMDHjgJHjg5vjg6/jgqTjg4jDl+OCv+ODvOOCs+OCpOOCujxicj4K44CQMTTjgJHjg43jgqTjg5Pjg7zDl+ODh+OCo+ODvOODkOODluODq+ODvDxicj4K44CQOTTjgJHjg5bjg6njg4Pjgq/Dl+OCpOOCqOODreODvDxicj4K44CQOTbjgJHjg5bjg6njg4Pjgq/Dl+ODrOODg+ODiTxicj4K44CQOTfjgJHjg5bjg6njg4Pjgq/Dl+ODnuOCvOODs+OCvzxicj4KCgrjgIAKPC9GT05UPgogICAgICAgICAgICAgICAgICAgICAgICA8L0ZPTlQ+PC90ZD4KICAgICAgICAgICAgICAgICAgICAgICAgICAgICAgICA8L3RyPgogICAgICAgICAgICAgICAgICAgICAgICAgICAgICAKICAgICAgICAgICAgICAgICAgICAgICAgICAgICAgPC90Ym9keT4KICAgICAgICAgICAgICAgICAgICAgICAgICA8L3RhYmxlPjwvdGQ+CiAgICAgICAgICAgICAgICAgICAgICAgIDwvdHI+CiAgICAgICAgICAgICAgICAgICAgICA8L3Rib2R5PgogICAgICAgICAgICAgICAgICAgIDwvdGFibGU+CiAgICAgICAgICAgICAgICAgICAgPGZvbnQgY29sb3I9IiM2NjY2NjYiIHNpemU9IjMiPgogICAgICAgICAgICAgICAgICAgIDwhLS3kuK3jg4bjg7zjg5bjg6vjgZPjgZPjgb7jgactLT4KICAgICAgICAgICAgICAgICAgPC9mb250PjwvZGl2PjwvdGQ+CiAgICAgICAgICA8L1RSPgogICAgICAgIDwvdGJvZHk+CiAgICAgIDwvVEFCTEU+CiAgICAgIDwvdGQ+CiAgICA8L3RyPgogIDwvdGJvZHk+CjwvdGFibGU+Cjxicj4KPHRhYmxlIGJnY29sb3I9IiNmZjMzNjYiIGJvcmRlcj0iMCIgY2VsbHBhZGRpbmc9IjAiIGNlbGxzcGFjaW5nPSIwIj4KICA8dGJvZHk+CiAgICA8dHI+CiAgICAgIDx0ZD4KICAgICAgPFRBQkxFIGJvZGVyPSIwIiB2YWxpZ249ImNlbnRlciIgY2VsbHBhZGRpbmc9IjEwIiBjZWxsc3BhY2luZz0iMSIgd2lkdGg9IjQ1MCI+CiAgICAgICAgPHRib2R5PgogICAgICAgICAgPFRSIHdpZHRoPSI0NTAiPgogICAgICAgICAgICA8dGQgYmdjb2xvcj0iI2ZmZmZmZiI+CiAgICAgICAgICAgICAgICAgIDxkaXYgc3R5bGU9ImZvbnQtc2l6ZTogMTJweDsgbGluZS1oZWlnaHQ6IDE1cHg7Ij48Rk9OVCBjb2xvcj0iIzY2NjY2NiI+4pePPGZvbnQgY29sb3I9IiNmZjMzNjYiPuWVhuWTgeS7o+mHkTgsNjQw5YaGKOeojui+vCnku6XkuIrjgYrosrfjgYTkuIrjgZLjgafpgIHmlpnnhKHmlpk8L2ZvbnQ+PGJyIC8+CiAgICAgICAgICAgIOKXjzwvRk9OVD48Rk9OVCBjb2xvcj0iI2ZmMzM2NiI+6Zui5bO244O75LiA6YOo5Zyw5Z+f44Gv5Yil6YCU6L+95Yqg5paZ6YeR44GM44GL44GL44KL5aC05ZCI44GM44GU44GW44GE44G+44GZ44CCPC9GT05UPjxmb250IGNvbG9yPSIjNjY2NjY2Ij48QlI+CiAgICAgICAgICAgIDxiciAvPgogICAgICAgICAgICDilrwg44GK5pSv5omV44GE44Gv44CB6YqA6KGM5oyv6L6844CB5Luj6YeR5byV5o+b77yIZS3jgrPjg6zjgq/jg4jvvInjgIHjgq/jg6zjgrjjg4Pjg4jjgqvjg7zjg4nmsbrmuIjjgIDjga7jgYTjgZrjgozjgYvjgojjgorjgYrpgbjjgbPjgYTjgZ/jgaDjgZHjgb7jgZnjgIIKICAgICAgICAgICAgPGJyIC8+CiAgICAgICAgICAgIOKWvCAg5L2Q5bed5oCl5L6/44O744Ok44Oe44OI6YGL6Ly444O744KG44GG44OR44Kx44OD44OI44Gr44Gm55m66YCB6Ie044GX44G+44GZ44CCIDxCUj4KICAgICAgICAgICAgPGJyIC8+CiAgICAgICAgICAgIDwvZm9udD48L2Rpdj48L3RkPgogICAgICAgICAgPC9UUj4KICAgICAgICA8L3Rib2R5PgogICAgICA8L1RBQkxFPgogICAgICA8L3RkPgogICAgPC90cj4KICA8L3Rib2R5Pgo8L3RhYmxlPjxicj4KPGJyPgo8YnI+Cgo8YnI+PGJyPgoKPGltZwpzcmM9Imh0dHA6Ly93d3cucmFrdXRlbi5uZS5qcC9nb2xkL3NhbXNhbS92b2xvbnRlL2J5LWV2aWRlbmNlL2V2aWRlbmNlLmpwZyIKYWx0PSLjgqjjg5Pjg4fjg7PjgrkiIGJvcmRlcj0iMCIgd2lkdGg9IjMwMCI+PGJyPgo8Zm9udCBzaXplPSItMiI+CuODoeODvOOCq+ODvOW4jOacm+Wwj+WjsuS+oeagvOOBr+ODoeODvOOCq+ODvOOCq+OCv+ODreOCsOOBq+WfuuOBpeOBhOOBpuaOsui8ieOBl+OBpuOBhOOBvuOBmTwvZm9udD48YnI+PFNUWUxFIHR5cGU9InRleHQvY3NzIj4KPCEtLQpib2R5IHsKYmFja2dyb3VuZC1hdHRhY2htZW50OiBzY3JvbGw7CmJhY2tncm91bmQtaW1hZ2U6CnVybChodHRwczovL2ltYWdlLnJha3V0ZW4uY28uanAvc2Ftc2FtL2NhYmluZXQvdm9sb250ZS9ieS1wb2ludDItMDUyMHRhdGUuanBnKTsKYmFja2dyb3VuZC1yZXBlYXQ6IHJlcGVhdC15OwpiYWNrZ3JvdW5kLXBvc2l0aW9uOiByaWdodDsKfS0tPgo8L1NUWUxFPgoKCgoKCgoKIDwhLS0gPHRhYmxlIHdpZHRoPSI3MDAiIGJvcmRlcj0iMCI+CiAgICAgICAgPHRyPgogICAgICAgIDx0ZCBjb2xzcGFuPSI0Ij48aW1nIHNyYz0iaHR0cDovL2ltYWdlLnJha3V0ZW4uY28uanAvc2Ftc2FtL2NhYmluZXQvdm9sb250ZS9mYy0xMTE4LmpwZyIgd2lkdGg9IjEwMCUiPjwvdGQ+PC90cj4KICAgICA8dHI+CiAgICAgICAgICA8dGQ+PGltZyBzcmM9Imh0dHA6Ly9pbWFnZS5yYWt1dGVuLmNvLmpwL3NhbXNhbS9jYWJpbmV0L3ZvbG9udGUvMjAxNjExMThfY3BidG4xMDAuanBnIiB3aWR0aD0iMTAwJSI+PC90ZD4KICAgICAgICAgIDx0ZD48aW1nIHNyYz0iaHR0cDovL2ltYWdlLnJha3V0ZW4uY28uanAvc2Ftc2FtL2NhYmluZXQvdm9sb250ZS8yMDE2MTExOF9jcGJ0bjIwMC5qcGciIHdpZHRoPSIxMDAlIj48L3RkPiAKICAgICAgICAKICAgICAgICAKICAgICAgICAgIAogICAgICAgICAgPHRkPjxpbWcgc3JjPSJodHRwOi8vaW1hZ2UucmFrdXRlbi5jby5qcC9zYW1zYW0vY2FiaW5ldC92b2xvbnRlLzIwMTYxMTE4X2NwYnRuNjAwLmpwZyIgd2lkdGg9IjEwMCUiPjwvdGQ+CgogICAgICAgICAgICAgIDx0ZD48aW1nIHNyYz0iaHR0cDovL2ltYWdlLnJha3V0ZW4uY28uanAvc2Ftc2FtL2NhYmluZXQvdm9sb250ZS8yMDE2MTExOF9jcGJ0bjE1MDAuanBnIiB3aWR0aD0iMTAwJSI+PC90ZD4KCiAgICAgICAgPC90cj48L3RhYmxlPgotLT4KCgoKCgoKPCEtLQotLT4=,5Y2z57SN5Ye65p2l44G+44GZ77yB44CQTUlaVU5P44CR44Of44K644OO44CA44OV44Kn44Kk44K544K/44Kq44OrKDMySlk2MTAyKeOCueODneODvOODhOOCv+OCquODq+OAgOODl+ODrOOCvOODs+ODiOOBq++8geWNkuWbo+WFpeWbo+iomOW/teWTgeOAkCZ0aW1lczvjgq/jg63jg43jgrNETeS+v+S4jeWPryZ0aW1lczvjgJHjgJDjg4Hjg7zjg6Dlr77lv5zlj6/og73jgJHvvJpCWeOCueODneODvOODhO+8iOODk+ODvOODr+OCpOOCueODneODvOODhO+8iQ==,44K544Od44O844OE55So5ZOB44Km44Kj44Oz44OJ44OW44Os44O844Kr44O85r+A5a6J44Km44Kn44Ki54m55L6h44Km44Kn44Ki6YeO55CD57e057+S552A44Of44K644OO44Ki44K344OD44Kv44K544Ki44Oz44OA44O844Ki44O844Oe44O844Oh44Oz44K644Os44OH44Kj44O844K544OW44Os44K544K144O844Oi5LiK5LiL44K744OD44OI44K544Od44O844OE44Km44Kn44Ki44OX44O844Oe44K444Ol44OL44Ki6YeO55CD44Of44K644OO57e057+S552A44K444Oj44O844K444OW44Os44K544K144O844Oi44OA44Km44Oz6Zm45LiK5Y2z57SN5Ye65p2l44G+44GZ77yB44CQTUlaVU5P44CR44Of44K644OO44CA44OV44Kn44Kk44K544K/44Kq44OrKDMySlk2MTAyKeOCueODneODvOODhOOCv+OCquODq+OAgOODl+ODrOOCvOODs+ODiOOBq++8geWNkuWbo+WFpeWbo+iomOW/teWTgeOAkCZ0aW1lczvjgq/jg63jg43jgrNETeS+v+S4jeWPryZ0aW1lczvjgJHjgJDjg4Hjg7zjg6Dlr77lv5zlj6/og73jgJE=,5Lq65rCX44Gu5LuK5rK744K/44Kq44Or77yB5pel5pys6KO944OV44Kn44Kk44K544K/44Kq44Or44CC44CC5Y2z57SN5Ye65p2l44G+44GZ77yB44CQTUlaVU5P44CR44Of44K644OO44CA44OV44Kn44Kk44K544K/44Kq44OrKDMySlk2MTAyKeOCueODneODvOODhOOCv+OCquODq+OAgOODl+ODrOOCvOODs+ODiOOBq++8geWNkuWbo+WFpeWbo+iomOW/teWTgeOAkCZ0aW1lczvjgq/jg63jg43jgrNETeS+v+S4jeWPryZ0aW1lczvjgJHjgJDjg4Hjg7zjg6Dlr77lv5zlj6/og73jgJE=[rn]
25-79834,aHR0cDovL3RzaG9wLnIxMHMuanAvbWFrYXNldGFyby9jYWJpbmV0L2l0ZW0zL2xvbmd0b3dlbC5qcGc/Zml0aW49NzAwOjcwMA==,MTAzNi44MDAw,,44K544Od44O844OE44O744Ki44Km44OI44OJ44KiID4g44K544Od44O844OE44Km44Kn44Ki44O744Ki44Kv44K744K144Oq44O8ID4g44K544Od44O844OE44K/44Kq44Or,6YOo5rS777yB44Oe44OV44Op44O844K544Od44O844OE44K/44Kq44Or5LuK5rK76KO944K/44Kq44OrIOOCq+ODqeODvOOCv+OCquODqyDjg6zjgrjjg6Pjg7wg44Ki44Km44OI44OJ44KiIOaxl+aLreOBjeOCv+OCquODqyDmsZfmi63jgr/jgqrjg6sg5rGX44G144GN44K/44Kq44OrIOODnuODleODqeODvOOCv+OCquODqyDjgrDjg6rjg7zjg7Mg44K044O844Or44OJIOOCquODrOODs+OCuCDjgqjjg7Pjgrgg44OU44Oz44KvIOODkeODvOODl+ODqyDjg5bjg6vjg7wg44ON44Kk44OT44O8IOOBguOBmealvSDntr8xMDA=,57a/5pys5p2l44Gu5qmf6IO944KS55Sf44GL44GZ44CMVFrphbjmgKfphbXntKDms5XjgI3jgajjgYTjgYbnsr7nt7TmvILnmb3liqDlt6XjgpLmjqHnlKg=,PGJyPjxmb250IGNvbG9yPSJyZWQiIHNpemU9IjIiPuWNs+aXpemFjemAgeOBrumWouS/guOBp+aJi+aMgeOBoeWcqOW6q+WIhuOBl+OBi+iyt+OBhOeJqeOCq+OCtOOBq+WFpeOCiuOBvuOBm+OCk+OBjOOAgeWAieW6q+WcqOW6q+OBlOOBluOBhOOBvuOBmeOBruOBp+OAgeiyt+OBhOeJqeOCq+OCtOOBp+iyt+OBiOOBquOBhOWgtOWQiOOBr+OAgeOBiuaJi+aVsOOBiuaOm+OBkeOBhOOBn+OBl+OBvuOBmeOBjOOAgeOBiuWVj+OBhOWQiOOCj+OBm+OCiOOCiuOBlOmAo+e1oeOBiumhmOOBhOeUs+OBl+S4iuOBkuOBvuOBmeOAgjwvZm9udD48YnI+CuWKoOW3peaWueazleOBq+OBpOOBhOOBpuOBr+OBk+OBoeOCieOBq+eUu+WDj+OBjOOBguOCiuOBvuOBmeOAgjxicj48YnI+PFRBQkxFIGJvcmRlcj0iMSIgd2lkdGg9IjMwMCIgY2VsbHBhZGRpbmc9IjUiIGNlbGxzcGFjaW5nPSIwIj4KPFRCT0RZPgo8VFI+CjxURCBiZ2NvbG9yPSIjZmZmZmJmIiBhbGlnbj0iY2VudGVyIiB2YWxpZ249Im1pZGRsZSI+44K144Kk44K6PC9URD4KPFREPue0hO+8ku+8kO+9g++9jcOX77yR77yR77yV772D772NCjwvVEQ+CjwvVFI+CjxUUj4KPFREIGJnY29sb3I9IiNmZmZmYmYiIGFsaWduPSJjZW50ZXIiIHZhbGlnbj0ibWlkZGxlIj7jgqvjg6njg7w8L1REPgo8VEQ+CuOCsOODquODvOODszxicj7jgrTjg7zjg6vjg4k8YnI+44Kq44Os44Oz44K4PGJyPuOCqOODs+OCuDxicj7jg6njgqTjg4jjg5Tjg7Pjgq88YnI+44OU44Oz44KvPGJyPuODkeODvOODl+ODqzxicj7jg6njgqTjg4jjg5bjg6vjg7w8YnI+44OW44Or44O8PGJyPuODjeOCpOODk+ODvDwvVEQ+CjwvVFI+CjxUUj4KPFREIGJnY29sb3I9IiNmZmZmYmYiIGFsaWduPSJjZW50ZXIiIHZhbGlnbj0ibWlkZGxlIj7ph43ph488L1REPgo8VEQ+77yR77yT77yU772HPC9URD4KPC9UUj4KPFRSPgo8VEQgYmdjb2xvcj0iI2ZmZmZiZiIgYWxpZ249ImNlbnRlciIgdmFsaWduPSJtaWRkbGUiPuWCmeiAgzwvVEQ+CjxURD7ml6XmnKzoo708L1REPgo8L1RSPgo8L1RCT0RZPgo8L1RBQkxFPgo8YnI+57SZ6KKL44GM5b+F6KaB44Gq5aC05ZCI44Gv44CBPGJyPue0meiii+OAgOeZveeEoeWcsOOAgO+8iOWkp++8iSA8YnI+57SZ6KKL44CA55m954Sh5Zyw44CA77yI5Lit77yJIDxicj7ntJnooovjgIDnmb3nhKHlnLDjgIDvvIjlsI/vvIk8c3R5bGUgdHlwZT0idGV4dC9jc3MiPgovKuiyt+OBhOeJqeOBi+OBlOOBq+WFpeOCjOOCi+ODnOOCv+ODsyovCiNyYWt1dGVuTGltaXRlZElkX2Fyb3VuZENhcnQgaW5wdXRbdmFsdWU9Iuiyt+OBhOeJqeOBi+OBlOOBq+WFpeOCjOOCiyJdewpiYWNrZ3JvdW5kOiB1cmwoImh0dHA6Ly93d3cucmFrdXRlbi5uZS5qcC9nb2xkL21ha2FzZXRhcm8vaW1hZ2VzL2NhcnQtbi5naWYiKSBsZWZ0IHRvcCBuby1yZXBlYXQ7CndpZHRoOjI1N3B4OwpoZWlnaHQ6NTJweDsKdGV4dC1pbmRlbnQ6MTAwJTsKd2hpdGUtc3BhY2U6bm93cmFwOwpvdmVyZmxvdzpoaWRkZW47CmJvcmRlcjogbm9uZTsKcGFkZGluZzowOwptYXJnaW4tdG9wOjVweCAwOwpjdXJzb3I6cG9pbnRlcjsKfQojcmFrdXRlbkxpbWl0ZWRJZF9hcm91bmRDYXJ0IHRib2R5IHRyIHRkIGlucHV0OmhvdmVyewphbHBoYShvcGFjaXR5PTgpOwotbW96LW9wYWNpdHk6MC44OwpvcGFjaXR5OjAuODsKY3Vyc29yOnBvaW50ZXI7Cn0KPC9zdHlsZT4KCjxzdHlsZSB0eXBlPSJ0ZXh0L2NzcyI+CjwhLS0KYm9keXsKCiAgICAgYmFja2dyb3VuZC1pbWFnZTogdXJsKCJodHRwOi8vaW1hZ2UucmFrdXRlbi5jby5qcC9tYWthc2V0YXJvL2NhYmluZXQvbWFpbi8xNzA1MjAuZ2lmIik7CiAgICAgYmFja2dyb3VuZC1yZXBlYXQ6IHJlcGVhdC15OwogICAgIGJhY2tncm91bmQtYXR0YWNobWVudDogc2Nyb2xsOwogICAgIGJhY2tncm91bmQtcG9zaXRpb246IDBweCA4OXB4Owp9Ci0tPgo8L3N0eWxlPg==,6YOo5rS777yB44Oe44OV44Op44O844K544Od44O844OE44K/44Kq44Or5LuK5rK76KO944K/44Kq44OrIOOCq+ODqeODvOOCv+OCquODqyDjg6zjgrjjg6Pjg7wg44Ki44Km44OI44OJ44KiIOaxl+aLreOBjeOCv+OCquODqyDmsZfmi63jgr/jgqrjg6sg5rGX44G144GN44K/44Kq44OrIOODnuODleODqeODvOOCv+OCquODqyDjgrDjg6rjg7zjg7Mg44K044O844Or44OJIOOCquODrOODs+OCuCDjgqjjg7Pjgrgg44OU44Oz44KvIOODkeODvOODl+ODqyDjg5bjg6vjg7wg44ON44Kk44OT44O8IOOBguOBmealvSDntr8xMDDvvJrjgr/jgqrjg6vjga/jgb7jgYvjgZvjgZ/jgo0=,44K/44Kq44Or44Gf44GK44KL5LuK5rK744K/44Kq44Or6YCa6LKp44K544Od44O844OE44K/44Kq44Or44OV44Kn44Kk44K544K/44Kq44Or44OQ44K544K/44Kq44Or44OP44Oz44OJ44K/44Kq44Or44Oe44OV44Op44O844K/44Kq44Or5rOJ5bee44K/44Kq44Or44K/44Kq44Or44K944Og44Oq44Ko44K/44Kq44Or44Gv44G+44GL44Gb44Gf44KNLmNvbeWvuueUsOOAgOWFg+mDqOa0u++8geODnuODleODqeODvOOCueODneODvOODhOOCv+OCquODq+S7iuayu+ijveOCv+OCquODqyDjgqvjg6njg7zjgr/jgqrjg6sg44Os44K444Oj44O8IOOCouOCpuODiOODieOCoiDmsZfmi63jgY3jgr/jgqrjg6sg5rGX5out44K/44Kq44OrIOaxl+OBteOBjeOCv+OCquODqyDjg57jg5Xjg6njg7zjgr/jgqrjg6sg44Kw44Oq44O844OzIOOCtOODvOODq+ODiSDjgqrjg6zjg7Pjgrgg44Ko44Oz44K4IOODlOODs+OCryDjg5Hjg7zjg5fjg6sg44OW44Or44O8IOODjeOCpOODk+ODvCDjgYLjgZnmpb0g57a/MTAw,57a/5pys5p2l44Gu5qmf6IO944KS55Sf44GL44GZ44CMVFrphbjmgKfphbXntKDms5XjgI3jgajjgYTjgYbnsr7nt7TmvILnmb3liqDlt6XjgpLmjqHnlKjjgILpg6jmtLvvvIHjg57jg5Xjg6njg7zjgrnjg53jg7zjg4Tjgr/jgqrjg6vku4rmsrvoo73jgr/jgqrjg6sg44Kr44Op44O844K/44Kq44OrIOODrOOCuOODo+ODvCDjgqLjgqbjg4jjg4njgqIg5rGX5out44GN44K/44Kq44OrIOaxl+aLreOCv+OCquODqyDmsZfjgbXjgY3jgr/jgqrjg6sg44Oe44OV44Op44O844K/44Kq44OrIOOCsOODquODvOODsyDjgrTjg7zjg6vjg4kg44Kq44Os44Oz44K4IOOCqOODs+OCuCDjg5Tjg7Pjgq8g44OR44O844OX44OrIOODluODq+ODvCDjg43jgqTjg5Pjg7wg44GC44GZ5qW9IOe2vzEwMA==[rn]
25-79835,,MTI4MC4wMDAw,,44K544Od44O844OE44O744Ki44Km44OI44OJ44KiID4g44K544Od44O844OE44Km44Kn44Ki44O744Ki44Kv44K744K144Oq44O8ID4g44K544Od44O844OE44K/44Kq44Or,44GK6LK344GE54mp44Oe44Op44K944OzIOODneOCpOODs+ODiOacgOWkpzM15YCN77yINS8yMCjlnJ8pIDIw77yaMDDvvZ7vvIkg4peH44OW44Oq44OC44K544OI44Oz44K044Or44OVIOOCueODneODvOODhOOCv+OCquODqyBUV0c1MiAyMDE25bm057aZ57aa44Oi44OH44OrIEJSSURHRVNUT05FIEdPTEY=,44OW44Oq44OC44K544OI44Oz44K044Or44OVIOOCv+OCquODq+OAgA==,PGJyPgrigLvjgJDjg6Hjg7zjgqvjg7zjgYrlj5bjgorlr4TjgZvllYblk4HjgJE8YnI+CuWcqOW6q+OBruacieeEoeODu+e0jeacn+OBr+aUueOCgeOBvuOBl+OBpuOBlOmAo+e1oeOBleOBm+OBpuOBhOOBn+OBoOOBjeOBvuOBmeOAgjxicj4K44GK5Y+W44KK5a+E44Gb44Gu54K644CB44GU6LO85YWl44GE44Gf44Gg44GR44G+44GX44Gm44KC44CB5qyg5ZOB44O75a6M5aOy44Gu5aC05ZCI44KC44GU44GW44GE44G+44GZ44CCPGJyPgrkuojjgoHjgZTkuobmib/jgY/jgaDjgZXjgYTjgILil4/ntKDmnZDvvJrntr8xMDDvvIU8YnI+CuKXj+OCteOCpOOCuu+8mkwzNMOXVzEwMGNtPGJyPgril4/nrrHjgrXjgqTjgrrvvJpMMjguNcOXVzIzLjXDl0g0LjVjbTxicj4K4peP5Lit5Zu96KO9PGJyPgo8YnI+PGRpdiBhbGlnbj0iY2VudGVyIj4KCjwhLS3jg5bjg6njg7Pjg4nkuIDopqctLT4KCgo8L2Rpdj4KCgo8RGl2IEFsaWduPSJsZWZ0Ij4KPCEtLeOCq+ODhuOCtOODquODvOOCpOODs+ODh+ODg+OCr+OCuS0tPgo8aW1nIHNyYz0iaHR0cDovL2ltYWdlLnJha3V0ZW4uY28uanAvZy16b25lL2NhYmluZXQvMDAyODQzMDMvMTIzMzMuZ2lmIj4KCjx0YWJsZT4KPCEtLeODnOODvOODq+eJuembhi0tPgo8dHI+PHRkIHdpdGg9Mzc5Pgo8aW1nIHNyYz0iaHR0cDovL2ltYWdlLnJha3V0ZW4uY28uanAvZy16b25lL2NhYmluZXQvYi9iYWxsdG9rLmpwZyIgYm9yZGVyPSIwIj48L3RkPgoKPCEtLeODqeOCpuODieODnuOCpuOCuS0tPgo8dGQgd2l0aD0zNzk+CjxpbWcgc3JjPSJodHRwOi8vaW1hZ2UucmFrdXRlbi5jby5qcC9nLXpvbmUvY2FiaW5ldC9iL2xtLWdvbGYuanBnIiBib3JkZXI9IjAiPjwvdGQ+CjwvdHI+CjwvdGFibGU+CgoKCjx0YWJsZT4KPCEtLeOCv+OCpOODiOODquOCueODiOeJuembhi0tPgo8dHI+PHRkIHdpdGg9Mzc5Pgo8aW1nIHNyYz0iaHR0cDovL2ltYWdlLnJha3V0ZW4uY28uanAvZy16b25lL2NhYmluZXQva2FuYmFuL3RpdGxlaXN0LmpwZyIgYm9yZGVyPSIwIj48L3RkPgoKPCEtLeOCouODieODn+ODqeODq+OCtOODq+ODlS0tPgo8dGQgd2l0aD0zNzk+CjxpbWcgc3JjPSJodHRwOi8vaW1hZ2UucmFrdXRlbi5jby5qcC9nLXpvbmUvY2FiaW5ldC9iL2FtLWdvbGYuanBnIiBib3JkZXI9IjAiPjwvdGQ+PC90cj4KPC90YWJsZT4KCgoKCjx0YWJsZT4KPCEtLeOBguOBmealvS0tPgo8dHI+PHRkIHdpdGg9MjUwPgo8aW1nIHNyYz0iaHR0cDovL2ltYWdlLnJha3V0ZW4uY28uanAvZy16b25lL2NhYmluZXQvYi9hc3VyYWt1X2IuZ2lmIiBib3JkZXI9IjAiPjwvdGQ+CiAKPCEtLVVTQSDnm7TooYzkvr8tLT4KPHRkIHdpdGg9MjUwPgo8aW1nIHNyYz0iaHR0cDovL2ltYWdlLnJha3V0ZW4uY28uanAvZy16b25lL2NhYmluZXQva2FuYmFuL3VzYS5qcGciIGJvcmRlcj0iMCI+PC90ZD4KCjwhLS3jgrbjg7vjg5Djg7zjgrLjg7MtLT4KPHRkIHdpdGg9MjUwPgo8aW1nIHNyYz0iaHR0cDovL2ltYWdlLnJha3V0ZW4uY28uanAvZy16b25lL2NhYmluZXQva2FuYmFuL3Rva2thLmpwZyIgYm9yZGVyPSIwIj4KPC90ZD4KPC90cj4KPC90YWJsZT4KCgo8dGFibGU+CjwhLS1wMTAtLT4KPHRyPjx0ZCB3aXRoPTM3OT4KPGltZyBzcmM9Imh0dHA6Ly9pbWFnZS5yYWt1dGVuLmNvLmpwL2ctem9uZS9jYWJpbmV0L2Ivcy1wMTAuZ2lmIiBib3JkZXI9IjAiPjwvdGQ+Cgo8IS0tVElNRSBTQUxFLS0+Cjx0ZCB3aXRoPTM3OT4KPGltZyBzcmM9Imh0dHA6Ly9pbWFnZS5yYWt1dGVuLmNvLmpwL2ctem9uZS9jYWJpbmV0LzAwMjg0MzAzL3RpbWUtMjAxNC5naWYiIGJvcmRlcj0iMCI+PC90ZD48L3RyPgo8L3RhYmxlPgo8YnI+Cjxicj4KPCEtLUbjgr7jg7zjg7MtLT4KPGltZyBzcmM9Imh0dHA6Ly9pbWFnZS5yYWt1dGVuLmNvLmpwL2ctem9uZS9jYWJpbmV0L2thbmJhbi9mem9uZS5qcGciIGJvcmRlcj0iMCI+PGJyPgoKCjwhLS3lupfoiJflrp/ms4EtLT48YnI+PGJyPgoKCjwhLS1odHRwOi8vaXRlbS5yYWt1dGVuLmNvLmpwL2ctem9uZS9jLzAwMDAwMDIyMjcvLS0+CjwhLS3mnIjplpPjgZTlpYnku5Xlk4EKPHRhYmxlPgo8dHI+PHRkIHdpdGg9Mzc5Pgo8aW1nIHNyYz0iaHR0cDovL2ltYWdlLnJha3V0ZW4uY28uanAvZy16b25lL2NhYmluZXQvYi9zLWdla2thbi0wMC5naWYiIGJvcmRlcj0iMCI+PC90cj4KPC90YWJsZT4tLT4KCgoKPCEtLee0jeacn+aDheWgseaWh+Wtl+OCteOCpOOCui0tPgo8c3R5bGUgVFlQRT0idGV4dC9jc3MiPgo8IS0tCnRkLmludmVudG9yeSBmb250e2ZvbnQtc2l6ZToxMHB4O2NvbG9yOiM2NjY2NjY7fQp0ZC5pbnZlbnRvcnl7d29yZC13cmFwOmJyZWFrLXdvcmQ7d2lkdGg6ODBweDt9Ci0tPgo8L3N0eWxlPg==,44GK6LK344GE54mp44Oe44Op44K944OzIOODneOCpOODs+ODiOacgOWkpzM15YCN77yINS8yMCjlnJ8pIDIw77yaMDDvvZ7vvIkg4peH44OW44Oq44OC44K544OI44Oz44K044Or44OVIOOCueODneODvOODhOOCv+OCquODqyBUV0c1MiAyMDE25bm057aZ57aa44Oi44OH44OrIEJSSURHRVNUT05FIEdPTEbvvJpHWk9OReOCtOODq+ODlQ==,44Kt44Oj44Ot44Km44Kn44Kk44K044Or44OV44OI44Of44O844OS44Or44OV44Kj44Ks44O844K044Or44OV44Kr44OD44OR44K044Or44OV44Ki44Oz44OA44O844Ki44O844Oe44O844K044Or44OV44K044Or44OV44Oc44O844Or44Kq44O844Kv44Oq44O844K044Or44OV44Ki44OJ44Of44Op44Or44K044Or44OV44OK44Kk44Kt44K044Or44OV44Ki44OH44Kj44OA44K544K044Or44OV44Kq44OH44OD44K744Kk44OV44OD44OI44K444On44Kk44Op44Km44OJ44Oe44Km44K544K044Or44OV44K/44Kk44OI44Oq44K544OI44K044Or44OV57e057+S55So5ZOB44K044Or44OV44K344Ol44O844K644K044Or44OV44Km44Ko44Ki44Oh44Oz44K644Os44OH44Kj44O844K544K044Or44OV44Km44Ko44Ki44Oh44Oz44K6R1BT44K044Or44OV44OK44OT44K044Or44OV44Kv44Op44OW44K744OD44OI44Ko44OJ44Km44Kj44Oz44K044Or44OV44GK6LK344GE54mp44Oe44Op44K944OzIOODneOCpOODs+ODiOacgOWkpzM15YCN77yINS8yMCjlnJ8pIDIw77yaMDDvvZ7vvIkg4peH44OW44Oq44OC44K544OI44Oz44K044Or44OVIOOCueODneODvOODhOOCv+OCquODqyBUV0c1MiAyMDE25bm057aZ57aa44Oi44OH44OrIEJSSURHRVNUT05FIEdPTEY=,44OW44Oq44OC44K544OI44Oz44K044Or44OVIOOCv+OCquODq+OAgOOAguOBiuiyt+OBhOeJqeODnuODqeOCveODsyDjg53jgqTjg7Pjg4jmnIDlpKczNeWAje+8iDUvMjAo5ZyfKSAyMO+8mjAw772e77yJIOKXh+ODluODquODguOCueODiOODs+OCtOODq+ODlSDjgrnjg53jg7zjg4Tjgr/jgqrjg6sgVFdHNTIgMjAxNuW5tOe2mee2muODouODh+ODqyBCUklER0VTVE9ORSBHT0xG[rn]
25-79836,,NzY4LjgwMDA=,,44K544Od44O844OE44O744Ki44Km44OI44OJ44KiID4g44K544Od44O844OE44Km44Kn44Ki44O744Ki44Kv44K744K144Oq44O8ID4g44K544Od44O844OE44K/44Kq44Or,44GK6LK344GE54mp44Oe44Op44K944OzIOODneOCpOODs+ODiOacgOWkpzM15YCN77yINS8yMCjlnJ8pIDIw77yaMDDvvZ7vvIkg4peH44OW44Oq44OC44K544OI44Oz44K044Or44OVIOODleOCp+OCpOOCueOCv+OCquODqyBUV0c1MSAyMDE25bm057aZ57aa44Oi44OH44OrIEJSSURHRVNUT05FIEdPTEY=,44OW44Oq44OC44K544OI44Oz44K044Or44OVIOOCv+OCquODq+OAgA==,PGJyPgrigLvjgJDjg6Hjg7zjgqvjg7zjgYrlj5bjgorlr4TjgZvllYblk4HjgJE8YnI+CuWcqOW6q+OBruacieeEoeODu+e0jeacn+OBr+aUueOCgeOBvuOBl+OBpuOBlOmAo+e1oeOBleOBm+OBpuOBhOOBn+OBoOOBjeOBvuOBmeOAgjxicj4K44GK5Y+W44KK5a+E44Gb44Gu54K644CB44GU6LO85YWl44GE44Gf44Gg44GR44G+44GX44Gm44KC44CB5qyg5ZOB44O75a6M5aOy44Gu5aC05ZCI44KC44GU44GW44GE44G+44GZ44CCPGJyPgrkuojjgoHjgZTkuobmib/jgY/jgaDjgZXjgYTjgILil4/ntKDmnZDvvJrntr8xMDDvvIU8YnI+CuKXj+OCteOCpOOCuu+8mkwzNMOXVzcwY208YnI+CuKXj+euseOCteOCpOOCuu+8mkwzMMOXVzE0w5dIMi41Y208YnI+CuKXj+S4reWbveijvTxicj4KPGJyPjxkaXYgYWxpZ249ImNlbnRlciI+Cgo8IS0t44OW44Op44Oz44OJ5LiA6KanLS0+CgoKPC9kaXY+CgoKPERpdiBBbGlnbj0ibGVmdCI+CjwhLS3jgqvjg4bjgrTjg6rjg7zjgqTjg7Pjg4fjg4Pjgq/jgrktLT4KPGltZyBzcmM9Imh0dHA6Ly9pbWFnZS5yYWt1dGVuLmNvLmpwL2ctem9uZS9jYWJpbmV0LzAwMjg0MzAzLzEyMzMzLmdpZiI+Cgo8dGFibGU+CjwhLS3jg5zjg7zjg6vnibnpm4YtLT4KPHRyPjx0ZCB3aXRoPTM3OT4KPGltZyBzcmM9Imh0dHA6Ly9pbWFnZS5yYWt1dGVuLmNvLmpwL2ctem9uZS9jYWJpbmV0L2IvYmFsbHRvay5qcGciIGJvcmRlcj0iMCI+PC90ZD4KCjwhLS3jg6njgqbjg4njg57jgqbjgrktLT4KPHRkIHdpdGg9Mzc5Pgo8aW1nIHNyYz0iaHR0cDovL2ltYWdlLnJha3V0ZW4uY28uanAvZy16b25lL2NhYmluZXQvYi9sbS1nb2xmLmpwZyIgYm9yZGVyPSIwIj48L3RkPgo8L3RyPgo8L3RhYmxlPgoKCgo8dGFibGU+CjwhLS3jgr/jgqTjg4jjg6rjgrnjg4jnibnpm4YtLT4KPHRyPjx0ZCB3aXRoPTM3OT4KPGltZyBzcmM9Imh0dHA6Ly9pbWFnZS5yYWt1dGVuLmNvLmpwL2ctem9uZS9jYWJpbmV0L2thbmJhbi90aXRsZWlzdC5qcGciIGJvcmRlcj0iMCI+PC90ZD4KCjwhLS3jgqLjg4njg5/jg6njg6vjgrTjg6vjg5UtLT4KPHRkIHdpdGg9Mzc5Pgo8aW1nIHNyYz0iaHR0cDovL2ltYWdlLnJha3V0ZW4uY28uanAvZy16b25lL2NhYmluZXQvYi9hbS1nb2xmLmpwZyIgYm9yZGVyPSIwIj48L3RkPjwvdHI+CjwvdGFibGU+CgoKCgo8dGFibGU+CjwhLS3jgYLjgZnmpb0tLT4KPHRyPjx0ZCB3aXRoPTI1MD4KPGltZyBzcmM9Imh0dHA6Ly9pbWFnZS5yYWt1dGVuLmNvLmpwL2ctem9uZS9jYWJpbmV0L2IvYXN1cmFrdV9iLmdpZiIgYm9yZGVyPSIwIj48L3RkPgogCjwhLS1VU0Eg55u06KGM5L6/LS0+Cjx0ZCB3aXRoPTI1MD4KPGltZyBzcmM9Imh0dHA6Ly9pbWFnZS5yYWt1dGVuLmNvLmpwL2ctem9uZS9jYWJpbmV0L2thbmJhbi91c2EuanBnIiBib3JkZXI9IjAiPjwvdGQ+Cgo8IS0t44K244O744OQ44O844Ky44OzLS0+Cjx0ZCB3aXRoPTI1MD4KPGltZyBzcmM9Imh0dHA6Ly9pbWFnZS5yYWt1dGVuLmNvLmpwL2ctem9uZS9jYWJpbmV0L2thbmJhbi90b2trYS5qcGciIGJvcmRlcj0iMCI+CjwvdGQ+CjwvdHI+CjwvdGFibGU+CgoKPHRhYmxlPgo8IS0tcDEwLS0+Cjx0cj48dGQgd2l0aD0zNzk+CjxpbWcgc3JjPSJodHRwOi8vaW1hZ2UucmFrdXRlbi5jby5qcC9nLXpvbmUvY2FiaW5ldC9iL3MtcDEwLmdpZiIgYm9yZGVyPSIwIj48L3RkPgoKPCEtLVRJTUUgU0FMRS0tPgo8dGQgd2l0aD0zNzk+CjxpbWcgc3JjPSJodHRwOi8vaW1hZ2UucmFrdXRlbi5jby5qcC9nLXpvbmUvY2FiaW5ldC8wMDI4NDMwMy90aW1lLTIwMTQuZ2lmIiBib3JkZXI9IjAiPjwvdGQ+PC90cj4KPC90YWJsZT4KPGJyPgo8YnI+CjwhLS1G44K+44O844OzLS0+CjxpbWcgc3JjPSJodHRwOi8vaW1hZ2UucmFrdXRlbi5jby5qcC9nLXpvbmUvY2FiaW5ldC9rYW5iYW4vZnpvbmUuanBnIiBib3JkZXI9IjAiPjxicj4KCgo8IS0t5bqX6IiX5a6f5rOBLS0+PGJyPjxicj4KCgo8IS0taHR0cDovL2l0ZW0ucmFrdXRlbi5jby5qcC9nLXpvbmUvYy8wMDAwMDAyMjI3Ly0tPgo8IS0t5pyI6ZaT44GU5aWJ5LuV5ZOBCjx0YWJsZT4KPHRyPjx0ZCB3aXRoPTM3OT4KPGltZyBzcmM9Imh0dHA6Ly9pbWFnZS5yYWt1dGVuLmNvLmpwL2ctem9uZS9jYWJpbmV0L2Ivcy1nZWtrYW4tMDAuZ2lmIiBib3JkZXI9IjAiPjwvdHI+CjwvdGFibGU+LS0+CgoKCjwhLS3ntI3mnJ/mg4XloLHmloflrZfjgrXjgqTjgrotLT4KPHN0eWxlIFRZUEU9InRleHQvY3NzIj4KPCEtLQp0ZC5pbnZlbnRvcnkgZm9udHtmb250LXNpemU6MTBweDtjb2xvcjojNjY2NjY2O30KdGQuaW52ZW50b3J5e3dvcmQtd3JhcDpicmVhay13b3JkO3dpZHRoOjgwcHg7fQotLT4KPC9zdHlsZT4=,44GK6LK344GE54mp44Oe44Op44K944OzIOODneOCpOODs+ODiOacgOWkpzM15YCN77yINS8yMCjlnJ8pIDIw77yaMDDvvZ7vvIkg4peH44OW44Oq44OC44K544OI44Oz44K044Or44OVIOODleOCp+OCpOOCueOCv+OCquODqyBUV0c1MSAyMDE25bm057aZ57aa44Oi44OH44OrIEJSSURHRVNUT05FIEdPTEbvvJpHWk9OReOCtOODq+ODlQ==,44Kt44Oj44Ot44Km44Kn44Kk44K044Or44OV44OI44Of44O844OS44Or44OV44Kj44Ks44O844K044Or44OV44Kr44OD44OR44K044Or44OV44Ki44Oz44OA44O844Ki44O844Oe44O844K044Or44OV44K044Or44OV44Oc44O844Or44Kq44O844Kv44Oq44O844K044Or44OV44Ki44OJ44Of44Op44Or44K044Or44OV44OK44Kk44Kt44K044Or44OV44Ki44OH44Kj44OA44K544K044Or44OV44Kq44OH44OD44K744Kk44OV44OD44OI44K444On44Kk44Op44Km44OJ44Oe44Km44K544K044Or44OV44K/44Kk44OI44Oq44K544OI44K044Or44OV57e057+S55So5ZOB44K044Or44OV44K344Ol44O844K644K044Or44OV44Km44Ko44Ki44Oh44Oz44K644Os44OH44Kj44O844K544K044Or44OV44Km44Ko44Ki44Oh44Oz44K6R1BT44K044Or44OV44OK44OT44K044Or44OV44Kv44Op44OW44K744OD44OI44Ko44OJ44Km44Kj44Oz44K044Or44OV44GK6LK344GE54mp44Oe44Op44K944OzIOODneOCpOODs+ODiOacgOWkpzM15YCN77yINS8yMCjlnJ8pIDIw77yaMDDvvZ7vvIkg4peH44OW44Oq44OC44K544OI44Oz44K044Or44OVIOODleOCp+OCpOOCueOCv+OCquODqyBUV0c1MSAyMDE25bm057aZ57aa44Oi44OH44OrIEJSSURHRVNUT05FIEdPTEY=,44OW44Oq44OC44K544OI44Oz44K044Or44OVIOOCv+OCquODq+OAgOOAguOBiuiyt+OBhOeJqeODnuODqeOCveODsyDjg53jgqTjg7Pjg4jmnIDlpKczNeWAje+8iDUvMjAo5ZyfKSAyMO+8mjAw772e77yJIOKXh+ODluODquODguOCueODiOODs+OCtOODq+ODlSDjg5XjgqfjgqTjgrnjgr/jgqrjg6sgVFdHNTEgMjAxNuW5tOe2mee2muODouODh+ODqyBCUklER0VTVE9ORSBHT0xG[rn]
25-79837,aHR0cDovL3RzaG9wLnIxMHMuanAvZy16b25lL2NhYmluZXQvaXRlbTQ0LzMwMTk3OTAyMC0wMi5qcGc/Zml0aW49NzAwOjcwMA==,MjE2MC4wMDAw,,44K544Od44O844OE44O744Ki44Km44OI44OJ44KiID4g44K544Od44O844OE44Km44Kn44Ki44O744Ki44Kv44K744K144Oq44O8ID4g44K544Od44O844OE44K/44Kq44Or,44GK6LK344GE54mp44Oe44Op44K944OzIOODneOCpOODs+ODiOacgOWkpzM15YCN77yINS8yMCjlnJ8pIDIw77yaMDDvvZ7vvIkg4peH44K844Kv44K344KqIOODleOCp+OCpOOCueOCv+OCquODqyBHR0YtMzAzNjMg5LuK5rK744K/44Kq44Or44K744OD44OIIFhYSU8gMjAxNuW5tOe2mee2muODouODh+ODqw==,44K044Or44OVIOOCv+OCquODqyDjgq7jg5Xjg4gg44Kz44Oz44Oa55So5ZOB44CA,PGltZyBzcmM9Imh0dHA6Ly9pbWFnZS5yYWt1dGVuLmNvLmpwL2ctem9uZS9jYWJpbmV0L2thbmJhbi90b3JpeW9zZS5naWYiPjxicj4K4peP57Sg5p2Q77ya57a/MTAw77yFPGJyPgril4/jgrXjgqTjgrrvvJrntIQzNDDDlzgwMG1tPGJyPgril4/ljJbnsqfnrrHjgrXjgqTjgrrvvJoyMTbDlzMxOMOXNThtbTxicj4K4peP44Kr44Op44O877ya44Ob44Ov44Kk44OIL+OCteODg+OCr+OCuTxicj4K4peP5pel5pys6KO9PGJyPgo8YnI+PGJyPjxicj48YnI+PGRpdiBhbGlnbj0iY2VudGVyIj4KCjwhLS3jg5bjg6njg7Pjg4nkuIDopqctLT4KCgo8L2Rpdj4KCgo8RGl2IEFsaWduPSJsZWZ0Ij4KPCEtLeOCq+ODhuOCtOODquODvOOCpOODs+ODh+ODg+OCr+OCuS0tPgo8aW1nIHNyYz0iaHR0cDovL2ltYWdlLnJha3V0ZW4uY28uanAvZy16b25lL2NhYmluZXQvMDAyODQzMDMvMTIzMzMuZ2lmIj4KCjx0YWJsZT4KPCEtLeODnOODvOODq+eJuembhi0tPgo8dHI+PHRkIHdpdGg9Mzc5Pgo8aW1nIHNyYz0iaHR0cDovL2ltYWdlLnJha3V0ZW4uY28uanAvZy16b25lL2NhYmluZXQvYi9iYWxsdG9rLmpwZyIgYm9yZGVyPSIwIj48L3RkPgoKPCEtLeODqeOCpuODieODnuOCpuOCuS0tPgo8dGQgd2l0aD0zNzk+CjxpbWcgc3JjPSJodHRwOi8vaW1hZ2UucmFrdXRlbi5jby5qcC9nLXpvbmUvY2FiaW5ldC9iL2xtLWdvbGYuanBnIiBib3JkZXI9IjAiPjwvdGQ+CjwvdHI+CjwvdGFibGU+CgoKCjx0YWJsZT4KPCEtLeOCv+OCpOODiOODquOCueODiOeJuembhi0tPgo8dHI+PHRkIHdpdGg9Mzc5Pgo8aW1nIHNyYz0iaHR0cDovL2ltYWdlLnJha3V0ZW4uY28uanAvZy16b25lL2NhYmluZXQva2FuYmFuL3RpdGxlaXN0LmpwZyIgYm9yZGVyPSIwIj48L3RkPgoKPCEtLeOCouODieODn+ODqeODq+OCtOODq+ODlS0tPgo8dGQgd2l0aD0zNzk+CjxpbWcgc3JjPSJodHRwOi8vaW1hZ2UucmFrdXRlbi5jby5qcC9nLXpvbmUvY2FiaW5ldC9iL2FtLWdvbGYuanBnIiBib3JkZXI9IjAiPjwvdGQ+PC90cj4KPC90YWJsZT4KCgoKCjx0YWJsZT4KPCEtLeOBguOBmealvS0tPgo8dHI+PHRkIHdpdGg9MjUwPgo8aW1nIHNyYz0iaHR0cDovL2ltYWdlLnJha3V0ZW4uY28uanAvZy16b25lL2NhYmluZXQvYi9hc3VyYWt1X2IuZ2lmIiBib3JkZXI9IjAiPjwvdGQ+CiAKPCEtLVVTQSDnm7TooYzkvr8tLT4KPHRkIHdpdGg9MjUwPgo8aW1nIHNyYz0iaHR0cDovL2ltYWdlLnJha3V0ZW4uY28uanAvZy16b25lL2NhYmluZXQva2FuYmFuL3VzYS5qcGciIGJvcmRlcj0iMCI+PC90ZD4KCjwhLS3jgrbjg7vjg5Djg7zjgrLjg7MtLT4KPHRkIHdpdGg9MjUwPgo8aW1nIHNyYz0iaHR0cDovL2ltYWdlLnJha3V0ZW4uY28uanAvZy16b25lL2NhYmluZXQva2FuYmFuL3Rva2thLmpwZyIgYm9yZGVyPSIwIj4KPC90ZD4KPC90cj4KPC90YWJsZT4KCgo8dGFibGU+CjwhLS1wMTAtLT4KPHRyPjx0ZCB3aXRoPTM3OT4KPGltZyBzcmM9Imh0dHA6Ly9pbWFnZS5yYWt1dGVuLmNvLmpwL2ctem9uZS9jYWJpbmV0L2Ivcy1wMTAuZ2lmIiBib3JkZXI9IjAiPjwvdGQ+Cgo8IS0tVElNRSBTQUxFLS0+Cjx0ZCB3aXRoPTM3OT4KPGltZyBzcmM9Imh0dHA6Ly9pbWFnZS5yYWt1dGVuLmNvLmpwL2ctem9uZS9jYWJpbmV0LzAwMjg0MzAzL3RpbWUtMjAxNC5naWYiIGJvcmRlcj0iMCI+PC90ZD48L3RyPgo8L3RhYmxlPgo8YnI+Cjxicj4KPCEtLUbjgr7jg7zjg7MtLT4KPGltZyBzcmM9Imh0dHA6Ly9pbWFnZS5yYWt1dGVuLmNvLmpwL2ctem9uZS9jYWJpbmV0L2thbmJhbi9mem9uZS5qcGciIGJvcmRlcj0iMCI+PGJyPgoKCjwhLS3lupfoiJflrp/ms4EtLT48YnI+PGJyPgoKCjwhLS1odHRwOi8vaXRlbS5yYWt1dGVuLmNvLmpwL2ctem9uZS9jLzAwMDAwMDIyMjcvLS0+CjwhLS3mnIjplpPjgZTlpYnku5Xlk4EKPHRhYmxlPgo8dHI+PHRkIHdpdGg9Mzc5Pgo8aW1nIHNyYz0iaHR0cDovL2ltYWdlLnJha3V0ZW4uY28uanAvZy16b25lL2NhYmluZXQvYi9zLWdla2thbi0wMC5naWYiIGJvcmRlcj0iMCI+PC90cj4KPC90YWJsZT4tLT4KCgoKPCEtLee0jeacn+aDheWgseaWh+Wtl+OCteOCpOOCui0tPgo8c3R5bGUgVFlQRT0idGV4dC9jc3MiPgo8IS0tCnRkLmludmVudG9yeSBmb250e2ZvbnQtc2l6ZToxMHB4O2NvbG9yOiM2NjY2NjY7fQp0ZC5pbnZlbnRvcnl7d29yZC13cmFwOmJyZWFrLXdvcmQ7d2lkdGg6ODBweDt9Ci0tPgo8L3N0eWxlPg==,44GK6LK344GE54mp44Oe44Op44K944OzIOODneOCpOODs+ODiOacgOWkpzM15YCN77yINS8yMCjlnJ8pIDIw77yaMDDvvZ7vvIkg4peH44K844Kv44K344KqIOODleOCp+OCpOOCueOCv+OCquODqyBHR0YtMzAzNjMg5LuK5rK744K/44Kq44Or44K744OD44OIIFhYSU8gMjAxNuW5tOe2mee2muODouODh+ODq++8mkdaT05F44K044Or44OV,44Kt44Oj44Ot44Km44Kn44Kk44K044Or44OV44OI44Of44O844OS44Or44OV44Kj44Ks44O844K044Or44OV44Kr44OD44OR44K044Or44OV44Ki44Oz44OA44O844Ki44O844Oe44O844K044Or44OV44K044Or44OV44Oc44O844Or44Kq44O844Kv44Oq44O844K044Or44OV44Ki44OJ44Of44Op44Or44K044Or44OV44OK44Kk44Kt44K044Or44OV44Ki44OH44Kj44OA44K544K044Or44OV44Kq44OH44OD44K744Kk44OV44OD44OI44K444On44Kk44Op44Km44OJ44Oe44Km44K544K044Or44OV44K/44Kk44OI44Oq44K544OI44K044Or44OV57e057+S55So5ZOB44K044Or44OV44K344Ol44O844K644K044Or44OV44Km44Ko44Ki44Oh44Oz44K644Os44OH44Kj44O844K544K044Or44OV44Km44Ko44Ki44Oh44Oz44K6R1BT44K044Or44OV44OK44OT44K044Or44OV44Kv44Op44OW44K744OD44OI44Ko44OJ44Km44Kj44Oz44K044Or44OV44GK6LK344GE54mp44Oe44Op44K944OzIOODneOCpOODs+ODiOacgOWkpzM15YCN77yINS8yMCjlnJ8pIDIw77yaMDDvvZ7vvIkg4peH44K844Kv44K344KqIOODleOCp+OCpOOCueOCv+OCquODqyBHR0YtMzAzNjMg5LuK5rK744K/44Kq44Or44K744OD44OIIFhYSU8gMjAxNuW5tOe2mee2muODouODh+ODqw==,44K044Or44OVIOOCv+OCquODqyDjgq7jg5Xjg4gg44Kz44Oz44Oa55So5ZOB44CA44CC44GK6LK344GE54mp44Oe44Op44K944OzIOODneOCpOODs+ODiOacgOWkpzM15YCN77yINS8yMCjlnJ8pIDIw77yaMDDvvZ7vvIkg4peH44K844Kv44K344KqIOODleOCp+OCpOOCueOCv+OCquODqyBHR0YtMzAzNjMg5LuK5rK744K/44Kq44Or44K744OD44OIIFhYSU8gMjAxNuW5tOe2mee2muODouODh+ODqw==[rn]
25-79838,aHR0cDovL3RzaG9wLnIxMHMuanAvcHVyZXN1dG8vY2FiaW5ldC9jcm9zczI3L3R3ZzYzMS5qcGc/Zml0aW49NzAwOjcwMA==,MTYwMC4wMDAw,,44K544Od44O844OE44O744Ki44Km44OI44OJ44KiID4g44K544Od44O844OE44Km44Kn44Ki44O744Ki44Kv44K744K144Oq44O8ID4g44K544Od44O844OE44K/44Kq44Or,44CQ5Y2z57SN77yB44CR44OW44Oq44OC44K544OI44Oz44K044Or44OVIDIwMTflubTjg6Hjgrjjg6Pjg7zjgrPjg6zjgq/jgrfjg6fjg7Mg44K544Od44O844OE44K/44Kq44OrIFRXRzYzIFtCUklER0VTVE9ORSBHT0xGIE1BSk9SIENPTExFQ1RJT05d44CQ44GC44GZ5qW95a++5b+c44CR,44CQMjAxN+W5tOODouODh+ODq+OAkQ==,PGJyPgo8YnI+PHN0eWxlIHR5cGU9InRleHQvY3NzIj4KICAgIAogICAgYm9keXsKCiAgICAgICAgYmFja2dyb3VuZC1pbWFnZTogdXJsKCJodHRwczovL2ltYWdlLnJha3V0ZW4uY28uanAvcHVyZXN1dG8vY2FiaW5ldC8wMzg3NDA0MC9pbWdyYzAwNjgzOTkyODguanBnIik7CiAgICAgICAgYmFja2dyb3VuZC1yZXBlYXQ6IHJlcGVhdC15OwogICAgICAgIGJhY2tncm91bmQtYXR0YWNobWVudDogc2Nyb2xsOwogICAgICAgIGJhY2tncm91bmQtcG9zaXRpb246bGVmdAogICAgfQogICAKICAgIDwvc3R5bGU+CgoKPHN0eWxlIFRZUEU9InRleHQvY3NzIj4KPCEtLQp0ZC5pbnZlbnRvcnkgZm9udHtmb250LXNpemU6MTBweDtjb2xvcjojNUQ5OUZGO30KdGQuaW52ZW50b3J5e3dvcmQtd3JhcDpicmVhay13b3JkO3dpZHRoOjgwcHg7fQotLT4KPC9zdHlsZT4KCjwhLS1pb3Plr77lv5wtLT4KPHN0eWxlIHR5cGU9InRleHQvY3NzIj4KICAgIC5pZnJtLWNvbnRhaW5lciB7CiAgICAgIHdpZHRoOjk4MHB4OwogICAgICBoZWlnaHQ6NDAwcHg7CiAgICAgIG92ZXJmbG93OmF1dG87CiAgICAgIC13ZWJraXQtb3ZlcmZsb3ctc2Nyb2xsaW5nOnRvdWNoOwogICAgICBkaXNwbGF5OiBpbmxpbmUtYmxvY2s7CiAgICAgIG1hcmdpbjogMTBweDsKICAgIH0KCiAgICAuaWZybSB7CiAgICAgIHdpZHRoOjEwMCU7CiAgICAgIGhlaWdodDoxMDAlOwogICAgICBib3JkZXI6bm9uZTsKICAgICAgZGlzcGxheTpibG9jazsKICAgIH0KICA8L3N0eWxlPgo8IS0taW9z5a++5b+cLS0+CgoKCjwhLS0g5ZWG5ZOB44Oa44O844K444CO44OR44Oz44GP44Ga44CP44Kr44K544K/44Oe44Kk44K6LS0+CjxzdHlsZSB0eXBlPSJ0ZXh0L2NzcyI+CjwhLS0KdGQuc2R0ZXh0IHsKICAgIGZvbnQtZmFtaWx5OiDjg6HjgqTjg6rjgqo7CiAgICBmb250LXNpemU6IDExcHg7IC8q44OG44Kt44K544OI44Gu44K144Kk44K6Ki8KICAgIGJhY2tncm91bmQ6ICNmNGY0ZjQ7IC8q5YWo5L2T44Gu6IOM5pmv6ImyKi8KICAgIHBhZGRpbmc6IDRweDsKICAgIGJvcmRlci1yYWRpdXM6IDJweDsKICAgIGJvcmRlcjogMXB4IHNvbGlkICNlZWU7IC8q5p6g57eaKi8KfQp0ZC5zZHRleHQgYSB7CiAgICB0ZXh0LWRlY29yYXRpb246IG5vbmU7CiAgICBjb2xvcjogIzQ0NDsgLyrjg4bjgq3jgrnjg4jjga7oibIqLwogICAgZGlzcGxheTogaW5saW5lLWJsb2NrOwogICAgbWFyZ2luOiAwIDE2cHg7Cn0KCnRkLnNkdGV4dCBhOmhvdmVyIHsKdGV4dC1kZWNvcmF0aW9uOiB1bmRlcmxpbmU7Cn0KLS0+Cgo8IS0tCmEjcmNfcmlnaHRBcmVhIHsKIHdpZHRoOiA0NjRweDsgLyrnlLvlg4/jga7lhajkvZPluYUqLwogcG9zaXRpb246IGZpeGVkOwogdG9wOiAxMjBweDsKIHJpZ2h0OiAtMzg2cHg7IC8q44Oe44Km44K544KS5LmX44Gb44Gf5pmC44Gr5Ye644Gm44GP44KL5bmFKi8KIGRpc3BsYXk6IGlubGluZS1ibG9jazsKIHRyYW5zaXRpb246IGFsbCAuMnMgZWFzZTsKIHotaW5kZXg6IDk5OTk7Cn0KYSNyY19yaWdodEFyZWE6aG92ZXJ7CiByaWdodDogMDsKfQoKYSNyY19yaWdodEFyZWEyIHsKIHdpZHRoOiAxMzBweDsgLyrnlLvlg4/jga7lhajkvZPluYUqLwogcG9zaXRpb246IGZpeGVkOwogdG9wOiAzNTBweDsKIHJpZ2h0OiAtNXB4OyAvKuODnuOCpuOCueOCkuS5l+OBm+OBn+aZguOBq+WHuuOBpuOBj+OCi+W5hSovCiBkaXNwbGF5OiBpbmxpbmUtYmxvY2s7CiB0cmFuc2l0aW9uOiBhbGwgLjJzIGVhc2U7CiB6LWluZGV4OiA5OTk5Owp9CmEjcmNfcmlnaHRBcmVhMjpob3ZlcnsKIHJpZ2h0OiAwOwp9CQoJCmEjcmNfcmlnaHRBcmVhMyB7CiB3aWR0aDogMTMwcHg7IC8q55S75YOP44Gu5YWo5L2T5bmFKi8KIHBvc2l0aW9uOiBmaXhlZDsKIHRvcDogNDg1cHg7CiByaWdodDogLTVweDsgLyrjg57jgqbjgrnjgpLkuZfjgZvjgZ/mmYLjgavlh7rjgabjgY/jgovluYUqLwogZGlzcGxheTogaW5saW5lLWJsb2NrOwogdHJhbnNpdGlvbjogYWxsIC4ycyBlYXNlOwogei1pbmRleDogOTk5OTsKfQphI3JjX3JpZ2h0QXJlYTM6aG92ZXJ7CiByaWdodDogMDsKfQkKCQphI3JjX3JpZ2h0QXJlYTQgewogd2lkdGg6IDEzMHB4OyAvKueUu+WDj+OBruWFqOS9k+W5hSovCiBwb3NpdGlvbjogZml4ZWQ7CiB0b3A6IDYyMHB4OwogcmlnaHQ6IC01cHg7IC8q44Oe44Km44K544KS5LmX44Gb44Gf5pmC44Gr5Ye644Gm44GP44KL5bmFKi8KIGRpc3BsYXk6IGlubGluZS1ibG9jazsKIHRyYW5zaXRpb246IGFsbCAuMnMgZWFzZTsKIHotaW5kZXg6IDk5OTk7Cn0KYSNyY19yaWdodEFyZWE0OmhvdmVyewogcmlnaHQ6IDA7Cn0JCgkKYSNyY19yaWdodEFyZWE1IHsKIHdpZHRoOiAxMzBweDsgLyrnlLvlg4/jga7lhajkvZPluYUqLwogcG9zaXRpb246IGZpeGVkOwogdG9wOiA3NTVweDsKIHJpZ2h0OiAtNXB4OyAvKuODnuOCpuOCueOCkuS5l+OBm+OBn+aZguOBq+WHuuOBpuOBj+OCi+W5hSovCiBkaXNwbGF5OiBpbmxpbmUtYmxvY2s7CiB0cmFuc2l0aW9uOiBhbGwgLjJzIGVhc2U7CiB6LWluZGV4OiA5OTk5Owp9CmEjcmNfcmlnaHRBcmVhNTpob3ZlcnsKIHJpZ2h0OiAwOwp9CQoJCmEjcmNfbGVmdEFyZWEgewogd2lkdGg6IDEyMHB4OyAvKueUu+WDj+OBruWFqOS9k+W5hSovCiBwb3NpdGlvbjogZml4ZWQ7CiBib3R0b206IDBweDsKIGxlZnQ6IDBweDsgLyrjg57jgqbjgrnjgpLkuZfjgZvjgZ/mmYLjgavlh7rjgabjgY/jgovluYUqLwogZGlzcGxheTogaW5saW5lLWJsb2NrOwogdHJhbnNpdGlvbjogYWxsIC4ycyBlYXNlOwogei1pbmRleDogOTk5OTsKfQphI3JjX2xlZnRBcmVhOmhvdmVyewogbGVmdDogMDsKfQkKCi0tPgoKPC9zdHlsZT4KCgoKPGltZyBzcmM9Imh0dHA6Ly93d3cucmFrdXRlbi5jby5qcC9jb20vaW1nL2hvbWUvdC5naWYiIGJvcmRlcj0iMCIgd2lkdGg9Ijk4MCIgaGVpZ2h0PSIxIj4KCgo8ZGl2IGlkPSJuaWdpd2FpIj4KPGRpdiBjbGFzcz0iaWZybS1jb250YWluZXIiPgoKCjwvZGl2PjwvZGl2Pgo8YnI+Cgo8YnI+Cjxicj4KPGJyPjxicj4KCgo8aW1nIHNyYz0iaHR0cDovL2ltYWdlLnJha3V0ZW4uY28uanAvcHVyZXN1dG8vY2FiaW5ldC8wMzg3NDA0MC9pbWdyYzAwNjcyMjQ5MTguanBnIiAvPgoKPCEtLQo8aW1nIHNyYz0iaHR0cDovL2ltYWdlLnJha3V0ZW4uY28uanAvcHVyZXN1dG8vY2FiaW5ldC8wMzg3NDA0MC9pbWdyYzAwNjcyMjkwMDQuanBnIiAvPgoKCjxpbWcgc3JjPSJodHRwOi8vaW1hZ2UucmFrdXRlbi5jby5qcC9wdXJlc3V0by9jYWJpbmV0LzAzODc0MDQwL2ltZ3JjMDA2NzIyOTAwNS5qcGciIC8+CgoKPGltZyBzcmM9Imh0dHA6Ly9pbWFnZS5yYWt1dGVuLmNvLmpwL3B1cmVzdXRvL2NhYmluZXQvMDM4NzQwNDAvaW1ncmMwMDY3MjI5MDA2LmpwZyIgLz4KCgo8aW1nIHNyYz0iaHR0cDovL2ltYWdlLnJha3V0ZW4uY28uanAvcHVyZXN1dG8vY2FiaW5ldC8wMzg3NDA0MC9pbWdyYzAwNjcyMjkwMDcuanBnIiAvPgotLT4KCgoKCjxpbWcgc3JjPSJodHRwOi8vaW1hZ2UucmFrdXRlbi5jby5qcC9wdXJlc3V0by9jYWJpbmV0LzAzODc0MDQwL2ltZ3JjMDA2ODE3MjI4Ny5naWYiIC8+CgoKCgo8c3R5bGUgdHlwZT0idGV4dC9jc3MiPgoJI3NhbXBsZTJfMSB7CiBwYWRkaW5nOjIwcHggMTBweCAwcHggMTBweDsKICAgYmFja2dyb3VuZDojRkZGRkZGOwogd2lkdGg6MTAwJTsKIGhlaWdodDo0NXB4Owp9CiNzYW1wbGUyXzEgLnRleHQgewogZmxvYXQ6bGVmdDsKIHdpZHRoOjIxMnB4OwogaGVpZ2h0OjMwcHg7CiBib3JkZXI6NXB4IHNvbGlkICNDQ0M7CiBib3JkZXItcmFkaXVzOjIwcHg7CiB0ZXh0LWluZGVudDoxMHB4OwogbWFyZ2luLXJpZ2h0OjVweDsKIAp9CiNzYW1wbGUyXzEgLmJ0biB7CiBmbG9hdDpsZWZ0Owp9CiAKI3NhbXBsZTJfMSBpbnB1dCB7CiBmbG9hdDpsZWZ0OwogaGVpZ2h0OjMwcHg7CiBib3JkZXI6NXB4IHNvbGlkICNDQ0M7CiB0ZXh0LWluZGVudDoxMHB4OwogbWFyZ2luLXJpZ2h0OjVweDsKfQojc2FtcGxlMl8xIHNlbGVjdCB7CiBmbG9hdDpsZWZ0OwogaGVpZ2h0OjQwcHg7CiBib3JkZXI6NXB4IHNvbGlkICNDQ0M7CiB0ZXh0LWluZGVudDoxMHB4OwogbWFyZ2luLXJpZ2h0OjVweDsKIGJhY2tncm91bmQtY29sb3I6I2NjYzsKIGNvbG9yOiNmZmY7Cn0KI3NhbXBsZTJfMSAudGV4dDEgewogd2lkdGg6MjEwcHg7Cn0KI3NhbXBsZTJfMSAudGV4dDIgewogd2lkdGg6MTUwcHg7Cn0KI3NhbXBsZTJfMSAudGV4dDMgewogbWFyZ2luLXJpZ2h0OjA7CiB3aWR0aDoxMTBweDsKfQojc2FtcGxlMl8xIC50ZXh0NCB7CiB3aWR0aDoxMTBweDsKfQojc2FtcGxlMl8xIC5zZWxlY3QxIHsKIHdpZHRoOjEyMHB4OwogdGV4dC1pbmRlbnQ6NXB4Owp9CiNzYW1wbGUyXzEgLnNlbGVjdDJ7CiB3aWR0aDoxMjBweDsKIHRleHQtaW5kZW50OjVweDsKfQojc2FtcGxlMl8xIC50ZXh0MyArIHNwYW57CiBkaXNwbGF5OmJsb2NrOwogd2lkdGg6MzBweDsKIGhlaWdodDo0MHB4OwogbGluZS1oZWlnaHQ6NDBweDsKIHRleHQtYWxpZ246Y2VudGVyOwogZmxvYXQ6bGVmdDsKfQojc2FtcGxlMl8xIC5idG4gewogbWFyZ2luLXJpZ2h0OjA7CiB3aWR0aDoxMTVweDsKIGhlaWdodDo0MHB4OwogZmxvYXQ6bGVmdDsKIGJvcmRlcjpub25lOwp9CgkKCQo8L3N0eWxlPgoKCjxkaXYgaWQ9InNhbXBsZTJfMSIgc3R5bGU9InBvc2l0aW9uOmZpeGVkOyB0b3A6NDA7IGxlZnQ6MDsiPgogCgogCjwvZGl2Pg==,44CQ5Y2z57SN77yB44CR44OW44Oq44OC44K544OI44Oz44K044Or44OVIDIwMTflubTjg6Hjgrjjg6Pjg7zjgrPjg6zjgq/jgrfjg6fjg7Mg44K544Od44O844OE44K/44Kq44OrIFRXRzYzIFtCUklER0VTVE9ORSBHT0xGIE1BSk9SIENPTExFQ1RJT05d44CQ44GC44GZ5qW95a++5b+c44CR77ya44K044Or44OV44CA44OX44Os44K544OI,44OG44O844Op44O844Oh44Kk44OJ44Kt44Oj44Ot44Km44Kn44Kk44K/44Kk44OI44Oq44K544OI44Of44K644OO44OA44Oz44Ot44OD44OX44K844Kv44K344KqWFhJT+ODleODg+ODiOOCuOODp+OCpOODluODquODguOCueODiOODs+ODl+ODvOODnuODieODqeOCpOODkOODvOODleOCp+OCouOCpuOCp+OCpOOCpuODg+ODieOCouOCpOOCouODs+ODkeOCv+ODvOOAkOWNs+e0je+8geOAkeODluODquODguOCueODiOODs+OCtOODq+ODlSAyMDE35bm044Oh44K444Oj44O844Kz44Os44Kv44K344On44OzIOOCueODneODvOODhOOCv+OCquODqyBUV0c2MyBbQlJJREdFU1RPTkUgR09MRiBNQUpPUiBDT0xMRUNUSU9OXeOAkOOBguOBmealveWvvuW/nOOAkQ==,44CQMjAxN+W5tOODouODh+ODq+OAkeOAguOAkOWNs+e0je+8geOAkeODluODquODguOCueODiOODs+OCtOODq+ODlSAyMDE35bm044Oh44K444Oj44O844Kz44Os44Kv44K344On44OzIOOCueODneODvOODhOOCv+OCquODqyBUV0c2MyBbQlJJREdFU1RPTkUgR09MRiBNQUpPUiBDT0xMRUNUSU9OXeOAkOOBguOBmealveWvvuW/nOOAkQ==[rn]
25-79839,aHR0cDovL3RzaG9wLnIxMHMuanAvYWR2YW5jZXNwb3J0cy9jYWJpbmV0L2R1bmxvcC9nb29kcy9nZ2YtMDcxMDUtMi0xLmdpZj9maXRpbj03MDA6NzAw,NDQ4LjAwMDA=,,44K544Od44O844OE44O744Ki44Km44OI44OJ44KiID4g44K044Or44OVID4g44Op44Km44Oz44OJ55So5ZOB44O75bCP54mpID4g44Oe44O844Kr44O844O744OP44OD44OI44Kv44Oq44OD44OX,44OA44Oz44Ot44OD44OXIERJU05FWSAt44OH44Kj44K644OL44O8LSDjg4Hjg4Pjg5fjg57jg7zjgqvjg7zjgJBHR0YtMDcxMDXjgJE=,44CQMjAxN+W5tOaYpeWkj+ODouODh+ODqyEh44CR,PGltZyBzcmM9Imh0dHA6Ly9pbWFnZS5yYWt1dGVuLmNvLmpwL2FkdmFuY2VzcG9ydHMvY2FiaW5ldC9kdW5sb3AvZ29vZHMvZ2dmLTA3MTA1LTEtMS5naWYiPjxicj4KCjxpbWcgc3JjPSJodHRwOi8vaW1hZ2UucmFrdXRlbi5jby5qcC9hZHZhbmNlc3BvcnRzL2NhYmluZXQvaW1ncmMwMDY1NzE1NDI2LmdpZiI+PGJyPgoKPGltZyBzcmM9Imh0dHA6Ly9pbWFnZS5yYWt1dGVuLmNvLmpwL2FkdmFuY2VzcG9ydHMvY2FiaW5ldC90b3JpeW9zZS5naWYiPgo8Zm9udCBjb2xvcj0icmVkInNpemU9IjMiPuOBk+OBoeOCieOBr+ODoeODvOOCq+ODvOWPluOCiuWvhOOBm+WTgeOBp+OBlOOBluOBhOOBvuOBmeOAgjxicj4K44GK5bGK44GR44G+44Gn44GK5pmC6ZaT44KS44GE44Gf44Gg44GN44G+44GZ44Gu44GnPGJyPuOBguOCieOBi+OBmOOCgeOBlOS6huaJv+OBj+OBoOOBleOBhOOAgjwvZm9udD48c3R5bGUgdHlwZT0idGV4dC9jc3MiPgo8IS0tCmJvZHl7CgogICAgIGJhY2tncm91bmQtaW1hZ2U6IHVybCgiIik7CiAgICAgYmFja2dyb3VuZC1yZXBlYXQ6IHJlcGVhdC15OwogICAgIGJhY2tncm91bmQtYXR0YWNobWVudDogc2Nyb2xsOwogICAgIGJhY2tncm91bmQtcG9zaXRpb246cmlnaHQKfQotLT4KPC9zdHlsZT4gCgo8c3R5bGUgdHlwZT0idGV4dC9jc3MiPgo8IS0tCnRkLmludmVudG9yeSBmb250e2ZvbnQtc2l6ZToxMHB4O2NvbG9yOiM2NjY2NjY7fQotLT4KPC9zdHlsZT4=,44OA44Oz44Ot44OD44OXIERJU05FWSAt44OH44Kj44K644OL44O8LSDjg4Hjg4Pjg5fjg57jg7zjgqvjg7zjgJBHR0YtMDcxMDXjgJHvvJrjgqLjg4njg5Djg7Pjgrnjgrnjg53jg7zjg4Q=,44OA44Oz44Ot44OD44OXIERJU05FWSAt44OH44Kj44K644OL44O8LSDjg4Hjg4Pjg5fjg57jg7zjgqvjg7zjgJBHR0YtMDcxMDXjgJE=,44CQMjAxN+W5tOaYpeWkj+ODouODh+ODqyEh44CR44CC44OA44Oz44Ot44OD44OXIERJU05FWSAt44OH44Kj44K644OL44O8LSDjg4Hjg4Pjg5fjg57jg7zjgqvjg7zjgJBHR0YtMDcxMDXjgJE=[rn]
25-79840,aHR0cDovL3RzaG9wLnIxMHMuanAvYW5uZXhzcC9jYWJpbmV0L2l0ZW0yMi9nZ2YtMzUxOTUuanBnP2ZpdGluPTcwMDo3MDA=,MjU4NS42MDAw,,44K544Od44O844OE44O744Ki44Km44OI44OJ44KiID4g44K044Or44OVID4g44Op44Km44Oz44OJ55So5ZOB44O75bCP54mpID4g44Oe44O844Kr44O844O744OP44OD44OI44Kv44Oq44OD44OX,4peP6YCB5paZ54Sh5paZ77yBIOKXh1NSSVhPTuKYhkRJU05FWSDjgrnjg6rjgq/jgr3jg7Mg44OH44Kj44K644OL44O8IOODmuODs+ODgOODs+ODiOODnuODvOOCq+ODvCBHR0YtMzUxOTUg44Os44OH44Kj44O844K5IDIwMTblubTntpnntprjg6Ljg4fjg6s=,4piF44GC44KM44KC44GT44KM44KC5YWo5ZOB6YCB5paZ54Sh5paZ77yB,PGltZyBzcmM9Imh0dHA6Ly9pbWFnZS5yYWt1dGVuLmNvLmpwL2ctem9uZS9jYWJpbmV0L2l0ZW0yMi9nZ2YtMzUxOTVfNC5qcGciPjxicj48YnI+4peP57Sg5p2Q77ya44OB44Kn44O844Oz77yI44K544OG44Oz44Os44K5MzE2L+ODi+ODg+OCseODq+ODoeODg+OCre+8ieOAgTxicj4K44CA44CA44CA44CA44CA44OI44OD44OX77yI6YmEL+ODi+ODg+OCseODq+ODoeODg+OCrS/jgqLjgq/jg6rjg6vmqLnohILvvIk8YnI+CuOAgOOAgOOAgOOAgOOAgOODnuODvOOCq+ODvO+8iOmJhC/jg4vjg4PjgrHjg6vjg6Hjg4Pjgq0v44Ki44Kv44Oq44Or5qi56ISC77yJPGJyPgril4/jg5Hjg4PjgrHjg7zjgrjjgrXjgqTjgrrvvJoxNjDDlzU1bW08YnI+PGJyPgo8aW1nIHNyYz0iaHR0cDovL2ltYWdlLnJha3V0ZW4uY28uanAvYW5uZXhzcC9jYWJpbmV0L2thbmJhbi90b3JpeW9zZS5naWYiPgo8YnI+PGJyPjxjZW50ZXI+Cgo8IS0t44GK55+l44KJ44GbLS0+Cgo8YnI+Cgo8IS0t44Oh44O844Or5L6/44OQ44OK44O8LS0+Cgo8aW1nIHNyYz0iaHR0cDovL2ltYWdlLnJha3V0ZW4uY28uanAvYW5uZXhzcC9jYWJpbmV0LzAyOTY5Mjg1Lzk2MjVvcmpwLmdpZiIgd2lkdGgtIjc1MCIgYm9yZGVyPSIwIj48YnI+Cgo8ZGl2IHN0eWxlPSJ3aWR0aDo3NTBweDsiPgoKCjwvZGl2Pgo8Y2VudGVyPgo8IS0t5qKx5YyF5pa55rOVLS0+CjxpbWcgc3JjPSJodHRwOi8vaW1hZ2UucmFrdXRlbi5jby5qcC9hbm5leHNwL2NhYmluZXQvMDI5NjkyODUvZWNvLWFubmV4LXIuZ2lmIiBib3JkZXI9IjAiPgo8L2NlbnRlcj4KCgoKPCEtLee0jeacn+aDheWgseaWh+Wtl+OCteOCpOOCui0tPgo8c3R5bGUgVFlQRT0idGV4dC9jc3MiPgo8IS0tCnRkLmludmVudG9yeSBmb250e2ZvbnQtc2l6ZToxMHB4O2NvbG9yOiM2NjY2NjY7fQp0ZC5pbnZlbnRvcnl7d29yZC13cmFwOmJyZWFrLXdvcmQ7d2lkdGg6ODBweDt9Ci0tPgo8L3N0eWxlPgoKPCEtLeKXjy0tPgo8ZGl2IHN0eWxlPSJtYXJnaW4tdG9wOjE1MHB4OyI+PC9kaXY+CjxkaXYgY2xhc3M9ImZvb3Rlcl9vYmkiPgo8ZGl2IGFsaWduPSJjZW50ZXIiPjxpbWcgc3JjPSJodHRwczovL2ltYWdlLnJha3V0ZW4uY28uanAvYW5uZXhzcC9jYWJpbmV0L2thbmJhbi9tYXJhdGhvbl8xMDAwLmdpZiIgPjwvZGl2Pgo8L2Rpdj4KPGRpdiBzdHlsZT0iY2xlYXI6Ym90aCI+PC9kaXY+CgoKPCEtLeWPs+OBrue4puW4r+Wni+OBvuOCii0tPgoKCjxsaW5rIGhyZWY9Imh0dHA6Ly93d3cucmFrdXRlbi5uZS5qcC9nb2xkL2FubmV4c3Avc3R5bGVzaGVldHMvMjAxNGFubmV4c3Atc2lkZXNwczE0NjE2LmNzcyIgbWVkaWE9ImFsbCIgcmVsPSJzdHlsZXNoZWV0IiB0eXBlPSJ0ZXh0L2NzcyI+Cgo8IS0t5Y+z44OQ44OK44O8LS0+CjxkaXYgaWQ9ImZpeGVkIj4KCjwvZGl2Pgo8IS0t44GT44GT44G+44GnLS0+CgoKPHN0eWxlIHR5cGU9InRleHQvY3NzIj4KLmZvb3Rlcl9vYmkgewoJYmFja2dyb3VuZDogIzAwYTBlOSBub25lIHJlcGVhdCBzY3JvbGwgMCUgMCU7Cglwb3NpdGlvbjogZml4ZWQ7Cgl6LWluZGV4OiA5OTk7CglsZWZ0OiAwcHg7Cglib3R0b206IDBweDsKCW9wYWNpdHk6IDAuOTsKCXBhZGRpbmc6IDBweCAwcHg7CglkaXNwbGF5OiBibG9jazsKCWNvbG9yOiAjRkZGOwoJd2lkdGg6MTAwJTsKfQouZm9vdGVyX29iaSBpbWcgewoJd2lkdGg6MTAwMHB4Owp9Cjwvc3R5bGU+,4peP6YCB5paZ54Sh5paZ77yBIOKXh1NSSVhPTuKYhkRJU05FWSDjgrnjg6rjgq/jgr3jg7Mg44OH44Kj44K644OL44O8IOODmuODs+ODgOODs+ODiOODnuODvOOCq+ODvCBHR0YtMzUxOTUg44Os44OH44Kj44O844K5IDIwMTblubTntpnntprjg6Ljg4fjg6vvvJrjgqLjg43jg4Pjgq/jgrnjgrnjg53jg7zjg4Q=,44K544Od44O844OEIOOCouOCpuODiOODieOCouOCtOODq+ODleeUqOWTgeOCpOODs+ODiuODvOOCr+ODqeODluOCtOODq+ODleODnOODvOODq+OCouOCpOOCouODs+OCtOODq+ODleOCt+ODpeODvOOCuuOCreODo+ODreOCpuOCp+OCpOOCouODh+OCo+ODgOOCueODiuOCpOOCreODl+ODvOODnuODkuODpeODs+ODoeODq+ODgOODs+OCueOCreODs+OCouODs+ODgOODvOOCouODvOODnuODvOOCquODi+ODhOOCq+OCv+OCpOOCrOODvOOCv+OCpOOCtOODs+OCuOODo+ODvOOCuOODquODvOODnOODg+OCr+ODq+OCs+ODg+OCr+KXj+mAgeaWmeeEoeaWme+8gSDil4dTUklYT07imIZESVNORVkg44K544Oq44Kv44K944OzIOODh+OCo+OCuuODi+ODvCDjg5rjg7Pjg4Djg7Pjg4jjg57jg7zjgqvjg7wgR0dGLTM1MTk1IOODrOODh+OCo+ODvOOCuSAyMDE25bm057aZ57aa44Oi44OH44Or,4piF44GC44KM44KC44GT44KM44KC5YWo5ZOB6YCB5paZ54Sh5paZ77yB44CC4peP6YCB5paZ54Sh5paZ77yBIOKXh1NSSVhPTuKYhkRJU05FWSDjgrnjg6rjgq/jgr3jg7Mg44OH44Kj44K644OL44O8IOODmuODs+ODgOODs+ODiOODnuODvOOCq+ODvCBHR0YtMzUxOTUg44Os44OH44Kj44O844K5IDIwMTblubTntpnntprjg6Ljg4fjg6s=[rn]
25-79841,aHR0cDovL3RzaG9wLnIxMHMuanAvYW5uZXhzcC9jYWJpbmV0L2l0ZW0xNy9nZ2YtMzAzMzMuanBnP2ZpdGluPTcwMDo3MDA=,MjIxNS4yMDAw,,44K544Od44O844OE44O744Ki44Km44OI44OJ44KiID4g44K044Or44OVID4g44Op44Km44Oz44OJ55So5ZOB44O75bCP54mpID4g44Oe44O844Kr44O844O744OP44OD44OI44Kv44Oq44OD44OX,4peP6YCB5paZ54Sh5paZ77yBIOKXh1NSSVhPTuOAgOOCueODquOCr+OCveODs+OAgOODmuODs+ODgOODs+ODiOODnuODvOOCq+ODvOOAgEdHRi0zMDMzM+OAgOKYhuODrOODh+OCo+ODvOOCueKYhg==,4piF44GC44KM44KC44GT44KM44KC5YWo5ZOB6YCB5paZ54Sh5paZ77yB,PGltZyBzcmM9Imh0dHA6Ly9pbWFnZS5yYWt1dGVuLmNvLmpwL2ctem9uZS9jYWJpbmV0L2l0ZW0xNy9nZ2YtMzAzMzNfNC5qcGciPjxicj48YnI+4peP57Sg5p2Q77ya44OB44Kn44O844Oz4oCm44K544OG44Oz44Os44K5MzE2KOODi+ODg+OCseODq+ODoeODg+OCrSk8YnI+CuOAgOOAgOOAgOOAgOOAgOODiOODg+ODl+KApumJhCjjg4vjg4PjgrHjg6vjg6Hjg4Pjgq0pPGJyPgrjgIDjgIDjgIDjgIDjgIDjg57jg7zjgqvjg7zigKbpiYQv44Ki44Kv44Oq44Or77yI44OL44OD44Kx44Or44Oh44OD44Kt77yJPGJyPgril4/jgqvjg6njg7zvvJrjg5Tjg7Pjgq/jgIHjg5vjg6/jgqTjg4g8YnI+CuKXj+iii+OCteOCpOOCuu+8mjE2NcOXNTVtbTxicj4K4pePTUFEReOAgElO44CAQ0hJTkE8YnI+PGJyPgo8aW1nIHNyYz0iaHR0cDovL2ltYWdlLnJha3V0ZW4uY28uanAvYW5uZXhzcC9jYWJpbmV0L2thbmJhbi90b3JpeW9zZS5naWYiPjxjZW50ZXI+Cgo8IS0t44GK55+l44KJ44GbLS0+Cgo8YnI+Cgo8IS0t44Oh44O844Or5L6/44OQ44OK44O8LS0+Cgo8aW1nIHNyYz0iaHR0cDovL2ltYWdlLnJha3V0ZW4uY28uanAvYW5uZXhzcC9jYWJpbmV0LzAyOTY5Mjg1Lzk2MjVvcmpwLmdpZiIgd2lkdGgtIjc1MCIgYm9yZGVyPSIwIj48YnI+Cgo8ZGl2IHN0eWxlPSJ3aWR0aDo3NTBweDsiPgoKCjwvZGl2Pgo8Y2VudGVyPgo8IS0t5qKx5YyF5pa55rOVLS0+CjxpbWcgc3JjPSJodHRwOi8vaW1hZ2UucmFrdXRlbi5jby5qcC9hbm5leHNwL2NhYmluZXQvMDI5NjkyODUvZWNvLWFubmV4LXIuZ2lmIiBib3JkZXI9IjAiPgo8L2NlbnRlcj4KCgoKPCEtLee0jeacn+aDheWgseaWh+Wtl+OCteOCpOOCui0tPgo8c3R5bGUgVFlQRT0idGV4dC9jc3MiPgo8IS0tCnRkLmludmVudG9yeSBmb250e2ZvbnQtc2l6ZToxMHB4O2NvbG9yOiM2NjY2NjY7fQp0ZC5pbnZlbnRvcnl7d29yZC13cmFwOmJyZWFrLXdvcmQ7d2lkdGg6ODBweDt9Ci0tPgo8L3N0eWxlPgoKPCEtLeKXjy0tPgo8ZGl2IHN0eWxlPSJtYXJnaW4tdG9wOjE1MHB4OyI+PC9kaXY+CjxkaXYgY2xhc3M9ImZvb3Rlcl9vYmkiPgo8ZGl2IGFsaWduPSJjZW50ZXIiPjxpbWcgc3JjPSJodHRwczovL2ltYWdlLnJha3V0ZW4uY28uanAvYW5uZXhzcC9jYWJpbmV0L2thbmJhbi9tYXJhdGhvbl8xMDAwLmdpZiIgPjwvZGl2Pgo8L2Rpdj4KPGRpdiBzdHlsZT0iY2xlYXI6Ym90aCI+PC9kaXY+CgoKPCEtLeWPs+OBrue4puW4r+Wni+OBvuOCii0tPgoKCjxsaW5rIGhyZWY9Imh0dHA6Ly93d3cucmFrdXRlbi5uZS5qcC9nb2xkL2FubmV4c3Avc3R5bGVzaGVldHMvMjAxNGFubmV4c3Atc2lkZXNwczE0NjE2LmNzcyIgbWVkaWE9ImFsbCIgcmVsPSJzdHlsZXNoZWV0IiB0eXBlPSJ0ZXh0L2NzcyI+Cgo8IS0t5Y+z44OQ44OK44O8LS0+CjxkaXYgaWQ9ImZpeGVkIj4KCjwvZGl2Pgo8IS0t44GT44GT44G+44GnLS0+CgoKPHN0eWxlIHR5cGU9InRleHQvY3NzIj4KLmZvb3Rlcl9vYmkgewoJYmFja2dyb3VuZDogIzAwYTBlOSBub25lIHJlcGVhdCBzY3JvbGwgMCUgMCU7Cglwb3NpdGlvbjogZml4ZWQ7Cgl6LWluZGV4OiA5OTk7CglsZWZ0OiAwcHg7Cglib3R0b206IDBweDsKCW9wYWNpdHk6IDAuOTsKCXBhZGRpbmc6IDBweCAwcHg7CglkaXNwbGF5OiBibG9jazsKCWNvbG9yOiAjRkZGOwoJd2lkdGg6MTAwJTsKfQouZm9vdGVyX29iaSBpbWcgewoJd2lkdGg6MTAwMHB4Owp9Cjwvc3R5bGU+,4peP6YCB5paZ54Sh5paZ77yBIOKXh1NSSVhPTuOAgOOCueODquOCr+OCveODs+OAgOODmuODs+ODgOODs+ODiOODnuODvOOCq+ODvOOAgEdHRi0zMDMzM+OAgOKYhuODrOODh+OCo+ODvOOCueKYhu+8muOCouODjeODg+OCr+OCueOCueODneODvOODhA==,44K544Od44O844OEIOOCouOCpuODiOODieOCouOCtOODq+ODleeUqOWTgeOCpOODs+ODiuODvOOCr+ODqeODluOCtOODq+ODleODnOODvOODq+OCouOCpOOCouODs+OCtOODq+ODleOCt+ODpeODvOOCuuOCreODo+ODreOCpuOCp+OCpOOCouODh+OCo+ODgOOCueODiuOCpOOCreODl+ODvOODnuODkuODpeODs+ODoeODq+ODgOODs+OCueOCreODs+OCouODs+ODgOODvOOCouODvOODnuODvOOCquODi+ODhOOCq+OCv+OCpOOCrOODvOOCv+OCpOOCtOODs+OCuOODo+ODvOOCuOODquODvOODnOODg+OCr+ODq+OCs+ODg+OCr+KXj+mAgeaWmeeEoeaWme+8gSDil4dTUklYT07jgIDjgrnjg6rjgq/jgr3jg7PjgIDjg5rjg7Pjg4Djg7Pjg4jjg57jg7zjgqvjg7zjgIBHR0YtMzAzMzPjgIDimIbjg6zjg4fjgqPjg7zjgrnimIY=,4piF44GC44KM44KC44GT44KM44KC5YWo5ZOB6YCB5paZ54Sh5paZ77yB44CC4peP6YCB5paZ54Sh5paZ77yBIOKXh1NSSVhPTuOAgOOCueODquOCr+OCveODs+OAgOODmuODs+ODgOODs+ODiOODnuODvOOCq+ODvOOAgEdHRi0zMDMzM+OAgOKYhuODrOODh+OCo+ODvOOCueKYhg==[rn]
25-79842,aHR0cDovL3RzaG9wLnIxMHMuanAvYWR2YW5jZXNwb3J0cy9jYWJpbmV0L2R1bmxvcC9nb29kcy9nZ2YtMDYxMjVuLTIuZ2lmP2ZpdGluPTcwMDo3MDA=,Mzg0LjAwMDA=,,44K544Od44O844OE44O744Ki44Km44OI44OJ44KiID4g44K044Or44OVID4g44Op44Km44Oz44OJ55So5ZOB44O75bCP54mpID4g44Oe44O844Kr44O844O744OP44OD44OI44Kv44Oq44OD44OX,44OA44Oz44Ot44OD44OX44CAU1JJWE9Ow5dEaXNuZXkgLeOCueODquOCr+OCveODsy3jg4Hjg4Pjg5fjg57jg7zjgqvjg7zjgJBHR0YtMDYxMjXjgJE=,44CQMjAxNuW5tE5FV+OCq+ODqeODvCEh44CR,PGltZyBzcmM9Imh0dHA6Ly9pbWFnZS5yYWt1dGVuLmNvLmpwL2FkdmFuY2VzcG9ydHMvY2FiaW5ldC9kdW5sb3AvZ29vZHMvZ2dmLTA2MTI1bi0xLmdpZiI+PGJyPgoKPGltZyBzcmM9Imh0dHA6Ly9pbWFnZS5yYWt1dGVuLmNvLmpwL2FkdmFuY2VzcG9ydHMvY2FiaW5ldC9pbWdyYzAwNjU3MTU0MjYuZ2lmIj48YnI+Cgo8YnI+PGltZyBzcmM9Imh0dHA6Ly9pbWFnZS5yYWt1dGVuLmNvLmpwL2FkdmFuY2VzcG9ydHMvY2FiaW5ldC90b3JpeW9zZS5naWYiPgoKCgo8Zm9udCBjb2xvcj0icmVkInNpemU9IjMiPgrjgZPjgaHjgonjga/jg6Hjg7zjgqvjg7zlj5bjgorlr4TjgZvllYblk4HjgafjgZTjgZbjgYTjgb7jgZnjgII8YnI+CuOBlOazqOaWh+OBruOCv+OCpOODn+ODs+OCsOOBq+OCiOOCiuOBvuOBl+OBpuOBr+OAgeWcqOW6q+WujOWjsuOBruOBn+OCgTxicj4K44GK5bGK44GR44GM44Gn44GN44Gq44GE5Y+v6IO95oCn44GM44GU44GW44GE44G+44GZ44CCCjxicj7jgYLjgonjgYvjgZjjgoHjgZTkuobmib/jgY/jgaDjgZXjgYTjgb7jgZvjgII8YnI+CuOCr+ODreODjeOCs0RN5L6/44Gv44GK5bGK44GR5pel44Gu5oyH5a6a44CB5Luj6YeR5byV5o+b44Go44Gu5L2155So44GMPGJyPgrjgafjgY3jgb7jgZvjgpPjga7jgafjgYLjgonjgYvjgZjjgoHjgZTkuobmib/jgY/jgaDjgZXjgYTjgIIgCjwvZm9udD48c3R5bGUgdHlwZT0idGV4dC9jc3MiPgo8IS0tCmJvZHl7CgogICAgIGJhY2tncm91bmQtaW1hZ2U6IHVybCgiIik7CiAgICAgYmFja2dyb3VuZC1yZXBlYXQ6IHJlcGVhdC15OwogICAgIGJhY2tncm91bmQtYXR0YWNobWVudDogc2Nyb2xsOwogICAgIGJhY2tncm91bmQtcG9zaXRpb246cmlnaHQKfQotLT4KPC9zdHlsZT4gCgo8c3R5bGUgdHlwZT0idGV4dC9jc3MiPgo8IS0tCnRkLmludmVudG9yeSBmb250e2ZvbnQtc2l6ZToxMHB4O2NvbG9yOiM2NjY2NjY7fQotLT4KPC9zdHlsZT4=,44OA44Oz44Ot44OD44OX44CAU1JJWE9OJnRpbWVzO0Rpc25leSAt44K544Oq44Kv44K944OzLeODgeODg+ODl+ODnuODvOOCq+ODvOOAkEdHRi0wNjEyNeOAke+8muOCouODieODkOODs+OCueOCueODneODvOODhA==,44OA44Oz44Ot44OD44OX44CAU1JJWE9OJnRpbWVzO0Rpc25leSAt44K544Oq44Kv44K944OzLeODgeODg+ODl+ODnuODvOOCq+ODvOOAkEdHRi0wNjEyNeOAkQ==,44CQMjAxNuW5tE5FV+OCq+ODqeODvCEh44CR44CC44OA44Oz44Ot44OD44OX44CAU1JJWE9OJnRpbWVzO0Rpc25leSAt44K544Oq44Kv44K944OzLeODgeODg+ODl+ODnuODvOOCq+ODvOOAkEdHRi0wNjEyNeOAkQ==[rn]
25-79843,aHR0cDovL3RzaG9wLnIxMHMuanAvYW5uZXhzcC9jYWJpbmV0L2l0ZW00MC94LTgwNy5qcGc/Zml0aW49NzAwOjcwMA==,NTc2MC44MDAw,,44K544Od44O844OE44O744Ki44Km44OI44OJ44KiID4g44K044Or44OVID4g44Op44Km44Oz44OJ55So5ZOB44O75bCP54mpID4g44Oe44O844Kr44O844O744OP44OD44OI44Kv44Oq44OD44OX,44Ov44Oz44OU44O844K5IE9ORSBQSUVDRSDjgq/jg6rjg4Pjg5fjg57jg7zjgqvjg7wgQk9Y44K744OD44OIIFgtODA3IOOAkOaVsOmHj+mZkOWumuOAkSDiiarjgq3jg6Pjg6njgq/jgr/jg7zjgrfjg6rjg7zjgrriias=,4piF44GC44KM44KC44GT44KM44KC5YWo5ZOB6YCB5paZ54Sh5paZ77yB,PGltZyBzcmM9Imh0dHA6Ly9pbWFnZS5yYWt1dGVuLmNvLmpwL2Z6b25lL2NhYmluZXQvaXRlbTQwL3gtODA3XzQuanBnIj48YnI+PGJyPgo8aW1nIHNyYz0iaHR0cDovL2ltYWdlLnJha3V0ZW4uY28uanAvZnpvbmUvY2FiaW5ldC9pdGVtNDAveC04MDdfNS5qcGciPjxicj48YnI+Cjxicj48YnI+CjwhLS3jgYLjgZnmpb0tLT4KPGEgaHJlZj0iaHR0cDovL2V2ZW50LnJha3V0ZW4uY28uanAvYXN1cmFrdS9hYm91dC8iIFRhcmdldD0iX2JsYW5rIj4KPGltZyBzcmM9Imh0dHA6Ly9pbWFnZS5yYWt1dGVuLmNvLmpwL2FubmV4c3AvY2FiaW5ldC9rYW5iYW4vYXN1cmFrdS5qcGciIGJvcmRlcj0iMCI+PC9hPgo8YnI+PGJyPuOAkOODr+ODs+ODlOODvOOCueOCtOODq+ODleOCt+ODquODvOOCuuOAkTxicj4K44Kv44Oq44OD44OX44Oe44O844Kr44O844Oc44OD44Kv44K544K744OD44OIPGJyPgrjg57jg7zjgqvjg7w55YCLK+WPsOW6p+OBrjEw54K544K744OD44OIPGJyPjxicj4KCuOCs+ODs+ODmuaZr+WTgeODu+ODl+ODrOOCvOODs+ODiOOBq++8gTxicj48YnI+PGNlbnRlcj4KCjwhLS3jgYrnn6XjgonjgZstLT4KCjxicj4KCjwhLS3jg6Hjg7zjg6vkvr/jg5Djg4rjg7wtLT4KCjxpbWcgc3JjPSJodHRwOi8vaW1hZ2UucmFrdXRlbi5jby5qcC9hbm5leHNwL2NhYmluZXQvMDI5NjkyODUvOTYyNW9yanAuZ2lmIiB3aWR0aC0iNzUwIiBib3JkZXI9IjAiPjxicj4KCjxkaXYgc3R5bGU9IndpZHRoOjc1MHB4OyI+CgoKPC9kaXY+CjxjZW50ZXI+CjwhLS3morHljIXmlrnms5UtLT4KPGltZyBzcmM9Imh0dHA6Ly9pbWFnZS5yYWt1dGVuLmNvLmpwL2FubmV4c3AvY2FiaW5ldC8wMjk2OTI4NS9lY28tYW5uZXgtci5naWYiIGJvcmRlcj0iMCI+CjwvY2VudGVyPgoKCgo8IS0t57SN5pyf5oOF5aCx5paH5a2X44K144Kk44K6LS0+CjxzdHlsZSBUWVBFPSJ0ZXh0L2NzcyI+CjwhLS0KdGQuaW52ZW50b3J5IGZvbnR7Zm9udC1zaXplOjEwcHg7Y29sb3I6IzY2NjY2Njt9CnRkLmludmVudG9yeXt3b3JkLXdyYXA6YnJlYWstd29yZDt3aWR0aDo4MHB4O30KLS0+Cjwvc3R5bGU+Cgo8IS0t4pePLS0+CjxkaXYgc3R5bGU9Im1hcmdpbi10b3A6MTUwcHg7Ij48L2Rpdj4KPGRpdiBjbGFzcz0iZm9vdGVyX29iaSI+CjxkaXYgYWxpZ249ImNlbnRlciI+PGltZyBzcmM9Imh0dHBzOi8vaW1hZ2UucmFrdXRlbi5jby5qcC9hbm5leHNwL2NhYmluZXQva2FuYmFuL21hcmF0aG9uXzEwMDAuZ2lmIiA+PC9kaXY+CjwvZGl2Pgo8ZGl2IHN0eWxlPSJjbGVhcjpib3RoIj48L2Rpdj4KCgo8IS0t5Y+z44Gu57im5biv5aeL44G+44KKLS0+CgoKPGxpbmsgaHJlZj0iaHR0cDovL3d3dy5yYWt1dGVuLm5lLmpwL2dvbGQvYW5uZXhzcC9zdHlsZXNoZWV0cy8yMDE0YW5uZXhzcC1zaWRlc3BzMTQ2MTYuY3NzIiBtZWRpYT0iYWxsIiByZWw9InN0eWxlc2hlZXQiIHR5cGU9InRleHQvY3NzIj4KCjwhLS3lj7Pjg5Djg4rjg7wtLT4KPGRpdiBpZD0iZml4ZWQiPgoKPC9kaXY+CjwhLS3jgZPjgZPjgb7jgactLT4KCgo8c3R5bGUgdHlwZT0idGV4dC9jc3MiPgouZm9vdGVyX29iaSB7CgliYWNrZ3JvdW5kOiAjMDBhMGU5IG5vbmUgcmVwZWF0IHNjcm9sbCAwJSAwJTsKCXBvc2l0aW9uOiBmaXhlZDsKCXotaW5kZXg6IDk5OTsKCWxlZnQ6IDBweDsKCWJvdHRvbTogMHB4OwoJb3BhY2l0eTogMC45OwoJcGFkZGluZzogMHB4IDBweDsKCWRpc3BsYXk6IGJsb2NrOwoJY29sb3I6ICNGRkY7Cgl3aWR0aDoxMDAlOwp9Ci5mb290ZXJfb2JpIGltZyB7Cgl3aWR0aDoxMDAwcHg7Cn0KPC9zdHlsZT4=,44Ov44Oz44OU44O844K5IE9ORSBQSUVDRSDjgq/jg6rjg4Pjg5fjg57jg7zjgqvjg7wgQk9Y44K744OD44OIIFgtODA3IOOAkOaVsOmHj+mZkOWumuOAkSDiiarjgq3jg6Pjg6njgq/jgr/jg7zjgrfjg6rjg7zjgrriiavvvJrjgqLjg43jg4Pjgq/jgrnjgrnjg53jg7zjg4Q=,44K544Od44O844OEIOOCouOCpuODiOODieOCouOCtOODq+ODleeUqOWTgeOCpOODs+ODiuODvOOCr+ODqeODluOCtOODq+ODleODnOODvOODq+OCouOCpOOCouODs+OCtOODq+ODleOCt+ODpeODvOOCuuOCreODo+ODreOCpuOCp+OCpOOCouODh+OCo+ODgOOCueODiuOCpOOCreODl+ODvOODnuODkuODpeODs+ODoeODq+ODgOODs+OCueOCreODs+OCouODs+ODgOODvOOCouODvOODnuODvOOCquODi+ODhOOCq+OCv+OCpOOCrOODvOOCv+OCpOOCtOODs+OCuOODo+ODvOOCuOODquODvOODnOODg+OCr+ODq+OCs+ODg+OCr+ODr+ODs+ODlOODvOOCuSBPTkUgUElFQ0Ug44Kv44Oq44OD44OX44Oe44O844Kr44O8IEJPWOOCu+ODg+ODiCBYLTgwNyDjgJDmlbDph4/pmZDlrprjgJEg4omq44Kt44Oj44Op44Kv44K/44O844K344Oq44O844K64omr,4piF44GC44KM44KC44GT44KM44KC5YWo5ZOB6YCB5paZ54Sh5paZ77yB44CC44Ov44Oz44OU44O844K5IE9ORSBQSUVDRSDjgq/jg6rjg4Pjg5fjg57jg7zjgqvjg7wgQk9Y44K744OD44OIIFgtODA3IOOAkOaVsOmHj+mZkOWumuOAkSDiiarjgq3jg6Pjg6njgq/jgr/jg7zjgrfjg6rjg7zjgrriias=[rn]
25-79844,aHR0cDovL3RzaG9wLnIxMHMuanAvYW5uZXhzcC9jYWJpbmV0L2l0ZW00OC8zMDE5Nzk5MDAtMTAuanBnP2ZpdGluPTcwMDo3MDA=,MTYyMi40MDAw,,44K544Od44O844OE44O744Ki44Km44OI44OJ44KiID4g44K044Or44OVID4g44Op44Km44Oz44OJ55So5ZOB44O75bCP54mpID4g44Oe44O844Kr44O844O744OP44OD44OI44Kv44Oq44OD44OX,44CQ5pWw6YeP6ZmQ5a6a44CRIOOAkDIwMTblubTjg6Ljg4fjg6vjgJEg44Kt44Oj44Ot44Km44Kn44KkIOODmeOCoiDjg57jg7zjgqvjg7wgQ2FsbGF3YXkgQmVhciAxNiBKTQ==,4piF44GC44KM44KC44GT44KM44KC5YWo5ZOB6YCB5paZ54Sh5paZ77yB,PGltZyBzcmM9Imh0dHA6Ly9pbWFnZS5yYWt1dGVuLmNvLmpwL2Z6b25lL2NhYmluZXQvaXRlbTQ4LzMwMTk3OTkwMC0xMF80LmpwZyI+PGJyPjxicj7ilqDntKDmnZDvvJrpiYQv56OB55+zL+OCqOODneOCreOCty9QVkMvPGJyPgrilqDljp/nlKPlm73vvJpNYWRlIGluIENoaW5hPGJyPgrilqDjgqvjg6njg7zvvJo8YnI+CjU5MTYxNDkv44Ob44Ov44Kk44OIPGJyPgo1OTE2MTUwL+ODjeOCpOODk+ODvDxicj4KNTkxNjE1MS/jg5bjg6njg4Pjgq88YnI+PGNlbnRlcj4KCjwhLS3jgYrnn6XjgonjgZstLT4KCjxicj4KCjwhLS3jg6Hjg7zjg6vkvr/jg5Djg4rjg7wtLT4KCjxpbWcgc3JjPSJodHRwOi8vaW1hZ2UucmFrdXRlbi5jby5qcC9hbm5leHNwL2NhYmluZXQvMDI5NjkyODUvOTYyNW9yanAuZ2lmIiB3aWR0aC0iNzUwIiBib3JkZXI9IjAiPjxicj4KCjxkaXYgc3R5bGU9IndpZHRoOjc1MHB4OyI+CgoKPC9kaXY+CjxjZW50ZXI+CjwhLS3morHljIXmlrnms5UtLT4KPGltZyBzcmM9Imh0dHA6Ly9pbWFnZS5yYWt1dGVuLmNvLmpwL2FubmV4c3AvY2FiaW5ldC8wMjk2OTI4NS9lY28tYW5uZXgtci5naWYiIGJvcmRlcj0iMCI+CjwvY2VudGVyPgoKCgo8IS0t57SN5pyf5oOF5aCx5paH5a2X44K144Kk44K6LS0+CjxzdHlsZSBUWVBFPSJ0ZXh0L2NzcyI+CjwhLS0KdGQuaW52ZW50b3J5IGZvbnR7Zm9udC1zaXplOjEwcHg7Y29sb3I6IzY2NjY2Njt9CnRkLmludmVudG9yeXt3b3JkLXdyYXA6YnJlYWstd29yZDt3aWR0aDo4MHB4O30KLS0+Cjwvc3R5bGU+Cgo8IS0t4pePLS0+CjxkaXYgc3R5bGU9Im1hcmdpbi10b3A6MTUwcHg7Ij48L2Rpdj4KPGRpdiBjbGFzcz0iZm9vdGVyX29iaSI+CjxkaXYgYWxpZ249ImNlbnRlciI+PGltZyBzcmM9Imh0dHBzOi8vaW1hZ2UucmFrdXRlbi5jby5qcC9hbm5leHNwL2NhYmluZXQva2FuYmFuL21hcmF0aG9uXzEwMDAuZ2lmIiA+PC9kaXY+CjwvZGl2Pgo8ZGl2IHN0eWxlPSJjbGVhcjpib3RoIj48L2Rpdj4KCgo8IS0t5Y+z44Gu57im5biv5aeL44G+44KKLS0+CgoKPGxpbmsgaHJlZj0iaHR0cDovL3d3dy5yYWt1dGVuLm5lLmpwL2dvbGQvYW5uZXhzcC9zdHlsZXNoZWV0cy8yMDE0YW5uZXhzcC1zaWRlc3BzMTQ2MTYuY3NzIiBtZWRpYT0iYWxsIiByZWw9InN0eWxlc2hlZXQiIHR5cGU9InRleHQvY3NzIj4KCjwhLS3lj7Pjg5Djg4rjg7wtLT4KPGRpdiBpZD0iZml4ZWQiPgoKPC9kaXY+CjwhLS3jgZPjgZPjgb7jgactLT4KCgo8c3R5bGUgdHlwZT0idGV4dC9jc3MiPgouZm9vdGVyX29iaSB7CgliYWNrZ3JvdW5kOiAjMDBhMGU5IG5vbmUgcmVwZWF0IHNjcm9sbCAwJSAwJTsKCXBvc2l0aW9uOiBmaXhlZDsKCXotaW5kZXg6IDk5OTsKCWxlZnQ6IDBweDsKCWJvdHRvbTogMHB4OwoJb3BhY2l0eTogMC45OwoJcGFkZGluZzogMHB4IDBweDsKCWRpc3BsYXk6IGJsb2NrOwoJY29sb3I6ICNGRkY7Cgl3aWR0aDoxMDAlOwp9Ci5mb290ZXJfb2JpIGltZyB7Cgl3aWR0aDoxMDAwcHg7Cn0KPC9zdHlsZT4=,44CQ5pWw6YeP6ZmQ5a6a44CRIOOAkDIwMTblubTjg6Ljg4fjg6vjgJEg44Kt44Oj44Ot44Km44Kn44KkIOODmeOCoiDjg57jg7zjgqvjg7wgQ2FsbGF3YXkgQmVhciAxNiBKTe+8muOCouODjeODg+OCr+OCueOCueODneODvOODhA==,44K544Od44O844OEIOOCouOCpuODiOODieOCouOCtOODq+ODleeUqOWTgeOCpOODs+ODiuODvOOCr+ODqeODluOCtOODq+ODleODnOODvOODq+OCouOCpOOCouODs+OCtOODq+ODleOCt+ODpeODvOOCuuOCreODo+ODreOCpuOCp+OCpOOCouODh+OCo+ODgOOCueODiuOCpOOCreODl+ODvOODnuODkuODpeODs+ODoeODq+ODgOODs+OCueOCreODs+OCouODs+ODgOODvOOCouODvOODnuODvOOCquODi+ODhOOCq+OCv+OCpOOCrOODvOOCv+OCpOOCtOODs+OCuOODo+ODvOOCuOODquODvOODnOODg+OCr+ODq+OCs+ODg+OCr+OAkOaVsOmHj+mZkOWumuOAkSDjgJAyMDE25bm044Oi44OH44Or44CRIOOCreODo+ODreOCpuOCp+OCpCDjg5njgqIg44Oe44O844Kr44O8IENhbGxhd2F5IEJlYXIgMTYgSk0=,4piF44GC44KM44KC44GT44KM44KC5YWo5ZOB6YCB5paZ54Sh5paZ77yB44CC44CQ5pWw6YeP6ZmQ5a6a44CRIOOAkDIwMTblubTjg6Ljg4fjg6vjgJEg44Kt44Oj44Ot44Km44Kn44KkIOODmeOCoiDjg57jg7zjgqvjg7wgQ2FsbGF3YXkgQmVhciAxNiBKTQ==[rn]
25-79845,aHR0cDovL3RzaG9wLnIxMHMuanAvYW5uZXhzcC9jYWJpbmV0L2l0ZW00NC8xNXNzLWFkbWc1c20zLmpwZz9maXRpbj03MDA6NzAw,MTc2MC4wMDAw,,44K544Od44O844OE44O744Ki44Km44OI44OJ44KiID4g44K044Or44OVID4g44Op44Km44Oz44OJ55So5ZOB44O75bCP54mpID4g44Oe44O844Kr44O844O744OP44OD44OI44Kv44Oq44OD44OX,4piF44GC44GZ5qW95a++5b+c77yG6YCB5paZ54Sh5paZ4piFIOOAkDIwMTXlubTjg6Ljg4fjg6vjgJEg44Ki44OJ44Of44Op44OrIOOCreODo+ODg+ODlyDjg57jg7zjgqvjg7wgQURNRzVTTTM=,4piF44GC44KM44KC44GT44KM44KC5YWo5ZOB6YCB5paZ54Sh5paZ77yB,PGltZyBzcmM9Imh0dHA6Ly9pbWFnZS5yYWt1dGVuLmNvLmpwL2Z6b25lL2NhYmluZXQvaXRlbTQ0LzE1c3MtYWRtZzVzbTNfNC5qcGciPjxicj48YnI+CjxpbWcgc3JjPSJodHRwOi8vaW1hZ2UucmFrdXRlbi5jby5qcC9mem9uZS9jYWJpbmV0L2l0ZW00NC8xNXNzLWFkbWc1c20zXzUuanBnIj48YnI+PGJyPmFkbWlyYWwgMTkxNCBDQVAgTUFSS0VSPGJyPgo8YnI+CuKWoOe0oOadkOODoeOCv+ODqzxicj4K4pag5Y6f55Sj5Zu9Q0hJTkE8YnI+CuKAu+ODluODquOCueOCv+ODvOODkeODg+OCseODvOOCuOS7mDxicj48YnI+44Oh44O844Kr44O85biM5pyb5bCP5aOy5L6h5qC844Gv44Oh44O844Kr44O85ZWG5ZOB44K/44Kw44Gr5Z+644Gl44GE44Gm5o6y6LyJ44GX44Gm44GE44G+44GZPGJyPjxjZW50ZXI+Cgo8IS0t44GK55+l44KJ44GbLS0+Cgo8YnI+Cgo8IS0t44Oh44O844Or5L6/44OQ44OK44O8LS0+Cgo8aW1nIHNyYz0iaHR0cDovL2ltYWdlLnJha3V0ZW4uY28uanAvYW5uZXhzcC9jYWJpbmV0LzAyOTY5Mjg1Lzk2MjVvcmpwLmdpZiIgd2lkdGgtIjc1MCIgYm9yZGVyPSIwIj48YnI+Cgo8ZGl2IHN0eWxlPSJ3aWR0aDo3NTBweDsiPgoKCjwvZGl2Pgo8Y2VudGVyPgo8IS0t5qKx5YyF5pa55rOVLS0+CjxpbWcgc3JjPSJodHRwOi8vaW1hZ2UucmFrdXRlbi5jby5qcC9hbm5leHNwL2NhYmluZXQvMDI5NjkyODUvZWNvLWFubmV4LXIuZ2lmIiBib3JkZXI9IjAiPgo8L2NlbnRlcj4KCgoKPCEtLee0jeacn+aDheWgseaWh+Wtl+OCteOCpOOCui0tPgo8c3R5bGUgVFlQRT0idGV4dC9jc3MiPgo8IS0tCnRkLmludmVudG9yeSBmb250e2ZvbnQtc2l6ZToxMHB4O2NvbG9yOiM2NjY2NjY7fQp0ZC5pbnZlbnRvcnl7d29yZC13cmFwOmJyZWFrLXdvcmQ7d2lkdGg6ODBweDt9Ci0tPgo8L3N0eWxlPgoKPCEtLeKXjy0tPgo8ZGl2IHN0eWxlPSJtYXJnaW4tdG9wOjE1MHB4OyI+PC9kaXY+CjxkaXYgY2xhc3M9ImZvb3Rlcl9vYmkiPgo8ZGl2IGFsaWduPSJjZW50ZXIiPjxpbWcgc3JjPSJodHRwczovL2ltYWdlLnJha3V0ZW4uY28uanAvYW5uZXhzcC9jYWJpbmV0L2thbmJhbi9tYXJhdGhvbl8xMDAwLmdpZiIgPjwvZGl2Pgo8L2Rpdj4KPGRpdiBzdHlsZT0iY2xlYXI6Ym90aCI+PC9kaXY+CgoKPCEtLeWPs+OBrue4puW4r+Wni+OBvuOCii0tPgoKCjxsaW5rIGhyZWY9Imh0dHA6Ly93d3cucmFrdXRlbi5uZS5qcC9nb2xkL2FubmV4c3Avc3R5bGVzaGVldHMvMjAxNGFubmV4c3Atc2lkZXNwczE0NjE2LmNzcyIgbWVkaWE9ImFsbCIgcmVsPSJzdHlsZXNoZWV0IiB0eXBlPSJ0ZXh0L2NzcyI+Cgo8IS0t5Y+z44OQ44OK44O8LS0+CjxkaXYgaWQ9ImZpeGVkIj4KCjwvZGl2Pgo8IS0t44GT44GT44G+44GnLS0+CgoKPHN0eWxlIHR5cGU9InRleHQvY3NzIj4KLmZvb3Rlcl9vYmkgewoJYmFja2dyb3VuZDogIzAwYTBlOSBub25lIHJlcGVhdCBzY3JvbGwgMCUgMCU7Cglwb3NpdGlvbjogZml4ZWQ7Cgl6LWluZGV4OiA5OTk7CglsZWZ0OiAwcHg7Cglib3R0b206IDBweDsKCW9wYWNpdHk6IDAuOTsKCXBhZGRpbmc6IDBweCAwcHg7CglkaXNwbGF5OiBibG9jazsKCWNvbG9yOiAjRkZGOwoJd2lkdGg6MTAwJTsKfQouZm9vdGVyX29iaSBpbWcgewoJd2lkdGg6MTAwMHB4Owp9Cjwvc3R5bGU+,4piF44GC44GZ5qW95a++5b+c77yG6YCB5paZ54Sh5paZ4piFIOOAkDIwMTXlubTjg6Ljg4fjg6vjgJEg44Ki44OJ44Of44Op44OrIOOCreODo+ODg+ODlyDjg57jg7zjgqvjg7wgQURNRzVTTTPvvJrjgqLjg43jg4Pjgq/jgrnjgrnjg53jg7zjg4Q=,44K544Od44O844OEIOOCouOCpuODiOODieOCouOCtOODq+ODleeUqOWTgeOCpOODs+ODiuODvOOCr+ODqeODluOCtOODq+ODleODnOODvOODq+OCouOCpOOCouODs+OCtOODq+ODleOCt+ODpeODvOOCuuOCreODo+ODreOCpuOCp+OCpOOCouODh+OCo+ODgOOCueODiuOCpOOCreODl+ODvOODnuODkuODpeODs+ODoeODq+ODgOODs+OCueOCreODs+OCouODs+ODgOODvOOCouODvOODnuODvOOCquODi+ODhOOCq+OCv+OCpOOCrOODvOOCv+OCpOOCtOODs+OCuOODo+ODvOOCuOODquODvOODnOODg+OCr+ODq+OCs+ODg+OCr+KYheOBguOBmealveWvvuW/nO+8humAgeaWmeeEoeaWmeKYhSDjgJAyMDE15bm044Oi44OH44Or44CRIOOCouODieODn+ODqeODqyDjgq3jg6Pjg4Pjg5cg44Oe44O844Kr44O8IEFETUc1U00z,4piF44GC44KM44KC44GT44KM44KC5YWo5ZOB6YCB5paZ54Sh5paZ77yB44CC4piF44GC44GZ5qW95a++5b+c77yG6YCB5paZ54Sh5paZ4piFIOOAkDIwMTXlubTjg6Ljg4fjg6vjgJEg44Ki44OJ44Of44Op44OrIOOCreODo+ODg+ODlyDjg57jg7zjgqvjg7wgQURNRzVTTTM=[rn]
25-79846,aHR0cDovL3RzaG9wLnIxMHMuanAvYW5uZXhzcC9jYWJpbmV0L2l0ZW00MS9nZ2YtMTcxMDEuanBnP2ZpdGluPTcwMDo3MDA=,MTE3OC40MDAw,,44K544Od44O844OE44O744Ki44Km44OI44OJ44KiID4g44K044Or44OVID4g44Op44Km44Oz44OJ55So5ZOB44O75bCP54mpID4g44Oe44O844Kr44O844O744OP44OD44OI44Kv44Oq44OD44OX,4piF44Oh44O844Or5L6/6ZmQ5a6a6YCB5paZ54Sh5paZ77yBIOKXh+OCueODquOCr+OCveODsyDjg57jg7zjgqvjg7zvvIbjgrDjg6rjg7zjg7Pjg5Xjgqnjg7zjgq/jgrvjg4Pjg4ggR0dGLTE3MTAxIOadvuWxseiLseaoueODl+ODreS9v+eUqOODouODh+ODqyBTUklYT04gMjAxNuW5tOe2mee2muODouODh+ODqw==,4piF44GC44KM44KC44GT44KM44KC5YWo5ZOB6YCB5paZ54Sh5paZ77yB,PGltZyBzcmM9Imh0dHA6Ly9pbWFnZS5yYWt1dGVuLmNvLmpwL2Z6b25lL2NhYmluZXQvaXRlbTQxL2dnZi0xNzEwMV80LmpwZyI+PGJyPjxicj48aW1nIHNyYz0iaHR0cDovL2ltYWdlLnJha3V0ZW4uY28uanAvYW5uZXhzcC9jYWJpbmV0L2thbmJhbi90b3JpeW9zZS5naWYiPjxicj48YnI+CuKXj+e0oOadkO+8muODnuODvOOCq+ODvO+8iOmJhOODu+ebtOW+hDIzLjhtbe+8iTxicj4K44CA44CA44CA44CA44CA44Kw44Oq44O844Oz44OV44Kp44O844Kv77yI44Ki44Or44Of5ZCI6YeR77yJPGJyPgril4/jg5Hjg4PjgrHjg7zjgrjjgrXjgqTjgrrvvJoxNDXDlzYwbW08YnI+CuKXj+S4reWbveijvTxicj48YnI+PGJyPuODoeODvOOCq+ODvOW4jOacm+Wwj+WjsuS+oeagvOOBr+ODoeODvOOCq+ODvOOCq+OCv+ODreOCsOOBq+WfuuOBpeOBhOOBpuaOsui8ieOBl+OBpuOBhOOBvuOBmTxicj48Y2VudGVyPgoKPCEtLeOBiuefpeOCieOBmy0tPgoKPGJyPgoKPCEtLeODoeODvOODq+S+v+ODkOODiuODvC0tPgoKPGltZyBzcmM9Imh0dHA6Ly9pbWFnZS5yYWt1dGVuLmNvLmpwL2FubmV4c3AvY2FiaW5ldC8wMjk2OTI4NS85NjI1b3JqcC5naWYiIHdpZHRoLSI3NTAiIGJvcmRlcj0iMCI+PGJyPgoKPGRpdiBzdHlsZT0id2lkdGg6NzUwcHg7Ij4KCgo8L2Rpdj4KPGNlbnRlcj4KPCEtLeaiseWMheaWueazlS0tPgo8aW1nIHNyYz0iaHR0cDovL2ltYWdlLnJha3V0ZW4uY28uanAvYW5uZXhzcC9jYWJpbmV0LzAyOTY5Mjg1L2Vjby1hbm5leC1yLmdpZiIgYm9yZGVyPSIwIj4KPC9jZW50ZXI+CgoKCjwhLS3ntI3mnJ/mg4XloLHmloflrZfjgrXjgqTjgrotLT4KPHN0eWxlIFRZUEU9InRleHQvY3NzIj4KPCEtLQp0ZC5pbnZlbnRvcnkgZm9udHtmb250LXNpemU6MTBweDtjb2xvcjojNjY2NjY2O30KdGQuaW52ZW50b3J5e3dvcmQtd3JhcDpicmVhay13b3JkO3dpZHRoOjgwcHg7fQotLT4KPC9zdHlsZT4KCjwhLS3il48tLT4KPGRpdiBzdHlsZT0ibWFyZ2luLXRvcDoxNTBweDsiPjwvZGl2Pgo8ZGl2IGNsYXNzPSJmb290ZXJfb2JpIj4KPGRpdiBhbGlnbj0iY2VudGVyIj48aW1nIHNyYz0iaHR0cHM6Ly9pbWFnZS5yYWt1dGVuLmNvLmpwL2FubmV4c3AvY2FiaW5ldC9rYW5iYW4vbWFyYXRob25fMTAwMC5naWYiID48L2Rpdj4KPC9kaXY+CjxkaXYgc3R5bGU9ImNsZWFyOmJvdGgiPjwvZGl2PgoKCjwhLS3lj7Pjga7nuKbluK/lp4vjgb7jgootLT4KCgo8bGluayBocmVmPSJodHRwOi8vd3d3LnJha3V0ZW4ubmUuanAvZ29sZC9hbm5leHNwL3N0eWxlc2hlZXRzLzIwMTRhbm5leHNwLXNpZGVzcHMxNDYxNi5jc3MiIG1lZGlhPSJhbGwiIHJlbD0ic3R5bGVzaGVldCIgdHlwZT0idGV4dC9jc3MiPgoKPCEtLeWPs+ODkOODiuODvC0tPgo8ZGl2IGlkPSJmaXhlZCI+Cgo8L2Rpdj4KPCEtLeOBk+OBk+OBvuOBpy0tPgoKCjxzdHlsZSB0eXBlPSJ0ZXh0L2NzcyI+Ci5mb290ZXJfb2JpIHsKCWJhY2tncm91bmQ6ICMwMGEwZTkgbm9uZSByZXBlYXQgc2Nyb2xsIDAlIDAlOwoJcG9zaXRpb246IGZpeGVkOwoJei1pbmRleDogOTk5OwoJbGVmdDogMHB4OwoJYm90dG9tOiAwcHg7CglvcGFjaXR5OiAwLjk7CglwYWRkaW5nOiAwcHggMHB4OwoJZGlzcGxheTogYmxvY2s7Cgljb2xvcjogI0ZGRjsKCXdpZHRoOjEwMCU7Cn0KLmZvb3Rlcl9vYmkgaW1nIHsKCXdpZHRoOjEwMDBweDsKfQo8L3N0eWxlPg==,4piF44Oh44O844Or5L6/6ZmQ5a6a6YCB5paZ54Sh5paZ77yBIOKXh+OCueODquOCr+OCveODsyDjg57jg7zjgqvjg7zvvIbjgrDjg6rjg7zjg7Pjg5Xjgqnjg7zjgq/jgrvjg4Pjg4ggR0dGLTE3MTAxIOadvuWxseiLseaoueODl+ODreS9v+eUqOODouODh+ODqyBTUklYT04gMjAxNuW5tOe2mee2muODouODh+ODq++8muOCouODjeODg+OCr+OCueOCueODneODvOODhA==,44K544Od44O844OEIOOCouOCpuODiOODieOCouOCtOODq+ODleeUqOWTgeOCpOODs+ODiuODvOOCr+ODqeODluOCtOODq+ODleODnOODvOODq+OCouOCpOOCouODs+OCtOODq+ODleOCt+ODpeODvOOCuuOCreODo+ODreOCpuOCp+OCpOOCouODh+OCo+ODgOOCueODiuOCpOOCreODl+ODvOODnuODkuODpeODs+ODoeODq+ODgOODs+OCueOCreODs+OCouODs+ODgOODvOOCouODvOODnuODvOOCquODi+ODhOOCq+OCv+OCpOOCrOODvOOCv+OCpOOCtOODs+OCuOODo+ODvOOCuOODquODvOODnOODg+OCr+ODq+OCs+ODg+OCr+KYheODoeODvOODq+S+v+mZkOWumumAgeaWmeeEoeaWme+8gSDil4fjgrnjg6rjgq/jgr3jg7Mg44Oe44O844Kr44O877yG44Kw44Oq44O844Oz44OV44Kp44O844Kv44K744OD44OIIEdHRi0xNzEwMSDmnb7lsbHoi7HmqLnjg5fjg63kvb/nlKjjg6Ljg4fjg6sgU1JJWE9OIDIwMTblubTntpnntprjg6Ljg4fjg6s=,4piF44GC44KM44KC44GT44KM44KC5YWo5ZOB6YCB5paZ54Sh5paZ77yB44CC4piF44Oh44O844Or5L6/6ZmQ5a6a6YCB5paZ54Sh5paZ77yBIOKXh+OCueODquOCr+OCveODsyDjg57jg7zjgqvjg7zvvIbjgrDjg6rjg7zjg7Pjg5Xjgqnjg7zjgq/jgrvjg4Pjg4ggR0dGLTE3MTAxIOadvuWxseiLseaoueODl+ODreS9v+eUqOODouODh+ODqyBTUklYT04gMjAxNuW5tOe2mee2muODouODh+ODqw==[rn]
25-79847,aHR0cDovL3RzaG9wLnIxMHMuanAvYW5uZXhzcC9jYWJpbmV0L2l0ZW00My9nZ2YtMTgxMTYuanBnP2ZpdGluPTcwMDo3MDA=,MTQ0MC4wMDAw,,44K544Od44O844OE44O744Ki44Km44OI44OJ44KiID4g44K044Or44OVID4g44Op44Km44Oz44OJ55So5ZOB44O75bCP54mpID4g44Oe44O844Kr44O844O744OP44OD44OI44Kv44Oq44OD44OX,4piF44Oh44O844Or5L6/6ZmQ5a6a6YCB5paZ54Sh5paZ77yBIOKXh+OAkDIwMTblubTntpnntprjg6Ljg4fjg6vjgJEg44K544Oq44Kv44K944OzIOOCr+ODquODg+ODl+ODnuODvOOCq+ODvO+8huOCsOODquODvOODs+ODleOCqeODvOOCryDjgq7jg5Xjg4ggR0dGLTE4MTE2IFNSSVhPTg==,4piF44GC44KM44KC44GT44KM44KC5YWo5ZOB6YCB5paZ54Sh5paZ77yB,PGltZyBzcmM9Imh0dHA6Ly9pbWFnZS5yYWt1dGVuLmNvLmpwL2Z6b25lL2NhYmluZXQvaXRlbTQzL2dnZi0xODExNl80LmpwZyI+PGJyPjxicj4KPGltZyBzcmM9Imh0dHA6Ly9pbWFnZS5yYWt1dGVuLmNvLmpwL2FubmV4c3AvY2FiaW5ldC9rYW5iYW4vdG9yaXlvc2UuZ2lmIj48YnI+PGJyPgrilqDntKDmnZDvvJrjgq/jg6rjg4Pjg5fvvIjpiYTvvInjgIHjg57jg7zjgqvjg7zvvIjpiYTjg7vnm7TlvoQyNm1t77yJPGJyPgrjgIDjgIDjgIDjgIDjgIDjgrDjg6rjg7zjg7Pjg5Xjgqnjg7zjgq/vvIjkupzpiZvlkIjph5HvvIk8YnI+CuKWoOODkeODg+OCseODvOOCuOOCteOCpOOCuu+8mjgww5c5NcOXMThtbTxicj48YnI+PGJyPuODoeODvOOCq+ODvOW4jOacm+Wwj+WjsuS+oeagvOOBr+ODoeODvOOCq+ODvOOCq+OCv+ODreOCsOOBq+WfuuOBpeOBhOOBpuaOsui8ieOBl+OBpuOBhOOBvuOBmTxicj48Y2VudGVyPgoKPCEtLeOBiuefpeOCieOBmy0tPgoKPGJyPgoKPCEtLeODoeODvOODq+S+v+ODkOODiuODvC0tPgoKPGltZyBzcmM9Imh0dHA6Ly9pbWFnZS5yYWt1dGVuLmNvLmpwL2FubmV4c3AvY2FiaW5ldC8wMjk2OTI4NS85NjI1b3JqcC5naWYiIHdpZHRoLSI3NTAiIGJvcmRlcj0iMCI+PGJyPgoKPGRpdiBzdHlsZT0id2lkdGg6NzUwcHg7Ij4KCgo8L2Rpdj4KPGNlbnRlcj4KPCEtLeaiseWMheaWueazlS0tPgo8aW1nIHNyYz0iaHR0cDovL2ltYWdlLnJha3V0ZW4uY28uanAvYW5uZXhzcC9jYWJpbmV0LzAyOTY5Mjg1L2Vjby1hbm5leC1yLmdpZiIgYm9yZGVyPSIwIj4KPC9jZW50ZXI+CgoKCjwhLS3ntI3mnJ/mg4XloLHmloflrZfjgrXjgqTjgrotLT4KPHN0eWxlIFRZUEU9InRleHQvY3NzIj4KPCEtLQp0ZC5pbnZlbnRvcnkgZm9udHtmb250LXNpemU6MTBweDtjb2xvcjojNjY2NjY2O30KdGQuaW52ZW50b3J5e3dvcmQtd3JhcDpicmVhay13b3JkO3dpZHRoOjgwcHg7fQotLT4KPC9zdHlsZT4KCjwhLS3il48tLT4KPGRpdiBzdHlsZT0ibWFyZ2luLXRvcDoxNTBweDsiPjwvZGl2Pgo8ZGl2IGNsYXNzPSJmb290ZXJfb2JpIj4KPGRpdiBhbGlnbj0iY2VudGVyIj48aW1nIHNyYz0iaHR0cHM6Ly9pbWFnZS5yYWt1dGVuLmNvLmpwL2FubmV4c3AvY2FiaW5ldC9rYW5iYW4vbWFyYXRob25fMTAwMC5naWYiID48L2Rpdj4KPC9kaXY+CjxkaXYgc3R5bGU9ImNsZWFyOmJvdGgiPjwvZGl2PgoKCjwhLS3lj7Pjga7nuKbluK/lp4vjgb7jgootLT4KCgo8bGluayBocmVmPSJodHRwOi8vd3d3LnJha3V0ZW4ubmUuanAvZ29sZC9hbm5leHNwL3N0eWxlc2hlZXRzLzIwMTRhbm5leHNwLXNpZGVzcHMxNDYxNi5jc3MiIG1lZGlhPSJhbGwiIHJlbD0ic3R5bGVzaGVldCIgdHlwZT0idGV4dC9jc3MiPgoKPCEtLeWPs+ODkOODiuODvC0tPgo8ZGl2IGlkPSJmaXhlZCI+Cgo8L2Rpdj4KPCEtLeOBk+OBk+OBvuOBpy0tPgoKCjxzdHlsZSB0eXBlPSJ0ZXh0L2NzcyI+Ci5mb290ZXJfb2JpIHsKCWJhY2tncm91bmQ6ICMwMGEwZTkgbm9uZSByZXBlYXQgc2Nyb2xsIDAlIDAlOwoJcG9zaXRpb246IGZpeGVkOwoJei1pbmRleDogOTk5OwoJbGVmdDogMHB4OwoJYm90dG9tOiAwcHg7CglvcGFjaXR5OiAwLjk7CglwYWRkaW5nOiAwcHggMHB4OwoJZGlzcGxheTogYmxvY2s7Cgljb2xvcjogI0ZGRjsKCXdpZHRoOjEwMCU7Cn0KLmZvb3Rlcl9vYmkgaW1nIHsKCXdpZHRoOjEwMDBweDsKfQo8L3N0eWxlPg==,4piF44Oh44O844Or5L6/6ZmQ5a6a6YCB5paZ54Sh5paZ77yBIOKXh+OAkDIwMTblubTntpnntprjg6Ljg4fjg6vjgJEg44K544Oq44Kv44K944OzIOOCr+ODquODg+ODl+ODnuODvOOCq+ODvO+8huOCsOODquODvOODs+ODleOCqeODvOOCryDjgq7jg5Xjg4ggR0dGLTE4MTE2IFNSSVhPTu+8muOCouODjeODg+OCr+OCueOCueODneODvOODhA==,44K544Od44O844OEIOOCouOCpuODiOODieOCouOCtOODq+ODleeUqOWTgeOCpOODs+ODiuODvOOCr+ODqeODluOCtOODq+ODleODnOODvOODq+OCouOCpOOCouODs+OCtOODq+ODleOCt+ODpeODvOOCuuOCreODo+ODreOCpuOCp+OCpOOCouODh+OCo+ODgOOCueODiuOCpOOCreODl+ODvOODnuODkuODpeODs+ODoeODq+ODgOODs+OCueOCreODs+OCouODs+ODgOODvOOCouODvOODnuODvOOCquODi+ODhOOCq+OCv+OCpOOCrOODvOOCv+OCpOOCtOODs+OCuOODo+ODvOOCuOODquODvOODnOODg+OCr+ODq+OCs+ODg+OCr+KYheODoeODvOODq+S+v+mZkOWumumAgeaWmeeEoeaWme+8gSDil4fjgJAyMDE25bm057aZ57aa44Oi44OH44Or44CRIOOCueODquOCr+OCveODsyDjgq/jg6rjg4Pjg5fjg57jg7zjgqvjg7zvvIbjgrDjg6rjg7zjg7Pjg5Xjgqnjg7zjgq8g44Ku44OV44OIIEdHRi0xODExNiBTUklYT04=,4piF44GC44KM44KC44GT44KM44KC5YWo5ZOB6YCB5paZ54Sh5paZ77yB44CC4piF44Oh44O844Or5L6/6ZmQ5a6a6YCB5paZ54Sh5paZ77yBIOKXh+OAkDIwMTblubTntpnntprjg6Ljg4fjg6vjgJEg44K544Oq44Kv44K944OzIOOCr+ODquODg+ODl+ODnuODvOOCq+ODvO+8huOCsOODquODvOODs+ODleOCqeODvOOCryDjgq7jg5Xjg4ggR0dGLTE4MTE2IFNSSVhPTg==[rn]
25-79848,aHR0cDovL3RzaG9wLnIxMHMuanAvYWR2YW5jZXNwb3J0cy9jYWJpbmV0L2R1bmxvcC9nb29kcy9pbWc1ODAzMjA4OHouZ2lmP2ZpdGluPTcwMDo3MDA=,MTQ3Mi4wMDAw,,44K544Od44O844OE44O744Ki44Km44OI44OJ44KiID4g44K044Or44OVID4g44Op44Km44Oz44OJ55So5ZOB44O75bCP54mpID4g44Oe44O844Kr44O844O744OP44OD44OI44Kv44Oq44OD44OX,44OA44Oz44Ot44OD44OX44CAU1JJWE9OIMOX44OH44Kj44K644OL44O844Os44OH44Kj44O844K544CA44Kv44Oq44OD44OX44Oe44O844Kr44O844CQR0dGLTIzMTAx44CR44CQ44Kv44Ot44ON44KzRE3kvr/jgarjgonpgIHmlpkxNjTlhoYhIeOAkQ==,,PGltZyBzcmM9Imh0dHA6Ly9pbWFnZS5yYWt1dGVuLmNvLmpwL2FkdmFuY2VzcG9ydHMvY2FiaW5ldC9kdW5sb3AvZ29vZHMvaW1nNTgwMzIwODd6LmdpZiI+PGJyPjxhIGhyZWY9Imh0dHA6Ly9pdGVtLnJha3V0ZW4uY28uanAvYWR2YW5jZXNwb3J0cy9jLzAwMDAwMDA4MTIvInRhcmdldD0iX2JsYW5rIj48aW1nIHNyYz0iaHR0cDovL2ltYWdlLnJha3V0ZW4uY28uanAvYWR2YW5jZXNwb3J0cy9jYWJpbmV0L2R1bmxvcC9nb29kcy9pbWc1ODAzMjYyNnouZ2lmImJvcmRlcj0iMCI+PC9hPjxicj48YnI+PGltZyBzcmM9Imh0dHA6Ly9pbWFnZS5yYWt1dGVuLmNvLmpwL2FkdmFuY2VzcG9ydHMvY2FiaW5ldC90b3JpeW9zZS5naWYiPjxicj48aW1nIHNyYz0iaHR0cDovL2ltYWdlLnJha3V0ZW4uY28uanAvYWR2YW5jZXNwb3J0cy9jYWJpbmV0L2ltZ3JjMDA2NTcxNTQyNi5naWYiPjxmb250IGNvbG9yPSJyZWQic2l6ZT0iMyI+44GT44Gh44KJ44Gv44Oh44O844Kr44O85Y+W44KK5a+E44Gb5ZWG5ZOB44Gn44GU44GW44GE44G+44GZ44CCPGJyPgrjgZTms6jmlofjga7jgr/jgqTjg5/jg7PjgrDjgavjgojjgorjgb7jgZfjgabjga/jgIHlnKjluqvlrozlo7Ljga7jgZ/jgoE8YnI+44GK5bGK44GR44GM44Gn44GN44Gq44GE5Y+v6IO95oCn44GM44GU44GW44GE44G+44GZ44CCCjxicj7jgYLjgonjgYvjgZjjgoHjgZTkuobmib/jgY/jgaDjgZXjgYTjgb7jgZvjgII8YnI+44Kv44Ot44ON44KzRE3kvr/jgpLjgZTluIzmnJvjga7loLTlkIjjga/jgIHjgZTms6jmlofmmYLjga7phY3pgIHmlrnms5Xjga7mrITjgac8YnI+CuOAjOOCr+ODreODjeOCs0RN5L6/44CN44KS44GK6YG444Gz44GP44Gg44GV44GE44CCPC9mb250PjxzdHlsZSB0eXBlPSJ0ZXh0L2NzcyI+CjwhLS0KYm9keXsKCiAgICAgYmFja2dyb3VuZC1pbWFnZTogdXJsKCIiKTsKICAgICBiYWNrZ3JvdW5kLXJlcGVhdDogcmVwZWF0LXk7CiAgICAgYmFja2dyb3VuZC1hdHRhY2htZW50OiBzY3JvbGw7CiAgICAgYmFja2dyb3VuZC1wb3NpdGlvbjpyaWdodAp9Ci0tPgo8L3N0eWxlPiAKCjxzdHlsZSB0eXBlPSJ0ZXh0L2NzcyI+CjwhLS0KdGQuaW52ZW50b3J5IGZvbnR7Zm9udC1zaXplOjEwcHg7Y29sb3I6IzY2NjY2Njt9Ci0tPgo8L3N0eWxlPg==,44OA44Oz44Ot44OD44OX44CAU1JJWE9OICZ0aW1lczvjg4fjgqPjgrrjg4vjg7zjg6zjg4fjgqPjg7zjgrnjgIDjgq/jg6rjg4Pjg5fjg57jg7zjgqvjg7zjgJBHR0YtMjMxMDHjgJHjgJDjgq/jg63jg43jgrNETeS+v+OBquOCiemAgeaWmTE2NOWGhiEh44CR77ya44Ki44OJ44OQ44Oz44K544K544Od44O844OE,44OA44Oz44Ot44OD44OX44CAU1JJWE9OICZ0aW1lczvjg4fjgqPjgrrjg4vjg7zjg6zjg4fjgqPjg7zjgrnjgIDjgq/jg6rjg4Pjg5fjg57jg7zjgqvjg7zjgJBHR0YtMjMxMDHjgJHjgJDjgq/jg63jg43jgrNETeS+v+OBquOCiemAgeaWmTE2NOWGhiEh44CR,44OA44Oz44Ot44OD44OX44CAU1JJWE9OICZ0aW1lczvjg4fjgqPjgrrjg4vjg7zjg6zjg4fjgqPjg7zjgrnjgIDjgq/jg6rjg4Pjg5fjg57jg7zjgqvjg7zjgJBHR0YtMjMxMDHjgJHjgJDjgq/jg63jg43jgrNETeS+v+OBquOCiemAgeaWmTE2NOWGhiEh44CR[rn]
25-79849,aHR0cDovL3RzaG9wLnIxMHMuanAvZ2Rvc2hvcC9jYWJpbmV0LzQ2NS8wMDAwNDczOTY1XzEuanBnP2ZpdGluPTcwMDo3MDA=,MTcyOC4wMDAw,,44K544Od44O844OE44O744Ki44Km44OI44OJ44KiID4g44K044Or44OVID4g44Op44Km44Oz44OJ55So5ZOB44O75bCP54mpID4g44Oe44O844Kr44O844O744OP44OD44OI44Kv44Oq44OD44OX,44K/44Kk44OI44Oq44K544OI44CAVElUTEVJU1TjgIDjgq3jg6Pjg4Pjg5fjgq/jg6rjg4Pjg5fjg57jg7zjgqvjg7wgQUpCTTUxW+OCtOODq+ODleeUqOWTgSDjgrTjg6vjg5Xjg57jg7zjgqvjg7wg44K044Or44OVIOODnuODvOOCq+ODvCBnb2xmIGdkb10=,MTPmmYLjgb7jgafjgafjgYLjgZnmpb3lr77lv5w=,PGJyPjxkaXYgY2xhc3M9InByb2R1Y3QtZGV0YWlsIj48ZGl2IGNsYXNzPSJwcm9kdWN0LWRldGFpbC1oZWFkZXIiPjxkaXYgY2xhc3M9InByb2R1Y3QtZGV0YWlsLXRpdGxlIj48cD48c3BhbiBjbGFzcz0icHJvZHVjdC1kZXRhaWwtdGl0bGUtdGV4dCI+44Kt44Oj44OD44OX44Kv44Oq44OD44OX44Oe44O844Kr44O8IEFKQk01MTwvc3Bhbj48YnI+PHNwYW4gY2xhc3M9InByb2R1Y3QtZGV0YWlsLXN1YnRpdGxlLXRleHQiPuOCv+OCpOODiOODquOCueODiCAvIFRJVExFSVNUPC9zcGFuPjwvcD48L2Rpdj48L2Rpdj48ZGl2IGNsYXNzPSJwcm9kdWN0LWRldGFpbC1jb250ZW50Ij48dGFibGUgY2xhc3M9InByb2R1Y3QtZGV0YWlsLXNwZWMiPjx0cj48dGg+57Sg5p2QPC90aD48dGQ+6YmE44CB56OB55+zPC90ZD48L3RyPjx0cj48dGg+6KO96YCg5Zu9PC90aD48dGQ+5Lit5Zu9PC90ZD48L3RyPjx0cj48dGg+44K144Kk44K644OQ44Oq44Ko44O844K344On44OzPC90aD48dGQ+OC43w5c1LjVjbTwvdGQ+PC90cj48L3RhYmxlPjwvZGl2PjwvZGl2PjxkaXYgY2xhc3M9InByb2R1Y3QtZGV0YWlsLWJvdHRvbSI+PC9kaXY+PHN0eWxlIHR5cGU9InRleHQvY3NzIj4KPCEtLQoKZGl2I0hlYWRlcktleXdvcmQgewoJcG9zaXRpb246YWJzb2x1dGU7Cgl0b3A6NjBweDsvKuS4gOeVquS4iuOBi+OCieOBruS9jee9riovCglsZWZ0OjMwcHg7Lyrlt6bnq6/jgYvjgonjga7kvY3nva4qLwp9CgpkaXYjSGVhZGVyS2V5d29yZCBzcGFuIHsKCWJhY2tncm91bmQ6ICNiZjAwMDA7Cgljb2xvcjojZmZmOwoJZm9udC13ZWlnaHQ6Ym9sZDsKCXBhZGRpbmc6MnB4IDVweDsKfQoKZGl2I0hlYWRlcktleXdvcmQgYSB7Cgljb2xvcjojMDA0NENDOwp9Cgp0ZC5pbnZlbnRvcnkgZm9udHsKCWZvbnQtc2l6ZToxMHB4OwoJY29sb3I6IzY2NjY2NjsKfQoKdGQuaW52ZW50b3J5ewoJd29yZC13cmFwOmJyZWFrLXdvcmQ7Cgl3aWR0aDoxMDBweDsKfQoKCi0tPgoKPC9zdHlsZT4KCgoKPGRpdiBpZD0iSGVhZGVyS2V5d29yZCI+CjxzcGFuPuazqOebruOBruOCreODvOODr+ODvOODiTwvc3Bhbj4K44OX44O844OeCuODq+OCs+ODg+OCrwrjg4rjgqTjgq0K44Ki44OJ44Of44Op44OrCuODnuODs+OCt+ODs+OCsOOCpuOCp+OCouOAgAo8L2Rpdj4KCu+8nO+8nOazqOaEj+S6i+mghe+8nu+8njxicj48YnI+CjxiPuOCsOODreODvOODljwvYj48YnI+CuODu+WVhuWTgeWQjeOBq+ODrOODleODhuOCo+OBruiomOi8ieOBjOOBguOCi+WVhuWTgeOBr+W3pueUqOOBqOOBquOCiuOBvuOBmeOBjOOAgeODrOODleODhuOCo+WVhuWTgeOCguWPs+eUqOOBrueUu+WDj+OCkuaOsui8ieOBl+OBpuOBhOOCi+WgtOWQiOOBjOOBguOCiuOBvuOBmeOAgjxicj48YnI+CjxiPui3nemboua4rOWumuWZqOOBruS/neiovOacn+mWkzwvYj48YnI+CuODu+WVhuWTgeOBq+WQjOaiseOBleOCjOOCi+e0jeWTgeabuOiomOi8ieOBruWHuuiNt+aXpeS7mOOBi+OCiTHlubTplpPjga7kv53oqLzjgajjgarjgorjgb7jgZnjgILkv53oqLzjgavjgaTjgYTjgabjga/jgIHoo73lk4Hku5jlsZ7jga7kv53oqLzmm7jjgYrjgojjgbPntI3lk4Hmm7jjgYzlv4XopoHjgajjgarjgorjgb7jgZnjgILjgYrosrfjgYTkuIrjgZLlvozjga/lpKfliIfjgavkv53nrqHjgY/jgaDjgZXjgYTjgII8YnI+CuODu+mbu+WMluijveWTgeOBr+WVhuWTgeOBrueJueaAp+S4iuOAgemAmumbu+W+jOOBrui/lOWTgeODu+S6pOaPm+OCkuOBiuWPl+OBkeOBp+OBjeOBvuOBm+OCk+OAguOBvuOBn+OAgeWVhuWTgeOBq+mWouOBmeOCi+aKgOihk+eahOOBquOBiuWVj+OBhOWQiOOCj+OBm+OBr+OAgeODoeODvOOCq+ODvOOBruOBiuWuouanmOOCu+ODs+OCv+ODvOOBuOebtOaOpeOBiuWVj+OBhOWQiOOCj+OBm+OBj+OBoOOBleOBhOOAggo8YnI+PGJyPjxicj48YnI+CjwhLS0g5rOo5paH6YCf5aCxIC0tPgo8ZGl2IGlkPSJuZXctYXJyaXZhbCI+Cgo8L2Rpdj4KPCEtLSAv5rOo5paH6YCf5aCxIC0tPgo8YnI+PGJyPgo8IS0tIGdkbyDjgYrjgZnjgZnjgoHllYblk4EgLS0+Cgo8IS0tIC9nZG8g44GK44GZ44GZ44KB5ZWG5ZOBIC0tPgo8YnI+PGJyPg==,44K/44Kk44OI44Oq44K544OI44CAVElUTEVJU1TjgIDjgq3jg6Pjg4Pjg5fjgq/jg6rjg4Pjg5fjg57jg7zjgqvjg7wgQUpCTTUxW+OCtOODq+ODleeUqOWTgSDjgrTjg6vjg5Xjg57jg7zjgqvjg7wg44K044Or44OVIOODnuODvOOCq+ODvCBnb2xmIGdkb13vvJpHRE/jgrTjg6vjg5Xjgrfjg6fjg4Pjg5cg5qW95aSp5biC5aC05bqX,R0RP44K044Or44OV44OA44Kk44K444Kn44K544OI44O744Kq44Oz44Op44Kk44Oz44OJ44Op44Kk44OQ44O844OV44Kn44Ki44Km44Kn44Kk44Km44OD44OJ44Om44O844OG44Kj44Oq44OG44Kj44Ki44Kk44Ki44Oz44K744OD44OI44Km44Kn44OD44K444OR44K/44O844K044Or44OV44Oc44O844Or44K044Or44OV44Km44Kn44Ki44K044Or44OV44OQ44OD44Kw44K044Or44OV44K344Ol44O844K644K/44Kk44OI44Oq44K544OI44CAVElUTEVJU1TjgIDjgq3jg6Pjg4Pjg5fjgq/jg6rjg4Pjg5fjg57jg7zjgqvjg7wgQUpCTTUxW+OCtOODq+ODleeUqOWTgSDjgrTjg6vjg5Xjg57jg7zjgqvjg7wg44K044Or44OVIOODnuODvOOCq+ODvCBnb2xmIGdkb10=,MTPmmYLjgb7jgafjgafjgYLjgZnmpb3lr77lv5zjgILjgr/jgqTjg4jjg6rjgrnjg4jjgIBUSVRMRUlTVOOAgOOCreODo+ODg+ODl+OCr+ODquODg+ODl+ODnuODvOOCq+ODvCBBSkJNNTFb44K044Or44OV55So5ZOBIOOCtOODq+ODleODnuODvOOCq+ODvCDjgrTjg6vjg5Ug44Oe44O844Kr44O8IGdvbGYgZ2RvXQ==[rn]
25-79850,aHR0cDovL3RzaG9wLnIxMHMuanAvZ2Rvc2hvcC9jYWJpbmV0LzA2Mi8wMDAwNDM1NTYyXzEuanBnP2ZpdGluPTcwMDo3MDA=,MjYzMi44MDAw,,44K544Od44O844OE44O744Ki44Km44OI44OJ44KiID4g44K044Or44OVID4g44Op44Km44Oz44OJ55So5ZOB44O75bCP54mpID4g44Oe44O844Kr44O844O744OP44OD44OI44Kv44Oq44OD44OX,44K/44Kk44OI44Oq44K544OI44CAVElUTEVJU1TjgIDjg5njg6vjg4jjgq/jg6rjg4Pjg5fjg57jg7zjgqvjg7wgQUpCTTMzW+OCtOODq+ODleeUqOWTgSDjgrTjg6vjg5Xjg57jg7zjgqvjg7wg44K044Or44OVIOODnuODvOOCq+ODvCBnb2xmIGdkb10=,MTPmmYLjgb7jgafjgafjgYLjgZnmpb3lr77lv5w=,PGJyPjxkaXYgY2xhc3M9InByb2R1Y3QtZGV0YWlsIj48ZGl2IGNsYXNzPSJwcm9kdWN0LWRldGFpbC1oZWFkZXIiPjxkaXYgY2xhc3M9InByb2R1Y3QtZGV0YWlsLXRpdGxlIj48cD48c3BhbiBjbGFzcz0icHJvZHVjdC1kZXRhaWwtdGl0bGUtdGV4dCI+44OZ44Or44OI44Kv44Oq44OD44OX44Oe44O844Kr44O8IEFKQk0zMzwvc3Bhbj48YnI+PHNwYW4gY2xhc3M9InByb2R1Y3QtZGV0YWlsLXN1YnRpdGxlLXRleHQiPuOCv+OCpOODiOODquOCueODiCAvIFRJVExFSVNUPC9zcGFuPjwvcD48L2Rpdj48L2Rpdj48ZGl2IGNsYXNzPSJwcm9kdWN0LWRldGFpbC1jb250ZW50Ij48dGFibGUgY2xhc3M9InByb2R1Y3QtZGV0YWlsLXNwZWMiPjx0cj48dGg+57Sg5p2QPC90aD48dGQ+6YmE44CB56OB55+zPC90ZD48L3RyPjx0cj48dGg+6KO96YCg5Zu9PC90aD48dGQ+5Lit5Zu9PC90ZD48L3RyPjwvdGFibGU+PC9kaXY+PC9kaXY+PGRpdiBjbGFzcz0icHJvZHVjdC1kZXRhaWwtYm90dG9tIj48L2Rpdj48c3R5bGUgdHlwZT0idGV4dC9jc3MiPgo8IS0tCgpkaXYjSGVhZGVyS2V5d29yZCB7Cglwb3NpdGlvbjphYnNvbHV0ZTsKCXRvcDo2MHB4Oy8q5LiA55Wq5LiK44GL44KJ44Gu5L2N572uKi8KCWxlZnQ6MzBweDsvKuW3puerr+OBi+OCieOBruS9jee9riovCn0KCmRpdiNIZWFkZXJLZXl3b3JkIHNwYW4gewoJYmFja2dyb3VuZDogI2JmMDAwMDsKCWNvbG9yOiNmZmY7Cglmb250LXdlaWdodDpib2xkOwoJcGFkZGluZzoycHggNXB4Owp9CgpkaXYjSGVhZGVyS2V5d29yZCBhIHsKCWNvbG9yOiMwMDQ0Q0M7Cn0KCnRkLmludmVudG9yeSBmb250ewoJZm9udC1zaXplOjEwcHg7Cgljb2xvcjojNjY2NjY2Owp9Cgp0ZC5pbnZlbnRvcnl7Cgl3b3JkLXdyYXA6YnJlYWstd29yZDsKCXdpZHRoOjEwMHB4Owp9CgoKLS0+Cgo8L3N0eWxlPgoKCgo8ZGl2IGlkPSJIZWFkZXJLZXl3b3JkIj4KPHNwYW4+5rOo55uu44Gu44Kt44O844Ov44O844OJPC9zcGFuPgrjg5fjg7zjg54K44Or44Kz44OD44KvCuODiuOCpOOCrQrjgqLjg4njg5/jg6njg6sK44Oe44Oz44K344Oz44Kw44Km44Kn44Ki44CACjwvZGl2PgoK77yc77yc5rOo5oSP5LqL6aCF77ye77yePGJyPjxicj4KPGI+44Kw44Ot44O844OWPC9iPjxicj4K44O75ZWG5ZOB5ZCN44Gr44Os44OV44OG44Kj44Gu6KiY6LyJ44GM44GC44KL5ZWG5ZOB44Gv5bem55So44Go44Gq44KK44G+44GZ44GM44CB44Os44OV44OG44Kj5ZWG5ZOB44KC5Y+z55So44Gu55S75YOP44KS5o6y6LyJ44GX44Gm44GE44KL5aC05ZCI44GM44GC44KK44G+44GZ44CCPGJyPjxicj4KPGI+6Led6Zui5ris5a6a5Zmo44Gu5L+d6Ki85pyf6ZaTPC9iPjxicj4K44O75ZWG5ZOB44Gr5ZCM5qKx44GV44KM44KL57SN5ZOB5pu46KiY6LyJ44Gu5Ye66I235pel5LuY44GL44KJMeW5tOmWk+OBruS/neiovOOBqOOBquOCiuOBvuOBmeOAguS/neiovOOBq+OBpOOBhOOBpuOBr+OAgeijveWTgeS7mOWxnuOBruS/neiovOabuOOBiuOCiOOBs+e0jeWTgeabuOOBjOW/heimgeOBqOOBquOCiuOBvuOBmeOAguOBiuiyt+OBhOS4iuOBkuW+jOOBr+Wkp+WIh+OBq+S/neeuoeOBj+OBoOOBleOBhOOAgjxicj4K44O76Zu75YyW6KO95ZOB44Gv5ZWG5ZOB44Gu54m55oCn5LiK44CB6YCa6Zu75b6M44Gu6L+U5ZOB44O75Lqk5o+b44KS44GK5Y+X44GR44Gn44GN44G+44Gb44KT44CC44G+44Gf44CB5ZWG5ZOB44Gr6Zai44GZ44KL5oqA6KGT55qE44Gq44GK5ZWP44GE5ZCI44KP44Gb44Gv44CB44Oh44O844Kr44O844Gu44GK5a6i5qeY44K744Oz44K/44O844G455u05o6l44GK5ZWP44GE5ZCI44KP44Gb44GP44Gg44GV44GE44CCCjxicj48YnI+PGJyPjxicj4KPCEtLSDms6jmlofpgJ/loLEgLS0+CjxkaXYgaWQ9Im5ldy1hcnJpdmFsIj4KCjwvZGl2Pgo8IS0tIC/ms6jmlofpgJ/loLEgLS0+Cjxicj48YnI+CjwhLS0gZ2RvIOOBiuOBmeOBmeOCgeWVhuWTgSAtLT4KCjwhLS0gL2dkbyDjgYrjgZnjgZnjgoHllYblk4EgLS0+Cjxicj48YnI+,44K/44Kk44OI44Oq44K544OI44CAVElUTEVJU1TjgIDjg5njg6vjg4jjgq/jg6rjg4Pjg5fjg57jg7zjgqvjg7wgQUpCTTMzW+OCtOODq+ODleeUqOWTgSDjgrTjg6vjg5Xjg57jg7zjgqvjg7wg44K044Or44OVIOODnuODvOOCq+ODvCBnb2xmIGdkb13vvJpHRE/jgrTjg6vjg5Xjgrfjg6fjg4Pjg5cg5qW95aSp5biC5aC05bqX,R0RP44K044Or44OV44OA44Kk44K444Kn44K544OI44O744Kq44Oz44Op44Kk44Oz44OJ44Op44Kk44OQ44O844OV44Kn44Ki44Km44Kn44Kk44Km44OD44OJ44Om44O844OG44Kj44Oq44OG44Kj44Ki44Kk44Ki44Oz44K744OD44OI44Km44Kn44OD44K444OR44K/44O844K044Or44OV44Oc44O844Or44K044Or44OV44Km44Kn44Ki44K044Or44OV44OQ44OD44Kw44K044Or44OV44K344Ol44O844K644K/44Kk44OI44Oq44K544OI44CAVElUTEVJU1TjgIDjg5njg6vjg4jjgq/jg6rjg4Pjg5fjg57jg7zjgqvjg7wgQUpCTTMzW+OCtOODq+ODleeUqOWTgSDjgrTjg6vjg5Xjg57jg7zjgqvjg7wg44K044Or44OVIOODnuODvOOCq+ODvCBnb2xmIGdkb10=,MTPmmYLjgb7jgafjgafjgYLjgZnmpb3lr77lv5zjgILjgr/jgqTjg4jjg6rjgrnjg4jjgIBUSVRMRUlTVOOAgOODmeODq+ODiOOCr+ODquODg+ODl+ODnuODvOOCq+ODvCBBSkJNMzNb44K044Or44OV55So5ZOBIOOCtOODq+ODleODnuODvOOCq+ODvCDjgrTjg6vjg5Ug44Oe44O844Kr44O8IGdvbGYgZ2RvXQ==[rn]
25-79851,aHR0cDovL3RzaG9wLnIxMHMuanAvZ2Rvc2hvcC9jYWJpbmV0LzQ2Ni8wMDAwNDczOTY2XzEuanBnP2ZpdGluPTcwMDo3MDA=,MTI5Ni4wMDAw,,44K544Od44O844OE44O744Ki44Km44OI44OJ44KiID4g44K044Or44OVID4g44Op44Km44Oz44OJ55So5ZOB44O75bCP54mpID4g44Oe44O844Kr44O844O744OP44OD44OI44Kv44Oq44OD44OX,44K/44Kk44OI44Oq44K544OI44CAVElUTEVJU1TjgIDjg5zjg7zjg6vjg57jg7zjgqvjg7wgQUpCTTU2W+OCtOODq+ODleeUqOWTgSDjgrTjg6vjg5Xjg57jg7zjgqvjg7wg44K044Or44OVIOODnuODvOOCq+ODvCBnb2xmIGdkb10=,MTPmmYLjgb7jgafjgafjgYLjgZnmpb3lr77lv5w=,PGJyPjxkaXYgY2xhc3M9InByb2R1Y3QtZGV0YWlsIj48ZGl2IGNsYXNzPSJwcm9kdWN0LWRldGFpbC1oZWFkZXIiPjxkaXYgY2xhc3M9InByb2R1Y3QtZGV0YWlsLXRpdGxlIj48cD48c3BhbiBjbGFzcz0icHJvZHVjdC1kZXRhaWwtdGl0bGUtdGV4dCI+44Oc44O844Or44Oe44O844Kr44O8IEFKQk01Njwvc3Bhbj48YnI+PHNwYW4gY2xhc3M9InByb2R1Y3QtZGV0YWlsLXN1YnRpdGxlLXRleHQiPuOCv+OCpOODiOODquOCueODiCAvIFRJVExFSVNUPC9zcGFuPjwvcD48L2Rpdj48L2Rpdj48ZGl2IGNsYXNzPSJwcm9kdWN0LWRldGFpbC1jb250ZW50Ij48dGFibGUgY2xhc3M9InByb2R1Y3QtZGV0YWlsLXNwZWMiPjx0cj48dGg+57Sg5p2QPC90aD48dGQ+5Lqc6Ymb5ZCI6YeRPC90ZD48L3RyPjx0cj48dGg+6KO96YCg5Zu9PC90aD48dGQ+5Lit5Zu9PC90ZD48L3RyPjx0cj48dGg+44K144Kk44K644OQ44Oq44Ko44O844K344On44OzPC90aD48dGQ+Mi4zw5cyLjNjbTwvdGQ+PC90cj48L3RhYmxlPjwvZGl2PjwvZGl2PjxkaXYgY2xhc3M9InByb2R1Y3QtZGV0YWlsLWJvdHRvbSI+PC9kaXY+PHN0eWxlIHR5cGU9InRleHQvY3NzIj4KPCEtLQoKZGl2I0hlYWRlcktleXdvcmQgewoJcG9zaXRpb246YWJzb2x1dGU7Cgl0b3A6NjBweDsvKuS4gOeVquS4iuOBi+OCieOBruS9jee9riovCglsZWZ0OjMwcHg7Lyrlt6bnq6/jgYvjgonjga7kvY3nva4qLwp9CgpkaXYjSGVhZGVyS2V5d29yZCBzcGFuIHsKCWJhY2tncm91bmQ6ICNiZjAwMDA7Cgljb2xvcjojZmZmOwoJZm9udC13ZWlnaHQ6Ym9sZDsKCXBhZGRpbmc6MnB4IDVweDsKfQoKZGl2I0hlYWRlcktleXdvcmQgYSB7Cgljb2xvcjojMDA0NENDOwp9Cgp0ZC5pbnZlbnRvcnkgZm9udHsKCWZvbnQtc2l6ZToxMHB4OwoJY29sb3I6IzY2NjY2NjsKfQoKdGQuaW52ZW50b3J5ewoJd29yZC13cmFwOmJyZWFrLXdvcmQ7Cgl3aWR0aDoxMDBweDsKfQoKCi0tPgoKPC9zdHlsZT4KCgoKPGRpdiBpZD0iSGVhZGVyS2V5d29yZCI+CjxzcGFuPuazqOebruOBruOCreODvOODr+ODvOODiTwvc3Bhbj4K44OX44O844OeCuODq+OCs+ODg+OCrwrjg4rjgqTjgq0K44Ki44OJ44Of44Op44OrCuODnuODs+OCt+ODs+OCsOOCpuOCp+OCouOAgAo8L2Rpdj4KCu+8nO+8nOazqOaEj+S6i+mghe+8nu+8njxicj48YnI+CjxiPuOCsOODreODvOODljwvYj48YnI+CuODu+WVhuWTgeWQjeOBq+ODrOODleODhuOCo+OBruiomOi8ieOBjOOBguOCi+WVhuWTgeOBr+W3pueUqOOBqOOBquOCiuOBvuOBmeOBjOOAgeODrOODleODhuOCo+WVhuWTgeOCguWPs+eUqOOBrueUu+WDj+OCkuaOsui8ieOBl+OBpuOBhOOCi+WgtOWQiOOBjOOBguOCiuOBvuOBmeOAgjxicj48YnI+CjxiPui3nemboua4rOWumuWZqOOBruS/neiovOacn+mWkzwvYj48YnI+CuODu+WVhuWTgeOBq+WQjOaiseOBleOCjOOCi+e0jeWTgeabuOiomOi8ieOBruWHuuiNt+aXpeS7mOOBi+OCiTHlubTplpPjga7kv53oqLzjgajjgarjgorjgb7jgZnjgILkv53oqLzjgavjgaTjgYTjgabjga/jgIHoo73lk4Hku5jlsZ7jga7kv53oqLzmm7jjgYrjgojjgbPntI3lk4Hmm7jjgYzlv4XopoHjgajjgarjgorjgb7jgZnjgILjgYrosrfjgYTkuIrjgZLlvozjga/lpKfliIfjgavkv53nrqHjgY/jgaDjgZXjgYTjgII8YnI+CuODu+mbu+WMluijveWTgeOBr+WVhuWTgeOBrueJueaAp+S4iuOAgemAmumbu+W+jOOBrui/lOWTgeODu+S6pOaPm+OCkuOBiuWPl+OBkeOBp+OBjeOBvuOBm+OCk+OAguOBvuOBn+OAgeWVhuWTgeOBq+mWouOBmeOCi+aKgOihk+eahOOBquOBiuWVj+OBhOWQiOOCj+OBm+OBr+OAgeODoeODvOOCq+ODvOOBruOBiuWuouanmOOCu+ODs+OCv+ODvOOBuOebtOaOpeOBiuWVj+OBhOWQiOOCj+OBm+OBj+OBoOOBleOBhOOAggo8YnI+PGJyPjxicj48YnI+CjwhLS0g5rOo5paH6YCf5aCxIC0tPgo8ZGl2IGlkPSJuZXctYXJyaXZhbCI+Cgo8L2Rpdj4KPCEtLSAv5rOo5paH6YCf5aCxIC0tPgo8YnI+PGJyPgo8IS0tIGdkbyDjgYrjgZnjgZnjgoHllYblk4EgLS0+Cgo8IS0tIC9nZG8g44GK44GZ44GZ44KB5ZWG5ZOBIC0tPgo8YnI+PGJyPg==,44K/44Kk44OI44Oq44K544OI44CAVElUTEVJU1TjgIDjg5zjg7zjg6vjg57jg7zjgqvjg7wgQUpCTTU2W+OCtOODq+ODleeUqOWTgSDjgrTjg6vjg5Xjg57jg7zjgqvjg7wg44K044Or44OVIOODnuODvOOCq+ODvCBnb2xmIGdkb13vvJpHRE/jgrTjg6vjg5Xjgrfjg6fjg4Pjg5cg5qW95aSp5biC5aC05bqX,R0RP44K044Or44OV44OA44Kk44K444Kn44K544OI44O744Kq44Oz44Op44Kk44Oz44OJ44Op44Kk44OQ44O844OV44Kn44Ki44Km44Kn44Kk44Km44OD44OJ44Om44O844OG44Kj44Oq44OG44Kj44Ki44Kk44Ki44Oz44K744OD44OI44Km44Kn44OD44K444OR44K/44O844K044Or44OV44Oc44O844Or44K044Or44OV44Km44Kn44Ki44K044Or44OV44OQ44OD44Kw44K044Or44OV44K344Ol44O844K644K/44Kk44OI44Oq44K544OI44CAVElUTEVJU1TjgIDjg5zjg7zjg6vjg57jg7zjgqvjg7wgQUpCTTU2W+OCtOODq+ODleeUqOWTgSDjgrTjg6vjg5Xjg57jg7zjgqvjg7wg44K044Or44OVIOODnuODvOOCq+ODvCBnb2xmIGdkb10=,MTPmmYLjgb7jgafjgafjgYLjgZnmpb3lr77lv5zjgILjgr/jgqTjg4jjg6rjgrnjg4jjgIBUSVRMRUlTVOOAgOODnOODvOODq+ODnuODvOOCq+ODvCBBSkJNNTZb44K044Or44OV55So5ZOBIOOCtOODq+ODleODnuODvOOCq+ODvCDjgrTjg6vjg5Ug44Oe44O844Kr44O8IGdvbGYgZ2RvXQ==[rn]
25-79852,aHR0cDovL3RzaG9wLnIxMHMuanAvYWR2YW5jZXNwb3J0cy9jYWJpbmV0L3dpbndpbi9tcGdkLTIuZ2lmP2ZpdGluPTcwMDo3MDA=,NzY4LjAwMDA=,,44K544Od44O844OE44O744Ki44Km44OI44OJ44KiID4g44K044Or44OVID4g44Op44Km44Oz44OJ55So5ZOB44O75bCP54mpID4g44Oe44O844Kr44O844O744OP44OD44OI44Kv44Oq44OD44OX,V0lOV0lOIFNUWUxFLeOCpuOCo+ODs+OCpuOCo+ODsyDjgrnjgr/jgqTjg6stTUVHQSBNQVJLRVIt44Oh44Ks44Oe44O844Kr44O8LeOAkE1JR0hUWSBQSE9FTklYIEdPTEQgdmVy44CR44CQ44Kv44Ot44ON44KzRE3kvr/jgarjgonpgIHmlpkxNjTlhoYhIeOAkQ==,44CQMjAxNeW5tOODouODh+ODqyEh44CR,PGltZyBzcmM9Imh0dHA6Ly9pbWFnZS5yYWt1dGVuLmNvLmpwL2FkdmFuY2VzcG9ydHMvY2FiaW5ldC93aW53aW4vbXBnZC0xLmdpZiI+PGJyPgoKPGltZyBzcmM9Imh0dHA6Ly9pbWFnZS5yYWt1dGVuLmNvLmpwL2FkdmFuY2VzcG9ydHMvY2FiaW5ldC9pbWdyYzAwNjU3MTU0MjYuZ2lmIj48YnI+Cgo8aW1nIHNyYz0iaHR0cDovL2ltYWdlLnJha3V0ZW4uY28uanAvYWR2YW5jZXNwb3J0cy9jYWJpbmV0L3Rvcml5b3NlLmdpZiI+PGZvbnQgY29sb3I9InJlZCJzaXplPSIzIj4K44GT44Gh44KJ44Gv44Oh44O844Kr44O85Y+W44KK5a+E44Gb5ZWG5ZOB44Gn44GU44GW44GE44G+44GZ44CCPGJyPgrjgZTms6jmlofjga7jgr/jgqTjg5/jg7PjgrDjgavjgojjgorjgb7jgZfjgabjga/jgIHlnKjluqvlrozlo7Ljga7jgZ/jgoE8YnI+CuOBiuWxiuOBkeOBjOOBp+OBjeOBquOBhOWPr+iDveaAp+OBjOOBlOOBluOBhOOBvuOBmeOAggo8YnI+44GC44KJ44GL44GY44KB44GU5LqG5om/44GP44Gg44GV44GE44G+44Gb44CCPGJyPgrjgq/jg63jg43jgrNETeS+v+OBr+OBiuWxiuOBkeaXpeOBruaMh+WumuOAgeS7o+mHkeW8leaPm+OBqOOBruS9teeUqOOBjDxicj4K44Gn44GN44G+44Gb44KT44Gu44Gn44GC44KJ44GL44GY44KB44GU5LqG5om/44GP44Gg44GV44GE44CCIAo8L2ZvbnQ+PHN0eWxlIHR5cGU9InRleHQvY3NzIj4KPCEtLQpib2R5ewoKICAgICBiYWNrZ3JvdW5kLWltYWdlOiB1cmwoIiIpOwogICAgIGJhY2tncm91bmQtcmVwZWF0OiByZXBlYXQteTsKICAgICBiYWNrZ3JvdW5kLWF0dGFjaG1lbnQ6IHNjcm9sbDsKICAgICBiYWNrZ3JvdW5kLXBvc2l0aW9uOnJpZ2h0Cn0KLS0+Cjwvc3R5bGU+IAoKPHN0eWxlIHR5cGU9InRleHQvY3NzIj4KPCEtLQp0ZC5pbnZlbnRvcnkgZm9udHtmb250LXNpemU6MTBweDtjb2xvcjojNjY2NjY2O30KLS0+Cjwvc3R5bGU+,V0lOV0lOIFNUWUxFLeOCpuOCo+ODs+OCpuOCo+ODsyDjgrnjgr/jgqTjg6stTUVHQSBNQVJLRVIt44Oh44Ks44Oe44O844Kr44O8LeOAkE1JR0hUWSBQSE9FTklYIEdPTEQgdmVy44CR44CQ44Kv44Ot44ON44KzRE3kvr/jgarjgonpgIHmlpkxNjTlhoYhIeOAke+8muOCouODieODkOODs+OCueOCueODneODvOODhA==,V0lOV0lOIFNUWUxFLeOCpuOCo+ODs+OCpuOCo+ODsyDjgrnjgr/jgqTjg6stTUVHQSBNQVJLRVIt44Oh44Ks44Oe44O844Kr44O8LeOAkE1JR0hUWSBQSE9FTklYIEdPTEQgdmVy44CR44CQ44Kv44Ot44ON44KzRE3kvr/jgarjgonpgIHmlpkxNjTlhoYhIeOAkQ==,44CQMjAxNeW5tOODouODh+ODqyEh44CR44CCV0lOV0lOIFNUWUxFLeOCpuOCo+ODs+OCpuOCo+ODsyDjgrnjgr/jgqTjg6stTUVHQSBNQVJLRVIt44Oh44Ks44Oe44O844Kr44O8LeOAkE1JR0hUWSBQSE9FTklYIEdPTEQgdmVy44CR44CQ44Kv44Ot44ON44KzRE3kvr/jgarjgonpgIHmlpkxNjTlhoYhIeOAkQ==[rn]
25-79853,aHR0cDovL3RzaG9wLnIxMHMuanAvZ2Rvc2hvcC9jYWJpbmV0LzEzMi8wMDAwNTAwNjMyXzEuanBnP2ZpdGluPTcwMDo3MDA=,MTU1NS4yMDAw,,44K544Od44O844OE44O744Ki44Km44OI44OJ44KiID4g44K044Or44OVID4g44Op44Km44Oz44OJ55So5ZOB44O75bCP54mpID4g44Oe44O844Kr44O844O744OP44OD44OI44Kv44Oq44OD44OX,44OS44O844Or44Kv44Oq44O844Kv44CASGVhbCBDcmVla+OAgOOCr+ODquODg+ODl+ODnuODvOOCq+ODvCAwMDMtOTEyNjlb44K044Or44OV55So5ZOBIOOCtOODq+ODlSDjg57jg7zjgqvjg7xd,MTPmmYLjgb7jgafjgafjgYLjgZnmpb3lr77lv5w=,PGJyPjxkaXYgY2xhc3M9InByb2R1Y3QtZGV0YWlsIj48ZGl2IGNsYXNzPSJwcm9kdWN0LWRldGFpbC1oZWFkZXIiPjxkaXYgY2xhc3M9InByb2R1Y3QtZGV0YWlsLXRpdGxlIj48cD48c3BhbiBjbGFzcz0icHJvZHVjdC1kZXRhaWwtdGl0bGUtdGV4dCI+44Kv44Oq44OD44OX44Oe44O844Kr44O8IDAwMy05MTI2OTwvc3Bhbj48YnI+PHNwYW4gY2xhc3M9InByb2R1Y3QtZGV0YWlsLXN1YnRpdGxlLXRleHQiPuODkuODvOODq+OCr+ODquODvOOCryAvIEhlYWwgQ3JlZWs8L3NwYW4+PC9wPjwvZGl2PjwvZGl2PjxkaXYgY2xhc3M9InByb2R1Y3QtZGV0YWlsLWNvbnRlbnQiPjx0YWJsZSBjbGFzcz0icHJvZHVjdC1kZXRhaWwtc3BlYyI+PHRyPjx0aD7jgr/jgqTjg5c8L3RoPjx0ZD7jgq/jg6rjg4Pjg5fjgr/jgqTjg5c8L3RkPjwvdHI+PHRyPjx0aD7ntKDmnZA8L3RoPjx0ZD7jgq/jg6rjg4Pjg5fvvJrlkIjmiJDnmq7pnako44Od44Oq5aGp5YyW44OT44OL44OrKe+8j+ODnuODvOOCq+ODvO+8muS6nOmJm+OCreODo+OCueODiOOAgeacrOiyneOAgeOCqOODneOCreOCt+aoueiEguOAgeejgeefszwvdGQ+PC90cj48dHI+PHRoPuijvemAoOWbvTwvdGg+PHRkPuaXpeacrDwvdGQ+PC90cj48L3RhYmxlPjwvZGl2PjwvZGl2PjxkaXYgY2xhc3M9InByb2R1Y3QtZGV0YWlsLWJvdHRvbSI+PC9kaXY+PGRpdiBjbGFzcz0icHJvZHVjdC1kZXRhaWwtY29udGVudCI+PHA+44Ki44Km44OI44Os44OD44OIPC9wPjwvZGl2PjxzdHlsZSB0eXBlPSJ0ZXh0L2NzcyI+CjwhLS0KCmRpdiNIZWFkZXJLZXl3b3JkIHsKCXBvc2l0aW9uOmFic29sdXRlOwoJdG9wOjYwcHg7LyrkuIDnlarkuIrjgYvjgonjga7kvY3nva4qLwoJbGVmdDozMHB4Oy8q5bem56uv44GL44KJ44Gu5L2N572uKi8KfQoKZGl2I0hlYWRlcktleXdvcmQgc3BhbiB7CgliYWNrZ3JvdW5kOiAjYmYwMDAwOwoJY29sb3I6I2ZmZjsKCWZvbnQtd2VpZ2h0OmJvbGQ7CglwYWRkaW5nOjJweCA1cHg7Cn0KCmRpdiNIZWFkZXJLZXl3b3JkIGEgewoJY29sb3I6IzAwNDRDQzsKfQoKdGQuaW52ZW50b3J5IGZvbnR7Cglmb250LXNpemU6MTBweDsKCWNvbG9yOiM2NjY2NjY7Cn0KCnRkLmludmVudG9yeXsKCXdvcmQtd3JhcDpicmVhay13b3JkOwoJd2lkdGg6MTAwcHg7Cn0KCgotLT4KCjwvc3R5bGU+CgoKCjxkaXYgaWQ9IkhlYWRlcktleXdvcmQiPgo8c3Bhbj7ms6jnm67jga7jgq3jg7zjg6/jg7zjg4k8L3NwYW4+CuODl+ODvOODngrjg6vjgrPjg4Pjgq8K44OK44Kk44KtCuOCouODieODn+ODqeODqwrjg57jg7Pjgrfjg7PjgrDjgqbjgqfjgqLjgIAKPC9kaXY+CgrvvJzvvJzms6jmhI/kuovpoIXvvJ7vvJ48YnI+PGJyPgo8Yj7jgrDjg63jg7zjg5Y8L2I+PGJyPgrjg7vllYblk4HlkI3jgavjg6zjg5Xjg4bjgqPjga7oqJjovInjgYzjgYLjgovllYblk4Hjga/lt6bnlKjjgajjgarjgorjgb7jgZnjgYzjgIHjg6zjg5Xjg4bjgqPllYblk4HjgoLlj7PnlKjjga7nlLvlg4/jgpLmjrLovInjgZfjgabjgYTjgovloLTlkIjjgYzjgYLjgorjgb7jgZnjgII8YnI+PGJyPgo8Yj7ot53pm6LmuKzlrprlmajjga7kv53oqLzmnJ/plpM8L2I+PGJyPgrjg7vllYblk4HjgavlkIzmorHjgZXjgozjgovntI3lk4Hmm7joqJjovInjga7lh7rojbfml6Xku5jjgYvjgokx5bm06ZaT44Gu5L+d6Ki844Go44Gq44KK44G+44GZ44CC5L+d6Ki844Gr44Gk44GE44Gm44Gv44CB6KO95ZOB5LuY5bGe44Gu5L+d6Ki85pu444GK44KI44Gz57SN5ZOB5pu444GM5b+F6KaB44Go44Gq44KK44G+44GZ44CC44GK6LK344GE5LiK44GS5b6M44Gv5aSn5YiH44Gr5L+d566h44GP44Gg44GV44GE44CCPGJyPgrjg7vpm7vljJboo73lk4Hjga/llYblk4Hjga7nibnmgKfkuIrjgIHpgJrpm7vlvozjga7ov5Tlk4Hjg7vkuqTmj5vjgpLjgYrlj5fjgZHjgafjgY3jgb7jgZvjgpPjgILjgb7jgZ/jgIHllYblk4HjgavplqLjgZnjgovmioDooZPnmoTjgarjgYrllY/jgYTlkIjjgo/jgZvjga/jgIHjg6Hjg7zjgqvjg7zjga7jgYrlrqLmp5jjgrvjg7Pjgr/jg7zjgbjnm7TmjqXjgYrllY/jgYTlkIjjgo/jgZvjgY/jgaDjgZXjgYTjgIIKPGJyPjxicj48YnI+PGJyPgo8IS0tIOazqOaWh+mAn+WgsSAtLT4KPGRpdiBpZD0ibmV3LWFycml2YWwiPgoKPC9kaXY+CjwhLS0gL+azqOaWh+mAn+WgsSAtLT4KPGJyPjxicj4KPCEtLSBnZG8g44GK44GZ44GZ44KB5ZWG5ZOBIC0tPgoKPCEtLSAvZ2RvIOOBiuOBmeOBmeOCgeWVhuWTgSAtLT4KPGJyPjxicj4=,44OS44O844Or44Kv44Oq44O844Kv44CASGVhbCBDcmVla+OAgOOCr+ODquODg+ODl+ODnuODvOOCq+ODvCAwMDMtOTEyNjlb44K044Or44OV55So5ZOBIOOCtOODq+ODlSDjg57jg7zjgqvjg7xd77yaR0RP44K044Or44OV44K344On44OD44OXIOalveWkqeW4guWgtOW6lw==,R0RP44K044Or44OV44OA44Kk44K444Kn44K544OI44O744Kq44Oz44Op44Kk44Oz44OJ44Op44Kk44OQ44O844OV44Kn44Ki44Km44Kn44Kk44Km44OD44OJ44Om44O844OG44Kj44Oq44OG44Kj44Ki44Kk44Ki44Oz44K744OD44OI44Km44Kn44OD44K444OR44K/44O844K044Or44OV44Oc44O844Or44K044Or44OV44Km44Kn44Ki44K044Or44OV44OQ44OD44Kw44K044Or44OV44K344Ol44O844K644OS44O844Or44Kv44Oq44O844Kv44CASGVhbCBDcmVla+OAgOOCr+ODquODg+ODl+ODnuODvOOCq+ODvCAwMDMtOTEyNjlb44K044Or44OV55So5ZOBIOOCtOODq+ODlSDjg57jg7zjgqvjg7xd,MTPmmYLjgb7jgafjgafjgYLjgZnmpb3lr77lv5zjgILjg5Ljg7zjg6vjgq/jg6rjg7zjgq/jgIBIZWFsIENyZWVr44CA44Kv44Oq44OD44OX44Oe44O844Kr44O8IDAwMy05MTI2OVvjgrTjg6vjg5XnlKjlk4Eg44K044Or44OVIOODnuODvOOCq+ODvF0=[rn]
25-79854,aHR0cDovL3RzaG9wLnIxMHMuanAvZnVsbC1zaG90L2NhYmluZXQvMDU1MTQ3NTcvZGEwMzUuanBnP2ZpdGluPTcwMDo3MDA=,ODAwLjAwMDA=,,44K544Od44O844OE44O744Ki44Km44OI44OJ44KiID4g44K044Or44OVID4g44Op44Km44Oz44OJ55So5ZOB44O75bCP54mpID4g44Oe44O844Kr44O844O744OP44OD44OI44Kv44Oq44OD44OX,44CQ44ON44Kz44Od44K55Y+v6IO944CR44CQMjAxN+W5tOODouODh+ODq+OAkeOCpuOCo+ODs+OCpuOCo+ODs+OCueOCv+OCpOODqyBEQTAzNSDjg6Hjgqzjgq/jg6rjg4Pjg5cgV0lOV0lOIFNUWUxF,,PGRpdiBpZD0iaXRlbS13cmFwcGVyIj4KCjxpbWcgc3JjPSJodHRwOi8vaW1hZ2UucmFrdXRlbi5jby5qcC9mdWxsLXNob3QvY2FiaW5ldC8wMzI5MTYyMy8yMDE3c3BzbS13aW53aW4uZ2lmIj4KCjxkaXYgaWQ9Iml0ZW0tbWlkYXNoaSI+CuOAkOODjeOCs+ODneOCueWPr+iDveOAkeOAkDIwMTflubTjg6Ljg4fjg6vjgJHjgqbjgqPjg7PjgqbjgqPjg7Pjgrnjgr/jgqTjg6sgREEwMzUg44Oh44Ks44Kv44Oq44OD44OXIFdJTldJTiBTVFlMRQo8L2Rpdj4KCjxkaXYgY2xhc3M9Iml0ZW0tZXhwbGFpbiI+44Oh44Ks44Oe44O844Kr44O844KS44Kv44Oq44OD44OX44Gn44Kr44Oz44K/44Oz44Gr44Ob44O844Or44OJ44CCPC9kaXY+Cgo8aW1nIHNyYz0iaHR0cDovL2ltYWdlLnJha3V0ZW4uY28uanAvZnVsbC1zaG90L2NhYmluZXQvMDU1MTQ3NTcvZGEwMzUuanBnIiBjbGFzcz0iaXRlbS1pbWciPgoKPGltZyBzcmM9Imh0dHA6Ly9pbWFnZS5yYWt1dGVuLmNvLmpwL2Z1bGwtc2hvdC9jYWJpbmV0LzA1NTE0NzU3L2RhMDM1XzEuanBnIiBjbGFzcz0iaXRlbS1pbWciPgoKPHRhYmxlIGNsYXNzPSJpdGVtLXNwZWMiPgo8Y2FwdGlvbj48ZGl2PjwvZGl2PjwvY2FwdGlvbj4KPHRyPgo8dGg+57Sg5p2QPC90aD4KPHRkPuOCueODgeODvOODq++8iOmJhO+8iTwvdGQ+CjwvdHI+Cjx0cj4KPHRoPuOCteOCpOOCujwvdGg+Cjx0ZD5XMjVtbcOXSDMxbW08L3RkPgo8L3RyPgo8dHI+Cjx0aD7ph43jgZU8L3RoPgo8dGQ+OGc8L3RkPgo8L3RyPgo8dHI+Cjx0aD7jgqvjg6njg7w8L3RoPgo8dGQ+R0TvvIhEQTAzNe+8ie+8j1NM77yIREEwMzbvvIk8L3RkPgo8L3RyPgo8L3RhYmxlPgoKPGltZyBzcmM9Imh0dHA6Ly9pbWFnZS5yYWt1dGVuLmNvLmpwL2Z1bGwtc2hvdC9jYWJpbmV0LzAzMjg4ODkyL2ltZ3JjMDA2MzQ5MzQ0My5naWYiIHdpZHRoPSI3MjBweCIgY2xhc3M9Im1hcmdpbl9iMzIiPgoKPC9kaXY+Cgo8ZGl2IGlkPSJ6YWlrby10dGwiPuWcqOW6q+OBq+OBpOOBjeOBvuOBl+OBpjwvZGl2Pgo8ZGl2IGlkPSJ6YWlrbyI+4oC75Zyo5bqr44OH44O844K/44Gv5a6a5pyf55qE44Gr5pu05paw44GX44Gm44GK44KK44G+44GZ44GM44CB5a6f5bqX6IiX44Go5Zyo5bqr44KS5YWx5pyJ44GX44Gm44GE44KL5ZWG5ZOB44KC44GU44GW44GE44G+44GZ44Gu44Gn44CB5pel44CF5Zyo5bqr44GM5aSJ5YuV44GX44Gm44GK44KK44CB44GU5rOo5paH44Gu44K/44Kk44Of44Oz44Kw44Gr44KI44Gj44Gm44Gv5qyg5ZOB44O75a6M5aOy44Gu5aC05ZCI44GM44GU44GW44GE44G+44GZ44CCCuOBiuWPluOCiuWvhOOBm+OBruWVhuWTgeOBq+OBpOOBjeOBvuOBl+OBpuOCguOAgeODquOCouODq+OCv+OCpOODoOOBruODoeODvOOCq+ODvOWcqOW6q+OBp+OBr+OBlOOBluOBhOOBvuOBm+OCk+OBruOBp+OAgeS6iOOCgeOBlOS6huaJv+S4i+OBleOBhOOAguOBlOazqOaWh+WVhuWTgeOBruWcqOW6q+acieeEoeODu+e0jeacn+OBq+OBpOOBjeOBvuOBl+OBpuOBr+OAgeW9k+W6l+OBi+OCieOBruODoeODvOODq+OBq+OBpuOBiuefpeOCieOBm+OBhOOBn+OBl+OBvuOBmeOAgjwvZGl2Pjxicj48YnI+,44CQ44ON44Kz44Od44K55Y+v6IO944CR44CQMjAxN+W5tOODouODh+ODq+OAkeOCpuOCo+ODs+OCpuOCo+ODs+OCueOCv+OCpOODqyBEQTAzNSDjg6Hjgqzjgq/jg6rjg4Pjg5cgV0lOV0lOIFNUWUxF77ya44OV44Or44K344On44OD44OI5qW95aSp5biC5aC05bqX,44OV44Or44K344On44OD44OI44Kt44Oj44Ot44Km44Kn44Kk44OG44O844Op44O844Oh44Kk44OJ44K/44Kk44OI44Oq44K544OI44K844Kv44K344Kq44K044Or44OV44Or44Kz44OD44Kv44Os44OH44Kj44O844K544Kt44Oj44OH44Kj44OQ44OD44Kw44OJ44Op44Kk44OQ44O844Kq44O844Kv44Oq44O844Oe44Oz44K344Oz44Kw44OX44O844Oe44OK44Kk44Kt44Kz44OW44Op44Ki44OH44Kj44OA44K544Ki44OJ44Of44Op44Or44OW44Oq44OC44K544OI44Oz44Kz44Op44Oz44OI44OD44OG44OA44Kk44OK44Oi44CQ44ON44Kz44Od44K55Y+v6IO944CR44CQMjAxN+W5tOODouODh+ODq+OAkeOCpuOCo+ODs+OCpuOCo+ODs+OCueOCv+OCpOODqyBEQTAzNSDjg6Hjgqzjgq/jg6rjg4Pjg5cgV0lOV0lOIFNUWUxF,44CQ44ON44Kz44Od44K55Y+v6IO944CR44CQMjAxN+W5tOODouODh+ODq+OAkeOCpuOCo+ODs+OCpuOCo+ODs+OCueOCv+OCpOODqyBEQTAzNSDjg6Hjgqzjgq/jg6rjg4Pjg5cgV0lOV0lOIFNUWUxF[rn]
25-79855,aHR0cDovL3RzaG9wLnIxMHMuanAvZnVsbC1zaG90L2NhYmluZXQvMDU1MTQ3NTcvb3EwNDE3LmpwZz9maXRpbj03MDA6NzAw,MTA0MC4wMDAw,,44K544Od44O844OE44O744Ki44Km44OI44OJ44KiID4g44K044Or44OVID4g44Op44Km44Oz44OJ55So5ZOB44O75bCP54mpID4g44Oe44O844Kr44O844O744OP44OD44OI44Kv44Oq44OD44OX,44CQ44ON44Kz44Od44K55Y+v6IO944CR44CQMjAxN+ODouODh+ODq+OAkeOCquODjuODlSBPUTA0MTcg44Oc44O844Or44Oe44O844Kr44O8IE9OT0ZG,,PGRpdiBpZD0iaXRlbS13cmFwcGVyIj4KCjxpbWcgc3JjPSJodHRwOi8vaW1hZ2UucmFrdXRlbi5jby5qcC9mdWxsLXNob3QvY2FiaW5ldC8wNTUxNDc1Ny8yMDE3c3BzbS1vbm9mZi1hY2MuanBnIj4KCjxkaXYgaWQ9Iml0ZW0tbWlkYXNoaSI+CuOAkOODjeOCs+ODneOCueWPr+iDveOAkeOAkDIwMTfjg6Ljg4fjg6vjgJHjgqrjg47jg5UgT1EwNDE3IOODnOODvOODq+ODnuODvOOCq+ODvCBPTk9GRgoKPC9kaXY+Cgo8ZGl2IGlkPSJpdGVtLXdyYXBwYXItaW5uZXIiPgoKPGRpdiBjbGFzcz0iaXRlbS1leHBsYWluIj5PTk9GRuODluODqeODs+ODieOBruOCueOCv+OCpOODq+ODhuODvOODnuOBp+OBguOCi+ODouODgOODs+ODluODquODhuOCo+ODg+OCt+ODpeOCkuihqOePvuOBl+OBn+ODluODreODg+OCr+ODgeOCp+ODg+OCr+OCt+ODquODvOOCuuOBruODnOODvOODq+ODnuODvOOCq+ODvOOAgjwvZGl2PgoKPGltZyBzcmM9Imh0dHA6Ly9pbWFnZS5yYWt1dGVuLmNvLmpwL2Z1bGwtc2hvdC9jYWJpbmV0LzA1NTE0NzU3L29xMDQxN19hLmpwZyI+CjwvZGl2PgoKPGRpdiBpZD0iaXRlbS1kZXRhaWxzLXdyYXBwZXIiPgo8ZGl2IGNsYXNzPSJpdGVtLWRldGFpbHMtaW5uZXJib3hpbWciPjxpbWcgc3JjPSJodHRwOi8vaW1hZ2UucmFrdXRlbi5jby5qcC9mdWxsLXNob3QvY2FiaW5ldC8wNTUxNDc1Ny9vcTA0MTdfYi5qcGciPjxzcGFuIGNsYXNzPSJpdGVtLWRldGFpbHMtbWlkYXNoaSI+44Kv44Oq44OD44OX5byP44Oc44O844Or44Oe44O844Kr44O8PC9zcGFuPjxzcGFuPuOCr+ODquODg+ODl+OBq+OCguejgeefs+OBjOWGheiUteOBleOCjOOBpuOBhOOCi+OBruOBp+OAgeODkeODs+ODhOOBq+aMn+OCk+OBp+OCguOBiuS9v+OBhOOBhOOBn+OBoOOBkeOBvuOBmeOAgjwvc3Bhbj4KPC9kaXY+CjwvZGl2PgoKPGRpdiBjbGFzcz0iZmVhdHVyZSI+CuODkeODs+ODhOOBruODneOCseODg+ODiOOAgeODmeODq+ODiOODq+ODvOODl+etieOBq+aMn+OCk+OBp+S9v+eUqOOBmeOCi+OCr+ODquODg+ODl+OCv+OCpOODlzxicj4K44Kv44Oq44OD44OXK+ODnuODvOOCq+ODvO+8iDHoibLvvInjga7jgrvjg4Pjg4g8YnI+CuKAuyDjgq/jg6rjg4Pjg5fjgajjg57jg7zjgqvjg7zjga7jgqvjg6njg7zntYTlkIjjgZvjga/lpInmm7TjgafjgY3jgb7jgZvjgpMKPC9kaXY+Cgo8dGFibGUgY2xhc3M9Iml0ZW0tc3BlYyI+CjxjYXB0aW9uPjxkaXY+PC9kaXY+PC9jYXB0aW9uPgo8dHI+Cjx0aD7jgqvjg6njg7w8L3RoPgo8dGQ+44Ob44Ov44Kk44OIKuODkeODvOODl+ODq++8j+ODrOODg+ODiSrjg5vjg6/jgqTjg4jjgqTjgqjjg63jg7zvvI/jgrDjg6rjg7zjg7Mq44Os44OD44OJ77yP44Kk44Ko44Ot44O8KuODluODq+ODvDwvdGQ+CjwvdHI+Cjx0cj4KPHRoPue0oOadkDwvdGg+Cjx0ZD5QVkPvvI/no4Hnn7PvvI/piYQ8L3RkPgo8L3RyPgo8dHI+Cjx0aD7ljp/nlKPlm708L3RoPgo8dGQ+5Lit5Zu9PC90ZD4KPC90cj4KPC90YWJsZT4KPGltZyBzcmM9Imh0dHA6Ly9pbWFnZS5yYWt1dGVuLmNvLmpwL2Z1bGwtc2hvdC9jYWJpbmV0LzAzMjg4ODkyL2ltZ3JjMDA2MzQ5MzQ0My5naWYiIHdpZHRoPSI3MjBweCIgY2xhc3M9Im1hcmdpbl9iMzIiPgo8L2Rpdj4KCjxkaXYgaWQ9InphaWtvLXR0bCI+5Zyo5bqr44Gr44Gk44GN44G+44GX44GmPC9kaXY+CjxkaXYgaWQ9InphaWtvIj7igLvlnKjluqvjg4fjg7zjgr/jga/lrprmnJ/nmoTjgavmm7TmlrDjgZfjgabjgYrjgorjgb7jgZnjgYzjgIHlrp/lupfoiJfjgajlnKjluqvjgpLlhbHmnInjgZfjgabjgYTjgovllYblk4HjgoLjgZTjgZbjgYTjgb7jgZnjga7jgafjgIHml6XjgIXlnKjluqvjgYzlpInli5XjgZfjgabjgYrjgorjgIHjgZTms6jmlofjga7jgr/jgqTjg5/jg7PjgrDjgavjgojjgaPjgabjga/mrKDlk4Hjg7vlrozlo7Ljga7loLTlkIjjgYzjgZTjgZbjgYTjgb7jgZnjgIIK44GK5Y+W44KK5a+E44Gb44Gu5ZWG5ZOB44Gr44Gk44GN44G+44GX44Gm44KC44CB44Oq44Ki44Or44K/44Kk44Og44Gu44Oh44O844Kr44O85Zyo5bqr44Gn44Gv44GU44GW44GE44G+44Gb44KT44Gu44Gn44CB5LqI44KB44GU5LqG5om/5LiL44GV44GE44CC44GU5rOo5paH5ZWG5ZOB44Gu5Zyo5bqr5pyJ54Sh44O757SN5pyf44Gr44Gk44GN44G+44GX44Gm44Gv44CB5b2T5bqX44GL44KJ44Gu44Oh44O844Or44Gr44Gm44GK55+l44KJ44Gb44GE44Gf44GX44G+44GZ44CCPC9kaXY+PGJyPjxicj4=,44CQ44ON44Kz44Od44K55Y+v6IO944CR44CQMjAxN+ODouODh+ODq+OAkeOCquODjuODlSBPUTA0MTcg44Oc44O844Or44Oe44O844Kr44O8IE9OT0ZG77ya44OV44Or44K344On44OD44OI5qW95aSp5biC5aC05bqX,44OV44Or44K344On44OD44OI44Kt44Oj44Ot44Km44Kn44Kk44OG44O844Op44O844Oh44Kk44OJ44K/44Kk44OI44Oq44K544OI44K844Kv44K344Kq44K044Or44OV44Or44Kz44OD44Kv44Os44OH44Kj44O844K544Kt44Oj44OH44Kj44OQ44OD44Kw44OJ44Op44Kk44OQ44O844Kq44O844Kv44Oq44O844Oe44Oz44K344Oz44Kw44OX44O844Oe44OK44Kk44Kt44Kz44OW44Op44Ki44OH44Kj44OA44K544Ki44OJ44Of44Op44Or44OW44Oq44OC44K544OI44Oz44Kz44Op44Oz44OI44OD44OG44OA44Kk44OK44Oi44CQ44ON44Kz44Od44K55Y+v6IO944CR44CQMjAxN+ODouODh+ODq+OAkeOCquODjuODlSBPUTA0MTcg44Oc44O844Or44Oe44O844Kr44O8IE9OT0ZG,44CQ44ON44Kz44Od44K55Y+v6IO944CR44CQMjAxN+ODouODh+ODq+OAkeOCquODjuODlSBPUTA0MTcg44Oc44O844Or44Oe44O844Kr44O8IE9OT0ZG[rn]
25-79856,aHR0cDovL3RzaG9wLnIxMHMuanAvZnVsbC1zaG90L2NhYmluZXQvMDQwMjQ4NjAvZ2dhMzQ4LmpwZz9maXRpbj03MDA6NzAw,OTYwLjAwMDA=,,44K544Od44O844OE44O744Ki44Km44OI44OJ44KiID4g44K044Or44OVID4g44Op44Km44Oz44OJ55So5ZOB44O75bCP54mpID4g44Oe44O844Kr44O844O744OP44OD44OI44Kv44Oq44OD44OX,44CQMjAxNuODouODh+ODq+OAkeODiuOCpOOCrSBHR0EzNDgg44OK44Kk44KtIOODnOODvOODq+ODnuODvOOCq+ODvOOCu+ODg+ODiCBOSUtF,6Ieq5YiG44Gu5L2N572u44KS44Oe44O844Kv,PGRpdiBhbGlnbj0iY2VudGVyIj4KCgo8aW1nIHNyYz0iaHR0cDovL2ltYWdlLnJha3V0ZW4uY28uanAvZnVsbC1zaG90L2NhYmluZXQvMDMyODg4OTIvbmlrZS1sb2dvLmdpZiI+CjxkaXYgc3R5bGU9IndpZHRoOjc0MHB4OyBoZWlnaHQ6NjVweDsgbGluZS1oZWlnaHQ6NjVweDsgdGV4dC1hbGlnbjpsZWZ0OyBmb250LXNpemU6OTAlOyBwYWRkaW5nLWxlZnQ6MTBweDsgYmFja2dyb3VuZC1pbWFnZTp1cmwoaHR0cDovL2ltYWdlLnJha3V0ZW4uY28uanAvZnVsbC1zaG90L2NhYmluZXQvMDMyOTE4MDcvdHRsLWJnLmdpZik7IGJhY2tncm91bmQtcmVwZWF0Om5vLXJlcGVhdDsgbWFyZ2luLWJvdHRvbTozMHB4OyI+CuODiuOCpOOCrSDjg5zjg7zjg6vjg57jg7zjgqvjg7zjgrvjg4Pjg4ggR0dBMzQ4CjwvZGl2PgoKCjxkaXYgc3R5bGU9IndpZHRoOjczNXB4OyBmb250LXNpemU6MTUwJTsgY29sb3I6I2ZmZmZmZjsgdGV4dC1hbGlnbjpsZWZ0OyBmb250LXdlaWdodDpib2xkOyB2ZXJ0aWNhbC1hbGlnbjp0b3A7IGJhY2tncm91bmQtY29sb3I6I2VlOWE1ZTsgcGFkZGluZzo1cHg7IG1hcmdpbi1ib3R0b206MTVweDsgYm9yZGVyLWxlZnQ6c29saWQgNXB4ICM2NjY2NjY7Ij7oh6rliIbjga7kvY3nva7jgpLjg57jg7zjgq88L2Rpdj4KPGRpdiBzdHlsZT0id2lkdGg6NzUwcHg7IGZvbnQtc2l6ZTo5MCU7IGNvbG9yOiMzMzMzMzM7IHRleHQtYWxpZ246bGVmdDsgdmVydGljYWwtYWxpZ246dG9wOyBiYWNrZ3JvdW5kLWNvbG9yOiNmZmZmZmY7IG1hcmdpbi1ib3R0b206MjBweDsiPuODiuOCpOOCrSDjgrTjg6vjg5Ug44Oc44O844OrIOODnuODvOOCq+ODvCDjgrvjg4Pjg4jjga/jgIHkuqTmj5vjgafjgY3jgos044Gk44Gu55Ww44Gq44KL44Kr44Op44O844KS5o6h55So44CC44Oe44O844Kr44O844KS44Kw44Oq44O844Oz44Gn57Ch5Y2Y44Gr6KaL44Gk44GR44KJ44KM44G+44GZ44CCPC9kaXY+CgoKPGRpdiBzdHlsZT0id2lkdGg6NjAwcHg7Ij4KPGltZyBzcmM9Imh0dHA6Ly9pbWFnZS5yYWt1dGVuLmNvLmpwL2Z1bGwtc2hvdC9jYWJpbmV0LzA0MDI0ODYwL2dnYTM0OF8xLmpwZyIgc3R5bGU9Im1hcmdpbi1ib3R0b206NDBweDsiPgo8L2Rpdj4KCgo8aW1nIHNyYz0iaHR0cDovL2ltYWdlLnJha3V0ZW4uY28uanAvZnVsbC1zaG90L2NhYmluZXQvMDMyODg4OTIvdHRsLWZlYXR1cmUuZ2lmIj4KPGRpdiBzdHlsZT0id2lkdGg6NzUwcHg7IGZvbnQtc2l6ZTo5MCU7IHRleHQtYWxpZ246bGVmdDsgdmVydGljYWwtYWxpZ246dG9wOyBtYXJnaW4tYm90dG9tOjQwcHg7Ij7ilqA056iu6aGe44Gu5Lqk5o+b5Y+v6IO944Gq44Kr44Op44O844Gn44Oc44O844Or44Gu5L2N572u44KS44Oe44O844KvPGJyPuKWoOODnuODvOOCq+ODvOOCkuWbuuWumuOBmeOCi+ODnuOCsOODjeODg+ODiOe0oOadkOOBruODmeODvOOCueOBp+ODnuODvOOCr+OBjOewoeWNmDwvZGl2PgoKCjxpbWcgc3JjPSJodHRwOi8vaW1hZ2UucmFrdXRlbi5jby5qcC9mdWxsLXNob3QvY2FiaW5ldC8wMzI4ODg5Mi90dGwtc3BlYy5naWYiPgo8dGFibGUgc3R5bGU9IndpZHRoOjc1MHB4OyBib3JkZXI6MXB4ICMzMzMzMzMgc29saWQ7IGJvcmRlci1jb2xsYXBzZTpjb2xsYXBzZTsgZm9udC1zaXplOjkwJTsgbWFyZ2luLWJvdHRvbTo0MHB4OyI+Cjx0cj4KPHRkIGFsaWduPSJsZWZ0IiBjb2xzcGFuPSI0IiBzdHlsZT0iYm9yZGVyOjFweCAjMzMzMzMzIHNvbGlkOyBiYWNrZ3JvdW5kLWNvbG9yOiNjY2NjY2M7IHBhZGRpbmc6MTBweDsgdmVydGljYWwtYWxpZ246bWlkZGxlOyI+5Y6f55Sj5Zu9CjwvdGQ+Cjx0ZCB3aWR0aD0iODAlIiBhbGlnbj0ibGVmdCIgc3R5bGU9ImJvcmRlcjoxcHggIzMzMzMzMyBzb2xpZDsgcGFkZGluZzoxMHB4OyB2ZXJ0aWNhbC1hbGlnbjptaWRkbGU7Ij7kuK3lm70KPC90ZD4KPC90cj4KPC90YWJsZT4KCgo8dGFibGUgd2lkdGg9Ijc1MHB4IiBib3JkZXI9IjAiIGNlbGxwYWRkaW5nPSIxMCIgY2VsbHNwYWNpbmc9IjAiIGFsaWduPSJjZW50ZXIiIHN0eWxlPSJmb250LXNpemU6OTAlOyBtYXJnaW4tYm90dG9tOjMwcHg7Ij4KPHRyPgo8dGQgaGVpZ2h0PSIyMCIgYmdjb2xvcj0iI2NjY2NjYyIgc3R5bGU9InRleHQtYWxpZ246Y2VudGVyOyI+5Zyo5bqr44Gr44Gk44GN44G+44GX44GmCjwvdGQ+CjwvdHI+Cjx0cj4KPHRkIGJnY29sb3I9IiNmMGYwZjAiPgrigLvlnKjluqvjg4fjg7zjgr/jga/lrprmnJ/nmoTjgavmm7TmlrDjgZfjgabjgYrjgorjgb7jgZnjgYzjgIHlrp/lupfoiJfjgajlnKjluqvjgpLlhbHmnInjgZfjgabjgYTjgovllYblk4HjgoLjgZTjgZbjgYTjgb7jgZnjga7jgafjgIHml6XjgIXlnKjluqvjgYzlpInli5XjgZfjgabjgYrjgorjgIHjgZTms6jmlofjga7jgr/jgqTjg5/jg7PjgrDjgavjgojjgaPjgabjga/mrKDlk4Hjg7vlrozlo7Ljga7loLTlkIjjgYzjgZTjgZbjgYTjgb7jgZnjgII8YnI+CuOBiuWPluOCiuWvhOOBm+OBruWVhuWTgeOBq+OBpOOBjeOBvuOBl+OBpuOCguOAgeODquOCouODq+OCv+OCpOODoOOBruODoeODvOOCq+ODvOWcqOW6q+OBp+OBr+OBlOOBluOBhOOBvuOBm+OCk+OBruOBp+OAgeS6iOOCgeOBlOS6huaJv+S4i+OBleOBhOOAguOBlOazqOaWh+WVhuWTgeOBruWcqOW6q+acieeEoeODu+e0jeacn+OBq+OBpOOBjeOBvuOBl+OBpuOBr+OAgeW9k+W6l+OBi+OCieOBruODoeODvOODq+OBq+OBpuOBiuefpeOCieOBm+OBhOOBn+OBl+OBvuOBmeOAggo8L3RkPgo8L3RyPgo8L3RhYmxlPgoKCjwvZGl2Pjxicj48YnI+,44CQMjAxNuODouODh+ODq+OAkeODiuOCpOOCrSBHR0EzNDgg44OK44Kk44KtIOODnOODvOODq+ODnuODvOOCq+ODvOOCu+ODg+ODiCBOSUtF77ya44OV44Or44K344On44OD44OI5qW95aSp5biC5aC05bqX,44OV44Or44K344On44OD44OI44Kt44Oj44Ot44Km44Kn44Kk44OG44O844Op44O844Oh44Kk44OJ44K/44Kk44OI44Oq44K544OI44K844Kv44K344Kq44K044Or44OV44Or44Kz44OD44Kv44Os44OH44Kj44O844K544Kt44Oj44OH44Kj44OQ44OD44Kw44OJ44Op44Kk44OQ44O844Kq44O844Kv44Oq44O844Oe44Oz44K344Oz44Kw44OX44O844Oe44OK44Kk44Kt44Kz44OW44Op44Ki44OH44Kj44OA44K544Ki44OJ44Of44Op44Or44OW44Oq44OC44K544OI44Oz44Kz44Op44Oz44OI44OD44OG44OA44Kk44OK44Oi44CQMjAxNuODouODh+ODq+OAkeODiuOCpOOCrSBHR0EzNDgg44OK44Kk44KtIOODnOODvOODq+ODnuODvOOCq+ODvOOCu+ODg+ODiCBOSUtF,6Ieq5YiG44Gu5L2N572u44KS44Oe44O844Kv44CC44CQMjAxNuODouODh+ODq+OAkeODiuOCpOOCrSBHR0EzNDgg44OK44Kk44KtIOODnOODvOODq+ODnuODvOOCq+ODvOOCu+ODg+ODiCBOSUtF[rn]
25-79857,aHR0cDovL3RzaG9wLnIxMHMuanAvZnVsbC1zaG90L2NhYmluZXQvMDU1MTQ3NTcvbW0xMDAuanBnP2ZpdGluPTcwMDo3MDA=,OTYwLjAwMDA=,,44K544Od44O844OE44O744Ki44Km44OI44OJ44KiID4g44K044Or44OVID4g44Op44Km44Oz44OJ55So5ZOB44O75bCP54mpID4g44Oe44O844Kr44O844O744OP44OD44OI44Kv44Oq44OD44OX,44CQ44ON44Kz44Od44K55Y+v6IO944CR44CQ5paw44OH44K244Kk44Oz6L+95Yqg44CR44CQMjAxN+W5tOODouODh+ODq+OAkeOCpuOCo+ODs+OCpuOCo+ODs+OCueOCv+OCpOODqyDjg6Hjgqzjg57jg7zjgqvjg7wgV0lOV0lOIFNUWUxFIOOAkERFQUzjgJE=,TU0xMDA=,PGRpdiBpZD0iaXRlbS13cmFwcGVyIj4KCjxpbWcgc3JjPSJodHRwOi8vaW1hZ2UucmFrdXRlbi5jby5qcC9mdWxsLXNob3QvY2FiaW5ldC8wMzI5MTYyMy8yMDE3c3BzbS13aW53aW4uZ2lmIj4KCjxkaXYgaWQ9Iml0ZW0tbWlkYXNoaSI+CuOAkOODjeOCs+ODneOCueWPr+iDveOAkeOAkOaWsOODh+OCtuOCpOODs+i/veWKoOOAkeOAkDIwMTflubTjg6Ljg4fjg6vjgJHjgqbjgqPjg7PjgqbjgqPjg7Pjgrnjgr/jgqTjg6sgTU0xMDAg44Oh44Ks44Oe44O844Kr44O8CjwvZGl2PgoKPGltZyBzcmM9Imh0dHA6Ly9pbWFnZS5yYWt1dGVuLmNvLmpwL2Z1bGwtc2hvdC9jYWJpbmV0LzA1NTE0NzU3L21tMTAwLmpwZyIgY2xhc3M9Iml0ZW0taW1nIj4KCgo8ZGl2IGNsYXNzPSJpdGVtLWRldGFpbHMtd3JhcHBlciI+CjxkaXYgY2xhc3M9Iml0ZW0tZGV0YWlscy1pbm5lcmJveGltZyI+PGltZyBzcmM9Imh0dHA6Ly9pbWFnZS5yYWt1dGVuLmNvLmpwL2Z1bGwtc2hvdC9jYWJpbmV0LzA1NTE0NzU3L21tMTAwX2EuanBnIj48c3BhbiBjbGFzcz0iaXRlbS1kZXRhaWxzLW1pZGFzaGkiPuS4g+emj+elnuOAkE1NMTAw44CRPC9zcGFuPjxzcGFuPjwvc3Bhbj4KPC9kaXY+CjxkaXYgY2xhc3M9Iml0ZW0tZGV0YWlscy1pbm5lcmJveGltZyI+PGltZyBzcmM9Imh0dHA6Ly9pbWFnZS5yYWt1dGVuLmNvLmpwL2Z1bGwtc2hvdC9jYWJpbmV0LzA1NTE0NzU3L21tMTAwX2IuanBnIj48c3BhbiBjbGFzcz0iaXRlbS1kZXRhaWxzLW1pZGFzaGkiPuWvjOWjq+WxsS/ml6XmnKzkuIDjgJBNTTEwMeOAkTwvc3Bhbj48c3Bhbj48L3NwYW4+CjwvZGl2Pgo8ZGl2IGNsYXNzPSJpdGVtLWRldGFpbHMtaW5uZXJib3hpbWciPjxpbWcgc3JjPSJodHRwOi8vaW1hZ2UucmFrdXRlbi5jby5qcC9mdWxsLXNob3QvY2FiaW5ldC8wNTUxNDc1Ny9tbTEwMF9jLmpwZyI+PHNwYW4gY2xhc3M9Iml0ZW0tZGV0YWlscy1taWRhc2hpIj5NdC5GVUpJL05JUFBPTi1JQ0hJIEdvbGQgVmVyLuOAkE1NMjU044CRPC9zcGFuPjxzcGFuPjwvc3Bhbj4KPC9kaXY+CjxkaXYgY2xhc3M9Iml0ZW0tZGV0YWlscy1pbm5lcmJveGltZyI+PGltZyBzcmM9Imh0dHA6Ly9pbWFnZS5yYWt1dGVuLmNvLmpwL2Z1bGwtc2hvdC9jYWJpbmV0LzA1NTE0NzU3L21tMTAwX2QuanBnIj48c3BhbiBjbGFzcz0iaXRlbS1kZXRhaWxzLW1pZGFzaGkiPuWkp+m7kuanmC/kuIPnpo/npZ7jgJBNTTEwM+OAkTwvc3Bhbj48c3Bhbj48L3NwYW4+CjwvZGl2Pgo8ZGl2IGNsYXNzPSJpdGVtLWRldGFpbHMtaW5uZXJib3hpbWciPjxpbWcgc3JjPSJodHRwOi8vaW1hZ2UucmFrdXRlbi5jby5qcC9mdWxsLXNob3QvY2FiaW5ldC8wNTUxNDc1Ny9tbTEwMF9lLmpwZyI+PHNwYW4gY2xhc3M9Iml0ZW0tZGV0YWlscy1taWRhc2hpIj7mi5vjgY3njKsv5aSn5YWl44KK44CQTU0xMDXjgJE8L3NwYW4+PHNwYW4+PC9zcGFuPgo8L2Rpdj4KPGRpdiBjbGFzcz0iaXRlbS1kZXRhaWxzLWlubmVyYm94aW1nIj48aW1nIHNyYz0iaHR0cDovL2ltYWdlLnJha3V0ZW4uY28uanAvZnVsbC1zaG90L2NhYmluZXQvMDU1MTQ3NTcvbW0xMDBfZi5qcGciPjxzcGFuIGNsYXNzPSJpdGVtLWRldGFpbHMtbWlkYXNoaSI+44Gg44KL44G+L+WLnSHjgJBNTTEwMuOAkTwvc3Bhbj48c3Bhbj48L3NwYW4+CjwvZGl2Pgo8ZGl2IGNsYXNzPSJpdGVtLWRldGFpbHMtaW5uZXJib3hpbWciPjxpbWcgc3JjPSJodHRwOi8vaW1hZ2UucmFrdXRlbi5jby5qcC9mdWxsLXNob3QvY2FiaW5ldC8wNTUxNDc1Ny9tbTEwMF9nLmpwZyI+PHNwYW4gY2xhc3M9Iml0ZW0tZGV0YWlscy1taWRhc2hpIj5NSUdIVFkgUEhPRU5JWCBHRCBWZXIuIFdI44CQTU0yMjPjgJE8L3NwYW4+PHNwYW4+PC9zcGFuPgo8L2Rpdj4KPGRpdiBjbGFzcz0iaXRlbS1kZXRhaWxzLWlubmVyYm94aW1nIj48aW1nIHNyYz0iaHR0cDovL2ltYWdlLnJha3V0ZW4uY28uanAvZnVsbC1zaG90L2NhYmluZXQvMDU1MTQ3NTcvbW0xMDBfaC5qcGciPjxzcGFuIGNsYXNzPSJpdGVtLWRldGFpbHMtbWlkYXNoaSI+TUlHSFRZIFBIT0VOSVggR0QgVmVyLiBCS+OAkE1NMjI044CRPC9zcGFuPjxzcGFuPjwvc3Bhbj4KPC9kaXY+CjxkaXYgY2xhc3M9Iml0ZW0tZGV0YWlscy1pbm5lcmJveGltZyI+PGltZyBzcmM9Imh0dHA6Ly9pbWFnZS5yYWt1dGVuLmNvLmpwL2Z1bGwtc2hvdC9jYWJpbmV0LzA1NTE0NzU3L21tMTAwX2kuanBnIj48c3BhbiBjbGFzcz0iaXRlbS1kZXRhaWxzLW1pZGFzaGkiPlRVUlRMRSBHT0xEIFZlci4gV0jjgJBNTTIyNeOAkTwvc3Bhbj48c3Bhbj48L3NwYW4+CjwvZGl2Pgo8ZGl2IGNsYXNzPSJpdGVtLWRldGFpbHMtaW5uZXJib3hpbWciPjxpbWcgc3JjPSJodHRwOi8vaW1hZ2UucmFrdXRlbi5jby5qcC9mdWxsLXNob3QvY2FiaW5ldC8wNTUxNDc1Ny9tbTEwMF9qLmpwZyI+PHNwYW4gY2xhc3M9Iml0ZW0tZGV0YWlscy1taWRhc2hpIj5UVVJUTEUgR09MRCBWZXIuIEJL44CQTU0yMjbjgJE8L3NwYW4+PHNwYW4+PC9zcGFuPgo8L2Rpdj4KPGRpdiBjbGFzcz0iaXRlbS1kZXRhaWxzLWlubmVyYm94aW1nIj48aW1nIHNyYz0iaHR0cDovL2ltYWdlLnJha3V0ZW4uY28uanAvZnVsbC1zaG90L2NhYmluZXQvMDU1MTQ3NTcvbW0xMDBfay5qcGciPjxzcGFuIGNsYXNzPSJpdGVtLWRldGFpbHMtbWlkYXNoaSI+TElaQVJEIFNUQVIgR07jgJBNTTI0M+OAkTwvc3Bhbj48c3Bhbj48L3NwYW4+CjwvZGl2Pgo8ZGl2IGNsYXNzPSJpdGVtLWRldGFpbHMtaW5uZXJib3hpbWciPjxpbWcgc3JjPSJodHRwOi8vaW1hZ2UucmFrdXRlbi5jby5qcC9mdWxsLXNob3QvY2FiaW5ldC8wNTUxNDc1Ny9tbTEwMF9sLmpwZyI+PHNwYW4gY2xhc3M9Iml0ZW0tZGV0YWlscy1taWRhc2hpIj5MSVpBUkQgU1RBUiBCTOOAkE1NMjQ044CRPC9zcGFuPjxzcGFuPjwvc3Bhbj4KPC9kaXY+CjxkaXYgY2xhc3M9Iml0ZW0tZGV0YWlscy1pbm5lcmJveGltZyI+PGltZyBzcmM9Imh0dHA6Ly9pbWFnZS5yYWt1dGVuLmNvLmpwL2Z1bGwtc2hvdC9jYWJpbmV0LzA1NTE0NzU3L21tMTAwX20uanBnIj48c3BhbiBjbGFzcz0iaXRlbS1kZXRhaWxzLW1pZGFzaGkiPkxJWkFSRCBTVEFSIFBL44CQTU0yNDfjgJE8L3NwYW4+PHNwYW4+PC9zcGFuPgo8L2Rpdj4KPGRpdiBjbGFzcz0iaXRlbS1kZXRhaWxzLWlubmVyYm94aW1nIj48aW1nIHNyYz0iaHR0cDovL2ltYWdlLnJha3V0ZW4uY28uanAvZnVsbC1zaG90L2NhYmluZXQvMDU1MTQ3NTcvbW0xMDBfbi5qcGciPjxzcGFuIGNsYXNzPSJpdGVtLWRldGFpbHMtbWlkYXNoaSI+TElaQVJEIFNUQVIgT1LjgJBNTTI0OOOAkTwvc3Bhbj48c3Bhbj48L3NwYW4+CjwvZGl2Pgo8ZGl2IGNsYXNzPSJpdGVtLWRldGFpbHMtaW5uZXJib3hpbWciPjxpbWcgc3JjPSJodHRwOi8vaW1hZ2UucmFrdXRlbi5jby5qcC9mdWxsLXNob3QvY2FiaW5ldC8wNTUxNDc1Ny9tbTEwMF9vLmpwZyI+PHNwYW4gY2xhc3M9Iml0ZW0tZGV0YWlscy1taWRhc2hpIj5ZQU5DSEEgU0tVTEwgR09MRCBWZXIuIEdO44CQTU0yNDHjgJE8L3NwYW4+PHNwYW4+PC9zcGFuPgo8L2Rpdj4KPGRpdiBjbGFzcz0iaXRlbS1kZXRhaWxzLWlubmVyYm94aW1nIj48aW1nIHNyYz0iaHR0cDovL2ltYWdlLnJha3V0ZW4uY28uanAvZnVsbC1zaG90L2NhYmluZXQvMDU1MTQ3NTcvbW0xMDBfcC5qcGciPjxzcGFuIGNsYXNzPSJpdGVtLWRldGFpbHMtbWlkYXNoaSI+WUFOQ0hBIFNLVUxMIEdPTEQgVmVyLiBCTOOAkE1NMjQy44CRPC9zcGFuPjxzcGFuPjwvc3Bhbj4KPC9kaXY+CjxkaXYgY2xhc3M9Iml0ZW0tZGV0YWlscy1pbm5lcmJveGltZyI+PGltZyBzcmM9Imh0dHA6Ly9pbWFnZS5yYWt1dGVuLmNvLmpwL2Z1bGwtc2hvdC9jYWJpbmV0LzA1NTE0NzU3L21tMTAwX3EuanBnIj48c3BhbiBjbGFzcz0iaXRlbS1kZXRhaWxzLW1pZGFzaGkiPllBTkNIQSBTS1VMTCBHT0xEIFZlci4gV0jjgJBNTTIxN+OAkTwvc3Bhbj48c3Bhbj48L3NwYW4+CjwvZGl2Pgo8ZGl2IGNsYXNzPSJpdGVtLWRldGFpbHMtaW5uZXJib3hpbWciPjxpbWcgc3JjPSJodHRwOi8vaW1hZ2UucmFrdXRlbi5jby5qcC9mdWxsLXNob3QvY2FiaW5ldC8wNTUxNDc1Ny9tbTEwMF9yLmpwZyI+PHNwYW4gY2xhc3M9Iml0ZW0tZGV0YWlscy1taWRhc2hpIj5ZQU5DSEEgU0tVTEwgR09MRCBWZXIuIFJE44CQTU0yMTjjgJE8L3NwYW4+PHNwYW4+PC9zcGFuPgo8L2Rpdj4KPGRpdiBjbGFzcz0iaXRlbS1kZXRhaWxzLWlubmVyYm94aW1nIj48aW1nIHNyYz0iaHR0cDovL2ltYWdlLnJha3V0ZW4uY28uanAvZnVsbC1zaG90L2NhYmluZXQvMDU1MTQ3NTcvbW0xMDBfcy5qcGciPjxzcGFuIGNsYXNzPSJpdGVtLWRldGFpbHMtbWlkYXNoaSI+WUFOQ0hBIFNLVUxMIEdPTEQgVmVyLiBCS+OAkE1NMjIw44CRPC9zcGFuPjxzcGFuPjwvc3Bhbj4KPC9kaXY+CjxkaXYgY2xhc3M9Iml0ZW0tZGV0YWlscy1pbm5lcmJveGltZyI+PGltZyBzcmM9Imh0dHA6Ly9pbWFnZS5yYWt1dGVuLmNvLmpwL2Z1bGwtc2hvdC9jYWJpbmV0LzA1NTE0NzU3L21tMTAwX3QuanBnIj48c3BhbiBjbGFzcz0iaXRlbS1kZXRhaWxzLW1pZGFzaGkiPkhBUFBZIFNLVUxMIFNCTOOAkE1NMjU144CRPC9zcGFuPjxzcGFuPjwvc3Bhbj4KPC9kaXY+CjxkaXYgY2xhc3M9Iml0ZW0tZGV0YWlscy1pbm5lcmJveGltZyI+PGltZyBzcmM9Imh0dHA6Ly9pbWFnZS5yYWt1dGVuLmNvLmpwL2Z1bGwtc2hvdC9jYWJpbmV0LzA1NTE0NzU3L21tMTAwX3UuanBnIj48c3BhbiBjbGFzcz0iaXRlbS1kZXRhaWxzLW1pZGFzaGkiPkhBUFBZIFNLVUxMIEdO44CQTU0yNTbjgJE8L3NwYW4+PHNwYW4+PC9zcGFuPgo8L2Rpdj4KPGRpdiBjbGFzcz0iaXRlbS1kZXRhaWxzLWlubmVyYm94aW1nIj48aW1nIHNyYz0iaHR0cDovL2ltYWdlLnJha3V0ZW4uY28uanAvZnVsbC1zaG90L2NhYmluZXQvMDU1MTQ3NTcvbW0xMDBfdi5qcGciPjxzcGFuIGNsYXNzPSJpdGVtLWRldGFpbHMtbWlkYXNoaSI+SEFQUFkgU0tVTEwgT1LjgJBNTTI1N+OAkTwvc3Bhbj48c3Bhbj48L3NwYW4+CjwvZGl2Pgo8ZGl2IGNsYXNzPSJpdGVtLWRldGFpbHMtaW5uZXJib3hpbWciPjxpbWcgc3JjPSJodHRwOi8vaW1hZ2UucmFrdXRlbi5jby5qcC9mdWxsLXNob3QvY2FiaW5ldC8wNTUxNDc1Ny9tbTEwMF93LmpwZyI+PHNwYW4gY2xhc3M9Iml0ZW0tZGV0YWlscy1taWRhc2hpIj5IQVBQWSBTS1VMTCBST1NF44CQTU0yNTjjgJE8L3NwYW4+PHNwYW4+PC9zcGFuPgo8L2Rpdj4KPGRpdiBjbGFzcz0iaXRlbS1kZXRhaWxzLWlubmVyYm94aW1nIj48aW1nIHNyYz0iaHR0cDovL2ltYWdlLnJha3V0ZW4uY28uanAvZnVsbC1zaG90L2NhYmluZXQvMDU1MTQ3NTcvbW0xMDBfeC5qcGciPjxzcGFuIGNsYXNzPSJpdGVtLWRldGFpbHMtbWlkYXNoaSI+T1dMIFNUQVIgU0JM44CQTU0yNTnjgJE8L3NwYW4+PHNwYW4+PC9zcGFuPgo8L2Rpdj4KPGRpdiBjbGFzcz0iaXRlbS1kZXRhaWxzLWlubmVyYm94aW1nIj48aW1nIHNyYz0iaHR0cDovL2ltYWdlLnJha3V0ZW4uY28uanAvZnVsbC1zaG90L2NhYmluZXQvMDU1MTQ3NTcvbW0xMDBfeS5qcGciPjxzcGFuIGNsYXNzPSJpdGVtLWRldGFpbHMtbWlkYXNoaSI+T1dMIFNUQVIgR07jgJBNTTI2MOOAkTwvc3Bhbj48c3Bhbj48L3NwYW4+CjwvZGl2Pgo8ZGl2IGNsYXNzPSJpdGVtLWRldGFpbHMtaW5uZXJib3hpbWciPjxpbWcgc3JjPSJodHRwOi8vaW1hZ2UucmFrdXRlbi5jby5qcC9mdWxsLXNob3QvY2FiaW5ldC8wNTUxNDc1Ny9tbTEwMF96LmpwZyI+PHNwYW4gY2xhc3M9Iml0ZW0tZGV0YWlscy1taWRhc2hpIj5PV0wgU1RBUiBPUuOAkE1NMjYx44CRPC9zcGFuPjxzcGFuPjwvc3Bhbj4KPC9kaXY+CjxkaXYgY2xhc3M9Iml0ZW0tZGV0YWlscy1pbm5lcmJveGltZyI+PGltZyBzcmM9Imh0dHA6Ly9pbWFnZS5yYWt1dGVuLmNvLmpwL2Z1bGwtc2hvdC9jYWJpbmV0LzA1NTE0NzU3L21tMTAwX2FhLmpwZyI+PHNwYW4gY2xhc3M9Iml0ZW0tZGV0YWlscy1taWRhc2hpIj5PV0wgU1RBUiBST1NF44CQTU0yNjLjgJE8L3NwYW4+PHNwYW4+PC9zcGFuPgo8L2Rpdj4KPGRpdiBjbGFzcz0iaXRlbS1kZXRhaWxzLWlubmVyYm94aW1nIj48aW1nIHNyYz0iaHR0cDovL2ltYWdlLnJha3V0ZW4uY28uanAvZnVsbC1zaG90L2NhYmluZXQvMDU1MTQ3NTcvbW0xMDBfYmIuanBnIj48c3BhbiBjbGFzcz0iaXRlbS1kZXRhaWxzLW1pZGFzaGkiPlRPTUJPIFNUQVIgQkzjgJBNTTI2M+OAkTwvc3Bhbj48c3Bhbj48L3NwYW4+CjwvZGl2Pgo8ZGl2IGNsYXNzPSJpdGVtLWRldGFpbHMtaW5uZXJib3hpbWciPjxpbWcgc3JjPSJodHRwOi8vaW1hZ2UucmFrdXRlbi5jby5qcC9mdWxsLXNob3QvY2FiaW5ldC8wNTUxNDc1Ny9tbTEwMF9jYy5qcGciPjxzcGFuIGNsYXNzPSJpdGVtLWRldGFpbHMtbWlkYXNoaSI+VE9NQk8gU1RBUiBHTuOAkE1NMjY044CRPC9zcGFuPjxzcGFuPjwvc3Bhbj4KPC9kaXY+CjxkaXYgY2xhc3M9Iml0ZW0tZGV0YWlscy1pbm5lcmJveGltZyI+PGltZyBzcmM9Imh0dHA6Ly9pbWFnZS5yYWt1dGVuLmNvLmpwL2Z1bGwtc2hvdC9jYWJpbmV0LzA1NTE0NzU3L21tMTAwX2RkLmpwZyI+PHNwYW4gY2xhc3M9Iml0ZW0tZGV0YWlscy1taWRhc2hpIj5UT01CTyBTVEFSIE9S44CQTU0yNjXjgJE8L3NwYW4+PHNwYW4+PC9zcGFuPgo8L2Rpdj4KPGRpdiBjbGFzcz0iaXRlbS1kZXRhaWxzLWlubmVyYm94aW1nIj48aW1nIHNyYz0iaHR0cDovL2ltYWdlLnJha3V0ZW4uY28uanAvZnVsbC1zaG90L2NhYmluZXQvMDU1MTQ3NTcvbW0xMDBfZWUuanBnIj48c3BhbiBjbGFzcz0iaXRlbS1kZXRhaWxzLW1pZGFzaGkiPlRPTUJPIFNUQVIgQkvjgJBNTTI2NuOAkTwvc3Bhbj48c3Bhbj48L3NwYW4+CjwvZGl2Pgo8ZGl2IGNsYXNzPSJpdGVtLWRldGFpbHMtaW5uZXJib3hpbWciPjxpbWcgc3JjPSJodHRwOi8vaW1hZ2UucmFrdXRlbi5jby5qcC9mdWxsLXNob3QvY2FiaW5ldC8wNTUxNDc1Ny9tbTEwMF9mZi5qcGciPjxzcGFuIGNsYXNzPSJpdGVtLWRldGFpbHMtbWlkYXNoaSI+QUxPSEEhV0lOV0lOW0FMT0hBIUhVTEEhXeOAkE1NMjI344CRPC9zcGFuPjxzcGFuPjwvc3Bhbj4KPC9kaXY+CjxkaXYgY2xhc3M9Iml0ZW0tZGV0YWlscy1pbm5lcmJveGltZyI+PGltZyBzcmM9Imh0dHA6Ly9pbWFnZS5yYWt1dGVuLmNvLmpwL2Z1bGwtc2hvdC9jYWJpbmV0LzA1NTE0NzU3L21tMTAwX2dnLmpwZyI+PHNwYW4gY2xhc3M9Iml0ZW0tZGV0YWlscy1taWRhc2hpIj5BTE9IQSFXSU5XSU5bQUxPSEEhUElORSBBUFBMRV3jgJBNTTIyOOOAkTwvc3Bhbj48c3Bhbj48L3NwYW4+CjwvZGl2Pgo8ZGl2IGNsYXNzPSJpdGVtLWRldGFpbHMtaW5uZXJib3hpbWciPjxpbWcgc3JjPSJodHRwOi8vaW1hZ2UucmFrdXRlbi5jby5qcC9mdWxsLXNob3QvY2FiaW5ldC8wNTUxNDc1Ny9tbTEwMF9oaC5qcGciPjxzcGFuIGNsYXNzPSJpdGVtLWRldGFpbHMtbWlkYXNoaSI+QUxPSEEhV0lOV0lOW0FMT0hBIVdJTldJTl3jgJBNTTIyOeOAkTwvc3Bhbj48c3Bhbj48L3NwYW4+CjwvZGl2Pgo8ZGl2IGNsYXNzPSJpdGVtLWRldGFpbHMtaW5uZXJib3hpbWciPjxpbWcgc3JjPSJodHRwOi8vaW1hZ2UucmFrdXRlbi5jby5qcC9mdWxsLXNob3QvY2FiaW5ldC8wNTUxNDc1Ny9tbTEwMF9paS5qcGciPjxzcGFuIGNsYXNzPSJpdGVtLWRldGFpbHMtbWlkYXNoaSI+QUxPSEEhU01JTEXjgJBNTTI3NOOAkTwvc3Bhbj48c3Bhbj48L3NwYW4+CjwvZGl2Pgo8ZGl2IGNsYXNzPSJpdGVtLWRldGFpbHMtaW5uZXJib3hpbWciPjxpbWcgc3JjPSJodHRwOi8vaW1hZ2UucmFrdXRlbi5jby5qcC9mdWxsLXNob3QvY2FiaW5ldC8wNTUxNDc1Ny9tbTEwMF9qai5qcGciPjxzcGFuIGNsYXNzPSJpdGVtLWRldGFpbHMtbWlkYXNoaSI+QUxPSEEhSE9OVeOAkE1NMjc144CRPC9zcGFuPjxzcGFuPjwvc3Bhbj4KPC9kaXY+CjwvZGl2PgoKPGRpdiBjbGFzcz0iZmVhdHVyZSI+CuS4lueVjOWIne+8geODoeOCrOOCr+ODquODg+ODl+OAgeODoeOCrOODm+ODq+ODgOODvOOAgeOCsOODreODvOODluODm+ODq+ODgOODvOOBq+S7mOOBkeabv+OBiOWPr+iDveOBquODnuODvOOCq+ODvOOBp+OBmeOAgjxicj4K44Od44Kx44OD44OI44Oe44O844Kr44O844Go44GX44Gm44KC5L2/55So5Y+v6IO944CCCjwvZGl2PgoKPGltZyBzcmM9Imh0dHA6Ly9pbWFnZS5yYWt1dGVuLmNvLmpwL2Z1bGwtc2hvdC9jYWJpbmV0LzA1NTE0NzU3L21tMTAwX3h4LmpwZyIgY2xhc3M9Iml0ZW0taW1nIj4KCjx0YWJsZSBjbGFzcz0iaXRlbS1zcGVjIj4KPGNhcHRpb24+PGRpdj48L2Rpdj48L2NhcHRpb24+Cjx0cj4KPHRoPue0oOadkDwvdGg+Cjx0ZD7jgrnjg4Hjg7zjg6vvvIjpiYTvvIk8L3RkPgo8L3RyPgo8dHI+Cjx0aD7jg4fjgrbjgqTjg7M8L3RoPgo8dGQ+5Z6L5omT44Gh6KO95rOV77yI5LiD5a6d54S844GN77yJL+OCr+ODquOCueOCv+ODq+OCueODiOODvOODs+WFpeOCijwvdGQ+CjwvdHI+Cjx0cj4KPHRoPuacrOS9k+OCteOCpOOCujwvdGg+Cjx0ZD7lvoQzNG1t77yP44Oe44Kw44ON44OD44OI77yI44Oe44O844Kr44O86KOP6Z2i77yJMTRtbeW+hDwvdGQ+CjwvdHI+Cjx0cj4KPHRoPumHjeOBlTwvdGg+Cjx0ZD4xOGc8L3RkPgo8L3RyPgo8dHI+Cjx0aD7jgqvjg6njg7w8L3RoPgo8dGQ+5LiD56aP56We77yITU0xMDDvvInjgIHlr4zlo6vlsbEv5pel5pys5LiA77yITU0xMDHvvInjgIFNdC5GVUpJL05JUFBPTi1JQ0hJIEdvbGQgVmVyLu+8iE1NMjU077yJ44CB44Gg44KL44G+L+WLnSHvvIhNTTEwMu+8ieOAgeWkp+m7kuanmC/kuIPnpo/npZ7vvIhNTTEwM++8ieOAgeaLm+OBjeeMqy/lpKflhaXjgorvvIhNTTEwNe+8ieOAgU1JR0hUWSBQSE9FTklYIEdEIFZlci4gV0jvvIhNTTIyM++8ieOAgU1JR0hUWSBQSE9FTklYIEdEIFZlci4gQkvvvIhNTTIyNO+8ieOAgVRVUlRMRSBHT0xEIFZlci4gV0jvvIhNTTIyNe+8ieOAgVRVUlRMRSBHT0xEIFZlci4gQkvvvIhNTTIyNu+8ieOAgUxJWkFSRCBTVEFSIEdO77yITU0yNDPvvInjgIFMSVpBUkQgU1RBUiBCTO+8iE1NMjQ077yJ44CBTElaQVJEIFNUQVIgUEvvvIhNTTI0N++8ieOAgUxJWkFSRCBTVEFSIE9S77yITU0yNDjvvInjgIFZQU5DSEEgU0tVTEwgR09MRCBWZXIuIEdO77yITU0yNDHvvInjgIFZQU5DSEEgU0tVTEwgR09MRCBWZXIuIEJM77yITU0yNDLvvInjgIFZQU5DSEEgU0tVTEwgR09MRCBWZXIuIFdI77yITU0yMTfvvInjgIFZQU5DSEEgU0tVTEwgR09MRCBWZXIuIFJE77yITU0yMTjvvInjgIFZQU5DSEEgU0tVTEwgR09MRCBWZXIuIEJL77yITU0yMjDvvInjgIFIQVBQWSBTS1VMTCBTQkzvvIhNTTI1Ne+8ieOAgUhBUFBZIFNLVUxMIEdO77yITU0yNTbvvInjgIFIQVBQWSBTS1VMTCBPUu+8iE1NMjU377yJ44CBSEFQUFkgU0tVTEwgUk9TRe+8iE1NMjU477yJ44CBT1dMIFNUQVIgU0JM77yITU0yNTnvvInjgIFPV0wgU1RBUiBHTu+8iE1NMjYw77yJ44CBT1dMIFNUQVIgT1LvvIhNTTI2Me+8ieOAgU9XTCBTVEFSIFJPU0XvvIhNTTI2Mu+8ieOAgVRPTUJPIFNUQVIgQkzvvIhNTTI2M++8ieOAgVRPTUJPIFNUQVIgR07vvIhNTTI2NO+8ieOAgVRPTUJPIFNUQVIgT1LvvIhNTTI2Ne+8ieOAgVRPTUJPIFNUQVIgQkvvvIhNTTI2Nu+8ieOAgUFMT0hBIVdJTldJTltBTE9IQSFIVUxBIV3vvIhNTTIyN++8ieOAgUFMT0hBIVdJTldJTltBTE9IQSFQSU5FIEFQUExFXe+8iE1NMjI477yJ44CBQUxPSEEhV0lOV0lOW0FMT0hBIVdJTldJTl3vvIhNTTIyOe+8ieOAgUFMT0hBIVNNSUxF77yITU0yNzTvvInjgIFBTE9IQSFIT05V77yITU0yNzXvvIk8L3RkPgo8L3RyPgo8L3RhYmxlPgoKPGltZyBzcmM9Imh0dHA6Ly9pbWFnZS5yYWt1dGVuLmNvLmpwL2Z1bGwtc2hvdC9jYWJpbmV0LzAzMjg4ODkyL2ltZ3JjMDA2MzQ5MzQ0My5naWYiIHdpZHRoPSI3MjBweCIgY2xhc3M9Im1hcmdpbl9iMzIiPgoKPC9kaXY+Cgo8ZGl2IGlkPSJ6YWlrby10dGwiPuWcqOW6q+OBq+OBpOOBjeOBvuOBl+OBpjwvZGl2Pgo8ZGl2IGlkPSJ6YWlrbyI+4oC75Zyo5bqr44OH44O844K/44Gv5a6a5pyf55qE44Gr5pu05paw44GX44Gm44GK44KK44G+44GZ44GM44CB5a6f5bqX6IiX44Go5Zyo5bqr44KS5YWx5pyJ44GX44Gm44GE44KL5ZWG5ZOB44KC44GU44GW44GE44G+44GZ44Gu44Gn44CB5pel44CF5Zyo5bqr44GM5aSJ5YuV44GX44Gm44GK44KK44CB44GU5rOo5paH44Gu44K/44Kk44Of44Oz44Kw44Gr44KI44Gj44Gm44Gv5qyg5ZOB44O75a6M5aOy44Gu5aC05ZCI44GM44GU44GW44GE44G+44GZ44CCCuOBiuWPluOCiuWvhOOBm+OBruWVhuWTgeOBq+OBpOOBjeOBvuOBl+OBpuOCguOAgeODquOCouODq+OCv+OCpOODoOOBruODoeODvOOCq+ODvOWcqOW6q+OBp+OBr+OBlOOBluOBhOOBvuOBm+OCk+OBruOBp+OAgeS6iOOCgeOBlOS6huaJv+S4i+OBleOBhOOAguOBlOazqOaWh+WVhuWTgeOBruWcqOW6q+acieeEoeODu+e0jeacn+OBq+OBpOOBjeOBvuOBl+OBpuOBr+OAgeW9k+W6l+OBi+OCieOBruODoeODvOODq+OBq+OBpuOBiuefpeOCieOBm+OBhOOBn+OBl+OBvuOBmeOAgjwvZGl2Pjxicj48YnI+,44CQ44ON44Kz44Od44K55Y+v6IO944CR44CQ5paw44OH44K244Kk44Oz6L+95Yqg44CR44CQMjAxN+W5tOODouODh+ODq+OAkeOCpuOCo+ODs+OCpuOCo+ODs+OCueOCv+OCpOODqyDjg6Hjgqzjg57jg7zjgqvjg7wgV0lOV0lOIFNUWUxFIOOAkERFQUzjgJHvvJrjg5Xjg6vjgrfjg6fjg4Pjg4jmpb3lpKnluILloLTlupc=,44OV44Or44K344On44OD44OI44Kt44Oj44Ot44Km44Kn44Kk44OG44O844Op44O844Oh44Kk44OJ44K/44Kk44OI44Oq44K544OI44K844Kv44K344Kq44K044Or44OV44Or44Kz44OD44Kv44Os44OH44Kj44O844K544Kt44Oj44OH44Kj44OQ44OD44Kw44OJ44Op44Kk44OQ44O844Kq44O844Kv44Oq44O844Oe44Oz44K344Oz44Kw44OX44O844Oe44OK44Kk44Kt44Kz44OW44Op44Ki44OH44Kj44OA44K544Ki44OJ44Of44Op44Or44OW44Oq44OC44K544OI44Oz44Kz44Op44Oz44OI44OD44OG44OA44Kk44OK44Oi44CQ44ON44Kz44Od44K55Y+v6IO944CR44CQ5paw44OH44K244Kk44Oz6L+95Yqg44CR44CQMjAxN+W5tOODouODh+ODq+OAkeOCpuOCo+ODs+OCpuOCo+ODs+OCueOCv+OCpOODqyDjg6Hjgqzjg57jg7zjgqvjg7wgV0lOV0lOIFNUWUxFIOOAkERFQUzjgJE=,TU0xMDDjgILjgJDjg43jgrPjg53jgrnlj6/og73jgJHjgJDmlrDjg4fjgrbjgqTjg7Pov73liqDjgJHjgJAyMDE35bm044Oi44OH44Or44CR44Km44Kj44Oz44Km44Kj44Oz44K544K/44Kk44OrIOODoeOCrOODnuODvOOCq+ODvCBXSU5XSU4gU1RZTEUg44CQREVBTOOAkQ==[rn]
25-79858,aHR0cDovL3RzaG9wLnIxMHMuanAvZnVsbC1zaG90L2NhYmluZXQvMDU1MTQ3NTcvb3EwOTE3LmpwZz9maXRpbj03MDA6NzAw,OTYwLjAwMDA=,,44K544Od44O844OE44O744Ki44Km44OI44OJ44KiID4g44K044Or44OVID4g44Op44Km44Oz44OJ55So5ZOB44O75bCP54mpID4g44Oe44O844Kr44O844O744OP44OD44OI44Kv44Oq44OD44OX,44CQ44ON44Kz44Od44K55Y+v6IO944CR44CQMjAxN+ODouODh+ODq+OAkeOCquODjuODlSBPUTA5MTcg44Oc44O844Or44Oe44O844Kr44O8IE9OT0ZG,,PGRpdiBpZD0iaXRlbS13cmFwcGVyIj4KCjxpbWcgc3JjPSJodHRwOi8vaW1hZ2UucmFrdXRlbi5jby5qcC9mdWxsLXNob3QvY2FiaW5ldC8wNTUxNDc1Ny8yMDE3c3BzbS1vbm9mZi1hY2MuanBnIj4KCjxkaXYgaWQ9Iml0ZW0tbWlkYXNoaSI+CuOAkOODjeOCs+ODneOCueWPr+iDveOAkeOAkDIwMTfjg6Ljg4fjg6vjgJHjgqrjg47jg5UgT1EwOTE3IOODnOODvOODq+ODnuODvOOCq+ODvCBPTk9GRgoKPC9kaXY+Cgo8ZGl2IGlkPSJpdGVtLXdyYXBwYXItaW5uZXIiPgoKPGRpdiBjbGFzcz0iaXRlbS1leHBsYWluIj5PTk9GRuODluODqeODs+ODieOBruOCueOCv+OCpOODq+ODhuODvOODnuOBp+OBguOCi+ODouODgOODs+ODluODquODhuOCo+ODg+OCt+ODpeOCkuihqOePvuOBl+OBn+ODluODreODg+OCr+ODgeOCp+ODg+OCr+OCt+ODquODvOOCuuOBruODnOODvOODq+ODnuODvOOCq+ODvDwvZGl2PgoKPGltZyBzcmM9Imh0dHA6Ly9pbWFnZS5yYWt1dGVuLmNvLmpwL2Z1bGwtc2hvdC9jYWJpbmV0LzA1NTE0NzU3L29xMDkxN19hLmpwZyI+CjwvZGl2PgoKPGRpdiBjbGFzcz0iZmVhdHVyZSI+CuOCreODo+ODg+ODl+OAgeODkOOCpOOCtuODvOS9v+eUqOOCv+OCpOODlwrjgq/jg6rjg4Pjg5cgKyDjg57jg7zjgqvjg7zvvIgx5YCL77yJ44Gu44K744OD44OICjwvZGl2PgoKPHRhYmxlIGNsYXNzPSJpdGVtLXNwZWMiPgo8Y2FwdGlvbj48ZGl2PjwvZGl2PjwvY2FwdGlvbj4KPHRyPgo8dGg+44Kr44Op44O8PC90aD4KPHRkPuOCpOOCqOODreODvO+8j+OCsOODquODvOODs++8j+ODm+ODr+OCpOODiO+8j+ODrOODg+ODiTwvdGQ+CjwvdHI+Cjx0cj4KPHRoPue0oOadkDwvdGg+Cjx0ZD7jgq/jg6rjg4Pjg5c96YmE77yP44Oe44O844Kr44O8PemJhOOAgeejgeefszwvdGQ+CjwvdHI+Cjx0cj4KPHRoPuWOn+eUo+WbvTwvdGg+Cjx0ZD7kuK3lm708L3RkPgo8L3RyPgo8L3RhYmxlPgo8aW1nIHNyYz0iaHR0cDovL2ltYWdlLnJha3V0ZW4uY28uanAvZnVsbC1zaG90L2NhYmluZXQvMDMyODg4OTIvaW1ncmMwMDYzNDkzNDQzLmdpZiIgd2lkdGg9IjcyMHB4IiBjbGFzcz0ibWFyZ2luX2IzMiI+CjwvZGl2PgoKPGRpdiBpZD0iemFpa28tdHRsIj7lnKjluqvjgavjgaTjgY3jgb7jgZfjgaY8L2Rpdj4KPGRpdiBpZD0iemFpa28iPuKAu+WcqOW6q+ODh+ODvOOCv+OBr+Wumuacn+eahOOBq+abtOaWsOOBl+OBpuOBiuOCiuOBvuOBmeOBjOOAgeWun+W6l+iIl+OBqOWcqOW6q+OCkuWFseacieOBl+OBpuOBhOOCi+WVhuWTgeOCguOBlOOBluOBhOOBvuOBmeOBruOBp+OAgeaXpeOAheWcqOW6q+OBjOWkieWLleOBl+OBpuOBiuOCiuOAgeOBlOazqOaWh+OBruOCv+OCpOODn+ODs+OCsOOBq+OCiOOBo+OBpuOBr+asoOWTgeODu+WujOWjsuOBruWgtOWQiOOBjOOBlOOBluOBhOOBvuOBmeOAggrjgYrlj5bjgorlr4TjgZvjga7llYblk4HjgavjgaTjgY3jgb7jgZfjgabjgoLjgIHjg6rjgqLjg6vjgr/jgqTjg6Djga7jg6Hjg7zjgqvjg7zlnKjluqvjgafjga/jgZTjgZbjgYTjgb7jgZvjgpPjga7jgafjgIHkuojjgoHjgZTkuobmib/kuIvjgZXjgYTjgILjgZTms6jmlofllYblk4Hjga7lnKjluqvmnInnhKHjg7vntI3mnJ/jgavjgaTjgY3jgb7jgZfjgabjga/jgIHlvZPlupfjgYvjgonjga7jg6Hjg7zjg6vjgavjgabjgYrnn6XjgonjgZvjgYTjgZ/jgZfjgb7jgZnjgII8L2Rpdj48YnI+PGJyPg==,44CQ44ON44Kz44Od44K55Y+v6IO944CR44CQMjAxN+ODouODh+ODq+OAkeOCquODjuODlSBPUTA5MTcg44Oc44O844Or44Oe44O844Kr44O8IE9OT0ZG77ya44OV44Or44K344On44OD44OI5qW95aSp5biC5aC05bqX,44OV44Or44K344On44OD44OI44Kt44Oj44Ot44Km44Kn44Kk44OG44O844Op44O844Oh44Kk44OJ44K/44Kk44OI44Oq44K544OI44K844Kv44K344Kq44K044Or44OV44Or44Kz44OD44Kv44Os44OH44Kj44O844K544Kt44Oj44OH44Kj44OQ44OD44Kw44OJ44Op44Kk44OQ44O844Kq44O844Kv44Oq44O844Oe44Oz44K344Oz44Kw44OX44O844Oe44OK44Kk44Kt44Kz44OW44Op44Ki44OH44Kj44OA44K544Ki44OJ44Of44Op44Or44OW44Oq44OC44K544OI44Oz44Kz44Op44Oz44OI44OD44OG44OA44Kk44OK44Oi44CQ44ON44Kz44Od44K55Y+v6IO944CR44CQMjAxN+ODouODh+ODq+OAkeOCquODjuODlSBPUTA5MTcg44Oc44O844Or44Oe44O844Kr44O8IE9OT0ZG,44CQ44ON44Kz44Od44K55Y+v6IO944CR44CQMjAxN+ODouODh+ODq+OAkeOCquODjuODlSBPUTA5MTcg44Oc44O844Or44Oe44O844Kr44O8IE9OT0ZG[rn]
25-79859,aHR0cDovL3RzaG9wLnIxMHMuanAvZnVsbC1zaG90L2NhYmluZXQvMDQwMjQ4NjAvZ2dhMzUyLmpwZz9maXRpbj03MDA6NzAw,MTE1Mi4wMDAw,,44K544Od44O844OE44O744Ki44Km44OI44OJ44KiID4g44K044Or44OVID4g44Op44Km44Oz44OJ55So5ZOB44O75bCP54mpID4g44Oe44O844Kr44O844O744OP44OD44OI44Kv44Oq44OD44OX,44CQMjAxNuODouODh+ODq+OAkeODiuOCpOOCrSBHR0EzNTIg44Kv44Oq44OD44OXIOODnOODvOODq+ODnuODvOOCq+ODvCAyIE5JS0U=,6Ieq5YiG44Gu5L2N572u44KS44Oe44O844Kv,PGRpdiBhbGlnbj0iY2VudGVyIj4KCgo8aW1nIHNyYz0iaHR0cDovL2ltYWdlLnJha3V0ZW4uY28uanAvZnVsbC1zaG90L2NhYmluZXQvMDMyODg4OTIvbmlrZS1sb2dvLmdpZiI+CjxkaXYgc3R5bGU9IndpZHRoOjc0MHB4OyBoZWlnaHQ6NjVweDsgbGluZS1oZWlnaHQ6NjVweDsgdGV4dC1hbGlnbjpsZWZ0OyBmb250LXNpemU6OTAlOyBwYWRkaW5nLWxlZnQ6MTBweDsgYmFja2dyb3VuZC1pbWFnZTp1cmwoaHR0cDovL2ltYWdlLnJha3V0ZW4uY28uanAvZnVsbC1zaG90L2NhYmluZXQvMDMyOTE4MDcvdHRsLWJnLmdpZik7IGJhY2tncm91bmQtcmVwZWF0Om5vLXJlcGVhdDsgbWFyZ2luLWJvdHRvbTozMHB4OyI+CuODiuOCpOOCrSDjgq/jg6rjg4Pjg5cg44Oc44O844Or44Oe44O844Kr44O8IDIgR0dBMzUyCjwvZGl2PgoKCjxkaXYgc3R5bGU9IndpZHRoOjczNXB4OyBmb250LXNpemU6MTUwJTsgY29sb3I6I2ZmZmZmZjsgdGV4dC1hbGlnbjpsZWZ0OyBmb250LXdlaWdodDpib2xkOyB2ZXJ0aWNhbC1hbGlnbjp0b3A7IGJhY2tncm91bmQtY29sb3I6I2VlOWE1ZTsgcGFkZGluZzo1cHg7IG1hcmdpbi1ib3R0b206MTVweDsgYm9yZGVyLWxlZnQ6c29saWQgNXB4ICM2NjY2NjY7Ij7oh6rliIbjga7kvY3nva7jgpLjg57jg7zjgq88L2Rpdj4KPGRpdiBzdHlsZT0id2lkdGg6NzUwcHg7IGZvbnQtc2l6ZTo5MCU7IGNvbG9yOiMzMzMzMzM7IHRleHQtYWxpZ246bGVmdDsgdmVydGljYWwtYWxpZ246dG9wOyBiYWNrZ3JvdW5kLWNvbG9yOiNmZmZmZmY7IG1hcmdpbi1ib3R0b206MjBweDsiPuODiuOCpOOCrSDjgrTjg6vjg5Ug44Oc44O844Or44Oe44O844Kr44O877yG44Kv44Oq44OD44OXIElJ44Gv5YCL5oCn55qE44Gq44Oe44O844Kr44O844Go44Kv44Oq44OD44OX44CC44Od44Kx44OD44OI44Gr44G044Gj44Gf44KK5Y+O44G+44KL44Gu44Gn44OX44Os44O844KS5aao44GS44G+44Gb44KT44CCPC9kaXY+CgoKPGRpdiBzdHlsZT0id2lkdGg6NjAwcHg7Ij4KPGltZyBzcmM9Imh0dHA6Ly9pbWFnZS5yYWt1dGVuLmNvLmpwL2Z1bGwtc2hvdC9jYWJpbmV0LzA0MDI0ODYwL2dnYTM1Ml8xLmpwZyIgc3R5bGU9Im1hcmdpbi1ib3R0b206MjBweDsiPjxpbWcgc3JjPSJodHRwOi8vaW1hZ2UucmFrdXRlbi5jby5qcC9mdWxsLXNob3QvY2FiaW5ldC8wNDAyNDg2MC9nZ2EzNTJfMi5qcGciIHN0eWxlPSJtYXJnaW4tYm90dG9tOjQwcHg7Ij4KPC9kaXY+CgoKPGltZyBzcmM9Imh0dHA6Ly9pbWFnZS5yYWt1dGVuLmNvLmpwL2Z1bGwtc2hvdC9jYWJpbmV0LzAzMjg4ODkyL3R0bC1mZWF0dXJlLmdpZiI+CjxkaXYgc3R5bGU9IndpZHRoOjc1MHB4OyBmb250LXNpemU6OTAlOyB0ZXh0LWFsaWduOmxlZnQ7IHZlcnRpY2FsLWFsaWduOnRvcDsgbWFyZ2luLWJvdHRvbTo0MHB4OyI+4pag5ZCI5oiQ55qu6Z2p44Gu44Kv44Oq44OD44OX44Gn44Oe44O844Kr44O844KS5Zu65a6a44GZ44KL44CB572u44GN44KE44GZ44GE5qeL6YCgPGJyPuKWoOiAkOS5heaAp+OBq+WEquOCjOOBn+mHkeWxnuijveODnuODvOOCq+ODvDwvZGl2PgoKCjxpbWcgc3JjPSJodHRwOi8vaW1hZ2UucmFrdXRlbi5jby5qcC9mdWxsLXNob3QvY2FiaW5ldC8wMzI4ODg5Mi90dGwtc3BlYy5naWYiPgo8dGFibGUgc3R5bGU9IndpZHRoOjc1MHB4OyBib3JkZXI6MXB4ICMzMzMzMzMgc29saWQ7IGJvcmRlci1jb2xsYXBzZTpjb2xsYXBzZTsgZm9udC1zaXplOjkwJTsgbWFyZ2luLWJvdHRvbTo0MHB4OyI+Cjx0cj4KPHRkIHdpZHRoPSIyMCUiIGNvbHNwYW49IjQiIGFsaWduPSJsZWZ0IiBzdHlsZT0iYm9yZGVyOjFweCAjMzMzMzMzIHNvbGlkOyBiYWNrZ3JvdW5kLWNvbG9yOiNjY2NjY2M7IHBhZGRpbmc6MTBweDsgdmVydGljYWwtYWxpZ246bWlkZGxlOyI+44Kv44Oq44OD44OX44Gu5a+45rOVCjwvdGQ+Cjx0ZCB3aWR0aD0iODAlIiBhbGlnbj0ibGVmdCIgc3R5bGU9ImJvcmRlcjoxcHggIzMzMzMzMyBzb2xpZDsgcGFkZGluZzoxMHB4OyB2ZXJ0aWNhbC1hbGlnbjptaWRkbGU7Ij5XIDIuNWNtIHggTCA2LjVjbQo8L3RkPgo8L3RyPgo8dHI+Cjx0ZCBhbGlnbj0ibGVmdCIgY29sc3Bhbj0iNCIgc3R5bGU9ImJvcmRlcjoxcHggIzMzMzMzMyBzb2xpZDsgYmFja2dyb3VuZC1jb2xvcjojY2NjY2NjOyBwYWRkaW5nOjEwcHg7IHZlcnRpY2FsLWFsaWduOm1pZGRsZTsiPue0oOadkAo8L3RkPgo8dGQgYWxpZ249ImxlZnQiIHN0eWxlPSJib3JkZXI6MXB4ICMzMzMzMzMgc29saWQ7IHBhZGRpbmc6MTBweDsgdmVydGljYWwtYWxpZ246bWlkZGxlOyI+5ZCI5oiQ55qu6Z2pNzDvvIXjgIHpiYQzMO+8hQo8L3RkPgo8L3RyPgo8dHI+Cjx0ZCBhbGlnbj0ibGVmdCIgY29sc3Bhbj0iNCIgc3R5bGU9ImJvcmRlcjoxcHggIzMzMzMzMyBzb2xpZDsgYmFja2dyb3VuZC1jb2xvcjojY2NjY2NjOyBwYWRkaW5nOjEwcHg7IHZlcnRpY2FsLWFsaWduOm1pZGRsZTsiPuWOn+eUo+WbvQo8L3RkPgo8dGQgYWxpZ249ImxlZnQiIHN0eWxlPSJib3JkZXI6MXB4ICMzMzMzMzMgc29saWQ7IHBhZGRpbmc6MTBweDsgdmVydGljYWwtYWxpZ246bWlkZGxlOyI+5Lit5Zu9CjwvdGQ+CjwvdHI+CjwvdGFibGU+CgoKPHRhYmxlIHdpZHRoPSI3NTBweCIgYm9yZGVyPSIwIiBjZWxscGFkZGluZz0iMTAiIGNlbGxzcGFjaW5nPSIwIiBhbGlnbj0iY2VudGVyIiBzdHlsZT0iZm9udC1zaXplOjkwJTsgbWFyZ2luLWJvdHRvbTozMHB4OyI+Cjx0cj4KPHRkIGhlaWdodD0iMjAiIGJnY29sb3I9IiNjY2NjY2MiIHN0eWxlPSJ0ZXh0LWFsaWduOmNlbnRlcjsiPuWcqOW6q+OBq+OBpOOBjeOBvuOBl+OBpgo8L3RkPgo8L3RyPgo8dHI+Cjx0ZCBiZ2NvbG9yPSIjZjBmMGYwIj4K4oC75Zyo5bqr44OH44O844K/44Gv5a6a5pyf55qE44Gr5pu05paw44GX44Gm44GK44KK44G+44GZ44GM44CB5a6f5bqX6IiX44Go5Zyo5bqr44KS5YWx5pyJ44GX44Gm44GE44KL5ZWG5ZOB44KC44GU44GW44GE44G+44GZ44Gu44Gn44CB5pel44CF5Zyo5bqr44GM5aSJ5YuV44GX44Gm44GK44KK44CB44GU5rOo5paH44Gu44K/44Kk44Of44Oz44Kw44Gr44KI44Gj44Gm44Gv5qyg5ZOB44O75a6M5aOy44Gu5aC05ZCI44GM44GU44GW44GE44G+44GZ44CCPGJyPgrjgYrlj5bjgorlr4TjgZvjga7llYblk4HjgavjgaTjgY3jgb7jgZfjgabjgoLjgIHjg6rjgqLjg6vjgr/jgqTjg6Djga7jg6Hjg7zjgqvjg7zlnKjluqvjgafjga/jgZTjgZbjgYTjgb7jgZvjgpPjga7jgafjgIHkuojjgoHjgZTkuobmib/kuIvjgZXjgYTjgILjgZTms6jmlofllYblk4Hjga7lnKjluqvmnInnhKHjg7vntI3mnJ/jgavjgaTjgY3jgb7jgZfjgabjga/jgIHlvZPlupfjgYvjgonjga7jg6Hjg7zjg6vjgavjgabjgYrnn6XjgonjgZvjgYTjgZ/jgZfjgb7jgZnjgIIKPC90ZD4KPC90cj4KPC90YWJsZT4KCgo8L2Rpdj48YnI+PGJyPg==,44CQMjAxNuODouODh+ODq+OAkeODiuOCpOOCrSBHR0EzNTIg44Kv44Oq44OD44OXIOODnOODvOODq+ODnuODvOOCq+ODvCAyIE5JS0XvvJrjg5Xjg6vjgrfjg6fjg4Pjg4jmpb3lpKnluILloLTlupc=,44OV44Or44K344On44OD44OI44Kt44Oj44Ot44Km44Kn44Kk44OG44O844Op44O844Oh44Kk44OJ44K/44Kk44OI44Oq44K544OI44K844Kv44K344Kq44K044Or44OV44Or44Kz44OD44Kv44Os44OH44Kj44O844K544Kt44Oj44OH44Kj44OQ44OD44Kw44OJ44Op44Kk44OQ44O844Kq44O844Kv44Oq44O844Oe44Oz44K344Oz44Kw44OX44O844Oe44OK44Kk44Kt44Kz44OW44Op44Ki44OH44Kj44OA44K544Ki44OJ44Of44Op44Or44OW44Oq44OC44K544OI44Oz44Kz44Op44Oz44OI44OD44OG44OA44Kk44OK44Oi44CQMjAxNuODouODh+ODq+OAkeODiuOCpOOCrSBHR0EzNTIg44Kv44Oq44OD44OXIOODnOODvOODq+ODnuODvOOCq+ODvCAyIE5JS0U=,6Ieq5YiG44Gu5L2N572u44KS44Oe44O844Kv44CC44CQMjAxNuODouODh+ODq+OAkeODiuOCpOOCrSBHR0EzNTIg44Kv44Oq44OD44OXIOODnOODvOODq+ODnuODvOOCq+ODvCAyIE5JS0U=[rn]
25-79860,aHR0cDovL3RzaG9wLnIxMHMuanAva290b2J1a2lnb2xmL2NhYmluZXQvMDUyMTcwMjgvMDUzMDg2MjAvYWpibTUxLmpwZz9maXRpbj03MDA6NzAw,MTYwMC4wMDAw,,44K544Od44O844OE44O744Ki44Km44OI44OJ44KiID4g44K044Or44OVID4g44Op44Km44Oz44OJ55So5ZOB44O75bCP54mpID4g44Oe44O844Kr44O844O744OP44OD44OI44Kv44Oq44OD44OX,4peP44K/44Kk44OI44Oq44K544OIIOOCreODo+ODg+ODl+OCr+ODquODg+ODl+ODnuODvOOCq+ODvEFKQk01MQ==,,PGltZyBib3JkZXI9MCBzcmM9Imh0dHA6Ly9pbWFnZS5yYWt1dGVuLmNvLmpwL2tvdG9idWtpZ29sZi9jYWJpbmV0LzA1MjE3MDI4LzA1MzA4NjIwL2FqYm01MS5qcGciPjxicj4KCjx0YWJsZSBib3JkZXI9IjAiIGNlbGxzcGFjaW5nPSIwIiBjZWxscGFkZGluZz0iMCIgaGVpZ2h0PSIxIj4KICAgICAgICAgICAgICA8dHI+CiAgICAgICAgICAgICAgICA8dGQgd2lkdGg9IjEwMCUiIGhlaWdodD0iMzgiIGFsaWduPSJjZW50ZXIiIGNvbHNwYW49IjQiIGJnY29sb3I9IiMwMDAwMDAiPgogICAgICAgICAgICAgICAgICA8aW1nIGJvcmRlcj0wIHNyYz0iaHR0cDovL2ltYWdlLnJha3V0ZW4uY28uanAva290b2J1a2lnb2xmL2NhYmluZXQvYi9pbWdyYzAwNjgzNTc4OTYuanBnIiB3aWR0aD0iNTg1IiBoZWlnaHQ9IjEwNCI+PC90ZD4KICAgICAgICAgICAgICA8L3RyPgogICAgICAgICAgICAgIDx0cj4KICAgICAgICAgICAgICAgIDx0ZCB3aWR0aD0iNTAlIiBoZWlnaHQ9IjM4IiBhbGlnbj0iY2VudGVyIiBjb2xzcGFuPSIyIj4KICAgICAgICAgICAgICAgICAgPGltZyBib3JkZXI9MCBzcmM9Imh0dHA6Ly9pbWFnZS5yYWt1dGVuLmNvLmpwL2tvdG9idWtpZ29sZi9jYWJpbmV0L21ha2VyL3RvcC9pbWdyYzAwNjgzNzAwNDkuanBnIiB3aWR0aD0iMzUwIiBoZWlnaHQ9IjExMiI+PC90ZD4KICAgICAgICAgICAgICAgIDx0ZCB3aWR0aD0iNTAlIiBoZWlnaHQ9IjM4IiBhbGlnbj0iY2VudGVyIiBjb2xzcGFuPSIyIj4KICAgICAgICAgICAgICAgICAgPGltZyBib3JkZXI9MCBzcmM9Imh0dHA6Ly9pbWFnZS5yYWt1dGVuLmNvLmpwL2tvdG9idWtpZ29sZi9jYWJpbmV0L21ha2VyL3RvcC9pbWdyYzAwNjgzNzAwNTAuanBnIiB3aWR0aD0iMzUwIiBoZWlnaHQ9IjExMiI+PC90ZD4KICAgICAgICAgICAgICA8L3RyPgogICAgICAgICAgICAgIDx0cj4KICAgICAgICAgICAgICAgIDx0ZCB3aWR0aD0iMjUlIiBoZWlnaHQ9Ijc2IiBhbGlnbj0iY2VudGVyIj4KICAgICAgICAgICAgICAgICAgPGltZyBib3JkZXI9MCBzcmM9Imh0dHA6Ly9pbWFnZS5yYWt1dGVuLmNvLmpwL2tvdG9idWtpZ29sZi9jYWJpbmV0L21ha2VyL3RvcC9pbWdyYzAwNjgzNzAwNDYuanBnIiB3aWR0aD0iMTc1IiBoZWlnaHQ9IjEzNSI+PC90ZD4KICAgICAgICAgICAgICAgIDx0ZCB3aWR0aD0iMjUlIiBoZWlnaHQ9Ijc2IiBhbGlnbj0iY2VudGVyIj4KICAgICAgICAgICAgICAgICAgPGltZyBib3JkZXI9MCBzcmM9Imh0dHA6Ly9pbWFnZS5yYWt1dGVuLmNvLmpwL2tvdG9idWtpZ29sZi9jYWJpbmV0L21ha2VyL3RvcC9pbWdyYzAwNjgzNzAwNDguanBnIiB3aWR0aD0iMTc1IiBoZWlnaHQ9IjEzNSI+PC90ZD4KICAgICAgICAgICAgICAgIDx0ZCB3aWR0aD0iMjUlIiBoZWlnaHQ9Ijc2IiBhbGlnbj0iY2VudGVyIj4KICAgICAgICAgICAgICAgICAgPGltZyBib3JkZXI9MCBzcmM9Imh0dHA6Ly9pbWFnZS5yYWt1dGVuLmNvLmpwL2tvdG9idWtpZ29sZi9jYWJpbmV0L21ha2VyL3RvcC9pbWc2NDI5MTE3OS5qcGciIHdpZHRoPSIxNzUiIGhlaWdodD0iMTM1Ij48L3RkPgogICAgICAgICAgICAgICAgPHRkIHdpZHRoPSIyNSUiIGhlaWdodD0iNzYiIGFsaWduPSJjZW50ZXIiPgogICAgICAgICAgICAgICAgICA8aW1nIGJvcmRlcj0wIHNyYz0iaHR0cDovL2ltYWdlLnJha3V0ZW4uY28uanAva290b2J1a2lnb2xmL2NhYmluZXQvbWFrZXIvdG9wL2ltZ3JjMDA2ODM3MDEzOS5qcGciIHdpZHRoPSIxNzUiIGhlaWdodD0iMTM1Ij48L3RkPgogICAgICAgICAgICAgIDwvdHI+CiAgICAgICAgICAgICAgPHRyPgogICAgICAgICAgICAgICAgPHRkIHdpZHRoPSIyNSUiIGhlaWdodD0iMzgiIGFsaWduPSJjZW50ZXIiPgogICAgICAgICAgICAgICAgICA8aW1nIGJvcmRlcj0wIHNyYz0iaHR0cDovL2ltYWdlLnJha3V0ZW4uY28uanAva290b2J1a2lnb2xmL2NhYmluZXQvbWFrZXIvdG9wL2ltZ3JjMDA2ODM3MDE1OC5qcGciIHdpZHRoPSIxNzUiIGhlaWdodD0iMTM1Ij48L3RkPgogICAgICAgICAgICAgICAgPHRkIHdpZHRoPSIyNSUiIGhlaWdodD0iMzgiIGFsaWduPSJjZW50ZXIiPgogICAgICAgICAgICAgICAgICA8aW1nIGJvcmRlcj0wIHNyYz0iaHR0cDovL2ltYWdlLnJha3V0ZW4uY28uanAva290b2J1a2lnb2xmL2NhYmluZXQvbWFrZXIvdG9wL2ltZ3JjMDA2ODM3MDI2NS5qcGciIHdpZHRoPSIxNzUiIGhlaWdodD0iMTM1Ij48L3RkPgogICAgICAgICAgICAgICAgPHRkIHdpZHRoPSIyNSUiIGhlaWdodD0iMzgiIGFsaWduPSJjZW50ZXIiPgogICAgICAgICAgICAgICAgICA8aW1nIGJvcmRlcj0wIHNyYz0iaHR0cDovL2ltYWdlLnJha3V0ZW4uY28uanAva290b2J1a2lnb2xmL2NhYmluZXQvbWFrZXIvdG9wL2ltZ3JjMDA2ODM3MDIxOS5qcGciIHdpZHRoPSIxNzUiIGhlaWdodD0iMTM1Ij48L3RkPgogICAgICAgICAgICAgICAgPHRkIHdpZHRoPSIyNSUiIGhlaWdodD0iMzgiIGFsaWduPSJjZW50ZXIiPgogICAgICAgICAgICAgICAgICA8aW1nIGJvcmRlcj0wIHNyYz0iaHR0cDovL2ltYWdlLnJha3V0ZW4uY28uanAva290b2J1a2lnb2xmL2NhYmluZXQvbWFrZXIvdG9wL2ltZ3JjMDA2ODM3MDExNS5qcGciIHdpZHRoPSIxNzUiIGhlaWdodD0iMTM1Ij48L3RkPgogICAgICAgICAgICAgIDwvdHI+CiAgICAgICAgICAgICAgPHRyPgogICAgICAgICAgICAgICAgPHRkIHdpZHRoPSIyNSUiIGhlaWdodD0iMzgiIGFsaWduPSJjZW50ZXIiPgogICAgICAgICAgICAgICAgICA8aW1nIGJvcmRlcj0wIHNyYz0iaHR0cDovL2ltYWdlLnJha3V0ZW4uY28uanAva290b2J1a2lnb2xmL2NhYmluZXQvbWFrZXIvdG9wL2ltZ3JjMDA2ODM3MDA1My5qcGciIHdpZHRoPSIxNzUiIGhlaWdodD0iMTM1Ij48L3RkPgogICAgICAgICAgICAgICAgPHRkIHdpZHRoPSIyNSUiIGhlaWdodD0iMzgiIGFsaWduPSJjZW50ZXIiPgogICAgICAgICAgICAgICAgICA8aW1nIGJvcmRlcj0wIHNyYz0iaHR0cDovL2ltYWdlLnJha3V0ZW4uY28uanAva290b2J1a2lnb2xmL2NhYmluZXQvbWFrZXIvdG9wL2ltZ3JjMDA2ODM3MDA0Ny5qcGciIHdpZHRoPSIxNzUiIGhlaWdodD0iMTM1Ij48L3RkPgogICAgICAgICAgICAgICAgPHRkIHdpZHRoPSIyNSUiIGhlaWdodD0iMzgiIGFsaWduPSJjZW50ZXIiPgogICAgICAgICAgICAgICAgICA8aW1nIGJvcmRlcj0wIHNyYz0iaHR0cDovL2ltYWdlLnJha3V0ZW4uY28uanAva290b2J1a2lnb2xmL2NhYmluZXQvbWFrZXIvdG9wL2ltZ3JjMDA2ODM3MDA3NC5qcGciIHdpZHRoPSIxNzUiIGhlaWdodD0iMTM1Ij48L3RkPgogICAgICAgICAgICAgICAgPHRkIHdpZHRoPSIyNSUiIGhlaWdodD0iMzgiIGFsaWduPSJjZW50ZXIiPgogICAgICAgICAgICAgICAgICA8aW1nIGJvcmRlcj0wIHNyYz0iaHR0cDovL2ltYWdlLnJha3V0ZW4uY28uanAva290b2J1a2lnb2xmL2NhYmluZXQvMDI2MzkxMDgvaGQzL2hkNC9pbWc2MjI0NzQ1OS5qcGciIHdpZHRoPSIxNzUiIGhlaWdodD0iMTM1Ij48L3RkPgogICAgICAgICAgICAgIDwvdHI+CiAgICAgICAgICAgICAgPHRyPgogICAgICAgICAgICAgICAgPHRkIHdpZHRoPSIxMDAlIiBoZWlnaHQ9IjE5IiBhbGlnbj0iY2VudGVyIiBjb2xzcGFuPSI0IiBiZ2NvbG9yPSIjRkY2NjY2Ij4KICAgICAgICAgICAgICAgICAgPHAgYWxpZ249ImxlZnQiPjxmb250IHNpemU9IjIiIGNvbG9yPSIjRkZGRkZGIj48Yj4mbmJzcDvil4bjg5Ljg4Pjg4jllYblk4E8L2I+PC9mb250PjwvdGQ+CiAgICAgICAgICAgICAgPC90cj4KICAgICAgICAgICAgICA8dHI+CiAgICAgICAgICAgICAgICA8dGQgd2lkdGg9IjEwMCUiIGhlaWdodD0iMTAiIGFsaWduPSJjZW50ZXIiIGNvbHNwYW49IjQiPgogICAgICAgICAgICAgICAgICA8aW1nIGJvcmRlcj0wIHNyYz0iaHR0cDovL2ltYWdlLnJha3V0ZW4uY28uanAva290b2J1a2lnb2xmL2NhYmluZXQvMDI2MzkxMDgvaGQzL2hkNC9pbWc2MjI0NzY5OC5qcGciIHdpZHRoPSI3MDAiIGhlaWdodD0iMTM1Ij48L3RkPgogICAgICAgICAgICAgIDwvdHI+CiAgICAgICAgICAgICAgPHRyPgogICAgICAgICAgICAgICAgPHRkIHdpZHRoPSI1MCUiIGhlaWdodD0iNSIgYWxpZ249ImNlbnRlciIgY29sc3Bhbj0iMiI+CiAgICAgICAgICAgICAgICAgIDxpbWcgYm9yZGVyPTAgc3JjPSJodHRwOi8vaW1hZ2UucmFrdXRlbi5jby5qcC9rb3RvYnVraWdvbGYvY2FiaW5ldC8wMjYzOTEwOC9oZDMvaGQ0L2ltZzYyMjYxMjQ5LmpwZyIgd2lkdGg9IjM1MCIgaGVpZ2h0PSIxMzUiPjwvdGQ+CiAgICAgICAgICAgICAgICA8dGQgd2lkdGg9IjUwJSIgaGVpZ2h0PSI1IiBhbGlnbj0iY2VudGVyIiBjb2xzcGFuPSIyIj4KICAgICAgICAgICAgICAgICAgPGltZyBib3JkZXI9MCBzcmM9Imh0dHA6Ly9pbWFnZS5yYWt1dGVuLmNvLmpwL2tvdG9idWtpZ29sZi9jYWJpbmV0L2IvaW1nNjUwNjc5NzQuanBnIiB3aWR0aD0iMzUwIiBoZWlnaHQ9IjEzNSI+PC90ZD4KICAgICAgICAgICAgICA8L3RyPgogICAgICAgICAgICA8L3RhYmxlPjxicj4KPGltZyBib3JkZXI9MCBzcmM9Imh0dHA6Ly9pbWFnZS5yYWt1dGVuLmNvLmpwL2tvdG9idWtpZ29sZi9jYWJpbmV0L21ha2VyL3RvcC9pbWc2MDQ5NTgzNC5qcGciIHdpZHRoPSI2OTAiIGhlaWdodD0iMTE4Ij4KPCEtLUdvUVN5c3RlbeODqeODs+OCreODs+OCsOiHquWLleabtOaWsOODhOODvOODq+ODr+OCpOODiS0tPiAgCjx0YWJsZSBhbGlnbj0iY2VudGVyIiB3aWR0aD0iNjAwIiBib3JkZXI9IjAiIGNlbGxwYWRkaW5nPSIwIiBjZWxsc3BhY2luZz0iMCIgYmdjb2xvcj0iI0ZGRkZGRiI+ICAKPHRyPiAgCjx0ZD4gIAo8dGFibGUgYWxpZ249ImNlbnRlciIgd2lkdGg9IjYwMCIgYm9yZGVyPSIwIiBjZWxscGFkZGluZz0iMCIgY2VsbHNwYWNpbmc9IjAiIGJnY29sb3I9IiNGRkZGRkYiPiAgCjx0cj4gIAo8dGQgYWxpZ249ImNlbnRlciIgdmFsaWduPSJib3R0b20iIGJnY29sb3I9IiNjY2NjY2MiPjxpbWcgc3JjPSJodHRwOi8vd3d3LnJha3V0ZW4ubmUuanAvZ29sZC9rb3RvYnVraWdvbGYvZ29xc3lzdGVtLzYwMHJhbmtpbmd0aXRlbC5naWYiIHdpZHRoPSI2MDAiIC8+PC90ZD4gIAo8L3RyPiAgCjwvdGFibGU+ICAKPHRhYmxlIGFsaWduPSJjZW50ZXIiIHdpZHRoPSI1OTYiIGJvcmRlcj0iMCIgY2VsbHBhZGRpbmc9IjAiIGNlbGxzcGFjaW5nPSIwIiBiZ2NvbG9yPSIjQ0NDQ0NDIiBzdHlsZT0iYm9yZGVyLWxlZnQ6c29saWQ7Ym9yZGVyLWxlZnQtd2lkdGg6MXB4O2JvcmRlci1yaWdodDpzb2xpZDtib3JkZXItcmlnaHQtd2lkdGg6MXB4O2JvcmRlci1ib3R0b206c29saWQ7Ym9yZGVyLWJvdHRvbS13aWR0aDoxcHg7Ym9yZGVyLWNvbG9yOiNDQ0NDQ0M7Ij4gIAo8dHI+ICAKPHRkIGFsaWduPSJjZW50ZXIiIGJnY29sb3I9IiNGRkZGRkYiPiAgCjxkaXYgY2xhc3M9Imlmcm0tY29udGFpbmVyIiBzdHlsZT0id2lkdGg6NTk4cHg7aGVpZ2h0OjQ2MHB4O292ZXJmbG93OmF1dG87LXdlYmtpdC1vdmVyZmxvdy1zY3JvbGxpbmc6dG91Y2g7Ij4gIAogIAo8L2Rpdj4gIAo8L3RkPiAgCjwvdHI+ICAKPHRyPiAgCjx0ZCBhbGlnbj0icmlnaHQiIGJnY29sb3I9IiNGRkZGRkYiIHN0eWxlPSJwYWRkaW5nOjJweDsiPiAgCjxpbWcgc3JjPSJodHRwOi8vd3d3LnJha3V0ZW4ubmUuanAvZ29sZC9rb3RvYnVraWdvbGYvZ29xc3lzdGVtL3Bvd2VyZWRfYnlfYmFubmVyLmdpZiIgd2lkdGg9IjEyNSIgLz4gIAo8L3RkPiAgCjwvdHI+ICAKPC90YWJsZT4gIAo8L3RkPiAgCjwvdHI+ICAKPC90YWJsZT4gIAo8IS0tR29RU3lzdGVt44Op44Oz44Kt44Oz44Kw6Ieq5YuV5pu05paw44OE44O844Or44Ov44Kk44OJLS0+,4peP44K/44Kk44OI44Oq44K544OIIOOCreODo+ODg+ODl+OCr+ODquODg+ODl+ODnuODvOOCq+ODvEFKQk01Me+8muOCs+ODiOODluOCreOCtOODq+ODle+8q++8pyZtaW51czvvvK7vvKXvvLQ=,44Kz44OI44OW44Kt44K044Or44OV77yr77ynJm1pbnVzO++8ru+8pe+8tOOCtOODq+ODleeUqOWTgeOCtOODq+ODleODgeOCv+ODs+ODkeOCv+ODvOODieODqeOCpOODkOODvOOCouOCpOOCouODs+OCreODo+ODh+OCo+ODvOODkOODg+OCr+ODrOODh+OCo+ODvOOCueODrOODleODhuOCo+ODvOS4iumHjuOCouODoeaoquODkOODvOODh+OCo+ODvOmkqOODr+ODvOODq+ODiemkqOWMl+WPo+W6l+ODl+ODqeOCpOODoOW6l+ODpuODvOODhuOCo+ODquODhuOCo+ODvOODleOCp+OCouOCpuOCp+OCpOOCtOODq+ODleODnOODvOODq+KXj+OCv+OCpOODiOODquOCueODiCDjgq3jg6Pjg4Pjg5fjgq/jg6rjg4Pjg5fjg57jg7zjgqvjg7xBSkJNNTE=,4peP44K/44Kk44OI44Oq44K544OIIOOCreODo+ODg+ODl+OCr+ODquODg+ODl+ODnuODvOOCq+ODvEFKQk01MQ==[rn]
25-79861,aHR0cDovL3RzaG9wLnIxMHMuanAvamVlcC9jYWJpbmV0LzA1NDU1Mjk3L2ltZ3JjMDEwMDU1MjcyOC5qcGc/Zml0aW49NzAwOjcwMA==,MTQzNy42MDAw,,44K544Od44O844OE44O744Ki44Km44OI44OJ44KiID4g44K044Or44OVID4g44Op44Km44Oz44OJ55So5ZOB44O75bCP54mpID4g44Oe44O844Kr44O844O744OP44OD44OI44Kv44Oq44OD44OX,44CQ44K044Or44OV44CR44CQ44Oe44O844Kr44O844CRVGl0bGVpc3Qg44K/44Kk44OI44Oq44K544OIIOOCqOODg+OCuOOCr+ODquODg+ODl+ODnuODvOOCq+ODvCBBSkJNNzEg5pel5pys5q2j6KaP5ZOB,MjAxN+W5tOODouODh+ODqyBUSVRMRUlTVCBHT0xGIOODnuODvOOCq+ODvCDjg5zjg7zjg6vjg57jg7zjgq8g5Y+w5bqn5LuY44GN,PHN0eWxlIHR5cGU9InRleHQvY3NzIj4KLmJpZyB7IHdpZHRoOmF1dG87Y29sb3I6ICNmZmZmZmY7Zm9udC1zaXplOiAxNHB4O2xpbmUtaGVpZ2h0OiAyMHB4O2ZvbnQtd2VpZ2h0OiBib2xkO2JhY2tncm91bmQ6ICMwMDAwNDA7bWFyZ2luOiAwIDAgMTBweDtwYWRkaW5nOiA1cHggMTVweDsgfQoKLmJpZ2JpZyB7IHdpZHRoOiBhdXRvO2NvbG9yOiAjQ0MzMzAwO2ZvbnQtc2l6ZTogMTVweDtsaW5lLWhlaWdodDogMjVweDtmb250LXdlaWdodDogYm9sZDsgfQoKaW1nIHsgYm9yZGVyOm5vbmU7IH0KCi5mb250MSB7IGZvbnQtc2l6ZToxNHB4O2NvbG9yOiMzMzMzMzM7d2lkdGg6YXV0bztsaW5lLWhlaWdodDoyMHB4O2ZvbnQtZmFtaWx5OiLjg6HjgqTjg6rjgqoiLCLvvK3vvLMg77yw44K044K344OD44KvIiwgT3Nha2EsICLjg5Ljg6njgq7jg47op5LjgrQgUHJvIFczIjsgfQogCi5jZW50ZXIgeyB0ZXh0LWFsaWduOmNlbnRlcjsgfQoKLnJlZCB7IGNvbG9yOiNmZjAwMDA7IH0KCi5yZWQyMCB7IGZvbnQtc2l6ZToyMHB4OyBjb2xvcjojZmYwMDAwOyBmb250LXdlaWdodDpib2xkOyB9CgouYmx1ZSB7IGNvbG9yOiMwMDAwNjY7IH0KCjwvc3R5bGU+CjxkaXYgY2xhc3M9ImZvbnQxIj4KPHRpdGxlPlRpdGxlaXN0IOOCv+OCpOODiOODquOCueODiCDjgqjjg4Pjgrjjgq/jg6rjg4Pjg5fjg57jg7zjgqvjg7wgQUpCTTcxIOaXpeacrOato+imj+WTgTwvdGl0bGU+Cgo8ZGl2IGNsYXNzPSJjZW50ZXIiPgo8YnI+CiAgIDxpbWcgc3JjPSJodHRwOi8vaW1hZ2UucmFrdXRlbi5jby5qcC9qZWVwL2NhYmluZXQvMDU0NTUyOTcvaW1ncmMwMTAwNTUyNzI5LmpwZyIgPjxiciAvPgo8YnI+CjxpbWcgc3JjPSJodHRwOi8vaW1hZ2UucmFrdXRlbi5jby5qcC9qZWVwL2NhYmluZXQvMDU0NTUyOTcvaW1ncmMwMTAwNTUyNzMwLmpwZyIgPjxiciAvPgo8YnI+CgrigLvjg5Hjgr3jgrPjg7PjgoTjgrnjg57jg5vjgavjgojjgaPjgabjga/lrp/pmpvjga7oibLjgajlpJrlsJHnlbDjgarjgovloLTlkIjjgYzjgYLjgorjgb7jgZnjgII8YnIgLz4KPGJyIC8+CjwvZGl2PgogICAKPGRpdiBjbGFzcz0iYmlnIj5UaXRsZWlzdCDjgr/jgqTjg4jjg6rjgrnjg4gg44Ko44OD44K444Kv44Oq44OD44OX44Oe44O844Kr44O8IEFKQk03MSDml6XmnKzmraPopo/lk4E8L2Rpdj4KCuKWoOWTgeeVqu+8mkFKQk03MTxiciAvPgrilqDntKDmnZDvvJrpiYTjgIHno4Hnn7M8YnIgLz4K4pag44K144Kk44K677ya5aSW6KOF44K144Kk44K677yaVzcuMsOXIEg4LjdjbTxiciAvPgrilqDjgqvjg6njg7zvvJrjg5vjg6/jgqTjg4jjgIHjg5bjg6njg4Pjgq/jgIHjgqrjg6zjg7PjgrjjgIHjg5bjg6vjg7zjgIHjg6zjg4Pjg4k8YnIgLz4KPGJyIC8+CjxiciAvPgo8L2Rpdj4KPC90cj4KPC90YWJsZT4KCjwhLS1mb250MS0tPjxpbWcgc3JjPSJodHRwOi8vaW1hZ2UucmFrdXRlbi5jby5qcC9qZWVwL2NhYmluZXQvMDQ5ODU1NDAvaW1ncmMwMDk1ODkzNDcxLmpwZyI+PHN0eWxlIHR5cGU9InRleHQvY3NzIj4KCnVsLm1lbnUgewptYXJnaW46IDA7CnBhZGRpbmc6IDVweDsKbGlzdC1zdHlsZS10eXBlOiBub25lOwp9Cgp1bC5tZW51IGxpIHsKZmxvYXQ6bGVmdDsKd2lkdGg6IDhlbTsKbWFyZ2luLWxlZnQ6IDhweDsKcGFkZGluZzogMnB4Owpib3JkZXI6IDFweCAjMTkxOTcwIHNvbGlkOwp0ZXh0LWFsaWduOiBjZW50ZXI7CmZvbnQtc2l6ZToxMnB4OwpiYWNrZ3JvdW5kLWNvbG9yOiNmMGY4ZmY7CmZvbnQtZmFtaWx5OiAi44Oh44Kk44Oq44KqIiwgIk1laXJ5byIsICLvvK3vvLMg44K044K344OD44KvIiwgIk1TIEdvdGhpYyIsICLjg5Ljg6njgq7jg47op5LjgrQgUHJvIFczIiwgIkhpcmFnaW5vIEtha3UgR290aGljIFBybyIsICJPc2FrYSIsICLvvK3vvLMg77yw44K044K344OD44KvIiwgIk1TIFBHb3RoaWMiLCAiU2Fucy1TZXJpZiI7CmxpbmUtaGVpZ2h0OjE4cHg7Cgp9CgouY2xlYXJMZWZ0IHsKY2xlYXI6IGxlZnQ7Cm1hcmdpbi1ib3R0b206IDVweDsKfQoKdWwubWVudTIgewptYXJnaW46IDA7CnBhZGRpbmc6IDNweDsKbGlzdC1zdHlsZS10eXBlOiBub25lOwp9Cgp1bC5tZW51MiBsaSB7CmZsb2F0OmxlZnQ7CndpZHRoOiAxMjBweDsKbWFyZ2luLXJpZ2h0OiAycHg7CnBhZGRpbmc6IDFweDsKYm9yZGVyOiBub25lOwp0ZXh0LWFsaWduOiBjZW50ZXI7CmZvbnQtc2l6ZToxMXB4OwpsaW5lLWhlaWdodDoxOHB4Owpmb250LWZhbWlseTogIuODoeOCpOODquOCqiIsICJNZWlyeW8iLCAi77yt77yzIOOCtOOCt+ODg+OCryIsICJNUyBHb3RoaWMiLCAi44OS44Op44Ku44OO6KeS44K0IFBybyBXMyIsICJIaXJhZ2lubyBLYWt1IEdvdGhpYyBQcm8iLCAiT3Nha2EiLCAi77yt77yzIO+8sOOCtOOCt+ODg+OCryIsICJNUyBQR290aGljIiwgIlNhbnMtU2VyaWYiOwp9CgoKLnN0eWxlNCB7CmZvbnQtZmFtaWx5OiAi44Oh44Kk44Oq44KqIiwgIk1laXJ5byIsICLvvK3vvLMg44K044K344OD44KvIiwgIk1TIEdvdGhpYyIsICLjg5Ljg6njgq7jg47op5LjgrQgUHJvIFczIiwgIkhpcmFnaW5vIEtha3UgR290aGljIFBybyIsICJPc2FrYSIsICLvvK3vvLMg77yw44K044K344OD44KvIiwgIk1TIFBHb3RoaWMiLCAiU2Fucy1TZXJpZiI7CmZvbnQtc2l6ZTogMThweDsKY29sb3I6ICNGRjAwMDA7CmZvbnQtd2VpZ2h0OiBib2xkOwp9Cgouc3R5bGU1IHsgZm9udC1mYW1pbHk6ICLjg6HjgqTjg6rjgqoiLCAiTWVpcnlvIiwgIu+8re+8syDjgrTjgrfjg4Pjgq8iLCAiTVMgR290aGljIiwgIuODkuODqeOCruODjuinkuOCtCBQcm8gVzMiLCAiSGlyYWdpbm8gS2FrdSBHb3RoaWMgUHJvIiwgIk9zYWthIiwgIu+8re+8syDvvLDjgrTjgrfjg4Pjgq8iLCAiTVMgUEdvdGhpYyIsICJTYW5zLVNlcmlmIjsKZm9udC1zaXplOiAxMnB4Owpjb2xvcjogI0ZGMDAwMDsKfQoKCjwvc3R5bGU+Cgo8IS0t44GK44GZ44GZ44KB5ZCM5qKx5ZWG5p2Q44GT44GT44GL44KJLS0+CjxpbWcgc3JjPSJodHRwOi8vaW1hZ2UucmFrdXRlbi5jby5qcC9qZWVwL2NhYmluZXQvdG9wLW5ldy9pbWdyYzAwNzAwMTQwMjguanBnIiBhbHQ9IuOBiuOBmeOBmeOCgeWQjOaiseWVhuadkCI+Cjx0YWJsZSB3aWR0aD0iNzcwIiBib3JkZXI9IjAiIGNlbGxzcGFjaW5nPSI1IiBjZWxscGFkZGluZz0iMCIgc3R5bGU9IndpZHRoOjc3MHB4O2JhY2tncm91bmQtY29sb3I6I2ZmZmZmZjtib3JkZXItd2lkdGg6MXB4O2JvcmRlci1zdHlsZTpzb2xpZDtib3JkZXItY29sb3I6I2JmYmZiZjtib3JkZXItdG9wOm5vbmU7Ij4KICA8dHI+CiAgICA8dGQ+CgkKCSAgPHVsIGNsYXNzPSJtZW51Ij4KPGxpPuODnOODvOODqzwvbGk+CjxsaT7jgrDjg63jg7zjg5Y8L2xpPgo8bGk+44OG44Kj44O8PC9saT4KPGxpPuOCteODs+OCsOODqeOCuTwvbGk+CjxsaT7jgrfjg6Xjg7zjgro8L2xpPgo8bGk+44OQ44OD44KwPC9saT4KCjwvdWw+Cgo8ZGl2IGNsYXNzPSJjbGVhckxlZnQiPjwvZGl2PgoKICA8dWwgY2xhc3M9Im1lbnUiPgo8bGk+44Km44Ko44KiPC9saT4KPGxpPue3tOe/kueUqOWFtzwvbGk+CjxsaT7jg6zjgqTjg7PjgrDjg4Pjgro8L2xpPgoKPC91bD4KCjxkaXYgY2xhc3M9ImNsZWFyTGVmdCI+PC9kaXY+CjxpbWcgc3JjPSJodHRwOi8vaW1hZ2UucmFrdXRlbi5jby5qcC9qZWVwL2NhYmluZXQvdG9wLW5ldy9pbWdyYzAwNzAwMTQwMzYuanBnIiBhbHQ9IuOBiuWLp+OCgeWQjOaiseWVhuadkCI+PGJyPgo8dWwgY2xhc3M9Im1lbnUyIj4KPGxpPjxpbWcgc3JjPSJodHRwOi8vaW1hZ2UucmFrdXRlbi5jby5qcC9qZWVwL2NhYmluZXQvMDQ3NzY5NzAvaW1ncmMwMDg4NzAyODQwLmpwZyIgd2lkdGg9IjExMCIgaGVpZ2h0PSIxMTAiIGJvcmRlcj0iMCI+PGJyPgrjgq3jg6Pjg63jgqbjgqfjgqQ8YnI+CuOCueODvOODkeODvOOCveODleODiCDjg5zjg7zjg6s8YnI+CjHjg4Djg7zjgrkxMuWAi+WFpeOCijxicj4K5pel5pys5LuV5qeYPGJyPiA8c3BhbiBjbGFzcz0ic3R5bGU0Ij4xLDk4MDwvc3Bhbj48c3BhbiBjbGFzcz0ic3R5bGU1Ij7lhoYo56iO6L6877yJPC9zcGFuPjwvbGk+CjxsaT48aW1nIHNyYz0iaHR0cDovL2ltYWdlLnJha3V0ZW4uY28uanAvamVlcC9jYWJpbmV0L3RvcC1uZXcvaW1ncmMwMDY3MTQ0NzEzLmpwZyIgd2lkdGg9IjExMCIgaGVpZ2h0PSIxMTAiIGJvcmRlcj0iMCI+PGJyPgrjgJDlnKjluqvpmZDjgorjgJE8YnI+CuODqeOCpOODiCDjgrzjg608YnI+CuODleODquOCr+OCt+ODp+ODs+ODhuOCo+ODvDxicj4K44Os44Ku44Ol44Op44O8IDcwbW08YnI+PHNwYW4gY2xhc3M9InN0eWxlNCI+MzgwPC9zcGFuPjxzcGFuIGNsYXNzPSJzdHlsZTUiPuWGhijnqI7ovrzvvIk8L3NwYW4+PC9saT4KPGxpPjxpbWcgc3JjPSJodHRwOi8vaW1hZ2UucmFrdXRlbi5jby5qcC9qZWVwL2NhYmluZXQvMDQ3NzY5NzAvaW1ncmMwMDgzMDg0OTQ0LmpwZyIgd2lkdGg9IjExMCIgaGVpZ2h0PSIxMTAiIGJvcmRlcj0iMCI+PGJyPgrjgqLjg4fjgqPjg4Djgrk8YnI+CuODj+OCpCDjg5Hjg6/jg7zjg5Djg7Pjg4k8YnI+44Kw44Ot44O844OWIFtRUjcxMF08YnI+CuaXpeacrOS7leanmDxicj48c3BhbiBjbGFzcz0ic3R5bGU0Ij44ODk8L3NwYW4+PHNwYW4gY2xhc3M9InN0eWxlNSI+5YaGKOeojui+vO+8iTwvc3Bhbj48L2xpPgo8bGk+PGltZyBzcmM9Imh0dHA6Ly9pbWFnZS5yYWt1dGVuLmNvLmpwL2plZXAvY2FiaW5ldC8wNDc3Njk3MC9pbWdyYzAwODY3Mzc0MTAuanBnIiB3aWR0aD0iMTEwIiBoZWlnaHQ9IjExMCIgYm9yZGVyPSIwIj48YnI+CuODiuOCpOOCreOCtOODq+ODlTxicj4K44OV44Kn44O844K577yG44Kv44Op44OWIDxicj4K44K444Oj44Ks44O844OJ44K/44Kq44OrIDxicj4KVVNB55u06Ly45YWl5ZOBPGJyPjxzcGFuIGNsYXNzPSJzdHlsZTQiPjEsOTgwPC9zcGFuPjxzcGFuIGNsYXNzPSJzdHlsZTUiPuWGhijnqI7ovrzvvIk8L3NwYW4+PC9saT4KPGxpPjxpbWcgc3JjPSJodHRwOi8vaW1hZ2UucmFrdXRlbi5jby5qcC9qZWVwL2NhYmluZXQvMDQ3NzY5NzAvaW1ncmMwMDkxMjA0NDIwLmpwZyIgd2lkdGg9IjExMCIgaGVpZ2h0PSIxMTAiIGJvcmRlcj0iMCI+PGJyPgrjg5fjg7zjg548YnI+CkJPWSdTIExPVyBDVVQ8YnI+CuOCveODg+OCr+OCuSA26Laz44Oa44KiPGJyPgpQMTA0MjQwLTQyMTxicj48c3BhbiBjbGFzcz0ic3R5bGU0Ij4xLDk4MDwvc3Bhbj48c3BhbiBjbGFzcz0ic3R5bGU1Ij7lhoYo56iO6L6877yJPC9zcGFuPjwvbGk+CjxsaT48aW1nIHNyYz0iaHR0cDovL2ltYWdlLnJha3V0ZW4uY28uanAvamVlcC9jYWJpbmV0L3RvcC1uZXcvaW1ncmMwMDc3MzI3Mjk3LmpwZyIgd2lkdGg9IjExMCIgaGVpZ2h0PSIxMTAiIGJvcmRlcj0iMCI+PGJyPgrjg4DjgqTjg6Q8YnI+CuWPr+aEm+OBhOOCouODi+ODnuODqzxicj7jg5zjg7zjg6vjgq/jg6rjg7zjg4rjg7w8YnI+CkFTLTA0NDxicj48c3BhbiBjbGFzcz0ic3R5bGU0Ij44NjA8L3NwYW4+PHNwYW4gY2xhc3M9InN0eWxlNSI+5YaGKOeojui+vO+8iTwvc3Bhbj48L2xpPgoKPC91bD4KCjxkaXYgY2xhc3M9ImNsZWFyTGVmdCI+PC9kaXY+Cgo8L3RkPgogIDwvdHI+CjwvdGFibGU+CjwhLS3jgYrjgZnjgZnjgoHlkIzmorHllYbmnZDjgZPjgZPjgb7jgactLT4=,44CQ44K044Or44OV44CR44CQ44Oe44O844Kr44O844CRVGl0bGVpc3Qg44K/44Kk44OI44Oq44K544OIIOOCqOODg+OCuOOCr+ODquODg+ODl+ODnuODvOOCq+ODvCBBSkJNNzEg5pel5pys5q2j6KaP5ZOB77yaSllQRVImcnNxdW87U++8iOOCuOODvOODkeODvOOCuu+8iQ==,44K044Or44OV44K044Or44OV44Kv44Op44OW44K044Or44OV55So5ZOBSllQRVJT44K444O844OR44O844K6SllQRVInU+a/gOWuiVVTQeebtOi8uOWFpeOCtOODq+ODleOCpuOCqOOCouOCtOODq+ODleOCr+ODqeODluODieODqeOCpOODkOODvOODkeOCv+ODvOOCreODo+ODreOCpuOCp+OCpOODhuODvOODqeODvOODoeOCpOODieOCueODquOCr+OCveODs+OCv+OCpOODiOODquOCueODiOOCtOODq+ODleODnOODvOODq+OCt+ODo+ODleODiEdPTEbjgqLjgqTjgqLjg7PjgJDjgrTjg6vjg5XjgJHjgJDjg57jg7zjgqvjg7zjgJFUaXRsZWlzdCDjgr/jgqTjg4jjg6rjgrnjg4gg44Ko44OD44K444Kv44Oq44OD44OX44Oe44O844Kr44O8IEFKQk03MSDml6XmnKzmraPopo/lk4E=,MjAxN+W5tOODouODh+ODqyBUSVRMRUlTVCBHT0xGIOODnuODvOOCq+ODvCDjg5zjg7zjg6vjg57jg7zjgq8g5Y+w5bqn5LuY44GN44CC44CQ44K044Or44OV44CR44CQ44Oe44O844Kr44O844CRVGl0bGVpc3Qg44K/44Kk44OI44Oq44K544OIIOOCqOODg+OCuOOCr+ODquODg+ODl+ODnuODvOOCq+ODvCBBSkJNNzEg5pel5pys5q2j6KaP5ZOB[rn]
25-79862,aHR0cDovL3RzaG9wLnIxMHMuanAvamVlcC9jYWJpbmV0LzA1NDU1Mjk3L2ltZ3JjMDEwMDUzODA2MC5qcGc/Zml0aW49NzAwOjcwMA==,MTQzNy42MDAw,,44K544Od44O844OE44O744Ki44Km44OI44OJ44KiID4g44K044Or44OVID4g44Op44Km44Oz44OJ55So5ZOB44O75bCP54mpID4g44Oe44O844Kr44O844O744OP44OD44OI44Kv44Oq44OD44OX,44CQ44K044Or44OV44CR44CQ44Oe44O844Kr44O844CRVGl0bGVpc3Qg44K/44Kk44OI44Oq44K544OIIOODhOOCpOODs+ODnuODvOOCq+ODvCBBSkJNNjEg5pel5pys5q2j6KaP5ZOB,MjAxN+W5tOODouODh+ODqyBUSVRMRUlTVCBHT0xGIOODnuODvOOCq+ODvCDjg5zjg7zjg6vjg57jg7zjgq8=,PHN0eWxlIHR5cGU9InRleHQvY3NzIj4KLmJpZyB7IHdpZHRoOmF1dG87Y29sb3I6ICNmZmZmZmY7Zm9udC1zaXplOiAxNHB4O2xpbmUtaGVpZ2h0OiAyMHB4O2ZvbnQtd2VpZ2h0OiBib2xkO2JhY2tncm91bmQ6ICMwMDAwNDA7bWFyZ2luOiAwIDAgMTBweDtwYWRkaW5nOiA1cHggMTVweDsgfQoKLmJpZ2JpZyB7IHdpZHRoOiBhdXRvO2NvbG9yOiAjQ0MzMzAwO2ZvbnQtc2l6ZTogMTVweDtsaW5lLWhlaWdodDogMjVweDtmb250LXdlaWdodDogYm9sZDsgfQoKaW1nIHsgYm9yZGVyOm5vbmU7IH0KCi5mb250MSB7IGZvbnQtc2l6ZToxNHB4O2NvbG9yOiMzMzMzMzM7d2lkdGg6YXV0bztsaW5lLWhlaWdodDoyMHB4O2ZvbnQtZmFtaWx5OiLjg6HjgqTjg6rjgqoiLCLvvK3vvLMg77yw44K044K344OD44KvIiwgT3Nha2EsICLjg5Ljg6njgq7jg47op5LjgrQgUHJvIFczIjsgfQogCi5jZW50ZXIgeyB0ZXh0LWFsaWduOmNlbnRlcjsgfQoKLnJlZCB7IGNvbG9yOiNmZjAwMDA7IH0KCi5yZWQyMCB7IGZvbnQtc2l6ZToyMHB4OyBjb2xvcjojZmYwMDAwOyBmb250LXdlaWdodDpib2xkOyB9CgouYmx1ZSB7IGNvbG9yOiMwMDAwNjY7IH0KCjwvc3R5bGU+CjxkaXYgY2xhc3M9ImZvbnQxIj4KPHRpdGxlPlRpdGxlaXN0IOOCv+OCpOODiOODquOCueODiCDjg4TjgqTjg7Pjg57jg7zjgqvjg7wgQUpCTTYxIOaXpeacrOato+imj+WTgTwvdGl0bGU+Cgo8ZGl2IGNsYXNzPSJjZW50ZXIiPgo8YnI+CiAgIDxpbWcgc3JjPSJodHRwOi8vaW1hZ2UucmFrdXRlbi5jby5qcC9qZWVwL2NhYmluZXQvMDU0NTUyOTcvaW1ncmMwMTAwNTM4MDYxLmpwZyIgPjxiciAvPgo8YnI+CgrigLvjg5Hjgr3jgrPjg7PjgoTjgrnjg57jg5vjgavjgojjgaPjgabjga/lrp/pmpvjga7oibLjgajlpJrlsJHnlbDjgarjgovloLTlkIjjgYzjgYLjgorjgb7jgZnjgII8YnIgLz4KPGJyIC8+CjwvZGl2PgogICAKPGRpdiBjbGFzcz0iYmlnIj5UaXRsZWlzdCDjgr/jgqTjg4jjg6rjgrnjg4gg44OE44Kk44Oz44Oe44O844Kr44O8IEFKQk02MSDml6XmnKzmraPopo/lk4E8L2Rpdj4KCuKWoOWTgeeVqu+8mkFKQk02MTxiciAvPgrilqDntKDmnZDvvJrkupzpiZvlkIjph5HjgIHno4Hnn7M8YnIgLz4K4pag44K144Kk44K677yaVzguOCB4IEgxMi41Y23vvIjlpJboo4XvvIk8YnIgLz4K4pag44Kr44Op44O877ya44Ob44Ov44Kk44OI44CB44OW44Op44OD44KvPGJyIC8+CjxiciAvPgo8YnIgLz4KPC9kaXY+CjwvdHI+CjwvdGFibGU+Cgo8IS0tZm9udDEtLT48aW1nIHNyYz0iaHR0cDovL2ltYWdlLnJha3V0ZW4uY28uanAvamVlcC9jYWJpbmV0LzA0OTg1NTQwL2ltZ3JjMDA5NTg5MzQ3MS5qcGciPjxzdHlsZSB0eXBlPSJ0ZXh0L2NzcyI+Cgp1bC5tZW51IHsKbWFyZ2luOiAwOwpwYWRkaW5nOiA1cHg7Cmxpc3Qtc3R5bGUtdHlwZTogbm9uZTsKfQoKdWwubWVudSBsaSB7CmZsb2F0OmxlZnQ7CndpZHRoOiA4ZW07Cm1hcmdpbi1sZWZ0OiA4cHg7CnBhZGRpbmc6IDJweDsKYm9yZGVyOiAxcHggIzE5MTk3MCBzb2xpZDsKdGV4dC1hbGlnbjogY2VudGVyOwpmb250LXNpemU6MTJweDsKYmFja2dyb3VuZC1jb2xvcjojZjBmOGZmOwpmb250LWZhbWlseTogIuODoeOCpOODquOCqiIsICJNZWlyeW8iLCAi77yt77yzIOOCtOOCt+ODg+OCryIsICJNUyBHb3RoaWMiLCAi44OS44Op44Ku44OO6KeS44K0IFBybyBXMyIsICJIaXJhZ2lubyBLYWt1IEdvdGhpYyBQcm8iLCAiT3Nha2EiLCAi77yt77yzIO+8sOOCtOOCt+ODg+OCryIsICJNUyBQR290aGljIiwgIlNhbnMtU2VyaWYiOwpsaW5lLWhlaWdodDoxOHB4OwoKfQoKLmNsZWFyTGVmdCB7CmNsZWFyOiBsZWZ0OwptYXJnaW4tYm90dG9tOiA1cHg7Cn0KCnVsLm1lbnUyIHsKbWFyZ2luOiAwOwpwYWRkaW5nOiAzcHg7Cmxpc3Qtc3R5bGUtdHlwZTogbm9uZTsKfQoKdWwubWVudTIgbGkgewpmbG9hdDpsZWZ0Owp3aWR0aDogMTIwcHg7Cm1hcmdpbi1yaWdodDogMnB4OwpwYWRkaW5nOiAxcHg7CmJvcmRlcjogbm9uZTsKdGV4dC1hbGlnbjogY2VudGVyOwpmb250LXNpemU6MTFweDsKbGluZS1oZWlnaHQ6MThweDsKZm9udC1mYW1pbHk6ICLjg6HjgqTjg6rjgqoiLCAiTWVpcnlvIiwgIu+8re+8syDjgrTjgrfjg4Pjgq8iLCAiTVMgR290aGljIiwgIuODkuODqeOCruODjuinkuOCtCBQcm8gVzMiLCAiSGlyYWdpbm8gS2FrdSBHb3RoaWMgUHJvIiwgIk9zYWthIiwgIu+8re+8syDvvLDjgrTjgrfjg4Pjgq8iLCAiTVMgUEdvdGhpYyIsICJTYW5zLVNlcmlmIjsKfQoKCi5zdHlsZTQgewpmb250LWZhbWlseTogIuODoeOCpOODquOCqiIsICJNZWlyeW8iLCAi77yt77yzIOOCtOOCt+ODg+OCryIsICJNUyBHb3RoaWMiLCAi44OS44Op44Ku44OO6KeS44K0IFBybyBXMyIsICJIaXJhZ2lubyBLYWt1IEdvdGhpYyBQcm8iLCAiT3Nha2EiLCAi77yt77yzIO+8sOOCtOOCt+ODg+OCryIsICJNUyBQR290aGljIiwgIlNhbnMtU2VyaWYiOwpmb250LXNpemU6IDE4cHg7CmNvbG9yOiAjRkYwMDAwOwpmb250LXdlaWdodDogYm9sZDsKfQoKLnN0eWxlNSB7IGZvbnQtZmFtaWx5OiAi44Oh44Kk44Oq44KqIiwgIk1laXJ5byIsICLvvK3vvLMg44K044K344OD44KvIiwgIk1TIEdvdGhpYyIsICLjg5Ljg6njgq7jg47op5LjgrQgUHJvIFczIiwgIkhpcmFnaW5vIEtha3UgR290aGljIFBybyIsICJPc2FrYSIsICLvvK3vvLMg77yw44K044K344OD44KvIiwgIk1TIFBHb3RoaWMiLCAiU2Fucy1TZXJpZiI7CmZvbnQtc2l6ZTogMTJweDsKY29sb3I6ICNGRjAwMDA7Cn0KCgo8L3N0eWxlPgoKPCEtLeOBiuOBmeOBmeOCgeWQjOaiseWVhuadkOOBk+OBk+OBi+OCiS0tPgo8aW1nIHNyYz0iaHR0cDovL2ltYWdlLnJha3V0ZW4uY28uanAvamVlcC9jYWJpbmV0L3RvcC1uZXcvaW1ncmMwMDcwMDE0MDI4LmpwZyIgYWx0PSLjgYrjgZnjgZnjgoHlkIzmorHllYbmnZAiPgo8dGFibGUgd2lkdGg9Ijc3MCIgYm9yZGVyPSIwIiBjZWxsc3BhY2luZz0iNSIgY2VsbHBhZGRpbmc9IjAiIHN0eWxlPSJ3aWR0aDo3NzBweDtiYWNrZ3JvdW5kLWNvbG9yOiNmZmZmZmY7Ym9yZGVyLXdpZHRoOjFweDtib3JkZXItc3R5bGU6c29saWQ7Ym9yZGVyLWNvbG9yOiNiZmJmYmY7Ym9yZGVyLXRvcDpub25lOyI+CiAgPHRyPgogICAgPHRkPgoJCgkgIDx1bCBjbGFzcz0ibWVudSI+CjxsaT7jg5zjg7zjg6s8L2xpPgo8bGk+44Kw44Ot44O844OWPC9saT4KPGxpPuODhuOCo+ODvDwvbGk+CjxsaT7jgrXjg7PjgrDjg6njgrk8L2xpPgo8bGk+44K344Ol44O844K6PC9saT4KPGxpPuODkOODg+OCsDwvbGk+Cgo8L3VsPgoKPGRpdiBjbGFzcz0iY2xlYXJMZWZ0Ij48L2Rpdj4KCiAgPHVsIGNsYXNzPSJtZW51Ij4KPGxpPuOCpuOCqOOCojwvbGk+CjxsaT7nt7Tnv5LnlKjlhbc8L2xpPgo8bGk+44Os44Kk44Oz44Kw44OD44K6PC9saT4KCjwvdWw+Cgo8ZGl2IGNsYXNzPSJjbGVhckxlZnQiPjwvZGl2Pgo8aW1nIHNyYz0iaHR0cDovL2ltYWdlLnJha3V0ZW4uY28uanAvamVlcC9jYWJpbmV0L3RvcC1uZXcvaW1ncmMwMDcwMDE0MDM2LmpwZyIgYWx0PSLjgYrli6fjgoHlkIzmorHllYbmnZAiPjxicj4KPHVsIGNsYXNzPSJtZW51MiI+CjxsaT48aW1nIHNyYz0iaHR0cDovL2ltYWdlLnJha3V0ZW4uY28uanAvamVlcC9jYWJpbmV0LzA0Nzc2OTcwL2ltZ3JjMDA4ODcwMjg0MC5qcGciIHdpZHRoPSIxMTAiIGhlaWdodD0iMTEwIiBib3JkZXI9IjAiPjxicj4K44Kt44Oj44Ot44Km44Kn44KkPGJyPgrjgrnjg7zjg5Hjg7zjgr3jg5Xjg4gg44Oc44O844OrPGJyPgox44OA44O844K5MTLlgIvlhaXjgoo8YnI+CuaXpeacrOS7leanmDxicj4gPHNwYW4gY2xhc3M9InN0eWxlNCI+MSw5ODA8L3NwYW4+PHNwYW4gY2xhc3M9InN0eWxlNSI+5YaGKOeojui+vO+8iTwvc3Bhbj48L2xpPgo8bGk+PGltZyBzcmM9Imh0dHA6Ly9pbWFnZS5yYWt1dGVuLmNvLmpwL2plZXAvY2FiaW5ldC90b3AtbmV3L2ltZ3JjMDA2NzE0NDcxMy5qcGciIHdpZHRoPSIxMTAiIGhlaWdodD0iMTEwIiBib3JkZXI9IjAiPjxicj4K44CQ5Zyo5bqr6ZmQ44KK44CRPGJyPgrjg6njgqTjg4gg44K844OtPGJyPgrjg5Xjg6rjgq/jgrfjg6fjg7Pjg4bjgqPjg7w8YnI+CuODrOOCruODpeODqeODvCA3MG1tPGJyPjxzcGFuIGNsYXNzPSJzdHlsZTQiPjM4MDwvc3Bhbj48c3BhbiBjbGFzcz0ic3R5bGU1Ij7lhoYo56iO6L6877yJPC9zcGFuPjwvbGk+CjxsaT48aW1nIHNyYz0iaHR0cDovL2ltYWdlLnJha3V0ZW4uY28uanAvamVlcC9jYWJpbmV0LzA0Nzc2OTcwL2ltZ3JjMDA4MzA4NDk0NC5qcGciIHdpZHRoPSIxMTAiIGhlaWdodD0iMTEwIiBib3JkZXI9IjAiPjxicj4K44Ki44OH44Kj44OA44K5PGJyPgrjg4/jgqQg44OR44Ov44O844OQ44Oz44OJPGJyPuOCsOODreODvOODliBbUVI3MTBdPGJyPgrml6XmnKzku5Xmp5g8YnI+PHNwYW4gY2xhc3M9InN0eWxlNCI+ODg5PC9zcGFuPjxzcGFuIGNsYXNzPSJzdHlsZTUiPuWGhijnqI7ovrzvvIk8L3NwYW4+PC9saT4KPGxpPjxpbWcgc3JjPSJodHRwOi8vaW1hZ2UucmFrdXRlbi5jby5qcC9qZWVwL2NhYmluZXQvMDQ3NzY5NzAvaW1ncmMwMDg2NzM3NDEwLmpwZyIgd2lkdGg9IjExMCIgaGVpZ2h0PSIxMTAiIGJvcmRlcj0iMCI+PGJyPgrjg4rjgqTjgq3jgrTjg6vjg5U8YnI+CuODleOCp+ODvOOCue+8huOCr+ODqeODliA8YnI+CuOCuOODo+OCrOODvOODieOCv+OCquODqyA8YnI+ClVTQeebtOi8uOWFpeWTgTxicj48c3BhbiBjbGFzcz0ic3R5bGU0Ij4xLDk4MDwvc3Bhbj48c3BhbiBjbGFzcz0ic3R5bGU1Ij7lhoYo56iO6L6877yJPC9zcGFuPjwvbGk+CjxsaT48aW1nIHNyYz0iaHR0cDovL2ltYWdlLnJha3V0ZW4uY28uanAvamVlcC9jYWJpbmV0LzA0Nzc2OTcwL2ltZ3JjMDA5MTIwNDQyMC5qcGciIHdpZHRoPSIxMTAiIGhlaWdodD0iMTEwIiBib3JkZXI9IjAiPjxicj4K44OX44O844OePGJyPgpCT1knUyBMT1cgQ1VUPGJyPgrjgr3jg4Pjgq/jgrkgNui2s+ODmuOCojxicj4KUDEwNDI0MC00MjE8YnI+PHNwYW4gY2xhc3M9InN0eWxlNCI+MSw5ODA8L3NwYW4+PHNwYW4gY2xhc3M9InN0eWxlNSI+5YaGKOeojui+vO+8iTwvc3Bhbj48L2xpPgo8bGk+PGltZyBzcmM9Imh0dHA6Ly9pbWFnZS5yYWt1dGVuLmNvLmpwL2plZXAvY2FiaW5ldC90b3AtbmV3L2ltZ3JjMDA3NzMyNzI5Ny5qcGciIHdpZHRoPSIxMTAiIGhlaWdodD0iMTEwIiBib3JkZXI9IjAiPjxicj4K44OA44Kk44OkPGJyPgrlj6/mhJvjgYTjgqLjg4vjg57jg6s8YnI+44Oc44O844Or44Kv44Oq44O844OK44O8PGJyPgpBUy0wNDQ8YnI+PHNwYW4gY2xhc3M9InN0eWxlNCI+ODYwPC9zcGFuPjxzcGFuIGNsYXNzPSJzdHlsZTUiPuWGhijnqI7ovrzvvIk8L3NwYW4+PC9saT4KCjwvdWw+Cgo8ZGl2IGNsYXNzPSJjbGVhckxlZnQiPjwvZGl2PgoKPC90ZD4KICA8L3RyPgo8L3RhYmxlPgo8IS0t44GK44GZ44GZ44KB5ZCM5qKx5ZWG5p2Q44GT44GT44G+44GnLS0+,44CQ44K044Or44OV44CR44CQ44Oe44O844Kr44O844CRVGl0bGVpc3Qg44K/44Kk44OI44Oq44K544OIIOODhOOCpOODs+ODnuODvOOCq+ODvCBBSkJNNjEg5pel5pys5q2j6KaP5ZOB77yaSllQRVImcnNxdW87U++8iOOCuOODvOODkeODvOOCuu+8iQ==,44K044Or44OV44K044Or44OV44Kv44Op44OW44K044Or44OV55So5ZOBSllQRVJT44K444O844OR44O844K6SllQRVInU+a/gOWuiVVTQeebtOi8uOWFpeOCtOODq+ODleOCpuOCqOOCouOCtOODq+ODleOCr+ODqeODluODieODqeOCpOODkOODvOODkeOCv+ODvOOCreODo+ODreOCpuOCp+OCpOODhuODvOODqeODvOODoeOCpOODieOCueODquOCr+OCveODs+OCv+OCpOODiOODquOCueODiOOCtOODq+ODleODnOODvOODq+OCt+ODo+ODleODiEdPTEbjgqLjgqTjgqLjg7PjgJDjgrTjg6vjg5XjgJHjgJDjg57jg7zjgqvjg7zjgJFUaXRsZWlzdCDjgr/jgqTjg4jjg6rjgrnjg4gg44OE44Kk44Oz44Oe44O844Kr44O8IEFKQk02MSDml6XmnKzmraPopo/lk4E=,MjAxN+W5tOODouODh+ODqyBUSVRMRUlTVCBHT0xGIOODnuODvOOCq+ODvCDjg5zjg7zjg6vjg57jg7zjgq/jgILjgJDjgrTjg6vjg5XjgJHjgJDjg57jg7zjgqvjg7zjgJFUaXRsZWlzdCDjgr/jgqTjg4jjg6rjgrnjg4gg44OE44Kk44Oz44Oe44O844Kr44O8IEFKQk02MSDml6XmnKzmraPopo/lk4E=[rn]
25-79863,aHR0cDovL3RzaG9wLnIxMHMuanAvamVlcC9jYWJpbmV0LzA1NDU1Mjk3L2ltZ3JjMDEwMDg3NDY2My5qcGc/Zml0aW49NzAwOjcwMA==,MTYwMC4wMDAw,,44K544Od44O844OE44O744Ki44Km44OI44OJ44KiID4g44K044Or44OVID4g44Op44Km44Oz44OJ55So5ZOB44O75bCP54mpID4g44Oe44O844Kr44O844O744OP44OD44OI44Kv44Oq44OD44OX,44CQ44K044Or44OV44CR44CQ44Oe44O844Kr44O844CRTElURSBHT0xGIOODqeOCpOODiCDml6XmnKzjga7nvo4g6Y2U44Oe44O844Kr44O8IFRzdWJh44Oe44O844Kr44O8IFgtODIxIOapi+OBq+OBoeOBqeOCiu+8j+m2tOOBq+OBmeOBmuOCge+8j+OBguOBmuOBvuOChA==,TElURSBHT0xGIOOCsOODquODvOODsyDjg57jg7zjgqvjg7wg6Y2UIOWSjOafhCDotIjjgorniakg44Kz44Oz44Oa5pmv5ZOB,PHN0eWxlIHR5cGU9InRleHQvY3NzIj4KLmJpZyB7IHdpZHRoOmF1dG87Y29sb3I6ICNmZmZmZmY7Zm9udC1zaXplOiAxNHB4O2xpbmUtaGVpZ2h0OiAyMHB4O2ZvbnQtd2VpZ2h0OiBib2xkO2JhY2tncm91bmQ6ICMwMDAwNDA7bWFyZ2luOiAwIDAgMTBweDtwYWRkaW5nOiA1cHggMTVweDsgfQoKLmJpZ2JpZyB7IHdpZHRoOiBhdXRvO2NvbG9yOiAjQ0MzMzAwO2ZvbnQtc2l6ZTogMTVweDtsaW5lLWhlaWdodDogMjVweDtmb250LXdlaWdodDogYm9sZDsgfQoKaW1nIHsgYm9yZGVyOm5vbmU7IH0KCi5mb250MSB7IGZvbnQtc2l6ZToxNHB4O2NvbG9yOiMzMzMzMzM7d2lkdGg6YXV0bztsaW5lLWhlaWdodDoyMHB4O2ZvbnQtZmFtaWx5OiLjg6HjgqTjg6rjgqoiLCLvvK3vvLMg77yw44K044K344OD44KvIiwgT3Nha2EsICLjg5Ljg6njgq7jg47op5LjgrQgUHJvIFczIjsgfQogCi5jZW50ZXIgeyB0ZXh0LWFsaWduOmNlbnRlcjsgfQoKLnJlZCB7IGNvbG9yOiNmZjAwMDA7IH0KCi5yZWQyMCB7IGZvbnQtc2l6ZToyMHB4OyBjb2xvcjojZmYwMDAwOyBmb250LXdlaWdodDpib2xkOyB9CgouYmx1ZSB7IGNvbG9yOiMwMDAwNjY7IH0KCjwvc3R5bGU+CjxkaXYgY2xhc3M9ImZvbnQxIj4KPHRpdGxlPkxJVEUgR09MRiDjg6njgqTjg4gg5pel5pys44Gu576OIOmNlOODnuODvOOCq+ODvCBUc3ViYeODnuODvOOCq+ODvCBYLTgyMTwvdGl0bGU+Cgo8ZGl2IGNsYXNzPSJjZW50ZXIiPgo8YnI+CiAgIDxpbWcgc3JjPSJodHRwOi8vaW1hZ2UucmFrdXRlbi5jby5qcC9qZWVwL2NhYmluZXQvMDU0NTUyOTcvaW1ncmMwMTAwODc2NTE5LmpwZyIgPjxiciAvPgo8YnI+CiAgCjwvZGl2PgogICAKPGRpdiBjbGFzcz0iYmlnIj5MSVRFIEdPTEYg44Op44Kk44OIIOaXpeacrOOBrue+jiDpjZTjg57jg7zjgqvjg7wgVHN1YmHjg57jg7zjgqvjg7wgWC04MjE8L2Rpdj4K4pag5ZOB55Wq77yaWC04MjE8YnIgLz4K4pag44K144Kk44K677ya55u0NDPvvY3vvY3Dl+WOmjLvvY3vvY08YnIgLz4K4pag6YeN6YeP77ya57SEMjFn77yI6ba044Gr44GZ44Ga44KB44Gv57SEMjNn77yJPGJyIC8+CuKWoOOCq+ODqeODvO+8mkEu5qmL44Gr44Gh44Gp44KKKDAxMCnjgIFCLum2tOOBq+OBmeOBmuOCgSgwMjAp44CBQy7jgYLjgZrjgb7jgoQoMDMwKTxiciAvPgrilqDlsILnlKjjgrHjg7zjgrnvvJrnvLblr7jms5Ug55u0NzVtbcOXIOWOmjMwbW08YnIgLz4KPGJyIC8+CjxiciAvPgo8L2Rpdj4KPC90cj4KPC90YWJsZT4KCjwhLS1mb250MS0tPjxpbWcgc3JjPSJodHRwOi8vaW1hZ2UucmFrdXRlbi5jby5qcC9qZWVwL2NhYmluZXQvMDQ5ODU1NDAvaW1ncmMwMDk1ODkzNDcxLmpwZyI+PHN0eWxlIHR5cGU9InRleHQvY3NzIj4KCnVsLm1lbnUgewptYXJnaW46IDA7CnBhZGRpbmc6IDVweDsKbGlzdC1zdHlsZS10eXBlOiBub25lOwp9Cgp1bC5tZW51IGxpIHsKZmxvYXQ6bGVmdDsKd2lkdGg6IDhlbTsKbWFyZ2luLWxlZnQ6IDhweDsKcGFkZGluZzogMnB4Owpib3JkZXI6IDFweCAjMTkxOTcwIHNvbGlkOwp0ZXh0LWFsaWduOiBjZW50ZXI7CmZvbnQtc2l6ZToxMnB4OwpiYWNrZ3JvdW5kLWNvbG9yOiNmMGY4ZmY7CmZvbnQtZmFtaWx5OiAi44Oh44Kk44Oq44KqIiwgIk1laXJ5byIsICLvvK3vvLMg44K044K344OD44KvIiwgIk1TIEdvdGhpYyIsICLjg5Ljg6njgq7jg47op5LjgrQgUHJvIFczIiwgIkhpcmFnaW5vIEtha3UgR290aGljIFBybyIsICJPc2FrYSIsICLvvK3vvLMg77yw44K044K344OD44KvIiwgIk1TIFBHb3RoaWMiLCAiU2Fucy1TZXJpZiI7CmxpbmUtaGVpZ2h0OjE4cHg7Cgp9CgouY2xlYXJMZWZ0IHsKY2xlYXI6IGxlZnQ7Cm1hcmdpbi1ib3R0b206IDVweDsKfQoKdWwubWVudTIgewptYXJnaW46IDA7CnBhZGRpbmc6IDNweDsKbGlzdC1zdHlsZS10eXBlOiBub25lOwp9Cgp1bC5tZW51MiBsaSB7CmZsb2F0OmxlZnQ7CndpZHRoOiAxMjBweDsKbWFyZ2luLXJpZ2h0OiAycHg7CnBhZGRpbmc6IDFweDsKYm9yZGVyOiBub25lOwp0ZXh0LWFsaWduOiBjZW50ZXI7CmZvbnQtc2l6ZToxMXB4OwpsaW5lLWhlaWdodDoxOHB4Owpmb250LWZhbWlseTogIuODoeOCpOODquOCqiIsICJNZWlyeW8iLCAi77yt77yzIOOCtOOCt+ODg+OCryIsICJNUyBHb3RoaWMiLCAi44OS44Op44Ku44OO6KeS44K0IFBybyBXMyIsICJIaXJhZ2lubyBLYWt1IEdvdGhpYyBQcm8iLCAiT3Nha2EiLCAi77yt77yzIO+8sOOCtOOCt+ODg+OCryIsICJNUyBQR290aGljIiwgIlNhbnMtU2VyaWYiOwp9CgoKLnN0eWxlNCB7CmZvbnQtZmFtaWx5OiAi44Oh44Kk44Oq44KqIiwgIk1laXJ5byIsICLvvK3vvLMg44K044K344OD44KvIiwgIk1TIEdvdGhpYyIsICLjg5Ljg6njgq7jg47op5LjgrQgUHJvIFczIiwgIkhpcmFnaW5vIEtha3UgR290aGljIFBybyIsICJPc2FrYSIsICLvvK3vvLMg77yw44K044K344OD44KvIiwgIk1TIFBHb3RoaWMiLCAiU2Fucy1TZXJpZiI7CmZvbnQtc2l6ZTogMThweDsKY29sb3I6ICNGRjAwMDA7CmZvbnQtd2VpZ2h0OiBib2xkOwp9Cgouc3R5bGU1IHsgZm9udC1mYW1pbHk6ICLjg6HjgqTjg6rjgqoiLCAiTWVpcnlvIiwgIu+8re+8syDjgrTjgrfjg4Pjgq8iLCAiTVMgR290aGljIiwgIuODkuODqeOCruODjuinkuOCtCBQcm8gVzMiLCAiSGlyYWdpbm8gS2FrdSBHb3RoaWMgUHJvIiwgIk9zYWthIiwgIu+8re+8syDvvLDjgrTjgrfjg4Pjgq8iLCAiTVMgUEdvdGhpYyIsICJTYW5zLVNlcmlmIjsKZm9udC1zaXplOiAxMnB4Owpjb2xvcjogI0ZGMDAwMDsKfQoKCjwvc3R5bGU+Cgo8IS0t44GK44GZ44GZ44KB5ZCM5qKx5ZWG5p2Q44GT44GT44GL44KJLS0+CjxpbWcgc3JjPSJodHRwOi8vaW1hZ2UucmFrdXRlbi5jby5qcC9qZWVwL2NhYmluZXQvdG9wLW5ldy9pbWdyYzAwNzAwMTQwMjguanBnIiBhbHQ9IuOBiuOBmeOBmeOCgeWQjOaiseWVhuadkCI+Cjx0YWJsZSB3aWR0aD0iNzcwIiBib3JkZXI9IjAiIGNlbGxzcGFjaW5nPSI1IiBjZWxscGFkZGluZz0iMCIgc3R5bGU9IndpZHRoOjc3MHB4O2JhY2tncm91bmQtY29sb3I6I2ZmZmZmZjtib3JkZXItd2lkdGg6MXB4O2JvcmRlci1zdHlsZTpzb2xpZDtib3JkZXItY29sb3I6I2JmYmZiZjtib3JkZXItdG9wOm5vbmU7Ij4KICA8dHI+CiAgICA8dGQ+CgkKCSAgPHVsIGNsYXNzPSJtZW51Ij4KPGxpPuODnOODvOODqzwvbGk+CjxsaT7jgrDjg63jg7zjg5Y8L2xpPgo8bGk+44OG44Kj44O8PC9saT4KPGxpPuOCteODs+OCsOODqeOCuTwvbGk+CjxsaT7jgrfjg6Xjg7zjgro8L2xpPgo8bGk+44OQ44OD44KwPC9saT4KCjwvdWw+Cgo8ZGl2IGNsYXNzPSJjbGVhckxlZnQiPjwvZGl2PgoKICA8dWwgY2xhc3M9Im1lbnUiPgo8bGk+44Km44Ko44KiPC9saT4KPGxpPue3tOe/kueUqOWFtzwvbGk+CjxsaT7jg6zjgqTjg7PjgrDjg4Pjgro8L2xpPgoKPC91bD4KCjxkaXYgY2xhc3M9ImNsZWFyTGVmdCI+PC9kaXY+CjxpbWcgc3JjPSJodHRwOi8vaW1hZ2UucmFrdXRlbi5jby5qcC9qZWVwL2NhYmluZXQvdG9wLW5ldy9pbWdyYzAwNzAwMTQwMzYuanBnIiBhbHQ9IuOBiuWLp+OCgeWQjOaiseWVhuadkCI+PGJyPgo8dWwgY2xhc3M9Im1lbnUyIj4KPGxpPjxpbWcgc3JjPSJodHRwOi8vaW1hZ2UucmFrdXRlbi5jby5qcC9qZWVwL2NhYmluZXQvMDQ3NzY5NzAvaW1ncmMwMDg4NzAyODQwLmpwZyIgd2lkdGg9IjExMCIgaGVpZ2h0PSIxMTAiIGJvcmRlcj0iMCI+PGJyPgrjgq3jg6Pjg63jgqbjgqfjgqQ8YnI+CuOCueODvOODkeODvOOCveODleODiCDjg5zjg7zjg6s8YnI+CjHjg4Djg7zjgrkxMuWAi+WFpeOCijxicj4K5pel5pys5LuV5qeYPGJyPiA8c3BhbiBjbGFzcz0ic3R5bGU0Ij4xLDk4MDwvc3Bhbj48c3BhbiBjbGFzcz0ic3R5bGU1Ij7lhoYo56iO6L6877yJPC9zcGFuPjwvbGk+CjxsaT48aW1nIHNyYz0iaHR0cDovL2ltYWdlLnJha3V0ZW4uY28uanAvamVlcC9jYWJpbmV0L3RvcC1uZXcvaW1ncmMwMDY3MTQ0NzEzLmpwZyIgd2lkdGg9IjExMCIgaGVpZ2h0PSIxMTAiIGJvcmRlcj0iMCI+PGJyPgrjgJDlnKjluqvpmZDjgorjgJE8YnI+CuODqeOCpOODiCDjgrzjg608YnI+CuODleODquOCr+OCt+ODp+ODs+ODhuOCo+ODvDxicj4K44Os44Ku44Ol44Op44O8IDcwbW08YnI+PHNwYW4gY2xhc3M9InN0eWxlNCI+MzgwPC9zcGFuPjxzcGFuIGNsYXNzPSJzdHlsZTUiPuWGhijnqI7ovrzvvIk8L3NwYW4+PC9saT4KPGxpPjxpbWcgc3JjPSJodHRwOi8vaW1hZ2UucmFrdXRlbi5jby5qcC9qZWVwL2NhYmluZXQvMDQ3NzY5NzAvaW1ncmMwMDgzMDg0OTQ0LmpwZyIgd2lkdGg9IjExMCIgaGVpZ2h0PSIxMTAiIGJvcmRlcj0iMCI+PGJyPgrjgqLjg4fjgqPjg4Djgrk8YnI+CuODj+OCpCDjg5Hjg6/jg7zjg5Djg7Pjg4k8YnI+44Kw44Ot44O844OWIFtRUjcxMF08YnI+CuaXpeacrOS7leanmDxicj48c3BhbiBjbGFzcz0ic3R5bGU0Ij44ODk8L3NwYW4+PHNwYW4gY2xhc3M9InN0eWxlNSI+5YaGKOeojui+vO+8iTwvc3Bhbj48L2xpPgo8bGk+PGltZyBzcmM9Imh0dHA6Ly9pbWFnZS5yYWt1dGVuLmNvLmpwL2plZXAvY2FiaW5ldC8wNDc3Njk3MC9pbWdyYzAwODY3Mzc0MTAuanBnIiB3aWR0aD0iMTEwIiBoZWlnaHQ9IjExMCIgYm9yZGVyPSIwIj48YnI+CuODiuOCpOOCreOCtOODq+ODlTxicj4K44OV44Kn44O844K577yG44Kv44Op44OWIDxicj4K44K444Oj44Ks44O844OJ44K/44Kq44OrIDxicj4KVVNB55u06Ly45YWl5ZOBPGJyPjxzcGFuIGNsYXNzPSJzdHlsZTQiPjEsOTgwPC9zcGFuPjxzcGFuIGNsYXNzPSJzdHlsZTUiPuWGhijnqI7ovrzvvIk8L3NwYW4+PC9saT4KPGxpPjxpbWcgc3JjPSJodHRwOi8vaW1hZ2UucmFrdXRlbi5jby5qcC9qZWVwL2NhYmluZXQvMDQ3NzY5NzAvaW1ncmMwMDkxMjA0NDIwLmpwZyIgd2lkdGg9IjExMCIgaGVpZ2h0PSIxMTAiIGJvcmRlcj0iMCI+PGJyPgrjg5fjg7zjg548YnI+CkJPWSdTIExPVyBDVVQ8YnI+CuOCveODg+OCr+OCuSA26Laz44Oa44KiPGJyPgpQMTA0MjQwLTQyMTxicj48c3BhbiBjbGFzcz0ic3R5bGU0Ij4xLDk4MDwvc3Bhbj48c3BhbiBjbGFzcz0ic3R5bGU1Ij7lhoYo56iO6L6877yJPC9zcGFuPjwvbGk+CjxsaT48aW1nIHNyYz0iaHR0cDovL2ltYWdlLnJha3V0ZW4uY28uanAvamVlcC9jYWJpbmV0L3RvcC1uZXcvaW1ncmMwMDc3MzI3Mjk3LmpwZyIgd2lkdGg9IjExMCIgaGVpZ2h0PSIxMTAiIGJvcmRlcj0iMCI+PGJyPgrjg4DjgqTjg6Q8YnI+CuWPr+aEm+OBhOOCouODi+ODnuODqzxicj7jg5zjg7zjg6vjgq/jg6rjg7zjg4rjg7w8YnI+CkFTLTA0NDxicj48c3BhbiBjbGFzcz0ic3R5bGU0Ij44NjA8L3NwYW4+PHNwYW4gY2xhc3M9InN0eWxlNSI+5YaGKOeojui+vO+8iTwvc3Bhbj48L2xpPgoKPC91bD4KCjxkaXYgY2xhc3M9ImNsZWFyTGVmdCI+PC9kaXY+Cgo8L3RkPgogIDwvdHI+CjwvdGFibGU+CjwhLS3jgYrjgZnjgZnjgoHlkIzmorHllYbmnZDjgZPjgZPjgb7jgactLT4=,44CQ44K044Or44OV44CR44CQ44Oe44O844Kr44O844CRTElURSBHT0xGIOODqeOCpOODiCDml6XmnKzjga7nvo4g6Y2U44Oe44O844Kr44O8IFRzdWJh44Oe44O844Kr44O8IFgtODIxIOapi+OBq+OBoeOBqeOCiu+8j+m2tOOBq+OBmeOBmuOCge+8j+OBguOBmuOBvuOChO+8mkpZUEVSJnJzcXVvO1PvvIjjgrjjg7zjg5Hjg7zjgrrvvIk=,44K044Or44OV44K044Or44OV44Kv44Op44OW44K044Or44OV55So5ZOBSllQRVJT44K444O844OR44O844K6SllQRVInU+a/gOWuiVVTQeebtOi8uOWFpeOCtOODq+ODleOCpuOCqOOCouOCtOODq+ODleOCr+ODqeODluODieODqeOCpOODkOODvOODkeOCv+ODvOOCreODo+ODreOCpuOCp+OCpOODhuODvOODqeODvOODoeOCpOODieOCueODquOCr+OCveODs+OCv+OCpOODiOODquOCueODiOOCtOODq+ODleODnOODvOODq+OCt+ODo+ODleODiEdPTEbjgqLjgqTjgqLjg7PjgJDjgrTjg6vjg5XjgJHjgJDjg57jg7zjgqvjg7zjgJFMSVRFIEdPTEYg44Op44Kk44OIIOaXpeacrOOBrue+jiDpjZTjg57jg7zjgqvjg7wgVHN1YmHjg57jg7zjgqvjg7wgWC04MjEg5qmL44Gr44Gh44Gp44KK77yP6ba044Gr44GZ44Ga44KB77yP44GC44Ga44G+44KE,TElURSBHT0xGIOOCsOODquODvOODsyDjg57jg7zjgqvjg7wg6Y2UIOWSjOafhCDotIjjgorniakg44Kz44Oz44Oa5pmv5ZOB44CC44CQ44K044Or44OV44CR44CQ44Oe44O844Kr44O844CRTElURSBHT0xGIOODqeOCpOODiCDml6XmnKzjga7nvo4g6Y2U44Oe44O844Kr44O8IFRzdWJh44Oe44O844Kr44O8IFgtODIxIOapi+OBq+OBoeOBqeOCiu+8j+m2tOOBq+OBmeOBmuOCge+8j+OBguOBmuOBvuOChA==[rn]
25-79864,aHR0cDovL3RzaG9wLnIxMHMuanAvamVlcC9jYWJpbmV0LzA0NTgyMTgyL2ltZ3JjMDA3OTI2NTI0My5qcGc/Zml0aW49NzAwOjcwMA==,MTE0OC44MDAw,,44K544Od44O844OE44O744Ki44Km44OI44OJ44KiID4g44K044Or44OVID4g44Op44Km44Oz44OJ55So5ZOB44O75bCP54mpID4g44Oe44O844Kr44O844O744OP44OD44OI44Kv44Oq44OD44OX,44CQ44K044Or44OV44CR44CQ44Oe44O844Kr44O844CR44Op44Kk44OIIExJVEUg44Ov44Oz44OU44O844K5IOOCr+ODquODg+ODl+ODnuODvOOCq+ODvCDjg6vjg5XjgqMgKFgtNzk4KQ==,5aSn5Lq65rCX5ryr55S744CM44Ov44Oz44OU44O844K544CN44Kt44Oj44Op44Kv44K/44O844Oe44O844Kr44O8,PHN0eWxlIHR5cGU9InRleHQvY3NzIj4KLmJpZyB7CndpZHRoOiA3NzBweDsKY29sb3I6ICNmZmZmZmY7CmZvbnQtc2l6ZTogMTRweDsKbGluZS1oZWlnaHQ6IDIwcHg7CmZvbnQtd2VpZ2h0OiBib2xkOwpiYWNrZ3JvdW5kOiAjMDAwMDQwOwptYXJnaW46IDAgMCAxMHB4OwpwYWRkaW5nOiA1cHggMTVweDsKfQoKLmJpZ2JpZyB7CndpZHRoOiBhdXRvOwpjb2xvcjogI0ZGNjYwMDsKZm9udC1zaXplOiAxNXB4OwpsaW5lLWhlaWdodDogMjVweDsKZm9udC13ZWlnaHQ6IGJvbGQ7Cn0KCmltZyB7IGJvcmRlcjpub25lOyB9CgouZm9udDEgeyBmb250LXNpemU6MTRweDsKICAgICAgICAgY29sb3I6IzMzMzMzMzsKIHdpZHRoOjc3MHB4OwogbGluZS1oZWlnaHQ6MjBweDsKIGZvbnQtZmFtaWx5OiLjg6HjgqTjg6rjgqoiLCLvvK3vvLMg77yw44K044K344OD44KvIiwgT3Nha2EsICLjg5Ljg6njgq7jg47op5LjgrQgUHJvIFczIjsKCiB9CiAKLmNlbnRlciB7IHRleHQtYWxpZ246Y2VudGVyOyB9Cgo8L3N0eWxlPgoKCjxkaXYgY2xhc3M9ImZvbnQxIj4KPHRpdGxlPuODqeOCpOODiCBMSVRFIOODr+ODs+ODlOODvOOCuSDjgq/jg6rjg4Pjg5fjg57jg7zjgqvjg7wg44Or44OV44KjIChYLTc5OCk8L3RpdGxlPgo8ZGl2IGNsYXNzPSJiaWciPuODqeOCpOODiCBMSVRFIOODr+ODs+ODlOODvOOCuSDjgq/jg6rjg4Pjg5fjg57jg7zjgqvjg7wg44Or44OV44KjIChYLTc5OCk8L2Rpdj4KPGRpdiBhbGlnbj0iY2VudGVyIj48YnI+CiAgCiAgPGltZyBzcmM9Imh0dHA6Ly9pbWFnZS5yYWt1dGVuLmNvLmpwL2plZXAvY2FiaW5ldC8wNDU4MjE4Mi9pbWdyYzAwNzkyNjUyNDMuanBnIj48YnIgLz4KCiAgICA8YnI+CiAgICAKPC9kaXY+CgoKPGRpdiBjbGFzcz0iYmlnIj7puqbjgo/jgonmtbfos4rlm6PoiLnplbfjgIzjg6vjg5XjgqPjgI3jga7mtbfos4rml5fjgpLjg4fjgrbjgqTjg7PjgZfjgZ/jgq/jg6rjg4Pjg5fku5jjg57jg7zjgqvjg7w8L2Rpdj4K6YCx5YiK5bCR5bm044K444Oj44Oz44OX6YCj6LyJ44Gu5aSn5Lq65rCX44Oe44Oz44Ks44CM44Ov44Oz44OU44O844K544CN44CCPGJyIC8+Cua1t+iziueOi+OCkuebruaMh+OBl+OBpuWGkumZuuOCkue2muOBkeOCi+m6puOCj+OCiea1t+iziuWbo+iIuemVt+OAjOODq+ODleOCo+OAjeOBrua1t+iziuaXl+OCkuOCpOODoeODvOOCuOOAgeODh+OCtuOCpOODs+OBl+OBn+ODnuODvOOCq+ODvOOBqOOCr+ODquODg+ODl+OBjOOCu+ODg+ODiOOBq+OBquOBo+OBpuOBhOOBvuOBmeOAgjxiciAvPgo8YnIgLz4KPGJyIC8+CuKWoOOCr+ODquODg+ODl+W5hTo0M21tPGJyIC8+CuKWoOODnuODvOOCq+ODvOW5hTozMG1tPGJyIC8+CjxiciAvPgo8YnIgLz4KCgo8L3RyPgo8L3RhYmxlPgo8L2Rpdj4KPCEtLWZvbnQxLS0+PGltZyBzcmM9Imh0dHA6Ly9pbWFnZS5yYWt1dGVuLmNvLmpwL2plZXAvY2FiaW5ldC8wNDk4NTU0MC9pbWdyYzAwOTU4OTM0NzEuanBnIj48c3R5bGUgdHlwZT0idGV4dC9jc3MiPgoKdWwubWVudSB7Cm1hcmdpbjogMDsKcGFkZGluZzogNXB4OwpsaXN0LXN0eWxlLXR5cGU6IG5vbmU7Cn0KCnVsLm1lbnUgbGkgewpmbG9hdDpsZWZ0Owp3aWR0aDogOGVtOwptYXJnaW4tbGVmdDogOHB4OwpwYWRkaW5nOiAycHg7CmJvcmRlcjogMXB4ICMxOTE5NzAgc29saWQ7CnRleHQtYWxpZ246IGNlbnRlcjsKZm9udC1zaXplOjEycHg7CmJhY2tncm91bmQtY29sb3I6I2YwZjhmZjsKZm9udC1mYW1pbHk6ICLjg6HjgqTjg6rjgqoiLCAiTWVpcnlvIiwgIu+8re+8syDjgrTjgrfjg4Pjgq8iLCAiTVMgR290aGljIiwgIuODkuODqeOCruODjuinkuOCtCBQcm8gVzMiLCAiSGlyYWdpbm8gS2FrdSBHb3RoaWMgUHJvIiwgIk9zYWthIiwgIu+8re+8syDvvLDjgrTjgrfjg4Pjgq8iLCAiTVMgUEdvdGhpYyIsICJTYW5zLVNlcmlmIjsKbGluZS1oZWlnaHQ6MThweDsKCn0KCi5jbGVhckxlZnQgewpjbGVhcjogbGVmdDsKbWFyZ2luLWJvdHRvbTogNXB4Owp9Cgp1bC5tZW51MiB7Cm1hcmdpbjogMDsKcGFkZGluZzogM3B4OwpsaXN0LXN0eWxlLXR5cGU6IG5vbmU7Cn0KCnVsLm1lbnUyIGxpIHsKZmxvYXQ6bGVmdDsKd2lkdGg6IDEyMHB4OwptYXJnaW4tcmlnaHQ6IDJweDsKcGFkZGluZzogMXB4Owpib3JkZXI6IG5vbmU7CnRleHQtYWxpZ246IGNlbnRlcjsKZm9udC1zaXplOjExcHg7CmxpbmUtaGVpZ2h0OjE4cHg7CmZvbnQtZmFtaWx5OiAi44Oh44Kk44Oq44KqIiwgIk1laXJ5byIsICLvvK3vvLMg44K044K344OD44KvIiwgIk1TIEdvdGhpYyIsICLjg5Ljg6njgq7jg47op5LjgrQgUHJvIFczIiwgIkhpcmFnaW5vIEtha3UgR290aGljIFBybyIsICJPc2FrYSIsICLvvK3vvLMg77yw44K044K344OD44KvIiwgIk1TIFBHb3RoaWMiLCAiU2Fucy1TZXJpZiI7Cn0KCgouc3R5bGU0IHsKZm9udC1mYW1pbHk6ICLjg6HjgqTjg6rjgqoiLCAiTWVpcnlvIiwgIu+8re+8syDjgrTjgrfjg4Pjgq8iLCAiTVMgR290aGljIiwgIuODkuODqeOCruODjuinkuOCtCBQcm8gVzMiLCAiSGlyYWdpbm8gS2FrdSBHb3RoaWMgUHJvIiwgIk9zYWthIiwgIu+8re+8syDvvLDjgrTjgrfjg4Pjgq8iLCAiTVMgUEdvdGhpYyIsICJTYW5zLVNlcmlmIjsKZm9udC1zaXplOiAxOHB4Owpjb2xvcjogI0ZGMDAwMDsKZm9udC13ZWlnaHQ6IGJvbGQ7Cn0KCi5zdHlsZTUgeyBmb250LWZhbWlseTogIuODoeOCpOODquOCqiIsICJNZWlyeW8iLCAi77yt77yzIOOCtOOCt+ODg+OCryIsICJNUyBHb3RoaWMiLCAi44OS44Op44Ku44OO6KeS44K0IFBybyBXMyIsICJIaXJhZ2lubyBLYWt1IEdvdGhpYyBQcm8iLCAiT3Nha2EiLCAi77yt77yzIO+8sOOCtOOCt+ODg+OCryIsICJNUyBQR290aGljIiwgIlNhbnMtU2VyaWYiOwpmb250LXNpemU6IDEycHg7CmNvbG9yOiAjRkYwMDAwOwp9CgoKPC9zdHlsZT4KCjwhLS3jgYrjgZnjgZnjgoHlkIzmorHllYbmnZDjgZPjgZPjgYvjgoktLT4KPGltZyBzcmM9Imh0dHA6Ly9pbWFnZS5yYWt1dGVuLmNvLmpwL2plZXAvY2FiaW5ldC90b3AtbmV3L2ltZ3JjMDA3MDAxNDAyOC5qcGciIGFsdD0i44GK44GZ44GZ44KB5ZCM5qKx5ZWG5p2QIj4KPHRhYmxlIHdpZHRoPSI3NzAiIGJvcmRlcj0iMCIgY2VsbHNwYWNpbmc9IjUiIGNlbGxwYWRkaW5nPSIwIiBzdHlsZT0id2lkdGg6NzcwcHg7YmFja2dyb3VuZC1jb2xvcjojZmZmZmZmO2JvcmRlci13aWR0aDoxcHg7Ym9yZGVyLXN0eWxlOnNvbGlkO2JvcmRlci1jb2xvcjojYmZiZmJmO2JvcmRlci10b3A6bm9uZTsiPgogIDx0cj4KICAgIDx0ZD4KCQoJICA8dWwgY2xhc3M9Im1lbnUiPgo8bGk+44Oc44O844OrPC9saT4KPGxpPuOCsOODreODvOODljwvbGk+CjxsaT7jg4bjgqPjg7w8L2xpPgo8bGk+44K144Oz44Kw44Op44K5PC9saT4KPGxpPuOCt+ODpeODvOOCujwvbGk+CjxsaT7jg5Djg4PjgrA8L2xpPgoKPC91bD4KCjxkaXYgY2xhc3M9ImNsZWFyTGVmdCI+PC9kaXY+CgogIDx1bCBjbGFzcz0ibWVudSI+CjxsaT7jgqbjgqjjgqI8L2xpPgo8bGk+57e057+S55So5YW3PC9saT4KPGxpPuODrOOCpOODs+OCsOODg+OCujwvbGk+Cgo8L3VsPgoKPGRpdiBjbGFzcz0iY2xlYXJMZWZ0Ij48L2Rpdj4KPGltZyBzcmM9Imh0dHA6Ly9pbWFnZS5yYWt1dGVuLmNvLmpwL2plZXAvY2FiaW5ldC90b3AtbmV3L2ltZ3JjMDA3MDAxNDAzNi5qcGciIGFsdD0i44GK5Yun44KB5ZCM5qKx5ZWG5p2QIj48YnI+Cjx1bCBjbGFzcz0ibWVudTIiPgo8bGk+PGltZyBzcmM9Imh0dHA6Ly9pbWFnZS5yYWt1dGVuLmNvLmpwL2plZXAvY2FiaW5ldC8wNDc3Njk3MC9pbWdyYzAwODg3MDI4NDAuanBnIiB3aWR0aD0iMTEwIiBoZWlnaHQ9IjExMCIgYm9yZGVyPSIwIj48YnI+CuOCreODo+ODreOCpuOCp+OCpDxicj4K44K544O844OR44O844K944OV44OIIOODnOODvOODqzxicj4KMeODgOODvOOCuTEy5YCL5YWl44KKPGJyPgrml6XmnKzku5Xmp5g8YnI+IDxzcGFuIGNsYXNzPSJzdHlsZTQiPjEsOTgwPC9zcGFuPjxzcGFuIGNsYXNzPSJzdHlsZTUiPuWGhijnqI7ovrzvvIk8L3NwYW4+PC9saT4KPGxpPjxpbWcgc3JjPSJodHRwOi8vaW1hZ2UucmFrdXRlbi5jby5qcC9qZWVwL2NhYmluZXQvdG9wLW5ldy9pbWdyYzAwNjcxNDQ3MTMuanBnIiB3aWR0aD0iMTEwIiBoZWlnaHQ9IjExMCIgYm9yZGVyPSIwIj48YnI+CuOAkOWcqOW6q+mZkOOCiuOAkTxicj4K44Op44Kk44OIIOOCvOODrTxicj4K44OV44Oq44Kv44K344On44Oz44OG44Kj44O8PGJyPgrjg6zjgq7jg6Xjg6njg7wgNzBtbTxicj48c3BhbiBjbGFzcz0ic3R5bGU0Ij4zODA8L3NwYW4+PHNwYW4gY2xhc3M9InN0eWxlNSI+5YaGKOeojui+vO+8iTwvc3Bhbj48L2xpPgo8bGk+PGltZyBzcmM9Imh0dHA6Ly9pbWFnZS5yYWt1dGVuLmNvLmpwL2plZXAvY2FiaW5ldC8wNDc3Njk3MC9pbWdyYzAwODMwODQ5NDQuanBnIiB3aWR0aD0iMTEwIiBoZWlnaHQ9IjExMCIgYm9yZGVyPSIwIj48YnI+CuOCouODh+OCo+ODgOOCuTxicj4K44OP44KkIOODkeODr+ODvOODkOODs+ODiTxicj7jgrDjg63jg7zjg5YgW1FSNzEwXTxicj4K5pel5pys5LuV5qeYPGJyPjxzcGFuIGNsYXNzPSJzdHlsZTQiPjg4OTwvc3Bhbj48c3BhbiBjbGFzcz0ic3R5bGU1Ij7lhoYo56iO6L6877yJPC9zcGFuPjwvbGk+CjxsaT48aW1nIHNyYz0iaHR0cDovL2ltYWdlLnJha3V0ZW4uY28uanAvamVlcC9jYWJpbmV0LzA0Nzc2OTcwL2ltZ3JjMDA4NjczNzQxMC5qcGciIHdpZHRoPSIxMTAiIGhlaWdodD0iMTEwIiBib3JkZXI9IjAiPjxicj4K44OK44Kk44Kt44K044Or44OVPGJyPgrjg5Xjgqfjg7zjgrnvvIbjgq/jg6njg5YgPGJyPgrjgrjjg6Pjgqzjg7zjg4njgr/jgqrjg6sgPGJyPgpVU0Hnm7TovLjlhaXlk4E8YnI+PHNwYW4gY2xhc3M9InN0eWxlNCI+MSw5ODA8L3NwYW4+PHNwYW4gY2xhc3M9InN0eWxlNSI+5YaGKOeojui+vO+8iTwvc3Bhbj48L2xpPgo8bGk+PGltZyBzcmM9Imh0dHA6Ly9pbWFnZS5yYWt1dGVuLmNvLmpwL2plZXAvY2FiaW5ldC8wNDc3Njk3MC9pbWdyYzAwOTEyMDQ0MjAuanBnIiB3aWR0aD0iMTEwIiBoZWlnaHQ9IjExMCIgYm9yZGVyPSIwIj48YnI+CuODl+ODvOODnjxicj4KQk9ZJ1MgTE9XIENVVDxicj4K44K944OD44Kv44K5IDbotrPjg5rjgqI8YnI+ClAxMDQyNDAtNDIxPGJyPjxzcGFuIGNsYXNzPSJzdHlsZTQiPjEsOTgwPC9zcGFuPjxzcGFuIGNsYXNzPSJzdHlsZTUiPuWGhijnqI7ovrzvvIk8L3NwYW4+PC9saT4KPGxpPjxpbWcgc3JjPSJodHRwOi8vaW1hZ2UucmFrdXRlbi5jby5qcC9qZWVwL2NhYmluZXQvdG9wLW5ldy9pbWdyYzAwNzczMjcyOTcuanBnIiB3aWR0aD0iMTEwIiBoZWlnaHQ9IjExMCIgYm9yZGVyPSIwIj48YnI+CuODgOOCpOODpDxicj4K5Y+v5oSb44GE44Ki44OL44Oe44OrPGJyPuODnOODvOODq+OCr+ODquODvOODiuODvDxicj4KQVMtMDQ0PGJyPjxzcGFuIGNsYXNzPSJzdHlsZTQiPjg2MDwvc3Bhbj48c3BhbiBjbGFzcz0ic3R5bGU1Ij7lhoYo56iO6L6877yJPC9zcGFuPjwvbGk+Cgo8L3VsPgoKPGRpdiBjbGFzcz0iY2xlYXJMZWZ0Ij48L2Rpdj4KCjwvdGQ+CiAgPC90cj4KPC90YWJsZT4KPCEtLeOBiuOBmeOBmeOCgeWQjOaiseWVhuadkOOBk+OBk+OBvuOBpy0tPg==,44CQ44K044Or44OV44CR44CQ44Oe44O844Kr44O844CR44Op44Kk44OIIExJVEUg44Ov44Oz44OU44O844K5IOOCr+ODquODg+ODl+ODnuODvOOCq+ODvCDjg6vjg5XjgqMgKFgtNzk4Ke+8mkpZUEVSJnJzcXVvO1PvvIjjgrjjg7zjg5Hjg7zjgrrvvIk=,44K044Or44OV44K044Or44OV44Kv44Op44OW44K044Or44OV55So5ZOBSllQRVJT44K444O844OR44O844K6SllQRVInU+a/gOWuiVVTQeebtOi8uOWFpeOCtOODq+ODleOCpuOCqOOCouOCtOODq+ODleOCr+ODqeODluODieODqeOCpOODkOODvOODkeOCv+ODvOOCreODo+ODreOCpuOCp+OCpOODhuODvOODqeODvOODoeOCpOODieOCueODquOCr+OCveODs+OCv+OCpOODiOODquOCueODiOOCtOODq+ODleODnOODvOODq+OCt+ODo+ODleODiEdPTEbjgqLjgqTjgqLjg7PjgJDjgrTjg6vjg5XjgJHjgJDjg57jg7zjgqvjg7zjgJHjg6njgqTjg4ggTElURSDjg6/jg7Pjg5Tjg7zjgrkg44Kv44Oq44OD44OX44Oe44O844Kr44O8IOODq+ODleOCoyAoWC03OTgp,5aSn5Lq65rCX5ryr55S744CM44Ov44Oz44OU44O844K544CN44Kt44Oj44Op44Kv44K/44O844Oe44O844Kr44O844CC44CQ44K044Or44OV44CR44CQ44Oe44O844Kr44O844CR44Op44Kk44OIIExJVEUg44Ov44Oz44OU44O844K5IOOCr+ODquODg+ODl+ODnuODvOOCq+ODvCDjg6vjg5XjgqMgKFgtNzk4KQ==[rn]
25-79865,aHR0cDovL3RzaG9wLnIxMHMuanAva290b2J1a2lnb2xmL2NhYmluZXQvMDI2MzkxMDgvMDQ2NDE4MTEvaW1ncmMwMDY4NTUwMTA5LmpwZz9maXRpbj03MDA6NzAw,ODAwLjAwMDA=,,44K544Od44O844OE44O744Ki44Km44OI44OJ44KiID4g44K044Or44OVID4g44Op44Km44Oz44OJ55So5ZOB44O75bCP54mpID4g44Oe44O844Kr44O844O744OP44OD44OI44Kv44Oq44OD44OX,4peP6ZuG5YWJ44Kw44Oq44O844Oz44Oe44O844Kr44O8,,PGltZyBib3JkZXI9MCBzcmM9Imh0dHA6Ly9pbWFnZS5yYWt1dGVuLmNvLmpwL2tvdG9idWtpZ29sZi9jYWJpbmV0LzAyNjM5MTA4LzA0NjQxODExL2ltZ3JjMDA2ODU1MDEwOS5qcGciPjxicj4KCjx0YWJsZSBib3JkZXI9IjAiIGNlbGxzcGFjaW5nPSIwIiBjZWxscGFkZGluZz0iMCIgaGVpZ2h0PSIxIj4KICAgICAgICAgICAgICA8dHI+CiAgICAgICAgICAgICAgICA8dGQgd2lkdGg9IjEwMCUiIGhlaWdodD0iMzgiIGFsaWduPSJjZW50ZXIiIGNvbHNwYW49IjQiIGJnY29sb3I9IiMwMDAwMDAiPgogICAgICAgICAgICAgICAgICA8aW1nIGJvcmRlcj0wIHNyYz0iaHR0cDovL2ltYWdlLnJha3V0ZW4uY28uanAva290b2J1a2lnb2xmL2NhYmluZXQvYi9pbWdyYzAwNjgzNTc4OTYuanBnIiB3aWR0aD0iNTg1IiBoZWlnaHQ9IjEwNCI+PC90ZD4KICAgICAgICAgICAgICA8L3RyPgogICAgICAgICAgICAgIDx0cj4KICAgICAgICAgICAgICAgIDx0ZCB3aWR0aD0iNTAlIiBoZWlnaHQ9IjM4IiBhbGlnbj0iY2VudGVyIiBjb2xzcGFuPSIyIj4KICAgICAgICAgICAgICAgICAgPGltZyBib3JkZXI9MCBzcmM9Imh0dHA6Ly9pbWFnZS5yYWt1dGVuLmNvLmpwL2tvdG9idWtpZ29sZi9jYWJpbmV0L21ha2VyL3RvcC9pbWdyYzAwNjgzNzAwNDkuanBnIiB3aWR0aD0iMzUwIiBoZWlnaHQ9IjExMiI+PC90ZD4KICAgICAgICAgICAgICAgIDx0ZCB3aWR0aD0iNTAlIiBoZWlnaHQ9IjM4IiBhbGlnbj0iY2VudGVyIiBjb2xzcGFuPSIyIj4KICAgICAgICAgICAgICAgICAgPGltZyBib3JkZXI9MCBzcmM9Imh0dHA6Ly9pbWFnZS5yYWt1dGVuLmNvLmpwL2tvdG9idWtpZ29sZi9jYWJpbmV0L21ha2VyL3RvcC9pbWdyYzAwNjgzNzAwNTAuanBnIiB3aWR0aD0iMzUwIiBoZWlnaHQ9IjExMiI+PC90ZD4KICAgICAgICAgICAgICA8L3RyPgogICAgICAgICAgICAgIDx0cj4KICAgICAgICAgICAgICAgIDx0ZCB3aWR0aD0iMjUlIiBoZWlnaHQ9Ijc2IiBhbGlnbj0iY2VudGVyIj4KICAgICAgICAgICAgICAgICAgPGltZyBib3JkZXI9MCBzcmM9Imh0dHA6Ly9pbWFnZS5yYWt1dGVuLmNvLmpwL2tvdG9idWtpZ29sZi9jYWJpbmV0L21ha2VyL3RvcC9pbWdyYzAwNjgzNzAwNDYuanBnIiB3aWR0aD0iMTc1IiBoZWlnaHQ9IjEzNSI+PC90ZD4KICAgICAgICAgICAgICAgIDx0ZCB3aWR0aD0iMjUlIiBoZWlnaHQ9Ijc2IiBhbGlnbj0iY2VudGVyIj4KICAgICAgICAgICAgICAgICAgPGltZyBib3JkZXI9MCBzcmM9Imh0dHA6Ly9pbWFnZS5yYWt1dGVuLmNvLmpwL2tvdG9idWtpZ29sZi9jYWJpbmV0L21ha2VyL3RvcC9pbWdyYzAwNjgzNzAwNDguanBnIiB3aWR0aD0iMTc1IiBoZWlnaHQ9IjEzNSI+PC90ZD4KICAgICAgICAgICAgICAgIDx0ZCB3aWR0aD0iMjUlIiBoZWlnaHQ9Ijc2IiBhbGlnbj0iY2VudGVyIj4KICAgICAgICAgICAgICAgICAgPGltZyBib3JkZXI9MCBzcmM9Imh0dHA6Ly9pbWFnZS5yYWt1dGVuLmNvLmpwL2tvdG9idWtpZ29sZi9jYWJpbmV0L21ha2VyL3RvcC9pbWc2NDI5MTE3OS5qcGciIHdpZHRoPSIxNzUiIGhlaWdodD0iMTM1Ij48L3RkPgogICAgICAgICAgICAgICAgPHRkIHdpZHRoPSIyNSUiIGhlaWdodD0iNzYiIGFsaWduPSJjZW50ZXIiPgogICAgICAgICAgICAgICAgICA8aW1nIGJvcmRlcj0wIHNyYz0iaHR0cDovL2ltYWdlLnJha3V0ZW4uY28uanAva290b2J1a2lnb2xmL2NhYmluZXQvbWFrZXIvdG9wL2ltZ3JjMDA2ODM3MDEzOS5qcGciIHdpZHRoPSIxNzUiIGhlaWdodD0iMTM1Ij48L3RkPgogICAgICAgICAgICAgIDwvdHI+CiAgICAgICAgICAgICAgPHRyPgogICAgICAgICAgICAgICAgPHRkIHdpZHRoPSIyNSUiIGhlaWdodD0iMzgiIGFsaWduPSJjZW50ZXIiPgogICAgICAgICAgICAgICAgICA8aW1nIGJvcmRlcj0wIHNyYz0iaHR0cDovL2ltYWdlLnJha3V0ZW4uY28uanAva290b2J1a2lnb2xmL2NhYmluZXQvbWFrZXIvdG9wL2ltZ3JjMDA2ODM3MDE1OC5qcGciIHdpZHRoPSIxNzUiIGhlaWdodD0iMTM1Ij48L3RkPgogICAgICAgICAgICAgICAgPHRkIHdpZHRoPSIyNSUiIGhlaWdodD0iMzgiIGFsaWduPSJjZW50ZXIiPgogICAgICAgICAgICAgICAgICA8aW1nIGJvcmRlcj0wIHNyYz0iaHR0cDovL2ltYWdlLnJha3V0ZW4uY28uanAva290b2J1a2lnb2xmL2NhYmluZXQvbWFrZXIvdG9wL2ltZ3JjMDA2ODM3MDI2NS5qcGciIHdpZHRoPSIxNzUiIGhlaWdodD0iMTM1Ij48L3RkPgogICAgICAgICAgICAgICAgPHRkIHdpZHRoPSIyNSUiIGhlaWdodD0iMzgiIGFsaWduPSJjZW50ZXIiPgogICAgICAgICAgICAgICAgICA8aW1nIGJvcmRlcj0wIHNyYz0iaHR0cDovL2ltYWdlLnJha3V0ZW4uY28uanAva290b2J1a2lnb2xmL2NhYmluZXQvbWFrZXIvdG9wL2ltZ3JjMDA2ODM3MDIxOS5qcGciIHdpZHRoPSIxNzUiIGhlaWdodD0iMTM1Ij48L3RkPgogICAgICAgICAgICAgICAgPHRkIHdpZHRoPSIyNSUiIGhlaWdodD0iMzgiIGFsaWduPSJjZW50ZXIiPgogICAgICAgICAgICAgICAgICA8aW1nIGJvcmRlcj0wIHNyYz0iaHR0cDovL2ltYWdlLnJha3V0ZW4uY28uanAva290b2J1a2lnb2xmL2NhYmluZXQvbWFrZXIvdG9wL2ltZ3JjMDA2ODM3MDExNS5qcGciIHdpZHRoPSIxNzUiIGhlaWdodD0iMTM1Ij48L3RkPgogICAgICAgICAgICAgIDwvdHI+CiAgICAgICAgICAgICAgPHRyPgogICAgICAgICAgICAgICAgPHRkIHdpZHRoPSIyNSUiIGhlaWdodD0iMzgiIGFsaWduPSJjZW50ZXIiPgogICAgICAgICAgICAgICAgICA8aW1nIGJvcmRlcj0wIHNyYz0iaHR0cDovL2ltYWdlLnJha3V0ZW4uY28uanAva290b2J1a2lnb2xmL2NhYmluZXQvbWFrZXIvdG9wL2ltZ3JjMDA2ODM3MDA1My5qcGciIHdpZHRoPSIxNzUiIGhlaWdodD0iMTM1Ij48L3RkPgogICAgICAgICAgICAgICAgPHRkIHdpZHRoPSIyNSUiIGhlaWdodD0iMzgiIGFsaWduPSJjZW50ZXIiPgogICAgICAgICAgICAgICAgICA8aW1nIGJvcmRlcj0wIHNyYz0iaHR0cDovL2ltYWdlLnJha3V0ZW4uY28uanAva290b2J1a2lnb2xmL2NhYmluZXQvbWFrZXIvdG9wL2ltZ3JjMDA2ODM3MDA0Ny5qcGciIHdpZHRoPSIxNzUiIGhlaWdodD0iMTM1Ij48L3RkPgogICAgICAgICAgICAgICAgPHRkIHdpZHRoPSIyNSUiIGhlaWdodD0iMzgiIGFsaWduPSJjZW50ZXIiPgogICAgICAgICAgICAgICAgICA8aW1nIGJvcmRlcj0wIHNyYz0iaHR0cDovL2ltYWdlLnJha3V0ZW4uY28uanAva290b2J1a2lnb2xmL2NhYmluZXQvbWFrZXIvdG9wL2ltZ3JjMDA2ODM3MDA3NC5qcGciIHdpZHRoPSIxNzUiIGhlaWdodD0iMTM1Ij48L3RkPgogICAgICAgICAgICAgICAgPHRkIHdpZHRoPSIyNSUiIGhlaWdodD0iMzgiIGFsaWduPSJjZW50ZXIiPgogICAgICAgICAgICAgICAgICA8aW1nIGJvcmRlcj0wIHNyYz0iaHR0cDovL2ltYWdlLnJha3V0ZW4uY28uanAva290b2J1a2lnb2xmL2NhYmluZXQvMDI2MzkxMDgvaGQzL2hkNC9pbWc2MjI0NzQ1OS5qcGciIHdpZHRoPSIxNzUiIGhlaWdodD0iMTM1Ij48L3RkPgogICAgICAgICAgICAgIDwvdHI+CiAgICAgICAgICAgICAgPHRyPgogICAgICAgICAgICAgICAgPHRkIHdpZHRoPSIxMDAlIiBoZWlnaHQ9IjE5IiBhbGlnbj0iY2VudGVyIiBjb2xzcGFuPSI0IiBiZ2NvbG9yPSIjRkY2NjY2Ij4KICAgICAgICAgICAgICAgICAgPHAgYWxpZ249ImxlZnQiPjxmb250IHNpemU9IjIiIGNvbG9yPSIjRkZGRkZGIj48Yj4mbmJzcDvil4bjg5Ljg4Pjg4jllYblk4E8L2I+PC9mb250PjwvdGQ+CiAgICAgICAgICAgICAgPC90cj4KICAgICAgICAgICAgICA8dHI+CiAgICAgICAgICAgICAgICA8dGQgd2lkdGg9IjEwMCUiIGhlaWdodD0iMTAiIGFsaWduPSJjZW50ZXIiIGNvbHNwYW49IjQiPgogICAgICAgICAgICAgICAgICA8aW1nIGJvcmRlcj0wIHNyYz0iaHR0cDovL2ltYWdlLnJha3V0ZW4uY28uanAva290b2J1a2lnb2xmL2NhYmluZXQvMDI2MzkxMDgvaGQzL2hkNC9pbWc2MjI0NzY5OC5qcGciIHdpZHRoPSI3MDAiIGhlaWdodD0iMTM1Ij48L3RkPgogICAgICAgICAgICAgIDwvdHI+CiAgICAgICAgICAgICAgPHRyPgogICAgICAgICAgICAgICAgPHRkIHdpZHRoPSI1MCUiIGhlaWdodD0iNSIgYWxpZ249ImNlbnRlciIgY29sc3Bhbj0iMiI+CiAgICAgICAgICAgICAgICAgIDxpbWcgYm9yZGVyPTAgc3JjPSJodHRwOi8vaW1hZ2UucmFrdXRlbi5jby5qcC9rb3RvYnVraWdvbGYvY2FiaW5ldC8wMjYzOTEwOC9oZDMvaGQ0L2ltZzYyMjYxMjQ5LmpwZyIgd2lkdGg9IjM1MCIgaGVpZ2h0PSIxMzUiPjwvdGQ+CiAgICAgICAgICAgICAgICA8dGQgd2lkdGg9IjUwJSIgaGVpZ2h0PSI1IiBhbGlnbj0iY2VudGVyIiBjb2xzcGFuPSIyIj4KICAgICAgICAgICAgICAgICAgPGltZyBib3JkZXI9MCBzcmM9Imh0dHA6Ly9pbWFnZS5yYWt1dGVuLmNvLmpwL2tvdG9idWtpZ29sZi9jYWJpbmV0L2IvaW1nNjUwNjc5NzQuanBnIiB3aWR0aD0iMzUwIiBoZWlnaHQ9IjEzNSI+PC90ZD4KICAgICAgICAgICAgICA8L3RyPgogICAgICAgICAgICA8L3RhYmxlPjxicj4KPGltZyBib3JkZXI9MCBzcmM9Imh0dHA6Ly9pbWFnZS5yYWt1dGVuLmNvLmpwL2tvdG9idWtpZ29sZi9jYWJpbmV0L21ha2VyL3RvcC9pbWc2MDQ5NTgzNC5qcGciIHdpZHRoPSI2OTAiIGhlaWdodD0iMTE4Ij4KPCEtLUdvUVN5c3RlbeODqeODs+OCreODs+OCsOiHquWLleabtOaWsOODhOODvOODq+ODr+OCpOODiS0tPiAgCjx0YWJsZSBhbGlnbj0iY2VudGVyIiB3aWR0aD0iNjAwIiBib3JkZXI9IjAiIGNlbGxwYWRkaW5nPSIwIiBjZWxsc3BhY2luZz0iMCIgYmdjb2xvcj0iI0ZGRkZGRiI+ICAKPHRyPiAgCjx0ZD4gIAo8dGFibGUgYWxpZ249ImNlbnRlciIgd2lkdGg9IjYwMCIgYm9yZGVyPSIwIiBjZWxscGFkZGluZz0iMCIgY2VsbHNwYWNpbmc9IjAiIGJnY29sb3I9IiNGRkZGRkYiPiAgCjx0cj4gIAo8dGQgYWxpZ249ImNlbnRlciIgdmFsaWduPSJib3R0b20iIGJnY29sb3I9IiNjY2NjY2MiPjxpbWcgc3JjPSJodHRwOi8vd3d3LnJha3V0ZW4ubmUuanAvZ29sZC9rb3RvYnVraWdvbGYvZ29xc3lzdGVtLzYwMHJhbmtpbmd0aXRlbC5naWYiIHdpZHRoPSI2MDAiIC8+PC90ZD4gIAo8L3RyPiAgCjwvdGFibGU+ICAKPHRhYmxlIGFsaWduPSJjZW50ZXIiIHdpZHRoPSI1OTYiIGJvcmRlcj0iMCIgY2VsbHBhZGRpbmc9IjAiIGNlbGxzcGFjaW5nPSIwIiBiZ2NvbG9yPSIjQ0NDQ0NDIiBzdHlsZT0iYm9yZGVyLWxlZnQ6c29saWQ7Ym9yZGVyLWxlZnQtd2lkdGg6MXB4O2JvcmRlci1yaWdodDpzb2xpZDtib3JkZXItcmlnaHQtd2lkdGg6MXB4O2JvcmRlci1ib3R0b206c29saWQ7Ym9yZGVyLWJvdHRvbS13aWR0aDoxcHg7Ym9yZGVyLWNvbG9yOiNDQ0NDQ0M7Ij4gIAo8dHI+ICAKPHRkIGFsaWduPSJjZW50ZXIiIGJnY29sb3I9IiNGRkZGRkYiPiAgCjxkaXYgY2xhc3M9Imlmcm0tY29udGFpbmVyIiBzdHlsZT0id2lkdGg6NTk4cHg7aGVpZ2h0OjQ2MHB4O292ZXJmbG93OmF1dG87LXdlYmtpdC1vdmVyZmxvdy1zY3JvbGxpbmc6dG91Y2g7Ij4gIAogIAo8L2Rpdj4gIAo8L3RkPiAgCjwvdHI+ICAKPHRyPiAgCjx0ZCBhbGlnbj0icmlnaHQiIGJnY29sb3I9IiNGRkZGRkYiIHN0eWxlPSJwYWRkaW5nOjJweDsiPiAgCjxpbWcgc3JjPSJodHRwOi8vd3d3LnJha3V0ZW4ubmUuanAvZ29sZC9rb3RvYnVraWdvbGYvZ29xc3lzdGVtL3Bvd2VyZWRfYnlfYmFubmVyLmdpZiIgd2lkdGg9IjEyNSIgLz4gIAo8L3RkPiAgCjwvdHI+ICAKPC90YWJsZT4gIAo8L3RkPiAgCjwvdHI+ICAKPC90YWJsZT4gIAo8IS0tR29RU3lzdGVt44Op44Oz44Kt44Oz44Kw6Ieq5YuV5pu05paw44OE44O844Or44Ov44Kk44OJLS0+,4peP6ZuG5YWJ44Kw44Oq44O844Oz44Oe44O844Kr44O877ya44Kz44OI44OW44Kt44K044Or44OV77yr77ynJm1pbnVzO++8ru+8pe+8tA==,44Kz44OI44OW44Kt44K044Or44OV77yr77ynJm1pbnVzO++8ru+8pe+8tOOCtOODq+ODleeUqOWTgeOCtOODq+ODleODgeOCv+ODs+ODkeOCv+ODvOODieODqeOCpOODkOODvOOCouOCpOOCouODs+OCreODo+ODh+OCo+ODvOODkOODg+OCr+ODrOODh+OCo+ODvOOCueODrOODleODhuOCo+ODvOS4iumHjuOCouODoeaoquODkOODvOODh+OCo+ODvOmkqOODr+ODvOODq+ODiemkqOWMl+WPo+W6l+ODl+ODqeOCpOODoOW6l+ODpuODvOODhuOCo+ODquODhuOCo+ODvOODleOCp+OCouOCpuOCp+OCpOOCtOODq+ODleODnOODvOODq+KXj+mbhuWFieOCsOODquODvOODs+ODnuODvOOCq+ODvA==,4peP6ZuG5YWJ44Kw44Oq44O844Oz44Oe44O844Kr44O8[rn]
25-79866,aHR0cDovL3RzaG9wLnIxMHMuanAvamVlcC9jYWJpbmV0LzA0NTgyMTgyL2ltZ3JjMDA3OTI2NTM3Ny5qcGc/Zml0aW49NzAwOjcwMA==,MTE0OC44MDAw,,44K544Od44O844OE44O744Ki44Km44OI44OJ44KiID4g44K044Or44OVID4g44Op44Km44Oz44OJ55So5ZOB44O75bCP54mpID4g44Oe44O844Kr44O844O744OP44OD44OI44Kv44Oq44OD44OX,44CQ44K044Or44OV44CR44CQ44Oe44O844Kr44O844CR44Op44Kk44OIIExJVEUg44Ov44Oz44OU44O844K544CA44OB44On44OD44OR44O844CA44Kv44Oq44OD44OX44Oe44O844Kr44O8IChYLTc5NSk=,5aSn5Lq65rCX5ryr55S744CM44Ov44Oz44OU44O844K544CN44Kt44Oj44Op44Kv44K/44O844Oe44O844Kr44O8,PHN0eWxlIHR5cGU9InRleHQvY3NzIj4KLmJpZyB7CndpZHRoOiA3NzBweDsKY29sb3I6ICNmZmZmZmY7CmZvbnQtc2l6ZTogMTRweDsKbGluZS1oZWlnaHQ6IDIwcHg7CmZvbnQtd2VpZ2h0OiBib2xkOwpiYWNrZ3JvdW5kOiAjMDAwMDQwOwptYXJnaW46IDAgMCAxMHB4OwpwYWRkaW5nOiA1cHggMTVweDsKfQoKLmJpZ2JpZyB7CndpZHRoOiBhdXRvOwpjb2xvcjogI0ZGNjYwMDsKZm9udC1zaXplOiAxNXB4OwpsaW5lLWhlaWdodDogMjVweDsKZm9udC13ZWlnaHQ6IGJvbGQ7Cn0KCmltZyB7IGJvcmRlcjpub25lOyB9CgouZm9udDEgeyBmb250LXNpemU6MTRweDsKICAgICAgICAgY29sb3I6IzMzMzMzMzsKIHdpZHRoOjc3MHB4OwogbGluZS1oZWlnaHQ6MjBweDsKIGZvbnQtZmFtaWx5OiLjg6HjgqTjg6rjgqoiLCLvvK3vvLMg77yw44K044K344OD44KvIiwgT3Nha2EsICLjg5Ljg6njgq7jg47op5LjgrQgUHJvIFczIjsKCiB9CiAKLmNlbnRlciB7IHRleHQtYWxpZ246Y2VudGVyOyB9Cgo8L3N0eWxlPgoKCjxkaXYgY2xhc3M9ImZvbnQxIj4KPHRpdGxlPuODqeOCpOODiCBMSVRFIOODr+ODs+ODlOODvOOCueOAgOODgeODp+ODg+ODkeODvOOAgOOCr+ODquODg+ODl+ODnuODvOOCq+ODvCAoWC03OTUpPC90aXRsZT4KPGRpdiBjbGFzcz0iYmlnIj7jg6njgqTjg4ggTElURSDjg6/jg7Pjg5Tjg7zjgrnjgIDjg4Hjg6fjg4Pjg5Hjg7zjgIDjgq/jg6rjg4Pjg5fjg57jg7zjgqvjg7wgKFgtNzk1KTwvZGl2Pgo8ZGl2IGFsaWduPSJjZW50ZXIiPjxicj4KICAKICA8aW1nIHNyYz0iaHR0cDovL2ltYWdlLnJha3V0ZW4uY28uanAvamVlcC9jYWJpbmV0LzA0NTgyMTgyL2ltZ3JjMDA3OTI2NTM3Ny5qcGciPjxiciAvPgoKICAgIDxicj4KICAgIAo8L2Rpdj4KCgo8ZGl2IGNsYXNzPSJiaWciPum6puOCj+OCiea1t+iziuWbo+iIueWMu+OAjOODgeODp+ODg+ODkeODvOOAjeODh+OCtuOCpOODs+OBruOCreODo+ODqeOCr+OCv+ODvOODnuODvOOCq+ODvDwvZGl2PgrpgLHliIrlsJHlubTjgrjjg6Pjg7Pjg5fpgKPovInjga7lpKfkurrmsJfjg57jg7PjgqzjgIzjg6/jg7Pjg5Tjg7zjgrnjgI3jgII8YnI+CuOBneOBruOCreODo+ODqeOCr+OCv+ODvOOBruS4reOBp+OCguODiOODg+ODl+OCr+ODqeOCueOBruS6uuawl+OCkuiqh+OCi+KAneODgeODp+ODg+ODkeODvOKAneOBruOCr+ODquODg+ODl+ODnuODvOOCq+ODvDxiciAvPgo8YnIgLz4KPGJyIC8+CuKWoOOCr+ODquODg+ODl+W5hTo0MG1tPGJyPgrilqDjg57jg7zjgqvjg7zluYU6MzVtbTxicj4KPGJyIC8+CjxiciAvPgo8YnIgLz4KCgo8L3RyPgo8L3RhYmxlPgo8L2Rpdj4KPCEtLWZvbnQxLS0+PGltZyBzcmM9Imh0dHA6Ly9pbWFnZS5yYWt1dGVuLmNvLmpwL2plZXAvY2FiaW5ldC8wNDk4NTU0MC9pbWdyYzAwOTU4OTM0NzEuanBnIj48c3R5bGUgdHlwZT0idGV4dC9jc3MiPgoKdWwubWVudSB7Cm1hcmdpbjogMDsKcGFkZGluZzogNXB4OwpsaXN0LXN0eWxlLXR5cGU6IG5vbmU7Cn0KCnVsLm1lbnUgbGkgewpmbG9hdDpsZWZ0Owp3aWR0aDogOGVtOwptYXJnaW4tbGVmdDogOHB4OwpwYWRkaW5nOiAycHg7CmJvcmRlcjogMXB4ICMxOTE5NzAgc29saWQ7CnRleHQtYWxpZ246IGNlbnRlcjsKZm9udC1zaXplOjEycHg7CmJhY2tncm91bmQtY29sb3I6I2YwZjhmZjsKZm9udC1mYW1pbHk6ICLjg6HjgqTjg6rjgqoiLCAiTWVpcnlvIiwgIu+8re+8syDjgrTjgrfjg4Pjgq8iLCAiTVMgR290aGljIiwgIuODkuODqeOCruODjuinkuOCtCBQcm8gVzMiLCAiSGlyYWdpbm8gS2FrdSBHb3RoaWMgUHJvIiwgIk9zYWthIiwgIu+8re+8syDvvLDjgrTjgrfjg4Pjgq8iLCAiTVMgUEdvdGhpYyIsICJTYW5zLVNlcmlmIjsKbGluZS1oZWlnaHQ6MThweDsKCn0KCi5jbGVhckxlZnQgewpjbGVhcjogbGVmdDsKbWFyZ2luLWJvdHRvbTogNXB4Owp9Cgp1bC5tZW51MiB7Cm1hcmdpbjogMDsKcGFkZGluZzogM3B4OwpsaXN0LXN0eWxlLXR5cGU6IG5vbmU7Cn0KCnVsLm1lbnUyIGxpIHsKZmxvYXQ6bGVmdDsKd2lkdGg6IDEyMHB4OwptYXJnaW4tcmlnaHQ6IDJweDsKcGFkZGluZzogMXB4Owpib3JkZXI6IG5vbmU7CnRleHQtYWxpZ246IGNlbnRlcjsKZm9udC1zaXplOjExcHg7CmxpbmUtaGVpZ2h0OjE4cHg7CmZvbnQtZmFtaWx5OiAi44Oh44Kk44Oq44KqIiwgIk1laXJ5byIsICLvvK3vvLMg44K044K344OD44KvIiwgIk1TIEdvdGhpYyIsICLjg5Ljg6njgq7jg47op5LjgrQgUHJvIFczIiwgIkhpcmFnaW5vIEtha3UgR290aGljIFBybyIsICJPc2FrYSIsICLvvK3vvLMg77yw44K044K344OD44KvIiwgIk1TIFBHb3RoaWMiLCAiU2Fucy1TZXJpZiI7Cn0KCgouc3R5bGU0IHsKZm9udC1mYW1pbHk6ICLjg6HjgqTjg6rjgqoiLCAiTWVpcnlvIiwgIu+8re+8syDjgrTjgrfjg4Pjgq8iLCAiTVMgR290aGljIiwgIuODkuODqeOCruODjuinkuOCtCBQcm8gVzMiLCAiSGlyYWdpbm8gS2FrdSBHb3RoaWMgUHJvIiwgIk9zYWthIiwgIu+8re+8syDvvLDjgrTjgrfjg4Pjgq8iLCAiTVMgUEdvdGhpYyIsICJTYW5zLVNlcmlmIjsKZm9udC1zaXplOiAxOHB4Owpjb2xvcjogI0ZGMDAwMDsKZm9udC13ZWlnaHQ6IGJvbGQ7Cn0KCi5zdHlsZTUgeyBmb250LWZhbWlseTogIuODoeOCpOODquOCqiIsICJNZWlyeW8iLCAi77yt77yzIOOCtOOCt+ODg+OCryIsICJNUyBHb3RoaWMiLCAi44OS44Op44Ku44OO6KeS44K0IFBybyBXMyIsICJIaXJhZ2lubyBLYWt1IEdvdGhpYyBQcm8iLCAiT3Nha2EiLCAi77yt77yzIO+8sOOCtOOCt+ODg+OCryIsICJNUyBQR290aGljIiwgIlNhbnMtU2VyaWYiOwpmb250LXNpemU6IDEycHg7CmNvbG9yOiAjRkYwMDAwOwp9CgoKPC9zdHlsZT4KCjwhLS3jgYrjgZnjgZnjgoHlkIzmorHllYbmnZDjgZPjgZPjgYvjgoktLT4KPGltZyBzcmM9Imh0dHA6Ly9pbWFnZS5yYWt1dGVuLmNvLmpwL2plZXAvY2FiaW5ldC90b3AtbmV3L2ltZ3JjMDA3MDAxNDAyOC5qcGciIGFsdD0i44GK44GZ44GZ44KB5ZCM5qKx5ZWG5p2QIj4KPHRhYmxlIHdpZHRoPSI3NzAiIGJvcmRlcj0iMCIgY2VsbHNwYWNpbmc9IjUiIGNlbGxwYWRkaW5nPSIwIiBzdHlsZT0id2lkdGg6NzcwcHg7YmFja2dyb3VuZC1jb2xvcjojZmZmZmZmO2JvcmRlci13aWR0aDoxcHg7Ym9yZGVyLXN0eWxlOnNvbGlkO2JvcmRlci1jb2xvcjojYmZiZmJmO2JvcmRlci10b3A6bm9uZTsiPgogIDx0cj4KICAgIDx0ZD4KCQoJICA8dWwgY2xhc3M9Im1lbnUiPgo8bGk+44Oc44O844OrPC9saT4KPGxpPuOCsOODreODvOODljwvbGk+CjxsaT7jg4bjgqPjg7w8L2xpPgo8bGk+44K144Oz44Kw44Op44K5PC9saT4KPGxpPuOCt+ODpeODvOOCujwvbGk+CjxsaT7jg5Djg4PjgrA8L2xpPgoKPC91bD4KCjxkaXYgY2xhc3M9ImNsZWFyTGVmdCI+PC9kaXY+CgogIDx1bCBjbGFzcz0ibWVudSI+CjxsaT7jgqbjgqjjgqI8L2xpPgo8bGk+57e057+S55So5YW3PC9saT4KPGxpPuODrOOCpOODs+OCsOODg+OCujwvbGk+Cgo8L3VsPgoKPGRpdiBjbGFzcz0iY2xlYXJMZWZ0Ij48L2Rpdj4KPGltZyBzcmM9Imh0dHA6Ly9pbWFnZS5yYWt1dGVuLmNvLmpwL2plZXAvY2FiaW5ldC90b3AtbmV3L2ltZ3JjMDA3MDAxNDAzNi5qcGciIGFsdD0i44GK5Yun44KB5ZCM5qKx5ZWG5p2QIj48YnI+Cjx1bCBjbGFzcz0ibWVudTIiPgo8bGk+PGltZyBzcmM9Imh0dHA6Ly9pbWFnZS5yYWt1dGVuLmNvLmpwL2plZXAvY2FiaW5ldC8wNDc3Njk3MC9pbWdyYzAwODg3MDI4NDAuanBnIiB3aWR0aD0iMTEwIiBoZWlnaHQ9IjExMCIgYm9yZGVyPSIwIj48YnI+CuOCreODo+ODreOCpuOCp+OCpDxicj4K44K544O844OR44O844K944OV44OIIOODnOODvOODqzxicj4KMeODgOODvOOCuTEy5YCL5YWl44KKPGJyPgrml6XmnKzku5Xmp5g8YnI+IDxzcGFuIGNsYXNzPSJzdHlsZTQiPjEsOTgwPC9zcGFuPjxzcGFuIGNsYXNzPSJzdHlsZTUiPuWGhijnqI7ovrzvvIk8L3NwYW4+PC9saT4KPGxpPjxpbWcgc3JjPSJodHRwOi8vaW1hZ2UucmFrdXRlbi5jby5qcC9qZWVwL2NhYmluZXQvdG9wLW5ldy9pbWdyYzAwNjcxNDQ3MTMuanBnIiB3aWR0aD0iMTEwIiBoZWlnaHQ9IjExMCIgYm9yZGVyPSIwIj48YnI+CuOAkOWcqOW6q+mZkOOCiuOAkTxicj4K44Op44Kk44OIIOOCvOODrTxicj4K44OV44Oq44Kv44K344On44Oz44OG44Kj44O8PGJyPgrjg6zjgq7jg6Xjg6njg7wgNzBtbTxicj48c3BhbiBjbGFzcz0ic3R5bGU0Ij4zODA8L3NwYW4+PHNwYW4gY2xhc3M9InN0eWxlNSI+5YaGKOeojui+vO+8iTwvc3Bhbj48L2xpPgo8bGk+PGltZyBzcmM9Imh0dHA6Ly9pbWFnZS5yYWt1dGVuLmNvLmpwL2plZXAvY2FiaW5ldC8wNDc3Njk3MC9pbWdyYzAwODMwODQ5NDQuanBnIiB3aWR0aD0iMTEwIiBoZWlnaHQ9IjExMCIgYm9yZGVyPSIwIj48YnI+CuOCouODh+OCo+ODgOOCuTxicj4K44OP44KkIOODkeODr+ODvOODkOODs+ODiTxicj7jgrDjg63jg7zjg5YgW1FSNzEwXTxicj4K5pel5pys5LuV5qeYPGJyPjxzcGFuIGNsYXNzPSJzdHlsZTQiPjg4OTwvc3Bhbj48c3BhbiBjbGFzcz0ic3R5bGU1Ij7lhoYo56iO6L6877yJPC9zcGFuPjwvbGk+CjxsaT48aW1nIHNyYz0iaHR0cDovL2ltYWdlLnJha3V0ZW4uY28uanAvamVlcC9jYWJpbmV0LzA0Nzc2OTcwL2ltZ3JjMDA4NjczNzQxMC5qcGciIHdpZHRoPSIxMTAiIGhlaWdodD0iMTEwIiBib3JkZXI9IjAiPjxicj4K44OK44Kk44Kt44K044Or44OVPGJyPgrjg5Xjgqfjg7zjgrnvvIbjgq/jg6njg5YgPGJyPgrjgrjjg6Pjgqzjg7zjg4njgr/jgqrjg6sgPGJyPgpVU0Hnm7TovLjlhaXlk4E8YnI+PHNwYW4gY2xhc3M9InN0eWxlNCI+MSw5ODA8L3NwYW4+PHNwYW4gY2xhc3M9InN0eWxlNSI+5YaGKOeojui+vO+8iTwvc3Bhbj48L2xpPgo8bGk+PGltZyBzcmM9Imh0dHA6Ly9pbWFnZS5yYWt1dGVuLmNvLmpwL2plZXAvY2FiaW5ldC8wNDc3Njk3MC9pbWdyYzAwOTEyMDQ0MjAuanBnIiB3aWR0aD0iMTEwIiBoZWlnaHQ9IjExMCIgYm9yZGVyPSIwIj48YnI+CuODl+ODvOODnjxicj4KQk9ZJ1MgTE9XIENVVDxicj4K44K944OD44Kv44K5IDbotrPjg5rjgqI8YnI+ClAxMDQyNDAtNDIxPGJyPjxzcGFuIGNsYXNzPSJzdHlsZTQiPjEsOTgwPC9zcGFuPjxzcGFuIGNsYXNzPSJzdHlsZTUiPuWGhijnqI7ovrzvvIk8L3NwYW4+PC9saT4KPGxpPjxpbWcgc3JjPSJodHRwOi8vaW1hZ2UucmFrdXRlbi5jby5qcC9qZWVwL2NhYmluZXQvdG9wLW5ldy9pbWdyYzAwNzczMjcyOTcuanBnIiB3aWR0aD0iMTEwIiBoZWlnaHQ9IjExMCIgYm9yZGVyPSIwIj48YnI+CuODgOOCpOODpDxicj4K5Y+v5oSb44GE44Ki44OL44Oe44OrPGJyPuODnOODvOODq+OCr+ODquODvOODiuODvDxicj4KQVMtMDQ0PGJyPjxzcGFuIGNsYXNzPSJzdHlsZTQiPjg2MDwvc3Bhbj48c3BhbiBjbGFzcz0ic3R5bGU1Ij7lhoYo56iO6L6877yJPC9zcGFuPjwvbGk+Cgo8L3VsPgoKPGRpdiBjbGFzcz0iY2xlYXJMZWZ0Ij48L2Rpdj4KCjwvdGQ+CiAgPC90cj4KPC90YWJsZT4KPCEtLeOBiuOBmeOBmeOCgeWQjOaiseWVhuadkOOBk+OBk+OBvuOBpy0tPg==,44CQ44K044Or44OV44CR44CQ44Oe44O844Kr44O844CR44Op44Kk44OIIExJVEUg44Ov44Oz44OU44O844K544CA44OB44On44OD44OR44O844CA44Kv44Oq44OD44OX44Oe44O844Kr44O8IChYLTc5NSnvvJpKWVBFUiZyc3F1bztT77yI44K444O844OR44O844K677yJ,44K044Or44OV44K044Or44OV44Kv44Op44OW44K044Or44OV55So5ZOBSllQRVJT44K444O844OR44O844K6SllQRVInU+a/gOWuiVVTQeebtOi8uOWFpeOCtOODq+ODleOCpuOCqOOCouOCtOODq+ODleOCr+ODqeODluODieODqeOCpOODkOODvOODkeOCv+ODvOOCreODo+ODreOCpuOCp+OCpOODhuODvOODqeODvOODoeOCpOODieOCueODquOCr+OCveODs+OCv+OCpOODiOODquOCueODiOOCtOODq+ODleODnOODvOODq+OCt+ODo+ODleODiEdPTEbjgqLjgqTjgqLjg7PjgJDjgrTjg6vjg5XjgJHjgJDjg57jg7zjgqvjg7zjgJHjg6njgqTjg4ggTElURSDjg6/jg7Pjg5Tjg7zjgrnjgIDjg4Hjg6fjg4Pjg5Hjg7zjgIDjgq/jg6rjg4Pjg5fjg57jg7zjgqvjg7wgKFgtNzk1KQ==,5aSn5Lq65rCX5ryr55S744CM44Ov44Oz44OU44O844K544CN44Kt44Oj44Op44Kv44K/44O844Oe44O844Kr44O844CC44CQ44K044Or44OV44CR44CQ44Oe44O844Kr44O844CR44Op44Kk44OIIExJVEUg44Ov44Oz44OU44O844K544CA44OB44On44OD44OR44O844CA44Kv44Oq44OD44OX44Oe44O844Kr44O8IChYLTc5NSk=[rn]
25-79867,aHR0cDovL3RzaG9wLnIxMHMuanAvYWxwZW4vY2FiaW5ldC8xNzA1MjgvMDgvODE3MzAyMTM0NC5qcGc/Zml0aW49NzAwOjcwMA==,NzE5LjIwMDA=,,44K544Od44O844OE44O744Ki44Km44OI44OJ44KiID4g6YeO55CD44O744K944OV44OI44Oc44O844OrID4g44Km44Kn44KiID4g44K944OD44Kv44K5,44Kk44Kw44OL44KqKElHTklPKeOAgOOCuOODpeODi+OCou+8iOOCreODg+OCuuODu+WtkOS+m++8iSDph47nkIMg44K944OD44Kv44K5IOOCouODs+ODgOODvOOCueODiOODg+OCreODs+OCsCDvvIgz6Laz57WE77yJIOOCteOCpOOCui8xOC0yMWNtIDog44Ob44Ov44Kk44OIIChJRy04QkE0MTA0Myk=,,PGJyPjxicj48YnI+44CQ5pGp6ICX44Gr5by344GE44CRPGJyPuOBpOOBvuWFiOOAgeOBi+OBi+OBqOOBruijnOW8t+ezuOOBp+W8t+W6puODu+iAkOS5heaAp+aKnOe+pCEhPGJyPjxicj7il4bjg5XjgqPjg4Pjg4jmhJ/jgpLpq5jjgoHjgovjgq/jg4HjgrTjg6Dku5Xmp5g8YnI+4peG5YSq44KM44Gf44K544OI44Os44OD44OB5oCnPGJyPjxicj7ilqAz6Laz57WEPGJyPjxicj7ilqDntKDmnZA6PGJyPuODneODquOCqOOCueODhuODq+OAgee2v+OAgeODiuOCpOODreODs+OAgeODneODquOCpuODrOOCv+ODszxicj48YnI+4pag44K144Kk44K6Ojxicj4xOO+9njIxY208YnI+PGJyPuKWoOeUn+eUo+WbvTo8YnI+5Lit5Zu9PGJyPjxicj7igLvkuojlkYrjgarjgZfjgafjg5Hjg4PjgrHjg7zjgrjjgarjganjga7jg4fjgrbjgqTjg7PjgoTllYblk4Hjga7jgqvjg6njg7znrYnjgYzlpInmm7TjgavjgarjgovloLTlkIjjgYzjgYLjgorjgb7jgZnjgII8YnI+4oC75ZWG5ZOB55S75YOP44Gu44Kr44Op44O844Gr44Gk44GN44G+44GX44Gm44Gv44CB44GU5Yip55So44Gu44OR44K944Kz44Oz562J55Kw5aKD44Gr44KI44Gj44Gm5a6f54mp44Go5aSa5bCR55Ww44Gq44KL5aC05ZCI44GM44GC44KK44G+44GZ44Gu44Gn44CB44GC44KJ44GL44GY44KB44GU5LqG5om/44GP44Gg44GV44GE44CCPGJyPjxicj48dGFibGUgYm9yZGVyPTIgY2VsbHNwYWNpbmc9MCBjZWxscGFkZGluZz0xPjx0cj48dGggYmdjb2xvcj0jZmZmZjk5IHdpZHRoPTEwMD48Zm9udCBzaXplPS0xIGNvbG9yPWJsdWU+PGI+57SN5pyfPC9iPjwvZm9udD48L3RoPjx0ZCBiZ2NvbG9yPSNmZmZmOTk+PGZvbnQgY29sb3I9cmVkPuOAgDPvvZ40IOWWtualreaXpeS4reOBq+WHuuiNtzwvZm9udD48Zm9udCBzaXplPS0xIGNvbG9yPWJsdWU+PGJyPuOAgOOAkOmAseacqyjph5HvvZ7ml6Xmm5zml6Up44Gu44GU5rOo5paH44Gv44CB44GU5rOo5oSP5LiL44GV44GE44CC44CRPC9mb250PjwvdGQ+PC90cj48L3RhYmxlPjx0YWJsZSBib3JkZXI9MCBjZWxsc3BhY2luZz0wIGNlbGxwYWRkaW5nPTA+PHRyPjx0ZD48Zm9udCBjb2xvcj0jOTkwMDAwIHNpemU9LTE+PGI+4oC7PC9iPjwvZm9udD48Zm9udCBzaXplPS0xPjxiPumFjemAgeOBq+OBpOOBhOOBpjwvYj7jgIDlkITjgrXjgqTjg4hUT1Djg5rjg7zjgrjjgYvjgok8Yj7jgIzjgZTliKnnlKjmoYjlhoXjgI08L2I+44KS44GU56K66KqN44GP44Gg44GV44GE44CCPC9mb250PjwvdGQ+PC90cj48L3RhYmxlPuOCouODq+ODmuODsyBhbHBlbiDjgrnjg53jg7zjg4Tjg4fjg50v44OZ44O844K544Oc44O844OrKOmHjueQgynjg7vjgr3jg5Xjg4jjg5zjg7zjg6sv44Km44Kn44Ki5bCP54mpL+OCueODiOODg+OCreODs+OCsDxsaW5rIHJlbD0ic3R5bGVzaGVldCIgaHJlZj0iaHR0cDovL3d3dy5yYWt1dGVuLm5lLmpwL2dvbGQvYWxwZW4vY29tbW9uL2Nzcy9jb21tb25fYi5jc3MiIHR5cGU9InRleHQvY3NzIiBtZWRpYT0iYWxsIj4KPGRpdj4KICAgICAgCiAgICA8L2Rpdj48YnI+Cgo8aW1nIHNyYz0iaHR0cDovL2ltYWdlLnJha3V0ZW4uY28uanAvYWxwZW4vY2FiaW5ldC9hcF9nZW5lcmFsdGl0XzAwMy5qcGciIGFsdD0iIiB3aWR0aD0iNzUwIj48YnI+Cjxicj4KCjxpbWcgc3JjPSJodHRwOi8vd3d3LnJha3V0ZW4ubmUuanAvZ29sZC9hbHBlbi9jb21tb24vaWZyYW1lL21haW5pbWcvMTcwNTE4L21pYW5fMDUuanBnIiBhbHQ9IiIgd2lkdGg9Ijc1MCI+PGJyPgo8YnI+Cgo8dGFibGUgd2lkdGg9IjY4NyIgYm9yZGVyPSIwIiBjZWxsc3BhY2luZz0iMCIgY2VsbHBhZGRpbmc9IjAiPgogIDx0cj4KICAgIDx0ZD48aW1nIHNyYz0iaHR0cDovL3d3dy5yYWt1dGVuLm5lLmpwL2dvbGQvYWxwZW4vaWZyYW1lL2ltYWdlL3RvcF9zYl9yZXZpZXcuanBnIiB3aWR0aD0iNjg3IiBoZWlnaHQ9IjQwIj48L3RkPgogIDwvdHI+CiAgPHRyPgogICAgPHRkPjwvdGQ+CiAgPC90cj4KPC90YWJsZT4KPGJyPgo8YnI+CjxpbWcgc3JjPSJodHRwOi8vaW1hZ2UucmFrdXRlbi5jby5qcC9hbHBlbi9jYWJpbmV0L2Juci90dGxfdG9rdXNlbmhpbl9hcC5qcGciIHdpZHRoPSI3NTAiIGJvcmRlcj0iMCI+PGJyPgo8L2Rpdj4=,44Kk44Kw44OL44KqKElHTklPKeOAgOOCuOODpeODi+OCou+8iOOCreODg+OCuuODu+WtkOS+m++8iSDph47nkIMg44K944OD44Kv44K5IOOCouODs+ODgOODvOOCueODiOODg+OCreODs+OCsCDvvIgz6Laz57WE77yJIOOCteOCpOOCui8xOC0yMWNtIDog44Ob44Ov44Kk44OIIChJRy04QkE0MTA0MynvvJpBbHBlbualveWkqeW4guWgtOW6l++8oOOCouODq+ODmuODsw==,5Y2T55CD5Y+w44OV44Kj44OD44OI44ON44K544Oe44K344O844Oz44Oe44K344Oz44Of44ON44Op44Or44Kv44Oq44K544K/44Oq44Oz5Zu96Zqb6KaP5qC844Ki44Or44Oa44Oz6YCa6LKp44Kk44Kw44OL44KqKElHTklPKeOAgOOCuOODpeODi+OCou+8iOOCreODg+OCuuODu+WtkOS+m++8iSDph47nkIMg44K944OD44Kv44K5IOOCouODs+ODgOODvOOCueODiOODg+OCreODs+OCsCDvvIgz6Laz57WE77yJIOOCteOCpOOCui8xOC0yMWNtIDog44Ob44Ov44Kk44OIIChJRy04QkE0MTA0Myk=,44Kk44Kw44OL44KqKElHTklPKeOAgOOCuOODpeODi+OCou+8iOOCreODg+OCuuODu+WtkOS+m++8iSDph47nkIMg44K944OD44Kv44K5IOOCouODs+ODgOODvOOCueODiOODg+OCreODs+OCsCDvvIgz6Laz57WE77yJIOOCteOCpOOCui8xOC0yMWNtIDog44Ob44Ov44Kk44OIIChJRy04QkE0MTA0Myk=[rn]
25-79868,aHR0cDovL3RzaG9wLnIxMHMuanAva2l0YXNwby9jYWJpbmV0L3Nvbm90YS8wNDY3NjEzNC9pbWdyYzAwNjI5NjQyMzAuanBnP2ZpdGluPTcwMDo3MDA=,OTUwLjQwMDA=,,44K544Od44O844OE44O744Ki44Km44OI44OJ44KiID4g6YeO55CD44O744K944OV44OI44Oc44O844OrID4g44Km44Kn44KiID4g44K944OD44Kv44K5,WkVUVCjjgrzjg4Pjg4gp44CAM1Djgr3jg4Pjgq/jgrnvvIgz6Laz57WE77yJ44CAQksz44CQ44Oh44O844Or5L6/44Gq44KJ6YCB5paZ54Sh5paZ44CR,6YeO55CD55So44Kr44Op44O844K944OD44Kv44K5IeegtOOCjOOBq+W8t+OBhO+8huS4iOWkqyE=,PGltZyBzcmM9Imh0dHA6Ly9pbWFnZS5yYWt1dGVuLmNvLmpwL2tpdGFzcG8vY2FiaW5ldC9sYXlvdXQvaW1nNTg2OTE3NTQuanBnIj4KCjxicj4KCjxpbWcgc3JjPSJodHRwOi8vaW1hZ2UucmFrdXRlbi5jby5qcC9raXRhc3BvL2NhYmluZXQvbGF5b3V0L2ltZzU4MDcwMjcxLmpwZyJ3aWR0aD0iNjAwIj4KPGJyPgoKPGltZyBzcmM9Imh0dHA6Ly9pbWFnZS5yYWt1dGVuLmNvLmpwL2tpdGFzcG8vY2FiaW5ldC8wMzg1MzE3NS9pbWc1OTk2MDAxNC5qcGciPg==,WkVUVCjjgrzjg4Pjg4gp44CAM1Djgr3jg4Pjgq/jgrnvvIgz6Laz57WE77yJ44CAQksz44CQ44Oh44O844Or5L6/44Gq44KJ6YCB5paZ54Sh5paZ44CR77ya6YeO55CD55So5ZOB44CA5Zac5aSa44K544Od44O844OE,5Zac5aSa44K544Od44O844OE5LmF5L+d55Sw44K544Op44OD44Ks44O86YeO55CD44CA44OI44Os44O844OL44Oz44Kw44K344Ol44O844K66YeO55CD44CA44Ki44OD44OX44K344Ol44O844K644Ki44Oz44OA44O844Ki44O844Oe44O844OP44K/44Kx44Ok44Oe44Of44K644OO44OX44Ot44Ki44K344OD44Kv44K544K444Ol44OL44Ki44CA5bCR5bm044Op44Oz44OJ44Oq44O844OQ44OD44Kw44Of44K644OO5pyo6KO944OQ44OD44OI44OW44Or44O844K544OG44Kj44OD44Kv44OP44Kk44K044O844Or44OJ44K/44Oe44K244Ov6LKh5biD6YeO55CD44CA44Ki44Oz44OA44O844K344Oj44OEU1NLWkVUVOODiOODrOODvOODi+ODs+OCsOOCt+ODpeODvOOCulpFVFQo44K844OD44OIKeOAgDNQ44K944OD44Kv44K577yIM+i2s+e1hO+8ieOAgEJLM+OAkOODoeODvOODq+S+v+OBquOCiemAgeaWmeeEoeaWmeOAkQ==,6YeO55CD55So44Kr44Op44O844K944OD44Kv44K5IeegtOOCjOOBq+W8t+OBhO+8huS4iOWkqyHjgIJaRVRUKOOCvOODg+ODiCnjgIAzUOOCveODg+OCr+OCue+8iDPotrPntYTvvInjgIBCSzPjgJDjg6Hjg7zjg6vkvr/jgarjgonpgIHmlpnnhKHmlpnjgJE=[rn]
25-79869,aHR0cDovL3RzaG9wLnIxMHMuanAva2l0YXNwby9jYWJpbmV0L3dlYXIvc294L2ltZzU5ODMxMjcyLmpwZz9maXRpbj03MDA6NzAw,ODAzLjIwMDA=,,44K544Od44O844OE44O744Ki44Km44OI44OJ44KiID4g6YeO55CD44O744K944OV44OI44Oc44O844OrID4g44Km44Kn44KiID4g44K944OD44Kv44K5,44Of44K644OOKG1penVubynjgIDjgqvjg6njg7zjgr3jg4Pjgq/jgrkoM+i2s+e1hCnjgIA1MlVXLTA0N+OAgOOCteOCpOOCuu+8mjIx772eMjRjbeOAkDNQ44K944OD44Kv44K5L+mdtOS4i+OAkQ==,,4peP57Sg5p2Q77ya57a/44O744Od44Oq44Ko44K544OG44Or44O744OK44Kk44Ot44Oz44O744Od44Oq44Km44Os44K/44OzPEJSPgril4/jg6njgqrjgrnoo708YnI+PGJyPjxpbWcgc3JjPSJodHRwOi8vaW1hZ2UucmFrdXRlbi5jby5qcC9raXRhc3BvL2NhYmluZXQvbGF5b3V0L2ltZzU4NjkxNzU0LmpwZyI+Cgo8YnI+Cgo8aW1nIHNyYz0iaHR0cDovL2ltYWdlLnJha3V0ZW4uY28uanAva2l0YXNwby9jYWJpbmV0L2xheW91dC9pbWc1ODA3MDI3MS5qcGcid2lkdGg9IjYwMCI+Cjxicj4KCjxpbWcgc3JjPSJodHRwOi8vaW1hZ2UucmFrdXRlbi5jby5qcC9raXRhc3BvL2NhYmluZXQvMDM4NTMxNzUvaW1nNTk5NjAwMTQuanBnIj4=,44Of44K644OOKG1penVubynjgIDjgqvjg6njg7zjgr3jg4Pjgq/jgrkoM+i2s+e1hCnjgIA1MlVXLTA0N+OAgOOCteOCpOOCuu+8mjIx772eMjRjbeOAkDNQ44K944OD44Kv44K5L+mdtOS4i+OAke+8mumHjueQg+eUqOWTgeOAgOWWnOWkmuOCueODneODvOODhA==,5Zac5aSa44K544Od44O844OE5LmF5L+d55Sw44K544Op44OD44Ks44O86YeO55CD44CA44OI44Os44O844OL44Oz44Kw44K344Ol44O844K66YeO55CD44CA44Ki44OD44OX44K344Ol44O844K644Ki44Oz44OA44O844Ki44O844Oe44O844OP44K/44Kx44Ok44Oe44Of44K644OO44OX44Ot44Ki44K344OD44Kv44K544K444Ol44OL44Ki44CA5bCR5bm044Op44Oz44OJ44Oq44O844OQ44OD44Kw44Of44K644OO5pyo6KO944OQ44OD44OI44OW44Or44O844K544OG44Kj44OD44Kv44OP44Kk44K044O844Or44OJ44K/44Oe44K244Ov6LKh5biD6YeO55CD44CA44Ki44Oz44OA44O844K344Oj44OEU1NLWkVUVOODiOODrOODvOODi+ODs+OCsOOCt+ODpeODvOOCuuODn+OCuuODjihtaXp1bm8p44CA44Kr44Op44O844K944OD44Kv44K5KDPotrPntYQp44CANTJVVy0wNDfjgIDjgrXjgqTjgrrvvJoyMe+9njI0Y23jgJAzUOOCveODg+OCr+OCuS/pnbTkuIvjgJE=,44Of44K644OOKG1penVubynjgIDjgqvjg6njg7zjgr3jg4Pjgq/jgrkoM+i2s+e1hCnjgIA1MlVXLTA0N+OAgOOCteOCpOOCuu+8mjIx772eMjRjbeOAkDNQ44K944OD44Kv44K5L+mdtOS4i+OAkQ==[rn]
25-79870,aHR0cDovL3RzaG9wLnIxMHMuanAva2l0YXNwby9jYWJpbmV0LzAyNzI5MzM0L2ltZ3JjMDA2MzUyNTkzOC5qcGc/Zml0aW49NzAwOjcwMA==,NTE4LjQwMDA=,,44K544Od44O844OE44O744Ki44Km44OI44OJ44KiID4g6YeO55CD44O744K944OV44OI44Oc44O844OrID4g44Km44Kn44KiID4g44K944OD44Kv44K5,44K944OD44Kv44K544CA44K544OI44OD44Kt44Oz44Kw44CA44ON44O844Og5Yi657mN44CA5LiA6YeN44CAMei2s+WIhijkuKHotrMp,44GV44KK44GS44Gq44GP44GK44GX44KD44KM44Gr,4oC7Mei2s+WIhijkuKHotrMp44Gu5L6h5qC844Gn44GZ44CCPGJyPgozUOOCveODg+OCr+OCueOBp+OBmeOBueOBpuOBq+WIuue5jeOBlOW4jOacm+OBruWgtOWQiOOBr+WAi+aVsDPjgavjgabjgZTos7zlhaXjgY/jgaDjgZXjgYTjgII8YnI+CuKXj+OCteOCpOOCuu+8muODkOODqeODs+OCueOCiOOBj+S7leS4iuOBkuOBvuOBmeOAgjxicj4K4peP5Yi657mN5YaF5a6544Gv5YKZ6ICD5qyE44G444GU6KiY5YWl44GP44Gg44GV44GE44CCPGJyPgril4/jgZTms6jmlofnorroqo3jg6Hjg7zjg6vlvozjga7jgYrlrqLmp5jpg73lkIjjgavjgojjgovlpInmm7Tjg7vjgq3jg6Pjg7Pjgrvjg6vjga/jgYrlj5fjgZHjgafjgY3jgb7jgZvjgpPjgII8aW1nIHNyYz0iaHR0cDovL2ltYWdlLnJha3V0ZW4uY28uanAva2l0YXNwby9jYWJpbmV0L2xheW91dC9pbWc1ODY5MTc1NC5qcGciPgoKPGJyPgoKPGltZyBzcmM9Imh0dHA6Ly9pbWFnZS5yYWt1dGVuLmNvLmpwL2tpdGFzcG8vY2FiaW5ldC9sYXlvdXQvaW1nNTgwNzAyNzEuanBnIndpZHRoPSI2MDAiPgo8YnI+Cgo8aW1nIHNyYz0iaHR0cDovL2ltYWdlLnJha3V0ZW4uY28uanAva2l0YXNwby9jYWJpbmV0LzAzODUzMTc1L2ltZzU5OTYwMDE0LmpwZyI+,44K944OD44Kv44K544CA44K544OI44OD44Kt44Oz44Kw44CA44ON44O844Og5Yi657mN44CA5LiA6YeN44CAMei2s+WIhijkuKHotrMp77ya6YeO55CD55So5ZOB44CA5Zac5aSa44K544Od44O844OE,5Zac5aSa44K544Od44O844OE5LmF5L+d55Sw44K544Op44OD44Ks44O86YeO55CD44CA44OI44Os44O844OL44Oz44Kw44K344Ol44O844K66YeO55CD44CA44Ki44OD44OX44K344Ol44O844K644Ki44Oz44OA44O844Ki44O844Oe44O844OP44K/44Kx44Ok44Oe44Of44K644OO44OX44Ot44Ki44K344OD44Kv44K544K444Ol44OL44Ki44CA5bCR5bm044Op44Oz44OJ44Oq44O844OQ44OD44Kw44Of44K644OO5pyo6KO944OQ44OD44OI44OW44Or44O844K544OG44Kj44OD44Kv44OP44Kk44K044O844Or44OJ44K/44Oe44K244Ov6LKh5biD6YeO55CD44CA44Ki44Oz44OA44O844K344Oj44OEU1NLWkVUVOODiOODrOODvOODi+ODs+OCsOOCt+ODpeODvOOCuuOCveODg+OCr+OCueOAgOOCueODiOODg+OCreODs+OCsOOAgOODjeODvOODoOWIuue5jeOAgOS4gOmHjeOAgDHotrPliIYo5Lih6LazKQ==,44GV44KK44GS44Gq44GP44GK44GX44KD44KM44Gr44CC44K944OD44Kv44K544CA44K544OI44OD44Kt44Oz44Kw44CA44ON44O844Og5Yi657mN44CA5LiA6YeN44CAMei2s+WIhijkuKHotrMp[rn]
25-79871,aHR0cDovL3RzaG9wLnIxMHMuanAvYmJ0b3duL2NhYmluZXQvZ2VraXlhc3UxNC81MnV3ODAwMDAuanBnP2ZpdGluPTcwMDo3MDA=,NzkyLjAwMDA=,,44K544Od44O844OE44O744Ki44Km44OI44OJ44KiID4g6YeO55CD44O744K944OV44OI44Oc44O844OrID4g44Km44Kn44KiID4g44K944OD44Kv44K5,5pyA5aSnNe+8heW8leOCr+ODvOODneODsyDjgr3jg4Pjgq/jgrkg44GK5b6X44GqM+i2s+e1hOOCveODg+OCr+OCueKZquODn+OCuuODjiDph47nkIPnlKjlk4Eg44OZ44O844K544Oc44O844Or44K944OD44Kv44K5IOS4gOiIrCDlpKfkurog5bCR5bm0IOOCuOODpeODi+OCoiDjgYLjgZnmpb0g44Ki44Oz44OA44O844K544OI44OD44Kt44Oz44KwIOODm+ODr+OCpOODiCDnmb0gQl9BQyDjgrvjg7zjg6sg5bCR5bm055So,44Of44K644OOIOmHjueQgyDjgr3jg4Pjgq/jgrkg6YCB5paZNDkw5YaG77yBNjQ4MOWGhuS7peS4iuOBp+mAgeaWmeeEoeaWmQ==,PGNlbnRlcj4KPEJSPgo8aW1nIHNyYz0iaHR0cDovL2ltYWdlLnJha3V0ZW4uY28uanAvYmJ0b3duL2NhYmluZXQvcmFua19pbWcvNTJ1dzgwMDAwXzAyMDNyYW5rLmdpZiI+PEJSPgo8QlI+Cjxmb250IHNpemU9IjYiIGNvbG9yPSIjRkYwMDAwIj7jg5Hjg7Pjg4Djgr3jg4Pjgq/jgrnjgpLjgYrmjqLjgZfjga7mlrnjga/jgrPjg4Hjg6njgoLvvIE8L2ZvbnQ+PGJyPjxicj4KPEEgaHJlZj0iaHR0cDovL2l0ZW0ucmFrdXRlbi5jby5qcC9iYnRvd24vYXNpY3MtYmFlNTA4LWJhZTUyai8iPjxJTUcgc3JjPSJodHRwOi8vdGh1bWJuYWlsLmltYWdlLnJha3V0ZW4uY28uanAvQDBfbWFsbC9iYnRvd24vY2FiaW5ldC90b3AvYmFlNTA4LWJhZTUyal9zbWFpbl8uanBnP19leD00NTB4NDUwIiB3aWR0aD0iNDUwIiBoZWlnaHQ9IjQ1MCI+PC9BPgo8L2NlbnRlcj48IS0tIFNT44Ko44Oz44OI44Oq44O8UEMtcyAtLT48IS0tIAo8Zm9udCBjb2xvcj0iI2ZmMDAwMCIgc2l6ZT0iNCI+4oaT44Ko44Oz44OI44Oq44O844Gu44GK5b+Y44KM44Gv44GC44KK44G+44Gb44KT44GL77yf4oaTPC9mb250Pjxicj4KPGltZyBzcmM9Imh0dHA6Ly9pbWFnZS5yYWt1dGVuLmNvLmpwL2JidG93bi9jYWJpbmV0L3NzMTIwMmJhbm5lci9yYWt1dGVuX3R1bGVfMTIwNXNzLmpwZyIgYm9yZGVyPSIwIiB3aWR0aD0iMzUwIj48YnI+CiAtLT48IS0tIFNT44Ko44Oz44OI44Oq44O8UEMtZSAtLT4KPGJyPgo8IS0tIOODqeODg+ODlOODs+OCsOiqmOWwji1zIC0tPgogPGZvbnQgY29sb3I9IiNmZjAwMDAiIHNpemU9IjQiPuKGk+ODqeODg+ODlOODs+OCsCgyNzDlhoYv56iO6L68KeOBruOBlOazqOaWh+OBr+OCs+ODgeODqeKGkzwvZm9udD48YnI+CjxpbWcgc3JjPSJodHRwOi8vaW1hZ2UucmFrdXRlbi5jby5qcC9iYnRvd24vY2FiaW5ldC9yLXRvcDIvd3JhcHBpbmdfNjE2XzEuanBnIiBib3JkZXI9IjAiIHdpZHRoPSIzNTAiPjxicj4KPCEtLSDjg6njg4Pjg5Tjg7PjgrDoqpjlsI4tZSAtLT4KPGJyPgo8IS0tIOOCruODleODiOmWoumAo+aknOe0ouODr+ODvOODiS1zIC0tPgog44CQ5qSc57Si44Ov44O844OJ77ya44Op44OD44OU44Oz44KwIOi0iOOCiuOCguOBriDotIjjgorniakg6LSI54mpIOi0iOetlOWTgSDjg5fjg6zjgrzjg7Pjg4gg44Ku44OV44OIIOOBiuelneOBhCDoqJjlv7Xlk4Eg5Y2S5qWtIOWNkuWbo+OAkSAKPCEtLSDjgq7jg5Xjg4jplqLpgKPmpJzntKLjg6/jg7zjg4ktcyAtLT48YnI+Cgo8IS0t44GK6LK344GE54mp44Ks44Kk44OJ44GT44GT44GL44KJIC0tPgo8aW1nIHNyYz0iaHR0cHM6Ly9pbWFnZS5yYWt1dGVuLmNvLmpwL2JidG93bi9jYWJpbmV0L3ItdG9wMy9wY19jYXJ0XzA1MjUuZ2lmIiBib3JkZXI9IjAiIHdpZHRoPSI0MDAiPjxicj4KCjwhLS3jgYrosrfjgYTnianjgqzjgqTjg4njgZPjgZPjgb7jgacgLS0+Cjx0YWJsZSBib3JkZXI9IjAiIHdpZHRoPSI3MDAiIGNlbGxwYWRkaW5nPSIyIiBjZWxsc3BhY2luZz0iMCI+CiAgPHRyPgogICAgPHRkIGFsaWduPSJsZWZ0Ij4KICAgICAgPHRhYmxlIGNlbGxwYWRkaW5nPSIxIiB3aWR0aD0iMTAwJSI+CiAgICAgICAgPHRyPgogICAgICAgICAgPHRkIHZhbGlnbj0idG9wIiBhbGlnbj0ibGVmdCI+CiAgICAgICAgICAgIDx0YWJsZSBib3JkZXI9IjAiIGNlbGxwYWRkaW5nPSI0IiBjZWxsc3BhY2luZz0iMCIgd2lkdGg9Ijk1JSI+CiAgICAgICAgICAgICAgPHRyPgogICAgICAgICAgICAgICAgPHRkIGJnY29sb3I9IiMwMDAwOTkiPjxiPjxmb250IGNvbG9yPSIjZmZmZmZmIiBzaXplPSIyIj7llYblk4HoqqzmmI48L2ZvbnQ+PC9iPjwvdGQ+CiAgICAgICAgICAgICAgPC90cj4KICAgICAgICAgICAgICA8IS0tIGFyZWExIEIgLS0+PCEtLSBhcmVhMSBFIC0tPgogICAgICAgICAgICAgIDwhLS0gYXJlYTIgQiAtLT4KICAgICAgICAgICAgICA8dHI+CiAgICAgICAgICAgICAgICA8dGQgYWxpZ249ImxlZnQiPjxmb250IHNpemU9IjIiPuKXj+OCq+ODqeODvO+8muODm+ODr+OCpOODiDxicj4KICAgICAgICAgICAg4peP44K144Kk44K677yaMTjvvZ4yMmNt44CBMjHvvZ4yNGNt44CBMjTvvZ4yN2Nt44CBMjbvvZ4yOWNtPGJyPgrigLvjgqvjg6njg7zjg7vjgrXjgqTjgrrjgavjgojjgaPjgabjg5Hjg4PjgrHjg7zjgrjjgYznlbDjgarjgorjgb7jgZnjgII8YnI+CiAgICAgICAgICAgIOKXj+e0oOadkO+8muODneODquOCqOOCueODhuODq+OAgee2v+OAgeOBneOBruS7ljxicj4KICAgICAgICAgICAg4pePM+i2s+e1hDwvZm9udD48L3RkPgogICAgICAgICAgICAgIDwvdHI+PCEtLSBhcmVhMiBFIC0tPjwhLS0gYXJlYTMgQiAtLT48IS0tIGFyZWEzIEUgLS0+CiAgICAgICAgICAgIDwvdGFibGU+CiAgICAgICAgICA8L3RkPgogICAgICAgIDwvdHI+CiAgICAgIDwvdGFibGU+CiAgICA8L3RkPgogIDwvdHI+CjwvdGFibGU+PHN0eWxlIHR5cGU9InRleHQvY3NzIj4KPCEtLQoKc3Bhbi5jYXRjaF9jb3B5LApzcGFuLml0ZW1fbmFtZSB7CiAgbGluZS1oZWlnaHQ6IDE4MCU7Cn0KCgovKiDllYblk4HlkI3kuIvjgavlooPnlYznt5rjgYzlhaXjgosgKi8Kc3Bhbi5pdGVtX25hbWUgewogICAgZGlzcGxheTogYmxvY2s7CiAgICBib3JkZXItYm90dG9tOiAycHggZG90dGVkICNkZGQ7CiAgICBwYWRkaW5nLWJvdHRvbTogOHB4Owp9CgovKiDkvqHmoLzjgavmnqDnt5rjgYzjgaTjgY8gKi8KdGFibGUjcmFrdXRlbkxpbWl0ZWRJZF9jYXJ0IHsKICAgIGJhY2tncm91bmQtY29sb3I6ICNmOGY4Zjg7CiAgICBib3JkZXI6IDFweCBzb2xpZCAjZGRkOwogICAgcGFkZGluZzogOHB4OwogICAgbWFyZ2luOiAxNnB4IDA7Cn0KCnNwYW4ucHJpY2UxIHsKICAgIGNvbG9yOiAjMzMzICFpbXBvcnRhbnQ7CiAgICBmb250LXdlaWdodDogYm9sZDsKICAgIGZvbnQtc2l6ZTogODAlICFpbXBvcnRhbnQ7CiAgICBsaW5lLWhlaWdodDogMzBweDsKICAgIGRpc3BsYXk6IGlubGluZS1ibG9jazsKICAgIG1hcmdpbi1yaWdodDogMTZweDsKfQoKLS0+Cjwvc3R5bGU+Cgo8c3R5bGUgdHlwZT0idGV4dC9jc3MiPgoKPC9zdHlsZT4KPHN0eWxlIHR5cGU9InRleHQvY3NzIj4KLyrosrfjgYTnianjgYvjgZTjgavlhaXjgozjgovjg5zjgr/jg7MqLwojcmFrdXRlbkxpbWl0ZWRJZF9hcm91bmRDYXJ0IGlucHV0W3ZhbHVlPSLosrfjgYTnianjgYvjgZTjgavlhaXjgozjgosiXXsKYmFja2dyb3VuZDogdXJsKCJodHRwOi8vaW1hZ2UucmFrdXRlbi5jby5qcC9iYnRvd24vY2FiaW5ldC9yLXRvcDIvY2FydC5naWYiKSBsZWZ0IHRvcCBuby1yZXBlYXQ7CndpZHRoOjMzNnB4OwpoZWlnaHQ6NjdweDsKdGV4dC1pbmRlbnQ6MTAwJTsKd2hpdGUtc3BhY2U6bm93cmFwOwpvdmVyZmxvdzpoaWRkZW47CmJvcmRlcjogbm9uZTsKcGFkZGluZzowOwptYXJnaW4tdG9wOjVweCAwOwpjdXJzb3I6cG9pbnRlcjsKfQojcmFrdXRlbkxpbWl0ZWRJZF9hcm91bmRDYXJ0IHRib2R5IHRyIHRkIGlucHV0OmhvdmVyewphbHBoYShvcGFjaXR5PTgpOwotbW96LW9wYWNpdHk6MC44OwpvcGFjaXR5OjAuODsKY3Vyc29yOnBvaW50ZXI7Cn0KPC9zdHlsZT4KCjxzdHlsZSB0eXBlPSJ0ZXh0L2NzcyI+CgovKiDjgYrmsJfjgavlhaXjgorllYblk4Hlt67jgZfmm7/jgYjjgr/jgrAgKi8KI3Jha3V0ZW5MaW1pdGVkSWRfYXJvdW5kQ2FydCAjc2VydmljZVRhYmxlU21sIHRkLmZhdm9yaXRlIHsKcGFkZGluZy10b3A6IDVweDsKfQojcmFrdXRlbkxpbWl0ZWRJZF9hcm91bmRDYXJ0IGRpdi5ib29rbWFya0FyZWEgZGl2LmJrbSB7CndpZHRoOjM0NXB4ICFpbXBvcnRhbnQ7CmhlaWdodDozMTBweCAhaW1wb3J0YW50OwpwYWRkaW5nOiAwcHggMHB4IDEwcHggMHB4ICFpbXBvcnRhbnQ7Cn0KI3Jha3V0ZW5MaW1pdGVkSWRfYXJvdW5kQ2FydCBkaXYuYm9va21hcmtBcmVhIGRpdi5ia20gYS5hZGRCa20gewp3aWR0aDozNDVweCAhaW1wb3J0YW50OwpoZWlnaHQ6MzEwcHggIWltcG9ydGFudDsKfQojcmFrdXRlbkxpbWl0ZWRJZF9hcm91bmRDYXJ0IGRpdi5ib29rbWFya0FyZWEgZGl2LmJrbSBhLmFkZEJrbSBzcGFuLmJrbVN0YXIgewpkaXNwbGF5OiBpbmxpbmUtYmxvY2sgIWltcG9ydGFudDsKd2lkdGg6MzQ1cHggIWltcG9ydGFudDsKaGVpZ2h0OjMxMHB4ICFpbXBvcnRhbnQ7Cm1hcmdpbjowcHggMHB4IDEwcHggMHB4ICFpbXBvcnRhbnQ7CmJhY2tncm91bmQ6IHVybCgiaHR0cDovL2ltYWdlLnJha3V0ZW4uY28uanAvYmJ0b3duL2NhYmluZXQvci10b3AyL29raW5paXJpX2l0ZW0uZ2lmIikgbm8tcmVwZWF0ICFpbXBvcnRhbnQ7Cn0KCi8qIOOBiuawl+OBq+WFpeOCiuOCt+ODp+ODg+ODl+W3ruOBl+abv+OBiOOCv+OCsCAqLwpkaXYuYm9va21hcmtBcmVhIHsKd2lkdGg6MzM1cHggIWltcG9ydGFudDsKfQojcmFrdXRlbkxpbWl0ZWRJZF9hcm91bmRDYXJ0IGRpdi5zaG9wQm9va21hcmtBcmVhIGRpdi5zaG9wQmttIHsKd2lkdGg6MzM1cHggIWltcG9ydGFudDsKaGVpZ2h0OjY3cHggIWltcG9ydGFudDsKcGFkZGluZzogMHB4IDBweCAhaW1wb3J0YW50OwpwYWRkaW5nLWxlZnQ6IDBweCAhaW1wb3J0YW50Owp9CiNyYWt1dGVuTGltaXRlZElkX2Fyb3VuZENhcnQgZGl2LnNob3BCb29rbWFya0FyZWEgZGl2LnNob3BCa20gYS5hZGRTaG9wQmttIHNwYW4uc2hvcEJrbVN0YXIgewpkaXNwbGF5OiBpbmxpbmUtYmxvY2sgIWltcG9ydGFudDsKd2lkdGg6MzM1cHggIWltcG9ydGFudDsKaGVpZ2h0OjY3cHggIWltcG9ydGFudDsKbWFyZ2luLXJpZ2h0OiAwcHggIWltcG9ydGFudDsKYmFja2dyb3VuZDogdXJsKCJodHRwOi8vaW1hZ2UucmFrdXRlbi5jby5qcC9iYnRvd24vY2FiaW5ldC9yLXRvcDIvb2tpbmlpcmlfc2hvcC5naWYiKSBuby1yZXBlYXQgIWltcG9ydGFudDsKfQoKPC9zdHlsZT4KCjxzdHlsZSB0eXBlPSJ0ZXh0L2NzcyI+CjwhLS0KCmRpdiNIZWFkZXJLZXl3b3JkIHsKCXBvc2l0aW9uOmFic29sdXRlOwoJdG9wOjUwcHg7LyrkuIDnlarkuIrjgYvjgonjga7kvY3nva4qLwoJbGVmdDozMHB4Oy8q5bem56uv44GL44KJ44Gu5L2N572uKi8KfQoKZGl2I0hlYWRlcktleXdvcmQgc3BhbiB7CgliYWNrZ3JvdW5kOiAjYmYwMDAwOwoJY29sb3I6I2ZmZjsKCWZvbnQtd2VpZ2h0OmJvbGQ7CglwYWRkaW5nOjJweCA1cHg7Cn0KCmRpdiNIZWFkZXJLZXl3b3JkIGEgewoJY29sb3I6IzAwNDRDQzsKfQoKLS0+Cjwvc3R5bGU+CjwhLS0vKuiyt+OBhOeJqeOBi+OBlOS4iuODnOOCv+ODsyovCgoKc3Bhbi51bml0IHsgYmFja2dyb3VuZDogdXJsKGh0dHA6Ly9pbWFnZS5yYWt1dGVuLmNvLmpwL2JidG93bi9jYWJpbmV0L3ItdG9wMi9rYWdvX3NvdXJ5b3UyLmdpZikgbm8tcmVwZWF0IGxlZnQgdG9wOyB0ZXh0LWluZGVudDoKLTk5OTk7IGRpc3BsYXk6IGJsb2NrOyB3aWR0aDogMzM1OyBoZWlnaHQ6IDY4OyBtYXJnaW46MTVweCAwOyB9Ci0tPgo8ZGl2IGlkPSJIZWFkZXJLZXl3b3JkIiBzdHlsZT0ibGVmdDogNTBweDsgdG9wOiA4MHB4Ij4gPHNwYW4+5rOo55uu44Gu44Kt44O844Ov44O844OJPC9zcGFuPiDjg53jgqTjg7Pjg4gxMOWAjSAKICDpgIHmlpnnhKHmlpkgCiAg44OI44Os44O844OL44Oz44Kw44K344Ol44O844K6IArjg6bjg4vjg5Xjgqnjg7zjg6Djg5Hjg7Pjg4QKMjAxNiAK44Op44Oz44OL44Oz44Kw44K344Ol44O844K6IArjg4vjg6Xjg7zjg5Djg6njg7PjgrkgIAogIOODkOODg+OCr+ODkeODg+OCryAKPC9kaXY+CjxjZW50ZXI+PEJSPgoKPCEtLTIwamnjgZPjgZPjgYvjgokgLS0+CjwhLS08dGFibGUgd2lkdGg9IjczMSI+Cjx0ciBhbGlnbj0iY2VudGVyIj4gPHRkIGJnY29sb3I9IiNjYzAwMDAiIGNvbHNwYW49IjMiPjxpbWcgc3JjPSJodHRwOi8vaW1hZ2UucmFrdXRlbi5jby5qcC9iYnRvd24vY2FiaW5ldC9yLXRvcDIvMjBqaV83MzEuZ2lmIiB3aWR0aD0iNzMxIiBoZWlnaHQ9IjgyIj48L3RkPjwvdHI+CjwvdGFibGU+PGJyPi0tPgo8IS0tPGltZyBzcmM9Imh0dHA6Ly9pbWFnZS5yYWt1dGVuLmNvLmpwL2JidG93bi9jYWJpbmV0L3ItdG9wMi8yMGppXzczMS5naWYiIHdpZHRoPSI3MzAiPjxicj4gLS0+CjwhLS0KPEJSPgogLS0+CjwhLS0yMGpp44GT44GT44G+44GnIC0tPgo8IS0t44Kr44OG44K044Oq44GT44GT44GL44KJIC0tPgo8YnI+PGJyPjxicj4KPGJyPgo8IS0t44Kr44OG44K044Oq44GT44GT44G+44GnIC0tPgo8IS0t44Oh44Or44Oe44Ks44O7RkFDRUJPT0vnmbvpjLLjgZPjgZPjgYvjgokgLS0+Cjx0YWJsZSB3aWR0aD0iNzI5IiBib3JkZXI9IjAiPgo8dHIgYWxpZ249ImNlbnRlciI+IAo8dGQgYmdjb2xvcj0iI2ZmZmZmZiI+IAo8aW1nIHNyYz0iaHR0cDovL2ltYWdlLnJha3V0ZW4uY28uanAvYmJ0b3duL2NhYmluZXQvci10b3AyL21haWxfc21hLmdpZiIgd2lkdGg9IjM1MCIgaGVpZ2h0PSIxMDAiIGFsdD0i44Oh44Or44Oe44Ks55m76YyyIj48L3RkPgo8dGQgYmdjb2xvcj0iI2ZmZmZmZiI+IAo8aW1nIHNyYz0iaHR0cDovL2ltYWdlLnJha3V0ZW4uY28uanAvYmJ0b3duL2NhYmluZXQvci10b3AyL2ZhY2VfcGMuZ2lmIiB3aWR0aD0iMzUwIiBoZWlnaHQ9IjEwMCIgYWx0PSLjg6Hjg6vjg57jgqznmbvpjLIiPjwvdGQ+CjwvdHI+CjwvdGFibGU+PGJyPgo8IS0t44Oh44Or44Oe44Ks44O7RkFDRUJPT0vnmbvpjLLjgZPjgZPjgb7jgacgLS0+CjwvY2VudGVyPgoKPCEtLSDjganjgZPjgafjgoLjg5Xjg6rjg7zjgrnjg5rjg7zjgrlzIC0tPgo8bGluayBocmVmPSJodHRwOi8vd3d3LnJha3V0ZW4ubmUuanAvZ29sZC9iYnRvd24vZWN0b29sL2FsbF9zdHlsZS5jc3MiIHJlbD0ic3R5bGVzaGVldCIgdHlwZT0idGV4dC9jc3MiPgo8IS0tIOOBqeOBk+OBp+OCguODleODquODvOOCueODmuODvOOCuWUgLS0+,5pyA5aSnNe+8heW8leOCr+ODvOODneODsyDjgr3jg4Pjgq/jgrkg44GK5b6X44GqM+i2s+e1hOOCveODg+OCr+OCueKZquODn+OCuuODjiDph47nkIPnlKjlk4Eg44OZ44O844K544Oc44O844Or44K944OD44Kv44K5IOS4gOiIrCDlpKfkurog5bCR5bm0IOOCuOODpeODi+OCoiDjgYLjgZnmpb0g44Ki44Oz44OA44O844K544OI44OD44Kt44Oz44KwIOODm+ODr+OCpOODiCDnmb0gQl9BQyDjgrvjg7zjg6sg5bCR5bm055So77ya6YeO55CD55So5ZOB44OZ44O844K544Oc44O844Or44K/44Km44Oz,6YeO55CD55So5ZOB44Of44K644OO6YeO55CD44Kw44Ot44O844OW44OQ44OD44OI44Ki44K344OD44Kv44K5U1NLTklLReOCvOODg+ODiOOCueODkeOCpOOCr+OCsOODreODvOODluOCsOODqeODlue3tOe/kuedgOa/gOWuieOCouOCpuODiOODrOODg+ODiOODnOODvOODq+OCouODs+ODgOODvOOCt+ODo+ODhOi2heeJueS+oeOCsOODqeOCs+ODs+OCsOODqeODs+ODieOCs+ODvOODiOmYsuWvkuacgOWkpzXvvIXlvJXjgq/jg7zjg53jg7Mg44K944OD44Kv44K5IOOBiuW+l+OBqjPotrPntYTjgr3jg4Pjgq/jgrnimarjg5/jgrrjg44g6YeO55CD55So5ZOBIOODmeODvOOCueODnOODvOODq+OCveODg+OCr+OCuSDkuIDoiKwg5aSn5Lq6IOWwkeW5tCDjgrjjg6Xjg4vjgqIg44GC44GZ5qW9IOOCouODs+ODgOODvOOCueODiOODg+OCreODs+OCsCDjg5vjg6/jgqTjg4gg55m9IEJfQUMg44K744O844OrIOWwkeW5tOeUqA==,44Of44K644OOIOmHjueQgyDjgr3jg4Pjgq/jgrkg6YCB5paZNDkw5YaG77yBNjQ4MOWGhuS7peS4iuOBp+mAgeaWmeeEoeaWmeOAguacgOWkpzXvvIXlvJXjgq/jg7zjg53jg7Mg44K944OD44Kv44K5IOOBiuW+l+OBqjPotrPntYTjgr3jg4Pjgq/jgrnimarjg5/jgrrjg44g6YeO55CD55So5ZOBIOODmeODvOOCueODnOODvOODq+OCveODg+OCr+OCuSDkuIDoiKwg5aSn5Lq6IOWwkeW5tCDjgrjjg6Xjg4vjgqIg44GC44GZ5qW9IOOCouODs+ODgOODvOOCueODiOODg+OCreODs+OCsCDjg5vjg6/jgqTjg4gg55m9IEJfQUMg44K744O844OrIOWwkeW5tOeUqA==[rn]
25-79872,aHR0cDovL3RzaG9wLnIxMHMuanAvYmJ0b3duL2NhYmluZXQvZ2VraXlhc3UxMy9iYWU1MTgtYmFlNTRqXy5qcGc/Zml0aW49NzAwOjcwMA==,MTA4OC4wMDAw,,44K544Od44O844OE44O744Ki44Km44OI44OJ44KiID4g6YeO55CD44O744K944OV44OI44Oc44O844OrID4g44Km44Kn44KiID4g44K944OD44Kv44K5,5pyA5aSnNe+8heW8leOCr+ODvOODneODsyDjgYrlvpfjgaoz6Laz57WE4pmqIOOCouOCt+ODg+OCr+OCuSBhc2ljcyDogJDkuYXmgKfjgqLjg4Pjg5fvvIHjgqLjg7Pjg4Djg7zjgr3jg4Pjgq/jgrkz6Laz57WEIOmHjueQg+eUqOWTgSDkuIDoiKwg5bCR5bm0IOODkeODs+ODgOOCveODg+OCr+OCuSDjgYLjgZnmpb0gQl9BQyDjgrvjg7zjg6sgU0FMRSDlsJHlubTnlKgg44K444Ol44OL44Ki,44Ki44K344OD44Kv44K5IOmHjueQgyDpgIHmlpk0OTDlhobvvIE2NDgw5YaG5Lul5LiK44Gn6YCB5paZ54Sh5paZ,PCEtLSAg44GC44GZ5qW9MeOBk+OBk+OBi+OCiSAtLT4KPEEgaHJlZj0iaHR0cDovL2V2ZW50LnJha3V0ZW4uY28uanAvYXN1cmFrdS9hYm91dC8iPjxJTUcgc3JjPSJodHRwOi8vaW1hZ2UucmFrdXRlbi5jby5qcC9iYnRvd24vY2FiaW5ldC9yLXRvcDIvYXN1cmFrdV9uZXcyLmpwZyIgYm9yZGVyPSIwIj48L0E+PEJSPgo8QSBocmVmPSJodHRwOi8vZXZlbnQucmFrdXRlbi5jby5qcC9sb2dpc3RpY3MvIj48SU1HIHNyYz0iaHR0cDovL2ltYWdlLnJha3V0ZW4uY28uanAvY29tL2ltZy9ybXMvY2FiaW5ldC9yZWNvbW1lbmRfbmV3L2ltZzAwMDA3NDc4LmpwZyIgYm9yZGVyPSIwIj48L0E+PEJSPjxCUj48QlI+CjwhLS0g44GC44GZ5qW9MeOBk+OBk+OBvuOBpyAtLT4KPGNlbnRlcj4KPEJSPgo8aW1nIHNyYz0iaHR0cDovL2ltYWdlLnJha3V0ZW4uY28uanAvYmJ0b3duL2NhYmluZXQvcmFua19pbWcvYmFlNTE4LWJhZTU0al8zMTFyYW4uZ2lmIj48QlI+CjxCUj4KPElGUkFNRSBuYW1lPSJCQlRPV04iIG1hcmdpbndpZHRoPSIwIiBtYXJnaW5oZWlnaHQ9IjAiIHNyYz0iaHR0cDovL3d3dy5yYWt1dGVuLm5lLmpwL2dvbGQvYmJ0b3duL25ldy1pZnJhbWUvMTIwNl9vbWFrZV9zb3guaHRtbCIgZnJhbWVib3JkZXI9IjAiIHdpZHRoPSI3NTAiIHNjcm9sbGluZz0iWUVTIiBoZWlnaHQ9IjE5MDAiPjwvSUZSQU1FPjxCUj4KPC9jZW50ZXI+Cjxocj48aHI+PGJyPgo8dGFibGUgd2lkdGg9Ijc1MCIgYm9yZGVyPSIwIj4KPHRyPjx0ZCBiZ2NvbG9yPSIjZmZmZmZmIiBhbGlnbj0iY2VudGVyIj4KPGEgbmFtZT0iMyI+PGltZyBzcmM9Imh0dHA6Ly9pbWFnZS5yYWt1dGVuLmNvLmpwL2JidG93bi9jYWJpbmV0L3ItdG9wMi9hc3VfYWNjX2JuNzUwLmdpZiIgYm9yZGVyPSIwIj48L2E+CjwvdGQ+PC90cj4KPHRyPjx0ZCBiZ2NvbG9yPSIjRkZGRkZGIiBhbGlnbj0iY2VudGVyIj4KPElGUkFNRSBuYW1lPSJCQlRPV04iIG1hcmdpbndpZHRoPSIwIiBtYXJnaW5oZWlnaHQ9IjAiIHNyYz0iaHR0cDovL3d3dy5yYWt1dGVuLm5lLmpwL2dvbGQvYmJ0b3duL2Vjc3RhdGlvbi9zaG93Y2FzZS9hc3VyYWt1X3Jlbl9zYi5odG1sIiBmcmFtZWJvcmRlcj0iMCIgd2lkdGg9Ijc1MCIgc2Nyb2xsaW5nPSJhdXRvIiBoZWlnaHQ9IjEwMDAiPjwvSUZSQU1FPjxicj48YnI+CjwvdGQ+PC90cj4KPC90YWJsZT4KPCEtLSAg44GC44GZ5qW9MuOBk+OBk+OBi+OCiSAtLT4KPEJSPjxCUj4KPEEgaHJlZj0iaHR0cDovL2V2ZW50LnJha3V0ZW4uY28uanAvYXN1cmFrdS9hYm91dC8iPjxJTUcgc3JjPSJodHRwOi8vaW1hZ2UucmFrdXRlbi5jby5qcC9iYnRvd24vY2FiaW5ldC9yLXRvcDIvYXN1cmFrdV8wMzI3LmdpZiIgYm9yZGVyPSIwIj48L0E+PEJSPjxCUj4KPCEtLSDjgYLjgZnmpb0y44GT44GT44G+44GnIC0tPjwhLS0gU1Pjgqjjg7Pjg4jjg6rjg7xQQy1zIC0tPjwhLS0gCjxmb250IGNvbG9yPSIjZmYwMDAwIiBzaXplPSI0Ij7ihpPjgqjjg7Pjg4jjg6rjg7zjga7jgYrlv5jjgozjga/jgYLjgorjgb7jgZvjgpPjgYvvvJ/ihpM8L2ZvbnQ+PGJyPgo8aW1nIHNyYz0iaHR0cDovL2ltYWdlLnJha3V0ZW4uY28uanAvYmJ0b3duL2NhYmluZXQvc3MxMjAyYmFubmVyL3Jha3V0ZW5fdHVsZV8xMjA1c3MuanBnIiBib3JkZXI9IjAiIHdpZHRoPSIzNTAiPjxicj4KIC0tPjwhLS0gU1Pjgqjjg7Pjg4jjg6rjg7xQQy1lIC0tPgo8YnI+CjwhLS0g44Op44OD44OU44Oz44Kw6KqY5bCOLXMgLS0+CiA8Zm9udCBjb2xvcj0iI2ZmMDAwMCIgc2l6ZT0iNCI+4oaT44Op44OD44OU44Oz44KwKDI3MOWGhi/nqI7ovrwp44Gu44GU5rOo5paH44Gv44Kz44OB44Op4oaTPC9mb250Pjxicj4KPGltZyBzcmM9Imh0dHA6Ly9pbWFnZS5yYWt1dGVuLmNvLmpwL2JidG93bi9jYWJpbmV0L3ItdG9wMi93cmFwcGluZ182MTZfMS5qcGciIGJvcmRlcj0iMCIgd2lkdGg9IjM1MCI+PGJyPgo8IS0tIOODqeODg+ODlOODs+OCsOiqmOWwji1lIC0tPgo8YnI+CjwhLS0g44Ku44OV44OI6Zai6YCj5qSc57Si44Ov44O844OJLXMgLS0+CiDjgJDmpJzntKLjg6/jg7zjg4nvvJrjg6njg4Pjg5Tjg7PjgrAg6LSI44KK44KC44GuIOi0iOOCiueJqSDotIjniakg6LSI562U5ZOBIOODl+ODrOOCvOODs+ODiCDjgq7jg5Xjg4gg44GK56Wd44GEIOiomOW/teWTgSDljZLmpa0g5Y2S5Zuj44CRIAo8IS0tIOOCruODleODiOmWoumAo+aknOe0ouODr+ODvOODiS1zIC0tPjxicj4KCjwhLS3jgYrosrfjgYTnianjgqzjgqTjg4njgZPjgZPjgYvjgokgLS0+CjxpbWcgc3JjPSJodHRwczovL2ltYWdlLnJha3V0ZW4uY28uanAvYmJ0b3duL2NhYmluZXQvci10b3AzL3BjX2NhcnRfMDUyNS5naWYiIGJvcmRlcj0iMCIgd2lkdGg9IjQwMCI+PGJyPgoKPCEtLeOBiuiyt+OBhOeJqeOCrOOCpOODieOBk+OBk+OBvuOBpyAtLT4KPCEtLSBldmktcyAtLT7imIXjg6Hjg7zjgqvjg7zluIzmnJvlsI/lo7LkvqHmoLzjga/jg6Hjg7zjgqvjg7zjgqvjgr/jg63jgrDjgavln7rjgaXjgYTjgabmjrLovInjgZfjgabjgYTjgb7jgZk8QlI+PEJSPjwhLS0gZXZpLWUgLS0+PCEtLSBhcmVhMCBCIC0tPgo8IS0tIGFyZWEwIEUgLS0+Cjxicj4KPHRhYmxlIGJvcmRlcj0iMCIgd2lkdGg9IjI2MCIgY2VsbHBhZGRpbmc9IjIiIGNlbGxzcGFjaW5nPSIwIj4KICA8dHI+IAogICAgPHRkIGFsaWduPSJsZWZ0Ij4gPHRhYmxlIGNlbGxwYWRkaW5nPSIxIiB3aWR0aD0iMTAwJSI+CiAgICAgICAgPHRyPiAKICAgICAgICAgIDx0ZCB2YWxpZ249InRvcCIgYWxpZ249ImxlZnQiPiA8dGFibGUgYm9yZGVyPSIwIiBjZWxscGFkZGluZz0iNCIgY2VsbHNwYWNpbmc9IjAiIHdpZHRoPSI5NSUiPgogICAgICAgICAgICAgIDx0cj4gCiAgICAgICAgICAgICAgICA8dGQgYmdjb2xvcj0iIzAwMDA5OSI+PGI+PGZvbnQgY29sb3I9IiNmZmZmZmYiIHNpemU9IjIiPuWVhuWTgeiqrOaYjjwvZm9udD48L2I+PC90ZD4KICAgICAgICAgICAgICA8L3RyPgogICAgICAgICAgICAgIDxUUj4gCiAgICAgICAgICAgICAgICA8VEQ+PGZvbnQgc2l6ZT0iMiIgY29sb3I9IiMwMDAwOTkiPjxiPuiAkOS5heaAp+OBjOOCouODg+ODl+OBl+OBnzPotrPntYTjgqLjg7Pjg4Djg7zjgr3jg4Pjgq/jgrnjgIIgPC9iPjwvZm9udD48L1REPgogICAgICAgICAgICAgIDwvVFI+CiAgICAgICAgICAgICAgPFRSPiAKICAgICAgICAgICAgICAgIDxURD48Zm9udCBzaXplPSIyIj4g4peP57Sg5p2Q77ya44Od44Oq44Ko44K544OG44Or44O757a/44O744Gd44Gu5LuWPGJyPgogICAgICAgICAgICAgICAgICDil4/jgqvjg6njg7zvvJooMDE5MCnjg5vjg6/jgqTjg4jDl+ODluODqeODg+OCrzxicj4KICAgICAgICAgICAgICAgICAg4peP44K144Kk44K677yaPGJyPgogICAgICAgICAgICAgICAgICAyMCgxOS0yMWNtKeOAgTIyKDIxLTIzY20p44CBMjQoMjMtMjVjbSnjgIEyNigyNe+9njI3Y20p44CBMjgoMjfvvZ4yOWNtKTxicj4KICAgICAgICAgICAgICAgICAg4peP55Sf55Sj5Zu977ya5Lit5Zu9PGJyPgogIOKXj2FzaWNzIEJBU0VCQUxM44CBPGJyPuOCuOODpeODi+OCoueUqOOAgeS4gOiIrOeUqOOCveODg+OCr+OCuSDlpKfkurog44Kt44OD44K6IOWtkOS+myDlrZDjganjgoIg6YeO55CDIOOCveODleODiOODnOODvOODqyAz6Laz57WE44K944OD44Kv44K5IDNQ44K944OD44Kv44K5IOOCouODs+ODgOODvOOCueODiOODg+OCreODs+OCsCDjgYrlvpcg44GK6LK344GE5b6XIOOCu+ODg+ODiCBCQUU1NEotMDEgQkFFNTRKLTAxOTAgQkFFNTE4LTAxIEJBRTUxOC0wMTkwPC9mb250PjwvVEQ+CiAgICAgICAgICAgICAgPC9UUj4KICAgICAgICAgICAgICA8IS0tIGFyZWExIEIgLS0+CiAgICAgICAgICAgICAgPCEtLSBhcmVhMSBFIC0tPgogICAgICAgICAgICAgIDwhLS0gYXJlYTIgQiAtLT4KICAgICAgICAgICAgICA8IS0tIGFyZWEyIEUgLS0+CiAgICAgICAgICAgICAgPCEtLSBhcmVhMyBCIC0tPgogICAgICAgICAgICAgIDxUUj4gCiAgICAgICAgICAgICAgICA8VEQ+PGZvbnQgc2l6ZT0iMiIgY29sb3I9IiNmZjAwMDAiPuKAu+eJueS+oeWTgeOBrueCuuOAgei/lOWTgeODu+S6pOaPm+OBr+WHuuadpeOBvuOBm+OCk+OAguS6iOOCgeOBlOS6huaJv+OBj+OBoOOBleOBhOOAgjwvZm9udD48L1REPgogICAgICAgICAgICAgIDwvVFI+CiAgICAgICAgICAgICAgPCEtLSBhcmVhMyBFIC0tPgogICAgICAgICAgICA8L3RhYmxlPjwvdGQ+CiAgICAgICAgPC90cj4KICAgICAgPC90YWJsZT48L3RkPgogIDwvdHI+CjwvdGFibGU+PHN0eWxlIHR5cGU9InRleHQvY3NzIj4KPCEtLQoKc3Bhbi5jYXRjaF9jb3B5LApzcGFuLml0ZW1fbmFtZSB7CiAgbGluZS1oZWlnaHQ6IDE4MCU7Cn0KCgovKiDllYblk4HlkI3kuIvjgavlooPnlYznt5rjgYzlhaXjgosgKi8Kc3Bhbi5pdGVtX25hbWUgewogICAgZGlzcGxheTogYmxvY2s7CiAgICBib3JkZXItYm90dG9tOiAycHggZG90dGVkICNkZGQ7CiAgICBwYWRkaW5nLWJvdHRvbTogOHB4Owp9CgovKiDkvqHmoLzjgavmnqDnt5rjgYzjgaTjgY8gKi8KdGFibGUjcmFrdXRlbkxpbWl0ZWRJZF9jYXJ0IHsKICAgIGJhY2tncm91bmQtY29sb3I6ICNmOGY4Zjg7CiAgICBib3JkZXI6IDFweCBzb2xpZCAjZGRkOwogICAgcGFkZGluZzogOHB4OwogICAgbWFyZ2luOiAxNnB4IDA7Cn0KCnNwYW4ucHJpY2UxIHsKICAgIGNvbG9yOiAjMzMzICFpbXBvcnRhbnQ7CiAgICBmb250LXdlaWdodDogYm9sZDsKICAgIGZvbnQtc2l6ZTogODAlICFpbXBvcnRhbnQ7CiAgICBsaW5lLWhlaWdodDogMzBweDsKICAgIGRpc3BsYXk6IGlubGluZS1ibG9jazsKICAgIG1hcmdpbi1yaWdodDogMTZweDsKfQoKLS0+Cjwvc3R5bGU+Cgo8c3R5bGUgdHlwZT0idGV4dC9jc3MiPgoKPC9zdHlsZT4KPHN0eWxlIHR5cGU9InRleHQvY3NzIj4KLyrosrfjgYTnianjgYvjgZTjgavlhaXjgozjgovjg5zjgr/jg7MqLwojcmFrdXRlbkxpbWl0ZWRJZF9hcm91bmRDYXJ0IGlucHV0W3ZhbHVlPSLosrfjgYTnianjgYvjgZTjgavlhaXjgozjgosiXXsKYmFja2dyb3VuZDogdXJsKCJodHRwOi8vaW1hZ2UucmFrdXRlbi5jby5qcC9iYnRvd24vY2FiaW5ldC9yLXRvcDIvY2FydC5naWYiKSBsZWZ0IHRvcCBuby1yZXBlYXQ7CndpZHRoOjMzNnB4OwpoZWlnaHQ6NjdweDsKdGV4dC1pbmRlbnQ6MTAwJTsKd2hpdGUtc3BhY2U6bm93cmFwOwpvdmVyZmxvdzpoaWRkZW47CmJvcmRlcjogbm9uZTsKcGFkZGluZzowOwptYXJnaW4tdG9wOjVweCAwOwpjdXJzb3I6cG9pbnRlcjsKfQojcmFrdXRlbkxpbWl0ZWRJZF9hcm91bmRDYXJ0IHRib2R5IHRyIHRkIGlucHV0OmhvdmVyewphbHBoYShvcGFjaXR5PTgpOwotbW96LW9wYWNpdHk6MC44OwpvcGFjaXR5OjAuODsKY3Vyc29yOnBvaW50ZXI7Cn0KPC9zdHlsZT4KCjxzdHlsZSB0eXBlPSJ0ZXh0L2NzcyI+CgovKiDjgYrmsJfjgavlhaXjgorllYblk4Hlt67jgZfmm7/jgYjjgr/jgrAgKi8KI3Jha3V0ZW5MaW1pdGVkSWRfYXJvdW5kQ2FydCAjc2VydmljZVRhYmxlU21sIHRkLmZhdm9yaXRlIHsKcGFkZGluZy10b3A6IDVweDsKfQojcmFrdXRlbkxpbWl0ZWRJZF9hcm91bmRDYXJ0IGRpdi5ib29rbWFya0FyZWEgZGl2LmJrbSB7CndpZHRoOjM0NXB4ICFpbXBvcnRhbnQ7CmhlaWdodDozMTBweCAhaW1wb3J0YW50OwpwYWRkaW5nOiAwcHggMHB4IDEwcHggMHB4ICFpbXBvcnRhbnQ7Cn0KI3Jha3V0ZW5MaW1pdGVkSWRfYXJvdW5kQ2FydCBkaXYuYm9va21hcmtBcmVhIGRpdi5ia20gYS5hZGRCa20gewp3aWR0aDozNDVweCAhaW1wb3J0YW50OwpoZWlnaHQ6MzEwcHggIWltcG9ydGFudDsKfQojcmFrdXRlbkxpbWl0ZWRJZF9hcm91bmRDYXJ0IGRpdi5ib29rbWFya0FyZWEgZGl2LmJrbSBhLmFkZEJrbSBzcGFuLmJrbVN0YXIgewpkaXNwbGF5OiBpbmxpbmUtYmxvY2sgIWltcG9ydGFudDsKd2lkdGg6MzQ1cHggIWltcG9ydGFudDsKaGVpZ2h0OjMxMHB4ICFpbXBvcnRhbnQ7Cm1hcmdpbjowcHggMHB4IDEwcHggMHB4ICFpbXBvcnRhbnQ7CmJhY2tncm91bmQ6IHVybCgiaHR0cDovL2ltYWdlLnJha3V0ZW4uY28uanAvYmJ0b3duL2NhYmluZXQvci10b3AyL29raW5paXJpX2l0ZW0uZ2lmIikgbm8tcmVwZWF0ICFpbXBvcnRhbnQ7Cn0KCi8qIOOBiuawl+OBq+WFpeOCiuOCt+ODp+ODg+ODl+W3ruOBl+abv+OBiOOCv+OCsCAqLwpkaXYuYm9va21hcmtBcmVhIHsKd2lkdGg6MzM1cHggIWltcG9ydGFudDsKfQojcmFrdXRlbkxpbWl0ZWRJZF9hcm91bmRDYXJ0IGRpdi5zaG9wQm9va21hcmtBcmVhIGRpdi5zaG9wQmttIHsKd2lkdGg6MzM1cHggIWltcG9ydGFudDsKaGVpZ2h0OjY3cHggIWltcG9ydGFudDsKcGFkZGluZzogMHB4IDBweCAhaW1wb3J0YW50OwpwYWRkaW5nLWxlZnQ6IDBweCAhaW1wb3J0YW50Owp9CiNyYWt1dGVuTGltaXRlZElkX2Fyb3VuZENhcnQgZGl2LnNob3BCb29rbWFya0FyZWEgZGl2LnNob3BCa20gYS5hZGRTaG9wQmttIHNwYW4uc2hvcEJrbVN0YXIgewpkaXNwbGF5OiBpbmxpbmUtYmxvY2sgIWltcG9ydGFudDsKd2lkdGg6MzM1cHggIWltcG9ydGFudDsKaGVpZ2h0OjY3cHggIWltcG9ydGFudDsKbWFyZ2luLXJpZ2h0OiAwcHggIWltcG9ydGFudDsKYmFja2dyb3VuZDogdXJsKCJodHRwOi8vaW1hZ2UucmFrdXRlbi5jby5qcC9iYnRvd24vY2FiaW5ldC9yLXRvcDIvb2tpbmlpcmlfc2hvcC5naWYiKSBuby1yZXBlYXQgIWltcG9ydGFudDsKfQoKPC9zdHlsZT4KCjxzdHlsZSB0eXBlPSJ0ZXh0L2NzcyI+CjwhLS0KCmRpdiNIZWFkZXJLZXl3b3JkIHsKCXBvc2l0aW9uOmFic29sdXRlOwoJdG9wOjUwcHg7LyrkuIDnlarkuIrjgYvjgonjga7kvY3nva4qLwoJbGVmdDozMHB4Oy8q5bem56uv44GL44KJ44Gu5L2N572uKi8KfQoKZGl2I0hlYWRlcktleXdvcmQgc3BhbiB7CgliYWNrZ3JvdW5kOiAjYmYwMDAwOwoJY29sb3I6I2ZmZjsKCWZvbnQtd2VpZ2h0OmJvbGQ7CglwYWRkaW5nOjJweCA1cHg7Cn0KCmRpdiNIZWFkZXJLZXl3b3JkIGEgewoJY29sb3I6IzAwNDRDQzsKfQoKLS0+Cjwvc3R5bGU+CjwhLS0vKuiyt+OBhOeJqeOBi+OBlOS4iuODnOOCv+ODsyovCgoKc3Bhbi51bml0IHsgYmFja2dyb3VuZDogdXJsKGh0dHA6Ly9pbWFnZS5yYWt1dGVuLmNvLmpwL2JidG93bi9jYWJpbmV0L3ItdG9wMi9rYWdvX3NvdXJ5b3UyLmdpZikgbm8tcmVwZWF0IGxlZnQgdG9wOyB0ZXh0LWluZGVudDoKLTk5OTk7IGRpc3BsYXk6IGJsb2NrOyB3aWR0aDogMzM1OyBoZWlnaHQ6IDY4OyBtYXJnaW46MTVweCAwOyB9Ci0tPgo8ZGl2IGlkPSJIZWFkZXJLZXl3b3JkIiBzdHlsZT0ibGVmdDogNTBweDsgdG9wOiA4MHB4Ij4gPHNwYW4+5rOo55uu44Gu44Kt44O844Ov44O844OJPC9zcGFuPiDjg53jgqTjg7Pjg4gxMOWAjSAKICDpgIHmlpnnhKHmlpkgCiAg44OI44Os44O844OL44Oz44Kw44K344Ol44O844K6IArjg6bjg4vjg5Xjgqnjg7zjg6Djg5Hjg7Pjg4QKMjAxNiAK44Op44Oz44OL44Oz44Kw44K344Ol44O844K6IArjg4vjg6Xjg7zjg5Djg6njg7PjgrkgIAogIOODkOODg+OCr+ODkeODg+OCryAKPC9kaXY+CjxjZW50ZXI+PEJSPgoKPCEtLTIwamnjgZPjgZPjgYvjgokgLS0+CjwhLS08dGFibGUgd2lkdGg9IjczMSI+Cjx0ciBhbGlnbj0iY2VudGVyIj4gPHRkIGJnY29sb3I9IiNjYzAwMDAiIGNvbHNwYW49IjMiPjxpbWcgc3JjPSJodHRwOi8vaW1hZ2UucmFrdXRlbi5jby5qcC9iYnRvd24vY2FiaW5ldC9yLXRvcDIvMjBqaV83MzEuZ2lmIiB3aWR0aD0iNzMxIiBoZWlnaHQ9IjgyIj48L3RkPjwvdHI+CjwvdGFibGU+PGJyPi0tPgo8IS0tPGltZyBzcmM9Imh0dHA6Ly9pbWFnZS5yYWt1dGVuLmNvLmpwL2JidG93bi9jYWJpbmV0L3ItdG9wMi8yMGppXzczMS5naWYiIHdpZHRoPSI3MzAiPjxicj4gLS0+CjwhLS0KPEJSPgogLS0+CjwhLS0yMGpp44GT44GT44G+44GnIC0tPgo8IS0t44Kr44OG44K044Oq44GT44GT44GL44KJIC0tPgo8YnI+PGJyPjxicj4KPGJyPgo8IS0t44Kr44OG44K044Oq44GT44GT44G+44GnIC0tPgo8IS0t44Oh44Or44Oe44Ks44O7RkFDRUJPT0vnmbvpjLLjgZPjgZPjgYvjgokgLS0+Cjx0YWJsZSB3aWR0aD0iNzI5IiBib3JkZXI9IjAiPgo8dHIgYWxpZ249ImNlbnRlciI+IAo8dGQgYmdjb2xvcj0iI2ZmZmZmZiI+IAo8aW1nIHNyYz0iaHR0cDovL2ltYWdlLnJha3V0ZW4uY28uanAvYmJ0b3duL2NhYmluZXQvci10b3AyL21haWxfc21hLmdpZiIgd2lkdGg9IjM1MCIgaGVpZ2h0PSIxMDAiIGFsdD0i44Oh44Or44Oe44Ks55m76YyyIj48L3RkPgo8dGQgYmdjb2xvcj0iI2ZmZmZmZiI+IAo8aW1nIHNyYz0iaHR0cDovL2ltYWdlLnJha3V0ZW4uY28uanAvYmJ0b3duL2NhYmluZXQvci10b3AyL2ZhY2VfcGMuZ2lmIiB3aWR0aD0iMzUwIiBoZWlnaHQ9IjEwMCIgYWx0PSLjg6Hjg6vjg57jgqznmbvpjLIiPjwvdGQ+CjwvdHI+CjwvdGFibGU+PGJyPgo8IS0t44Oh44Or44Oe44Ks44O7RkFDRUJPT0vnmbvpjLLjgZPjgZPjgb7jgacgLS0+CjwvY2VudGVyPgoKPCEtLSDjganjgZPjgafjgoLjg5Xjg6rjg7zjgrnjg5rjg7zjgrlzIC0tPgo8bGluayBocmVmPSJodHRwOi8vd3d3LnJha3V0ZW4ubmUuanAvZ29sZC9iYnRvd24vZWN0b29sL2FsbF9zdHlsZS5jc3MiIHJlbD0ic3R5bGVzaGVldCIgdHlwZT0idGV4dC9jc3MiPgo8IS0tIOOBqeOBk+OBp+OCguODleODquODvOOCueODmuODvOOCuWUgLS0+,5pyA5aSnNe+8heW8leOCr+ODvOODneODsyDjgYrlvpfjgaoz6Laz57WE4pmqIOOCouOCt+ODg+OCr+OCuSBhc2ljcyDogJDkuYXmgKfjgqLjg4Pjg5fvvIHjgqLjg7Pjg4Djg7zjgr3jg4Pjgq/jgrkz6Laz57WEIOmHjueQg+eUqOWTgSDkuIDoiKwg5bCR5bm0IOODkeODs+ODgOOCveODg+OCr+OCuSDjgYLjgZnmpb0gQl9BQyDjgrvjg7zjg6sgU0FMRSDlsJHlubTnlKgg44K444Ol44OL44Ki77ya6YeO55CD55So5ZOB44OZ44O844K544Oc44O844Or44K/44Km44Oz,6YeO55CD55So5ZOB44Of44K644OO6YeO55CD44Kw44Ot44O844OW44OQ44OD44OI44Ki44K344OD44Kv44K5U1NLTklLReOCvOODg+ODiOOCueODkeOCpOOCr+OCsOODreODvOODluOCsOODqeODlue3tOe/kuedgOa/gOWuieOCouOCpuODiOODrOODg+ODiOODnOODvOODq+OCouODs+ODgOODvOOCt+ODo+ODhOi2heeJueS+oeOCsOODqeOCs+ODs+OCsOODqeODs+ODieOCs+ODvOODiOmYsuWvkuacgOWkpzXvvIXlvJXjgq/jg7zjg53jg7Mg44GK5b6X44GqM+i2s+e1hOKZqiDjgqLjgrfjg4Pjgq/jgrkgYXNpY3Mg6ICQ5LmF5oCn44Ki44OD44OX77yB44Ki44Oz44OA44O844K944OD44Kv44K5M+i2s+e1hCDph47nkIPnlKjlk4Eg5LiA6IisIOWwkeW5tCDjg5Hjg7Pjg4Djgr3jg4Pjgq/jgrkg44GC44GZ5qW9IEJfQUMg44K744O844OrIFNBTEUg5bCR5bm055SoIOOCuOODpeODi+OCog==,44Ki44K344OD44Kv44K5IOmHjueQgyDpgIHmlpk0OTDlhobvvIE2NDgw5YaG5Lul5LiK44Gn6YCB5paZ54Sh5paZ44CC5pyA5aSnNe+8heW8leOCr+ODvOODneODsyDjgYrlvpfjgaoz6Laz57WE4pmqIOOCouOCt+ODg+OCr+OCuSBhc2ljcyDogJDkuYXmgKfjgqLjg4Pjg5fvvIHjgqLjg7Pjg4Djg7zjgr3jg4Pjgq/jgrkz6Laz57WEIOmHjueQg+eUqOWTgSDkuIDoiKwg5bCR5bm0IOODkeODs+ODgOOCveODg+OCr+OCuSDjgYLjgZnmpb0gQl9BQyDjgrvjg7zjg6sgU0FMRSDlsJHlubTnlKgg44K444Ol44OL44Ki[rn]
25-79873,aHR0cDovL3RzaG9wLnIxMHMuanAvYmJ0b3duL2NhYmluZXQvMjAxN2NhLzY1c3lhMTczMS5qcGc/Zml0aW49NzAwOjcwMA==,Nzk5LjIwMDA=,,44K544Od44O844OE44O744Ki44Km44OI44OJ44KiID4g6YeO55CD44O744K944OV44OI44Oc44O844OrID4g44Km44Kn44KiID4g44K944OD44Kv44K5,5pyA5aSnNe+8heW8leOCr+ODvOODneODsyAz6Laz57WE44K944OD44Kv44K5IOmHjueQg+eUqOWTgSBTU0sg44Ob44Ov44Kk44OIIDE5Y23vvZ4yOWNtIDIwMTcg44K444Ol44OL44Ki55SoIOS4gOiIrOeUqCDnmb0g6Z205LiLIOWtkOOBqeOCgiDlpKfkurog44GC44GZ5qW9IOWwkeW5tOeUqA==,6YCB5paZNDkw5YaG77yBNjQ4MOWGhuS7peS4iuOBp+mAgeaWmeeEoeaWmQ==,PCEtLeOBiuiyt+OBhOeJqeOCrOOCpOODieOBk+OBk+OBi+OCiSAtLT4KPGltZyBzcmM9Imh0dHBzOi8vaW1hZ2UucmFrdXRlbi5jby5qcC9iYnRvd24vY2FiaW5ldC9yLXRvcDMvcGNfY2FydF8wNTI1LmdpZiIgYm9yZGVyPSIwIiB3aWR0aD0iNDAwIj48YnI+CjwhLS3jgYrosrfjgYTnianjgqzjgqTjg4njgZPjgZPjgb7jgacgLS0+CjwhLS0gZXZpLXMgLS0+ICAgIAog4piF44Oh44O844Kr44O85biM5pyb5bCP5aOy5L6h5qC844Gv44Oh44O844Kr44O844Kr44K/44Ot44Kw44Gr5Z+644Gl44GE44Gm5o6y6LyJ44GX44Gm44GE44G+44GZPGJyPgo8YnI+CjwhLS0gZXZpLWUgLS0+CjwhLS0gYXJlYTAgQiAtLT4gICAgIAo8IS0tIGFyZWEwIEUgLS0+ICAgICAKPHRhYmxlIGJvcmRlcj0iMCIgd2lkdGg9IjcwMCIgY2VsbHBhZGRpbmc9IjIiIGNlbGxzcGFjaW5nPSIwIj4KICA8dHI+CiAgICA8dGQgYWxpZ249ImxlZnQiPgogICAgICA8dGFibGUgY2VsbHBhZGRpbmc9IjEiIHdpZHRoPSIxMDAlIj4KICAgICAgICA8dHI+CiAgICAgICAgICA8dGQgdmFsaWduPSJ0b3AiIGFsaWduPSJsZWZ0Ij4KICAgICAgICAgICAgPHRhYmxlIGJvcmRlcj0iMCIgY2VsbHBhZGRpbmc9IjQiIGNlbGxzcGFjaW5nPSIwIiB3aWR0aD0iOTUlIj4KICAgICAgICAgICAgICA8dHI+CiAgICAgICAgICAgICAgICA8dGQgYmdjb2xvcj0iIzAwMDA5OSI+PGI+PGZvbnQgY29sb3I9IiNmZmZmZmYiIHNpemU9IjIiPuWVhuWTgeiqrOaYjjwvZm9udD48L2I+PC90ZD4KICAgICAgICAgICAgICA8L3RyPgogICAgICAgICAgICAgIDwhLS0gYXJlYTEgQiAtLT4KICAgICAgICAgICAgICA8dHI+CiAgICAgICAgICAgICAgICA8dGQ+PGRpdiBjbGFzcz0idGV4dDIiIGFsaWduPSJsZWZ0Ij48Zm9udCBzaXplPSIyIiBjb2xvcj0iIzAwMDA5OSI+PGI+56Oo44KK5rib44KK44KE44GZ44GE44CB44Gk44G+5YWI44CB44GL44GL44Go6YOo44Gr44OI44Oq44OX44Or6KOc5by344KS5pa944GX44GfM+i2s+e1hOOCveODg+OCr+OCueOAgjwvYj48L2ZvbnQ+PC9kaXY+PC90ZD4KICAgICAgICAgICAgICA8L3RyPgogICAgICAgICAgICAgIDwhLS0gYXJlYTEgRSAtLT4KICAgICAgICAgICAgICA8IS0tIGFyZWEyIEIgLS0+CiAgICAgICAgICAgICAgPHRyPgogICAgICAgICAgICAgICAgPHRkIGFsaWduPSJsZWZ0Ij48Zm9udCBzaXplPSIyIj7il4/jgqvjg6njg7zvvJrjg5vjg6/jgqTjg4goMTApPGJyPgogICAgICAgICAgICAgICAgICDil4/jgrXjgqTjgrrvvJoxOe+9njIxY23jgIEyMe+9njI0Y23jgIEyNO+9njI3Y23jgIEyNu+9njI5Y208YnI+CiAgICAgICAgICAgICAgICAgIOKXj+e0oOadkO+8muODneODquOCqOOCueODhuODq+ODu+e2v+ODu+ODneODquOCpuODrOOCv+ODszxicj4KICAgICAgICAgICAgICAgICAg4peP5Lit5Zu96KO9PGJyPgogICAgICAgICAgICAgICAgICDil4/jgqjjgrnjgqjjgrnjgrHjgqQg6YeO55CD55So5ZOBIOOCveODleODiOODnOODvOODq+eUqOWTgSDjgr3jg4Pjgq/jgrkg6Z205LiLIOS4gOiIrOeUqCDlpKfkurrnlKgg5bCP5a2m55SfIOOCreODg+OCuiDlrZDjganjgoLnlKggM+i2s+e1hOOCveODg+OCr+OCuSAzUOOCveODg+OCr+OCuSDjgqLjg7Pjg4Djg7zjgrnjg4jjg4Pjgq3jg7PjgrAg44GK5b6XIOOBiuiyt+OBhOW+lyDjgrvjg4Pjg4g8YnI+CiAgICAgICAgICAgICAgICAgIDwvZm9udD48L3RkPgogICAgICAgICAgICAgIDwvdHI+CiAgICAgICAgICAgICAgPCEtLSBhcmVhMiBFIC0tPgogICAgICAgICAgICAgIDwhLS0gYXJlYTMgQiAtLT4KICAgICAgICAgICAgICA8IS0tIGFyZWEzIEUgLS0+CiAgICAgICAgICAgIDwvdGFibGU+CiAgICAgICAgICA8L3RkPgogICAgICAgIDwvdHI+CiAgICAgIDwvdGFibGU+CiAgICA8L3RkPgogIDwvdHI+CjwvdGFibGU+Cjxicj4K44CQ44Oh44O844Kr44O85ZOB55Wq77yaIFlBMTczMS0xMCBZQTE3MzQtMTAgWUExNzM3LTEwIFlBMTczOS0xMCDjgJE8c3R5bGUgdHlwZT0idGV4dC9jc3MiPgo8IS0tCgpzcGFuLmNhdGNoX2NvcHksCnNwYW4uaXRlbV9uYW1lIHsKICBsaW5lLWhlaWdodDogMTgwJTsKfQoKCi8qIOWVhuWTgeWQjeS4i+OBq+Wig+eVjOe3muOBjOWFpeOCiyAqLwpzcGFuLml0ZW1fbmFtZSB7CiAgICBkaXNwbGF5OiBibG9jazsKICAgIGJvcmRlci1ib3R0b206IDJweCBkb3R0ZWQgI2RkZDsKICAgIHBhZGRpbmctYm90dG9tOiA4cHg7Cn0KCi8qIOS+oeagvOOBq+aeoOe3muOBjOOBpOOBjyAqLwp0YWJsZSNyYWt1dGVuTGltaXRlZElkX2NhcnQgewogICAgYmFja2dyb3VuZC1jb2xvcjogI2Y4ZjhmODsKICAgIGJvcmRlcjogMXB4IHNvbGlkICNkZGQ7CiAgICBwYWRkaW5nOiA4cHg7CiAgICBtYXJnaW46IDE2cHggMDsKfQoKc3Bhbi5wcmljZTEgewogICAgY29sb3I6ICMzMzMgIWltcG9ydGFudDsKICAgIGZvbnQtd2VpZ2h0OiBib2xkOwogICAgZm9udC1zaXplOiA4MCUgIWltcG9ydGFudDsKICAgIGxpbmUtaGVpZ2h0OiAzMHB4OwogICAgZGlzcGxheTogaW5saW5lLWJsb2NrOwogICAgbWFyZ2luLXJpZ2h0OiAxNnB4Owp9CgotLT4KPC9zdHlsZT4KCjxzdHlsZSB0eXBlPSJ0ZXh0L2NzcyI+Cgo8L3N0eWxlPgo8c3R5bGUgdHlwZT0idGV4dC9jc3MiPgovKuiyt+OBhOeJqeOBi+OBlOOBq+WFpeOCjOOCi+ODnOOCv+ODsyovCiNyYWt1dGVuTGltaXRlZElkX2Fyb3VuZENhcnQgaW5wdXRbdmFsdWU9Iuiyt+OBhOeJqeOBi+OBlOOBq+WFpeOCjOOCiyJdewpiYWNrZ3JvdW5kOiB1cmwoImh0dHA6Ly9pbWFnZS5yYWt1dGVuLmNvLmpwL2JidG93bi9jYWJpbmV0L3ItdG9wMi9jYXJ0LmdpZiIpIGxlZnQgdG9wIG5vLXJlcGVhdDsKd2lkdGg6MzM2cHg7CmhlaWdodDo2N3B4Owp0ZXh0LWluZGVudDoxMDAlOwp3aGl0ZS1zcGFjZTpub3dyYXA7Cm92ZXJmbG93OmhpZGRlbjsKYm9yZGVyOiBub25lOwpwYWRkaW5nOjA7Cm1hcmdpbi10b3A6NXB4IDA7CmN1cnNvcjpwb2ludGVyOwp9CiNyYWt1dGVuTGltaXRlZElkX2Fyb3VuZENhcnQgdGJvZHkgdHIgdGQgaW5wdXQ6aG92ZXJ7CmFscGhhKG9wYWNpdHk9OCk7Ci1tb3otb3BhY2l0eTowLjg7Cm9wYWNpdHk6MC44OwpjdXJzb3I6cG9pbnRlcjsKfQo8L3N0eWxlPgoKPHN0eWxlIHR5cGU9InRleHQvY3NzIj4KCi8qIOOBiuawl+OBq+WFpeOCiuWVhuWTgeW3ruOBl+abv+OBiOOCv+OCsCAqLwojcmFrdXRlbkxpbWl0ZWRJZF9hcm91bmRDYXJ0ICNzZXJ2aWNlVGFibGVTbWwgdGQuZmF2b3JpdGUgewpwYWRkaW5nLXRvcDogNXB4Owp9CiNyYWt1dGVuTGltaXRlZElkX2Fyb3VuZENhcnQgZGl2LmJvb2ttYXJrQXJlYSBkaXYuYmttIHsKd2lkdGg6MzQ1cHggIWltcG9ydGFudDsKaGVpZ2h0OjMxMHB4ICFpbXBvcnRhbnQ7CnBhZGRpbmc6IDBweCAwcHggMTBweCAwcHggIWltcG9ydGFudDsKfQojcmFrdXRlbkxpbWl0ZWRJZF9hcm91bmRDYXJ0IGRpdi5ib29rbWFya0FyZWEgZGl2LmJrbSBhLmFkZEJrbSB7CndpZHRoOjM0NXB4ICFpbXBvcnRhbnQ7CmhlaWdodDozMTBweCAhaW1wb3J0YW50Owp9CiNyYWt1dGVuTGltaXRlZElkX2Fyb3VuZENhcnQgZGl2LmJvb2ttYXJrQXJlYSBkaXYuYmttIGEuYWRkQmttIHNwYW4uYmttU3RhciB7CmRpc3BsYXk6IGlubGluZS1ibG9jayAhaW1wb3J0YW50Owp3aWR0aDozNDVweCAhaW1wb3J0YW50OwpoZWlnaHQ6MzEwcHggIWltcG9ydGFudDsKbWFyZ2luOjBweCAwcHggMTBweCAwcHggIWltcG9ydGFudDsKYmFja2dyb3VuZDogdXJsKCJodHRwOi8vaW1hZ2UucmFrdXRlbi5jby5qcC9iYnRvd24vY2FiaW5ldC9yLXRvcDIvb2tpbmlpcmlfaXRlbS5naWYiKSBuby1yZXBlYXQgIWltcG9ydGFudDsKfQoKLyog44GK5rCX44Gr5YWl44KK44K344On44OD44OX5beu44GX5pu/44GI44K/44KwICovCmRpdi5ib29rbWFya0FyZWEgewp3aWR0aDozMzVweCAhaW1wb3J0YW50Owp9CiNyYWt1dGVuTGltaXRlZElkX2Fyb3VuZENhcnQgZGl2LnNob3BCb29rbWFya0FyZWEgZGl2LnNob3BCa20gewp3aWR0aDozMzVweCAhaW1wb3J0YW50OwpoZWlnaHQ6NjdweCAhaW1wb3J0YW50OwpwYWRkaW5nOiAwcHggMHB4ICFpbXBvcnRhbnQ7CnBhZGRpbmctbGVmdDogMHB4ICFpbXBvcnRhbnQ7Cn0KI3Jha3V0ZW5MaW1pdGVkSWRfYXJvdW5kQ2FydCBkaXYuc2hvcEJvb2ttYXJrQXJlYSBkaXYuc2hvcEJrbSBhLmFkZFNob3BCa20gc3Bhbi5zaG9wQmttU3RhciB7CmRpc3BsYXk6IGlubGluZS1ibG9jayAhaW1wb3J0YW50Owp3aWR0aDozMzVweCAhaW1wb3J0YW50OwpoZWlnaHQ6NjdweCAhaW1wb3J0YW50OwptYXJnaW4tcmlnaHQ6IDBweCAhaW1wb3J0YW50OwpiYWNrZ3JvdW5kOiB1cmwoImh0dHA6Ly9pbWFnZS5yYWt1dGVuLmNvLmpwL2JidG93bi9jYWJpbmV0L3ItdG9wMi9va2luaWlyaV9zaG9wLmdpZiIpIG5vLXJlcGVhdCAhaW1wb3J0YW50Owp9Cgo8L3N0eWxlPgoKPHN0eWxlIHR5cGU9InRleHQvY3NzIj4KPCEtLQoKZGl2I0hlYWRlcktleXdvcmQgewoJcG9zaXRpb246YWJzb2x1dGU7Cgl0b3A6NTBweDsvKuS4gOeVquS4iuOBi+OCieOBruS9jee9riovCglsZWZ0OjMwcHg7Lyrlt6bnq6/jgYvjgonjga7kvY3nva4qLwp9CgpkaXYjSGVhZGVyS2V5d29yZCBzcGFuIHsKCWJhY2tncm91bmQ6ICNiZjAwMDA7Cgljb2xvcjojZmZmOwoJZm9udC13ZWlnaHQ6Ym9sZDsKCXBhZGRpbmc6MnB4IDVweDsKfQoKZGl2I0hlYWRlcktleXdvcmQgYSB7Cgljb2xvcjojMDA0NENDOwp9CgotLT4KPC9zdHlsZT4KPCEtLS8q6LK344GE54mp44GL44GU5LiK44Oc44K/44OzKi8KCgpzcGFuLnVuaXQgeyBiYWNrZ3JvdW5kOiB1cmwoaHR0cDovL2ltYWdlLnJha3V0ZW4uY28uanAvYmJ0b3duL2NhYmluZXQvci10b3AyL2thZ29fc291cnlvdTIuZ2lmKSBuby1yZXBlYXQgbGVmdCB0b3A7IHRleHQtaW5kZW50OgotOTk5OTsgZGlzcGxheTogYmxvY2s7IHdpZHRoOiAzMzU7IGhlaWdodDogNjg7IG1hcmdpbjoxNXB4IDA7IH0KLS0+CjxkaXYgaWQ9IkhlYWRlcktleXdvcmQiIHN0eWxlPSJsZWZ0OiA1MHB4OyB0b3A6IDgwcHgiPiA8c3Bhbj7ms6jnm67jga7jgq3jg7zjg6/jg7zjg4k8L3NwYW4+IOODneOCpOODs+ODiDEw5YCNIAogIOmAgeaWmeeEoeaWmSAKICDjg4jjg6zjg7zjg4vjg7PjgrDjgrfjg6Xjg7zjgrogCuODpuODi+ODleOCqeODvOODoOODkeODs+ODhAoyMDE2IArjg6njg7Pjg4vjg7PjgrDjgrfjg6Xjg7zjgrogCuODi+ODpeODvOODkOODqeODs+OCuSAgCiAg44OQ44OD44Kv44OR44OD44KvIAo8L2Rpdj4KPGNlbnRlcj48QlI+Cgo8IS0tMjBqaeOBk+OBk+OBi+OCiSAtLT4KPCEtLTx0YWJsZSB3aWR0aD0iNzMxIj4KPHRyIGFsaWduPSJjZW50ZXIiPiA8dGQgYmdjb2xvcj0iI2NjMDAwMCIgY29sc3Bhbj0iMyI+PGltZyBzcmM9Imh0dHA6Ly9pbWFnZS5yYWt1dGVuLmNvLmpwL2JidG93bi9jYWJpbmV0L3ItdG9wMi8yMGppXzczMS5naWYiIHdpZHRoPSI3MzEiIGhlaWdodD0iODIiPjwvdGQ+PC90cj4KPC90YWJsZT48YnI+LS0+CjwhLS08aW1nIHNyYz0iaHR0cDovL2ltYWdlLnJha3V0ZW4uY28uanAvYmJ0b3duL2NhYmluZXQvci10b3AyLzIwamlfNzMxLmdpZiIgd2lkdGg9IjczMCI+PGJyPiAtLT4KPCEtLQo8QlI+CiAtLT4KPCEtLTIwamnjgZPjgZPjgb7jgacgLS0+CjwhLS3jgqvjg4bjgrTjg6rjgZPjgZPjgYvjgokgLS0+Cjxicj48YnI+PGJyPgo8YnI+CjwhLS3jgqvjg4bjgrTjg6rjgZPjgZPjgb7jgacgLS0+CjwhLS3jg6Hjg6vjg57jgqzjg7tGQUNFQk9PS+eZu+mMsuOBk+OBk+OBi+OCiSAtLT4KPHRhYmxlIHdpZHRoPSI3MjkiIGJvcmRlcj0iMCI+Cjx0ciBhbGlnbj0iY2VudGVyIj4gCjx0ZCBiZ2NvbG9yPSIjZmZmZmZmIj4gCjxpbWcgc3JjPSJodHRwOi8vaW1hZ2UucmFrdXRlbi5jby5qcC9iYnRvd24vY2FiaW5ldC9yLXRvcDIvbWFpbF9zbWEuZ2lmIiB3aWR0aD0iMzUwIiBoZWlnaHQ9IjEwMCIgYWx0PSLjg6Hjg6vjg57jgqznmbvpjLIiPjwvdGQ+Cjx0ZCBiZ2NvbG9yPSIjZmZmZmZmIj4gCjxpbWcgc3JjPSJodHRwOi8vaW1hZ2UucmFrdXRlbi5jby5qcC9iYnRvd24vY2FiaW5ldC9yLXRvcDIvZmFjZV9wYy5naWYiIHdpZHRoPSIzNTAiIGhlaWdodD0iMTAwIiBhbHQ9IuODoeODq+ODnuOCrOeZu+mMsiI+PC90ZD4KPC90cj4KPC90YWJsZT48YnI+CjwhLS3jg6Hjg6vjg57jgqzjg7tGQUNFQk9PS+eZu+mMsuOBk+OBk+OBvuOBpyAtLT4KPC9jZW50ZXI+Cgo8IS0tIOOBqeOBk+OBp+OCguODleODquODvOOCueODmuODvOOCuXMgLS0+CjxsaW5rIGhyZWY9Imh0dHA6Ly93d3cucmFrdXRlbi5uZS5qcC9nb2xkL2JidG93bi9lY3Rvb2wvYWxsX3N0eWxlLmNzcyIgcmVsPSJzdHlsZXNoZWV0IiB0eXBlPSJ0ZXh0L2NzcyI+CjwhLS0g44Gp44GT44Gn44KC44OV44Oq44O844K544Oa44O844K5ZSAtLT4=,5pyA5aSnNe+8heW8leOCr+ODvOODneODsyAz6Laz57WE44K944OD44Kv44K5IOmHjueQg+eUqOWTgSBTU0sg44Ob44Ov44Kk44OIIDE5Y23vvZ4yOWNtIDIwMTcg44K444Ol44OL44Ki55SoIOS4gOiIrOeUqCDnmb0g6Z205LiLIOWtkOOBqeOCgiDlpKfkurog44GC44GZ5qW9IOWwkeW5tOeUqO+8mumHjueQg+eUqOWTgeODmeODvOOCueODnOODvOODq+OCv+OCpuODsw==,6YeO55CD55So5ZOB44Of44K644OO6YeO55CD44Kw44Ot44O844OW44OQ44OD44OI44Ki44K344OD44Kv44K5U1NLTklLReOCvOODg+ODiOOCueODkeOCpOOCr+OCsOODreODvOODluOCsOODqeODlue3tOe/kuedgOa/gOWuieOCouOCpuODiOODrOODg+ODiOODnOODvOODq+OCouODs+ODgOODvOOCt+ODo+ODhOi2heeJueS+oeOCsOODqeOCs+ODs+OCsOODqeODs+ODieOCs+ODvOODiOmYsuWvkuacgOWkpzXvvIXlvJXjgq/jg7zjg53jg7MgM+i2s+e1hOOCveODg+OCr+OCuSDph47nkIPnlKjlk4EgU1NLIOODm+ODr+OCpOODiCAxOWNt772eMjljbSAyMDE3IOOCuOODpeODi+OCoueUqCDkuIDoiKznlKgg55m9IOmdtOS4iyDlrZDjganjgoIg5aSn5Lq6IOOBguOBmealvSDlsJHlubTnlKg=,6YCB5paZNDkw5YaG77yBNjQ4MOWGhuS7peS4iuOBp+mAgeaWmeeEoeaWmeOAguacgOWkpzXvvIXlvJXjgq/jg7zjg53jg7MgM+i2s+e1hOOCveODg+OCr+OCuSDph47nkIPnlKjlk4EgU1NLIOODm+ODr+OCpOODiCAxOWNt772eMjljbSAyMDE3IOOCuOODpeODi+OCoueUqCDkuIDoiKznlKgg55m9IOmdtOS4iyDlrZDjganjgoIg5aSn5Lq6IOOBguOBmealvSDlsJHlubTnlKg=[rn]
25-79874,aHR0cDovL3RzaG9wLnIxMHMuanAvYmJ0b3duL2NhYmluZXQvMjAxN19pbWcvYWtqMTIwLXdoLmpwZz9maXRpbj03MDA6NzAw,Njg5LjYwMDA=,,44K544Od44O844OE44O744Ki44Km44OI44OJ44KiID4g6YeO55CD44O744K944OV44OI44Oc44O844OrID4g44Km44Kn44KiID4g44K944OD44Kv44K5,5pyA5aSnNe+8heW8leOCr+ODvOODneODsyDjgr3jg4Pjgq/jgrkg6YeO55CD55So5ZOBIOOCpuOCpOODq+OCveODsyAz6Laz57WE44OZ44O844K544Oc44O844Or44K944OD44Kv44K5IOODm+ODr+OCpOODiCDljprmiYvntKDmnZDkvb/nlKgg44GC44GZ5qW9IEJfQUMg44K744O844OrIFNBTEU=,44Km44Kk44Or44K944OzIOmHjueQgyDjgr3jg4Pjgq/jgrkg6YCB5paZNDkw5YaG77yB,PCEtLSAg44GC44GZ5qW9MeOBk+OBk+OBi+OCiSAtLT4KPEEgaHJlZj0iaHR0cDovL2V2ZW50LnJha3V0ZW4uY28uanAvYXN1cmFrdS9hYm91dC8iPjxJTUcgc3JjPSJodHRwOi8vaW1hZ2UucmFrdXRlbi5jby5qcC9iYnRvd24vY2FiaW5ldC9yLXRvcDIvYXN1cmFrdV9uZXcyLmpwZyIgYm9yZGVyPSIwIj48L0E+PEJSPgo8QSBocmVmPSJodHRwOi8vZXZlbnQucmFrdXRlbi5jby5qcC9sb2dpc3RpY3MvIj48SU1HIHNyYz0iaHR0cDovL2ltYWdlLnJha3V0ZW4uY28uanAvY29tL2ltZy9ybXMvY2FiaW5ldC9yZWNvbW1lbmRfbmV3L2ltZzAwMDA3NDc4LmpwZyIgYm9yZGVyPSIwIj48L0E+PEJSPjxCUj48QlI+CjwhLS0g44GC44GZ5qW9MeOBk+OBk+OBvuOBpyAtLT4KPHRhYmxlIHdpZHRoPSI3NTAiIGJvcmRlcj0iMCI+Cjx0cj48dGQgYmdjb2xvcj0iI2ZmZmZmZiIgYWxpZ249ImNlbnRlciI+CjxhIG5hbWU9IjMiPjxpbWcgc3JjPSJodHRwOi8vaW1hZ2UucmFrdXRlbi5jby5qcC9iYnRvd24vY2FiaW5ldC9yLXRvcDIvYXN1X2FjY19ibjc1MC5naWYiIGJvcmRlcj0iMCI+PC9hPgo8L3RkPjwvdHI+Cjx0cj48dGQgYmdjb2xvcj0iI0ZGRkZGRiIgYWxpZ249ImNlbnRlciI+CjxJRlJBTUUgbmFtZT0iQkJUT1dOIiBtYXJnaW53aWR0aD0iMCIgbWFyZ2luaGVpZ2h0PSIwIiBzcmM9Imh0dHA6Ly93d3cucmFrdXRlbi5uZS5qcC9nb2xkL2JidG93bi9lY3N0YXRpb24vc2hvd2Nhc2UvYXN1cmFrdV9yZW5fc2IuaHRtbCIgZnJhbWVib3JkZXI9IjAiIHdpZHRoPSI3NTAiIHNjcm9sbGluZz0iYXV0byIgaGVpZ2h0PSIxMDAwIj48L0lGUkFNRT48YnI+PGJyPgo8L3RkPjwvdHI+CjwvdGFibGU+CjwhLS0gIOOBguOBmealvTLjgZPjgZPjgYvjgokgLS0+CjxCUj48QlI+CjxBIGhyZWY9Imh0dHA6Ly9ldmVudC5yYWt1dGVuLmNvLmpwL2FzdXJha3UvYWJvdXQvIj48SU1HIHNyYz0iaHR0cDovL2ltYWdlLnJha3V0ZW4uY28uanAvYmJ0b3duL2NhYmluZXQvci10b3AyL2FzdXJha3VfMDMyNy5naWYiIGJvcmRlcj0iMCI+PC9BPjxCUj48QlI+CjwhLS0g44GC44GZ5qW9MuOBk+OBk+OBvuOBpyAtLT48IS0tIFNT44Ko44Oz44OI44Oq44O8UEMtcyAtLT48IS0tIAo8Zm9udCBjb2xvcj0iI2ZmMDAwMCIgc2l6ZT0iNCI+4oaT44Ko44Oz44OI44Oq44O844Gu44GK5b+Y44KM44Gv44GC44KK44G+44Gb44KT44GL77yf4oaTPC9mb250Pjxicj4KPGltZyBzcmM9Imh0dHA6Ly9pbWFnZS5yYWt1dGVuLmNvLmpwL2JidG93bi9jYWJpbmV0L3NzMTIwMmJhbm5lci9yYWt1dGVuX3R1bGVfMTIwNXNzLmpwZyIgYm9yZGVyPSIwIiB3aWR0aD0iMzUwIj48YnI+CiAtLT48IS0tIFNT44Ko44Oz44OI44Oq44O8UEMtZSAtLT4KPGJyPgo8IS0tIOODqeODg+ODlOODs+OCsOiqmOWwji1zIC0tPgogPGZvbnQgY29sb3I9IiNmZjAwMDAiIHNpemU9IjQiPuKGk+ODqeODg+ODlOODs+OCsCgyNzDlhoYv56iO6L68KeOBruOBlOazqOaWh+OBr+OCs+ODgeODqeKGkzwvZm9udD48YnI+CjxpbWcgc3JjPSJodHRwOi8vaW1hZ2UucmFrdXRlbi5jby5qcC9iYnRvd24vY2FiaW5ldC9yLXRvcDIvd3JhcHBpbmdfNjE2XzEuanBnIiBib3JkZXI9IjAiIHdpZHRoPSIzNTAiPjxicj4KPCEtLSDjg6njg4Pjg5Tjg7PjgrDoqpjlsI4tZSAtLT4KPGJyPgo8IS0tIOOCruODleODiOmWoumAo+aknOe0ouODr+ODvOODiS1zIC0tPgog44CQ5qSc57Si44Ov44O844OJ77ya44Op44OD44OU44Oz44KwIOi0iOOCiuOCguOBriDotIjjgorniakg6LSI54mpIOi0iOetlOWTgSDjg5fjg6zjgrzjg7Pjg4gg44Ku44OV44OIIOOBiuelneOBhCDoqJjlv7Xlk4Eg5Y2S5qWtIOWNkuWbo+OAkSAKPCEtLSDjgq7jg5Xjg4jplqLpgKPmpJzntKLjg6/jg7zjg4ktcyAtLT48YnI+Cgo8IS0t44GK6LK344GE54mp44Ks44Kk44OJ44GT44GT44GL44KJIC0tPgo8aW1nIHNyYz0iaHR0cHM6Ly9pbWFnZS5yYWt1dGVuLmNvLmpwL2JidG93bi9jYWJpbmV0L3ItdG9wMy9wY19jYXJ0XzA1MjUuZ2lmIiBib3JkZXI9IjAiIHdpZHRoPSI0MDAiPjxicj4KCjwhLS3jgYrosrfjgYTnianjgqzjgqTjg4njgZPjgZPjgb7jgacgLS0+CjwhLS0gZXZpLXMgLS0+4piF44Oh44O844Kr44O85biM5pyb5bCP5aOy5L6h5qC844Gv44Oh44O844Kr44O844Kr44K/44Ot44Kw44Gr5Z+644Gl44GE44Gm5o6y6LyJ44GX44Gm44GE44G+44GZPEJSPjxCUj48IS0tIGV2aS1lIC0tPjwhLS0gYXJlYTAgQiAtLT4KPCEtLSBhcmVhMCBFIC0tPgo8dGFibGUgYm9yZGVyPSIwIiB3aWR0aD0iMjYwIiBjZWxscGFkZGluZz0iMiIgY2VsbHNwYWNpbmc9IjAiPgogIDx0cj4KICAgIDx0ZCBhbGlnbj0ibGVmdCI+CiAgICAgIDx0YWJsZSBjZWxscGFkZGluZz0iMSIgd2lkdGg9IjEwMCUiPgogICAgICAgIDx0cj4KICAgICAgICAgIDx0ZCB2YWxpZ249InRvcCIgYWxpZ249ImxlZnQiPgogICAgICAgICAgICA8dGFibGUgYm9yZGVyPSIwIiBjZWxscGFkZGluZz0iNCIgY2VsbHNwYWNpbmc9IjAiIHdpZHRoPSI5NSUiPgogICAgICAgICAgICAgIAogICAgICAgICAgICAgICAgCiAgICAgICAgICAgICAgICA8dHI+CiAgICAgICAgICAgICAgICA8dGQgYmdjb2xvcj0iIzAwMDA5OSI+PGI+PGZvbnQgY29sb3I9IiNmZmZmZmYiIHNpemU9IjIiPuWVhuWTgeiqrOaYjjwvZm9udD48L2I+PC90ZD4KICAgICAgICAgICAgICA8L3RyPgogICAgICAgICAgICAgICAgPFRSPgogICAgICAgICAgICAgICAgICA8VEQ+PEI+PEZPTlQgY29sb3I9IiMwMDAwOTkiIHNpemU9IjIiPuWOmuaJi+e0oOadkOS9v+eUqO+8geODlOODg+OCv+ODquODleOCo+ODg+ODiO+8geOBpOOBvuWFiOOAgeOBi+OBi+OBqOijnOW8t++8gTwvRk9OVD48L0I+PC9URD4KICAgICAgICAgICAgICAgIDwvVFI+CiAgICAgICAgICAgICAgICA8VFI+CiAgICAgICAgICAgICAgICAgIDxURD48Rk9OVCBzaXplPTI+4peP57Sg5p2QOue2v+ODu+ODneODquOCqOOCueODhuODq+ODu+ODneODquOCpuODrOOCv+ODszxCUj4KICAgICAgICAgICAgICAgICAg4peP44K144Kk44K6OjIx772eMjRjbeOAgTI1772eMjhjbTxCUj4KICAgICAgICAgICAgICAgICAg4peP44Kr44Op44O8OuODm+ODr+OCpOODiDxCUj4KICAgICAgICAgICAgICAgICAg4pePM+i2s+e1hOOCq+ODqeODvOOCveODg+OCr+OCuTwvRk9OVD48L1REPgogICAgICAgICAgICAgICAgPC9UUj4KICAgICAgICAgICAgICAgIDwhLS0gYXJlYTEgQiAtLT48IS0tIGFyZWExIEUgLS0+CiAgICAgICAgICAgICAgPCEtLSBhcmVhMiBCIC0tPjwhLS0gYXJlYTIgRSAtLT4KICAgICAgICAgICAgICA8dHI+CiAgICAgICAgICAgICAgICA8dGQgYmdjb2xvcj0iIzAwMDA5OSI+PGI+PGZvbnQgY29sb3I9IiNmZmZmZmYiIHNpemU9IjIiPjwvZm9udD48L2I+PC90ZD4KICAgICAgICAgICAgICA8L3RyPgogICAgICAgICAgICAgIDwhLS0gYXJlYTMgQiAtLT4KICAgICAgICAgICAgICA8dHI+CiAgICAgICAgICAgICAgICA8dGQ+PGZvbnQgY29sb3I9IiMwMDAwOTkiIHNpemU9IjIiPjxiPjxicj4KICAgICAgICAgICAgICAgICAgPC9iPjwvZm9udD48L3RkPgogICAgICAgICAgICAgIDwvdHI+CiAgICAgICAgICAgICAgICA8VFI+CiAgICAgICAgICAgICAgICAgIDxURD48Rk9OVCBjb2xvcj0jZmYwMDAwIHNpemU9Mj7igLvnibnkvqHlk4Hjga7jgZ/jgoHov5Tlk4HjgIHkuqTmj5vjga/jgYrmlq3jgorjgYTjgZ/jgZfjgb7jgZnjgII8L0ZPTlQ+PC9URD4KICAgICAgICAgICAgICAgIDwvVFI+CiAgICAgICAgICAgICAgICA8IS0tIGFyZWEzIEUgLS0+CiAgICAgICAgICAgIDwvdGFibGU+CiAgICAgICAgICA8L3RkPgogICAgICAgIDwvdHI+CiAgICAgIDwvdGFibGU+CiAgICA8L3RkPgogIDwvdHI+CjwvdGFibGU+PHN0eWxlIHR5cGU9InRleHQvY3NzIj4KPCEtLQoKc3Bhbi5jYXRjaF9jb3B5LApzcGFuLml0ZW1fbmFtZSB7CiAgbGluZS1oZWlnaHQ6IDE4MCU7Cn0KCgovKiDllYblk4HlkI3kuIvjgavlooPnlYznt5rjgYzlhaXjgosgKi8Kc3Bhbi5pdGVtX25hbWUgewogICAgZGlzcGxheTogYmxvY2s7CiAgICBib3JkZXItYm90dG9tOiAycHggZG90dGVkICNkZGQ7CiAgICBwYWRkaW5nLWJvdHRvbTogOHB4Owp9CgovKiDkvqHmoLzjgavmnqDnt5rjgYzjgaTjgY8gKi8KdGFibGUjcmFrdXRlbkxpbWl0ZWRJZF9jYXJ0IHsKICAgIGJhY2tncm91bmQtY29sb3I6ICNmOGY4Zjg7CiAgICBib3JkZXI6IDFweCBzb2xpZCAjZGRkOwogICAgcGFkZGluZzogOHB4OwogICAgbWFyZ2luOiAxNnB4IDA7Cn0KCnNwYW4ucHJpY2UxIHsKICAgIGNvbG9yOiAjMzMzICFpbXBvcnRhbnQ7CiAgICBmb250LXdlaWdodDogYm9sZDsKICAgIGZvbnQtc2l6ZTogODAlICFpbXBvcnRhbnQ7CiAgICBsaW5lLWhlaWdodDogMzBweDsKICAgIGRpc3BsYXk6IGlubGluZS1ibG9jazsKICAgIG1hcmdpbi1yaWdodDogMTZweDsKfQoKLS0+Cjwvc3R5bGU+Cgo8c3R5bGUgdHlwZT0idGV4dC9jc3MiPgoKPC9zdHlsZT4KPHN0eWxlIHR5cGU9InRleHQvY3NzIj4KLyrosrfjgYTnianjgYvjgZTjgavlhaXjgozjgovjg5zjgr/jg7MqLwojcmFrdXRlbkxpbWl0ZWRJZF9hcm91bmRDYXJ0IGlucHV0W3ZhbHVlPSLosrfjgYTnianjgYvjgZTjgavlhaXjgozjgosiXXsKYmFja2dyb3VuZDogdXJsKCJodHRwOi8vaW1hZ2UucmFrdXRlbi5jby5qcC9iYnRvd24vY2FiaW5ldC9yLXRvcDIvY2FydC5naWYiKSBsZWZ0IHRvcCBuby1yZXBlYXQ7CndpZHRoOjMzNnB4OwpoZWlnaHQ6NjdweDsKdGV4dC1pbmRlbnQ6MTAwJTsKd2hpdGUtc3BhY2U6bm93cmFwOwpvdmVyZmxvdzpoaWRkZW47CmJvcmRlcjogbm9uZTsKcGFkZGluZzowOwptYXJnaW4tdG9wOjVweCAwOwpjdXJzb3I6cG9pbnRlcjsKfQojcmFrdXRlbkxpbWl0ZWRJZF9hcm91bmRDYXJ0IHRib2R5IHRyIHRkIGlucHV0OmhvdmVyewphbHBoYShvcGFjaXR5PTgpOwotbW96LW9wYWNpdHk6MC44OwpvcGFjaXR5OjAuODsKY3Vyc29yOnBvaW50ZXI7Cn0KPC9zdHlsZT4KCjxzdHlsZSB0eXBlPSJ0ZXh0L2NzcyI+CgovKiDjgYrmsJfjgavlhaXjgorllYblk4Hlt67jgZfmm7/jgYjjgr/jgrAgKi8KI3Jha3V0ZW5MaW1pdGVkSWRfYXJvdW5kQ2FydCAjc2VydmljZVRhYmxlU21sIHRkLmZhdm9yaXRlIHsKcGFkZGluZy10b3A6IDVweDsKfQojcmFrdXRlbkxpbWl0ZWRJZF9hcm91bmRDYXJ0IGRpdi5ib29rbWFya0FyZWEgZGl2LmJrbSB7CndpZHRoOjM0NXB4ICFpbXBvcnRhbnQ7CmhlaWdodDozMTBweCAhaW1wb3J0YW50OwpwYWRkaW5nOiAwcHggMHB4IDEwcHggMHB4ICFpbXBvcnRhbnQ7Cn0KI3Jha3V0ZW5MaW1pdGVkSWRfYXJvdW5kQ2FydCBkaXYuYm9va21hcmtBcmVhIGRpdi5ia20gYS5hZGRCa20gewp3aWR0aDozNDVweCAhaW1wb3J0YW50OwpoZWlnaHQ6MzEwcHggIWltcG9ydGFudDsKfQojcmFrdXRlbkxpbWl0ZWRJZF9hcm91bmRDYXJ0IGRpdi5ib29rbWFya0FyZWEgZGl2LmJrbSBhLmFkZEJrbSBzcGFuLmJrbVN0YXIgewpkaXNwbGF5OiBpbmxpbmUtYmxvY2sgIWltcG9ydGFudDsKd2lkdGg6MzQ1cHggIWltcG9ydGFudDsKaGVpZ2h0OjMxMHB4ICFpbXBvcnRhbnQ7Cm1hcmdpbjowcHggMHB4IDEwcHggMHB4ICFpbXBvcnRhbnQ7CmJhY2tncm91bmQ6IHVybCgiaHR0cDovL2ltYWdlLnJha3V0ZW4uY28uanAvYmJ0b3duL2NhYmluZXQvci10b3AyL29raW5paXJpX2l0ZW0uZ2lmIikgbm8tcmVwZWF0ICFpbXBvcnRhbnQ7Cn0KCi8qIOOBiuawl+OBq+WFpeOCiuOCt+ODp+ODg+ODl+W3ruOBl+abv+OBiOOCv+OCsCAqLwpkaXYuYm9va21hcmtBcmVhIHsKd2lkdGg6MzM1cHggIWltcG9ydGFudDsKfQojcmFrdXRlbkxpbWl0ZWRJZF9hcm91bmRDYXJ0IGRpdi5zaG9wQm9va21hcmtBcmVhIGRpdi5zaG9wQmttIHsKd2lkdGg6MzM1cHggIWltcG9ydGFudDsKaGVpZ2h0OjY3cHggIWltcG9ydGFudDsKcGFkZGluZzogMHB4IDBweCAhaW1wb3J0YW50OwpwYWRkaW5nLWxlZnQ6IDBweCAhaW1wb3J0YW50Owp9CiNyYWt1dGVuTGltaXRlZElkX2Fyb3VuZENhcnQgZGl2LnNob3BCb29rbWFya0FyZWEgZGl2LnNob3BCa20gYS5hZGRTaG9wQmttIHNwYW4uc2hvcEJrbVN0YXIgewpkaXNwbGF5OiBpbmxpbmUtYmxvY2sgIWltcG9ydGFudDsKd2lkdGg6MzM1cHggIWltcG9ydGFudDsKaGVpZ2h0OjY3cHggIWltcG9ydGFudDsKbWFyZ2luLXJpZ2h0OiAwcHggIWltcG9ydGFudDsKYmFja2dyb3VuZDogdXJsKCJodHRwOi8vaW1hZ2UucmFrdXRlbi5jby5qcC9iYnRvd24vY2FiaW5ldC9yLXRvcDIvb2tpbmlpcmlfc2hvcC5naWYiKSBuby1yZXBlYXQgIWltcG9ydGFudDsKfQoKPC9zdHlsZT4KCjxzdHlsZSB0eXBlPSJ0ZXh0L2NzcyI+CjwhLS0KCmRpdiNIZWFkZXJLZXl3b3JkIHsKCXBvc2l0aW9uOmFic29sdXRlOwoJdG9wOjUwcHg7LyrkuIDnlarkuIrjgYvjgonjga7kvY3nva4qLwoJbGVmdDozMHB4Oy8q5bem56uv44GL44KJ44Gu5L2N572uKi8KfQoKZGl2I0hlYWRlcktleXdvcmQgc3BhbiB7CgliYWNrZ3JvdW5kOiAjYmYwMDAwOwoJY29sb3I6I2ZmZjsKCWZvbnQtd2VpZ2h0OmJvbGQ7CglwYWRkaW5nOjJweCA1cHg7Cn0KCmRpdiNIZWFkZXJLZXl3b3JkIGEgewoJY29sb3I6IzAwNDRDQzsKfQoKLS0+Cjwvc3R5bGU+CjwhLS0vKuiyt+OBhOeJqeOBi+OBlOS4iuODnOOCv+ODsyovCgoKc3Bhbi51bml0IHsgYmFja2dyb3VuZDogdXJsKGh0dHA6Ly9pbWFnZS5yYWt1dGVuLmNvLmpwL2JidG93bi9jYWJpbmV0L3ItdG9wMi9rYWdvX3NvdXJ5b3UyLmdpZikgbm8tcmVwZWF0IGxlZnQgdG9wOyB0ZXh0LWluZGVudDoKLTk5OTk7IGRpc3BsYXk6IGJsb2NrOyB3aWR0aDogMzM1OyBoZWlnaHQ6IDY4OyBtYXJnaW46MTVweCAwOyB9Ci0tPgo8ZGl2IGlkPSJIZWFkZXJLZXl3b3JkIiBzdHlsZT0ibGVmdDogNTBweDsgdG9wOiA4MHB4Ij4gPHNwYW4+5rOo55uu44Gu44Kt44O844Ov44O844OJPC9zcGFuPiDjg53jgqTjg7Pjg4gxMOWAjSAKICDpgIHmlpnnhKHmlpkgCiAg44OI44Os44O844OL44Oz44Kw44K344Ol44O844K6IArjg6bjg4vjg5Xjgqnjg7zjg6Djg5Hjg7Pjg4QKMjAxNiAK44Op44Oz44OL44Oz44Kw44K344Ol44O844K6IArjg4vjg6Xjg7zjg5Djg6njg7PjgrkgIAogIOODkOODg+OCr+ODkeODg+OCryAKPC9kaXY+CjxjZW50ZXI+PEJSPgoKPCEtLTIwamnjgZPjgZPjgYvjgokgLS0+CjwhLS08dGFibGUgd2lkdGg9IjczMSI+Cjx0ciBhbGlnbj0iY2VudGVyIj4gPHRkIGJnY29sb3I9IiNjYzAwMDAiIGNvbHNwYW49IjMiPjxpbWcgc3JjPSJodHRwOi8vaW1hZ2UucmFrdXRlbi5jby5qcC9iYnRvd24vY2FiaW5ldC9yLXRvcDIvMjBqaV83MzEuZ2lmIiB3aWR0aD0iNzMxIiBoZWlnaHQ9IjgyIj48L3RkPjwvdHI+CjwvdGFibGU+PGJyPi0tPgo8IS0tPGltZyBzcmM9Imh0dHA6Ly9pbWFnZS5yYWt1dGVuLmNvLmpwL2JidG93bi9jYWJpbmV0L3ItdG9wMi8yMGppXzczMS5naWYiIHdpZHRoPSI3MzAiPjxicj4gLS0+CjwhLS0KPEJSPgogLS0+CjwhLS0yMGpp44GT44GT44G+44GnIC0tPgo8IS0t44Kr44OG44K044Oq44GT44GT44GL44KJIC0tPgo8YnI+PGJyPjxicj4KPGJyPgo8IS0t44Kr44OG44K044Oq44GT44GT44G+44GnIC0tPgo8IS0t44Oh44Or44Oe44Ks44O7RkFDRUJPT0vnmbvpjLLjgZPjgZPjgYvjgokgLS0+Cjx0YWJsZSB3aWR0aD0iNzI5IiBib3JkZXI9IjAiPgo8dHIgYWxpZ249ImNlbnRlciI+IAo8dGQgYmdjb2xvcj0iI2ZmZmZmZiI+IAo8aW1nIHNyYz0iaHR0cDovL2ltYWdlLnJha3V0ZW4uY28uanAvYmJ0b3duL2NhYmluZXQvci10b3AyL21haWxfc21hLmdpZiIgd2lkdGg9IjM1MCIgaGVpZ2h0PSIxMDAiIGFsdD0i44Oh44Or44Oe44Ks55m76YyyIj48L3RkPgo8dGQgYmdjb2xvcj0iI2ZmZmZmZiI+IAo8aW1nIHNyYz0iaHR0cDovL2ltYWdlLnJha3V0ZW4uY28uanAvYmJ0b3duL2NhYmluZXQvci10b3AyL2ZhY2VfcGMuZ2lmIiB3aWR0aD0iMzUwIiBoZWlnaHQ9IjEwMCIgYWx0PSLjg6Hjg6vjg57jgqznmbvpjLIiPjwvdGQ+CjwvdHI+CjwvdGFibGU+PGJyPgo8IS0t44Oh44Or44Oe44Ks44O7RkFDRUJPT0vnmbvpjLLjgZPjgZPjgb7jgacgLS0+CjwvY2VudGVyPgoKPCEtLSDjganjgZPjgafjgoLjg5Xjg6rjg7zjgrnjg5rjg7zjgrlzIC0tPgo8bGluayBocmVmPSJodHRwOi8vd3d3LnJha3V0ZW4ubmUuanAvZ29sZC9iYnRvd24vZWN0b29sL2FsbF9zdHlsZS5jc3MiIHJlbD0ic3R5bGVzaGVldCIgdHlwZT0idGV4dC9jc3MiPgo8IS0tIOOBqeOBk+OBp+OCguODleODquODvOOCueODmuODvOOCuWUgLS0+,5pyA5aSnNe+8heW8leOCr+ODvOODneODsyDjgr3jg4Pjgq/jgrkg6YeO55CD55So5ZOBIOOCpuOCpOODq+OCveODsyAz6Laz57WE44OZ44O844K544Oc44O844Or44K944OD44Kv44K5IOODm+ODr+OCpOODiCDljprmiYvntKDmnZDkvb/nlKgg44GC44GZ5qW9IEJfQUMg44K744O844OrIFNBTEXvvJrph47nkIPnlKjlk4Hjg5njg7zjgrnjg5zjg7zjg6vjgr/jgqbjg7M=,6YeO55CD55So5ZOB44Of44K644OO6YeO55CD44Kw44Ot44O844OW44OQ44OD44OI44Ki44K344OD44Kv44K5U1NLTklLReOCvOODg+ODiOOCueODkeOCpOOCr+OCsOODreODvOODluOCsOODqeODlue3tOe/kuedgOa/gOWuieOCouOCpuODiOODrOODg+ODiOODnOODvOODq+OCouODs+ODgOODvOOCt+ODo+ODhOi2heeJueS+oeOCsOODqeOCs+ODs+OCsOODqeODs+ODieOCs+ODvOODiOmYsuWvkuacgOWkpzXvvIXlvJXjgq/jg7zjg53jg7Mg44K944OD44Kv44K5IOmHjueQg+eUqOWTgSDjgqbjgqTjg6vjgr3jg7MgM+i2s+e1hOODmeODvOOCueODnOODvOODq+OCveODg+OCr+OCuSDjg5vjg6/jgqTjg4gg5Y6a5omL57Sg5p2Q5L2/55SoIOOBguOBmealvSBCX0FDIOOCu+ODvOODqyBTQUxF,44Km44Kk44Or44K944OzIOmHjueQgyDjgr3jg4Pjgq/jgrkg6YCB5paZNDkw5YaG77yB44CC5pyA5aSnNe+8heW8leOCr+ODvOODneODsyDjgr3jg4Pjgq/jgrkg6YeO55CD55So5ZOBIOOCpuOCpOODq+OCveODsyAz6Laz57WE44OZ44O844K544Oc44O844Or44K944OD44Kv44K5IOODm+ODr+OCpOODiCDljprmiYvntKDmnZDkvb/nlKgg44GC44GZ5qW9IEJfQUMg44K744O844OrIFNBTEU=[rn]
25-79875,aHR0cDovL3RzaG9wLnIxMHMuanAvYmJ0b3duL2NhYmluZXQvMjAxM19taXp1bm9fb3JkZXIvNTJ1dzE2Ni5qcGc/Zml0aW49NzAwOjcwMA==,NDgzLjIwMDA=,,44K544Od44O844OE44O744Ki44Km44OI44OJ44KiID4g6YeO55CD44O744K944OV44OI44Oc44O844OrID4g44Km44Kn44KiID4g44K944OD44Kv44K5,MjDvvIVPRkYg5pyA5aSnNe+8heW8leOCr+ODvOODneODsyDjg43jgrPjg53jgrnlj68g44K944OD44Kv44K5IOmHjueQg+eUqOWTgSDjg5/jgrrjg44gbWl6dW5vIOOCouODs+ODgOODvOOCueODiOODg+OCreODs+OCsCDmipfoj4zpmLLoh63ljprmiYsgNTJVVzE2NiDjgYLjgZnmpb0=,44Of44K644OOIOmHjueQgyDjgr3jg4Pjgq/jgrkg5L2V54K544Gn44KC44ON44Kz44Od44K5Mjkw5YaG,PCEtLSDjgYLjgZnmpb0x44GT44GT44GL44KJIC0tPgo8QSBocmVmPSJodHRwOi8vZXZlbnQucmFrdXRlbi5jby5qcC9hc3VyYWt1L2Fib3V0LyI+PElNRyBzcmM9Imh0dHA6Ly9pbWFnZS5yYWt1dGVuLmNvLmpwL2JidG93bi9jYWJpbmV0L21haWwyMDEwc3ByaW5nL2FzdXJha3UtMDEuZ2lmIiBib3JkZXI9IjAiPjwvQT48QlI+CjxBIGhyZWY9Imh0dHA6Ly9ldmVudC5yYWt1dGVuLmNvLmpwL2xvZ2lzdGljcy8iPjxJTUcgc3JjPSJodHRwOi8vaW1hZ2UucmFrdXRlbi5jby5qcC9jb20vaW1nL3Jtcy9jYWJpbmV0L3JlY29tbWVuZF9uZXcvaW1nMDAwMDc0NzguanBnIiBib3JkZXI9IjAiPjwvQT48QlI+PEJSPjxCUj4KPCEtLSDjgYLjgZnmpb0x44GT44GT44G+44GnIC0tPgo8IS0tIOOBguOBmealvTLjgZPjgZPjgYvjgokgLS0+CjxCUj48QlI+CjxBIGhyZWY9Imh0dHA6Ly9ldmVudC5yYWt1dGVuLmNvLmpwL2FzdXJha3UvYWJvdXQvIj48SU1HIHNyYz0iaHR0cDovL2ltYWdlLnJha3V0ZW4uY28uanAvYmJ0b3duL2NhYmluZXQvci10b3AyL2FzdXJha3VfMDMyNy5naWYiIGJvcmRlcj0iMCI+PC9BPjxCUj48QlI+CjxBIGhyZWY9Imh0dHA6Ly9ldmVudC5yYWt1dGVuLmNvLmpwL2FzdXJha3UvYWJvdXQvIj48SU1HIHNyYz0iaHR0cDovL2ltYWdlLnJha3V0ZW4uY28uanAvYmJ0b3duL2NhYmluZXQvbWFpbDIwMTBzcHJpbmcvYXN1cmFrdS0wMi5naWYiIGJvcmRlcj0iMCI+PC9BPjxCUj4KPCEtLSDjgYLjgZnmpb0y44GT44GT44G+44GnIC0tPjwhLS0gU1Pjgqjjg7Pjg4jjg6rjg7xQQy1zIC0tPjwhLS0gCjxmb250IGNvbG9yPSIjZmYwMDAwIiBzaXplPSI0Ij7ihpPjgqjjg7Pjg4jjg6rjg7zjga7jgYrlv5jjgozjga/jgYLjgorjgb7jgZvjgpPjgYvvvJ/ihpM8L2ZvbnQ+PGJyPgo8aW1nIHNyYz0iaHR0cDovL2ltYWdlLnJha3V0ZW4uY28uanAvYmJ0b3duL2NhYmluZXQvc3MxMjAyYmFubmVyL3Jha3V0ZW5fdHVsZV8xMjA1c3MuanBnIiBib3JkZXI9IjAiIHdpZHRoPSIzNTAiPjxicj4KIC0tPjwhLS0gU1Pjgqjjg7Pjg4jjg6rjg7xQQy1lIC0tPgo8YnI+CjwhLS0g44Op44OD44OU44Oz44Kw6KqY5bCOLXMgLS0+CiA8Zm9udCBjb2xvcj0iI2ZmMDAwMCIgc2l6ZT0iNCI+4oaT44Op44OD44OU44Oz44KwKDI3MOWGhi/nqI7ovrwp44Gu44GU5rOo5paH44Gv44Kz44OB44Op4oaTPC9mb250Pjxicj4KPGltZyBzcmM9Imh0dHA6Ly9pbWFnZS5yYWt1dGVuLmNvLmpwL2JidG93bi9jYWJpbmV0L3ItdG9wMi93cmFwcGluZ182MTZfMS5qcGciIGJvcmRlcj0iMCIgd2lkdGg9IjM1MCI+PGJyPgo8IS0tIOODqeODg+ODlOODs+OCsOiqmOWwji1lIC0tPgo8YnI+CjwhLS0g44Ku44OV44OI6Zai6YCj5qSc57Si44Ov44O844OJLXMgLS0+CiDjgJDmpJzntKLjg6/jg7zjg4nvvJrjg6njg4Pjg5Tjg7PjgrAg6LSI44KK44KC44GuIOi0iOOCiueJqSDotIjniakg6LSI562U5ZOBIOODl+ODrOOCvOODs+ODiCDjgq7jg5Xjg4gg44GK56Wd44GEIOiomOW/teWTgSDljZLmpa0g5Y2S5Zuj44CRIAo8IS0tIOOCruODleODiOmWoumAo+aknOe0ouODr+ODvOODiS1zIC0tPgoKPGJyPjwhLS3jgYrosrfjgYTnianjgqzjgqTjg4njgZPjgZPjgYvjgokgLS0+CjxpbWcgc3JjPSJodHRwczovL2ltYWdlLnJha3V0ZW4uY28uanAvYmJ0b3duL2NhYmluZXQvci10b3AzL3BjX2NhcnRfMDUyNS5naWYiIGJvcmRlcj0iMCIgd2lkdGg9IjQwMCI+PGJyPgoKPCEtLeOBiuiyt+OBhOeJqeOCrOOCpOODieOBk+OBk+OBvuOBpyAtLT4KPCEtLSBldmktcyAtLT7jg6Hjg7zjgqvjg7zluIzmnJvlsI/lo7LkvqHmoLzjga/jg6Hjg7zjgqvjg7zjgqvjgr/jg63jgrDjgavln7rjgaXjgYTjgabmjrLovInjgZfjgabjgYTjgb7jgZk8SU1HIHNyYz0iaHR0cDovL3RodW1ibmFpbC5pbWFnZS5yYWt1dGVuLmNvLmpwL0AwX21hbGwvc3BvLWJidC9jYWJpbmV0L2V2aWRlbmNlMy9ldmlkZW5jZV81MnV3MTY2MDAuanBnP19leD0zMDB4MzAwIiBib3JkZXI9IjAiPjxCUj48QlI+PCEtLSBldmktZSAtLT48IS0tIGFyZWEwIEIgLS0+Cgo8IS0tIGFyZWEwIEUgLS0+Cjx0YWJsZSBib3JkZXI9IjAiIHdpZHRoPSI3MDAiIGNlbGxwYWRkaW5nPSIyIiBjZWxsc3BhY2luZz0iMCI+CiAgPHRyPgogICAgPHRkIGFsaWduPSJsZWZ0Ij4KICAgICAgPHRhYmxlIGNlbGxwYWRkaW5nPSIxIiB3aWR0aD0iMTAwJSI+CiAgICAgICAgPHRyPgogICAgICAgICAgPHRkIHZhbGlnbj0idG9wIiBhbGlnbj0ibGVmdCI+CiAgICAgICAgICAgIDx0YWJsZSBib3JkZXI9IjAiIGNlbGxwYWRkaW5nPSI0IiBjZWxsc3BhY2luZz0iMCIgd2lkdGg9Ijk1JSI+CiAgICAgICAgICAgICAgPHRyPgogICAgICAgICAgICAgICAgPHRkIGJnY29sb3I9IiMwMDAwOTkiPjxiPjxmb250IGNvbG9yPSIjZmZmZmZmIiBzaXplPSIyIj7llYblk4HoqqzmmI48L2ZvbnQ+PC9iPjwvdGQ+CiAgICAgICAgICAgICAgPC90cj4KICAgICAgICAgICAgICA8IS0tIGFyZWExIEIgLS0+CiAgICAgICAgICAgICAgPHRyPgogICAgICAgICAgICAgICAgPHRkPjxkaXYgY2xhc3M9InRleHQyIiBhbGlnbj0ibGVmdCI+PGZvbnQgc2l6ZT0iMiIgY29sb3I9IiMwMDAwOTkiPuaKl+iPjOODu+mYsuiHreODu+WOmuaJi+OBruS4gOiIrOeUqOOCveODg+OCr+OCueOBp+OBmeOAgjxicj48L2ZvbnQ+PC9kaXY+PC90ZD4KICAgICAgICAgICAgICA8L3RyPgogICAgICAgICAgICAgIDwhLS0gYXJlYTEgRSAtLT4KICAgICAgICAgICAgICA8IS0tIGFyZWEyIEIgLS0+CiAgICAgICAgICAgICAgPHRyPgogICAgICAgICAgICAgICAgPHRkIGFsaWduPSJsZWZ0Ij48Zm9udCBzaXplPSIyIj4KICAgICAgICAgICAgICAgICAg4peP57Sg5p2Q77ya57a/44O744Ki44Kv44Oq44Or44O744Gd44Gu5LuWPGJyPgogICAgICAgICAgICAgICAgICDil4/jgqvjg6njg7zvvJrjg5vjg6/jgqTjg4goMDApPGJyPgogICAgICAgICAgICAgICAgICDil4/jgrXjgqTjgrrvvJoyNe+9njI4Y208YnI+CiAgICAgICAgICAgICAgICAgIOKXj+ODqeOCquOCueijvTxicj4KICAgICAgICAgICAgICAgIDwvZm9udD48L3RkPgogICAgICAgICAgICAgIDwvdHI+CiAgICAgICAgICAgICAgPCEtLSBhcmVhMiBFIC0tPgogICAgICAgICAgICAgIDwhLS0gYXJlYTMgQiAtLT4KICAgICAgICAgICAgICA8dHI+CiAgICAgICAgICAgICAgICA8dGQ+PGZvbnQgc2l6ZT0iMiIgY29sb3I9IiNmZjAwMDAiPuKAu+aZguacn+OBq+OCiOOBo+OBpuODoeODvOOCq+ODvOWcqOW6q+WIh+OCjOOBruWgtOWQiOOBjOOBlOOBluOBhOOBvuOBmeOAguOBneOBrumam+OBq+OBr+aXqeaApeOBq+ODoeODvOODq+OBq+OBpuOBlOmAo+e1oeW3ruOBl+S4iuOBkuOBvuOBmeOAgjwvZm9udD48L3RkPgogICAgICAgICAgICAgIDwvdHI+CiAgICAgICAgICAgICAgPCEtLSBhcmVhMyBFIC0tPgogICAgICAgICAgICA8L3RhYmxlPgogICAgICAgICAgPC90ZD4KICAgICAgICA8L3RyPgogICAgICA8L3RhYmxlPgogICAgPC90ZD4KICA8L3RyPgo8L3RhYmxlPgo8YnI+44CQ44Oh44O844Kr44O85ZOB55Wq77yaIDUyVVcxNjYwMCDjgJE8c3R5bGUgdHlwZT0idGV4dC9jc3MiPgo8IS0tCgpzcGFuLmNhdGNoX2NvcHksCnNwYW4uaXRlbV9uYW1lIHsKICBsaW5lLWhlaWdodDogMTgwJTsKfQoKCi8qIOWVhuWTgeWQjeS4i+OBq+Wig+eVjOe3muOBjOWFpeOCiyAqLwpzcGFuLml0ZW1fbmFtZSB7CiAgICBkaXNwbGF5OiBibG9jazsKICAgIGJvcmRlci1ib3R0b206IDJweCBkb3R0ZWQgI2RkZDsKICAgIHBhZGRpbmctYm90dG9tOiA4cHg7Cn0KCi8qIOS+oeagvOOBq+aeoOe3muOBjOOBpOOBjyAqLwp0YWJsZSNyYWt1dGVuTGltaXRlZElkX2NhcnQgewogICAgYmFja2dyb3VuZC1jb2xvcjogI2Y4ZjhmODsKICAgIGJvcmRlcjogMXB4IHNvbGlkICNkZGQ7CiAgICBwYWRkaW5nOiA4cHg7CiAgICBtYXJnaW46IDE2cHggMDsKfQoKc3Bhbi5wcmljZTEgewogICAgY29sb3I6ICMzMzMgIWltcG9ydGFudDsKICAgIGZvbnQtd2VpZ2h0OiBib2xkOwogICAgZm9udC1zaXplOiA4MCUgIWltcG9ydGFudDsKICAgIGxpbmUtaGVpZ2h0OiAzMHB4OwogICAgZGlzcGxheTogaW5saW5lLWJsb2NrOwogICAgbWFyZ2luLXJpZ2h0OiAxNnB4Owp9CgotLT4KPC9zdHlsZT4KCjxzdHlsZSB0eXBlPSJ0ZXh0L2NzcyI+Cgo8L3N0eWxlPgo8c3R5bGUgdHlwZT0idGV4dC9jc3MiPgovKuiyt+OBhOeJqeOBi+OBlOOBq+WFpeOCjOOCi+ODnOOCv+ODsyovCiNyYWt1dGVuTGltaXRlZElkX2Fyb3VuZENhcnQgaW5wdXRbdmFsdWU9Iuiyt+OBhOeJqeOBi+OBlOOBq+WFpeOCjOOCiyJdewpiYWNrZ3JvdW5kOiB1cmwoImh0dHA6Ly9pbWFnZS5yYWt1dGVuLmNvLmpwL2JidG93bi9jYWJpbmV0L3ItdG9wMi9jYXJ0LmdpZiIpIGxlZnQgdG9wIG5vLXJlcGVhdDsKd2lkdGg6MzM2cHg7CmhlaWdodDo2N3B4Owp0ZXh0LWluZGVudDoxMDAlOwp3aGl0ZS1zcGFjZTpub3dyYXA7Cm92ZXJmbG93OmhpZGRlbjsKYm9yZGVyOiBub25lOwpwYWRkaW5nOjA7Cm1hcmdpbi10b3A6NXB4IDA7CmN1cnNvcjpwb2ludGVyOwp9CiNyYWt1dGVuTGltaXRlZElkX2Fyb3VuZENhcnQgdGJvZHkgdHIgdGQgaW5wdXQ6aG92ZXJ7CmFscGhhKG9wYWNpdHk9OCk7Ci1tb3otb3BhY2l0eTowLjg7Cm9wYWNpdHk6MC44OwpjdXJzb3I6cG9pbnRlcjsKfQo8L3N0eWxlPgoKPHN0eWxlIHR5cGU9InRleHQvY3NzIj4KCi8qIOOBiuawl+OBq+WFpeOCiuWVhuWTgeW3ruOBl+abv+OBiOOCv+OCsCAqLwojcmFrdXRlbkxpbWl0ZWRJZF9hcm91bmRDYXJ0ICNzZXJ2aWNlVGFibGVTbWwgdGQuZmF2b3JpdGUgewpwYWRkaW5nLXRvcDogNXB4Owp9CiNyYWt1dGVuTGltaXRlZElkX2Fyb3VuZENhcnQgZGl2LmJvb2ttYXJrQXJlYSBkaXYuYmttIHsKd2lkdGg6MzQ1cHggIWltcG9ydGFudDsKaGVpZ2h0OjMxMHB4ICFpbXBvcnRhbnQ7CnBhZGRpbmc6IDBweCAwcHggMTBweCAwcHggIWltcG9ydGFudDsKfQojcmFrdXRlbkxpbWl0ZWRJZF9hcm91bmRDYXJ0IGRpdi5ib29rbWFya0FyZWEgZGl2LmJrbSBhLmFkZEJrbSB7CndpZHRoOjM0NXB4ICFpbXBvcnRhbnQ7CmhlaWdodDozMTBweCAhaW1wb3J0YW50Owp9CiNyYWt1dGVuTGltaXRlZElkX2Fyb3VuZENhcnQgZGl2LmJvb2ttYXJrQXJlYSBkaXYuYmttIGEuYWRkQmttIHNwYW4uYmttU3RhciB7CmRpc3BsYXk6IGlubGluZS1ibG9jayAhaW1wb3J0YW50Owp3aWR0aDozNDVweCAhaW1wb3J0YW50OwpoZWlnaHQ6MzEwcHggIWltcG9ydGFudDsKbWFyZ2luOjBweCAwcHggMTBweCAwcHggIWltcG9ydGFudDsKYmFja2dyb3VuZDogdXJsKCJodHRwOi8vaW1hZ2UucmFrdXRlbi5jby5qcC9iYnRvd24vY2FiaW5ldC9yLXRvcDIvb2tpbmlpcmlfaXRlbS5naWYiKSBuby1yZXBlYXQgIWltcG9ydGFudDsKfQoKLyog44GK5rCX44Gr5YWl44KK44K344On44OD44OX5beu44GX5pu/44GI44K/44KwICovCmRpdi5ib29rbWFya0FyZWEgewp3aWR0aDozMzVweCAhaW1wb3J0YW50Owp9CiNyYWt1dGVuTGltaXRlZElkX2Fyb3VuZENhcnQgZGl2LnNob3BCb29rbWFya0FyZWEgZGl2LnNob3BCa20gewp3aWR0aDozMzVweCAhaW1wb3J0YW50OwpoZWlnaHQ6NjdweCAhaW1wb3J0YW50OwpwYWRkaW5nOiAwcHggMHB4ICFpbXBvcnRhbnQ7CnBhZGRpbmctbGVmdDogMHB4ICFpbXBvcnRhbnQ7Cn0KI3Jha3V0ZW5MaW1pdGVkSWRfYXJvdW5kQ2FydCBkaXYuc2hvcEJvb2ttYXJrQXJlYSBkaXYuc2hvcEJrbSBhLmFkZFNob3BCa20gc3Bhbi5zaG9wQmttU3RhciB7CmRpc3BsYXk6IGlubGluZS1ibG9jayAhaW1wb3J0YW50Owp3aWR0aDozMzVweCAhaW1wb3J0YW50OwpoZWlnaHQ6NjdweCAhaW1wb3J0YW50OwptYXJnaW4tcmlnaHQ6IDBweCAhaW1wb3J0YW50OwpiYWNrZ3JvdW5kOiB1cmwoImh0dHA6Ly9pbWFnZS5yYWt1dGVuLmNvLmpwL2JidG93bi9jYWJpbmV0L3ItdG9wMi9va2luaWlyaV9zaG9wLmdpZiIpIG5vLXJlcGVhdCAhaW1wb3J0YW50Owp9Cgo8L3N0eWxlPgoKPHN0eWxlIHR5cGU9InRleHQvY3NzIj4KPCEtLQoKZGl2I0hlYWRlcktleXdvcmQgewoJcG9zaXRpb246YWJzb2x1dGU7Cgl0b3A6NTBweDsvKuS4gOeVquS4iuOBi+OCieOBruS9jee9riovCglsZWZ0OjMwcHg7Lyrlt6bnq6/jgYvjgonjga7kvY3nva4qLwp9CgpkaXYjSGVhZGVyS2V5d29yZCBzcGFuIHsKCWJhY2tncm91bmQ6ICNiZjAwMDA7Cgljb2xvcjojZmZmOwoJZm9udC13ZWlnaHQ6Ym9sZDsKCXBhZGRpbmc6MnB4IDVweDsKfQoKZGl2I0hlYWRlcktleXdvcmQgYSB7Cgljb2xvcjojMDA0NENDOwp9CgotLT4KPC9zdHlsZT4KPCEtLS8q6LK344GE54mp44GL44GU5LiK44Oc44K/44OzKi8KCgpzcGFuLnVuaXQgeyBiYWNrZ3JvdW5kOiB1cmwoaHR0cDovL2ltYWdlLnJha3V0ZW4uY28uanAvYmJ0b3duL2NhYmluZXQvci10b3AyL2thZ29fc291cnlvdTIuZ2lmKSBuby1yZXBlYXQgbGVmdCB0b3A7IHRleHQtaW5kZW50OgotOTk5OTsgZGlzcGxheTogYmxvY2s7IHdpZHRoOiAzMzU7IGhlaWdodDogNjg7IG1hcmdpbjoxNXB4IDA7IH0KLS0+CjxkaXYgaWQ9IkhlYWRlcktleXdvcmQiIHN0eWxlPSJsZWZ0OiA1MHB4OyB0b3A6IDgwcHgiPiA8c3Bhbj7ms6jnm67jga7jgq3jg7zjg6/jg7zjg4k8L3NwYW4+IOODneOCpOODs+ODiDEw5YCNIAogIOmAgeaWmeeEoeaWmSAKICDjg4jjg6zjg7zjg4vjg7PjgrDjgrfjg6Xjg7zjgrogCuODpuODi+ODleOCqeODvOODoOODkeODs+ODhAoyMDE2IArjg6njg7Pjg4vjg7PjgrDjgrfjg6Xjg7zjgrogCuODi+ODpeODvOODkOODqeODs+OCuSAgCiAg44OQ44OD44Kv44OR44OD44KvIAo8L2Rpdj4KPGNlbnRlcj48QlI+Cgo8IS0tMjBqaeOBk+OBk+OBi+OCiSAtLT4KPCEtLTx0YWJsZSB3aWR0aD0iNzMxIj4KPHRyIGFsaWduPSJjZW50ZXIiPiA8dGQgYmdjb2xvcj0iI2NjMDAwMCIgY29sc3Bhbj0iMyI+PGltZyBzcmM9Imh0dHA6Ly9pbWFnZS5yYWt1dGVuLmNvLmpwL2JidG93bi9jYWJpbmV0L3ItdG9wMi8yMGppXzczMS5naWYiIHdpZHRoPSI3MzEiIGhlaWdodD0iODIiPjwvdGQ+PC90cj4KPC90YWJsZT48YnI+LS0+CjwhLS08aW1nIHNyYz0iaHR0cDovL2ltYWdlLnJha3V0ZW4uY28uanAvYmJ0b3duL2NhYmluZXQvci10b3AyLzIwamlfNzMxLmdpZiIgd2lkdGg9IjczMCI+PGJyPiAtLT4KPCEtLQo8QlI+CiAtLT4KPCEtLTIwamnjgZPjgZPjgb7jgacgLS0+CjwhLS3jgqvjg4bjgrTjg6rjgZPjgZPjgYvjgokgLS0+Cjxicj48YnI+PGJyPgo8YnI+CjwhLS3jgqvjg4bjgrTjg6rjgZPjgZPjgb7jgacgLS0+CjwhLS3jg6Hjg6vjg57jgqzjg7tGQUNFQk9PS+eZu+mMsuOBk+OBk+OBi+OCiSAtLT4KPHRhYmxlIHdpZHRoPSI3MjkiIGJvcmRlcj0iMCI+Cjx0ciBhbGlnbj0iY2VudGVyIj4gCjx0ZCBiZ2NvbG9yPSIjZmZmZmZmIj4gCjxpbWcgc3JjPSJodHRwOi8vaW1hZ2UucmFrdXRlbi5jby5qcC9iYnRvd24vY2FiaW5ldC9yLXRvcDIvbWFpbF9zbWEuZ2lmIiB3aWR0aD0iMzUwIiBoZWlnaHQ9IjEwMCIgYWx0PSLjg6Hjg6vjg57jgqznmbvpjLIiPjwvdGQ+Cjx0ZCBiZ2NvbG9yPSIjZmZmZmZmIj4gCjxpbWcgc3JjPSJodHRwOi8vaW1hZ2UucmFrdXRlbi5jby5qcC9iYnRvd24vY2FiaW5ldC9yLXRvcDIvZmFjZV9wYy5naWYiIHdpZHRoPSIzNTAiIGhlaWdodD0iMTAwIiBhbHQ9IuODoeODq+ODnuOCrOeZu+mMsiI+PC90ZD4KPC90cj4KPC90YWJsZT48YnI+CjwhLS3jg6Hjg6vjg57jgqzjg7tGQUNFQk9PS+eZu+mMsuOBk+OBk+OBvuOBpyAtLT4KPC9jZW50ZXI+Cgo8IS0tIOOBqeOBk+OBp+OCguODleODquODvOOCueODmuODvOOCuXMgLS0+CjxsaW5rIGhyZWY9Imh0dHA6Ly93d3cucmFrdXRlbi5uZS5qcC9nb2xkL2JidG93bi9lY3Rvb2wvYWxsX3N0eWxlLmNzcyIgcmVsPSJzdHlsZXNoZWV0IiB0eXBlPSJ0ZXh0L2NzcyI+CjwhLS0g44Gp44GT44Gn44KC44OV44Oq44O844K544Oa44O844K5ZSAtLT4=,MjDvvIVPRkYg5pyA5aSnNe+8heW8leOCr+ODvOODneODsyDjg43jgrPjg53jgrnlj68g44K944OD44Kv44K5IOmHjueQg+eUqOWTgSDjg5/jgrrjg44gbWl6dW5vIOOCouODs+ODgOODvOOCueODiOODg+OCreODs+OCsCDmipfoj4zpmLLoh63ljprmiYsgNTJVVzE2NiDjgYLjgZnmpb3vvJrph47nkIPnlKjlk4Hjg5njg7zjgrnjg5zjg7zjg6vjgr/jgqbjg7M=,6YeO55CD55So5ZOB44Of44K644OO6YeO55CD44Kw44Ot44O844OW44OQ44OD44OI44Ki44K344OD44Kv44K5U1NLTklLReOCvOODg+ODiOOCueODkeOCpOOCr+OCsOODreODvOODluOCsOODqeODlue3tOe/kuedgOa/gOWuieOCouOCpuODiOODrOODg+ODiOODnOODvOODq+OCouODs+ODgOODvOOCt+ODo+ODhOi2heeJueS+oeOCsOODqeOCs+ODs+OCsOODqeODs+ODieOCs+ODvOODiOmYsuWvkjIw77yFT0ZGIOacgOWkpzXvvIXlvJXjgq/jg7zjg53jg7Mg44ON44Kz44Od44K55Y+vIOOCveODg+OCr+OCuSDph47nkIPnlKjlk4Eg44Of44K644OOIG1penVubyDjgqLjg7Pjg4Djg7zjgrnjg4jjg4Pjgq3jg7PjgrAg5oqX6I+M6Ziy6Iet5Y6a5omLIDUyVVcxNjYg44GC44GZ5qW9,44Of44K644OOIOmHjueQgyDjgr3jg4Pjgq/jgrkg5L2V54K544Gn44KC44ON44Kz44Od44K5Mjkw5YaG44CCMjDvvIVPRkYg5pyA5aSnNe+8heW8leOCr+ODvOODneODsyDjg43jgrPjg53jgrnlj68g44K944OD44Kv44K5IOmHjueQg+eUqOWTgSDjg5/jgrrjg44gbWl6dW5vIOOCouODs+ODgOODvOOCueODiOODg+OCreODs+OCsCDmipfoj4zpmLLoh63ljprmiYsgNTJVVzE2NiDjgYLjgZnmpb0=[rn]
25-79876,aHR0cDovL3RzaG9wLnIxMHMuanAvYmJ0b3duL2NhYmluZXQvYzIwMTVfMDEveWExNTAxLTIyLmpwZz9maXRpbj03MDA6NzAw,ODk4LjQwMDA=,,44K544Od44O844OE44O744Ki44Km44OI44OJ44KiID4g6YeO55CD44O744K944OV44OI44Oc44O844OrID4g44Km44Kn44KiID4g44K944OD44Kv44K5,MjDvvIVPRkYg5pyA5aSnNe+8heW8leOCr+ODvOODneODsyDjg43jgrPjg53jgrnlj68gNeacrOaMh+OCveODg+OCr+OCuSDph47nkIPnlKjlk4EgU1NLIDXmnKzmjIfjgqvjg6njg7zjgr3jg4Pjgq/jgrkg6KOP6KOc5by3IDI1772eMjhjbSDjgqjjg7PjgrggWUExNTAxIOOBguOBmealvQ==,U1NLIOmHjueQgyDjgr3jg4Pjgq/jgrkg5L2V54K544Gn44KC44ON44Kz44Od44K5Mjkw5YaG,PCEtLSBTU+OCqOODs+ODiOODquODvFBDLXMgLS0+PCEtLSAKPGZvbnQgY29sb3I9IiNmZjAwMDAiIHNpemU9IjQiPuKGk+OCqOODs+ODiOODquODvOOBruOBiuW/mOOCjOOBr+OBguOCiuOBvuOBm+OCk+OBi++8n+KGkzwvZm9udD48YnI+CjxpbWcgc3JjPSJodHRwOi8vaW1hZ2UucmFrdXRlbi5jby5qcC9iYnRvd24vY2FiaW5ldC9zczEyMDJiYW5uZXIvcmFrdXRlbl90dWxlXzEyMDVzcy5qcGciIGJvcmRlcj0iMCIgd2lkdGg9IjM1MCI+PGJyPgogLS0+PCEtLSBTU+OCqOODs+ODiOODquODvFBDLWUgLS0+Cjxicj4KPCEtLSDjg6njg4Pjg5Tjg7PjgrDoqpjlsI4tcyAtLT4KIDxmb250IGNvbG9yPSIjZmYwMDAwIiBzaXplPSI0Ij7ihpPjg6njg4Pjg5Tjg7PjgrAoMjcw5YaGL+eojui+vCnjga7jgZTms6jmlofjga/jgrPjg4Hjg6nihpM8L2ZvbnQ+PGJyPgo8aW1nIHNyYz0iaHR0cDovL2ltYWdlLnJha3V0ZW4uY28uanAvYmJ0b3duL2NhYmluZXQvci10b3AyL3dyYXBwaW5nXzYxNl8xLmpwZyIgYm9yZGVyPSIwIiB3aWR0aD0iMzUwIj48YnI+CjwhLS0g44Op44OD44OU44Oz44Kw6KqY5bCOLWUgLS0+Cjxicj4KPCEtLSDjgq7jg5Xjg4jplqLpgKPmpJzntKLjg6/jg7zjg4ktcyAtLT4KIOOAkOaknOe0ouODr+ODvOODie+8muODqeODg+ODlOODs+OCsCDotIjjgorjgoLjga4g6LSI44KK54mpIOi0iOeJqSDotIjnrZTlk4Eg44OX44Os44K844Oz44OIIOOCruODleODiCDjgYrnpZ3jgYQg6KiY5b+15ZOBIOWNkualrSDljZLlm6PjgJEgCjwhLS0g44Ku44OV44OI6Zai6YCj5qSc57Si44Ov44O844OJLXMgLS0+Cgo8YnI+PCEtLeOBiuiyt+OBhOeJqeOCrOOCpOODieOBk+OBk+OBi+OCiSAtLT4KPGltZyBzcmM9Imh0dHBzOi8vaW1hZ2UucmFrdXRlbi5jby5qcC9iYnRvd24vY2FiaW5ldC9yLXRvcDMvcGNfY2FydF8wNTI1LmdpZiIgYm9yZGVyPSIwIiB3aWR0aD0iNDAwIj48YnI+Cgo8IS0t44GK6LK344GE54mp44Ks44Kk44OJ44GT44GT44G+44GnIC0tPgo8IS0tIGV2aS1zIC0tPgrimIXjg6Hjg7zjgqvjg7zluIzmnJvlsI/lo7LkvqHmoLzjga/jg6Hjg7zjgqvjg7zjgqvjgr/jg63jgrDjgavln7rjgaXjgYTjgabmjrLovInjgZfjgabjgYTjgb7jgZk8QlI+PEJSPgo8IS0tIGV2aS1lIC0tPgo8IS0tIGFyZWEwIEIgLS0+CjwhLS0gYXJlYTAgRSAtLT4KPHRhYmxlIGJvcmRlcj0iMCIgd2lkdGg9IjcwMCIgY2VsbHBhZGRpbmc9IjIiIGNlbGxzcGFjaW5nPSIwIj4KICA8dHI+CiAgICA8dGQgYWxpZ249ImxlZnQiPgogICAgICA8dGFibGUgY2VsbHBhZGRpbmc9IjEiIHdpZHRoPSIxMDAlIj4KICAgICAgICA8dHI+CiAgICAgICAgICA8dGQgdmFsaWduPSJ0b3AiIGFsaWduPSJsZWZ0Ij4KICAgICAgICAgICAgPHRhYmxlIGJvcmRlcj0iMCIgY2VsbHBhZGRpbmc9IjQiIGNlbGxzcGFjaW5nPSIwIiB3aWR0aD0iOTUlIj4KICAgICAgICAgICAgICA8dHI+CiAgICAgICAgICAgICAgICA8dGQgYmdjb2xvcj0iIzAwMDA5OSI+PGI+PGZvbnQgY29sb3I9IiNmZmZmZmYiIHNpemU9IjIiPuWVhuWTgeiqrOaYjjwvZm9udD48L2I+PC90ZD4KICAgICAgICAgICAgICA8L3RyPgogICAgICAgICAgICAgIDwhLS0gYXJlYTEgQiAtLT4KICAgICAgICAgICAgICA8dHI+CiAgICAgICAgICAgICAgICA8dGQ+PGRpdiBjbGFzcz0idGV4dDIiIGFsaWduPSJsZWZ0Ij48Zm9udCBzaXplPSIyIiBjb2xvcj0iIzAwMDA5OSI+PC9mb250PjwvZGl2PjwvdGQ+CiAgICAgICAgICAgICAgPC90cj4KICAgICAgICAgICAgICA8IS0tIGFyZWExIEUgLS0+CiAgICAgICAgICAgICAgPCEtLSBhcmVhMiBCIC0tPgogICAgICAgICAgICAgIDx0cj4KICAgICAgICAgICAgICAgIDx0ZCBhbGlnbj0ibGVmdCI+PGZvbnQgc2l6ZT0iMiI+CiAgICAgICAgICAgICAgICAgIAogICAgICAgICAgICAgICAgICAKICAgICAgICAgICAgICAgICAgCiAgICAgICAgICAgICAgICAgIAogICAgICAgICAgICAgICAgICDil4/jgqvjg6njg7zvvJooMjIp44Ko44Oz44K4PGJyPgogICAgICAgICAgICAgICAgICAKICAgICAgICAgICAgICAgICAgCiAgICAgICAgICAgICAgICAgIOKXj+OCqOOCueOCqOOCueOCseOCpCDph47nkIPnlKjlk4Eg44K944OV44OI44Oc44O844Or55So5ZOBIOmdtOS4iwogICAgICAgICAgICAgICAgICA8L2ZvbnQ+PC90ZD4KICAgICAgICAgICAgICA8L3RyPgogICAgICAgICAgICAgIDwhLS0gYXJlYTIgRSAtLT4KICAgICAgICAgICAgICA8IS0tIGFyZWEzIEIgLS0+CiAgICAgICAgICAgICAgPCEtLSBhcmVhMyBFIC0tPgogICAgICAgICAgICA8L3RhYmxlPgogICAgICAgICAgPC90ZD4KICAgICAgICA8L3RyPgogICAgICA8L3RhYmxlPgogICAgPC90ZD4KICA8L3RyPgo8L3RhYmxlPjxzdHlsZSB0eXBlPSJ0ZXh0L2NzcyI+CjwhLS0KCnNwYW4uY2F0Y2hfY29weSwKc3Bhbi5pdGVtX25hbWUgewogIGxpbmUtaGVpZ2h0OiAxODAlOwp9CgoKLyog5ZWG5ZOB5ZCN5LiL44Gr5aKD55WM57ea44GM5YWl44KLICovCnNwYW4uaXRlbV9uYW1lIHsKICAgIGRpc3BsYXk6IGJsb2NrOwogICAgYm9yZGVyLWJvdHRvbTogMnB4IGRvdHRlZCAjZGRkOwogICAgcGFkZGluZy1ib3R0b206IDhweDsKfQoKLyog5L6h5qC844Gr5p6g57ea44GM44Gk44GPICovCnRhYmxlI3Jha3V0ZW5MaW1pdGVkSWRfY2FydCB7CiAgICBiYWNrZ3JvdW5kLWNvbG9yOiAjZjhmOGY4OwogICAgYm9yZGVyOiAxcHggc29saWQgI2RkZDsKICAgIHBhZGRpbmc6IDhweDsKICAgIG1hcmdpbjogMTZweCAwOwp9CgpzcGFuLnByaWNlMSB7CiAgICBjb2xvcjogIzMzMyAhaW1wb3J0YW50OwogICAgZm9udC13ZWlnaHQ6IGJvbGQ7CiAgICBmb250LXNpemU6IDgwJSAhaW1wb3J0YW50OwogICAgbGluZS1oZWlnaHQ6IDMwcHg7CiAgICBkaXNwbGF5OiBpbmxpbmUtYmxvY2s7CiAgICBtYXJnaW4tcmlnaHQ6IDE2cHg7Cn0KCi0tPgo8L3N0eWxlPgoKPHN0eWxlIHR5cGU9InRleHQvY3NzIj4KCjwvc3R5bGU+CjxzdHlsZSB0eXBlPSJ0ZXh0L2NzcyI+Ci8q6LK344GE54mp44GL44GU44Gr5YWl44KM44KL44Oc44K/44OzKi8KI3Jha3V0ZW5MaW1pdGVkSWRfYXJvdW5kQ2FydCBpbnB1dFt2YWx1ZT0i6LK344GE54mp44GL44GU44Gr5YWl44KM44KLIl17CmJhY2tncm91bmQ6IHVybCgiaHR0cDovL2ltYWdlLnJha3V0ZW4uY28uanAvYmJ0b3duL2NhYmluZXQvci10b3AyL2NhcnQuZ2lmIikgbGVmdCB0b3Agbm8tcmVwZWF0Owp3aWR0aDozMzZweDsKaGVpZ2h0OjY3cHg7CnRleHQtaW5kZW50OjEwMCU7CndoaXRlLXNwYWNlOm5vd3JhcDsKb3ZlcmZsb3c6aGlkZGVuOwpib3JkZXI6IG5vbmU7CnBhZGRpbmc6MDsKbWFyZ2luLXRvcDo1cHggMDsKY3Vyc29yOnBvaW50ZXI7Cn0KI3Jha3V0ZW5MaW1pdGVkSWRfYXJvdW5kQ2FydCB0Ym9keSB0ciB0ZCBpbnB1dDpob3ZlcnsKYWxwaGEob3BhY2l0eT04KTsKLW1vei1vcGFjaXR5OjAuODsKb3BhY2l0eTowLjg7CmN1cnNvcjpwb2ludGVyOwp9Cjwvc3R5bGU+Cgo8c3R5bGUgdHlwZT0idGV4dC9jc3MiPgoKLyog44GK5rCX44Gr5YWl44KK5ZWG5ZOB5beu44GX5pu/44GI44K/44KwICovCiNyYWt1dGVuTGltaXRlZElkX2Fyb3VuZENhcnQgI3NlcnZpY2VUYWJsZVNtbCB0ZC5mYXZvcml0ZSB7CnBhZGRpbmctdG9wOiA1cHg7Cn0KI3Jha3V0ZW5MaW1pdGVkSWRfYXJvdW5kQ2FydCBkaXYuYm9va21hcmtBcmVhIGRpdi5ia20gewp3aWR0aDozNDVweCAhaW1wb3J0YW50OwpoZWlnaHQ6MzEwcHggIWltcG9ydGFudDsKcGFkZGluZzogMHB4IDBweCAxMHB4IDBweCAhaW1wb3J0YW50Owp9CiNyYWt1dGVuTGltaXRlZElkX2Fyb3VuZENhcnQgZGl2LmJvb2ttYXJrQXJlYSBkaXYuYmttIGEuYWRkQmttIHsKd2lkdGg6MzQ1cHggIWltcG9ydGFudDsKaGVpZ2h0OjMxMHB4ICFpbXBvcnRhbnQ7Cn0KI3Jha3V0ZW5MaW1pdGVkSWRfYXJvdW5kQ2FydCBkaXYuYm9va21hcmtBcmVhIGRpdi5ia20gYS5hZGRCa20gc3Bhbi5ia21TdGFyIHsKZGlzcGxheTogaW5saW5lLWJsb2NrICFpbXBvcnRhbnQ7CndpZHRoOjM0NXB4ICFpbXBvcnRhbnQ7CmhlaWdodDozMTBweCAhaW1wb3J0YW50OwptYXJnaW46MHB4IDBweCAxMHB4IDBweCAhaW1wb3J0YW50OwpiYWNrZ3JvdW5kOiB1cmwoImh0dHA6Ly9pbWFnZS5yYWt1dGVuLmNvLmpwL2JidG93bi9jYWJpbmV0L3ItdG9wMi9va2luaWlyaV9pdGVtLmdpZiIpIG5vLXJlcGVhdCAhaW1wb3J0YW50Owp9CgovKiDjgYrmsJfjgavlhaXjgorjgrfjg6fjg4Pjg5flt67jgZfmm7/jgYjjgr/jgrAgKi8KZGl2LmJvb2ttYXJrQXJlYSB7CndpZHRoOjMzNXB4ICFpbXBvcnRhbnQ7Cn0KI3Jha3V0ZW5MaW1pdGVkSWRfYXJvdW5kQ2FydCBkaXYuc2hvcEJvb2ttYXJrQXJlYSBkaXYuc2hvcEJrbSB7CndpZHRoOjMzNXB4ICFpbXBvcnRhbnQ7CmhlaWdodDo2N3B4ICFpbXBvcnRhbnQ7CnBhZGRpbmc6IDBweCAwcHggIWltcG9ydGFudDsKcGFkZGluZy1sZWZ0OiAwcHggIWltcG9ydGFudDsKfQojcmFrdXRlbkxpbWl0ZWRJZF9hcm91bmRDYXJ0IGRpdi5zaG9wQm9va21hcmtBcmVhIGRpdi5zaG9wQmttIGEuYWRkU2hvcEJrbSBzcGFuLnNob3BCa21TdGFyIHsKZGlzcGxheTogaW5saW5lLWJsb2NrICFpbXBvcnRhbnQ7CndpZHRoOjMzNXB4ICFpbXBvcnRhbnQ7CmhlaWdodDo2N3B4ICFpbXBvcnRhbnQ7Cm1hcmdpbi1yaWdodDogMHB4ICFpbXBvcnRhbnQ7CmJhY2tncm91bmQ6IHVybCgiaHR0cDovL2ltYWdlLnJha3V0ZW4uY28uanAvYmJ0b3duL2NhYmluZXQvci10b3AyL29raW5paXJpX3Nob3AuZ2lmIikgbm8tcmVwZWF0ICFpbXBvcnRhbnQ7Cn0KCjwvc3R5bGU+Cgo8c3R5bGUgdHlwZT0idGV4dC9jc3MiPgo8IS0tCgpkaXYjSGVhZGVyS2V5d29yZCB7Cglwb3NpdGlvbjphYnNvbHV0ZTsKCXRvcDo1MHB4Oy8q5LiA55Wq5LiK44GL44KJ44Gu5L2N572uKi8KCWxlZnQ6MzBweDsvKuW3puerr+OBi+OCieOBruS9jee9riovCn0KCmRpdiNIZWFkZXJLZXl3b3JkIHNwYW4gewoJYmFja2dyb3VuZDogI2JmMDAwMDsKCWNvbG9yOiNmZmY7Cglmb250LXdlaWdodDpib2xkOwoJcGFkZGluZzoycHggNXB4Owp9CgpkaXYjSGVhZGVyS2V5d29yZCBhIHsKCWNvbG9yOiMwMDQ0Q0M7Cn0KCi0tPgo8L3N0eWxlPgo8IS0tLyrosrfjgYTnianjgYvjgZTkuIrjg5zjgr/jg7MqLwoKCnNwYW4udW5pdCB7IGJhY2tncm91bmQ6IHVybChodHRwOi8vaW1hZ2UucmFrdXRlbi5jby5qcC9iYnRvd24vY2FiaW5ldC9yLXRvcDIva2Fnb19zb3VyeW91Mi5naWYpIG5vLXJlcGVhdCBsZWZ0IHRvcDsgdGV4dC1pbmRlbnQ6Ci05OTk5OyBkaXNwbGF5OiBibG9jazsgd2lkdGg6IDMzNTsgaGVpZ2h0OiA2ODsgbWFyZ2luOjE1cHggMDsgfQotLT4KPGRpdiBpZD0iSGVhZGVyS2V5d29yZCIgc3R5bGU9ImxlZnQ6IDUwcHg7IHRvcDogODBweCI+IDxzcGFuPuazqOebruOBruOCreODvOODr+ODvOODiTwvc3Bhbj4g44Od44Kk44Oz44OIMTDlgI0gCiAg6YCB5paZ54Sh5paZIAogIOODiOODrOODvOODi+ODs+OCsOOCt+ODpeODvOOCuiAK44Om44OL44OV44Kp44O844Og44OR44Oz44OECjIwMTYgCuODqeODs+ODi+ODs+OCsOOCt+ODpeODvOOCuiAK44OL44Ol44O844OQ44Op44Oz44K5ICAKICDjg5Djg4Pjgq/jg5Hjg4Pjgq8gCjwvZGl2Pgo8Y2VudGVyPjxCUj4KCjwhLS0yMGpp44GT44GT44GL44KJIC0tPgo8IS0tPHRhYmxlIHdpZHRoPSI3MzEiPgo8dHIgYWxpZ249ImNlbnRlciI+IDx0ZCBiZ2NvbG9yPSIjY2MwMDAwIiBjb2xzcGFuPSIzIj48aW1nIHNyYz0iaHR0cDovL2ltYWdlLnJha3V0ZW4uY28uanAvYmJ0b3duL2NhYmluZXQvci10b3AyLzIwamlfNzMxLmdpZiIgd2lkdGg9IjczMSIgaGVpZ2h0PSI4MiI+PC90ZD48L3RyPgo8L3RhYmxlPjxicj4tLT4KPCEtLTxpbWcgc3JjPSJodHRwOi8vaW1hZ2UucmFrdXRlbi5jby5qcC9iYnRvd24vY2FiaW5ldC9yLXRvcDIvMjBqaV83MzEuZ2lmIiB3aWR0aD0iNzMwIj48YnI+IC0tPgo8IS0tCjxCUj4KIC0tPgo8IS0tMjBqaeOBk+OBk+OBvuOBpyAtLT4KPCEtLeOCq+ODhuOCtOODquOBk+OBk+OBi+OCiSAtLT4KPGJyPjxicj48YnI+Cjxicj4KPCEtLeOCq+ODhuOCtOODquOBk+OBk+OBvuOBpyAtLT4KPCEtLeODoeODq+ODnuOCrOODu0ZBQ0VCT09L55m76Yyy44GT44GT44GL44KJIC0tPgo8dGFibGUgd2lkdGg9IjcyOSIgYm9yZGVyPSIwIj4KPHRyIGFsaWduPSJjZW50ZXIiPiAKPHRkIGJnY29sb3I9IiNmZmZmZmYiPiAKPGltZyBzcmM9Imh0dHA6Ly9pbWFnZS5yYWt1dGVuLmNvLmpwL2JidG93bi9jYWJpbmV0L3ItdG9wMi9tYWlsX3NtYS5naWYiIHdpZHRoPSIzNTAiIGhlaWdodD0iMTAwIiBhbHQ9IuODoeODq+ODnuOCrOeZu+mMsiI+PC90ZD4KPHRkIGJnY29sb3I9IiNmZmZmZmYiPiAKPGltZyBzcmM9Imh0dHA6Ly9pbWFnZS5yYWt1dGVuLmNvLmpwL2JidG93bi9jYWJpbmV0L3ItdG9wMi9mYWNlX3BjLmdpZiIgd2lkdGg9IjM1MCIgaGVpZ2h0PSIxMDAiIGFsdD0i44Oh44Or44Oe44Ks55m76YyyIj48L3RkPgo8L3RyPgo8L3RhYmxlPjxicj4KPCEtLeODoeODq+ODnuOCrOODu0ZBQ0VCT09L55m76Yyy44GT44GT44G+44GnIC0tPgo8L2NlbnRlcj4KCjwhLS0g44Gp44GT44Gn44KC44OV44Oq44O844K544Oa44O844K5cyAtLT4KPGxpbmsgaHJlZj0iaHR0cDovL3d3dy5yYWt1dGVuLm5lLmpwL2dvbGQvYmJ0b3duL2VjdG9vbC9hbGxfc3R5bGUuY3NzIiByZWw9InN0eWxlc2hlZXQiIHR5cGU9InRleHQvY3NzIj4KPCEtLSDjganjgZPjgafjgoLjg5Xjg6rjg7zjgrnjg5rjg7zjgrllIC0tPg==,MjDvvIVPRkYg5pyA5aSnNe+8heW8leOCr+ODvOODneODsyDjg43jgrPjg53jgrnlj68gNeacrOaMh+OCveODg+OCr+OCuSDph47nkIPnlKjlk4EgU1NLIDXmnKzmjIfjgqvjg6njg7zjgr3jg4Pjgq/jgrkg6KOP6KOc5by3IDI1772eMjhjbSDjgqjjg7PjgrggWUExNTAxIOOBguOBmealve+8mumHjueQg+eUqOWTgeODmeODvOOCueODnOODvOODq+OCv+OCpuODsw==,6YeO55CD55So5ZOB44Of44K644OO6YeO55CD44Kw44Ot44O844OW44OQ44OD44OI44Ki44K344OD44Kv44K5U1NLTklLReOCvOODg+ODiOOCueODkeOCpOOCr+OCsOODreODvOODluOCsOODqeODlue3tOe/kuedgOa/gOWuieOCouOCpuODiOODrOODg+ODiOODnOODvOODq+OCouODs+ODgOODvOOCt+ODo+ODhOi2heeJueS+oeOCsOODqeOCs+ODs+OCsOODqeODs+ODieOCs+ODvOODiOmYsuWvkjIw77yFT0ZGIOacgOWkpzXvvIXlvJXjgq/jg7zjg53jg7Mg44ON44Kz44Od44K55Y+vIDXmnKzmjIfjgr3jg4Pjgq/jgrkg6YeO55CD55So5ZOBIFNTSyA15pys5oyH44Kr44Op44O844K944OD44Kv44K5IOijj+ijnOW8tyAyNe+9njI4Y20g44Ko44Oz44K4IFlBMTUwMSDjgYLjgZnmpb0=,U1NLIOmHjueQgyDjgr3jg4Pjgq/jgrkg5L2V54K544Gn44KC44ON44Kz44Od44K5Mjkw5YaG44CCMjDvvIVPRkYg5pyA5aSnNe+8heW8leOCr+ODvOODneODsyDjg43jgrPjg53jgrnlj68gNeacrOaMh+OCveODg+OCr+OCuSDph47nkIPnlKjlk4EgU1NLIDXmnKzmjIfjgqvjg6njg7zjgr3jg4Pjgq/jgrkg6KOP6KOc5by3IDI1772eMjhjbSDjgqjjg7PjgrggWUExNTAxIOOBguOBmealvQ==[rn]
25-79877,aHR0cDovL3RzaG9wLnIxMHMuanAvdHN1Ym9pLXMvY2FiaW5ldC9yYXdsaW5nczAxL2FwcDVzMDEuanBnP2ZpdGluPTcwMDo3MDA=,MzkzOS4yMDAw,,44K544Od44O844OE44O744Ki44Km44OI44OJ44KiID4g6YeO55CD44O744K944OV44OI44Oc44O844OrID4g44Km44Kn44KiID4g56u25oqA55So44Om44OL44OV44Kp44O844Og,6YeO55CD55So5ZOBIOODreODvOODquODs+OCsOOCue+8iFJhd2xpbmdz77yJIOOAkEFQUDVTMDHjgJEg44Km44Or44OI44Op44OP44Kk44OR44O844OZ44O844K544Oc44O844Or44OR44Oz44OEIOOCt+ODp+ODvOODiOODleOCo+ODg+ODiCDjgJAyMCVPRkbjgJEg44Om44OL44OV44Kp44O844OgIDE2U1M=,44CQMTA4MDDlhobku6XkuIrpgIHmlpnnhKHmlpnjgJE=,PHN0eWxlIHR5cGU9InRleHQvY3NzIj4KPCEtLQouc3R5bGUxIHtjb2xvcjogI0ZGMDAwMDtmb250LXdlaWdodDogYm9sZDt9CiNpdGVtIHtmb250LXNpemU6MTJweDtsaW5lLWhlaWdodDoxLjU7Y29sb3I6IzMzMzMzMzt3aWR0aDo2ODBweDt9Ci0tPgo8L3N0eWxlPgoKPGRpdiBpZD0iYXR0ZW50aW9uIj4KPHRhYmxlIHdpZHRoPSI2MDAiIGJvcmRlcj0iMCIgY2VsbHBhZGRpbmc9IjAiIGNlbGxzcGFjaW5nPSIwIj48dHI+PHRkPgrjgZPjgaHjgonjga7llYblk4Hjga/jg6Hjg7zjgqvjg7zjga7lnKjluqvnirbms4HjgpLjgoLjgajjgavlrprmnJ/nmoTjgavmm7TmlrDjgZfjgabjgYrjgorjgb7jgZnjgII8YnI+CuWcqOW6q+eKtuazgeOBr+W4uOOBq+WkieWLleOBl+OBpuOBiuOCiuOBvuOBmeOBruOBp+OAgeOBlOazqOaWh+OBruWVhuWTgeOBjOWcqOW6q+WIh+OCjOOBqOOBquOBo+OBpuOBhOOCi+WPr+iDveaAp+OBjOOBlOOBluOBhOOBvuOBmeOAgjxicj4K44Gd44Gu5aC05ZCI44Gv5b2T5bqX44GL44KJ44GK6YCB44KK44GZ44KL56K66KqN44Oh44O844Or44Gr44Gm44GK55+l44KJ44Gb44GE44Gf44GX44G+44GZ44Gu44Gn44CB44GU5LqG5om/44GP44Gg44GV44GE44CCCjwvdGQ+PC90cj48L3RhYmxlPgo8L2Rpdj4KPGJyPjxicj4KPHRhYmxlIHdpZHRoPSI2ODAiIGJvcmRlcj0iMCIgY2VsbHNwYWNpbmc9IjAiIGNlbGxwYWRkaW5nPSIwIj4KPHRyPgo8dGQgYWxpZ249ImNlbnRlciIgc3R5bGU9ImZvbnQtc2l6ZToyNXB4OyBwYWRkaW5nLWJvdHRvbToxMHB4OyI+44Km44Or44OI44Op44OP44Kk44OR44O844OZ44O844K544Oc44O844Or44OR44Oz44OEPC90ZD4KPC90cj4KPHRyPgo8dGQgYWxpZ249ImNlbnRlciI+PGltZyBzcmM9Imh0dHA6Ly9pbWFnZS5yYWt1dGVuLmNvLmpwL3RzdWJvaS1zL2NhYmluZXQvcmF3bGluZ3MwMS9hcHA1czAxLmpwZyI+PGJyPgo8YnI+Cjxicj4KPGltZyBzcmM9Imh0dHA6Ly9pbWFnZS5yYWt1dGVuLmNvLmpwL3RzdWJvaS1zL2NhYmluZXQvcmF3bGluZ3MwMS9hcHA1czAxLTIuanBnIj48YnI+Cjxicj4KPGJyPgo8aW1nIHNyYz0iaHR0cDovL2ltYWdlLnJha3V0ZW4uY28uanAvdHN1Ym9pLXMvY2FiaW5ldC9zaXplLW1lbnMtdGFuLmdpZiI+PC90ZD4KPC90cj4KPC90YWJsZT4KPGJyPjxicj4KPHRhYmxlIGJvcmRlcj0iMCIgY2VsbHNwYWNpbmc9IjIwIiBjZWxscGFkZGluZz0iOCIgYmdjb2xvcj0iI0Y1RjVGNSIgaWQ9Iml0ZW0iPgo8dHI+Cjx0ZCBiZ2NvbG9yPSIjRkZGRkZGIiBzdHlsZT0iYm9yZGVyOjFweCBkYXNoZWQgI0IwQjBCMDsiPjxzcGFuIGNsYXNzPSJzdHlsZTEiPuOAkOazqOaEj+S6i+mgheOAkTwvc3Bhbj48YnI+CuKXj+OBlOazqOaWh+W+jOOBruOCreODo+ODs+OCu+ODq+ODu+i/lOWTgeODu+S6pOaPm+OBr+OBiuWPl+OBkeOBp+OBjeOBi+OBreOBvuOBmeOAguOBguOCieOBi+OBmOOCgeOBlOS6huaJv+OBj+OBoOOBleOBhOOAgjwvdGQ+CjwvdHI+CjwvdGFibGU+Cjxicj48YnI+PHN0eWxlIHR5cGU9InRleHQvY3NzIj4KPCEtLQojc3BlYyB7d2lkdGg6MzYwcHg7fQojc3BlYyB0YWJsZSB7Ym9yZGVyLXRvcDoxcHggZG90dGVkICM5OTk7d2lkdGg6MzYwcHg7Zm9udC1zaXplOjEycHg7bGluZS1oZWlnaHQ6MS41O30KI3NwZWMgdGgge3RleHQtYWxpZ246bGVmdDtwYWRkaW5nOjdweCAwIDdweCA3cHg7Ym9yZGVyLWJvdHRvbToxcHggZG90dGVkICM5OTk7d2lkdGg6ODBweDt9CiNzcGVjIHRkIHtib3JkZXItYm90dG9tOjFweCBkb3R0ZWQgIzk5OTtwYWRkaW5nOjdweCAwIDdweCAwO30KLS0+Cjwvc3R5bGU+Cgo8ZGl2IGlkPSJzcGVjIj4KPHRhYmxlIGNlbGxwYWRkaW5nPSIwIiBjZWxsc3BhY2luZz0iMCI+Cjx0cj4KPHRoPuWVhuWTgeiqrOaYjjwvdGg+Cjx0ZD7jgrnjg4jjg6zjg4Pjg4HmgKfjgIHogJDkuYXmgKfjgpLjgqLjg4Pjg5fjgILlhKrjgozjgZ/jg5XjgqPjg4Pjg4jmhJ/jgpLlrp/nj77jgILmipXjgIHmiZPjgIHotbDjga7kuIDnnqzjga7liKTmlq3jgIHli5XjgY3jgpLjg5Hjg7Pjg4TjgYzjgrXjg53jg7zjg4jjgZfjgb7jgZnjgILjgqbjgqfjgrnjg4jjg5njg6vjg4jjga/ohbDjgpLjgZfjgaPjgYvjgorjgajjgrXjg53jg7zjg4jjgZnjgos2NW1t5be+44Oe44O844OZ44Or44OI44CCM+OBpOOBruODleODg+OCr+ODnOOCv+ODs+OBp+abtOOBq+OCteODneODvOODiOOBl+OBvuOBmTwvdGQ+CjwvdHI+Cjx0cj4KPHRoPuOCq+ODqeODvDwvdGg+Cjx0ZD7jg5vjg6/jgqTjg4g8L3RkPgo8L3RyPgo8dHI+Cjx0aD7jgrXjgqTjgro8L3RoPgo8dGQ+U+OAgU3jgIFM44CBT+OAgVhP44CBMlhPPC90ZD4KPC90cj4KPHRyPgo8dGg+57Sg44CA5p2QPC90aD4KPHRkPuODneODquOCqOOCueODhuODqzkx77yF44CB44Od44Oq44Km44Os44K/44OzOe+8hTwvdGQ+CjwvdHI+Cjx0cj4KPHRoPueJueOAgOmVtzwvdGg+Cjx0ZD7jg7vjgZfjgaPjgYvjgorjg5vjg7zjg6vjg4njgafjgY3jgosz44Gk44Oc44K/44OzPGJyPgrjg7s2NW1t44K344Oq44Kz44Oz5LuY44GN44Oe44O844OZ44Or44OIPGJyPgrjg7vjg5Djg4Pjgq/jgavjgqrjg7zjg5Djg6tS44Ot44K05Yi657mN5YWl44KKPGJyPgrjg7vlkLjmsZfpgJ/kub48YnI+CuODu+mYsuaxmuWKoOW3pTxicj4K44O744Km44Or44OI44Op44OP44Kk44OR44O844K544OI44Os44OD44OBPGJyPgrjg7vjg4Hjg7zjg6Dlr77lv5w8L3RkPgo8L3RyPgo8dHI+Cjx0aD7ljp/nlKPlm708L3RoPgo8dGQ+5Lit5Zu9PC90ZD4KPC90cj4KPC90YWJsZT4KPC9kaXY+Cjxicj4KPHRhYmxlIHdpZHRoPSIzNjAiIGJvcmRlcj0iMCIgY2VsbHBhZGRpbmc9IjAiIGNlbGxzcGFjaW5nPSIwIiBzdHlsZT0iZm9udC1zaXplOjEwcHg7Ij4KPHRyPgo8dGQ+44Oh44O844Kr44O85biM5pyb5bCP5aOy5L6h5qC844Gv44Oh44O844Kr44O844Kr44K/44Ot44Kw44Gr5Z+644Gl44GE44Gm5o6y6LyJ44GX44Gm44GE44G+44GZPC90ZD4KPC90cj4KPC90YWJsZT48c3R5bGUgdHlwZT0idGV4dC9jc3MiPgo8IS0tCgoudGF4X3Bvc3RhZ2UgewoJZm9udC13ZWlnaHQ6Ym9sZDsKfQoKLyog6LK344GE54mp44GL44GU44Oc44K/44Oz5beu44GX5pu/44GI44K/44KwICovCiNyYWt1dGVuTGltaXRlZElkX2Fyb3VuZENhcnQgaW5wdXRbdmFsdWU9Iuiyt+OBhOeJqeOBi+OBlOOBq+WFpeOCjOOCiyJdewogIHdpZHRoOiAyMTVweDsKICBoZWlnaHQ6IDUwcHg7CiAgYmFja2dyb3VuZDp1cmwoaHR0cDovL3d3dy5yYWt1dGVuLm5lLmpwL2dvbGQvdHN1Ym9pLXMvYWRkLXRvLWNhcnQucG5nKSAjRkZGRkZGIG5vLXJlcGVhdDsKICBvdmVyZmxvdzogaGlkZGVuOwogIGJvcmRlci13aWR0aDogMHB4OwogIGN1cnNvcjogcG9pbnRlciAhaW1wb3J0YW50OwogIHRleHQtaW5kZW50OiAxNTAlOwogIHdoaXRlLXNwYWNlOiBub3dyYXA7CiAgbWFyZ2luOiA1cHggMDsKfQojcmFrdXRlbkxpbWl0ZWRJZF9hcm91bmRDYXJ0IGlucHV0I3VuaXRzIHsKICBib3JkZXI6c29saWQgI2NjYyAxcHg7CiAgYmFja2dyb3VuZDojZmZmIWltcG9ydGFudDsKICB3aWR0aDo0MHB4OwogIGhlaWdodDozMHB4OwogIGN1cnNvcjphdXRvOwogIHBhZGRpbmc6N3B4IDdweCA3cHggM3B4OwogIHRleHQtaW5kZW50OiAwcHg7CiAgb3ZlcmZsb3c6IGhpZGRlbjsKfQoKLyog44GK5rCX44Gr5YWl44KK5ZWG5ZOB5beu44GX5pu/44GI44K/44KwICovCiNyYWt1dGVuTGltaXRlZElkX2Fyb3VuZENhcnQgI3NlcnZpY2VUYWJsZVNtbCB0ZC5mYXZvcml0ZSB7CnBhZGRpbmctdG9wOiA1cHg7Cn0KI3Jha3V0ZW5MaW1pdGVkSWRfYXJvdW5kQ2FydCBkaXYuYm9va21hcmtBcmVhIGRpdi5ia20gewp3aWR0aDogMjE1cHggIWltcG9ydGFudDsKaGVpZ2h0OjM1cHggIWltcG9ydGFudDsKcGFkZGluZzogMHB4IDBweCAxMHB4IDBweCAhaW1wb3J0YW50Owp9CiNyYWt1dGVuTGltaXRlZElkX2Fyb3VuZENhcnQgZGl2LmJvb2ttYXJrQXJlYSBkaXYuYmttIGEuYWRkQmttIHsKd2lkdGg6IDIxNXB4ICFpbXBvcnRhbnQ7CmhlaWdodDozNXB4ICFpbXBvcnRhbnQ7Cn0KI3Jha3V0ZW5MaW1pdGVkSWRfYXJvdW5kQ2FydCBkaXYuYm9va21hcmtBcmVhIGRpdi5ia20gYS5hZGRCa20gc3Bhbi5ia21TdGFyIHsKZGlzcGxheTogaW5saW5lLWJsb2NrICFpbXBvcnRhbnQ7CndpZHRoOiAyMTVweCAhaW1wb3J0YW50OwpoZWlnaHQ6MzVweCAhaW1wb3J0YW50OwptYXJnaW46MHB4IDBweCAxMHB4IDBweCAhaW1wb3J0YW50OwpiYWNrZ3JvdW5kOiB1cmwoImh0dHA6Ly93d3cucmFrdXRlbi5uZS5qcC9nb2xkL3RzdWJvaS1zL2Zhdm9yaXRlLnBuZyIpIG5vLXJlcGVhdCAhaW1wb3J0YW50Owp9CgovKiDpoIXnm67pgbjmip7ogqLjgqvjgrnjgr/jg57jgqTjgrogKi8KI3Jha3V0ZW5MaW1pdGVkSWRfYXJvdW5kQ2FydCBzcGFuLmNob2ljZSArIHNlbGVjdCB7CiAgICBkaXNwbGF5OiBibG9jayAhaW1wb3J0YW50OwogICAgcGFkZGluZzogNHB4OwogICAgbWFyZ2luLWJvdHRvbTogMnB4OwogICAgYm9yZGVyLXJhZGl1czogMnB4OyAgIAp9CgojcmFrdXRlbkxpbWl0ZWRJZF9hcm91bmRDYXJ0IHNwYW4uY2hvaWNlIHsKICAgIGRpc3BsYXk6IGlubGluZS1ibG9jazsKICAgIHBvc2l0aW9uOnJlbGF0aXZlOwogICAgcGFkZGluZzogNHB4OwogICAgbWFyZ2luLWJvdHRvbTogOHB4OwogICAgYmFja2dyb3VuZDogI2VlZTsgLyrlkLnjgY3lh7rjgZfjga7og4zmma/oibIgKi8KICAgIGJvcmRlci1yYWRpdXM6IDJweDsKfQojcmFrdXRlbkxpbWl0ZWRJZF9hcm91bmRDYXJ0IHNwYW4uY2hvaWNlOmFmdGVyIHsKICAgIGNvbnRlbnQ6ICIiOwogICAgcG9zaXRpb246IGFic29sdXRlOwogICAgYm90dG9tOiAtOHB4OwogICAgbGVmdDogMjRweDsKICAgIG1hcmdpbi1sZWZ0OiAtOHB4OwogICAgZGlzcGxheTogYmxvY2s7CiAgICB3aWR0aDogMHB4OwogICAgaGVpZ2h0OiAwcHg7CiAgICBib3JkZXItc3R5bGU6IHNvbGlkOwogICAgYm9yZGVyLXdpZHRoOiA4cHggOHB4IDAgOHB4OwogICAgYm9yZGVyLWNvbG9yOiAjZWVlIHRyYW5zcGFyZW50IHRyYW5zcGFyZW50IHRyYW5zcGFyZW50Owp9Ci0tPgo8L3N0eWxlPgoKCjxicj4=,6YeO55CD55So5ZOBIOODreODvOODquODs+OCsOOCue+8iFJhd2xpbmdz77yJIOOAkEFQUDVTMDHjgJEg44Km44Or44OI44Op44OP44Kk44OR44O844OZ44O844K544Oc44O844Or44OR44Oz44OEIOOCt+ODp+ODvOODiOODleOCo+ODg+ODiCDjgJAyMCVPRkbjgJEg44Om44OL44OV44Kp44O844OgIDE2U1PvvJrph47nkIPnlKjlk4HjgIDjgrDjg6njg7Pjg4njgrnjg6njg6A=,6YeO55CD55So5ZOB44Kw44Op44OW44OQ44OD44OI44K544OR44Kk44Kv44Of44K644OOYXNpY3PjgqLjg4fjgqPjg4Djgrnjgrzjg4Pjg4jjgrnjgq3jg7Pjgrrjgqrjg7zjgq/jg6rjg7xTU0taRVRUTUlaVU5P44OH44K144Oz44OI44Ki44Oz44OA44O844Ki44O844Oe44O844Of44K644OO44OX44Ot44OP44K/44Kx44Ok44Oe44K244OK44OD44Kv44K544Ot44O844Oq44Oz44Kw44K544Ki44K344OD44Kv44K56YeO55CD55So5ZOBIOODreODvOODquODs+OCsOOCue+8iFJhd2xpbmdz77yJIOOAkEFQUDVTMDHjgJEg44Km44Or44OI44Op44OP44Kk44OR44O844OZ44O844K544Oc44O844Or44OR44Oz44OEIOOCt+ODp+ODvOODiOODleOCo+ODg+ODiCDjgJAyMCVPRkbjgJEg44Om44OL44OV44Kp44O844OgIDE2U1M=,44CQMTA4MDDlhobku6XkuIrpgIHmlpnnhKHmlpnjgJHjgILph47nkIPnlKjlk4Eg44Ot44O844Oq44Oz44Kw44K577yIUmF3bGluZ3PvvIkg44CQQVBQNVMwMeOAkSDjgqbjg6vjg4jjg6njg4/jgqTjg5Hjg7zjg5njg7zjgrnjg5zjg7zjg6vjg5Hjg7Pjg4Qg44K344On44O844OI44OV44Kj44OD44OIIOOAkDIwJU9GRuOAkSDjg6bjg4vjg5Xjgqnjg7zjg6AgMTZTUw==[rn]
25-79878,aHR0cDovL3RzaG9wLnIxMHMuanAvcmFrdXRlbmVhZ2xlcy9jYWJpbmV0L2l0ZW1faW1nXzExL215aGVyb3VuaV9oL2EwMTAxMDMyX2EuanBnP2ZpdGluPTcwMDo3MDA=,NjgwMC4wMDAw,,44K544Od44O844OE44O744Ki44Km44OI44OJ44KiID4g6YeO55CD44O744K944OV44OI44Oc44O844OrID4g44Km44Kn44KiID4g56u25oqA55So44Om44OL44OV44Kp44O844Og,5qW95aSp44Kk44O844Kw44Or44K5IE1hamVzdGljW+ODnuOCuOOCp+OCueODhuOCo+ODg+OCr10gTXlIRVJP44Om44OL44OV44Kp44O844Og44CK44Ob44O844Og44CL6IGW5r6k6KuSIzIz,44Os44OX44Oq44Kr44Om44OL44OV44Kp44O844Og44CK44Ob44O844Og44CL77yB,PGRpdiBzdHlsZT0idGV4dC1hbGlnbjpjZW50ZXIiPjxicj48YnI+PGltZyBzcmM9Imh0dHA6Ly93d3cucmFrdXRlbi5uZS5qcC9nb2xkL3Jha3V0ZW5lYWdsZXMvaXRlbWltZy9pdGVtL3JyYWt1dGVuL2hvbWUuanBnIiB3aWR0aD0xMDAlIj48YnI+PGJyPjxpbWcgc3JjPSJodHRwOi8vaW1hZ2UucmFrdXRlbi5jby5qcC9yYWt1dGVuZWFnbGVzL2NhYmluZXQvaXRlbV9pbWdfMTEvbXloZXJvdW5pX2gvYTAxMDEwMzJfYS5qcGciIHdpZHRoPTEwMCUiPjxicj48YnI+PGltZyBzcmM9Imh0dHA6Ly9pbWFnZS5yYWt1dGVuLmNvLmpwL3Jha3V0ZW5lYWdsZXMvY2FiaW5ldC9pdGVtX2ltZ18xMS9teWhlcm91bmlfaC9hMDEwMTAzMl9iLmpwZyIgd2lkdGg9MTAwJSI+PGJyPjxicj48aW1nIHNyYz0iaHR0cDovL2ltYWdlLnJha3V0ZW4uY28uanAvcmFrdXRlbmVhZ2xlcy9jYWJpbmV0L2l0ZW1faW1nXzExL215aGVyb3VuaV9oL2EwMTAxMDMyX2MuanBnIiB3aWR0aD0xMDAlIj48YnI+PGJyPjwvZGl2PjxkaXYgY2xhc3M9Iml0ZW1EZXRhaWwiPgoKPGRpdiBjbGFzcz0iaW5uZXIiPgo8cCBjbGFzcz0ibWFpblRpdGxlIj7llYblk4HoqbPntLA8L3A+CjxwIGNsYXNzPSJpbmZvbWF0aW9uIj4K6IOM55Wq5Y+344CB6IOM44ON44O844Og5YWl44KK44GuTXlIRVJP44Om44OL44OV44Kp44O844Og44KS552A44Gm44CBTXlIRVJP44KS5b+c5o+044GX44KI44GG4pmqPGJyPgo8L3A+CjwvZGl2PgoKPGRpdiBjbGFzcz0iaW5uZXIiPgo8cCBjbGFzcz0ibWFpblRpdGxlMiI+57Sg5p2QPC9wPgo8cCBjbGFzcz0iaW5mb21hdGlvbiI+44Od44Oq44Ko44K544OG44OrMTAwJTwvcD4KPC9kaXY+Cgo8ZGl2IGNsYXNzPSJpbm5lciI+CjxwIGNsYXNzPSJtYWluVGl0bGUyIj7jgrXjgqTjgro8L3A+Cgo8dGFibGUgY2xhc3M9Iml0ZW1UYWJsZSIgYm9yZGVyPSIwIiBjZWxscGFkZGluZz0iMCIgY2VsbHNwYWNpbmc9IjAiPgoKCjx0cj4KPHRoPihjbSk8L3RoPgo8dGg+TTwvdGg+Cjx0aD5MPC90aD4KPHRoPlhMPC90aD4KPC90cj4KCjx0cj4KPHRoPuedgOS4iDwvdGg+Cjx0ZD43MTwvdGQ+Cjx0ZD43NDwvdGQ+Cjx0ZD44MTwvdGQ+CjwvdHI+Cgo8dHI+Cjx0aD7ouqvluYU8L3RoPgo8dGQ+NTQ8L3RkPgo8dGQ+NjE8L3RkPgo8dGQ+Njc8L3RkPgo8L3RyPgoKPHRyPgo8dGg+6KKW5LiIPC90aD4KPHRkPjM1PC90ZD4KPHRkPjM4PC90ZD4KPHRkPjQxPC90ZD4KPC90cj4KPC90YWJsZT4K4oC75aSa5bCR5YmN5b6M44GZ44KL5aC05ZCI44GM44GU44GW44GE44G+44GZ44CC5LqI44KB44GU5LqG5om/44GP44Gg44GV44GE44CCCjwvZGl2Pgo8ZGl2IGNsYXNzPSJpbm5lciI+CjxwIGNsYXNzPSJtYWluVGl0bGUyIj7oopbjg6/jg4Pjg5rjg7PjgavjgaTjgYTjgabjga7jgZTms6jmhI88L3A+CjxwIGNsYXNzPSJpbmZvbWF0aW9uIj4K6YG45omL44GM552A55So44GZ44KL44Om44OL44OV44Kp44O844Og44Gu6KKW44Ov44OD44Oa44Oz44GMMjAxN+OCt+ODvOOCuuODs+ODkeODu+ODquODvOOCsOWFrOW8j+aIpuS7pemZjeWkieabtOOBq+OBquOCi+OBk+OBqOOBq+S8tOOBhOOAgTxicj4K5b2T44K344On44OD44OX44Gn5Y+W44KK5omx44GE44GX44Gm44GE44KLTXlIRVJP44Om44OL44OV44Kp44O844Og44Gu6KKW44Ov44OD44Oa44Oz44KC44Ki44Kk44OG44Og44GU44Go44Gr6YGp5a6c44Oq44OL44Ol44O844Ki44Or44KS5a6f5pa944GE44Gf44GX44G+44GZ44CCPGJyPgo8YnI+CuWkieabtOWJje+8mumBuOaJi+OBjDIwMTfjgrfjg7zjgrrjg7Pjgqrjg7zjg5fjg7PmiKbjgb7jgafnnYDnlKjjgZnjgovoopbjg6/jg4Pjg5rjg7PjgIpS44CLPGJyPgrlpInmm7TlvozvvJrpgbjmiYvjgYwyMDE344K344O844K644Oz44OR44O744Oq44O844Kw5YWs5byP5oim6ZaL5bmV5b6M44Gr552A55So44GZ44KL6KKW44Ov44OD44Oa44Oz44CKUlJha3V0ZW7jgIs8YnI+Cjxicj4K44O76YG45omL44GM44Kq44O844OX44Oz5oim44G+44Gn552A55So44GZ44KL5LiK6KiY77yIMe+8ieOAgeODkeODu+ODquODvOOCsOWFrOW8j+aIpumWi+W5leW+jOOBq+edgOeUqOOBmeOCi+S4iuiomO+8iDLvvInjga4y56iu6aGe44GM44GU44GW44GE44G+44GZ44CCPGJyPgrjg7vpgbjmiYvmr47jg7vjgrXjgqTjgrrmr47jgavkuIroqJjvvIgx77yJ44Gu5ZWG5ZOB5Zyo5bqr44GM54Sh44GP44Gq44KK5qyh56ys44CB6YGp5a6c5LiK6KiY77yIMu+8ieOBq+iHqueEtuWIh+OCiuaPm+OBiOOBqOOBquOCiuOBvuOBmeOBjOOAgTxicj4K6YG45omL44O744K144Kk44K644Gr44KI44Gj44Gm44Gv44K344O844K644Oz44KS6YCa44GX44Gm5YiH44KK5o+b44KP44KJ44Gq44GE5ZWG5ZOB44KC44GU44GW44GE44G+44GZ44CCPGJyPgrjg7vliIfjgormj5vjgYjmmYLmnJ/jga/jgqrjg7Pjg6njgqTjg7Pjgrfjg6fjg4Pjg5fjgpLlkKvjgoDlhajjgabjga7jgrDjg4Pjgrrjgrfjg6fjg4Pjg5fjgaflkIzjgZjjgr/jgqTjg5/jg7PjgrDjgafjgZnjgII8YnI+CuODu+mBuOaJi+avjuODu+OCteOCpOOCuuavjuOBruWIh+OCiuaPm+OBiOaZguacn+OBr+WFqOOBpuacqueiuuWumuOBrueCuuOAgeOBiuWVj+WQiOOBm+etieOBq+OBr+OBiuetlOOBiOWHuuadpeOBvuOBm+OCk+OAguS6iOOCgeOBlOS6huaJv+mhmOOBhOOBvuOBmeOAgjxicj4KPGJyPgrigLvos7zlhaXlvozjgavoopbjg6/jg4Pjg5rjg7Pjga7jg4fjgrbjgqTjg7PjgpLnkIbnlLHjgajjgZfjgZ/ov5Tlk4Hjg7vkuqTmj5vjga/kuIDliIfjgYrlj5fjgZHjgafjgY3jgb7jgZvjgpM8YnI+CjwvZGl2Pgo8L2Rpdj48dGFibGUgd2lkdGg9IjYwMCI+PHRib2R5Pjx0cj48dGQ+CjxkaXYgY2xhc3M9ImFydGljbGUiIGlkPSJsaW5rcyI+Cgo8L2Rpdj4KCjxzdHlsZSB0eXBlPSJ0ZXh0L2NzcyI+Ci8q6LK344GE54mp44GL44GU44Gr5YWl44KM44KL44Oc44K/44OzKi8KI3Jha3V0ZW5MaW1pdGVkSWRfYXJvdW5kQ2FydCBpbnB1dFt2YWx1ZT0i6LK344GE54mp44GL44GU44Gr5YWl44KM44KLIl17CmJhY2tncm91bmQ6IHVybCgiaHR0cDovL2ltYWdlLnJha3V0ZW4uY28uanAvcmFrdXRlbmVhZ2xlcy9jYWJpbmV0LzIwMTVfY2FydC5naWYiKSBsZWZ0IHRvcCBuby1yZXBlYXQ7CndpZHRoOjI0MHB4OwpoZWlnaHQ6ODBweDsKdGV4dC1pbmRlbnQ6MTAwJTsKd2hpdGUtc3BhY2U6bm93cmFwOwpvdmVyZmxvdzpoaWRkZW47CmJvcmRlcjogbm9uZTsKcGFkZGluZzowOwptYXJnaW46MTBweCAwIWltcG9ydGFudDsKY3Vyc29yOnBvaW50ZXI7Cn0KI3Jha3V0ZW5MaW1pdGVkSWRfYXJvdW5kQ2FydCB0Ym9keSB0ciB0ZCBpbnB1dDpob3ZlcnsKYWxwaGEob3BhY2l0eT04KTsKLW1vei1vcGFjaXR5OjAuODsKb3BhY2l0eTowLjg7Cn0KCi8q5LqI57SE44GZ44KL44Oc44K/44OzKi8KI3Jha3V0ZW5MaW1pdGVkSWRfYXJvdW5kQ2FydCBpbnB1dFt2YWx1ZT0i5LqI57SE44GZ44KLIl17CmJhY2tncm91bmQ6IHVybCgiaHR0cDovL2ltYWdlLnJha3V0ZW4uY28uanAvcmFrdXRlbmVhZ2xlcy9jYWJpbmV0LzIwMTVfY2FydF9ib29rLmdpZiIpIGxlZnQgdG9wIG5vLXJlcGVhdDsKd2lkdGg6MjQwcHg7CmhlaWdodDo4MHB4Owp0ZXh0LWluZGVudDoxMDAlOwp3aGl0ZS1zcGFjZTpub3dyYXA7Cm92ZXJmbG93OmhpZGRlbjsKYm9yZGVyOiBub25lOwpwYWRkaW5nOjA7Cm1hcmdpbjoxMHB4IDAhaW1wb3J0YW50OwpjdXJzb3I6cG9pbnRlcjsKfQoKCjwvc3R5bGU+,5qW95aSp44Kk44O844Kw44Or44K5IE1hamVzdGljW+ODnuOCuOOCp+OCueODhuOCo+ODg+OCr10gTXlIRVJP44Om44OL44OV44Kp44O844Og44CK44Ob44O844Og44CL6IGW5r6k6KuSIzIz77ya5qW95aSp44Kk44O844Kw44Or44K544Kq44Oz44Op44Kk44Oz44K344On44OD44OX,5p2x5YyX5qW95aSp44K044O844Or44OH44Oz44Kk44O844Kw44Or44K56YG45omL5b+c5o+044Kw44OD44K644Om44OL44OV44Kp44O844Og44Kt44Oj44OD44OX5bi95a2Q44OX44Ot6YeO55CD5LuZ5Y+w5a6u5Z+O55Sw5Lit5bCG5aSn5baL5Z+65a6P6YqA5qyh5p2+5LqV56i86aCt5aSu5pif6YeO55uj552j5bKh5bO26LGq6YOO6IyC5pyo5qCE5LqU6YOO5qKo55Sw55u0562G44K144Kk44Oz5YWl44KK6KiY5b+15ZWG5ZOB44OR44O744Oq44O844Kw44Od44Oz44OB44OnQ0hVTVPjg4Hjg6Pjg6DjgrnjgrPjg6njg5zjgrPjg6zjgq/jgrfjg6fjg7PjgrDjg4PjgrpEWOODh+ODqeODg+OCr+OCueODnuOCuOOCp+OCueODhuOCo+ODg+OCr01hamVzdGljVE9IT0tV44CAR1JFRU5NeUhFUk/jgqbjgqPjg7zjg6njg7zjg5rjgrLjg7zjg63jgqLjg57jg4Djg7zmpb3lpKnjgqTjg7zjgrDjg6vjgrkgTWFqZXN0aWNb44Oe44K444Kn44K544OG44Kj44OD44KvXSBNeUhFUk/jg6bjg4vjg5Xjgqnjg7zjg6DjgIrjg5vjg7zjg6DjgIvogZbmvqToq5IjMjM=,44Os44OX44Oq44Kr44Om44OL44OV44Kp44O844Og44CK44Ob44O844Og44CL77yB44CC5qW95aSp44Kk44O844Kw44Or44K5IE1hamVzdGljW+ODnuOCuOOCp+OCueODhuOCo+ODg+OCr10gTXlIRVJP44Om44OL44OV44Kp44O844Og44CK44Ob44O844Og44CL6IGW5r6k6KuSIzIz[rn]
25-79879,aHR0cDovL3RzaG9wLnIxMHMuanAvcmFrdXRlbmVhZ2xlcy9jYWJpbmV0L2l0ZW1faW1nXzExL215aGVyb3VuaV9oL2EwMTAxMDM1X2EuanBnP2ZpdGluPTcwMDo3MDA=,NjgwMC4wMDAw,,44K544Od44O844OE44O744Ki44Km44OI44OJ44KiID4g6YeO55CD44O744K944OV44OI44Oc44O844OrID4g44Km44Kn44KiID4g56u25oqA55So44Om44OL44OV44Kp44O844Og,5qW95aSp44Kk44O844Kw44Or44K5IE1hamVzdGljW+ODnuOCuOOCp+OCueODhuOCo+ODg+OCr10gTXlIRVJP44Om44OL44OV44Kp44O844Og44CK44Ob44O844Og44CL56aP55Sw5bCG5YSAIzI0,44Os44OX44Oq44Kr44Om44OL44OV44Kp44O844Og44CK44Ob44O844Og44CL77yB,PGRpdiBzdHlsZT0idGV4dC1hbGlnbjpjZW50ZXIiPjxicj48YnI+PGltZyBzcmM9Imh0dHA6Ly93d3cucmFrdXRlbi5uZS5qcC9nb2xkL3Jha3V0ZW5lYWdsZXMvaXRlbWltZy9pdGVtL3JyYWt1dGVuL2hvbWUuanBnIiB3aWR0aD0xMDAlIj48YnI+PGJyPjxpbWcgc3JjPSJodHRwOi8vaW1hZ2UucmFrdXRlbi5jby5qcC9yYWt1dGVuZWFnbGVzL2NhYmluZXQvaXRlbV9pbWdfMTEvbXloZXJvdW5pX2gvYTAxMDEwMzVfYS5qcGciIHdpZHRoPTEwMCUiPjxicj48YnI+PGltZyBzcmM9Imh0dHA6Ly9pbWFnZS5yYWt1dGVuLmNvLmpwL3Jha3V0ZW5lYWdsZXMvY2FiaW5ldC9pdGVtX2ltZ18xMS9teWhlcm91bmlfaC9hMDEwMTAzNV9iLmpwZyIgd2lkdGg9MTAwJSI+PGJyPjxicj48aW1nIHNyYz0iaHR0cDovL2ltYWdlLnJha3V0ZW4uY28uanAvcmFrdXRlbmVhZ2xlcy9jYWJpbmV0L2l0ZW1faW1nXzExL215aGVyb3VuaV9oL2EwMTAxMDM1X2MuanBnIiB3aWR0aD0xMDAlIj48YnI+PGJyPjwvZGl2PjxkaXYgY2xhc3M9Iml0ZW1EZXRhaWwiPgoKPGRpdiBjbGFzcz0iaW5uZXIiPgo8cCBjbGFzcz0ibWFpblRpdGxlIj7llYblk4HoqbPntLA8L3A+CjxwIGNsYXNzPSJpbmZvbWF0aW9uIj4K6IOM55Wq5Y+344CB6IOM44ON44O844Og5YWl44KK44GuTXlIRVJP44Om44OL44OV44Kp44O844Og44KS552A44Gm44CBTXlIRVJP44KS5b+c5o+044GX44KI44GG4pmqPGJyPgo8L3A+CjwvZGl2PgoKPGRpdiBjbGFzcz0iaW5uZXIiPgo8cCBjbGFzcz0ibWFpblRpdGxlMiI+57Sg5p2QPC9wPgo8cCBjbGFzcz0iaW5mb21hdGlvbiI+44Od44Oq44Ko44K544OG44OrMTAwJTwvcD4KPC9kaXY+Cgo8ZGl2IGNsYXNzPSJpbm5lciI+CjxwIGNsYXNzPSJtYWluVGl0bGUyIj7jgrXjgqTjgro8L3A+Cgo8dGFibGUgY2xhc3M9Iml0ZW1UYWJsZSIgYm9yZGVyPSIwIiBjZWxscGFkZGluZz0iMCIgY2VsbHNwYWNpbmc9IjAiPgoKCjx0cj4KPHRoPihjbSk8L3RoPgo8dGg+TTwvdGg+Cjx0aD5MPC90aD4KPHRoPlhMPC90aD4KPC90cj4KCjx0cj4KPHRoPuedgOS4iDwvdGg+Cjx0ZD43MTwvdGQ+Cjx0ZD43NDwvdGQ+Cjx0ZD44MTwvdGQ+CjwvdHI+Cgo8dHI+Cjx0aD7ouqvluYU8L3RoPgo8dGQ+NTQ8L3RkPgo8dGQ+NjE8L3RkPgo8dGQ+Njc8L3RkPgo8L3RyPgoKPHRyPgo8dGg+6KKW5LiIPC90aD4KPHRkPjM1PC90ZD4KPHRkPjM4PC90ZD4KPHRkPjQxPC90ZD4KPC90cj4KPC90YWJsZT4K4oC75aSa5bCR5YmN5b6M44GZ44KL5aC05ZCI44GM44GU44GW44GE44G+44GZ44CC5LqI44KB44GU5LqG5om/44GP44Gg44GV44GE44CCCjwvZGl2Pgo8ZGl2IGNsYXNzPSJpbm5lciI+CjxwIGNsYXNzPSJtYWluVGl0bGUyIj7oopbjg6/jg4Pjg5rjg7PjgavjgaTjgYTjgabjga7jgZTms6jmhI88L3A+CjxwIGNsYXNzPSJpbmZvbWF0aW9uIj4K6YG45omL44GM552A55So44GZ44KL44Om44OL44OV44Kp44O844Og44Gu6KKW44Ov44OD44Oa44Oz44GMMjAxN+OCt+ODvOOCuuODs+ODkeODu+ODquODvOOCsOWFrOW8j+aIpuS7pemZjeWkieabtOOBq+OBquOCi+OBk+OBqOOBq+S8tOOBhOOAgTxicj4K5b2T44K344On44OD44OX44Gn5Y+W44KK5omx44GE44GX44Gm44GE44KLTXlIRVJP44Om44OL44OV44Kp44O844Og44Gu6KKW44Ov44OD44Oa44Oz44KC44Ki44Kk44OG44Og44GU44Go44Gr6YGp5a6c44Oq44OL44Ol44O844Ki44Or44KS5a6f5pa944GE44Gf44GX44G+44GZ44CCPGJyPgo8YnI+CuWkieabtOWJje+8mumBuOaJi+OBjDIwMTfjgrfjg7zjgrrjg7Pjgqrjg7zjg5fjg7PmiKbjgb7jgafnnYDnlKjjgZnjgovoopbjg6/jg4Pjg5rjg7PjgIpS44CLPGJyPgrlpInmm7TlvozvvJrpgbjmiYvjgYwyMDE344K344O844K644Oz44OR44O744Oq44O844Kw5YWs5byP5oim6ZaL5bmV5b6M44Gr552A55So44GZ44KL6KKW44Ov44OD44Oa44Oz44CKUlJha3V0ZW7jgIs8YnI+Cjxicj4K44O76YG45omL44GM44Kq44O844OX44Oz5oim44G+44Gn552A55So44GZ44KL5LiK6KiY77yIMe+8ieOAgeODkeODu+ODquODvOOCsOWFrOW8j+aIpumWi+W5leW+jOOBq+edgOeUqOOBmeOCi+S4iuiomO+8iDLvvInjga4y56iu6aGe44GM44GU44GW44GE44G+44GZ44CCPGJyPgrjg7vpgbjmiYvmr47jg7vjgrXjgqTjgrrmr47jgavkuIroqJjvvIgx77yJ44Gu5ZWG5ZOB5Zyo5bqr44GM54Sh44GP44Gq44KK5qyh56ys44CB6YGp5a6c5LiK6KiY77yIMu+8ieOBq+iHqueEtuWIh+OCiuaPm+OBiOOBqOOBquOCiuOBvuOBmeOBjOOAgTxicj4K6YG45omL44O744K144Kk44K644Gr44KI44Gj44Gm44Gv44K344O844K644Oz44KS6YCa44GX44Gm5YiH44KK5o+b44KP44KJ44Gq44GE5ZWG5ZOB44KC44GU44GW44GE44G+44GZ44CCPGJyPgrjg7vliIfjgormj5vjgYjmmYLmnJ/jga/jgqrjg7Pjg6njgqTjg7Pjgrfjg6fjg4Pjg5fjgpLlkKvjgoDlhajjgabjga7jgrDjg4Pjgrrjgrfjg6fjg4Pjg5fjgaflkIzjgZjjgr/jgqTjg5/jg7PjgrDjgafjgZnjgII8YnI+CuODu+mBuOaJi+avjuODu+OCteOCpOOCuuavjuOBruWIh+OCiuaPm+OBiOaZguacn+OBr+WFqOOBpuacqueiuuWumuOBrueCuuOAgeOBiuWVj+WQiOOBm+etieOBq+OBr+OBiuetlOOBiOWHuuadpeOBvuOBm+OCk+OAguS6iOOCgeOBlOS6huaJv+mhmOOBhOOBvuOBmeOAgjxicj4KPGJyPgrigLvos7zlhaXlvozjgavoopbjg6/jg4Pjg5rjg7Pjga7jg4fjgrbjgqTjg7PjgpLnkIbnlLHjgajjgZfjgZ/ov5Tlk4Hjg7vkuqTmj5vjga/kuIDliIfjgYrlj5fjgZHjgafjgY3jgb7jgZvjgpM8YnI+CjwvZGl2Pgo8L2Rpdj48dGFibGUgd2lkdGg9IjYwMCI+PHRib2R5Pjx0cj48dGQ+CjxkaXYgY2xhc3M9ImFydGljbGUiIGlkPSJsaW5rcyI+Cgo8L2Rpdj4KCjxzdHlsZSB0eXBlPSJ0ZXh0L2NzcyI+Ci8q6LK344GE54mp44GL44GU44Gr5YWl44KM44KL44Oc44K/44OzKi8KI3Jha3V0ZW5MaW1pdGVkSWRfYXJvdW5kQ2FydCBpbnB1dFt2YWx1ZT0i6LK344GE54mp44GL44GU44Gr5YWl44KM44KLIl17CmJhY2tncm91bmQ6IHVybCgiaHR0cDovL2ltYWdlLnJha3V0ZW4uY28uanAvcmFrdXRlbmVhZ2xlcy9jYWJpbmV0LzIwMTVfY2FydC5naWYiKSBsZWZ0IHRvcCBuby1yZXBlYXQ7CndpZHRoOjI0MHB4OwpoZWlnaHQ6ODBweDsKdGV4dC1pbmRlbnQ6MTAwJTsKd2hpdGUtc3BhY2U6bm93cmFwOwpvdmVyZmxvdzpoaWRkZW47CmJvcmRlcjogbm9uZTsKcGFkZGluZzowOwptYXJnaW46MTBweCAwIWltcG9ydGFudDsKY3Vyc29yOnBvaW50ZXI7Cn0KI3Jha3V0ZW5MaW1pdGVkSWRfYXJvdW5kQ2FydCB0Ym9keSB0ciB0ZCBpbnB1dDpob3ZlcnsKYWxwaGEob3BhY2l0eT04KTsKLW1vei1vcGFjaXR5OjAuODsKb3BhY2l0eTowLjg7Cn0KCi8q5LqI57SE44GZ44KL44Oc44K/44OzKi8KI3Jha3V0ZW5MaW1pdGVkSWRfYXJvdW5kQ2FydCBpbnB1dFt2YWx1ZT0i5LqI57SE44GZ44KLIl17CmJhY2tncm91bmQ6IHVybCgiaHR0cDovL2ltYWdlLnJha3V0ZW4uY28uanAvcmFrdXRlbmVhZ2xlcy9jYWJpbmV0LzIwMTVfY2FydF9ib29rLmdpZiIpIGxlZnQgdG9wIG5vLXJlcGVhdDsKd2lkdGg6MjQwcHg7CmhlaWdodDo4MHB4Owp0ZXh0LWluZGVudDoxMDAlOwp3aGl0ZS1zcGFjZTpub3dyYXA7Cm92ZXJmbG93OmhpZGRlbjsKYm9yZGVyOiBub25lOwpwYWRkaW5nOjA7Cm1hcmdpbjoxMHB4IDAhaW1wb3J0YW50OwpjdXJzb3I6cG9pbnRlcjsKfQoKCjwvc3R5bGU+,5qW95aSp44Kk44O844Kw44Or44K5IE1hamVzdGljW+ODnuOCuOOCp+OCueODhuOCo+ODg+OCr10gTXlIRVJP44Om44OL44OV44Kp44O844Og44CK44Ob44O844Og44CL56aP55Sw5bCG5YSAIzI077ya5qW95aSp44Kk44O844Kw44Or44K544Kq44Oz44Op44Kk44Oz44K344On44OD44OX,5p2x5YyX5qW95aSp44K044O844Or44OH44Oz44Kk44O844Kw44Or44K56YG45omL5b+c5o+044Kw44OD44K644Om44OL44OV44Kp44O844Og44Kt44Oj44OD44OX5bi95a2Q44OX44Ot6YeO55CD5LuZ5Y+w5a6u5Z+O55Sw5Lit5bCG5aSn5baL5Z+65a6P6YqA5qyh5p2+5LqV56i86aCt5aSu5pif6YeO55uj552j5bKh5bO26LGq6YOO6IyC5pyo5qCE5LqU6YOO5qKo55Sw55u0562G44K144Kk44Oz5YWl44KK6KiY5b+15ZWG5ZOB44OR44O744Oq44O844Kw44Od44Oz44OB44OnQ0hVTVPjg4Hjg6Pjg6DjgrnjgrPjg6njg5zjgrPjg6zjgq/jgrfjg6fjg7PjgrDjg4PjgrpEWOODh+ODqeODg+OCr+OCueODnuOCuOOCp+OCueODhuOCo+ODg+OCr01hamVzdGljVE9IT0tV44CAR1JFRU5NeUhFUk/jgqbjgqPjg7zjg6njg7zjg5rjgrLjg7zjg63jgqLjg57jg4Djg7zmpb3lpKnjgqTjg7zjgrDjg6vjgrkgTWFqZXN0aWNb44Oe44K444Kn44K544OG44Kj44OD44KvXSBNeUhFUk/jg6bjg4vjg5Xjgqnjg7zjg6DjgIrjg5vjg7zjg6DjgIvnpo/nlLDlsIblhIAjMjQ=,44Os44OX44Oq44Kr44Om44OL44OV44Kp44O844Og44CK44Ob44O844Og44CL77yB44CC5qW95aSp44Kk44O844Kw44Or44K5IE1hamVzdGljW+ODnuOCuOOCp+OCueODhuOCo+ODg+OCr10gTXlIRVJP44Om44OL44OV44Kp44O844Og44CK44Ob44O844Og44CL56aP55Sw5bCG5YSAIzI0[rn]
25-79880,aHR0cDovL3RzaG9wLnIxMHMuanAvdHN1Ym9pLXMvY2FiaW5ldC9yYXdsaW5nczAxL2FwcDVzMDJubi5qcGc/Zml0aW49NzAwOjcwMA==,MzQ0Ny4yMDAw,,44K544Od44O844OE44O744Ki44Km44OI44OJ44KiID4g6YeO55CD44O744K944OV44OI44Oc44O844OrID4g44Km44Kn44KiID4g56u25oqA55So44Om44OL44OV44Kp44O844Og,44CQ54m55L6h44CR6YeO55CD55So5ZOBIOODreODvOODquODs+OCsOOCue+8iFJhd2xpbmdz77yJIOOAkEFQUDVTMDItTk7jgJEg44Km44Or44OI44Op44OP44Kk44OR44O844OZ44O844K544Oc44O844Or44OR44Oz44OEIOODrOOCruODpeODqeODvCDlhazlvI/miKblr77lv5zvvIjjg57jg7zjgq/jgarjgZfvvIkg44CQMzAlT0ZG44CRIOODpuODi+ODleOCqeODvOODoCAyMDE3U1M=,44CQMTA4MDDlhobku6XkuIrpgIHmlpnnhKHmlpnjgJE=,PHN0eWxlIHR5cGU9InRleHQvY3NzIj4KPCEtLQouc3R5bGUxIHtjb2xvcjogI0ZGMDAwMDtmb250LXdlaWdodDogYm9sZDt9CiNpdGVtIHtmb250LXNpemU6MTJweDtsaW5lLWhlaWdodDoxLjU7Y29sb3I6IzMzMzMzMzt3aWR0aDo2ODBweDt9Ci0tPgo8L3N0eWxlPgoKPGRpdiBpZD0iYXR0ZW50aW9uIj4KPHRhYmxlIHdpZHRoPSI2MDAiIGJvcmRlcj0iMCIgY2VsbHBhZGRpbmc9IjAiIGNlbGxzcGFjaW5nPSIwIj48dHI+PHRkPgrjgZPjgaHjgonjga7llYblk4Hjga/jg6Hjg7zjgqvjg7zjga7lnKjluqvnirbms4HjgpLjgoLjgajjgavlrprmnJ/nmoTjgavmm7TmlrDjgZfjgabjgYrjgorjgb7jgZnjgII8YnI+CuWcqOW6q+eKtuazgeOBr+W4uOOBq+WkieWLleOBl+OBpuOBiuOCiuOBvuOBmeOBruOBp+OAgeOBlOazqOaWh+OBruWVhuWTgeOBjOWcqOW6q+WIh+OCjOOBqOOBquOBo+OBpuOBhOOCi+WPr+iDveaAp+OBjOOBlOOBluOBhOOBvuOBmeOAgjxicj4K44Gd44Gu5aC05ZCI44Gv5b2T5bqX44GL44KJ44GK6YCB44KK44GZ44KL56K66KqN44Oh44O844Or44Gr44Gm44GK55+l44KJ44Gb44GE44Gf44GX44G+44GZ44Gu44Gn44CB44GU5LqG5om/44GP44Gg44GV44GE44CCCjwvdGQ+PC90cj48L3RhYmxlPgo8L2Rpdj4KPGJyPjxicj4KPHRhYmxlIHdpZHRoPSI2ODAiIGJvcmRlcj0iMCIgY2VsbHNwYWNpbmc9IjAiIGNlbGxwYWRkaW5nPSIwIj4KPHRyPgo8dGQgYWxpZ249ImNlbnRlciIgc3R5bGU9ImZvbnQtc2l6ZToyNXB4OyBwYWRkaW5nLWJvdHRvbToxMHB4OyI+44Km44Or44OI44Op44OP44Kk44OR44O844OZ44O844K544Oc44O844Or44OR44Oz44OEPC90ZD4KPC90cj4KPHRyPgo8dGQgYWxpZ249ImNlbnRlciI+PGltZyBzcmM9Imh0dHA6Ly9pbWFnZS5yYWt1dGVuLmNvLmpwL3RzdWJvaS1zL2NhYmluZXQvcmF3bGluZ3MwMS9hcHA1czAybm4uanBnIj48YnI+Cjxicj4KPGJyPgo8aW1nIHNyYz0iaHR0cDovL2ltYWdlLnJha3V0ZW4uY28uanAvdHN1Ym9pLXMvY2FiaW5ldC9yYXdsaW5nczAxL2FwcDVzMDJubi0xLmpwZyI+PGJyPgo8YnI+Cjxicj4KPGltZyBzcmM9Imh0dHA6Ly9pbWFnZS5yYWt1dGVuLmNvLmpwL3RzdWJvaS1zL2NhYmluZXQvc2l6ZS1tZW5zLXRhbi5naWYiPjwvdGQ+CjwvdHI+CjwvdGFibGU+Cjxicj48YnI+Cjx0YWJsZSBib3JkZXI9IjAiIGNlbGxzcGFjaW5nPSIyMCIgY2VsbHBhZGRpbmc9IjgiIGJnY29sb3I9IiNGNUY1RjUiIGlkPSJpdGVtIj4KPHRyPgo8dGQgYmdjb2xvcj0iI0ZGRkZGRiIgc3R5bGU9ImJvcmRlcjoxcHggZGFzaGVkICNCMEIwQjA7Ij48c3BhbiBjbGFzcz0ic3R5bGUxIj7jgJDms6jmhI/kuovpoIXjgJE8L3NwYW4+PGJyPgril4/jgZTms6jmloflvozjga7jgq3jg6Pjg7Pjgrvjg6vjg7vov5Tlk4Hjg7vkuqTmj5vjga/jgYrlj5fjgZHjgafjgY3jgYvjga3jgb7jgZnjgILjgYLjgonjgYvjgZjjgoHjgZTkuobmib/jgY/jgaDjgZXjgYTjgII8L3RkPgo8L3RyPgo8L3RhYmxlPgo8YnI+PGJyPjxzdHlsZSB0eXBlPSJ0ZXh0L2NzcyI+CjwhLS0KI3NwZWMge3dpZHRoOjM2MHB4O30KI3NwZWMgdGFibGUge2JvcmRlci10b3A6MXB4IGRvdHRlZCAjOTk5O3dpZHRoOjM2MHB4O2ZvbnQtc2l6ZToxMnB4O2xpbmUtaGVpZ2h0OjEuNTt9CiNzcGVjIHRoIHt0ZXh0LWFsaWduOmxlZnQ7cGFkZGluZzo3cHggMCA3cHggN3B4O2JvcmRlci1ib3R0b206MXB4IGRvdHRlZCAjOTk5O3dpZHRoOjgwcHg7fQojc3BlYyB0ZCB7Ym9yZGVyLWJvdHRvbToxcHggZG90dGVkICM5OTk7cGFkZGluZzo3cHggMCA3cHggMDt9Ci0tPgo8L3N0eWxlPgoKPGRpdiBpZD0ic3BlYyI+Cjx0YWJsZSBjZWxscGFkZGluZz0iMCIgY2VsbHNwYWNpbmc9IjAiPgo8dHI+Cjx0aD7llYblk4HoqqzmmI48L3RoPgo8dGQ+44K544OI44Os44OD44OB5oCn44CB6ICQ5LmF5oCn44KS44Ki44OD44OX44CC5YSq44KM44Gf44OV44Kj44OD44OI5oSf44KS5a6f54++44CC5oqV44CB5omT44CB6LWw44Gu5LiA556s44Gu5Yik5pat44CB5YuV44GN44KS44OR44Oz44OE44GM44K144Od44O844OI44GX44G+44GZ44CC44Km44Kn44K544OI44OZ44Or44OI44Gv6IWw44KS44GX44Gj44GL44KK44Go44K144Od44O844OI44GZ44KLNjVtbeW3vuODnuODvOODmeODq+ODiOOAgjPjgaTjga7jg5Xjg4Pjgq/jg5zjgr/jg7Pjgafmm7TjgavjgrXjg53jg7zjg4jjgZfjgb7jgZk8L3RkPgo8L3RyPgo8dHI+Cjx0aD7jgqvjg6njg7w8L3RoPgo8dGQ+44Ob44Ov44Kk44OIPC90ZD4KPC90cj4KPHRyPgo8dGg+44K144Kk44K6PC90aD4KPHRkPlPjgIFN44CBTOOAgU/jgIFYT+OAgTJYTzwvdGQ+CjwvdHI+Cjx0cj4KPHRoPue0oOOAgOadkDwvdGg+Cjx0ZD7jg53jg6rjgqjjgrnjg4bjg6s5Me+8heOAgeODneODquOCpuODrOOCv+ODsznvvIU8L3RkPgo8L3RyPgo8dHI+Cjx0aD7nibnjgIDplbc8L3RoPgo8dGQ+44O75a2m55Sf6YeO55CD5a++5b+cPGJyPgrjg7vjgZfjgaPjgYvjgorjg5vjg7zjg6vjg4njgafjgY3jgosz44Gk44Oc44K/44OzPGJyPgrjg7s2NW1t44K344Oq44Kz44Oz5LuY44GN44Oe44O844OZ44Or44OIPGJyPgrjg7vlkLjmsZfpgJ/kub48YnI+CuODu+mYsuaxmuWKoOW3pTxicj4K44O744Km44Or44OI44Op44OP44Kk44OR44O844K544OI44Os44OD44OBPGJyPgrjg7vjg4Hjg7zjg6Dlr77lv5w8L3RkPgo8L3RyPgo8dHI+Cjx0aD7ljp/nlKPlm708L3RoPgo8dGQ+5Lit5Zu9PC90ZD4KPC90cj4KPC90YWJsZT4KPC9kaXY+Cjxicj4KPHRhYmxlIHdpZHRoPSIzNjAiIGJvcmRlcj0iMCIgY2VsbHBhZGRpbmc9IjAiIGNlbGxzcGFjaW5nPSIwIiBzdHlsZT0iZm9udC1zaXplOjEwcHg7Ij4KPHRyPgo8dGQ+44Oh44O844Kr44O85biM5pyb5bCP5aOy5L6h5qC844Gv44Oh44O844Kr44O844Kr44K/44Ot44Kw44Gr5Z+644Gl44GE44Gm5o6y6LyJ44GX44Gm44GE44G+44GZPC90ZD4KPC90cj4KPC90YWJsZT48c3R5bGUgdHlwZT0idGV4dC9jc3MiPgo8IS0tCgoudGF4X3Bvc3RhZ2UgewoJZm9udC13ZWlnaHQ6Ym9sZDsKfQoKLyog6LK344GE54mp44GL44GU44Oc44K/44Oz5beu44GX5pu/44GI44K/44KwICovCiNyYWt1dGVuTGltaXRlZElkX2Fyb3VuZENhcnQgaW5wdXRbdmFsdWU9Iuiyt+OBhOeJqeOBi+OBlOOBq+WFpeOCjOOCiyJdewogIHdpZHRoOiAyMTVweDsKICBoZWlnaHQ6IDUwcHg7CiAgYmFja2dyb3VuZDp1cmwoaHR0cDovL3d3dy5yYWt1dGVuLm5lLmpwL2dvbGQvdHN1Ym9pLXMvYWRkLXRvLWNhcnQucG5nKSAjRkZGRkZGIG5vLXJlcGVhdDsKICBvdmVyZmxvdzogaGlkZGVuOwogIGJvcmRlci13aWR0aDogMHB4OwogIGN1cnNvcjogcG9pbnRlciAhaW1wb3J0YW50OwogIHRleHQtaW5kZW50OiAxNTAlOwogIHdoaXRlLXNwYWNlOiBub3dyYXA7CiAgbWFyZ2luOiA1cHggMDsKfQojcmFrdXRlbkxpbWl0ZWRJZF9hcm91bmRDYXJ0IGlucHV0I3VuaXRzIHsKICBib3JkZXI6c29saWQgI2NjYyAxcHg7CiAgYmFja2dyb3VuZDojZmZmIWltcG9ydGFudDsKICB3aWR0aDo0MHB4OwogIGhlaWdodDozMHB4OwogIGN1cnNvcjphdXRvOwogIHBhZGRpbmc6N3B4IDdweCA3cHggM3B4OwogIHRleHQtaW5kZW50OiAwcHg7CiAgb3ZlcmZsb3c6IGhpZGRlbjsKfQoKLyog44GK5rCX44Gr5YWl44KK5ZWG5ZOB5beu44GX5pu/44GI44K/44KwICovCiNyYWt1dGVuTGltaXRlZElkX2Fyb3VuZENhcnQgI3NlcnZpY2VUYWJsZVNtbCB0ZC5mYXZvcml0ZSB7CnBhZGRpbmctdG9wOiA1cHg7Cn0KI3Jha3V0ZW5MaW1pdGVkSWRfYXJvdW5kQ2FydCBkaXYuYm9va21hcmtBcmVhIGRpdi5ia20gewp3aWR0aDogMjE1cHggIWltcG9ydGFudDsKaGVpZ2h0OjM1cHggIWltcG9ydGFudDsKcGFkZGluZzogMHB4IDBweCAxMHB4IDBweCAhaW1wb3J0YW50Owp9CiNyYWt1dGVuTGltaXRlZElkX2Fyb3VuZENhcnQgZGl2LmJvb2ttYXJrQXJlYSBkaXYuYmttIGEuYWRkQmttIHsKd2lkdGg6IDIxNXB4ICFpbXBvcnRhbnQ7CmhlaWdodDozNXB4ICFpbXBvcnRhbnQ7Cn0KI3Jha3V0ZW5MaW1pdGVkSWRfYXJvdW5kQ2FydCBkaXYuYm9va21hcmtBcmVhIGRpdi5ia20gYS5hZGRCa20gc3Bhbi5ia21TdGFyIHsKZGlzcGxheTogaW5saW5lLWJsb2NrICFpbXBvcnRhbnQ7CndpZHRoOiAyMTVweCAhaW1wb3J0YW50OwpoZWlnaHQ6MzVweCAhaW1wb3J0YW50OwptYXJnaW46MHB4IDBweCAxMHB4IDBweCAhaW1wb3J0YW50OwpiYWNrZ3JvdW5kOiB1cmwoImh0dHA6Ly93d3cucmFrdXRlbi5uZS5qcC9nb2xkL3RzdWJvaS1zL2Zhdm9yaXRlLnBuZyIpIG5vLXJlcGVhdCAhaW1wb3J0YW50Owp9CgovKiDpoIXnm67pgbjmip7ogqLjgqvjgrnjgr/jg57jgqTjgrogKi8KI3Jha3V0ZW5MaW1pdGVkSWRfYXJvdW5kQ2FydCBzcGFuLmNob2ljZSArIHNlbGVjdCB7CiAgICBkaXNwbGF5OiBibG9jayAhaW1wb3J0YW50OwogICAgcGFkZGluZzogNHB4OwogICAgbWFyZ2luLWJvdHRvbTogMnB4OwogICAgYm9yZGVyLXJhZGl1czogMnB4OyAgIAp9CgojcmFrdXRlbkxpbWl0ZWRJZF9hcm91bmRDYXJ0IHNwYW4uY2hvaWNlIHsKICAgIGRpc3BsYXk6IGlubGluZS1ibG9jazsKICAgIHBvc2l0aW9uOnJlbGF0aXZlOwogICAgcGFkZGluZzogNHB4OwogICAgbWFyZ2luLWJvdHRvbTogOHB4OwogICAgYmFja2dyb3VuZDogI2VlZTsgLyrlkLnjgY3lh7rjgZfjga7og4zmma/oibIgKi8KICAgIGJvcmRlci1yYWRpdXM6IDJweDsKfQojcmFrdXRlbkxpbWl0ZWRJZF9hcm91bmRDYXJ0IHNwYW4uY2hvaWNlOmFmdGVyIHsKICAgIGNvbnRlbnQ6ICIiOwogICAgcG9zaXRpb246IGFic29sdXRlOwogICAgYm90dG9tOiAtOHB4OwogICAgbGVmdDogMjRweDsKICAgIG1hcmdpbi1sZWZ0OiAtOHB4OwogICAgZGlzcGxheTogYmxvY2s7CiAgICB3aWR0aDogMHB4OwogICAgaGVpZ2h0OiAwcHg7CiAgICBib3JkZXItc3R5bGU6IHNvbGlkOwogICAgYm9yZGVyLXdpZHRoOiA4cHggOHB4IDAgOHB4OwogICAgYm9yZGVyLWNvbG9yOiAjZWVlIHRyYW5zcGFyZW50IHRyYW5zcGFyZW50IHRyYW5zcGFyZW50Owp9Ci0tPgo8L3N0eWxlPgoKCjxicj4=,44CQ54m55L6h44CR6YeO55CD55So5ZOBIOODreODvOODquODs+OCsOOCue+8iFJhd2xpbmdz77yJIOOAkEFQUDVTMDItTk7jgJEg44Km44Or44OI44Op44OP44Kk44OR44O844OZ44O844K544Oc44O844Or44OR44Oz44OEIOODrOOCruODpeODqeODvCDlhazlvI/miKblr77lv5zvvIjjg57jg7zjgq/jgarjgZfvvIkg44CQMzAlT0ZG44CRIOODpuODi+ODleOCqeODvOODoCAyMDE3U1PvvJrph47nkIPnlKjlk4HjgIDjgrDjg6njg7Pjg4njgrnjg6njg6A=,6YeO55CD55So5ZOB44Kw44Op44OW44OQ44OD44OI44K544OR44Kk44Kv44Of44K644OOYXNpY3PjgqLjg4fjgqPjg4Djgrnjgrzjg4Pjg4jjgrnjgq3jg7Pjgrrjgqrjg7zjgq/jg6rjg7xTU0taRVRUTUlaVU5P44OH44K144Oz44OI44Ki44Oz44OA44O844Ki44O844Oe44O844Of44K644OO44OX44Ot44OP44K/44Kx44Ok44Oe44K244OK44OD44Kv44K544Ot44O844Oq44Oz44Kw44K544Ki44K344OD44Kv44K544CQ54m55L6h44CR6YeO55CD55So5ZOBIOODreODvOODquODs+OCsOOCue+8iFJhd2xpbmdz77yJIOOAkEFQUDVTMDItTk7jgJEg44Km44Or44OI44Op44OP44Kk44OR44O844OZ44O844K544Oc44O844Or44OR44Oz44OEIOODrOOCruODpeODqeODvCDlhazlvI/miKblr77lv5zvvIjjg57jg7zjgq/jgarjgZfvvIkg44CQMzAlT0ZG44CRIOODpuODi+ODleOCqeODvOODoCAyMDE3U1M=,44CQMTA4MDDlhobku6XkuIrpgIHmlpnnhKHmlpnjgJHjgILjgJDnibnkvqHjgJHph47nkIPnlKjlk4Eg44Ot44O844Oq44Oz44Kw44K577yIUmF3bGluZ3PvvIkg44CQQVBQNVMwMi1OTuOAkSDjgqbjg6vjg4jjg6njg4/jgqTjg5Hjg7zjg5njg7zjgrnjg5zjg7zjg6vjg5Hjg7Pjg4Qg44Os44Ku44Ol44Op44O8IOWFrOW8j+aIpuWvvuW/nO+8iOODnuODvOOCr+OBquOBl++8iSDjgJAzMCVPRkbjgJEg44Om44OL44OV44Kp44O844OgIDIwMTdTUw==[rn]
25-79881,aHR0cDovL3RzaG9wLnIxMHMuanAvZ29sZC9yYWt1dGVuZWFnbGVzL2l0ZW1pbWcvaXRlbS8yMDE3L2EwNDA0NTM4X2EyLmpwZz9maXRpbj03MDA6NzAw,MzM2MDAuMDAwMA==,,44K544Od44O844OE44O744Ki44Km44OI44OJ44KiID4g6YeO55CD44O744K944OV44OI44Oc44O844OrID4g44Km44Kn44KiID4g56u25oqA55So44Om44OL44OV44Kp44O844Og,44CQ5Y+X5rOo55Sf55Sj5ZWG5ZOB44CRTWFqZXN0aWNb44Oe44K444Kn44K544OG44Kj44OD44KvXSDjgqrjg7zjgrvjg7Pjg4bjgqPjg4Pjgq/jg6bjg4vjg5Xjgqnjg7zjg6BbQkxBQ0sgRUFHTEVTXQ==,44Kq44O844K744Oz44OG44Kj44OD44Kv44K344Oq44O844K6MjAxN++8nuODluODqeODg+OCr+OCpOODvOOCsOODq+OCuQ==,PGltZyBzcmM9Imh0dHA6Ly9pbWFnZS5yYWt1dGVuLmNvLmpwL3Jha3V0ZW5lYWdsZXMvY2FiaW5ldC9pdGVtX2ltZ18xMS9qdWNodV9hdHRlbnRpb24uanBnIiBib3JkZXI9IjAiPjxicj48YnI+PGltZyBzcmM9Imh0dHA6Ly93d3cucmFrdXRlbi5uZS5qcC9nb2xkL3Jha3V0ZW5lYWdsZXMvaXRlbWltZy9pdGVtLzIwMTcvYTA0MDQ1MzhfYTIuanBnIj48ZGl2IGNsYXNzPSJpdGVtRGV0YWlsIj4KCjxkaXYgY2xhc3M9ImlubmVyIj4KPHAgY2xhc3M9Im1haW5UaXRsZSI+5ZWG5ZOB6Kmz57SwPC9wPgo8cCBjbGFzcz0iaW5mb21hdGlvbiI+CumBuOaJi+edgOeUqOOBruOCguOBruOBqOWQjOOBmOe0oOadkOOAgeWQjOOBmOS7leanmOOAgeWQjOOBmOW3peeoi+OBp+OBiuS9nOOCiuOBmeOCi+WujOWFqOWPl+azqOeUn+eUo+WVhuWTgeOBp+OBmeOAgjxicj4K44OV44Kh44Oz44Gr44Gv44Gf44G+44KJ44Gq44GE4oCc44OX44Ot6YG45omL44Go5ZCM44GY4oCd44Ki44Kk44OG44Og44Gn44GZ44CCPGJyPgrigLsyMDE344K344O844K644Oz5YWs5byP5oim44Gn6YG45omL44GM552A55So44GZ44KL44Ki44Kk44OG44Og44Go5ZCM44GY5LuV5qeY44Gr44Gm55Sf55Sj44O744GK5bGK44GR44GE44Gf44GX44G+44GZ44CCPGJyPgrigLsyMDE344K344O844K644Oz5YWs5byP5oim5Lul6ZmN44CB6YG45omL552A55So44Om44OL44OV44Kp44O844Og44Gu6KKW44Ov44OD44Oa44Oz44GM44CMUlJha3V0ZW7jgI3jgavlpInmm7TjgavjgarjgovjgZPjgajjgavkvLTjgYTjgIHjgqrjg7zjgrvjg7Pjg4bjgqPjg4Pjgq/jg6bjg4vjg5Xjgqnjg7zjg6Djga7oopbjg6/jg4Pjg5rjg7PjgoLjgIxSUmFrdXRlbuOAjeOBq+WkieabtOOBqOOBquOCiuOBvuOBmeOAggo8YnI+CjwvcD4KPC9kaXY+Cgo8ZGl2IGNsYXNzPSJpbm5lciI+CjxwIGNsYXNzPSJtYWluVGl0bGUyIj7ntKDmnZA8L3A+CjxwIGNsYXNzPSJpbmZvbWF0aW9uIj7jg53jg6rjgqjjgrnjg4bjg6sxMDAlPC9wPgo8L2Rpdj4KCjxkaXYgY2xhc3M9ImlubmVyIj4KPHAgY2xhc3M9Im1haW5UaXRsZTIiPuOCteOCpOOCujwvcD4KCjx0YWJsZSBjbGFzcz0iaXRlbVRhYmxlIiBib3JkZXI9IjAiIGNlbGxwYWRkaW5nPSIwIiBjZWxsc3BhY2luZz0iMCI+CgoKPHRyPgo8dGg+KGNtKTwvdGg+Cjx0aD40MChTKTwvdGg+Cjx0aD40NChNKTwvdGg+Cjx0aD40OChMKTwvdGg+Cjx0aD41MihYTCk8L3RoPgo8L3RyPgoKPHRyPgo8dGg+552A5LiIPC90aD4KPHRkPjc3LjU8L3RkPgo8dGQ+NzguNzwvdGQ+Cjx0ZD44MDwvdGQ+Cjx0ZD44MS4zPC90ZD4KPC90cj4KCjx0cj4KPHRoPui6q+W5hTwvdGg+Cjx0ZD41NDwvdGQ+Cjx0ZD41OTwvdGQ+Cjx0ZD42NDwvdGQ+Cjx0ZD42OTwvdGQ+CjwvdHI+Cgo8dHI+Cjx0aD7oopbkuIg8L3RoPgo8dGQ+MjI8L3RkPgo8dGQ+MjMuMjwvdGQ+Cjx0ZD4yNC41PC90ZD4KPHRkPjI1Ljc8L3RkPgo8L3RyPgo8L3RhYmxlPuWJjeW+jOOBmeOCi+WPr+iDveaAp+OBjOOBlOOBluOBhOOBvuOBmeOAgjwvZGl2PgoKCjxkaXYgY2xhc3M9ImlubmVyIj4KPHAgY2xhc3M9Im1haW5UaXRsZTIiPuWQjeWFpeOCjOOBq+OBpOOBhOOBpjwvcD4KCjxwIGNsYXNzPSJpbmZvbWF0aW9uIj4K4pag6IOM44ON44O844Og77ya44Ki44Or44OV44Kh44OZ44OD44OIMTDmloflrZfku6XlhoXvvIjlpKfmloflrZfjga7jgb/vvIk8YnI+CuKWoOiDjOeVquWPt++8mjPmoYHku6XlhoXjga7mlbDlrZc8YnI+CuS4iuiomOWGheWuueOBq+OBpuOBlOiHqueUseOBq+OCq+OCueOCv+ODnuOCpOOCuuOBhOOBn+OBoOOBkeOBvuOBmeOAgjxicj4K44GU5biM5pyb44Gu5aC05ZCI44Gv5YKZ6ICD5qyE44Gr44GU6KiY5YWl44GP44Gg44GV44GE44CC44GU6KiY5YWl44GM44Gq44GE5aC05ZCI44Gv44CB6IOM44ON44O844Og44O76IOM55Wq5Y+344Gq44GX44Gr44Gm44GK5bGK44GR44GE44Gf44GX44G+44GZ44CCPGJyPgrigLvjgq3jg6Pjg5fjg4bjg7Pjg57jg7zjgq/jga/liKXlo7LjgorjgafjgZk8YnI+CuKAu+iDuOeVquWPt+OBr+iDjOeVquWPt+OBqOWQjOOBmOaVsOWtl+OCkuiyvOS7mOOBhOOBn+OBl+OBvuOBmTwvcD4KPC9kaXY+CgoKPGRpdiBjbGFzcz0iaW5uZXIiPgo8cCBjbGFzcz0ibWFpblRpdGxlMiI+5Lul5LiL44GU5LqG5om/44Gu5LiK44CB44GU5rOo5paH44GP44Gg44GV44GEPC9wPgoKPHAgY2xhc3M9ImluZm9tYXRpb24iPgrilqDiiarlrozlhajlj5fms6jnlJ/nlKPiiavjga7jgZ/jgoHjgIHjgZTms6jmloflvozjga7jgq3jg6Pjg7Pjgrvjg6vjg7vlpInmm7Tjga/jgZTlr77lv5zjgafjgY3jgYvjga3jgb7jgZk8YnI+CuKWoOacrOWVhuWTgeOBr+ijvemAoOWFg+OCiOOCiuebtOaOpeOBiuWuouanmOOBq+OBiuWxiuOBkeOBmeOCi+OBn+OCgeOAgTxmb250IGNvbG9yPSIjZmYwMDAwIj48Yj7ku5bllYblk4HvvIhD44Oe44O844Kv44O744Kq44O844K744Oz44OG44Kj44OD44Kv44Kt44Oj44OD44OX44KS6Zmk44GP77yJ44Go44Gu5ZCM5pmC5rOo5paH44Gv44GU6YGg5oWu44GP44Gg44GV44GEPC9iPjwvZm9udD48YnI+CuKWoOOCreODo+ODl+ODhuODs+ODnuODvOOCr+OBruiyvOOCiuS7mOOBkeOCkuOBlOW4jOacm+OBruWgtOWQiOOBr+OAgeS7peS4i+WVhuWTgeOCkuWQjOaZguOBq+OBlOazqOaWh+OBj+OBoOOBleOBhDxicj4K44CA44GU5rOo5paH44GM44Gq44GE5aC05ZCI44Gv44CB44Kt44Oj44OX44OG44Oz44Oe44O844Kv6LK85LuY44Gq44GX44Gr44Gm55m66YCB44GE44Gf44GX44G+44GZPGJyPgo8dGFibGUgY2xhc3M9Iml0ZW1UYWJsZSIgYm9yZGVyPSIwIiBjZWxscGFkZGluZz0iMCIgY2VsbHNwYWNpbmc9IjAiPgoKPHRyPgo8dGQ+PGltZyBzcmM9Imh0dHA6Ly93d3cucmFrdXRlbi5uZS5qcC9nb2xkL3Jha3V0ZW5lYWdsZXMvaXRlbWltZy9pdGVtLzIwMTcvY2FwdGFpbm1hcmtfYmVfYS5qcGciIAoKYm9yZGVyPSIwIiB3aWR0aD0iMTAwIiBoZWlnaHQ9IjEwMCI+PC90ZD4KPC90cj4KCjwvdGFibGU+Cjxicj4K4pag44GU5YWl6YeR44GL44KJ57SEMuODtuaciOOBp+eZuumAgeOBhOOBn+OBl+OBvuOBmTxicj4K77yI44Kz44Oz44OT44OLL+alveWkqUVkeeaxuua4iOOBruOBiuWuouanmOOBq+OBr+OBlOazqOaWh+OBrue/jOWWtualreaXpeOCkuebruWuieOBq+OBiuaUr+aJleeVquWPty9VUkzjgpLjg6Hjg7zjg6vjgavjgabjgZTmoYjlhoXjgYTjgZ/jgZfjgb7jgZnvvIk8YnI+CuKWoOacrOWVhuWTgeOBr+ijvemAoOWFg+OCiOOCiuebtOaOpeOBiuWuouanmOOBq+OBiuWxiuOBkeOBmeOCi+OBn+OCgeOAgeOAjOeZuumAgeWujOS6huOBruOBiuefpeOCieOBm+OAjeODoeODvOODq+OBr+mFjeS/oeOBhOOBn+OBl+OBvuOBm+OCkzxicj4K4pag5Y+X5rOo55Sf55Sj5ZWG5ZOB44Gu44Gf44KB5Luj6YeR5byV5o+b44Gn44Gu44GK5pSv5omV44Gv44GU6YG45oqe44GE44Gf44Gg44GR44G+44Gb44KT44CC44GU6YG45oqe44Gu5aC05ZCI44Gv44K744OW44OzLeOCpOODrOODluODs+axuua4iOOBq+WkieabtOOBhOOBn+OBl+OBvuOBmTxicj4K4pag5LiN6Imv562J44GM44GU44GW44GE44G+44GX44Gf44KJ44CB5ZWG5ZOB44GK5bGK44GR44GL44KJMemAsemWk+S7peWGheOBq+OBlOmAo+e1oeOBj+OBoOOBleOBhOOBvuOBmeOCiOOBhuOBiumhmOOBhOOBhOOBn+OBl+OBvuOBmTxicj4K44CA5ZWG5ZOB5Yiw552A5b6M44CB44GK5pep55uu44Gu6ZaL5bCB44O744GU56K66KqN44KS44GK6aGY44GE55Sz44GX5LiK44GS44G+44GZPGJyPgo8L3A+CjwvcD4KPC9kaXY+CgoKPC9kaXY+PHRhYmxlIHdpZHRoPSI2MDAiPjx0Ym9keT48dHI+PHRkPgo8ZGl2IGNsYXNzPSJhcnRpY2xlIiBpZD0ibGlua3MiPgoKPC9kaXY+Cgo8c3R5bGUgdHlwZT0idGV4dC9jc3MiPgovKuiyt+OBhOeJqeOBi+OBlOOBq+WFpeOCjOOCi+ODnOOCv+ODsyovCiNyYWt1dGVuTGltaXRlZElkX2Fyb3VuZENhcnQgaW5wdXRbdmFsdWU9Iuiyt+OBhOeJqeOBi+OBlOOBq+WFpeOCjOOCiyJdewpiYWNrZ3JvdW5kOiB1cmwoImh0dHA6Ly9pbWFnZS5yYWt1dGVuLmNvLmpwL3Jha3V0ZW5lYWdsZXMvY2FiaW5ldC8yMDE1X2NhcnQuZ2lmIikgbGVmdCB0b3Agbm8tcmVwZWF0Owp3aWR0aDoyNDBweDsKaGVpZ2h0OjgwcHg7CnRleHQtaW5kZW50OjEwMCU7CndoaXRlLXNwYWNlOm5vd3JhcDsKb3ZlcmZsb3c6aGlkZGVuOwpib3JkZXI6IG5vbmU7CnBhZGRpbmc6MDsKbWFyZ2luOjEwcHggMCFpbXBvcnRhbnQ7CmN1cnNvcjpwb2ludGVyOwp9CiNyYWt1dGVuTGltaXRlZElkX2Fyb3VuZENhcnQgdGJvZHkgdHIgdGQgaW5wdXQ6aG92ZXJ7CmFscGhhKG9wYWNpdHk9OCk7Ci1tb3otb3BhY2l0eTowLjg7Cm9wYWNpdHk6MC44Owp9CgovKuS6iOe0hOOBmeOCi+ODnOOCv+ODsyovCiNyYWt1dGVuTGltaXRlZElkX2Fyb3VuZENhcnQgaW5wdXRbdmFsdWU9IuS6iOe0hOOBmeOCiyJdewpiYWNrZ3JvdW5kOiB1cmwoImh0dHA6Ly9pbWFnZS5yYWt1dGVuLmNvLmpwL3Jha3V0ZW5lYWdsZXMvY2FiaW5ldC8yMDE1X2NhcnRfYm9vay5naWYiKSBsZWZ0IHRvcCBuby1yZXBlYXQ7CndpZHRoOjI0MHB4OwpoZWlnaHQ6ODBweDsKdGV4dC1pbmRlbnQ6MTAwJTsKd2hpdGUtc3BhY2U6bm93cmFwOwpvdmVyZmxvdzpoaWRkZW47CmJvcmRlcjogbm9uZTsKcGFkZGluZzowOwptYXJnaW46MTBweCAwIWltcG9ydGFudDsKY3Vyc29yOnBvaW50ZXI7Cn0KCgo8L3N0eWxlPg==,44CQ5Y+X5rOo55Sf55Sj5ZWG5ZOB44CRTWFqZXN0aWNb44Oe44K444Kn44K544OG44Kj44OD44KvXSDjgqrjg7zjgrvjg7Pjg4bjgqPjg4Pjgq/jg6bjg4vjg5Xjgqnjg7zjg6BbQkxBQ0sgRUFHTEVTXe+8mualveWkqeOCpOODvOOCsOODq+OCueOCquODs+ODqeOCpOODs+OCt+ODp+ODg+ODlw==,5p2x5YyX5qW95aSp44K044O844Or44OH44Oz44Kk44O844Kw44Or44K56YG45omL5b+c5o+044Kw44OD44K644Om44OL44OV44Kp44O844Og44Kt44Oj44OD44OX5bi95a2Q44OX44Ot6YeO55CD5LuZ5Y+w5a6u5Z+O55Sw5Lit5bCG5aSn5baL5Z+65a6P6YqA5qyh5p2+5LqV56i86aCt5aSu5pif6YeO55uj552j5bKh5bO26LGq6YOO6IyC5pyo5qCE5LqU6YOO5qKo55Sw55u0562G44K144Kk44Oz5YWl44KK6KiY5b+15ZWG5ZOB44OR44O744Oq44O844Kw44Od44Oz44OB44OnQ0hVTVPjg4Hjg6Pjg6DjgrnjgrPjg6njg5zjgrPjg6zjgq/jgrfjg6fjg7PjgrDjg4PjgrpEWOODh+ODqeODg+OCr+OCueODnuOCuOOCp+OCueODhuOCo+ODg+OCr01hamVzdGljVE9IT0tV44CAR1JFRU5NeUhFUk/jgqbjgqPjg7zjg6njg7zjg5rjgrLjg7zjg63jgqLjg57jg4Djg7zjgJDlj5fms6jnlJ/nlKPllYblk4HjgJFNYWplc3RpY1vjg57jgrjjgqfjgrnjg4bjgqPjg4Pjgq9dIOOCquODvOOCu+ODs+ODhuOCo+ODg+OCr+ODpuODi+ODleOCqeODvOODoFtCTEFDSyBFQUdMRVNd,44Kq44O844K744Oz44OG44Kj44OD44Kv44K344Oq44O844K6MjAxN++8nuODluODqeODg+OCr+OCpOODvOOCsOODq+OCueOAguOAkOWPl+azqOeUn+eUo+WVhuWTgeOAkU1hamVzdGljW+ODnuOCuOOCp+OCueODhuOCo+ODg+OCr10g44Kq44O844K744Oz44OG44Kj44OD44Kv44Om44OL44OV44Kp44O844OgW0JMQUNLIEVBR0xFU10=[rn]
25-79882,aHR0cDovL3RzaG9wLnIxMHMuanAvdHN1Ym9pLXMvY2FiaW5ldC9zc2swMS9wdXMwMDMuanBnP2ZpdGluPTcwMDo3MDA=,MTY5Mi44MDAw,,44K544Od44O844OE44O744Ki44Km44OI44OJ44KiID4g6YeO55CD44O744K944OV44OI44Oc44O844OrID4g44Km44Kn44KiID4g56u25oqA55So44Om44OL44OV44Kp44O844Og,6YeO55CD55So5ZOBIOOCqOOCueOCqOOCueOCseOCpO+8iFNTS++8iSDjgJBQVVMwMDPjgJEg57e057+S55So44Om44OL44OV44Kp44O844Og44K344Oj44OEIENsdWIgTW9kZWwgMjAxN1NT,44CQMTA4MDDlhobku6XkuIrpgIHmlpnnhKHmlpnjgJE=,PHN0eWxlIHR5cGU9InRleHQvY3NzIj4KPCEtLQouc3R5bGUxIHtjb2xvcjogI0ZGMDAwMDtmb250LXdlaWdodDogYm9sZDt9CiNpdGVtIHtmb250LXNpemU6MTJweDtsaW5lLWhlaWdodDoxLjU7Y29sb3I6IzMzMzMzMzt3aWR0aDo2ODBweDt9Ci0tPgo8L3N0eWxlPgoKPGRpdiBpZD0iYXR0ZW50aW9uIj4KPHRhYmxlIGJvcmRlcj0iMCIgY2VsbHBhZGRpbmc9IjAiIGNlbGxzcGFjaW5nPSIwIj4KPHRyPgo8dGQ+44GT44Gh44KJ44Gu5ZWG5ZOB44Gv44Oh44O844Kr44O844Gu5Zyo5bqr54q25rOB44KS44KC44Go44Gr5a6a5pyf55qE44Gr5pu05paw44GX44Gm44GK44KK44G+44GZ44CCPGJyPgrlnKjluqvnirbms4Hjga/luLjjgavlpInli5XjgZfjgabjgYrjgorjgb7jgZnjga7jgafjgIHjgZTms6jmlofjga7llYblk4HjgYzlnKjluqvliIfjgozjgajjgarjgaPjgabjgYTjgovlj6/og73mgKfjgYzjgZTjgZbjgYTjgb7jgZnjgII8YnI+CuOBneOBruWgtOWQiOOBr+W9k+W6l+OBi+OCieOBiumAgeOCiuOBmeOCi+eiuuiqjeODoeODvOODq+OBq+OBpuOBiuefpeOCieOBm+OBhOOBn+OBl+OBvuOBmeOBruOBp+OAgeOBlOS6huaJv+OBj+OBoOOBleOBhOOAgjwvdGQ+CjwvdHI+CjwvdGFibGU+CjwvZGl2Pgo8YnI+PGJyPgo8dGFibGUgd2lkdGg9IjY4MCIgYm9yZGVyPSIwIiBjZWxsc3BhY2luZz0iMCIgY2VsbHBhZGRpbmc9IjAiPgo8dHI+Cjx0ZCBhbGlnbj0iY2VudGVyIiBzdHlsZT0iZm9udC1zaXplOjI1cHg7IHBhZGRpbmctYm90dG9tOjEwcHg7Ij7jg6bjg4vjg5Xjgqnjg7zjg6Djgrfjg6Pjg4Q8L3RkPgo8L3RyPgo8dHI+Cjx0ZCBhbGlnbj0iY2VudGVyIj48aW1nIHNyYz0iaHR0cDovL2ltYWdlLnJha3V0ZW4uY28uanAvdHN1Ym9pLXMvY2FiaW5ldC9zc2swMS9wdXMwMDMuanBnIj48L3RkPgo8L3RyPgo8L3RhYmxlPgo8YnI+PGJyPgo8dGFibGUgYm9yZGVyPSIwIiBjZWxsc3BhY2luZz0iMjAiIGNlbGxwYWRkaW5nPSI4IiBiZ2NvbG9yPSIjRjVGNUY1IiBpZD0iaXRlbSI+Cjx0cj4KPHRkIGJnY29sb3I9IiNGRkZGRkYiIHN0eWxlPSJib3JkZXI6MXB4IGRhc2hlZCAjQjBCMEIwOyI+PHNwYW4gY2xhc3M9InN0eWxlMSI+44CQ5rOo5oSP5LqL6aCF44CRPC9zcGFuPjxicj4K4peP44GU5rOo5paH5b6M44Gu44Kt44Oj44Oz44K744Or44O76L+U5ZOB44O75Lqk5o+b44Gv44GK5Y+X44GR44Gn44GN44GL44Gt44G+44GZ44CC44GC44KJ44GL44GY44KB44GU5LqG5om/44GP44Gg44GV44GE44CCPC90ZD4KPC90cj4KPC90YWJsZT4KPGJyPjxicj48c3R5bGUgdHlwZT0idGV4dC9jc3MiPgo8IS0tCiNzcGVjIHt3aWR0aDozNjBweDt9CiNzcGVjIHRhYmxlIHtib3JkZXItdG9wOjFweCBkb3R0ZWQgIzk5OTt3aWR0aDozNjBweDtmb250LXNpemU6MTJweDtsaW5lLWhlaWdodDoxLjU7fQojc3BlYyB0aCB7dGV4dC1hbGlnbjpsZWZ0O3BhZGRpbmc6N3B4IDAgN3B4IDdweDtib3JkZXItYm90dG9tOjFweCBkb3R0ZWQgIzk5OTt3aWR0aDo4MHB4O30KI3NwZWMgdGQge2JvcmRlci1ib3R0b206MXB4IGRvdHRlZCAjOTk5O3BhZGRpbmc6N3B4IDAgN3B4IDA7fQotLT4KPC9zdHlsZT4KCjxkaXYgaWQ9InNwZWMiPgo8dGFibGUgY2VsbHBhZGRpbmc9IjAiIGNlbGxzcGFjaW5nPSIwIj4KPHRyPgo8dGg+44Kr44Op44O8PC90aD4KPHRkPuODm+ODr+OCpOODiDwvdGQ+CjwvdHI+Cjx0cj4KPHRoPuOCteOCpOOCujwvdGg+Cjx0ZD5TU+OAgVPjgIFN44CBTOOAgU/jgIFYT+OAgVhPMjwvdGQ+CjwvdHI+Cjx0cj4KPHRoPue0oOOAgOadkDwvdGg+Cjx0ZD7jg53jg6rjgqjjgrnjg4bjg6sxMDDvvIU8L3RkPgo8L3RyPgo8dHI+Cjx0aD7nibnjgIDplbc8L3RoPgo8dGQ+4peP44K544OI44Os44OD44OB5qmf6IO9PC90ZD4KPC90cj4KPHRyPgo8dGg+5Y6f55Sj5Zu9PC90aD4KPHRkPuODmeODiOODiuODoDwvdGQ+CjwvdHI+CjwvdGFibGU+CjwvZGl2Pgo8YnI+Cjx0YWJsZSB3aWR0aD0iMzYwIiBib3JkZXI9IjAiIGNlbGxwYWRkaW5nPSIwIiBjZWxsc3BhY2luZz0iMCIgc3R5bGU9ImZvbnQtc2l6ZToxMHB4OyI+Cjx0cj4KPHRkPuODoeODvOOCq+ODvOW4jOacm+Wwj+WjsuS+oeagvOOBr+ODoeODvOOCq+ODvOOCq+OCv+ODreOCsOOBq+WfuuOBpeOBhOOBpuaOsui8ieOBl+OBpuOBhOOBvuOBmTwvdGQ+CjwvdHI+CjwvdGFibGU+PHN0eWxlIHR5cGU9InRleHQvY3NzIj4KPCEtLQoKLnRheF9wb3N0YWdlIHsKCWZvbnQtd2VpZ2h0OmJvbGQ7Cn0KCi8qIOiyt+OBhOeJqeOBi+OBlOODnOOCv+ODs+W3ruOBl+abv+OBiOOCv+OCsCAqLwojcmFrdXRlbkxpbWl0ZWRJZF9hcm91bmRDYXJ0IGlucHV0W3ZhbHVlPSLosrfjgYTnianjgYvjgZTjgavlhaXjgozjgosiXXsKICB3aWR0aDogMjE1cHg7CiAgaGVpZ2h0OiA1MHB4OwogIGJhY2tncm91bmQ6dXJsKGh0dHA6Ly93d3cucmFrdXRlbi5uZS5qcC9nb2xkL3RzdWJvaS1zL2FkZC10by1jYXJ0LnBuZykgI0ZGRkZGRiBuby1yZXBlYXQ7CiAgb3ZlcmZsb3c6IGhpZGRlbjsKICBib3JkZXItd2lkdGg6IDBweDsKICBjdXJzb3I6IHBvaW50ZXIgIWltcG9ydGFudDsKICB0ZXh0LWluZGVudDogMTUwJTsKICB3aGl0ZS1zcGFjZTogbm93cmFwOwogIG1hcmdpbjogNXB4IDA7Cn0KI3Jha3V0ZW5MaW1pdGVkSWRfYXJvdW5kQ2FydCBpbnB1dCN1bml0cyB7CiAgYm9yZGVyOnNvbGlkICNjY2MgMXB4OwogIGJhY2tncm91bmQ6I2ZmZiFpbXBvcnRhbnQ7CiAgd2lkdGg6NDBweDsKICBoZWlnaHQ6MzBweDsKICBjdXJzb3I6YXV0bzsKICBwYWRkaW5nOjdweCA3cHggN3B4IDNweDsKICB0ZXh0LWluZGVudDogMHB4OwogIG92ZXJmbG93OiBoaWRkZW47Cn0KCi8qIOOBiuawl+OBq+WFpeOCiuWVhuWTgeW3ruOBl+abv+OBiOOCv+OCsCAqLwojcmFrdXRlbkxpbWl0ZWRJZF9hcm91bmRDYXJ0ICNzZXJ2aWNlVGFibGVTbWwgdGQuZmF2b3JpdGUgewpwYWRkaW5nLXRvcDogNXB4Owp9CiNyYWt1dGVuTGltaXRlZElkX2Fyb3VuZENhcnQgZGl2LmJvb2ttYXJrQXJlYSBkaXYuYmttIHsKd2lkdGg6IDIxNXB4ICFpbXBvcnRhbnQ7CmhlaWdodDozNXB4ICFpbXBvcnRhbnQ7CnBhZGRpbmc6IDBweCAwcHggMTBweCAwcHggIWltcG9ydGFudDsKfQojcmFrdXRlbkxpbWl0ZWRJZF9hcm91bmRDYXJ0IGRpdi5ib29rbWFya0FyZWEgZGl2LmJrbSBhLmFkZEJrbSB7CndpZHRoOiAyMTVweCAhaW1wb3J0YW50OwpoZWlnaHQ6MzVweCAhaW1wb3J0YW50Owp9CiNyYWt1dGVuTGltaXRlZElkX2Fyb3VuZENhcnQgZGl2LmJvb2ttYXJrQXJlYSBkaXYuYmttIGEuYWRkQmttIHNwYW4uYmttU3RhciB7CmRpc3BsYXk6IGlubGluZS1ibG9jayAhaW1wb3J0YW50Owp3aWR0aDogMjE1cHggIWltcG9ydGFudDsKaGVpZ2h0OjM1cHggIWltcG9ydGFudDsKbWFyZ2luOjBweCAwcHggMTBweCAwcHggIWltcG9ydGFudDsKYmFja2dyb3VuZDogdXJsKCJodHRwOi8vd3d3LnJha3V0ZW4ubmUuanAvZ29sZC90c3Vib2ktcy9mYXZvcml0ZS5wbmciKSBuby1yZXBlYXQgIWltcG9ydGFudDsKfQoKLyog6aCF55uu6YG45oqe6IKi44Kr44K544K/44Oe44Kk44K6ICovCiNyYWt1dGVuTGltaXRlZElkX2Fyb3VuZENhcnQgc3Bhbi5jaG9pY2UgKyBzZWxlY3QgewogICAgZGlzcGxheTogYmxvY2sgIWltcG9ydGFudDsKICAgIHBhZGRpbmc6IDRweDsKICAgIG1hcmdpbi1ib3R0b206IDJweDsKICAgIGJvcmRlci1yYWRpdXM6IDJweDsgICAKfQoKI3Jha3V0ZW5MaW1pdGVkSWRfYXJvdW5kQ2FydCBzcGFuLmNob2ljZSB7CiAgICBkaXNwbGF5OiBpbmxpbmUtYmxvY2s7CiAgICBwb3NpdGlvbjpyZWxhdGl2ZTsKICAgIHBhZGRpbmc6IDRweDsKICAgIG1hcmdpbi1ib3R0b206IDhweDsKICAgIGJhY2tncm91bmQ6ICNlZWU7IC8q5ZC544GN5Ye644GX44Gu6IOM5pmv6ImyICovCiAgICBib3JkZXItcmFkaXVzOiAycHg7Cn0KI3Jha3V0ZW5MaW1pdGVkSWRfYXJvdW5kQ2FydCBzcGFuLmNob2ljZTphZnRlciB7CiAgICBjb250ZW50OiAiIjsKICAgIHBvc2l0aW9uOiBhYnNvbHV0ZTsKICAgIGJvdHRvbTogLThweDsKICAgIGxlZnQ6IDI0cHg7CiAgICBtYXJnaW4tbGVmdDogLThweDsKICAgIGRpc3BsYXk6IGJsb2NrOwogICAgd2lkdGg6IDBweDsKICAgIGhlaWdodDogMHB4OwogICAgYm9yZGVyLXN0eWxlOiBzb2xpZDsKICAgIGJvcmRlci13aWR0aDogOHB4IDhweCAwIDhweDsKICAgIGJvcmRlci1jb2xvcjogI2VlZSB0cmFuc3BhcmVudCB0cmFuc3BhcmVudCB0cmFuc3BhcmVudDsKfQotLT4KPC9zdHlsZT4KCgo8YnI+,6YeO55CD55So5ZOBIOOCqOOCueOCqOOCueOCseOCpO+8iFNTS++8iSDjgJBQVVMwMDPjgJEg57e057+S55So44Om44OL44OV44Kp44O844Og44K344Oj44OEIENsdWIgTW9kZWwgMjAxN1NT77ya6YeO55CD55So5ZOB44CA44Kw44Op44Oz44OJ44K544Op44Og,6YeO55CD55So5ZOB44Kw44Op44OW44OQ44OD44OI44K544OR44Kk44Kv44Of44K644OOYXNpY3PjgqLjg4fjgqPjg4Djgrnjgrzjg4Pjg4jjgrnjgq3jg7Pjgrrjgqrjg7zjgq/jg6rjg7xTU0taRVRUTUlaVU5P44OH44K144Oz44OI44Ki44Oz44OA44O844Ki44O844Oe44O844Of44K644OO44OX44Ot44OP44K/44Kx44Ok44Oe44K244OK44OD44Kv44K544Ot44O844Oq44Oz44Kw44K544Ki44K344OD44Kv44K56YeO55CD55So5ZOBIOOCqOOCueOCqOOCueOCseOCpO+8iFNTS++8iSDjgJBQVVMwMDPjgJEg57e057+S55So44Om44OL44OV44Kp44O844Og44K344Oj44OEIENsdWIgTW9kZWwgMjAxN1NT,44CQMTA4MDDlhobku6XkuIrpgIHmlpnnhKHmlpnjgJHjgILph47nkIPnlKjlk4Eg44Ko44K544Ko44K544Kx44Kk77yIU1NL77yJIOOAkFBVUzAwM+OAkSDnt7Tnv5LnlKjjg6bjg4vjg5Xjgqnjg7zjg6Djgrfjg6Pjg4QgQ2x1YiBNb2RlbCAyMDE3U1M=[rn]
25-79883,aHR0cDovL3RzaG9wLnIxMHMuanAvYmJ0b3duL2NhYmluZXQvZ2VraXlhc3UxMy82NXNidWEwMDZobC5qcGc/Zml0aW49NzAwOjcwMA==,Mzg4LjgwMDA=,,44K544Od44O844OE44O744Ki44Km44OI44OJ44KiID4g6YeO55CD44O744K944OV44OI44Oc44O844OrID4g44Km44Kn44KiID4g56u25oqA55So44Om44OL44OV44Kp44O844Og,44CQ44ON44Kz44Od44K55Y+v44CRNTDvvIVPRkYg5pyA5aSnMTDvvIXlvJXjgq/jg7zjg53jg7Mg44Km44Kn44Ki44Ki44Kv44K744K144Oq44O8IFNTSyDph47nkIPnlKjlk4Eg44Kt44Or44OI44OR44OD44OJ44OS44OD44OX5aSnIOOBguOBmealvSDjgr/jgqTjg6Djgrvjg7zjg6sg44K/44Kk44OgU0FMRSDljYrpoY0g5pen44Oh44O844Or5L6/5Y+vIOeItuOBruaXpSDjg5fjg6zjgrzjg7Pjg4g=,5L2V54K544Gn44KC44ON44Kz44Od44K5Mjkw5YaG77yB,PCEtLeOBiuiyt+OBhOeJqeOCrOOCpOODieOBk+OBk+OBi+OCiSAtLT4KPGltZyBzcmM9Imh0dHBzOi8vaW1hZ2UucmFrdXRlbi5jby5qcC9iYnRvd24vY2FiaW5ldC9yLXRvcDMvcGNfY2FydF8wNTMwLmdpZiIgYm9yZGVyPSIwIiB3aWR0aD0iNDAwIj48YnI+CjwhLS3jgYrosrfjgYTnianjgqzjgqTjg4njgZPjgZPjgb7jgacgLS0+CjwhLS0gZXZpLXMgLS0+CuKYheODoeODvOOCq+ODvOW4jOacm+Wwj+WjsuS+oeagvOOBr+ODoeODvOOCq+ODvOOCq+OCv+ODreOCsOOBq+WfuuOBpeOBhOOBpuaOsui8ieOBl+OBpuOBhOOBvuOBmTxCUj48QlI+CjwhLS0gZXZpLWUgLS0+CjwhLS0gYXJlYTAgQiAtLT4KPCEtLSBhcmVhMCBFIC0tPgo8dGFibGUgYm9yZGVyPSIwIiB3aWR0aD0iNzAwIiBjZWxscGFkZGluZz0iMiIgY2VsbHNwYWNpbmc9IjAiPgogIDx0cj4KICAgIDx0ZCBhbGlnbj0ibGVmdCI+CiAgICAgIDx0YWJsZSBjZWxscGFkZGluZz0iMSIgd2lkdGg9IjEwMCUiPgogICAgICAgIDx0cj4KICAgICAgICAgIDx0ZCB2YWxpZ249InRvcCIgYWxpZ249ImxlZnQiPgogICAgICAgICAgICA8dGFibGUgYm9yZGVyPSIwIiBjZWxscGFkZGluZz0iNCIgY2VsbHNwYWNpbmc9IjAiIHdpZHRoPSI5NSUiPgogICAgICAgICAgICAgIDx0cj4KICAgICAgICAgICAgICAgIDx0ZCBiZ2NvbG9yPSIjMDAwMDk5Ij48Yj48Zm9udCBjb2xvcj0iI2ZmZmZmZiIgc2l6ZT0iMiI+5ZWG5ZOB6Kqs5piOPC9mb250PjwvYj48L3RkPgogICAgICAgICAgICAgIDwvdHI+CiAgICAgICAgICAgICAgPCEtLSBhcmVhMSBCIC0tPgogICAgICAgICAgICAgIDx0cj4KICAgICAgICAgICAgICAgIDx0ZD48ZGl2IGNsYXNzPSJ0ZXh0MiIgYWxpZ249ImxlZnQiPjxmb250IHNpemU9IjIiIGNvbG9yPSIjMDAwMDk5Ij7lj5bjgorku5jjgZHnsKHljZjjg7vkvr/liKnjgarjg5Hjg4Pjg4njgII8L2ZvbnQ+PC9kaXY+PC90ZD4KICAgICAgICAgICAgICA8L3RyPgogICAgICAgICAgICAgIDwhLS0gYXJlYTEgRSAtLT4KICAgICAgICAgICAgICA8IS0tIGFyZWEyIEIgLS0+CiAgICAgICAgICAgICAgPHRyPgogICAgICAgICAgICAgICAgPHRkIGFsaWduPSJsZWZ0Ij48Zm9udCBzaXplPSIyIj4KICAgICAgICAgICAgICAgICAg4peP44Km44Kn44Ki44Ki44Kv44K744K144Oq44O8L+OCouOCr+OCu+OCteODquODvDxicj4KICAgICAgICAgICAgICAgICAg4peP44Kr44Op44O877yaPGJyPjEu44Ob44Ov44Kk44OIKDEwKTxicj4yLuOCouOCpOODnOODquODvCgxMik8YnI+CiAgICAgICAgICAgICAgICAgIOKXj+OCv+ODhjIzLjXDl+ODqOOCszIxLjVjbTxicj4KICAgICAgICAgICAgICAgICAg4peP57Sg5p2Q77ya6KGo6Z2iL+ODneODquOCqOOCueODhuODqzEwMO+8heOAgeS4ree2vy/jg53jg6rjgqjjgrnjg4bjg6sxMDDvvIXjgIHoo4/pnaIv44Od44Oq44Ko44K544OG44OrNjXvvIXjg7vntr8zNe+8heOAgDxicj4KICAgICAgICAgICAgICAgICAgCiAgICAgICAgICAgICAgICAgIOKXj+eUn+eUo+Wbve+8muaXpeacrDxicj4KICAgICAgICAgICAgICAgICAg4peP44Ko44K544Ko44K544Kx44KkIOmHjueQg+eUqOWTgSDjgr3jg5Xjg4jjg5zjg7zjg6vnlKjlk4Eg57e057+S552A44OR44Oz44OEIOODpuODi+ODleOCqeODvOODoDxicj4KICAgICAgICAgICAgICAgICAgPC9mb250PjwvdGQ+CiAgICAgICAgICAgICAgPC90cj4KICAgICAgICAgICAgICA8IS0tIGFyZWEyIEUgLS0+CiAgICAgICAgICAgICAgPCEtLSBhcmVhMyBCIC0tPgogICAgICAgICAgICAgIDwhLS0gYXJlYTMgRSAtLT4KICAgICAgICAgICAgPC90YWJsZT4KICAgICAgICAgIDwvdGQ+CiAgICAgICAgPC90cj4KICAgICAgPC90YWJsZT4KICAgIDwvdGQ+CiAgPC90cj4KPC90YWJsZT48YnI+44CQ44Oh44O844Kr44O85ZOB55Wq77yaQlVBMDA2SEwtMTAgQlVBMDA2SEwtMTIgQlVBMDA2SEwtOTXjgJE8c3R5bGUgdHlwZT0idGV4dC9jc3MiPgo8IS0tCgpzcGFuLmNhdGNoX2NvcHksCnNwYW4uaXRlbV9uYW1lIHsKICBsaW5lLWhlaWdodDogMTgwJTsKfQoKCi8qIOWVhuWTgeWQjeS4i+OBq+Wig+eVjOe3muOBjOWFpeOCiyAqLwpzcGFuLml0ZW1fbmFtZSB7CiAgICBkaXNwbGF5OiBibG9jazsKICAgIGJvcmRlci1ib3R0b206IDJweCBkb3R0ZWQgI2RkZDsKICAgIHBhZGRpbmctYm90dG9tOiA4cHg7Cn0KCi8qIOS+oeagvOOBq+aeoOe3muOBjOOBpOOBjyAqLwp0YWJsZSNyYWt1dGVuTGltaXRlZElkX2NhcnQgewogICAgYmFja2dyb3VuZC1jb2xvcjogI2Y4ZjhmODsKICAgIGJvcmRlcjogMXB4IHNvbGlkICNkZGQ7CiAgICBwYWRkaW5nOiA4cHg7CiAgICBtYXJnaW46IDE2cHggMDsKfQoKc3Bhbi5wcmljZTEgewogICAgY29sb3I6ICMzMzMgIWltcG9ydGFudDsKICAgIGZvbnQtd2VpZ2h0OiBib2xkOwogICAgZm9udC1zaXplOiA4MCUgIWltcG9ydGFudDsKICAgIGxpbmUtaGVpZ2h0OiAzMHB4OwogICAgZGlzcGxheTogaW5saW5lLWJsb2NrOwogICAgbWFyZ2luLXJpZ2h0OiAxNnB4Owp9CgotLT4KPC9zdHlsZT4KCjxzdHlsZSB0eXBlPSJ0ZXh0L2NzcyI+Cgo8L3N0eWxlPgo8c3R5bGUgdHlwZT0idGV4dC9jc3MiPgovKuiyt+OBhOeJqeOBi+OBlOOBq+WFpeOCjOOCi+ODnOOCv+ODsyovCiNyYWt1dGVuTGltaXRlZElkX2Fyb3VuZENhcnQgaW5wdXRbdmFsdWU9Iuiyt+OBhOeJqeOBi+OBlOOBq+WFpeOCjOOCiyJdewpiYWNrZ3JvdW5kOiB1cmwoImh0dHA6Ly9pbWFnZS5yYWt1dGVuLmNvLmpwL2JidG93bi9jYWJpbmV0L3ItdG9wMi9jYXJ0LmdpZiIpIGxlZnQgdG9wIG5vLXJlcGVhdDsKd2lkdGg6MzM2cHg7CmhlaWdodDo2N3B4Owp0ZXh0LWluZGVudDoxMDAlOwp3aGl0ZS1zcGFjZTpub3dyYXA7Cm92ZXJmbG93OmhpZGRlbjsKYm9yZGVyOiBub25lOwpwYWRkaW5nOjA7Cm1hcmdpbi10b3A6NXB4IDA7CmN1cnNvcjpwb2ludGVyOwp9CiNyYWt1dGVuTGltaXRlZElkX2Fyb3VuZENhcnQgdGJvZHkgdHIgdGQgaW5wdXQ6aG92ZXJ7CmFscGhhKG9wYWNpdHk9OCk7Ci1tb3otb3BhY2l0eTowLjg7Cm9wYWNpdHk6MC44OwpjdXJzb3I6cG9pbnRlcjsKfQo8L3N0eWxlPgoKPHN0eWxlIHR5cGU9InRleHQvY3NzIj4KCi8qIOOBiuawl+OBq+WFpeOCiuWVhuWTgeW3ruOBl+abv+OBiOOCv+OCsCAqLwojcmFrdXRlbkxpbWl0ZWRJZF9hcm91bmRDYXJ0ICNzZXJ2aWNlVGFibGVTbWwgdGQuZmF2b3JpdGUgewpwYWRkaW5nLXRvcDogNXB4Owp9CiNyYWt1dGVuTGltaXRlZElkX2Fyb3VuZENhcnQgZGl2LmJvb2ttYXJrQXJlYSBkaXYuYmttIHsKd2lkdGg6MzQ1cHggIWltcG9ydGFudDsKaGVpZ2h0OjMxMHB4ICFpbXBvcnRhbnQ7CnBhZGRpbmc6IDBweCAwcHggMTBweCAwcHggIWltcG9ydGFudDsKfQojcmFrdXRlbkxpbWl0ZWRJZF9hcm91bmRDYXJ0IGRpdi5ib29rbWFya0FyZWEgZGl2LmJrbSBhLmFkZEJrbSB7CndpZHRoOjM0NXB4ICFpbXBvcnRhbnQ7CmhlaWdodDozMTBweCAhaW1wb3J0YW50Owp9CiNyYWt1dGVuTGltaXRlZElkX2Fyb3VuZENhcnQgZGl2LmJvb2ttYXJrQXJlYSBkaXYuYmttIGEuYWRkQmttIHNwYW4uYmttU3RhciB7CmRpc3BsYXk6IGlubGluZS1ibG9jayAhaW1wb3J0YW50Owp3aWR0aDozNDVweCAhaW1wb3J0YW50OwpoZWlnaHQ6MzEwcHggIWltcG9ydGFudDsKbWFyZ2luOjBweCAwcHggMTBweCAwcHggIWltcG9ydGFudDsKYmFja2dyb3VuZDogdXJsKCJodHRwOi8vaW1hZ2UucmFrdXRlbi5jby5qcC9iYnRvd24vY2FiaW5ldC9yLXRvcDIvb2tpbmlpcmlfaXRlbS5naWYiKSBuby1yZXBlYXQgIWltcG9ydGFudDsKfQoKLyog44GK5rCX44Gr5YWl44KK44K344On44OD44OX5beu44GX5pu/44GI44K/44KwICovCmRpdi5ib29rbWFya0FyZWEgewp3aWR0aDozMzVweCAhaW1wb3J0YW50Owp9CiNyYWt1dGVuTGltaXRlZElkX2Fyb3VuZENhcnQgZGl2LnNob3BCb29rbWFya0FyZWEgZGl2LnNob3BCa20gewp3aWR0aDozMzVweCAhaW1wb3J0YW50OwpoZWlnaHQ6NjdweCAhaW1wb3J0YW50OwpwYWRkaW5nOiAwcHggMHB4ICFpbXBvcnRhbnQ7CnBhZGRpbmctbGVmdDogMHB4ICFpbXBvcnRhbnQ7Cn0KI3Jha3V0ZW5MaW1pdGVkSWRfYXJvdW5kQ2FydCBkaXYuc2hvcEJvb2ttYXJrQXJlYSBkaXYuc2hvcEJrbSBhLmFkZFNob3BCa20gc3Bhbi5zaG9wQmttU3RhciB7CmRpc3BsYXk6IGlubGluZS1ibG9jayAhaW1wb3J0YW50Owp3aWR0aDozMzVweCAhaW1wb3J0YW50OwpoZWlnaHQ6NjdweCAhaW1wb3J0YW50OwptYXJnaW4tcmlnaHQ6IDBweCAhaW1wb3J0YW50OwpiYWNrZ3JvdW5kOiB1cmwoImh0dHA6Ly9pbWFnZS5yYWt1dGVuLmNvLmpwL2JidG93bi9jYWJpbmV0L3ItdG9wMi9va2luaWlyaV9zaG9wLmdpZiIpIG5vLXJlcGVhdCAhaW1wb3J0YW50Owp9Cgo8L3N0eWxlPgoKPHN0eWxlIHR5cGU9InRleHQvY3NzIj4KPCEtLQoKZGl2I0hlYWRlcktleXdvcmQgewoJcG9zaXRpb246YWJzb2x1dGU7Cgl0b3A6NTBweDsvKuS4gOeVquS4iuOBi+OCieOBruS9jee9riovCglsZWZ0OjMwcHg7Lyrlt6bnq6/jgYvjgonjga7kvY3nva4qLwp9CgpkaXYjSGVhZGVyS2V5d29yZCBzcGFuIHsKCWJhY2tncm91bmQ6ICNiZjAwMDA7Cgljb2xvcjojZmZmOwoJZm9udC13ZWlnaHQ6Ym9sZDsKCXBhZGRpbmc6MnB4IDVweDsKfQoKZGl2I0hlYWRlcktleXdvcmQgYSB7Cgljb2xvcjojMDA0NENDOwp9CgotLT4KPC9zdHlsZT4KPCEtLS8q6LK344GE54mp44GL44GU5LiK44Oc44K/44OzKi8KCgpzcGFuLnVuaXQgeyBiYWNrZ3JvdW5kOiB1cmwoaHR0cDovL2ltYWdlLnJha3V0ZW4uY28uanAvYmJ0b3duL2NhYmluZXQvci10b3AyL2thZ29fc291cnlvdTIuZ2lmKSBuby1yZXBlYXQgbGVmdCB0b3A7IHRleHQtaW5kZW50OgotOTk5OTsgZGlzcGxheTogYmxvY2s7IHdpZHRoOiAzMzU7IGhlaWdodDogNjg7IG1hcmdpbjoxNXB4IDA7IH0KLS0+CjxkaXYgaWQ9IkhlYWRlcktleXdvcmQiIHN0eWxlPSJsZWZ0OiA1MHB4OyB0b3A6IDgwcHgiPiA8c3Bhbj7ms6jnm67jga7jgq3jg7zjg6/jg7zjg4k8L3NwYW4+IOODneOCpOODs+ODiDEw5YCNIAogIOmAgeaWmeeEoeaWmSAKICDjg4jjg6zjg7zjg4vjg7PjgrDjgrfjg6Xjg7zjgrogCuODpuODi+ODleOCqeODvOODoOODkeODs+ODhAoyMDE2IArjg6njg7Pjg4vjg7PjgrDjgrfjg6Xjg7zjgrogCuODi+ODpeODvOODkOODqeODs+OCuSAgCiAg44OQ44OD44Kv44OR44OD44KvIAo8L2Rpdj4KPGNlbnRlcj48QlI+Cgo8IS0tMjBqaeOBk+OBk+OBi+OCiSAtLT4KPCEtLTx0YWJsZSB3aWR0aD0iNzMxIj4KPHRyIGFsaWduPSJjZW50ZXIiPiA8dGQgYmdjb2xvcj0iI2NjMDAwMCIgY29sc3Bhbj0iMyI+PGltZyBzcmM9Imh0dHA6Ly9pbWFnZS5yYWt1dGVuLmNvLmpwL2JidG93bi9jYWJpbmV0L3ItdG9wMi8yMGppXzczMS5naWYiIHdpZHRoPSI3MzEiIGhlaWdodD0iODIiPjwvdGQ+PC90cj4KPC90YWJsZT48YnI+LS0+CjwhLS08aW1nIHNyYz0iaHR0cDovL2ltYWdlLnJha3V0ZW4uY28uanAvYmJ0b3duL2NhYmluZXQvci10b3AyLzIwamlfNzMxLmdpZiIgd2lkdGg9IjczMCI+PGJyPiAtLT4KPCEtLQo8QlI+CiAtLT4KPCEtLTIwamnjgZPjgZPjgb7jgacgLS0+CjwhLS3jgqvjg4bjgrTjg6rjgZPjgZPjgYvjgokgLS0+Cjxicj48YnI+PGJyPgo8YnI+CjwhLS3jgqvjg4bjgrTjg6rjgZPjgZPjgb7jgacgLS0+CjwhLS3jg6Hjg6vjg57jgqzjg7tGQUNFQk9PS+eZu+mMsuOBk+OBk+OBi+OCiSAtLT4KPHRhYmxlIHdpZHRoPSI3MjkiIGJvcmRlcj0iMCI+Cjx0ciBhbGlnbj0iY2VudGVyIj4gCjx0ZCBiZ2NvbG9yPSIjZmZmZmZmIj4gCjxpbWcgc3JjPSJodHRwOi8vaW1hZ2UucmFrdXRlbi5jby5qcC9iYnRvd24vY2FiaW5ldC9yLXRvcDIvbWFpbF9zbWEuZ2lmIiB3aWR0aD0iMzUwIiBoZWlnaHQ9IjEwMCIgYWx0PSLjg6Hjg6vjg57jgqznmbvpjLIiPjwvdGQ+Cjx0ZCBiZ2NvbG9yPSIjZmZmZmZmIj4gCjxpbWcgc3JjPSJodHRwOi8vaW1hZ2UucmFrdXRlbi5jby5qcC9iYnRvd24vY2FiaW5ldC9yLXRvcDIvZmFjZV9wYy5naWYiIHdpZHRoPSIzNTAiIGhlaWdodD0iMTAwIiBhbHQ9IuODoeODq+ODnuOCrOeZu+mMsiI+PC90ZD4KPC90cj4KPC90YWJsZT48YnI+CjwhLS3jg6Hjg6vjg57jgqzjg7tGQUNFQk9PS+eZu+mMsuOBk+OBk+OBvuOBpyAtLT4KPC9jZW50ZXI+Cgo8IS0tIOOBqeOBk+OBp+OCguODleODquODvOOCueODmuODvOOCuXMgLS0+CjxsaW5rIGhyZWY9Imh0dHA6Ly93d3cucmFrdXRlbi5uZS5qcC9nb2xkL2JidG93bi9lY3Rvb2wvYWxsX3N0eWxlLmNzcyIgcmVsPSJzdHlsZXNoZWV0IiB0eXBlPSJ0ZXh0L2NzcyI+CjwhLS0g44Gp44GT44Gn44KC44OV44Oq44O844K544Oa44O844K5ZSAtLT4=,44CQ44ON44Kz44Od44K55Y+v44CRNTDvvIVPRkYg5pyA5aSnMTDvvIXlvJXjgq/jg7zjg53jg7Mg44Km44Kn44Ki44Ki44Kv44K744K144Oq44O8IFNTSyDph47nkIPnlKjlk4Eg44Kt44Or44OI44OR44OD44OJ44OS44OD44OX5aSnIOOBguOBmealvSDjgr/jgqTjg6Djgrvjg7zjg6sg44K/44Kk44OgU0FMRSDljYrpoY0g5pen44Oh44O844Or5L6/5Y+vIOeItuOBruaXpSDjg5fjg6zjgrzjg7Pjg4jvvJrph47nkIPnlKjlk4Hjg5njg7zjgrnjg5zjg7zjg6vjgr/jgqbjg7M=,6YeO55CD55So5ZOB44Of44K644OO6YeO55CD44Kw44Ot44O844OW44OQ44OD44OI44Ki44K344OD44Kv44K5U1NLTklLReOCvOODg+ODiOOCueODkeOCpOOCr+OCsOODreODvOODluOCsOODqeODlue3tOe/kuedgOa/gOWuieOCouOCpuODiOODrOODg+ODiOODnOODvOODq+OCouODs+ODgOODvOOCt+ODo+ODhOi2heeJueS+oeOCsOODqeOCs+ODs+OCsOODqeODs+ODieOCs+ODvOODiOmYsuWvkuOAkOODjeOCs+ODneOCueWPr+OAkTUw77yFT0ZGIOacgOWkpzEw77yF5byV44Kv44O844Od44OzIOOCpuOCp+OCouOCouOCr+OCu+OCteODquODvCBTU0sg6YeO55CD55So5ZOBIOOCreODq+ODiOODkeODg+ODieODkuODg+ODl+WkpyDjgYLjgZnmpb0g44K/44Kk44Og44K744O844OrIOOCv+OCpOODoFNBTEUg5Y2K6aGNIOaXp+ODoeODvOODq+S+v+WPryDniLbjga7ml6Ug44OX44Os44K844Oz44OI,5L2V54K544Gn44KC44ON44Kz44Od44K5Mjkw5YaG77yB44CC44CQ44ON44Kz44Od44K55Y+v44CRNTDvvIVPRkYg5pyA5aSnMTDvvIXlvJXjgq/jg7zjg53jg7Mg44Km44Kn44Ki44Ki44Kv44K744K144Oq44O8IFNTSyDph47nkIPnlKjlk4Eg44Kt44Or44OI44OR44OD44OJ44OS44OD44OX5aSnIOOBguOBmealvSDjgr/jgqTjg6Djgrvjg7zjg6sg44K/44Kk44OgU0FMRSDljYrpoY0g5pen44Oh44O844Or5L6/5Y+vIOeItuOBruaXpSDjg5fjg6zjgrzjg7Pjg4g=[rn]
25-79884,aHR0cDovL3RzaG9wLnIxMHMuanAvYmJ0b3duL2NhYmluZXQvYzIwMTRfMDEvYmFxODBqLmpwZz9maXRpbj03MDA6NzAw,NDgzLjIwMDA=,,44K544Od44O844OE44O744Ki44Km44OI44OJ44KiID4g6YeO55CD44O744K944OV44OI44Oc44O844OrID4g44Km44Kn44KiID4g56u25oqA55So44Om44OL44OV44Kp44O844Og,MjDvvIVPRkYg5pyA5aSnMTDvvIXlvJXjgq/jg7zjg53jg7Mg44ON44Kz44Od44K55Y+vIOOCouOCt+ODg+OCr+OCuSBhc2ljcyDph47nkIPnlKjlk4Eg44OL44O844OR44OD44OJIOOBsuOBluijnOW8t+eUqCDjgrjjg6Xjg4vjgqIg5bCR5bm055SoIEJBUTgwSiDjgYLjgZnmpb0=,44Ki44K344OD44Kv44K5IOmHjueQgyDkvZXngrnjgafjgoLjg43jgrPjg53jgrkyOTDlhoYgNjQ4MOWGhuS7peS4iuOBp+mAgeaWmeeEoeaWme+8gQ==,PCEtLSDjgYLjgZnmpb0x44GT44GT44GL44KJIC0tPgo8QSBocmVmPSJodHRwOi8vZXZlbnQucmFrdXRlbi5jby5qcC9hc3VyYWt1L2Fib3V0LyI+PElNRyBzcmM9Imh0dHA6Ly9pbWFnZS5yYWt1dGVuLmNvLmpwL2JidG93bi9jYWJpbmV0L21haWwyMDEwc3ByaW5nL2FzdXJha3UtMDEuZ2lmIiBib3JkZXI9IjAiPjwvQT48QlI+CjxBIGhyZWY9Imh0dHA6Ly9ldmVudC5yYWt1dGVuLmNvLmpwL2xvZ2lzdGljcy8iPjxJTUcgc3JjPSJodHRwOi8vaW1hZ2UucmFrdXRlbi5jby5qcC9jb20vaW1nL3Jtcy9jYWJpbmV0L3JlY29tbWVuZF9uZXcvaW1nMDAwMDc0NzguanBnIiBib3JkZXI9IjAiPjwvQT48QlI+PEJSPjxCUj4KPCEtLSDjgYLjgZnmpb0x44GT44GT44G+44GnIC0tPgo8IS0tIOOBguOBmealvTLjgZPjgZPjgYvjgokgLS0+CjxCUj48QlI+CjxBIGhyZWY9Imh0dHA6Ly9ldmVudC5yYWt1dGVuLmNvLmpwL2FzdXJha3UvYWJvdXQvIj48SU1HIHNyYz0iaHR0cDovL2ltYWdlLnJha3V0ZW4uY28uanAvYmJ0b3duL2NhYmluZXQvci10b3AyL2FzdXJha3VfMDMyNy5naWYiIGJvcmRlcj0iMCI+PC9BPjxCUj48QlI+CjxBIGhyZWY9Imh0dHA6Ly9ldmVudC5yYWt1dGVuLmNvLmpwL2FzdXJha3UvYWJvdXQvIj48SU1HIHNyYz0iaHR0cDovL2ltYWdlLnJha3V0ZW4uY28uanAvYmJ0b3duL2NhYmluZXQvbWFpbDIwMTBzcHJpbmcvYXN1cmFrdS0wMi5naWYiIGJvcmRlcj0iMCI+PC9BPjxCUj4KPCEtLSDjgYLjgZnmpb0y44GT44GT44G+44GnIC0tPjwhLS0g5Y+W5a+E44Oa44O844K444G444Gu44Oq44Oz44KvLXMgLS0+CjxpbWcgc3JjPSJodHRwOi8vaW1hZ2UucmFrdXRlbi5jby5qcC9iYnRvd24vY2FiaW5ldC9yLXRvcDIvemFpa29naXJlLmdpZiIgYm9yZGVyPSIwIiB3aWR0aD0iMzM1Ij48YnI+PGJyPgo8IS0tIOWPluWvhOODmuODvOOCuOOBuOOBruODquODs+OCry1lIC0tPgo8IS0tIFNT44Ko44Oz44OI44Oq44O8UEMtcyAtLT48IS0tIAo8Zm9udCBjb2xvcj0iI2ZmMDAwMCIgc2l6ZT0iNCI+4oaT44Ko44Oz44OI44Oq44O844Gu44GK5b+Y44KM44Gv44GC44KK44G+44Gb44KT44GL77yf4oaTPC9mb250Pjxicj4KPGltZyBzcmM9Imh0dHA6Ly9pbWFnZS5yYWt1dGVuLmNvLmpwL2JidG93bi9jYWJpbmV0L3NzMTIwMmJhbm5lci9yYWt1dGVuX3R1bGVfMTIwNXNzLmpwZyIgYm9yZGVyPSIwIiB3aWR0aD0iMzUwIj48YnI+CiAtLT48IS0tIFNT44Ko44Oz44OI44Oq44O8UEMtZSAtLT4KPGJyPgo8IS0tIOODqeODg+ODlOODs+OCsOiqmOWwji1zIC0tPgogPGZvbnQgY29sb3I9IiNmZjAwMDAiIHNpemU9IjQiPuKGk+ODqeODg+ODlOODs+OCsCgyNzDlhoYv56iO6L68KeOBruOBlOazqOaWh+OBr+OCs+ODgeODqeKGkzwvZm9udD48YnI+CjxpbWcgc3JjPSJodHRwOi8vaW1hZ2UucmFrdXRlbi5jby5qcC9iYnRvd24vY2FiaW5ldC9yLXRvcDIvd3JhcHBpbmdfNjE2XzEuanBnIiBib3JkZXI9IjAiIHdpZHRoPSIzNTAiPjxicj4KPCEtLSDjg6njg4Pjg5Tjg7PjgrDoqpjlsI4tZSAtLT4KPGJyPgo8IS0tIOOCruODleODiOmWoumAo+aknOe0ouODr+ODvOODiS1zIC0tPgog44CQ5qSc57Si44Ov44O844OJ77ya44Op44OD44OU44Oz44KwIOi0iOOCiuOCguOBriDotIjjgorniakg6LSI54mpIOi0iOetlOWTgSDjg5fjg6zjgrzjg7Pjg4gg44Ku44OV44OIIOOBiuelneOBhCDoqJjlv7Xlk4Eg5Y2S5qWtIOWNkuWbo+OAkSAKPCEtLSDjgq7jg5Xjg4jplqLpgKPmpJzntKLjg6/jg7zjg4ktcyAtLT4KCjxicj48IS0t44GK6LK344GE54mp44Ks44Kk44OJ44GT44GT44GL44KJIC0tPgo8aW1nIHNyYz0iaHR0cHM6Ly9pbWFnZS5yYWt1dGVuLmNvLmpwL2JidG93bi9jYWJpbmV0L3ItdG9wMy9wY19jYXJ0XzA1MzAuZ2lmIiBib3JkZXI9IjAiIHdpZHRoPSI0MDAiPjxicj4KCjwhLS3jgYrosrfjgYTnianjgqzjgqTjg4njgZPjgZPjgb7jgacgLS0+CjwhLS0gZXZpLXMgLS0+44Oh44O844Kr44O85biM5pyb5bCP5aOy5L6h5qC844Gv44Oh44O844Kr44O844Kr44K/44Ot44Kw44Gr5Z+644Gl44GE44Gm5o6y6LyJ44GX44Gm44GE44G+44GZPElNRyBzcmM9Imh0dHA6Ly9pbWFnZS5yYWt1dGVuLmNvLmpwL3Nwby1iYnQvY2FiaW5ldC9ldmlkZW5jZS9ldmlkZW5jZV9hc2ktYmFxODBqLmpwZyIgYm9yZGVyPSIwIj48QlI+PEJSPjwhLS0gZXZpLWUgLS0+Cjx0YWJsZSBib3JkZXI9IjAiIHdpZHRoPSI3MDAiIGNlbGxwYWRkaW5nPSIyIiBjZWxsc3BhY2luZz0iMCI+CiAgPHRyPgogICAgPHRkIGFsaWduPSJsZWZ0Ij4KICAgICAgPHRhYmxlIGNlbGxwYWRkaW5nPSIxIiB3aWR0aD0iMTAwJSI+CiAgICAgICAgPHRyPgogICAgICAgICAgPHRkIHZhbGlnbj0idG9wIiBhbGlnbj0ibGVmdCI+CiAgICAgICAgICAgIDx0YWJsZSBib3JkZXI9IjAiIGNlbGxwYWRkaW5nPSI0IiBjZWxsc3BhY2luZz0iMCIgd2lkdGg9Ijk1JSI+CiAgICAgICAgICAgICAgPHRyPgogICAgICAgICAgICAgICAgPHRkIGJnY29sb3I9IiMwMDAwOTkiPjxiPjxmb250IGNvbG9yPSIjZmZmZmZmIiBzaXplPSIyIj7llYblk4HoqqzmmI48L2ZvbnQ+PC9iPjwvdGQ+CiAgICAgICAgICAgICAgPC90cj4KICAgICAgICAgICAgICA8IS0tIGFyZWExIEIgLS0+CiAgICAgICAgICAgICAgPHRyPgogICAgICAgICAgICAgICAgPHRkPjxkaXYgY2xhc3M9InRleHQyIiBhbGlnbj0ibGVmdCI+PGZvbnQgc2l6ZT0iMiIgY29sb3I9IiMwMDAwOTkiPjwvZm9udD48L2Rpdj48L3RkPgogICAgICAgICAgICAgIDwvdHI+CiAgICAgICAgICAgICAgPCEtLSBhcmVhMSBFIC0tPgogICAgICAgICAgICAgIDwhLS0gYXJlYTIgQiAtLT4KICAgICAgICAgICAgICA8dHI+CiAgICAgICAgICAgICAgICA8dGQgYWxpZ249ImxlZnQiPjxmb250IHNpemU9IjIiPgogICAgICAgICAgICAgICAgICDil4/ntKDmnZDvvJrooag6KOODneODquOCqOOCueODhuODqzk177yF44O744Kt44Ol44OX44OpNe+8hSkK5LitOijjg53jg6rjgqbjg6zjgr/jg7MpCuijjzoo44Od44Oq44Ko44K544OG44OrMTAw77yFKTxicj4K4peP44Kr44Op44O877yaKDAxKeODm+ODr+OCpOODiOOAgSgwMinjgqLjgqTjg5zjg6rjgIEoMTApUy/jgrDjg6zjg7w8YnI+CuKXj+OCteOCpOOCuu+8mkY8YnI+CuKXj+mHjueQg+eUqOWTgeOAgeOCouOCt+ODg+OCr+OCueODmeODvOOCueODnOODvOODq+OAgWFzaWNz44CB44K444Ol44OL44Ki55So44CB44Gy44GW44CB44OS44K244CB6Iad44CB44GX44KK44CB5bC744CB44OR44OD44OICiAgICAgICAgICAgICAgICA8L2ZvbnQ+PC90ZD4KICAgICAgICAgICAgICA8L3RyPgogICAgICAgICAgICAgIDwhLS0gYXJlYTIgRSAtLT4KICAgICAgICAgICAgICA8IS0tIGFyZWEzIEIgLS0+CiAgICAgICAgICAgICAgPCEtLSBhcmVhMyBFIC0tPgogICAgICAgICAgICA8L3RhYmxlPgogICAgICAgICAgPC90ZD4KICAgICAgICA8L3RyPgogICAgICA8L3RhYmxlPgogICAgPC90ZD4KICA8L3RyPgo8L3RhYmxlPjxzdHlsZSB0eXBlPSJ0ZXh0L2NzcyI+CjwhLS0KCnNwYW4uY2F0Y2hfY29weSwKc3Bhbi5pdGVtX25hbWUgewogIGxpbmUtaGVpZ2h0OiAxODAlOwp9CgoKLyog5ZWG5ZOB5ZCN5LiL44Gr5aKD55WM57ea44GM5YWl44KLICovCnNwYW4uaXRlbV9uYW1lIHsKICAgIGRpc3BsYXk6IGJsb2NrOwogICAgYm9yZGVyLWJvdHRvbTogMnB4IGRvdHRlZCAjZGRkOwogICAgcGFkZGluZy1ib3R0b206IDhweDsKfQoKLyog5L6h5qC844Gr5p6g57ea44GM44Gk44GPICovCnRhYmxlI3Jha3V0ZW5MaW1pdGVkSWRfY2FydCB7CiAgICBiYWNrZ3JvdW5kLWNvbG9yOiAjZjhmOGY4OwogICAgYm9yZGVyOiAxcHggc29saWQgI2RkZDsKICAgIHBhZGRpbmc6IDhweDsKICAgIG1hcmdpbjogMTZweCAwOwp9CgpzcGFuLnByaWNlMSB7CiAgICBjb2xvcjogIzMzMyAhaW1wb3J0YW50OwogICAgZm9udC13ZWlnaHQ6IGJvbGQ7CiAgICBmb250LXNpemU6IDgwJSAhaW1wb3J0YW50OwogICAgbGluZS1oZWlnaHQ6IDMwcHg7CiAgICBkaXNwbGF5OiBpbmxpbmUtYmxvY2s7CiAgICBtYXJnaW4tcmlnaHQ6IDE2cHg7Cn0KCi0tPgo8L3N0eWxlPgo8c3R5bGUgdHlwZT0idGV4dC9jc3MiPgovKuiyt+OBhOeJqeOBi+OBlOOBq+WFpeOCjOOCi+ODnOOCv+ODsyovCiNyYWt1dGVuTGltaXRlZElkX2Fyb3VuZENhcnQgaW5wdXRbdmFsdWU9Iuiyt+OBhOeJqeOBi+OBlOOBq+WFpeOCjOOCiyJdewpiYWNrZ3JvdW5kOiB1cmwoImh0dHA6Ly9pbWFnZS5yYWt1dGVuLmNvLmpwL2JidG93bi9jYWJpbmV0L3ItdG9wMi9jYXJ0LmdpZiIpIGxlZnQgdG9wIG5vLXJlcGVhdDsKd2lkdGg6MzM2cHg7CmhlaWdodDo2N3B4Owp0ZXh0LWluZGVudDoxMDAlOwp3aGl0ZS1zcGFjZTpub3dyYXA7Cm92ZXJmbG93OmhpZGRlbjsKYm9yZGVyOiBub25lOwpwYWRkaW5nOjA7Cm1hcmdpbi10b3A6NXB4IDA7CmN1cnNvcjpwb2ludGVyOwp9CiNyYWt1dGVuTGltaXRlZElkX2Fyb3VuZENhcnQgdGJvZHkgdHIgdGQgaW5wdXQ6aG92ZXJ7CmFscGhhKG9wYWNpdHk9OCk7Ci1tb3otb3BhY2l0eTowLjg7Cm9wYWNpdHk6MC44OwpjdXJzb3I6cG9pbnRlcjsKfQo8L3N0eWxlPgoKPHN0eWxlIHR5cGU9InRleHQvY3NzIj4KCi8qIOOBiuawl+OBq+WFpeOCiuWVhuWTgeW3ruOBl+abv+OBiOOCv+OCsCAqLwojcmFrdXRlbkxpbWl0ZWRJZF9hcm91bmRDYXJ0ICNzZXJ2aWNlVGFibGVTbWwgdGQuZmF2b3JpdGUgewpwYWRkaW5nLXRvcDogNXB4Owp9CiNyYWt1dGVuTGltaXRlZElkX2Fyb3VuZENhcnQgZGl2LmJvb2ttYXJrQXJlYSBkaXYuYmttIHsKd2lkdGg6MzQ1cHggIWltcG9ydGFudDsKaGVpZ2h0OjMxMHB4ICFpbXBvcnRhbnQ7CnBhZGRpbmc6IDBweCAwcHggMTBweCAwcHggIWltcG9ydGFudDsKfQojcmFrdXRlbkxpbWl0ZWRJZF9hcm91bmRDYXJ0IGRpdi5ib29rbWFya0FyZWEgZGl2LmJrbSBhLmFkZEJrbSB7CndpZHRoOjM0NXB4ICFpbXBvcnRhbnQ7CmhlaWdodDozMTBweCAhaW1wb3J0YW50Owp9CiNyYWt1dGVuTGltaXRlZElkX2Fyb3VuZENhcnQgZGl2LmJvb2ttYXJrQXJlYSBkaXYuYmttIGEuYWRkQmttIHNwYW4uYmttU3RhciB7CmRpc3BsYXk6IGlubGluZS1ibG9jayAhaW1wb3J0YW50Owp3aWR0aDozNDVweCAhaW1wb3J0YW50OwpoZWlnaHQ6MzEwcHggIWltcG9ydGFudDsKbWFyZ2luOjBweCAwcHggMTBweCAwcHggIWltcG9ydGFudDsKYmFja2dyb3VuZDogdXJsKCJodHRwOi8vaW1hZ2UucmFrdXRlbi5jby5qcC9iYnRvd24vY2FiaW5ldC9yLXRvcDIvb2tpbmlpcmlfaXRlbS5naWYiKSBuby1yZXBlYXQgIWltcG9ydGFudDsKfQoKLyog44GK5rCX44Gr5YWl44KK44K344On44OD44OX5beu44GX5pu/44GI44K/44KwICovCmRpdi5ib29rbWFya0FyZWEgewp3aWR0aDozMzVweCAhaW1wb3J0YW50Owp9CiNyYWt1dGVuTGltaXRlZElkX2Fyb3VuZENhcnQgZGl2LnNob3BCb29rbWFya0FyZWEgZGl2LnNob3BCa20gewp3aWR0aDozMzVweCAhaW1wb3J0YW50OwpoZWlnaHQ6NjdweCAhaW1wb3J0YW50OwpwYWRkaW5nOiAwcHggMHB4ICFpbXBvcnRhbnQ7CnBhZGRpbmctbGVmdDogMHB4ICFpbXBvcnRhbnQ7Cn0KI3Jha3V0ZW5MaW1pdGVkSWRfYXJvdW5kQ2FydCBkaXYuc2hvcEJvb2ttYXJrQXJlYSBkaXYuc2hvcEJrbSBhLmFkZFNob3BCa20gc3Bhbi5zaG9wQmttU3RhciB7CmRpc3BsYXk6IGlubGluZS1ibG9jayAhaW1wb3J0YW50Owp3aWR0aDozMzVweCAhaW1wb3J0YW50OwpoZWlnaHQ6NjdweCAhaW1wb3J0YW50OwptYXJnaW4tcmlnaHQ6IDBweCAhaW1wb3J0YW50OwpiYWNrZ3JvdW5kOiB1cmwoImh0dHA6Ly9pbWFnZS5yYWt1dGVuLmNvLmpwL2JidG93bi9jYWJpbmV0L3ItdG9wMi9va2luaWlyaV9zaG9wLmdpZiIpIG5vLXJlcGVhdCAhaW1wb3J0YW50Owp9Cgo8L3N0eWxlPgo8IS0tLyrosrfjgYTnianjgYvjgZTkuIrjg5zjgr/jg7MqLwoKCnNwYW4udW5pdCB7IGJhY2tncm91bmQ6IHVybChodHRwOi8vaW1hZ2UucmFrdXRlbi5jby5qcC9iYnRvd24vY2FiaW5ldC9yLXRvcDIva2Fnb19zb3VyeW91Mi5naWYpIG5vLXJlcGVhdCBsZWZ0IHRvcDsgdGV4dC1pbmRlbnQ6Ci05OTk5OyBkaXNwbGF5OiBibG9jazsgd2lkdGg6IDMzNTsgaGVpZ2h0OiA2ODsgbWFyZ2luOjE1cHggMDsgfQotLT4KPGNlbnRlcj4KPGltZyBzcmM9Imh0dHA6Ly9pbWFnZS5yYWt1dGVuLmNvLmpwL2JidG93bi9jYWJpbmV0L3ItdG9wMi9zaXplX2ltZy5naWYiIGJvcmRlcj0iMCI+PGJyPjxicj4KCjwhLS0yMGpp44GT44GT44GL44KJIC0tPgo8IS0tPHRhYmxlIHdpZHRoPSI3MzEiPgo8dHIgYWxpZ249ImNlbnRlciI+IDx0ZCBiZ2NvbG9yPSIjY2MwMDAwIiBjb2xzcGFuPSIzIj48aW1nIHNyYz0iaHR0cDovL2ltYWdlLnJha3V0ZW4uY28uanAvYmJ0b3duL2NhYmluZXQvci10b3AyLzIwamlfNzMxLmdpZiIgd2lkdGg9IjczMSIgaGVpZ2h0PSI2OSI+PC90ZD48L3RyPgo8L3RhYmxlPjxicj4gLS0+CjwhLS08aW1nIHNyYz0iaHR0cDovL2ltYWdlLnJha3V0ZW4uY28uanAvYmJ0b3duL2NhYmluZXQvci10b3AyLzIwamlfNzMxLmdpZiIgd2lkdGg9IjczMSIgaGVpZ2h0PSI4MiI+PGJyPgo8QlI+LS0+CjwhLS0yMGpp44GT44GT44G+44GnIC0tPgo8IS0t44Kr44OG44K044Oq44GT44GT44GL44KJIC0tPgo8YnI+PGJyPjxicj4KPGJyPgoKPCEtLeOCq+ODhuOCtOODquOBk+OBk+OBvuOBpyAtLT4KPCEtLeODoeODq+ODnuOCrOODu0ZBQ0VCT09L55m76Yyy44GT44GT44GL44KJIC0tPgo8dGFibGUgd2lkdGg9IjcyOSIgYm9yZGVyPSIwIj4KPHRyIGFsaWduPSJjZW50ZXIiPiAKPHRkIGJnY29sb3I9IiNmZmZmZmYiPiAKPGltZyBzcmM9Imh0dHA6Ly9pbWFnZS5yYWt1dGVuLmNvLmpwL2JidG93bi9jYWJpbmV0L3ItdG9wMi9tYWlsX3NtYS5naWYiIHdpZHRoPSIzNTAiIGhlaWdodD0iMTAwIiBhbHQ9IuODoeODq+ODnuOCrOeZu+mMsiI+PC90ZD4KPHRkIGJnY29sb3I9IiNmZmZmZmYiPiAKPGltZyBzcmM9Imh0dHA6Ly9pbWFnZS5yYWt1dGVuLmNvLmpwL2JidG93bi9jYWJpbmV0L3ItdG9wMi9mYWNlX3BjLmdpZiIgd2lkdGg9IjM1MCIgaGVpZ2h0PSIxMDAiIGFsdD0i44Oh44Or44Oe44Ks55m76YyyIj48L3RkPgo8L3RyPgo8L3RhYmxlPjxicj4KPCEtLeODoeODq+ODnuOCrOODu0ZBQ0VCT09L55m76Yyy44GT44GT44G+44GnIC0tPgoKPC9jZW50ZXI+Cgo8IS0tIOOBqeOBk+OBp+OCguODleODquODvOOCueODmuODvOOCuXMgLS0+CjxsaW5rIGhyZWY9Imh0dHA6Ly93d3cucmFrdXRlbi5uZS5qcC9nb2xkL2JidG93bi9lY3Rvb2wvYWxsX3N0eWxlLmNzcyIgcmVsPSJzdHlsZXNoZWV0IiB0eXBlPSJ0ZXh0L2NzcyI+CjwhLS0g44Gp44GT44Gn44KC44OV44Oq44O844K544Oa44O844K5ZSAtLT4=,MjDvvIVPRkYg5pyA5aSnMTDvvIXlvJXjgq/jg7zjg53jg7Mg44ON44Kz44Od44K55Y+vIOOCouOCt+ODg+OCr+OCuSBhc2ljcyDph47nkIPnlKjlk4Eg44OL44O844OR44OD44OJIOOBsuOBluijnOW8t+eUqCDjgrjjg6Xjg4vjgqIg5bCR5bm055SoIEJBUTgwSiDjgYLjgZnmpb3vvJrph47nkIPnlKjlk4Hjg5njg7zjgrnjg5zjg7zjg6vjgr/jgqbjg7M=,6YeO55CD55So5ZOB44Of44K644OO6YeO55CD44Kw44Ot44O844OW44OQ44OD44OI44Ki44K344OD44Kv44K5U1NLTklLReOCvOODg+ODiOOCueODkeOCpOOCr+OCsOODreODvOODluOCsOODqeODlue3tOe/kuedgOa/gOWuieOCouOCpuODiOODrOODg+ODiOODnOODvOODq+OCouODs+ODgOODvOOCt+ODo+ODhOi2heeJueS+oeOCsOODqeOCs+ODs+OCsOODqeODs+ODieOCs+ODvOODiOmYsuWvkjIw77yFT0ZGIOacgOWkpzEw77yF5byV44Kv44O844Od44OzIOODjeOCs+ODneOCueWPryDjgqLjgrfjg4Pjgq/jgrkgYXNpY3Mg6YeO55CD55So5ZOBIOODi+ODvOODkeODg+ODiSDjgbLjgZboo5zlvLfnlKgg44K444Ol44OL44KiIOWwkeW5tOeUqCBCQVE4MEog44GC44GZ5qW9,44Ki44K344OD44Kv44K5IOmHjueQgyDkvZXngrnjgafjgoLjg43jgrPjg53jgrkyOTDlhoYgNjQ4MOWGhuS7peS4iuOBp+mAgeaWmeeEoeaWme+8geOAgjIw77yFT0ZGIOacgOWkpzEw77yF5byV44Kv44O844Od44OzIOODjeOCs+ODneOCueWPryDjgqLjgrfjg4Pjgq/jgrkgYXNpY3Mg6YeO55CD55So5ZOBIOODi+ODvOODkeODg+ODiSDjgbLjgZboo5zlvLfnlKgg44K444Ol44OL44KiIOWwkeW5tOeUqCBCQVE4MEog44GC44GZ5qW9[rn]
25-79885,aHR0cDovL3RzaG9wLnIxMHMuanAvYmJ0b3duL2NhYmluZXQvMjAxN19pbWcvcmV3YXJkLWtuZWUtYWMuanBnP2ZpdGluPTcwMDo3MDA=,Mzk4LjQwMDA=,,44K544Od44O844OE44O744Ki44Km44OI44OJ44KiID4g6YeO55CD44O744K944OV44OI44Oc44O844OrID4g44Km44Kn44KiID4g56u25oqA55So44Om44OL44OV44Kp44O844Og,MjjvvIVPRkYg5pyA5aSnMTDvvIXlvJXjgq/jg7zjg53jg7Mg44ON44Kz44Od44K55Y+vIDHmnprlhaXjgoog6YeO55CD55So5ZOBIFJFV0FSRCjjg6zjg6/jg7zjg4kpIOODkuOCtuODkeODg+ODiSjlpKfkurov44K444Ol44OL44Ki55SoKSDnuKvjgYTku5jjgZHnlKggQUMwMi9BQzUyIOOBguOBmealvSDlsJHlubTnlKg=,44Os44Ov44O844OJIOmHjueQgyDkvZXngrnjgafjgoLjg43jgrPjg53jgrkyOTDlhoYgNjQ4MOWGhuS7peS4iuOBp+mAgeaWmeeEoeaWme+8gQ==,PGNlbnRlcj4KPEJSPgo8aW1nIHNyYz0iaHR0cDovL2ltYWdlLnJha3V0ZW4uY28uanAvYmJ0b3duL2NhYmluZXQvcmFua19pbWcvcmV3YXJkLWtuZWVfMTAxMXJhbmsuZ2lmIj4KPEJSPiAgPC9jZW50ZXI+CiAgCiAgPENFTlRFUj4KPFAgYWxpZ249ImNlbnRlciI+CjxGT05UIGNvbG9yPSIjZmYwMDAwIiBzaXplPSI2Ij7vvJzph47nkIPnlKjlk4EvMeaemuWFpeOCiu+8njxicj5SRVdBUkQo44Os44Ov44O844OJKSA8YnI+CuODkuOCtuODkeODg+ODiSjlpKfkurov44K444Ol44OL44Ki55SoKSA8YnI+57ir44GE5LuY44GR55SoIDxicj5BQzAyL0FDNTIgIDxCUj4KPEJSPgo8L0ZPTlQ+PEJSPgo8QlI+CjxJTUcgc3JjPSJodHRwOi8vaW1hZ2UucmFrdXRlbi5jby5qcC9iYnRvd24vY2FiaW5ldC9nZWtpeWFzdTMvcmV3YXJkLWtuZWUtYWMuanBnIiB3aWR0aD0iNjAwIiBib3JkZXI9IjAiPjxCUj4KPEJSPgo8L1A+Cgo8VEFCTEUgY2VsbHNwYWNpbmc9IjEiIGNlbGxwYWRkaW5nPSIyIiB3aWR0aD0iNjAwIiBib3JkZXI9IjAiIGJnY29sb3I9IiNjY2NjY2MiPgogIDxUQk9EWT4KICAgIDxUUj4KICAgICAgPFREIGJnY29sb3I9IiNmZmZmZmYiIGNvbHNwYW49IjIiIGFsaWduPSJjZW50ZXIiPjxJTUcgc3JjPSJodHRwOi8vaW1hZ2UucmFrdXRlbi5jby5qcC9iYnRvd24vY2FiaW5ldC9nZWtpeWFzdTcvcmV3YXJkLWtuZWVwYWQuanBnIiB3aWR0aD0iNjAwIiBib3JkZXI9IjAiPjwvVEQ+CiAgICA8L1RSPgogIDwvVEJPRFk+CjwvVEFCTEU+CjwvQ0VOVEVSPjwhLS0gU1Pjgqjjg7Pjg4jjg6rjg7xQQy1zIC0tPjwhLS0gCjxmb250IGNvbG9yPSIjZmYwMDAwIiBzaXplPSI0Ij7ihpPjgqjjg7Pjg4jjg6rjg7zjga7jgYrlv5jjgozjga/jgYLjgorjgb7jgZvjgpPjgYvvvJ/ihpM8L2ZvbnQ+PGJyPgo8aW1nIHNyYz0iaHR0cDovL2ltYWdlLnJha3V0ZW4uY28uanAvYmJ0b3duL2NhYmluZXQvc3MxMjAyYmFubmVyL3Jha3V0ZW5fdHVsZV8xMjA1c3MuanBnIiBib3JkZXI9IjAiIHdpZHRoPSIzNTAiPjxicj4KIC0tPjwhLS0gU1Pjgqjjg7Pjg4jjg6rjg7xQQy1lIC0tPgo8YnI+CjwhLS0g44Op44OD44OU44Oz44Kw6KqY5bCOLXMgLS0+CiA8Zm9udCBjb2xvcj0iI2ZmMDAwMCIgc2l6ZT0iNCI+4oaT44Op44OD44OU44Oz44KwKDI3MOWGhi/nqI7ovrwp44Gu44GU5rOo5paH44Gv44Kz44OB44Op4oaTPC9mb250Pjxicj4KPGltZyBzcmM9Imh0dHA6Ly9pbWFnZS5yYWt1dGVuLmNvLmpwL2JidG93bi9jYWJpbmV0L3ItdG9wMi93cmFwcGluZ182MTZfMS5qcGciIGJvcmRlcj0iMCIgd2lkdGg9IjM1MCI+PGJyPgo8IS0tIOODqeODg+ODlOODs+OCsOiqmOWwji1lIC0tPgo8YnI+CjwhLS0g44Ku44OV44OI6Zai6YCj5qSc57Si44Ov44O844OJLXMgLS0+CiDjgJDmpJzntKLjg6/jg7zjg4nvvJrjg6njg4Pjg5Tjg7PjgrAg6LSI44KK44KC44GuIOi0iOOCiueJqSDotIjniakg6LSI562U5ZOBIOODl+ODrOOCvOODs+ODiCDjgq7jg5Xjg4gg44GK56Wd44GEIOiomOW/teWTgSDljZLmpa0g5Y2S5Zuj44CRIAo8IS0tIOOCruODleODiOmWoumAo+aknOe0ouODr+ODvOODiS1zIC0tPjxicj4KCjwhLS3jgYrosrfjgYTnianjgqzjgqTjg4njgZPjgZPjgYvjgokgLS0+CjxpbWcgc3JjPSJodHRwczovL2ltYWdlLnJha3V0ZW4uY28uanAvYmJ0b3duL2NhYmluZXQvci10b3AzL3BjX2NhcnRfMDUzMC5naWYiIGJvcmRlcj0iMCIgd2lkdGg9IjQwMCI+PGJyPgoKPCEtLeOBiuiyt+OBhOeJqeOCrOOCpOODieOBk+OBk+OBvuOBpyAtLT4KPCEtLSBldmktcyAtLT7imIXjg6Hjg7zjgqvjg7zluIzmnJvlsI/lo7LkvqHmoLzjga/jg6Hjg7zjgqvjg7zjgqvjgr/jg63jgrDjgavln7rjgaXjgYTjgabmjrLovInjgZfjgabjgYTjgb7jgZk8QlI+PEJSPjwhLS0gZXZpLWUgLS0+PCEtLSBhcmVhMCBCIC0tPgo8IS0tIGFyZWEwIEUgLS0+Cjx0YWJsZSBib3JkZXI9IjAiIHdpZHRoPSIyNjAiIGNlbGxwYWRkaW5nPSIyIiBjZWxsc3BhY2luZz0iMCI+CiAgPHRyPgogICAgPHRkIGFsaWduPSJsZWZ0Ij4KICAgICAgPHRhYmxlIGNlbGxwYWRkaW5nPSIxIiB3aWR0aD0iMTAwJSI+CiAgICAgICAgPHRyPgogICAgICAgICAgPHRkIHZhbGlnbj0idG9wIiBhbGlnbj0ibGVmdCI+CiAgICAgICAgICAgIDx0YWJsZSBib3JkZXI9IjAiIGNlbGxwYWRkaW5nPSI0IiBjZWxsc3BhY2luZz0iMCIgd2lkdGg9Ijk1JSI+CiAgICAgICAgICAgICAgPHRyPgogICAgICAgICAgICAgICAgPHRkIGJnY29sb3I9IiMwMDAwOTkiPjxiPjxmb250IGNvbG9yPSIjZmZmZmZmIiBzaXplPSIyIj7llYblk4HoqqzmmI48L2ZvbnQ+PC9iPjwvdGQ+CiAgICAgICAgICAgICAgPC90cj4KICAgICAgICAgICAgICA8IS0tIGFyZWExIEIgLS0+CiAgICAgICAgICAgICAgPHRyPgogICAgICAgICAgICAgICAgPHRkPjxmb250IHNpemU9IjIiIGNvbG9yPSIjMDAwMDk5Ij48Yj7ooZ3mkoPlkLjlj47jg7vogJDkuYXmgKfjgqLjg4Pjg5c8L2I+PC9mb250PiA8L3RkPgogICAgICAgICAgICAgIDwvdHI+CiAgICAgICAgICAgICAgPCEtLSBhcmVhMSBFIC0tPgogICAgICAgICAgICAgIDwhLS0gYXJlYTIgQiAtLT4KICAgICAgICAgICAgICA8dHI+CiAgICAgICAgICAgICAgICA8dGQgYWxpZ249ImxlZnQiPjxmb250IHNpemU9IjIiPuKXj+e0oOadkO+8muODneODquOCqOOCueODhuODqzxicj4KICAgICAgICAgICAgICAgICAg4peP44Kr44Op44O877yaKDAxKeODm+ODr+OCpOODiDxicj4KICAgICAgICAgICAgICAgICAg4peP44K144Kk44K677ya57SEMjRjbcOXMTljbSjlpKfkurrnlKgp44CB57SEMjJjbcOXMTdjbSjjgrjjg6Xjg4vjgqLnlKgpPGJyPgogICAgICAgICAgICAgICAgICDil4/nuKvjgYTku5jjgZHnlKg8YnI+CiAgICAgICAgICAgICAgICAgIOKXjzHmnprlhaXjgoogPGJyPgogICAgICAgICAgICAgICAgICDil49BQy0wMuOAgUFDLTUy44CB44Gy44GW44CB44OS44K244CB6Iad44CB44GX44KK44CB5bC744CB44OR44OD44OIPC9mb250PjwvdGQ+CiAgICAgICAgICAgICAgPC90cj4KICAgICAgICAgICAgICA8IS0tIGFyZWEyIEUgLS0+Cjx0cj4KICAgICAgICAgICAgICA8IS0tIGFyZWEzIEIgLS0+CiAgICAgICAgICAgICAgPCEtLSBhcmVhMyBFIC0tPgogICAgICAgICAgICA8L3RhYmxlPgogICAgICAgICAgPC90ZD4KICAgICAgICA8L3RyPgogICAgICA8L3RhYmxlPgogICAgPC90ZD4KICA8L3RyPgo8L3RhYmxlPjxzdHlsZSB0eXBlPSJ0ZXh0L2NzcyI+CjwhLS0KCnNwYW4uY2F0Y2hfY29weSwKc3Bhbi5pdGVtX25hbWUgewogIGxpbmUtaGVpZ2h0OiAxODAlOwp9CgoKLyog5ZWG5ZOB5ZCN5LiL44Gr5aKD55WM57ea44GM5YWl44KLICovCnNwYW4uaXRlbV9uYW1lIHsKICAgIGRpc3BsYXk6IGJsb2NrOwogICAgYm9yZGVyLWJvdHRvbTogMnB4IGRvdHRlZCAjZGRkOwogICAgcGFkZGluZy1ib3R0b206IDhweDsKfQoKLyog5L6h5qC844Gr5p6g57ea44GM44Gk44GPICovCnRhYmxlI3Jha3V0ZW5MaW1pdGVkSWRfY2FydCB7CiAgICBiYWNrZ3JvdW5kLWNvbG9yOiAjZjhmOGY4OwogICAgYm9yZGVyOiAxcHggc29saWQgI2RkZDsKICAgIHBhZGRpbmc6IDhweDsKICAgIG1hcmdpbjogMTZweCAwOwp9CgpzcGFuLnByaWNlMSB7CiAgICBjb2xvcjogIzMzMyAhaW1wb3J0YW50OwogICAgZm9udC13ZWlnaHQ6IGJvbGQ7CiAgICBmb250LXNpemU6IDgwJSAhaW1wb3J0YW50OwogICAgbGluZS1oZWlnaHQ6IDMwcHg7CiAgICBkaXNwbGF5OiBpbmxpbmUtYmxvY2s7CiAgICBtYXJnaW4tcmlnaHQ6IDE2cHg7Cn0KCi0tPgo8L3N0eWxlPgoKPHN0eWxlIHR5cGU9InRleHQvY3NzIj4KCjwvc3R5bGU+CjxzdHlsZSB0eXBlPSJ0ZXh0L2NzcyI+Ci8q6LK344GE54mp44GL44GU44Gr5YWl44KM44KL44Oc44K/44OzKi8KI3Jha3V0ZW5MaW1pdGVkSWRfYXJvdW5kQ2FydCBpbnB1dFt2YWx1ZT0i6LK344GE54mp44GL44GU44Gr5YWl44KM44KLIl17CmJhY2tncm91bmQ6IHVybCgiaHR0cDovL2ltYWdlLnJha3V0ZW4uY28uanAvYmJ0b3duL2NhYmluZXQvci10b3AyL2NhcnQuZ2lmIikgbGVmdCB0b3Agbm8tcmVwZWF0Owp3aWR0aDozMzZweDsKaGVpZ2h0OjY3cHg7CnRleHQtaW5kZW50OjEwMCU7CndoaXRlLXNwYWNlOm5vd3JhcDsKb3ZlcmZsb3c6aGlkZGVuOwpib3JkZXI6IG5vbmU7CnBhZGRpbmc6MDsKbWFyZ2luLXRvcDo1cHggMDsKY3Vyc29yOnBvaW50ZXI7Cn0KI3Jha3V0ZW5MaW1pdGVkSWRfYXJvdW5kQ2FydCB0Ym9keSB0ciB0ZCBpbnB1dDpob3ZlcnsKYWxwaGEob3BhY2l0eT04KTsKLW1vei1vcGFjaXR5OjAuODsKb3BhY2l0eTowLjg7CmN1cnNvcjpwb2ludGVyOwp9Cjwvc3R5bGU+Cgo8c3R5bGUgdHlwZT0idGV4dC9jc3MiPgoKLyog44GK5rCX44Gr5YWl44KK5ZWG5ZOB5beu44GX5pu/44GI44K/44KwICovCiNyYWt1dGVuTGltaXRlZElkX2Fyb3VuZENhcnQgI3NlcnZpY2VUYWJsZVNtbCB0ZC5mYXZvcml0ZSB7CnBhZGRpbmctdG9wOiA1cHg7Cn0KI3Jha3V0ZW5MaW1pdGVkSWRfYXJvdW5kQ2FydCBkaXYuYm9va21hcmtBcmVhIGRpdi5ia20gewp3aWR0aDozNDVweCAhaW1wb3J0YW50OwpoZWlnaHQ6MzEwcHggIWltcG9ydGFudDsKcGFkZGluZzogMHB4IDBweCAxMHB4IDBweCAhaW1wb3J0YW50Owp9CiNyYWt1dGVuTGltaXRlZElkX2Fyb3VuZENhcnQgZGl2LmJvb2ttYXJrQXJlYSBkaXYuYmttIGEuYWRkQmttIHsKd2lkdGg6MzQ1cHggIWltcG9ydGFudDsKaGVpZ2h0OjMxMHB4ICFpbXBvcnRhbnQ7Cn0KI3Jha3V0ZW5MaW1pdGVkSWRfYXJvdW5kQ2FydCBkaXYuYm9va21hcmtBcmVhIGRpdi5ia20gYS5hZGRCa20gc3Bhbi5ia21TdGFyIHsKZGlzcGxheTogaW5saW5lLWJsb2NrICFpbXBvcnRhbnQ7CndpZHRoOjM0NXB4ICFpbXBvcnRhbnQ7CmhlaWdodDozMTBweCAhaW1wb3J0YW50OwptYXJnaW46MHB4IDBweCAxMHB4IDBweCAhaW1wb3J0YW50OwpiYWNrZ3JvdW5kOiB1cmwoImh0dHA6Ly9pbWFnZS5yYWt1dGVuLmNvLmpwL2JidG93bi9jYWJpbmV0L3ItdG9wMi9va2luaWlyaV9pdGVtLmdpZiIpIG5vLXJlcGVhdCAhaW1wb3J0YW50Owp9CgovKiDjgYrmsJfjgavlhaXjgorjgrfjg6fjg4Pjg5flt67jgZfmm7/jgYjjgr/jgrAgKi8KZGl2LmJvb2ttYXJrQXJlYSB7CndpZHRoOjMzNXB4ICFpbXBvcnRhbnQ7Cn0KI3Jha3V0ZW5MaW1pdGVkSWRfYXJvdW5kQ2FydCBkaXYuc2hvcEJvb2ttYXJrQXJlYSBkaXYuc2hvcEJrbSB7CndpZHRoOjMzNXB4ICFpbXBvcnRhbnQ7CmhlaWdodDo2N3B4ICFpbXBvcnRhbnQ7CnBhZGRpbmc6IDBweCAwcHggIWltcG9ydGFudDsKcGFkZGluZy1sZWZ0OiAwcHggIWltcG9ydGFudDsKfQojcmFrdXRlbkxpbWl0ZWRJZF9hcm91bmRDYXJ0IGRpdi5zaG9wQm9va21hcmtBcmVhIGRpdi5zaG9wQmttIGEuYWRkU2hvcEJrbSBzcGFuLnNob3BCa21TdGFyIHsKZGlzcGxheTogaW5saW5lLWJsb2NrICFpbXBvcnRhbnQ7CndpZHRoOjMzNXB4ICFpbXBvcnRhbnQ7CmhlaWdodDo2N3B4ICFpbXBvcnRhbnQ7Cm1hcmdpbi1yaWdodDogMHB4ICFpbXBvcnRhbnQ7CmJhY2tncm91bmQ6IHVybCgiaHR0cDovL2ltYWdlLnJha3V0ZW4uY28uanAvYmJ0b3duL2NhYmluZXQvci10b3AyL29raW5paXJpX3Nob3AuZ2lmIikgbm8tcmVwZWF0ICFpbXBvcnRhbnQ7Cn0KCjwvc3R5bGU+Cgo8c3R5bGUgdHlwZT0idGV4dC9jc3MiPgo8IS0tCgpkaXYjSGVhZGVyS2V5d29yZCB7Cglwb3NpdGlvbjphYnNvbHV0ZTsKCXRvcDo1MHB4Oy8q5LiA55Wq5LiK44GL44KJ44Gu5L2N572uKi8KCWxlZnQ6MzBweDsvKuW3puerr+OBi+OCieOBruS9jee9riovCn0KCmRpdiNIZWFkZXJLZXl3b3JkIHNwYW4gewoJYmFja2dyb3VuZDogI2JmMDAwMDsKCWNvbG9yOiNmZmY7Cglmb250LXdlaWdodDpib2xkOwoJcGFkZGluZzoycHggNXB4Owp9CgpkaXYjSGVhZGVyS2V5d29yZCBhIHsKCWNvbG9yOiMwMDQ0Q0M7Cn0KCi0tPgo8L3N0eWxlPgo8IS0tLyrosrfjgYTnianjgYvjgZTkuIrjg5zjgr/jg7MqLwoKCnNwYW4udW5pdCB7IGJhY2tncm91bmQ6IHVybChodHRwOi8vaW1hZ2UucmFrdXRlbi5jby5qcC9iYnRvd24vY2FiaW5ldC9yLXRvcDIva2Fnb19zb3VyeW91Mi5naWYpIG5vLXJlcGVhdCBsZWZ0IHRvcDsgdGV4dC1pbmRlbnQ6Ci05OTk5OyBkaXNwbGF5OiBibG9jazsgd2lkdGg6IDMzNTsgaGVpZ2h0OiA2ODsgbWFyZ2luOjE1cHggMDsgfQotLT4KPGRpdiBpZD0iSGVhZGVyS2V5d29yZCIgc3R5bGU9ImxlZnQ6IDUwcHg7IHRvcDogODBweCI+IDxzcGFuPuazqOebruOBruOCreODvOODr+ODvOODiTwvc3Bhbj4g44Od44Kk44Oz44OIMTDlgI0gCiAg6YCB5paZ54Sh5paZIAogIOODiOODrOODvOODi+ODs+OCsOOCt+ODpeODvOOCuiAK44Om44OL44OV44Kp44O844Og44OR44Oz44OECjIwMTYgCuODqeODs+ODi+ODs+OCsOOCt+ODpeODvOOCuiAK44OL44Ol44O844OQ44Op44Oz44K5ICAKICDjg5Djg4Pjgq/jg5Hjg4Pjgq8gCjwvZGl2Pgo8Y2VudGVyPjxCUj4KCjwhLS0yMGpp44GT44GT44GL44KJIC0tPgo8IS0tPHRhYmxlIHdpZHRoPSI3MzEiPgo8dHIgYWxpZ249ImNlbnRlciI+IDx0ZCBiZ2NvbG9yPSIjY2MwMDAwIiBjb2xzcGFuPSIzIj48aW1nIHNyYz0iaHR0cDovL2ltYWdlLnJha3V0ZW4uY28uanAvYmJ0b3duL2NhYmluZXQvci10b3AyLzIwamlfNzMxLmdpZiIgd2lkdGg9IjczMSIgaGVpZ2h0PSI4MiI+PC90ZD48L3RyPgo8L3RhYmxlPjxicj4tLT4KPCEtLTxpbWcgc3JjPSJodHRwOi8vaW1hZ2UucmFrdXRlbi5jby5qcC9iYnRvd24vY2FiaW5ldC9yLXRvcDIvMjBqaV83MzEuZ2lmIiB3aWR0aD0iNzMwIj48YnI+IC0tPgo8IS0tCjxCUj4KIC0tPgo8IS0tMjBqaeOBk+OBk+OBvuOBpyAtLT4KPCEtLeOCq+ODhuOCtOODquOBk+OBk+OBi+OCiSAtLT4KPGJyPjxicj48YnI+Cjxicj4KPCEtLeOCq+ODhuOCtOODquOBk+OBk+OBvuOBpyAtLT4KPCEtLeODoeODq+ODnuOCrOODu0ZBQ0VCT09L55m76Yyy44GT44GT44GL44KJIC0tPgo8dGFibGUgd2lkdGg9IjcyOSIgYm9yZGVyPSIwIj4KPHRyIGFsaWduPSJjZW50ZXIiPiAKPHRkIGJnY29sb3I9IiNmZmZmZmYiPiAKPGltZyBzcmM9Imh0dHA6Ly9pbWFnZS5yYWt1dGVuLmNvLmpwL2JidG93bi9jYWJpbmV0L3ItdG9wMi9tYWlsX3NtYS5naWYiIHdpZHRoPSIzNTAiIGhlaWdodD0iMTAwIiBhbHQ9IuODoeODq+ODnuOCrOeZu+mMsiI+PC90ZD4KPHRkIGJnY29sb3I9IiNmZmZmZmYiPiAKPGltZyBzcmM9Imh0dHA6Ly9pbWFnZS5yYWt1dGVuLmNvLmpwL2JidG93bi9jYWJpbmV0L3ItdG9wMi9mYWNlX3BjLmdpZiIgd2lkdGg9IjM1MCIgaGVpZ2h0PSIxMDAiIGFsdD0i44Oh44Or44Oe44Ks55m76YyyIj48L3RkPgo8L3RyPgo8L3RhYmxlPjxicj4KPCEtLeODoeODq+ODnuOCrOODu0ZBQ0VCT09L55m76Yyy44GT44GT44G+44GnIC0tPgo8L2NlbnRlcj4KCjwhLS0g44Gp44GT44Gn44KC44OV44Oq44O844K544Oa44O844K5cyAtLT4KPGxpbmsgaHJlZj0iaHR0cDovL3d3dy5yYWt1dGVuLm5lLmpwL2dvbGQvYmJ0b3duL2VjdG9vbC9hbGxfc3R5bGUuY3NzIiByZWw9InN0eWxlc2hlZXQiIHR5cGU9InRleHQvY3NzIj4KPCEtLSDjganjgZPjgafjgoLjg5Xjg6rjg7zjgrnjg5rjg7zjgrllIC0tPg==,MjjvvIVPRkYg5pyA5aSnMTDvvIXlvJXjgq/jg7zjg53jg7Mg44ON44Kz44Od44K55Y+vIDHmnprlhaXjgoog6YeO55CD55So5ZOBIFJFV0FSRCjjg6zjg6/jg7zjg4kpIOODkuOCtuODkeODg+ODiSjlpKfkurov44K444Ol44OL44Ki55SoKSDnuKvjgYTku5jjgZHnlKggQUMwMi9BQzUyIOOBguOBmealvSDlsJHlubTnlKjvvJrph47nkIPnlKjlk4Hjg5njg7zjgrnjg5zjg7zjg6vjgr/jgqbjg7M=,6YeO55CD55So5ZOB44Of44K644OO6YeO55CD44Kw44Ot44O844OW44OQ44OD44OI44Ki44K344OD44Kv44K5U1NLTklLReOCvOODg+ODiOOCueODkeOCpOOCr+OCsOODreODvOODluOCsOODqeODlue3tOe/kuedgOa/gOWuieOCouOCpuODiOODrOODg+ODiOODnOODvOODq+OCouODs+ODgOODvOOCt+ODo+ODhOi2heeJueS+oeOCsOODqeOCs+ODs+OCsOODqeODs+ODieOCs+ODvOODiOmYsuWvkjI477yFT0ZGIOacgOWkpzEw77yF5byV44Kv44O844Od44OzIOODjeOCs+ODneOCueWPryAx5p6a5YWl44KKIOmHjueQg+eUqOWTgSBSRVdBUkQo44Os44Ov44O844OJKSDjg5Ljgrbjg5Hjg4Pjg4ko5aSn5Lq6L+OCuOODpeODi+OCoueUqCkg57ir44GE5LuY44GR55SoIEFDMDIvQUM1MiDjgYLjgZnmpb0g5bCR5bm055So,44Os44Ov44O844OJIOmHjueQgyDkvZXngrnjgafjgoLjg43jgrPjg53jgrkyOTDlhoYgNjQ4MOWGhuS7peS4iuOBp+mAgeaWmeeEoeaWme+8geOAgjI477yFT0ZGIOacgOWkpzEw77yF5byV44Kv44O844Od44OzIOODjeOCs+ODneOCueWPryAx5p6a5YWl44KKIOmHjueQg+eUqOWTgSBSRVdBUkQo44Os44Ov44O844OJKSDjg5Ljgrbjg5Hjg4Pjg4ko5aSn5Lq6L+OCuOODpeODi+OCoueUqCkg57ir44GE5LuY44GR55SoIEFDMDIvQUM1MiDjgYLjgZnmpb0g5bCR5bm055So[rn]
25-79886,aHR0cDovL3RzaG9wLnIxMHMuanAvYmJ0b3duL2NhYmluZXQvYzIwMTRfMDEvYmFxODFqLmpwZz9maXRpbj03MDA6NzAw,NTUyLjgwMDA=,,44K544Od44O844OE44O744Ki44Km44OI44OJ44KiID4g6YeO55CD44O744K944OV44OI44Oc44O844OrID4g44Km44Kn44KiID4g56u25oqA55So44Om44OL44OV44Kp44O844Og,MjDvvIVPRkYg5pyA5aSnMTDvvIXlvJXjgq/jg7zjg53jg7Mg44ON44Kz44Od44K55Y+vIOOCouOCt+ODg+OCr+OCuSBhc2ljcyDph47nkIPnlKjlk4Eg44OS44OD44OX44OR44OD44OJIOWwu+ijnOW8t+eUqCDjgrjjg6Xjg4vjgqIg5bCR5bm055SoIEJBUTgxSiDjgYLjgZnmpb0g5pen44Oh44O844Or5L6/5Y+v,44Ki44K344OD44Kv44K5IOmHjueQgyDkvZXngrnjgafjgoLjg43jgrPjg53jgrkyOTDlhobvvIEgNjQ4MOWGhuS7peS4iuOBp+mAgeaWmeeEoeaWmQ==,PCEtLSDjgYLjgZnmpb0x44GT44GT44GL44KJIC0tPgo8QSBocmVmPSJodHRwOi8vZXZlbnQucmFrdXRlbi5jby5qcC9hc3VyYWt1L2Fib3V0LyI+PElNRyBzcmM9Imh0dHA6Ly9pbWFnZS5yYWt1dGVuLmNvLmpwL2JidG93bi9jYWJpbmV0L3ItdG9wMi9hc3VyYWt1X25ldzIuanBnIiBib3JkZXI9IjAiPjwvQT48QlI+CjxBIGhyZWY9Imh0dHA6Ly9ldmVudC5yYWt1dGVuLmNvLmpwL2xvZ2lzdGljcy8iPjxJTUcgc3JjPSJodHRwOi8vaW1hZ2UucmFrdXRlbi5jby5qcC9jb20vaW1nL3Jtcy9jYWJpbmV0L3JlY29tbWVuZF9uZXcvaW1nMDAwMDc0NzguanBnIiBib3JkZXI9IjAiPjwvQT48QlI+PEJSPjxCUj4KPCEtLSDjgYLjgZnmpb0x44GT44GT44G+44GnIC0tPgo8IS0tIOOBguOBmealvTLjgZPjgZPjgYvjgokgLS0+CjxBIGhyZWY9Imh0dHA6Ly9ldmVudC5yYWt1dGVuLmNvLmpwL2FzdXJha3UvYWJvdXQvIj48SU1HIHNyYz0iaHR0cDovL2ltYWdlLnJha3V0ZW4uY28uanAvYmJ0b3duL2NhYmluZXQvci10b3AyL2FzdXJha3VfMDMyNy5naWYiIGJvcmRlcj0iMCI+PC9BPjxCUj48QlI+CjwhLS0g44GC44GZ5qW9MuOBk+OBk+OBvuOBpyAtLT48IS0tIFNT44Ko44Oz44OI44Oq44O8UEMtcyAtLT48IS0tIAo8Zm9udCBjb2xvcj0iI2ZmMDAwMCIgc2l6ZT0iNCI+4oaT44Ko44Oz44OI44Oq44O844Gu44GK5b+Y44KM44Gv44GC44KK44G+44Gb44KT44GL77yf4oaTPC9mb250Pjxicj4KPGltZyBzcmM9Imh0dHA6Ly9pbWFnZS5yYWt1dGVuLmNvLmpwL2JidG93bi9jYWJpbmV0L3NzMTIwMmJhbm5lci9yYWt1dGVuX3R1bGVfMTIwNXNzLmpwZyIgYm9yZGVyPSIwIiB3aWR0aD0iMzUwIj48YnI+CiAtLT48IS0tIFNT44Ko44Oz44OI44Oq44O8UEMtZSAtLT4KPGJyPgo8IS0tIOODqeODg+ODlOODs+OCsOiqmOWwji1zIC0tPgogPGZvbnQgY29sb3I9IiNmZjAwMDAiIHNpemU9IjQiPuKGk+ODqeODg+ODlOODs+OCsCgyNzDlhoYv56iO6L68KeOBruOBlOazqOaWh+OBr+OCs+ODgeODqeKGkzwvZm9udD48YnI+CjxpbWcgc3JjPSJodHRwOi8vaW1hZ2UucmFrdXRlbi5jby5qcC9iYnRvd24vY2FiaW5ldC9yLXRvcDIvd3JhcHBpbmdfNjE2XzEuanBnIiBib3JkZXI9IjAiIHdpZHRoPSIzNTAiPjxicj4KPCEtLSDjg6njg4Pjg5Tjg7PjgrDoqpjlsI4tZSAtLT4KPGJyPgo8IS0tIOOCruODleODiOmWoumAo+aknOe0ouODr+ODvOODiS1zIC0tPgog44CQ5qSc57Si44Ov44O844OJ77ya44Op44OD44OU44Oz44KwIOi0iOOCiuOCguOBriDotIjjgorniakg6LSI54mpIOi0iOetlOWTgSDjg5fjg6zjgrzjg7Pjg4gg44Ku44OV44OIIOOBiuelneOBhCDoqJjlv7Xlk4Eg5Y2S5qWtIOWNkuWbo+OAkSAKPCEtLSDjgq7jg5Xjg4jplqLpgKPmpJzntKLjg6/jg7zjg4ktcyAtLT4KCjxicj48IS0t44GK6LK344GE54mp44Ks44Kk44OJ44GT44GT44GL44KJIC0tPgo8aW1nIHNyYz0iaHR0cHM6Ly9pbWFnZS5yYWt1dGVuLmNvLmpwL2JidG93bi9jYWJpbmV0L3ItdG9wMy9wY19jYXJ0XzA1MzAuZ2lmIiBib3JkZXI9IjAiIHdpZHRoPSI0MDAiPjxicj4KCjwhLS3jgYrosrfjgYTnianjgqzjgqTjg4njgZPjgZPjgb7jgacgLS0+CjwhLS0gZXZpLXMgLS0+4piF44Oh44O844Kr44O85biM5pyb5bCP5aOy5L6h5qC844Gv44Oh44O844Kr44O844Kr44K/44Ot44Kw44Gr5Z+644Gl44GE44Gm5o6y6LyJ44GX44Gm44GE44G+44GZPEJSPjxCUj48IS0tIGV2aS1lIC0tPjwhLS0gYXJlYTAgQiAtLT4KPCEtLSBhcmVhMCBFIC0tPgo8dGFibGUgYm9yZGVyPSIwIiB3aWR0aD0iNzAwIiBjZWxscGFkZGluZz0iMiIgY2VsbHNwYWNpbmc9IjAiPgogIDx0cj4KICAgIDx0ZCBhbGlnbj0ibGVmdCI+CiAgICAgIDx0YWJsZSBjZWxscGFkZGluZz0iMSIgd2lkdGg9IjEwMCUiPgogICAgICAgIDx0cj4KICAgICAgICAgIDx0ZCB2YWxpZ249InRvcCIgYWxpZ249ImxlZnQiPgogICAgICAgICAgICA8dGFibGUgYm9yZGVyPSIwIiBjZWxscGFkZGluZz0iNCIgY2VsbHNwYWNpbmc9IjAiIHdpZHRoPSI5NSUiPgogICAgICAgICAgICAgIDx0cj4KICAgICAgICAgICAgICAgIDx0ZCBiZ2NvbG9yPSIjMDAwMDk5Ij48Yj48Zm9udCBjb2xvcj0iI2ZmZmZmZiIgc2l6ZT0iMiI+5ZWG5ZOB6Kqs5piOPC9mb250PjwvYj48L3RkPgogICAgICAgICAgICAgIDwvdHI+CiAgICAgICAgICAgICAgPCEtLSBhcmVhMSBCIC0tPgogICAgICAgICAgICAgIDx0cj4KICAgICAgICAgICAgICAgIDx0ZD48ZGl2IGNsYXNzPSJ0ZXh0MiIgYWxpZ249ImxlZnQiPjxmb250IHNpemU9IjIiIGNvbG9yPSIjMDAwMDk5Ij48L2ZvbnQ+PC9kaXY+PC90ZD4KICAgICAgICAgICAgICA8L3RyPgogICAgICAgICAgICAgIDwhLS0gYXJlYTEgRSAtLT4KICAgICAgICAgICAgICA8IS0tIGFyZWEyIEIgLS0+CiAgICAgICAgICAgICAgPHRyPgogICAgICAgICAgICAgICAgPHRkIGFsaWduPSJsZWZ0Ij48Zm9udCBzaXplPSIyIj4KICAgICAgICAgICAgICAgICAg4peP57Sg5p2Q77ya6KGoOijjg53jg6rjgqjjgrnjg4bjg6s5Ne+8heODu+OCreODpeODl+ODqTXvvIUpCuS4rToo44Od44Oq44Km44Os44K/44OzKQroo486KOODneODquOCqOOCueODhuODqzEwMO+8hSk8YnI+CuKXj+OCq+ODqeODvO+8migwMSnjg5vjg6/jgqTjg4jjgIEoMDIp44Ki44Kk44Oc44Oq44CBKDEwKVMv44Kw44Os44O8PGJyPgril4/jgrXjgqTjgrrvvJpGPGJyPgril4/ph47nkIPnlKjlk4HjgIHjgqLjgrfjg4Pjgq/jgrnjg5njg7zjgrnjg5zjg7zjg6vjgIFhc2ljc+OAgeWwkeW5tOeUqAogICAgICAgICAgICAgICAgPC9mb250PjwvdGQ+CiAgICAgICAgICAgICAgPC90cj4KICAgICAgICAgICAgICA8IS0tIGFyZWEyIEUgLS0+CiAgICAgICAgICAgICAgPCEtLSBhcmVhMyBCIC0tPgogICAgICAgICAgICAgIDwhLS0gYXJlYTMgRSAtLT4KICAgICAgICAgICAgPC90YWJsZT4KICAgICAgICAgIDwvdGQ+CiAgICAgICAgPC90cj4KICAgICAgPC90YWJsZT4KICAgIDwvdGQ+CiAgPC90cj4KPC90YWJsZT48c3R5bGUgdHlwZT0idGV4dC9jc3MiPgo8IS0tCgpzcGFuLmNhdGNoX2NvcHksCnNwYW4uaXRlbV9uYW1lIHsKICBsaW5lLWhlaWdodDogMTgwJTsKfQoKCi8qIOWVhuWTgeWQjeS4i+OBq+Wig+eVjOe3muOBjOWFpeOCiyAqLwpzcGFuLml0ZW1fbmFtZSB7CiAgICBkaXNwbGF5OiBibG9jazsKICAgIGJvcmRlci1ib3R0b206IDJweCBkb3R0ZWQgI2RkZDsKICAgIHBhZGRpbmctYm90dG9tOiA4cHg7Cn0KCi8qIOS+oeagvOOBq+aeoOe3muOBjOOBpOOBjyAqLwp0YWJsZSNyYWt1dGVuTGltaXRlZElkX2NhcnQgewogICAgYmFja2dyb3VuZC1jb2xvcjogI2Y4ZjhmODsKICAgIGJvcmRlcjogMXB4IHNvbGlkICNkZGQ7CiAgICBwYWRkaW5nOiA4cHg7CiAgICBtYXJnaW46IDE2cHggMDsKfQoKc3Bhbi5wcmljZTEgewogICAgY29sb3I6ICMzMzMgIWltcG9ydGFudDsKICAgIGZvbnQtd2VpZ2h0OiBib2xkOwogICAgZm9udC1zaXplOiA4MCUgIWltcG9ydGFudDsKICAgIGxpbmUtaGVpZ2h0OiAzMHB4OwogICAgZGlzcGxheTogaW5saW5lLWJsb2NrOwogICAgbWFyZ2luLXJpZ2h0OiAxNnB4Owp9CgotLT4KPC9zdHlsZT4KPHN0eWxlIHR5cGU9InRleHQvY3NzIj4KLyrosrfjgYTnianjgYvjgZTjgavlhaXjgozjgovjg5zjgr/jg7MqLwojcmFrdXRlbkxpbWl0ZWRJZF9hcm91bmRDYXJ0IGlucHV0W3ZhbHVlPSLosrfjgYTnianjgYvjgZTjgavlhaXjgozjgosiXXsKYmFja2dyb3VuZDogdXJsKCJodHRwOi8vaW1hZ2UucmFrdXRlbi5jby5qcC9iYnRvd24vY2FiaW5ldC9yLXRvcDIvY2FydC5naWYiKSBsZWZ0IHRvcCBuby1yZXBlYXQ7CndpZHRoOjMzNnB4OwpoZWlnaHQ6NjdweDsKdGV4dC1pbmRlbnQ6MTAwJTsKd2hpdGUtc3BhY2U6bm93cmFwOwpvdmVyZmxvdzpoaWRkZW47CmJvcmRlcjogbm9uZTsKcGFkZGluZzowOwptYXJnaW4tdG9wOjVweCAwOwpjdXJzb3I6cG9pbnRlcjsKfQojcmFrdXRlbkxpbWl0ZWRJZF9hcm91bmRDYXJ0IHRib2R5IHRyIHRkIGlucHV0OmhvdmVyewphbHBoYShvcGFjaXR5PTgpOwotbW96LW9wYWNpdHk6MC44OwpvcGFjaXR5OjAuODsKY3Vyc29yOnBvaW50ZXI7Cn0KPC9zdHlsZT4KCjxzdHlsZSB0eXBlPSJ0ZXh0L2NzcyI+CgovKiDjgYrmsJfjgavlhaXjgorllYblk4Hlt67jgZfmm7/jgYjjgr/jgrAgKi8KI3Jha3V0ZW5MaW1pdGVkSWRfYXJvdW5kQ2FydCAjc2VydmljZVRhYmxlU21sIHRkLmZhdm9yaXRlIHsKcGFkZGluZy10b3A6IDVweDsKfQojcmFrdXRlbkxpbWl0ZWRJZF9hcm91bmRDYXJ0IGRpdi5ib29rbWFya0FyZWEgZGl2LmJrbSB7CndpZHRoOjM0NXB4ICFpbXBvcnRhbnQ7CmhlaWdodDozMTBweCAhaW1wb3J0YW50OwpwYWRkaW5nOiAwcHggMHB4IDEwcHggMHB4ICFpbXBvcnRhbnQ7Cn0KI3Jha3V0ZW5MaW1pdGVkSWRfYXJvdW5kQ2FydCBkaXYuYm9va21hcmtBcmVhIGRpdi5ia20gYS5hZGRCa20gewp3aWR0aDozNDVweCAhaW1wb3J0YW50OwpoZWlnaHQ6MzEwcHggIWltcG9ydGFudDsKfQojcmFrdXRlbkxpbWl0ZWRJZF9hcm91bmRDYXJ0IGRpdi5ib29rbWFya0FyZWEgZGl2LmJrbSBhLmFkZEJrbSBzcGFuLmJrbVN0YXIgewpkaXNwbGF5OiBpbmxpbmUtYmxvY2sgIWltcG9ydGFudDsKd2lkdGg6MzQ1cHggIWltcG9ydGFudDsKaGVpZ2h0OjMxMHB4ICFpbXBvcnRhbnQ7Cm1hcmdpbjowcHggMHB4IDEwcHggMHB4ICFpbXBvcnRhbnQ7CmJhY2tncm91bmQ6IHVybCgiaHR0cDovL2ltYWdlLnJha3V0ZW4uY28uanAvYmJ0b3duL2NhYmluZXQvci10b3AyL29raW5paXJpX2l0ZW0uZ2lmIikgbm8tcmVwZWF0ICFpbXBvcnRhbnQ7Cn0KCi8qIOOBiuawl+OBq+WFpeOCiuOCt+ODp+ODg+ODl+W3ruOBl+abv+OBiOOCv+OCsCAqLwpkaXYuYm9va21hcmtBcmVhIHsKd2lkdGg6MzM1cHggIWltcG9ydGFudDsKfQojcmFrdXRlbkxpbWl0ZWRJZF9hcm91bmRDYXJ0IGRpdi5zaG9wQm9va21hcmtBcmVhIGRpdi5zaG9wQmttIHsKd2lkdGg6MzM1cHggIWltcG9ydGFudDsKaGVpZ2h0OjY3cHggIWltcG9ydGFudDsKcGFkZGluZzogMHB4IDBweCAhaW1wb3J0YW50OwpwYWRkaW5nLWxlZnQ6IDBweCAhaW1wb3J0YW50Owp9CiNyYWt1dGVuTGltaXRlZElkX2Fyb3VuZENhcnQgZGl2LnNob3BCb29rbWFya0FyZWEgZGl2LnNob3BCa20gYS5hZGRTaG9wQmttIHNwYW4uc2hvcEJrbVN0YXIgewpkaXNwbGF5OiBpbmxpbmUtYmxvY2sgIWltcG9ydGFudDsKd2lkdGg6MzM1cHggIWltcG9ydGFudDsKaGVpZ2h0OjY3cHggIWltcG9ydGFudDsKbWFyZ2luLXJpZ2h0OiAwcHggIWltcG9ydGFudDsKYmFja2dyb3VuZDogdXJsKCJodHRwOi8vaW1hZ2UucmFrdXRlbi5jby5qcC9iYnRvd24vY2FiaW5ldC9yLXRvcDIvb2tpbmlpcmlfc2hvcC5naWYiKSBuby1yZXBlYXQgIWltcG9ydGFudDsKfQoKPC9zdHlsZT4KPCEtLS8q6LK344GE54mp44GL44GU5LiK44Oc44K/44OzKi8KCgpzcGFuLnVuaXQgeyBiYWNrZ3JvdW5kOiB1cmwoaHR0cDovL2ltYWdlLnJha3V0ZW4uY28uanAvYmJ0b3duL2NhYmluZXQvci10b3AyL2thZ29fc291cnlvdTIuZ2lmKSBuby1yZXBlYXQgbGVmdCB0b3A7IHRleHQtaW5kZW50OgotOTk5OTsgZGlzcGxheTogYmxvY2s7IHdpZHRoOiAzMzU7IGhlaWdodDogNjg7IG1hcmdpbjoxNXB4IDA7IH0KLS0+CjxjZW50ZXI+CjxpbWcgc3JjPSJodHRwOi8vaW1hZ2UucmFrdXRlbi5jby5qcC9iYnRvd24vY2FiaW5ldC9yLXRvcDIvc2l6ZV9pbWcuZ2lmIiBib3JkZXI9IjAiPjxicj48YnI+Cgo8IS0tMjBqaeOBk+OBk+OBi+OCiSAtLT4KPCEtLTx0YWJsZSB3aWR0aD0iNzMxIj4KPHRyIGFsaWduPSJjZW50ZXIiPiA8dGQgYmdjb2xvcj0iI2NjMDAwMCIgY29sc3Bhbj0iMyI+PGltZyBzcmM9Imh0dHA6Ly9pbWFnZS5yYWt1dGVuLmNvLmpwL2JidG93bi9jYWJpbmV0L3ItdG9wMi8yMGppXzczMS5naWYiIHdpZHRoPSI3MzEiIGhlaWdodD0iNjkiPjwvdGQ+PC90cj4KPC90YWJsZT48YnI+IC0tPgo8IS0tPGltZyBzcmM9Imh0dHA6Ly9pbWFnZS5yYWt1dGVuLmNvLmpwL2JidG93bi9jYWJpbmV0L3ItdG9wMi8yMGppXzczMS5naWYiIHdpZHRoPSI3MzEiIGhlaWdodD0iODIiPjxicj4KPEJSPi0tPgo8IS0tMjBqaeOBk+OBk+OBvuOBpyAtLT4KPCEtLeOCq+ODhuOCtOODquOBk+OBk+OBi+OCiSAtLT4KPGJyPjxicj48YnI+Cjxicj4KCjwhLS3jgqvjg4bjgrTjg6rjgZPjgZPjgb7jgacgLS0+CjwhLS3jg6Hjg6vjg57jgqzjg7tGQUNFQk9PS+eZu+mMsuOBk+OBk+OBi+OCiSAtLT4KPHRhYmxlIHdpZHRoPSI3MjkiIGJvcmRlcj0iMCI+Cjx0ciBhbGlnbj0iY2VudGVyIj4gCjx0ZCBiZ2NvbG9yPSIjZmZmZmZmIj4gCjxpbWcgc3JjPSJodHRwOi8vaW1hZ2UucmFrdXRlbi5jby5qcC9iYnRvd24vY2FiaW5ldC9yLXRvcDIvbWFpbF9zbWEuZ2lmIiB3aWR0aD0iMzUwIiBoZWlnaHQ9IjEwMCIgYWx0PSLjg6Hjg6vjg57jgqznmbvpjLIiPjwvdGQ+Cjx0ZCBiZ2NvbG9yPSIjZmZmZmZmIj4gCjxpbWcgc3JjPSJodHRwOi8vaW1hZ2UucmFrdXRlbi5jby5qcC9iYnRvd24vY2FiaW5ldC9yLXRvcDIvZmFjZV9wYy5naWYiIHdpZHRoPSIzNTAiIGhlaWdodD0iMTAwIiBhbHQ9IuODoeODq+ODnuOCrOeZu+mMsiI+PC90ZD4KPC90cj4KPC90YWJsZT48YnI+CjwhLS3jg6Hjg6vjg57jgqzjg7tGQUNFQk9PS+eZu+mMsuOBk+OBk+OBvuOBpyAtLT4KCjwvY2VudGVyPgoKPCEtLSDjganjgZPjgafjgoLjg5Xjg6rjg7zjgrnjg5rjg7zjgrlzIC0tPgo8bGluayBocmVmPSJodHRwOi8vd3d3LnJha3V0ZW4ubmUuanAvZ29sZC9iYnRvd24vZWN0b29sL2FsbF9zdHlsZS5jc3MiIHJlbD0ic3R5bGVzaGVldCIgdHlwZT0idGV4dC9jc3MiPgo8IS0tIOOBqeOBk+OBp+OCguODleODquODvOOCueODmuODvOOCuWUgLS0+,MjDvvIVPRkYg5pyA5aSnMTDvvIXlvJXjgq/jg7zjg53jg7Mg44ON44Kz44Od44K55Y+vIOOCouOCt+ODg+OCr+OCuSBhc2ljcyDph47nkIPnlKjlk4Eg44OS44OD44OX44OR44OD44OJIOWwu+ijnOW8t+eUqCDjgrjjg6Xjg4vjgqIg5bCR5bm055SoIEJBUTgxSiDjgYLjgZnmpb0g5pen44Oh44O844Or5L6/5Y+v77ya6YeO55CD55So5ZOB44OZ44O844K544Oc44O844Or44K/44Km44Oz,6YeO55CD55So5ZOB44Of44K644OO6YeO55CD44Kw44Ot44O844OW44OQ44OD44OI44Ki44K344OD44Kv44K5U1NLTklLReOCvOODg+ODiOOCueODkeOCpOOCr+OCsOODreODvOODluOCsOODqeODlue3tOe/kuedgOa/gOWuieOCouOCpuODiOODrOODg+ODiOODnOODvOODq+OCouODs+ODgOODvOOCt+ODo+ODhOi2heeJueS+oeOCsOODqeOCs+ODs+OCsOODqeODs+ODieOCs+ODvOODiOmYsuWvkjIw77yFT0ZGIOacgOWkpzEw77yF5byV44Kv44O844Od44OzIOODjeOCs+ODneOCueWPryDjgqLjgrfjg4Pjgq/jgrkgYXNpY3Mg6YeO55CD55So5ZOBIOODkuODg+ODl+ODkeODg+ODiSDlsLvoo5zlvLfnlKgg44K444Ol44OL44KiIOWwkeW5tOeUqCBCQVE4MUog44GC44GZ5qW9IOaXp+ODoeODvOODq+S+v+WPrw==,44Ki44K344OD44Kv44K5IOmHjueQgyDkvZXngrnjgafjgoLjg43jgrPjg53jgrkyOTDlhobvvIEgNjQ4MOWGhuS7peS4iuOBp+mAgeaWmeeEoeaWmeOAgjIw77yFT0ZGIOacgOWkpzEw77yF5byV44Kv44O844Od44OzIOODjeOCs+ODneOCueWPryDjgqLjgrfjg4Pjgq/jgrkgYXNpY3Mg6YeO55CD55So5ZOBIOODkuODg+ODl+ODkeODg+ODiSDlsLvoo5zlvLfnlKgg44K444Ol44OL44KiIOWwkeW5tOeUqCBCQVE4MUog44GC44GZ5qW9IOaXp+ODoeODvOODq+S+v+WPrw==[rn]
25-79887,aHR0cDovL3RzaG9wLnIxMHMuanAvYmJ0b3duL2NhYmluZXQvYzIwMTRfMDEvYmFxODAwLmpwZz9maXRpbj03MDA6NzAw,NTUyLjgwMDA=,,44K544Od44O844OE44O744Ki44Km44OI44OJ44KiID4g6YeO55CD44O744K944OV44OI44Oc44O844OrID4g44Km44Kn44KiID4g56u25oqA55So44Om44OL44OV44Kp44O844Og,MjDvvIVPRkYg5pyA5aSnMTDvvIXlvJXjgq/jg7zjg53jg7Mg44ON44Kz44Od44K55Y+vIOOCouOCt+ODg+OCr+OCuSBhc2ljcyDph47nkIPnlKjlk4Eg44OL44O844OR44OD44OJIOOBsuOBluijnOW8t+eUqCDkuIDoiKznlKggQkFRODAwIOOBguOBmealvSDniLbjga7ml6Ug44OX44Os44K844Oz44OI,44Ki44K344OD44Kv44K5IOmHjueQgyDkvZXngrnjgafjgoLjg43jgrPjg53jgrkyOTDlhoYgNjQ4MOWGhuS7peS4iuOBp+mAgeaWmeeEoeaWme+8gQ==,PCEtLSDjgYLjgZnmpb0x44GT44GT44GL44KJIC0tPgo8QSBocmVmPSJodHRwOi8vZXZlbnQucmFrdXRlbi5jby5qcC9hc3VyYWt1L2Fib3V0LyI+PElNRyBzcmM9Imh0dHA6Ly9pbWFnZS5yYWt1dGVuLmNvLmpwL2JidG93bi9jYWJpbmV0L21haWwyMDEwc3ByaW5nL2FzdXJha3UtMDEuZ2lmIiBib3JkZXI9IjAiPjwvQT48QlI+CjxBIGhyZWY9Imh0dHA6Ly9ldmVudC5yYWt1dGVuLmNvLmpwL2xvZ2lzdGljcy8iPjxJTUcgc3JjPSJodHRwOi8vaW1hZ2UucmFrdXRlbi5jby5qcC9jb20vaW1nL3Jtcy9jYWJpbmV0L3JlY29tbWVuZF9uZXcvaW1nMDAwMDc0NzguanBnIiBib3JkZXI9IjAiPjwvQT48QlI+PEJSPjxCUj4KPCEtLSDjgYLjgZnmpb0x44GT44GT44G+44GnIC0tPgo8IS0tIOOBguOBmealvTLjgZPjgZPjgYvjgokgLS0+CjxCUj48QlI+CjxBIGhyZWY9Imh0dHA6Ly9ldmVudC5yYWt1dGVuLmNvLmpwL2FzdXJha3UvYWJvdXQvIj48SU1HIHNyYz0iaHR0cDovL2ltYWdlLnJha3V0ZW4uY28uanAvYmJ0b3duL2NhYmluZXQvci10b3AyL2FzdXJha3VfMDMyNy5naWYiIGJvcmRlcj0iMCI+PC9BPjxCUj48QlI+CjxBIGhyZWY9Imh0dHA6Ly9ldmVudC5yYWt1dGVuLmNvLmpwL2FzdXJha3UvYWJvdXQvIj48SU1HIHNyYz0iaHR0cDovL2ltYWdlLnJha3V0ZW4uY28uanAvYmJ0b3duL2NhYmluZXQvbWFpbDIwMTBzcHJpbmcvYXN1cmFrdS0wMi5naWYiIGJvcmRlcj0iMCI+PC9BPjxCUj4KPCEtLSDjgYLjgZnmpb0y44GT44GT44G+44GnIC0tPjwhLS0g5Y+W5a+E44Oa44O844K444G444Gu44Oq44Oz44KvLXMgLS0+CjxpbWcgc3JjPSJodHRwOi8vaW1hZ2UucmFrdXRlbi5jby5qcC9iYnRvd24vY2FiaW5ldC9yLXRvcDIvemFpa29naXJlLmdpZiIgYm9yZGVyPSIwIiB3aWR0aD0iMzM1Ij48YnI+PGJyPgo8IS0tIOWPluWvhOODmuODvOOCuOOBuOOBruODquODs+OCry1lIC0tPgo8IS0tIFNT44Ko44Oz44OI44Oq44O8UEMtcyAtLT48IS0tIAo8Zm9udCBjb2xvcj0iI2ZmMDAwMCIgc2l6ZT0iNCI+4oaT44Ko44Oz44OI44Oq44O844Gu44GK5b+Y44KM44Gv44GC44KK44G+44Gb44KT44GL77yf4oaTPC9mb250Pjxicj4KPGltZyBzcmM9Imh0dHA6Ly9pbWFnZS5yYWt1dGVuLmNvLmpwL2JidG93bi9jYWJpbmV0L3NzMTIwMmJhbm5lci9yYWt1dGVuX3R1bGVfMTIwNXNzLmpwZyIgYm9yZGVyPSIwIiB3aWR0aD0iMzUwIj48YnI+CiAtLT48IS0tIFNT44Ko44Oz44OI44Oq44O8UEMtZSAtLT4KPGJyPgo8IS0tIOODqeODg+ODlOODs+OCsOiqmOWwji1zIC0tPgogPGZvbnQgY29sb3I9IiNmZjAwMDAiIHNpemU9IjQiPuKGk+ODqeODg+ODlOODs+OCsCgyNzDlhoYv56iO6L68KeOBruOBlOazqOaWh+OBr+OCs+ODgeODqeKGkzwvZm9udD48YnI+CjxpbWcgc3JjPSJodHRwOi8vaW1hZ2UucmFrdXRlbi5jby5qcC9iYnRvd24vY2FiaW5ldC9yLXRvcDIvd3JhcHBpbmdfNjE2XzEuanBnIiBib3JkZXI9IjAiIHdpZHRoPSIzNTAiPjxicj4KPCEtLSDjg6njg4Pjg5Tjg7PjgrDoqpjlsI4tZSAtLT4KPGJyPgo8IS0tIOOCruODleODiOmWoumAo+aknOe0ouODr+ODvOODiS1zIC0tPgog44CQ5qSc57Si44Ov44O844OJ77ya44Op44OD44OU44Oz44KwIOi0iOOCiuOCguOBriDotIjjgorniakg6LSI54mpIOi0iOetlOWTgSDjg5fjg6zjgrzjg7Pjg4gg44Ku44OV44OIIOOBiuelneOBhCDoqJjlv7Xlk4Eg5Y2S5qWtIOWNkuWbo+OAkSAKPCEtLSDjgq7jg5Xjg4jplqLpgKPmpJzntKLjg6/jg7zjg4ktcyAtLT48YnI+Cgo8IS0t44GK6LK344GE54mp44Ks44Kk44OJ44GT44GT44GL44KJIC0tPgo8aW1nIHNyYz0iaHR0cHM6Ly9pbWFnZS5yYWt1dGVuLmNvLmpwL2JidG93bi9jYWJpbmV0L3ItdG9wMy9wY19jYXJ0XzA1MzAuZ2lmIiBib3JkZXI9IjAiIHdpZHRoPSI0MDAiPjxicj4KCjwhLS3jgYrosrfjgYTnianjgqzjgqTjg4njgZPjgZPjgb7jgacgLS0+CjwhLS0gZXZpLXMgLS0+4piF44Oh44O844Kr44O85biM5pyb5bCP5aOy5L6h5qC844Gv44Oh44O844Kr44O844Kr44K/44Ot44Kw44Gr5Z+644Gl44GE44Gm5o6y6LyJ44GX44Gm44GE44G+44GZPEJSPjxCUj48IS0tIGV2aS1lIC0tPjwhLS0gYXJlYTAgQiAtLT4KPCEtLSBhcmVhMCBFIC0tPgo8dGFibGUgYm9yZGVyPSIwIiB3aWR0aD0iNzAwIiBjZWxscGFkZGluZz0iMiIgY2VsbHNwYWNpbmc9IjAiPgogIDx0cj4KICAgIDx0ZCBhbGlnbj0ibGVmdCI+CiAgICAgIDx0YWJsZSBjZWxscGFkZGluZz0iMSIgd2lkdGg9IjEwMCUiPgogICAgICAgIDx0cj4KICAgICAgICAgIDx0ZCB2YWxpZ249InRvcCIgYWxpZ249ImxlZnQiPgogICAgICAgICAgICA8dGFibGUgYm9yZGVyPSIwIiBjZWxscGFkZGluZz0iNCIgY2VsbHNwYWNpbmc9IjAiIHdpZHRoPSI5NSUiPgogICAgICAgICAgICAgIDx0cj4KICAgICAgICAgICAgICAgIDx0ZCBiZ2NvbG9yPSIjMDAwMDk5Ij48Yj48Zm9udCBjb2xvcj0iI2ZmZmZmZiIgc2l6ZT0iMiI+5ZWG5ZOB6Kqs5piOPC9mb250PjwvYj48L3RkPgogICAgICAgICAgICAgIDwvdHI+CiAgICAgICAgICAgICAgPCEtLSBhcmVhMSBCIC0tPgogICAgICAgICAgICAgIDx0cj4KICAgICAgICAgICAgICAgIDx0ZD48ZGl2IGNsYXNzPSJ0ZXh0MiIgYWxpZ249ImxlZnQiPjxmb250IHNpemU9IjIiIGNvbG9yPSIjMDAwMDk5Ij48L2ZvbnQ+PC9kaXY+PC90ZD4KICAgICAgICAgICAgICA8L3RyPgogICAgICAgICAgICAgIDwhLS0gYXJlYTEgRSAtLT4KICAgICAgICAgICAgICA8IS0tIGFyZWEyIEIgLS0+CiAgICAgICAgICAgICAgPHRyPgogICAgICAgICAgICAgICAgPHRkIGFsaWduPSJsZWZ0Ij48Zm9udCBzaXplPSIyIj4KICAgICAgICAgICAgICAgICAg4peP57Sg5p2Q77ya6KGoOijjg53jg6rjgqjjgrnjg4bjg6s5Ne+8heODu+OCreODpeODl+ODqTXvvIUpCuS4rToo44Od44Oq44Km44Os44K/44OzKQroo486KOODneODquOCqOOCueODhuODqzEwMO+8hSk8YnI+CuKXj+OCq+ODqeODvO+8migwMSnjg5vjg6/jgqTjg4jjgIEoMDIp44Ki44Kk44Oc44Oq44CBKDEwKVMv44Kw44Os44O8PGJyPgril4/jgrXjgqTjgrrvvJpGPGJyPgril4/ph47nkIPnlKjlk4HjgIHjgqLjgrfjg4Pjgq/jgrnjg5njg7zjgrnjg5zjg7zjg6vjgIFhc2ljc+OAgeOBsuOBluOAgeODkuOCtuOAgeiGneOAgeOBl+OCiuOAgeWwu+OAgeODkeODg+ODiAogICAgICAgICAgICAgICAgPC9mb250PjwvdGQ+CiAgICAgICAgICAgICAgPC90cj4KICAgICAgICAgICAgICA8IS0tIGFyZWEyIEUgLS0+CiAgICAgICAgICAgICAgPCEtLSBhcmVhMyBCIC0tPgogICAgICAgICAgICAgIDwhLS0gYXJlYTMgRSAtLT4KICAgICAgICAgICAgPC90YWJsZT4KICAgICAgICAgIDwvdGQ+CiAgICAgICAgPC90cj4KICAgICAgPC90YWJsZT4KICAgIDwvdGQ+CiAgPC90cj4KPC90YWJsZT48c3R5bGUgdHlwZT0idGV4dC9jc3MiPgo8IS0tCgpzcGFuLmNhdGNoX2NvcHksCnNwYW4uaXRlbV9uYW1lIHsKICBsaW5lLWhlaWdodDogMTgwJTsKfQoKCi8qIOWVhuWTgeWQjeS4i+OBq+Wig+eVjOe3muOBjOWFpeOCiyAqLwpzcGFuLml0ZW1fbmFtZSB7CiAgICBkaXNwbGF5OiBibG9jazsKICAgIGJvcmRlci1ib3R0b206IDJweCBkb3R0ZWQgI2RkZDsKICAgIHBhZGRpbmctYm90dG9tOiA4cHg7Cn0KCi8qIOS+oeagvOOBq+aeoOe3muOBjOOBpOOBjyAqLwp0YWJsZSNyYWt1dGVuTGltaXRlZElkX2NhcnQgewogICAgYmFja2dyb3VuZC1jb2xvcjogI2Y4ZjhmODsKICAgIGJvcmRlcjogMXB4IHNvbGlkICNkZGQ7CiAgICBwYWRkaW5nOiA4cHg7CiAgICBtYXJnaW46IDE2cHggMDsKfQoKc3Bhbi5wcmljZTEgewogICAgY29sb3I6ICMzMzMgIWltcG9ydGFudDsKICAgIGZvbnQtd2VpZ2h0OiBib2xkOwogICAgZm9udC1zaXplOiA4MCUgIWltcG9ydGFudDsKICAgIGxpbmUtaGVpZ2h0OiAzMHB4OwogICAgZGlzcGxheTogaW5saW5lLWJsb2NrOwogICAgbWFyZ2luLXJpZ2h0OiAxNnB4Owp9CgotLT4KPC9zdHlsZT4KPHN0eWxlIHR5cGU9InRleHQvY3NzIj4KLyrosrfjgYTnianjgYvjgZTjgavlhaXjgozjgovjg5zjgr/jg7MqLwojcmFrdXRlbkxpbWl0ZWRJZF9hcm91bmRDYXJ0IGlucHV0W3ZhbHVlPSLosrfjgYTnianjgYvjgZTjgavlhaXjgozjgosiXXsKYmFja2dyb3VuZDogdXJsKCJodHRwOi8vaW1hZ2UucmFrdXRlbi5jby5qcC9iYnRvd24vY2FiaW5ldC9yLXRvcDIvY2FydC5naWYiKSBsZWZ0IHRvcCBuby1yZXBlYXQ7CndpZHRoOjMzNnB4OwpoZWlnaHQ6NjdweDsKdGV4dC1pbmRlbnQ6MTAwJTsKd2hpdGUtc3BhY2U6bm93cmFwOwpvdmVyZmxvdzpoaWRkZW47CmJvcmRlcjogbm9uZTsKcGFkZGluZzowOwptYXJnaW4tdG9wOjVweCAwOwpjdXJzb3I6cG9pbnRlcjsKfQojcmFrdXRlbkxpbWl0ZWRJZF9hcm91bmRDYXJ0IHRib2R5IHRyIHRkIGlucHV0OmhvdmVyewphbHBoYShvcGFjaXR5PTgpOwotbW96LW9wYWNpdHk6MC44OwpvcGFjaXR5OjAuODsKY3Vyc29yOnBvaW50ZXI7Cn0KPC9zdHlsZT4KCjxzdHlsZSB0eXBlPSJ0ZXh0L2NzcyI+CgovKiDjgYrmsJfjgavlhaXjgorllYblk4Hlt67jgZfmm7/jgYjjgr/jgrAgKi8KI3Jha3V0ZW5MaW1pdGVkSWRfYXJvdW5kQ2FydCAjc2VydmljZVRhYmxlU21sIHRkLmZhdm9yaXRlIHsKcGFkZGluZy10b3A6IDVweDsKfQojcmFrdXRlbkxpbWl0ZWRJZF9hcm91bmRDYXJ0IGRpdi5ib29rbWFya0FyZWEgZGl2LmJrbSB7CndpZHRoOjM0NXB4ICFpbXBvcnRhbnQ7CmhlaWdodDozMTBweCAhaW1wb3J0YW50OwpwYWRkaW5nOiAwcHggMHB4IDEwcHggMHB4ICFpbXBvcnRhbnQ7Cn0KI3Jha3V0ZW5MaW1pdGVkSWRfYXJvdW5kQ2FydCBkaXYuYm9va21hcmtBcmVhIGRpdi5ia20gYS5hZGRCa20gewp3aWR0aDozNDVweCAhaW1wb3J0YW50OwpoZWlnaHQ6MzEwcHggIWltcG9ydGFudDsKfQojcmFrdXRlbkxpbWl0ZWRJZF9hcm91bmRDYXJ0IGRpdi5ib29rbWFya0FyZWEgZGl2LmJrbSBhLmFkZEJrbSBzcGFuLmJrbVN0YXIgewpkaXNwbGF5OiBpbmxpbmUtYmxvY2sgIWltcG9ydGFudDsKd2lkdGg6MzQ1cHggIWltcG9ydGFudDsKaGVpZ2h0OjMxMHB4ICFpbXBvcnRhbnQ7Cm1hcmdpbjowcHggMHB4IDEwcHggMHB4ICFpbXBvcnRhbnQ7CmJhY2tncm91bmQ6IHVybCgiaHR0cDovL2ltYWdlLnJha3V0ZW4uY28uanAvYmJ0b3duL2NhYmluZXQvci10b3AyL29raW5paXJpX2l0ZW0uZ2lmIikgbm8tcmVwZWF0ICFpbXBvcnRhbnQ7Cn0KCi8qIOOBiuawl+OBq+WFpeOCiuOCt+ODp+ODg+ODl+W3ruOBl+abv+OBiOOCv+OCsCAqLwpkaXYuYm9va21hcmtBcmVhIHsKd2lkdGg6MzM1cHggIWltcG9ydGFudDsKfQojcmFrdXRlbkxpbWl0ZWRJZF9hcm91bmRDYXJ0IGRpdi5zaG9wQm9va21hcmtBcmVhIGRpdi5zaG9wQmttIHsKd2lkdGg6MzM1cHggIWltcG9ydGFudDsKaGVpZ2h0OjY3cHggIWltcG9ydGFudDsKcGFkZGluZzogMHB4IDBweCAhaW1wb3J0YW50OwpwYWRkaW5nLWxlZnQ6IDBweCAhaW1wb3J0YW50Owp9CiNyYWt1dGVuTGltaXRlZElkX2Fyb3VuZENhcnQgZGl2LnNob3BCb29rbWFya0FyZWEgZGl2LnNob3BCa20gYS5hZGRTaG9wQmttIHNwYW4uc2hvcEJrbVN0YXIgewpkaXNwbGF5OiBpbmxpbmUtYmxvY2sgIWltcG9ydGFudDsKd2lkdGg6MzM1cHggIWltcG9ydGFudDsKaGVpZ2h0OjY3cHggIWltcG9ydGFudDsKbWFyZ2luLXJpZ2h0OiAwcHggIWltcG9ydGFudDsKYmFja2dyb3VuZDogdXJsKCJodHRwOi8vaW1hZ2UucmFrdXRlbi5jby5qcC9iYnRvd24vY2FiaW5ldC9yLXRvcDIvb2tpbmlpcmlfc2hvcC5naWYiKSBuby1yZXBlYXQgIWltcG9ydGFudDsKfQoKPC9zdHlsZT4KPCEtLS8q6LK344GE54mp44GL44GU5LiK44Oc44K/44OzKi8KCgpzcGFuLnVuaXQgeyBiYWNrZ3JvdW5kOiB1cmwoaHR0cDovL2ltYWdlLnJha3V0ZW4uY28uanAvYmJ0b3duL2NhYmluZXQvci10b3AyL2thZ29fc291cnlvdTIuZ2lmKSBuby1yZXBlYXQgbGVmdCB0b3A7IHRleHQtaW5kZW50OgotOTk5OTsgZGlzcGxheTogYmxvY2s7IHdpZHRoOiAzMzU7IGhlaWdodDogNjg7IG1hcmdpbjoxNXB4IDA7IH0KLS0+CjxjZW50ZXI+CjxpbWcgc3JjPSJodHRwOi8vaW1hZ2UucmFrdXRlbi5jby5qcC9iYnRvd24vY2FiaW5ldC9yLXRvcDIvc2l6ZV9pbWcuZ2lmIiBib3JkZXI9IjAiPjxicj48YnI+Cgo8IS0tMjBqaeOBk+OBk+OBi+OCiSAtLT4KPCEtLTx0YWJsZSB3aWR0aD0iNzMxIj4KPHRyIGFsaWduPSJjZW50ZXIiPiA8dGQgYmdjb2xvcj0iI2NjMDAwMCIgY29sc3Bhbj0iMyI+PGltZyBzcmM9Imh0dHA6Ly9pbWFnZS5yYWt1dGVuLmNvLmpwL2JidG93bi9jYWJpbmV0L3ItdG9wMi8yMGppXzczMS5naWYiIHdpZHRoPSI3MzEiIGhlaWdodD0iNjkiPjwvdGQ+PC90cj4KPC90YWJsZT48YnI+IC0tPgo8IS0tPGltZyBzcmM9Imh0dHA6Ly9pbWFnZS5yYWt1dGVuLmNvLmpwL2JidG93bi9jYWJpbmV0L3ItdG9wMi8yMGppXzczMS5naWYiIHdpZHRoPSI3MzEiIGhlaWdodD0iODIiPjxicj4KPEJSPi0tPgo8IS0tMjBqaeOBk+OBk+OBvuOBpyAtLT4KPCEtLeOCq+ODhuOCtOODquOBk+OBk+OBi+OCiSAtLT4KPGJyPjxicj48YnI+Cjxicj4KCjwhLS3jgqvjg4bjgrTjg6rjgZPjgZPjgb7jgacgLS0+CjwhLS3jg6Hjg6vjg57jgqzjg7tGQUNFQk9PS+eZu+mMsuOBk+OBk+OBi+OCiSAtLT4KPHRhYmxlIHdpZHRoPSI3MjkiIGJvcmRlcj0iMCI+Cjx0ciBhbGlnbj0iY2VudGVyIj4gCjx0ZCBiZ2NvbG9yPSIjZmZmZmZmIj4gCjxpbWcgc3JjPSJodHRwOi8vaW1hZ2UucmFrdXRlbi5jby5qcC9iYnRvd24vY2FiaW5ldC9yLXRvcDIvbWFpbF9zbWEuZ2lmIiB3aWR0aD0iMzUwIiBoZWlnaHQ9IjEwMCIgYWx0PSLjg6Hjg6vjg57jgqznmbvpjLIiPjwvdGQ+Cjx0ZCBiZ2NvbG9yPSIjZmZmZmZmIj4gCjxpbWcgc3JjPSJodHRwOi8vaW1hZ2UucmFrdXRlbi5jby5qcC9iYnRvd24vY2FiaW5ldC9yLXRvcDIvZmFjZV9wYy5naWYiIHdpZHRoPSIzNTAiIGhlaWdodD0iMTAwIiBhbHQ9IuODoeODq+ODnuOCrOeZu+mMsiI+PC90ZD4KPC90cj4KPC90YWJsZT48YnI+CjwhLS3jg6Hjg6vjg57jgqzjg7tGQUNFQk9PS+eZu+mMsuOBk+OBk+OBvuOBpyAtLT4KCjwvY2VudGVyPgoKPCEtLSDjganjgZPjgafjgoLjg5Xjg6rjg7zjgrnjg5rjg7zjgrlzIC0tPgo8bGluayBocmVmPSJodHRwOi8vd3d3LnJha3V0ZW4ubmUuanAvZ29sZC9iYnRvd24vZWN0b29sL2FsbF9zdHlsZS5jc3MiIHJlbD0ic3R5bGVzaGVldCIgdHlwZT0idGV4dC9jc3MiPgo8IS0tIOOBqeOBk+OBp+OCguODleODquODvOOCueODmuODvOOCuWUgLS0+,MjDvvIVPRkYg5pyA5aSnMTDvvIXlvJXjgq/jg7zjg53jg7Mg44ON44Kz44Od44K55Y+vIOOCouOCt+ODg+OCr+OCuSBhc2ljcyDph47nkIPnlKjlk4Eg44OL44O844OR44OD44OJIOOBsuOBluijnOW8t+eUqCDkuIDoiKznlKggQkFRODAwIOOBguOBmealvSDniLbjga7ml6Ug44OX44Os44K844Oz44OI77ya6YeO55CD55So5ZOB44OZ44O844K544Oc44O844Or44K/44Km44Oz,6YeO55CD55So5ZOB44Of44K644OO6YeO55CD44Kw44Ot44O844OW44OQ44OD44OI44Ki44K344OD44Kv44K5U1NLTklLReOCvOODg+ODiOOCueODkeOCpOOCr+OCsOODreODvOODluOCsOODqeODlue3tOe/kuedgOa/gOWuieOCouOCpuODiOODrOODg+ODiOODnOODvOODq+OCouODs+ODgOODvOOCt+ODo+ODhOi2heeJueS+oeOCsOODqeOCs+ODs+OCsOODqeODs+ODieOCs+ODvOODiOmYsuWvkjIw77yFT0ZGIOacgOWkpzEw77yF5byV44Kv44O844Od44OzIOODjeOCs+ODneOCueWPryDjgqLjgrfjg4Pjgq/jgrkgYXNpY3Mg6YeO55CD55So5ZOBIOODi+ODvOODkeODg+ODiSDjgbLjgZboo5zlvLfnlKgg5LiA6Iis55SoIEJBUTgwMCDjgYLjgZnmpb0g54i244Gu5pelIOODl+ODrOOCvOODs+ODiA==,44Ki44K344OD44Kv44K5IOmHjueQgyDkvZXngrnjgafjgoLjg43jgrPjg53jgrkyOTDlhoYgNjQ4MOWGhuS7peS4iuOBp+mAgeaWmeeEoeaWme+8geOAgjIw77yFT0ZGIOacgOWkpzEw77yF5byV44Kv44O844Od44OzIOODjeOCs+ODneOCueWPryDjgqLjgrfjg4Pjgq/jgrkgYXNpY3Mg6YeO55CD55So5ZOBIOODi+ODvOODkeODg+ODiSDjgbLjgZboo5zlvLfnlKgg5LiA6Iis55SoIEJBUTgwMCDjgYLjgZnmpb0g54i244Gu5pelIOODl+ODrOOCvOODs+ODiA==[rn]
25-79888,aHR0cDovL3RzaG9wLnIxMHMuanAvYmJ0b3duL2NhYmluZXQvYzIwMTRfMDEvei1wYTI1aC5qcGc/Zml0aW49NzAwOjcwMA==,NTUyLjgwMDA=,,44K544Od44O844OE44O744Ki44Km44OI44OJ44KiID4g6YeO55CD44O744K944OV44OI44Oc44O844OrID4g44Km44Kn44KiID4g56u25oqA55So44Om44OL44OV44Kp44O844Og,MjDvvIVPRkYg5pyA5aSnMTDvvIXlvJXjgq/jg7zjg53jg7Mg44ON44Kz44Od44K55Y+vIOOCvOODg+ODiCDph47nkIMg5LiA6Iis55SoIOe4q+OBhOS7mOOBkeeUqCDooZ3mkoPlkLjlj47jg5Hjg4Pjg4kgMeWAi+WFpeOCiijlsLvnlKgpIFBBMjVIIOODkuODg+ODl+ODkeODg+ODiSDlsLvjg5Hjg4Pjg4kg57e057+S552AIOODpuODi+ODleOCqeODvOODoOeUqCDjgYLjgZnmpb0g54i244Gu5pelIOODl+ODrOOCvOODs+ODiA==,5L2V5bqX44Gn44KC44ON44Kz44Od44K5Mjkw5YaGIOaXp+ODoeODvOODq+S+v+WvvuW/nOWPrw==,PCEtLSBTU+OCqOODs+ODiOODquODvFBDLXMgLS0+PCEtLSAKPGZvbnQgY29sb3I9IiNmZjAwMDAiIHNpemU9IjQiPuKGk+OCqOODs+ODiOODquODvOOBruOBiuW/mOOCjOOBr+OBguOCiuOBvuOBm+OCk+OBi++8n+KGkzwvZm9udD48YnI+CjxpbWcgc3JjPSJodHRwOi8vaW1hZ2UucmFrdXRlbi5jby5qcC9iYnRvd24vY2FiaW5ldC9zczEyMDJiYW5uZXIvcmFrdXRlbl90dWxlXzEyMDVzcy5qcGciIGJvcmRlcj0iMCIgd2lkdGg9IjM1MCI+PGJyPgogLS0+PCEtLSBTU+OCqOODs+ODiOODquODvFBDLWUgLS0+Cjxicj4KPCEtLSDjg6njg4Pjg5Tjg7PjgrDoqpjlsI4tcyAtLT4KIDxmb250IGNvbG9yPSIjZmYwMDAwIiBzaXplPSI0Ij7ihpPjg6njg4Pjg5Tjg7PjgrAoMjcw5YaGL+eojui+vCnjga7jgZTms6jmlofjga/jgrPjg4Hjg6nihpM8L2ZvbnQ+PGJyPgo8aW1nIHNyYz0iaHR0cDovL2ltYWdlLnJha3V0ZW4uY28uanAvYmJ0b3duL2NhYmluZXQvci10b3AyL3dyYXBwaW5nXzYxNl8xLmpwZyIgYm9yZGVyPSIwIiB3aWR0aD0iMzUwIj48YnI+CjwhLS0g44Op44OD44OU44Oz44Kw6KqY5bCOLWUgLS0+Cjxicj4KPCEtLSDjgq7jg5Xjg4jplqLpgKPmpJzntKLjg6/jg7zjg4ktcyAtLT4KIOOAkOaknOe0ouODr+ODvOODie+8muODqeODg+ODlOODs+OCsCDotIjjgorjgoLjga4g6LSI44KK54mpIOi0iOeJqSDotIjnrZTlk4Eg44OX44Os44K844Oz44OIIOOCruODleODiCDjgYrnpZ3jgYQg6KiY5b+15ZOBIOWNkualrSDljZLlm6PjgJEgCjwhLS0g44Ku44OV44OI6Zai6YCj5qSc57Si44Ov44O844OJLXMgLS0+Cgo8YnI+PCEtLeOBiuiyt+OBhOeJqeOCrOOCpOODieOBk+OBk+OBi+OCiSAtLT4KPGltZyBzcmM9Imh0dHBzOi8vaW1hZ2UucmFrdXRlbi5jby5qcC9iYnRvd24vY2FiaW5ldC9yLXRvcDMvcGNfY2FydF8wNTMwLmdpZiIgYm9yZGVyPSIwIiB3aWR0aD0iNDAwIj48YnI+Cgo8IS0t44GK6LK344GE54mp44Ks44Kk44OJ44GT44GT44G+44GnIC0tPgo8IS0tIGV2aS1zIC0tPuKYheODoeODvOOCq+ODvOW4jOacm+Wwj+WjsuS+oeagvOOBr+ODoeODvOOCq+ODvOOCq+OCv+ODreOCsOOBq+WfuuOBpeOBhOOBpuaOsui8ieOBl+OBpuOBhOOBvuOBmTxCUj48QlI+PCEtLSBldmktZSAtLT48IS0tIGFyZWEwIEIgLS0+CjwhLS0gYXJlYTAgRSAtLT4KPHRhYmxlIGJvcmRlcj0iMCIgd2lkdGg9IjcwMCIgY2VsbHBhZGRpbmc9IjIiIGNlbGxzcGFjaW5nPSIwIj4KICA8dHI+CiAgICA8dGQgYWxpZ249ImxlZnQiPgogICAgICA8dGFibGUgY2VsbHBhZGRpbmc9IjEiIHdpZHRoPSIxMDAlIj4KICAgICAgICA8dHI+CiAgICAgICAgICA8dGQgdmFsaWduPSJ0b3AiIGFsaWduPSJsZWZ0Ij4KICAgICAgICAgICAgPHRhYmxlIGJvcmRlcj0iMCIgY2VsbHBhZGRpbmc9IjQiIGNlbGxzcGFjaW5nPSIwIiB3aWR0aD0iOTUlIj4KICAgICAgICAgICAgICA8dHI+CiAgICAgICAgICAgICAgICA8dGQgYmdjb2xvcj0iIzAwMDA5OSI+PGI+PGZvbnQgY29sb3I9IiNmZmZmZmYiIHNpemU9IjIiPuWVhuWTgeiqrOaYjjwvZm9udD48L2I+PC90ZD4KICAgICAgICAgICAgICA8L3RyPgogICAgICAgICAgICAgIDwhLS0gYXJlYTEgQiAtLT4KICAgICAgICAgICAgICA8dHI+CiAgICAgICAgICAgICAgICA8dGQ+PGRpdiBjbGFzcz0idGV4dDIiIGFsaWduPSJsZWZ0Ij48Zm9udCBzaXplPSIyIiBjb2xvcj0iIzAwMDA5OSI+PC9mb250PjwvZGl2PjwvdGQ+CiAgICAgICAgICAgICAgPC90cj4KICAgICAgICAgICAgICA8IS0tIGFyZWExIEUgLS0+CiAgICAgICAgICAgICAgPCEtLSBhcmVhMiBCIC0tPgogICAgICAgICAgICAgIDx0cj4KICAgICAgICAgICAgICAgIDx0ZCBhbGlnbj0ibGVmdCI+PGZvbnQgc2l6ZT0iMiI+CiAgICAgICAgICAgICAgICAgIOKXj+e0oOadkO+8muODneODquOCqOOCueODhuODqzEwMO+8hSjjg57jg4Pjg4njgqLjgr/jg4Pjgq8gV0hJSSk8YnI+CuKXj+OCq+ODqeODvO+8migxMTAwKeODm+ODr+OCpOODiOOAgSgxMzAwKeOCt+ODq+ODkOODvOOAgSgzMTAwKeOCouOCpOODnOODquODvDxicj4K4peP44K144Kk44K677yaMjIuMmNtw5cyMi4wY208YnI+CuKXj+ODieODreaxmuOCjOmYsuaxmuWKoOW3peeUn+WcsCjjg57jg4Pjg4njgqLjgr/jg4Pjgq8pPGJyPgril4/kuK3lm73oo708YnI+CuKXj1pFVFTjgIHph47nkIPnlKjlk4EKICAgICAgICAgICAgICAgIDwvZm9udD48L3RkPgogICAgICAgICAgICAgIDwvdHI+CiAgICAgICAgICAgICAgPCEtLSBhcmVhMiBFIC0tPgogICAgICAgICAgICAgIDwhLS0gYXJlYTMgQiAtLT4KICAgICAgICAgICAgICA8IS0tIGFyZWEzIEUgLS0+CiAgICAgICAgICAgIDwvdGFibGU+CiAgICAgICAgICA8L3RkPgogICAgICAgIDwvdHI+CiAgICAgIDwvdGFibGU+CiAgICA8L3RkPgogIDwvdHI+CjwvdGFibGU+PHN0eWxlIHR5cGU9InRleHQvY3NzIj4KPCEtLQoKc3Bhbi5jYXRjaF9jb3B5LApzcGFuLml0ZW1fbmFtZSB7CiAgbGluZS1oZWlnaHQ6IDE4MCU7Cn0KCgovKiDllYblk4HlkI3kuIvjgavlooPnlYznt5rjgYzlhaXjgosgKi8Kc3Bhbi5pdGVtX25hbWUgewogICAgZGlzcGxheTogYmxvY2s7CiAgICBib3JkZXItYm90dG9tOiAycHggZG90dGVkICNkZGQ7CiAgICBwYWRkaW5nLWJvdHRvbTogOHB4Owp9CgovKiDkvqHmoLzjgavmnqDnt5rjgYzjgaTjgY8gKi8KdGFibGUjcmFrdXRlbkxpbWl0ZWRJZF9jYXJ0IHsKICAgIGJhY2tncm91bmQtY29sb3I6ICNmOGY4Zjg7CiAgICBib3JkZXI6IDFweCBzb2xpZCAjZGRkOwogICAgcGFkZGluZzogOHB4OwogICAgbWFyZ2luOiAxNnB4IDA7Cn0KCnNwYW4ucHJpY2UxIHsKICAgIGNvbG9yOiAjMzMzICFpbXBvcnRhbnQ7CiAgICBmb250LXdlaWdodDogYm9sZDsKICAgIGZvbnQtc2l6ZTogODAlICFpbXBvcnRhbnQ7CiAgICBsaW5lLWhlaWdodDogMzBweDsKICAgIGRpc3BsYXk6IGlubGluZS1ibG9jazsKICAgIG1hcmdpbi1yaWdodDogMTZweDsKfQoKLS0+Cjwvc3R5bGU+Cgo8c3R5bGUgdHlwZT0idGV4dC9jc3MiPgoKPC9zdHlsZT4KPHN0eWxlIHR5cGU9InRleHQvY3NzIj4KLyrosrfjgYTnianjgYvjgZTjgavlhaXjgozjgovjg5zjgr/jg7MqLwojcmFrdXRlbkxpbWl0ZWRJZF9hcm91bmRDYXJ0IGlucHV0W3ZhbHVlPSLosrfjgYTnianjgYvjgZTjgavlhaXjgozjgosiXXsKYmFja2dyb3VuZDogdXJsKCJodHRwOi8vaW1hZ2UucmFrdXRlbi5jby5qcC9iYnRvd24vY2FiaW5ldC9yLXRvcDIvY2FydC5naWYiKSBsZWZ0IHRvcCBuby1yZXBlYXQ7CndpZHRoOjMzNnB4OwpoZWlnaHQ6NjdweDsKdGV4dC1pbmRlbnQ6MTAwJTsKd2hpdGUtc3BhY2U6bm93cmFwOwpvdmVyZmxvdzpoaWRkZW47CmJvcmRlcjogbm9uZTsKcGFkZGluZzowOwptYXJnaW4tdG9wOjVweCAwOwpjdXJzb3I6cG9pbnRlcjsKfQojcmFrdXRlbkxpbWl0ZWRJZF9hcm91bmRDYXJ0IHRib2R5IHRyIHRkIGlucHV0OmhvdmVyewphbHBoYShvcGFjaXR5PTgpOwotbW96LW9wYWNpdHk6MC44OwpvcGFjaXR5OjAuODsKY3Vyc29yOnBvaW50ZXI7Cn0KPC9zdHlsZT4KCjxzdHlsZSB0eXBlPSJ0ZXh0L2NzcyI+CgovKiDjgYrmsJfjgavlhaXjgorllYblk4Hlt67jgZfmm7/jgYjjgr/jgrAgKi8KI3Jha3V0ZW5MaW1pdGVkSWRfYXJvdW5kQ2FydCAjc2VydmljZVRhYmxlU21sIHRkLmZhdm9yaXRlIHsKcGFkZGluZy10b3A6IDVweDsKfQojcmFrdXRlbkxpbWl0ZWRJZF9hcm91bmRDYXJ0IGRpdi5ib29rbWFya0FyZWEgZGl2LmJrbSB7CndpZHRoOjM0NXB4ICFpbXBvcnRhbnQ7CmhlaWdodDozMTBweCAhaW1wb3J0YW50OwpwYWRkaW5nOiAwcHggMHB4IDEwcHggMHB4ICFpbXBvcnRhbnQ7Cn0KI3Jha3V0ZW5MaW1pdGVkSWRfYXJvdW5kQ2FydCBkaXYuYm9va21hcmtBcmVhIGRpdi5ia20gYS5hZGRCa20gewp3aWR0aDozNDVweCAhaW1wb3J0YW50OwpoZWlnaHQ6MzEwcHggIWltcG9ydGFudDsKfQojcmFrdXRlbkxpbWl0ZWRJZF9hcm91bmRDYXJ0IGRpdi5ib29rbWFya0FyZWEgZGl2LmJrbSBhLmFkZEJrbSBzcGFuLmJrbVN0YXIgewpkaXNwbGF5OiBpbmxpbmUtYmxvY2sgIWltcG9ydGFudDsKd2lkdGg6MzQ1cHggIWltcG9ydGFudDsKaGVpZ2h0OjMxMHB4ICFpbXBvcnRhbnQ7Cm1hcmdpbjowcHggMHB4IDEwcHggMHB4ICFpbXBvcnRhbnQ7CmJhY2tncm91bmQ6IHVybCgiaHR0cDovL2ltYWdlLnJha3V0ZW4uY28uanAvYmJ0b3duL2NhYmluZXQvci10b3AyL29raW5paXJpX2l0ZW0uZ2lmIikgbm8tcmVwZWF0ICFpbXBvcnRhbnQ7Cn0KCi8qIOOBiuawl+OBq+WFpeOCiuOCt+ODp+ODg+ODl+W3ruOBl+abv+OBiOOCv+OCsCAqLwpkaXYuYm9va21hcmtBcmVhIHsKd2lkdGg6MzM1cHggIWltcG9ydGFudDsKfQojcmFrdXRlbkxpbWl0ZWRJZF9hcm91bmRDYXJ0IGRpdi5zaG9wQm9va21hcmtBcmVhIGRpdi5zaG9wQmttIHsKd2lkdGg6MzM1cHggIWltcG9ydGFudDsKaGVpZ2h0OjY3cHggIWltcG9ydGFudDsKcGFkZGluZzogMHB4IDBweCAhaW1wb3J0YW50OwpwYWRkaW5nLWxlZnQ6IDBweCAhaW1wb3J0YW50Owp9CiNyYWt1dGVuTGltaXRlZElkX2Fyb3VuZENhcnQgZGl2LnNob3BCb29rbWFya0FyZWEgZGl2LnNob3BCa20gYS5hZGRTaG9wQmttIHNwYW4uc2hvcEJrbVN0YXIgewpkaXNwbGF5OiBpbmxpbmUtYmxvY2sgIWltcG9ydGFudDsKd2lkdGg6MzM1cHggIWltcG9ydGFudDsKaGVpZ2h0OjY3cHggIWltcG9ydGFudDsKbWFyZ2luLXJpZ2h0OiAwcHggIWltcG9ydGFudDsKYmFja2dyb3VuZDogdXJsKCJodHRwOi8vaW1hZ2UucmFrdXRlbi5jby5qcC9iYnRvd24vY2FiaW5ldC9yLXRvcDIvb2tpbmlpcmlfc2hvcC5naWYiKSBuby1yZXBlYXQgIWltcG9ydGFudDsKfQoKPC9zdHlsZT4KCjxzdHlsZSB0eXBlPSJ0ZXh0L2NzcyI+CjwhLS0KCmRpdiNIZWFkZXJLZXl3b3JkIHsKCXBvc2l0aW9uOmFic29sdXRlOwoJdG9wOjUwcHg7LyrkuIDnlarkuIrjgYvjgonjga7kvY3nva4qLwoJbGVmdDozMHB4Oy8q5bem56uv44GL44KJ44Gu5L2N572uKi8KfQoKZGl2I0hlYWRlcktleXdvcmQgc3BhbiB7CgliYWNrZ3JvdW5kOiAjYmYwMDAwOwoJY29sb3I6I2ZmZjsKCWZvbnQtd2VpZ2h0OmJvbGQ7CglwYWRkaW5nOjJweCA1cHg7Cn0KCmRpdiNIZWFkZXJLZXl3b3JkIGEgewoJY29sb3I6IzAwNDRDQzsKfQoKLS0+Cjwvc3R5bGU+CjwhLS0vKuiyt+OBhOeJqeOBi+OBlOS4iuODnOOCv+ODsyovCgoKc3Bhbi51bml0IHsgYmFja2dyb3VuZDogdXJsKGh0dHA6Ly9pbWFnZS5yYWt1dGVuLmNvLmpwL2JidG93bi9jYWJpbmV0L3ItdG9wMi9rYWdvX3NvdXJ5b3UyLmdpZikgbm8tcmVwZWF0IGxlZnQgdG9wOyB0ZXh0LWluZGVudDoKLTk5OTk7IGRpc3BsYXk6IGJsb2NrOyB3aWR0aDogMzM1OyBoZWlnaHQ6IDY4OyBtYXJnaW46MTVweCAwOyB9Ci0tPgo8ZGl2IGlkPSJIZWFkZXJLZXl3b3JkIiBzdHlsZT0ibGVmdDogNTBweDsgdG9wOiA4MHB4Ij4gPHNwYW4+5rOo55uu44Gu44Kt44O844Ov44O844OJPC9zcGFuPiDjg53jgqTjg7Pjg4gxMOWAjSAKICDpgIHmlpnnhKHmlpkgCiAg44OI44Os44O844OL44Oz44Kw44K344Ol44O844K6IArjg6bjg4vjg5Xjgqnjg7zjg6Djg5Hjg7Pjg4QKMjAxNiAK44Op44Oz44OL44Oz44Kw44K344Ol44O844K6IArjg4vjg6Xjg7zjg5Djg6njg7PjgrkgIAogIOODkOODg+OCr+ODkeODg+OCryAKPC9kaXY+CjxjZW50ZXI+PEJSPgoKPCEtLTIwamnjgZPjgZPjgYvjgokgLS0+CjwhLS08dGFibGUgd2lkdGg9IjczMSI+Cjx0ciBhbGlnbj0iY2VudGVyIj4gPHRkIGJnY29sb3I9IiNjYzAwMDAiIGNvbHNwYW49IjMiPjxpbWcgc3JjPSJodHRwOi8vaW1hZ2UucmFrdXRlbi5jby5qcC9iYnRvd24vY2FiaW5ldC9yLXRvcDIvMjBqaV83MzEuZ2lmIiB3aWR0aD0iNzMxIiBoZWlnaHQ9IjgyIj48L3RkPjwvdHI+CjwvdGFibGU+PGJyPi0tPgo8IS0tPGltZyBzcmM9Imh0dHA6Ly9pbWFnZS5yYWt1dGVuLmNvLmpwL2JidG93bi9jYWJpbmV0L3ItdG9wMi8yMGppXzczMS5naWYiIHdpZHRoPSI3MzAiPjxicj4gLS0+CjwhLS0KPEJSPgogLS0+CjwhLS0yMGpp44GT44GT44G+44GnIC0tPgo8IS0t44Kr44OG44K044Oq44GT44GT44GL44KJIC0tPgo8YnI+PGJyPjxicj4KPGJyPgo8IS0t44Kr44OG44K044Oq44GT44GT44G+44GnIC0tPgo8IS0t44Oh44Or44Oe44Ks44O7RkFDRUJPT0vnmbvpjLLjgZPjgZPjgYvjgokgLS0+Cjx0YWJsZSB3aWR0aD0iNzI5IiBib3JkZXI9IjAiPgo8dHIgYWxpZ249ImNlbnRlciI+IAo8dGQgYmdjb2xvcj0iI2ZmZmZmZiI+IAo8aW1nIHNyYz0iaHR0cDovL2ltYWdlLnJha3V0ZW4uY28uanAvYmJ0b3duL2NhYmluZXQvci10b3AyL21haWxfc21hLmdpZiIgd2lkdGg9IjM1MCIgaGVpZ2h0PSIxMDAiIGFsdD0i44Oh44Or44Oe44Ks55m76YyyIj48L3RkPgo8dGQgYmdjb2xvcj0iI2ZmZmZmZiI+IAo8aW1nIHNyYz0iaHR0cDovL2ltYWdlLnJha3V0ZW4uY28uanAvYmJ0b3duL2NhYmluZXQvci10b3AyL2ZhY2VfcGMuZ2lmIiB3aWR0aD0iMzUwIiBoZWlnaHQ9IjEwMCIgYWx0PSLjg6Hjg6vjg57jgqznmbvpjLIiPjwvdGQ+CjwvdHI+CjwvdGFibGU+PGJyPgo8IS0t44Oh44Or44Oe44Ks44O7RkFDRUJPT0vnmbvpjLLjgZPjgZPjgb7jgacgLS0+CjwvY2VudGVyPgoKPCEtLSDjganjgZPjgafjgoLjg5Xjg6rjg7zjgrnjg5rjg7zjgrlzIC0tPgo8bGluayBocmVmPSJodHRwOi8vd3d3LnJha3V0ZW4ubmUuanAvZ29sZC9iYnRvd24vZWN0b29sL2FsbF9zdHlsZS5jc3MiIHJlbD0ic3R5bGVzaGVldCIgdHlwZT0idGV4dC9jc3MiPgo8IS0tIOOBqeOBk+OBp+OCguODleODquODvOOCueODmuODvOOCuWUgLS0+,MjDvvIVPRkYg5pyA5aSnMTDvvIXlvJXjgq/jg7zjg53jg7Mg44ON44Kz44Od44K55Y+vIOOCvOODg+ODiCDph47nkIMg5LiA6Iis55SoIOe4q+OBhOS7mOOBkeeUqCDooZ3mkoPlkLjlj47jg5Hjg4Pjg4kgMeWAi+WFpeOCiijlsLvnlKgpIFBBMjVIIOODkuODg+ODl+ODkeODg+ODiSDlsLvjg5Hjg4Pjg4kg57e057+S552AIOODpuODi+ODleOCqeODvOODoOeUqCDjgYLjgZnmpb0g54i244Gu5pelIOODl+ODrOOCvOODs+ODiO+8mumHjueQg+eUqOWTgeODmeODvOOCueODnOODvOODq+OCv+OCpuODsw==,6YeO55CD55So5ZOB44Of44K644OO6YeO55CD44Kw44Ot44O844OW44OQ44OD44OI44Ki44K344OD44Kv44K5U1NLTklLReOCvOODg+ODiOOCueODkeOCpOOCr+OCsOODreODvOODluOCsOODqeODlue3tOe/kuedgOa/gOWuieOCouOCpuODiOODrOODg+ODiOODnOODvOODq+OCouODs+ODgOODvOOCt+ODo+ODhOi2heeJueS+oeOCsOODqeOCs+ODs+OCsOODqeODs+ODieOCs+ODvOODiOmYsuWvkjIw77yFT0ZGIOacgOWkpzEw77yF5byV44Kv44O844Od44OzIOODjeOCs+ODneOCueWPryDjgrzjg4Pjg4gg6YeO55CDIOS4gOiIrOeUqCDnuKvjgYTku5jjgZHnlKgg6KGd5pKD5ZC45Y+O44OR44OD44OJIDHlgIvlhaXjgooo5bC755SoKSBQQTI1SCDjg5Ljg4Pjg5fjg5Hjg4Pjg4kg5bC744OR44OD44OJIOe3tOe/kuedgCDjg6bjg4vjg5Xjgqnjg7zjg6DnlKgg44GC44GZ5qW9IOeItuOBruaXpSDjg5fjg6zjgrzjg7Pjg4g=,5L2V5bqX44Gn44KC44ON44Kz44Od44K5Mjkw5YaGIOaXp+ODoeODvOODq+S+v+WvvuW/nOWPr+OAgjIw77yFT0ZGIOacgOWkpzEw77yF5byV44Kv44O844Od44OzIOODjeOCs+ODneOCueWPryDjgrzjg4Pjg4gg6YeO55CDIOS4gOiIrOeUqCDnuKvjgYTku5jjgZHnlKgg6KGd5pKD5ZC45Y+O44OR44OD44OJIDHlgIvlhaXjgooo5bC755SoKSBQQTI1SCDjg5Ljg4Pjg5fjg5Hjg4Pjg4kg5bC744OR44OD44OJIOe3tOe/kuedgCDjg6bjg4vjg5Xjgqnjg7zjg6DnlKgg44GC44GZ5qW9IOeItuOBruaXpSDjg5fjg6zjgrzjg7Pjg4g=[rn]
25-79889,aHR0cDovL3RzaG9wLnIxMHMuanAvYmJ0b3duL2NhYmluZXQvYzIwMTRfMDEvYmFxODAwLmpwZz9maXRpbj03MDA6NzAw,NTUyLjgwMDA=,,44K544Od44O844OE44O744Ki44Km44OI44OJ44KiID4g6YeO55CD44O744K944OV44OI44Oc44O844OrID4g44Km44Kn44KiID4g56u25oqA55So44Om44OL44OV44Kp44O844Og,MjDvvIVPRkYg5pyA5aSnMTDvvIXlvJXjgq/jg7zjg53jg7Mg44ON44Kz44Od44K55Y+vIOOCouOCt+ODg+OCr+OCuSBhc2ljcyDph47nkIPnlKjlk4Eg44OL44O844OR44OD44OJIOOBsuOBluijnOW8t+eUqCDkuIDoiKznlKggQkFRODAwIOWPluWvhCDniLbjga7ml6Ug44OX44Os44K844Oz44OI,5L2V54K544Gn44KC44ON44Kz44Od44K5Mjkw5YaGIDY0ODDlhobku6XkuIrjgafpgIHmlpnnhKHmlpnvvIE=,PCEtLSBTU+OCqOODs+ODiOODquODvFBDLXMgLS0+PCEtLSAKPGZvbnQgY29sb3I9IiNmZjAwMDAiIHNpemU9IjQiPuKGk+OCqOODs+ODiOODquODvOOBruOBiuW/mOOCjOOBr+OBguOCiuOBvuOBm+OCk+OBi++8n+KGkzwvZm9udD48YnI+CjxpbWcgc3JjPSJodHRwOi8vaW1hZ2UucmFrdXRlbi5jby5qcC9iYnRvd24vY2FiaW5ldC9zczEyMDJiYW5uZXIvcmFrdXRlbl90dWxlXzEyMDVzcy5qcGciIGJvcmRlcj0iMCIgd2lkdGg9IjM1MCI+PGJyPgogLS0+PCEtLSBTU+OCqOODs+ODiOODquODvFBDLWUgLS0+Cjxicj4KPCEtLSDjg6njg4Pjg5Tjg7PjgrDoqpjlsI4tcyAtLT4KIDxmb250IGNvbG9yPSIjZmYwMDAwIiBzaXplPSI0Ij7ihpPjg6njg4Pjg5Tjg7PjgrAoMjcw5YaGL+eojui+vCnjga7jgZTms6jmlofjga/jgrPjg4Hjg6nihpM8L2ZvbnQ+PGJyPgo8aW1nIHNyYz0iaHR0cDovL2ltYWdlLnJha3V0ZW4uY28uanAvYmJ0b3duL2NhYmluZXQvci10b3AyL3dyYXBwaW5nXzYxNl8xLmpwZyIgYm9yZGVyPSIwIiB3aWR0aD0iMzUwIj48YnI+CjwhLS0g44Op44OD44OU44Oz44Kw6KqY5bCOLWUgLS0+Cjxicj4KPCEtLSDjgq7jg5Xjg4jplqLpgKPmpJzntKLjg6/jg7zjg4ktcyAtLT4KIOOAkOaknOe0ouODr+ODvOODie+8muODqeODg+ODlOODs+OCsCDotIjjgorjgoLjga4g6LSI44KK54mpIOi0iOeJqSDotIjnrZTlk4Eg44OX44Os44K844Oz44OIIOOCruODleODiCDjgYrnpZ3jgYQg6KiY5b+15ZOBIOWNkualrSDljZLlm6PjgJEgCjwhLS0g44Ku44OV44OI6Zai6YCj5qSc57Si44Ov44O844OJLXMgLS0+PGJyPgoKPCEtLeOBiuiyt+OBhOeJqeOCrOOCpOODieOBk+OBk+OBi+OCiSAtLT4KPGltZyBzcmM9Imh0dHBzOi8vaW1hZ2UucmFrdXRlbi5jby5qcC9iYnRvd24vY2FiaW5ldC9yLXRvcDMvcGNfY2FydF8wNTMwLmdpZiIgYm9yZGVyPSIwIiB3aWR0aD0iNDAwIj48YnI+Cgo8IS0t44GK6LK344GE54mp44Ks44Kk44OJ44GT44GT44G+44GnIC0tPgo8IS0tIGV2aS1zIC0tPuKYheODoeODvOOCq+ODvOW4jOacm+Wwj+WjsuS+oeagvOOBr+ODoeODvOOCq+ODvOOCq+OCv+ODreOCsOOBq+WfuuOBpeOBhOOBpuaOsui8ieOBl+OBpuOBhOOBvuOBmTxCUj48QlI+PCEtLSBldmktZSAtLT48IS0tIGFyZWEwIEIgLS0+CjwhLS0gYXJlYTAgRSAtLT4KPHRhYmxlIGJvcmRlcj0iMCIgd2lkdGg9IjcwMCIgY2VsbHBhZGRpbmc9IjIiIGNlbGxzcGFjaW5nPSIwIj4KICA8dHI+CiAgICA8dGQgYWxpZ249ImxlZnQiPgogICAgICA8dGFibGUgY2VsbHBhZGRpbmc9IjEiIHdpZHRoPSIxMDAlIj4KICAgICAgICA8dHI+CiAgICAgICAgICA8dGQgdmFsaWduPSJ0b3AiIGFsaWduPSJsZWZ0Ij4KICAgICAgICAgICAgPHRhYmxlIGJvcmRlcj0iMCIgY2VsbHBhZGRpbmc9IjQiIGNlbGxzcGFjaW5nPSIwIiB3aWR0aD0iOTUlIj4KICAgICAgICAgICAgICA8dHI+CiAgICAgICAgICAgICAgICA8dGQgYmdjb2xvcj0iIzAwMDA5OSI+PGI+PGZvbnQgY29sb3I9IiNmZmZmZmYiIHNpemU9IjIiPuWVhuWTgeiqrOaYjjwvZm9udD48L2I+PC90ZD4KICAgICAgICAgICAgICA8L3RyPgogICAgICAgICAgICAgIDwhLS0gYXJlYTEgQiAtLT4KICAgICAgICAgICAgICA8dHI+CiAgICAgICAgICAgICAgICA8dGQ+PGRpdiBjbGFzcz0idGV4dDIiIGFsaWduPSJsZWZ0Ij48Zm9udCBzaXplPSIyIiBjb2xvcj0iIzAwMDA5OSI+PC9mb250PjwvZGl2PjwvdGQ+CiAgICAgICAgICAgICAgPC90cj4KICAgICAgICAgICAgICA8IS0tIGFyZWExIEUgLS0+CiAgICAgICAgICAgICAgPCEtLSBhcmVhMiBCIC0tPgogICAgICAgICAgICAgIDx0cj4KICAgICAgICAgICAgICAgIDx0ZCBhbGlnbj0ibGVmdCI+PGZvbnQgc2l6ZT0iMiI+CiAgICAgICAgICAgICAgICAgIOKXj+e0oOadkO+8muihqDoo44Od44Oq44Ko44K544OG44OrOTXvvIXjg7vjgq3jg6Xjg5fjg6k177yFKQrkuK06KOODneODquOCpuODrOOCv+ODsykK6KOPOijjg53jg6rjgqjjgrnjg4bjg6sxMDDvvIUpPGJyPgril4/jgqvjg6njg7zvvJooMDEp44Ob44Ov44Kk44OI44CBKDAyKeOCouOCpOODnOODquOAgSgxMClTL+OCsOODrOODvDxicj4K4peP44K144Kk44K677yaRjxicj4K4peP6YeO55CD55So5ZOB44CB44Ki44K344OD44Kv44K544OZ44O844K544Oc44O844Or44CBYXNpY3PjgIHjgbLjgZbjgIHjg5LjgrbjgIHohp3jgIHjgZfjgorjgIHlsLvjgIHjg5Hjg4Pjg4gKICAgICAgICAgICAgICAgIDwvZm9udD48L3RkPgogICAgICAgICAgICAgIDwvdHI+CiAgICAgICAgICAgICAgPCEtLSBhcmVhMiBFIC0tPgogICAgICAgICAgICAgIDwhLS0gYXJlYTMgQiAtLT4KICAgICAgICAgICAgICA8IS0tIGFyZWEzIEUgLS0+CiAgICAgICAgICAgIDwvdGFibGU+CiAgICAgICAgICA8L3RkPgogICAgICAgIDwvdHI+CiAgICAgIDwvdGFibGU+CiAgICA8L3RkPgogIDwvdHI+CjwvdGFibGU+PHN0eWxlIHR5cGU9InRleHQvY3NzIj4KPCEtLQoKc3Bhbi5jYXRjaF9jb3B5LApzcGFuLml0ZW1fbmFtZSB7CiAgbGluZS1oZWlnaHQ6IDE4MCU7Cn0KCgovKiDllYblk4HlkI3kuIvjgavlooPnlYznt5rjgYzlhaXjgosgKi8Kc3Bhbi5pdGVtX25hbWUgewogICAgZGlzcGxheTogYmxvY2s7CiAgICBib3JkZXItYm90dG9tOiAycHggZG90dGVkICNkZGQ7CiAgICBwYWRkaW5nLWJvdHRvbTogOHB4Owp9CgovKiDkvqHmoLzjgavmnqDnt5rjgYzjgaTjgY8gKi8KdGFibGUjcmFrdXRlbkxpbWl0ZWRJZF9jYXJ0IHsKICAgIGJhY2tncm91bmQtY29sb3I6ICNmOGY4Zjg7CiAgICBib3JkZXI6IDFweCBzb2xpZCAjZGRkOwogICAgcGFkZGluZzogOHB4OwogICAgbWFyZ2luOiAxNnB4IDA7Cn0KCnNwYW4ucHJpY2UxIHsKICAgIGNvbG9yOiAjMzMzICFpbXBvcnRhbnQ7CiAgICBmb250LXdlaWdodDogYm9sZDsKICAgIGZvbnQtc2l6ZTogODAlICFpbXBvcnRhbnQ7CiAgICBsaW5lLWhlaWdodDogMzBweDsKICAgIGRpc3BsYXk6IGlubGluZS1ibG9jazsKICAgIG1hcmdpbi1yaWdodDogMTZweDsKfQoKLS0+Cjwvc3R5bGU+CjxzdHlsZSB0eXBlPSJ0ZXh0L2NzcyI+Ci8q6LK344GE54mp44GL44GU44Gr5YWl44KM44KL44Oc44K/44OzKi8KI3Jha3V0ZW5MaW1pdGVkSWRfYXJvdW5kQ2FydCBpbnB1dFt2YWx1ZT0i6LK344GE54mp44GL44GU44Gr5YWl44KM44KLIl17CmJhY2tncm91bmQ6IHVybCgiaHR0cDovL2ltYWdlLnJha3V0ZW4uY28uanAvYmJ0b3duL2NhYmluZXQvci10b3AyL2NhcnQuZ2lmIikgbGVmdCB0b3Agbm8tcmVwZWF0Owp3aWR0aDozMzZweDsKaGVpZ2h0OjY3cHg7CnRleHQtaW5kZW50OjEwMCU7CndoaXRlLXNwYWNlOm5vd3JhcDsKb3ZlcmZsb3c6aGlkZGVuOwpib3JkZXI6IG5vbmU7CnBhZGRpbmc6MDsKbWFyZ2luLXRvcDo1cHggMDsKY3Vyc29yOnBvaW50ZXI7Cn0KI3Jha3V0ZW5MaW1pdGVkSWRfYXJvdW5kQ2FydCB0Ym9keSB0ciB0ZCBpbnB1dDpob3ZlcnsKYWxwaGEob3BhY2l0eT04KTsKLW1vei1vcGFjaXR5OjAuODsKb3BhY2l0eTowLjg7CmN1cnNvcjpwb2ludGVyOwp9Cjwvc3R5bGU+Cgo8c3R5bGUgdHlwZT0idGV4dC9jc3MiPgoKLyog44GK5rCX44Gr5YWl44KK5ZWG5ZOB5beu44GX5pu/44GI44K/44KwICovCiNyYWt1dGVuTGltaXRlZElkX2Fyb3VuZENhcnQgI3NlcnZpY2VUYWJsZVNtbCB0ZC5mYXZvcml0ZSB7CnBhZGRpbmctdG9wOiA1cHg7Cn0KI3Jha3V0ZW5MaW1pdGVkSWRfYXJvdW5kQ2FydCBkaXYuYm9va21hcmtBcmVhIGRpdi5ia20gewp3aWR0aDozNDVweCAhaW1wb3J0YW50OwpoZWlnaHQ6MzEwcHggIWltcG9ydGFudDsKcGFkZGluZzogMHB4IDBweCAxMHB4IDBweCAhaW1wb3J0YW50Owp9CiNyYWt1dGVuTGltaXRlZElkX2Fyb3VuZENhcnQgZGl2LmJvb2ttYXJrQXJlYSBkaXYuYmttIGEuYWRkQmttIHsKd2lkdGg6MzQ1cHggIWltcG9ydGFudDsKaGVpZ2h0OjMxMHB4ICFpbXBvcnRhbnQ7Cn0KI3Jha3V0ZW5MaW1pdGVkSWRfYXJvdW5kQ2FydCBkaXYuYm9va21hcmtBcmVhIGRpdi5ia20gYS5hZGRCa20gc3Bhbi5ia21TdGFyIHsKZGlzcGxheTogaW5saW5lLWJsb2NrICFpbXBvcnRhbnQ7CndpZHRoOjM0NXB4ICFpbXBvcnRhbnQ7CmhlaWdodDozMTBweCAhaW1wb3J0YW50OwptYXJnaW46MHB4IDBweCAxMHB4IDBweCAhaW1wb3J0YW50OwpiYWNrZ3JvdW5kOiB1cmwoImh0dHA6Ly9pbWFnZS5yYWt1dGVuLmNvLmpwL2JidG93bi9jYWJpbmV0L3ItdG9wMi9va2luaWlyaV9pdGVtLmdpZiIpIG5vLXJlcGVhdCAhaW1wb3J0YW50Owp9CgovKiDjgYrmsJfjgavlhaXjgorjgrfjg6fjg4Pjg5flt67jgZfmm7/jgYjjgr/jgrAgKi8KZGl2LmJvb2ttYXJrQXJlYSB7CndpZHRoOjMzNXB4ICFpbXBvcnRhbnQ7Cn0KI3Jha3V0ZW5MaW1pdGVkSWRfYXJvdW5kQ2FydCBkaXYuc2hvcEJvb2ttYXJrQXJlYSBkaXYuc2hvcEJrbSB7CndpZHRoOjMzNXB4ICFpbXBvcnRhbnQ7CmhlaWdodDo2N3B4ICFpbXBvcnRhbnQ7CnBhZGRpbmc6IDBweCAwcHggIWltcG9ydGFudDsKcGFkZGluZy1sZWZ0OiAwcHggIWltcG9ydGFudDsKfQojcmFrdXRlbkxpbWl0ZWRJZF9hcm91bmRDYXJ0IGRpdi5zaG9wQm9va21hcmtBcmVhIGRpdi5zaG9wQmttIGEuYWRkU2hvcEJrbSBzcGFuLnNob3BCa21TdGFyIHsKZGlzcGxheTogaW5saW5lLWJsb2NrICFpbXBvcnRhbnQ7CndpZHRoOjMzNXB4ICFpbXBvcnRhbnQ7CmhlaWdodDo2N3B4ICFpbXBvcnRhbnQ7Cm1hcmdpbi1yaWdodDogMHB4ICFpbXBvcnRhbnQ7CmJhY2tncm91bmQ6IHVybCgiaHR0cDovL2ltYWdlLnJha3V0ZW4uY28uanAvYmJ0b3duL2NhYmluZXQvci10b3AyL29raW5paXJpX3Nob3AuZ2lmIikgbm8tcmVwZWF0ICFpbXBvcnRhbnQ7Cn0KCjwvc3R5bGU+CjwhLS0vKuiyt+OBhOeJqeOBi+OBlOS4iuODnOOCv+ODsyovCgoKc3Bhbi51bml0IHsgYmFja2dyb3VuZDogdXJsKGh0dHA6Ly9pbWFnZS5yYWt1dGVuLmNvLmpwL2JidG93bi9jYWJpbmV0L3ItdG9wMi9rYWdvX3NvdXJ5b3UyLmdpZikgbm8tcmVwZWF0IGxlZnQgdG9wOyB0ZXh0LWluZGVudDoKLTk5OTk7IGRpc3BsYXk6IGJsb2NrOyB3aWR0aDogMzM1OyBoZWlnaHQ6IDY4OyBtYXJnaW46MTVweCAwOyB9Ci0tPgo8Y2VudGVyPgo8aW1nIHNyYz0iaHR0cDovL2ltYWdlLnJha3V0ZW4uY28uanAvYmJ0b3duL2NhYmluZXQvci10b3AyL3NpemVfaW1nLmdpZiIgYm9yZGVyPSIwIj48YnI+PGJyPgoKPCEtLTIwamnjgZPjgZPjgYvjgokgLS0+CjwhLS08dGFibGUgd2lkdGg9IjczMSI+Cjx0ciBhbGlnbj0iY2VudGVyIj4gPHRkIGJnY29sb3I9IiNjYzAwMDAiIGNvbHNwYW49IjMiPjxpbWcgc3JjPSJodHRwOi8vaW1hZ2UucmFrdXRlbi5jby5qcC9iYnRvd24vY2FiaW5ldC9yLXRvcDIvMjBqaV83MzEuZ2lmIiB3aWR0aD0iNzMxIiBoZWlnaHQ9IjY5Ij48L3RkPjwvdHI+CjwvdGFibGU+PGJyPiAtLT4KPCEtLTxpbWcgc3JjPSJodHRwOi8vaW1hZ2UucmFrdXRlbi5jby5qcC9iYnRvd24vY2FiaW5ldC9yLXRvcDIvMjBqaV83MzEuZ2lmIiB3aWR0aD0iNzMxIiBoZWlnaHQ9IjgyIj48YnI+CjxCUj4tLT4KPCEtLTIwamnjgZPjgZPjgb7jgacgLS0+CjwhLS3jgqvjg4bjgrTjg6rjgZPjgZPjgYvjgokgLS0+Cjxicj48YnI+PGJyPgo8YnI+Cgo8IS0t44Kr44OG44K044Oq44GT44GT44G+44GnIC0tPgo8IS0t44Oh44Or44Oe44Ks44O7RkFDRUJPT0vnmbvpjLLjgZPjgZPjgYvjgokgLS0+Cjx0YWJsZSB3aWR0aD0iNzI5IiBib3JkZXI9IjAiPgo8dHIgYWxpZ249ImNlbnRlciI+IAo8dGQgYmdjb2xvcj0iI2ZmZmZmZiI+IAo8aW1nIHNyYz0iaHR0cDovL2ltYWdlLnJha3V0ZW4uY28uanAvYmJ0b3duL2NhYmluZXQvci10b3AyL21haWxfc21hLmdpZiIgd2lkdGg9IjM1MCIgaGVpZ2h0PSIxMDAiIGFsdD0i44Oh44Or44Oe44Ks55m76YyyIj48L3RkPgo8dGQgYmdjb2xvcj0iI2ZmZmZmZiI+IAo8aW1nIHNyYz0iaHR0cDovL2ltYWdlLnJha3V0ZW4uY28uanAvYmJ0b3duL2NhYmluZXQvci10b3AyL2ZhY2VfcGMuZ2lmIiB3aWR0aD0iMzUwIiBoZWlnaHQ9IjEwMCIgYWx0PSLjg6Hjg6vjg57jgqznmbvpjLIiPjwvdGQ+CjwvdHI+CjwvdGFibGU+PGJyPgo8IS0t44Oh44Or44Oe44Ks44O7RkFDRUJPT0vnmbvpjLLjgZPjgZPjgb7jgacgLS0+Cgo8L2NlbnRlcj4KCjwhLS0g44Gp44GT44Gn44KC44OV44Oq44O844K544Oa44O844K5cyAtLT4KPGxpbmsgaHJlZj0iaHR0cDovL3d3dy5yYWt1dGVuLm5lLmpwL2dvbGQvYmJ0b3duL2VjdG9vbC9hbGxfc3R5bGUuY3NzIiByZWw9InN0eWxlc2hlZXQiIHR5cGU9InRleHQvY3NzIj4KPCEtLSDjganjgZPjgafjgoLjg5Xjg6rjg7zjgrnjg5rjg7zjgrllIC0tPg==,MjDvvIVPRkYg5pyA5aSnMTDvvIXlvJXjgq/jg7zjg53jg7Mg44ON44Kz44Od44K55Y+vIOOCouOCt+ODg+OCr+OCuSBhc2ljcyDph47nkIPnlKjlk4Eg44OL44O844OR44OD44OJIOOBsuOBluijnOW8t+eUqCDkuIDoiKznlKggQkFRODAwIOWPluWvhCDniLbjga7ml6Ug44OX44Os44K844Oz44OI77ya6YeO55CD55So5ZOB44OZ44O844K544Oc44O844Or44K/44Km44Oz,6YeO55CD55So5ZOB44Of44K644OO6YeO55CD44Kw44Ot44O844OW44OQ44OD44OI44Ki44K344OD44Kv44K5U1NLTklLReOCvOODg+ODiOOCueODkeOCpOOCr+OCsOODreODvOODluOCsOODqeODlue3tOe/kuedgOa/gOWuieOCouOCpuODiOODrOODg+ODiOODnOODvOODq+OCouODs+ODgOODvOOCt+ODo+ODhOi2heeJueS+oeOCsOODqeOCs+ODs+OCsOODqeODs+ODieOCs+ODvOODiOmYsuWvkjIw77yFT0ZGIOacgOWkpzEw77yF5byV44Kv44O844Od44OzIOODjeOCs+ODneOCueWPryDjgqLjgrfjg4Pjgq/jgrkgYXNpY3Mg6YeO55CD55So5ZOBIOODi+ODvOODkeODg+ODiSDjgbLjgZboo5zlvLfnlKgg5LiA6Iis55SoIEJBUTgwMCDlj5blr4Qg54i244Gu5pelIOODl+ODrOOCvOODs+ODiA==,5L2V54K544Gn44KC44ON44Kz44Od44K5Mjkw5YaGIDY0ODDlhobku6XkuIrjgafpgIHmlpnnhKHmlpnvvIHjgIIyMO+8hU9GRiDmnIDlpKcxMO+8heW8leOCr+ODvOODneODsyDjg43jgrPjg53jgrnlj68g44Ki44K344OD44Kv44K5IGFzaWNzIOmHjueQg+eUqOWTgSDjg4vjg7zjg5Hjg4Pjg4kg44Gy44GW6KOc5by355SoIOS4gOiIrOeUqCBCQVE4MDAg5Y+W5a+EIOeItuOBruaXpSDjg5fjg6zjgrzjg7Pjg4g=[rn]
25-79890,aHR0cDovL3RzaG9wLnIxMHMuanAvYmJ0b3duL2NhYmluZXQvYzIwMTRfMDEvYmFxODAxLmpwZz9maXRpbj03MDA6NzAw,NjIxLjYwMDA=,,44K544Od44O844OE44O744Ki44Km44OI44OJ44KiID4g6YeO55CD44O744K944OV44OI44Oc44O844OrID4g44Km44Kn44KiID4g56u25oqA55So44Om44OL44OV44Kp44O844Og,MjDvvIVPRkYg5pyA5aSnMTDvvIXlvJXjgq/jg7zjg53jg7Mg44Ki44K344OD44Kv44K5IGFzaWNzIOmHjueQg+eUqOWTgSDjg5Ljg4Pjg5fjg5Hjg4Pjg4kg5bC76KOc5by355SoIOS4gOiIrOeUqCBCQVE4MDEg54i244Gu5pelIOODl+ODrOOCvOODs+ODiA==,6YCB5paZNDkw5YaG77yB,PCEtLSBTU+OCqOODs+ODiOODquODvFBDLXMgLS0+PCEtLSAKPGZvbnQgY29sb3I9IiNmZjAwMDAiIHNpemU9IjQiPuKGk+OCqOODs+ODiOODquODvOOBruOBiuW/mOOCjOOBr+OBguOCiuOBvuOBm+OCk+OBi++8n+KGkzwvZm9udD48YnI+CjxpbWcgc3JjPSJodHRwOi8vaW1hZ2UucmFrdXRlbi5jby5qcC9iYnRvd24vY2FiaW5ldC9zczEyMDJiYW5uZXIvcmFrdXRlbl90dWxlXzEyMDVzcy5qcGciIGJvcmRlcj0iMCIgd2lkdGg9IjM1MCI+PGJyPgogLS0+PCEtLSBTU+OCqOODs+ODiOODquODvFBDLWUgLS0+Cjxicj4KPCEtLSDjg6njg4Pjg5Tjg7PjgrDoqpjlsI4tcyAtLT4KIDxmb250IGNvbG9yPSIjZmYwMDAwIiBzaXplPSI0Ij7ihpPjg6njg4Pjg5Tjg7PjgrAoMjcw5YaGL+eojui+vCnjga7jgZTms6jmlofjga/jgrPjg4Hjg6nihpM8L2ZvbnQ+PGJyPgo8aW1nIHNyYz0iaHR0cDovL2ltYWdlLnJha3V0ZW4uY28uanAvYmJ0b3duL2NhYmluZXQvci10b3AyL3dyYXBwaW5nXzYxNl8xLmpwZyIgYm9yZGVyPSIwIiB3aWR0aD0iMzUwIj48YnI+CjwhLS0g44Op44OD44OU44Oz44Kw6KqY5bCOLWUgLS0+Cjxicj4KPCEtLSDjgq7jg5Xjg4jplqLpgKPmpJzntKLjg6/jg7zjg4ktcyAtLT4KIOOAkOaknOe0ouODr+ODvOODie+8muODqeODg+ODlOODs+OCsCDotIjjgorjgoLjga4g6LSI44KK54mpIOi0iOeJqSDotIjnrZTlk4Eg44OX44Os44K844Oz44OIIOOCruODleODiCDjgYrnpZ3jgYQg6KiY5b+15ZOBIOWNkualrSDljZLlm6PjgJEgCjwhLS0g44Ku44OV44OI6Zai6YCj5qSc57Si44Ov44O844OJLXMgLS0+Cgo8YnI+PCEtLeOBiuiyt+OBhOeJqeOCrOOCpOODieOBk+OBk+OBi+OCiSAtLT4KPGltZyBzcmM9Imh0dHBzOi8vaW1hZ2UucmFrdXRlbi5jby5qcC9iYnRvd24vY2FiaW5ldC9yLXRvcDMvcGNfY2FydF8wNTMwLmdpZiIgYm9yZGVyPSIwIiB3aWR0aD0iNDAwIj48YnI+Cgo8IS0t44GK6LK344GE54mp44Ks44Kk44OJ44GT44GT44G+44GnIC0tPgo8IS0tIGV2aS1zIC0tPuKYheODoeODvOOCq+ODvOW4jOacm+Wwj+WjsuS+oeagvOOBr+ODoeODvOOCq+ODvOOCq+OCv+ODreOCsOOBq+WfuuOBpeOBhOOBpuaOsui8ieOBl+OBpuOBhOOBvuOBmTxCUj48QlI+PCEtLSBldmktZSAtLT48IS0tIGFyZWEwIEIgLS0+CjwhLS0gYXJlYTAgRSAtLT4KPHRhYmxlIGJvcmRlcj0iMCIgd2lkdGg9IjcwMCIgY2VsbHBhZGRpbmc9IjIiIGNlbGxzcGFjaW5nPSIwIj4KICA8dHI+CiAgICA8dGQgYWxpZ249ImxlZnQiPgogICAgICA8dGFibGUgY2VsbHBhZGRpbmc9IjEiIHdpZHRoPSIxMDAlIj4KICAgICAgICA8dHI+CiAgICAgICAgICA8dGQgdmFsaWduPSJ0b3AiIGFsaWduPSJsZWZ0Ij4KICAgICAgICAgICAgPHRhYmxlIGJvcmRlcj0iMCIgY2VsbHBhZGRpbmc9IjQiIGNlbGxzcGFjaW5nPSIwIiB3aWR0aD0iOTUlIj4KICAgICAgICAgICAgICA8dHI+CiAgICAgICAgICAgICAgICA8dGQgYmdjb2xvcj0iIzAwMDA5OSI+PGI+PGZvbnQgY29sb3I9IiNmZmZmZmYiIHNpemU9IjIiPuWVhuWTgeiqrOaYjjwvZm9udD48L2I+PC90ZD4KICAgICAgICAgICAgICA8L3RyPgogICAgICAgICAgICAgIDwhLS0gYXJlYTEgQiAtLT4KICAgICAgICAgICAgICA8dHI+CiAgICAgICAgICAgICAgICA8dGQ+PGRpdiBjbGFzcz0idGV4dDIiIGFsaWduPSJsZWZ0Ij48Zm9udCBzaXplPSIyIiBjb2xvcj0iIzAwMDA5OSI+PC9mb250PjwvZGl2PjwvdGQ+CiAgICAgICAgICAgICAgPC90cj4KICAgICAgICAgICAgICA8IS0tIGFyZWExIEUgLS0+CiAgICAgICAgICAgICAgPCEtLSBhcmVhMiBCIC0tPgogICAgICAgICAgICAgIDx0cj4KICAgICAgICAgICAgICAgIDx0ZCBhbGlnbj0ibGVmdCI+PGZvbnQgc2l6ZT0iMiI+CiAgICAgICAgICAgICAgICAgIOKXj+e0oOadkO+8muihqDoo44Od44Oq44Ko44K544OG44OrOTXvvIXjg7vjgq3jg6Xjg5fjg6k177yFKQrkuK06KOODneODquOCpuODrOOCv+ODsykK6KOPOijjg53jg6rjgqjjgrnjg4bjg6sxMDDvvIUpPGJyPgril4/jgqvjg6njg7zvvJooMDEp44Ob44Ov44Kk44OI44CBKDAyKeOCouOCpOODnOODquOAgSgxMClTL+OCsOODrOODvDxicj4K4peP44K144Kk44K677yaRjxicj4K4peP6YeO55CD55So5ZOB44CB44Ki44K344OD44Kv44K544OZ44O844K544Oc44O844Or44CBYXNpY3MKICAgICAgICAgICAgICAgIDwvZm9udD48L3RkPgogICAgICAgICAgICAgIDwvdHI+CiAgICAgICAgICAgICAgPCEtLSBhcmVhMiBFIC0tPgogICAgICAgICAgICAgIDwhLS0gYXJlYTMgQiAtLT4KICAgICAgICAgICAgICA8IS0tIGFyZWEzIEUgLS0+CiAgICAgICAgICAgIDwvdGFibGU+CiAgICAgICAgICA8L3RkPgogICAgICAgIDwvdHI+CiAgICAgIDwvdGFibGU+CiAgICA8L3RkPgogIDwvdHI+CjwvdGFibGU+PHN0eWxlIHR5cGU9InRleHQvY3NzIj4KPCEtLQoKc3Bhbi5jYXRjaF9jb3B5LApzcGFuLml0ZW1fbmFtZSB7CiAgbGluZS1oZWlnaHQ6IDE4MCU7Cn0KCgovKiDllYblk4HlkI3kuIvjgavlooPnlYznt5rjgYzlhaXjgosgKi8Kc3Bhbi5pdGVtX25hbWUgewogICAgZGlzcGxheTogYmxvY2s7CiAgICBib3JkZXItYm90dG9tOiAycHggZG90dGVkICNkZGQ7CiAgICBwYWRkaW5nLWJvdHRvbTogOHB4Owp9CgovKiDkvqHmoLzjgavmnqDnt5rjgYzjgaTjgY8gKi8KdGFibGUjcmFrdXRlbkxpbWl0ZWRJZF9jYXJ0IHsKICAgIGJhY2tncm91bmQtY29sb3I6ICNmOGY4Zjg7CiAgICBib3JkZXI6IDFweCBzb2xpZCAjZGRkOwogICAgcGFkZGluZzogOHB4OwogICAgbWFyZ2luOiAxNnB4IDA7Cn0KCnNwYW4ucHJpY2UxIHsKICAgIGNvbG9yOiAjMzMzICFpbXBvcnRhbnQ7CiAgICBmb250LXdlaWdodDogYm9sZDsKICAgIGZvbnQtc2l6ZTogODAlICFpbXBvcnRhbnQ7CiAgICBsaW5lLWhlaWdodDogMzBweDsKICAgIGRpc3BsYXk6IGlubGluZS1ibG9jazsKICAgIG1hcmdpbi1yaWdodDogMTZweDsKfQoKLS0+Cjwvc3R5bGU+CjxzdHlsZSB0eXBlPSJ0ZXh0L2NzcyI+Ci8q6LK344GE54mp44GL44GU44Gr5YWl44KM44KL44Oc44K/44OzKi8KI3Jha3V0ZW5MaW1pdGVkSWRfYXJvdW5kQ2FydCBpbnB1dFt2YWx1ZT0i6LK344GE54mp44GL44GU44Gr5YWl44KM44KLIl17CmJhY2tncm91bmQ6IHVybCgiaHR0cDovL2ltYWdlLnJha3V0ZW4uY28uanAvYmJ0b3duL2NhYmluZXQvci10b3AyL2NhcnQuZ2lmIikgbGVmdCB0b3Agbm8tcmVwZWF0Owp3aWR0aDozMzZweDsKaGVpZ2h0OjY3cHg7CnRleHQtaW5kZW50OjEwMCU7CndoaXRlLXNwYWNlOm5vd3JhcDsKb3ZlcmZsb3c6aGlkZGVuOwpib3JkZXI6IG5vbmU7CnBhZGRpbmc6MDsKbWFyZ2luLXRvcDo1cHggMDsKY3Vyc29yOnBvaW50ZXI7Cn0KI3Jha3V0ZW5MaW1pdGVkSWRfYXJvdW5kQ2FydCB0Ym9keSB0ciB0ZCBpbnB1dDpob3ZlcnsKYWxwaGEob3BhY2l0eT04KTsKLW1vei1vcGFjaXR5OjAuODsKb3BhY2l0eTowLjg7CmN1cnNvcjpwb2ludGVyOwp9Cjwvc3R5bGU+Cgo8c3R5bGUgdHlwZT0idGV4dC9jc3MiPgoKLyog44GK5rCX44Gr5YWl44KK5ZWG5ZOB5beu44GX5pu/44GI44K/44KwICovCiNyYWt1dGVuTGltaXRlZElkX2Fyb3VuZENhcnQgI3NlcnZpY2VUYWJsZVNtbCB0ZC5mYXZvcml0ZSB7CnBhZGRpbmctdG9wOiA1cHg7Cn0KI3Jha3V0ZW5MaW1pdGVkSWRfYXJvdW5kQ2FydCBkaXYuYm9va21hcmtBcmVhIGRpdi5ia20gewp3aWR0aDozNDVweCAhaW1wb3J0YW50OwpoZWlnaHQ6MzEwcHggIWltcG9ydGFudDsKcGFkZGluZzogMHB4IDBweCAxMHB4IDBweCAhaW1wb3J0YW50Owp9CiNyYWt1dGVuTGltaXRlZElkX2Fyb3VuZENhcnQgZGl2LmJvb2ttYXJrQXJlYSBkaXYuYmttIGEuYWRkQmttIHsKd2lkdGg6MzQ1cHggIWltcG9ydGFudDsKaGVpZ2h0OjMxMHB4ICFpbXBvcnRhbnQ7Cn0KI3Jha3V0ZW5MaW1pdGVkSWRfYXJvdW5kQ2FydCBkaXYuYm9va21hcmtBcmVhIGRpdi5ia20gYS5hZGRCa20gc3Bhbi5ia21TdGFyIHsKZGlzcGxheTogaW5saW5lLWJsb2NrICFpbXBvcnRhbnQ7CndpZHRoOjM0NXB4ICFpbXBvcnRhbnQ7CmhlaWdodDozMTBweCAhaW1wb3J0YW50OwptYXJnaW46MHB4IDBweCAxMHB4IDBweCAhaW1wb3J0YW50OwpiYWNrZ3JvdW5kOiB1cmwoImh0dHA6Ly9pbWFnZS5yYWt1dGVuLmNvLmpwL2JidG93bi9jYWJpbmV0L3ItdG9wMi9va2luaWlyaV9pdGVtLmdpZiIpIG5vLXJlcGVhdCAhaW1wb3J0YW50Owp9CgovKiDjgYrmsJfjgavlhaXjgorjgrfjg6fjg4Pjg5flt67jgZfmm7/jgYjjgr/jgrAgKi8KZGl2LmJvb2ttYXJrQXJlYSB7CndpZHRoOjMzNXB4ICFpbXBvcnRhbnQ7Cn0KI3Jha3V0ZW5MaW1pdGVkSWRfYXJvdW5kQ2FydCBkaXYuc2hvcEJvb2ttYXJrQXJlYSBkaXYuc2hvcEJrbSB7CndpZHRoOjMzNXB4ICFpbXBvcnRhbnQ7CmhlaWdodDo2N3B4ICFpbXBvcnRhbnQ7CnBhZGRpbmc6IDBweCAwcHggIWltcG9ydGFudDsKcGFkZGluZy1sZWZ0OiAwcHggIWltcG9ydGFudDsKfQojcmFrdXRlbkxpbWl0ZWRJZF9hcm91bmRDYXJ0IGRpdi5zaG9wQm9va21hcmtBcmVhIGRpdi5zaG9wQmttIGEuYWRkU2hvcEJrbSBzcGFuLnNob3BCa21TdGFyIHsKZGlzcGxheTogaW5saW5lLWJsb2NrICFpbXBvcnRhbnQ7CndpZHRoOjMzNXB4ICFpbXBvcnRhbnQ7CmhlaWdodDo2N3B4ICFpbXBvcnRhbnQ7Cm1hcmdpbi1yaWdodDogMHB4ICFpbXBvcnRhbnQ7CmJhY2tncm91bmQ6IHVybCgiaHR0cDovL2ltYWdlLnJha3V0ZW4uY28uanAvYmJ0b3duL2NhYmluZXQvci10b3AyL29raW5paXJpX3Nob3AuZ2lmIikgbm8tcmVwZWF0ICFpbXBvcnRhbnQ7Cn0KCjwvc3R5bGU+CjwhLS0vKuiyt+OBhOeJqeOBi+OBlOS4iuODnOOCv+ODsyovCgoKc3Bhbi51bml0IHsgYmFja2dyb3VuZDogdXJsKGh0dHA6Ly9pbWFnZS5yYWt1dGVuLmNvLmpwL2JidG93bi9jYWJpbmV0L3ItdG9wMi9rYWdvX3NvdXJ5b3UyLmdpZikgbm8tcmVwZWF0IGxlZnQgdG9wOyB0ZXh0LWluZGVudDoKLTk5OTk7IGRpc3BsYXk6IGJsb2NrOyB3aWR0aDogMzM1OyBoZWlnaHQ6IDY4OyBtYXJnaW46MTVweCAwOyB9Ci0tPgo8Y2VudGVyPgo8aW1nIHNyYz0iaHR0cDovL2ltYWdlLnJha3V0ZW4uY28uanAvYmJ0b3duL2NhYmluZXQvci10b3AyL3NpemVfaW1nLmdpZiIgYm9yZGVyPSIwIj48YnI+PGJyPgoKPCEtLTIwamnjgZPjgZPjgYvjgokgLS0+CjwhLS08dGFibGUgd2lkdGg9IjczMSI+Cjx0ciBhbGlnbj0iY2VudGVyIj4gPHRkIGJnY29sb3I9IiNjYzAwMDAiIGNvbHNwYW49IjMiPjxpbWcgc3JjPSJodHRwOi8vaW1hZ2UucmFrdXRlbi5jby5qcC9iYnRvd24vY2FiaW5ldC9yLXRvcDIvMjBqaV83MzEuZ2lmIiB3aWR0aD0iNzMxIiBoZWlnaHQ9IjY5Ij48L3RkPjwvdHI+CjwvdGFibGU+PGJyPiAtLT4KPCEtLTxpbWcgc3JjPSJodHRwOi8vaW1hZ2UucmFrdXRlbi5jby5qcC9iYnRvd24vY2FiaW5ldC9yLXRvcDIvMjBqaV83MzEuZ2lmIiB3aWR0aD0iNzMxIiBoZWlnaHQ9IjgyIj48YnI+CjxCUj4tLT4KPCEtLTIwamnjgZPjgZPjgb7jgacgLS0+CjwhLS3jgqvjg4bjgrTjg6rjgZPjgZPjgYvjgokgLS0+Cjxicj48YnI+PGJyPgo8YnI+Cgo8IS0t44Kr44OG44K044Oq44GT44GT44G+44GnIC0tPgo8IS0t44Oh44Or44Oe44Ks44O7RkFDRUJPT0vnmbvpjLLjgZPjgZPjgYvjgokgLS0+Cjx0YWJsZSB3aWR0aD0iNzI5IiBib3JkZXI9IjAiPgo8dHIgYWxpZ249ImNlbnRlciI+IAo8dGQgYmdjb2xvcj0iI2ZmZmZmZiI+IAo8aW1nIHNyYz0iaHR0cDovL2ltYWdlLnJha3V0ZW4uY28uanAvYmJ0b3duL2NhYmluZXQvci10b3AyL21haWxfc21hLmdpZiIgd2lkdGg9IjM1MCIgaGVpZ2h0PSIxMDAiIGFsdD0i44Oh44Or44Oe44Ks55m76YyyIj48L3RkPgo8dGQgYmdjb2xvcj0iI2ZmZmZmZiI+IAo8aW1nIHNyYz0iaHR0cDovL2ltYWdlLnJha3V0ZW4uY28uanAvYmJ0b3duL2NhYmluZXQvci10b3AyL2ZhY2VfcGMuZ2lmIiB3aWR0aD0iMzUwIiBoZWlnaHQ9IjEwMCIgYWx0PSLjg6Hjg6vjg57jgqznmbvpjLIiPjwvdGQ+CjwvdHI+CjwvdGFibGU+PGJyPgo8IS0t44Oh44Or44Oe44Ks44O7RkFDRUJPT0vnmbvpjLLjgZPjgZPjgb7jgacgLS0+Cgo8L2NlbnRlcj4KCjwhLS0g44Gp44GT44Gn44KC44OV44Oq44O844K544Oa44O844K5cyAtLT4KPGxpbmsgaHJlZj0iaHR0cDovL3d3dy5yYWt1dGVuLm5lLmpwL2dvbGQvYmJ0b3duL2VjdG9vbC9hbGxfc3R5bGUuY3NzIiByZWw9InN0eWxlc2hlZXQiIHR5cGU9InRleHQvY3NzIj4KPCEtLSDjganjgZPjgafjgoLjg5Xjg6rjg7zjgrnjg5rjg7zjgrllIC0tPg==,MjDvvIVPRkYg5pyA5aSnMTDvvIXlvJXjgq/jg7zjg53jg7Mg44Ki44K344OD44Kv44K5IGFzaWNzIOmHjueQg+eUqOWTgSDjg5Ljg4Pjg5fjg5Hjg4Pjg4kg5bC76KOc5by355SoIOS4gOiIrOeUqCBCQVE4MDEg54i244Gu5pelIOODl+ODrOOCvOODs+ODiO+8mumHjueQg+eUqOWTgeODmeODvOOCueODnOODvOODq+OCv+OCpuODsw==,6YeO55CD55So5ZOB44Of44K644OO6YeO55CD44Kw44Ot44O844OW44OQ44OD44OI44Ki44K344OD44Kv44K5U1NLTklLReOCvOODg+ODiOOCueODkeOCpOOCr+OCsOODreODvOODluOCsOODqeODlue3tOe/kuedgOa/gOWuieOCouOCpuODiOODrOODg+ODiOODnOODvOODq+OCouODs+ODgOODvOOCt+ODo+ODhOi2heeJueS+oeOCsOODqeOCs+ODs+OCsOODqeODs+ODieOCs+ODvOODiOmYsuWvkjIw77yFT0ZGIOacgOWkpzEw77yF5byV44Kv44O844Od44OzIOOCouOCt+ODg+OCr+OCuSBhc2ljcyDph47nkIPnlKjlk4Eg44OS44OD44OX44OR44OD44OJIOWwu+ijnOW8t+eUqCDkuIDoiKznlKggQkFRODAxIOeItuOBruaXpSDjg5fjg6zjgrzjg7Pjg4g=,6YCB5paZNDkw5YaG77yB44CCMjDvvIVPRkYg5pyA5aSnMTDvvIXlvJXjgq/jg7zjg53jg7Mg44Ki44K344OD44Kv44K5IGFzaWNzIOmHjueQg+eUqOWTgSDjg5Ljg4Pjg5fjg5Hjg4Pjg4kg5bC76KOc5by355SoIOS4gOiIrOeUqCBCQVE4MDEg54i244Gu5pelIOODl+ODrOOCvOODs+ODiA==[rn]
25-79891,aHR0cDovL3RzaG9wLnIxMHMuanAvYmJ0b3duL2NhYmluZXQvYzIwMTRfMDEvYmFxODBqLmpwZz9maXRpbj03MDA6NzAw,NDgzLjIwMDA=,,44K544Od44O844OE44O744Ki44Km44OI44OJ44KiID4g6YeO55CD44O744K944OV44OI44Oc44O844OrID4g44Km44Kn44KiID4g56u25oqA55So44Om44OL44OV44Kp44O844Og,MjDvvIVPRkYg5pyA5aSnMTDvvIXlvJXjgq/jg7zjg53jg7Mg44ON44Kz44Od44K55Y+vIOOCouOCt+ODg+OCr+OCuSBhc2ljcyDph47nkIPnlKjlk4Eg44OL44O844OR44OD44OJIOOBsuOBluijnOW8t+eUqCDjgrjjg6Xjg4vjgqIg5bCR5bm055SoIEJBUTgwSg==,5L2V54K544Gn44KC44ON44Kz44Od44K5Mjkw5YaG,PCEtLSBTU+OCqOODs+ODiOODquODvFBDLXMgLS0+PCEtLSAKPGZvbnQgY29sb3I9IiNmZjAwMDAiIHNpemU9IjQiPuKGk+OCqOODs+ODiOODquODvOOBruOBiuW/mOOCjOOBr+OBguOCiuOBvuOBm+OCk+OBi++8n+KGkzwvZm9udD48YnI+CjxpbWcgc3JjPSJodHRwOi8vaW1hZ2UucmFrdXRlbi5jby5qcC9iYnRvd24vY2FiaW5ldC9zczEyMDJiYW5uZXIvcmFrdXRlbl90dWxlXzEyMDVzcy5qcGciIGJvcmRlcj0iMCIgd2lkdGg9IjM1MCI+PGJyPgogLS0+PCEtLSBTU+OCqOODs+ODiOODquODvFBDLWUgLS0+Cjxicj4KPCEtLSDjg6njg4Pjg5Tjg7PjgrDoqpjlsI4tcyAtLT4KIDxmb250IGNvbG9yPSIjZmYwMDAwIiBzaXplPSI0Ij7ihpPjg6njg4Pjg5Tjg7PjgrAoMjcw5YaGL+eojui+vCnjga7jgZTms6jmlofjga/jgrPjg4Hjg6nihpM8L2ZvbnQ+PGJyPgo8aW1nIHNyYz0iaHR0cDovL2ltYWdlLnJha3V0ZW4uY28uanAvYmJ0b3duL2NhYmluZXQvci10b3AyL3dyYXBwaW5nXzYxNl8xLmpwZyIgYm9yZGVyPSIwIiB3aWR0aD0iMzUwIj48YnI+CjwhLS0g44Op44OD44OU44Oz44Kw6KqY5bCOLWUgLS0+Cjxicj4KPCEtLSDjgq7jg5Xjg4jplqLpgKPmpJzntKLjg6/jg7zjg4ktcyAtLT4KIOOAkOaknOe0ouODr+ODvOODie+8muODqeODg+ODlOODs+OCsCDotIjjgorjgoLjga4g6LSI44KK54mpIOi0iOeJqSDotIjnrZTlk4Eg44OX44Os44K844Oz44OIIOOCruODleODiCDjgYrnpZ3jgYQg6KiY5b+15ZOBIOWNkualrSDljZLlm6PjgJEgCjwhLS0g44Ku44OV44OI6Zai6YCj5qSc57Si44Ov44O844OJLXMgLS0+Cgo8YnI+PCEtLeOBiuiyt+OBhOeJqeOCrOOCpOODieOBk+OBk+OBi+OCiSAtLT4KPGltZyBzcmM9Imh0dHBzOi8vaW1hZ2UucmFrdXRlbi5jby5qcC9iYnRvd24vY2FiaW5ldC9yLXRvcDMvcGNfY2FydF8wNTMwLmdpZiIgYm9yZGVyPSIwIiB3aWR0aD0iNDAwIj48YnI+Cgo8IS0t44GK6LK344GE54mp44Ks44Kk44OJ44GT44GT44G+44GnIC0tPgo8IS0tIGV2aS1zIC0tPuODoeODvOOCq+ODvOW4jOacm+Wwj+WjsuS+oeagvOOBr+ODoeODvOOCq+ODvOOCq+OCv+ODreOCsOOBq+WfuuOBpeOBhOOBpuaOsui8ieOBl+OBpuOBhOOBvuOBmTxJTUcgc3JjPSJodHRwOi8vaW1hZ2UucmFrdXRlbi5jby5qcC9zcG8tYmJ0L2NhYmluZXQvZXZpZGVuY2UvZXZpZGVuY2VfYXNpLWJhcTgwai5qcGciIGJvcmRlcj0iMCI+PEJSPjxCUj48IS0tIGV2aS1lIC0tPgo8dGFibGUgYm9yZGVyPSIwIiB3aWR0aD0iNzAwIiBjZWxscGFkZGluZz0iMiIgY2VsbHNwYWNpbmc9IjAiPgogIDx0cj4KICAgIDx0ZCBhbGlnbj0ibGVmdCI+CiAgICAgIDx0YWJsZSBjZWxscGFkZGluZz0iMSIgd2lkdGg9IjEwMCUiPgogICAgICAgIDx0cj4KICAgICAgICAgIDx0ZCB2YWxpZ249InRvcCIgYWxpZ249ImxlZnQiPgogICAgICAgICAgICA8dGFibGUgYm9yZGVyPSIwIiBjZWxscGFkZGluZz0iNCIgY2VsbHNwYWNpbmc9IjAiIHdpZHRoPSI5NSUiPgogICAgICAgICAgICAgIDx0cj4KICAgICAgICAgICAgICAgIDx0ZCBiZ2NvbG9yPSIjMDAwMDk5Ij48Yj48Zm9udCBjb2xvcj0iI2ZmZmZmZiIgc2l6ZT0iMiI+5ZWG5ZOB6Kqs5piOPC9mb250PjwvYj48L3RkPgogICAgICAgICAgICAgIDwvdHI+CiAgICAgICAgICAgICAgPCEtLSBhcmVhMSBCIC0tPgogICAgICAgICAgICAgIDx0cj4KICAgICAgICAgICAgICAgIDx0ZD48ZGl2IGNsYXNzPSJ0ZXh0MiIgYWxpZ249ImxlZnQiPjxmb250IHNpemU9IjIiIGNvbG9yPSIjMDAwMDk5Ij48L2ZvbnQ+PC9kaXY+PC90ZD4KICAgICAgICAgICAgICA8L3RyPgogICAgICAgICAgICAgIDwhLS0gYXJlYTEgRSAtLT4KICAgICAgICAgICAgICA8IS0tIGFyZWEyIEIgLS0+CiAgICAgICAgICAgICAgPHRyPgogICAgICAgICAgICAgICAgPHRkIGFsaWduPSJsZWZ0Ij48Zm9udCBzaXplPSIyIj4KICAgICAgICAgICAgICAgICAg4peP57Sg5p2Q77ya6KGoOijjg53jg6rjgqjjgrnjg4bjg6s5Ne+8heODu+OCreODpeODl+ODqTXvvIUpCuS4rToo44Od44Oq44Km44Os44K/44OzKQroo486KOODneODquOCqOOCueODhuODqzEwMO+8hSk8YnI+CuKXj+OCq+ODqeODvO+8migwMSnjg5vjg6/jgqTjg4jjgIEoMDIp44Ki44Kk44Oc44Oq44CBKDEwKVMv44Kw44Os44O8PGJyPgril4/jgrXjgqTjgrrvvJpGPGJyPgril4/ph47nkIPnlKjlk4HjgIHjgqLjgrfjg4Pjgq/jgrnjg5njg7zjgrnjg5zjg7zjg6vjgIFhc2ljc+OAgeOCuOODpeODi+OCoueUqOOAgeOBsuOBluOAgeODkuOCtuOAgeiGneOAgeOBl+OCiuOAgeWwu+OAgeODkeODg+ODiAogICAgICAgICAgICAgICAgPC9mb250PjwvdGQ+CiAgICAgICAgICAgICAgPC90cj4KICAgICAgICAgICAgICA8IS0tIGFyZWEyIEUgLS0+CiAgICAgICAgICAgICAgPCEtLSBhcmVhMyBCIC0tPgogICAgICAgICAgICAgIDwhLS0gYXJlYTMgRSAtLT4KICAgICAgICAgICAgPC90YWJsZT4KICAgICAgICAgIDwvdGQ+CiAgICAgICAgPC90cj4KICAgICAgPC90YWJsZT4KICAgIDwvdGQ+CiAgPC90cj4KPC90YWJsZT48c3R5bGUgdHlwZT0idGV4dC9jc3MiPgo8IS0tCgpzcGFuLmNhdGNoX2NvcHksCnNwYW4uaXRlbV9uYW1lIHsKICBsaW5lLWhlaWdodDogMTgwJTsKfQoKCi8qIOWVhuWTgeWQjeS4i+OBq+Wig+eVjOe3muOBjOWFpeOCiyAqLwpzcGFuLml0ZW1fbmFtZSB7CiAgICBkaXNwbGF5OiBibG9jazsKICAgIGJvcmRlci1ib3R0b206IDJweCBkb3R0ZWQgI2RkZDsKICAgIHBhZGRpbmctYm90dG9tOiA4cHg7Cn0KCi8qIOS+oeagvOOBq+aeoOe3muOBjOOBpOOBjyAqLwp0YWJsZSNyYWt1dGVuTGltaXRlZElkX2NhcnQgewogICAgYmFja2dyb3VuZC1jb2xvcjogI2Y4ZjhmODsKICAgIGJvcmRlcjogMXB4IHNvbGlkICNkZGQ7CiAgICBwYWRkaW5nOiA4cHg7CiAgICBtYXJnaW46IDE2cHggMDsKfQoKc3Bhbi5wcmljZTEgewogICAgY29sb3I6ICMzMzMgIWltcG9ydGFudDsKICAgIGZvbnQtd2VpZ2h0OiBib2xkOwogICAgZm9udC1zaXplOiA4MCUgIWltcG9ydGFudDsKICAgIGxpbmUtaGVpZ2h0OiAzMHB4OwogICAgZGlzcGxheTogaW5saW5lLWJsb2NrOwogICAgbWFyZ2luLXJpZ2h0OiAxNnB4Owp9CgotLT4KPC9zdHlsZT4KPHN0eWxlIHR5cGU9InRleHQvY3NzIj4KLyrosrfjgYTnianjgYvjgZTjgavlhaXjgozjgovjg5zjgr/jg7MqLwojcmFrdXRlbkxpbWl0ZWRJZF9hcm91bmRDYXJ0IGlucHV0W3ZhbHVlPSLosrfjgYTnianjgYvjgZTjgavlhaXjgozjgosiXXsKYmFja2dyb3VuZDogdXJsKCJodHRwOi8vaW1hZ2UucmFrdXRlbi5jby5qcC9iYnRvd24vY2FiaW5ldC9yLXRvcDIvY2FydC5naWYiKSBsZWZ0IHRvcCBuby1yZXBlYXQ7CndpZHRoOjMzNnB4OwpoZWlnaHQ6NjdweDsKdGV4dC1pbmRlbnQ6MTAwJTsKd2hpdGUtc3BhY2U6bm93cmFwOwpvdmVyZmxvdzpoaWRkZW47CmJvcmRlcjogbm9uZTsKcGFkZGluZzowOwptYXJnaW4tdG9wOjVweCAwOwpjdXJzb3I6cG9pbnRlcjsKfQojcmFrdXRlbkxpbWl0ZWRJZF9hcm91bmRDYXJ0IHRib2R5IHRyIHRkIGlucHV0OmhvdmVyewphbHBoYShvcGFjaXR5PTgpOwotbW96LW9wYWNpdHk6MC44OwpvcGFjaXR5OjAuODsKY3Vyc29yOnBvaW50ZXI7Cn0KPC9zdHlsZT4KCjxzdHlsZSB0eXBlPSJ0ZXh0L2NzcyI+CgovKiDjgYrmsJfjgavlhaXjgorllYblk4Hlt67jgZfmm7/jgYjjgr/jgrAgKi8KI3Jha3V0ZW5MaW1pdGVkSWRfYXJvdW5kQ2FydCAjc2VydmljZVRhYmxlU21sIHRkLmZhdm9yaXRlIHsKcGFkZGluZy10b3A6IDVweDsKfQojcmFrdXRlbkxpbWl0ZWRJZF9hcm91bmRDYXJ0IGRpdi5ib29rbWFya0FyZWEgZGl2LmJrbSB7CndpZHRoOjM0NXB4ICFpbXBvcnRhbnQ7CmhlaWdodDozMTBweCAhaW1wb3J0YW50OwpwYWRkaW5nOiAwcHggMHB4IDEwcHggMHB4ICFpbXBvcnRhbnQ7Cn0KI3Jha3V0ZW5MaW1pdGVkSWRfYXJvdW5kQ2FydCBkaXYuYm9va21hcmtBcmVhIGRpdi5ia20gYS5hZGRCa20gewp3aWR0aDozNDVweCAhaW1wb3J0YW50OwpoZWlnaHQ6MzEwcHggIWltcG9ydGFudDsKfQojcmFrdXRlbkxpbWl0ZWRJZF9hcm91bmRDYXJ0IGRpdi5ib29rbWFya0FyZWEgZGl2LmJrbSBhLmFkZEJrbSBzcGFuLmJrbVN0YXIgewpkaXNwbGF5OiBpbmxpbmUtYmxvY2sgIWltcG9ydGFudDsKd2lkdGg6MzQ1cHggIWltcG9ydGFudDsKaGVpZ2h0OjMxMHB4ICFpbXBvcnRhbnQ7Cm1hcmdpbjowcHggMHB4IDEwcHggMHB4ICFpbXBvcnRhbnQ7CmJhY2tncm91bmQ6IHVybCgiaHR0cDovL2ltYWdlLnJha3V0ZW4uY28uanAvYmJ0b3duL2NhYmluZXQvci10b3AyL29raW5paXJpX2l0ZW0uZ2lmIikgbm8tcmVwZWF0ICFpbXBvcnRhbnQ7Cn0KCi8qIOOBiuawl+OBq+WFpeOCiuOCt+ODp+ODg+ODl+W3ruOBl+abv+OBiOOCv+OCsCAqLwpkaXYuYm9va21hcmtBcmVhIHsKd2lkdGg6MzM1cHggIWltcG9ydGFudDsKfQojcmFrdXRlbkxpbWl0ZWRJZF9hcm91bmRDYXJ0IGRpdi5zaG9wQm9va21hcmtBcmVhIGRpdi5zaG9wQmttIHsKd2lkdGg6MzM1cHggIWltcG9ydGFudDsKaGVpZ2h0OjY3cHggIWltcG9ydGFudDsKcGFkZGluZzogMHB4IDBweCAhaW1wb3J0YW50OwpwYWRkaW5nLWxlZnQ6IDBweCAhaW1wb3J0YW50Owp9CiNyYWt1dGVuTGltaXRlZElkX2Fyb3VuZENhcnQgZGl2LnNob3BCb29rbWFya0FyZWEgZGl2LnNob3BCa20gYS5hZGRTaG9wQmttIHNwYW4uc2hvcEJrbVN0YXIgewpkaXNwbGF5OiBpbmxpbmUtYmxvY2sgIWltcG9ydGFudDsKd2lkdGg6MzM1cHggIWltcG9ydGFudDsKaGVpZ2h0OjY3cHggIWltcG9ydGFudDsKbWFyZ2luLXJpZ2h0OiAwcHggIWltcG9ydGFudDsKYmFja2dyb3VuZDogdXJsKCJodHRwOi8vaW1hZ2UucmFrdXRlbi5jby5qcC9iYnRvd24vY2FiaW5ldC9yLXRvcDIvb2tpbmlpcmlfc2hvcC5naWYiKSBuby1yZXBlYXQgIWltcG9ydGFudDsKfQoKPC9zdHlsZT4KPCEtLS8q6LK344GE54mp44GL44GU5LiK44Oc44K/44OzKi8KCgpzcGFuLnVuaXQgeyBiYWNrZ3JvdW5kOiB1cmwoaHR0cDovL2ltYWdlLnJha3V0ZW4uY28uanAvYmJ0b3duL2NhYmluZXQvci10b3AyL2thZ29fc291cnlvdTIuZ2lmKSBuby1yZXBlYXQgbGVmdCB0b3A7IHRleHQtaW5kZW50OgotOTk5OTsgZGlzcGxheTogYmxvY2s7IHdpZHRoOiAzMzU7IGhlaWdodDogNjg7IG1hcmdpbjoxNXB4IDA7IH0KLS0+CjxjZW50ZXI+CjxpbWcgc3JjPSJodHRwOi8vaW1hZ2UucmFrdXRlbi5jby5qcC9iYnRvd24vY2FiaW5ldC9yLXRvcDIvc2l6ZV9pbWcuZ2lmIiBib3JkZXI9IjAiPjxicj48YnI+Cgo8IS0tMjBqaeOBk+OBk+OBi+OCiSAtLT4KPCEtLTx0YWJsZSB3aWR0aD0iNzMxIj4KPHRyIGFsaWduPSJjZW50ZXIiPiA8dGQgYmdjb2xvcj0iI2NjMDAwMCIgY29sc3Bhbj0iMyI+PGltZyBzcmM9Imh0dHA6Ly9pbWFnZS5yYWt1dGVuLmNvLmpwL2JidG93bi9jYWJpbmV0L3ItdG9wMi8yMGppXzczMS5naWYiIHdpZHRoPSI3MzEiIGhlaWdodD0iNjkiPjwvdGQ+PC90cj4KPC90YWJsZT48YnI+IC0tPgo8IS0tPGltZyBzcmM9Imh0dHA6Ly9pbWFnZS5yYWt1dGVuLmNvLmpwL2JidG93bi9jYWJpbmV0L3ItdG9wMi8yMGppXzczMS5naWYiIHdpZHRoPSI3MzEiIGhlaWdodD0iODIiPjxicj4KPEJSPi0tPgo8IS0tMjBqaeOBk+OBk+OBvuOBpyAtLT4KPCEtLeOCq+ODhuOCtOODquOBk+OBk+OBi+OCiSAtLT4KPGJyPjxicj48YnI+Cjxicj4KCjwhLS3jgqvjg4bjgrTjg6rjgZPjgZPjgb7jgacgLS0+CjwhLS3jg6Hjg6vjg57jgqzjg7tGQUNFQk9PS+eZu+mMsuOBk+OBk+OBi+OCiSAtLT4KPHRhYmxlIHdpZHRoPSI3MjkiIGJvcmRlcj0iMCI+Cjx0ciBhbGlnbj0iY2VudGVyIj4gCjx0ZCBiZ2NvbG9yPSIjZmZmZmZmIj4gCjxpbWcgc3JjPSJodHRwOi8vaW1hZ2UucmFrdXRlbi5jby5qcC9iYnRvd24vY2FiaW5ldC9yLXRvcDIvbWFpbF9zbWEuZ2lmIiB3aWR0aD0iMzUwIiBoZWlnaHQ9IjEwMCIgYWx0PSLjg6Hjg6vjg57jgqznmbvpjLIiPjwvdGQ+Cjx0ZCBiZ2NvbG9yPSIjZmZmZmZmIj4gCjxpbWcgc3JjPSJodHRwOi8vaW1hZ2UucmFrdXRlbi5jby5qcC9iYnRvd24vY2FiaW5ldC9yLXRvcDIvZmFjZV9wYy5naWYiIHdpZHRoPSIzNTAiIGhlaWdodD0iMTAwIiBhbHQ9IuODoeODq+ODnuOCrOeZu+mMsiI+PC90ZD4KPC90cj4KPC90YWJsZT48YnI+CjwhLS3jg6Hjg6vjg57jgqzjg7tGQUNFQk9PS+eZu+mMsuOBk+OBk+OBvuOBpyAtLT4KCjwvY2VudGVyPgoKPCEtLSDjganjgZPjgafjgoLjg5Xjg6rjg7zjgrnjg5rjg7zjgrlzIC0tPgo8bGluayBocmVmPSJodHRwOi8vd3d3LnJha3V0ZW4ubmUuanAvZ29sZC9iYnRvd24vZWN0b29sL2FsbF9zdHlsZS5jc3MiIHJlbD0ic3R5bGVzaGVldCIgdHlwZT0idGV4dC9jc3MiPgo8IS0tIOOBqeOBk+OBp+OCguODleODquODvOOCueODmuODvOOCuWUgLS0+,MjDvvIVPRkYg5pyA5aSnMTDvvIXlvJXjgq/jg7zjg53jg7Mg44ON44Kz44Od44K55Y+vIOOCouOCt+ODg+OCr+OCuSBhc2ljcyDph47nkIPnlKjlk4Eg44OL44O844OR44OD44OJIOOBsuOBluijnOW8t+eUqCDjgrjjg6Xjg4vjgqIg5bCR5bm055SoIEJBUTgwSu+8mumHjueQg+eUqOWTgeODmeODvOOCueODnOODvOODq+OCv+OCpuODsw==,6YeO55CD55So5ZOB44Of44K644OO6YeO55CD44Kw44Ot44O844OW44OQ44OD44OI44Ki44K344OD44Kv44K5U1NLTklLReOCvOODg+ODiOOCueODkeOCpOOCr+OCsOODreODvOODluOCsOODqeODlue3tOe/kuedgOa/gOWuieOCouOCpuODiOODrOODg+ODiOODnOODvOODq+OCouODs+ODgOODvOOCt+ODo+ODhOi2heeJueS+oeOCsOODqeOCs+ODs+OCsOODqeODs+ODieOCs+ODvOODiOmYsuWvkjIw77yFT0ZGIOacgOWkpzEw77yF5byV44Kv44O844Od44OzIOODjeOCs+ODneOCueWPryDjgqLjgrfjg4Pjgq/jgrkgYXNpY3Mg6YeO55CD55So5ZOBIOODi+ODvOODkeODg+ODiSDjgbLjgZboo5zlvLfnlKgg44K444Ol44OL44KiIOWwkeW5tOeUqCBCQVE4MEo=,5L2V54K544Gn44KC44ON44Kz44Od44K5Mjkw5YaG44CCMjDvvIVPRkYg5pyA5aSnMTDvvIXlvJXjgq/jg7zjg53jg7Mg44ON44Kz44Od44K55Y+vIOOCouOCt+ODg+OCr+OCuSBhc2ljcyDph47nkIPnlKjlk4Eg44OL44O844OR44OD44OJIOOBsuOBluijnOW8t+eUqCDjgrjjg6Xjg4vjgqIg5bCR5bm055SoIEJBUTgwSg==[rn]
25-79892,aHR0cDovL3RzaG9wLnIxMHMuanAvZ29sZC9yYWt1dGVuZWFnbGVzL2l0ZW1pbWcvaXRlbS9ycmFrdXRlbi9hMDEwMTc1MV9hMi5qcGc/Zml0aW49NzAwOjcwMA==,NjgwMC4wMDAw,,44K544Od44O844OE44O744Ki44Km44OI44OJ44KiID4g6YeO55CD44O744K944OV44OI44Oc44O844OrID4g44Km44Kn44KiID4g56u25oqA55So44Om44OL44OV44Kp44O844Og,5qW95aSp44Kk44O844Kw44Or44K5IE1hamVzdGljW+ODnuOCuOOCp+OCueODhuOCo+ODg+OCr10gTXlIRVJP44Om44OL44OV44Kp44O844Og44CKQkxBQ0sgRUFHTEVT44CL6Zi/6YOo5L+K5Lq6IzAw,6buS44GM5Z+66Kq/44GuQkxBQ0sgRUFHTEVTKOODluODqeODg+OCr+OCpOODvOOCsOODq+OCuSnjg6bjg4vjg5Xjgqnjg7zjg6A=,PGRpdiBzdHlsZT0idGV4dC1hbGlnbjpjZW50ZXIiPjxicj48YnI+PGltZyBzcmM9Imh0dHA6Ly93d3cucmFrdXRlbi5uZS5qcC9nb2xkL3Jha3V0ZW5lYWdsZXMvaXRlbWltZy9pdGVtL3JyYWt1dGVuL2EwMTAxNzUxX2EyLmpwZyIgd2lkdGg9MTAwJSI+PGJyPjxicj48aW1nIHNyYz0iaHR0cDovL3d3dy5yYWt1dGVuLm5lLmpwL2dvbGQvcmFrdXRlbmVhZ2xlcy9pdGVtaW1nL2l0ZW0vcnJha3V0ZW4vYTAxMDE3NTFfYjIuanBnIiB3aWR0aD0xMDAlIj48YnI+PC9kaXY+PGRpdiBjbGFzcz0iaXRlbURldGFpbCI+CjxkaXYgY2xhc3M9ImlubmVyIj4KPHAgY2xhc3M9Im1haW5UaXRsZSI+5ZWG5ZOB6Kmz57SwPC9wPgo8cCBjbGFzcz0iaW5mb21hdGlvbiI+CuiDjOeVquWPt+ODu+iDjOODjeODvOODoOWFpeOCiuOBrk15SEVST+ODpuODi+ODleOCqeODvOODoDxicj4KPGJyPgo8L3A+CjwvZGl2PgoKCjxkaXYgY2xhc3M9ImlubmVyIj4KPHAgY2xhc3M9Im1haW5UaXRsZTIiPue0oOadkDwvcD4KPHAgY2xhc3M9ImluZm9tYXRpb24iPuODneODquOCqOOCueODhuODqzEwMCU8L3A+CjwvZGl2PgoKPGRpdiBjbGFzcz0iaW5uZXIiPgo8cCBjbGFzcz0ibWFpblRpdGxlMiI+44K144Kk44K6PC9wPgoKPHRhYmxlIGNsYXNzPSJpdGVtVGFibGUiIGJvcmRlcj0iMCIgY2VsbHBhZGRpbmc9IjAiIGNlbGxzcGFjaW5nPSIwIj4KCgo8dHI+Cjx0aD4oY20pPC90aD4KPHRoPk08L3RoPgo8dGg+TDwvdGg+Cjx0aD5YTDwvdGg+CjwvdHI+Cgo8dHI+Cjx0aD7nnYDkuIg8L3RoPgo8dGQ+NzE8L3RkPgo8dGQ+NzQ8L3RkPgo8dGQ+ODE8L3RkPgo8L3RyPgoKPHRyPgo8dGg+6Lqr5bmFPC90aD4KPHRkPjU0PC90ZD4KPHRkPjYxPC90ZD4KPHRkPjY3PC90ZD4KPC90cj4KCjx0cj4KPHRoPuiiluS4iDwvdGg+Cjx0ZD4zNTwvdGQ+Cjx0ZD4zODwvdGQ+Cjx0ZD40MTwvdGQ+CjwvdHI+CjwvdGFibGU+CuKAu+iLpeW5suWJjeW+jOOBmeOCi+WPr+iDveaAp+OBjOOBlOOBluOBhOOBvuOBmeOAguS6iOOCgeOBlOS6huaJv+OBj+OBoOOBleOBhOOAggo8L2Rpdj4KPC9kaXY+PHRhYmxlIHdpZHRoPSI2MDAiPjx0Ym9keT48dHI+PHRkPgo8ZGl2IGNsYXNzPSJhcnRpY2xlIiBpZD0ibGlua3MiPgoKPC9kaXY+Cgo8c3R5bGUgdHlwZT0idGV4dC9jc3MiPgovKuiyt+OBhOeJqeOBi+OBlOOBq+WFpeOCjOOCi+ODnOOCv+ODsyovCiNyYWt1dGVuTGltaXRlZElkX2Fyb3VuZENhcnQgaW5wdXRbdmFsdWU9Iuiyt+OBhOeJqeOBi+OBlOOBq+WFpeOCjOOCiyJdewpiYWNrZ3JvdW5kOiB1cmwoImh0dHA6Ly9pbWFnZS5yYWt1dGVuLmNvLmpwL3Jha3V0ZW5lYWdsZXMvY2FiaW5ldC8yMDE1X2NhcnQuZ2lmIikgbGVmdCB0b3Agbm8tcmVwZWF0Owp3aWR0aDoyNDBweDsKaGVpZ2h0OjgwcHg7CnRleHQtaW5kZW50OjEwMCU7CndoaXRlLXNwYWNlOm5vd3JhcDsKb3ZlcmZsb3c6aGlkZGVuOwpib3JkZXI6IG5vbmU7CnBhZGRpbmc6MDsKbWFyZ2luOjEwcHggMCFpbXBvcnRhbnQ7CmN1cnNvcjpwb2ludGVyOwp9CiNyYWt1dGVuTGltaXRlZElkX2Fyb3VuZENhcnQgdGJvZHkgdHIgdGQgaW5wdXQ6aG92ZXJ7CmFscGhhKG9wYWNpdHk9OCk7Ci1tb3otb3BhY2l0eTowLjg7Cm9wYWNpdHk6MC44Owp9CgovKuS6iOe0hOOBmeOCi+ODnOOCv+ODsyovCiNyYWt1dGVuTGltaXRlZElkX2Fyb3VuZENhcnQgaW5wdXRbdmFsdWU9IuS6iOe0hOOBmeOCiyJdewpiYWNrZ3JvdW5kOiB1cmwoImh0dHA6Ly9pbWFnZS5yYWt1dGVuLmNvLmpwL3Jha3V0ZW5lYWdsZXMvY2FiaW5ldC8yMDE1X2NhcnRfYm9vay5naWYiKSBsZWZ0IHRvcCBuby1yZXBlYXQ7CndpZHRoOjI0MHB4OwpoZWlnaHQ6ODBweDsKdGV4dC1pbmRlbnQ6MTAwJTsKd2hpdGUtc3BhY2U6bm93cmFwOwpvdmVyZmxvdzpoaWRkZW47CmJvcmRlcjogbm9uZTsKcGFkZGluZzowOwptYXJnaW46MTBweCAwIWltcG9ydGFudDsKY3Vyc29yOnBvaW50ZXI7Cn0KCgo8L3N0eWxlPg==,5qW95aSp44Kk44O844Kw44Or44K5IE1hamVzdGljW+ODnuOCuOOCp+OCueODhuOCo+ODg+OCr10gTXlIRVJP44Om44OL44OV44Kp44O844Og44CKQkxBQ0sgRUFHTEVT44CL6Zi/6YOo5L+K5Lq6IzAw77ya5qW95aSp44Kk44O844Kw44Or44K544Kq44Oz44Op44Kk44Oz44K344On44OD44OX,5p2x5YyX5qW95aSp44K044O844Or44OH44Oz44Kk44O844Kw44Or44K56YG45omL5b+c5o+044Kw44OD44K644Om44OL44OV44Kp44O844Og44Kt44Oj44OD44OX5bi95a2Q44OX44Ot6YeO55CD5LuZ5Y+w5a6u5Z+O55Sw5Lit5bCG5aSn5baL5Z+65a6P6YqA5qyh5p2+5LqV56i86aCt5aSu5pif6YeO55uj552j5bKh5bO26LGq6YOO6IyC5pyo5qCE5LqU6YOO5qKo55Sw55u0562G44K144Kk44Oz5YWl44KK6KiY5b+15ZWG5ZOB44OR44O744Oq44O844Kw44Od44Oz44OB44OnQ0hVTVPjg4Hjg6Pjg6DjgrnjgrPjg6njg5zjgrPjg6zjgq/jgrfjg6fjg7PjgrDjg4PjgrpEWOODh+ODqeODg+OCr+OCueODnuOCuOOCp+OCueODhuOCo+ODg+OCr01hamVzdGljVE9IT0tV44CAR1JFRU5NeUhFUk/jgqbjgqPjg7zjg6njg7zjg5rjgrLjg7zjg63jgqLjg57jg4Djg7zmpb3lpKnjgqTjg7zjgrDjg6vjgrkgTWFqZXN0aWNb44Oe44K444Kn44K544OG44Kj44OD44KvXSBNeUhFUk/jg6bjg4vjg5Xjgqnjg7zjg6DjgIpCTEFDSyBFQUdMRVPjgIvpmL/pg6jkv4rkurojMDA=,6buS44GM5Z+66Kq/44GuQkxBQ0sgRUFHTEVTKOODluODqeODg+OCr+OCpOODvOOCsOODq+OCuSnjg6bjg4vjg5Xjgqnjg7zjg6DjgILmpb3lpKnjgqTjg7zjgrDjg6vjgrkgTWFqZXN0aWNb44Oe44K444Kn44K544OG44Kj44OD44KvXSBNeUhFUk/jg6bjg4vjg5Xjgqnjg7zjg6DjgIpCTEFDSyBFQUdMRVPjgIvpmL/pg6jkv4rkurojMDA=[rn]
25-79893,aHR0cDovL3RzaG9wLnIxMHMuanAvZ29sZC9yYWt1dGVuZWFnbGVzL2l0ZW1pbWcvaXRlbS9ycmFrdXRlbi9hMDEwMTc1NF9hMi5qcGc/Zml0aW49NzAwOjcwMA==,NjgwMC4wMDAw,,44K544Od44O844OE44O744Ki44Km44OI44OJ44KiID4g6YeO55CD44O744K944OV44OI44Oc44O844OrID4g44Km44Kn44KiID4g56u25oqA55So44Om44OL44OV44Kp44O844Og,5qW95aSp44Kk44O844Kw44Or44K5IE1hamVzdGljW+ODnuOCuOOCp+OCueODhuOCo+ODg+OCr10gTXlIRVJP44Om44OL44OV44Kp44O844Og44CKQkxBQ0sgRUFHTEVT44CL5p2+5LqV6KOV5qi5IzE=,6buS44GM5Z+66Kq/44GuQkxBQ0sgRUFHTEVTKOODluODqeODg+OCr+OCpOODvOOCsOODq+OCuSnjg6bjg4vjg5Xjgqnjg7zjg6A=,PGRpdiBzdHlsZT0idGV4dC1hbGlnbjpjZW50ZXIiPjxicj48YnI+PGltZyBzcmM9Imh0dHA6Ly93d3cucmFrdXRlbi5uZS5qcC9nb2xkL3Jha3V0ZW5lYWdsZXMvaXRlbWltZy9pdGVtL3JyYWt1dGVuL2EwMTAxNzU0X2EyLmpwZyIgd2lkdGg9MTAwJSI+PGJyPjxicj48aW1nIHNyYz0iaHR0cDovL3d3dy5yYWt1dGVuLm5lLmpwL2dvbGQvcmFrdXRlbmVhZ2xlcy9pdGVtaW1nL2l0ZW0vcnJha3V0ZW4vYTAxMDE3NTRfYjIuanBnIiB3aWR0aD0xMDAlIj48YnI+PC9kaXY+PGRpdiBjbGFzcz0iaXRlbURldGFpbCI+CjxkaXYgY2xhc3M9ImlubmVyIj4KPHAgY2xhc3M9Im1haW5UaXRsZSI+5ZWG5ZOB6Kmz57SwPC9wPgo8cCBjbGFzcz0iaW5mb21hdGlvbiI+CuiDjOeVquWPt+ODu+iDjOODjeODvOODoOWFpeOCiuOBrk15SEVST+ODpuODi+ODleOCqeODvOODoDxicj4KPGJyPgo8L3A+CjwvZGl2PgoKCjxkaXYgY2xhc3M9ImlubmVyIj4KPHAgY2xhc3M9Im1haW5UaXRsZTIiPue0oOadkDwvcD4KPHAgY2xhc3M9ImluZm9tYXRpb24iPuODneODquOCqOOCueODhuODqzEwMCU8L3A+CjwvZGl2PgoKPGRpdiBjbGFzcz0iaW5uZXIiPgo8cCBjbGFzcz0ibWFpblRpdGxlMiI+44K144Kk44K6PC9wPgoKPHRhYmxlIGNsYXNzPSJpdGVtVGFibGUiIGJvcmRlcj0iMCIgY2VsbHBhZGRpbmc9IjAiIGNlbGxzcGFjaW5nPSIwIj4KCgo8dHI+Cjx0aD4oY20pPC90aD4KPHRoPk08L3RoPgo8dGg+TDwvdGg+Cjx0aD5YTDwvdGg+CjwvdHI+Cgo8dHI+Cjx0aD7nnYDkuIg8L3RoPgo8dGQ+NzE8L3RkPgo8dGQ+NzQ8L3RkPgo8dGQ+ODE8L3RkPgo8L3RyPgoKPHRyPgo8dGg+6Lqr5bmFPC90aD4KPHRkPjU0PC90ZD4KPHRkPjYxPC90ZD4KPHRkPjY3PC90ZD4KPC90cj4KCjx0cj4KPHRoPuiiluS4iDwvdGg+Cjx0ZD4zNTwvdGQ+Cjx0ZD4zODwvdGQ+Cjx0ZD40MTwvdGQ+CjwvdHI+CjwvdGFibGU+CuKAu+iLpeW5suWJjeW+jOOBmeOCi+WPr+iDveaAp+OBjOOBlOOBluOBhOOBvuOBmeOAguS6iOOCgeOBlOS6huaJv+OBj+OBoOOBleOBhOOAggo8L2Rpdj4KPC9kaXY+PHRhYmxlIHdpZHRoPSI2MDAiPjx0Ym9keT48dHI+PHRkPgo8ZGl2IGNsYXNzPSJhcnRpY2xlIiBpZD0ibGlua3MiPgoKPC9kaXY+Cgo8c3R5bGUgdHlwZT0idGV4dC9jc3MiPgovKuiyt+OBhOeJqeOBi+OBlOOBq+WFpeOCjOOCi+ODnOOCv+ODsyovCiNyYWt1dGVuTGltaXRlZElkX2Fyb3VuZENhcnQgaW5wdXRbdmFsdWU9Iuiyt+OBhOeJqeOBi+OBlOOBq+WFpeOCjOOCiyJdewpiYWNrZ3JvdW5kOiB1cmwoImh0dHA6Ly9pbWFnZS5yYWt1dGVuLmNvLmpwL3Jha3V0ZW5lYWdsZXMvY2FiaW5ldC8yMDE1X2NhcnQuZ2lmIikgbGVmdCB0b3Agbm8tcmVwZWF0Owp3aWR0aDoyNDBweDsKaGVpZ2h0OjgwcHg7CnRleHQtaW5kZW50OjEwMCU7CndoaXRlLXNwYWNlOm5vd3JhcDsKb3ZlcmZsb3c6aGlkZGVuOwpib3JkZXI6IG5vbmU7CnBhZGRpbmc6MDsKbWFyZ2luOjEwcHggMCFpbXBvcnRhbnQ7CmN1cnNvcjpwb2ludGVyOwp9CiNyYWt1dGVuTGltaXRlZElkX2Fyb3VuZENhcnQgdGJvZHkgdHIgdGQgaW5wdXQ6aG92ZXJ7CmFscGhhKG9wYWNpdHk9OCk7Ci1tb3otb3BhY2l0eTowLjg7Cm9wYWNpdHk6MC44Owp9CgovKuS6iOe0hOOBmeOCi+ODnOOCv+ODsyovCiNyYWt1dGVuTGltaXRlZElkX2Fyb3VuZENhcnQgaW5wdXRbdmFsdWU9IuS6iOe0hOOBmeOCiyJdewpiYWNrZ3JvdW5kOiB1cmwoImh0dHA6Ly9pbWFnZS5yYWt1dGVuLmNvLmpwL3Jha3V0ZW5lYWdsZXMvY2FiaW5ldC8yMDE1X2NhcnRfYm9vay5naWYiKSBsZWZ0IHRvcCBuby1yZXBlYXQ7CndpZHRoOjI0MHB4OwpoZWlnaHQ6ODBweDsKdGV4dC1pbmRlbnQ6MTAwJTsKd2hpdGUtc3BhY2U6bm93cmFwOwpvdmVyZmxvdzpoaWRkZW47CmJvcmRlcjogbm9uZTsKcGFkZGluZzowOwptYXJnaW46MTBweCAwIWltcG9ydGFudDsKY3Vyc29yOnBvaW50ZXI7Cn0KCgo8L3N0eWxlPg==,5qW95aSp44Kk44O844Kw44Or44K5IE1hamVzdGljW+ODnuOCuOOCp+OCueODhuOCo+ODg+OCr10gTXlIRVJP44Om44OL44OV44Kp44O844Og44CKQkxBQ0sgRUFHTEVT44CL5p2+5LqV6KOV5qi5IzHvvJrmpb3lpKnjgqTjg7zjgrDjg6vjgrnjgqrjg7Pjg6njgqTjg7Pjgrfjg6fjg4Pjg5c=,5p2x5YyX5qW95aSp44K044O844Or44OH44Oz44Kk44O844Kw44Or44K56YG45omL5b+c5o+044Kw44OD44K644Om44OL44OV44Kp44O844Og44Kt44Oj44OD44OX5bi95a2Q44OX44Ot6YeO55CD5LuZ5Y+w5a6u5Z+O55Sw5Lit5bCG5aSn5baL5Z+65a6P6YqA5qyh5p2+5LqV56i86aCt5aSu5pif6YeO55uj552j5bKh5bO26LGq6YOO6IyC5pyo5qCE5LqU6YOO5qKo55Sw55u0562G44K144Kk44Oz5YWl44KK6KiY5b+15ZWG5ZOB44OR44O744Oq44O844Kw44Od44Oz44OB44OnQ0hVTVPjg4Hjg6Pjg6DjgrnjgrPjg6njg5zjgrPjg6zjgq/jgrfjg6fjg7PjgrDjg4PjgrpEWOODh+ODqeODg+OCr+OCueODnuOCuOOCp+OCueODhuOCo+ODg+OCr01hamVzdGljVE9IT0tV44CAR1JFRU5NeUhFUk/jgqbjgqPjg7zjg6njg7zjg5rjgrLjg7zjg63jgqLjg57jg4Djg7zmpb3lpKnjgqTjg7zjgrDjg6vjgrkgTWFqZXN0aWNb44Oe44K444Kn44K544OG44Kj44OD44KvXSBNeUhFUk/jg6bjg4vjg5Xjgqnjg7zjg6DjgIpCTEFDSyBFQUdMRVPjgIvmnb7kupXoo5XmqLkjMQ==,6buS44GM5Z+66Kq/44GuQkxBQ0sgRUFHTEVTKOODluODqeODg+OCr+OCpOODvOOCsOODq+OCuSnjg6bjg4vjg5Xjgqnjg7zjg6DjgILmpb3lpKnjgqTjg7zjgrDjg6vjgrkgTWFqZXN0aWNb44Oe44K444Kn44K544OG44Kj44OD44KvXSBNeUhFUk/jg6bjg4vjg5Xjgqnjg7zjg6DjgIpCTEFDSyBFQUdMRVPjgIvmnb7kupXoo5XmqLkjMQ==[rn]
25-79894,aHR0cDovL3RzaG9wLnIxMHMuanAvZ29sZC9yYWt1dGVuZWFnbGVzL2l0ZW1pbWcvaXRlbS9ycmFrdXRlbi9hMDEwMTc1N19hMi5qcGc/Zml0aW49NzAwOjcwMA==,NjgwMC4wMDAw,,44K544Od44O844OE44O744Ki44Km44OI44OJ44KiID4g6YeO55CD44O744K944OV44OI44Oc44O844OrID4g44Km44Kn44KiID4g56u25oqA55So44Om44OL44OV44Kp44O844Og,5qW95aSp44Kk44O844Kw44Or44K5IE1hamVzdGljW+ODnuOCuOOCp+OCueODhuOCo+ODg+OCr10gTXlIRVJP44Om44OL44OV44Kp44O844Og44CKQkxBQ0sgRUFHTEVT44CL5ZCJ5oyB5Lqu5rGwIzI=,6buS44GM5Z+66Kq/44GuQkxBQ0sgRUFHTEVTKOODluODqeODg+OCr+OCpOODvOOCsOODq+OCuSnjg6bjg4vjg5Xjgqnjg7zjg6A=,PGRpdiBzdHlsZT0idGV4dC1hbGlnbjpjZW50ZXIiPjxicj48YnI+PGltZyBzcmM9Imh0dHA6Ly93d3cucmFrdXRlbi5uZS5qcC9nb2xkL3Jha3V0ZW5lYWdsZXMvaXRlbWltZy9pdGVtL3JyYWt1dGVuL2EwMTAxNzU3X2EyLmpwZyIgd2lkdGg9MTAwJSI+PGJyPjxicj48aW1nIHNyYz0iaHR0cDovL3d3dy5yYWt1dGVuLm5lLmpwL2dvbGQvcmFrdXRlbmVhZ2xlcy9pdGVtaW1nL2l0ZW0vcnJha3V0ZW4vYTAxMDE3NTdfYjIuanBnIiB3aWR0aD0xMDAlIj48YnI+PC9kaXY+PGRpdiBjbGFzcz0iaXRlbURldGFpbCI+CjxkaXYgY2xhc3M9ImlubmVyIj4KPHAgY2xhc3M9Im1haW5UaXRsZSI+5ZWG5ZOB6Kmz57SwPC9wPgo8cCBjbGFzcz0iaW5mb21hdGlvbiI+CuiDjOeVquWPt+ODu+iDjOODjeODvOODoOWFpeOCiuOBrk15SEVST+ODpuODi+ODleOCqeODvOODoDxicj4KPGJyPgo8L3A+CjwvZGl2PgoKCjxkaXYgY2xhc3M9ImlubmVyIj4KPHAgY2xhc3M9Im1haW5UaXRsZTIiPue0oOadkDwvcD4KPHAgY2xhc3M9ImluZm9tYXRpb24iPuODneODquOCqOOCueODhuODqzEwMCU8L3A+CjwvZGl2PgoKPGRpdiBjbGFzcz0iaW5uZXIiPgo8cCBjbGFzcz0ibWFpblRpdGxlMiI+44K144Kk44K6PC9wPgoKPHRhYmxlIGNsYXNzPSJpdGVtVGFibGUiIGJvcmRlcj0iMCIgY2VsbHBhZGRpbmc9IjAiIGNlbGxzcGFjaW5nPSIwIj4KCgo8dHI+Cjx0aD4oY20pPC90aD4KPHRoPk08L3RoPgo8dGg+TDwvdGg+Cjx0aD5YTDwvdGg+CjwvdHI+Cgo8dHI+Cjx0aD7nnYDkuIg8L3RoPgo8dGQ+NzE8L3RkPgo8dGQ+NzQ8L3RkPgo8dGQ+ODE8L3RkPgo8L3RyPgoKPHRyPgo8dGg+6Lqr5bmFPC90aD4KPHRkPjU0PC90ZD4KPHRkPjYxPC90ZD4KPHRkPjY3PC90ZD4KPC90cj4KCjx0cj4KPHRoPuiiluS4iDwvdGg+Cjx0ZD4zNTwvdGQ+Cjx0ZD4zODwvdGQ+Cjx0ZD40MTwvdGQ+CjwvdHI+CjwvdGFibGU+CuKAu+iLpeW5suWJjeW+jOOBmeOCi+WPr+iDveaAp+OBjOOBlOOBluOBhOOBvuOBmeOAguS6iOOCgeOBlOS6huaJv+OBj+OBoOOBleOBhOOAggo8L2Rpdj4KPC9kaXY+PHRhYmxlIHdpZHRoPSI2MDAiPjx0Ym9keT48dHI+PHRkPgo8ZGl2IGNsYXNzPSJhcnRpY2xlIiBpZD0ibGlua3MiPgoKPC9kaXY+Cgo8c3R5bGUgdHlwZT0idGV4dC9jc3MiPgovKuiyt+OBhOeJqeOBi+OBlOOBq+WFpeOCjOOCi+ODnOOCv+ODsyovCiNyYWt1dGVuTGltaXRlZElkX2Fyb3VuZENhcnQgaW5wdXRbdmFsdWU9Iuiyt+OBhOeJqeOBi+OBlOOBq+WFpeOCjOOCiyJdewpiYWNrZ3JvdW5kOiB1cmwoImh0dHA6Ly9pbWFnZS5yYWt1dGVuLmNvLmpwL3Jha3V0ZW5lYWdsZXMvY2FiaW5ldC8yMDE1X2NhcnQuZ2lmIikgbGVmdCB0b3Agbm8tcmVwZWF0Owp3aWR0aDoyNDBweDsKaGVpZ2h0OjgwcHg7CnRleHQtaW5kZW50OjEwMCU7CndoaXRlLXNwYWNlOm5vd3JhcDsKb3ZlcmZsb3c6aGlkZGVuOwpib3JkZXI6IG5vbmU7CnBhZGRpbmc6MDsKbWFyZ2luOjEwcHggMCFpbXBvcnRhbnQ7CmN1cnNvcjpwb2ludGVyOwp9CiNyYWt1dGVuTGltaXRlZElkX2Fyb3VuZENhcnQgdGJvZHkgdHIgdGQgaW5wdXQ6aG92ZXJ7CmFscGhhKG9wYWNpdHk9OCk7Ci1tb3otb3BhY2l0eTowLjg7Cm9wYWNpdHk6MC44Owp9CgovKuS6iOe0hOOBmeOCi+ODnOOCv+ODsyovCiNyYWt1dGVuTGltaXRlZElkX2Fyb3VuZENhcnQgaW5wdXRbdmFsdWU9IuS6iOe0hOOBmeOCiyJdewpiYWNrZ3JvdW5kOiB1cmwoImh0dHA6Ly9pbWFnZS5yYWt1dGVuLmNvLmpwL3Jha3V0ZW5lYWdsZXMvY2FiaW5ldC8yMDE1X2NhcnRfYm9vay5naWYiKSBsZWZ0IHRvcCBuby1yZXBlYXQ7CndpZHRoOjI0MHB4OwpoZWlnaHQ6ODBweDsKdGV4dC1pbmRlbnQ6MTAwJTsKd2hpdGUtc3BhY2U6bm93cmFwOwpvdmVyZmxvdzpoaWRkZW47CmJvcmRlcjogbm9uZTsKcGFkZGluZzowOwptYXJnaW46MTBweCAwIWltcG9ydGFudDsKY3Vyc29yOnBvaW50ZXI7Cn0KCgo8L3N0eWxlPg==,5qW95aSp44Kk44O844Kw44Or44K5IE1hamVzdGljW+ODnuOCuOOCp+OCueODhuOCo+ODg+OCr10gTXlIRVJP44Om44OL44OV44Kp44O844Og44CKQkxBQ0sgRUFHTEVT44CL5ZCJ5oyB5Lqu5rGwIzLvvJrmpb3lpKnjgqTjg7zjgrDjg6vjgrnjgqrjg7Pjg6njgqTjg7Pjgrfjg6fjg4Pjg5c=,5p2x5YyX5qW95aSp44K044O844Or44OH44Oz44Kk44O844Kw44Or44K56YG45omL5b+c5o+044Kw44OD44K644Om44OL44OV44Kp44O844Og44Kt44Oj44OD44OX5bi95a2Q44OX44Ot6YeO55CD5LuZ5Y+w5a6u5Z+O55Sw5Lit5bCG5aSn5baL5Z+65a6P6YqA5qyh5p2+5LqV56i86aCt5aSu5pif6YeO55uj552j5bKh5bO26LGq6YOO6IyC5pyo5qCE5LqU6YOO5qKo55Sw55u0562G44K144Kk44Oz5YWl44KK6KiY5b+15ZWG5ZOB44OR44O744Oq44O844Kw44Od44Oz44OB44OnQ0hVTVPjg4Hjg6Pjg6DjgrnjgrPjg6njg5zjgrPjg6zjgq/jgrfjg6fjg7PjgrDjg4PjgrpEWOODh+ODqeODg+OCr+OCueODnuOCuOOCp+OCueODhuOCo+ODg+OCr01hamVzdGljVE9IT0tV44CAR1JFRU5NeUhFUk/jgqbjgqPjg7zjg6njg7zjg5rjgrLjg7zjg63jgqLjg57jg4Djg7zmpb3lpKnjgqTjg7zjgrDjg6vjgrkgTWFqZXN0aWNb44Oe44K444Kn44K544OG44Kj44OD44KvXSBNeUhFUk/jg6bjg4vjg5Xjgqnjg7zjg6DjgIpCTEFDSyBFQUdMRVPjgIvlkInmjIHkuq7msbAjMg==,6buS44GM5Z+66Kq/44GuQkxBQ0sgRUFHTEVTKOODluODqeODg+OCr+OCpOODvOOCsOODq+OCuSnjg6bjg4vjg5Xjgqnjg7zjg6DjgILmpb3lpKnjgqTjg7zjgrDjg6vjgrkgTWFqZXN0aWNb44Oe44K444Kn44K544OG44Kj44OD44KvXSBNeUhFUk/jg6bjg4vjg5Xjgqnjg7zjg6DjgIpCTEFDSyBFQUdMRVPjgIvlkInmjIHkuq7msbAjMg==[rn]
25-79895,aHR0cDovL3RzaG9wLnIxMHMuanAvZ29sZC9yYWt1dGVuZWFnbGVzL2l0ZW1pbWcvaXRlbS9ycmFrdXRlbi9hMDEwMTc2MF9hMi5qcGc/Zml0aW49NzAwOjcwMA==,NjgwMC4wMDAw,,44K544Od44O844OE44O744Ki44Km44OI44OJ44KiID4g6YeO55CD44O744K944OV44OI44Oc44O844OrID4g44Km44Kn44KiID4g56u25oqA55So44Om44OL44OV44Kp44O844Og,5qW95aSp44Kk44O844Kw44Or44K5IE1hamVzdGljW+ODnuOCuOOCp+OCueODhuOCo+ODg+OCr10gTXlIRVJP44Om44OL44OV44Kp44O844Og44CKQkxBQ0sgRUFHTEVT44CL5bKh5bO26LGq6YOOIzQ=,6buS44GM5Z+66Kq/44GuQkxBQ0sgRUFHTEVTKOODluODqeODg+OCr+OCpOODvOOCsOODq+OCuSnjg6bjg4vjg5Xjgqnjg7zjg6A=,PGRpdiBzdHlsZT0idGV4dC1hbGlnbjpjZW50ZXIiPjxicj48YnI+PGltZyBzcmM9Imh0dHA6Ly93d3cucmFrdXRlbi5uZS5qcC9nb2xkL3Jha3V0ZW5lYWdsZXMvaXRlbWltZy9pdGVtL3JyYWt1dGVuL2EwMTAxNzYwX2EyLmpwZyIgd2lkdGg9MTAwJSI+PGJyPjxicj48aW1nIHNyYz0iaHR0cDovL3d3dy5yYWt1dGVuLm5lLmpwL2dvbGQvcmFrdXRlbmVhZ2xlcy9pdGVtaW1nL2l0ZW0vcnJha3V0ZW4vYTAxMDE3NjBfYjIuanBnIiB3aWR0aD0xMDAlIj48YnI+PC9kaXY+PGRpdiBjbGFzcz0iaXRlbURldGFpbCI+CjxkaXYgY2xhc3M9ImlubmVyIj4KPHAgY2xhc3M9Im1haW5UaXRsZSI+5ZWG5ZOB6Kmz57SwPC9wPgo8cCBjbGFzcz0iaW5mb21hdGlvbiI+CuiDjOeVquWPt+ODu+iDjOODjeODvOODoOWFpeOCiuOBrk15SEVST+ODpuODi+ODleOCqeODvOODoDxicj4KPGJyPgo8L3A+CjwvZGl2PgoKCjxkaXYgY2xhc3M9ImlubmVyIj4KPHAgY2xhc3M9Im1haW5UaXRsZTIiPue0oOadkDwvcD4KPHAgY2xhc3M9ImluZm9tYXRpb24iPuODneODquOCqOOCueODhuODqzEwMCU8L3A+CjwvZGl2PgoKPGRpdiBjbGFzcz0iaW5uZXIiPgo8cCBjbGFzcz0ibWFpblRpdGxlMiI+44K144Kk44K6PC9wPgoKPHRhYmxlIGNsYXNzPSJpdGVtVGFibGUiIGJvcmRlcj0iMCIgY2VsbHBhZGRpbmc9IjAiIGNlbGxzcGFjaW5nPSIwIj4KCgo8dHI+Cjx0aD4oY20pPC90aD4KPHRoPk08L3RoPgo8dGg+TDwvdGg+Cjx0aD5YTDwvdGg+CjwvdHI+Cgo8dHI+Cjx0aD7nnYDkuIg8L3RoPgo8dGQ+NzE8L3RkPgo8dGQ+NzQ8L3RkPgo8dGQ+ODE8L3RkPgo8L3RyPgoKPHRyPgo8dGg+6Lqr5bmFPC90aD4KPHRkPjU0PC90ZD4KPHRkPjYxPC90ZD4KPHRkPjY3PC90ZD4KPC90cj4KCjx0cj4KPHRoPuiiluS4iDwvdGg+Cjx0ZD4zNTwvdGQ+Cjx0ZD4zODwvdGQ+Cjx0ZD40MTwvdGQ+CjwvdHI+CjwvdGFibGU+CuKAu+iLpeW5suWJjeW+jOOBmeOCi+WPr+iDveaAp+OBjOOBlOOBluOBhOOBvuOBmeOAguS6iOOCgeOBlOS6huaJv+OBj+OBoOOBleOBhOOAggo8L2Rpdj4KPC9kaXY+PHRhYmxlIHdpZHRoPSI2MDAiPjx0Ym9keT48dHI+PHRkPgo8ZGl2IGNsYXNzPSJhcnRpY2xlIiBpZD0ibGlua3MiPgoKPC9kaXY+Cgo8c3R5bGUgdHlwZT0idGV4dC9jc3MiPgovKuiyt+OBhOeJqeOBi+OBlOOBq+WFpeOCjOOCi+ODnOOCv+ODsyovCiNyYWt1dGVuTGltaXRlZElkX2Fyb3VuZENhcnQgaW5wdXRbdmFsdWU9Iuiyt+OBhOeJqeOBi+OBlOOBq+WFpeOCjOOCiyJdewpiYWNrZ3JvdW5kOiB1cmwoImh0dHA6Ly9pbWFnZS5yYWt1dGVuLmNvLmpwL3Jha3V0ZW5lYWdsZXMvY2FiaW5ldC8yMDE1X2NhcnQuZ2lmIikgbGVmdCB0b3Agbm8tcmVwZWF0Owp3aWR0aDoyNDBweDsKaGVpZ2h0OjgwcHg7CnRleHQtaW5kZW50OjEwMCU7CndoaXRlLXNwYWNlOm5vd3JhcDsKb3ZlcmZsb3c6aGlkZGVuOwpib3JkZXI6IG5vbmU7CnBhZGRpbmc6MDsKbWFyZ2luOjEwcHggMCFpbXBvcnRhbnQ7CmN1cnNvcjpwb2ludGVyOwp9CiNyYWt1dGVuTGltaXRlZElkX2Fyb3VuZENhcnQgdGJvZHkgdHIgdGQgaW5wdXQ6aG92ZXJ7CmFscGhhKG9wYWNpdHk9OCk7Ci1tb3otb3BhY2l0eTowLjg7Cm9wYWNpdHk6MC44Owp9CgovKuS6iOe0hOOBmeOCi+ODnOOCv+ODsyovCiNyYWt1dGVuTGltaXRlZElkX2Fyb3VuZENhcnQgaW5wdXRbdmFsdWU9IuS6iOe0hOOBmeOCiyJdewpiYWNrZ3JvdW5kOiB1cmwoImh0dHA6Ly9pbWFnZS5yYWt1dGVuLmNvLmpwL3Jha3V0ZW5lYWdsZXMvY2FiaW5ldC8yMDE1X2NhcnRfYm9vay5naWYiKSBsZWZ0IHRvcCBuby1yZXBlYXQ7CndpZHRoOjI0MHB4OwpoZWlnaHQ6ODBweDsKdGV4dC1pbmRlbnQ6MTAwJTsKd2hpdGUtc3BhY2U6bm93cmFwOwpvdmVyZmxvdzpoaWRkZW47CmJvcmRlcjogbm9uZTsKcGFkZGluZzowOwptYXJnaW46MTBweCAwIWltcG9ydGFudDsKY3Vyc29yOnBvaW50ZXI7Cn0KCgo8L3N0eWxlPg==,5qW95aSp44Kk44O844Kw44Or44K5IE1hamVzdGljW+ODnuOCuOOCp+OCueODhuOCo+ODg+OCr10gTXlIRVJP44Om44OL44OV44Kp44O844Og44CKQkxBQ0sgRUFHTEVT44CL5bKh5bO26LGq6YOOIzTvvJrmpb3lpKnjgqTjg7zjgrDjg6vjgrnjgqrjg7Pjg6njgqTjg7Pjgrfjg6fjg4Pjg5c=,5p2x5YyX5qW95aSp44K044O844Or44OH44Oz44Kk44O844Kw44Or44K56YG45omL5b+c5o+044Kw44OD44K644Om44OL44OV44Kp44O844Og44Kt44Oj44OD44OX5bi95a2Q44OX44Ot6YeO55CD5LuZ5Y+w5a6u5Z+O55Sw5Lit5bCG5aSn5baL5Z+65a6P6YqA5qyh5p2+5LqV56i86aCt5aSu5pif6YeO55uj552j5bKh5bO26LGq6YOO6IyC5pyo5qCE5LqU6YOO5qKo55Sw55u0562G44K144Kk44Oz5YWl44KK6KiY5b+15ZWG5ZOB44OR44O744Oq44O844Kw44Od44Oz44OB44OnQ0hVTVPjg4Hjg6Pjg6DjgrnjgrPjg6njg5zjgrPjg6zjgq/jgrfjg6fjg7PjgrDjg4PjgrpEWOODh+ODqeODg+OCr+OCueODnuOCuOOCp+OCueODhuOCo+ODg+OCr01hamVzdGljVE9IT0tV44CAR1JFRU5NeUhFUk/jgqbjgqPjg7zjg6njg7zjg5rjgrLjg7zjg63jgqLjg57jg4Djg7zmpb3lpKnjgqTjg7zjgrDjg6vjgrkgTWFqZXN0aWNb44Oe44K444Kn44K544OG44Kj44OD44KvXSBNeUhFUk/jg6bjg4vjg5Xjgqnjg7zjg6DjgIpCTEFDSyBFQUdMRVPjgIvlsqHls7bosarpg44jNA==,6buS44GM5Z+66Kq/44GuQkxBQ0sgRUFHTEVTKOODluODqeODg+OCr+OCpOODvOOCsOODq+OCuSnjg6bjg4vjg5Xjgqnjg7zjg6DjgILmpb3lpKnjgqTjg7zjgrDjg6vjgrkgTWFqZXN0aWNb44Oe44K444Kn44K544OG44Kj44OD44KvXSBNeUhFUk/jg6bjg4vjg5Xjgqnjg7zjg6DjgIpCTEFDSyBFQUdMRVPjgIvlsqHls7bosarpg44jNA==[rn]
25-79896,aHR0cDovL3RzaG9wLnIxMHMuanAvZ29sZC9yYWt1dGVuZWFnbGVzL2l0ZW1pbWcvaXRlbS9ycmFrdXRlbi9hMDEwMTc2M19hMi5qcGc/Zml0aW49NzAwOjcwMA==,NjgwMC4wMDAw,,44K544Od44O844OE44O744Ki44Km44OI44OJ44KiID4g6YeO55CD44O744K944OV44OI44Oc44O844OrID4g44Km44Kn44KiID4g56u25oqA55So44Om44OL44OV44Kp44O844Og,5qW95aSp44Kk44O844Kw44Or44K5IE1hamVzdGljW+ODnuOCuOOCp+OCueODhuOCo+ODg+OCr10gTXlIRVJP44Om44OL44OV44Kp44O844Og44CKQkxBQ0sgRUFHTEVT44CL6IyC5pyo5qCE5LqU6YOOIzU=,6buS44GM5Z+66Kq/44GuQkxBQ0sgRUFHTEVTKOODluODqeODg+OCr+OCpOODvOOCsOODq+OCuSnjg6bjg4vjg5Xjgqnjg7zjg6A=,PGRpdiBzdHlsZT0idGV4dC1hbGlnbjpjZW50ZXIiPjxicj48YnI+PGltZyBzcmM9Imh0dHA6Ly93d3cucmFrdXRlbi5uZS5qcC9nb2xkL3Jha3V0ZW5lYWdsZXMvaXRlbWltZy9pdGVtL3JyYWt1dGVuL2EwMTAxNzYzX2EyLmpwZyIgd2lkdGg9MTAwJSI+PGJyPjxicj48aW1nIHNyYz0iaHR0cDovL3d3dy5yYWt1dGVuLm5lLmpwL2dvbGQvcmFrdXRlbmVhZ2xlcy9pdGVtaW1nL2l0ZW0vcnJha3V0ZW4vYTAxMDE3NjNfYjIuanBnIiB3aWR0aD0xMDAlIj48YnI+PC9kaXY+PGRpdiBjbGFzcz0iaXRlbURldGFpbCI+CjxkaXYgY2xhc3M9ImlubmVyIj4KPHAgY2xhc3M9Im1haW5UaXRsZSI+5ZWG5ZOB6Kmz57SwPC9wPgo8cCBjbGFzcz0iaW5mb21hdGlvbiI+CuiDjOeVquWPt+ODu+iDjOODjeODvOODoOWFpeOCiuOBrk15SEVST+ODpuODi+ODleOCqeODvOODoDxicj4KPGJyPgo8L3A+CjwvZGl2PgoKCjxkaXYgY2xhc3M9ImlubmVyIj4KPHAgY2xhc3M9Im1haW5UaXRsZTIiPue0oOadkDwvcD4KPHAgY2xhc3M9ImluZm9tYXRpb24iPuODneODquOCqOOCueODhuODqzEwMCU8L3A+CjwvZGl2PgoKPGRpdiBjbGFzcz0iaW5uZXIiPgo8cCBjbGFzcz0ibWFpblRpdGxlMiI+44K144Kk44K6PC9wPgoKPHRhYmxlIGNsYXNzPSJpdGVtVGFibGUiIGJvcmRlcj0iMCIgY2VsbHBhZGRpbmc9IjAiIGNlbGxzcGFjaW5nPSIwIj4KCgo8dHI+Cjx0aD4oY20pPC90aD4KPHRoPk08L3RoPgo8dGg+TDwvdGg+Cjx0aD5YTDwvdGg+CjwvdHI+Cgo8dHI+Cjx0aD7nnYDkuIg8L3RoPgo8dGQ+NzE8L3RkPgo8dGQ+NzQ8L3RkPgo8dGQ+ODE8L3RkPgo8L3RyPgoKPHRyPgo8dGg+6Lqr5bmFPC90aD4KPHRkPjU0PC90ZD4KPHRkPjYxPC90ZD4KPHRkPjY3PC90ZD4KPC90cj4KCjx0cj4KPHRoPuiiluS4iDwvdGg+Cjx0ZD4zNTwvdGQ+Cjx0ZD4zODwvdGQ+Cjx0ZD40MTwvdGQ+CjwvdHI+CjwvdGFibGU+CuKAu+iLpeW5suWJjeW+jOOBmeOCi+WPr+iDveaAp+OBjOOBlOOBluOBhOOBvuOBmeOAguS6iOOCgeOBlOS6huaJv+OBj+OBoOOBleOBhOOAggo8L2Rpdj4KPC9kaXY+PHRhYmxlIHdpZHRoPSI2MDAiPjx0Ym9keT48dHI+PHRkPgo8ZGl2IGNsYXNzPSJhcnRpY2xlIiBpZD0ibGlua3MiPgoKPC9kaXY+Cgo8c3R5bGUgdHlwZT0idGV4dC9jc3MiPgovKuiyt+OBhOeJqeOBi+OBlOOBq+WFpeOCjOOCi+ODnOOCv+ODsyovCiNyYWt1dGVuTGltaXRlZElkX2Fyb3VuZENhcnQgaW5wdXRbdmFsdWU9Iuiyt+OBhOeJqeOBi+OBlOOBq+WFpeOCjOOCiyJdewpiYWNrZ3JvdW5kOiB1cmwoImh0dHA6Ly9pbWFnZS5yYWt1dGVuLmNvLmpwL3Jha3V0ZW5lYWdsZXMvY2FiaW5ldC8yMDE1X2NhcnQuZ2lmIikgbGVmdCB0b3Agbm8tcmVwZWF0Owp3aWR0aDoyNDBweDsKaGVpZ2h0OjgwcHg7CnRleHQtaW5kZW50OjEwMCU7CndoaXRlLXNwYWNlOm5vd3JhcDsKb3ZlcmZsb3c6aGlkZGVuOwpib3JkZXI6IG5vbmU7CnBhZGRpbmc6MDsKbWFyZ2luOjEwcHggMCFpbXBvcnRhbnQ7CmN1cnNvcjpwb2ludGVyOwp9CiNyYWt1dGVuTGltaXRlZElkX2Fyb3VuZENhcnQgdGJvZHkgdHIgdGQgaW5wdXQ6aG92ZXJ7CmFscGhhKG9wYWNpdHk9OCk7Ci1tb3otb3BhY2l0eTowLjg7Cm9wYWNpdHk6MC44Owp9CgovKuS6iOe0hOOBmeOCi+ODnOOCv+ODsyovCiNyYWt1dGVuTGltaXRlZElkX2Fyb3VuZENhcnQgaW5wdXRbdmFsdWU9IuS6iOe0hOOBmeOCiyJdewpiYWNrZ3JvdW5kOiB1cmwoImh0dHA6Ly9pbWFnZS5yYWt1dGVuLmNvLmpwL3Jha3V0ZW5lYWdsZXMvY2FiaW5ldC8yMDE1X2NhcnRfYm9vay5naWYiKSBsZWZ0IHRvcCBuby1yZXBlYXQ7CndpZHRoOjI0MHB4OwpoZWlnaHQ6ODBweDsKdGV4dC1pbmRlbnQ6MTAwJTsKd2hpdGUtc3BhY2U6bm93cmFwOwpvdmVyZmxvdzpoaWRkZW47CmJvcmRlcjogbm9uZTsKcGFkZGluZzowOwptYXJnaW46MTBweCAwIWltcG9ydGFudDsKY3Vyc29yOnBvaW50ZXI7Cn0KCgo8L3N0eWxlPg==,5qW95aSp44Kk44O844Kw44Or44K5IE1hamVzdGljW+ODnuOCuOOCp+OCueODhuOCo+ODg+OCr10gTXlIRVJP44Om44OL44OV44Kp44O844Og44CKQkxBQ0sgRUFHTEVT44CL6IyC5pyo5qCE5LqU6YOOIzXvvJrmpb3lpKnjgqTjg7zjgrDjg6vjgrnjgqrjg7Pjg6njgqTjg7Pjgrfjg6fjg4Pjg5c=,5p2x5YyX5qW95aSp44K044O844Or44OH44Oz44Kk44O844Kw44Or44K56YG45omL5b+c5o+044Kw44OD44K644Om44OL44OV44Kp44O844Og44Kt44Oj44OD44OX5bi95a2Q44OX44Ot6YeO55CD5LuZ5Y+w5a6u5Z+O55Sw5Lit5bCG5aSn5baL5Z+65a6P6YqA5qyh5p2+5LqV56i86aCt5aSu5pif6YeO55uj552j5bKh5bO26LGq6YOO6IyC5pyo5qCE5LqU6YOO5qKo55Sw55u0562G44K144Kk44Oz5YWl44KK6KiY5b+15ZWG5ZOB44OR44O744Oq44O844Kw44Od44Oz44OB44OnQ0hVTVPjg4Hjg6Pjg6DjgrnjgrPjg6njg5zjgrPjg6zjgq/jgrfjg6fjg7PjgrDjg4PjgrpEWOODh+ODqeODg+OCr+OCueODnuOCuOOCp+OCueODhuOCo+ODg+OCr01hamVzdGljVE9IT0tV44CAR1JFRU5NeUhFUk/jgqbjgqPjg7zjg6njg7zjg5rjgrLjg7zjg63jgqLjg57jg4Djg7zmpb3lpKnjgqTjg7zjgrDjg6vjgrkgTWFqZXN0aWNb44Oe44K444Kn44K544OG44Kj44OD44KvXSBNeUhFUk/jg6bjg4vjg5Xjgqnjg7zjg6DjgIpCTEFDSyBFQUdMRVPjgIvojILmnKjmoITkupTpg44jNQ==,6buS44GM5Z+66Kq/44GuQkxBQ0sgRUFHTEVTKOODluODqeODg+OCr+OCpOODvOOCsOODq+OCuSnjg6bjg4vjg5Xjgqnjg7zjg6DjgILmpb3lpKnjgqTjg7zjgrDjg6vjgrkgTWFqZXN0aWNb44Oe44K444Kn44K544OG44Kj44OD44KvXSBNeUhFUk/jg6bjg4vjg5Xjgqnjg7zjg6DjgIpCTEFDSyBFQUdMRVPjgIvojILmnKjmoITkupTpg44jNQ==[rn]
25-79897,aHR0cDovL3RzaG9wLnIxMHMuanAvZ29sZC9yYWt1dGVuZWFnbGVzL2l0ZW1pbWcvaXRlbS8yMDE3dW5pL2ZhbnMvYTAxMDE3MjFfYS5qcGc/Zml0aW49NzAwOjcwMA==,NjgwMC4wMDAw,,44K544Od44O844OE44O744Ki44Km44OI44OJ44KiID4g6YeO55CD44O744K944OV44OI44Oc44O844OrID4g44Km44Kn44KiID4g56u25oqA55So44Om44OL44OV44Kp44O844Og,5qW95aSp44Kk44O844Kw44Or44K5IE1hamVzdGljW+ODnuOCuOOCp+OCueODhuOCo+ODg+OCr10gTXlIRVJP44Om44OL44OV44Kp44O844Og44CKRkFOUycyMDE344CL5baL5Z+65a6PIzM3,RkFOUyfjg6bjg4vjg5Xjgqnjg7zjg6AyMDE344Gu44Os44OX44Oq44Kr44Om44OL44OV44Kp44O844Og,PGRpdiBzdHlsZT0idGV4dC1hbGlnbjpjZW50ZXIiPjxpbWcgc3JjPSJodHRwOi8vd3d3LnJha3V0ZW4ubmUuanAvZ29sZC9yYWt1dGVuZWFnbGVzL2l0ZW1pbWcvaXRlbS8yMDE3dW5pL2ZhbnMvYTAxMDE3MjFfYS5qcGciIHdpZHRoPSIxMDAlIj48YnI+PGJyPjxpbWcgc3JjPSJodHRwOi8vd3d3LnJha3V0ZW4ubmUuanAvZ29sZC9yYWt1dGVuZWFnbGVzL2l0ZW1pbWcvaXRlbS8yMDE3dW5pL2ZhbnMvYTAxMDE3MjFfYi5qcGciIHdpZHRoPSIxMDAlIj48YnI+PGJyPjxpbWcgc3JjPSJodHRwOi8vd3d3LnJha3V0ZW4ubmUuanAvZ29sZC9yYWt1dGVuZWFnbGVzL2l0ZW1pbWcvaXRlbS8yMDE3dW5pL2ZhbnMvYTAxMDE2NThfYy5qcGciIHdpZHRoPSIxMDAlIj48YnI+PGJyPjxpbWcgc3JjPSJodHRwOi8vd3d3LnJha3V0ZW4ubmUuanAvZ29sZC9yYWt1dGVuZWFnbGVzL2l0ZW1pbWcvaXRlbS8yMDE3dW5pL2ZhbnMvYTAxMDE2NThfZC5qcGciIHdpZHRoPSIxMDAlIj48YnI+PGJyPjxpbWcgc3JjPSJodHRwOi8vd3d3LnJha3V0ZW4ubmUuanAvZ29sZC9yYWt1dGVuZWFnbGVzL2l0ZW1pbWcvaXRlbS8yMDE3dW5pL2ZhbnMvYTAxMDE2NThfZi5qcGciIHdpZHRoPSIxMDAlIj48YnI+PGJyPjxpbWcgc3JjPSJodHRwOi8vd3d3LnJha3V0ZW4ubmUuanAvZ29sZC9yYWt1dGVuZWFnbGVzL2l0ZW1pbWcvY2F1dGlvbl9qaWtpLmpwZyIgd2lkdGg9IjEwMCUiPjxicj48YnI+PC9kaXY+PGRpdiBjbGFzcz0iaXRlbURldGFpbCI+CjxkaXYgY2xhc3M9ImlubmVyIj4KPHAgY2xhc3M9Im1haW5UaXRsZSI+5ZWG5ZOB6Kmz57SwPC9wPgo8cCBjbGFzcz0iaW5mb21hdGlvbiI+CuiDjOeVquWPt+ODu+iDjOODjeODvOODoOWFpeOCiuOBrk15SEVST+ODpuODi+ODleOCqeODvOODoDxicj4KPC9wPgo8L2Rpdj4KCgo8ZGl2IGNsYXNzPSJpbm5lciI+CjxwIGNsYXNzPSJtYWluVGl0bGUyIj7ntKDmnZA8L3A+CjxwIGNsYXNzPSJpbmZvbWF0aW9uIj7jg53jg6rjgqjjgrnjg4bjg6sxMDAlPC9wPgo8L2Rpdj4KCjxkaXYgY2xhc3M9ImlubmVyIj4KPHAgY2xhc3M9Im1haW5UaXRsZTIiPuOCteOCpOOCujwvcD4KCjx0YWJsZSBjbGFzcz0iaXRlbVRhYmxlIiBib3JkZXI9IjAiIGNlbGxwYWRkaW5nPSIwIiBjZWxsc3BhY2luZz0iMCI+CgoKPHRyPgo8dGg+KGNtKTwvdGg+Cjx0aD5NPC90aD4KPHRoPkw8L3RoPgo8dGg+WEw8L3RoPgo8L3RyPgoKPHRyPgo8dGg+552A5LiIPC90aD4KPHRkPjcxPC90ZD4KPHRkPjc0PC90ZD4KPHRkPjgxPC90ZD4KPC90cj4KCjx0cj4KPHRoPui6q+W5hTwvdGg+Cjx0ZD41NDwvdGQ+Cjx0ZD42MTwvdGQ+Cjx0ZD42NzwvdGQ+CjwvdHI+Cgo8dHI+Cjx0aD7oopbkuIg8L3RoPgo8dGQ+MzU8L3RkPgo8dGQ+Mzg8L3RkPgo8dGQ+NDE8L3RkPgo8L3RyPgo8L3RhYmxlPgrigLvoi6XlubLliY3lvozjgZnjgovlj6/og73mgKfjgYzjgZTjgZbjgYTjgb7jgZnjgILkuojjgoHjgZTkuobmib/jgY/jgaDjgZXjgYTjgIIKPC9kaXY+Cgo8ZGl2IGNsYXNzPSJpbm5lciI+CjxwIGNsYXNzPSJtYWluVGl0bGUyIj7oopbjg6/jg4Pjg5rjg7PjgavjgaTjgYTjgabjga7jgZTms6jmhI88L3A+CjxwIGNsYXNzPSJpbmZvbWF0aW9uIj7pgbjmiYvjgYznnYDnlKjjgZnjgovjg6bjg4vjg5Xjgqnjg7zjg6Djga7oopbjg6/jg4Pjg5rjg7PjgYwyMDE344K344O844K644Oz44OR44O744Oq44O844Kw5YWs5byP5oim5Lul6ZmN5aSJ5pu044Gr44Gq44KL44GT44Go44Gr5Ly044GE44CBPGJyPgrlvZPjgrfjg6fjg4Pjg5fjgaflj5bjgormibHjgYTjgZfjgabjgYTjgotNeUhFUk/jg6bjg4vjg5Xjgqnjg7zjg6Djga7oopbjg6/jg4Pjg5rjg7PjgoLjgqLjgqTjg4bjg6DjgZTjgajjgavpganlrpzjg6rjg4vjg6Xjg7zjgqLjg6vjgpLlrp/mlr3jgYTjgZ/jgZfjgb7jgZnjgII8YnI+CuWkieabtOWJje+8mumBuOaJi+OBjDIwMTfjgrfjg7zjgrrjg7Pjgqrjg7zjg5fjg7PmiKbjgb7jgafnnYDnlKjjgZnjgovoopbjg6/jg4Pjg5rjg7PjgIpS44CLPGJyPgrlpInmm7TlvozvvJrpgbjmiYvjgYwyMDE344K344O844K644Oz44OR44O744Oq44O844Kw5YWs5byP5oim6ZaL5bmV5b6M44Gr552A55So44GZ44KL6KKW44Ov44OD44Oa44Oz44CKUlJha3V0ZW7jgIs8YnI+Cjxicj4K44Kw44OD44K66LKp5aOy5ZOB44CB44OV44Kh44Oz44Kv44Op44OW54m55YW444KS5ZCr44KB44CKUuOAi+OBruOBv+OBruWPluOCiuaJseOBhOOBqOOBquOCiuOBvuOBmeOAgjxicj4K6YG45omL552A55So44Gu44Om44OL44OV44Kp44O844Og44Gv44CKUlJha3V0ZW7jgIvjgajjgarjgorjgIHjg4fjgrbjgqTjg7PjgYznlbDjgarjgorjgb7jgZnjgILkuojjgoHjgZTkuobmib/jgY/jgaDjgZXjgYTjgII8YnI+CuKAu+izvOWFpeW+jOOBq+iiluODr+ODg+ODmuODs+OBruODh+OCtuOCpOODs+OCkueQhueUseOBqOOBl+OBn+i/lOWTgeODu+S6pOaPm+OBr+S4gOWIh+OBiuWPl+OBkeOBp+OBjeOBvuOBm+OCk+OAgjxicj48L3A+CjwvZGl2Pgo8L2Rpdj48dGFibGUgd2lkdGg9IjYwMCI+PHRib2R5Pjx0cj48dGQ+CjxkaXYgY2xhc3M9ImFydGljbGUiIGlkPSJsaW5rcyI+Cgo8L2Rpdj4KCjxzdHlsZSB0eXBlPSJ0ZXh0L2NzcyI+Ci8q6LK344GE54mp44GL44GU44Gr5YWl44KM44KL44Oc44K/44OzKi8KI3Jha3V0ZW5MaW1pdGVkSWRfYXJvdW5kQ2FydCBpbnB1dFt2YWx1ZT0i6LK344GE54mp44GL44GU44Gr5YWl44KM44KLIl17CmJhY2tncm91bmQ6IHVybCgiaHR0cDovL2ltYWdlLnJha3V0ZW4uY28uanAvcmFrdXRlbmVhZ2xlcy9jYWJpbmV0LzIwMTVfY2FydC5naWYiKSBsZWZ0IHRvcCBuby1yZXBlYXQ7CndpZHRoOjI0MHB4OwpoZWlnaHQ6ODBweDsKdGV4dC1pbmRlbnQ6MTAwJTsKd2hpdGUtc3BhY2U6bm93cmFwOwpvdmVyZmxvdzpoaWRkZW47CmJvcmRlcjogbm9uZTsKcGFkZGluZzowOwptYXJnaW46MTBweCAwIWltcG9ydGFudDsKY3Vyc29yOnBvaW50ZXI7Cn0KI3Jha3V0ZW5MaW1pdGVkSWRfYXJvdW5kQ2FydCB0Ym9keSB0ciB0ZCBpbnB1dDpob3ZlcnsKYWxwaGEob3BhY2l0eT04KTsKLW1vei1vcGFjaXR5OjAuODsKb3BhY2l0eTowLjg7Cn0KCi8q5LqI57SE44GZ44KL44Oc44K/44OzKi8KI3Jha3V0ZW5MaW1pdGVkSWRfYXJvdW5kQ2FydCBpbnB1dFt2YWx1ZT0i5LqI57SE44GZ44KLIl17CmJhY2tncm91bmQ6IHVybCgiaHR0cDovL2ltYWdlLnJha3V0ZW4uY28uanAvcmFrdXRlbmVhZ2xlcy9jYWJpbmV0LzIwMTVfY2FydF9ib29rLmdpZiIpIGxlZnQgdG9wIG5vLXJlcGVhdDsKd2lkdGg6MjQwcHg7CmhlaWdodDo4MHB4Owp0ZXh0LWluZGVudDoxMDAlOwp3aGl0ZS1zcGFjZTpub3dyYXA7Cm92ZXJmbG93OmhpZGRlbjsKYm9yZGVyOiBub25lOwpwYWRkaW5nOjA7Cm1hcmdpbjoxMHB4IDAhaW1wb3J0YW50OwpjdXJzb3I6cG9pbnRlcjsKfQoKCjwvc3R5bGU+,5qW95aSp44Kk44O844Kw44Or44K5IE1hamVzdGljW+ODnuOCuOOCp+OCueODhuOCo+ODg+OCr10gTXlIRVJP44Om44OL44OV44Kp44O844Og44CKRkFOUycyMDE344CL5baL5Z+65a6PIzM377ya5qW95aSp44Kk44O844Kw44Or44K544Kq44Oz44Op44Kk44Oz44K344On44OD44OX,5p2x5YyX5qW95aSp44K044O844Or44OH44Oz44Kk44O844Kw44Or44K56YG45omL5b+c5o+044Kw44OD44K644Om44OL44OV44Kp44O844Og44Kt44Oj44OD44OX5bi95a2Q44OX44Ot6YeO55CD5LuZ5Y+w5a6u5Z+O55Sw5Lit5bCG5aSn5baL5Z+65a6P6YqA5qyh5p2+5LqV56i86aCt5aSu5pif6YeO55uj552j5bKh5bO26LGq6YOO6IyC5pyo5qCE5LqU6YOO5qKo55Sw55u0562G44K144Kk44Oz5YWl44KK6KiY5b+15ZWG5ZOB44OR44O744Oq44O844Kw44Od44Oz44OB44OnQ0hVTVPjg4Hjg6Pjg6DjgrnjgrPjg6njg5zjgrPjg6zjgq/jgrfjg6fjg7PjgrDjg4PjgrpEWOODh+ODqeODg+OCr+OCueODnuOCuOOCp+OCueODhuOCo+ODg+OCr01hamVzdGljVE9IT0tV44CAR1JFRU5NeUhFUk/jgqbjgqPjg7zjg6njg7zjg5rjgrLjg7zjg63jgqLjg57jg4Djg7zmpb3lpKnjgqTjg7zjgrDjg6vjgrkgTWFqZXN0aWNb44Oe44K444Kn44K544OG44Kj44OD44KvXSBNeUhFUk/jg6bjg4vjg5Xjgqnjg7zjg6DjgIpGQU5TJzIwMTfjgIvltovln7rlro8jMzc=,RkFOUyfjg6bjg4vjg5Xjgqnjg7zjg6AyMDE344Gu44Os44OX44Oq44Kr44Om44OL44OV44Kp44O844Og44CC5qW95aSp44Kk44O844Kw44Or44K5IE1hamVzdGljW+ODnuOCuOOCp+OCueODhuOCo+ODg+OCr10gTXlIRVJP44Om44OL44OV44Kp44O844Og44CKRkFOUycyMDE344CL5baL5Z+65a6PIzM3[rn]
25-79898,aHR0cDovL3RzaG9wLnIxMHMuanAvZ29sZC9yYWt1dGVuZWFnbGVzL2l0ZW1pbWcvaXRlbS9ycmFrdXRlbi9hMDEwMTc2Nl9hMi5qcGc/Zml0aW49NzAwOjcwMA==,NjgwMC4wMDAw,,44K544Od44O844OE44O744Ki44Km44OI44OJ44KiID4g6YeO55CD44O744K944OV44OI44Oc44O844OrID4g44Km44Kn44KiID4g56u25oqA55So44Om44OL44OV44Kp44O844Og,5qW95aSp44Kk44O844Kw44Or44K5IE1hamVzdGljW+ODnuOCuOOCp+OCueODhuOCo+ODg+OCr10gTXlIRVJP44Om44OL44OV44Kp44O844Og44CKQkxBQ0sgRUFHTEVT44CL6Jek55Sw5LiA5LmfIzY=,6buS44GM5Z+66Kq/44GuQkxBQ0sgRUFHTEVTKOODluODqeODg+OCr+OCpOODvOOCsOODq+OCuSnjg6bjg4vjg5Xjgqnjg7zjg6A=,PGRpdiBzdHlsZT0idGV4dC1hbGlnbjpjZW50ZXIiPjxicj48YnI+PGltZyBzcmM9Imh0dHA6Ly93d3cucmFrdXRlbi5uZS5qcC9nb2xkL3Jha3V0ZW5lYWdsZXMvaXRlbWltZy9pdGVtL3JyYWt1dGVuL2EwMTAxNzY2X2EyLmpwZyIgd2lkdGg9MTAwJSI+PGJyPjxicj48aW1nIHNyYz0iaHR0cDovL3d3dy5yYWt1dGVuLm5lLmpwL2dvbGQvcmFrdXRlbmVhZ2xlcy9pdGVtaW1nL2l0ZW0vcnJha3V0ZW4vYTAxMDE3NjZfYjIuanBnIiB3aWR0aD0xMDAlIj48YnI+PC9kaXY+PGRpdiBjbGFzcz0iaXRlbURldGFpbCI+CjxkaXYgY2xhc3M9ImlubmVyIj4KPHAgY2xhc3M9Im1haW5UaXRsZSI+5ZWG5ZOB6Kmz57SwPC9wPgo8cCBjbGFzcz0iaW5mb21hdGlvbiI+CuiDjOeVquWPt+ODu+iDjOODjeODvOODoOWFpeOCiuOBrk15SEVST+ODpuODi+ODleOCqeODvOODoDxicj4KPGJyPgo8L3A+CjwvZGl2PgoKCjxkaXYgY2xhc3M9ImlubmVyIj4KPHAgY2xhc3M9Im1haW5UaXRsZTIiPue0oOadkDwvcD4KPHAgY2xhc3M9ImluZm9tYXRpb24iPuODneODquOCqOOCueODhuODqzEwMCU8L3A+CjwvZGl2PgoKPGRpdiBjbGFzcz0iaW5uZXIiPgo8cCBjbGFzcz0ibWFpblRpdGxlMiI+44K144Kk44K6PC9wPgoKPHRhYmxlIGNsYXNzPSJpdGVtVGFibGUiIGJvcmRlcj0iMCIgY2VsbHBhZGRpbmc9IjAiIGNlbGxzcGFjaW5nPSIwIj4KCgo8dHI+Cjx0aD4oY20pPC90aD4KPHRoPk08L3RoPgo8dGg+TDwvdGg+Cjx0aD5YTDwvdGg+CjwvdHI+Cgo8dHI+Cjx0aD7nnYDkuIg8L3RoPgo8dGQ+NzE8L3RkPgo8dGQ+NzQ8L3RkPgo8dGQ+ODE8L3RkPgo8L3RyPgoKPHRyPgo8dGg+6Lqr5bmFPC90aD4KPHRkPjU0PC90ZD4KPHRkPjYxPC90ZD4KPHRkPjY3PC90ZD4KPC90cj4KCjx0cj4KPHRoPuiiluS4iDwvdGg+Cjx0ZD4zNTwvdGQ+Cjx0ZD4zODwvdGQ+Cjx0ZD40MTwvdGQ+CjwvdHI+CjwvdGFibGU+CuKAu+iLpeW5suWJjeW+jOOBmeOCi+WPr+iDveaAp+OBjOOBlOOBluOBhOOBvuOBmeOAguS6iOOCgeOBlOS6huaJv+OBj+OBoOOBleOBhOOAggo8L2Rpdj4KPC9kaXY+PHRhYmxlIHdpZHRoPSI2MDAiPjx0Ym9keT48dHI+PHRkPgo8ZGl2IGNsYXNzPSJhcnRpY2xlIiBpZD0ibGlua3MiPgoKPC9kaXY+Cgo8c3R5bGUgdHlwZT0idGV4dC9jc3MiPgovKuiyt+OBhOeJqeOBi+OBlOOBq+WFpeOCjOOCi+ODnOOCv+ODsyovCiNyYWt1dGVuTGltaXRlZElkX2Fyb3VuZENhcnQgaW5wdXRbdmFsdWU9Iuiyt+OBhOeJqeOBi+OBlOOBq+WFpeOCjOOCiyJdewpiYWNrZ3JvdW5kOiB1cmwoImh0dHA6Ly9pbWFnZS5yYWt1dGVuLmNvLmpwL3Jha3V0ZW5lYWdsZXMvY2FiaW5ldC8yMDE1X2NhcnQuZ2lmIikgbGVmdCB0b3Agbm8tcmVwZWF0Owp3aWR0aDoyNDBweDsKaGVpZ2h0OjgwcHg7CnRleHQtaW5kZW50OjEwMCU7CndoaXRlLXNwYWNlOm5vd3JhcDsKb3ZlcmZsb3c6aGlkZGVuOwpib3JkZXI6IG5vbmU7CnBhZGRpbmc6MDsKbWFyZ2luOjEwcHggMCFpbXBvcnRhbnQ7CmN1cnNvcjpwb2ludGVyOwp9CiNyYWt1dGVuTGltaXRlZElkX2Fyb3VuZENhcnQgdGJvZHkgdHIgdGQgaW5wdXQ6aG92ZXJ7CmFscGhhKG9wYWNpdHk9OCk7Ci1tb3otb3BhY2l0eTowLjg7Cm9wYWNpdHk6MC44Owp9CgovKuS6iOe0hOOBmeOCi+ODnOOCv+ODsyovCiNyYWt1dGVuTGltaXRlZElkX2Fyb3VuZENhcnQgaW5wdXRbdmFsdWU9IuS6iOe0hOOBmeOCiyJdewpiYWNrZ3JvdW5kOiB1cmwoImh0dHA6Ly9pbWFnZS5yYWt1dGVuLmNvLmpwL3Jha3V0ZW5lYWdsZXMvY2FiaW5ldC8yMDE1X2NhcnRfYm9vay5naWYiKSBsZWZ0IHRvcCBuby1yZXBlYXQ7CndpZHRoOjI0MHB4OwpoZWlnaHQ6ODBweDsKdGV4dC1pbmRlbnQ6MTAwJTsKd2hpdGUtc3BhY2U6bm93cmFwOwpvdmVyZmxvdzpoaWRkZW47CmJvcmRlcjogbm9uZTsKcGFkZGluZzowOwptYXJnaW46MTBweCAwIWltcG9ydGFudDsKY3Vyc29yOnBvaW50ZXI7Cn0KCgo8L3N0eWxlPg==,5qW95aSp44Kk44O844Kw44Or44K5IE1hamVzdGljW+ODnuOCuOOCp+OCueODhuOCo+ODg+OCr10gTXlIRVJP44Om44OL44OV44Kp44O844Og44CKQkxBQ0sgRUFHTEVT44CL6Jek55Sw5LiA5LmfIzbvvJrmpb3lpKnjgqTjg7zjgrDjg6vjgrnjgqrjg7Pjg6njgqTjg7Pjgrfjg6fjg4Pjg5c=,5p2x5YyX5qW95aSp44K044O844Or44OH44Oz44Kk44O844Kw44Or44K56YG45omL5b+c5o+044Kw44OD44K644Om44OL44OV44Kp44O844Og44Kt44Oj44OD44OX5bi95a2Q44OX44Ot6YeO55CD5LuZ5Y+w5a6u5Z+O55Sw5Lit5bCG5aSn5baL5Z+65a6P6YqA5qyh5p2+5LqV56i86aCt5aSu5pif6YeO55uj552j5bKh5bO26LGq6YOO6IyC5pyo5qCE5LqU6YOO5qKo55Sw55u0562G44K144Kk44Oz5YWl44KK6KiY5b+15ZWG5ZOB44OR44O744Oq44O844Kw44Od44Oz44OB44OnQ0hVTVPjg4Hjg6Pjg6DjgrnjgrPjg6njg5zjgrPjg6zjgq/jgrfjg6fjg7PjgrDjg4PjgrpEWOODh+ODqeODg+OCr+OCueODnuOCuOOCp+OCueODhuOCo+ODg+OCr01hamVzdGljVE9IT0tV44CAR1JFRU5NeUhFUk/jgqbjgqPjg7zjg6njg7zjg5rjgrLjg7zjg63jgqLjg57jg4Djg7zmpb3lpKnjgqTjg7zjgrDjg6vjgrkgTWFqZXN0aWNb44Oe44K444Kn44K544OG44Kj44OD44KvXSBNeUhFUk/jg6bjg4vjg5Xjgqnjg7zjg6DjgIpCTEFDSyBFQUdMRVPjgIvol6TnlLDkuIDkuZ8jNg==,6buS44GM5Z+66Kq/44GuQkxBQ0sgRUFHTEVTKOODluODqeODg+OCr+OCpOODvOOCsOODq+OCuSnjg6bjg4vjg5Xjgqnjg7zjg6DjgILmpb3lpKnjgqTjg7zjgrDjg6vjgrkgTWFqZXN0aWNb44Oe44K444Kn44K544OG44Kj44OD44KvXSBNeUhFUk/jg6bjg4vjg5Xjgqnjg7zjg6DjgIpCTEFDSyBFQUdMRVPjgIvol6TnlLDkuIDkuZ8jNg==[rn]
25-79899,aHR0cDovL3RzaG9wLnIxMHMuanAvZ29sZC9yYWt1dGVuZWFnbGVzL2l0ZW1pbWcvaXRlbS9ycmFrdXRlbi9hMDEwMTc2OV9hMi5qcGc/Zml0aW49NzAwOjcwMA==,NjgwMC4wMDAw,,44K544Od44O844OE44O744Ki44Km44OI44OJ44KiID4g6YeO55CD44O744K944OV44OI44Oc44O844OrID4g44Km44Kn44KiID4g56u25oqA55So44Om44OL44OV44Kp44O844Og,5qW95aSp44Kk44O844Kw44Or44K5IE1hamVzdGljW+ODnuOCuOOCp+OCueODhuOCo+ODg+OCr10gTXlIRVJP44Om44OL44OV44Kp44O844Og44CKQkxBQ0sgRUFHTEVT44CL5p2+5LqV56i86aCt5aSuIzc=,6buS44GM5Z+66Kq/44GuQkxBQ0sgRUFHTEVTKOODluODqeODg+OCr+OCpOODvOOCsOODq+OCuSnjg6bjg4vjg5Xjgqnjg7zjg6A=,PGRpdiBzdHlsZT0idGV4dC1hbGlnbjpjZW50ZXIiPjxicj48YnI+PGltZyBzcmM9Imh0dHA6Ly93d3cucmFrdXRlbi5uZS5qcC9nb2xkL3Jha3V0ZW5lYWdsZXMvaXRlbWltZy9pdGVtL3JyYWt1dGVuL2EwMTAxNzY5X2EyLmpwZyIgd2lkdGg9MTAwJSI+PGJyPjxicj48aW1nIHNyYz0iaHR0cDovL3d3dy5yYWt1dGVuLm5lLmpwL2dvbGQvcmFrdXRlbmVhZ2xlcy9pdGVtaW1nL2l0ZW0vcnJha3V0ZW4vYTAxMDE3NjlfYjIuanBnIiB3aWR0aD0xMDAlIj48YnI+PC9kaXY+PGRpdiBjbGFzcz0iaXRlbURldGFpbCI+CjxkaXYgY2xhc3M9ImlubmVyIj4KPHAgY2xhc3M9Im1haW5UaXRsZSI+5ZWG5ZOB6Kmz57SwPC9wPgo8cCBjbGFzcz0iaW5mb21hdGlvbiI+CuiDjOeVquWPt+ODu+iDjOODjeODvOODoOWFpeOCiuOBrk15SEVST+ODpuODi+ODleOCqeODvOODoDxicj4KPGJyPgo8L3A+CjwvZGl2PgoKCjxkaXYgY2xhc3M9ImlubmVyIj4KPHAgY2xhc3M9Im1haW5UaXRsZTIiPue0oOadkDwvcD4KPHAgY2xhc3M9ImluZm9tYXRpb24iPuODneODquOCqOOCueODhuODqzEwMCU8L3A+CjwvZGl2PgoKPGRpdiBjbGFzcz0iaW5uZXIiPgo8cCBjbGFzcz0ibWFpblRpdGxlMiI+44K144Kk44K6PC9wPgoKPHRhYmxlIGNsYXNzPSJpdGVtVGFibGUiIGJvcmRlcj0iMCIgY2VsbHBhZGRpbmc9IjAiIGNlbGxzcGFjaW5nPSIwIj4KCgo8dHI+Cjx0aD4oY20pPC90aD4KPHRoPk08L3RoPgo8dGg+TDwvdGg+Cjx0aD5YTDwvdGg+CjwvdHI+Cgo8dHI+Cjx0aD7nnYDkuIg8L3RoPgo8dGQ+NzE8L3RkPgo8dGQ+NzQ8L3RkPgo8dGQ+ODE8L3RkPgo8L3RyPgoKPHRyPgo8dGg+6Lqr5bmFPC90aD4KPHRkPjU0PC90ZD4KPHRkPjYxPC90ZD4KPHRkPjY3PC90ZD4KPC90cj4KCjx0cj4KPHRoPuiiluS4iDwvdGg+Cjx0ZD4zNTwvdGQ+Cjx0ZD4zODwvdGQ+Cjx0ZD40MTwvdGQ+CjwvdHI+CjwvdGFibGU+CuKAu+iLpeW5suWJjeW+jOOBmeOCi+WPr+iDveaAp+OBjOOBlOOBluOBhOOBvuOBmeOAguS6iOOCgeOBlOS6huaJv+OBj+OBoOOBleOBhOOAggo8L2Rpdj4KPC9kaXY+PHRhYmxlIHdpZHRoPSI2MDAiPjx0Ym9keT48dHI+PHRkPgo8ZGl2IGNsYXNzPSJhcnRpY2xlIiBpZD0ibGlua3MiPgoKPC9kaXY+Cgo8c3R5bGUgdHlwZT0idGV4dC9jc3MiPgovKuiyt+OBhOeJqeOBi+OBlOOBq+WFpeOCjOOCi+ODnOOCv+ODsyovCiNyYWt1dGVuTGltaXRlZElkX2Fyb3VuZENhcnQgaW5wdXRbdmFsdWU9Iuiyt+OBhOeJqeOBi+OBlOOBq+WFpeOCjOOCiyJdewpiYWNrZ3JvdW5kOiB1cmwoImh0dHA6Ly9pbWFnZS5yYWt1dGVuLmNvLmpwL3Jha3V0ZW5lYWdsZXMvY2FiaW5ldC8yMDE1X2NhcnQuZ2lmIikgbGVmdCB0b3Agbm8tcmVwZWF0Owp3aWR0aDoyNDBweDsKaGVpZ2h0OjgwcHg7CnRleHQtaW5kZW50OjEwMCU7CndoaXRlLXNwYWNlOm5vd3JhcDsKb3ZlcmZsb3c6aGlkZGVuOwpib3JkZXI6IG5vbmU7CnBhZGRpbmc6MDsKbWFyZ2luOjEwcHggMCFpbXBvcnRhbnQ7CmN1cnNvcjpwb2ludGVyOwp9CiNyYWt1dGVuTGltaXRlZElkX2Fyb3VuZENhcnQgdGJvZHkgdHIgdGQgaW5wdXQ6aG92ZXJ7CmFscGhhKG9wYWNpdHk9OCk7Ci1tb3otb3BhY2l0eTowLjg7Cm9wYWNpdHk6MC44Owp9CgovKuS6iOe0hOOBmeOCi+ODnOOCv+ODsyovCiNyYWt1dGVuTGltaXRlZElkX2Fyb3VuZENhcnQgaW5wdXRbdmFsdWU9IuS6iOe0hOOBmeOCiyJdewpiYWNrZ3JvdW5kOiB1cmwoImh0dHA6Ly9pbWFnZS5yYWt1dGVuLmNvLmpwL3Jha3V0ZW5lYWdsZXMvY2FiaW5ldC8yMDE1X2NhcnRfYm9vay5naWYiKSBsZWZ0IHRvcCBuby1yZXBlYXQ7CndpZHRoOjI0MHB4OwpoZWlnaHQ6ODBweDsKdGV4dC1pbmRlbnQ6MTAwJTsKd2hpdGUtc3BhY2U6bm93cmFwOwpvdmVyZmxvdzpoaWRkZW47CmJvcmRlcjogbm9uZTsKcGFkZGluZzowOwptYXJnaW46MTBweCAwIWltcG9ydGFudDsKY3Vyc29yOnBvaW50ZXI7Cn0KCgo8L3N0eWxlPg==,5qW95aSp44Kk44O844Kw44Or44K5IE1hamVzdGljW+ODnuOCuOOCp+OCueODhuOCo+ODg+OCr10gTXlIRVJP44Om44OL44OV44Kp44O844Og44CKQkxBQ0sgRUFHTEVT44CL5p2+5LqV56i86aCt5aSuIzfvvJrmpb3lpKnjgqTjg7zjgrDjg6vjgrnjgqrjg7Pjg6njgqTjg7Pjgrfjg6fjg4Pjg5c=,5p2x5YyX5qW95aSp44K044O844Or44OH44Oz44Kk44O844Kw44Or44K56YG45omL5b+c5o+044Kw44OD44K644Om44OL44OV44Kp44O844Og44Kt44Oj44OD44OX5bi95a2Q44OX44Ot6YeO55CD5LuZ5Y+w5a6u5Z+O55Sw5Lit5bCG5aSn5baL5Z+65a6P6YqA5qyh5p2+5LqV56i86aCt5aSu5pif6YeO55uj552j5bKh5bO26LGq6YOO6IyC5pyo5qCE5LqU6YOO5qKo55Sw55u0562G44K144Kk44Oz5YWl44KK6KiY5b+15ZWG5ZOB44OR44O744Oq44O844Kw44Od44Oz44OB44OnQ0hVTVPjg4Hjg6Pjg6DjgrnjgrPjg6njg5zjgrPjg6zjgq/jgrfjg6fjg7PjgrDjg4PjgrpEWOODh+ODqeODg+OCr+OCueODnuOCuOOCp+OCueODhuOCo+ODg+OCr01hamVzdGljVE9IT0tV44CAR1JFRU5NeUhFUk/jgqbjgqPjg7zjg6njg7zjg5rjgrLjg7zjg63jgqLjg57jg4Djg7zmpb3lpKnjgqTjg7zjgrDjg6vjgrkgTWFqZXN0aWNb44Oe44K444Kn44K544OG44Kj44OD44KvXSBNeUhFUk/jg6bjg4vjg5Xjgqnjg7zjg6DjgIpCTEFDSyBFQUdMRVPjgIvmnb7kupXnqLzpoK3lpK4jNw==,6buS44GM5Z+66Kq/44GuQkxBQ0sgRUFHTEVTKOODluODqeODg+OCr+OCpOODvOOCsOODq+OCuSnjg6bjg4vjg5Xjgqnjg7zjg6DjgILmpb3lpKnjgqTjg7zjgrDjg6vjgrkgTWFqZXN0aWNb44Oe44K444Kn44K544OG44Kj44OD44KvXSBNeUhFUk/jg6bjg4vjg5Xjgqnjg7zjg6DjgIpCTEFDSyBFQUdMRVPjgIvmnb7kupXnqLzpoK3lpK4jNw==[rn]
25-79900,aHR0cDovL3RzaG9wLnIxMHMuanAvZ29sZC9yYWt1dGVuZWFnbGVzL2l0ZW1pbWcvaXRlbS9ycmFrdXRlbi9hMDEwMTc3Ml9hMi5qcGc/Zml0aW49NzAwOjcwMA==,NjgwMC4wMDAw,,44K544Od44O844OE44O744Ki44Km44OI44OJ44KiID4g6YeO55CD44O744K944OV44OI44Oc44O844OrID4g44Km44Kn44KiID4g56u25oqA55So44Om44OL44OV44Kp44O844Og,5qW95aSp44Kk44O844Kw44Or44K5IE1hamVzdGljW+ODnuOCuOOCp+OCueODhuOCo+ODg+OCr10gTXlIRVJP44Om44OL44OV44Kp44O844Og44CKQkxBQ0sgRUFHTEVT44CL5LuK5rGf5pWP5pmDIzg=,6buS44GM5Z+66Kq/44GuQkxBQ0sgRUFHTEVTKOODluODqeODg+OCr+OCpOODvOOCsOODq+OCuSnjg6bjg4vjg5Xjgqnjg7zjg6A=,PGRpdiBzdHlsZT0idGV4dC1hbGlnbjpjZW50ZXIiPjxicj48YnI+PGltZyBzcmM9Imh0dHA6Ly93d3cucmFrdXRlbi5uZS5qcC9nb2xkL3Jha3V0ZW5lYWdsZXMvaXRlbWltZy9pdGVtL3JyYWt1dGVuL2EwMTAxNzcyX2EyLmpwZyIgd2lkdGg9MTAwJSI+PGJyPjxicj48aW1nIHNyYz0iaHR0cDovL3d3dy5yYWt1dGVuLm5lLmpwL2dvbGQvcmFrdXRlbmVhZ2xlcy9pdGVtaW1nL2l0ZW0vcnJha3V0ZW4vYTAxMDE3NzJfYjIuanBnIiB3aWR0aD0xMDAlIj48YnI+PC9kaXY+PGRpdiBjbGFzcz0iaXRlbURldGFpbCI+CjxkaXYgY2xhc3M9ImlubmVyIj4KPHAgY2xhc3M9Im1haW5UaXRsZSI+5ZWG5ZOB6Kmz57SwPC9wPgo8cCBjbGFzcz0iaW5mb21hdGlvbiI+CuiDjOeVquWPt+ODu+iDjOODjeODvOODoOWFpeOCiuOBrk15SEVST+ODpuODi+ODleOCqeODvOODoDxicj4KPGJyPgo8L3A+CjwvZGl2PgoKCjxkaXYgY2xhc3M9ImlubmVyIj4KPHAgY2xhc3M9Im1haW5UaXRsZTIiPue0oOadkDwvcD4KPHAgY2xhc3M9ImluZm9tYXRpb24iPuODneODquOCqOOCueODhuODqzEwMCU8L3A+CjwvZGl2PgoKPGRpdiBjbGFzcz0iaW5uZXIiPgo8cCBjbGFzcz0ibWFpblRpdGxlMiI+44K144Kk44K6PC9wPgoKPHRhYmxlIGNsYXNzPSJpdGVtVGFibGUiIGJvcmRlcj0iMCIgY2VsbHBhZGRpbmc9IjAiIGNlbGxzcGFjaW5nPSIwIj4KCgo8dHI+Cjx0aD4oY20pPC90aD4KPHRoPk08L3RoPgo8dGg+TDwvdGg+Cjx0aD5YTDwvdGg+CjwvdHI+Cgo8dHI+Cjx0aD7nnYDkuIg8L3RoPgo8dGQ+NzE8L3RkPgo8dGQ+NzQ8L3RkPgo8dGQ+ODE8L3RkPgo8L3RyPgoKPHRyPgo8dGg+6Lqr5bmFPC90aD4KPHRkPjU0PC90ZD4KPHRkPjYxPC90ZD4KPHRkPjY3PC90ZD4KPC90cj4KCjx0cj4KPHRoPuiiluS4iDwvdGg+Cjx0ZD4zNTwvdGQ+Cjx0ZD4zODwvdGQ+Cjx0ZD40MTwvdGQ+CjwvdHI+CjwvdGFibGU+CuKAu+iLpeW5suWJjeW+jOOBmeOCi+WPr+iDveaAp+OBjOOBlOOBluOBhOOBvuOBmeOAguS6iOOCgeOBlOS6huaJv+OBj+OBoOOBleOBhOOAggo8L2Rpdj4KPC9kaXY+PHRhYmxlIHdpZHRoPSI2MDAiPjx0Ym9keT48dHI+PHRkPgo8ZGl2IGNsYXNzPSJhcnRpY2xlIiBpZD0ibGlua3MiPgoKPC9kaXY+Cgo8c3R5bGUgdHlwZT0idGV4dC9jc3MiPgovKuiyt+OBhOeJqeOBi+OBlOOBq+WFpeOCjOOCi+ODnOOCv+ODsyovCiNyYWt1dGVuTGltaXRlZElkX2Fyb3VuZENhcnQgaW5wdXRbdmFsdWU9Iuiyt+OBhOeJqeOBi+OBlOOBq+WFpeOCjOOCiyJdewpiYWNrZ3JvdW5kOiB1cmwoImh0dHA6Ly9pbWFnZS5yYWt1dGVuLmNvLmpwL3Jha3V0ZW5lYWdsZXMvY2FiaW5ldC8yMDE1X2NhcnQuZ2lmIikgbGVmdCB0b3Agbm8tcmVwZWF0Owp3aWR0aDoyNDBweDsKaGVpZ2h0OjgwcHg7CnRleHQtaW5kZW50OjEwMCU7CndoaXRlLXNwYWNlOm5vd3JhcDsKb3ZlcmZsb3c6aGlkZGVuOwpib3JkZXI6IG5vbmU7CnBhZGRpbmc6MDsKbWFyZ2luOjEwcHggMCFpbXBvcnRhbnQ7CmN1cnNvcjpwb2ludGVyOwp9CiNyYWt1dGVuTGltaXRlZElkX2Fyb3VuZENhcnQgdGJvZHkgdHIgdGQgaW5wdXQ6aG92ZXJ7CmFscGhhKG9wYWNpdHk9OCk7Ci1tb3otb3BhY2l0eTowLjg7Cm9wYWNpdHk6MC44Owp9CgovKuS6iOe0hOOBmeOCi+ODnOOCv+ODsyovCiNyYWt1dGVuTGltaXRlZElkX2Fyb3VuZENhcnQgaW5wdXRbdmFsdWU9IuS6iOe0hOOBmeOCiyJdewpiYWNrZ3JvdW5kOiB1cmwoImh0dHA6Ly9pbWFnZS5yYWt1dGVuLmNvLmpwL3Jha3V0ZW5lYWdsZXMvY2FiaW5ldC8yMDE1X2NhcnRfYm9vay5naWYiKSBsZWZ0IHRvcCBuby1yZXBlYXQ7CndpZHRoOjI0MHB4OwpoZWlnaHQ6ODBweDsKdGV4dC1pbmRlbnQ6MTAwJTsKd2hpdGUtc3BhY2U6bm93cmFwOwpvdmVyZmxvdzpoaWRkZW47CmJvcmRlcjogbm9uZTsKcGFkZGluZzowOwptYXJnaW46MTBweCAwIWltcG9ydGFudDsKY3Vyc29yOnBvaW50ZXI7Cn0KCgo8L3N0eWxlPg==,5qW95aSp44Kk44O844Kw44Or44K5IE1hamVzdGljW+ODnuOCuOOCp+OCueODhuOCo+ODg+OCr10gTXlIRVJP44Om44OL44OV44Kp44O844Og44CKQkxBQ0sgRUFHTEVT44CL5LuK5rGf5pWP5pmDIzjvvJrmpb3lpKnjgqTjg7zjgrDjg6vjgrnjgqrjg7Pjg6njgqTjg7Pjgrfjg6fjg4Pjg5c=,5p2x5YyX5qW95aSp44K044O844Or44OH44Oz44Kk44O844Kw44Or44K56YG45omL5b+c5o+044Kw44OD44K644Om44OL44OV44Kp44O844Og44Kt44Oj44OD44OX5bi95a2Q44OX44Ot6YeO55CD5LuZ5Y+w5a6u5Z+O55Sw5Lit5bCG5aSn5baL5Z+65a6P6YqA5qyh5p2+5LqV56i86aCt5aSu5pif6YeO55uj552j5bKh5bO26LGq6YOO6IyC5pyo5qCE5LqU6YOO5qKo55Sw55u0562G44K144Kk44Oz5YWl44KK6KiY5b+15ZWG5ZOB44OR44O744Oq44O844Kw44Od44Oz44OB44OnQ0hVTVPjg4Hjg6Pjg6DjgrnjgrPjg6njg5zjgrPjg6zjgq/jgrfjg6fjg7PjgrDjg4PjgrpEWOODh+ODqeODg+OCr+OCueODnuOCuOOCp+OCueODhuOCo+ODg+OCr01hamVzdGljVE9IT0tV44CAR1JFRU5NeUhFUk/jgqbjgqPjg7zjg6njg7zjg5rjgrLjg7zjg63jgqLjg57jg4Djg7zmpb3lpKnjgqTjg7zjgrDjg6vjgrkgTWFqZXN0aWNb44Oe44K444Kn44K544OG44Kj44OD44KvXSBNeUhFUk/jg6bjg4vjg5Xjgqnjg7zjg6DjgIpCTEFDSyBFQUdMRVPjgIvku4rmsZ/mlY/mmYMjOA==,6buS44GM5Z+66Kq/44GuQkxBQ0sgRUFHTEVTKOODluODqeODg+OCr+OCpOODvOOCsOODq+OCuSnjg6bjg4vjg5Xjgqnjg7zjg6DjgILmpb3lpKnjgqTjg7zjgrDjg6vjgrkgTWFqZXN0aWNb44Oe44K444Kn44K544OG44Kj44OD44KvXSBNeUhFUk/jg6bjg4vjg5Xjgqnjg7zjg6DjgIpCTEFDSyBFQUdMRVPjgIvku4rmsZ/mlY/mmYMjOA==[rn]
