16-122001,aHR0cDovL3RzaG9wLnIxMHMuanAva3VyYXNoaWtlbmtvdS9jYWJpbmV0L2hvZG9nYXlhLzk4MzIzNDctZS5qcGc/Zml0aW49NzAwOjcwMA==,NDMyOC4wMDAw,,6IWV5pmC6KiIID4g44Oh44Oz44K66IWV5pmC6KiI,Q0FTSU/jgJTjgqvjgrfjgqrjgJXjg6njg7Pjg4vjg7PjgrDjgqbjgqnjg4Pjg4HjgIDohZXmmYLoqIjjgIBQSFlT44CAU1RSLTMwMEotMkNKRuOAkETjgJHjgJDpgIHmlpnnhKHmlpnjgJE=,44CQMTAw5YaG44Kv44O844Od44Oz5pyJ44CR44CQ5YWo5Zu944Gp44GT44Gn44KC6YCB5paZ54Sh5paZ44CR,PCEtLeKWvOOCq+OCtOS4i+ODkOODiuODvC0tPjxjZW50ZXI+PGZvbnQgY29sb3I9IiNmZjE0OTMiIHNpemU9IjYiPjwvY2VudGVyPjwvZm9udD48aWZyYW1lIHNyYz0iaHR0cDovL3d3dy5yYWt1dGVuLm5lLmpwL2dvbGQva3VyYXNoaWtlbmtvdS9jYXJ0XzE2MTAxOC5odG1sIiB3aWR0aD0iMTAwJSIgaGVpZ2h0PSI2NzAiIHNjcm9sbGluZz0ibm8iIGZyYW1lYm9yZGVyPSIwIiA9IiI+PC9pZnJhbWUg44CAPjwhLS3ilrLjgqvjgrTkuIvjg5Djg4rjg7wtLT48YnI+CgoKCgoKCgoKCgoKCgoKCgoKCjxmb250IGNvbG9yPSIjMDA2NmZmIj48Yj7pm7vmsaDlr7/lkb3ntIQxMOW5tOOBrumVt+Wvv+WRveioreioiO+8gTwvYj48L2ZvbnQ+PGJyPgrjgqLjgrnjg6rjg7zjg4jnlKjjgqbjgqrjg4Pjg4HjgIxQSFlT44CN44Gu44K/44OV44OQ44OD44OG44Oq44O8MTDjg6Ljg4fjg6vimao8YnI+Cumbu+axoOWvv+WRvee0hDEw5bm044Gu6ZW35a+/5ZG944KS6YGU5oiQ77yBPGJyPgrjg5zjgr/jg7Pmk43kvZzjgYzjgZfjgoTjgZnjgYTjg5bjg6njgqTjg7Pjg4njgqrjg5rjg6zjg7zjgrfjg6fjg7Pmp4vpgKDjgpLmjqHnlKjjgII8YnI+CuODqeODg+ODl+ODoeODouODquODvDYw44KE44K/44Kk44Oe44O844KS5pCt6LyJ4piGPGJyPgrohZXjgpLlgr7jgZHjgovjgaDjgZHjgafnmbrooYzjgZnjgovjgqrjg7zjg4hMRUTjg6njgqTjg4jjgoLoo4XlgpnjgZXjgozjgabjgYTjgb7jgZnimao8YnI+PGJyPuKXj+WVhuWTgeOCteOCpOOCuu+8iOe0hO+8ie+8muW5hTMuNTLDl+WlpeihjDEuMjHDl+mrmOOBlTQuODJjbTxicj4K4peP6LOq6YeP77yI57SE77yJ77yaMzBnPGJyPgril4/mnZDos6o8YnI+CuOAgOOCseODvOOCueODu+ODmeOCvOODq++8muaoueiEgjxicj4K44CA44Ks44Op44K577ya5qi56ISC44Ks44Op44K577yI6KGo6Z2i5b2i54q277ya55CD6Z2i44O75puy6Z2i77yJPGJyPgrjgIDjg5Djg7Pjg4nvvJrmqLnohILjg5Djg7Pjg4k8YnI+CuKXj+mYsuawtOaAp++8mjXmsJflnKfpmLLmsLQKPGJyPjxicj4KCjxmb250IHNpemU9Ii0yIj7jgJDkuLvjgarmqZ/og73jg7vmgKfog73jgJE8YnI+CuKXi+ODluODqeOCpOODs+ODieOCquODmuODrOODvOOCt+ODp+ODs+ani+mAoDxicj4K4peL44OH44Ol44Ki44Or44K/44Kk44OgPGJyPgril4vjgrnjg4jjg4Pjg5fjgqbjgqrjg4Pjg4E8YnI+CuOAgDEvMTAw56eS77yIMTDmmYLplpPmnKrmuoDvvInvvI8x56eS77yIMTDmmYLplpPku6XkuIrvvInjgIExMDDmmYLplpPoqIjjgIHjg6njg4Pjg5cv44K544OX44Oq44OD44OI5LuY44GNPGJyPgrjgIDoqIjmuKzjg4fjg7zjgr/jgpI2MOacrOODoeODouODquODvO+8iOODh+ODvOOCv+eVquWPt+OAgeioiOa4rOaciOODu+aXpeOAgeODqeODg+ODly/jgrnjg5fjg6rjg4Pjg4jjgr/jgqTjg6DjgIHjg6njg4Pjg5fnlarlj7fjgIHotbDooYzot53pm6LjgIHmnIDpq5jjg6njg4Pjg5fooajnpLo8YnI+CuOAgOepjeeul+i3nemboueul+WHujxicj4K44CA44OH44O844K/6Kit5a6a77yI44OU44OD44OB44CB5q2p5bmF77yJPGJyPgrjgIDjg5rjg7zjgrnpn7PloLHpn7PmqZ/og73ku5jjgY08YnI+CuKXi+OCv+OCpOODnuODvO+8iOOCu+ODg+ODiOWNmOS9je+8mjHliIbjgIHmnIDlpKfjgrvjg4Pjg4gxMDDmmYLplpPjgIEx56eS5Y2Y5L2N44Gn6KiI5ris44CB44Kq44O844OI44Oq44OU44O844OI77yJPGJyPgril4vmmYLliLvjgqLjg6njg7zjg6A15pys77yIMeacrOOBruOBv+OCueODjOODvOOCuuWIh+abv+apn+iDve+8ieODu+aZguWgsTxicj4K4peL44OV44Or44Kq44O844OI44Kr44Os44Oz44OA44O8PGJyPgril4sxMi8yNOaZgumWk+WItuihqOekuuWIh+abvzxicj4K4peLTEVE44Op44Kk44OI77yI44Kq44O844OI44Op44Kk44OI44CB5q6L54Wn5qmf6IO95LuY44GN77yJPGJyPgril4vnsr7luqbvvJrlubPlnYfmnIjlt67CsTE156eSPGJyPgril4vpm7vmsaDlr7/lkb3vvJrntIQxMOW5tDxicj4KPGJyPgrigLvmmYLoqIjjgavjgYLjgonjgYvjgZjjgoHjgrvjg4Pjg4jjgZXjgozjgabjgYTjgovpm7vmsaDjga/jgIHmmYLoqIjjga7mqZ/og73jgoTmgKfog73jgpLjg4Hjgqfjg4Pjgq/jgZnjgovjgZ/jgoHjga7jg6Ljg4vjgr/jg7znlKjpm7vmsaDjgafjgZnjgIIKCgoKPC9mb250Pjxicj48YnI+PGZvbnQgY29sb3I9IiMwMDY2ZmYiPuKXhuKXh+mWoumAo+WVhuWTgeOAgOOBk+OBoeOCieOCguOBiuOBmeOBmeOCgeOBp+OBmeKXh+KXhjwvZm9udD48YnI+CuKYhUNBU0lP44CU44Kr44K344Kq44CV6IWV5pmC6KiI44CAU1RSLTMwMENKLTFKRjxicj4K4piFQ0FTSU/jgJTjgqvjgrfjgqrjgJXohZXmmYLoqIjjgIBTVFItMzAwSi0yQ0o8YnI+CuKYhUNBU0lP44CU44Kr44K344Kq44CV6IWV5pmC6KiI44CAU1RSLTkwMEotMUpGPGJyPgrimIVDQVNJT+OAlOOCq+OCt+OCquOAleiFleaZguioiOOAgFNUVy0xMDAwLTdKRjxicj4K4piFQ0FTSU/jgJTjgqvjgrfjgqrjgJXohZXmmYLoqIjjgIBTVFctMTAwMC0ySkY8YnI+CuKYhUNBU0lP44CU44Kr44K344Kq44CV6IWV5pmC6KiI44CAU1RXLTEwMDAtNEpGPGJyPg==,Q0FTSU/jgJTjgqvjgrfjgqrjgJXjg6njg7Pjg4vjg7PjgrDjgqbjgqnjg4Pjg4HjgIDohZXmmYLoqIjjgIBQSFlT44CAU1RSLTMwMEotMkNKRuOAkETjgJHjgJDpgIHmlpnnhKHmlpnjgJHvvJrmmq7jgonjgZflgaXlurfjg43jg4Pjg4jppKg=,44Kt44OD44OB44Oz44OQ44K56Kq/55CG5Zmo5YW35rSX5Ymk44Kv44Oq44K544K/44Or44Ks44Kk44K244O8NTAwbWzmn5Tou5/liaTlrqTlhoXnianlubLjgZfnianlubLjgZflgaXlurfpo5/lk4HjgqLjgqTjg6rjgrnjgqrjg7zjg6Tjg57mjoPpmaTjg4/jg7Pjgqzjg7zmtJfmv6/lj47ntI3nsbPjg4DjgqTjgqjjg4Pjg4jmsLTjg4Djgqbjg4vjg7zjg5Xjg6njgqTjg5Hjg7PnibnojLZDQVNJT+OAlOOCq+OCt+OCquOAleODqeODs+ODi+ODs+OCsOOCpuOCqeODg+ODgeOAgOiFleaZguioiOOAgFBIWVPjgIBTVFItMzAwSi0yQ0pG44CQROOAkeOAkOmAgeaWmeeEoeaWmeOAkQ==,44CQMTAw5YaG44Kv44O844Od44Oz5pyJ44CR44CQ5YWo5Zu944Gp44GT44Gn44KC6YCB5paZ54Sh5paZ44CR44CCQ0FTSU/jgJTjgqvjgrfjgqrjgJXjg6njg7Pjg4vjg7PjgrDjgqbjgqnjg4Pjg4HjgIDohZXmmYLoqIjjgIBQSFlT44CAU1RSLTMwMEotMkNKRuOAkETjgJHjgJDpgIHmlpnnhKHmlpnjgJE=[rn]
16-122002,aHR0cDovL3RzaG9wLnIxMHMuanAva3VyYXNoaWtlbmtvdS9jYWJpbmV0L3Rhc3lhMjIvNzAyODkzNi1lLmpwZz9maXRpbj03MDA6NzAw,ODc0LjQwMDA=,,6IWV5pmC6KiIID4g44Oh44Oz44K66IWV5pmC6KiI,44CQ44Oh44O844Or5L6/44CR44CQ6YCB5paZ54Sh5paZ44CR44CQ6IWV5pmC6KiIIOOCt+ODgeOCuuODs+OAkVEmUeOAkOaZguioiCDjgajjgZHjgYQg5paw55Sf5rS7IOaZgumWk+OAkUNJVElaRU4gUTU5Ni04NTHjgJBE44CR44CQSETjgJHjgJDku6PlvJXkuI3lj6/jgJE=,44CQ5YWo5Zu944Gp44GT44Gn44KC6YCB5paZ54Sh5paZ44CR,PCEtLeKWvOOCq+OCtOS4i+ODkOODiuODvC0tPjxjZW50ZXI+PGZvbnQgY29sb3I9IiNmZjE0OTMiIHNpemU9IjYiPjwvY2VudGVyPjwvZm9udD48aWZyYW1lIHNyYz0iaHR0cDovL3d3dy5yYWt1dGVuLm5lLmpwL2dvbGQva3VyYXNoaWtlbmtvdS9jYXJ0XzE2MTAxOC5odG1sIiB3aWR0aD0iMTAwJSIgaGVpZ2h0PSI2NzAiIHNjcm9sbGluZz0ibm8iIGZyYW1lYm9yZGVyPSIwIiA9IiI+PC9pZnJhbWUg44CAPjwhLS3ilrLjgqvjgrTkuIvjg5Djg4rjg7wtLT48YnI+CgoKCgoKCgoKCgoKCgoKCgoKCgo8Rm9udCBDb2xvcj0icmVkIj7igLvjgZPjgaHjgonjga7llYblk4Hjga/jg6Hjg7zjg6vkvr/jgafjga7nmbrpgIHjgajjgarjgorjgb7jgZnjgII8YnI+5LuW5ZWG5ZOB44Go44Gu5ZCM5pmC5rOo5paH44CB44GK5bGK44GR5pel5pmC44Gu5oyH5a6a44O75Luj6YeR5byV5o+b44Gv5Ye65p2l44GL44Gt44G+44GZ44Gu44Gn44GU5LqG5om/44GP44Gg44GV44GE44G+44Gb44CCPC9mb250Pjxicj48YnI+PGI+PGZvbnQgY29sb3I9IiNEQ0RDREMiPuOAkOiFleaZguioiCDjgrfjg4Hjgrrjg7Mg5pmC6KiIIOOBqOOBkeOBhCDmlrDnlJ/mtLsg5pmC6ZaT44CRQ0lUSVpFTjwvZm9udD48L2I+PGJyPjEw5rCX5Zyn6Ziy5rC044CB6JOE5YWJ5LuY44GN6Yed44CB44Od44Oq44Km44Os44K/44Oz44OZ44Or44OI44Gu44Oq44O844K644OK44OW44Or44Gq6IWV5pmC6KiI44Gn44GZ44CCPGJyPjxicj7il4/llYblk4HjgrXjgqTjgrrvvIhjbe+8ie+8muW5hee0hDEzLjXDl+WlpeihjOe0hDIzLjfDl+mrmOOBlTnvvIjmorHljIXjgrXjgqTjgrrvvIk8YnI+CuOCseODvOOCueOBruW9oueKtiDjg6njgqbjg7Pjg4njg5XjgqfjgqTjgrk8YnI+CumiqOmYsue0oOadkCDjgqLjgq/jg6rjg6vjgqzjg6njgrk8YnI+CuihqOekuuOCv+OCpOODlyDjgqLjg4rjg63jgrDooajnpLo8YnI+CueVmeOCgemHkSDjg5Djg4Pjgq/jg6so5bC+6YygKTxicj4K44Kx44O844K557Sg5p2QIOWQiOaIkOaoueiEgjxicj4K44Kx44O844K55Y6aIDEwLjVtbTxicj4K44OQ44Oz44OJ57Sg5p2Q44O744K/44Kk44OXIOODneODquOCpuODrOOCv+ODsyDjg5njg6vjg4jjgr/jgqTjg5c8YnI+CuODkOODs+ODiemVtyDntIQxNC41772eMjBjbTxicj4K44OQ44Oz44OJ44Kr44Op44O8IOODluODqeODg+OCrzxicj4K5paH5a2X55uk44Kr44Op44O8IOODluODqeODg+OCrzxicj4K5pys5L2T6YeN6YePIDM2Zzxicj4K44Og44O844OW44Oh44Oz44OIIOOCr+OCqeODvOODhDxicj4K44Oh44O844Kr44O85L+d6Ki8IDbjg7XmnIjkv53oqLw8YnI+,44CQ44Oh44O844Or5L6/44CR44CQ6YCB5paZ54Sh5paZ44CR44CQ6IWV5pmC6KiIIOOCt+ODgeOCuuODs+OAkVEmYW1wO1HjgJDmmYLoqIgg44Go44GR44GEIOaWsOeUn+a0uyDmmYLplpPjgJFDSVRJWkVOIFE1OTYtODUx44CQROOAkeOAkEhE44CR44CQ5Luj5byV5LiN5Y+v44CR77ya5pqu44KJ44GX5YGl5bq344ON44OD44OI6aSo,44Kt44OD44OB44Oz44OQ44K56Kq/55CG5Zmo5YW35rSX5Ymk44Kv44Oq44K544K/44Or44Ks44Kk44K244O8NTAwbWzmn5Tou5/liaTlrqTlhoXnianlubLjgZfnianlubLjgZflgaXlurfpo5/lk4HjgqLjgqTjg6rjgrnjgqrjg7zjg6Tjg57mjoPpmaTjg4/jg7Pjgqzjg7zmtJfmv6/lj47ntI3nsbPjg4DjgqTjgqjjg4Pjg4jmsLTjg4Djgqbjg4vjg7zjg5Xjg6njgqTjg5Hjg7PnibnojLbjgJDjg6Hjg7zjg6vkvr/jgJHjgJDpgIHmlpnnhKHmlpnjgJHjgJDohZXmmYLoqIgg44K344OB44K644Oz44CRUSZhbXA7UeOAkOaZguioiCDjgajjgZHjgYQg5paw55Sf5rS7IOaZgumWk+OAkUNJVElaRU4gUTU5Ni04NTHjgJBE44CR44CQSETjgJHjgJDku6PlvJXkuI3lj6/jgJE=,44CQ5YWo5Zu944Gp44GT44Gn44KC6YCB5paZ54Sh5paZ44CR44CC44CQ44Oh44O844Or5L6/44CR44CQ6YCB5paZ54Sh5paZ44CR44CQ6IWV5pmC6KiIIOOCt+ODgeOCuuODs+OAkVEmYW1wO1HjgJDmmYLoqIgg44Go44GR44GEIOaWsOeUn+a0uyDmmYLplpPjgJFDSVRJWkVOIFE1OTYtODUx44CQROOAkeOAkEhE44CR44CQ5Luj5byV5LiN5Y+v44CR[rn]
16-122003,aHR0cDovL3RzaG9wLnIxMHMuanAva3VyYXNoaWtlbmtvdS9jYWJpbmV0L3Rhc3lhMjIvNzAyODkzOS1lLmpwZz9maXRpbj03MDA6NzAw,MTQ2Ni40MDAw,,6IWV5pmC6KiIID4g44Oh44Oz44K66IWV5pmC6KiI,44CQ6IWV5pmC6KiIIOOCt+ODgeOCuuODs+OAkVEmUeOAkOaZguioiCDjgajjgZHjgYQg5paw55Sf5rS7IOaZgumWk+OAkUNJVElaRU4gQUE5My0wMDA444CQVEPjgJHjgJBIROOAkQ==,44CQ5YWo5Zu944Gp44GT44Gn44KC6YCB5paZ54Sh5paZ44CR,PCEtLeKWvOOCq+OCtOS4i+ODkOODiuODvC0tPjxjZW50ZXI+PGZvbnQgY29sb3I9IiNmZjE0OTMiIHNpemU9IjYiPjwvY2VudGVyPjwvZm9udD48aWZyYW1lIHNyYz0iaHR0cDovL3d3dy5yYWt1dGVuLm5lLmpwL2dvbGQva3VyYXNoaWtlbmtvdS9jYXJ0XzE2MTAxOC5odG1sIiB3aWR0aD0iMTAwJSIgaGVpZ2h0PSI2NzAiIHNjcm9sbGluZz0ibm8iIGZyYW1lYm9yZGVyPSIwIiA9IiI+PC9pZnJhbWUg44CAPjwhLS3ilrLjgqvjgrTkuIvjg5Djg4rjg7wtLT48YnI+CgoKCgoKCgoKCgoKCgoKCgoKCgo8Yj48Zm9udCBjb2xvcj0iI0RDRENEQyI+44CQ6IWV5pmC6KiIIOOCt+ODgeOCuuODsyDmmYLoqIgg44Go44GR44GEIOaWsOeUn+a0uyDmmYLplpPjgJFDSVRJWkVOPC9mb250PjwvYj48YnI+44OU44Oz44Kv6Imy5paH5a2X55uk44CB55+t44KB44Gu44OB44Kn44O844Oz44CB44Ki44Kv44K744K144Oq5oSf6Kaa44Gn44KC44GK5L2/44GE6aCC44GR44KL5oeQ5Lit5pmC6KiI44Gn44GZ44CCPGJyPjxicj7il4/llYblk4HjgrXjgqTjgrrvvIhjbe+8ie+8muW5hee0hDEzLjXDl+WlpeihjOe0hDIzLjfDl+mrmOOBlTnvvIjmorHljIXjgrXjgqTjgrrvvIk8YnI+CuOCseODvOOCueOBruW9oueKtiDjg6njgqbjg7Pjg4njg5XjgqfjgqTjgrk8YnI+CumiqOmYsue0oOadkCDjg5/jg43jg6njg6vjgqzjg6njgrk8YnI+CuihqOekuuOCv+OCpOODlyDjgqLjg4rjg63jgrDooajnpLogPGJyPgrjgrHjg7zjgrnntKDmnZAg5ZCI6YeRPGJyPgrjgrHjg7zjgrnljpogNy4zbW08YnI+CuaWh+Wtl+ebpOOCq+ODqeODvCDjg5Tjg7Pjgq88YnI+CuODoOODvOODluODoeODs+ODiCDjgq/jgqnjg7zjg4Q8YnI+CuODoeODvOOCq+ODvOS/neiovCAx5bm06ZaT5L+d6Ki8PGJyPg==,44CQ6IWV5pmC6KiIIOOCt+ODgeOCuuODs+OAkVEmYW1wO1HjgJDmmYLoqIgg44Go44GR44GEIOaWsOeUn+a0uyDmmYLplpPjgJFDSVRJWkVOIEFBOTMtMDAwOOOAkFRD44CR44CQSETjgJHvvJrmmq7jgonjgZflgaXlurfjg43jg4Pjg4jppKg=,44Kt44OD44OB44Oz44OQ44K56Kq/55CG5Zmo5YW35rSX5Ymk44Kv44Oq44K544K/44Or44Ks44Kk44K244O8NTAwbWzmn5Tou5/liaTlrqTlhoXnianlubLjgZfnianlubLjgZflgaXlurfpo5/lk4HjgqLjgqTjg6rjgrnjgqrjg7zjg6Tjg57mjoPpmaTjg4/jg7Pjgqzjg7zmtJfmv6/lj47ntI3nsbPjg4DjgqTjgqjjg4Pjg4jmsLTjg4Djgqbjg4vjg7zjg5Xjg6njgqTjg5Hjg7PnibnojLbjgJDohZXmmYLoqIgg44K344OB44K644Oz44CRUSZhbXA7UeOAkOaZguioiCDjgajjgZHjgYQg5paw55Sf5rS7IOaZgumWk+OAkUNJVElaRU4gQUE5My0wMDA444CQVEPjgJHjgJBIROOAkQ==,44CQ5YWo5Zu944Gp44GT44Gn44KC6YCB5paZ54Sh5paZ44CR44CC44CQ6IWV5pmC6KiIIOOCt+ODgeOCuuODs+OAkVEmYW1wO1HjgJDmmYLoqIgg44Go44GR44GEIOaWsOeUn+a0uyDmmYLplpPjgJFDSVRJWkVOIEFBOTMtMDAwOOOAkFRD44CR44CQSETjgJE=[rn]
16-122004,aHR0cDovL3RzaG9wLnIxMHMuanAva3VyYXNoaWtlbmtvdS9jYWJpbmV0L2hvZG9nYXlhLzk4MzIzNDgtZS5qcGc/Zml0aW49NzAwOjcwMA==,NDkzNy42MDAw,,6IWV5pmC6KiIID4g44Oh44Oz44K66IWV5pmC6KiI,Q0FTSU/jgJTjgqvjgrfjgqrjgJXjg6njg7Pjg4vjg7PjgrDjgqbjgqnjg4Pjg4HjgIDohZXmmYLoqIjjgIBQSFlT44CAU1RSLTkwMEotMUpG44CQROOAkeOAkOmAgeaWmeeEoeaWmeOAkQ==,44CQMTAw5YaG44Kv44O844Od44Oz5pyJ44CR44CQ5YWo5Zu944Gp44GT44Gn44KC6YCB5paZ54Sh5paZ44CR,PCEtLeKWvOOCq+OCtOS4i+ODkOODiuODvC0tPjxjZW50ZXI+PGZvbnQgY29sb3I9IiNmZjE0OTMiIHNpemU9IjYiPjwvY2VudGVyPjwvZm9udD48aWZyYW1lIHNyYz0iaHR0cDovL3d3dy5yYWt1dGVuLm5lLmpwL2dvbGQva3VyYXNoaWtlbmtvdS9jYXJ0XzE2MTAxOC5odG1sIiB3aWR0aD0iMTAwJSIgaGVpZ2h0PSI2NzAiIHNjcm9sbGluZz0ibm8iIGZyYW1lYm9yZGVyPSIwIiA9IiI+PC9pZnJhbWUg44CAPjwhLS3ilrLjgqvjgrTkuIvjg5Djg4rjg7wtLT48YnI+CgoKCgoKCgoKCgoKCgoKCgoKCjxmb250IGNvbG9yPSIjMDA2NmZmIj48Yj7jgrnjg53jg7zjg4TjgpLluYXluoPjgY/jgrXjg53jg7zjg4jjgZnjgovjgIxQSFlT44CN77yBPC9iPjwvZm9udD48YnI+CuODqeODg+ODl+ODoeODouODquODvOOCkjYw5pys5pCt6LyJ44GX44Gf44Op44Oz44OK44O855So44Km44Kq44OD44OB4pmqPGJyPgrmk43kvZzjgZfjgoTjgZnjgYTjg5bjg6njgqTjg7Pjg4njgqrjg5rjg6zjg7zjgrfjg6fjg7Pmp4vpgKDjgpLmjqHnlKjvvIE8YnI+CuW3puWPs+mdnuWvvuensOOBruOCu+ODs+OCv+ODvOOCseODvOOCueOBp+OAgeedgOeUqOaZguOBruaJi+OBrueUsuOBuOOBruW5sua4ieOCkuaKkeOBiOOBvuOBmeOAgjxicj4K44G+44Gf44CB44OV44Ot44O844OG44Kj44Oz44Kw44OQ44OD44Kv5qeL6YCg44Gn5pys5L2T44KS6IKM44GL44KJ5rWu44GL44Gb6YCa5rCX5oCn44KS56K65L+d4piGPGJyPgrpgJrmsJfmgKfjga7jgojjgYTlpKflnovjgrnjg6rjg4Pjg4jlhaXjgorjg5Djg7Pjg4njgarjganjgIHjg6njg7Pjg4rjg7zjga7opoHmnJvjgavlv5zjgYjjgovjgqbjgqrjg4Pjg4HjgafjgZnjgII8YnI+PGJyPuKXj+WVhuWTgeOCteOCpOOCuu+8iOe0hO+8ie+8muW5hTQuNTXDl+WlpeihjDEuMjbDl+mrmOOBlTQuODNjbTxicj4K4peP6LOq6YeP77yI57SE77yJ77yaNDJnPGJyPgril4/mnZDos6o8YnI+CuOAgOOCseODvOOCueODu+ODmeOCvOODq++8muaoueiEgu+8j+OCueODhuODs+ODrOOCueOCueODgeODvOODqzxicj4K44CA44Ks44Op44K577ya5qi56ISC44Ks44Op44K5PGJyPgrjgIDjg5Djg7Pjg4nvvJrmqLnohILjg5Djg7Pjg4k8YnI+CuKXj+mYsuawtOaAp++8mjXmsJflnKfpmLLmsLQKPGJyPjxicj4KCjxmb250IHNpemU9Ii0yIj7jgJDkuLvjgarmqZ/og73jg7vmgKfog73jgJE8YnI+CuKXi+ODleODreODvOODhuOCo+ODs+OCsOODkOODg+OCr+ani+mAoDxicj4K4peL44OW44Op44Kk44Oz44OJ44Kq44Oa44Os44O844K344On44Oz5qeL6YCgPGJyPgril4vjg4fjg6XjgqLjg6vjgr/jgqTjg6A8YnI+CuKXi+OCueODiOODg+ODl+OCpuOCquODg+ODgTxicj4K44CAMS8xMDDnp5LvvIgxMOaZgumWk+acqua6gO+8ie+8jzHnp5LvvIgxMOaZgumWk+S7peS4iu+8ieOAgTEwMOaZgumWk+ioiOOAgeODqeODg+ODly/jgrnjg5fjg6rjg4Pjg4jku5jjgY08YnI+CuOAgOioiOa4rOODh+ODvOOCv+OCkjYw5pys44Oh44Oi44Oq44O877yI44OH44O844K/55Wq5Y+344CB6KiI5ris5pyI44O75pel44CB44Op44OD44OXL+OCueODl+ODquODg+ODiOOCv+OCpOODoOOAgeODqeODg+ODl+eVquWPt+OAgei1sOihjOi3nembouOAgeacgOmrmOODqeODg+ODl+ihqOekuu+8iTxicj4K44CA56mN566X6Led6Zui566X5Ye6PGJyPgrjgIDjg4fjg7zjgr/oqK3lrprvvIjjg5Tjg4Pjg4HjgIHmranluYXvvIk8YnI+CuOAgOODmuODvOOCuemfs+Wgsemfs+apn+iDveS7mOOBjTxicj4K4peL44K/44Kk44Oe44O877yI44K744OD44OI5Y2Y5L2N77yaMeWIhuOAgeacgOWkp+OCu+ODg+ODiDEwMOaZgumWk+OAgTHnp5LljZjkvY3jgafoqIjmuKzjgIHjgqrjg7zjg4jjg6rjg5Tjg7zjg4jvvIk8YnI+CuKXi+aZguWIu+OCouODqeODvOODoDXmnKzvvIgx5pys44Gu44G/44K544OM44O844K65YiH5pu/5qmf6IO95LuY44GN77yJ44O75pmC5aCxPGJyPgril4vpm7vmsaDlr7/lkb3ntIQ15bm0PGJyPgril4vjg5Xjg6vjgqrjg7zjg4jjgqvjg6zjg7Pjg4Djg7w8YnI+CuKXizEyLzI05pmC6ZaT5Yi26KGo56S65YiH5pu/PGJyPgril4tFTOODkOODg+OCr+ODqeOCpOODiO+8iOOCquODvOODiOODqeOCpOODiOOAgeaui+eFp+apn+iDveS7mOOBje+8iTxicj4K4peL57K+5bqm77ya5bmz5Z2H5pyI5beuwrEyMOenkjxicj4K4peL6Zu75rGg5a+/5ZG977ya57SENeW5tDxicj4KPGJyPgrigLvjgrHjg7zjgrnjga7ljprjgZXjga/oo4/pnaLjgqvjg5Djg7zjgpLpmaTjgY3jgb7jgZkKCjwvZm9udD4KPGJyPjxicj48Zm9udCBjb2xvcj0iIzAwNjZmZiI+4peG4peH6Zai6YCj5ZWG5ZOB44CA44GT44Gh44KJ44KC44GK44GZ44GZ44KB44Gn44GZ4peH4peGPC9mb250Pjxicj4K4piFQ0FTSU/jgJTjgqvjgrfjgqrjgJXohZXmmYLoqIjjgIBTVFItMzAwQ0otMUpGPGJyPgrimIVDQVNJT+OAlOOCq+OCt+OCquOAleiFleaZguioiOOAgFNUUi0zMDBKLTJDSjxicj4K4piFQ0FTSU/jgJTjgqvjgrfjgqrjgJXohZXmmYLoqIjjgIBTVFItOTAwSi0xSkY8YnI+CuKYhUNBU0lP44CU44Kr44K344Kq44CV6IWV5pmC6KiI44CAU1RXLTEwMDAtN0pGPGJyPgrimIVDQVNJT+OAlOOCq+OCt+OCquOAleiFleaZguioiOOAgFNUVy0xMDAwLTJKRjxicj4K4piFQ0FTSU/jgJTjgqvjgrfjgqrjgJXohZXmmYLoqIjjgIBTVFctMTAwMC00SkY8YnI+,Q0FTSU/jgJTjgqvjgrfjgqrjgJXjg6njg7Pjg4vjg7PjgrDjgqbjgqnjg4Pjg4HjgIDohZXmmYLoqIjjgIBQSFlT44CAU1RSLTkwMEotMUpG44CQROOAkeOAkOmAgeaWmeeEoeaWmeOAke+8muaaruOCieOBl+WBpeW6t+ODjeODg+ODiOmkqA==,44Kt44OD44OB44Oz44OQ44K56Kq/55CG5Zmo5YW35rSX5Ymk44Kv44Oq44K544K/44Or44Ks44Kk44K244O8NTAwbWzmn5Tou5/liaTlrqTlhoXnianlubLjgZfnianlubLjgZflgaXlurfpo5/lk4HjgqLjgqTjg6rjgrnjgqrjg7zjg6Tjg57mjoPpmaTjg4/jg7Pjgqzjg7zmtJfmv6/lj47ntI3nsbPjg4DjgqTjgqjjg4Pjg4jmsLTjg4Djgqbjg4vjg7zjg5Xjg6njgqTjg5Hjg7PnibnojLZDQVNJT+OAlOOCq+OCt+OCquOAleODqeODs+ODi+ODs+OCsOOCpuOCqeODg+ODgeOAgOiFleaZguioiOOAgFBIWVPjgIBTVFItOTAwSi0xSkbjgJBE44CR44CQ6YCB5paZ54Sh5paZ44CR,44CQMTAw5YaG44Kv44O844Od44Oz5pyJ44CR44CQ5YWo5Zu944Gp44GT44Gn44KC6YCB5paZ54Sh5paZ44CR44CCQ0FTSU/jgJTjgqvjgrfjgqrjgJXjg6njg7Pjg4vjg7PjgrDjgqbjgqnjg4Pjg4HjgIDohZXmmYLoqIjjgIBQSFlT44CAU1RSLTkwMEotMUpG44CQROOAkeOAkOmAgeaWmeeEoeaWmeOAkQ==[rn]
16-122005,aHR0cDovL3RzaG9wLnIxMHMuanAva3VyYXNoaWtlbmtvdS9jYWJpbmV0L2hvZG9nYXlhLzk4MzIzNDktZS5qcGc/Zml0aW49NzAwOjcwMA==,ODIyOC44MDAw,,6IWV5pmC6KiIID4g44Oh44Oz44K66IWV5pmC6KiI,Q0FTSU/jgJTjgqvjgrfjgqrjgJXjg6njg7Pjg4vjg7PjgrDjgqbjgqnjg4Pjg4HjgIDohZXmmYLoqIjjgIBQSFlT44CAU1RXLTEwMDAtN0pG44CQROOAkeOAkOmAgeaWmeeEoeaWmeOAkQ==,44CQNTAw5YaG44Kv44O844Od44Oz5pyJ44CR44CQ5YWo5Zu944Gp44GT44Gn44KC6YCB5paZ54Sh5paZ44CR,PCEtLeKWvOOCq+OCtOS4i+ODkOODiuODvC0tPjxjZW50ZXI+PGZvbnQgY29sb3I9IiNmZjE0OTMiIHNpemU9IjYiPjwvY2VudGVyPjwvZm9udD48aWZyYW1lIHNyYz0iaHR0cDovL3d3dy5yYWt1dGVuLm5lLmpwL2dvbGQva3VyYXNoaWtlbmtvdS9jYXJ0XzE2MTAxOC5odG1sIiB3aWR0aD0iMTAwJSIgaGVpZ2h0PSI2NzAiIHNjcm9sbGluZz0ibm8iIGZyYW1lYm9yZGVyPSIwIiA9IiI+PC9pZnJhbWUg44CAPjwhLS3ilrLjgqvjgrTkuIvjg5Djg4rjg7wtLT48YnI+CgoKCgoKCgoKCgoKCgoKCgoKCjxmb250IGNvbG9yPSIjMDA2NmZmIj48Yj7jgqLjgrnjg6rjg7zjg4jjga7jgZ/jgoHjga7jgrnjg53jg7zjg4Tjgqbjgqrjg4Pjg4HjgIxQSFlT77yI44OV44Kj44K677yJ44CNPC9iPjwvZm9udD48YnI+CuODqeODs+ODiuODvOeUqOODnuODq+ODgeODkOODs+ODiTbjgpLmkK3ovInjgZfjgZ/jgr3jg7zjg6njg7zpm7vms6LmmYLoqIjimao8YnI+CuODqeODg+ODl+ODu+OCueODl+ODquODg+ODiOOCv+OCpOODoOOCkuacgOWkpzEyMOacrOOBvuOBp+ODoeODouODquODvOWPr+iDve+8gTxicj4K5aSn5Z6L44Ov44Kk44OJ5ray5pm244OR44ON44Or44KE6Lyd5bqm5Z2H5LiA55m65YWJTEVE44KS5o6h55So44CCPGJyPgrml6XkuK3jgaDjgZHjgafjgarjgY/jgIHlpJzplpPjga7oppboqo3mgKfjgoLnorrkv53jgZfjgb7jgZfjgZ/imIY8YnI+CuODqeODs+ODiuODvOOBruODi+ODvOOCuuOBq+ODnuODg+ODgeOBl+OBn+OCueODneODvOODhOOCpuOCquODg+ODgeOBp+OBmeOAgjxicj48YnI+4peP5ZWG5ZOB44K144Kk44K677yI57SE77yJ77ya5bmFNC41w5flpaXooYwxLjE2w5fpq5jjgZU0LjljbTxicj4K4peP6LOq6YeP77yI57SE77yJ77yaNDZnPGJyPgril4/mnZDos6o8YnI+CuOAgOOCseODvOOCueODu+ODmeOCvOODq++8muaoueiEgjxicj4K44CA44Ks44Op44K577ya54Sh5qmf44Ks44Op44K5PGJyPgrjgIDjg5Djg7Pjg4nvvJrmqLnohILjg5Djg7Pjg4k8YnI+CuKXj+mYsuawtOaAp++8mjEw5rCX5Zyn6Ziy5rC0Cjxicj48YnI+Cgo8Zm9udCBzaXplPSItMiI+44CQ5Li744Gq5qmf6IO944O75oCn6IO944CRPGJyPgril4vjgr/jg5Xjgr3jg7zjg6njg7zvvIjjgr3jg7zjg6njg7zlhYXpm7vjgrfjgrnjg4bjg6DvvIk8YnI+CuKXi+mbu+azouWPl+S/oeapn+iDve+8muiHquWLleWPl+S/oe+8iOacgOWkpzblm57vvI/ml6XvvInvvIjkuK3lm73pm7vms6Ljga/mnIDlpKc15Zue77yP5pel77yJ77yP5omL5YuV5Y+X5L+hPGJyPgrvvJzml6XmnKzvvJ7lj5fkv6Hpm7vms6LvvJpKSlnjgIHlkajms6LmlbDvvJo0MGtIeu+8jzYwa0h677yI56aP5bO277yP5Lmd5bee5Lih5bGA5a++5b+c44Oi44OH44Or77yJPGJyPgrvvJzljJfnsbPlnLDln5/vvJ7lj5fkv6Hpm7vms6LvvJpXV1ZC44CB5ZGo5rOi5pWw77yaNjBrSHo8YnI+Cu+8nOODqOODvOODreODg+ODkeWcsOWfn++8nuWPl+S/oembu+azou+8mk1TRu+8j0RDRjc344CB5ZGo5rOi5pWw77yaNjBrSHrvvI83Ny41a0h6PGJyPgrvvJzkuK3lm73vvJ7lj5fkv6Hpm7vms6LvvJpCUEPjgIHlkajms6LmlbDvvJo2OC41a0h6PGJyPgrjgIDvvIrjg5vjg7zjg6Djgr/jgqTjg6DoqK3lrprjgpLlj5fkv6Hlj6/og73jgarpg73luILjgavoqK3lrprjgZnjgovjgajjgIHpg73luILjgavlkIjjgo/jgZvjgZ/lsYDjgpLlj5fkv6HjgZfjgb7jgZnjgII8YnI+CuOAgOOAgOWwmuOAgeaZguW3ruOBr+mBuOaKnuOBl+OBn+mDveW4guOBq+OCiOOBo+OBpuioreWumuOBleOCjOOBvuOBmeOAgjxicj4K4peL44Ov44O844Or44OJ44K/44Kk44Og77ya5LiW55WMNDjpg73luILvvIgzMeOCv+OCpOODoOOCvuODvOODs+OAgeOCteODnuODvOOCv+OCpOODoOioreWumuapn+iDveS7mOOBje+8ie+8i1VUQ++8iOWNlOWumuS4lueVjOaZgu+8ieOBruaZguWIu+ihqOekujxicj4K4peL44K544OI44OD44OX44Km44Kq44OD44OBPGJyPgrjgIAxLzEwMOenku+8iDEw5pmC6ZaT5pyq5rqA77yJ77yPMeenku+8iDEw5pmC6ZaT5Lul5LiK77yJ44CBMTAw5pmC6ZaT6KiI44CB44Op44OD44OXL+OCueODl+ODquODg+ODiOS7mOOBjTxicj4K44CATEFQ44OH44O844K/44KS5pyA5aSnMTIw5pys44Oh44Oi44Oq44O877yI44Op44OD44OX44Kr44Km44Oz44K/44O8MDAx772eOTk577yJPGJyPgrjgIDoqIjmuKzjg63jgrDjg4fjg7zjgr/jgpLmnIDlpKc2MOacrOODoeODouODquODvDxicj7jgIDvvIjjg4fjg7zjgr/nlarlj7fjgIHoqIjmuKzplovlp4vmnIjjg7vml6Xjg7vmmYLjg7vliIbjgIHjg6njg4Pjg5cv44K544OX44Oq44OD44OI44K/44Kk44Og44CB44Op44OD44OX55Wq5Y+344CB5pyA6auY44Op44OD44OX6KGo56S677yJPGJyPgril4vjgr/jgqTjg57jg7w8YnI+CuOAgOacgOWkpzLmnKzjga7mmYLplpPmjIflrprjgYzlj6/og73jgarjgqTjg7Pjgr/jg7zjg5Djg6voqIjmuKznlKjjga7jgr/jgqTjg57jg7w8YnI+CuOAgOODquODlOODvOODiO+8iDHvvZ4xMOWbnuOBvuOBp+ioreWumuWPr+iDve+8iTxicj4K4peL5pmC5Yi744Ki44Op44O844OgNeacrO+8iDHmnKzjga7jgb/jgrnjg4zjg7zjgrrmqZ/og73ku5jjgY3vvInjg7vmmYLloLE8YnI+CuKXi+ODkOODg+ODhuODquODvOOCpOODs+OCuOOCseODvOOCv+ODvOihqOekujxicj4K4peL44OR44Ov44O844K744O844OT44Oz44Kw5qmf6IO977yI5pqX5omA44Gn44Gv5LiA5a6a5pmC6ZaT44GM57WM6YGO44GZ44KL44Go6KGo56S644KS5raI44GX44Gm56+A6Zu744GX44G+44GZ77yJPGJyPgril4vjg5Xjg6vjgqrjg7zjg4jjgqvjg6zjg7Pjg4Djg7w8YnI+CuKXizEyLzI05pmC6ZaT5Yi26KGo56S65YiH5pu/PGJyPgril4vmk43kvZzpn7NPTi9PRkbliIfmm7/mqZ/og708YnI+CuKXi0xFROODqeOCpOODiO+8iOODleODq+OCquODvOODiOODqeOCpOODiOOAgeOCueODvOODkeODvOOCpOODq+ODn+ODjeODvOOCv+ODvOOAgeaui+eFp+apn+iDveOAgeaui+eFp+aZgumWk+WIh+abv++8iDEuNeenki8z56eS77yJ5LuY44GN77yJPGJyPgril4vjg5Xjg6vlhYXpm7vmmYLjgYvjgonjgr3jg7zjg6njg7znmbrpm7vnhKHjgZfjga7nirbmhYvjgafjga7pp4bli5XmmYLplpM8YnI+CuOAgOapn+iDveS9v+eUqOOBruWgtOWQiO+8mue0hDnjg7XmnIg8YnI+CuOAgOODkeODr+ODvOOCu+ODvOODk+ODs+OCsOeKtuaFi+OBruWgtOWQiO+8mue0hDMz44O15pyIPGJyPgo8YnI+CuOAkOODm+ODvOODoOOCv+OCpOODoOmDveW4gu+8iOWPl+S/oeapn+iDveWvvuW/nOmDveW4gu+8ie+8j+WPl+S/oembu+azouOAkTxicj4K4peL5Y+w5YyX44CB44K944Km44Or44CB5p2x5Lqs77yP5pel5pys44Gu5qiZ5rqW6Zu75rOiSkpZNDDjg7tKSlk2MDxicj4K4peL77yI44Ob44OO44Or44Or77yJ44CB77yI44Ki44Oz44Kr44Os44K477yJ44CB44OQ44Oz44Kv44O844OQ44O844CB44Ot44K144Oz44K844Or44K544CB44Ko44OJ44Oi44Oz44OI44Oz44CB44OH44Oz44OQ44O844CB44Oh44Kt44K344Kz44K344OG44Kj44CB44K344Kr44K044CB44OL44Ol44O844Oo44O844Kv44CB44OP44Oq44OV44Kh44OD44Kv44K544CB44K744Oz44OI44K444On44Oz44K677yP44Ki44Oh44Oq44Kr44Gu5qiZ5rqW6Zu75rOiV1dWQjxicj4K4peL44Oq44K544Oc44Oz44CB44Ot44Oz44OJ44Oz44CB44Oe44OJ44Oq44O844OJ44CB44OR44Oq44CB44Ot44O844Oe44CB44OZ44Or44Oq44Oz44CB44K544OI44OD44Kv44Ob44Or44Og44CB44Ki44OG44ON44CB77yI44Oi44K544Kv44Ov77yJ77yP44Kk44Ku44Oq44K544Gu5qiZ5rqW6Zu75rOiTVNG44O744OJ44Kk44OE44Gu5qiZ5rqW6Zu75rOiRENGNzc8YnI+CuKXi+mmmea4r+OAgeWMl+S6rO+8j+S4reWbveOBruaomea6lumbu+azokJQQzxicj4K4oC777yI44CA77yJ5YaF44Gu5ZCE6YO95biC44Gv5p2h5Lu244GM6Imv44GR44KM44Gw5Y+X5L+h44GZ44KL5aC05ZCI44KC44GC44KK44G+44GZ44CCPGJyPgo8YnI+CuKAu+mbu+azouWPl+S/oeOBjOihjOOCj+OCjOOBquOBhOWgtOWQiOOBr+OAgemAmuW4uOOBruOCr+OCquODvOODhOeyvuW6pu+8iOW5s+Wdh+aciOW3rsKxMTXnp5LvvInjgafli5XkvZzjgZfjgb7jgZnjgII8YnI+CgoKCgo8L2ZvbnQ+Cjxicj48YnI+PGZvbnQgY29sb3I9IiMwMDY2ZmYiPuKXhuKXh+mWoumAo+WVhuWTgeOAgOOBk+OBoeOCieOCguOBiuOBmeOBmeOCgeOBp+OBmeKXh+KXhjwvZm9udD48YnI+CuKYhUNBU0lP44CU44Kr44K344Kq44CV6IWV5pmC6KiI44CAU1RSLTMwMENKLTFKRjxicj4K4piFQ0FTSU/jgJTjgqvjgrfjgqrjgJXohZXmmYLoqIjjgIBTVFItMzAwSi0yQ0o8YnI+CuKYhUNBU0lP44CU44Kr44K344Kq44CV6IWV5pmC6KiI44CAU1RSLTkwMEotMUpGPGJyPgrimIVDQVNJT+OAlOOCq+OCt+OCquOAleiFleaZguioiOOAgFNUVy0xMDAwLTdKRjxicj4K4piFQ0FTSU/jgJTjgqvjgrfjgqrjgJXohZXmmYLoqIjjgIBTVFctMTAwMC0ySkY8YnI+CuKYhUNBU0lP44CU44Kr44K344Kq44CV6IWV5pmC6KiI44CAU1RXLTEwMDAtNEpGPGJyPg==,Q0FTSU/jgJTjgqvjgrfjgqrjgJXjg6njg7Pjg4vjg7PjgrDjgqbjgqnjg4Pjg4HjgIDohZXmmYLoqIjjgIBQSFlT44CAU1RXLTEwMDAtN0pG44CQROOAkeOAkOmAgeaWmeeEoeaWmeOAke+8muaaruOCieOBl+WBpeW6t+ODjeODg+ODiOmkqA==,44Kt44OD44OB44Oz44OQ44K56Kq/55CG5Zmo5YW35rSX5Ymk44Kv44Oq44K544K/44Or44Ks44Kk44K244O8NTAwbWzmn5Tou5/liaTlrqTlhoXnianlubLjgZfnianlubLjgZflgaXlurfpo5/lk4HjgqLjgqTjg6rjgrnjgqrjg7zjg6Tjg57mjoPpmaTjg4/jg7Pjgqzjg7zmtJfmv6/lj47ntI3nsbPjg4DjgqTjgqjjg4Pjg4jmsLTjg4Djgqbjg4vjg7zjg5Xjg6njgqTjg5Hjg7PnibnojLZDQVNJT+OAlOOCq+OCt+OCquOAleODqeODs+ODi+ODs+OCsOOCpuOCqeODg+ODgeOAgOiFleaZguioiOOAgFBIWVPjgIBTVFctMTAwMC03SkbjgJBE44CR44CQ6YCB5paZ54Sh5paZ44CR,44CQNTAw5YaG44Kv44O844Od44Oz5pyJ44CR44CQ5YWo5Zu944Gp44GT44Gn44KC6YCB5paZ54Sh5paZ44CR44CCQ0FTSU/jgJTjgqvjgrfjgqrjgJXjg6njg7Pjg4vjg7PjgrDjgqbjgqnjg4Pjg4HjgIDohZXmmYLoqIjjgIBQSFlT44CAU1RXLTEwMDAtN0pG44CQROOAkeOAkOmAgeaWmeeEoeaWmeOAkQ==[rn]
16-122006,aHR0cDovL3RzaG9wLnIxMHMuanAva3VyYXNoaWtlbmtvdS9jYWJpbmV0L2hvZG9nYXlhLzk4MzIzNTAtZS5qcGc/Zml0aW49NzAwOjcwMA==,ODIyOC44MDAw,,6IWV5pmC6KiIID4g44Oh44Oz44K66IWV5pmC6KiI,Q0FTSU/jgJTjgqvjgrfjgqrjgJXjg6njg7Pjg4vjg7PjgrDjgqbjgqnjg4Pjg4HjgIDohZXmmYLoqIjjgIBQSFlT44CAU1RXLTEwMDAtMkpG44CQROOAkeOAkOmAgeaWmeeEoeaWmeOAkQ==,44CQNTAw5YaG44Kv44O844Od44Oz5pyJ44CR44CQ5YWo5Zu944Gp44GT44Gn44KC6YCB5paZ54Sh5paZ44CR,PCEtLeKWvOOCq+OCtOS4i+ODkOODiuODvC0tPjxjZW50ZXI+PGZvbnQgY29sb3I9IiNmZjE0OTMiIHNpemU9IjYiPjwvY2VudGVyPjwvZm9udD48aWZyYW1lIHNyYz0iaHR0cDovL3d3dy5yYWt1dGVuLm5lLmpwL2dvbGQva3VyYXNoaWtlbmtvdS9jYXJ0XzE2MTAxOC5odG1sIiB3aWR0aD0iMTAwJSIgaGVpZ2h0PSI2NzAiIHNjcm9sbGluZz0ibm8iIGZyYW1lYm9yZGVyPSIwIiA9IiI+PC9pZnJhbWUg44CAPjwhLS3ilrLjgqvjgrTkuIvjg5Djg4rjg7wtLT48YnI+CgoKCgoKCgoKCgoKCgoKCgoKCjxmb250IGNvbG9yPSIjMDA2NmZmIj48Yj7jgqLjgrnjg6rjg7zjg4jjga7jgZ/jgoHjga7jgrnjg53jg7zjg4Tjgqbjgqrjg4Pjg4HjgIxQSFlT77yI44OV44Kj44K677yJ44CNPC9iPjwvZm9udD48YnI+CuODqeODs+ODiuODvOeUqOODnuODq+ODgeODkOODs+ODiTbjgpLmkK3ovInjgZfjgZ/jgr3jg7zjg6njg7zpm7vms6LmmYLoqIjimao8YnI+CuODqeODg+ODl+ODu+OCueODl+ODquODg+ODiOOCv+OCpOODoOOCkuacgOWkpzEyMOacrOOBvuOBp+ODoeODouODquODvOWPr+iDve+8gTxicj4K5aSn5Z6L44Ov44Kk44OJ5ray5pm244OR44ON44Or44KE6Lyd5bqm5Z2H5LiA55m65YWJTEVE44KS5o6h55So44CCPGJyPgrml6XkuK3jgaDjgZHjgafjgarjgY/jgIHlpJzplpPjga7oppboqo3mgKfjgoLnorrkv53jgZfjgb7jgZfjgZ/imIY8YnI+CuODqeODs+ODiuODvOOBruODi+ODvOOCuuOBq+ODnuODg+ODgeOBl+OBn+OCueODneODvOODhOOCpuOCquODg+ODgeOBp+OBmeOAgjxicj48YnI+4peP5ZWG5ZOB44K144Kk44K677yI57SE77yJ77ya5bmFNC41w5flpaXooYwxLjE2w5fpq5jjgZU0LjljbTxicj4K4peP6LOq6YeP77yI57SE77yJ77yaNDZnPGJyPgril4/mnZDos6o8YnI+CuOAgOOCseODvOOCueODu+ODmeOCvOODq++8muaoueiEgjxicj4K44CA44Ks44Op44K577ya54Sh5qmf44Ks44Op44K5PGJyPgrjgIDjg5Djg7Pjg4nvvJrmqLnohILjg5Djg7Pjg4k8YnI+CuKXj+mYsuawtOaAp++8mjEw5rCX5Zyn6Ziy5rC0Cjxicj48YnI+Cgo8Zm9udCBzaXplPSItMiI+44CQ5Li744Gq5qmf6IO944O75oCn6IO944CRPGJyPgril4vjgr/jg5Xjgr3jg7zjg6njg7zvvIjjgr3jg7zjg6njg7zlhYXpm7vjgrfjgrnjg4bjg6DvvIk8YnI+CuKXi+mbu+azouWPl+S/oeapn+iDve+8muiHquWLleWPl+S/oe+8iOacgOWkpzblm57vvI/ml6XvvInvvIjkuK3lm73pm7vms6Ljga/mnIDlpKc15Zue77yP5pel77yJ77yP5omL5YuV5Y+X5L+hPGJyPgrvvJzml6XmnKzvvJ7lj5fkv6Hpm7vms6LvvJpKSlnjgIHlkajms6LmlbDvvJo0MGtIeu+8jzYwa0h677yI56aP5bO277yP5Lmd5bee5Lih5bGA5a++5b+c44Oi44OH44Or77yJPGJyPgrvvJzljJfnsbPlnLDln5/vvJ7lj5fkv6Hpm7vms6LvvJpXV1ZC44CB5ZGo5rOi5pWw77yaNjBrSHo8YnI+Cu+8nOODqOODvOODreODg+ODkeWcsOWfn++8nuWPl+S/oembu+azou+8mk1TRu+8j0RDRjc344CB5ZGo5rOi5pWw77yaNjBrSHrvvI83Ny41a0h6PGJyPgrvvJzkuK3lm73vvJ7lj5fkv6Hpm7vms6LvvJpCUEPjgIHlkajms6LmlbDvvJo2OC41a0h6PGJyPgrjgIDvvIrjg5vjg7zjg6Djgr/jgqTjg6DoqK3lrprjgpLlj5fkv6Hlj6/og73jgarpg73luILjgavoqK3lrprjgZnjgovjgajjgIHpg73luILjgavlkIjjgo/jgZvjgZ/lsYDjgpLlj5fkv6HjgZfjgb7jgZnjgII8YnI+CuOAgOOAgOWwmuOAgeaZguW3ruOBr+mBuOaKnuOBl+OBn+mDveW4guOBq+OCiOOBo+OBpuioreWumuOBleOCjOOBvuOBmeOAgjxicj4K4peL44Ov44O844Or44OJ44K/44Kk44Og77ya5LiW55WMNDjpg73luILvvIgzMeOCv+OCpOODoOOCvuODvOODs+OAgeOCteODnuODvOOCv+OCpOODoOioreWumuapn+iDveS7mOOBje+8ie+8i1VUQ++8iOWNlOWumuS4lueVjOaZgu+8ieOBruaZguWIu+ihqOekujxicj4K4peL44K544OI44OD44OX44Km44Kq44OD44OBPGJyPgrjgIAxLzEwMOenku+8iDEw5pmC6ZaT5pyq5rqA77yJ77yPMeenku+8iDEw5pmC6ZaT5Lul5LiK77yJ44CBMTAw5pmC6ZaT6KiI44CB44Op44OD44OXL+OCueODl+ODquODg+ODiOS7mOOBjTxicj4K44CATEFQ44OH44O844K/44KS5pyA5aSnMTIw5pys44Oh44Oi44Oq44O877yI44Op44OD44OX44Kr44Km44Oz44K/44O8MDAx772eOTk577yJPGJyPgrjgIDoqIjmuKzjg63jgrDjg4fjg7zjgr/jgpLmnIDlpKc2MOacrOODoeODouODquODvDxicj7jgIDvvIjjg4fjg7zjgr/nlarlj7fjgIHoqIjmuKzplovlp4vmnIjjg7vml6Xjg7vmmYLjg7vliIbjgIHjg6njg4Pjg5cv44K544OX44Oq44OD44OI44K/44Kk44Og44CB44Op44OD44OX55Wq5Y+344CB5pyA6auY44Op44OD44OX6KGo56S677yJPGJyPgril4vjgr/jgqTjg57jg7w8YnI+CuOAgOacgOWkpzLmnKzjga7mmYLplpPmjIflrprjgYzlj6/og73jgarjgqTjg7Pjgr/jg7zjg5Djg6voqIjmuKznlKjjga7jgr/jgqTjg57jg7w8YnI+CuOAgOODquODlOODvOODiO+8iDHvvZ4xMOWbnuOBvuOBp+ioreWumuWPr+iDve+8iTxicj4K4peL5pmC5Yi744Ki44Op44O844OgNeacrO+8iDHmnKzjga7jgb/jgrnjg4zjg7zjgrrmqZ/og73ku5jjgY3vvInjg7vmmYLloLE8YnI+CuKXi+ODkOODg+ODhuODquODvOOCpOODs+OCuOOCseODvOOCv+ODvOihqOekujxicj4K4peL44OR44Ov44O844K744O844OT44Oz44Kw5qmf6IO977yI5pqX5omA44Gn44Gv5LiA5a6a5pmC6ZaT44GM57WM6YGO44GZ44KL44Go6KGo56S644KS5raI44GX44Gm56+A6Zu744GX44G+44GZ77yJPGJyPgril4vjg5Xjg6vjgqrjg7zjg4jjgqvjg6zjg7Pjg4Djg7w8YnI+CuKXizEyLzI05pmC6ZaT5Yi26KGo56S65YiH5pu/PGJyPgril4vmk43kvZzpn7NPTi9PRkbliIfmm7/mqZ/og708YnI+CuKXi0xFROODqeOCpOODiO+8iOODleODq+OCquODvOODiOODqeOCpOODiOOAgeOCueODvOODkeODvOOCpOODq+ODn+ODjeODvOOCv+ODvOOAgeaui+eFp+apn+iDveOAgeaui+eFp+aZgumWk+WIh+abv++8iDEuNeenki8z56eS77yJ5LuY44GN77yJPGJyPgril4vjg5Xjg6vlhYXpm7vmmYLjgYvjgonjgr3jg7zjg6njg7znmbrpm7vnhKHjgZfjga7nirbmhYvjgafjga7pp4bli5XmmYLplpM8YnI+CuOAgOapn+iDveS9v+eUqOOBruWgtOWQiO+8mue0hDnjg7XmnIg8YnI+CuOAgOODkeODr+ODvOOCu+ODvOODk+ODs+OCsOeKtuaFi+OBruWgtOWQiO+8mue0hDMz44O15pyIPGJyPgo8YnI+CuOAkOODm+ODvOODoOOCv+OCpOODoOmDveW4gu+8iOWPl+S/oeapn+iDveWvvuW/nOmDveW4gu+8ie+8j+WPl+S/oembu+azouOAkTxicj4K4peL5Y+w5YyX44CB44K944Km44Or44CB5p2x5Lqs77yP5pel5pys44Gu5qiZ5rqW6Zu75rOiSkpZNDDjg7tKSlk2MDxicj4K4peL77yI44Ob44OO44Or44Or77yJ44CB77yI44Ki44Oz44Kr44Os44K477yJ44CB44OQ44Oz44Kv44O844OQ44O844CB44Ot44K144Oz44K844Or44K544CB44Ko44OJ44Oi44Oz44OI44Oz44CB44OH44Oz44OQ44O844CB44Oh44Kt44K344Kz44K344OG44Kj44CB44K344Kr44K044CB44OL44Ol44O844Oo44O844Kv44CB44OP44Oq44OV44Kh44OD44Kv44K544CB44K744Oz44OI44K444On44Oz44K677yP44Ki44Oh44Oq44Kr44Gu5qiZ5rqW6Zu75rOiV1dWQjxicj4K4peL44Oq44K544Oc44Oz44CB44Ot44Oz44OJ44Oz44CB44Oe44OJ44Oq44O844OJ44CB44OR44Oq44CB44Ot44O844Oe44CB44OZ44Or44Oq44Oz44CB44K544OI44OD44Kv44Ob44Or44Og44CB44Ki44OG44ON44CB77yI44Oi44K544Kv44Ov77yJ77yP44Kk44Ku44Oq44K544Gu5qiZ5rqW6Zu75rOiTVNG44O744OJ44Kk44OE44Gu5qiZ5rqW6Zu75rOiRENGNzc8YnI+CuKXi+mmmea4r+OAgeWMl+S6rO+8j+S4reWbveOBruaomea6lumbu+azokJQQzxicj4K4oC777yI44CA77yJ5YaF44Gu5ZCE6YO95biC44Gv5p2h5Lu244GM6Imv44GR44KM44Gw5Y+X5L+h44GZ44KL5aC05ZCI44KC44GC44KK44G+44GZ44CCPGJyPgo8YnI+CuKAu+mbu+azouWPl+S/oeOBjOihjOOCj+OCjOOBquOBhOWgtOWQiOOBr+OAgemAmuW4uOOBruOCr+OCquODvOODhOeyvuW6pu+8iOW5s+Wdh+aciOW3rsKxMTXnp5LvvInjgafli5XkvZzjgZfjgb7jgZnjgII8YnI+CgoKCgo8L2ZvbnQ+Cjxicj48YnI+PGZvbnQgY29sb3I9IiMwMDY2ZmYiPuKXhuKXh+mWoumAo+WVhuWTgeOAgOOBk+OBoeOCieOCguOBiuOBmeOBmeOCgeOBp+OBmeKXh+KXhjwvZm9udD48YnI+CuKYhUNBU0lP44CU44Kr44K344Kq44CV6IWV5pmC6KiI44CAU1RSLTMwMENKLTFKRjxicj4K4piFQ0FTSU/jgJTjgqvjgrfjgqrjgJXohZXmmYLoqIjjgIBTVFItMzAwSi0yQ0o8YnI+CuKYhUNBU0lP44CU44Kr44K344Kq44CV6IWV5pmC6KiI44CAU1RSLTkwMEotMUpGPGJyPgrimIVDQVNJT+OAlOOCq+OCt+OCquOAleiFleaZguioiOOAgFNUVy0xMDAwLTdKRjxicj4K4piFQ0FTSU/jgJTjgqvjgrfjgqrjgJXohZXmmYLoqIjjgIBTVFctMTAwMC0ySkY8YnI+CuKYhUNBU0lP44CU44Kr44K344Kq44CV6IWV5pmC6KiI44CAU1RXLTEwMDAtNEpGPGJyPg==,Q0FTSU/jgJTjgqvjgrfjgqrjgJXjg6njg7Pjg4vjg7PjgrDjgqbjgqnjg4Pjg4HjgIDohZXmmYLoqIjjgIBQSFlT44CAU1RXLTEwMDAtMkpG44CQROOAkeOAkOmAgeaWmeeEoeaWmeOAke+8muaaruOCieOBl+WBpeW6t+ODjeODg+ODiOmkqA==,44Kt44OD44OB44Oz44OQ44K56Kq/55CG5Zmo5YW35rSX5Ymk44Kv44Oq44K544K/44Or44Ks44Kk44K244O8NTAwbWzmn5Tou5/liaTlrqTlhoXnianlubLjgZfnianlubLjgZflgaXlurfpo5/lk4HjgqLjgqTjg6rjgrnjgqrjg7zjg6Tjg57mjoPpmaTjg4/jg7Pjgqzjg7zmtJfmv6/lj47ntI3nsbPjg4DjgqTjgqjjg4Pjg4jmsLTjg4Djgqbjg4vjg7zjg5Xjg6njgqTjg5Hjg7PnibnojLZDQVNJT+OAlOOCq+OCt+OCquOAleODqeODs+ODi+ODs+OCsOOCpuOCqeODg+ODgeOAgOiFleaZguioiOOAgFBIWVPjgIBTVFctMTAwMC0ySkbjgJBE44CR44CQ6YCB5paZ54Sh5paZ44CR,44CQNTAw5YaG44Kv44O844Od44Oz5pyJ44CR44CQ5YWo5Zu944Gp44GT44Gn44KC6YCB5paZ54Sh5paZ44CR44CCQ0FTSU/jgJTjgqvjgrfjgqrjgJXjg6njg7Pjg4vjg7PjgrDjgqbjgqnjg4Pjg4HjgIDohZXmmYLoqIjjgIBQSFlT44CAU1RXLTEwMDAtMkpG44CQROOAkeOAkOmAgeaWmeeEoeaWmeOAkQ==[rn]
16-122007,aHR0cDovL3RzaG9wLnIxMHMuanAva3VyYXNoaWtlbmtvdS9jYWJpbmV0L2hvZG9nYXlhLzk4MzIzNTEtZS5qcGc/Zml0aW49NzAwOjcwMA==,ODIyOC44MDAw,,6IWV5pmC6KiIID4g44Oh44Oz44K66IWV5pmC6KiI,Q0FTSU/jgJTjgqvjgrfjgqrjgJXjg6njg7Pjg4vjg7PjgrDjgqbjgqnjg4Pjg4HjgIDohZXmmYLoqIjjgIBQSFlT44CAU1RXLTEwMDAtNEpG44CQROOAkeOAkOmAgeaWmeeEoeaWmeOAkQ==,44CQNTAw5YaG44Kv44O844Od44Oz5pyJ44CR44CQ5YWo5Zu944Gp44GT44Gn44KC6YCB5paZ54Sh5paZ44CR,PCEtLeKWvOOCq+OCtOS4i+ODkOODiuODvC0tPjxjZW50ZXI+PGZvbnQgY29sb3I9IiNmZjE0OTMiIHNpemU9IjYiPjwvY2VudGVyPjwvZm9udD48aWZyYW1lIHNyYz0iaHR0cDovL3d3dy5yYWt1dGVuLm5lLmpwL2dvbGQva3VyYXNoaWtlbmtvdS9jYXJ0XzE2MTAxOC5odG1sIiB3aWR0aD0iMTAwJSIgaGVpZ2h0PSI2NzAiIHNjcm9sbGluZz0ibm8iIGZyYW1lYm9yZGVyPSIwIiA9IiI+PC9pZnJhbWUg44CAPjwhLS3ilrLjgqvjgrTkuIvjg5Djg4rjg7wtLT48YnI+CgoKCgoKCgoKCgoKCgoKCgoKCjxmb250IGNvbG9yPSIjMDA2NmZmIj48Yj7jgqLjgrnjg6rjg7zjg4jjga7jgZ/jgoHjga7jgrnjg53jg7zjg4Tjgqbjgqrjg4Pjg4HjgIxQSFlT77yI44OV44Kj44K677yJ44CNPC9iPjwvZm9udD48YnI+CuODqeODs+ODiuODvOeUqOODnuODq+ODgeODkOODs+ODiTbjgpLmkK3ovInjgZfjgZ/jgr3jg7zjg6njg7zpm7vms6Ljg7vmooN24pmqPGJyPgrjg6njg4Pjg5fjg7vjgrnjg5fjg6rjg4Pjg4jjgr/jgqTjg6DjgpLmnIDlpKcxMjDmnKzjgb7jgafjg6Hjg6Ljg6rjg7zlj6/og73vvIE8YnI+CuWkp+Wei+ODr+OCpOODiea2suaZtuODkeODjeODq+OChOi8neW6puWdh+S4gOeZuuWFiUxFROOCkuaOoeeUqOOAgjxicj4K5pel5Lit44Gg44GR44Gn44Gq44GP44CB5aSc6ZaT44Gu6KaW6KqN5oCn44KC56K65L+d44GX44G+44GX44Gf4piGPGJyPgrjg6njg7Pjg4rjg7zjga7jg4vjg7zjgrrjgavjg57jg4Pjg4HjgZfjgZ/jgrnjg53jg7zjg4Tjgqbjgqrjg4Pjg4HjgafjgZnjgII8YnI+PGJyPuKXj+WVhuWTgeOCteOCpOOCuu+8iOe0hO+8ie+8muW5hTQuNcOX5aWl6KGMMS4xNsOX6auY44GVNC45Y208YnI+CuKXj+izqumHj++8iOe0hO+8ie+8mjQ2Zzxicj4K4peP5p2Q6LOqPGJyPgrjgIDjgrHjg7zjgrnjg7vjg5njgrzjg6vvvJrmqLnohII8YnI+CuOAgOOCrOODqeOCue+8mueEoeapn+OCrOODqeOCuTxicj4K44CA44OQ44Oz44OJ77ya5qi56ISC44OQ44Oz44OJPGJyPgril4/pmLLmsLTmgKfvvJoxMOawl+Wcp+mYsuawtAo8YnI+PGJyPgoKPGZvbnQgc2l6ZT0iLTIiPuOAkOS4u+OBquapn+iDveODu+aAp+iDveOAkTxicj4K4peL44K/44OV44K944O844Op44O877yI44K944O844Op44O85YWF6Zu744K344K544OG44Og77yJPGJyPgril4vpm7vms6Llj5fkv6HmqZ/og73vvJroh6rli5Xlj5fkv6HvvIjmnIDlpKc25Zue77yP5pel77yJ77yI5Lit5Zu96Zu75rOi44Gv5pyA5aSnNeWbnu+8j+aXpe+8ie+8j+aJi+WLleWPl+S/oTxicj4K77yc5pel5pys77ye5Y+X5L+h6Zu75rOi77yaSkpZ44CB5ZGo5rOi5pWw77yaNDBrSHrvvI82MGtIeu+8iOemj+Wztu+8j+S5neW3nuS4oeWxgOWvvuW/nOODouODh+ODq++8iTxicj4K77yc5YyX57Gz5Zyw5Z+f77ye5Y+X5L+h6Zu75rOi77yaV1dWQuOAgeWRqOazouaVsO+8mjYwa0h6PGJyPgrvvJzjg6jjg7zjg63jg4Pjg5HlnLDln5/vvJ7lj5fkv6Hpm7vms6LvvJpNU0bvvI9EQ0Y3N+OAgeWRqOazouaVsO+8mjYwa0h677yPNzcuNWtIejxicj4K77yc5Lit5Zu977ye5Y+X5L+h6Zu75rOi77yaQlBD44CB5ZGo5rOi5pWw77yaNjguNWtIejxicj4K44CA77yK44Ob44O844Og44K/44Kk44Og6Kit5a6a44KS5Y+X5L+h5Y+v6IO944Gq6YO95biC44Gr6Kit5a6a44GZ44KL44Go44CB6YO95biC44Gr5ZCI44KP44Gb44Gf5bGA44KS5Y+X5L+h44GX44G+44GZ44CCPGJyPgrjgIDjgIDlsJrjgIHmmYLlt67jga/pgbjmip7jgZfjgZ/pg73luILjgavjgojjgaPjgaboqK3lrprjgZXjgozjgb7jgZnjgII8YnI+CuKXi+ODr+ODvOODq+ODieOCv+OCpOODoO+8muS4lueVjDQ46YO95biC77yIMzHjgr/jgqTjg6Djgr7jg7zjg7PjgIHjgrXjg57jg7zjgr/jgqTjg6DoqK3lrprmqZ/og73ku5jjgY3vvInvvItVVEPvvIjljZTlrprkuJbnlYzmmYLvvInjga7mmYLliLvooajnpLo8YnI+CuKXi+OCueODiOODg+ODl+OCpuOCquODg+ODgTxicj4K44CAMS8xMDDnp5LvvIgxMOaZgumWk+acqua6gO+8ie+8jzHnp5LvvIgxMOaZgumWk+S7peS4iu+8ieOAgTEwMOaZgumWk+ioiOOAgeODqeODg+ODly/jgrnjg5fjg6rjg4Pjg4jku5jjgY08YnI+CuOAgExBUOODh+ODvOOCv+OCkuacgOWkpzEyMOacrOODoeODouODquODvO+8iOODqeODg+ODl+OCq+OCpuODs+OCv+ODvDAwMe+9njk5Oe+8iTxicj4K44CA6KiI5ris44Ot44Kw44OH44O844K/44KS5pyA5aSnNjDmnKzjg6Hjg6Ljg6rjg7w8YnI+44CA77yI44OH44O844K/55Wq5Y+344CB6KiI5ris6ZaL5aeL5pyI44O75pel44O75pmC44O75YiG44CB44Op44OD44OXL+OCueODl+ODquODg+ODiOOCv+OCpOODoOOAgeODqeODg+ODl+eVquWPt+OAgeacgOmrmOODqeODg+ODl+ihqOekuu+8iTxicj4K4peL44K/44Kk44Oe44O8PGJyPgrjgIDmnIDlpKcy5pys44Gu5pmC6ZaT5oyH5a6a44GM5Y+v6IO944Gq44Kk44Oz44K/44O844OQ44Or6KiI5ris55So44Gu44K/44Kk44Oe44O8PGJyPgrjgIDjg6rjg5Tjg7zjg4jvvIgx772eMTDlm57jgb7jgafoqK3lrprlj6/og73vvIk8YnI+CuKXi+aZguWIu+OCouODqeODvOODoDXmnKzvvIgx5pys44Gu44G/44K544OM44O844K65qmf6IO95LuY44GN77yJ44O75pmC5aCxPGJyPgril4vjg5Djg4Pjg4bjg6rjg7zjgqTjg7PjgrjjgrHjg7zjgr/jg7zooajnpLo8YnI+CuKXi+ODkeODr+ODvOOCu+ODvOODk+ODs+OCsOapn+iDve+8iOaal+aJgOOBp+OBr+S4gOWumuaZgumWk+OBjOe1jOmBjuOBmeOCi+OBqOihqOekuuOCkua2iOOBl+OBpuevgOmbu+OBl+OBvuOBme+8iTxicj4K4peL44OV44Or44Kq44O844OI44Kr44Os44Oz44OA44O8PGJyPgril4sxMi8yNOaZgumWk+WItuihqOekuuWIh+abvzxicj4K4peL5pON5L2c6Z+zT04vT0ZG5YiH5pu/5qmf6IO9PGJyPgril4tMRUTjg6njgqTjg4jvvIjjg5Xjg6vjgqrjg7zjg4jjg6njgqTjg4jjgIHjgrnjg7zjg5Hjg7zjgqTjg6vjg5/jg43jg7zjgr/jg7zjgIHmrovnhafmqZ/og73jgIHmrovnhafmmYLplpPliIfmm7/vvIgxLjXnp5IvM+enku+8ieS7mOOBje+8iTxicj4K4peL44OV44Or5YWF6Zu75pmC44GL44KJ44K944O844Op44O855m66Zu754Sh44GX44Gu54q25oWL44Gn44Gu6aeG5YuV5pmC6ZaTPGJyPgrjgIDmqZ/og73kvb/nlKjjga7loLTlkIjvvJrntIQ544O15pyIPGJyPgrjgIDjg5Hjg6/jg7zjgrvjg7zjg5Pjg7PjgrDnirbmhYvjga7loLTlkIjvvJrntIQzM+ODteaciDxicj4KPGJyPgrjgJDjg5vjg7zjg6Djgr/jgqTjg6Dpg73luILvvIjlj5fkv6HmqZ/og73lr77lv5zpg73luILvvInvvI/lj5fkv6Hpm7vms6LjgJE8YnI+CuKXi+WPsOWMl+OAgeOCveOCpuODq+OAgeadseS6rO+8j+aXpeacrOOBruaomea6lumbu+azokpKWTQw44O7SkpZNjA8YnI+CuKXi++8iOODm+ODjuODq+ODq++8ieOAge+8iOOCouODs+OCq+ODrOOCuO+8ieOAgeODkOODs+OCr+ODvOODkOODvOOAgeODreOCteODs+OCvOODq+OCueOAgeOCqOODieODouODs+ODiOODs+OAgeODh+ODs+ODkOODvOOAgeODoeOCreOCt+OCs+OCt+ODhuOCo+OAgeOCt+OCq+OCtOOAgeODi+ODpeODvOODqOODvOOCr+OAgeODj+ODquODleOCoeODg+OCr+OCueOAgeOCu+ODs+ODiOOCuOODp+ODs+OCuu+8j+OCouODoeODquOCq+OBruaomea6lumbu+azoldXVkI8YnI+CuKXi+ODquOCueODnOODs+OAgeODreODs+ODieODs+OAgeODnuODieODquODvOODieOAgeODkeODquOAgeODreODvOODnuOAgeODmeODq+ODquODs+OAgeOCueODiOODg+OCr+ODm+ODq+ODoOOAgeOCouODhuODjeOAge+8iOODouOCueOCr+ODr++8ie+8j+OCpOOCruODquOCueOBruaomea6lumbu+azok1TRuODu+ODieOCpOODhOOBruaomea6lumbu+azokRDRjc3PGJyPgril4vpppnmuK/jgIHljJfkuqzvvI/kuK3lm73jga7mqJnmupbpm7vms6JCUEM8YnI+CuKAu++8iOOAgO+8ieWGheOBruWQhOmDveW4guOBr+adoeS7tuOBjOiJr+OBkeOCjOOBsOWPl+S/oeOBmeOCi+WgtOWQiOOCguOBguOCiuOBvuOBmeOAgjxicj4KPGJyPgrigLvpm7vms6Llj5fkv6HjgYzooYzjgo/jgozjgarjgYTloLTlkIjjga/jgIHpgJrluLjjga7jgq/jgqrjg7zjg4Tnsr7luqbvvIjlubPlnYfmnIjlt67CsTE156eS77yJ44Gn5YuV5L2c44GX44G+44GZ44CCPGJyPgoKCgoKPC9mb250Pgo8YnI+PGJyPjxmb250IGNvbG9yPSIjMDA2NmZmIj7il4bil4fplqLpgKPllYblk4HjgIDjgZPjgaHjgonjgoLjgYrjgZnjgZnjgoHjgafjgZnil4fil4Y8L2ZvbnQ+PGJyPgrimIVDQVNJT+OAlOOCq+OCt+OCquOAleiFleaZguioiOOAgFNUUi0zMDBDSi0xSkY8YnI+CuKYhUNBU0lP44CU44Kr44K344Kq44CV6IWV5pmC6KiI44CAU1RSLTMwMEotMkNKPGJyPgrimIVDQVNJT+OAlOOCq+OCt+OCquOAleiFleaZguioiOOAgFNUUi05MDBKLTFKRjxicj4K4piFQ0FTSU/jgJTjgqvjgrfjgqrjgJXohZXmmYLoqIjjgIBTVFctMTAwMC03SkY8YnI+CuKYhUNBU0lP44CU44Kr44K344Kq44CV6IWV5pmC6KiI44CAU1RXLTEwMDAtMkpGPGJyPgrimIVDQVNJT+OAlOOCq+OCt+OCquOAleiFleaZguioiOOAgFNUVy0xMDAwLTRKRjxicj4=,Q0FTSU/jgJTjgqvjgrfjgqrjgJXjg6njg7Pjg4vjg7PjgrDjgqbjgqnjg4Pjg4HjgIDohZXmmYLoqIjjgIBQSFlT44CAU1RXLTEwMDAtNEpG44CQROOAkeOAkOmAgeaWmeeEoeaWmeOAke+8muaaruOCieOBl+WBpeW6t+ODjeODg+ODiOmkqA==,44Kt44OD44OB44Oz44OQ44K56Kq/55CG5Zmo5YW35rSX5Ymk44Kv44Oq44K544K/44Or44Ks44Kk44K244O8NTAwbWzmn5Tou5/liaTlrqTlhoXnianlubLjgZfnianlubLjgZflgaXlurfpo5/lk4HjgqLjgqTjg6rjgrnjgqrjg7zjg6Tjg57mjoPpmaTjg4/jg7Pjgqzjg7zmtJfmv6/lj47ntI3nsbPjg4DjgqTjgqjjg4Pjg4jmsLTjg4Djgqbjg4vjg7zjg5Xjg6njgqTjg5Hjg7PnibnojLZDQVNJT+OAlOOCq+OCt+OCquOAleODqeODs+ODi+ODs+OCsOOCpuOCqeODg+ODgeOAgOiFleaZguioiOOAgFBIWVPjgIBTVFctMTAwMC00SkbjgJBE44CR44CQ6YCB5paZ54Sh5paZ44CR,44CQNTAw5YaG44Kv44O844Od44Oz5pyJ44CR44CQ5YWo5Zu944Gp44GT44Gn44KC6YCB5paZ54Sh5paZ44CR44CCQ0FTSU/jgJTjgqvjgrfjgqrjgJXjg6njg7Pjg4vjg7PjgrDjgqbjgqnjg4Pjg4HjgIDohZXmmYLoqIjjgIBQSFlT44CAU1RXLTEwMDAtNEpG44CQROOAkeOAkOmAgeaWmeeEoeaWmeOAkQ==[rn]
16-122008,aHR0cDovL3RzaG9wLnIxMHMuanAva3VyYXNoaWtlbmtvdS9jYWJpbmV0L3Rhc3lhMjIvNzAyODk0OC1lLmpwZz9maXRpbj03MDA6NzAw,NzI1LjYwMDA=,,6IWV5pmC6KiIID4g44Oh44Oz44K66IWV5pmC6KiI,44CQ6IWV5pmC6KiIIOOCt+ODgeOCuuODs+OAkVEmUeOAkOaZguioiCDjgajjgZHjgYQg5paw55Sf5rS7IOaZgumWk+OAkUNJVElaRU4gVlA4NEo4NTDjgJBE44CR44CQSETjgJE=,44CQ56iO6L68Mzk5MOWGhuS7peS4iuOBp+mAgeaWmeeEoeaWmeOAkQ==,PCEtLeKWvOOCq+OCtOS4i+ODkOODiuODvC0tPjxjZW50ZXI+PGZvbnQgY29sb3I9IiNmZjE0OTMiIHNpemU9IjYiPjwvY2VudGVyPjwvZm9udD48aWZyYW1lIHNyYz0iaHR0cDovL3d3dy5yYWt1dGVuLm5lLmpwL2dvbGQva3VyYXNoaWtlbmtvdS9jYXJ0XzE2MTAxOC5odG1sIiB3aWR0aD0iMTAwJSIgaGVpZ2h0PSI2NzAiIHNjcm9sbGluZz0ibm8iIGZyYW1lYm9yZGVyPSIwIiA9IiI+PC9pZnJhbWUg44CAPjwhLS3ilrLjgqvjgrTkuIvjg5Djg4rjg7wtLT48YnI+CgoKCgoKCgoKCgoKCgoKCgoKCgo8Yj48Zm9udCBjb2xvcj0iI0RDRENEQyI+44CQ6IWV5pmC6KiIIOOCt+ODgeOCuuODsyDmmYLoqIgg44Go44GR44GEIOaWsOeUn+a0uyDmmYLplpPjgJFDSVRJWkVOPC9mb250PjwvYj48YnI+MTDmsJflnKfpmLLmsLTjgIHok4TlhYnku5jjgY3ph53jgIHjg53jg6rjgqbjg6zjgr/jg7Pjg5njg6vjg4jjgIHjg5bjg6vjg7zoibLmloflrZfnm6Tjga7jgYrjgZfjgoPjgozjgarntLPlo6vjgrnjg53jg7zjg4Tjgr/jgqTjg5fjga7ohZXmmYLoqIjjgafjgZnjgII8YnI+PGJyPuKXj+WVhuWTgeOCteOCpOOCuu+8iGNt77yJ77ya5bmF57SEMTMuNcOX5aWl6KGM57SEMjMuN8OX6auY44GVOe+8iOaiseWMheOCteOCpOOCuu+8iTxicj4K44Kx44O844K544Gu5b2i54q2IOODqeOCpuODs+ODieODleOCp+OCpOOCuTxicj4K6aKo6Ziy57Sg5p2QIOOCouOCr+ODquODq+OCrOODqeOCuTxicj4K6KGo56S644K/44Kk44OXIOOCouODiuODreOCsOihqOekujxicj4K55WZ44KB6YeRIOODkOODg+OCr+ODqyjlsL7pjKApPGJyPgrjgrHjg7zjgrnntKDmnZAg5ZCI5oiQ5qi56ISCPGJyPgrjgrHjg7zjgrnljpogMTJtbTxicj4K44OQ44Oz44OJ57Sg5p2Q44O744K/44Kk44OXIOODneODquOCpuODrOOCv+ODsyDjg5njg6vjg4jjgr/jgqTjg5c8YnI+CuODkOODs+ODiemVtyDntIQxNS41772eMjAuNWNtPGJyPgrjg5Djg7Pjg4njgqvjg6njg7wg44OW44Op44OD44KvPGJyPgrmloflrZfnm6Tjgqvjg6njg7wg44OW44Or44O8PGJyPgrjg6Djg7zjg5bjg6Hjg7Pjg4gg44Kv44Kp44O844OEPGJyPgrjg6Hjg7zjgqvjg7zkv53oqLwgNuODteaciOS/neiovDxicj4=,44CQ6IWV5pmC6KiIIOOCt+ODgeOCuuODs+OAkVEmYW1wO1HjgJDmmYLoqIgg44Go44GR44GEIOaWsOeUn+a0uyDmmYLplpPjgJFDSVRJWkVOIFZQODRKODUw44CQROOAkeOAkEhE44CR77ya5pqu44KJ44GX5YGl5bq344ON44OD44OI6aSo,44Kt44OD44OB44Oz44OQ44K56Kq/55CG5Zmo5YW35rSX5Ymk44Kv44Oq44K544K/44Or44Ks44Kk44K244O8NTAwbWzmn5Tou5/liaTlrqTlhoXnianlubLjgZfnianlubLjgZflgaXlurfpo5/lk4HjgqLjgqTjg6rjgrnjgqrjg7zjg6Tjg57mjoPpmaTjg4/jg7Pjgqzjg7zmtJfmv6/lj47ntI3nsbPjg4DjgqTjgqjjg4Pjg4jmsLTjg4Djgqbjg4vjg7zjg5Xjg6njgqTjg5Hjg7PnibnojLbjgJDohZXmmYLoqIgg44K344OB44K644Oz44CRUSZhbXA7UeOAkOaZguioiCDjgajjgZHjgYQg5paw55Sf5rS7IOaZgumWk+OAkUNJVElaRU4gVlA4NEo4NTDjgJBE44CR44CQSETjgJE=,44CQ56iO6L68Mzk5MOWGhuS7peS4iuOBp+mAgeaWmeeEoeaWmeOAkeOAguOAkOiFleaZguioiCDjgrfjg4Hjgrrjg7PjgJFRJmFtcDtR44CQ5pmC6KiIIOOBqOOBkeOBhCDmlrDnlJ/mtLsg5pmC6ZaT44CRQ0lUSVpFTiBWUDg0Sjg1MOOAkETjgJHjgJBIROOAkQ==[rn]
16-122009,aHR0cDovL3RzaG9wLnIxMHMuanAva3VyYXNoaWtlbmtvdS9jYWJpbmV0L3Rhc3lhMTgvNzAxMjU1Ni5qcGc/Zml0aW49NzAwOjcwMA==,MTQyOTYuMDAwMA==,,6IWV5pmC6KiIID4g44Oh44Oz44K66IWV5pmC6KiI,44CQ6YCB5paZ54Sh5paZ44CR44CQ6IWV5pmC6KiIIOODoeODs+OCuuOAkeOCq+OCt+OCqiBHLVNIT0NLIEFXRy1NNTEwTVItNEFKRuOAkEhE44CR44CQVEPjgJHjgJDmmYLoqIgg44OI44Kx44KkIOOCpuOCqeODg+ODgSDotIjjgorniakg44K544Od44O844OE44Km44Kp44OD44OB44CR,44CQNTAw5YaG44Kv44O844Od44Oz5pyJ44CR44CQ5YWo5Zu944Gp44GT44Gn44KC6YCB5paZ54Sh5paZ44CR,5YWo5L2T44Gr44OV44Op44Kk44OI44K444Oj44Kx44OD44OI44Gu6KOP5Zyw44Gq44Gp44Gr55So44GE44KJ44KM44Gm44GE44KL44Kq44Os44Oz44K46Imy44KS5o6h55So44CCPGJyPuS4jea4rOOBruS6i+aFi+OBrumam+OAgeiHquW3seOBruWtmOWcqOOCkuebrueri+OBn+OBm+OCi+OBn+OCgeOBq+S9v+eUqOOBleOCjOOBpuOBhOOCi+OCq+ODqeODvOOCkuOCseODvOOCueODu+ODkOODs+ODieOBq+aWveOBl+OAgeOCpOODs+ODkeOCr+ODiOOBruOBguOCi+ODh+OCtuOCpOODs+OBq+S7leS4iuOBkuOBvuOBl+OBn+OAgjxicj7mloflrZfmnb/jgavjga/jg5/jg6rjgr/jg6rjg7zjg5XjgqHjg4Pjgrfjg6fjg7Pjga7lrprnlarjg6Ljg4Hjg7zjg5XjgafjgYLjgovjgrTjg7zjg6vjg4njga7jgrnjgr/jg7zjg57jg7zjgq/jgpLjgYLjgZfjgonjgYTjgIHntLDpg6jjgavoh7Pjgovjgb7jgafjg5/jg6rjgr/jg6rjg7zjg4bjgqTjgrnjg4jjg4fjgrbjgqTjg7PjgavjgZPjgaDjgo/jgorjgb7jgZfjgZ/jgII8YnI+44Kr44K444Ol44Ki44Or44OV44Kh44OD44K344On44Oz44K344O844Oz44Gr5pig44GI44KL44Oi44OH44Or44Gn44GZ44CCPGJyPjxicj7il4/llYblk4HjgrXjgqTjgrrvvIhjbe+8ie+8muW5hee0hDQuNzbDl+WlpeihjOe0hDEuNDnDl+mrmOOBlee0hDUuNTI8YnI+4peP5ZWG5ZOB6YeN6YeP77ya57SENTNnPGJyPuKXj+ijheedgOWPr+iDveOCteOCpOOCujrntIQxNDXvvZ4yMTVtbTxicj4=,44CQ6YCB5paZ54Sh5paZ44CR44CQ6IWV5pmC6KiIIOODoeODs+OCuuOAkeOCq+OCt+OCqiBHLVNIT0NLIEFXRy1NNTEwTVItNEFKRuOAkEhE44CR44CQVEPjgJHjgJDmmYLoqIgg44OI44Kx44KkIOOCpuOCqeODg+ODgSDotIjjgorniakg44K544Od44O844OE44Km44Kp44OD44OB44CR77ya5pqu44KJ44GX5YGl5bq344ON44OD44OI6aSo,44Kt44OD44OB44Oz44OQ44K56Kq/55CG5Zmo5YW35rSX5Ymk44Kv44Oq44K544K/44Or44Ks44Kk44K244O8NTAwbWzmn5Tou5/liaTlrqTlhoXnianlubLjgZfnianlubLjgZflgaXlurfpo5/lk4HjgqLjgqTjg6rjgrnjgqrjg7zjg6Tjg57mjoPpmaTjg4/jg7Pjgqzjg7zmtJfmv6/lj47ntI3nsbPjg4DjgqTjgqjjg4Pjg4jmsLTjg4Djgqbjg4vjg7zjg5Xjg6njgqTjg5Hjg7PnibnojLbjgJDpgIHmlpnnhKHmlpnjgJHjgJDohZXmmYLoqIgg44Oh44Oz44K644CR44Kr44K344KqIEctU0hPQ0sgQVdHLU01MTBNUi00QUpG44CQSETjgJHjgJBUQ+OAkeOAkOaZguioiCDjg4jjgrHjgqQg44Km44Kp44OD44OBIOi0iOOCiueJqSDjgrnjg53jg7zjg4Tjgqbjgqnjg4Pjg4HjgJE=,44CQNTAw5YaG44Kv44O844Od44Oz5pyJ44CR44CQ5YWo5Zu944Gp44GT44Gn44KC6YCB5paZ54Sh5paZ44CR44CC44CQ6YCB5paZ54Sh5paZ44CR44CQ6IWV5pmC6KiIIOODoeODs+OCuuOAkeOCq+OCt+OCqiBHLVNIT0NLIEFXRy1NNTEwTVItNEFKRuOAkEhE44CR44CQVEPjgJHjgJDmmYLoqIgg44OI44Kx44KkIOOCpuOCqeODg+ODgSDotIjjgorniakg44K544Od44O844OE44Km44Kp44OD44OB44CR[rn]
16-122010,aHR0cDovL3RzaG9wLnIxMHMuanAva3VyYXNoaWtlbmtvdS9jYWJpbmV0L3Rhc3lhMjIvNzAyODk1Mi1lLmpwZz9maXRpbj03MDA6NzAw,NzI1LjYwMDA=,,6IWV5pmC6KiIID4g44Oh44Oz44K66IWV5pmC6KiI,44CQ6IWV5pmC6KiIIOOCt+ODgeOCuuODs+OAkVEmUeOAkOaZguioiCDjgajjgZHjgYQg5paw55Sf5rS7IOaZgumWk+OAkUNJVElaRU4gVlc4Ni04NTHjgJBUQ+OAkeOAkEhE44CR,44CQ56iO6L68Mzk5MOWGhuS7peS4iuOBp+mAgeaWmeeEoeaWmeOAkQ==,PCEtLeKWvOOCq+OCtOS4i+ODkOODiuODvC0tPjxjZW50ZXI+PGZvbnQgY29sb3I9IiNmZjE0OTMiIHNpemU9IjYiPjwvY2VudGVyPjwvZm9udD48aWZyYW1lIHNyYz0iaHR0cDovL3d3dy5yYWt1dGVuLm5lLmpwL2dvbGQva3VyYXNoaWtlbmtvdS9jYXJ0XzE2MTAxOC5odG1sIiB3aWR0aD0iMTAwJSIgaGVpZ2h0PSI2NzAiIHNjcm9sbGluZz0ibm8iIGZyYW1lYm9yZGVyPSIwIiA9IiI+PC9pZnJhbWUg44CAPjwhLS3ilrLjgqvjgrTkuIvjg5Djg4rjg7wtLT48YnI+CgoKCgoKCgoKCgoKCgoKCgoKCgo8Yj48Zm9udCBjb2xvcj0iI0RDRENEQyI+44CQ6IWV5pmC6KiIIOOCt+ODgeOCuuODsyDmmYLoqIgg44Go44GR44GEIOaWsOeUn+a0uyDmmYLplpPjgJFDSVRJWkVOPC9mb250PjwvYj48YnI+5pmu5q615L2/44GE44Gr5pyA6YGp44Kr44K444Ol44Ki44Or44Km44Kp44OD44OB77yBPGJyPjxicj7il4/llYblk4HjgrXjgqTjgrrvvIhjbe+8ie+8muW5hee0hDEzLjXDl+WlpeihjOe0hDIzLjfDl+mrmOOBlTnvvIjmorHljIXjgrXjgqTjgrrvvIk8YnI+CuOCseODvOOCueOBruW9oueKtiDjg6njgqbjg7Pjg4njg5XjgqfjgqTjgrk8YnI+CumiqOmYsue0oOadkCDjg5/jg43jg6njg6vjgqzjg6njgrk8YnI+CuihqOekuuOCv+OCpOODlyDjgqLjg4rjg63jgrDooajnpLo8YnI+CueVmeOCgemHkSDjg5Djg4Pjgq/jg6so5bC+6YygKTxicj4K44Kx44O844K557Sg5p2QIOWQiOmHkTxicj4K44Kx44O844K55Y6aIDhtbTxicj4K44OQ44Oz44OJ57Sg5p2Q772l44K/44Kk44OXIOODiuOCpOODreODsyDjg5njg6vjg4jjgr/jgqTjg5c8YnI+CuODkOODs+ODiemVtyDntIQxNS41772eMTkuNWNtPGJyPgrjg5Djg7Pjg4njgqvjg6njg7wg44Kw44Oq44O844OzPGJyPgrmloflrZfnm6Tjgqvjg6njg7wg44Kr44O844Kt44Kw44Oq44O844OzPGJyPgrmnKzkvZPph43ph48gNDVnPGJyPgrjg6Djg7zjg5bjg6Hjg7Pjg4gg44Kv44Kp44O844OEPGJyPgrjg6Hjg7zjgqvjg7zkv53oqLwgNuODteaciOS/neiovDxicj4=,44CQ6IWV5pmC6KiIIOOCt+ODgeOCuuODs+OAkVEmYW1wO1HjgJDmmYLoqIgg44Go44GR44GEIOaWsOeUn+a0uyDmmYLplpPjgJFDSVRJWkVOIFZXODYtODUx44CQVEPjgJHjgJBIROOAke+8muaaruOCieOBl+WBpeW6t+ODjeODg+ODiOmkqA==,44Kt44OD44OB44Oz44OQ44K56Kq/55CG5Zmo5YW35rSX5Ymk44Kv44Oq44K544K/44Or44Ks44Kk44K244O8NTAwbWzmn5Tou5/liaTlrqTlhoXnianlubLjgZfnianlubLjgZflgaXlurfpo5/lk4HjgqLjgqTjg6rjgrnjgqrjg7zjg6Tjg57mjoPpmaTjg4/jg7Pjgqzjg7zmtJfmv6/lj47ntI3nsbPjg4DjgqTjgqjjg4Pjg4jmsLTjg4Djgqbjg4vjg7zjg5Xjg6njgqTjg5Hjg7PnibnojLbjgJDohZXmmYLoqIgg44K344OB44K644Oz44CRUSZhbXA7UeOAkOaZguioiCDjgajjgZHjgYQg5paw55Sf5rS7IOaZgumWk+OAkUNJVElaRU4gVlc4Ni04NTHjgJBUQ+OAkeOAkEhE44CR,44CQ56iO6L68Mzk5MOWGhuS7peS4iuOBp+mAgeaWmeeEoeaWmeOAkeOAguOAkOiFleaZguioiCDjgrfjg4Hjgrrjg7PjgJFRJmFtcDtR44CQ5pmC6KiIIOOBqOOBkeOBhCDmlrDnlJ/mtLsg5pmC6ZaT44CRQ0lUSVpFTiBWVzg2LTg1MeOAkFRD44CR44CQSETjgJE=[rn]
16-122011,aHR0cDovL3RzaG9wLnIxMHMuanAva3VyYXNoaWtlbmtvdS9jYWJpbmV0L3Rhc3lhMTgvNzAxNTQ0NS1lLmpwZz9maXRpbj03MDA6NzAw,Mjg4MS42MDAw,,6IWV5pmC6KiIID4g44Oh44Oz44K66IWV5pmC6KiI,44Kr44K344KqIOmbu+azouebruimmuOBvuOBl+aZguioiCBEUUwtMTMwTkotOEpGIENBQ0lPIOOAkFRD44CR44CQSETjgJHjgJDmmYLoqIgg44OW44Op44Oz44OJIOe9ruaZguioiCDjgqLjg6njg7zjg6Ag5paw55Sf5rS7IOWNk+S4iuOAkQ==,44CQMTAw5YaG44Kv44O844Od44Oz5pyJ44CR44CQ56iO6L68Mzk5MOWGhuS7peS4iuOBp+mAgeaWmeeEoeaWmeOAkQ==,44O76Zu75rOi5Y+X5L+h5qmf6IO977ya6Ieq5YuV5Y+X5L+h77yP5omL5YuV5Y+X5L+h44CB6Ieq5YuV6YG45bGA5qmf6IO95LuY44GNPGJyPgrvvIjlj5fkv6Hpm7vms6LvvJ3plbfms6LmqJnmupbpm7vms6JKSlnjgIHlkajms6LmlbDvvJ00MGtIeiDvvI82MGtIeu+8iTxicj4K44O76Zu75rOi5Y+X5L+h44Oe44O844Kv6KGo56S677yI6Zu75rOi5Y+X5L+h54q25rOB44KS44Oe44O844Kv54K554Gv44Gn44GK55+l44KJ44Gb77yJPGJyPgrjg7vpm7vms6Llj5fkv6HjgqTjg7PjgrjjgrHjg7zjgr/jg7zvvIjpm7vms6Llj5fkv6HnirbmhYvjgpLjg6zjg5njg6vooajnpLrvvIk8YnI+CuODu+mbu+azouWPl+S/oU9GRuapn+iDveS7mOOBjTxicj4K44O75rip5bqm6KiI5ris5qmf6IO977yI6KiI5ris56+E5Zuy77ydMO+9njQw4oSD44CB6KiI5ris57K+5bqm77ydwrEy4oSD77yIMO+9njQw4oSD77yJ77yJPGJyPgrjg7vmub/luqboqIjmuKzmqZ/og73vvIjoqIjmuKznr4Tlm7LvvJ0xMO+9njkw77yF44CB6KiI5ris57K+5bqm77ydwrExMO+8he+8iDXvvZ40MOKEg++8ie+8iTxicj4K44O755Sf5rS755Kw5aKD44GK55+l44KJ44Gb5qmf6IO977ya44GK55+l44KJ44Gb44Ki44Kk44Kz44OzPGJyPgrjg7vpm7vlrZDpn7PjgqLjg6njg7zjg6DvvIg15q616ZqO44Gn5aSJ5YyW77yJPGJyPgrjg7vmraLjgoHjgabjgoLmraLjgoHjgabjgoLjgb7jgZ/ps7Tjgovjgrnjg4zjg7zjgrrmqZ/og73ku5jjgY3vvIjntIQ15YiG44GK44GN5pyA5aSnN+Wbnue5sOOCiui/lOOBme+8iTxicj4K44O75pyI44O75pel44O75puc5pel6KGo56S6PGJyPgrjg7vjg5Xjg6vjgqrjg7zjg4jjgqvjg6zjg7Pjg4Djg7w8YnI+CuODuzEyLzI05pmC6ZaT5Yi26KGo56S65YiH5pu/PGJyPgrjg7tMRUTjg6njgqTjg4jvvIjlpJzopovjgYjjg6njgqTjg4jmqZ/og73ku5jjgY3vvIk8YnI+CuKAuyDjgqLjg6njg7zjg6DvvIjjgrnjg4zjg7zjgrrvvInjgpLjgqrjg7PjgavjgZnjgovjgajjgqLjg6njg7zjg6DoqK3lrprmmYLliLvjga445pmC6ZaT5YmN44GL44KJ5aSc6KaL44GI44Op44Kk44OI44KS6ZaL5aeL44GZ44KL6Kit5a6a44Go44CB44Ki44Op44O844Og77yI44K544OM44O844K677yJIOOBjOOCquODleOBp+OCguOCouODqeODvOODoOioreWumuaZguWIu+OBrjjmmYLplpPliY3jgYvjgonlpJzopovjgYjjg6njgqTjg4jjgpLplovlp4vjgZnjgovoqK3lrprjgpLpgbjmip7lj6/og708YnI+Cjxicj7il4/jgqvjg6njg7zvvJrjgrfjg6PjgqTjg7Pjgrfjg6vjg5Djg7w8YnI+CuKXj+OCteOCpOOCuu+8iGNt77yJ77ya5bmF57SEMTYuNMOX5aWl6KGM57SENi43w5fpq5jjgZXntIQxMy4zPGJyPgril4/ph43jgZXvvIhrZ++8ie+8mue0hDAuNDE8YnI+CuKXj+S9v+eUqOmbu+axoO+8mu+8iOOCouODq+OCq+ODqu+8ieS5vumbu+axoOWNmDPlvaLDlzM8YnI+CuKXj+mbu+axoOWvv+WRve+8mue0hDHlubQ8YnI+CuKAu+mbu+azouWPl+S/oeOBjOihjOOCj+OCjOOBquOBhOWgtOWQiOOBr+OAgemAmuW4uOOBruOCr+OCquODvOODhOeyvuW6pu+8iOW5s+Wdh+aciOW3rsKxMzDnp5LvvInjgafli5XkvZzjgZfjgb7jgZnjgII8YnI+CuKAu+OBk+OBruijveWTgeOBr+aXpeacrOmbu+azouS7leanmOOBp+OBmeOAgua1t+WkluOBp+OBlOS9v+eUqOOBrumam+OBr+OAgembu+azouWPl+S/oeapn+iDveOCkk9GRuOBq+OBl+OBpuOBiuS9v+ODu++9ouS4i+OBleOBhOOAgjxicj4=,44Kr44K344KqIOmbu+azouebruimmuOBvuOBl+aZguioiCBEUUwtMTMwTkotOEpGIENBQ0lPIOOAkFRD44CR44CQSETjgJHjgJDmmYLoqIgg44OW44Op44Oz44OJIOe9ruaZguioiCDjgqLjg6njg7zjg6Ag5paw55Sf5rS7IOWNk+S4iuOAke+8muaaruOCieOBl+WBpeW6t+ODjeODg+ODiOmkqA==,44Kt44OD44OB44Oz44OQ44K56Kq/55CG5Zmo5YW35rSX5Ymk44Kv44Oq44K544K/44Or44Ks44Kk44K244O8NTAwbWzmn5Tou5/liaTlrqTlhoXnianlubLjgZfnianlubLjgZflgaXlurfpo5/lk4HjgqLjgqTjg6rjgrnjgqrjg7zjg6Tjg57mjoPpmaTjg4/jg7Pjgqzjg7zmtJfmv6/lj47ntI3nsbPjg4DjgqTjgqjjg4Pjg4jmsLTjg4Djgqbjg4vjg7zjg5Xjg6njgqTjg5Hjg7PnibnojLbjgqvjgrfjgqog6Zu75rOi55uu6Kaa44G+44GX5pmC6KiIIERRTC0xMzBOSi04SkYgQ0FDSU8g44CQVEPjgJHjgJBIROOAkeOAkOaZguioiCDjg5bjg6njg7Pjg4kg572u5pmC6KiIIOOCouODqeODvOODoCDmlrDnlJ/mtLsg5Y2T5LiK44CR,44CQMTAw5YaG44Kv44O844Od44Oz5pyJ44CR44CQ56iO6L68Mzk5MOWGhuS7peS4iuOBp+mAgeaWmeeEoeaWmeOAkeOAguOCq+OCt+OCqiDpm7vms6Lnm67opprjgb7jgZfmmYLoqIggRFFMLTEzME5KLThKRiBDQUNJTyDjgJBUQ+OAkeOAkEhE44CR44CQ5pmC6KiIIOODluODqeODs+ODiSDnva7mmYLoqIgg44Ki44Op44O844OgIOaWsOeUn+a0uyDljZPkuIrjgJE=[rn]
16-122012,aHR0cDovL3RzaG9wLnIxMHMuanAva3VyYXNoaWtlbmtvdS9jYWJpbmV0L3Rhc3lhMTgvNzAxNTQ1OC1lLmpwZz9maXRpbj03MDA6NzAw,NDk0OC44MDAw,,6IWV5pmC6KiIID4g44Oh44Oz44K66IWV5pmC6KiI,44CQ6YCB5paZ54Sh5paZ44CR44Kr44K344KqIOmbu+azouaOm+OBkeaZguioiCBJQy0yMDAwSi04SkYgQ0FDSU8g44CQROOAkeOAkEhE44CR44CQ5pmC6KiIIOODluODqeODs+ODiSDmjpvmmYLoqIgg5paw55Sf5rS744CR,44CQMTAw5YaG44Kv44O844Od44Oz5pyJ44CR44CQ5YWo5Zu944Gp44GT44Gn44KC6YCB5paZ54Sh5paZ44CR,PCEtLeKWvOOCq+OCtOS4i+ODkOODiuODvC0tPjxjZW50ZXI+PGZvbnQgY29sb3I9IiNmZjE0OTMiIHNpemU9IjYiPjwvY2VudGVyPjwvZm9udD48aWZyYW1lIHNyYz0iaHR0cDovL3d3dy5yYWt1dGVuLm5lLmpwL2dvbGQva3VyYXNoaWtlbmtvdS9jYXJ0XzE2MTAxOC5odG1sIiB3aWR0aD0iMTAwJSIgaGVpZ2h0PSI2NzAiIHNjcm9sbGluZz0ibm8iIGZyYW1lYm9yZGVyPSIwIiA9IiI+PC9pZnJhbWUg44CAPjwhLS3ilrLjgqvjgrTkuIvjg5Djg4rjg7wtLT48YnI+CgoKCgoKCgoKCgoKCgoKCgoKCuODu+mbu+azouWPl+S/oeapn+iDve+8muiHquWLleWPl+S/oe+8j+aJi+WLleWPl+S/oeOAgeiHquWLlemBuOWxgOapn+iDveS7mOOBje+8iOWPl+S/oembu+azou+8nemVt+azouaomea6lumbu+azokpKWeOAgeWRqOazouaVsO+8nTQwa0h677yPNjBrSHrvvIk8YnI+CuODu+mbu+azouWPl+S/oeODnuODvOOCr+ihqOekuu+8iOmbu+azouWPl+S/oeeKtuazgeOCkuODnuODvOOCr+eCueeBr+OBp+OBiuefpeOCieOBm++8iTxicj4K44O76Zu75rOi5Y+X5L+h44Kk44Oz44K444Kx44O844K/44O877yI6Zu75rOi5Y+X5L+h54q25oWL44KS44Op44Oz44OX44Gn44GK55+l44KJ44Gb77yJPGJyPgrjg7vmuKnluqboqIjmuKzmqZ/og708YnI+CuODu+a5v+W6puioiOa4rOapn+iDvTxicj4KPGJyPuKXj+OCq+ODqeODvO+8muOCt+ODq+ODkOODvDxicj4K4peP5L2/55So6Zu75rGg77ya77yI44Ki44Or44Kr44Oq77yJ5Lm+6Zu75rGg5Y2YMuW9osOXMjxicj4K4peP6Zu75rGg5a+/5ZG977ya57SEM+W5tDxicj4K4peP44K144Kk44K677yIY23vvInvvJrluYXntIQzNsOX5aWl6KGM57SENS40w5fpq5jjgZXntIQzNjxicj4K4peP6YeN44GV77yIa2fvvInvvJrntIQxLjU8YnI+CuKAu+mbu+azouWPl+S/oeOBjOihjOOCj+OCjOOBquOBhOWgtOWQiOOBr+OAgemAmuW4uOOBruOCr+OCquODvOODhOeyvuW6pu+8iOW5s+Wdh+aciOW3rsKxMzDnp5LvvInjgafli5XkvZzjgZfjgb7jgZnjgII8YnI+CuKAu+OBk+OBruijveWTgeOBr+aXpeacrOmbu+azouS7leanmOOBp+OBmeOAgua1t+WkluOBp+S9v+eUqOOBl+OBn+WgtOWQiOOAgeOBvuOCjOOBq+aXpeacrOaomea6lumbu+azouOCkuWPl+S/oeOBl+OBpuOAgeaXpeacrOOBruaZgumWk+OCkuihqOekuuOBl+OBpuOBl+OBvuOBhuOBk+OBqOOBjOOBguOCiuOBvuOBmeOAgjxicj4K4oC75rW35aSW44Gn44Gu44GU5L2/55So44Gr44Gv5a++5b+c44GX44Gm44GK44KK44G+44Gb44KT44CCPGJyPg==,44CQ6YCB5paZ54Sh5paZ44CR44Kr44K344KqIOmbu+azouaOm+OBkeaZguioiCBJQy0yMDAwSi04SkYgQ0FDSU8g44CQROOAkeOAkEhE44CR44CQ5pmC6KiIIOODluODqeODs+ODiSDmjpvmmYLoqIgg5paw55Sf5rS744CR77ya5pqu44KJ44GX5YGl5bq344ON44OD44OI6aSo,44Kt44OD44OB44Oz44OQ44K56Kq/55CG5Zmo5YW35rSX5Ymk44Kv44Oq44K544K/44Or44Ks44Kk44K244O8NTAwbWzmn5Tou5/liaTlrqTlhoXnianlubLjgZfnianlubLjgZflgaXlurfpo5/lk4HjgqLjgqTjg6rjgrnjgqrjg7zjg6Tjg57mjoPpmaTjg4/jg7Pjgqzjg7zmtJfmv6/lj47ntI3nsbPjg4DjgqTjgqjjg4Pjg4jmsLTjg4Djgqbjg4vjg7zjg5Xjg6njgqTjg5Hjg7PnibnojLbjgJDpgIHmlpnnhKHmlpnjgJHjgqvjgrfjgqog6Zu75rOi5o6b44GR5pmC6KiIIElDLTIwMDBKLThKRiBDQUNJTyDjgJBE44CR44CQSETjgJHjgJDmmYLoqIgg44OW44Op44Oz44OJIOaOm+aZguioiCDmlrDnlJ/mtLvjgJE=,44CQMTAw5YaG44Kv44O844Od44Oz5pyJ44CR44CQ5YWo5Zu944Gp44GT44Gn44KC6YCB5paZ54Sh5paZ44CR44CC44CQ6YCB5paZ54Sh5paZ44CR44Kr44K344KqIOmbu+azouaOm+OBkeaZguioiCBJQy0yMDAwSi04SkYgQ0FDSU8g44CQROOAkeOAkEhE44CR44CQ5pmC6KiIIOODluODqeODs+ODiSDmjpvmmYLoqIgg5paw55Sf5rS744CR[rn]
16-122013,aHR0cDovL3RzaG9wLnIxMHMuanAva3VyYXNoaWtlbmtvdS9jYWJpbmV0L2Nhc2lvL2ctNTYwMGUtMWpmXzIwMC5qcGc/Zml0aW49NzAwOjcwMA==,ODk5MS4yMDAw,,6IWV5pmC6KiIID4g44Oh44Oz44K66IWV5pmC6KiI,44CQ5Zu95YaF5q2j6KaP5ZOB44CRQ0FTSU/jgJTjgqvjgrfjgqrjgJXjg6Hjg7Pjgrog44OH44K444K/44Or6IWV5pmC6KiIRy1TSE9DSyBTUEVFROODouODh+ODq+OCv+ODleOCveODvOODqeODvFvpm7vms6LmmYLoqIgg6IWV5pmC6KiIIOODh+OCuOOCv+ODq+aZguioiCDjgr/jg5Xjgr3jg7zjg6njg7wg44OQ44OD44Kv44Op44Kk44OI5LuYIOmYsuawtF3jgJBHLTU2MDBFLTFKRuOAkeOAkETjgJHjgJBIROOAkSBbQ0FXVF3jgJA1MzJQMTdTZXAxNuOAkQ==,44CQNTAw5YaG44Kv44O844Od44Oz5pyJ44CR44CQ5YWo5Zu944Gp44GT44Gn44KC6YCB5paZ54Sh5paZ44CR,PCEtLeKWvOOCq+OCtOS4i+ODkOODiuODvC0tPjxjZW50ZXI+PGZvbnQgY29sb3I9IiNmZjE0OTMiIHNpemU9IjYiPjwvY2VudGVyPjwvZm9udD48aWZyYW1lIHNyYz0iaHR0cDovL3d3dy5yYWt1dGVuLm5lLmpwL2dvbGQva3VyYXNoaWtlbmtvdS9jYXJ0XzE2MTAxOC5odG1sIiB3aWR0aD0iMTAwJSIgaGVpZ2h0PSI2NzAiIHNjcm9sbGluZz0ibm8iIGZyYW1lYm9yZGVyPSIwIiA9IiI+PC9pZnJhbWUg44CAPjwhLS3ilrLjgqvjgrTkuIvjg5Djg4rjg7wtLT48YnI+CgoKCgoKCgoKCgoKCgoKCgoKCuacrOS9k+OCteOCpOOCuihIw5dXw5dEKTo0Ni43w5c0My4yw5cxMi43bW08YnI+5pys5L2T6YeN6YePOjUwLjVnPGJyPumnhuWLleaWueW8jzrjgr3jg7zjg6njg7zlhYXpm7s8YnI+6Ziy5rC05qmf6IO9OjIw5rCX5Zyn6Ziy5rC0PGJyPumbu+azouiHquWLleS/ruato+apn+iDvTrnhKE8YnI+6KGo56S65pa55byPOuODh+OCuOOCv+ODqzxicj7pm7vmsaDlr7/lkb0644CQ44OV44Or5YWF6Zu75pmC44GL44KJ44K944O844Op44O855m66Zu754Sh44GX44Gu54q25oWL44Gn44Gu6aeG5YuV5pmC6ZaT44CR5qmf6IO95L2/55So44Gu5aC05ZCI77ya57SEMTHjg7XmnIjjgIHjg5Hjg6/jg7zjgrvjg7zjg5Pjg7PjgrDnirbmhYvjga7loLTlkIjvvJrntIQyN+ODteaciOOAgDxicj7jgrHjg7zjgrk65qi56ISC44Ks44Op44K5OueEoeapn+OCrOODqeOCueODkOODs+ODiTxicj7ntKDmnZA65qi56ISCPGJyPueyvuW6pjrlubPlnYfmnIjlt67CsTE156eSPGJyPuODr+ODvOODq+ODieOCv+OCpOODoDrkuJbnlYw0OOmDveW4gu+8iDI544K/44Kk44Og44K+44O844Oz77yJ44Gu5pmC5Yi76KGo56S644CB44K144Oe44O844K/44Kk44Og6Kit5a6a5qmf6IO95LuY44GNPGJyPuOCueODiOODg+ODl+OCpuOCqeODg+ODgToxLzEwMOenkuOAgTI05pmC6ZaT6KiI44CB44K544OX44Oq44OD44OI5LuY44GN44K/44Kk44Oe44O8OuOCu+ODg+ODiOWNmOS9je+8mjHliIbjgIHmnIDlpKfjgrvjg4Pjg4jvvJoyNOaZgumWk+OAgTHnp5LljZjkvY3jgafoqIjmuKzmmYLliLs8YnI+44Ki44Op44O844OgOuaZguWIu+OCouODqeODvOODoDXmnKzvvIgx5pys44Gu44G/44K544OM44O844K65qmf6IO95LuY44GN77yJ44O75pmC5aCxPGJyPuODkeODr+ODvOOCu+ODvOODk+ODs+OCsOapn+iDvTrmmpfmiYDjgafjga/kuIDlrprmmYLplpPjgYzntYzpgY7jgZnjgovjgajooajnpLrjgpLmtojjgZfjgabnr4Dpm7vjgZfjgb7jgZnjgII8YnI+44OQ44OD44Kv44Op44Kk44OIOkVM44OQ44OD44Kv44Op44Kk44OI77yI44OV44Or44Kq44O844OIRUzjg6njgqTjg4jjgIHmrovnhafmqZ/og73ku5jjgY3vvIk8YnI+44Gd44Gu5LuW5qmf6IO9OuODleODq+OCquODvOODiOOCq+ODrOODs+ODgOODvOOAgTEyLzI05pmC6ZaT5Yi26KGo56S65YiH5pu/44CB5pON5L2c6Z+zT04vT0ZG5YiH5pu/5qmf6IO944CB44K/44OV44K944O844Op44O877yI44K944O844Op44O85YWF6Zu744K344K544OG44Og77yJ,44CQ5Zu95YaF5q2j6KaP5ZOB44CRQ0FTSU/jgJTjgqvjgrfjgqrjgJXjg6Hjg7Pjgrog44OH44K444K/44Or6IWV5pmC6KiIRy1TSE9DSyBTUEVFROODouODh+ODq+OCv+ODleOCveODvOODqeODvFvpm7vms6LmmYLoqIgg6IWV5pmC6KiIIOODh+OCuOOCv+ODq+aZguioiCDjgr/jg5Xjgr3jg7zjg6njg7wg44OQ44OD44Kv44Op44Kk44OI5LuYIOmYsuawtF3jgJBHLTU2MDBFLTFKRuOAkeOAkETjgJHjgJBIROOAkSBbQ0FXVF3jgJA1MzJQMTdTZXAxNuOAke+8muaaruOCieOBl+WBpeW6t+ODjeODg+ODiOmkqA==,44Kt44OD44OB44Oz44OQ44K56Kq/55CG5Zmo5YW35rSX5Ymk44Kv44Oq44K544K/44Or44Ks44Kk44K244O8NTAwbWzmn5Tou5/liaTlrqTlhoXnianlubLjgZfnianlubLjgZflgaXlurfpo5/lk4HjgqLjgqTjg6rjgrnjgqrjg7zjg6Tjg57mjoPpmaTjg4/jg7Pjgqzjg7zmtJfmv6/lj47ntI3nsbPjg4DjgqTjgqjjg4Pjg4jmsLTjg4Djgqbjg4vjg7zjg5Xjg6njgqTjg5Hjg7PnibnojLbjgJDlm73lhoXmraPopo/lk4HjgJFDQVNJT+OAlOOCq+OCt+OCquOAleODoeODs+OCuiDjg4fjgrjjgr/jg6vohZXmmYLoqIhHLVNIT0NLIFNQRUVE44Oi44OH44Or44K/44OV44K944O844Op44O8W+mbu+azouaZguioiCDohZXmmYLoqIgg44OH44K444K/44Or5pmC6KiIIOOCv+ODleOCveODvOODqeODvCDjg5Djg4Pjgq/jg6njgqTjg4jku5gg6Ziy5rC0XeOAkEctNTYwMEUtMUpG44CR44CQROOAkeOAkEhE44CRIFtDQVdUXeOAkDUzMlAxN1NlcDE244CR,44CQNTAw5YaG44Kv44O844Od44Oz5pyJ44CR44CQ5YWo5Zu944Gp44GT44Gn44KC6YCB5paZ54Sh5paZ44CR44CC44CQ5Zu95YaF5q2j6KaP5ZOB44CRQ0FTSU/jgJTjgqvjgrfjgqrjgJXjg6Hjg7Pjgrog44OH44K444K/44Or6IWV5pmC6KiIRy1TSE9DSyBTUEVFROODouODh+ODq+OCv+ODleOCveODvOODqeODvFvpm7vms6LmmYLoqIgg6IWV5pmC6KiIIOODh+OCuOOCv+ODq+aZguioiCDjgr/jg5Xjgr3jg7zjg6njg7wg44OQ44OD44Kv44Op44Kk44OI5LuYIOmYsuawtF3jgJBHLTU2MDBFLTFKRuOAkeOAkETjgJHjgJBIROOAkSBbQ0FXVF3jgJA1MzJQMTdTZXAxNuOAkQ==[rn]
16-122014,aHR0cDovL3RzaG9wLnIxMHMuanAva3VyYXNoaWtlbmtvdS9jYWJpbmV0L3Rhc3lhMjIvNzAyODk0Ny1lLmpwZz9maXRpbj03MDA6NzAw,MjIwNy4yMDAw,,6IWV5pmC6KiIID4g44Oh44Oz44K66IWV5pmC6KiI,44CQ6IWV5pmC6KiIIOOCt+ODgeOCuuODs+OAkVEmUeOAkOaZguioiCDjgajjgZHjgYQg5paw55Sf5rS7IOaZgumWk+OAkUNJVElaRU4gVzUyNkoyMTLjgJBUQ+OAkeOAkEhE44CR,44CQMTAw5YaG44Kv44O844Od44Oz5pyJ44CR44CQ56iO6L68Mzk5MOWGhuS7peS4iuOBp+mAgeaWmeeEoeaWmeOAkQ==,PCEtLeKWvOOCq+OCtOS4i+ODkOODiuODvC0tPjxjZW50ZXI+PGZvbnQgY29sb3I9IiNmZjE0OTMiIHNpemU9IjYiPjwvY2VudGVyPjwvZm9udD48aWZyYW1lIHNyYz0iaHR0cDovL3d3dy5yYWt1dGVuLm5lLmpwL2dvbGQva3VyYXNoaWtlbmtvdS9jYXJ0XzE2MTAxOC5odG1sIiB3aWR0aD0iMTAwJSIgaGVpZ2h0PSI2NzAiIHNjcm9sbGluZz0ibm8iIGZyYW1lYm9yZGVyPSIwIiA9IiI+PC9pZnJhbWUg44CAPjwhLS3ilrLjgqvjgrTkuIvjg5Djg4rjg7wtLT48YnI+CgoKCgoKCgoKCgoKCgoKCgoKCgo8Yj48Zm9udCBjb2xvcj0iI0RDRENEQyI+44CQ6IWV5pmC6KiIIOOCt+ODgeOCuuODsyDmmYLoqIgg44Go44GR44GEIOaWsOeUn+a0uyDmmYLplpPjgJFDSVRJWkVOPC9mb250PjwvYj48YnI+44K344Oz44OX44Or44Gq44OH44K244Kk44Oz44O76Imy44O75qmf6IO944GrMTDmsJflnKfpmLLmsLTjgIHpm7vmsaDlr7/lkb0xMOW5tOOBrumVt+aZgumWk+mnhuWLleOCpuOCquODg+ODgeOBp+OBmeOAgjxicj48YnI+4peP5ZWG5ZOB44K144Kk44K677yIY23vvInvvJrluYXntIQxMy41w5flpaXooYzntIQyMy43w5fpq5jjgZU577yI5qKx5YyF44K144Kk44K677yJPGJyPgrjgrHjg7zjgrnjga7lvaLnirYg44Op44Km44Oz44OJ44OV44Kn44Kk44K5PGJyPgrpoqjpmLLntKDmnZAg44Of44ON44Op44Or44Ks44Op44K5PGJyPgrooajnpLrjgr/jgqTjg5cg44Ki44OK44Ot44Kw6KGo56S6PGJyPgrnlZnjgoHph5Eg5LiJ44OE5oqY44KM44K/44Kk44OX5Lit55WZPGJyPgrjgrHjg7zjgrnntKDmnZAg44K544OG44Oz44Os44K5PGJyPgrjgrHjg7zjgrnljpogMTBtbTxicj4K44OQ44Oz44OJ57Sg5p2Q772l44K/44Kk44OXIOOCueODhuODs+ODrOOCuSDjg5bjg6zjgrnjg6zjg4Pjg4jjgr/jgqTjg5c8YnI+CuODkOODs+ODiemVtyDntIQxNi41772eMTljbTxicj4K44OQ44Oz44OJ44Kr44Op44O8IOOCt+ODq+ODkOODvDxicj4K5paH5a2X55uk44Kr44Op44O8IOODjeOCpOODk+ODvOODluODq+ODvDxicj4K44Kr44Os44Oz44OA44O85qmf6IO9IOaXpeS7mOihqOekujxicj4K44Og44O844OW44Oh44Oz44OIIOOCr+OCqeODvOODhDxicj4K44Oh44O844Kr44O85L+d6Ki8IDbjg7XmnIjkv53oqLw8YnI+,44CQ6IWV5pmC6KiIIOOCt+ODgeOCuuODs+OAkVEmYW1wO1HjgJDmmYLoqIgg44Go44GR44GEIOaWsOeUn+a0uyDmmYLplpPjgJFDSVRJWkVOIFc1MjZKMjEy44CQVEPjgJHjgJBIROOAke+8muaaruOCieOBl+WBpeW6t+ODjeODg+ODiOmkqA==,44Kt44OD44OB44Oz44OQ44K56Kq/55CG5Zmo5YW35rSX5Ymk44Kv44Oq44K544K/44Or44Ks44Kk44K244O8NTAwbWzmn5Tou5/liaTlrqTlhoXnianlubLjgZfnianlubLjgZflgaXlurfpo5/lk4HjgqLjgqTjg6rjgrnjgqrjg7zjg6Tjg57mjoPpmaTjg4/jg7Pjgqzjg7zmtJfmv6/lj47ntI3nsbPjg4DjgqTjgqjjg4Pjg4jmsLTjg4Djgqbjg4vjg7zjg5Xjg6njgqTjg5Hjg7PnibnojLbjgJDohZXmmYLoqIgg44K344OB44K644Oz44CRUSZhbXA7UeOAkOaZguioiCDjgajjgZHjgYQg5paw55Sf5rS7IOaZgumWk+OAkUNJVElaRU4gVzUyNkoyMTLjgJBUQ+OAkeOAkEhE44CR,44CQMTAw5YaG44Kv44O844Od44Oz5pyJ44CR44CQ56iO6L68Mzk5MOWGhuS7peS4iuOBp+mAgeaWmeeEoeaWmeOAkeOAguOAkOiFleaZguioiCDjgrfjg4Hjgrrjg7PjgJFRJmFtcDtR44CQ5pmC6KiIIOOBqOOBkeOBhCDmlrDnlJ/mtLsg5pmC6ZaT44CRQ0lUSVpFTiBXNTI2SjIxMuOAkFRD44CR44CQSETjgJE=[rn]
16-122015,aHR0cDovL3RzaG9wLnIxMHMuanAva3VyYXNoaWtlbmtvdS9jYWJpbmV0L2Nhc2lvL2FxLTIzMGEtN2JtcXlqZl8yMDAuanBnP2ZpdGluPTcwMDo3MDA=,MTg4OS42MDAw,,6IWV5pmC6KiIID4g44Oh44Oz44K66IWV5pmC6KiI,44CQ5Zu95YaF5q2j6KaP5ZOB44CRQ0FTSU/jgJTjgqvjgrfjgqrjgJXjg6Hjg7Pjgrog44Ki44OK44OH44K477yI44Ki44OK44Ot44Kw44O744OH44K444K/44Or77yJ6IWV5pmC6KiI44K544K/44Oz44OA44O844OJ44Km44Kp44OD44OBIOOAkEFRLTIzMEEtN0JNUVlKRuOAkeOAkETjgJHjgJBIROOAkVtDQVdUXQ==,44CQMTAw5YaG44Kv44O844Od44Oz5pyJ44CR44CQ56iO6L68Mzk5MOWGhuS7peS4iuOBp+mAgeaWmeeEoeaWmeOAkQ==,PCEtLeKWvOOCq+OCtOS4i+ODkOODiuODvC0tPjxjZW50ZXI+PGZvbnQgY29sb3I9IiNmZjE0OTMiIHNpemU9IjYiPjwvY2VudGVyPjwvZm9udD48aWZyYW1lIHNyYz0iaHR0cDovL3d3dy5yYWt1dGVuLm5lLmpwL2dvbGQva3VyYXNoaWtlbmtvdS9jYXJ0XzE2MTAxOC5odG1sIiB3aWR0aD0iMTAwJSIgaGVpZ2h0PSI2NzAiIHNjcm9sbGluZz0ibm8iIGZyYW1lYm9yZGVyPSIwIiA9IiI+PC9pZnJhbWUg44CAPjwhLS3ilrLjgqvjgrTkuIvjg5Djg4rjg7wtLT48YnI+CgoKCgoKCgoKCgoKCgoKCgoKCgrmnKzkvZPjgrXjgqTjgrooSMOXV8OXRCk6MzguOMOXMjkuOMOXOC4xbW08YnI+5pys5L2T6YeN6YePOjQ0Zzxicj7jg5Djg7Pjg4nplbc6MTQ1772eMjAwbW08YnI+6aeG5YuV5pa55byPOuOCr+OCquODvOODhDxicj7pmLLmsLTmqZ/og7065pel5bi455Sf5rS76Ziy5rC0PGJyPumbu+azouiHquWLleS/ruato+apn+iDvTrnhKE8YnI+6KGo56S65pa55byPOuOCouODiuODreOCsDxicj7pm7vmsaDlr7/lkb0657SEM+W5tDxicj7jgrHjg7zjgrk644K544OG44Oz44Os44K544Ks44Op44K5OuOCueODhuODs+ODrOOCueODkOODs+ODiTxicj7ntKDmnZA644OV44Oq44O844K/44Kk44OX44OQ44Oz44OJ77yI44Ki44K444Oj44K544OI77yJOuODleODquODvOODkOODg+OCr+ODqzxicj7nsr7luqY65bmz5Z2H5pyI5beuwrEzMOenkjxicj7jgrnjg4jjg4Pjg5fjgqbjgqnjg4Pjg4E6MS8xMDDnp5LjgIE2MOWIhuioiOaZguWIuzxicj7jgqLjg6njg7zjg6A65pyJPGJyPuOBneOBruS7luapn+iDvTrjg4fjg6XjgqLjg6vjgr/jgqTjg6DjgIHjgqrjg7zjg4jjgqvjg6zjg7Pjg4Djg7zjgIExMi8yNOaZgumWk+WItuihqOekuuWIh+abvw==,44CQ5Zu95YaF5q2j6KaP5ZOB44CRQ0FTSU/jgJTjgqvjgrfjgqrjgJXjg6Hjg7Pjgrog44Ki44OK44OH44K477yI44Ki44OK44Ot44Kw44O744OH44K444K/44Or77yJ6IWV5pmC6KiI44K544K/44Oz44OA44O844OJ44Km44Kp44OD44OBIOOAkEFRLTIzMEEtN0JNUVlKRuOAkeOAkETjgJHjgJBIROOAkVtDQVdUXe+8muaaruOCieOBl+WBpeW6t+ODjeODg+ODiOmkqA==,44Kt44OD44OB44Oz44OQ44K56Kq/55CG5Zmo5YW35rSX5Ymk44Kv44Oq44K544K/44Or44Ks44Kk44K244O8NTAwbWzmn5Tou5/liaTlrqTlhoXnianlubLjgZfnianlubLjgZflgaXlurfpo5/lk4HjgqLjgqTjg6rjgrnjgqrjg7zjg6Tjg57mjoPpmaTjg4/jg7Pjgqzjg7zmtJfmv6/lj47ntI3nsbPjg4DjgqTjgqjjg4Pjg4jmsLTjg4Djgqbjg4vjg7zjg5Xjg6njgqTjg5Hjg7PnibnojLbjgJDlm73lhoXmraPopo/lk4HjgJFDQVNJT+OAlOOCq+OCt+OCquOAleODoeODs+OCuiDjgqLjg4rjg4fjgrjvvIjjgqLjg4rjg63jgrDjg7vjg4fjgrjjgr/jg6vvvInohZXmmYLoqIjjgrnjgr/jg7Pjg4Djg7zjg4njgqbjgqnjg4Pjg4Eg44CQQVEtMjMwQS03Qk1RWUpG44CR44CQROOAkeOAkEhE44CRW0NBV1Rd,44CQMTAw5YaG44Kv44O844Od44Oz5pyJ44CR44CQ56iO6L68Mzk5MOWGhuS7peS4iuOBp+mAgeaWmeeEoeaWmeOAkeOAguOAkOWbveWGheato+imj+WTgeOAkUNBU0lP44CU44Kr44K344Kq44CV44Oh44Oz44K6IOOCouODiuODh+OCuO+8iOOCouODiuODreOCsOODu+ODh+OCuOOCv+ODq++8ieiFleaZguioiOOCueOCv+ODs+ODgOODvOODieOCpuOCqeODg+ODgSDjgJBBUS0yMzBBLTdCTVFZSkbjgJHjgJBE44CR44CQSETjgJFbQ0FXVF0=[rn]
16-122016,aHR0cDovL3RzaG9wLnIxMHMuanAva3VyYXNoaWtlbmtvdS9jYWJpbmV0L3Rhc3lhMTgvNzAxNTQ0My1lLmpwZz9maXRpbj03MDA6NzAw,MjM4NS42MDAw,,6IWV5pmC6KiIID4g44Oh44Oz44K66IWV5pmC6KiI,44Kr44K344KqIOmbu+azouebruimmuOBvuOBl+aZguioiCBEUUQtNDEwSi00SkYgQ0FDSU8g44CQROOAkeOAkEhE44CR44CQ5pmC6KiIIOODluODqeODs+ODiSDnva7mmYLoqIgg44Ki44Op44O844OgIOaWsOeUn+a0uyDljZPkuIrjgJE=,44CQMTAw5YaG44Kv44O844Od44Oz5pyJ44CR44CQ56iO6L68Mzk5MOWGhuS7peS4iuOBp+mAgeaWmeeEoeaWmeOAkQ==,44O76Zu75rOi5Y+X5L+h5qmf6IO977ya6Ieq5YuV5Y+X5L+h77yP5omL5YuV5Y+X5L+h44CB6Ieq5YuV6YG45bGA5qmf6IO95LuY44GNPGJyPgrvvIjlj5fkv6Hpm7vms6LvvJ3plbfms6LmqJnmupbpm7vms6JKSlnjgIHlkajms6LmlbDvvJ0gNDBrSHrvvI82MGtIeu+8iTxicj4K44O76Zu75rOi5Y+X5L+h44Oe44O844Kv6KGo56S677yI6Zu75rOi5Y+X5L+h54q25rOB44KS44Oe44O844Kv54K554Gv44Gn44GK55+l44O76L2k772577yJPGJyPgrjg7vpm7vms6Llj5fkv6HjgqTjg7PjgrjjgrHjg7zjgr/jg7zvvIjpm7vms6Llj5fkv6HnirbmhYvjgpLjg6zjg5njg6vooajnpLrvvIk8YnI+CuODu+mbu+WtkOmfs+OCouODqeODvOODoO+8iDXmrrXpmo7jgaflpInljJbvvIk8YnI+CuODu+atouOCgeOBpuOCguatouOCgeOBpuOCguOBvuOBn+mztOOCi+OCueODjOODvOOCuuapn+iDveS7mOOBje+8iOe0hDXliIbjgYrjgY3mnIDlpKc35Zue57mw44KK6L+U44GZ77yJPGJyPgrjg7vmuKnluqboqIjmuKzmqZ/og73vvIjoqIjmuKznr4Tlm7LvvJ0w772eNDDihIPjgIHoqIjmuKznsr7luqbvvJ3CsTLihIPvvIgw772eNDDihIPvvInvvIk8YnI+CuODu+W/q+mBqea4qeW6puihqOekujxicj4K44O75pyI44O75pel44O75puc5pel6KGo56S6PGJyPgrjg7vjg5Xjg6vjgqrjg7zjg4jjgqvjg6zjg7Pjg4Djg7w8YnI+CuODuzEyLzI0IOaZgumWk+WItuihqOekuuWIh+abvzxicj4K44O7TEVE44Op44Kk44OI77yI5ray5pm26KGo56S655So44CB5q6L54Wn5qmf6IO95LuY44GN77yJPGJyPgrjg7tMRUTjg6njgqTjg4jvvIjmh5DkuK3pm7vnga/nlKjjgIHjgrnjg7zjg5Hjg7zjgqTjg6vjg5/jg43jg7zjgr/jg7zvvIk8YnI+CuODu+WwgueUqOOCueOCv+ODs+ODieS7mOOBjTxicj4KPGJyPuKXj+OCq+ODqeODvO+8muOCquODrOODs+OCuDxicj4K4peP44K144Kk44K677yIY23vvInvvJrluYXntIQ3LjLDl+WlpeihjOe0hDIuNMOX6auY44GV57SEMTAuMzxicj4K4peP6YeN44GV77yIa2fvvInvvJrntIQwLjE1NTxicj4K4peP5L2/55So6Zu75rGgPGJyPgrjg57jg7Pjgqzjg7Pkub7pm7vmsaDljZg05b2iw5cy77yI5pmC6KiI55So77yJPGJyPgrjg57jg7Pjgqzjg7Pkub7pm7vmsaDljZg05b2iw5cy77yI5oeQ5Lit6Zu754Gv55So77yJPGJyPgril4/pm7vmsaDlr7/lkb3vvJrntIQx5bm0PGJyPgrigLsg6Zu75rOi5Y+X5L+h44GM6KGM44KP44KM44Gq44GE5aC05ZCI44Gv44CB6YCa5bi444Gu44Kv44Kq44O844OE57K+5bqm77yI5bmz5Z2H5pyI5beuwrEzMOenku+8ieOBp+WLleS9nOOBl+OBvuOBmeOAgjxicj4K4oC744GT44Gu6KO95ZOB44Gv5pel5pys6Zu75rOi5LuV5qeY44Gn44GZ44CC5rW35aSW44Gn5L2/55So44GX44Gf5aC05ZCI44CB44G+44KM44Gr5pel5pys5qiZ5rqW6Zu75rOi44KS5Y+X5L+h44GX44Gm44CB5pel5pys44Gu5pmC6ZaT44KS6KGo56S644GX44Gm44GX44G+44GG44GT44Go44GM44GC44KK44G+44GZ44CCPGJyPgrigLvmtbflpJbjgafjga7jgZTkvb/nlKjjgavjga/lr77lv5zjgZfjgabjgYrjgorjgb7jgZvjgpPjgII8YnI+,44Kr44K344KqIOmbu+azouebruimmuOBvuOBl+aZguioiCBEUUQtNDEwSi00SkYgQ0FDSU8g44CQROOAkeOAkEhE44CR44CQ5pmC6KiIIOODluODqeODs+ODiSDnva7mmYLoqIgg44Ki44Op44O844OgIOaWsOeUn+a0uyDljZPkuIrjgJHvvJrmmq7jgonjgZflgaXlurfjg43jg4Pjg4jppKg=,44Kt44OD44OB44Oz44OQ44K56Kq/55CG5Zmo5YW35rSX5Ymk44Kv44Oq44K544K/44Or44Ks44Kk44K244O8NTAwbWzmn5Tou5/liaTlrqTlhoXnianlubLjgZfnianlubLjgZflgaXlurfpo5/lk4HjgqLjgqTjg6rjgrnjgqrjg7zjg6Tjg57mjoPpmaTjg4/jg7Pjgqzjg7zmtJfmv6/lj47ntI3nsbPjg4DjgqTjgqjjg4Pjg4jmsLTjg4Djgqbjg4vjg7zjg5Xjg6njgqTjg5Hjg7PnibnojLbjgqvjgrfjgqog6Zu75rOi55uu6Kaa44G+44GX5pmC6KiIIERRRC00MTBKLTRKRiBDQUNJTyDjgJBE44CR44CQSETjgJHjgJDmmYLoqIgg44OW44Op44Oz44OJIOe9ruaZguioiCDjgqLjg6njg7zjg6Ag5paw55Sf5rS7IOWNk+S4iuOAkQ==,44CQMTAw5YaG44Kv44O844Od44Oz5pyJ44CR44CQ56iO6L68Mzk5MOWGhuS7peS4iuOBp+mAgeaWmeeEoeaWmeOAkeOAguOCq+OCt+OCqiDpm7vms6Lnm67opprjgb7jgZfmmYLoqIggRFFELTQxMEotNEpGIENBQ0lPIOOAkETjgJHjgJBIROOAkeOAkOaZguioiCDjg5bjg6njg7Pjg4kg572u5pmC6KiIIOOCouODqeODvOODoCDmlrDnlJ/mtLsg5Y2T5LiK44CR[rn]
16-122017,aHR0cDovL3RzaG9wLnIxMHMuanAva3VyYXNoaWtlbmtvdS9jYWJpbmV0L2hvZG9nYXlhLzk4MzIzNDUtZS5qcGc/Zml0aW49NzAwOjcwMA==,MzI2MS42MDAw,,6IWV5pmC6KiIID4g44Oh44Oz44K66IWV5pmC6KiI,Q0FTSU/jgJTjgqvjgrfjgqrjgJXjgrnjg53jg7zjg4Tjgqbjgqnjg4Pjg4HjgIDjg4fjgrjjgr/jg6vohZXmmYLoqIjjgIBTUE9SVFPjgIBHRUFS44CAU0RCLTEwMEotMUJKRuOAkETjgJHjgJDpgIHmlpnnhKHmlpnjgJE=,44CQMTAw5YaG44Kv44O844Od44Oz5pyJ44CR44CQ5YWo5Zu944Gp44GT44Gn44KC6YCB5paZ54Sh5paZ44CR,PCEtLeKWvOOCq+OCtOS4i+ODkOODiuODvC0tPjxjZW50ZXI+PGZvbnQgY29sb3I9IiNmZjE0OTMiIHNpemU9IjYiPjwvY2VudGVyPjwvZm9udD48aWZyYW1lIHNyYz0iaHR0cDovL3d3dy5yYWt1dGVuLm5lLmpwL2dvbGQva3VyYXNoaWtlbmtvdS9jYXJ0XzE2MTAxOC5odG1sIiB3aWR0aD0iMTAwJSIgaGVpZ2h0PSI2NzAiIHNjcm9sbGluZz0ibm8iIGZyYW1lYm9yZGVyPSIwIiA9IiI+PC9pZnJhbWUg44CAPjwhLS3ilrLjgqvjgrTkuIvjg5Djg4rjg7wtLT48YnI+CgoKCgoKCgoKCgoKCgoKCgoKCgo8Zm9udCBjb2xvcj0iIzAwNjZmZiI+PGI+44K544Kv44Ko44Ki44OV44Kn44Kk44K544Gu44Op44Oz44OK44O855So44Oi44OH44Or77yBPC9iPjwvZm9udD48YnI+CuOAjFNQT1JUUyBHRUFS77yI44K544Od44O844OE44Ku44Ki77yJ44CN44K344Oq44O844K644Gu44Op44Oz44OK44O855So44Oi44OH44Or4piGPGJyPgrmirzjgZfjgoTjgZnjgYTjg5Xjg63jg7Pjg4jjg5zjgr/jg7PjgpLmjqHnlKjvvIE8YnI+CuODqeODg+ODl+ODu+OCueODl+ODquODg+ODiOOCkuacgOWkpzYw5pys44Oh44Oi44Oq44O85Ye65p2l44G+44GZ4pmqPGJyPgrpm7vmsaDlr7/lkb3jga/ntIQxMOW5tOOBrumVt+Wvv+WRveioreioiO+8gTxicj4K6Lu96YeP77yG44Kz44Oz44OR44Kv44OI44Gq44Gu44Gn44CB5aWz5oCn44Gu6IWV44Gr44KC44OV44Kj44OD44OI4piGPGJyPgrjgqrjg7zjg4jjg6njgqTjg4jmqZ/og73mkK3ovInjgafjgIHlpJzplpPjga7jg4jjg6zjg7zjg4vjg7PjgrDjgavjgoLjg5Tjg4Pjgr/jg6rjgafjgZnjgII8YnI+PGJyPuKXj+WVhuWTgeOCteOCpOOCuu+8iOe0hO+8ie+8muW5hTMuNTHDl+WlpeihjDEuMTTDl+mrmOOBlTQuMzljbTxicj4K4peP6LOq6YeP77yI57SE77yJ77yaMjguMmc8YnI+CuKXj+adkOizqjxicj4K44CA44Kx44O844K544O744OZ44K844Or77ya5qi56ISC77yP44K544OG44Oz44Os44K544K544OB44O844OrPGJyPgrjgIDjgqzjg6njgrnvvJrmqLnohILjgqzjg6njgrk8YnI+CuOAgOODkOODs+ODie+8muaoueiEguODkOODs+ODiTxicj4K4peP6Ziy5rC05oCn77yaNeawl+Wcp+mYsuawtAo8YnI+PGJyPgoKPGZvbnQgc2l6ZT0iLTIiPuOAkOS4u+OBquapn+iDveODu+aAp+iDveOAkTxicj4K4peL44OH44Ol44Ki44Or44K/44Kk44OgPGJyPgril4vjgrnjg4jjg4Pjg5fjgqbjgqrjg4Pjg4E8YnI+CuOAgDEvMTAw56eS77yIMTDmmYLplpPmnKrmuoDvvInvvI8x56eS77yIMTDmmYLplpPku6XkuIrvvInjgIExMDDmmYLplpPoqIjjgIHjg6njg4Pjg5fvvI/jgrnjg5fjg6rjg4Pjg4jku5jjgY08YnI+CuOAgOioiOa4rOODh+ODvOOCv+OCkjYw5pys44Oh44Oi44Oq44O877yI44OH44O844K/55Wq5Y+344CB6KiI5ris5pyI44O75pel44CB44Op44OD44OX77yP44K544OX44Oq44OD44OI44K/44Kk44Og44CB44Op44OD44OX55Wq5Y+344CB6LWw6KGM6Led6Zui44CB5pyA6auY44Op44OD44OX6KGo56S677yJPGJyPgrjgIDnqY3nrpfot53pm6Lnrpflh7rjgIHjg4fjg7zjgr/oqK3lrprvvIjjg5Tjg4Pjg4HjgIHmranluYXvvIk8YnI+CuOAgOODmuODvOOCuemfs+Wgsemfs+apn+iDveS7mOOBjTxicj4K4peL44K/44Kk44Oe44O877yI44K744OD44OI5Y2Y5L2N77yaMeWIhuOAgeacgOWkp+OCu+ODg+ODiDEwMOaZgumWk+OAgTHnp5LljZjkvY3jgafoqIjmuKzjgIHjgqrjg7zjg4jjg6rjg5Tjg7zjg4jvvIk8YnI+CuKXi+aZguWIu+OCouODqeODvOODoDXmnKzvvIgx5pys44Gu44G/44K544OM44O844K65YiH5pu/5qmf6IO977yJ44O75pmC5aCxPGJyPgril4vjg5Xjg6vjgqrjg7zjg4jjgqvjg6zjg7Pjg4Djg7w8YnI+CuKXizEyLzI05pmC6ZaT5Yi26KGo56S65YiH5pu/PGJyPgril4tMRUTjg5Djg4Pjgq/jg6njgqTjg4jvvIjjgqrjg7zjg4jjg6njgqTjg4jjgIHmrovnhafmqZ/og73ku5jjgY3vvIk8YnI+CuKXi+eyvuW6pu+8muW5s+Wdh+aciOW3rsKxMzDnp5I8YnI+CuKXi+mbu+axoOWvv+WRvTrntIQxMOW5tAoKPC9mb250Pgo8YnI+PGJyPjxmb250IGNvbG9yPSIjMDA2NmZmIj7il4bil4fplqLpgKPllYblk4HjgIDjgZPjgaHjgonjgoLjgYrjgZnjgZnjgoHjgafjgZnil4fil4Y8L2ZvbnQ+PGJyPgrimIVDQVNJT+OAlOOCq+OCt+OCquOAleODh+OCuOOCv+ODq+iFleaZguioiOOAgEFFLTIwMDBXLTFBSkY8YnI+CuKYhUNBU0lP44CU44Kr44K344Kq44CV44OH44K444K/44Or6IWV5pmC6KiI44CAQUUtMjAwMFdELTFBSkY8YnI+CuKYhUNBU0lP44CU44Kr44K344Kq44CV44OH44K444K/44Or6IWV5pmC6KiI44CAQVEtMTkwVy0xQUpGPGJyPgrimIVDQVNJT+OAlOOCq+OCt+OCquOAleODh+OCuOOCv+ODq+iFleaZguioiOOAgEFRVy0xMDFKLTFBSkY8YnI+CuKYhUNBU0lP44CU44Kr44K344Kq44CV44OH44K444K/44Or6IWV5pmC6KiI44CAU0dXLTEwMEotMUpGPGJyPgrimIVDQVNJT+OAlOOCq+OCt+OCquOAleODh+OCuOOCv+ODq+iFleaZguioiOOAgFNHVy0yMDAtMUpGPGJyPgrimIVDQVNJT+OAlOOCq+OCt+OCquOAleODh+OCuOOCv+ODq+iFleaZguioiOOAgFdWLU0yMDAtMkFKRjxicj4K4piFQ0FTSU/jgJTjgqvjgrfjgqrjgJXjg4fjgrjjgr/jg6vohZXmmYLoqIjjgIBTREItMTAwSi0xQkpGPGJyPg==,Q0FTSU/jgJTjgqvjgrfjgqrjgJXjgrnjg53jg7zjg4Tjgqbjgqnjg4Pjg4HjgIDjg4fjgrjjgr/jg6vohZXmmYLoqIjjgIBTUE9SVFPjgIBHRUFS44CAU0RCLTEwMEotMUJKRuOAkETjgJHjgJDpgIHmlpnnhKHmlpnjgJHvvJrmmq7jgonjgZflgaXlurfjg43jg4Pjg4jppKg=,44Kt44OD44OB44Oz44OQ44K56Kq/55CG5Zmo5YW35rSX5Ymk44Kv44Oq44K544K/44Or44Ks44Kk44K244O8NTAwbWzmn5Tou5/liaTlrqTlhoXnianlubLjgZfnianlubLjgZflgaXlurfpo5/lk4HjgqLjgqTjg6rjgrnjgqrjg7zjg6Tjg57mjoPpmaTjg4/jg7Pjgqzjg7zmtJfmv6/lj47ntI3nsbPjg4DjgqTjgqjjg4Pjg4jmsLTjg4Djgqbjg4vjg7zjg5Xjg6njgqTjg5Hjg7PnibnojLZDQVNJT+OAlOOCq+OCt+OCquOAleOCueODneODvOODhOOCpuOCqeODg+ODgeOAgOODh+OCuOOCv+ODq+iFleaZguioiOOAgFNQT1JUU+OAgEdFQVLjgIBTREItMTAwSi0xQkpG44CQROOAkeOAkOmAgeaWmeeEoeaWmeOAkQ==,44CQMTAw5YaG44Kv44O844Od44Oz5pyJ44CR44CQ5YWo5Zu944Gp44GT44Gn44KC6YCB5paZ54Sh5paZ44CR44CCQ0FTSU/jgJTjgqvjgrfjgqrjgJXjgrnjg53jg7zjg4Tjgqbjgqnjg4Pjg4HjgIDjg4fjgrjjgr/jg6vohZXmmYLoqIjjgIBTUE9SVFPjgIBHRUFS44CAU0RCLTEwMEotMUJKRuOAkETjgJHjgJDpgIHmlpnnhKHmlpnjgJE=[rn]
16-122018,aHR0cDovL3RzaG9wLnIxMHMuanAva3VyYXNoaWtlbmtvdS9jYWJpbmV0L3Rhc3lhMTgvNzAxNTQ0OC1lLmpwZz9maXRpbj03MDA6NzAw,MTk4NS42MDAw,,6IWV5pmC6KiIID4g44Oh44Oz44K66IWV5pmC6KiI,44Kr44K344KqIOmbu+azouebruimmuOBvuOBl+aZguioiCBUUS03NDBKLTlKRiBDQUNJTyDjgJBE44CR44CQSETjgJHjgJDmmYLoqIgg44OW44Op44Oz44OJIOe9ruaZguioiCDjgqLjg6njg7zjg6Ag5paw55Sf5rS7IOWNk+S4iuOAkQ==,44CQMTAw5YaG44Kv44O844Od44Oz5pyJ44CR44CQ56iO6L68Mzk5MOWGhuS7peS4iuOBp+mAgeaWmeeEoeaWmeOAkQ==,PCEtLeKWvOOCq+OCtOS4i+ODkOODiuODvC0tPjxjZW50ZXI+PGZvbnQgY29sb3I9IiNmZjE0OTMiIHNpemU9IjYiPjwvY2VudGVyPjwvZm9udD48aWZyYW1lIHNyYz0iaHR0cDovL3d3dy5yYWt1dGVuLm5lLmpwL2dvbGQva3VyYXNoaWtlbmtvdS9jYXJ0XzE2MTAxOC5odG1sIiB3aWR0aD0iMTAwJSIgaGVpZ2h0PSI2NzAiIHNjcm9sbGluZz0ibm8iIGZyYW1lYm9yZGVyPSIwIiA9IiI+PC9pZnJhbWUg44CAPjwhLS3ilrLjgqvjgrTkuIvjg5Djg4rjg7wtLT48YnI+CgoKCgoKCgoKCgoKCgoKCgoKCgrjg7vpm7vms6Llj5fkv6HmqZ/og73vvJroh6rli5Xlj5fkv6HvvI/miYvli5Xlj5fkv6HjgIHoh6rli5XpgbjlsYDmqZ/og73ku5jjgY08YnI+Cu+8iOWPl+S/oembu+azou+8nemVt+azouaomea6lumbu+azokpKWeOAgeWRqOazouaVsO+8nTQwa0h6IO+8jzYwa0h677yJPGJyPgrjg7vpm7vms6Llj5fkv6HntZDmnpznorroqo3vvIjpm7vms6Llj5fkv6HntZDmnpzjga7norroqo3vvIk8YnI+CuODu+mbu+azouWPl+S/oU9GRuapn+iDveS7mOOBjTxicj4K44O744OZ44Or6Z+z44Ki44Op44O844OgPGJyPgrjg7vmraLjgoHjgabjgoLmraLjgoHjgabjgoLjgb7jgZ/ps7Tjgovjgrnjg4zjg7zjgrrmqZ/og73ku5jjgY3vvIjntIQ15YiG44GK44GN5pyA5aSnNjDliIbplpPnubDjgorov5TjgZnvvIk8YnI+CuODu+enkumHneWBnOatouapn+iDve+8iOOCueODjOODvOOCuuOCouODqeODvOODoE9OIOaZgu+8iTxicj4K44O744Op44Kk44OI77yI5q6L54Wn5qmf6IO95LuY44GN77yJPGJyPgo8YnI+4peP44Kr44Op44O877ya44K344Oj44Oz44OR44Oz44K044O844Or44OJPGJyPgril4/jgrXjgqTjgrrvvIhjbe+8ie+8muW5hee0hDEyLjbDl+WlpeihjOe0hDcuNsOX6auY44GV57SEMTEuODxicj4K4peP6YeN44GV77yIa2fvvInvvJrntIQwLjMxPGJyPgril4/kvb/nlKjpm7vmsaDvvJrljZgz5b2i77yI44Ki44Or44Kr44Oq77yJ5Lm+6Zu75rGgw5cyPGJyPgril4/pm7vmsaDlr7/lkb3vvJrntIQx5bm0PGJyPgrigLvpm7vms6Llj5fkv6HjgYzooYzjgo/jgozjgarjgYTloLTlkIjjga/jgIHpgJrluLjjga7jgq/jgqrjg7zjg4Tnsr7luqbvvIjlubPlnYfmnIjlt67CsTMw56eS77yJ44Gn5YuV5L2c44GX44G+44GZ44CCPGJyPgrigLvjgZPjga7oo73lk4Hjga/ml6XmnKzpm7vms6Lku5Xmp5jjgafjgZnjgILmtbflpJbjgafjgZTkvb/nlKjjga7pmpvjga/jgIHpm7vms6Llj5fkv6HmqZ/og73jgpJPRkbjgavjgZfjgabjgYrkvb/jgYTkuIvjgZXjgYTjgII8YnI+,44Kr44K344KqIOmbu+azouebruimmuOBvuOBl+aZguioiCBUUS03NDBKLTlKRiBDQUNJTyDjgJBE44CR44CQSETjgJHjgJDmmYLoqIgg44OW44Op44Oz44OJIOe9ruaZguioiCDjgqLjg6njg7zjg6Ag5paw55Sf5rS7IOWNk+S4iuOAke+8muaaruOCieOBl+WBpeW6t+ODjeODg+ODiOmkqA==,44Kt44OD44OB44Oz44OQ44K56Kq/55CG5Zmo5YW35rSX5Ymk44Kv44Oq44K544K/44Or44Ks44Kk44K244O8NTAwbWzmn5Tou5/liaTlrqTlhoXnianlubLjgZfnianlubLjgZflgaXlurfpo5/lk4HjgqLjgqTjg6rjgrnjgqrjg7zjg6Tjg57mjoPpmaTjg4/jg7Pjgqzjg7zmtJfmv6/lj47ntI3nsbPjg4DjgqTjgqjjg4Pjg4jmsLTjg4Djgqbjg4vjg7zjg5Xjg6njgqTjg5Hjg7PnibnojLbjgqvjgrfjgqog6Zu75rOi55uu6Kaa44G+44GX5pmC6KiIIFRRLTc0MEotOUpGIENBQ0lPIOOAkETjgJHjgJBIROOAkeOAkOaZguioiCDjg5bjg6njg7Pjg4kg572u5pmC6KiIIOOCouODqeODvOODoCDmlrDnlJ/mtLsg5Y2T5LiK44CR,44CQMTAw5YaG44Kv44O844Od44Oz5pyJ44CR44CQ56iO6L68Mzk5MOWGhuS7peS4iuOBp+mAgeaWmeeEoeaWmeOAkeOAguOCq+OCt+OCqiDpm7vms6Lnm67opprjgb7jgZfmmYLoqIggVFEtNzQwSi05SkYgQ0FDSU8g44CQROOAkeOAkEhE44CR44CQ5pmC6KiIIOODluODqeODs+ODiSDnva7mmYLoqIgg44Ki44Op44O844OgIOaWsOeUn+a0uyDljZPkuIrjgJE=[rn]
16-122019,aHR0cDovL3RzaG9wLnIxMHMuanAva3VyYXNoaWtlbmtvdS9jYWJpbmV0L3Rhc3lhMjIvNzAyODk0OS1lLmpwZz9maXRpbj03MDA6NzAw,ODg1LjYwMDA=,,6IWV5pmC6KiIID4g44Oh44Oz44K66IWV5pmC6KiI,44CQ44Oh44O844Or5L6/44CR44CQ6YCB5paZ54Sh5paZ44CR44CQ6IWV5pmC6KiIIOOCt+ODgeOCuuODs+OAkVEmUeOAkOaZguioiCDjgajjgZHjgYQg5paw55Sf5rS7IOaZgumWk+OAkUNJVElaRU4gVlA4NEo4NTHjgJBE44CR44CQSETjgJHjgJDku6PlvJXkuI3lj6/jgJE=,44CQ5YWo5Zu944Gp44GT44Gn44KC6YCB5paZ54Sh5paZ44CR,PCEtLeKWvOOCq+OCtOS4i+ODkOODiuODvC0tPjxjZW50ZXI+PGZvbnQgY29sb3I9IiNmZjE0OTMiIHNpemU9IjYiPjwvY2VudGVyPjwvZm9udD48aWZyYW1lIHNyYz0iaHR0cDovL3d3dy5yYWt1dGVuLm5lLmpwL2dvbGQva3VyYXNoaWtlbmtvdS9jYXJ0XzE2MTAxOC5odG1sIiB3aWR0aD0iMTAwJSIgaGVpZ2h0PSI2NzAiIHNjcm9sbGluZz0ibm8iIGZyYW1lYm9yZGVyPSIwIiA9IiI+PC9pZnJhbWUg44CAPjwhLS3ilrLjgqvjgrTkuIvjg5Djg4rjg7wtLT48YnI+CgoKCgoKCgoKCgoKCgoKCgoKCgo8Rm9udCBDb2xvcj0icmVkIj7igLvjgZPjgaHjgonjga7llYblk4Hjga/jg6Hjg7zjg6vkvr/jgafjga7nmbrpgIHjgajjgarjgorjgb7jgZnjgII8YnI+5LuW5ZWG5ZOB44Go44Gu5ZCM5pmC5rOo5paH44CB44GK5bGK44GR5pel5pmC44Gu5oyH5a6a44O75Luj6YeR5byV5o+b44Gv5Ye65p2l44GL44Gt44G+44GZ44Gu44Gn44GU5LqG5om/44GP44Gg44GV44GE44G+44Gb44CCPC9mb250Pjxicj48YnI+PGI+PGZvbnQgY29sb3I9IiNEQ0RDREMiPuOAkOiFleaZguioiCDjgrfjg4Hjgrrjg7Mg5pmC6KiIIOOBqOOBkeOBhCDmlrDnlJ/mtLsg5pmC6ZaT44CRQ0lUSVpFTjwvZm9udD48L2I+PGJyPjEw5rCX5Zyn6Ziy5rC044Gu44K544Od44O844OE44K/44Kk44OX44Gu6IWV5pmC6KiI44CB6KaL44KE44GZ44GE5paH5a2X55uk44GM54m55b6044Gn44GZ44CCPGJyPjxicj7il4/llYblk4HjgrXjgqTjgrrvvIhjbe+8ie+8muW5hee0hDEzLjXDl+WlpeihjOe0hDIzLjfDl+mrmOOBlTnvvIjmorHljIXjgrXjgqTjgrrvvIk8YnI+CuOCseODvOOCueOBruW9oueKtiDjg6njgqbjg7Pjg4njg5XjgqfjgqTjgrk8YnI+CumiqOmYsue0oOadkCDjgqLjgq/jg6rjg6vjgqzjg6njgrk8YnI+CuihqOekuuOCv+OCpOODlyDjgqLjg4rjg63jgrDooajnpLo8YnI+CueVmeOCgemHkSDjg5Djg4Pjgq/jg6so5bC+6YygKTxicj4K44Kx44O844K557Sg5p2QIOWQiOaIkOaoueiEgjxicj4K44Kx44O844K55Y6aIDEybW08YnI+CuODkOODs+ODiee0oOadkOODu+OCv+OCpOODlyDjg53jg6rjgqbjg6zjgr/jg7Mg44OZ44Or44OI44K/44Kk44OXPGJyPgrjg5Djg7Pjg4nplbcg57SEMTUuNe+9njIwLjVjbTxicj4K44OQ44Oz44OJ44Kr44Op44O8IOODluODqeODg+OCrzxicj4K5paH5a2X55uk44Kr44Op44O8IOODm+ODr+OCpOODiDxicj4K5pys5L2T6YeN6YePIDI3Zzxicj4K44Og44O844OW44Oh44Oz44OIIOOCr+OCqeODvOODhDxicj4K44Oh44O844Kr44O85L+d6Ki8IDbjg7XmnIjkv53oqLw8YnI+,44CQ44Oh44O844Or5L6/44CR44CQ6YCB5paZ54Sh5paZ44CR44CQ6IWV5pmC6KiIIOOCt+ODgeOCuuODs+OAkVEmYW1wO1HjgJDmmYLoqIgg44Go44GR44GEIOaWsOeUn+a0uyDmmYLplpPjgJFDSVRJWkVOIFZQODRKODUx44CQROOAkeOAkEhE44CR44CQ5Luj5byV5LiN5Y+v44CR77ya5pqu44KJ44GX5YGl5bq344ON44OD44OI6aSo,44Kt44OD44OB44Oz44OQ44K56Kq/55CG5Zmo5YW35rSX5Ymk44Kv44Oq44K544K/44Or44Ks44Kk44K244O8NTAwbWzmn5Tou5/liaTlrqTlhoXnianlubLjgZfnianlubLjgZflgaXlurfpo5/lk4HjgqLjgqTjg6rjgrnjgqrjg7zjg6Tjg57mjoPpmaTjg4/jg7Pjgqzjg7zmtJfmv6/lj47ntI3nsbPjg4DjgqTjgqjjg4Pjg4jmsLTjg4Djgqbjg4vjg7zjg5Xjg6njgqTjg5Hjg7PnibnojLbjgJDjg6Hjg7zjg6vkvr/jgJHjgJDpgIHmlpnnhKHmlpnjgJHjgJDohZXmmYLoqIgg44K344OB44K644Oz44CRUSZhbXA7UeOAkOaZguioiCDjgajjgZHjgYQg5paw55Sf5rS7IOaZgumWk+OAkUNJVElaRU4gVlA4NEo4NTHjgJBE44CR44CQSETjgJHjgJDku6PlvJXkuI3lj6/jgJE=,44CQ5YWo5Zu944Gp44GT44Gn44KC6YCB5paZ54Sh5paZ44CR44CC44CQ44Oh44O844Or5L6/44CR44CQ6YCB5paZ54Sh5paZ44CR44CQ6IWV5pmC6KiIIOOCt+ODgeOCuuODs+OAkVEmYW1wO1HjgJDmmYLoqIgg44Go44GR44GEIOaWsOeUn+a0uyDmmYLplpPjgJFDSVRJWkVOIFZQODRKODUx44CQROOAkeOAkEhE44CR44CQ5Luj5byV5LiN5Y+v44CR[rn]
16-122020,aHR0cDovL3RzaG9wLnIxMHMuanAva3VyYXNoaWtlbmtvdS9jYWJpbmV0L2hvZG9nYXlhLzk4MzIzNTMtZS5qcGc/Zml0aW49NzAwOjcwMA==,MzAzMjQuMDAwMA==,,6IWV5pmC6KiIID4g44Oh44Oz44K66IWV5pmC6KiI,Q0FTSU/jgJTjgqvjgrfjgqrjgJXohZXmmYLoqIjjgIDjgr/jg5Xjgr3jg7zjg6njg7zjgIDjg5fjg63jg4jjg6zjg4Pjgq/jgIBQUk9UUkVL44CAUFJXLTIwMDBZLTFKRuOAkETjgJHjgJDpgIHmlpnnhKHmlpnjgJE=,44CQNTAw5YaG44Kv44O844Od44Oz5pyJ44CR44CQ5YWo5Zu944Gp44GT44Gn44KC6YCB5paZ54Sh5paZ44CR,PCEtLeKWvOOCq+OCtOS4i+ODkOODiuODvC0tPjxjZW50ZXI+PGZvbnQgY29sb3I9IiNmZjE0OTMiIHNpemU9IjYiPjwvY2VudGVyPjwvZm9udD48aWZyYW1lIHNyYz0iaHR0cDovL3d3dy5yYWt1dGVuLm5lLmpwL2dvbGQva3VyYXNoaWtlbmtvdS9jYXJ0XzE2MTAxOC5odG1sIiB3aWR0aD0iMTAwJSIgaGVpZ2h0PSI2NzAiIHNjcm9sbGluZz0ibm8iIGZyYW1lYm9yZGVyPSIwIiA9IiI+PC9pZnJhbWUg44CAPjwhLS3ilrLjgqvjgrTkuIvjg5Djg4rjg7wtLT48YnI+CgoKCgoKCgoKCgoKCgoKCgoKCjxmb250IGNvbG9yPSIjMDA2NmZmIj48Yj7jg5bjg6vjg7zjgpLjgq3jg7zjgqvjg6njg7zjgavjgZfjgZ/jgIxCTEFDS8OXQkxVRSBTRVJJRVPjgI08L2I+PC9mb250Pjxicj4K5pys5qC85rS+44Ki44Km44OI44OJ44Ki44Ku44Ki44CMUFJPIFRSRUvvvIjjg5fjg63jg4jjg6zjg4Pjgq/vvInjgI3jga7jg4jjg6rjg5fjg6vjgrvjg7PjgrXjg7zjgpLmkK3ovInvvIE8YnI+CuS4lueVjDblsYDjga7mqJnmupbpm7vms6Ljgavlr77lv5zjgZnjgovjg57jg6vjg4Hjg5Djg7Pjg4k244KS5pCt6LyJ44Gu44K944O844Op44O86Zu75rOi5pmC6KiI44Gn44GZ4pmqPGJyPgrjgrHjg7zjgrnjgIHjg5Djg7Pjg4nnrYnjga7kuLvopoHjg5Hjg7zjg4Tjga/jg5bjg6njg4Pjgq/jgafntbHkuIDimIY8YnI+CuODneOCpOODs+ODiOOBqOOBl+OBpuODluODq+ODvOOCkuaWveOBl+ODh+OCtuOCpOODs+aAp+OCkumrmOOCgeOBvuOBl+OBn+OAgjxicj4K44O75r2kW+ODq+ODieOCv+OCpOODoOOChOOCouODqeODvOODoOOBquOBqeOAgeS+v+WIqeapn+iDveOCgua6gOi8ie+8gTxicj48YnI+4peP5ZWG5ZOB44K144Kk44K677yI57SE77yJ77ya5bmFNS4wMsOX5aWl6KGMMS4xM8OX6auY44GVNS42MmNtPGJyPgril4/os6rph4/vvIjntITvvInvvJo3Nmc8YnI+CuKXj+adkOizqjxicj4K44CA44Kx44O844K544O744OZ44K844Or77ya5qi56ISC77yP44K544OG44Oz44Os44K544K544OB44O844OrPGJyPgrjgIDjgqzjg6njgrnvvJrnhKHmqZ/jgqzjg6njgrk8YnI+CuOAgOODkOODs+ODie+8muaoueiEguODkOODs+ODiTxicj4K4peP6Ziy5rC05oCn77yaMTDmsJflnKfpmLLmsLQKPGJyPjxicj4KCjxmb250IHNpemU9Ii0yIj7jgJDkuLvjgarmqZ/og73jg7vmgKfog73jgJE8YnI+CuKXi+mbu+azouWPl+S/oeapn+iDve+8muiHquWLleWPl+S/oe+8iOacgOWkpzblm57vvI/ml6XjgIHkuK3lm73pm7vms6Ljga/mnIDlpKc15Zue77yP5pel77yJ77yP5omL5YuV5Y+X5L+h44CBPGJyPgriiarml6XmnKziiavlj5fkv6Hpm7vms6LvvJpKSlnjgIHlkajms6LmlbDvvJo0MGtIeu+8jzYwa0h677yI56aP5bO277yP5Lmd5bee5Lih5bGA5a++5b+c44Oi44OH44Or77yJPGJyPgriiarljJfnsbPlnLDln5/iiavlj5fkv6Hpm7vms6LvvJpXV1ZC44CB5ZGo5rOi5pWw77yaNjBrSHo8YnI+CuKJquODqOODvOODreODg+ODkeWcsOWfn+KJq+WPl+S/oembu+azou+8mk1TRu+8j0RDRjc344CB5ZGo5rOi5pWw77yaNjBrSHrvvI83Ny41a0h6PGJyPgriiarkuK3lm73iiavlj5fkv6Hpm7vms6LvvJpCUEPjgIHlkajms6LmlbDvvJo2OC41a0h6PGJyPgrjgIDvvIrjg5vjg7zjg6Djgr/jgqTjg6DoqK3lrprjgpLlj5fkv6Hlj6/og73jgarpg73luILjgavoqK3lrprjgZnjgovjgajjgIHpg73luILjgavjgYLjgo/jgZvjgZ/lsYDjgpLlj5fkv6HjgZfjgb7jgZnjgII8YnI+CuOAgOOAgOWwmuOAgeaZguW3ruOBr+mBuOaKnuOBl+OBn+mDveW4guOBq+OCiOOBo+OBpuioreWumuOBleOCjOOBvuOBmeOAgjxicj4K4peL5pa55L2N6KiI5ris5qmf6IO977yaMTbmlrnkvY3jg7vmlrnkvY3jga7op5LluqbvvIgwwrDvvZ4zNTnCsO+8ieOCkuioiOa4rOOAgeaWueS9jemAo+e2muioiOa4rO+8iDIw56eS77yJ44CB5p2x6KW/5Y2X5YyX44KS44Kw44Op44OV44Kj44OD44Kv6KGo56S644CB44OZ44Ki44Oq44Oz44Kw44Oh44Oi44Oq44O877yI5pa55L2N44Gu6KeS5bqm44CB6KiY6Yyy44GX44Gf5pa55ZCR44KS56S644GZ44Kw44Op44OV44Kj44OD44Kv44KSMeacrOODoeODouODquODvO+8ieOAgeejgeawl+WBj+inkuijnOato+apn+iDveOAgeaWueS9jeijnOato+apn+iDvTxicj4K4peL5rCX5Zyn6KiI5ris5qmf6IO977yI6KiI5ris56+E5Zuy77yaMjYw772eMSwxMDDvvYjvvLDvvYHvvInjgIHmsJflnKflgr7lkJHjgrDjg6njg5XooajnpLrvvIjpgY7ljrsyNOaZgumWk+WIhuOCkuihqOekuu+8ieOAgeawl+Wcp+W3ruOCsOODqeODleOCo+ODg+OCrzxicj4K4peL6auY5bqm6KiI5ris5qmf6IO977yP55u45a++6auY5bqm6KiI77yI6KiI5ris56+E5Zuy77ya77yNNzAw772eMTAsMDAw772N77yJ44CB6auY5bqm44Oh44Oi44Oq44O877yI6KiI5ris5pyI5pel44O75pmC5Yi744O76auY5bqm44KS5pyA5aSnMjXmnKzjg57jg4vjg6XjgqLjg6vjg6Hjg6Ljg6rjg7zjgIHmnIDpq5jvvI/mnIDkvY7pq5jluqbooajnpLrjgIHjgqrjg7zjg4jnqY3nrpfvvIjkuIrmmIcv5LiL6ZmN77yJ44Oh44Oi44Oq44O844CB6auY5bqm5beu6KiI5ris77yI77yNMywwMDDvvZ4zLDAwMO+9je+8ieOAgemrmOW6puWCvuWQkeOCsOODqeODleihqOekuuOAgeioiOa4rOmWk+malOioreWumuapn+iDvTxicj4K4peL5rip5bqm6KiI5ris5qmf6IO977yI6KiI5ris56+E5Zuy77ya77yNMTDvvZ42MOKEg++8iTxicj4K4peL44OH44Ol44OX44Os44OD44Kv44K5TEPjg4fjgqPjgrnjg5fjg6zjgqQ8YnI+CuKXi+ODr+ODvOODq+ODieOCv+OCpOODoO+8muS4lueVjDQ46YO95biC77yIMzHjgr/jgqTjg6Djgr7jg7zjg7PjgIHjgrXjg57jg7zjgr/jgqTjg6DoqK3lrprmqZ/og73ku5jjgY3vvInvvItVVEPvvIjljZTlrprkuJbnlYzmmYLvvInjga7mmYLliLvooajnpLo8YnI+CuKXi+aXpeOBruWHuuODu+aXpeOBruWFpeaZguWIu+ihqOekuu+8muODh+OCpOODqeOCpOODiOOCsOODqeODlTxicj4K4peL44K544OI44OD44OX44Km44Kq44OD44OB77yIMS8xMDDnp5LjgIEyNOaZgumWk+ioiOOAgeOCueODl+ODquODg+ODiOS7mOOBje+8iTxicj4K4peL44K/44Kk44Oe44O877yI44K744OD44OI5Y2Y5L2N77ya77yR5YiG44CB5pyA5aSn44K744OD44OI77yaMjTmmYLplpPjgIEx56eS5Y2Y5L2N44Gn6KiI5ris77yJPGJyPgril4vmmYLliLvjgqLjg6njg7zjg6A15pys44O75pmC5aCxPGJyPgril4vjg5Djg4Pjg4bjg6rjg7zjgqTjg7PjgrjjgrHjg7zjgr/jg7zooajnpLo8YnI+CuKXi+ODkeODr+ODvOOCu+ODvOODk+ODs+OCsOapn+iDve+8iOaal+aJgOOBp+OBr+S4gOWumuaZgumWk+OBjOe1jOmBjuOBmeOCi+OBqOihqOekuuOCkua2iOOBl+OBpuevgOmbu+OBl+OBvuOBme+8iTxicj4K4peL44OV44Or44Kq44O844OI44Kr44Os44Oz44OA44O8PGJyPgril4sxMi8yNOaZgumWk+WItuihqOekuuWIh+abvzxicj4K4peL6ICQ5L2O5rip5LuV5qeY77yI77yNMTDihIPvvIk8YnI+CuKXi+aTjeS9nOmfs09OL09GRuWIh+abv+apn+iDvTxicj4K4peLRUzjg5Djg4Pjgq/jg6njgqTjg4jvvIjjg5Xjg6vjgqrjg7zjg4jvvKXvvKzjg6njgqTjg4jjgIHmrovnhafmqZ/og73ku5jjgY3vvIk8YnI+CuKXi+ODleODq+WFhembu+aZguOBrumnhuWLleaZgumWk++8iOOCveODvOODqeODvOeZuumbu+eEoeOBl+OBrueKtuaFi++8iTxicj4K4peL5qmf6IO95L2/55So44Gu5aC05ZCI77ya57SENeODteaciDxicj4K4peL44OR44Ov44O844K744O844OT44Oz44Kw54q25oWL44Gu5aC05ZCI77ya57SEMjPjg7XmnIgKPGJyPgo8YnI+CuOAkOODm+ODvOODoOOCv+OCpOODoOmDveW4gu+8iOWPl+S/oeapn+iDveWvvuW/nOmDveW4gu+8ie+8j+WPl+S/oembu+azouOAkTxicj4K4peL5p2x5Lqs44CB44K944Km44Or44CB5Y+w5YyXIO+8j+aXpeacrOOBruaomea6lumbu+azoiBKSlk0MOODu0pKWTYwPGJyPgril4vvvIjjg5vjg47jg6vjg6vvvInjgIHvvIjjgqLjg7Pjgqvjg6zjgrjvvInjgIHjg5Djg7Pjgq/jg7zjg5Djg7zjgIHjg63jgrXjg7Pjgrzjg6vjgrnjgIHjgqjjg4njg6Ljg7Pjg4jjg7PjgIHjg4fjg7Pjg5Djg7zjgIHjg6Hjgq3jgrfjgrPjgrfjg4bjgqPjgIHjgrfjgqvjgrTjgIHjg4vjg6Xjg7zjg6jjg7zjgq/jgIHjg4/jg6rjg5XjgqHjg4Pjgq/jgrnjgIHjgrvjg7Pjg4jjgrjjg6fjg7Pjgrog77yP44Ki44Oh44Oq44Kr44Gu5qiZ5rqW6Zu75rOiIFdXVkI8YnI+CuKXi+ODquOCueODnOODs+OAgeODreODs+ODieODs+OAgeODnuODieODquODvOODieOAgeODkeODquOAgeODreODvOODnuOAgeODmeODq+ODquODs+OAgeOCueODiOODg+OCr+ODm+ODq+ODoOOAgeOCouODhuODjeOAge+8iOODouOCueOCr+ODr++8ie+8j+OCpOOCruODquOCueOBruaomea6lumbu+azoiBNU0bjg7vjg4njgqTjg4Tjga7mqJnmupbpm7vms6IgRENGNzc8YnI+CuKXi+mmmea4r+OAgeWMl+S6rCDvvI/kuK3lm73jga7mqJnmupbpm7vms6IgQlBDPGJyPgrigLvvvIjjgIDvvInlhoXjga7lkITpg73luILjga/mnaHku7bjgYzoia/jgZHjgozjgbDlj5fkv6HjgZnjgovloLTlkIjjgoLjgYLjgorjgb7jgZnjgII8YnI+Cjxicj4K4oC744CA6Zu75rOi5Y+X5L+h44GM6KGM44Gq44KP44KM44Gq44GE5aC05ZCI44Gv44CB6YCa5bi444Gu44Kv44Kq44O844OE57K+5bqm77yI5bmz5Z2H5pyI5beuwrExNeenku+8ieOBp+WLleS9nOOBl+OBvuOBmeOAgjxicj4K4oC744CA6auY5bqm6KiI44Gv5rCX5Zyn5aSJ5YyW44KS6auY5bqm44Gr5aSJ5o+b44GZ44KL55u45a++6auY5bqm6KiI44Gn44GZ44CC5rCX5Zyn44GM6Ieq54S254++6LGh44Gr44KI44KK5aSJ5YyW44GZ44KL44Go44CB6KiI5ris5YCk44Gu6auY5bqm44KC5aSJ5YyW44GX44G+44GZ44CCPGJyPgrigLsg5aSW5rCX5rip44KS6KiI5ris44GZ44KL44Go44GN44Gv44CB5pmC6KiI44KS6IWV44GL44KJ5aSW44GX44Gm44CB5L2T5rip44CB5rGX77yI5rC05ru077yJ44CB55u05bCE5pel5YWJ44Gq44Gp44Gu5b2x6Z+/44KS5Y+X44GR44Gq44GE44KI44GG44Gr44GX44Gm44GP44Gg44GV44GE44CCCgoKPC9mb250Pjxicj48YnI+PGZvbnQgY29sb3I9IiMwMDY2ZmYiPuKXhuKXh+mWoumAo+WVhuWTgeOAgOOBk+OBoeOCieOCguOBiuOBmeOBmeOCgeOBp+OBmeKXh+KXhjwvZm9udD48YnI+CuKYhUNBU0lP44CU44Kr44K344Kq44CV6IWV5pmC6KiI44CAUFJXLTUxMDAtMUpGPGJyPgrimIVDQVNJT+OAlOOCq+OCt+OCquOAleiFleaZguioiOOAgFBSVy0yMDAwWS0xSkY8YnI+CuKYhUNBU0lP44CU44Kr44K344Kq44CV6IWV5pmC6KiI44CAUFJXLTI1MDAtMUpGPGJyPgrimIVDQVNJT+OAlOOCq+OCt+OCquOAleiFleaZguioiOOAgFBSVy0yNjAwWS0xSkY8YnI+CuKYhUNBU0lP44CU44Kr44K344Kq44CV6IWV5pmC6KiI44CAUFJHLTI3MC0xSkY8YnI+,Q0FTSU/jgJTjgqvjgrfjgqrjgJXohZXmmYLoqIjjgIDjgr/jg5Xjgr3jg7zjg6njg7zjgIDjg5fjg63jg4jjg6zjg4Pjgq/jgIBQUk9UUkVL44CAUFJXLTIwMDBZLTFKRuOAkETjgJHjgJDpgIHmlpnnhKHmlpnjgJHvvJrmmq7jgonjgZflgaXlurfjg43jg4Pjg4jppKg=,44Kt44OD44OB44Oz44OQ44K56Kq/55CG5Zmo5YW35rSX5Ymk44Kv44Oq44K544K/44Or44Ks44Kk44K244O8NTAwbWzmn5Tou5/liaTlrqTlhoXnianlubLjgZfnianlubLjgZflgaXlurfpo5/lk4HjgqLjgqTjg6rjgrnjgqrjg7zjg6Tjg57mjoPpmaTjg4/jg7Pjgqzjg7zmtJfmv6/lj47ntI3nsbPjg4DjgqTjgqjjg4Pjg4jmsLTjg4Djgqbjg4vjg7zjg5Xjg6njgqTjg5Hjg7PnibnojLZDQVNJT+OAlOOCq+OCt+OCquOAleiFleaZguioiOOAgOOCv+ODleOCveODvOODqeODvOOAgOODl+ODreODiOODrOODg+OCr+OAgFBST1RSRUvjgIBQUlctMjAwMFktMUpG44CQROOAkeOAkOmAgeaWmeeEoeaWmeOAkQ==,44CQNTAw5YaG44Kv44O844Od44Oz5pyJ44CR44CQ5YWo5Zu944Gp44GT44Gn44KC6YCB5paZ54Sh5paZ44CR44CCQ0FTSU/jgJTjgqvjgrfjgqrjgJXohZXmmYLoqIjjgIDjgr/jg5Xjgr3jg7zjg6njg7zjgIDjg5fjg63jg4jjg6zjg4Pjgq/jgIBQUk9UUkVL44CAUFJXLTIwMDBZLTFKRuOAkETjgJHjgJDpgIHmlpnnhKHmlpnjgJE=[rn]
16-122021,aHR0cDovL3RzaG9wLnIxMHMuanAva3VyYXNoaWtlbmtvdS9jYWJpbmV0L2ppc2FrdS85ODMwNDI2LmpwZz9maXRpbj03MDA6NzAw,NzI2MC4wMDAw,,6IWV5pmC6KiIID4g44Oh44Oz44K66IWV5pmC6KiI,44CQ6YCB5paZ54Sh5paZ44CR44CK5Zu95YaF5q2j6KaP5ZOB44CL44Kr44K344Kq44CUQ0FTSU/jgJUg6Zu75rOi44K944O844Op44O844Km44Kp44OD44OB44CAV1ZRLU00MTAtMUFKRuOAlOmbu+azouiFleaZguioiC/pm7vms6LmmYLoqIgv6IWV5pmC6KiIL+ODoeODs+OCui/jgrfjg4Pjgq8v44Kv44Op44OO44Kw44Op44OVL+OCveODvOODqeODvOmbu+azouaZguioiC/jgJXjgJBE44CR44CQSETjgJHjgJBQMuOAkSBbQ0FXVF3jgJA1MzJQMTdTZXAxNuOAkQ==,44CQNTAw5YaG44Kv44O844Od44Oz5pyJ44CR44CQ5YWo5Zu944Gp44GT44Gn44KC6YCB5paZ54Sh5paZ44CR,PCEtLeKWvOOCq+OCtOS4i+ODkOODiuODvC0tPjxjZW50ZXI+PGZvbnQgY29sb3I9IiNmZjE0OTMiIHNpemU9IjYiPjwvY2VudGVyPjwvZm9udD48aWZyYW1lIHNyYz0iaHR0cDovL3d3dy5yYWt1dGVuLm5lLmpwL2dvbGQva3VyYXNoaWtlbmtvdS9jYXJ0XzE2MTAxOC5odG1sIiB3aWR0aD0iMTAwJSIgaGVpZ2h0PSI2NzAiIHNjcm9sbGluZz0ibm8iIGZyYW1lYm9yZGVyPSIwIiA9IiI+PC9pZnJhbWUg44CAPjwhLS3ilrLjgqvjgrTkuIvjg5Djg4rjg7wtLT48YnI+CgoKCgoKCgoKCgoKCgoKCgoKCuS4lueVjDblsYDjga7pm7vms6LjgpLlj5fkv6HjgZnjgos8YnI+44Oe44Or44OB44OQ44Oz44OJNuOCkuaQrei8ieOBl+OBn+OCr+ODreODjuOCsOODqeODleOCveODvOODqeODvOmbu+azouaZguioiDxicj48YnI+CuKXj+OCseODvOOCueODu+ODmeOCvOODq+adkOizqu+8miDmqLnohILvvI/jgrnjg4bjg7Pjg6zjgrnjgrnjg4Hjg7zjg6s8YnI+CuKXj+aoueiEguODkOODs+ODiTxicj4K4peP5ZWG5ZOB44K144Kk44K677yI57SE77yJ77ya5bmFNC4zNcOX5aWl6KGM44GNMS4zNMOX6auY44GVNC44N2NtPGJyPgril4/os6rph4/vvJo0Nmc8YnI+CuKXj+ODjeOCquODluODqeOCpOODiDxicj4K4peP5qi56ISC44Ks44Op44K577yI6KGo6Z2i5b2i54q277ya55CD6Z2i44O75puy6Z2i77yJPGJyPgril48xMOawl+Wcp+mYsuawtDxicj4K4peP44K/44OV44K944O844Op44O877yI44K944O844Op44O85YWF6Zu744K344K544OG44Og77yJPGJyPgril4/pm7vms6Llj5fkv6HmqZ/og73vvJroh6rli5Xlj5fkv6HvvI/miYvli5Xlj5fkv6E8YnI+CuKXj+ODr+ODvOODq+ODieOCv+OCpOODoO+8muS4lueVjDI56YO95biC44Gu5pmC5Yi76KGo56S6PGJyPgril4/jgrnjg4jjg4Pjg5fjgqbjgqrjg4Pjg4E8YnI+CuKXj+OCv+OCpOODnuODvO+8iOOCu+ODg+ODiOWNmOS9je+8mjHliIbjgIHmnIDlpKfjgrvjg4Pjg4jvvJoyNOaZgumWk+OAgTHnp5LljZjkvY3jgafoqIjmuKzjgIHjgr/jgqTjg6DjgqLjg4Pjg5flvozntYzpgY7mmYLliLvoqIjmuKzvvIgyNOaZgumWk+ioiO+8ieS7mOOBje+8iTxicj7il4/mmYLliLvjgqLjg6njg7zjg6A8YnI+CuKXj+ODkOODg+ODhuODquODvOWFhembu+itpuWRiuapn+iDvTxicj4K4peP44OR44Ov44O844K744O844OT44Oz44Kw5qmf6IO9PGJyPgril4/ml6Xku5jjg7vmm5zml6XooajnpLo8YnI+CuKXj+ODleODq+OCquODvOODiOOCq+ODrOODs+ODgOODvDxicj4K4peP44OV44Or5YWF6Zu75pmC44GL44KJ44K944O844Op44O855m66Zu754Sh44GX44Gu54q25oWL44Gn44Gu6aeG5YuV5pmC6ZaTPGJyPgrjgIDmqZ/og73kvb/nlKjjga7loLTlkIjvvJrntIQ144O15pyIPGJyPgrjgIDjg5Hjg6/jg7zjgrvjg7zjg5Pjg7PjgrDnirbmhYvjga7loLTlkIjvvJrntIQyM+ODteaciA==,44CQ6YCB5paZ54Sh5paZ44CR44CK5Zu95YaF5q2j6KaP5ZOB44CL44Kr44K344Kq44CUQ0FTSU/jgJUg6Zu75rOi44K944O844Op44O844Km44Kp44OD44OB44CAV1ZRLU00MTAtMUFKRuOAlOmbu+azouiFleaZguioiC/pm7vms6LmmYLoqIgv6IWV5pmC6KiIL+ODoeODs+OCui/jgrfjg4Pjgq8v44Kv44Op44OO44Kw44Op44OVL+OCveODvOODqeODvOmbu+azouaZguioiC/jgJXjgJBE44CR44CQSETjgJHjgJBQMuOAkSBbQ0FXVF3jgJA1MzJQMTdTZXAxNuOAke+8muaaruOCieOBl+WBpeW6t+ODjeODg+ODiOmkqA==,44Kt44OD44OB44Oz44OQ44K56Kq/55CG5Zmo5YW35rSX5Ymk44Kv44Oq44K544K/44Or44Ks44Kk44K244O8NTAwbWzmn5Tou5/liaTlrqTlhoXnianlubLjgZfnianlubLjgZflgaXlurfpo5/lk4HjgqLjgqTjg6rjgrnjgqrjg7zjg6Tjg57mjoPpmaTjg4/jg7Pjgqzjg7zmtJfmv6/lj47ntI3nsbPjg4DjgqTjgqjjg4Pjg4jmsLTjg4Djgqbjg4vjg7zjg5Xjg6njgqTjg5Hjg7PnibnojLbjgJDpgIHmlpnnhKHmlpnjgJHjgIrlm73lhoXmraPopo/lk4HjgIvjgqvjgrfjgqrjgJRDQVNJT+OAlSDpm7vms6Ljgr3jg7zjg6njg7zjgqbjgqnjg4Pjg4HjgIBXVlEtTTQxMC0xQUpG44CU6Zu75rOi6IWV5pmC6KiIL+mbu+azouaZguioiC/ohZXmmYLoqIgv44Oh44Oz44K6L+OCt+ODg+OCry/jgq/jg6njg47jgrDjg6njg5Uv44K944O844Op44O86Zu75rOi5pmC6KiIL+OAleOAkETjgJHjgJBIROOAkeOAkFAy44CRIFtDQVdUXeOAkDUzMlAxN1NlcDE244CR,44CQNTAw5YaG44Kv44O844Od44Oz5pyJ44CR44CQ5YWo5Zu944Gp44GT44Gn44KC6YCB5paZ54Sh5paZ44CR44CC44CQ6YCB5paZ54Sh5paZ44CR44CK5Zu95YaF5q2j6KaP5ZOB44CL44Kr44K344Kq44CUQ0FTSU/jgJUg6Zu75rOi44K944O844Op44O844Km44Kp44OD44OB44CAV1ZRLU00MTAtMUFKRuOAlOmbu+azouiFleaZguioiC/pm7vms6LmmYLoqIgv6IWV5pmC6KiIL+ODoeODs+OCui/jgrfjg4Pjgq8v44Kv44Op44OO44Kw44Op44OVL+OCveODvOODqeODvOmbu+azouaZguioiC/jgJXjgJBE44CR44CQSETjgJHjgJBQMuOAkSBbQ0FXVF3jgJA1MzJQMTdTZXAxNuOAkQ==[rn]
16-122022,aHR0cDovL3RzaG9wLnIxMHMuanAva3VyYXNoaWtlbmtvdS9jYWJpbmV0L3Rhc3lhNS85ODMyMjcwLWUuanBnP2ZpdGluPTcwMDo3MDA=,MTEyNzYuODAwMA==,,6IWV5pmC6KiIID4g44Oh44Oz44K66IWV5pmC6KiI,44CQ6YCB5paZ54Sh5paZ44CR44Kr44K344Kq44CUQ0FTSU/jgJVHLVNIT0NL44CAR0FDLTEwMC0xQUpG44CU44K444O844K344On44OD44Kv44CA6IWV5pmC6KiI44CAR1NIT0NL44CV44CQSETjgJHjgJBUQ+OAkSBbQ0FXVF0=,44CQNTAw5YaG44Kv44O844Od44Oz5pyJ44CR44CQ5YWo5Zu944Gp44GT44Gn44KC6YCB5paZ54Sh5paZ44CR,PCEtLeKWvOOCq+OCtOS4i+ODkOODiuODvC0tPjxjZW50ZXI+PGZvbnQgY29sb3I9IiNmZjE0OTMiIHNpemU9IjYiPjwvY2VudGVyPjwvZm9udD48aWZyYW1lIHNyYz0iaHR0cDovL3d3dy5yYWt1dGVuLm5lLmpwL2dvbGQva3VyYXNoaWtlbmtvdS9jYXJ0XzE2MTAxOC5odG1sIiB3aWR0aD0iMTAwJSIgaGVpZ2h0PSI2NzAiIHNjcm9sbGluZz0ibm8iIGZyYW1lYm9yZGVyPSIwIiA9IiI+PC9pZnJhbWUg44CAPjwhLS3ilrLjgqvjgrTkuIvjg5Djg4rjg7wtLT48YnI+CgoKCgoKCgoKCgoKCgoKCgoKCuOCv+ODleODjeOCueOCkui/veaxguOBl+mAsuWMluOCkue2muOBkeOCi0ctU0hPQ0vjgYvjgonlpKflnovjga7jgrHjg7zjgrnjgpLmjqHnlKjjgZfjgZ/jgq/jg63jg47jgrDjg6njg5Xjg6Ljg4fjg6vjgYznmbvloLTjgII8YnI+5r2c5rC06Imm44KE5a6H5a6Z6Ii544Gq44Gp44Gr6KOF5YKZ44GV44KM44KL5aCF54mi44Gq44OP44OD44OB44KS44Kk44Oh44O844K444GX44Gf44OH44K244Kk44Oz44Gr5LuV5LiK44GS44G+44GX44Gf44CCPGJyPjxicj7il4/mnKzkvZPjgrXjgqTjgrrvvIjntITvvInvvJrluYU1LjI3w5flpaXooYw1LjUww5fpq5jjgZUxLjY2Y208YnI+4peP6YeN6YeP77ya57SENzIuOWc8YnI+4peP5Li76KaB5p2Q6LOq77ya5qi56ISC44CB54Sh5qmf44Ks44Op44K5PGJyPuKXj+mbu+axoOWvv+WRve+8mue0hDPlubQ8YnI+4peP5pCt6LyJ5qmf6IO977yaPGJyPuODu0pJUzHnqK7ogJDno4HmgKfog708YnI+44O7MjDmsJflnKfpmLLmsLQ8YnI+44O744ON44Kq44OW44Op44Kk44OIPGJyPuODu+OBreOBmOODreODg+OCr+W8j+OCiuOCheOBhuOBmjxicj7jg7vjgrnjg4jjg4Pjg5fjgqbjgqrjg4Pjg4HvvIgxLzIw56eS44CBMTLmmYLplpPoqIjjgIHjgrnjg5fjg6rjg4Pjg4jku5jjgY3vvIk8YnI+44O75pel5LuY6KGo56S6PGJyPjxicj48YnI+PGI+PGZvbnQgY29sb3I9IiNmZjY2Y2MiPuKXhuKXh+KXhuOBk+OBoeOCieOCguOCquOCueOCueODoeKXhuKXh+KXhjwvZm9udD48L2I+PGJyPuODu+OCq+OCt+OCquOAlENBU0lP44CVRy1TSE9DS+OAgEdCLTU2MDBBQS0xSkY8YnI+44O744Kr44K344Kq44CUQ0FTSU/jgJVHLVNIT0NL44CAR0EtMjAwU0gtMUFKRjxicj7jg7vjgqvjgrfjgqrjgJRDQVNJT+OAlUctU0hPQ0vjgIBHQS0yMDBTSC0yQUpGPGJyPuODu+OCq+OCt+OCquOAlENBU0lP44CVRy1TSE9DS+OAgEctODkwMFNILTFKRjxicj7jg7vjgqvjgrfjgqrjgJRDQVNJT+OAlUctU0hPQ0vjgIBHQUMtMTAwLTFBMkpGPGJyPuODu+OCq+OCt+OCquOAlENBU0lP44CVRy1TSE9DS+OAgEdELTExMC0xSkY8YnI+44O744Kr44K344Kq44CUQ0FTSU/jgJVHLVNIT0NL44CAR0QtMTEwLTdKRjxicj7jg7vjgqvjgrfjgqrjgJRDQVNJT+OAlUctU0hPQ0vjgIBHLTg5MDAtMUpGPGJyPuODu+OCq+OCt+OCquOAlENBU0lP44CVRy1TSE9DS+OAgEctODkwMEEtN0pGPGJyPuODu+OCq+OCt+OCquOAlENBU0lP44CVRy1TSE9DS+OAgEctMzAwLTRBSkY8YnI+44O744Kr44K344Kq44CUQ0FTSU/jgJVHLVNIT0NL44CARy0zMDBMVi03QUpGPGJyPuODu+OCq+OCt+OCquOAlENBU0lP44CVRy1TSE9DS+OAgEctODEwMC0xSkY=,44CQ6YCB5paZ54Sh5paZ44CR44Kr44K344Kq44CUQ0FTSU/jgJVHLVNIT0NL44CAR0FDLTEwMC0xQUpG44CU44K444O844K344On44OD44Kv44CA6IWV5pmC6KiI44CAR1NIT0NL44CV44CQSETjgJHjgJBUQ+OAkSBbQ0FXVF3vvJrmmq7jgonjgZflgaXlurfjg43jg4Pjg4jppKg=,44Kt44OD44OB44Oz44OQ44K56Kq/55CG5Zmo5YW35rSX5Ymk44Kv44Oq44K544K/44Or44Ks44Kk44K244O8NTAwbWzmn5Tou5/liaTlrqTlhoXnianlubLjgZfnianlubLjgZflgaXlurfpo5/lk4HjgqLjgqTjg6rjgrnjgqrjg7zjg6Tjg57mjoPpmaTjg4/jg7Pjgqzjg7zmtJfmv6/lj47ntI3nsbPjg4DjgqTjgqjjg4Pjg4jmsLTjg4Djgqbjg4vjg7zjg5Xjg6njgqTjg5Hjg7PnibnojLbjgJDpgIHmlpnnhKHmlpnjgJHjgqvjgrfjgqrjgJRDQVNJT+OAlUctU0hPQ0vjgIBHQUMtMTAwLTFBSkbjgJTjgrjjg7zjgrfjg6fjg4Pjgq/jgIDohZXmmYLoqIjjgIBHU0hPQ0vjgJXjgJBIROOAkeOAkFRD44CRIFtDQVdUXQ==,44CQNTAw5YaG44Kv44O844Od44Oz5pyJ44CR44CQ5YWo5Zu944Gp44GT44Gn44KC6YCB5paZ54Sh5paZ44CR44CC44CQ6YCB5paZ54Sh5paZ44CR44Kr44K344Kq44CUQ0FTSU/jgJVHLVNIT0NL44CAR0FDLTEwMC0xQUpG44CU44K444O844K344On44OD44Kv44CA6IWV5pmC6KiI44CAR1NIT0NL44CV44CQSETjgJHjgJBUQ+OAkSBbQ0FXVF0=[rn]
16-122023,aHR0cDovL3RzaG9wLnIxMHMuanAva3VyYXNoaWtlbmtvdS9jYWJpbmV0L3Rhc3lhMjIvNzAyODkyOC1lLmpwZz9maXRpbj03MDA6NzAw,MjI5Ni44MDAw,,6IWV5pmC6KiIID4g44Oh44Oz44K66IWV5pmC6KiI,44CQ6YCB5paZ54Sh5paZ44CR44CQ6IWV5pmC6KiIIOOCt+ODgeOCuuODs+OAkVEmUeOAkOaZguioiCDjgajjgZHjgYQg5paw55Sf5rS7IOaZgumWk+OAkUNJVElaRU4gQUE5Mi0zNTcxSeOAkETjgJHjgJBIROOAkQ==,44CQMTAw5YaG44Kv44O844Od44Oz5pyJ44CR44CQ5YWo5Zu944Gp44GT44Gn44KC6YCB5paZ54Sh5paZ44CR,PCEtLeKWvOOCq+OCtOS4i+ODkOODiuODvC0tPjxjZW50ZXI+PGZvbnQgY29sb3I9IiNmZjE0OTMiIHNpemU9IjYiPjwvY2VudGVyPjwvZm9udD48aWZyYW1lIHNyYz0iaHR0cDovL3d3dy5yYWt1dGVuLm5lLmpwL2dvbGQva3VyYXNoaWtlbmtvdS9jYXJ0XzE2MTAxOC5odG1sIiB3aWR0aD0iMTAwJSIgaGVpZ2h0PSI2NzAiIHNjcm9sbGluZz0ibm8iIGZyYW1lYm9yZGVyPSIwIiA9IiI+PC9pZnJhbWUg44CAPjwhLS3ilrLjgqvjgrTkuIvjg5Djg4rjg7wtLT48YnI+CgoKCgoKCgoKCgoKCgoKCgoKCgo8Yj48Zm9udCBjb2xvcj0iI0RDRENEQyI+44CQ6IWV5pmC6KiIIOOCt+ODgeOCuuODsyDmmYLoqIgg44Go44GR44GEIOaWsOeUn+a0uyDmmYLplpPjgJFDSVRJWkVOPC9mb250PjwvYj48YnI+5a6a55Wq44Gu44K344Oz44OX44Or44OH44K244Kk44Oz44Gu5oeQ5Lit5pmC6KiI44CC6LSI562U5ZOB44KE6KiY5b+15ZOB44Gr5Lq65rCX44Gn44GZ44CCPGJyPjxicj7il4/llYblk4HjgrXjgqTjgrrvvIjntITvvInvvJrluYXntIQxMy41w5flpaXooYzntIQyMy43w5fpq5jjgZU577yI5qKx5YyF44K144Kk44K677yJPGJyPgril4/jgrvjg4Pjg4jlhoXlrrnvvJrmnKzkvZPjgIHjg5bjg6rjgrnjgr/jg7zjg5Hjg4Pjgq/lhaXjgorjgIHlj5bmibHoqqzmmI7mm7jjgIHkv53oqLzmm7jjga/lj5bmibHoqqzmmI7mm7jjgavku5jlsZ48YnI+CuODu+WOn+eUo+Wbve+8muS4reWbvTxicj4K44O744Kx44O844K544K144Kk44K6KGNtKe+8mue4pue0hDMuOMOX5qiq57SEMy44PGJyPgrjg7vjg4Hjgqfjg7zjg7PplbfjgZXvvJrntIQzMGNtICjjg5Xjg4Pjgq/ku5jjgY0pPGJyPg==,44CQ6YCB5paZ54Sh5paZ44CR44CQ6IWV5pmC6KiIIOOCt+ODgeOCuuODs+OAkVEmYW1wO1HjgJDmmYLoqIgg44Go44GR44GEIOaWsOeUn+a0uyDmmYLplpPjgJFDSVRJWkVOIEFBOTItMzU3MUnjgJBE44CR44CQSETjgJHvvJrmmq7jgonjgZflgaXlurfjg43jg4Pjg4jppKg=,44Kt44OD44OB44Oz44OQ44K56Kq/55CG5Zmo5YW35rSX5Ymk44Kv44Oq44K544K/44Or44Ks44Kk44K244O8NTAwbWzmn5Tou5/liaTlrqTlhoXnianlubLjgZfnianlubLjgZflgaXlurfpo5/lk4HjgqLjgqTjg6rjgrnjgqrjg7zjg6Tjg57mjoPpmaTjg4/jg7Pjgqzjg7zmtJfmv6/lj47ntI3nsbPjg4DjgqTjgqjjg4Pjg4jmsLTjg4Djgqbjg4vjg7zjg5Xjg6njgqTjg5Hjg7PnibnojLbjgJDpgIHmlpnnhKHmlpnjgJHjgJDohZXmmYLoqIgg44K344OB44K644Oz44CRUSZhbXA7UeOAkOaZguioiCDjgajjgZHjgYQg5paw55Sf5rS7IOaZgumWk+OAkUNJVElaRU4gQUE5Mi0zNTcxSeOAkETjgJHjgJBIROOAkQ==,44CQMTAw5YaG44Kv44O844Od44Oz5pyJ44CR44CQ5YWo5Zu944Gp44GT44Gn44KC6YCB5paZ54Sh5paZ44CR44CC44CQ6YCB5paZ54Sh5paZ44CR44CQ6IWV5pmC6KiIIOOCt+ODgeOCuuODs+OAkVEmYW1wO1HjgJDmmYLoqIgg44Go44GR44GEIOaWsOeUn+a0uyDmmYLplpPjgJFDSVRJWkVOIEFBOTItMzU3MUnjgJBE44CR44CQSETjgJE=[rn]
16-122024,aHR0cDovL3RzaG9wLnIxMHMuanAva3VyYXNoaWtlbmtvdS9jYWJpbmV0L3Rhc3lhMjIvNzAyODk0Mi1lLmpwZz9maXRpbj03MDA6NzAw,NzI1LjYwMDA=,,6IWV5pmC6KiIID4g44Oh44Oz44K66IWV5pmC6KiI,44CQ6IWV5pmC6KiIIOOCt+ODgeOCuuODs+OAkVEmUeOAkOaZguioiCDjgajjgZHjgYQg5paw55Sf5rS7IOaZgumWk+OAkUNJVElaRU4gVkUwNS04NTDjgJBUQ+OAkeOAkEhE44CR,44CQ56iO6L68Mzk5MOWGhuS7peS4iuOBp+mAgeaWmeeEoeaWmeOAkQ==,PCEtLeKWvOOCq+OCtOS4i+ODkOODiuODvC0tPjxjZW50ZXI+PGZvbnQgY29sb3I9IiNmZjE0OTMiIHNpemU9IjYiPjwvY2VudGVyPjwvZm9udD48aWZyYW1lIHNyYz0iaHR0cDovL3d3dy5yYWt1dGVuLm5lLmpwL2dvbGQva3VyYXNoaWtlbmtvdS9jYXJ0XzE2MTAxOC5odG1sIiB3aWR0aD0iMTAwJSIgaGVpZ2h0PSI2NzAiIHNjcm9sbGluZz0ibm8iIGZyYW1lYm9yZGVyPSIwIiA9IiI+PC9pZnJhbWUg44CAPjwhLS3ilrLjgqvjgrTkuIvjg5Djg4rjg7wtLT48YnI+CgoKCgoKCgoKCgoKCgoKCgoKCgo8Yj48Zm9udCBjb2xvcj0iI0RDRENEQyI+44CQ6IWV5pmC6KiIIOOCt+ODgeOCuuODsyDmmYLoqIgg44Go44GR44GEIOaWsOeUn+a0uyDmmYLplpPjgJFDSVRJWkVOPC9mb250PjwvYj48YnI+44OT44K444ON44K544Gr44Kr44K444Ol44Ki44Or44Gr44CB5qeY44CF44Gq44K344O844Oz44Gr44Kz44O844OH44Kj44ON44O844OI77yBPGJyPjxicj7il4/llYblk4HjgrXjgqTjgrrvvIhjbe+8ie+8muW5hee0hDEzLjXDl+WlpeihjOe0hDIzLjfDl+mrmOOBlTnvvIjmorHljIXjgrXjgqTjgrrvvIk8YnI+CuOCseODvOOCueOBruW9oueKtiDjg6zjgq/jgr/jg7Pjgq7jg6Xjg6njg7zjg5XjgqfjgqTjgrk8YnI+CumiqOmYsue0oOadkCDjg5/jg43jg6njg6vjgqzjg6njgrk8YnI+CuihqOekuuOCv+OCpOODlyDjgqLjg4rjg63jgrDooajnpLo8YnI+CueVmeOCgemHkSDjg5Djg4Pjgq/jg6so5bC+6YygKTxicj4K44Kx44O844K557Sg5p2QIOWQiOmHkTxicj4K44Kx44O844K55Y6aIDdtbTxicj4K44OQ44Oz44OJ57Sg5p2Q44O744K/44Kk44OXIOODrOOCtuODvCDjg5njg6vjg4jjgr/jgqTjg5c8YnI+CuODkOODs+ODiemVtyDntIQxM++9njE3Y208YnI+CuODkOODs+ODieOCq+ODqeODvCDjg5bjg6njgqbjg7M8YnI+CuaWh+Wtl+ebpOOCq+ODqeODvCDjgrTjg7zjg6vjg4k8YnI+CuODoOODvOODluODoeODs+ODiCDjgq/jgqnjg7zjg4Q8YnI+CuODoeODvOOCq+ODvOS/neiovCA244O15pyI5L+d6Ki8PGJyPg==,44CQ6IWV5pmC6KiIIOOCt+ODgeOCuuODs+OAkVEmYW1wO1HjgJDmmYLoqIgg44Go44GR44GEIOaWsOeUn+a0uyDmmYLplpPjgJFDSVRJWkVOIFZFMDUtODUw44CQVEPjgJHjgJBIROOAke+8muaaruOCieOBl+WBpeW6t+ODjeODg+ODiOmkqA==,44Kt44OD44OB44Oz44OQ44K56Kq/55CG5Zmo5YW35rSX5Ymk44Kv44Oq44K544K/44Or44Ks44Kk44K244O8NTAwbWzmn5Tou5/liaTlrqTlhoXnianlubLjgZfnianlubLjgZflgaXlurfpo5/lk4HjgqLjgqTjg6rjgrnjgqrjg7zjg6Tjg57mjoPpmaTjg4/jg7Pjgqzjg7zmtJfmv6/lj47ntI3nsbPjg4DjgqTjgqjjg4Pjg4jmsLTjg4Djgqbjg4vjg7zjg5Xjg6njgqTjg5Hjg7PnibnojLbjgJDohZXmmYLoqIgg44K344OB44K644Oz44CRUSZhbXA7UeOAkOaZguioiCDjgajjgZHjgYQg5paw55Sf5rS7IOaZgumWk+OAkUNJVElaRU4gVkUwNS04NTDjgJBUQ+OAkeOAkEhE44CR,44CQ56iO6L68Mzk5MOWGhuS7peS4iuOBp+mAgeaWmeeEoeaWmeOAkeOAguOAkOiFleaZguioiCDjgrfjg4Hjgrrjg7PjgJFRJmFtcDtR44CQ5pmC6KiIIOOBqOOBkeOBhCDmlrDnlJ/mtLsg5pmC6ZaT44CRQ0lUSVpFTiBWRTA1LTg1MOOAkFRD44CR44CQSETjgJE=[rn]
16-122025,aHR0cDovL3RzaG9wLnIxMHMuanAva3VyYXNoaWtlbmtvdS9jYWJpbmV0L25ld2ltYWdlMi83MDI4OTQ1LmpwZz9maXRpbj03MDA6NzAw,ODc0LjQwMDA=,,6IWV5pmC6KiIID4g44Oh44Oz44K66IWV5pmC6KiI,44CQ6IWV5pmC6KiIIOOCt+ODgeOCuuODs+OAkVEmUeOAkOaZguioiCDjgajjgZHjgYQg5paw55Sf5rS7IOaZgumWk+OAkUNJVElaRU4gVjcwOC04NTDjgJBE44CR44CQSETjgJHjgJDku6PlvJXkuI3lj6/jgJHjgJDjg6Hjg7zjg6vkvr/jgJHjgJDpgIHmlpnnhKHmlpnjgJE=,44CQ5YWo5Zu944Gp44GT44Gn44KC6YCB5paZ54Sh5paZ44CR,,44CQ6IWV5pmC6KiIIOOCt+ODgeOCuuODs+OAkVEmYW1wO1HjgJDmmYLoqIgg44Go44GR44GEIOaWsOeUn+a0uyDmmYLplpPjgJFDSVRJWkVOIFY3MDgtODUw44CQROOAkeOAkEhE44CR44CQ5Luj5byV5LiN5Y+v44CR44CQ44Oh44O844Or5L6/44CR44CQ6YCB5paZ54Sh5paZ44CR77ya5pqu44KJ44GX5YGl5bq344ON44OD44OI6aSo,44Kt44OD44OB44Oz44OQ44K56Kq/55CG5Zmo5YW35rSX5Ymk44Kv44Oq44K544K/44Or44Ks44Kk44K244O8NTAwbWzmn5Tou5/liaTlrqTlhoXnianlubLjgZfnianlubLjgZflgaXlurfpo5/lk4HjgqLjgqTjg6rjgrnjgqrjg7zjg6Tjg57mjoPpmaTjg4/jg7Pjgqzjg7zmtJfmv6/lj47ntI3nsbPjg4DjgqTjgqjjg4Pjg4jmsLTjg4Djgqbjg4vjg7zjg5Xjg6njgqTjg5Hjg7PnibnojLbjgJDohZXmmYLoqIgg44K344OB44K644Oz44CRUSZhbXA7UeOAkOaZguioiCDjgajjgZHjgYQg5paw55Sf5rS7IOaZgumWk+OAkUNJVElaRU4gVjcwOC04NTDjgJBE44CR44CQSETjgJHjgJDku6PlvJXkuI3lj6/jgJHjgJDjg6Hjg7zjg6vkvr/jgJHjgJDpgIHmlpnnhKHmlpnjgJE=,44CQ5YWo5Zu944Gp44GT44Gn44KC6YCB5paZ54Sh5paZ44CR44CC44CQ6IWV5pmC6KiIIOOCt+ODgeOCuuODs+OAkVEmYW1wO1HjgJDmmYLoqIgg44Go44GR44GEIOaWsOeUn+a0uyDmmYLplpPjgJFDSVRJWkVOIFY3MDgtODUw44CQROOAkeOAkEhE44CR44CQ5Luj5byV5LiN5Y+v44CR44CQ44Oh44O844Or5L6/44CR44CQ6YCB5paZ54Sh5paZ44CR[rn]
16-122026,aHR0cDovL3RzaG9wLnIxMHMuanAva3VyYXNoaWtlbmtvdS9jYWJpbmV0L2Nhc2lvL213LTYwMGYtMWFqZl8yMDAuanBnP2ZpdGluPTcwMDo3MDA=,MTY4OS42MDAw,,6IWV5pmC6KiIID4g44Oh44Oz44K66IWV5pmC6KiI,44CQ5Zu95YaF5q2j6KaP5ZOB44CRQ0FTSU/jgJTjgqvjgrfjgqrjgJXjg6Hjg7Pjgrog44Ki44OK44Ot44Kw6IWV5pmC6KiI44K544K/44Oz44OA44O844OJ44Km44Kp44OD44OBIOOAkE1XLTYwMEYtMUFKRuOAkeOAkETjgJHjgJBIROOAkSBbQ0FXVF3jgJA1MzJQMTdTZXAxNuOAkQ==,44CQMTAw5YaG44Kv44O844Od44Oz5pyJ44CR44CQ56iO6L68Mzk5MOWGhuS7peS4iuOBp+mAgeaWmeeEoeaWmeOAkQ==,PCEtLeKWvOOCq+OCtOS4i+ODkOODiuODvC0tPjxjZW50ZXI+PGZvbnQgY29sb3I9IiNmZjE0OTMiIHNpemU9IjYiPjwvY2VudGVyPjwvZm9udD48aWZyYW1lIHNyYz0iaHR0cDovL3d3dy5yYWt1dGVuLm5lLmpwL2dvbGQva3VyYXNoaWtlbmtvdS9jYXJ0XzE2MTAxOC5odG1sIiB3aWR0aD0iMTAwJSIgaGVpZ2h0PSI2NzAiIHNjcm9sbGluZz0ibm8iIGZyYW1lYm9yZGVyPSIwIiA9IiI+PC9pZnJhbWUg44CAPjwhLS3ilrLjgqvjgrTkuIvjg5Djg4rjg7wtLT48YnI+CgoKCgoKCgoKCgoKCgoKCgoKCgrmnKzkvZPjgrXjgqTjgrooSMOXV8OXRCk6NDQuMsOXNDEuNcOXMTIuNG1tPGJyPuacrOS9k+mHjemHjzozNWc8YnI+44OQ44Oz44OJ6ZW3OjE0Ne+9njIwNW1tPGJyPumnhuWLleaWueW8jzrjgq/jgqrjg7zjg4Q8YnI+6Ziy5rC05qmf6IO9OjEw5rCX5Zyn6Ziy5rC0PGJyPumbu+azouiHquWLleS/ruato+apn+iDvTrnhKE8YnI+6KGo56S65pa55byPOuOCouODiuODreOCsDxicj7pm7vmsaDlr7/lkb0657SEMTDlubQ8YnI+44Kx44O844K5OuaoueiEguOCrOODqeOCuTrnkIPpnaLjgqzjg6njgrnjg5Djg7Pjg4k8YnI+57Sg5p2QOuaoueiEgjxicj7nsr7luqY65bmz5Z2H5pyI5beuwrEyMOenkg==,44CQ5Zu95YaF5q2j6KaP5ZOB44CRQ0FTSU/jgJTjgqvjgrfjgqrjgJXjg6Hjg7Pjgrog44Ki44OK44Ot44Kw6IWV5pmC6KiI44K544K/44Oz44OA44O844OJ44Km44Kp44OD44OBIOOAkE1XLTYwMEYtMUFKRuOAkeOAkETjgJHjgJBIROOAkSBbQ0FXVF3jgJA1MzJQMTdTZXAxNuOAke+8muaaruOCieOBl+WBpeW6t+ODjeODg+ODiOmkqA==,44Kt44OD44OB44Oz44OQ44K56Kq/55CG5Zmo5YW35rSX5Ymk44Kv44Oq44K544K/44Or44Ks44Kk44K244O8NTAwbWzmn5Tou5/liaTlrqTlhoXnianlubLjgZfnianlubLjgZflgaXlurfpo5/lk4HjgqLjgqTjg6rjgrnjgqrjg7zjg6Tjg57mjoPpmaTjg4/jg7Pjgqzjg7zmtJfmv6/lj47ntI3nsbPjg4DjgqTjgqjjg4Pjg4jmsLTjg4Djgqbjg4vjg7zjg5Xjg6njgqTjg5Hjg7PnibnojLbjgJDlm73lhoXmraPopo/lk4HjgJFDQVNJT+OAlOOCq+OCt+OCquOAleODoeODs+OCuiDjgqLjg4rjg63jgrDohZXmmYLoqIjjgrnjgr/jg7Pjg4Djg7zjg4njgqbjgqnjg4Pjg4Eg44CQTVctNjAwRi0xQUpG44CR44CQROOAkeOAkEhE44CRIFtDQVdUXeOAkDUzMlAxN1NlcDE244CR,44CQMTAw5YaG44Kv44O844Od44Oz5pyJ44CR44CQ56iO6L68Mzk5MOWGhuS7peS4iuOBp+mAgeaWmeeEoeaWmeOAkeOAguOAkOWbveWGheato+imj+WTgeOAkUNBU0lP44CU44Kr44K344Kq44CV44Oh44Oz44K6IOOCouODiuODreOCsOiFleaZguioiOOCueOCv+ODs+ODgOODvOODieOCpuOCqeODg+ODgSDjgJBNVy02MDBGLTFBSkbjgJHjgJBE44CR44CQSETjgJEgW0NBV1Rd44CQNTMyUDE3U2VwMTbjgJE=[rn]
16-122027,aHR0cDovL3RzaG9wLnIxMHMuanAva3VyYXNoaWtlbmtvdS9jYWJpbmV0L3Rhc3lhMjIvNzAyODk1My1lLmpwZz9maXRpbj03MDA6NzAw,Njg3NC40MDAw,,6IWV5pmC6KiIID4g44Oh44Oz44K66IWV5pmC6KiI,44CQ6YCB5paZ54Sh5paZ44CR44CQ6IWV5pmC6KiIIOOCt+ODgeOCuuODs+OAkVEmUeOAkOaZguioiCDjgajjgZHjgYQg5paw55Sf5rS7IOaZgumWk+OAkUNJVElaRU4gSEcwMC0yMDTjgJBUQ+OAkeOAkEhE44CR,44CQNTAw5YaG44Kv44O844Od44Oz5pyJ44CR44CQ5YWo5Zu944Gp44GT44Gn44KC6YCB5paZ54Sh5paZ44CR,PCEtLeKWvOOCq+OCtOS4i+ODkOODiuODvC0tPjxjZW50ZXI+PGZvbnQgY29sb3I9IiNmZjE0OTMiIHNpemU9IjYiPjwvY2VudGVyPjwvZm9udD48aWZyYW1lIHNyYz0iaHR0cDovL3d3dy5yYWt1dGVuLm5lLmpwL2dvbGQva3VyYXNoaWtlbmtvdS9jYXJ0XzE2MTAxOC5odG1sIiB3aWR0aD0iMTAwJSIgaGVpZ2h0PSI2NzAiIHNjcm9sbGluZz0ibm8iIGZyYW1lYm9yZGVyPSIwIiA9IiI+PC9pZnJhbWUg44CAPjwhLS3ilrLjgqvjgrTkuIvjg5Djg4rjg7wtLT48YnI+CgoKCgoKCgoKCgoKCgoKCgoKCjxiPjxmb250IGNvbG9yPSIjRENEQ0RDIj7jgJDohZXmmYLoqIgg44K344OB44K644OzIOaZguioiCDjgajjgZHjgYQg5paw55Sf5rS7IOaZgumWk+OAkUNJVElaRU48L2ZvbnQ+PC9iPjxicj7jgr3jg7zjg6njg7znmbrpm7vjga7pm7vms6LohZXmmYLoqIjimao8YnI+PGJyPuKXj+WVhuWTgeOCteOCpOOCuu+8iGNt77yJ77ya5bmF57SEMTMuNcOX5aWl6KGM57SEMjMuN8OX6auY44GVOe+8iOaiseWMheOCteOCpOOCuu+8iTxicj4K44Kx44O844K544Gu5b2i54q2IOODqeOCpuODs+ODieODleOCp+OCpOOCuTxicj4K6aKo6Ziy57Sg5p2QIOODn+ODjeODqeODq+OCrOODqeOCuTxicj4K6KGo56S644K/44Kk44OXIOOCouODiuODreOCsOihqOekujxicj4K55WZ44KB6YeRIOS4ieODhOaKmOOCjOS4oeODl+ODg+OCt+ODpeOCv+OCpOODl+S4reeVmTxicj4K44Kx44O844K557Sg5p2QIOWQiOaIkOaoueiEgjxicj4K44Kx44O844K555u05b6E44O75bmFIDM5bW08YnI+CuOCseODvOOCueWOmiAxMG1tPGJyPgrjg5Djg7Pjg4nntKDmnZDvvaXjgr/jgqTjg5cg44K544OG44Oz44Os44K5IOODluODrOOCueODrOODg+ODiOOCv+OCpOODlzxicj4K44OQ44Oz44OJ6ZW3IOe0hDE0LjXvvZ4yMC41Y208YnI+CuODkOODs+ODieW5hSAxOG1tPGJyPgrjg5Djg7Pjg4njgqvjg6njg7wg44K344Or44OQ44O8PGJyPgrmloflrZfnm6Tjgqvjg6njg7wg44Ob44Ov44Kk44OIPGJyPgrjgqvjg6zjg7Pjg4Djg7zmqZ/og70g5pel5LuY6KGo56S6PGJyPgrmnKzkvZPph43ph48gMTAwZzxicj4K44Og44O844OW44Oh44Oz44OIIOOCveODvOODqeODvOmbu+azouaZguioiDxicj4K6ICQ5rC05ZynIDU8YnI+CuODoeODvOOCq+ODvOS/neiovCAx5bm06ZaT5L+d6Ki8PGJyPg==,44CQ6YCB5paZ54Sh5paZ44CR44CQ6IWV5pmC6KiIIOOCt+ODgeOCuuODs+OAkVEmYW1wO1HjgJDmmYLoqIgg44Go44GR44GEIOaWsOeUn+a0uyDmmYLplpPjgJFDSVRJWkVOIEhHMDAtMjA044CQVEPjgJHjgJBIROOAke+8muaaruOCieOBl+WBpeW6t+ODjeODg+ODiOmkqA==,44Kt44OD44OB44Oz44OQ44K56Kq/55CG5Zmo5YW35rSX5Ymk44Kv44Oq44K544K/44Or44Ks44Kk44K244O8NTAwbWzmn5Tou5/liaTlrqTlhoXnianlubLjgZfnianlubLjgZflgaXlurfpo5/lk4HjgqLjgqTjg6rjgrnjgqrjg7zjg6Tjg57mjoPpmaTjg4/jg7Pjgqzjg7zmtJfmv6/lj47ntI3nsbPjg4DjgqTjgqjjg4Pjg4jmsLTjg4Djgqbjg4vjg7zjg5Xjg6njgqTjg5Hjg7PnibnojLbjgJDpgIHmlpnnhKHmlpnjgJHjgJDohZXmmYLoqIgg44K344OB44K644Oz44CRUSZhbXA7UeOAkOaZguioiCDjgajjgZHjgYQg5paw55Sf5rS7IOaZgumWk+OAkUNJVElaRU4gSEcwMC0yMDTjgJBUQ+OAkeOAkEhE44CR,44CQNTAw5YaG44Kv44O844Od44Oz5pyJ44CR44CQ5YWo5Zu944Gp44GT44Gn44KC6YCB5paZ54Sh5paZ44CR44CC44CQ6YCB5paZ54Sh5paZ44CR44CQ6IWV5pmC6KiIIOOCt+ODgeOCuuODs+OAkVEmYW1wO1HjgJDmmYLoqIgg44Go44GR44GEIOaWsOeUn+a0uyDmmYLplpPjgJFDSVRJWkVOIEhHMDAtMjA044CQVEPjgJHjgJBIROOAkQ==[rn]
16-122028,aHR0cDovL3RzaG9wLnIxMHMuanAva3VyYXNoaWtlbmtvdS9jYWJpbmV0L2Nhc2lvL3ctczIxMGgtMWFqZjIwMC5qcGc/Zml0aW49NzAwOjcwMA==,MzY0Mi40MDAw,,6IWV5pmC6KiIID4g44Oh44Oz44K66IWV5pmC6KiI,44CQ5Zu95YaF5q2j6KaP5ZOB44CRQ0FTSU/jgJTjgqvjgrfjgqrjgJXjg6Hjg7Pjgrog44OH44K444K/44Or6IWV5pmC6KiIU1BPUlRTIEdFQVIg44K544Od44O844OE44Ku44KiIOOCv+ODleOCveODvOODqeODvOOAkFctUzIxMEgtMUFKRuOAkeOAkETjgJHjgJBIROOAkSBbQ0FXVF0=,44CQMTAw5YaG44Kv44O844Od44Oz5pyJ44CR44CQ5YWo5Zu944Gp44GT44Gn44KC6YCB5paZ54Sh5paZ44CR,PCEtLeKWvOOCq+OCtOS4i+ODkOODiuODvC0tPjxjZW50ZXI+PGZvbnQgY29sb3I9IiNmZjE0OTMiIHNpemU9IjYiPjwvY2VudGVyPjwvZm9udD48aWZyYW1lIHNyYz0iaHR0cDovL3d3dy5yYWt1dGVuLm5lLmpwL2dvbGQva3VyYXNoaWtlbmtvdS9jYXJ0XzE2MTAxOC5odG1sIiB3aWR0aD0iMTAwJSIgaGVpZ2h0PSI2NzAiIHNjcm9sbGluZz0ibm8iIGZyYW1lYm9yZGVyPSIwIiA9IiI+PC9pZnJhbWUg44CAPjwhLS3ilrLjgqvjgrTkuIvjg5Djg4rjg7wtLT48YnI+CgoKCgoKCgoKCgoKCgoKCgoKCgrmnKzkvZPjgrXjgqTjgrooSMOXV8OXRCk6NDUuNMOXNDQuMMOXMTMuM21tPGJyPuacrOS9k+mHjemHjzo0MS41Zzxicj7jg5Djg7Pjg4nplbc6MTQ1772eMjE1bW08YnI+6aeG5YuV5pa55byPOuOCveODvOODqeODvOWFhembuzxicj7pmLLmsLTmqZ/og706MTDmsJflnKfpmLLmsLQ8YnI+6Zu75rOi6Ieq5YuV5L+u5q2j5qmf6IO9OueEoTxicj7ooajnpLrmlrnlvI8644OH44K444K/44OrPGJyPumbu+axoOWvv+WRvTrjgJDjg5Xjg6vlhYXpm7vmmYLjgYvjgonjgr3jg7zjg6njg7znmbrpm7vnhKHjgZfjga7nirbmhYvjgafjga7pp4bli5XmmYLplpPjgJHmqZ/og73kvb/nlKjjga7loLTlkIjvvJrntIQxMeODtuaciOOAgeODkeODr+ODvOOCu+ODvOODk+ODs+OCsOeKtuaFi+OBruWgtOWQiO+8mue0hDI544O25pyI44Ks44Op44K5OueQg+mdouOCrOODqeOCueODkOODs+ODiTxicj7ntKDmnZA65qi56ISCPGJyPueyvuW6pjrlubPlnYfmnIjlt67CsTMw56eSPGJyPuODr+ODvOODq+ODieOCv+OCpOODoDrkuJbnlYw0OOmDveW4gu+8iDMx44K/44Kk44Og44K+44O844Oz44CB44K144Oe44O844K/44Kk44Og6Kit5a6a5qmf6IO95LuY44GN77yJK1VUQ++8iOWNlOWumuS4lueVjOaZgu+8ieOBruaZguWIu+ihqOekuuOAgVVUQ+ODgOOCpOODrOOCr+ODiOWRvOWHuuapn+iDvTxicj7jgrnjg4jjg4Pjg5fjgqbjgqnjg4Pjg4E6MS8xMDDnp5LjgIEyNOaZgumWk+ioiOOAgeOCueODl+ODquODg+ODiOS7mOOBjeOCv+OCpOODnuODvDrjgrvjg4Pjg4jljZjkvY3vvJox5YiG44CB5pyA5aSn44K744OD44OI77yaMjTmmYLplpPjgIEx56eS5Y2Y5L2N44Gn6KiI5ris5pmC5Yi7PGJyPuOCouODqeODvOODoDo15pys77yIMeacrOOBruOBv+OCueODjOODvOOCuuapn+iDveS7mOOBje+8ieODu+aZguWgsTxicj7jg5Hjg6/jg7zjgrvjg7zjg5Pjg7PjgrDmqZ/og7065pqX5omA44Gn44Gv5LiA5a6a5pmC6ZaT44GM57WM6YGO44GZ44KL44Go6KGo56S644KS5raI44GX56+A6Zu744GX44G+44GZ44CCPGJyPuODkOODg+OCr+ODqeOCpOODiDpMRUTjg6njgqTjg4jvvIjmrovnhafmqZ/og73ku5jjgY3jgIHmrovnhafmmYLplpPliIfmm7/vvIgxLjXnp5IvM+enku+8ieS7mOOBjeODu2o8YnI+44Gd44Gu5LuW5qmf6IO9OuODoOODvOODs+ODh+ODvOOCv++8iOaciOm9ouODu+aciOOBruW9ouihqOekuu+8ieOAgeODkOODg+ODhuODquODvOOCpOODs+OCuOOCseODvOOCv+ODvOihqOekuuOAgeODleODq+OCquODvOODiOOCq+ODrOODs+ODgOODvOOAgTEyLzI05pmC6ZaT5Yi26KGo56S65YiH5pu/44CB5pON5L2c6Z+zT04vT0ZG5YiH5pu/5qmf6IO9,44CQ5Zu95YaF5q2j6KaP5ZOB44CRQ0FTSU/jgJTjgqvjgrfjgqrjgJXjg6Hjg7Pjgrog44OH44K444K/44Or6IWV5pmC6KiIU1BPUlRTIEdFQVIg44K544Od44O844OE44Ku44KiIOOCv+ODleOCveODvOODqeODvOOAkFctUzIxMEgtMUFKRuOAkeOAkETjgJHjgJBIROOAkSBbQ0FXVF3vvJrmmq7jgonjgZflgaXlurfjg43jg4Pjg4jppKg=,44Kt44OD44OB44Oz44OQ44K56Kq/55CG5Zmo5YW35rSX5Ymk44Kv44Oq44K544K/44Or44Ks44Kk44K244O8NTAwbWzmn5Tou5/liaTlrqTlhoXnianlubLjgZfnianlubLjgZflgaXlurfpo5/lk4HjgqLjgqTjg6rjgrnjgqrjg7zjg6Tjg57mjoPpmaTjg4/jg7Pjgqzjg7zmtJfmv6/lj47ntI3nsbPjg4DjgqTjgqjjg4Pjg4jmsLTjg4Djgqbjg4vjg7zjg5Xjg6njgqTjg5Hjg7PnibnojLbjgJDlm73lhoXmraPopo/lk4HjgJFDQVNJT+OAlOOCq+OCt+OCquOAleODoeODs+OCuiDjg4fjgrjjgr/jg6vohZXmmYLoqIhTUE9SVFMgR0VBUiDjgrnjg53jg7zjg4Tjgq7jgqIg44K/44OV44K944O844Op44O844CQVy1TMjEwSC0xQUpG44CR44CQROOAkeOAkEhE44CRIFtDQVdUXQ==,44CQMTAw5YaG44Kv44O844Od44Oz5pyJ44CR44CQ5YWo5Zu944Gp44GT44Gn44KC6YCB5paZ54Sh5paZ44CR44CC44CQ5Zu95YaF5q2j6KaP5ZOB44CRQ0FTSU/jgJTjgqvjgrfjgqrjgJXjg6Hjg7Pjgrog44OH44K444K/44Or6IWV5pmC6KiIU1BPUlRTIEdFQVIg44K544Od44O844OE44Ku44KiIOOCv+ODleOCveODvOODqeODvOOAkFctUzIxMEgtMUFKRuOAkeOAkETjgJHjgJBIROOAkSBbQ0FXVF0=[rn]
16-122029,aHR0cDovL3RzaG9wLnIxMHMuanAva3VyYXNoaWtlbmtvdS9jYWJpbmV0L3Rhc3lhMjIvNzAyODk2Ny1lLmpwZz9maXRpbj03MDA6NzAw,Njg3NC40MDAw,,6IWV5pmC6KiIID4g44Oh44Oz44K66IWV5pmC6KiI,44CQ6YCB5paZ54Sh5paZ44CR44CQ6IWV5pmC6KiIIOOCt+ODgeOCuuODs+OAkVEmUeOAkOaZguioiCDjgajjgZHjgYQg5paw55Sf5rS7IOaZgumWk+OAkUNJVElaRU4gSEcwOC0yMDTjgJBUQ+OAkeOAkEhE44CR,44CQNTAw5YaG44Kv44O844Od44Oz5pyJ44CR44CQ5YWo5Zu944Gp44GT44Gn44KC6YCB5paZ54Sh5paZ44CR,PCEtLeKWvOOCq+OCtOS4i+ODkOODiuODvC0tPjxjZW50ZXI+PGZvbnQgY29sb3I9IiNmZjE0OTMiIHNpemU9IjYiPjwvY2VudGVyPjwvZm9udD48aWZyYW1lIHNyYz0iaHR0cDovL3d3dy5yYWt1dGVuLm5lLmpwL2dvbGQva3VyYXNoaWtlbmtvdS9jYXJ0XzE2MTAxOC5odG1sIiB3aWR0aD0iMTAwJSIgaGVpZ2h0PSI2NzAiIHNjcm9sbGluZz0ibm8iIGZyYW1lYm9yZGVyPSIwIiA9IiI+PC9pZnJhbWUg44CAPjwhLS3ilrLjgqvjgrTkuIvjg5Djg4rjg7wtLT48YnI+CgoKCgoKCgoKCgoKCgoKCgoKCjxiPjxmb250IGNvbG9yPSIjRENEQ0RDIj7jgJDohZXmmYLoqIgg44K344OB44K644OzIOaZguioiCDjgajjgZHjgYQg5paw55Sf5rS7IOaZgumWk+OAkUNJVElaRU48L2ZvbnQ+PC9iPjxicj7mma7mrrXkvb/jgYTjgavmnIDpganjgII8YnI+CuOCt+ODs+ODl+ODqyDou73jgYQg44GL44Gj44GT44GE44GE44Km44Kp44OD44OB44CCPGJyPjxicj7il4/llYblk4HjgrXjgqTjgrrvvIhjbe+8ie+8muW5hee0hDEzLjXDl+WlpeihjOe0hDIzLjfDl+mrmOOBlTnvvIjmorHljIXjgrXjgqTjgrrvvIk8YnI+CuOCseODvOOCueOBruW9oueKtiDjg6njgqbjg7Pjg4njg5XjgqfjgqTjgrk8YnI+CumiqOmYsue0oOadkCDjg5/jg43jg6njg6vjgqzjg6njgrk8YnI+CuihqOekuuOCv+OCpOODlyDjgqLjg4rjg63jgrDooajnpLogPGJyPgrnlZnjgoHph5Eg5LiJ44OE5oqY44KM5Lih44OX44OD44K344Ol44K/44Kk44OX5Lit55WZPGJyPgrjgrHjg7zjgrnntKDmnZAg5ZCI5oiQ5qi56ISCPGJyPgrjgrHjg7zjgrnnm7TlvoTjg7vluYUgMzltbTxicj4K44Kx44O844K55Y6aIDExbW08YnI+CuODkOODs+ODiee0oOadkOODu+OCv+OCpOODlyDjgrnjg4bjg7Pjg6zjgrkg44OW44Os44K544Os44OD44OI44K/44Kk44OXPGJyPgrjg5Djg7Pjg4nplbcg57SEMTQuNe+9njIwLjVjbTxicj4K44OQ44Oz44OJ5bmFIDE4bW08YnI+CuODkOODs+ODieOCq+ODqeODvCDjgrfjg6vjg5Djg7w8YnI+CuaWh+Wtl+ebpOOCq+ODqeODvCDjg5vjg6/jgqTjg4g8YnI+CuOCq+ODrOODs+ODgOODvOapn+iDvSDml6Xku5jooajnpLogPGJyPgrjgZ3jga7ku5Yg5qmf6IO9IExFROODqeOCpOODiCA8YnI+CuacrOS9k+mHjemHjyAxMDBnPGJyPgrjg6Djg7zjg5bjg6Hjg7Pjg4gg44K944O844Op44O86Zu75rOi5pmC6KiIIDxicj4K6ICQ5rC05ZynIDEwMCBtPGJyPgrjg6Hjg7zjgqvjg7zkv53oqLwgMeW5tOmWk+S/neiovDxicj4=,44CQ6YCB5paZ54Sh5paZ44CR44CQ6IWV5pmC6KiIIOOCt+ODgeOCuuODs+OAkVEmYW1wO1HjgJDmmYLoqIgg44Go44GR44GEIOaWsOeUn+a0uyDmmYLplpPjgJFDSVRJWkVOIEhHMDgtMjA044CQVEPjgJHjgJBIROOAke+8muaaruOCieOBl+WBpeW6t+ODjeODg+ODiOmkqA==,44Kt44OD44OB44Oz44OQ44K56Kq/55CG5Zmo5YW35rSX5Ymk44Kv44Oq44K544K/44Or44Ks44Kk44K244O8NTAwbWzmn5Tou5/liaTlrqTlhoXnianlubLjgZfnianlubLjgZflgaXlurfpo5/lk4HjgqLjgqTjg6rjgrnjgqrjg7zjg6Tjg57mjoPpmaTjg4/jg7Pjgqzjg7zmtJfmv6/lj47ntI3nsbPjg4DjgqTjgqjjg4Pjg4jmsLTjg4Djgqbjg4vjg7zjg5Xjg6njgqTjg5Hjg7PnibnojLbjgJDpgIHmlpnnhKHmlpnjgJHjgJDohZXmmYLoqIgg44K344OB44K644Oz44CRUSZhbXA7UeOAkOaZguioiCDjgajjgZHjgYQg5paw55Sf5rS7IOaZgumWk+OAkUNJVElaRU4gSEcwOC0yMDTjgJBUQ+OAkeOAkEhE44CR,44CQNTAw5YaG44Kv44O844Od44Oz5pyJ44CR44CQ5YWo5Zu944Gp44GT44Gn44KC6YCB5paZ54Sh5paZ44CR44CC44CQ6YCB5paZ54Sh5paZ44CR44CQ6IWV5pmC6KiIIOOCt+ODgeOCuuODs+OAkVEmYW1wO1HjgJDmmYLoqIgg44Go44GR44GEIOaWsOeUn+a0uyDmmYLplpPjgJFDSVRJWkVOIEhHMDgtMjA044CQVEPjgJHjgJBIROOAkQ==[rn]
16-122030,aHR0cDovL3RzaG9wLnIxMHMuanAva3VyYXNoaWtlbmtvdS9jYWJpbmV0L3Rhc3lhNy85ODQ0MjI2LmpwZz9maXRpbj03MDA6NzAw,Nzg0MC4wMDAw,,6IWV5pmC6KiIID4g44Oh44Oz44K66IWV5pmC6KiI,44CQ5pWw6YeP6ZmQ5a6a44CR44Kr44K344Kq44CUQ0FTSU/jgJUg6Zu75rOi6IWV5pmC6KiIIFdWQS1NNjMwQi0zQUpGIOOAkERD44CR44CQSETjgJHjgJTjg6Hjg7Pjgrrjgqbjgqnjg4Pjg4Ev6IWV5pmC6KiIL+mbu+azouaZguioiOOAlSBbQ0FXVF0=,44CQNTAw5YaG44Kv44O844Od44Oz5pyJ44CR44CQ5YWo5Zu944Gp44GT44Gn44KC6YCB5paZ54Sh5paZ44CR,PCEtLeKWvOOCq+OCtOS4i+ODkOODiuODvC0tPjxjZW50ZXI+PGZvbnQgY29sb3I9IiNmZjE0OTMiIHNpemU9IjYiPjwvY2VudGVyPjwvZm9udD48aWZyYW1lIHNyYz0iaHR0cDovL3d3dy5yYWt1dGVuLm5lLmpwL2dvbGQva3VyYXNoaWtlbmtvdS9jYXJ0XzE2MTAxOC5odG1sIiB3aWR0aD0iMTAwJSIgaGVpZ2h0PSI2NzAiIHNjcm9sbGluZz0ibm8iIGZyYW1lYm9yZGVyPSIwIiA9IiI+PC9pZnJhbWUg44CAPjwhLS3ilrLjgqvjgrTkuIvjg5Djg4rjg7wtLT48YnI+CgoKCgoKCgoKCgoKCgoKCgoKCuaXpeacrOODu+S4reWbveODu+OCouODoeODquOCq+ODu+ODqOODvOODreODg+ODkeOBruaomea6lumbu+azouOBq+WvvuW/nOOBl+OBn+ODnuODq+ODgeODkOODs+ODiTbjga7jgr3jg7zjg6njg7zpm7vms6LmmYLoqIjvvIE8YnI+PGJyPuaXpeacrOODu+S4reWbveODu+OCouODoeODquOCq+ODu+ODqOODvOODreODg+ODkeOBruaomea6lumbu+azouOBq+WvvuW/nOOBl+OBn+ODnuODq+ODgeODkOODs+ODiTbjga7jgr3jg7zjg6njg7zpm7vms6LmmYLoqIjjgafjgZnjgII8YnI+44Kr44Os44Oz44OA44O86KGo56S644Gu44G744GL44CB44Ov44O844Or44OJ44K/44Kk44Og44KE44Ki44Op44O844Og44Gq44Gp5L6/5Yip44Gq5qmf6IO944KS5pCt6LyJ44GX44Gm44GE44G+44GZ44CCPGJyPuODkOODs+ODieOBq+OBr+i7vemHj+OBp+iAkOS5heaAp+OBrumrmOOBhOeari/jgq/jg63jgrnjg5Djg7Pjg4njgpLmjqHnlKjjgII8YnI+56eS6Yed44Go44Ot44K044Gu5Y2w5a2X44Gr44Gv44Kq44Os44Oz44K444KS5L2/55So44GX44CB44Ki44Km44OI44OJ44Ki44Gq5Y2w6LGh44KS5LiO44GI44Gm44GE44G+44GZ44CCPGJyPjxicj7vvJzkuLvjgarmqZ/og73jg7vku5Xmp5jvvJ48YnI+44O744ON44Kq44OW44Op44Kk44OIPGJyPuODu+aoueiEguOCrOODqeOCuTxicj7jg7s15rCX5Zyn6Ziy5rC0PGJyPuODu+OCv+ODleOCveODvOODqeODvO+8iOOCveODvOODqeODvOWFhembu+OCt+OCueODhuODoO+8iTxicj7jg7vpm7vms6Llj5fkv6HmqZ/og73vvJroh6rli5Xlj5fkv6HvvIjmnIDlpKc25Zue77yP5pel77yJ77yI5Lit5Zu96Zu75rOi44Gv5pyA5aSnNeWbni/ml6XvvInvvI/miYvli5Xlj5fkv6E8YnI+44CA77yc5pel5pys77yeIOWPl+S/oembu+azou+8mkpKWeOAgeWRqOazouaVsO+8mjQwa0h677yPNjBrSHrvvIjnpo/ls7bvvI/kuZ3lt57kuKHlsYDlr77lv5zjg6Ljg4fjg6vvvIk8YnI+44CA77yc5YyX57Gz5Zyw5Z+f77yeIOWPl+S/oembu+azou+8mldXVkLjgIHlkajms6LmlbDvvJo2MGtIejxicj7jgIDvvJzjg6jjg7zjg63jg4Pjg5HlnLDln5/vvJ7lj5fkv6Hpm7vms6LvvJpNU0bvvI9EQ0Y3N+OAgeWRqOazouaVsO+8mjYwa0h677yPNzcuNWtIejxicj7jgIDvvJzkuK3lm73vvJ4g5Y+X5L+h6Zu75rOi77yaQlBD44CB5ZGo5rOi5pWw77yaNjguNWtIejxicj7jgIDigLvjg5vjg7zjg6Djgr/jgqTjg6DoqK3lrprjgpLlj5fkv6Hlj6/og73jgarpg73luILjgavoqK3lrprjgZnjgovjgajjgIHpg73luILjgavlkIjjgo/jgZvjgZ/lsYDjgpLlj5fkv6HjgZfjgb7jgZnjgILlsJrjgIHmmYLlt67jga/pgbjmip7jgZfjgZ/pg73luILjgavjgojjgaPjgaboqK3lrprjgZXjgozjgb7jgZnjgII8YnI+44O744Ov44O844Or44OJ44K/44Kk44Og77ya5LiW55WMMjnpg73luILvvIgyOeOCv+OCpOODoOOCvuODvOODs+OAgeOCteODnuODvOOCv+OCpOODoOioreWumuapn+iDveS7mOOBje+8ie+8i1VUQ++8iOWNlOWumuS4lueVjOaZgu+8ieOBruaZguWIu+ihqOekujxicj7jg7vjgrnjg4jjg4Pjg5fjgqbjgqrjg4Pjg4HvvIgxLzEwMOenkuOAgTYw5YiG6KiI77yJPGJyPuODu+OCv+OCpOODnuODvO+8iOOCu+ODg+ODiOWNmOS9je+8mjHliIbjgIHmnIDlpKfjgrvjg4Pjg4jvvJoxMDDliIbjgIEx56eS5Y2Y5L2N44Gn6KiI5ris77yJPGJyPuODu+aZguWIu+OCouODqeODvOODoDXmnKzjg7vmmYLloLE8YnI+44O744OQ44OD44OG44Oq44O844Kk44Oz44K444Kx44O844K/44O86KGo56S6PGJyPuODu+ODkeODr+ODvOOCu+ODvOODk+ODs+OCsOapn+iDve+8iOaal+aJgOOBp+OBr+S4gOWumuaZgumWk+OBjOe1jOmBjuOBmeOCi+OBqOihqOekuuOCkua2iOOBl+mHneOCkuatouOCgeOBpuevgOmbu+OBl+OBvuOBme+8iTxicj7jg7vjg5Xjg6vjgqrjg7zjg4jjgqvjg6zjg7Pjg4Djg7w8YnI+44O7MTIvMjTmmYLplpPliLbooajnpLrliIfmm788YnI+44O75pON5L2c6Z+zT04vT0ZGIOWIh+abv+apn+iDvTxicj7jg7vooajnpLrliIfmm78z44OR44K/44O844Oz77yI5pel5LuY44O75puc5pel6KGo56S644CB56eS6KGo56S644CB5pmC5Yi76KGo56S677yJ44CB5aSa6KiA6Kqe5puc5pel6KGo6KiY77yINeODteWbveiqnu+8muaXpeacrOiqni/oi7Hoqp4v44OJ44Kk44OE6KqeL+OCueODmuOCpOODs+iqni/kuK3lm73oqp7vvIlMRUTjg6njgqTjg4jvvIjmrovnhafmqZ/og73ku5jjgY3vvIk8YnI+44O744OV44Or5YWF6Zu75pmC44GL44KJ44K944O844Op44O855m66Zu754Sh44GX44Gu54q25oWL44Gn44Gu6aeG5YuV5pmC6ZaT77ya5qmf6IO95L2/55So44Gu5aC05ZCI77ya57SENOODteaciOOAgeODkeODr+ODvOOCu+ODvOODk+ODs+OCsOeKtuaFi+OBruWgtOWQiO+8mue0hDIy44O15pyIPGJyPjxicj7il4/llYblk4HjgrXjgqTjgrrvvIjntITvvInvvJrluYU0LjIxw5flpaXooYwxLjHDl+mrmOOBlTQ1LjFjbTxicj7il4/jg5Djg7Pjg4nnnYDnlKjlj6/og73jgrXjgqTjgrrvvJrntIQxNWNt772eMjAuNWNtPGJyPuKXj+S/neiovOacn+mWk++8muODoeODvOOCq+ODvOS/neiovDHlubTplpM8YnI+4peP44K744OD44OI5YaF5a65OuacrOS9k+OAgeODnOODg+OCr+OCueOAgeWPluaJseiqrOaYjuabuOOAgeS/neiovOabuOOBr+WPluaJseiqrOaYjuabuOOBq+S7mOWxnjxicj4=,44CQ5pWw6YeP6ZmQ5a6a44CR44Kr44K344Kq44CUQ0FTSU/jgJUg6Zu75rOi6IWV5pmC6KiIIFdWQS1NNjMwQi0zQUpGIOOAkERD44CR44CQSETjgJHjgJTjg6Hjg7Pjgrrjgqbjgqnjg4Pjg4Ev6IWV5pmC6KiIL+mbu+azouaZguioiOOAlSBbQ0FXVF3vvJrmmq7jgonjgZflgaXlurfjg43jg4Pjg4jppKg=,44Kt44OD44OB44Oz44OQ44K56Kq/55CG5Zmo5YW35rSX5Ymk44Kv44Oq44K544K/44Or44Ks44Kk44K244O8NTAwbWzmn5Tou5/liaTlrqTlhoXnianlubLjgZfnianlubLjgZflgaXlurfpo5/lk4HjgqLjgqTjg6rjgrnjgqrjg7zjg6Tjg57mjoPpmaTjg4/jg7Pjgqzjg7zmtJfmv6/lj47ntI3nsbPjg4DjgqTjgqjjg4Pjg4jmsLTjg4Djgqbjg4vjg7zjg5Xjg6njgqTjg5Hjg7PnibnojLbjgJDmlbDph4/pmZDlrprjgJHjgqvjgrfjgqrjgJRDQVNJT+OAlSDpm7vms6LohZXmmYLoqIggV1ZBLU02MzBCLTNBSkYg44CQREPjgJHjgJBIROOAkeOAlOODoeODs+OCuuOCpuOCqeODg+ODgS/ohZXmmYLoqIgv6Zu75rOi5pmC6KiI44CVIFtDQVdUXQ==,44CQNTAw5YaG44Kv44O844Od44Oz5pyJ44CR44CQ5YWo5Zu944Gp44GT44Gn44KC6YCB5paZ54Sh5paZ44CR44CC44CQ5pWw6YeP6ZmQ5a6a44CR44Kr44K344Kq44CUQ0FTSU/jgJUg6Zu75rOi6IWV5pmC6KiIIFdWQS1NNjMwQi0zQUpGIOOAkERD44CR44CQSETjgJHjgJTjg6Hjg7Pjgrrjgqbjgqnjg4Pjg4Ev6IWV5pmC6KiIL+mbu+azouaZguioiOOAlSBbQ0FXVF0=[rn]
16-122031,aHR0cDovL3RzaG9wLnIxMHMuanAva3VyYXNoaWtlbmtvdS9jYWJpbmV0L2Nhc2lvL2VmLTEyMGwtN2JqZl8yMDAuanBnP2ZpdGluPTcwMDo3MDA=,MzI2MS42MDAw,,6IWV5pmC6KiIID4g44Oh44Oz44K66IWV5pmC6KiI,44CQ5Zu95YaF5q2j6KaP5ZOB44CRQ0FTSU/jgJTjgqvjgrfjgqrjgJXjg6Hjg7Pjgrog44Ki44OK44Ot44Kw6IWV5pmC6KiIRURJRklDRSDjgqjjg4fjgqPjg5XjgqPjgrnjgJBFRi0xMjBMLTdCSkbjgJHjgJBUQ+OAkeOAkEhE44CRIFtDQVdUXQ==,44CQMTAw5YaG44Kv44O844Od44Oz5pyJ44CR44CQ5YWo5Zu944Gp44GT44Gn44KC6YCB5paZ54Sh5paZ44CR,PCEtLeKWvOOCq+OCtOS4i+ODkOODiuODvC0tPjxjZW50ZXI+PGZvbnQgY29sb3I9IiNmZjE0OTMiIHNpemU9IjYiPjwvY2VudGVyPjwvZm9udD48aWZyYW1lIHNyYz0iaHR0cDovL3d3dy5yYWt1dGVuLm5lLmpwL2dvbGQva3VyYXNoaWtlbmtvdS9jYXJ0XzE2MTAxOC5odG1sIiB3aWR0aD0iMTAwJSIgaGVpZ2h0PSI2NzAiIHNjcm9sbGluZz0ibm8iIGZyYW1lYm9yZGVyPSIwIiA9IiI+PC9pZnJhbWUg44CAPjwhLS3ilrLjgqvjgrTkuIvjg5Djg4rjg7wtLT48YnI+CgoKCgoKCgoKCgoKCgoKCgoKCgrmnKzkvZPjgrXjgqTjgrooSMOXV8OXRCk6NDXDlzQxLjfDlzkuNm1tPGJyPuacrOS9k+mHjemHjzo2M2c8YnI+6aeG5YuV5pa55byPOuOCr+OCquODvOODhDxicj7pmLLmsLTmqZ/og706MTDmsJflnKfpmLLmsLQ8YnI+6Zu75rOi6Ieq5YuV5L+u5q2j5qmf6IO9OueEoTxicj7ooajnpLrmlrnlvI8644Ki44OK44Ot44KwPGJyPumbu+axoOWvv+WRvTrntIQxMOW5tOOCrOODqeOCuTrnhKHmqZ/jgqzjg6njgrnjg5Djg7Pjg4k8YnI+57Sg5p2QOuacrOearjxicj7nsr7luqY65bmz5Z2H5pyI5beuwrEyMOenkjxicj7jgZ3jga7ku5bmqZ/og70644K544Kv44Oq44Ol44O844OQ44OD44Kv,44CQ5Zu95YaF5q2j6KaP5ZOB44CRQ0FTSU/jgJTjgqvjgrfjgqrjgJXjg6Hjg7Pjgrog44Ki44OK44Ot44Kw6IWV5pmC6KiIRURJRklDRSDjgqjjg4fjgqPjg5XjgqPjgrnjgJBFRi0xMjBMLTdCSkbjgJHjgJBUQ+OAkeOAkEhE44CRIFtDQVdUXe+8muaaruOCieOBl+WBpeW6t+ODjeODg+ODiOmkqA==,44Kt44OD44OB44Oz44OQ44K56Kq/55CG5Zmo5YW35rSX5Ymk44Kv44Oq44K544K/44Or44Ks44Kk44K244O8NTAwbWzmn5Tou5/liaTlrqTlhoXnianlubLjgZfnianlubLjgZflgaXlurfpo5/lk4HjgqLjgqTjg6rjgrnjgqrjg7zjg6Tjg57mjoPpmaTjg4/jg7Pjgqzjg7zmtJfmv6/lj47ntI3nsbPjg4DjgqTjgqjjg4Pjg4jmsLTjg4Djgqbjg4vjg7zjg5Xjg6njgqTjg5Hjg7PnibnojLbjgJDlm73lhoXmraPopo/lk4HjgJFDQVNJT+OAlOOCq+OCt+OCquOAleODoeODs+OCuiDjgqLjg4rjg63jgrDohZXmmYLoqIhFRElGSUNFIOOCqOODh+OCo+ODleOCo+OCueOAkEVGLTEyMEwtN0JKRuOAkeOAkFRD44CR44CQSETjgJEgW0NBV1Rd,44CQMTAw5YaG44Kv44O844Od44Oz5pyJ44CR44CQ5YWo5Zu944Gp44GT44Gn44KC6YCB5paZ54Sh5paZ44CR44CC44CQ5Zu95YaF5q2j6KaP5ZOB44CRQ0FTSU/jgJTjgqvjgrfjgqrjgJXjg6Hjg7Pjgrog44Ki44OK44Ot44Kw6IWV5pmC6KiIRURJRklDRSDjgqjjg4fjgqPjg5XjgqPjgrnjgJBFRi0xMjBMLTdCSkbjgJHjgJBUQ+OAkeOAkEhE44CRIFtDQVdUXQ==[rn]
16-122032,aHR0cDovL3RzaG9wLnIxMHMuanAva3VyYXNoaWtlbmtvdS9jYWJpbmV0L2Nhc2lvL2x3LXMyMDBoLTRhamYyMDAuanBnP2ZpdGluPTcwMDo3MDA=,MzY0Mi40MDAw,,6IWV5pmC6KiIID4g44Oh44Oz44K66IWV5pmC6KiI,44CQ5Zu95YaF5q2j6KaP5ZOB44CRQ0FTSU/jgJTjgqvjgrfjgqrjgJXjg6zjg4fjgqPjg7zjgrkg44OH44K444K/44Or6IWV5pmC6KiIU1BPUlRTIEdFQVIg44K544Od44O844OE44Ku44KiIOOCv+ODleOCveODvOODqeODvOOAkExXLVMyMDBILTRBSkbjgJHjgJBIROOAkeOAkETjgJEgW0NBV1Rd44CQNTMyUDE3U2VwMTbjgJE=,44CQMTAw5YaG44Kv44O844Od44Oz5pyJ44CR44CQ5YWo5Zu944Gp44GT44Gn44KC6YCB5paZ54Sh5paZ44CR,PCEtLeKWvOOCq+OCtOS4i+ODkOODiuODvC0tPjxjZW50ZXI+PGZvbnQgY29sb3I9IiNmZjE0OTMiIHNpemU9IjYiPjwvY2VudGVyPjwvZm9udD48aWZyYW1lIHNyYz0iaHR0cDovL3d3dy5yYWt1dGVuLm5lLmpwL2dvbGQva3VyYXNoaWtlbmtvdS9jYXJ0XzE2MTAxOC5odG1sIiB3aWR0aD0iMTAwJSIgaGVpZ2h0PSI2NzAiIHNjcm9sbGluZz0ibm8iIGZyYW1lYm9yZGVyPSIwIiA9IiI+PC9pZnJhbWUg44CAPjwhLS3ilrLjgqvjgrTkuIvjg5Djg4rjg7wtLT48YnI+CgoKCgoKCgoKCgoKCgoKCgoKCgrmnKzkvZPjgrXjgqTjgrrvvJo0NC44w5czOC42w5cxMy40bW08YnI+5pys5L2T6YeN6YePOjMzZzxicj7jg5Djg7Pjg4nplbc6MTI1772eMTgwbW08YnI+6aeG5YuV5pa55byPOuOCveODvOODqeODvOWFhembuzxicj7pmLLmsLTmqZ/og706Neawl+Wcp+mYsuawtDxicj7pm7vms6Loh6rli5Xkv67mraPmqZ/og70654ShPGJyPuihqOekuuaWueW8jzrjg4fjgrjjgr/jg6s8YnI+6Zu75rGg5a+/5ZG9OuOAkOODleODq+WFhembu+aZguOBi+OCieOCveODvOODqeODvOeZuumbu+eEoeOBl+OBrueKtuaFi+OBp+OBrumnhuWLleaZgumWk+OAkeapn+iDveS9v+eUqOOBruWgtOWQiO+8mue0hDEz44O25pyIL+ODkeODr+ODvOOCu+ODvOODk+ODs+OCsOeKtuaFi+OBruWgtOWQiO+8mue0hDM044O25pyIPGJyPuOCseODvOOCuTrmqLnohILjgqzjg6njgrk655CD6Z2i44Ks44Op44K544OQ44Oz44OJPGJyPue0oOadkDrmqLnohII8YnI+57K+5bqmOuW5s+Wdh+aciOW3rsKxMzDnp5I8YnI+44Ov44O844Or44OJ44K/44Kk44OgOuS4lueVjDQ46YO95biCKDMx44K/44Kk44Og44K+44O844OzL+OCteODnuODvOOCv+OCpOODoOioreWumuapn+iDveS7mOOBjSkrVVRDKOWNlOWumuS4lueVjOaZginjga7mmYLliLvooajnpLo8YnI+44K544OI44OD44OX44Km44Kp44OD44OBOjEvMTAw56eSKDEw5pmC6ZaT5pyq5rqAKS8x56eSKDEw5pmC6ZaT5Lul5LiKKS8xMDDmmYLplpPoqIgv44Op44OD44OXL+OCueODl+ODquODg+ODiOS7mOOBjS9MQVDjg4fjg7zjgr/jgpLmnIDlpKcxMjDmnKzjg6Hjg6Ljg6rjg7wo44Op44OD44OX44Kr44Km44Oz44K/44O8MDAx772eOTk5KS/oqIjmuKzjg63jgrDjg4fjg7zjgr/jgpLmnIDlpKc2MOacrOODoeODouODquODvCjjg4fjg7zjgr/nlarlj7cv6KiI5ris5pyI44O75pelL+ODqeODg+ODly/jgrnjg5fjg6rjg4Pjg4jjgr/jgqTjg6Av44Op44OD44OX55Wq5Y+3L+acgOmrmOODqeODg+ODl+ihqOekuinjgr/jgqTjg57jg7w6MuacrCjjgrvjg4Pjg4jljZjkvY3vvJo156eSL+acgOWkp+OCu+ODg+ODiO+8mjk55YiGNTXnp5IvMeenkuWNmOS9jeOBp+ioiOa4rC/jgqrjg7zjg4jjg6rjg5Tjg7zjg4goMe+9njEw5Zue44G+44Gn6Kit5a6a5Y+v6IO9Keapn+iDveS7mOOBjeaZguWIuzxicj7jgqLjg6njg7zjg6A6NeacrCgx5pys44Gu44G/44K544OM44O844K65qmf6IO95LuY44GNKeODu+aZguWgsTxicj7jg5Hjg6/jg7zjgrvjg7zjg5Pjg7PjgrDmqZ/og7065pqX5omA44Gn44Gv5LiA5a6a5pmC6ZaT44GM57WM6YGO44GZ44KL44Go6KGo56S644KS5raI44GX56+A6Zu744GX44G+44GZ44CCPGJyPuODkOODg+OCr+ODqeOCpOODiDpMRUTjg6njgqTjg4go5q6L54Wn5qmf6IO95LuY44GNL+aui+eFp+aZgumWk+WIh+abvygxLjXnp5IvM+enkinku5jjgY0p,44CQ5Zu95YaF5q2j6KaP5ZOB44CRQ0FTSU/jgJTjgqvjgrfjgqrjgJXjg6zjg4fjgqPjg7zjgrkg44OH44K444K/44Or6IWV5pmC6KiIU1BPUlRTIEdFQVIg44K544Od44O844OE44Ku44KiIOOCv+ODleOCveODvOODqeODvOOAkExXLVMyMDBILTRBSkbjgJHjgJBIROOAkeOAkETjgJEgW0NBV1Rd44CQNTMyUDE3U2VwMTbjgJHvvJrmmq7jgonjgZflgaXlurfjg43jg4Pjg4jppKg=,44Kt44OD44OB44Oz44OQ44K56Kq/55CG5Zmo5YW35rSX5Ymk44Kv44Oq44K544K/44Or44Ks44Kk44K244O8NTAwbWzmn5Tou5/liaTlrqTlhoXnianlubLjgZfnianlubLjgZflgaXlurfpo5/lk4HjgqLjgqTjg6rjgrnjgqrjg7zjg6Tjg57mjoPpmaTjg4/jg7Pjgqzjg7zmtJfmv6/lj47ntI3nsbPjg4DjgqTjgqjjg4Pjg4jmsLTjg4Djgqbjg4vjg7zjg5Xjg6njgqTjg5Hjg7PnibnojLbjgJDlm73lhoXmraPopo/lk4HjgJFDQVNJT+OAlOOCq+OCt+OCquOAleODrOODh+OCo+ODvOOCuSDjg4fjgrjjgr/jg6vohZXmmYLoqIhTUE9SVFMgR0VBUiDjgrnjg53jg7zjg4Tjgq7jgqIg44K/44OV44K944O844Op44O844CQTFctUzIwMEgtNEFKRuOAkeOAkEhE44CR44CQROOAkSBbQ0FXVF3jgJA1MzJQMTdTZXAxNuOAkQ==,44CQMTAw5YaG44Kv44O844Od44Oz5pyJ44CR44CQ5YWo5Zu944Gp44GT44Gn44KC6YCB5paZ54Sh5paZ44CR44CC44CQ5Zu95YaF5q2j6KaP5ZOB44CRQ0FTSU/jgJTjgqvjgrfjgqrjgJXjg6zjg4fjgqPjg7zjgrkg44OH44K444K/44Or6IWV5pmC6KiIU1BPUlRTIEdFQVIg44K544Od44O844OE44Ku44KiIOOCv+ODleOCveODvOODqeODvOOAkExXLVMyMDBILTRBSkbjgJHjgJBIROOAkeOAkETjgJEgW0NBV1Rd44CQNTMyUDE3U2VwMTbjgJE=[rn]
16-122033,aHR0cDovL3RzaG9wLnIxMHMuanAva3VyYXNoaWtlbmtvdS9jYWJpbmV0L3Rhc3lhMTgvNzAxMjU2OC5qcGc/Zml0aW49NzAwOjcwMA==,MjM1NTUuMjAwMA==,,6IWV5pmC6KiIID4g44Oh44Oz44K66IWV5pmC6KiI,44CQ6YCB5paZ54Sh5paZ44CR44CQ6IWV5pmC6KiIIOODrOODh+OCo+ODvOOCuSDjg5njg5Pjg7xH44CR44Kr44K344Kq44CAQmFieS1H44CAQkdBLTE0MDBDSS0xQkpG44CQSETjgJHjgJBUQ+OAkeOAkOaZguioiCDjg4jjgrHjgqQg44Km44Kp44OD44OBIOi0iOOCiueJqSDjgrnjg53jg7zjg4Tjgqbjgqnjg4Pjg4HjgJE=,44CQNTAw5YaG44Kv44O844Od44Oz5pyJ44CR44CQ5YWo5Zu944Gp44GT44Gn44KC6YCB5paZ54Sh5paZ44CR,QkFCWS1H44Gu44Ki44OK44Ot44Kw44Oi44OH44Or44Gu5Lit44Gn44KC6JaE5Z6L44Gu44OH44K244Kk44Oz44KS5a6f54++44GX44CB5qeY44CF44Gq44Ki44Kv44OG44Kj44OW44K344O844Oz44Gr5a++5b+c44CCPGJyPuabtOOBq+OAgeODleOCp+OCpOOCueOChOODkOODs+ODieOBq+ODoeOCv+ODq+OBqOaoueiEguOCkue1hOOBv+WQiOOCj+OBm+OBn+OCs+ODs+ODneOCuOODg+ODiOODh+OCtuOCpOODs+OCkuWPluOCiuWFpeOCjOOAgei7vemHj+WMluOBqOODleOCo+ODg+ODiOaEn+OCkuWQkeS4iuOAgjxicj7lpbPmgKfjgZ/jgaHjga7jg6njgqTjg5Xjgrnjgr/jgqTjg6vjgpLjgrXjg53jg7zjg4jjgZnjgovjgajlhbHjgavjgIHjgqvjgrjjg6XjgqLjg6vjgZXjga7kuK3jgavkuIros6rmhJ/jgpLmvJTlh7rjgZfjg7vvvpzjgZfjgZ/jgII8YnI+44OT44OT44OD44OJ44Gq44Oe44Or44OB44Kr44Op44O844Gu44Kk44Oz44OH44OD44Kv44K544Go6a6u44KE44GL44Gq55m66Imy44Gu5bCP6Yed44GM44CB44K544Od44O844OG44Kj44Gq5Y2w6LGh44KS5ryU5Ye644CCPGJyPuODmeOCvOODq+OBqOODkOODs+ODieOBq+mFjeOBl+OBn+ODk+OCueOBjOOAgeaZguioiOOCkuOCsOODg+OBqOOCr+ODvOODq+OBq+W8leOBjee3oOOCgeOBpuOBhOOBvuOBmeOAgjxicj7jg4fjgrbjgqTjg7PjgaDjgZHjgafjgarjgY/mqZ/og73mgKfjgavjgoLjgZPjgaDjgo/jgorjgIHkuJbnlYw25bGA44Gu6Zu75rOi44KS5Y+X5L+h44GX5pmC5Yi744KS6Ieq5YuV5L+u5q2j44GZ44KL44Oe44Or44OB44OQ44Oz44OJNuOChOOAgeibjeWFieeBr+OBquOBqeOBruWFieOCkuWLleWKm+OBq+OBl+mbu+axoOS6pOaPm+OBruaJi+mWk+OCkuecgeOBj+OCv+ODleOCveODvOODqeODvOOCkuaQrei8ieOAgjxicj4z44Gk44Gu44Kk44Oz44OA44Kk44Ki44Or44KS6YWN44GX44CBMuOBpOOBruaZguWIu+OCkuaMh+mHneOBmeOCi+ODh+ODpeOCouODq+OCv+OCpOODoOihqOekuuOCkuWun+ePvuOAgjxicj7ml4Xjgarjganjgavkvr/liKnjgarmqZ/og73jgpLlpJrmlbDmkK3ovInjgZfjgb7jgZfjgZ/jgII8YnI+44Ki44Kv44OG44Kj44OW44Gr6KGM5YuV44GZ44KL5aWz5oCn44Gr5b+D5by344GE5qmf6IO95oCn44Go44OH44K244Kk44Oz5oCn44KS5L2144Gb5oyB44Gj44GfQkFCWS1H44Gn44GZ44CCPGJyPjxicj7il4/llYblk4HjgrXjgqTjgrrvvIhjbe+8ie+8muW5hee0hDQuMTHDl+WlpeihjOe0hDEuMTjDl+mrmOOBlee0hDQuNjI8YnI+4peP5ZWG5ZOB6YeN6YeP77ya57SENjhnPGJyPuKXj+ijheedgOWPr+iDveOCteOCpOOCujrntIQxMjXvvZ4xODVtbTxicj4=,44CQ6YCB5paZ54Sh5paZ44CR44CQ6IWV5pmC6KiIIOODrOODh+OCo+ODvOOCuSDjg5njg5Pjg7xH44CR44Kr44K344Kq44CAQmFieS1H44CAQkdBLTE0MDBDSS0xQkpG44CQSETjgJHjgJBUQ+OAkeOAkOaZguioiCDjg4jjgrHjgqQg44Km44Kp44OD44OBIOi0iOOCiueJqSDjgrnjg53jg7zjg4Tjgqbjgqnjg4Pjg4HjgJHvvJrmmq7jgonjgZflgaXlurfjg43jg4Pjg4jppKg=,44Kt44OD44OB44Oz44OQ44K56Kq/55CG5Zmo5YW35rSX5Ymk44Kv44Oq44K544K/44Or44Ks44Kk44K244O8NTAwbWzmn5Tou5/liaTlrqTlhoXnianlubLjgZfnianlubLjgZflgaXlurfpo5/lk4HjgqLjgqTjg6rjgrnjgqrjg7zjg6Tjg57mjoPpmaTjg4/jg7Pjgqzjg7zmtJfmv6/lj47ntI3nsbPjg4DjgqTjgqjjg4Pjg4jmsLTjg4Djgqbjg4vjg7zjg5Xjg6njgqTjg5Hjg7PnibnojLbjgJDpgIHmlpnnhKHmlpnjgJHjgJDohZXmmYLoqIgg44Os44OH44Kj44O844K5IOODmeODk+ODvEfjgJHjgqvjgrfjgqrjgIBCYWJ5LUfjgIBCR0EtMTQwMENJLTFCSkbjgJBIROOAkeOAkFRD44CR44CQ5pmC6KiIIOODiOOCseOCpCDjgqbjgqnjg4Pjg4Eg6LSI44KK54mpIOOCueODneODvOODhOOCpuOCqeODg+ODgeOAkQ==,44CQNTAw5YaG44Kv44O844Od44Oz5pyJ44CR44CQ5YWo5Zu944Gp44GT44Gn44KC6YCB5paZ54Sh5paZ44CR44CC44CQ6YCB5paZ54Sh5paZ44CR44CQ6IWV5pmC6KiIIOODrOODh+OCo+ODvOOCuSDjg5njg5Pjg7xH44CR44Kr44K344Kq44CAQmFieS1H44CAQkdBLTE0MDBDSS0xQkpG44CQSETjgJHjgJBUQ+OAkeOAkOaZguioiCDjg4jjgrHjgqQg44Km44Kp44OD44OBIOi0iOOCiueJqSDjgrnjg53jg7zjg4Tjgqbjgqnjg4Pjg4HjgJE=[rn]
16-122034,aHR0cDovL3RzaG9wLnIxMHMuanAva3VyYXNoaWtlbmtvdS9jYWJpbmV0L2Nhc2lvL210cC0xMTI5YWEtN2JqZl8yMDAuanBnP2ZpdGluPTcwMDo3MDA=,MTM1Ni44MDAw,,6IWV5pmC6KiIID4g44Oh44Oz44K66IWV5pmC6KiI,44CQ5Zu95YaF5q2j6KaP5ZOB44CRQ0FTSU/jgJTjgqvjgrfjgqrjgJXjg6Hjg7Pjgrog44Ki44OK44Ot44Kw6IWV5pmC6KiI44K544K/44Oz44OA44O844OJ44Km44Kp44OD44OBIOOAkE1UUC0xMTI5QUEtN0JKRuOAkeOAkETjgJHjgJBIROOAkSBbQ0FXVF3jgJA1MzJQMTdTZXAxNuOAkQ==,44CQ5YWo5Zu944Gp44GT44Gn44KC6YCB5paZ54Sh5paZ44CR,PCEtLeKWvOOCq+OCtOS4i+ODkOODiuODvC0tPjxjZW50ZXI+PGZvbnQgY29sb3I9IiNmZjE0OTMiIHNpemU9IjYiPjwvY2VudGVyPjwvZm9udD48aWZyYW1lIHNyYz0iaHR0cDovL3d3dy5yYWt1dGVuLm5lLmpwL2dvbGQva3VyYXNoaWtlbmtvdS9jYXJ0XzE2MTAxOC5odG1sIiB3aWR0aD0iMTAwJSIgaGVpZ2h0PSI2NzAiIHNjcm9sbGluZz0ibm8iIGZyYW1lYm9yZGVyPSIwIiA9IiI+PC9pZnJhbWUg44CAPjwhLS3ilrLjgqvjgrTkuIvjg5Djg4rjg7wtLT48YnI+CgoKCgoKCgoKCgoKCgoKCgoKCgrmnKzkvZPjgrXjgqTjgrooSMOXV8OXRCk6NDMuMMOXMzUuOMOXNy4ybW08YnI+5pys5L2T6YeN6YePOjY1Zzxicj7jg5Djg7Pjg4nplbc6MTUw772eMjA1bW08YnI+6aeG5YuV5pa55byPOuOCr+OCquODvOODhDxicj7pmLLmsLTmqZ/og7065pel5bi455Sf5rS76Ziy5rC0PGJyPumbu+azouiHquWLleS/ruato+apn+iDvTrnhKE8YnI+6KGo56S65pa55byPOuOCouODiuODreOCsDxicj7pm7vmsaDlr7/lkb0657SEM+W5tDxicj7jgrHjg7zjgrk644K544OG44Oz44Os44K544Ks44Op44K5OuODn+ODjeODqeODq+OCrOODqeOCueODkOODs+ODiTxicj7ntKDmnZA644K544OG44Oz44Os44K544OQ44Oz44OJ77yI44Ki44K444Oj44K544OI77yJOuadv+OBsOOBreOCv+OCpOODl+ODkOODs+ODie+8iOS4reeVme+8iTrkuInjg4TmipjjgozmlrnlvI88YnI+57K+5bqmOuW5s+Wdh+aciOW3rsKxMjDnp5I=,44CQ5Zu95YaF5q2j6KaP5ZOB44CRQ0FTSU/jgJTjgqvjgrfjgqrjgJXjg6Hjg7Pjgrog44Ki44OK44Ot44Kw6IWV5pmC6KiI44K544K/44Oz44OA44O844OJ44Km44Kp44OD44OBIOOAkE1UUC0xMTI5QUEtN0JKRuOAkeOAkETjgJHjgJBIROOAkSBbQ0FXVF3jgJA1MzJQMTdTZXAxNuOAke+8muaaruOCieOBl+WBpeW6t+ODjeODg+ODiOmkqA==,44Kt44OD44OB44Oz44OQ44K56Kq/55CG5Zmo5YW35rSX5Ymk44Kv44Oq44K544K/44Or44Ks44Kk44K244O8NTAwbWzmn5Tou5/liaTlrqTlhoXnianlubLjgZfnianlubLjgZflgaXlurfpo5/lk4HjgqLjgqTjg6rjgrnjgqrjg7zjg6Tjg57mjoPpmaTjg4/jg7Pjgqzjg7zmtJfmv6/lj47ntI3nsbPjg4DjgqTjgqjjg4Pjg4jmsLTjg4Djgqbjg4vjg7zjg5Xjg6njgqTjg5Hjg7PnibnojLbjgJDlm73lhoXmraPopo/lk4HjgJFDQVNJT+OAlOOCq+OCt+OCquOAleODoeODs+OCuiDjgqLjg4rjg63jgrDohZXmmYLoqIjjgrnjgr/jg7Pjg4Djg7zjg4njgqbjgqnjg4Pjg4Eg44CQTVRQLTExMjlBQS03QkpG44CR44CQROOAkeOAkEhE44CRIFtDQVdUXeOAkDUzMlAxN1NlcDE244CR,44CQ5YWo5Zu944Gp44GT44Gn44KC6YCB5paZ54Sh5paZ44CR44CC44CQ5Zu95YaF5q2j6KaP5ZOB44CRQ0FTSU/jgJTjgqvjgrfjgqrjgJXjg6Hjg7Pjgrog44Ki44OK44Ot44Kw6IWV5pmC6KiI44K544K/44Oz44OA44O844OJ44Km44Kp44OD44OBIOOAkE1UUC0xMTI5QUEtN0JKRuOAkeOAkETjgJHjgJBIROOAkSBbQ0FXVF3jgJA1MzJQMTdTZXAxNuOAkQ==[rn]
16-122035,aHR0cDovL3RzaG9wLnIxMHMuanAva3VyYXNoaWtlbmtvdS9jYWJpbmV0L3Rhc3lhNS85ODMyMjU1LWUuanBnP2ZpdGluPTcwMDo3MDA=,MjQ5OTEuMjAwMA==,,6IWV5pmC6KiIID4g44Oh44Oz44K66IWV5pmC6KiI,44CQ6YCB5paZ54Sh5paZ44CR44Kr44K344Kq44CUQ0FTSU/jgJVHLVNIT0NL44CAR1ctNDAwMC0xQUpG44CU44K444O844K344On44OD44KvL+iFleaZguioiC8v5pmC6KiIL+OBqOOBkeOBhC/jg4jjgrHjgqQvR1NIT0NL44CV44CQSETjgJHjgJBUQ+OAkSBbQ0FXVF3jgJA1MzJQMTdTZXAxNuOAkQ==,44CQNTAw5YaG44Kv44O844Od44Oz5pyJ44CR44CQ5YWo5Zu944Gp44GT44Gn44KC6YCB5paZ54Sh5paZ44CR,PCEtLeKWvOOCq+OCtOS4i+ODkOODiuODvC0tPjxjZW50ZXI+PGZvbnQgY29sb3I9IiNmZjE0OTMiIHNpemU9IjYiPjwvY2VudGVyPjwvZm9udD48aWZyYW1lIHNyYz0iaHR0cDovL3d3dy5yYWt1dGVuLm5lLmpwL2dvbGQva3VyYXNoaWtlbmtvdS9jYXJ0XzE2MTAxOC5odG1sIiB3aWR0aD0iMTAwJSIgaGVpZ2h0PSI2NzAiIHNjcm9sbGluZz0ibm8iIGZyYW1lYm9yZGVyPSIwIiA9IiI+PC9pZnJhbWUg44CAPjwhLS3ilrLjgqvjgrTkuIvjg5Djg4rjg7wtLT48YnI+CgoKCgoKCgoKCgoKCgoKCgoKCuiAkOihneaSg+aAp+iDve+8iOOCt+ODp+ODg+OCr+ODrOOCuOOCueODiO+8ieOBq+WKoOOBiOOAgeiAkOmBoOW/g+mHjeWKm+aAp+iDveOCkuWCmeOBiOOBn+OAjFNLWSBDT0NLUElU77yI44K544Kr44Kk44Kz44OD44Kv44OU44OD44OI77yJ44CN44Oi44OH44Or44CCPGJyPuW+k+adpeOBruiAkOihneaSg+aAp+iDveOAgeiAkOmBoOW/g+mHjeWKm+aAp+iDveOBq+WKoOOBiOOAgeaWsOOBn+OBq+iAkOaMr+WLleaAp+iDveOCkumWi+eZuuOAgjxicj7ooZ3mkoPjgIHpgaDlv4Pph43lipvjgIHmjK/li5Xjga4z44Gk44Gu5Yqb44GL44KJ44Oi44K444Ol44O844Or44KS5L+d6K2344GZ44KL44CMVFJJUExFIEcgUkVTSVNU77yI44OI44Oq44OX44OrR+ODrOOCuOOCueODiO+8ieOAjeOCkuaQrei8ieOAgjxicj7jgqjjgqLjg6zjg7zjgrnnlKjjga7oiKrnqbrmqZ/jgoTjg6zjg7zjgrfjg7PjgrDjg57jgrfjg7Pjga7mk43nuKbmmYLjgavnmbrnlJ/jgZnjgovmv4DjgZfjgYTmjK/li5XjgavjgoLogJDjgYjjgovjgojjgYbjgIHlpJboo4XjgrHjg7zjgrnjgajjg6Ljgrjjg6Xjg7zjg6vjga7plpPjgavmjK/li5XkvY7muJvjgavlhKrjgozjgZ/jgrDjg6zjg7zjg4njga7jgIzjgqLjg6vjg5XjgqHjgrLjg6vvvIjigLvvvInjgI3jgpLmjqHnlKjjgII8YnI+5YWN6ZyH5qeL6YCg44KS44OS44Oz44OI44Gr5YaG5p+x5b2i54q244Gr5oiQ5b2i44GX44CB44Oi44K444Ol44O844Or44Gu5YG06Z2i44CB5bqV6Z2i44KS6KaG44GG44GT44Go44Gn5r+A44GX44GE5oyv5YuV44GM5Lyd44KP44KL44Gu44KS5L2O5rib44GV44Gb44Gm44GE44G+44GZ44CCPGJyPuKAu+OCt+ODquOCs+ODvOODs+OCkuS4u+WOn+aWmeOBqOOBmeOCi+OAgeWEquOCjOOBn+aMr+WLleS9jua4m+aAp+iDveOCkuacieOBmeOCi+e0oOadkM6xR0VM77yI44Ki44Or44OV44Kh44Ky44Or77yJ44Gv5qCq5byP5Lya56S+44K/44Kk44Kr44Gu55m76Yyy5ZWG5qiZ44Gn44GZ44CCPGJyPjxicj7jg6Djg7zjg5bjg6Hjg7Pjg4jjgavjga/jgr/jg5Xjg6Djg7zjg5bjg6Hjg7Pjg4jjgpLmjqHnlKjjgILmmYLliLvjga7ooajnpLrjgavjgYrjgYTjgabpq5jjgYTkv6HpoLzmgKfjgpLoqofjgorjgb7jgZnjgII8YnI+44Oe44Or44OB44OQ44Oz44OJNuKApuS4lueVjDblsYDvvIjml6XmnKwy5bGA44CB5Lit5Zu944CB44Ki44Oh44Oq44Kr44CB44Kk44Ku44Oq44K544CB44OJ44Kk44OE77yJ44Gu5qiZ5rqW6Zu75rOi44KS5Y+X5L+h44GX44CB5pmC5Yi744KS6Ieq5YuV5L+u5q2j44CCPGJyPuODr+ODvOODq+ODieOCv+OCpOODoOKApuS4lueVjDI56YO95biC77yIMjnjgr/jgqTjg6Djgr7jg7zjg7PjgIHjgrXjg57jg7zjgr/jgqTjg6Doh6rli5XoqK3lrprmqZ/og73vvInvvItVVEPvvIjljZTlrprkuJbnlYzmmYLvvInjga7mmYLliLvooajnpLrjgIHjg5vjg7zjg6Djgr/jgqTjg6Djga7pg73luILlhaXmm7/mqZ/og73jgII8YnI+PGJyPuKXj+acrOS9k+OCteOCpOOCuu+8iOe0hO+8ie+8muW5hTUuMDTDl+WlpeihjDUuMjnDl+mrmOOBlTEuNTZjbTxicj7il4/ph43ph4/vvJrntIQ3NWc8YnI+4peP5Li76KaB5p2Q6LOq77ya5qi56ISC44CB44K544OG44Oz44Os44K544K544OB44O844Or44CB54Sh5qmf44Ks44Op44K5PGJyPuKXj+mnhuWLleaZgumWk++8iOODleODq+WFhembu+aZguOBi+OCieOCveODvOODqeODvOeZuumbu+eEoeOBl+OBrueKtuaFi++8ie+8muapn+iDveS9v+eUqOOBruWgtOWQiCDntIQ144O15pyI44CB44OR44Ov44O844K744O844OT44Oz44Kw54q25oWL44Gu5aC05ZCIIOe0hDI244O15pyIPGJyPuKXj+aQrei8ieapn+iDve+8mjxicj7jg7vjg4jjg6rjg5fjg6tH44Os44K444K544OIPGJyPuODu+OCveODvOODqeODvOWFhembu+OCt+OCueODhuODoDxicj7jg7syMOawl+Wcp+mYsuawtDxicj7jg7vph53kvY3nva7oh6rli5Xoo5zmraPmqZ/og708YnI+44O76Zu75rOi5Y+X5L+h5qmf6IO977yI6Ieq5YuV44CB5omL5YuV77yJPGJyPuODu+ODjeOCquODluODqeOCpOODiDxicj7jg7vjg57jg6vjg4Hjg5Djg7Pjg4k2PGJyPuODu+ODr+ODvOODq+ODieOCv+OCpOODoDxicj7jg7vjg5Hjg6/jg7zjgrvjg7zjg5Pjg7PjgrDmqZ/og73vvIjmmpfmiYDjgafkuIDlrprmmYLplpPjgYzntYzpgY7jgZnjgovjgajpgYvph53jgpLlgZzmraLjgZfjgabnr4Dpm7vvvIk8YnI+44O75pel5LuY44O75puc5pel6KGo56S6PGJyPuODu+ODleODq+OCquODvOODiOOCq+ODrOODs+ODgOODvDxicj7jg7vmmYLliLvjgqLjg6njg7zjg6A8YnI+44O744K544OI44OD44OX44Km44Kq44OD44OB77yIMS8xMDDnp5LjgIEyNOWIhuioiOOAgeOCueODl+ODquODg+ODiOS7mOOBje+8iTxicj7jg7vjg5Djg4Pjg4bjg6rjg7zlhYXpm7vorablkYrmqZ/og708YnI+PGJyPjxicj48Yj48Zm9udCBjb2xvcj0iI2ZmNjZjYyI+4peG4peH4peG44GT44Gh44KJ44KC44Kq44K544K544Oh4peG4peH4peGPC9mb250PjwvYj48YnI+44O744Kr44K344Kq44CUQ0FTSU/jgJVHLVNIT0NL44CAR1ctQTEwMDAtMUFKRjxicj7jg7vjgqvjgrfjgqrjgJRDQVNJT+OAlUctU0hPQ0vjgIBHVy00MDAwQS0xQUpGPGJyPuODu+OCq+OCt+OCquOAlENBU0lP44CVRy1TSE9DS+OAgEdXLTkzMDAtMUpGPGJyPuODu+OCq+OCt+OCquOAlENBU0lP44CVRy1TSE9DS+OAgEFXRy1NMTAwQkMtMUFKRjxicj7jg7vjgqvjgrfjgqrjgJRDQVNJT+OAlUctU0hPQ0vjgIBBV0ctTTEwMEJXLTFBSkY8YnI+44O744Kr44K344Kq44CUQ0FTSU/jgJVHLVNIT0NL44CAR1ctODkwMEEtMUpGPGJyPuODu+OCq+OCt+OCquOAlENBU0lP44CVRy1TSE9DS+OAgEdXLU01NjEwUi0xSkY=,44CQ6YCB5paZ54Sh5paZ44CR44Kr44K344Kq44CUQ0FTSU/jgJVHLVNIT0NL44CAR1ctNDAwMC0xQUpG44CU44K444O844K344On44OD44KvL+iFleaZguioiC8v5pmC6KiIL+OBqOOBkeOBhC/jg4jjgrHjgqQvR1NIT0NL44CV44CQSETjgJHjgJBUQ+OAkSBbQ0FXVF3jgJA1MzJQMTdTZXAxNuOAke+8muaaruOCieOBl+WBpeW6t+ODjeODg+ODiOmkqA==,44Kt44OD44OB44Oz44OQ44K56Kq/55CG5Zmo5YW35rSX5Ymk44Kv44Oq44K544K/44Or44Ks44Kk44K244O8NTAwbWzmn5Tou5/liaTlrqTlhoXnianlubLjgZfnianlubLjgZflgaXlurfpo5/lk4HjgqLjgqTjg6rjgrnjgqrjg7zjg6Tjg57mjoPpmaTjg4/jg7Pjgqzjg7zmtJfmv6/lj47ntI3nsbPjg4DjgqTjgqjjg4Pjg4jmsLTjg4Djgqbjg4vjg7zjg5Xjg6njgqTjg5Hjg7PnibnojLbjgJDpgIHmlpnnhKHmlpnjgJHjgqvjgrfjgqrjgJRDQVNJT+OAlUctU0hPQ0vjgIBHVy00MDAwLTFBSkbjgJTjgrjjg7zjgrfjg6fjg4Pjgq8v6IWV5pmC6KiILy/mmYLoqIgv44Go44GR44GEL+ODiOOCseOCpC9HU0hPQ0vjgJXjgJBIROOAkeOAkFRD44CRIFtDQVdUXeOAkDUzMlAxN1NlcDE244CR,44CQNTAw5YaG44Kv44O844Od44Oz5pyJ44CR44CQ5YWo5Zu944Gp44GT44Gn44KC6YCB5paZ54Sh5paZ44CR44CC44CQ6YCB5paZ54Sh5paZ44CR44Kr44K344Kq44CUQ0FTSU/jgJVHLVNIT0NL44CAR1ctNDAwMC0xQUpG44CU44K444O844K344On44OD44KvL+iFleaZguioiC8v5pmC6KiIL+OBqOOBkeOBhC/jg4jjgrHjgqQvR1NIT0NL44CV44CQSETjgJHjgJBUQ+OAkSBbQ0FXVF3jgJA1MzJQMTdTZXAxNuOAkQ==[rn]
16-122036,aHR0cDovL3RzaG9wLnIxMHMuanAva3VyYXNoaWtlbmtvdS9jYWJpbmV0L25ld2ltYWdlMi85ODMyMzUyLmpwZz9maXRpbj03MDA6NzAw,MzQxMzMuNjAwMA==,,6IWV5pmC6KiIID4g44Oh44Oz44K66IWV5pmC6KiI,Q0FTSU/jgJTjgqvjgrfjgqrjgJXohZXmmYLoqIjjgIDjgr/jg5Xjgr3jg7zjg6njg7zjgIDjg5fjg63jg4jjg6zjg4Pjgq/jgIBQUk9UUkVL44CAUFJXLTUxMDAtMUpG44CQROOAkeOAkOmAgeaWmeeEoeaWmeOAkQ==,44CQNTAw5YaG44Kv44O844Od44Oz5pyJ44CR44CQ5YWo5Zu944Gp44GT44Gn44KC6YCB5paZ54Sh5paZ44CR,PCEtLeKWvOOCq+OCtOS4i+ODkOODiuODvC0tPjxjZW50ZXI+PGZvbnQgY29sb3I9IiNmZjE0OTMiIHNpemU9IjYiPjwvY2VudGVyPjwvZm9udD48aWZyYW1lIHNyYz0iaHR0cDovL3d3dy5yYWt1dGVuLm5lLmpwL2dvbGQva3VyYXNoaWtlbmtvdS9jYXJ0XzE2MTAxOC5odG1sIiB3aWR0aD0iMTAwJSIgaGVpZ2h0PSI2NzAiIHNjcm9sbGluZz0ibm8iIGZyYW1lYm9yZGVyPSIwIiA9IiI+PC9pZnJhbWUg44CAPjwhLS3ilrLjgqvjgrTkuIvjg5Djg4rjg7wtLT48YnI+CgoKCgoKCgoKCgoKCgoKCgoKCjxmb250IGNvbG9yPSIjMDA2NmZmIj48Yj7mnKzmoLzmtL7jgqLjgqbjg4jjg4njgqLjgq7jgqLjgIxQUk8gVFJFS++8iOODl+ODreODiOODrOODg+OCr++8ieOAjeOCt+ODquODvOOCuu+8gTwvYj48L2ZvbnQ+PGJyPgrjgIxQUk8gVFJFS++8iOODl+ODreODiOODrOODg+OCr++8ieOAjeOCt+ODquODvOOCuuOBruOAgeOCveODvOODqeODvOmbu+azouiFleaZguioiOKYhjxicj4K44Ki44OK44Ot44Kw77yP44OH44K444K/44Or44Kz44Oz44OT44ON44O844K344On44Oz44Oi44OH44Or44GL44KJ44CB6KaW6KqN5oCn44KS5ZCR5LiK44GV44Gb44Gf44Oi44OH44Or4pmqPGJyPgrjgqLjg4rjg63jgrDpg6jliIbjgavlpKflnovjga7jg43jgqrjg5bjg6njgqTjg4jph53jgpLmjqHnlKjjgZfjgIHlpJzplpPjgafjga7oppboqo3mgKfjgpLjgqLjg4Pjg5fvvIE8YnI+CuOBvuOBn+OAgeaWh+Wtl+ebpOOBr+aZgumWk+OChOioiOa4rOODh+ODvOOCv+OCkuiqreOBv+WPluOCiuOChOOBmeOBhOOCiOOBhuOCt+ODs+ODl+ODq+OBquODh+OCtuOCpOODs+OBq+S7leS4iuOBkuOBvuOBl+OBn+KYhjxicj4K5LiW55WMNuWxgOOBrumbu+azouOCkuWPl+S/oeOBmeOCi+ODnuODq+ODgeODkOODs+ODiTbjgoTjgr/jg5Xjgr3jg7zjg6njg7zjgpLmkK3ovInvvIE8YnI+CkxFROODqeOCpOODiOOChOODgOOCpOODrOOCr+ODiOODquOCv+ODvOODs+apn+iDveOBquOBqeS+v+WIqeapn+iDveOCgua6gOi8ie+8gTxicj4K44Ki44Km44OI44OJ44Ki44K344O844Oz44KE44K544Od44O844OE5pmC44Gr5L6/5Yip44GqMTDmsJflnKfpmLLmsLTku5Xmp5jimaoKPGJyPjxicj7il4/llYblk4HjgrXjgqTjgrrvvIjntITvvInvvJrluYU0Ljkzw5flpaXooYwxLjQyw5fpq5jjgZU1LjY4Y208YnI+CuKXj+izqumHj++8iOe0hO+8ie+8mjc5LjZnPGJyPgril4/mnZDos6o8YnI+CuOAgOOCseODvOOCueODu+ODmeOCvOODq++8muaoueiEgu+8j+OCueODhuODs+ODrOOCueOCueODgeODvOODqzxicj4K44CA44Ks44Op44K577ya54Sh5qmf44Ks44Op44K5PGJyPgrjgIDjg5Djg7Pjg4nvvJrmqLnohILjg5Djg7Pjg4k8YnI+CuKXj+mYsuawtOaAp++8mjEw5rCX5Zyn6Ziy5rC0Cjxicj48YnI+Cjxmb250IHNpemU9Ii0yIj7jgJDkuLvjgarmqZ/og73jg7vmgKfog73jgJE8YnI+CuKXi+ODluODqeODg+OCr0lQ77yI44Kk44Kq44Oz44OX44Os44O844OG44Kj44Oz44Kw77yJPGJyPgril4vjg43jgqrjg5bjg6njgqTjg4g8YnI+CuKXi+OCv+ODleOCveODvOODqeODvO+8iOOCveODvOODqeODvOWFhembu+OCt+OCueODhuODoO+8iTxicj4K4peL6Zu75rOi5Y+X5L+h5qmf6IO977ya6Ieq5YuV5Y+X5L+h77yI5pyA5aSnNuWbnu+8j+aXpe+8ie+8iOS4reWbvembu+azouOBr+acgOWkpzXlm57vvI/ml6XvvInvvI/miYvli5Xlj5fkv6E8YnI+CuKJquaXpeacrOKJq+WPl+S/oembu+azou+8mkpKWeOAgeWRqOazouaVsO+8mjQwa0h6IO+8jzYwa0h677yI56aP5bO277yP5Lmd5bee5Lih5bGA5a++5b+c44Oi44OH44Or77yJPGJyPgriiarljJfnsbPlnLDln5/iiavlj5fkv6Hpm7vms6LvvJpXV1ZC44CB5ZGo5rOi5pWw77yaNjBrSHo8YnI+CuKJquODqOODvOODreODg+ODkeWcsOWfn+KJq+WPl+S/oembu+azou+8mk1TRu+8j0RDRjc344CB5ZGo5rOi5pWw77yaNjBrSHog77yPNzcuNWtIejxicj4K4omq5Lit5Zu94omr5Y+X5L+h6Zu75rOi77yaQlBD44CB5ZGo5rOi5pWw77yaNjguNWtIejxicj4K44CA77yK44Ob44O844Og44K/44Kk44Og6Kit5a6a44KS5Y+X5L+h5Y+v6IO944Gq6YO95biC44Gr6Kit5a6a44GZ44KL44Go44CB6YO95biC44Gr5ZCI44KP44Gb44Gf5bGA44KS5Y+X5L+h44GX44G+44GZ44CCPGJyPgrjgIDjgIDlsJrjgIHmmYLlt67jga/pgbjmip7jgZfjgZ/pg73luILjgavjgojjgaPjgaboqK3lrprjgZXjgozjgb7jgZnjgII8YnI+CuKXi+mHneS9jee9ruiHquWLleijnOato+apn+iDvTxicj4K4peL5pa55L2N6KiI5ris5qmf6IO977yaMTbmlrnkvY3jg7vmlrnkvY3jga7op5LluqbvvIgwIO+9njM1OcKw77yJ44KS6KiI5ris44CB5pa55L2N6YCj57aa6KiI5ris77yIMjDnp5LvvInjgIHljJfmlrnkvY3mjIfph53mqZ/og73jgIHno4HmsJflgY/op5Loo5zmraPmqZ/og73jgIHmlrnkvY3oo5zmraPmqZ/og708YnI+CuKXi+awl+Wcp+ioiOa4rOapn+iDve+8iOioiOa4rOevhOWbsu+8mjI2MCDvvZ4xLDEwMGhQYe+8ieOAgeawl+Wcp+WCvuWQkeOCpOODs+OCuOOCseODvOOCv+ODvO+8iMKxMTBoUGHvvInjgIHmsJflnKflgr7lkJHjgrDjg6njg5XooajnpLrvvIjpgY7ljrsxNuaZgumWk+WIhuOCkuihqOekuu+8iTxicj4K4peL6auY5bqm6KiI5ris5qmf6IO977yP55u45a++6auY5bqm6KiI77yI6KiI5ris56+E5Zuy77ya77yNNzAwIO+9njEwLDAwMO+9je+8ieOAgemrmOW6puW3ruOCpOODs+OCuOOCseODvOOCv+ODvO+8iOioiOa4rOevhOWbsjHvvJrCsTEwMG0vNW0g5Y2Y5L2N44CB6KiI5ris56+E5ZuyMu+8msKxMTAwMG0vNTBtIOWNmOS9je+8ieOAgemrmOW6puODoeODouODquODvO+8iOioiOa4rOaciOaXpeODu+aZguWIu+ODu+mrmOW6puOCkuacgOWkpzE05pys44Oe44OL44Ol44Ki44Or44Oh44Oi44Oq44O877yJ44CB5pyA6auY77yP5pyA5L2O6auY5bqm6KGo56S644CB44Kq44O844OI56mN566X77yI5LiK5piH77yPIOS4i+mZje+8ieODoeODouODquODvOOAgemrmOW6puWCvuWQkeOCsOODqeODleihqOekuuOAgeioiOa4rOmWk+malOioreWumuapn+iDvTxicj4K4peL5rip5bqm6KiI5ris5qmf6IO977yI6KiI5ris56+E5Zuy77ya77yNMTDvvZ42MOKEg++8iTxicj4K4peL44Ov44O844Or44OJ44K/44Kk44Og77ya5LiW55WMMjnpg73luILvvIgyOeOCv+OCpOODoOOCvuODvOODs+OAgeOCteODnuODvOOCv+OCpOODoOioreWumuapn+iDveS7mOOBje+8ie+8i1VUQ++8iOWNlOWumuS4lueVjOaZgu+8ieOBruaZguWIu+ihqOekujxicj4K4peL44K544OI44OD44OX44Km44Kq44OD44OB77yIMS8xMDDnp5LjgIE2MOWIhuioiOOAgeOCueODl+ODquODg+ODiOS7mOOBje+8iTxicj4K4peL44K/44Kk44Oe44O877yI44K744OD44OI5Y2Y5L2N77yaMeWIhuOAgeacgOWkp+OCu+ODg+ODiO+8mjYw5YiG44CBMeenkuWNmOS9jeOBp+ioiOa4rO+8iTxicj4K4peL5pmC5Yi744Ki44Op44O844OgNeacrOODu+aZguWgsTxicj4K4peL44OQ44OD44OG44Oq44O844Kk44Oz44K444Kx44O844K/44O86KGo56S6PGJyPgril4vjg5Hjg6/jg7zjgrvjg7zjg5Pjg7PjgrDmqZ/og73vvIjmmpfmiYDjgafjga/kuIDlrprmmYLplpPjgYzntYzpgY7jgZnjgovjgajooajnpLrjgpLmtojjgZfph53jgpLmraLjgoHjgabnr4Dpm7vjgZfjgb7jgZnvvIk8YnI+CuKXi+ODleODq+OCquODvOODiOOCq+ODrOODs+ODgOODvDxicj4K4peLMTIvMjTmmYLplpPliLbooajnpLrliIfmm788YnI+CuKXi+iAkOS9jua4qeS7leanmO+8iO+8jTEw4oSD77yJPGJyPgril4vmk43kvZzpn7NPTi9PRkbliIfmm7/mqZ/og708YnI+CuKXi0xFROODqeOCpOODiO+8iOODleODq+OCquODvOODiOODqeOCpOODiOapn+iDveOAgeaui+eFp+apn+iDveOAgeaui+eFp+aZgumWk+WIh+abv++8iDEuNeenki8z56eS77yJ5LuY44GN77yJPGJyPgril4vjg5Xjg6vlhYXpm7vmmYLjgYvjgonjgr3jg7zjg6njg7znmbrpm7vnhKHjgZfjga7nirbmhYvjgafjga7pp4bli5XmmYLplpM8YnI+CuKXi+apn+iDveS9v+eUqOOBruWgtOWQiO+8mue0hDXjg7XmnIg8YnI+CuKXi+ODkeODr+ODvOOCu+ODvOODk+ODs+OCsOeKtuaFi+OBruWgtOWQiO+8mue0hDIz44O15pyIPGJyPgo8YnI+CuOAkOODm+ODvOODoOOCv+OCpOODoOmDveW4gu+8iOWPl+S/oeapn+iDveWvvuW/nOmDveW4gu+8ie+8j+WPl+S/oembu+azouOAkTxicj4K4peL5p2x5Lqs77yP5pel5pys44Gu5qiZ5rqW6Zu75rOiSkpZNDDjg7tKSlk2MDxicj4K4peL77yI44Ob44OO44Or44Or77yJ44CB77yI44Ki44Oz44Kr44Os44K477yJ44CB44Ot44K144Oz44K844Or44K544CB44OH44Oz44OQ44O844CB44K344Kr44K044CB44OL44Ol44O844Oo44O844Kv77yP44Ki44Oh44Oq44Kr44Gu5qiZ5rqW6Zu75rOiV1dWQjxicj4K4peL44Ot44Oz44OJ44Oz44CB44OR44Oq44CB44Ki44OG44ON77yP44Kk44Ku44Oq44K544Gu5qiZ5rqW6Zu75rOiTVNG44O744OJ44Kk44OE44Gu5qiZ5rqW6Zu75rOiRENGNzc8YnI+CuKXi+mmmea4r++8j+S4reWbveOBruaomea6lumbu+azokJQQzxicj4KPGJyPgrigLvvvIjjgIDvvInlhoXjga7lkITpg73luILjga/mnaHku7bjgYzoia/jgZHjgozjgbDlj5fkv6HjgZnjgovloLTlkIjjgoLjgYLjgorjgb7jgZnjgII8YnI+CuKAuyDpm7vms6Llj5fkv6HjgYzooYzjgo/jgozjgarjgYTloLTlkIjjga/jgIHpgJrluLjjga7jgq/jgqrjg7zjg4Tnsr7luqbvvIjlubPlnYfmnIjlt67CsTE156eS77yJ44Gn5YuV5L2c44GX44G+44GZ44CCPGJyPgrigLvpq5jluqboqIjjga/msJflnKflpInljJbjgpLpq5jluqbjgavlpInmj5vjgZnjgovnm7jlr77pq5jluqboqIjjgafjgZnjgILmsJflnKfjgYzoh6rnhLbnj77osaHjgavjgojjgorlpInljJbjgZnjgovjgajjgIHoqIjmuKzlgKTjga7pq5jluqbjgoLlpInljJbjgZfjgb7jgZnjgII8YnI+CuKAu+Wkluawl+a4qeOCkuioiOa4rOOBmeOCi+OBqOOBjeOBr+OAgeaZguioiOOCkuiFleOBi+OCieWkluOBl+OBpuOAgeS9k+a4qeOAgeaxl++8iOawtOa7tO+8ieOAgeebtOWwhOaXpeWFieOBquOBqeOBruW9semfv+OCkuWPl+OBkeOBquOBhOOCiOOBhuOBq+OBl+OBpuOBj+OBoOOBleOBhOOAggoKPC9mb250Pg==,Q0FTSU/jgJTjgqvjgrfjgqrjgJXohZXmmYLoqIjjgIDjgr/jg5Xjgr3jg7zjg6njg7zjgIDjg5fjg63jg4jjg6zjg4Pjgq/jgIBQUk9UUkVL44CAUFJXLTUxMDAtMUpG44CQROOAkeOAkOmAgeaWmeeEoeaWmeOAke+8muaaruOCieOBl+WBpeW6t+ODjeODg+ODiOmkqA==,44Kt44OD44OB44Oz44OQ44K56Kq/55CG5Zmo5YW35rSX5Ymk44Kv44Oq44K544K/44Or44Ks44Kk44K244O8NTAwbWzmn5Tou5/liaTlrqTlhoXnianlubLjgZfnianlubLjgZflgaXlurfpo5/lk4HjgqLjgqTjg6rjgrnjgqrjg7zjg6Tjg57mjoPpmaTjg4/jg7Pjgqzjg7zmtJfmv6/lj47ntI3nsbPjg4DjgqTjgqjjg4Pjg4jmsLTjg4Djgqbjg4vjg7zjg5Xjg6njgqTjg5Hjg7PnibnojLZDQVNJT+OAlOOCq+OCt+OCquOAleiFleaZguioiOOAgOOCv+ODleOCveODvOODqeODvOOAgOODl+ODreODiOODrOODg+OCr+OAgFBST1RSRUvjgIBQUlctNTEwMC0xSkbjgJBE44CR44CQ6YCB5paZ54Sh5paZ44CR,44CQNTAw5YaG44Kv44O844Od44Oz5pyJ44CR44CQ5YWo5Zu944Gp44GT44Gn44KC6YCB5paZ54Sh5paZ44CR44CCQ0FTSU/jgJTjgqvjgrfjgqrjgJXohZXmmYLoqIjjgIDjgr/jg5Xjgr3jg7zjg6njg7zjgIDjg5fjg63jg4jjg6zjg4Pjgq/jgIBQUk9UUkVL44CAUFJXLTUxMDAtMUpG44CQROOAkeOAkOmAgeaWmeeEoeaWmeOAkQ==[rn]
16-122037,aHR0cDovL3RzaG9wLnIxMHMuanAva3VyYXNoaWtlbmtvdS9jYWJpbmV0L2Rlc2NyaXB0aW9uLzEyMTExM19nc2hvY2svOTgzMDYzNy5qcGc/Zml0aW49NzAwOjcwMA==,MTczNzIuMDAwMA==,,6IWV5pmC6KiIID4g44Oh44Oz44K66IWV5pmC6KiI,44CQ5Zu95YaF5q2j6KaP5ZOB44CRQ0FTSU/jgJTjgqvjgrfjgqrjgJXjg6Hjg7Pjgrog44Ki44OK44OH44K477yI44Ki44OK44Ot44Kw44O744OH44K444K/44Or77yJ6IWV5pmC6KiITElORUFHRSDjg6rjg4vjgqjjg7zjgrgg44K/44OV44K944O844Op44O86Zu75rOi5pmC6KiITVVMVElCQU5ENuOAkExDVy1NMTAwVEQtN0FKRuOAkeOAkEhE44CR44CQVEPjgJEgW0NBV1Rd44CQNTMyUDE3U2VwMTbjgJE=,44CQNTAw5YaG44Kv44O844Od44Oz5pyJ44CR44CQ5YWo5Zu944Gp44GT44Gn44KC6YCB5paZ54Sh5paZ44CR,PCEtLeKWvOOCq+OCtOS4i+ODkOODiuODvC0tPjxjZW50ZXI+PGZvbnQgY29sb3I9IiNmZjE0OTMiIHNpemU9IjYiPjwvY2VudGVyPjwvZm9udD48aWZyYW1lIHNyYz0iaHR0cDovL3d3dy5yYWt1dGVuLm5lLmpwL2dvbGQva3VyYXNoaWtlbmtvdS9jYXJ0XzE2MTAxOC5odG1sIiB3aWR0aD0iMTAwJSIgaGVpZ2h0PSI2NzAiIHNjcm9sbGluZz0ibm8iIGZyYW1lYm9yZGVyPSIwIiA9IiI+PC9pZnJhbWUg44CAPjwhLS3ilrLjgqvjgrTkuIvjg5Djg4rjg7wtLT48YnI+CgoKCgoKCgoKCgoKCgoKCgoKCuacrOS9k+OCteOCpOOCuu+8mjQzLjjDlzQwLjDDlzkuNG1tPGJyPuacrOS9k+mHjemHjzo3NS42Zzxicj7jg5Djg7Pjg4nplbc6MTUw772eMjA1bW08YnI+6aeG5YuV5pa55byPOuOCveODvOODqeODvOWFhembuzxicj7pmLLmsLTmqZ/og706Neawl+Wcp+mYsuawtDxicj7pm7vms6Loh6rli5Xkv67mraPmqZ/og7066Ieq5YuV5Y+X5L+hL+aJi+WLleWPl+S/oSDjgIrml6XmnKzjgIvlj5fkv6Hpm7vms6LvvJpKSlkv5ZGo5rOi5pWw77yaNDBrSHovNjBrSHrjgIrljJfnsbPlnLDln5/jgIvlj5fkv6Hpm7vms6LvvJpXV1ZCL+WRqOazouaVsO+8mjYwa0h6IOOAiuODqOODvOODreODg+ODkeWcsOWfn+OAi+WPl+S/oembu+azou+8mk1TRi9EQ0Y3Ny/lkajms6LmlbDvvJo2MGtIei83Ny41a0h6IOOAiuS4reWbveOAi+WPl+S/oembu+azou+8mkJQQy/lkajms6LmlbDvvJo2OC41a0h6IOKAu+ODm+ODvOODoOOCv+OCpOODoOioreWumuOCkuWPl+S/oeWPr+iDveOBqumDveW4guOBq+ioreWumuOBmeOCi+OBqOmDveW4guOBq+WQiOOCj+OBm+OBn+WxgOOCkuWPl+S/oeOBl+OBvuOBmeOAguWwmi/mmYLlt67jga/pgbjmip7jgZfjgZ/pg73luILjgavjgojjgaPjgaboqK3lrprjgZXjgozjgb7jgZnjgII8YnI+6KGo56S65pa55byPOuOCouODiuODreOCsDxicj7pm7vmsaDlr7/lkb0644CQ44OV44Or5YWF6Zu75pmC44GL44KJ44K944O844Op44O855m66Zu754Sh44GX44Gu54q25oWL44Gn44Gu6aeG5YuV5pmC6ZaT44CR5qmf6IO95L2/55So44Gu5aC05ZCI77ya57SENOODtuaciC/jg5Hjg6/jg7zjgrvjg7zjg5Pjg7PjgrDnirbmhYvjga7loLTlkIjvvJrntIQyMuODtuaciDxicj7jgrHjg7zjgrk644OB44K/44Oz44Ks44Op44K5OuODn+ODjeODqeODq+OCrOODqeOCueODkOODs+ODiTxicj7ntKDmnZA644OB44K/44Oz44OQ44Oz44OJKOOCouOCuOODo+OCueODiCk6Q+ODquODs+OCsOaWueW8j+ODkOODs+ODiSjkuK3nlZkpOuODr+ODs+ODl+ODg+OCt+ODpeS4ieODhOaKmOOCjOaWueW8jzxicj7nsr7luqY65bmz5Z2H5pyI5beuwrExNeenkijpnZ7lj5fkv6HmmYIpPGJyPuODr+ODvOODq+ODieOCv+OCpOODoDrkuJbnlYwyOemDveW4gitVVEMo5Y2U5a6a5LiW55WM5pmCKeOBruaZguWIu+ihqOekujxicj7jgrnjg4jjg4Pjg5fjgqbjgqnjg4Pjg4E6MS8xMDDnp5IvNjDliIboqIjjgr/jgqTjg57jg7w644K744OD44OI5Y2Y5L2N77yaMeWIhi/mnIDlpKfjgrvjg4Pjg4jvvJoxMDDliIYvMeenkuWNmOS9jeOBp+ioiOa4rOaZguWIuzxicj7jgqLjg6njg7zjg6A6NeacrOODu+aZguWgsTxicj7jg5Hjg6/jg7zjgrvjg7zjg5Pjg7PjgrDmqZ/og7065pqX5omA44Gn44Gv5LiA5a6a5pmC6ZaT44GM57WM6YGO44GZ44KL44Go6KGo56S644KS5raI44GX6Yed44KS5q2i44KB44Gm56+A6Zu744GX44G+44GZ44CCPGJyPuODkOODg+OCr+ODqeOCpOODiDpMRUTjg6njgqTjg4go5q6L54Wn5qmf6IO95LuY44GNKQ==,44CQ5Zu95YaF5q2j6KaP5ZOB44CRQ0FTSU/jgJTjgqvjgrfjgqrjgJXjg6Hjg7Pjgrog44Ki44OK44OH44K477yI44Ki44OK44Ot44Kw44O744OH44K444K/44Or77yJ6IWV5pmC6KiITElORUFHRSDjg6rjg4vjgqjjg7zjgrgg44K/44OV44K944O844Op44O86Zu75rOi5pmC6KiITVVMVElCQU5ENuOAkExDVy1NMTAwVEQtN0FKRuOAkeOAkEhE44CR44CQVEPjgJEgW0NBV1Rd44CQNTMyUDE3U2VwMTbjgJHvvJrmmq7jgonjgZflgaXlurfjg43jg4Pjg4jppKg=,44Kt44OD44OB44Oz44OQ44K56Kq/55CG5Zmo5YW35rSX5Ymk44Kv44Oq44K544K/44Or44Ks44Kk44K244O8NTAwbWzmn5Tou5/liaTlrqTlhoXnianlubLjgZfnianlubLjgZflgaXlurfpo5/lk4HjgqLjgqTjg6rjgrnjgqrjg7zjg6Tjg57mjoPpmaTjg4/jg7Pjgqzjg7zmtJfmv6/lj47ntI3nsbPjg4DjgqTjgqjjg4Pjg4jmsLTjg4Djgqbjg4vjg7zjg5Xjg6njgqTjg5Hjg7PnibnojLbjgJDlm73lhoXmraPopo/lk4HjgJFDQVNJT+OAlOOCq+OCt+OCquOAleODoeODs+OCuiDjgqLjg4rjg4fjgrjvvIjjgqLjg4rjg63jgrDjg7vjg4fjgrjjgr/jg6vvvInohZXmmYLoqIhMSU5FQUdFIOODquODi+OCqOODvOOCuCDjgr/jg5Xjgr3jg7zjg6njg7zpm7vms6LmmYLoqIhNVUxUSUJBTkQ244CQTENXLU0xMDBURC03QUpG44CR44CQSETjgJHjgJBUQ+OAkSBbQ0FXVF3jgJA1MzJQMTdTZXAxNuOAkQ==,44CQNTAw5YaG44Kv44O844Od44Oz5pyJ44CR44CQ5YWo5Zu944Gp44GT44Gn44KC6YCB5paZ54Sh5paZ44CR44CC44CQ5Zu95YaF5q2j6KaP5ZOB44CRQ0FTSU/jgJTjgqvjgrfjgqrjgJXjg6Hjg7Pjgrog44Ki44OK44OH44K477yI44Ki44OK44Ot44Kw44O744OH44K444K/44Or77yJ6IWV5pmC6KiITElORUFHRSDjg6rjg4vjgqjjg7zjgrgg44K/44OV44K944O844Op44O86Zu75rOi5pmC6KiITVVMVElCQU5ENuOAkExDVy1NMTAwVEQtN0FKRuOAkeOAkEhE44CR44CQVEPjgJEgW0NBV1Rd44CQNTMyUDE3U2VwMTbjgJE=[rn]
16-122038,aHR0cDovL3RzaG9wLnIxMHMuanAvdG9rZWl0ZW4vY2FiaW5ldC9wcm90cmVrLTAxL3Bydy0zNTAweS00XzEuanBnP2ZpdGluPTcwMDo3MDA=,MjA5NDguMDAwMA==,,6IWV5pmC6KiIID4g44Oh44Oz44K66IWV5pmC6KiI,Qk9Y6Kiz44GC44KKIOKYhemAgeaWmeeEoeaWmSBDQVNJTyDjgqvjgrfjgqogUFJPIFRSRUsg44OX44Ot44OI44Os44OD44KvIOOCv+ODlSDjgr3jg7zjg6njg7wg6Zu75rOi5pmC6KiIIOODoeODs+OCuiDohZXmmYLoqIggTVVMVEkgRklFTEQgTElORSDjg57jg6vjg4Hjg5Djg7Pjg4k2IOODl+ODreODiOODrOODg+OCryDpm7vms6Ig44K944O844Op44O8IFBSVy0zNTAwWS00IOa1t+WkluODouODh+ODqyDjgqrjg6zjg7Pjgrgg6KqV55Sf5pel44OX44Os44K844Oz44OIIOOCruODleODiA==,44Kr44K344KqIENBU0lPIOODl+ODreODiOODrOODg+OCryBQUk9UUkVLIFBSVy0zNTAwWS00,6IWV5pmC6KiI44Gv44OX44Os44K844Oz44OI44Gr44KC5Zac44Gw44KM44G+44GZ4pmqPGJyPuiomOW/teWTgeOChOOBiuiqleeUn+aXpeOAgeOCr+ODquOCueODnuOCueOAgeWFpeWtpuelneOBhOOAgeWNkualreelneOBhOOAgeWwseiBt+elneOBhOOAgee1kOe0jei/lOOBl+OAgee1kOWpmuelneOBhOOBquOBqeOBq+i0iOOCi+OBruOBjOS6uuawl+OBp+OBmeKZqjxicj7jgq7jg5Xjg4jljIXoo4XjgoLmib/jgaPjgabjgYrjgorjgb7jgZnjgII8YnI+44OW44Ot44Kw44O744Kk44Oz44K544K/44Kw44Op44Og44Gn44K344Kn44Ki44Gr44GK44GZ44GZ44KB44Gq44Oa44Ki44Km44Kp44OD44OB44KE56aP6KKL44Gq44Gp44GK5qW944GX44G/44GE44Gf44Gg44GR44KL5LyB55S744KS6ZqP5pmC6KGM44Gj44Gm44GK44KK44G+44GZ44Gu44Gn44CB44Od44Kk44Oz44OI5raI5YyW44KE44Od44Kk44Oz44OI5Yip55So44Gr44KC44Gc44Gy44CB44GU5Yip55So44GP44Gg44GV44GE44G+44Gb44CCPGJyPjxicj7jg5bjg6njg7Pjg4kgJiM5NjU0OyDjgJBDQVNJT+OAkeOCq+OCt+OCqiAmIzk2NTQ7IFBST1RSRUvvvIjjg5fjg63jg4jjg6zjg4Pjgq/vvIkgJiM5NjU0OyDjg5fjg63jg4jjg6zjg4Pjgq/mtbflpJbjg6Ljg4fjg6s8aW1nIHNyYz0iaHR0cDovL2ltYWdlLnJha3V0ZW4uY28uanAvdG9rZWl0ZW4vY2FiaW5ldC9wcm90cmVrLTAxL3Bydy0zNTAweS00XzEuanBnIiBhbHQ9IiIgYm9yZGVyPSIwIiB3aWR0aD0iMTAwJSI+PGJyIC8+PGltZyBzcmM9Imh0dHA6Ly9pbWFnZS5yYWt1dGVuLmNvLmpwL3Rva2VpdGVuL2NhYmluZXQvcHJvdHJlay0wMS9wcnctMzUwMHktNF8yLmpwZyIgYWx0PSIiIGJvcmRlcj0iMCIgd2lkdGg9IjEwMCUiPjxiciAvPjxpbWcgc3JjPSJodHRwOi8vaW1hZ2UucmFrdXRlbi5jby5qcC90b2tlaXRlbi9jYWJpbmV0L3Byb3RyZWstMDEvcHJ3LTM1MDB5LTRfMy5qcGciIGFsdD0iIiBib3JkZXI9IjAiIHdpZHRoPSIxMDAlIj48YnIgLz7mnKzmoLzjgqLjgqbjg4jjg4njgqLjgq7jgqLjg5fjg63jg4jjg6zjg4Pjgq/jgIzjg57jg6vjg4Hjg5XjgqPjg7zjg6vjg4njg6njgqTjg7PjgI3jgYvjgonjgIEyMOawl+Wcp+mYsuawtOOBqOODrOOCuOOCueOCv+ODvOODquODs+OCsOOBjOeJueW+tOOBrk5ld+ODouODh+ODq+OBjOeZu+WgtOOAgjxicj4K5LuK5Zue44Gu44Oi44OH44Or44GvNjDnp5LplpPpgKPntproqIjmuKzlj6/og73jgarmlrnkvY3oqIjmuKzmqZ/og73jgajjgIHlm57ou6LmqZ/mp4vjgavjgojjgormlrnkvY3jgpLnsKHmmJPjg6Hjg6Ljg6rjg7zjgZnjgovjg6Hjgr/jg6vjga7jg6zjgrjjgrnjgr/jg7zjg6rjg7PjgrDjgpLntYTjgb/lkIjjgo/jgZvjgovjgZPjgajjgafjgIHjgojjgorliIbjgYvjgorjgoTjgZnjgY/lrp/nlKjnmoTjgarjgrPjg7Pjg5HjgrnmqZ/og73jgpLlrp/nj77jgILjg6zjgrjjgrnjgr/jg7zjg6rjg7PjgrDjgavjga/jgIHlh7nlh7jjga7jgYLjgovmjIfmjpvjgYvjgorjga7oia/jgYTlvaLnirbjgpLmjqHnlKjjgZfjgIHmk43kvZzmgKfjgpLlkJHkuIrjgZXjgZvjgabjgYTjgb7jgZnjgII8YnI+CuOBvuOBn+OAgeaWsOWei+OCu+ODs+OCteODvOOBqOWHpueQhuiDveWKm+OCkuWQkeS4iuOBleOBm+OBn+OCq+OCt+OCqueLrOiHquOBruOCu+ODs+OCteODvElD44KS57WE44G/5ZCI44KP44Gb44KL44GT44Go44Gr44KI44KK44CB44OI44Oq44OX44Or44K744Oz44K144O844Gu5qmf6IO944KS6aOb6LqN55qE44Gr5ZCR5LiK44GV44Gb44Gf44OI44Oq44OX44Or44K744Oz44K144O8VmVyLjPjgpLmkK3ovInjgZfjgarjgYzjgonjgIEyMOawl+Wcp+mYsuawtOOBqOOBhOOBhuODl+ODreODiOODrOODg+OCr+OBruS4reOBp+OCguacgOmrmOOBrumYsuawtOaAp+iDveOCkueiuuS/neOAguOBk+OCjOOCieOBq+OCiOOCiuOCouOCpuODiOODieOCouOCt+ODvOODs+OBq+OBiuOBkeOCi+OAgeOCiOOCiuODj+ODvOODieOBquawtOOBvuOCj+OCiuOBp+OBruS9v+eUqOOBq+OCguWvvuW/nOOBl+OBvuOBl+OBn+OAgjxicj4K44Ov44Oz44OX44OD44K344Ol44Gn5pa55L2N44CB5rCX5ZynL+a4qeW6puOAgemrmOW6puioiOa4rOOBjOWPr+iDveOBquWkp+Wei+ODgOOCpOODrOOCr+ODiOODnOOCv+ODs+OBq+OBr+OAgea7keOCiuatouOCgeW9oueKtuOCkuaWveOBl+OAgeOCsOODreODvOODluijheedgOaZguOBp+OCguOCueODiOODrOOCueOBquOBj+aTjeS9nOOBmeOCi+OBk+OBqOOCkuWPr+iDveOBq+OBl+OBpuOBhOOBvuOBmeOAguabtOOBq+OAgeS4lueVjDblsYDjga7mqJnmupbpm7vms6LjgpLlj5fkv6HjgZnjgovjg57jg6vjg4Hjg5Djg7Pjg4k244CB44KP44Ga44GL44Gq5YWJ44Gn44KC6aeG5YuV44GZ44KL44K/44OV44K944O844Op44O844CB5oCl5r+A44Gq5rCX5Zyn5aSJ5YyW44KS5aCx55+l44GZ44KL5rCX5Zyn5YK+5ZCR44Kk44Oz44OV44Kp44Oh44O844K344On44Oz44Ki44Op44O844Og44Gq44Gp44Gu5aSa5b2p44Gq5qmf6IO944KS5pCt6LyJ44CCPGJyPgrmtbfjgIHlsbHjgarjganmp5jjgIXjgarjg5XjgqPjg7zjg6vjg4njgafjga7kvb/nlKjjgavloKrjgYjjgYbjgovmqZ/og73jgajlrp/nlKjmgKfjgpLkvbXjgZvmjIHjgaTjg5fjg63jg4jjg6zjg4Pjgq/jgafjgZnjgII8YnIgLz4KCjxiciAvPi3ilrwtLeKWvC0t4pa8LS3ilrwtLeKWvC0t4pa8LS3ilrwtPGJyIC8+PGJyIC8+CuKWoOOAgOapn+iDveOAgOKWoDxiciAvPgril4/mlrnkvY3jg5njgrzjg6s8YnIgLz4K4pePMjDmsJflnKfpmLLmsLQ8YnIgLz4K4peP44K/44OV44K944O844Op44O8PGJyIC8+CuKXj+mbu+azouWPl+S/oeapn+iDvTxiciAvPgril4/mlrnkvY3oqIjmuKzmqZ/og708YnIgLz4K4peP5rCX5Zyn6KiI5ris5qmf6IO9PGJyIC8+CuKXj+mrmOW6puioiOa4rOapn+iDvTxiciAvPgril4/muKnluqboqIjmuKzmqZ/og708YnIgLz4K4peP44Ov44O844Or44OJ44K/44Kk44OgPGJyIC8+CuKXj+aXpeOBruWHuuODu+aXpeOBruWFpeaZguWIu+ihqOekujxiciAvPgril4/jgrnjg4jjg4Pjg5fjgqbjgqrjg4Pjg4E8YnIgLz4K4peP44K/44Kk44Oe44O8PGJyIC8+CuKXj+aZguWIu+OCouODqeODvOODoDXmnKzjg7vmmYLloLE8YnIgLz4K4peP44OQ44OD44OG44Oq44O844Kk44Oz44K444Kx44O844K/44O86KGo56S6PGJyIC8+CuKXj+ODkeODr+ODvOOCu+ODvOODk+ODs+OCsOapn+iDvTxiciAvPgril4/jg5Xjg6vjgqrjg7zjg4jjgqvjg6zjg7Pjg4Djg7w8YnIgLz4K4pePMTIvMjTmmYLplpPliLbooajnpLrliIfmm788YnIgLz4K4peP6ICQ5L2O5rip5LuV5qeY77yI77yNMTDihIPvvIk8YnIgLz4K4peP5pON5L2c6Z+zT04vT0ZG5YiH5pu/5qmf6IO9PGJyIC8+CuKXj0xFROODkOODg+OCr+ODqeOCpOODiDxiciAvPgril4/jg5Xjg6vlhYXpm7vmmYLjgYvjgonjgr3jg7zjg6njg7znmbrpm7vnhKHjgZfjga7nirbmhYvjgafjga7pp4bli5XmmYLplpM8YnIgLz4K5qmf6IO95L2/55So44Gu5aC05ZCI77ya57SEN+ODteaciDxiciAvPgrjg5Hjg6/jg7zjgrvjg7zjg5Pjg7PjgrDnirbmhYvjga7loLTlkIjvvJrntIQyM+ODteaciDxiciAvPjxiciAvPgrilqDjgIDjgrXjgqTjgrrjg7vntKDmnZDjgIDilqA8YnIgLz4K4peP44Kx44O844K544O744OZ44K844Or5p2Q6LOq77ya5qi56ISC77yP44K544OG44Oz44Os44K544K544OB44O844OrPGJyPgril4/jg5Djg7Pjg4nvvJrmqLnohII8YnI+CuKXj+eEoeapn+OCrOODqeOCuTxicj4K4peP44K144Kk44K677yISMOXV8OXRO+8ie+8mue0hDU2w5c0NsOXMTRtbTxicj4K4peP6YeN6YeP77ya57SEODhnPGJyPgo8YnI+CuKWoOOAgOeJueW+tOOAgOKWoDxiciAvPgoK4peP5Y+W5omx6Kqs5piO5pu4PGJyPgril4/lsILnlKhCT1g8YnI+CuKXj+W9k+W6lzHlubTkv53oqLw8YnI+CjxiciAvPgrigLvjgZPjgaHjgonjga7llYblk4Hjga/kuKbooYzovLjlhaXlk4Hjga7jgZ/jgoHplbfot53pm6LovLjpgIHjga7plqLkv4LjgaflsILnlKjjg5zjg4Pjgq/jgrnjga7lpJbnrrHjgavlgrfjgoTjgbjjgZPjgb/jgYzjgYLjgaPjgZ/jgZ/jgoHjgIHoqLPjgYLjgornibnkvqHjgajjgarjgaPjgabjgYrjgorjgb4g44GZ44CC5pmC6KiI5pys5L2T44Gv5bqX6aCt44Gr44KC5bGV56S644GX44Gm44GE44Gq44GE5paw5ZOB5pyq5L2/55So5ZOB44Gn44GZ44Gu44Gn44GU5a6J5b+D44GP44Gg44GV44GE44CCCgo8YnI+PGJyPuODluODqeODs+ODieWFrOW8j+OCteOCpOODiOaOsui8ieS+oeagvCA0NCwwMDDlhoYo56iO5YilKTxiciAvPgrjgZPjga7llYblk4Hjga/kuKbooYzovLjlhaXlk4Hjga7jgZ/jgoHjgIHmraPopo/ovLjlhaXku6PnkIblupfjgafos7zlhaXjgZXjgozjgZ/loLTlkIjjgajkv53oqLzlhoXlrrnjgYznlbDjgarjgovloLTlkIjjgYzjgYLjgorjgb7jgZnjgIIg5b2T5bqX44Gn5o+Q5L6b44GX44Gm44GE44KL5L+d6Ki85YaF5a6544Gv5b2T5bqXMeW5tOS/neiovOOBp+OBmeOAgjxiciAvPgoK5q+U6LyD5a++54Wn5ZWG5ZOB44Gu6Kmz57Sw44Gv77yw77yj55So44Oa44O844K444KS44GU5Y+C54Wn44GP44Gg44GV44GE44CCCgo8YnIgLz48YnIgLz7lm73lhoXjg6Ljg4fjg6sg5ZOB55WqOlBSVy0zNTAwWS00SkY8YnI+PGJyPiAmIzk2NTQ7IOOBk+OBruWVhuWTgeOBrueZuumAgeS6iOWumuaXpeOCkueiuuiqjeOBmeOCizxicj48aW1nIHNyYz0iaHR0cDovL2ltYWdlLnJha3V0ZW4uY28uanAvdG9rZWl0ZW4vY2FiaW5ldC9zcGgvZ3VpZGUtc3BoLWl0ZW0uZ2lmIiBib3JkZXI9IjAiIHdpZHRoPSIxMDAlIj4KPGJyIC8+PGJyIC8+CjxpbWcgc3JjPSJodHRwOi8vaW1hZ2UucmFrdXRlbi5jby5qcC90b2tlaXRlbi9jYWJpbmV0L3Jha3UtY2FtcGFpZ24vaWNvbi9mYXZvX3NwXzg1MC5naWYiIHdpZHRoPSIxMDAlIiAvPg==,Qk9Y6Kiz44GC44KKIOKYhemAgeaWmeeEoeaWmSBDQVNJTyDjgqvjgrfjgqogUFJPIFRSRUsg44OX44Ot44OI44Os44OD44KvIOOCv+ODlSDjgr3jg7zjg6njg7wg6Zu75rOi5pmC6KiIIOODoeODs+OCuiDohZXmmYLoqIggTVVMVEkgRklFTEQgTElORSDjg57jg6vjg4Hjg5Djg7Pjg4k2IOODl+ODreODiOODrOODg+OCryDpm7vms6Ig44K944O844Op44O8IFBSVy0zNTAwWS00IOa1t+WkluODouODh+ODqyDjgqrjg6zjg7Pjgrgg6KqV55Sf5pel44OX44Os44K844Oz44OIIOOCruODleODiO+8muWKoOiXpOaZguioiOW6l+OAgEfjgrfjg6fjg4Pjgq/mpb3lpKnluILloLTlupc=,Ry1TSE9DS+mbu+azouOCveODvOODqeODvCDpm7vms6Ljgr3jg7zjg6njg7zmmYLoqIjjgr3jg7zjg6njg7wg6Zu75rOiIOaZguioiO+8p+OCt+ODp+ODg+OCr+ios+OBguOCiuiFleaZguioiERJRVNFTCDjg4fjgqPjg7zjgrzjg6vjg5/jg6rjgr/jg6rjg7zjgqbjgqnjg4Pjg4HmmYLoqIhTRUlLT+OAgOOCu+OCpOOCs+ODvOODq+OCreOCoiBMVUtJQemZkOWumiDjg6zjgqLjgqvjgrjjg6XjgqLjg6vjgrnjg7Pjg4ggU1VVTlRP6YCB5paZ54Sh5paZV0VOR0VS44CA44Km44Kn44Oz44Ks44O8Q0lUSVpFTiDjgrfjg4Hjgrrjg7Pjg5njg5Pjg7zvvKcgQmFieS1H44Or44Of44OO44OD44Kv44K5IExVTUlOT1jjg5fjg63jg4jjg6zjg4Pjgq8gUFJPIFRSRUtCT1joqLPjgYLjgoog4piF6YCB5paZ54Sh5paZIENBU0lPIOOCq+OCt+OCqiBQUk8gVFJFSyDjg5fjg63jg4jjg6zjg4Pjgq8g44K/44OVIOOCveODvOODqeODvCDpm7vms6LmmYLoqIgg44Oh44Oz44K6IOiFleaZguioiCBNVUxUSSBGSUVMRCBMSU5FIOODnuODq+ODgeODkOODs+ODiTYg44OX44Ot44OI44Os44OD44KvIOmbu+azoiDjgr3jg7zjg6njg7wgUFJXLTM1MDBZLTQg5rW35aSW44Oi44OH44OrIOOCquODrOODs+OCuCDoqpXnlJ/ml6Xjg5fjg6zjgrzjg7Pjg4gg44Ku44OV44OI,44Kr44K344KqIENBU0lPIOODl+ODreODiOODrOODg+OCryBQUk9UUkVLIFBSVy0zNTAwWS0044CCQk9Y6Kiz44GC44KKIOKYhemAgeaWmeeEoeaWmSBDQVNJTyDjgqvjgrfjgqogUFJPIFRSRUsg44OX44Ot44OI44Os44OD44KvIOOCv+ODlSDjgr3jg7zjg6njg7wg6Zu75rOi5pmC6KiIIOODoeODs+OCuiDohZXmmYLoqIggTVVMVEkgRklFTEQgTElORSDjg57jg6vjg4Hjg5Djg7Pjg4k2IOODl+ODreODiOODrOODg+OCryDpm7vms6Ig44K944O844Op44O8IFBSVy0zNTAwWS00IOa1t+WkluODouODh+ODqyDjgqrjg6zjg7Pjgrgg6KqV55Sf5pel44OX44Os44K844Oz44OIIOOCruODleODiA==[rn]
16-122039,aHR0cDovL3RzaG9wLnIxMHMuanAvYmVsbC12YS9jYWJpbmV0LzA0ODEwMzM5LzA1MzIwMzEzL2ltZ3JjMDA2NTMxMzMyNy5qcGc/Zml0aW49NzAwOjcwMA==,NTA0MDAuMDAwMA==,,6IWV5pmC6KiIID4g44Oh44Oz44K66IWV5pmC6KiI,44CQ5Zu95YaF5q2j6KaP5ZOB44CR44CQ6YCB5paZ54Sh5paZ44CR44CQ44Ku44OV44OI5YyF6KOF5a++5b+c44CRQ0FTSU8gUFJPVFJFSyBQUlctNzAwMEZDLTFKRk1VTFRJIEZJRUxEIExJTkU=,Q0FTSU8g44Kr44K344KqIFBST1RSRUsg44OX44Ot44OI44Os44OD44KvIFBSVy03MDAwRkMtMUpGIOm7kiDjg5bjg6njg4Pjgq8=,4peL44Kx44O844K5PGJyPgrjg7vntKDmnZDvvJrmqLnohII8YnI+CuODu+W9oueKtu+8muODqeOCpuODs+ODieODleOCp+OCpOOCuTxicj4K44O744Ks44Op44K577ya54Sh5Y+N5bCE44Kz44O844OG44Kj44Oz44Kw44K144OV44Kh44Kk44Ki44Ks44Op44K5PGJyPgrjg7vnm7TlvoTjg7vluYXvvJo1LjJjbTxicj4K44O75Y6a77yaMTQuNW1tPGJyPgrjg7vjg5njgrzjg6vmnZDos6rvvJrjgrnjg4bjg7Pjg6zjgrnjgrnjg4Hjg7zjg6s8YnI+CuODu+aWh+Wtl+ebpOOCq+ODqeODvO+8muODluODqeODg+OCrzxicj4K4peL44OQ44Oz44OJPGJyPgrjg7vntKDmnZDvvJrmqLnohII8YnI+CuODu+eVmeOCgemHke+8muODgOODluODq+ODreODg+OCr+ODu+OCueODqeOCpOODieOCouOCuOODo+OCueODiOapn+ani+S7mOOBjeODr+ODs+ODl+ODg+OCt+ODpeS4ieOBpOaKmOOCjOW8j+S4reeVmTxicj4K44O76ZW344GV77ya57SEMTUuMH4yMi4wY208YnI+CuODu+OCq+ODqeODvO+8muODluODqeODg+OCrzxicj4K4peL54m55b60PGJyPgrjg7vooajnpLrjgr/jgqTjg5fvvJrjgqLjg4rjg4fjgrjooajnpLo8YnI+CuODuzIw5rCX5Zyn6Ziy5rC0PGJyPgrjg7vjg43jgqrjg5bjg6njgqTjg4g8YnI+CuODu+OBreOBmOODreODg+OCr+W8j+ODquODpeODvOOCujxicj4K44O744K/44OV44K944O844Op44O8PGJyPgril4vmqZ/og708YnI+CuODu+mbu+azouWPl+S/oeapn+iDvTxicj4K44O76Yed5L2N572u6Ieq5YuV6KOc5q2j5qmf6IO9PGJyPgrjg7vjg6/jg7zjg6vjg4njgr/jgqTjg6A8YnI+CuODu+aWueS9jeioiOa4rOapn+iDvTxicj4K44O75rCX5Zyn6KiI5ris5qmf6IO9PGJyPgrjg7vpq5jluqboqIjmuKzmqZ/og708YnI+CuODu+a4qeW6puioiOa4rOapn+iDvTxicj4K44O744K/44Kk44OJ44Kw44Op44OVPGJyPgrjg7vjg6Djg7zjg7Pjg4fjg7zjgr88YnI+IArjg7vjg5XjgqPjg4Pjgrfjg7PjgrDjgr/jgqTjg6A8YnI+IArjg7vml6Xjga7lh7rjg7vml6Xjga7lhaXmmYLliLvooajnpLo8YnI+CuODu+OCueODiOODg+ODl+OCpuOCquODg+ODgTxicj4K44O744K/44Kk44Oe44O8PGJyPgrjg7vmmYLliLvjgqLjg6njg7zjg6A8YnI+CuODu+mHnemAgOmBv+apn+iDvTxicj4K44O744OQ44OD44OG44Oq44O844Kk44Oz44K444Kx44O844K/44O86KGo56S6PGJyPgrjg7vjg5Hjg6/jg7zjgrvjg7zjg5Pjg7PjgrDmqZ/og708YnI+CuODu+ODleODq+OCquODvOODiOOCq+ODrOODs+ODgOODvDxicj4K44O7MTIvMjTmmYLplpPliLbooajnpLrliIfmm788YnI+CuODu+iAkOS9jua4qeS7leanmDxicj4K44O75pON5L2c6Z+zT04vT0ZG5YiH5pu/5qmf6IO9PGJyPgrjg7vjg4Djg5bjg6tMRUTjg5Djg4Pjgq/jg6njgqTjg4g8YnI+CuODu+aWh+Wtl+adv+eUqExFROODqeOCpOODiDxicj4K44O744OV44Or5YWF6Zu75pmC44GL44KJ44K944O844Op44O855m66Zu744Gq44GX44Gu54q25oWL44Gn44Gu6aeG5YuV5pmC6ZaTPGJyPgrjgIDmqZ/og73kvb/nlKjjga7loLTlkIjvvJrntIQ244O25pyIPGJyPgrjgIDjg5Hjg6/jg7zjgrvjg7zjg5Pjg7PjgrDnirbmhYvjga7loLTlkIjvvJrntIQyMeODtuaciDxicj48YnI+CgrigLsg6Zu75rOi5Y+X5L+h44GM6KGM44Gq44KP44KM44Gq44GE5aC05ZCI44Gv44CB6YCa5bi444Gu44Kv44Kq44O844OE57K+5bqm77yI5bmz5Z2H5pyI5beuwrExNeenku+8ieOBp+WLleS9nOOBl+OBvuOBmeOAgjxicj4K4oC7IOmrmOW6puioiOOBr+awl+Wcp+WkieWMluOCkumrmOW6puOBq+WkieaPm+OBmeOCi+ebuOWvvumrmOW6puioiOOBp+OBmeOAguawl+Wcp+OBjOawl+ixoeadoeS7tuOBq+OCiOOCiuWkieWMluOBmeOCi+OBqOOAgeioiOa4rOWApOOBrumrmOW6puOCguWkieWMluOBl+OBvuOBmeOAgjxicj4K4oC7IOWkluawl+a4qeOCkuioiOa4rOOBmeOCi+OBqOOBjeOBr+OAgeaZguioiOOCkuiFleOBi+OCieWkluOBl+OBpuOAgeS9k+a4qeOAgeaxlyjmsLTmu7Qp44CB55u05bCE5pel5YWJ44Gq44Gp44Gu5b2x6Z+/44KS5Y+X44GR44Gq44GE44KI44GG44Gr44GX44Gm44GP44Gg44GV44GE44CCPGJyPjxicj4KCuOCteOCpOOCuu+8iEjDl1fDl0TvvIkv6LOq6YeP77yaNTguN8OXNTIuM8OXMTQuNW1tLzEyNGc8YnI+,44CQ5Zu95YaF5q2j6KaP5ZOB44CR44CQ6YCB5paZ54Sh5paZ44CR44CQ44Ku44OV44OI5YyF6KOF5a++5b+c44CRQ0FTSU8gUFJPVFJFSyBQUlctNzAwMEZDLTFKRk1VTFRJIEZJRUxEIExJTkXvvJrjg5njg6vjg5Djgqvjg7Pjgrk=,44CQ5Zu95YaF5q2j6KaP5ZOB44CR44CQ6YCB5paZ54Sh5paZ44CR44CQ44Ku44OV44OI5YyF6KOF5a++5b+c44CRQ0FTSU8gUFJPVFJFSyBQUlctNzAwMEZDLTFKRk1VTFRJIEZJRUxEIExJTkU=,Q0FTSU8g44Kr44K344KqIFBST1RSRUsg44OX44Ot44OI44Os44OD44KvIFBSVy03MDAwRkMtMUpGIOm7kiDjg5bjg6njg4Pjgq/jgILjgJDlm73lhoXmraPopo/lk4HjgJHjgJDpgIHmlpnnhKHmlpnjgJHjgJDjgq7jg5Xjg4jljIXoo4Xlr77lv5zjgJFDQVNJTyBQUk9UUkVLIFBSVy03MDAwRkMtMUpGTVVMVEkgRklFTEQgTElORQ==[rn]
16-122040,aHR0cDovL3RzaG9wLnIxMHMuanAvYWluZWt1c3UvY2FiaW5ldC8wMjc0OTEwMC8wMzMxNTQyNS9pbWc1OTM3ODk3NC5qcGc/Zml0aW49NzAwOjcwMA==,NTE4LjQwMDA=,,6IWV5pmC6KiIID4g44Oh44Oz44K66IWV5pmC6KiI,44K344Oz44OX44Or44OW44Op44OD44Kv6IWV5pmC6KiIICDjgJDjg5bjg6njg4Pjgq/jgJE=,5bqX5YaF6KSH5pWw44Ko44Oz44OI44Oq44O8UFTmnIDlpKcyM+WAjeODgeODo+ODs+OCue+8gTQvMTcgMjM6NTnjgb7jgac=,5paH5a2X55ukQklH44K144Kk44K6PGJyIC8+CuOCt+ODs+ODl+ODq+ODluODqeODg+OCr+iFleaZguioiA==,44K344Oz44OX44Or44OW44Op44OD44Kv6IWV5pmC6KiIICDjgJDjg5bjg6njg4Pjgq/jgJHvvJrjgqLjg4Pjg4jjg57jg4Pjgq/jgrnvvKA=,Y24tZ3A1NTBk44Od44O844K/44OW44Or6Zu75rqQ44Ks44O844OH44Oz44OQ44Oq44Ki44K044Oq44Op44K744OD44OI44Ki44OD44OX6L68NDBiMTls44OJ44Op44Kk44OW44Os44Kz44O844OA44O844Kr44O844OK44OT44Ky44O844K344On44Oz44Ov44Kz44O844K6IEdEWOOCtOODquODqeODrOODvOODgOODvOaOouefpeapn+mdmemfs+ioiOeUuzEwMGQyM2zjgrXjg7zjgq3jg6Xjg6zjg7zjgr/jg7zjgrjjg6Pjg7Pjg5fjgrnjgr/jg7zjgr/jg7zjgqvjg7zjg5Djg4Pjg4bjg6rjg7xjYXJyb3p6ZXJpYeOCuOOCp+ODs+ODiOOCueOCqOOCouOCs+ODs+OCrOOCueOCt+ODs+ODl+ODq+ODluODqeODg+OCr+iFleaZguioiCAg44CQ44OW44Op44OD44Kv44CR,5bqX5YaF6KSH5pWw44Ko44Oz44OI44Oq44O8UFTmnIDlpKcyM+WAjeODgeODo+ODs+OCue+8gTQvMTcgMjM6NTnjgb7jgafjgILjgrfjg7Pjg5fjg6vjg5bjg6njg4Pjgq/ohZXmmYLoqIggIOOAkOODluODqeODg+OCr+OAkQ==[rn]
16-122041,aHR0cDovL3RzaG9wLnIxMHMuanAvYWluZWt1c3UvY2FiaW5ldC8wMjc0OTEwMC8wMzMxNTQyNS9pbWc1OTM3OTAxMy5qcGc/Zml0aW49NzAwOjcwMA==,NjA4LjAwMDA=,,6IWV5pmC6KiIID4g44Oh44Oz44K66IWV5pmC6KiI,44Oq44Oc44Oz44OH44K244Kk44Oz6IWV5pmC6KiIICDjgJBibHVlw5d3aGl0ZcOXcmVk44CR,5bqX5YaF6KSH5pWw44Ko44Oz44OI44Oq44O8UFTmnIDlpKcyM+WAjeODgeODo+ODs+OCue+8gTQvMTcgMjM6NTnjgb7jgac=,5LyR5pel44Gr44KC5rCX6Lu944Gr5Y+W44KK5YWl44KM44KJ44KM44KL44Oq44Oc44Oz6IWV5pmC6KiIPGJyPgrjg6rjg5zjg7Pjg4fjgrbjgqTjg7Pjga/jgqvjg6njg5Xjg6vjgarvvJXnqK7poZ7vvIE8YnI+,44Oq44Oc44Oz44OH44K244Kk44Oz6IWV5pmC6KiIICDjgJBibHVlJnRpbWVzO3doaXRlJnRpbWVzO3JlZOOAke+8muOCouODg+ODiOODnuODg+OCr+OCue+8oA==,Y24tZ3A1NTBk44Od44O844K/44OW44Or6Zu75rqQ44Ks44O844OH44Oz44OQ44Oq44Ki44K044Oq44Op44K744OD44OI44Ki44OD44OX6L68NDBiMTls44OJ44Op44Kk44OW44Os44Kz44O844OA44O844Kr44O844OK44OT44Ky44O844K344On44Oz44Ov44Kz44O844K6IEdEWOOCtOODquODqeODrOODvOODgOODvOaOouefpeapn+mdmemfs+ioiOeUuzEwMGQyM2zjgrXjg7zjgq3jg6Xjg6zjg7zjgr/jg7zjgrjjg6Pjg7Pjg5fjgrnjgr/jg7zjgr/jg7zjgqvjg7zjg5Djg4Pjg4bjg6rjg7xjYXJyb3p6ZXJpYeOCuOOCp+ODs+ODiOOCueOCqOOCouOCs+ODs+OCrOOCueODquODnOODs+ODh+OCtuOCpOODs+iFleaZguioiCAg44CQYmx1ZSZ0aW1lczt3aGl0ZSZ0aW1lcztyZWTjgJE=,5bqX5YaF6KSH5pWw44Ko44Oz44OI44Oq44O8UFTmnIDlpKcyM+WAjeODgeODo+ODs+OCue+8gTQvMTcgMjM6NTnjgb7jgafjgILjg6rjg5zjg7Pjg4fjgrbjgqTjg7PohZXmmYLoqIggIOOAkGJsdWUmdGltZXM7d2hpdGUmdGltZXM7cmVk44CR[rn]
16-122042,aHR0cDovL3RzaG9wLnIxMHMuanAvYWluZWt1c3UvY2FiaW5ldC8wMjc0OTEwMC8wMzMxNTQyNS9pbWc1OTM3OTAxNS5qcGc/Zml0aW49NzAwOjcwMA==,NjA4LjAwMDA=,,6IWV5pmC6KiIID4g44Oh44Oz44K66IWV5pmC6KiI,44Oq44Oc44Oz44OH44K244Kk44Oz6IWV5pmC6KiIICDjgJB3aGl0ZcOXYmx1ZeOAkQ==,5bqX5YaF6KSH5pWw44Ko44Oz44OI44Oq44O8UFTmnIDlpKcyM+WAjeODgeODo+ODs+OCue+8gTQvMTcgMjM6NTnjgb7jgac=,5LyR5pel44Gr44KC5rCX6Lu944Gr5Y+W44KK5YWl44KM44KJ44KM44KL44Oq44Oc44Oz6IWV5pmC6KiIPGJyPgrjg6rjg5zjg7Pjg4fjgrbjgqTjg7Pjga/jgqvjg6njg5Xjg6vjgarvvJXnqK7poZ7vvIE8YnI+,44Oq44Oc44Oz44OH44K244Kk44Oz6IWV5pmC6KiIICDjgJB3aGl0ZSZ0aW1lcztibHVl44CR77ya44Ki44OD44OI44Oe44OD44Kv44K577yg,Y24tZ3A1NTBk44Od44O844K/44OW44Or6Zu75rqQ44Ks44O844OH44Oz44OQ44Oq44Ki44K044Oq44Op44K744OD44OI44Ki44OD44OX6L68NDBiMTls44OJ44Op44Kk44OW44Os44Kz44O844OA44O844Kr44O844OK44OT44Ky44O844K344On44Oz44Ov44Kz44O844K6IEdEWOOCtOODquODqeODrOODvOODgOODvOaOouefpeapn+mdmemfs+ioiOeUuzEwMGQyM2zjgrXjg7zjgq3jg6Xjg6zjg7zjgr/jg7zjgrjjg6Pjg7Pjg5fjgrnjgr/jg7zjgr/jg7zjgqvjg7zjg5Djg4Pjg4bjg6rjg7xjYXJyb3p6ZXJpYeOCuOOCp+ODs+ODiOOCueOCqOOCouOCs+ODs+OCrOOCueODquODnOODs+ODh+OCtuOCpOODs+iFleaZguioiCAg44CQd2hpdGUmdGltZXM7Ymx1ZeOAkQ==,5bqX5YaF6KSH5pWw44Ko44Oz44OI44Oq44O8UFTmnIDlpKcyM+WAjeODgeODo+ODs+OCue+8gTQvMTcgMjM6NTnjgb7jgafjgILjg6rjg5zjg7Pjg4fjgrbjgqTjg7PohZXmmYLoqIggIOOAkHdoaXRlJnRpbWVzO2JsdWXjgJE=[rn]
16-122043,aHR0cDovL3RzaG9wLnIxMHMuanAvZ29sZC9zd2F0Y2hvZmZpY2lhbC9pbWFnZXMvaXRlbXMvdGh1bWIvWkZMTlAwMjFfZmEwMDBfc3IxMC5qcGc/Zml0aW49NzAwOjcwMA==,NDEwNC4wMDAw,,6IWV5pmC6KiIID4g44Oh44Oz44K66IWV5pmC6KiI,44OV44Oq44OD44Kv44OV44Op44OD44KvIEZsaWsgRmxhayDohZXmmYLoqIgg44CQ5YWs5byP44K544OI44Ki44CRIFNQSURFUk1BTiBb44K544OR44Kk44OA44O844Oe44OzXSBGTE5QMDIxIOmAgeaWmeeEoeaWmQ==,RkxJSyBGTEFLIEZSSUVORFMgJmFtcDsgSEVST0VTIOOCueOCpuOCqeODg+ODgSDjgq3jg4Pjgro=,PHRhYmxlPjx0cj48dGQ+44Og44O844OW44Oh44Oz44OIIDo8L3RkPjx0ZD4g44Kv44Kq44O844OEPC90ZD48L3RyPjx0cj48dGQ+5aSW6KOF44OR44OD44Kx44O844K4IDogPC90ZD48dGQ+44Ku44OV44OI44Oc44OD44Kv44K5PC90ZD48L3RyPjx0cj48dGQ+6Ziy5rC0IDo8L3RkPjx0ZD4gMyDmsJflnKfpmLLmsLQ8L3RkPjwvdHI+PHRyPjx0ZD7oibLjga7liIbpoZ4gOiA8L3RkPjx0ZD7jg6zjg4Pjg4k8L3RkPjwvdHI+PHRyPjx0ZD7jg5njg6vjg4joibIgOiA8L3RkPjx0ZD7jg6zjg4Pjg4k8L3RkPjwvdHI+PHRyPjx0ZD7jg5njg6vjg4jntKDmnZAgOiA8L3RkPjx0ZD7jg5XjgqHjg5bjg6rjg4Pjgq88L3RkPjwvdHI+PHRyPjx0ZD7jg5Djg4Pjgq/jg6vntKDmnZAgOiA8L3RkPjx0ZD7jg5fjg6njgrnjg4Hjg4Pjgq88L3RkPjwvdHI+PHRyPjx0ZD7jg5Djg4Pjgq/jg6sgOiA8L3RkPjx0ZD7jg5Djg4Pjgq/jg6s8L3RkPjwvdHI+PHRyPjx0ZD7jg4DjgqTjgqLjg6voibIgOiA8L3RkPjx0ZD7jg5bjg6njg4Pjgq88L3RkPjwvdHI+PHRyPjx0ZD7jgrHjg7zjgrnoibIgOiA8L3RkPjx0ZD7jg5bjg6njg4Pjgq88L3RkPjwvdHI+PHRyPjx0ZD7jgrHjg7zjgrnlvaLnirYgOiA8L3RkPjx0ZD7jg6njgqbjg7Pjg4k8L3RkPjwvdHI+PHRyPjx0ZD7jgrHjg7zjgrnntKDmnZAgOiA8L3RkPjx0ZD7jg5fjg6njgrnjg4Hjg4Pjgq88L3RkPjwvdHI+PHRyPjx0ZD7kv53oqLwgOiA8L3RkPjx0ZD4yNOODtuaciOS/neiovDwvdGQ+PC90cj48dHI+PHRkPuOCseODvOOCuSA6IDwvdGQ+PHRkPuW5hSAzMS44NSBtbSDljpogOiA5LjI1IG1tIOmrmCA6IDMwLjYwIG1tPC90ZD48L3RyPjwvdGFibGU+PGJyIC8+PGJyIC8+PGltZyBzcmM9Imh0dHA6Ly93d3cucmFrdXRlbi5uZS5qcC9nb2xkL3N3YXRjaG9mZmljaWFsL2ltYWdlcy8yMDE3MDMyM19ibnJfaW1nX3NwZGV0YWlsLmdpZiIgYWx0PSIxMjowMOOBvuOBp+OBruOBlOazqOaWh+OBp+WNs+aXpeeZuumAgSI+,44OV44Oq44OD44Kv44OV44Op44OD44KvIEZsaWsgRmxhayDohZXmmYLoqIgg44CQ5YWs5byP44K544OI44Ki44CRIFNQSURFUk1BTiBb44K544OR44Kk44OA44O844Oe44OzXSBGTE5QMDIxIOmAgeaWmeeEoeaWme+8muOCueOCpuOCqeODg+ODgeWFrOW8j+OCquODs+ODqeOCpOODs+OCueODiOOCog==,U3dhdGNo44K544Km44Kp44OD44OB44K544Kk44K55pmC6KiI6IWV5pmC6KiI5YWs5byP44Kq44Oz44Op44Kk44Oz44K544OI44Ki44OV44Oq44OD44Kv44OV44Op44OD44KvIEZsaWsgRmxhayDohZXmmYLoqIgg44CQ5YWs5byP44K544OI44Ki44CRIFNQSURFUk1BTiBb44K544OR44Kk44OA44O844Oe44OzXSBGTE5QMDIxIOmAgeaWmeeEoeaWmQ==,RkxJSyBGTEFLIEZSSUVORFMgJmFtcDsgSEVST0VTIOOCueOCpuOCqeODg+ODgSDjgq3jg4PjgrogIOOAguODleODquODg+OCr+ODleODqeODg+OCryBGbGlrIEZsYWsg6IWV5pmC6KiIIOOAkOWFrOW8j+OCueODiOOCouOAkSBTUElERVJNQU4gW+OCueODkeOCpOODgOODvOODnuODs10gRkxOUDAyMSDpgIHmlpnnhKHmlpk=[rn]
16-122044,aHR0cDovL3RzaG9wLnIxMHMuanAvY2xvemVzdC9jYWJpbmV0LzAxMTc4MzkyL2JzMTE4ZC5qcGc/Zml0aW49NzAwOjcwMA==,Nzk5Mi4wMDAw,,6IWV5pmC6KiIID4g44Oh44Oz44K66IWV5pmC6KiI,44OZ44Oz44K344Oj44O844Oe44OzIEJlbiBTaGVybWFuIOiFleaZguioiCDjg4Djg7zjgq/jg5bjg6vjg7zjg5XjgqfjgqTjgrkg5YaG5b2iIDE3U1Mg5paw5L2cIOaYpeeJqSDjg6Hjg7Pjgrog44Oi44OD44K6IOOCruODleODiA==,44CQ6YCB5paZ54Sh5paZ44CRIOODmeODs+OCt+ODo+ODvOODnuODsyBCZW4gU2hlcm1hbiDohZXmmYLoqIg=,44Ku44OV44OI5YyF6KOF54Sh5paZ44Gn44GZIDxicj48YnI+PGNlbnRlcj4KPGltZyB3aWR0aD0iMTAwJSIgYm9yZGVyPSIwInNyYz0iaHR0cDovL2ltYWdlLnJha3V0ZW4uY28uanAvY2xvemVzdC9jYWJpbmV0LzAxMTc4MzkyL2JzMTE4ZS5qcGciPgoKPGltZyB3aWR0aD0iMTAwJSIgYm9yZGVyPSIwInNyYz0iaHR0cDovL2ltYWdlLnJha3V0ZW4uY28uanAvY2xvemVzdC9jYWJpbmV0LzAxMTc4MzkyL2JzMTE4Zi5qcGciPgo8YnI+Cjxicj4K44Oi44OD44K657O744OW44Op44Oz44OJ44Gu5Luj5ZCN6KmePGJyPgpCZW4gU2hlcm1hbuODmeODs+OCt+ODo+ODvOODnuODs+OBruiFleaZguioiOOBp+OBmeOAgjxicj4KPGJyPgrmt7Hjgb/jga7jgYLjgovjg4Djg7zjgq/jg5bjg6vjg7zjg5XjgqfjgqTjgrnjgII8YnI+CuS9meioiOOBquijhemjvuOCkuecgeOBjeOAgeOCt+ODs+ODl+ODq+OBleOBq+OBk+OBoOOCj+OBo+OBn+ODleOCp+OCpOOCueOBrzxicj4K44OT44K444ON44K544GL44KJ44Kr44K444Ol44Ki44Or44G+44Gn44K544K/44Kk44Or44KS5ZWP44KP44Ga44GK5L2/44GE6aCC44GR44G+44GZ44CCPGJyPgrjg5Djg7Pjg4npg6jjga/jgrXjg5PjgavlvLfjgYTjgrnjg4bjg7Pjg6zjgrnjgrnjg4bjgqPjg7zjg6vjg5njg6vjg4jjgpLkvb/nlKjjgZfjgabjgYTjgb7jgZnjgII8YnI+CuODleOCp+OCpOOCueOBq+OBr+OBleOCiuOBkuOBquOBj+ODluODqeODs+ODieODreOCtOOBruWIu+WNsOWFpeOCiuOAgjxicj4KPGJyPgrmloflrZfnm6Tjga/opovjgoTjgZnjgY/jgIHmp5jjgIXjgarjgrPjg7zjg4fjgavjgoLlj5bjgorlhaXjgozjgoTjgZnjgY/jgYrjgrnjgrnjg6HjgafjgZnjgII8YnI+CumrmOe0muaEn+a6ouOCjOOCi+ODh+OCtuOCpOODs+OChOS9nOOCiuOBjOOCruODleODiOOBqOOBl+OBpuOCguWWnOOBsOOCjOOCi+OBk+OBqOmWk+mBleOBhOOBquOBl+OAgjxicj4KPGJyPgrjgJDllYblk4HoqbPntLDjgJE8YnI+Cjxicj4K5YWo6ZW3OjIzLjVjbSjoqr/nr4Dlj6/og73jgafjgZkpPGJyPgo8YnI+CuaZguioiOaWh+Wtl+ebpOOCteOCpOOCuuOAgDxicj4KNC4wY20geCA0LjBjbTxicj4KKOOCv+ODhsOX44Oo44KzKTxicj4KPGJyPgrjg4Djg7zjgq/jg5bjg6vjg7zjg5XjgqfjgqTjgrk8YnI+CuOCueODhuODs+ODrOOCueOCueODhuOCo+ODvOODq+ODmeODq+ODiDxicj4K55Sf5rS76Ziy5rC0PGJyPgo8YnI+CkJPWOS7mOOBjTxicj4K5YWo5Zu95LiA5b6L6YCB5paZ54Sh5paZPGJyPgo8YnI+CjwvY2VudGVyPgo8Y2VudGVyPgo8YnI+CkJlbiBTaGVybWFuIOiFleaZguioiOS4gOimp+OBr+OBk+OBoeOCie+8gTxicj4KPGJyPgpCZW4gU2hlcm1hbiDkuIDopqfjga/jgZPjgaHjgonvvIE8YnI+CjwvY2VudGVyPgo8YnI+Cjxicj4KCjxpbWcgd2lkdGg9IjEwMCUiIHNyYz0iaHR0cDovL2ltYWdlLnJha3V0ZW4uY28uanAvX29zYWthMDIvY2FiaW5ldC9ob21lL2ltZ3JjMDA2Njg5NzU2OC5qcGciIGFsdD0iIj4=,44OZ44Oz44K344Oj44O844Oe44OzIEJlbiBTaGVybWFuIOiFleaZguioiCDjg4Djg7zjgq/jg5bjg6vjg7zjg5XjgqfjgqTjgrkg5YaG5b2iIDE3U1Mg5paw5L2cIOaYpeeJqSDjg6Hjg7Pjgrog44Oi44OD44K6IOOCruODleODiO+8mkNMT1pFU1Qg44Oi44OD44K644Oh44Oz44K644Os44OH44Kj44O844K5,44OV44Os44OD44OJ44Oa44Oq44O8RnJlZCBQZXJyeUJlbiBTaGVybWFu44OZ44Oz44K344Oj44O844Oe44Oz44Oh44Or44KvbWVyY+ODleODq+ODiOODs0Z1bHRvbuODreODvOOCr0xvYWtl44K444On44Oz44K544OI44Oz44K644Oi44OD44K644OV44Kh44OD44K344On44Oz44OE44Kk44O844OJ44Of44Or44Oi44OD44K65YKY44Os44OH44Kj44O844K544Oh44Oz44K66YCa6LKp44OQ44Op44Kv44O844K/44OQ44OW44Ki44O844OZ44Oz44K344Oj44O844Oe44OzIEJlbiBTaGVybWFuIOiFleaZguioiCDjg4Djg7zjgq/jg5bjg6vjg7zjg5XjgqfjgqTjgrkg5YaG5b2iIDE3U1Mg5paw5L2cIOaYpeeJqSDjg6Hjg7Pjgrog44Oi44OD44K6IOOCruODleODiA==,44CQ6YCB5paZ54Sh5paZ44CRIOODmeODs+OCt+ODo+ODvOODnuODsyBCZW4gU2hlcm1hbiDohZXmmYLoqIgg44CC44OZ44Oz44K344Oj44O844Oe44OzIEJlbiBTaGVybWFuIOiFleaZguioiCDjg4Djg7zjgq/jg5bjg6vjg7zjg5XjgqfjgqTjgrkg5YaG5b2iIDE3U1Mg5paw5L2cIOaYpeeJqSDjg6Hjg7Pjgrog44Oi44OD44K6IOOCruODleODiA==[rn]
16-122045,aHR0cDovL3RzaG9wLnIxMHMuanAvc2Fuc2hpbi9jYWJpbmV0LzAwNjk0MjEzL2ltZzU5MDcwMjM2LmpwZz9maXRpbj03MDA6NzAw,NTc2MC4wMDAw,,6IWV5pmC6KiIID4g44Oh44Oz44K66IWV5pmC6KiI,44CQ44Od44Kk44Oz44OIMTDlgI3vvIEgNC8xN++8iOaciO+8iTk6NTnjgb7jgafjgJFLQydTIO+8iOOCseOCpOOCt+OCpOOCuu+8iSDjg6zjgrbjg7zjg5bjg6zjgrnjgqbjgqnjg4Pjg4Eo5pmC6KiIKSAtM+OCs+ODs+ODgeODpy0gS1NSMDAxL0tTUjUwMSDjgJDpgIHmlpnnhKHmlpnjgJHjg5fjg6zjgrzjg7Pjg4gg44Ku44OV44OI,,S0MnU+OBruODrOOCtuODvOODluODrOOCueOCpuOCqeODg+ODgeOAgjxCUj48QlI+CgrjgqLjg6Hjg6rjgqvjgaflrp/pmpvjgavkvb/nlKjjgZXjgozjgabjgYTjgZ8144K744Oz44OI44Kz44Kk44Oz44KS44CB44Kz44Oz44OB44On44Go44GX44Gm5L2/55So44CCPEJSPjxCUj4KCuaZguioiOOBqOOBl+OBpuOBruapn+iDveOBr+OCguOBoeOCjeOCk+OAgeODrOOCtuODvOODluODrOOCueODrOODg+ODiOaEn+immuOBp+OBlOS9v+eUqOOBhOOBn+OBoOOBkeOBvuOBmeOAgjxCUj48QlI+Cgrjgb7jgZ/jgIHpnanjga7oo4Hmlq3pnaLjga/ogbfkurrjgYzkuIDovrrkuIDovrrjgIHmmYLplpPjgpLmjpvjgZHkuIHlr6fjgavno6jjgY3kuIrjgZLoibbjgpLlh7rjgZfjgabjgYTjgb7jgZnjgII8QlI+CuS9v+OBhOi+vOOCgOOBhuOBoeOBq+WRs+OBjOWHuuOBvuOBmeOBruOBp+OAgeOBjeOBo+OBqOOBiuawl+OBq+WFpeOCiuOBruOCouOCpOODhuODoOOBq+OBquOCiuOBvuOBmeOCiOOAgjxCUj48QlI+CgrnlLfmgKflpbPmgKfllY/jgo/jgZrjgIHjgZTmhJvnlKjjgYTjgZ/jgaDjgZHjgb7jgZnimao8QlI+PEJSPgoK44GK5aW944G/44Gu5paH5a2X55uk44Gr5Lqk5o+b44Gn44GN44G+44GZ4pmqPEJSPuOAkOaWh+Wtl+ebpOS4gOimp+OBr+OBk+OBoeOCieOAkTxCUj48QlI+Cumbu+axoOOBruS6pOaPm+OBr+aZguioiOW6l+OBp+OBp+OBjeOBvuOBmeOCiOOAgjxCUj48SFI+Cgrjg7vntKDmnZDvvJrjg6zjgrbjg7zvvIjniZvpnanvvIk8QlI+CuODu+mBqeW/nOOCteOCpOOCuu+8iOiFleWRqOOCiu+8ie+8mjE2Y23vvZ4xOGNtICgy5q616ZqO6Kq/56+A77yJPEJSPjxCUj4KCjxJTUcgU1JDPSJodHRwOi8vaW1hZ2UucmFrdXRlbi5jby5qcC9zYW5zaGluL2NhYmluZXQvaW1nMDQ3NzM5MjMuanBnIj7plqLpgKPllYblk4E8QlI+CuODu0tDJ1MgLeODgOOCpOODpOOCueODhuODg+ODgSDjg6zjgrbjg7zjg5bjg6zjgrnjgqbjgqnjg4Pjg4EtIOOCguimi+OBpuOBv+OCizxCUj4K44O7S0MnUyAtM+OCs+ODs+ODgeODpyDjg6zjgrbjg7zjg5bjg6zjgrnjgqbjgqnjg4Pjg4Ev44K/44O844Kz44Kk44K65paH5a2X55uk5LuV5qeYLSDjgoLopovjgabjgb/jgos8QlI+CjxJTUcgc3JjPSJodHRwOi8vaW1hZ2UucmFrdXRlbi5jby5qcC9zYW5zaGluL2NhYmluZXQvaW1nMDQ3NzM5MjMuanBnIj7jgqvjg4bjgrTjg6rjg7zliKU8QlI+CuODu+aZguioiOOAgeODluODrOOCueODrOODg+ODiCDjgafmjqLjgZk8QlI+CuODu+iyoeW4gyDjgoLopovjgabjgb/jgos8QlI+PEJSPgoK4pagIOaWsOWFpeiNt+mAn+WgseOBr+OBk+OBoeOCiTxCUj4K4pagUe+8hkHvvJrjgZTliKnnlKjjgqzjgqTjg4k=,44CQ44Od44Kk44Oz44OIMTDlgI3vvIEgNC8xN++8iOaciO+8iTk6NTnjgb7jgafjgJFLQydTIO+8iOOCseOCpOOCt+OCpOOCuu+8iSDjg6zjgrbjg7zjg5bjg6zjgrnjgqbjgqnjg4Pjg4Eo5pmC6KiIKSAtM+OCs+ODs+ODgeODpy0gS1NSMDAxL0tTUjUwMSDjgJDpgIHmlpnnhKHmlpnjgJHjg5fjg6zjgrzjg7Pjg4gg44Ku44OV44OI77yaSkVBTlMtU0FOU0hJTg==,bGV2aSdzIGplYW5zIOODquODvOODkOOCpOOCuSDjgrjjg7zjg7Pjgrog44OH44OL44OgIOOCuOODvOODkeODsyBH44OR44OzIGxldmlzIDUwMSA1MDIgNTAzIDUxN0VEV0lOIOOCqOODieOCpuOCo+ODsyDjgqjjg4njgqTjg7Mg44Kv44O844OrIOOCuOODo+ODvOOCuOODvOOCuiDmmpbjgYvjgYQg5pqW44OR44OzIHNhbGUg44K744O844OrIDUwMyB3aWxkIGZpcmUg44Ov44Kk44Or44OJ44OV44Kh44Kk44Ok44O844Ki44OT44Os44OD44Kv44K5IOODleODqeOCpOODiOOCuOODo+OCseODg+ODiCBBVklSRVgg44Ki44O044Kj44Os44OD44Kv44K5IOODn+ODquOCv+ODquODvCBBTFBIQSBNQS0xIOOCouODq+ODleOCoSDjgqLjg6vjg5XjgqHjg7wg44Of44Oq44K/44Oq44O8IE1BLTEgTUExIE4tM0IgTjNCIE4tMkIgTjJCIOOCv+ODs+OCq+ODvOOCuSDjg5Xjg6njgqTjg4jjgrjjg6PjgrHjg4Pjg4hDaGFtcGlvbiDjg4Hjg6Pjg7Pjg5Tjgqrjg7Mg44Ki44Oh44Kr44K4IOOCueOCpuOCp+ODg+ODiCDjg4jjg6zjg7zjg4rjg7wg44OR44O844Kr44O8IFTjgrfjg6Pjg4RsZWUgamVhbnMg44Oq44O8IOOCuOODvOODs+OCuiDjg5bjg7zjg4Tjgqvjg4Pjg4gg44OZ44Or44Oc44OI44OgIDIwMSAxMDEgMjAyIDIwNSAyMDBzYWxlIOOCu+ODvOODqyDlronjgYQg5rWB6KGMIOOBr+OChOOCiiDjgYrjgZfjgoPjgowg44KC44Gm44KLIOiEmumVtyDjgrfjg6vjgqjjg4Pjg4ggVOOCt+ODo+ODhCDjg53jg63jgrfjg6Pjg4Qg44Ot44OzVCDplbfoopZU44K344Oj44OEIOOCuOODo+OCseODg+ODiCDjgqLjgqbjgr/jg7wg44OA44Km44OzIOOCs+ODvOODiCDpmLLlr5Ig44K344Oj44OEIOOCquODg+OCr+OCueODleOCqeODvOODiSBhdmlyZXggTUEtMSBiLTMgYS0yIOODqeOCpOODgOODvOOCuSBzY2hvdHQg44K344On44OD44OIIOODqeOCpOODgOODvOOCuSDpnanjgrjjg6Pjg7Mg44Os44K244O844K444Oj44Kx44OD44OIIHVzYSDjg5Tjg7zjgrPjg7zjg4gg44OA44OD44OV44OrIOOCquODvOODkOODvOOCquODvOODqyDjgqrjg7zjg6vjgqTjg7Pjg6/jg7Mg44OE44OK44KuIOODmuODs+OCv+ODvOODkeODs+ODhCDjgrXjg63jg5rjg4Pjg4gg5L2c5qWt552AIOOCqOODs+OCuOODi+OCoiDku5XkuovnnYBNQS0xIE4tM0IgTS02NSBOLTEgbTY1IG4x44Ob44Ov44Kk44OI44OH44OL44OgIOODluODqeODg+OCr+ODh+ODi+ODoCDjgqvjg6njg7wg44OB44OO44OR44Oz44OEIOODgeODjuODkeODsyDjgqvjg7zjgrTjg5Hjg7Pjg4Tjgrnjgq3jg4vjg7wg44OG44O844OR44O844OJIOOCv+OCpOODiCDjgbXjgaTjgYYg44KG44Gj44Gf44KK6YCa5L+h6LKp5aOyIOmAmuiyqSDjg6Tjg57jg4jpgYvovLhob3VzdG9uIOODkuODpeODvOOCueODiOODsyDjg5/jg6rjgr/jg6rjg7wgbS01MSBtNTEg5pmC6KiIIOODluODrOOCueODrOODg+ODiCDosqHluIMg5bi95a2QIOODj+ODg+ODiCDjgqbjgqnjg6zjg4Pjg4gg44Kt44O844Ob44Or44OA44O8IOeBsOeav+ODh+ODi+ODoCDjgqvjg7zjgrTjg5Hjg7Pjg4Qg44K344On44O844OI44OR44Oz44OEIOOCr+ODreODg+ODl+ODieODkeODs+ODhCA35YiG5LiIIDXliIbkuIgg44Gv44KT44Gx5LiI44OZ44Or44Oc44OI44OgIOODluODvOODhOOCq+ODg+ODiCDjg5Xjg6zjgqLjg7zjg5/jg6rjgr/jg6rjg7wg44Ov44O844KvIOODk+ODs+ODhuODvOOCuOOAkOODneOCpOODs+ODiDEw5YCN77yBIDQvMTfvvIjmnIjvvIk5OjU544G+44Gn44CRS0MnUyDvvIjjgrHjgqTjgrfjgqTjgrrvvIkg44Os44K244O844OW44Os44K544Km44Kp44OD44OBKOaZguioiCkgLTPjgrPjg7Pjg4Hjg6ctIEtTUjAwMS9LU1I1MDEg44CQ6YCB5paZ54Sh5paZ44CR44OX44Os44K844Oz44OIIOOCruODleODiA==,44CQ44Od44Kk44Oz44OIMTDlgI3vvIEgNC8xN++8iOaciO+8iTk6NTnjgb7jgafjgJFLQydTIO+8iOOCseOCpOOCt+OCpOOCuu+8iSDjg6zjgrbjg7zjg5bjg6zjgrnjgqbjgqnjg4Pjg4Eo5pmC6KiIKSAtM+OCs+ODs+ODgeODpy0gS1NSMDAxL0tTUjUwMSDjgJDpgIHmlpnnhKHmlpnjgJHjg5fjg6zjgrzjg7Pjg4gg44Ku44OV44OI[rn]
16-122046,aHR0cDovL3RzaG9wLnIxMHMuanAvc2Fuc2hpbi9jYWJpbmV0LzAwNjk0MjEzL2ltZzU5MDcwMjMxLmpwZz9maXRpbj03MDA6NzAw,ODA4MC4wMDAw,,6IWV5pmC6KiIID4g44Oh44Oz44K66IWV5pmC6KiI,44CQ44Od44Kk44Oz44OIMTDlgI3vvIEgNC8xN++8iOaciO+8iTk6NTnjgb7jgafjgJFLQydTICjjgrHjgqTjgrfjgqTjgropIOODrOOCtuODvOODluODrOOCueOCpuOCqeODg+ODgSAo5pmC6KiIKSAz44Kz44Oz44OB44OnIC3jgq/jg6njg5Xjg4gv44OE44O844Oq44Oz44Kw44Os44K244O8LSBLUFIwMDUvS1BSNTA1IOOAkOmAgeaWmeeEoeaWmeOAkeODl+ODrOOCvOODs+ODiCDjgq7jg5Xjg4g=,,44Ki44Oh44Oq44Kr44Gn5a6f6Zqb44Gr5L2/55So44GV44KM44Gm44GE44GfNeOCu+ODs+ODiOOCs+OCpOODs+OCkuOAgeOCs+ODs+ODgeODp+OBqOOBl+OBpuS9v+eUqOOAgjxCUj48QlI+CgrmmYLoqIjjgajjgZfjgabjga7mqZ/og73jga/jgoLjgaHjgo3jgpPjgIHjg6zjgrbjg7zjg7vjg5bjg6zjgrnjg6zjg4Pjg4jmhJ/opprjgafjgZTkvb/nlKjjgYTjgZ/jgaDjgZHjgb7jgZnjgII8QlI+CuOBvuOBn+OAgemdqeOBruijgeaWremdouOBr+iBt+S6uuOBjOS4gOi+uuS4gOi+uuOAgeaZgumWk+OCkuaOm+OBkeS4geWvp+OBq+ejqOOBjeS4iuOBkuiJtuOCkuWHuuOBl+OBpuOBhOOBvuOBmeOAgjxCUj48QlI+Cgrkvb/jgYTovrzjgoDjgYbjgaHjgavlkbPjgYzlh7rjgb7jgZnjga7jgafjgIHjgY3jgaPjgajjgYrmsJfjgavlhaXjgorjga7jgqLjgqTjg4bjg6Djgavjgarjgorjgb7jgZnjgojjgII8QlI+PEJSPgoKCuKAu+aWh+Wtl+ebpOOBr+aXpeacrOijveOBruOCr+OCqeODvOODhOOCkuS9v+eUqOOAgjxCUj7pm7vmsaDjga7kuqTmj5vjga/mmYLoqIjlupfjgafjgafjgY3jgb7jgZnjgojjgII8QlI+PEJSPgrjg7vntKDmnZDvvJrjg6zjgrbjg7zvvIjniZvpnanvvIk8QlI+44Kz44Oz44OB44On44CA44Ki44Oz44OG44Kj44O844Kv77yV44K744Oz44OI44Kz44Kk44OzPEJSPuODu+mBqeW/nOOCteOCpOOCuu+8iOOCpuODh+WRqOOCiu+8ie+8mjE2Y23vvZ4xOGNtICgy5q616ZqO6Kq/56+A77yJPEJSPjxCUj4KCuOBiuWlveOBv+OBruaWh+Wtl+ebpOOBq+S6pOaPm+OBp+OBjeOBvuOBmeKZqjxCUj7jgJDmloflrZfnm6TkuIDopqfjga/jgZPjgaHjgonjgJE8QlI+PEJSPgoK4pag5pmC6KiI44CB44OW44Os44K544Os44OD44OIIOS4gOimp+OBr+OBk+OBoeOCiTxCUj4KCuKWoCDmlrDlhaXojbfpgJ/loLHjga/jgZPjgaHjgok8QlI+CuKWoFHvvIZB77ya44GU5Yip55So44Ks44Kk44OJ,44CQ44Od44Kk44Oz44OIMTDlgI3vvIEgNC8xN++8iOaciO+8iTk6NTnjgb7jgafjgJFLQydTICjjgrHjgqTjgrfjgqTjgropIOODrOOCtuODvOODluODrOOCueOCpuOCqeODg+ODgSAo5pmC6KiIKSAz44Kz44Oz44OB44OnIC3jgq/jg6njg5Xjg4gv44OE44O844Oq44Oz44Kw44Os44K244O8LSBLUFIwMDUvS1BSNTA1IOOAkOmAgeaWmeeEoeaWmeOAkeODl+ODrOOCvOODs+ODiCDjgq7jg5Xjg4jvvJpKRUFOUy1TQU5TSElO,bGV2aSdzIGplYW5zIOODquODvOODkOOCpOOCuSDjgrjjg7zjg7Pjgrog44OH44OL44OgIOOCuOODvOODkeODsyBH44OR44OzIGxldmlzIDUwMSA1MDIgNTAzIDUxN0VEV0lOIOOCqOODieOCpuOCo+ODsyDjgqjjg4njgqTjg7Mg44Kv44O844OrIOOCuOODo+ODvOOCuOODvOOCuiDmmpbjgYvjgYQg5pqW44OR44OzIHNhbGUg44K744O844OrIDUwMyB3aWxkIGZpcmUg44Ov44Kk44Or44OJ44OV44Kh44Kk44Ok44O844Ki44OT44Os44OD44Kv44K5IOODleODqeOCpOODiOOCuOODo+OCseODg+ODiCBBVklSRVgg44Ki44O044Kj44Os44OD44Kv44K5IOODn+ODquOCv+ODquODvCBBTFBIQSBNQS0xIOOCouODq+ODleOCoSDjgqLjg6vjg5XjgqHjg7wg44Of44Oq44K/44Oq44O8IE1BLTEgTUExIE4tM0IgTjNCIE4tMkIgTjJCIOOCv+ODs+OCq+ODvOOCuSDjg5Xjg6njgqTjg4jjgrjjg6PjgrHjg4Pjg4hDaGFtcGlvbiDjg4Hjg6Pjg7Pjg5Tjgqrjg7Mg44Ki44Oh44Kr44K4IOOCueOCpuOCp+ODg+ODiCDjg4jjg6zjg7zjg4rjg7wg44OR44O844Kr44O8IFTjgrfjg6Pjg4RsZWUgamVhbnMg44Oq44O8IOOCuOODvOODs+OCuiDjg5bjg7zjg4Tjgqvjg4Pjg4gg44OZ44Or44Oc44OI44OgIDIwMSAxMDEgMjAyIDIwNSAyMDBzYWxlIOOCu+ODvOODqyDlronjgYQg5rWB6KGMIOOBr+OChOOCiiDjgYrjgZfjgoPjgowg44KC44Gm44KLIOiEmumVtyDjgrfjg6vjgqjjg4Pjg4ggVOOCt+ODo+ODhCDjg53jg63jgrfjg6Pjg4Qg44Ot44OzVCDplbfoopZU44K344Oj44OEIOOCuOODo+OCseODg+ODiCDjgqLjgqbjgr/jg7wg44OA44Km44OzIOOCs+ODvOODiCDpmLLlr5Ig44K344Oj44OEIOOCquODg+OCr+OCueODleOCqeODvOODiSBhdmlyZXggTUEtMSBiLTMgYS0yIOODqeOCpOODgOODvOOCuSBzY2hvdHQg44K344On44OD44OIIOODqeOCpOODgOODvOOCuSDpnanjgrjjg6Pjg7Mg44Os44K244O844K444Oj44Kx44OD44OIIHVzYSDjg5Tjg7zjgrPjg7zjg4gg44OA44OD44OV44OrIOOCquODvOODkOODvOOCquODvOODqyDjgqrjg7zjg6vjgqTjg7Pjg6/jg7Mg44OE44OK44KuIOODmuODs+OCv+ODvOODkeODs+ODhCDjgrXjg63jg5rjg4Pjg4gg5L2c5qWt552AIOOCqOODs+OCuOODi+OCoiDku5XkuovnnYBNQS0xIE4tM0IgTS02NSBOLTEgbTY1IG4x44Ob44Ov44Kk44OI44OH44OL44OgIOODluODqeODg+OCr+ODh+ODi+ODoCDjgqvjg6njg7wg44OB44OO44OR44Oz44OEIOODgeODjuODkeODsyDjgqvjg7zjgrTjg5Hjg7Pjg4Tjgrnjgq3jg4vjg7wg44OG44O844OR44O844OJIOOCv+OCpOODiCDjgbXjgaTjgYYg44KG44Gj44Gf44KK6YCa5L+h6LKp5aOyIOmAmuiyqSDjg6Tjg57jg4jpgYvovLhob3VzdG9uIOODkuODpeODvOOCueODiOODsyDjg5/jg6rjgr/jg6rjg7wgbS01MSBtNTEg5pmC6KiIIOODluODrOOCueODrOODg+ODiCDosqHluIMg5bi95a2QIOODj+ODg+ODiCDjgqbjgqnjg6zjg4Pjg4gg44Kt44O844Ob44Or44OA44O8IOeBsOeav+ODh+ODi+ODoCDjgqvjg7zjgrTjg5Hjg7Pjg4Qg44K344On44O844OI44OR44Oz44OEIOOCr+ODreODg+ODl+ODieODkeODs+ODhCA35YiG5LiIIDXliIbkuIgg44Gv44KT44Gx5LiI44OZ44Or44Oc44OI44OgIOODluODvOODhOOCq+ODg+ODiCDjg5Xjg6zjgqLjg7zjg5/jg6rjgr/jg6rjg7wg44Ov44O844KvIOODk+ODs+ODhuODvOOCuOOAkOODneOCpOODs+ODiDEw5YCN77yBIDQvMTfvvIjmnIjvvIk5OjU544G+44Gn44CRS0MnUyAo44Kx44Kk44K344Kk44K6KSDjg6zjgrbjg7zjg5bjg6zjgrnjgqbjgqnjg4Pjg4EgKOaZguioiCkgM+OCs+ODs+ODgeODpyAt44Kv44Op44OV44OIL+ODhOODvOODquODs+OCsOODrOOCtuODvC0gS1BSMDA1L0tQUjUwNSDjgJDpgIHmlpnnhKHmlpnjgJHjg5fjg6zjgrzjg7Pjg4gg44Ku44OV44OI,44CQ44Od44Kk44Oz44OIMTDlgI3vvIEgNC8xN++8iOaciO+8iTk6NTnjgb7jgafjgJFLQydTICjjgrHjgqTjgrfjgqTjgropIOODrOOCtuODvOODluODrOOCueOCpuOCqeODg+ODgSAo5pmC6KiIKSAz44Kz44Oz44OB44OnIC3jgq/jg6njg5Xjg4gv44OE44O844Oq44Oz44Kw44Os44K244O8LSBLUFIwMDUvS1BSNTA1IOOAkOmAgeaWmeeEoeaWmeOAkeODl+ODrOOCvOODs+ODiCDjgq7jg5Xjg4g=[rn]
16-122047,aHR0cDovL3RzaG9wLnIxMHMuanAvc2Fuc2hpbi9jYWJpbmV0LzAwNjk0MjEzL2ltZzU5MDcwMjI5LmpwZz9maXRpbj03MDA6NzAw,NzA0MC4wMDAw,,6IWV5pmC6KiIID4g44Oh44Oz44K66IWV5pmC6KiI,44CQ44Od44Kk44Oz44OIMTDlgI3vvIEgNC8xN++8iOaciO+8iTk6NTnjgb7jgafjgJFLQydTICjjgrHjgqTjgrfjgqTjgrrvvIkg44Os44K244O844OW44Os44K544Km44Kp44OD44OBKOaZguioiCkgLeOCueODquODvOOCs+ODs+ODgeODpy0g44K/44O844Kz44Kk44K65paH5a2X55uk5LuV5qeYIEtJUjAyMi9LSVI1MjIg44CQ6YCB5paZ54Sh5paZ44CR44OX44Os44K844Oz44OIIOOCruODleODiA==,,44K/44O844Kz44Kk44K644GM44Gh44KK44Gw44KB44KJ44KM44Gf5paH5a2X55uk44GM576O44GX44GE44Oi44OH44Or44CCPEJSPiA8QlI+CgrjgqLjg6Hjg6rjgqvjgaflrp/pmpvjgavkvb/nlKjjgZXjgozjgabjgYTjgZ8144K744Oz44OI44Kz44Kk44Oz44KS44CB44Kz44Oz44OB44On44Go44GX44Gm5L2/55So44CCPEJSPjxCUj4KCuaZguioiOOBqOOBl+OBpuOBruapn+iDveOBr+OCguOBoeOCjeOCk+OAgeODrOOCtuODvOODu+ODluODrOOCueODrOODg+ODiOaEn+immuOBp+OBlOS9v+eUqOOBhOOBn+OBoOOBkeOBvuOBmeOAgjxCUj48QlI+Cgrjgb7jgZ/jgIHpnanjga7oo4Hmlq3pnaLjga/ogbfkurrjgYzkuIDovrrkuIDovrrjgIHmmYLplpPjgpLmjpvjgZHkuIHlr6fjgavno6jjgY3kuIrjgZLoibbjgpLlh7rjgZfjgabjgYTjgb7jgZnjgII8QlI+CuS9v+OBhOi+vOOCgOOBhuOBoeOBq+WRs+OBjOWHuuOBvuOBmeOBruOBp+OAgeOBjeOBo+OBqOOBiuawl+OBq+WFpeOCiuOBruOCouOCpOODhuODoOOBq+OBquOCiuOBvuOBmeOCiOOAgjxCUj48QlI+CgoK4oC75paH5a2X55uk44Gv5pel5pys6KO944Gu44Kv44Kp44O844OE44KS5L2/55So44CCPEJSPjxCUj4K55S35oCn5aWz5oCn5ZWP44KP44Ga44CB44GU5oSb55So44GE44Gf44Gg44GR44G+44GZ4pmqPEJSPjxCUj4K6Zu75rGg44Gu5Lqk5o+b44Gv5pmC6KiI5bqX44Gn44Gn44GN44G+44GZ44KI44CCPEJSPjxCUj4KCuODu+e0oOadkO+8muODrOOCtuODvO+8iOeJm+mdqe+8iTxCUj7jg7vpganlv5zjgrXjgqTjgrrvvIjjgqbjg4flkajjgorvvInvvJoxNmNt772eMThjbSAoMuautemajuiqv+evgO+8iTxCUj48QlI+CgrilqDmmYLoqIjjgIHjg5bjg6zjgrnjg6zjg4Pjg4gg5LiA6Kan44Gv44GT44Gh44KJPEJSPgoK4pagIOaWsOWFpeiNt+mAn+WgseOBr+OBk+OBoeOCiTxCUj4K4pagUe+8hkHvvJrjgZTliKnnlKjjgqzjgqTjg4k=,44CQ44Od44Kk44Oz44OIMTDlgI3vvIEgNC8xN++8iOaciO+8iTk6NTnjgb7jgafjgJFLQydTICjjgrHjgqTjgrfjgqTjgrrvvIkg44Os44K244O844OW44Os44K544Km44Kp44OD44OBKOaZguioiCkgLeOCueODquODvOOCs+ODs+ODgeODpy0g44K/44O844Kz44Kk44K65paH5a2X55uk5LuV5qeYIEtJUjAyMi9LSVI1MjIg44CQ6YCB5paZ54Sh5paZ44CR44OX44Os44K844Oz44OIIOOCruODleODiO+8mkpFQU5TLVNBTlNISU4=,bGV2aSdzIGplYW5zIOODquODvOODkOOCpOOCuSDjgrjjg7zjg7Pjgrog44OH44OL44OgIOOCuOODvOODkeODsyBH44OR44OzIGxldmlzIDUwMSA1MDIgNTAzIDUxN0VEV0lOIOOCqOODieOCpuOCo+ODsyDjgqjjg4njgqTjg7Mg44Kv44O844OrIOOCuOODo+ODvOOCuOODvOOCuiDmmpbjgYvjgYQg5pqW44OR44OzIHNhbGUg44K744O844OrIDUwMyB3aWxkIGZpcmUg44Ov44Kk44Or44OJ44OV44Kh44Kk44Ok44O844Ki44OT44Os44OD44Kv44K5IOODleODqeOCpOODiOOCuOODo+OCseODg+ODiCBBVklSRVgg44Ki44O044Kj44Os44OD44Kv44K5IOODn+ODquOCv+ODquODvCBBTFBIQSBNQS0xIOOCouODq+ODleOCoSDjgqLjg6vjg5XjgqHjg7wg44Of44Oq44K/44Oq44O8IE1BLTEgTUExIE4tM0IgTjNCIE4tMkIgTjJCIOOCv+ODs+OCq+ODvOOCuSDjg5Xjg6njgqTjg4jjgrjjg6PjgrHjg4Pjg4hDaGFtcGlvbiDjg4Hjg6Pjg7Pjg5Tjgqrjg7Mg44Ki44Oh44Kr44K4IOOCueOCpuOCp+ODg+ODiCDjg4jjg6zjg7zjg4rjg7wg44OR44O844Kr44O8IFTjgrfjg6Pjg4RsZWUgamVhbnMg44Oq44O8IOOCuOODvOODs+OCuiDjg5bjg7zjg4Tjgqvjg4Pjg4gg44OZ44Or44Oc44OI44OgIDIwMSAxMDEgMjAyIDIwNSAyMDBzYWxlIOOCu+ODvOODqyDlronjgYQg5rWB6KGMIOOBr+OChOOCiiDjgYrjgZfjgoPjgowg44KC44Gm44KLIOiEmumVtyDjgrfjg6vjgqjjg4Pjg4ggVOOCt+ODo+ODhCDjg53jg63jgrfjg6Pjg4Qg44Ot44OzVCDplbfoopZU44K344Oj44OEIOOCuOODo+OCseODg+ODiCDjgqLjgqbjgr/jg7wg44OA44Km44OzIOOCs+ODvOODiCDpmLLlr5Ig44K344Oj44OEIOOCquODg+OCr+OCueODleOCqeODvOODiSBhdmlyZXggTUEtMSBiLTMgYS0yIOODqeOCpOODgOODvOOCuSBzY2hvdHQg44K344On44OD44OIIOODqeOCpOODgOODvOOCuSDpnanjgrjjg6Pjg7Mg44Os44K244O844K444Oj44Kx44OD44OIIHVzYSDjg5Tjg7zjgrPjg7zjg4gg44OA44OD44OV44OrIOOCquODvOODkOODvOOCquODvOODqyDjgqrjg7zjg6vjgqTjg7Pjg6/jg7Mg44OE44OK44KuIOODmuODs+OCv+ODvOODkeODs+ODhCDjgrXjg63jg5rjg4Pjg4gg5L2c5qWt552AIOOCqOODs+OCuOODi+OCoiDku5XkuovnnYBNQS0xIE4tM0IgTS02NSBOLTEgbTY1IG4x44Ob44Ov44Kk44OI44OH44OL44OgIOODluODqeODg+OCr+ODh+ODi+ODoCDjgqvjg6njg7wg44OB44OO44OR44Oz44OEIOODgeODjuODkeODsyDjgqvjg7zjgrTjg5Hjg7Pjg4Tjgrnjgq3jg4vjg7wg44OG44O844OR44O844OJIOOCv+OCpOODiCDjgbXjgaTjgYYg44KG44Gj44Gf44KK6YCa5L+h6LKp5aOyIOmAmuiyqSDjg6Tjg57jg4jpgYvovLhob3VzdG9uIOODkuODpeODvOOCueODiOODsyDjg5/jg6rjgr/jg6rjg7wgbS01MSBtNTEg5pmC6KiIIOODluODrOOCueODrOODg+ODiCDosqHluIMg5bi95a2QIOODj+ODg+ODiCDjgqbjgqnjg6zjg4Pjg4gg44Kt44O844Ob44Or44OA44O8IOeBsOeav+ODh+ODi+ODoCDjgqvjg7zjgrTjg5Hjg7Pjg4Qg44K344On44O844OI44OR44Oz44OEIOOCr+ODreODg+ODl+ODieODkeODs+ODhCA35YiG5LiIIDXliIbkuIgg44Gv44KT44Gx5LiI44OZ44Or44Oc44OI44OgIOODluODvOODhOOCq+ODg+ODiCDjg5Xjg6zjgqLjg7zjg5/jg6rjgr/jg6rjg7wg44Ov44O844KvIOODk+ODs+ODhuODvOOCuOOAkOODneOCpOODs+ODiDEw5YCN77yBIDQvMTfvvIjmnIjvvIk5OjU544G+44Gn44CRS0MnUyAo44Kx44Kk44K344Kk44K677yJIOODrOOCtuODvOODluODrOOCueOCpuOCqeODg+ODgSjmmYLoqIgpIC3jgrnjg6rjg7zjgrPjg7Pjg4Hjg6ctIOOCv+ODvOOCs+OCpOOCuuaWh+Wtl+ebpOS7leanmCBLSVIwMjIvS0lSNTIyIOOAkOmAgeaWmeeEoeaWmeOAkeODl+ODrOOCvOODs+ODiCDjgq7jg5Xjg4g=,44CQ44Od44Kk44Oz44OIMTDlgI3vvIEgNC8xN++8iOaciO+8iTk6NTnjgb7jgafjgJFLQydTICjjgrHjgqTjgrfjgqTjgrrvvIkg44Os44K244O844OW44Os44K544Km44Kp44OD44OBKOaZguioiCkgLeOCueODquODvOOCs+ODs+ODgeODpy0g44K/44O844Kz44Kk44K65paH5a2X55uk5LuV5qeYIEtJUjAyMi9LSVI1MjIg44CQ6YCB5paZ54Sh5paZ44CR44OX44Os44K844Oz44OIIOOCruODleODiA==[rn]
16-122048,aHR0cDovL3RzaG9wLnIxMHMuanAvc2Fuc2hpbi9jYWJpbmV0LzAwNjk0MjEzL2ltZzU5MDU2ODU5LmpwZz9maXRpbj03MDA6NzAw,NzM2MC4wMDAw,,6IWV5pmC6KiIID4g44Oh44Oz44K66IWV5pmC6KiI,44CQ44Od44Kk44Oz44OIMTDlgI3vvIEgNC8xN++8iOaciO+8iTk6NTnjgb7jgafjgJFLQydTIO+8iOOCseOCpOOCt+OCpOOCuu+8iSDjg6zjgrbjg7zjg5bjg6zjgrnjgqbjgqnjg4Pjg4Eo5pmC6KiIKSAtM+OCs+ODs+ODgeODpy/jg5HjgqTjgr3jg7MtIEtTUjAwOC9LU1I1MDgg44CQ6YCB5paZ54Sh5paZ44CR44OX44Os44K844Oz44OIIOOCruODleODiA==,,44OW44Os44K544Os44OD44OI5oSf6Kaa44Gn5L2/44GI44KL4oCc44Os44K244O844OW44Os44K544Km44Kp44OD44OB4oCd44CCPEJSPjxCUj4K44Ki44Oh44Oq44Kr44Gn5a6f6Zqb44Gr5L2/55So44GV44KM44Gm44GE44GfNeOCu+ODs+ODiOOCs+OCpOODs+OCkuOAgeOCs+ODs+ODgeODp+OBqOOBl+OBpuS9v+eUqOOAgjxCUj48QlI+CuODrOOCtuODvOOBruihqOmdouOBq+OBr+ODkeOCpOOCveODs++8iOODi+OCt+OCreODmOODk++8ieOBrumdqeOCkuiyvOOCiuS7mOOBkeOBpuOBhOOBvuOBme+8ge+8gTxCUj48QlI+Cgrjgb7jgZ/jgIHpnanjga7oo4Hmlq3pnaLjga/ogbfkurrjgYzkuIDovrrkuIDovrrjgIHmmYLplpPjgpLmjpvjgZHkuIHlr6fjgavno6jjgY3kuIrjgZLoibbjgpLlh7rjgZfjgabjgYTjgb7jgZnjgII8QlI+CuS9v+OBhOi+vOOCgOOBhuOBoeOBq+WRs+OBjOWHuuOBvuOBmeOBruOBp+OAgeOBjeOBo+OBqOOBiuawl+OBq+WFpeOCiuOBruOCouOCpOODhuODoOOBq+OBquOCiuOBvuOBmeOCiOOAgjxCUj48QlI+Cgrms6jvvJrntKDmnZDjga7nibnoo73kuIrjgIHjg5HjgqTjgr3jg7Pjga7mn4TvvIjjg5jjg5Pmn4TvvInjga8x54K544CBMeeCueOAgeeVsOOBquOCiuOBvuOBmeOAgjxCUj4K44GC44KJ44GL44GY44KB44GU5LqG5om/44GP44Gg44GV44GE44CCPEJSPjxCUj4KCgrigLvmloflrZfnm6Tjga/ml6XmnKzoo73jga7jgq/jgqnjg7zjg4TjgpLkvb/nlKjjgII8QlI+Cumbu+axoOOBruS6pOaPm+OBr+aZguioiOW6l+OBp+OBp+OBjeOBvuOBmeOCiOOAgjxCUj48QlI+CuODu+e0oOadkO+8muODrOOCtuODvO+8iOeJm+mdqe+8iTxCUj7vvIjooajpnaLvvInjg5HjgqTjgr3jg7M8QlI+77yI44Kz44Oz44OB44On77yJ44Ki44Oz44OG44Kj44O844Kv77yV44K744Oz44OI44Kz44Kk44OzPEJSPuODu+mBqeW/nOOCteOCpOOCuu+8iOiFleWRqOOCiu+8ie+8mjE2Y23vvZ4xOGNtICgy5q616ZqO6Kq/56+A77yJPEJSPjxCUj4KCuOBiuWlveOBv+OBruaWh+Wtl+ebpOOBq+S6pOaPm+OBp+OBjeOBvuOBmeKZqjxCUj7jgJDmloflrZfnm6TkuIDopqfjga/jgZPjgaHjgonjgJE8QlI+PEJSPgoK4pag5pmC6KiI44CB44OW44Os44K544Os44OD44OIIOS4gOimp+OBr+OBk+OBoeOCiTxCUj4KCuKWoCDmlrDlhaXojbfpgJ/loLHjga/jgZPjgaHjgok8QlI+CuKWoFHvvIZB77ya44GU5Yip55So44Ks44Kk44OJ,44CQ44Od44Kk44Oz44OIMTDlgI3vvIEgNC8xN++8iOaciO+8iTk6NTnjgb7jgafjgJFLQydTIO+8iOOCseOCpOOCt+OCpOOCuu+8iSDjg6zjgrbjg7zjg5bjg6zjgrnjgqbjgqnjg4Pjg4Eo5pmC6KiIKSAtM+OCs+ODs+ODgeODpy/jg5HjgqTjgr3jg7MtIEtTUjAwOC9LU1I1MDgg44CQ6YCB5paZ54Sh5paZ44CR44OX44Os44K844Oz44OIIOOCruODleODiO+8mkpFQU5TLVNBTlNISU4=,bGV2aSdzIGplYW5zIOODquODvOODkOOCpOOCuSDjgrjjg7zjg7Pjgrog44OH44OL44OgIOOCuOODvOODkeODsyBH44OR44OzIGxldmlzIDUwMSA1MDIgNTAzIDUxN0VEV0lOIOOCqOODieOCpuOCo+ODsyDjgqjjg4njgqTjg7Mg44Kv44O844OrIOOCuOODo+ODvOOCuOODvOOCuiDmmpbjgYvjgYQg5pqW44OR44OzIHNhbGUg44K744O844OrIDUwMyB3aWxkIGZpcmUg44Ov44Kk44Or44OJ44OV44Kh44Kk44Ok44O844Ki44OT44Os44OD44Kv44K5IOODleODqeOCpOODiOOCuOODo+OCseODg+ODiCBBVklSRVgg44Ki44O044Kj44Os44OD44Kv44K5IOODn+ODquOCv+ODquODvCBBTFBIQSBNQS0xIOOCouODq+ODleOCoSDjgqLjg6vjg5XjgqHjg7wg44Of44Oq44K/44Oq44O8IE1BLTEgTUExIE4tM0IgTjNCIE4tMkIgTjJCIOOCv+ODs+OCq+ODvOOCuSDjg5Xjg6njgqTjg4jjgrjjg6PjgrHjg4Pjg4hDaGFtcGlvbiDjg4Hjg6Pjg7Pjg5Tjgqrjg7Mg44Ki44Oh44Kr44K4IOOCueOCpuOCp+ODg+ODiCDjg4jjg6zjg7zjg4rjg7wg44OR44O844Kr44O8IFTjgrfjg6Pjg4RsZWUgamVhbnMg44Oq44O8IOOCuOODvOODs+OCuiDjg5bjg7zjg4Tjgqvjg4Pjg4gg44OZ44Or44Oc44OI44OgIDIwMSAxMDEgMjAyIDIwNSAyMDBzYWxlIOOCu+ODvOODqyDlronjgYQg5rWB6KGMIOOBr+OChOOCiiDjgYrjgZfjgoPjgowg44KC44Gm44KLIOiEmumVtyDjgrfjg6vjgqjjg4Pjg4ggVOOCt+ODo+ODhCDjg53jg63jgrfjg6Pjg4Qg44Ot44OzVCDplbfoopZU44K344Oj44OEIOOCuOODo+OCseODg+ODiCDjgqLjgqbjgr/jg7wg44OA44Km44OzIOOCs+ODvOODiCDpmLLlr5Ig44K344Oj44OEIOOCquODg+OCr+OCueODleOCqeODvOODiSBhdmlyZXggTUEtMSBiLTMgYS0yIOODqeOCpOODgOODvOOCuSBzY2hvdHQg44K344On44OD44OIIOODqeOCpOODgOODvOOCuSDpnanjgrjjg6Pjg7Mg44Os44K244O844K444Oj44Kx44OD44OIIHVzYSDjg5Tjg7zjgrPjg7zjg4gg44OA44OD44OV44OrIOOCquODvOODkOODvOOCquODvOODqyDjgqrjg7zjg6vjgqTjg7Pjg6/jg7Mg44OE44OK44KuIOODmuODs+OCv+ODvOODkeODs+ODhCDjgrXjg63jg5rjg4Pjg4gg5L2c5qWt552AIOOCqOODs+OCuOODi+OCoiDku5XkuovnnYBNQS0xIE4tM0IgTS02NSBOLTEgbTY1IG4x44Ob44Ov44Kk44OI44OH44OL44OgIOODluODqeODg+OCr+ODh+ODi+ODoCDjgqvjg6njg7wg44OB44OO44OR44Oz44OEIOODgeODjuODkeODsyDjgqvjg7zjgrTjg5Hjg7Pjg4Tjgrnjgq3jg4vjg7wg44OG44O844OR44O844OJIOOCv+OCpOODiCDjgbXjgaTjgYYg44KG44Gj44Gf44KK6YCa5L+h6LKp5aOyIOmAmuiyqSDjg6Tjg57jg4jpgYvovLhob3VzdG9uIOODkuODpeODvOOCueODiOODsyDjg5/jg6rjgr/jg6rjg7wgbS01MSBtNTEg5pmC6KiIIOODluODrOOCueODrOODg+ODiCDosqHluIMg5bi95a2QIOODj+ODg+ODiCDjgqbjgqnjg6zjg4Pjg4gg44Kt44O844Ob44Or44OA44O8IOeBsOeav+ODh+ODi+ODoCDjgqvjg7zjgrTjg5Hjg7Pjg4Qg44K344On44O844OI44OR44Oz44OEIOOCr+ODreODg+ODl+ODieODkeODs+ODhCA35YiG5LiIIDXliIbkuIgg44Gv44KT44Gx5LiI44OZ44Or44Oc44OI44OgIOODluODvOODhOOCq+ODg+ODiCDjg5Xjg6zjgqLjg7zjg5/jg6rjgr/jg6rjg7wg44Ov44O844KvIOODk+ODs+ODhuODvOOCuOOAkOODneOCpOODs+ODiDEw5YCN77yBIDQvMTfvvIjmnIjvvIk5OjU544G+44Gn44CRS0MnUyDvvIjjgrHjgqTjgrfjgqTjgrrvvIkg44Os44K244O844OW44Os44K544Km44Kp44OD44OBKOaZguioiCkgLTPjgrPjg7Pjg4Hjg6cv44OR44Kk44K944OzLSBLU1IwMDgvS1NSNTA4IOOAkOmAgeaWmeeEoeaWmeOAkeODl+ODrOOCvOODs+ODiCDjgq7jg5Xjg4g=,44CQ44Od44Kk44Oz44OIMTDlgI3vvIEgNC8xN++8iOaciO+8iTk6NTnjgb7jgafjgJFLQydTIO+8iOOCseOCpOOCt+OCpOOCuu+8iSDjg6zjgrbjg7zjg5bjg6zjgrnjgqbjgqnjg4Pjg4Eo5pmC6KiIKSAtM+OCs+ODs+ODgeODpy/jg5HjgqTjgr3jg7MtIEtTUjAwOC9LU1I1MDgg44CQ6YCB5paZ54Sh5paZ44CR44OX44Os44K844Oz44OIIOOCruODleODiA==[rn]
16-122049,aHR0cDovL3RzaG9wLnIxMHMuanAvc2Fuc2hpbi9jYWJpbmV0LzAwNjk0MjEzL2ltZzU5MDcwMjI4LmpwZz9maXRpbj03MDA6NzAw,NjAwMC4wMDAw,,6IWV5pmC6KiIID4g44Oh44Oz44K66IWV5pmC6KiI,44CQ44Od44Kk44Oz44OIMTDlgI3vvIEgNC8xN++8iOaciO+8iTk6NTnjgb7jgafjgJFLQydTICjjgrHjgqTjgrfjgqTjgropIOODrOOCtuODvOODluODrOOCueOCpuOCqeODg+ODgS/mmYLoqIgg44Os44Oz44K444Oj44O8IEtNUjAwNiDjgJDpgIHmlpnnhKHmlpnjgJHjg5fjg6zjgrzjg7Pjg4gg44Ku44OV44OI,,44OW44Os44K544Os44OD44OI5oSf6Kaa44Gn5L2/44GI44KL4oCc44Os44K244O844OW44Os44K544O744Km44Kp44OD44OB4oCd44CCPEJSPjxCUj4K6Z2p44Gu6KOB5pat6Z2i44Gv6IG35Lq644GM5LiA6L665LiA6L6644CB5pmC6ZaT44KS5o6b44GRPEJSPuS4geWvp+OBq+ejqOOBjeS4iuOBkuiJtuOCkuWHuuOBl+OBpuOBhOOBvuOBmeOAgjxCUj4K5Y6a44G/44Gu44GC44KL44GX44Gj44GL44KK44GX44Gf44Os44K244O844Gr5pa944GV44KM44Gf44CB5a2Y5Zyo5oSf44Gu44GC44KL44K544OG44OD44OB44GMR09PRCE8QlI+PEJSPgrkvb/jgYTovrzjgoDjgYbjgaHjgavlkbPjgYzlh7rjgb7jgZnjga7jgafjgIHjgY3jgaPjgajjgYrmsJfjgavlhaXjgorjga7jgqLjgqTjg4bjg6Djgavjgarjgorjgb7jgZnjgojjgII8QlI+PEJSPgoKCuKAu+aWh+Wtl+ebpOOBr+aXpeacrOijveOBruOCr+OCqeODvOODhOOCkuS9v+eUqOOAgjxCUj7pm7vmsaDjga7kuqTmj5vjga/mmYLoqIjlupfjgafjgafjgY3jgb7jgZnjgojjgII8QlI+PEJSPgrjg7vntKDmnZDvvJrjg6zjgrbjg7zvvIjniZvpnanvvIk8QlI+44O76YGp5b+c44K144Kk44K677yI44Km44OH5ZGo44KK77yJ77yaMTZjbe+9njE5Y20gKDTmrrXpmo7oqr/nr4DvvIk8QlI+PEJSPgoK44GK5aW944G/44Gu5paH5a2X55uk44Gr5Lqk5o+b44Gn44GN44G+44GZ4pmqPEJSPuOAkOaWh+Wtl+ebpOS4gOimp+OBr+OBk+OBoeOCieOAkTxCUj48QlI+CgrilqDmmYLoqIjjgIHjg5bjg6zjgrnjg6zjg4Pjg4gg5LiA6Kan44Gv44GT44Gh44KJPEJSPgoK4pagIOaWsOWFpeiNt+mAn+WgseOBr+OBk+OBoeOCiTxCUj4K4pagUe+8hkHvvJrjgZTliKnnlKjjgqzjgqTjg4k=,44CQ44Od44Kk44Oz44OIMTDlgI3vvIEgNC8xN++8iOaciO+8iTk6NTnjgb7jgafjgJFLQydTICjjgrHjgqTjgrfjgqTjgropIOODrOOCtuODvOODluODrOOCueOCpuOCqeODg+ODgS/mmYLoqIgg44Os44Oz44K444Oj44O8IEtNUjAwNiDjgJDpgIHmlpnnhKHmlpnjgJHjg5fjg6zjgrzjg7Pjg4gg44Ku44OV44OI77yaSkVBTlMtU0FOU0hJTg==,bGV2aSdzIGplYW5zIOODquODvOODkOOCpOOCuSDjgrjjg7zjg7Pjgrog44OH44OL44OgIOOCuOODvOODkeODsyBH44OR44OzIGxldmlzIDUwMSA1MDIgNTAzIDUxN0VEV0lOIOOCqOODieOCpuOCo+ODsyDjgqjjg4njgqTjg7Mg44Kv44O844OrIOOCuOODo+ODvOOCuOODvOOCuiDmmpbjgYvjgYQg5pqW44OR44OzIHNhbGUg44K744O844OrIDUwMyB3aWxkIGZpcmUg44Ov44Kk44Or44OJ44OV44Kh44Kk44Ok44O844Ki44OT44Os44OD44Kv44K5IOODleODqeOCpOODiOOCuOODo+OCseODg+ODiCBBVklSRVgg44Ki44O044Kj44Os44OD44Kv44K5IOODn+ODquOCv+ODquODvCBBTFBIQSBNQS0xIOOCouODq+ODleOCoSDjgqLjg6vjg5XjgqHjg7wg44Of44Oq44K/44Oq44O8IE1BLTEgTUExIE4tM0IgTjNCIE4tMkIgTjJCIOOCv+ODs+OCq+ODvOOCuSDjg5Xjg6njgqTjg4jjgrjjg6PjgrHjg4Pjg4hDaGFtcGlvbiDjg4Hjg6Pjg7Pjg5Tjgqrjg7Mg44Ki44Oh44Kr44K4IOOCueOCpuOCp+ODg+ODiCDjg4jjg6zjg7zjg4rjg7wg44OR44O844Kr44O8IFTjgrfjg6Pjg4RsZWUgamVhbnMg44Oq44O8IOOCuOODvOODs+OCuiDjg5bjg7zjg4Tjgqvjg4Pjg4gg44OZ44Or44Oc44OI44OgIDIwMSAxMDEgMjAyIDIwNSAyMDBzYWxlIOOCu+ODvOODqyDlronjgYQg5rWB6KGMIOOBr+OChOOCiiDjgYrjgZfjgoPjgowg44KC44Gm44KLIOiEmumVtyDjgrfjg6vjgqjjg4Pjg4ggVOOCt+ODo+ODhCDjg53jg63jgrfjg6Pjg4Qg44Ot44OzVCDplbfoopZU44K344Oj44OEIOOCuOODo+OCseODg+ODiCDjgqLjgqbjgr/jg7wg44OA44Km44OzIOOCs+ODvOODiCDpmLLlr5Ig44K344Oj44OEIOOCquODg+OCr+OCueODleOCqeODvOODiSBhdmlyZXggTUEtMSBiLTMgYS0yIOODqeOCpOODgOODvOOCuSBzY2hvdHQg44K344On44OD44OIIOODqeOCpOODgOODvOOCuSDpnanjgrjjg6Pjg7Mg44Os44K244O844K444Oj44Kx44OD44OIIHVzYSDjg5Tjg7zjgrPjg7zjg4gg44OA44OD44OV44OrIOOCquODvOODkOODvOOCquODvOODqyDjgqrjg7zjg6vjgqTjg7Pjg6/jg7Mg44OE44OK44KuIOODmuODs+OCv+ODvOODkeODs+ODhCDjgrXjg63jg5rjg4Pjg4gg5L2c5qWt552AIOOCqOODs+OCuOODi+OCoiDku5XkuovnnYBNQS0xIE4tM0IgTS02NSBOLTEgbTY1IG4x44Ob44Ov44Kk44OI44OH44OL44OgIOODluODqeODg+OCr+ODh+ODi+ODoCDjgqvjg6njg7wg44OB44OO44OR44Oz44OEIOODgeODjuODkeODsyDjgqvjg7zjgrTjg5Hjg7Pjg4Tjgrnjgq3jg4vjg7wg44OG44O844OR44O844OJIOOCv+OCpOODiCDjgbXjgaTjgYYg44KG44Gj44Gf44KK6YCa5L+h6LKp5aOyIOmAmuiyqSDjg6Tjg57jg4jpgYvovLhob3VzdG9uIOODkuODpeODvOOCueODiOODsyDjg5/jg6rjgr/jg6rjg7wgbS01MSBtNTEg5pmC6KiIIOODluODrOOCueODrOODg+ODiCDosqHluIMg5bi95a2QIOODj+ODg+ODiCDjgqbjgqnjg6zjg4Pjg4gg44Kt44O844Ob44Or44OA44O8IOeBsOeav+ODh+ODi+ODoCDjgqvjg7zjgrTjg5Hjg7Pjg4Qg44K344On44O844OI44OR44Oz44OEIOOCr+ODreODg+ODl+ODieODkeODs+ODhCA35YiG5LiIIDXliIbkuIgg44Gv44KT44Gx5LiI44OZ44Or44Oc44OI44OgIOODluODvOODhOOCq+ODg+ODiCDjg5Xjg6zjgqLjg7zjg5/jg6rjgr/jg6rjg7wg44Ov44O844KvIOODk+ODs+ODhuODvOOCuOOAkOODneOCpOODs+ODiDEw5YCN77yBIDQvMTfvvIjmnIjvvIk5OjU544G+44Gn44CRS0MnUyAo44Kx44Kk44K344Kk44K6KSDjg6zjgrbjg7zjg5bjg6zjgrnjgqbjgqnjg4Pjg4Ev5pmC6KiIIOODrOODs+OCuOODo+ODvCBLTVIwMDYg44CQ6YCB5paZ54Sh5paZ44CR44OX44Os44K844Oz44OIIOOCruODleODiA==,44CQ44Od44Kk44Oz44OIMTDlgI3vvIEgNC8xN++8iOaciO+8iTk6NTnjgb7jgafjgJFLQydTICjjgrHjgqTjgrfjgqTjgropIOODrOOCtuODvOODluODrOOCueOCpuOCqeODg+ODgS/mmYLoqIgg44Os44Oz44K444Oj44O8IEtNUjAwNiDjgJDpgIHmlpnnhKHmlpnjgJHjg5fjg6zjgrzjg7Pjg4gg44Ku44OV44OI[rn]
16-122050,aHR0cDovL3RzaG9wLnIxMHMuanAvc2Fuc2hpbi9jYWJpbmV0LzAwNjk0MjEzL2ltZzU5MDY3MzAzLmpwZz9maXRpbj03MDA6NzAw,MTA0MDAuMDAwMA==,,6IWV5pmC6KiIID4g44Oh44Oz44K66IWV5pmC6KiI,44CQ44Od44Kk44Oz44OIMTDlgI3vvIEgNC8xN++8iOaciO+8iTk6NTnjgb7jgafjgJFLQydTIO+8iOOCseOCpOOCt+OCpOOCuu+8iSDjg6zjgrbjg7zjg5bjg6zjgrnjgqbjgqnjg4Pjg4EgLS3jgqjjgrnjg5Hjg4vjg6fjg7zjg6kv44Kv44Op44OV44OIRFgtIEtQUjAwOS9LUFI1MDkg44CQ6YCB5paZ54Sh5paZ44CR44OX44Os44K844Oz44OIIOOCruODleODiA==,,44OW44Os44K544Os44OD44OI5oSf6Kaa44Gn5L2/44GI44KL4oCc44Os44K244O844OW44Os44K544Km44Kp44OD44OB4oCd44CCPEJSPjxCUj4K44Ki44Oh44Oq44Kr44Gn5a6f6Zqb44Gr5L2/55So44GV44KM44Gm44GE44GfNeOCu+ODs+ODiOOCs+OCpOODs+OCkuOAgeOCs+ODs+ODgeODp+OBqOOBl+OBpuS9v+eUqOOAgjxCUj48QlI+Cgrpnanjga7ooajpnaLjga/ogbfkurrjga7miYvlvavjgorvvIjjgqvjg7zjg5Pjg7PjgrDvvInjgavjgojjgovjgIHoirjooZPnmoTjgarmqKHmp5jjgYzmlr3jgZXjgozjgabjgYTjgb7jgZnvvIE8QlI+PEJSPgoK44G+44Gf44CB6Z2p44Gu6KOB5pat6Z2i44Gv6IG35Lq644GM5LiA6L665LiA6L6644CB5pmC6ZaT44KS5o6b44GR5LiB5a+n44Gr56Oo44GN5LiK44GS6Im244KS5Ye644GX44Gm44GE44G+44GZ44CCPEJSPgrkvb/jgYTovrzjgoDjgYbjgaHjgavlkbPjgYzlh7rjgb7jgZnjga7jgafjgIHjgY3jgaPjgajjgYrmsJfjgavlhaXjgorjga7jgqLjgqTjg4bjg6Djgavjgarjgorjgb7jgZnjgojjgII8QlI+PEJSPgoKCuKAu+aWh+Wtl+ebpOOBr+aXpeacrOijveOBruOCr+OCqeODvOODhOOCkuS9v+eUqOOAgjxCUj4K6Zu75rGg44Gu5Lqk5o+b44Gv5pmC6KiI5bqX44Gn44Gn44GN44G+44GZ44KI44CCPEJSPjxIUj4K44O757Sg5p2Q77ya44Os44K244O877yI54mb6Z2p77yJPEJSPu+8iOOCs+ODs+ODgeODp++8ieOCouODs+ODhuOCo+ODvOOCr++8leOCu+ODs+ODiOOCs+OCpOODszxCUj7jg7vpganlv5zjgrXjgqTjgrrvvIjohZXlkajjgorvvInvvJoxN2Nt772eMjJjbSAoNuautemajuiqv+evgO+8iTxCUj48QlI+CgrjgYrlpb3jgb/jga7mloflrZfnm6TjgavkuqTmj5vjgafjgY3jgb7jgZnimao8QlI+44CQ5paH5a2X55uk5LiA6Kan44Gv44GT44Gh44KJ44CRPEJSPjxCUj4KCuKWoOaZguioiOOAgeODluODrOOCueODrOODg+ODiCDkuIDopqfjga/jgZPjgaHjgok8QlI+CgrilqAg5paw5YWl6I236YCf5aCx44Gv44GT44Gh44KJPEJSPgrilqBR77yGQe+8muOBlOWIqeeUqOOCrOOCpOODiQ==,44CQ44Od44Kk44Oz44OIMTDlgI3vvIEgNC8xN++8iOaciO+8iTk6NTnjgb7jgafjgJFLQydTIO+8iOOCseOCpOOCt+OCpOOCuu+8iSDjg6zjgrbjg7zjg5bjg6zjgrnjgqbjgqnjg4Pjg4EgLS3jgqjjgrnjg5Hjg4vjg6fjg7zjg6kv44Kv44Op44OV44OIRFgtIEtQUjAwOS9LUFI1MDkg44CQ6YCB5paZ54Sh5paZ44CR44OX44Os44K844Oz44OIIOOCruODleODiO+8mkpFQU5TLVNBTlNISU4=,bGV2aSdzIGplYW5zIOODquODvOODkOOCpOOCuSDjgrjjg7zjg7Pjgrog44OH44OL44OgIOOCuOODvOODkeODsyBH44OR44OzIGxldmlzIDUwMSA1MDIgNTAzIDUxN0VEV0lOIOOCqOODieOCpuOCo+ODsyDjgqjjg4njgqTjg7Mg44Kv44O844OrIOOCuOODo+ODvOOCuOODvOOCuiDmmpbjgYvjgYQg5pqW44OR44OzIHNhbGUg44K744O844OrIDUwMyB3aWxkIGZpcmUg44Ov44Kk44Or44OJ44OV44Kh44Kk44Ok44O844Ki44OT44Os44OD44Kv44K5IOODleODqeOCpOODiOOCuOODo+OCseODg+ODiCBBVklSRVgg44Ki44O044Kj44Os44OD44Kv44K5IOODn+ODquOCv+ODquODvCBBTFBIQSBNQS0xIOOCouODq+ODleOCoSDjgqLjg6vjg5XjgqHjg7wg44Of44Oq44K/44Oq44O8IE1BLTEgTUExIE4tM0IgTjNCIE4tMkIgTjJCIOOCv+ODs+OCq+ODvOOCuSDjg5Xjg6njgqTjg4jjgrjjg6PjgrHjg4Pjg4hDaGFtcGlvbiDjg4Hjg6Pjg7Pjg5Tjgqrjg7Mg44Ki44Oh44Kr44K4IOOCueOCpuOCp+ODg+ODiCDjg4jjg6zjg7zjg4rjg7wg44OR44O844Kr44O8IFTjgrfjg6Pjg4RsZWUgamVhbnMg44Oq44O8IOOCuOODvOODs+OCuiDjg5bjg7zjg4Tjgqvjg4Pjg4gg44OZ44Or44Oc44OI44OgIDIwMSAxMDEgMjAyIDIwNSAyMDBzYWxlIOOCu+ODvOODqyDlronjgYQg5rWB6KGMIOOBr+OChOOCiiDjgYrjgZfjgoPjgowg44KC44Gm44KLIOiEmumVtyDjgrfjg6vjgqjjg4Pjg4ggVOOCt+ODo+ODhCDjg53jg63jgrfjg6Pjg4Qg44Ot44OzVCDplbfoopZU44K344Oj44OEIOOCuOODo+OCseODg+ODiCDjgqLjgqbjgr/jg7wg44OA44Km44OzIOOCs+ODvOODiCDpmLLlr5Ig44K344Oj44OEIOOCquODg+OCr+OCueODleOCqeODvOODiSBhdmlyZXggTUEtMSBiLTMgYS0yIOODqeOCpOODgOODvOOCuSBzY2hvdHQg44K344On44OD44OIIOODqeOCpOODgOODvOOCuSDpnanjgrjjg6Pjg7Mg44Os44K244O844K444Oj44Kx44OD44OIIHVzYSDjg5Tjg7zjgrPjg7zjg4gg44OA44OD44OV44OrIOOCquODvOODkOODvOOCquODvOODqyDjgqrjg7zjg6vjgqTjg7Pjg6/jg7Mg44OE44OK44KuIOODmuODs+OCv+ODvOODkeODs+ODhCDjgrXjg63jg5rjg4Pjg4gg5L2c5qWt552AIOOCqOODs+OCuOODi+OCoiDku5XkuovnnYBNQS0xIE4tM0IgTS02NSBOLTEgbTY1IG4x44Ob44Ov44Kk44OI44OH44OL44OgIOODluODqeODg+OCr+ODh+ODi+ODoCDjgqvjg6njg7wg44OB44OO44OR44Oz44OEIOODgeODjuODkeODsyDjgqvjg7zjgrTjg5Hjg7Pjg4Tjgrnjgq3jg4vjg7wg44OG44O844OR44O844OJIOOCv+OCpOODiCDjgbXjgaTjgYYg44KG44Gj44Gf44KK6YCa5L+h6LKp5aOyIOmAmuiyqSDjg6Tjg57jg4jpgYvovLhob3VzdG9uIOODkuODpeODvOOCueODiOODsyDjg5/jg6rjgr/jg6rjg7wgbS01MSBtNTEg5pmC6KiIIOODluODrOOCueODrOODg+ODiCDosqHluIMg5bi95a2QIOODj+ODg+ODiCDjgqbjgqnjg6zjg4Pjg4gg44Kt44O844Ob44Or44OA44O8IOeBsOeav+ODh+ODi+ODoCDjgqvjg7zjgrTjg5Hjg7Pjg4Qg44K344On44O844OI44OR44Oz44OEIOOCr+ODreODg+ODl+ODieODkeODs+ODhCA35YiG5LiIIDXliIbkuIgg44Gv44KT44Gx5LiI44OZ44Or44Oc44OI44OgIOODluODvOODhOOCq+ODg+ODiCDjg5Xjg6zjgqLjg7zjg5/jg6rjgr/jg6rjg7wg44Ov44O844KvIOODk+ODs+ODhuODvOOCuOOAkOODneOCpOODs+ODiDEw5YCN77yBIDQvMTfvvIjmnIjvvIk5OjU544G+44Gn44CRS0MnUyDvvIjjgrHjgqTjgrfjgqTjgrrvvIkg44Os44K244O844OW44Os44K544Km44Kp44OD44OBIC0t44Ko44K544OR44OL44On44O844OpL+OCr+ODqeODleODiERYLSBLUFIwMDkvS1BSNTA5IOOAkOmAgeaWmeeEoeaWmeOAkeODl+ODrOOCvOODs+ODiCDjgq7jg5Xjg4g=,44CQ44Od44Kk44Oz44OIMTDlgI3vvIEgNC8xN++8iOaciO+8iTk6NTnjgb7jgafjgJFLQydTIO+8iOOCseOCpOOCt+OCpOOCuu+8iSDjg6zjgrbjg7zjg5bjg6zjgrnjgqbjgqnjg4Pjg4EgLS3jgqjjgrnjg5Hjg4vjg6fjg7zjg6kv44Kv44Op44OV44OIRFgtIEtQUjAwOS9LUFI1MDkg44CQ6YCB5paZ54Sh5paZ44CR44OX44Os44K844Oz44OIIOOCruODleODiA==[rn]
16-122051,aHR0cDovL3RzaG9wLnIxMHMuanAvc2Fuc2hpbi9jYWJpbmV0LzAwNjk0MjEzL2ltZzU5MDcwMjM3LmpwZz9maXRpbj03MDA6NzAw,NzA0MC4wMDAw,,6IWV5pmC6KiIID4g44Oh44Oz44K66IWV5pmC6KiI,44CQ44Od44Kk44Oz44OIMTDlgI3vvIEgNC8xN++8iOaciO+8iTk6NTnjgb7jgafjgJFLQydTICjjgrHjgqTjgrfjgqTjgropIOODrOOCtuODvOODluODrOOCueODu+OCpuOCqeODg+ODgSDjgrnjg6rjg7zjgrPjg7Pjg4Hjg6cv44OV44Oq44O844Kr44OD44OIIEtQUjAwMy9LUFI1MDMg44CQ6YCB5paZ54Sh5paZ44CR44OX44Os44K844Oz44OIIOOCruODleODiA==,,44Ki44Oh44Oq44Kr44Gn5a6f6Zqb44Gr5L2/55So44GV44KM44Gm44GE44GfNeOCu+ODs+ODiOOCs+OCpOODs+OCkuOAgeOCs+ODs+ODgeODp+OBqOOBl+OBpuS9v+eUqOOAgjxCUj48QlI+CgrmmYLoqIjjgajjgZfjgabjga7mqZ/og73jga/jgoLjgaHjgo3jgpPjgIHjg6zjgrbjg7zjg7vjg5bjg6zjgrnjg6zjg4Pjg4jmhJ/opprjgafjgZTkvb/nlKjjgYTjgZ/jgaDjgZHjgb7jgZnjgII8QlI+CuOBvuOBn+OAgemdqeOBruijgeaWremdouOBr+iBt+S6uuOBjOS4gOi+uuS4gOi+uuOAgeaZgumWk+OCkuaOm+OBkeS4geWvp+OBq+ejqOOBjeS4iuOBkuiJtuOCkuWHuuOBl+OBpuOBhOOBvuOBmeOAgjxCUj48QlI+Cgrkvb/jgYTovrzjgoDjgYbjgaHjgavlkbPjgYzlh7rjgb7jgZnjga7jgafjgIHjgY3jgaPjgajjgYrmsJfjgavlhaXjgorjga7jgqLjgqTjg4bjg6Djgavjgarjgorjgb7jgZnjgojjgII8QlI+PEJSPgoKCgrigLvmloflrZfnm6Tjga/ml6XmnKzoo73jga7jgq/jgqnjg7zjg4TjgpLkvb/nlKjjgII8QlI+Cumbu+axoOOBruS6pOaPm+OBr+aZguioiOW6l+OBp+OBp+OBjeOBvuOBmeOCiOOAgjxCUj48QlI+CuODu+e0oOadkO+8muODrOOCtuODvO+8iOeJm+mdqe+8iTxCUj7jgrPjg7Pjg4Hjg6fjgIDjgqLjg7Pjg4bjgqPjg7zjgq/vvJXjgrvjg7Pjg4jjgrPjgqTjg7M8QlI+CuODu+mBqeW/nOOCteOCpOOCuu+8iOOCpuODh+WRqOOCiu+8ie+8mjE2Y23vvZ4xOGNtICgy5q616ZqO6Kq/56+A77yJPEJSPjxCUj4KCuOBiuWlveOBv+OBruaWh+Wtl+ebpOOBq+S6pOaPm+OBp+OBjeOBvuOBmeKZqjxCUj7jgJDmloflrZfnm6TkuIDopqfjga/jgZPjgaHjgonjgJE8QlI+PEJSPgoK4pag5pmC6KiI44CB44OW44Os44K544Os44OD44OIIOS4gOimp+OBr+OBk+OBoeOCiTxCUj4KCuKWoCDmlrDlhaXojbfpgJ/loLHjga/jgZPjgaHjgok8QlI+CuKWoFHvvIZB77ya44GU5Yip55So44Ks44Kk44OJ,44CQ44Od44Kk44Oz44OIMTDlgI3vvIEgNC8xN++8iOaciO+8iTk6NTnjgb7jgafjgJFLQydTICjjgrHjgqTjgrfjgqTjgropIOODrOOCtuODvOODluODrOOCueODu+OCpuOCqeODg+ODgSDjgrnjg6rjg7zjgrPjg7Pjg4Hjg6cv44OV44Oq44O844Kr44OD44OIIEtQUjAwMy9LUFI1MDMg44CQ6YCB5paZ54Sh5paZ44CR44OX44Os44K844Oz44OIIOOCruODleODiO+8mkpFQU5TLVNBTlNISU4=,bGV2aSdzIGplYW5zIOODquODvOODkOOCpOOCuSDjgrjjg7zjg7Pjgrog44OH44OL44OgIOOCuOODvOODkeODsyBH44OR44OzIGxldmlzIDUwMSA1MDIgNTAzIDUxN0VEV0lOIOOCqOODieOCpuOCo+ODsyDjgqjjg4njgqTjg7Mg44Kv44O844OrIOOCuOODo+ODvOOCuOODvOOCuiDmmpbjgYvjgYQg5pqW44OR44OzIHNhbGUg44K744O844OrIDUwMyB3aWxkIGZpcmUg44Ov44Kk44Or44OJ44OV44Kh44Kk44Ok44O844Ki44OT44Os44OD44Kv44K5IOODleODqeOCpOODiOOCuOODo+OCseODg+ODiCBBVklSRVgg44Ki44O044Kj44Os44OD44Kv44K5IOODn+ODquOCv+ODquODvCBBTFBIQSBNQS0xIOOCouODq+ODleOCoSDjgqLjg6vjg5XjgqHjg7wg44Of44Oq44K/44Oq44O8IE1BLTEgTUExIE4tM0IgTjNCIE4tMkIgTjJCIOOCv+ODs+OCq+ODvOOCuSDjg5Xjg6njgqTjg4jjgrjjg6PjgrHjg4Pjg4hDaGFtcGlvbiDjg4Hjg6Pjg7Pjg5Tjgqrjg7Mg44Ki44Oh44Kr44K4IOOCueOCpuOCp+ODg+ODiCDjg4jjg6zjg7zjg4rjg7wg44OR44O844Kr44O8IFTjgrfjg6Pjg4RsZWUgamVhbnMg44Oq44O8IOOCuOODvOODs+OCuiDjg5bjg7zjg4Tjgqvjg4Pjg4gg44OZ44Or44Oc44OI44OgIDIwMSAxMDEgMjAyIDIwNSAyMDBzYWxlIOOCu+ODvOODqyDlronjgYQg5rWB6KGMIOOBr+OChOOCiiDjgYrjgZfjgoPjgowg44KC44Gm44KLIOiEmumVtyDjgrfjg6vjgqjjg4Pjg4ggVOOCt+ODo+ODhCDjg53jg63jgrfjg6Pjg4Qg44Ot44OzVCDplbfoopZU44K344Oj44OEIOOCuOODo+OCseODg+ODiCDjgqLjgqbjgr/jg7wg44OA44Km44OzIOOCs+ODvOODiCDpmLLlr5Ig44K344Oj44OEIOOCquODg+OCr+OCueODleOCqeODvOODiSBhdmlyZXggTUEtMSBiLTMgYS0yIOODqeOCpOODgOODvOOCuSBzY2hvdHQg44K344On44OD44OIIOODqeOCpOODgOODvOOCuSDpnanjgrjjg6Pjg7Mg44Os44K244O844K444Oj44Kx44OD44OIIHVzYSDjg5Tjg7zjgrPjg7zjg4gg44OA44OD44OV44OrIOOCquODvOODkOODvOOCquODvOODqyDjgqrjg7zjg6vjgqTjg7Pjg6/jg7Mg44OE44OK44KuIOODmuODs+OCv+ODvOODkeODs+ODhCDjgrXjg63jg5rjg4Pjg4gg5L2c5qWt552AIOOCqOODs+OCuOODi+OCoiDku5XkuovnnYBNQS0xIE4tM0IgTS02NSBOLTEgbTY1IG4x44Ob44Ov44Kk44OI44OH44OL44OgIOODluODqeODg+OCr+ODh+ODi+ODoCDjgqvjg6njg7wg44OB44OO44OR44Oz44OEIOODgeODjuODkeODsyDjgqvjg7zjgrTjg5Hjg7Pjg4Tjgrnjgq3jg4vjg7wg44OG44O844OR44O844OJIOOCv+OCpOODiCDjgbXjgaTjgYYg44KG44Gj44Gf44KK6YCa5L+h6LKp5aOyIOmAmuiyqSDjg6Tjg57jg4jpgYvovLhob3VzdG9uIOODkuODpeODvOOCueODiOODsyDjg5/jg6rjgr/jg6rjg7wgbS01MSBtNTEg5pmC6KiIIOODluODrOOCueODrOODg+ODiCDosqHluIMg5bi95a2QIOODj+ODg+ODiCDjgqbjgqnjg6zjg4Pjg4gg44Kt44O844Ob44Or44OA44O8IOeBsOeav+ODh+ODi+ODoCDjgqvjg7zjgrTjg5Hjg7Pjg4Qg44K344On44O844OI44OR44Oz44OEIOOCr+ODreODg+ODl+ODieODkeODs+ODhCA35YiG5LiIIDXliIbkuIgg44Gv44KT44Gx5LiI44OZ44Or44Oc44OI44OgIOODluODvOODhOOCq+ODg+ODiCDjg5Xjg6zjgqLjg7zjg5/jg6rjgr/jg6rjg7wg44Ov44O844KvIOODk+ODs+ODhuODvOOCuOOAkOODneOCpOODs+ODiDEw5YCN77yBIDQvMTfvvIjmnIjvvIk5OjU544G+44Gn44CRS0MnUyAo44Kx44Kk44K344Kk44K6KSDjg6zjgrbjg7zjg5bjg6zjgrnjg7vjgqbjgqnjg4Pjg4Eg44K544Oq44O844Kz44Oz44OB44OnL+ODleODquODvOOCq+ODg+ODiCBLUFIwMDMvS1BSNTAzIOOAkOmAgeaWmeeEoeaWmeOAkeODl+ODrOOCvOODs+ODiCDjgq7jg5Xjg4g=,44CQ44Od44Kk44Oz44OIMTDlgI3vvIEgNC8xN++8iOaciO+8iTk6NTnjgb7jgafjgJFLQydTICjjgrHjgqTjgrfjgqTjgropIOODrOOCtuODvOODluODrOOCueODu+OCpuOCqeODg+ODgSDjgrnjg6rjg7zjgrPjg7Pjg4Hjg6cv44OV44Oq44O844Kr44OD44OIIEtQUjAwMy9LUFI1MDMg44CQ6YCB5paZ54Sh5paZ44CR44OX44Os44K844Oz44OIIOOCruODleODiA==[rn]
16-122052,aHR0cDovL3RzaG9wLnIxMHMuanAvc2Fuc2hpbi9jYWJpbmV0LzAwNjk0MjEzL2ltZzU5MDcwMjMwLmpwZz9maXRpbj03MDA6NzAw,ODA4MC4wMDAw,,6IWV5pmC6KiIID4g44Oh44Oz44K66IWV5pmC6KiI,44CQ44Od44Kk44Oz44OIMTDlgI3vvIEgNC8xN++8iOaciO+8iTk6NTnjgb7jgafjgJFLQydTICjjgrHjgqTjgrfjgqTjgropIOODrOOCtuODvOODluODrOOCueODu+OCpuOCqeODg+ODgSjmmYLoqIgpIC3jgqTjg7Pjg6zjgqQg44Oe44Or44OB44K144Op44OD44OaLSDjgr/jg7zjgrPjgqTjgrrmloflrZfnm6Tku5Xmp5ggS1NSNTU1IOOAkOmAgeaWmeeEoeaWmeOAkeODl+ODrOOCvOODs+ODiCDjgq7jg5Xjg4g=,,5paH5a2X55uk44Gr44Gh44KK44Gw44KB44KJ44KM44Gf44K/44O844Kz44Kk44K644Go44CB44Oe44Or44OB44Kr44Op44O844Gu44K144Op44OD44Oa44Gu44Kz44Oz44OT44ON44O844K344On44Oz44GM576O44GX44GE5pmC6KiI44CCPEJSPiA8QlI+CuaZguioiOOBqOOBl+OBpuOBruapn+iDveOBr+OCguOBoeOCjeOCk+OAgeODrOOCtuODvOODu+ODluODrOOCueODrOODg+ODiOaEn+immuOBp+OBlOS9v+eUqOOBhOOBn+OBoOOBkeOBvuOBmeOAgjxCUj48QlI+CuODjeOCpOODhuOCo+ODluOCouODoeODquOCq+ODs+OBqumbsOWbsuawl+OBjOa8guOBhuODluODrOOCueOCpuOCqeODg+ODgeOBp+OBme+8gTxCUj48QlI+4oC75paH5a2X55uk44Gv5pel5pys6KO944Gu44Kv44Kp44O844OE44KS5L2/55So44CCPEJSPjxCUj4K55S35oCn5aWz5oCn5ZWP44KP44Ga44CB44GU5oSb55So44GE44Gf44Gg44GR44G+44GZ4pmqPEJSPjxCUj4K6Zu75rGg44Gu5Lqk5o+b44Gv5pmC6KiI5bqX44Gn44Gn44GN44G+44GZ44KI44CCPEJSPjxCUj4KCuODu+e0oOadkO+8muODrOOCtuODvO+8iOeJm+mdqe+8iTxCUj7jg7vpganlv5zjgrXjgqTjgrrvvIjjgqbjg4flkajjgorvvInvvJoxNmNt772eMThjbSAoMuautemajuiqv+evgO+8iTxCUj48QlI+CgoK4pag5pmC6KiI44CB44OW44Os44K544Os44OD44OIIOS4gOimp+OBr+OBk+OBoeOCiTxCUj4KCuKWoCDmlrDlhaXojbfpgJ/loLHjga/jgZPjgaHjgok8QlI+CuKWoFHvvIZB77ya44GU5Yip55So44Ks44Kk44OJ,44CQ44Od44Kk44Oz44OIMTDlgI3vvIEgNC8xN++8iOaciO+8iTk6NTnjgb7jgafjgJFLQydTICjjgrHjgqTjgrfjgqTjgropIOODrOOCtuODvOODluODrOOCueODu+OCpuOCqeODg+ODgSjmmYLoqIgpIC3jgqTjg7Pjg6zjgqQg44Oe44Or44OB44K144Op44OD44OaLSDjgr/jg7zjgrPjgqTjgrrmloflrZfnm6Tku5Xmp5ggS1NSNTU1IOOAkOmAgeaWmeeEoeaWmeOAkeODl+ODrOOCvOODs+ODiCDjgq7jg5Xjg4jvvJpKRUFOUy1TQU5TSElO,bGV2aSdzIGplYW5zIOODquODvOODkOOCpOOCuSDjgrjjg7zjg7Pjgrog44OH44OL44OgIOOCuOODvOODkeODsyBH44OR44OzIGxldmlzIDUwMSA1MDIgNTAzIDUxN0VEV0lOIOOCqOODieOCpuOCo+ODsyDjgqjjg4njgqTjg7Mg44Kv44O844OrIOOCuOODo+ODvOOCuOODvOOCuiDmmpbjgYvjgYQg5pqW44OR44OzIHNhbGUg44K744O844OrIDUwMyB3aWxkIGZpcmUg44Ov44Kk44Or44OJ44OV44Kh44Kk44Ok44O844Ki44OT44Os44OD44Kv44K5IOODleODqeOCpOODiOOCuOODo+OCseODg+ODiCBBVklSRVgg44Ki44O044Kj44Os44OD44Kv44K5IOODn+ODquOCv+ODquODvCBBTFBIQSBNQS0xIOOCouODq+ODleOCoSDjgqLjg6vjg5XjgqHjg7wg44Of44Oq44K/44Oq44O8IE1BLTEgTUExIE4tM0IgTjNCIE4tMkIgTjJCIOOCv+ODs+OCq+ODvOOCuSDjg5Xjg6njgqTjg4jjgrjjg6PjgrHjg4Pjg4hDaGFtcGlvbiDjg4Hjg6Pjg7Pjg5Tjgqrjg7Mg44Ki44Oh44Kr44K4IOOCueOCpuOCp+ODg+ODiCDjg4jjg6zjg7zjg4rjg7wg44OR44O844Kr44O8IFTjgrfjg6Pjg4RsZWUgamVhbnMg44Oq44O8IOOCuOODvOODs+OCuiDjg5bjg7zjg4Tjgqvjg4Pjg4gg44OZ44Or44Oc44OI44OgIDIwMSAxMDEgMjAyIDIwNSAyMDBzYWxlIOOCu+ODvOODqyDlronjgYQg5rWB6KGMIOOBr+OChOOCiiDjgYrjgZfjgoPjgowg44KC44Gm44KLIOiEmumVtyDjgrfjg6vjgqjjg4Pjg4ggVOOCt+ODo+ODhCDjg53jg63jgrfjg6Pjg4Qg44Ot44OzVCDplbfoopZU44K344Oj44OEIOOCuOODo+OCseODg+ODiCDjgqLjgqbjgr/jg7wg44OA44Km44OzIOOCs+ODvOODiCDpmLLlr5Ig44K344Oj44OEIOOCquODg+OCr+OCueODleOCqeODvOODiSBhdmlyZXggTUEtMSBiLTMgYS0yIOODqeOCpOODgOODvOOCuSBzY2hvdHQg44K344On44OD44OIIOODqeOCpOODgOODvOOCuSDpnanjgrjjg6Pjg7Mg44Os44K244O844K444Oj44Kx44OD44OIIHVzYSDjg5Tjg7zjgrPjg7zjg4gg44OA44OD44OV44OrIOOCquODvOODkOODvOOCquODvOODqyDjgqrjg7zjg6vjgqTjg7Pjg6/jg7Mg44OE44OK44KuIOODmuODs+OCv+ODvOODkeODs+ODhCDjgrXjg63jg5rjg4Pjg4gg5L2c5qWt552AIOOCqOODs+OCuOODi+OCoiDku5XkuovnnYBNQS0xIE4tM0IgTS02NSBOLTEgbTY1IG4x44Ob44Ov44Kk44OI44OH44OL44OgIOODluODqeODg+OCr+ODh+ODi+ODoCDjgqvjg6njg7wg44OB44OO44OR44Oz44OEIOODgeODjuODkeODsyDjgqvjg7zjgrTjg5Hjg7Pjg4Tjgrnjgq3jg4vjg7wg44OG44O844OR44O844OJIOOCv+OCpOODiCDjgbXjgaTjgYYg44KG44Gj44Gf44KK6YCa5L+h6LKp5aOyIOmAmuiyqSDjg6Tjg57jg4jpgYvovLhob3VzdG9uIOODkuODpeODvOOCueODiOODsyDjg5/jg6rjgr/jg6rjg7wgbS01MSBtNTEg5pmC6KiIIOODluODrOOCueODrOODg+ODiCDosqHluIMg5bi95a2QIOODj+ODg+ODiCDjgqbjgqnjg6zjg4Pjg4gg44Kt44O844Ob44Or44OA44O8IOeBsOeav+ODh+ODi+ODoCDjgqvjg7zjgrTjg5Hjg7Pjg4Qg44K344On44O844OI44OR44Oz44OEIOOCr+ODreODg+ODl+ODieODkeODs+ODhCA35YiG5LiIIDXliIbkuIgg44Gv44KT44Gx5LiI44OZ44Or44Oc44OI44OgIOODluODvOODhOOCq+ODg+ODiCDjg5Xjg6zjgqLjg7zjg5/jg6rjgr/jg6rjg7wg44Ov44O844KvIOODk+ODs+ODhuODvOOCuOOAkOODneOCpOODs+ODiDEw5YCN77yBIDQvMTfvvIjmnIjvvIk5OjU544G+44Gn44CRS0MnUyAo44Kx44Kk44K344Kk44K6KSDjg6zjgrbjg7zjg5bjg6zjgrnjg7vjgqbjgqnjg4Pjg4Eo5pmC6KiIKSAt44Kk44Oz44Os44KkIOODnuODq+ODgeOCteODqeODg+ODmi0g44K/44O844Kz44Kk44K65paH5a2X55uk5LuV5qeYIEtTUjU1NSDjgJDpgIHmlpnnhKHmlpnjgJHjg5fjg6zjgrzjg7Pjg4gg44Ku44OV44OI,44CQ44Od44Kk44Oz44OIMTDlgI3vvIEgNC8xN++8iOaciO+8iTk6NTnjgb7jgafjgJFLQydTICjjgrHjgqTjgrfjgqTjgropIOODrOOCtuODvOODluODrOOCueODu+OCpuOCqeODg+ODgSjmmYLoqIgpIC3jgqTjg7Pjg6zjgqQg44Oe44Or44OB44K144Op44OD44OaLSDjgr/jg7zjgrPjgqTjgrrmloflrZfnm6Tku5Xmp5ggS1NSNTU1IOOAkOmAgeaWmeeEoeaWmeOAkeODl+ODrOOCvOODs+ODiCDjgq7jg5Xjg4g=[rn]
16-122053,aHR0cDovL3RzaG9wLnIxMHMuanAvc2Fuc2hpbi9jYWJpbmV0LzAwNjk0MjEzL2ltZzU5MDcwMjM4LmpwZz9maXRpbj03MDA6NzAw,NjE2MC4wMDAw,,6IWV5pmC6KiIID4g44Oh44Oz44K66IWV5pmC6KiI,44CQ44Od44Kk44Oz44OIMTDlgI3vvIEgNC8xN++8iOaciO+8iTk6NTnjgb7jgafjgJFLQydTICjjgrHjgqTjgrfjgqTjgropIOODrOOCtuODvOODluODrOOCueODu+OCpuOCqeODg+ODgSjmmYLoqIgpIC3jg4Djg5bjg6vjg5Djg4Pjgq/jg6sv44Ki44Oz44OG44Kj44O844Kv44Kz44Oz44OB44OnLSBLU1IwMjcvS1NSNTI3IOOAkOmAgeaWmeeEoeaWmeOAkeODl+ODrOOCvOODs+ODiCDjgq7jg5Xjg4g=,,44Ki44Oh44Oq44Kr44Gn5a6f6Zqb44Gr5L2/55So44GV44KM44Gm44GE44GfNeOCu+ODs+ODiOOCs+OCpOODs+OCkuOAgeOCs+ODs+ODgeODp+OBqOOBl+OBpuS9v+eUqOOAgjxCUj4K5pmC6KiI44Go44GX44Gm44Gu5qmf6IO944Gv44KC44Gh44KN44KT44CB44Os44K244O844O744OW44Os44K544Os44OD44OI5oSf6Kaa44Gn44GU5L2/55So44GE44Gf44Gg44GR44G+44GZ44CCPEJSPjxCUj4KCjLjgaTjga7jg5Djg4Pjgq/jg6vjgafjgIHnnYDohLHjgZnjgovjg5njg6vjg4jjgr/jgqTjg5fjga7jg5Djg7Pjg4njgafjgZnjgII8QlI+CuOCteOCpOOCuuOBr+OAgTPmrrXpmo7jgavoqr/mlbTlj6/og73jgafjgIHlpbPmgKfjgafjgoLnnYDnlKjjgafjgY3jgovjgojjgYbjgavlsJHjgZflsI/jgZXjgoHjga7jg6bjg4vjgrvjg4Pjgq/jgrnjgrXjgqTjgrrjgavjgarjgaPjgabjgYrjgorjgb7jgZnjgII8QlI+PEJSPgoKCgrigLvmloflrZfnm6Tjga/ml6XmnKzoo73jga7jgq/jgqnjg7zjg4TjgpLkvb/nlKjjgII8QlI+6Zu75rGg44Gu5Lqk5o+b44Gv5pmC6KiI5bqX44Gn44Gn44GN44G+44GZ44KI44CCPEJSPjxCUj4K44O757Sg5p2Q77ya44Os44K244O877yI54mb6Z2p77yJPEJSPuOCs+ODs+ODgeODp+OAgOOCouODs+ODhuOCo+ODvOOCr++8leOCu+ODs+ODiOOCs+OCpOODszxCUj7jg7vpganlv5zjgrXjgqTjgrrvvIjjgqbjg4flkajjgorvvInvvJoxNGNt772eMTdjbSAoM+autemajuiqv+evgO+8iTxCUj48QlI+CgrjgYrlpb3jgb/jga7mloflrZfnm6TjgavkuqTmj5vjgafjgY3jgb7jgZnimao8QlI+44CQ5paH5a2X55uk5LiA6Kan44Gv44GT44Gh44KJ44CRPEJSPjxCUj4KCuKWoOaZguioiOOAgeODluODrOOCueODrOODg+ODiCDkuIDopqfjga/jgZPjgaHjgok8QlI+CgrilqAg5paw5YWl6I236YCf5aCx44Gv44GT44Gh44KJPEJSPgrilqBR77yGQe+8muOBlOWIqeeUqOOCrOOCpOODiQ==,44CQ44Od44Kk44Oz44OIMTDlgI3vvIEgNC8xN++8iOaciO+8iTk6NTnjgb7jgafjgJFLQydTICjjgrHjgqTjgrfjgqTjgropIOODrOOCtuODvOODluODrOOCueODu+OCpuOCqeODg+ODgSjmmYLoqIgpIC3jg4Djg5bjg6vjg5Djg4Pjgq/jg6sv44Ki44Oz44OG44Kj44O844Kv44Kz44Oz44OB44OnLSBLU1IwMjcvS1NSNTI3IOOAkOmAgeaWmeeEoeaWmeOAkeODl+ODrOOCvOODs+ODiCDjgq7jg5Xjg4jvvJpKRUFOUy1TQU5TSElO,bGV2aSdzIGplYW5zIOODquODvOODkOOCpOOCuSDjgrjjg7zjg7Pjgrog44OH44OL44OgIOOCuOODvOODkeODsyBH44OR44OzIGxldmlzIDUwMSA1MDIgNTAzIDUxN0VEV0lOIOOCqOODieOCpuOCo+ODsyDjgqjjg4njgqTjg7Mg44Kv44O844OrIOOCuOODo+ODvOOCuOODvOOCuiDmmpbjgYvjgYQg5pqW44OR44OzIHNhbGUg44K744O844OrIDUwMyB3aWxkIGZpcmUg44Ov44Kk44Or44OJ44OV44Kh44Kk44Ok44O844Ki44OT44Os44OD44Kv44K5IOODleODqeOCpOODiOOCuOODo+OCseODg+ODiCBBVklSRVgg44Ki44O044Kj44Os44OD44Kv44K5IOODn+ODquOCv+ODquODvCBBTFBIQSBNQS0xIOOCouODq+ODleOCoSDjgqLjg6vjg5XjgqHjg7wg44Of44Oq44K/44Oq44O8IE1BLTEgTUExIE4tM0IgTjNCIE4tMkIgTjJCIOOCv+ODs+OCq+ODvOOCuSDjg5Xjg6njgqTjg4jjgrjjg6PjgrHjg4Pjg4hDaGFtcGlvbiDjg4Hjg6Pjg7Pjg5Tjgqrjg7Mg44Ki44Oh44Kr44K4IOOCueOCpuOCp+ODg+ODiCDjg4jjg6zjg7zjg4rjg7wg44OR44O844Kr44O8IFTjgrfjg6Pjg4RsZWUgamVhbnMg44Oq44O8IOOCuOODvOODs+OCuiDjg5bjg7zjg4Tjgqvjg4Pjg4gg44OZ44Or44Oc44OI44OgIDIwMSAxMDEgMjAyIDIwNSAyMDBzYWxlIOOCu+ODvOODqyDlronjgYQg5rWB6KGMIOOBr+OChOOCiiDjgYrjgZfjgoPjgowg44KC44Gm44KLIOiEmumVtyDjgrfjg6vjgqjjg4Pjg4ggVOOCt+ODo+ODhCDjg53jg63jgrfjg6Pjg4Qg44Ot44OzVCDplbfoopZU44K344Oj44OEIOOCuOODo+OCseODg+ODiCDjgqLjgqbjgr/jg7wg44OA44Km44OzIOOCs+ODvOODiCDpmLLlr5Ig44K344Oj44OEIOOCquODg+OCr+OCueODleOCqeODvOODiSBhdmlyZXggTUEtMSBiLTMgYS0yIOODqeOCpOODgOODvOOCuSBzY2hvdHQg44K344On44OD44OIIOODqeOCpOODgOODvOOCuSDpnanjgrjjg6Pjg7Mg44Os44K244O844K444Oj44Kx44OD44OIIHVzYSDjg5Tjg7zjgrPjg7zjg4gg44OA44OD44OV44OrIOOCquODvOODkOODvOOCquODvOODqyDjgqrjg7zjg6vjgqTjg7Pjg6/jg7Mg44OE44OK44KuIOODmuODs+OCv+ODvOODkeODs+ODhCDjgrXjg63jg5rjg4Pjg4gg5L2c5qWt552AIOOCqOODs+OCuOODi+OCoiDku5XkuovnnYBNQS0xIE4tM0IgTS02NSBOLTEgbTY1IG4x44Ob44Ov44Kk44OI44OH44OL44OgIOODluODqeODg+OCr+ODh+ODi+ODoCDjgqvjg6njg7wg44OB44OO44OR44Oz44OEIOODgeODjuODkeODsyDjgqvjg7zjgrTjg5Hjg7Pjg4Tjgrnjgq3jg4vjg7wg44OG44O844OR44O844OJIOOCv+OCpOODiCDjgbXjgaTjgYYg44KG44Gj44Gf44KK6YCa5L+h6LKp5aOyIOmAmuiyqSDjg6Tjg57jg4jpgYvovLhob3VzdG9uIOODkuODpeODvOOCueODiOODsyDjg5/jg6rjgr/jg6rjg7wgbS01MSBtNTEg5pmC6KiIIOODluODrOOCueODrOODg+ODiCDosqHluIMg5bi95a2QIOODj+ODg+ODiCDjgqbjgqnjg6zjg4Pjg4gg44Kt44O844Ob44Or44OA44O8IOeBsOeav+ODh+ODi+ODoCDjgqvjg7zjgrTjg5Hjg7Pjg4Qg44K344On44O844OI44OR44Oz44OEIOOCr+ODreODg+ODl+ODieODkeODs+ODhCA35YiG5LiIIDXliIbkuIgg44Gv44KT44Gx5LiI44OZ44Or44Oc44OI44OgIOODluODvOODhOOCq+ODg+ODiCDjg5Xjg6zjgqLjg7zjg5/jg6rjgr/jg6rjg7wg44Ov44O844KvIOODk+ODs+ODhuODvOOCuOOAkOODneOCpOODs+ODiDEw5YCN77yBIDQvMTfvvIjmnIjvvIk5OjU544G+44Gn44CRS0MnUyAo44Kx44Kk44K344Kk44K6KSDjg6zjgrbjg7zjg5bjg6zjgrnjg7vjgqbjgqnjg4Pjg4Eo5pmC6KiIKSAt44OA44OW44Or44OQ44OD44Kv44OrL+OCouODs+ODhuOCo+ODvOOCr+OCs+ODs+ODgeODpy0gS1NSMDI3L0tTUjUyNyDjgJDpgIHmlpnnhKHmlpnjgJHjg5fjg6zjgrzjg7Pjg4gg44Ku44OV44OI,44CQ44Od44Kk44Oz44OIMTDlgI3vvIEgNC8xN++8iOaciO+8iTk6NTnjgb7jgafjgJFLQydTICjjgrHjgqTjgrfjgqTjgropIOODrOOCtuODvOODluODrOOCueODu+OCpuOCqeODg+ODgSjmmYLoqIgpIC3jg4Djg5bjg6vjg5Djg4Pjgq/jg6sv44Ki44Oz44OG44Kj44O844Kv44Kz44Oz44OB44OnLSBLU1IwMjcvS1NSNTI3IOOAkOmAgeaWmeeEoeaWmeOAkeODl+ODrOOCvOODs+ODiCDjgq7jg5Xjg4g=[rn]
16-122054,aHR0cDovL3RzaG9wLnIxMHMuanAvc2Fuc2hpbi9jYWJpbmV0LzAwNjk0MjEzL2ltZzU5MDcwMjIzLmpwZz9maXRpbj03MDA6NzAw,OTA0MC4wMDAw,,6IWV5pmC6KiIID4g44Oh44Oz44K66IWV5pmC6KiI,44CQ44Od44Kk44Oz44OIMTDlgI3vvIEgNC8xN++8iOaciO+8iTk6NTnjgb7jgafjgJFLQydTICjjgrHjgqTjgrfjgqTjgropIOODrOOCtuODvOODluODrOOCueOCpuOCqeODg+ODgS/mmYLoqIggLeOCueOCv+ODs+ODh+OCo+ODs+OCsCDjg63jg4Pjgq8v44OM44OQ44OD44Kv5Yi657mNLSBLU1IwNTYg44CQ6YCB5paZ54Sh5paZ44CR44OX44Os44K844Oz44OIIOOCruODleODiA==,,44OW44Os44K544Os44OD44OI5oSf6Kaa44Gn5L2/44GI44KL4oCc44Os44K244O844OW44Os44K544O744Km44Kp44OD44OB4oCd44CCPEJSPjxCUj4KCuOCouODoeODquOCqyAg44K144Km44K544OA44Kz44K/5bee44K544K/44Oz44OH44Kj44Oz44KwIOODreODg+OCr+WxheeVmeWcsOOBq+S9j+OCgOODqeOCs+OCv++8iOOCueODvO+8ieaXj+OBruS8nee1seaooeanmOOCkuOAgeODk+ODreODvOODieeKtuOBruOBjeOCgee0sOOChOOBi+OBquODjOODkOODg+OCr+e0oOadkOOBq+aXpeacrOOBrumrmOW6puOBquWIuue5jeaKgOihk+OBp+WIuue5je+8gTxCUj48QlI+CuODjeOCpOODhuOCo+ODluOCouODoeODquOCq+ODs+OBqumbsOWbsuawl+OBjOa8guOBhuODluODrOOCueOCpuOCqeODg+ODgeOBp+OBme+8gTxCUj48QlI+Cgrpnanjga7oo4Hmlq3pnaLjga/ogbfkurrjgYzkuIDovrrkuIDovrrjgIHmmYLplpPjgpLmjpvjgZE8QlI+5LiB5a+n44Gr56Oo44GN5LiK44GS6Im244KS5Ye644GX44Gm44GE44G+44GZ44CCPEJSPjxCUj4K5L2/44GE6L6844KA44GG44Gh44Gr5ZGz44GM5Ye644G+44GZ44Gu44Gn44CB44GN44Gj44Go44GK5rCX44Gr5YWl44KK44Gu44Ki44Kk44OG44Og44Gr44Gq44KK44G+44GZ44KI44CCPEJSPjxCUj4K55S35oCn5aWz5oCn5ZWP44KP44Ga44CB44GU5oSb55So44GE44Gf44Gg44GR44G+44GZ4pmqPEJSPjxCUj4KCgrigLvmloflrZfnm6Tjga/ml6XmnKzoo73jga7jgq/jgqnjg7zjg4TjgpLkvb/nlKjjgII8QlI+6Zu75rGg44Gu5Lqk5o+b44Gv5pmC6KiI5bqX44Gn44Gn44GN44G+44GZ44KI44CCPEJSPjxIUj4K44O757Sg5p2Q77ya44Os44K244O877yI54mb6Z2p77yJPEJSPuODu+mBqeW/nOOCteOCpOOCuu+8iOOCpuODh+WRqOOCiu+8ie+8mjE2Y23vvZ4xOGNtICgy5q616ZqO6Kq/56+A77yJPEJSPjxCUj4KCuOBiuWlveOBv+OBruaWh+Wtl+ebpOOBq+S6pOaPm+OBp+OBjeOBvuOBmeKZqjxCUj7jgJDmloflrZfnm6TkuIDopqfjga/jgZPjgaHjgonjgJE8QlI+PEJSPgoK4pag5pmC6KiI44CB44OW44Os44K544Os44OD44OIIOS4gOimp+OBr+OBk+OBoeOCiTxCUj4KCuKWoCDmlrDlhaXojbfpgJ/loLHjga/jgZPjgaHjgok8QlI+CuKWoFHvvIZB77ya44GU5Yip55So44Ks44Kk44OJ,44CQ44Od44Kk44Oz44OIMTDlgI3vvIEgNC8xN++8iOaciO+8iTk6NTnjgb7jgafjgJFLQydTICjjgrHjgqTjgrfjgqTjgropIOODrOOCtuODvOODluODrOOCueOCpuOCqeODg+ODgS/mmYLoqIggLeOCueOCv+ODs+ODh+OCo+ODs+OCsCDjg63jg4Pjgq8v44OM44OQ44OD44Kv5Yi657mNLSBLU1IwNTYg44CQ6YCB5paZ54Sh5paZ44CR44OX44Os44K844Oz44OIIOOCruODleODiO+8mkpFQU5TLVNBTlNISU4=,bGV2aSdzIGplYW5zIOODquODvOODkOOCpOOCuSDjgrjjg7zjg7Pjgrog44OH44OL44OgIOOCuOODvOODkeODsyBH44OR44OzIGxldmlzIDUwMSA1MDIgNTAzIDUxN0VEV0lOIOOCqOODieOCpuOCo+ODsyDjgqjjg4njgqTjg7Mg44Kv44O844OrIOOCuOODo+ODvOOCuOODvOOCuiDmmpbjgYvjgYQg5pqW44OR44OzIHNhbGUg44K744O844OrIDUwMyB3aWxkIGZpcmUg44Ov44Kk44Or44OJ44OV44Kh44Kk44Ok44O844Ki44OT44Os44OD44Kv44K5IOODleODqeOCpOODiOOCuOODo+OCseODg+ODiCBBVklSRVgg44Ki44O044Kj44Os44OD44Kv44K5IOODn+ODquOCv+ODquODvCBBTFBIQSBNQS0xIOOCouODq+ODleOCoSDjgqLjg6vjg5XjgqHjg7wg44Of44Oq44K/44Oq44O8IE1BLTEgTUExIE4tM0IgTjNCIE4tMkIgTjJCIOOCv+ODs+OCq+ODvOOCuSDjg5Xjg6njgqTjg4jjgrjjg6PjgrHjg4Pjg4hDaGFtcGlvbiDjg4Hjg6Pjg7Pjg5Tjgqrjg7Mg44Ki44Oh44Kr44K4IOOCueOCpuOCp+ODg+ODiCDjg4jjg6zjg7zjg4rjg7wg44OR44O844Kr44O8IFTjgrfjg6Pjg4RsZWUgamVhbnMg44Oq44O8IOOCuOODvOODs+OCuiDjg5bjg7zjg4Tjgqvjg4Pjg4gg44OZ44Or44Oc44OI44OgIDIwMSAxMDEgMjAyIDIwNSAyMDBzYWxlIOOCu+ODvOODqyDlronjgYQg5rWB6KGMIOOBr+OChOOCiiDjgYrjgZfjgoPjgowg44KC44Gm44KLIOiEmumVtyDjgrfjg6vjgqjjg4Pjg4ggVOOCt+ODo+ODhCDjg53jg63jgrfjg6Pjg4Qg44Ot44OzVCDplbfoopZU44K344Oj44OEIOOCuOODo+OCseODg+ODiCDjgqLjgqbjgr/jg7wg44OA44Km44OzIOOCs+ODvOODiCDpmLLlr5Ig44K344Oj44OEIOOCquODg+OCr+OCueODleOCqeODvOODiSBhdmlyZXggTUEtMSBiLTMgYS0yIOODqeOCpOODgOODvOOCuSBzY2hvdHQg44K344On44OD44OIIOODqeOCpOODgOODvOOCuSDpnanjgrjjg6Pjg7Mg44Os44K244O844K444Oj44Kx44OD44OIIHVzYSDjg5Tjg7zjgrPjg7zjg4gg44OA44OD44OV44OrIOOCquODvOODkOODvOOCquODvOODqyDjgqrjg7zjg6vjgqTjg7Pjg6/jg7Mg44OE44OK44KuIOODmuODs+OCv+ODvOODkeODs+ODhCDjgrXjg63jg5rjg4Pjg4gg5L2c5qWt552AIOOCqOODs+OCuOODi+OCoiDku5XkuovnnYBNQS0xIE4tM0IgTS02NSBOLTEgbTY1IG4x44Ob44Ov44Kk44OI44OH44OL44OgIOODluODqeODg+OCr+ODh+ODi+ODoCDjgqvjg6njg7wg44OB44OO44OR44Oz44OEIOODgeODjuODkeODsyDjgqvjg7zjgrTjg5Hjg7Pjg4Tjgrnjgq3jg4vjg7wg44OG44O844OR44O844OJIOOCv+OCpOODiCDjgbXjgaTjgYYg44KG44Gj44Gf44KK6YCa5L+h6LKp5aOyIOmAmuiyqSDjg6Tjg57jg4jpgYvovLhob3VzdG9uIOODkuODpeODvOOCueODiOODsyDjg5/jg6rjgr/jg6rjg7wgbS01MSBtNTEg5pmC6KiIIOODluODrOOCueODrOODg+ODiCDosqHluIMg5bi95a2QIOODj+ODg+ODiCDjgqbjgqnjg6zjg4Pjg4gg44Kt44O844Ob44Or44OA44O8IOeBsOeav+ODh+ODi+ODoCDjgqvjg7zjgrTjg5Hjg7Pjg4Qg44K344On44O844OI44OR44Oz44OEIOOCr+ODreODg+ODl+ODieODkeODs+ODhCA35YiG5LiIIDXliIbkuIgg44Gv44KT44Gx5LiI44OZ44Or44Oc44OI44OgIOODluODvOODhOOCq+ODg+ODiCDjg5Xjg6zjgqLjg7zjg5/jg6rjgr/jg6rjg7wg44Ov44O844KvIOODk+ODs+ODhuODvOOCuOOAkOODneOCpOODs+ODiDEw5YCN77yBIDQvMTfvvIjmnIjvvIk5OjU544G+44Gn44CRS0MnUyAo44Kx44Kk44K344Kk44K6KSDjg6zjgrbjg7zjg5bjg6zjgrnjgqbjgqnjg4Pjg4Ev5pmC6KiIIC3jgrnjgr/jg7Pjg4fjgqPjg7PjgrAg44Ot44OD44KvL+ODjOODkOODg+OCr+WIuue5jS0gS1NSMDU2IOOAkOmAgeaWmeeEoeaWmeOAkeODl+ODrOOCvOODs+ODiCDjgq7jg5Xjg4g=,44CQ44Od44Kk44Oz44OIMTDlgI3vvIEgNC8xN++8iOaciO+8iTk6NTnjgb7jgafjgJFLQydTICjjgrHjgqTjgrfjgqTjgropIOODrOOCtuODvOODluODrOOCueOCpuOCqeODg+ODgS/mmYLoqIggLeOCueOCv+ODs+ODh+OCo+ODs+OCsCDjg63jg4Pjgq8v44OM44OQ44OD44Kv5Yi657mNLSBLU1IwNTYg44CQ6YCB5paZ54Sh5paZ44CR44OX44Os44K844Oz44OIIOOCruODleODiA==[rn]
16-122055,aHR0cDovL3RzaG9wLnIxMHMuanAvc2Fuc2hpbi9jYWJpbmV0LzAwNjk0MjEzL2ltZzU5MDcwMjMyLmpwZz9maXRpbj03MDA6NzAw,NzQ0MC4wMDAw,,6IWV5pmC6KiIID4g44Oh44Oz44K66IWV5pmC6KiI,44CQ44Od44Kk44Oz44OIMTDlgI3vvIEgNC8xN++8iOaciO+8iTk6NTnjgb7jgafjgJFLQydTICjjgrHjgqTjgrfjgqTjgropIOODrOOCtuODvOODluODrOOCueODu+OCpuOCqeODg+ODgSjmmYLoqIgpIC3jg4rjg4Pjgrfjg6Xjg5Pjg6stIEtJUjAwMy9LSVI1MDMg44CQ6YCB5paZ54Sh5paZ44CR44OX44Os44K844Oz44OIIOOCruODleODiA==,,44OE44O844OI44Oz44Gu44Os44K244O844GM44Kq44K344Oj44Os44Gq44Os44K244O844Km44Kp44OD44OB44CCPEJSPjxCUj4K5pmC6KiI44Go44GX44Gm44Gu5qmf6IO944Gv44KC44Gh44KN44KT44CB44Os44K244O844O744OW44Os44K544Os44OD44OI5oSf6Kaa44Gn44KC44GU5L2/55So44GE44Gf44Gg44GR44G+44GZ44CCPEJSPjxCUj7jgb7jgZ/jgIHpnanjga7oo4Hmlq3pnaLjga/ogbfkurrjgYzkuIDovrrkuIDovrrjgIHmmYLplpPjgpLmjpvjgZHkuIHlr6fjgavno6jjgY3kuIrjgZLoibbjgpLlh7rjgZfjgabjgYTjgb7jgZnjgII8QlI+PEJSPgrkvb/jgYTovrzjgoDjgYbjgaHjgavlkbPjgYzlh7rjgb7jgZnjga7jgafjgIHjgY3jgaPjgajjgYrmsJfjgavlhaXjgorjga7jgqLjgqTjg4bjg6Djgavjgarjgorjgb7jgZnjgojjgII8QlI+PEJSPgoKCuODu+e0oOadkO+8muODrOOCtuODvO+8iOeJm+mdqe+8iTxCUj7pganlv5zjgrXjgqTjgrrvvIjjgqbjg4flkajjgorvvInvvJoxNGNt772eMTljbSg15q616ZqO6Kq/56+A77yJPEJSPjxCUj4KCuOBiuWlveOBv+OBruaWh+Wtl+ebpOOBq+S6pOaPm+OBp+OBjeOBvuOBmeKZqjxCUj7jgJDmloflrZfnm6TkuIDopqfjga/jgZPjgaHjgonjgJE8QlI+PEJSPgoK4pag5pmC6KiI44CB44OW44Os44K544Os44OD44OIIOS4gOimp+OBr+OBk+OBoeOCiTxCUj4KCuKWoCDmlrDlhaXojbfpgJ/loLHjga/jgZPjgaHjgok8QlI+CuKWoFHvvIZB77ya44GU5Yip55So44Ks44Kk44OJ,44CQ44Od44Kk44Oz44OIMTDlgI3vvIEgNC8xN++8iOaciO+8iTk6NTnjgb7jgafjgJFLQydTICjjgrHjgqTjgrfjgqTjgropIOODrOOCtuODvOODluODrOOCueODu+OCpuOCqeODg+ODgSjmmYLoqIgpIC3jg4rjg4Pjgrfjg6Xjg5Pjg6stIEtJUjAwMy9LSVI1MDMg44CQ6YCB5paZ54Sh5paZ44CR44OX44Os44K844Oz44OIIOOCruODleODiO+8mkpFQU5TLVNBTlNISU4=,bGV2aSdzIGplYW5zIOODquODvOODkOOCpOOCuSDjgrjjg7zjg7Pjgrog44OH44OL44OgIOOCuOODvOODkeODsyBH44OR44OzIGxldmlzIDUwMSA1MDIgNTAzIDUxN0VEV0lOIOOCqOODieOCpuOCo+ODsyDjgqjjg4njgqTjg7Mg44Kv44O844OrIOOCuOODo+ODvOOCuOODvOOCuiDmmpbjgYvjgYQg5pqW44OR44OzIHNhbGUg44K744O844OrIDUwMyB3aWxkIGZpcmUg44Ov44Kk44Or44OJ44OV44Kh44Kk44Ok44O844Ki44OT44Os44OD44Kv44K5IOODleODqeOCpOODiOOCuOODo+OCseODg+ODiCBBVklSRVgg44Ki44O044Kj44Os44OD44Kv44K5IOODn+ODquOCv+ODquODvCBBTFBIQSBNQS0xIOOCouODq+ODleOCoSDjgqLjg6vjg5XjgqHjg7wg44Of44Oq44K/44Oq44O8IE1BLTEgTUExIE4tM0IgTjNCIE4tMkIgTjJCIOOCv+ODs+OCq+ODvOOCuSDjg5Xjg6njgqTjg4jjgrjjg6PjgrHjg4Pjg4hDaGFtcGlvbiDjg4Hjg6Pjg7Pjg5Tjgqrjg7Mg44Ki44Oh44Kr44K4IOOCueOCpuOCp+ODg+ODiCDjg4jjg6zjg7zjg4rjg7wg44OR44O844Kr44O8IFTjgrfjg6Pjg4RsZWUgamVhbnMg44Oq44O8IOOCuOODvOODs+OCuiDjg5bjg7zjg4Tjgqvjg4Pjg4gg44OZ44Or44Oc44OI44OgIDIwMSAxMDEgMjAyIDIwNSAyMDBzYWxlIOOCu+ODvOODqyDlronjgYQg5rWB6KGMIOOBr+OChOOCiiDjgYrjgZfjgoPjgowg44KC44Gm44KLIOiEmumVtyDjgrfjg6vjgqjjg4Pjg4ggVOOCt+ODo+ODhCDjg53jg63jgrfjg6Pjg4Qg44Ot44OzVCDplbfoopZU44K344Oj44OEIOOCuOODo+OCseODg+ODiCDjgqLjgqbjgr/jg7wg44OA44Km44OzIOOCs+ODvOODiCDpmLLlr5Ig44K344Oj44OEIOOCquODg+OCr+OCueODleOCqeODvOODiSBhdmlyZXggTUEtMSBiLTMgYS0yIOODqeOCpOODgOODvOOCuSBzY2hvdHQg44K344On44OD44OIIOODqeOCpOODgOODvOOCuSDpnanjgrjjg6Pjg7Mg44Os44K244O844K444Oj44Kx44OD44OIIHVzYSDjg5Tjg7zjgrPjg7zjg4gg44OA44OD44OV44OrIOOCquODvOODkOODvOOCquODvOODqyDjgqrjg7zjg6vjgqTjg7Pjg6/jg7Mg44OE44OK44KuIOODmuODs+OCv+ODvOODkeODs+ODhCDjgrXjg63jg5rjg4Pjg4gg5L2c5qWt552AIOOCqOODs+OCuOODi+OCoiDku5XkuovnnYBNQS0xIE4tM0IgTS02NSBOLTEgbTY1IG4x44Ob44Ov44Kk44OI44OH44OL44OgIOODluODqeODg+OCr+ODh+ODi+ODoCDjgqvjg6njg7wg44OB44OO44OR44Oz44OEIOODgeODjuODkeODsyDjgqvjg7zjgrTjg5Hjg7Pjg4Tjgrnjgq3jg4vjg7wg44OG44O844OR44O844OJIOOCv+OCpOODiCDjgbXjgaTjgYYg44KG44Gj44Gf44KK6YCa5L+h6LKp5aOyIOmAmuiyqSDjg6Tjg57jg4jpgYvovLhob3VzdG9uIOODkuODpeODvOOCueODiOODsyDjg5/jg6rjgr/jg6rjg7wgbS01MSBtNTEg5pmC6KiIIOODluODrOOCueODrOODg+ODiCDosqHluIMg5bi95a2QIOODj+ODg+ODiCDjgqbjgqnjg6zjg4Pjg4gg44Kt44O844Ob44Or44OA44O8IOeBsOeav+ODh+ODi+ODoCDjgqvjg7zjgrTjg5Hjg7Pjg4Qg44K344On44O844OI44OR44Oz44OEIOOCr+ODreODg+ODl+ODieODkeODs+ODhCA35YiG5LiIIDXliIbkuIgg44Gv44KT44Gx5LiI44OZ44Or44Oc44OI44OgIOODluODvOODhOOCq+ODg+ODiCDjg5Xjg6zjgqLjg7zjg5/jg6rjgr/jg6rjg7wg44Ov44O844KvIOODk+ODs+ODhuODvOOCuOOAkOODneOCpOODs+ODiDEw5YCN77yBIDQvMTfvvIjmnIjvvIk5OjU544G+44Gn44CRS0MnUyAo44Kx44Kk44K344Kk44K6KSDjg6zjgrbjg7zjg5bjg6zjgrnjg7vjgqbjgqnjg4Pjg4Eo5pmC6KiIKSAt44OK44OD44K344Ol44OT44OrLSBLSVIwMDMvS0lSNTAzIOOAkOmAgeaWmeeEoeaWmeOAkeODl+ODrOOCvOODs+ODiCDjgq7jg5Xjg4g=,44CQ44Od44Kk44Oz44OIMTDlgI3vvIEgNC8xN++8iOaciO+8iTk6NTnjgb7jgafjgJFLQydTICjjgrHjgqTjgrfjgqTjgropIOODrOOCtuODvOODluODrOOCueODu+OCpuOCqeODg+ODgSjmmYLoqIgpIC3jg4rjg4Pjgrfjg6Xjg5Pjg6stIEtJUjAwMy9LSVI1MDMg44CQ6YCB5paZ54Sh5paZ44CR44OX44Os44K844Oz44OIIOOCruODleODiA==[rn]
16-122056,aHR0cDovL3RzaG9wLnIxMHMuanAvc2Fuc2hpbi9jYWJpbmV0LzAwNjk0MjEzL2ltZzU5MDYxMDQzLmpwZz9maXRpbj03MDA6NzAw,ODAwMC4wMDAw,,6IWV5pmC6KiIID4g44Oh44Oz44K66IWV5pmC6KiI,44CQ44Od44Kk44Oz44OIMTDlgI3vvIEgNC8xN++8iOaciO+8iTk6NTnjgb7jgafjgJFLQydTIO+8iOOCseOCpOOCt+OCpOOCuu+8iSDjg6zjgrbjg7zjg5bjg6zjgrnjgqbjgqnjg4Pjg4EgLeOCqOOCueODkeODi+ODp+ODvOODqS/jg5Xjg6rjg7zjgqvjg4Pjg4gtIEtQUjAxMi9LUFI1MTIg44CQ6YCB5paZ54Sh5paZ44CR44OX44Os44K844Oz44OIIOOCruODleODiA==,,44OW44Os44K544Os44OD44OI5oSf6Kaa44Gn5L2/44GI44KL4oCc44Os44K244O844OW44Os44K544Km44Kp44OD44OB4oCd44CCPEJSPjxCUj4K44Ki44Oh44Oq44Kr44Gn5a6f6Zqb44Gr5L2/55So44GV44KM44Gm44GE44GfNeOCu+ODs+ODiOOCs+OCpOODs+OCkuOAgeOCs+ODs+ODgeODp+OBqOOBl+OBpuS9v+eUqOOAgjxCUj48QlI+Cgrpnanjga7ooajpnaLjga/ogbfkurrjga7miYvlvavjgorvvIjjgqvjg7zjg5Pjg7PjgrDvvInjgavjgojjgovjgIHoirjooZPnmoTjgarmqKHmp5jjgYzmlr3jgZXjgozjgabjgYTjgb7jgZnvvIE8QlI+PEJSPgoK44G+44Gf44CB6Z2p44Gu6KOB5pat6Z2i44Gv6IG35Lq644GM5LiA6L665LiA6L6644CB5pmC6ZaT44KS5o6b44GR5LiB5a+n44Gr56Oo44GN5LiK44GS6Im244KS5Ye644GX44Gm44GE44G+44GZ44CCPEJSPgrkvb/jgYTovrzjgoDjgYbjgaHjgavlkbPjgYzlh7rjgb7jgZnjga7jgafjgIHjgY3jgaPjgajjgYrmsJfjgavlhaXjgorjga7jgqLjgqTjg4bjg6Djgavjgarjgorjgb7jgZnjgojjgII8QlI+PEJSPgoKCuKAu+aWh+Wtl+ebpOOBr+aXpeacrOijveOBruOCr+OCqeODvOODhOOCkuS9v+eUqOOAgjxCUj4K6Zu75rGg44Gu5Lqk5o+b44Gv5pmC6KiI5bqX44Gn44Gn44GN44G+44GZ44KI44CCPEJSPjxCUj4K44O757Sg5p2Q77ya44Os44K244O877yI54mb6Z2p77yJPEJSPu+8iOOCs+ODs+ODgeODp++8ieOCouODs+ODhuOCo+ODvOOCr++8leOCu+ODs+ODiOOCs+OCpOODszxCUj7jg7vpganlv5zjgrXjgqTjgrrvvIjohZXlkajjgorvvInvvJoxN2Nt772eMjJjbSAoNuautemajuiqv+evgO+8iTxCUj48QlI+CgrjgYrlpb3jgb/jga7mloflrZfnm6TjgavkuqTmj5vjgafjgY3jgb7jgZnimao8QlI+44CQ5paH5a2X55uk5LiA6Kan44Gv44GT44Gh44KJ44CRPEJSPjxCUj4KCuKWoOaZguioiOOAgeODluODrOOCueODrOODg+ODiCDkuIDopqfjga/jgZPjgaHjgok8QlI+CgrilqAg5paw5YWl6I236YCf5aCx44Gv44GT44Gh44KJPEJSPgrilqBR77yGQe+8muOBlOWIqeeUqOOCrOOCpOODiQ==,44CQ44Od44Kk44Oz44OIMTDlgI3vvIEgNC8xN++8iOaciO+8iTk6NTnjgb7jgafjgJFLQydTIO+8iOOCseOCpOOCt+OCpOOCuu+8iSDjg6zjgrbjg7zjg5bjg6zjgrnjgqbjgqnjg4Pjg4EgLeOCqOOCueODkeODi+ODp+ODvOODqS/jg5Xjg6rjg7zjgqvjg4Pjg4gtIEtQUjAxMi9LUFI1MTIg44CQ6YCB5paZ54Sh5paZ44CR44OX44Os44K844Oz44OIIOOCruODleODiO+8mkpFQU5TLVNBTlNISU4=,bGV2aSdzIGplYW5zIOODquODvOODkOOCpOOCuSDjgrjjg7zjg7Pjgrog44OH44OL44OgIOOCuOODvOODkeODsyBH44OR44OzIGxldmlzIDUwMSA1MDIgNTAzIDUxN0VEV0lOIOOCqOODieOCpuOCo+ODsyDjgqjjg4njgqTjg7Mg44Kv44O844OrIOOCuOODo+ODvOOCuOODvOOCuiDmmpbjgYvjgYQg5pqW44OR44OzIHNhbGUg44K744O844OrIDUwMyB3aWxkIGZpcmUg44Ov44Kk44Or44OJ44OV44Kh44Kk44Ok44O844Ki44OT44Os44OD44Kv44K5IOODleODqeOCpOODiOOCuOODo+OCseODg+ODiCBBVklSRVgg44Ki44O044Kj44Os44OD44Kv44K5IOODn+ODquOCv+ODquODvCBBTFBIQSBNQS0xIOOCouODq+ODleOCoSDjgqLjg6vjg5XjgqHjg7wg44Of44Oq44K/44Oq44O8IE1BLTEgTUExIE4tM0IgTjNCIE4tMkIgTjJCIOOCv+ODs+OCq+ODvOOCuSDjg5Xjg6njgqTjg4jjgrjjg6PjgrHjg4Pjg4hDaGFtcGlvbiDjg4Hjg6Pjg7Pjg5Tjgqrjg7Mg44Ki44Oh44Kr44K4IOOCueOCpuOCp+ODg+ODiCDjg4jjg6zjg7zjg4rjg7wg44OR44O844Kr44O8IFTjgrfjg6Pjg4RsZWUgamVhbnMg44Oq44O8IOOCuOODvOODs+OCuiDjg5bjg7zjg4Tjgqvjg4Pjg4gg44OZ44Or44Oc44OI44OgIDIwMSAxMDEgMjAyIDIwNSAyMDBzYWxlIOOCu+ODvOODqyDlronjgYQg5rWB6KGMIOOBr+OChOOCiiDjgYrjgZfjgoPjgowg44KC44Gm44KLIOiEmumVtyDjgrfjg6vjgqjjg4Pjg4ggVOOCt+ODo+ODhCDjg53jg63jgrfjg6Pjg4Qg44Ot44OzVCDplbfoopZU44K344Oj44OEIOOCuOODo+OCseODg+ODiCDjgqLjgqbjgr/jg7wg44OA44Km44OzIOOCs+ODvOODiCDpmLLlr5Ig44K344Oj44OEIOOCquODg+OCr+OCueODleOCqeODvOODiSBhdmlyZXggTUEtMSBiLTMgYS0yIOODqeOCpOODgOODvOOCuSBzY2hvdHQg44K344On44OD44OIIOODqeOCpOODgOODvOOCuSDpnanjgrjjg6Pjg7Mg44Os44K244O844K444Oj44Kx44OD44OIIHVzYSDjg5Tjg7zjgrPjg7zjg4gg44OA44OD44OV44OrIOOCquODvOODkOODvOOCquODvOODqyDjgqrjg7zjg6vjgqTjg7Pjg6/jg7Mg44OE44OK44KuIOODmuODs+OCv+ODvOODkeODs+ODhCDjgrXjg63jg5rjg4Pjg4gg5L2c5qWt552AIOOCqOODs+OCuOODi+OCoiDku5XkuovnnYBNQS0xIE4tM0IgTS02NSBOLTEgbTY1IG4x44Ob44Ov44Kk44OI44OH44OL44OgIOODluODqeODg+OCr+ODh+ODi+ODoCDjgqvjg6njg7wg44OB44OO44OR44Oz44OEIOODgeODjuODkeODsyDjgqvjg7zjgrTjg5Hjg7Pjg4Tjgrnjgq3jg4vjg7wg44OG44O844OR44O844OJIOOCv+OCpOODiCDjgbXjgaTjgYYg44KG44Gj44Gf44KK6YCa5L+h6LKp5aOyIOmAmuiyqSDjg6Tjg57jg4jpgYvovLhob3VzdG9uIOODkuODpeODvOOCueODiOODsyDjg5/jg6rjgr/jg6rjg7wgbS01MSBtNTEg5pmC6KiIIOODluODrOOCueODrOODg+ODiCDosqHluIMg5bi95a2QIOODj+ODg+ODiCDjgqbjgqnjg6zjg4Pjg4gg44Kt44O844Ob44Or44OA44O8IOeBsOeav+ODh+ODi+ODoCDjgqvjg7zjgrTjg5Hjg7Pjg4Qg44K344On44O844OI44OR44Oz44OEIOOCr+ODreODg+ODl+ODieODkeODs+ODhCA35YiG5LiIIDXliIbkuIgg44Gv44KT44Gx5LiI44OZ44Or44Oc44OI44OgIOODluODvOODhOOCq+ODg+ODiCDjg5Xjg6zjgqLjg7zjg5/jg6rjgr/jg6rjg7wg44Ov44O844KvIOODk+ODs+ODhuODvOOCuOOAkOODneOCpOODs+ODiDEw5YCN77yBIDQvMTfvvIjmnIjvvIk5OjU544G+44Gn44CRS0MnUyDvvIjjgrHjgqTjgrfjgqTjgrrvvIkg44Os44K244O844OW44Os44K544Km44Kp44OD44OBIC3jgqjjgrnjg5Hjg4vjg6fjg7zjg6kv44OV44Oq44O844Kr44OD44OILSBLUFIwMTIvS1BSNTEyIOOAkOmAgeaWmeeEoeaWmeOAkeODl+ODrOOCvOODs+ODiCDjgq7jg5Xjg4g=,44CQ44Od44Kk44Oz44OIMTDlgI3vvIEgNC8xN++8iOaciO+8iTk6NTnjgb7jgafjgJFLQydTIO+8iOOCseOCpOOCt+OCpOOCuu+8iSDjg6zjgrbjg7zjg5bjg6zjgrnjgqbjgqnjg4Pjg4EgLeOCqOOCueODkeODi+ODp+ODvOODqS/jg5Xjg6rjg7zjgqvjg4Pjg4gtIEtQUjAxMi9LUFI1MTIg44CQ6YCB5paZ54Sh5paZ44CR44OX44Os44K844Oz44OIIOOCruODleODiA==[rn]
16-122057,aHR0cDovL3RzaG9wLnIxMHMuanAvc2Fuc2hpbi9jYWJpbmV0LzAwNjk0MjEzL2ltZzYxNDg1ODUyLmpwZz9maXRpbj03MDA6NzAw,NTUyMC4wMDAw,,6IWV5pmC6KiIID4g44Oh44Oz44K66IWV5pmC6KiI,44CQ44Od44Kk44Oz44OIMTDlgI3vvIEgNC8xN++8iOaciO+8iTk6NTnjgb7jgafjgJFLQydTIO+8iOOCseOCpOOCt+OCpOOCuu+8iSDjg4DjgqTjg6Tjgrnjg4bjg4Pjg4Eg44Os44K244O844OW44Os44K544Km44Kp44OD44OBKOaZguioiCkgS1NSMDczIOOAkOmAgeaWmeeEoeaWmeOAkeODl+ODrOOCvOODs+ODiCDjgq7jg5Xjg4g=,,S0MnU+OBruODrOOCtuODvOODluODrOOCueOCpuOCqeODg+ODgeOAgjxCUj48QlI+Cgrnq4vkvZPmhJ/jga7jgYLjgovjg4DjgqTjg6Tmn4Tjga7jgrnjg4bjg4Pjg4HjgpLjg5njg6vjg4jjga7kuIrkuIvjgavmlr3jgZfjgabjgYrjgorjgIHkuIDlsaTpq5jntJrmhJ/jgpLphrjjgZflh7rjgZnjgojjgYbjgarjg4fjgrbjgqTjg7Pjgavku5XkuIrjgZLjgb7jgZfjgZ/vvIE8QlI+PEJSPgoK5pmC6KiI44Go44GX44Gm44Gu5qmf6IO944Gv44KC44Gh44KN44KT44CB44Os44K244O844OW44Os44K544Os44OD44OI5oSf6Kaa44Gn44GU5L2/55So44GE44Gf44Gg44GR44G+44GZ44CCPEJSPjxCUj4KCuOBvuOBn+OAgemdqeOBruijgeaWremdouOBr+iBt+S6uuOBjOS4gOi+uuS4gOi+uuOAgeaZgumWk+OCkuaOm+OBkeS4geWvp+OBq+ejqOOBjeS4iuOBkuiJtuOCkuWHuuOBl+OBpuOBhOOBvuOBmeOAgjxCUj4K5L2/44GE6L6844KA44GG44Gh44Gr5ZGz44GM5Ye644G+44GZ44Gu44Gn44CB44GN44Gj44Go44GK5rCX44Gr5YWl44KK44Gu44Ki44Kk44OG44Og44Gr44Gq44KK44G+44GZ44KI44CCPEJSPjxCUj4KCueUt+aAp+Wls+aAp+WVj+OCj+OBmuOAgeOBlOaEm+eUqOOBhOOBn+OBoOOBkeOBvuOBmeKZqjxCUj48QlI+CgrjgYrlpb3jgb/jga7mloflrZfnm6TjgavkuqTmj5vjgafjgY3jgb7jgZnimao8QlI+44CQ5paH5a2X55uk5LiA6Kan44Gv44GT44Gh44KJ44CRPEJSPjxCUj4K6Zu75rGg44Gu5Lqk5o+b44Gv5pmC6KiI5bqX44Gn44Gn44GN44G+44GZ44KI44CCPEJSPjxIUj4KCuODu+e0oOadkO+8muODrOOCtuODvO+8iOeJm+mdqe+8iTxCUj4K44O76YGp5b+c44K144Kk44K677yI6IWV5ZGo44KK77yJ77yaMTZjbe+9njE4Y20gKDLmrrXpmo7oqr/nr4DvvIk8QlI+PEJSPgoKPElNRyBTUkM9Imh0dHA6Ly9pbWFnZS5yYWt1dGVuLmNvLmpwL3NhbnNoaW4vY2FiaW5ldC9pbWcwNDc3MzkyMy5qcGciPumWoumAo+WVhuWTgTxCUj4K44O7S0MnUyAtM+OCs+ODs+ODgeODpyDjg6zjgrbjg7zjg5bjg6zjgrnjgqbjgqnjg4Pjg4EtIOOCguimi+OBpuOBv+OCizxCUj4K44O7S0MnUyAt44Os44K244O844OW44Os44K544Km44Kp44OD44OBL+ODiuODg+OCt+ODpeODk+ODqy0g44KC6KaL44Gm44G/44KLPEJSPgo8SU1HIHNyYz0iaHR0cDovL2ltYWdlLnJha3V0ZW4uY28uanAvc2Fuc2hpbi9jYWJpbmV0L2ltZzA0NzczOTIzLmpwZyI+44Kr44OG44K044Oq44O85YilPEJSPgrjg7vmmYLoqIjjgIHjg5bjg6zjgrnjg6zjg4Pjg4gg44Gn5o6i44GZPEJSPgrjg7vosqHluIMg44KC6KaL44Gm44G/44KLPEJSPjxCUj4KCuKWoCDmlrDlhaXojbfpgJ/loLHjga/jgZPjgaHjgok8QlI+CuKWoFHvvIZB77ya44GU5Yip55So44Ks44Kk44OJ,44CQ44Od44Kk44Oz44OIMTDlgI3vvIEgNC8xN++8iOaciO+8iTk6NTnjgb7jgafjgJFLQydTIO+8iOOCseOCpOOCt+OCpOOCuu+8iSDjg4DjgqTjg6Tjgrnjg4bjg4Pjg4Eg44Os44K244O844OW44Os44K544Km44Kp44OD44OBKOaZguioiCkgS1NSMDczIOOAkOmAgeaWmeeEoeaWmeOAkeODl+ODrOOCvOODs+ODiCDjgq7jg5Xjg4jvvJpKRUFOUy1TQU5TSElO,bGV2aSdzIGplYW5zIOODquODvOODkOOCpOOCuSDjgrjjg7zjg7Pjgrog44OH44OL44OgIOOCuOODvOODkeODsyBH44OR44OzIGxldmlzIDUwMSA1MDIgNTAzIDUxN0VEV0lOIOOCqOODieOCpuOCo+ODsyDjgqjjg4njgqTjg7Mg44Kv44O844OrIOOCuOODo+ODvOOCuOODvOOCuiDmmpbjgYvjgYQg5pqW44OR44OzIHNhbGUg44K744O844OrIDUwMyB3aWxkIGZpcmUg44Ov44Kk44Or44OJ44OV44Kh44Kk44Ok44O844Ki44OT44Os44OD44Kv44K5IOODleODqeOCpOODiOOCuOODo+OCseODg+ODiCBBVklSRVgg44Ki44O044Kj44Os44OD44Kv44K5IOODn+ODquOCv+ODquODvCBBTFBIQSBNQS0xIOOCouODq+ODleOCoSDjgqLjg6vjg5XjgqHjg7wg44Of44Oq44K/44Oq44O8IE1BLTEgTUExIE4tM0IgTjNCIE4tMkIgTjJCIOOCv+ODs+OCq+ODvOOCuSDjg5Xjg6njgqTjg4jjgrjjg6PjgrHjg4Pjg4hDaGFtcGlvbiDjg4Hjg6Pjg7Pjg5Tjgqrjg7Mg44Ki44Oh44Kr44K4IOOCueOCpuOCp+ODg+ODiCDjg4jjg6zjg7zjg4rjg7wg44OR44O844Kr44O8IFTjgrfjg6Pjg4RsZWUgamVhbnMg44Oq44O8IOOCuOODvOODs+OCuiDjg5bjg7zjg4Tjgqvjg4Pjg4gg44OZ44Or44Oc44OI44OgIDIwMSAxMDEgMjAyIDIwNSAyMDBzYWxlIOOCu+ODvOODqyDlronjgYQg5rWB6KGMIOOBr+OChOOCiiDjgYrjgZfjgoPjgowg44KC44Gm44KLIOiEmumVtyDjgrfjg6vjgqjjg4Pjg4ggVOOCt+ODo+ODhCDjg53jg63jgrfjg6Pjg4Qg44Ot44OzVCDplbfoopZU44K344Oj44OEIOOCuOODo+OCseODg+ODiCDjgqLjgqbjgr/jg7wg44OA44Km44OzIOOCs+ODvOODiCDpmLLlr5Ig44K344Oj44OEIOOCquODg+OCr+OCueODleOCqeODvOODiSBhdmlyZXggTUEtMSBiLTMgYS0yIOODqeOCpOODgOODvOOCuSBzY2hvdHQg44K344On44OD44OIIOODqeOCpOODgOODvOOCuSDpnanjgrjjg6Pjg7Mg44Os44K244O844K444Oj44Kx44OD44OIIHVzYSDjg5Tjg7zjgrPjg7zjg4gg44OA44OD44OV44OrIOOCquODvOODkOODvOOCquODvOODqyDjgqrjg7zjg6vjgqTjg7Pjg6/jg7Mg44OE44OK44KuIOODmuODs+OCv+ODvOODkeODs+ODhCDjgrXjg63jg5rjg4Pjg4gg5L2c5qWt552AIOOCqOODs+OCuOODi+OCoiDku5XkuovnnYBNQS0xIE4tM0IgTS02NSBOLTEgbTY1IG4x44Ob44Ov44Kk44OI44OH44OL44OgIOODluODqeODg+OCr+ODh+ODi+ODoCDjgqvjg6njg7wg44OB44OO44OR44Oz44OEIOODgeODjuODkeODsyDjgqvjg7zjgrTjg5Hjg7Pjg4Tjgrnjgq3jg4vjg7wg44OG44O844OR44O844OJIOOCv+OCpOODiCDjgbXjgaTjgYYg44KG44Gj44Gf44KK6YCa5L+h6LKp5aOyIOmAmuiyqSDjg6Tjg57jg4jpgYvovLhob3VzdG9uIOODkuODpeODvOOCueODiOODsyDjg5/jg6rjgr/jg6rjg7wgbS01MSBtNTEg5pmC6KiIIOODluODrOOCueODrOODg+ODiCDosqHluIMg5bi95a2QIOODj+ODg+ODiCDjgqbjgqnjg6zjg4Pjg4gg44Kt44O844Ob44Or44OA44O8IOeBsOeav+ODh+ODi+ODoCDjgqvjg7zjgrTjg5Hjg7Pjg4Qg44K344On44O844OI44OR44Oz44OEIOOCr+ODreODg+ODl+ODieODkeODs+ODhCA35YiG5LiIIDXliIbkuIgg44Gv44KT44Gx5LiI44OZ44Or44Oc44OI44OgIOODluODvOODhOOCq+ODg+ODiCDjg5Xjg6zjgqLjg7zjg5/jg6rjgr/jg6rjg7wg44Ov44O844KvIOODk+ODs+ODhuODvOOCuOOAkOODneOCpOODs+ODiDEw5YCN77yBIDQvMTfvvIjmnIjvvIk5OjU544G+44Gn44CRS0MnUyDvvIjjgrHjgqTjgrfjgqTjgrrvvIkg44OA44Kk44Ok44K544OG44OD44OBIOODrOOCtuODvOODluODrOOCueOCpuOCqeODg+ODgSjmmYLoqIgpIEtTUjA3MyDjgJDpgIHmlpnnhKHmlpnjgJHjg5fjg6zjgrzjg7Pjg4gg44Ku44OV44OI,44CQ44Od44Kk44Oz44OIMTDlgI3vvIEgNC8xN++8iOaciO+8iTk6NTnjgb7jgafjgJFLQydTIO+8iOOCseOCpOOCt+OCpOOCuu+8iSDjg4DjgqTjg6Tjgrnjg4bjg4Pjg4Eg44Os44K244O844OW44Os44K544Km44Kp44OD44OBKOaZguioiCkgS1NSMDczIOOAkOmAgeaWmeeEoeaWmeOAkeODl+ODrOOCvOODs+ODiCDjgq7jg5Xjg4g=[rn]
16-122058,aHR0cDovL3RzaG9wLnIxMHMuanAveWllbGQvY2FiaW5ldC96bi96bi1kdzAwMDIwNC1tYWluLmpwZz9maXRpbj03MDA6NzAw,MjU0NDAuMDAwMA==,,6IWV5pmC6KiIID4g44Oh44Oz44K66IWV5pmC6KiI,44CQ6YGU56Oo44CRZHcwMDAyMDQg546E5q2mIOaJi+mAoOOCiuiFleaZguioiCDjgqLjg7Pjg4bjgqPjg7zjgq/oqr8g54mb6Z2pIOOAkOODj+ODs+ODieODoeOCpOODieOAkeOAkOaXpeacrOijveOAkeOAkOS/neiovOabuOS7mOOBjeOAkeOAkOmAgeaWmeeEoeaWmeOAkeOAkHNtdGIta2TjgJHjgJDjg6Hjg7PjgrrjgJE=,6YGU56Oo44Gr44KI44KL5ZKM6aKo44Ki44Oz44OG44Kj44O844Kv6IWV5pmC6KiI77yB,PHRhYmxlIHdpZHRoPSIxMDAlIiBib3JkZXI9IjAiIGNlbGxzcGFjaW5nPSIwIiBjZWxscGFkZGluZz0iMCI+PHRyPjx0ZD4KPGltZyB3aWR0aD0iMTAwJSIgc3JjPSJodHRwOi8vaW1hZ2UucmFrdXRlbi5jby5qcC95aWVsZC9jYWJpbmV0L3puL3puLWR3MDAwMjA0LWltZzEuanBnIiBib3JkZXI9IjAiLz48L3RkPjwvdHI+Cjx0cj48dGQgaGVpZ2h0PSI2Ij48L3RkPjwvdHI+PHRyPjx0ZD48L3RkPjwvdHI+PHRyPjx0ZCBoZWlnaHQ9IjYiPjwvdGQ+PC90cj48dHI+PHRkIHZhbGlnbj0idG9wIiBiZ2NvbG9yPSIjRkZGRkZGIiBhbGlnbj0ibGVmdCI+PGJyPgogICAgPC90ZD48L3RyPjx0cj48dGQgaGVpZ2h0PSI2Ij48L3RkPjwvdHI+PHRyPjx0ZD4KPGltZyB3aWR0aD0iMTAwJSIgc3JjPSJodHRwOi8vaW1hZ2UucmFrdXRlbi5jby5qcC95aWVsZC9jYWJpbmV0L3puL3puLWR3MDAwMjA0LW1haW4uanBnIiBib3JkZXI9IjAiLz48L3RkPjwvdHI+PHRyPjx0ZCBoZWlnaHQ9IjYiPjwvdGQ+PC90cj48dHI+PHRkIHZhbGlnbj0idG9wIiBiZ2NvbG9yPSIjRkZGRkZGIiBhbGlnbj0ibGVmdCI+PEZPTlQgQ09MT1I9IiMwMDAwMDAiPgo8Yj7pgZTno6g8L2I+PC9GT05UPjxicj4KICAgIOOAgDxiPjxGT05UIENPTE9SPSIjMDAwMDAwIj48YnI+CueOhOatpiDmiYvpgKDjgorohZXmmYLoqIgg44Ki44Oz44OG44Kj44O844Kv6Kq/IOeJm+mdqTwvRk9OVD48YnI+CiAgICDjgJDjg4/jg7Pjg4njg6HjgqTjg4njgJHjgJDml6XmnKzoo73jgJHjgJDkv53oqLzmm7jku5jjgY3jgJE8YnI+CiAgICA8L2I+PC90ZD48L3RyPjx0cj48dGQgaGVpZ2h0PSI2Ij48YnI+CiAgICA8L3RkPjwvdHI+PHRyPjx0ZD48aW1nIHdpZHRoPSIxMDAlIiBzcmM9Imh0dHA6Ly9pbWFnZS5yYWt1dGVuLmNvLmpwL3lpZWxkL2NhYmluZXQvem4vem4tZHcwMDAyMDQtMS5qcGciIGJvcmRlcj0iMCIvPjxicj4KICAgIDxicj4KICAgIDwvdGQ+PC90cj48dHI+PHRkIGhlaWdodD0iNiI+PC90ZD48L3RyPjx0cj48dGQgdmFsaWduPSJ0b3AiIGJnY29sb3I9IiNmZmZmY2MiIGFsaWduPSJsZWZ0Ij48Rk9OVCBDT0xPUj0iIzAwMDAwMCI+44CAPGJyPgogICAg6YGU56Oo44Gu6IWV5pmC6KiI44GL44KJ5Zub56We44K344Oq44O844K644Gu44CM546E5q2m44CN44GM55m75aC044CCPGJyPgogICAgPGJyPgogICAg44CA546E5q2m77yI44GS44KT44G277yJ44Gv44CB5Lit5Zu944Gu56We44CB5Zub6LGh44Gu44CM5aSq6Zmw77yI6ICB6Zmw77yJ44CN44CB5Zub56We44Gu5LiA44Gk44CB6ZyK542j44CCPGJyPgogICAgPGJyPgogICAg44CA5YyX44Gu5pif5a6/44Gu56We5qC85YyW44CC546E5aSp5LiK5bid44Go44KC44GE44GG44CCPGJyPgogICAgPGJyPgogICAg44CA546E5q2m44Gv44CB5YyX5pa544KS5a6I6K2344GZ44KL44CB5rC056We44CC44CM546E44CN44Gv44CM6buS44CN44KS5oSP5ZGz44GX44CB6buS44Gv5LqU6KGM6Kqs44Gn44Gv44CM5YyX5pa544CN44Gu6Imy44Go44GV44KM44CB44CM5rC044CN44KS6KGo44GZ44CCPGJyPgogICAgPGJyPgogICAg44CA6ISa44Gu6ZW344GE5LqA44Gr6JuH44GM5be744GN5LuY44GE44Gf5b2i44Gn5o+P44GL44KM44KL44GT44Go44GM5aSa44GE44CC44Gf44Gg44GX546E5aSp5LiK5bid44Go44GX44Gm44Gv6buS5pyN44Gu55S35oCn44Gr5o+P44GL44KM44KL44CCPGJyPgogICAgPGJyPgrjgIDlj6Tku6PkuK3lm73jgavjgYrjgYTjgabjgIHkuoDjga/jgIzplbflr7/jgajkuI3mrbvjgI3jga7osaHlvrTjgIHom4fjga/jgIznlJ/mrpbjgajnuYHmrpbjgI3jga7osaHlvrTjgafjgIHlvozmvKLmnKvjga7prY/kvK/pmb3jga/jgIzlkajmmJPlj4LlkIzlpZHjgI3jgafjgIHnjoTmrabjga7kuoDjgajom4fjga7lkIjjgo/jgZXjgaPjgZ/lp7/jgpLjgIHjgIznjoTmrabjga/kuoDom4fjgIHlhbHjgavlr4Tjgormt7vjgYTjgIHjgoLjgaPjgabniaHniZ3jgajjgarjgZfjgIHlvozjgavjgaTjgYzjgYTjgajjgarjgovjgI3jgajjgIHpmbDpmb3jgYzlkIjjgo/jgZXjgovmp5jlrZDjgavkvovjgYjjgabjgYTjgovjgII8YnI+Cjxicj4KICAgIOOAgOOBneOBrueOhOatpuOCkuODouODgeODvOODleOBq+OCouODs+ODhuOCo+ODvOOCr+iqv+OBq+ODj+ODs+ODieODoeOCpOODieOBp+S7leS4iuOBkuOBn+OCouOCpOODhuODoOOAgjxicj4KICAgIDxicj4KICAgIOOAgOS4gOeCueS4gOeCueiBt+S6uuOBruaJi+OBq+OCiOOBo+OBpumAoOOCiuOBguOBkuOCieOCjOOBn+acrOS9nOOBr+OAgeWNgeS6jOaUr+OBp+ihqOePvuOBl+OBn+aWh+Wtl+ebpOOBr+OAgeeFjOOBs+OChOOBi+OBquOCouODr+ODk+iyneOBruieuumIv+OCkuaOoeeUqOOBleOCjOeLrOeJueOBruWFieayouaEn+OCkuWGjeePvuOAgjxicj4KICAgIDxicj4KICAgIOOAgOieuumIv++8iOOCieOBp+OCk++8ieOBr+S4u+OBq+a8huWZqOOChOW4r+OBquOBqeOBruS8nee1seW3peiKuOOBq+eUqOOBhOOCieOCjOOCi+ijhemjvuaKgOazleOBruOBsuOBqOOBpOOAgjxicj4KICAgIDxicj4KICAgIOOAgOiyneauu+OBruWGheWBtOOAgeiZueiJsuWFieayouOCkuaMgeOBo+OBn+ecn+ePoOWxpOOBrumDqOWIhuOCkuWIh+OCiuWHuuOBl+OBn+adv+eKtuOBrue0oOadkOOCkuOAgea8huWcsOOChOacqOWcsOOBruW9q+WIu+OBleOCjOOBn+ihqOmdouOBq+OBr+OCgei+vOOCgOaJi+azleOAgeOBiuOCiOOBs+OBk+OBruaJi+azleOCkueUqOOBhOOBpuijveS9nOOBleOCjOOBn+W3peiKuOWTgeOBruOBk+OBqOOBp+OAgeieuuOBr+iyneOAgemIv+OBr+OBoeOCiuOBsOOCgeOCi+OBk+OBqOOCkuaEj+WRs+OBmeOCi+OAgjxicj4KICAgIDxicj4KICAgIOOAgOOBvuOBn+OAgeODmeODq+ODiOmDqOWIhuOBr+eOhOatpuOCieOBl+OBj+eJm+mdqeOBruihqOmdouOBq+S6gOOBrueUsue+heOCkuWei+aKvOOBl+OBl+OBpuWHueWHuOOCkuihqOePvuOAgjxicj4KICAgIDxicj4K44CA576O44GX44GP56uL5L2T55qE44Gq6buS44Gu5LiW55WM44GM6KGo54++44GV44KM44Gf5ZCN5L2c44Ki44Kk44OG44Og44Go44Gq44Gj44Gf44CCPGJyPgo8YnI+CiAgICA8YnI+CjwvRk9OVD48L3RkPjwvdHI+PHRyPjx0ZCBoZWlnaHQ9IjYiPjxicj4KICAgIDwvdGQ+PC90cj48dHI+PHRkPgo8aW1nIHdpZHRoPSIxMDAlIiBzcmM9Imh0dHA6Ly9pbWFnZS5yYWt1dGVuLmNvLmpwL3lpZWxkL2NhYmluZXQvem4vem4tZHcwMDAyMDQtMi5qcGciIGJvcmRlcj0iMCI+PC90ZD48L3RyPjx0cj48dGQ+CjxpbWcgd2lkdGg9IjEwMCUiIHNyYz0iaHR0cDovL2ltYWdlLnJha3V0ZW4uY28uanAveWllbGQvY2FiaW5ldC96bi96bi1kdzAwMDIwNC0zLmpwZyIgYm9yZGVyPSIwIj48L3RkPjwvdHI+PHRyPjx0ZD4KPGltZyB3aWR0aD0iMTAwJSIgc3JjPSJodHRwOi8vaW1hZ2UucmFrdXRlbi5jby5qcC95aWVsZC9jYWJpbmV0L3puL3puLWR3MDAwMjA0LTQuanBnIiBib3JkZXI9IjAiPjwvdGQ+PC90cj48dHI+PHRkPgo8aW1nIHdpZHRoPSIxMDAlIiBzcmM9Imh0dHA6Ly9pbWFnZS5yYWt1dGVuLmNvLmpwL3lpZWxkL2NhYmluZXQvem4vem4tZHcwMDAyMDQtNS5qcGciIGJvcmRlcj0iMCI+PC90ZD48L3RyPjx0cj48dGQgaGVpZ2h0PSI2Ij48L3RkPjwvdHI+PHRyPjx0ZCBoZWlnaHQ9IjYiPjxicj4KICAgIDxicj4KICAgIDwvdGQ+PC90cj48dHI+PHRkIHZhbGlnbj0idG9wIiBiZ2NvbG9yPSIjRkZGRkZGIiBhbGlnbj0ibGVmdCI+PEZPTlQgQ09MT1I9IiMwMDAwMDAiPuKWoOWVhuWTgeWPluOCiuaJseOBhOS4iuOBruazqOaEjzxicj4K44O76Z2e6Ziy5rC044Gu44Gf44KB44CB5rC05LuV5LqL44KE5aSa6YeP44Gu5rGX44Gn44KC5pWF6Zqc44Gu5Y6f5Zug44Go44Gq44KK44G+44GZ44Gu44Gn5r+A44GX44GE6Zuo44Gu5pel44CB6YGL5YuV44KS44GZ44KL6Zqb44CB5rC05LuV5LqL44KS44GZ44KL6Zqb44Gu552A55So44Gv44GK5o6n44GI5LiL44GV44GE44CCPGJyPgrjg7vjg4bjg6zjg5PjgoTjgrnjg5Tjg7zjgqvjg7zlj4rjgbPmkLrluK/pm7voqbHjga7kuIrjgarjganjgIHno4HmsJfjgpLnlJ/jgZjjgovloLTmiYDjgavjga/ntbblr77jgavnva7jgYvjgarjgYTjgafkuIvjgZXjgYTjgII8YnI+CuODu+OBk+OBoeOCieOBruWVhuWTgeOBr+S4gOeCueS4gOeCueaJi+S9nOOCiuOBp+ijveS9nOOBl+OBpuOBhOOCi+eCuuOAgeWAi+OAheOBruWVhuWTgeOBp+iLpeW5sueVsOOBquOCi+WgtOWQiOOBjOOBlOOBluOBhOOBvuOBmeOBjOOAgeaJi+S9nOOCiuaZguioiOOBrueJueW+tOOAgemtheWKm+OBqOOBl+OBpuOBlOeQhuino+S4i+OBleOBhOOAgjxicj4K44O744GK6LK344GE5LiK44GS5pmC44Gr57WE44G/6L6844G+44KM44Gm44GE44KL6Zu75rGg44Gv6KO95L2c44O75Ye66I235pmC44Gu5YuV5L2c56K66KqN55So44Oi44OL44K/44O86Zu75rGg44Gn44GZ44CCPGJyPgrjgIDpm7vmsaDlr7/lkb3jga/kv53oqLzlr77osaHlpJbjgajjgarjgorjgb7jgZnjga7jgafkuojjgoHjgZTkuobmib/kuIvjgZXjgYTjgII8YnI+CuODu+aXpeacrOijveOBruODoOODvOODluODoeODs+ODiOOCkuS9v+eUqOOBl+OBpuOBiuOCiuOBvuOBmeOBruOBp+OBlOi/keaJgOOBruaZguioiOWxi+OBleOCk+OBp+mbu+axoOS6pOaPm+OBl+OBpumgguOBkeOBvuOBmeOAgjxicj4KPGJyPgrilqDkv53oqLzmm7jku5jjgY3vvIjkv53oqLzmnJ/plpPjga/vvJHlubTplpPjgajjgarjgaPjgabjgYrjgorjgb7jgZnjgILvvIk8YnI+CjwvRk9OVD48QlI+CiAgICA8L3RkPjwvdHI+PHRyPjx0ZCBoZWlnaHQ9IjYiPjxicj4KICAgIDxicj4KICAgIDwvdGQ+PC90cj48dHI+PHRkIHZhbGlnbj0idG9wIiBiZ2NvbG9yPSIjRkZGRkZGIiBhbGlnbj0ibGVmdCI+PC90ZD48L3RyPjx0cj48dGQgaGVpZ2h0PSI2Ij48YnI+CiAgICA8L3RkPjwvdHI+Cjx0cj48dGQgdmFsaWduPSJ0b3AiIGJnY29sb3I9IiNGRkZGRkYiIGFsaWduPSJsZWZ0Ij48QlI+CiAgICA8L3RkPjwvdHI+PC90YWJsZT4=,44CQ6YGU56Oo44CRZHcwMDAyMDQg546E5q2mIOaJi+mAoOOCiuiFleaZguioiCDjgqLjg7Pjg4bjgqPjg7zjgq/oqr8g54mb6Z2pIOOAkOODj+ODs+ODieODoeOCpOODieOAkeOAkOaXpeacrOijveOAkeOAkOS/neiovOabuOS7mOOBjeOAkeOAkOmAgeaWmeeEoeaWmeOAkeOAkHNtdGIta2TjgJHjgJDjg6Hjg7PjgrrjgJHvvJrvvLnvvKnvvKXvvKzvvKQ=,44K444O844Oz44K65ZKM5p+E5bKh5bGx5YCJ5pW35YWQ5bO244Of44Oq44K/44Oq44O844K344Oz44OX44Or44OH44OL44Og5YCJ44Ko44K/44O844OK44Or5YKZ5Lit5YCJ5pW35bel5oi/RVRFUk5BTOOCouODk+ODrOODg+OCr+OCuUFWSVJFWOe1oee5sEtBUkFLVVJJ5bCP54mp6LKh5biDWUlFTETjgqvjgrjjg6XjgqLjg6vjgJDpgZTno6jjgJFkdzAwMDIwNCDnjoTmraYg5omL6YCg44KK6IWV5pmC6KiIIOOCouODs+ODhuOCo+ODvOOCr+iqvyDniZvpnakg44CQ44OP44Oz44OJ44Oh44Kk44OJ44CR44CQ5pel5pys6KO944CR44CQ5L+d6Ki85pu45LuY44GN44CR44CQ6YCB5paZ54Sh5paZ44CR44CQc210Yi1rZOOAkeOAkOODoeODs+OCuuOAkQ==,6YGU56Oo44Gr44KI44KL5ZKM6aKo44Ki44Oz44OG44Kj44O844Kv6IWV5pmC6KiI77yB44CC44CQ6YGU56Oo44CRZHcwMDAyMDQg546E5q2mIOaJi+mAoOOCiuiFleaZguioiCDjgqLjg7Pjg4bjgqPjg7zjgq/oqr8g54mb6Z2pIOOAkOODj+ODs+ODieODoeOCpOODieOAkeOAkOaXpeacrOijveOAkeOAkOS/neiovOabuOS7mOOBjeOAkeOAkOmAgeaWmeeEoeaWmeOAkeOAkHNtdGIta2TjgJHjgJDjg6Hjg7PjgrrjgJE=[rn]
16-122059,aHR0cDovL3RzaG9wLnIxMHMuanAvZ3N4L2NhYmluZXQvc2Vpa28vYXN0cm9uLTA0Mi5qcGc/Zml0aW49NzAwOjcwMA==,MTI0NDE2LjAwMDA=,,6IWV5pmC6KiIID4g44Oh44Oz44K66IWV5pmC6KiI,44K744Kk44Kz44O8IOOCouOCueODiOODreODs1tTRUlLTyBBU1RST05dIDhY44K344Oq44O844K6IOODr+ODvOODq+ODieOCv+OCpOODoFs4WCBTRVJJRVMgV29ybGQtVGltZV1TQlhCMDg1IOODgeOCv+ODs+ODouODh+ODq+OAkOiFleaZguioiCDmmYLoqIjjgJHjgJDjgq7jg5Xjg4gg44OX44Os44K844Oz44OI44CR,5q2j6KaP5ZOB44CQ6YCB5paZ54Sh5paZ44CR44Ki44K544OI44Ot44OzL0FTVFJPTi84WOOCt+ODquODvOOCui9TQlhCMDg1,PHRhYmxlIHdpZHRoPSIxMDAlIiBib3JkZXI9IjEiIGNlbGxzcGFjaW5nPSIxIiBib3JkZXJjb2xvcj0iI0NDMDAwMCIgY2VsbHBhZGRpbmc9IjEwIj48dHI+PHRkPjxmb250IGNvbG9yPSIjY2MwMDAwOyI+77yc5Zyo5bqr44Gr6Zai44GX44Gm77yePC9mb250PuWPluOCiuWvhOOBm+WVhuWTgeOBruWgtOWQiOOBr+OAgeOBlOazqOaWh+eiuuiqjeW+jOODoeODvOOCq+ODvOWcqOW6q+eiuuiqjeOBqOOBquOCiuOBvuOBmeOAguaXpeOAheOBruWcqOW6q+WkieWLleOBq+OCiOOCiuOAgeOBlOW4jOacm+OBq+a3u+OBiOOBquOBhOWPr+iDveaAp+OCguOBlOOBluOBhOOBvuOBmeOAgjxicj7lvZPlupfjgYvjgonjga7lnKjluqvmnInnhKHjga7jg6Hjg7zjg6vjga7ov5Tkv6HjgpLlv4XjgZrjgZTnorroqo3jgY/jgaDjgZXjgYTjgII8YnI+PGZvbnQgY29sb3I9IiNjYzAwMDA7Ij7jgJDjgZTms6jmhI/jgJE8L2ZvbnQ+5b2T5bqX44GL44KJ44Gu6L+U5L+h44Oh44O844Or44GM5bGK44GN44G+44Gb44KT77yBPGJyPuODieODoeOCpOODs+ino+mZpOOCkuW/mOOCjOOBmuOBq++8gTwvdGQ+PC90cj48L3RhYmxlPgo8YnI+Cgo8Yj7il49HUFPjgr3jg7zjg6njg7zjgpLnqoHjgY3jgaTjgoHjgZ/jgqLjgrnjg4jjg63jg7M8L2I+PGJyPjxicj4KOFjjgrfjg6rjg7zjgrog44Ov44O844Or44OJ44K/44Kk44Og44Gv44CB44Ki44K544OI44Ot44Oz5pyA5aSn44Gu54m55b6044Gn44GC44KLR1BT6KGb5pif5Y+X5L+h44Gr54m55YyW44GX44Gf44CB44K344Oz44OX44Or44Gq44OA44Kk44Ok44Or44Os44Kk44Ki44Km44OI44Gn44CB6IWV5pmC6KiI44Gu5pys6LOq44Gn44GC44KL44CM5q2j56K644O75q2i44G+44KJ44Gq44GE44O7576O44GX44GE44CN44KS5qW144KB44Gf44K344Oq44O844K644Gn44GZ44CC5LiW55WM44Gu44K/44Kk44Og44K+44O844OzKOKAuynjgavlr77lv5zjgZfjgIHljp/lrZDmmYLoqIjjgavln7rjgaXjgY/nqbbmpbXjga7nsr7luqbjgajjgIHlrprmnJ/nmoTjgarpm7vmsaDkuqTmj5vjga7lv4XopoHjgYzjgarjgYTjgr3jg7zjg6njg7zlhYXpm7vmqZ/og73jgpLlgpnjgYjjgIHnsKHljZjjgarmk43kvZzjgafku4rjgYTjgovloLTmiYDjga7mmYLliLvjgpLnm7TjgaHjgavnn6XjgovjgZPjgajjgYzjgafjgY3jgb7jgZnjgIIKPGJyPuKAu+ijveWTgeOBq+WGheiUteOBleOCjOOBpuOBhOOCi+OCv+OCpOODoOOCvuODvOODs+OBruODh+ODvOOCv+OBr+OAgTIwMTXlubQz5pyI5pmC54K544Gu44KC44Gu44Gn44GZ44Gu44Gn44CB44Gd44KM5Lul6ZmN44Gr44K/44Kk44Og44K+44O844Oz44GM5aSJ5pu044Go44Gq44Gj44Gf5aC05ZCI44Gr44Gv44CB5Y+N5pig44GV44KM44G+44Gb44KT44CC5omL5YuV44K/44Kk44Og44K+44O844Oz6YG45oqe44GM5b+F6KaB44Go44Gq44KK44G+44GZ44CCPGJyPjxicj4KCjxpbWcgc3JjPSJodHRwOi8vaW1hZ2UucmFrdXRlbi5jby5qcC9nc3gvY2FiaW5ldC9zZWlrby9hc3Ryb24tMDQyaW1hZ2V0b3AuanBnIiBhbHQ9IjhY44K344Oq44O844K6IOODr+ODvOODq+ODieOCv+OCpOODoCIgd2lkdGg9IjEwMCUiPgo8aW1nIHNyYz0iaHR0cDovL2ltYWdlLnJha3V0ZW4uY28uanAvZ3N4L2NhYmluZXQvc2Vpa28vYXN0cm9uX2RldGFpbHRleHQwNl8uanBnIiBhbHQ9IjhY44K344Oq44O844K6IOODr+ODvOODq+ODieOCv+OCpOODoCIgd2lkdGg9IjEwMCUiPjxicj4K4oC75LiW55WM5pyA6JaE77yIMTIuNG1t77yJ77yaMjAxNuW5tDXmnIjnj77lnKjjgIHjgrvjgqTjgrPjg7zjgqbjgqrjg4Pjg4HmoKrlvI/kvJrnpL7oqr/jgbnjgII8YnI+PGJyPgoKPGltZyBzcmM9Imh0dHA6Ly9pbWFnZS5yYWt1dGVuLmNvLmpwL2dzeC9jYWJpbmV0L3NlaWtvL2FzdHJvbi0wNDJpbWFnZTAxLmpwZyIgYWx0PSI4WOOCt+ODquODvOOCuiDjg6/jg7zjg6vjg4njgr/jgqTjg6AiIHdpZHRoPSIxMDAlIj4KPGltZyBzcmM9Imh0dHA6Ly9pbWFnZS5yYWt1dGVuLmNvLmpwL2dzeC9jYWJpbmV0L3NlaWtvL2FzdHJvbl9kZXRhaWx0ZXh0MDUuanBnIiBhbHQ9IjhY44K344Oq44O844K6IOODr+ODvOODq+ODieOCv+OCpOODoCIgd2lkdGg9IjEwMCUiPjxicj4KCjxiPuKXj+W/q+mBqeOBleOCkui/veaxguOBl+OBn+aKgOihk0NvbWZvdGV444KS5o6h55SoPC9iPjxicj48YnI+CjxpbWcgc3JjPSJodHRwOi8vaW1hZ2UucmFrdXRlbi5jby5qcC9nc3gvY2FiaW5ldC9zZWlrby9hc3Ryb25fZGV0YWlsdGV4dDA3Xy5qcGciIGFsdD0iOFjjgrfjg6rjg7zjgrog44Ov44O844Or44OJ44K/44Kk44OgIiB3aWR0aD0iMTAwJSI+Cgo8aW1nIHNyYz0iaHR0cDovL2ltYWdlLnJha3V0ZW4uY28uanAvZ3N4L2NhYmluZXQvc2Vpa28vYXN0cm9uX2RldGFpbHRleHQwOF8uanBnIiBhbHQ9IjhY44K344Oq44O844K6IOODr+ODvOODq+ODieOCv+OCpOODoCIgd2lkdGg9IjEwMCUiPgoKPGltZyBzcmM9Imh0dHA6Ly9pbWFnZS5yYWt1dGVuLmNvLmpwL2dzeC9jYWJpbmV0L3NlaWtvL2FzdHJvbl9kZXRhaWx0ZXh0MDlfLmpwZyIgYWx0PSI4WOOCt+ODquODvOOCuiDjg6/jg7zjg6vjg4njgr/jgqTjg6AiIHdpZHRoPSIxMDAlIj4KPGJyPgoKPHRhYmxlIHdpZHRoPSIxMDAlIiBib3JkZXI9IjAiIGNlbGxzcGFjaW5nPSIxIiBjZWxscGFkZGluZz0iNSIgYmdjb2xvcj0iI0NDQ0NDQyI+Cjx0cj4KPHRoIGJnY29sb3I9IiNGNEY0RjQiIHdpZHRoPSIyNSUiPuODoeODvOOCq+ODvOWQjTxCUj7vvIjmraPopo/ovLjlhaXku6PnkIblupfvvIk8L3RoPgo8dGQgYmdjb2xvcj0iI0ZGRkZGRiI+44K744Kk44Kz44O844Km44Kq44OD44OB5qCq5byP5Lya56S+PC90ZD4KPC90cj4KPHRyPgo8dGggYmdjb2xvcj0iI0Y0RjRGNCIgd2lkdGg9IjI1JSI+44OW44Op44Oz44OJ5ZCNPC90aD4KPHRkIGJnY29sb3I9IiNGRkZGRkYiPkFTVFJPTijjgqLjgrnjg4jjg63jg7MpPC90ZD4KPC90cj4KPHRyPgo8dGggYmdjb2xvcj0iI0Y0RjRGNCIgd2lkdGg9IjI1JSI+44Og44O844OW44Oh44Oz44OIPC90aD4KPHRkIGJnY29sb3I9IiNGRkZGRkYiPuOCveODvOODqeODvEdQU+ihm+aYn+mbu+azouS/ruatoyBDYWwuOFgyMjxicj4K57K+5bqmOumdnuWPl+S/oeaZguW5s+Wdh+aciOW3rsKxMTXnp5I8L3RkPgo8L3RyPgo8dHI+Cjx0aCBiZ2NvbG9yPSIjRjRGNEY0IiB3aWR0aD0iMjUlIj7ntKDmnZA8L3RoPgo8dGQgYmdjb2xvcj0iI0ZGRkZGRiI+CuOCseODvOOCueODu+ijj+OBtuOBn++8mue0lOODgeOCv+ODsyjjg4DjgqTjg6Tjgrfjg7zjg6vjg4njgrPjg7zjg4bjgqPjg7PjgrApPGJyPgrjg5njgrzjg6vvvJrjgrvjg6njg5/jg4Pjgq/jgrk8YnI+CumiqOmYsu+8muOCteODleOCoeOCpOOCouOCrOODqeOCue+8iOOCueODvOODkeODvOOCr+ODquOCoiDjgrPjg7zjg4bjgqPjg7PjgrDvvIk8YnI+CgrvvIjigLvvvInjgrnjg7zjg5Hjg7zjgq/jg6rjgqIg44Kz44O844OG44Kj44Oz44Kw77yaIOWFieOBruWPjeWwhOOCkjk577yF5Lul5LiK5oqR5Yi244GZ44KL6YCP5piO6KKr6Iac44KS44CBPGJyPgrjgqzjg6njgrnjga7ooajoo4/kuKHpnaLjgavmlr3jgZfjgZ/jgrvjgqTjgrPjg7zni6zoh6rjga7nhKHlj43lsITjgrPjg7zjg4bjgqPjg7PjgrDlh6bnkIbjgafjgZnjgII8YnI+CuWkqumZveWFieOChOeFp+aYjuOBjOOBvuOBtuOBl+OBhOeSsOWig+S4i+OBp+OCguOAgeOCrOODqeOCueOBruWtmOWcqOOCkuaEj+itmOOBleOBm+OBvuOBm+OCk+OAgjxicj4K44G+44Gf44CB6KGo6Z2i44Gu6Ziy5rGa6Iac44Gr44KI44KK5rGa44KM44GM44Gk44GE44Gm44KC57Ch5Y2Y44Gr5out44GN5Y+W44KL44GT44Go44GM44Gn44GN44G+44GZ44CCCjwvdGQ+CjwvdHI+Cjx0cj4KPHRoIGJnY29sb3I9IiNGNEY0RjQiIHdpZHRoPSIyNSUiPuOCteOCpOOCujwvdGg+Cjx0ZCBiZ2NvbG9yPSIjRkZGRkZGIj4K44Kx44O844K55b6E77ya57imNTUuOG1tIHgg5qiqNDQuOG1tIHgg5Y6a44GVMTIuNG1tPGJyPgo8L3RkPgo8L3RyPgo8dHI+Cjx0aCBiZ2NvbG9yPSIjRjRGNEY0IiB3aWR0aD0iMjUlIj7ph43ph488L3RoPgo8dGQgYmdjb2xvcj0iI0ZGRkZGRiI+MTExZzwvdGQ+CjwvdHI+Cjx0cj4KPHRoIGJnY29sb3I9IiNGNEY0RjQiIHdpZHRoPSIyNSUiPumYsuawtOaApzwvdGg+Cjx0ZCBiZ2NvbG9yPSIjRkZGRkZGIj7ml6XluLjnlJ/mtLvnlKjlvLfljJbpmLLmsLQoMTDmsJflnKcpPC90ZD4KPC90cj4KPHRyPgo8dGggYmdjb2xvcj0iI0Y0RjRGNCIgd2lkdGg9IjI1JSI+44Gd44Gu5LuW54m55b60PC90aD4KPHRkIGJnY29sb3I9IiNGRkZGRkYiPgrjgrnjgq/jg6rjg6Xjg7zjg5Djg4Pjgq88YnI+CuiAkOODoeOCv+ODq+OCouODrOODq+OCruODvDxicj4K6YGO5YWF6Zu76Ziy5q2i5qmf6IO9PGJyPgrjg5Hjg6/jg7zjgrvjg7zjg5bmqZ/og708YnI+CuODkeODvOODmuODgeODpeOCouODq+OCq+ODrOODs+ODgOODvOapn+iDvTxicj4K44Ov44O844Or44OJ44K/44Kk44Og5qmf6IO9KDQw44K/44Kk44Og44K+44O844OzKTxicj4K44OR44Ov44O844Oq44K244O844OW6KGo56S65qmf6IO9PGJyPgpHUFPooZvmmJ/pm7vms6Llj5fkv6Hjgavjgojjgosg44K/44Kk44Og44K+44O844Oz5L+u5q2j5qmf6IO944O744K544Oe44O844OI44K744Oz44K144O8KOiHquWLleaZguWIu+S/ruato+apn+iDvSnjg7vlvLfliLbmmYLliLvkv67mraPmqZ/og708YnI+CuaNleaNieihm+aYn+aVsOihqOekuuapn+iDvTxicj4K5Y+X5L+h57WQ5p6c6KGo56S65qmf6IO9PGJyPgrlj5fkv6Hjgqrjg5XmqZ/og70o5qmf5YaF44Oi44O844OJKTxicj4K6Yed5L2N572u6Ieq5YuV5L+u5q2j5qmf6IO9PGJyPgrjg6vjg5/jg5bjg6njgqTjg4g644GC44KKKOmHneODu+OCpOODs+ODh+ODg+OCr+OCuSkKPC90ZD4KPC90cj4KPHRyPgo8dGggYmdjb2xvcj0iI0Y0RjRGNCIgd2lkdGg9IjI1JSI+44K144Kk44K66Kq/5pW044Gr44Gk44GE44GmPC90aD4KPHRkIGJnY29sb3I9IiNGRkZGRkYiPuOBiuWuouanmOOBruOBlOW4jOacm+OBq+OCiOOCiuOAgeODluODrOOCueODrOODg+ODiOOBruOCteOCpOOCuuOCkuiqv+aVtOOBl+OBn+S4iuOBp+OAgTxicj4K5pmC6KiI44KS44GK5bGK44GR44GE44Gf44GX44G+44GZ44CCKOOCteOCpOOCuuiqv+aVtOeEoeaWmSk8YnI+CuaZguioiOOCkuijheedgOOBmeOCi+aJi+mmluWbnuOCiuOBrumVt+OBleOCkuODoeOCuOODo+ODvOOBquOBqeOBp+ioiOa4rOOBhOOBn+OBoOOBjeOAgTxicj4K44Gd44Gu6ZW344GV44KS44GU5rOo5paH44Gu6Zqb44Gr44GK55+l44KJ44Gb5LiL44GV44GE44CCPGJyPgrvvIjjgrPjg57jgpLlpJbjgZfjgZ/loLTlkIjjga/jgIHlpJbjgZfjgZ/jgrPjg57jgoLmmYLoqIjjgajkuIDnt5LjgavjgYrpgIHjgoroh7TjgZfjgb7jgZnjgILvvIk8YnI+Cjxmb250IGNvbG9yPSIjY2MwMDAwOyI+4oC744K144Kk44K644Gu6Kq/5pW044KS44GE44Gf44GX44G+44GZ44Go6L+U5ZOB44CB5Lqk5o+b44Gv44GK5Y+X44GR44GE44Gf44GX44GL44Gt44G+44GZ44Gu44Gn44GU5LqG5om/5LiL44GV44GE44CCPC9mb250Pgo8L3RkPgo8L3RyPgo8dHI+Cjx0aCBiZ2NvbG9yPSIjRjRGNEY0IiB3aWR0aD0iMjUlIj7kv53oqLzmnJ/plpM8L3RoPgo8dGQgYmdjb2xvcj0iI0ZGRkZGRiI+44Oh44O844Kr44O85L+d6Ki844CAMeW5tDxicj4K44GK6LK344GE5LiK44GS44Gu5pmC6KiI44GM44CB5Y+W44KK5omx44GE6Kqs5piO5pu444Gr5rK/44Gj44Gf5q2j5bi444Gq5L2/55So54q25oWL44Gn5pWF6Zqc44GX44Gf5aC05ZCI44CB5Y+W44KK5omx44GE6Kqs5piO5pu444Gu6KiY6LyJ5YaF5a6544Gu56+E5Zuy44Gn44CB5L+d6Ki85pyf6ZaT44Gr6ZmQ44KK44CB54Sh5YSf5L+u55CG6Ie044GX44G+44GZ44CCPGJyPjxicj4KPGI+4pag5L+d6Ki85a++6LGh44Gr44Gk44GE44GmPC9iPjxicj4KIOaZguioiOacrOS9k++8iOODoOODvOODluODoeODs+ODiOODu+OCseODvOOCue+8ieOBiuOCiOOBs+mHkeWxnuODkOODs+ODieOBp+OBmeOAguOBneOCjOS7peWkluOBr+S/neiovOOBruWvvuixoeWkluOBp+OBmeOAgjxicj4K5L+u55CG44Gu44Go44GN44CB44Og44O844OW44Oh44Oz44OI44KS5Lqk5o+b44GV44Gb44Gm44GE44Gf44Gg44GE44Gf44KK44CB44Kx44O844K544O75paH5a2X5p2/44CB6Yed44CB44Ks44Op44K544O744OQ44Oz44OJ44Gq44Gp44Gr44CB5LiA6YOo5Luj5pu/6YOo5ZOB44KS5L2/55So44GV44Gb44Gm44GE44Gf44Gg44GP44GT44Go44KC44GC44KK44G+44GZ44Gu44Gn44CB44GU5LqG5om/44GP44Gg44GV44GE44CCCjwvdGQ+CjwvdHI+CjwvdGFibGU+Cjxicj4KPHRhYmxlIHdpZHRoPSIxMDAlIj4KPHRyPgo8dGQ+PGNlbnRlcj48aW1nIHNyYz0iaHR0cDovL2ltYWdlLnJha3V0ZW4uY28uanAvZ3N4L2NhYmluZXQvc2Vpa28vYXN0cm9uLTA0M19zLmpwZyIgd2lkdGg9IjE1MCIgYWx0PSJTQlhCMDg3Ij48YnI+U0JYQjA4NzwvY2VudGVyPjwvdGQ+Cjx0ZD48Y2VudGVyPjxpbWcgc3JjPSJodHRwOi8vaW1hZ2UucmFrdXRlbi5jby5qcC9nc3gvY2FiaW5ldC9zZWlrby9hc3Ryb24tMDQ0X3MuanBnIiB3aWR0aD0iMTUwIiBhbHQ9IlNCWEIwODkiPjxicj5TQlhCMDg5PC9jZW50ZXI+PC90ZD48L3RyPgo8L3RhYmxlPgoKPGJyPgo8Zm9udCBjb2xvcj0iIzAwMDBmZiI+5qW95aSp44Od44Kk44Oz44OI44Gv5b+F6KaB44Gq44GE77yBPGJyPgrjgrfjg6fjg4Pjg5Tjg7PjgrDjg63jg7zjg7PjgZTluIzmnJvjga7mlrnjga88YnI+CuOBk+OBoeOCieOBruODmuODvOOCuOOBi+OCie+8ge+8gTwvZm9udD48YnI+PGJyPjxicj48aW1nIHNyYz0iaHR0cDovL2ltYWdlLnJha3V0ZW4uY28uanAvZ3N4L2NhYmluZXQvbWVyaXQyMDE3MDEuZ2lmIiBhbHQ9Iuato+imj+iyqeWjsuW6l+OBruODoeODquODg+ODiCIgd2lkdGg9IjEwMCUiPjxicj48YnI+,44K744Kk44Kz44O8IOOCouOCueODiOODreODs1tTRUlLTyBBU1RST05dIDhY44K344Oq44O844K6IOODr+ODvOODq+ODieOCv+OCpOODoFs4WCBTRVJJRVMgV29ybGQtVGltZV1TQlhCMDg1IOODgeOCv+ODs+ODouODh+ODq+OAkOiFleaZguioiCDmmYLoqIjjgJHjgJDjgq7jg5Xjg4gg44OX44Os44K844Oz44OI44CR77yaVEhFIFdBVENIIFNIT1Au,44Kq44OD44K944Kk44K/44Oq44Kj44Ko44OJ44OD44Kv44K544Kw44Op44Oz44OJ44K744Kk44Kz44O844Ki44K544OI44Ot44Oz44Kr44Oz44OR44OO44Op44K444O844K344On44OD44KvRy1TSE9DS+ODluODreODvOODkOODmeODvOODquODs+OCsOOCueOCq+ODvOOCsuODs+ODleODrOODh+ODquODg+OCr+ODu+OCs+ODs+OCueOCv+ODs+ODiOODhOODouODquODgeOCteODiOODn+ODiuOCu+OCu+OCpOOCs+ODvOOCq+OCt+OCqkdTWOWIhuWJsuaJi+aVsOaWmeeEoeaWmeOCt+ODp+ODg+ODlOODs+OCsOODreODvOODs+eEoemHkeWIqXRoZSB3YXRjaCBzaG9w6IWV5pmC6KiI44K744Kk44Kz44O8IOOCouOCueODiOODreODs1tTRUlLTyBBU1RST05dIDhY44K344Oq44O844K6IOODr+ODvOODq+ODieOCv+OCpOODoFs4WCBTRVJJRVMgV29ybGQtVGltZV1TQlhCMDg1IOODgeOCv+ODs+ODouODh+ODq+OAkOiFleaZguioiCDmmYLoqIjjgJHjgJDjgq7jg5Xjg4gg44OX44Os44K844Oz44OI44CR,5q2j6KaP5ZOB44CQ6YCB5paZ54Sh5paZ44CR44Ki44K544OI44Ot44OzL0FTVFJPTi84WOOCt+ODquODvOOCui9TQlhCMDg144CC44K744Kk44Kz44O8IOOCouOCueODiOODreODs1tTRUlLTyBBU1RST05dIDhY44K344Oq44O844K6IOODr+ODvOODq+ODieOCv+OCpOODoFs4WCBTRVJJRVMgV29ybGQtVGltZV1TQlhCMDg1IOODgeOCv+ODs+ODouODh+ODq+OAkOiFleaZguioiCDmmYLoqIjjgJHjgJDjgq7jg5Xjg4gg44OX44Os44K844Oz44OI44CR[rn]
16-122060,aHR0cDovL3RzaG9wLnIxMHMuanAvZ3N4L2NhYmluZXQvZnJlZGVyaXF1ZS9zZWlraS9mcmQtMDY1LmpwZz9maXRpbj03MDA6NzAw,MTY4NDgwLjAwMDA=,,6IWV5pmC6KiIID4g44Oh44Oz44K66IWV5pmC6KiI,44Ot44O844Oz54Sh6YeR5Yip5a++6LGh5ZOB44OV44Os44OH44Oq44OD44KvIOOCs+ODs+OCueOCv+ODs+ODiFtGUkVERVJJUVVFIENPTlNUQU5UXeODoeODs+OCuiDjgq/jg6njgrfjg4Pjgq8g44Kr44Os44OP44O844OI44OT44O844OIJuODh+OCpOODiCDjgqrjg7zjg4jjg57jg4Hjg4Pjgq9GQy0zMTVNU0I0QzI2LUMg6Ieq5YuV5be744GN44Oa44Ki44Km44Kp44OD44OB44CQ6IWV5pmC6KiIIOaZguioiOOAkeOAkOOCruODleODiCDjg5fjg6zjgrzjg7Pjg4jjgJE=,5q2j6KaP5ZOB44CQ6YCB5paZ54Sh5paZ44CR44OV44Os44OH44Oq44OD44KvL+eEoeaWmemBuOOBueOCi+ODqeODg+ODlOODs+OCsOKZqg==,PHRhYmxlIHdpZHRoPSIxMDAlIiBib3JkZXI9IjEiIGNlbGxzcGFjaW5nPSIxIiBib3JkZXJjb2xvcj0iI0NDMDAwMCIgY2VsbHBhZGRpbmc9IjEwIj4KPHRyPgo8dGQ+Cjxmb250IGNvbG9yPSIjY2MwMDAwOyI+77yc5Zyo5bqr44Gr6Zai44GX44Gm77yePC9mb250PuWPluOCiuWvhOOBm+WVhuWTgeOBruWgtOWQiOOBr+OAgeOBlOazqOaWh+eiuuiqjeW+jOODoeODvOOCq+ODvOWcqOW6q+eiuuiqjeOBqOOBquOCiuOBvuOBmeOAggrml6XjgIXjga7lnKjluqvlpInli5XjgavjgojjgorjgIHjgZTluIzmnJvjgavmt7vjgYjjgarjgYTlj6/og73mgKfjgoLjgZTjgZbjgYTjgb7jgZnjgII8YnI+5b2T5bqX44GL44KJ44Gu5Zyo5bqr5pyJ54Sh44Gu44Oh44O844Or44Gu6L+U5L+h44KS5b+F44Ga44GU56K66KqN44GP44Gg44GV44GE44CCPGJyPgo8Zm9udCBjb2xvcj0iI2NjMDAwMDsiPuOAkOOBlOazqOaEj+OAkTwvZm9udD7lvZPlupfjgYvjgonjga7ov5Tkv6Hjg6Hjg7zjg6vjgYzlsYrjgY3jgb7jgZvjgpPvvIE8YnI+44OJ44Oh44Kk44Oz6Kej6Zmk44KS5b+Y44KM44Ga44Gr77yBPC90ZD4KPC90cj4KPC90YWJsZT48YnI+CjxpbWcgc3JjPSJodHRwOi8vaW1hZ2UucmFrdXRlbi5jby5qcC9nc3gvY2FiaW5ldC9mcmVkZXJpcXVlL2ZyZC0wNjVfdG9waW1nLmpwZyIgd2lkdGg9IjEwMCUiIGFsdD0i44OV44Os44OH44Oq44OD44KvIOOCs+ODs+OCueOCv+ODs+ODiCxGUkVERVJJUVVFIENPTlNUQU5UIj4KPGJyPgril4/jg5Xjg6zjg4fjg6rjg4Pjgq8g44Kz44Oz44K544K/44Oz44OI44Go44Gv77yfPGJyPgrjg5Xjg6zjg4fjg6rjg4Pjgq/jg7vjgrPjg7Pjgrnjgr/jg7Pjg4jjga/jgIHjgrnjgqTjgrnjg7vjgrjjg6Xjg43jg7zjg5bjgpLmnKzmi6DlnLDjgajjgZnjgovjgrnjgqTjgrnjga7jg57jg4vjg6Xjg5XjgqHjgq/jg4Hjg6Xjg7zjg6vmmYLoqIjjg6Hjg7zjgqvjg7zjgafjgZnjgILjg4fjgrbjgqTjg7Pjga7nq4vjgaHkuIrjgZLjgYvjgonjg6Djg7zjg5bjg6Hjg7Pjg4jjgpLliJ3jgoHjgajjgZnjgovpg6jlk4HjgoTntYTjgb/nq4vjgabjgavoh7Pjgovjgb7jgafjgIE8Zm9udCBjb2xvcj0iIzAwMDBjYyI+5YWo44Gm5LiA6LKr44GX44Gm6Ieq56S+44Gn6KGM44Gj44Gm44GE44KL44K544Kk44K544Gn44KC5pWw5bCR44Gq44GE44Oh44O844Kr44O8PC9mb250PuOBp+OBmeOAgjxicj4KPGJyPgo8aW1nIHNyYz0iaHR0cDovL2ltYWdlLnJha3V0ZW4uY28uanAvZ3N4L2NhYmluZXQvZnJlZGVyaXF1ZS9mcmVfMTQxMjE2XzAyLmpwZyIgd2lkdGg9IjEwMCUiIGFsdD0i44OV44Os44OH44Oq44OD44KvIOOCs+ODs+OCueOCv+ODs+ODiCxGUkVERVJJUVVFIENPTlNUQU5UIj4KPGJyPgril49RVUFMSVRZL+eUn+eUo+OBqOWTgeizqueuoeeQhjxicj4K44K544Kk44K544CB44K444Ol44ON44O844OW44Gr44GC44KL44OV44Os44OH44Oq44OD44Kv44O744Kz44Oz44K544K/44Oz44OI44Gu5bel5aC044Gn44Gv44CB44OH44K244Kk44Oz44KE6Kit6KiI44GL44KJ5pyA57WC57WE56uL44Gm44G+44Gn44KS5LiA6LKr44GX44Gm6KGM44Gq44Gj44Gm44GK44KK44CB5pmC6KiI44Gy44Go44Gk44Gy44Go44Gk44Gr5oSb5oOF44KS6L6844KB44Gm5L2c44Gj44Gm44GE44G+44GZ44CCPGJyPjxicj4xOTg45bm05Ym15qWt44Gu6Iul44GE5pmC6KiI44OW44Op44Oz44OJ44Gq44GM44KJ44CB44K544Kk44K544Gu5pWw5bCR44Gq44GE44Oe44OL44Ol44OV44Kh44Kv44OB44Ol44O844Or44OW44Op44Oz44OJ44Go44GX44Gm552A44CF44Go5oiQ6ZW344KS6YGC44GS44Gm44GE44G+44GZ44CC5qWt57i+44Gv5Y+z6IKp5LiK44GM44KK44Gn44CB55Sf55Sj5pys5pWw44KC5q+O5bm05aKX44GI57aa44GR44Gm44GE44G+44GZ44GM44CB55Sf55Sj5Yq5546H44Gu5ZCR5LiK44Go44Go44KC44Gr5ZOB6LOq566h55CG44Gr44KC54m544Gr5Yqb44KS5rOo44GO44CB5aKX55Sj44Gr44KI44KL44Kv44Kq44Oq44OG44Kj44Gu5L2O5LiL44GM6LW344GT44KL5LqL44GM54Sh44GE44KI44GG57Sw5b+D44Gu5rOo5oSP44KS5omV44Gj44Gm44GE44G+44GZ44CCPGJyPjxicj7mp5jjgIXjgarmnIDmlrDpi63jga7mqZ/mnZDjga7lsI7lhaXjgoTjgIHoh6rnpL7oo73lk4HjgavpganjgZfjgZ/jgqrjg6rjgrjjg4rjg6vjga7oo4Xnva7jga7plovnmbrjga/jgIHjgojjgorpq5jlk4Hos6rjgafkv6HpoLzjga7jgYrjgZHjgovmmYLoqIjjgpLjgYrlsYrjgZHjgZnjgovjgZ/jgoHjgavjga/jg57jgrnjg4jjgafjgYLjgovjgajogIPjgYjjgIHjgZ3jgozjgonjga7lhYXlrp/jgavjga/mipXos4fjgpLmg5zjgZfjgoDjgZPjgajjgarjgY/ooYzjgarjgaPjgabjgYrjgorjgb7jgZnjgII8YnI+Cjxicj48YnI+Cgo8Yj7vvZ7jg4/jg7zjg4jjg5Pjg7zjg4jvvIbjg4fjgqTjg4jjga7prYXlipvvvZ48L2I+PGJyPgoKPGltZyBzcmM9Imh0dHA6Ly9pbWFnZS5yYWt1dGVuLmNvLmpwL2dzeC9jYWJpbmV0L2ZyZWRlcmlxdWUvZnJkLWhlYXJ0YmVhdC5qcGciIHdpZHRoPSIxMDAlIiBhbHQ9IuODleODrOODh+ODquODg+OCr+OCpOODoeODvOOCuCI+Cgo8YnI+Cjx0YWJsZSB3aWR0aD0iMTAwJSI+Cjx0cj4KPHRkPjxjZW50ZXI+PGltZyBzcmM9Imh0dHA6Ly9pbWFnZS5yYWt1dGVuLmNvLmpwL2dzeC9jYWJpbmV0L2ZyZWRlcmlxdWUvZnJkLTA2N19zLmpwZyIgd2lkdGg9IjE1MCIgYWx0PSJGQy0yMDBNQzE2Ij48YnI+RkMtMjAwTUMxNjxicj7jg5rjgqLjgqbjgqnjg4Pjg4HjgavjgoLvvIE8L2NlbnRlcj48L3RkPgo8L3RyPgo8L3RhYmxlPgo8YnI+Cjx0YWJsZSB3aWR0aD0iMTAwJSIgYm9yZGVyPSIwIiBjZWxsc3BhY2luZz0iMSIgY2VsbHBhZGRpbmc9IjUiIGJnY29sb3I9IiNDQ0NDQ0MiPgo8dHI+Cjx0aCBiZ2NvbG9yPSIjRjRGNEY0IiB3aWR0aD0iMjUlIj7jg6Hjg7zjgqvjg7zlkI08QlI+77yI5q2j6KaP6Ly45YWl5Luj55CG5bqX77yJPC90aD4KPHRkIGJnY29sb3I9IiNGRkZGRkYiPuagquW8j+S8muekvkdN44Kk44Oz44K/44O844OK44K344On44OK44OrPC90ZD4KPC90cj4KPHRyPgo8dGggYmdjb2xvcj0iI0Y0RjRGNCIgd2lkdGg9IjI1JSI+44OW44Op44Oz44OJ5ZCNPC90aD4KPHRkIGJnY29sb3I9IiNGRkZGRkYiPuODleODrOODh+ODquODg+OCr+ODu+OCs+ODs+OCueOCv+ODs+ODiO+8iEZSRURFUklRVUUgQ09OU1RBTlTvvIk8L3RkPgo8L3RyPgo8dHI+Cjx0aCBiZ2NvbG9yPSIjRjRGNEY0IiB3aWR0aD0iMjUlIj7jg6Djg7zjg5bjg6Hjg7Pjg4g8L3RoPgo8dGQgYmdjb2xvcj0iI0ZGRkZGRiI+RkMtMzE1IOiHquWLleW3u+OBjSgzOOaZgumWk+ODkeODr+ODvOODquOCtuODvOODlik8L3RkPgo8L3RyPgo8dHI+Cjx0aCBiZ2NvbG9yPSIjRjRGNEY0IiB3aWR0aD0iMjUlIj7ntKDmnZA8L3RoPgo8dGQgYmdjb2xvcj0iI0ZGRkZGRiI+CuOCseODvOOCue+8muOCueODhuODs+ODrOOCueOCueODhuOCo+ODvOODqzxicj4K44OQ44Oz44OJ77ya44ON44Kk44OT44O844Gu44Kv44Ot44Kz5Z6L5oq844GX44Kr44O844OVPGJyPgrjgqzjg6njgrnvvJrjgrXjg5XjgqHjgqTjgqLjgq/jg6rjgrnjgr/jg6s8YnI+CuODgOOCpOOCouODq++8muOCt+ODq+ODkOODvAo8L3RkPgo8L3RyPgo8dHI+Cjx0aCBiZ2NvbG9yPSIjRjRGNEY0IiB3aWR0aD0iMjUlIj7jgrXjgqTjgro8L3RoPgo8dGQgYmdjb2xvcj0iI0ZGRkZGRiI+CuOCseODvOOCueW+hO+8mjQ3w5czMC43bW08YnI+CjwvdGQ+CjwvdHI+Cjx0cj4KPHRoIGJnY29sb3I9IiNGNEY0RjQiIHdpZHRoPSIyNSUiPumHjemHjzwvdGg+Cjx0ZCBiZ2NvbG9yPSIjRkZGRkZGIj4tPC90ZD4KPC90cj4KPHRyPgo8dGggYmdjb2xvcj0iI0Y0RjRGNCIgd2lkdGg9IjI1JSI+6Ziy5rC05oCnPC90aD4KPHRkIGJnY29sb3I9IiNGRkZGRkYiPjPmsJflnKfpmLLmsLQ8L3RkPgo8L3RyPgo8dHI+Cjx0aCBiZ2NvbG9yPSIjRjRGNEY0IiB3aWR0aD0iMjUlIj7jgZ3jga7ku5bnibnlvrQ8L3RoPgo8dGQgYmdjb2xvcj0iI0ZGRkZGRiI+CuOCt+ODvOOCueODq+ODvOOCseODvOOCueODkOODg+OCrzxicj4K44OP44O844OI44OT44O844OIPGJyPgrjgrnjgrHjg6vjg4jjg7Pjg4fjgqTjg4gKPC90ZD4KPC90cj4KPHRyPgo8dGggYmdjb2xvcj0iI0Y0RjRGNCIgd2lkdGg9IjI1JSI+44K144Kk44K66Kq/5pW044Gr44Gk44GE44GmPC90aD4KPHRkIGJnY29sb3I9IiNGRkZGRkYiPumdqeODkOODs+ODieOBq+OBpOOBjeOAgeOCteOCpOOCuuiqv+aVtOOBr+OBiuOBk+OBquOBo+OBpuOBiuOCiuOBvuOBm+OCk+OAgjwvdGQ+CjwvdHI+Cjx0cj4KPHRoIGJnY29sb3I9IiNGNEY0RjQiIHdpZHRoPSIyNSUiPuS/neiovOacn+mWkzwvdGg+Cjx0ZCBiZ2NvbG9yPSIjRkZGRkZGIj7jg6Hjg7zjgqvjg7zkv53oqLwy5bm0PGJyPgrjgYrosrfjgYTkuIrjgZLjga7mmYLoqIjjgYzjgIHlj5bjgormibHjgYToqqzmmI7mm7jjgavmsr/jgaPjgZ/mraPluLjjgarkvb/nlKjnirbmhYvjgafmlYXpmpzjgZfjgZ/loLTlkIjjgIHlj5bjgormibHjgYToqqzmmI7mm7jjga7oqJjovInlhoXlrrnjga7nr4Tlm7LjgafjgIHkv53oqLzmnJ/plpPjgavpmZDjgorjgIHnhKHlhJ/kv67nkIboh7TjgZfjgb7jgZnjgII8L3RkPgo8L3RyPgo8L3RhYmxlPgoKPGJyPjxicj48YnI+PGltZyBzcmM9Imh0dHA6Ly9pbWFnZS5yYWt1dGVuLmNvLmpwL2dzeC9jYWJpbmV0L21lcml0MjAxNzAxLmdpZiIgYWx0PSLmraPopo/osqnlo7Llupfjga7jg6Hjg6rjg4Pjg4giIHdpZHRoPSIxMDAlIj48YnI+PGJyPjxpbWcgc3JjPSJodHRwOi8vaW1hZ2UucmFrdXRlbi5jby5qcC9nc3gvY2FiaW5ldC9zbF9zcC5naWYiIHdpZHRoPSIxMDAlIiBhbHQ9IuOCt+ODp+ODg+ODlOODs+OCsOODreODvOODs+ODquODs+OCryI+PGJyPg==,44Ot44O844Oz54Sh6YeR5Yip5a++6LGh5ZOB44OV44Os44OH44Oq44OD44KvIOOCs+ODs+OCueOCv+ODs+ODiFtGUkVERVJJUVVFIENPTlNUQU5UXeODoeODs+OCuiDjgq/jg6njgrfjg4Pjgq8g44Kr44Os44OP44O844OI44OT44O844OIJmFtcDvjg4fjgqTjg4gg44Kq44O844OI44Oe44OB44OD44KvRkMtMzE1TVNCNEMyNi1DIOiHquWLleW3u+OBjeODmuOCouOCpuOCqeODg+ODgeOAkOiFleaZguioiCDmmYLoqIjjgJHjgJDjgq7jg5Xjg4gg44OX44Os44K844Oz44OI44CR77yaVEhFIFdBVENIIFNIT1Au,44Kq44OD44K944Kk44K/44Oq44Kj44Ko44OJ44OD44Kv44K544Kw44Op44Oz44OJ44K744Kk44Kz44O844Ki44K544OI44Ot44Oz44Kr44Oz44OR44OO44Op44K444O844K344On44OD44KvRy1TSE9DS+ODluODreODvOODkOODmeODvOODquODs+OCsOOCueOCq+ODvOOCsuODs+ODleODrOODh+ODquODg+OCr+ODu+OCs+ODs+OCueOCv+ODs+ODiOODhOODouODquODgeOCteODiOODn+ODiuOCu+OCu+OCpOOCs+ODvOOCq+OCt+OCqkdTWOWIhuWJsuaJi+aVsOaWmeeEoeaWmeOCt+ODp+ODg+ODlOODs+OCsOODreODvOODs+eEoemHkeWIqXRoZSB3YXRjaCBzaG9w6IWV5pmC6KiI44Ot44O844Oz54Sh6YeR5Yip5a++6LGh5ZOB44OV44Os44OH44Oq44OD44KvIOOCs+ODs+OCueOCv+ODs+ODiFtGUkVERVJJUVVFIENPTlNUQU5UXeODoeODs+OCuiDjgq/jg6njgrfjg4Pjgq8g44Kr44Os44OP44O844OI44OT44O844OIJmFtcDvjg4fjgqTjg4gg44Kq44O844OI44Oe44OB44OD44KvRkMtMzE1TVNCNEMyNi1DIOiHquWLleW3u+OBjeODmuOCouOCpuOCqeODg+ODgeOAkOiFleaZguioiCDmmYLoqIjjgJHjgJDjgq7jg5Xjg4gg44OX44Os44K844Oz44OI44CR,5q2j6KaP5ZOB44CQ6YCB5paZ54Sh5paZ44CR44OV44Os44OH44Oq44OD44KvL+eEoeaWmemBuOOBueOCi+ODqeODg+ODlOODs+OCsOKZquOAguODreODvOODs+eEoemHkeWIqeWvvuixoeWTgeODleODrOODh+ODquODg+OCryDjgrPjg7Pjgrnjgr/jg7Pjg4hbRlJFREVSSVFVRSBDT05TVEFOVF3jg6Hjg7Pjgrog44Kv44Op44K344OD44KvIOOCq+ODrOODj+ODvOODiOODk+ODvOODiCZhbXA744OH44Kk44OIIOOCquODvOODiOODnuODgeODg+OCr0ZDLTMxNU1TQjRDMjYtQyDoh6rli5Xlt7vjgY3jg5rjgqLjgqbjgqnjg4Pjg4HjgJDohZXmmYLoqIgg5pmC6KiI44CR44CQ44Ku44OV44OIIOODl+ODrOOCvOODs+ODiOOAkQ==[rn]
16-122061,aHR0cDovL3RzaG9wLnIxMHMuanAvZ3N4L2NhYmluZXQvZnJlZGVyaXF1ZS9zZWlraS9mcmQtMDY0LmpwZz9maXRpbj03MDA6NzAw,MTk4NzIwLjAwMDA=,,6IWV5pmC6KiIID4g44Oh44Oz44K66IWV5pmC6KiI,44K344On44OD44OU44Oz44Kw44Ot44O844Oz54Sh6YeR5Yip5a++6LGh5ZOB44OV44Os44OH44Oq44OD44KvIOOCs+ODs+OCueOCv+ODs+ODiFtGUkVERVJJUVVFIENPTlNUQU5UXeOCr+ODqeOCt+ODg+OCryDjgqvjg6wg44OP44O844OI44OT44O844OIJuODh+OCpOODiOODquODn+ODhuODg+ODieOCqOODh+OCo+OCt+ODp+ODs0ZDLTMxNUNHQzRDMjZCIOS4lueVjOmZkOWumjUwMOacrOODoeODs+OCuiDjgJDohZXmmYLoqIgg5pmC6KiI44CR44CQ44Ku44OV44OIIOODl+ODrOOCvOODs+ODiOOAkQ==,5q2j6KaP5ZOB44CQ6YCB5paZ54Sh5paZ44CR44OV44Os44OH44Oq44OD44KvIOOCs+ODs+OCueOCv+ODs+ODiC9GQy0zMTVDR0M0QzI2Qg==,PHRhYmxlIHdpZHRoPSIxMDAlIiBib3JkZXI9IjEiIGNlbGxzcGFjaW5nPSIxIiBib3JkZXJjb2xvcj0iI0NDMDAwMCIgY2VsbHBhZGRpbmc9IjEwIj4KPHRyPgo8dGQ+Cjxmb250IGNvbG9yPSIjY2MwMDAwOyI+77yc5Zyo5bqr44Gr6Zai44GX44Gm77yePC9mb250PuWPluOCiuWvhOOBm+WVhuWTgeOBruWgtOWQiOOBr+OAgeOBlOazqOaWh+eiuuiqjeW+jOODoeODvOOCq+ODvOWcqOW6q+eiuuiqjeOBqOOBquOCiuOBvuOBmeOAggrml6XjgIXjga7lnKjluqvlpInli5XjgavjgojjgorjgIHjgZTluIzmnJvjgavmt7vjgYjjgarjgYTlj6/og73mgKfjgoLjgZTjgZbjgYTjgb7jgZnjgII8YnI+5b2T5bqX44GL44KJ44Gu5Zyo5bqr5pyJ54Sh44Gu44Oh44O844Or44Gu6L+U5L+h44KS5b+F44Ga44GU56K66KqN44GP44Gg44GV44GE44CCPGJyPgo8Zm9udCBjb2xvcj0iI2NjMDAwMDsiPuOAkOOBlOazqOaEj+OAkTwvZm9udD7lvZPlupfjgYvjgonjga7ov5Tkv6Hjg6Hjg7zjg6vjgYzlsYrjgY3jgb7jgZvjgpPvvIE8YnI+44OJ44Oh44Kk44Oz6Kej6Zmk44KS5b+Y44KM44Ga44Gr77yBPC90ZD4KPC90cj4KPC90YWJsZT48YnI+CjxpbWcgc3JjPSJodHRwOi8vaW1hZ2UucmFrdXRlbi5jby5qcC9nc3gvY2FiaW5ldC9mcmVkZXJpcXVlL2ZyZC0wNjNfdG9waW1nLmpwZyIgd2lkdGg9IjEwMCUiIGFsdD0i44OV44Os44OH44Oq44OD44KvIOOCs+ODs+OCueOCv+ODs+ODiCxGUkVERVJJUVVFIENPTlNUQU5UIj4KPGJyPgril4/jg5Xjg6zjg4fjg6rjg4Pjgq8g44Kz44Oz44K544K/44Oz44OI44Go44Gv77yfPGJyPgrjg5Xjg6zjg4fjg6rjg4Pjgq/jg7vjgrPjg7Pjgrnjgr/jg7Pjg4jjga/jgIHjgrnjgqTjgrnjg7vjgrjjg6Xjg43jg7zjg5bjgpLmnKzmi6DlnLDjgajjgZnjgovjgrnjgqTjgrnjga7jg57jg4vjg6Xjg5XjgqHjgq/jg4Hjg6Xjg7zjg6vmmYLoqIjjg6Hjg7zjgqvjg7zjgafjgZnjgILjg4fjgrbjgqTjg7Pjga7nq4vjgaHkuIrjgZLjgYvjgonjg6Djg7zjg5bjg6Hjg7Pjg4jjgpLliJ3jgoHjgajjgZnjgovpg6jlk4HjgoTntYTjgb/nq4vjgabjgavoh7Pjgovjgb7jgafjgIE8Zm9udCBjb2xvcj0iIzAwMDBjYyI+5YWo44Gm5LiA6LKr44GX44Gm6Ieq56S+44Gn6KGM44Gj44Gm44GE44KL44K544Kk44K544Gn44KC5pWw5bCR44Gq44GE44Oh44O844Kr44O8PC9mb250PuOBp+OBmeOAgjxicj4KPGJyPgo8aW1nIHNyYz0iaHR0cDovL2ltYWdlLnJha3V0ZW4uY28uanAvZ3N4L2NhYmluZXQvZnJlZGVyaXF1ZS9mcmVfMTQxMjE2XzAyLmpwZyIgd2lkdGg9IjEwMCUiIGFsdD0i44OV44Os44OH44Oq44OD44KvIOOCs+ODs+OCueOCv+ODs+ODiCxGUkVERVJJUVVFIENPTlNUQU5UIj4KPGJyPgril49RVUFMSVRZL+eUn+eUo+OBqOWTgeizqueuoeeQhjxicj4K44K544Kk44K544CB44K444Ol44ON44O844OW44Gr44GC44KL44OV44Os44OH44Oq44OD44Kv44O744Kz44Oz44K544K/44Oz44OI44Gu5bel5aC044Gn44Gv44CB44OH44K244Kk44Oz44KE6Kit6KiI44GL44KJ5pyA57WC57WE56uL44Gm44G+44Gn44KS5LiA6LKr44GX44Gm6KGM44Gq44Gj44Gm44GK44KK44CB5pmC6KiI44Gy44Go44Gk44Gy44Go44Gk44Gr5oSb5oOF44KS6L6844KB44Gm5L2c44Gj44Gm44GE44G+44GZ44CCPGJyPjxicj4xOTg45bm05Ym15qWt44Gu6Iul44GE5pmC6KiI44OW44Op44Oz44OJ44Gq44GM44KJ44CB44K544Kk44K544Gu5pWw5bCR44Gq44GE44Oe44OL44Ol44OV44Kh44Kv44OB44Ol44O844Or44OW44Op44Oz44OJ44Go44GX44Gm552A44CF44Go5oiQ6ZW344KS6YGC44GS44Gm44GE44G+44GZ44CC5qWt57i+44Gv5Y+z6IKp5LiK44GM44KK44Gn44CB55Sf55Sj5pys5pWw44KC5q+O5bm05aKX44GI57aa44GR44Gm44GE44G+44GZ44GM44CB55Sf55Sj5Yq5546H44Gu5ZCR5LiK44Go44Go44KC44Gr5ZOB6LOq566h55CG44Gr44KC54m544Gr5Yqb44KS5rOo44GO44CB5aKX55Sj44Gr44KI44KL44Kv44Kq44Oq44OG44Kj44Gu5L2O5LiL44GM6LW344GT44KL5LqL44GM54Sh44GE44KI44GG57Sw5b+D44Gu5rOo5oSP44KS5omV44Gj44Gm44GE44G+44GZ44CCPGJyPjxicj7mp5jjgIXjgarmnIDmlrDpi63jga7mqZ/mnZDjga7lsI7lhaXjgoTjgIHoh6rnpL7oo73lk4HjgavpganjgZfjgZ/jgqrjg6rjgrjjg4rjg6vjga7oo4Xnva7jga7plovnmbrjga/jgIHjgojjgorpq5jlk4Hos6rjgafkv6HpoLzjga7jgYrjgZHjgovmmYLoqIjjgpLjgYrlsYrjgZHjgZnjgovjgZ/jgoHjgavjga/jg57jgrnjg4jjgafjgYLjgovjgajogIPjgYjjgIHjgZ3jgozjgonjga7lhYXlrp/jgavjga/mipXos4fjgpLmg5zjgZfjgoDjgZPjgajjgarjgY/ooYzjgarjgaPjgabjgYrjgorjgb7jgZnjgII8YnI+Cjxicj48YnI+Cjxicj48Yj7il49DbGFzc2ljcyBDYXJyZWUgSGVhcnRCZWF077yGRGF0ZSBMaW1pdGVkRWRpdGlvbiAyMDE2PGZvbnQgY29sb3I9IiNjYzAwMDAiPuOAkOS4lueVjOmZkOWumjUwMOacrOOAkTwvZm9udD48L2I+PGJyPgrjg5Xjg6zjg4fjg6rjg4Pjgq/jg7vjgrPjg7Pjgrnjgr/jg7Pjg4jjga7jg5njgrnjg4jjgrvjg6njg7zjgrfjg6rjg7zjgrrigJzjg4/jg7zjg4jjg5Pjg7zjg4jvvIbjg4fjgqTjg4jigJ3jga7kuK3jgafjgoLnibnjgavkurrmsJfjga7pq5jjgYTjgqvjg6njg7zpmZDlrprjg6Ljg4fjg6vjgILnhp/miJDjgZfjgZ/jgrPjg4vjg6Pjg4Pjgq/jgpLpgKPmg7PjgZXjgZvjgovoibLlkIjjgYTjga7jg4DjgqTjg6Tjg6vjgajlkIzoibLjga7jg6zjgrbjg7zjgrnjg4jjg6njg4Pjg5fjgYzjgIHkuIrlk4HjgZXjgajoj6/jgoTjgYvjgZXjgpLmvJTlh7rjgZnjgovkuIDmnKzjgavjgILjg5Xjgqnjg7zjg57jg6vjgYvjgonjgqvjgrjjg6XjgqLjg6vjgb7jgaflr77lv5zjgZfjgIHjgrnjgr/jgqTjg6vjga7luYXjgYzluoPjgYzjgorjgb7jgZnjgILmqZ/og73pnaLjgafjga/jgIHjgrHjg7zjgrnjgpLnt6njgoTjgYvjgavjgqvjg7zjg5bjgZXjgZvjgovjgZPjgajjgavjgojjgaPjgabjgIHnnYDjgZHlv4PlnLDjgavjgZPjgaDjgo/jgaPjgabjgYTjgb7jgZnjgII8YnI+Cgo8YnI+PGI+772e44OP44O844OI44OT44O844OI77yG44OH44Kk44OI44Gu6a2F5Yqb772ePC9iPjxicj4KPHRhYmxlIHdpZHRoPSIxMDAlIj4KPHRyPgo8dGQgd2lkdGg9IjUwJSIgdmFsaWduPSJ0b3AiPgoKPGltZyBzcmM9Imh0dHA6Ly9pbWFnZS5yYWt1dGVuLmNvLmpwL2dzeC9jYWJpbmV0L2ZyZWRlcmlxdWUvZnJkLTA2M19kZXRhaWwwMS5qcGciIHdpZHRoPSIxMDAlIiBhbHQ9IuODleODrOODh+ODquODg+OCr+OCpOODoeODvOOCuCI+CjwvdGQ+Cjx0ZCB3aWR0aD0iNTAlIiB2YWxpZ249InRvcCI+Cgo8aW1nIHNyYz0iaHR0cDovL2ltYWdlLnJha3V0ZW4uY28uanAvZ3N4L2NhYmluZXQvZnJlZGVyaXF1ZS9mcmQtMDYzX2RldGFpbDAyLmpwZyIgd2lkdGg9IjEwMCUiIGFsdD0i44OV44Os44OH44Oq44OD44Kv44Kk44Oh44O844K4Ij4KPC90ZD4KPC90cj48dHI+Cjx0ZCB3aWR0aD0iNTAlIiB2YWxpZ249InRvcCI+PGI+4peP44OP44O844OI44OT44O844OIPC9iPjxicj4xMuaZguS9jee9ruOBq+ODoOODvOODluODoeODs+ODiOOBruWLleOBjeOCkumRkeiznuOBp+OBjeOCi+OAgeODleODrOODh+ODquODg+OCr+ODu+OCs+ODs+OCueOCv+ODs+ODiOOBruixoeW+tOOBqOOCguOBhOOBiOOCi+S6uuawl+OBruODj+ODvOODiOODk+ODvOODiOapn+ani+OCkuaQrei8ieOAgjwvdGQ+Cjx0ZCB3aWR0aD0iNTAlIiB2YWxpZ249InRvcCI+PGI+4peP44K544Kx44Or44OI44Oz44OH44Kk44OIPC9iPjxicj7jg6Djg7zjg5bjg6Hjg7Pjg4jjgpLjgojjgornvo7jgZfjgY/opovjgZvjgovjgZPjgajjgavjgZPjgaDjgo/jgoroh6rnpL7plovnmbrjgZXjgozjgZ/jgIHjgqrjg6rjgrjjg4rjg6vjga7jgrnjgrHjg6vjg4jjg7Pjg4fjgqTjg4jooajnpLrjgII8L3RkPgo8L3RyPjx0cj4KPHRkIHdpZHRoPSI1MCUiIHZhbGlnbj0idG9wIj4KCjxpbWcgc3JjPSJodHRwOi8vaW1hZ2UucmFrdXRlbi5jby5qcC9nc3gvY2FiaW5ldC9mcmVkZXJpcXVlL2ZyZC0wNjNfZGV0YWlsMDMuanBnIiB3aWR0aD0iMTAwJSIgYWx0PSLjg5Xjg6zjg4fjg6rjg4Pjgq/jgqTjg6Hjg7zjgrgiPgo8L3RkPgo8dGQgd2lkdGg9IjUwJSIgdmFsaWduPSJ0b3AiPgoKPGltZyBzcmM9Imh0dHA6Ly9pbWFnZS5yYWt1dGVuLmNvLmpwL2dzeC9jYWJpbmV0L2ZyZWRlcmlxdWUvZnJkLTA2M19kZXRhaWwwNC5qcGciIHdpZHRoPSIxMDAlIiBhbHQ9IuODleODrOODh+ODquODg+OCr+OCpOODoeODvOOCuCI+CjwvdGQ+CjwvdHI+PHRyPgo8dGQgd2lkdGg9IjUwJSIgdmFsaWduPSJ0b3AiPjxiPuKXj+ODgOOCpOODpOODqzwvYj48YnI+5paH5a2X55uk5Lit5aSu44Gr6auY57Sa5oSf5rqi44KM44KL44Ku44On44O844K344Kn6KOF6aO+44KS5pa944GX44CB56y544Gu6JGJ44Gu44KI44GG44Gq5puy57ea55qE44Gq44Oq44O844OV6Yed44KC576O44GX44GE44CCPC90ZD4KPHRkIHdpZHRoPSI1MCUiIHZhbGlnbj0idG9wIj48Yj7il4/jgrfjg7zjgrnjg6vjg7zjg5Djg4Pjgq88L2I+PGJyPuODj+ODvOODiOODk+ODvOODiO+8huODh+OCpOODiOODouODh+ODq+OBr+OBmeOBueOBpuOCt+ODvOOCueODq+ODvOODkOODg+OCr+OAguOCseODvOOCueijj+OBi+OCieapn+aisOW8j+aZguioiOOBrueyvuWvhuOBquWLleOBjeOCkumRkeiznuOBp+OBjeOBvuOBmeOAgjwvdGQ+CjwvdHI+PHRyPgo8dGQgd2lkdGg9IjUwJSIgdmFsaWduPSJ0b3AiPgoKPGltZyBzcmM9Imh0dHA6Ly9pbWFnZS5yYWt1dGVuLmNvLmpwL2dzeC9jYWJpbmV0L2ZyZWRlcmlxdWUvZnJkLTA2M19kZXRhaWwwNS5qcGciIHdpZHRoPSIxMDAlIiBhbHQ9IuODleODrOODh+ODquODg+OCr+OCpOODoeODvOOCuCI+CjwvdGQ+CjwvdHI+Cjx0cj4KPHRkIHdpZHRoPSI1MCUiIHZhbGlnbj0idG9wIj48Yj7il4/jgrnjg4jjg6njg4Pjg5c8L2I+PGJyPuS4iuizquOBp+mrmOe0muaEn+a6ouOCjOOCi+OCr+ODreOCs+Wei+aKvOOBl+OCq+ODvOODleODrOOCtuODvOOAguiQveOBoeedgOOBhOOBn+e+juOBl+OBleOBruOBguOCi+OCs+ODi+ODo+ODg+OCr+OCq+ODqeODvOOBjOOAgea0l+e3tOOBqOWTgeagvOOCkuaEn+OBmOOBleOBm+OBvuOBmeOAgjwvdGQ+CjwvdHI+CjwvdGFibGU+PGJyPgo8dGFibGUgd2lkdGg9IjEwMCUiPgo8dHI+Cjx0ZD48Y2VudGVyPjxpbWcgc3JjPSJodHRwOi8vaW1hZ2UucmFrdXRlbi5jby5qcC9nc3gvY2FiaW5ldC9mcmVkZXJpcXVlL2ZyZC0wNjNfcy5qcGciIHdpZHRoPSIxNTAiIGFsdD0iRkMtMzE1Q0dDNEMyNiI+PGJyPkZDLTMxNUNHQzRDMjY8L2NlbnRlcj48L3RkPgo8L3RyPgo8L3RhYmxlPgo8YnI+Cjx0YWJsZSB3aWR0aD0iMTAwJSIgYm9yZGVyPSIwIiBjZWxsc3BhY2luZz0iMSIgY2VsbHBhZGRpbmc9IjUiIGJnY29sb3I9IiNDQ0NDQ0MiPgo8dHI+Cjx0aCBiZ2NvbG9yPSIjRjRGNEY0IiB3aWR0aD0iMjUlIj7jg6Hjg7zjgqvjg7zlkI08QlI+77yI5q2j6KaP6Ly45YWl5Luj55CG5bqX77yJPC90aD4KPHRkIGJnY29sb3I9IiNGRkZGRkYiPuagquW8j+S8muekvkdN44Kk44Oz44K/44O844OK44K344On44OK44OrPC90ZD4KPC90cj4KPHRyPgo8dGggYmdjb2xvcj0iI0Y0RjRGNCIgd2lkdGg9IjI1JSI+44OW44Op44Oz44OJ5ZCNPC90aD4KPHRkIGJnY29sb3I9IiNGRkZGRkYiPuODleODrOODh+ODquODg+OCr+ODu+OCs+ODs+OCueOCv+ODs+ODiO+8iEZSRURFUklRVUUgQ09OU1RBTlTvvIk8L3RkPgo8L3RyPgo8dHI+Cjx0aCBiZ2NvbG9yPSIjRjRGNEY0IiB3aWR0aD0iMjUlIj7jg6Djg7zjg5bjg6Hjg7Pjg4g8L3RoPgo8dGQgYmdjb2xvcj0iI0ZGRkZGRiI+RkMtMzE1IOiHquWLleW3u+OBjSgzOOaZgumWk+ODkeODr+ODvOODquOCtuODvOODlik8L3RkPgo8L3RyPgo8dHI+Cjx0aCBiZ2NvbG9yPSIjRjRGNEY0IiB3aWR0aD0iMjUlIj7ntKDmnZA8L3RoPgo8dGQgYmdjb2xvcj0iI0ZGRkZGRiI+CuOCseODvOOCueODu+ODkOODs+ODie+8muOCueODhuODs+ODrOOCueOCueODhuOCo+ODvOODqzxicj4K44Ks44Op44K577ya44K144OV44Kh44Kk44Ki44Kv44Oq44K544K/44OrPGJyPgrjg4DjgqTjgqLjg6vvvJrjgrPjg4vjg6Pjg4Pjgq88L3RkPgo8L3RyPgo8dHI+Cjx0aCBiZ2NvbG9yPSIjRjRGNEY0IiB3aWR0aD0iMjUlIj7jgrXjgqTjgro8L3RoPgo8dGQgYmdjb2xvcj0iI0ZGRkZGRiI+CuOCseODvOOCueW+hO+8mjQ3w5czMC43bW08YnI+CjwvdGQ+CjwvdHI+Cjx0cj4KPHRoIGJnY29sb3I9IiNGNEY0RjQiIHdpZHRoPSIyNSUiPumHjemHjzwvdGg+Cjx0ZCBiZ2NvbG9yPSIjRkZGRkZGIj4tPC90ZD4KPC90cj4KPHRyPgo8dGggYmdjb2xvcj0iI0Y0RjRGNCIgd2lkdGg9IjI1JSI+6Ziy5rC05oCnPC90aD4KPHRkIGJnY29sb3I9IiNGRkZGRkYiPjPmsJflnKfpmLLmsLQ8L3RkPgo8L3RyPgo8dHI+Cjx0aCBiZ2NvbG9yPSIjRjRGNEY0IiB3aWR0aD0iMjUlIj7jgZ3jga7ku5bnibnlvrQ8L3RoPgo8dGQgYmdjb2xvcj0iI0ZGRkZGRiI+CuOCt+ODvOOCueODq+ODvOOCseODvOOCueODkOODg+OCrzxicj4K44OP44O844OI44OT44O844OIPGJyPgrjgrnjgrHjg6vjg4jjg7Pjg4fjgqTjg4g8YnI+CuS4lueVjOmZkOWumjUwMOacrAo8L3RkPgo8L3RyPgo8dHI+Cjx0aCBiZ2NvbG9yPSIjRjRGNEY0IiB3aWR0aD0iMjUlIj7jgrXjgqTjgrroqr/mlbTjgavjgaTjgYTjgaY8L3RoPgo8dGQgYmdjb2xvcj0iI0ZGRkZGRiI+44GK5a6i5qeY44Gu44GU5biM5pyb44Gr44KI44KK44CB44OW44Os44K544Os44OD44OI44Gu44K144Kk44K644KS6Kq/5pW044GX44Gf5LiK44Gn44CB5pmC6KiI44KS44GK5bGK44GR44GE44Gf44GX44G+44GZ44CCKOOCteOCpOOCuuiqv+aVtOeEoeaWmSk8YnI+CuaZguioiOOCkuijheedgOOBmeOCi+aJi+mmluWbnuOCiuOBrumVt+OBleOCkuODoeOCuOODo+ODvOOBquOBqeOBp+ioiOa4rOOBhOOBn+OBoOOBjeOAgeOBneOBrumVt+OBleOCkuOBlOazqOaWh+OBrumam+OBq+OBiuefpeOCieOBm+S4i+OBleOBhOOAgjxicj4K77yI44Kz44Oe44KS5aSW44GX44Gf5aC05ZCI44Gv44CB5aSW44GX44Gf44Kz44Oe44KC5pmC6KiI44Go5LiA57eS44Gr44GK6YCB44KK6Ie044GX44G+44GZ44CC77yJPGJyPgo8Zm9udCBjb2xvcj0iI2NjMDAwMDsiPuKAu+OCteOCpOOCuuOBruiqv+aVtOOCkuOBhOOBn+OBl+OBvuOBmeOBqOi/lOWTgeOAgeS6pOaPm+OBr+OBiuWPl+OBkeOBhOOBn+OBl+OBi+OBreOBvuOBmeOBruOBp+OBlOS6huaJv+S4i+OBleOBhOOAgjwvZm9udD48L3RkPgo8L3RyPgo8dHI+Cjx0aCBiZ2NvbG9yPSIjRjRGNEY0IiB3aWR0aD0iMjUlIj7kv53oqLzmnJ/plpM8L3RoPgo8dGQgYmdjb2xvcj0iI0ZGRkZGRiI+44Oh44O844Kr44O85L+d6Ki8MuW5tDxicj4K44GK6LK344GE5LiK44GS44Gu5pmC6KiI44GM44CB5Y+W44KK5omx44GE6Kqs5piO5pu444Gr5rK/44Gj44Gf5q2j5bi444Gq5L2/55So54q25oWL44Gn5pWF6Zqc44GX44Gf5aC05ZCI44CB5Y+W44KK5omx44GE6Kqs5piO5pu444Gu6KiY6LyJ5YaF5a6544Gu56+E5Zuy44Gn44CB5L+d6Ki85pyf6ZaT44Gr6ZmQ44KK44CB54Sh5YSf5L+u55CG6Ie044GX44G+44GZ44CCPC90ZD4KPC90cj4KPC90YWJsZT4KCjxicj48YnI+PGJyPjxpbWcgc3JjPSJodHRwOi8vaW1hZ2UucmFrdXRlbi5jby5qcC9nc3gvY2FiaW5ldC9tZXJpdDIwMTcwMS5naWYiIGFsdD0i5q2j6KaP6LKp5aOy5bqX44Gu44Oh44Oq44OD44OIIiB3aWR0aD0iMTAwJSI+PGJyPjxicj48aW1nIHNyYz0iaHR0cDovL2ltYWdlLnJha3V0ZW4uY28uanAvZ3N4L2NhYmluZXQvc2xfc3AuZ2lmIiB3aWR0aD0iMTAwJSIgYWx0PSLjgrfjg6fjg4Pjg5Tjg7PjgrDjg63jg7zjg7Pjg6rjg7Pjgq8iPjxicj4=,44K344On44OD44OU44Oz44Kw44Ot44O844Oz54Sh6YeR5Yip5a++6LGh5ZOB44OV44Os44OH44Oq44OD44KvIOOCs+ODs+OCueOCv+ODs+ODiFtGUkVERVJJUVVFIENPTlNUQU5UXeOCr+ODqeOCt+ODg+OCryDjgqvjg6wg44OP44O844OI44OT44O844OIJmFtcDvjg4fjgqTjg4jjg6rjg5/jg4bjg4Pjg4njgqjjg4fjgqPjgrfjg6fjg7NGQy0zMTVDR0M0QzI2QiDkuJbnlYzpmZDlrpo1MDDmnKzjg6Hjg7Pjgrog44CQ6IWV5pmC6KiIIOaZguioiOOAkeOAkOOCruODleODiCDjg5fjg6zjgrzjg7Pjg4jjgJHvvJpUSEUgV0FUQ0ggU0hPUC4=,44Kq44OD44K944Kk44K/44Oq44Kj44Ko44OJ44OD44Kv44K544Kw44Op44Oz44OJ44K744Kk44Kz44O844Ki44K544OI44Ot44Oz44Kr44Oz44OR44OO44Op44K444O844K344On44OD44KvRy1TSE9DS+ODluODreODvOODkOODmeODvOODquODs+OCsOOCueOCq+ODvOOCsuODs+ODleODrOODh+ODquODg+OCr+ODu+OCs+ODs+OCueOCv+ODs+ODiOODhOODouODquODgeOCteODiOODn+ODiuOCu+OCu+OCpOOCs+ODvOOCq+OCt+OCqkdTWOWIhuWJsuaJi+aVsOaWmeeEoeaWmeOCt+ODp+ODg+ODlOODs+OCsOODreODvOODs+eEoemHkeWIqXRoZSB3YXRjaCBzaG9w6IWV5pmC6KiI44K344On44OD44OU44Oz44Kw44Ot44O844Oz54Sh6YeR5Yip5a++6LGh5ZOB44OV44Os44OH44Oq44OD44KvIOOCs+ODs+OCueOCv+ODs+ODiFtGUkVERVJJUVVFIENPTlNUQU5UXeOCr+ODqeOCt+ODg+OCryDjgqvjg6wg44OP44O844OI44OT44O844OIJmFtcDvjg4fjgqTjg4jjg6rjg5/jg4bjg4Pjg4njgqjjg4fjgqPjgrfjg6fjg7NGQy0zMTVDR0M0QzI2QiDkuJbnlYzpmZDlrpo1MDDmnKzjg6Hjg7Pjgrog44CQ6IWV5pmC6KiIIOaZguioiOOAkeOAkOOCruODleODiCDjg5fjg6zjgrzjg7Pjg4jjgJE=,5q2j6KaP5ZOB44CQ6YCB5paZ54Sh5paZ44CR44OV44Os44OH44Oq44OD44KvIOOCs+ODs+OCueOCv+ODs+ODiC9GQy0zMTVDR0M0QzI2QuOAguOCt+ODp+ODg+ODlOODs+OCsOODreODvOODs+eEoemHkeWIqeWvvuixoeWTgeODleODrOODh+ODquODg+OCryDjgrPjg7Pjgrnjgr/jg7Pjg4hbRlJFREVSSVFVRSBDT05TVEFOVF3jgq/jg6njgrfjg4Pjgq8g44Kr44OsIOODj+ODvOODiOODk+ODvOODiCZhbXA744OH44Kk44OI44Oq44Of44OG44OD44OJ44Ko44OH44Kj44K344On44OzRkMtMzE1Q0dDNEMyNkIg5LiW55WM6ZmQ5a6aNTAw5pys44Oh44Oz44K6IOOAkOiFleaZguioiCDmmYLoqIjjgJHjgJDjgq7jg5Xjg4gg44OX44Os44K844Oz44OI44CR[rn]
16-122062,aHR0cDovL3RzaG9wLnIxMHMuanAvZ3N4L2NhYmluZXQvZnJlZGVyaXF1ZS9zZWlraS9mcmQtMDYzLmpwZz9maXRpbj03MDA6NzAw,MTgxNDQwLjAwMDA=,,6IWV5pmC6KiIID4g44Oh44Oz44K66IWV5pmC6KiI,44K344On44OD44OU44Oz44Kw44Ot44O844Oz54Sh6YeR5Yip5a++6LGh5ZOB44OV44Os44OH44Oq44OD44KvIOOCs+ODs+OCueOCv+ODs+ODiFtGUkVERVJJUVVFIENPTlNUQU5UXeOCr+ODqeOCt+ODg+OCryDjgqvjg6wg44OP44O844OI44OT44O844OIJuODh+OCpOODiOODquODn+ODhuODg+ODieOCqOODh+OCo+OCt+ODp+ODs0ZDLTMxNUNHQzRDMjYg5LiW55WM6ZmQ5a6aNTAw5pys44Oh44Oz44K6IOOAkOiFleaZguioiCDmmYLoqIjjgJHjgJDjgq7jg5Xjg4gg44OX44Os44K844Oz44OI44CR,5q2j6KaP5ZOB44CQ6YCB5paZ54Sh5paZ44CR44OV44Os44OH44Oq44OD44KvIOOCs+ODs+OCueOCv+ODs+ODiC9GQy0zMTVDR0M0QzI2,PHRhYmxlIHdpZHRoPSIxMDAlIiBib3JkZXI9IjEiIGNlbGxzcGFjaW5nPSIxIiBib3JkZXJjb2xvcj0iI0NDMDAwMCIgY2VsbHBhZGRpbmc9IjEwIj4KPHRyPgo8dGQ+Cjxmb250IGNvbG9yPSIjY2MwMDAwOyI+77yc5Zyo5bqr44Gr6Zai44GX44Gm77yePC9mb250PuWPluOCiuWvhOOBm+WVhuWTgeOBruWgtOWQiOOBr+OAgeOBlOazqOaWh+eiuuiqjeW+jOODoeODvOOCq+ODvOWcqOW6q+eiuuiqjeOBqOOBquOCiuOBvuOBmeOAggrml6XjgIXjga7lnKjluqvlpInli5XjgavjgojjgorjgIHjgZTluIzmnJvjgavmt7vjgYjjgarjgYTlj6/og73mgKfjgoLjgZTjgZbjgYTjgb7jgZnjgII8YnI+5b2T5bqX44GL44KJ44Gu5Zyo5bqr5pyJ54Sh44Gu44Oh44O844Or44Gu6L+U5L+h44KS5b+F44Ga44GU56K66KqN44GP44Gg44GV44GE44CCPGJyPgo8Zm9udCBjb2xvcj0iI2NjMDAwMDsiPuOAkOOBlOazqOaEj+OAkTwvZm9udD7lvZPlupfjgYvjgonjga7ov5Tkv6Hjg6Hjg7zjg6vjgYzlsYrjgY3jgb7jgZvjgpPvvIE8YnI+44OJ44Oh44Kk44Oz6Kej6Zmk44KS5b+Y44KM44Ga44Gr77yBPC90ZD4KPC90cj4KPC90YWJsZT48YnI+CjxpbWcgc3JjPSJodHRwOi8vaW1hZ2UucmFrdXRlbi5jby5qcC9nc3gvY2FiaW5ldC9mcmVkZXJpcXVlL2ZyZC0wNjNfdG9waW1nLmpwZyIgd2lkdGg9IjEwMCUiIGFsdD0i44OV44Os44OH44Oq44OD44KvIOOCs+ODs+OCueOCv+ODs+ODiCxGUkVERVJJUVVFIENPTlNUQU5UIj4KPGJyPgril4/jg5Xjg6zjg4fjg6rjg4Pjgq8g44Kz44Oz44K544K/44Oz44OI44Go44Gv77yfPGJyPgrjg5Xjg6zjg4fjg6rjg4Pjgq/jg7vjgrPjg7Pjgrnjgr/jg7Pjg4jjga/jgIHjgrnjgqTjgrnjg7vjgrjjg6Xjg43jg7zjg5bjgpLmnKzmi6DlnLDjgajjgZnjgovjgrnjgqTjgrnjga7jg57jg4vjg6Xjg5XjgqHjgq/jg4Hjg6Xjg7zjg6vmmYLoqIjjg6Hjg7zjgqvjg7zjgafjgZnjgILjg4fjgrbjgqTjg7Pjga7nq4vjgaHkuIrjgZLjgYvjgonjg6Djg7zjg5bjg6Hjg7Pjg4jjgpLliJ3jgoHjgajjgZnjgovpg6jlk4HjgoTntYTjgb/nq4vjgabjgavoh7Pjgovjgb7jgafjgIE8Zm9udCBjb2xvcj0iIzAwMDBjYyI+5YWo44Gm5LiA6LKr44GX44Gm6Ieq56S+44Gn6KGM44Gj44Gm44GE44KL44K544Kk44K544Gn44KC5pWw5bCR44Gq44GE44Oh44O844Kr44O8PC9mb250PuOBp+OBmeOAgjxicj4KPGJyPgo8aW1nIHNyYz0iaHR0cDovL2ltYWdlLnJha3V0ZW4uY28uanAvZ3N4L2NhYmluZXQvZnJlZGVyaXF1ZS9mcmVfMTQxMjE2XzAyLmpwZyIgd2lkdGg9IjEwMCUiIGFsdD0i44OV44Os44OH44Oq44OD44KvIOOCs+ODs+OCueOCv+ODs+ODiCxGUkVERVJJUVVFIENPTlNUQU5UIj4KPGJyPgril49RVUFMSVRZL+eUn+eUo+OBqOWTgeizqueuoeeQhjxicj4K44K544Kk44K544CB44K444Ol44ON44O844OW44Gr44GC44KL44OV44Os44OH44Oq44OD44Kv44O744Kz44Oz44K544K/44Oz44OI44Gu5bel5aC044Gn44Gv44CB44OH44K244Kk44Oz44KE6Kit6KiI44GL44KJ5pyA57WC57WE56uL44Gm44G+44Gn44KS5LiA6LKr44GX44Gm6KGM44Gq44Gj44Gm44GK44KK44CB5pmC6KiI44Gy44Go44Gk44Gy44Go44Gk44Gr5oSb5oOF44KS6L6844KB44Gm5L2c44Gj44Gm44GE44G+44GZ44CCPGJyPjxicj4xOTg45bm05Ym15qWt44Gu6Iul44GE5pmC6KiI44OW44Op44Oz44OJ44Gq44GM44KJ44CB44K544Kk44K544Gu5pWw5bCR44Gq44GE44Oe44OL44Ol44OV44Kh44Kv44OB44Ol44O844Or44OW44Op44Oz44OJ44Go44GX44Gm552A44CF44Go5oiQ6ZW344KS6YGC44GS44Gm44GE44G+44GZ44CC5qWt57i+44Gv5Y+z6IKp5LiK44GM44KK44Gn44CB55Sf55Sj5pys5pWw44KC5q+O5bm05aKX44GI57aa44GR44Gm44GE44G+44GZ44GM44CB55Sf55Sj5Yq5546H44Gu5ZCR5LiK44Go44Go44KC44Gr5ZOB6LOq566h55CG44Gr44KC54m544Gr5Yqb44KS5rOo44GO44CB5aKX55Sj44Gr44KI44KL44Kv44Kq44Oq44OG44Kj44Gu5L2O5LiL44GM6LW344GT44KL5LqL44GM54Sh44GE44KI44GG57Sw5b+D44Gu5rOo5oSP44KS5omV44Gj44Gm44GE44G+44GZ44CCPGJyPjxicj7mp5jjgIXjgarmnIDmlrDpi63jga7mqZ/mnZDjga7lsI7lhaXjgoTjgIHoh6rnpL7oo73lk4HjgavpganjgZfjgZ/jgqrjg6rjgrjjg4rjg6vjga7oo4Xnva7jga7plovnmbrjga/jgIHjgojjgorpq5jlk4Hos6rjgafkv6HpoLzjga7jgYrjgZHjgovmmYLoqIjjgpLjgYrlsYrjgZHjgZnjgovjgZ/jgoHjgavjga/jg57jgrnjg4jjgafjgYLjgovjgajogIPjgYjjgIHjgZ3jgozjgonjga7lhYXlrp/jgavjga/mipXos4fjgpLmg5zjgZfjgoDjgZPjgajjgarjgY/ooYzjgarjgaPjgabjgYrjgorjgb7jgZnjgII8YnI+Cjxicj48YnI+Cgo8YnI+PGI+4pePQ2xhc3NpY3MgQ2FycmVlIEhlYXJ0QmVhdO+8hkRhdGUgTGltaXRlZEVkaXRpb24gMjAxNjxmb250IGNvbG9yPSIjY2MwMDAwIj7jgJDkuJbnlYzpmZDlrpo1MDDmnKzjgJE8L2ZvbnQ+PC9iPjxicj4K44OV44Os44OH44Oq44OD44Kv44O744Kz44Oz44K544K/44Oz44OI44Gu44OZ44K544OI44K744Op44O844K344Oq44O844K64oCc44OP44O844OI44OT44O844OI77yG44OH44Kk44OI4oCd44Gu5Lit44Gn44KC54m544Gr5Lq65rCX44Gu6auY44GE44Kr44Op44O86ZmQ5a6a44Oi44OH44Or44CC54af5oiQ44GX44Gf44Kz44OL44Oj44OD44Kv44KS6YCj5oOz44GV44Gb44KL6Imy5ZCI44GE44Gu44OA44Kk44Ok44Or44Go5ZCM6Imy44Gu44Os44K244O844K544OI44Op44OD44OX44GM44CB5LiK5ZOB44GV44Go6I+v44KE44GL44GV44KS5ryU5Ye644GZ44KL5LiA5pys44Gr44CC44OV44Kp44O844Oe44Or44GL44KJ44Kr44K444Ol44Ki44Or44G+44Gn5a++5b+c44GX44CB44K544K/44Kk44Or44Gu5bmF44GM5bqD44GM44KK44G+44GZ44CCPGJyPjxicj4KCuapn+iDvemdouOBp+OBr+OAgeOCseODvOOCueOCkue3qeOChOOBi+OBq+OCq+ODvOODluOBleOBm+OCi+OBk+OBqOOBq+OCiOOBo+OBpuOAgeedgOOBkeW/g+WcsOOBq+OBk+OBoOOCj+OBo+OBpuOBhOOBvuOBmeOAggo8YnI+PGI+772e44OP44O844OI44OT44O844OI77yG44OH44Kk44OI44Gu6a2F5Yqb772ePC9iPjxicj4KPHRhYmxlIHdpZHRoPSIxMDAlIj4KPHRyPgo8dGQgd2lkdGg9IjUwJSIgdmFsaWduPSJ0b3AiPgoKPGltZyBzcmM9Imh0dHA6Ly9pbWFnZS5yYWt1dGVuLmNvLmpwL2dzeC9jYWJpbmV0L2ZyZWRlcmlxdWUvZnJkLTA2M19kZXRhaWwwMS5qcGciIHdpZHRoPSIxMDAlIiBhbHQ9IuODleODrOODh+ODquODg+OCr+OCpOODoeODvOOCuCI+CjwvdGQ+Cjx0ZCB3aWR0aD0iNTAlIiB2YWxpZ249InRvcCI+Cgo8aW1nIHNyYz0iaHR0cDovL2ltYWdlLnJha3V0ZW4uY28uanAvZ3N4L2NhYmluZXQvZnJlZGVyaXF1ZS9mcmQtMDYzX2RldGFpbDAyLmpwZyIgd2lkdGg9IjEwMCUiIGFsdD0i44OV44Os44OH44Oq44OD44Kv44Kk44Oh44O844K4Ij4KPC90ZD4KPC90cj48dHI+Cjx0ZCB3aWR0aD0iNTAlIiB2YWxpZ249InRvcCI+PGI+4peP44OP44O844OI44OT44O844OIPC9iPjxicj4xMuaZguS9jee9ruOBq+ODoOODvOODluODoeODs+ODiOOBruWLleOBjeOCkumRkeiznuOBp+OBjeOCi+OAgeODleODrOODh+ODquODg+OCr+ODu+OCs+ODs+OCueOCv+ODs+ODiOOBruixoeW+tOOBqOOCguOBhOOBiOOCi+S6uuawl+OBruODj+ODvOODiOODk+ODvOODiOapn+ani+OCkuaQrei8ieOAgjwvdGQ+Cjx0ZCB3aWR0aD0iNTAlIiB2YWxpZ249InRvcCI+PGI+4peP44K544Kx44Or44OI44Oz44OH44Kk44OIPC9iPjxicj7jg6Djg7zjg5bjg6Hjg7Pjg4jjgpLjgojjgornvo7jgZfjgY/opovjgZvjgovjgZPjgajjgavjgZPjgaDjgo/jgoroh6rnpL7plovnmbrjgZXjgozjgZ/jgIHjgqrjg6rjgrjjg4rjg6vjga7jgrnjgrHjg6vjg4jjg7Pjg4fjgqTjg4jooajnpLrjgII8L3RkPgo8L3RyPjx0cj4KPHRkIHdpZHRoPSI1MCUiIHZhbGlnbj0idG9wIj4KCjxpbWcgc3JjPSJodHRwOi8vaW1hZ2UucmFrdXRlbi5jby5qcC9nc3gvY2FiaW5ldC9mcmVkZXJpcXVlL2ZyZC0wNjNfZGV0YWlsMDMuanBnIiB3aWR0aD0iMTAwJSIgYWx0PSLjg5Xjg6zjg4fjg6rjg4Pjgq/jgqTjg6Hjg7zjgrgiPgo8L3RkPgo8dGQgd2lkdGg9IjUwJSIgdmFsaWduPSJ0b3AiPgoKPGltZyBzcmM9Imh0dHA6Ly9pbWFnZS5yYWt1dGVuLmNvLmpwL2dzeC9jYWJpbmV0L2ZyZWRlcmlxdWUvZnJkLTA2M19kZXRhaWwwNC5qcGciIHdpZHRoPSIxMDAlIiBhbHQ9IuODleODrOODh+ODquODg+OCr+OCpOODoeODvOOCuCI+CjwvdGQ+CjwvdHI+PHRyPgo8dGQgd2lkdGg9IjUwJSIgdmFsaWduPSJ0b3AiPjxiPuKXj+ODgOOCpOODpOODqzwvYj48YnI+5paH5a2X55uk5Lit5aSu44Gr6auY57Sa5oSf5rqi44KM44KL44Ku44On44O844K344Kn6KOF6aO+44KS5pa944GX44CB56y544Gu6JGJ44Gu44KI44GG44Gq5puy57ea55qE44Gq44Oq44O844OV6Yed44KC576O44GX44GE44CCPC90ZD4KPHRkIHdpZHRoPSI1MCUiIHZhbGlnbj0idG9wIj48Yj7il4/jgrfjg7zjgrnjg6vjg7zjg5Djg4Pjgq88L2I+PGJyPuODj+ODvOODiOODk+ODvOODiO+8huODh+OCpOODiOODouODh+ODq+OBr+OBmeOBueOBpuOCt+ODvOOCueODq+ODvOODkOODg+OCr+OAguOCseODvOOCueijj+OBi+OCieapn+aisOW8j+aZguioiOOBrueyvuWvhuOBquWLleOBjeOCkumRkeiznuOBp+OBjeOBvuOBmeOAgjwvdGQ+CjwvdHI+PHRyPgo8dGQgd2lkdGg9IjUwJSIgdmFsaWduPSJ0b3AiPgoKPGltZyBzcmM9Imh0dHA6Ly9pbWFnZS5yYWt1dGVuLmNvLmpwL2dzeC9jYWJpbmV0L2ZyZWRlcmlxdWUvZnJkLTA2M19kZXRhaWwwNS5qcGciIHdpZHRoPSIxMDAlIiBhbHQ9IuODleODrOODh+ODquODg+OCr+OCpOODoeODvOOCuCI+CjwvdGQ+CjwvdHI+Cjx0cj4KPHRkIHdpZHRoPSI1MCUiIHZhbGlnbj0idG9wIj48Yj7il4/jgrnjg4jjg6njg4Pjg5c8L2I+PGJyPuS4iuizquOBp+mrmOe0muaEn+a6ouOCjOOCi+OCr+ODreOCs+Wei+aKvOOBl+OCq+ODvOODleODrOOCtuODvOOAguiQveOBoeedgOOBhOOBn+e+juOBl+OBleOBruOBguOCi+OCs+ODi+ODo+ODg+OCr+OCq+ODqeODvOOBjOOAgea0l+e3tOOBqOWTgeagvOOCkuaEn+OBmOOBleOBm+OBvuOBmeOAgjwvdGQ+CjwvdHI+CjwvdGFibGU+PGJyPgo8dGFibGUgd2lkdGg9IjEwMCUiPgo8dHI+Cjx0ZD48Y2VudGVyPjxpbWcgc3JjPSJodHRwOi8vaW1hZ2UucmFrdXRlbi5jby5qcC9nc3gvY2FiaW5ldC9mcmVkZXJpcXVlL2ZyZC0wNjRfcy5qcGciIHdpZHRoPSIxNTAiIGFsdD0iRkMtMzE1Q0dDNEMyNkIiPjxicj5GQy0zMTVDR0M0QzI2QjwvY2VudGVyPjwvdGQ+CjwvdHI+CjwvdGFibGU+Cjxicj4KPHRhYmxlIHdpZHRoPSIxMDAlIiBib3JkZXI9IjAiIGNlbGxzcGFjaW5nPSIxIiBjZWxscGFkZGluZz0iNSIgYmdjb2xvcj0iI0NDQ0NDQyI+Cjx0cj4KPHRoIGJnY29sb3I9IiNGNEY0RjQiIHdpZHRoPSIyNSUiPuODoeODvOOCq+ODvOWQjTxCUj7vvIjmraPopo/ovLjlhaXku6PnkIblupfvvIk8L3RoPgo8dGQgYmdjb2xvcj0iI0ZGRkZGRiI+5qCq5byP5Lya56S+R03jgqTjg7Pjgr/jg7zjg4rjgrfjg6fjg4rjg6s8L3RkPgo8L3RyPgo8dHI+Cjx0aCBiZ2NvbG9yPSIjRjRGNEY0IiB3aWR0aD0iMjUlIj7jg5bjg6njg7Pjg4nlkI08L3RoPgo8dGQgYmdjb2xvcj0iI0ZGRkZGRiI+44OV44Os44OH44Oq44OD44Kv44O744Kz44Oz44K544K/44Oz44OI77yIRlJFREVSSVFVRSBDT05TVEFOVO+8iTwvdGQ+CjwvdHI+Cjx0cj4KPHRoIGJnY29sb3I9IiNGNEY0RjQiIHdpZHRoPSIyNSUiPuODoOODvOODluODoeODs+ODiDwvdGg+Cjx0ZCBiZ2NvbG9yPSIjRkZGRkZGIj5GQy0zMTUg6Ieq5YuV5be744GNKDM45pmC6ZaT44OR44Ov44O844Oq44K244O844OWKTwvdGQ+CjwvdHI+Cjx0cj4KPHRoIGJnY29sb3I9IiNGNEY0RjQiIHdpZHRoPSIyNSUiPue0oOadkDwvdGg+Cjx0ZCBiZ2NvbG9yPSIjRkZGRkZGIj4K44Kx44O844K577ya44K544OG44Oz44Os44K544K544OG44Kj44O844OrPGJyPgrjgqzjg6njgrnvvJrjgrXjg5XjgqHjgqTjgqLjgq/jg6rjgrnjgr/jg6s8YnI+CuODgOOCpOOCouODq++8muOCs+ODi+ODo+ODg+OCrzxicj4K44OQ44Oz44OJ77ya44Kz44OL44Oj44OD44Kv44Gu44Kv44Ot44Kz5Z6L5oq844GX44Kr44O844OV44K544OI44Op44OD44OXPC90ZD4KPC90cj4KPHRyPgo8dGggYmdjb2xvcj0iI0Y0RjRGNCIgd2lkdGg9IjI1JSI+44K144Kk44K6PC90aD4KPHRkIGJnY29sb3I9IiNGRkZGRkYiPgrjgrHjg7zjgrnlvoTvvJo0N8OXMzAuN21tPGJyPgo8L3RkPgo8L3RyPgo8dHI+Cjx0aCBiZ2NvbG9yPSIjRjRGNEY0IiB3aWR0aD0iMjUlIj7ph43ph488L3RoPgo8dGQgYmdjb2xvcj0iI0ZGRkZGRiI+LTwvdGQ+CjwvdHI+Cjx0cj4KPHRoIGJnY29sb3I9IiNGNEY0RjQiIHdpZHRoPSIyNSUiPumYsuawtOaApzwvdGg+Cjx0ZCBiZ2NvbG9yPSIjRkZGRkZGIj4z5rCX5Zyn6Ziy5rC0PC90ZD4KPC90cj4KPHRyPgo8dGggYmdjb2xvcj0iI0Y0RjRGNCIgd2lkdGg9IjI1JSI+44Gd44Gu5LuW54m55b60PC90aD4KPHRkIGJnY29sb3I9IiNGRkZGRkYiPgrjgrfjg7zjgrnjg6vjg7zjgrHjg7zjgrnjg5Djg4Pjgq88YnI+CuODj+ODvOODiOODk+ODvOODiDxicj4K44K544Kx44Or44OI44Oz44OH44Kk44OIPGJyPgrkuJbnlYzpmZDlrpo1MDDmnKwKPC90ZD4KPC90cj4KPHRyPgo8dGggYmdjb2xvcj0iI0Y0RjRGNCIgd2lkdGg9IjI1JSI+44K144Kk44K66Kq/5pW044Gr44Gk44GE44GmPC90aD4KPHRkIGJnY29sb3I9IiNGRkZGRkYiPumdqeODkOODs+ODieOBq+OBpOOBjeOAgeOCteOCpOOCuuiqv+aVtOOBr+OBiuOBk+OBquOBo+OBpuOBiuOCiuOBvuOBm+OCk+OAgjwvdGQ+CjwvdHI+Cjx0cj4KPHRoIGJnY29sb3I9IiNGNEY0RjQiIHdpZHRoPSIyNSUiPuS/neiovOacn+mWkzwvdGg+Cjx0ZCBiZ2NvbG9yPSIjRkZGRkZGIj7jg6Hjg7zjgqvjg7zkv53oqLwy5bm0PGJyPgrjgYrosrfjgYTkuIrjgZLjga7mmYLoqIjjgYzjgIHlj5bjgormibHjgYToqqzmmI7mm7jjgavmsr/jgaPjgZ/mraPluLjjgarkvb/nlKjnirbmhYvjgafmlYXpmpzjgZfjgZ/loLTlkIjjgIHlj5bjgormibHjgYToqqzmmI7mm7jjga7oqJjovInlhoXlrrnjga7nr4Tlm7LjgafjgIHkv53oqLzmnJ/plpPjgavpmZDjgorjgIHnhKHlhJ/kv67nkIboh7TjgZfjgb7jgZnjgII8L3RkPgo8L3RyPgo8L3RhYmxlPgoKPGJyPjxicj48YnI+PGltZyBzcmM9Imh0dHA6Ly9pbWFnZS5yYWt1dGVuLmNvLmpwL2dzeC9jYWJpbmV0L21lcml0MjAxNzAxLmdpZiIgYWx0PSLmraPopo/osqnlo7Llupfjga7jg6Hjg6rjg4Pjg4giIHdpZHRoPSIxMDAlIj48YnI+PGJyPjxpbWcgc3JjPSJodHRwOi8vaW1hZ2UucmFrdXRlbi5jby5qcC9nc3gvY2FiaW5ldC9zbF9zcC5naWYiIHdpZHRoPSIxMDAlIiBhbHQ9IuOCt+ODp+ODg+ODlOODs+OCsOODreODvOODs+ODquODs+OCryI+PGJyPg==,44K344On44OD44OU44Oz44Kw44Ot44O844Oz54Sh6YeR5Yip5a++6LGh5ZOB44OV44Os44OH44Oq44OD44KvIOOCs+ODs+OCueOCv+ODs+ODiFtGUkVERVJJUVVFIENPTlNUQU5UXeOCr+ODqeOCt+ODg+OCryDjgqvjg6wg44OP44O844OI44OT44O844OIJmFtcDvjg4fjgqTjg4jjg6rjg5/jg4bjg4Pjg4njgqjjg4fjgqPjgrfjg6fjg7NGQy0zMTVDR0M0QzI2IOS4lueVjOmZkOWumjUwMOacrOODoeODs+OCuiDjgJDohZXmmYLoqIgg5pmC6KiI44CR44CQ44Ku44OV44OIIOODl+ODrOOCvOODs+ODiOOAke+8mlRIRSBXQVRDSCBTSE9QLg==,44Kq44OD44K944Kk44K/44Oq44Kj44Ko44OJ44OD44Kv44K544Kw44Op44Oz44OJ44K744Kk44Kz44O844Ki44K544OI44Ot44Oz44Kr44Oz44OR44OO44Op44K444O844K344On44OD44KvRy1TSE9DS+ODluODreODvOODkOODmeODvOODquODs+OCsOOCueOCq+ODvOOCsuODs+ODleODrOODh+ODquODg+OCr+ODu+OCs+ODs+OCueOCv+ODs+ODiOODhOODouODquODgeOCteODiOODn+ODiuOCu+OCu+OCpOOCs+ODvOOCq+OCt+OCqkdTWOWIhuWJsuaJi+aVsOaWmeeEoeaWmeOCt+ODp+ODg+ODlOODs+OCsOODreODvOODs+eEoemHkeWIqXRoZSB3YXRjaCBzaG9w6IWV5pmC6KiI44K344On44OD44OU44Oz44Kw44Ot44O844Oz54Sh6YeR5Yip5a++6LGh5ZOB44OV44Os44OH44Oq44OD44KvIOOCs+ODs+OCueOCv+ODs+ODiFtGUkVERVJJUVVFIENPTlNUQU5UXeOCr+ODqeOCt+ODg+OCryDjgqvjg6wg44OP44O844OI44OT44O844OIJmFtcDvjg4fjgqTjg4jjg6rjg5/jg4bjg4Pjg4njgqjjg4fjgqPjgrfjg6fjg7NGQy0zMTVDR0M0QzI2IOS4lueVjOmZkOWumjUwMOacrOODoeODs+OCuiDjgJDohZXmmYLoqIgg5pmC6KiI44CR44CQ44Ku44OV44OIIOODl+ODrOOCvOODs+ODiOOAkQ==,5q2j6KaP5ZOB44CQ6YCB5paZ54Sh5paZ44CR44OV44Os44OH44Oq44OD44KvIOOCs+ODs+OCueOCv+ODs+ODiC9GQy0zMTVDR0M0QzI244CC44K344On44OD44OU44Oz44Kw44Ot44O844Oz54Sh6YeR5Yip5a++6LGh5ZOB44OV44Os44OH44Oq44OD44KvIOOCs+ODs+OCueOCv+ODs+ODiFtGUkVERVJJUVVFIENPTlNUQU5UXeOCr+ODqeOCt+ODg+OCryDjgqvjg6wg44OP44O844OI44OT44O844OIJmFtcDvjg4fjgqTjg4jjg6rjg5/jg4bjg4Pjg4njgqjjg4fjgqPjgrfjg6fjg7NGQy0zMTVDR0M0QzI2IOS4lueVjOmZkOWumjUwMOacrOODoeODs+OCuiDjgJDohZXmmYLoqIgg5pmC6KiI44CR44CQ44Ku44OV44OIIOODl+ODrOOCvOODs+ODiOOAkQ==[rn]
16-122063,aHR0cDovL3RzaG9wLnIxMHMuanAvZ3N4L2NhYmluZXQvZnJlZGVyaXF1ZS9zZWlraS9mcmQtMDYyLmpwZz9maXRpbj03MDA6NzAw,MTk4NzIwLjAwMDA=,,6IWV5pmC6KiIID4g44Oh44Oz44K66IWV5pmC6KiI,44K344On44OD44OU44Oz44Kw44Ot44O844Oz54Sh6YeR5Yip5a++6LGh5ZOB44OV44Os44OH44Oq44OD44KvIOOCs+ODs+OCueOCv+ODs+ODiFtGUkVERVJJUVVFIENPTlNUQU5UXeOCr+ODqeOCt+ODg+OCryDjg4/jg7zjg4jjg5Pjg7zjg4gm44OH44Kk44OI44Op44Km44Oz44OJIOODquODn+ODhuODg+ODieOCqOODh+OCo+OCt+ODp+ODs0ZDLTMxNU1QQjNQNkIg5LiW55WM6ZmQ5a6aNTAw5pys44Oh44Oz44K6IOOAkOiFleaZguioiCDmmYLoqIjjgJHjgJDjgq7jg5Xjg4gg44OX44Os44K844Oz44OI44CR,5q2j6KaP5ZOB44CQ6YCB5paZ54Sh5paZ44CR44OV44Os44OH44Oq44OD44KvIOOCs+ODs+OCueOCv+ODs+ODiC9GQy0zMTVNUEIzUDZC,PHRhYmxlIHdpZHRoPSIxMDAlIiBib3JkZXI9IjEiIGNlbGxzcGFjaW5nPSIxIiBib3JkZXJjb2xvcj0iI0NDMDAwMCIgY2VsbHBhZGRpbmc9IjEwIj4KPHRyPgo8dGQ+Cjxmb250IGNvbG9yPSIjY2MwMDAwOyI+77yc5Zyo5bqr44Gr6Zai44GX44Gm77yePC9mb250PuWPluOCiuWvhOOBm+WVhuWTgeOBruWgtOWQiOOBr+OAgeOBlOazqOaWh+eiuuiqjeW+jOODoeODvOOCq+ODvOWcqOW6q+eiuuiqjeOBqOOBquOCiuOBvuOBmeOAggrml6XjgIXjga7lnKjluqvlpInli5XjgavjgojjgorjgIHjgZTluIzmnJvjgavmt7vjgYjjgarjgYTlj6/og73mgKfjgoLjgZTjgZbjgYTjgb7jgZnjgII8YnI+5b2T5bqX44GL44KJ44Gu5Zyo5bqr5pyJ54Sh44Gu44Oh44O844Or44Gu6L+U5L+h44KS5b+F44Ga44GU56K66KqN44GP44Gg44GV44GE44CCPGJyPgo8Zm9udCBjb2xvcj0iI2NjMDAwMDsiPuOAkOOBlOazqOaEj+OAkTwvZm9udD7lvZPlupfjgYvjgonjga7ov5Tkv6Hjg6Hjg7zjg6vjgYzlsYrjgY3jgb7jgZvjgpPvvIE8YnI+44OJ44Oh44Kk44Oz6Kej6Zmk44KS5b+Y44KM44Ga44Gr77yBPC90ZD4KPC90cj4KPC90YWJsZT48YnI+Cjxicj48Zm9udCBjb2xvcj0iIzAwMDBjYyI+4peP44CM44Kv44Op44K344OD44KvIOODj+ODvOODiOODk+ODvOODiO+8huODh+OCpOODiCDjg6njgqbjg7Pjg4njgI3jgavprq7jgoTjgYvjgarpq5jntJrlpKnnhLbntKDmnZDigJzjg5bjg6njg4Pjgq/jg57jgrbjg7zjgqrjg5bjg5Hjg7zjg6vigJ3mloflrZfnm6Tjg6Ljg4fjg6vjgYznmbvloLTvvIHjgJDkuJbnlYzpmZDlrpo1MDDmnKzjgJE8L2ZvbnQ+PGJyPgo8YnI+PGI+772e44OP44O844OI44OT44O844OI77yG44OH44Kk44OI44Gu6a2F5Yqb772ePC9iPjxicj48YnI+CjxpbWcgc3JjPSJodHRwOi8vaW1hZ2UucmFrdXRlbi5jby5qcC9nc3gvY2FiaW5ldC9mcmVkZXJpcXVlL2ZyZC0wNjFfZGV0YWlsMDEuanBnIiB3aWR0aD0iMTUwIiBhbHQ9IuODleODrOODh+ODquODg+OCryDjgrPjg7Pjgrnjgr/jg7Pjg4gsRlJFREVSSVFVRSBDT05TVEFOVCI+PGJyPgrjg4DjgqTjg6Tjg6vlpJblkajjga/jgIHprq7jgoTjgYvjgarjg5bjg6njg4Pjgq/jg57jgrbjg7zjgqrjg5bjg5Hjg7zjg6vjgIHlhoXlgbTjgavjga/pq5jntJrmhJ/jgYLjgbXjgozjgovjg5bjg6njg4Pjgq/jga7jgq7jg6fjg7zjgrfjgqfoo4Xpo77jgII8YnI+PGJyPgo8aW1nIHNyYz0iaHR0cDovL2ltYWdlLnJha3V0ZW4uY28uanAvZ3N4L2NhYmluZXQvZnJlZGVyaXF1ZS9mcmQtMDYxX2RldGFpbDAyLmpwZyIgd2lkdGg9IjE1MCIgYWx0PSLjg5Xjg6zjg4fjg6rjg4Pjgq8g44Kz44Oz44K544K/44Oz44OILEZSRURFUklRVUUgQ09OU1RBTlQiPjxicj4KMTLmmYLkvY3nva7jgavjg6Djg7zjg5bjg6Hjg7Pjg4jjga7li5XjgY3jgpLpkZHos57jgafjgY3jgovjgIHjg5Xjg6zjg4fjg6rjg4Pjgq/jg7vjgrPjg7Pjgrnjgr/jg7Pjg4jjga7osaHlvrTjgajjgoLjgYTjgYjjgovkurrmsJfjga7jg4/jg7zjg4jjg5Pjg7zjg4jmqZ/mp4vjgpLmkK3ovInjgII8YnI+PGJyPgo8aW1nIHNyYz0iaHR0cDovL2ltYWdlLnJha3V0ZW4uY28uanAvZ3N4L2NhYmluZXQvZnJlZGVyaXF1ZS9mcmQtMDYxX2RldGFpbDAzLmpwZyIgd2lkdGg9IjE1MCIgYWx0PSLjg5Xjg6zjg4fjg6rjg4Pjgq8g44Kz44Oz44K544K/44Oz44OILEZSRURFUklRVUUgQ09OU1RBTlQiPjxicj4K44Og44O844OW44Oh44Oz44OI44KS44KI44KK576O44GX44GP6KaL44Gb44KL44GT44Go44Gr44GT44Gg44KP44KK6Ieq56S+6ZaL55m644GV44KM44Gf44CB44Kq44Oq44K444OK44Or44Gu44K544Kx44Or44OI44Oz44OH44Kk44OI6KGo56S644CCPGJyPjxicj4KPGltZyBzcmM9Imh0dHA6Ly9pbWFnZS5yYWt1dGVuLmNvLmpwL2dzeC9jYWJpbmV0L2ZyZWRlcmlxdWUvZnJkLTA2MV9kZXRhaWwwNC5qcGciIHdpZHRoPSIxNTAiIGFsdD0i44OV44Os44OH44Oq44OD44KvIOOCs+ODs+OCueOCv+ODs+ODiCxGUkVERVJJUVVFIENPTlNUQU5UIj48YnI+CuODj+ODvOODiOODk+ODvOODiO+8huODh+OCpOODiOODouODh+ODq+OBr+WFqOOBpuOCt+ODvOOCueODq+ODvOODkOODg+OCr+OAguOCseODvOOCueijj+OBi+OCieapn+aisOW8j+aZguioiOOBrueyvuWvhuOBquWLleOBjeOCkumRkeiznuOBp+OBjeOBvuOBmeOAgjxicj48YnI+Cgo8dGFibGUgd2lkdGg9IjEwMCUiIGJvcmRlcj0iMCIgY2VsbHNwYWNpbmc9IjEiIGNlbGxwYWRkaW5nPSI1IiBiZ2NvbG9yPSIjQ0NDQ0NDIj4KPHRyPgo8dGggYmdjb2xvcj0iI0Y0RjRGNCIgd2lkdGg9IjI1JSI+44Oh44O844Kr44O85ZCNPEJSPu+8iOato+imj+i8uOWFpeS7o+eQhuW6l++8iTwvdGg+Cjx0ZCBiZ2NvbG9yPSIjRkZGRkZGIj7moKrlvI/kvJrnpL5HTeOCpOODs+OCv+ODvOODiuOCt+ODp+ODiuODqzwvdGQ+CjwvdHI+Cjx0cj4KPHRoIGJnY29sb3I9IiNGNEY0RjQiIHdpZHRoPSIyNSUiPuODluODqeODs+ODieWQjTwvdGg+Cjx0ZCBiZ2NvbG9yPSIjRkZGRkZGIj7jg5Xjg6zjg4fjg6rjg4Pjgq/jg7vjgrPjg7Pjgrnjgr/jg7Pjg4jvvIhGUkVERVJJUVVFIENPTlNUQU5U77yJPC90ZD4KPC90cj4KPHRyPgo8dGggYmdjb2xvcj0iI0Y0RjRGNCIgd2lkdGg9IjI1JSI+44Og44O844OW44Oh44Oz44OIPC90aD4KPHRkIGJnY29sb3I9IiNGRkZGRkYiPkZDLTMxNSDoh6rli5Xlt7vjgY0oMzjmmYLplpPjg5Hjg6/jg7zjg6rjgrbjg7zjg5YpPC90ZD4KPC90cj4KPHRyPgo8dGggYmdjb2xvcj0iI0Y0RjRGNCIgd2lkdGg9IjI1JSI+57Sg5p2QPC90aD4KPHRkIGJnY29sb3I9IiNGRkZGRkYiPgrjgrHjg7zjgrnjg7vjg5Djg7Pjg4nvvJrjgrnjg4bjg7Pjg6zjgrnjgrnjg4bjgqPjg7zjg6s8YnI+CuOCrOODqeOCue+8muOCteODleOCoeOCpOOCouOCr+ODquOCueOCv+ODqzxicj4K44OA44Kk44Ki44Or77ya44OW44Op44OD44Kv44Gu44Ku44On44O844K344Kn6KOF6aO+44Go44OW44Op44OD44Kv44Oe44K244O844Kq44OW44OR44O844Or44OA44Kk44Ki44OrPGJyPgo8L3RkPgo8L3RyPgo8dHI+Cjx0aCBiZ2NvbG9yPSIjRjRGNEY0IiB3aWR0aD0iMjUlIj7jgrXjgqTjgro8L3RoPgo8dGQgYmdjb2xvcj0iI0ZGRkZGRiI+CuOCseODvOOCueW+hO+8mjM4LjBtbTxicj4KPC90ZD4KPC90cj4KPHRyPgo8dGggYmdjb2xvcj0iI0Y0RjRGNCIgd2lkdGg9IjI1JSI+6YeN6YePPC90aD4KPHRkIGJnY29sb3I9IiNGRkZGRkYiPi08L3RkPgo8L3RyPgo8dHI+Cjx0aCBiZ2NvbG9yPSIjRjRGNEY0IiB3aWR0aD0iMjUlIj7pmLLmsLTmgKc8L3RoPgo8dGQgYmdjb2xvcj0iI0ZGRkZGRiI+Nuawl+Wcp+mYsuawtDwvdGQ+CjwvdHI+Cjx0cj4KPHRoIGJnY29sb3I9IiNGNEY0RjQiIHdpZHRoPSIyNSUiPuOBneOBruS7lueJueW+tDwvdGg+Cjx0ZCBiZ2NvbG9yPSIjRkZGRkZGIj4K44K344O844K544Or44O844Kx44O844K544OQ44OD44KvPGJyPgrjg4/jg7zjg4jjg5Pjg7zjg4g8YnI+CuOCueOCseODq+ODiOODs+ODh+OCpOODiAo8L3RkPgo8L3RyPgo8dHI+Cjx0aCBiZ2NvbG9yPSIjRjRGNEY0IiB3aWR0aD0iMjUlIj7jgrXjgqTjgrroqr/mlbTjgavjgaTjgYTjgaY8L3RoPgo8dGQgYmdjb2xvcj0iI0ZGRkZGRiI+44GK5a6i5qeY44Gu44GU5biM5pyb44Gr44KI44KK44CB44OW44Os44K544Os44OD44OI44Gu44K144Kk44K644KS6Kq/5pW044GX44Gf5LiK44Gn44CB5pmC6KiI44KS44GK5bGK44GR44GE44Gf44GX44G+44GZ44CCKOOCteOCpOOCuuiqv+aVtOeEoeaWmSk8YnI+CuaZguioiOOCkuijheedgOOBmeOCi+aJi+mmluWbnuOCiuOBrumVt+OBleOCkuODoeOCuOODo+ODvOOBquOBqeOBp+ioiOa4rOOBhOOBn+OBoOOBjeOAgeOBneOBrumVt+OBleOCkuOBlOazqOaWh+OBrumam+OBq+OBiuefpeOCieOBm+S4i+OBleOBhOOAgu+8iOOCs+ODnuOCkuWkluOBl+OBn+WgtOWQiOOBr+OAgeWkluOBl+OBn+OCs+ODnuOCguaZguioiOOBqOS4gOe3kuOBq+OBiumAgeOCiuiHtOOBl+OBvuOBmeOAgu+8iTxicj4KPGZvbnQgY29sb3I9IiNjYzAwMDA7Ij7igLvjgrXjgqTjgrrjga7oqr/mlbTjgpLjgYTjgZ/jgZfjgb7jgZnjgajov5Tlk4HjgIHkuqTmj5vjga/jgYrlj5fjgZHjgYTjgZ/jgZfjgYvjga3jgb7jgZnjga7jgafjgZTkuobmib/kuIvjgZXjgYTjgII8L2ZvbnQ+PC90ZD4KPC90cj4KPHRyPgo8dGggYmdjb2xvcj0iI0Y0RjRGNCIgd2lkdGg9IjI1JSI+5L+d6Ki85pyf6ZaTPC90aD4KPHRkIGJnY29sb3I9IiNGRkZGRkYiPuODoeODvOOCq+ODvOS/neiovDLlubQ8YnI+CuOBiuiyt+OBhOS4iuOBkuOBruaZguioiOOBjOOAgeWPluOCiuaJseOBhOiqrOaYjuabuOOBq+ayv+OBo+OBn+ato+W4uOOBquS9v+eUqOeKtuaFi+OBp+aVhemanOOBl+OBn+WgtOWQiOOAgeWPluOCiuaJseOBhOiqrOaYjuabuOOBruiomOi8ieWGheWuueOBruevhOWbsuOBp+OAgeS/neiovOacn+mWk+OBq+mZkOOCiuOAgeeEoeWEn+S/rueQhuiHtOOBl+OBvuOBmeOAgjwvdGQ+CjwvdHI+CjwvdGFibGU+Cjxicj4KPHRhYmxlIHdpZHRoPSIxMDAlIj4KPHRyPgo8dGQ+PGNlbnRlcj48aW1nIHNyYz0iaHR0cDovL2ltYWdlLnJha3V0ZW4uY28uanAvZ3N4L2NhYmluZXQvZnJlZGVyaXF1ZS9mcmQtMDYxX3MuanBnIiB3aWR0aD0iMTUwIiBhbHQ9IkZDLTMxNU1QQjNQNiI+PGJyPkZDLTMxNU1QQjNQNjwvY2VudGVyPjwvdGQ+CjwvdHI+CjwvdGFibGU+Cjxicj4KPGJyPgo8aW1nIHNyYz0iaHR0cDovL2ltYWdlLnJha3V0ZW4uY28uanAvZ3N4L2NhYmluZXQvZnJlZGVyaXF1ZS9mcmQtY2xhc3NpY2hlYXJ0YmVhdC5qcGciIHdpZHRoPSIxMDAlIiBhbHQ9IuODleODrOODh+ODquODg+OCryDjgrPjg7Pjgrnjgr/jg7Pjg4gsRlJFREVSSVFVRSBDT05TVEFOVCI+Cjxicj4K4peP44OV44Os44OH44Oq44OD44KvIOOCs+ODs+OCueOCv+ODs+ODiOOBqOOBr++8nzxicj4K44OV44Os44OH44Oq44OD44Kv44O744Kz44Oz44K544K/44Oz44OI44Gv44CB44K544Kk44K544O744K444Ol44ON44O844OW44KS5pys5oug5Zyw44Go44GZ44KL44K544Kk44K544Gu44Oe44OL44Ol44OV44Kh44Kv44OB44Ol44O844Or5pmC6KiI44Oh44O844Kr44O844Gn44GZ44CC44OH44K244Kk44Oz44Gu56uL44Gh5LiK44GS44GL44KJ44Og44O844OW44Oh44Oz44OI44KS5Yid44KB44Go44GZ44KL6YOo5ZOB44KE57WE44G/56uL44Gm44Gr6Iez44KL44G+44Gn44CBPGZvbnQgY29sb3I9IiMwMDAwY2MiPuWFqOOBpuS4gOiyq+OBl+OBpuiHquekvuOBp+ihjOOBo+OBpuOBhOOCi+OCueOCpOOCueOBp+OCguaVsOWwkeOBquOBhOODoeODvOOCq+ODvDwvZm9udD7jgafjgZnjgII8YnI+Cjxicj4KPGltZyBzcmM9Imh0dHA6Ly9pbWFnZS5yYWt1dGVuLmNvLmpwL2dzeC9jYWJpbmV0L2ZyZWRlcmlxdWUvZnJlXzE0MTIxNl8wMi5qcGciIHdpZHRoPSIxMDAlIiBhbHQ9IuODleODrOODh+ODquODg+OCryDjgrPjg7Pjgrnjgr/jg7Pjg4gsRlJFREVSSVFVRSBDT05TVEFOVCI+Cjxicj4K4pePUVVBTElUWS/nlJ/nlKPjgajlk4Hos6rnrqHnkIY8YnI+CuOCueOCpOOCueOAgeOCuOODpeODjeODvOODluOBq+OBguOCi+ODleODrOODh+ODquODg+OCr+ODu+OCs+ODs+OCueOCv+ODs+ODiOOBruW3peWgtOOBp+OBr+OAgeODh+OCtuOCpOODs+OChOioreioiOOBi+OCieacgOe1gue1hOeri+OBpuOBvuOBp+OCkuS4gOiyq+OBl+OBpuihjOOBquOBo+OBpuOBiuOCiuOAgeaZguioiOOBsuOBqOOBpOOBsuOBqOOBpOOBq+aEm+aDheOCkui+vOOCgeOBpuS9nOOBo+OBpuOBhOOBvuOBmeOAgjxicj48YnI+MTk4OOW5tOWJtealreOBruiLpeOBhOaZguioiOODluODqeODs+ODieOBquOBjOOCieOAgeOCueOCpOOCueOBruaVsOWwkeOBquOBhOODnuODi+ODpeODleOCoeOCr+ODgeODpeODvOODq+ODluODqeODs+ODieOBqOOBl+OBpuedgOOAheOBqOaIkOmVt+OCkumBguOBkuOBpuOBhOOBvuOBmeOAgualree4vuOBr+WPs+iCqeS4iuOBjOOCiuOBp+OAgeeUn+eUo+acrOaVsOOCguavjuW5tOWil+OBiOe2muOBkeOBpuOBhOOBvuOBmeOBjOOAgeeUn+eUo+WKueeOh+OBruWQkeS4iuOBqOOBqOOCguOBq+WTgeizqueuoeeQhuOBq+OCgueJueOBq+WKm+OCkuazqOOBjuOAgeWil+eUo+OBq+OCiOOCi+OCr+OCquODquODhuOCo+OBruS9juS4i+OBjOi1t+OBk+OCi+S6i+OBjOeEoeOBhOOCiOOBhue0sOW/g+OBruazqOaEj+OCkuaJleOBo+OBpuOBhOOBvuOBmeOAgjxicj48YnI+5qeY44CF44Gq5pyA5paw6Yut44Gu5qmf5p2Q44Gu5bCO5YWl44KE44CB6Ieq56S+6KO95ZOB44Gr6YGp44GX44Gf44Kq44Oq44K444OK44Or44Gu6KOF572u44Gu6ZaL55m644Gv44CB44KI44KK6auY5ZOB6LOq44Gn5L+h6aC844Gu44GK44GR44KL5pmC6KiI44KS44GK5bGK44GR44GZ44KL44Gf44KB44Gr44Gv44Oe44K544OI44Gn44GC44KL44Go6ICD44GI44CB44Gd44KM44KJ44Gu5YWF5a6f44Gr44Gv5oqV6LOH44KS5oOc44GX44KA44GT44Go44Gq44GP6KGM44Gq44Gj44Gm44GK44KK44G+44GZ44CCPGJyPgo8YnI+Cjxicj48YnI+PGJyPjxpbWcgc3JjPSJodHRwOi8vaW1hZ2UucmFrdXRlbi5jby5qcC9nc3gvY2FiaW5ldC9tZXJpdDIwMTcwMS5naWYiIGFsdD0i5q2j6KaP6LKp5aOy5bqX44Gu44Oh44Oq44OD44OIIiB3aWR0aD0iMTAwJSI+PGJyPjxicj48aW1nIHNyYz0iaHR0cDovL2ltYWdlLnJha3V0ZW4uY28uanAvZ3N4L2NhYmluZXQvc2xfc3AuZ2lmIiB3aWR0aD0iMTAwJSIgYWx0PSLjgrfjg6fjg4Pjg5Tjg7PjgrDjg63jg7zjg7Pjg6rjg7Pjgq8iPjxicj4=,44K344On44OD44OU44Oz44Kw44Ot44O844Oz54Sh6YeR5Yip5a++6LGh5ZOB44OV44Os44OH44Oq44OD44KvIOOCs+ODs+OCueOCv+ODs+ODiFtGUkVERVJJUVVFIENPTlNUQU5UXeOCr+ODqeOCt+ODg+OCryDjg4/jg7zjg4jjg5Pjg7zjg4gmYW1wO+ODh+OCpOODiOODqeOCpuODs+ODiSDjg6rjg5/jg4bjg4Pjg4njgqjjg4fjgqPjgrfjg6fjg7NGQy0zMTVNUEIzUDZCIOS4lueVjOmZkOWumjUwMOacrOODoeODs+OCuiDjgJDohZXmmYLoqIgg5pmC6KiI44CR44CQ44Ku44OV44OIIOODl+ODrOOCvOODs+ODiOOAke+8mlRIRSBXQVRDSCBTSE9QLg==,44Kq44OD44K944Kk44K/44Oq44Kj44Ko44OJ44OD44Kv44K544Kw44Op44Oz44OJ44K744Kk44Kz44O844Ki44K544OI44Ot44Oz44Kr44Oz44OR44OO44Op44K444O844K344On44OD44KvRy1TSE9DS+ODluODreODvOODkOODmeODvOODquODs+OCsOOCueOCq+ODvOOCsuODs+ODleODrOODh+ODquODg+OCr+ODu+OCs+ODs+OCueOCv+ODs+ODiOODhOODouODquODgeOCteODiOODn+ODiuOCu+OCu+OCpOOCs+ODvOOCq+OCt+OCqkdTWOWIhuWJsuaJi+aVsOaWmeeEoeaWmeOCt+ODp+ODg+ODlOODs+OCsOODreODvOODs+eEoemHkeWIqXRoZSB3YXRjaCBzaG9w6IWV5pmC6KiI44K344On44OD44OU44Oz44Kw44Ot44O844Oz54Sh6YeR5Yip5a++6LGh5ZOB44OV44Os44OH44Oq44OD44KvIOOCs+ODs+OCueOCv+ODs+ODiFtGUkVERVJJUVVFIENPTlNUQU5UXeOCr+ODqeOCt+ODg+OCryDjg4/jg7zjg4jjg5Pjg7zjg4gmYW1wO+ODh+OCpOODiOODqeOCpuODs+ODiSDjg6rjg5/jg4bjg4Pjg4njgqjjg4fjgqPjgrfjg6fjg7NGQy0zMTVNUEIzUDZCIOS4lueVjOmZkOWumjUwMOacrOODoeODs+OCuiDjgJDohZXmmYLoqIgg5pmC6KiI44CR44CQ44Ku44OV44OIIOODl+ODrOOCvOODs+ODiOOAkQ==,5q2j6KaP5ZOB44CQ6YCB5paZ54Sh5paZ44CR44OV44Os44OH44Oq44OD44KvIOOCs+ODs+OCueOCv+ODs+ODiC9GQy0zMTVNUEIzUDZC44CC44K344On44OD44OU44Oz44Kw44Ot44O844Oz54Sh6YeR5Yip5a++6LGh5ZOB44OV44Os44OH44Oq44OD44KvIOOCs+ODs+OCueOCv+ODs+ODiFtGUkVERVJJUVVFIENPTlNUQU5UXeOCr+ODqeOCt+ODg+OCryDjg4/jg7zjg4jjg5Pjg7zjg4gmYW1wO+ODh+OCpOODiOODqeOCpuODs+ODiSDjg6rjg5/jg4bjg4Pjg4njgqjjg4fjgqPjgrfjg6fjg7NGQy0zMTVNUEIzUDZCIOS4lueVjOmZkOWumjUwMOacrOODoeODs+OCuiDjgJDohZXmmYLoqIgg5pmC6KiI44CR44CQ44Ku44OV44OIIOODl+ODrOOCvOODs+ODiOOAkQ==[rn]
16-122064,aHR0cDovL3RzaG9wLnIxMHMuanAvZ3N4L2NhYmluZXQvZnJlZGVyaXF1ZS9zZWlraS9mcmQtMDYxLmpwZz9maXRpbj03MDA6NzAw,MTgxNDQwLjAwMDA=,,6IWV5pmC6KiIID4g44Oh44Oz44K66IWV5pmC6KiI,44K344On44OD44OU44Oz44Kw44Ot44O844Oz54Sh6YeR5Yip5a++6LGh5ZOB44OV44Os44OH44Oq44OD44KvIOOCs+ODs+OCueOCv+ODs+ODiFtGUkVERVJJUVVFIENPTlNUQU5UXeOCr+ODqeOCt+ODg+OCryDjg4/jg7zjg4jjg5Pjg7zjg4gm44OH44Kk44OI44Op44Km44Oz44OJIOODquODn+ODhuODg+ODieOCqOODh+OCo+OCt+ODp+ODs0ZDLTMxNU1QQjNQNiDkuJbnlYzpmZDlrpo1MDDmnKzjg6Hjg7Pjgrog44CQ6IWV5pmC6KiIIOaZguioiOOAkeOAkOOCruODleODiCDjg5fjg6zjgrzjg7Pjg4jjgJE=,5q2j6KaP5ZOB44CQ6YCB5paZ54Sh5paZ44CR44OV44Os44OH44Oq44OD44KvIOOCs+ODs+OCueOCv+ODs+ODiC9GQy0zMTVNUEIzUDY=,PHRhYmxlIHdpZHRoPSIxMDAlIiBib3JkZXI9IjEiIGNlbGxzcGFjaW5nPSIxIiBib3JkZXJjb2xvcj0iI0NDMDAwMCIgY2VsbHBhZGRpbmc9IjEwIj4KPHRyPgo8dGQ+Cjxmb250IGNvbG9yPSIjY2MwMDAwOyI+77yc5Zyo5bqr44Gr6Zai44GX44Gm77yePC9mb250PuWPluOCiuWvhOOBm+WVhuWTgeOBruWgtOWQiOOBr+OAgeOBlOazqOaWh+eiuuiqjeW+jOODoeODvOOCq+ODvOWcqOW6q+eiuuiqjeOBqOOBquOCiuOBvuOBmeOAggrml6XjgIXjga7lnKjluqvlpInli5XjgavjgojjgorjgIHjgZTluIzmnJvjgavmt7vjgYjjgarjgYTlj6/og73mgKfjgoLjgZTjgZbjgYTjgb7jgZnjgII8YnI+5b2T5bqX44GL44KJ44Gu5Zyo5bqr5pyJ54Sh44Gu44Oh44O844Or44Gu6L+U5L+h44KS5b+F44Ga44GU56K66KqN44GP44Gg44GV44GE44CCPGJyPgo8Zm9udCBjb2xvcj0iI2NjMDAwMDsiPuOAkOOBlOazqOaEj+OAkTwvZm9udD7lvZPlupfjgYvjgonjga7ov5Tkv6Hjg6Hjg7zjg6vjgYzlsYrjgY3jgb7jgZvjgpPvvIE8YnI+44OJ44Oh44Kk44Oz6Kej6Zmk44KS5b+Y44KM44Ga44Gr77yBPC90ZD4KPC90cj4KPC90YWJsZT48YnI+Cjxicj48Zm9udCBjb2xvcj0iIzAwMDBjYyI+4peP44CM44Kv44Op44K344OD44KvIOODj+ODvOODiOODk+ODvOODiO+8huODh+OCpOODiCDjg6njgqbjg7Pjg4njgI3jgavprq7jgoTjgYvjgarpq5jntJrlpKnnhLbntKDmnZDigJzjg5bjg6njg4Pjgq/jg57jgrbjg7zjgqrjg5bjg5Hjg7zjg6vigJ3mloflrZfnm6Tjg6Ljg4fjg6vjgYznmbvloLTvvIHjgJDkuJbnlYzpmZDlrpo1MDDmnKzjgJE8L2ZvbnQ+PGJyPgo8YnI+PGI+772e44OP44O844OI44OT44O844OI77yG44OH44Kk44OI44Gu6a2F5Yqb772ePC9iPjxicj48YnI+CjxpbWcgc3JjPSJodHRwOi8vaW1hZ2UucmFrdXRlbi5jby5qcC9nc3gvY2FiaW5ldC9mcmVkZXJpcXVlL2ZyZC0wNjFfZGV0YWlsMDEuanBnIiB3aWR0aD0iMTUwIiBhbHQ9IuODleODrOODh+ODquODg+OCryDjgrPjg7Pjgrnjgr/jg7Pjg4gsRlJFREVSSVFVRSBDT05TVEFOVCI+PGJyPgrjg4DjgqTjg6Tjg6vlpJblkajjga/jgIHprq7jgoTjgYvjgarjg5bjg6njg4Pjgq/jg57jgrbjg7zjgqrjg5bjg5Hjg7zjg6vjgIHlhoXlgbTjgavjga/pq5jntJrmhJ/jgYLjgbXjgozjgovjg5bjg6njg4Pjgq/jga7jgq7jg6fjg7zjgrfjgqfoo4Xpo77jgII8YnI+PGJyPgo8aW1nIHNyYz0iaHR0cDovL2ltYWdlLnJha3V0ZW4uY28uanAvZ3N4L2NhYmluZXQvZnJlZGVyaXF1ZS9mcmQtMDYxX2RldGFpbDAyLmpwZyIgd2lkdGg9IjE1MCIgYWx0PSLjg5Xjg6zjg4fjg6rjg4Pjgq8g44Kz44Oz44K544K/44Oz44OILEZSRURFUklRVUUgQ09OU1RBTlQiPjxicj4KMTLmmYLkvY3nva7jgavjg6Djg7zjg5bjg6Hjg7Pjg4jjga7li5XjgY3jgpLpkZHos57jgafjgY3jgovjgIHjg5Xjg6zjg4fjg6rjg4Pjgq/jg7vjgrPjg7Pjgrnjgr/jg7Pjg4jjga7osaHlvrTjgajjgoLjgYTjgYjjgovkurrmsJfjga7jg4/jg7zjg4jjg5Pjg7zjg4jmqZ/mp4vjgpLmkK3ovInjgII8YnI+PGJyPgo8aW1nIHNyYz0iaHR0cDovL2ltYWdlLnJha3V0ZW4uY28uanAvZ3N4L2NhYmluZXQvZnJlZGVyaXF1ZS9mcmQtMDYxX2RldGFpbDAzLmpwZyIgd2lkdGg9IjE1MCIgYWx0PSLjg5Xjg6zjg4fjg6rjg4Pjgq8g44Kz44Oz44K544K/44Oz44OILEZSRURFUklRVUUgQ09OU1RBTlQiPjxicj4K44Og44O844OW44Oh44Oz44OI44KS44KI44KK576O44GX44GP6KaL44Gb44KL44GT44Go44Gr44GT44Gg44KP44KK6Ieq56S+6ZaL55m644GV44KM44Gf44CB44Kq44Oq44K444OK44Or44Gu44K544Kx44Or44OI44Oz44OH44Kk44OI6KGo56S644CCPGJyPjxicj4KPGltZyBzcmM9Imh0dHA6Ly9pbWFnZS5yYWt1dGVuLmNvLmpwL2dzeC9jYWJpbmV0L2ZyZWRlcmlxdWUvZnJkLTA2MV9kZXRhaWwwNC5qcGciIHdpZHRoPSIxNTAiIGFsdD0i44OV44Os44OH44Oq44OD44KvIOOCs+ODs+OCueOCv+ODs+ODiCxGUkVERVJJUVVFIENPTlNUQU5UIj48YnI+CuODj+ODvOODiOODk+ODvOODiO+8huODh+OCpOODiOODouODh+ODq+OBr+WFqOOBpuOCt+ODvOOCueODq+ODvOODkOODg+OCr+OAguOCseODvOOCueijj+OBi+OCieapn+aisOW8j+aZguioiOOBrueyvuWvhuOBquWLleOBjeOCkumRkeiznuOBp+OBjeOBvuOBmeOAgjxicj48YnI+Cgo8dGFibGUgd2lkdGg9IjEwMCUiIGJvcmRlcj0iMCIgY2VsbHNwYWNpbmc9IjEiIGNlbGxwYWRkaW5nPSI1IiBiZ2NvbG9yPSIjQ0NDQ0NDIj4KPHRyPgo8dGggYmdjb2xvcj0iI0Y0RjRGNCIgd2lkdGg9IjI1JSI+44Oh44O844Kr44O85ZCNPEJSPu+8iOato+imj+i8uOWFpeS7o+eQhuW6l++8iTwvdGg+Cjx0ZCBiZ2NvbG9yPSIjRkZGRkZGIj7moKrlvI/kvJrnpL5HTeOCpOODs+OCv+ODvOODiuOCt+ODp+ODiuODqzwvdGQ+CjwvdHI+Cjx0cj4KPHRoIGJnY29sb3I9IiNGNEY0RjQiIHdpZHRoPSIyNSUiPuODluODqeODs+ODieWQjTwvdGg+Cjx0ZCBiZ2NvbG9yPSIjRkZGRkZGIj7jg5Xjg6zjg4fjg6rjg4Pjgq/jg7vjgrPjg7Pjgrnjgr/jg7Pjg4jvvIhGUkVERVJJUVVFIENPTlNUQU5U77yJPC90ZD4KPC90cj4KPHRyPgo8dGggYmdjb2xvcj0iI0Y0RjRGNCIgd2lkdGg9IjI1JSI+44Og44O844OW44Oh44Oz44OIPC90aD4KPHRkIGJnY29sb3I9IiNGRkZGRkYiPkZDLTMxNSDoh6rli5Xlt7vjgY0oMzjmmYLplpPjg5Hjg6/jg7zjg6rjgrbjg7zjg5YpPC90ZD4KPC90cj4KPHRyPgo8dGggYmdjb2xvcj0iI0Y0RjRGNCIgd2lkdGg9IjI1JSI+57Sg5p2QPC90aD4KPHRkIGJnY29sb3I9IiNGRkZGRkYiPgrjgrHjg7zjgrnvvJrjgrnjg4bjg7Pjg6zjgrnjgrnjg4bjgqPjg7zjg6s8YnI+CuOCrOODqeOCue+8muOCteODleOCoeOCpOOCouOCr+ODquOCueOCv+ODqzxicj4K44OA44Kk44Ki44Or77ya44OW44Op44OD44Kv44Gu44Ku44On44O844K344Kn6KOF6aO+44Go44OW44Op44OD44Kv44Oe44K244O844Kq44OW44OR44O844Or44OA44Kk44Ki44OrPGJyPgrjg5Djg7Pjg4nvvJrjgq/jg63jgrPlnovmirzjgZfjgqvjg7zjg5U8L3RkPgo8L3RyPgo8dHI+Cjx0aCBiZ2NvbG9yPSIjRjRGNEY0IiB3aWR0aD0iMjUlIj7jgrXjgqTjgro8L3RoPgo8dGQgYmdjb2xvcj0iI0ZGRkZGRiI+CuOCseODvOOCueW+hO+8mjM4LjBtbTxicj4KPC90ZD4KPC90cj4KPHRyPgo8dGggYmdjb2xvcj0iI0Y0RjRGNCIgd2lkdGg9IjI1JSI+6YeN6YePPC90aD4KPHRkIGJnY29sb3I9IiNGRkZGRkYiPi08L3RkPgo8L3RyPgo8dHI+Cjx0aCBiZ2NvbG9yPSIjRjRGNEY0IiB3aWR0aD0iMjUlIj7pmLLmsLTmgKc8L3RoPgo8dGQgYmdjb2xvcj0iI0ZGRkZGRiI+Nuawl+Wcp+mYsuawtDwvdGQ+CjwvdHI+Cjx0cj4KPHRoIGJnY29sb3I9IiNGNEY0RjQiIHdpZHRoPSIyNSUiPuOBneOBruS7lueJueW+tDwvdGg+Cjx0ZCBiZ2NvbG9yPSIjRkZGRkZGIj4K44K344O844K544Or44O844Kx44O844K544OQ44OD44KvPGJyPgrjg4/jg7zjg4jjg5Pjg7zjg4g8YnI+CuOCueOCseODq+ODiOODs+ODh+OCpOODiAo8L3RkPgo8L3RyPgo8dHI+Cjx0aCBiZ2NvbG9yPSIjRjRGNEY0IiB3aWR0aD0iMjUlIj7jgrXjgqTjgrroqr/mlbTjgavjgaTjgYTjgaY8L3RoPgo8dGQgYmdjb2xvcj0iI0ZGRkZGRiI+6Z2p44OQ44Oz44OJ44Gr44Gk44GN44CB44K144Kk44K66Kq/5pW044Gv44GK44GT44Gq44Gj44Gm44GK44KK44G+44Gb44KT44CCPC90ZD4KPC90cj4KPHRyPgo8dGggYmdjb2xvcj0iI0Y0RjRGNCIgd2lkdGg9IjI1JSI+5L+d6Ki85pyf6ZaTPC90aD4KPHRkIGJnY29sb3I9IiNGRkZGRkYiPuODoeODvOOCq+ODvOS/neiovDLlubQ8YnI+CuOBiuiyt+OBhOS4iuOBkuOBruaZguioiOOBjOOAgeWPluOCiuaJseOBhOiqrOaYjuabuOOBq+ayv+OBo+OBn+ato+W4uOOBquS9v+eUqOeKtuaFi+OBp+aVhemanOOBl+OBn+WgtOWQiOOAgeWPluOCiuaJseOBhOiqrOaYjuabuOOBruiomOi8ieWGheWuueOBruevhOWbsuOBp+OAgeS/neiovOacn+mWk+OBq+mZkOOCiuOAgeeEoeWEn+S/rueQhuiHtOOBl+OBvuOBmeOAgjwvdGQ+CjwvdHI+CjwvdGFibGU+Cjxicj4KPHRhYmxlIHdpZHRoPSIxMDAlIj4KPHRyPgo8dGQ+PGNlbnRlcj48aW1nIHNyYz0iaHR0cDovL2ltYWdlLnJha3V0ZW4uY28uanAvZ3N4L2NhYmluZXQvZnJlZGVyaXF1ZS9mcmQtMDYyX3MuanBnIiB3aWR0aD0iMTUwIiBhbHQ9IkZDLTMxNU1QQjNQNkIiPjxicj5GQy0zMTVNUEIzUDZCPC9jZW50ZXI+PC90ZD4KPC90cj4KPC90YWJsZT4KPGJyPgo8YnI+CjxpbWcgc3JjPSJodHRwOi8vaW1hZ2UucmFrdXRlbi5jby5qcC9nc3gvY2FiaW5ldC9mcmVkZXJpcXVlL2ZyZC1jbGFzc2ljaGVhcnRiZWF0LmpwZyIgd2lkdGg9IjEwMCUiIGFsdD0i44OV44Os44OH44Oq44OD44KvIOOCs+ODs+OCueOCv+ODs+ODiCxGUkVERVJJUVVFIENPTlNUQU5UIj4KPGJyPgril4/jg5Xjg6zjg4fjg6rjg4Pjgq8g44Kz44Oz44K544K/44Oz44OI44Go44Gv77yfPGJyPgrjg5Xjg6zjg4fjg6rjg4Pjgq/jg7vjgrPjg7Pjgrnjgr/jg7Pjg4jjga/jgIHjgrnjgqTjgrnjg7vjgrjjg6Xjg43jg7zjg5bjgpLmnKzmi6DlnLDjgajjgZnjgovjgrnjgqTjgrnjga7jg57jg4vjg6Xjg5XjgqHjgq/jg4Hjg6Xjg7zjg6vmmYLoqIjjg6Hjg7zjgqvjg7zjgafjgZnjgILjg4fjgrbjgqTjg7Pjga7nq4vjgaHkuIrjgZLjgYvjgonjg6Djg7zjg5bjg6Hjg7Pjg4jjgpLliJ3jgoHjgajjgZnjgovpg6jlk4HjgoTntYTjgb/nq4vjgabjgavoh7Pjgovjgb7jgafjgIE8Zm9udCBjb2xvcj0iIzAwMDBjYyI+5YWo44Gm5LiA6LKr44GX44Gm6Ieq56S+44Gn6KGM44Gj44Gm44GE44KL44K544Kk44K544Gn44KC5pWw5bCR44Gq44GE44Oh44O844Kr44O8PC9mb250PuOBp+OBmeOAgjxicj4KPGJyPgo8aW1nIHNyYz0iaHR0cDovL2ltYWdlLnJha3V0ZW4uY28uanAvZ3N4L2NhYmluZXQvZnJlZGVyaXF1ZS9mcmVfMTQxMjE2XzAyLmpwZyIgd2lkdGg9IjEwMCUiIGFsdD0i44OV44Os44OH44Oq44OD44KvIOOCs+ODs+OCueOCv+ODs+ODiCxGUkVERVJJUVVFIENPTlNUQU5UIj4KPGJyPgril49RVUFMSVRZL+eUn+eUo+OBqOWTgeizqueuoeeQhjxicj4K44K544Kk44K544CB44K444Ol44ON44O844OW44Gr44GC44KL44OV44Os44OH44Oq44OD44Kv44O744Kz44Oz44K544K/44Oz44OI44Gu5bel5aC044Gn44Gv44CB44OH44K244Kk44Oz44KE6Kit6KiI44GL44KJ5pyA57WC57WE56uL44Gm44G+44Gn44KS5LiA6LKr44GX44Gm6KGM44Gq44Gj44Gm44GK44KK44CB5pmC6KiI44Gy44Go44Gk44Gy44Go44Gk44Gr5oSb5oOF44KS6L6844KB44Gm5L2c44Gj44Gm44GE44G+44GZ44CCPGJyPjxicj4xOTg45bm05Ym15qWt44Gu6Iul44GE5pmC6KiI44OW44Op44Oz44OJ44Gq44GM44KJ44CB44K544Kk44K544Gu5pWw5bCR44Gq44GE44Oe44OL44Ol44OV44Kh44Kv44OB44Ol44O844Or44OW44Op44Oz44OJ44Go44GX44Gm552A44CF44Go5oiQ6ZW344KS6YGC44GS44Gm44GE44G+44GZ44CC5qWt57i+44Gv5Y+z6IKp5LiK44GM44KK44Gn44CB55Sf55Sj5pys5pWw44KC5q+O5bm05aKX44GI57aa44GR44Gm44GE44G+44GZ44GM44CB55Sf55Sj5Yq5546H44Gu5ZCR5LiK44Go44Go44KC44Gr5ZOB6LOq566h55CG44Gr44KC54m544Gr5Yqb44KS5rOo44GO44CB5aKX55Sj44Gr44KI44KL44Kv44Kq44Oq44OG44Kj44Gu5L2O5LiL44GM6LW344GT44KL5LqL44GM54Sh44GE44KI44GG57Sw5b+D44Gu5rOo5oSP44KS5omV44Gj44Gm44GE44G+44GZ44CCPGJyPjxicj7mp5jjgIXjgarmnIDmlrDpi63jga7mqZ/mnZDjga7lsI7lhaXjgoTjgIHoh6rnpL7oo73lk4HjgavpganjgZfjgZ/jgqrjg6rjgrjjg4rjg6vjga7oo4Xnva7jga7plovnmbrjga/jgIHjgojjgorpq5jlk4Hos6rjgafkv6HpoLzjga7jgYrjgZHjgovmmYLoqIjjgpLjgYrlsYrjgZHjgZnjgovjgZ/jgoHjgavjga/jg57jgrnjg4jjgafjgYLjgovjgajogIPjgYjjgIHjgZ3jgozjgonjga7lhYXlrp/jgavjga/mipXos4fjgpLmg5zjgZfjgoDjgZPjgajjgarjgY/ooYzjgarjgaPjgabjgYrjgorjgb7jgZnjgII8YnI+Cjxicj4KPGJyPjxicj48YnI+PGltZyBzcmM9Imh0dHA6Ly9pbWFnZS5yYWt1dGVuLmNvLmpwL2dzeC9jYWJpbmV0L21lcml0MjAxNzAxLmdpZiIgYWx0PSLmraPopo/osqnlo7Llupfjga7jg6Hjg6rjg4Pjg4giIHdpZHRoPSIxMDAlIj48YnI+PGJyPjxpbWcgc3JjPSJodHRwOi8vaW1hZ2UucmFrdXRlbi5jby5qcC9nc3gvY2FiaW5ldC9zbF9zcC5naWYiIHdpZHRoPSIxMDAlIiBhbHQ9IuOCt+ODp+ODg+ODlOODs+OCsOODreODvOODs+ODquODs+OCryI+PGJyPg==,44K344On44OD44OU44Oz44Kw44Ot44O844Oz54Sh6YeR5Yip5a++6LGh5ZOB44OV44Os44OH44Oq44OD44KvIOOCs+ODs+OCueOCv+ODs+ODiFtGUkVERVJJUVVFIENPTlNUQU5UXeOCr+ODqeOCt+ODg+OCryDjg4/jg7zjg4jjg5Pjg7zjg4gmYW1wO+ODh+OCpOODiOODqeOCpuODs+ODiSDjg6rjg5/jg4bjg4Pjg4njgqjjg4fjgqPjgrfjg6fjg7NGQy0zMTVNUEIzUDYg5LiW55WM6ZmQ5a6aNTAw5pys44Oh44Oz44K6IOOAkOiFleaZguioiCDmmYLoqIjjgJHjgJDjgq7jg5Xjg4gg44OX44Os44K844Oz44OI44CR77yaVEhFIFdBVENIIFNIT1Au,44Kq44OD44K944Kk44K/44Oq44Kj44Ko44OJ44OD44Kv44K544Kw44Op44Oz44OJ44K744Kk44Kz44O844Ki44K544OI44Ot44Oz44Kr44Oz44OR44OO44Op44K444O844K344On44OD44KvRy1TSE9DS+ODluODreODvOODkOODmeODvOODquODs+OCsOOCueOCq+ODvOOCsuODs+ODleODrOODh+ODquODg+OCr+ODu+OCs+ODs+OCueOCv+ODs+ODiOODhOODouODquODgeOCteODiOODn+ODiuOCu+OCu+OCpOOCs+ODvOOCq+OCt+OCqkdTWOWIhuWJsuaJi+aVsOaWmeeEoeaWmeOCt+ODp+ODg+ODlOODs+OCsOODreODvOODs+eEoemHkeWIqXRoZSB3YXRjaCBzaG9w6IWV5pmC6KiI44K344On44OD44OU44Oz44Kw44Ot44O844Oz54Sh6YeR5Yip5a++6LGh5ZOB44OV44Os44OH44Oq44OD44KvIOOCs+ODs+OCueOCv+ODs+ODiFtGUkVERVJJUVVFIENPTlNUQU5UXeOCr+ODqeOCt+ODg+OCryDjg4/jg7zjg4jjg5Pjg7zjg4gmYW1wO+ODh+OCpOODiOODqeOCpuODs+ODiSDjg6rjg5/jg4bjg4Pjg4njgqjjg4fjgqPjgrfjg6fjg7NGQy0zMTVNUEIzUDYg5LiW55WM6ZmQ5a6aNTAw5pys44Oh44Oz44K6IOOAkOiFleaZguioiCDmmYLoqIjjgJHjgJDjgq7jg5Xjg4gg44OX44Os44K844Oz44OI44CR,5q2j6KaP5ZOB44CQ6YCB5paZ54Sh5paZ44CR44OV44Os44OH44Oq44OD44KvIOOCs+ODs+OCueOCv+ODs+ODiC9GQy0zMTVNUEIzUDbjgILjgrfjg6fjg4Pjg5Tjg7PjgrDjg63jg7zjg7PnhKHph5HliKnlr77osaHlk4Hjg5Xjg6zjg4fjg6rjg4Pjgq8g44Kz44Oz44K544K/44Oz44OIW0ZSRURFUklRVUUgQ09OU1RBTlRd44Kv44Op44K344OD44KvIOODj+ODvOODiOODk+ODvOODiCZhbXA744OH44Kk44OI44Op44Km44Oz44OJIOODquODn+ODhuODg+ODieOCqOODh+OCo+OCt+ODp+ODs0ZDLTMxNU1QQjNQNiDkuJbnlYzpmZDlrpo1MDDmnKzjg6Hjg7Pjgrog44CQ6IWV5pmC6KiIIOaZguioiOOAkeOAkOOCruODleODiCDjg5fjg6zjgrzjg7Pjg4jjgJE=[rn]
16-122065,aHR0cDovL3RzaG9wLnIxMHMuanAvZ3N4L2NhYmluZXQvZnJlZGVyaXF1ZS9zZWlraS9mcmQtMDYwLmpwZz9maXRpbj03MDA6NzAw,MTk4NzIwLjAwMDA=,,6IWV5pmC6KiIID4g44Oh44Oz44K66IWV5pmC6KiI,44K344On44OD44OU44Oz44Kw44Ot44O844Oz54Sh6YeR5Yip5a++6LGh5ZOB44OV44Os44OH44Oq44OD44KvIOOCs+ODs+OCueOCv+ODs+ODiOOAkEZSRURFUklRVUUgQ09OU1RBTlTjgJHjgq/jg6njgrfjg4Pjgq8g44Kr44OsIOODj+ODvOODiOODk+ODvOODiO+8huODh+OCpOODiOOCquODvOODiOODnuODgeODg+OCr+OAkENBUlJFReOAkUZDLTMxNUROUzRDMjZCIOODoeODs+OCuuOAkOiFleaZguioiCDmmYLoqIjjgJHjgJDjgq7jg5Xjg4gg44OX44Os44K844Oz44OI44CR,5q2j6KaP5ZOB44CQ6YCB5paZ54Sh5paZ44CR44OV44Os44OH44Oq44OD44KvIOOCs+ODs+OCueOCv+ODs+ODiC9GQy0zMTVETlM0QzI2Qg==,PHRhYmxlIHdpZHRoPSIxMDAlIiBib3JkZXI9IjEiIGNlbGxzcGFjaW5nPSIxIiBib3JkZXJjb2xvcj0iI0NDMDAwMCIgY2VsbHBhZGRpbmc9IjEwIj4KPHRyPgo8dGQ+Cjxmb250IGNvbG9yPSIjY2MwMDAwOyI+77yc5Zyo5bqr44Gr6Zai44GX44Gm77yePC9mb250PuWPluOCiuWvhOOBm+WVhuWTgeOBruWgtOWQiOOBr+OAgeOBlOazqOaWh+eiuuiqjeW+jOODoeODvOOCq+ODvOWcqOW6q+eiuuiqjeOBqOOBquOCiuOBvuOBmeOAggrml6XjgIXjga7lnKjluqvlpInli5XjgavjgojjgorjgIHjgZTluIzmnJvjgavmt7vjgYjjgarjgYTlj6/og73mgKfjgoLjgZTjgZbjgYTjgb7jgZnjgII8YnI+5b2T5bqX44GL44KJ44Gu5Zyo5bqr5pyJ54Sh44Gu44Oh44O844Or44Gu6L+U5L+h44KS5b+F44Ga44GU56K66KqN44GP44Gg44GV44GE44CCPGJyPgo8Zm9udCBjb2xvcj0iI2NjMDAwMDsiPuOAkOOBlOazqOaEj+OAkTwvZm9udD7lvZPlupfjgYvjgonjga7ov5Tkv6Hjg6Hjg7zjg6vjgYzlsYrjgY3jgb7jgZvjgpPvvIE8YnI+44OJ44Oh44Kk44Oz6Kej6Zmk44KS5b+Y44KM44Ga44Gr77yBPC90ZD4KPC90cj4KPC90YWJsZT4KPGJyPjxpbWcgc3JjPSJodHRwOi8vaW1hZ2UucmFrdXRlbi5jby5qcC9nc3gvY2FiaW5ldC9mcmVkZXJpcXVlL2ZyZC0wNjBfZGV0YWlsXzAyLmpwZyIgd2lkdGg9IjEwMCUiIGFsdD0i44OV44Os44OH44Oq44OD44KvIOOCs+ODs+OCueOCv+ODs+ODiCxGUkVERVJJUVVFIENPTlNUQU5UIj4KPGltZyBzcmM9Imh0dHA6Ly9pbWFnZS5yYWt1dGVuLmNvLmpwL2dzeC9jYWJpbmV0L2ZyZWRlcmlxdWUvZnJkLTA2MF9kZXRhaWxfMDMuanBnIiB3aWR0aD0iMTAwJSIgYWx0PSLjg5Xjg6zjg4fjg6rjg4Pjgq8g44Kz44Oz44K544K/44Oz44OILEZSRURFUklRVUUgQ09OU1RBTlQiPgo8aW1nIHNyYz0iaHR0cDovL2ltYWdlLnJha3V0ZW4uY28uanAvZ3N4L2NhYmluZXQvZnJlZGVyaXF1ZS9mcmQtMDYwX2RldGFpbF8wNC5qcGciIHdpZHRoPSIxMDAlIiBhbHQ9IuODleODrOODh+ODquODg+OCryDjgrPjg7Pjgrnjgr/jg7Pjg4gsRlJFREVSSVFVRSBDT05TVEFOVCI+PGJyPgo8YnI+Cjx0YWJsZSB3aWR0aD0iMTAwJSIgYm9yZGVyPSIwIiBjZWxsc3BhY2luZz0iMSIgY2VsbHBhZGRpbmc9IjUiIGJnY29sb3I9IiNDQ0NDQ0MiPgo8dHI+Cjx0aCBiZ2NvbG9yPSIjRjRGNEY0IiB3aWR0aD0iMjUlIj7jg6Hjg7zjgqvjg7zlkI08QlI+77yI5q2j6KaP6Ly45YWl5Luj55CG5bqX77yJPC90aD4KPHRkIGJnY29sb3I9IiNGRkZGRkYiPuagquW8j+S8muekvkdN44Kk44Oz44K/44O844OK44K344On44OK44OrPC90ZD4KPC90cj4KPHRyPgo8dGggYmdjb2xvcj0iI0Y0RjRGNCIgd2lkdGg9IjI1JSI+44OW44Op44Oz44OJ5ZCNPC90aD4KPHRkIGJnY29sb3I9IiNGRkZGRkYiPuODleODrOODh+ODquODg+OCr+ODu+OCs+ODs+OCueOCv+ODs+ODiO+8iEZSRURFUklRVUUgQ09OU1RBTlTvvIk8L3RkPgo8L3RyPgo8dHI+Cjx0aCBiZ2NvbG9yPSIjRjRGNEY0IiB3aWR0aD0iMjUlIj7jg6Djg7zjg5bjg6Hjg7Pjg4g8L3RoPgo8dGQgYmdjb2xvcj0iI0ZGRkZGRiI+6Ieq5YuV5be744GNKEZDLTMxNSk8L3RkPgo8L3RyPgo8dHI+Cjx0aCBiZ2NvbG9yPSIjRjRGNEY0IiB3aWR0aD0iMjUlIj7ntKDmnZA8L3RoPgo8dGQgYmdjb2xvcj0iI0ZGRkZGRiI+CuOCseODvOOCueODu+ODkOODs+ODie+8muOCueODhuODs+ODrOOCueOCueODhuOCo+ODvOODqzxicj4K44Ks44Op44K577ya44K144OV44Kh44Kk44Ki44Kv44Oq44K544K/44OrPGJyPgrjg4DjgqTjgqLjg6vvvJrjg4Djg7zjgq/jg43jgqTjg5Pjg7zjg4DjgqTjgqLjg6s8YnI+CjwvdGQ+CjwvdHI+Cjx0cj4KPHRoIGJnY29sb3I9IiNGNEY0RjQiIHdpZHRoPSIyNSUiPuOCteOCpOOCujwvdGg+Cjx0ZCBiZ2NvbG9yPSIjRkZGRkZGIj4K44Kx44O844K55b6E77yaNDdtbcOXMzAuN21tPGJyPgo8L3RkPgo8L3RyPgo8dHI+Cjx0aCBiZ2NvbG9yPSIjRjRGNEY0IiB3aWR0aD0iMjUlIj7ph43ph488L3RoPgo8dGQgYmdjb2xvcj0iI0ZGRkZGRiI+LTwvdGQ+CjwvdHI+Cjx0cj4KPHRoIGJnY29sb3I9IiNGNEY0RjQiIHdpZHRoPSIyNSUiPumYsuawtOaApzwvdGg+Cjx0ZCBiZ2NvbG9yPSIjRkZGRkZGIj4z5rCX5Zyn6Ziy5rC0PC90ZD4KPC90cj4KPHRyPgo8dGggYmdjb2xvcj0iI0Y0RjRGNCIgd2lkdGg9IjI1JSI+44Gd44Gu5LuW54m55b60PC90aD4KPHRkIGJnY29sb3I9IiNGRkZGRkYiPgozOOaZgumWk+ODkeODr+ODvOODquOCtuODvOODljxicj4K44OP44O844OI44OT44O844OIPGJyPgrjgrfjg7zjgrnjg6vjg7zjgrHjg7zjgrnjg5Djg4Pjgq88YnI+CuOCueOCseODq+ODiOODs+ODh+OCpOODiAo8L3RkPgo8L3RyPgo8dHI+Cjx0aCBiZ2NvbG9yPSIjRjRGNEY0IiB3aWR0aD0iMjUlIj7jgrXjgqTjgrroqr/mlbTjgavjgaTjgYTjgaY8L3RoPgo8dGQgYmdjb2xvcj0iI0ZGRkZGRiI+44GK5a6i5qeY44Gu44GU5biM5pyb44Gr44KI44KK44CB44OW44Os44K544Os44OD44OI44Gu44K144Kk44K644KS6Kq/5pW044GX44Gf5LiK44Gn44CBPGJyPgrmmYLoqIjjgpLjgYrlsYrjgZHjgYTjgZ/jgZfjgb7jgZnjgIIo44K144Kk44K66Kq/5pW054Sh5paZKTxicj4K5pmC6KiI44KS6KOF552A44GZ44KL5omL6aaW5Zue44KK44Gu6ZW344GV44KS44Oh44K444Oj44O844Gq44Gp44Gn6KiI5ris44GE44Gf44Gg44GN44CBPGJyPgrjgZ3jga7plbfjgZXjgpLjgZTms6jmlofjga7pmpvjgavjgYrnn6XjgonjgZvkuIvjgZXjgYTjgII8YnI+Cu+8iOOCs+ODnuOCkuWkluOBl+OBn+WgtOWQiOOBr+OAgeWkluOBl+OBn+OCs+ODnuOCguaZguioiOOBqOS4gOe3kuOBq+OBiumAgeOCiuiHtOOBl+OBvuOBmeOAgu+8iTxicj4KPGZvbnQgY29sb3I9IiNjYzAwMDA7Ij7igLvjgrXjgqTjgrrjga7oqr/mlbTjgpLjgYTjgZ/jgZfjgb7jgZnjgajov5Tlk4HjgIHkuqTmj5vjga/jgYrlj5fjgZHjgYTjgZ/jgZfjgYvjga3jgb7jgZnjga7jgafjgZTkuobmib/kuIvjgZXjgYTjgII8L2ZvbnQ+PC90ZD4KPC90cj4KPHRyPgo8dGggYmdjb2xvcj0iI0Y0RjRGNCIgd2lkdGg9IjI1JSI+5L+d6Ki85pyf6ZaTPC90aD4KPHRkIGJnY29sb3I9IiNGRkZGRkYiPuODoeODvOOCq+ODvOS/neiovDLlubQ8YnI+CuOBiuiyt+OBhOS4iuOBkuOBruaZguioiOOBjOOAgeWPluOCiuaJseOBhOiqrOaYjuabuOOBq+ayv+OBo+OBn+ato+W4uOOBquS9v+eUqOeKtuaFi+OBp+aVhemanOOBl+OBn+WgtOWQiOOAgeWPluOCiuaJseOBhOiqrOaYjuabuOOBruiomOi8ieWGheWuueOBruevhOWbsuOBp+OAgeS/neiovOacn+mWk+OBq+mZkOOCiuOAgeeEoeWEn+S/rueQhuiHtOOBl+OBvuOBmeOAgjwvdGQ+CjwvdHI+CjwvdGFibGU+Cjxicj4KPGltZyBzcmM9Imh0dHA6Ly9pbWFnZS5yYWt1dGVuLmNvLmpwL2dzeC9jYWJpbmV0L2ZyZWRlcmlxdWUvZnJkX2ltYWdlX2NhcnJlZS5qcGciIHdpZHRoPSIxMDAlIiBhbHQ9IuODleODrOODh+ODquODg+OCryDjgrPjg7Pjgrnjgr/jg7Pjg4gsRlJFREVSSVFVRSBDT05TVEFOVCI+Cjxicj4K4peP44OV44Os44OH44Oq44OD44KvIOOCs+ODs+OCueOCv+ODs+ODiOOBqOOBr++8nzxicj4K44OV44Os44OH44Oq44OD44Kv44O744Kz44Oz44K544K/44Oz44OI44Gv44CB44K544Kk44K544O744K444Ol44ON44O844OW44KS5pys5oug5Zyw44Go44GZ44KL44K544Kk44K544Gu44Oe44OL44Ol44OV44Kh44Kv44OB44Ol44O844Or5pmC6KiI44Oh44O844Kr44O844Gn44GZ44CC44OH44K244Kk44Oz44Gu56uL44Gh5LiK44GS44GL44KJ44Og44O844OW44Oh44Oz44OI44KS5Yid44KB44Go44GZ44KL6YOo5ZOB44KE57WE44G/56uL44Gm44Gr6Iez44KL44G+44Gn44CBPGZvbnQgY29sb3I9IiMwMDAwY2MiPuWFqOOBpuS4gOiyq+OBl+OBpuiHquekvuOBp+ihjOOBo+OBpuOBhOOCi+OCueOCpOOCueOBp+OCguaVsOWwkeOBquOBhOODoeODvOOCq+ODvDwvZm9udD7jgafjgZnjgII8YnI+Cjxicj4KPGltZyBzcmM9Imh0dHA6Ly9pbWFnZS5yYWt1dGVuLmNvLmpwL2dzeC9jYWJpbmV0L2ZyZWRlcmlxdWUvZnJlXzE0MTIxNl8wMi5qcGciIHdpZHRoPSIxMDAlIiBhbHQ9IuODleODrOODh+ODquODg+OCryDjgrPjg7Pjgrnjgr/jg7Pjg4gsRlJFREVSSVFVRSBDT05TVEFOVCI+Cjxicj4K4pePUVVBTElUWS/nlJ/nlKPjgajlk4Hos6rnrqHnkIY8YnI+CuOCueOCpOOCueOAgeOCuOODpeODjeODvOODluOBq+OBguOCi+ODleODrOODh+ODquODg+OCr+ODu+OCs+ODs+OCueOCv+ODs+ODiOOBruW3peWgtOOBp+OBr+OAgeODh+OCtuOCpOODs+OChOioreioiOOBi+OCieacgOe1gue1hOeri+OBpuOBvuOBp+OCkuS4gOiyq+OBl+OBpuihjOOBquOBo+OBpuOBiuOCiuOAgeaZguioiOOBsuOBqOOBpOOBsuOBqOOBpOOBq+aEm+aDheOCkui+vOOCgeOBpuS9nOOBo+OBpuOBhOOBvuOBmeOAgjxicj48YnI+MTk4OOW5tOWJtealreOBruiLpeOBhOaZguioiOODluODqeODs+ODieOBquOBjOOCieOAgeOCueOCpOOCueOBruaVsOWwkeOBquOBhOODnuODi+ODpeODleOCoeOCr+ODgeODpeODvOODq+ODluODqeODs+ODieOBqOOBl+OBpuedgOOAheOBqOaIkOmVt+OCkumBguOBkuOBpuOBhOOBvuOBmeOAgualree4vuOBr+WPs+iCqeS4iuOBjOOCiuOBp+OAgeeUn+eUo+acrOaVsOOCguavjuW5tOWil+OBiOe2muOBkeOBpuOBhOOBvuOBmeOBjOOAgeeUn+eUo+WKueeOh+OBruWQkeS4iuOBqOOBqOOCguOBq+WTgeizqueuoeeQhuOBq+OCgueJueOBq+WKm+OCkuazqOOBjuOAgeWil+eUo+OBq+OCiOOCi+OCr+OCquODquODhuOCo+OBruS9juS4i+OBjOi1t+OBk+OCi+S6i+OBjOeEoeOBhOOCiOOBhue0sOW/g+OBruazqOaEj+OCkuaJleOBo+OBpuOBhOOBvuOBmeOAgjxicj48YnI+5qeY44CF44Gq5pyA5paw6Yut44Gu5qmf5p2Q44Gu5bCO5YWl44KE44CB6Ieq56S+6KO95ZOB44Gr6YGp44GX44Gf44Kq44Oq44K444OK44Or44Gu6KOF572u44Gu6ZaL55m644Gv44CB44KI44KK6auY5ZOB6LOq44Gn5L+h6aC844Gu44GK44GR44KL5pmC6KiI44KS44GK5bGK44GR44GZ44KL44Gf44KB44Gr44Gv44Oe44K544OI44Gn44GC44KL44Go6ICD44GI44CB44Gd44KM44KJ44Gu5YWF5a6f44Gr44Gv5oqV6LOH44KS5oOc44GX44KA44GT44Go44Gq44GP6KGM44Gq44Gj44Gm44GK44KK44G+44GZ44CCPGJyPgo8YnI+Cjxicj48Zm9udCBjb2xvcj0iI2NjMDAwMDsiPuOAkOOBlOazqOaEj+OAkeW9k+W6l+OBi+OCieOBrui/lOS/oeODoeODvOODq+OBjOWxiuOBjeOBvuOBm+OCk++8geODieODoeOCpOODs+ino+mZpOOCkuW/mOOCjOOBmuOBq++8gTwvZm9udD4KPGJyPu+8nOWcqOW6q+OBq+OBpOOBhOOBpu+8nuaXpeOAheOBruWcqOW6q+WkieWLleOBq+OCiOOCiuOAgeeogOOBq+WVhuWTgeeiuuS/neWHuuadpeOBquOBhOS6i+OCguOBlOOBluOBhOOBvuOBmeOAguS6iOOCgeOBlOS6huaJv+OBj+OBoOOBleOBhOOAgjxicj48YnI+PGJyPjxpbWcgc3JjPSJodHRwOi8vaW1hZ2UucmFrdXRlbi5jby5qcC9nc3gvY2FiaW5ldC9tZXJpdDIwMTcwMS5naWYiIGFsdD0i5q2j6KaP6LKp5aOy5bqX44Gu44Oh44Oq44OD44OIIiB3aWR0aD0iMTAwJSI+PGJyPjxicj48aW1nIHNyYz0iaHR0cDovL2ltYWdlLnJha3V0ZW4uY28uanAvZ3N4L2NhYmluZXQvc2xfc3AuZ2lmIiB3aWR0aD0iMTAwJSIgYWx0PSLjgrfjg6fjg4Pjg5Tjg7PjgrDjg63jg7zjg7Pjg6rjg7Pjgq8iPjxicj4=,44K344On44OD44OU44Oz44Kw44Ot44O844Oz54Sh6YeR5Yip5a++6LGh5ZOB44OV44Os44OH44Oq44OD44KvIOOCs+ODs+OCueOCv+ODs+ODiOOAkEZSRURFUklRVUUgQ09OU1RBTlTjgJHjgq/jg6njgrfjg4Pjgq8g44Kr44OsIOODj+ODvOODiOODk+ODvOODiO+8huODh+OCpOODiOOCquODvOODiOODnuODgeODg+OCr+OAkENBUlJFReOAkUZDLTMxNUROUzRDMjZCIOODoeODs+OCuuOAkOiFleaZguioiCDmmYLoqIjjgJHjgJDjgq7jg5Xjg4gg44OX44Os44K844Oz44OI44CR77yaVEhFIFdBVENIIFNIT1Au,44Kq44OD44K944Kk44K/44Oq44Kj44Ko44OJ44OD44Kv44K544Kw44Op44Oz44OJ44K744Kk44Kz44O844Ki44K544OI44Ot44Oz44Kr44Oz44OR44OO44Op44K444O844K344On44OD44KvRy1TSE9DS+ODluODreODvOODkOODmeODvOODquODs+OCsOOCueOCq+ODvOOCsuODs+ODleODrOODh+ODquODg+OCr+ODu+OCs+ODs+OCueOCv+ODs+ODiOODhOODouODquODgeOCteODiOODn+ODiuOCu+OCu+OCpOOCs+ODvOOCq+OCt+OCqkdTWOWIhuWJsuaJi+aVsOaWmeeEoeaWmeOCt+ODp+ODg+ODlOODs+OCsOODreODvOODs+eEoemHkeWIqXRoZSB3YXRjaCBzaG9w6IWV5pmC6KiI44K344On44OD44OU44Oz44Kw44Ot44O844Oz54Sh6YeR5Yip5a++6LGh5ZOB44OV44Os44OH44Oq44OD44KvIOOCs+ODs+OCueOCv+ODs+ODiOOAkEZSRURFUklRVUUgQ09OU1RBTlTjgJHjgq/jg6njgrfjg4Pjgq8g44Kr44OsIOODj+ODvOODiOODk+ODvOODiO+8huODh+OCpOODiOOCquODvOODiOODnuODgeODg+OCr+OAkENBUlJFReOAkUZDLTMxNUROUzRDMjZCIOODoeODs+OCuuOAkOiFleaZguioiCDmmYLoqIjjgJHjgJDjgq7jg5Xjg4gg44OX44Os44K844Oz44OI44CR,5q2j6KaP5ZOB44CQ6YCB5paZ54Sh5paZ44CR44OV44Os44OH44Oq44OD44KvIOOCs+ODs+OCueOCv+ODs+ODiC9GQy0zMTVETlM0QzI2QuOAguOCt+ODp+ODg+ODlOODs+OCsOODreODvOODs+eEoemHkeWIqeWvvuixoeWTgeODleODrOODh+ODquODg+OCryDjgrPjg7Pjgrnjgr/jg7Pjg4jjgJBGUkVERVJJUVVFIENPTlNUQU5U44CR44Kv44Op44K344OD44KvIOOCq+ODrCDjg4/jg7zjg4jjg5Pjg7zjg4jvvIbjg4fjgqTjg4jjgqrjg7zjg4jjg57jg4Hjg4Pjgq/jgJBDQVJSRUXjgJFGQy0zMTVETlM0QzI2QiDjg6Hjg7PjgrrjgJDohZXmmYLoqIgg5pmC6KiI44CR44CQ44Ku44OV44OIIOODl+ODrOOCvOODs+ODiOOAkQ==[rn]
16-122066,aHR0cDovL3RzaG9wLnIxMHMuanAvZ3N4L2NhYmluZXQvZnJlZGVyaXF1ZS9zZWlraS9mcmQtMDU5LmpwZz9maXRpbj03MDA6NzAw,MTgxNDQwLjAwMDA=,,6IWV5pmC6KiIID4g44Oh44Oz44K66IWV5pmC6KiI,44K344On44OD44OU44Oz44Kw44Ot44O844Oz54Sh6YeR5Yip5a++6LGh5ZOB44OV44Os44OH44Oq44OD44KvIOOCs+ODs+OCueOCv+ODs+ODiOOAkEZSRURFUklRVUUgQ09OU1RBTlTjgJHjgq/jg6njgrfjg4Pjgq8g44Kr44OsIOODj+ODvOODiOODk+ODvOODiO+8huODh+OCpOODiOOCquODvOODiOODnuODgeODg+OCr+OAkENBUlJFReOAkSBGQy0zMTVETlM0QzI2IOODoeODs+OCuiDjgJDohZXmmYLoqIgg5pmC6KiI44CR44CQ44Ku44OV44OIIOODl+ODrOOCvOODs+ODiOOAkQ==,5q2j6KaP5ZOB44CQ6YCB5paZ54Sh5paZ44CR44OV44Os44OH44Oq44OD44KvIOOCs+ODs+OCueOCv+ODs+ODiC9GQy0zMTVETlM0QzI2,PHRhYmxlIHdpZHRoPSIxMDAlIiBib3JkZXI9IjEiIGNlbGxzcGFjaW5nPSIxIiBib3JkZXJjb2xvcj0iI0NDMDAwMCIgY2VsbHBhZGRpbmc9IjEwIj4KPHRyPgo8dGQ+Cjxmb250IGNvbG9yPSIjY2MwMDAwOyI+77yc5Zyo5bqr44Gr6Zai44GX44Gm77yePC9mb250PuWPluOCiuWvhOOBm+WVhuWTgeOBruWgtOWQiOOBr+OAgeOBlOazqOaWh+eiuuiqjeW+jOODoeODvOOCq+ODvOWcqOW6q+eiuuiqjeOBqOOBquOCiuOBvuOBmeOAggrml6XjgIXjga7lnKjluqvlpInli5XjgavjgojjgorjgIHjgZTluIzmnJvjgavmt7vjgYjjgarjgYTlj6/og73mgKfjgoLjgZTjgZbjgYTjgb7jgZnjgII8YnI+5b2T5bqX44GL44KJ44Gu5Zyo5bqr5pyJ54Sh44Gu44Oh44O844Or44Gu6L+U5L+h44KS5b+F44Ga44GU56K66KqN44GP44Gg44GV44GE44CCPGJyPgo8Zm9udCBjb2xvcj0iI2NjMDAwMDsiPuOAkOOBlOazqOaEj+OAkTwvZm9udD7lvZPlupfjgYvjgonjga7ov5Tkv6Hjg6Hjg7zjg6vjgYzlsYrjgY3jgb7jgZvjgpPvvIE8YnI+44OJ44Oh44Kk44Oz6Kej6Zmk44KS5b+Y44KM44Ga44Gr77yBPC90ZD4KPC90cj4KPC90YWJsZT4KPGJyPjxpbWcgc3JjPSJodHRwOi8vaW1hZ2UucmFrdXRlbi5jby5qcC9nc3gvY2FiaW5ldC9mcmVkZXJpcXVlL2ZyZC0wNTlfZGV0YWlsXzAxLmpwZyIgd2lkdGg9IjEwMCUiIGFsdD0i44OV44Os44OH44Oq44OD44KvIOOCs+ODs+OCueOCv+ODs+ODiCxGUkVERVJJUVVFIENPTlNUQU5UIj4KPGltZyBzcmM9Imh0dHA6Ly9pbWFnZS5yYWt1dGVuLmNvLmpwL2dzeC9jYWJpbmV0L2ZyZWRlcmlxdWUvZnJkLTA1OV9kZXRhaWxfMDIuanBnIiB3aWR0aD0iMTAwJSIgYWx0PSLjg5Xjg6zjg4fjg6rjg4Pjgq8g44Kz44Oz44K544K/44Oz44OILEZSRURFUklRVUUgQ09OU1RBTlQiPgo8aW1nIHNyYz0iaHR0cDovL2ltYWdlLnJha3V0ZW4uY28uanAvZ3N4L2NhYmluZXQvZnJlZGVyaXF1ZS9mcmQtMDU5X2RldGFpbF8wMy5qcGciIHdpZHRoPSIxMDAlIiBhbHQ9IuODleODrOODh+ODquODg+OCryDjgrPjg7Pjgrnjgr/jg7Pjg4gsRlJFREVSSVFVRSBDT05TVEFOVCI+CjxpbWcgc3JjPSJodHRwOi8vaW1hZ2UucmFrdXRlbi5jby5qcC9nc3gvY2FiaW5ldC9mcmVkZXJpcXVlL2ZyZC0wNTlfZGV0YWlsXzA0LmpwZyIgd2lkdGg9IjEwMCUiIGFsdD0i44OV44Os44OH44Oq44OD44KvIOOCs+ODs+OCueOCv+ODs+ODiCxGUkVERVJJUVVFIENPTlNUQU5UIj4KPGJyPgoKPHRhYmxlIHdpZHRoPSIxMDAlIiBib3JkZXI9IjAiIGNlbGxzcGFjaW5nPSIxIiBjZWxscGFkZGluZz0iNSIgYmdjb2xvcj0iI0NDQ0NDQyI+Cjx0cj4KPHRoIGJnY29sb3I9IiNGNEY0RjQiIHdpZHRoPSIyNSUiPuODoeODvOOCq+ODvOWQjTxCUj7vvIjmraPopo/ovLjlhaXku6PnkIblupfvvIk8L3RoPgo8dGQgYmdjb2xvcj0iI0ZGRkZGRiI+5qCq5byP5Lya56S+R03jgqTjg7Pjgr/jg7zjg4rjgrfjg6fjg4rjg6s8L3RkPgo8L3RyPgo8dHI+Cjx0aCBiZ2NvbG9yPSIjRjRGNEY0IiB3aWR0aD0iMjUlIj7jg5bjg6njg7Pjg4nlkI08L3RoPgo8dGQgYmdjb2xvcj0iI0ZGRkZGRiI+44OV44Os44OH44Oq44OD44Kv44O744Kz44Oz44K544K/44Oz44OI77yIRlJFREVSSVFVRSBDT05TVEFOVO+8iTwvdGQ+CjwvdHI+Cjx0cj4KPHRoIGJnY29sb3I9IiNGNEY0RjQiIHdpZHRoPSIyNSUiPuODoOODvOODluODoeODs+ODiDwvdGg+Cjx0ZCBiZ2NvbG9yPSIjRkZGRkZGIj7oh6rli5Xlt7vjgY0oRkMtMzE1KTwvdGQ+CjwvdHI+Cjx0cj4KPHRoIGJnY29sb3I9IiNGNEY0RjQiIHdpZHRoPSIyNSUiPue0oOadkDwvdGg+Cjx0ZCBiZ2NvbG9yPSIjRkZGRkZGIj4K44Kx44O844K577ya44K544OG44Oz44Os44K544K544OG44Kj44O844OrPGJyPgrjgqzjg6njgrnvvJrjgrXjg5XjgqHjgqTjgqLjgq/jg6rjgrnjgr/jg6s8YnI+CuODgOOCpOOCouODq++8muODgOODvOOCr+ODjeOCpOODk+ODvOODgOOCpOOCouODqzxicj4K44OQ44Oz44OJ77ya44OA44O844Kv44ON44Kk44OT44O844Gu44Kv44Ot44Kz5Z6L5oq844GX44Kr44O844OV44K544OI44Op44OD44OXPC90ZD4KPC90cj4KPHRyPgo8dGggYmdjb2xvcj0iI0Y0RjRGNCIgd2lkdGg9IjI1JSI+44K144Kk44K6PC90aD4KPHRkIGJnY29sb3I9IiNGRkZGRkYiPgrjgrHjg7zjgrnlvoTvvJo0N21tw5czMC43bW08YnI+CjwvdGQ+CjwvdHI+Cjx0cj4KPHRoIGJnY29sb3I9IiNGNEY0RjQiIHdpZHRoPSIyNSUiPumHjemHjzwvdGg+Cjx0ZCBiZ2NvbG9yPSIjRkZGRkZGIj4tPC90ZD4KPC90cj4KPHRyPgo8dGggYmdjb2xvcj0iI0Y0RjRGNCIgd2lkdGg9IjI1JSI+6Ziy5rC05oCnPC90aD4KPHRkIGJnY29sb3I9IiNGRkZGRkYiPjPmsJflnKfpmLLmsLQ8L3RkPgo8L3RyPgo8dHI+Cjx0aCBiZ2NvbG9yPSIjRjRGNEY0IiB3aWR0aD0iMjUlIj7jgZ3jga7ku5bnibnlvrQ8L3RoPgo8dGQgYmdjb2xvcj0iI0ZGRkZGRiI+CjM45pmC6ZaT44OR44Ov44O844Oq44K244O844OWPGJyPgrjg4/jg7zjg4jjg5Pjg7zjg4g8YnI+CuOCt+ODvOOCueODq+ODvOOCseODvOOCueODkOODg+OCrzxicj4K44K544Kx44Or44OI44Oz44OH44Kk44OICjwvdGQ+CjwvdHI+Cjx0cj4KPHRoIGJnY29sb3I9IiNGNEY0RjQiIHdpZHRoPSIyNSUiPuOCteOCpOOCuuiqv+aVtOOBq+OBpOOBhOOBpjwvdGg+Cjx0ZCBiZ2NvbG9yPSIjRkZGRkZGIj7pnanjg5Djg7Pjg4njgavjgaTjgY3jgIHjgrXjgqTjgrroqr/mlbTjga/jgYrjgZPjgarjgaPjgabjgYrjgorjgb7jgZvjgpPjgII8L3RkPgo8L3RyPgo8dHI+Cjx0aCBiZ2NvbG9yPSIjRjRGNEY0IiB3aWR0aD0iMjUlIj7kv53oqLzmnJ/plpM8L3RoPgo8dGQgYmdjb2xvcj0iI0ZGRkZGRiI+44Oh44O844Kr44O85L+d6Ki8MuW5tDxicj4K44GK6LK344GE5LiK44GS44Gu5pmC6KiI44GM44CB5Y+W44KK5omx44GE6Kqs5piO5pu444Gr5rK/44Gj44Gf5q2j5bi444Gq5L2/55So54q25oWL44Gn5pWF6Zqc44GX44Gf5aC05ZCI44CB5Y+W44KK5omx44GE6Kqs5piO5pu444Gu6KiY6LyJ5YaF5a6544Gu56+E5Zuy44Gn44CB5L+d6Ki85pyf6ZaT44Gr6ZmQ44KK44CB54Sh5YSf5L+u55CG6Ie044GX44G+44GZ44CCPC90ZD4KPC90cj4KPC90YWJsZT4KPGJyPgo8aW1nIHNyYz0iaHR0cDovL2ltYWdlLnJha3V0ZW4uY28uanAvZ3N4L2NhYmluZXQvZnJlZGVyaXF1ZS9mcmRfaW1hZ2VfY2FycmVlLmpwZyIgd2lkdGg9IjEwMCUiIGFsdD0i44OV44Os44OH44Oq44OD44KvIOOCs+ODs+OCueOCv+ODs+ODiCxGUkVERVJJUVVFIENPTlNUQU5UIj4KPGJyPgril4/jg5Xjg6zjg4fjg6rjg4Pjgq8g44Kz44Oz44K544K/44Oz44OI44Go44Gv77yfPGJyPgrjg5Xjg6zjg4fjg6rjg4Pjgq/jg7vjgrPjg7Pjgrnjgr/jg7Pjg4jjga/jgIHjgrnjgqTjgrnjg7vjgrjjg6Xjg43jg7zjg5bjgpLmnKzmi6DlnLDjgajjgZnjgovjgrnjgqTjgrnjga7jg57jg4vjg6Xjg5XjgqHjgq/jg4Hjg6Xjg7zjg6vmmYLoqIjjg6Hjg7zjgqvjg7zjgafjgZnjgILjg4fjgrbjgqTjg7Pjga7nq4vjgaHkuIrjgZLjgYvjgonjg6Djg7zjg5bjg6Hjg7Pjg4jjgpLliJ3jgoHjgajjgZnjgovpg6jlk4HjgoTntYTjgb/nq4vjgabjgavoh7Pjgovjgb7jgafjgIE8Zm9udCBjb2xvcj0iIzAwMDBjYyI+5YWo44Gm5LiA6LKr44GX44Gm6Ieq56S+44Gn6KGM44Gj44Gm44GE44KL44K544Kk44K544Gn44KC5pWw5bCR44Gq44GE44Oh44O844Kr44O8PC9mb250PuOBp+OBmeOAgjxicj4KPGJyPgo8aW1nIHNyYz0iaHR0cDovL2ltYWdlLnJha3V0ZW4uY28uanAvZ3N4L2NhYmluZXQvZnJlZGVyaXF1ZS9mcmVfMTQxMjE2XzAyLmpwZyIgd2lkdGg9IjEwMCUiIGFsdD0i44OV44Os44OH44Oq44OD44KvIOOCs+ODs+OCueOCv+ODs+ODiCxGUkVERVJJUVVFIENPTlNUQU5UIj4KPGJyPgril49RVUFMSVRZL+eUn+eUo+OBqOWTgeizqueuoeeQhjxicj4K44K544Kk44K544CB44K444Ol44ON44O844OW44Gr44GC44KL44OV44Os44OH44Oq44OD44Kv44O744Kz44Oz44K544K/44Oz44OI44Gu5bel5aC044Gn44Gv44CB44OH44K244Kk44Oz44KE6Kit6KiI44GL44KJ5pyA57WC57WE56uL44Gm44G+44Gn44KS5LiA6LKr44GX44Gm6KGM44Gq44Gj44Gm44GK44KK44CB5pmC6KiI44Gy44Go44Gk44Gy44Go44Gk44Gr5oSb5oOF44KS6L6844KB44Gm5L2c44Gj44Gm44GE44G+44GZ44CCPGJyPjxicj4xOTg45bm05Ym15qWt44Gu6Iul44GE5pmC6KiI44OW44Op44Oz44OJ44Gq44GM44KJ44CB44K544Kk44K544Gu5pWw5bCR44Gq44GE44Oe44OL44Ol44OV44Kh44Kv44OB44Ol44O844Or44OW44Op44Oz44OJ44Go44GX44Gm552A44CF44Go5oiQ6ZW344KS6YGC44GS44Gm44GE44G+44GZ44CC5qWt57i+44Gv5Y+z6IKp5LiK44GM44KK44Gn44CB55Sf55Sj5pys5pWw44KC5q+O5bm05aKX44GI57aa44GR44Gm44GE44G+44GZ44GM44CB55Sf55Sj5Yq5546H44Gu5ZCR5LiK44Go44Go44KC44Gr5ZOB6LOq566h55CG44Gr44KC54m544Gr5Yqb44KS5rOo44GO44CB5aKX55Sj44Gr44KI44KL44Kv44Kq44Oq44OG44Kj44Gu5L2O5LiL44GM6LW344GT44KL5LqL44GM54Sh44GE44KI44GG57Sw5b+D44Gu5rOo5oSP44KS5omV44Gj44Gm44GE44G+44GZ44CCPGJyPjxicj7mp5jjgIXjgarmnIDmlrDpi63jga7mqZ/mnZDjga7lsI7lhaXjgoTjgIHoh6rnpL7oo73lk4HjgavpganjgZfjgZ/jgqrjg6rjgrjjg4rjg6vjga7oo4Xnva7jga7plovnmbrjga/jgIHjgojjgorpq5jlk4Hos6rjgafkv6HpoLzjga7jgYrjgZHjgovmmYLoqIjjgpLjgYrlsYrjgZHjgZnjgovjgZ/jgoHjgavjga/jg57jgrnjg4jjgafjgYLjgovjgajogIPjgYjjgIHjgZ3jgozjgonjga7lhYXlrp/jgavjga/mipXos4fjgpLmg5zjgZfjgoDjgZPjgajjgarjgY/ooYzjgarjgaPjgabjgYrjgorjgb7jgZnjgII8YnI+Cjxicj4KPGJyPjxmb250IGNvbG9yPSIjY2MwMDAwOyI+44CQ44GU5rOo5oSP44CR5b2T5bqX44GL44KJ44Gu6L+U5L+h44Oh44O844Or44GM5bGK44GN44G+44Gb44KT77yB44OJ44Oh44Kk44Oz6Kej6Zmk44KS5b+Y44KM44Ga44Gr77yBPC9mb250Pgo8YnI+77yc5Zyo5bqr44Gr44Gk44GE44Gm77ye5pel44CF44Gu5Zyo5bqr5aSJ5YuV44Gr44KI44KK44CB56iA44Gr5ZWG5ZOB56K65L+d5Ye65p2l44Gq44GE5LqL44KC44GU44GW44GE44G+44GZ44CC5LqI44KB44GU5LqG5om/44GP44Gg44GV44GE44CCPGJyPjxicj48YnI+PGltZyBzcmM9Imh0dHA6Ly9pbWFnZS5yYWt1dGVuLmNvLmpwL2dzeC9jYWJpbmV0L21lcml0MjAxNzAxLmdpZiIgYWx0PSLmraPopo/osqnlo7Llupfjga7jg6Hjg6rjg4Pjg4giIHdpZHRoPSIxMDAlIj48YnI+PGJyPjxpbWcgc3JjPSJodHRwOi8vaW1hZ2UucmFrdXRlbi5jby5qcC9nc3gvY2FiaW5ldC9zbF9zcC5naWYiIHdpZHRoPSIxMDAlIiBhbHQ9IuOCt+ODp+ODg+ODlOODs+OCsOODreODvOODs+ODquODs+OCryI+PGJyPg==,44K344On44OD44OU44Oz44Kw44Ot44O844Oz54Sh6YeR5Yip5a++6LGh5ZOB44OV44Os44OH44Oq44OD44KvIOOCs+ODs+OCueOCv+ODs+ODiOOAkEZSRURFUklRVUUgQ09OU1RBTlTjgJHjgq/jg6njgrfjg4Pjgq8g44Kr44OsIOODj+ODvOODiOODk+ODvOODiO+8huODh+OCpOODiOOCquODvOODiOODnuODgeODg+OCr+OAkENBUlJFReOAkSBGQy0zMTVETlM0QzI2IOODoeODs+OCuiDjgJDohZXmmYLoqIgg5pmC6KiI44CR44CQ44Ku44OV44OIIOODl+ODrOOCvOODs+ODiOOAke+8mlRIRSBXQVRDSCBTSE9QLg==,44Kq44OD44K944Kk44K/44Oq44Kj44Ko44OJ44OD44Kv44K544Kw44Op44Oz44OJ44K744Kk44Kz44O844Ki44K544OI44Ot44Oz44Kr44Oz44OR44OO44Op44K444O844K344On44OD44KvRy1TSE9DS+ODluODreODvOODkOODmeODvOODquODs+OCsOOCueOCq+ODvOOCsuODs+ODleODrOODh+ODquODg+OCr+ODu+OCs+ODs+OCueOCv+ODs+ODiOODhOODouODquODgeOCteODiOODn+ODiuOCu+OCu+OCpOOCs+ODvOOCq+OCt+OCqkdTWOWIhuWJsuaJi+aVsOaWmeeEoeaWmeOCt+ODp+ODg+ODlOODs+OCsOODreODvOODs+eEoemHkeWIqXRoZSB3YXRjaCBzaG9w6IWV5pmC6KiI44K344On44OD44OU44Oz44Kw44Ot44O844Oz54Sh6YeR5Yip5a++6LGh5ZOB44OV44Os44OH44Oq44OD44KvIOOCs+ODs+OCueOCv+ODs+ODiOOAkEZSRURFUklRVUUgQ09OU1RBTlTjgJHjgq/jg6njgrfjg4Pjgq8g44Kr44OsIOODj+ODvOODiOODk+ODvOODiO+8huODh+OCpOODiOOCquODvOODiOODnuODgeODg+OCr+OAkENBUlJFReOAkSBGQy0zMTVETlM0QzI2IOODoeODs+OCuiDjgJDohZXmmYLoqIgg5pmC6KiI44CR44CQ44Ku44OV44OIIOODl+ODrOOCvOODs+ODiOOAkQ==,5q2j6KaP5ZOB44CQ6YCB5paZ54Sh5paZ44CR44OV44Os44OH44Oq44OD44KvIOOCs+ODs+OCueOCv+ODs+ODiC9GQy0zMTVETlM0QzI244CC44K344On44OD44OU44Oz44Kw44Ot44O844Oz54Sh6YeR5Yip5a++6LGh5ZOB44OV44Os44OH44Oq44OD44KvIOOCs+ODs+OCueOCv+ODs+ODiOOAkEZSRURFUklRVUUgQ09OU1RBTlTjgJHjgq/jg6njgrfjg4Pjgq8g44Kr44OsIOODj+ODvOODiOODk+ODvOODiO+8huODh+OCpOODiOOCquODvOODiOODnuODgeODg+OCr+OAkENBUlJFReOAkSBGQy0zMTVETlM0QzI2IOODoeODs+OCuiDjgJDohZXmmYLoqIgg5pmC6KiI44CR44CQ44Ku44OV44OIIOODl+ODrOOCvOODs+ODiOOAkQ==[rn]
16-122067,aHR0cDovL3RzaG9wLnIxMHMuanAvZ3N4L2NhYmluZXQvZnJlZGVyaXF1ZS9zZWlraS9mcmQtMDU3LmpwZz9maXRpbj03MDA6NzAw,NjM5MzYwLjAwMDA=,,6IWV5pmC6KiIID4g44Oh44Oz44K66IWV5pmC6KiI,44OV44Os44OH44Oq44OD44Kv44Kz44Oz44K544K/44Oz44OIIOOCt+ODp+ODg+ODlOODs+OCsOODreODvOODs+eEoemHkeWIqeWvvuixoeWTgeODleODrOODh+ODquODg+OCryDjgrPjg7Pjgrnjgr/jg7Pjg4hbRlJFREVSSVFVRSBDT05TVEFOVF3jg4/jg7zjg4jjg5Pjg7zjg4gg44Oe44OL44Ol44OV44Kh44Kv44OB44Ol44O844OrW0hFQVJUQkVBVF1GQy05NDVNQzRINuODoeODs+OCuuOAkOiFleaZguioiCDmmYLoqIjjgJHjgJDjgq7jg5Xjg4gg44OX44Os44K844Oz44OI44CR,5q2j6KaP5ZOBL+ODleODrOODh+ODquODg+OCryDjgrPjg7Pjgrnjgr/jg7Pjg4gvRkMtOTQ1TUM0SDY=,PHRhYmxlIHdpZHRoPSIxMDAlIiBib3JkZXI9IjEiIGNlbGxzcGFjaW5nPSIxIiBib3JkZXJjb2xvcj0iI0NDMDAwMCIgY2VsbHBhZGRpbmc9IjEwIj4KPHRyPgo8dGQ+Cjxmb250IGNvbG9yPSIjY2MwMDAwOyI+77yc5Zyo5bqr44Gr6Zai44GX44Gm77yePC9mb250PuWPluOCiuWvhOOBm+WVhuWTgeOBruWgtOWQiOOBr+OAgeOBlOazqOaWh+eiuuiqjeW+jOODoeODvOOCq+ODvOWcqOW6q+eiuuiqjeOBqOOBquOCiuOBvuOBmeOAggrml6XjgIXjga7lnKjluqvlpInli5XjgavjgojjgorjgIHjgZTluIzmnJvjgavmt7vjgYjjgarjgYTlj6/og73mgKfjgoLjgZTjgZbjgYTjgb7jgZnjgII8YnI+5b2T5bqX44GL44KJ44Gu5Zyo5bqr5pyJ54Sh44Gu44Oh44O844Or44Gu6L+U5L+h44KS5b+F44Ga44GU56K66KqN44GP44Gg44GV44GE44CCPGJyPgo8Zm9udCBjb2xvcj0iI2NjMDAwMDsiPuOAkOOBlOazqOaEj+OAkTwvZm9udD7lvZPlupfjgYvjgonjga7ov5Tkv6Hjg6Hjg7zjg6vjgYzlsYrjgY3jgb7jgZvjgpPvvIE8YnI+44OJ44Oh44Kk44Oz6Kej6Zmk44KS5b+Y44KM44Ga44Gr77yBPC90ZD4KPC90cj4KPC90YWJsZT4KPGJyPjxpbWcgc3JjPSJodHRwOi8vaW1hZ2UucmFrdXRlbi5jby5qcC9nc3gvY2FiaW5ldC9mcmVkZXJpcXVlL2ZyZV8xNDEyMTYuanBnIiB3aWR0aD0iMTAwJSIgYWx0PSLjg5Xjg6zjg4fjg6rjg4Pjgq8g44Kz44Oz44K544K/44Oz44OILEZSRURFUklRVUUgQ09OU1RBTlQiPgoK4peP44OV44Os44OH44Oq44OD44KvIOOCs+ODs+OCueOCv+ODs+ODiOOBqOOBr++8nzxicj4K44OV44Os44OH44Oq44OD44Kv44O744Kz44Oz44K544K/44Oz44OI44Gv44CB44K544Kk44K544O744K444Ol44ON44O844OW44KS5pys5oug5Zyw44Go44GZ44KL44K544Kk44K544Gu44Oe44OL44Ol44OV44Kh44Kv44OB44Ol44O844Or5pmC6KiI44Oh44O844Kr44O844Gn44GZ44CC44OH44K244Kk44Oz44Gu56uL44Gh5LiK44GS44GL44KJ44Og44O844OW44Oh44Oz44OI44KS5Yid44KB44Go44GZ44KL6YOo5ZOB44KE57WE44G/56uL44Gm44Gr6Iez44KL44G+44Gn44CB5YWo44Gm5LiA6LKr44GX44Gm6Ieq56S+44Gn6KGM44Gj44Gm44GE44KL44K544Kk44K544Gn44KC5pWw5bCR44Gq44GE44Oh44O844Kr44O844Gn44GZ44CCPGJyPgoKCjxpbWcgc3JjPSJodHRwOi8vaW1hZ2UucmFrdXRlbi5jby5qcC9nc3gvY2FiaW5ldC9mcmVkZXJpcXVlL2ZyZV8xNDEyMTZfMDIuanBnIiB3aWR0aD0iMTAwJSIgYWx0PSLjg5Xjg6zjg4fjg6rjg4Pjgq8g44Kz44Oz44K544K/44Oz44OILEZSRURFUklRVUUgQ09OU1RBTlQiPjxicj4K4pePUVVBTElUWS/nlJ/nlKPjgajlk4Hos6rnrqHnkIY8YnI+CuOCueOCpOOCueOAgeOCuOODpeODjeODvOODluOBq+OBguOCi+ODleODrOODh+ODquODg+OCr+ODu+OCs+ODs+OCueOCv+ODs+ODiOOBruW3peWgtOOBp+OBr+OAgeODh+OCtuOCpOODs+OChOioreioiOOBi+OCieacgOe1gue1hOeri+OBpuOBvuOBp+OCkuS4gOiyq+OBl+OBpuihjOOBquOBo+OBpuOBiuOCiuOAgeaZguioiOOBsuOBqOOBpOOBsuOBqOOBpOOBq+aEm+aDheOCkui+vOOCgeOBpuS9nOOBo+OBpuOBhOOBvuOBmeOAgjE5ODjlubTlibXmpa3jga7oi6XjgYTmmYLoqIjjg5bjg6njg7Pjg4njgarjgYzjgonjgIHjgrnjgqTjgrnjga7mlbDlsJHjgarjgYTjg57jg4vjg6Xjg5XjgqHjgq/jg4Hjg6Xjg7zjg6vjg5bjg6njg7Pjg4njgajjgZfjgabnnYDjgIXjgajmiJDplbfjgpLpgYLjgZLjgabjgYTjgb7jgZnjgILmpa3nuL7jga/lj7PogqnkuIrjgYzjgorjgafjgIHnlJ/nlKPmnKzmlbDjgoLmr47lubTlopfjgYjntprjgZHjgabjgYTjgb7jgZnjgYzjgIHnlJ/nlKPlirnnjofjga7lkJHkuIrjgajjgajjgoLjgavlk4Hos6rnrqHnkIbjgavjgoLnibnjgavlipvjgpLms6jjgY7jgIHlopfnlKPjgavjgojjgovjgq/jgqrjg6rjg4bjgqPjga7kvY7kuIvjgYzotbfjgZPjgovkuovjgYznhKHjgYTjgojjgYbntLDlv4Pjga7ms6jmhI/jgpLmiZXjgaPjgabjgYTjgb7jgZnjgILmp5jjgIXjgarmnIDmlrDpi63jga7mqZ/mnZDjga7lsI7lhaXjgoTjgIHoh6rnpL7oo73lk4HjgavpganjgZfjgZ/jgqrjg6rjgrjjg4rjg6vjga7oo4Xnva7jga7plovnmbrjga/jgIHjgojjgorpq5jlk4Hos6rjgafkv6HpoLzjga7jgYrjgZHjgovmmYLoqIjjgpLjgYrlsYrjgZHjgZnjgovjgZ/jgoHjgavjga/jg57jgrnjg4jjgafjgYLjgovjgajogIPjgYjjgIHjgZ3jgozjgonjga7lhYXlrp/jgavjga/mipXos4fjgpLmg5zjgZfjgoDjgZPjgajjgarjgY/ooYzjgarjgaPjgabjgYrjgorjgb7jgZnjgII8YnI+Cgo8dGFibGUgd2lkdGg9IjEwMCUiIGJvcmRlcj0iMCIgY2VsbHNwYWNpbmc9IjEiIGNlbGxwYWRkaW5nPSI1IiBiZ2NvbG9yPSIjQ0NDQ0NDIj4KPHRyPgo8dGggYmdjb2xvcj0iI0Y0RjRGNCIgd2lkdGg9IjI1JSI+44Oh44O844Kr44O85ZCNPEJSPu+8iOato+imj+i8uOWFpeS7o+eQhuW6l++8iTwvdGg+Cjx0ZCBiZ2NvbG9yPSIjRkZGRkZGIj7moKrlvI/kvJrnpL5HTeOCpOODs+OCv+ODvOODiuOCt+ODp+ODiuODqzwvdGQ+CjwvdHI+Cjx0cj4KPHRoIGJnY29sb3I9IiNGNEY0RjQiIHdpZHRoPSIyNSUiPuODluODqeODs+ODieWQjTwvdGg+Cjx0ZCBiZ2NvbG9yPSIjRkZGRkZGIj7jg5Xjg6zjg4fjg6rjg4Pjgq/jg7vjgrPjg7Pjgrnjgr/jg7Pjg4jvvIhGUkVERVJJUVVFIENPTlNUQU5U77yJPC90ZD4KPC90cj4KPHRyPgo8dGggYmdjb2xvcj0iI0Y0RjRGNCIgd2lkdGg9IjI1JSI+44Og44O844OW44Oh44Oz44OIPC90aD4KPHRkIGJnY29sb3I9IiNGRkZGRkYiPkZDLTk0Ne+8iOiHquekvuODoOODvOODtOODoeODs+ODiO+8ieiHquWLleW3u+OBjTwvdGQ+CjwvdHI+Cjx0cj4KPHRoIGJnY29sb3I9IiNGNEY0RjQiIHdpZHRoPSIyNSUiPue0oOadkDwvdGg+Cjx0ZCBiZ2NvbG9yPSIjRkZGRkZGIj4K44Kx44O844K577ya44K544OG44Oz44Os44K544K544OG44Kj44O844OrPGJyPgrjgqzjg6njgrnvvJrjgrXjg5XjgqHjgqTjgqLjgq/jg6rjgrnjgr/jg6s8YnI+CuODgOOCpOOCouODq++8muOCt+ODq+ODkOODvOOAgOOCruODp+ODvOOCt+OCpybjgrPjg7zjg4gg44OJIOOCuOODpeODjeODvOODluijhemjvjxicj4K44OQ44Oz44OJ77ya44Ki44Oq44Ky44O844K/44O8CjwvdGQ+CjwvdHI+Cjx0cj4KPHRoIGJnY29sb3I9IiNGNEY0RjQiIHdpZHRoPSIyNSUiPuOCteOCpOOCujwvdGg+Cjx0ZCBiZ2NvbG9yPSIjRkZGRkZGIj4K44Kx44O844K55b6E77yaNDJtbTxicj4KPC90ZD4KPC90cj4KPHRyPgo8dGggYmdjb2xvcj0iI0Y0RjRGNCIgd2lkdGg9IjI1JSI+6YeN6YePPC90aD4KPHRkIGJnY29sb3I9IiNGRkZGRkYiPi08L3RkPgo8L3RyPgo8dHI+Cjx0aCBiZ2NvbG9yPSIjRjRGNEY0IiB3aWR0aD0iMjUlIj7pmLLmsLTmgKc8L3RoPgo8dGQgYmdjb2xvcj0iI0ZGRkZGRiI+M+awl+Wcp+mYsuawtDwvdGQ+CjwvdHI+Cjx0cj4KPHRoIGJnY29sb3I9IiNGNEY0RjQiIHdpZHRoPSIyNSUiPuOBneOBruS7lueJueW+tDwvdGg+Cjx0ZCBiZ2NvbG9yPSIjRkZGRkZGIj4K44K344Oq44K344Km44Og6KO944Ks44Oz44Kt6LuKPGJyPgrjg5Hjg6/jg7zjg6rjgrbjg7zjg5Y0MuaZgumWkzxicj4K44Kz44O844OI44OJ44K444Ol44ON44O844OWJuODmuODq+ODqeODvOOCuOODpeijhemjvjxicj4K44Og44O844Oz44OV44Kn44Kk44K6PGJyPgrjg4/jg7zjg4jjg5Pjg7zjg4g8YnI+CuaZguOAgeWIhuOAgTI05pmC6ZaT6KiIPGJyPgrjg53jgqTjg7Pjgr/jg7zjg4fjgqTjg4gKPC90ZD4KPC90cj4KPHRyPgo8dGggYmdjb2xvcj0iI0Y0RjRGNCIgd2lkdGg9IjI1JSI+44K144Kk44K66Kq/5pW044Gr44Gk44GE44GmPC90aD4KPHRkIGJnY29sb3I9IiNGRkZGRkYiPgrpnanjg5Djg7Pjg4njgavjgaTjgY3jgIHjgrXjgqTjgrroqr/mlbTjga/jgYrjgZPjgarjgaPjgabjgYrjgorjgb7jgZvjgpPjgIIKPC90ZD4KPC90cj4KPHRyPgo8dGggYmdjb2xvcj0iI0Y0RjRGNCIgd2lkdGg9IjI1JSI+5L+d6Ki85pyf6ZaTPC90aD4KPHRkIGJnY29sb3I9IiNGRkZGRkYiPuODoeODvOOCq+ODvOS/neiovDLlubQ8YnI+CuOBiuiyt+OBhOS4iuOBkuOBruaZguioiOOBjOOAgeWPluOCiuaJseOBhOiqrOaYjuabuOOBq+ayv+OBo+OBn+ato+W4uOOBquS9v+eUqOeKtuaFi+OBp+aVhemanOOBl+OBn+WgtOWQiOOAgeWPluOCiuaJseOBhOiqrOaYjuabuOOBruiomOi8ieWGheWuueOBruevhOWbsuOBp+OAgeS/neiovOacn+mWk+OBq+mZkOOCiuOAgeeEoeWEn+S/rueQhuiHtOOBl+OBvuOBmeOAgjwvdGQ+CjwvdHI+CjwvdGFibGU+Cgo8YnI+PGZvbnQgY29sb3I9IiNjYzAwMDA7Ij7jgJDjgZTms6jmhI/jgJHlvZPlupfjgYvjgonjga7ov5Tkv6Hjg6Hjg7zjg6vjgYzlsYrjgY3jgb7jgZvjgpPvvIHjg4njg6HjgqTjg7Pop6PpmaTjgpLlv5jjgozjgZrjgavvvIE8L2ZvbnQ+Cjxicj7vvJzlnKjluqvjgavjgaTjgYTjgabvvJ7ml6XjgIXjga7lnKjluqvlpInli5XjgavjgojjgorjgIHnqIDjgavllYblk4Hnorrkv53lh7rmnaXjgarjgYTkuovjgoLjgZTjgZbjgYTjgb7jgZnjgILkuojjgoHjgZTkuobmib/jgY/jgaDjgZXjgYTjgII8YnI+PGJyPjxicj48aW1nIHNyYz0iaHR0cDovL2ltYWdlLnJha3V0ZW4uY28uanAvZ3N4L2NhYmluZXQvbWVyaXQyMDE3MDEuZ2lmIiBhbHQ9Iuato+imj+iyqeWjsuW6l+OBruODoeODquODg+ODiCIgd2lkdGg9IjEwMCUiPjxicj48YnI+PGltZyBzcmM9Imh0dHA6Ly9pbWFnZS5yYWt1dGVuLmNvLmpwL2dzeC9jYWJpbmV0L3NsX3NwLmdpZiIgd2lkdGg9IjEwMCUiIGFsdD0i44K344On44OD44OU44Oz44Kw44Ot44O844Oz44Oq44Oz44KvIj48YnI+,44OV44Os44OH44Oq44OD44Kv44Kz44Oz44K544K/44Oz44OIIOOCt+ODp+ODg+ODlOODs+OCsOODreODvOODs+eEoemHkeWIqeWvvuixoeWTgeODleODrOODh+ODquODg+OCryDjgrPjg7Pjgrnjgr/jg7Pjg4hbRlJFREVSSVFVRSBDT05TVEFOVF3jg4/jg7zjg4jjg5Pjg7zjg4gg44Oe44OL44Ol44OV44Kh44Kv44OB44Ol44O844OrW0hFQVJUQkVBVF1GQy05NDVNQzRINuODoeODs+OCuuOAkOiFleaZguioiCDmmYLoqIjjgJHjgJDjgq7jg5Xjg4gg44OX44Os44K844Oz44OI44CR77yaVEhFIFdBVENIIFNIT1Au,44Kq44OD44K944Kk44K/44Oq44Kj44Ko44OJ44OD44Kv44K544Kw44Op44Oz44OJ44K744Kk44Kz44O844Ki44K544OI44Ot44Oz44Kr44Oz44OR44OO44Op44K444O844K344On44OD44KvRy1TSE9DS+ODluODreODvOODkOODmeODvOODquODs+OCsOOCueOCq+ODvOOCsuODs+ODleODrOODh+ODquODg+OCr+ODu+OCs+ODs+OCueOCv+ODs+ODiOODhOODouODquODgeOCteODiOODn+ODiuOCu+OCu+OCpOOCs+ODvOOCq+OCt+OCqkdTWOWIhuWJsuaJi+aVsOaWmeeEoeaWmeOCt+ODp+ODg+ODlOODs+OCsOODreODvOODs+eEoemHkeWIqXRoZSB3YXRjaCBzaG9w6IWV5pmC6KiI44OV44Os44OH44Oq44OD44Kv44Kz44Oz44K544K/44Oz44OIIOOCt+ODp+ODg+ODlOODs+OCsOODreODvOODs+eEoemHkeWIqeWvvuixoeWTgeODleODrOODh+ODquODg+OCryDjgrPjg7Pjgrnjgr/jg7Pjg4hbRlJFREVSSVFVRSBDT05TVEFOVF3jg4/jg7zjg4jjg5Pjg7zjg4gg44Oe44OL44Ol44OV44Kh44Kv44OB44Ol44O844OrW0hFQVJUQkVBVF1GQy05NDVNQzRINuODoeODs+OCuuOAkOiFleaZguioiCDmmYLoqIjjgJHjgJDjgq7jg5Xjg4gg44OX44Os44K844Oz44OI44CR,5q2j6KaP5ZOBL+ODleODrOODh+ODquODg+OCryDjgrPjg7Pjgrnjgr/jg7Pjg4gvRkMtOTQ1TUM0SDbjgILjg5Xjg6zjg4fjg6rjg4Pjgq/jgrPjg7Pjgrnjgr/jg7Pjg4gg44K344On44OD44OU44Oz44Kw44Ot44O844Oz54Sh6YeR5Yip5a++6LGh5ZOB44OV44Os44OH44Oq44OD44KvIOOCs+ODs+OCueOCv+ODs+ODiFtGUkVERVJJUVVFIENPTlNUQU5UXeODj+ODvOODiOODk+ODvOODiCDjg57jg4vjg6Xjg5XjgqHjgq/jg4Hjg6Xjg7zjg6tbSEVBUlRCRUFUXUZDLTk0NU1DNEg244Oh44Oz44K644CQ6IWV5pmC6KiIIOaZguioiOOAkeOAkOOCruODleODiCDjg5fjg6zjgrzjg7Pjg4jjgJE=[rn]
16-122068,aHR0cDovL3RzaG9wLnIxMHMuanAvZ3N4L2NhYmluZXQvZnJlZGVyaXF1ZS9zZWlraS9mcmQtMDU2LmpwZz9maXRpbj03MDA6NzAw,NDU3OTIwLjAwMDA=,,6IWV5pmC6KiIID4g44Oh44Oz44K66IWV5pmC6KiI,44OV44Os44OH44Oq44OD44Kv44Kz44Oz44K544K/44Oz44OIIOOCt+ODp+ODg+ODlOODs+OCsOODreODvOODs+eEoemHkeWIqeWvvuixoeWTgeODleODrOODh+ODquODg+OCryDjgrPjg7Pjgrnjgr/jg7Pjg4hbRlJFREVSSVFVRSBDT05TVEFOVF3jgq/jg6njgrfjg4Pjgq8g44Oe44OL44Ol44OV44Kh44Kv44OB44Ol44O844OrW0NMQVNTSUNdRkMtNzE1VjRINOODoeODs+OCuuOAkOiFleaZguioiCDmmYLoqIjjgJHjgJDjgq7jg5Xjg4gg44OX44Os44K844Oz44OI44CR,5q2j6KaP5ZOBL+ODleODrOODh+ODquODg+OCryDjgrPjg7Pjgrnjgr/jg7Pjg4gvRkMtNzE1VjRINA==,PHRhYmxlIHdpZHRoPSIxMDAlIiBib3JkZXI9IjEiIGNlbGxzcGFjaW5nPSIxIiBib3JkZXJjb2xvcj0iI0NDMDAwMCIgY2VsbHBhZGRpbmc9IjEwIj4KPHRyPgo8dGQ+Cjxmb250IGNvbG9yPSIjY2MwMDAwOyI+77yc5Zyo5bqr44Gr6Zai44GX44Gm77yePC9mb250PuWPluOCiuWvhOOBm+WVhuWTgeOBruWgtOWQiOOBr+OAgeOBlOazqOaWh+eiuuiqjeW+jOODoeODvOOCq+ODvOWcqOW6q+eiuuiqjeOBqOOBquOCiuOBvuOBmeOAggrml6XjgIXjga7lnKjluqvlpInli5XjgavjgojjgorjgIHjgZTluIzmnJvjgavmt7vjgYjjgarjgYTlj6/og73mgKfjgoLjgZTjgZbjgYTjgb7jgZnjgII8YnI+5b2T5bqX44GL44KJ44Gu5Zyo5bqr5pyJ54Sh44Gu44Oh44O844Or44Gu6L+U5L+h44KS5b+F44Ga44GU56K66KqN44GP44Gg44GV44GE44CCPGJyPgo8Zm9udCBjb2xvcj0iI2NjMDAwMDsiPuOAkOOBlOazqOaEj+OAkTwvZm9udD7lvZPlupfjgYvjgonjga7ov5Tkv6Hjg6Hjg7zjg6vjgYzlsYrjgY3jgb7jgZvjgpPvvIE8YnI+44OJ44Oh44Kk44Oz6Kej6Zmk44KS5b+Y44KM44Ga44Gr77yBPC90ZD4KPC90cj4KPC90YWJsZT4KPGJyPjxpbWcgc3JjPSJodHRwOi8vaW1hZ2UucmFrdXRlbi5jby5qcC9nc3gvY2FiaW5ldC9mcmVkZXJpcXVlL2ZyZV8xNDEyMTYuanBnIiB3aWR0aD0iMTAwJSIgYWx0PSLjg5Xjg6zjg4fjg6rjg4Pjgq8g44Kz44Oz44K544K/44Oz44OILEZSRURFUklRVUUgQ09OU1RBTlQiPgoK4peP44OV44Os44OH44Oq44OD44KvIOOCs+ODs+OCueOCv+ODs+ODiOOBqOOBr++8nzxicj4K44OV44Os44OH44Oq44OD44Kv44O744Kz44Oz44K544K/44Oz44OI44Gv44CB44K544Kk44K544O744K444Ol44ON44O844OW44KS5pys5oug5Zyw44Go44GZ44KL44K544Kk44K544Gu44Oe44OL44Ol44OV44Kh44Kv44OB44Ol44O844Or5pmC6KiI44Oh44O844Kr44O844Gn44GZ44CC44OH44K244Kk44Oz44Gu56uL44Gh5LiK44GS44GL44KJ44Og44O844OW44Oh44Oz44OI44KS5Yid44KB44Go44GZ44KL6YOo5ZOB44KE57WE44G/56uL44Gm44Gr6Iez44KL44G+44Gn44CB5YWo44Gm5LiA6LKr44GX44Gm6Ieq56S+44Gn6KGM44Gj44Gm44GE44KL44K544Kk44K544Gn44KC5pWw5bCR44Gq44GE44Oh44O844Kr44O844Gn44GZ44CCPGJyPgoKCjxpbWcgc3JjPSJodHRwOi8vaW1hZ2UucmFrdXRlbi5jby5qcC9nc3gvY2FiaW5ldC9mcmVkZXJpcXVlL2ZyZV8xNDEyMTZfMDIuanBnIiB3aWR0aD0iMTAwJSIgYWx0PSLjg5Xjg6zjg4fjg6rjg4Pjgq8g44Kz44Oz44K544K/44Oz44OILEZSRURFUklRVUUgQ09OU1RBTlQiPjxicj4K4pePUVVBTElUWS/nlJ/nlKPjgajlk4Hos6rnrqHnkIY8YnI+CuOCueOCpOOCueOAgeOCuOODpeODjeODvOODluOBq+OBguOCi+ODleODrOODh+ODquODg+OCr+ODu+OCs+ODs+OCueOCv+ODs+ODiOOBruW3peWgtOOBp+OBr+OAgeODh+OCtuOCpOODs+OChOioreioiOOBi+OCieacgOe1gue1hOeri+OBpuOBvuOBp+OCkuS4gOiyq+OBl+OBpuihjOOBquOBo+OBpuOBiuOCiuOAgeaZguioiOOBsuOBqOOBpOOBsuOBqOOBpOOBq+aEm+aDheOCkui+vOOCgeOBpuS9nOOBo+OBpuOBhOOBvuOBmeOAgjE5ODjlubTlibXmpa3jga7oi6XjgYTmmYLoqIjjg5bjg6njg7Pjg4njgarjgYzjgonjgIHjgrnjgqTjgrnjga7mlbDlsJHjgarjgYTjg57jg4vjg6Xjg5XjgqHjgq/jg4Hjg6Xjg7zjg6vjg5bjg6njg7Pjg4njgajjgZfjgabnnYDjgIXjgajmiJDplbfjgpLpgYLjgZLjgabjgYTjgb7jgZnjgILmpa3nuL7jga/lj7PogqnkuIrjgYzjgorjgafjgIHnlJ/nlKPmnKzmlbDjgoLmr47lubTlopfjgYjntprjgZHjgabjgYTjgb7jgZnjgYzjgIHnlJ/nlKPlirnnjofjga7lkJHkuIrjgajjgajjgoLjgavlk4Hos6rnrqHnkIbjgavjgoLnibnjgavlipvjgpLms6jjgY7jgIHlopfnlKPjgavjgojjgovjgq/jgqrjg6rjg4bjgqPjga7kvY7kuIvjgYzotbfjgZPjgovkuovjgYznhKHjgYTjgojjgYbntLDlv4Pjga7ms6jmhI/jgpLmiZXjgaPjgabjgYTjgb7jgZnjgILmp5jjgIXjgarmnIDmlrDpi63jga7mqZ/mnZDjga7lsI7lhaXjgoTjgIHoh6rnpL7oo73lk4HjgavpganjgZfjgZ/jgqrjg6rjgrjjg4rjg6vjga7oo4Xnva7jga7plovnmbrjga/jgIHjgojjgorpq5jlk4Hos6rjgafkv6HpoLzjga7jgYrjgZHjgovmmYLoqIjjgpLjgYrlsYrjgZHjgZnjgovjgZ/jgoHjgavjga/jg57jgrnjg4jjgafjgYLjgovjgajogIPjgYjjgIHjgZ3jgozjgonjga7lhYXlrp/jgavjga/mipXos4fjgpLmg5zjgZfjgoDjgZPjgajjgarjgY/ooYzjgarjgaPjgabjgYrjgorjgb7jgZnjgII8YnI+Cgo8dGFibGUgd2lkdGg9IjEwMCUiIGJvcmRlcj0iMCIgY2VsbHNwYWNpbmc9IjEiIGNlbGxwYWRkaW5nPSI1IiBiZ2NvbG9yPSIjQ0NDQ0NDIj4KPHRyPgo8dGggYmdjb2xvcj0iI0Y0RjRGNCIgd2lkdGg9IjI1JSI+44Oh44O844Kr44O85ZCNPEJSPu+8iOato+imj+i8uOWFpeS7o+eQhuW6l++8iTwvdGg+Cjx0ZCBiZ2NvbG9yPSIjRkZGRkZGIj7moKrlvI/kvJrnpL5HTeOCpOODs+OCv+ODvOODiuOCt+ODp+ODiuODqzwvdGQ+CjwvdHI+Cjx0cj4KPHRoIGJnY29sb3I9IiNGNEY0RjQiIHdpZHRoPSIyNSUiPuODluODqeODs+ODieWQjTwvdGg+Cjx0ZCBiZ2NvbG9yPSIjRkZGRkZGIj7jg5Xjg6zjg4fjg6rjg4Pjgq/jg7vjgrPjg7Pjgrnjgr/jg7Pjg4jvvIhGUkVERVJJUVVFIENPTlNUQU5U77yJPC90ZD4KPC90cj4KPHRyPgo8dGggYmdjb2xvcj0iI0Y0RjRGNCIgd2lkdGg9IjI1JSI+44Og44O844OW44Oh44Oz44OIPC90aD4KPHRkIGJnY29sb3I9IiNGRkZGRkYiPkZDLTcxNe+8iOiHquekvuODoOODvOODtOODoeODs+ODiO+8ieiHquWLleW3u+OBjTwvdGQ+CjwvdHI+Cjx0cj4KPHRoIGJnY29sb3I9IiNGNEY0RjQiIHdpZHRoPSIyNSUiPue0oOadkDwvdGg+Cjx0ZCBiZ2NvbG9yPSIjRkZGRkZGIj4K44Kx44O844K577ya44Ot44O844K644K044O844Or44OJ44OX44Os44O844OI5Yqg5bel44K544OG44Oz44Os44K544K544OG44Kj44O844OrPGJyPgrjgqzjg6njgrnvvJrjg4njg7zjg6DlnovjgrXjg5XjgqHjgqTjgqLjgq/jg6rjgrnjgr/jg6s8YnI+CuODgOOCpOOCouODq++8muOCt+ODq+ODkOODvOOAgOODreODvOOCuuOCtOODvOODq+ODieWKoOW3peOBruOCouODl+ODqeOCpOODieOCpOODs+ODh+ODg+OCr+OCuTxicj4K44OQ44Oz44OJ77ya44Ki44Oq44Ky44O844K/44O8PC90ZD4KPC90cj4KPHRyPgo8dGggYmdjb2xvcj0iI0Y0RjRGNCIgd2lkdGg9IjI1JSI+44K144Kk44K6PC90aD4KPHRkIGJnY29sb3I9IiNGRkZGRkYiPgrjgrHjg7zjgrnlvoTvvJo0MC41bW08YnI+CjwvdGQ+CjwvdHI+Cjx0cj4KPHRoIGJnY29sb3I9IiNGNEY0RjQiIHdpZHRoPSIyNSUiPumHjemHjzwvdGg+Cjx0ZCBiZ2NvbG9yPSIjRkZGRkZGIj4tPC90ZD4KPC90cj4KPHRyPgo8dGggYmdjb2xvcj0iI0Y0RjRGNCIgd2lkdGg9IjI1JSI+6Ziy5rC05oCnPC90aD4KPHRkIGJnY29sb3I9IiNGRkZGRkYiPjPmsJflnKfpmLLmsLQ8L3RkPgo8L3RyPgo8dHI+Cjx0aCBiZ2NvbG9yPSIjRjRGNEY0IiB3aWR0aD0iMjUlIj7jgZ3jga7ku5bnibnlvrQ8L3RoPgo8dGQgYmdjb2xvcj0iI0ZGRkZGRiI+CjQy5pmC6ZaT44OR44Ov44O844Oq44K244O844OWPGJyPgrjg6Djg7zjg7Pjg5XjgqfjgqTjgro8YnI+CuODneOCpOODs+OCv+ODvOODh+OCpOODiAo8L3RkPgo8L3RyPgo8dHI+Cjx0aCBiZ2NvbG9yPSIjRjRGNEY0IiB3aWR0aD0iMjUlIj7jgrXjgqTjgrroqr/mlbTjgavjgaTjgYTjgaY8L3RoPgo8dGQgYmdjb2xvcj0iI0ZGRkZGRiI+CumdqeODkOODs+ODieOBq+OBpOOBjeOAgeOCteOCpOOCuuiqv+aVtOOBr+OBiuOBk+OBquOBo+OBpuOBiuOCiuOBvuOBm+OCk+OAggo8L3RkPgo8L3RyPgo8dHI+Cjx0aCBiZ2NvbG9yPSIjRjRGNEY0IiB3aWR0aD0iMjUlIj7kv53oqLzmnJ/plpM8L3RoPgo8dGQgYmdjb2xvcj0iI0ZGRkZGRiI+44Oh44O844Kr44O85L+d6Ki8MuW5tDxicj4K44GK6LK344GE5LiK44GS44Gu5pmC6KiI44GM44CB5Y+W44KK5omx44GE6Kqs5piO5pu444Gr5rK/44Gj44Gf5q2j5bi444Gq5L2/55So54q25oWL44Gn5pWF6Zqc44GX44Gf5aC05ZCI44CB5Y+W44KK5omx44GE6Kqs5piO5pu444Gu6KiY6LyJ5YaF5a6544Gu56+E5Zuy44Gn44CB5L+d6Ki85pyf6ZaT44Gr6ZmQ44KK44CB54Sh5YSf5L+u55CG6Ie044GX44G+44GZ44CCPC90ZD4KPC90cj4KPC90YWJsZT4KCjxicj48Zm9udCBjb2xvcj0iI2NjMDAwMDsiPuOAkOOBlOazqOaEj+OAkeW9k+W6l+OBi+OCieOBrui/lOS/oeODoeODvOODq+OBjOWxiuOBjeOBvuOBm+OCk++8geODieODoeOCpOODs+ino+mZpOOCkuW/mOOCjOOBmuOBq++8gTwvZm9udD4KPGJyPu+8nOWcqOW6q+OBq+OBpOOBhOOBpu+8nuaXpeOAheOBruWcqOW6q+WkieWLleOBq+OCiOOCiuOAgeeogOOBq+WVhuWTgeeiuuS/neWHuuadpeOBquOBhOS6i+OCguOBlOOBluOBhOOBvuOBmeOAguS6iOOCgeOBlOS6huaJv+OBj+OBoOOBleOBhOOAgjxicj48YnI+PGJyPjxpbWcgc3JjPSJodHRwOi8vaW1hZ2UucmFrdXRlbi5jby5qcC9nc3gvY2FiaW5ldC9tZXJpdDIwMTcwMS5naWYiIGFsdD0i5q2j6KaP6LKp5aOy5bqX44Gu44Oh44Oq44OD44OIIiB3aWR0aD0iMTAwJSI+PGJyPjxicj48aW1nIHNyYz0iaHR0cDovL2ltYWdlLnJha3V0ZW4uY28uanAvZ3N4L2NhYmluZXQvc2xfc3AuZ2lmIiB3aWR0aD0iMTAwJSIgYWx0PSLjgrfjg6fjg4Pjg5Tjg7PjgrDjg63jg7zjg7Pjg6rjg7Pjgq8iPjxicj4=,44OV44Os44OH44Oq44OD44Kv44Kz44Oz44K544K/44Oz44OIIOOCt+ODp+ODg+ODlOODs+OCsOODreODvOODs+eEoemHkeWIqeWvvuixoeWTgeODleODrOODh+ODquODg+OCryDjgrPjg7Pjgrnjgr/jg7Pjg4hbRlJFREVSSVFVRSBDT05TVEFOVF3jgq/jg6njgrfjg4Pjgq8g44Oe44OL44Ol44OV44Kh44Kv44OB44Ol44O844OrW0NMQVNTSUNdRkMtNzE1VjRINOODoeODs+OCuuOAkOiFleaZguioiCDmmYLoqIjjgJHjgJDjgq7jg5Xjg4gg44OX44Os44K844Oz44OI44CR77yaVEhFIFdBVENIIFNIT1Au,44Kq44OD44K944Kk44K/44Oq44Kj44Ko44OJ44OD44Kv44K544Kw44Op44Oz44OJ44K744Kk44Kz44O844Ki44K544OI44Ot44Oz44Kr44Oz44OR44OO44Op44K444O844K344On44OD44KvRy1TSE9DS+ODluODreODvOODkOODmeODvOODquODs+OCsOOCueOCq+ODvOOCsuODs+ODleODrOODh+ODquODg+OCr+ODu+OCs+ODs+OCueOCv+ODs+ODiOODhOODouODquODgeOCteODiOODn+ODiuOCu+OCu+OCpOOCs+ODvOOCq+OCt+OCqkdTWOWIhuWJsuaJi+aVsOaWmeeEoeaWmeOCt+ODp+ODg+ODlOODs+OCsOODreODvOODs+eEoemHkeWIqXRoZSB3YXRjaCBzaG9w6IWV5pmC6KiI44OV44Os44OH44Oq44OD44Kv44Kz44Oz44K544K/44Oz44OIIOOCt+ODp+ODg+ODlOODs+OCsOODreODvOODs+eEoemHkeWIqeWvvuixoeWTgeODleODrOODh+ODquODg+OCryDjgrPjg7Pjgrnjgr/jg7Pjg4hbRlJFREVSSVFVRSBDT05TVEFOVF3jgq/jg6njgrfjg4Pjgq8g44Oe44OL44Ol44OV44Kh44Kv44OB44Ol44O844OrW0NMQVNTSUNdRkMtNzE1VjRINOODoeODs+OCuuOAkOiFleaZguioiCDmmYLoqIjjgJHjgJDjgq7jg5Xjg4gg44OX44Os44K844Oz44OI44CR,5q2j6KaP5ZOBL+ODleODrOODh+ODquODg+OCryDjgrPjg7Pjgrnjgr/jg7Pjg4gvRkMtNzE1VjRINOOAguODleODrOODh+ODquODg+OCr+OCs+ODs+OCueOCv+ODs+ODiCDjgrfjg6fjg4Pjg5Tjg7PjgrDjg63jg7zjg7PnhKHph5HliKnlr77osaHlk4Hjg5Xjg6zjg4fjg6rjg4Pjgq8g44Kz44Oz44K544K/44Oz44OIW0ZSRURFUklRVUUgQ09OU1RBTlRd44Kv44Op44K344OD44KvIOODnuODi+ODpeODleOCoeOCr+ODgeODpeODvOODq1tDTEFTU0lDXUZDLTcxNVY0SDTjg6Hjg7PjgrrjgJDohZXmmYLoqIgg5pmC6KiI44CR44CQ44Ku44OV44OIIOODl+ODrOOCvOODs+ODiOOAkQ==[rn]
16-122069,aHR0cDovL3RzaG9wLnIxMHMuanAvZ3N4L2NhYmluZXQvZnJlZGVyaXF1ZS9zZWlraS9mcmQtMDU1LmpwZz9maXRpbj03MDA6NzAw,MzU0MjQwLjAwMDA=,,6IWV5pmC6KiIID4g44Oh44Oz44K66IWV5pmC6KiI,44OV44Os44OH44Oq44OD44Kv44Kz44Oz44K544K/44Oz44OIIOOCt+ODp+ODg+ODlOODs+OCsOODreODvOODs+eEoemHkeWIqeWvvuixoeWTgeODleODrOODh+ODquODg+OCryDjgrPjg7Pjgrnjgr/jg7Pjg4hbRlJFREVSSVFVRSBDT05TVEFOVF3jgrnjg6rjg6Djg6njgqTjg7Mg44Oe44OL44Ol44OV44Kh44Kv44OB44Ol44O844OrIFtTTElNIExJTkVdIEZDLTcwNU40UzZC44Oh44Oz44K644CQ6IWV5pmC6KiIIOaZguioiOOAkeOAkOOCruODleODiCDjg5fjg6zjgrzjg7Pjg4jjgJE=,5q2j6KaP5ZOBL+ODleODrOODh+ODquODg+OCryDjgrPjg7Pjgrnjgr/jg7Pjg4gvRkMtNzA1TjRTNkI=,PHRhYmxlIHdpZHRoPSIxMDAlIiBib3JkZXI9IjEiIGNlbGxzcGFjaW5nPSIxIiBib3JkZXJjb2xvcj0iI0NDMDAwMCIgY2VsbHBhZGRpbmc9IjEwIj4KPHRyPgo8dGQ+Cjxmb250IGNvbG9yPSIjY2MwMDAwOyI+77yc5Zyo5bqr44Gr6Zai44GX44Gm77yePC9mb250PuWPluOCiuWvhOOBm+WVhuWTgeOBruWgtOWQiOOBr+OAgeOBlOazqOaWh+eiuuiqjeW+jOODoeODvOOCq+ODvOWcqOW6q+eiuuiqjeOBqOOBquOCiuOBvuOBmeOAggrml6XjgIXjga7lnKjluqvlpInli5XjgavjgojjgorjgIHjgZTluIzmnJvjgavmt7vjgYjjgarjgYTlj6/og73mgKfjgoLjgZTjgZbjgYTjgb7jgZnjgII8YnI+5b2T5bqX44GL44KJ44Gu5Zyo5bqr5pyJ54Sh44Gu44Oh44O844Or44Gu6L+U5L+h44KS5b+F44Ga44GU56K66KqN44GP44Gg44GV44GE44CCPGJyPgo8Zm9udCBjb2xvcj0iI2NjMDAwMDsiPuOAkOOBlOazqOaEj+OAkTwvZm9udD7lvZPlupfjgYvjgonjga7ov5Tkv6Hjg6Hjg7zjg6vjgYzlsYrjgY3jgb7jgZvjgpPvvIE8YnI+44OJ44Oh44Kk44Oz6Kej6Zmk44KS5b+Y44KM44Ga44Gr77yBPC90ZD4KPC90cj4KPC90YWJsZT4KPGJyPjxpbWcgc3JjPSJodHRwOi8vaW1hZ2UucmFrdXRlbi5jby5qcC9nc3gvY2FiaW5ldC9mcmVkZXJpcXVlL2ZyZV8xNDEyMTYuanBnIiB3aWR0aD0iMTAwJSIgYWx0PSLjg5Xjg6zjg4fjg6rjg4Pjgq8g44Kz44Oz44K544K/44Oz44OILEZSRURFUklRVUUgQ09OU1RBTlQiPgoK4peP44OV44Os44OH44Oq44OD44KvIOOCs+ODs+OCueOCv+ODs+ODiOOBqOOBr++8nzxicj4K44OV44Os44OH44Oq44OD44Kv44O744Kz44Oz44K544K/44Oz44OI44Gv44CB44K544Kk44K544O744K444Ol44ON44O844OW44KS5pys5oug5Zyw44Go44GZ44KL44K544Kk44K544Gu44Oe44OL44Ol44OV44Kh44Kv44OB44Ol44O844Or5pmC6KiI44Oh44O844Kr44O844Gn44GZ44CC44OH44K244Kk44Oz44Gu56uL44Gh5LiK44GS44GL44KJ44Og44O844OW44Oh44Oz44OI44KS5Yid44KB44Go44GZ44KL6YOo5ZOB44KE57WE44G/56uL44Gm44Gr6Iez44KL44G+44Gn44CB5YWo44Gm5LiA6LKr44GX44Gm6Ieq56S+44Gn6KGM44Gj44Gm44GE44KL44K544Kk44K544Gn44KC5pWw5bCR44Gq44GE44Oh44O844Kr44O844Gn44GZ44CCPGJyPgoKCjxpbWcgc3JjPSJodHRwOi8vaW1hZ2UucmFrdXRlbi5jby5qcC9nc3gvY2FiaW5ldC9mcmVkZXJpcXVlL2ZyZV8xNDEyMTZfMDIuanBnIiB3aWR0aD0iMTAwJSIgYWx0PSLjg5Xjg6zjg4fjg6rjg4Pjgq8g44Kz44Oz44K544K/44Oz44OILEZSRURFUklRVUUgQ09OU1RBTlQiPjxicj4K4pePUVVBTElUWS/nlJ/nlKPjgajlk4Hos6rnrqHnkIY8YnI+CuOCueOCpOOCueOAgeOCuOODpeODjeODvOODluOBq+OBguOCi+ODleODrOODh+ODquODg+OCr+ODu+OCs+ODs+OCueOCv+ODs+ODiOOBruW3peWgtOOBp+OBr+OAgeODh+OCtuOCpOODs+OChOioreioiOOBi+OCieacgOe1gue1hOeri+OBpuOBvuOBp+OCkuS4gOiyq+OBl+OBpuihjOOBquOBo+OBpuOBiuOCiuOAgeaZguioiOOBsuOBqOOBpOOBsuOBqOOBpOOBq+aEm+aDheOCkui+vOOCgeOBpuS9nOOBo+OBpuOBhOOBvuOBmeOAgjE5ODjlubTlibXmpa3jga7oi6XjgYTmmYLoqIjjg5bjg6njg7Pjg4njgarjgYzjgonjgIHjgrnjgqTjgrnjga7mlbDlsJHjgarjgYTjg57jg4vjg6Xjg5XjgqHjgq/jg4Hjg6Xjg7zjg6vjg5bjg6njg7Pjg4njgajjgZfjgabnnYDjgIXjgajmiJDplbfjgpLpgYLjgZLjgabjgYTjgb7jgZnjgILmpa3nuL7jga/lj7PogqnkuIrjgYzjgorjgafjgIHnlJ/nlKPmnKzmlbDjgoLmr47lubTlopfjgYjntprjgZHjgabjgYTjgb7jgZnjgYzjgIHnlJ/nlKPlirnnjofjga7lkJHkuIrjgajjgajjgoLjgavlk4Hos6rnrqHnkIbjgavjgoLnibnjgavlipvjgpLms6jjgY7jgIHlopfnlKPjgavjgojjgovjgq/jgqrjg6rjg4bjgqPjga7kvY7kuIvjgYzotbfjgZPjgovkuovjgYznhKHjgYTjgojjgYbntLDlv4Pjga7ms6jmhI/jgpLmiZXjgaPjgabjgYTjgb7jgZnjgILmp5jjgIXjgarmnIDmlrDpi63jga7mqZ/mnZDjga7lsI7lhaXjgoTjgIHoh6rnpL7oo73lk4HjgavpganjgZfjgZ/jgqrjg6rjgrjjg4rjg6vjga7oo4Xnva7jga7plovnmbrjga/jgIHjgojjgorpq5jlk4Hos6rjgafkv6HpoLzjga7jgYrjgZHjgovmmYLoqIjjgpLjgYrlsYrjgZHjgZnjgovjgZ/jgoHjgavjga/jg57jgrnjg4jjgafjgYLjgovjgajogIPjgYjjgIHjgZ3jgozjgonjga7lhYXlrp/jgavjga/mipXos4fjgpLmg5zjgZfjgoDjgZPjgajjgarjgY/ooYzjgarjgaPjgabjgYrjgorjgb7jgZnjgII8YnI+Cgo8dGFibGUgd2lkdGg9IjEwMCUiIGJvcmRlcj0iMCIgY2VsbHNwYWNpbmc9IjEiIGNlbGxwYWRkaW5nPSI1IiBiZ2NvbG9yPSIjQ0NDQ0NDIj4KPHRyPgo8dGggYmdjb2xvcj0iI0Y0RjRGNCIgd2lkdGg9IjI1JSI+44Oh44O844Kr44O85ZCNPEJSPu+8iOato+imj+i8uOWFpeS7o+eQhuW6l++8iTwvdGg+Cjx0ZCBiZ2NvbG9yPSIjRkZGRkZGIj7moKrlvI/kvJrnpL5HTeOCpOODs+OCv+ODvOODiuOCt+ODp+ODiuODqzwvdGQ+CjwvdHI+Cjx0cj4KPHRoIGJnY29sb3I9IiNGNEY0RjQiIHdpZHRoPSIyNSUiPuODluODqeODs+ODieWQjTwvdGg+Cjx0ZCBiZ2NvbG9yPSIjRkZGRkZGIj7jg5Xjg6zjg4fjg6rjg4Pjgq/jg7vjgrPjg7Pjgrnjgr/jg7Pjg4jvvIhGUkVERVJJUVVFIENPTlNUQU5U77yJPC90ZD4KPC90cj4KPHRyPgo8dGggYmdjb2xvcj0iI0Y0RjRGNCIgd2lkdGg9IjI1JSI+44Og44O844OW44Oh44Oz44OIPC90aD4KPHRkIGJnY29sb3I9IiNGRkZGRkYiPkZDLTcwM++8iOiHquekvuODoOODvOODtOODoeODs+ODiO+8ieiHquWLleW3u+OBjSwyNuefszwvdGQ+CjwvdHI+Cjx0cj4KPHRoIGJnY29sb3I9IiNGNEY0RjQiIHdpZHRoPSIyNSUiPue0oOadkDwvdGg+Cjx0ZCBiZ2NvbG9yPSIjRkZGRkZGIj4K44Kx44O844K577ya44K544OG44Oz44Os44K544K544OG44Kj44O844OrPGJyPgrjgqzjg6njgrnvvJrjg4njg7zjg6DlnovjgrXjg5XjgqHjgqTjgqLjgq/jg6rjgrnjgr/jg6s8YnI+CuODgOOCpOOCouODq++8muODjeOCpOODk+ODvDxicj4K44OQ44Oz44OJ77ya44K544OG44Oz44Os44K544K544OG44Kj44O844OrPC90ZD4KPC90cj4KPHRyPgo8dGggYmdjb2xvcj0iI0Y0RjRGNCIgd2lkdGg9IjI1JSI+44K144Kk44K6PC90aD4KPHRkIGJnY29sb3I9IiNGRkZGRkYiPgrjgrHjg7zjgrnlvoTvvJo0Mi4wbW08YnI+CjwvdGQ+CjwvdHI+Cjx0cj4KPHRoIGJnY29sb3I9IiNGNEY0RjQiIHdpZHRoPSIyNSUiPumHjemHjzwvdGg+Cjx0ZCBiZ2NvbG9yPSIjRkZGRkZGIj4tPC90ZD4KPC90cj4KPHRyPgo8dGggYmdjb2xvcj0iI0Y0RjRGNCIgd2lkdGg9IjI1JSI+6Ziy5rC05oCnPC90aD4KPHRkIGJnY29sb3I9IiNGRkZGRkYiPjPmsJflnKfpmLLmsLQ8L3RkPgo8L3RyPgo8dHI+Cjx0aCBiZ2NvbG9yPSIjRjRGNEY0IiB3aWR0aD0iMjUlIj7jgZ3jga7ku5bnibnlvrQ8L3RoPgo8dGQgYmdjb2xvcj0iI0ZGRkZGRiI+CjQy5pmC6ZaT44OR44Ov44O844Oq44K244O844OWPGJyPgrjg5rjg6vjg6njg7zjgrjjg6Um44K144O844Kt44Ol44Op44O844Kz44O844OI44O744OJ44O744K444Ol44ON44O844OW6KOF6aO+PGJyPgrjg6Djg7zjg7Pjg5XjgqfjgqTjgro8YnI+CuODneOCpOODs+OCv+ODvOODh+OCpOODiDxicj4K44K344O844K544Or44O844Kx44O844K544OQ44OD44KvCjwvdGQ+CjwvdHI+Cjx0cj4KPHRoIGJnY29sb3I9IiNGNEY0RjQiIHdpZHRoPSIyNSUiPuOCteOCpOOCuuiqv+aVtOOBq+OBpOOBhOOBpjwvdGg+Cjx0ZCBiZ2NvbG9yPSIjRkZGRkZGIj7jgYrlrqLmp5jjga7jgZTluIzmnJvjgavjgojjgorjgIHjg5bjg6zjgrnjg6zjg4Pjg4jjga7jgrXjgqTjgrrjgpLoqr/mlbTjgZfjgZ/kuIrjgafjgIE8YnI+CuaZguioiOOCkuOBiuWxiuOBkeOBhOOBn+OBl+OBvuOBmeOAgijjgrXjgqTjgrroqr/mlbTnhKHmlpkpPGJyPgrmmYLoqIjjgpLoo4XnnYDjgZnjgovmiYvpppblm57jgorjga7plbfjgZXjgpLjg6Hjgrjjg6Pjg7zjgarjganjgafoqIjmuKzjgYTjgZ/jgaDjgY3jgIE8YnI+CuOBneOBrumVt+OBleOCkuOBlOazqOaWh+OBrumam+OBq+OBiuefpeOCieOBm+S4i+OBleOBhOOAgjxicj4K77yI44Kz44Oe44KS5aSW44GX44Gf5aC05ZCI44Gv44CB5aSW44GX44Gf44Kz44Oe44KC5pmC6KiI44Go5LiA57eS44Gr44GK6YCB44KK6Ie044GX44G+44GZ44CC77yJPGJyPgo8Zm9udCBjb2xvcj0iI2NjMDAwMDsiPuKAu+OCteOCpOOCuuOBruiqv+aVtOOCkuOBhOOBn+OBl+OBvuOBmeOBqOi/lOWTgeOAgeS6pOaPm+OBr+OBiuWPl+OBkeOBhOOBn+OBl+OBi+OBreOBvuOBmeOBruOBp+OBlOS6huaJv+S4i+OBleOBhOOAgjwvZm9udD4KPC90ZD4KPC90cj4KPHRyPgo8dGggYmdjb2xvcj0iI0Y0RjRGNCIgd2lkdGg9IjI1JSI+5L+d6Ki85pyf6ZaTPC90aD4KPHRkIGJnY29sb3I9IiNGRkZGRkYiPuODoeODvOOCq+ODvOS/neiovDLlubQ8YnI+CuOBiuiyt+OBhOS4iuOBkuOBruaZguioiOOBjOOAgeWPluOCiuaJseOBhOiqrOaYjuabuOOBq+ayv+OBo+OBn+ato+W4uOOBquS9v+eUqOeKtuaFi+OBp+aVhemanOOBl+OBn+WgtOWQiOOAgeWPluOCiuaJseOBhOiqrOaYjuabuOOBruiomOi8ieWGheWuueOBruevhOWbsuOBp+OAgeS/neiovOacn+mWk+OBq+mZkOOCiuOAgeeEoeWEn+S/rueQhuiHtOOBl+OBvuOBmeOAgjwvdGQ+CjwvdHI+CjwvdGFibGU+Cgo8YnI+PGZvbnQgY29sb3I9IiNjYzAwMDA7Ij7jgJDjgZTms6jmhI/jgJHlvZPlupfjgYvjgonjga7ov5Tkv6Hjg6Hjg7zjg6vjgYzlsYrjgY3jgb7jgZvjgpPvvIHjg4njg6HjgqTjg7Pop6PpmaTjgpLlv5jjgozjgZrjgavvvIE8L2ZvbnQ+Cjxicj7vvJzlnKjluqvjgavjgaTjgYTjgabvvJ7ml6XjgIXjga7lnKjluqvlpInli5XjgavjgojjgorjgIHnqIDjgavllYblk4Hnorrkv53lh7rmnaXjgarjgYTkuovjgoLjgZTjgZbjgYTjgb7jgZnjgILkuojjgoHjgZTkuobmib/jgY/jgaDjgZXjgYTjgII8YnI+PGJyPjxicj48aW1nIHNyYz0iaHR0cDovL2ltYWdlLnJha3V0ZW4uY28uanAvZ3N4L2NhYmluZXQvbWVyaXQyMDE3MDEuZ2lmIiBhbHQ9Iuato+imj+iyqeWjsuW6l+OBruODoeODquODg+ODiCIgd2lkdGg9IjEwMCUiPjxicj48YnI+PGltZyBzcmM9Imh0dHA6Ly9pbWFnZS5yYWt1dGVuLmNvLmpwL2dzeC9jYWJpbmV0L3NsX3NwLmdpZiIgd2lkdGg9IjEwMCUiIGFsdD0i44K344On44OD44OU44Oz44Kw44Ot44O844Oz44Oq44Oz44KvIj48YnI+,44OV44Os44OH44Oq44OD44Kv44Kz44Oz44K544K/44Oz44OIIOOCt+ODp+ODg+ODlOODs+OCsOODreODvOODs+eEoemHkeWIqeWvvuixoeWTgeODleODrOODh+ODquODg+OCryDjgrPjg7Pjgrnjgr/jg7Pjg4hbRlJFREVSSVFVRSBDT05TVEFOVF3jgrnjg6rjg6Djg6njgqTjg7Mg44Oe44OL44Ol44OV44Kh44Kv44OB44Ol44O844OrIFtTTElNIExJTkVdIEZDLTcwNU40UzZC44Oh44Oz44K644CQ6IWV5pmC6KiIIOaZguioiOOAkeOAkOOCruODleODiCDjg5fjg6zjgrzjg7Pjg4jjgJHvvJpUSEUgV0FUQ0ggU0hPUC4=,44Kq44OD44K944Kk44K/44Oq44Kj44Ko44OJ44OD44Kv44K544Kw44Op44Oz44OJ44K744Kk44Kz44O844Ki44K544OI44Ot44Oz44Kr44Oz44OR44OO44Op44K444O844K344On44OD44KvRy1TSE9DS+ODluODreODvOODkOODmeODvOODquODs+OCsOOCueOCq+ODvOOCsuODs+ODleODrOODh+ODquODg+OCr+ODu+OCs+ODs+OCueOCv+ODs+ODiOODhOODouODquODgeOCteODiOODn+ODiuOCu+OCu+OCpOOCs+ODvOOCq+OCt+OCqkdTWOWIhuWJsuaJi+aVsOaWmeeEoeaWmeOCt+ODp+ODg+ODlOODs+OCsOODreODvOODs+eEoemHkeWIqXRoZSB3YXRjaCBzaG9w6IWV5pmC6KiI44OV44Os44OH44Oq44OD44Kv44Kz44Oz44K544K/44Oz44OIIOOCt+ODp+ODg+ODlOODs+OCsOODreODvOODs+eEoemHkeWIqeWvvuixoeWTgeODleODrOODh+ODquODg+OCryDjgrPjg7Pjgrnjgr/jg7Pjg4hbRlJFREVSSVFVRSBDT05TVEFOVF3jgrnjg6rjg6Djg6njgqTjg7Mg44Oe44OL44Ol44OV44Kh44Kv44OB44Ol44O844OrIFtTTElNIExJTkVdIEZDLTcwNU40UzZC44Oh44Oz44K644CQ6IWV5pmC6KiIIOaZguioiOOAkeOAkOOCruODleODiCDjg5fjg6zjgrzjg7Pjg4jjgJE=,5q2j6KaP5ZOBL+ODleODrOODh+ODquODg+OCryDjgrPjg7Pjgrnjgr/jg7Pjg4gvRkMtNzA1TjRTNkLjgILjg5Xjg6zjg4fjg6rjg4Pjgq/jgrPjg7Pjgrnjgr/jg7Pjg4gg44K344On44OD44OU44Oz44Kw44Ot44O844Oz54Sh6YeR5Yip5a++6LGh5ZOB44OV44Os44OH44Oq44OD44KvIOOCs+ODs+OCueOCv+ODs+ODiFtGUkVERVJJUVVFIENPTlNUQU5UXeOCueODquODoOODqeOCpOODsyDjg57jg4vjg6Xjg5XjgqHjgq/jg4Hjg6Xjg7zjg6sgW1NMSU0gTElORV0gRkMtNzA1TjRTNkLjg6Hjg7PjgrrjgJDohZXmmYLoqIgg5pmC6KiI44CR44CQ44Ku44OV44OIIOODl+ODrOOCvOODs+ODiOOAkQ==[rn]
16-122070,aHR0cDovL3RzaG9wLnIxMHMuanAvZ3N4L2NhYmluZXQvZnJlZGVyaXF1ZS9zZWlraS9mcmQtMDU0LmpwZz9maXRpbj03MDA6NzAw,Mzk3NDQwLjAwMDA=,,6IWV5pmC6KiIID4g44Oh44Oz44K66IWV5pmC6KiI,44OV44Os44OH44Oq44OD44Kv44Kz44Oz44K544K/44Oz44OIIOOCt+ODp+ODg+ODlOODs+OCsOODreODvOODs+eEoemHkeWIqeWvvuixoeWTgeODleODrOODh+ODquODg+OCryDjgrPjg7Pjgrnjgr/jg7Pjg4hbRlJFREVSSVFVRSBDT05TVEFOVF3jgq/jg6njgrfjg4Pjgq8g44Oe44OL44Ol44OV44Kh44Kv44OB44Ol44O844OrW0NMQVNTSUNdRkMtNzE1UzRINiDjg6Hjg7PjgrrjgJDohZXmmYLoqIgg5pmC6KiI44CR44CQ44Ku44OV44OIIOODl+ODrOOCvOODs+ODiOOAkQ==,5q2j6KaP5ZOBL+ODleODrOODh+ODquODg+OCryDjgrPjg7Pjgrnjgr/jg7Pjg4gvRkMtNzE1UzRINg==,PHRhYmxlIHdpZHRoPSIxMDAlIiBib3JkZXI9IjEiIGNlbGxzcGFjaW5nPSIxIiBib3JkZXJjb2xvcj0iI0NDMDAwMCIgY2VsbHBhZGRpbmc9IjEwIj4KPHRyPgo8dGQ+Cjxmb250IGNvbG9yPSIjY2MwMDAwOyI+77yc5Zyo5bqr44Gr6Zai44GX44Gm77yePC9mb250PuWPluOCiuWvhOOBm+WVhuWTgeOBruWgtOWQiOOBr+OAgeOBlOazqOaWh+eiuuiqjeW+jOODoeODvOOCq+ODvOWcqOW6q+eiuuiqjeOBqOOBquOCiuOBvuOBmeOAggrml6XjgIXjga7lnKjluqvlpInli5XjgavjgojjgorjgIHjgZTluIzmnJvjgavmt7vjgYjjgarjgYTlj6/og73mgKfjgoLjgZTjgZbjgYTjgb7jgZnjgII8YnI+5b2T5bqX44GL44KJ44Gu5Zyo5bqr5pyJ54Sh44Gu44Oh44O844Or44Gu6L+U5L+h44KS5b+F44Ga44GU56K66KqN44GP44Gg44GV44GE44CCPGJyPgo8Zm9udCBjb2xvcj0iI2NjMDAwMDsiPuOAkOOBlOazqOaEj+OAkTwvZm9udD7lvZPlupfjgYvjgonjga7ov5Tkv6Hjg6Hjg7zjg6vjgYzlsYrjgY3jgb7jgZvjgpPvvIE8YnI+44OJ44Oh44Kk44Oz6Kej6Zmk44KS5b+Y44KM44Ga44Gr77yBPC90ZD4KPC90cj4KPC90YWJsZT4KPGJyPjxpbWcgc3JjPSJodHRwOi8vaW1hZ2UucmFrdXRlbi5jby5qcC9nc3gvY2FiaW5ldC9mcmVkZXJpcXVlL2ZyZV8xNDEyMTYuanBnIiB3aWR0aD0iMTAwJSIgYWx0PSLjg5Xjg6zjg4fjg6rjg4Pjgq8g44Kz44Oz44K544K/44Oz44OILEZSRURFUklRVUUgQ09OU1RBTlQiPgoK4peP44OV44Os44OH44Oq44OD44KvIOOCs+ODs+OCueOCv+ODs+ODiOOBqOOBr++8nzxicj4K44OV44Os44OH44Oq44OD44Kv44O744Kz44Oz44K544K/44Oz44OI44Gv44CB44K544Kk44K544O744K444Ol44ON44O844OW44KS5pys5oug5Zyw44Go44GZ44KL44K544Kk44K544Gu44Oe44OL44Ol44OV44Kh44Kv44OB44Ol44O844Or5pmC6KiI44Oh44O844Kr44O844Gn44GZ44CC44OH44K244Kk44Oz44Gu56uL44Gh5LiK44GS44GL44KJ44Og44O844OW44Oh44Oz44OI44KS5Yid44KB44Go44GZ44KL6YOo5ZOB44KE57WE44G/56uL44Gm44Gr6Iez44KL44G+44Gn44CB5YWo44Gm5LiA6LKr44GX44Gm6Ieq56S+44Gn6KGM44Gj44Gm44GE44KL44K544Kk44K544Gn44KC5pWw5bCR44Gq44GE44Oh44O844Kr44O844Gn44GZ44CCPGJyPgoKCjxpbWcgc3JjPSJodHRwOi8vaW1hZ2UucmFrdXRlbi5jby5qcC9nc3gvY2FiaW5ldC9mcmVkZXJpcXVlL2ZyZV8xNDEyMTZfMDIuanBnIiB3aWR0aD0iMTAwJSIgYWx0PSLjg5Xjg6zjg4fjg6rjg4Pjgq8g44Kz44Oz44K544K/44Oz44OILEZSRURFUklRVUUgQ09OU1RBTlQiPjxicj4K4pePUVVBTElUWS/nlJ/nlKPjgajlk4Hos6rnrqHnkIY8YnI+CuOCueOCpOOCueOAgeOCuOODpeODjeODvOODluOBq+OBguOCi+ODleODrOODh+ODquODg+OCr+ODu+OCs+ODs+OCueOCv+ODs+ODiOOBruW3peWgtOOBp+OBr+OAgeODh+OCtuOCpOODs+OChOioreioiOOBi+OCieacgOe1gue1hOeri+OBpuOBvuOBp+OCkuS4gOiyq+OBl+OBpuihjOOBquOBo+OBpuOBiuOCiuOAgeaZguioiOOBsuOBqOOBpOOBsuOBqOOBpOOBq+aEm+aDheOCkui+vOOCgeOBpuS9nOOBo+OBpuOBhOOBvuOBmeOAgjE5ODjlubTlibXmpa3jga7oi6XjgYTmmYLoqIjjg5bjg6njg7Pjg4njgarjgYzjgonjgIHjgrnjgqTjgrnjga7mlbDlsJHjgarjgYTjg57jg4vjg6Xjg5XjgqHjgq/jg4Hjg6Xjg7zjg6vjg5bjg6njg7Pjg4njgajjgZfjgabnnYDjgIXjgajmiJDplbfjgpLpgYLjgZLjgabjgYTjgb7jgZnjgILmpa3nuL7jga/lj7PogqnkuIrjgYzjgorjgafjgIHnlJ/nlKPmnKzmlbDjgoLmr47lubTlopfjgYjntprjgZHjgabjgYTjgb7jgZnjgYzjgIHnlJ/nlKPlirnnjofjga7lkJHkuIrjgajjgajjgoLjgavlk4Hos6rnrqHnkIbjgavjgoLnibnjgavlipvjgpLms6jjgY7jgIHlopfnlKPjgavjgojjgovjgq/jgqrjg6rjg4bjgqPjga7kvY7kuIvjgYzotbfjgZPjgovkuovjgYznhKHjgYTjgojjgYbntLDlv4Pjga7ms6jmhI/jgpLmiZXjgaPjgabjgYTjgb7jgZnjgILmp5jjgIXjgarmnIDmlrDpi63jga7mqZ/mnZDjga7lsI7lhaXjgoTjgIHoh6rnpL7oo73lk4HjgavpganjgZfjgZ/jgqrjg6rjgrjjg4rjg6vjga7oo4Xnva7jga7plovnmbrjga/jgIHjgojjgorpq5jlk4Hos6rjgafkv6HpoLzjga7jgYrjgZHjgovmmYLoqIjjgpLjgYrlsYrjgZHjgZnjgovjgZ/jgoHjgavjga/jg57jgrnjg4jjgafjgYLjgovjgajogIPjgYjjgIHjgZ3jgozjgonjga7lhYXlrp/jgavjga/mipXos4fjgpLmg5zjgZfjgoDjgZPjgajjgarjgY/ooYzjgarjgaPjgabjgYrjgorjgb7jgZnjgII8YnI+Cgo8dGFibGUgd2lkdGg9IjEwMCUiIGJvcmRlcj0iMCIgY2VsbHNwYWNpbmc9IjEiIGNlbGxwYWRkaW5nPSI1IiBiZ2NvbG9yPSIjQ0NDQ0NDIj4KPHRyPgo8dGggYmdjb2xvcj0iI0Y0RjRGNCIgd2lkdGg9IjI1JSI+44Oh44O844Kr44O85ZCNPEJSPu+8iOato+imj+i8uOWFpeS7o+eQhuW6l++8iTwvdGg+Cjx0ZCBiZ2NvbG9yPSIjRkZGRkZGIj7moKrlvI/kvJrnpL5HTeOCpOODs+OCv+ODvOODiuOCt+ODp+ODiuODqzwvdGQ+CjwvdHI+Cjx0cj4KPHRoIGJnY29sb3I9IiNGNEY0RjQiIHdpZHRoPSIyNSUiPuODluODqeODs+ODieWQjTwvdGg+Cjx0ZCBiZ2NvbG9yPSIjRkZGRkZGIj7jg5Xjg6zjg4fjg6rjg4Pjgq/jg7vjgrPjg7Pjgrnjgr/jg7Pjg4jvvIhGUkVERVJJUVVFIENPTlNUQU5U77yJPC90ZD4KPC90cj4KPHRyPgo8dGggYmdjb2xvcj0iI0Y0RjRGNCIgd2lkdGg9IjI1JSI+44Og44O844OW44Oh44Oz44OIPC90aD4KPHRkIGJnY29sb3I9IiNGRkZGRkYiPkZDLTcxNe+8iOiHquekvuODoOODvOODtOODoeODs+ODiO+8ieiHquWLleW3u+OBjTwvdGQ+CjwvdHI+Cjx0cj4KPHRoIGJnY29sb3I9IiNGNEY0RjQiIHdpZHRoPSIyNSUiPue0oOadkDwvdGg+Cjx0ZCBiZ2NvbG9yPSIjRkZGRkZGIj4K44Kx44O844K577ya44K544OG44Oz44Os44K544K544OG44Kj44O844OrPGJyPgrjgqzjg6njgrnvvJrjg4njg7zjg6DlnovjgrXjg5XjgqHjgqTjgqLjgq/jg6rjgrnjgr/jg6s8YnI+CuODgOOCpOOCouODq++8muOCt+ODq+ODkOODvOOAgOOCouODl+ODqeOCpOODieOCpOODs+ODh+ODg+OCr+OCuTxicj4K44OQ44Oz44OJ77ya44Ki44Oq44Ky44O844K/44O8PC90ZD4KPC90cj4KPHRyPgo8dGggYmdjb2xvcj0iI0Y0RjRGNCIgd2lkdGg9IjI1JSI+44K144Kk44K6PC90aD4KPHRkIGJnY29sb3I9IiNGRkZGRkYiPgrjgrHjg7zjgrnlvoTvvJo0MC41bW08YnI+CjwvdGQ+CjwvdHI+Cjx0cj4KPHRoIGJnY29sb3I9IiNGNEY0RjQiIHdpZHRoPSIyNSUiPumHjemHjzwvdGg+Cjx0ZCBiZ2NvbG9yPSIjRkZGRkZGIj4tPC90ZD4KPC90cj4KPHRyPgo8dGggYmdjb2xvcj0iI0Y0RjRGNCIgd2lkdGg9IjI1JSI+6Ziy5rC05oCnPC90aD4KPHRkIGJnY29sb3I9IiNGRkZGRkYiPjPmsJflnKfpmLLmsLQ8L3RkPgo8L3RyPgo8dHI+Cjx0aCBiZ2NvbG9yPSIjRjRGNEY0IiB3aWR0aD0iMjUlIj7jgZ3jga7ku5bnibnlvrQ8L3RoPgo8dGQgYmdjb2xvcj0iI0ZGRkZGRiI+CjQy5pmC6ZaT44OR44Ov44O844Oq44K244O844OWPGJyPgrjg6Djg7zjg7Pjg5XjgqfjgqTjgro8YnI+CuODneOCpOODs+OCv+ODvOODh+OCpOODiDxicj4KPC90ZD4KPC90cj4KPHRyPgo8dGggYmdjb2xvcj0iI0Y0RjRGNCIgd2lkdGg9IjI1JSI+44K144Kk44K66Kq/5pW044Gr44Gk44GE44GmPC90aD4KPHRkIGJnY29sb3I9IiNGRkZGRkYiPgrpnanjg5Djg7Pjg4njgavjgaTjgY3jgIHjgrXjgqTjgrroqr/mlbTjga/jgYrjgZPjgarjgaPjgabjgYrjgorjgb7jgZvjgpPjgIIKPC90ZD4KPC90cj4KPHRyPgo8dGggYmdjb2xvcj0iI0Y0RjRGNCIgd2lkdGg9IjI1JSI+5L+d6Ki85pyf6ZaTPC90aD4KPHRkIGJnY29sb3I9IiNGRkZGRkYiPuODoeODvOOCq+ODvOS/neiovDLlubQ8YnI+CuOBiuiyt+OBhOS4iuOBkuOBruaZguioiOOBjOOAgeWPluOCiuaJseOBhOiqrOaYjuabuOOBq+ayv+OBo+OBn+ato+W4uOOBquS9v+eUqOeKtuaFi+OBp+aVhemanOOBl+OBn+WgtOWQiOOAgeWPluOCiuaJseOBhOiqrOaYjuabuOOBruiomOi8ieWGheWuueOBruevhOWbsuOBp+OAgeS/neiovOacn+mWk+OBq+mZkOOCiuOAgeeEoeWEn+S/rueQhuiHtOOBl+OBvuOBmeOAgjwvdGQ+CjwvdHI+CjwvdGFibGU+Cgo8YnI+PGZvbnQgY29sb3I9IiNjYzAwMDA7Ij7jgJDjgZTms6jmhI/jgJHlvZPlupfjgYvjgonjga7ov5Tkv6Hjg6Hjg7zjg6vjgYzlsYrjgY3jgb7jgZvjgpPvvIHjg4njg6HjgqTjg7Pop6PpmaTjgpLlv5jjgozjgZrjgavvvIE8L2ZvbnQ+Cjxicj7vvJzlnKjluqvjgavjgaTjgYTjgabvvJ7ml6XjgIXjga7lnKjluqvlpInli5XjgavjgojjgorjgIHnqIDjgavllYblk4Hnorrkv53lh7rmnaXjgarjgYTkuovjgoLjgZTjgZbjgYTjgb7jgZnjgILkuojjgoHjgZTkuobmib/jgY/jgaDjgZXjgYTjgII8YnI+PGJyPjxicj48aW1nIHNyYz0iaHR0cDovL2ltYWdlLnJha3V0ZW4uY28uanAvZ3N4L2NhYmluZXQvbWVyaXQyMDE3MDEuZ2lmIiBhbHQ9Iuato+imj+iyqeWjsuW6l+OBruODoeODquODg+ODiCIgd2lkdGg9IjEwMCUiPjxicj48YnI+PGltZyBzcmM9Imh0dHA6Ly9pbWFnZS5yYWt1dGVuLmNvLmpwL2dzeC9jYWJpbmV0L3NsX3NwLmdpZiIgd2lkdGg9IjEwMCUiIGFsdD0i44K344On44OD44OU44Oz44Kw44Ot44O844Oz44Oq44Oz44KvIj48YnI+,44OV44Os44OH44Oq44OD44Kv44Kz44Oz44K544K/44Oz44OIIOOCt+ODp+ODg+ODlOODs+OCsOODreODvOODs+eEoemHkeWIqeWvvuixoeWTgeODleODrOODh+ODquODg+OCryDjgrPjg7Pjgrnjgr/jg7Pjg4hbRlJFREVSSVFVRSBDT05TVEFOVF3jgq/jg6njgrfjg4Pjgq8g44Oe44OL44Ol44OV44Kh44Kv44OB44Ol44O844OrW0NMQVNTSUNdRkMtNzE1UzRINiDjg6Hjg7PjgrrjgJDohZXmmYLoqIgg5pmC6KiI44CR44CQ44Ku44OV44OIIOODl+ODrOOCvOODs+ODiOOAke+8mlRIRSBXQVRDSCBTSE9QLg==,44Kq44OD44K944Kk44K/44Oq44Kj44Ko44OJ44OD44Kv44K544Kw44Op44Oz44OJ44K744Kk44Kz44O844Ki44K544OI44Ot44Oz44Kr44Oz44OR44OO44Op44K444O844K344On44OD44KvRy1TSE9DS+ODluODreODvOODkOODmeODvOODquODs+OCsOOCueOCq+ODvOOCsuODs+ODleODrOODh+ODquODg+OCr+ODu+OCs+ODs+OCueOCv+ODs+ODiOODhOODouODquODgeOCteODiOODn+ODiuOCu+OCu+OCpOOCs+ODvOOCq+OCt+OCqkdTWOWIhuWJsuaJi+aVsOaWmeeEoeaWmeOCt+ODp+ODg+ODlOODs+OCsOODreODvOODs+eEoemHkeWIqXRoZSB3YXRjaCBzaG9w6IWV5pmC6KiI44OV44Os44OH44Oq44OD44Kv44Kz44Oz44K544K/44Oz44OIIOOCt+ODp+ODg+ODlOODs+OCsOODreODvOODs+eEoemHkeWIqeWvvuixoeWTgeODleODrOODh+ODquODg+OCryDjgrPjg7Pjgrnjgr/jg7Pjg4hbRlJFREVSSVFVRSBDT05TVEFOVF3jgq/jg6njgrfjg4Pjgq8g44Oe44OL44Ol44OV44Kh44Kv44OB44Ol44O844OrW0NMQVNTSUNdRkMtNzE1UzRINiDjg6Hjg7PjgrrjgJDohZXmmYLoqIgg5pmC6KiI44CR44CQ44Ku44OV44OIIOODl+ODrOOCvOODs+ODiOOAkQ==,5q2j6KaP5ZOBL+ODleODrOODh+ODquODg+OCryDjgrPjg7Pjgrnjgr/jg7Pjg4gvRkMtNzE1UzRINuOAguODleODrOODh+ODquODg+OCr+OCs+ODs+OCueOCv+ODs+ODiCDjgrfjg6fjg4Pjg5Tjg7PjgrDjg63jg7zjg7PnhKHph5HliKnlr77osaHlk4Hjg5Xjg6zjg4fjg6rjg4Pjgq8g44Kz44Oz44K544K/44Oz44OIW0ZSRURFUklRVUUgQ09OU1RBTlRd44Kv44Op44K344OD44KvIOODnuODi+ODpeODleOCoeOCr+ODgeODpeODvOODq1tDTEFTU0lDXUZDLTcxNVM0SDYg44Oh44Oz44K644CQ6IWV5pmC6KiIIOaZguioiOOAkeOAkOOCruODleODiCDjg5fjg6zjgrzjg7Pjg4jjgJE=[rn]
16-122071,aHR0cDovL3RzaG9wLnIxMHMuanAvZ3N4L2NhYmluZXQvZnJlZGVyaXF1ZS9zZWlraS9mcmQtMDUyLmpwZz9maXRpbj03MDA6NzAw,MzYyODgwLjAwMDA=,,6IWV5pmC6KiIID4g44Oh44Oz44K66IWV5pmC6KiI,44OV44Os44OH44Oq44OD44Kv44Kz44Oz44K544K/44Oz44OIIOOCt+ODp+ODg+ODlOODs+OCsOODreODvOODs+eEoemHkeWIqeWvvuixoeWTgeODleODrOODh+ODquODg+OCryDjgrPjg7Pjgrnjgr/jg7Pjg4hbRlJFREVSSVFVRSBDT05TVEFOVF3jg57jg4vjg6Xjg5XjgqHjgq/jg4Hjg6Xjg7zjg6sgW01BTlVGQUNUVVJFXSBGQy03MDNOM1M2QiDjg6Hjg7Pjgrog44CQ6IWV5pmC6KiIIOaZguioiOOAkeOAkOOCruODleODiCDjg5fjg6zjgrzjg7Pjg4jjgJE=,5q2j6KaP5ZOBL+ODleODrOODh+ODquODg+OCryDjgrPjg7Pjgrnjgr/jg7Pjg4gvRkMtNzAzTjNTNkI=,PHRhYmxlIHdpZHRoPSIxMDAlIiBib3JkZXI9IjEiIGNlbGxzcGFjaW5nPSIxIiBib3JkZXJjb2xvcj0iI0NDMDAwMCIgY2VsbHBhZGRpbmc9IjEwIj4KPHRyPgo8dGQ+Cjxmb250IGNvbG9yPSIjY2MwMDAwOyI+77yc5Zyo5bqr44Gr6Zai44GX44Gm77yePC9mb250PuWPluOCiuWvhOOBm+WVhuWTgeOBruWgtOWQiOOBr+OAgeOBlOazqOaWh+eiuuiqjeW+jOODoeODvOOCq+ODvOWcqOW6q+eiuuiqjeOBqOOBquOCiuOBvuOBmeOAggrml6XjgIXjga7lnKjluqvlpInli5XjgavjgojjgorjgIHjgZTluIzmnJvjgavmt7vjgYjjgarjgYTlj6/og73mgKfjgoLjgZTjgZbjgYTjgb7jgZnjgII8YnI+5b2T5bqX44GL44KJ44Gu5Zyo5bqr5pyJ54Sh44Gu44Oh44O844Or44Gu6L+U5L+h44KS5b+F44Ga44GU56K66KqN44GP44Gg44GV44GE44CCPGJyPgo8Zm9udCBjb2xvcj0iI2NjMDAwMDsiPuOAkOOBlOazqOaEj+OAkTwvZm9udD7lvZPlupfjgYvjgonjga7ov5Tkv6Hjg6Hjg7zjg6vjgYzlsYrjgY3jgb7jgZvjgpPvvIE8YnI+44OJ44Oh44Kk44Oz6Kej6Zmk44KS5b+Y44KM44Ga44Gr77yBPC90ZD4KPC90cj4KPC90YWJsZT4KPGJyPjxpbWcgc3JjPSJodHRwOi8vaW1hZ2UucmFrdXRlbi5jby5qcC9nc3gvY2FiaW5ldC9mcmVkZXJpcXVlL2ZyZV8xNDEyMTYuanBnIiB3aWR0aD0iMTAwJSIgYWx0PSLjg5Xjg6zjg4fjg6rjg4Pjgq8g44Kz44Oz44K544K/44Oz44OILEZSRURFUklRVUUgQ09OU1RBTlQiPgoK4peP44OV44Os44OH44Oq44OD44KvIOOCs+ODs+OCueOCv+ODs+ODiOOBqOOBr++8nzxicj4K44OV44Os44OH44Oq44OD44Kv44O744Kz44Oz44K544K/44Oz44OI44Gv44CB44K544Kk44K544O744K444Ol44ON44O844OW44KS5pys5oug5Zyw44Go44GZ44KL44K544Kk44K544Gu44Oe44OL44Ol44OV44Kh44Kv44OB44Ol44O844Or5pmC6KiI44Oh44O844Kr44O844Gn44GZ44CC44OH44K244Kk44Oz44Gu56uL44Gh5LiK44GS44GL44KJ44Og44O844OW44Oh44Oz44OI44KS5Yid44KB44Go44GZ44KL6YOo5ZOB44KE57WE44G/56uL44Gm44Gr6Iez44KL44G+44Gn44CB5YWo44Gm5LiA6LKr44GX44Gm6Ieq56S+44Gn6KGM44Gj44Gm44GE44KL44K544Kk44K544Gn44KC5pWw5bCR44Gq44GE44Oh44O844Kr44O844Gn44GZ44CCPGJyPgoKCjxpbWcgc3JjPSJodHRwOi8vaW1hZ2UucmFrdXRlbi5jby5qcC9nc3gvY2FiaW5ldC9mcmVkZXJpcXVlL2ZyZV8xNDEyMTZfMDIuanBnIiB3aWR0aD0iMTAwJSIgYWx0PSLjg5Xjg6zjg4fjg6rjg4Pjgq8g44Kz44Oz44K544K/44Oz44OILEZSRURFUklRVUUgQ09OU1RBTlQiPjxicj4K4pePUVVBTElUWS/nlJ/nlKPjgajlk4Hos6rnrqHnkIY8YnI+CuOCueOCpOOCueOAgeOCuOODpeODjeODvOODluOBq+OBguOCi+ODleODrOODh+ODquODg+OCr+ODu+OCs+ODs+OCueOCv+ODs+ODiOOBruW3peWgtOOBp+OBr+OAgeODh+OCtuOCpOODs+OChOioreioiOOBi+OCieacgOe1gue1hOeri+OBpuOBvuOBp+OCkuS4gOiyq+OBl+OBpuihjOOBquOBo+OBpuOBiuOCiuOAgeaZguioiOOBsuOBqOOBpOOBsuOBqOOBpOOBq+aEm+aDheOCkui+vOOCgeOBpuS9nOOBo+OBpuOBhOOBvuOBmeOAgjE5ODjlubTlibXmpa3jga7oi6XjgYTmmYLoqIjjg5bjg6njg7Pjg4njgarjgYzjgonjgIHjgrnjgqTjgrnjga7mlbDlsJHjgarjgYTjg57jg4vjg6Xjg5XjgqHjgq/jg4Hjg6Xjg7zjg6vjg5bjg6njg7Pjg4njgajjgZfjgabnnYDjgIXjgajmiJDplbfjgpLpgYLjgZLjgabjgYTjgb7jgZnjgILmpa3nuL7jga/lj7PogqnkuIrjgYzjgorjgafjgIHnlJ/nlKPmnKzmlbDjgoLmr47lubTlopfjgYjntprjgZHjgabjgYTjgb7jgZnjgYzjgIHnlJ/nlKPlirnnjofjga7lkJHkuIrjgajjgajjgoLjgavlk4Hos6rnrqHnkIbjgavjgoLnibnjgavlipvjgpLms6jjgY7jgIHlopfnlKPjgavjgojjgovjgq/jgqrjg6rjg4bjgqPjga7kvY7kuIvjgYzotbfjgZPjgovkuovjgYznhKHjgYTjgojjgYbntLDlv4Pjga7ms6jmhI/jgpLmiZXjgaPjgabjgYTjgb7jgZnjgILmp5jjgIXjgarmnIDmlrDpi63jga7mqZ/mnZDjga7lsI7lhaXjgoTjgIHoh6rnpL7oo73lk4HjgavpganjgZfjgZ/jgqrjg6rjgrjjg4rjg6vjga7oo4Xnva7jga7plovnmbrjga/jgIHjgojjgorpq5jlk4Hos6rjgafkv6HpoLzjga7jgYrjgZHjgovmmYLoqIjjgpLjgYrlsYrjgZHjgZnjgovjgZ/jgoHjgavjga/jg57jgrnjg4jjgafjgYLjgovjgajogIPjgYjjgIHjgZ3jgozjgonjga7lhYXlrp/jgavjga/mipXos4fjgpLmg5zjgZfjgoDjgZPjgajjgarjgY/ooYzjgarjgaPjgabjgYrjgorjgb7jgZnjgII8YnI+Cgo8dGFibGUgd2lkdGg9IjEwMCUiIGJvcmRlcj0iMCIgY2VsbHNwYWNpbmc9IjEiIGNlbGxwYWRkaW5nPSI1IiBiZ2NvbG9yPSIjQ0NDQ0NDIj4KPHRyPgo8dGggYmdjb2xvcj0iI0Y0RjRGNCIgd2lkdGg9IjI1JSI+44Oh44O844Kr44O85ZCNPEJSPu+8iOato+imj+i8uOWFpeS7o+eQhuW6l++8iTwvdGg+Cjx0ZCBiZ2NvbG9yPSIjRkZGRkZGIj7moKrlvI/kvJrnpL5HTeOCpOODs+OCv+ODvOODiuOCt+ODp+ODiuODqzwvdGQ+CjwvdHI+Cjx0cj4KPHRoIGJnY29sb3I9IiNGNEY0RjQiIHdpZHRoPSIyNSUiPuODluODqeODs+ODieWQjTwvdGg+Cjx0ZCBiZ2NvbG9yPSIjRkZGRkZGIj7jg5Xjg6zjg4fjg6rjg4Pjgq/jg7vjgrPjg7Pjgrnjgr/jg7Pjg4jvvIhGUkVERVJJUVVFIENPTlNUQU5U77yJPC90ZD4KPC90cj4KPHRyPgo8dGggYmdjb2xvcj0iI0Y0RjRGNCIgd2lkdGg9IjI1JSI+44Og44O844OW44Oh44Oz44OIPC90aD4KPHRkIGJnY29sb3I9IiNGRkZGRkYiPkZDLTcwM++8iOiHquekvuODoOODvOODtOODoeODs+ODiO+8ieiHquWLleW3u+OBjSwyNuefszwvdGQ+CjwvdHI+Cjx0cj4KPHRoIGJnY29sb3I9IiNGNEY0RjQiIHdpZHRoPSIyNSUiPue0oOadkDwvdGg+Cjx0ZCBiZ2NvbG9yPSIjRkZGRkZGIj4K44Kx44O844K577ya44K544OG44Oz44Os44K544K544OG44Kj44O844OrPGJyPgrjgqzjg6njgrnvvJrjg4njg7zjg6DlnovjgrXjg5XjgqHjgqTjgqLjgq/jg6rjgrnjgr/jg6s8YnI+CuODgOOCpOOCouODq++8muODjeOCpOODk+ODvOODgOOCpOOCouODqzxicj4K44OQ44Oz44OJ77ya44K544OG44Oz44Os44K544K544OG44Kj44O844OrPC90ZD4KPC90cj4KPHRyPgo8dGggYmdjb2xvcj0iI0Y0RjRGNCIgd2lkdGg9IjI1JSI+44K144Kk44K6PC90aD4KPHRkIGJnY29sb3I9IiNGRkZGRkYiPgrjgrHjg7zjgrnlvoTvvJozOC44bW08YnI+CjwvdGQ+CjwvdHI+Cjx0cj4KPHRoIGJnY29sb3I9IiNGNEY0RjQiIHdpZHRoPSIyNSUiPumHjemHjzwvdGg+Cjx0ZCBiZ2NvbG9yPSIjRkZGRkZGIj4tPC90ZD4KPC90cj4KPHRyPgo8dGggYmdjb2xvcj0iI0Y0RjRGNCIgd2lkdGg9IjI1JSI+6Ziy5rC05oCnPC90aD4KPHRkIGJnY29sb3I9IiNGRkZGRkYiPjPmsJflnKfpmLLmsLQ8L3RkPgo8L3RyPgo8dHI+Cjx0aCBiZ2NvbG9yPSIjRjRGNEY0IiB3aWR0aD0iMjUlIj7jgZ3jga7ku5bnibnlvrQ8L3RoPgo8dGQgYmdjb2xvcj0iI0ZGRkZGRiI+CjQy5pmC6ZaT44OR44Ov44O844Oq44K244O844OWPGJyPgrjg6Djg7zjg7Pjg5XjgqfjgqTjgro8YnI+CuOCt+ODvOOCueODq+ODvOOCseODvOOCueODkOODg+OCrzxicj4K44OH44Kk44OI6KGo56S6Cgo8L3RkPgo8L3RyPgo8dHI+Cjx0aCBiZ2NvbG9yPSIjRjRGNEY0IiB3aWR0aD0iMjUlIj7jgrXjgqTjgrroqr/mlbTjgavjgaTjgYTjgaY8L3RoPgo8dGQgYmdjb2xvcj0iI0ZGRkZGRiI+44GK5a6i5qeY44Gu44GU5biM5pyb44Gr44KI44KK44CB44OW44Os44K544Os44OD44OI44Gu44K144Kk44K644KS6Kq/5pW044GX44Gf5LiK44Gn44CBPGJyPgrmmYLoqIjjgpLjgYrlsYrjgZHjgYTjgZ/jgZfjgb7jgZnjgIIo44K144Kk44K66Kq/5pW054Sh5paZKTxicj4K5pmC6KiI44KS6KOF552A44GZ44KL5omL6aaW5Zue44KK44Gu6ZW344GV44KS44Oh44K444Oj44O844Gq44Gp44Gn6KiI5ris44GE44Gf44Gg44GN44CBPGJyPgrjgZ3jga7plbfjgZXjgpLjgZTms6jmlofjga7pmpvjgavjgYrnn6XjgonjgZvkuIvjgZXjgYTjgII8YnI+Cu+8iOOCs+ODnuOCkuWkluOBl+OBn+WgtOWQiOOBr+OAgeWkluOBl+OBn+OCs+ODnuOCguaZguioiOOBqOS4gOe3kuOBq+OBiumAgeOCiuiHtOOBl+OBvuOBmeOAgu+8iTxicj4KPGZvbnQgY29sb3I9IiNjYzAwMDA7Ij7igLvjgrXjgqTjgrrjga7oqr/mlbTjgpLjgYTjgZ/jgZfjgb7jgZnjgajov5Tlk4HjgIHkuqTmj5vjga/jgYrlj5fjgZHjgYTjgZ/jgZfjgYvjga3jgb7jgZnjga7jgafjgZTkuobmib/kuIvjgZXjgYTjgII8L2ZvbnQ+CjwvdGQ+CjwvdHI+Cjx0cj4KPHRoIGJnY29sb3I9IiNGNEY0RjQiIHdpZHRoPSIyNSUiPuS/neiovOacn+mWkzwvdGg+Cjx0ZCBiZ2NvbG9yPSIjRkZGRkZGIj7jg6Hjg7zjgqvjg7zkv53oqLwy5bm0PGJyPgrjgYrosrfjgYTkuIrjgZLjga7mmYLoqIjjgYzjgIHlj5bjgormibHjgYToqqzmmI7mm7jjgavmsr/jgaPjgZ/mraPluLjjgarkvb/nlKjnirbmhYvjgafmlYXpmpzjgZfjgZ/loLTlkIjjgIHlj5bjgormibHjgYToqqzmmI7mm7jjga7oqJjovInlhoXlrrnjga7nr4Tlm7LjgafjgIHkv53oqLzmnJ/plpPjgavpmZDjgorjgIHnhKHlhJ/kv67nkIboh7TjgZfjgb7jgZnjgII8L3RkPgo8L3RyPgo8L3RhYmxlPgoKPGJyPjxmb250IGNvbG9yPSIjY2MwMDAwOyI+44CQ44GU5rOo5oSP44CR5b2T5bqX44GL44KJ44Gu6L+U5L+h44Oh44O844Or44GM5bGK44GN44G+44Gb44KT77yB44OJ44Oh44Kk44Oz6Kej6Zmk44KS5b+Y44KM44Ga44Gr77yBPC9mb250Pgo8YnI+77yc5Zyo5bqr44Gr44Gk44GE44Gm77ye5pel44CF44Gu5Zyo5bqr5aSJ5YuV44Gr44KI44KK44CB56iA44Gr5ZWG5ZOB56K65L+d5Ye65p2l44Gq44GE5LqL44KC44GU44GW44GE44G+44GZ44CC5LqI44KB44GU5LqG5om/44GP44Gg44GV44GE44CCPGJyPjxicj48YnI+PGltZyBzcmM9Imh0dHA6Ly9pbWFnZS5yYWt1dGVuLmNvLmpwL2dzeC9jYWJpbmV0L21lcml0MjAxNzAxLmdpZiIgYWx0PSLmraPopo/osqnlo7Llupfjga7jg6Hjg6rjg4Pjg4giIHdpZHRoPSIxMDAlIj48YnI+PGJyPjxpbWcgc3JjPSJodHRwOi8vaW1hZ2UucmFrdXRlbi5jby5qcC9nc3gvY2FiaW5ldC9zbF9zcC5naWYiIHdpZHRoPSIxMDAlIiBhbHQ9IuOCt+ODp+ODg+ODlOODs+OCsOODreODvOODs+ODquODs+OCryI+PGJyPg==,44OV44Os44OH44Oq44OD44Kv44Kz44Oz44K544K/44Oz44OIIOOCt+ODp+ODg+ODlOODs+OCsOODreODvOODs+eEoemHkeWIqeWvvuixoeWTgeODleODrOODh+ODquODg+OCryDjgrPjg7Pjgrnjgr/jg7Pjg4hbRlJFREVSSVFVRSBDT05TVEFOVF3jg57jg4vjg6Xjg5XjgqHjgq/jg4Hjg6Xjg7zjg6sgW01BTlVGQUNUVVJFXSBGQy03MDNOM1M2QiDjg6Hjg7Pjgrog44CQ6IWV5pmC6KiIIOaZguioiOOAkeOAkOOCruODleODiCDjg5fjg6zjgrzjg7Pjg4jjgJHvvJpUSEUgV0FUQ0ggU0hPUC4=,44Kq44OD44K944Kk44K/44Oq44Kj44Ko44OJ44OD44Kv44K544Kw44Op44Oz44OJ44K744Kk44Kz44O844Ki44K544OI44Ot44Oz44Kr44Oz44OR44OO44Op44K444O844K344On44OD44KvRy1TSE9DS+ODluODreODvOODkOODmeODvOODquODs+OCsOOCueOCq+ODvOOCsuODs+ODleODrOODh+ODquODg+OCr+ODu+OCs+ODs+OCueOCv+ODs+ODiOODhOODouODquODgeOCteODiOODn+ODiuOCu+OCu+OCpOOCs+ODvOOCq+OCt+OCqkdTWOWIhuWJsuaJi+aVsOaWmeeEoeaWmeOCt+ODp+ODg+ODlOODs+OCsOODreODvOODs+eEoemHkeWIqXRoZSB3YXRjaCBzaG9w6IWV5pmC6KiI44OV44Os44OH44Oq44OD44Kv44Kz44Oz44K544K/44Oz44OIIOOCt+ODp+ODg+ODlOODs+OCsOODreODvOODs+eEoemHkeWIqeWvvuixoeWTgeODleODrOODh+ODquODg+OCryDjgrPjg7Pjgrnjgr/jg7Pjg4hbRlJFREVSSVFVRSBDT05TVEFOVF3jg57jg4vjg6Xjg5XjgqHjgq/jg4Hjg6Xjg7zjg6sgW01BTlVGQUNUVVJFXSBGQy03MDNOM1M2QiDjg6Hjg7Pjgrog44CQ6IWV5pmC6KiIIOaZguioiOOAkeOAkOOCruODleODiCDjg5fjg6zjgrzjg7Pjg4jjgJE=,5q2j6KaP5ZOBL+ODleODrOODh+ODquODg+OCryDjgrPjg7Pjgrnjgr/jg7Pjg4gvRkMtNzAzTjNTNkLjgILjg5Xjg6zjg4fjg6rjg4Pjgq/jgrPjg7Pjgrnjgr/jg7Pjg4gg44K344On44OD44OU44Oz44Kw44Ot44O844Oz54Sh6YeR5Yip5a++6LGh5ZOB44OV44Os44OH44Oq44OD44KvIOOCs+ODs+OCueOCv+ODs+ODiFtGUkVERVJJUVVFIENPTlNUQU5UXeODnuODi+ODpeODleOCoeOCr+ODgeODpeODvOODqyBbTUFOVUZBQ1RVUkVdIEZDLTcwM04zUzZCIOODoeODs+OCuiDjgJDohZXmmYLoqIgg5pmC6KiI44CR44CQ44Ku44OV44OIIOODl+ODrOOCvOODs+ODiOOAkQ==[rn]
16-122072,aHR0cDovL3RzaG9wLnIxMHMuanAvZ3N4L2NhYmluZXQvZnJlZGVyaXF1ZS9zZWlraS9mcmQtMDUxLmpwZz9maXRpbj03MDA6NzAw,MTgxNDQwLjAwMDA=,,6IWV5pmC6KiIID4g44Oh44Oz44K66IWV5pmC6KiI,44OV44Os44OH44Oq44OD44Kv44Kz44Oz44K544K/44Oz44OIIOOCt+ODp+ODg+ODlOODs+OCsOODreODvOODs+eEoemHkeWIqeWvvuixoeWTgeODleODrOODh+ODquODg+OCryDjgrPjg7Pjgrnjgr/jg7Pjg4hbRlJFREVSSVFVRSBDT05TVEFOVF3jgq/jg6njgrfjg4Pjgq8g44OP44O844OI44OT44O844OIIOODh+OCpOODiCDkuJbnlYzpmZDlrpo1MDDmnKwgRkMtMzE1REdTM1A2IOODoeODs+OCuiDjgJDohZXmmYLoqIgg5pmC6KiI44CR44CQ44Ku44OV44OIIOODl+ODrOOCvOODs+ODiOOAkQ==,5q2j6KaP5ZOBL+ODleODrOODh+ODquODg+OCryDjgrPjg7Pjgrnjgr/jg7Pjg4gvRkMtMzE1REdTM1A2,PHRhYmxlIHdpZHRoPSIxMDAlIiBib3JkZXI9IjEiIGNlbGxzcGFjaW5nPSIxIiBib3JkZXJjb2xvcj0iI0NDMDAwMCIgY2VsbHBhZGRpbmc9IjEwIj4KPHRyPgo8dGQ+Cjxmb250IGNvbG9yPSIjY2MwMDAwOyI+77yc5Zyo5bqr44Gr6Zai44GX44Gm77yePC9mb250PuWPluOCiuWvhOOBm+WVhuWTgeOBruWgtOWQiOOBr+OAgeOBlOazqOaWh+eiuuiqjeW+jOODoeODvOOCq+ODvOWcqOW6q+eiuuiqjeOBqOOBquOCiuOBvuOBmeOAggrml6XjgIXjga7lnKjluqvlpInli5XjgavjgojjgorjgIHjgZTluIzmnJvjgavmt7vjgYjjgarjgYTlj6/og73mgKfjgoLjgZTjgZbjgYTjgb7jgZnjgII8YnI+5b2T5bqX44GL44KJ44Gu5Zyo5bqr5pyJ54Sh44Gu44Oh44O844Or44Gu6L+U5L+h44KS5b+F44Ga44GU56K66KqN44GP44Gg44GV44GE44CCPGJyPgo8Zm9udCBjb2xvcj0iI2NjMDAwMDsiPuOAkOOBlOazqOaEj+OAkTwvZm9udD7lvZPlupfjgYvjgonjga7ov5Tkv6Hjg6Hjg7zjg6vjgYzlsYrjgY3jgb7jgZvjgpPvvIE8YnI+44OJ44Oh44Kk44Oz6Kej6Zmk44KS5b+Y44KM44Ga44Gr77yBPC90ZD4KPC90cj4KPC90YWJsZT4KPGJyPjxpbWcgc3JjPSJodHRwOi8vaW1hZ2UucmFrdXRlbi5jby5qcC9nc3gvY2FiaW5ldC9mcmVkZXJpcXVlL2ZyZV8xNDEyMTYuanBnIiB3aWR0aD0iMTAwJSIgYWx0PSLjg5Xjg6zjg4fjg6rjg4Pjgq8g44Kz44Oz44K544K/44Oz44OILEZSRURFUklRVUUgQ09OU1RBTlQiPgo8YnI+CuKXj+ODleODrOODh+ODquODg+OCryDjgrPjg7Pjgrnjgr/jg7Pjg4jjgajjga/vvJ88YnI+CuODleODrOODh+ODquODg+OCr+ODu+OCs+ODs+OCueOCv+ODs+ODiOOBr+OAgeOCueOCpOOCueODu+OCuOODpeODjeODvOODluOCkuacrOaLoOWcsOOBqOOBmeOCi+OCueOCpOOCueOBruODnuODi+ODpeODleOCoeOCr+ODgeODpeODvOODq+aZguioiOODoeODvOOCq+ODvOOBp+OBmeOAguODh+OCtuOCpOODs+OBrueri+OBoeS4iuOBkuOBi+OCieODoOODvOODluODoeODs+ODiOOCkuWIneOCgeOBqOOBmeOCi+mDqOWTgeOChOe1hOOBv+eri+OBpuOBq+iHs+OCi+OBvuOBp+OAgTxmb250IGNvbG9yPSIjMDAwMGNjIj7lhajjgabkuIDosqvjgZfjgaboh6rnpL7jgafooYzjgaPjgabjgYTjgovjgrnjgqTjgrnjgafjgoLmlbDlsJHjgarjgYTjg6Hjg7zjgqvjg7w8L2ZvbnQ+44Gn44GZ44CCPGJyPgo8YnI+CjxpbWcgc3JjPSJodHRwOi8vaW1hZ2UucmFrdXRlbi5jby5qcC9nc3gvY2FiaW5ldC9mcmVkZXJpcXVlL2ZyZV8xNDEyMTZfMDIuanBnIiB3aWR0aD0iMTAwJSIgYWx0PSLjg5Xjg6zjg4fjg6rjg4Pjgq8g44Kz44Oz44K544K/44Oz44OILEZSRURFUklRVUUgQ09OU1RBTlQiPgo8YnI+CuKXj1FVQUxJVFkv55Sf55Sj44Go5ZOB6LOq566h55CGPGJyPgrjgrnjgqTjgrnjgIHjgrjjg6Xjg43jg7zjg5bjgavjgYLjgovjg5Xjg6zjg4fjg6rjg4Pjgq/jg7vjgrPjg7Pjgrnjgr/jg7Pjg4jjga7lt6XloLTjgafjga/jgIHjg4fjgrbjgqTjg7PjgoToqK3oqIjjgYvjgonmnIDntYLntYTnq4vjgabjgb7jgafjgpLkuIDosqvjgZfjgabooYzjgarjgaPjgabjgYrjgorjgIHmmYLoqIjjgbLjgajjgaTjgbLjgajjgaTjgavmhJvmg4XjgpLovrzjgoHjgabkvZzjgaPjgabjgYTjgb7jgZnjgII8YnI+PGJyPjE5ODjlubTlibXmpa3jga7oi6XjgYTmmYLoqIjjg5bjg6njg7Pjg4njgarjgYzjgonjgIHjgrnjgqTjgrnjga7mlbDlsJHjgarjgYTjg57jg4vjg6Xjg5XjgqHjgq/jg4Hjg6Xjg7zjg6vjg5bjg6njg7Pjg4njgajjgZfjgabnnYDjgIXjgajmiJDplbfjgpLpgYLjgZLjgabjgYTjgb7jgZnjgILmpa3nuL7jga/lj7PogqnkuIrjgYzjgorjgafjgIHnlJ/nlKPmnKzmlbDjgoLmr47lubTlopfjgYjntprjgZHjgabjgYTjgb7jgZnjgYzjgIHnlJ/nlKPlirnnjofjga7lkJHkuIrjgajjgajjgoLjgavlk4Hos6rnrqHnkIbjgavjgoLnibnjgavlipvjgpLms6jjgY7jgIHlopfnlKPjgavjgojjgovjgq/jgqrjg6rjg4bjgqPjga7kvY7kuIvjgYzotbfjgZPjgovkuovjgYznhKHjgYTjgojjgYbntLDlv4Pjga7ms6jmhI/jgpLmiZXjgaPjgabjgYTjgb7jgZnjgII8YnI+PGJyPuanmOOAheOBquacgOaWsOmLreOBruapn+adkOOBruWwjuWFpeOChOOAgeiHquekvuijveWTgeOBq+mBqeOBl+OBn+OCquODquOCuOODiuODq+OBruijhee9ruOBrumWi+eZuuOBr+OAgeOCiOOCiumrmOWTgeizquOBp+S/oemgvOOBruOBiuOBkeOCi+aZguioiOOCkuOBiuWxiuOBkeOBmeOCi+OBn+OCgeOBq+OBr+ODnuOCueODiOOBp+OBguOCi+OBqOiAg+OBiOOAgeOBneOCjOOCieOBruWFheWun+OBq+OBr+aKleizh+OCkuaDnOOBl+OCgOOBk+OBqOOBquOBj+ihjOOBquOBo+OBpuOBiuOCiuOBvuOBmeOAgjxicj4KPGJyPgoKPHRhYmxlIHdpZHRoPSIxMDAlIiBib3JkZXI9IjAiIGNlbGxzcGFjaW5nPSIxIiBjZWxscGFkZGluZz0iNSIgYmdjb2xvcj0iI0NDQ0NDQyI+Cjx0cj4KPHRoIGJnY29sb3I9IiNGNEY0RjQiIHdpZHRoPSIyNSUiPuODoeODvOOCq+ODvOWQjTxCUj7vvIjmraPopo/ovLjlhaXku6PnkIblupfvvIk8L3RoPgo8dGQgYmdjb2xvcj0iI0ZGRkZGRiI+5qCq5byP5Lya56S+R03jgqTjg7Pjgr/jg7zjg4rjgrfjg6fjg4rjg6s8L3RkPgo8L3RyPgo8dHI+Cjx0aCBiZ2NvbG9yPSIjRjRGNEY0IiB3aWR0aD0iMjUlIj7jg5bjg6njg7Pjg4nlkI08L3RoPgo8dGQgYmdjb2xvcj0iI0ZGRkZGRiI+44OV44Os44OH44Oq44OD44Kv44O744Kz44Oz44K544K/44Oz44OI77yIRlJFREVSSVFVRSBDT05TVEFOVO+8iTwvdGQ+CjwvdHI+Cjx0cj4KPHRoIGJnY29sb3I9IiNGNEY0RjQiIHdpZHRoPSIyNSUiPuODoOODvOODluODoeODs+ODiDwvdGg+Cjx0ZCBiZ2NvbG9yPSIjRkZGRkZGIj7oh6rli5Xlt7vjgY0oRkMtMzE1KTwvdGQ+CjwvdHI+Cjx0cj4KPHRoIGJnY29sb3I9IiNGNEY0RjQiIHdpZHRoPSIyNSUiPue0oOadkDwvdGg+Cjx0ZCBiZ2NvbG9yPSIjRkZGRkZGIj4K44Kx44O844K577ya44K544OG44Oz44Os44K544K544OG44Kj44O844OrPGJyPgrjgqzjg6njgrnvvJrjgrXjg5XjgqHjgqTjgqLjgq/jg6rjgrnjgr/jg6s8YnI+CuODgOOCpOOCouODq++8muOCsOODquODvOODs+ODgOOCpOOCouODqzxicj4K44OQ44Oz44OJ77ya44Kw44Oq44O844Oz44Gu44Kv44Ot44Kz5Z6L5oq844GX44Os44K244O844K544OI44Op44OD44OXPC90ZD4KPC90cj4KPHRyPgo8dGggYmdjb2xvcj0iI0Y0RjRGNCIgd2lkdGg9IjI1JSI+44K144Kk44K6PC90aD4KPHRkIGJnY29sb3I9IiNGRkZGRkYiPgrjgrHjg7zjgrnlvoTvvJozOG1tPGJyPgo8L3RkPgo8L3RyPgo8dHI+Cjx0aCBiZ2NvbG9yPSIjRjRGNEY0IiB3aWR0aD0iMjUlIj7ph43ph488L3RoPgo8dGQgYmdjb2xvcj0iI0ZGRkZGRiI+LTwvdGQ+CjwvdHI+Cjx0cj4KPHRoIGJnY29sb3I9IiNGNEY0RjQiIHdpZHRoPSIyNSUiPumYsuawtOaApzwvdGg+Cjx0ZCBiZ2NvbG9yPSIjRkZGRkZGIj4z5rCX5Zyn6Ziy5rC0PC90ZD4KPC90cj4KPHRyPgo8dGggYmdjb2xvcj0iI0Y0RjRGNCIgd2lkdGg9IjI1JSI+44Gd44Gu5LuW54m55b60PC90aD4KPHRkIGJnY29sb3I9IiNGRkZGRkYiPgo0MuaZgumWk+ODkeODr+ODvOODquOCtuODvOODljxicj4K44K344O844K544Or44O844Kx44O844K544OQ44OD44KvPGJyPgrjg4fjgqTjg4jooajnpLoKCjwvdGQ+CjwvdHI+Cjx0cj4KPHRoIGJnY29sb3I9IiNGNEY0RjQiIHdpZHRoPSIyNSUiPuOCteOCpOOCuuiqv+aVtOOBq+OBpOOBhOOBpjwvdGg+Cjx0ZCBiZ2NvbG9yPSIjRkZGRkZGIj7pnanjg5Djg7Pjg4njgavjgaTjgY3jgIHjgrXjgqTjgrroqr/mlbTjga/jgYrjgZPjgarjgaPjgabjgYrjgorjgb7jgZvjgpPjgIIKPC90ZD4KPC90cj4KPHRyPgo8dGggYmdjb2xvcj0iI0Y0RjRGNCIgd2lkdGg9IjI1JSI+5L+d6Ki85pyf6ZaTPC90aD4KPHRkIGJnY29sb3I9IiNGRkZGRkYiPuODoeODvOOCq+ODvOS/neiovDLlubQ8YnI+CuOBiuiyt+OBhOS4iuOBkuOBruaZguioiOOBjOOAgeWPluOCiuaJseOBhOiqrOaYjuabuOOBq+ayv+OBo+OBn+ato+W4uOOBquS9v+eUqOeKtuaFi+OBp+aVhemanOOBl+OBn+WgtOWQiOOAgeWPluOCiuaJseOBhOiqrOaYjuabuOOBruiomOi8ieWGheWuueOBruevhOWbsuOBp+OAgeS/neiovOacn+mWk+OBq+mZkOOCiuOAgeeEoeWEn+S/rueQhuiHtOOBl+OBvuOBmeOAgjwvdGQ+CjwvdHI+CjwvdGFibGU+Cgo8YnI+PGZvbnQgY29sb3I9IiNjYzAwMDA7Ij7jgJDjgZTms6jmhI/jgJHlvZPlupfjgYvjgonjga7ov5Tkv6Hjg6Hjg7zjg6vjgYzlsYrjgY3jgb7jgZvjgpPvvIHjg4njg6HjgqTjg7Pop6PpmaTjgpLlv5jjgozjgZrjgavvvIE8L2ZvbnQ+Cjxicj7vvJzlnKjluqvjgavjgaTjgYTjgabvvJ7ml6XjgIXjga7lnKjluqvlpInli5XjgavjgojjgorjgIHnqIDjgavllYblk4Hnorrkv53lh7rmnaXjgarjgYTkuovjgoLjgZTjgZbjgYTjgb7jgZnjgILkuojjgoHjgZTkuobmib/jgY/jgaDjgZXjgYTjgII8YnI+PGJyPjxicj48aW1nIHNyYz0iaHR0cDovL2ltYWdlLnJha3V0ZW4uY28uanAvZ3N4L2NhYmluZXQvbWVyaXQyMDE3MDEuZ2lmIiBhbHQ9Iuato+imj+iyqeWjsuW6l+OBruODoeODquODg+ODiCIgd2lkdGg9IjEwMCUiPjxicj48YnI+PGltZyBzcmM9Imh0dHA6Ly9pbWFnZS5yYWt1dGVuLmNvLmpwL2dzeC9jYWJpbmV0L3NsX3NwLmdpZiIgd2lkdGg9IjEwMCUiIGFsdD0i44K344On44OD44OU44Oz44Kw44Ot44O844Oz44Oq44Oz44KvIj48YnI+,44OV44Os44OH44Oq44OD44Kv44Kz44Oz44K544K/44Oz44OIIOOCt+ODp+ODg+ODlOODs+OCsOODreODvOODs+eEoemHkeWIqeWvvuixoeWTgeODleODrOODh+ODquODg+OCryDjgrPjg7Pjgrnjgr/jg7Pjg4hbRlJFREVSSVFVRSBDT05TVEFOVF3jgq/jg6njgrfjg4Pjgq8g44OP44O844OI44OT44O844OIIOODh+OCpOODiCDkuJbnlYzpmZDlrpo1MDDmnKwgRkMtMzE1REdTM1A2IOODoeODs+OCuiDjgJDohZXmmYLoqIgg5pmC6KiI44CR44CQ44Ku44OV44OIIOODl+ODrOOCvOODs+ODiOOAke+8mlRIRSBXQVRDSCBTSE9QLg==,44Kq44OD44K944Kk44K/44Oq44Kj44Ko44OJ44OD44Kv44K544Kw44Op44Oz44OJ44K744Kk44Kz44O844Ki44K544OI44Ot44Oz44Kr44Oz44OR44OO44Op44K444O844K344On44OD44KvRy1TSE9DS+ODluODreODvOODkOODmeODvOODquODs+OCsOOCueOCq+ODvOOCsuODs+ODleODrOODh+ODquODg+OCr+ODu+OCs+ODs+OCueOCv+ODs+ODiOODhOODouODquODgeOCteODiOODn+ODiuOCu+OCu+OCpOOCs+ODvOOCq+OCt+OCqkdTWOWIhuWJsuaJi+aVsOaWmeeEoeaWmeOCt+ODp+ODg+ODlOODs+OCsOODreODvOODs+eEoemHkeWIqXRoZSB3YXRjaCBzaG9w6IWV5pmC6KiI44OV44Os44OH44Oq44OD44Kv44Kz44Oz44K544K/44Oz44OIIOOCt+ODp+ODg+ODlOODs+OCsOODreODvOODs+eEoemHkeWIqeWvvuixoeWTgeODleODrOODh+ODquODg+OCryDjgrPjg7Pjgrnjgr/jg7Pjg4hbRlJFREVSSVFVRSBDT05TVEFOVF3jgq/jg6njgrfjg4Pjgq8g44OP44O844OI44OT44O844OIIOODh+OCpOODiCDkuJbnlYzpmZDlrpo1MDDmnKwgRkMtMzE1REdTM1A2IOODoeODs+OCuiDjgJDohZXmmYLoqIgg5pmC6KiI44CR44CQ44Ku44OV44OIIOODl+ODrOOCvOODs+ODiOOAkQ==,5q2j6KaP5ZOBL+ODleODrOODh+ODquODg+OCryDjgrPjg7Pjgrnjgr/jg7Pjg4gvRkMtMzE1REdTM1A244CC44OV44Os44OH44Oq44OD44Kv44Kz44Oz44K544K/44Oz44OIIOOCt+ODp+ODg+ODlOODs+OCsOODreODvOODs+eEoemHkeWIqeWvvuixoeWTgeODleODrOODh+ODquODg+OCryDjgrPjg7Pjgrnjgr/jg7Pjg4hbRlJFREVSSVFVRSBDT05TVEFOVF3jgq/jg6njgrfjg4Pjgq8g44OP44O844OI44OT44O844OIIOODh+OCpOODiCDkuJbnlYzpmZDlrpo1MDDmnKwgRkMtMzE1REdTM1A2IOODoeODs+OCuiDjgJDohZXmmYLoqIgg5pmC6KiI44CR44CQ44Ku44OV44OIIOODl+ODrOOCvOODs+ODiOOAkQ==[rn]
16-122073,aHR0cDovL3RzaG9wLnIxMHMuanAvZ3N4L2NhYmluZXQvZnJlZGVyaXF1ZS9zZWlraS9mcmQtMDQ5LmpwZz9maXRpbj03MDA6NzAw,MjUwNTYwLjAwMDA=,,6IWV5pmC6KiIID4g44Oh44Oz44K66IWV5pmC6KiI,44OV44Os44OH44Oq44OD44Kv44Kz44Oz44K544K/44Oz44OIIOOCt+ODp+ODg+ODlOODs+OCsOODreODvOODs+eEoemHkeWIqeWvvuixoeWTgeODleODrOODh+ODquODg+OCryDjgrPjg7Pjgrnjgr/jg7Pjg4hbRlJFREVSSVFVRSBDT05TVEFOVF3jgq/jg6njgrfjg4Pjgq8g44Oe44OL44Ol44OV44Kh44Kv44OB44Ol44O844OrW0NMQVNTSUNTXSBGQy03MTBNQzRINiDjg6Hjg7Pjgrog44CQ6IWV5pmC6KiIIOaZguioiOOAkeOAkOOCruODleODiCDjg5fjg6zjgrzjg7Pjg4jjgJE=,5q2j6KaP5ZOBL+ODleODrOODh+ODquODg+OCryDjgrPjg7Pjgrnjgr/jg7Pjg4gvRkMtNzEwTUM0SDY=,PHRhYmxlIHdpZHRoPSIxMDAlIiBib3JkZXI9IjEiIGNlbGxzcGFjaW5nPSIxIiBib3JkZXJjb2xvcj0iI0NDMDAwMCIgY2VsbHBhZGRpbmc9IjEwIj4KPHRyPgo8dGQ+Cjxmb250IGNvbG9yPSIjY2MwMDAwOyI+77yc5Zyo5bqr44Gr6Zai44GX44Gm77yePC9mb250PuWPluOCiuWvhOOBm+WVhuWTgeOBruWgtOWQiOOBr+OAgeOBlOazqOaWh+eiuuiqjeW+jOODoeODvOOCq+ODvOWcqOW6q+eiuuiqjeOBqOOBquOCiuOBvuOBmeOAggrml6XjgIXjga7lnKjluqvlpInli5XjgavjgojjgorjgIHjgZTluIzmnJvjgavmt7vjgYjjgarjgYTlj6/og73mgKfjgoLjgZTjgZbjgYTjgb7jgZnjgII8YnI+5b2T5bqX44GL44KJ44Gu5Zyo5bqr5pyJ54Sh44Gu44Oh44O844Or44Gu6L+U5L+h44KS5b+F44Ga44GU56K66KqN44GP44Gg44GV44GE44CCPGJyPgo8Zm9udCBjb2xvcj0iI2NjMDAwMDsiPuOAkOOBlOazqOaEj+OAkTwvZm9udD7lvZPlupfjgYvjgonjga7ov5Tkv6Hjg6Hjg7zjg6vjgYzlsYrjgY3jgb7jgZvjgpPvvIE8YnI+44OJ44Oh44Kk44Oz6Kej6Zmk44KS5b+Y44KM44Ga44Gr77yBPC90ZD4KPC90cj4KPC90YWJsZT4KPGJyPjxpbWcgc3JjPSJodHRwOi8vaW1hZ2UucmFrdXRlbi5jby5qcC9nc3gvY2FiaW5ldC9mcmVkZXJpcXVlL2ZyZV8xNDEyMTYuanBnIiB3aWR0aD0iMTAwJSIgYWx0PSLjg5Xjg6zjg4fjg6rjg4Pjgq8g44Kz44Oz44K544K/44Oz44OILEZSRURFUklRVUUgQ09OU1RBTlQiPgoK4peP44OV44Os44OH44Oq44OD44KvIOOCs+ODs+OCueOCv+ODs+ODiOOBqOOBr++8nzxicj4K44OV44Os44OH44Oq44OD44Kv44O744Kz44Oz44K544K/44Oz44OI44Gv44CB44K544Kk44K544O744K444Ol44ON44O844OW44KS5pys5oug5Zyw44Go44GZ44KL44K544Kk44K544Gu44Oe44OL44Ol44OV44Kh44Kv44OB44Ol44O844Or5pmC6KiI44Oh44O844Kr44O844Gn44GZ44CC44OH44K244Kk44Oz44Gu56uL44Gh5LiK44GS44GL44KJ44Og44O844OW44Oh44Oz44OI44KS5Yid44KB44Go44GZ44KL6YOo5ZOB44KE57WE44G/56uL44Gm44Gr6Iez44KL44G+44Gn44CB5YWo44Gm5LiA6LKr44GX44Gm6Ieq56S+44Gn6KGM44Gj44Gm44GE44KL44K544Kk44K544Gn44KC5pWw5bCR44Gq44GE44Oh44O844Kr44O844Gn44GZ44CCPGJyPgoKCjxpbWcgc3JjPSJodHRwOi8vaW1hZ2UucmFrdXRlbi5jby5qcC9nc3gvY2FiaW5ldC9mcmVkZXJpcXVlL2ZyZV8xNDEyMTZfMDIuanBnIiB3aWR0aD0iMTAwJSIgYWx0PSLjg5Xjg6zjg4fjg6rjg4Pjgq8g44Kz44Oz44K544K/44Oz44OILEZSRURFUklRVUUgQ09OU1RBTlQiPjxicj4K4pePUVVBTElUWS/nlJ/nlKPjgajlk4Hos6rnrqHnkIY8YnI+CuOCueOCpOOCueOAgeOCuOODpeODjeODvOODluOBq+OBguOCi+ODleODrOODh+ODquODg+OCr+ODu+OCs+ODs+OCueOCv+ODs+ODiOOBruW3peWgtOOBp+OBr+OAgeODh+OCtuOCpOODs+OChOioreioiOOBi+OCieacgOe1gue1hOeri+OBpuOBvuOBp+OCkuS4gOiyq+OBl+OBpuihjOOBquOBo+OBpuOBiuOCiuOAgeaZguioiOOBsuOBqOOBpOOBsuOBqOOBpOOBq+aEm+aDheOCkui+vOOCgeOBpuS9nOOBo+OBpuOBhOOBvuOBmeOAgjE5ODjlubTlibXmpa3jga7oi6XjgYTmmYLoqIjjg5bjg6njg7Pjg4njgarjgYzjgonjgIHjgrnjgqTjgrnjga7mlbDlsJHjgarjgYTjg57jg4vjg6Xjg5XjgqHjgq/jg4Hjg6Xjg7zjg6vjg5bjg6njg7Pjg4njgajjgZfjgabnnYDjgIXjgajmiJDplbfjgpLpgYLjgZLjgabjgYTjgb7jgZnjgILmpa3nuL7jga/lj7PogqnkuIrjgYzjgorjgafjgIHnlJ/nlKPmnKzmlbDjgoLmr47lubTlopfjgYjntprjgZHjgabjgYTjgb7jgZnjgYzjgIHnlJ/nlKPlirnnjofjga7lkJHkuIrjgajjgajjgoLjgavlk4Hos6rnrqHnkIbjgavjgoLnibnjgavlipvjgpLms6jjgY7jgIHlopfnlKPjgavjgojjgovjgq/jgqrjg6rjg4bjgqPjga7kvY7kuIvjgYzotbfjgZPjgovkuovjgYznhKHjgYTjgojjgYbntLDlv4Pjga7ms6jmhI/jgpLmiZXjgaPjgabjgYTjgb7jgZnjgILmp5jjgIXjgarmnIDmlrDpi63jga7mqZ/mnZDjga7lsI7lhaXjgoTjgIHoh6rnpL7oo73lk4HjgavpganjgZfjgZ/jgqrjg6rjgrjjg4rjg6vjga7oo4Xnva7jga7plovnmbrjga/jgIHjgojjgorpq5jlk4Hos6rjgafkv6HpoLzjga7jgYrjgZHjgovmmYLoqIjjgpLjgYrlsYrjgZHjgZnjgovjgZ/jgoHjgavjga/jg57jgrnjg4jjgafjgYLjgovjgajogIPjgYjjgIHjgZ3jgozjgonjga7lhYXlrp/jgavjga/mipXos4fjgpLmg5zjgZfjgoDjgZPjgajjgarjgY/ooYzjgarjgaPjgabjgYrjgorjgb7jgZnjgII8YnI+Cgo8dGFibGUgd2lkdGg9IjEwMCUiIGJvcmRlcj0iMCIgY2VsbHNwYWNpbmc9IjEiIGNlbGxwYWRkaW5nPSI1IiBiZ2NvbG9yPSIjQ0NDQ0NDIj4KPHRyPgo8dGggYmdjb2xvcj0iI0Y0RjRGNCIgd2lkdGg9IjI1JSI+44Oh44O844Kr44O85ZCNPEJSPu+8iOato+imj+i8uOWFpeS7o+eQhuW6l++8iTwvdGg+Cjx0ZCBiZ2NvbG9yPSIjRkZGRkZGIj7moKrlvI/kvJrnpL5HTeOCpOODs+OCv+ODvOODiuOCt+ODp+ODiuODqzwvdGQ+CjwvdHI+Cjx0cj4KPHRoIGJnY29sb3I9IiNGNEY0RjQiIHdpZHRoPSIyNSUiPuODluODqeODs+ODieWQjTwvdGg+Cjx0ZCBiZ2NvbG9yPSIjRkZGRkZGIj7jg5Xjg6zjg4fjg6rjg4Pjgq/jg7vjgrPjg7Pjgrnjgr/jg7Pjg4jvvIhGUkVERVJJUVVFIENPTlNUQU5U77yJPC90ZD4KPC90cj4KPHRyPgo8dGggYmdjb2xvcj0iI0Y0RjRGNCIgd2lkdGg9IjI1JSI+44Og44O844OW44Oh44Oz44OIPC90aD4KPHRkIGJnY29sb3I9IiNGRkZGRkYiPuiHquWLleW3u+OBjShGQy03MTApPC90ZD4KPC90cj4KPHRyPgo8dGggYmdjb2xvcj0iI0Y0RjRGNCIgd2lkdGg9IjI1JSI+57Sg5p2QPC90aD4KPHRkIGJnY29sb3I9IiNGRkZGRkYiPgrjgrHjg7zjgrnvvJrjgrnjg4bjg7Pjg6zjgrnjgrnjg4bjgqPjg7zjg6s8YnI+CuOCrOODqeOCue+8muODieODvOODoOWei+OCteODleOCoeOCpOOCouOCr+ODquOCueOCv+ODqzxicj4K44OA44Kk44Ki44Or77ya44Ku44On44O844K344Kn6KOF6aO+44Gu44K344Or44OQ44O844CBNuaZguS9jee9ruOBq+aXpeS7mOihqOekujxicj4K44OQ44Oz44OJ77ya44Kv44Ot44Kz5Z6L5oq844GX44Kr44O844OV44K544OI44Op44OD44OXPC90ZD4KPC90cj4KPHRyPgo8dGggYmdjb2xvcj0iI0Y0RjRGNCIgd2lkdGg9IjI1JSI+44K144Kk44K6PC90aD4KPHRkIGJnY29sb3I9IiNGRkZGRkYiPgrjgrHjg7zjgrnlvoTvvJo0Mm1tPGJyPgo8L3RkPgo8L3RyPgo8dHI+Cjx0aCBiZ2NvbG9yPSIjRjRGNEY0IiB3aWR0aD0iMjUlIj7ph43ph488L3RoPgo8dGQgYmdjb2xvcj0iI0ZGRkZGRiI+LTwvdGQ+CjwvdHI+Cjx0cj4KPHRoIGJnY29sb3I9IiNGNEY0RjQiIHdpZHRoPSIyNSUiPumYsuawtOaApzwvdGg+Cjx0ZCBiZ2NvbG9yPSIjRkZGRkZGIj415rCX5Zyn6Ziy5rC0PC90ZD4KPC90cj4KPHRyPgo8dGggYmdjb2xvcj0iI0Y0RjRGNCIgd2lkdGg9IjI1JSI+44Gd44Gu5LuW54m55b60PC90aD4KPHRkIGJnY29sb3I9IiNGRkZGRkYiPgrjgrfjg7zjgrnjg6vjg7zjgrHjg7zjgrnjg5Djg4Pjgq88YnI+CjQy5pmC6ZaT44OR44Ov44O844Oq44K244O844OWPGJyPgrjg5rjg6vjg6njg7zjgrjjg6Um44K144O844Kt44Ol44Op44O844Kz44O844OI44O744OJ44O744K444Ol44ON44O844OW6KOF6aO+CjwvdGQ+CjwvdHI+Cjx0cj4KPHRoIGJnY29sb3I9IiNGNEY0RjQiIHdpZHRoPSIyNSUiPuOCteOCpOOCuuiqv+aVtOOBq+OBpOOBhOOBpjwvdGg+Cjx0ZCBiZ2NvbG9yPSIjRkZGRkZGIj4K6Z2p44OQ44Oz44OJ44Gr44Gk44GN44CB44K144Kk44K66Kq/5pW044Gv44GK44GT44Gq44Gj44Gm44GK44KK44G+44Gb44KT44CCCjwvdGQ+CjwvdHI+Cjx0cj4KPHRoIGJnY29sb3I9IiNGNEY0RjQiIHdpZHRoPSIyNSUiPuS/neiovOacn+mWkzwvdGg+Cjx0ZCBiZ2NvbG9yPSIjRkZGRkZGIj7jg6Hjg7zjgqvjg7zkv53oqLwy5bm0PGJyPgrjgYrosrfjgYTkuIrjgZLjga7mmYLoqIjjgYzjgIHlj5bjgormibHjgYToqqzmmI7mm7jjgavmsr/jgaPjgZ/mraPluLjjgarkvb/nlKjnirbmhYvjgafmlYXpmpzjgZfjgZ/loLTlkIjjgIHlj5bjgormibHjgYToqqzmmI7mm7jjga7oqJjovInlhoXlrrnjga7nr4Tlm7LjgafjgIHkv53oqLzmnJ/plpPjgavpmZDjgorjgIHnhKHlhJ/kv67nkIboh7TjgZfjgb7jgZnjgII8L3RkPgo8L3RyPgo8L3RhYmxlPgoKPGJyPjxmb250IGNvbG9yPSIjY2MwMDAwOyI+44CQ44GU5rOo5oSP44CR5b2T5bqX44GL44KJ44Gu6L+U5L+h44Oh44O844Or44GM5bGK44GN44G+44Gb44KT77yB44OJ44Oh44Kk44Oz6Kej6Zmk44KS5b+Y44KM44Ga44Gr77yBPC9mb250Pgo8YnI+77yc5Zyo5bqr44Gr44Gk44GE44Gm77ye5pel44CF44Gu5Zyo5bqr5aSJ5YuV44Gr44KI44KK44CB56iA44Gr5ZWG5ZOB56K65L+d5Ye65p2l44Gq44GE5LqL44KC44GU44GW44GE44G+44GZ44CC5LqI44KB44GU5LqG5om/44GP44Gg44GV44GE44CCPGJyPjxicj48YnI+PGltZyBzcmM9Imh0dHA6Ly9pbWFnZS5yYWt1dGVuLmNvLmpwL2dzeC9jYWJpbmV0L21lcml0MjAxNzAxLmdpZiIgYWx0PSLmraPopo/osqnlo7Llupfjga7jg6Hjg6rjg4Pjg4giIHdpZHRoPSIxMDAlIj48YnI+PGJyPjxpbWcgc3JjPSJodHRwOi8vaW1hZ2UucmFrdXRlbi5jby5qcC9nc3gvY2FiaW5ldC9zbF9zcC5naWYiIHdpZHRoPSIxMDAlIiBhbHQ9IuOCt+ODp+ODg+ODlOODs+OCsOODreODvOODs+ODquODs+OCryI+PGJyPg==,44OV44Os44OH44Oq44OD44Kv44Kz44Oz44K544K/44Oz44OIIOOCt+ODp+ODg+ODlOODs+OCsOODreODvOODs+eEoemHkeWIqeWvvuixoeWTgeODleODrOODh+ODquODg+OCryDjgrPjg7Pjgrnjgr/jg7Pjg4hbRlJFREVSSVFVRSBDT05TVEFOVF3jgq/jg6njgrfjg4Pjgq8g44Oe44OL44Ol44OV44Kh44Kv44OB44Ol44O844OrW0NMQVNTSUNTXSBGQy03MTBNQzRINiDjg6Hjg7Pjgrog44CQ6IWV5pmC6KiIIOaZguioiOOAkeOAkOOCruODleODiCDjg5fjg6zjgrzjg7Pjg4jjgJHvvJpUSEUgV0FUQ0ggU0hPUC4=,44Kq44OD44K944Kk44K/44Oq44Kj44Ko44OJ44OD44Kv44K544Kw44Op44Oz44OJ44K744Kk44Kz44O844Ki44K544OI44Ot44Oz44Kr44Oz44OR44OO44Op44K444O844K344On44OD44KvRy1TSE9DS+ODluODreODvOODkOODmeODvOODquODs+OCsOOCueOCq+ODvOOCsuODs+ODleODrOODh+ODquODg+OCr+ODu+OCs+ODs+OCueOCv+ODs+ODiOODhOODouODquODgeOCteODiOODn+ODiuOCu+OCu+OCpOOCs+ODvOOCq+OCt+OCqkdTWOWIhuWJsuaJi+aVsOaWmeeEoeaWmeOCt+ODp+ODg+ODlOODs+OCsOODreODvOODs+eEoemHkeWIqXRoZSB3YXRjaCBzaG9w6IWV5pmC6KiI44OV44Os44OH44Oq44OD44Kv44Kz44Oz44K544K/44Oz44OIIOOCt+ODp+ODg+ODlOODs+OCsOODreODvOODs+eEoemHkeWIqeWvvuixoeWTgeODleODrOODh+ODquODg+OCryDjgrPjg7Pjgrnjgr/jg7Pjg4hbRlJFREVSSVFVRSBDT05TVEFOVF3jgq/jg6njgrfjg4Pjgq8g44Oe44OL44Ol44OV44Kh44Kv44OB44Ol44O844OrW0NMQVNTSUNTXSBGQy03MTBNQzRINiDjg6Hjg7Pjgrog44CQ6IWV5pmC6KiIIOaZguioiOOAkeOAkOOCruODleODiCDjg5fjg6zjgrzjg7Pjg4jjgJE=,5q2j6KaP5ZOBL+ODleODrOODh+ODquODg+OCryDjgrPjg7Pjgrnjgr/jg7Pjg4gvRkMtNzEwTUM0SDbjgILjg5Xjg6zjg4fjg6rjg4Pjgq/jgrPjg7Pjgrnjgr/jg7Pjg4gg44K344On44OD44OU44Oz44Kw44Ot44O844Oz54Sh6YeR5Yip5a++6LGh5ZOB44OV44Os44OH44Oq44OD44KvIOOCs+ODs+OCueOCv+ODs+ODiFtGUkVERVJJUVVFIENPTlNUQU5UXeOCr+ODqeOCt+ODg+OCryDjg57jg4vjg6Xjg5XjgqHjgq/jg4Hjg6Xjg7zjg6tbQ0xBU1NJQ1NdIEZDLTcxME1DNEg2IOODoeODs+OCuiDjgJDohZXmmYLoqIgg5pmC6KiI44CR44CQ44Ku44OV44OIIOODl+ODrOOCvOODs+ODiOOAkQ==[rn]
16-122074,aHR0cDovL3RzaG9wLnIxMHMuanAvZ3N4L2NhYmluZXQvZnJlZGVyaXF1ZS9zZWlraS9mcmQtMDQ4LmpwZz9maXRpbj03MDA6NzAw,Mjg5NDQwLjAwMDA=,,6IWV5pmC6KiIID4g44Oh44Oz44K66IWV5pmC6KiI,44OV44Os44OH44Oq44OD44Kv44Kz44Oz44K544K/44Oz44OIIOOCt+ODp+ODg+ODlOODs+OCsOODreODvOODs+eEoemHkeWIqeWvvuixoeWTgeODleODrOODh+ODquODg+OCryDjgrPjg7Pjgrnjgr/jg7Pjg4hbRlJFREVSSVFVRSBDT05TVEFOVF3jgq/jg6njgrfjg4Pjgq8g44Oe44OL44Ol44OV44Kh44Kv44OB44Ol44O844OrW0NMQVNTSUNTXSBGQy03MTBNQzRINCDjg6Hjg7Pjgrog44CQ6IWV5pmC6KiIIOaZguioiOOAkeOAkOOCruODleODiCDjg5fjg6zjgrzjg7Pjg4jjgJE=,5q2j6KaP5ZOBL+ODleODrOODh+ODquODg+OCryDjgrPjg7Pjgrnjgr/jg7Pjg4gvRkMtNzEwTUM0SDQ=,PHRhYmxlIHdpZHRoPSIxMDAlIiBib3JkZXI9IjEiIGNlbGxzcGFjaW5nPSIxIiBib3JkZXJjb2xvcj0iI0NDMDAwMCIgY2VsbHBhZGRpbmc9IjEwIj4KPHRyPgo8dGQ+Cjxmb250IGNvbG9yPSIjY2MwMDAwOyI+77yc5Zyo5bqr44Gr6Zai44GX44Gm77yePC9mb250PuWPluOCiuWvhOOBm+WVhuWTgeOBruWgtOWQiOOBr+OAgeOBlOazqOaWh+eiuuiqjeW+jOODoeODvOOCq+ODvOWcqOW6q+eiuuiqjeOBqOOBquOCiuOBvuOBmeOAggrml6XjgIXjga7lnKjluqvlpInli5XjgavjgojjgorjgIHjgZTluIzmnJvjgavmt7vjgYjjgarjgYTlj6/og73mgKfjgoLjgZTjgZbjgYTjgb7jgZnjgII8YnI+5b2T5bqX44GL44KJ44Gu5Zyo5bqr5pyJ54Sh44Gu44Oh44O844Or44Gu6L+U5L+h44KS5b+F44Ga44GU56K66KqN44GP44Gg44GV44GE44CCPGJyPgo8Zm9udCBjb2xvcj0iI2NjMDAwMDsiPuOAkOOBlOazqOaEj+OAkTwvZm9udD7lvZPlupfjgYvjgonjga7ov5Tkv6Hjg6Hjg7zjg6vjgYzlsYrjgY3jgb7jgZvjgpPvvIE8YnI+44OJ44Oh44Kk44Oz6Kej6Zmk44KS5b+Y44KM44Ga44Gr77yBPC90ZD4KPC90cj4KPC90YWJsZT4KPGJyPjxpbWcgc3JjPSJodHRwOi8vaW1hZ2UucmFrdXRlbi5jby5qcC9nc3gvY2FiaW5ldC9mcmVkZXJpcXVlL2ZyZV8xNDEyMTYuanBnIiB3aWR0aD0iMTAwJSIgYWx0PSLjg5Xjg6zjg4fjg6rjg4Pjgq8g44Kz44Oz44K544K/44Oz44OILEZSRURFUklRVUUgQ09OU1RBTlQiPgoK4peP44OV44Os44OH44Oq44OD44KvIOOCs+ODs+OCueOCv+ODs+ODiOOBqOOBr++8nzxicj4K44OV44Os44OH44Oq44OD44Kv44O744Kz44Oz44K544K/44Oz44OI44Gv44CB44K544Kk44K544O744K444Ol44ON44O844OW44KS5pys5oug5Zyw44Go44GZ44KL44K544Kk44K544Gu44Oe44OL44Ol44OV44Kh44Kv44OB44Ol44O844Or5pmC6KiI44Oh44O844Kr44O844Gn44GZ44CC44OH44K244Kk44Oz44Gu56uL44Gh5LiK44GS44GL44KJ44Og44O844OW44Oh44Oz44OI44KS5Yid44KB44Go44GZ44KL6YOo5ZOB44KE57WE44G/56uL44Gm44Gr6Iez44KL44G+44Gn44CB5YWo44Gm5LiA6LKr44GX44Gm6Ieq56S+44Gn6KGM44Gj44Gm44GE44KL44K544Kk44K544Gn44KC5pWw5bCR44Gq44GE44Oh44O844Kr44O844Gn44GZ44CCPGJyPgoKCjxpbWcgc3JjPSJodHRwOi8vaW1hZ2UucmFrdXRlbi5jby5qcC9nc3gvY2FiaW5ldC9mcmVkZXJpcXVlL2ZyZV8xNDEyMTZfMDIuanBnIiB3aWR0aD0iMTAwJSIgYWx0PSLjg5Xjg6zjg4fjg6rjg4Pjgq8g44Kz44Oz44K544K/44Oz44OILEZSRURFUklRVUUgQ09OU1RBTlQiPjxicj4K4pePUVVBTElUWS/nlJ/nlKPjgajlk4Hos6rnrqHnkIY8YnI+CuOCueOCpOOCueOAgeOCuOODpeODjeODvOODluOBq+OBguOCi+ODleODrOODh+ODquODg+OCr+ODu+OCs+ODs+OCueOCv+ODs+ODiOOBruW3peWgtOOBp+OBr+OAgeODh+OCtuOCpOODs+OChOioreioiOOBi+OCieacgOe1gue1hOeri+OBpuOBvuOBp+OCkuS4gOiyq+OBl+OBpuihjOOBquOBo+OBpuOBiuOCiuOAgeaZguioiOOBsuOBqOOBpOOBsuOBqOOBpOOBq+aEm+aDheOCkui+vOOCgeOBpuS9nOOBo+OBpuOBhOOBvuOBmeOAgjE5ODjlubTlibXmpa3jga7oi6XjgYTmmYLoqIjjg5bjg6njg7Pjg4njgarjgYzjgonjgIHjgrnjgqTjgrnjga7mlbDlsJHjgarjgYTjg57jg4vjg6Xjg5XjgqHjgq/jg4Hjg6Xjg7zjg6vjg5bjg6njg7Pjg4njgajjgZfjgabnnYDjgIXjgajmiJDplbfjgpLpgYLjgZLjgabjgYTjgb7jgZnjgILmpa3nuL7jga/lj7PogqnkuIrjgYzjgorjgafjgIHnlJ/nlKPmnKzmlbDjgoLmr47lubTlopfjgYjntprjgZHjgabjgYTjgb7jgZnjgYzjgIHnlJ/nlKPlirnnjofjga7lkJHkuIrjgajjgajjgoLjgavlk4Hos6rnrqHnkIbjgavjgoLnibnjgavlipvjgpLms6jjgY7jgIHlopfnlKPjgavjgojjgovjgq/jgqrjg6rjg4bjgqPjga7kvY7kuIvjgYzotbfjgZPjgovkuovjgYznhKHjgYTjgojjgYbntLDlv4Pjga7ms6jmhI/jgpLmiZXjgaPjgabjgYTjgb7jgZnjgILmp5jjgIXjgarmnIDmlrDpi63jga7mqZ/mnZDjga7lsI7lhaXjgoTjgIHoh6rnpL7oo73lk4HjgavpganjgZfjgZ/jgqrjg6rjgrjjg4rjg6vjga7oo4Xnva7jga7plovnmbrjga/jgIHjgojjgorpq5jlk4Hos6rjgafkv6HpoLzjga7jgYrjgZHjgovmmYLoqIjjgpLjgYrlsYrjgZHjgZnjgovjgZ/jgoHjgavjga/jg57jgrnjg4jjgafjgYLjgovjgajogIPjgYjjgIHjgZ3jgozjgonjga7lhYXlrp/jgavjga/mipXos4fjgpLmg5zjgZfjgoDjgZPjgajjgarjgY/ooYzjgarjgaPjgabjgYrjgorjgb7jgZnjgII8YnI+Cgo8dGFibGUgd2lkdGg9IjEwMCUiIGJvcmRlcj0iMCIgY2VsbHNwYWNpbmc9IjEiIGNlbGxwYWRkaW5nPSI1IiBiZ2NvbG9yPSIjQ0NDQ0NDIj4KPHRyPgo8dGggYmdjb2xvcj0iI0Y0RjRGNCIgd2lkdGg9IjI1JSI+44Oh44O844Kr44O85ZCNPEJSPu+8iOato+imj+i8uOWFpeS7o+eQhuW6l++8iTwvdGg+Cjx0ZCBiZ2NvbG9yPSIjRkZGRkZGIj7moKrlvI/kvJrnpL5HTeOCpOODs+OCv+ODvOODiuOCt+ODp+ODiuODqzwvdGQ+CjwvdHI+Cjx0cj4KPHRoIGJnY29sb3I9IiNGNEY0RjQiIHdpZHRoPSIyNSUiPuODluODqeODs+ODieWQjTwvdGg+Cjx0ZCBiZ2NvbG9yPSIjRkZGRkZGIj7jg5Xjg6zjg4fjg6rjg4Pjgq/jg7vjgrPjg7Pjgrnjgr/jg7Pjg4jvvIhGUkVERVJJUVVFIENPTlNUQU5U77yJPC90ZD4KPC90cj4KPHRyPgo8dGggYmdjb2xvcj0iI0Y0RjRGNCIgd2lkdGg9IjI1JSI+44Og44O844OW44Oh44Oz44OIPC90aD4KPHRkIGJnY29sb3I9IiNGRkZGRkYiPuiHquWLleW3u+OBjShGQy03MTApPC90ZD4KPC90cj4KPHRyPgo8dGggYmdjb2xvcj0iI0Y0RjRGNCIgd2lkdGg9IjI1JSI+57Sg5p2QPC90aD4KPHRkIGJnY29sb3I9IiNGRkZGRkYiPgrjgrHjg7zjgrnvvJrjgrnjg4bjg7Pjg6zjgrnjgrnjg4bjgqPjg7zjg6so44Ot44O844K644K044O844Or44OJKTxicj4K44Ks44Op44K577ya44OJ44O844Og5Z6L44K144OV44Kh44Kk44Ki44Kv44Oq44K544K/44OrPGJyPgrjg4DjgqTjgqLjg6vvvJrjgq7jg6fjg7zjgrfjgqfoo4Xpo77jga7jgrfjg6vjg5Djg7zjgIE25pmC5L2N572u44Gr5pel5LuY6KGo56S6PGJyPgrjg5Djg7Pjg4nvvJrjgq/jg63jgrPlnovmirzjgZfjgqvjg7zjg5Xjgrnjg4jjg6njg4Pjg5c8L3RkPgo8L3RyPgo8dHI+Cjx0aCBiZ2NvbG9yPSIjRjRGNEY0IiB3aWR0aD0iMjUlIj7jgrXjgqTjgro8L3RoPgo8dGQgYmdjb2xvcj0iI0ZGRkZGRiI+CuOCseODvOOCueW+hO+8mjQybW08YnI+CjwvdGQ+CjwvdHI+Cjx0cj4KPHRoIGJnY29sb3I9IiNGNEY0RjQiIHdpZHRoPSIyNSUiPumHjemHjzwvdGg+Cjx0ZCBiZ2NvbG9yPSIjRkZGRkZGIj4tPC90ZD4KPC90cj4KPHRyPgo8dGggYmdjb2xvcj0iI0Y0RjRGNCIgd2lkdGg9IjI1JSI+6Ziy5rC05oCnPC90aD4KPHRkIGJnY29sb3I9IiNGRkZGRkYiPjXmsJflnKfpmLLmsLQ8L3RkPgo8L3RyPgo8dHI+Cjx0aCBiZ2NvbG9yPSIjRjRGNEY0IiB3aWR0aD0iMjUlIj7jgZ3jga7ku5bnibnlvrQ8L3RoPgo8dGQgYmdjb2xvcj0iI0ZGRkZGRiI+CuOCt+ODvOOCueODq+ODvOOCseODvOOCueODkOODg+OCrzxicj4KNDLmmYLplpPjg5Hjg6/jg7zjg6rjgrbjg7zjg5Y8YnI+CuODmuODq+ODqeODvOOCuOODpSbjgrXjg7zjgq3jg6Xjg6njg7zjgrPjg7zjg4jjg7vjg4njg7vjgrjjg6Xjg43jg7zjg5boo4Xpo74KPC90ZD4KPC90cj4KPHRyPgo8dGggYmdjb2xvcj0iI0Y0RjRGNCIgd2lkdGg9IjI1JSI+44K144Kk44K66Kq/5pW044Gr44Gk44GE44GmPC90aD4KPHRkIGJnY29sb3I9IiNGRkZGRkYiPgrpnanjg5Djg7Pjg4njgavjgaTjgY3jgIHjgrXjgqTjgrroqr/mlbTjga/jgYrjgZPjgarjgaPjgabjgYrjgorjgb7jgZvjgpPjgIIKPC90ZD4KPC90cj4KPHRyPgo8dGggYmdjb2xvcj0iI0Y0RjRGNCIgd2lkdGg9IjI1JSI+5L+d6Ki85pyf6ZaTPC90aD4KPHRkIGJnY29sb3I9IiNGRkZGRkYiPuODoeODvOOCq+ODvOS/neiovDLlubQ8YnI+CuOBiuiyt+OBhOS4iuOBkuOBruaZguioiOOBjOOAgeWPluOCiuaJseOBhOiqrOaYjuabuOOBq+ayv+OBo+OBn+ato+W4uOOBquS9v+eUqOeKtuaFi+OBp+aVhemanOOBl+OBn+WgtOWQiOOAgeWPluOCiuaJseOBhOiqrOaYjuabuOOBruiomOi8ieWGheWuueOBruevhOWbsuOBp+OAgeS/neiovOacn+mWk+OBq+mZkOOCiuOAgeeEoeWEn+S/rueQhuiHtOOBl+OBvuOBmeOAgjwvdGQ+CjwvdHI+CjwvdGFibGU+Cgo8YnI+PGZvbnQgY29sb3I9IiNjYzAwMDA7Ij7jgJDjgZTms6jmhI/jgJHlvZPlupfjgYvjgonjga7ov5Tkv6Hjg6Hjg7zjg6vjgYzlsYrjgY3jgb7jgZvjgpPvvIHjg4njg6HjgqTjg7Pop6PpmaTjgpLlv5jjgozjgZrjgavvvIE8L2ZvbnQ+Cjxicj7vvJzlnKjluqvjgavjgaTjgYTjgabvvJ7ml6XjgIXjga7lnKjluqvlpInli5XjgavjgojjgorjgIHnqIDjgavllYblk4Hnorrkv53lh7rmnaXjgarjgYTkuovjgoLjgZTjgZbjgYTjgb7jgZnjgILkuojjgoHjgZTkuobmib/jgY/jgaDjgZXjgYTjgII8YnI+PGJyPjxicj48aW1nIHNyYz0iaHR0cDovL2ltYWdlLnJha3V0ZW4uY28uanAvZ3N4L2NhYmluZXQvbWVyaXQyMDE3MDEuZ2lmIiBhbHQ9Iuato+imj+iyqeWjsuW6l+OBruODoeODquODg+ODiCIgd2lkdGg9IjEwMCUiPjxicj48YnI+PGltZyBzcmM9Imh0dHA6Ly9pbWFnZS5yYWt1dGVuLmNvLmpwL2dzeC9jYWJpbmV0L3NsX3NwLmdpZiIgd2lkdGg9IjEwMCUiIGFsdD0i44K344On44OD44OU44Oz44Kw44Ot44O844Oz44Oq44Oz44KvIj48YnI+,44OV44Os44OH44Oq44OD44Kv44Kz44Oz44K544K/44Oz44OIIOOCt+ODp+ODg+ODlOODs+OCsOODreODvOODs+eEoemHkeWIqeWvvuixoeWTgeODleODrOODh+ODquODg+OCryDjgrPjg7Pjgrnjgr/jg7Pjg4hbRlJFREVSSVFVRSBDT05TVEFOVF3jgq/jg6njgrfjg4Pjgq8g44Oe44OL44Ol44OV44Kh44Kv44OB44Ol44O844OrW0NMQVNTSUNTXSBGQy03MTBNQzRINCDjg6Hjg7Pjgrog44CQ6IWV5pmC6KiIIOaZguioiOOAkeOAkOOCruODleODiCDjg5fjg6zjgrzjg7Pjg4jjgJHvvJpUSEUgV0FUQ0ggU0hPUC4=,44Kq44OD44K944Kk44K/44Oq44Kj44Ko44OJ44OD44Kv44K544Kw44Op44Oz44OJ44K744Kk44Kz44O844Ki44K544OI44Ot44Oz44Kr44Oz44OR44OO44Op44K444O844K344On44OD44KvRy1TSE9DS+ODluODreODvOODkOODmeODvOODquODs+OCsOOCueOCq+ODvOOCsuODs+ODleODrOODh+ODquODg+OCr+ODu+OCs+ODs+OCueOCv+ODs+ODiOODhOODouODquODgeOCteODiOODn+ODiuOCu+OCu+OCpOOCs+ODvOOCq+OCt+OCqkdTWOWIhuWJsuaJi+aVsOaWmeeEoeaWmeOCt+ODp+ODg+ODlOODs+OCsOODreODvOODs+eEoemHkeWIqXRoZSB3YXRjaCBzaG9w6IWV5pmC6KiI44OV44Os44OH44Oq44OD44Kv44Kz44Oz44K544K/44Oz44OIIOOCt+ODp+ODg+ODlOODs+OCsOODreODvOODs+eEoemHkeWIqeWvvuixoeWTgeODleODrOODh+ODquODg+OCryDjgrPjg7Pjgrnjgr/jg7Pjg4hbRlJFREVSSVFVRSBDT05TVEFOVF3jgq/jg6njgrfjg4Pjgq8g44Oe44OL44Ol44OV44Kh44Kv44OB44Ol44O844OrW0NMQVNTSUNTXSBGQy03MTBNQzRINCDjg6Hjg7Pjgrog44CQ6IWV5pmC6KiIIOaZguioiOOAkeOAkOOCruODleODiCDjg5fjg6zjgrzjg7Pjg4jjgJE=,5q2j6KaP5ZOBL+ODleODrOODh+ODquODg+OCryDjgrPjg7Pjgrnjgr/jg7Pjg4gvRkMtNzEwTUM0SDTjgILjg5Xjg6zjg4fjg6rjg4Pjgq/jgrPjg7Pjgrnjgr/jg7Pjg4gg44K344On44OD44OU44Oz44Kw44Ot44O844Oz54Sh6YeR5Yip5a++6LGh5ZOB44OV44Os44OH44Oq44OD44KvIOOCs+ODs+OCueOCv+ODs+ODiFtGUkVERVJJUVVFIENPTlNUQU5UXeOCr+ODqeOCt+ODg+OCryDjg57jg4vjg6Xjg5XjgqHjgq/jg4Hjg6Xjg7zjg6tbQ0xBU1NJQ1NdIEZDLTcxME1DNEg0IOODoeODs+OCuiDjgJDohZXmmYLoqIgg5pmC6KiI44CR44CQ44Ku44OV44OIIOODl+ODrOOCvOODs+ODiOOAkQ==[rn]
16-122075,aHR0cDovL3RzaG9wLnIxMHMuanAvZ3N4L2NhYmluZXQvZnJlZGVyaXF1ZS9zZWlraS9mcmQtMDQ3LmpwZz9maXRpbj03MDA6NzAw,MzM2OTYwLjAwMDA=,,6IWV5pmC6KiIID4g44Oh44Oz44K66IWV5pmC6KiI,44OV44Os44OH44Oq44OD44Kv44Kz44Oz44K544K/44Oz44OIIOOCt+ODp+ODg+ODlOODs+OCsOODreODvOODs+eEoemHkeWIqeWvvuixoeWTgeODleODrOODh+ODquODg+OCryDjgrPjg7Pjgrnjgr/jg7Pjg4hbRlJFREVSSVFVRSBDT05TVEFOVF3jgrnjg6rjg6Djg6njgqTjg7Mg44Oe44OL44Ol44OV44Kh44Kv44OB44Ol44O844OrW1NMSU0gTElORV0gRkMtNzA1UzRTNiDjg6Hjg7Pjgrog44CQ6IWV5pmC6KiIIOaZguioiOOAkeOAkOOCruODleODiCDjg5fjg6zjgrzjg7Pjg4jjgJE=,5q2j6KaP5ZOBL+ODleODrOODh+ODquODg+OCryDjgrPjg7Pjgrnjgr/jg7Pjg4gvRkMtNzA1UzRTNg==,PHRhYmxlIHdpZHRoPSIxMDAlIiBib3JkZXI9IjEiIGNlbGxzcGFjaW5nPSIxIiBib3JkZXJjb2xvcj0iI0NDMDAwMCIgY2VsbHBhZGRpbmc9IjEwIj4KPHRyPgo8dGQ+Cjxmb250IGNvbG9yPSIjY2MwMDAwOyI+77yc5Zyo5bqr44Gr6Zai44GX44Gm77yePC9mb250PuWPluOCiuWvhOOBm+WVhuWTgeOBruWgtOWQiOOBr+OAgeOBlOazqOaWh+eiuuiqjeW+jOODoeODvOOCq+ODvOWcqOW6q+eiuuiqjeOBqOOBquOCiuOBvuOBmeOAggrml6XjgIXjga7lnKjluqvlpInli5XjgavjgojjgorjgIHjgZTluIzmnJvjgavmt7vjgYjjgarjgYTlj6/og73mgKfjgoLjgZTjgZbjgYTjgb7jgZnjgII8YnI+5b2T5bqX44GL44KJ44Gu5Zyo5bqr5pyJ54Sh44Gu44Oh44O844Or44Gu6L+U5L+h44KS5b+F44Ga44GU56K66KqN44GP44Gg44GV44GE44CCPGJyPgo8Zm9udCBjb2xvcj0iI2NjMDAwMDsiPuOAkOOBlOazqOaEj+OAkTwvZm9udD7lvZPlupfjgYvjgonjga7ov5Tkv6Hjg6Hjg7zjg6vjgYzlsYrjgY3jgb7jgZvjgpPvvIE8YnI+44OJ44Oh44Kk44Oz6Kej6Zmk44KS5b+Y44KM44Ga44Gr77yBPC90ZD4KPC90cj4KPC90YWJsZT4KPGJyPjxpbWcgc3JjPSJodHRwOi8vaW1hZ2UucmFrdXRlbi5jby5qcC9nc3gvY2FiaW5ldC9mcmVkZXJpcXVlL2ZyZV8xNDEyMTYuanBnIiB3aWR0aD0iMTAwJSIgYWx0PSLjg5Xjg6zjg4fjg6rjg4Pjgq8g44Kz44Oz44K544K/44Oz44OILEZSRURFUklRVUUgQ09OU1RBTlQiPgoK4peP44OV44Os44OH44Oq44OD44KvIOOCs+ODs+OCueOCv+ODs+ODiOOBqOOBr++8nzxicj4K44OV44Os44OH44Oq44OD44Kv44O744Kz44Oz44K544K/44Oz44OI44Gv44CB44K544Kk44K544O744K444Ol44ON44O844OW44KS5pys5oug5Zyw44Go44GZ44KL44K544Kk44K544Gu44Oe44OL44Ol44OV44Kh44Kv44OB44Ol44O844Or5pmC6KiI44Oh44O844Kr44O844Gn44GZ44CC44OH44K244Kk44Oz44Gu56uL44Gh5LiK44GS44GL44KJ44Og44O844OW44Oh44Oz44OI44KS5Yid44KB44Go44GZ44KL6YOo5ZOB44KE57WE44G/56uL44Gm44Gr6Iez44KL44G+44Gn44CB5YWo44Gm5LiA6LKr44GX44Gm6Ieq56S+44Gn6KGM44Gj44Gm44GE44KL44K544Kk44K544Gn44KC5pWw5bCR44Gq44GE44Oh44O844Kr44O844Gn44GZ44CCPGJyPgoKCjxpbWcgc3JjPSJodHRwOi8vaW1hZ2UucmFrdXRlbi5jby5qcC9nc3gvY2FiaW5ldC9mcmVkZXJpcXVlL2ZyZV8xNDEyMTZfMDIuanBnIiB3aWR0aD0iMTAwJSIgYWx0PSLjg5Xjg6zjg4fjg6rjg4Pjgq8g44Kz44Oz44K544K/44Oz44OILEZSRURFUklRVUUgQ09OU1RBTlQiPjxicj4K4pePUVVBTElUWS/nlJ/nlKPjgajlk4Hos6rnrqHnkIY8YnI+CuOCueOCpOOCueOAgeOCuOODpeODjeODvOODluOBq+OBguOCi+ODleODrOODh+ODquODg+OCr+ODu+OCs+ODs+OCueOCv+ODs+ODiOOBruW3peWgtOOBp+OBr+OAgeODh+OCtuOCpOODs+OChOioreioiOOBi+OCieacgOe1gue1hOeri+OBpuOBvuOBp+OCkuS4gOiyq+OBl+OBpuihjOOBquOBo+OBpuOBiuOCiuOAgeaZguioiOOBsuOBqOOBpOOBsuOBqOOBpOOBq+aEm+aDheOCkui+vOOCgeOBpuS9nOOBo+OBpuOBhOOBvuOBmeOAgjE5ODjlubTlibXmpa3jga7oi6XjgYTmmYLoqIjjg5bjg6njg7Pjg4njgarjgYzjgonjgIHjgrnjgqTjgrnjga7mlbDlsJHjgarjgYTjg57jg4vjg6Xjg5XjgqHjgq/jg4Hjg6Xjg7zjg6vjg5bjg6njg7Pjg4njgajjgZfjgabnnYDjgIXjgajmiJDplbfjgpLpgYLjgZLjgabjgYTjgb7jgZnjgILmpa3nuL7jga/lj7PogqnkuIrjgYzjgorjgafjgIHnlJ/nlKPmnKzmlbDjgoLmr47lubTlopfjgYjntprjgZHjgabjgYTjgb7jgZnjgYzjgIHnlJ/nlKPlirnnjofjga7lkJHkuIrjgajjgajjgoLjgavlk4Hos6rnrqHnkIbjgavjgoLnibnjgavlipvjgpLms6jjgY7jgIHlopfnlKPjgavjgojjgovjgq/jgqrjg6rjg4bjgqPjga7kvY7kuIvjgYzotbfjgZPjgovkuovjgYznhKHjgYTjgojjgYbntLDlv4Pjga7ms6jmhI/jgpLmiZXjgaPjgabjgYTjgb7jgZnjgILmp5jjgIXjgarmnIDmlrDpi63jga7mqZ/mnZDjga7lsI7lhaXjgoTjgIHoh6rnpL7oo73lk4HjgavpganjgZfjgZ/jgqrjg6rjgrjjg4rjg6vjga7oo4Xnva7jga7plovnmbrjga/jgIHjgojjgorpq5jlk4Hos6rjgafkv6HpoLzjga7jgYrjgZHjgovmmYLoqIjjgpLjgYrlsYrjgZHjgZnjgovjgZ/jgoHjgavjga/jg57jgrnjg4jjgafjgYLjgovjgajogIPjgYjjgIHjgZ3jgozjgonjga7lhYXlrp/jgavjga/mipXos4fjgpLmg5zjgZfjgoDjgZPjgajjgarjgY/ooYzjgarjgaPjgabjgYrjgorjgb7jgZnjgII8YnI+Cgo8dGFibGUgd2lkdGg9IjEwMCUiIGJvcmRlcj0iMCIgY2VsbHNwYWNpbmc9IjEiIGNlbGxwYWRkaW5nPSI1IiBiZ2NvbG9yPSIjQ0NDQ0NDIj4KPHRyPgo8dGggYmdjb2xvcj0iI0Y0RjRGNCIgd2lkdGg9IjI1JSI+44Oh44O844Kr44O85ZCNPEJSPu+8iOato+imj+i8uOWFpeS7o+eQhuW6l++8iTwvdGg+Cjx0ZCBiZ2NvbG9yPSIjRkZGRkZGIj7moKrlvI/kvJrnpL5HTeOCpOODs+OCv+ODvOODiuOCt+ODp+ODiuODqzwvdGQ+CjwvdHI+Cjx0cj4KPHRoIGJnY29sb3I9IiNGNEY0RjQiIHdpZHRoPSIyNSUiPuODluODqeODs+ODieWQjTwvdGg+Cjx0ZCBiZ2NvbG9yPSIjRkZGRkZGIj7jg5Xjg6zjg4fjg6rjg4Pjgq/jg7vjgrPjg7Pjgrnjgr/jg7Pjg4jvvIhGUkVERVJJUVVFIENPTlNUQU5U77yJPC90ZD4KPC90cj4KPHRyPgo8dGggYmdjb2xvcj0iI0Y0RjRGNCIgd2lkdGg9IjI1JSI+44Og44O844OW44Oh44Oz44OIPC90aD4KPHRkIGJnY29sb3I9IiNGRkZGRkYiPuiHquWLleW3u+OBjShGQy03MDUpPC90ZD4KPC90cj4KPHRyPgo8dGggYmdjb2xvcj0iI0Y0RjRGNCIgd2lkdGg9IjI1JSI+57Sg5p2QPC90aD4KPHRkIGJnY29sb3I9IiNGRkZGRkYiPgrjgrHjg7zjgrnvvJrjgrnjg4bjg7Pjg6zjgrnjgrnjg4bjgqPjg7zjg6s8YnI+CuOCrOODqeOCue+8muODieODvOODoOWei+OCteODleOCoeOCpOOCouOCr+ODquOCueOCv+ODqzxicj4K44OA44Kk44Ki44Or77ya44K344Or44OQ44O844OA44Kk44Ki44OrPGJyPgrjg5Djg7Pjg4nvvJrjg43jgqTjg5Pjg7zjgqLjg6rjgrLjg7zjgr/jg7zjgrnjg4jjg6njg4Pjg5c8L3RkPgo8L3RyPgo8dHI+Cjx0aCBiZ2NvbG9yPSIjRjRGNEY0IiB3aWR0aD0iMjUlIj7jgrXjgqTjgro8L3RoPgo8dGQgYmdjb2xvcj0iI0ZGRkZGRiI+CuOCseODvOOCueW+hO+8mjQybW08YnI+CjwvdGQ+CjwvdHI+Cjx0cj4KPHRoIGJnY29sb3I9IiNGNEY0RjQiIHdpZHRoPSIyNSUiPumHjemHjzwvdGg+Cjx0ZCBiZ2NvbG9yPSIjRkZGRkZGIj4tPC90ZD4KPC90cj4KPHRyPgo8dGggYmdjb2xvcj0iI0Y0RjRGNCIgd2lkdGg9IjI1JSI+6Ziy5rC05oCnPC90aD4KPHRkIGJnY29sb3I9IiNGRkZGRkYiPjPmsJflnKfpmLLmsLQ8L3RkPgo8L3RyPgo8dHI+Cjx0aCBiZ2NvbG9yPSIjRjRGNEY0IiB3aWR0aD0iMjUlIj7jgZ3jga7ku5bnibnlvrQ8L3RoPgo8dGQgYmdjb2xvcj0iI0ZGRkZGRiI+CuOCt+ODvOOCueODq+ODvOOCseODvOOCueODkOODg+OCrzxicj4KNDLmmYLplpPjg5Hjg6/jg7zjg6rjgrbjg7zjg5Y8YnI+CuODneOCpOODs+OCv+ODvOODh+OCpOODiDxicj4K44Og44O844Oz44OV44Kn44Kk44K6PGJyPgrjg5rjg6vjg6njg7zjgrjjg6Um44K144O844Kt44Ol44Op44O844Kz44O844OI44O744OJ44O744K444Ol44ON44O844OW6KOF6aO+PGJyPgoyNuefswo8L3RkPgo8L3RyPgo8dHI+Cjx0aCBiZ2NvbG9yPSIjRjRGNEY0IiB3aWR0aD0iMjUlIj7jgrXjgqTjgrroqr/mlbTjgavjgaTjgYTjgaY8L3RoPgo8dGQgYmdjb2xvcj0iI0ZGRkZGRiI+CumdqeODkOODs+ODieOBq+OBpOOBjeOAgeOCteOCpOOCuuiqv+aVtOOBr+OBiuOBk+OBquOBo+OBpuOBiuOCiuOBvuOBm+OCk+OAggo8L3RkPgo8L3RyPgo8dHI+Cjx0aCBiZ2NvbG9yPSIjRjRGNEY0IiB3aWR0aD0iMjUlIj7kv53oqLzmnJ/plpM8L3RoPgo8dGQgYmdjb2xvcj0iI0ZGRkZGRiI+44Oh44O844Kr44O85L+d6Ki8MuW5tDxicj4K44GK6LK344GE5LiK44GS44Gu5pmC6KiI44GM44CB5Y+W44KK5omx44GE6Kqs5piO5pu444Gr5rK/44Gj44Gf5q2j5bi444Gq5L2/55So54q25oWL44Gn5pWF6Zqc44GX44Gf5aC05ZCI44CB5Y+W44KK5omx44GE6Kqs5piO5pu444Gu6KiY6LyJ5YaF5a6544Gu56+E5Zuy44Gn44CB5L+d6Ki85pyf6ZaT44Gr6ZmQ44KK44CB54Sh5YSf5L+u55CG6Ie044GX44G+44GZ44CCPC90ZD4KPC90cj4KPC90YWJsZT4KCjxicj48Zm9udCBjb2xvcj0iI2NjMDAwMDsiPuOAkOOBlOazqOaEj+OAkeW9k+W6l+OBi+OCieOBrui/lOS/oeODoeODvOODq+OBjOWxiuOBjeOBvuOBm+OCk++8geODieODoeOCpOODs+ino+mZpOOCkuW/mOOCjOOBmuOBq++8gTwvZm9udD4KPGJyPu+8nOWcqOW6q+OBq+OBpOOBhOOBpu+8nuaXpeOAheOBruWcqOW6q+WkieWLleOBq+OCiOOCiuOAgeeogOOBq+WVhuWTgeeiuuS/neWHuuadpeOBquOBhOS6i+OCguOBlOOBluOBhOOBvuOBmeOAguS6iOOCgeOBlOS6huaJv+OBj+OBoOOBleOBhOOAgjxicj48YnI+PGJyPjxpbWcgc3JjPSJodHRwOi8vaW1hZ2UucmFrdXRlbi5jby5qcC9nc3gvY2FiaW5ldC9tZXJpdDIwMTcwMS5naWYiIGFsdD0i5q2j6KaP6LKp5aOy5bqX44Gu44Oh44Oq44OD44OIIiB3aWR0aD0iMTAwJSI+PGJyPjxicj48aW1nIHNyYz0iaHR0cDovL2ltYWdlLnJha3V0ZW4uY28uanAvZ3N4L2NhYmluZXQvc2xfc3AuZ2lmIiB3aWR0aD0iMTAwJSIgYWx0PSLjgrfjg6fjg4Pjg5Tjg7PjgrDjg63jg7zjg7Pjg6rjg7Pjgq8iPjxicj4=,44OV44Os44OH44Oq44OD44Kv44Kz44Oz44K544K/44Oz44OIIOOCt+ODp+ODg+ODlOODs+OCsOODreODvOODs+eEoemHkeWIqeWvvuixoeWTgeODleODrOODh+ODquODg+OCryDjgrPjg7Pjgrnjgr/jg7Pjg4hbRlJFREVSSVFVRSBDT05TVEFOVF3jgrnjg6rjg6Djg6njgqTjg7Mg44Oe44OL44Ol44OV44Kh44Kv44OB44Ol44O844OrW1NMSU0gTElORV0gRkMtNzA1UzRTNiDjg6Hjg7Pjgrog44CQ6IWV5pmC6KiIIOaZguioiOOAkeOAkOOCruODleODiCDjg5fjg6zjgrzjg7Pjg4jjgJHvvJpUSEUgV0FUQ0ggU0hPUC4=,44Kq44OD44K944Kk44K/44Oq44Kj44Ko44OJ44OD44Kv44K544Kw44Op44Oz44OJ44K744Kk44Kz44O844Ki44K544OI44Ot44Oz44Kr44Oz44OR44OO44Op44K444O844K344On44OD44KvRy1TSE9DS+ODluODreODvOODkOODmeODvOODquODs+OCsOOCueOCq+ODvOOCsuODs+ODleODrOODh+ODquODg+OCr+ODu+OCs+ODs+OCueOCv+ODs+ODiOODhOODouODquODgeOCteODiOODn+ODiuOCu+OCu+OCpOOCs+ODvOOCq+OCt+OCqkdTWOWIhuWJsuaJi+aVsOaWmeeEoeaWmeOCt+ODp+ODg+ODlOODs+OCsOODreODvOODs+eEoemHkeWIqXRoZSB3YXRjaCBzaG9w6IWV5pmC6KiI44OV44Os44OH44Oq44OD44Kv44Kz44Oz44K544K/44Oz44OIIOOCt+ODp+ODg+ODlOODs+OCsOODreODvOODs+eEoemHkeWIqeWvvuixoeWTgeODleODrOODh+ODquODg+OCryDjgrPjg7Pjgrnjgr/jg7Pjg4hbRlJFREVSSVFVRSBDT05TVEFOVF3jgrnjg6rjg6Djg6njgqTjg7Mg44Oe44OL44Ol44OV44Kh44Kv44OB44Ol44O844OrW1NMSU0gTElORV0gRkMtNzA1UzRTNiDjg6Hjg7Pjgrog44CQ6IWV5pmC6KiIIOaZguioiOOAkeOAkOOCruODleODiCDjg5fjg6zjgrzjg7Pjg4jjgJE=,5q2j6KaP5ZOBL+ODleODrOODh+ODquODg+OCryDjgrPjg7Pjgrnjgr/jg7Pjg4gvRkMtNzA1UzRTNuOAguODleODrOODh+ODquODg+OCr+OCs+ODs+OCueOCv+ODs+ODiCDjgrfjg6fjg4Pjg5Tjg7PjgrDjg63jg7zjg7PnhKHph5HliKnlr77osaHlk4Hjg5Xjg6zjg4fjg6rjg4Pjgq8g44Kz44Oz44K544K/44Oz44OIW0ZSRURFUklRVUUgQ09OU1RBTlRd44K544Oq44Og44Op44Kk44OzIOODnuODi+ODpeODleOCoeOCr+ODgeODpeODvOODq1tTTElNIExJTkVdIEZDLTcwNVM0UzYg44Oh44Oz44K6IOOAkOiFleaZguioiCDmmYLoqIjjgJHjgJDjgq7jg5Xjg4gg44OX44Os44K844Oz44OI44CR[rn]
16-122076,aHR0cDovL3RzaG9wLnIxMHMuanAvZ3N4L2NhYmluZXQvZnJlZGVyaXF1ZS9zZWlraS9mcmQtMDQ2LmpwZz9maXRpbj03MDA6NzAw,MzM2OTYwLjAwMDA=,,6IWV5pmC6KiIID4g44Oh44Oz44K66IWV5pmC6KiI,44OV44Os44OH44Oq44OD44Kv44Kz44Oz44K544K/44Oz44OIIOOCt+ODp+ODg+ODlOODs+OCsOODreODvOODs+eEoemHkeWIqeWvvuixoeWTgeODleODrOODh+ODquODg+OCryDjgrPjg7Pjgrnjgr/jg7Pjg4hbRlJFREVSSVFVRSBDT05TVEFOVF3jgrnjg6rjg6Djg6njgqTjg7Mg44Oe44OL44Ol44OV44Kh44Kv44OB44Ol44O844OrW1NMSU0gTElORV0gRkMtNzA1TjRTNiDjg6Hjg7Pjgrog44CQ6IWV5pmC6KiIIOaZguioiOOAkeOAkOOCruODleODiCDjg5fjg6zjgrzjg7Pjg4jjgJE=,5q2j6KaP5ZOBL+ODleODrOODh+ODquODg+OCryDjgrPjg7Pjgrnjgr/jg7Pjg4gvRkMtNzA1TjRTNg==,PHRhYmxlIHdpZHRoPSIxMDAlIiBib3JkZXI9IjEiIGNlbGxzcGFjaW5nPSIxIiBib3JkZXJjb2xvcj0iI0NDMDAwMCIgY2VsbHBhZGRpbmc9IjEwIj4KPHRyPgo8dGQ+Cjxmb250IGNvbG9yPSIjY2MwMDAwOyI+77yc5Zyo5bqr44Gr6Zai44GX44Gm77yePC9mb250PuWPluOCiuWvhOOBm+WVhuWTgeOBruWgtOWQiOOBr+OAgeOBlOazqOaWh+eiuuiqjeW+jOODoeODvOOCq+ODvOWcqOW6q+eiuuiqjeOBqOOBquOCiuOBvuOBmeOAggrml6XjgIXjga7lnKjluqvlpInli5XjgavjgojjgorjgIHjgZTluIzmnJvjgavmt7vjgYjjgarjgYTlj6/og73mgKfjgoLjgZTjgZbjgYTjgb7jgZnjgII8YnI+5b2T5bqX44GL44KJ44Gu5Zyo5bqr5pyJ54Sh44Gu44Oh44O844Or44Gu6L+U5L+h44KS5b+F44Ga44GU56K66KqN44GP44Gg44GV44GE44CCPGJyPgo8Zm9udCBjb2xvcj0iI2NjMDAwMDsiPuOAkOOBlOazqOaEj+OAkTwvZm9udD7lvZPlupfjgYvjgonjga7ov5Tkv6Hjg6Hjg7zjg6vjgYzlsYrjgY3jgb7jgZvjgpPvvIE8YnI+44OJ44Oh44Kk44Oz6Kej6Zmk44KS5b+Y44KM44Ga44Gr77yBPC90ZD4KPC90cj4KPC90YWJsZT4KPGJyPjxpbWcgc3JjPSJodHRwOi8vaW1hZ2UucmFrdXRlbi5jby5qcC9nc3gvY2FiaW5ldC9mcmVkZXJpcXVlL2ZyZV8xNDEyMTYuanBnIiB3aWR0aD0iMTAwJSIgYWx0PSLjg5Xjg6zjg4fjg6rjg4Pjgq8g44Kz44Oz44K544K/44Oz44OILEZSRURFUklRVUUgQ09OU1RBTlQiPgoK4peP44OV44Os44OH44Oq44OD44KvIOOCs+ODs+OCueOCv+ODs+ODiOOBqOOBr++8nzxicj4K44OV44Os44OH44Oq44OD44Kv44O744Kz44Oz44K544K/44Oz44OI44Gv44CB44K544Kk44K544O744K444Ol44ON44O844OW44KS5pys5oug5Zyw44Go44GZ44KL44K544Kk44K544Gu44Oe44OL44Ol44OV44Kh44Kv44OB44Ol44O844Or5pmC6KiI44Oh44O844Kr44O844Gn44GZ44CC44OH44K244Kk44Oz44Gu56uL44Gh5LiK44GS44GL44KJ44Og44O844OW44Oh44Oz44OI44KS5Yid44KB44Go44GZ44KL6YOo5ZOB44KE57WE44G/56uL44Gm44Gr6Iez44KL44G+44Gn44CB5YWo44Gm5LiA6LKr44GX44Gm6Ieq56S+44Gn6KGM44Gj44Gm44GE44KL44K544Kk44K544Gn44KC5pWw5bCR44Gq44GE44Oh44O844Kr44O844Gn44GZ44CCPGJyPgoKCjxpbWcgc3JjPSJodHRwOi8vaW1hZ2UucmFrdXRlbi5jby5qcC9nc3gvY2FiaW5ldC9mcmVkZXJpcXVlL2ZyZV8xNDEyMTZfMDIuanBnIiB3aWR0aD0iMTAwJSIgYWx0PSLjg5Xjg6zjg4fjg6rjg4Pjgq8g44Kz44Oz44K544K/44Oz44OILEZSRURFUklRVUUgQ09OU1RBTlQiPjxicj4K4pePUVVBTElUWS/nlJ/nlKPjgajlk4Hos6rnrqHnkIY8YnI+CuOCueOCpOOCueOAgeOCuOODpeODjeODvOODluOBq+OBguOCi+ODleODrOODh+ODquODg+OCr+ODu+OCs+ODs+OCueOCv+ODs+ODiOOBruW3peWgtOOBp+OBr+OAgeODh+OCtuOCpOODs+OChOioreioiOOBi+OCieacgOe1gue1hOeri+OBpuOBvuOBp+OCkuS4gOiyq+OBl+OBpuihjOOBquOBo+OBpuOBiuOCiuOAgeaZguioiOOBsuOBqOOBpOOBsuOBqOOBpOOBq+aEm+aDheOCkui+vOOCgeOBpuS9nOOBo+OBpuOBhOOBvuOBmeOAgjE5ODjlubTlibXmpa3jga7oi6XjgYTmmYLoqIjjg5bjg6njg7Pjg4njgarjgYzjgonjgIHjgrnjgqTjgrnjga7mlbDlsJHjgarjgYTjg57jg4vjg6Xjg5XjgqHjgq/jg4Hjg6Xjg7zjg6vjg5bjg6njg7Pjg4njgajjgZfjgabnnYDjgIXjgajmiJDplbfjgpLpgYLjgZLjgabjgYTjgb7jgZnjgILmpa3nuL7jga/lj7PogqnkuIrjgYzjgorjgafjgIHnlJ/nlKPmnKzmlbDjgoLmr47lubTlopfjgYjntprjgZHjgabjgYTjgb7jgZnjgYzjgIHnlJ/nlKPlirnnjofjga7lkJHkuIrjgajjgajjgoLjgavlk4Hos6rnrqHnkIbjgavjgoLnibnjgavlipvjgpLms6jjgY7jgIHlopfnlKPjgavjgojjgovjgq/jgqrjg6rjg4bjgqPjga7kvY7kuIvjgYzotbfjgZPjgovkuovjgYznhKHjgYTjgojjgYbntLDlv4Pjga7ms6jmhI/jgpLmiZXjgaPjgabjgYTjgb7jgZnjgILmp5jjgIXjgarmnIDmlrDpi63jga7mqZ/mnZDjga7lsI7lhaXjgoTjgIHoh6rnpL7oo73lk4HjgavpganjgZfjgZ/jgqrjg6rjgrjjg4rjg6vjga7oo4Xnva7jga7plovnmbrjga/jgIHjgojjgorpq5jlk4Hos6rjgafkv6HpoLzjga7jgYrjgZHjgovmmYLoqIjjgpLjgYrlsYrjgZHjgZnjgovjgZ/jgoHjgavjga/jg57jgrnjg4jjgafjgYLjgovjgajogIPjgYjjgIHjgZ3jgozjgonjga7lhYXlrp/jgavjga/mipXos4fjgpLmg5zjgZfjgoDjgZPjgajjgarjgY/ooYzjgarjgaPjgabjgYrjgorjgb7jgZnjgII8YnI+Cgo8dGFibGUgd2lkdGg9IjEwMCUiIGJvcmRlcj0iMCIgY2VsbHNwYWNpbmc9IjEiIGNlbGxwYWRkaW5nPSI1IiBiZ2NvbG9yPSIjQ0NDQ0NDIj4KPHRyPgo8dGggYmdjb2xvcj0iI0Y0RjRGNCIgd2lkdGg9IjI1JSI+44Oh44O844Kr44O85ZCNPEJSPu+8iOato+imj+i8uOWFpeS7o+eQhuW6l++8iTwvdGg+Cjx0ZCBiZ2NvbG9yPSIjRkZGRkZGIj7moKrlvI/kvJrnpL5HTeOCpOODs+OCv+ODvOODiuOCt+ODp+ODiuODqzwvdGQ+CjwvdHI+Cjx0cj4KPHRoIGJnY29sb3I9IiNGNEY0RjQiIHdpZHRoPSIyNSUiPuODluODqeODs+ODieWQjTwvdGg+Cjx0ZCBiZ2NvbG9yPSIjRkZGRkZGIj7jg5Xjg6zjg4fjg6rjg4Pjgq/jg7vjgrPjg7Pjgrnjgr/jg7Pjg4jvvIhGUkVERVJJUVVFIENPTlNUQU5U77yJPC90ZD4KPC90cj4KPHRyPgo8dGggYmdjb2xvcj0iI0Y0RjRGNCIgd2lkdGg9IjI1JSI+44Og44O844OW44Oh44Oz44OIPC90aD4KPHRkIGJnY29sb3I9IiNGRkZGRkYiPuiHquWLleW3u+OBjShGQy03MDUpPC90ZD4KPC90cj4KPHRyPgo8dGggYmdjb2xvcj0iI0Y0RjRGNCIgd2lkdGg9IjI1JSI+57Sg5p2QPC90aD4KPHRkIGJnY29sb3I9IiNGRkZGRkYiPgrjgrHjg7zjgrnvvJrjgrnjg4bjg7Pjg6zjgrnjgrnjg4bjgqPjg7zjg6s8YnI+CuOCrOODqeOCue+8muODieODvOODoOWei+OCteODleOCoeOCpOOCouOCr+ODquOCueOCv+ODqzxicj4K44OA44Kk44Ki44Or77ya44ON44Kk44OT44O844OA44Kk44Ki44OrPGJyPgrjg5Djg7Pjg4nvvJrjg43jgqTjg5Pjg7zjgqLjg6rjgrLjg7zjgr/jg7zjgrnjg4jjg6njg4Pjg5c8L3RkPgo8L3RyPgo8dHI+Cjx0aCBiZ2NvbG9yPSIjRjRGNEY0IiB3aWR0aD0iMjUlIj7jgrXjgqTjgro8L3RoPgo8dGQgYmdjb2xvcj0iI0ZGRkZGRiI+CuOCseODvOOCueW+hO+8mjQybW08YnI+CjwvdGQ+CjwvdHI+Cjx0cj4KPHRoIGJnY29sb3I9IiNGNEY0RjQiIHdpZHRoPSIyNSUiPumHjemHjzwvdGg+Cjx0ZCBiZ2NvbG9yPSIjRkZGRkZGIj4tPC90ZD4KPC90cj4KPHRyPgo8dGggYmdjb2xvcj0iI0Y0RjRGNCIgd2lkdGg9IjI1JSI+6Ziy5rC05oCnPC90aD4KPHRkIGJnY29sb3I9IiNGRkZGRkYiPjPmsJflnKfpmLLmsLQ8L3RkPgo8L3RyPgo8dHI+Cjx0aCBiZ2NvbG9yPSIjRjRGNEY0IiB3aWR0aD0iMjUlIj7jgZ3jga7ku5bnibnlvrQ8L3RoPgo8dGQgYmdjb2xvcj0iI0ZGRkZGRiI+CuOCt+ODvOOCueODq+ODvOOCseODvOOCueODkOODg+OCrzxicj4KNDLmmYLplpPjg5Hjg6/jg7zjg6rjgrbjg7zjg5Y8YnI+CuODneOCpOODs+OCv+ODvOODh+OCpOODiDxicj4K44Og44O844Oz44OV44Kn44Kk44K6PGJyPgrjg5rjg6vjg6njg7zjgrjjg6Um44K144O844Kt44Ol44Op44O844Kz44O844OI44O744OJ44O744K444Ol44ON44O844OW6KOF6aO+PGJyPgoyNuefswo8L3RkPgo8L3RyPgo8dHI+Cjx0aCBiZ2NvbG9yPSIjRjRGNEY0IiB3aWR0aD0iMjUlIj7jgrXjgqTjgrroqr/mlbTjgavjgaTjgYTjgaY8L3RoPgo8dGQgYmdjb2xvcj0iI0ZGRkZGRiI+CumdqeODkOODs+ODieOBq+OBpOOBjeOAgeOCteOCpOOCuuiqv+aVtOOBr+OBiuOBk+OBquOBo+OBpuOBiuOCiuOBvuOBm+OCk+OAggo8L3RkPgo8L3RyPgo8dHI+Cjx0aCBiZ2NvbG9yPSIjRjRGNEY0IiB3aWR0aD0iMjUlIj7kv53oqLzmnJ/plpM8L3RoPgo8dGQgYmdjb2xvcj0iI0ZGRkZGRiI+44Oh44O844Kr44O85L+d6Ki8MuW5tDxicj4K44GK6LK344GE5LiK44GS44Gu5pmC6KiI44GM44CB5Y+W44KK5omx44GE6Kqs5piO5pu444Gr5rK/44Gj44Gf5q2j5bi444Gq5L2/55So54q25oWL44Gn5pWF6Zqc44GX44Gf5aC05ZCI44CB5Y+W44KK5omx44GE6Kqs5piO5pu444Gu6KiY6LyJ5YaF5a6544Gu56+E5Zuy44Gn44CB5L+d6Ki85pyf6ZaT44Gr6ZmQ44KK44CB54Sh5YSf5L+u55CG6Ie044GX44G+44GZ44CCPC90ZD4KPC90cj4KPC90YWJsZT4KCjxicj48Zm9udCBjb2xvcj0iI2NjMDAwMDsiPuOAkOOBlOazqOaEj+OAkeW9k+W6l+OBi+OCieOBrui/lOS/oeODoeODvOODq+OBjOWxiuOBjeOBvuOBm+OCk++8geODieODoeOCpOODs+ino+mZpOOCkuW/mOOCjOOBmuOBq++8gTwvZm9udD4KPGJyPu+8nOWcqOW6q+OBq+OBpOOBhOOBpu+8nuaXpeOAheOBruWcqOW6q+WkieWLleOBq+OCiOOCiuOAgeeogOOBq+WVhuWTgeeiuuS/neWHuuadpeOBquOBhOS6i+OCguOBlOOBluOBhOOBvuOBmeOAguS6iOOCgeOBlOS6huaJv+OBj+OBoOOBleOBhOOAgjxicj48YnI+PGJyPjxpbWcgc3JjPSJodHRwOi8vaW1hZ2UucmFrdXRlbi5jby5qcC9nc3gvY2FiaW5ldC9tZXJpdDIwMTcwMS5naWYiIGFsdD0i5q2j6KaP6LKp5aOy5bqX44Gu44Oh44Oq44OD44OIIiB3aWR0aD0iMTAwJSI+PGJyPjxicj48aW1nIHNyYz0iaHR0cDovL2ltYWdlLnJha3V0ZW4uY28uanAvZ3N4L2NhYmluZXQvc2xfc3AuZ2lmIiB3aWR0aD0iMTAwJSIgYWx0PSLjgrfjg6fjg4Pjg5Tjg7PjgrDjg63jg7zjg7Pjg6rjg7Pjgq8iPjxicj4=,44OV44Os44OH44Oq44OD44Kv44Kz44Oz44K544K/44Oz44OIIOOCt+ODp+ODg+ODlOODs+OCsOODreODvOODs+eEoemHkeWIqeWvvuixoeWTgeODleODrOODh+ODquODg+OCryDjgrPjg7Pjgrnjgr/jg7Pjg4hbRlJFREVSSVFVRSBDT05TVEFOVF3jgrnjg6rjg6Djg6njgqTjg7Mg44Oe44OL44Ol44OV44Kh44Kv44OB44Ol44O844OrW1NMSU0gTElORV0gRkMtNzA1TjRTNiDjg6Hjg7Pjgrog44CQ6IWV5pmC6KiIIOaZguioiOOAkeOAkOOCruODleODiCDjg5fjg6zjgrzjg7Pjg4jjgJHvvJpUSEUgV0FUQ0ggU0hPUC4=,44Kq44OD44K944Kk44K/44Oq44Kj44Ko44OJ44OD44Kv44K544Kw44Op44Oz44OJ44K744Kk44Kz44O844Ki44K544OI44Ot44Oz44Kr44Oz44OR44OO44Op44K444O844K344On44OD44KvRy1TSE9DS+ODluODreODvOODkOODmeODvOODquODs+OCsOOCueOCq+ODvOOCsuODs+ODleODrOODh+ODquODg+OCr+ODu+OCs+ODs+OCueOCv+ODs+ODiOODhOODouODquODgeOCteODiOODn+ODiuOCu+OCu+OCpOOCs+ODvOOCq+OCt+OCqkdTWOWIhuWJsuaJi+aVsOaWmeeEoeaWmeOCt+ODp+ODg+ODlOODs+OCsOODreODvOODs+eEoemHkeWIqXRoZSB3YXRjaCBzaG9w6IWV5pmC6KiI44OV44Os44OH44Oq44OD44Kv44Kz44Oz44K544K/44Oz44OIIOOCt+ODp+ODg+ODlOODs+OCsOODreODvOODs+eEoemHkeWIqeWvvuixoeWTgeODleODrOODh+ODquODg+OCryDjgrPjg7Pjgrnjgr/jg7Pjg4hbRlJFREVSSVFVRSBDT05TVEFOVF3jgrnjg6rjg6Djg6njgqTjg7Mg44Oe44OL44Ol44OV44Kh44Kv44OB44Ol44O844OrW1NMSU0gTElORV0gRkMtNzA1TjRTNiDjg6Hjg7Pjgrog44CQ6IWV5pmC6KiIIOaZguioiOOAkeOAkOOCruODleODiCDjg5fjg6zjgrzjg7Pjg4jjgJE=,5q2j6KaP5ZOBL+ODleODrOODh+ODquODg+OCryDjgrPjg7Pjgrnjgr/jg7Pjg4gvRkMtNzA1TjRTNuOAguODleODrOODh+ODquODg+OCr+OCs+ODs+OCueOCv+ODs+ODiCDjgrfjg6fjg4Pjg5Tjg7PjgrDjg63jg7zjg7PnhKHph5HliKnlr77osaHlk4Hjg5Xjg6zjg4fjg6rjg4Pjgq8g44Kz44Oz44K544K/44Oz44OIW0ZSRURFUklRVUUgQ09OU1RBTlRd44K544Oq44Og44Op44Kk44OzIOODnuODi+ODpeODleOCoeOCr+ODgeODpeODvOODq1tTTElNIExJTkVdIEZDLTcwNU40UzYg44Oh44Oz44K6IOOAkOiFleaZguioiCDmmYLoqIjjgJHjgJDjgq7jg5Xjg4gg44OX44Os44K844Oz44OI44CR[rn]
16-122077,aHR0cDovL3RzaG9wLnIxMHMuanAvYmx1ZWsvY2FiaW5ldC9mYy9nYWc1MDgwMnNsLmpwZz9maXRpbj03MDA6NzAw,NTI0NDQuODAwMA==,,6IWV5pmC6KiIID4g44Oh44Oz44K66IWV5pmC6KiI,44Ks44Ks44Of44Op44OOIEdBR0EgTUlMQU5PIOOCueODquODoDQ2bW0g44Oh44Oz44K6IDUwODAuMg==,W+mAgeaWmeeEoeaWmV1b44GC44GZ5qW9XVvjgqzjgqzjg5/jg6njg45dW+aZguioiF0=,PHRhYmxlIHdpZHRoPSIxMDAlIj48dHIgYmdjb2xvcj0iI2NkMDAyNSIgaGVpZ2h0PSI2MCI+PHRkPjxpbWcgc3JjPSJodHRwOi8vd3d3LnJha3V0ZW4ubmUuanAvZ29sZC9ibHVlay9zZWFyY2gvaW1nL3NhbGVfZ2FnYS5naWYiIHdpZHRoPSIxMDAlIj48L3RkPjwvdHI+PHRyPjx0ZD48L3RkPjwvdHI+PC90YWJsZT48dGFibGUgd2lkdGg9IjEwMCUiICBiZ2NvbG9yPSIjMDE0MDk5Ij48dHI+PHRkPjwvdGQ+PC90cj48L3RhYmxlPjx0YWJsZSB3aWR0aD0iMTAwJSIgY2VsbHNwYWNpbmc9IjYiIGNlbGxwYWRkaW5nPSIwIiBiZ2NvbG9yPSIjRjRGNEY0IiA+PHRyPjx0aD48Yj7nlLfjga7jgYrmtJLokL3lv4PjgY/jgZnjgZDjgovlpKflnovjgrnjg6rjg6Djgqbjgqnjg4Pjg4E8L2I+PC90aD48L3RyPjx0cj48dGQ+5oeQ5Lit5pmC6KiI44KS44GL44Gf44Gp44Gj44GfNDbjg5/jg6rlpKflnovjgrHjg7zjgrnjgajjg5XjgqHjg4Pjgrfjg6fjg4rjg5bjg6vjgarjg6Hjg4Pjgrfjg6Xjg5bjg6zjgrnjgavjgIHjgrfjg6vjg5Djg7zjgafnuIHlj5bjgonjgozjgZ/jg4DjgqTjg4rjg5/jg4Pjgq/jgarjg5vjg6/jgqTjg4jjgqTjg7Pjg4fjg4Pjgq/jgrnpmpvnq4vjgaTjg5bjg6njg4Pjgq/jg4DjgqTjg6Tjg6vjgYzjg57jg4Pjg4HjgZfjgZ/jg6Ljg4fjg6vjgafjgZnjgILjgrHjg7zjgrnjga/ljprjgZUxMOODn+ODquOBruiWhOWei+OBp+ijheedgOaEn+OCguaKnOe+pOOAguODreODvOODnuaVsOWtl+OBrumWk+OBq+OCouODqeODk+OCouaVsOWtl+OCkumFjeOBl+OBn+WPjuOBvuOCiuOBruOBhOOBhOODh+OCtuOCpOODs+OBjOW5heW6g+OBhOOCueOCv+OCpOODq+OBq+aYoOOBiOOBpuOAgeijheOBhOOCkuOCueOCv+OCpOODquODg+OCt+ODpeOBq+S7leS4iuOBkuOBvuOBmeOAgjwvdGQ+PC90cj48L3RhYmxlPjx0YWJsZSB3aWR0aD0iMTAwJSIgY2VsbHNwYWNpbmc9IjYiIGNlbGxwYWRkaW5nPSIwIiBiZ2NvbG9yPSIjRjRGNEY0IiA+PHRyPjx0ZD7ilrw8Yj4zNjDCsFJPTEwgVklFVzwvYj48L3RkPjwvdHI+PHRyPjx0ZD48aW1nIHNyYz0iaHR0cDovL2ltYWdlLnJha3V0ZW4uY28uanAvYmx1ZWsvY2FiaW5ldC8yMDE1MDhfMzYwL2dhZzUwODAyc2wuZ2lmIiB3aWR0aD0iMTAwJSIgYWx0PSJyb2xsX3ZpZXciIC8+PC90ZD48L3RyPjxiciAvPjx0cj48dGQ+PGltZyBzcmM9Imh0dHA6Ly9pbWFnZS5yYWt1dGVuLmNvLmpwL2JsdWVrL2NhYmluZXQvZmNfbW9kZWwvZ2FnNTA4MDJzbG0uanBnIiB3aWR0aD0iMTAwJSI+PGJyIC8+PC90ZD48L3RyPjwvdGFibGU+PGJyPuKWvDxiPuOCueODmuODg+OCrzwvYj48dGFibGUgd2lkdGg9IjEwMCUiIGJvcmRlcj0iMSIgYm9yZGVyY29sb3I9IiNjY2MiIGNlbGxzcGFjaW5nPSIwIiBjZWxscGFkZGluZz0iNSI+PHRyPjx0aCBiZ2NvbG9yPSIjRjRGNEY0IiB3aWR0aD0iMzUlIj7jg6Hjg7zjgqvjg7zlk4Hnlao8L3RoPjx0ZCBjb2xzcGFuPSIyIj41MDgwLjI8L3RkPjwvdHI+PHRyPjx0aCBiZ2NvbG9yPSIjRjRGNEY0IiA+44Og44O844OW44Oh44Oz44OIPC90aD48dGQgY29sc3Bhbj0iMiI+44Kv44Kq44O844OEPC90ZD48L3RyPjx0cj48dGggYmdjb2xvcj0iI0Y0RjRGNCIgPuapn+iDvTwvdGg+PHRkIGNvbHNwYW49IjIiPuOCueODouODvOODq+OCu+OCs+ODs+ODieOAgeOBreOBmOi+vOOBv+W8j+ODquODpeODvOOCujwvdGQ+PC90cj48dHI+PHRoIGJnY29sb3I9IiNGNEY0RjQiID7pmLLmsLQ8L3RoPjx0ZCBjb2xzcGFuPSIyIj7ml6XluLjnlJ/mtLvpmLLmsLQ8L3RkPjwvdHI+PHRyPjx0aCBiZ2NvbG9yPSIjRjRGNEY0IiA+57Sg5p2QPC90aD48dGQgY29sc3Bhbj0iMiI+44K544OG44Oz44Os44K544CB44Of44ON44Op44Or44Ks44Op44K5PC90ZD48L3RyPjx0cj48dGggYmdjb2xvcj0iI0Y0RjRGNCIgcm93c3Bhbj0iNCI+44Kr44Op44O8PC90aD48dGQgd2lkdGg9IjI1JSI+5paH5a2X55ukPC90ZD48dGQ+44OW44Op44OD44KvPC90ZD48L3RyPjx0cj48dGQ+44Kx44O844K5PC90ZD48dGQ+44K344Or44OQ44O8PC90ZD48L3RyPjx0cj48dGQ+44OZ44K844OrPC90ZD48dGQ+44K344Or44OQ44O8PC90ZD48L3RyPjx0cj48dGQ+44OZ44Or44OIPC90ZD48dGQ+44K344Or44OQ44O8PC90ZD48L3RyPjx0cj48dGggYmdjb2xvcj0iI0Y0RjRGNCIgcm93c3Bhbj0iNSI+44K144Kk44K6PC90aD48dGQ+44Kx44O844K5PC90ZD48dGQ+57SENDZtbSjjg6rjg6Xjg7zjgrrpmaTjgY8pPC90ZD48L3RyPjx0cj48dGQ+5pys5L2T5Y6a44GVPC90ZD48dGQ+57SEMTBtbTwvdGQ+PC90cj48dHI+PHRkPuiFleWRqOOCijwvdGQ+PHRkPue0hDE2JmVuc3A7JiMxMjMxNjsmZW5zcDsyMi41Y208L3RkPjwvdHI+PHRyPjx0ZD7jg5njg6vjg4jluYU8L3RkPjx0ZD7ntIQyMCZlbnNwOyYjMTIzMTY7JmVuc3A7MjFtbTwvdGQ+PC90cj48dHI+PHRkPumHjeOBlTwvdGQ+PHRkPue0hDk1ZzwvdGQ+PC90cj48L3RhYmxlPjxicj7ilrw8Yj7lgpnogIM8L2I+PHRhYmxlIHdpZHRoPSIxMDAlIiBjZWxsc3BhY2luZz0iNiIgY2VsbHBhZGRpbmc9IjAiIGJnY29sb3I9IiNGNEY0RjQiID48dHI+PHRkPuiJtuOBguOCiuOBruOCt+ODq+ODkOODvOOCueODhuODs+ODrOOCueOCseODvOOCueODu+iJtuOBguOCiuOBruOCt+ODq+ODkOODvOOCueODhuODs+ODrOOCueODmeOCvOODq+ODu+ODluODqeODg+OCr+aWh+Wtl+ebpOODu+ibjeWFieWhl+aWmeOCkuaWveOBl+OBn+OCt+ODq+ODkOODvOOBruaMh+mHneODu+OCouODqeODk+OCouOBqOODreODvOODnuODs+OCpOODs+ODh+ODg+OCr+OCueODuzEy5pmC5L2N572u44Gr44OW44Op44Oz44OJ44Ot44K044O7M+aZguS9jee9ruOBq+OCueODouODvOODq+OCu+OCs+ODs+ODieODu+iJtuOBguOCiuOCt+ODq+ODkOODvOOBruODluODrOOCueODu+eptOeVmeOCgeW8j+ODkOODg+OCr+ODq+ODu+iFleWRqOOCiuiqv+aVtOOBr+e0hDZtbeW5heOBrumWk+malOOBpzEx5q616ZqO5Y+v6IO944O744Gt44GY6L6844G/5byP44Oq44Ol44O844K644O744OQ44OD44Kv44Or6YOo5YiG44CB6KOP6JOL44Gr44OW44Op44Oz44OJ44Ot44K044O76KOP6JOL44Gr44K344Oq44Ki44Or44OK44Oz44OQ44O8PGJyIC8+44CQ44Ks44Ks44Of44Op44OO44Gv44CB5pWw5bm044GU44Go44Gr44Oe44Kk44OK44O844OB44Kn44Oz44K444KS6KGM44Gj44Gm44GK44KK44G+44GZ44CC44Gd44KM44Gr44KI44KK44CB44OW44Op44Oz44OJ44Ot44K044Gu5L2N572u44KE44OH44K244Kk44Oz44CB44OZ44Or44OI44Gu5LuV5qeY44GM55Ww44Gq44KL5aC05ZCI44GM44GU44GW44GE44G+44GZ44GM44CB44GK6YG444Gz6aCC44GP44GT44Go44Gv5Ye65p2l44GL44Gt44G+44GZ44CC5L2V5Y2S44GU5LqG5om/44GP44Gg44GV44GE44G+44Gb44CC44CRPC90ZD48L3RyPjwvdGFibGU+PGJyPuKWvDxiPuS7mOWxnuWTgTwvYj48dGFibGUgd2lkdGg9IjEwMCUiIGNlbGxzcGFjaW5nPSI1IiBjZWxscGFkZGluZz0iMCIgID48dHI+PHRkPjxpbWcgc3JjPSJodHRwOi8vaW1hZ2UucmFrdXRlbi5jby5qcC9ibHVlay9jYWJpbmV0L2JveC9nYWdhbWlsYW5vYm94LmpwZyIgd2lkdGg9IjEwMCUiID48L3RkPjwvdHI+PHRyPjx0ZD7ilqDjgqzjgqzjg5/jg6njg47jga7ku5jlsZ7lk4HvvJrjgqzjgqzjg5/jg6njg47jga7ku5jlsZ7lk4HvvJrjgq7jg6Pjg6njg7Pjg4bjgqPjg7wo5Zu96Zqb5L+d6Ki85pu4KeOAgeODoeODvOOCq+ODvOe0lOato+ODnOODg+OCr+OCueOAgeS/neiovOabuDxiciAvPuKAu+S7mOWxnuWTgeOBq+mWouOBl+OBpuOBr+WFpeiNt+aZguacn+OBq+OCiOOCiuS7leanmOOBjOeVsOOBquOCi+WPr+iDveaAp+OBjOOBguOCiuOBvuOBmeOAgjwvdGQ+PC90cj48dHI+PHRkPuips+e0sOOBr+OBk+OBoeOCieOCiOOCiuOBlOimp+OBhOOBn+OBoOOBkeOBvuOBmeOAgihQQ+ODmuODvOOCuCk8L3RkPjwvdHI+PC90YWJsZT48IS0t44GC44GZ5qW96KGo6KiYLS0+PGZvbnQgY29sb3I9IiNGRjAwMDAiPjxiPuOBk+OBoeOCieOBr+OAkOOBguOBmealveOAkeWvvuW/nOWVhuWTgeOBp+OBmeOAgjxicj7igLvlubPml6UxM+aZguOBvuOBp+OBruS7o+mHkeW8leaPm+OBp+OBruOBlOazqOaWh+OBjOWvvuixoeOBqOOBquOCiuOBvuOBmeOAgjwvYj48L2ZvbnQ+,44Ks44Ks44Of44Op44OOIEdBR0EgTUlMQU5PIOOCueODquODoDQ2bW0g44Oh44Oz44K6IDUwODAuMu+8muODluODq+ODvOOCr+OCpuOCqeODg+ODgeOCq+ODs+ODkeODi+ODvA==,44Ot44Os44OD44Kv44K544Kq44Oh44Ks44OV44Op44Oz44Kv44Of44Ol44Op44O844Km44OW44Ot44OP44Oq44O844Km44Kj44Oz44K544OI44Oz44OP44Of44Or44OI44Oz44Ks44Ks44Of44Op44OO44OW44Or44Ks44Oq44Kw44OD44OB44K844OL44K544Oc44OD44OG44Ks44O044Kn44ON44K/44OX44Op44OA44K344Oj44ON44Or44Or44Kk44O044Kj44OI44Oz44Kv44Ot44Ko44K744Oq44O844OM44OV44Kn44Op44Ks44Oi44Ot44Ko44OZ44Kq44Ot44OT44Ki44Oz44Kz44K144Oz44Ot44O844Op44Oz44Ks44Ks44Of44Op44OOIEdBR0EgTUlMQU5PIOOCueODquODoDQ2bW0g44Oh44Oz44K6IDUwODAuMg==,W+mAgeaWmeeEoeaWmV1b44GC44GZ5qW9XVvjgqzjgqzjg5/jg6njg45dW+aZguioiF3jgILjgqzjgqzjg5/jg6njg44gR0FHQSBNSUxBTk8g44K544Oq44OgNDZtbSDjg6Hjg7PjgrogNTA4MC4y[rn]
16-122078,aHR0cDovL3RzaG9wLnIxMHMuanAvYmx1ZWsvY2FiaW5ldC9icmVpdGxpbmcvaDI0NDExNzMyLmpwZz9maXRpbj03MDA6NzAw,NDE5MjYuNDAwMA==,,6IWV5pmC6KiIID4g44Oh44Oz44K66IWV5pmC6KiI,44OP44Of44Or44OI44OzIEhBTUlMVE9OIOODmeODs+ODgeODpeODqSDjg6Hjg7PjgrogSDI0NDExNzMy,W+mAgeaWmeeEoeaWmV1b44GC44GZ5qW9XVvjg4/jg5/jg6vjg4jjg7NdW+aZguioiF0=,PHRhYmxlIHdpZHRoPSIxMDAlIj48dHIgYmdjb2xvcj0iI2NkMDAyNSIgaGVpZ2h0PSI2MCI+PHRkPjxpbWcgc3JjPSJodHRwOi8vd3d3LnJha3V0ZW4ubmUuanAvZ29sZC9ibHVlay9zZWFyY2gvaW1nL3NhbGVfYWxsLmdpZiIgd2lkdGg9IjEwMCUiPjwvdGQ+PC90cj48dHI+PHRkPjwvdGQ+PC90cj48L3RhYmxlPjx0YWJsZSB3aWR0aD0iMTAwJSIgIGJnY29sb3I9IiMwMTQwOTkiPjx0cj48dGQ+PC90ZD48L3RyPjwvdGFibGU+PHRhYmxlIHdpZHRoPSIxMDAlIiBjZWxsc3BhY2luZz0iNiIgY2VsbHBhZGRpbmc9IjAiIGJnY29sb3I9IiNGNEY0RjQiID48dHI+PHRoPjxiPuOCueODn+OCveODi+OCouODs+WNmueJqemkqOOBq+aJgOiUteOBleOCjOOBn+WCkeS9nOaZguioiDwvYj48L3RoPjwvdHI+PHRyPjx0ZD4xOTU35bm05LiW55WM5Yid44Gu6Zu75rGg5byP6IWV5pmC6KiI44Go44GX44Gm6KqV55Sf44GX44CB44K544Of44K944OL44Ki44Oz5Y2a54mp6aSo44Gr5rC45LmF5bGV56S644GV44KM44Gm44GE44KL44OZ44Oz44OB44Ol44Op44CC44Ki44K344Oz44Oh44OI44Oq44O844Gq5LiJ6KeS44OV44Kp44Or44Og44GM54m55b6044Gn44CB44Gd44Gu5pas5paw44Gq44OH44K244Kk44Oz44Gv44Ko44Or44O044Kj44K544O744OX44Os44K544Oq44O844GM5oSb55So44GX44Gf44GT44Go44Gn44KC5pyJ5ZCN44Gn44GZ44CC44GT44GuMzbDlzMy44Of44Oq44Oi44OH44Or44Gv44CB44OA44Kk44Ok44Or44Go44Os44K244O844OZ44Or44OI44Gu44OW44Op44OD44Kv44GM44K344Or44OQ44O844Kx44O844K544KS5byV44GN56uL44Gm44Gf44K344Oz44OX44Or44Gn44Oi44OA44Oz44Gq6KGo5oOF44GM6a2F5Yqb44CC5Y2K5LiW57SA5Lul5LiK57WM44Gm44KC6Imy6KSq44Gb44Gq44GE54us5Ym155qE44Gq44OH44K244Kk44Oz44Gv5LuK44KC5oqc576k44Gr44GK5rSS6JC944Gn44GZ44CCPC90ZD48L3RyPjwvdGFibGU+PHRhYmxlIHdpZHRoPSIxMDAlIiBjZWxsc3BhY2luZz0iNiIgY2VsbHBhZGRpbmc9IjAiIGJnY29sb3I9IiNGNEY0RjQiID48dHI+PHRkPuKWvDxiPjM2MMKwUk9MTCBWSUVXPC9iPjwvdGQ+PC90cj48dHI+PHRkPjxpbWcgc3JjPSJodHRwOi8vaW1hZ2UucmFrdXRlbi5jby5qcC9ibHVlay9jYWJpbmV0LzIwMTMwOF8zNjAvaDI0NDExNzMyLmdpZiIgd2lkdGg9IjEwMCUiIGFsdD0icm9sbF92aWV3IiAvPjwvdGQ+PC90cj48YnIgLz48dHI+PHRkPjxpbWcgc3JjPSJodHRwOi8vaW1hZ2UucmFrdXRlbi5jby5qcC9ibHVlay9jYWJpbmV0L2JyZWl0bGluZ19tb2RlbC9oMjQ0MTE3MzJtLmpwZyIgd2lkdGg9IjEwMCUiPjxiciAvPjwvdGQ+PC90cj48L3RhYmxlPjxicj7ilrw8Yj7jgrnjg5rjg4Pjgq88L2I+PHRhYmxlIHdpZHRoPSIxMDAlIiBib3JkZXI9IjEiIGJvcmRlcmNvbG9yPSIjY2NjIiBjZWxsc3BhY2luZz0iMCIgY2VsbHBhZGRpbmc9IjUiPjx0cj48dGggYmdjb2xvcj0iI0Y0RjRGNCIgd2lkdGg9IjM1JSI+44Oh44O844Kr44O85ZOB55WqPC90aD48dGQgY29sc3Bhbj0iMiI+SDI0NDExNzMyPC90ZD48L3RyPjx0cj48dGggYmdjb2xvcj0iI0Y0RjRGNCIgPuODoOODvOODluODoeODs+ODiDwvdGg+PHRkIGNvbHNwYW49IjIiPuOCr+OCquODvOODhDwvdGQ+PC90cj48dHI+PHRoIGJnY29sb3I9IiNGNEY0RjQiID7mqZ/og708L3RoPjx0ZCBjb2xzcGFuPSIyIj4tPC90ZD48L3RyPjx0cj48dGggYmdjb2xvcj0iI0Y0RjRGNCIgPumYsuawtDwvdGg+PHRkIGNvbHNwYW49IjIiPuaXpeW4uOeUn+a0u+mYsuawtDwvdGQ+PC90cj48dHI+PHRoIGJnY29sb3I9IiNGNEY0RjQiID7ntKDmnZA8L3RoPjx0ZCBjb2xzcGFuPSIyIj7jgrnjg4bjg7Pjg6zjgrnjgIHjg6zjgrbjg7zjgIHjg5/jg43jg6njg6vjgqzjg6njgrk8L3RkPjwvdHI+PHRyPjx0aCBiZ2NvbG9yPSIjRjRGNEY0IiByb3dzcGFuPSI0Ij7jgqvjg6njg7w8L3RoPjx0ZCB3aWR0aD0iMjUlIj7mloflrZfnm6Q8L3RkPjx0ZD7jg5bjg6njg4Pjgq88L3RkPjwvdHI+PHRyPjx0ZD7jgrHjg7zjgrk8L3RkPjx0ZD7jgrfjg6vjg5Djg7w8L3RkPjwvdHI+PHRyPjx0ZD7jg5njgrzjg6s8L3RkPjx0ZD7jgrfjg6vjg5Djg7w8L3RkPjwvdHI+PHRyPjx0ZD7jg5njg6vjg4g8L3RkPjx0ZD7jg5bjg6njg4Pjgq88L3RkPjwvdHI+PHRyPjx0aCBiZ2NvbG9yPSIjRjRGNEY0IiByb3dzcGFuPSI1Ij7jgrXjgqTjgro8L3RoPjx0ZD7jgrHjg7zjgrk8L3RkPjx0ZD7ntIQzMiDDlyAzNm1tKOODquODpeODvOOCuumZpOOBjyk8L3RkPjwvdHI+PHRyPjx0ZD7mnKzkvZPljprjgZU8L3RkPjx0ZD7ntIQxMG1tPC90ZD48L3RyPjx0cj48dGQ+6IWV5ZGo44KKPC90ZD48dGQ+57SEMTYuNSZlbnNwOyYjMTIzMTY7JmVuc3A7MjFjbTwvdGQ+PC90cj48dHI+PHRkPuODmeODq+ODiOW5hTwvdGQ+PHRkPue0hDE2JmVuc3A7JiMxMjMxNjsmZW5zcDsxN21tPC90ZD48L3RyPjx0cj48dGQ+6YeN44GVPC90ZD48dGQ+57SENTBnPC90ZD48L3RyPjwvdGFibGU+PGJyPuKWvDxiPuWCmeiAgzwvYj48dGFibGUgd2lkdGg9IjEwMCUiIGNlbGxzcGFjaW5nPSI2IiBjZWxscGFkZGluZz0iMCIgYmdjb2xvcj0iI0Y0RjRGNCIgPjx0cj48dGQ+6Im244GC44KK44Gu44K344Or44OQ44O844K544OG44Oz44Os44K544Kx44O844K544O76Im244GC44KK44Gu44K344Or44OQ44O844K544OG44Oz44Os44K544OZ44K844Or44O744OW44Op44OD44Kv5paH5a2X55uk44O744K344Or44OQ44O844Gu5oyH6Yed44O744OJ44OD44OI44Kk44Oz44OH44OD44Kv44K544O7MTLmmYLkvY3nva7jgavjg5bjg6njg7Pjg4njg63jgrTjg7vjg5bjg6njg4Pjgq/jga7pnanjg5njg6vjg4jjg7tE44OQ44OD44Kv44Or44O76IWV5ZGo44KK6Kq/5pW044Gv57SENm1t5bmF44Gu6ZaT6ZqU44GnOOautemajuWPr+iDveODu+ODkOODg+OCr+ODq+mDqOWIhuOAgeijj+iTi+OBq+ODluODqeODs+ODieODreOCtDxiciAvPuOAkOWFpeiNt+aZguacn+OBq+OCiOOCiuODkOODg+OCr+ODq+OBruS7leanmOOAgeOCguOBl+OBj+OBr+ijj+iTi+OBrumYsuawtOihqOiomOOBjOeVsOOBquOCi+WgtOWQiOOBjOW+oeW6p+OBhOOBvuOBmeOAkTwvdGQ+PC90cj48L3RhYmxlPjxicj7ilrw8Yj7ku5jlsZ7lk4E8L2I+PHRhYmxlIHdpZHRoPSIxMDAlIiBjZWxsc3BhY2luZz0iNSIgY2VsbHBhZGRpbmc9IjAiICA+PHRyPjx0ZD48aW1nIHNyYz0iaHR0cDovL2ltYWdlLnJha3V0ZW4uY28uanAvYmx1ZWsvY2FiaW5ldC9ib3gvaGFtaWx0b25ib3guanBnIiB3aWR0aD0iMTAwJSIgPjwvdGQ+PC90cj48dHI+PHRkPuKWoOODj+ODn+ODq+ODiOODs+OBruS7mOWxnuWTge+8muODj+ODn+ODq+ODiOODs+OBruS7mOWxnuWTge+8muOCruODo+ODqeODs+ODhuOCo+ODvCjlm73pmpvkv53oqLzmm7gp44CB44Oh44O844Kr44O857SU5q2j44Oc44OD44Kv44K5PGJyIC8+4oC744Oc44OD44Kv44K544CB44Ku44Oj44Op44Oz44OG44Kj44O844Gq44Gp44Gu5LuY5bGe5ZOB44Gr6Zai44GX44Gm44Gv5YWl6I235pmC5pyf44Gr44KI44KK5LuV5qeY44GM55Ww44Gq44KL5Y+v6IO95oCn44GM44GC44KK44G+44GZ44CCPC90ZD48L3RyPjx0cj48dGQ+6Kmz57Sw44Gv44GT44Gh44KJ44KI44KK44GU6Kan44GE44Gf44Gg44GR44G+44GZ44CCKFBD44Oa44O844K4KTwvdGQ+PC90cj48L3RhYmxlPjwhLS3jgYLjgZnmpb3ooajoqJgtLT48Zm9udCBjb2xvcj0iI0ZGMDAwMCI+PGI+44GT44Gh44KJ44Gv44CQ44GC44GZ5qW944CR5a++5b+c5ZWG5ZOB44Gn44GZ44CCPGJyPuKAu+W5s+aXpTEz5pmC44G+44Gn44Gu5Luj6YeR5byV5o+b44Gn44Gu44GU5rOo5paH44GM5a++6LGh44Go44Gq44KK44G+44GZ44CCPC9iPjwvZm9udD4=,44OP44Of44Or44OI44OzIEhBTUlMVE9OIOODmeODs+ODgeODpeODqSDjg6Hjg7PjgrogSDI0NDExNzMy77ya44OW44Or44O844Kv44Km44Kp44OD44OB44Kr44Oz44OR44OL44O8,44Ot44Os44OD44Kv44K544Kq44Oh44Ks44OV44Op44Oz44Kv44Of44Ol44Op44O844Km44OW44Ot44OP44Oq44O844Km44Kj44Oz44K544OI44Oz44OP44Of44Or44OI44Oz44Ks44Ks44Of44Op44OO44OW44Or44Ks44Oq44Kw44OD44OB44K844OL44K544Oc44OD44OG44Ks44O044Kn44ON44K/44OX44Op44OA44K344Oj44ON44Or44Or44Kk44O044Kj44OI44Oz44Kv44Ot44Ko44K744Oq44O844OM44OV44Kn44Op44Ks44Oi44Ot44Ko44OZ44Kq44Ot44OT44Ki44Oz44Kz44K144Oz44Ot44O844Op44Oz44OP44Of44Or44OI44OzIEhBTUlMVE9OIOODmeODs+ODgeODpeODqSDjg6Hjg7PjgrogSDI0NDExNzMy,W+mAgeaWmeeEoeaWmV1b44GC44GZ5qW9XVvjg4/jg5/jg6vjg4jjg7NdW+aZguioiF3jgILjg4/jg5/jg6vjg4jjg7MgSEFNSUxUT04g44OZ44Oz44OB44Ol44OpIOODoeODs+OCuiBIMjQ0MTE3MzI=[rn]
16-122079,aHR0cDovL3RzaG9wLnIxMHMuanAvYmx1ZWsvY2FiaW5ldC9icmVpdGxpbmcvaDMyNTY1MTM1LmpwZz9maXRpbj03MDA6NzAw,NDk0ODEuNjAwMA==,,6IWV5pmC6KiIID4g44Oh44Oz44K66IWV5pmC6KiI,44OP44Of44Or44OI44OzIEhBTUlMVE9OIOOCuOODo+OCuuODnuOCueOCv+ODvCDjg5Pjg6Xjg7zjg57jg4Hjg4Pjgq8g44Oh44Oz44K6IEgzMjU2NTEzNQ==,W+mAgeaWmeeEoeaWmV1b44GC44GZ5qW9XVvjg4/jg5/jg6vjg4jjg7NdW+aZguioiF0=,PHRhYmxlIHdpZHRoPSIxMDAlIj48dHIgYmdjb2xvcj0iI2NkMDAyNSIgaGVpZ2h0PSI2MCI+PHRkPjxpbWcgc3JjPSJodHRwOi8vd3d3LnJha3V0ZW4ubmUuanAvZ29sZC9ibHVlay9zZWFyY2gvaW1nL3NhbGVfYWxsLmdpZiIgd2lkdGg9IjEwMCUiPjwvdGQ+PC90cj48dHI+PHRkPjwvdGQ+PC90cj48L3RhYmxlPjx0YWJsZSB3aWR0aD0iMTAwJSIgIGJnY29sb3I9IiMwMTQwOTkiPjx0cj48dGQ+PC90ZD48L3RyPjwvdGFibGU+PHRhYmxlIHdpZHRoPSIxMDAlIiBjZWxsc3BhY2luZz0iNiIgY2VsbHBhZGRpbmc9IjAiIGJnY29sb3I9IiNGNEY0RjQiID48dHI+PHRoPjxiPuWkp+iDhuOBq+OCq+ODg+ODiOOCouOCpuODiOOBleOCjOOBn+OCquODvOODl+ODs+ODj+ODvOODiOOBq+mHmOS7mOOBkTwvYj48L3RoPjwvdHI+PHRyPjx0ZD7jg5bjg6njg4Pjgq/jg4DjgqTjg6Tjg6vjgavmmKDjgYjjgovjgIHlpKfog4bjgarjgqvjg4Pjg4bjgqPjg7PjgrDjga7jgqrjg7zjg5fjg7Pjg4/jg7zjg4jjgYzljbDosaHnmoTvvIE0MOODn+ODquODj+ODn+ODq+ODiOODs+OCuOODo+OCueODnuOCueOCv+ODvOiHquWLleW3u+OBjeODouODh+ODq+OBp+OBmeOAgueyvuaCjeOBquaJi+WFg+OCkuOBpOOBj+OCi+OCt+ODq+ODkOODvOOCseODvOOCue+8huODluODrOOCueOBr+OAgeOBmuOBo+OBl+OCiuOBqOOBl+OBn+edgOOBkeW/g+WcsOOCgumtheWKm+OAguODluODrOOCueOBruOCs+ODnuOBq+ODj+ODn+ODq+ODiOODs+OBruOAjEjjgI3jgYzntYTjgb/ovrzjgb7jgozjgZ/jg6Ljg4Djg7Pjgarku5XkuIrjgYzjgorjgafjgZnjgILjgrfjg6vjg5Djg7zjga7mjIfph53jgajjgqLjg6njg5PjgqLvvIbjgY/jgZXjgbPjgqTjg7Pjg4fjg4Pjgq/jgrnjgpLlgpnjgYjjgZ/jg4DjgqTjg6Tjg6vjgavjga/jgIHjg6Djg7zjg5bjg6Hjg7Pjg4jkuLvopoHpg6jliIbjgpLlrZjliIbjgavopovjgabmpb3jgZfjgoHjgovjgojjgYbjgIHlgIvmgKfnmoTjgarjg4fjgrbjgqTjg7Pjgavjgqvjg4Pjg4jjgqLjgqbjg4jjgILjgrHjg7zjgrnjg5Djg4Pjgq/jgoLjgrnjgrHjg6vjg4jjg7Pku5Xmp5jjgafjgIHkuKHpnaLjgYvjgonjg6Djg7zjg5bjg6Hjg7Pjg4jjga7mhI/ljKDjgajpvJPli5XjgYzloKrog73jgafjgY3jgb7jgZnjgII8L3RkPjwvdHI+PC90YWJsZT48dGFibGUgd2lkdGg9IjEwMCUiIGNlbGxzcGFjaW5nPSI2IiBjZWxscGFkZGluZz0iMCIgYmdjb2xvcj0iI0Y0RjRGNCIgPjx0cj48dGQ+4pa8PGI+MzYwwrBST0xMIFZJRVc8L2I+PC90ZD48L3RyPjx0cj48dGQ+PGltZyBzcmM9Imh0dHA6Ly9pbWFnZS5yYWt1dGVuLmNvLmpwL2JsdWVrL2NhYmluZXQvMjAxMzA0XzM2MC9oMzI1NjUxMzUuZ2lmIiB3aWR0aD0iMTAwJSIgYWx0PSJyb2xsX3ZpZXciIC8+PC90ZD48L3RyPjxiciAvPjx0cj48dGQ+PGltZyBzcmM9Imh0dHA6Ly9pbWFnZS5yYWt1dGVuLmNvLmpwL2JsdWVrL2NhYmluZXQvYnJlaXRsaW5nX21vZGVsL2gzMjU2NTEzNW0uanBnIiB3aWR0aD0iMTAwJSI+PGJyIC8+PC90ZD48L3RyPjwvdGFibGU+PGJyPuKWvDxiPuOCueODmuODg+OCrzwvYj48dGFibGUgd2lkdGg9IjEwMCUiIGJvcmRlcj0iMSIgYm9yZGVyY29sb3I9IiNjY2MiIGNlbGxzcGFjaW5nPSIwIiBjZWxscGFkZGluZz0iNSI+PHRyPjx0aCBiZ2NvbG9yPSIjRjRGNEY0IiB3aWR0aD0iMzUlIj7jg6Hjg7zjgqvjg7zlk4Hnlao8L3RoPjx0ZCBjb2xzcGFuPSIyIj5IMzI1NjUxMzU8L3RkPjwvdHI+PHRyPjx0aCBiZ2NvbG9yPSIjRjRGNEY0IiA+44Og44O844OW44Oh44Oz44OIPC90aD48dGQgY29sc3Bhbj0iMiI+6Ieq5YuV5be744GNPC90ZD48L3RyPjx0cj48dGggYmdjb2xvcj0iI0Y0RjRGNCIgPuapn+iDvTwvdGg+PHRkIGNvbHNwYW49IjIiPuODkOODg+OCr+OCueOCseODq+ODiOODszwvdGQ+PC90cj48dHI+PHRoIGJnY29sb3I9IiNGNEY0RjQiID7pmLLmsLQ8L3RoPjx0ZCBjb2xzcGFuPSIyIj7ml6XluLjnlJ/mtLvpmLLmsLQ8L3RkPjwvdHI+PHRyPjx0aCBiZ2NvbG9yPSIjRjRGNEY0IiA+57Sg5p2QPC90aD48dGQgY29sc3Bhbj0iMiI+44K544OG44Oz44Os44K544CB44K144OV44Kh44Kk44Ok44Ks44Op44K5PC90ZD48L3RyPjx0cj48dGggYmdjb2xvcj0iI0Y0RjRGNCIgcm93c3Bhbj0iNCI+44Kr44Op44O8PC90aD48dGQgd2lkdGg9IjI1JSI+5paH5a2X55ukPC90ZD48dGQ+44OW44Op44OD44KvPC90ZD48L3RyPjx0cj48dGQ+44Kx44O844K5PC90ZD48dGQ+44K344Or44OQ44O8PC90ZD48L3RyPjx0cj48dGQ+44OZ44K844OrPC90ZD48dGQ+44K344Or44OQ44O8PC90ZD48L3RyPjx0cj48dGQ+44OZ44Or44OIPC90ZD48dGQ+44K344Or44OQ44O8PC90ZD48L3RyPjx0cj48dGggYmdjb2xvcj0iI0Y0RjRGNCIgcm93c3Bhbj0iNSI+44K144Kk44K6PC90aD48dGQ+44Kx44O844K5PC90ZD48dGQ+57SENDBtbSjjg6rjg6Xjg7zjgrrpmaTjgY8pPC90ZD48L3RyPjx0cj48dGQ+5pys5L2T5Y6a44GVPC90ZD48dGQ+57SEMTFtbTwvdGQ+PC90cj48dHI+PHRkPuiFleWRqOOCijwvdGQ+PHRkPue0hDE0LjUmZW5zcDsmIzEyMzE2OyZlbnNwOzIwLjVjbTwvdGQ+PC90cj48dHI+PHRkPuODmeODq+ODiOW5hTwvdGQ+PHRkPue0hDIwbW08L3RkPjwvdHI+PHRyPjx0ZD7ph43jgZU8L3RkPjx0ZD7ntIQxNjBnPC90ZD48L3RyPjwvdGFibGU+PGJyPuKWvDxiPuWCmeiAgzwvYj48dGFibGUgd2lkdGg9IjEwMCUiIGNlbGxzcGFjaW5nPSI2IiBjZWxscGFkZGluZz0iMCIgYmdjb2xvcj0iI0Y0RjRGNCIgPjx0cj48dGQ+6Im244Gq44GXKOS4gOmDqOiJtuOBguOCiinjga7jgrfjg6vjg5Djg7zjgrnjg4bjg7Pjg6zjgrnjgrHjg7zjgrnjg7voibbjgYLjgorjga7jgrfjg6vjg5Djg7zjgrnjg4bjg7Pjg6zjgrnjg5njgrzjg6vjg7vjg5bjg6njg4Pjgq/mloflrZfnm6Tjg7vom43lhYnloZfmlpnjgpLmlr3jgZfjgZ/jgrfjg6vjg5Djg7zjga7mjIfph53jg7vjgqLjg6njg5PjgqLjgajjgY/jgZXjgbMo44OI44Op44Kk44Ki44Oz44Kw44OrKeOCpOODs+ODh+ODg+OCr+OCueODuzEy5pmC44GL44KJNOaZguS9jee9ruOBq+OCueOCseODq+ODiOODs+OBruWwj+eqk+ODuzfmmYLjgYvjgok45pmC5L2N572u44Gr44K544Kx44Or44OI44Oz44Gu5bCP56qT44O7OeaZguS9jee9ruOBq+ODluODqeODs+ODieODreOCtOODu+iJtuOBguOCiuOBqOiJtuOBquOBl+OCt+ODq+ODkOODvOOCueODhuODs+ODrOOCueOCkue1hOOBv+WQiOOCj+OBm+OBn0jlnovjg5bjg6zjgrnjg7vjg5fjg4Pjgrfjg6XlvI/jga7kuKHplovjgY3jg5Djg4Pjgq/jg6vjg7vjg6rjg6Xjg7zjgrrjgqzjg7zjg4njg7vjg5Djg4Pjgq/jgrnjgrHjg6vjg4jjg7Pjg7vmjK/jgorlrZDjgavjg5bjg6njg7Pjg4njg63jgrQ8YnIgLz7jgJDlhaXojbfmmYLmnJ/jgavjgojjgorjg5Djg4Pjgq/jg6vjga7ku5Xmp5jjgIHjgoLjgZfjgY/jga/oo4/ok4vjga7pmLLmsLTooajoqJjjgYznlbDjgarjgovloLTlkIjjgYzlvqHluqfjgYTjgb7jgZnjgJE8L3RkPjwvdHI+PC90YWJsZT48YnI+4pa8PGI+5LuY5bGe5ZOBPC9iPjx0YWJsZSB3aWR0aD0iMTAwJSIgY2VsbHNwYWNpbmc9IjUiIGNlbGxwYWRkaW5nPSIwIiAgPjx0cj48dGQ+PGltZyBzcmM9Imh0dHA6Ly9pbWFnZS5yYWt1dGVuLmNvLmpwL2JsdWVrL2NhYmluZXQvYm94L2hhbWlsdG9uYm94LmpwZyIgd2lkdGg9IjEwMCUiID48L3RkPjwvdHI+PHRyPjx0ZD7ilqDjg4/jg5/jg6vjg4jjg7Pjga7ku5jlsZ7lk4HvvJrjg4/jg5/jg6vjg4jjg7Pjga7ku5jlsZ7lk4HvvJrjgq7jg6Pjg6njg7Pjg4bjgqPjg7wo5Zu96Zqb5L+d6Ki85pu4KeOAgeODoeODvOOCq+ODvOe0lOato+ODnOODg+OCr+OCuTxiciAvPuKAu+ODnOODg+OCr+OCueOAgeOCruODo+ODqeODs+ODhuOCo+ODvOOBquOBqeOBruS7mOWxnuWTgeOBq+mWouOBl+OBpuOBr+WFpeiNt+aZguacn+OBq+OCiOOCiuS7leanmOOBjOeVsOOBquOCi+WPr+iDveaAp+OBjOOBguOCiuOBvuOBmeOAgjwvdGQ+PC90cj48dHI+PHRkPuips+e0sOOBr+OBk+OBoeOCieOCiOOCiuOBlOimp+OBhOOBn+OBoOOBkeOBvuOBmeOAgihQQ+ODmuODvOOCuCk8L3RkPjwvdHI+PC90YWJsZT48IS0t44GC44GZ5qW96KGo6KiYLS0+PGZvbnQgY29sb3I9IiNGRjAwMDAiPjxiPuOBk+OBoeOCieOBr+OAkOOBguOBmealveOAkeWvvuW/nOWVhuWTgeOBp+OBmeOAgjxicj7igLvlubPml6UxM+aZguOBvuOBp+OBruS7o+mHkeW8leaPm+OBp+OBruOBlOazqOaWh+OBjOWvvuixoeOBqOOBquOCiuOBvuOBmeOAgjwvYj48L2ZvbnQ+,44OP44Of44Or44OI44OzIEhBTUlMVE9OIOOCuOODo+OCuuODnuOCueOCv+ODvCDjg5Pjg6Xjg7zjg57jg4Hjg4Pjgq8g44Oh44Oz44K6IEgzMjU2NTEzNe+8muODluODq+ODvOOCr+OCpuOCqeODg+ODgeOCq+ODs+ODkeODi+ODvA==,44Ot44Os44OD44Kv44K544Kq44Oh44Ks44OV44Op44Oz44Kv44Of44Ol44Op44O844Km44OW44Ot44OP44Oq44O844Km44Kj44Oz44K544OI44Oz44OP44Of44Or44OI44Oz44Ks44Ks44Of44Op44OO44OW44Or44Ks44Oq44Kw44OD44OB44K844OL44K544Oc44OD44OG44Ks44O044Kn44ON44K/44OX44Op44OA44K344Oj44ON44Or44Or44Kk44O044Kj44OI44Oz44Kv44Ot44Ko44K744Oq44O844OM44OV44Kn44Op44Ks44Oi44Ot44Ko44OZ44Kq44Ot44OT44Ki44Oz44Kz44K144Oz44Ot44O844Op44Oz44OP44Of44Or44OI44OzIEhBTUlMVE9OIOOCuOODo+OCuuODnuOCueOCv+ODvCDjg5Pjg6Xjg7zjg57jg4Hjg4Pjgq8g44Oh44Oz44K6IEgzMjU2NTEzNQ==,W+mAgeaWmeeEoeaWmV1b44GC44GZ5qW9XVvjg4/jg5/jg6vjg4jjg7NdW+aZguioiF3jgILjg4/jg5/jg6vjg4jjg7MgSEFNSUxUT04g44K444Oj44K644Oe44K544K/44O8IOODk+ODpeODvOODnuODgeODg+OCryDjg6Hjg7PjgrogSDMyNTY1MTM1[rn]
16-122080,aHR0cDovL3RzaG9wLnIxMHMuanAvYmx1ZWsvY2FiaW5ldC90YWdoZXVlci90YWdjYXoxMDEwYmEwODQyLmpwZz9maXRpbj03MDA6NzAw,NzM5MjYuNDAwMA==,,6IWV5pmC6KiIID4g44Oh44Oz44K66IWV5pmC6KiI,44K/44Kw44Ob44Kk44Ok44O8IFRBR0hldWVy44OV44Kp44O844Of44Ol44OpMSDjg6Hjg7PjgrogQ0FaMTAxMC5CQTA4NDI=,W+mAgeaWmeeEoeaWmV1b44GC44GZ5qW9XVvjgr/jgrDjg5vjgqTjg6Tjg7xdW+aZguioiF0=,PHRhYmxlIHdpZHRoPSIxMDAlIj48dHIgYmdjb2xvcj0iI2NkMDAyNSIgaGVpZ2h0PSI2MCI+PHRkPjxpbWcgc3JjPSJodHRwOi8vd3d3LnJha3V0ZW4ubmUuanAvZ29sZC9ibHVlay9zZWFyY2gvaW1nL3NhbGVfYWxsLmdpZiIgd2lkdGg9IjEwMCUiPjwvdGQ+PC90cj48dHI+PHRkPjwvdGQ+PC90cj48L3RhYmxlPjx0YWJsZSB3aWR0aD0iMTAwJSIgIGJnY29sb3I9IiMwMTQwOTkiPjx0cj48dGQ+PC90ZD48L3RyPjwvdGFibGU+PHRhYmxlIHdpZHRoPSIxMDAlIiBjZWxsc3BhY2luZz0iNiIgY2VsbHBhZGRpbmc9IjAiIGJnY29sb3I9IiNGNEY0RjQiID48dHI+PHRoPjxiPuOCteODvOOCreODg+ODiOOCkueWvui1sOOBmeOCizQzbW3jg5Xjgqnjg7zjg5/jg6Xjg6kxPC9iPjwvdGg+PC90cj48dHI+PHRkPuODouODvOOCv+ODvOODrOODvOOCueOBruacgOmrmOWzsOOAgUYx44Kw44Op44Oz44OX44Oq44CC44K/44Kw44Ob44Kk44Ok44O844Go44GE44GI44Gw6Kqw44KC44GMRjHjgpLjgqTjg6Hjg7zjgrjjgZnjgovjgbvjganlr4bmjqXjgarplqLkv4LjgpLnr4njgY3jgIHohqjlpKfjgaroqIjmuKzmioDooZPjgoTlhYjnq6/mioDooZPjgbjjga7mjJHmiKbjgpJGMeOBqOWFseacieOBmeOCi+ODluODqeODs+ODieOBp+OBmeOAguOBneOBruWQjeOCkuWGoOOBl+OBn+ODleOCqeODvOODn+ODpeODqTHjga9GMeOCq+ODvOOBruOCiOOBhuOBq+absue3muOBquOCgeOCieOBi+OBquaoveW9ouOCseODvOOCueOBqzIwMO+9jemYsuawtOOCkuaQrei8ieOBl+OAgeaZgumWk+OBruato+eiuuaAp+OBqOS9v+OBhOWLneaJi+OBq+WEquOCjOOCi+OCr+OCquODvOODhOODouODh+ODq+OBjOeJueW+tOOBp+OBmeOAguS4reOBp+OCguOBk+OBrueUt+OCieOBl+OBhDQz44Of44Oq44Kv44Ot44OO44Kw44Op44OV44Gv44Kx44O844K577yGM+mAo+ODluODrOOCueOBruOCt+ODq+ODkOODvOOBq+a8hum7kuOCv+OCreODoeODvOOCv+ODvOODgeOCv+ODs+ODmeOCvOODq+OBqOODgOOCpOODpOODq+OCkuWQiOOCj+OBm+OBn+eyvuaCjeOBquihqOaDheOBjOmtheWKm+OAgumHjeOBlTE4MOOCsOODqeODoOOBruOBmuOBo+OBl+OCiuOBqOOBl+OBn+edgOOBkeW/g+WcsOOCguOBn+OBvuOCiuOBvuOBm+OCk+OAgjPmmYLkvY3nva7jgavjgrnjg6Ljg7zjg6vjgrvjgrPjg7Pjg4njgIE25pmC5L2N572u44GrMe+8jzEw56eS6KiI44CBOeaZguS9jee9ruOBqzMw5YiG6KiI44CBNOaZguS9jee9ruOBq+aXpeS7mOeqk+OCkuWCmeOBiOOBpuWun+eUqOaAp+OBq+WEquOCjOOAgeODgeOCp+ODg+OCq+ODvOODleODqeODg+OCsOaooeanmOOBjOWIu+WNsOOBleOCjOOBn+ijj+iTi+OBq+OCguODrOODvOOCt+ODs+OCsOOCueODlOODquODg+ODhOOBjOOBguOBteOCjOOBvuOBmeOAgjwvdGQ+PC90cj48L3RhYmxlPjx0YWJsZSB3aWR0aD0iMTAwJSIgY2VsbHNwYWNpbmc9IjYiIGNlbGxwYWRkaW5nPSIwIiBiZ2NvbG9yPSIjRjRGNEY0IiA+PHRyPjx0ZD7ilrw8Yj4zNjDCsFJPTEwgVklFVzwvYj48L3RkPjwvdHI+PHRyPjx0ZD48aW1nIHNyYz0iaHR0cDovL2ltYWdlLnJha3V0ZW4uY28uanAvYmx1ZWsvY2FiaW5ldC8yMDE2MDRfMzYwL3RhZ2NhejEwMTBiYTA4NDIuZ2lmIiB3aWR0aD0iMTAwJSIgYWx0PSJyb2xsX3ZpZXciIC8+PC90ZD48L3RyPjxiciAvPjx0cj48dGQ+PGltZyBzcmM9Imh0dHA6Ly9pbWFnZS5yYWt1dGVuLmNvLmpwL2JsdWVrL2NhYmluZXQvdGFnaGV1ZXJfbW9kZWwvdGFnY2F6MTAxMGJhMDg0Mm0uanBnIiB3aWR0aD0iMTAwJSI+PGJyIC8+PC90ZD48L3RyPjwvdGFibGU+PGJyPuKWvDxiPuOCueODmuODg+OCrzwvYj48dGFibGUgd2lkdGg9IjEwMCUiIGJvcmRlcj0iMSIgYm9yZGVyY29sb3I9IiNjY2MiIGNlbGxzcGFjaW5nPSIwIiBjZWxscGFkZGluZz0iNSI+PHRyPjx0aCBiZ2NvbG9yPSIjRjRGNEY0IiB3aWR0aD0iMzUlIj7jg6Hjg7zjgqvjg7zlk4Hnlao8L3RoPjx0ZCBjb2xzcGFuPSIyIj5DQVoxMDEwLkJBMDg0MjwvdGQ+PC90cj48dHI+PHRoIGJnY29sb3I9IiNGNEY0RjQiID7jg6Djg7zjg5bjg6Hjg7Pjg4g8L3RoPjx0ZCBjb2xzcGFuPSIyIj7jgq/jgqrjg7zjg4Q8L3RkPjwvdHI+PHRyPjx0aCBiZ2NvbG9yPSIjRjRGNEY0IiA+5qmf6IO9PC90aD48dGQgY29sc3Bhbj0iMiI+44Gt44GY6L6844G/5byP44Oq44Ol44O844K644CB44Kr44Os44Oz44OA44O85qmf6IO9KOaXpeS7mCnjgIHjgq/jg63jg47jgrDjg6njg5XjgIHjgr/jgq3jg6Hjg7zjgr/jg7w8L3RkPjwvdHI+PHRyPjx0aCBiZ2NvbG9yPSIjRjRGNEY0IiA+6Ziy5rC0PC90aD48dGQgY29sc3Bhbj0iMiI+MjAwbemYsuawtDwvdGQ+PC90cj48dHI+PHRoIGJnY29sb3I9IiNGNEY0RjQiID7ntKDmnZA8L3RoPjx0ZCBjb2xzcGFuPSIyIj7jgrnjg4bjg7Pjg6zjgrnjgIHjg4Hjgr/jg7PjgIHjgrXjg5XjgqHjgqTjg6Tjgqzjg6njgrk8L3RkPjwvdHI+PHRyPjx0aCBiZ2NvbG9yPSIjRjRGNEY0IiByb3dzcGFuPSI0Ij7jgqvjg6njg7w8L3RoPjx0ZCB3aWR0aD0iMjUlIj7mloflrZfnm6Q8L3RkPjx0ZD7jg5bjg6njg4Pjgq88L3RkPjwvdHI+PHRyPjx0ZD7jgrHjg7zjgrk8L3RkPjx0ZD7jgrfjg6vjg5Djg7w8L3RkPjwvdHI+PHRyPjx0ZD7jg5njgrzjg6s8L3RkPjx0ZD7jg5bjg6njg4Pjgq88L3RkPjwvdHI+PHRyPjx0ZD7jg5njg6vjg4g8L3RkPjx0ZD7jgrfjg6vjg5Djg7w8L3RkPjwvdHI+PHRyPjx0aCBiZ2NvbG9yPSIjRjRGNEY0IiByb3dzcGFuPSI1Ij7jgrXjgqTjgro8L3RoPjx0ZD7jgrHjg7zjgrk8L3RkPjx0ZD7ntIQ0M21tKOODquODpeODvOOCuumZpOOBjyk8L3RkPjwvdHI+PHRyPjx0ZD7mnKzkvZPljprjgZU8L3RkPjx0ZD7ntIQxMm1tPC90ZD48L3RyPjx0cj48dGQ+6IWV5ZGo44KKPC90ZD48dGQ+57SEMTIuNSZlbnNwOyYjMTIzMTY7JmVuc3A7MTkuNWNtPC90ZD48L3RyPjx0cj48dGQ+44OZ44Or44OI5bmFPC90ZD48dGQ+57SEMjAmZW5zcDsmIzEyMzE2OyZlbnNwOzIxbW08L3RkPjwvdHI+PHRyPjx0ZD7ph43jgZU8L3RkPjx0ZD7ntIQxODBnPC90ZD48L3RyPjwvdGFibGU+PGJyPuKWvDxiPuWCmeiAgzwvYj48dGFibGUgd2lkdGg9IjEwMCUiIGNlbGxzcGFjaW5nPSI2IiBjZWxscGFkZGluZz0iMCIgYmdjb2xvcj0iI0Y0RjRGNCIgPjx0cj48dGQ+6Im244Gq44GX44Gu44K344Or44OQ44O844K544OG44Oz44Os44K544Kx44O844K544O76Im244Gq44GX44Gu44OW44Op44OD44Kv44OB44K/44Oz44OZ44K844Or44O744OW44Op44OD44Kv5paH5a2X55uk44O76JuN5YWJ5aGX5paZ44KS5pa944GX44Gf44K344Or44OQ44O844Gu5oyH6Yed44O744Ki44Op44OT44Ki44Go44OQ44O844Kk44Oz44OH44OD44Kv44K544O7MTLmmYLkvY3nva7jgavjg5bjg6njg7Pjg4njg63jgrTjg7sz5pmC5L2N572u44Gr44K544Oi44O844Or44K744Kz44Oz44OJ44O7NOaZguS9jee9ruOBq+aXpeS7mOihqOekuuODuzbmmYLkvY3nva7jgasxMOWIhuOBrjHnp5LoqIjjg7s55pmC5L2N572u44GrMzDliIboqIjjg7vjg5njgrzjg6vjgavjgr/jgq3jg6Hjg7zjgr/jg7zjg7voibbjgarjgZfjgrfjg6vjg5Djg7zjga4z6YCj44OW44Os44K544O75LqM6YeN44Ot44OD44Kv5byP44Gu54mH6ZaL44GN44OQ44OD44Kv44Or44O744Gt44GY6L6844G/5byP44Oq44Ol44O844K644O744Oq44Ol44O844K644Ks44O844OJ44O744K544Kv44Oq44Ol44O844OQ44OD44Kv44O744OQ44OD44Kv44Or6YOo5YiG44CB6KOP6JOL44Gr44OW44Op44Oz44OJ44Ot44K044O76KOP6JOL44Gr44K344Oq44Ki44Or44OK44Oz44OQ44O8PC90ZD48L3RyPjwvdGFibGU+PGJyPuKWvDxiPuS7mOWxnuWTgTwvYj48dGFibGUgd2lkdGg9IjEwMCUiIGNlbGxzcGFjaW5nPSI1IiBjZWxscGFkZGluZz0iMCIgID48dHI+PHRkPjxpbWcgc3JjPSJodHRwOi8vaW1hZ2UucmFrdXRlbi5jby5qcC9ibHVlay9jYWJpbmV0L2JveC90YWdoZXVlcmJveC5qcGciIHdpZHRoPSIxMDAlIiA+PC90ZD48L3RyPjx0cj48dGQ+4pag44K/44Kw44Ob44Kk44Ok44O844Gu5LuY5bGe5ZOB77ya44K/44Kw44Ob44Kk44Ok44O844Gu5LuY5bGe5ZOB77ya44Ku44Oj44Op44Oz44OG44Kj44O8KOWbvemam+S/neiovOabuCnjgIHoqqzmmI7mm7jjgIHjg6Hjg7zjgqvjg7zntJTmraPjg5zjg4Pjgq/jgrk8YnIgLz7igLvjg5zjg4Pjgq/jgrnjgIHjgq7jg6Pjg6njg7Pjg4bjgqPjg7zjgarjganjga7ku5jlsZ7lk4HjgavplqLjgZfjgabjga/lhaXojbfmmYLmnJ/jgavjgojjgorku5Xmp5jjgYznlbDjgarjgovlj6/og73mgKfjgYzjgYLjgorjgb7jgZnjgII8L3RkPjwvdHI+PHRyPjx0ZD7oqbPntLDjga/jgZPjgaHjgonjgojjgorjgZTopqfjgYTjgZ/jgaDjgZHjgb7jgZnjgIIoUEPjg5rjg7zjgrgpPC90ZD48L3RyPjwvdGFibGU+PCEtLeOBguOBmealveihqOiomC0tPjxmb250IGNvbG9yPSIjRkYwMDAwIj48Yj7jgZPjgaHjgonjga/jgJDjgYLjgZnmpb3jgJHlr77lv5zllYblk4HjgafjgZnjgII8YnI+4oC75bmz5pelMTPmmYLjgb7jgafjga7ku6Pph5HlvJXmj5vjgafjga7jgZTms6jmlofjgYzlr77osaHjgajjgarjgorjgb7jgZnjgII8L2I+PC9mb250Pg==,44K/44Kw44Ob44Kk44Ok44O8IFRBR0hldWVy44OV44Kp44O844Of44Ol44OpMSDjg6Hjg7PjgrogQ0FaMTAxMC5CQTA4NDLvvJrjg5bjg6vjg7zjgq/jgqbjgqnjg4Pjg4Hjgqvjg7Pjg5Hjg4vjg7w=,44Ot44Os44OD44Kv44K544Kq44Oh44Ks44OV44Op44Oz44Kv44Of44Ol44Op44O844Km44OW44Ot44OP44Oq44O844Km44Kj44Oz44K544OI44Oz44OP44Of44Or44OI44Oz44Ks44Ks44Of44Op44OO44OW44Or44Ks44Oq44Kw44OD44OB44K844OL44K544Oc44OD44OG44Ks44O044Kn44ON44K/44OX44Op44OA44K344Oj44ON44Or44Or44Kk44O044Kj44OI44Oz44Kv44Ot44Ko44K744Oq44O844OM44OV44Kn44Op44Ks44Oi44Ot44Ko44OZ44Kq44Ot44OT44Ki44Oz44Kz44K144Oz44Ot44O844Op44Oz44K/44Kw44Ob44Kk44Ok44O8IFRBR0hldWVy44OV44Kp44O844Of44Ol44OpMSDjg6Hjg7PjgrogQ0FaMTAxMC5CQTA4NDI=,W+mAgeaWmeeEoeaWmV1b44GC44GZ5qW9XVvjgr/jgrDjg5vjgqTjg6Tjg7xdW+aZguioiF3jgILjgr/jgrDjg5vjgqTjg6Tjg7wgVEFHSGV1ZXLjg5Xjgqnjg7zjg5/jg6Xjg6kxIOODoeODs+OCuiBDQVoxMDEwLkJBMDg0Mg==[rn]
16-122081,aHR0cDovL3RzaG9wLnIxMHMuanAvYmx1ZWsvY2FiaW5ldC9icmVpdGxpbmcvaDMyNDE2NzgxLmpwZz9maXRpbj03MDA6NzAw,OTQ4MTUuMjAwMA==,,6IWV5pmC6KiIID4g44Oh44Oz44K66IWV5pmC6KiI,44OP44Of44Or44OI44OzIEhBTUlMVE9OIOOCueODlOODquODg+ODiCDjgqrjg5Yg44Oq44OQ44OG44KjIOODoeODs+OCuiBIMzI0MTY3ODE=,W+mAgeaWmeeEoeaWmV1b44GC44GZ5qW9XVvjg4/jg5/jg6vjg4jjg7NdW+aZguioiF0=,PHRhYmxlIHdpZHRoPSIxMDAlIj48dHIgYmdjb2xvcj0iI2NkMDAyNSIgaGVpZ2h0PSI2MCI+PHRkPjxpbWcgc3JjPSJodHRwOi8vd3d3LnJha3V0ZW4ubmUuanAvZ29sZC9ibHVlay9zZWFyY2gvaW1nL3NhbGVfYWxsLmdpZiIgd2lkdGg9IjEwMCUiPjwvdGQ+PC90cj48dHI+PHRkPjwvdGQ+PC90cj48L3RhYmxlPjx0YWJsZSB3aWR0aD0iMTAwJSIgIGJnY29sb3I9IiMwMTQwOTkiPjx0cj48dGQ+PC90ZD48L3RyPjwvdGFibGU+PHRhYmxlIHdpZHRoPSIxMDAlIiBjZWxsc3BhY2luZz0iNiIgY2VsbHBhZGRpbmc9IjAiIGJnY29sb3I9IiNGNEY0RjQiID48dHI+PHRoPjxiPuOCouODoeODquOCq+OBruiHqueUseeyvuelnuaBr+OBpeOBj+agvOiqv+mrmOOBhOODouODh+ODqzwvYj48L3RoPjwvdHI+PHRyPjx0ZD7jg5bjg6njg7Pjg4nlkI3jga7nlLHmnaXjgajjgarjgaPjgZ8xOOS4lue0gOOBruazleW+i+WutuOCouODs+ODieODquODpeODvOODu+ODj+ODn+ODq+ODiOODs+OAguiogOirluOBruiHqueUseOBruOBn+OCgeOBq+aIpuOBo+OBn+W9vOOCkuensOOBiOOAgVNwaXJpdCBvZiBMaWJlcnR577yI6Ieq55Sx44Gu57K+56We77yJ44Go44GE44GG44Ki44Oh44Oq44Kr44Oz44K544OU44Oq44OD44OE44KS6Kmw44KB6L6844KT44Gg5qC86Kq/6auY44GE44Oi44OH44Or44Gn44GZ44CC44GT44GuNDPjg5/jg6roh6rli5Xlt7vjgY3jgq/jg63jg47jgrDjg6njg5Xjga/jgrfjg6vjg5Djg7zjgafjgrnjg4Pjgq3jg6rku5XkuIrjgZLjgonjgozjgZ/jgrHjg7zjgrnjgajjg4DjgqTjg6Tjg6vjgavjgIHjg5bjg6njg4Pjgq/jg6zjgrbjg7zjg5njg6vjg4jjgpLlkIjjgo/jgZvjgZ/msJflk4HmvILjgYbjg4fjgrbjgqTjg7PjgYzprYXlipvjgILjg7TjgqPjg7Pjg4bjg7zjgrjliqDlt6XjgYzmlr3jgZXjgozjgZ/poqjlkIjjgYTjgYLjgovjg5njg6vjg4jjgavjga/jgIxXaXRob3V0IGxpYmVydHkgbGlmZSBpcyBhIG1pc2Vyee+8iOiHqueUseOBquOBjeS6uueUn+OBquOCk+OBpuaDqOOCgeOBquOCguOBruOBoO+8ieOAjeOBruaWh+Wtl+OBjOWIu+OBvuOCjOOBvuOBmeOAgjwvdGQ+PC90cj48L3RhYmxlPjx0YWJsZSB3aWR0aD0iMTAwJSIgY2VsbHNwYWNpbmc9IjYiIGNlbGxwYWRkaW5nPSIwIiBiZ2NvbG9yPSIjRjRGNEY0IiA+PHRyPjx0ZD7ilrw8Yj4zNjDCsFJPTEwgVklFVzwvYj48L3RkPjwvdHI+PHRyPjx0ZD48aW1nIHNyYz0iaHR0cDovL2ltYWdlLnJha3V0ZW4uY28uanAvYmx1ZWsvY2FiaW5ldC8yMDE0MDJfMzYwL2gzMjQxNjc4MS5naWYiIHdpZHRoPSIxMDAlIiBhbHQ9InJvbGxfdmlldyIgLz48L3RkPjwvdHI+PGJyIC8+PHRyPjx0ZD48aW1nIHNyYz0iaHR0cDovL2ltYWdlLnJha3V0ZW4uY28uanAvYmx1ZWsvY2FiaW5ldC9icmVpdGxpbmdfbW9kZWwvaDMyNDE2NzgxbS5qcGciIHdpZHRoPSIxMDAlIj48YnIgLz48L3RkPjwvdHI+PC90YWJsZT48YnI+4pa8PGI+44K544Oa44OD44KvPC9iPjx0YWJsZSB3aWR0aD0iMTAwJSIgYm9yZGVyPSIxIiBib3JkZXJjb2xvcj0iI2NjYyIgY2VsbHNwYWNpbmc9IjAiIGNlbGxwYWRkaW5nPSI1Ij48dHI+PHRoIGJnY29sb3I9IiNGNEY0RjQiIHdpZHRoPSIzNSUiPuODoeODvOOCq+ODvOWTgeeVqjwvdGg+PHRkIGNvbHNwYW49IjIiPkgzMjQxNjc4MTwvdGQ+PC90cj48dHI+PHRoIGJnY29sb3I9IiNGNEY0RjQiID7jg6Djg7zjg5bjg6Hjg7Pjg4g8L3RoPjx0ZCBjb2xzcGFuPSIyIj7oh6rli5Xlt7vjgY08L3RkPjwvdHI+PHRyPjx0aCBiZ2NvbG9yPSIjRjRGNEY0IiA+5qmf6IO9PC90aD48dGQgY29sc3Bhbj0iMiI+44Kv44Ot44OO44Kw44Op44OV44CB44Kr44Os44Oz44OA44O85qmf6IO9KOaXpeS7mCnjgIHjg5Djg4Pjgq/jgrnjgrHjg6vjg4jjg7PjgIExMuaZgumWk+ioiDwvdGQ+PC90cj48dHI+PHRoIGJnY29sb3I9IiNGNEY0RjQiID7pmLLmsLQ8L3RoPjx0ZCBjb2xzcGFuPSIyIj7ml6XluLjnlJ/mtLvpmLLmsLQ8L3RkPjwvdHI+PHRyPjx0aCBiZ2NvbG9yPSIjRjRGNEY0IiA+57Sg5p2QPC90aD48dGQgY29sc3Bhbj0iMiI+44K544OG44Oz44Os44K544CB44Os44K244O844CB44K144OV44Kh44Kk44Ok44Ks44Op44K5PC90ZD48L3RyPjx0cj48dGggYmdjb2xvcj0iI0Y0RjRGNCIgcm93c3Bhbj0iNCI+44Kr44Op44O8PC90aD48dGQgd2lkdGg9IjI1JSI+5paH5a2X55ukPC90ZD48dGQ+44K344Or44OQ44O8PC90ZD48L3RyPjx0cj48dGQ+44Kx44O844K5PC90ZD48dGQ+44K344Or44OQ44O8PC90ZD48L3RyPjx0cj48dGQ+44OZ44K844OrPC90ZD48dGQ+44K344Or44OQ44O8PC90ZD48L3RyPjx0cj48dGQ+44OZ44Or44OIPC90ZD48dGQ+44OW44Op44OD44KvPC90ZD48L3RyPjx0cj48dGggYmdjb2xvcj0iI0Y0RjRGNCIgcm93c3Bhbj0iNSI+44K144Kk44K6PC90aD48dGQ+44Kx44O844K5PC90ZD48dGQ+57SENDNtbSjjg6rjg6Xjg7zjgrrpmaTjgY8pPC90ZD48L3RyPjx0cj48dGQ+5pys5L2T5Y6a44GVPC90ZD48dGQ+57SEMTVtbTwvdGQ+PC90cj48dHI+PHRkPuiFleWRqOOCijwvdGQ+PHRkPue0hDE4JmVuc3A7JiMxMjMxNjsmZW5zcDsyMmNtPC90ZD48L3RyPjx0cj48dGQ+44OZ44Or44OI5bmFPC90ZD48dGQ+57SEMjAmZW5zcDsmIzEyMzE2OyZlbnNwOzIybW08L3RkPjwvdHI+PHRyPjx0ZD7ph43jgZU8L3RkPjx0ZD7ntIQxMjVnPC90ZD48L3RyPjwvdGFibGU+PGJyPuKWvDxiPuWCmeiAgzwvYj48dGFibGUgd2lkdGg9IjEwMCUiIGNlbGxzcGFjaW5nPSI2IiBjZWxscGFkZGluZz0iMCIgYmdjb2xvcj0iI0Y0RjRGNCIgPjx0cj48dGQ+6Im244GC44KKKOS4gOmDqOiJtuOBquOBlynjga7jgrfjg6vjg5Djg7zjgrnjg4bjg7Pjg6zjgrnjgrHjg7zjgrnjg7voibbjgYLjgorjga7jgrfjg6vjg5Djg7zjgrnjg4bjg7Pjg6zjgrnjg5njgrzjg6vjg7vjgrfjg6vjg5Djg7zmloflrZfnm6Tjg7vjgrfjg6vjg5Djg7zjga7mjIfph53jg7vjgY/jgZXjgbMo44OI44Op44Kk44Ki44Oz44Kw44OrKeOCpOODs+ODh+ODg+OCr+OCueODuzEy5pmC5L2N572u44GrMzDliIboqIjjg7sz5pmC5L2N572u44Gr5pel5LuY6KGo56S644O7NuaZguS9jee9ruOBqzEy5pmC6ZaT6KiI44O7OeaZguS9jee9ruOBq+ODluODqeODs+ODieODreOCtOODu+ODluODqeODg+OCr+OBrumdqeODmeODq+ODiOODu0Tjg5Djg4Pjgq/jg6vjg7vohZXlkajjgoroqr/mlbTjga/ntIQ2bW3luYXjga7plpPpmpTjgac35q616ZqO5Y+v6IO944O744OQ44OD44Kv44K544Kx44Or44OI44Oz44O744OQ44OD44Kv44Or6YOo5YiG44CB5oyv44KK5a2Q44Gr44OW44Op44Oz44OJ44Ot44K0PGJyIC8+44CQ5YWl6I235pmC5pyf44Gr44KI44KK44OQ44OD44Kv44Or44Gu5LuV5qeY44CB44KC44GX44GP44Gv6KOP6JOL44Gu6Ziy5rC06KGo6KiY44GM55Ww44Gq44KL5aC05ZCI44GM5b6h5bqn44GE44G+44GZ44CRPC90ZD48L3RyPjwvdGFibGU+PGJyPuKWvDxiPuS7mOWxnuWTgTwvYj48dGFibGUgd2lkdGg9IjEwMCUiIGNlbGxzcGFjaW5nPSI1IiBjZWxscGFkZGluZz0iMCIgID48dHI+PHRkPjxpbWcgc3JjPSJodHRwOi8vaW1hZ2UucmFrdXRlbi5jby5qcC9ibHVlay9jYWJpbmV0L2JveC9oYW1pbHRvbmJveC5qcGciIHdpZHRoPSIxMDAlIiA+PC90ZD48L3RyPjx0cj48dGQ+4pag44OP44Of44Or44OI44Oz44Gu5LuY5bGe5ZOB77ya44OP44Of44Or44OI44Oz44Gu5LuY5bGe5ZOB77ya44Ku44Oj44Op44Oz44OG44Kj44O8KOWbvemam+S/neiovOabuCnjgIHjg6Hjg7zjgqvjg7zntJTmraPjg5zjg4Pjgq/jgrk8YnIgLz7igLvjg5zjg4Pjgq/jgrnjgIHjgq7jg6Pjg6njg7Pjg4bjgqPjg7zjgarjganjga7ku5jlsZ7lk4HjgavplqLjgZfjgabjga/lhaXojbfmmYLmnJ/jgavjgojjgorku5Xmp5jjgYznlbDjgarjgovlj6/og73mgKfjgYzjgYLjgorjgb7jgZnjgII8L3RkPjwvdHI+PHRyPjx0ZD7oqbPntLDjga/jgZPjgaHjgonjgojjgorjgZTopqfjgYTjgZ/jgaDjgZHjgb7jgZnjgIIoUEPjg5rjg7zjgrgpPC90ZD48L3RyPjwvdGFibGU+PCEtLeOBguOBmealveihqOiomC0tPjxmb250IGNvbG9yPSIjRkYwMDAwIj48Yj7jgZPjgaHjgonjga/jgJDjgYLjgZnmpb3jgJHlr77lv5zllYblk4HjgafjgZnjgII8YnI+4oC75bmz5pelMTPmmYLjgb7jgafjga7ku6Pph5HlvJXmj5vjgafjga7jgZTms6jmlofjgYzlr77osaHjgajjgarjgorjgb7jgZnjgII8L2I+PC9mb250Pg==,44OP44Of44Or44OI44OzIEhBTUlMVE9OIOOCueODlOODquODg+ODiCDjgqrjg5Yg44Oq44OQ44OG44KjIOODoeODs+OCuiBIMzI0MTY3ODHvvJrjg5bjg6vjg7zjgq/jgqbjgqnjg4Pjg4Hjgqvjg7Pjg5Hjg4vjg7w=,44Ot44Os44OD44Kv44K544Kq44Oh44Ks44OV44Op44Oz44Kv44Of44Ol44Op44O844Km44OW44Ot44OP44Oq44O844Km44Kj44Oz44K544OI44Oz44OP44Of44Or44OI44Oz44Ks44Ks44Of44Op44OO44OW44Or44Ks44Oq44Kw44OD44OB44K844OL44K544Oc44OD44OG44Ks44O044Kn44ON44K/44OX44Op44OA44K344Oj44ON44Or44Or44Kk44O044Kj44OI44Oz44Kv44Ot44Ko44K744Oq44O844OM44OV44Kn44Op44Ks44Oi44Ot44Ko44OZ44Kq44Ot44OT44Ki44Oz44Kz44K144Oz44Ot44O844Op44Oz44OP44Of44Or44OI44OzIEhBTUlMVE9OIOOCueODlOODquODg+ODiCDjgqrjg5Yg44Oq44OQ44OG44KjIOODoeODs+OCuiBIMzI0MTY3ODE=,W+mAgeaWmeeEoeaWmV1b44GC44GZ5qW9XVvjg4/jg5/jg6vjg4jjg7NdW+aZguioiF3jgILjg4/jg5/jg6vjg4jjg7MgSEFNSUxUT04g44K544OU44Oq44OD44OIIOOCquODliDjg6rjg5Djg4bjgqMg44Oh44Oz44K6IEgzMjQxNjc4MQ==[rn]
16-122082,aHR0cDovL3RzaG9wLnIxMHMuanAvYmx1ZWsvY2FiaW5ldC9icmVpdGxpbmcvaDQyNDE1NTkxLmpwZz9maXRpbj03MDA6NzAw,NTQ0NDQuODAwMA==,,6IWV5pmC6KiIID4g44Oh44Oz44K66IWV5pmC6KiI,44OP44Of44Or44OI44OzIEhBTUlMVE9OIOOCueODlOODquODg+ODiCDjgqrjg5Yg44Oq44OQ44OG44KjIOODoeODs+OCuiBINDI0MTU1OTE=,W+mAgeaWmeeEoeaWmV1b44GC44GZ5qW9XVvjg4/jg5/jg6vjg4jjg7NdW+aZguioiF0=,PHRhYmxlIHdpZHRoPSIxMDAlIj48dHIgYmdjb2xvcj0iI2NkMDAyNSIgaGVpZ2h0PSI2MCI+PHRkPjxpbWcgc3JjPSJodHRwOi8vd3d3LnJha3V0ZW4ubmUuanAvZ29sZC9ibHVlay9zZWFyY2gvaW1nL3NhbGVfYWxsLmdpZiIgd2lkdGg9IjEwMCUiPjwvdGQ+PC90cj48dHI+PHRkPjwvdGQ+PC90cj48L3RhYmxlPjx0YWJsZSB3aWR0aD0iMTAwJSIgIGJnY29sb3I9IiMwMTQwOTkiPjx0cj48dGQ+PC90ZD48L3RyPjwvdGFibGU+PHRhYmxlIHdpZHRoPSIxMDAlIiBjZWxsc3BhY2luZz0iNiIgY2VsbHBhZGRpbmc9IjAiIGJnY29sb3I9IiNGNEY0RjQiID48dHI+PHRoPjxiPumdqeOBq+OBk+OBoOOCj+OCi+Wkp+S6uuOBruS4iuizquODrOOCtuODvOOCpuOCqeODg+ODgTwvYj48L3RoPjwvdHI+PHRyPjx0ZD7jg4fjgqPjg4bjg7zjg6vjga7nvo7jgZfjgZXjgpLov73lj4rjgZnjgovjg4/jg5/jg6vjg4jjg7Pjga7jg4fjgrbjgqTjg7Plk7LlrabjgYzjgIHopovkuovjgavooajnj77jgZXjgozjgZ/moLzoqr/pq5jjgYTjgqjjg6zjgqzjg7Pjg4jjgqbjgqnjg4Pjg4HvvIE0MuODn+ODquODj+ODn+ODq+ODiOODs+OCuOODo+OCuuODnuOCueOCv+ODvOOCueODlOODquODg+ODiOOCquODluODquODkOODhuOCo+iHquWLleW3u+OBjeODouODh+ODq+OBp+OBmeOAgue+juOBl+OBhOOCt+ODq+ODkOODvOOCseODvOOCueOBqOOCsOODrOODvOODgOOCpOODpOODq+OBq+OAgee1tuWmmeOBquODtOOCo+ODs+ODhuODvOOCuOaEn+OBq+ebruOCkuWlquOCj+OCjOOCi+ODkeODhuOCo+ODvOODjOWKoOW3peOBruODluODqeOCpuODs+ODrOOCtuODvOODmeODq+ODiOOBjOimi+S6i+OBq+ODnuODg+ODgeOAguaJi+OBq+OBl+OBn+eerOmWk+OBq+aEn+OBmOOCieOCjOOCi+mHjeWOmuaEn+OBguOBteOCjOOCi+S7leS4iuOBjOOCiuOBqOmrmOe0muaEn+a8guOBhumiqOWQiOOBhOOBjOmtheWKm+OBp+OBmeOAguODmeODq+ODiOOBq+OBr+OCouODs+ODieODquODpeODvOODu+ODj+ODn+ODq+ODiOODs+OBruacieWQjeOBquODouODg+ODiOODvOOCkuWIu+WNsOOAgumDveS8mueahOOBp+a0l+e3tOOBleOCjOOBn+WTgeagvOOBguOCi+Wkp+S6uuOBrueUt+aAp+OBq+OCiOOBj+S8vOWQiOOBhOOBvuOBmeOAgjwvdGQ+PC90cj48L3RhYmxlPjx0YWJsZSB3aWR0aD0iMTAwJSIgY2VsbHNwYWNpbmc9IjYiIGNlbGxwYWRkaW5nPSIwIiBiZ2NvbG9yPSIjRjRGNEY0IiA+PHRyPjx0ZD7ilrw8Yj4zNjDCsFJPTEwgVklFVzwvYj48L3RkPjwvdHI+PHRyPjx0ZD48aW1nIHNyYz0iaHR0cDovL2ltYWdlLnJha3V0ZW4uY28uanAvYmx1ZWsvY2FiaW5ldC8yMDE0MTFfMzYwL2g0MjQxNTU5MS5naWYiIHdpZHRoPSIxMDAlIiBhbHQ9InJvbGxfdmlldyIgLz48L3RkPjwvdHI+PGJyIC8+PHRyPjx0ZD48aW1nIHNyYz0iaHR0cDovL2ltYWdlLnJha3V0ZW4uY28uanAvYmx1ZWsvY2FiaW5ldC9icmVpdGxpbmdfbW9kZWwvaDQyNDE1NTkxbS5qcGciIHdpZHRoPSIxMDAlIj48YnIgLz48L3RkPjwvdHI+PC90YWJsZT48YnI+4pa8PGI+44K544Oa44OD44KvPC9iPjx0YWJsZSB3aWR0aD0iMTAwJSIgYm9yZGVyPSIxIiBib3JkZXJjb2xvcj0iI2NjYyIgY2VsbHNwYWNpbmc9IjAiIGNlbGxwYWRkaW5nPSI1Ij48dHI+PHRoIGJnY29sb3I9IiNGNEY0RjQiIHdpZHRoPSIzNSUiPuODoeODvOOCq+ODvOWTgeeVqjwvdGg+PHRkIGNvbHNwYW49IjIiPkg0MjQxNTU5MTwvdGQ+PC90cj48dHI+PHRoIGJnY29sb3I9IiNGNEY0RjQiID7jg6Djg7zjg5bjg6Hjg7Pjg4g8L3RoPjx0ZCBjb2xzcGFuPSIyIj7oh6rli5Xlt7vjgY08L3RkPjwvdHI+PHRyPjx0aCBiZ2NvbG9yPSIjRjRGNEY0IiA+5qmf6IO9PC90aD48dGQgY29sc3Bhbj0iMiI+44Kr44Os44Oz44OA44O85qmf6IO9KOaXpeS7mCnjgIHjg5Djg4Pjgq/jgrnjgrHjg6vjg4jjg7M8L3RkPjwvdHI+PHRyPjx0aCBiZ2NvbG9yPSIjRjRGNEY0IiA+6Ziy5rC0PC90aD48dGQgY29sc3Bhbj0iMiI+5pel5bi455Sf5rS76Ziy5rC0PC90ZD48L3RyPjx0cj48dGggYmdjb2xvcj0iI0Y0RjRGNCIgPue0oOadkDwvdGg+PHRkIGNvbHNwYW49IjIiPuOCueODhuODs+ODrOOCueOAgeODrOOCtuODvOOAgeOCteODleOCoeOCpOODpOOCrOODqeOCuTwvdGQ+PC90cj48dHI+PHRoIGJnY29sb3I9IiNGNEY0RjQiIHJvd3NwYW49IjQiPuOCq+ODqeODvDwvdGg+PHRkIHdpZHRoPSIyNSUiPuaWh+Wtl+ebpDwvdGQ+PHRkPuOCsOODrOODvDwvdGQ+PC90cj48dHI+PHRkPuOCseODvOOCuTwvdGQ+PHRkPuOCt+ODq+ODkOODvDwvdGQ+PC90cj48dHI+PHRkPuODmeOCvOODqzwvdGQ+PHRkPuOCt+ODq+ODkOODvDwvdGQ+PC90cj48dHI+PHRkPuODmeODq+ODiDwvdGQ+PHRkPuODluODqeOCpuODszwvdGQ+PC90cj48dHI+PHRoIGJnY29sb3I9IiNGNEY0RjQiIHJvd3NwYW49IjUiPuOCteOCpOOCujwvdGg+PHRkPuOCseODvOOCuTwvdGQ+PHRkPue0hDQybW0o44Oq44Ol44O844K66Zmk44GPKTwvdGQ+PC90cj48dHI+PHRkPuacrOS9k+WOmuOBlTwvdGQ+PHRkPue0hDEybW08L3RkPjwvdHI+PHRyPjx0ZD7ohZXlkajjgoo8L3RkPjx0ZD7ntIQxOCZlbnNwOyYjMTIzMTY7JmVuc3A7MjJjbTwvdGQ+PC90cj48dHI+PHRkPuODmeODq+ODiOW5hTwvdGQ+PHRkPue0hDIwJmVuc3A7JiMxMjMxNjsmZW5zcDsyMm1tPC90ZD48L3RyPjx0cj48dGQ+6YeN44GVPC90ZD48dGQ+57SEMTAwZzwvdGQ+PC90cj48L3RhYmxlPjxicj7ilrw8Yj7lgpnogIM8L2I+PHRhYmxlIHdpZHRoPSIxMDAlIiBjZWxsc3BhY2luZz0iNiIgY2VsbHBhZGRpbmc9IjAiIGJnY29sb3I9IiNGNEY0RjQiID48dHI+PHRkPuiJtuOBguOCiijkuIDpg6joibbjgarjgZcp44Gu44K344Or44OQ44O844K544OG44Oz44Os44K544Kx44O844K544O76Im244GC44KK44Gu44K344Or44OQ44O844OZ44K844Or44O744Kw44Os44O85paH5a2X55uk44O744K344Or44OQ44O844Gu5oyH6Yed44O744GP44GV44GzKOODiOODqeOCpOOCouODs+OCsOODqynjgqTjg7Pjg4fjg4Pjgq/jgrnjg7sxMuaZguS9jee9ruOBq+ODluODqeODs+ODieODreOCtOODuzbmmYLkvY3nva7jgavml6Xku5jooajnpLrjg7vjg5bjg6njgqbjg7Pjga7pnanjg5njg6vjg4jjg7tE44OQ44OD44Kv44Or44O76IWV5ZGo44KK6Kq/5pW044Gv57SENm1t5bmF44Gu6ZaT6ZqU44GnN+autemajuWPr+iDveODu+ODkOODg+OCr+OCueOCseODq+ODiOODs+ODu+ODkOODg+OCr+ODq+mDqOWIhuOAgeaMr+OCiuWtkOOBq+ODluODqeODs+ODieODreOCtDxiciAvPuOAkOWFpeiNt+aZguacn+OBq+OCiOOCiuODkOODg+OCr+ODq+OBruS7leanmOOAgeOCguOBl+OBj+OBr+ijj+iTi+OBrumYsuawtOihqOiomOOBjOeVsOOBquOCi+WgtOWQiOOBjOW+oeW6p+OBhOOBvuOBmeOAkTwvdGQ+PC90cj48L3RhYmxlPjxicj7ilrw8Yj7ku5jlsZ7lk4E8L2I+PHRhYmxlIHdpZHRoPSIxMDAlIiBjZWxsc3BhY2luZz0iNSIgY2VsbHBhZGRpbmc9IjAiICA+PHRyPjx0ZD48aW1nIHNyYz0iaHR0cDovL2ltYWdlLnJha3V0ZW4uY28uanAvYmx1ZWsvY2FiaW5ldC9ib3gvaGFtaWx0b25ib3guanBnIiB3aWR0aD0iMTAwJSIgPjwvdGQ+PC90cj48dHI+PHRkPuKWoOODj+ODn+ODq+ODiOODs+OBruS7mOWxnuWTge+8muODj+ODn+ODq+ODiOODs+OBruS7mOWxnuWTge+8muOCruODo+ODqeODs+ODhuOCo+ODvCjlm73pmpvkv53oqLzmm7gp44CB44Oh44O844Kr44O857SU5q2j44Oc44OD44Kv44K5PGJyIC8+4oC744Oc44OD44Kv44K544CB44Ku44Oj44Op44Oz44OG44Kj44O844Gq44Gp44Gu5LuY5bGe5ZOB44Gr6Zai44GX44Gm44Gv5YWl6I235pmC5pyf44Gr44KI44KK5LuV5qeY44GM55Ww44Gq44KL5Y+v6IO95oCn44GM44GC44KK44G+44GZ44CCPC90ZD48L3RyPjx0cj48dGQ+6Kmz57Sw44Gv44GT44Gh44KJ44KI44KK44GU6Kan44GE44Gf44Gg44GR44G+44GZ44CCKFBD44Oa44O844K4KTwvdGQ+PC90cj48L3RhYmxlPjwhLS3jgYLjgZnmpb3ooajoqJgtLT48Zm9udCBjb2xvcj0iI0ZGMDAwMCI+PGI+44GT44Gh44KJ44Gv44CQ44GC44GZ5qW944CR5a++5b+c5ZWG5ZOB44Gn44GZ44CCPGJyPuKAu+W5s+aXpTEz5pmC44G+44Gn44Gu5Luj6YeR5byV5o+b44Gn44Gu44GU5rOo5paH44GM5a++6LGh44Go44Gq44KK44G+44GZ44CCPC9iPjwvZm9udD4=,44OP44Of44Or44OI44OzIEhBTUlMVE9OIOOCueODlOODquODg+ODiCDjgqrjg5Yg44Oq44OQ44OG44KjIOODoeODs+OCuiBINDI0MTU1OTHvvJrjg5bjg6vjg7zjgq/jgqbjgqnjg4Pjg4Hjgqvjg7Pjg5Hjg4vjg7w=,44Ot44Os44OD44Kv44K544Kq44Oh44Ks44OV44Op44Oz44Kv44Of44Ol44Op44O844Km44OW44Ot44OP44Oq44O844Km44Kj44Oz44K544OI44Oz44OP44Of44Or44OI44Oz44Ks44Ks44Of44Op44OO44OW44Or44Ks44Oq44Kw44OD44OB44K844OL44K544Oc44OD44OG44Ks44O044Kn44ON44K/44OX44Op44OA44K344Oj44ON44Or44Or44Kk44O044Kj44OI44Oz44Kv44Ot44Ko44K744Oq44O844OM44OV44Kn44Op44Ks44Oi44Ot44Ko44OZ44Kq44Ot44OT44Ki44Oz44Kz44K144Oz44Ot44O844Op44Oz44OP44Of44Or44OI44OzIEhBTUlMVE9OIOOCueODlOODquODg+ODiCDjgqrjg5Yg44Oq44OQ44OG44KjIOODoeODs+OCuiBINDI0MTU1OTE=,W+mAgeaWmeeEoeaWmV1b44GC44GZ5qW9XVvjg4/jg5/jg6vjg4jjg7NdW+aZguioiF3jgILjg4/jg5/jg6vjg4jjg7MgSEFNSUxUT04g44K544OU44Oq44OD44OIIOOCquODliDjg6rjg5Djg4bjgqMg44Oh44Oz44K6IEg0MjQxNTU5MQ==[rn]
16-122083,aHR0cDovL3RzaG9wLnIxMHMuanAvYmx1ZWsvY2FiaW5ldC9icmVpdGxpbmcvaDQyNDE1MDUxLmpwZz9maXRpbj03MDA6NzAw,NTkxMTEuMjAwMA==,,6IWV5pmC6KiIID4g44Oh44Oz44K66IWV5pmC6KiI,44OP44Of44Or44OI44OzIEhBTUlMVE9O44K544OU44Oq44OD44OIIOOCquODliDjg6rjg5Djg4bjgqMg44Oh44Oz44K6IEg0MjQxNTA1MQ==,W+mAgeaWmeeEoeaWmV1b44GC44GZ5qW9XVvjg4/jg5/jg6vjg4jjg7NdW+aZguioiF0=,PHRhYmxlIHdpZHRoPSIxMDAlIj48dHIgYmdjb2xvcj0iI2NkMDAyNSIgaGVpZ2h0PSI2MCI+PHRkPjxpbWcgc3JjPSJodHRwOi8vd3d3LnJha3V0ZW4ubmUuanAvZ29sZC9ibHVlay9zZWFyY2gvaW1nL3NhbGVfYWxsLmdpZiIgd2lkdGg9IjEwMCUiPjwvdGQ+PC90cj48dHI+PHRkPjwvdGQ+PC90cj48L3RhYmxlPjx0YWJsZSB3aWR0aD0iMTAwJSIgIGJnY29sb3I9IiMwMTQwOTkiPjx0cj48dGQ+PC90ZD48L3RyPjwvdGFibGU+PHRhYmxlIHdpZHRoPSIxMDAlIiBjZWxsc3BhY2luZz0iNiIgY2VsbHBhZGRpbmc9IjAiIGJnY29sb3I9IiNGNEY0RjQiID48dHI+PHRoPjxiPuOCouODoeODquOCq+OBruiHqueUseeyvuelnuaBr+OBpeOBj+agvOiqv+mrmOOBhOODouODh+ODqzwvYj48L3RoPjwvdHI+PHRyPjx0ZD7oqIDoq5bjga7oh6rnlLHjga7jgZ/jgoHjgavmiKbjgaPjgZ8xOOS4lue0gOOBruazleW+i+WutuOCouODs+ODieODquODpeODvOODu+ODj+ODn+ODq+ODiOODs+OAguODluODqeODs+ODieWQjeOBrueUseadpeOBqOOCguOBquOBo+OBn+OBk+OBruS6uueJqeOCkuensOOBiOOAgVNwaXJpdCBvZiBMaWJlcnR577yI6Ieq55Sx44Gu57K+56We77yJ44Go44GE44GG44Ki44Oh44Oq44Kr44Oz44K544OU44Oq44OD44OE44KS6Kmw44KB6L6844KT44Gg5qC86Kq/6auY44GE44Oi44OH44Or44Gn44GZ44CC57SEODDmmYLplpPmjIHntprjgZnjgovjg6Djg7zjg5bjg6Hjg7Pjg4jjgpLmkK3ovInjgZfjgZ/jgZPjga40MuODn+ODquiHquWLleW3u+OBjeODouODh+ODq+OBr+OAgeOCquODvOODq+OCt+ODq+ODkOODvOOBq+aMh+mHneOBqOOCpOODs+ODh+ODg+OCr+OCueOBruODreODvOOCuuOCtOODvOODq+ODieaYoOOBiOOCi+a0l+e3tOOBleOCjOOBn+ODh+OCtuOCpOODs+OBjOmtheWKm+OAgjbmmYLkvY3nva7jgavml6Xku5jnqpPjgpLlgpnjgYjjgablrp/nlKjmgKfjgoLmipznvqTjgafjgZnjgII8L3RkPjwvdHI+PC90YWJsZT48dGFibGUgd2lkdGg9IjEwMCUiIGNlbGxzcGFjaW5nPSI2IiBjZWxscGFkZGluZz0iMCIgYmdjb2xvcj0iI0Y0RjRGNCIgPjx0cj48dGQ+4pa8PGI+MzYwwrBST0xMIFZJRVc8L2I+PC90ZD48L3RyPjx0cj48dGQ+PGltZyBzcmM9Imh0dHA6Ly9pbWFnZS5yYWt1dGVuLmNvLmpwL2JsdWVrL2NhYmluZXQvMjAxNTEyXzM2MC9oNDI0MTUwNTEuZ2lmIiB3aWR0aD0iMTAwJSIgYWx0PSJyb2xsX3ZpZXciIC8+PC90ZD48L3RyPjxiciAvPjx0cj48dGQ+PGltZyBzcmM9Imh0dHA6Ly9pbWFnZS5yYWt1dGVuLmNvLmpwL2JsdWVrL2NhYmluZXQvYnJlaXRsaW5nX21vZGVsL2g0MjQxNTA1MW0uanBnIiB3aWR0aD0iMTAwJSI+PGJyIC8+PC90ZD48L3RyPjwvdGFibGU+PGJyPuKWvDxiPuOCueODmuODg+OCrzwvYj48dGFibGUgd2lkdGg9IjEwMCUiIGJvcmRlcj0iMSIgYm9yZGVyY29sb3I9IiNjY2MiIGNlbGxzcGFjaW5nPSIwIiBjZWxscGFkZGluZz0iNSI+PHRyPjx0aCBiZ2NvbG9yPSIjRjRGNEY0IiB3aWR0aD0iMzUlIj7jg6Hjg7zjgqvjg7zlk4Hnlao8L3RoPjx0ZCBjb2xzcGFuPSIyIj5INDI0MTUwNTE8L3RkPjwvdHI+PHRyPjx0aCBiZ2NvbG9yPSIjRjRGNEY0IiA+44Og44O844OW44Oh44Oz44OIPC90aD48dGQgY29sc3Bhbj0iMiI+6Ieq5YuV5be744GNPC90ZD48L3RyPjx0cj48dGggYmdjb2xvcj0iI0Y0RjRGNCIgPuapn+iDvTwvdGg+PHRkIGNvbHNwYW49IjIiPuOCq+ODrOODs+ODgOODvOapn+iDvSjml6Xku5gp44CB44OQ44OD44Kv44K544Kx44Or44OI44OzPC90ZD48L3RyPjx0cj48dGggYmdjb2xvcj0iI0Y0RjRGNCIgPumYsuawtDwvdGg+PHRkIGNvbHNwYW49IjIiPuaXpeW4uOeUn+a0u+mYsuawtDwvdGQ+PC90cj48dHI+PHRoIGJnY29sb3I9IiNGNEY0RjQiID7ntKDmnZA8L3RoPjx0ZCBjb2xzcGFuPSIyIj7jgrnjg4bjg7Pjg6zjgrnjgIHjgrXjg5XjgqHjgqTjg6Tjgqzjg6njgrk8L3RkPjwvdHI+PHRyPjx0aCBiZ2NvbG9yPSIjRjRGNEY0IiByb3dzcGFuPSI0Ij7jgqvjg6njg7w8L3RoPjx0ZCB3aWR0aD0iMjUlIj7mloflrZfnm6Q8L3RkPjx0ZD7jgrfjg6vjg5Djg7w8L3RkPjwvdHI+PHRyPjx0ZD7jgrHjg7zjgrk8L3RkPjx0ZD7jgrfjg6vjg5Djg7w8L3RkPjwvdHI+PHRyPjx0ZD7jg5njgrzjg6s8L3RkPjx0ZD7jgrfjg6vjg5Djg7w8L3RkPjwvdHI+PHRyPjx0ZD7jg5njg6vjg4g8L3RkPjx0ZD7jgrfjg6vjg5Djg7w8L3RkPjwvdHI+PHRyPjx0aCBiZ2NvbG9yPSIjRjRGNEY0IiByb3dzcGFuPSI1Ij7jgrXjgqTjgro8L3RoPjx0ZD7jgrHjg7zjgrk8L3RkPjx0ZD7ntIQ0Mm1tKOODquODpeODvOOCuumZpOOBjyk8L3RkPjwvdHI+PHRyPjx0ZD7mnKzkvZPljprjgZU8L3RkPjx0ZD7ntIQxMm1tPC90ZD48L3RyPjx0cj48dGQ+6IWV5ZGo44KKPC90ZD48dGQ+57SEMTUmZW5zcDsmIzEyMzE2OyZlbnNwOzIxY208L3RkPjwvdHI+PHRyPjx0ZD7jg5njg6vjg4jluYU8L3RkPjx0ZD7ntIQxOSZlbnNwOyYjMTIzMTY7JmVuc3A7MjJtbTwvdGQ+PC90cj48dHI+PHRkPumHjeOBlTwvdGQ+PHRkPue0hDE2MGc8L3RkPjwvdHI+PC90YWJsZT48YnI+4pa8PGI+5YKZ6ICDPC9iPjx0YWJsZSB3aWR0aD0iMTAwJSIgY2VsbHNwYWNpbmc9IjYiIGNlbGxwYWRkaW5nPSIwIiBiZ2NvbG9yPSIjRjRGNEY0IiA+PHRyPjx0ZD7oibbjgarjgZco5LiA6YOo6Im244GC44KKKeOBruOCt+ODq+ODkOODvOOCueODhuODs+ODrOOCueOCseODvOOCueODu+iJtuOBguOCiuOBruOCt+ODq+ODkOODvOOCueODhuODs+ODrOOCueODmeOCvOODq+ODu+OCt+ODq+ODkOODvOaWh+Wtl+ebpOODu+ODreODvOOCuuOCtOODvOODq+ODieOBruaMh+mHneODu+OBj+OBleOBsyjjg4jjg6njgqTjgqLjg7PjgrDjg6sp44Kk44Oz44OH44OD44Kv44K544O7MTLmmYLkvY3nva7jgavjg5bjg6njg7Pjg4njg63jgrTjg7s25pmC5L2N572u44Gr5pel5LuY6KGo56S644O76Im244Gq44GX44Go6Im244GC44KK44K344Or44OQ44O844K544OG44Oz44Os44K544KS57WE44G/5ZCI44KP44Gb44GfNemAo+ODluODrOOCueODu+ODl+ODg+OCt+ODpeW8j+OBruS4oemWi+OBjeODkOODg+OCr+ODq+ODu+ODkOODg+OCr+OCueOCseODq+ODiOODs+ODu+ODkOODg+OCr+ODq+mDqOWIhuOAgeaMr+OCiuWtkOOBq+ODluODqeODs+ODieODreOCtDxiciAvPuOAkOWFpeiNt+aZguacn+OBq+OCiOOCiuODkOODg+OCr+ODq+OBruS7leanmOOAgeOCguOBl+OBj+OBr+ijj+iTi+OBrumYsuawtOihqOiomOOBjOeVsOOBquOCi+WgtOWQiOOBjOW+oeW6p+OBhOOBvuOBmeOAkTwvdGQ+PC90cj48L3RhYmxlPjxicj7ilrw8Yj7ku5jlsZ7lk4E8L2I+PHRhYmxlIHdpZHRoPSIxMDAlIiBjZWxsc3BhY2luZz0iNSIgY2VsbHBhZGRpbmc9IjAiICA+PHRyPjx0ZD48aW1nIHNyYz0iaHR0cDovL2ltYWdlLnJha3V0ZW4uY28uanAvYmx1ZWsvY2FiaW5ldC9ib3gvaGFtaWx0b25ib3guanBnIiB3aWR0aD0iMTAwJSIgPjwvdGQ+PC90cj48dHI+PHRkPuKWoOODj+ODn+ODq+ODiOODs+OBruS7mOWxnuWTge+8muODj+ODn+ODq+ODiOODs+OBruS7mOWxnuWTge+8muOCruODo+ODqeODs+ODhuOCo+ODvCjlm73pmpvkv53oqLzmm7gp44CB44Oh44O844Kr44O857SU5q2j44Oc44OD44Kv44K5PGJyIC8+4oC744Oc44OD44Kv44K544CB44Ku44Oj44Op44Oz44OG44Kj44O844Gq44Gp44Gu5LuY5bGe5ZOB44Gr6Zai44GX44Gm44Gv5YWl6I235pmC5pyf44Gr44KI44KK5LuV5qeY44GM55Ww44Gq44KL5Y+v6IO95oCn44GM44GC44KK44G+44GZ44CCPC90ZD48L3RyPjx0cj48dGQ+6Kmz57Sw44Gv44GT44Gh44KJ44KI44KK44GU6Kan44GE44Gf44Gg44GR44G+44GZ44CCKFBD44Oa44O844K4KTwvdGQ+PC90cj48L3RhYmxlPjwhLS3jgYLjgZnmpb3ooajoqJgtLT48Zm9udCBjb2xvcj0iI0ZGMDAwMCI+PGI+44GT44Gh44KJ44Gv44CQ44GC44GZ5qW944CR5a++5b+c5ZWG5ZOB44Gn44GZ44CCPGJyPuKAu+W5s+aXpTEz5pmC44G+44Gn44Gu5Luj6YeR5byV5o+b44Gn44Gu44GU5rOo5paH44GM5a++6LGh44Go44Gq44KK44G+44GZ44CCPC9iPjwvZm9udD4=,44OP44Of44Or44OI44OzIEhBTUlMVE9O44K544OU44Oq44OD44OIIOOCquODliDjg6rjg5Djg4bjgqMg44Oh44Oz44K6IEg0MjQxNTA1Me+8muODluODq+ODvOOCr+OCpuOCqeODg+ODgeOCq+ODs+ODkeODi+ODvA==,44Ot44Os44OD44Kv44K544Kq44Oh44Ks44OV44Op44Oz44Kv44Of44Ol44Op44O844Km44OW44Ot44OP44Oq44O844Km44Kj44Oz44K544OI44Oz44OP44Of44Or44OI44Oz44Ks44Ks44Of44Op44OO44OW44Or44Ks44Oq44Kw44OD44OB44K844OL44K544Oc44OD44OG44Ks44O044Kn44ON44K/44OX44Op44OA44K344Oj44ON44Or44Or44Kk44O044Kj44OI44Oz44Kv44Ot44Ko44K744Oq44O844OM44OV44Kn44Op44Ks44Oi44Ot44Ko44OZ44Kq44Ot44OT44Ki44Oz44Kz44K144Oz44Ot44O844Op44Oz44OP44Of44Or44OI44OzIEhBTUlMVE9O44K544OU44Oq44OD44OIIOOCquODliDjg6rjg5Djg4bjgqMg44Oh44Oz44K6IEg0MjQxNTA1MQ==,W+mAgeaWmeeEoeaWmV1b44GC44GZ5qW9XVvjg4/jg5/jg6vjg4jjg7NdW+aZguioiF3jgILjg4/jg5/jg6vjg4jjg7MgSEFNSUxUT07jgrnjg5Tjg6rjg4Pjg4gg44Kq44OWIOODquODkOODhuOCoyDjg6Hjg7PjgrogSDQyNDE1MDUx[rn]
16-122084,aHR0cDovL3RzaG9wLnIxMHMuanAvYmx1ZWsvY2FiaW5ldC9icmVpdGxpbmcvaDQyNDE1MDMxLmpwZz9maXRpbj03MDA6NzAw,NTY4ODkuNjAwMA==,,6IWV5pmC6KiIID4g44Oh44Oz44K66IWV5pmC6KiI,44OP44Of44Or44OI44OzIEhBTUlMVE9O44K544OU44Oq44OD44OIIOOCquODliDjg6rjg5Djg4bjgqMg44Oh44Oz44K6IEg0MjQxNTAzMQ==,W+mAgeaWmeeEoeaWmV1b44GC44GZ5qW9XVvjg4/jg5/jg6vjg4jjg7NdW+aZguioiF0=,PHRhYmxlIHdpZHRoPSIxMDAlIj48dHIgYmdjb2xvcj0iI2NkMDAyNSIgaGVpZ2h0PSI2MCI+PHRkPjxpbWcgc3JjPSJodHRwOi8vd3d3LnJha3V0ZW4ubmUuanAvZ29sZC9ibHVlay9zZWFyY2gvaW1nL3NhbGVfYWxsLmdpZiIgd2lkdGg9IjEwMCUiPjwvdGQ+PC90cj48dHI+PHRkPjwvdGQ+PC90cj48L3RhYmxlPjx0YWJsZSB3aWR0aD0iMTAwJSIgIGJnY29sb3I9IiMwMTQwOTkiPjx0cj48dGQ+PC90ZD48L3RyPjwvdGFibGU+PHRhYmxlIHdpZHRoPSIxMDAlIiBjZWxsc3BhY2luZz0iNiIgY2VsbHBhZGRpbmc9IjAiIGJnY29sb3I9IiNGNEY0RjQiID48dHI+PHRoPjxiPuOCouODoeODquOCq+OBruiHqueUseeyvuelnuaBr+OBpeOBj+agvOiqv+mrmOOBhOODouODh+ODqzwvYj48L3RoPjwvdHI+PHRyPjx0ZD7oqIDoq5bjga7oh6rnlLHjga7jgZ/jgoHjgavmiKbjgaPjgZ8xOOS4lue0gOOBruazleW+i+WutuOCouODs+ODieODquODpeODvOODu+ODj+ODn+ODq+ODiOODs+OAguODluODqeODs+ODieWQjeOBrueUseadpeOBqOOCguOBquOBo+OBn+OBk+OBruS6uueJqeOCkuensOOBiOOAgVNwaXJpdCBvZiBMaWJlcnR577yI6Ieq55Sx44Gu57K+56We77yJ44Go44GE44GG44Ki44Oh44Oq44Kr44Oz44K544OU44Oq44OD44OE44KS6Kmw44KB6L6844KT44Gg5qC86Kq/6auY44GE44Oi44OH44Or44Gn44GZ44CC57SEODDmmYLplpPmjIHntprjgZnjgovjg6Djg7zjg5bjg6Hjg7Pjg4jjgpLmkK3ovInjgZfjgZ/jgZPjga40MuODn+ODquiHquWLleW3u+OBjeODouODh+ODq+OBr+OAgeeUt+OCieOBl+OBhOedgOOBkeW/g+WcsOOBruOCt+ODq+ODkOODvOWkluims+OBq+ODluODqeODg+OCr+ODgOOCpOODpOODq+OCkuWQiOOCj+OBm+OBn+eyvuaCjeOBquihqOaDheOBjOmtheWKm+OAgjbmmYLkvY3nva7jgavkvr/liKnjgarml6Xku5jnqpPjgpLlgpnjgYjjgablrp/nlKjmgKfjgoLmipznvqTjgafjgZnjgII8L3RkPjwvdHI+PC90YWJsZT48dGFibGUgd2lkdGg9IjEwMCUiIGNlbGxzcGFjaW5nPSI2IiBjZWxscGFkZGluZz0iMCIgYmdjb2xvcj0iI0Y0RjRGNCIgPjx0cj48dGQ+4pa8PGI+MzYwwrBST0xMIFZJRVc8L2I+PC90ZD48L3RyPjx0cj48dGQ+PGltZyBzcmM9Imh0dHA6Ly9pbWFnZS5yYWt1dGVuLmNvLmpwL2JsdWVrL2NhYmluZXQvMjAxNTEyXzM2MC9oNDI0MTUwMzEuZ2lmIiB3aWR0aD0iMTAwJSIgYWx0PSJyb2xsX3ZpZXciIC8+PC90ZD48L3RyPjxiciAvPjx0cj48dGQ+PGltZyBzcmM9Imh0dHA6Ly9pbWFnZS5yYWt1dGVuLmNvLmpwL2JsdWVrL2NhYmluZXQvYnJlaXRsaW5nX21vZGVsL2g0MjQxNTAzMW0uanBnIiB3aWR0aD0iMTAwJSI+PGJyIC8+PC90ZD48L3RyPjwvdGFibGU+PGJyPuKWvDxiPuOCueODmuODg+OCrzwvYj48dGFibGUgd2lkdGg9IjEwMCUiIGJvcmRlcj0iMSIgYm9yZGVyY29sb3I9IiNjY2MiIGNlbGxzcGFjaW5nPSIwIiBjZWxscGFkZGluZz0iNSI+PHRyPjx0aCBiZ2NvbG9yPSIjRjRGNEY0IiB3aWR0aD0iMzUlIj7jg6Hjg7zjgqvjg7zlk4Hnlao8L3RoPjx0ZCBjb2xzcGFuPSIyIj5INDI0MTUwMzE8L3RkPjwvdHI+PHRyPjx0aCBiZ2NvbG9yPSIjRjRGNEY0IiA+44Og44O844OW44Oh44Oz44OIPC90aD48dGQgY29sc3Bhbj0iMiI+6Ieq5YuV5be744GNPC90ZD48L3RyPjx0cj48dGggYmdjb2xvcj0iI0Y0RjRGNCIgPuapn+iDvTwvdGg+PHRkIGNvbHNwYW49IjIiPuOCq+ODrOODs+ODgOODvOapn+iDvSjml6Xku5gp44CB44OQ44OD44Kv44K544Kx44Or44OI44OzPC90ZD48L3RyPjx0cj48dGggYmdjb2xvcj0iI0Y0RjRGNCIgPumYsuawtDwvdGg+PHRkIGNvbHNwYW49IjIiPuaXpeW4uOeUn+a0u+mYsuawtDwvdGQ+PC90cj48dHI+PHRoIGJnY29sb3I9IiNGNEY0RjQiID7ntKDmnZA8L3RoPjx0ZCBjb2xzcGFuPSIyIj7jgrnjg4bjg7Pjg6zjgrnjgIHjgrXjg5XjgqHjgqTjg6Tjgqzjg6njgrk8L3RkPjwvdHI+PHRyPjx0aCBiZ2NvbG9yPSIjRjRGNEY0IiByb3dzcGFuPSI0Ij7jgqvjg6njg7w8L3RoPjx0ZCB3aWR0aD0iMjUlIj7mloflrZfnm6Q8L3RkPjx0ZD7jg5bjg6njg4Pjgq88L3RkPjwvdHI+PHRyPjx0ZD7jgrHjg7zjgrk8L3RkPjx0ZD7jgrfjg6vjg5Djg7w8L3RkPjwvdHI+PHRyPjx0ZD7jg5njgrzjg6s8L3RkPjx0ZD7jgrfjg6vjg5Djg7w8L3RkPjwvdHI+PHRyPjx0ZD7jg5njg6vjg4g8L3RkPjx0ZD7jgrfjg6vjg5Djg7w8L3RkPjwvdHI+PHRyPjx0aCBiZ2NvbG9yPSIjRjRGNEY0IiByb3dzcGFuPSI1Ij7jgrXjgqTjgro8L3RoPjx0ZD7jgrHjg7zjgrk8L3RkPjx0ZD7ntIQ0Mm1tKOODquODpeODvOOCuumZpOOBjyk8L3RkPjwvdHI+PHRyPjx0ZD7mnKzkvZPljprjgZU8L3RkPjx0ZD7ntIQxMm1tPC90ZD48L3RyPjx0cj48dGQ+6IWV5ZGo44KKPC90ZD48dGQ+57SEMTUmZW5zcDsmIzEyMzE2OyZlbnNwOzIxY208L3RkPjwvdHI+PHRyPjx0ZD7jg5njg6vjg4jluYU8L3RkPjx0ZD7ntIQxOSZlbnNwOyYjMTIzMTY7JmVuc3A7MjJtbTwvdGQ+PC90cj48dHI+PHRkPumHjeOBlTwvdGQ+PHRkPue0hDE2MGc8L3RkPjwvdHI+PC90YWJsZT48YnI+4pa8PGI+5YKZ6ICDPC9iPjx0YWJsZSB3aWR0aD0iMTAwJSIgY2VsbHNwYWNpbmc9IjYiIGNlbGxwYWRkaW5nPSIwIiBiZ2NvbG9yPSIjRjRGNEY0IiA+PHRyPjx0ZD7oibbjgarjgZco5LiA6YOo6Im244GC44KKKeOBruOCt+ODq+ODkOODvOOCueODhuODs+ODrOOCueOCseODvOOCueODu+iJtuOBguOCiuOBruOCt+ODq+ODkOODvOOCueODhuODs+ODrOOCueODmeOCvOODq+ODu+ODluODqeODg+OCr+aWh+Wtl+ebpOODu+OCt+ODq+ODkOODvOOBruaMh+mHneODu+OBj+OBleOBsyjjg4jjg6njgqTjgqLjg7PjgrDjg6sp44Kk44Oz44OH44OD44Kv44K544O7MTLmmYLkvY3nva7jgavjg5bjg6njg7Pjg4njg63jgrTjg7s25pmC5L2N572u44Gr5pel5LuY6KGo56S644O76Im244Gq44GX44Go6Im244GC44KK44K344Or44OQ44O844K544OG44Oz44Os44K544KS57WE44G/5ZCI44KP44Gb44GfNemAo+ODluODrOOCueODu+ODl+ODg+OCt+ODpeW8j+OBruS4oemWi+OBjeODkOODg+OCr+ODq+ODu+ODkOODg+OCr+OCueOCseODq+ODiOODs+ODu+ODkOODg+OCr+ODq+mDqOWIhuOAgeaMr+OCiuWtkOOBq+ODluODqeODs+ODieODreOCtDxiciAvPuOAkOWFpeiNt+aZguacn+OBq+OCiOOCiuODkOODg+OCr+ODq+OBruS7leanmOOAgeOCguOBl+OBj+OBr+ijj+iTi+OBrumYsuawtOihqOiomOOBjOeVsOOBquOCi+WgtOWQiOOBjOW+oeW6p+OBhOOBvuOBmeOAkTwvdGQ+PC90cj48L3RhYmxlPjxicj7ilrw8Yj7ku5jlsZ7lk4E8L2I+PHRhYmxlIHdpZHRoPSIxMDAlIiBjZWxsc3BhY2luZz0iNSIgY2VsbHBhZGRpbmc9IjAiICA+PHRyPjx0ZD48aW1nIHNyYz0iaHR0cDovL2ltYWdlLnJha3V0ZW4uY28uanAvYmx1ZWsvY2FiaW5ldC9ib3gvaGFtaWx0b25ib3guanBnIiB3aWR0aD0iMTAwJSIgPjwvdGQ+PC90cj48dHI+PHRkPuKWoOODj+ODn+ODq+ODiOODs+OBruS7mOWxnuWTge+8muODj+ODn+ODq+ODiOODs+OBruS7mOWxnuWTge+8muOCruODo+ODqeODs+ODhuOCo+ODvCjlm73pmpvkv53oqLzmm7gp44CB44Oh44O844Kr44O857SU5q2j44Oc44OD44Kv44K5PGJyIC8+4oC744Oc44OD44Kv44K544CB44Ku44Oj44Op44Oz44OG44Kj44O844Gq44Gp44Gu5LuY5bGe5ZOB44Gr6Zai44GX44Gm44Gv5YWl6I235pmC5pyf44Gr44KI44KK5LuV5qeY44GM55Ww44Gq44KL5Y+v6IO95oCn44GM44GC44KK44G+44GZ44CCPC90ZD48L3RyPjx0cj48dGQ+6Kmz57Sw44Gv44GT44Gh44KJ44KI44KK44GU6Kan44GE44Gf44Gg44GR44G+44GZ44CCKFBD44Oa44O844K4KTwvdGQ+PC90cj48L3RhYmxlPjwhLS3jgYLjgZnmpb3ooajoqJgtLT48Zm9udCBjb2xvcj0iI0ZGMDAwMCI+PGI+44GT44Gh44KJ44Gv44CQ44GC44GZ5qW944CR5a++5b+c5ZWG5ZOB44Gn44GZ44CCPGJyPuKAu+W5s+aXpTEz5pmC44G+44Gn44Gu5Luj6YeR5byV5o+b44Gn44Gu44GU5rOo5paH44GM5a++6LGh44Go44Gq44KK44G+44GZ44CCPC9iPjwvZm9udD4=,44OP44Of44Or44OI44OzIEhBTUlMVE9O44K544OU44Oq44OD44OIIOOCquODliDjg6rjg5Djg4bjgqMg44Oh44Oz44K6IEg0MjQxNTAzMe+8muODluODq+ODvOOCr+OCpuOCqeODg+ODgeOCq+ODs+ODkeODi+ODvA==,44Ot44Os44OD44Kv44K544Kq44Oh44Ks44OV44Op44Oz44Kv44Of44Ol44Op44O844Km44OW44Ot44OP44Oq44O844Km44Kj44Oz44K544OI44Oz44OP44Of44Or44OI44Oz44Ks44Ks44Of44Op44OO44OW44Or44Ks44Oq44Kw44OD44OB44K844OL44K544Oc44OD44OG44Ks44O044Kn44ON44K/44OX44Op44OA44K344Oj44ON44Or44Or44Kk44O044Kj44OI44Oz44Kv44Ot44Ko44K744Oq44O844OM44OV44Kn44Op44Ks44Oi44Ot44Ko44OZ44Kq44Ot44OT44Ki44Oz44Kz44K144Oz44Ot44O844Op44Oz44OP44Of44Or44OI44OzIEhBTUlMVE9O44K544OU44Oq44OD44OIIOOCquODliDjg6rjg5Djg4bjgqMg44Oh44Oz44K6IEg0MjQxNTAzMQ==,W+mAgeaWmeeEoeaWmV1b44GC44GZ5qW9XVvjg4/jg5/jg6vjg4jjg7NdW+aZguioiF3jgILjg4/jg5/jg6vjg4jjg7MgSEFNSUxUT07jgrnjg5Tjg6rjg4Pjg4gg44Kq44OWIOODquODkOODhuOCoyDjg6Hjg7PjgrogSDQyNDE1MDMx[rn]
16-122085,aHR0cDovL3RzaG9wLnIxMHMuanAvYmx1ZWsvY2FiaW5ldC9icmVpdGxpbmcvaDQyNDI1MTUxLmpwZz9maXRpbj03MDA6NzAw,NTgzNzAuNDAwMA==,,6IWV5pmC6KiIID4g44Oh44Oz44K66IWV5pmC6KiI,44OP44Of44Or44OI44OzIEhBTUlMVE9OIOOCueODlOODquODg+ODiCDjgqrjg5Yg44Oq44OQ44OG44KjIOODoeODs+OCuiBINDI0MjUxNTE=,W+mAgeaWmeeEoeaWmV1b44GC44GZ5qW9XVvjg4/jg5/jg6vjg4jjg7NdW+aZguioiF0=,PHRhYmxlIHdpZHRoPSIxMDAlIj48dHIgYmdjb2xvcj0iI2NkMDAyNSIgaGVpZ2h0PSI2MCI+PHRkPjxpbWcgc3JjPSJodHRwOi8vd3d3LnJha3V0ZW4ubmUuanAvZ29sZC9ibHVlay9zZWFyY2gvaW1nL3NhbGVfYWxsLmdpZiIgd2lkdGg9IjEwMCUiPjwvdGQ+PC90cj48dHI+PHRkPjwvdGQ+PC90cj48L3RhYmxlPjx0YWJsZSB3aWR0aD0iMTAwJSIgIGJnY29sb3I9IiMwMTQwOTkiPjx0cj48dGQ+PC90ZD48L3RyPjwvdGFibGU+PHRhYmxlIHdpZHRoPSIxMDAlIiBjZWxsc3BhY2luZz0iNiIgY2VsbHBhZGRpbmc9IjAiIGJnY29sb3I9IiNGNEY0RjQiID48dHI+PHRoPjxiPuOCouODoeODquOCq+OBruiHqueUseeyvuelnuaBr+OBpeOBj+agvOiqv+mrmOOBhOODouODh+ODqzwvYj48L3RoPjwvdHI+PHRyPjx0ZD4xOTQw5bm05Luj44Gr6KO95L2c44GV44KM44Gf5Lyd6Kqs44Gu44CM44Oe44Oq44Oz44Kv44Ot44OO44Oh44O844K/44O844CN44KS44Oi44OB44O844OV44Gr5b6p5Yi744GV44KM44CBU3Bpcml0IG9mIExpYmVydHnvvIjoh6rnlLHjga7nsr7npZ7vvInjgajjgYTjgYbjgqLjg6Hjg6rjgqvjg7Pjgrnjg5Tjg6rjg4Pjg4TjgpLoqbDjgoHovrzjgpPjgaDmoLzoqr/pq5jjgYTjg6Ljg4fjg6vjgafjgZnjgILntIQ4MOaZgumWk+aMgee2muOBmeOCi+ODoOODvOODluODoeODs+ODiOOCkuaQrei8ieOBl+OBn+OBk+OBrjQy44Of44Oq6Ieq5YuV5be744GN44Oi44OH44Or44Gv44CB44K344Or44OQ44O844Go44K044O844Or44OJ44Gu44Kz44Oz44OT44ON44O844K344On44Oz6I+v44KE44GL44Gq5aSW6Kaz44Go44K344Oz44OX44Or44Gn5rSX57e044GV44KM44Gf44OH44K244Kk44Oz44GM5bmF5bqD44GE6KOF44GE44Gr5pig44GI44G+44GZ44CCPC90ZD48L3RyPjwvdGFibGU+PHRhYmxlIHdpZHRoPSIxMDAlIiBjZWxsc3BhY2luZz0iNiIgY2VsbHBhZGRpbmc9IjAiIGJnY29sb3I9IiNGNEY0RjQiID48dHI+PHRkPuKWvDxiPjM2MMKwUk9MTCBWSUVXPC9iPjwvdGQ+PC90cj48dHI+PHRkPjxpbWcgc3JjPSJodHRwOi8vaW1hZ2UucmFrdXRlbi5jby5qcC9ibHVlay9jYWJpbmV0LzIwMTUxMl8zNjAvaDQyNDI1MTUxLmdpZiIgd2lkdGg9IjEwMCUiIGFsdD0icm9sbF92aWV3IiAvPjwvdGQ+PC90cj48YnIgLz48dHI+PHRkPjxpbWcgc3JjPSJodHRwOi8vaW1hZ2UucmFrdXRlbi5jby5qcC9ibHVlay9jYWJpbmV0L2JyZWl0bGluZ19tb2RlbC9oNDI0MjUxNTFtLmpwZyIgd2lkdGg9IjEwMCUiPjxiciAvPjwvdGQ+PC90cj48L3RhYmxlPjxicj7ilrw8Yj7jgrnjg5rjg4Pjgq88L2I+PHRhYmxlIHdpZHRoPSIxMDAlIiBib3JkZXI9IjEiIGJvcmRlcmNvbG9yPSIjY2NjIiBjZWxsc3BhY2luZz0iMCIgY2VsbHBhZGRpbmc9IjUiPjx0cj48dGggYmdjb2xvcj0iI0Y0RjRGNCIgd2lkdGg9IjM1JSI+44Oh44O844Kr44O85ZOB55WqPC90aD48dGQgY29sc3Bhbj0iMiI+SDQyNDI1MTUxPC90ZD48L3RyPjx0cj48dGggYmdjb2xvcj0iI0Y0RjRGNCIgPuODoOODvOODluODoeODs+ODiDwvdGg+PHRkIGNvbHNwYW49IjIiPuiHquWLleW3u+OBjTwvdGQ+PC90cj48dHI+PHRoIGJnY29sb3I9IiNGNEY0RjQiID7mqZ/og708L3RoPjx0ZCBjb2xzcGFuPSIyIj7jgqvjg6zjg7Pjg4Djg7zmqZ/og70o5pel5LuYKeOAgeODkOODg+OCr+OCueOCseODq+ODiOODszwvdGQ+PC90cj48dHI+PHRoIGJnY29sb3I9IiNGNEY0RjQiID7pmLLmsLQ8L3RoPjx0ZCBjb2xzcGFuPSIyIj7ml6XluLjnlJ/mtLvpmLLmsLQ8L3RkPjwvdHI+PHRyPjx0aCBiZ2NvbG9yPSIjRjRGNEY0IiA+57Sg5p2QPC90aD48dGQgY29sc3Bhbj0iMiI+44K544OG44Oz44Os44K544CB44K144OV44Kh44Kk44Ok44Ks44Op44K5PC90ZD48L3RyPjx0cj48dGggYmdjb2xvcj0iI0Y0RjRGNCIgcm93c3Bhbj0iNCI+44Kr44Op44O8PC90aD48dGQgd2lkdGg9IjI1JSI+5paH5a2X55ukPC90ZD48dGQ+44K344Or44OQ44O8PC90ZD48L3RyPjx0cj48dGQ+44Kx44O844K5PC90ZD48dGQ+44K344Or44OQ44O8PC90ZD48L3RyPjx0cj48dGQ+44OZ44K844OrPC90ZD48dGQ+44Ot44O844K644K044O844Or44OJPC90ZD48L3RyPjx0cj48dGQ+44OZ44Or44OIPC90ZD48dGQ+44K344Or44OQ44O844CB44Ot44O844K644K044O844Or44OJPC90ZD48L3RyPjx0cj48dGggYmdjb2xvcj0iI0Y0RjRGNCIgcm93c3Bhbj0iNSI+44K144Kk44K6PC90aD48dGQ+44Kx44O844K5PC90ZD48dGQ+57SENDJtbSjjg6rjg6Xjg7zjgrrpmaTjgY8pPC90ZD48L3RyPjx0cj48dGQ+5pys5L2T5Y6a44GVPC90ZD48dGQ+57SEMTJtbTwvdGQ+PC90cj48dHI+PHRkPuiFleWRqOOCijwvdGQ+PHRkPue0hDE1JmVuc3A7JiMxMjMxNjsmZW5zcDsyMWNtPC90ZD48L3RyPjx0cj48dGQ+44OZ44Or44OI5bmFPC90ZD48dGQ+57SEMTkmZW5zcDsmIzEyMzE2OyZlbnNwOzIxbW08L3RkPjwvdHI+PHRyPjx0ZD7ph43jgZU8L3RkPjx0ZD7ntIQxNjBnPC90ZD48L3RyPjwvdGFibGU+PGJyPuKWvDxiPuWCmeiAgzwvYj48dGFibGUgd2lkdGg9IjEwMCUiIGNlbGxzcGFjaW5nPSI2IiBjZWxscGFkZGluZz0iMCIgYmdjb2xvcj0iI0Y0RjRGNCIgPjx0cj48dGQ+6Im244GC44KKKOS4gOmDqOiJtuOBquOBlynjga7jgrfjg6vjg5Djg7zjgrnjg4bjg7Pjg6zjgrnjgrHjg7zjgrnjg7voibbjgYLjgorjga7jg63jg7zjgrrjgrTjg7zjg6vjg4njgrnjg4bjg7Pjg6zjgrnjg5njgrzjg6vjg7vjgrfjg6vjg5Djg7zmloflrZfnm6Tjg7vjg63jg7zjgrrjgrTjg7zjg6vjg4njga7mjIfph53jg7vjgY/jgZXjgbMo44OI44Op44Kk44Ki44Oz44Kw44OrKeOCpOODs+ODh+ODg+OCr+OCueODuzEy5pmC5L2N572u44Gr44OW44Op44Oz44OJ44Ot44K044O7NuaZguS9jee9ruOBq+aXpeS7mOihqOekuuODu+iJtuOBquOBl+OCt+ODq+ODkOODvOOBqOiJtuOBguOCiuODreODvOOCuuOCtOODvOODq+ODieOCueODhuODs+ODrOOCueOCkue1hOOBv+WQiOOCj+OBm+OBnzXpgKPjgrPjg7Pjg5Pjg5bjg6zjgrnjg7vjg5fjg4Pjgrfjg6XlvI/jga7kuKHplovjgY3jg5Djg4Pjgq/jg6vjg7vjg5Djg4Pjgq/jgrnjgrHjg6vjg4jjg7Pjg7vjg5Djg4Pjgq/jg6vpg6jliIbjgIHmjK/jgorlrZDjgavjg5bjg6njg7Pjg4njg63jgrQ8YnIgLz7jgJDlhaXojbfmmYLmnJ/jgavjgojjgorjg5Djg4Pjgq/jg6vjga7ku5Xmp5jjgIHjgoLjgZfjgY/jga/oo4/ok4vjga7pmLLmsLTooajoqJjjgYznlbDjgarjgovloLTlkIjjgYzlvqHluqfjgYTjgb7jgZnjgJE8L3RkPjwvdHI+PC90YWJsZT48YnI+4pa8PGI+5LuY5bGe5ZOBPC9iPjx0YWJsZSB3aWR0aD0iMTAwJSIgY2VsbHNwYWNpbmc9IjUiIGNlbGxwYWRkaW5nPSIwIiAgPjx0cj48dGQ+PGltZyBzcmM9Imh0dHA6Ly9pbWFnZS5yYWt1dGVuLmNvLmpwL2JsdWVrL2NhYmluZXQvYm94L2hhbWlsdG9uYm94LmpwZyIgd2lkdGg9IjEwMCUiID48L3RkPjwvdHI+PHRyPjx0ZD7ilqDjg4/jg5/jg6vjg4jjg7Pjga7ku5jlsZ7lk4HvvJrjg4/jg5/jg6vjg4jjg7Pjga7ku5jlsZ7lk4HvvJrjgq7jg6Pjg6njg7Pjg4bjgqPjg7wo5Zu96Zqb5L+d6Ki85pu4KeOAgeODoeODvOOCq+ODvOe0lOato+ODnOODg+OCr+OCuTxiciAvPuKAu+ODnOODg+OCr+OCueOAgeOCruODo+ODqeODs+ODhuOCo+ODvOOBquOBqeOBruS7mOWxnuWTgeOBq+mWouOBl+OBpuOBr+WFpeiNt+aZguacn+OBq+OCiOOCiuS7leanmOOBjOeVsOOBquOCi+WPr+iDveaAp+OBjOOBguOCiuOBvuOBmeOAgjwvdGQ+PC90cj48dHI+PHRkPuips+e0sOOBr+OBk+OBoeOCieOCiOOCiuOBlOimp+OBhOOBn+OBoOOBkeOBvuOBmeOAgihQQ+ODmuODvOOCuCk8L3RkPjwvdHI+PC90YWJsZT48IS0t44GC44GZ5qW96KGo6KiYLS0+PGZvbnQgY29sb3I9IiNGRjAwMDAiPjxiPuOBk+OBoeOCieOBr+OAkOOBguOBmealveOAkeWvvuW/nOWVhuWTgeOBp+OBmeOAgjxicj7igLvlubPml6UxM+aZguOBvuOBp+OBruS7o+mHkeW8leaPm+OBp+OBruOBlOazqOaWh+OBjOWvvuixoeOBqOOBquOCiuOBvuOBmeOAgjwvYj48L2ZvbnQ+,44OP44Of44Or44OI44OzIEhBTUlMVE9OIOOCueODlOODquODg+ODiCDjgqrjg5Yg44Oq44OQ44OG44KjIOODoeODs+OCuiBINDI0MjUxNTHvvJrjg5bjg6vjg7zjgq/jgqbjgqnjg4Pjg4Hjgqvjg7Pjg5Hjg4vjg7w=,44Ot44Os44OD44Kv44K544Kq44Oh44Ks44OV44Op44Oz44Kv44Of44Ol44Op44O844Km44OW44Ot44OP44Oq44O844Km44Kj44Oz44K544OI44Oz44OP44Of44Or44OI44Oz44Ks44Ks44Of44Op44OO44OW44Or44Ks44Oq44Kw44OD44OB44K844OL44K544Oc44OD44OG44Ks44O044Kn44ON44K/44OX44Op44OA44K344Oj44ON44Or44Or44Kk44O044Kj44OI44Oz44Kv44Ot44Ko44K744Oq44O844OM44OV44Kn44Op44Ks44Oi44Ot44Ko44OZ44Kq44Ot44OT44Ki44Oz44Kz44K144Oz44Ot44O844Op44Oz44OP44Of44Or44OI44OzIEhBTUlMVE9OIOOCueODlOODquODg+ODiCDjgqrjg5Yg44Oq44OQ44OG44KjIOODoeODs+OCuiBINDI0MjUxNTE=,W+mAgeaWmeeEoeaWmV1b44GC44GZ5qW9XVvjg4/jg5/jg6vjg4jjg7NdW+aZguioiF3jgILjg4/jg5/jg6vjg4jjg7MgSEFNSUxUT04g44K544OU44Oq44OD44OIIOOCquODliDjg6rjg5Djg4bjgqMg44Oh44Oz44K6IEg0MjQyNTE1MQ==[rn]
16-122086,aHR0cDovL3RzaG9wLnIxMHMuanAvYmx1ZWsvY2FiaW5ldC9icmVpdGxpbmcvaDQyNDE1NzMxLmpwZz9maXRpbj03MDA6NzAw,NTE3MDQuMDAwMA==,,6IWV5pmC6KiIID4g44Oh44Oz44K66IWV5pmC6KiI,44OP44Of44Or44OI44OzIEhBTUlMVE9OIOOCueODlOODquODg+ODiCDjgqrjg5Yg44Oq44OQ44OG44KjIOODoeODs+OCuiBINDI0MTU3MzE=,W+mAgeaWmeeEoeaWmV1b44GC44GZ5qW9XVvjg4/jg5/jg6vjg4jjg7NdW+aZguioiF0=,PHRhYmxlIHdpZHRoPSIxMDAlIj48dHIgYmdjb2xvcj0iI2NkMDAyNSIgaGVpZ2h0PSI2MCI+PHRkPjxpbWcgc3JjPSJodHRwOi8vd3d3LnJha3V0ZW4ubmUuanAvZ29sZC9ibHVlay9zZWFyY2gvaW1nL3NhbGVfYWxsLmdpZiIgd2lkdGg9IjEwMCUiPjwvdGQ+PC90cj48dHI+PHRkPjwvdGQ+PC90cj48L3RhYmxlPjx0YWJsZSB3aWR0aD0iMTAwJSIgIGJnY29sb3I9IiMwMTQwOTkiPjx0cj48dGQ+PC90ZD48L3RyPjwvdGFibGU+PHRhYmxlIHdpZHRoPSIxMDAlIiBjZWxsc3BhY2luZz0iNiIgY2VsbHBhZGRpbmc9IjAiIGJnY29sb3I9IiNGNEY0RjQiID48dHI+PHRoPjxiPuODtOOCo+ODs+ODhuODvOOCuOaEn+a8guOBhuODmeODq+ODiOOBq+iHqueUseeyvuelnuOCkuWIu+WNsDwvYj48L3RoPjwvdHI+PHRyPjx0ZD7jgrnjg5fjg6rjg4Pjg4jjgqrjg5bjg6rjg5Djg4bjgqPjga/jg5bjg6njg7Pjg4nlkI3jga7nlLHmnaXjgafjgYLjgovnsbPlm73jg5rjg7Pjgrfjg6vjg5Djg4vjgqLlt57jga7ms5XlvovlrrbjgqLjg7Pjg4njg6rjg6Xjg7zjg7vjg4/jg5/jg6vjg4jjg7Pjga7oqIDokYnjgpLliLvjgoDjgr/jgqTjg6Djg5Tjg7zjgrnjgIIxOTQw5bm05Luj44Gu44Oe44Oq44Oz44Kv44Ot44OO44Oh44O844K/44O844Gr552A5oOz44KS5b6X44Gf5qC86Kq/6auY44GE44Kx44O844K544GrODDmmYLplpPjga7plbfmmYLplpPnqLzlg43jgpLoqofjgovoh6rli5Xlt7vjgY3jgq3jg6Pjg6rjg5Djg7xILTEw44KS5pCt6LyJ44GX44CB6KOP6JOL44GL44KJ57K+57e744Gq44Og44O844OW44Oh44Oz44OI44GM6ZGR6LOe44Gn44GN44KL44Gu44KC5Lq65rCX44Gn44GZ44CC44OA44Kk44Ok44Or44Go44Os44K244O844OZ44Or44OI44Gu44OW44Op44OD44Kv44Gn55S344KJ44GX44GENDPjg5/jg6rjgrHjg7zjgrnjgpLlvJXjgY3nq4vjgabjgabjgYrmtJLokL3jgarjgZPjga7jg6Ljg4fjg6vjga/jgIE25pmC5L2N572u44Gr5pel5LuY56qT44KS5YKZ44GI44Gf5a6f55So5oCn44Gu6auY44GV44Go44Kq44Oz44Kq44OV5ZWP44KP44Ga5rS76LqN44GZ44KL44K344Oz44OX44Or44Oi44OA44Oz44Gq44OH44K244Kk44Oz44GM6a2F5Yqb44CC44CMV2l0aG91dCBsaWJlcnR5IGxpZmUgaXMgYSBtaXNlcnnvvIjoh6rnlLHjgarjgY3kurrnlJ/jgarjgpPjgabmg6jjgoHjgarjgoLjga7jgaDvvInjgI3jga7mloflrZfjgYzliLvjgb7jgozjgZ/jg5njg6vjg4jjgavjga/jg5Hjg4bjgqPjg7zjg4zvvIjjg6Djg6nmn5PjgoHvvInliqDlt6XjgYzmlr3jgZXjgozjgIHjg7TjgqPjg7Pjg4bjg7zjgrjmhJ/jgpLmvILjgo/jgZvjgb7jgZnjgII8YnIgLz48YnIgLz7igLvjgrnjg5fjg6rjg4Pjg4jjgqrjg5bjg6rjg5Djg4bjgqPvvIhTcGlyaXQgb2YgTGliZXJ0ee+8ieOBqOOBr+iHqueUseOBrueyvuelnuOCkuaEj+WRs+OBl+OBvuOBmeOAgjwvdGQ+PC90cj48L3RhYmxlPjx0YWJsZSB3aWR0aD0iMTAwJSIgY2VsbHNwYWNpbmc9IjYiIGNlbGxwYWRkaW5nPSIwIiBiZ2NvbG9yPSIjRjRGNEY0IiA+PHRyPjx0ZD7ilrw8Yj4zNjDCsFJPTEwgVklFVzwvYj48L3RkPjwvdHI+PHRyPjx0ZD48aW1nIHNyYz0iaHR0cDovL2ltYWdlLnJha3V0ZW4uY28uanAvYmx1ZWsvY2FiaW5ldC8yMDE0MDlfMzYwL2g0MjQxNTczMS5naWYiIHdpZHRoPSIxMDAlIiBhbHQ9InJvbGxfdmlldyIgLz48L3RkPjwvdHI+PGJyIC8+PHRyPjx0ZD48aW1nIHNyYz0iaHR0cDovL2ltYWdlLnJha3V0ZW4uY28uanAvYmx1ZWsvY2FiaW5ldC9icmVpdGxpbmdfbW9kZWwvaDQyNDE1NzMxbS5qcGciIHdpZHRoPSIxMDAlIj48YnIgLz48L3RkPjwvdHI+PC90YWJsZT48YnI+4pa8PGI+44K544Oa44OD44KvPC9iPjx0YWJsZSB3aWR0aD0iMTAwJSIgYm9yZGVyPSIxIiBib3JkZXJjb2xvcj0iI2NjYyIgY2VsbHNwYWNpbmc9IjAiIGNlbGxwYWRkaW5nPSI1Ij48dHI+PHRoIGJnY29sb3I9IiNGNEY0RjQiIHdpZHRoPSIzNSUiPuODoeODvOOCq+ODvOWTgeeVqjwvdGg+PHRkIGNvbHNwYW49IjIiPkg0MjQxNTczMTwvdGQ+PC90cj48dHI+PHRoIGJnY29sb3I9IiNGNEY0RjQiID7jg6Djg7zjg5bjg6Hjg7Pjg4g8L3RoPjx0ZCBjb2xzcGFuPSIyIj7oh6rli5Xlt7vjgY08L3RkPjwvdHI+PHRyPjx0aCBiZ2NvbG9yPSIjRjRGNEY0IiA+5qmf6IO9PC90aD48dGQgY29sc3Bhbj0iMiI+44Kr44Os44Oz44OA44O85qmf6IO9KOaXpeS7mCnjgIHjg5Djg4Pjgq/jgrnjgrHjg6vjg4jjg7M8L3RkPjwvdHI+PHRyPjx0aCBiZ2NvbG9yPSIjRjRGNEY0IiA+6Ziy5rC0PC90aD48dGQgY29sc3Bhbj0iMiI+5pel5bi455Sf5rS76Ziy5rC0PC90ZD48L3RyPjx0cj48dGggYmdjb2xvcj0iI0Y0RjRGNCIgPue0oOadkDwvdGg+PHRkIGNvbHNwYW49IjIiPuOCueODhuODs+ODrOOCueOAgeODrOOCtuODvOOAgeOCteODleOCoeOCpOODpOOCrOODqeOCuTwvdGQ+PC90cj48dHI+PHRoIGJnY29sb3I9IiNGNEY0RjQiIHJvd3NwYW49IjQiPuOCq+ODqeODvDwvdGg+PHRkIHdpZHRoPSIyNSUiPuaWh+Wtl+ebpDwvdGQ+PHRkPuODluODqeODg+OCrzwvdGQ+PC90cj48dHI+PHRkPuOCseODvOOCuTwvdGQ+PHRkPuOCt+ODq+ODkOODvDwvdGQ+PC90cj48dHI+PHRkPuODmeOCvOODqzwvdGQ+PHRkPuOCt+ODq+ODkOODvDwvdGQ+PC90cj48dHI+PHRkPuODmeODq+ODiDwvdGQ+PHRkPuODluODqeODg+OCrzwvdGQ+PC90cj48dHI+PHRoIGJnY29sb3I9IiNGNEY0RjQiIHJvd3NwYW49IjUiPuOCteOCpOOCujwvdGg+PHRkPuOCseODvOOCuTwvdGQ+PHRkPue0hDQzbW0o44Oq44Ol44O844K66Zmk44GPKTwvdGQ+PC90cj48dHI+PHRkPuacrOS9k+WOmuOBlTwvdGQ+PHRkPue0hDExbW08L3RkPjwvdHI+PHRyPjx0ZD7ohZXlkajjgoo8L3RkPjx0ZD7ntIQxOCZlbnNwOyYjMTIzMTY7JmVuc3A7MjJjbTwvdGQ+PC90cj48dHI+PHRkPuODmeODq+ODiOW5hTwvdGQ+PHRkPue0hDIwJmVuc3A7JiMxMjMxNjsmZW5zcDsyMm1tPC90ZD48L3RyPjx0cj48dGQ+6YeN44GVPC90ZD48dGQ+57SEMTAwZzwvdGQ+PC90cj48L3RhYmxlPjxicj7ilrw8Yj7lgpnogIM8L2I+PHRhYmxlIHdpZHRoPSIxMDAlIiBjZWxsc3BhY2luZz0iNiIgY2VsbHBhZGRpbmc9IjAiIGJnY29sb3I9IiNGNEY0RjQiID48dHI+PHRkPuiJtuOBquOBlyjkuIDpg6joibbjgYLjgoop44Gu44K344Or44OQ44O844K544OG44Oz44Os44K544Kx44O844K544O76Im244GC44KK44Gu44K344Or44OQ44O844OZ44K844Or44O744OW44Op44OD44Kv5paH5a2X55uk44O744K344Or44OQ44O844Gu5oyH6Yed44O744GP44GV44GzKOODiOODqeOCpOOCouODs+OCsOODqynjgqTjg7Pjg4fjg4Pjgq/jgrnjg7sxMuaZguS9jee9ruOBq+ODluODqeODs+ODieODreOCtOODuzbmmYLkvY3nva7jgavml6Xku5jooajnpLrjg7vjg5bjg6njg4Pjgq/jga7pnanjg5njg6vjg4jjg7tE44OQ44OD44Kv44Or44O76IWV5ZGo44KK6Kq/5pW044Gv57SENm1t5bmF44Gu6ZaT6ZqU44GnN+autemajuWPr+iDveODu+ODkOODg+OCr+OCueOCseODq+ODiOODs+ODu+ODkOODg+OCr+ODq+mDqOWIhuOAgeaMr+OCiuWtkOOBq+ODluODqeODs+ODieODreOCtDxiciAvPuOAkOWFpeiNt+aZguacn+OBq+OCiOOCiuODkOODg+OCr+ODq+OBruS7leanmOOAgeOCguOBl+OBj+OBr+ijj+iTi+OBrumYsuawtOihqOiomOOBjOeVsOOBquOCi+WgtOWQiOOBjOW+oeW6p+OBhOOBvuOBmeOAkTwvdGQ+PC90cj48L3RhYmxlPjxicj7ilrw8Yj7ku5jlsZ7lk4E8L2I+PHRhYmxlIHdpZHRoPSIxMDAlIiBjZWxsc3BhY2luZz0iNSIgY2VsbHBhZGRpbmc9IjAiICA+PHRyPjx0ZD48aW1nIHNyYz0iaHR0cDovL2ltYWdlLnJha3V0ZW4uY28uanAvYmx1ZWsvY2FiaW5ldC9ib3gvaGFtaWx0b25ib3guanBnIiB3aWR0aD0iMTAwJSIgPjwvdGQ+PC90cj48dHI+PHRkPuKWoOODj+ODn+ODq+ODiOODs+OBruS7mOWxnuWTge+8muODj+ODn+ODq+ODiOODs+OBruS7mOWxnuWTge+8muOCruODo+ODqeODs+ODhuOCo+ODvCjlm73pmpvkv53oqLzmm7gp44CB44Oh44O844Kr44O857SU5q2j44Oc44OD44Kv44K5PGJyIC8+4oC75LuY5bGe5ZOB44Gr6Zai44GX44Gm44Gv5YWl6I235pmC5pyf44Gr44KI44KK5LuV5qeY44GM55Ww44Gq44KL5Y+v6IO95oCn44GM44GC44KK44G+44GZ44CCPC90ZD48L3RyPjx0cj48dGQ+6Kmz57Sw44Gv44GT44Gh44KJ44KI44KK44GU6Kan44GE44Gf44Gg44GR44G+44GZ44CCKFBD44Oa44O844K4KTwvdGQ+PC90cj48L3RhYmxlPjwhLS3jgYLjgZnmpb3ooajoqJgtLT48Zm9udCBjb2xvcj0iI0ZGMDAwMCI+PGI+44GT44Gh44KJ44Gv44CQ44GC44GZ5qW944CR5a++5b+c5ZWG5ZOB44Gn44GZ44CCPGJyPuKAu+W5s+aXpTEz5pmC44G+44Gn44Gu5Luj6YeR5byV5o+b44Gn44Gu44GU5rOo5paH44GM5a++6LGh44Go44Gq44KK44G+44GZ44CCPC9iPjwvZm9udD4=,44OP44Of44Or44OI44OzIEhBTUlMVE9OIOOCueODlOODquODg+ODiCDjgqrjg5Yg44Oq44OQ44OG44KjIOODoeODs+OCuiBINDI0MTU3MzHvvJrjg5bjg6vjg7zjgq/jgqbjgqnjg4Pjg4Hjgqvjg7Pjg5Hjg4vjg7w=,44Ot44Os44OD44Kv44K544Kq44Oh44Ks44OV44Op44Oz44Kv44Of44Ol44Op44O844Km44OW44Ot44OP44Oq44O844Km44Kj44Oz44K544OI44Oz44OP44Of44Or44OI44Oz44Ks44Ks44Of44Op44OO44OW44Or44Ks44Oq44Kw44OD44OB44K844OL44K544Oc44OD44OG44Ks44O044Kn44ON44K/44OX44Op44OA44K344Oj44ON44Or44Or44Kk44O044Kj44OI44Oz44Kv44Ot44Ko44K744Oq44O844OM44OV44Kn44Op44Ks44Oi44Ot44Ko44OZ44Kq44Ot44OT44Ki44Oz44Kz44K144Oz44Ot44O844Op44Oz44OP44Of44Or44OI44OzIEhBTUlMVE9OIOOCueODlOODquODg+ODiCDjgqrjg5Yg44Oq44OQ44OG44KjIOODoeODs+OCuiBINDI0MTU3MzE=,W+mAgeaWmeeEoeaWmV1b44GC44GZ5qW9XVvjg4/jg5/jg6vjg4jjg7NdW+aZguioiF3jgILjg4/jg5/jg6vjg4jjg7MgSEFNSUxUT04g44K544OU44Oq44OD44OIIOOCquODliDjg6rjg5Djg4bjgqMg44Oh44Oz44K6IEg0MjQxNTczMQ==[rn]
16-122087,aHR0cDovL3RzaG9wLnIxMHMuanAvYmx1ZWsvY2FiaW5ldC9icmVpdGxpbmcvaDMyNDE2OTgxLmpwZz9maXRpbj03MDA6NzAw,MTEzMzMzLjYwMDA=,,6IWV5pmC6KiIID4g44Oh44Oz44K66IWV5pmC6KiI,44OP44Of44Or44OI44OzIEhBTUlMVE9O44K544OU44Oq44OD44OIIOOCquODliDjg6rjg5Djg4bjgqMg44Kq44O844OIIOOCr+ODreODjiDjg6Hjg7PjgrogSDMyNDE2OTgx,W+mAgeaWmeeEoeaWmV1b44OP44Of44Or44OI44OzXVvmmYLoqIhd,PHRhYmxlIHdpZHRoPSIxMDAlIj48dHIgYmdjb2xvcj0iI2NkMDAyNSIgaGVpZ2h0PSI2MCI+PHRkPjxpbWcgc3JjPSJodHRwOi8vd3d3LnJha3V0ZW4ubmUuanAvZ29sZC9ibHVlay9zZWFyY2gvaW1nL3NhbGVfYWxsLmdpZiIgd2lkdGg9IjEwMCUiPjwvdGQ+PC90cj48dHI+PHRkPjwvdGQ+PC90cj48L3RhYmxlPjx0YWJsZSB3aWR0aD0iMTAwJSIgIGJnY29sb3I9IiMwMTQwOTkiPjx0cj48dGQ+PC90ZD48L3RyPjwvdGFibGU+PHRhYmxlIHdpZHRoPSIxMDAlIiBjZWxsc3BhY2luZz0iNiIgY2VsbHBhZGRpbmc9IjAiIGJnY29sb3I9IiNGNEY0RjQiID48dHI+PHRoPjxiPuOCouODoeODquOCq+OBruiHqueUseeyvuelnuOCkuWPl+OBkee2meOBkOOCr+ODreODjuOCsOODqeODlTwvYj48L3RoPjwvdHI+PHRyPjx0ZD7oqIDoq5bjga7oh6rnlLHjga7jgZ/jgoHjgavmiKbjgaPjgZ8xOOS4lue0gOOBruazleW+i+WutuOCouODs+ODieODquODpeODvOODu+ODj+ODn+ODq+ODiOODs+OAguODluODqeODs+ODieWQjeOBrueUseadpeOBqOOCguOBquOBo+OBn+OBk+OBruS6uueJqeOCkuensOOBiOOAgVNwaXJpdCBvZiBMaWJlcnR577yI6Ieq55Sx44Gu57K+56We77yJ44Go44GE44GG44Ki44Oh44Oq44Kr44Oz44K544OU44Oq44OD44OE44KS6Kmw44KB6L6844KT44Gg5qC86Kq/6auY44GE44Oi44OH44Or44Gn44GZ44CC44GT44GuNDLjg5/jg6roh6rli5Xlt7vjgY3jgq/jg63jg47jgrDjg6njg5Xjga/jgIHnlLfjgonjgZfjgYTnnYDjgZHlv4PlnLDjga7jgqrjg7zjg6vjgrfjg6vjg5Djg7zjg4fjgrbjgqTjg7Pjgajjg6zjg4jjg63jgarlkbPjgo/jgYTjga7jg5fjg4Pjgrfjg6Xjg5zjgr/jg7PjgYzprYXlipvjgILjg4DjgqTjg6Tjg6vjgavjga/nuKblnovjgqTjg7Pjg4DjgqTjg6Tjg6vjgajml6Xku5jnqpPjgpLjgrnjg4Pjgq3jg6rlgpnjgYjjgIHjg5bjg6vjg7zmjIfph53jgYzopovkuovjgarjgqLjgq/jgrvjg7Pjg4jjgavjgarjgaPjgabjgYTjgb7jgZnjgII8L3RkPjwvdHI+PC90YWJsZT48dGFibGUgd2lkdGg9IjEwMCUiIGNlbGxzcGFjaW5nPSI2IiBjZWxscGFkZGluZz0iMCIgYmdjb2xvcj0iI0Y0RjRGNCIgPjx0cj48dGQ+4pa8PGI+MzYwwrBST0xMIFZJRVc8L2I+PC90ZD48L3RyPjx0cj48dGQ+PGltZyBzcmM9Imh0dHA6Ly9pbWFnZS5yYWt1dGVuLmNvLmpwL2JsdWVrL2NhYmluZXQvMjAxNTEyXzM2MC9oMzI0MTY5ODEuZ2lmIiB3aWR0aD0iMTAwJSIgYWx0PSJyb2xsX3ZpZXciIC8+PC90ZD48L3RyPjxiciAvPjx0cj48dGQ+PGltZyBzcmM9Imh0dHA6Ly9pbWFnZS5yYWt1dGVuLmNvLmpwL2JsdWVrL2NhYmluZXQvYnJlaXRsaW5nX21vZGVsL2gzMjQxNjk4MW0uanBnIiB3aWR0aD0iMTAwJSI+PGJyIC8+PC90ZD48L3RyPjwvdGFibGU+PGJyPuKWvDxiPuOCueODmuODg+OCrzwvYj48dGFibGUgd2lkdGg9IjEwMCUiIGJvcmRlcj0iMSIgYm9yZGVyY29sb3I9IiNjY2MiIGNlbGxzcGFjaW5nPSIwIiBjZWxscGFkZGluZz0iNSI+PHRyPjx0aCBiZ2NvbG9yPSIjRjRGNEY0IiB3aWR0aD0iMzUlIj7jg6Hjg7zjgqvjg7zlk4Hnlao8L3RoPjx0ZCBjb2xzcGFuPSIyIj5IMzI0MTY5ODE8L3RkPjwvdHI+PHRyPjx0aCBiZ2NvbG9yPSIjRjRGNEY0IiA+44Og44O844OW44Oh44Oz44OIPC90aD48dGQgY29sc3Bhbj0iMiI+6Ieq5YuV5be744GNPC90ZD48L3RyPjx0cj48dGggYmdjb2xvcj0iI0Y0RjRGNCIgPuapn+iDvTwvdGg+PHRkIGNvbHNwYW49IjIiPuOCr+ODreODjuOCsOODqeODleOAgeOCq+ODrOODs+ODgOODvOapn+iDvSjml6Xku5gp44CB44OQ44OD44Kv44K544Kx44Or44OI44OzPC90ZD48L3RyPjx0cj48dGggYmdjb2xvcj0iI0Y0RjRGNCIgPumYsuawtDwvdGg+PHRkIGNvbHNwYW49IjIiPuaXpeW4uOeUn+a0u+mYsuawtDwvdGQ+PC90cj48dHI+PHRoIGJnY29sb3I9IiNGNEY0RjQiID7ntKDmnZA8L3RoPjx0ZCBjb2xzcGFuPSIyIj7jgrnjg4bjg7Pjg6zjgrnjgIHjgrXjg5XjgqHjgqTjg6Tjgqzjg6njgrk8L3RkPjwvdHI+PHRyPjx0aCBiZ2NvbG9yPSIjRjRGNEY0IiByb3dzcGFuPSI0Ij7jgqvjg6njg7w8L3RoPjx0ZCB3aWR0aD0iMjUlIj7mloflrZfnm6Q8L3RkPjx0ZD7jgrfjg6vjg5Djg7w8L3RkPjwvdHI+PHRyPjx0ZD7jgrHjg7zjgrk8L3RkPjx0ZD7jgrfjg6vjg5Djg7w8L3RkPjwvdHI+PHRyPjx0ZD7jg5njgrzjg6s8L3RkPjx0ZD7jgrfjg6vjg5Djg7w8L3RkPjwvdHI+PHRyPjx0ZD7jg5njg6vjg4g8L3RkPjx0ZD7jgrfjg6vjg5Djg7w8L3RkPjwvdHI+PHRyPjx0aCBiZ2NvbG9yPSIjRjRGNEY0IiByb3dzcGFuPSI1Ij7jgrXjgqTjgro8L3RoPjx0ZD7jgrHjg7zjgrk8L3RkPjx0ZD7ntIQ0Mm1tKOODquODpeODvOOCuumZpOOBjyk8L3RkPjwvdHI+PHRyPjx0ZD7mnKzkvZPljprjgZU8L3RkPjx0ZD7ntIQxNW1tPC90ZD48L3RyPjx0cj48dGQ+6IWV5ZGo44KKPC90ZD48dGQ+57SEMTQuNSZlbnNwOyYjMTIzMTY7JmVuc3A7MjAuNWNtPC90ZD48L3RyPjx0cj48dGQ+44OZ44Or44OI5bmFPC90ZD48dGQ+57SEMTkmZW5zcDsmIzEyMzE2OyZlbnNwOzIybW08L3RkPjwvdHI+PHRyPjx0ZD7ph43jgZU8L3RkPjx0ZD7ntIQxODVnPC90ZD48L3RyPjwvdGFibGU+PGJyPuKWvDxiPuWCmeiAgzwvYj48dGFibGUgd2lkdGg9IjEwMCUiIGNlbGxzcGFjaW5nPSI2IiBjZWxscGFkZGluZz0iMCIgYmdjb2xvcj0iI0Y0RjRGNCIgPjx0cj48dGQ+6Im244Gq44GXKOS4gOmDqOiJtuOBguOCiinjga7jgrfjg6vjg5Djg7zjgrnjg4bjg7Pjg6zjgrnjgrHjg7zjgrnjg7voibbjgYLjgorjga7jgrfjg6vjg5Djg7zjgrnjg4bjg7Pjg6zjgrnjg5njgrzjg6vjg7vjgrfjg6vjg5Djg7zmloflrZfnm6Tjg7vjgrfjg6vjg5Djg7zjga7mjIfph53jg7vjgY/jgZXjgbMo44OI44Op44Kk44Ki44Oz44Kw44OrKeOCpOODs+ODh+ODg+OCr+OCueODuzEy5pmC5L2N572u44GrMzDliIboqIjjg7sz5pmC5L2N572u44Gr5pel5LuY6KGo56S644O7NuaZguS9jee9ruOBqzEy5pmC6ZaT6KiI44O7OeaZguS9jee9ruOBq+ODluODqeODs+ODieODreOCtOODu+iJtuOBquOBl+OBqOiJtuOBguOCiuOCt+ODq+ODkOODvOOCueODhuODs+ODrOOCueOCkue1hOOBv+WQiOOCj+OBm+OBnzXpgKPjg5bjg6zjgrnjg7vjg5fjg4Pjgrfjg6XlvI/jga7kuKHplovjgY3jg5Djg4Pjgq/jg6vjg7vjg5Djg4Pjgq/jgrnjgrHjg6vjg4jjg7Pjg7vjg5Djg4Pjgq/jg6vpg6jliIbjgIHmjK/jgorlrZDjgavjg5bjg6njg7Pjg4njg63jgrQ8YnIgLz7jgJDlhaXojbfmmYLmnJ/jgavjgojjgorjg5Djg4Pjgq/jg6vjga7ku5Xmp5jjgIHjgoLjgZfjgY/jga/oo4/ok4vjga7pmLLmsLTooajoqJjjgYznlbDjgarjgovloLTlkIjjgYzlvqHluqfjgYTjgb7jgZnjgJE8L3RkPjwvdHI+PC90YWJsZT48YnI+4pa8PGI+5LuY5bGe5ZOBPC9iPjx0YWJsZSB3aWR0aD0iMTAwJSIgY2VsbHNwYWNpbmc9IjUiIGNlbGxwYWRkaW5nPSIwIiAgPjx0cj48dGQ+PGltZyBzcmM9Imh0dHA6Ly9pbWFnZS5yYWt1dGVuLmNvLmpwL2JsdWVrL2NhYmluZXQvYm94L2hhbWlsdG9uYm94LmpwZyIgd2lkdGg9IjEwMCUiID48L3RkPjwvdHI+PHRyPjx0ZD7ilqDjg4/jg5/jg6vjg4jjg7Pjga7ku5jlsZ7lk4HvvJrjg4/jg5/jg6vjg4jjg7Pjga7ku5jlsZ7lk4HvvJrjgq7jg6Pjg6njg7Pjg4bjgqPjg7wo5Zu96Zqb5L+d6Ki85pu4KeOAgeODoeODvOOCq+ODvOe0lOato+ODnOODg+OCr+OCuTxiciAvPuKAu+ODnOODg+OCr+OCueOAgeOCruODo+ODqeODs+ODhuOCo+ODvOOBquOBqeOBruS7mOWxnuWTgeOBq+mWouOBl+OBpuOBr+WFpeiNt+aZguacn+OBq+OCiOOCiuS7leanmOOBjOeVsOOBquOCi+WPr+iDveaAp+OBjOOBguOCiuOBvuOBmeOAgjwvdGQ+PC90cj48dHI+PHRkPuips+e0sOOBr+OBk+OBoeOCieOCiOOCiuOBlOimp+OBhOOBn+OBoOOBkeOBvuOBmeOAgihQQ+ODmuODvOOCuCk8L3RkPjwvdHI+PC90YWJsZT4=,44OP44Of44Or44OI44OzIEhBTUlMVE9O44K544OU44Oq44OD44OIIOOCquODliDjg6rjg5Djg4bjgqMg44Kq44O844OIIOOCr+ODreODjiDjg6Hjg7PjgrogSDMyNDE2OTgx77ya44OW44Or44O844Kv44Km44Kp44OD44OB44Kr44Oz44OR44OL44O8,44Ot44Os44OD44Kv44K544Kq44Oh44Ks44OV44Op44Oz44Kv44Of44Ol44Op44O844Km44OW44Ot44OP44Oq44O844Km44Kj44Oz44K544OI44Oz44OP44Of44Or44OI44Oz44Ks44Ks44Of44Op44OO44OW44Or44Ks44Oq44Kw44OD44OB44K844OL44K544Oc44OD44OG44Ks44O044Kn44ON44K/44OX44Op44OA44K344Oj44ON44Or44Or44Kk44O044Kj44OI44Oz44Kv44Ot44Ko44K744Oq44O844OM44OV44Kn44Op44Ks44Oi44Ot44Ko44OZ44Kq44Ot44OT44Ki44Oz44Kz44K144Oz44Ot44O844Op44Oz44OP44Of44Or44OI44OzIEhBTUlMVE9O44K544OU44Oq44OD44OIIOOCquODliDjg6rjg5Djg4bjgqMg44Kq44O844OIIOOCr+ODreODjiDjg6Hjg7PjgrogSDMyNDE2OTgx,W+mAgeaWmeeEoeaWmV1b44OP44Of44Or44OI44OzXVvmmYLoqIhd44CC44OP44Of44Or44OI44OzIEhBTUlMVE9O44K544OU44Oq44OD44OIIOOCquODliDjg6rjg5Djg4bjgqMg44Kq44O844OIIOOCr+ODreODjiDjg6Hjg7PjgrogSDMyNDE2OTgx[rn]
16-122088,aHR0cDovL3RzaG9wLnIxMHMuanAvYmx1ZWsvY2FiaW5ldC9jYXJ0aWVyL3RmejEwMDA3MDEyYTIxYTkxYS5qcGc/Zml0aW49NzAwOjcwMA==,MTI3MjYwLjAwMDA=,,6IWV5pmC6KiIID4g44Oh44Oz44K66IWV5pmC6KiI,44OG44Kj44OV44Kh44OL44O8IFRpZmZhbnnjgqLjg4jjg6njgrkg44Oh44Oz44K6IFoxMDAwLjcwLjEyQTIxQTkxQQ==,W+mAgeaWmeeEoeaWmV1b44GC44GZ5qW9XVvjg4bjgqPjg5XjgqHjg4vjg7xdW+aZguioiF0=,PHRhYmxlIHdpZHRoPSIxMDAlIj48dHIgYmdjb2xvcj0iI2NkMDAyNSIgaGVpZ2h0PSI2MCI+PHRkPjxpbWcgc3JjPSJodHRwOi8vd3d3LnJha3V0ZW4ubmUuanAvZ29sZC9ibHVlay9zZWFyY2gvaW1nL3NhbGVfdGlmZmFueS5naWYiIHdpZHRoPSIxMDAlIj48L3RkPjwvdHI+PHRyPjx0ZD48L3RkPjwvdHI+PC90YWJsZT48dGFibGUgd2lkdGg9IjEwMCUiICBiZ2NvbG9yPSIjMDE0MDk5Ij48dHI+PHRkPjwvdGQ+PC90cj48L3RhYmxlPjx0YWJsZSB3aWR0aD0iMTAwJSIgY2VsbHNwYWNpbmc9IjYiIGNlbGxwYWRkaW5nPSIwIiBiZ2NvbG9yPSIjRjRGNEY0IiA+PHRyPjx0aD48Yj7jg4bjgqPjg5XjgqHjg4vjg7zkuI3mnL3jga7lrprnlarjgqLjg4jjg6njgrkgNDJtbTwvYj48L3RoPjwvdHI+PHRyPjx0ZD7nq4vkvZPjg63jg7zjg57mlbDlrZfjgYzjg4fjgrbjgqTjg7PjgrPjg7zjg4njga7jgqLjg4jjg6njgrnjga/jgIHjg4bjgqPjg5XjgqHjg4vjg7zjgpLku6PooajjgZnjgovkurrmsJfjga7lrprnlarjg6Ljg4fjg6vjgIIxMDDvvY3pmLLmsLTjgrXjg7Pjg4nlnovjgrHjg7zjgrnjgavjga8z5pmC5L2N572u44Gu56qT44Gr5pel5LuY44KS6KGo56S644GZ44KL6Ieq5YuV5be744GN44Og44O844OW44Oh44Oz44OI44KS5pCt6LyJ44GX44CB44Gd44Gu6KOP6JOL44GL44KJ57K+57e744Gq5oSP5Yyg44GM6ZGR6LOe44Gn44GN44KL44Gu44KC5qW944GX44G/44Gn44GZ44CC5Lit44Gn44KC55S344KJ44GX44GE5YWJ5rKi44Kx44O844K544Go44OA44Kk44Ok44Or44Gu44K344Or44OQ44O844Gr6buS44GE44Op44OQ44O844OZ44Or44OI44KS57WE44G/5ZCI44KP44Gb44Gm44K544K/44Kk44Oq44OD44K344Ol44Gq44GT44GuNDLjg5/jg6rjg6Ljg4fjg6vjga/jgIHlpKfjgbbjgorjgarjgrHjg7zjgrnjga7lgbTpnaLjgajjg6rjg6Xjg7zjgrrjg4jjg4Pjg5fjgavjgoLpu5LjgYTjg6njg5Djg7zjgpLmjqHnlKjjgZfjgZ/jgrnjg53jg7zjg4bjgqPjgarjg4fjgrbjgqTjg7PjgYzprYXlipvjgILkuK3lpK7pg6jliIbjga7jgq7jg6fjg7zjgrfjgqfmqKHmp5jjgajjgrfjg6vjg5Djg7zjga7jg63jg7zjg57mlbDlrZfmmKDjgYjjgabmoLzlpb3jgojjgY/jgIHjgq/jg6njgrnmhJ/jga7jgYLjgovoo4XjgYTjgpLlrozmiJDjgZXjgZvjgb7jgZnjgII8L3RkPjwvdHI+PC90YWJsZT48dGFibGUgd2lkdGg9IjEwMCUiIGNlbGxzcGFjaW5nPSI2IiBjZWxscGFkZGluZz0iMCIgYmdjb2xvcj0iI0Y0RjRGNCIgPjx0cj48dGQ+4pa8PGI+MzYwwrBST0xMIFZJRVc8L2I+PC90ZD48L3RyPjx0cj48dGQ+PGltZyBzcmM9Imh0dHA6Ly9pbWFnZS5yYWt1dGVuLmNvLmpwL2JsdWVrL2NhYmluZXQvMjAxNjEyXzM2MC90ZnoxMDAwNzAxMmEyMWE5MWEuZ2lmIiB3aWR0aD0iMTAwJSIgYWx0PSJyb2xsX3ZpZXciIC8+PC90ZD48L3RyPjxiciAvPjx0cj48dGQ+PGltZyBzcmM9Imh0dHA6Ly9pbWFnZS5yYWt1dGVuLmNvLmpwL2JsdWVrL2NhYmluZXQvY2FydGllcl9tb2RlbC90ZnoxMDAwNzAxMmEyMWE5MWFtLmpwZyIgd2lkdGg9IjEwMCUiPjxiciAvPjwvdGQ+PC90cj48L3RhYmxlPjxicj7ilrw8Yj7jgrnjg5rjg4Pjgq88L2I+PHRhYmxlIHdpZHRoPSIxMDAlIiBib3JkZXI9IjEiIGJvcmRlcmNvbG9yPSIjY2NjIiBjZWxsc3BhY2luZz0iMCIgY2VsbHBhZGRpbmc9IjUiPjx0cj48dGggYmdjb2xvcj0iI0Y0RjRGNCIgd2lkdGg9IjM1JSI+44Oh44O844Kr44O85ZOB55WqPC90aD48dGQgY29sc3Bhbj0iMiI+WjEwMDAuNzAuMTJBMjFBOTFBPC90ZD48L3RyPjx0cj48dGggYmdjb2xvcj0iI0Y0RjRGNCIgPuODoOODvOODluODoeODs+ODiDwvdGg+PHRkIGNvbHNwYW49IjIiPuiHquWLleW3u+OBjTwvdGQ+PC90cj48dHI+PHRoIGJnY29sb3I9IiNGNEY0RjQiID7mqZ/og708L3RoPjx0ZCBjb2xzcGFuPSIyIj7jgqvjg6zjg7Pjg4Djg7zmqZ/og70o5pel5LuYKeOAgeODkOODg+OCr+OCueOCseODq+ODiOODszwvdGQ+PC90cj48dHI+PHRoIGJnY29sb3I9IiNGNEY0RjQiID7pmLLmsLQ8L3RoPjx0ZCBjb2xzcGFuPSIyIj4xMDBt6Ziy5rC0KOa9nOawtOS4jeWPryk8L3RkPjwvdHI+PHRyPjx0aCBiZ2NvbG9yPSIjRjRGNEY0IiA+57Sg5p2QPC90aD48dGQgY29sc3Bhbj0iMiI+44Op44OQ44O844CB44K544OG44Oz44Os44K544CB44K144OV44Kh44Kk44Ok44Ks44Op44K5PC90ZD48L3RyPjx0cj48dGggYmdjb2xvcj0iI0Y0RjRGNCIgcm93c3Bhbj0iNCI+44Kr44Op44O8PC90aD48dGQgd2lkdGg9IjI1JSI+5paH5a2X55ukPC90ZD48dGQ+44K344Or44OQ44O8PC90ZD48L3RyPjx0cj48dGQ+44Kx44O844K5PC90ZD48dGQ+44OW44Op44OD44KvPC90ZD48L3RyPjx0cj48dGQ+44OZ44K844OrPC90ZD48dGQ+44K344Or44OQ44O8PC90ZD48L3RyPjx0cj48dGQ+44OZ44Or44OIPC90ZD48dGQ+44OW44Op44OD44KvPC90ZD48L3RyPjx0cj48dGggYmdjb2xvcj0iI0Y0RjRGNCIgcm93c3Bhbj0iNSI+44K144Kk44K6PC90aD48dGQ+44Kx44O844K5PC90ZD48dGQ+57SENDJtbSjjg6rjg6Xjg7zjgrrpmaTjgY8pPC90ZD48L3RyPjx0cj48dGQ+5pys5L2T5Y6a44GVPC90ZD48dGQ+57SEMTVtbTwvdGQ+PC90cj48dHI+PHRkPuiFleWRqOOCijwvdGQ+PHRkPue0hDE2JmVuc3A7JiMxMjMxNjsmZW5zcDsyMGNtPC90ZD48L3RyPjx0cj48dGQ+44OZ44Or44OI5bmFPC90ZD48dGQ+57SEMTkmZW5zcDsmIzEyMzE2OyZlbnNwOzI0bW08L3RkPjwvdHI+PHRyPjx0ZD7ph43jgZU8L3RkPjx0ZD7ntIQxMTBnPC90ZD48L3RyPjwvdGFibGU+PGJyPuKWvDxiPuWCmeiAgzwvYj48dGFibGUgd2lkdGg9IjEwMCUiIGNlbGxzcGFjaW5nPSI2IiBjZWxscGFkZGluZz0iMCIgYmdjb2xvcj0iI0Y0RjRGNCIgPjx0cj48dGQ+44OW44Op44OD44Kv44Gu44Op44OQ44O844Kx44O844K544O76Im244GC44KK44Gu44K344Or44OQ44O844K544OG44Oz44Os44K544OZ44K844Or44O744Ku44On44O844K344Kn5qih5qeY44GM5YWl44Gj44Gf44K344Or44OQ44O85paH5a2X55uk44O76JuN5YWJ5aGX5paZ44KS5pa944GX44Gf44K344Or44OQ44O844Gu5oyH6Yed44O744Ot44O844Oe44Oz44Go44GP44GV44GzKOODiOODqeOCpOOCouODs+OCsOODqynjgqTjg7Pjg4fjg4Pjgq/jgrnjg7sxMuaZguS9jee9ruOBq+ODluODqeODs+ODieODreOCtOODuzPmmYLkvY3nva7jgavml6Xku5jooajnpLrjg7vjg5bjg6njg4Pjgq/jga7jg6njg5Djg7zjg5njg6vjg4jjg7tE44OQ44OD44Kv44Or44O76IWV5ZGo44KK6Kq/5pW044Gv57SENm1t5bmF44Gu6ZaT6ZqU44GnN+autemajuWPr+iDveODu+OCueOCr+ODquODpeODvOODkOODg+OCr+ODu+ODkOODg+OCr+OCueOCseODq+ODiOODs+ODu+ODkOODg+OCr+ODq+mDqOWIhuOAgeaMr+OCiuWtkOOBq+ODluODqeODs+ODieODreOCtOODu+ijj+iTi+OBq+OCt+ODquOCouODq+ODiuODs+ODkOODvDwvdGQ+PC90cj48L3RhYmxlPjxicj7ilrw8Yj7ku5jlsZ7lk4E8L2I+PHRhYmxlIHdpZHRoPSIxMDAlIiBjZWxsc3BhY2luZz0iNSIgY2VsbHBhZGRpbmc9IjAiICA+PHRyPjx0ZD48aW1nIHNyYz0iaHR0cDovL2ltYWdlLnJha3V0ZW4uY28uanAvYmx1ZWsvY2FiaW5ldC9ib3gvdGlmZmFueWJveC5qcGciIHdpZHRoPSIxMDAlIiA+PC90ZD48L3RyPjx0cj48dGQ+4pag44OG44Kj44OV44Kh44OL44O844Gu5LuY5bGe5ZOB77ya44OG44Kj44OV44Kh44OL44O844Gu5LuY5bGe5ZOB77ya44Ku44Oj44Op44Oz44OG44Kj44O8KOWbvemam+S/neiovOabuCnjgIHjg6Hjg7zjgqvjg7zntJTmraPjg5zjg4Pjgq/jgrnjgIHoqqzmmI7mm7g8YnIgLz7igLvku5jlsZ7lk4HjgavplqLjgZfjgabjga/lhaXojbfmmYLmnJ/jgavjgojjgorku5Xmp5jjgYznlbDjgarjgovlj6/og73mgKfjgYzjgYLjgorjgb7jgZnjgII8L3RkPjwvdHI+PHRyPjx0ZD7oqbPntLDjga/jgZPjgaHjgonjgojjgorjgZTopqfjgYTjgZ/jgaDjgZHjgb7jgZnjgIIoUEPjg5rjg7zjgrgpPC90ZD48L3RyPjwvdGFibGU+PCEtLeOBguOBmealveihqOiomC0tPjxmb250IGNvbG9yPSIjRkYwMDAwIj48Yj7jgZPjgaHjgonjga/jgJDjgYLjgZnmpb3jgJHlr77lv5zllYblk4HjgafjgZnjgII8YnI+4oC75bmz5pelMTPmmYLjgb7jgafjga7ku6Pph5HlvJXmj5vjgafjga7jgZTms6jmlofjgYzlr77osaHjgajjgarjgorjgb7jgZnjgII8L2I+PC9mb250Pg==,44OG44Kj44OV44Kh44OL44O8IFRpZmZhbnnjgqLjg4jjg6njgrkg44Oh44Oz44K6IFoxMDAwLjcwLjEyQTIxQTkxQe+8muODluODq+ODvOOCr+OCpuOCqeODg+ODgeOCq+ODs+ODkeODi+ODvA==,44Ot44Os44OD44Kv44K544Kq44Oh44Ks44OV44Op44Oz44Kv44Of44Ol44Op44O844Km44OW44Ot44OP44Oq44O844Km44Kj44Oz44K544OI44Oz44OP44Of44Or44OI44Oz44Ks44Ks44Of44Op44OO44OW44Or44Ks44Oq44Kw44OD44OB44K844OL44K544Oc44OD44OG44Ks44O044Kn44ON44K/44OX44Op44OA44K344Oj44ON44Or44Or44Kk44O044Kj44OI44Oz44Kv44Ot44Ko44K744Oq44O844OM44OV44Kn44Op44Ks44Oi44Ot44Ko44OZ44Kq44Ot44OT44Ki44Oz44Kz44K144Oz44Ot44O844Op44Oz44OG44Kj44OV44Kh44OL44O8IFRpZmZhbnnjgqLjg4jjg6njgrkg44Oh44Oz44K6IFoxMDAwLjcwLjEyQTIxQTkxQQ==,W+mAgeaWmeeEoeaWmV1b44GC44GZ5qW9XVvjg4bjgqPjg5XjgqHjg4vjg7xdW+aZguioiF3jgILjg4bjgqPjg5XjgqHjg4vjg7wgVGlmZmFueeOCouODiOODqeOCuSDjg6Hjg7PjgrogWjEwMDAuNzAuMTJBMjFBOTFB[rn]
16-122089,aHR0cDovL3RzaG9wLnIxMHMuanAvYmx1ZWsvY2FiaW5ldC9icmVpdGxpbmcvaDMyNTE1NTM1LmpwZz9maXRpbj03MDA6NzAw,MzY2NjcuMjAwMA==,,6IWV5pmC6KiIID4g44Oh44Oz44K66IWV5pmC6KiI,44OP44Of44Or44OI44OzIEhhbWlsdG9u44K444Oj44K644Oe44K544K/44O8IOODk+ODpeODvOODnuODgeODg+OCryDjg6Hjg7PjgrogSDMyNTE1NTM1,W+mAgeaWmeeEoeaWmV1b44GC44GZ5qW9XVvjg4/jg5/jg6vjg4jjg7NdW+aZguioiF0=,PHRhYmxlIHdpZHRoPSIxMDAlIj48dHIgYmdjb2xvcj0iI2NkMDAyNSIgaGVpZ2h0PSI2MCI+PHRkPjxpbWcgc3JjPSJodHRwOi8vd3d3LnJha3V0ZW4ubmUuanAvZ29sZC9ibHVlay9zZWFyY2gvaW1nL3NhbGVfYWxsLmdpZiIgd2lkdGg9IjEwMCUiPjwvdGQ+PC90cj48dHI+PHRkPjwvdGQ+PC90cj48L3RhYmxlPjx0YWJsZSB3aWR0aD0iMTAwJSIgIGJnY29sb3I9IiMwMTQwOTkiPjx0cj48dGQ+PC90ZD48L3RyPjwvdGFibGU+PHRhYmxlIHdpZHRoPSIxMDAlIiBjZWxsc3BhY2luZz0iNiIgY2VsbHBhZGRpbmc9IjAiIGJnY29sb3I9IiNGNEY0RjQiID48dHI+PHRoPjxiPuOCt+ODs+ODl+ODq+OBq+agvOWlveOBhOOBhOODk+ODpeODvOODnuODgeODg+OCryA0MG1tPC9iPjwvdGg+PC90cj48dHI+PHRkPuODj+ODn+ODq+ODiOODs+OCkuS7o+ihqOOBmeOCi+OCuOODo+OCuuODnuOCueOCv+ODvOOBruS4reOBp+OCguODk+ODpeODvOODnuODgeODg+OCr+OBr+S4geWvp+OBquS7leS4iuOBkuOBjOaWveOBleOCjOOBn+S4iuizquaEn+a8guOBhuODh+OCo+ODhuODvOODq++8iOe0sOmDqO+8ieOBqOW5heW6g+OBhOijheOBhOOBq+aYoOOBiOOCi+OCt+ODs+ODl+ODq+OBquODh+OCtuOCpOODs+OBjOS6uuawl+OBp+OBmeOAguWFieayouOBqOODhOODpOa2iOOBl+OCkumnhuS9v+OBl+OBn+OCt+ODq+ODkOODvOOCseODvOOCueOBq+ODluODqeODg+OCr+ODgOOCpOODpOODq+OBqOeZveOCueODhuODg+ODgeaYoOOBiOOCi+a3seOBhOODluODqeOCpuODs+ODrOOCtuODvOODmeODq+ODiOOCkue1hOOBv+WQiOOCj+OBm+OBpuOBiua0kuiQveOBquOBk+OBrjQw44Of44Oq44Oi44OH44Or44Gv44CB6IWV44Gr44GX44Gj44GP44KK5Y+O44G+44KL44K144Kk44K644GoM+aZguS9jee9ruOBrueqk+OBq+aXpeS7mOOCkuihqOekuuOBmeOCi+iHquWLleW3u+OBjeODoOODvOODluODoeODs+ODiOOCkuaQrei8ieOBl+OBpuOBhOOCi+OBruOBjOmtheWKm+OAguijj+iTi+OBi+OCieeyvue3u+OBquaEj+WMoOOBjOmRkeiznuOBp+OBjeOCi+OBruOCguODoeOCq+WlveOBjeOBq+OBr+OBn+OBvuOCiuOBvuOBm+OCk+OAguS4reWkruOBq+OCruODp+ODvOOCt+OCp+aooeanmOOBjOaWveOBleOCjOOBn+ODgOOCpOODpOODq+OBr+OAgeaMh+mHneOBqOOCpOODs+ODh+ODg+OCr+OCueOBq+aal+aJgOOBp+OCguimluiqjeaAp+OCkueZuuaPruOBmeOCi+ibjeWFieWhl+aWmeOBjOaWveOBleOCjOOBpuWun+eUqOaAp+OCguaKnOe+pOOBp+OBmeOAgjwvdGQ+PC90cj48L3RhYmxlPjx0YWJsZSB3aWR0aD0iMTAwJSIgY2VsbHNwYWNpbmc9IjYiIGNlbGxwYWRkaW5nPSIwIiBiZ2NvbG9yPSIjRjRGNEY0IiA+PHRyPjx0ZD7ilrw8Yj4zNjDCsFJPTEwgVklFVzwvYj48L3RkPjwvdHI+PHRyPjx0ZD48aW1nIHNyYz0iaHR0cDovL2ltYWdlLnJha3V0ZW4uY28uanAvYmx1ZWsvY2FiaW5ldC8yMDE2MTBfMzYwL2gzMjUxNTUzNS5naWYiIHdpZHRoPSIxMDAlIiBhbHQ9InJvbGxfdmlldyIgLz48L3RkPjwvdHI+PGJyIC8+PHRyPjx0ZD48aW1nIHNyYz0iaHR0cDovL2ltYWdlLnJha3V0ZW4uY28uanAvYmx1ZWsvY2FiaW5ldC9icmVpdGxpbmdfbW9kZWwvaDMyNTE1NTM1bS5qcGciIHdpZHRoPSIxMDAlIj48YnIgLz48L3RkPjwvdHI+PC90YWJsZT48YnI+4pa8PGI+44K544Oa44OD44KvPC9iPjx0YWJsZSB3aWR0aD0iMTAwJSIgYm9yZGVyPSIxIiBib3JkZXJjb2xvcj0iI2NjYyIgY2VsbHNwYWNpbmc9IjAiIGNlbGxwYWRkaW5nPSI1Ij48dHI+PHRoIGJnY29sb3I9IiNGNEY0RjQiIHdpZHRoPSIzNSUiPuODoeODvOOCq+ODvOWTgeeVqjwvdGg+PHRkIGNvbHNwYW49IjIiPkgzMjUxNTUzNTwvdGQ+PC90cj48dHI+PHRoIGJnY29sb3I9IiNGNEY0RjQiID7jg6Djg7zjg5bjg6Hjg7Pjg4g8L3RoPjx0ZCBjb2xzcGFuPSIyIj7oh6rli5Xlt7vjgY08L3RkPjwvdHI+PHRyPjx0aCBiZ2NvbG9yPSIjRjRGNEY0IiA+5qmf6IO9PC90aD48dGQgY29sc3Bhbj0iMiI+44Kr44Os44Oz44OA44O85qmf6IO9KOaXpeS7mCnjgIHjg5Djg4Pjgq/jgrnjgrHjg6vjg4jjg7M8L3RkPjwvdHI+PHRyPjx0aCBiZ2NvbG9yPSIjRjRGNEY0IiA+6Ziy5rC0PC90aD48dGQgY29sc3Bhbj0iMiI+5pel5bi455Sf5rS76Ziy5rC0PC90ZD48L3RyPjx0cj48dGggYmdjb2xvcj0iI0Y0RjRGNCIgPue0oOadkDwvdGg+PHRkIGNvbHNwYW49IjIiPuOCueODhuODs+ODrOOCueOAgeODrOOCtuODvOOAgeOCteODleOCoeOCpOODpOOCrOODqeOCuTwvdGQ+PC90cj48dHI+PHRoIGJnY29sb3I9IiNGNEY0RjQiIHJvd3NwYW49IjQiPuOCq+ODqeODvDwvdGg+PHRkIHdpZHRoPSIyNSUiPuaWh+Wtl+ebpDwvdGQ+PHRkPuODluODqeODg+OCrzwvdGQ+PC90cj48dHI+PHRkPuOCseODvOOCuTwvdGQ+PHRkPuOCt+ODq+ODkOODvDwvdGQ+PC90cj48dHI+PHRkPuODmeOCvOODqzwvdGQ+PHRkPuOCt+ODq+ODkOODvDwvdGQ+PC90cj48dHI+PHRkPuODmeODq+ODiDwvdGQ+PHRkPuODgOODvOOCr+ODluODqeOCpuODszwvdGQ+PC90cj48dHI+PHRoIGJnY29sb3I9IiNGNEY0RjQiIHJvd3NwYW49IjUiPuOCteOCpOOCujwvdGg+PHRkPuOCseODvOOCuTwvdGQ+PHRkPue0hDQwbW0o44Oq44Ol44O844K66Zmk44GPKTwvdGQ+PC90cj48dHI+PHRkPuacrOS9k+WOmuOBlTwvdGQ+PHRkPue0hDExbW08L3RkPjwvdHI+PHRyPjx0ZD7ohZXlkajjgoo8L3RkPjx0ZD7ntIQxNiZlbnNwOyYjMTIzMTY7JmVuc3A7MjBjbTwvdGQ+PC90cj48dHI+PHRkPuODmeODq+ODiOW5hTwvdGQ+PHRkPue0hDIwbW08L3RkPjwvdHI+PHRyPjx0ZD7ph43jgZU8L3RkPjx0ZD7ntIQ3NWc8L3RkPjwvdHI+PC90YWJsZT48YnI+4pa8PGI+5YKZ6ICDPC9iPjx0YWJsZSB3aWR0aD0iMTAwJSIgY2VsbHNwYWNpbmc9IjYiIGNlbGxwYWRkaW5nPSIwIiBiZ2NvbG9yPSIjRjRGNEY0IiA+PHRyPjx0ZD7oibbjgarjgZco5LiA6YOo6Im244GC44KKKeOBruOCt+ODq+ODkOODvOOCueODhuODs+ODrOOCueOCseODvOOCueODu+iJtuOBguOCiuOBruOCt+ODq+ODkOODvOOCueODhuODs+ODrOOCueODmeOCvOODq+ODu+OCruODp+ODvOOCt+OCp+aooeanmOOBjOWFpeOBo+OBn+ODluODqeODg+OCr+aWh+Wtl+ebpOODu+ibjeWFieWhl+aWmeOCkuaWveOBl+OBn+OCt+ODq+ODkOODvOOBruaMh+mHneODu+OCouODqeODk+OCouOBqOOBj+OBleOBsyjjg4jjg6njgqTjgqLjg7PjgrDjg6sp44Kk44Oz44OH44OD44Kv44K544O7MTLmmYLkvY3nva7jgavjg5bjg6njg7Pjg4njg63jgrTjg7sz5pmC5L2N572u44Gr5pel5LuY6KGo56S644O744OA44O844Kv44OW44Op44Km44Oz44Gu6Z2p44OZ44Or44OI44O756m055WZ44KB5byP44OQ44OD44Kv44Or44O76IWV5ZGo44KK6Kq/5pW044Gv57SENm1t5bmF44Gu6ZaT6ZqU44GnN+autemajuWPr+iDveODu+ODquODpeODvOOCuuOCrOODvOODieODu+ODkOODg+OCr+OCueOCseODq+ODiOODs+ODu+ODkOODg+OCr+ODq+mDqOWIhuOAgeaMr+OCiuWtkOOBq+ODluODqeODs+ODieODreOCtDxiciAvPuOAkOWFpeiNt+aZguacn+OBq+OCiOOCiuODkOODg+OCr+ODq+OBruS7leanmOOAgeOCguOBl+OBj+OBr+ijj+iTi+OBrumYsuawtOihqOiomOOBjOeVsOOBquOCi+WgtOWQiOOBjOW+oeW6p+OBhOOBvuOBmeOAkTwvdGQ+PC90cj48L3RhYmxlPjxicj7ilrw8Yj7ku5jlsZ7lk4E8L2I+PHRhYmxlIHdpZHRoPSIxMDAlIiBjZWxsc3BhY2luZz0iNSIgY2VsbHBhZGRpbmc9IjAiICA+PHRyPjx0ZD48aW1nIHNyYz0iaHR0cDovL2ltYWdlLnJha3V0ZW4uY28uanAvYmx1ZWsvY2FiaW5ldC9ib3gvaGFtaWx0b25ib3guanBnIiB3aWR0aD0iMTAwJSIgPjwvdGQ+PC90cj48dHI+PHRkPuKWoOODj+ODn+ODq+ODiOODs+OBruS7mOWxnuWTge+8muODj+ODn+ODq+ODiOODs+OBruS7mOWxnuWTge+8muOCruODo+ODqeODs+ODhuOCo+ODvCjlm73pmpvkv53oqLzmm7gp44CB44Oh44O844Kr44O857SU5q2j44Oc44OD44Kv44K5PGJyIC8+4oC75LuY5bGe5ZOB44Gr6Zai44GX44Gm44Gv5YWl6I235pmC5pyf44Gr44KI44KK5LuV5qeY44GM55Ww44Gq44KL5Y+v6IO95oCn44GM44GC44KK44G+44GZ44CCPC90ZD48L3RyPjx0cj48dGQ+6Kmz57Sw44Gv44GT44Gh44KJ44KI44KK44GU6Kan44GE44Gf44Gg44GR44G+44GZ44CCKFBD44Oa44O844K4KTwvdGQ+PC90cj48L3RhYmxlPjwhLS3jgYLjgZnmpb3ooajoqJgtLT48Zm9udCBjb2xvcj0iI0ZGMDAwMCI+PGI+44GT44Gh44KJ44Gv44CQ44GC44GZ5qW944CR5a++5b+c5ZWG5ZOB44Gn44GZ44CCPGJyPuKAu+W5s+aXpTEz5pmC44G+44Gn44Gu5Luj6YeR5byV5o+b44Gn44Gu44GU5rOo5paH44GM5a++6LGh44Go44Gq44KK44G+44GZ44CCPC9iPjwvZm9udD4=,44OP44Of44Or44OI44OzIEhhbWlsdG9u44K444Oj44K644Oe44K544K/44O8IOODk+ODpeODvOODnuODgeODg+OCryDjg6Hjg7PjgrogSDMyNTE1NTM177ya44OW44Or44O844Kv44Km44Kp44OD44OB44Kr44Oz44OR44OL44O8,44Ot44Os44OD44Kv44K544Kq44Oh44Ks44OV44Op44Oz44Kv44Of44Ol44Op44O844Km44OW44Ot44OP44Oq44O844Km44Kj44Oz44K544OI44Oz44OP44Of44Or44OI44Oz44Ks44Ks44Of44Op44OO44OW44Or44Ks44Oq44Kw44OD44OB44K844OL44K544Oc44OD44OG44Ks44O044Kn44ON44K/44OX44Op44OA44K344Oj44ON44Or44Or44Kk44O044Kj44OI44Oz44Kv44Ot44Ko44K744Oq44O844OM44OV44Kn44Op44Ks44Oi44Ot44Ko44OZ44Kq44Ot44OT44Ki44Oz44Kz44K144Oz44Ot44O844Op44Oz44OP44Of44Or44OI44OzIEhhbWlsdG9u44K444Oj44K644Oe44K544K/44O8IOODk+ODpeODvOODnuODgeODg+OCryDjg6Hjg7PjgrogSDMyNTE1NTM1,W+mAgeaWmeeEoeaWmV1b44GC44GZ5qW9XVvjg4/jg5/jg6vjg4jjg7NdW+aZguioiF3jgILjg4/jg5/jg6vjg4jjg7MgSGFtaWx0b27jgrjjg6Pjgrrjg57jgrnjgr/jg7wg44OT44Ol44O844Oe44OB44OD44KvIOODoeODs+OCuiBIMzI1MTU1MzU=[rn]
16-122090,aHR0cDovL3RzaG9wLnIxMHMuanAvYmx1ZWsvY2FiaW5ldC9idmxnYXJpL2FhNDhjNnNzZC5qcGc/Zml0aW49NzAwOjcwMA==,MjMyNTkyLjgwMDA=,,6IWV5pmC6KiIID4g44Oh44Oz44K66IWV5pmC6KiI,44OW44Or44Ks44OqIEJ2bGdhcmnjgqLjgrfjg6fjg7zjg54g5pel5pys6ZmQ5a6a44Oi44OH44OrIOODoeODs+OCuiBBQTQ4QzZTU0QvSlA=,W+mAgeaWmeeEoeaWmV1b44GC44GZ5qW9XVvjg5bjg6vjgqzjg6pdW+aZguioiF0=,PHRhYmxlIHdpZHRoPSIxMDAlIj48dHIgYmdjb2xvcj0iI2NkMDAyNSIgaGVpZ2h0PSI2MCI+PHRkPjxpbWcgc3JjPSJodHRwOi8vd3d3LnJha3V0ZW4ubmUuanAvZ29sZC9ibHVlay9zZWFyY2gvaW1nL3NhbGVfYWxsLmdpZiIgd2lkdGg9IjEwMCUiPjwvdGQ+PC90cj48dHI+PHRkPjwvdGQ+PC90cj48L3RhYmxlPjx0YWJsZSB3aWR0aD0iMTAwJSIgIGJnY29sb3I9IiMwMTQwOTkiPjx0cj48dGQ+PC90ZD48L3RyPjwvdGFibGU+PHRhYmxlIHdpZHRoPSIxMDAlIiBjZWxsc3BhY2luZz0iNiIgY2VsbHBhZGRpbmc9IjAiIGJnY29sb3I9IiNGNEY0RjQiID48dHI+PHRoPjxiPuOCquODvOODq+OCt+ODq+ODkOODvOOBruOCouOCt+ODp+ODvOODnuaXpeacrOmZkOWumuODouODh+ODqzwvYj48L3RoPjwvdHI+PHRyPjx0ZD7jgqTjgr/jg6rjgqLoqp7jgafjgIzkuLvlvLXjgI3jgpLmhI/lkbPjgZnjgovjgqLjgrfjg6fjg7zjg57jga/ni6zlibXnmoTjgarjg5Xjgqnjg6vjg6Djgavjg5bjg6vjgqzjg6rjga7pq5jntJrmhJ/jgpLjgb7jgajjgo/jgZvjgovkurrmsJfjga7jgr/jgqTjg6Djg5Tjg7zjgrnjgILjg5bjg6njg7Pjg4njg63jgrTjgpLliLvjgoDkuIrkuIvjga7jgqLjg7zjg6vvvIjmm7Lnt5rvvInjg5njgrzjg6vjgajlt6blj7Pjga7jgqLjg7zjg6vnuKbmnqDjgYzjg5zjg6rjg6Xjg7zjg6DmhJ/jgpLmvJTlh7rjgZfjgIHmiYvlhYPjgaflnKflgJLnmoTjgarlrZjlnKjmhJ/jgpLmlL7jgaHjgb7jgZnjgILkuK3jgafjgoLpgJrluLjjg43jgqTjg5Pjg7zjgYvjg5bjg6njg4Pjgq/jga7jg4DjgqTjg6Tjg6vjgqvjg6njg7zjgpLjgqrjg7zjg6vjgrfjg6vjg5Djg7zjgafku5XkuIrjgZLjgabjgYrmtJLokL3jgarjgZPjga7ml6XmnKzpmZDlrprjg6Ljg4fjg6vjga/jgIHov6vlipvmuoDngrnjga40OOODn+ODquOCseODvOOCuemHjeOBlTIwNeOCsOODqeODoOOBruOBmuOBo+OBl+OCiuOBqOOBl+OBn+edgOOBkeW/g+WcsOOBqDPmmYLkvY3nva7jga7nqpPjgavml6Xku5jooajnpLrjgZnjgovoh6rli5Xlt7vjgY3jg6Djg7zjg5bjg6Hjg7Pjg4jjgpLmkK3ovInjgZfjgabjgYTjgovjga7jgYzprYXlipvjgILnuKbnuJ7jgq7jg6fjg7zjgrfjgqfmqKHmp5jjgYzmlr3jgZXjgozjgZ/jg4DjgqTjg6Tjg6vjga/kuLjjgYTjgrDjg6zjg7zliIbnm67nm5vjgorjgYzmjIfph53jgajjgqTjg7Pjg4fjg4Pjgq/jgrnjga7jgrfjg6vjg5Djg7zjgpLlvJXjgY3nq4vjgabjgaboppboqo3mgKfjgavjgoLlhKrjgozjgb7jgZnjgII8L3RkPjwvdHI+PC90YWJsZT48dGFibGUgd2lkdGg9IjEwMCUiIGNlbGxzcGFjaW5nPSI2IiBjZWxscGFkZGluZz0iMCIgYmdjb2xvcj0iI0Y0RjRGNCIgPjx0cj48dGQ+4pa8PGI+MzYwwrBST0xMIFZJRVc8L2I+PC90ZD48L3RyPjx0cj48dGQ+PGltZyBzcmM9Imh0dHA6Ly9pbWFnZS5yYWt1dGVuLmNvLmpwL2JsdWVrL2NhYmluZXQvMjAxNTEyXzM2MC9hYTQ4YzZzc2QuZ2lmIiB3aWR0aD0iMTAwJSIgYWx0PSJyb2xsX3ZpZXciIC8+PC90ZD48L3RyPjxiciAvPjx0cj48dGQ+PGltZyBzcmM9Imh0dHA6Ly9pbWFnZS5yYWt1dGVuLmNvLmpwL2JsdWVrL2NhYmluZXQvYnZsZ2FyaV9tb2RlbC9hYTQ4YzZzc2RtLmpwZyIgd2lkdGg9IjEwMCUiPjxiciAvPjwvdGQ+PC90cj48L3RhYmxlPjxicj7ilrw8Yj7jgrnjg5rjg4Pjgq88L2I+PHRhYmxlIHdpZHRoPSIxMDAlIiBib3JkZXI9IjEiIGJvcmRlcmNvbG9yPSIjY2NjIiBjZWxsc3BhY2luZz0iMCIgY2VsbHBhZGRpbmc9IjUiPjx0cj48dGggYmdjb2xvcj0iI0Y0RjRGNCIgd2lkdGg9IjM1JSI+44Oh44O844Kr44O85ZOB55WqPC90aD48dGQgY29sc3Bhbj0iMiI+QUE0OEM2U1NEL0pQPC90ZD48L3RyPjx0cj48dGggYmdjb2xvcj0iI0Y0RjRGNCIgPuODoOODvOODluODoeODs+ODiDwvdGg+PHRkIGNvbHNwYW49IjIiPuiHquWLleW3u+OBjTwvdGQ+PC90cj48dHI+PHRoIGJnY29sb3I9IiNGNEY0RjQiID7mqZ/og708L3RoPjx0ZCBjb2xzcGFuPSIyIj7jgqvjg6zjg7Pjg4Djg7zmqZ/og70o5pel5LuYKTwvdGQ+PC90cj48dHI+PHRoIGJnY29sb3I9IiNGNEY0RjQiID7pmLLmsLQ8L3RoPjx0ZCBjb2xzcGFuPSIyIj7ml6XluLjnlJ/mtLvpmLLmsLQ8L3RkPjwvdHI+PHRyPjx0aCBiZ2NvbG9yPSIjRjRGNEY0IiA+57Sg5p2QPC90aD48dGQgY29sc3Bhbj0iMiI+44K544OG44Oz44Os44K544CB44K144OV44Kh44Kk44Ok44Ks44Op44K5PC90ZD48L3RyPjx0cj48dGggYmdjb2xvcj0iI0Y0RjRGNCIgcm93c3Bhbj0iNCI+44Kr44Op44O8PC90aD48dGQgd2lkdGg9IjI1JSI+5paH5a2X55ukPC90ZD48dGQ+44K344Or44OQ44O8PC90ZD48L3RyPjx0cj48dGQ+44Kx44O844K5PC90ZD48dGQ+44K344Or44OQ44O8PC90ZD48L3RyPjx0cj48dGQ+44OZ44K844OrPC90ZD48dGQ+44K344Or44OQ44O8PC90ZD48L3RyPjx0cj48dGQ+44OZ44Or44OIPC90ZD48dGQ+44K344Or44OQ44O8PC90ZD48L3RyPjx0cj48dGggYmdjb2xvcj0iI0Y0RjRGNCIgcm93c3Bhbj0iNSI+44K144Kk44K6PC90aD48dGQ+44Kx44O844K5PC90ZD48dGQ+57SEMzggw5cgNDhtbSjjg6rjg6Xjg7zjgrrpmaTjgY8pPC90ZD48L3RyPjx0cj48dGQ+5pys5L2T5Y6a44GVPC90ZD48dGQ+57SEMTNtbTwvdGQ+PC90cj48dHI+PHRkPuiFleWRqOOCijwvdGQ+PHRkPue0hDIwY208L3RkPjwvdHI+PHRyPjx0ZD7jg5njg6vjg4jluYU8L3RkPjx0ZD7ntIQyMiZlbnNwOyYjMTIzMTY7JmVuc3A7MjhtbTwvdGQ+PC90cj48dHI+PHRkPumHjeOBlTwvdGQ+PHRkPue0hDIwNWc8L3RkPjwvdHI+PC90YWJsZT48YnI+4pa8PGI+5YKZ6ICDPC9iPjx0YWJsZSB3aWR0aD0iMTAwJSIgY2VsbHNwYWNpbmc9IjYiIGNlbGxwYWRkaW5nPSIwIiBiZ2NvbG9yPSIjRjRGNEY0IiA+PHRyPjx0ZD7oibbjgYLjgorjga7jgrfjg6vjg5Djg7zjgrnjg4bjg7Pjg6zjgrnjgrHjg7zjgrnjg7voibbjgYLjgorjga7jgrfjg6vjg5Djg7zjgrnjg4bjg7Pjg6zjgrnjg5njgrzjg6vjg7vjgq7jg6fjg7zjgrfjgqfmqKHmp5jjgYzlhaXjgaPjgZ/jgrfjg6vjg5Djg7zmloflrZfnm6Tjg7vom43lhYnloZfmlpnjgpLmlr3jgZfjgZ/jgrfjg6vjg5Djg7zjga7mjIfph53jg7vjgqLjg6njg5PjgqLjgajjg5Djg7zjgqTjg7Pjg4fjg4Pjgq/jgrnjg7sxMuaZguS9jee9ruOBq+ODluODqeODs+ODieODreOCtOODuzPmmYLkvY3nva7jgavml6Xku5jooajnpLrjg7voibbjgYLjgorjgajoibbjgarjgZfjgrfjg6vjg5Djg7zjgrnjg4bjg7Pjg6zjgrnjgpLntYTjgb/lkIjjgo/jgZvjgZ/jg5bjg6zjgrnjg7vjg5fjg4Pjgrfjg6XlvI/jga7kuKHplovjgY3jg5Djg4Pjgq/jg6vjg7vjg5Djg4Pjgq/jg6vpg6jliIbjgIHoo4/ok4vjgavjg5bjg6njg7Pjg4njg63jgrTjg7voo4/ok4vjgavjgrfjg6rjgqLjg6vjg4rjg7Pjg5Djg7w8L3RkPjwvdHI+PC90YWJsZT48YnI+4pa8PGI+5LuY5bGe5ZOBPC9iPjx0YWJsZSB3aWR0aD0iMTAwJSIgY2VsbHNwYWNpbmc9IjUiIGNlbGxwYWRkaW5nPSIwIiAgPjx0cj48dGQ+PGltZyBzcmM9Imh0dHA6Ly9pbWFnZS5yYWt1dGVuLmNvLmpwL2JsdWVrL2NhYmluZXQvYm94L2J2bGdhcmlib3guanBnIiB3aWR0aD0iMTAwJSIgPjwvdGQ+PC90cj48dHI+PHRkPuKWoOODluODq+OCrOODquOBruS7mOWxnuWTge+8muODluODq+OCrOODquOBruS7mOWxnuWTge+8muOCruODo+ODqeODs+ODhuOCo+ODvCjlm73pmpvkv53oqLzmm7gp44CB44Oh44O844Kr44O857SU5q2j44Oc44OD44Kv44K544CB6Kqs5piO5pu4PGJyIC8+4oC75LuY5bGe5ZOB44Gr6Zai44GX44Gm44Gv5YWl6I235pmC5pyf44Gr44KI44KK5LuV5qeY44GM55Ww44Gq44KL5Y+v6IO95oCn44GM44GC44KK44G+44GZ44CCPC90ZD48L3RyPjx0cj48dGQ+6Kmz57Sw44Gv44GT44Gh44KJ44KI44KK44GU6Kan44GE44Gf44Gg44GR44G+44GZ44CCKFBD44Oa44O844K4KTwvdGQ+PC90cj48L3RhYmxlPjwhLS3jgYLjgZnmpb3ooajoqJgtLT48Zm9udCBjb2xvcj0iI0ZGMDAwMCI+PGI+44GT44Gh44KJ44Gv44CQ44GC44GZ5qW944CR5a++5b+c5ZWG5ZOB44Gn44GZ44CCPGJyPuKAu+W5s+aXpTEz5pmC44G+44Gn44Gu5Luj6YeR5byV5o+b44Gn44Gu44GU5rOo5paH44GM5a++6LGh44Go44Gq44KK44G+44GZ44CCPC9iPjwvZm9udD4=,44OW44Or44Ks44OqIEJ2bGdhcmnjgqLjgrfjg6fjg7zjg54g5pel5pys6ZmQ5a6a44Oi44OH44OrIOODoeODs+OCuiBBQTQ4QzZTU0QvSlDvvJrjg5bjg6vjg7zjgq/jgqbjgqnjg4Pjg4Hjgqvjg7Pjg5Hjg4vjg7w=,44Ot44Os44OD44Kv44K544Kq44Oh44Ks44OV44Op44Oz44Kv44Of44Ol44Op44O844Km44OW44Ot44OP44Oq44O844Km44Kj44Oz44K544OI44Oz44OP44Of44Or44OI44Oz44Ks44Ks44Of44Op44OO44OW44Or44Ks44Oq44Kw44OD44OB44K844OL44K544Oc44OD44OG44Ks44O044Kn44ON44K/44OX44Op44OA44K344Oj44ON44Or44Or44Kk44O044Kj44OI44Oz44Kv44Ot44Ko44K744Oq44O844OM44OV44Kn44Op44Ks44Oi44Ot44Ko44OZ44Kq44Ot44OT44Ki44Oz44Kz44K144Oz44Ot44O844Op44Oz44OW44Or44Ks44OqIEJ2bGdhcmnjgqLjgrfjg6fjg7zjg54g5pel5pys6ZmQ5a6a44Oi44OH44OrIOODoeODs+OCuiBBQTQ4QzZTU0QvSlA=,W+mAgeaWmeeEoeaWmV1b44GC44GZ5qW9XVvjg5bjg6vjgqzjg6pdW+aZguioiF3jgILjg5bjg6vjgqzjg6ogQnZsZ2FyaeOCouOCt+ODp+ODvOODniDml6XmnKzpmZDlrprjg6Ljg4fjg6sg44Oh44Oz44K6IEFBNDhDNlNTRC9KUA==[rn]
16-122091,aHR0cDovL3RzaG9wLnIxMHMuanAvYmx1ZWsvY2FiaW5ldC9icmVpdGxpbmcvaDM4NTExNzMzLmpwZz9maXRpbj03MDA6NzAw,MjU1NTYuMDAwMA==,,6IWV5pmC6KiIID4g44Oh44Oz44K66IWV5pmC6KiI,44OP44Of44Or44OI44OzIEhhbWlsdG9u44K444Oj44K644Oe44K544K/44O8IOOCt+ODs+ODqeOCpOODsyDjg6Hjg7PjgrogSDM4NTExNzMz,W+mAgeaWmeeEoeaWmV1b44GC44GZ5qW9XVvjg4/jg5/jg6vjg4jjg7NdW+aZguioiF0=,PHRhYmxlIHdpZHRoPSIxMDAlIj48dHIgYmdjb2xvcj0iI2NkMDAyNSIgaGVpZ2h0PSI2MCI+PHRkPjxpbWcgc3JjPSJodHRwOi8vd3d3LnJha3V0ZW4ubmUuanAvZ29sZC9ibHVlay9zZWFyY2gvaW1nL3NhbGVfYWxsLmdpZiIgd2lkdGg9IjEwMCUiPjwvdGQ+PC90cj48dHI+PHRkPjwvdGQ+PC90cj48L3RhYmxlPjx0YWJsZSB3aWR0aD0iMTAwJSIgIGJnY29sb3I9IiMwMTQwOTkiPjx0cj48dGQ+PC90ZD48L3RyPjwvdGFibGU+PHRhYmxlIHdpZHRoPSIxMDAlIiBjZWxsc3BhY2luZz0iNiIgY2VsbHBhZGRpbmc9IjAiIGJnY29sb3I9IiNGNEY0RjQiID48dHI+PHRoPjxiPuedgOOBkeW/g+WcsOOCueODquODoOOBquOCt+ODs+ODqeOCpOODsyA0Mm1tPC9iPjwvdGg+PC90cj48dHI+PHRkPuODj+ODn+ODq+ODiOODs+OCkuS7o+ihqOOBmeOCi+acieWQjeOBruWumueVquODouODh+ODq+OAgeOCuOODo+OCuuODnuOCueOCv+ODvOOAguS4reOBp+OCguOCuOODo+OCuuODnuOCueOCv+ODvOacgOiWhOOBqOOBquOCi+WOmuOBlTfjg5/jg6roloTlnovjgrHjg7zjgrnjgavjgrnjg57jg7zjg4jjgaroo4XnnYDmhJ/jgpLov73msYLjgZfjgZ/jgrfjg7Pjg6njgqTjg7Pjga/jgIHmibHjgYTjgoTjgZnjgYTjgq/jgqrjg7zjg4Tjg6Djg7zjg5bjg6Hjg7Pjg4jjgajoppboqo3mgKfjga7pq5jjgYTjgqLjg6njg5PjgqLmlbDlrZfjgpLlgpnjgYjjgabmma7mrrXkvb/jgYTjgavmnIDpganjgarjgr/jgqTjg6Djg5Tjg7zjgrnjgafjgZnjgILjg4DjgqTjg6Tjg6vjgajjg6zjgrbjg7zjg5njg6vjg4jjga7jg5bjg6njg4Pjgq/jgYzlhYnmsqLjgajjg4Tjg6TmtojjgZfjgpLpp4bkvb/jgZfjgZ/jgrfjg6vjg5Djg7zjgrHjg7zjgrnjgpLjg6Ljg4Djg7PjgavlvJXjgY3nq4vjgabjgZ/jgZPjga40MuODn+ODquODouODh+ODq+OBr+OAgemHjeOBleOCj+OBmuOBizYw44Kw44Op44Og44Gu6Lu944GE552A44GR5b+D5Zyw44GoNuaZguS9jee9ruOBq+aXpeS7mOeqk+OCkuWCmeOBiOOBn+Wun+eUqOaAp+OBrumrmOOBleOCgumtheWKm+OAguOCt+ODs+ODl+ODq+OCqOODrOOCrOODs+ODiOOBquODh+OCtuOCpOODs+OBjOOCquODs+OCquODleWVj+OCj+OBmuW5heW6g+OBhOijheOBhOOBq+ODnuODg+ODgeOBl+OBpuS9v+OBhOWLneaJi+OCguaKnOe+pOOBp+OBmeOAgjwvdGQ+PC90cj48L3RhYmxlPjx0YWJsZSB3aWR0aD0iMTAwJSIgY2VsbHNwYWNpbmc9IjYiIGNlbGxwYWRkaW5nPSIwIiBiZ2NvbG9yPSIjRjRGNEY0IiA+PHRyPjx0ZD7ilrw8Yj4zNjDCsFJPTEwgVklFVzwvYj48L3RkPjwvdHI+PHRyPjx0ZD48aW1nIHNyYz0iaHR0cDovL2ltYWdlLnJha3V0ZW4uY28uanAvYmx1ZWsvY2FiaW5ldC8yMDE2MTBfMzYwL2gzODUxMTczMy5naWYiIHdpZHRoPSIxMDAlIiBhbHQ9InJvbGxfdmlldyIgLz48L3RkPjwvdHI+PGJyIC8+PHRyPjx0ZD48aW1nIHNyYz0iaHR0cDovL2ltYWdlLnJha3V0ZW4uY28uanAvYmx1ZWsvY2FiaW5ldC9icmVpdGxpbmdfbW9kZWwvaDM4NTExNzMzbS5qcGciIHdpZHRoPSIxMDAlIj48YnIgLz48L3RkPjwvdHI+PC90YWJsZT48YnI+4pa8PGI+44K544Oa44OD44KvPC9iPjx0YWJsZSB3aWR0aD0iMTAwJSIgYm9yZGVyPSIxIiBib3JkZXJjb2xvcj0iI2NjYyIgY2VsbHNwYWNpbmc9IjAiIGNlbGxwYWRkaW5nPSI1Ij48dHI+PHRoIGJnY29sb3I9IiNGNEY0RjQiIHdpZHRoPSIzNSUiPuODoeODvOOCq+ODvOWTgeeVqjwvdGg+PHRkIGNvbHNwYW49IjIiPkgzODUxMTczMzwvdGQ+PC90cj48dHI+PHRoIGJnY29sb3I9IiNGNEY0RjQiID7jg6Djg7zjg5bjg6Hjg7Pjg4g8L3RoPjx0ZCBjb2xzcGFuPSIyIj7jgq/jgqrjg7zjg4Q8L3RkPjwvdHI+PHRyPjx0aCBiZ2NvbG9yPSIjRjRGNEY0IiA+5qmf6IO9PC90aD48dGQgY29sc3Bhbj0iMiI+44Kr44Os44Oz44OA44O85qmf6IO9KOaXpeS7mCk8L3RkPjwvdHI+PHRyPjx0aCBiZ2NvbG9yPSIjRjRGNEY0IiA+6Ziy5rC0PC90aD48dGQgY29sc3Bhbj0iMiI+5pel5bi455Sf5rS76Ziy5rC0PC90ZD48L3RyPjx0cj48dGggYmdjb2xvcj0iI0Y0RjRGNCIgPue0oOadkDwvdGg+PHRkIGNvbHNwYW49IjIiPuOCueODhuODs+ODrOOCueOAgeODrOOCtuODvOOAgeOCteODleOCoeOCpOODpOOCrOODqeOCuTwvdGQ+PC90cj48dHI+PHRoIGJnY29sb3I9IiNGNEY0RjQiIHJvd3NwYW49IjQiPuOCq+ODqeODvDwvdGg+PHRkIHdpZHRoPSIyNSUiPuaWh+Wtl+ebpDwvdGQ+PHRkPuODluODqeODg+OCrzwvdGQ+PC90cj48dHI+PHRkPuOCseODvOOCuTwvdGQ+PHRkPuOCt+ODq+ODkOODvDwvdGQ+PC90cj48dHI+PHRkPuODmeOCvOODqzwvdGQ+PHRkPuOCt+ODq+ODkOODvDwvdGQ+PC90cj48dHI+PHRkPuODmeODq+ODiDwvdGQ+PHRkPuODluODqeODg+OCrzwvdGQ+PC90cj48dHI+PHRoIGJnY29sb3I9IiNGNEY0RjQiIHJvd3NwYW49IjUiPuOCteOCpOOCujwvdGg+PHRkPuOCseODvOOCuTwvdGQ+PHRkPue0hDQybW0o44Oq44Ol44O844K66Zmk44GPKTwvdGQ+PC90cj48dHI+PHRkPuacrOS9k+WOmuOBlTwvdGQ+PHRkPue0hDdtbTwvdGQ+PC90cj48dHI+PHRkPuiFleWRqOOCijwvdGQ+PHRkPue0hDE2JmVuc3A7JiMxMjMxNjsmZW5zcDsyMGNtPC90ZD48L3RyPjx0cj48dGQ+44OZ44Or44OI5bmFPC90ZD48dGQ+57SEMTkmZW5zcDsmIzEyMzE2OyZlbnNwOzIxbW08L3RkPjwvdHI+PHRyPjx0ZD7ph43jgZU8L3RkPjx0ZD7ntIQ2MGc8L3RkPjwvdHI+PC90YWJsZT48YnI+4pa8PGI+5YKZ6ICDPC9iPjx0YWJsZSB3aWR0aD0iMTAwJSIgY2VsbHNwYWNpbmc9IjYiIGNlbGxwYWRkaW5nPSIwIiBiZ2NvbG9yPSIjRjRGNEY0IiA+PHRyPjx0ZD7oibbjgarjgZco5LiA6YOo6Im244GC44KKKeOBruOCt+ODq+ODkOODvOOCueODhuODs+ODrOOCueOCseODvOOCueODu+iJtuOBguOCiuOBruOCt+ODq+ODkOODvOOCueODhuODs+ODrOOCueODmeOCvOODq+ODu+ODluODqeODg+OCr+aWh+Wtl+ebpOODu+ibjeWFieWhl+aWmeOCkuaWveOBl+OBn+OCt+ODq+ODkOODvOOBruaMh+mHneODu+OCouODqeODk+OCouOCpOODs+ODh+ODg+OCr+OCueODuzEy5pmC5L2N572u44Gr44OW44Op44Oz44OJ44Ot44K044O7NuaZguS9jee9ruOBq+aXpeS7mOihqOekuuODu+ODluODqeODg+OCr+OBrumdqeODmeODq+ODiOODu+eptOeVmeOCgeW8j+ODkOODg+OCr+ODq+ODu+iFleWRqOOCiuiqv+aVtOOBr+e0hDZtbeW5heOBrumWk+malOOBpzfmrrXpmo7lj6/og73jg7vjg5Djg4Pjgq/jg6vpg6jliIbjgIHoo4/ok4vjgavjg5bjg6njg7Pjg4njg63jgrQ8YnIgLz7jgJDlhaXojbfmmYLmnJ/jgavjgojjgorjg5Djg4Pjgq/jg6vjga7ku5Xmp5jjgIHjgoLjgZfjgY/jga/oo4/ok4vjga7pmLLmsLTooajoqJjjgYznlbDjgarjgovloLTlkIjjgYzlvqHluqfjgYTjgb7jgZnjgJE8L3RkPjwvdHI+PC90YWJsZT48YnI+4pa8PGI+5LuY5bGe5ZOBPC9iPjx0YWJsZSB3aWR0aD0iMTAwJSIgY2VsbHNwYWNpbmc9IjUiIGNlbGxwYWRkaW5nPSIwIiAgPjx0cj48dGQ+PGltZyBzcmM9Imh0dHA6Ly9pbWFnZS5yYWt1dGVuLmNvLmpwL2JsdWVrL2NhYmluZXQvYm94L2hhbWlsdG9uYm94LmpwZyIgd2lkdGg9IjEwMCUiID48L3RkPjwvdHI+PHRyPjx0ZD7ilqDjg4/jg5/jg6vjg4jjg7Pjga7ku5jlsZ7lk4HvvJrjg4/jg5/jg6vjg4jjg7Pjga7ku5jlsZ7lk4HvvJrjgq7jg6Pjg6njg7Pjg4bjgqPjg7wo5Zu96Zqb5L+d6Ki85pu4KeOAgeODoeODvOOCq+ODvOe0lOato+ODnOODg+OCr+OCuTxiciAvPuKAu+S7mOWxnuWTgeOBq+mWouOBl+OBpuOBr+WFpeiNt+aZguacn+OBq+OCiOOCiuS7leanmOOBjOeVsOOBquOCi+WPr+iDveaAp+OBjOOBguOCiuOBvuOBmeOAgjwvdGQ+PC90cj48dHI+PHRkPuips+e0sOOBr+OBk+OBoeOCieOCiOOCiuOBlOimp+OBhOOBn+OBoOOBkeOBvuOBmeOAgihQQ+ODmuODvOOCuCk8L3RkPjwvdHI+PC90YWJsZT48IS0t44GC44GZ5qW96KGo6KiYLS0+PGZvbnQgY29sb3I9IiNGRjAwMDAiPjxiPuOBk+OBoeOCieOBr+OAkOOBguOBmealveOAkeWvvuW/nOWVhuWTgeOBp+OBmeOAgjxicj7igLvlubPml6UxM+aZguOBvuOBp+OBruS7o+mHkeW8leaPm+OBp+OBruOBlOazqOaWh+OBjOWvvuixoeOBqOOBquOCiuOBvuOBmeOAgjwvYj48L2ZvbnQ+,44OP44Of44Or44OI44OzIEhhbWlsdG9u44K444Oj44K644Oe44K544K/44O8IOOCt+ODs+ODqeOCpOODsyDjg6Hjg7PjgrogSDM4NTExNzMz77ya44OW44Or44O844Kv44Km44Kp44OD44OB44Kr44Oz44OR44OL44O8,44Ot44Os44OD44Kv44K544Kq44Oh44Ks44OV44Op44Oz44Kv44Of44Ol44Op44O844Km44OW44Ot44OP44Oq44O844Km44Kj44Oz44K544OI44Oz44OP44Of44Or44OI44Oz44Ks44Ks44Of44Op44OO44OW44Or44Ks44Oq44Kw44OD44OB44K844OL44K544Oc44OD44OG44Ks44O044Kn44ON44K/44OX44Op44OA44K344Oj44ON44Or44Or44Kk44O044Kj44OI44Oz44Kv44Ot44Ko44K744Oq44O844OM44OV44Kn44Op44Ks44Oi44Ot44Ko44OZ44Kq44Ot44OT44Ki44Oz44Kz44K144Oz44Ot44O844Op44Oz44OP44Of44Or44OI44OzIEhhbWlsdG9u44K444Oj44K644Oe44K544K/44O8IOOCt+ODs+ODqeOCpOODsyDjg6Hjg7PjgrogSDM4NTExNzMz,W+mAgeaWmeeEoeaWmV1b44GC44GZ5qW9XVvjg4/jg5/jg6vjg4jjg7NdW+aZguioiF3jgILjg4/jg5/jg6vjg4jjg7MgSGFtaWx0b27jgrjjg6Pjgrrjg57jgrnjgr/jg7wg44K344Oz44Op44Kk44OzIOODoeODs+OCuiBIMzg1MTE3MzM=[rn]
16-122092,aHR0cDovL3RzaG9wLnIxMHMuanAvYmx1ZWsvY2FiaW5ldC9ndWNjaS95YTA5MDMxOC5qcGc/Zml0aW49NzAwOjcwMA==,MzM5MjYuNDAwMA==,,6IWV5pmC6KiIID4g44Oh44Oz44K66IWV5pmC6KiI,44Kw44OD44OBIEdVQ0NJIDkwNDUg44Oh44Oz44K6IFlBMDkwMzE4,W+mAgeaWmeeEoeaWmV1b44GC44GZ5qW9XVvjgrDjg4Pjg4FdW+aZguioiF0=,PHRhYmxlIHdpZHRoPSIxMDAlIj48dHIgYmdjb2xvcj0iI2NkMDAyNSIgaGVpZ2h0PSI2MCI+PHRkPjxpbWcgc3JjPSJodHRwOi8vd3d3LnJha3V0ZW4ubmUuanAvZ29sZC9ibHVlay9zZWFyY2gvaW1nL3NhbGVfZ3VjY2kuZ2lmIiB3aWR0aD0iMTAwJSI+PC90ZD48L3RyPjx0cj48dGQ+PC90ZD48L3RyPjwvdGFibGU+PHRhYmxlIHdpZHRoPSIxMDAlIiAgYmdjb2xvcj0iIzAxNDA5OSI+PHRyPjx0ZD48L3RkPjwvdHI+PC90YWJsZT48dGFibGUgd2lkdGg9IjEwMCUiIGNlbGxzcGFjaW5nPSI2IiBjZWxscGFkZGluZz0iMCIgYmdjb2xvcj0iI0Y0RjRGNCIgPjx0cj48dGg+PGI+44Kq44O844K744Oz44OG44Kj44OD44Kv44Gq44K344Or44OQ44O844Kw44OD44OBPC9iPjwvdGg+PC90cj48dHI+PHRkPuODkOODvOOCpOODs+ODh+ODg+OCr+OCueOBruOCt+ODq+ODkOODvOODgOOCpOODpOODq+OBq+OAgeiJtuOBguOCiuOBruOCt+ODq+ODkOODvOODmeOCvOODq+OBqOiJtuOBquOBl+OCueODhuODs+ODrOOCueOCseODvOOCueOBrue1hOOBv+WQiOOCj+OBm+OBjOimi+S6i+OBq+iqv+WSjOOBl+OBn+awl+WTgeOBruOBguOCi+ODouODh+ODq+OBp+OBmeOAguODmeOCvOODq+OBruS4iuS4i+W3puWPszTjg7bmiYDjgavmlr3jgZXjgozjgZ/jgrDjg4Pjg4HjgpLosaHlvrTjgZnjgotHR+ODnuODvOOCr+OBjOOAgeOBleOCiuOBkuOBquOBhOOCouOCr+OCu+ODs+ODiOOBq+OBquOCiuOAgTbmmYLkvY3nva7jgavjga/lrp/nlKjnmoTjgarml6Xku5jmqZ/og73jgoLmkK3ovInjgILjgqrjg7zjg6vjg57jgqTjg4bjgqPjgarooajmg4Xjga7jgrfjg7Pjg5fjg6vjgarjgrfjg6vjg5Djg7zjgqbjgqnjg4Pjg4Hjga/jgIHjg5fjg6zjgrzjg7Pjg4jjgavjgoLmnIDpganjgafjgZnjgII8L3RkPjwvdHI+PC90YWJsZT48dGFibGUgd2lkdGg9IjEwMCUiIGNlbGxzcGFjaW5nPSI2IiBjZWxscGFkZGluZz0iMCIgYmdjb2xvcj0iI0Y0RjRGNCIgPjx0cj48dGQ+4pa8PGI+MzYwwrBST0xMIFZJRVc8L2I+PC90ZD48L3RyPjx0cj48dGQ+PGltZyBzcmM9Imh0dHA6Ly9pbWFnZS5yYWt1dGVuLmNvLmpwL2JsdWVrL2NhYmluZXQvMjAxMzA1XzM2MC95YTA5MDMxOC5naWYiIHdpZHRoPSIxMDAlIiBhbHQ9InJvbGxfdmlldyIgLz48L3RkPjwvdHI+PGJyIC8+PHRyPjx0ZD48aW1nIHNyYz0iaHR0cDovL2ltYWdlLnJha3V0ZW4uY28uanAvYmx1ZWsvY2FiaW5ldC9ndWNjaV9tb2RlbC95YTA5MDMxOG0uanBnIiB3aWR0aD0iMTAwJSI+PGJyIC8+PC90ZD48L3RyPjwvdGFibGU+PGJyPuKWvDxiPuOCueODmuODg+OCrzwvYj48dGFibGUgd2lkdGg9IjEwMCUiIGJvcmRlcj0iMSIgYm9yZGVyY29sb3I9IiNjY2MiIGNlbGxzcGFjaW5nPSIwIiBjZWxscGFkZGluZz0iNSI+PHRyPjx0aCBiZ2NvbG9yPSIjRjRGNEY0IiB3aWR0aD0iMzUlIj7jg6Hjg7zjgqvjg7zlk4Hnlao8L3RoPjx0ZCBjb2xzcGFuPSIyIj5ZQTA5MDMxODwvdGQ+PC90cj48dHI+PHRoIGJnY29sb3I9IiNGNEY0RjQiID7jg6Djg7zjg5bjg6Hjg7Pjg4g8L3RoPjx0ZCBjb2xzcGFuPSIyIj7jgq/jgqrjg7zjg4Q8L3RkPjwvdHI+PHRyPjx0aCBiZ2NvbG9yPSIjRjRGNEY0IiA+5qmf6IO9PC90aD48dGQgY29sc3Bhbj0iMiI+44Kr44Os44Oz44OA44O85qmf6IO9KOaXpeS7mCk8L3RkPjwvdHI+PHRyPjx0aCBiZ2NvbG9yPSIjRjRGNEY0IiA+6Ziy5rC0PC90aD48dGQgY29sc3Bhbj0iMiI+5pel5bi455Sf5rS76Ziy5rC0PC90ZD48L3RyPjx0cj48dGggYmdjb2xvcj0iI0Y0RjRGNCIgPue0oOadkDwvdGg+PHRkIGNvbHNwYW49IjIiPuOCueODhuODs+ODrOOCueOAgeOCteODleOCoeOCpOODpOOCrOODqeOCuTwvdGQ+PC90cj48dHI+PHRoIGJnY29sb3I9IiNGNEY0RjQiIHJvd3NwYW49IjQiPuOCq+ODqeODvDwvdGg+PHRkIHdpZHRoPSIyNSUiPuaWh+Wtl+ebpDwvdGQ+PHRkPuOCt+ODq+ODkOODvDwvdGQ+PC90cj48dHI+PHRkPuOCseODvOOCuTwvdGQ+PHRkPuOCt+ODq+ODkOODvDwvdGQ+PC90cj48dHI+PHRkPuODmeOCvOODqzwvdGQ+PHRkPuOCt+ODq+ODkOODvDwvdGQ+PC90cj48dHI+PHRkPuODmeODq+ODiDwvdGQ+PHRkPuOCt+ODq+ODkOODvDwvdGQ+PC90cj48dHI+PHRoIGJnY29sb3I9IiNGNEY0RjQiIHJvd3NwYW49IjUiPuOCteOCpOOCujwvdGg+PHRkPuOCseODvOOCuTwvdGQ+PHRkPue0hDM1bW0o44Oq44Ol44O844K66Zmk44GPKTwvdGQ+PC90cj48dHI+PHRkPuacrOS9k+WOmuOBlTwvdGQ+PHRkPue0hDhtbTwvdGQ+PC90cj48dHI+PHRkPuiFleWRqOOCijwvdGQ+PHRkPue0hDE1JmVuc3A7JiMxMjMxNjsmZW5zcDsxOWNtPC90ZD48L3RyPjx0cj48dGQ+44OZ44Or44OI5bmFPC90ZD48dGQ+57SEMTcmZW5zcDsmIzEyMzE2OyZlbnNwOzE5bW08L3RkPjwvdHI+PHRyPjx0ZD7ph43jgZU8L3RkPjx0ZD7ntIQxMjBnPC90ZD48L3RyPjwvdGFibGU+PGJyPuKWvDxiPuWCmeiAgzwvYj48dGFibGUgd2lkdGg9IjEwMCUiIGNlbGxzcGFjaW5nPSI2IiBjZWxscGFkZGluZz0iMCIgYmdjb2xvcj0iI0Y0RjRGNCIgPjx0cj48dGQ+6Im244Gq44GX44Gu44K344Or44OQ44O844K544OG44Oz44Os44K544Kx44O844K544O76Im244GC44KK44Gu44K344Or44OQ44O844K544OG44Oz44Os44K544OZ44K844Or44O744K344Or44OQ44O85paH5a2X55uk44O744K344Or44OQ44O844Gu5oyH6Yed44O744OQ44O844Kk44Oz44OH44OD44Kv44K544O7MTLmmYLkvY3nva7jgavjg5bjg6njg7Pjg4njg63jgrTjg7s25pmC5L2N572u44Gr5pel5LuY6KGo56S644O76Im244GC44KK44Go6Im244Gq44GX44K344Or44OQ44O844K544OG44Oz44Os44K544KS57WE44G/5ZCI44KP44Gb44Gf44OW44Os44K544O744OX44OD44K344Ol5byP44Gu5Lih6ZaL44GN44OQ44OD44Kv44Or44O744Oq44Ol44O844K644Ks44O844OJ44O744OQ44OD44Kv44Or6YOo5YiG44CB6KOP6JOL44Gr44OW44Op44Oz44OJ44Ot44K044O76KOP6JOL44Gr44K344Oq44Ki44Or44OK44Oz44OQ44O8PC90ZD48L3RyPjwvdGFibGU+PGJyPuKWvDxiPuS7mOWxnuWTgTwvYj48dGFibGUgd2lkdGg9IjEwMCUiIGNlbGxzcGFjaW5nPSI1IiBjZWxscGFkZGluZz0iMCIgID48dHI+PHRkPjxpbWcgc3JjPSJodHRwOi8vaW1hZ2UucmFrdXRlbi5jby5qcC9ibHVlay9jYWJpbmV0L2JveC9ndWNjaWJveC5qcGciIHdpZHRoPSIxMDAlIiA+PC90ZD48L3RyPjx0cj48dGQ+4pag44Kw44OD44OB44Gu5LuY5bGe5ZOB77ya44Kw44OD44OB44Gu5LuY5bGe5ZOB77ya44Ku44Oj44Op44Oz44OG44Kj44O8KOWbvemam+S/neiovOabuCnjgIHjg6Hjg7zjgqvjg7zntJTmraPjg5zjg4Pjgq/jgrnjgIHoqqzmmI7mm7g8YnIgLz7igLvjg5zjg4Pjgq/jgrnjgIHjgq7jg6Pjg6njg7Pjg4bjgqPjg7zjgarjganjga7ku5jlsZ7lk4HjgavplqLjgZfjgabjga/lhaXojbfmmYLmnJ/jgavjgojjgorku5Xmp5jjgYznlbDjgarjgovlj6/og73mgKfjgYzjgYLjgorjgb7jgZnjgII8L3RkPjwvdHI+PHRyPjx0ZD7oqbPntLDjga/jgZPjgaHjgonjgojjgorjgZTopqfjgYTjgZ/jgaDjgZHjgb7jgZnjgIIoUEPjg5rjg7zjgrgpPC90ZD48L3RyPjwvdGFibGU+PCEtLeOBguOBmealveihqOiomC0tPjxmb250IGNvbG9yPSIjRkYwMDAwIj48Yj7jgZPjgaHjgonjga/jgJDjgYLjgZnmpb3jgJHlr77lv5zllYblk4HjgafjgZnjgII8YnI+4oC75bmz5pelMTPmmYLjgb7jgafjga7ku6Pph5HlvJXmj5vjgafjga7jgZTms6jmlofjgYzlr77osaHjgajjgarjgorjgb7jgZnjgII8L2I+PC9mb250Pg==,44Kw44OD44OBIEdVQ0NJIDkwNDUg44Oh44Oz44K6IFlBMDkwMzE477ya44OW44Or44O844Kv44Km44Kp44OD44OB44Kr44Oz44OR44OL44O8,44Ot44Os44OD44Kv44K544Kq44Oh44Ks44OV44Op44Oz44Kv44Of44Ol44Op44O844Km44OW44Ot44OP44Oq44O844Km44Kj44Oz44K544OI44Oz44OP44Of44Or44OI44Oz44Ks44Ks44Of44Op44OO44OW44Or44Ks44Oq44Kw44OD44OB44K844OL44K544Oc44OD44OG44Ks44O044Kn44ON44K/44OX44Op44OA44K344Oj44ON44Or44Or44Kk44O044Kj44OI44Oz44Kv44Ot44Ko44K744Oq44O844OM44OV44Kn44Op44Ks44Oi44Ot44Ko44OZ44Kq44Ot44OT44Ki44Oz44Kz44K144Oz44Ot44O844Op44Oz44Kw44OD44OBIEdVQ0NJIDkwNDUg44Oh44Oz44K6IFlBMDkwMzE4,W+mAgeaWmeeEoeaWmV1b44GC44GZ5qW9XVvjgrDjg4Pjg4FdW+aZguioiF3jgILjgrDjg4Pjg4EgR1VDQ0kgOTA0NSDjg6Hjg7PjgrogWUEwOTAzMTg=[rn]
16-122093,aHR0cDovL3RzaG9wLnIxMHMuanAvYmx1ZWsvY2FiaW5ldC9yYWRvL2poMDI3NDcwMDAwLmpwZz9maXRpbj03MDA6NzAw,NjA1OTIuODAwMA==,,6IWV5pmC6KiIID4g44Oh44Oz44K66IWV5pmC6KiI,44Om44Oz44OP44Oz44K5IEpVTkdIQU5TIOODnuODg+OCr+OCueODk+ODqyDjg6Hjg7PjgrogMDI3LzQ3MDAuMDA=,W+mAgeaWmeeEoeaWmV1b44GC44GZ5qW9XVvjg6bjg7Pjg4/jg7PjgrldW+aZguioiF0=,PHRhYmxlIHdpZHRoPSIxMDAlIj48dHIgYmdjb2xvcj0iI2NkMDAyNSIgaGVpZ2h0PSI2MCI+PHRkPjxpbWcgc3JjPSJodHRwOi8vd3d3LnJha3V0ZW4ubmUuanAvZ29sZC9ibHVlay9zZWFyY2gvaW1nL3NhbGVfanVuZ2hhbnMuZ2lmIiB3aWR0aD0iMTAwJSI+PC90ZD48L3RyPjx0cj48dGQ+PC90ZD48L3RyPjwvdGFibGU+PHRhYmxlIHdpZHRoPSIxMDAlIiAgYmdjb2xvcj0iIzAxNDA5OSI+PHRyPjx0ZD48L3RkPjwvdHI+PC90YWJsZT48dGFibGUgd2lkdGg9IjEwMCUiIGNlbGxzcGFjaW5nPSI2IiBjZWxscGFkZGluZz0iMCIgYmdjb2xvcj0iI0Y0RjRGNCIgPjx0cj48dGg+PGI+44OQ44Km44OP44Km44K55pyA5b6M44Gu5beo5Yyg44Gr44KI44KL5YKR5L2c44Km44Kp44OD44OBPC9iPjwvdGg+PC90cj48dHI+PHRkPui/keS7o+ODouODgOODs+ODh+OCtuOCpOODs+OBruWfuuekjuOCkuevieOBhOOBn+ODnuODg+OCr+OCueODu+ODk+ODq+OBq+OCiOOCi+OCt+ODs+ODl+ODq+OBquODh+OCtuOCpOODs+OBqOODieODvOODoOOCt+OCp+OCpOODl+miqOmYsuOBjOODrOODiOODreOBqua4qeOCguOCiuS8neOBiOOCizM444Of44Oq6Ieq5YuV5be744GN44Oi44OH44Or44Gn44GZ44CC44Kx44O844K544Go44OA44Kk44Ok44Or44Gu44K344Or44OQ44O844Gr44CB44OW44Op44OD44Kv44Os44K244O844OZ44Or44OI44KS57WE44G/5ZCI44KP44Gb44Gf44OH44K244Kk44Oz44KC44K344OD44Kv44Gq5LuV5LiK44GM44KK44CC44OA44Kk44Ok44OrM+aZguS9jee9ruOBq+OBr+OCouODqeODk+OCouaVsOWtl+OCpOODs+ODh+ODg+OCr+OCueOBqOimi+S6i+OBq+mAo+WLleOBleOBm+OBn+aXpeS7mOeqk+OCkuWCmeOBiOOBpuWujOeSp+OBque+juOBl+OBleOCkuimi+OBm+OBvuOBmeOAgjwvdGQ+PC90cj48L3RhYmxlPjx0YWJsZSB3aWR0aD0iMTAwJSIgY2VsbHNwYWNpbmc9IjYiIGNlbGxwYWRkaW5nPSIwIiBiZ2NvbG9yPSIjRjRGNEY0IiA+PHRyPjx0ZD7ilrw8Yj4zNjDCsFJPTEwgVklFVzwvYj48L3RkPjwvdHI+PHRyPjx0ZD48aW1nIHNyYz0iaHR0cDovL2ltYWdlLnJha3V0ZW4uY28uanAvYmx1ZWsvY2FiaW5ldC8yMDEyMDZfMzYwL2poMDI3NDcwMDAwLmdpZiIgd2lkdGg9IjEwMCUiIGFsdD0icm9sbF92aWV3IiAvPjwvdGQ+PC90cj48YnIgLz48dHI+PHRkPjxpbWcgc3JjPSJodHRwOi8vaW1hZ2UucmFrdXRlbi5jby5qcC9ibHVlay9jYWJpbmV0L3JhZG9fbW9kZWwvamgwMjc0NzAwMDBtLmpwZyIgd2lkdGg9IjEwMCUiPjxiciAvPjwvdGQ+PC90cj48L3RhYmxlPjxicj7ilrw8Yj7jgrnjg5rjg4Pjgq88L2I+PHRhYmxlIHdpZHRoPSIxMDAlIiBib3JkZXI9IjEiIGJvcmRlcmNvbG9yPSIjY2NjIiBjZWxsc3BhY2luZz0iMCIgY2VsbHBhZGRpbmc9IjUiPjx0cj48dGggYmdjb2xvcj0iI0Y0RjRGNCIgd2lkdGg9IjM1JSI+44Oh44O844Kr44O85ZOB55WqPC90aD48dGQgY29sc3Bhbj0iMiI+MDI3LzQ3MDAuMDA8L3RkPjwvdHI+PHRyPjx0aCBiZ2NvbG9yPSIjRjRGNEY0IiA+44Og44O844OW44Oh44Oz44OIPC90aD48dGQgY29sc3Bhbj0iMiI+6Ieq5YuV5be744GNPC90ZD48L3RyPjx0cj48dGggYmdjb2xvcj0iI0Y0RjRGNCIgPuapn+iDvTwvdGg+PHRkIGNvbHNwYW49IjIiPuOCq+ODrOODs+ODgOODvOapn+iDvSjml6Xku5gpPC90ZD48L3RyPjx0cj48dGggYmdjb2xvcj0iI0Y0RjRGNCIgPumYsuawtDwvdGg+PHRkIGNvbHNwYW49IjIiPumYsuaxlzwvdGQ+PC90cj48dHI+PHRoIGJnY29sb3I9IiNGNEY0RjQiID7ntKDmnZA8L3RoPjx0ZCBjb2xzcGFuPSIyIj7jgrnjg4bjg7Pjg6zjgrnjgIHjg6zjgrbjg7zjgIHjg5fjg6zjgq3jgrfjgqzjg6njgrk8L3RkPjwvdHI+PHRyPjx0aCBiZ2NvbG9yPSIjRjRGNEY0IiByb3dzcGFuPSI0Ij7jgqvjg6njg7w8L3RoPjx0ZCB3aWR0aD0iMjUlIj7mloflrZfnm6Q8L3RkPjx0ZD7jgrfjg6vjg5Djg7w8L3RkPjwvdHI+PHRyPjx0ZD7jgrHjg7zjgrk8L3RkPjx0ZD7jgrfjg6vjg5Djg7w8L3RkPjwvdHI+PHRyPjx0ZD7jg5njgrzjg6s8L3RkPjx0ZD7jgrfjg6vjg5Djg7w8L3RkPjwvdHI+PHRyPjx0ZD7jg5njg6vjg4g8L3RkPjx0ZD7jg5bjg6njg4Pjgq88L3RkPjwvdHI+PHRyPjx0aCBiZ2NvbG9yPSIjRjRGNEY0IiByb3dzcGFuPSI1Ij7jgrXjgqTjgro8L3RoPjx0ZD7jgrHjg7zjgrk8L3RkPjx0ZD7ntIQzOG1tKOODquODpeODvOOCuumZpOOBjyk8L3RkPjwvdHI+PHRyPjx0ZD7mnKzkvZPljprjgZU8L3RkPjx0ZD7ntIQxMG1tPC90ZD48L3RyPjx0cj48dGQ+6IWV5ZGo44KKPC90ZD48dGQ+57SEMTYuNSZlbnNwOyYjMTIzMTY7JmVuc3A7MjAuNWNtPC90ZD48L3RyPjx0cj48dGQ+44OZ44Or44OI5bmFPC90ZD48dGQ+57SEMTgmZW5zcDsmIzEyMzE2OyZlbnNwOzIwbW08L3RkPjwvdHI+PHRyPjx0ZD7ph43jgZU8L3RkPjx0ZD7ntIQ0NWc8L3RkPjwvdHI+PC90YWJsZT48YnI+4pa8PGI+5YKZ6ICDPC9iPjx0YWJsZSB3aWR0aD0iMTAwJSIgY2VsbHNwYWNpbmc9IjYiIGNlbGxwYWRkaW5nPSIwIiBiZ2NvbG9yPSIjRjRGNEY0IiA+PHRyPjx0ZD7oibbjgYLjgorjga7jgrfjg6vjg5Djg7zjgrnjg4bjg7Pjg6zjgrnjgrHjg7zjgrnjg7voibbjgYLjgorjga7jgrfjg6vjg5Djg7zjgrnjg4bjg7Pjg6zjgrnjg5njgrzjg6vjg7vjgrfjg6vjg5Djg7zmloflrZfnm6Tjg7vom43lhYnloZfmlpnjgpLmlr3jgZfjgZ/jgrfjg6vjg5Djg7zjga7mjIfph53jg7vjgqLjg6njg5PjgqLjgqTjg7Pjg4fjg4Pjgq/jgrnjg7sxMuaZguS9jee9ruOBq+ODluODqeODs+ODieODreOCtOODuzPmmYLkvY3nva7jgavml6Xku5jooajnpLrjg7vjg5bjg6njg4Pjgq/jga7pnanjg5njg6vjg4jjg7vnqbTnlZnjgoHlvI/jg5Djg4Pjgq/jg6vjg7vohZXlkajjgoroqr/mlbTjga/ntIQ2bW3luYXjga7plpPpmpTjgac45q616ZqO5Y+v6IO944O76KOP6JOL44Gr44OW44Op44Oz44OJ44Ot44K044Go44K344Oq44Ki44Or44OK44Oz44OQ44O8PC90ZD48L3RyPjwvdGFibGU+PGJyPuKWvDxiPuS7mOWxnuWTgTwvYj48dGFibGUgd2lkdGg9IjEwMCUiIGNlbGxzcGFjaW5nPSI1IiBjZWxscGFkZGluZz0iMCIgID48dHI+PHRkPjxpbWcgc3JjPSJodHRwOi8vaW1hZ2UucmFrdXRlbi5jby5qcC9ibHVlay9jYWJpbmV0L2JveC9qdW5naGFuc2JveC5qcGciIHdpZHRoPSIxMDAlIiA+PC90ZD48L3RyPjx0cj48dGQ+4pag44Om44Oz44OP44Oz44K544Gu5LuY5bGe5ZOB77ya44Om44Oz44OP44Oz44K544Gu5LuY5bGe5ZOB77ya44Ku44Oj44Op44Oz44OG44Kj44O8KOWbvemam+S/neiovOabuCnjgIHjg6Hjg7zjgqvjg7zntJTmraPjg5zjg4Pjgq/jgrnjgIHoqqzmmI7mm7jjgIHkv53oqLzmm7g8YnIgLz7igLvjg5zjg4Pjgq/jgrnjgIHjgq7jg6Pjg6njg7Pjg4bjgqPjg7zjgarjganjga7ku5jlsZ7lk4HjgavplqLjgZfjgabjga/lhaXojbfmmYLmnJ/jgavjgojjgorku5Xmp5jjgYznlbDjgarjgovlj6/og73mgKfjgYzjgYLjgorjgb7jgZnjgII8L3RkPjwvdHI+PHRyPjx0ZD7oqbPntLDjga/jgZPjgaHjgonjgojjgorjgZTopqfjgYTjgZ/jgaDjgZHjgb7jgZnjgIIoUEPjg5rjg7zjgrgpPC90ZD48L3RyPjwvdGFibGU+PCEtLeOBguOBmealveihqOiomC0tPjxmb250IGNvbG9yPSIjRkYwMDAwIj48Yj7jgZPjgaHjgonjga/jgJDjgYLjgZnmpb3jgJHlr77lv5zllYblk4HjgafjgZnjgII8YnI+4oC75bmz5pelMTPmmYLjgb7jgafjga7ku6Pph5HlvJXmj5vjgafjga7jgZTms6jmlofjgYzlr77osaHjgajjgarjgorjgb7jgZnjgII8L2I+PC9mb250Pg==,44Om44Oz44OP44Oz44K5IEpVTkdIQU5TIOODnuODg+OCr+OCueODk+ODqyDjg6Hjg7PjgrogMDI3LzQ3MDAuMDDvvJrjg5bjg6vjg7zjgq/jgqbjgqnjg4Pjg4Hjgqvjg7Pjg5Hjg4vjg7w=,44Ot44Os44OD44Kv44K544Kq44Oh44Ks44OV44Op44Oz44Kv44Of44Ol44Op44O844Km44OW44Ot44OP44Oq44O844Km44Kj44Oz44K544OI44Oz44OP44Of44Or44OI44Oz44Ks44Ks44Of44Op44OO44OW44Or44Ks44Oq44Kw44OD44OB44K844OL44K544Oc44OD44OG44Ks44O044Kn44ON44K/44OX44Op44OA44K344Oj44ON44Or44Or44Kk44O044Kj44OI44Oz44Kv44Ot44Ko44K744Oq44O844OM44OV44Kn44Op44Ks44Oi44Ot44Ko44OZ44Kq44Ot44OT44Ki44Oz44Kz44K144Oz44Ot44O844Op44Oz44Om44Oz44OP44Oz44K5IEpVTkdIQU5TIOODnuODg+OCr+OCueODk+ODqyDjg6Hjg7PjgrogMDI3LzQ3MDAuMDA=,W+mAgeaWmeeEoeaWmV1b44GC44GZ5qW9XVvjg6bjg7Pjg4/jg7PjgrldW+aZguioiF3jgILjg6bjg7Pjg4/jg7PjgrkgSlVOR0hBTlMg44Oe44OD44Kv44K544OT44OrIOODoeODs+OCuiAwMjcvNDcwMC4wMA==[rn]
16-122094,aHR0cDovL3RzaG9wLnIxMHMuanAvYmx1ZWsvY2FiaW5ldC9pd2MvaXczNTY1MDEuanBnP2ZpdGluPTcwMDo3MDA=,Mjc3Nzc4LjQwMDA=,,6IWV5pmC6KiIID4g44Oh44Oz44K66IWV5pmC6KiI,SVdDIOODneODvOODiOODleOCo+ODjiDjgqLjg6rjgrLjg7zjgr/jg7zjg6zjgrbjg7wg44Oh44Oz44K6IElXMzU2NTAx,W+mAgeaWmeeEoeaWmV1b44GC44GZ5qW9XVtJV0NdW+aZguioiF0=,PHRhYmxlIHdpZHRoPSIxMDAlIj48dHIgYmdjb2xvcj0iI2NkMDAyNSIgaGVpZ2h0PSI2MCI+PHRkPjxpbWcgc3JjPSJodHRwOi8vd3d3LnJha3V0ZW4ubmUuanAvZ29sZC9ibHVlay9zZWFyY2gvaW1nL3NhbGVfYWxsLmdpZiIgd2lkdGg9IjEwMCUiPjwvdGQ+PC90cj48dHI+PHRkPjwvdGQ+PC90cj48L3RhYmxlPjx0YWJsZSB3aWR0aD0iMTAwJSIgIGJnY29sb3I9IiMwMTQwOTkiPjx0cj48dGQ+PC90ZD48L3RyPjwvdGFibGU+PHRhYmxlIHdpZHRoPSIxMDAlIiBjZWxsc3BhY2luZz0iNiIgY2VsbHBhZGRpbmc9IjAiIGJnY29sb3I9IiNGNEY0RjQiID48dHI+PHRoPjxiPuOCteODs+ODiOODvOODi+ekvuijveODmeODq+ODiOOBiua0kuiQveOBquODneODvOODiOODleOCo+ODjjwvYj48L3RoPjwvdHI+PHRyPjx0ZD7jgqTjgr/jg6rjgqLjga7lsI/jgZXjgarmuK/nlLrjgIHjg53jg7zjg4jjg5XjgqPjg47jgILjgZPjga7poqjlhYnmmI7lqprjgarloLTmiYDjgavjga/otIXmsqLjgafjgYrmtJLokL3jgarlnLDkuK3mtbflvI/jgrnjgr/jgqTjg6vjgpLmpb3jgZfjgoDjgrvjg6zjg5bjg6rjg4bjgqPjgYzkuJbnlYzkuK3jgYvjgonpm4bjgYTjgb7jgZnjgILjgZ3jga7lkI3jgpLlhqDjgZfjgZ/jgZPjga7jgr/jgqTjg6Djg5Tjg7zjgrnjga/jgq/jg6njgrfjg4Pjgq/jgYvjgaTjgrfjg7Pjg5fjg6vjgarooajmg4Xjgajpq5jntJrjg6rjgr7jg7zjg4jlnLDjga7lhKrpm4XjgZXjgpLlh53nuK7jgZfjgZ/jgqjjg6zjgqzjg7Pjg4jjgarkvYfjgb7jgYTjgYzprYXlipvjgILkuK3jgafjgoLljprjgZU544Of44Oq44Gu6JaE5Z6L44Kx44O844K544GM6KOF552A5oSf44Gr5YSq44KM44KL44GT44GuNDDjg5/jg6roh6rli5Xlt7vjgY3jg6Ljg4fjg6vjga/lhYnmsqLjgrHjg7zjgrnjgajjg4DjgqTjg6Tjg6vjgpLjgrfjg6vjg5Djg7zjgafniL3jgoTjgYvjgavjgb7jgajjgoHjgIHjg5bjg6njg4Pjgq/jgqLjg6rjgrLjg7zjgr/jg7zjg5njg6vjg4jjgpLlkIjjgo/jgZvjgZ/moLzoqr/pq5jjgYTjg4fjgrbjgqTjg7PjgYzopovkuovjgILjg5njg6vjg4jjgavjga/pq5jntJrntLPlo6vpnbTjg5bjg6njg7Pjg4njgafnn6XjgonjgozjgovjgqTjgr/jg6rjgqLjgrXjg7Pjg4jjg7zjg4vnpL7oo73jgYzmjqHnlKjjgZXjgozjgIHkuIDjgaTjgbLjgajjgaTjg4/jg7Pjg4njg6HjgqTjg4njgafkuLnlv7Xjgavku5XkuIrjgZLjgonjgozjgZ/jg6zjgrbjg7zjga/jgIHntYzlubTjgajlhbHjgavogozjgavjgarjgZjjgpPjgafjgYTjgaPjgZ3jgYbmhJvnnYDjgYzmt7Hjgb7jgorjgb7jgZnjgII8L3RkPjwvdHI+PC90YWJsZT48dGFibGUgd2lkdGg9IjEwMCUiIGNlbGxzcGFjaW5nPSI2IiBjZWxscGFkZGluZz0iMCIgYmdjb2xvcj0iI0Y0RjRGNCIgPjx0cj48dGQ+4pa8PGI+MzYwwrBST0xMIFZJRVc8L2I+PC90ZD48L3RyPjx0cj48dGQ+PGltZyBzcmM9Imh0dHA6Ly9pbWFnZS5yYWt1dGVuLmNvLmpwL2JsdWVrL2NhYmluZXQvMjAxNjAyXzM2MC9pdzM1NjUwMS5naWYiIHdpZHRoPSIxMDAlIiBhbHQ9InJvbGxfdmlldyIgLz48L3RkPjwvdHI+PGJyIC8+PHRyPjx0ZD48aW1nIHNyYz0iaHR0cDovL2ltYWdlLnJha3V0ZW4uY28uanAvYmx1ZWsvY2FiaW5ldC9pd2NfbW9kZWwvaXczNTY1MDFtLmpwZyIgd2lkdGg9IjEwMCUiPjxiciAvPjwvdGQ+PC90cj48L3RhYmxlPjxicj7ilrw8Yj7jgrnjg5rjg4Pjgq88L2I+PHRhYmxlIHdpZHRoPSIxMDAlIiBib3JkZXI9IjEiIGJvcmRlcmNvbG9yPSIjY2NjIiBjZWxsc3BhY2luZz0iMCIgY2VsbHBhZGRpbmc9IjUiPjx0cj48dGggYmdjb2xvcj0iI0Y0RjRGNCIgd2lkdGg9IjM1JSI+44Oh44O844Kr44O85ZOB55WqPC90aD48dGQgY29sc3Bhbj0iMiI+SVczNTY1MDE8L3RkPjwvdHI+PHRyPjx0aCBiZ2NvbG9yPSIjRjRGNEY0IiA+44Og44O844OW44Oh44Oz44OIPC90aD48dGQgY29sc3Bhbj0iMiI+6Ieq5YuV5be744GNPC90ZD48L3RyPjx0cj48dGggYmdjb2xvcj0iI0Y0RjRGNCIgPuapn+iDvTwvdGg+PHRkIGNvbHNwYW49IjIiPuOCq+ODrOODs+ODgOODvOapn+iDvSjml6Xku5gpPC90ZD48L3RyPjx0cj48dGggYmdjb2xvcj0iI0Y0RjRGNCIgPumYsuawtDwvdGg+PHRkIGNvbHNwYW49IjIiPuaXpeW4uOeUn+a0u+mYsuawtDwvdGQ+PC90cj48dHI+PHRoIGJnY29sb3I9IiNGNEY0RjQiID7ntKDmnZA8L3RoPjx0ZCBjb2xzcGFuPSIyIj7jgrnjg4bjg7Pjg6zjgrnjgIHjgqLjg6rjgrLjg7zjgr/jg7zjg6zjgrbjg7zjgIHjgrXjg5XjgqHjgqTjg6Tjgqzjg6njgrk8L3RkPjwvdHI+PHRyPjx0aCBiZ2NvbG9yPSIjRjRGNEY0IiByb3dzcGFuPSI0Ij7jgqvjg6njg7w8L3RoPjx0ZCB3aWR0aD0iMjUlIj7mloflrZfnm6Q8L3RkPjx0ZD7jgrfjg6vjg5Djg7w8L3RkPjwvdHI+PHRyPjx0ZD7jgrHjg7zjgrk8L3RkPjx0ZD7jgrfjg6vjg5Djg7w8L3RkPjwvdHI+PHRyPjx0ZD7jg5njgrzjg6s8L3RkPjx0ZD7jgrfjg6vjg5Djg7w8L3RkPjwvdHI+PHRyPjx0ZD7jg5njg6vjg4g8L3RkPjx0ZD7jg5bjg6njg4Pjgq88L3RkPjwvdHI+PHRyPjx0aCBiZ2NvbG9yPSIjRjRGNEY0IiByb3dzcGFuPSI1Ij7jgrXjgqTjgro8L3RoPjx0ZD7jgrHjg7zjgrk8L3RkPjx0ZD7ntIQ0MG1tKOODquODpeODvOOCuumZpOOBjyk8L3RkPjwvdHI+PHRyPjx0ZD7mnKzkvZPljprjgZU8L3RkPjx0ZD7ntIQ5bW08L3RkPjwvdHI+PHRyPjx0ZD7ohZXlkajjgoo8L3RkPjx0ZD7ntIQxNyZlbnNwOyYjMTIzMTY7JmVuc3A7MjFjbTwvdGQ+PC90cj48dHI+PHRkPuODmeODq+ODiOW5hTwvdGQ+PHRkPue0hDE3JmVuc3A7JiMxMjMxNjsmZW5zcDsyMG1tPC90ZD48L3RyPjx0cj48dGQ+6YeN44GVPC90ZD48dGQ+57SENjBnPC90ZD48L3RyPjwvdGFibGU+PGJyPuKWvDxiPuWCmeiAgzwvYj48dGFibGUgd2lkdGg9IjEwMCUiIGNlbGxzcGFjaW5nPSI2IiBjZWxscGFkZGluZz0iMCIgYmdjb2xvcj0iI0Y0RjRGNCIgPjx0cj48dGQ+6Im244GC44KK44Gu44K344Or44OQ44O844K544OG44Oz44Os44K544Kx44O844K544O76Im244GC44KK44Gu44K344Or44OQ44O844K544OG44Oz44Os44K544OZ44K844Or44O744K344Or44OQ44O85paH5a2X55uk44O744K344Or44OQ44O844Gu5oyH6Yed44O744Ot44O844Oe44Oz44Go44OQ44O844Kk44Oz44OH44OD44Kv44K544O7MTLmmYLkvY3nva7jgavjg5bjg6njg7Pjg4njg63jgrTjg7sz5pmC5L2N572u44Gr5pel5LuY6KGo56S644O744OW44Op44OD44Kv44Gu6Z2p44OZ44Or44OI44O756m055WZ44KB5byP44OQ44OD44Kv44Or44O76IWV5ZGo44KK6Kq/5pW044Gv57SENm1t5bmF44Gu6ZaT6ZqU44GnN+autemajuWPr+iDveODu+ODkOODg+OCr+ODq+mDqOWIhuOAgeijj+iTi+OBq+ODluODqeODs+ODieODreOCtOODu+ijj+iTi+OBq+OCt+ODquOCouODq+ODiuODs+ODkOODvDwvdGQ+PC90cj48L3RhYmxlPjxicj7ilrw8Yj7ku5jlsZ7lk4E8L2I+PHRhYmxlIHdpZHRoPSIxMDAlIiBjZWxsc3BhY2luZz0iNSIgY2VsbHBhZGRpbmc9IjAiICA+PHRyPjx0ZD48aW1nIHNyYz0iaHR0cDovL2ltYWdlLnJha3V0ZW4uY28uanAvYmx1ZWsvY2FiaW5ldC9ib3gvaXdjYm94LmpwZyIgd2lkdGg9IjEwMCUiID48L3RkPjwvdHI+PHRyPjx0ZD7ilqBJV0Pjga7ku5jlsZ7lk4HvvJpJV0Pjga7ku5jlsZ7lk4HvvJrjgq7jg6Pjg6njg7Pjg4bjgqPjg7wo5Zu96Zqb5L+d6Ki85pu4KeOAgeODoeODvOOCq+ODvOe0lOato+ODnOODg+OCr+OCueOAgeiqrOaYjuabuDxiciAvPuKAu+ODnOODg+OCr+OCueOAgeOCruODo+ODqeODs+ODhuOCo+ODvOOBquOBqeOBruS7mOWxnuWTgeOBq+mWouOBl+OBpuOBr+WFpeiNt+aZguacn+OBq+OCiOOCiuS7leanmOOBjOeVsOOBquOCi+WPr+iDveaAp+OBjOOBguOCiuOBvuOBmeOAgjwvdGQ+PC90cj48dHI+PHRkPuips+e0sOOBr+OBk+OBoeOCieOCiOOCiuOBlOimp+OBhOOBn+OBoOOBkeOBvuOBmeOAgihQQ+ODmuODvOOCuCk8L3RkPjwvdHI+PC90YWJsZT48IS0t44GC44GZ5qW96KGo6KiYLS0+PGZvbnQgY29sb3I9IiNGRjAwMDAiPjxiPuOBk+OBoeOCieOBr+OAkOOBguOBmealveOAkeWvvuW/nOWVhuWTgeOBp+OBmeOAgjxicj7igLvlubPml6UxM+aZguOBvuOBp+OBruS7o+mHkeW8leaPm+OBp+OBruOBlOazqOaWh+OBjOWvvuixoeOBqOOBquOCiuOBvuOBmeOAgjwvYj48L2ZvbnQ+,SVdDIOODneODvOODiOODleOCo+ODjiDjgqLjg6rjgrLjg7zjgr/jg7zjg6zjgrbjg7wg44Oh44Oz44K6IElXMzU2NTAx77ya44OW44Or44O844Kv44Km44Kp44OD44OB44Kr44Oz44OR44OL44O8,44Ot44Os44OD44Kv44K544Kq44Oh44Ks44OV44Op44Oz44Kv44Of44Ol44Op44O844Km44OW44Ot44OP44Oq44O844Km44Kj44Oz44K544OI44Oz44OP44Of44Or44OI44Oz44Ks44Ks44Of44Op44OO44OW44Or44Ks44Oq44Kw44OD44OB44K844OL44K544Oc44OD44OG44Ks44O044Kn44ON44K/44OX44Op44OA44K344Oj44ON44Or44Or44Kk44O044Kj44OI44Oz44Kv44Ot44Ko44K744Oq44O844OM44OV44Kn44Op44Ks44Oi44Ot44Ko44OZ44Kq44Ot44OT44Ki44Oz44Kz44K144Oz44Ot44O844Op44OzSVdDIOODneODvOODiOODleOCo+ODjiDjgqLjg6rjgrLjg7zjgr/jg7zjg6zjgrbjg7wg44Oh44Oz44K6IElXMzU2NTAx,W+mAgeaWmeeEoeaWmV1b44GC44GZ5qW9XVtJV0NdW+aZguioiF3jgIJJV0Mg44Od44O844OI44OV44Kj44OOIOOCouODquOCsuODvOOCv+ODvOODrOOCtuODvCDjg6Hjg7PjgrogSVczNTY1MDE=[rn]
16-122095,aHR0cDovL3RzaG9wLnIxMHMuanAvYmx1ZWsvY2FiaW5ldC9yYWRvL2poMDI3MzUwMDAwLmpwZz9maXRpbj03MDA6NzAw,NTQ2NjcuMjAwMA==,,6IWV5pmC6KiIID4g44Oh44Oz44K66IWV5pmC6KiI,44Om44Oz44OP44Oz44K5IEpVTkdIQU5TIOODnuODg+OCr+OCueODk+ODqyDjg6Hjg7PjgrogMDI3LzM1MDAuMDA=,W+mAgeaWmeeEoeaWmV1b44GC44GZ5qW9XVvjg6bjg7Pjg4/jg7PjgrldW+aZguioiF0=,PHRhYmxlIHdpZHRoPSIxMDAlIj48dHIgYmdjb2xvcj0iI2NkMDAyNSIgaGVpZ2h0PSI2MCI+PHRkPjxpbWcgc3JjPSJodHRwOi8vd3d3LnJha3V0ZW4ubmUuanAvZ29sZC9ibHVlay9zZWFyY2gvaW1nL3NhbGVfanVuZ2hhbnMuZ2lmIiB3aWR0aD0iMTAwJSI+PC90ZD48L3RyPjx0cj48dGQ+PC90ZD48L3RyPjwvdGFibGU+PHRhYmxlIHdpZHRoPSIxMDAlIiAgYmdjb2xvcj0iIzAxNDA5OSI+PHRyPjx0ZD48L3RkPjwvdHI+PC90YWJsZT48dGFibGUgd2lkdGg9IjEwMCUiIGNlbGxzcGFjaW5nPSI2IiBjZWxscGFkZGluZz0iMCIgYmdjb2xvcj0iI0Y0RjRGNCIgPjx0cj48dGg+PGI+44OQ44Km44OP44Km44K55pyA5b6M44Gu5beo5Yyg44Gr44KI44KL5YKR5L2c44Km44Kp44OD44OBPC9iPjwvdGg+PC90cj48dHI+PHRkPuODkOOCpuODj+OCpuOCueacgOW+jOOBruW3qOWMoOOBqOOBl+OBpuensOOBiOOCieOCjOOCi+ODnuODg+OCr+OCueODu+ODk+ODq++8iDE5MDggIDE5OTTlubTvvInjga8yMOS4lue0gOOCkuS7o+ihqOOBmeOCi+ODl+ODreODgOOCr+ODiOODh+OCtuOCpOODiuODvOOBruS4gOS6uuOAguW9vOOBjOaJi+OBjOOBkeOBn+aVsOWkmuOBj+OBruS9nOWTgeOBruS4reOBp+OCguOBneOBruWQjeOCkuWGoOOBl+OBn+ODpuODs+ODj+ODs+OCueOBruODnuODg+OCr+OCueODk+ODq+OBr+OAgeapn+iDvee+juOCkui/veaxguOBl+OBn+OCt+ODs+ODl+ODq+OBquODh+OCtuOCpOODs+OBjOWNiuS4lue0gOS7peS4iue1jOOBpuOCguaEm+OBleOCjOOCi+WQjeS9nOOBp+OBmeOAgualtemZkOOBvuOBp+iWhOOBj+S7leS4iuOBkuOCieOCjOOBn+ODmeOCvOODq+OBqOODieODvOODoOOCt+OCp+OCpOODl+miqOmYsuOBjOmWi+WPo+mDqOOCkuWkp+OBjeOBj+imi+OBm+OBpuimluiqjeaAp+OCkumrmOOCgeOBpOOBpOODrOODiOODreOBquWRs+OCj+OBhOOCkueZuuaPruOAguS4reOBp+OCguOCseODvOOCueOBqOODgOOCpOODpOODq+OBruOCt+ODq+ODkOODvOOBq+ODluODqeODg+OCr+ODrOOCtuODvOODmeODq+ODiOOCkue1hOOBv+WQiOOCj+OBm+OBpuOCt+ODg+OCr+OBquOBk+OBrjM444Of44Oq6Ieq5YuV5be744GN44Oi44OH44Or44Gv44CB44Ki44Op44OT44Ki5pWw5a2X44KS5YKZ44GI44Gm6Kqt44G/5Y+W44KK44KE44GZ44GP44CB6YeN44GV44KP44Ga44GLNDXjgrDjg6njg6Djga7ou73jgYTnnYDjgZHlv4PlnLDjgafjgqrjg7Pjgqrjg5XllY/jgo/jgZrmtLvouo3jgZfjgb7jgZnjgII8YnIgLz48YnIgLz7igLvjg5Djgqbjg4/jgqbjgrnjga8xOTE55bm044Gr6Kit56uL44GV44KM44Gf44OJ44Kk44OE44Gu6YCg5b2i5a2m5qCh44CC5bel6Iq444CB5YaZ55yf44CB44OH44K244Kk44Oz44CB576O6KGT44CB5bu656+J44Gq44Gp57eP5ZCI5pWZ6IKy44KS6KGM44GE44CB44KP44Ga44GLMTTlubTjgajjgYTjgYbnn63jgYTmtLvli5XmnJ/plpPjgarjgYzjgonjg6Ljg4Djg7Pjg4fjgrbjgqTjg7Pjga7npI7jgpLnr4njgYTjgZ/lrabmoKHjgajjgZfjgabmnInlkI3jgafjgZnjgII8L3RkPjwvdHI+PC90YWJsZT48dGFibGUgd2lkdGg9IjEwMCUiIGNlbGxzcGFjaW5nPSI2IiBjZWxscGFkZGluZz0iMCIgYmdjb2xvcj0iI0Y0RjRGNCIgPjx0cj48dGQ+4pa8PGI+MzYwwrBST0xMIFZJRVc8L2I+PC90ZD48L3RyPjx0cj48dGQ+PGltZyBzcmM9Imh0dHA6Ly9pbWFnZS5yYWt1dGVuLmNvLmpwL2JsdWVrL2NhYmluZXQvMjAxMjA1XzM2MC9qaDAyNzM1MDAwMC5naWYiIHdpZHRoPSIxMDAlIiBhbHQ9InJvbGxfdmlldyIgLz48L3RkPjwvdHI+PGJyIC8+PHRyPjx0ZD48aW1nIHNyYz0iaHR0cDovL2ltYWdlLnJha3V0ZW4uY28uanAvYmx1ZWsvY2FiaW5ldC9yYWRvX21vZGVsL2poMDI3MzUwMDAwbS5qcGciIHdpZHRoPSIxMDAlIj48YnIgLz48L3RkPjwvdHI+PC90YWJsZT48YnI+4pa8PGI+44K544Oa44OD44KvPC9iPjx0YWJsZSB3aWR0aD0iMTAwJSIgYm9yZGVyPSIxIiBib3JkZXJjb2xvcj0iI2NjYyIgY2VsbHNwYWNpbmc9IjAiIGNlbGxwYWRkaW5nPSI1Ij48dHI+PHRoIGJnY29sb3I9IiNGNEY0RjQiIHdpZHRoPSIzNSUiPuODoeODvOOCq+ODvOWTgeeVqjwvdGg+PHRkIGNvbHNwYW49IjIiPjAyNy8zNTAwLjAwPC90ZD48L3RyPjx0cj48dGggYmdjb2xvcj0iI0Y0RjRGNCIgPuODoOODvOODluODoeODs+ODiDwvdGg+PHRkIGNvbHNwYW49IjIiPuiHquWLleW3u+OBjTwvdGQ+PC90cj48dHI+PHRoIGJnY29sb3I9IiNGNEY0RjQiID7mqZ/og708L3RoPjx0ZCBjb2xzcGFuPSIyIj4tPC90ZD48L3RyPjx0cj48dGggYmdjb2xvcj0iI0Y0RjRGNCIgPumYsuawtDwvdGg+PHRkIGNvbHNwYW49IjIiPumYsuaxlzwvdGQ+PC90cj48dHI+PHRoIGJnY29sb3I9IiNGNEY0RjQiID7ntKDmnZA8L3RoPjx0ZCBjb2xzcGFuPSIyIj7jgrnjg4bjg7Pjg6zjgrnjgIHjg6zjgrbjg7zjgIHjg5fjg6zjgq3jgrfjgqzjg6njgrk8L3RkPjwvdHI+PHRyPjx0aCBiZ2NvbG9yPSIjRjRGNEY0IiByb3dzcGFuPSI0Ij7jgqvjg6njg7w8L3RoPjx0ZCB3aWR0aD0iMjUlIj7mloflrZfnm6Q8L3RkPjx0ZD7jgrfjg6vjg5Djg7w8L3RkPjwvdHI+PHRyPjx0ZD7jgrHjg7zjgrk8L3RkPjx0ZD7jgrfjg6vjg5Djg7w8L3RkPjwvdHI+PHRyPjx0ZD7jg5njgrzjg6s8L3RkPjx0ZD7jgrfjg6vjg5Djg7w8L3RkPjwvdHI+PHRyPjx0ZD7jg5njg6vjg4g8L3RkPjx0ZD7jg5bjg6njg4Pjgq88L3RkPjwvdHI+PHRyPjx0aCBiZ2NvbG9yPSIjRjRGNEY0IiByb3dzcGFuPSI1Ij7jgrXjgqTjgro8L3RoPjx0ZD7jgrHjg7zjgrk8L3RkPjx0ZD7ntIQzOG1tKOODquODpeODvOOCuumZpOOBjyk8L3RkPjwvdHI+PHRyPjx0ZD7mnKzkvZPljprjgZU8L3RkPjx0ZD7ntIQxMG1tPC90ZD48L3RyPjx0cj48dGQ+6IWV5ZGo44KKPC90ZD48dGQ+57SEMTYuNSZlbnNwOyYjMTIzMTY7JmVuc3A7MjAuNWNtPC90ZD48L3RyPjx0cj48dGQ+44OZ44Or44OI5bmFPC90ZD48dGQ+57SEMTgmZW5zcDsmIzEyMzE2OyZlbnNwOzIwbW08L3RkPjwvdHI+PHRyPjx0ZD7ph43jgZU8L3RkPjx0ZD7ntIQ0NWc8L3RkPjwvdHI+PC90YWJsZT48YnI+4pa8PGI+5YKZ6ICDPC9iPjx0YWJsZSB3aWR0aD0iMTAwJSIgY2VsbHNwYWNpbmc9IjYiIGNlbGxwYWRkaW5nPSIwIiBiZ2NvbG9yPSIjRjRGNEY0IiA+PHRyPjx0ZD7oibbjgYLjgorjga7jgrfjg6vjg5Djg7zjgrnjg4bjg7Pjg6zjgrnjgrHjg7zjgrnjg7voibbjgYLjgorjga7jgrfjg6vjg5Djg7zjgrnjg4bjg7Pjg6zjgrnjg5njgrzjg6vjg7vjgrfjg6vjg5Djg7zmloflrZfnm6Tjg7vom43lhYnloZfmlpnjgpLmlr3jgZfjgZ/jgrfjg6vjg5Djg7zjga7mjIfph53jg7vjgqLjg6njg5PjgqLjgqTjg7Pjg4fjg4Pjgq/jgrnjg7sxMuaZguS9jee9ruOBq+ODluODqeODs+ODieODreOCtOODu+ODluODqeODg+OCr+OBrumdqeODmeODq+ODiOODu+eptOeVmeOCgeW8j+ODkOODg+OCr+ODq+ODu+iFleWRqOOCiuiqv+aVtOOBr+e0hDZtbeW5heOBrumWk+malOOBpzjmrrXpmo7lj6/og73jg7voo4/ok4vjgavjg5bjg6njg7Pjg4njg63jgrTjgajjgrfjg6rjgqLjg6vjg4rjg7Pjg5Djg7w8L3RkPjwvdHI+PC90YWJsZT48YnI+4pa8PGI+5LuY5bGe5ZOBPC9iPjx0YWJsZSB3aWR0aD0iMTAwJSIgY2VsbHNwYWNpbmc9IjUiIGNlbGxwYWRkaW5nPSIwIiAgPjx0cj48dGQ+PGltZyBzcmM9Imh0dHA6Ly9pbWFnZS5yYWt1dGVuLmNvLmpwL2JsdWVrL2NhYmluZXQvYm94L2p1bmdoYW5zYm94LmpwZyIgd2lkdGg9IjEwMCUiID48L3RkPjwvdHI+PHRyPjx0ZD7ilqDjg6bjg7Pjg4/jg7Pjgrnjga7ku5jlsZ7lk4HvvJrjg6bjg7Pjg4/jg7Pjgrnjga7ku5jlsZ7lk4HvvJrjgq7jg6Pjg6njg7Pjg4bjgqPjg7wo5Zu96Zqb5L+d6Ki85pu4KeOAgeODoeODvOOCq+ODvOe0lOato+ODnOODg+OCr+OCueOAgeiqrOaYjuabuOOAgeS/neiovOabuDxiciAvPuKAu+S7mOWxnuWTgeOBq+mWouOBl+OBpuOBr+WFpeiNt+aZguacn+OBq+OCiOOCiuS7leanmOOBjOeVsOOBquOCi+WPr+iDveaAp+OBjOOBguOCiuOBvuOBmeOAgjwvdGQ+PC90cj48dHI+PHRkPuips+e0sOOBr+OBk+OBoeOCieOCiOOCiuOBlOimp+OBhOOBn+OBoOOBkeOBvuOBmeOAgihQQ+ODmuODvOOCuCk8L3RkPjwvdHI+PC90YWJsZT48IS0t44GC44GZ5qW96KGo6KiYLS0+PGZvbnQgY29sb3I9IiNGRjAwMDAiPjxiPuOBk+OBoeOCieOBr+OAkOOBguOBmealveOAkeWvvuW/nOWVhuWTgeOBp+OBmeOAgjxicj7igLvlubPml6UxM+aZguOBvuOBp+OBruS7o+mHkeW8leaPm+OBp+OBruOBlOazqOaWh+OBjOWvvuixoeOBqOOBquOCiuOBvuOBmeOAgjwvYj48L2ZvbnQ+,44Om44Oz44OP44Oz44K5IEpVTkdIQU5TIOODnuODg+OCr+OCueODk+ODqyDjg6Hjg7PjgrogMDI3LzM1MDAuMDDvvJrjg5bjg6vjg7zjgq/jgqbjgqnjg4Pjg4Hjgqvjg7Pjg5Hjg4vjg7w=,44Ot44Os44OD44Kv44K544Kq44Oh44Ks44OV44Op44Oz44Kv44Of44Ol44Op44O844Km44OW44Ot44OP44Oq44O844Km44Kj44Oz44K544OI44Oz44OP44Of44Or44OI44Oz44Ks44Ks44Of44Op44OO44OW44Or44Ks44Oq44Kw44OD44OB44K844OL44K544Oc44OD44OG44Ks44O044Kn44ON44K/44OX44Op44OA44K344Oj44ON44Or44Or44Kk44O044Kj44OI44Oz44Kv44Ot44Ko44K744Oq44O844OM44OV44Kn44Op44Ks44Oi44Ot44Ko44OZ44Kq44Ot44OT44Ki44Oz44Kz44K144Oz44Ot44O844Op44Oz44Om44Oz44OP44Oz44K5IEpVTkdIQU5TIOODnuODg+OCr+OCueODk+ODqyDjg6Hjg7PjgrogMDI3LzM1MDAuMDA=,W+mAgeaWmeeEoeaWmV1b44GC44GZ5qW9XVvjg6bjg7Pjg4/jg7PjgrldW+aZguioiF3jgILjg6bjg7Pjg4/jg7PjgrkgSlVOR0hBTlMg44Oe44OD44Kv44K544OT44OrIOODoeODs+OCuiAwMjcvMzUwMC4wMA==[rn]
16-122096,aHR0cDovL3RzaG9wLnIxMHMuanAvYmx1ZWsvY2FiaW5ldC9ndWNjaS95YTA1NTMwMi5qcGc/Zml0aW49NzAwOjcwMA==,MzI0NDQuODAwMA==,,6IWV5pmC6KiIID4g44Oh44Oz44K66IWV5pmC6KiI,44Kw44OD44OBIEdVQ0NJIEfjgq/jg6njgrkg44Oh44Oz44K6IFlBMDU1MzAy,W+mAgeaWmeeEoeaWmV1b44GC44GZ5qW9XVvjgrDjg4Pjg4FdW+aZguioiF0=,PHRhYmxlIHdpZHRoPSIxMDAlIj48dHIgYmdjb2xvcj0iI2NkMDAyNSIgaGVpZ2h0PSI2MCI+PHRkPjxpbWcgc3JjPSJodHRwOi8vd3d3LnJha3V0ZW4ubmUuanAvZ29sZC9ibHVlay9zZWFyY2gvaW1nL3NhbGVfZ3VjY2kuZ2lmIiB3aWR0aD0iMTAwJSI+PC90ZD48L3RyPjx0cj48dGQ+PC90ZD48L3RyPjwvdGFibGU+PHRhYmxlIHdpZHRoPSIxMDAlIiAgYmdjb2xvcj0iIzAxNDA5OSI+PHRyPjx0ZD48L3RkPjwvdHI+PC90YWJsZT48dGFibGUgd2lkdGg9IjEwMCUiIGNlbGxzcGFjaW5nPSI2IiBjZWxscGFkZGluZz0iMCIgYmdjb2xvcj0iI0Y0RjRGNCIgPjx0cj48dGg+PGI+6ZW344GP5oSb44GV44KM44KL44Kw44OD44OB44Gu5a6a55WqR+OCr+ODqeOCuSAzNW1tPC9iPjwvdGg+PC90cj48dHI+PHRkPuaAp+WIpeW5tOS7o+OCkuWVj+OCj+OBmuaEm+OBleOCjOOCi0fjgq/jg6njgrnjga/jgIHjgrDjg4Pjg4Hjga7jg63jg7PjgrDjgrvjg6njg7zjg6Ljg4fjg6vjgILlhYnmsqLjgajjg4Tjg6TmtojjgZfjgpLlt6fjgb/jgavntYTjgb/lkIjjgo/jgZvjgZ/jgrHjg7zjgrnvvIY16YCj44OW44Os44K544Gu44Gq44KB44KJ44GL44Gq5LiA5L2T5oSf44Go6KOF552A5oSf44Gr5YSq44KM44KL5Y6a44GVN+ODn+ODquiWhOWei+OCseODvOOCueOBruOCueODquODoOOBquedgOOBkeW/g+WcsOOBjOOCquODvOODq+ODnuOCpOODhuOCo+OBq+a0u+i6jeOBl+OBpuS6uuawl+OBp+OBmeOAguS4reOBp+OCguOCt+ODq+ODkOODvOWkluims+OBq+ODreODvOODnuaVsOWtl+aYoOOBiOOCi+ODluODqeODg+OCr+ODgOOCpOODpOODq+OCkue1hOOBv+WQiOOCj+OBm+OBpuOBiua0kuiQveOBquOBk+OBrjM144Of44Oq44Oi44OH44Or44Gv44CB5oCn5Yil5ZWP44KP44Ga5L2/44GI44KL44K144Kk44K644GoM+aZguS9jee9ruOBq+aXpeS7mOeqk+OCkuWCmeOBiOOBn+Wun+eUqOaAp+OBrumrmOOBleOBjOmtheWKm+OAguODmeOCvOODq+OBqOODluODrOOCueOBruWFieayouOCt+ODq+ODkOODvOOBjOaJi+WFg+OBp+OCreODqeODquOBqOWFieOCkuWPjeWwhOOBleOBm+OCi+S7leS4iuOBkua0l+e3tOOBleOCjOOBpuOCueOCv+OCpOODquODg+OCt+ODpeOBquijheOBhOOCkuWujOaIkOOBleOBm+OBvuOBmeOAgjwvdGQ+PC90cj48L3RhYmxlPjx0YWJsZSB3aWR0aD0iMTAwJSIgY2VsbHNwYWNpbmc9IjYiIGNlbGxwYWRkaW5nPSIwIiBiZ2NvbG9yPSIjRjRGNEY0IiA+PHRyPjx0ZD7ilrw8Yj4zNjDCsFJPTEwgVklFVzwvYj48L3RkPjwvdHI+PHRyPjx0ZD48aW1nIHNyYz0iaHR0cDovL2ltYWdlLnJha3V0ZW4uY28uanAvYmx1ZWsvY2FiaW5ldC8yMDE1MTBfMzYwL3lhMDU1MzAyLmdpZiIgd2lkdGg9IjEwMCUiIGFsdD0icm9sbF92aWV3IiAvPjwvdGQ+PC90cj48YnIgLz48dHI+PHRkPjxpbWcgc3JjPSJodHRwOi8vaW1hZ2UucmFrdXRlbi5jby5qcC9ibHVlay9jYWJpbmV0L2d1Y2NpX21vZGVsL3lhMDU1MzAybS5qcGciIHdpZHRoPSIxMDAlIj48YnIgLz48L3RkPjwvdHI+PC90YWJsZT48YnI+4pa8PGI+44K544Oa44OD44KvPC9iPjx0YWJsZSB3aWR0aD0iMTAwJSIgYm9yZGVyPSIxIiBib3JkZXJjb2xvcj0iI2NjYyIgY2VsbHNwYWNpbmc9IjAiIGNlbGxwYWRkaW5nPSI1Ij48dHI+PHRoIGJnY29sb3I9IiNGNEY0RjQiIHdpZHRoPSIzNSUiPuODoeODvOOCq+ODvOWTgeeVqjwvdGg+PHRkIGNvbHNwYW49IjIiPllBMDU1MzAyPC90ZD48L3RyPjx0cj48dGggYmdjb2xvcj0iI0Y0RjRGNCIgPuODoOODvOODluODoeODs+ODiDwvdGg+PHRkIGNvbHNwYW49IjIiPuOCr+OCquODvOODhDwvdGQ+PC90cj48dHI+PHRoIGJnY29sb3I9IiNGNEY0RjQiID7mqZ/og708L3RoPjx0ZCBjb2xzcGFuPSIyIj7jgqvjg6zjg7Pjg4Djg7zmqZ/og70o5pel5LuYKTwvdGQ+PC90cj48dHI+PHRoIGJnY29sb3I9IiNGNEY0RjQiID7pmLLmsLQ8L3RoPjx0ZCBjb2xzcGFuPSIyIj7ml6XluLjnlJ/mtLvpmLLmsLQ8L3RkPjwvdHI+PHRyPjx0aCBiZ2NvbG9yPSIjRjRGNEY0IiA+57Sg5p2QPC90aD48dGQgY29sc3Bhbj0iMiI+44K544OG44Oz44Os44K544CB44K144OV44Kh44Kk44Ok44Ks44Op44K5PC90ZD48L3RyPjx0cj48dGggYmdjb2xvcj0iI0Y0RjRGNCIgcm93c3Bhbj0iNCI+44Kr44Op44O8PC90aD48dGQgd2lkdGg9IjI1JSI+5paH5a2X55ukPC90ZD48dGQ+44OW44Op44OD44KvPC90ZD48L3RyPjx0cj48dGQ+44Kx44O844K5PC90ZD48dGQ+44K344Or44OQ44O8PC90ZD48L3RyPjx0cj48dGQ+44OZ44K844OrPC90ZD48dGQ+44K344Or44OQ44O8PC90ZD48L3RyPjx0cj48dGQ+44OZ44Or44OIPC90ZD48dGQ+44K344Or44OQ44O8PC90ZD48L3RyPjx0cj48dGggYmdjb2xvcj0iI0Y0RjRGNCIgcm93c3Bhbj0iNSI+44K144Kk44K6PC90aD48dGQ+44Kx44O844K5PC90ZD48dGQ+57SEMzVtbSjjg6rjg6Xjg7zjgrrpmaTjgY8pPC90ZD48L3RyPjx0cj48dGQ+5pys5L2T5Y6a44GVPC90ZD48dGQ+57SEN21tPC90ZD48L3RyPjx0cj48dGQ+6IWV5ZGo44KKPC90ZD48dGQ+57SEMTEuNSZlbnNwOyYjMTIzMTY7JmVuc3A7MTkuNWNtPC90ZD48L3RyPjx0cj48dGQ+44OZ44Or44OI5bmFPC90ZD48dGQ+57SEMThtbTwvdGQ+PC90cj48dHI+PHRkPumHjeOBlTwvdGQ+PHRkPue0hDEwMGc8L3RkPjwvdHI+PC90YWJsZT48YnI+4pa8PGI+5YKZ6ICDPC9iPjx0YWJsZSB3aWR0aD0iMTAwJSIgY2VsbHNwYWNpbmc9IjYiIGNlbGxwYWRkaW5nPSIwIiBiZ2NvbG9yPSIjRjRGNEY0IiA+PHRyPjx0ZD7oibbjgYLjgooo5LiA6YOo6Im244Gq44GXKeOBruOCt+ODq+ODkOODvOOCueODhuODs+ODrOOCueOCseODvOOCueODu+iJtuOBguOCiuOBruOCt+ODq+ODkOODvOOCueODhuODs+ODrOOCueODmeOCvOODq+ODu+ODluODqeODg+OCr+aWh+Wtl+ebpOODu+OCt+ODq+ODkOODvOOBruaMh+mHneODu+ODreODvOODnuODs+OCpOODs+ODh+ODg+OCr+OCueODuzEy5pmC5L2N572u44Gr44OW44Op44Oz44OJ44Ot44K044O7M+aZguS9jee9ruOBq+aXpeS7mOihqOekuuODu+iJtuOBguOCiuOBqOiJtuOBquOBl+OCt+ODq+ODkOODvOOCueODhuODs+ODrOOCueOCkue1hOOBv+WQiOOCj+OBm+OBnzXpgKPjg5bjg6zjgrnjg7vjg5fjg4Pjgrfjg6XlvI/jga7kuKHplovjgY3jg5Djg4Pjgq/jg6vjg7vjg6rjg6Xjg7zjgrrjgqzjg7zjg4njg7voo4/ok4vjgIHjg5Djg4Pjgq/jg6vpg6jliIYo5YaF5YG0KeOBq+ODluODqeODs+ODieODreOCtOODu+ijj+iTi+OBq+OCt+ODquOCouODq+ODiuODs+ODkOODvDxiciAvPuOAkOWFpeiNt+aZguacn+OBq+OCiOOCiumHneOBruW9oueKtuOBruS7leanmOOBjOeVsOOBquOCi+WgtOWQiOOBjOOBlOOBluOBhOOBvuOBmeOAgijlhYjnq6/jgYzjgajjgYzjgaPjgZ/jgoLjga7lj4jjga/lhYjnq6/jgYzlubPjgonjgarjg5Djg7zjgr/jgqTjg5fjga7jgoLjga4p44CRPC90ZD48L3RyPjwvdGFibGU+PGJyPuKWvDxiPuS7mOWxnuWTgTwvYj48dGFibGUgd2lkdGg9IjEwMCUiIGNlbGxzcGFjaW5nPSI1IiBjZWxscGFkZGluZz0iMCIgID48dHI+PHRkPjxpbWcgc3JjPSJodHRwOi8vaW1hZ2UucmFrdXRlbi5jby5qcC9ibHVlay9jYWJpbmV0L2JveC9ndWNjaWJveC5qcGciIHdpZHRoPSIxMDAlIiA+PC90ZD48L3RyPjx0cj48dGQ+4pag44Kw44OD44OB44Gu5LuY5bGe5ZOB77ya44Kw44OD44OB44Gu5LuY5bGe5ZOB77ya44Ku44Oj44Op44Oz44OG44Kj44O8KOWbvemam+S/neiovOabuCnjgIHjg6Hjg7zjgqvjg7zntJTmraPjg5zjg4Pjgq/jgrnjgIHoqqzmmI7mm7g8YnIgLz7igLvku5jlsZ7lk4HjgavplqLjgZfjgabjga/lhaXojbfmmYLmnJ/jgavjgojjgorku5Xmp5jjgYznlbDjgarjgovlj6/og73mgKfjgYzjgYLjgorjgb7jgZnjgII8L3RkPjwvdHI+PHRyPjx0ZD7oqbPntLDjga/jgZPjgaHjgonjgojjgorjgZTopqfjgYTjgZ/jgaDjgZHjgb7jgZnjgIIoUEPjg5rjg7zjgrgpPC90ZD48L3RyPjwvdGFibGU+PCEtLeOBguOBmealveihqOiomC0tPjxmb250IGNvbG9yPSIjRkYwMDAwIj48Yj7jgZPjgaHjgonjga/jgJDjgYLjgZnmpb3jgJHlr77lv5zllYblk4HjgafjgZnjgII8YnI+4oC75bmz5pelMTPmmYLjgb7jgafjga7ku6Pph5HlvJXmj5vjgafjga7jgZTms6jmlofjgYzlr77osaHjgajjgarjgorjgb7jgZnjgII8L2I+PC9mb250Pg==,44Kw44OD44OBIEdVQ0NJIEfjgq/jg6njgrkg44Oh44Oz44K6IFlBMDU1MzAy77ya44OW44Or44O844Kv44Km44Kp44OD44OB44Kr44Oz44OR44OL44O8,44Ot44Os44OD44Kv44K544Kq44Oh44Ks44OV44Op44Oz44Kv44Of44Ol44Op44O844Km44OW44Ot44OP44Oq44O844Km44Kj44Oz44K544OI44Oz44OP44Of44Or44OI44Oz44Ks44Ks44Of44Op44OO44OW44Or44Ks44Oq44Kw44OD44OB44K844OL44K544Oc44OD44OG44Ks44O044Kn44ON44K/44OX44Op44OA44K344Oj44ON44Or44Or44Kk44O044Kj44OI44Oz44Kv44Ot44Ko44K744Oq44O844OM44OV44Kn44Op44Ks44Oi44Ot44Ko44OZ44Kq44Ot44OT44Ki44Oz44Kz44K144Oz44Ot44O844Op44Oz44Kw44OD44OBIEdVQ0NJIEfjgq/jg6njgrkg44Oh44Oz44K6IFlBMDU1MzAy,W+mAgeaWmeeEoeaWmV1b44GC44GZ5qW9XVvjgrDjg4Pjg4FdW+aZguioiF3jgILjgrDjg4Pjg4EgR1VDQ0kgR+OCr+ODqeOCuSDjg6Hjg7PjgrogWUEwNTUzMDI=[rn]
16-122097,aHR0cDovL3RzaG9wLnIxMHMuanAvYmx1ZWsvY2FiaW5ldC9yYWRvL2poMDI3MzUwMTAwLmpwZz9maXRpbj03MDA6NzAw,NTI0NDQuODAwMA==,,6IWV5pmC6KiIID4g44Oh44Oz44K66IWV5pmC6KiI,44Om44Oz44OP44Oz44K5IEpVTkdIQU5TIOODnuODg+OCr+OCueODk+ODqyDjg6Hjg7PjgrogMDI3LzM1MDEuMDA=,W+mAgeaWmeeEoeaWmV1b44GC44GZ5qW9XVvjg6bjg7Pjg4/jg7PjgrldW+aZguioiF0=,PHRhYmxlIHdpZHRoPSIxMDAlIj48dHIgYmdjb2xvcj0iI2NkMDAyNSIgaGVpZ2h0PSI2MCI+PHRkPjxpbWcgc3JjPSJodHRwOi8vd3d3LnJha3V0ZW4ubmUuanAvZ29sZC9ibHVlay9zZWFyY2gvaW1nL3NhbGVfanVuZ2hhbnMuZ2lmIiB3aWR0aD0iMTAwJSI+PC90ZD48L3RyPjx0cj48dGQ+PC90ZD48L3RyPjwvdGFibGU+PHRhYmxlIHdpZHRoPSIxMDAlIiAgYmdjb2xvcj0iIzAxNDA5OSI+PHRyPjx0ZD48L3RkPjwvdHI+PC90YWJsZT48dGFibGUgd2lkdGg9IjEwMCUiIGNlbGxzcGFjaW5nPSI2IiBjZWxscGFkZGluZz0iMCIgYmdjb2xvcj0iI0Y0RjRGNCIgPjx0cj48dGg+PGI+44OQ44Km44OP44Km44K55pyA5b6M44Gu5beo5Yyg44Gr44KI44KL5YKR5L2c44Km44Kp44OD44OBPC9iPjwvdGg+PC90cj48dHI+PHRkPuODkOOCpuODj+OCpuOCueacgOW+jOOBruW3qOWMoOOBqOOBl+OBpuensOOBiOOCieOCjOOCi+ODnuODg+OCr+OCueODu+ODk+ODq++8iDE5MDggIDE5OTTlubTvvInjga8yMOS4lue0gOOCkuS7o+ihqOOBmeOCi+ODl+ODreODgOOCr+ODiOODh+OCtuOCpOODiuODvOOBruS4gOS6uuOAguOBneOBruWQjeOCkuWGoOOBl+OBn+ODpuODs+ODj+ODs+OCueOBruODnuODg+OCr+OCueODk+ODq+S4gOeVquOBrueJueW+tOOBr+OAgealtemZkOOBvuOBp+iWhOOBj+S7leS4iuOBkuOCieOCjOOBn+ODmeOCvOODq+OBqOimi+S6i+OBquODieODvOODoOOCt+OCp+OCpOODl+miqOmYsuOAguapn+iDvee+juOCkui/veaxguOBl+OBn+OCt+ODs+ODl+ODq+OBquODh+OCtuOCpOODs+OBquOBjOOCieWkp+OBjeOBqumWi+WPo+mDqOOBjOimluiqjeaAp+OCkumrmOOCgeOAgemjveOBjeOBruOBk+OBquOBhOODrOODiOODreOBquWRs+OCj+OBhOOBjOWNiuS4lue0gOS7peS4iue1jOOBpuOCguaEm+OBleOCjOOCi+S6uuawl+OBruWCkeS9nOODouODh+ODq+OBp+OBmeOAguS4reOBp+OCguWFieayouOCseODvOOCueOBqOODgOOCpOODpOODq+OBruOCt+ODq+ODkOODvOOBq+m7kuOBhOODrOOCtuODvOODmeODq+ODiOOCkue1hOOBv+WQiOOCj+OBm+OBpuOCt+ODg+OCr+OBquOBk+OBrjM444Of44Oq44Oi44OH44Or44Gv6IWV44Gr44GX44Gj44GP44KK5Y+O44G+44KL44K144Kk44K644Go6Ieq5YuV5be744GN44Og44O844OW44Oh44Oz44OI44KS5pCt6LyJ44GX44Gm44GE44KL44Gu44GM6a2F5Yqb44CC44Kq44Oz44Kq44OV5ZWP44KP44Ga5rS76LqN44GX44Gm5omL5YWD44KS44GK5rSS6JC944Gr5b2p44KK44G+44GZ44CCPGJyIC8+PGJyIC8+4oC744OQ44Km44OP44Km44K544GvMTkxOeW5tOOBq+ioreeri+OBleOCjOOBn+ODieOCpOODhOOBrumAoOW9ouWtpuagoeOAguW3peiKuOOAgee+juihk+OAgeW7uuevieOBquOBqee3j+WQiOaVmeiCsuOCkuihjOOBhOOAgeOCj+OBmuOBizE05bm044Go44GE44GG55+t44GE5rS75YuV5pyf6ZaT44Gq44GM44KJ44Oi44OA44Oz44OH44K244Kk44Oz44Gu56SO44KS56+J44GE44Gf5q205Y+y55qE44Gr5pyJ5ZCN44Gq5a2m5qCh44Gn44GZ44CCPC90ZD48L3RyPjwvdGFibGU+PHRhYmxlIHdpZHRoPSIxMDAlIiBjZWxsc3BhY2luZz0iNiIgY2VsbHBhZGRpbmc9IjAiIGJnY29sb3I9IiNGNEY0RjQiID48dHI+PHRkPuKWvDxiPjM2MMKwUk9MTCBWSUVXPC9iPjwvdGQ+PC90cj48dHI+PHRkPjxpbWcgc3JjPSJodHRwOi8vaW1hZ2UucmFrdXRlbi5jby5qcC9ibHVlay9jYWJpbmV0LzIwMTIwNV8zNjAvamgwMjczNTAxMDAuZ2lmIiB3aWR0aD0iMTAwJSIgYWx0PSJyb2xsX3ZpZXciIC8+PC90ZD48L3RyPjxiciAvPjx0cj48dGQ+PGltZyBzcmM9Imh0dHA6Ly9pbWFnZS5yYWt1dGVuLmNvLmpwL2JsdWVrL2NhYmluZXQvcmFkb19tb2RlbC9qaDAyNzM1MDEwMG0uanBnIiB3aWR0aD0iMTAwJSI+PGJyIC8+PC90ZD48L3RyPjwvdGFibGU+PGJyPuKWvDxiPuOCueODmuODg+OCrzwvYj48dGFibGUgd2lkdGg9IjEwMCUiIGJvcmRlcj0iMSIgYm9yZGVyY29sb3I9IiNjY2MiIGNlbGxzcGFjaW5nPSIwIiBjZWxscGFkZGluZz0iNSI+PHRyPjx0aCBiZ2NvbG9yPSIjRjRGNEY0IiB3aWR0aD0iMzUlIj7jg6Hjg7zjgqvjg7zlk4Hnlao8L3RoPjx0ZCBjb2xzcGFuPSIyIj4wMjcvMzUwMS4wMDwvdGQ+PC90cj48dHI+PHRoIGJnY29sb3I9IiNGNEY0RjQiID7jg6Djg7zjg5bjg6Hjg7Pjg4g8L3RoPjx0ZCBjb2xzcGFuPSIyIj7oh6rli5Xlt7vjgY08L3RkPjwvdHI+PHRyPjx0aCBiZ2NvbG9yPSIjRjRGNEY0IiA+5qmf6IO9PC90aD48dGQgY29sc3Bhbj0iMiI+LTwvdGQ+PC90cj48dHI+PHRoIGJnY29sb3I9IiNGNEY0RjQiID7pmLLmsLQ8L3RoPjx0ZCBjb2xzcGFuPSIyIj7pmLLmsZc8L3RkPjwvdHI+PHRyPjx0aCBiZ2NvbG9yPSIjRjRGNEY0IiA+57Sg5p2QPC90aD48dGQgY29sc3Bhbj0iMiI+44K544OG44Oz44Os44K544CB44Os44K244O844CB44OX44Os44Kt44K344Ks44Op44K5PC90ZD48L3RyPjx0cj48dGggYmdjb2xvcj0iI0Y0RjRGNCIgcm93c3Bhbj0iNCI+44Kr44Op44O8PC90aD48dGQgd2lkdGg9IjI1JSI+5paH5a2X55ukPC90ZD48dGQ+44K344Or44OQ44O8PC90ZD48L3RyPjx0cj48dGQ+44Kx44O844K5PC90ZD48dGQ+44K344Or44OQ44O8PC90ZD48L3RyPjx0cj48dGQ+44OZ44K844OrPC90ZD48dGQ+44K344Or44OQ44O8PC90ZD48L3RyPjx0cj48dGQ+44OZ44Or44OIPC90ZD48dGQ+44OW44Op44OD44KvPC90ZD48L3RyPjx0cj48dGggYmdjb2xvcj0iI0Y0RjRGNCIgcm93c3Bhbj0iNSI+44K144Kk44K6PC90aD48dGQ+44Kx44O844K5PC90ZD48dGQ+57SEMzhtbSjjg6rjg6Xjg7zjgrrpmaTjgY8pPC90ZD48L3RyPjx0cj48dGQ+5pys5L2T5Y6a44GVPC90ZD48dGQ+57SEMTBtbTwvdGQ+PC90cj48dHI+PHRkPuiFleWRqOOCijwvdGQ+PHRkPue0hDE3LjUmZW5zcDsmIzEyMzE2OyZlbnNwOzIxLjVjbTwvdGQ+PC90cj48dHI+PHRkPuODmeODq+ODiOW5hTwvdGQ+PHRkPue0hDE4JmVuc3A7JiMxMjMxNjsmZW5zcDsyMG1tPC90ZD48L3RyPjx0cj48dGQ+6YeN44GVPC90ZD48dGQ+57SENDVnPC90ZD48L3RyPjwvdGFibGU+PGJyPuKWvDxiPuWCmeiAgzwvYj48dGFibGUgd2lkdGg9IjEwMCUiIGNlbGxzcGFjaW5nPSI2IiBjZWxscGFkZGluZz0iMCIgYmdjb2xvcj0iI0Y0RjRGNCIgPjx0cj48dGQ+6Im244GC44KK44Gu44K344Or44OQ44O844K544OG44Oz44Os44K544Kx44O844K544O76Im244GC44KK44Gu44K344Or44OQ44O844K544OG44Oz44Os44K544OZ44K844Or44O744K344Or44OQ44O85paH5a2X55uk44O76JuN5YWJ5aGX5paZ44KS5pa944GX44Gf44K344Or44OQ44O844Gu5oyH6Yed44O744OQ44O844Kk44Oz44OH44OD44Kv44K544O7MTLmmYLkvY3nva7jgavjg5bjg6njg7Pjg4njg63jgrTjg7vjg5bjg6njg4Pjgq/jga7pnanjg5njg6vjg4jjg7vnqbTnlZnjgoHlvI/jg5Djg4Pjgq/jg6vjg7vohZXlkajjgoroqr/mlbTjga/ntIQ2bW3luYXjga7plpPpmpTjgac45q616ZqO5Y+v6IO944O76KOP6JOL44Gr44OW44Op44Oz44OJ44Ot44K044Go44K344Oq44Ki44Or44OK44Oz44OQ44O8PC90ZD48L3RyPjwvdGFibGU+PGJyPuKWvDxiPuS7mOWxnuWTgTwvYj48dGFibGUgd2lkdGg9IjEwMCUiIGNlbGxzcGFjaW5nPSI1IiBjZWxscGFkZGluZz0iMCIgID48dHI+PHRkPjxpbWcgc3JjPSJodHRwOi8vaW1hZ2UucmFrdXRlbi5jby5qcC9ibHVlay9jYWJpbmV0L2JveC9qdW5naGFuc2JveC5qcGciIHdpZHRoPSIxMDAlIiA+PC90ZD48L3RyPjx0cj48dGQ+4pag44Om44Oz44OP44Oz44K544Gu5LuY5bGe5ZOB77ya44Om44Oz44OP44Oz44K544Gu5LuY5bGe5ZOB77ya44Ku44Oj44Op44Oz44OG44Kj44O8KOWbvemam+S/neiovOabuCnjgIHjg6Hjg7zjgqvjg7zntJTmraPjg5zjg4Pjgq/jgrnjgIHoqqzmmI7mm7jjgIHkv53oqLzmm7g8YnIgLz7igLvku5jlsZ7lk4HjgavplqLjgZfjgabjga/lhaXojbfmmYLmnJ/jgavjgojjgorku5Xmp5jjgYznlbDjgarjgovlj6/og73mgKfjgYzjgYLjgorjgb7jgZnjgII8L3RkPjwvdHI+PHRyPjx0ZD7oqbPntLDjga/jgZPjgaHjgonjgojjgorjgZTopqfjgYTjgZ/jgaDjgZHjgb7jgZnjgIIoUEPjg5rjg7zjgrgpPC90ZD48L3RyPjwvdGFibGU+PCEtLeOBguOBmealveihqOiomC0tPjxmb250IGNvbG9yPSIjRkYwMDAwIj48Yj7jgZPjgaHjgonjga/jgJDjgYLjgZnmpb3jgJHlr77lv5zllYblk4HjgafjgZnjgII8YnI+4oC75bmz5pelMTPmmYLjgb7jgafjga7ku6Pph5HlvJXmj5vjgafjga7jgZTms6jmlofjgYzlr77osaHjgajjgarjgorjgb7jgZnjgII8L2I+PC9mb250Pg==,44Om44Oz44OP44Oz44K5IEpVTkdIQU5TIOODnuODg+OCr+OCueODk+ODqyDjg6Hjg7PjgrogMDI3LzM1MDEuMDDvvJrjg5bjg6vjg7zjgq/jgqbjgqnjg4Pjg4Hjgqvjg7Pjg5Hjg4vjg7w=,44Ot44Os44OD44Kv44K544Kq44Oh44Ks44OV44Op44Oz44Kv44Of44Ol44Op44O844Km44OW44Ot44OP44Oq44O844Km44Kj44Oz44K544OI44Oz44OP44Of44Or44OI44Oz44Ks44Ks44Of44Op44OO44OW44Or44Ks44Oq44Kw44OD44OB44K844OL44K544Oc44OD44OG44Ks44O044Kn44ON44K/44OX44Op44OA44K344Oj44ON44Or44Or44Kk44O044Kj44OI44Oz44Kv44Ot44Ko44K744Oq44O844OM44OV44Kn44Op44Ks44Oi44Ot44Ko44OZ44Kq44Ot44OT44Ki44Oz44Kz44K144Oz44Ot44O844Op44Oz44Om44Oz44OP44Oz44K5IEpVTkdIQU5TIOODnuODg+OCr+OCueODk+ODqyDjg6Hjg7PjgrogMDI3LzM1MDEuMDA=,W+mAgeaWmeeEoeaWmV1b44GC44GZ5qW9XVvjg6bjg7Pjg4/jg7PjgrldW+aZguioiF3jgILjg6bjg7Pjg4/jg7PjgrkgSlVOR0hBTlMg44Oe44OD44Kv44K544OT44OrIOODoeODs+OCuiAwMjcvMzUwMS4wMA==[rn]
16-122098,aHR0cDovL3RzaG9wLnIxMHMuanAvYmx1ZWsvY2FiaW5ldC9icmVpdGxpbmcvaDMyNTE1MTM1LmpwZz9maXRpbj03MDA6NzAw,NDE4NDQuODAwMA==,,6IWV5pmC6KiIID4g44Oh44Oz44K66IWV5pmC6KiI,44OP44Of44Or44OI44OzIEhhbWlsdG9u44K444Oj44K644Oe44K544K/44O8IOODk+ODpeODvOODnuODgeODg+OCryDjg6Hjg7PjgrogSDMyNTE1MTM1,W+mAgeaWmeeEoeaWmV1b44GC44GZ5qW9XVvjg4/jg5/jg6vjg4jjg7NdW+aZguioiF0=,PHRhYmxlIHdpZHRoPSIxMDAlIj48dHIgYmdjb2xvcj0iI2NkMDAyNSIgaGVpZ2h0PSI2MCI+PHRkPjxpbWcgc3JjPSJodHRwOi8vd3d3LnJha3V0ZW4ubmUuanAvZ29sZC9ibHVlay9zZWFyY2gvaW1nL3NhbGVfYWxsLmdpZiIgd2lkdGg9IjEwMCUiPjwvdGQ+PC90cj48dHI+PHRkPjwvdGQ+PC90cj48L3RhYmxlPjx0YWJsZSB3aWR0aD0iMTAwJSIgIGJnY29sb3I9IiMwMTQwOTkiPjx0cj48dGQ+PC90ZD48L3RyPjwvdGFibGU+PHRhYmxlIHdpZHRoPSIxMDAlIiBjZWxsc3BhY2luZz0iNiIgY2VsbHBhZGRpbmc9IjAiIGJnY29sb3I9IiNGNEY0RjQiID48dHI+PHRoPjxiPuOCt+ODs+ODl+ODq+OBq+agvOWlveOBhOOBhOODk+ODpeODvOODnuODgeODg+OCryA0MG1tPC9iPjwvdGg+PC90cj48dHI+PHRkPuODj+ODn+ODq+ODiOODs+OCkuS7o+ihqOOBmeOCi+OCuOODo+OCuuODnuOCueOCv+ODvOOAguS4reOBp+OCguODk+ODpeODvOODnuODgeODg+OCr+OBr+S4geWvp+OBquS7leS4iuOBkuOBjOaWveOBleOCjOOBn+S4iuizquaEn+a8guOBhuODh+OCo+ODhuODvOODq++8iOe0sOmDqO+8ieOBqOW5heW6g+OBhOijheOBhOOBq+aYoOOBiOOCi+OCt+ODs+ODl+ODq+OBquODh+OCtuOCpOODs+OBjOS6uuawl+OBp+OBmeOAguWFieayouOBqOODhOODpOa2iOOBl+OCkumnhuS9v+OBl+OBn+ODoeOCv+ODq+OCseODvOOCueOBqEjlnovjg5bjg6zjgrnjgavjg5bjg6njg4Pjgq/jg4DjgqTjg6Tjg6vjgpLntYTjgb/lkIjjgo/jgZvjgabnsr7mgo3jgarjgZPjga40MOODn+ODquODouODh+ODq+OBr+OAgeiFleOBq+OBl+OBo+OBj+OCiuWPjuOBvuOCi+OCteOCpOOCuuOBqDPmmYLkvY3nva7jga7nqpPjgavml6Xku5jjgpLooajnpLrjgZnjgovoh6rli5Xlt7vjgY3jg6Djg7zjg5bjg6Hjg7Pjg4jjgpLmkK3ovInjgZfjgabjgYTjgovjga7jgYzprYXlipvjgILjgrHjg7zjgrnoo4/ok4vjgYvjgonmqZ/morDjga7nsr7nt7vjgarmhI/ljKDjgYzpkZHos57jgafjgY3jgovjga7jgoLjg6Hjgqvlpb3jgY3jgavjga/jgZ/jgb7jgorjgb7jgZvjgpPjgILkuK3lpK7jgavjgq7jg6fjg7zjgrfjgqfmqKHmp5jjgYzmlr3jgZXjgozjgZ/jg4DjgqTjg6Tjg6vjga/jgrfjg6vjg5Djg7zjga7mjIfph53jgajjgqLjg6njg5PjgqLmlbDlrZfvvIbjgY/jgZXjgbPjgavmmpfmiYDjgafjgoLoppboqo3mgKfjgpLnmbrmj67jgZnjgovom43lhYnloZfmlpnjgYzmlr3jgZXjgozjgablrp/nlKjmgKfjgoLmipznvqTjgafjgZnjgII8L3RkPjwvdHI+PC90YWJsZT48dGFibGUgd2lkdGg9IjEwMCUiIGNlbGxzcGFjaW5nPSI2IiBjZWxscGFkZGluZz0iMCIgYmdjb2xvcj0iI0Y0RjRGNCIgPjx0cj48dGQ+4pa8PGI+MzYwwrBST0xMIFZJRVc8L2I+PC90ZD48L3RyPjx0cj48dGQ+PGltZyBzcmM9Imh0dHA6Ly9pbWFnZS5yYWt1dGVuLmNvLmpwL2JsdWVrL2NhYmluZXQvMjAxNjEwXzM2MC9oMzI1MTUxMzUuZ2lmIiB3aWR0aD0iMTAwJSIgYWx0PSJyb2xsX3ZpZXciIC8+PC90ZD48L3RyPjxiciAvPjx0cj48dGQ+PGltZyBzcmM9Imh0dHA6Ly9pbWFnZS5yYWt1dGVuLmNvLmpwL2JsdWVrL2NhYmluZXQvYnJlaXRsaW5nX21vZGVsL2gzMjUxNTEzNW0uanBnIiB3aWR0aD0iMTAwJSI+PGJyIC8+PC90ZD48L3RyPjwvdGFibGU+PGJyPuKWvDxiPuOCueODmuODg+OCrzwvYj48dGFibGUgd2lkdGg9IjEwMCUiIGJvcmRlcj0iMSIgYm9yZGVyY29sb3I9IiNjY2MiIGNlbGxzcGFjaW5nPSIwIiBjZWxscGFkZGluZz0iNSI+PHRyPjx0aCBiZ2NvbG9yPSIjRjRGNEY0IiB3aWR0aD0iMzUlIj7jg6Hjg7zjgqvjg7zlk4Hnlao8L3RoPjx0ZCBjb2xzcGFuPSIyIj5IMzI1MTUxMzU8L3RkPjwvdHI+PHRyPjx0aCBiZ2NvbG9yPSIjRjRGNEY0IiA+44Og44O844OW44Oh44Oz44OIPC90aD48dGQgY29sc3Bhbj0iMiI+6Ieq5YuV5be744GNPC90ZD48L3RyPjx0cj48dGggYmdjb2xvcj0iI0Y0RjRGNCIgPuapn+iDvTwvdGg+PHRkIGNvbHNwYW49IjIiPuODkOODg+OCr+OCueOCseODq+ODiOODs+OAgeOCq+ODrOODs+ODgOODvOapn+iDvSjml6Xku5gpPC90ZD48L3RyPjx0cj48dGggYmdjb2xvcj0iI0Y0RjRGNCIgPumYsuawtDwvdGg+PHRkIGNvbHNwYW49IjIiPuaXpeW4uOeUn+a0u+mYsuawtDwvdGQ+PC90cj48dHI+PHRoIGJnY29sb3I9IiNGNEY0RjQiID7ntKDmnZA8L3RoPjx0ZCBjb2xzcGFuPSIyIj7jgrnjg4bjg7Pjg6zjgrnjgIHjgrXjg5XjgqHjgqTjg6Tjgqzjg6njgrk8L3RkPjwvdHI+PHRyPjx0aCBiZ2NvbG9yPSIjRjRGNEY0IiByb3dzcGFuPSI0Ij7jgqvjg6njg7w8L3RoPjx0ZCB3aWR0aD0iMjUlIj7mloflrZfnm6Q8L3RkPjx0ZD7jg5bjg6njg4Pjgq88L3RkPjwvdHI+PHRyPjx0ZD7jgrHjg7zjgrk8L3RkPjx0ZD7jgrfjg6vjg5Djg7w8L3RkPjwvdHI+PHRyPjx0ZD7jg5njgrzjg6s8L3RkPjx0ZD7jgrfjg6vjg5Djg7w8L3RkPjwvdHI+PHRyPjx0ZD7jg5njg6vjg4g8L3RkPjx0ZD7jgrfjg6vjg5Djg7w8L3RkPjwvdHI+PHRyPjx0aCBiZ2NvbG9yPSIjRjRGNEY0IiByb3dzcGFuPSI1Ij7jgrXjgqTjgro8L3RoPjx0ZD7jgrHjg7zjgrk8L3RkPjx0ZD7ntIQ0MG1tKOODquODpeODvOOCuumZpOOBjyk8L3RkPjwvdHI+PHRyPjx0ZD7mnKzkvZPljprjgZU8L3RkPjx0ZD7ntIQxMW1tPC90ZD48L3RyPjx0cj48dGQ+6IWV5ZGo44KKPC90ZD48dGQ+57SEMTQmZW5zcDsmIzEyMzE2OyZlbnNwOzIwLjVjbTwvdGQ+PC90cj48dHI+PHRkPuODmeODq+ODiOW5hTwvdGQ+PHRkPue0hDIwbW08L3RkPjwvdHI+PHRyPjx0ZD7ph43jgZU8L3RkPjx0ZD7ntIQxNjVnPC90ZD48L3RyPjwvdGFibGU+PGJyPuKWvDxiPuWCmeiAgzwvYj48dGFibGUgd2lkdGg9IjEwMCUiIGNlbGxzcGFjaW5nPSI2IiBjZWxscGFkZGluZz0iMCIgYmdjb2xvcj0iI0Y0RjRGNCIgPjx0cj48dGQ+6Im244Gq44GXKOS4gOmDqOiJtuOBguOCiinjga7jgrfjg6vjg5Djg7zjgrnjg4bjg7Pjg6zjgrnjgrHjg7zjgrnjg7voibbjgYLjgorjga7jgrfjg6vjg5Djg7zjgrnjg4bjg7Pjg6zjgrnjg5njgrzjg6vjg7vjgq7jg6fjg7zjgrfjgqfmqKHmp5jjgYzlhaXjgaPjgZ/jg5bjg6njg4Pjgq/mloflrZfnm6Tjg7vom43lhYnloZfmlpnjgpLmlr3jgZfjgZ/jgrfjg6vjg5Djg7zjga7mjIfph53jg7vjgqLjg6njg5PjgqLjgajjgY/jgZXjgbMo44OI44Op44Kk44Ki44Oz44Kw44OrKeOCpOODs+ODh+ODg+OCr+OCueODuzEy5pmC5L2N572u44Gr44OW44Op44Oz44OJ44Ot44K044O7M+aZguS9jee9ruOBq+aXpeS7mOihqOekuuODu+iJtuOBguOCiuOBqOiJtuOBquOBl+OCt+ODq+ODkOODvOOCueODhuODs+ODrOOCueOCkue1hOOBv+WQiOOCj+OBm+OBn+ODluODrOOCueODu+ODl+ODg+OCt+ODpeW8j+OBruS4oemWi+OBjeODkOODg+OCr+ODq+ODu+ODquODpeODvOOCuuOCrOODvOODieODu+ODkOODg+OCr+OCueOCseODq+ODiOODs+ODu+aMr+OCiuWtkOOBq+ODluODqeODs+ODieODreOCtDxiciAvPuOAkOWFpeiNt+aZguacn+OBq+OCiOOCiuODkOODg+OCr+ODq+OBruS7leanmOOAgeOCguOBl+OBj+OBr+ijj+iTi+OBrumYsuawtOihqOiomOOBjOeVsOOBquOCi+WgtOWQiOOBjOW+oeW6p+OBhOOBvuOBmeOAkTwvdGQ+PC90cj48L3RhYmxlPjxicj7ilrw8Yj7ku5jlsZ7lk4E8L2I+PHRhYmxlIHdpZHRoPSIxMDAlIiBjZWxsc3BhY2luZz0iNSIgY2VsbHBhZGRpbmc9IjAiICA+PHRyPjx0ZD48aW1nIHNyYz0iaHR0cDovL2ltYWdlLnJha3V0ZW4uY28uanAvYmx1ZWsvY2FiaW5ldC9ib3gvaGFtaWx0b25ib3guanBnIiB3aWR0aD0iMTAwJSIgPjwvdGQ+PC90cj48dHI+PHRkPuKWoOODj+ODn+ODq+ODiOODs+OBruS7mOWxnuWTge+8muODj+ODn+ODq+ODiOODs+OBruS7mOWxnuWTge+8muOCruODo+ODqeODs+ODhuOCo+ODvCjlm73pmpvkv53oqLzmm7gp44CB44Oh44O844Kr44O857SU5q2j44Oc44OD44Kv44K5PGJyIC8+4oC75LuY5bGe5ZOB44Gr6Zai44GX44Gm44Gv5YWl6I235pmC5pyf44Gr44KI44KK5LuV5qeY44GM55Ww44Gq44KL5Y+v6IO95oCn44GM44GC44KK44G+44GZ44CCPC90ZD48L3RyPjx0cj48dGQ+6Kmz57Sw44Gv44GT44Gh44KJ44KI44KK44GU6Kan44GE44Gf44Gg44GR44G+44GZ44CCKFBD44Oa44O844K4KTwvdGQ+PC90cj48L3RhYmxlPjwhLS3jgYLjgZnmpb3ooajoqJgtLT48Zm9udCBjb2xvcj0iI0ZGMDAwMCI+PGI+44GT44Gh44KJ44Gv44CQ44GC44GZ5qW944CR5a++5b+c5ZWG5ZOB44Gn44GZ44CCPGJyPuKAu+W5s+aXpTEz5pmC44G+44Gn44Gu5Luj6YeR5byV5o+b44Gn44Gu44GU5rOo5paH44GM5a++6LGh44Go44Gq44KK44G+44GZ44CCPC9iPjwvZm9udD4=,44OP44Of44Or44OI44OzIEhhbWlsdG9u44K444Oj44K644Oe44K544K/44O8IOODk+ODpeODvOODnuODgeODg+OCryDjg6Hjg7PjgrogSDMyNTE1MTM177ya44OW44Or44O844Kv44Km44Kp44OD44OB44Kr44Oz44OR44OL44O8,44Ot44Os44OD44Kv44K544Kq44Oh44Ks44OV44Op44Oz44Kv44Of44Ol44Op44O844Km44OW44Ot44OP44Oq44O844Km44Kj44Oz44K544OI44Oz44OP44Of44Or44OI44Oz44Ks44Ks44Of44Op44OO44OW44Or44Ks44Oq44Kw44OD44OB44K844OL44K544Oc44OD44OG44Ks44O044Kn44ON44K/44OX44Op44OA44K344Oj44ON44Or44Or44Kk44O044Kj44OI44Oz44Kv44Ot44Ko44K744Oq44O844OM44OV44Kn44Op44Ks44Oi44Ot44Ko44OZ44Kq44Ot44OT44Ki44Oz44Kz44K144Oz44Ot44O844Op44Oz44OP44Of44Or44OI44OzIEhhbWlsdG9u44K444Oj44K644Oe44K544K/44O8IOODk+ODpeODvOODnuODgeODg+OCryDjg6Hjg7PjgrogSDMyNTE1MTM1,W+mAgeaWmeeEoeaWmV1b44GC44GZ5qW9XVvjg4/jg5/jg6vjg4jjg7NdW+aZguioiF3jgILjg4/jg5/jg6vjg4jjg7MgSGFtaWx0b27jgrjjg6Pjgrrjg57jgrnjgr/jg7wg44OT44Ol44O844Oe44OB44OD44KvIOODoeODs+OCuiBIMzI1MTUxMzU=[rn]
16-122099,aHR0cDovL3RzaG9wLnIxMHMuanAvYmx1ZWsvY2FiaW5ldC90YWdoZXVlci90YWd3YXIyMTFhYmEwNzgyLmpwZz9maXRpbj03MDA6NzAw,MTIxNDgxLjYwMDA=,,6IWV5pmC6KiIID4g44Oh44Oz44K66IWV5pmC6KiI,44K/44Kw44Ob44Kk44Ok44O8IFRBR0hFVUVSIOOCq+ODrOODqSDjg6Hjg7PjgrogV0FSMjExQS5CQTA3ODI=,W+mAgeaWmeeEoeaWmV1b44GC44GZ5qW9XVvjgr/jgrDjg5vjgqTjg6Tjg7xdW+aZguioiF0=,PHRhYmxlIHdpZHRoPSIxMDAlIj48dHIgYmdjb2xvcj0iI2NkMDAyNSIgaGVpZ2h0PSI2MCI+PHRkPjxpbWcgc3JjPSJodHRwOi8vd3d3LnJha3V0ZW4ubmUuanAvZ29sZC9ibHVlay9zZWFyY2gvaW1nL3NhbGVfYWxsLmdpZiIgd2lkdGg9IjEwMCUiPjwvdGQ+PC90cj48dHI+PHRkPjwvdGQ+PC90cj48L3RhYmxlPjx0YWJsZSB3aWR0aD0iMTAwJSIgIGJnY29sb3I9IiMwMTQwOTkiPjx0cj48dGQ+PC90ZD48L3RyPjwvdGFibGU+PHRhYmxlIHdpZHRoPSIxMDAlIiBjZWxsc3BhY2luZz0iNiIgY2VsbHBhZGRpbmc9IjAiIGJnY29sb3I9IiNGNEY0RjQiID48dHI+PHRoPjxiPuiHquekvuijveOCreODo+ODquODkOODvDXmkK3ovInjga4z6Yed44Kr44Os44OpIDM5bW08L2I+PC90aD48L3RyPjx0cj48dGQ+44Kr44Os44Op44Gv44K/44Kw44Ob44Kk44Ok44O844KS5Luj6KGo44GZ44KL44Ko44Os44Ks44Oz44OI44Gq44K544Od44O844OE44Oi44OH44Or44CCMTAw772N6Ziy5rC044Kx44O844K544KE5oyH6Yed77yG44Kk44Oz44OH44OD44Kv44K557Sw6YOo44Gu5LuV5LiK44GS44Gr44KC6auY57Sa5oSf44KS44G+44Go44KP44Gb44Gf44K344Oz44OX44Or44Gn5rSX57e044GV44KM44Gf44OH44K244Kk44Oz44GM5Lq65rCX44Gn44GZ44CC5Lit44Gn44KC6IWV44Gr44GX44Gj44GP44KK6aa05p+T44KAMznjg5/jg6rjgrHjg7zjgrnjgahI5Z6L44OW44Os44K544Gr44OW44Op44OD44Kv44OA44Kk44Ok44Or44KS57WE44G/5ZCI44KP44Gb44Gm57K+5oKN44Gq44GT44GuM+mHneODouODh+ODq+OBr+OAgTPmmYLkvY3nva7jgavml6Xku5jooajnpLrjgZnjgovoh6rli5Xlt7vjgY3jgq3jg6Pjg6rjg5Djg7w144KS5pCt6LyJ44GX44CB6KOP6JOL44GL44KJ6Ieq56S+6KO944Og44O844OW44Oh44Oz44OI44Gu57K+57e744Gq5oSP5Yyg44GM6ZGR6LOe44Gn44GN44KL44Gu44KC6a2F5Yqb44CC5oyH6Yed44Go44OQ44O844Kk44Oz44OH44OD44Kv44K544Gu44K344Or44OQ44O844GM5omL5YWD44Gn44Kt44Op44Oq44Go5YWJ44KS5Y+N5bCE44GV44Gb44KL44Ko44OD44K444Gu5Yq544GE44Gf5LuV5LiK44GS576O44GX44GP44CB5omL5YWD44Gr44Kv44Op44K55oSf44KS5LiO44GI44Gm44Kq44Oz44Kq44OV5ZWP44KP44Ga5rS76LqN44GX44G+44GZ44CCPC90ZD48L3RyPjwvdGFibGU+PHRhYmxlIHdpZHRoPSIxMDAlIiBjZWxsc3BhY2luZz0iNiIgY2VsbHBhZGRpbmc9IjAiIGJnY29sb3I9IiNGNEY0RjQiID48dHI+PHRkPuKWvDxiPjM2MMKwUk9MTCBWSUVXPC9iPjwvdGQ+PC90cj48dHI+PHRkPjxpbWcgc3JjPSJodHRwOi8vaW1hZ2UucmFrdXRlbi5jby5qcC9ibHVlay9jYWJpbmV0LzIwMTQxMF8zNjAvdGFnd2FyMjExYWJhMDc4Mi5naWYiIHdpZHRoPSIxMDAlIiBhbHQ9InJvbGxfdmlldyIgLz48L3RkPjwvdHI+PGJyIC8+PHRyPjx0ZD48aW1nIHNyYz0iaHR0cDovL2ltYWdlLnJha3V0ZW4uY28uanAvYmx1ZWsvY2FiaW5ldC90YWdoZXVlcl9tb2RlbC90YWd3YXIyMTFhYmEwNzgybS5qcGciIHdpZHRoPSIxMDAlIj48YnIgLz48L3RkPjwvdHI+PC90YWJsZT48YnI+4pa8PGI+44K544Oa44OD44KvPC9iPjx0YWJsZSB3aWR0aD0iMTAwJSIgYm9yZGVyPSIxIiBib3JkZXJjb2xvcj0iI2NjYyIgY2VsbHNwYWNpbmc9IjAiIGNlbGxwYWRkaW5nPSI1Ij48dHI+PHRoIGJnY29sb3I9IiNGNEY0RjQiIHdpZHRoPSIzNSUiPuODoeODvOOCq+ODvOWTgeeVqjwvdGg+PHRkIGNvbHNwYW49IjIiPldBUjIxMUEuQkEwNzgyPC90ZD48L3RyPjx0cj48dGggYmdjb2xvcj0iI0Y0RjRGNCIgPuODoOODvOODluODoeODs+ODiDwvdGg+PHRkIGNvbHNwYW49IjIiPuiHquWLleW3u+OBjTwvdGQ+PC90cj48dHI+PHRoIGJnY29sb3I9IiNGNEY0RjQiID7mqZ/og708L3RoPjx0ZCBjb2xzcGFuPSIyIj7jgqvjg6zjg7Pjg4Djg7zmqZ/og70o5pel5LuYKeOAgeODkOODg+OCr+OCueOCseODq+ODiOODszwvdGQ+PC90cj48dHI+PHRoIGJnY29sb3I9IiNGNEY0RjQiID7pmLLmsLQ8L3RoPjx0ZCBjb2xzcGFuPSIyIj4xMDBt6Ziy5rC0KOa9nOawtOS4jeWPryk8L3RkPjwvdHI+PHRyPjx0aCBiZ2NvbG9yPSIjRjRGNEY0IiA+57Sg5p2QPC90aD48dGQgY29sc3Bhbj0iMiI+44K544OG44Oz44Os44K544CB44K144OV44Kh44Kk44Ok44Ks44Op44K5PC90ZD48L3RyPjx0cj48dGggYmdjb2xvcj0iI0Y0RjRGNCIgcm93c3Bhbj0iNCI+44Kr44Op44O8PC90aD48dGQgd2lkdGg9IjI1JSI+5paH5a2X55ukPC90ZD48dGQ+44OW44Op44OD44KvPC90ZD48L3RyPjx0cj48dGQ+44Kx44O844K5PC90ZD48dGQ+44K344Or44OQ44O8PC90ZD48L3RyPjx0cj48dGQ+44OZ44K844OrPC90ZD48dGQ+44K344Or44OQ44O8PC90ZD48L3RyPjx0cj48dGQ+44OZ44Or44OIPC90ZD48dGQ+44K344Or44OQ44O8PC90ZD48L3RyPjx0cj48dGggYmdjb2xvcj0iI0Y0RjRGNCIgcm93c3Bhbj0iNSI+44K144Kk44K6PC90aD48dGQ+44Kx44O844K5PC90ZD48dGQ+57SEMzltbSjjg6rjg6Xjg7zjgrrpmaTjgY8pPC90ZD48L3RyPjx0cj48dGQ+5pys5L2T5Y6a44GVPC90ZD48dGQ+57SEMTJtbTwvdGQ+PC90cj48dHI+PHRkPuiFleWRqOOCijwvdGQ+PHRkPue0hDExLjUmZW5zcDsmIzEyMzE2OyZlbnNwOzE5Y208L3RkPjwvdHI+PHRyPjx0ZD7jg5njg6vjg4jluYU8L3RkPjx0ZD7ntIQxNyZlbnNwOyYjMTIzMTY7JmVuc3A7MThtbTwvdGQ+PC90cj48dHI+PHRkPumHjeOBlTwvdGQ+PHRkPue0hDEzMGc8L3RkPjwvdHI+PC90YWJsZT48YnI+4pa8PGI+5YKZ6ICDPC9iPjx0YWJsZSB3aWR0aD0iMTAwJSIgY2VsbHNwYWNpbmc9IjYiIGNlbGxwYWRkaW5nPSIwIiBiZ2NvbG9yPSIjRjRGNEY0IiA+PHRyPjx0ZD7oibbjgYLjgorjga7jgrfjg6vjg5Djg7zjgrnjg4bjg7Pjg6zjgrnjgrHjg7zjgrnjg7voibbjgYLjgorjga7jgrfjg6vjg5Djg7zjgrnjg4bjg7Pjg6zjgrnjg5njgrzjg6vjg7vjg5bjg6njg4Pjgq/mloflrZfnm6Tjg7vom43lhYnloZfmlpnjgpLmlr3jgZfjgZ/jgrfjg6vjg5Djg7zjga7mjIfph53jg7vjg5Djg7zjgqTjg7Pjg4fjg4Pjgq/jgrnjg7sxMuaZguS9jee9ruOBq+ODluODqeODs+ODieODreOCtOODuzPmmYLkvY3nva7jgavml6Xku5jooajnpLrjg7voibbjgYLjgorjgajoibbjgarjgZfjgrfjg6vjg5Djg7zjgrnjg4bjg7Pjg6zjgrnjgpLntYTjgb/lkIjjgo/jgZvjgZ8z6YCj44OW44Os44K544O744OX44OD44K344Ol5byP44Gu54mH6ZaL44GN44OQ44OD44Kv44Or44O744K544Kv44Oq44Ol44O844OQ44OD44Kv44O744OQ44OD44Kv44K544Kx44Or44OI44Oz44O744OQ44OD44Kv44Or6YOo5YiG44CB5oyv44KK5a2Q44Gr44OW44Op44Oz44OJ44Ot44K044O76KOP6JOL44Gr44K344Oq44Ki44Or44OK44Oz44OQ44O8PGJyIC8+PC90ZD48L3RyPjwvdGFibGU+PGJyPuKWvDxiPuS7mOWxnuWTgTwvYj48dGFibGUgd2lkdGg9IjEwMCUiIGNlbGxzcGFjaW5nPSI1IiBjZWxscGFkZGluZz0iMCIgID48dHI+PHRkPjxpbWcgc3JjPSJodHRwOi8vaW1hZ2UucmFrdXRlbi5jby5qcC9ibHVlay9jYWJpbmV0L2JveC90YWdoZXVlcmJveC5qcGciIHdpZHRoPSIxMDAlIiA+PC90ZD48L3RyPjx0cj48dGQ+4pag44K/44Kw44Ob44Kk44Ok44O844Gu5LuY5bGe5ZOB77ya44K/44Kw44Ob44Kk44Ok44O844Gu5LuY5bGe5ZOB77ya44Ku44Oj44Op44Oz44OG44Kj44O8KOWbvemam+S/neiovOabuCnjgIHoqqzmmI7mm7jjgIHjg6Hjg7zjgqvjg7zntJTmraPjg5zjg4Pjgq/jgrk8YnIgLz7igLvku5jlsZ7lk4HjgavplqLjgZfjgabjga/lhaXojbfmmYLmnJ/jgavjgojjgorku5Xmp5jjgYznlbDjgarjgovlj6/og73mgKfjgYzjgYLjgorjgb7jgZnjgII8L3RkPjwvdHI+PHRyPjx0ZD7oqbPntLDjga/jgZPjgaHjgonjgojjgorjgZTopqfjgYTjgZ/jgaDjgZHjgb7jgZnjgIIoUEPjg5rjg7zjgrgpPC90ZD48L3RyPjwvdGFibGU+PCEtLeOBguOBmealveihqOiomC0tPjxmb250IGNvbG9yPSIjRkYwMDAwIj48Yj7jgZPjgaHjgonjga/jgJDjgYLjgZnmpb3jgJHlr77lv5zllYblk4HjgafjgZnjgII8YnI+4oC75bmz5pelMTPmmYLjgb7jgafjga7ku6Pph5HlvJXmj5vjgafjga7jgZTms6jmlofjgYzlr77osaHjgajjgarjgorjgb7jgZnjgII8L2I+PC9mb250Pg==,44K/44Kw44Ob44Kk44Ok44O8IFRBR0hFVUVSIOOCq+ODrOODqSDjg6Hjg7PjgrogV0FSMjExQS5CQTA3ODLvvJrjg5bjg6vjg7zjgq/jgqbjgqnjg4Pjg4Hjgqvjg7Pjg5Hjg4vjg7w=,44Ot44Os44OD44Kv44K544Kq44Oh44Ks44OV44Op44Oz44Kv44Of44Ol44Op44O844Km44OW44Ot44OP44Oq44O844Km44Kj44Oz44K544OI44Oz44OP44Of44Or44OI44Oz44Ks44Ks44Of44Op44OO44OW44Or44Ks44Oq44Kw44OD44OB44K844OL44K544Oc44OD44OG44Ks44O044Kn44ON44K/44OX44Op44OA44K344Oj44ON44Or44Or44Kk44O044Kj44OI44Oz44Kv44Ot44Ko44K744Oq44O844OM44OV44Kn44Op44Ks44Oi44Ot44Ko44OZ44Kq44Ot44OT44Ki44Oz44Kz44K144Oz44Ot44O844Op44Oz44K/44Kw44Ob44Kk44Ok44O8IFRBR0hFVUVSIOOCq+ODrOODqSDjg6Hjg7PjgrogV0FSMjExQS5CQTA3ODI=,W+mAgeaWmeeEoeaWmV1b44GC44GZ5qW9XVvjgr/jgrDjg5vjgqTjg6Tjg7xdW+aZguioiF3jgILjgr/jgrDjg5vjgqTjg6Tjg7wgVEFHSEVVRVIg44Kr44Os44OpIOODoeODs+OCuiBXQVIyMTFBLkJBMDc4Mg==[rn]
16-122100,aHR0cDovL3RzaG9wLnIxMHMuanAvYmx1ZWsvY2FiaW5ldC9vbWVnYWQvNDI0LTEzLTQwLTIwLTAyLTAwMS5qcGc/Zml0aW49NzAwOjcwMA==,MjAxNDgxLjYwMDA=,,6IWV5pmC6KiIID4g44Oh44Oz44K66IWV5pmC6KiI,44Kq44Oh44KsIE9NRUdBIOODh+ODk+ODqyDjg5fjg6zjgrnjg4bjg7zjgrgg44Ki44Oq44Ky44O844K/44O844Os44K244O8IOODoeODs+OCuiA0MjQuMTMuNDAuMjAuMDIuMDAx,W+mAgeaWmeeEoeaWmV1b44Kq44Oh44KsXVvmmYLoqIhd,PHRhYmxlIHdpZHRoPSIxMDAlIj48dHIgYmdjb2xvcj0iI2NkMDAyNSIgaGVpZ2h0PSI2MCI+PHRkPjxpbWcgc3JjPSJodHRwOi8vd3d3LnJha3V0ZW4ubmUuanAvZ29sZC9ibHVlay9zZWFyY2gvaW1nL3NhbGVfb21lZ2EuZ2lmIiB3aWR0aD0iMTAwJSI+PC90ZD48L3RyPjx0cj48dGQ+PC90ZD48L3RyPjwvdGFibGU+PHRhYmxlIHdpZHRoPSIxMDAlIiAgYmdjb2xvcj0iIzAxNDA5OSI+PHRyPjx0ZD48L3RkPjwvdHI+PC90YWJsZT48dGFibGUgd2lkdGg9IjEwMCUiIGNlbGxzcGFjaW5nPSI2IiBjZWxscGFkZGluZz0iMCIgYmdjb2xvcj0iI0Y0RjRGNCIgPjx0cj48dGg+PGI+PC9iPjwvdGg+PC90cj48dHI+PHRkPuawl+WTgea8guOBhuOCt+ODq+ODkOODvOODgOOCpOODpOODq+OBqOOAgemrmOe0muaEn+OBguOBteOCjOOCi+ODluODqeODg+OCr+OCouODquOCsuODvOOCv+ODvOODrOOCtuODvOODmeODq+ODiOOBjOagvOiqv+mrmOOBj+OCqOODrOOCrOODs+ODiOOBquaJi+WFg+OCkuOBpOOBj+OCizQw44Of44Oq44Kq44Oh44Ks44OH44OT44Or44OX44Os44K544OG44O844K46Ieq5YuV5be744GN44Kz44O844Ki44Kv44K344Oj44Or44Kv44Ot44OO44Oh44O844K/44O844Gn44GZ44CCM+aZguS9jee9ruOBq+aXpeS7mOeqk+OCkuWCmeOBiOOBn+ODgOOCpOODpOODq+OBr+OAgemdnuW4uOOBq+aflOOCieOBi+OBquiJsuWQiOOBhOOBruOCt+ODq+ODkOODvOOBp+S7leS4iuOBkuOCieOCjOOAgeOCt+ODq+ODkOODvOOCseODvOOCueOBqOWQjOOBmOOCt+ODq+ODkOODvOaMh+mHneOAgeODreODvOODnuODs++8huODkOODvOOCpOODs+ODh+ODg+OCr+OCueOBruOCt+ODq+ODkOODvOOBjOOCreODqeODquOBqOaYoOOBiOOBpuOAgemdnuW4uOOBq+OCt+ODs+ODl+ODq+OBp+e+juOBl+OBhOihqOaDheOCkuimi+OBm+OBpuOBhOOBvuOBmeOAguOCseODvOOCueWOmjEw44Of44Oq44Gu6JaE5Z6L44Gn44CB6YeN44GVNjDjgrDjg6njg6DjgajnnYDjgZHlv4PlnLDjgoLou73lv6vjgILmmYLoqIjjgpLplbfjgY/mhJvnlKjjgZfjgZ/jgYTkurrjgavjgYrjgZnjgZnjgoHjgafjgZnjgII8L3RkPjwvdHI+PC90YWJsZT48dGFibGUgd2lkdGg9IjEwMCUiIGNlbGxzcGFjaW5nPSI2IiBjZWxscGFkZGluZz0iMCIgYmdjb2xvcj0iI0Y0RjRGNCIgPjx0cj48dGQ+4pa8PGI+MzYwwrBST0xMIFZJRVc8L2I+PC90ZD48L3RyPjx0cj48dGQ+PGltZyBzcmM9Imh0dHA6Ly9pbWFnZS5yYWt1dGVuLmNvLmpwL2JsdWVrL2NhYmluZXQvMjAxNDA2XzM2MC80MjQtMTMtNDAtMjAtMDItMDAxLmdpZiIgd2lkdGg9IjEwMCUiIGFsdD0icm9sbF92aWV3IiAvPjwvdGQ+PC90cj48YnIgLz48dHI+PHRkPjxpbWcgc3JjPSJodHRwOi8vaW1hZ2UucmFrdXRlbi5jby5qcC9ibHVlay9jYWJpbmV0L29tZWdhZF9tb2RlbC80MjQtMTMtNDAtMjAtMDItMDAxbS5qcGciIHdpZHRoPSIxMDAlIj48YnIgLz48L3RkPjwvdHI+PC90YWJsZT48YnI+4pa8PGI+44K544Oa44OD44KvPC9iPjx0YWJsZSB3aWR0aD0iMTAwJSIgYm9yZGVyPSIxIiBib3JkZXJjb2xvcj0iI2NjYyIgY2VsbHNwYWNpbmc9IjAiIGNlbGxwYWRkaW5nPSI1Ij48dHI+PHRoIGJnY29sb3I9IiNGNEY0RjQiIHdpZHRoPSIzNSUiPuODoeODvOOCq+ODvOWTgeeVqjwvdGg+PHRkIGNvbHNwYW49IjIiPjQyNC4xMy40MC4yMC4wMi4wMDE8L3RkPjwvdHI+PHRyPjx0aCBiZ2NvbG9yPSIjRjRGNEY0IiA+44Og44O844OW44Oh44Oz44OIPC90aD48dGQgY29sc3Bhbj0iMiI+6Ieq5YuV5be744GNKOOCr+ODreODjuODoeODvOOCv+ODvCk8L3RkPjwvdHI+PHRyPjx0aCBiZ2NvbG9yPSIjRjRGNEY0IiA+5qmf6IO9PC90aD48dGQgY29sc3Bhbj0iMiI+44Kz44O844Ki44Kv44K344Oj44Or44CB44Kr44Os44Oz44OA44O85qmf6IO9KOaXpeS7mCk8L3RkPjwvdHI+PHRyPjx0aCBiZ2NvbG9yPSIjRjRGNEY0IiA+6Ziy5rC0PC90aD48dGQgY29sc3Bhbj0iMiI+5pel5bi455Sf5rS76Ziy5rC0PC90ZD48L3RyPjx0cj48dGggYmdjb2xvcj0iI0Y0RjRGNCIgPue0oOadkDwvdGg+PHRkIGNvbHNwYW49IjIiPuOCueODhuODs+ODrOOCueOAgeOCouODquOCsuODvOOCv+ODvOODrOOCtuODvOOAgeOCteODleOCoeOCpOODpOOCrOODqeOCuTwvdGQ+PC90cj48dHI+PHRoIGJnY29sb3I9IiNGNEY0RjQiIHJvd3NwYW49IjQiPuOCq+ODqeODvDwvdGg+PHRkIHdpZHRoPSIyNSUiPuaWh+Wtl+ebpDwvdGQ+PHRkPuOCt+ODq+ODkOODvDwvdGQ+PC90cj48dHI+PHRkPuOCseODvOOCuTwvdGQ+PHRkPuOCt+ODq+ODkOODvDwvdGQ+PC90cj48dHI+PHRkPuODmeOCvOODqzwvdGQ+PHRkPuOCt+ODq+ODkOODvDwvdGQ+PC90cj48dHI+PHRkPuODmeODq+ODiDwvdGQ+PHRkPuODluODqeODg+OCrzwvdGQ+PC90cj48dHI+PHRoIGJnY29sb3I9IiNGNEY0RjQiIHJvd3NwYW49IjUiPuOCteOCpOOCujwvdGg+PHRkPuOCseODvOOCuTwvdGQ+PHRkPue0hDQwbW0o44Oq44Ol44O844K66Zmk44GPKTwvdGQ+PC90cj48dHI+PHRkPuacrOS9k+WOmuOBlTwvdGQ+PHRkPue0hDltbTwvdGQ+PC90cj48dHI+PHRkPuiFleWRqOOCijwvdGQ+PHRkPue0hDE3LjUmZW5zcDsmIzEyMzE2OyZlbnNwOzIxY208L3RkPjwvdHI+PHRyPjx0ZD7jg5njg6vjg4jluYU8L3RkPjx0ZD7ntIQxOCZlbnNwOyYjMTIzMTY7JmVuc3A7MjBtbTwvdGQ+PC90cj48dHI+PHRkPumHjeOBlTwvdGQ+PHRkPue0hDYwZzwvdGQ+PC90cj48L3RhYmxlPjxicj7ilrw8Yj7lgpnogIM8L2I+PHRhYmxlIHdpZHRoPSIxMDAlIiBjZWxsc3BhY2luZz0iNiIgY2VsbHBhZGRpbmc9IjAiIGJnY29sb3I9IiNGNEY0RjQiID48dHI+PHRkPuiJtuOBguOCiuOBruOCt+ODq+ODkOODvOOCueODhuODs+ODrOOCueOCseODvOOCueODu+iJtuOBguOCiuOBruOCt+ODq+ODkOODvOODmeOCvOODq+ODu+OCt+ODq+ODkOODvOaWh+Wtl+ebpOODu+OCt+ODq+ODkOODvOOBruaMh+mHneODu+ODreODvOODnuODs+OBqOODkOODvOOCpOODs+ODh+ODg+OCr+OCueODuzEy5pmC5L2N572u44Gr44OW44Op44Oz44OJ44Ot44K044O7M+aZguS9jee9ruOBq+aXpeS7mOihqOekuuODu+ODluODqeODg+OCr+OBrumdqeODmeODq+ODiOODu+eptOeVmeOCgeW8j+ODkOODg+OCr+ODq+ODu+iFleWRqOOCiuiqv+aVtOOBr+e0hDZtbeW5heOBrumWk+malOOBpzfmrrXpmo7lj6/og73jg7vjg5Djg4Pjgq/jg6vpg6jliIbjgIHoo4/ok4vjgavjg5bjg6njg7Pjg4njg63jgrTjg7voo4/ok4vjgavjgrfjg6rjgqLjg6vjg4rjg7Pjg5Djg7w8L3RkPjwvdHI+PC90YWJsZT48YnI+4pa8PGI+5LuY5bGe5ZOBPC9iPjx0YWJsZSB3aWR0aD0iMTAwJSIgY2VsbHNwYWNpbmc9IjUiIGNlbGxwYWRkaW5nPSIwIiAgPjx0cj48dGQ+PGltZyBzcmM9Imh0dHA6Ly9pbWFnZS5yYWt1dGVuLmNvLmpwL2JsdWVrL2NhYmluZXQvYm94L29tZWdhYm94LmpwZyIgd2lkdGg9IjEwMCUiID48L3RkPjwvdHI+PHRyPjx0ZD7ilqDjgqrjg6Hjgqzjga7ku5jlsZ7lk4HvvJrjgqrjg6Hjgqzjga7ku5jlsZ7lk4HvvJrjgq7jg6Pjg6njg7Pjg4bjgqPjg7wo5Zu96Zqb5L+d6Ki85pu4KeOAgeiqrOaYjuabuOOAgeODoeODvOOCq+ODvOe0lOato+ODnOODg+OCr+OCuTxiciAvPuKAu+ODnOODg+OCr+OCueOAgeOCruODo+ODqeODs+ODhuOCo+ODvOOBquOBqeOBruS7mOWxnuWTgeOBq+mWouOBl+OBpuOBr+WFpeiNt+aZguacn+OBq+OCiOOCiuS7leanmOOBjOeVsOOBquOCi+WPr+iDveaAp+OBjOOBguOCiuOBvuOBmeOAgjwvdGQ+PC90cj48dHI+PHRkPuips+e0sOOBr+OBk+OBoeOCieOCiOOCiuOBlOimp+OBhOOBn+OBoOOBkeOBvuOBmeOAgihQQ+ODmuODvOOCuCk8L3RkPjwvdHI+PC90YWJsZT4=,44Kq44Oh44KsIE9NRUdBIOODh+ODk+ODqyDjg5fjg6zjgrnjg4bjg7zjgrgg44Ki44Oq44Ky44O844K/44O844Os44K244O8IOODoeODs+OCuiA0MjQuMTMuNDAuMjAuMDIuMDAx77ya44OW44Or44O844Kv44Km44Kp44OD44OB44Kr44Oz44OR44OL44O8,44Ot44Os44OD44Kv44K544Kq44Oh44Ks44OV44Op44Oz44Kv44Of44Ol44Op44O844Km44OW44Ot44OP44Oq44O844Km44Kj44Oz44K544OI44Oz44OP44Of44Or44OI44Oz44Ks44Ks44Of44Op44OO44OW44Or44Ks44Oq44Kw44OD44OB44K844OL44K544Oc44OD44OG44Ks44O044Kn44ON44K/44OX44Op44OA44K344Oj44ON44Or44Or44Kk44O044Kj44OI44Oz44Kv44Ot44Ko44K744Oq44O844OM44OV44Kn44Op44Ks44Oi44Ot44Ko44OZ44Kq44Ot44OT44Ki44Oz44Kz44K144Oz44Ot44O844Op44Oz44Kq44Oh44KsIE9NRUdBIOODh+ODk+ODqyDjg5fjg6zjgrnjg4bjg7zjgrgg44Ki44Oq44Ky44O844K/44O844Os44K244O8IOODoeODs+OCuiA0MjQuMTMuNDAuMjAuMDIuMDAx,W+mAgeaWmeeEoeaWmV1b44Kq44Oh44KsXVvmmYLoqIhd44CC44Kq44Oh44KsIE9NRUdBIOODh+ODk+ODqyDjg5fjg6zjgrnjg4bjg7zjgrgg44Ki44Oq44Ky44O844K/44O844Os44K244O8IOODoeODs+OCuiA0MjQuMTMuNDAuMjAuMDIuMDAx[rn]
