16-182801,aHR0cDovL3RzaG9wLnIxMHMuanAvZHRjL2NhYmluZXQvMjAxNjAzMjJhLzQ1NjIzNTY5OTc4NDguanBnP2ZpdGluPTcwMDo3MDA=,MTg4OC4wMDAw,,44K544Oe44O844OI44OV44Kp44Oz44O744K/44OW44Os44OD44OIID4g44K544Oe44O844OI44OV44Kp44Oz44Ki44Kv44K744K144Oq44O8ID4g44K544Oe44O844OI44OV44Kp44Oz44Kx44O844K5,44Os44Kk44O744Ki44Km44OIaVBob25lIFNF55So44CA5omL5biz5Z6L44Kx44O844K55pys6Z2p44K544OK44OD44OX44Oc44K/44Oz44CA44OA44O844Kv44OW44Op44Km44Oz44CAUlRQMTFSTEMyREs=,44CA,44CUaVBob25lIFNF55So44CVCuOCouOCr+OCu+OCteODquODvOOAgg==,44Os44Kk44O744Ki44Km44OIaVBob25lIFNF55So44CA5omL5biz5Z6L44Kx44O844K55pys6Z2p44K544OK44OD44OX44Oc44K/44Oz44CA44OA44O844Kv44OW44Op44Km44Oz44CAUlRQMTFSTEMyREvvvJrjgr3jg5Xjg57jg4Pjg5fmpb3lpKnluILloLTlupc=,44K944OV44Oe44OD44OXU29mbWFw44OR44K944Kz44Oz44K/44OW44Os44OD44OIUENIRETjgqLjgrvjg7Pjg5bjg6rjg5Hjg7zjg4Tjg5Hjgr3jgrPjg7Pjg5Hjg7zjg4Tjg4bjg6zjg5PjgrLjg7zjg6Djg5bjg6vjg7zjg6zjgqTjgr3jg5Xjg4hEVkTjgr3jg5Xjg4jmtrLmmbbjg4bjg6zjg5Pjg5bjg6vjg7zjg6zjgqTjg4fjgqPjgrnjgq/jg6zjgrPjg7zjg4Djg7zjg4fjgrjjgr/jg6vkuIDnnLzjg6zjg5Xjgqvjg6Hjg6njg4fjgrjjgr/jg6vjgqvjg6Hjg6nlrrbpm7vmmYLoqIjkuK3lj6TjgqLjgqbjg4jjg6zjg4Pjg4hpUGFkaVBob25l44Os44Kk44O744Ki44Km44OIaVBob25lIFNF55So44CA5omL5biz5Z6L44Kx44O844K55pys6Z2p44K544OK44OD44OX44Oc44K/44Oz44CA44OA44O844Kv44OW44Op44Km44Oz44CAUlRQMTFSTEMyREs=,44CA44CC44Os44Kk44O744Ki44Km44OIaVBob25lIFNF55So44CA5omL5biz5Z6L44Kx44O844K55pys6Z2p44K544OK44OD44OX44Oc44K/44Oz44CA44OA44O844Kv44OW44Op44Km44Oz44CAUlRQMTFSTEMyREs=[rn]
16-182802,aHR0cDovL3RzaG9wLnIxMHMuanAvZHRjL2NhYmluZXQvMjAxNjAzMjJhLzQ1NjIzNTY5OTc4NjIuanBnP2ZpdGluPTcwMDo3MDA=,MTk1Mi4wMDAw,,44K544Oe44O844OI44OV44Kp44Oz44O744K/44OW44Os44OD44OIID4g44K544Oe44O844OI44OV44Kp44Oz44Ki44Kv44K744K144Oq44O8ID4g44K544Oe44O844OI44OV44Kp44Oz44Kx44O844K5,44Os44Kk44O744Ki44Km44OIaVBob25lIFNF55So44CA5omL5biz5Z6L44Kx44O844K55pys6Z2p44K544OK44OD44OX44Oc44K/44Oz44CA44Kt44Oj44Oh44Or44CAUlRQMTFSTEMySw==,44CA,44CUaVBob25lIFNF55So44CVCuOCouOCr+OCu+OCteODquODvOOAgg==,44Os44Kk44O744Ki44Km44OIaVBob25lIFNF55So44CA5omL5biz5Z6L44Kx44O844K55pys6Z2p44K544OK44OD44OX44Oc44K/44Oz44CA44Kt44Oj44Oh44Or44CAUlRQMTFSTEMyS++8muOCveODleODnuODg+ODl+alveWkqeW4guWgtOW6lw==,44K944OV44Oe44OD44OXU29mbWFw44OR44K944Kz44Oz44K/44OW44Os44OD44OIUENIRETjgqLjgrvjg7Pjg5bjg6rjg5Hjg7zjg4Tjg5Hjgr3jgrPjg7Pjg5Hjg7zjg4Tjg4bjg6zjg5PjgrLjg7zjg6Djg5bjg6vjg7zjg6zjgqTjgr3jg5Xjg4hEVkTjgr3jg5Xjg4jmtrLmmbbjg4bjg6zjg5Pjg5bjg6vjg7zjg6zjgqTjg4fjgqPjgrnjgq/jg6zjgrPjg7zjg4Djg7zjg4fjgrjjgr/jg6vkuIDnnLzjg6zjg5Xjgqvjg6Hjg6njg4fjgrjjgr/jg6vjgqvjg6Hjg6nlrrbpm7vmmYLoqIjkuK3lj6TjgqLjgqbjg4jjg6zjg4Pjg4hpUGFkaVBob25l44Os44Kk44O744Ki44Km44OIaVBob25lIFNF55So44CA5omL5biz5Z6L44Kx44O844K55pys6Z2p44K544OK44OD44OX44Oc44K/44Oz44CA44Kt44Oj44Oh44Or44CAUlRQMTFSTEMySw==,44CA44CC44Os44Kk44O744Ki44Km44OIaVBob25lIFNF55So44CA5omL5biz5Z6L44Kx44O844K55pys6Z2p44K544OK44OD44OX44Oc44K/44Oz44CA44Kt44Oj44Oh44Or44CAUlRQMTFSTEMySw==[rn]
16-182803,aHR0cDovL3RzaG9wLnIxMHMuanAvZHRjL2NhYmluZXQvMjAxNzAyMDduOS80OTQyMzIyMjE0OTMxLmpwZz9maXRpbj03MDA6NzAw,MTYxNi4wMDAw,,44K544Oe44O844OI44OV44Kp44Oz44O744K/44OW44Os44OD44OIID4g44K544Oe44O844OI44OV44Kp44Oz44Ki44Kv44K744K144Oq44O8ID4g44K544Oe44O844OI44OV44Kp44Oz44Kx44O844K5,44Kq44Km44Or44OG44OD44KvaVBob25lIFNF55SoIGt1Ym9xIOWQiOearuaJi+W4s+Wei+OCseODvOOCuSDljYPps6XmoLzlrZAgT1dMQ1ZJUDVTRTAyQktX,44CA,44CUaVBob25lIFNF55So44CVCuOCouOCr+OCu+OCteODquODvOOAgg==,44Kq44Km44Or44OG44OD44KvaVBob25lIFNF55SoIGt1Ym9xIOWQiOearuaJi+W4s+Wei+OCseODvOOCuSDljYPps6XmoLzlrZAgT1dMQ1ZJUDVTRTAyQktX77ya44K944OV44Oe44OD44OX5qW95aSp5biC5aC05bqX,44K944OV44Oe44OD44OXU29mbWFw44OR44K944Kz44Oz44K/44OW44Os44OD44OIUENIRETjgqLjgrvjg7Pjg5bjg6rjg5Hjg7zjg4Tjg5Hjgr3jgrPjg7Pjg5Hjg7zjg4Tjg4bjg6zjg5PjgrLjg7zjg6Djg5bjg6vjg7zjg6zjgqTjgr3jg5Xjg4hEVkTjgr3jg5Xjg4jmtrLmmbbjg4bjg6zjg5Pjg5bjg6vjg7zjg6zjgqTjg4fjgqPjgrnjgq/jg6zjgrPjg7zjg4Djg7zjg4fjgrjjgr/jg6vkuIDnnLzjg6zjg5Xjgqvjg6Hjg6njg4fjgrjjgr/jg6vjgqvjg6Hjg6nlrrbpm7vmmYLoqIjkuK3lj6TjgqLjgqbjg4jjg6zjg4Pjg4hpUGFkaVBob25l44Kq44Km44Or44OG44OD44KvaVBob25lIFNF55SoIGt1Ym9xIOWQiOearuaJi+W4s+Wei+OCseODvOOCuSDljYPps6XmoLzlrZAgT1dMQ1ZJUDVTRTAyQktX,44CA44CC44Kq44Km44Or44OG44OD44KvaVBob25lIFNF55SoIGt1Ym9xIOWQiOearuaJi+W4s+Wei+OCseODvOOCuSDljYPps6XmoLzlrZAgT1dMQ1ZJUDVTRTAyQktX[rn]
16-182804,aHR0cDovL3RzaG9wLnIxMHMuanAvZHRjL2NhYmluZXQvMjAxNjAzMjJhLzQ1NjIzNTgwOTcyMjUuanBnP2ZpdGluPTcwMDo3MDA=,MTUzNi4wMDAw,,44K544Oe44O844OI44OV44Kp44Oz44O744K/44OW44Os44OD44OIID4g44K544Oe44O844OI44OV44Kp44Oz44Ki44Kv44K744K144Oq44O8ID4g44K544Oe44O844OI44OV44Kp44Oz44Kx44O844K5,UEdBaVBob25lIFNF55So44CA44OV44Oq44OD44OX44Kr44OQ44O8IFBV44Os44K244O844CA44Ov44Kk44Oz44Os44OD44OJ44CAUEctSTVFRlAxMVJE,44CA,44CUaVBob25lIFNF55So44CVCuOCouOCr+OCu+OCteODquODvOOAgg==,UEdBaVBob25lIFNF55So44CA44OV44Oq44OD44OX44Kr44OQ44O8IFBV44Os44K244O844CA44Ov44Kk44Oz44Os44OD44OJ44CAUEctSTVFRlAxMVJE77ya44K944OV44Oe44OD44OX5qW95aSp5biC5aC05bqX,44K944OV44Oe44OD44OXU29mbWFw44OR44K944Kz44Oz44K/44OW44Os44OD44OIUENIRETjgqLjgrvjg7Pjg5bjg6rjg5Hjg7zjg4Tjg5Hjgr3jgrPjg7Pjg5Hjg7zjg4Tjg4bjg6zjg5PjgrLjg7zjg6Djg5bjg6vjg7zjg6zjgqTjgr3jg5Xjg4hEVkTjgr3jg5Xjg4jmtrLmmbbjg4bjg6zjg5Pjg5bjg6vjg7zjg6zjgqTjg4fjgqPjgrnjgq/jg6zjgrPjg7zjg4Djg7zjg4fjgrjjgr/jg6vkuIDnnLzjg6zjg5Xjgqvjg6Hjg6njg4fjgrjjgr/jg6vjgqvjg6Hjg6nlrrbpm7vmmYLoqIjkuK3lj6TjgqLjgqbjg4jjg6zjg4Pjg4hpUGFkaVBob25lUEdBaVBob25lIFNF55So44CA44OV44Oq44OD44OX44Kr44OQ44O8IFBV44Os44K244O844CA44Ov44Kk44Oz44Os44OD44OJ44CAUEctSTVFRlAxMVJE,44CA44CCUEdBaVBob25lIFNF55So44CA44OV44Oq44OD44OX44Kr44OQ44O8IFBV44Os44K244O844CA44Ov44Kk44Oz44Os44OD44OJ44CAUEctSTVFRlAxMVJE[rn]
16-182805,aHR0cDovL3RzaG9wLnIxMHMuanAvZHRjL2NhYmluZXQvMjAxNzAxMjZuOS80NTYyMzU4MDk3MjQ5LmpwZz9maXRpbj03MDA6NzAw,MTk4NC4wMDAw,,44K544Oe44O844OI44OV44Kp44Oz44O744K/44OW44Os44OD44OIID4g44K544Oe44O844OI44OV44Kp44Oz44Ki44Kv44K744K144Oq44O8ID4g44K544Oe44O844OI44OV44Kp44Oz44Kx44O844K5,UEdBaVBob25lIFNF55So44CA44OV44Oq44OD44OX44Kr44OQ44O8IFBV44Os44K244O844CA44OW44Op44OD44Kv44CAUEctSTVFRlAxM0JL,44CA,44CUaVBob25lIFNF55So44CVCuOCouOCr+OCu+OCteODquODvOOAgg==,UEdBaVBob25lIFNF55So44CA44OV44Oq44OD44OX44Kr44OQ44O8IFBV44Os44K244O844CA44OW44Op44OD44Kv44CAUEctSTVFRlAxM0JL77ya44K944OV44Oe44OD44OX5qW95aSp5biC5aC05bqX,44K944OV44Oe44OD44OXU29mbWFw44OR44K944Kz44Oz44K/44OW44Os44OD44OIUENIRETjgqLjgrvjg7Pjg5bjg6rjg5Hjg7zjg4Tjg5Hjgr3jgrPjg7Pjg5Hjg7zjg4Tjg4bjg6zjg5PjgrLjg7zjg6Djg5bjg6vjg7zjg6zjgqTjgr3jg5Xjg4hEVkTjgr3jg5Xjg4jmtrLmmbbjg4bjg6zjg5Pjg5bjg6vjg7zjg6zjgqTjg4fjgqPjgrnjgq/jg6zjgrPjg7zjg4Djg7zjg4fjgrjjgr/jg6vkuIDnnLzjg6zjg5Xjgqvjg6Hjg6njg4fjgrjjgr/jg6vjgqvjg6Hjg6nlrrbpm7vmmYLoqIjkuK3lj6TjgqLjgqbjg4jjg6zjg4Pjg4hpUGFkaVBob25lUEdBaVBob25lIFNF55So44CA44OV44Oq44OD44OX44Kr44OQ44O8IFBV44Os44K244O844CA44OW44Op44OD44Kv44CAUEctSTVFRlAxM0JL,44CA44CCUEdBaVBob25lIFNF55So44CA44OV44Oq44OD44OX44Kr44OQ44O8IFBV44Os44K244O844CA44OW44Op44OD44Kv44CAUEctSTVFRlAxM0JL[rn]
16-182806,aHR0cDovL3RzaG9wLnIxMHMuanAvZHRjL2NhYmluZXQvMjAxNzAxMjZuOS80NTYyMzU4MDk3MjcwLmpwZz9maXRpbj03MDA6NzAw,MTk4NC4wMDAw,,44K544Oe44O844OI44OV44Kp44Oz44O744K/44OW44Os44OD44OIID4g44K544Oe44O844OI44OV44Kp44Oz44Ki44Kv44K744K144Oq44O8ID4g44K544Oe44O844OI44OV44Kp44Oz44Kx44O844K5,UEdBaVBob25lIFNF55So44CA44OV44Oq44OD44OX44Kr44OQ44O8IOOCreODo+ODs+ODkOOCueOAgOODkOODvOOCrOODs+ODh+OCo+OAgFBHLUk1RUZQMTZSRA==,44CA,44CUaVBob25lIFNF55So44CVCuOCouOCr+OCu+OCteODquODvOOAgg==,UEdBaVBob25lIFNF55So44CA44OV44Oq44OD44OX44Kr44OQ44O8IOOCreODo+ODs+ODkOOCueOAgOODkOODvOOCrOODs+ODh+OCo+OAgFBHLUk1RUZQMTZSRO+8muOCveODleODnuODg+ODl+alveWkqeW4guWgtOW6lw==,44K944OV44Oe44OD44OXU29mbWFw44OR44K944Kz44Oz44K/44OW44Os44OD44OIUENIRETjgqLjgrvjg7Pjg5bjg6rjg5Hjg7zjg4Tjg5Hjgr3jgrPjg7Pjg5Hjg7zjg4Tjg4bjg6zjg5PjgrLjg7zjg6Djg5bjg6vjg7zjg6zjgqTjgr3jg5Xjg4hEVkTjgr3jg5Xjg4jmtrLmmbbjg4bjg6zjg5Pjg5bjg6vjg7zjg6zjgqTjg4fjgqPjgrnjgq/jg6zjgrPjg7zjg4Djg7zjg4fjgrjjgr/jg6vkuIDnnLzjg6zjg5Xjgqvjg6Hjg6njg4fjgrjjgr/jg6vjgqvjg6Hjg6nlrrbpm7vmmYLoqIjkuK3lj6TjgqLjgqbjg4jjg6zjg4Pjg4hpUGFkaVBob25lUEdBaVBob25lIFNF55So44CA44OV44Oq44OD44OX44Kr44OQ44O8IOOCreODo+ODs+ODkOOCueOAgOODkOODvOOCrOODs+ODh+OCo+OAgFBHLUk1RUZQMTZSRA==,44CA44CCUEdBaVBob25lIFNF55So44CA44OV44Oq44OD44OX44Kr44OQ44O8IOOCreODo+ODs+ODkOOCueOAgOODkOODvOOCrOODs+ODh+OCo+OAgFBHLUk1RUZQMTZSRA==[rn]
16-182807,aHR0cDovL3RzaG9wLnIxMHMuanAvZHRjL2NhYmluZXQvMjAxNzAxMjZuOS80NTYyMzU4MDk3MzI0LmpwZz9maXRpbj03MDA6NzAw,MTU1Mi4wMDAw,,44K544Oe44O844OI44OV44Kp44Oz44O744K/44OW44Os44OD44OIID4g44K544Oe44O844OI44OV44Kp44Oz44Ki44Kv44K744K144Oq44O8ID4g44K544Oe44O844OI44OV44Kp44Oz44Kx44O844K5,UEdBaVBob25lIFNF55SoIOOCouODq+ODn+ODkOODs+ODkeODvCDjg5bjg6njg4Pjgq8gUEdJNUVCUDAzQks=,44CA,44CUaVBob25lIFNF55So44CVCuOCouOCr+OCu+OCteODquODvOOAgg==,UEdBaVBob25lIFNF55SoIOOCouODq+ODn+ODkOODs+ODkeODvCDjg5bjg6njg4Pjgq8gUEdJNUVCUDAzQkvvvJrjgr3jg5Xjg57jg4Pjg5fmpb3lpKnluILloLTlupc=,44K944OV44Oe44OD44OXU29mbWFw44OR44K944Kz44Oz44K/44OW44Os44OD44OIUENIRETjgqLjgrvjg7Pjg5bjg6rjg5Hjg7zjg4Tjg5Hjgr3jgrPjg7Pjg5Hjg7zjg4Tjg4bjg6zjg5PjgrLjg7zjg6Djg5bjg6vjg7zjg6zjgqTjgr3jg5Xjg4hEVkTjgr3jg5Xjg4jmtrLmmbbjg4bjg6zjg5Pjg5bjg6vjg7zjg6zjgqTjg4fjgqPjgrnjgq/jg6zjgrPjg7zjg4Djg7zjg4fjgrjjgr/jg6vkuIDnnLzjg6zjg5Xjgqvjg6Hjg6njg4fjgrjjgr/jg6vjgqvjg6Hjg6nlrrbpm7vmmYLoqIjkuK3lj6TjgqLjgqbjg4jjg6zjg4Pjg4hpUGFkaVBob25lUEdBaVBob25lIFNF55SoIOOCouODq+ODn+ODkOODs+ODkeODvCDjg5bjg6njg4Pjgq8gUEdJNUVCUDAzQks=,44CA44CCUEdBaVBob25lIFNF55SoIOOCouODq+ODn+ODkOODs+ODkeODvCDjg5bjg6njg4Pjgq8gUEdJNUVCUDAzQks=[rn]
16-182808,aHR0cDovL3RzaG9wLnIxMHMuanAvZHRjL2NhYmluZXQvMjAxNjAzMjJhLzQ1NjIzNTY5OTgxNTkuanBnP2ZpdGluPTcwMDo3MDA=,MTkwNC4wMDAw,,44K544Oe44O844OI44OV44Kp44Oz44O744K/44OW44Os44OD44OIID4g44K544Oe44O844OI44OV44Kp44Oz44Ki44Kv44K744K144Oq44O8ID4g44K544Oe44O844OI44OV44Kp44Oz44Kx44O844K5,44Os44Kk44O744Ki44Km44OIaVBob25lIFNF55So44CA44OH44Kj44K644OL44O8IOaJi+W4s+WeiyDjg53jg4Pjg5fjgqLjg4Pjg5cg44Kr44O844K344O044CA44OJ44OK44Or44OJ44CAUlREUDExVERE,44CA,44CUaVBob25lIFNF55So44CVCuOCouOCr+OCu+OCteODquODvOOAgg==,44Os44Kk44O744Ki44Km44OIaVBob25lIFNF55So44CA44OH44Kj44K644OL44O8IOaJi+W4s+WeiyDjg53jg4Pjg5fjgqLjg4Pjg5cg44Kr44O844K344O044CA44OJ44OK44Or44OJ44CAUlREUDExVERE77ya44K944OV44Oe44OD44OX5qW95aSp5biC5aC05bqX,44K944OV44Oe44OD44OXU29mbWFw44OR44K944Kz44Oz44K/44OW44Os44OD44OIUENIRETjgqLjgrvjg7Pjg5bjg6rjg5Hjg7zjg4Tjg5Hjgr3jgrPjg7Pjg5Hjg7zjg4Tjg4bjg6zjg5PjgrLjg7zjg6Djg5bjg6vjg7zjg6zjgqTjgr3jg5Xjg4hEVkTjgr3jg5Xjg4jmtrLmmbbjg4bjg6zjg5Pjg5bjg6vjg7zjg6zjgqTjg4fjgqPjgrnjgq/jg6zjgrPjg7zjg4Djg7zjg4fjgrjjgr/jg6vkuIDnnLzjg6zjg5Xjgqvjg6Hjg6njg4fjgrjjgr/jg6vjgqvjg6Hjg6nlrrbpm7vmmYLoqIjkuK3lj6TjgqLjgqbjg4jjg6zjg4Pjg4hpUGFkaVBob25l44Os44Kk44O744Ki44Km44OIaVBob25lIFNF55So44CA44OH44Kj44K644OL44O8IOaJi+W4s+WeiyDjg53jg4Pjg5fjgqLjg4Pjg5cg44Kr44O844K344O044CA44OJ44OK44Or44OJ44CAUlREUDExVERE,44CA44CC44Os44Kk44O744Ki44Km44OIaVBob25lIFNF55So44CA44OH44Kj44K644OL44O8IOaJi+W4s+WeiyDjg53jg4Pjg5fjgqLjg4Pjg5cg44Kr44O844K344O044CA44OJ44OK44Or44OJ44CAUlREUDExVERE[rn]
16-182809,aHR0cDovL3RzaG9wLnIxMHMuanAvZHRjL2NhYmluZXQvMjAxNjAzMjJhLzQ1NjIzNTY5OTc5NzguanBnP2ZpdGluPTcwMDo3MDA=,MTQ1Ni4wMDAw,,44K544Oe44O844OI44OV44Kp44Oz44O744K/44OW44Os44OD44OIID4g44K544Oe44O844OI44OV44Kp44Oz44Ki44Kv44K744K144Oq44O8ID4g44K544Oe44O844OI44OV44Kp44Oz44Kx44O844K5,44Os44Kk44O744Ki44Km44OIaVBob25lIFNF55SoIOODleODqeODg+ODl+OCseODvOOCuSDjg57jgrDjg43jg4Pjg4jjgr/jgqTjg5cg44Ob44Ov44Kk44OIIFJUUDExU0xDNFc=,44CA,44CUaVBob25lIFNF55So44CVCuOCouOCr+OCu+OCteODquODvOOAgg==,44Os44Kk44O744Ki44Km44OIaVBob25lIFNF55SoIOODleODqeODg+ODl+OCseODvOOCuSDjg57jgrDjg43jg4Pjg4jjgr/jgqTjg5cg44Ob44Ov44Kk44OIIFJUUDExU0xDNFfvvJrjgr3jg5Xjg57jg4Pjg5fmpb3lpKnluILloLTlupc=,44K944OV44Oe44OD44OXU29mbWFw44OR44K944Kz44Oz44K/44OW44Os44OD44OIUENIRETjgqLjgrvjg7Pjg5bjg6rjg5Hjg7zjg4Tjg5Hjgr3jgrPjg7Pjg5Hjg7zjg4Tjg4bjg6zjg5PjgrLjg7zjg6Djg5bjg6vjg7zjg6zjgqTjgr3jg5Xjg4hEVkTjgr3jg5Xjg4jmtrLmmbbjg4bjg6zjg5Pjg5bjg6vjg7zjg6zjgqTjg4fjgqPjgrnjgq/jg6zjgrPjg7zjg4Djg7zjg4fjgrjjgr/jg6vkuIDnnLzjg6zjg5Xjgqvjg6Hjg6njg4fjgrjjgr/jg6vjgqvjg6Hjg6nlrrbpm7vmmYLoqIjkuK3lj6TjgqLjgqbjg4jjg6zjg4Pjg4hpUGFkaVBob25l44Os44Kk44O744Ki44Km44OIaVBob25lIFNF55SoIOODleODqeODg+ODl+OCseODvOOCuSDjg57jgrDjg43jg4Pjg4jjgr/jgqTjg5cg44Ob44Ov44Kk44OIIFJUUDExU0xDNFc=,44CA44CC44Os44Kk44O744Ki44Km44OIaVBob25lIFNF55SoIOODleODqeODg+ODl+OCseODvOOCuSDjg57jgrDjg43jg4Pjg4jjgr/jgqTjg5cg44Ob44Ov44Kk44OIIFJUUDExU0xDNFc=[rn]
16-182810,aHR0cDovL3RzaG9wLnIxMHMuanAvZHRjL2NhYmluZXQvMjAxNjAzMjJhLzQ1ODIyNjk0ODAwODQuanBnP2ZpdGluPTcwMDo3MDA=,MTQyNC4wMDAw,,44K544Oe44O844OI44OV44Kp44Oz44O744K/44OW44Os44OD44OIID4g44K544Oe44O844OI44OV44Kp44Oz44Ki44Kv44K744K144Oq44O8ID4g44K544Oe44O844OI44OV44Kp44Oz44Kx44O844K5,44OI44Oq44OL44OG44KjaVBob25lIFNF55So44CATlVOT+ODkOODg+OCr+OCseODvOOCueODh+ODi+ODoOOAgOODh+ODi+ODoOOAgFRSRkNGSVAxNkVETQ==,44CA,44CUaVBob25lIFNF55So44CVCuOCouOCr+OCu+OCteODquODvOOAgg==,44OI44Oq44OL44OG44KjaVBob25lIFNF55So44CATlVOT+ODkOODg+OCr+OCseODvOOCueODh+ODi+ODoOOAgOODh+ODi+ODoOOAgFRSRkNGSVAxNkVETe+8muOCveODleODnuODg+ODl+alveWkqeW4guWgtOW6lw==,44K944OV44Oe44OD44OXU29mbWFw44OR44K944Kz44Oz44K/44OW44Os44OD44OIUENIRETjgqLjgrvjg7Pjg5bjg6rjg5Hjg7zjg4Tjg5Hjgr3jgrPjg7Pjg5Hjg7zjg4Tjg4bjg6zjg5PjgrLjg7zjg6Djg5bjg6vjg7zjg6zjgqTjgr3jg5Xjg4hEVkTjgr3jg5Xjg4jmtrLmmbbjg4bjg6zjg5Pjg5bjg6vjg7zjg6zjgqTjg4fjgqPjgrnjgq/jg6zjgrPjg7zjg4Djg7zjg4fjgrjjgr/jg6vkuIDnnLzjg6zjg5Xjgqvjg6Hjg6njg4fjgrjjgr/jg6vjgqvjg6Hjg6nlrrbpm7vmmYLoqIjkuK3lj6TjgqLjgqbjg4jjg6zjg4Pjg4hpUGFkaVBob25l44OI44Oq44OL44OG44KjaVBob25lIFNF55So44CATlVOT+ODkOODg+OCr+OCseODvOOCueODh+ODi+ODoOOAgOODh+ODi+ODoOOAgFRSRkNGSVAxNkVETQ==,44CA44CC44OI44Oq44OL44OG44KjaVBob25lIFNF55So44CATlVOT+ODkOODg+OCr+OCseODvOOCueODh+ODi+ODoOOAgOODh+ODi+ODoOOAgFRSRkNGSVAxNkVETQ==[rn]
16-182811,aHR0cDovL3RzaG9wLnIxMHMuanAvZHRjL2NhYmluZXQvMjAxNjAzMjJhLzQ1ODIyNjk0ODAxMjEuanBnP2ZpdGluPTcwMDo3MDA=,MTQyNC4wMDAw,,44K544Oe44O844OI44OV44Kp44Oz44O744K/44OW44Os44OD44OIID4g44K544Oe44O844OI44OV44Kp44Oz44Ki44Kv44K744K144Oq44O8ID4g44K544Oe44O844OI44OV44Kp44Oz44Kx44O844K5,44OI44Oq44OL44OG44KjaVBob25lIFNF55So44CATlVOT+ODkOODg+OCr+OCseODvOOCueOCq+ODouODleODqeODvOOCuOODpeOAgOODluODqeODg+OCr+OAgFRSRkNGSVAxNkVCS0NN,44CA,44CUaVBob25lIFNF55So44CVCuOCouOCr+OCu+OCteODquODvOOAgg==,44OI44Oq44OL44OG44KjaVBob25lIFNF55So44CATlVOT+ODkOODg+OCr+OCseODvOOCueOCq+ODouODleODqeODvOOCuOODpeOAgOODluODqeODg+OCr+OAgFRSRkNGSVAxNkVCS0NN77ya44K944OV44Oe44OD44OX5qW95aSp5biC5aC05bqX,44K944OV44Oe44OD44OXU29mbWFw44OR44K944Kz44Oz44K/44OW44Os44OD44OIUENIRETjgqLjgrvjg7Pjg5bjg6rjg5Hjg7zjg4Tjg5Hjgr3jgrPjg7Pjg5Hjg7zjg4Tjg4bjg6zjg5PjgrLjg7zjg6Djg5bjg6vjg7zjg6zjgqTjgr3jg5Xjg4hEVkTjgr3jg5Xjg4jmtrLmmbbjg4bjg6zjg5Pjg5bjg6vjg7zjg6zjgqTjg4fjgqPjgrnjgq/jg6zjgrPjg7zjg4Djg7zjg4fjgrjjgr/jg6vkuIDnnLzjg6zjg5Xjgqvjg6Hjg6njg4fjgrjjgr/jg6vjgqvjg6Hjg6nlrrbpm7vmmYLoqIjkuK3lj6TjgqLjgqbjg4jjg6zjg4Pjg4hpUGFkaVBob25l44OI44Oq44OL44OG44KjaVBob25lIFNF55So44CATlVOT+ODkOODg+OCr+OCseODvOOCueOCq+ODouODleODqeODvOOCuOODpeOAgOODluODqeODg+OCr+OAgFRSRkNGSVAxNkVCS0NN,44CA44CC44OI44Oq44OL44OG44KjaVBob25lIFNF55So44CATlVOT+ODkOODg+OCr+OCseODvOOCueOCq+ODouODleODqeODvOOCuOODpeOAgOODluODqeODg+OCr+OAgFRSRkNGSVAxNkVCS0NN[rn]
16-182812,aHR0cDovL3RzaG9wLnIxMHMuanAvZHRjL2NhYmluZXQvMjAxNjAzMjJhLzQ1ODIyNjk0ODAxNDUuanBnP2ZpdGluPTcwMDo3MDA=,MTQyNC4wMDAw,,44K544Oe44O844OI44OV44Kp44Oz44O744K/44OW44Os44OD44OIID4g44K544Oe44O844OI44OV44Kp44Oz44Ki44Kv44K744K144Oq44O8ID4g44K544Oe44O844OI44OV44Kp44Oz44Kx44O844K5,44OI44Oq44OL44OG44KjaVBob25lIFNF55So44CATlVOT+ODkOODg+OCr+OCseODvOOCueODjeOCpOODk+ODvOOCr+ODreOCueODqeOCpOODs+OAgOODjeOCpOODk+ODvOOAgFRSRkNGSVAxNkVOWEw=,44CA,44CUaVBob25lIFNF55So44CVCuOCouOCr+OCu+OCteODquODvOOAgg==,44OI44Oq44OL44OG44KjaVBob25lIFNF55So44CATlVOT+ODkOODg+OCr+OCseODvOOCueODjeOCpOODk+ODvOOCr+ODreOCueODqeOCpOODs+OAgOODjeOCpOODk+ODvOOAgFRSRkNGSVAxNkVOWEzvvJrjgr3jg5Xjg57jg4Pjg5fmpb3lpKnluILloLTlupc=,44K944OV44Oe44OD44OXU29mbWFw44OR44K944Kz44Oz44K/44OW44Os44OD44OIUENIRETjgqLjgrvjg7Pjg5bjg6rjg5Hjg7zjg4Tjg5Hjgr3jgrPjg7Pjg5Hjg7zjg4Tjg4bjg6zjg5PjgrLjg7zjg6Djg5bjg6vjg7zjg6zjgqTjgr3jg5Xjg4hEVkTjgr3jg5Xjg4jmtrLmmbbjg4bjg6zjg5Pjg5bjg6vjg7zjg6zjgqTjg4fjgqPjgrnjgq/jg6zjgrPjg7zjg4Djg7zjg4fjgrjjgr/jg6vkuIDnnLzjg6zjg5Xjgqvjg6Hjg6njg4fjgrjjgr/jg6vjgqvjg6Hjg6nlrrbpm7vmmYLoqIjkuK3lj6TjgqLjgqbjg4jjg6zjg4Pjg4hpUGFkaVBob25l44OI44Oq44OL44OG44KjaVBob25lIFNF55So44CATlVOT+ODkOODg+OCr+OCseODvOOCueODjeOCpOODk+ODvOOCr+ODreOCueODqeOCpOODs+OAgOODjeOCpOODk+ODvOOAgFRSRkNGSVAxNkVOWEw=,44CA44CC44OI44Oq44OL44OG44KjaVBob25lIFNF55So44CATlVOT+ODkOODg+OCr+OCseODvOOCueODjeOCpOODk+ODvOOCr+ODreOCueODqeOCpOODs+OAgOODjeOCpOODk+ODvOOAgFRSRkNGSVAxNkVOWEw=[rn]
16-182813,aHR0cDovL3RzaG9wLnIxMHMuanAvZHRjL2NhYmluZXQvMjAxNjAzMjJhLzQ1NjIzNTY5OTc4MTcuanBnP2ZpdGluPTcwMDo3MDA=,MTQwOC4wMDAw,,44K544Oe44O844OI44OV44Kp44Oz44O744K/44OW44Os44OD44OIID4g44K544Oe44O844OI44OV44Kp44Oz44Ki44Kv44K744K144Oq44O8ID4g44K544Oe44O844OI44OV44Kp44Oz44Kx44O844K5,44Os44Kk44O744Ki44Km44OIaVBob25lIFNF55So44CA5omL5biz5Z6L44Kx44O844K55pys6Z2p44CA44OA44O844Kv44OW44Op44Km44Oz44CAUlRQMTFSTEMxREs=,44CA,44CUaVBob25lIFNF55So44CVCuOCouOCr+OCu+OCteODquODvOOAgg==,44Os44Kk44O744Ki44Km44OIaVBob25lIFNF55So44CA5omL5biz5Z6L44Kx44O844K55pys6Z2p44CA44OA44O844Kv44OW44Op44Km44Oz44CAUlRQMTFSTEMxREvvvJrjgr3jg5Xjg57jg4Pjg5fmpb3lpKnluILloLTlupc=,44K944OV44Oe44OD44OXU29mbWFw44OR44K944Kz44Oz44K/44OW44Os44OD44OIUENIRETjgqLjgrvjg7Pjg5bjg6rjg5Hjg7zjg4Tjg5Hjgr3jgrPjg7Pjg5Hjg7zjg4Tjg4bjg6zjg5PjgrLjg7zjg6Djg5bjg6vjg7zjg6zjgqTjgr3jg5Xjg4hEVkTjgr3jg5Xjg4jmtrLmmbbjg4bjg6zjg5Pjg5bjg6vjg7zjg6zjgqTjg4fjgqPjgrnjgq/jg6zjgrPjg7zjg4Djg7zjg4fjgrjjgr/jg6vkuIDnnLzjg6zjg5Xjgqvjg6Hjg6njg4fjgrjjgr/jg6vjgqvjg6Hjg6nlrrbpm7vmmYLoqIjkuK3lj6TjgqLjgqbjg4jjg6zjg4Pjg4hpUGFkaVBob25l44Os44Kk44O744Ki44Km44OIaVBob25lIFNF55So44CA5omL5biz5Z6L44Kx44O844K55pys6Z2p44CA44OA44O844Kv44OW44Op44Km44Oz44CAUlRQMTFSTEMxREs=,44CA44CC44Os44Kk44O744Ki44Km44OIaVBob25lIFNF55So44CA5omL5biz5Z6L44Kx44O844K55pys6Z2p44CA44OA44O844Kv44OW44Op44Km44Oz44CAUlRQMTFSTEMxREs=[rn]
16-182814,aHR0cDovL3RzaG9wLnIxMHMuanAvZHRjL2NhYmluZXQvMjAxNjAzMjJhLzQ1NjIzNTY5OTc4MjQuanBnP2ZpdGluPTcwMDo3MDA=,MTQwOC4wMDAw,,44K544Oe44O844OI44OV44Kp44Oz44O744K/44OW44Os44OD44OIID4g44K544Oe44O844OI44OV44Kp44Oz44Ki44Kv44K744K144Oq44O8ID4g44K544Oe44O844OI44OV44Kp44Oz44Kx44O844K5,44Os44Kk44O744Ki44Km44OIaVBob25lIFNF55So44CA5omL5biz5Z6L44Kx44O844K55pys6Z2p44CA44OW44Op44Km44Oz44CAUlRQMTFSTEMxQlI=,44CA,44CUaVBob25lIFNF55So44CVCuOCouOCr+OCu+OCteODquODvOOAgg==,44Os44Kk44O744Ki44Km44OIaVBob25lIFNF55So44CA5omL5biz5Z6L44Kx44O844K55pys6Z2p44CA44OW44Op44Km44Oz44CAUlRQMTFSTEMxQlLvvJrjgr3jg5Xjg57jg4Pjg5fmpb3lpKnluILloLTlupc=,44K944OV44Oe44OD44OXU29mbWFw44OR44K944Kz44Oz44K/44OW44Os44OD44OIUENIRETjgqLjgrvjg7Pjg5bjg6rjg5Hjg7zjg4Tjg5Hjgr3jgrPjg7Pjg5Hjg7zjg4Tjg4bjg6zjg5PjgrLjg7zjg6Djg5bjg6vjg7zjg6zjgqTjgr3jg5Xjg4hEVkTjgr3jg5Xjg4jmtrLmmbbjg4bjg6zjg5Pjg5bjg6vjg7zjg6zjgqTjg4fjgqPjgrnjgq/jg6zjgrPjg7zjg4Djg7zjg4fjgrjjgr/jg6vkuIDnnLzjg6zjg5Xjgqvjg6Hjg6njg4fjgrjjgr/jg6vjgqvjg6Hjg6nlrrbpm7vmmYLoqIjkuK3lj6TjgqLjgqbjg4jjg6zjg4Pjg4hpUGFkaVBob25l44Os44Kk44O744Ki44Km44OIaVBob25lIFNF55So44CA5omL5biz5Z6L44Kx44O844K55pys6Z2p44CA44OW44Op44Km44Oz44CAUlRQMTFSTEMxQlI=,44CA44CC44Os44Kk44O744Ki44Km44OIaVBob25lIFNF55So44CA5omL5biz5Z6L44Kx44O844K55pys6Z2p44CA44OW44Op44Km44Oz44CAUlRQMTFSTEMxQlI=[rn]
16-182815,aHR0cDovL3RzaG9wLnIxMHMuanAvZHRjL2NhYmluZXQvMjAxNjAzMjJhLzQ1NjIzNTY5OTc4MzEuanBnP2ZpdGluPTcwMDo3MDA=,MTQwOC4wMDAw,,44K544Oe44O844OI44OV44Kp44Oz44O744K/44OW44Os44OD44OIID4g44K544Oe44O844OI44OV44Kp44Oz44Ki44Kv44K744K144Oq44O8ID4g44K544Oe44O844OI44OV44Kp44Oz44Kx44O844K5,44Os44Kk44O744Ki44Km44OIaVBob25lIFNF55SoIOaJi+W4s+Wei+OCseODvOOCueacrOmdqSDjgq3jg6Pjg6Hjg6sgUlRQMTFSTEMxSw==,44CA,44CUaVBob25lIFNF55So44CVPGJyPuOCouOCr+OCu+OCteODquODvOOAgg==,44Os44Kk44O744Ki44Km44OIaVBob25lIFNF55SoIOaJi+W4s+Wei+OCseODvOOCueacrOmdqSDjgq3jg6Pjg6Hjg6sgUlRQMTFSTEMxS++8muOCveODleODnuODg+ODl+alveWkqeW4guWgtOW6lw==,44K944OV44Oe44OD44OXU29mbWFw44OR44K944Kz44Oz44K/44OW44Os44OD44OIUENIRETjgqLjgrvjg7Pjg5bjg6rjg5Hjg7zjg4Tjg5Hjgr3jgrPjg7Pjg5Hjg7zjg4Tjg4bjg6zjg5PjgrLjg7zjg6Djg5bjg6vjg7zjg6zjgqTjgr3jg5Xjg4hEVkTjgr3jg5Xjg4jmtrLmmbbjg4bjg6zjg5Pjg5bjg6vjg7zjg6zjgqTjg4fjgqPjgrnjgq/jg6zjgrPjg7zjg4Djg7zjg4fjgrjjgr/jg6vkuIDnnLzjg6zjg5Xjgqvjg6Hjg6njg4fjgrjjgr/jg6vjgqvjg6Hjg6nlrrbpm7vmmYLoqIjkuK3lj6TjgqLjgqbjg4jjg6zjg4Pjg4hpUGFkaVBob25l44Os44Kk44O744Ki44Km44OIaVBob25lIFNF55SoIOaJi+W4s+Wei+OCseODvOOCueacrOmdqSDjgq3jg6Pjg6Hjg6sgUlRQMTFSTEMxSw==,44CA44CC44Os44Kk44O744Ki44Km44OIaVBob25lIFNF55SoIOaJi+W4s+Wei+OCseODvOOCueacrOmdqSDjgq3jg6Pjg6Hjg6sgUlRQMTFSTEMxSw==[rn]
16-182816,aHR0cDovL3RzaG9wLnIxMHMuanAvZHRjL2NhYmluZXQvMjAxNjAzMjJhLzQ5ODgwNzU1OTc1NzAuanBnP2ZpdGluPTcwMDo3MDA=,MTMzNi4wMDAw,,44K544Oe44O844OI44OV44Kp44Oz44O744K/44OW44Os44OD44OIID4g44K544Oe44O844OI44OV44Kp44Oz44Ki44Kv44K744K144Oq44O8ID4g44K544Oe44O844OI44OV44Kp44Oz44Kx44O844K5,44Op44K544K/44OQ44OK44OKaVBob25lIFNF55So44CA44Kk44O844K444O844OP44O844OJ44CA44Kv44Oq44Ki44CAMjI2MElQNkM=,44CA,44GX44Gq44KE44GL44Gq44Kv44Op44Oq44OG44Kj57Sg5p2Q44Gu44Kr44OQ44O844Gn44GZ44CC,44Op44K544K/44OQ44OK44OKaVBob25lIFNF55So44CA44Kk44O844K444O844OP44O844OJ44CA44Kv44Oq44Ki44CAMjI2MElQNkPvvJrjgr3jg5Xjg57jg4Pjg5fmpb3lpKnluILloLTlupc=,44K944OV44Oe44OD44OXU29mbWFw44OR44K944Kz44Oz44K/44OW44Os44OD44OIUENIRETjgqLjgrvjg7Pjg5bjg6rjg5Hjg7zjg4Tjg5Hjgr3jgrPjg7Pjg5Hjg7zjg4Tjg4bjg6zjg5PjgrLjg7zjg6Djg5bjg6vjg7zjg6zjgqTjgr3jg5Xjg4hEVkTjgr3jg5Xjg4jmtrLmmbbjg4bjg6zjg5Pjg5bjg6vjg7zjg6zjgqTjg4fjgqPjgrnjgq/jg6zjgrPjg7zjg4Djg7zjg4fjgrjjgr/jg6vkuIDnnLzjg6zjg5Xjgqvjg6Hjg6njg4fjgrjjgr/jg6vjgqvjg6Hjg6nlrrbpm7vmmYLoqIjkuK3lj6TjgqLjgqbjg4jjg6zjg4Pjg4hpUGFkaVBob25l44Op44K544K/44OQ44OK44OKaVBob25lIFNF55So44CA44Kk44O844K444O844OP44O844OJ44CA44Kv44Oq44Ki44CAMjI2MElQNkM=,44CA44CC44Op44K544K/44OQ44OK44OKaVBob25lIFNF55So44CA44Kk44O844K444O844OP44O844OJ44CA44Kv44Oq44Ki44CAMjI2MElQNkM=[rn]
16-182817,aHR0cDovL3RzaG9wLnIxMHMuanAvZHRjL2NhYmluZXQvMjAxNjAzMjJhLzQ5ODgwNzU1OTc1NTYuanBnP2ZpdGluPTcwMDo3MDA=,MTA2MC4wMDAw,,44K544Oe44O844OI44OV44Kp44Oz44O744K/44OW44Os44OD44OIID4g44K544Oe44O844OI44OV44Kp44Oz44Ki44Kv44K744K144Oq44O8ID4g44K544Oe44O844OI44OV44Kp44Oz44Kx44O844K5,44Op44K544K/44OQ44OK44OKaVBob25lIFNF55So44CA44OP44O844OJIFNUSOS7mOOAgOOCr+ODquOCouOAgDIyNThJUDZD,44CA,5YK344Gr5by344GE44CB44OP44O844OJ44Kz44O844OI5Yqg5bel,44Op44K544K/44OQ44OK44OKaVBob25lIFNF55So44CA44OP44O844OJIFNUSOS7mOOAgOOCr+ODquOCouOAgDIyNThJUDZD77ya44K944OV44Oe44OD44OX5qW95aSp5biC5aC05bqX,44K944OV44Oe44OD44OXU29mbWFw44OR44K944Kz44Oz44K/44OW44Os44OD44OIUENIRETjgqLjgrvjg7Pjg5bjg6rjg5Hjg7zjg4Tjg5Hjgr3jgrPjg7Pjg5Hjg7zjg4Tjg4bjg6zjg5PjgrLjg7zjg6Djg5bjg6vjg7zjg6zjgqTjgr3jg5Xjg4hEVkTjgr3jg5Xjg4jmtrLmmbbjg4bjg6zjg5Pjg5bjg6vjg7zjg6zjgqTjg4fjgqPjgrnjgq/jg6zjgrPjg7zjg4Djg7zjg4fjgrjjgr/jg6vkuIDnnLzjg6zjg5Xjgqvjg6Hjg6njg4fjgrjjgr/jg6vjgqvjg6Hjg6nlrrbpm7vmmYLoqIjkuK3lj6TjgqLjgqbjg4jjg6zjg4Pjg4hpUGFkaVBob25l44Op44K544K/44OQ44OK44OKaVBob25lIFNF55So44CA44OP44O844OJIFNUSOS7mOOAgOOCr+ODquOCouOAgDIyNThJUDZD,44CA44CC44Op44K544K/44OQ44OK44OKaVBob25lIFNF55So44CA44OP44O844OJIFNUSOS7mOOAgOOCr+ODquOCouOAgDIyNThJUDZD[rn]
16-182818,aHR0cDovL3RzaG9wLnIxMHMuanAvZHRjL2NhYmluZXQvMjAxNjAzMjJhLzQ1NjIzNTY5OTgwMTIuanBnP2ZpdGluPTcwMDo3MDA=,OTkyLjAwMDA=,,44K544Oe44O844OI44OV44Kp44Oz44O744K/44OW44Os44OD44OIID4g44K544Oe44O844OI44OV44Kp44Oz44Ki44Kv44K744K144Oq44O8ID4g44K544Oe44O844OI44OV44Kp44Oz44Kx44O844K5,44Os44Kk44O744Ki44Km44OIaVBob25lIFNF55So44CA44OH44Kj44K644OL44O8IFRQVeOCveODleODiOOCseODvOOCuSDjgq3jg6njgq3jg6kg44Kv44Oq44Ki44CAUlREUDExQU1GQw==,44CA,44CUaVBob25lIFNF55So44CVCuOCouOCr+OCu+OCteODquODvOOAgg==,44Os44Kk44O744Ki44Km44OIaVBob25lIFNF55So44CA44OH44Kj44K644OL44O8IFRQVeOCveODleODiOOCseODvOOCuSDjgq3jg6njgq3jg6kg44Kv44Oq44Ki44CAUlREUDExQU1GQ++8muOCveODleODnuODg+ODl+alveWkqeW4guWgtOW6lw==,44K944OV44Oe44OD44OXU29mbWFw44OR44K944Kz44Oz44K/44OW44Os44OD44OIUENIRETjgqLjgrvjg7Pjg5bjg6rjg5Hjg7zjg4Tjg5Hjgr3jgrPjg7Pjg5Hjg7zjg4Tjg4bjg6zjg5PjgrLjg7zjg6Djg5bjg6vjg7zjg6zjgqTjgr3jg5Xjg4hEVkTjgr3jg5Xjg4jmtrLmmbbjg4bjg6zjg5Pjg5bjg6vjg7zjg6zjgqTjg4fjgqPjgrnjgq/jg6zjgrPjg7zjg4Djg7zjg4fjgrjjgr/jg6vkuIDnnLzjg6zjg5Xjgqvjg6Hjg6njg4fjgrjjgr/jg6vjgqvjg6Hjg6nlrrbpm7vmmYLoqIjkuK3lj6TjgqLjgqbjg4jjg6zjg4Pjg4hpUGFkaVBob25l44Os44Kk44O744Ki44Km44OIaVBob25lIFNF55So44CA44OH44Kj44K644OL44O8IFRQVeOCveODleODiOOCseODvOOCuSDjgq3jg6njgq3jg6kg44Kv44Oq44Ki44CAUlREUDExQU1GQw==,44CA44CC44Os44Kk44O744Ki44Km44OIaVBob25lIFNF55So44CA44OH44Kj44K644OL44O8IFRQVeOCveODleODiOOCseODvOOCuSDjgq3jg6njgq3jg6kg44Kv44Oq44Ki44CAUlREUDExQU1GQw==[rn]
16-182819,aHR0cDovL3RzaG9wLnIxMHMuanAvZHRjL2NhYmluZXQvMjAxNzAyMDduOS80OTQyMzIyMjE0OTAwLmpwZz9maXRpbj03MDA6NzAw,MTQ0MC4wMDAw,,44K544Oe44O844OI44OV44Kp44Oz44O744K/44OW44Os44OD44OIID4g44K544Oe44O844OI44OV44Kp44Oz44Ki44Kv44K744K144Oq44O8ID4g44K544Oe44O844OI44OV44Kp44Oz44Kx44O844K5,44Kq44Km44Or44OG44OD44KvaVBob25lIFNF55SoIGt1Ym9xIOWQiOearuaJi+W4s+Wei+OCseODvOOCuSDjg5bjg6njg4Pjgq8gT1dMQ1ZJUDVTRTAxQks=,44CA,44CUaVBob25lIFNF55So44CVCuOCouOCr+OCu+OCteODquODvOOAgg==,44Kq44Km44Or44OG44OD44KvaVBob25lIFNF55SoIGt1Ym9xIOWQiOearuaJi+W4s+Wei+OCseODvOOCuSDjg5bjg6njg4Pjgq8gT1dMQ1ZJUDVTRTAxQkvvvJrjgr3jg5Xjg57jg4Pjg5fmpb3lpKnluILloLTlupc=,44K944OV44Oe44OD44OXU29mbWFw44OR44K944Kz44Oz44K/44OW44Os44OD44OIUENIRETjgqLjgrvjg7Pjg5bjg6rjg5Hjg7zjg4Tjg5Hjgr3jgrPjg7Pjg5Hjg7zjg4Tjg4bjg6zjg5PjgrLjg7zjg6Djg5bjg6vjg7zjg6zjgqTjgr3jg5Xjg4hEVkTjgr3jg5Xjg4jmtrLmmbbjg4bjg6zjg5Pjg5bjg6vjg7zjg6zjgqTjg4fjgqPjgrnjgq/jg6zjgrPjg7zjg4Djg7zjg4fjgrjjgr/jg6vkuIDnnLzjg6zjg5Xjgqvjg6Hjg6njg4fjgrjjgr/jg6vjgqvjg6Hjg6nlrrbpm7vmmYLoqIjkuK3lj6TjgqLjgqbjg4jjg6zjg4Pjg4hpUGFkaVBob25l44Kq44Km44Or44OG44OD44KvaVBob25lIFNF55SoIGt1Ym9xIOWQiOearuaJi+W4s+Wei+OCseODvOOCuSDjg5bjg6njg4Pjgq8gT1dMQ1ZJUDVTRTAxQks=,44CA44CC44Kq44Km44Or44OG44OD44KvaVBob25lIFNF55SoIGt1Ym9xIOWQiOearuaJi+W4s+Wei+OCseODvOOCuSDjg5bjg6njg4Pjgq8gT1dMQ1ZJUDVTRTAxQks=[rn]
16-182820,aHR0cDovL3RzaG9wLnIxMHMuanAvZHRjL2NhYmluZXQvMjAxNjAzMjJhLzQ1NzMyNjcyMTE1MTAuanBnP2ZpdGluPTcwMDo3MDA=,OTQ0LjAwMDA=,,44K544Oe44O844OI44OV44Kp44Oz44O744K/44OW44Os44OD44OIID4g44K544Oe44O844OI44OV44Kp44Oz44Ki44Kv44K744K144Oq44O8ID4g44K544Oe44O844OI44OV44Kp44Oz44Kx44O844K5,TVPjgr3jg6rjg6Xjg7zjgrfjg6fjg7PjgrppUGhvbmUgU0XnlKgg6auY56Gs5bqm44OP44O844OJIOOCr+ODquOCoiBMUC1JNVNFSE5DTA==,44CA,44CUaVBob25lIFNF55So44CVCuOCouOCr+OCu+OCteODquODvOOAgg==,TVPjgr3jg6rjg6Xjg7zjgrfjg6fjg7PjgrppUGhvbmUgU0XnlKgg6auY56Gs5bqm44OP44O844OJIOOCr+ODquOCoiBMUC1JNVNFSE5DTO+8muOCveODleODnuODg+ODl+alveWkqeW4guWgtOW6lw==,44K944OV44Oe44OD44OXU29mbWFw44OR44K944Kz44Oz44K/44OW44Os44OD44OIUENIRETjgqLjgrvjg7Pjg5bjg6rjg5Hjg7zjg4Tjg5Hjgr3jgrPjg7Pjg5Hjg7zjg4Tjg4bjg6zjg5PjgrLjg7zjg6Djg5bjg6vjg7zjg6zjgqTjgr3jg5Xjg4hEVkTjgr3jg5Xjg4jmtrLmmbbjg4bjg6zjg5Pjg5bjg6vjg7zjg6zjgqTjg4fjgqPjgrnjgq/jg6zjgrPjg7zjg4Djg7zjg4fjgrjjgr/jg6vkuIDnnLzjg6zjg5Xjgqvjg6Hjg6njg4fjgrjjgr/jg6vjgqvjg6Hjg6nlrrbpm7vmmYLoqIjkuK3lj6TjgqLjgqbjg4jjg6zjg4Pjg4hpUGFkaVBob25lTVPjgr3jg6rjg6Xjg7zjgrfjg6fjg7PjgrppUGhvbmUgU0XnlKgg6auY56Gs5bqm44OP44O844OJIOOCr+ODquOCoiBMUC1JNVNFSE5DTA==,44CA44CCTVPjgr3jg6rjg6Xjg7zjgrfjg6fjg7PjgrppUGhvbmUgU0XnlKgg6auY56Gs5bqm44OP44O844OJIOOCr+ODquOCoiBMUC1JNVNFSE5DTA==[rn]
16-182821,aHR0cDovL3RzaG9wLnIxMHMuanAvZHRjL2NhYmluZXQvMjAxNjAzMjJhLzQ1NjIzNTY5OTczODEuanBnP2ZpdGluPTcwMDo3MDA=,NjI0LjAwMDA=,,44K544Oe44O844OI44OV44Kp44Oz44O744K/44OW44Os44OD44OIID4g44K544Oe44O844OI44OV44Kp44Oz44Ki44Kv44K744K144Oq44O8ID4g44K544Oe44O844OI44OV44Kp44Oz44Kx44O844K5,44Os44Kk44O744Ki44Km44OIaVBob25lIFNF55SoIOOCt+ODquOCs+ODs+OCseODvOOCueOCueODquODg+ODl+OCrOODvOODiSDjg5vjg6/jgqTjg4ggUlRQMTFDMlc=,44CA,44CUaVBob25lIFNF55So44CVCuOCouOCr+OCu+OCteODquODvOOAgg==,44Os44Kk44O744Ki44Km44OIaVBob25lIFNF55SoIOOCt+ODquOCs+ODs+OCseODvOOCueOCueODquODg+ODl+OCrOODvOODiSDjg5vjg6/jgqTjg4ggUlRQMTFDMlfvvJrjgr3jg5Xjg57jg4Pjg5fmpb3lpKnluILloLTlupc=,44K944OV44Oe44OD44OXU29mbWFw44OR44K944Kz44Oz44K/44OW44Os44OD44OIUENIRETjgqLjgrvjg7Pjg5bjg6rjg5Hjg7zjg4Tjg5Hjgr3jgrPjg7Pjg5Hjg7zjg4Tjg4bjg6zjg5PjgrLjg7zjg6Djg5bjg6vjg7zjg6zjgqTjgr3jg5Xjg4hEVkTjgr3jg5Xjg4jmtrLmmbbjg4bjg6zjg5Pjg5bjg6vjg7zjg6zjgqTjg4fjgqPjgrnjgq/jg6zjgrPjg7zjg4Djg7zjg4fjgrjjgr/jg6vkuIDnnLzjg6zjg5Xjgqvjg6Hjg6njg4fjgrjjgr/jg6vjgqvjg6Hjg6nlrrbpm7vmmYLoqIjkuK3lj6TjgqLjgqbjg4jjg6zjg4Pjg4hpUGFkaVBob25l44Os44Kk44O744Ki44Km44OIaVBob25lIFNF55SoIOOCt+ODquOCs+ODs+OCseODvOOCueOCueODquODg+ODl+OCrOODvOODiSDjg5vjg6/jgqTjg4ggUlRQMTFDMlc=,44CA44CC44Os44Kk44O744Ki44Km44OIaVBob25lIFNF55SoIOOCt+ODquOCs+ODs+OCseODvOOCueOCueODquODg+ODl+OCrOODvOODiSDjg5vjg6/jgqTjg4ggUlRQMTFDMlc=[rn]
16-182822,aHR0cDovL3RzaG9wLnIxMHMuanAvZHRjL2NhYmluZXQvMjAxNjAzMTZhLzQ1MzYyMTk4NjI0NTEuanBnP2ZpdGluPTcwMDo3MDA=,Nzg0LjAwMDA=,,44K544Oe44O844OI44OV44Kp44Oz44O744K/44OW44Os44OD44OIID4g44K544Oe44O844OI44OV44Kp44Oz44Ki44Kv44K744K144Oq44O8ID4g44K544Oe44O844OI44OV44Kp44Oz44Kx44O844K5,44Kw44Or44Oe44Oz44OH44Kj44O844K6aVBob25lIFNF55So44CA44K944OV44OI44K344Kn44Or44K444Oj44Kx44OD44OI44CA44Ob44Ov44Kk44OI44CASVA1Ti0wMldI44CA44K544OI44Op44OD44OX44Ob44O844Or5LuY,44CA,44CUaVBob25lIFNF55So77ya44K444Oj44Kx44OD44OI44CVCuOCueODiOODqeODg+ODl+OBjOWPluOCiuS7mOOBkeOCieOCjOOCi+OCueODiOODqeODg+ODl+ODm+ODvOODq+S7mOOBjWlQaG9uZeOCseODvOOCueOAgg==,44Kw44Or44Oe44Oz44OH44Kj44O844K6aVBob25lIFNF55So44CA44K944OV44OI44K344Kn44Or44K444Oj44Kx44OD44OI44CA44Ob44Ov44Kk44OI44CASVA1Ti0wMldI44CA44K544OI44Op44OD44OX44Ob44O844Or5LuY77ya44K944OV44Oe44OD44OX5qW95aSp5biC5aC05bqX,44K944OV44Oe44OD44OXU29mbWFw44OR44K944Kz44Oz44K/44OW44Os44OD44OIUENIRETjgqLjgrvjg7Pjg5bjg6rjg5Hjg7zjg4Tjg5Hjgr3jgrPjg7Pjg5Hjg7zjg4Tjg4bjg6zjg5PjgrLjg7zjg6Djg5bjg6vjg7zjg6zjgqTjgr3jg5Xjg4hEVkTjgr3jg5Xjg4jmtrLmmbbjg4bjg6zjg5Pjg5bjg6vjg7zjg6zjgqTjg4fjgqPjgrnjgq/jg6zjgrPjg7zjg4Djg7zjg4fjgrjjgr/jg6vkuIDnnLzjg6zjg5Xjgqvjg6Hjg6njg4fjgrjjgr/jg6vjgqvjg6Hjg6nlrrbpm7vmmYLoqIjkuK3lj6TjgqLjgqbjg4jjg6zjg4Pjg4hpUGFkaVBob25l44Kw44Or44Oe44Oz44OH44Kj44O844K6aVBob25lIFNF55So44CA44K944OV44OI44K344Kn44Or44K444Oj44Kx44OD44OI44CA44Ob44Ov44Kk44OI44CASVA1Ti0wMldI44CA44K544OI44Op44OD44OX44Ob44O844Or5LuY,44CA44CC44Kw44Or44Oe44Oz44OH44Kj44O844K6aVBob25lIFNF55So44CA44K944OV44OI44K344Kn44Or44K444Oj44Kx44OD44OI44CA44Ob44Ov44Kk44OI44CASVA1Ti0wMldI44CA44K544OI44Op44OD44OX44Ob44O844Or5LuY[rn]
16-182823,aHR0cDovL3RzaG9wLnIxMHMuanAvZHRjL2NhYmluZXQvMjAxNjAzMjJhLzQ1NjIzNTY5OTgxMjguanBnP2ZpdGluPTcwMDo3MDA=,MjAzMi4wMDAw,,44K544Oe44O844OI44OV44Kp44Oz44O744K/44OW44Os44OD44OIID4g44K544Oe44O844OI44OV44Kp44Oz44Ki44Kv44K744K144Oq44O8ID4g44K544Oe44O844OI44OV44Kp44Oz44Kx44O844K5,44Os44Kk44O744Ki44Km44OIaVBob25lIFNF55So44CA44OH44Kj44K644OL44O8IOODleODqeODg+ODl+OCseODvOOCuSDjg4DjgqTjgqvjg4Pjg4jjgIDjg4njg4rjg6vjg4njgIBSVERQMTFGREQ=,44CA,44CUaVBob25lIFNF55So44CVCuOCouOCr+OCu+OCteODquODvOOAgg==,44Os44Kk44O744Ki44Km44OIaVBob25lIFNF55So44CA44OH44Kj44K644OL44O8IOODleODqeODg+ODl+OCseODvOOCuSDjg4DjgqTjgqvjg4Pjg4jjgIDjg4njg4rjg6vjg4njgIBSVERQMTFGRETvvJrjgr3jg5Xjg57jg4Pjg5fmpb3lpKnluILloLTlupc=,44K944OV44Oe44OD44OXU29mbWFw44OR44K944Kz44Oz44K/44OW44Os44OD44OIUENIRETjgqLjgrvjg7Pjg5bjg6rjg5Hjg7zjg4Tjg5Hjgr3jgrPjg7Pjg5Hjg7zjg4Tjg4bjg6zjg5PjgrLjg7zjg6Djg5bjg6vjg7zjg6zjgqTjgr3jg5Xjg4hEVkTjgr3jg5Xjg4jmtrLmmbbjg4bjg6zjg5Pjg5bjg6vjg7zjg6zjgqTjg4fjgqPjgrnjgq/jg6zjgrPjg7zjg4Djg7zjg4fjgrjjgr/jg6vkuIDnnLzjg6zjg5Xjgqvjg6Hjg6njg4fjgrjjgr/jg6vjgqvjg6Hjg6nlrrbpm7vmmYLoqIjkuK3lj6TjgqLjgqbjg4jjg6zjg4Pjg4hpUGFkaVBob25l44Os44Kk44O744Ki44Km44OIaVBob25lIFNF55So44CA44OH44Kj44K644OL44O8IOODleODqeODg+ODl+OCseODvOOCuSDjg4DjgqTjgqvjg4Pjg4jjgIDjg4njg4rjg6vjg4njgIBSVERQMTFGREQ=,44CA44CC44Os44Kk44O744Ki44Km44OIaVBob25lIFNF55So44CA44OH44Kj44K644OL44O8IOODleODqeODg+ODl+OCseODvOOCuSDjg4DjgqTjgqvjg4Pjg4jjgIDjg4njg4rjg6vjg4njgIBSVERQMTFGREQ=[rn]
16-182824,aHR0cDovL3RzaG9wLnIxMHMuanAvZHRjL2NhYmluZXQvMjAxNjAzMjJhLzQ1NjIzNTgxMzA4MTYuanBnP2ZpdGluPTcwMDo3MDA=,MTgyNC4wMDAw,,44K544Oe44O844OI44OV44Kp44Oz44O744K/44OW44Os44OD44OIID4g44K544Oe44O844OI44OV44Kp44Oz44Ki44Kv44K744K144Oq44O8ID4g44K544Oe44O844OI44OV44Kp44Oz44Kx44O844K5,UEdBaVBob25lIFNF55So44CA44OH44Kj44K644OL44O8VFBV44K944OV44OI44Kx44O844K544CA44Oe44Kk44Kv44CAUEctRENTMDgxTU9J,44CA,44CUaVBob25lIFNF55So44CVCuOCouOCr+OCu+OCteODquODvOOAgg==,UEdBaVBob25lIFNF55So44CA44OH44Kj44K644OL44O8VFBV44K944OV44OI44Kx44O844K544CA44Oe44Kk44Kv44CAUEctRENTMDgxTU9J77ya44K944OV44Oe44OD44OX5qW95aSp5biC5aC05bqX,44K944OV44Oe44OD44OXU29mbWFw44OR44K944Kz44Oz44K/44OW44Os44OD44OIUENIRETjgqLjgrvjg7Pjg5bjg6rjg5Hjg7zjg4Tjg5Hjgr3jgrPjg7Pjg5Hjg7zjg4Tjg4bjg6zjg5PjgrLjg7zjg6Djg5bjg6vjg7zjg6zjgqTjgr3jg5Xjg4hEVkTjgr3jg5Xjg4jmtrLmmbbjg4bjg6zjg5Pjg5bjg6vjg7zjg6zjgqTjg4fjgqPjgrnjgq/jg6zjgrPjg7zjg4Djg7zjg4fjgrjjgr/jg6vkuIDnnLzjg6zjg5Xjgqvjg6Hjg6njg4fjgrjjgr/jg6vjgqvjg6Hjg6nlrrbpm7vmmYLoqIjkuK3lj6TjgqLjgqbjg4jjg6zjg4Pjg4hpUGFkaVBob25lUEdBaVBob25lIFNF55So44CA44OH44Kj44K644OL44O8VFBV44K944OV44OI44Kx44O844K544CA44Oe44Kk44Kv44CAUEctRENTMDgxTU9J,44CA44CCUEdBaVBob25lIFNF55So44CA44OH44Kj44K644OL44O8VFBV44K944OV44OI44Kx44O844K544CA44Oe44Kk44Kv44CAUEctRENTMDgxTU9J[rn]
16-182825,aHR0cDovL3RzaG9wLnIxMHMuanAvZHRjL2NhYmluZXQvMjAxNjAzMjJhLzQ1NzMyNjcyMTE0MTEuanBnP2ZpdGluPTcwMDo3MDA=,MTgxNi4wMDAw,,44K544Oe44O844OI44OV44Kp44Oz44O744K/44OW44Os44OD44OIID4g44K544Oe44O844OI44OV44Kp44Oz44Ki44Kv44K744K144Oq44O8ID4g44K544Oe44O844OI44OV44Kp44Oz44Kx44O844K5,TVPjgr3jg6rjg6Xjg7zjgrfjg6fjg7PjgrppUGhvbmUgU0XnlKggUFXjg6zjgrbjg7zjgrHjg7zjgrlCT09LIOODlOODs+OCryBMUC1JNVNFTEJQSw==,44CA,44CUaVBob25lIFNF55So44CVCuOCouOCr+OCu+OCteODquODvOOAgg==,TVPjgr3jg6rjg6Xjg7zjgrfjg6fjg7PjgrppUGhvbmUgU0XnlKggUFXjg6zjgrbjg7zjgrHjg7zjgrlCT09LIOODlOODs+OCryBMUC1JNVNFTEJQS++8muOCveODleODnuODg+ODl+alveWkqeW4guWgtOW6lw==,44K944OV44Oe44OD44OXU29mbWFw44OR44K944Kz44Oz44K/44OW44Os44OD44OIUENIRETjgqLjgrvjg7Pjg5bjg6rjg5Hjg7zjg4Tjg5Hjgr3jgrPjg7Pjg5Hjg7zjg4Tjg4bjg6zjg5PjgrLjg7zjg6Djg5bjg6vjg7zjg6zjgqTjgr3jg5Xjg4hEVkTjgr3jg5Xjg4jmtrLmmbbjg4bjg6zjg5Pjg5bjg6vjg7zjg6zjgqTjg4fjgqPjgrnjgq/jg6zjgrPjg7zjg4Djg7zjg4fjgrjjgr/jg6vkuIDnnLzjg6zjg5Xjgqvjg6Hjg6njg4fjgrjjgr/jg6vjgqvjg6Hjg6nlrrbpm7vmmYLoqIjkuK3lj6TjgqLjgqbjg4jjg6zjg4Pjg4hpUGFkaVBob25lTVPjgr3jg6rjg6Xjg7zjgrfjg6fjg7PjgrppUGhvbmUgU0XnlKggUFXjg6zjgrbjg7zjgrHjg7zjgrlCT09LIOODlOODs+OCryBMUC1JNVNFTEJQSw==,44CA44CCTVPjgr3jg6rjg6Xjg7zjgrfjg6fjg7PjgrppUGhvbmUgU0XnlKggUFXjg6zjgrbjg7zjgrHjg7zjgrlCT09LIOODlOODs+OCryBMUC1JNVNFTEJQSw==[rn]
16-182826,aHR0cDovL3RzaG9wLnIxMHMuanAvZHRjL2NhYmluZXQvMjAxNjAzMjJhLzQ5ODgwNzU1OTYyNzYuanBnP2ZpdGluPTcwMDo3MDA=,MTY4MC4wMDAw,,44K544Oe44O844OI44OV44Kp44Oz44O744K/44OW44Os44OD44OIID4g44K544Oe44O844OI44OV44Kp44Oz44Ki44Kv44K744K144Oq44O8ID4g44K544Oe44O844OI44OV44Kp44Oz44Kx44O844K5,44Op44K544K/44OQ44OK44OKaVBob25lIFNF55So44CA5omL5biz5Z6L44Kx44O844K5IOaoquOAgOODjeOCpOODk+ODvOOAgDIyMzBJUDZD44CA44K544K/44Oz44OJ5qmf6IO9IOODneOCseODg+ODiOODu0Tjgqvjg7Pku5g=,44CA,44CUaVBob25lIFNF55So77ya44Kx44O844K544CVCuaJi+W4s+aEn+immuOBp+S9v+eUqOOBp+OBjeOCi+OAgg==,44Op44K544K/44OQ44OK44OKaVBob25lIFNF55So44CA5omL5biz5Z6L44Kx44O844K5IOaoquOAgOODjeOCpOODk+ODvOOAgDIyMzBJUDZD44CA44K544K/44Oz44OJ5qmf6IO9IOODneOCseODg+ODiOODu0Tjgqvjg7Pku5jvvJrjgr3jg5Xjg57jg4Pjg5fmpb3lpKnluILloLTlupc=,44K944OV44Oe44OD44OXU29mbWFw44OR44K944Kz44Oz44K/44OW44Os44OD44OIUENIRETjgqLjgrvjg7Pjg5bjg6rjg5Hjg7zjg4Tjg5Hjgr3jgrPjg7Pjg5Hjg7zjg4Tjg4bjg6zjg5PjgrLjg7zjg6Djg5bjg6vjg7zjg6zjgqTjgr3jg5Xjg4hEVkTjgr3jg5Xjg4jmtrLmmbbjg4bjg6zjg5Pjg5bjg6vjg7zjg6zjgqTjg4fjgqPjgrnjgq/jg6zjgrPjg7zjg4Djg7zjg4fjgrjjgr/jg6vkuIDnnLzjg6zjg5Xjgqvjg6Hjg6njg4fjgrjjgr/jg6vjgqvjg6Hjg6nlrrbpm7vmmYLoqIjkuK3lj6TjgqLjgqbjg4jjg6zjg4Pjg4hpUGFkaVBob25l44Op44K544K/44OQ44OK44OKaVBob25lIFNF55So44CA5omL5biz5Z6L44Kx44O844K5IOaoquOAgOODjeOCpOODk+ODvOOAgDIyMzBJUDZD44CA44K544K/44Oz44OJ5qmf6IO9IOODneOCseODg+ODiOODu0Tjgqvjg7Pku5g=,44CA44CC44Op44K544K/44OQ44OK44OKaVBob25lIFNF55So44CA5omL5biz5Z6L44Kx44O844K5IOaoquOAgOODjeOCpOODk+ODvOOAgDIyMzBJUDZD44CA44K544K/44Oz44OJ5qmf6IO9IOODneOCseODg+ODiOODu0Tjgqvjg7Pku5g=[rn]
16-182827,aHR0cDovL3RzaG9wLnIxMHMuanAvZHRjL2NhYmluZXQvMjAxNjAzMjJhLzQ1NzMyNjcyMTEzNzQuanBnP2ZpdGluPTcwMDo3MDA=,MTY4MC4wMDAw,,44K544Oe44O844OI44OV44Kp44Oz44O744K/44OW44Os44OD44OIID4g44K544Oe44O844OI44OV44Kp44Oz44Ki44Kv44K744K144Oq44O8ID4g44K544Oe44O844OI44OV44Kp44Oz44Kx44O844K5,TVPjgr3jg6rjg6Xjg7zjgrfjg6fjg7PjgrppUGhvbmUgU0XnlKgg6JaE5Z6LUFXjg6zjgrbjg7zjgrHjg7zjgrkgUFJJTUUg44ON44Kk44OT44O8IExQLUk1U0VMTlY=,44CA,44CUaVBob25lIFNF55So44CVCuOCouOCr+OCu+OCteODquODvOOAgg==,TVPjgr3jg6rjg6Xjg7zjgrfjg6fjg7PjgrppUGhvbmUgU0XnlKgg6JaE5Z6LUFXjg6zjgrbjg7zjgrHjg7zjgrkgUFJJTUUg44ON44Kk44OT44O8IExQLUk1U0VMTlbvvJrjgr3jg5Xjg57jg4Pjg5fmpb3lpKnluILloLTlupc=,44K944OV44Oe44OD44OXU29mbWFw44OR44K944Kz44Oz44K/44OW44Os44OD44OIUENIRETjgqLjgrvjg7Pjg5bjg6rjg5Hjg7zjg4Tjg5Hjgr3jgrPjg7Pjg5Hjg7zjg4Tjg4bjg6zjg5PjgrLjg7zjg6Djg5bjg6vjg7zjg6zjgqTjgr3jg5Xjg4hEVkTjgr3jg5Xjg4jmtrLmmbbjg4bjg6zjg5Pjg5bjg6vjg7zjg6zjgqTjg4fjgqPjgrnjgq/jg6zjgrPjg7zjg4Djg7zjg4fjgrjjgr/jg6vkuIDnnLzjg6zjg5Xjgqvjg6Hjg6njg4fjgrjjgr/jg6vjgqvjg6Hjg6nlrrbpm7vmmYLoqIjkuK3lj6TjgqLjgqbjg4jjg6zjg4Pjg4hpUGFkaVBob25lTVPjgr3jg6rjg6Xjg7zjgrfjg6fjg7PjgrppUGhvbmUgU0XnlKgg6JaE5Z6LUFXjg6zjgrbjg7zjgrHjg7zjgrkgUFJJTUUg44ON44Kk44OT44O8IExQLUk1U0VMTlY=,44CA44CCTVPjgr3jg6rjg6Xjg7zjgrfjg6fjg7PjgrppUGhvbmUgU0XnlKgg6JaE5Z6LUFXjg6zjgrbjg7zjgrHjg7zjgrkgUFJJTUUg44ON44Kk44OT44O8IExQLUk1U0VMTlY=[rn]
16-182828,aHR0cDovL3RzaG9wLnIxMHMuanAvZHRjL2NhYmluZXQvMjAxNzAyMDduMTEvNDk1MzEwMzQ5NTIzNC5qcGc/Zml0aW49NzAwOjcwMA==,NzExLjIwMDA=,,44K544Oe44O844OI44OV44Kp44Oz44O744K/44OW44Os44OD44OIID4g44K544Oe44O844OI44OV44Kp44Oz44Ki44Kv44K744K144Oq44O8ID4g44K544Oe44O844OI44OV44Kp44Oz44Kx44O844K5,44Ko44Os44Kz44OgaVBob25lIFNF55So44CA44K344Oq44Kz44Oz44Kx44O844K5IOODjuODvOODnuODq+OAgOODluODqeODg+OCr+OAgFBNQTE2U1NDQks=,44CA,44CUaVBob25lIFNF55So44CVCuOCouOCr+OCu+OCteODquODvOOAgg==,44Ko44Os44Kz44OgaVBob25lIFNF55So44CA44K344Oq44Kz44Oz44Kx44O844K5IOODjuODvOODnuODq+OAgOODluODqeODg+OCr+OAgFBNQTE2U1NDQkvvvJrjgr3jg5Xjg57jg4Pjg5fmpb3lpKnluILloLTlupc=,44K944OV44Oe44OD44OXU29mbWFw44OR44K944Kz44Oz44K/44OW44Os44OD44OIUENIRETjgqLjgrvjg7Pjg5bjg6rjg5Hjg7zjg4Tjg5Hjgr3jgrPjg7Pjg5Hjg7zjg4Tjg4bjg6zjg5PjgrLjg7zjg6Djg5bjg6vjg7zjg6zjgqTjgr3jg5Xjg4hEVkTjgr3jg5Xjg4jmtrLmmbbjg4bjg6zjg5Pjg5bjg6vjg7zjg6zjgqTjg4fjgqPjgrnjgq/jg6zjgrPjg7zjg4Djg7zjg4fjgrjjgr/jg6vkuIDnnLzjg6zjg5Xjgqvjg6Hjg6njg4fjgrjjgr/jg6vjgqvjg6Hjg6nlrrbpm7vmmYLoqIjkuK3lj6TjgqLjgqbjg4jjg6zjg4Pjg4hpUGFkaVBob25l44Ko44Os44Kz44OgaVBob25lIFNF55So44CA44K344Oq44Kz44Oz44Kx44O844K5IOODjuODvOODnuODq+OAgOODluODqeODg+OCr+OAgFBNQTE2U1NDQks=,44CA44CC44Ko44Os44Kz44OgaVBob25lIFNF55So44CA44K344Oq44Kz44Oz44Kx44O844K5IOODjuODvOODnuODq+OAgOODluODqeODg+OCr+OAgFBNQTE2U1NDQks=[rn]
16-182829,aHR0cDovL3RzaG9wLnIxMHMuanAvZHRjL2NhYmluZXQvMjAxNjAzMjJhLzQ1NjIzNTY5OTgxMzUuanBnP2ZpdGluPTcwMDo3MDA=,MTkwNC4wMDAw,,44K544Oe44O844OI44OV44Kp44Oz44O744K/44OW44Os44OD44OIID4g44K544Oe44O844OI44OV44Kp44Oz44Ki44Kv44K744K144Oq44O8ID4g44K544Oe44O844OI44OV44Kp44Oz44Kx44O844K5,44Os44Kk44O744Ki44Km44OIaVBob25lIFNF55So44CA44OH44Kj44K644OL44O8IOaJi+W4s+WeiyDjg53jg4Pjg5fjgqLjg4Pjg5cg44Kr44O844K344O044CA44Of44OD44Kt44O844CAUlREUDExVE1L,44CA,44CUaVBob25lIFNF55So44CVCuOCouOCr+OCu+OCteODquODvOOAgg==,44Os44Kk44O744Ki44Km44OIaVBob25lIFNF55So44CA44OH44Kj44K644OL44O8IOaJi+W4s+WeiyDjg53jg4Pjg5fjgqLjg4Pjg5cg44Kr44O844K344O044CA44Of44OD44Kt44O844CAUlREUDExVE1L77ya44K944OV44Oe44OD44OX5qW95aSp5biC5aC05bqX,44K944OV44Oe44OD44OXU29mbWFw44OR44K944Kz44Oz44K/44OW44Os44OD44OIUENIRETjgqLjgrvjg7Pjg5bjg6rjg5Hjg7zjg4Tjg5Hjgr3jgrPjg7Pjg5Hjg7zjg4Tjg4bjg6zjg5PjgrLjg7zjg6Djg5bjg6vjg7zjg6zjgqTjgr3jg5Xjg4hEVkTjgr3jg5Xjg4jmtrLmmbbjg4bjg6zjg5Pjg5bjg6vjg7zjg6zjgqTjg4fjgqPjgrnjgq/jg6zjgrPjg7zjg4Djg7zjg4fjgrjjgr/jg6vkuIDnnLzjg6zjg5Xjgqvjg6Hjg6njg4fjgrjjgr/jg6vjgqvjg6Hjg6nlrrbpm7vmmYLoqIjkuK3lj6TjgqLjgqbjg4jjg6zjg4Pjg4hpUGFkaVBob25l44Os44Kk44O744Ki44Km44OIaVBob25lIFNF55So44CA44OH44Kj44K644OL44O8IOaJi+W4s+WeiyDjg53jg4Pjg5fjgqLjg4Pjg5cg44Kr44O844K344O044CA44Of44OD44Kt44O844CAUlREUDExVE1L,44CA44CC44Os44Kk44O744Ki44Km44OIaVBob25lIFNF55So44CA44OH44Kj44K644OL44O8IOaJi+W4s+WeiyDjg53jg4Pjg5fjgqLjg4Pjg5cg44Kr44O844K344O044CA44Of44OD44Kt44O844CAUlREUDExVE1L[rn]
16-182830,aHR0cDovL3RzaG9wLnIxMHMuanAvZHRjL2NhYmluZXQvMjAxNjAzMjJhLzQ5ODgwNzU1OTYyODMuanBnP2ZpdGluPTcwMDo3MDA=,MjA3Mi4wMDAw,,44K544Oe44O844OI44OV44Kp44Oz44O744K/44OW44Os44OD44OIID4g44K544Oe44O844OI44OV44Kp44Oz44Ki44Kv44K744K144Oq44O8ID4g44K544Oe44O844OI44OV44Kp44Oz44Kx44O844K5,44Op44K544K/44OQ44OK44OKaVBob25lIFNF55So44CA5omL5biz5Z6L44Kx44O844K577yL44OP44Oz44OJ44K544OI44Op44OD44OX44CA44OW44Op44OD44Kv44CAMjIzMUlQNkPjgIDjgrnjgr/jg7Pjg4nmqZ/og70g44Od44Kx44OD44OI5LuY,44CA,44CUaVBob25lIFNF55So77ya44Kx44O844K544CVCuaJi+W4s+aEn+immuOBp+S9v+OBiOOCi++8iOOCueODiOODqeODg+ODl+S7mO+8ieOAgg==,44Op44K544K/44OQ44OK44OKaVBob25lIFNF55So44CA5omL5biz5Z6L44Kx44O844K577yL44OP44Oz44OJ44K544OI44Op44OD44OX44CA44OW44Op44OD44Kv44CAMjIzMUlQNkPjgIDjgrnjgr/jg7Pjg4nmqZ/og70g44Od44Kx44OD44OI5LuY77ya44K944OV44Oe44OD44OX5qW95aSp5biC5aC05bqX,44K944OV44Oe44OD44OXU29mbWFw44OR44K944Kz44Oz44K/44OW44Os44OD44OIUENIRETjgqLjgrvjg7Pjg5bjg6rjg5Hjg7zjg4Tjg5Hjgr3jgrPjg7Pjg5Hjg7zjg4Tjg4bjg6zjg5PjgrLjg7zjg6Djg5bjg6vjg7zjg6zjgqTjgr3jg5Xjg4hEVkTjgr3jg5Xjg4jmtrLmmbbjg4bjg6zjg5Pjg5bjg6vjg7zjg6zjgqTjg4fjgqPjgrnjgq/jg6zjgrPjg7zjg4Djg7zjg4fjgrjjgr/jg6vkuIDnnLzjg6zjg5Xjgqvjg6Hjg6njg4fjgrjjgr/jg6vjgqvjg6Hjg6nlrrbpm7vmmYLoqIjkuK3lj6TjgqLjgqbjg4jjg6zjg4Pjg4hpUGFkaVBob25l44Op44K544K/44OQ44OK44OKaVBob25lIFNF55So44CA5omL5biz5Z6L44Kx44O844K577yL44OP44Oz44OJ44K544OI44Op44OD44OX44CA44OW44Op44OD44Kv44CAMjIzMUlQNkPjgIDjgrnjgr/jg7Pjg4nmqZ/og70g44Od44Kx44OD44OI5LuY,44CA44CC44Op44K544K/44OQ44OK44OKaVBob25lIFNF55So44CA5omL5biz5Z6L44Kx44O844K577yL44OP44Oz44OJ44K544OI44Op44OD44OX44CA44OW44Op44OD44Kv44CAMjIzMUlQNkPjgIDjgrnjgr/jg7Pjg4nmqZ/og70g44Od44Kx44OD44OI5LuY[rn]
16-182831,aHR0cDovL3RzaG9wLnIxMHMuanAvZHRjL2NhYmluZXQvMjAxNjA0MTVhLzQ1ODA0OTIzMjU1MTYuanBnP2ZpdGluPTcwMDo3MDA=,Njc2MC4wMDAw,,44K544Oe44O844OI44OV44Kp44Oz44O744K/44OW44Os44OD44OIID4g44K544Oe44O844OI44OV44Kp44Oz44Ki44Kv44K744K144Oq44O8ID4g44K544Oe44O844OI44OV44Kp44Oz44Kx44O844K5,Uk9BaVBob25lIFNF55So44CAVml2aWQgQ3JvY28gRGlhcnnjgIDjg6zjg4Pjg4njgIBHWjc1NTFJNVNF,,44CUaVBob25lIFNF55So44CVCuOCouOCr+OCu+OCteODquODvOOAgg==,Uk9BaVBob25lIFNF55So44CAVml2aWQgQ3JvY28gRGlhcnnjgIDjg6zjg4Pjg4njgIBHWjc1NTFJNVNF77ya44K944OV44Oe44OD44OX5qW95aSp5biC5aC05bqX,44K944OV44Oe44OD44OXU29mbWFw44OR44K944Kz44Oz44K/44OW44Os44OD44OIUENIRETjgqLjgrvjg7Pjg5bjg6rjg5Hjg7zjg4Tjg5Hjgr3jgrPjg7Pjg5Hjg7zjg4Tjg4bjg6zjg5PjgrLjg7zjg6Djg5bjg6vjg7zjg6zjgqTjgr3jg5Xjg4hEVkTjgr3jg5Xjg4jmtrLmmbbjg4bjg6zjg5Pjg5bjg6vjg7zjg6zjgqTjg4fjgqPjgrnjgq/jg6zjgrPjg7zjg4Djg7zjg4fjgrjjgr/jg6vkuIDnnLzjg6zjg5Xjgqvjg6Hjg6njg4fjgrjjgr/jg6vjgqvjg6Hjg6nlrrbpm7vmmYLoqIjkuK3lj6TjgqLjgqbjg4jjg6zjg4Pjg4hpUGFkaVBob25lUk9BaVBob25lIFNF55So44CAVml2aWQgQ3JvY28gRGlhcnnjgIDjg6zjg4Pjg4njgIBHWjc1NTFJNVNF,Uk9BaVBob25lIFNF55So44CAVml2aWQgQ3JvY28gRGlhcnnjgIDjg6zjg4Pjg4njgIBHWjc1NTFJNVNF[rn]
16-182832,aHR0cDovL3RzaG9wLnIxMHMuanAvZHRjL2NhYmluZXQvMjAxNzAxMjZuOS80NTYyMzU4MDk3MzAwLmpwZz9maXRpbj03MDA6NzAw,MTk4NC4wMDAw,,44K544Oe44O844OI44OV44Kp44Oz44O744K/44OW44Os44OD44OIID4g44K544Oe44O844OI44OV44Kp44Oz44Ki44Kv44K744K144Oq44O8ID4g44K544Oe44O844OI44OV44Kp44Oz44Kx44O844K5,UEdBaVBob25lIFNF55SoIOOCouODq+ODn+ODkOODs+ODkeODvCDjgrfjg6vjg5Djg7wgUEdJNUVCUDAxU1Y=,44CA,44CUaVBob25lIFNF55So44CVCuOCouOCr+OCu+OCteODquODvOOAgg==,UEdBaVBob25lIFNF55SoIOOCouODq+ODn+ODkOODs+ODkeODvCDjgrfjg6vjg5Djg7wgUEdJNUVCUDAxU1bvvJrjgr3jg5Xjg57jg4Pjg5fmpb3lpKnluILloLTlupc=,44K944OV44Oe44OD44OXU29mbWFw44OR44K944Kz44Oz44K/44OW44Os44OD44OIUENIRETjgqLjgrvjg7Pjg5bjg6rjg5Hjg7zjg4Tjg5Hjgr3jgrPjg7Pjg5Hjg7zjg4Tjg4bjg6zjg5PjgrLjg7zjg6Djg5bjg6vjg7zjg6zjgqTjgr3jg5Xjg4hEVkTjgr3jg5Xjg4jmtrLmmbbjg4bjg6zjg5Pjg5bjg6vjg7zjg6zjgqTjg4fjgqPjgrnjgq/jg6zjgrPjg7zjg4Djg7zjg4fjgrjjgr/jg6vkuIDnnLzjg6zjg5Xjgqvjg6Hjg6njg4fjgrjjgr/jg6vjgqvjg6Hjg6nlrrbpm7vmmYLoqIjkuK3lj6TjgqLjgqbjg4jjg6zjg4Pjg4hpUGFkaVBob25lUEdBaVBob25lIFNF55SoIOOCouODq+ODn+ODkOODs+ODkeODvCDjgrfjg6vjg5Djg7wgUEdJNUVCUDAxU1Y=,44CA44CCUEdBaVBob25lIFNF55SoIOOCouODq+ODn+ODkOODs+ODkeODvCDjgrfjg6vjg5Djg7wgUEdJNUVCUDAxU1Y=[rn]
16-182833,aHR0cDovL3RzaG9wLnIxMHMuanAvZHRjL2NhYmluZXQvMjAxNjAzMjJhLzQ1NjA0NTgxODA5MzkuanBnP2ZpdGluPTcwMDo3MDA=,MTE4NC4wMDAw,,44K544Oe44O844OI44OV44Kp44Oz44O744K/44OW44Os44OD44OIID4g44K544Oe44O844OI44OV44Kp44Oz44Ki44Kv44K744K144Oq44O8ID4g44K544Oe44O844OI44OV44Kp44Oz44Kx44O844K5,QkVMRVhpUGhvbmUgU0XnlKjjgIBEZXZpYSBTbWFydCBDbGVhciBIYXJkIGNhc2XjgIDjgq/jg6rjgrnjgr/jg6vjg6zjg4Pjg4njgIBCTERWLTEzMVJE,44CA,44CUaVBob25lIFNF55So77ya44K444Oj44Kx44OD44OI44CVCumrmOmAj+aYjuOBquOCr+ODquOCouOCseODvOOCueOBq+iWhOOBj+iJsuOCkuWFpeOCjOOAgOmAj+aYjuaEn+OBguOCi+OAgOe2uum6l+OBquOCseODvOOCueOAgg==,QkVMRVhpUGhvbmUgU0XnlKjjgIBEZXZpYSBTbWFydCBDbGVhciBIYXJkIGNhc2XjgIDjgq/jg6rjgrnjgr/jg6vjg6zjg4Pjg4njgIBCTERWLTEzMVJE77ya44K944OV44Oe44OD44OX5qW95aSp5biC5aC05bqX,44K944OV44Oe44OD44OXU29mbWFw44OR44K944Kz44Oz44K/44OW44Os44OD44OIUENIRETjgqLjgrvjg7Pjg5bjg6rjg5Hjg7zjg4Tjg5Hjgr3jgrPjg7Pjg5Hjg7zjg4Tjg4bjg6zjg5PjgrLjg7zjg6Djg5bjg6vjg7zjg6zjgqTjgr3jg5Xjg4hEVkTjgr3jg5Xjg4jmtrLmmbbjg4bjg6zjg5Pjg5bjg6vjg7zjg6zjgqTjg4fjgqPjgrnjgq/jg6zjgrPjg7zjg4Djg7zjg4fjgrjjgr/jg6vkuIDnnLzjg6zjg5Xjgqvjg6Hjg6njg4fjgrjjgr/jg6vjgqvjg6Hjg6nlrrbpm7vmmYLoqIjkuK3lj6TjgqLjgqbjg4jjg6zjg4Pjg4hpUGFkaVBob25lQkVMRVhpUGhvbmUgU0XnlKjjgIBEZXZpYSBTbWFydCBDbGVhciBIYXJkIGNhc2XjgIDjgq/jg6rjgrnjgr/jg6vjg6zjg4Pjg4njgIBCTERWLTEzMVJE,44CA44CCQkVMRVhpUGhvbmUgU0XnlKjjgIBEZXZpYSBTbWFydCBDbGVhciBIYXJkIGNhc2XjgIDjgq/jg6rjgrnjgr/jg6vjg6zjg4Pjg4njgIBCTERWLTEzMVJE[rn]
16-182834,aHR0cDovL3RzaG9wLnIxMHMuanAvZHRjL2NhYmluZXQvMjAxNzAzMDluMS80NTgwNDkyMzI1NTg1LmpwZz9maXRpbj03MDA6NzAw,NTk4NC4wMDAw,,44K544Oe44O844OI44OV44Kp44Oz44O744K/44OW44Os44OD44OIID4g44K544Oe44O844OI44OV44Kp44Oz44Ki44Kv44K744K144Oq44O8ID4g44K544Oe44O844OI44OV44Kp44Oz44Kx44O844K5,Uk9BaVBob25lIFNF55So44CAU2FmZmlhbm8gRmxpcCBDYXNl44CA44K344OD44Kv44OW44Op44OD44Kv44CATEI3NTU4STVTRQ==,,44CUaVBob25lIFNF55So44CVCuOCouOCr+OCu+OCteODquODvOOAgg==,Uk9BaVBob25lIFNF55So44CAU2FmZmlhbm8gRmxpcCBDYXNl44CA44K344OD44Kv44OW44Op44OD44Kv44CATEI3NTU4STVTRe+8muOCveODleODnuODg+ODl+alveWkqeW4guWgtOW6lw==,44K944OV44Oe44OD44OXU29mbWFw44OR44K944Kz44Oz44K/44OW44Os44OD44OIUENIRETjgqLjgrvjg7Pjg5bjg6rjg5Hjg7zjg4Tjg5Hjgr3jgrPjg7Pjg5Hjg7zjg4Tjg4bjg6zjg5PjgrLjg7zjg6Djg5bjg6vjg7zjg6zjgqTjgr3jg5Xjg4hEVkTjgr3jg5Xjg4jmtrLmmbbjg4bjg6zjg5Pjg5bjg6vjg7zjg6zjgqTjg4fjgqPjgrnjgq/jg6zjgrPjg7zjg4Djg7zjg4fjgrjjgr/jg6vkuIDnnLzjg6zjg5Xjgqvjg6Hjg6njg4fjgrjjgr/jg6vjgqvjg6Hjg6nlrrbpm7vmmYLoqIjkuK3lj6TjgqLjgqbjg4jjg6zjg4Pjg4hpUGFkaVBob25lUk9BaVBob25lIFNF55So44CAU2FmZmlhbm8gRmxpcCBDYXNl44CA44K344OD44Kv44OW44Op44OD44Kv44CATEI3NTU4STVTRQ==,Uk9BaVBob25lIFNF55So44CAU2FmZmlhbm8gRmxpcCBDYXNl44CA44K344OD44Kv44OW44Op44OD44Kv44CATEI3NTU4STVTRQ==[rn]
16-182835,aHR0cDovL3RzaG9wLnIxMHMuanAvZHRjL2NhYmluZXQvMjAxNjA0MTVhLzg4MDkyMTc0NDE5ODcuanBnP2ZpdGluPTcwMDo3MDA=,MzE4NC4wMDAw,,44K544Oe44O844OI44OV44Kp44Oz44O744K/44OW44Os44OD44OIID4g44K544Oe44O844OI44OV44Kp44Oz44Ki44Kv44K744K144Oq44O8ID4g44K544Oe44O844OI44OV44Kp44Oz44Kx44O844K5,Uk9BaVBob25lIFNF55So44CAQ29sb3IgRWRnZSBEaWFyeeOAgOODquOCouODq+ODluODqeODg+OCr+OAgFo0MTk4STVTRQ==,,44CUaVBob25lIFNF55So44CVCuOCouOCr+OCu+OCteODquODvOOAgg==,Uk9BaVBob25lIFNF55So44CAQ29sb3IgRWRnZSBEaWFyeeOAgOODquOCouODq+ODluODqeODg+OCr+OAgFo0MTk4STVTRe+8muOCveODleODnuODg+ODl+alveWkqeW4guWgtOW6lw==,44K944OV44Oe44OD44OXU29mbWFw44OR44K944Kz44Oz44K/44OW44Os44OD44OIUENIRETjgqLjgrvjg7Pjg5bjg6rjg5Hjg7zjg4Tjg5Hjgr3jgrPjg7Pjg5Hjg7zjg4Tjg4bjg6zjg5PjgrLjg7zjg6Djg5bjg6vjg7zjg6zjgqTjgr3jg5Xjg4hEVkTjgr3jg5Xjg4jmtrLmmbbjg4bjg6zjg5Pjg5bjg6vjg7zjg6zjgqTjg4fjgqPjgrnjgq/jg6zjgrPjg7zjg4Djg7zjg4fjgrjjgr/jg6vkuIDnnLzjg6zjg5Xjgqvjg6Hjg6njg4fjgrjjgr/jg6vjgqvjg6Hjg6nlrrbpm7vmmYLoqIjkuK3lj6TjgqLjgqbjg4jjg6zjg4Pjg4hpUGFkaVBob25lUk9BaVBob25lIFNF55So44CAQ29sb3IgRWRnZSBEaWFyeeOAgOODquOCouODq+ODluODqeODg+OCr+OAgFo0MTk4STVTRQ==,Uk9BaVBob25lIFNF55So44CAQ29sb3IgRWRnZSBEaWFyeeOAgOODquOCouODq+ODluODqeODg+OCr+OAgFo0MTk4STVTRQ==[rn]
16-182836,aHR0cDovL3RzaG9wLnIxMHMuanAvZHRjL2NhYmluZXQvMjAxNjAzMTZhLzg4MDk0NzU4NTE1NDIuanBnP2ZpdGluPTcwMDo3MDA=,MjE0NC4wMDAw,,44K544Oe44O844OI44OV44Kp44Oz44O744K/44OW44Os44OD44OIID4g44K544Oe44O844OI44OV44Kp44Oz44Ki44Kv44K744K144Oq44O8ID4g44K544Oe44O844OI44OV44Kp44Oz44Kx44O844K5,VUlpUGhvbmUgU0XnlKggSU5PIE1FVEFMIE5PLjEgV0gg44K044O844Or44OJIElOTzAxV0dE,44CA,44CUaVBob25lIFNF55So77ya44K444Oj44Kx44OD44OI44CVClNpbXBsZeOBi+OCieeUn+OBv+WHuuOBmVN0eWxpc2jjgpLov73msYLjgZnjgovjg7vjg7ttb3RvbW/jgII=,VUlpUGhvbmUgU0XnlKggSU5PIE1FVEFMIE5PLjEgV0gg44K044O844Or44OJIElOTzAxV0dE77ya44K944OV44Oe44OD44OX5qW95aSp5biC5aC05bqX,44K944OV44Oe44OD44OXU29mbWFw44OR44K944Kz44Oz44K/44OW44Os44OD44OIUENIRETjgqLjgrvjg7Pjg5bjg6rjg5Hjg7zjg4Tjg5Hjgr3jgrPjg7Pjg5Hjg7zjg4Tjg4bjg6zjg5PjgrLjg7zjg6Djg5bjg6vjg7zjg6zjgqTjgr3jg5Xjg4hEVkTjgr3jg5Xjg4jmtrLmmbbjg4bjg6zjg5Pjg5bjg6vjg7zjg6zjgqTjg4fjgqPjgrnjgq/jg6zjgrPjg7zjg4Djg7zjg4fjgrjjgr/jg6vkuIDnnLzjg6zjg5Xjgqvjg6Hjg6njg4fjgrjjgr/jg6vjgqvjg6Hjg6nlrrbpm7vmmYLoqIjkuK3lj6TjgqLjgqbjg4jjg6zjg4Pjg4hpUGFkaVBob25lVUlpUGhvbmUgU0XnlKggSU5PIE1FVEFMIE5PLjEgV0gg44K044O844Or44OJIElOTzAxV0dE,44CA44CCVUlpUGhvbmUgU0XnlKggSU5PIE1FVEFMIE5PLjEgV0gg44K044O844Or44OJIElOTzAxV0dE[rn]
16-182837,aHR0cDovL3RzaG9wLnIxMHMuanAvZHRjL2NhYmluZXQvMjAxNjAzMjJhLzQ1NjIzNTY5OTc1MTAuanBnP2ZpdGluPTcwMDo3MDA=,MTMzNi4wMDAw,,44K544Oe44O844OI44OV44Kp44Oz44O744K/44OW44Os44OD44OIID4g44K544Oe44O844OI44OV44Kp44Oz44Ki44Kv44K744K144Oq44O8ID4g44K544Oe44O844OI44OV44Kp44Oz44Kx44O844K5,44Os44Kk44O744Ki44Km44OIaVBob25lIFNF55SoIOODh+OCo+OCuuODi+ODvCBUUFXjgr3jg5Xjg4jjgrHjg7zjgrkg44Kv44Ot44O844K644Ki44OD44OXIOODn+ODg+OCreODvCBSVERQMTFITUs=,44CA,44CUaVBob25lIFNF55So44CVCuOCouOCr+OCu+OCteODquODvOOAgg==,44Os44Kk44O744Ki44Km44OIaVBob25lIFNF55SoIOODh+OCo+OCuuODi+ODvCBUUFXjgr3jg5Xjg4jjgrHjg7zjgrkg44Kv44Ot44O844K644Ki44OD44OXIOODn+ODg+OCreODvCBSVERQMTFITUvvvJrjgr3jg5Xjg57jg4Pjg5fmpb3lpKnluILloLTlupc=,44K944OV44Oe44OD44OXU29mbWFw44OR44K944Kz44Oz44K/44OW44Os44OD44OIUENIRETjgqLjgrvjg7Pjg5bjg6rjg5Hjg7zjg4Tjg5Hjgr3jgrPjg7Pjg5Hjg7zjg4Tjg4bjg6zjg5PjgrLjg7zjg6Djg5bjg6vjg7zjg6zjgqTjgr3jg5Xjg4hEVkTjgr3jg5Xjg4jmtrLmmbbjg4bjg6zjg5Pjg5bjg6vjg7zjg6zjgqTjg4fjgqPjgrnjgq/jg6zjgrPjg7zjg4Djg7zjg4fjgrjjgr/jg6vkuIDnnLzjg6zjg5Xjgqvjg6Hjg6njg4fjgrjjgr/jg6vjgqvjg6Hjg6nlrrbpm7vmmYLoqIjkuK3lj6TjgqLjgqbjg4jjg6zjg4Pjg4hpUGFkaVBob25l44Os44Kk44O744Ki44Km44OIaVBob25lIFNF55SoIOODh+OCo+OCuuODi+ODvCBUUFXjgr3jg5Xjg4jjgrHjg7zjgrkg44Kv44Ot44O844K644Ki44OD44OXIOODn+ODg+OCreODvCBSVERQMTFITUs=,44CA44CC44Os44Kk44O744Ki44Km44OIaVBob25lIFNF55SoIOODh+OCo+OCuuODi+ODvCBUUFXjgr3jg5Xjg4jjgrHjg7zjgrkg44Kv44Ot44O844K644Ki44OD44OXIOODn+ODg+OCreODvCBSVERQMTFITUs=[rn]
16-182838,aHR0cDovL3RzaG9wLnIxMHMuanAvZHRjL2NhYmluZXQvMjAxNjAzMjJhLzQ5ODgwNzU1OTYyNjkuanBnP2ZpdGluPTcwMDo3MDA=,MTY4MC4wMDAw,,44K544Oe44O844OI44OV44Kp44Oz44O744K/44OW44Os44OD44OIID4g44K544Oe44O844OI44OV44Kp44Oz44Ki44Kv44K744K144Oq44O8ID4g44K544Oe44O844OI44OV44Kp44Oz44Kx44O844K5,44Op44K544K/44OQ44OK44OKaVBob25lIFNF55So44CA5omL5biz5Z6L44Kx44O844K5IOaoquOAgOODluODqeODg+OCr+OAgDIyMjlJUDZD44CA44K544K/44Oz44OJ5qmf6IO9IOODneOCseODg+ODiOODu0Tjgqvjg7Pku5g=,44CA,44CUaVBob25lIFNF55So77ya44Kx44O844K544CVCuaJi+W4s+aEn+immuOBp+S9v+eUqOOBp+OBjeOCi+OAgg==,44Op44K544K/44OQ44OK44OKaVBob25lIFNF55So44CA5omL5biz5Z6L44Kx44O844K5IOaoquOAgOODluODqeODg+OCr+OAgDIyMjlJUDZD44CA44K544K/44Oz44OJ5qmf6IO9IOODneOCseODg+ODiOODu0Tjgqvjg7Pku5jvvJrjgr3jg5Xjg57jg4Pjg5fmpb3lpKnluILloLTlupc=,44K944OV44Oe44OD44OXU29mbWFw44OR44K944Kz44Oz44K/44OW44Os44OD44OIUENIRETjgqLjgrvjg7Pjg5bjg6rjg5Hjg7zjg4Tjg5Hjgr3jgrPjg7Pjg5Hjg7zjg4Tjg4bjg6zjg5PjgrLjg7zjg6Djg5bjg6vjg7zjg6zjgqTjgr3jg5Xjg4hEVkTjgr3jg5Xjg4jmtrLmmbbjg4bjg6zjg5Pjg5bjg6vjg7zjg6zjgqTjg4fjgqPjgrnjgq/jg6zjgrPjg7zjg4Djg7zjg4fjgrjjgr/jg6vkuIDnnLzjg6zjg5Xjgqvjg6Hjg6njg4fjgrjjgr/jg6vjgqvjg6Hjg6nlrrbpm7vmmYLoqIjkuK3lj6TjgqLjgqbjg4jjg6zjg4Pjg4hpUGFkaVBob25l44Op44K544K/44OQ44OK44OKaVBob25lIFNF55So44CA5omL5biz5Z6L44Kx44O844K5IOaoquOAgOODluODqeODg+OCr+OAgDIyMjlJUDZD44CA44K544K/44Oz44OJ5qmf6IO9IOODneOCseODg+ODiOODu0Tjgqvjg7Pku5g=,44CA44CC44Op44K544K/44OQ44OK44OKaVBob25lIFNF55So44CA5omL5biz5Z6L44Kx44O844K5IOaoquOAgOODluODqeODg+OCr+OAgDIyMjlJUDZD44CA44K544K/44Oz44OJ5qmf6IO9IOODneOCseODg+ODiOODu0Tjgqvjg7Pku5g=[rn]
16-182839,aHR0cDovL3RzaG9wLnIxMHMuanAvZHRjL2NhYmluZXQvMjAxNjAzMjJhLzQ1NjIzNTY5OTc3NzAuanBnP2ZpdGluPTcwMDo3MDA=,MTUwNC4wMDAw,,44K544Oe44O844OI44OV44Kp44Oz44O744K/44OW44Os44OD44OIID4g44K544Oe44O844OI44OV44Kp44Oz44Ki44Kv44K744K144Oq44O8ID4g44K544Oe44O844OI44OV44Kp44Oz44Kx44O844K5,44Os44Kk44O744Ki44Km44OIaVBob25lIFNF55So44CA44OV44Op44OD44OX44Kx44O844K544K544OK44OD44OX44Oc44K/44Oz44CA44OW44Op44OD44Kv44CAUlRQMTFMQzFC,44CA,44CUaVBob25lIFNF55So44CVCuOCouOCr+OCu+OCteODquODvOOAgg==,44Os44Kk44O744Ki44Km44OIaVBob25lIFNF55So44CA44OV44Op44OD44OX44Kx44O844K544K544OK44OD44OX44Oc44K/44Oz44CA44OW44Op44OD44Kv44CAUlRQMTFMQzFC77ya44K944OV44Oe44OD44OX5qW95aSp5biC5aC05bqX,44K944OV44Oe44OD44OXU29mbWFw44OR44K944Kz44Oz44K/44OW44Os44OD44OIUENIRETjgqLjgrvjg7Pjg5bjg6rjg5Hjg7zjg4Tjg5Hjgr3jgrPjg7Pjg5Hjg7zjg4Tjg4bjg6zjg5PjgrLjg7zjg6Djg5bjg6vjg7zjg6zjgqTjgr3jg5Xjg4hEVkTjgr3jg5Xjg4jmtrLmmbbjg4bjg6zjg5Pjg5bjg6vjg7zjg6zjgqTjg4fjgqPjgrnjgq/jg6zjgrPjg7zjg4Djg7zjg4fjgrjjgr/jg6vkuIDnnLzjg6zjg5Xjgqvjg6Hjg6njg4fjgrjjgr/jg6vjgqvjg6Hjg6nlrrbpm7vmmYLoqIjkuK3lj6TjgqLjgqbjg4jjg6zjg4Pjg4hpUGFkaVBob25l44Os44Kk44O744Ki44Km44OIaVBob25lIFNF55So44CA44OV44Op44OD44OX44Kx44O844K544K544OK44OD44OX44Oc44K/44Oz44CA44OW44Op44OD44Kv44CAUlRQMTFMQzFC,44CA44CC44Os44Kk44O744Ki44Km44OIaVBob25lIFNF55So44CA44OV44Op44OD44OX44Kx44O844K544K544OK44OD44OX44Oc44K/44Oz44CA44OW44Op44OD44Kv44CAUlRQMTFMQzFC[rn]
16-182840,aHR0cDovL3RzaG9wLnIxMHMuanAvZHRjL2NhYmluZXQvMjAxNjA0MTVhLzQ1ODA0OTIzMjYxMjQuanBnP2ZpdGluPTcwMDo3MDA=,MTE4NC4wMDAw,,44K544Oe44O844OI44OV44Kp44Oz44O744K/44OW44Os44OD44OIID4g44K544Oe44O844OI44OV44Kp44Oz44Ki44Kv44K744K144Oq44O8ID4g44K544Oe44O844OI44OV44Kp44Oz44Kx44O844K5,Uk9BaVBob25lIFNF55So44CA44Kv44Oq44Ki44Kx44O844K5IOODleOCoeODs+OCv+OCuOODvOOAgOeZvembquWnq+OAgERTNzYxMkk1U0U=,,44CUaVBob25lIFNF55So44CVCuOCouOCr+OCu+OCteODquODvOOAgg==,Uk9BaVBob25lIFNF55So44CA44Kv44Oq44Ki44Kx44O844K5IOODleOCoeODs+OCv+OCuOODvOOAgOeZvembquWnq+OAgERTNzYxMkk1U0XvvJrjgr3jg5Xjg57jg4Pjg5fmpb3lpKnluILloLTlupc=,44K944OV44Oe44OD44OXU29mbWFw44OR44K944Kz44Oz44K/44OW44Os44OD44OIUENIRETjgqLjgrvjg7Pjg5bjg6rjg5Hjg7zjg4Tjg5Hjgr3jgrPjg7Pjg5Hjg7zjg4Tjg4bjg6zjg5PjgrLjg7zjg6Djg5bjg6vjg7zjg6zjgqTjgr3jg5Xjg4hEVkTjgr3jg5Xjg4jmtrLmmbbjg4bjg6zjg5Pjg5bjg6vjg7zjg6zjgqTjg4fjgqPjgrnjgq/jg6zjgrPjg7zjg4Djg7zjg4fjgrjjgr/jg6vkuIDnnLzjg6zjg5Xjgqvjg6Hjg6njg4fjgrjjgr/jg6vjgqvjg6Hjg6nlrrbpm7vmmYLoqIjkuK3lj6TjgqLjgqbjg4jjg6zjg4Pjg4hpUGFkaVBob25lUk9BaVBob25lIFNF55So44CA44Kv44Oq44Ki44Kx44O844K5IOODleOCoeODs+OCv+OCuOODvOOAgOeZvembquWnq+OAgERTNzYxMkk1U0U=,Uk9BaVBob25lIFNF55So44CA44Kv44Oq44Ki44Kx44O844K5IOODleOCoeODs+OCv+OCuOODvOOAgOeZvembquWnq+OAgERTNzYxMkk1U0U=[rn]
16-182841,aHR0cDovL3RzaG9wLnIxMHMuanAvZHRjL2NhYmluZXQvMjAxNjAzMjJhLzQ1ODIyNjk0ODAxMzguanBnP2ZpdGluPTcwMDo3MDA=,MTQyNC4wMDAw,,44K544Oe44O844OI44OV44Kp44Oz44O744K/44OW44Os44OD44OIID4g44K544Oe44O844OI44OV44Kp44Oz44Ki44Kv44K744K144Oq44O8ID4g44K544Oe44O844OI44OV44Kp44Oz44Kx44O844K5,44OI44Oq44OL44OG44KjaVBob25lIFNF55So44CATlVOT+ODkOODg+OCr+OCseODvOOCueOCq+ODouODleODqeODvOOCuOODpeOAgOODluODq+ODvOOAgFRSRkNGSVAxNkVCTENN,44CA,44CUaVBob25lIFNF55So44CVCuOCouOCr+OCu+OCteODquODvOOAgg==,44OI44Oq44OL44OG44KjaVBob25lIFNF55So44CATlVOT+ODkOODg+OCr+OCseODvOOCueOCq+ODouODleODqeODvOOCuOODpeOAgOODluODq+ODvOOAgFRSRkNGSVAxNkVCTENN77ya44K944OV44Oe44OD44OX5qW95aSp5biC5aC05bqX,44K944OV44Oe44OD44OXU29mbWFw44OR44K944Kz44Oz44K/44OW44Os44OD44OIUENIRETjgqLjgrvjg7Pjg5bjg6rjg5Hjg7zjg4Tjg5Hjgr3jgrPjg7Pjg5Hjg7zjg4Tjg4bjg6zjg5PjgrLjg7zjg6Djg5bjg6vjg7zjg6zjgqTjgr3jg5Xjg4hEVkTjgr3jg5Xjg4jmtrLmmbbjg4bjg6zjg5Pjg5bjg6vjg7zjg6zjgqTjg4fjgqPjgrnjgq/jg6zjgrPjg7zjg4Djg7zjg4fjgrjjgr/jg6vkuIDnnLzjg6zjg5Xjgqvjg6Hjg6njg4fjgrjjgr/jg6vjgqvjg6Hjg6nlrrbpm7vmmYLoqIjkuK3lj6TjgqLjgqbjg4jjg6zjg4Pjg4hpUGFkaVBob25l44OI44Oq44OL44OG44KjaVBob25lIFNF55So44CATlVOT+ODkOODg+OCr+OCseODvOOCueOCq+ODouODleODqeODvOOCuOODpeOAgOODluODq+ODvOOAgFRSRkNGSVAxNkVCTENN,44CA44CC44OI44Oq44OL44OG44KjaVBob25lIFNF55So44CATlVOT+ODkOODg+OCr+OCseODvOOCueOCq+ODouODleODqeODvOOCuOODpeOAgOODluODq+ODvOOAgFRSRkNGSVAxNkVCTENN[rn]
16-182842,aHR0cDovL3RzaG9wLnIxMHMuanAvZHRjL2NhYmluZXQvMjAxNjAzMjJhLzQ1NjIzNTgxMzA5MTUuanBnP2ZpdGluPTcwMDo3MDA=,MTY0MC4wMDAw,,44K544Oe44O844OI44OV44Kp44Oz44O744K/44OW44Os44OD44OIID4g44K544Oe44O844OI44OV44Kp44Oz44Ki44Kv44K744K144Oq44O8ID4g44K544Oe44O844OI44OV44Kp44Oz44Kx44O844K5,UEdBIGlQaG9uZSBTReeUqOOAgOODh+OCo+OCuuODi+ODvOOCt+ODquOCs+ODs+OCseODvOOCueOAgOODl+ODvOOBleOCk+OAgFBHLURDUzA5MVBPTw==,44CA,44CUaVBob25lIFNF55So44CVCuOCouOCr+OCu+OCteODquODvOOAgg==,UEdBIGlQaG9uZSBTReeUqOOAgOODh+OCo+OCuuODi+ODvOOCt+ODquOCs+ODs+OCseODvOOCueOAgOODl+ODvOOBleOCk+OAgFBHLURDUzA5MVBPT++8muOCveODleODnuODg+ODl+alveWkqeW4guWgtOW6lw==,44K944OV44Oe44OD44OXU29mbWFw44OR44K944Kz44Oz44K/44OW44Os44OD44OIUENIRETjgqLjgrvjg7Pjg5bjg6rjg5Hjg7zjg4Tjg5Hjgr3jgrPjg7Pjg5Hjg7zjg4Tjg4bjg6zjg5PjgrLjg7zjg6Djg5bjg6vjg7zjg6zjgqTjgr3jg5Xjg4hEVkTjgr3jg5Xjg4jmtrLmmbbjg4bjg6zjg5Pjg5bjg6vjg7zjg6zjgqTjg4fjgqPjgrnjgq/jg6zjgrPjg7zjg4Djg7zjg4fjgrjjgr/jg6vkuIDnnLzjg6zjg5Xjgqvjg6Hjg6njg4fjgrjjgr/jg6vjgqvjg6Hjg6nlrrbpm7vmmYLoqIjkuK3lj6TjgqLjgqbjg4jjg6zjg4Pjg4hpUGFkaVBob25lUEdBIGlQaG9uZSBTReeUqOOAgOODh+OCo+OCuuODi+ODvOOCt+ODquOCs+ODs+OCseODvOOCueOAgOODl+ODvOOBleOCk+OAgFBHLURDUzA5MVBPTw==,44CA44CCUEdBIGlQaG9uZSBTReeUqOOAgOODh+OCo+OCuuODi+ODvOOCt+ODquOCs+ODs+OCseODvOOCueOAgOODl+ODvOOBleOCk+OAgFBHLURDUzA5MVBPTw==[rn]
16-182843,aHR0cDovL3RzaG9wLnIxMHMuanAvZHRjL2NhYmluZXQvMjAxNjAzMjJhLzQ1NjIzNTgxMzA4MzAuanBnP2ZpdGluPTcwMDo3MDA=,MTgyNC4wMDAw,,44K544Oe44O844OI44OV44Kp44Oz44O744K/44OW44Os44OD44OIID4g44K544Oe44O844OI44OV44Kp44Oz44Ki44Kv44K744K144Oq44O8ID4g44K544Oe44O844OI44OV44Kp44Oz44Kx44O844K5,UEdBaVBob25lIFNF55So44CA44OH44Kj44K644OL44O8VFBV44K944OV44OI44Kx44O844K544CA44Ko44Kk44Oq44Ki44Oz44CAUEctRENTMDgzTEdN,44CA,44CUaVBob25lIFNF55So44CVCuOCouOCr+OCu+OCteODquODvOOAgg==,UEdBaVBob25lIFNF55So44CA44OH44Kj44K644OL44O8VFBV44K944OV44OI44Kx44O844K544CA44Ko44Kk44Oq44Ki44Oz44CAUEctRENTMDgzTEdN77ya44K944OV44Oe44OD44OX5qW95aSp5biC5aC05bqX,44K944OV44Oe44OD44OXU29mbWFw44OR44K944Kz44Oz44K/44OW44Os44OD44OIUENIRETjgqLjgrvjg7Pjg5bjg6rjg5Hjg7zjg4Tjg5Hjgr3jgrPjg7Pjg5Hjg7zjg4Tjg4bjg6zjg5PjgrLjg7zjg6Djg5bjg6vjg7zjg6zjgqTjgr3jg5Xjg4hEVkTjgr3jg5Xjg4jmtrLmmbbjg4bjg6zjg5Pjg5bjg6vjg7zjg6zjgqTjg4fjgqPjgrnjgq/jg6zjgrPjg7zjg4Djg7zjg4fjgrjjgr/jg6vkuIDnnLzjg6zjg5Xjgqvjg6Hjg6njg4fjgrjjgr/jg6vjgqvjg6Hjg6nlrrbpm7vmmYLoqIjkuK3lj6TjgqLjgqbjg4jjg6zjg4Pjg4hpUGFkaVBob25lUEdBaVBob25lIFNF55So44CA44OH44Kj44K644OL44O8VFBV44K944OV44OI44Kx44O844K544CA44Ko44Kk44Oq44Ki44Oz44CAUEctRENTMDgzTEdN,44CA44CCUEdBaVBob25lIFNF55So44CA44OH44Kj44K644OL44O8VFBV44K944OV44OI44Kx44O844K544CA44Ko44Kk44Oq44Ki44Oz44CAUEctRENTMDgzTEdN[rn]
16-182844,aHR0cDovL3RzaG9wLnIxMHMuanAvZHRjL2NhYmluZXQvMjAxNjA0MTVhLzQ1ODA0OTIzMjYxNjIuanBnP2ZpdGluPTcwMDo3MDA=,MTE4NC4wMDAw,,44K544Oe44O844OI44OV44Kp44Oz44O744K/44OW44Os44OD44OIID4g44K544Oe44O844OI44OV44Kp44Oz44Ki44Kv44K744K144Oq44O8ID4g44K544Oe44O844OI44OV44Kp44Oz44Kx44O844K5,Uk9BaVBob25lIFNF55So44CA44Kv44Oq44Ki44Kx44O844K5IOODleOCoeODs+OCv+OCuOODvOOAgOaMh+ODj+ODvOODiOOAgERTNzYxNkk1U0U=,,44CUaVBob25lIFNF55So44CVCuOCouOCr+OCu+OCteODquODvOOAgg==,Uk9BaVBob25lIFNF55So44CA44Kv44Oq44Ki44Kx44O844K5IOODleOCoeODs+OCv+OCuOODvOOAgOaMh+ODj+ODvOODiOOAgERTNzYxNkk1U0XvvJrjgr3jg5Xjg57jg4Pjg5fmpb3lpKnluILloLTlupc=,44K944OV44Oe44OD44OXU29mbWFw44OR44K944Kz44Oz44K/44OW44Os44OD44OIUENIRETjgqLjgrvjg7Pjg5bjg6rjg5Hjg7zjg4Tjg5Hjgr3jgrPjg7Pjg5Hjg7zjg4Tjg4bjg6zjg5PjgrLjg7zjg6Djg5bjg6vjg7zjg6zjgqTjgr3jg5Xjg4hEVkTjgr3jg5Xjg4jmtrLmmbbjg4bjg6zjg5Pjg5bjg6vjg7zjg6zjgqTjg4fjgqPjgrnjgq/jg6zjgrPjg7zjg4Djg7zjg4fjgrjjgr/jg6vkuIDnnLzjg6zjg5Xjgqvjg6Hjg6njg4fjgrjjgr/jg6vjgqvjg6Hjg6nlrrbpm7vmmYLoqIjkuK3lj6TjgqLjgqbjg4jjg6zjg4Pjg4hpUGFkaVBob25lUk9BaVBob25lIFNF55So44CA44Kv44Oq44Ki44Kx44O844K5IOODleOCoeODs+OCv+OCuOODvOOAgOaMh+ODj+ODvOODiOOAgERTNzYxNkk1U0U=,Uk9BaVBob25lIFNF55So44CA44Kv44Oq44Ki44Kx44O844K5IOODleOCoeODs+OCv+OCuOODvOOAgOaMh+ODj+ODvOODiOOAgERTNzYxNkk1U0U=[rn]
16-182845,aHR0cDovL3RzaG9wLnIxMHMuanAvZHRjL2NhYmluZXQvMjAxNjAzMjJhLzQ1NzMyNjcyMTE0NDIuanBnP2ZpdGluPTcwMDo3MDA=,MjA0OC4wMDAw,,44K544Oe44O844OI44OV44Kp44Oz44O744K/44OW44Os44OD44OIID4g44K544Oe44O844OI44OV44Kp44Oz44Ki44Kv44K744K144Oq44O8ID4g44K544Oe44O844OI44OV44Kp44Oz44Kx44O844K5,TVPjgr3jg6rjg6Xjg7zjgrfjg6fjg7PjgrppUGhvbmUgU0XnlKgg6JaE5Z6L44OV44Kh44OW44Oq44OD44Kv44OH44K244Kk44Oz44Kx44O844K5UFJJTUUgRmFicmljIOOCq+ODouODleODqeODvOOCuOODpeafhCBBIExQLUk1U0VMUC1GQ0ZB,44CA,44CUaVBob25lIFNF55So44CVCuOCouOCr+OCu+OCteODquODvOOAgg==,TVPjgr3jg6rjg6Xjg7zjgrfjg6fjg7PjgrppUGhvbmUgU0XnlKgg6JaE5Z6L44OV44Kh44OW44Oq44OD44Kv44OH44K244Kk44Oz44Kx44O844K5UFJJTUUgRmFicmljIOOCq+ODouODleODqeODvOOCuOODpeafhCBBIExQLUk1U0VMUC1GQ0ZB77ya44K944OV44Oe44OD44OX5qW95aSp5biC5aC05bqX,44K944OV44Oe44OD44OXU29mbWFw44OR44K944Kz44Oz44K/44OW44Os44OD44OIUENIRETjgqLjgrvjg7Pjg5bjg6rjg5Hjg7zjg4Tjg5Hjgr3jgrPjg7Pjg5Hjg7zjg4Tjg4bjg6zjg5PjgrLjg7zjg6Djg5bjg6vjg7zjg6zjgqTjgr3jg5Xjg4hEVkTjgr3jg5Xjg4jmtrLmmbbjg4bjg6zjg5Pjg5bjg6vjg7zjg6zjgqTjg4fjgqPjgrnjgq/jg6zjgrPjg7zjg4Djg7zjg4fjgrjjgr/jg6vkuIDnnLzjg6zjg5Xjgqvjg6Hjg6njg4fjgrjjgr/jg6vjgqvjg6Hjg6nlrrbpm7vmmYLoqIjkuK3lj6TjgqLjgqbjg4jjg6zjg4Pjg4hpUGFkaVBob25lTVPjgr3jg6rjg6Xjg7zjgrfjg6fjg7PjgrppUGhvbmUgU0XnlKgg6JaE5Z6L44OV44Kh44OW44Oq44OD44Kv44OH44K244Kk44Oz44Kx44O844K5UFJJTUUgRmFicmljIOOCq+ODouODleODqeODvOOCuOODpeafhCBBIExQLUk1U0VMUC1GQ0ZB,44CA44CCTVPjgr3jg6rjg6Xjg7zjgrfjg6fjg7PjgrppUGhvbmUgU0XnlKgg6JaE5Z6L44OV44Kh44OW44Oq44OD44Kv44OH44K244Kk44Oz44Kx44O844K5UFJJTUUgRmFicmljIOOCq+ODouODleODqeODvOOCuOODpeafhCBBIExQLUk1U0VMUC1GQ0ZB[rn]
16-182846,aHR0cDovL3RzaG9wLnIxMHMuanAvZHRjL2NhYmluZXQvMjAxNjA0MTVhLzQ1ODA0OTIzMjYxNDguanBnP2ZpdGluPTcwMDo3MDA=,MTE4NC4wMDAw,,44K544Oe44O844OI44OV44Kp44Oz44O744K/44OW44Os44OD44OIID4g44K544Oe44O844OI44OV44Kp44Oz44Ki44Kv44K744K144Oq44O8ID4g44K544Oe44O844OI44OV44Kp44Oz44Kx44O844K5,Uk9BaVBob25lIFNF55So44CA44Kv44Oq44Ki44Kx44O844K5IOODleOCoeODs+OCv+OCuOODvOOAgOODm+OCt+ODiOODquOAgERTNzYxNEk1U0U=,,44CUaVBob25lIFNF55So44CVCuOCouOCr+OCu+OCteODquODvOOAgg==,Uk9BaVBob25lIFNF55So44CA44Kv44Oq44Ki44Kx44O844K5IOODleOCoeODs+OCv+OCuOODvOOAgOODm+OCt+ODiOODquOAgERTNzYxNEk1U0XvvJrjgr3jg5Xjg57jg4Pjg5fmpb3lpKnluILloLTlupc=,44K944OV44Oe44OD44OXU29mbWFw44OR44K944Kz44Oz44K/44OW44Os44OD44OIUENIRETjgqLjgrvjg7Pjg5bjg6rjg5Hjg7zjg4Tjg5Hjgr3jgrPjg7Pjg5Hjg7zjg4Tjg4bjg6zjg5PjgrLjg7zjg6Djg5bjg6vjg7zjg6zjgqTjgr3jg5Xjg4hEVkTjgr3jg5Xjg4jmtrLmmbbjg4bjg6zjg5Pjg5bjg6vjg7zjg6zjgqTjg4fjgqPjgrnjgq/jg6zjgrPjg7zjg4Djg7zjg4fjgrjjgr/jg6vkuIDnnLzjg6zjg5Xjgqvjg6Hjg6njg4fjgrjjgr/jg6vjgqvjg6Hjg6nlrrbpm7vmmYLoqIjkuK3lj6TjgqLjgqbjg4jjg6zjg4Pjg4hpUGFkaVBob25lUk9BaVBob25lIFNF55So44CA44Kv44Oq44Ki44Kx44O844K5IOODleOCoeODs+OCv+OCuOODvOOAgOODm+OCt+ODiOODquOAgERTNzYxNEk1U0U=,Uk9BaVBob25lIFNF55So44CA44Kv44Oq44Ki44Kx44O844K5IOODleOCoeODs+OCv+OCuOODvOOAgOODm+OCt+ODiOODquOAgERTNzYxNEk1U0U=[rn]
16-182847,aHR0cDovL3RzaG9wLnIxMHMuanAvZHRjL2NhYmluZXQvMjAxNjA3XzAyLzQ1NjIzNzgyMTcyOTAuanBnP2ZpdGluPTcwMDo3MDA=,Mjc4NC4wMDAw,,44K544Oe44O844OI44OV44Kp44Oz44O744K/44OW44Os44OD44OIID4g44K544Oe44O844OI44OV44Kp44Oz44Ki44Kv44K744K144Oq44O8ID4g44K544Oe44O844OI44OV44Kp44Oz44Kx44O844K5,44OK44OB44Ol44Op44Or44OH44K244Kk44OzaVBob25lIFNF55SoIFJ1YmFuIOaJi+W4s+Wei+ODquODnOODs+OCseODvOOCue+8i+OCueODiOODqeODg+ODlyDjgrDjg6rjg7zjg7MgaVA1U0UtUkIwMg==,44CA,44CUaVBob25lIFNF55So77ya44Kx44O844K544CVCuOCueODiOODqeODg+ODl+S7mOOAgeaJi+W4s+Wei+ODquODnOODs+OCseODvOOCueOAgg==,44OK44OB44Ol44Op44Or44OH44K244Kk44OzaVBob25lIFNF55SoIFJ1YmFuIOaJi+W4s+Wei+ODquODnOODs+OCseODvOOCue+8i+OCueODiOODqeODg+ODlyDjgrDjg6rjg7zjg7MgaVA1U0UtUkIwMu+8muOCveODleODnuODg+ODl+alveWkqeW4guWgtOW6lw==,44K944OV44Oe44OD44OXU29mbWFw44OR44K944Kz44Oz44K/44OW44Os44OD44OIUENIRETjgqLjgrvjg7Pjg5bjg6rjg5Hjg7zjg4Tjg5Hjgr3jgrPjg7Pjg5Hjg7zjg4Tjg4bjg6zjg5PjgrLjg7zjg6Djg5bjg6vjg7zjg6zjgqTjgr3jg5Xjg4hEVkTjgr3jg5Xjg4jmtrLmmbbjg4bjg6zjg5Pjg5bjg6vjg7zjg6zjgqTjg4fjgqPjgrnjgq/jg6zjgrPjg7zjg4Djg7zjg4fjgrjjgr/jg6vkuIDnnLzjg6zjg5Xjgqvjg6Hjg6njg4fjgrjjgr/jg6vjgqvjg6Hjg6nlrrbpm7vmmYLoqIjkuK3lj6TjgqLjgqbjg4jjg6zjg4Pjg4hpUGFkaVBob25l44OK44OB44Ol44Op44Or44OH44K244Kk44OzaVBob25lIFNF55SoIFJ1YmFuIOaJi+W4s+Wei+ODquODnOODs+OCseODvOOCue+8i+OCueODiOODqeODg+ODlyDjgrDjg6rjg7zjg7MgaVA1U0UtUkIwMg==,44CA44CC44OK44OB44Ol44Op44Or44OH44K244Kk44OzaVBob25lIFNF55SoIFJ1YmFuIOaJi+W4s+Wei+ODquODnOODs+OCseODvOOCue+8i+OCueODiOODqeODg+ODlyDjgrDjg6rjg7zjg7MgaVA1U0UtUkIwMg==[rn]
16-182848,aHR0cDovL3RzaG9wLnIxMHMuanAvZHRjL2NhYmluZXQvMjAxNjAzMjJhLzQ1ODIyNjk0ODAxODMuanBnP2ZpdGluPTcwMDo3MDA=,MTQyNC4wMDAw,,44K544Oe44O844OI44OV44Kp44Oz44O744K/44OW44Os44OD44OIID4g44K544Oe44O844OI44OV44Kp44Oz44Ki44Kv44K744K144Oq44O8ID4g44K544Oe44O844OI44OV44Kp44Oz44Kx44O844K5,44OI44Oq44OL44OG44KjaVBob25lIFNF55SoIE5VTk/jg5Djg4Pjgq/jgrHjg7zjgrkg44OW44Op44OD44KvIFRSRkNJUDE2RU5CSw==,44CA,44CUaVBob25lIFNF55So44CVCuOCouOCr+OCu+OCteODquODvOOAgg==,44OI44Oq44OL44OG44KjaVBob25lIFNF55SoIE5VTk/jg5Djg4Pjgq/jgrHjg7zjgrkg44OW44Op44OD44KvIFRSRkNJUDE2RU5CS++8muOCveODleODnuODg+ODl+alveWkqeW4guWgtOW6lw==,44K944OV44Oe44OD44OXU29mbWFw44OR44K944Kz44Oz44K/44OW44Os44OD44OIUENIRETjgqLjgrvjg7Pjg5bjg6rjg5Hjg7zjg4Tjg5Hjgr3jgrPjg7Pjg5Hjg7zjg4Tjg4bjg6zjg5PjgrLjg7zjg6Djg5bjg6vjg7zjg6zjgqTjgr3jg5Xjg4hEVkTjgr3jg5Xjg4jmtrLmmbbjg4bjg6zjg5Pjg5bjg6vjg7zjg6zjgqTjg4fjgqPjgrnjgq/jg6zjgrPjg7zjg4Djg7zjg4fjgrjjgr/jg6vkuIDnnLzjg6zjg5Xjgqvjg6Hjg6njg4fjgrjjgr/jg6vjgqvjg6Hjg6nlrrbpm7vmmYLoqIjkuK3lj6TjgqLjgqbjg4jjg6zjg4Pjg4hpUGFkaVBob25l44OI44Oq44OL44OG44KjaVBob25lIFNF55SoIE5VTk/jg5Djg4Pjgq/jgrHjg7zjgrkg44OW44Op44OD44KvIFRSRkNJUDE2RU5CSw==,44CA44CC44OI44Oq44OL44OG44KjaVBob25lIFNF55SoIE5VTk/jg5Djg4Pjgq/jgrHjg7zjgrkg44OW44Op44OD44KvIFRSRkNJUDE2RU5CSw==[rn]
16-182849,aHR0cDovL3RzaG9wLnIxMHMuanAvZHRjL2NhYmluZXQvMjAxNjA0MTVhLzQ1ODA0OTIzMjYwNDkuanBnP2ZpdGluPTcwMDo3MDA=,MjE0NC4wMDAw,,44K544Oe44O844OI44OV44Kp44Oz44O744K/44OW44Os44OD44OIID4g44K544Oe44O844OI44OV44Kp44Oz44Ki44Kv44K744K144Oq44O8ID4g44K544Oe44O844OI44OV44Kp44Oz44Kx44O844K5,Uk9BaVBob25lIFNF55So44CAQ0FMRiBEaWFyeeOAgOOCtOODvOODq+ODh+ODs+ODluODqeOCpuODs+OAgEhBTjc2MDRJNVNF,,44CUaVBob25lIFNF55So44CVCuOCouOCr+OCu+OCteODquODvOOAgg==,Uk9BaVBob25lIFNF55So44CAQ0FMRiBEaWFyeeOAgOOCtOODvOODq+ODh+ODs+ODluODqeOCpuODs+OAgEhBTjc2MDRJNVNF77ya44K944OV44Oe44OD44OX5qW95aSp5biC5aC05bqX,44K944OV44Oe44OD44OXU29mbWFw44OR44K944Kz44Oz44K/44OW44Os44OD44OIUENIRETjgqLjgrvjg7Pjg5bjg6rjg5Hjg7zjg4Tjg5Hjgr3jgrPjg7Pjg5Hjg7zjg4Tjg4bjg6zjg5PjgrLjg7zjg6Djg5bjg6vjg7zjg6zjgqTjgr3jg5Xjg4hEVkTjgr3jg5Xjg4jmtrLmmbbjg4bjg6zjg5Pjg5bjg6vjg7zjg6zjgqTjg4fjgqPjgrnjgq/jg6zjgrPjg7zjg4Djg7zjg4fjgrjjgr/jg6vkuIDnnLzjg6zjg5Xjgqvjg6Hjg6njg4fjgrjjgr/jg6vjgqvjg6Hjg6nlrrbpm7vmmYLoqIjkuK3lj6TjgqLjgqbjg4jjg6zjg4Pjg4hpUGFkaVBob25lUk9BaVBob25lIFNF55So44CAQ0FMRiBEaWFyeeOAgOOCtOODvOODq+ODh+ODs+ODluODqeOCpuODs+OAgEhBTjc2MDRJNVNF,Uk9BaVBob25lIFNF55So44CAQ0FMRiBEaWFyeeOAgOOCtOODvOODq+ODh+ODs+ODluODqeOCpuODs+OAgEhBTjc2MDRJNVNF[rn]
16-182850,aHR0cDovL3RzaG9wLnIxMHMuanAvZHRjL2NhYmluZXQvMjAxNjAzMjJhLzQ1NjIzNTY5OTc5NjEuanBnP2ZpdGluPTcwMDo3MDA=,MTQxNi4wMDAw,,44K544Oe44O844OI44OV44Kp44Oz44O744K/44OW44Os44OD44OIID4g44K544Oe44O844OI44OV44Kp44Oz44Ki44Kv44K744K144Oq44O8ID4g44K544Oe44O844OI44OV44Kp44Oz44Kx44O844K5,44Os44Kk44O744Ki44Km44OIaVBob25lIFNF55SoIOODleODqeODg+ODl+OCseODvOOCuSDjg57jgrDjg43jg4Pjg4jjgr/jgqTjg5cg44OW44Op44OD44KvIFJUUDExU0xDNEI=,44CA,44CUaVBob25lIFNF55So44CVCuOCouOCr+OCu+OCteODquODvOOAgg==,44Os44Kk44O744Ki44Km44OIaVBob25lIFNF55SoIOODleODqeODg+ODl+OCseODvOOCuSDjg57jgrDjg43jg4Pjg4jjgr/jgqTjg5cg44OW44Op44OD44KvIFJUUDExU0xDNELvvJrjgr3jg5Xjg57jg4Pjg5fmpb3lpKnluILloLTlupc=,44K944OV44Oe44OD44OXU29mbWFw44OR44K944Kz44Oz44K/44OW44Os44OD44OIUENIRETjgqLjgrvjg7Pjg5bjg6rjg5Hjg7zjg4Tjg5Hjgr3jgrPjg7Pjg5Hjg7zjg4Tjg4bjg6zjg5PjgrLjg7zjg6Djg5bjg6vjg7zjg6zjgqTjgr3jg5Xjg4hEVkTjgr3jg5Xjg4jmtrLmmbbjg4bjg6zjg5Pjg5bjg6vjg7zjg6zjgqTjg4fjgqPjgrnjgq/jg6zjgrPjg7zjg4Djg7zjg4fjgrjjgr/jg6vkuIDnnLzjg6zjg5Xjgqvjg6Hjg6njg4fjgrjjgr/jg6vjgqvjg6Hjg6nlrrbpm7vmmYLoqIjkuK3lj6TjgqLjgqbjg4jjg6zjg4Pjg4hpUGFkaVBob25l44Os44Kk44O744Ki44Km44OIaVBob25lIFNF55SoIOODleODqeODg+ODl+OCseODvOOCuSDjg57jgrDjg43jg4Pjg4jjgr/jgqTjg5cg44OW44Op44OD44KvIFJUUDExU0xDNEI=,44CA44CC44Os44Kk44O744Ki44Km44OIaVBob25lIFNF55SoIOODleODqeODg+ODl+OCseODvOOCuSDjg57jgrDjg43jg4Pjg4jjgr/jgqTjg5cg44OW44Op44OD44KvIFJUUDExU0xDNEI=[rn]
16-182851,aHR0cDovL3RzaG9wLnIxMHMuanAvZHRjL2NhYmluZXQvMjAxNzAxMjZuNC80NTM2MjE5NzcyNDc3LmpwZz9maXRpbj03MDA6NzAw,MTQyNC4wMDAw,,44K544Oe44O844OI44OV44Kp44Oz44O744K/44OW44Os44OD44OIID4g44K544Oe44O844OI44OV44Kp44Oz44Ki44Kv44K744K144Oq44O8ID4g44K544Oe44O844OI44OV44Kp44Oz44Kx44O844K5,44Kw44Or44Oe44Oz44OH44Kj44O844K6aVBob25lIFNFIC8gNXMgLyA155SoIOOCveODleODiOOCuOODo+OCseODg+ODiCDjgrnjg53jg7Pjgrgg44Oc44OW44O744OV44Kn44Kk44K5IFNCLTM4QSDjgrnjg4jjg6njg4Pjg5fjg5vjg7zjg6vku5g=,,44CUaVBob25lIFNFIC8gNXMgLyA155So77ya44K444Oj44Kx44OD44OI44CVPGJyPuOCueODneODs+OCuOODu+ODnOODluOBrmlQaG9uZVNFLzVzLzXlr77lv5zjgr3jg5Xjg4jjgrjjg6PjgrHjg4Pjg4jjgII8YnI+PGJyPlRQVSjnhrHlj6/loZHmgKfjg53jg6rjgqbjg6zjgr/jg7PvvInntKDmnZDjgarjga7jgafjgIHmiYvjgavjgarjgZjjgb/jgoTjgZnjgY/jgIHmjIHjgaHjgoTjgZnjgYTvvIHjgrHjg7zjgrnoo4XnnYDmmYLjgafjgoLjg6njgqTjg4jjg4vjg7PjgrDjgrHjg7zjg5bjg6vjgoTjgqTjg6Tjg5vjg7Pjga7mjqXntprjgYzlj6/og73jgarjga7jgafjgIHlhYXpm7vjgoLpn7Pmpb3jgoLogZ7jgY3mlL7poYzvvIE8YnI+PGJyPuKWoCDoo4/pnaLjgpLopobjgYZUUFUo54ax5Y+v5aGR5oCn44Od44Oq44Km44Os44K/44Oz77yJ57Sg5p2Q44GuaVBob25lU0UvNXMvNeWvvuW/nOOBruODl+ODreODhuOCr+ODiOOCuOODo+OCseODg+ODiOOBp+OBmeOAgjxicj7ilqAgVFBV57Sg5p2Q54m55pyJ44Gu44K044Og44Gu44KI44GG44Gq5p+U6Luf5oCn44Gr44KI44KK44CB5YSq44KM44Gf44Kw44Oq44OD44OX5oSf44Go6auY44GE6ICQ5LmF5oCn44KS5a6f54++44CC6KOF6ISx552A44KC57Ch5Y2Y44Gn44GZ44CCPGJyPuKWoCDlj5bjgorku5jjgZHjgZ/jgb7jgb7jgadMaWdodG5pbmfjgrPjg43jgq/jgr/jga7mjqXntprjgYzlj6/og73jgII8YnI+4pagIOOCueODiOODqeODg+ODl+OBjOWPluS7mOOBkeOCieOCjOOCi+OCueODiOODqeODg+ODl+ODm+ODvOODq+S7mOOBjeOBp+OBmeOAgjxicj48YnI+44CQ57Sg5p2Q44CRVFBVL1BFVDxicj48YnI+KEMpIDIwMTYgVmlhY29tPGJyPjxicj7ilqDlr77lv5zmqZ/nqK48YnI+aVBob25lIFNFIC8gNXMgLyA1,44Kw44Or44Oe44Oz44OH44Kj44O844K6aVBob25lIFNFIC8gNXMgLyA155SoIOOCveODleODiOOCuOODo+OCseODg+ODiCDjgrnjg53jg7Pjgrgg44Oc44OW44O744OV44Kn44Kk44K5IFNCLTM4QSDjgrnjg4jjg6njg4Pjg5fjg5vjg7zjg6vku5jvvJrjgr3jg5Xjg57jg4Pjg5fmpb3lpKnluILloLTlupc=,44K944OV44Oe44OD44OXU29mbWFw44OR44K944Kz44Oz44K/44OW44Os44OD44OIUENIRETjgqLjgrvjg7Pjg5bjg6rjg5Hjg7zjg4Tjg5Hjgr3jgrPjg7Pjg5Hjg7zjg4Tjg4bjg6zjg5PjgrLjg7zjg6Djg5bjg6vjg7zjg6zjgqTjgr3jg5Xjg4hEVkTjgr3jg5Xjg4jmtrLmmbbjg4bjg6zjg5Pjg5bjg6vjg7zjg6zjgqTjg4fjgqPjgrnjgq/jg6zjgrPjg7zjg4Djg7zjg4fjgrjjgr/jg6vkuIDnnLzjg6zjg5Xjgqvjg6Hjg6njg4fjgrjjgr/jg6vjgqvjg6Hjg6nlrrbpm7vmmYLoqIjkuK3lj6TjgqLjgqbjg4jjg6zjg4Pjg4hpUGFkaVBob25l44Kw44Or44Oe44Oz44OH44Kj44O844K6aVBob25lIFNFIC8gNXMgLyA155SoIOOCveODleODiOOCuOODo+OCseODg+ODiCDjgrnjg53jg7Pjgrgg44Oc44OW44O744OV44Kn44Kk44K5IFNCLTM4QSDjgrnjg4jjg6njg4Pjg5fjg5vjg7zjg6vku5g=,44Kw44Or44Oe44Oz44OH44Kj44O844K6aVBob25lIFNFIC8gNXMgLyA155SoIOOCveODleODiOOCuOODo+OCseODg+ODiCDjgrnjg53jg7Pjgrgg44Oc44OW44O744OV44Kn44Kk44K5IFNCLTM4QSDjgrnjg4jjg6njg4Pjg5fjg5vjg7zjg6vku5g=[rn]
16-182852,aHR0cDovL3RzaG9wLnIxMHMuanAvZHRjL2NhYmluZXQvMjAxNzAxMjduMi80NTgwNDkyMzE2NTY5LmpwZz9maXRpbj03MDA6NzAw,NzAwMC4wMDAw,,44K544Oe44O844OI44OV44Kp44Oz44O744K/44OW44Os44OD44OIID4g44K544Oe44O844OI44OV44Kp44Oz44Ki44Kv44K744K144Oq44O8ID4g44K544Oe44O844OI44OV44Kp44Oz44Kx44O844K5,44CQ6YCB5paZ54Sh5paZ44CRUk9BIGlQaG9uZSA2c++8jzbnlKggRmxpcCBFYXN5IERpYXJ5IOODouOCq+ODluODqeOCpuODsyBMQVlCTE9DSyBMQjY2NTZpUDZT,,44CUaVBob25lIDZz77yPNueUqO+8muOCseODvOOCuSDjg53jgrHjg4Pjg4jku5jjgJU8YnI+5aSp54S254mb6Z2p44KS5LiB5a+n44Gr44OP44Oz44OJ44Oh44Kk44OJ44GX44Gf44Op44K344OD44Kv44Gq6Zuw5Zuy5rCX44Gn44K344Oz44OX44Or44Gq5omL5biz5Z6L44K544Oe44Ob44Kx44O844K544CCPGJyPjxicj7jgJDntKDmnZDjgJHmnKzkvZPvvJrniZvpnakvIOODleODrOODvOODoO+8muODneODquOCq+ODvOODnOODjeODvOODiDxicj7jgJDljp/nlKPlnLDjgJHpn5Plm708YnI+44CQ5pys5L2T6YeN6YeP77yI44K144Kk44K677yJ44CRNjJnKFc3LjHDl0gxNC4zw5dMMS42Y20p,44CQ6YCB5paZ54Sh5paZ44CRUk9BIGlQaG9uZSA2c++8jzbnlKggRmxpcCBFYXN5IERpYXJ5IOODouOCq+ODluODqeOCpuODsyBMQVlCTE9DSyBMQjY2NTZpUDZT77ya44K944OV44Oe44OD44OX5qW95aSp5biC5aC05bqX,44K944OV44Oe44OD44OXU29mbWFw44OR44K944Kz44Oz44K/44OW44Os44OD44OIUENIRETjgqLjgrvjg7Pjg5bjg6rjg5Hjg7zjg4Tjg5Hjgr3jgrPjg7Pjg5Hjg7zjg4Tjg4bjg6zjg5PjgrLjg7zjg6Djg5bjg6vjg7zjg6zjgqTjgr3jg5Xjg4hEVkTjgr3jg5Xjg4jmtrLmmbbjg4bjg6zjg5Pjg5bjg6vjg7zjg6zjgqTjg4fjgqPjgrnjgq/jg6zjgrPjg7zjg4Djg7zjg4fjgrjjgr/jg6vkuIDnnLzjg6zjg5Xjgqvjg6Hjg6njg4fjgrjjgr/jg6vjgqvjg6Hjg6nlrrbpm7vmmYLoqIjkuK3lj6TjgqLjgqbjg4jjg6zjg4Pjg4hpUGFkaVBob25l44CQ6YCB5paZ54Sh5paZ44CRUk9BIGlQaG9uZSA2c++8jzbnlKggRmxpcCBFYXN5IERpYXJ5IOODouOCq+ODluODqeOCpuODsyBMQVlCTE9DSyBMQjY2NTZpUDZT,44CQ6YCB5paZ54Sh5paZ44CRUk9BIGlQaG9uZSA2c++8jzbnlKggRmxpcCBFYXN5IERpYXJ5IOODouOCq+ODluODqeOCpuODsyBMQVlCTE9DSyBMQjY2NTZpUDZT[rn]
16-182853,aHR0cDovL3RzaG9wLnIxMHMuanAvZHRjL2NhYmluZXQvMjAxNzAxMjduMi80NTgwNDkyMzE2NTc2LmpwZz9maXRpbj03MDA6NzAw,NzE4NC4wMDAw,,44K544Oe44O844OI44OV44Kp44Oz44O744K/44OW44Os44OD44OIID4g44K544Oe44O844OI44OV44Kp44Oz44Ki44Kv44K744K144Oq44O8ID4g44K544Oe44O844OI44OV44Kp44Oz44Kx44O844K5,44CQ6YCB5paZ54Sh5paZ44CRUk9BIGlQaG9uZSA2c++8jzbnlKggU2FmZmlhbm8gWmlwcGVyIENhc2Ug44OZ44OT44O844OU44Oz44KvIFNMRyBEZXNpZ24gU0Q2NjU3aVA2Uw==,,44CUaVBob25lIDZz77yPNueUqO+8muOCseODvOOCuSDjg53jgrHjg4Pjg4jku5jjgJU8YnI+5bCP6Yqt44GM5Y+O57SN44Gn44GN44KL44K444OD44OR44O85LuY44GN77yB5omL5biz5Z6L44GK6LKh5biD44K544Oe44Ob44Kx44O844K544CC44K144OV44Kh44Ki44O844OO44Os44K244O844Gu44K344Oz44OX44Or44Gq44OH44K244Kk44Oz44GM6aO944GN44Gu44GT44Gq44GE6YC45ZOB44Gn44GZ44CCPGJyPjxicj7jgJDntKDmnZDjgJHniZvpnanjgIHjg53jg6rjgqvjg7zjg5zjg43jg7zjg4g8YnI+44CQ5Y6f55Sj5Zyw44CR6Z+T5Zu9PGJyPuOAkOacrOS9k+mHjemHj++8iOOCteOCpOOCuu+8ieOAkTY0ZyhXNy40w5dIMTQuMcOXTDEuNWNtKQ==,44CQ6YCB5paZ54Sh5paZ44CRUk9BIGlQaG9uZSA2c++8jzbnlKggU2FmZmlhbm8gWmlwcGVyIENhc2Ug44OZ44OT44O844OU44Oz44KvIFNMRyBEZXNpZ24gU0Q2NjU3aVA2U++8muOCveODleODnuODg+ODl+alveWkqeW4guWgtOW6lw==,44K944OV44Oe44OD44OXU29mbWFw44OR44K944Kz44Oz44K/44OW44Os44OD44OIUENIRETjgqLjgrvjg7Pjg5bjg6rjg5Hjg7zjg4Tjg5Hjgr3jgrPjg7Pjg5Hjg7zjg4Tjg4bjg6zjg5PjgrLjg7zjg6Djg5bjg6vjg7zjg6zjgqTjgr3jg5Xjg4hEVkTjgr3jg5Xjg4jmtrLmmbbjg4bjg6zjg5Pjg5bjg6vjg7zjg6zjgqTjg4fjgqPjgrnjgq/jg6zjgrPjg7zjg4Djg7zjg4fjgrjjgr/jg6vkuIDnnLzjg6zjg5Xjgqvjg6Hjg6njg4fjgrjjgr/jg6vjgqvjg6Hjg6nlrrbpm7vmmYLoqIjkuK3lj6TjgqLjgqbjg4jjg6zjg4Pjg4hpUGFkaVBob25l44CQ6YCB5paZ54Sh5paZ44CRUk9BIGlQaG9uZSA2c++8jzbnlKggU2FmZmlhbm8gWmlwcGVyIENhc2Ug44OZ44OT44O844OU44Oz44KvIFNMRyBEZXNpZ24gU0Q2NjU3aVA2Uw==,44CQ6YCB5paZ54Sh5paZ44CRUk9BIGlQaG9uZSA2c++8jzbnlKggU2FmZmlhbm8gWmlwcGVyIENhc2Ug44OZ44OT44O844OU44Oz44KvIFNMRyBEZXNpZ24gU0Q2NjU3aVA2Uw==[rn]
16-182854,aHR0cDovL3RzaG9wLnIxMHMuanAvZHRjL2NhYmluZXQvMjAxNzAxMjduNi84ODA5NDQ2NDk0MTM2LmpwZz9maXRpbj03MDA6NzAw,NTQyNC4wMDAw,,44K544Oe44O844OI44OV44Kp44Oz44O744K/44OW44Os44OD44OIID4g44K544Oe44O844OI44OV44Kp44Oz44Ki44Kv44K744K144Oq44O8ID4g44K544Oe44O844OI44OV44Kp44Oz44Kx44O844K5,Uk9BaVBob25lIDZz77yPNueUqCBCbGFja+OCt+ODquODvOOCuiBDb21iaSBCYXIg44OW44Op44Km44OzIFpFTlVTIFo5NDEzaTZT,,44CUaVBob25lIDZz77yPNueUqO+8muOCuOODo+OCseODg+ODiOOAlTxicj4y6Imy44Gu44Os44K244O844KS5L2/44Gj44Gf44Kz44Oz44OT44ON44O844K344On44Oz44GM5YCL5oCn5oqc576k44Gq44K544Oe44Ob44Kx44O844K544Gn44GZ44CC6IOM6Z2i44GM44Kr44O844OJ44Od44Kx44OD44OI44Gr44Gq44Gj44Gm44GE44KL44Gu44Gn44CB5qmf6IO955qE44Gq44GM44KJ44GK44GX44KD44KM44CCPGJyPjxicj7jgJDntKDmnZDjgJHmnKzkvZPvvJrmnKzpnak8YnI+44CQ5Y6f55Sj5Zyw44CR44OZ44OI44OK44OgPGJyPuOAkOacrOS9k+mHjemHj++8iOOCteOCpOOCuu+8ieOAkTIzZyhXNy4ww5dIMTQuMMOXTDEuMGNtKQ==,Uk9BaVBob25lIDZz77yPNueUqCBCbGFja+OCt+ODquODvOOCuiBDb21iaSBCYXIg44OW44Op44Km44OzIFpFTlVTIFo5NDEzaTZT77ya44K944OV44Oe44OD44OX5qW95aSp5biC5aC05bqX,44K944OV44Oe44OD44OXU29mbWFw44OR44K944Kz44Oz44K/44OW44Os44OD44OIUENIRETjgqLjgrvjg7Pjg5bjg6rjg5Hjg7zjg4Tjg5Hjgr3jgrPjg7Pjg5Hjg7zjg4Tjg4bjg6zjg5PjgrLjg7zjg6Djg5bjg6vjg7zjg6zjgqTjgr3jg5Xjg4hEVkTjgr3jg5Xjg4jmtrLmmbbjg4bjg6zjg5Pjg5bjg6vjg7zjg6zjgqTjg4fjgqPjgrnjgq/jg6zjgrPjg7zjg4Djg7zjg4fjgrjjgr/jg6vkuIDnnLzjg6zjg5Xjgqvjg6Hjg6njg4fjgrjjgr/jg6vjgqvjg6Hjg6nlrrbpm7vmmYLoqIjkuK3lj6TjgqLjgqbjg4jjg6zjg4Pjg4hpUGFkaVBob25lUk9BaVBob25lIDZz77yPNueUqCBCbGFja+OCt+ODquODvOOCuiBDb21iaSBCYXIg44OW44Op44Km44OzIFpFTlVTIFo5NDEzaTZT,Uk9BaVBob25lIDZz77yPNueUqCBCbGFja+OCt+ODquODvOOCuiBDb21iaSBCYXIg44OW44Op44Km44OzIFpFTlVTIFo5NDEzaTZT[rn]
16-182855,aHR0cDovL3RzaG9wLnIxMHMuanAvZHRjL2NhYmluZXQvMjAxNTExMjhyLzQ1NjIyMzYyNjI2OTEuanBnP2ZpdGluPTcwMDo3MDA=,MTQyNC4wMDAw,,44K544Oe44O844OI44OV44Kp44Oz44O744K/44OW44Os44OD44OIID4g44K544Oe44O844OI44OV44Kp44Oz44Ki44Kv44K744K144Oq44O8ID4g44K544Oe44O844OI44OV44Kp44Oz44Kx44O844K5,44OV44Kh44Kk44Oz44Ko44Os44Kv44OI44Ot44OL44Kv44K5aVBob25lIDYgKDQuN+OCpOODs+ODgSnnlKjjgIBSdWJiZXLjgIBDb2F0aW5n44CAU2VwYXJhdGXjgIBDYXNl44CA44OW44Op44OD44Kv44CARkUtUlNFUEEvQks=,44CA,44CUaVBob25l44Ki44Kv44K744K144Oq44O844CV,44OV44Kh44Kk44Oz44Ko44Os44Kv44OI44Ot44OL44Kv44K5aVBob25lIDYgKDQuN+OCpOODs+ODgSnnlKjjgIBSdWJiZXLjgIBDb2F0aW5n44CAU2VwYXJhdGXjgIBDYXNl44CA44OW44Op44OD44Kv44CARkUtUlNFUEEvQkvvvJrjgr3jg5Xjg57jg4Pjg5fmpb3lpKnluILloLTlupc=,44K944OV44Oe44OD44OXU29mbWFw44OR44K944Kz44Oz44K/44OW44Os44OD44OIUENIRETjgqLjgrvjg7Pjg5bjg6rjg5Hjg7zjg4Tjg5Hjgr3jgrPjg7Pjg5Hjg7zjg4Tjg4bjg6zjg5PjgrLjg7zjg6Djg5bjg6vjg7zjg6zjgqTjgr3jg5Xjg4hEVkTjgr3jg5Xjg4jmtrLmmbbjg4bjg6zjg5Pjg5bjg6vjg7zjg6zjgqTjg4fjgqPjgrnjgq/jg6zjgrPjg7zjg4Djg7zjg4fjgrjjgr/jg6vkuIDnnLzjg6zjg5Xjgqvjg6Hjg6njg4fjgrjjgr/jg6vjgqvjg6Hjg6nlrrbpm7vmmYLoqIjkuK3lj6TjgqLjgqbjg4jjg6zjg4Pjg4hpUGFkaVBob25l44OV44Kh44Kk44Oz44Ko44Os44Kv44OI44Ot44OL44Kv44K5aVBob25lIDYgKDQuN+OCpOODs+ODgSnnlKjjgIBSdWJiZXLjgIBDb2F0aW5n44CAU2VwYXJhdGXjgIBDYXNl44CA44OW44Op44OD44Kv44CARkUtUlNFUEEvQks=,44CA44CC44OV44Kh44Kk44Oz44Ko44Os44Kv44OI44Ot44OL44Kv44K5aVBob25lIDYgKDQuN+OCpOODs+ODgSnnlKjjgIBSdWJiZXLjgIBDb2F0aW5n44CAU2VwYXJhdGXjgIBDYXNl44CA44OW44Op44OD44Kv44CARkUtUlNFUEEvQks=[rn]
16-182856,aHR0cDovL3RzaG9wLnIxMHMuanAvZHRjL2NhYmluZXQvMjAxNzAxMjduMi80NTgwNDkyMzE2Nzk4LmpwZz9maXRpbj03MDA6NzAw,MTI2NC4wMDAw,,44K544Oe44O844OI44OV44Kp44Oz44O744K/44OW44Os44OD44OIID4g44K544Oe44O844OI44OV44Kp44Oz44Ki44Kv44K744K144Oq44O8ID4g44K544Oe44O844OI44OV44Kp44Oz44Kx44O844K5,Uk9BaVBob25lIDZz77yPNueUqCDjgr3jg5Xjg4jjgq/jg6rjgqLjgrHjg7zjgrkg44OJ44OD44KwIOODk+OCt+ODp+ODs+ODleODquODvOOCvCBEcGFya3MgRFM2Njc5aVA2Uw==,,44CUaVBob25lIDZz77yPNueUqO+8muOCuOODo+OCseODg+ODiOOAlTxicj7jgrfjg7Pjg5fjg6vjgarpgI/mmI7jga7jgq/jg6rjgqLjgrHjg7zjgrnjgavlpKflpb3jgY3jgarjg6/jg7PjgaHjgoPjgpPjga7jgqTjg6njgrnjg4jjgII8YnI+PGJyPuOAkOe0oOadkOOAkVRQVTxicj7jgJDljp/nlKPlnLDjgJHpn5Plm708YnI+44CQ5pys5L2T6YeN6YeP77yI44K144Kk44K677yJ44CRMjNnKFc3w5dIMTTDl0wwLjljbSk=,Uk9BaVBob25lIDZz77yPNueUqCDjgr3jg5Xjg4jjgq/jg6rjgqLjgrHjg7zjgrkg44OJ44OD44KwIOODk+OCt+ODp+ODs+ODleODquODvOOCvCBEcGFya3MgRFM2Njc5aVA2U++8muOCveODleODnuODg+ODl+alveWkqeW4guWgtOW6lw==,44K944OV44Oe44OD44OXU29mbWFw44OR44K944Kz44Oz44K/44OW44Os44OD44OIUENIRETjgqLjgrvjg7Pjg5bjg6rjg5Hjg7zjg4Tjg5Hjgr3jgrPjg7Pjg5Hjg7zjg4Tjg4bjg6zjg5PjgrLjg7zjg6Djg5bjg6vjg7zjg6zjgqTjgr3jg5Xjg4hEVkTjgr3jg5Xjg4jmtrLmmbbjg4bjg6zjg5Pjg5bjg6vjg7zjg6zjgqTjg4fjgqPjgrnjgq/jg6zjgrPjg7zjg4Djg7zjg4fjgrjjgr/jg6vkuIDnnLzjg6zjg5Xjgqvjg6Hjg6njg4fjgrjjgr/jg6vjgqvjg6Hjg6nlrrbpm7vmmYLoqIjkuK3lj6TjgqLjgqbjg4jjg6zjg4Pjg4hpUGFkaVBob25lUk9BaVBob25lIDZz77yPNueUqCDjgr3jg5Xjg4jjgq/jg6rjgqLjgrHjg7zjgrkg44OJ44OD44KwIOODk+OCt+ODp+ODs+ODleODquODvOOCvCBEcGFya3MgRFM2Njc5aVA2Uw==,Uk9BaVBob25lIDZz77yPNueUqCDjgr3jg5Xjg4jjgq/jg6rjgqLjgrHjg7zjgrkg44OJ44OD44KwIOODk+OCt+ODp+ODs+ODleODquODvOOCvCBEcGFya3MgRFM2Njc5aVA2Uw==[rn]
16-182857,aHR0cDovL3RzaG9wLnIxMHMuanAvZHRjL2NhYmluZXQvMjAxNzAxMjduMi80NTgwNDkyMzE2MjQ4LmpwZz9maXRpbj03MDA6NzAw,MTI2NC4wMDAw,,44K544Oe44O844OI44OV44Kp44Oz44O744K/44OW44Os44OD44OIID4g44K544Oe44O844OI44OV44Kp44Oz44Ki44Kv44K744K144Oq44O8ID4g44K544Oe44O844OI44OV44Kp44Oz44Kx44O844K5,Uk9BaVBob25lIDZz77yPNueUqCDjgr3jg5Xjg4jjgq/jg6rjgqLjgrHjg7zjgrkg44Kk44Op44K544OIIOmbqOOBruaXpSBEcGFya3MgRFM2NjI0aVA2Uw==,,44CUaVBob25lIDZz77yPNueUqO+8muOCuOODo+OCseODg+ODiOOAlTxicj7pgI/mmI7mhJ/jga7jgYLjgovjgr3jg5Xjg4jjgq/jg6rjgqLjgrHjg7zjgrnjgavjgYvjgo/jgYTjgYTjgqTjg6njgrnjg4g056iu44CCPGJyPjxicj7jgJDntKDmnZDjgJFUUFU8YnI+44CQ5Y6f55Sj5Zyw44CR6Z+T5Zu9PGJyPuOAkOacrOS9k+mHjemHj++8iOOCteOCpOOCuu+8ieOAkTIzZyhXN8OXSDE0w5dMMC45Y20p,Uk9BaVBob25lIDZz77yPNueUqCDjgr3jg5Xjg4jjgq/jg6rjgqLjgrHjg7zjgrkg44Kk44Op44K544OIIOmbqOOBruaXpSBEcGFya3MgRFM2NjI0aVA2U++8muOCveODleODnuODg+ODl+alveWkqeW4guWgtOW6lw==,44K944OV44Oe44OD44OXU29mbWFw44OR44K944Kz44Oz44K/44OW44Os44OD44OIUENIRETjgqLjgrvjg7Pjg5bjg6rjg5Hjg7zjg4Tjg5Hjgr3jgrPjg7Pjg5Hjg7zjg4Tjg4bjg6zjg5PjgrLjg7zjg6Djg5bjg6vjg7zjg6zjgqTjgr3jg5Xjg4hEVkTjgr3jg5Xjg4jmtrLmmbbjg4bjg6zjg5Pjg5bjg6vjg7zjg6zjgqTjg4fjgqPjgrnjgq/jg6zjgrPjg7zjg4Djg7zjg4fjgrjjgr/jg6vkuIDnnLzjg6zjg5Xjgqvjg6Hjg6njg4fjgrjjgr/jg6vjgqvjg6Hjg6nlrrbpm7vmmYLoqIjkuK3lj6TjgqLjgqbjg4jjg6zjg4Pjg4hpUGFkaVBob25lUk9BaVBob25lIDZz77yPNueUqCDjgr3jg5Xjg4jjgq/jg6rjgqLjgrHjg7zjgrkg44Kk44Op44K544OIIOmbqOOBruaXpSBEcGFya3MgRFM2NjI0aVA2Uw==,Uk9BaVBob25lIDZz77yPNueUqCDjgr3jg5Xjg4jjgq/jg6rjgqLjgrHjg7zjgrkg44Kk44Op44K544OIIOmbqOOBruaXpSBEcGFya3MgRFM2NjI0aVA2Uw==[rn]
16-182858,aHR0cDovL3RzaG9wLnIxMHMuanAvZHRjL2NhYmluZXQvMjAxNTEyMjRhLzQ1NzEzODQ5NTI1MzguanBnP2ZpdGluPTcwMDo3MDA=,MjAwMC4wMDAw,,44K544Oe44O844OI44OV44Kp44Oz44O744K/44OW44Os44OD44OIID4g44K544Oe44O844OI44OV44Kp44Oz44Ki44Kv44K744K144Oq44O8ID4g44K544Oe44O844OI44OV44Kp44Oz44Kx44O844K5,aVBob25lIDYgKDQuN+OCpOODs+ODgSnnlKjjgIDjg6Hjg4Pjgrfjg6XjgrHjg7zjgrnjgIDjgq/jg6rjgqLjgIBBTU1TQzYwMENMUg==,44CA,44CUaVBob25l44Ki44Kv44K744K144Oq44O844CV,aVBob25lIDYgKDQuN+OCpOODs+ODgSnnlKjjgIDjg6Hjg4Pjgrfjg6XjgrHjg7zjgrnjgIDjgq/jg6rjgqLjgIBBTU1TQzYwMENMUu+8muOCveODleODnuODg+ODl+alveWkqeW4guWgtOW6lw==,44K944OV44Oe44OD44OXU29mbWFw44OR44K944Kz44Oz44K/44OW44Os44OD44OIUENIRETjgqLjgrvjg7Pjg5bjg6rjg5Hjg7zjg4Tjg5Hjgr3jgrPjg7Pjg5Hjg7zjg4Tjg4bjg6zjg5PjgrLjg7zjg6Djg5bjg6vjg7zjg6zjgqTjgr3jg5Xjg4hEVkTjgr3jg5Xjg4jmtrLmmbbjg4bjg6zjg5Pjg5bjg6vjg7zjg6zjgqTjg4fjgqPjgrnjgq/jg6zjgrPjg7zjg4Djg7zjg4fjgrjjgr/jg6vkuIDnnLzjg6zjg5Xjgqvjg6Hjg6njg4fjgrjjgr/jg6vjgqvjg6Hjg6nlrrbpm7vmmYLoqIjkuK3lj6TjgqLjgqbjg4jjg6zjg4Pjg4hpUGFkaVBob25laVBob25lIDYgKDQuN+OCpOODs+ODgSnnlKjjgIDjg6Hjg4Pjgrfjg6XjgrHjg7zjgrnjgIDjgq/jg6rjgqLjgIBBTU1TQzYwMENMUg==,44CA44CCaVBob25lIDYgKDQuN+OCpOODs+ODgSnnlKjjgIDjg6Hjg4Pjgrfjg6XjgrHjg7zjgrnjgIDjgq/jg6rjgqLjgIBBTU1TQzYwMENMUg==[rn]
16-182859,aHR0cDovL3RzaG9wLnIxMHMuanAvZHRjL2NhYmluZXQvMjAxNzAxMjZuMy80NTIyMjg1NDEzODg4LmpwZz9maXRpbj03MDA6NzAw,NzE3Ni4wMDAw,,44K544Oe44O844OI44OV44Kp44Oz44O744K/44OW44Os44OD44OIID4g44K544Oe44O844OI44OV44Kp44Oz44Ki44Kv44K744K144Oq44O8ID4g44K544Oe44O844OI44OV44Kp44Oz44Kx44O844K5,44CQ6YCB5paZ54Sh5paZ44CRR0lMRERFU0lHTiBpUGhvbmUgNnPvvI8255SoIOOCveODquODg+ODiSDjgrfjg6vjg5Djg7wgNDEzODggR0ktMjQwUw==,,44CUaVBob25lIDZz77yPNueUqO+8muOCuOODo+OCseODg+ODiCDjgrnjg4jjg6njg4Pjg5fjg5vjg7zjg6vku5jjgJU8YnI+44Ki44Or44Of5YmK44KK5Ye644GX44Kx44O844K544CCPGJyPjxicj7jgJDmnKzkvZPjgrXjgqTjgrrjgJExNDPDlzcxw5cxMG1tPGJyPuOAkOmHjemHj+OAkTQzZw==,44CQ6YCB5paZ54Sh5paZ44CRR0lMRERFU0lHTiBpUGhvbmUgNnPvvI8255SoIOOCveODquODg+ODiSDjgrfjg6vjg5Djg7wgNDEzODggR0ktMjQwU++8muOCveODleODnuODg+ODl+alveWkqeW4guWgtOW6lw==,44K944OV44Oe44OD44OXU29mbWFw44OR44K944Kz44Oz44K/44OW44Os44OD44OIUENIRETjgqLjgrvjg7Pjg5bjg6rjg5Hjg7zjg4Tjg5Hjgr3jgrPjg7Pjg5Hjg7zjg4Tjg4bjg6zjg5PjgrLjg7zjg6Djg5bjg6vjg7zjg6zjgqTjgr3jg5Xjg4hEVkTjgr3jg5Xjg4jmtrLmmbbjg4bjg6zjg5Pjg5bjg6vjg7zjg6zjgqTjg4fjgqPjgrnjgq/jg6zjgrPjg7zjg4Djg7zjg4fjgrjjgr/jg6vkuIDnnLzjg6zjg5Xjgqvjg6Hjg6njg4fjgrjjgr/jg6vjgqvjg6Hjg6nlrrbpm7vmmYLoqIjkuK3lj6TjgqLjgqbjg4jjg6zjg4Pjg4hpUGFkaVBob25l44CQ6YCB5paZ54Sh5paZ44CRR0lMRERFU0lHTiBpUGhvbmUgNnPvvI8255SoIOOCveODquODg+ODiSDjgrfjg6vjg5Djg7wgNDEzODggR0ktMjQwUw==,44CQ6YCB5paZ54Sh5paZ44CRR0lMRERFU0lHTiBpUGhvbmUgNnPvvI8255SoIOOCveODquODg+ODiSDjgrfjg6vjg5Djg7wgNDEzODggR0ktMjQwUw==[rn]
16-182860,aHR0cDovL3RzaG9wLnIxMHMuanAvZHRjL2NhYmluZXQvMjAxNDA5MjBhLzQ1NjIzNTY5NTM4ODIuanBnP2ZpdGluPTcwMDo3MDA=,ODMyLjAwMDA=,,44K544Oe44O844OI44OV44Kp44Oz44O744K/44OW44Os44OD44OIID4g44K544Oe44O844OI44OV44Kp44Oz44Ki44Kv44K744K144Oq44O8ID4g44K544Oe44O844OI44OV44Kp44Oz44Kx44O844K5,44Os44Kk44O744Ki44Km44OIaVBob25lIDYgKDQuN+OCpOODs+ODgSnnlKgg44Ov44Oz44OU44O844K544O744K344Oq44Kz44Oz44K444Oj44Kx44OD44OI44CA44OI44Op44OV44Kh44Or44Ks44O844O744Ot44O844CAUlQtT1A3QS9UTA==,44CA,44CUaVBob25l44Ki44Kv44K744K144Oq44O844CV,44Os44Kk44O744Ki44Km44OIaVBob25lIDYgKDQuN+OCpOODs+ODgSnnlKgg44Ov44Oz44OU44O844K544O744K344Oq44Kz44Oz44K444Oj44Kx44OD44OI44CA44OI44Op44OV44Kh44Or44Ks44O844O744Ot44O844CAUlQtT1A3QS9UTO+8muOCveODleODnuODg+ODl+alveWkqeW4guWgtOW6lw==,44K944OV44Oe44OD44OXU29mbWFw44OR44K944Kz44Oz44K/44OW44Os44OD44OIUENIRETjgqLjgrvjg7Pjg5bjg6rjg5Hjg7zjg4Tjg5Hjgr3jgrPjg7Pjg5Hjg7zjg4Tjg4bjg6zjg5PjgrLjg7zjg6Djg5bjg6vjg7zjg6zjgqTjgr3jg5Xjg4hEVkTjgr3jg5Xjg4jmtrLmmbbjg4bjg6zjg5Pjg5bjg6vjg7zjg6zjgqTjg4fjgqPjgrnjgq/jg6zjgrPjg7zjg4Djg7zjg4fjgrjjgr/jg6vkuIDnnLzjg6zjg5Xjgqvjg6Hjg6njg4fjgrjjgr/jg6vjgqvjg6Hjg6nlrrbpm7vmmYLoqIjkuK3lj6TjgqLjgqbjg4jjg6zjg4Pjg4hpUGFkaVBob25l44Os44Kk44O744Ki44Km44OIaVBob25lIDYgKDQuN+OCpOODs+ODgSnnlKgg44Ov44Oz44OU44O844K544O744K344Oq44Kz44Oz44K444Oj44Kx44OD44OI44CA44OI44Op44OV44Kh44Or44Ks44O844O744Ot44O844CAUlQtT1A3QS9UTA==,44CA44CC44Os44Kk44O744Ki44Km44OIaVBob25lIDYgKDQuN+OCpOODs+ODgSnnlKgg44Ov44Oz44OU44O844K544O744K344Oq44Kz44Oz44K444Oj44Kx44OD44OI44CA44OI44Op44OV44Kh44Or44Ks44O844O744Ot44O844CAUlQtT1A3QS9UTA==[rn]
16-182861,aHR0cDovL3RzaG9wLnIxMHMuanAvZHRjL2NhYmluZXQvMjAxNzAxMjBtLzQ5ODgwNzUyMzU2OTQuanBnP2ZpdGluPTcwMDo3MDA=,MjIyNC4wMDAw,,44K544Oe44O844OI44OV44Kp44Oz44O744K/44OW44Os44OD44OIID4g44K544Oe44O844OI44OV44Kp44Oz44Ki44Kv44K744K144Oq44O8ID4g44K544Oe44O844OI44OV44Kp44Oz44Kx44O844K5,44Op44K544K/44OQ44OK44OKaVBob25lIDcgLyA2cyAvIDbnlKgg6JC95LiL6Ziy5q2iIOaJi+W4s+Wei+OCseODvOOCuSDjg5bjg6njg4Pjgq8gQktTSVA3QTAxIEJLIOOAkOODk+ODg+OCr+OCq+ODoeODqeOCsOODq+ODvOODl+OCquODquOCuOODiuODq+OAkQ==,,44CUaVBob25lIDcgLyA2cyAvIDbnlKjvvJrjgrHjg7zjgrkg44Ob44Or44OA44O85qmf6IO9IOODneOCseODg+ODiOODu+OCueODiOODqeODg+ODl+ODm+ODvOODq+S7mOOAlTxicj7niYfmiYvjgpLpgJrjgZfjgabokL3kuIvpmLLmraLvvIHjg5Xjgr/jga7lhoXlgbTjgavmiYvjgpLpgJrjgZnjgZPjgajjgafjgIHokL3kuIvpmLLmraLjgavlvbnnq4vjgaTjgqvjg7zjg4njg53jgrHjg4Pjg4jkuIDkvZPlnovjga7jgrTjg6Djg5Djg7Pjg4nku5jjgY3jgII8YnI+PGJyPuKWoCDjgqvjg6Hjg6nnqbTjgpLlsJHjgZflpKfjgY3jgoHjgavjgajjgovjgZPjgajjgafjgIFpUGhvbmU3LzZzLzbjgavlr77lv5zjgII8YnI+4pagIOOCseODvOOCueOBq+OCueODiOODqeODg+ODl+OCkuWPluOCiuS7mOOBkeOCi+OBk+OBqOOBjOOBp+OBjeOCi+ODj+ODiOODoeS7mOOBjeOAgg==,44Op44K544K/44OQ44OK44OKaVBob25lIDcgLyA2cyAvIDbnlKgg6JC95LiL6Ziy5q2iIOaJi+W4s+Wei+OCseODvOOCuSDjg5bjg6njg4Pjgq8gQktTSVA3QTAxIEJLIOOAkOODk+ODg+OCr+OCq+ODoeODqeOCsOODq+ODvOODl+OCquODquOCuOODiuODq+OAke+8muOCveODleODnuODg+ODl+alveWkqeW4guWgtOW6lw==,44K944OV44Oe44OD44OXU29mbWFw44OR44K944Kz44Oz44K/44OW44Os44OD44OIUENIRETjgqLjgrvjg7Pjg5bjg6rjg5Hjg7zjg4Tjg5Hjgr3jgrPjg7Pjg5Hjg7zjg4Tjg4bjg6zjg5PjgrLjg7zjg6Djg5bjg6vjg7zjg6zjgqTjgr3jg5Xjg4hEVkTjgr3jg5Xjg4jmtrLmmbbjg4bjg6zjg5Pjg5bjg6vjg7zjg6zjgqTjg4fjgqPjgrnjgq/jg6zjgrPjg7zjg4Djg7zjg4fjgrjjgr/jg6vkuIDnnLzjg6zjg5Xjgqvjg6Hjg6njg4fjgrjjgr/jg6vjgqvjg6Hjg6nlrrbpm7vmmYLoqIjkuK3lj6TjgqLjgqbjg4jjg6zjg4Pjg4hpUGFkaVBob25l44Op44K544K/44OQ44OK44OKaVBob25lIDcgLyA2cyAvIDbnlKgg6JC95LiL6Ziy5q2iIOaJi+W4s+Wei+OCseODvOOCuSDjg5bjg6njg4Pjgq8gQktTSVA3QTAxIEJLIOOAkOODk+ODg+OCr+OCq+ODoeODqeOCsOODq+ODvOODl+OCquODquOCuOODiuODq+OAkQ==,44Op44K544K/44OQ44OK44OKaVBob25lIDcgLyA2cyAvIDbnlKgg6JC95LiL6Ziy5q2iIOaJi+W4s+Wei+OCseODvOOCuSDjg5bjg6njg4Pjgq8gQktTSVA3QTAxIEJLIOOAkOODk+ODg+OCr+OCq+ODoeODqeOCsOODq+ODvOODl+OCquODquOCuOODiuODq+OAkQ==[rn]
16-182862,aHR0cDovL3RzaG9wLnIxMHMuanAvZHRjL2NhYmluZXQvMjAxNzAxMjduMi80NTgwMzk1MjkxNjczLmpwZz9maXRpbj03MDA6NzAw,Mzk4NC4wMDAw,,44K544Oe44O844OI44OV44Kp44Oz44O744K/44OW44Os44OD44OIID4g44K544Oe44O844OI44OV44Kp44Oz44Ki44Kv44K744K144Oq44O8ID4g44K544Oe44O844OI44OV44Kp44Oz44Kx44O844K5,Q0FTRVBMQVlpUGhvbmUgNueUqCBGaWVsZCBDYXNlIOOCr+ODquOCoiDDlyBTQ1JFRU4gUFJPVEVDVE9SIOODluODqeODg+OCryBNQUdQVUw=,,44CUaVBob25lIDbnlKjvvJrjgrjjg6PjgrHjg4Pjg4jvvIbmtrLmmbbkv53orbfjg5XjgqPjg6vjg6DvvIjlvLfljJbjgqzjg6njgrnvvInjgJU8YnI+44K744Of44OP44O844OJ44K/44Kk44OX44Gu6aCR5LiI44Gq44Kx44O844K544CCPGJyPjxicj7ilqAg6auY6ICQ5LmF5oCn44Gu54ax5Y+v5aGR5oCn57Sg5p2Q44GrUC3jg57jgrDjga7jgojjgYbjgarjg6rjg5bjg4fjgrbjgqTjg7PjgafmnIDpq5jjga7jgrDjg6rjg4Pjg5fmgKfjgafjgZnjgII8YnI+4pagIOWPluOCiuS7mOOBkeODu+WPluOCiuWkluOBl+OBr+OCueODiuODg+ODl+W8j+OBp+ewoeWNmOOBquS4iuOAgeODneOCseODg+ODiOetieOBi+OCieOBruWHuuOBl+WFpeOCjOOCguW8leOBo+OBi+OBi+OCieOBmuOCueODoOODvOOCuuOBp+OBmeOAgjxicj7ilqAg44OH44K244Kk44Oz44O76KO96YCg44Go44KC44Gr57Gz5Zu96KO944Go44Gq44Gj44Gm44GE44G+44GZ44CCPGJyPuKWoCBTQ1JFRU4gUFJPVEVDVE9SPGJyPuODu+a2suaZtuWFqOmdouOCkuOCq+ODkOODvOOBp+OBjeOCi+OAguaMh+e0i+mYsuatouOBq+mjm+aVo+mYsuatouOAgeODqeOCpuODs+ODieOCqOODg+OCuOWKoOW3peOBp+WOmuOBv+OBjDAuMzNtbeOBruacgOW8t+ihqOmdouehrOW6pjEwSOW8t+WMluOCrOODqeOCueOBrjNE5puy6Z2i44Gr5a++5b+c44GV44Gb44Gf44Ks44Op44K544K544Kv44Oq44O844Oz44OX44Ot44OG44Kv44K/44O844CC,Q0FTRVBMQVlpUGhvbmUgNueUqCBGaWVsZCBDYXNlIOOCr+ODquOCoiAmdGltZXM7IFNDUkVFTiBQUk9URUNUT1Ig44OW44Op44OD44KvIE1BR1BVTO+8muOCveODleODnuODg+ODl+alveWkqeW4guWgtOW6lw==,44K944OV44Oe44OD44OXU29mbWFw44OR44K944Kz44Oz44K/44OW44Os44OD44OIUENIRETjgqLjgrvjg7Pjg5bjg6rjg5Hjg7zjg4Tjg5Hjgr3jgrPjg7Pjg5Hjg7zjg4Tjg4bjg6zjg5PjgrLjg7zjg6Djg5bjg6vjg7zjg6zjgqTjgr3jg5Xjg4hEVkTjgr3jg5Xjg4jmtrLmmbbjg4bjg6zjg5Pjg5bjg6vjg7zjg6zjgqTjg4fjgqPjgrnjgq/jg6zjgrPjg7zjg4Djg7zjg4fjgrjjgr/jg6vkuIDnnLzjg6zjg5Xjgqvjg6Hjg6njg4fjgrjjgr/jg6vjgqvjg6Hjg6nlrrbpm7vmmYLoqIjkuK3lj6TjgqLjgqbjg4jjg6zjg4Pjg4hpUGFkaVBob25lQ0FTRVBMQVlpUGhvbmUgNueUqCBGaWVsZCBDYXNlIOOCr+ODquOCoiAmdGltZXM7IFNDUkVFTiBQUk9URUNUT1Ig44OW44Op44OD44KvIE1BR1BVTA==,Q0FTRVBMQVlpUGhvbmUgNueUqCBGaWVsZCBDYXNlIOOCr+ODquOCoiAmdGltZXM7IFNDUkVFTiBQUk9URUNUT1Ig44OW44Op44OD44KvIE1BR1BVTA==[rn]
16-182863,aHR0cDovL3RzaG9wLnIxMHMuanAvZHRjL2NhYmluZXQvMjAxNzAxMjduMi80NTgwNDkyMzE2NjY4LmpwZz9maXRpbj03MDA6NzAw,OTIwMC4wMDAw,,44K544Oe44O844OI44OV44Kp44Oz44O744K/44OW44Os44OD44OIID4g44K544Oe44O844OI44OV44Kp44Oz44Ki44Kv44K744K144Oq44O8ID4g44K544Oe44O844OI44OV44Kp44Oz44Kx44O844K5,44CQ6YCB5paZ54Sh5paZ44CRUk9BIGlQaG9uZSA2c++8jzbnlKggTGl6YXJkIENhc2Ug44OW44Or44O8IFNMRyBEZXNpZ24gU0Q2NjY2aVA2Uw==,,44CUaVBob25lIDZz77yPNueUqO+8muOCseODvOOCuSDjg53jgrHjg4Pjg4jku5jjgJU8YnI+5pys6Z2p44Gr44Oq44K244O844OJ6Z2p6aKo5Z6L5oq844GX44KS5pa944GX44CB6JC944Gh552A44GN44Gu44GC44KL44Kr44Op44O844OQ44Oq44Ko44O844K344On44Oz44GM5rS+5omL44GZ44GO44Gq44GE5LiK5ZOB44Gn5o6n44GI44KB44Gq5Y2w6LGh44Gu5omL5biz5Z6L44K544Oe44Ob44Kx44O844K544CCPGJyPjxicj7jgJDmnZDos6rjgJHniZvpnanjgIHjg53jg6rjgqvjg7zjg5zjg43jg7zjg4g8YnI+44CQ5Y6f55Sj5Zyw44CR6Z+T5Zu9PGJyPuOAkOacrOS9k+mHjemHj++8iOOCteOCpOOCuu+8ieOAkTczZyhXNy41w5dIMTQuMcOXTDEuNWNtKQ==,44CQ6YCB5paZ54Sh5paZ44CRUk9BIGlQaG9uZSA2c++8jzbnlKggTGl6YXJkIENhc2Ug44OW44Or44O8IFNMRyBEZXNpZ24gU0Q2NjY2aVA2U++8muOCveODleODnuODg+ODl+alveWkqeW4guWgtOW6lw==,44K944OV44Oe44OD44OXU29mbWFw44OR44K944Kz44Oz44K/44OW44Os44OD44OIUENIRETjgqLjgrvjg7Pjg5bjg6rjg5Hjg7zjg4Tjg5Hjgr3jgrPjg7Pjg5Hjg7zjg4Tjg4bjg6zjg5PjgrLjg7zjg6Djg5bjg6vjg7zjg6zjgqTjgr3jg5Xjg4hEVkTjgr3jg5Xjg4jmtrLmmbbjg4bjg6zjg5Pjg5bjg6vjg7zjg6zjgqTjg4fjgqPjgrnjgq/jg6zjgrPjg7zjg4Djg7zjg4fjgrjjgr/jg6vkuIDnnLzjg6zjg5Xjgqvjg6Hjg6njg4fjgrjjgr/jg6vjgqvjg6Hjg6nlrrbpm7vmmYLoqIjkuK3lj6TjgqLjgqbjg4jjg6zjg4Pjg4hpUGFkaVBob25l44CQ6YCB5paZ54Sh5paZ44CRUk9BIGlQaG9uZSA2c++8jzbnlKggTGl6YXJkIENhc2Ug44OW44Or44O8IFNMRyBEZXNpZ24gU0Q2NjY2aVA2Uw==,44CQ6YCB5paZ54Sh5paZ44CRUk9BIGlQaG9uZSA2c++8jzbnlKggTGl6YXJkIENhc2Ug44OW44Or44O8IFNMRyBEZXNpZ24gU0Q2NjY2aVA2Uw==[rn]
16-182864,aHR0cDovL3RzaG9wLnIxMHMuanAvZHRjL2NhYmluZXQvMjAxNzAxMjduMS80NTcxMzk1ODM3NjI2LmpwZz9maXRpbj03MDA6NzAw,MjIwMC4wMDAw,,44K544Oe44O844OI44OV44Kp44Oz44O744K/44OW44Os44OD44OIID4g44K544Oe44O844OI44OV44Kp44Oz44Ki44Kv44K744K144Oq44O8ID4g44K544Oe44O844OI44OV44Kp44Oz44Kx44O844K5,REVGRmlQaG9uZSA255SoIEhpZ2ggR3JhZGUgR2xhc3MgU2NyZWVuIFByb3RlY3RvciAwLjMzbW0g6IOM6Z2i55So44Ks44Op44K5IOOCq+ODouODleODqeODvOOCuOODpeODu1Nub3cgREctSVA2RzNCQ0ZXSA==,,44CUaVBob25lIDbnlKjvvJrog4zpnaLjg5XjgqPjg6vjg6DvvIjjgqzjg6njgrnvvInjgJU8YnI+5pet56Gd5a2Q56S+6KO944Ks44Op44K55L2/55So44CB6IOM6Z2i5L+d6K2344Ks44Op44K544OX44Os44O844OI44CCPGJyPjxicj7ilqAg6KO95ZOB57Sg5p2Q77ya44Ks44Op44K5KOWfuuadkCnjgIHjg5XjgqPjg6vjg6Ao6aOb5pWj6Ziy5q2i5Yem55CG44CB57KY552A6YOoKTxicj7ilqAg6KO95ZOB5a+45rOV77ya57SEVzYwLjXDl0QxMzEuNsOXSDAuNTUgKG1tKSDigLvljprjgb/jga/jgqzjg6njgrnln7rmnZDjgavjg5XjgqPjg6vjg6DnrYnjgpLliqDjgYjjgZ/nt4/ljpo=,REVGRmlQaG9uZSA255SoIEhpZ2ggR3JhZGUgR2xhc3MgU2NyZWVuIFByb3RlY3RvciAwLjMzbW0g6IOM6Z2i55So44Ks44Op44K5IOOCq+ODouODleODqeODvOOCuOODpeODu1Nub3cgREctSVA2RzNCQ0ZXSO+8muOCveODleODnuODg+ODl+alveWkqeW4guWgtOW6lw==,44K944OV44Oe44OD44OXU29mbWFw44OR44K944Kz44Oz44K/44OW44Os44OD44OIUENIRETjgqLjgrvjg7Pjg5bjg6rjg5Hjg7zjg4Tjg5Hjgr3jgrPjg7Pjg5Hjg7zjg4Tjg4bjg6zjg5PjgrLjg7zjg6Djg5bjg6vjg7zjg6zjgqTjgr3jg5Xjg4hEVkTjgr3jg5Xjg4jmtrLmmbbjg4bjg6zjg5Pjg5bjg6vjg7zjg6zjgqTjg4fjgqPjgrnjgq/jg6zjgrPjg7zjg4Djg7zjg4fjgrjjgr/jg6vkuIDnnLzjg6zjg5Xjgqvjg6Hjg6njg4fjgrjjgr/jg6vjgqvjg6Hjg6nlrrbpm7vmmYLoqIjkuK3lj6TjgqLjgqbjg4jjg6zjg4Pjg4hpUGFkaVBob25lREVGRmlQaG9uZSA255SoIEhpZ2ggR3JhZGUgR2xhc3MgU2NyZWVuIFByb3RlY3RvciAwLjMzbW0g6IOM6Z2i55So44Ks44Op44K5IOOCq+ODouODleODqeODvOOCuOODpeODu1Nub3cgREctSVA2RzNCQ0ZXSA==,REVGRmlQaG9uZSA255SoIEhpZ2ggR3JhZGUgR2xhc3MgU2NyZWVuIFByb3RlY3RvciAwLjMzbW0g6IOM6Z2i55So44Ks44Op44K5IOOCq+ODouODleODqeODvOOCuOODpeODu1Nub3cgREctSVA2RzNCQ0ZXSA==[rn]
16-182865,aHR0cDovL3RzaG9wLnIxMHMuanAvZHRjL2NhYmluZXQvMjAxNzAyMDduMjUvODg4NjQ2MTIxOTY3OC5qcGc/Zml0aW49NzAwOjcwMA==,MjIwMC4wMDAw,,44K544Oe44O844OI44OV44Kp44Oz44O744K/44OW44Os44OD44OIID4g44K544Oe44O844OI44OV44Kp44Oz44Ki44Kv44K744K144Oq44O8ID4g44K544Oe44O844OI44OV44Kp44Oz44Kx44O844K5,TVPjgr3jg6rjg6Xjg7zjgrfjg6fjg7PjgrppUGhvbmUgNnPvvI8255SoIEFpckFybW9yIENvbGxlY3Rpb24gQ2xhcml0eSBWSVZBIE1BRFJJRCBJUDZTQVJNT1ItQ0xS,,44CUaVBob25lIDZz77yPNueUqO+8muOCuOODo+OCseODg+ODiOOAlTxicj7lpKfkurrjga7nlLfmgKfjgavkvLzlkIjjgYbjgr/jg5XjgafpoJHkuIjjgarog4zpnaLjgrHjg7zjgrnjgII8YnI+PGJyPuKWoCDotoXjgrnjg6rjg6DoqK3oqIg8YnI+4pagIFRQVeODkOODs+ODkeODvOOBp+egtOaQjeOBl+OChOOBmeOBhOinkuOCkuWujOeSp+OBq+S/neittzxicj7ilqAg57K+5a+G6Kit6KiI44Gn44Kx44O844K544KS6KOF552A44GX44Gf44G+44G+5YWF6Zu744CB5pON5L2c44Gq44Gp44GM5Y+v6IO9PGJyPjxicj7jgJDmnKzkvZMo6KOP6Z2iKeOAkVBDPGJyPuOAkOacrOS9kyjlgbTpnaIp44CRVFBVPGJyPuOAkOijveWTgeWvuOazlShtbSnjgJFIMTQxIO+9mCBXNzAg772YIEQ4PGJyPuOAkOijveWTgemHjemHj+OAkTIzLjhnPGJyPjxicj7ilqDlr77lv5zmqZ/nqK48YnI+aVBob25lIDZz77yPNu+8iDQuN+OCpOODs+ODge+8iQ==,TVPjgr3jg6rjg6Xjg7zjgrfjg6fjg7PjgrppUGhvbmUgNnPvvI8255SoIEFpckFybW9yIENvbGxlY3Rpb24gQ2xhcml0eSBWSVZBIE1BRFJJRCBJUDZTQVJNT1ItQ0xS77ya44K944OV44Oe44OD44OX5qW95aSp5biC5aC05bqX,44K944OV44Oe44OD44OXU29mbWFw44OR44K944Kz44Oz44K/44OW44Os44OD44OIUENIRETjgqLjgrvjg7Pjg5bjg6rjg5Hjg7zjg4Tjg5Hjgr3jgrPjg7Pjg5Hjg7zjg4Tjg4bjg6zjg5PjgrLjg7zjg6Djg5bjg6vjg7zjg6zjgqTjgr3jg5Xjg4hEVkTjgr3jg5Xjg4jmtrLmmbbjg4bjg6zjg5Pjg5bjg6vjg7zjg6zjgqTjg4fjgqPjgrnjgq/jg6zjgrPjg7zjg4Djg7zjg4fjgrjjgr/jg6vkuIDnnLzjg6zjg5Xjgqvjg6Hjg6njg4fjgrjjgr/jg6vjgqvjg6Hjg6nlrrbpm7vmmYLoqIjkuK3lj6TjgqLjgqbjg4jjg6zjg4Pjg4hpUGFkaVBob25lTVPjgr3jg6rjg6Xjg7zjgrfjg6fjg7PjgrppUGhvbmUgNnPvvI8255SoIEFpckFybW9yIENvbGxlY3Rpb24gQ2xhcml0eSBWSVZBIE1BRFJJRCBJUDZTQVJNT1ItQ0xS,TVPjgr3jg6rjg6Xjg7zjgrfjg6fjg7PjgrppUGhvbmUgNnPvvI8255SoIEFpckFybW9yIENvbGxlY3Rpb24gQ2xhcml0eSBWSVZBIE1BRFJJRCBJUDZTQVJNT1ItQ0xS[rn]
16-182866,aHR0cDovL3RzaG9wLnIxMHMuanAvZHRjL2NhYmluZXQvMjAxNzAxMjZuMy80NTIyMzI3ODYyNjEyLmpwZz9maXRpbj03MDA6NzAw,MjIyNC4wMDAw,,44K544Oe44O844OI44OV44Kp44Oz44O744K/44OW44Os44OD44OIID4g44K544Oe44O844OI44OV44Kp44Oz44Ki44Kv44K744K144Oq44O8ID4g44K544Oe44O844OI44OV44Kp44Oz44Kx44O844K5,SEFNRUVpUGhvbmUgNnPvvI8255SoIOOCv+ODg+OCu+ODq+OCr+ODquOCouOCseODvOOCuSDjg4fjgqPjgrrjg4vjg7zjg7vjg5/jg4vjg7wgSVA2U0RT776A772v772+776Z7724776Y772x7725772w7729TU4=,,44CUaVBob25lIDZz77yPNueUqO+8muOCuOODo+OCseODg+ODiOOAlTxicj7jgobjgonjgobjgonmj7rjgozjgovjgr/jg4Pjgrvjg6vjgYzoj6/jgoTjgYvvvIHjg4fjgqPjgrrjg4vjg7zjg4fjgrbjgqTjg7Pjga7jgrfjg6vjgqjjg4Pjg4jjga7ph5HlhbfjgYzjgq3jg6njg6rjgajovJ3jgY/jgIHlpKfkurrlj6/mhJvjgYTjgrHjg7zjgrnjgII8YnI+PGJyPuOAkOOCseODvOOCueacrOS9k++8iOOCv+ODg+OCu+ODq+WQq+OCgO+8ieOAkee0hOe4pjE3w5fmqKo2LjjDl+WOmjJjbTxicj7jgJDkuLvntKDmnZDjgJHjg53jg6rjgqvjg7zjg5zjg43jg7zjg4jjgIFQVeOAgeOCouOCr+ODquODq+ODkeODvOODq+OAgemHkeWxnuOAgeOCqOODneOCreOCtw==,SEFNRUVpUGhvbmUgNnPvvI8255SoIOOCv+ODg+OCu+ODq+OCr+ODquOCouOCseODvOOCuSDjg4fjgqPjgrrjg4vjg7zjg7vjg5/jg4vjg7wgSVA2U0RT776A772v772+776Z7724776Y772x7725772w7729TU7vvJrjgr3jg5Xjg57jg4Pjg5fmpb3lpKnluILloLTlupc=,44K944OV44Oe44OD44OXU29mbWFw44OR44K944Kz44Oz44K/44OW44Os44OD44OIUENIRETjgqLjgrvjg7Pjg5bjg6rjg5Hjg7zjg4Tjg5Hjgr3jgrPjg7Pjg5Hjg7zjg4Tjg4bjg6zjg5PjgrLjg7zjg6Djg5bjg6vjg7zjg6zjgqTjgr3jg5Xjg4hEVkTjgr3jg5Xjg4jmtrLmmbbjg4bjg6zjg5Pjg5bjg6vjg7zjg6zjgqTjg4fjgqPjgrnjgq/jg6zjgrPjg7zjg4Djg7zjg4fjgrjjgr/jg6vkuIDnnLzjg6zjg5Xjgqvjg6Hjg6njg4fjgrjjgr/jg6vjgqvjg6Hjg6nlrrbpm7vmmYLoqIjkuK3lj6TjgqLjgqbjg4jjg6zjg4Pjg4hpUGFkaVBob25lSEFNRUVpUGhvbmUgNnPvvI8255SoIOOCv+ODg+OCu+ODq+OCr+ODquOCouOCseODvOOCuSDjg4fjgqPjgrrjg4vjg7zjg7vjg5/jg4vjg7wgSVA2U0RT776A772v772+776Z7724776Y772x7725772w7729TU4=,SEFNRUVpUGhvbmUgNnPvvI8255SoIOOCv+ODg+OCu+ODq+OCr+ODquOCouOCseODvOOCuSDjg4fjgqPjgrrjg4vjg7zjg7vjg5/jg4vjg7wgSVA2U0RT776A772v772+776Z7724776Y772x7725772w7729TU4=[rn]
16-182867,aHR0cDovL3RzaG9wLnIxMHMuanAvZHRjL2NhYmluZXQvMjAxNzAxMjduMi80NTgwNDkyMzE3NDM2LmpwZz9maXRpbj03MDA6NzAw,NDYyNC4wMDAw,,44K544Oe44O844OI44OV44Kp44Oz44O744K/44OW44Os44OD44OIID4g44K544Oe44O844OI44OV44Kp44Oz44Ki44Kv44K744K144Oq44O8ID4g44K544Oe44O844OI44OV44Kp44Oz44Kx44O844K5,Uk9BaVBob25lIDZz77yPNueUqCBaaXBwZXIgQmFyIOOCtOODvOODq+ODiSBHQVpFIEdaNjc0M2lQNlM=,,44CUaVBob25lIDZz77yPNueUqO+8muOCuOODo+OCseODg+ODiOOAlTxicj7jgrjjg4Pjg5Hjg7zmqKHmp5jjga7nj43jgZfjgYTjg4fjgrbjgqTjg7PjgavjgrTjg7zjg6vjg4nvvIbjgrfjg6vjg5Djg7zjga7jgrPjg7zjg4fjgqPjg7PjgrDjgpLmlr3jgZfjgZ/jgIHjgYrmtJLokL3jgafjgYvjgaPjgZPjgYTjgYTjgrnjg57jg5vjgrHjg7zjgrnjgII8YnI+PGJyPuOAkOe0oOadkOOAkeeJm+mdqeOAgeODneODquOCq+ODvOODnOODjeODvOODiDxicj7jgJDljp/nlKPlnLDjgJHpn5Plm708YnI+44CQ5pys5L2T6YeN6YeP77yI44K144Kk44K677yJ44CRMjBnKFc2LjjDlyBIMTMuOMOXIEwwLjljbSk=,Uk9BaVBob25lIDZz77yPNueUqCBaaXBwZXIgQmFyIOOCtOODvOODq+ODiSBHQVpFIEdaNjc0M2lQNlPvvJrjgr3jg5Xjg57jg4Pjg5fmpb3lpKnluILloLTlupc=,44K944OV44Oe44OD44OXU29mbWFw44OR44K944Kz44Oz44K/44OW44Os44OD44OIUENIRETjgqLjgrvjg7Pjg5bjg6rjg5Hjg7zjg4Tjg5Hjgr3jgrPjg7Pjg5Hjg7zjg4Tjg4bjg6zjg5PjgrLjg7zjg6Djg5bjg6vjg7zjg6zjgqTjgr3jg5Xjg4hEVkTjgr3jg5Xjg4jmtrLmmbbjg4bjg6zjg5Pjg5bjg6vjg7zjg6zjgqTjg4fjgqPjgrnjgq/jg6zjgrPjg7zjg4Djg7zjg4fjgrjjgr/jg6vkuIDnnLzjg6zjg5Xjgqvjg6Hjg6njg4fjgrjjgr/jg6vjgqvjg6Hjg6nlrrbpm7vmmYLoqIjkuK3lj6TjgqLjgqbjg4jjg6zjg4Pjg4hpUGFkaVBob25lUk9BaVBob25lIDZz77yPNueUqCBaaXBwZXIgQmFyIOOCtOODvOODq+ODiSBHQVpFIEdaNjc0M2lQNlM=,Uk9BaVBob25lIDZz77yPNueUqCBaaXBwZXIgQmFyIOOCtOODvOODq+ODiSBHQVpFIEdaNjc0M2lQNlM=[rn]
16-182868,aHR0cDovL3RzaG9wLnIxMHMuanAvZHRjL2NhYmluZXQvMjAxNDEwMTJhLzQ1NjIzOTg2NTMzNTEuanBnP2ZpdGluPTcwMDo3MDA=,MjA2NC4wMDAw,,44K544Oe44O844OI44OV44Kp44Oz44O744K/44OW44Os44OD44OIID4g44K544Oe44O844OI44OV44Kp44Oz44Ki44Kv44K744K144Oq44O8ID4g44K544Oe44O844OI44OV44Kp44Oz44Kx44O844K5,5pyq5p2l5bel5qWtaVBob25lIDYgKDQuN+OCpOODs+ODgSnnlKggU09GVCDjg4fjgrbjgqTjg7NQVeODrOOCtuODvOOCq+ODkOODvOOAgOODluODq+ODvOOAgExQLUlQNjRETFNGQkw=,44CA,44CUaVBob25l44Ki44Kv44K744K144Oq44O844CV,5pyq5p2l5bel5qWtaVBob25lIDYgKDQuN+OCpOODs+ODgSnnlKggU09GVCDjg4fjgrbjgqTjg7NQVeODrOOCtuODvOOCq+ODkOODvOOAgOODluODq+ODvOOAgExQLUlQNjRETFNGQkzvvJrjgr3jg5Xjg57jg4Pjg5fmpb3lpKnluILloLTlupc=,44K944OV44Oe44OD44OXU29mbWFw44OR44K944Kz44Oz44K/44OW44Os44OD44OIUENIRETjgqLjgrvjg7Pjg5bjg6rjg5Hjg7zjg4Tjg5Hjgr3jgrPjg7Pjg5Hjg7zjg4Tjg4bjg6zjg5PjgrLjg7zjg6Djg5bjg6vjg7zjg6zjgqTjgr3jg5Xjg4hEVkTjgr3jg5Xjg4jmtrLmmbbjg4bjg6zjg5Pjg5bjg6vjg7zjg6zjgqTjg4fjgqPjgrnjgq/jg6zjgrPjg7zjg4Djg7zjg4fjgrjjgr/jg6vkuIDnnLzjg6zjg5Xjgqvjg6Hjg6njg4fjgrjjgr/jg6vjgqvjg6Hjg6nlrrbpm7vmmYLoqIjkuK3lj6TjgqLjgqbjg4jjg6zjg4Pjg4hpUGFkaVBob25l5pyq5p2l5bel5qWtaVBob25lIDYgKDQuN+OCpOODs+ODgSnnlKggU09GVCDjg4fjgrbjgqTjg7NQVeODrOOCtuODvOOCq+ODkOODvOOAgOODluODq+ODvOOAgExQLUlQNjRETFNGQkw=,44CA44CC5pyq5p2l5bel5qWtaVBob25lIDYgKDQuN+OCpOODs+ODgSnnlKggU09GVCDjg4fjgrbjgqTjg7NQVeODrOOCtuODvOOCq+ODkOODvOOAgOODluODq+ODvOOAgExQLUlQNjRETFNGQkw=[rn]
16-182869,aHR0cDovL3RzaG9wLnIxMHMuanAvZHRjL2NhYmluZXQvMjAxNDEwMTJhLzQ1MTkzMDUyMzE4OTguanBnP2ZpdGluPTcwMDo3MDA=,NjI0LjAwMDA=,,44K544Oe44O844OI44OV44Kp44Oz44O744K/44OW44Os44OD44OIID4g44K544Oe44O844OI44OV44Kp44Oz44Ki44Kv44K744K144Oq44O8ID4g44K544Oe44O844OI44OV44Kp44Oz44Kx44O844K5,44Kq44K644OeaVBob25lIDYgKDQuN+OCpOODs+ODgSnnlKjjgIDjgr3jg5Xjg4ggVFBV44K444Oj44Kx44OD44OI44CA44Kv44Oq44Ki44OW44Op44OD44Kv44CAQ1RQLUlQMDZC,44CA,44CUaVBob25l44Ki44Kv44K744K144Oq44O844CV,44Kq44K644OeaVBob25lIDYgKDQuN+OCpOODs+ODgSnnlKjjgIDjgr3jg5Xjg4ggVFBV44K444Oj44Kx44OD44OI44CA44Kv44Oq44Ki44OW44Op44OD44Kv44CAQ1RQLUlQMDZC77ya44K944OV44Oe44OD44OX5qW95aSp5biC5aC05bqX,44K944OV44Oe44OD44OXU29mbWFw44OR44K944Kz44Oz44K/44OW44Os44OD44OIUENIRETjgqLjgrvjg7Pjg5bjg6rjg5Hjg7zjg4Tjg5Hjgr3jgrPjg7Pjg5Hjg7zjg4Tjg4bjg6zjg5PjgrLjg7zjg6Djg5bjg6vjg7zjg6zjgqTjgr3jg5Xjg4hEVkTjgr3jg5Xjg4jmtrLmmbbjg4bjg6zjg5Pjg5bjg6vjg7zjg6zjgqTjg4fjgqPjgrnjgq/jg6zjgrPjg7zjg4Djg7zjg4fjgrjjgr/jg6vkuIDnnLzjg6zjg5Xjgqvjg6Hjg6njg4fjgrjjgr/jg6vjgqvjg6Hjg6nlrrbpm7vmmYLoqIjkuK3lj6TjgqLjgqbjg4jjg6zjg4Pjg4hpUGFkaVBob25l44Kq44K644OeaVBob25lIDYgKDQuN+OCpOODs+ODgSnnlKjjgIDjgr3jg5Xjg4ggVFBV44K444Oj44Kx44OD44OI44CA44Kv44Oq44Ki44OW44Op44OD44Kv44CAQ1RQLUlQMDZC,44CA44CC44Kq44K644OeaVBob25lIDYgKDQuN+OCpOODs+ODgSnnlKjjgIDjgr3jg5Xjg4ggVFBV44K444Oj44Kx44OD44OI44CA44Kv44Oq44Ki44OW44Op44OD44Kv44CAQ1RQLUlQMDZC[rn]
16-182870,aHR0cDovL3RzaG9wLnIxMHMuanAvZHRjL2NhYmluZXQvMjAxNzAxMjduNi84ODA5NDQ2NDk0MTQzLmpwZz9maXRpbj03MDA6NzAw,NTQyNC4wMDAw,,44K544Oe44O844OI44OV44Kp44Oz44O744K/44OW44Os44OD44OIID4g44K544Oe44O844OI44OV44Kp44Oz44Ki44Kv44K744K144Oq44O8ID4g44K544Oe44O844OI44OV44Kp44Oz44Kx44O844K5,Uk9BaVBob25lIDZz77yPNueUqCBCbGFja+OCt+ODquODvOOCuiBDb21iaSBCYXIg44OW44Op44OD44KvIFpFTlVTIFo5NDE0aTZT,,44CUaVBob25lIDZz77yPNueUqO+8muOCuOODo+OCseODg+ODiOOAlTxicj4y6Imy44Gu44Os44K244O844KS5L2/44Gj44Gf44Kz44Oz44OT44ON44O844K344On44Oz44GM5YCL5oCn5oqc576k44Gq44K544Oe44Ob44Kx44O844K544Gn44GZ44CC6IOM6Z2i44GM44Kr44O844OJ44Od44Kx44OD44OI44Gr44Gq44Gj44Gm44GE44KL44Gu44Gn44CB5qmf6IO955qE44Gq44GM44KJ44GK44GX44KD44KM44CCPGJyPjxicj7jgJDntKDmnZDjgJHmnKzkvZPvvJrmnKzpnak8YnI+44CQ5Y6f55Sj5Zyw44CR44OZ44OI44OK44OgPGJyPuOAkOacrOS9k+mHjemHj++8iOOCteOCpOOCuu+8ieOAkTIzZyhXNy4ww5dIMTQuMMOXTDEuMGNtKQ==,Uk9BaVBob25lIDZz77yPNueUqCBCbGFja+OCt+ODquODvOOCuiBDb21iaSBCYXIg44OW44Op44OD44KvIFpFTlVTIFo5NDE0aTZT77ya44K944OV44Oe44OD44OX5qW95aSp5biC5aC05bqX,44K944OV44Oe44OD44OXU29mbWFw44OR44K944Kz44Oz44K/44OW44Os44OD44OIUENIRETjgqLjgrvjg7Pjg5bjg6rjg5Hjg7zjg4Tjg5Hjgr3jgrPjg7Pjg5Hjg7zjg4Tjg4bjg6zjg5PjgrLjg7zjg6Djg5bjg6vjg7zjg6zjgqTjgr3jg5Xjg4hEVkTjgr3jg5Xjg4jmtrLmmbbjg4bjg6zjg5Pjg5bjg6vjg7zjg6zjgqTjg4fjgqPjgrnjgq/jg6zjgrPjg7zjg4Djg7zjg4fjgrjjgr/jg6vkuIDnnLzjg6zjg5Xjgqvjg6Hjg6njg4fjgrjjgr/jg6vjgqvjg6Hjg6nlrrbpm7vmmYLoqIjkuK3lj6TjgqLjgqbjg4jjg6zjg4Pjg4hpUGFkaVBob25lUk9BaVBob25lIDZz77yPNueUqCBCbGFja+OCt+ODquODvOOCuiBDb21iaSBCYXIg44OW44Op44OD44KvIFpFTlVTIFo5NDE0aTZT,Uk9BaVBob25lIDZz77yPNueUqCBCbGFja+OCt+ODquODvOOCuiBDb21iaSBCYXIg44OW44Op44OD44KvIFpFTlVTIFo5NDE0aTZT[rn]
16-182871,aHR0cDovL3RzaG9wLnIxMHMuanAvZHRjL2NhYmluZXQvMjAxNzAxMjduMi80NTgwNDkyMzE5Mzg2LmpwZz9maXRpbj03MDA6NzAw,MTk4NC4wMDAw,,44K544Oe44O844OI44OV44Kp44Oz44O744K/44OW44Os44OD44OIID4g44K544Oe44O844OI44OV44Kp44Oz44Ki44Kv44K744K144Oq44O8ID4g44K544Oe44O844OI44OV44Kp44Oz44Kx44O844K5,Uk9BaVBob25lIDZz77yPNueUqCBTdXBlciBTbGltIENhc2Ug44Os44OD44OJIEhBTlNNQVJFIEhBTjY5MzhpUDZT,,44CUaVBob25lIDZz77yPNueUqO+8muOCseODvOOCuSDjgrnjgr/jg7Pjg4kg44Od44Kx44OD44OI44O744K544OI44Op44OD44OX44Ob44O844Or5LuY44CVPGJyPui2heOCueODquODoOOBquODh+OCtuOCpOODs+OBruOCq+ODvOODieWPjue0jeOBi+OCieOCueOCv+ODs+ODieapn+iDveOBvuOBp+S7mOOBhOOBn+OAgeOCueODnuODvOODiOOBmeOBjuOCi+aJi+W4s+Wei+OCueODnuODm+OCseODvOOCueOAgjxicj48YnI+44CQ57Sg5p2Q44CR5pys5L2T77ya44Kk44K/44Oq44Ki44Oz5ZCI5oiQ55qu6Z2pL+ODleODrOODvOODoO+8muODneODquOCq+ODvOODnOODjeODvOODiDxicj7jgJDljp/nlKPlnLDjgJHpn5Plm708YnI+44CQ5pys5L2T6YeN6YeP77yI44K144Kk44K677yJ44CRNDRnKFc3LjHDl0gxNC4yw5dMMS4zY20p,Uk9BaVBob25lIDZz77yPNueUqCBTdXBlciBTbGltIENhc2Ug44Os44OD44OJIEhBTlNNQVJFIEhBTjY5MzhpUDZT77ya44K944OV44Oe44OD44OX5qW95aSp5biC5aC05bqX,44K944OV44Oe44OD44OXU29mbWFw44OR44K944Kz44Oz44K/44OW44Os44OD44OIUENIRETjgqLjgrvjg7Pjg5bjg6rjg5Hjg7zjg4Tjg5Hjgr3jgrPjg7Pjg5Hjg7zjg4Tjg4bjg6zjg5PjgrLjg7zjg6Djg5bjg6vjg7zjg6zjgqTjgr3jg5Xjg4hEVkTjgr3jg5Xjg4jmtrLmmbbjg4bjg6zjg5Pjg5bjg6vjg7zjg6zjgqTjg4fjgqPjgrnjgq/jg6zjgrPjg7zjg4Djg7zjg4fjgrjjgr/jg6vkuIDnnLzjg6zjg5Xjgqvjg6Hjg6njg4fjgrjjgr/jg6vjgqvjg6Hjg6nlrrbpm7vmmYLoqIjkuK3lj6TjgqLjgqbjg4jjg6zjg4Pjg4hpUGFkaVBob25lUk9BaVBob25lIDZz77yPNueUqCBTdXBlciBTbGltIENhc2Ug44Os44OD44OJIEhBTlNNQVJFIEhBTjY5MzhpUDZT,Uk9BaVBob25lIDZz77yPNueUqCBTdXBlciBTbGltIENhc2Ug44Os44OD44OJIEhBTlNNQVJFIEhBTjY5MzhpUDZT[rn]
16-182872,aHR0cDovL3RzaG9wLnIxMHMuanAvZHRjL2NhYmluZXQvMjAxNzAxMjduMi80NTgwNDkyMzE3NTM1LmpwZz9maXRpbj03MDA6NzAw,NTU4NC4wMDAw,,44K544Oe44O844OI44OV44Kp44Oz44O744K/44OW44Os44OD44OIID4g44K544Oe44O844OI44OV44Kp44Oz44Ki44Kv44K744K144Oq44O8ID4g44K544Oe44O844OI44OV44Kp44Oz44Kx44O844K5,Uk9BaVBob25lIDZz77yPNueUqCBNYXR0IFB5dGhvbiBEaWFyeSDjg5bjg6njg4Pjgq8gR0FaRSBHWjY3NTNpUDZT,,44CUaVBob25lIDZz77yPNueUqO+8muOCseODvOOCuSDjg53jgrHjg4Pjg4jku5jjgJU8YnI+44Oq44Ki44Or44Gq44OR44Kk44K944Oz5p+EUFXjg6zjgrbjg7zjga7miYvluLPlnovjgrnjg57jg5vjgrHjg7zjgrnjgILjgYrjgZfjgoPjgozjgarjgqTjgr/jg6rjgqLjg7PntLPlo6vjgpLpgKPmg7PjgZXjgZvjgovjgqvjg6njg7zjg5Djg6rjgqjjg7zjgrfjg6fjg7PjgII8YnI+PGJyPuOAkOe0oOadkOOAkeacrOS9k++8muOCpOOCv+ODquOCouODs+WQiOaIkOearumdqS/jg5Xjg6zjg7zjg6DvvJrjg53jg6rjgqvjg7zjg5zjg43jg7zjg4g8YnI+44CQ5Y6f55Sj5Zyw44CR6Z+T5Zu9PGJyPuOAkOacrOS9k+mHjemHj++8iOOCteOCpOOCuu+8ieOAkTU3ZyhXNy4yw5cgSDE0LjPDlyBMMS42IGNtKQ==,Uk9BaVBob25lIDZz77yPNueUqCBNYXR0IFB5dGhvbiBEaWFyeSDjg5bjg6njg4Pjgq8gR0FaRSBHWjY3NTNpUDZT77ya44K944OV44Oe44OD44OX5qW95aSp5biC5aC05bqX,44K944OV44Oe44OD44OXU29mbWFw44OR44K944Kz44Oz44K/44OW44Os44OD44OIUENIRETjgqLjgrvjg7Pjg5bjg6rjg5Hjg7zjg4Tjg5Hjgr3jgrPjg7Pjg5Hjg7zjg4Tjg4bjg6zjg5PjgrLjg7zjg6Djg5bjg6vjg7zjg6zjgqTjgr3jg5Xjg4hEVkTjgr3jg5Xjg4jmtrLmmbbjg4bjg6zjg5Pjg5bjg6vjg7zjg6zjgqTjg4fjgqPjgrnjgq/jg6zjgrPjg7zjg4Djg7zjg4fjgrjjgr/jg6vkuIDnnLzjg6zjg5Xjgqvjg6Hjg6njg4fjgrjjgr/jg6vjgqvjg6Hjg6nlrrbpm7vmmYLoqIjkuK3lj6TjgqLjgqbjg4jjg6zjg4Pjg4hpUGFkaVBob25lUk9BaVBob25lIDZz77yPNueUqCBNYXR0IFB5dGhvbiBEaWFyeSDjg5bjg6njg4Pjgq8gR0FaRSBHWjY3NTNpUDZT,Uk9BaVBob25lIDZz77yPNueUqCBNYXR0IFB5dGhvbiBEaWFyeSDjg5bjg6njg4Pjgq8gR0FaRSBHWjY3NTNpUDZT[rn]
16-182873,aHR0cDovL3RzaG9wLnIxMHMuanAvZHRjL2NhYmluZXQvMjAxNDA5MjBhLzQ1NjAxNTYwNDA5MzEuanBnP2ZpdGluPTcwMDo3MDA=,MTU1Mi4wMDAw,,44K544Oe44O844OI44OV44Kp44Oz44O744K/44OW44Os44OD44OIID4g44K544Oe44O844OI44OV44Kp44Oz44Ki44Kv44K744K144Oq44O8ID4g44K544Oe44O844OI44OV44Kp44Oz44Kx44O844K5,U29mdEJhbmtpUGhvbmUgNiAoNC4344Kk44Oz44OBKeeUqCBTb2Z0QmFua+OAgFNFTEVDVElPTuOAgOODleODquODg+ODl+OCseODvOOCueOAgOODluODqeOCpuODs+OAgFNCLUlBMTAtTENXRi9CUg==,44CA,44CUaVBob25l44Ki44Kv44K744K144Oq44O844CV,U29mdEJhbmtpUGhvbmUgNiAoNC4344Kk44Oz44OBKeeUqCBTb2Z0QmFua+OAgFNFTEVDVElPTuOAgOODleODquODg+ODl+OCseODvOOCueOAgOODluODqeOCpuODs+OAgFNCLUlBMTAtTENXRi9CUu+8muOCveODleODnuODg+ODl+alveWkqeW4guWgtOW6lw==,44K944OV44Oe44OD44OXU29mbWFw44OR44K944Kz44Oz44K/44OW44Os44OD44OIUENIRETjgqLjgrvjg7Pjg5bjg6rjg5Hjg7zjg4Tjg5Hjgr3jgrPjg7Pjg5Hjg7zjg4Tjg4bjg6zjg5PjgrLjg7zjg6Djg5bjg6vjg7zjg6zjgqTjgr3jg5Xjg4hEVkTjgr3jg5Xjg4jmtrLmmbbjg4bjg6zjg5Pjg5bjg6vjg7zjg6zjgqTjg4fjgqPjgrnjgq/jg6zjgrPjg7zjg4Djg7zjg4fjgrjjgr/jg6vkuIDnnLzjg6zjg5Xjgqvjg6Hjg6njg4fjgrjjgr/jg6vjgqvjg6Hjg6nlrrbpm7vmmYLoqIjkuK3lj6TjgqLjgqbjg4jjg6zjg4Pjg4hpUGFkaVBob25lU29mdEJhbmtpUGhvbmUgNiAoNC4344Kk44Oz44OBKeeUqCBTb2Z0QmFua+OAgFNFTEVDVElPTuOAgOODleODquODg+ODl+OCseODvOOCueOAgOODluODqeOCpuODs+OAgFNCLUlBMTAtTENXRi9CUg==,44CA44CCU29mdEJhbmtpUGhvbmUgNiAoNC4344Kk44Oz44OBKeeUqCBTb2Z0QmFua+OAgFNFTEVDVElPTuOAgOODleODquODg+ODl+OCseODvOOCueOAgOODluODqeOCpuODs+OAgFNCLUlBMTAtTENXRi9CUg==[rn]
16-182874,aHR0cDovL3RzaG9wLnIxMHMuanAvZHRjL2NhYmluZXQvMjAxNzAxMjduNS80OTUzMTAzNDkxODg1LmpwZz9maXRpbj03MDA6NzAw,MTM4MC4wMDAw,,44K544Oe44O844OI44OV44Kp44Oz44O744K/44OW44Os44OD44OIID4g44K544Oe44O844OI44OV44Kp44Oz44Ki44Kv44K744K144Oq44O8ID4g44K544Oe44O844OI44OV44Kp44Oz44Kx44O844K5,44Ko44Os44Kz44OgaVBob25lIDZz77yPNueUqCDjgr3jg5Xjg4jjg6zjgrbjg7zjgqvjg5Djg7wg6JaE5Z6LIOODjeOCpOODk+ODvCBQTS1BMTVQTEZVTUNCVUQ=,,44CUaVBob25lIDZz77yPNueUqO+8muOCseODvOOCuSDjg53jgrHjg4Pjg4jku5jjgJU8YnI+44Ov44Oz44Od44Kk44Oz44OI44Ki44Kv44K744Oz44OI44Gr44Gq44KL44GK44GX44KD44KM44Gq44K544OG44OD44OB44CC6LaF6Lu96YeP44Gq44Km44Or44OI44Op44K544Oq44Og44K/44Kk44OX44Gq44GM44KJ44GX44Gj44GL44KK44Go44OV44Op44OD44OX44KS5Zu65a6a44Gn44GN44KL44Oe44Kw44ON44OD44OI44OV44Op44OD44OX44KS5o6h55So44GX44Gf44K944OV44OI44Os44K244O844Kr44OQ44O844CCPGJyPjxicj7jgJDmnZDos6rjgJHmnKzkvZPvvJrjg53jg6rjgqvjg7zjg5zjg43jg7zjg4jvvIvlkIjmiJDnmq7pnak=,44Ko44Os44Kz44OgaVBob25lIDZz77yPNueUqCDjgr3jg5Xjg4jjg6zjgrbjg7zjgqvjg5Djg7wg6JaE5Z6LIOODjeOCpOODk+ODvCBQTS1BMTVQTEZVTUNCVUTvvJrjgr3jg5Xjg57jg4Pjg5fmpb3lpKnluILloLTlupc=,44K944OV44Oe44OD44OXU29mbWFw44OR44K944Kz44Oz44K/44OW44Os44OD44OIUENIRETjgqLjgrvjg7Pjg5bjg6rjg5Hjg7zjg4Tjg5Hjgr3jgrPjg7Pjg5Hjg7zjg4Tjg4bjg6zjg5PjgrLjg7zjg6Djg5bjg6vjg7zjg6zjgqTjgr3jg5Xjg4hEVkTjgr3jg5Xjg4jmtrLmmbbjg4bjg6zjg5Pjg5bjg6vjg7zjg6zjgqTjg4fjgqPjgrnjgq/jg6zjgrPjg7zjg4Djg7zjg4fjgrjjgr/jg6vkuIDnnLzjg6zjg5Xjgqvjg6Hjg6njg4fjgrjjgr/jg6vjgqvjg6Hjg6nlrrbpm7vmmYLoqIjkuK3lj6TjgqLjgqbjg4jjg6zjg4Pjg4hpUGFkaVBob25l44Ko44Os44Kz44OgaVBob25lIDZz77yPNueUqCDjgr3jg5Xjg4jjg6zjgrbjg7zjgqvjg5Djg7wg6JaE5Z6LIOODjeOCpOODk+ODvCBQTS1BMTVQTEZVTUNCVUQ=,44Ko44Os44Kz44OgaVBob25lIDZz77yPNueUqCDjgr3jg5Xjg4jjg6zjgrbjg7zjgqvjg5Djg7wg6JaE5Z6LIOODjeOCpOODk+ODvCBQTS1BMTVQTEZVTUNCVUQ=[rn]
16-182875,aHR0cDovL3RzaG9wLnIxMHMuanAvZHRjL2NhYmluZXQvMjAxNzAxMjZuOC80NTYyMjk1MzY2NTQ1LmpwZz9maXRpbj03MDA6NzAw,Mjc2NS42MDAw,,44K544Oe44O844OI44OV44Kp44Oz44O744K/44OW44Os44OD44OIID4g44K544Oe44O844OI44OV44Kp44Oz44Ki44Kv44K744K144Oq44O8ID4g44K544Oe44O844OI44OV44Kp44Oz44Kx44O844K5,44K344Oz44Op44Kv44Oq44Ko44Kk44K344On44OzaVBob25lIDbnlKggNjA3IFN0YXLigJlzIENhc2Ug44OW44Op44OD44KvIG1vbm9ub2ZmIE1DSS02MDctQks=,,44CUaVBob25lIDbnlKjvvJrjgrHjg7zjgrkg44Od44Kx44OD44OI5LuY44CVPGJyPuaYn+Wei+OCueOCv+ODg+OCuuOBqOOAgeS4iuizquOBqlBV44Os44K244O844Gu57WE44G/5ZCI44KP44Gb44GM5aSn5Lq65rCX44Gu44K544K/44O844K644Kx44O844K544CCPGJyPjxicj7ilqAg5p2Q6LOq77ya5ZCI55qu,44K344Oz44Op44Kv44Oq44Ko44Kk44K344On44OzaVBob25lIDbnlKggNjA3IFN0YXImcnNxdW87cyBDYXNlIOODluODqeODg+OCryBtb25vbm9mZiBNQ0ktNjA3LUJL77ya44K944OV44Oe44OD44OX5qW95aSp5biC5aC05bqX,44K944OV44Oe44OD44OXU29mbWFw44OR44K944Kz44Oz44K/44OW44Os44OD44OIUENIRETjgqLjgrvjg7Pjg5bjg6rjg5Hjg7zjg4Tjg5Hjgr3jgrPjg7Pjg5Hjg7zjg4Tjg4bjg6zjg5PjgrLjg7zjg6Djg5bjg6vjg7zjg6zjgqTjgr3jg5Xjg4hEVkTjgr3jg5Xjg4jmtrLmmbbjg4bjg6zjg5Pjg5bjg6vjg7zjg6zjgqTjg4fjgqPjgrnjgq/jg6zjgrPjg7zjg4Djg7zjg4fjgrjjgr/jg6vkuIDnnLzjg6zjg5Xjgqvjg6Hjg6njg4fjgrjjgr/jg6vjgqvjg6Hjg6nlrrbpm7vmmYLoqIjkuK3lj6TjgqLjgqbjg4jjg6zjg4Pjg4hpUGFkaVBob25l44K344Oz44Op44Kv44Oq44Ko44Kk44K344On44OzaVBob25lIDbnlKggNjA3IFN0YXImcnNxdW87cyBDYXNlIOODluODqeODg+OCryBtb25vbm9mZiBNQ0ktNjA3LUJL,44K344Oz44Op44Kv44Oq44Ko44Kk44K344On44OzaVBob25lIDbnlKggNjA3IFN0YXImcnNxdW87cyBDYXNlIOODluODqeODg+OCryBtb25vbm9mZiBNQ0ktNjA3LUJL[rn]
16-182876,aHR0cDovL3RzaG9wLnIxMHMuanAvZHRjL2NhYmluZXQvMjAxNzAxMjZuMy80NTIyMzI3ODEzMjAxLmpwZz9maXRpbj03MDA6NzAw,MjIyNC4wMDAw,,44K544Oe44O844OI44OV44Kp44Oz44O744K/44OW44Os44OD44OIID4g44K544Oe44O844OI44OV44Kp44Oz44Ki44Kv44K744K144Oq44O8ID4g44K544Oe44O844OI44OV44Kp44Oz44Kx44O844K5,SEFNRUVpUGhvbmUgNnPvvI8255SoIFNUQVJXQVJTIOOCueODiOODvOODquODvCDjg5bjg4Pjgq8g44Kx44O844K5IOODh+OCueODu+OCueOCv+ODvA==,,44CUaVBob25lIDZz77yPNueUqO+8muOCseODvOOCuSDjg53jgrHjg4Pjg4jjg7vjgrnjg4jjg6njg4Pjg5fjg5vjg7zjg6vku5jjgJU8YnI+44K544K/44O844O744Km44Kp44O844K644OV44Kh44Oz5b6F5pyb44Gu44CB5ZCN44K344O844Oz44Gr5Ye644Gm44GP44KL44OT44O844Kv44Or44Gf44Gh44KS44OX44Oq44Oz44OI44GX44Gf5omL5biz5Z6L44Kx44O844K544GM55m75aC077yB5aSW5YG044Gr44Gv44CB44OH44K544O744K544K/44O844CB44Of44Os44OL44Ki44Og44O744OV44Kh44Or44Kz44Oz44CB44K544K/44O844O744OH44K544OI44Ot44Kk44Ok44O844CBQVQtQVTjgIFYLXdpbmfjgYzjgq/jg7zjg6vjgavjg5fjg6rjg7Pjg4jjgZXjgozjgabjgYTjgb7jgZnjgII8YnI+PGJyPuOBleOCieOBq+WGheWBtOOBq+OCguazqOebru+8geODleODqeODg+ODl+OCkumWi+OBkeOBsOOAgeODk+ODvOOCr+ODq+OBq+mWoumAo+OBl+OBn+OCt+ODvOODs+OBjOODiei/q+WKm+OBq+aPj+OBi+OCjOOBpuOBhOOBvuOBmeOAguWKoOOBiOOBpuijj+WcsOOBq+OBr+ODk+ODvOOCr+ODq+OBruioreioiOWbs+miqOOBruODh+OCtuOCpOODs+OBjOOAguOBqeOBk+OCkuimi+OBpuOCguODr+OCr+ODr+OCr+OBmeOCi+OCseODvOOCueOBr+OAgeODleOCoeODs+OBquOCieOBmuOBqOOCguiDuOOBjOmrmOOBvuOBo+OBpuOBl+OBvuOBhuOBr+OBmuOAgjxicj48YnI+4pagIGlQaG9uZSA2cy825bCC55So44OA44Kk44Ki44Oq44O844Kx44O844K5PGJyPuODu+OCseODvOOCueWGheWBtOOBq+OCq+ODvOODieODneOCseODg+ODiMOXMuOAgeOCteOCpOODieODneOCseODg+ODiMOXMeS7mOOBjeOAgjxicj7jg7vnsKHljZjjgavplovplonjgafjgY3jgovjg5zjgr/jg7Pku5jjgY3jg5njg6vjg4jmjqHnlKg8YnI+44O744K544OI44Op44OD44OX44Ob44O844Or5LuY44GN44Gn44Kr44K544K/44Oe44Kk44K66Ieq5ZyoPGJyPuKWoCDkvb/jgYbjgZ/jgbPjgavjgrnjgr/jg7zjgqbjgqnjg7zjgrrjga7lkI3jgrfjg7zjg7PjgYzomIfjgovjgrHjg7zjgrnjgafmpb3jgZfjgYTjgrnjg57jg5vjg6njgqTjg5XjgpLvvIE8YnI+4oC7IOOCr+ODrOODvOODieODq++8iOWNk+S4iuODm+ODq+ODgOOBquOBqe+8ieOCkuS9v+eUqOOBl+OBpueiuuWun+OBq+WFhembu+OBmeOCi+OBq+OBr+OAgeacrOijveWTgeOCkuWkluOBmeOBk+OBqOOCkuOBiuOBmeOBmeOCgeOBl+OBvuOBmeOAgjxicj48YnI+44CQ44Kx44O844K55pys5L2T44CR57SE57imMTQuOcOX5qiqOC45w5fljpoxLjZjbTxicj7jgJDkuLvntKDmnZDjgJHjg53jg6rjgqbjg6zjgr/jg7M8YnI+44CQ44K544OI44Op44OD44OX5L2/55So44CR5Y+vPGJyPuOAkOOCu+ODg+ODiOWGheWuueOAkeOCseODvOOCueacrOS9kzxicj48YnI+KEMpICYgVE0gTHVjYXNmaWxtIEx0ZC48YnI+PGJyPuKWoOWvvuW/nOapn+eorjxicj5pUGhvbmUgNnPvvI8277yINC4344Kk44Oz44OB77yJ,SEFNRUVpUGhvbmUgNnPvvI8255SoIFNUQVJXQVJTIOOCueODiOODvOODquODvCDjg5bjg4Pjgq8g44Kx44O844K5IOODh+OCueODu+OCueOCv+ODvO+8muOCveODleODnuODg+ODl+alveWkqeW4guWgtOW6lw==,44K944OV44Oe44OD44OXU29mbWFw44OR44K944Kz44Oz44K/44OW44Os44OD44OIUENIRETjgqLjgrvjg7Pjg5bjg6rjg5Hjg7zjg4Tjg5Hjgr3jgrPjg7Pjg5Hjg7zjg4Tjg4bjg6zjg5PjgrLjg7zjg6Djg5bjg6vjg7zjg6zjgqTjgr3jg5Xjg4hEVkTjgr3jg5Xjg4jmtrLmmbbjg4bjg6zjg5Pjg5bjg6vjg7zjg6zjgqTjg4fjgqPjgrnjgq/jg6zjgrPjg7zjg4Djg7zjg4fjgrjjgr/jg6vkuIDnnLzjg6zjg5Xjgqvjg6Hjg6njg4fjgrjjgr/jg6vjgqvjg6Hjg6nlrrbpm7vmmYLoqIjkuK3lj6TjgqLjgqbjg4jjg6zjg4Pjg4hpUGFkaVBob25lSEFNRUVpUGhvbmUgNnPvvI8255SoIFNUQVJXQVJTIOOCueODiOODvOODquODvCDjg5bjg4Pjgq8g44Kx44O844K5IOODh+OCueODu+OCueOCv+ODvA==,SEFNRUVpUGhvbmUgNnPvvI8255SoIFNUQVJXQVJTIOOCueODiOODvOODquODvCDjg5bjg4Pjgq8g44Kx44O844K5IOODh+OCueODu+OCueOCv+ODvA==[rn]
16-182877,aHR0cDovL3RzaG9wLnIxMHMuanAvZHRjL2NhYmluZXQvMjAxNzAyMDduMjcvNDU4MDQ5MjMyMzIzOS5qcGc/Zml0aW49NzAwOjcwMA==,MjM4NC4wMDAw,,44K544Oe44O844OI44OV44Kp44Oz44O744K/44OW44Os44OD44OIID4g44K544Oe44O844OI44OV44Kp44Oz44Ki44Kv44K744K144Oq44O8ID4g44K544Oe44O844OI44OV44Kp44Oz44Kx44O844K5,Uk9BaVBob25lIDZz77yPNueUqCBMZWF0aGVyIFBvY2tldCBCYXIg44K444O844Oz44K6IOOCreODo+ODoeODqyBIQU5TTUFSRSBIQU43MzIzaTZT,,44CUaVBob25lIDZz77yPNueUqO+8muOCuOODo+OCseODg+ODiCDjg53jgrHjg4Pjg4jku5jjgJU8YnI+44Os44K244O844Od44Kx44OD44OI44OQ44O844Gv44CB5rip44GL44G/44Gu44GC44KL44OV44Kh44OW44Oq44OD44Kv44Go54mb6Z2p44Od44Kx44OD44OI44KS57WE44G/5ZCI44KP44Gb44Gf44GK44GX44KD44KM44Gq44Kx44O844K544Gn44GZ44CCPGJyPjxicj7ilqAg44OV44Kh44OW44Oq44OD44Kv44Go5pys6Z2p44Gu44Kz44Op44OcPGJyPjXnqK7poZ7jga7jg5XjgqHjg5bjg6rjg4Pjgq/jgag16Imy44Gu44Os44K244O844Od44Kx44OD44OI44GM44OZ44K544OI44Oe44OD44OB44Gn44GZ44CCIOa4qeOBi+OBv+OBruOBguOCi+aflOOCieOBi+OBquODleOCoeODluODquODg+OCr+e0oOadkOOBqOOAgeeJm+mdqeOBruODneOCseODg+ODiOOBruOCs+ODqeODnOODrOODvOOCt+ODp+ODs+OBjOOAgeOCt+ODs+ODl+ODq+OBquS4reOBq+OCguOBiuOBl+OCg+OCjOOBleOCkuOCouODg+ODl+OBleOBm+OBpuOBhOOBvuOBmeOAgjxicj7ilqAg44Kr44O844OJ5Y+O57SNPGJyPuOCr+ODrOOCuOODg+ODiOOCq+ODvOODieOBquOBqeOBjOWFpeOCjOOCieOCjOOCi+ODneOCseODg+ODiOOBjOOBsuOBqOOBpOS7mOOBhOOBpuOBhOOBvuOBmeOAguacrOmdqeOCkuS9v+eUqOOBl+OBpuOBiuOCiuOAgeS4iOWkq+OBp+mrmOe0muaEn+OBjOOBguOCiuOBvuOBmeOAgiDjg4fjgrbjgqTjg7Pjga7jg6/jg7Pjg53jgqTjg7Pjg4jjgafjgZDjgaPjgajjgYrmtJLokL3jgavjgII8YnI+4pagIOerr+acq+OCkuOBl+OBo+OBi+OCiuOCteODneODvOODiDxicj7lhoXlgbTjga/jgIHogJDkuYXmgKfjgajlvL7mgKfjgavlhKrjgozjgZ/jg53jg6rjgqvjg7zjg5zjg43jg7zjg4jntKDmnZDjgafkvZzjgonjgozjgabjgYTjgb7jgZnjgILnnYDohLHjgYznsKHljZjjgaflronlrprmhJ/jgYzjgYLjgorjgb7jgZnjgII8YnI+4oC7IOOCseODvOOCueOBq+mdnuaOpeinpuWei0lD44Kr44O844OJ44KS5YWl44KM44Gm5L2/55So44GX44CB5q2j44GX44GP6KqN6K2Y44GV44KM44Gq44GE5aC05ZCI44Gv5Yil6YCU44CO6Zu75rOi5bmy5riJ6Ziy5q2i44K344O844OI44CP562J44KS5ZCI44KP44Gb44Gm44GU5Yip55So44GP44Gg44GV44GE44CCIDxicj48YnI+44CQ57Sg5p2Q44CR44OV44Kh44OW44Oq44OD44Kv44CB54mb6Z2p44CB44Od44Oq44Kr44O844Oc44ON44O844OIPGJyPuOAkOWOn+eUo+WcsOOAkemfk+WbvTxicj7jgJDmnKzkvZPph43ph4/vvIjjgrXjgqTjgrrvvInjgJEyMWcoVzcuMMOXSDE0w5dMMC45Y20pPGJyPjxicj7ilqDlr77lv5zmqZ/nqK48YnI+aVBob25lIDZz77yPNu+8iDQuN+OCpOODs+ODge+8iQ==,Uk9BaVBob25lIDZz77yPNueUqCBMZWF0aGVyIFBvY2tldCBCYXIg44K444O844Oz44K6IOOCreODo+ODoeODqyBIQU5TTUFSRSBIQU43MzIzaTZT77ya44K944OV44Oe44OD44OX5qW95aSp5biC5aC05bqX,44K944OV44Oe44OD44OXU29mbWFw44OR44K944Kz44Oz44K/44OW44Os44OD44OIUENIRETjgqLjgrvjg7Pjg5bjg6rjg5Hjg7zjg4Tjg5Hjgr3jgrPjg7Pjg5Hjg7zjg4Tjg4bjg6zjg5PjgrLjg7zjg6Djg5bjg6vjg7zjg6zjgqTjgr3jg5Xjg4hEVkTjgr3jg5Xjg4jmtrLmmbbjg4bjg6zjg5Pjg5bjg6vjg7zjg6zjgqTjg4fjgqPjgrnjgq/jg6zjgrPjg7zjg4Djg7zjg4fjgrjjgr/jg6vkuIDnnLzjg6zjg5Xjgqvjg6Hjg6njg4fjgrjjgr/jg6vjgqvjg6Hjg6nlrrbpm7vmmYLoqIjkuK3lj6TjgqLjgqbjg4jjg6zjg4Pjg4hpUGFkaVBob25lUk9BaVBob25lIDZz77yPNueUqCBMZWF0aGVyIFBvY2tldCBCYXIg44K444O844Oz44K6IOOCreODo+ODoeODqyBIQU5TTUFSRSBIQU43MzIzaTZT,Uk9BaVBob25lIDZz77yPNueUqCBMZWF0aGVyIFBvY2tldCBCYXIg44K444O844Oz44K6IOOCreODo+ODoeODqyBIQU5TTUFSRSBIQU43MzIzaTZT[rn]
16-182878,aHR0cDovL3RzaG9wLnIxMHMuanAvZHRjL2NhYmluZXQvMjAxNzAxMjZuMy80NTIyMzI3ODYzMjEzLmpwZz9maXRpbj03MDA6NzAw,MTkwNC4wMDAw,,44K544Oe44O844OI44OV44Kp44Oz44O744K/44OW44Os44OD44OIID4g44K544Oe44O844OI44OV44Kp44Oz44Ki44Kv44K744K144Oq44O8ID4g44K544Oe44O844OI44OV44Kp44Oz44Kx44O844K5,SEFNRUVpUGhvbmUgNnPvvI8255SoIE1BUlZFTCDjg57jg7zjg5njg6sg44Kz44Of44OD44KvIOODgOOCpOOCouODquODvOOCseODvOOCuSDjgqLjgqTjgqLjg7Pjg57jg7M=,,44CUaVBob25lIDZz77yPNueUqO+8muOCseODvOOCuSDjg53jgrHjg4Pjg4jjg7vjgrnjg4jjg6njg4Pjg5fjg5vjg7zjg6vku5jjgJU8YnI+44CMTUFSVkVM44CN44Gu44OS44O844Ot44O844GM5aSn6ZuG5ZCI77yB44CM44Oe44O844OZ44Or44Kz44Of44OD44Kv44CN44Gu5LiW55WM44GM44OA44Kk44Ki44Oq44O844Kx44O844K544CCPGJyPjxicj7lpJblgbTjga/jgrPjg5/jg4Pjgq/jga7ooajntJnjga7mp5jjgarjg4fjgrbjgqTjg7PjgafotoXjgq/jg7zjg6vvvIHlhoXlgbTjga/jgq3jg6Pjg5fjg4bjg7Pjg7vjgqLjg6Hjg6rjgqvjgIHjgqLjgqTjgqLjg7Pjg57jg7PjgIHjgrnjg5HjgqTjg4Djg7zjg57jg7PjgIHjgqLjg5njg7Pjgrjjg6Pjg7zjgrrjgYzlpKfmtLvouo3jgZfjgabjgYTjgovjgrfjg7zjg7PjgpLlho3nj77jgZfjgabjgYTjgb7jgZnjgILjganjgZPjgpLopovjgabjgoLjg6/jgq/jg6/jgq/jgZnjgovjgrHjg7zjgrnjga/jgIHjg5XjgqHjg7PjgarjgonjgZrjgajjgoLog7jjgYzpq5jjgb7jgaPjgabjgZfjgb7jgYbjga/jgZrvvIE8YnI+PGJyPuKWoCBpUGhvbmUgNnMvNuWwgueUqOODgOOCpOOCouODquODvOOCseODvOOCuTxicj7ilqAg44Kx44O844K55YaF5YG044Gr44Kr44O844OJ44Od44Kx44OD44OIw5cy44CB44K144Kk44OJ44Od44Kx44OD44OIw5cx5LuY44GN44CCPGJyPuKWoCDjgZfjgaPjgYvjgorplonjgb7jgovjg5zjgr/jg7Pku5jjgY3jg5njg6vjg4jmjqHnlKg8YnI+4pagIOOCueODiOODqeODg+ODl+ODm+ODvOODq+S7mOOBjeOBp+OCq+OCueOCv+ODnuOCpOOCuuiHquWcqDxicj7igLsg44Kv44Os44O844OJ44Or77yI5Y2T5LiK44Ob44Or44OA44Gq44Gp77yJ44KS5L2/55So44GX44Gm56K65a6f44Gr5YWF6Zu744GZ44KL44Gr44Gv44CB5pys6KO95ZOB44KS5aSW44GZ44GT44Go44KS44GK44GZ44GZ44KB44GX44G+44GZ44CCPGJyPjxicj7jgJDmnKzkvZPjgJHntITnuKYxNcOX5qiqNy41w5fljpoyLjFjbTxicj7jgJDkuLvntKDmnZDjgJHjg53jg6rjgqbjg6zjgr/jg7M8YnI+44CQ44K544OI44Op44OD44OX5L2/55So44CR5Y+vPGJyPuOAkOOCu+ODg+ODiOWGheWuueOAkeOCseODvOOCueacrOS9kzxicj48YnI+KEMpTUFSVkVMPGJyPjxicj7ilqDlr77lv5zmqZ/nqK48YnI+aVBob25lIDZz77yPNu+8iDQuN+OCpOODs+ODge+8iQ==,SEFNRUVpUGhvbmUgNnPvvI8255SoIE1BUlZFTCDjg57jg7zjg5njg6sg44Kz44Of44OD44KvIOODgOOCpOOCouODquODvOOCseODvOOCuSDjgqLjgqTjgqLjg7Pjg57jg7PvvJrjgr3jg5Xjg57jg4Pjg5fmpb3lpKnluILloLTlupc=,44K944OV44Oe44OD44OXU29mbWFw44OR44K944Kz44Oz44K/44OW44Os44OD44OIUENIRETjgqLjgrvjg7Pjg5bjg6rjg5Hjg7zjg4Tjg5Hjgr3jgrPjg7Pjg5Hjg7zjg4Tjg4bjg6zjg5PjgrLjg7zjg6Djg5bjg6vjg7zjg6zjgqTjgr3jg5Xjg4hEVkTjgr3jg5Xjg4jmtrLmmbbjg4bjg6zjg5Pjg5bjg6vjg7zjg6zjgqTjg4fjgqPjgrnjgq/jg6zjgrPjg7zjg4Djg7zjg4fjgrjjgr/jg6vkuIDnnLzjg6zjg5Xjgqvjg6Hjg6njg4fjgrjjgr/jg6vjgqvjg6Hjg6nlrrbpm7vmmYLoqIjkuK3lj6TjgqLjgqbjg4jjg6zjg4Pjg4hpUGFkaVBob25lSEFNRUVpUGhvbmUgNnPvvI8255SoIE1BUlZFTCDjg57jg7zjg5njg6sg44Kz44Of44OD44KvIOODgOOCpOOCouODquODvOOCseODvOOCuSDjgqLjgqTjgqLjg7Pjg57jg7M=,SEFNRUVpUGhvbmUgNnPvvI8255SoIE1BUlZFTCDjg57jg7zjg5njg6sg44Kz44Of44OD44KvIOODgOOCpOOCouODquODvOOCseODvOOCuSDjgqLjgqTjgqLjg7Pjg57jg7M=[rn]
16-182879,aHR0cDovL3RzaG9wLnIxMHMuanAvZHRjL2NhYmluZXQvMjAxNzAxMjduMi80NTgwNDkyMzE3MDIzLmpwZz9maXRpbj03MDA6NzAw,MjYyNC4wMDAw,,44K544Oe44O844OI44OV44Kp44Oz44O744K/44OW44Os44OD44OIID4g44K544Oe44O844OI44OV44Kp44Oz44Ki44Kv44K744K144Oq44O8ID4g44K544Oe44O844OI44OV44Kp44Oz44Kx44O844K5,Uk9BaVBob25lIDZz77yPNueUqCDjgr/jg5XjgrHjg7zjgrkgRG9nIOOCt+ODquODvOOCuiDjg5Pjg7zjgrDjg6sgRHBhcmtzIERTNjcwMmlQNlM=,,44CUaVBob25lIDZz77yPNueUqO+8muOCuOODo+OCseODg+ODiOOAlTxicj7jgYvjgo/jgYTjgYTjg6/jg7PjgaHjgoPjgpPjga7mhJvjgonjgZfjgYTjgYrpoZTjgYzjgrfjg7Pjg5fjg6vjgavjg4fjgrbjgqTjg7PjgZXjgozjgZ/jgrnjg57jg5vjgrHjg7zjgrnjgII8YnI+PGJyPuOAkOe0oOadkOOAkeWkluWBtO+8muODneODquOCq+ODvOODnOODjeODvOODiC/lhoXlgbTvvJrjgrfjg6rjgrPjg7M8YnI+44CQ5Y6f55Sj5Zyw44CR6Z+T5Zu9PGJyPuOAkOacrOS9k+mHjemHj++8iOOCteOCpOOCuu+8ieOAkTM5ZyhXN8OXSDE0w5dMMS4xY20p,Uk9BaVBob25lIDZz77yPNueUqCDjgr/jg5XjgrHjg7zjgrkgRG9nIOOCt+ODquODvOOCuiDjg5Pjg7zjgrDjg6sgRHBhcmtzIERTNjcwMmlQNlPvvJrjgr3jg5Xjg57jg4Pjg5fmpb3lpKnluILloLTlupc=,44K944OV44Oe44OD44OXU29mbWFw44OR44K944Kz44Oz44K/44OW44Os44OD44OIUENIRETjgqLjgrvjg7Pjg5bjg6rjg5Hjg7zjg4Tjg5Hjgr3jgrPjg7Pjg5Hjg7zjg4Tjg4bjg6zjg5PjgrLjg7zjg6Djg5bjg6vjg7zjg6zjgqTjgr3jg5Xjg4hEVkTjgr3jg5Xjg4jmtrLmmbbjg4bjg6zjg5Pjg5bjg6vjg7zjg6zjgqTjg4fjgqPjgrnjgq/jg6zjgrPjg7zjg4Djg7zjg4fjgrjjgr/jg6vkuIDnnLzjg6zjg5Xjgqvjg6Hjg6njg4fjgrjjgr/jg6vjgqvjg6Hjg6nlrrbpm7vmmYLoqIjkuK3lj6TjgqLjgqbjg4jjg6zjg4Pjg4hpUGFkaVBob25lUk9BaVBob25lIDZz77yPNueUqCDjgr/jg5XjgrHjg7zjgrkgRG9nIOOCt+ODquODvOOCuiDjg5Pjg7zjgrDjg6sgRHBhcmtzIERTNjcwMmlQNlM=,Uk9BaVBob25lIDZz77yPNueUqCDjgr/jg5XjgrHjg7zjgrkgRG9nIOOCt+ODquODvOOCuiDjg5Pjg7zjgrDjg6sgRHBhcmtzIERTNjcwMmlQNlM=[rn]
16-182880,aHR0cDovL3RzaG9wLnIxMHMuanAvZHRjL2NhYmluZXQvMjAxNDA5MjBhLzQ1NjIzNTY5NTQyNTQuanBnP2ZpdGluPTcwMDo3MDA=,MTU5Mi4wMDAw,,44K544Oe44O844OI44OV44Kp44Oz44O744K/44OW44Os44OD44OIID4g44K544Oe44O844OI44OV44Kp44Oz44Ki44Kv44K744K144Oq44O8ID4g44K544Oe44O844OI44OV44Kp44Oz44Kx44O844K5,44Os44Kk44O744Ki44Km44OIaVBob25lIDYgKDQuN+OCpOODs+ODgSnnlKgg44OH44Kj44K644OL44O844O744OV44Op44OD44OX44K/44Kk44OX44Os44K244O844K444Oj44Kx44OD44OI44CA44OX44O844CAUlQtRFA3RC9QTw==,44CA,44CUaVBob25l44Ki44Kv44K744K144Oq44O844CV,44Os44Kk44O744Ki44Km44OIaVBob25lIDYgKDQuN+OCpOODs+ODgSnnlKgg44OH44Kj44K644OL44O844O744OV44Op44OD44OX44K/44Kk44OX44Os44K244O844K444Oj44Kx44OD44OI44CA44OX44O844CAUlQtRFA3RC9QT++8muOCveODleODnuODg+ODl+alveWkqeW4guWgtOW6lw==,44K944OV44Oe44OD44OXU29mbWFw44OR44K944Kz44Oz44K/44OW44Os44OD44OIUENIRETjgqLjgrvjg7Pjg5bjg6rjg5Hjg7zjg4Tjg5Hjgr3jgrPjg7Pjg5Hjg7zjg4Tjg4bjg6zjg5PjgrLjg7zjg6Djg5bjg6vjg7zjg6zjgqTjgr3jg5Xjg4hEVkTjgr3jg5Xjg4jmtrLmmbbjg4bjg6zjg5Pjg5bjg6vjg7zjg6zjgqTjg4fjgqPjgrnjgq/jg6zjgrPjg7zjg4Djg7zjg4fjgrjjgr/jg6vkuIDnnLzjg6zjg5Xjgqvjg6Hjg6njg4fjgrjjgr/jg6vjgqvjg6Hjg6nlrrbpm7vmmYLoqIjkuK3lj6TjgqLjgqbjg4jjg6zjg4Pjg4hpUGFkaVBob25l44Os44Kk44O744Ki44Km44OIaVBob25lIDYgKDQuN+OCpOODs+ODgSnnlKgg44OH44Kj44K644OL44O844O744OV44Op44OD44OX44K/44Kk44OX44Os44K244O844K444Oj44Kx44OD44OI44CA44OX44O844CAUlQtRFA3RC9QTw==,44CA44CC44Os44Kk44O744Ki44Km44OIaVBob25lIDYgKDQuN+OCpOODs+ODgSnnlKgg44OH44Kj44K644OL44O844O744OV44Op44OD44OX44K/44Kk44OX44Os44K244O844K444Oj44Kx44OD44OI44CA44OX44O844CAUlQtRFA3RC9QTw==[rn]
16-182881,aHR0cDovL3RzaG9wLnIxMHMuanAvZHRjL2NhYmluZXQvMjAxNjA1MDNhLzQ1ODIyNjk0NjkzMDAuanBnP2ZpdGluPTcwMDo3MDA=,MzgyNC4wMDAw,,44K544Oe44O844OI44OV44Kp44Oz44O744K/44OW44Os44OD44OIID4g44K544Oe44O844OI44OV44Kp44Oz44Ki44Kv44K744K144Oq44O8ID4g44K544Oe44O844OI44OV44Kp44Oz44Kx44O844K5,44OI44Oq44OL44OG44KjaVBob25lIDbnlKjjgIDjgqjjgrPjg6zjgrbjg7wg44OV44Oq44OD44OX44OO44O844OI44Kx44O844K544CA44OW44Op44Km44Oz44CAVFItRUxGTklQMTQ0LUJDQlLjgIDjgJDjg5Pjg4Pjgq/jgqvjg6Hjg6njgrDjg6vjg7zjg5fjgqrjg6rjgrjjg4rjg6vjgJE=,44CA,44CUaVBob25lIDbnlKjvvJrjgrHjg7zjgrnjgrnjgr/jg7Pjg4njg53jgrHjg4Pjg4jjg7vjgrnjg4jjg6njg4Pjg5fjg5vjg7zjg6vku5jjgJUKaVBob25lIOOCkuWCt+OChOWfg+OBi+OCieOBl+OBo+OBi+OCiuOBqOWuiOOCi+OAgeaoqumWi+OBjeODleODquODg+ODl+OCueOCv+OCpOODq+OBruOCseODvOOCueOAgg==,44OI44Oq44OL44OG44KjaVBob25lIDbnlKjjgIDjgqjjgrPjg6zjgrbjg7wg44OV44Oq44OD44OX44OO44O844OI44Kx44O844K544CA44OW44Op44Km44Oz44CAVFItRUxGTklQMTQ0LUJDQlLjgIDjgJDjg5Pjg4Pjgq/jgqvjg6Hjg6njgrDjg6vjg7zjg5fjgqrjg6rjgrjjg4rjg6vjgJHvvJrjgr3jg5Xjg57jg4Pjg5fmpb3lpKnluILloLTlupc=,44K944OV44Oe44OD44OXU29mbWFw44OR44K944Kz44Oz44K/44OW44Os44OD44OIUENIRETjgqLjgrvjg7Pjg5bjg6rjg5Hjg7zjg4Tjg5Hjgr3jgrPjg7Pjg5Hjg7zjg4Tjg4bjg6zjg5PjgrLjg7zjg6Djg5bjg6vjg7zjg6zjgqTjgr3jg5Xjg4hEVkTjgr3jg5Xjg4jmtrLmmbbjg4bjg6zjg5Pjg5bjg6vjg7zjg6zjgqTjg4fjgqPjgrnjgq/jg6zjgrPjg7zjg4Djg7zjg4fjgrjjgr/jg6vkuIDnnLzjg6zjg5Xjgqvjg6Hjg6njg4fjgrjjgr/jg6vjgqvjg6Hjg6nlrrbpm7vmmYLoqIjkuK3lj6TjgqLjgqbjg4jjg6zjg4Pjg4hpUGFkaVBob25l44OI44Oq44OL44OG44KjaVBob25lIDbnlKjjgIDjgqjjgrPjg6zjgrbjg7wg44OV44Oq44OD44OX44OO44O844OI44Kx44O844K544CA44OW44Op44Km44Oz44CAVFItRUxGTklQMTQ0LUJDQlLjgIDjgJDjg5Pjg4Pjgq/jgqvjg6Hjg6njgrDjg6vjg7zjg5fjgqrjg6rjgrjjg4rjg6vjgJE=,44CA44CC44OI44Oq44OL44OG44KjaVBob25lIDbnlKjjgIDjgqjjgrPjg6zjgrbjg7wg44OV44Oq44OD44OX44OO44O844OI44Kx44O844K544CA44OW44Op44Km44Oz44CAVFItRUxGTklQMTQ0LUJDQlLjgIDjgJDjg5Pjg4Pjgq/jgqvjg6Hjg6njgrDjg6vjg7zjg5fjgqrjg6rjgrjjg4rjg6vjgJE=[rn]
16-182882,aHR0cDovL3RzaG9wLnIxMHMuanAvZHRjL2NhYmluZXQvMjAxNDA5MjBhLzQ1NjAxNTYwNDA1ODAuanBnP2ZpdGluPTcwMDo3MDA=,NjYzLjIwMDA=,,44K544Oe44O844OI44OV44Kp44Oz44O744K/44OW44Os44OD44OIID4g44K544Oe44O844OI44OV44Kp44Oz44Ki44Kv44K744K144Oq44O8ID4g44K544Oe44O844OI44OV44Kp44Oz44Kx44O844K5,U29mdEJhbmtpUGhvbmUgNiAoNC4344Kk44Oz44OBKeeUqCBTb2Z0QmFua+OAgFNFTEVDVElPTuOAgOODqeODkOODvOOCseODvOOCueOAgOOCsOODrOODvOOAgFNCLUlBMTAtSENSQi9HTA==,44CA,44CUaVBob25l44Ki44Kv44K744K144Oq44O844CV,U29mdEJhbmtpUGhvbmUgNiAoNC4344Kk44Oz44OBKeeUqCBTb2Z0QmFua+OAgFNFTEVDVElPTuOAgOODqeODkOODvOOCseODvOOCueOAgOOCsOODrOODvOOAgFNCLUlBMTAtSENSQi9HTO+8muOCveODleODnuODg+ODl+alveWkqeW4guWgtOW6lw==,44K944OV44Oe44OD44OXU29mbWFw44OR44K944Kz44Oz44K/44OW44Os44OD44OIUENIRETjgqLjgrvjg7Pjg5bjg6rjg5Hjg7zjg4Tjg5Hjgr3jgrPjg7Pjg5Hjg7zjg4Tjg4bjg6zjg5PjgrLjg7zjg6Djg5bjg6vjg7zjg6zjgqTjgr3jg5Xjg4hEVkTjgr3jg5Xjg4jmtrLmmbbjg4bjg6zjg5Pjg5bjg6vjg7zjg6zjgqTjg4fjgqPjgrnjgq/jg6zjgrPjg7zjg4Djg7zjg4fjgrjjgr/jg6vkuIDnnLzjg6zjg5Xjgqvjg6Hjg6njg4fjgrjjgr/jg6vjgqvjg6Hjg6nlrrbpm7vmmYLoqIjkuK3lj6TjgqLjgqbjg4jjg6zjg4Pjg4hpUGFkaVBob25lU29mdEJhbmtpUGhvbmUgNiAoNC4344Kk44Oz44OBKeeUqCBTb2Z0QmFua+OAgFNFTEVDVElPTuOAgOODqeODkOODvOOCseODvOOCueOAgOOCsOODrOODvOOAgFNCLUlBMTAtSENSQi9HTA==,44CA44CCU29mdEJhbmtpUGhvbmUgNiAoNC4344Kk44Oz44OBKeeUqCBTb2Z0QmFua+OAgFNFTEVDVElPTuOAgOODqeODkOODvOOCseODvOOCueOAgOOCsOODrOODvOOAgFNCLUlBMTAtSENSQi9HTA==[rn]
16-182883,aHR0cDovL3RzaG9wLnIxMHMuanAvZHRjL2NhYmluZXQvMDAwODUyNTIvNDk4ODA3NTIzMTIwNy5qcGc/Zml0aW49NzAwOjcwMA==,MzE4LjQwMDA=,,44K544Oe44O844OI44OV44Kp44Oz44O744K/44OW44Os44OD44OIID4g44K544Oe44O844OI44OV44Kp44Oz44Ki44Kv44K744K144Oq44O8ID4g44K544Oe44O844OI44OV44Kp44Oz44Kx44O844K5,QklDKOODl+ODqeOCpOODmeODvOODiOODluODqeODs+ODiSnjgJDlnKjluqvpmZDjgorjgJEgaVBob25lIDbnlKgg44OX44Os44Of44Ki44Og44K944OV44OI44Kx44O844K5IOODqeODoeOCr+ODquOCoiBCS1MwMklQNkMg44CQ44OT44OD44Kv44Kr44Oh44Op44Kw44Or44O844OX44Kq44Oq44K444OK44Or44CR,44CA,44CUaVBob25lIDbnlKjvvJrjgrjjg6PjgrHjg4Pjg4gg44K544OI44Op44OD44OX44Ob44O844Or5LuY44CVPGJyPuW8vuWKm+OBruOBguOCi+aflOOCieOBi+OBleOBqOmrmOOBhOmAj+aYjuaEn+OCkuS4oeeri+OBl+OBn+ODl+ODrOODn+OCouODoOOCveODleODiOOCseODvOOCueOAgu+8u+ODqeODoe+8vTxicj48YnI+4pagIOOCpOODpOODm+ODs+ODu+ODqeOCpOODiOODi+ODs+OCsOerr+WtkOOCreODo+ODg+ODl+S4gOS9k+Weizxicj7ilqAg5L6/5Yip44Gq44K544OI44Op44OD44OX44Ob44O844Or5LuYPGJyPuKWoCDml6XmnKzoo70=,QklDKOODl+ODqeOCpOODmeODvOODiOODluODqeODs+ODiSnjgJDlnKjluqvpmZDjgorjgJEgaVBob25lIDbnlKgg44OX44Os44Of44Ki44Og44K944OV44OI44Kx44O844K5IOODqeODoeOCr+ODquOCoiBCS1MwMklQNkMg44CQ44OT44OD44Kv44Kr44Oh44Op44Kw44Or44O844OX44Kq44Oq44K444OK44Or44CR77ya44K944OV44Oe44OD44OX5qW95aSp5biC5aC05bqX,44K944OV44Oe44OD44OXU29mbWFw44OR44K944Kz44Oz44K/44OW44Os44OD44OIUENIRETjgqLjgrvjg7Pjg5bjg6rjg5Hjg7zjg4Tjg5Hjgr3jgrPjg7Pjg5Hjg7zjg4Tjg4bjg6zjg5PjgrLjg7zjg6Djg5bjg6vjg7zjg6zjgqTjgr3jg5Xjg4hEVkTjgr3jg5Xjg4jmtrLmmbbjg4bjg6zjg5Pjg5bjg6vjg7zjg6zjgqTjg4fjgqPjgrnjgq/jg6zjgrPjg7zjg4Djg7zjg4fjgrjjgr/jg6vkuIDnnLzjg6zjg5Xjgqvjg6Hjg6njg4fjgrjjgr/jg6vjgqvjg6Hjg6nlrrbpm7vmmYLoqIjkuK3lj6TjgqLjgqbjg4jjg6zjg4Pjg4hpUGFkaVBob25lQklDKOODl+ODqeOCpOODmeODvOODiOODluODqeODs+ODiSnjgJDlnKjluqvpmZDjgorjgJEgaVBob25lIDbnlKgg44OX44Os44Of44Ki44Og44K944OV44OI44Kx44O844K5IOODqeODoeOCr+ODquOCoiBCS1MwMklQNkMg44CQ44OT44OD44Kv44Kr44Oh44Op44Kw44Or44O844OX44Kq44Oq44K444OK44Or44CR,44CA44CCQklDKOODl+ODqeOCpOODmeODvOODiOODluODqeODs+ODiSnjgJDlnKjluqvpmZDjgorjgJEgaVBob25lIDbnlKgg44OX44Os44Of44Ki44Og44K944OV44OI44Kx44O844K5IOODqeODoeOCr+ODquOCoiBCS1MwMklQNkMg44CQ44OT44OD44Kv44Kr44Oh44Op44Kw44Or44O844OX44Kq44Oq44K444OK44Or44CR[rn]
16-182884,aHR0cDovL3RzaG9wLnIxMHMuanAvZHRjL2NhYmluZXQvMjAxNDA5MjBhLzQ1NjIzNTY5NTI1MDIuanBnP2ZpdGluPTcwMDo3MDA=,NDk2LjgwMDA=,,44K544Oe44O844OI44OV44Kp44Oz44O744K/44OW44Os44OD44OIID4g44K544Oe44O844OI44OV44Kp44Oz44Ki44Kv44K744K144Oq44O8ID4g44K544Oe44O844OI44OV44Kp44Oz44Kx44O844K5,44Os44Kk44O744Ki44Km44OIaVBob25lIDYgKDQuN+OCpOODs+ODgSnnlKgg44K544Oq44OD44OX44Ks44O844OJ44K344Oq44Kz44Oz44K444Oj44Kx44OD44OI44CA44Op44Kk44Og44CAUlQtUDdDMi9H,44CA,44CUaVBob25l44Ki44Kv44K744K144Oq44O844CV,44Os44Kk44O744Ki44Km44OIaVBob25lIDYgKDQuN+OCpOODs+ODgSnnlKgg44K544Oq44OD44OX44Ks44O844OJ44K344Oq44Kz44Oz44K444Oj44Kx44OD44OI44CA44Op44Kk44Og44CAUlQtUDdDMi9H77ya44K944OV44Oe44OD44OX5qW95aSp5biC5aC05bqX,44K944OV44Oe44OD44OXU29mbWFw44OR44K944Kz44Oz44K/44OW44Os44OD44OIUENIRETjgqLjgrvjg7Pjg5bjg6rjg5Hjg7zjg4Tjg5Hjgr3jgrPjg7Pjg5Hjg7zjg4Tjg4bjg6zjg5PjgrLjg7zjg6Djg5bjg6vjg7zjg6zjgqTjgr3jg5Xjg4hEVkTjgr3jg5Xjg4jmtrLmmbbjg4bjg6zjg5Pjg5bjg6vjg7zjg6zjgqTjg4fjgqPjgrnjgq/jg6zjgrPjg7zjg4Djg7zjg4fjgrjjgr/jg6vkuIDnnLzjg6zjg5Xjgqvjg6Hjg6njg4fjgrjjgr/jg6vjgqvjg6Hjg6nlrrbpm7vmmYLoqIjkuK3lj6TjgqLjgqbjg4jjg6zjg4Pjg4hpUGFkaVBob25l44Os44Kk44O744Ki44Km44OIaVBob25lIDYgKDQuN+OCpOODs+ODgSnnlKgg44K544Oq44OD44OX44Ks44O844OJ44K344Oq44Kz44Oz44K444Oj44Kx44OD44OI44CA44Op44Kk44Og44CAUlQtUDdDMi9H,44CA44CC44Os44Kk44O744Ki44Km44OIaVBob25lIDYgKDQuN+OCpOODs+ODgSnnlKgg44K544Oq44OD44OX44Ks44O844OJ44K344Oq44Kz44Oz44K444Oj44Kx44OD44OI44CA44Op44Kk44Og44CAUlQtUDdDMi9H[rn]
16-182885,aHR0cDovL3RzaG9wLnIxMHMuanAvZHRjL2NhYmluZXQvMjAxNDExMDhhLzQ1ODAzMDY4NzQ4ODkuanBnP2ZpdGluPTcwMDo3MDA=,MTk4NC4wMDAw,,44K544Oe44O844OI44OV44Kp44Oz44O744K/44OW44Os44OD44OIID4g44K544Oe44O844OI44OV44Kp44Oz44Ki44Kv44K744K144Oq44O8ID4g44K544Oe44O844OI44OV44Kp44Oz44Kx44O844K5,5Z2C5pys44Op44OC44OyaVBob25lIDYgKDQuN+OCpOODs+ODgSnnlKggU3VwZXIgVGhpbiBQVSBMZWF0aGVyIENhc2UgSEwyNjTjgIDjg5bjg6njg4Pjgq/jgIBIZWxpdW3jgIBITDI2NEJL,44CA,44CUaVBob25lIDbnlKjvvJrjgrjjg6PjgrHjg4Pjg4jjgJUK6auY5ZOB6LOqUFXjg6zjgrbjg7zjgpLkvb/nlKjjgZdpUGhvbmXmnKzkvZPjga7og4zpnaLjg7vlgbTpnaLjgpLkv53orbfjgZnjgovjgrHjg7zjgrnjgII=,5Z2C5pys44Op44OC44OyaVBob25lIDYgKDQuN+OCpOODs+ODgSnnlKggU3VwZXIgVGhpbiBQVSBMZWF0aGVyIENhc2UgSEwyNjTjgIDjg5bjg6njg4Pjgq/jgIBIZWxpdW3jgIBITDI2NEJL77ya44K944OV44Oe44OD44OX5qW95aSp5biC5aC05bqX,44K944OV44Oe44OD44OXU29mbWFw44OR44K944Kz44Oz44K/44OW44Os44OD44OIUENIRETjgqLjgrvjg7Pjg5bjg6rjg5Hjg7zjg4Tjg5Hjgr3jgrPjg7Pjg5Hjg7zjg4Tjg4bjg6zjg5PjgrLjg7zjg6Djg5bjg6vjg7zjg6zjgqTjgr3jg5Xjg4hEVkTjgr3jg5Xjg4jmtrLmmbbjg4bjg6zjg5Pjg5bjg6vjg7zjg6zjgqTjg4fjgqPjgrnjgq/jg6zjgrPjg7zjg4Djg7zjg4fjgrjjgr/jg6vkuIDnnLzjg6zjg5Xjgqvjg6Hjg6njg4fjgrjjgr/jg6vjgqvjg6Hjg6nlrrbpm7vmmYLoqIjkuK3lj6TjgqLjgqbjg4jjg6zjg4Pjg4hpUGFkaVBob25l5Z2C5pys44Op44OC44OyaVBob25lIDYgKDQuN+OCpOODs+ODgSnnlKggU3VwZXIgVGhpbiBQVSBMZWF0aGVyIENhc2UgSEwyNjTjgIDjg5bjg6njg4Pjgq/jgIBIZWxpdW3jgIBITDI2NEJL,44CA44CC5Z2C5pys44Op44OC44OyaVBob25lIDYgKDQuN+OCpOODs+ODgSnnlKggU3VwZXIgVGhpbiBQVSBMZWF0aGVyIENhc2UgSEwyNjTjgIDjg5bjg6njg4Pjgq/jgIBIZWxpdW3jgIBITDI2NEJL[rn]
16-182886,aHR0cDovL3RzaG9wLnIxMHMuanAvZHRjL2NhYmluZXQvMjAxNzAxMjduMS80NTcxNDUyODg1MDM0LmpwZz9maXRpbj03MDA6NzAw,MzM0NC4wMDAw,,44K544Oe44O844OI44OV44Kp44Oz44O744K/44OW44Os44OD44OIID4g44K544Oe44O844OI44OV44Kp44Oz44Ki44Kv44K744K144Oq44O8ID4g44K544Oe44O844OI44OV44Kp44Oz44Kx44O844K5,44Ko44Og44OH44Kj44O844K344O8aVBob25lIDZz77yPNueUqCDjg4Tjg7zjg4jjg7Pjgr/jgqTjg5cgUGlua3lHaXJscyDjg5bjg6vjg7wgSVA2LTcxNzQ4,,44CUaVBob25lIDZz77yPNueUqO+8muOCseODvOOCuSDjg53jgrHjg4Pjg4jku5jjgJU8YnI+5Y+v5oSb44KJ44GX44GE44OP44O844OI44Gu44OB44Oj44O844Og5LuY44GN5Y+v5oSb44KJ44GX44GV44KS5by36Kq/44GZ44KL44CB44OP44O844OI5Z6L44Gu44OB44Oj44O844Og5LuY44GN44CC44Kr44Op44O844Gr44KI44Gj44Gm5LuY5bGe44GZ44KL44OB44Oj44O844Og44GM55Ww44Gq44KK44G+44GZ44CCPGJyPjxicj7ilqAg44Kr44O844OJ44Od44Kx44OD44OIMuODtuaJgDxicj7jgYrmjIHjgaHjga7jg53jgqTjg7Pjg4jjgqvjg7zjg4njgoTjg6zjgrfjg7zjg4jjgIHntJnluaPjgoLlj47ntI3jgZnjgovjgZPjgajjgYzjgafjgY3jgb7jgZnjgII8YnI+4pagIOOCs+ODs+ODkeOCr+ODiOODn+ODqeODvOS7mOOBjTxicj7lpJblh7rlhYjjgafkvb/jgYjjgovjgrPjg7Pjg5Hjgq/jg4jjg5/jg6njg7zjgYzjgrHjg7zjgrnlhoXpg6jjgavku5jlsZ7jgII8YnI+4pagIOOCseODvOOCueOCkuijheedgOOBl+OBn+OBvuOBvuWQhOeoruaTjeS9nOOBjOOBp+OBjeOCi+OAgjxicj7jgrHjg7zjgrnjgpLoo4XnnYDjgZfjgZ/nirbmhYvjgafjgoLjgIHjgqvjg6Hjg6nmkq7lvbHjgIHlhYXpm7vjgIHjgqTjg6Tjg5vjg7Poo4XnnYDjgarjganjgpLooYzjgYbjgZPjgajjgYzjgafjgY3jgb7jgZnjgII8YnI+PGJyPuKAuyDmnKzoo73lk4Hjga/lvLfjgYTjg57jgrDjg43jg4Pjg4jjgpLkvb/nlKjjgZfjgabjgYrjgorjgb7jgZnjgILjgq/jg6zjgrjjg4Pjg4jjgqvjg7zjg4nnrYnjga7no4HmsJfjgqvjg7zjg4nlj47ntI3jga/mjqfjgYjjgabjgYTjgZ/jgaDjgY3jgb7jgZnjgojjgYbjgYrpoZjjgYToh7TjgZfjgb7jgZnjgILjgqvjg7zjg4nlhoXjga7jg4fjg7zjgr/jgYznoLTmkI3jgZnjgovmgZDjgozjgYzjgZTjgZbjgYTjgb7jgZnjgII8YnI+4oC7IOS4h+OBjOS4gOOAgeacrOijveWTgeOBq+WPjue0jeOBleOCjOOBn+OCq+ODvOODieOBruODh+ODvOOCv+egtOaQjeetieOBjOeZuueUn+OBl+OBn+WgtOWQiOOBq+OBiuOBjeOBvuOBl+OBpuOCguOAgeOCqOODoOODh+OCo+ODvOOCt+ODvOekvuOBp+OBr+S4gOWIh+S/neiovOiHtOOBl+OBi+OBreOBvuOBmeOAguOBlOazqOaEj+OBj+OBoOOBleOBhOOAgjxicj48YnI+4pag5a++5b+c5qmf56iuPGJyPmlQaG9uZSA2c++8jzbvvIg0LjfjgqTjg7Pjg4HvvIk=,44Ko44Og44OH44Kj44O844K344O8aVBob25lIDZz77yPNueUqCDjg4Tjg7zjg4jjg7Pjgr/jgqTjg5cgUGlua3lHaXJscyDjg5bjg6vjg7wgSVA2LTcxNzQ477ya44K944OV44Oe44OD44OX5qW95aSp5biC5aC05bqX,44K944OV44Oe44OD44OXU29mbWFw44OR44K944Kz44Oz44K/44OW44Os44OD44OIUENIRETjgqLjgrvjg7Pjg5bjg6rjg5Hjg7zjg4Tjg5Hjgr3jgrPjg7Pjg5Hjg7zjg4Tjg4bjg6zjg5PjgrLjg7zjg6Djg5bjg6vjg7zjg6zjgqTjgr3jg5Xjg4hEVkTjgr3jg5Xjg4jmtrLmmbbjg4bjg6zjg5Pjg5bjg6vjg7zjg6zjgqTjg4fjgqPjgrnjgq/jg6zjgrPjg7zjg4Djg7zjg4fjgrjjgr/jg6vkuIDnnLzjg6zjg5Xjgqvjg6Hjg6njg4fjgrjjgr/jg6vjgqvjg6Hjg6nlrrbpm7vmmYLoqIjkuK3lj6TjgqLjgqbjg4jjg6zjg4Pjg4hpUGFkaVBob25l44Ko44Og44OH44Kj44O844K344O8aVBob25lIDZz77yPNueUqCDjg4Tjg7zjg4jjg7Pjgr/jgqTjg5cgUGlua3lHaXJscyDjg5bjg6vjg7wgSVA2LTcxNzQ4,44Ko44Og44OH44Kj44O844K344O8aVBob25lIDZz77yPNueUqCDjg4Tjg7zjg4jjg7Pjgr/jgqTjg5cgUGlua3lHaXJscyDjg5bjg6vjg7wgSVA2LTcxNzQ4[rn]
16-182887,aHR0cDovL3RzaG9wLnIxMHMuanAvZHRjL2NhYmluZXQvMjAxNDA5MjBhLzQ1NjIzNTY5NTI2NTYuanBnP2ZpdGluPTcwMDo3MDA=,NzQ4LjgwMDA=,,44K544Oe44O844OI44OV44Kp44Oz44O744K/44OW44Os44OD44OIID4g44K544Oe44O844OI44OV44Kp44Oz44Ki44Kv44K744K144Oq44O8ID4g44K544Oe44O844OI44OV44Kp44Oz44Kx44O844K5,44Os44Kk44O744Ki44Km44OIaVBob25lIDbnlKgg44Op44OQ44O844Kz44O844OG44Kj44Oz44Kw44O744K344Kn44Or44K444Oj44Kx44OD44OIIOODnuODg+ODiOODrOODg+ODiSBSVC1QN0M0L1I=,44CA,44CUaVBob25lIDbnlKjvvJrjgrjjg6PjgrHjg4Pjg4gg44K544OI44Op44OD44OX44Ob44O844Or5LuY44CVPGJyPuS+v+WIqeOBquOCueODiOODqeODg+ODl+ODm+ODvOODq+S7mOOBjeOAgeODqeODkOODvOOCs+ODvOODhuOCo+ODs+OCsOS7leanmCDog4zpnaLjgpLjgq3jgrrjgYvjgonlrojjgovjgrfjgqfjg6vjgrjjg6PjgrHjg4Pjg4jjgII8YnI+PGJyPuKWoCDmnZDos6rvvJrjg53jg6rjgqvjg7zjg5zjg43jg7zjg4jntKDmnZDvvIjjgrfjgqfjg6vjgrjjg6PjgrHjg4Pjg4jvvIk8YnI+4pagIOmHjemHj++8mue0hDExZzxicj7ilqAg44K144Kk44K677ya57SEMTMuOCjpq5jjgZUpw5c2Ljgo5bmFKcOXMC43KOWlpeihjCljbTxicj7ilqAg6KO95ZOB5YaF5a6577ya44Op44OQ44O844Kz44O844OG44Kj44Oz44Kw44O744K344Kn44Or44K444Oj44Kx44OD44OI,44Os44Kk44O744Ki44Km44OIaVBob25lIDbnlKgg44Op44OQ44O844Kz44O844OG44Kj44Oz44Kw44O744K344Kn44Or44K444Oj44Kx44OD44OIIOODnuODg+ODiOODrOODg+ODiSBSVC1QN0M0L1LvvJrjgr3jg5Xjg57jg4Pjg5fmpb3lpKnluILloLTlupc=,44K944OV44Oe44OD44OXU29mbWFw44OR44K944Kz44Oz44K/44OW44Os44OD44OIUENIRETjgqLjgrvjg7Pjg5bjg6rjg5Hjg7zjg4Tjg5Hjgr3jgrPjg7Pjg5Hjg7zjg4Tjg4bjg6zjg5PjgrLjg7zjg6Djg5bjg6vjg7zjg6zjgqTjgr3jg5Xjg4hEVkTjgr3jg5Xjg4jmtrLmmbbjg4bjg6zjg5Pjg5bjg6vjg7zjg6zjgqTjg4fjgqPjgrnjgq/jg6zjgrPjg7zjg4Djg7zjg4fjgrjjgr/jg6vkuIDnnLzjg6zjg5Xjgqvjg6Hjg6njg4fjgrjjgr/jg6vjgqvjg6Hjg6nlrrbpm7vmmYLoqIjkuK3lj6TjgqLjgqbjg4jjg6zjg4Pjg4hpUGFkaVBob25l44Os44Kk44O744Ki44Km44OIaVBob25lIDbnlKgg44Op44OQ44O844Kz44O844OG44Kj44Oz44Kw44O744K344Kn44Or44K444Oj44Kx44OD44OIIOODnuODg+ODiOODrOODg+ODiSBSVC1QN0M0L1I=,44CA44CC44Os44Kk44O744Ki44Km44OIaVBob25lIDbnlKgg44Op44OQ44O844Kz44O844OG44Kj44Oz44Kw44O744K344Kn44Or44K444Oj44Kx44OD44OIIOODnuODg+ODiOODrOODg+ODiSBSVC1QN0M0L1I=[rn]
16-182888,aHR0cDovL3RzaG9wLnIxMHMuanAvZHRjL2NhYmluZXQvMjAxNzAyMDduMjQvNDk5NzYwNDAwMzAzMS5qcGc/Zml0aW49NzAwOjcwMA==,MTUwNC4wMDAw,,44K544Oe44O844OI44OV44Kp44Oz44O744K/44OW44Os44OD44OIID4g44K544Oe44O844OI44OV44Kp44Oz44Ki44Kv44K744K144Oq44O8ID4g44K544Oe44O844OI44OV44Kp44Oz44Kx44O844K5,44Ki44K544OH44OD44KvaVBob25lIDZz77yPNueUqCDjgrnjg6rjg6Ag44Os44K244O844Kx44O844K5IOODluODqeODg+OCryBTSC1TTDAxQks=,,44CUaVBob25lIDZz77yPNueUqO+8muOCuOODo+OCseODg+ODiCDjg53jgrHjg4Pjg4jjg7vjgrnjg4jjg6njg4Pjg5fjg5vjg7zjg6vku5jjgJU8YnI+5omx44GE44KE44GZ44GE6JaE5Z6L6Kit6KiI44CCPGJyPjxicj7ilqAg6JaE5Z6L6Kit6KiI44Gq44Gu44Gn44CBaVBob25lNlPjgajjga7kuIDkvZPmhJ/jgYzjgYLjgorjgIHjgYvjgZXjgbDjgormhJ/jgpLmipHliLY8YnI+4pagIOaJi+W4s+OCv+OCpOODl+OBruOCseODvOOCueOBqOavlOOBueOBpumWi+OBkemWieOCgeOBjOeEoeOBhOOBruOBp+OAgee0oOaXqeOBj+OAgemAmuipseOChOOCq+ODoeODqeaSruW9seOBjOWPr+iDveOBp+OBmeOAgjxicj7ilqAg5LyP44Gb44Gm572u44GE44Gm44KC55S76Z2i44GM5LiL44Gr5LuY44GL44Gq44GE44Gu44Gn44CB5rGa44KM44GM5LuY552A44GX44G+44Gb44KT44CCPGJyPuKWoCDjgrHjg7zjgrnjgavlj47ntI3jgZfjgZ/jgb7jgb5MaWdodG5pbmfmjqXntprjgIHjgqTjg6Tjg5vjg7PmjqXntprjgIHjgr/jg4Pjg4Hjg5Hjg43jg6vmk43kvZzjgIHjgqvjg6Hjg6nmkq7lvbHjgarjganlhajjgabjga7mk43kvZzjgYzlj6/og708YnI+4pagIOiDjOmdouOBq0lD44Kr44O844OJ44Gq44Gp44GM5Y+O57SN44Gn44GN44KL5Y+O57SN44Od44Kx44OD44OI5LuY44GN44CCPGJyPuKWoCDjgrnjg4jjg6njg4Pjg5fjg5vjg7zjg6vjgYzjgYLjgovjga7jgafjgIHjgYrlpb3jgb/jga7jgrnjg4jjg6njg4Pjg5fjgYzlj5bjgorku5jjgZHjgonjgozjgb7jgZnjgII8YnI+4pagIOS4i+mDqOOBq+OBr+iQveS4i+mYsuatouOBruOCueODiOODg+ODkeODvOS7mOOBjeOAgjxicj48YnI+4oC7IGlQaG9uZeacrOS9k+OBr+acrOWTgeS4i+WBtOOBruOCueODiOODg+ODkeODvOOCkuW8leOBjeWHuuOBl+OBpuOBi+OCieWPjue0jeOBl+OAgeW/heOBmuOCueODiOODg+ODkeODvOOCkuacrOWTgeWGhe+8iOWGheWBtO+8ieOBq+aKvOOBl+i+vOOCk+OBp+OBlOS9v+eUqOOBj+OBoOOBleOBhOOAgjxicj48YnI+44CQ5p2Q6LOq44CR5ZCI5oiQ55qu6Z2pKOODneODquOCpuODrOOCv+ODsyk8YnI+PGJyPuKWoOWvvuW/nOapn+eorjxicj5pUGhvbmUgNnPvvI8277yINC4344Kk44Oz44OB77yJ,44Ki44K544OH44OD44KvaVBob25lIDZz77yPNueUqCDjgrnjg6rjg6Ag44Os44K244O844Kx44O844K5IOODluODqeODg+OCryBTSC1TTDAxQkvvvJrjgr3jg5Xjg57jg4Pjg5fmpb3lpKnluILloLTlupc=,44K944OV44Oe44OD44OXU29mbWFw44OR44K944Kz44Oz44K/44OW44Os44OD44OIUENIRETjgqLjgrvjg7Pjg5bjg6rjg5Hjg7zjg4Tjg5Hjgr3jgrPjg7Pjg5Hjg7zjg4Tjg4bjg6zjg5PjgrLjg7zjg6Djg5bjg6vjg7zjg6zjgqTjgr3jg5Xjg4hEVkTjgr3jg5Xjg4jmtrLmmbbjg4bjg6zjg5Pjg5bjg6vjg7zjg6zjgqTjg4fjgqPjgrnjgq/jg6zjgrPjg7zjg4Djg7zjg4fjgrjjgr/jg6vkuIDnnLzjg6zjg5Xjgqvjg6Hjg6njg4fjgrjjgr/jg6vjgqvjg6Hjg6nlrrbpm7vmmYLoqIjkuK3lj6TjgqLjgqbjg4jjg6zjg4Pjg4hpUGFkaVBob25l44Ki44K544OH44OD44KvaVBob25lIDZz77yPNueUqCDjgrnjg6rjg6Ag44Os44K244O844Kx44O844K5IOODluODqeODg+OCryBTSC1TTDAxQks=,44Ki44K544OH44OD44KvaVBob25lIDZz77yPNueUqCDjgrnjg6rjg6Ag44Os44K244O844Kx44O844K5IOODluODqeODg+OCryBTSC1TTDAxQks=[rn]
16-182889,aHR0cDovL3RzaG9wLnIxMHMuanAvZHRjL2NhYmluZXQvMjAxNzAxMjduMi80NTgwMzk1MjkxOTAxLmpwZz9maXRpbj03MDA6NzAw,Mzk4NC4wMDAw,,44K544Oe44O844OI44OV44Kp44Oz44O744K/44OW44Os44OD44OIID4g44K544Oe44O844OI44OV44Kp44Oz44Ki44Kv44K744K144Oq44O8ID4g44K544Oe44O844OI44OV44Kp44Oz44Kx44O844K5,Q0FTRVBMQVlpUGhvbmUgNueUqCBGaWVsZCBDYXNlIOOCsOODrOODvCDDlyBTQ1JFRU4gUFJPVEVDVE9SIOODm+ODr+OCpOODiCBNQUdQVUw=,,44CUaVBob25lIDbnlKjvvJrjgrjjg6PjgrHjg4Pjg4jvvIbmtrLmmbbkv53orbfjg5XjgqPjg6vjg6DvvIjlvLfljJbjgqzjg6njgrnvvInjgJU8YnI+44K744Of44OP44O844OJ44K/44Kk44OX44Gu6aCR5LiI44Gq44Kx44O844K544CCPGJyPjxicj7ilqAg6auY6ICQ5LmF5oCn44Gu54ax5Y+v5aGR5oCn57Sg5p2Q44GrUC3jg57jgrDjga7jgojjgYbjgarjg6rjg5bjg4fjgrbjgqTjg7PjgafmnIDpq5jjga7jgrDjg6rjg4Pjg5fmgKfjgafjgZnjgII8YnI+4pagIOWPluOCiuS7mOOBkeODu+WPluOCiuWkluOBl+OBr+OCueODiuODg+ODl+W8j+OBp+ewoeWNmOOBquS4iuOAgeODneOCseODg+ODiOetieOBi+OCieOBruWHuuOBl+WFpeOCjOOCguW8leOBo+OBi+OBi+OCieOBmuOCueODoOODvOOCuuOBp+OBmeOAgjxicj7ilqAg44OH44K244Kk44Oz44O76KO96YCg44Go44KC44Gr57Gz5Zu96KO944Go44Gq44Gj44Gm44GE44G+44GZ44CCPGJyPuKWoCBTQ1JFRU4gUFJPVEVDVE9SPGJyPuODu+a2suaZtuWFqOmdouOCkuOCq+ODkOODvOOBp+OBjeOCi+OAguaMh+e0i+mYsuatouOBq+mjm+aVo+mYsuatouOAgeODqeOCpuODs+ODieOCqOODg+OCuOWKoOW3peOBp+WOmuOBv+OBjDAuMzNtbeOBruacgOW8t+ihqOmdouehrOW6pjEwSOW8t+WMluOCrOODqeOCueOBrjNE5puy6Z2i44Gr5a++5b+c44GV44Gb44Gf44Ks44Op44K544K544Kv44Oq44O844Oz44OX44Ot44OG44Kv44K/44O844CC,Q0FTRVBMQVlpUGhvbmUgNueUqCBGaWVsZCBDYXNlIOOCsOODrOODvCAmdGltZXM7IFNDUkVFTiBQUk9URUNUT1Ig44Ob44Ov44Kk44OIIE1BR1BVTO+8muOCveODleODnuODg+ODl+alveWkqeW4guWgtOW6lw==,44K944OV44Oe44OD44OXU29mbWFw44OR44K944Kz44Oz44K/44OW44Os44OD44OIUENIRETjgqLjgrvjg7Pjg5bjg6rjg5Hjg7zjg4Tjg5Hjgr3jgrPjg7Pjg5Hjg7zjg4Tjg4bjg6zjg5PjgrLjg7zjg6Djg5bjg6vjg7zjg6zjgqTjgr3jg5Xjg4hEVkTjgr3jg5Xjg4jmtrLmmbbjg4bjg6zjg5Pjg5bjg6vjg7zjg6zjgqTjg4fjgqPjgrnjgq/jg6zjgrPjg7zjg4Djg7zjg4fjgrjjgr/jg6vkuIDnnLzjg6zjg5Xjgqvjg6Hjg6njg4fjgrjjgr/jg6vjgqvjg6Hjg6nlrrbpm7vmmYLoqIjkuK3lj6TjgqLjgqbjg4jjg6zjg4Pjg4hpUGFkaVBob25lQ0FTRVBMQVlpUGhvbmUgNueUqCBGaWVsZCBDYXNlIOOCsOODrOODvCAmdGltZXM7IFNDUkVFTiBQUk9URUNUT1Ig44Ob44Ov44Kk44OIIE1BR1BVTA==,Q0FTRVBMQVlpUGhvbmUgNueUqCBGaWVsZCBDYXNlIOOCsOODrOODvCAmdGltZXM7IFNDUkVFTiBQUk9URUNUT1Ig44Ob44Ov44Kk44OIIE1BR1BVTA==[rn]
16-182890,aHR0cDovL3RzaG9wLnIxMHMuanAvZHRjL2NhYmluZXQvMjAxNDEyMDZhLzQ1NjIzNTgwNzg3MjkuanBnP2ZpdGluPTcwMDo3MDA=,MTA3NC40MDAw,,44K544Oe44O844OI44OV44Kp44Oz44O744K/44OW44Os44OD44OIID4g44K544Oe44O844OI44OV44Kp44Oz44Ki44Kv44K744K144Oq44O8ID4g44K544Oe44O844OI44OV44Kp44Oz44Kx44O844K5,UEdBaVBob25lIDYgKDQuN+OCpOODs+ODgSnnlKjjgIDjg6njg5Djg7zjgrPjg7zjg4jjg4/jg7zjg4njgrHjg7zjgrkg44OH44Kj44K644OL44O844O744GP44G+44Gu44OX44O844GV44KT44CAUEctRENTODcyUE9P,44CA,44CUaVBob25lIDbnlKjvvJrjgrjjg6PjgrHjg4Pjg4jjgJUK44GP44G+44Gu44OX44O844GV44KT44Gu44Os44OI44Ot44Gq44Kz44Of44OD44Kv5p+E44GM54m56ZW344Gu5ruR44KK44Gr44GP44GE44Op44OQ44O844Kz44O844OG44Kj44Oz44Kw44KS5pa944GX44Gf44OP44O844OJ44Kx44O844K544CC,UEdBaVBob25lIDYgKDQuN+OCpOODs+ODgSnnlKjjgIDjg6njg5Djg7zjgrPjg7zjg4jjg4/jg7zjg4njgrHjg7zjgrkg44OH44Kj44K644OL44O844O744GP44G+44Gu44OX44O844GV44KT44CAUEctRENTODcyUE9P77ya44K944OV44Oe44OD44OX5qW95aSp5biC5aC05bqX,44K944OV44Oe44OD44OXU29mbWFw44OR44K944Kz44Oz44K/44OW44Os44OD44OIUENIRETjgqLjgrvjg7Pjg5bjg6rjg5Hjg7zjg4Tjg5Hjgr3jgrPjg7Pjg5Hjg7zjg4Tjg4bjg6zjg5PjgrLjg7zjg6Djg5bjg6vjg7zjg6zjgqTjgr3jg5Xjg4hEVkTjgr3jg5Xjg4jmtrLmmbbjg4bjg6zjg5Pjg5bjg6vjg7zjg6zjgqTjg4fjgqPjgrnjgq/jg6zjgrPjg7zjg4Djg7zjg4fjgrjjgr/jg6vkuIDnnLzjg6zjg5Xjgqvjg6Hjg6njg4fjgrjjgr/jg6vjgqvjg6Hjg6nlrrbpm7vmmYLoqIjkuK3lj6TjgqLjgqbjg4jjg6zjg4Pjg4hpUGFkaVBob25lUEdBaVBob25lIDYgKDQuN+OCpOODs+ODgSnnlKjjgIDjg6njg5Djg7zjgrPjg7zjg4jjg4/jg7zjg4njgrHjg7zjgrkg44OH44Kj44K644OL44O844O744GP44G+44Gu44OX44O844GV44KT44CAUEctRENTODcyUE9P,44CA44CCUEdBaVBob25lIDYgKDQuN+OCpOODs+ODgSnnlKjjgIDjg6njg5Djg7zjgrPjg7zjg4jjg4/jg7zjg4njgrHjg7zjgrkg44OH44Kj44K644OL44O844O744GP44G+44Gu44OX44O844GV44KT44CAUEctRENTODcyUE9P[rn]
16-182891,aHR0cDovL3RzaG9wLnIxMHMuanAvZHRjL2NhYmluZXQvMjAxNDA5MjBhLzQ1NjIzNTY5NTMzMTguanBnP2ZpdGluPTcwMDo3MDA=,MTI3Mi4wMDAw,,44K544Oe44O844OI44OV44Kp44Oz44O744K/44OW44Os44OD44OIID4g44K544Oe44O844OI44OV44Kp44Oz44Ki44Kv44K744K144Oq44O8ID4g44K544Oe44O844OI44OV44Kp44Oz44Kx44O844K5,44Os44Kk44O744Ki44Km44OIaVBob25lIDYgKDQuN+OCpOODs+ODgSnnlKgg44OV44Op44OD44OX44K/44Kk44OX44Os44K244O844K444Oj44Kx44OD44OI44CA44Ob44Ov44Kk44OI44CAUlQtUDdMQzEvVw==,44CA,44CUaVBob25l44Ki44Kv44K744K144Oq44O844CV,44Os44Kk44O744Ki44Km44OIaVBob25lIDYgKDQuN+OCpOODs+ODgSnnlKgg44OV44Op44OD44OX44K/44Kk44OX44Os44K244O844K444Oj44Kx44OD44OI44CA44Ob44Ov44Kk44OI44CAUlQtUDdMQzEvV++8muOCveODleODnuODg+ODl+alveWkqeW4guWgtOW6lw==,44K944OV44Oe44OD44OXU29mbWFw44OR44K944Kz44Oz44K/44OW44Os44OD44OIUENIRETjgqLjgrvjg7Pjg5bjg6rjg5Hjg7zjg4Tjg5Hjgr3jgrPjg7Pjg5Hjg7zjg4Tjg4bjg6zjg5PjgrLjg7zjg6Djg5bjg6vjg7zjg6zjgqTjgr3jg5Xjg4hEVkTjgr3jg5Xjg4jmtrLmmbbjg4bjg6zjg5Pjg5bjg6vjg7zjg6zjgqTjg4fjgqPjgrnjgq/jg6zjgrPjg7zjg4Djg7zjg4fjgrjjgr/jg6vkuIDnnLzjg6zjg5Xjgqvjg6Hjg6njg4fjgrjjgr/jg6vjgqvjg6Hjg6nlrrbpm7vmmYLoqIjkuK3lj6TjgqLjgqbjg4jjg6zjg4Pjg4hpUGFkaVBob25l44Os44Kk44O744Ki44Km44OIaVBob25lIDYgKDQuN+OCpOODs+ODgSnnlKgg44OV44Op44OD44OX44K/44Kk44OX44Os44K244O844K444Oj44Kx44OD44OI44CA44Ob44Ov44Kk44OI44CAUlQtUDdMQzEvVw==,44CA44CC44Os44Kk44O744Ki44Km44OIaVBob25lIDYgKDQuN+OCpOODs+ODgSnnlKgg44OV44Op44OD44OX44K/44Kk44OX44Os44K244O844K444Oj44Kx44OD44OI44CA44Ob44Ov44Kk44OI44CAUlQtUDdMQzEvVw==[rn]
16-182892,aHR0cDovL3RzaG9wLnIxMHMuanAvZHRjL2NhYmluZXQvMjAxNDEwMTJhLzQ5NDIzMjI1MzM1OTkuanBnP2ZpdGluPTcwMDo3MDA=,MTc5Mi4wMDAw,,44K544Oe44O844OI44OV44Kp44Oz44O744K/44OW44Os44OD44OIID4g44K544Oe44O844OI44OV44Kp44Oz44Ki44Kv44K744K144Oq44O8ID4g44K544Oe44O844OI44OV44Kp44Oz44Kx44O844K5,44Kq44Km44Or44OG44OD44KvaVBob25lIDYgKDQuN+OCpOODs+ODgSnnlKjjgIBCYW5kZeOCseODvOOCueOAgOODjeOCpOODk+ODvOOAgE9XTENWSVA0OFNQ,44CA,44CUaVBob25l44Ki44Kv44K744K144Oq44O844CV,44Kq44Km44Or44OG44OD44KvaVBob25lIDYgKDQuN+OCpOODs+ODgSnnlKjjgIBCYW5kZeOCseODvOOCueOAgOODjeOCpOODk+ODvOOAgE9XTENWSVA0OFNQ77ya44K944OV44Oe44OD44OX5qW95aSp5biC5aC05bqX,44K944OV44Oe44OD44OXU29mbWFw44OR44K944Kz44Oz44K/44OW44Os44OD44OIUENIRETjgqLjgrvjg7Pjg5bjg6rjg5Hjg7zjg4Tjg5Hjgr3jgrPjg7Pjg5Hjg7zjg4Tjg4bjg6zjg5PjgrLjg7zjg6Djg5bjg6vjg7zjg6zjgqTjgr3jg5Xjg4hEVkTjgr3jg5Xjg4jmtrLmmbbjg4bjg6zjg5Pjg5bjg6vjg7zjg6zjgqTjg4fjgqPjgrnjgq/jg6zjgrPjg7zjg4Djg7zjg4fjgrjjgr/jg6vkuIDnnLzjg6zjg5Xjgqvjg6Hjg6njg4fjgrjjgr/jg6vjgqvjg6Hjg6nlrrbpm7vmmYLoqIjkuK3lj6TjgqLjgqbjg4jjg6zjg4Pjg4hpUGFkaVBob25l44Kq44Km44Or44OG44OD44KvaVBob25lIDYgKDQuN+OCpOODs+ODgSnnlKjjgIBCYW5kZeOCseODvOOCueOAgOODjeOCpOODk+ODvOOAgE9XTENWSVA0OFNQ,44CA44CC44Kq44Km44Or44OG44OD44KvaVBob25lIDYgKDQuN+OCpOODs+ODgSnnlKjjgIBCYW5kZeOCseODvOOCueOAgOODjeOCpOODk+ODvOOAgE9XTENWSVA0OFNQ[rn]
16-182893,aHR0cDovL3RzaG9wLnIxMHMuanAvZHRjL2NhYmluZXQvMjAxNzAyMDduMjIvNDk4ODQ4MTc1NzgzNC5qcGc/Zml0aW49NzAwOjcwMA==,OTU4NC4wMDAw,,44K544Oe44O844OI44OV44Kp44Oz44O744K/44OW44Os44OD44OIID4g44K544Oe44O844OI44OV44Kp44Oz44Ki44Kv44K744K144Oq44O8ID4g44K544Oe44O844OI44OV44Kp44Oz44Kx44O844K5,44CQ6YCB5paZ54Sh5paZ44CR44OX44Oq44Oz44K544OI44OzaVBob25lIDZz77yPNueUqCDjg6Ljg5DjgqTjg6vjg5Djg4Pjg4bjg6rjg7zjgrHjg7zjgrkgMjYwMG1BaCDjg5bjg6njg4Pjgq8gUFdSQy1JUEg2Uy1CTEs=,,44CUaVBob25lIDZz77yPNueUqO+8muODkOODg+ODhuODquODvOWGheiUteOCseODvOOCueOAlTxicj7jg6bjg4vjg7zjgq/jgarlj6/li5XlvI/jg5fjg6njgrDjgpLmkK3ovInjgZfjgZ9pUGhvbmU2cy825bCC55So44Gu44OQ44OD44OG44Oq44O85YaF6JS144Kx44O844K544CCPGJyPjxicj7ilqAg5pys6KO95ZOB44Gv44CB57GzUHJvbmfnpL7oo73jga5pUGhvbmUgNnMvNueUqOODkOODg+ODhuODquODvOWGheiUteOCseODvOOCueOBp+OBmeOAgjxicj7lj6/li5XlvI9BQ+ODl+ODqeOCsOOCkuOCseODvOOCueOBq+aQrei8ieOBl+OBpuOBiuOCiuOAgeOCseODvOODluODq+OCkuS9v+OCj+OBmuebtOaOpeOCs+ODs+OCu+ODs+ODiOOBuOaMv+OBl+OBpuWFhembu+WPr+iDveOBp+OBmeOAgjxicj7ilqAg552A6ISx5Y+v6IO944Gq44Kx44O844K544Go44OQ44OD44OG44Oq44O8PGJyPuODneODquOCq+ODvOODnOODjeODvOODiOijveOCseODvOOCueOBqOODkOODg+ODhuODquODvOOBrjLjgaTjga7jg6bjg4vjg4Pjg4jjgavjgojjgormp4vmiJDjgZXjgozjgabjgYTjgb7jgZnjgIIy44Gk44Gu44Om44OL44OD44OI44Gv552A6ISx5Y+v6IO944Gq44Gf44KB44CB44K344O844Oz44Gr5b+c44GY44Gm5L2/44GE5YiG44GR44GM5Y+v6IO944Gn44GZ44CCPGJyPuKWoCDjg5Djg4Pjg4bjg6rjg7zmrovph4/jgpJMRUTooajnpLrjgafnorroqo3lj6/og708YnI+44OQ44OD44OG44Oq44O85q6L6YeP44KSNOautemajuOBq+ihqOekuuOBmeOCi+OBruOBp+OAgeWFhembu+OBjOW/heimgeOBquOCv+OCpOODn+ODs+OCsOOBjOOBmeOBkOOBq+WIhuOBi+OCiuOBvuOBmeOAgjxicj7ilqAg5Y+v5YuV5byPQUPjg5fjg6njgrDmkK3ovIk8YnI+5oqY44KK44Gf44Gf44G/44Gn44GN44KLQUPjg5fjg6njgrDjgpLmkK3ovInjgZfjgabjgYTjgovjga7jgafjgIHjgrPjg7Pjgrvjg7Pjg4jjgavnm7TmjL/jgZdPS+OAguS9v+OCj+OBquOBhOaZguOBr+ODleODqeODg+ODiOOBq+OBl+OBpuaMgeOBoemBi+OBs+OBp+OBjeOBvuOBmeOAgjxicj7ilqAg6YCf5YWF6Zu75a++5b+cPGJyPjVWLzFB44Gu5Ye65Yqb44Gn5oCl6YCf5YWF6Zu744Gr5a++5b+c44GX44Gm44GK44KK44CB44OQ44OD44OG44Oq44O844G444Gu5a6M5YWo5YWF6Zu744G+44Gn57SEMuaZgumWk+OAguODkOODg+ODhuODquODvOOBjOODleODq+WFhembu+OBrueKtuaFi+OBp+OAgWlQaG9uZeOCkue0hDEwMO+8heOBvuOBp+WFhembu+OBmeOCi+OBn+OCgeOBq+imgeOBmeOCi+aZgumWk+OBr+e0hDHmmYLplpPjgafjgZnjgII8YnI+4pagIE1pY3JvVVNC5a++5b+cPGJyPuS7mOWxnuOBrk1pY3JvVVNC44Kx44O844OW44Or44Gn44CBVVNC57Wm6Zu75qmf5Zmo44Go44OQ44OD44OG44Oq44O844KS5o6l57aa44GX44Gm5YWF6Zu75Y+v6IO944Gn44GZ44CC44OQ44OD44OG44Oq44O844GoaVBob25l44GM5o6l57aa44GV44KM44Gm44GE44KL54q25oWL44GnTWljcm9VU0LjgrHjg7zjg5bjg6vjgafjg5Hjgr3jgrPjg7PjgavmjqXntprjgZnjgozjgbDjgIFpUGhvbmXjgbjjga7jg4fjg7zjgr/ou6LpgIHjgoLlj6/og73jgafjgZnjgII8YnI+4pagIOOCpOODpOODleOCqeODs+W7tumVt+OCseODvOODluODq+S7mOWxnjxicj7jgqTjg6Tjg5Xjgqnjg7Plu7bplbfjgrHjg7zjg5bjg6vku5jlsZ48YnI+4pagIOaXpeacrOato+imj+S7o+eQhuW6l+WTgTxicj7ml6XmnKzmraPopo/ku6PnkIblupflk4Eo5qCq5byP5Lya56S+44OX44Oq44Oz44K544OI44OzKeOBqOOBquOCiuOBvuOBmeOAgjxicj48YnI+44CQ5aSW5b2i5a+45rOVIChtbSnjgJHntIQoVyk3NXgoRCkyMHgoSCkxNTg8YnI+44CQ6LOq6YePIChnKeOAkee0hDEzNTxicj7jgJDpm7vmupDjgJEyNjAwbUFoIOODquODgeOCpuODoOODneODquODnuODvDxicj7jgJDlhaXlipvjgJExMDBWIDAuNUE8YnI+44CQ5Ye65Yqb44CRNVYgMS4wQTxicj7jgJDoqo3oqLzjgJFNYWRlIGZvciBpUGhvbmUg5Y+W5b6XPGJyPuOAkOODkOODg+ODhuODquODvOWuuemHj+OAkTI2MDBtQWjjgIDigLvjg5Djg4Pjg4bjg6rjg7zjga/mtojogJflk4Hjga7jgZ/jgoHkv53oqLzjga7lr77osaHjgavjgarjgorjgb7jgZvjgpPjgII8YnI+44CQ5L+d6Ki85pyf6ZaT44CRMeW5tOmWkzxicj7jgJDlkIzmorHlk4HjgJFpUGhvbmXjgrHjg7zjgrnjgIHjg5Djg4Pjg4bjg6rjg7zmnKzkvZPjgIHlhYXpm7sr5ZCM5pyf55SobWljcm9VU0LjgrHjg7zjg5bjg6vjgIHjgqTjg6Tjg5Xjgqnjg7Plu7bplbfjgrHjg7zjg5bjg6vjgIHjg6bjg7zjgrbjg7zjgrrjgqzjgqTjg4kv5L+d6Ki85pu4PGJyPjxicj7ilqDlr77lv5zmqZ/nqK48YnI+aVBob25lIDZz77yPNu+8iDQuN+OCpOODs+ODge+8iQ==,44CQ6YCB5paZ54Sh5paZ44CR44OX44Oq44Oz44K544OI44OzaVBob25lIDZz77yPNueUqCDjg6Ljg5DjgqTjg6vjg5Djg4Pjg4bjg6rjg7zjgrHjg7zjgrkgMjYwMG1BaCDjg5bjg6njg4Pjgq8gUFdSQy1JUEg2Uy1CTEvvvJrjgr3jg5Xjg57jg4Pjg5fmpb3lpKnluILloLTlupc=,44K944OV44Oe44OD44OXU29mbWFw44OR44K944Kz44Oz44K/44OW44Os44OD44OIUENIRETjgqLjgrvjg7Pjg5bjg6rjg5Hjg7zjg4Tjg5Hjgr3jgrPjg7Pjg5Hjg7zjg4Tjg4bjg6zjg5PjgrLjg7zjg6Djg5bjg6vjg7zjg6zjgqTjgr3jg5Xjg4hEVkTjgr3jg5Xjg4jmtrLmmbbjg4bjg6zjg5Pjg5bjg6vjg7zjg6zjgqTjg4fjgqPjgrnjgq/jg6zjgrPjg7zjg4Djg7zjg4fjgrjjgr/jg6vkuIDnnLzjg6zjg5Xjgqvjg6Hjg6njg4fjgrjjgr/jg6vjgqvjg6Hjg6nlrrbpm7vmmYLoqIjkuK3lj6TjgqLjgqbjg4jjg6zjg4Pjg4hpUGFkaVBob25l44CQ6YCB5paZ54Sh5paZ44CR44OX44Oq44Oz44K544OI44OzaVBob25lIDZz77yPNueUqCDjg6Ljg5DjgqTjg6vjg5Djg4Pjg4bjg6rjg7zjgrHjg7zjgrkgMjYwMG1BaCDjg5bjg6njg4Pjgq8gUFdSQy1JUEg2Uy1CTEs=,44CQ6YCB5paZ54Sh5paZ44CR44OX44Oq44Oz44K544OI44OzaVBob25lIDZz77yPNueUqCDjg6Ljg5DjgqTjg6vjg5Djg4Pjg4bjg6rjg7zjgrHjg7zjgrkgMjYwMG1BaCDjg5bjg6njg4Pjgq8gUFdSQy1JUEg2Uy1CTEs=[rn]
16-182894,aHR0cDovL3RzaG9wLnIxMHMuanAvZHRjL2NhYmluZXQvMjAxNzAxMjduMS80NTcxNDMxNzc4OTY4LmpwZz9maXRpbj03MDA6NzAw,MTg5Ni4wMDAw,,44K544Oe44O844OI44OV44Kp44Oz44O744K/44OW44Os44OD44OIID4g44K544Oe44O844OI44OV44Kp44Oz44Ki44Kv44K744K144Oq44O8ID4g44K544Oe44O844OI44OV44Kp44Oz44Kx44O844K5,44K144Og44Op44Kk44Ov44O844Kv44K5aVBob25lIFNFIC8gNXMgLyA155SoIOOCrOODvOODq+OCuuOCt+ODquODvOOCuuOCseODvOOCuSBQbHVuZS4gUEwtQktJU0UtMTIwIOOCueOCv+ODs+ODieapn+iDvSDjg53jgrHjg4Pjg4jjg7vjgrnjg4jjg6njg4Pjg5fjg5vjg7zjg6vku5g=,,44CUaVBob25lIFNFIC8gNXMgLyA155So77ya44Kx44O844K544CVPGJyPuaJi+W4s+Wei+OCseODvOOCueOAgjxicj48YnI+4pag5a++5b+c5qmf56iuPGJyPmlQaG9uZSBTRSAvIDVzIC8gNQ==,44K144Og44Op44Kk44Ov44O844Kv44K5aVBob25lIFNFIC8gNXMgLyA155SoIOOCrOODvOODq+OCuuOCt+ODquODvOOCuuOCseODvOOCuSBQbHVuZS4gUEwtQktJU0UtMTIwIOOCueOCv+ODs+ODieapn+iDvSDjg53jgrHjg4Pjg4jjg7vjgrnjg4jjg6njg4Pjg5fjg5vjg7zjg6vku5jvvJrjgr3jg5Xjg57jg4Pjg5fmpb3lpKnluILloLTlupc=,44K944OV44Oe44OD44OXU29mbWFw44OR44K944Kz44Oz44K/44OW44Os44OD44OIUENIRETjgqLjgrvjg7Pjg5bjg6rjg5Hjg7zjg4Tjg5Hjgr3jgrPjg7Pjg5Hjg7zjg4Tjg4bjg6zjg5PjgrLjg7zjg6Djg5bjg6vjg7zjg6zjgqTjgr3jg5Xjg4hEVkTjgr3jg5Xjg4jmtrLmmbbjg4bjg6zjg5Pjg5bjg6vjg7zjg6zjgqTjg4fjgqPjgrnjgq/jg6zjgrPjg7zjg4Djg7zjg4fjgrjjgr/jg6vkuIDnnLzjg6zjg5Xjgqvjg6Hjg6njg4fjgrjjgr/jg6vjgqvjg6Hjg6nlrrbpm7vmmYLoqIjkuK3lj6TjgqLjgqbjg4jjg6zjg4Pjg4hpUGFkaVBob25l44K144Og44Op44Kk44Ov44O844Kv44K5aVBob25lIFNFIC8gNXMgLyA155SoIOOCrOODvOODq+OCuuOCt+ODquODvOOCuuOCseODvOOCuSBQbHVuZS4gUEwtQktJU0UtMTIwIOOCueOCv+ODs+ODieapn+iDvSDjg53jgrHjg4Pjg4jjg7vjgrnjg4jjg6njg4Pjg5fjg5vjg7zjg6vku5g=,44K144Og44Op44Kk44Ov44O844Kv44K5aVBob25lIFNFIC8gNXMgLyA155SoIOOCrOODvOODq+OCuuOCt+ODquODvOOCuuOCseODvOOCuSBQbHVuZS4gUEwtQktJU0UtMTIwIOOCueOCv+ODs+ODieapn+iDvSDjg53jgrHjg4Pjg4jjg7vjgrnjg4jjg6njg4Pjg5fjg5vjg7zjg6vku5g=[rn]
16-182895,aHR0cDovL3RzaG9wLnIxMHMuanAvZHRjL2NhYmluZXQvMjAxNzAxMjZuMy80NTIyMjg1NDE3MjA2LmpwZz9maXRpbj03MDA6NzAw,Njc4NC4wMDAw,,44K544Oe44O844OI44OV44Kp44Oz44O744K/44OW44Os44OD44OIID4g44K544Oe44O844OI44OV44Kp44Oz44Ki44Kv44K744K144Oq44O8ID4g44K544Oe44O844OI44OV44Kp44Oz44Kx44O844K5,44CQ6YCB5paZ54Sh5paZ44CRR0lMRERFU0lHTiBpUGhvbmUgU0UgLyA1cyAvIDXnlKgg44K944Oq44OD44OJIOODgeOCv+ODsyA0MTcyMCBHSS0yNjBUIOOCueODiOODqeODg+ODl+ODm+ODvOODq+S7mA==,,44CUaVBob25lIFNFIC8gNXMgLyA155So77ya44K444Oj44Kx44OD44OI44CVPGJyPuOAjOOCueODnuODvOODiOODleOCqeODs+OCkuWuiOOCi+OAjeOCkuOCs+ODs+OCu+ODl+ODiOOBq+OBl+OBn+OCouODq+ODn+WJiuOCiuWHuuOBl+OCseODvOOCueOAgjxicj48YnI+4pagIOOCseODvOOCueacrOS9k+OCkuOCt+ODs+ODl+ODq+OBi+OBpOOCueOCv+OCpOODquODg+OCt+ODpeOBq+ioreioiOOBl+OAgWlQaG9uZVNFLzVzLzXmnKzmnaXjga7mk43kvZzmgKfjgpLmkI3jgarjgYbjgZPjgajjga7jgarjgYTjgojjgYbjgavoqK3oqIjjgZXjgozjgabjgYTjgb7jgZnjgII8YnI+4pagIOW/heimgeOBqumDqOWIhuOBq+OBr+WNgeWIhuOBquW8t+W6puOCkuaMgeOBn+OBm+OBpOOBpOOAgTMx44Kw44Op44Og44Go6Lu96YeP44Gr5LuV5LiK44GS44Gm44GE44G+44GZ44CCPGJyPuKWoCDmnZDmlpnjgavjga/oiKrnqbrmqZ/jgarjganjgavkvb/nlKjjgZXjgozjgovjgrjjg6Xjg6njg6vjg5/jg7PjgpLkvb/nlKjjgZfjgabjgYTjgb7jgZnjgII8YnI+5Zu95YaF44Oh44O844Kr44Gu5Y+k5rKz44K544Kr44Kk6KO944Gu44CM44K444Ol44Op44Or44Of44OzQTIwMTdT44CN44Gu54Sh5Z6i5p2Q44GL44KJ5YmK44KK5Ye644GX44Gf6Lu96YeP44Gn6auY5Ymb5oCn44Gu44Kx44O844K544GMIOOCueODnuODvOODiOODleOCqeODs+acrOS9k+OCkuWklumDqOOBruihneaSg+OBi+OCieWuiOOCiuOBvuOBmeOAgjxicj7ilqAg5Zu65a6a55So44Oc44Or44OI44Gr44Gv6ICQ5LmF5oCn44Gu6auY44GE44OY44Kt44K144Ot44OT44Ol44O844Op44O844Oc44Or44OI44KS5L2/55So44GX44Gm44GE44G+44GZ44CCPGJyPuOCt+ODquOCs+ODs+OCt+ODvOODiOOBr+ihneaSg+WQuOWPjuOBq+acgOmBqeOBqueJueauiuOCqOODqeOCueODiOODnuODvOOCkuS9v+eUqOOAguOBk+OBruOCt+ODvOODiOOCkueUqOOBhOOBpuODleODreODvOODhuOCo+ODs+OCsOODnuOCpuODs+ODiOOBq+OBmeOCi+OBk+OBqOOBp+W8t+OBhOihneaSg+OBi+OCieOCueODnuODvOODiOODleOCqeODs+acrOS9k+OCkuWuiOOCiuOBvuOBmeOAgjxicj7ilqAg6KGo6Z2i44Gu5Yem55CG44Gr44Gv6Zm95qW16YW45YyW55qu6Iac77yI44Ki44Or44Oe44Kk44OI77yJ44KS5pa944GX44G+44GZ44CCPGJyPuehrOizquOBruearuiGnOOCkuW9ouaIkOOBl+W8t+W6puOBqOiAkOS5heaAp+OCkumrmOOCgeOBpuOBhOOBvuOBmeOAgjxicj7ilqAgaVBob25lU0UvNXMvNeWvvuW/nOOCseODvOOCueOBq+OCguOCueODiOODqeODg+ODl+ODm+ODvOODq+OCkuaomea6luijheWCmeOAgjxicj7mraPpnaLlt6bkuIvjgavjgrnjg4jjg6njg4Pjg5fjgYzku5jjgZHjgozjgb7jgZnjga7jgafpgJroqbHkuK3jgoLpgqrprZTjgavjgarjgorjgb7jgZvjgpPjgILjg53jgrHjg4Pjg4jjgavjgoLjgrnjg6Djg7zjgrrjgavlhaXjgozjgovkuovjgYzlh7rmnaXjgb7jgZnjgII8YnI+PGJyPuOAkOadkOizquOAkeOCuOODpeODqeODq+ODn+ODs0EyMDE3UyggQm9keSAp772k44K544OG44Oz44Os44K5KCBib2x0cyApIDxicj7jgJDjgrXjgqTjgrrjgJExNDNtbcOXNzFtbcOXMTBtbTxicj7jgJDmnKzkvZPph43ph4/jgJEzMWc8YnI+44CQ6KO95ZOB5YaF5a6544CR44Kx44O844K55pys5L2TMVNFVOOAgeWwgueUqOODrOODs+ODgTHmnKzjgIHjg4jjg6vjgq/jgrnjg5zjg6vjg4jvvIjjgrnjg4bjg7Pjg6zjgrnoo73vvIk05pysK+S6iOWCmTHmnKzjgIHjgqjjg6njgrnjg4jjg57jg7zvvIjooZ3mkoPlkLjlj47mnZDvvIk15YCL44CB44K344Oq44Kz44Oz44K344O844OIM+aemuOAgeWPluOCiuaJseOBhOiqrOaYjuabuDxicj48YnI+4pag5a++5b+c5qmf56iuPGJyPmlQaG9uZSBTRSAvIDVzIC8gNQ==,44CQ6YCB5paZ54Sh5paZ44CRR0lMRERFU0lHTiBpUGhvbmUgU0UgLyA1cyAvIDXnlKgg44K944Oq44OD44OJIOODgeOCv+ODsyA0MTcyMCBHSS0yNjBUIOOCueODiOODqeODg+ODl+ODm+ODvOODq+S7mO+8muOCveODleODnuODg+ODl+alveWkqeW4guWgtOW6lw==,44K944OV44Oe44OD44OXU29mbWFw44OR44K944Kz44Oz44K/44OW44Os44OD44OIUENIRETjgqLjgrvjg7Pjg5bjg6rjg5Hjg7zjg4Tjg5Hjgr3jgrPjg7Pjg5Hjg7zjg4Tjg4bjg6zjg5PjgrLjg7zjg6Djg5bjg6vjg7zjg6zjgqTjgr3jg5Xjg4hEVkTjgr3jg5Xjg4jmtrLmmbbjg4bjg6zjg5Pjg5bjg6vjg7zjg6zjgqTjg4fjgqPjgrnjgq/jg6zjgrPjg7zjg4Djg7zjg4fjgrjjgr/jg6vkuIDnnLzjg6zjg5Xjgqvjg6Hjg6njg4fjgrjjgr/jg6vjgqvjg6Hjg6nlrrbpm7vmmYLoqIjkuK3lj6TjgqLjgqbjg4jjg6zjg4Pjg4hpUGFkaVBob25l44CQ6YCB5paZ54Sh5paZ44CRR0lMRERFU0lHTiBpUGhvbmUgU0UgLyA1cyAvIDXnlKgg44K944Oq44OD44OJIOODgeOCv+ODsyA0MTcyMCBHSS0yNjBUIOOCueODiOODqeODg+ODl+ODm+ODvOODq+S7mA==,44CQ6YCB5paZ54Sh5paZ44CRR0lMRERFU0lHTiBpUGhvbmUgU0UgLyA1cyAvIDXnlKgg44K944Oq44OD44OJIOODgeOCv+ODsyA0MTcyMCBHSS0yNjBUIOOCueODiOODqeODg+ODl+ODm+ODvOODq+S7mA==[rn]
16-182896,,MTgxNi4wMDAw,,44K544Oe44O844OI44OV44Kp44Oz44O744K/44OW44Os44OD44OIID4g44K544Oe44O844OI44OV44Kp44Oz44Ki44Kv44K744K144Oq44O8ID4g44K544Oe44O844OI44OV44Kp44Oz44Kx44O844K5,44Os44Kk44Ki44Km44OIaVBob25lIFNFIC8gNXMgLyA155SoIOaJi+W4s+Wei+OCseODvOOCuSDjg5XjgqHjg5bjg6rjg4Pjgq8g5biG5biDIOOCq+ODvOOCreODu+OCsOODquODvOODsyBSVC1QMTFGQkMyL0cg44Od44Kx44OD44OI44O744K544OI44Op44OD44OX44Ob44O844Or5LuY,,44CUaVBob25lIFNFIC8gNXMgLyA155So77ya44Kx44O844K544CVPGJyPuS9v+OBiOOBsOS9v+OBhuOBu+OBqemiqOWQiOOBhOOCkuWil+OBl+OAgeWRs+OCj+OBhOOBjOOBp+OBpuOBj+OCi+W4huW4g+OCkuS9v+eUqOOBl+OBn+OCseODvOOCueOAgjxicj48YnI+6JOL44Gu6ZaL6ZaJ44KS6Ziy44GQ44OZ44Or44OI44K544OK44OD44OX5LuY44GN44Gn44GZ44CCPGJyPjxicj7ilqAg5biG5biDPGJyPuKWoCBJQ+OCq+ODvOODieODneOCseODg+ODiOS7mOOBjTxicj7ilqAg5Y+O57SN44Od44Kx44OD44OI5LuY44GNPGJyPuKWoCDjgrnjg4jjg6njg4Pjg5fjg5vjg7zjg6vku5jjgY08YnI+PGJyPuOAkOadkOizquOAkee2v+OAgeODneODquOCpuODrOOCv+ODs+e0oOadkOOAgeODneODquOCq+ODvOODnOODjeODvOODiOe0oOadkDxicj7jgJDph43ph4/jgJHntIQgNThnPGJyPuOAkOOCteOCpOOCuuOAkee0hCAxMyjpq5jjgZUpw5cgNyjluYUpw5cgMS43KOWlpeihjCljbTxicj7jgJDoo73lk4HlhoXlrrnjgJHmiYvluLPlnovjgrHjg7zjgrkg44OV44Kh44OW44Oq44OD44KvIOW4huW4gw==,44Os44Kk44Ki44Km44OIaVBob25lIFNFIC8gNXMgLyA155SoIOaJi+W4s+Wei+OCseODvOOCuSDjg5XjgqHjg5bjg6rjg4Pjgq8g5biG5biDIOOCq+ODvOOCreODu+OCsOODquODvOODsyBSVC1QMTFGQkMyL0cg44Od44Kx44OD44OI44O744K544OI44Op44OD44OX44Ob44O844Or5LuY77ya44K944OV44Oe44OD44OX5qW95aSp5biC5aC05bqX,44K944OV44Oe44OD44OXU29mbWFw44OR44K944Kz44Oz44K/44OW44Os44OD44OIUENIRETjgqLjgrvjg7Pjg5bjg6rjg5Hjg7zjg4Tjg5Hjgr3jgrPjg7Pjg5Hjg7zjg4Tjg4bjg6zjg5PjgrLjg7zjg6Djg5bjg6vjg7zjg6zjgqTjgr3jg5Xjg4hEVkTjgr3jg5Xjg4jmtrLmmbbjg4bjg6zjg5Pjg5bjg6vjg7zjg6zjgqTjg4fjgqPjgrnjgq/jg6zjgrPjg7zjg4Djg7zjg4fjgrjjgr/jg6vkuIDnnLzjg6zjg5Xjgqvjg6Hjg6njg4fjgrjjgr/jg6vjgqvjg6Hjg6nlrrbpm7vmmYLoqIjkuK3lj6TjgqLjgqbjg4jjg6zjg4Pjg4hpUGFkaVBob25l44Os44Kk44Ki44Km44OIaVBob25lIFNFIC8gNXMgLyA155SoIOaJi+W4s+Wei+OCseODvOOCuSDjg5XjgqHjg5bjg6rjg4Pjgq8g5biG5biDIOOCq+ODvOOCreODu+OCsOODquODvOODsyBSVC1QMTFGQkMyL0cg44Od44Kx44OD44OI44O744K544OI44Op44OD44OX44Ob44O844Or5LuY,44Os44Kk44Ki44Km44OIaVBob25lIFNFIC8gNXMgLyA155SoIOaJi+W4s+Wei+OCseODvOOCuSDjg5XjgqHjg5bjg6rjg4Pjgq8g5biG5biDIOOCq+ODvOOCreODu+OCsOODquODvOODsyBSVC1QMTFGQkMyL0cg44Od44Kx44OD44OI44O744K544OI44Op44OD44OX44Ob44O844Or5LuY[rn]
16-182897,,MTgxNi4wMDAw,,44K544Oe44O844OI44OV44Kp44Oz44O744K/44OW44Os44OD44OIID4g44K544Oe44O844OI44OV44Kp44Oz44Ki44Kv44K744K144Oq44O8ID4g44K544Oe44O844OI44OV44Kp44Oz44Kx44O844K5,44Os44Kk44Ki44Km44OIaVBob25lIFNFIC8gNXMgLyA155SoIOaJi+W4s+Wei+OCseODvOOCuSDjg5XjgqHjg5bjg6rjg4Pjgq8g5biG5biDIOODjeOCpOODk+ODvCBSVC1QMTFGQkMyL04g44Od44Kx44OD44OI44O744K544OI44Op44OD44OX44Ob44O844Or5LuY,,44CUaVBob25lIFNFIC8gNXMgLyA155So77ya44Kx44O844K544CVPGJyPuS9v+OBiOOBsOS9v+OBhuOBu+OBqemiqOWQiOOBhOOCkuWil+OBl+OAgeWRs+OCj+OBhOOBjOOBp+OBpuOBj+OCi+W4huW4g+OCkuS9v+eUqOOBl+OBn+OCseODvOOCueOAgjxicj48YnI+6JOL44Gu6ZaL6ZaJ44KS6Ziy44GQ44OZ44Or44OI44K544OK44OD44OX5LuY44GN44Gn44GZ44CCPGJyPjxicj7ilqAg5biG5biDPGJyPuKWoCBJQ+OCq+ODvOODieODneOCseODg+ODiOS7mOOBjTxicj7ilqAg5Y+O57SN44Od44Kx44OD44OI5LuY44GNPGJyPuKWoCDjgrnjg4jjg6njg4Pjg5fjg5vjg7zjg6vku5jjgY08YnI+PGJyPuOAkOadkOizquOAkee2v+OAgeODneODquOCpuODrOOCv+ODs+e0oOadkOOAgeODneODquOCq+ODvOODnOODjeODvOODiOe0oOadkDxicj7jgJDph43ph4/jgJHntIQgNThnPGJyPuOAkOOCteOCpOOCuuOAkee0hCAxMyjpq5jjgZUpw5cgNyjluYUpw5cgMS43KOWlpeihjCljbTxicj7jgJDoo73lk4HlhoXlrrnjgJHmiYvluLPlnovjgrHjg7zjgrkg44OV44Kh44OW44Oq44OD44KvIOW4huW4gw==,44Os44Kk44Ki44Km44OIaVBob25lIFNFIC8gNXMgLyA155SoIOaJi+W4s+Wei+OCseODvOOCuSDjg5XjgqHjg5bjg6rjg4Pjgq8g5biG5biDIOODjeOCpOODk+ODvCBSVC1QMTFGQkMyL04g44Od44Kx44OD44OI44O744K544OI44Op44OD44OX44Ob44O844Or5LuY77ya44K944OV44Oe44OD44OX5qW95aSp5biC5aC05bqX,44K944OV44Oe44OD44OXU29mbWFw44OR44K944Kz44Oz44K/44OW44Os44OD44OIUENIRETjgqLjgrvjg7Pjg5bjg6rjg5Hjg7zjg4Tjg5Hjgr3jgrPjg7Pjg5Hjg7zjg4Tjg4bjg6zjg5PjgrLjg7zjg6Djg5bjg6vjg7zjg6zjgqTjgr3jg5Xjg4hEVkTjgr3jg5Xjg4jmtrLmmbbjg4bjg6zjg5Pjg5bjg6vjg7zjg6zjgqTjg4fjgqPjgrnjgq/jg6zjgrPjg7zjg4Djg7zjg4fjgrjjgr/jg6vkuIDnnLzjg6zjg5Xjgqvjg6Hjg6njg4fjgrjjgr/jg6vjgqvjg6Hjg6nlrrbpm7vmmYLoqIjkuK3lj6TjgqLjgqbjg4jjg6zjg4Pjg4hpUGFkaVBob25l44Os44Kk44Ki44Km44OIaVBob25lIFNFIC8gNXMgLyA155SoIOaJi+W4s+Wei+OCseODvOOCuSDjg5XjgqHjg5bjg6rjg4Pjgq8g5biG5biDIOODjeOCpOODk+ODvCBSVC1QMTFGQkMyL04g44Od44Kx44OD44OI44O744K544OI44Op44OD44OX44Ob44O844Or5LuY,44Os44Kk44Ki44Km44OIaVBob25lIFNFIC8gNXMgLyA155SoIOaJi+W4s+Wei+OCseODvOOCuSDjg5XjgqHjg5bjg6rjg4Pjgq8g5biG5biDIOODjeOCpOODk+ODvCBSVC1QMTFGQkMyL04g44Od44Kx44OD44OI44O744K544OI44Op44OD44OX44Ob44O844Or5LuY[rn]
16-182898,aHR0cDovL3RzaG9wLnIxMHMuanAvZHRjL2NhYmluZXQvMDAyOTU3MTAvNDU2MjM1Njg5NjgwNi5qcGc/Zml0aW49NzAwOjcwMA==,MTE5Mi4wMDAw,,44K544Oe44O844OI44OV44Kp44Oz44O744K/44OW44Os44OD44OIID4g44K544Oe44O844OI44OV44Kp44Oz44Ki44Kv44K744K144Oq44O8ID4g44K544Oe44O844OI44OV44Kp44Oz44Kx44O844K5,44Os44Kk44O744Ki44Km44OIIGlQaG9uZSA155SoIOODoeODg+OCt+ODpeODrOOCtuODvOOCuOODo+OCseODg+ODiCDjg5bjg4Pjgq/jgqvjg5Djg7zjgr/jgqTjg5cgKOODgOODvOOCr+ODluODqeOCpuODsykgUlQtUDVMQzMvSyBbaVBob25l44Kx44O844K5XQ==,44CA,aVBob25lIDXnlKjjgIHnt6jovrzjgb/jg6Hjg4Pjgrfjg6XjgYznibnlvrTnmoTjgarjg6zjgrbjg7zjgrjjg6PjgrHjg4Pjg4jjgILvvIjjg4Djg7zjgq/jg5bjg6njgqbjg7PvvIk=,44Os44Kk44O744Ki44Km44OIIGlQaG9uZSA155SoIOODoeODg+OCt+ODpeODrOOCtuODvOOCuOODo+OCseODg+ODiCDjg5bjg4Pjgq/jgqvjg5Djg7zjgr/jgqTjg5cgKOODgOODvOOCr+ODluODqeOCpuODsykgUlQtUDVMQzMvSyBbaVBob25l44Kx44O844K5Xe+8muOCveODleODnuODg+ODl+alveWkqeW4guWgtOW6lw==,44K944OV44Oe44OD44OXU29mbWFw44OR44K944Kz44Oz44K/44OW44Os44OD44OIUENIRETjgqLjgrvjg7Pjg5bjg6rjg5Hjg7zjg4Tjg5Hjgr3jgrPjg7Pjg5Hjg7zjg4Tjg4bjg6zjg5PjgrLjg7zjg6Djg5bjg6vjg7zjg6zjgqTjgr3jg5Xjg4hEVkTjgr3jg5Xjg4jmtrLmmbbjg4bjg6zjg5Pjg5bjg6vjg7zjg6zjgqTjg4fjgqPjgrnjgq/jg6zjgrPjg7zjg4Djg7zjg4fjgrjjgr/jg6vkuIDnnLzjg6zjg5Xjgqvjg6Hjg6njg4fjgrjjgr/jg6vjgqvjg6Hjg6nlrrbpm7vmmYLoqIjkuK3lj6TjgqLjgqbjg4jjg6zjg4Pjg4hpUGFkaVBob25l44Os44Kk44O744Ki44Km44OIIGlQaG9uZSA155SoIOODoeODg+OCt+ODpeODrOOCtuODvOOCuOODo+OCseODg+ODiCDjg5bjg4Pjgq/jgqvjg5Djg7zjgr/jgqTjg5cgKOODgOODvOOCr+ODluODqeOCpuODsykgUlQtUDVMQzMvSyBbaVBob25l44Kx44O844K5XQ==,44CA44CC44Os44Kk44O744Ki44Km44OIIGlQaG9uZSA155SoIOODoeODg+OCt+ODpeODrOOCtuODvOOCuOODo+OCseODg+ODiCDjg5bjg4Pjgq/jgqvjg5Djg7zjgr/jgqTjg5cgKOODgOODvOOCr+ODluODqeOCpuODsykgUlQtUDVMQzMvSyBbaVBob25l44Kx44O844K5XQ==[rn]
16-182899,aHR0cDovL3RzaG9wLnIxMHMuanAvZHRjL2NhYmluZXQvMjAxNDA4MDJhLzQ1ODAzMDY4NzIwNjkuanBnP2ZpdGluPTcwMDo3MDA=,MTgyNC4wMDAw,,44K544Oe44O844OI44OV44Kp44Oz44O744K/44OW44Os44OD44OIID4g44K544Oe44O844OI44OV44Kp44Oz44Ki44Kv44K744K144Oq44O8ID4g44K544Oe44O844OI44OV44Kp44Oz44Kx44O844K5,5Z2C5pys44Op44OC44OyaVBob25lIDVz77yPNeeUqOOAgFN1cGVyIFRoaW4gUFUgTGVhdGhlciBDYXNlIO+8iOODm+ODr+OCpOODiO+8ieOAgO+8u0hlbGl1be+8veOAgEhMMTE0V0g=,44CA,44CUaVBob25lIDVz77yPNeeUqO+8muOCuOODo+OCseODg+ODiOOAlQrmnIDoloTpg6ggMS42bW0g5ZCI55qu44Os44K244O844Kx44O844K544CC77yI44Ob44Ov44Kk44OI77yJ,5Z2C5pys44Op44OC44OyaVBob25lIDVz77yPNeeUqOOAgFN1cGVyIFRoaW4gUFUgTGVhdGhlciBDYXNlIO+8iOODm+ODr+OCpOODiO+8ieOAgO+8u0hlbGl1be+8veOAgEhMMTE0V0jvvJrjgr3jg5Xjg57jg4Pjg5fmpb3lpKnluILloLTlupc=,44K944OV44Oe44OD44OXU29mbWFw44OR44K944Kz44Oz44K/44OW44Os44OD44OIUENIRETjgqLjgrvjg7Pjg5bjg6rjg5Hjg7zjg4Tjg5Hjgr3jgrPjg7Pjg5Hjg7zjg4Tjg4bjg6zjg5PjgrLjg7zjg6Djg5bjg6vjg7zjg6zjgqTjgr3jg5Xjg4hEVkTjgr3jg5Xjg4jmtrLmmbbjg4bjg6zjg5Pjg5bjg6vjg7zjg6zjgqTjg4fjgqPjgrnjgq/jg6zjgrPjg7zjg4Djg7zjg4fjgrjjgr/jg6vkuIDnnLzjg6zjg5Xjgqvjg6Hjg6njg4fjgrjjgr/jg6vjgqvjg6Hjg6nlrrbpm7vmmYLoqIjkuK3lj6TjgqLjgqbjg4jjg6zjg4Pjg4hpUGFkaVBob25l5Z2C5pys44Op44OC44OyaVBob25lIDVz77yPNeeUqOOAgFN1cGVyIFRoaW4gUFUgTGVhdGhlciBDYXNlIO+8iOODm+ODr+OCpOODiO+8ieOAgO+8u0hlbGl1be+8veOAgEhMMTE0V0g=,44CA44CC5Z2C5pys44Op44OC44OyaVBob25lIDVz77yPNeeUqOOAgFN1cGVyIFRoaW4gUFUgTGVhdGhlciBDYXNlIO+8iOODm+ODr+OCpOODiO+8ieOAgO+8u0hlbGl1be+8veOAgEhMMTE0V0g=[rn]
16-182900,aHR0cDovL3RzaG9wLnIxMHMuanAvZHRjL2NhYmluZXQvMjAxMzAyMjUwNi80NTYyMzU2OTAxMDY3LmpwZz9maXRpbj03MDA6NzAw,MTA4MC4wMDAw,,44K544Oe44O844OI44OV44Kp44Oz44O744K/44OW44Os44OD44OIID4g44K544Oe44O844OI44OV44Kp44Oz44Ki44Kv44K744K144Oq44O8ID4g44K544Oe44O844OI44OV44Kp44Oz44Kx44O844K5,44Os44Kk44O744Ki44Km44OIIGlQaG9uZSA155So44CA44K344Kn44Or44K444Oj44Kx44OD44OIIOOCpuODq+ODiOODqeOCueODquODoOODu+ODnuODg+ODiOODj+ODvOODieOCs+ODvOODhuOCo+ODs+OCsCDvvIjjg57jg4Pjg4jjg4Djg7zjgq/jg43jgqTjg5Pjg7zvvInjgIBSVC1QNUMyMS9ETg==,44CA,44CUaVBob25lIDXnlKjvvJrjgrjjg6PjgrHjg4Pjg4jvvIbmtrLmmbbkv53orbfjg5XjgqPjg6vjg6DjgJVpUGhvbmUgNeeUqOOAgeiDjOmdouOCkuOCreOCuuOBi+OCieWuiOOCi+OCt+OCp+ODq+OCuOODo+OCseODg+ODiOOAguOAkOOCpuODq+ODiOODqeOCueODquODoOODu+ODnuODg+ODiOODj+ODvOODieOCs+ODvOODhuOCo+ODs+OCsOOAke+8iOODnuODg+ODiOODgOODvOOCr+ODjeOCpOODk+ODvO+8iQ==,44Os44Kk44O744Ki44Km44OIIGlQaG9uZSA155So44CA44K344Kn44Or44K444Oj44Kx44OD44OIIOOCpuODq+ODiOODqeOCueODquODoOODu+ODnuODg+ODiOODj+ODvOODieOCs+ODvOODhuOCo+ODs+OCsCDvvIjjg57jg4Pjg4jjg4Djg7zjgq/jg43jgqTjg5Pjg7zvvInjgIBSVC1QNUMyMS9ETu+8muOCveODleODnuODg+ODl+alveWkqeW4guWgtOW6lw==,44K944OV44Oe44OD44OXU29mbWFw44OR44K944Kz44Oz44K/44OW44Os44OD44OIUENIRETjgqLjgrvjg7Pjg5bjg6rjg5Hjg7zjg4Tjg5Hjgr3jgrPjg7Pjg5Hjg7zjg4Tjg4bjg6zjg5PjgrLjg7zjg6Djg5bjg6vjg7zjg6zjgqTjgr3jg5Xjg4hEVkTjgr3jg5Xjg4jmtrLmmbbjg4bjg6zjg5Pjg5bjg6vjg7zjg6zjgqTjg4fjgqPjgrnjgq/jg6zjgrPjg7zjg4Djg7zjg4fjgrjjgr/jg6vkuIDnnLzjg6zjg5Xjgqvjg6Hjg6njg4fjgrjjgr/jg6vjgqvjg6Hjg6nlrrbpm7vmmYLoqIjkuK3lj6TjgqLjgqbjg4jjg6zjg4Pjg4hpUGFkaVBob25l44Os44Kk44O744Ki44Km44OIIGlQaG9uZSA155So44CA44K344Kn44Or44K444Oj44Kx44OD44OIIOOCpuODq+ODiOODqeOCueODquODoOODu+ODnuODg+ODiOODj+ODvOODieOCs+ODvOODhuOCo+ODs+OCsCDvvIjjg57jg4Pjg4jjg4Djg7zjgq/jg43jgqTjg5Pjg7zvvInjgIBSVC1QNUMyMS9ETg==,44CA44CC44Os44Kk44O744Ki44Km44OIIGlQaG9uZSA155So44CA44K344Kn44Or44K444Oj44Kx44OD44OIIOOCpuODq+ODiOODqeOCueODquODoOODu+ODnuODg+ODiOODj+ODvOODieOCs+ODvOODhuOCo+ODs+OCsCDvvIjjg57jg4Pjg4jjg4Djg7zjgq/jg43jgqTjg5Pjg7zvvInjgIBSVC1QNUMyMS9ETg==[rn]
