16-187101,aHR0cDovL3RzaG9wLnIxMHMuanAvcGMtZ29vZC9jYWJpbmV0L2lvc3lzX2cvbm9faXRlbS5qcGc/Zml0aW49NzAwOjcwMA==,MTM0NDAuMDAwMA==,,44K544Oe44O844OI44OV44Kp44Oz44O744K/44OW44Os44OD44OIID4g44K544Oe44O844OI44OV44Kp44Oz44Ki44Kv44K744K144Oq44O8ID4g44Gd44Gu5LuW,44CQ6YCB5paZ54Sh5paZ44CR5b2T56S+77yR6YCx6ZaT5L+d6Ki8W+S4reWPpELjg6njg7Pjgq9d4pagTU9UT1JPTEEgTU9UTyAzNjAgU01BUlRXQVRDSCAoNDZNTSBEQVJLL0xFQVRIRVIgQkxBQ0sp44CQ5ZGo6L665qmf5Zmo44CR5Lit5Y+k44CQ5Lit5Y+k44CRIOOAkCDjg5Hjgr3jgrPjg7PvvIbnmb3jg63jg6Djga7jgqTjgqrjgrfjgrkg44CR,44CQ5b2T56S+77yR6YCx6ZaT5L+d6Ki844CR,PGxpbmsg44CA44CA44CA44CA44CA44CA44CA44CA44CA44CA44CA44CA44CAPSIiIHJlbD0ic3R5bGVzaGVldCIgaHJlZj0iaHR0cDovL3d3dy5yYWt1dGVuLm5lLmpwL2dvbGQvcGMtZ29vZC9hc3NldHMvc3R5bGVzaGVldHMvaXRlbXMvc3R5bGUuY3NzIj4gIDx0YWJsZSDjgIDjgIDjgIDjgIDjgIDjgIDjgIDjgIDjgIDjgIDjgIDjgIDjgIAgY2xhc3M9ImNfX3RhYmxlIGNfX3RhYmxlLWJvcmRlcmVkIj48dHI+PHRoPk9TPC90aD48dGQ+QW5kcm9pZCBXZWFyPC90ZD48L3RyPjx0cj48dGg+Q1BVPC90aD48dGQ+VGV4YXMgSW5zdHJ1bWVudHMgT01BUDM8L3RkPjwvdHI+PHRyPjx0aD5SQU08L3RoPjx0ZD41MTJNQjwvdGQ+PC90cj48dHI+PHRoPuOCueODiOODrOODvOOCuDwvdGg+PHRkPjRHQjwvdGQ+PC90cj48dHI+PHRoPuOCteOCpOOCujwvdGg+PHRkPuOCseODvOOCueebtOW+hDQ2bW0g5Y6a44GVMTEuNW1tPC90ZD48L3RyPjx0cj48dGg+6YeN44GVPC90aD48dGQ+57SENDlnPC90ZD48L3RyPjx0cj48dGg+44OH44Kj44K544OX44Os44KkPC90aD48dGQ+57SEMS41NuOCpOODs+ODgea2suaZtigzMjB4MjkwKTwvdGQ+PC90cj48dHI+PHRoPldpcmVsZXNzPC90aD48dGQ+Qmx1ZXRvb3RoNC4wPC90ZD48L3RyPjx0cj48dGg+6Zu75rGgPC90aD48dGQ+MzIwbUFoPC90ZD48L3RyPjx0cj48dGg+44Gd44Gu5LuWPC90aD48dGQ+6Ziy5rC0MW08Zm9udCBzaXplPSItMSI+LzwvZm9udD7jg6/jgqTjg6Tjg6zjgrnlhYXpm7tRaTxmb250IHNpemU9Ii0xIj4vPC9mb250PuatqeaVsOioiDxmb250IHNpemU9Ii0xIj4vPC9mb250PuW/g+aLjeaVsOODouODi+OCv+ODvDxmb250IHNpemU9Ii0xIj4vPC9mb250PueSsOWig+WFieOCu+ODs+OCteODvDwvdGQ+PC90cj48L3RhYmxlIOOAgOOAgOOAgOOAgOOAgOOAgOOAgOOAgOOAgOOAgOOAgOOAgOOAgCA+ICA8dGFibGUg44CA44CA44CA44CA44CA44CA44CA44CA44CA44CA44CA44CA44CAIGNsYXNzPSJjX190YWJsZSBjX190YWJsZS1ib3JkZXJlZCI+ICA8dHI+PHRoPuS7mOWxnuWTgTwvdGg+PHRkPueusS/lhYXpm7vlmagv5YWF6Zu755So44OJ44OD44KvPC90ZD48L3RyPiAgPHRyPjx0aD7kv53oqLzmnJ/plpM8L3RoPjx0ZD7lvZPnpL7vvJHpgLHplpPkv53oqLw8YnI+5L+d6Ki844Gu6Kmz44GX44GE5YaF5a6544Gv44GT44Gh44KJ44Gn44GU56K66KqN44GP44Gg44GV44GEPC90ZD48L3RyPiAgPHRyPjx0aD7jgZ3jga7ku5bnibnoqJjkuovpoIU8L3RoPjx0ZD5tb3RvIDM2MCAxc3QgZ2VuZXJhdGlvbjpBbmRyb2lkIFdlYXLlr77lv5zmqZ/lmajjgajjgZfjgabliJ3jgoHjgablhoblvaLjga7jg4fjgqPjgrnjg5fjg6zjgqTjgpLmjqHnlKjjgZfjgZ9Nb3Rvcm9sYeOBruOCueODnuODvOODiOOCpuOCqeODg+ODgeOBp+OBmeOAgkFuZHJvaWQ0LjPku6XpmY3jga7jgrnjg57jg5vjgajpgKPli5XjgZfjgabjgrnjg57jg7zjg4jjgqbjgqnjg4Pjg4HkuIrjgYvjgonjgrnjg57jg5vjgpLmk43kvZzjgafjgY3jgb7jgZnjgILjgqrjgrfjg6Pjg6zjgarjg4fjgrbjgqTjg7PjgoIo44O74oiA44O7Ke+9su+9siEh44OH44K544ON44CCPC90ZD48L3RyPiAgPHRyPjx0aD7llYblk4HnirbmhYvjga7oqqzmmI48L3RoPjx0ZD7kuK3lj6TllYblk4HnibnmnInjga7ntYzlubTliqPljJbjgYzopovjgonjgozjgovnirbmhYvjgafjgZnjgYzjgIHpgJrluLjkvb/nlKjjgavjga/llY/poYzmnInjgorjgb7jgZvjgpPjgII8QlI+57WM5bm05Yqj5YyW44Gu6Kmz44GX44GE6Kqs5piO44Gv44GT44Gh44KJ44Gr44Gm44GU56K66KqN5LiL44GV44GEPEJSPuikh+aVsOWPsOWcqOW6q+OBl+OBpuOBhOOCi+WVhuWTgeOBruWGmeecn+OBq+mWouOBl+OBpuOBr+OAgeOBquOCi+OBueOBj+aomea6lueahOOBquWkluijheeKtuaFi+OBruOCguOBruOCkumBuOOCk+OBp+aSruW9seOBl+OBpuOBiuOCiuOBvuOBmeOAguWGmeecn+OBruWVhuWTgeOBr+OBiuaJi+WFg+OBq+WxiuOBj+WAi+S9k+OBqOOBhOOBhuOCj+OBkeOBp+OBr+W+oeW6p+OBhOOBvuOBm+OCk+OBruOBp+S6iOOCgeOBlOS6huaJv+S4i+OBleOBhOOAgjwvdGQ+PC90cj4gIDwvdGFibGUg44CA44CA44CA44CA44CA44CA44CA44CA44CA44CA44CA44CA44CAID4gIDxocj48dGFibGUgd2lkdGg9JzEwMCUnIGNlbGxzcGFjaW5nPSc1JyBjZWxscGFkZGluZz0nNSc+PHRyPjx0aCBiZ2NvbG9yPScjRDAwODA4Jz48Zm9udCBjb2xvcj0nI2ZmZmZmZic+77yB44GU5rOo5paH5YmN44Gr44GU56K66KqN44GP44Gg44GV44GEPC9mb250PjwvdGg+PC90cj48dHI+PHRkPuWun+mam+OBruWVhuWTgeOBqOeVsOOBquOCi+OCpOODoeODvOOCuOeUu+WDj+OCkuWIqeeUqOOBl+OBpuOBhOOCi+WgtOWQiOOBjOW+oeW6p+OBhOOBvuOBmeOAgjxicj7lvZPlupfjgIHlrp/lupfoiJfjgajoh6rnpL7jgrXjgqTjg4jjgpLlkKvjgoDlhbHmnInlnKjluqvjgajjgarjgorjgIHjgZTms6jmlofjga7jgr/jgqTjg5/jg7PjgrDjgavjgojjgaPjgabjga/llYblk4HjgpLjgZTnlKjmhI/jgafjgY3jgarjgYTloLTlkIjjgYzjgZTjgZbjgYTjgb7jgZnjgILjgZTnlKjmhI/lh7rmnaXjgarjgYvjgaPjgZ/loLTlkIjjgavjgaTjgY3jgb7jgZfjgabjga/jgIHjgZTms6jmlofjga7jgq3jg6Pjg7Pjgrvjg6vjgajjgZXjgZvjgabpoILjgY3jgb7jgZnjgILjgZ3jga7ku5bjgIHlvZPlupfjga7jgZTms6jmlofjga7mtYHjgozjgpLjg5rjg7zjgrjkuIvpg6jjgavjgabjgIHkuojjgoHjgZTnorroqo3jgY/jgaDjgZXjgYTjgII8L3RkPjwvdHI+PC90YWJsZT48YnI+,44CQ6YCB5paZ54Sh5paZ44CR5b2T56S+77yR6YCx6ZaT5L+d6Ki8W+S4reWPpELjg6njg7Pjgq9d4pagTU9UT1JPTEEgTU9UTyAzNjAgU01BUlRXQVRDSCAoNDZNTSBEQVJLL0xFQVRIRVIgQkxBQ0sp44CQ5ZGo6L665qmf5Zmo44CR5Lit5Y+k44CQ5Lit5Y+k44CRIOOAkCDjg5Hjgr3jgrPjg7PvvIbnmb3jg63jg6Djga7jgqTjgqrjgrfjgrkg44CR77ya5Lit5Y+k44OR44K944Kz44Oz44Go55m944Ot44Og44Gu44Kk44Kq44K344K5,44K544Oe44O844OI44OV44Kp44Oz44K544Oe44ObU0lN44OV44Oq44O855m944Ot44OgaVBob25lQW5kcm9pZOOCv+ODluODrOODg+ODiGlQYWTmkLrluK/pm7voqbHkuK3lj6Tjg5Hjgr3jgrPjg7Pjg47jg7zjg4jjg5Hjgr3jgrPjg7NpcG9kZG9jb21vc29mdGJhbmthdeODh+OCueOCr+ODiOODg+ODl+ODkeOCveOCs+ODs09mZmljZeS4reWPpFBD44Ki44Km44OI44Os44OD44OI44CQ6YCB5paZ54Sh5paZ44CR5b2T56S+77yR6YCx6ZaT5L+d6Ki8W+S4reWPpELjg6njg7Pjgq9d4pagTU9UT1JPTEEgTU9UTyAzNjAgU01BUlRXQVRDSCAoNDZNTSBEQVJLL0xFQVRIRVIgQkxBQ0sp44CQ5ZGo6L665qmf5Zmo44CR5Lit5Y+k44CQ5Lit5Y+k44CRIOOAkCDjg5Hjgr3jgrPjg7PvvIbnmb3jg63jg6Djga7jgqTjgqrjgrfjgrkg44CR,44CQ5b2T56S+77yR6YCx6ZaT5L+d6Ki844CR44CC44CQ6YCB5paZ54Sh5paZ44CR5b2T56S+77yR6YCx6ZaT5L+d6Ki8W+S4reWPpELjg6njg7Pjgq9d4pagTU9UT1JPTEEgTU9UTyAzNjAgU01BUlRXQVRDSCAoNDZNTSBEQVJLL0xFQVRIRVIgQkxBQ0sp44CQ5ZGo6L665qmf5Zmo44CR5Lit5Y+k44CQ5Lit5Y+k44CRIOOAkCDjg5Hjgr3jgrPjg7PvvIbnmb3jg63jg6Djga7jgqTjgqrjgrfjgrkg44CR[rn]
16-187102,aHR0cDovL3RzaG9wLnIxMHMuanAvcGMtZ29vZC9jYWJpbmV0L2lvc3lzX2cvbm9faXRlbS5qcGc/Zml0aW49NzAwOjcwMA==,MTM0NDAuMDAwMA==,,44K544Oe44O844OI44OV44Kp44Oz44O744K/44OW44Os44OD44OIID4g44K544Oe44O844OI44OV44Kp44Oz44Ki44Kv44K744K144Oq44O8ID4g44Gd44Gu5LuW,44CQ6YCB5paZ54Sh5paZ44CR5b2T56S+77yR44O25pyI6ZaT5L+d6Ki8W+S4reWPpELjg6njg7Pjgq9d4pagTU9UT1JPTEEgTW90b3JvbGEgTW90bzM2MCBEYXJrIE1ldGFsIChTdGFpbmxlc3MgU3RlZWwgd2l0aCBEYXJrIEZpbmlzaCnjgJDlkajovrrmqZ/lmajjgJHkuK3lj6TjgJDkuK3lj6TjgJEg44CQIOODkeOCveOCs+ODs++8hueZveODreODoOOBruOCpOOCquOCt+OCuSDjgJE=,44CQ5b2T56S+77yR44O25pyI6ZaT5L+d6Ki844CR,PGxpbmsg44CA44CA44CA44CA44CA44CA44CA44CA44CA44CA44CA44CA44CAPSIiIHJlbD0ic3R5bGVzaGVldCIgaHJlZj0iaHR0cDovL3d3dy5yYWt1dGVuLm5lLmpwL2dvbGQvcGMtZ29vZC9hc3NldHMvc3R5bGVzaGVldHMvaXRlbXMvc3R5bGUuY3NzIj4gIDx0YWJsZSDjgIDjgIDjgIDjgIDjgIDjgIDjgIDjgIDjgIDjgIDjgIDjgIDjgIAgY2xhc3M9ImNfX3RhYmxlIGNfX3RhYmxlLWJvcmRlcmVkIj48dHI+PHRoPk9TPC90aD48dGQ+QW5kcm9pZCBXZWFyPC90ZD48L3RyPjx0cj48dGg+Q1BVPC90aD48dGQ+VGV4YXMgSW5zdHJ1bWVudHMgT01BUDM8L3RkPjwvdHI+PHRyPjx0aD5SQU08L3RoPjx0ZD41MTJNQjwvdGQ+PC90cj48dHI+PHRoPuOCueODiOODrOODvOOCuDwvdGg+PHRkPjRHQjwvdGQ+PC90cj48dHI+PHRoPuOCteOCpOOCujwvdGg+PHRkPuOCseODvOOCueebtOW+hDQ2bW0g5Y6a44GVMTEuNW1tPC90ZD48L3RyPjx0cj48dGg+6YeN44GVPC90aD48dGQ+57SENDlnPC90ZD48L3RyPjx0cj48dGg+44OH44Kj44K544OX44Os44KkPC90aD48dGQ+57SEMS41NuOCpOODs+ODgea2suaZtigzMjB4MjkwKTwvdGQ+PC90cj48dHI+PHRoPldpcmVsZXNzPC90aD48dGQ+Qmx1ZXRvb3RoNC4wPC90ZD48L3RyPjx0cj48dGg+6Zu75rGgPC90aD48dGQ+MzIwbUFoPC90ZD48L3RyPjx0cj48dGg+44Gd44Gu5LuWPC90aD48dGQ+6Ziy5rC0MW08Zm9udCBzaXplPSItMSI+LzwvZm9udD7jg6/jgqTjg6Tjg6zjgrnlhYXpm7tRaTxmb250IHNpemU9Ii0xIj4vPC9mb250PuatqeaVsOioiDxmb250IHNpemU9Ii0xIj4vPC9mb250PuW/g+aLjeaVsOODouODi+OCv+ODvDxmb250IHNpemU9Ii0xIj4vPC9mb250PueSsOWig+WFieOCu+ODs+OCteODvDwvdGQ+PC90cj48L3RhYmxlIOOAgOOAgOOAgOOAgOOAgOOAgOOAgOOAgOOAgOOAgOOAgOOAgOOAgCA+ICA8dGFibGUg44CA44CA44CA44CA44CA44CA44CA44CA44CA44CA44CA44CA44CAIGNsYXNzPSJjX190YWJsZSBjX190YWJsZS1ib3JkZXJlZCI+ICA8dHI+PHRoPuS7mOWxnuWTgTwvdGg+PHRkPueusS/lhYXpm7vjgqLjg4Djg5fjgr8o5rW35aSW5LuV5qeYKS/lsILnlKjjg4njg4Pjgq8v44Oe44OL44Ol44Ki44OrPC90ZD48L3RyPiAgPHRyPjx0aD7kv53oqLzmnJ/plpM8L3RoPjx0ZD7lvZPnpL7vvJHjg7bmnIjplpPkv53oqLw8YnI+5L+d6Ki844Gu6Kmz44GX44GE5YaF5a6544Gv44GT44Gh44KJ44Gn44GU56K66KqN44GP44Gg44GV44GEPC90ZD48L3RyPiAgPHRyPjx0aD7jgZ3jga7ku5bnibnoqJjkuovpoIU8L3RoPjx0ZD48L3RkPjwvdHI+ICA8dHI+PHRoPuWVhuWTgeeKtuaFi+OBruiqrOaYjjwvdGg+PHRkPuS4reWPpOWVhuWTgeeJueacieOBrue1jOW5tOWKo+WMluOBjOimi+OCieOCjOOCi+eKtuaFi+OBp+OBmeOBjOOAgemAmuW4uOS9v+eUqOOBq+OBr+WVj+mhjOacieOCiuOBvuOBm+OCk+OAgjxCUj7ntYzlubTliqPljJbjga7oqbPjgZfjgYToqqzmmI7jga/jgZPjgaHjgonjgavjgabjgZTnorroqo3kuIvjgZXjgYQ8QlI+6KSH5pWw5Y+w5Zyo5bqr44GX44Gm44GE44KL5ZWG5ZOB44Gu5YaZ55yf44Gr6Zai44GX44Gm44Gv44CB44Gq44KL44G544GP5qiZ5rqW55qE44Gq5aSW6KOF54q25oWL44Gu44KC44Gu44KS6YG444KT44Gn5pKu5b2x44GX44Gm44GK44KK44G+44GZ44CC5YaZ55yf44Gu5ZWG5ZOB44Gv44GK5omL5YWD44Gr5bGK44GP5YCL5L2T44Go44GE44GG44KP44GR44Gn44Gv5b6h5bqn44GE44G+44Gb44KT44Gu44Gn5LqI44KB44GU5LqG5om/5LiL44GV44GE44CCPC90ZD48L3RyPiAgPC90YWJsZSDjgIDjgIDjgIDjgIDjgIDjgIDjgIDjgIDjgIDjgIDjgIDjgIDjgIAgPiAgPGhyPjx0YWJsZSB3aWR0aD0nMTAwJScgY2VsbHNwYWNpbmc9JzUnIGNlbGxwYWRkaW5nPSc1Jz48dHI+PHRoIGJnY29sb3I9JyNEMDA4MDgnPjxmb250IGNvbG9yPScjZmZmZmZmJz7vvIHjgZTms6jmlofliY3jgavjgZTnorroqo3jgY/jgaDjgZXjgYQ8L2ZvbnQ+PC90aD48L3RyPjx0cj48dGQ+5a6f6Zqb44Gu5ZWG5ZOB44Go55Ww44Gq44KL44Kk44Oh44O844K455S75YOP44KS5Yip55So44GX44Gm44GE44KL5aC05ZCI44GM5b6h5bqn44GE44G+44GZ44CCPGJyPuW9k+W6l+OAgeWun+W6l+iIl+OBqOiHquekvuOCteOCpOODiOOCkuWQq+OCgOWFseacieWcqOW6q+OBqOOBquOCiuOAgeOBlOazqOaWh+OBruOCv+OCpOODn+ODs+OCsOOBq+OCiOOBo+OBpuOBr+WVhuWTgeOCkuOBlOeUqOaEj+OBp+OBjeOBquOBhOWgtOWQiOOBjOOBlOOBluOBhOOBvuOBmeOAguOBlOeUqOaEj+WHuuadpeOBquOBi+OBo+OBn+WgtOWQiOOBq+OBpOOBjeOBvuOBl+OBpuOBr+OAgeOBlOazqOaWh+OBruOCreODo+ODs+OCu+ODq+OBqOOBleOBm+OBpumgguOBjeOBvuOBmeOAguOBneOBruS7luOAgeW9k+W6l+OBruOBlOazqOaWh+OBrua1geOCjOOCkuODmuODvOOCuOS4i+mDqOOBq+OBpuOAgeS6iOOCgeOBlOeiuuiqjeOBj+OBoOOBleOBhOOAgjwvdGQ+PC90cj48L3RhYmxlPjxicj4=,44CQ6YCB5paZ54Sh5paZ44CR5b2T56S+77yR44O25pyI6ZaT5L+d6Ki8W+S4reWPpELjg6njg7Pjgq9d4pagTU9UT1JPTEEgTW90b3JvbGEgTW90bzM2MCBEYXJrIE1ldGFsIChTdGFpbmxlc3MgU3RlZWwgd2l0aCBEYXJrIEZpbmlzaCnjgJDlkajovrrmqZ/lmajjgJHkuK3lj6TjgJDkuK3lj6TjgJEg44CQIOODkeOCveOCs+ODs++8hueZveODreODoOOBruOCpOOCquOCt+OCuSDjgJHvvJrkuK3lj6Tjg5Hjgr3jgrPjg7Pjgajnmb3jg63jg6Djga7jgqTjgqrjgrfjgrk=,44K544Oe44O844OI44OV44Kp44Oz44K544Oe44ObU0lN44OV44Oq44O855m944Ot44OgaVBob25lQW5kcm9pZOOCv+ODluODrOODg+ODiGlQYWTmkLrluK/pm7voqbHkuK3lj6Tjg5Hjgr3jgrPjg7Pjg47jg7zjg4jjg5Hjgr3jgrPjg7NpcG9kZG9jb21vc29mdGJhbmthdeODh+OCueOCr+ODiOODg+ODl+ODkeOCveOCs+ODs09mZmljZeS4reWPpFBD44Ki44Km44OI44Os44OD44OI44CQ6YCB5paZ54Sh5paZ44CR5b2T56S+77yR44O25pyI6ZaT5L+d6Ki8W+S4reWPpELjg6njg7Pjgq9d4pagTU9UT1JPTEEgTW90b3JvbGEgTW90bzM2MCBEYXJrIE1ldGFsIChTdGFpbmxlc3MgU3RlZWwgd2l0aCBEYXJrIEZpbmlzaCnjgJDlkajovrrmqZ/lmajjgJHkuK3lj6TjgJDkuK3lj6TjgJEg44CQIOODkeOCveOCs+ODs++8hueZveODreODoOOBruOCpOOCquOCt+OCuSDjgJE=,44CQ5b2T56S+77yR44O25pyI6ZaT5L+d6Ki844CR44CC44CQ6YCB5paZ54Sh5paZ44CR5b2T56S+77yR44O25pyI6ZaT5L+d6Ki8W+S4reWPpELjg6njg7Pjgq9d4pagTU9UT1JPTEEgTW90b3JvbGEgTW90bzM2MCBEYXJrIE1ldGFsIChTdGFpbmxlc3MgU3RlZWwgd2l0aCBEYXJrIEZpbmlzaCnjgJDlkajovrrmqZ/lmajjgJHkuK3lj6TjgJDkuK3lj6TjgJEg44CQIOODkeOCveOCs+ODs++8hueZveODreODoOOBruOCpOOCquOCt+OCuSDjgJE=[rn]
16-187103,aHR0cDovL3RzaG9wLnIxMHMuanAvcGMtZ29vZC9jYWJpbmV0L2lvc3lzX2cvbm9faXRlbS5qcGc/Zml0aW49NzAwOjcwMA==,MTI2NDAuMDAwMA==,,44K544Oe44O844OI44OV44Kp44Oz44O744K/44OW44Os44OD44OIID4g44K544Oe44O844OI44OV44Kp44Oz44Ki44Kv44K744K144Oq44O8ID4g44Gd44Gu5LuW,44CQ6YCB5paZ54Sh5paZ44CR5b2T56S+77yR44O25pyI6ZaT5L+d6Ki8W+S4reWPpELjg6njg7Pjgq9d4pagQVNVUyBBU1VTIFplbldhdGNoMiBXSTUwMVEtQUIwNOOAkOWRqOi+uuapn+WZqOOAkeS4reWPpOOAkOS4reWPpOOAkSDjgJAg44OR44K944Kz44Oz77yG55m944Ot44Og44Gu44Kk44Kq44K344K5IOOAkQ==,44CQ5b2T56S+77yR44O25pyI6ZaT5L+d6Ki844CR,PGxpbmsg44CA44CA44CA44CA44CA44CA44CA44CA44CA44CA44CA44CA44CAPSIiIHJlbD0ic3R5bGVzaGVldCIgaHJlZj0iaHR0cDovL3d3dy5yYWt1dGVuLm5lLmpwL2dvbGQvcGMtZ29vZC9hc3NldHMvc3R5bGVzaGVldHMvaXRlbXMvc3R5bGUuY3NzIj4gIDx0YWJsZSDjgIDjgIDjgIDjgIDjgIDjgIDjgIDjgIDjgIDjgIDjgIDjgIDjgIAgY2xhc3M9ImNfX3RhYmxlIGNfX3RhYmxlLWJvcmRlcmVkIj48dHI+PHRoPuWvvuW/nE9TPC90aD48dGQ+QW5kcm9pZDQuM+S7pemZjTxmb250IHNpemU9Ii0xIj4vPC9mb250PmlPUzguMuS7pemZjTwvdGQ+PC90cj48dHI+PHRoPkNQVTwvdGg+PHRkPlF1YWxjb21tIFNuYXBkcmFnb240MDAgMS4yR0h6PC90ZD48L3RyPjx0cj48dGg+UkFNPC90aD48dGQ+NTEyTUI8L3RkPjwvdHI+PHRyPjx0aD7jgrnjg4jjg6zjg7zjgrg8L3RoPjx0ZD40R0I8L3RkPjwvdHI+PHRyPjx0aD7jg5Djg4Pjg4bjg6rjg7w8L3RoPjx0ZD40MDBtQWg8L3RkPjwvdHI+PC90YWJsZSDjgIDjgIDjgIDjgIDjgIDjgIDjgIDjgIDjgIDjgIDjgIDjgIDjgIAgPiAgPHRhYmxlIOOAgOOAgOOAgOOAgOOAgOOAgOOAgOOAgOOAgOOAgOOAgOOAgOOAgCBjbGFzcz0iY19fdGFibGUgY19fdGFibGUtYm9yZGVyZWQiPiAgPHRyPjx0aD7ku5jlsZ7lk4E8L3RoPjx0ZD7nrrEgIEFD44Ki44OA44OX44K/44CAVVNC44Kx44O844OW44OrIOWPluaJseiqrOaYjuabuDwvdGQ+PC90cj4gIDx0cj48dGg+5L+d6Ki85pyf6ZaTPC90aD48dGQ+5b2T56S+77yR44O25pyI6ZaT5L+d6Ki8PGJyPuS/neiovOOBruips+OBl+OBhOWGheWuueOBr+OBk+OBoeOCieOBp+OBlOeiuuiqjeOBj+OBoOOBleOBhDwvdGQ+PC90cj4gIDx0cj48dGg+44Gd44Gu5LuW54m56KiY5LqL6aCFPC90aD48dGQ+PC90ZD48L3RyPiAgPHRyPjx0aD7llYblk4HnirbmhYvjga7oqqzmmI48L3RoPjx0ZD7kuK3lj6TllYblk4HnibnmnInjga7ntYzlubTliqPljJbjgYzopovjgonjgozjgovnirbmhYvjgafjgZnjgYzjgIHpgJrluLjkvb/nlKjjgavjga/llY/poYzmnInjgorjgb7jgZvjgpPjgII8QlI+57WM5bm05Yqj5YyW44Gu6Kmz44GX44GE6Kqs5piO44Gv44GT44Gh44KJ44Gr44Gm44GU56K66KqN5LiL44GV44GEPEJSPuikh+aVsOWPsOWcqOW6q+OBl+OBpuOBhOOCi+WVhuWTgeOBruWGmeecn+OBq+mWouOBl+OBpuOBr+OAgeOBquOCi+OBueOBj+aomea6lueahOOBquWkluijheeKtuaFi+OBruOCguOBruOCkumBuOOCk+OBp+aSruW9seOBl+OBpuOBiuOCiuOBvuOBmeOAguWGmeecn+OBruWVhuWTgeOBr+OBiuaJi+WFg+OBq+WxiuOBj+WAi+S9k+OBqOOBhOOBhuOCj+OBkeOBp+OBr+W+oeW6p+OBhOOBvuOBm+OCk+OBruOBp+S6iOOCgeOBlOS6huaJv+S4i+OBleOBhOOAgjwvdGQ+PC90cj4gIDwvdGFibGUg44CA44CA44CA44CA44CA44CA44CA44CA44CA44CA44CA44CA44CAID4gIDxocj48dGFibGUgd2lkdGg9JzEwMCUnIGNlbGxzcGFjaW5nPSc1JyBjZWxscGFkZGluZz0nNSc+PHRyPjx0aCBiZ2NvbG9yPScjRDAwODA4Jz48Zm9udCBjb2xvcj0nI2ZmZmZmZic+77yB44GU5rOo5paH5YmN44Gr44GU56K66KqN44GP44Gg44GV44GEPC9mb250PjwvdGg+PC90cj48dHI+PHRkPuWun+mam+OBruWVhuWTgeOBqOeVsOOBquOCi+OCpOODoeODvOOCuOeUu+WDj+OCkuWIqeeUqOOBl+OBpuOBhOOCi+WgtOWQiOOBjOW+oeW6p+OBhOOBvuOBmeOAgjxicj7lvZPlupfjgIHlrp/lupfoiJfjgajoh6rnpL7jgrXjgqTjg4jjgpLlkKvjgoDlhbHmnInlnKjluqvjgajjgarjgorjgIHjgZTms6jmlofjga7jgr/jgqTjg5/jg7PjgrDjgavjgojjgaPjgabjga/llYblk4HjgpLjgZTnlKjmhI/jgafjgY3jgarjgYTloLTlkIjjgYzjgZTjgZbjgYTjgb7jgZnjgILjgZTnlKjmhI/lh7rmnaXjgarjgYvjgaPjgZ/loLTlkIjjgavjgaTjgY3jgb7jgZfjgabjga/jgIHjgZTms6jmlofjga7jgq3jg6Pjg7Pjgrvjg6vjgajjgZXjgZvjgabpoILjgY3jgb7jgZnjgILjgZ3jga7ku5bjgIHlvZPlupfjga7jgZTms6jmlofjga7mtYHjgozjgpLjg5rjg7zjgrjkuIvpg6jjgavjgabjgIHkuojjgoHjgZTnorroqo3jgY/jgaDjgZXjgYTjgII8L3RkPjwvdHI+PC90YWJsZT48YnI+,44CQ6YCB5paZ54Sh5paZ44CR5b2T56S+77yR44O25pyI6ZaT5L+d6Ki8W+S4reWPpELjg6njg7Pjgq9d4pagQVNVUyBBU1VTIFplbldhdGNoMiBXSTUwMVEtQUIwNOOAkOWRqOi+uuapn+WZqOOAkeS4reWPpOOAkOS4reWPpOOAkSDjgJAg44OR44K944Kz44Oz77yG55m944Ot44Og44Gu44Kk44Kq44K344K5IOOAke+8muS4reWPpOODkeOCveOCs+ODs+OBqOeZveODreODoOOBruOCpOOCquOCt+OCuQ==,44K544Oe44O844OI44OV44Kp44Oz44K544Oe44ObU0lN44OV44Oq44O855m944Ot44OgaVBob25lQW5kcm9pZOOCv+ODluODrOODg+ODiGlQYWTmkLrluK/pm7voqbHkuK3lj6Tjg5Hjgr3jgrPjg7Pjg47jg7zjg4jjg5Hjgr3jgrPjg7NpcG9kZG9jb21vc29mdGJhbmthdeODh+OCueOCr+ODiOODg+ODl+ODkeOCveOCs+ODs09mZmljZeS4reWPpFBD44Ki44Km44OI44Os44OD44OI44CQ6YCB5paZ54Sh5paZ44CR5b2T56S+77yR44O25pyI6ZaT5L+d6Ki8W+S4reWPpELjg6njg7Pjgq9d4pagQVNVUyBBU1VTIFplbldhdGNoMiBXSTUwMVEtQUIwNOOAkOWRqOi+uuapn+WZqOOAkeS4reWPpOOAkOS4reWPpOOAkSDjgJAg44OR44K944Kz44Oz77yG55m944Ot44Og44Gu44Kk44Kq44K344K5IOOAkQ==,44CQ5b2T56S+77yR44O25pyI6ZaT5L+d6Ki844CR44CC44CQ6YCB5paZ54Sh5paZ44CR5b2T56S+77yR44O25pyI6ZaT5L+d6Ki8W+S4reWPpELjg6njg7Pjgq9d4pagQVNVUyBBU1VTIFplbldhdGNoMiBXSTUwMVEtQUIwNOOAkOWRqOi+uuapn+WZqOOAkeS4reWPpOOAkOS4reWPpOOAkSDjgJAg44OR44K944Kz44Oz77yG55m944Ot44Og44Gu44Kk44Kq44K344K5IOOAkQ==[rn]
16-187104,aHR0cDovL3RzaG9wLnIxMHMuanAvcGMtZ29vZC9jYWJpbmV0L2lvc3lzX2cvbm9faXRlbS5qcGc/Zml0aW49NzAwOjcwMA==,MTE4NDAuMDAwMA==,,44K544Oe44O844OI44OV44Kp44Oz44O744K/44OW44Os44OD44OIID4g44K544Oe44O844OI44OV44Kp44Oz44Ki44Kv44K744K144Oq44O8ID4g44Gd44Gu5LuW,44CQ6YCB5paZ54Sh5paZ44CR5b2T56S+77yR44O25pyI6ZaT5L+d6Ki8W+S4reWPpELjg6njg7Pjgq9d4pagQVNVUyBBU1VTIFplbldhdGNoMiBXSTUwMlEtR1IwNCA0NW1tIOOAkOOCt+ODq+ODkOODvC/jgrDjg6zjg7zjg5njg7zjgrjjg6Xjg6zjgrbjg7wg44CR44CQ5ZGo6L665qmf5Zmo44CR5Lit5Y+k44CQ5Lit5Y+k44CRIOOAkCDjg5Hjgr3jgrPjg7PvvIbnmb3jg63jg6Djga7jgqTjgqrjgrfjgrkg44CR,44CQ5b2T56S+77yR44O25pyI6ZaT5L+d6Ki844CR,PGxpbmsg44CA44CA44CA44CA44CA44CA44CA44CA44CA44CA44CA44CA44CAPSIiIHJlbD0ic3R5bGVzaGVldCIgaHJlZj0iaHR0cDovL3d3dy5yYWt1dGVuLm5lLmpwL2dvbGQvcGMtZ29vZC9hc3NldHMvc3R5bGVzaGVldHMvaXRlbXMvc3R5bGUuY3NzIj4gIDx0YWJsZSDjgIDjgIDjgIDjgIDjgIDjgIDjgIDjgIDjgIDjgIDjgIDjgIDjgIAgY2xhc3M9ImNfX3RhYmxlIGNfX3RhYmxlLWJvcmRlcmVkIj48dHI+PHRoPk9TPC90aD48dGQ+QW5kcm9pZDwvdGQ+PC90cj48dHI+PHRoPldlYXI8Zm9udCBzaXplPSItMSI+LzwvZm9udD7nlLvpnaLjgrXjgqTjgro8L3RoPjx0ZD4xLjQ144Kk44Oz44OBPGZvbnQgc2l6ZT0iLTEiPi88L2ZvbnQ+44OH44Kj44K544OX44Os44KkOjIuNUTmm7LpnaLmnInmqZ9FTChBTU9MRUQpPGZvbnQgc2l6ZT0iLTEiPi88L2ZvbnQ+44OH44Kj44K544OX44Os44Kk6Kej5YOP5bqmOjI4MMOXMjgwPGZvbnQgc2l6ZT0iLTEiPi88L2ZvbnQ+Q1BVOlF1YWxjb21tIFNuYXBkcmFnb24gNDAwIDEuMkdIejwvdGQ+PC90cj48dHI+PHRoPjxmb250IHNpemU9Ii0xIj4vPC9mb250PuODoeODouODqjwvdGg+PHRkPjRHQlJBTTo1MTJNQjxmb250IHNpemU9Ii0xIj4vPC9mb250PuODkOODg+ODhuODquODvDozMDDvvY1BaDxmb250IHNpemU9Ii0xIj4vPC9mb250PldpLUZpOjgwMi4xMWI8Zm9udCBzaXplPSItMSI+LzwvZm9udD5nPGZvbnQgc2l6ZT0iLTEiPi88L2ZvbnQ+biA8Zm9udCBzaXplPSItMSI+LzwvZm9udD5CbHVldG9vdGggNC4xPC90ZD48L3RyPjx0cj48dGg+PGZvbnQgc2l6ZT0iLTEiPi88L2ZvbnQ+5pCt6LyJ44K744Oz44K144O8PC90aD48dGQ+5Yqg6YCf5bqm44K744Oz44K144O844K444Oj44Kk44Ot44K744Oz44K144O8PGZvbnQgc2l6ZT0iLTEiPi88L2ZvbnQ+552A5L+h6YCa55+l5qmf6IO9PGZvbnQgc2l6ZT0iLTEiPi88L2ZvbnQ+6YCa55+l5qmf6IO9PGZvbnQgc2l6ZT0iLTEiPi88L2ZvbnQ+44Oh44O844Or6YCa55+l5qmf6IO9PGZvbnQgc2l6ZT0iLTEiPi88L2ZvbnQ+5q2p5pWw6KiI5qmf6IO9PGZvbnQgc2l6ZT0iLTEiPi88L2ZvbnQ+6Ziy5rC06YeN6YePOjM5Zzxmb250IHNpemU9Ii0xIj4vPC9mb250PueZuuWjsuaXpToyMDE15bm0MTHmnIg8L3RkPjwvdHI+PC90YWJsZSDjgIDjgIDjgIDjgIDjgIDjgIDjgIDjgIDjgIDjgIDjgIDjgIDjgIAgPiAgPHRhYmxlIOOAgOOAgOOAgOOAgOOAgOOAgOOAgOOAgOOAgOOAgOOAgOOAgOOAgCBjbGFzcz0iY19fdGFibGUgY19fdGFibGUtYm9yZGVyZWQiPiAgPHRyPjx0aD7ku5jlsZ7lk4E8L3RoPjx0ZD7nrrEvQUPjgqLjg4Djg5fjgr8vVVNC44Kx44O844OW44OrL+OCr+OCpOODg+OCr+OCrOOCpOODiTwvdGQ+PC90cj4gIDx0cj48dGg+5L+d6Ki85pyf6ZaTPC90aD48dGQ+5b2T56S+77yR44O25pyI6ZaT5L+d6Ki8PGJyPuS/neiovOOBruips+OBl+OBhOWGheWuueOBr+OBk+OBoeOCieOBp+OBlOeiuuiqjeOBj+OBoOOBleOBhDwvdGQ+PC90cj4gIDx0cj48dGg+44Gd44Gu5LuW54m56KiY5LqL6aCFPC90aD48dGQ+PC90ZD48L3RyPiAgPHRyPjx0aD7llYblk4HnirbmhYvjga7oqqzmmI48L3RoPjx0ZD7kuK3lj6TllYblk4HnibnmnInjga7ntYzlubTliqPljJbjgYzopovjgonjgozjgovnirbmhYvjgafjgZnjgYzjgIHpgJrluLjkvb/nlKjjgavjga/llY/poYzmnInjgorjgb7jgZvjgpPjgII8QlI+57WM5bm05Yqj5YyW44Gu6Kmz44GX44GE6Kqs5piO44Gv44GT44Gh44KJ44Gr44Gm44GU56K66KqN5LiL44GV44GEPEJSPuikh+aVsOWPsOWcqOW6q+OBl+OBpuOBhOOCi+WVhuWTgeOBruWGmeecn+OBq+mWouOBl+OBpuOBr+OAgeOBquOCi+OBueOBj+aomea6lueahOOBquWkluijheeKtuaFi+OBruOCguOBruOCkumBuOOCk+OBp+aSruW9seOBl+OBpuOBiuOCiuOBvuOBmeOAguWGmeecn+OBruWVhuWTgeOBr+OBiuaJi+WFg+OBq+WxiuOBj+WAi+S9k+OBqOOBhOOBhuOCj+OBkeOBp+OBr+W+oeW6p+OBhOOBvuOBm+OCk+OBruOBp+S6iOOCgeOBlOS6huaJv+S4i+OBleOBhOOAgjwvdGQ+PC90cj4gIDwvdGFibGUg44CA44CA44CA44CA44CA44CA44CA44CA44CA44CA44CA44CA44CAID4gIDxocj48dGFibGUgd2lkdGg9JzEwMCUnIGNlbGxzcGFjaW5nPSc1JyBjZWxscGFkZGluZz0nNSc+PHRyPjx0aCBiZ2NvbG9yPScjRDAwODA4Jz48Zm9udCBjb2xvcj0nI2ZmZmZmZic+77yB44GU5rOo5paH5YmN44Gr44GU56K66KqN44GP44Gg44GV44GEPC9mb250PjwvdGg+PC90cj48dHI+PHRkPuWun+mam+OBruWVhuWTgeOBqOeVsOOBquOCi+OCpOODoeODvOOCuOeUu+WDj+OCkuWIqeeUqOOBl+OBpuOBhOOCi+WgtOWQiOOBjOW+oeW6p+OBhOOBvuOBmeOAgjxicj7lvZPlupfjgIHlrp/lupfoiJfjgajoh6rnpL7jgrXjgqTjg4jjgpLlkKvjgoDlhbHmnInlnKjluqvjgajjgarjgorjgIHjgZTms6jmlofjga7jgr/jgqTjg5/jg7PjgrDjgavjgojjgaPjgabjga/llYblk4HjgpLjgZTnlKjmhI/jgafjgY3jgarjgYTloLTlkIjjgYzjgZTjgZbjgYTjgb7jgZnjgILjgZTnlKjmhI/lh7rmnaXjgarjgYvjgaPjgZ/loLTlkIjjgavjgaTjgY3jgb7jgZfjgabjga/jgIHjgZTms6jmlofjga7jgq3jg6Pjg7Pjgrvjg6vjgajjgZXjgZvjgabpoILjgY3jgb7jgZnjgILjgZ3jga7ku5bjgIHlvZPlupfjga7jgZTms6jmlofjga7mtYHjgozjgpLjg5rjg7zjgrjkuIvpg6jjgavjgabjgIHkuojjgoHjgZTnorroqo3jgY/jgaDjgZXjgYTjgII8L3RkPjwvdHI+PC90YWJsZT48YnI+,44CQ6YCB5paZ54Sh5paZ44CR5b2T56S+77yR44O25pyI6ZaT5L+d6Ki8W+S4reWPpELjg6njg7Pjgq9d4pagQVNVUyBBU1VTIFplbldhdGNoMiBXSTUwMlEtR1IwNCA0NW1tIOOAkOOCt+ODq+ODkOODvC/jgrDjg6zjg7zjg5njg7zjgrjjg6Xjg6zjgrbjg7wg44CR44CQ5ZGo6L665qmf5Zmo44CR5Lit5Y+k44CQ5Lit5Y+k44CRIOOAkCDjg5Hjgr3jgrPjg7PvvIbnmb3jg63jg6Djga7jgqTjgqrjgrfjgrkg44CR77ya5Lit5Y+k44OR44K944Kz44Oz44Go55m944Ot44Og44Gu44Kk44Kq44K344K5,44K544Oe44O844OI44OV44Kp44Oz44K544Oe44ObU0lN44OV44Oq44O855m944Ot44OgaVBob25lQW5kcm9pZOOCv+ODluODrOODg+ODiGlQYWTmkLrluK/pm7voqbHkuK3lj6Tjg5Hjgr3jgrPjg7Pjg47jg7zjg4jjg5Hjgr3jgrPjg7NpcG9kZG9jb21vc29mdGJhbmthdeODh+OCueOCr+ODiOODg+ODl+ODkeOCveOCs+ODs09mZmljZeS4reWPpFBD44Ki44Km44OI44Os44OD44OI44CQ6YCB5paZ54Sh5paZ44CR5b2T56S+77yR44O25pyI6ZaT5L+d6Ki8W+S4reWPpELjg6njg7Pjgq9d4pagQVNVUyBBU1VTIFplbldhdGNoMiBXSTUwMlEtR1IwNCA0NW1tIOOAkOOCt+ODq+ODkOODvC/jgrDjg6zjg7zjg5njg7zjgrjjg6Xjg6zjgrbjg7wg44CR44CQ5ZGo6L665qmf5Zmo44CR5Lit5Y+k44CQ5Lit5Y+k44CRIOOAkCDjg5Hjgr3jgrPjg7PvvIbnmb3jg63jg6Djga7jgqTjgqrjgrfjgrkg44CR,44CQ5b2T56S+77yR44O25pyI6ZaT5L+d6Ki844CR44CC44CQ6YCB5paZ54Sh5paZ44CR5b2T56S+77yR44O25pyI6ZaT5L+d6Ki8W+S4reWPpELjg6njg7Pjgq9d4pagQVNVUyBBU1VTIFplbldhdGNoMiBXSTUwMlEtR1IwNCA0NW1tIOOAkOOCt+ODq+ODkOODvC/jgrDjg6zjg7zjg5njg7zjgrjjg6Xjg6zjgrbjg7wg44CR44CQ5ZGo6L665qmf5Zmo44CR5Lit5Y+k44CQ5Lit5Y+k44CRIOOAkCDjg5Hjgr3jgrPjg7PvvIbnmb3jg63jg6Djga7jgqTjgqrjgrfjgrkg44CR[rn]
16-187105,aHR0cDovL3RzaG9wLnIxMHMuanAvcGMtZ29vZC9jYWJpbmV0L2lvc3lzX2cvMTA0MDAwXzEwNTk5OS8xMDQyNDguanBnP2ZpdGluPTcwMDo3MDA=,NTU4NC4wMDAw,,44K544Oe44O844OI44OV44Kp44Oz44O744K/44OW44Os44OD44OIID4g44K544Oe44O844OI44OV44Kp44Oz44Ki44Kv44K744K144Oq44O8ID4g44Gd44Gu5LuW,44CQ6YCB5paZ54Sh5paZ44CR5b2T56S+77yR44O25pyI6ZaT5L+d6Ki8W+acquS9v+eUqOWTgV3ilqBTQU1TVU5HIFNhbXN1bmcgR2VhciBWUiBTTS1SMzIyTlpXQVhKUCBbRnJvc3QgV2hpdGVd44CQ5ZGo6L665qmf5Zmo44CR5Lit5Y+k44CQ5Lit5Y+k44CRIOOAkCDjg5Hjgr3jgrPjg7PvvIbnmb3jg63jg6Djga7jgqTjgqrjgrfjgrkg44CR,44CQ5b2T56S+77yR44O25pyI6ZaT5L+d6Ki844CR,PGxpbmsg44CA44CA44CA44CA44CA44CA44CA44CA44CA44CA44CA44CA44CAPSIiIHJlbD0ic3R5bGVzaGVldCIgaHJlZj0iaHR0cDovL3d3dy5yYWt1dGVuLm5lLmpwL2dvbGQvcGMtZ29vZC9hc3NldHMvc3R5bGVzaGVldHMvaXRlbXMvc3R5bGUuY3NzIj4gIDx0YWJsZSDjgIDjgIDjgIDjgIDjgIDjgIDjgIDjgIDjgIDjgIDjgIDjgIDjgIAgY2xhc3M9ImNfX3RhYmxlIGNfX3RhYmxlLWJvcmRlcmVkIj48dHI+PHRoPuOCteOCpOOCujwvdGg+PHRkPue0hDIwMS45KFcpeDExNi40KEwpeDkyLjYoSCk8L3RkPjwvdHI+PHRyPjx0aD7mkK3ovInjgrvjg7PjgrXjg7w8L3RoPjx0ZD7liqDpgJ/luqbjgrvjg7PjgrXjg7w8Zm9udCBzaXplPSItMSI+LzwvZm9udD7jgrjjg6PjgqTjg63jgrvjg7PjgrXjg7w8Zm9udCBzaXplPSItMSI+LzwvZm9udD7ov5HmjqXjgrvjg7PjgrXjg7w8L3RkPjwvdHI+PHRyPjx0aD7oppbph47op5I8L3RoPjx0ZD45NuW6pjwvdGQ+PC90cj48dHI+PHRoPuWvvuW/nOODh+ODkOOCpOOCuTwvdGg+PHRkPkdhbGF4eVM3ZWRnZSBHYWxheHlTNjxmb250IHNpemU9Ii0xIj4vPC9mb250PlM2ZWRnZTxmb250IHNpemU9Ii0xIj4vPC9mb250PlM2ZWRnZSsgR2FsYXh5Tm90ZTUo5rOoOueuseOBqEhQ44Gr6KiY6LyJ44GV44KM44Gf54mp44Gn44GC44KK5YWo44Gm44Gu56uv5pyr44Gn44Gu5YuV5L2c56K66KqN44Gv44GX44Gm44GK44KK44G+44Gb44KTKTwvdGQ+PC90cj48dHI+PHRoPumHjeOBlTwvdGg+PHRkPue0hDMxOGc8L3RkPjwvdHI+PHRyPjx0aD7nmbrlo7Lml6U8L3RoPjx0ZD4yMDE15bm0MTLmnIgxOOaXpTwvdGQ+PC90cj48L3RhYmxlIOOAgOOAgOOAgOOAgOOAgOOAgOOAgOOAgOOAgOOAgOOAgOOAgOOAgCA+ICA8dGFibGUg44CA44CA44CA44CA44CA44CA44CA44CA44CA44CA44CA44CA44CAIGNsYXNzPSJjX190YWJsZSBjX190YWJsZS1ib3JkZXJlZCI+ICA8dHI+PHRoPuS7mOWxnuWTgTwvdGg+PHRkPueuseOAgOODiOODg+ODl+ODmOODg+ODieOCueODiOODqeODg+ODl+OAgOODoeOCpOODs+OCueODiOODqeODg+ODl+OAgOWPluaJseiqrOaYjuabuDwvdGQ+PC90cj4gIDx0cj48dGg+5L+d6Ki85pyf6ZaTPC90aD48dGQ+5b2T56S+77yR44O25pyI6ZaT5L+d6Ki8PGJyPuS/neiovOOBruips+OBl+OBhOWGheWuueOBr+OBk+OBoeOCieOBp+OBlOeiuuiqjeOBj+OBoOOBleOBhDwvdGQ+PC90cj4gIDx0cj48dGg+44Gd44Gu5LuW54m56KiY5LqL6aCFPC90aD48dGQ+T2N1bHVzIFZS56S+44Go5YWx5ZCM6ZaL55m644GX44Gf44OY44OD44OJ44Oe44Km44Oz44OI44OH44Kj44K544OX44Os44Kk44CCPC90ZD48L3RyPiAgPHRyPjx0aD7llYblk4HnirbmhYvjga7oqqzmmI48L3RoPjx0ZD7plovlsIHjgZfjgabjgYTjgb7jgZnjgYzjgIHkvb/nlKjjgZXjgozjgabjgYTjgarjgYTnianjgajjgarjgorjgb7jgZnjgILjgrHjg7zjgr/jgqTmnKrkvb/nlKjlk4HjgavplqLjgZfjgb7jgZfjgabjga/jgIHpgJrpm7vnorroqo3lj4rjgbPliJ3mnJ/ljJbjga7kvZzmpa3jgYzooYzjgarjgo/jgozjgabjgYrjgorjgb7jgZnjgII8L3RkPjwvdHI+ICA8L3RhYmxlIOOAgOOAgOOAgOOAgOOAgOOAgOOAgOOAgOOAgOOAgOOAgOOAgOOAgCA+ICA8aHI+PHRhYmxlIHdpZHRoPScxMDAlJyBjZWxsc3BhY2luZz0nNScgY2VsbHBhZGRpbmc9JzUnPjx0cj48dGggYmdjb2xvcj0nI0QwMDgwOCc+PGZvbnQgY29sb3I9JyNmZmZmZmYnPu+8geOBlOazqOaWh+WJjeOBq+OBlOeiuuiqjeOBj+OBoOOBleOBhDwvZm9udD48L3RoPjwvdHI+PHRyPjx0ZD7lrp/pmpvjga7llYblk4HjgajnlbDjgarjgovjgqTjg6Hjg7zjgrjnlLvlg4/jgpLliKnnlKjjgZfjgabjgYTjgovloLTlkIjjgYzlvqHluqfjgYTjgb7jgZnjgII8YnI+5b2T5bqX44CB5a6f5bqX6IiX44Go6Ieq56S+44K144Kk44OI44KS5ZCr44KA5YWx5pyJ5Zyo5bqr44Go44Gq44KK44CB44GU5rOo5paH44Gu44K/44Kk44Of44Oz44Kw44Gr44KI44Gj44Gm44Gv5ZWG5ZOB44KS44GU55So5oSP44Gn44GN44Gq44GE5aC05ZCI44GM44GU44GW44GE44G+44GZ44CC44GU55So5oSP5Ye65p2l44Gq44GL44Gj44Gf5aC05ZCI44Gr44Gk44GN44G+44GX44Gm44Gv44CB44GU5rOo5paH44Gu44Kt44Oj44Oz44K744Or44Go44GV44Gb44Gm6aCC44GN44G+44GZ44CC44Gd44Gu5LuW44CB5b2T5bqX44Gu44GU5rOo5paH44Gu5rWB44KM44KS44Oa44O844K45LiL6YOo44Gr44Gm44CB5LqI44KB44GU56K66KqN44GP44Gg44GV44GE44CCPC90ZD48L3RyPjwvdGFibGU+PGJyPg==,44CQ6YCB5paZ54Sh5paZ44CR5b2T56S+77yR44O25pyI6ZaT5L+d6Ki8W+acquS9v+eUqOWTgV3ilqBTQU1TVU5HIFNhbXN1bmcgR2VhciBWUiBTTS1SMzIyTlpXQVhKUCBbRnJvc3QgV2hpdGVd44CQ5ZGo6L665qmf5Zmo44CR5Lit5Y+k44CQ5Lit5Y+k44CRIOOAkCDjg5Hjgr3jgrPjg7PvvIbnmb3jg63jg6Djga7jgqTjgqrjgrfjgrkg44CR77ya5Lit5Y+k44OR44K944Kz44Oz44Go55m944Ot44Og44Gu44Kk44Kq44K344K5,44K544Oe44O844OI44OV44Kp44Oz44K544Oe44ObU0lN44OV44Oq44O855m944Ot44OgaVBob25lQW5kcm9pZOOCv+ODluODrOODg+ODiGlQYWTmkLrluK/pm7voqbHkuK3lj6Tjg5Hjgr3jgrPjg7Pjg47jg7zjg4jjg5Hjgr3jgrPjg7NpcG9kZG9jb21vc29mdGJhbmthdeODh+OCueOCr+ODiOODg+ODl+ODkeOCveOCs+ODs09mZmljZeS4reWPpFBD44Ki44Km44OI44Os44OD44OI44CQ6YCB5paZ54Sh5paZ44CR5b2T56S+77yR44O25pyI6ZaT5L+d6Ki8W+acquS9v+eUqOWTgV3ilqBTQU1TVU5HIFNhbXN1bmcgR2VhciBWUiBTTS1SMzIyTlpXQVhKUCBbRnJvc3QgV2hpdGVd44CQ5ZGo6L665qmf5Zmo44CR5Lit5Y+k44CQ5Lit5Y+k44CRIOOAkCDjg5Hjgr3jgrPjg7PvvIbnmb3jg63jg6Djga7jgqTjgqrjgrfjgrkg44CR,44CQ5b2T56S+77yR44O25pyI6ZaT5L+d6Ki844CR44CC44CQ6YCB5paZ54Sh5paZ44CR5b2T56S+77yR44O25pyI6ZaT5L+d6Ki8W+acquS9v+eUqOWTgV3ilqBTQU1TVU5HIFNhbXN1bmcgR2VhciBWUiBTTS1SMzIyTlpXQVhKUCBbRnJvc3QgV2hpdGVd44CQ5ZGo6L665qmf5Zmo44CR5Lit5Y+k44CQ5Lit5Y+k44CRIOOAkCDjg5Hjgr3jgrPjg7PvvIbnmb3jg63jg6Djga7jgqTjgqrjgrfjgrkg44CR[rn]
16-187106,aHR0cDovL3RzaG9wLnIxMHMuanAvcGMtZ29vZC9jYWJpbmV0L2lvc3lzX2cvbm9faXRlbS5qcGc/Zml0aW49NzAwOjcwMA==,MTEwNDAuMDAwMA==,,44K544Oe44O844OI44OV44Kp44Oz44O744K/44OW44Os44OD44OIID4g44K544Oe44O844OI44OV44Kp44Oz44Ki44Kv44K744K144Oq44O8ID4g44Gd44Gu5LuW,44CQ6YCB5paZ54Sh5paZ44CR5b2T56S+77yR44O25pyI6ZaT5L+d6Ki8W+S4reWPpEPjg6njg7Pjgq9d4pagU0FNU1VORyBhdSBTYW1zdW5nIEdlYXIgUzIgU00tUjcyMCBEYXJrR3JheeOAkOWRqOi+uuapn+WZqOOAkeS4reWPpOOAkOS4reWPpOOAkSDjgJAg44OR44K944Kz44Oz77yG55m944Ot44Og44Gu44Kk44Kq44K344K5IOOAkQ==,44CQ5b2T56S+77yR44O25pyI6ZaT5L+d6Ki844CR,PGxpbmsg44CA44CA44CA44CA44CA44CA44CA44CA44CA44CA44CA44CA44CAPSIiIHJlbD0ic3R5bGVzaGVldCIgaHJlZj0iaHR0cDovL3d3dy5yYWt1dGVuLm5lLmpwL2dvbGQvcGMtZ29vZC9hc3NldHMvc3R5bGVzaGVldHMvaXRlbXMvc3R5bGUuY3NzIj4gIDx0YWJsZSDjgIDjgIDjgIDjgIDjgIDjgIDjgIDjgIDjgIDjgIDjgIDjgIDjgIAgY2xhc3M9ImNfX3RhYmxlIGNfX3RhYmxlLWJvcmRlcmVkIj48dHI+PHRoPkNQVTwvdGg+PHRkPjEuMEdIeijjg4fjg6XjgqLjg6vjgrPjgqIpPC90ZD48L3RyPjx0cj48dGg+44K544OI44Os44O844K4PC90aD48dGQ+NEdCPC90ZD48L3RyPjx0cj48dGg+44Oh44Oi44OqPC90aD48dGQ+NTEyTUI8L3RkPjwvdHI+PHRyPjx0aD7jg4fjgqPjgrnjg5fjg6zjgqQ8L3RoPjx0ZD4xLjLjgqTjg7Pjg4EoMzYweDM2MCk8L3RkPjwvdHI+PHRyPjx0aD7jg5Djg4Pjg4bjg6rjg7w8L3RoPjx0ZD4yNTBtQWg8L3RkPjwvdHI+PHRyPjx0aD5XaUZpPC90aD48dGQ+Yjxmb250IHNpemU9Ii0xIj4vPC9mb250Pmc8Zm9udCBzaXplPSItMSI+LzwvZm9udD5uPC90ZD48L3RyPjx0cj48dGg+6YeN6YePPC90aD48dGQ+NDdnPC90ZD48L3RyPjx0cj48dGg+44Gd44Gu5LuWPC90aD48dGQ+Qmx1ZXRvb3RoNC4xPGZvbnQgc2l6ZT0iLTEiPi88L2ZvbnQ+44Ov44Kk44Ok44Os44K55YWF6Zu75a++5b+cPGZvbnQgc2l6ZT0iLTEiPi88L2ZvbnQ+TkZDPGZvbnQgc2l6ZT0iLTEiPi88L2ZvbnQ+6ICQ5rC0PGZvbnQgc2l6ZT0iLTEiPi88L2ZvbnQ+6ICQ5aG1KElQNjgpPC90ZD48L3RyPjx0cj48dGg+5a++5b+cPC90aD48dGQ+QW5kcm9pZE9TNC405Lul5LiK44CBMS41R0JSQU3ku6XkuIo8L3RkPjwvdHI+PC90YWJsZSDjgIDjgIDjgIDjgIDjgIDjgIDjgIDjgIDjgIDjgIDjgIDjgIDjgIAgPiAgPHRhYmxlIOOAgOOAgOOAgOOAgOOAgOOAgOOAgOOAgOOAgOOAgOOAgOOAgOOAgCBjbGFzcz0iY19fdGFibGUgY19fdGFibGUtYm9yZGVyZWQiPiAgPHRyPjx0aD7ku5jlsZ7lk4E8L3RoPjx0ZD7nrrEv5bCC55So44Ov44Kk44Ok44Os44K55YWF6Zu744OJ44OD44KvL+OCueODiOODqeODg+ODly/jgq/jgqTjg4Pjgq/jgrnjgr/jg7zjg4jjgqzjgqTjg4k8L3RkPjwvdHI+ICA8dHI+PHRoPuS/neiovOacn+mWkzwvdGg+PHRkPuW9k+ekvu+8keODtuaciOmWk+S/neiovDxicj7kv53oqLzjga7oqbPjgZfjgYTlhoXlrrnjga/jgZPjgaHjgonjgafjgZTnorroqo3jgY/jgaDjgZXjgYQ8L3RkPjwvdHI+ICA8dHI+PHRoPuOBneOBruS7lueJueiomOS6i+mghTwvdGg+PHRkPueuseOBqOS4rei6q+OBjOmBleOBhOOBvuOBmeOAgjwvdGQ+PC90cj4gIDx0cj48dGg+5ZWG5ZOB54q25oWL44Gu6Kqs5piOPC90aD48dGQ+55uu56uL44Gk44Kt44K6562J44CB5aSW6KOF54q25oWL44Gr57WM5bm05Yqj5YyW5Lul5aSW44Gu55eH54q244GM44G/44KJ44KM44KL5ZWG5ZOB44Go44Gq44KK44G+44GZ44CCPC90ZD48L3RyPiAgPC90YWJsZSDjgIDjgIDjgIDjgIDjgIDjgIDjgIDjgIDjgIDjgIDjgIDjgIDjgIAgPiAgPGhyPjx0YWJsZSB3aWR0aD0nMTAwJScgY2VsbHNwYWNpbmc9JzUnIGNlbGxwYWRkaW5nPSc1Jz48dHI+PHRoIGJnY29sb3I9JyNEMDA4MDgnPjxmb250IGNvbG9yPScjZmZmZmZmJz7vvIHjgZTms6jmlofliY3jgavjgZTnorroqo3jgY/jgaDjgZXjgYQ8L2ZvbnQ+PC90aD48L3RyPjx0cj48dGQ+5a6f6Zqb44Gu5ZWG5ZOB44Go55Ww44Gq44KL44Kk44Oh44O844K455S75YOP44KS5Yip55So44GX44Gm44GE44KL5aC05ZCI44GM5b6h5bqn44GE44G+44GZ44CCPGJyPuW9k+W6l+OAgeWun+W6l+iIl+OBqOiHquekvuOCteOCpOODiOOCkuWQq+OCgOWFseacieWcqOW6q+OBqOOBquOCiuOAgeOBlOazqOaWh+OBruOCv+OCpOODn+ODs+OCsOOBq+OCiOOBo+OBpuOBr+WVhuWTgeOCkuOBlOeUqOaEj+OBp+OBjeOBquOBhOWgtOWQiOOBjOOBlOOBluOBhOOBvuOBmeOAguOBlOeUqOaEj+WHuuadpeOBquOBi+OBo+OBn+WgtOWQiOOBq+OBpOOBjeOBvuOBl+OBpuOBr+OAgeOBlOazqOaWh+OBruOCreODo+ODs+OCu+ODq+OBqOOBleOBm+OBpumgguOBjeOBvuOBmeOAguOBneOBruS7luOAgeW9k+W6l+OBruOBlOazqOaWh+OBrua1geOCjOOCkuODmuODvOOCuOS4i+mDqOOBq+OBpuOAgeS6iOOCgeOBlOeiuuiqjeOBj+OBoOOBleOBhOOAgjwvdGQ+PC90cj48L3RhYmxlPjxicj4=,44CQ6YCB5paZ54Sh5paZ44CR5b2T56S+77yR44O25pyI6ZaT5L+d6Ki8W+S4reWPpEPjg6njg7Pjgq9d4pagU0FNU1VORyBhdSBTYW1zdW5nIEdlYXIgUzIgU00tUjcyMCBEYXJrR3JheeOAkOWRqOi+uuapn+WZqOOAkeS4reWPpOOAkOS4reWPpOOAkSDjgJAg44OR44K944Kz44Oz77yG55m944Ot44Og44Gu44Kk44Kq44K344K5IOOAke+8muS4reWPpOODkeOCveOCs+ODs+OBqOeZveODreODoOOBruOCpOOCquOCt+OCuQ==,44K544Oe44O844OI44OV44Kp44Oz44K544Oe44ObU0lN44OV44Oq44O855m944Ot44OgaVBob25lQW5kcm9pZOOCv+ODluODrOODg+ODiGlQYWTmkLrluK/pm7voqbHkuK3lj6Tjg5Hjgr3jgrPjg7Pjg47jg7zjg4jjg5Hjgr3jgrPjg7NpcG9kZG9jb21vc29mdGJhbmthdeODh+OCueOCr+ODiOODg+ODl+ODkeOCveOCs+ODs09mZmljZeS4reWPpFBD44Ki44Km44OI44Os44OD44OI44CQ6YCB5paZ54Sh5paZ44CR5b2T56S+77yR44O25pyI6ZaT5L+d6Ki8W+S4reWPpEPjg6njg7Pjgq9d4pagU0FNU1VORyBhdSBTYW1zdW5nIEdlYXIgUzIgU00tUjcyMCBEYXJrR3JheeOAkOWRqOi+uuapn+WZqOOAkeS4reWPpOOAkOS4reWPpOOAkSDjgJAg44OR44K944Kz44Oz77yG55m944Ot44Og44Gu44Kk44Kq44K344K5IOOAkQ==,44CQ5b2T56S+77yR44O25pyI6ZaT5L+d6Ki844CR44CC44CQ6YCB5paZ54Sh5paZ44CR5b2T56S+77yR44O25pyI6ZaT5L+d6Ki8W+S4reWPpEPjg6njg7Pjgq9d4pagU0FNU1VORyBhdSBTYW1zdW5nIEdlYXIgUzIgU00tUjcyMCBEYXJrR3JheeOAkOWRqOi+uuapn+WZqOOAkeS4reWPpOOAkOS4reWPpOOAkSDjgJAg44OR44K944Kz44Oz77yG55m944Ot44Og44Gu44Kk44Kq44K344K5IOOAkQ==[rn]
16-187107,aHR0cDovL3RzaG9wLnIxMHMuanAvcGMtZ29vZC9jYWJpbmV0L2lvc3lzX2cvMTEwMDAwXzExMTk5OS8xMTA5NDAuanBnP2ZpdGluPTcwMDo3MDA=,Nzk4NC4wMDAw,,44K544Oe44O844OI44OV44Kp44Oz44O744K/44OW44Os44OD44OIID4g44K544Oe44O844OI44OV44Kp44Oz44Ki44Kv44K744K144Oq44O8ID4g44Gd44Gu5LuW,44CQ6YCB5paZ54Sh5paZ44CR5b2T56S+77yR44O25pyI6ZaT5L+d6Ki8W+S4reWPpEPjg6njg7Pjgq9d4pagU0FNU1VORyBTYW1zdW5nIEdlYXIyIE5lbyBTTS1SMzgxIE1vY2hhIEdyZXnjgJDlm73lhoXniYjjgJHjgJDlkajovrrmqZ/lmajjgJHkuK3lj6TjgJDkuK3lj6TjgJEg44CQIOODkeOCveOCs+ODs++8hueZveODreODoOOBruOCpOOCquOCt+OCuSDjgJE=,44CQ5b2T56S+77yR44O25pyI6ZaT5L+d6Ki844CR,PGxpbmsg44CA44CA44CA44CA44CA44CA44CA44CA44CA44CA44CA44CA44CAPSIiIHJlbD0ic3R5bGVzaGVldCIgaHJlZj0iaHR0cDovL3d3dy5yYWt1dGVuLm5lLmpwL2dvbGQvcGMtZ29vZC9hc3NldHMvc3R5bGVzaGVldHMvaXRlbXMvc3R5bGUuY3NzIj4gIDx0YWJsZSDjgIDjgIDjgIDjgIDjgIDjgIDjgIDjgIDjgIDjgIDjgIDjgIDjgIAgY2xhc3M9ImNfX3RhYmxlIGNfX3RhYmxlLWJvcmRlcmVkIj48dHI+PHRoPk9TPC90aD48dGQ+VElaRU48L3RkPjwvdHI+PHRyPjx0aD5DUFU8L3RoPjx0ZD4xLjBHSHooRHVhbC1Db3JlKTwvdGQ+PC90cj48dHI+PHRoPua2suaZtjwvdGg+PHRkPjEuNjPjgqTjg7Pjg4FTdXBlciBBTU9MRUQoMzIweDMyMCk8L3RkPjwvdHI+PHRyPjx0aD5SQU08L3RoPjx0ZD41MTJNQjwvdGQ+PC90cj48dHI+PHRoPlJPTTwvdGg+PHRkPjRHQjwvdGQ+PC90cj48dHI+PHRoPumAmuS/oTwvdGg+PHRkPkJsdWV0b290aDQuMDwvdGQ+PC90cj48dHI+PHRoPuOCteOCpOOCujwvdGg+PHRkPjM3Ljl4NTguOHgxMC4wbW08L3RkPjwvdHI+PHRyPjx0aD7ph43jgZU8L3RoPjx0ZD41NWc8L3RkPjwvdHI+PHRyPjx0aD7jg5Djg4Pjg4bjg6rjg7w8L3RoPjx0ZD4zMDBtQWg8L3RkPjwvdHI+PHRyPjx0aD7jgZ3jga7ku5Y8L3RoPjx0ZD5JUDY344Gu6ICQ5Z+D44GK44KI44Gz6Ziy5rC05oCnPC90ZD48L3RyPjx0cj48dGg+55m65aOy5pelPC90aD48dGQ+MjAxNOW5tDTmnIg8L3RkPjwvdHI+PC90YWJsZSDjgIDjgIDjgIDjgIDjgIDjgIDjgIDjgIDjgIDjgIDjgIDjgIDjgIAgPiAgPHRhYmxlIOOAgOOAgOOAgOOAgOOAgOOAgOOAgOOAgOOAgOOAgOOAgOOAgOOAgCBjbGFzcz0iY19fdGFibGUgY19fdGFibGUtYm9yZGVyZWQiPiAgPHRyPjx0aD7ku5jlsZ7lk4E8L3RoPjx0ZD7nrrEg5YWF6Zu744OJ44OD44KvIOODnuODi+ODpeOCouODqzwvdGQ+PC90cj4gIDx0cj48dGg+5L+d6Ki85pyf6ZaTPC90aD48dGQ+5b2T56S+77yR44O25pyI6ZaT5L+d6Ki8PGJyPuS/neiovOOBruips+OBl+OBhOWGheWuueOBr+OBk+OBoeOCieOBp+OBlOeiuuiqjeOBj+OBoOOBleOBhDwvdGQ+PC90cj4gIDx0cj48dGg+44Gd44Gu5LuW54m56KiY5LqL6aCFPC90aD48dGQ+PC90ZD48L3RyPiAgPHRyPjx0aD7llYblk4HnirbmhYvjga7oqqzmmI48L3RoPjx0ZD7nm67nq4vjgaTjgq3jgrrnrYnjgIHlpJboo4XnirbmhYvjgavntYzlubTliqPljJbku6XlpJbjga7nl4fnirbjgYzjgb/jgonjgozjgovllYblk4Hjgajjgarjgorjgb7jgZnjgII8L3RkPjwvdHI+ICA8L3RhYmxlIOOAgOOAgOOAgOOAgOOAgOOAgOOAgOOAgOOAgOOAgOOAgOOAgOOAgCA+ICA8aHI+PHRhYmxlIHdpZHRoPScxMDAlJyBjZWxsc3BhY2luZz0nNScgY2VsbHBhZGRpbmc9JzUnPjx0cj48dGggYmdjb2xvcj0nI0QwMDgwOCc+PGZvbnQgY29sb3I9JyNmZmZmZmYnPu+8geOBlOazqOaWh+WJjeOBq+OBlOeiuuiqjeOBj+OBoOOBleOBhDwvZm9udD48L3RoPjwvdHI+PHRyPjx0ZD7lrp/pmpvjga7llYblk4HjgajnlbDjgarjgovjgqTjg6Hjg7zjgrjnlLvlg4/jgpLliKnnlKjjgZfjgabjgYTjgovloLTlkIjjgYzlvqHluqfjgYTjgb7jgZnjgII8YnI+5b2T5bqX44CB5a6f5bqX6IiX44Go6Ieq56S+44K144Kk44OI44KS5ZCr44KA5YWx5pyJ5Zyo5bqr44Go44Gq44KK44CB44GU5rOo5paH44Gu44K/44Kk44Of44Oz44Kw44Gr44KI44Gj44Gm44Gv5ZWG5ZOB44KS44GU55So5oSP44Gn44GN44Gq44GE5aC05ZCI44GM44GU44GW44GE44G+44GZ44CC44GU55So5oSP5Ye65p2l44Gq44GL44Gj44Gf5aC05ZCI44Gr44Gk44GN44G+44GX44Gm44Gv44CB44GU5rOo5paH44Gu44Kt44Oj44Oz44K744Or44Go44GV44Gb44Gm6aCC44GN44G+44GZ44CC44Gd44Gu5LuW44CB5b2T5bqX44Gu44GU5rOo5paH44Gu5rWB44KM44KS44Oa44O844K45LiL6YOo44Gr44Gm44CB5LqI44KB44GU56K66KqN44GP44Gg44GV44GE44CCPC90ZD48L3RyPjwvdGFibGU+PGJyPg==,44CQ6YCB5paZ54Sh5paZ44CR5b2T56S+77yR44O25pyI6ZaT5L+d6Ki8W+S4reWPpEPjg6njg7Pjgq9d4pagU0FNU1VORyBTYW1zdW5nIEdlYXIyIE5lbyBTTS1SMzgxIE1vY2hhIEdyZXnjgJDlm73lhoXniYjjgJHjgJDlkajovrrmqZ/lmajjgJHkuK3lj6TjgJDkuK3lj6TjgJEg44CQIOODkeOCveOCs+ODs++8hueZveODreODoOOBruOCpOOCquOCt+OCuSDjgJHvvJrkuK3lj6Tjg5Hjgr3jgrPjg7Pjgajnmb3jg63jg6Djga7jgqTjgqrjgrfjgrk=,44K544Oe44O844OI44OV44Kp44Oz44K544Oe44ObU0lN44OV44Oq44O855m944Ot44OgaVBob25lQW5kcm9pZOOCv+ODluODrOODg+ODiGlQYWTmkLrluK/pm7voqbHkuK3lj6Tjg5Hjgr3jgrPjg7Pjg47jg7zjg4jjg5Hjgr3jgrPjg7NpcG9kZG9jb21vc29mdGJhbmthdeODh+OCueOCr+ODiOODg+ODl+ODkeOCveOCs+ODs09mZmljZeS4reWPpFBD44Ki44Km44OI44Os44OD44OI44CQ6YCB5paZ54Sh5paZ44CR5b2T56S+77yR44O25pyI6ZaT5L+d6Ki8W+S4reWPpEPjg6njg7Pjgq9d4pagU0FNU1VORyBTYW1zdW5nIEdlYXIyIE5lbyBTTS1SMzgxIE1vY2hhIEdyZXnjgJDlm73lhoXniYjjgJHjgJDlkajovrrmqZ/lmajjgJHkuK3lj6TjgJDkuK3lj6TjgJEg44CQIOODkeOCveOCs+ODs++8hueZveODreODoOOBruOCpOOCquOCt+OCuSDjgJE=,44CQ5b2T56S+77yR44O25pyI6ZaT5L+d6Ki844CR44CC44CQ6YCB5paZ54Sh5paZ44CR5b2T56S+77yR44O25pyI6ZaT5L+d6Ki8W+S4reWPpEPjg6njg7Pjgq9d4pagU0FNU1VORyBTYW1zdW5nIEdlYXIyIE5lbyBTTS1SMzgxIE1vY2hhIEdyZXnjgJDlm73lhoXniYjjgJHjgJDlkajovrrmqZ/lmajjgJHkuK3lj6TjgJDkuK3lj6TjgJEg44CQIOODkeOCveOCs+ODs++8hueZveODreODoOOBruOCpOOCquOCt+OCuSDjgJE=[rn]
16-187108,aHR0cDovL3RzaG9wLnIxMHMuanAvcGMtZ29vZC9jYWJpbmV0L2lvc3lzX2cvMTEyMDAwXzExMzk5OS8xMTM1MjUuanBnP2ZpdGluPTcwMDo3MDA=,NjM4NC4wMDAw,,44K544Oe44O844OI44OV44Kp44Oz44O744K/44OW44Os44OD44OIID4g44K544Oe44O844OI44OV44Kp44Oz44Ki44Kv44K744K144Oq44O8ID4g44Gd44Gu5LuW,44CQ6YCB5paZ54Sh5paZ44CR5b2T56S+77yR44O25pyI6ZaT5L+d6Ki8W+acquS9v+eUqOWTgV3ilqBTQU1TVU5HIFNhbXN1bmcgR2VhciBWUiBTTS1SMzIzTkJLQVhKUCBbQmx1ZSBCbGFja13jgJDlkajovrrmqZ/lmajjgJHkuK3lj6TjgJDkuK3lj6TjgJEg44CQIOODkeOCveOCs+ODs++8hueZveODreODoOOBruOCpOOCquOCt+OCuSDjgJE=,44CQ5b2T56S+77yR44O25pyI6ZaT5L+d6Ki844CR,PGxpbmsg44CA44CA44CA44CA44CA44CA44CA44CA44CA44CA44CA44CA44CAPSIiIHJlbD0ic3R5bGVzaGVldCIgaHJlZj0iaHR0cDovL3d3dy5yYWt1dGVuLm5lLmpwL2dvbGQvcGMtZ29vZC9hc3NldHMvc3R5bGVzaGVldHMvaXRlbXMvc3R5bGUuY3NzIj4gIDx0YWJsZSDjgIDjgIDjgIDjgIDjgIDjgIDjgIDjgIDjgIDjgIDjgIDjgIDjgIAgY2xhc3M9ImNfX3RhYmxlIGNfX3RhYmxlLWJvcmRlcmVkIj48dHI+PHRoPuOCteOCpOOCujwvdGg+PHRkPue0hDIwNy44KFcpeDEyMi41KEwpeDk4LjYoSCk8L3RkPjwvdHI+PHRyPjx0aD7mkK3ovInjgrvjg7PjgrXjg7w8L3RoPjx0ZD7liqDpgJ/luqbjgrvjg7PjgrXjg7w8Zm9udCBzaXplPSItMSI+LzwvZm9udD7jgrjjg6PjgqTjg63jgrvjg7PjgrXjg7w8Zm9udCBzaXplPSItMSI+LzwvZm9udD7ov5HmjqXjgrvjg7PjgrXjg7w8L3RkPjwvdHI+PHRyPjx0aD7oppbph47op5I8L3RoPjx0ZD4xMDHluqY8L3RkPjwvdHI+PHRyPjx0aD7lr77lv5zjg4fjg5DjgqTjgrk8L3RoPjx0ZD5HYWxheHlTN2VkZ2UgR2FsYXh5UzY8Zm9udCBzaXplPSItMSI+LzwvZm9udD5TNmVkZ2U8Zm9udCBzaXplPSItMSI+LzwvZm9udD5TNmVkZ2UrIEdhbGF4eU5vdGU1KOazqDrnrrHjgahIUOOBq+iomOi8ieOBleOCjOOBn+eJqeOBp+OBguOCiuWFqOOBpuOBruerr+acq+OBp+OBruWLleS9nOeiuuiqjeOBr+OBl+OBpuOBiuOCiuOBvuOBm+OCkyk8L3RkPjwvdHI+PHRyPjx0aD7ph43jgZU8L3RoPjx0ZD7ntIQzNDVnPC90ZD48L3RyPjx0cj48dGg+55m65aOy5pelPC90aD48dGQ+MjAxNuW5tDEx5pyIMTDml6U8L3RkPjwvdHI+PC90YWJsZSDjgIDjgIDjgIDjgIDjgIDjgIDjgIDjgIDjgIDjgIDjgIDjgIDjgIAgPiAgPHRhYmxlIOOAgOOAgOOAgOOAgOOAgOOAgOOAgOOAgOOAgOOAgOOAgOOAgOOAgCBjbGFzcz0iY19fdGFibGUgY19fdGFibGUtYm9yZGVyZWQiPiAgPHRyPjx0aD7ku5jlsZ7lk4E8L3RoPjx0ZD7nrrHjgIDjg4jjg4Pjg5fjg5jjg4Pjg4njgrnjg4jjg6njg4Pjg5fjgIDjg6HjgqTjg7Pjgrnjg4jjg6njg4Pjg5fjgIDlj5bmibHoqqzmmI7mm7ggTWljcm9VU0LjgrPjg43jgq/jgr/jg7w8L3RkPjwvdHI+ICA8dHI+PHRoPuS/neiovOacn+mWkzwvdGg+PHRkPuW9k+ekvu+8keODtuaciOmWk+S/neiovDxicj7kv53oqLzjga7oqbPjgZfjgYTlhoXlrrnjga/jgZPjgaHjgonjgafjgZTnorroqo3jgY/jgaDjgZXjgYQ8L3RkPjwvdHI+ICA8dHI+PHRoPuOBneOBruS7lueJueiomOS6i+mghTwvdGg+PHRkPk9jdWx1cyBWUuekvuOBqOWFseWQjOmWi+eZuuOBl+OBn+ODmOODg+ODieODnuOCpuODs+ODiOODh+OCo+OCueODl+ODrOOCpOOAgjwvdGQ+PC90cj4gIDx0cj48dGg+5ZWG5ZOB54q25oWL44Gu6Kqs5piOPC90aD48dGQ+6ZaL5bCB44GX44Gm44GE44G+44GZ44GM44CB5L2/55So44GV44KM44Gm44GE44Gq44GE54mp44Go44Gq44KK44G+44GZ44CC44Kx44O844K/44Kk5pyq5L2/55So5ZOB44Gr6Zai44GX44G+44GX44Gm44Gv44CB6YCa6Zu756K66KqN5Y+K44Gz5Yid5pyf5YyW44Gu5L2c5qWt44GM6KGM44Gq44KP44KM44Gm44GK44KK44G+44GZ44CCPC90ZD48L3RyPiAgPC90YWJsZSDjgIDjgIDjgIDjgIDjgIDjgIDjgIDjgIDjgIDjgIDjgIDjgIDjgIAgPiAgPGhyPjx0YWJsZSB3aWR0aD0nMTAwJScgY2VsbHNwYWNpbmc9JzUnIGNlbGxwYWRkaW5nPSc1Jz48dHI+PHRoIGJnY29sb3I9JyNEMDA4MDgnPjxmb250IGNvbG9yPScjZmZmZmZmJz7vvIHjgZTms6jmlofliY3jgavjgZTnorroqo3jgY/jgaDjgZXjgYQ8L2ZvbnQ+PC90aD48L3RyPjx0cj48dGQ+5a6f6Zqb44Gu5ZWG5ZOB44Go55Ww44Gq44KL44Kk44Oh44O844K455S75YOP44KS5Yip55So44GX44Gm44GE44KL5aC05ZCI44GM5b6h5bqn44GE44G+44GZ44CCPGJyPuW9k+W6l+OAgeWun+W6l+iIl+OBqOiHquekvuOCteOCpOODiOOCkuWQq+OCgOWFseacieWcqOW6q+OBqOOBquOCiuOAgeOBlOazqOaWh+OBruOCv+OCpOODn+ODs+OCsOOBq+OCiOOBo+OBpuOBr+WVhuWTgeOCkuOBlOeUqOaEj+OBp+OBjeOBquOBhOWgtOWQiOOBjOOBlOOBluOBhOOBvuOBmeOAguOBlOeUqOaEj+WHuuadpeOBquOBi+OBo+OBn+WgtOWQiOOBq+OBpOOBjeOBvuOBl+OBpuOBr+OAgeOBlOazqOaWh+OBruOCreODo+ODs+OCu+ODq+OBqOOBleOBm+OBpumgguOBjeOBvuOBmeOAguOBneOBruS7luOAgeW9k+W6l+OBruOBlOazqOaWh+OBrua1geOCjOOCkuODmuODvOOCuOS4i+mDqOOBq+OBpuOAgeS6iOOCgeOBlOeiuuiqjeOBj+OBoOOBleOBhOOAgjwvdGQ+PC90cj48L3RhYmxlPjxicj4=,44CQ6YCB5paZ54Sh5paZ44CR5b2T56S+77yR44O25pyI6ZaT5L+d6Ki8W+acquS9v+eUqOWTgV3ilqBTQU1TVU5HIFNhbXN1bmcgR2VhciBWUiBTTS1SMzIzTkJLQVhKUCBbQmx1ZSBCbGFja13jgJDlkajovrrmqZ/lmajjgJHkuK3lj6TjgJDkuK3lj6TjgJEg44CQIOODkeOCveOCs+ODs++8hueZveODreODoOOBruOCpOOCquOCt+OCuSDjgJHvvJrkuK3lj6Tjg5Hjgr3jgrPjg7Pjgajnmb3jg63jg6Djga7jgqTjgqrjgrfjgrk=,44K544Oe44O844OI44OV44Kp44Oz44K544Oe44ObU0lN44OV44Oq44O855m944Ot44OgaVBob25lQW5kcm9pZOOCv+ODluODrOODg+ODiGlQYWTmkLrluK/pm7voqbHkuK3lj6Tjg5Hjgr3jgrPjg7Pjg47jg7zjg4jjg5Hjgr3jgrPjg7NpcG9kZG9jb21vc29mdGJhbmthdeODh+OCueOCr+ODiOODg+ODl+ODkeOCveOCs+ODs09mZmljZeS4reWPpFBD44Ki44Km44OI44Os44OD44OI44CQ6YCB5paZ54Sh5paZ44CR5b2T56S+77yR44O25pyI6ZaT5L+d6Ki8W+acquS9v+eUqOWTgV3ilqBTQU1TVU5HIFNhbXN1bmcgR2VhciBWUiBTTS1SMzIzTkJLQVhKUCBbQmx1ZSBCbGFja13jgJDlkajovrrmqZ/lmajjgJHkuK3lj6TjgJDkuK3lj6TjgJEg44CQIOODkeOCveOCs+ODs++8hueZveODreODoOOBruOCpOOCquOCt+OCuSDjgJE=,44CQ5b2T56S+77yR44O25pyI6ZaT5L+d6Ki844CR44CC44CQ6YCB5paZ54Sh5paZ44CR5b2T56S+77yR44O25pyI6ZaT5L+d6Ki8W+acquS9v+eUqOWTgV3ilqBTQU1TVU5HIFNhbXN1bmcgR2VhciBWUiBTTS1SMzIzTkJLQVhKUCBbQmx1ZSBCbGFja13jgJDlkajovrrmqZ/lmajjgJHkuK3lj6TjgJDkuK3lj6TjgJEg44CQIOODkeOCveOCs+ODs++8hueZveODreODoOOBruOCpOOCquOCt+OCuSDjgJE=[rn]
16-187109,aHR0cDovL3RzaG9wLnIxMHMuanAvcGMtZ29vZC9jYWJpbmV0L2lvc3lzX2cvOTQwMDBfOTU5OTkvOTQ5NzguanBnP2ZpdGluPTcwMDo3MDA=,OTQ0MC4wMDAw,,44K544Oe44O844OI44OV44Kp44Oz44O744K/44OW44Os44OD44OIID4g44K544Oe44O844OI44OV44Kp44Oz44Ki44Kv44K744K144Oq44O8ID4g44Gd44Gu5LuW,44CQ6YCB5paZ54Sh5paZ44CR5b2T56S+77yR6YCx6ZaT5L+d6Ki8W+aWsOWTgV3ilqBBcHBsZSBBcHBsZSBQZW5jaWwgTUswQzJKL0HjgJDlkajovrrmqZ/lmajjgJEg44CQIOODkeOCveOCs+ODs++8hueZveODreODoOOBruOCpOOCquOCt+OCuSDjgJE=,44CQ5b2T56S+77yR6YCx6ZaT5L+d6Ki844CR,PGxpbmsg44CA44CA44CA44CA44CA44CA44CA44CA44CA44CA44CA44CA44CAPSIiIHJlbD0ic3R5bGVzaGVldCIgaHJlZj0iaHR0cDovL3d3dy5yYWt1dGVuLm5lLmpwL2dvbGQvcGMtZ29vZC9hc3NldHMvc3R5bGVzaGVldHMvaXRlbXMvc3R5bGUuY3NzIj4gIDxwPiDigLs8L3A+ICA8dGFibGUg44CA44CA44CA44CA44CA44CA44CA44CA44CA44CA44CA44CA44CAIGNsYXNzPSJjX190YWJsZSBjX190YWJsZS1ib3JkZXJlZCI+ICA8dHI+PHRoPuS7mOWxnuWTgTwvdGg+PHRkPuKAuzwvdGQ+PC90cj4gIDx0cj48dGg+5L+d6Ki85pyf6ZaTPC90aD48dGQ+5b2T56S+77yR6YCx6ZaT5L+d6Ki8PGJyPuS/neiovOOBruips+OBl+OBhOWGheWuueOBr+OBk+OBoeOCieOBp+OBlOeiuuiqjeOBj+OBoOOBleOBhDwvdGQ+PC90cj4gIDx0cj48dGg+44Gd44Gu5LuW54m56KiY5LqL6aCFPC90aD48dGQ+4oC7PC90ZD48L3RyPiAgPHRyPjx0aD7llYblk4HnirbmhYvjga7oqqzmmI48L3RoPjx0ZD7mlrDlk4Hjga7llYblk4Hjgajjgarjgorjgb7jgZnjgII8L3RkPjwvdHI+ICA8L3RhYmxlIOOAgOOAgOOAgOOAgOOAgOOAgOOAgOOAgOOAgOOAgOOAgOOAgOOAgCA+ICA8aHI+PHRhYmxlIHdpZHRoPScxMDAlJyBjZWxsc3BhY2luZz0nNScgY2VsbHBhZGRpbmc9JzUnPjx0cj48dGggYmdjb2xvcj0nI0QwMDgwOCc+PGZvbnQgY29sb3I9JyNmZmZmZmYnPu+8geOBlOazqOaWh+WJjeOBq+OBlOeiuuiqjeOBj+OBoOOBleOBhDwvZm9udD48L3RoPjwvdHI+PHRyPjx0ZD7lrp/pmpvjga7llYblk4HjgajnlbDjgarjgovjgqTjg6Hjg7zjgrjnlLvlg4/jgpLliKnnlKjjgZfjgabjgYTjgovloLTlkIjjgYzlvqHluqfjgYTjgb7jgZnjgII8YnI+5b2T5bqX44CB5a6f5bqX6IiX44Go6Ieq56S+44K144Kk44OI44KS5ZCr44KA5YWx5pyJ5Zyo5bqr44Go44Gq44KK44CB44GU5rOo5paH44Gu44K/44Kk44Of44Oz44Kw44Gr44KI44Gj44Gm44Gv5ZWG5ZOB44KS44GU55So5oSP44Gn44GN44Gq44GE5aC05ZCI44GM44GU44GW44GE44G+44GZ44CC44GU55So5oSP5Ye65p2l44Gq44GL44Gj44Gf5aC05ZCI44Gr44Gk44GN44G+44GX44Gm44Gv44CB44GU5rOo5paH44Gu44Kt44Oj44Oz44K744Or44Go44GV44Gb44Gm6aCC44GN44G+44GZ44CC44Gd44Gu5LuW44CB5b2T5bqX44Gu44GU5rOo5paH44Gu5rWB44KM44KS44Oa44O844K45LiL6YOo44Gr44Gm44CB5LqI44KB44GU56K66KqN44GP44Gg44GV44GE44CCPC90ZD48L3RyPjwvdGFibGU+PGJyPg==,44CQ6YCB5paZ54Sh5paZ44CR5b2T56S+77yR6YCx6ZaT5L+d6Ki8W+aWsOWTgV3ilqBBcHBsZSBBcHBsZSBQZW5jaWwgTUswQzJKL0HjgJDlkajovrrmqZ/lmajjgJEg44CQIOODkeOCveOCs+ODs++8hueZveODreODoOOBruOCpOOCquOCt+OCuSDjgJHvvJrkuK3lj6Tjg5Hjgr3jgrPjg7Pjgajnmb3jg63jg6Djga7jgqTjgqrjgrfjgrk=,44K544Oe44O844OI44OV44Kp44Oz44K544Oe44ObU0lN44OV44Oq44O855m944Ot44OgaVBob25lQW5kcm9pZOOCv+ODluODrOODg+ODiGlQYWTmkLrluK/pm7voqbHkuK3lj6Tjg5Hjgr3jgrPjg7Pjg47jg7zjg4jjg5Hjgr3jgrPjg7NpcG9kZG9jb21vc29mdGJhbmthdeODh+OCueOCr+ODiOODg+ODl+ODkeOCveOCs+ODs09mZmljZeS4reWPpFBD44Ki44Km44OI44Os44OD44OI44CQ6YCB5paZ54Sh5paZ44CR5b2T56S+77yR6YCx6ZaT5L+d6Ki8W+aWsOWTgV3ilqBBcHBsZSBBcHBsZSBQZW5jaWwgTUswQzJKL0HjgJDlkajovrrmqZ/lmajjgJEg44CQIOODkeOCveOCs+ODs++8hueZveODreODoOOBruOCpOOCquOCt+OCuSDjgJE=,44CQ5b2T56S+77yR6YCx6ZaT5L+d6Ki844CR44CC44CQ6YCB5paZ54Sh5paZ44CR5b2T56S+77yR6YCx6ZaT5L+d6Ki8W+aWsOWTgV3ilqBBcHBsZSBBcHBsZSBQZW5jaWwgTUswQzJKL0HjgJDlkajovrrmqZ/lmajjgJEg44CQIOODkeOCveOCs+ODs++8hueZveODreODoOOBruOCpOOCquOCt+OCuSDjgJE=[rn]
16-187110,aHR0cDovL3RzaG9wLnIxMHMuanAvcGMtZ29vZC9jYWJpbmV0L2lvc3lzX2cvMTA2MDAwXzEwNzk5OS8xMDYwNTRfMS5qcGc/Zml0aW49NzAwOjcwMA==,ODY0MC4wMDAw,,44K544Oe44O844OI44OV44Kp44Oz44O744K/44OW44Os44OD44OIID4g44K544Oe44O844OI44OV44Kp44Oz44Ki44Kv44K744K144Oq44O8ID4g44Gd44Gu5LuW,44CQ6YCB5paZ54Sh5paZ44CR5b2T56S+77yR6YCx6ZaT5L+d6Ki8W+acquS9v+eUqOWTgV3ilqBBcHBsZSBBcHBsZSBQZW5jaWwgTUswQzJKL0HjgJDlkajovrrmqZ/lmajjgJHkuK3lj6TjgJDkuK3lj6TjgJEg44CQIOODkeOCveOCs+ODs++8hueZveODreODoOOBruOCpOOCquOCt+OCuSDjgJE=,44CQ5b2T56S+77yR6YCx6ZaT5L+d6Ki844CR,PGxpbmsg44CA44CA44CA44CA44CA44CA44CA44CA44CA44CA44CA44CA44CAPSIiIHJlbD0ic3R5bGVzaGVldCIgaHJlZj0iaHR0cDovL3d3dy5yYWt1dGVuLm5lLmpwL2dvbGQvcGMtZ29vZC9hc3NldHMvc3R5bGVzaGVldHMvaXRlbXMvc3R5bGUuY3NzIj4gIDxwPiDjgrXjgqTjgrog6ZW344GV57SEMTc1bW3Dl+ebtOW+hOe0hDguOG1tIOizqumHjyDntIQyMWcgPC9wPiAgPHRhYmxlIOOAgOOAgOOAgOOAgOOAgOOAgOOAgOOAgOOAgOOAgOOAgOOAgOOAgCBjbGFzcz0iY19fdGFibGUgY19fdGFibGUtYm9yZGVyZWQiPiAgPHRyPjx0aD7ku5jlsZ7lk4E8L3RoPjx0ZD7nrrEvTGlnaHRuaW5n44Kz44ON44Kv44K/L+S6pOaPm+eUqOODmuODs+WFiC/jg57jg4vjg6XjgqLjg6s8L3RkPjwvdHI+ICA8dHI+PHRoPuS/neiovOacn+mWkzwvdGg+PHRkPuW9k+ekvu+8kemAsemWk+S/neiovDxicj7kv53oqLzjga7oqbPjgZfjgYTlhoXlrrnjga/jgZPjgaHjgonjgafjgZTnorroqo3jgY/jgaDjgZXjgYQ8L3RkPjwvdHI+ICA8dHI+PHRoPuOBneOBruS7lueJueiomOS6i+mghTwvdGg+PHRkPjwvdGQ+PC90cj4gIDx0cj48dGg+5ZWG5ZOB54q25oWL44Gu6Kqs5piOPC90aD48dGQ+6ZaL5bCB44GX44Gm44GE44G+44GZ44GM44CB5L2/55So44GV44KM44Gm44GE44Gq44GE54mp44Go44Gq44KK44G+44GZ44CC44Kx44O844K/44Kk5pyq5L2/55So5ZOB44Gr6Zai44GX44G+44GX44Gm44Gv44CB6YCa6Zu756K66KqN5Y+K44Gz5Yid5pyf5YyW44Gu5L2c5qWt44GM6KGM44Gq44KP44KM44Gm44GK44KK44G+44GZ44CCPC90ZD48L3RyPiAgPC90YWJsZSDjgIDjgIDjgIDjgIDjgIDjgIDjgIDjgIDjgIDjgIDjgIDjgIDjgIAgPiAgPGhyPjx0YWJsZSB3aWR0aD0nMTAwJScgY2VsbHNwYWNpbmc9JzUnIGNlbGxwYWRkaW5nPSc1Jz48dHI+PHRoIGJnY29sb3I9JyNEMDA4MDgnPjxmb250IGNvbG9yPScjZmZmZmZmJz7vvIHjgZTms6jmlofliY3jgavjgZTnorroqo3jgY/jgaDjgZXjgYQ8L2ZvbnQ+PC90aD48L3RyPjx0cj48dGQ+5a6f6Zqb44Gu5ZWG5ZOB44Go55Ww44Gq44KL44Kk44Oh44O844K455S75YOP44KS5Yip55So44GX44Gm44GE44KL5aC05ZCI44GM5b6h5bqn44GE44G+44GZ44CCPGJyPuW9k+W6l+OAgeWun+W6l+iIl+OBqOiHquekvuOCteOCpOODiOOCkuWQq+OCgOWFseacieWcqOW6q+OBqOOBquOCiuOAgeOBlOazqOaWh+OBruOCv+OCpOODn+ODs+OCsOOBq+OCiOOBo+OBpuOBr+WVhuWTgeOCkuOBlOeUqOaEj+OBp+OBjeOBquOBhOWgtOWQiOOBjOOBlOOBluOBhOOBvuOBmeOAguOBlOeUqOaEj+WHuuadpeOBquOBi+OBo+OBn+WgtOWQiOOBq+OBpOOBjeOBvuOBl+OBpuOBr+OAgeOBlOazqOaWh+OBruOCreODo+ODs+OCu+ODq+OBqOOBleOBm+OBpumgguOBjeOBvuOBmeOAguOBneOBruS7luOAgeW9k+W6l+OBruOBlOazqOaWh+OBrua1geOCjOOCkuODmuODvOOCuOS4i+mDqOOBq+OBpuOAgeS6iOOCgeOBlOeiuuiqjeOBj+OBoOOBleOBhOOAgjwvdGQ+PC90cj48L3RhYmxlPjxicj4=,44CQ6YCB5paZ54Sh5paZ44CR5b2T56S+77yR6YCx6ZaT5L+d6Ki8W+acquS9v+eUqOWTgV3ilqBBcHBsZSBBcHBsZSBQZW5jaWwgTUswQzJKL0HjgJDlkajovrrmqZ/lmajjgJHkuK3lj6TjgJDkuK3lj6TjgJEg44CQIOODkeOCveOCs+ODs++8hueZveODreODoOOBruOCpOOCquOCt+OCuSDjgJHvvJrkuK3lj6Tjg5Hjgr3jgrPjg7Pjgajnmb3jg63jg6Djga7jgqTjgqrjgrfjgrk=,44K544Oe44O844OI44OV44Kp44Oz44K544Oe44ObU0lN44OV44Oq44O855m944Ot44OgaVBob25lQW5kcm9pZOOCv+ODluODrOODg+ODiGlQYWTmkLrluK/pm7voqbHkuK3lj6Tjg5Hjgr3jgrPjg7Pjg47jg7zjg4jjg5Hjgr3jgrPjg7NpcG9kZG9jb21vc29mdGJhbmthdeODh+OCueOCr+ODiOODg+ODl+ODkeOCveOCs+ODs09mZmljZeS4reWPpFBD44Ki44Km44OI44Os44OD44OI44CQ6YCB5paZ54Sh5paZ44CR5b2T56S+77yR6YCx6ZaT5L+d6Ki8W+acquS9v+eUqOWTgV3ilqBBcHBsZSBBcHBsZSBQZW5jaWwgTUswQzJKL0HjgJDlkajovrrmqZ/lmajjgJHkuK3lj6TjgJDkuK3lj6TjgJEg44CQIOODkeOCveOCs+ODs++8hueZveODreODoOOBruOCpOOCquOCt+OCuSDjgJE=,44CQ5b2T56S+77yR6YCx6ZaT5L+d6Ki844CR44CC44CQ6YCB5paZ54Sh5paZ44CR5b2T56S+77yR6YCx6ZaT5L+d6Ki8W+acquS9v+eUqOWTgV3ilqBBcHBsZSBBcHBsZSBQZW5jaWwgTUswQzJKL0HjgJDlkajovrrmqZ/lmajjgJHkuK3lj6TjgJDkuK3lj6TjgJEg44CQIOODkeOCveOCs+ODs++8hueZveODreODoOOBruOCpOOCquOCt+OCuSDjgJE=[rn]
16-187111,aHR0cDovL3RzaG9wLnIxMHMuanAvcGMtZ29vZC9jYWJpbmV0L2lvc3lzX2cvbm9faXRlbS5qcGc/Zml0aW49NzAwOjcwMA==,MTU4NC4wMDAw,,44K544Oe44O844OI44OV44Kp44Oz44O744K/44OW44Os44OD44OIID4g44K544Oe44O844OI44OV44Kp44Oz44Ki44Kv44K744K144Oq44O8ID4g44Gd44Gu5LuW,44CQ6YCB5paZ54Sh5paZ44CR5b2T56S+77yR6YCx6ZaT5L+d6Ki8W+aWsOWTgV3ilqBDWUJFUiBQQVJLIExpbWl0ZWQg44CQVVNCMy4wL1RZUEUtQ+OCseODvOODluODq+OAkSBVU0IzLjAgVVNC44K/44Kk44OXQ+OCseODvOODluODqyDjg5vjg6/jgqTjg4gg44CQVVNCdHlwZUMtVVNCKEEp44Kq44K544CR44CQ5ZGo6L665qmf5Zmo44CRIOOAkCDjg5Hjgr3jgrPjg7PvvIbnmb3jg63jg6Djga7jgqTjgqrjgrfjgrkg44CR,44CQ5b2T56S+77yR6YCx6ZaT5L+d6Ki844CR,PGxpbmsg44CA44CA44CA44CA44CA44CA44CA44CA44CA44CA44CA44CA44CAPSIiIHJlbD0ic3R5bGVzaGVldCIgaHJlZj0iaHR0cDovL3d3dy5yYWt1dGVuLm5lLmpwL2dvbGQvcGMtZ29vZC9hc3NldHMvc3R5bGVzaGVldHMvaXRlbXMvc3R5bGUuY3NzIj4gIDx0YWJsZSDjgIDjgIDjgIDjgIDjgIDjgIDjgIDjgIDjgIDjgIDjgIDjgIDjgIAgY2xhc3M9ImNfX3RhYmxlIGNfX3RhYmxlLWJvcmRlcmVkIj48dHI+PHRoPuWvvuW/nDwvdGg+PHRkPnR5cGVD44KS5o6h55So44GX44Gm44GE44KL5qmf5ZmoPC90ZD48L3RyPjx0cj48dGg+5o6l57aaPC90aD48dGQ+VVNCMy4xKFR5cGVD44Kq44K5Ke+8jVVTQjMuMChUeXBlQeOCquOCuSk8L3RkPjwvdHI+PC90YWJsZSDjgIDjgIDjgIDjgIDjgIDjgIDjgIDjgIDjgIDjgIDjgIDjgIDjgIAgPiAgPHRhYmxlIOOAgOOAgOOAgOOAgOOAgOOAgOOAgOOAgOOAgOOAgOOAgOOAgOOAgCBjbGFzcz0iY19fdGFibGUgY19fdGFibGUtYm9yZGVyZWQiPiAgPHRyPjx0aD7ku5jlsZ7lk4E8L3RoPjx0ZD7mnKzkvZPjga7jgb88L3RkPjwvdHI+ICA8dHI+PHRoPuS/neiovOacn+mWkzwvdGg+PHRkPuW9k+ekvu+8kemAsemWk+S/neiovDxicj7kv53oqLzjga7oqbPjgZfjgYTlhoXlrrnjga/jgZPjgaHjgonjgafjgZTnorroqo3jgY/jgaDjgZXjgYQ8L3RkPjwvdHI+ICA8dHI+PHRoPuOBneOBruS7lueJueiomOS6i+mghTwvdGg+PHRkPlVTQiBQb3dlciBEZWxpdmVyee+8iFVTQiBQRO+8ieOBq+OBr+WvvuW/nOOBl+OBpuOBiuOCiuOBvuOBm+OCkzwvdGQ+PC90cj4gIDx0cj48dGg+5ZWG5ZOB54q25oWL44Gu6Kqs5piOPC90aD48dGQ+5paw5ZOB44Gu5ZWG5ZOB44Go44Gq44KK44G+44GZ44CCPC90ZD48L3RyPiAgPC90YWJsZSDjgIDjgIDjgIDjgIDjgIDjgIDjgIDjgIDjgIDjgIDjgIDjgIDjgIAgPiAgPGhyPjx0YWJsZSB3aWR0aD0nMTAwJScgY2VsbHNwYWNpbmc9JzUnIGNlbGxwYWRkaW5nPSc1Jz48dHI+PHRoIGJnY29sb3I9JyNEMDA4MDgnPjxmb250IGNvbG9yPScjZmZmZmZmJz7vvIHjgZTms6jmlofliY3jgavjgZTnorroqo3jgY/jgaDjgZXjgYQ8L2ZvbnQ+PC90aD48L3RyPjx0cj48dGQ+5a6f6Zqb44Gu5ZWG5ZOB44Go55Ww44Gq44KL44Kk44Oh44O844K455S75YOP44KS5Yip55So44GX44Gm44GE44KL5aC05ZCI44GM5b6h5bqn44GE44G+44GZ44CCPGJyPuW9k+W6l+OAgeWun+W6l+iIl+OBqOiHquekvuOCteOCpOODiOOCkuWQq+OCgOWFseacieWcqOW6q+OBqOOBquOCiuOAgeOBlOazqOaWh+OBruOCv+OCpOODn+ODs+OCsOOBq+OCiOOBo+OBpuOBr+WVhuWTgeOCkuOBlOeUqOaEj+OBp+OBjeOBquOBhOWgtOWQiOOBjOOBlOOBluOBhOOBvuOBmeOAguOBlOeUqOaEj+WHuuadpeOBquOBi+OBo+OBn+WgtOWQiOOBq+OBpOOBjeOBvuOBl+OBpuOBr+OAgeOBlOazqOaWh+OBruOCreODo+ODs+OCu+ODq+OBqOOBleOBm+OBpumgguOBjeOBvuOBmeOAguOBneOBruS7luOAgeW9k+W6l+OBruOBlOazqOaWh+OBrua1geOCjOOCkuODmuODvOOCuOS4i+mDqOOBq+OBpuOAgeS6iOOCgeOBlOeiuuiqjeOBj+OBoOOBleOBhOOAgjwvdGQ+PC90cj48L3RhYmxlPjxicj4=,44CQ6YCB5paZ54Sh5paZ44CR5b2T56S+77yR6YCx6ZaT5L+d6Ki8W+aWsOWTgV3ilqBDWUJFUiBQQVJLIExpbWl0ZWQg44CQVVNCMy4wL1RZUEUtQ+OCseODvOODluODq+OAkSBVU0IzLjAgVVNC44K/44Kk44OXQ+OCseODvOODluODqyDjg5vjg6/jgqTjg4gg44CQVVNCdHlwZUMtVVNCKEEp44Kq44K544CR44CQ5ZGo6L665qmf5Zmo44CRIOOAkCDjg5Hjgr3jgrPjg7PvvIbnmb3jg63jg6Djga7jgqTjgqrjgrfjgrkg44CR77ya5Lit5Y+k44OR44K944Kz44Oz44Go55m944Ot44Og44Gu44Kk44Kq44K344K5,44K544Oe44O844OI44OV44Kp44Oz44K544Oe44ObU0lN44OV44Oq44O855m944Ot44OgaVBob25lQW5kcm9pZOOCv+ODluODrOODg+ODiGlQYWTmkLrluK/pm7voqbHkuK3lj6Tjg5Hjgr3jgrPjg7Pjg47jg7zjg4jjg5Hjgr3jgrPjg7NpcG9kZG9jb21vc29mdGJhbmthdeODh+OCueOCr+ODiOODg+ODl+ODkeOCveOCs+ODs09mZmljZeS4reWPpFBD44Ki44Km44OI44Os44OD44OI44CQ6YCB5paZ54Sh5paZ44CR5b2T56S+77yR6YCx6ZaT5L+d6Ki8W+aWsOWTgV3ilqBDWUJFUiBQQVJLIExpbWl0ZWQg44CQVVNCMy4wL1RZUEUtQ+OCseODvOODluODq+OAkSBVU0IzLjAgVVNC44K/44Kk44OXQ+OCseODvOODluODqyDjg5vjg6/jgqTjg4gg44CQVVNCdHlwZUMtVVNCKEEp44Kq44K544CR44CQ5ZGo6L665qmf5Zmo44CRIOOAkCDjg5Hjgr3jgrPjg7PvvIbnmb3jg63jg6Djga7jgqTjgqrjgrfjgrkg44CR,44CQ5b2T56S+77yR6YCx6ZaT5L+d6Ki844CR44CC44CQ6YCB5paZ54Sh5paZ44CR5b2T56S+77yR6YCx6ZaT5L+d6Ki8W+aWsOWTgV3ilqBDWUJFUiBQQVJLIExpbWl0ZWQg44CQVVNCMy4wL1RZUEUtQ+OCseODvOODluODq+OAkSBVU0IzLjAgVVNC44K/44Kk44OXQ+OCseODvOODluODqyDjg5vjg6/jgqTjg4gg44CQVVNCdHlwZUMtVVNCKEEp44Kq44K544CR44CQ5ZGo6L665qmf5Zmo44CRIOOAkCDjg5Hjgr3jgrPjg7PvvIbnmb3jg63jg6Djga7jgqTjgqrjgrfjgrkg44CR[rn]
16-187112,aHR0cDovL3RzaG9wLnIxMHMuanAvcGMtZ29vZC9jYWJpbmV0L2lvc3lzX2cvODgwMDBfODk5OTkvODkzMjkuanBnP2ZpdGluPTcwMDo3MDA=,MjM4NDAuMDAwMA==,,44K544Oe44O844OI44OV44Kp44Oz44O744K/44OW44Os44OD44OIID4g44K544Oe44O844OI44OV44Kp44Oz44Ki44Kv44K744K144Oq44O8ID4g44Gd44Gu5LuW,44CQ6YCB5paZ54Sh5paZ44CR5b2T56S+77yR44O25pyI6ZaT5L+d6Ki8W+S4reWPpELjg6njg7Pjgq9d4pagQXBwbGUgQXBwbGUgV2F0Y2ggNDJtbSAoTUozWDJKL0EpIOOAkOOCueODhuODs+ODrOOCueOCueODgeODvOODqy/jg5bjg6njg4Pjgq/jgq/jg6njgrfjg4Pjgq/jg5Djg4Pjgq/jg6vjgJEg44CQ5ZGo6L665qmf5Zmo44CR5Lit5Y+k44CQ5Lit5Y+k44CRIOOAkCDjg5Hjgr3jgrPjg7PvvIbnmb3jg63jg6Djga7jgqTjgqrjgrfjgrkg44CR,44CQ5b2T56S+77yR44O25pyI6ZaT5L+d6Ki844CR,PGxpbmsg44CA44CA44CA44CA44CA44CA44CA44CA44CA44CA44CA44CA44CAPSIiIHJlbD0ic3R5bGVzaGVldCIgaHJlZj0iaHR0cDovL3d3dy5yYWt1dGVuLm5lLmpwL2dvbGQvcGMtZ29vZC9hc3NldHMvc3R5bGVzaGVldHMvaXRlbXMvc3R5bGUuY3NzIj4gIDx0YWJsZSDjgIDjgIDjgIDjgIDjgIDjgIDjgIDjgIDjgIDjgIDjgIDjgIDjgIAgY2xhc3M9ImNfX3RhYmxlIGNfX3RhYmxlLWJvcmRlcmVkIj48dHI+PHRoPuODh+OCo+OCueODl+ODrOOCpDwvdGg+PHRkPlJldGluYeODh+OCo+OCueODl+ODrOOCpDwvdGQ+PC90cj48dHI+PHRoPumAmuS/oTwvdGg+PHRkPldpLUZpICg4MDIuMTFiPGZvbnQgc2l6ZT0iLTEiPi88L2ZvbnQ+Zzxmb250IHNpemU9Ii0xIj4vPC9mb250Pm4gMi40R0h6KTxmb250IHNpemU9Ii0xIj4vPC9mb250PkJsdWV0b290aCA0LjA8L3RkPjwvdHI+PHRyPjx0aD7jgZ3jga7ku5Y8L3RoPjx0ZD7lv4Pmi43jgrvjg7PjgrXjg7w8Zm9udCBzaXplPSItMSI+LzwvZm9udD7liqDpgJ/luqbjgrvjg7PjgrXjg7w8Zm9udCBzaXplPSItMSI+LzwvZm9udD7jgrjjg6PjgqTjg63jgrnjgrPjg7zjg5c8Zm9udCBzaXplPSItMSI+LzwvZm9udD7nkrDlooPlhYnjgrvjg7PjgrXjg7w8L3RkPjwvdHI+PHRyPjx0aD7pmLLmsLQ8L3RoPjx0ZD5JUFg3PC90ZD48L3RyPjx0cj48dGg+44K144Kk44K6PC90aD48dGQ+57imNDIq5qiqMzUuOSrljprjgZUxMC41bW08L3RkPjwvdHI+PHRyPjx0aD7pp4bli5XmmYLplpM8L3RoPjx0ZD7mnIDlpKcxOOaZgumWkzwvdGQ+PC90cj48dHI+PHRoPumHjemHjzwvdGg+PHRkPue0hDUwZzwvdGQ+PC90cj48L3RhYmxlIOOAgOOAgOOAgOOAgOOAgOOAgOOAgOOAgOOAgOOAgOOAgOOAgOOAgCA+ICA8dGFibGUg44CA44CA44CA44CA44CA44CA44CA44CA44CA44CA44CA44CA44CAIGNsYXNzPSJjX190YWJsZSBjX190YWJsZS1ib3JkZXJlZCI+ICA8dHI+PHRoPuS7mOWxnuWTgTwvdGg+PHRkPueusS/jg57jgrDjg43jg4Pjg4jlvI/lhYXpm7vjgrHjg7zjg5bjg6svVVNC6Zu75rqQ44Ki44OA44OX44K/L+ODkOODs+ODiS/jgq/jgqTjg4Pjgq/jgrnjgr/jg7zjg4jjgqzjgqTjg4k8L3RkPjwvdHI+ICA8dHI+PHRoPuS/neiovOacn+mWkzwvdGg+PHRkPuW9k+ekvu+8keODtuaciOmWk+S/neiovDxicj7kv53oqLzjga7oqbPjgZfjgYTlhoXlrrnjga/jgZPjgaHjgonjgafjgZTnorroqo3jgY/jgaDjgZXjgYQ8L3RkPjwvdHI+ICA8dHI+PHRoPuOBneOBruS7lueJueiomOS6i+mghTwvdGg+PHRkPjwvdGQ+PC90cj4gIDx0cj48dGg+5ZWG5ZOB54q25oWL44Gu6Kqs5piOPC90aD48dGQ+5Lit5Y+k5ZWG5ZOB54m55pyJ44Gu57WM5bm05Yqj5YyW44GM6KaL44KJ44KM44KL54q25oWL44Gn44GZ44GM44CB6YCa5bi45L2/55So44Gr44Gv5ZWP6aGM5pyJ44KK44G+44Gb44KT44CCPEJSPue1jOW5tOWKo+WMluOBruips+OBl+OBhOiqrOaYjuOBr+OBk+OBoeOCieOBq+OBpuOBlOeiuuiqjeS4i+OBleOBhDxCUj7opIfmlbDlj7DlnKjluqvjgZfjgabjgYTjgovllYblk4Hjga7lhpnnnJ/jgavplqLjgZfjgabjga/jgIHjgarjgovjgbnjgY/mqJnmupbnmoTjgarlpJboo4XnirbmhYvjga7jgoLjga7jgpLpgbjjgpPjgafmkq7lvbHjgZfjgabjgYrjgorjgb7jgZnjgILlhpnnnJ/jga7llYblk4Hjga/jgYrmiYvlhYPjgavlsYrjgY/lgIvkvZPjgajjgYTjgYbjgo/jgZHjgafjga/lvqHluqfjgYTjgb7jgZvjgpPjga7jgafkuojjgoHjgZTkuobmib/kuIvjgZXjgYTjgII8L3RkPjwvdHI+ICA8L3RhYmxlIOOAgOOAgOOAgOOAgOOAgOOAgOOAgOOAgOOAgOOAgOOAgOOAgOOAgCA+ICA8aHI+PHRhYmxlIHdpZHRoPScxMDAlJyBjZWxsc3BhY2luZz0nNScgY2VsbHBhZGRpbmc9JzUnPjx0cj48dGggYmdjb2xvcj0nI0QwMDgwOCc+PGZvbnQgY29sb3I9JyNmZmZmZmYnPu+8geOBlOazqOaWh+WJjeOBq+OBlOeiuuiqjeOBj+OBoOOBleOBhDwvZm9udD48L3RoPjwvdHI+PHRyPjx0ZD7lrp/pmpvjga7llYblk4HjgajnlbDjgarjgovjgqTjg6Hjg7zjgrjnlLvlg4/jgpLliKnnlKjjgZfjgabjgYTjgovloLTlkIjjgYzlvqHluqfjgYTjgb7jgZnjgII8YnI+5b2T5bqX44CB5a6f5bqX6IiX44Go6Ieq56S+44K144Kk44OI44KS5ZCr44KA5YWx5pyJ5Zyo5bqr44Go44Gq44KK44CB44GU5rOo5paH44Gu44K/44Kk44Of44Oz44Kw44Gr44KI44Gj44Gm44Gv5ZWG5ZOB44KS44GU55So5oSP44Gn44GN44Gq44GE5aC05ZCI44GM44GU44GW44GE44G+44GZ44CC44GU55So5oSP5Ye65p2l44Gq44GL44Gj44Gf5aC05ZCI44Gr44Gk44GN44G+44GX44Gm44Gv44CB44GU5rOo5paH44Gu44Kt44Oj44Oz44K744Or44Go44GV44Gb44Gm6aCC44GN44G+44GZ44CC44Gd44Gu5LuW44CB5b2T5bqX44Gu44GU5rOo5paH44Gu5rWB44KM44KS44Oa44O844K45LiL6YOo44Gr44Gm44CB5LqI44KB44GU56K66KqN44GP44Gg44GV44GE44CCPC90ZD48L3RyPjwvdGFibGU+PGJyPg==,44CQ6YCB5paZ54Sh5paZ44CR5b2T56S+77yR44O25pyI6ZaT5L+d6Ki8W+S4reWPpELjg6njg7Pjgq9d4pagQXBwbGUgQXBwbGUgV2F0Y2ggNDJtbSAoTUozWDJKL0EpIOOAkOOCueODhuODs+ODrOOCueOCueODgeODvOODqy/jg5bjg6njg4Pjgq/jgq/jg6njgrfjg4Pjgq/jg5Djg4Pjgq/jg6vjgJEg44CQ5ZGo6L665qmf5Zmo44CR5Lit5Y+k44CQ5Lit5Y+k44CRIOOAkCDjg5Hjgr3jgrPjg7PvvIbnmb3jg63jg6Djga7jgqTjgqrjgrfjgrkg44CR77ya5Lit5Y+k44OR44K944Kz44Oz44Go55m944Ot44Og44Gu44Kk44Kq44K344K5,44K544Oe44O844OI44OV44Kp44Oz44K544Oe44ObU0lN44OV44Oq44O855m944Ot44OgaVBob25lQW5kcm9pZOOCv+ODluODrOODg+ODiGlQYWTmkLrluK/pm7voqbHkuK3lj6Tjg5Hjgr3jgrPjg7Pjg47jg7zjg4jjg5Hjgr3jgrPjg7NpcG9kZG9jb21vc29mdGJhbmthdeODh+OCueOCr+ODiOODg+ODl+ODkeOCveOCs+ODs09mZmljZeS4reWPpFBD44Ki44Km44OI44Os44OD44OI44CQ6YCB5paZ54Sh5paZ44CR5b2T56S+77yR44O25pyI6ZaT5L+d6Ki8W+S4reWPpELjg6njg7Pjgq9d4pagQXBwbGUgQXBwbGUgV2F0Y2ggNDJtbSAoTUozWDJKL0EpIOOAkOOCueODhuODs+ODrOOCueOCueODgeODvOODqy/jg5bjg6njg4Pjgq/jgq/jg6njgrfjg4Pjgq/jg5Djg4Pjgq/jg6vjgJEg44CQ5ZGo6L665qmf5Zmo44CR5Lit5Y+k44CQ5Lit5Y+k44CRIOOAkCDjg5Hjgr3jgrPjg7PvvIbnmb3jg63jg6Djga7jgqTjgqrjgrfjgrkg44CR,44CQ5b2T56S+77yR44O25pyI6ZaT5L+d6Ki844CR44CC44CQ6YCB5paZ54Sh5paZ44CR5b2T56S+77yR44O25pyI6ZaT5L+d6Ki8W+S4reWPpELjg6njg7Pjgq9d4pagQXBwbGUgQXBwbGUgV2F0Y2ggNDJtbSAoTUozWDJKL0EpIOOAkOOCueODhuODs+ODrOOCueOCueODgeODvOODqy/jg5bjg6njg4Pjgq/jgq/jg6njgrfjg4Pjgq/jg5Djg4Pjgq/jg6vjgJEg44CQ5ZGo6L665qmf5Zmo44CR5Lit5Y+k44CQ5Lit5Y+k44CRIOOAkCDjg5Hjgr3jgrPjg7PvvIbnmb3jg63jg6Djga7jgqTjgqrjgrfjgrkg44CR[rn]
16-187113,aHR0cDovL3RzaG9wLnIxMHMuanAvcGMtZ29vZC9jYWJpbmV0L2lvc3lzX2cvbm9faXRlbS5qcGc/Zml0aW49NzAwOjcwMA==,Njc4NDAuMDAwMA==,,44K544Oe44O844OI44OV44Kp44Oz44O744K/44OW44Os44OD44OIID4g44K544Oe44O844OI44OV44Kp44Oz44Ki44Kv44K744K144Oq44O8ID4g44Gd44Gu5LuW,44CQ6YCB5paZ54Sh5paZ44CR5b2T56S+77yR44O25pyI6ZaT5L+d6Ki8W+S4reWPpELjg6njg7Pjgq9d4pagQXBwbGUgQXBwbGUgV2F0Y2ggU2VyaWVzIDIgNDJtbSAoTU5UWTJKL0EpIFvjg6rjg7Pjgq/jg5bjg6zjgrnjg6zjg4Pjg4hd44CQ5ZGo6L665qmf5Zmo44CR5Lit5Y+k44CQ5Lit5Y+k44CRIOOAkCDjg5Hjgr3jgrPjg7PvvIbnmb3jg63jg6Djga7jgqTjgqrjgrfjgrkg44CR,44CQ5b2T56S+77yR44O25pyI6ZaT5L+d6Ki844CR,PGxpbmsg44CA44CA44CA44CA44CA44CA44CA44CA44CA44CA44CA44CA44CAPSIiIHJlbD0ic3R5bGVzaGVldCIgaHJlZj0iaHR0cDovL3d3dy5yYWt1dGVuLm5lLmpwL2dvbGQvcGMtZ29vZC9hc3NldHMvc3R5bGVzaGVldHMvaXRlbXMvc3R5bGUuY3NzIj4gIDx0YWJsZSDjgIDjgIDjgIDjgIDjgIDjgIDjgIDjgIDjgIDjgIDjgIDjgIDjgIAgY2xhc3M9ImNfX3RhYmxlIGNfX3RhYmxlLWJvcmRlcmVkIj48dHI+PHRoPk9TPC90aD48dGQ+V2F0Y2ggT1M8L3RkPjwvdHI+PHRyPjx0aD7mtrLmmbY8L3RoPjx0ZD4zOTB4MzEyIFJldGluYTwvdGQ+PC90cj48dHI+PHRoPkNQVTwvdGg+PHRkPuODh+ODpeOCouODq+OCs+OCojwvdGQ+PC90cj48dHI+PHRoPldpLUZpPC90aD48dGQ+ODAyLjExYjxmb250IHNpemU9Ii0xIj4vPC9mb250Pmc8Zm9udCBzaXplPSItMSI+LzwvZm9udD5uPC90ZD48L3RyPjx0cj48dGg+Qmx1ZXRvb3RoPC90aD48dGQ+NC4wPC90ZD48L3RyPjx0cj48dGg+44Gd44Gu5LuWPC90aD48dGQ+5Yqg6YCf5bqm44K744Oz44K144O8PGZvbnQgc2l6ZT0iLTEiPi88L2ZvbnQ+44K444Oj44Kk44Ot44K744Oz44K144O8PGZvbnQgc2l6ZT0iLTEiPi88L2ZvbnQ+5b+D5ouN44K744Oz44K144O8PGZvbnQgc2l6ZT0iLTEiPi88L2ZvbnQ+R1BTPGZvbnQgc2l6ZT0iLTEiPi88L2ZvbnQ+5YWJ44K744Oz44K144O8PGZvbnQgc2l6ZT0iLTEiPi88L2ZvbnQ+6Ziy5rC0PGZvbnQgc2l6ZT0iLTEiPi88L2ZvbnQ+QXBwbGUgUGF55a++5b+cPC90ZD48L3RyPjwvdGFibGUg44CA44CA44CA44CA44CA44CA44CA44CA44CA44CA44CA44CA44CAID4gIDx0YWJsZSDjgIDjgIDjgIDjgIDjgIDjgIDjgIDjgIDjgIDjgIDjgIDjgIDjgIAgY2xhc3M9ImNfX3RhYmxlIGNfX3RhYmxlLWJvcmRlcmVkIj4gIDx0cj48dGg+5LuY5bGe5ZOBPC90aD48dGQ+566x44CAQUPjgqLjg4Djg5fjgr8g54Sh5o6l54K55YWF6Zu75ZmoIOODnuODi+ODpeOCouODqzwvdGQ+PC90cj4gIDx0cj48dGg+5L+d6Ki85pyf6ZaTPC90aD48dGQ+5b2T56S+77yR44O25pyI6ZaT5L+d6Ki8PGJyPuS/neiovOOBruips+OBl+OBhOWGheWuueOBr+OBk+OBoeOCieOBp+OBlOeiuuiqjeOBj+OBoOOBleOBhDwvdGQ+PC90cj4gIDx0cj48dGg+44Gd44Gu5LuW54m56KiY5LqL6aCFPC90aD48dGQ+PC90ZD48L3RyPiAgPHRyPjx0aD7llYblk4HnirbmhYvjga7oqqzmmI48L3RoPjx0ZD7kuK3lj6TllYblk4HnibnmnInjga7ntYzlubTliqPljJbjgYzopovjgonjgozjgovnirbmhYvjgafjgZnjgYzjgIHpgJrluLjkvb/nlKjjgavjga/llY/poYzmnInjgorjgb7jgZvjgpPjgII8QlI+57WM5bm05Yqj5YyW44Gu6Kmz44GX44GE6Kqs5piO44Gv44GT44Gh44KJ44Gr44Gm44GU56K66KqN5LiL44GV44GEPEJSPuikh+aVsOWPsOWcqOW6q+OBl+OBpuOBhOOCi+WVhuWTgeOBruWGmeecn+OBq+mWouOBl+OBpuOBr+OAgeOBquOCi+OBueOBj+aomea6lueahOOBquWkluijheeKtuaFi+OBruOCguOBruOCkumBuOOCk+OBp+aSruW9seOBl+OBpuOBiuOCiuOBvuOBmeOAguWGmeecn+OBruWVhuWTgeOBr+OBiuaJi+WFg+OBq+WxiuOBj+WAi+S9k+OBqOOBhOOBhuOCj+OBkeOBp+OBr+W+oeW6p+OBhOOBvuOBm+OCk+OBruOBp+S6iOOCgeOBlOS6huaJv+S4i+OBleOBhOOAgjwvdGQ+PC90cj4gIDwvdGFibGUg44CA44CA44CA44CA44CA44CA44CA44CA44CA44CA44CA44CA44CAID4gIDxocj48dGFibGUgd2lkdGg9JzEwMCUnIGNlbGxzcGFjaW5nPSc1JyBjZWxscGFkZGluZz0nNSc+PHRyPjx0aCBiZ2NvbG9yPScjRDAwODA4Jz48Zm9udCBjb2xvcj0nI2ZmZmZmZic+77yB44GU5rOo5paH5YmN44Gr44GU56K66KqN44GP44Gg44GV44GEPC9mb250PjwvdGg+PC90cj48dHI+PHRkPuWun+mam+OBruWVhuWTgeOBqOeVsOOBquOCi+OCpOODoeODvOOCuOeUu+WDj+OCkuWIqeeUqOOBl+OBpuOBhOOCi+WgtOWQiOOBjOW+oeW6p+OBhOOBvuOBmeOAgjxicj7lvZPlupfjgIHlrp/lupfoiJfjgajoh6rnpL7jgrXjgqTjg4jjgpLlkKvjgoDlhbHmnInlnKjluqvjgajjgarjgorjgIHjgZTms6jmlofjga7jgr/jgqTjg5/jg7PjgrDjgavjgojjgaPjgabjga/llYblk4HjgpLjgZTnlKjmhI/jgafjgY3jgarjgYTloLTlkIjjgYzjgZTjgZbjgYTjgb7jgZnjgILjgZTnlKjmhI/lh7rmnaXjgarjgYvjgaPjgZ/loLTlkIjjgavjgaTjgY3jgb7jgZfjgabjga/jgIHjgZTms6jmlofjga7jgq3jg6Pjg7Pjgrvjg6vjgajjgZXjgZvjgabpoILjgY3jgb7jgZnjgILjgZ3jga7ku5bjgIHlvZPlupfjga7jgZTms6jmlofjga7mtYHjgozjgpLjg5rjg7zjgrjkuIvpg6jjgavjgabjgIHkuojjgoHjgZTnorroqo3jgY/jgaDjgZXjgYTjgII8L3RkPjwvdHI+PC90YWJsZT48YnI+,44CQ6YCB5paZ54Sh5paZ44CR5b2T56S+77yR44O25pyI6ZaT5L+d6Ki8W+S4reWPpELjg6njg7Pjgq9d4pagQXBwbGUgQXBwbGUgV2F0Y2ggU2VyaWVzIDIgNDJtbSAoTU5UWTJKL0EpIFvjg6rjg7Pjgq/jg5bjg6zjgrnjg6zjg4Pjg4hd44CQ5ZGo6L665qmf5Zmo44CR5Lit5Y+k44CQ5Lit5Y+k44CRIOOAkCDjg5Hjgr3jgrPjg7PvvIbnmb3jg63jg6Djga7jgqTjgqrjgrfjgrkg44CR77ya5Lit5Y+k44OR44K944Kz44Oz44Go55m944Ot44Og44Gu44Kk44Kq44K344K5,44K544Oe44O844OI44OV44Kp44Oz44K544Oe44ObU0lN44OV44Oq44O855m944Ot44OgaVBob25lQW5kcm9pZOOCv+ODluODrOODg+ODiGlQYWTmkLrluK/pm7voqbHkuK3lj6Tjg5Hjgr3jgrPjg7Pjg47jg7zjg4jjg5Hjgr3jgrPjg7NpcG9kZG9jb21vc29mdGJhbmthdeODh+OCueOCr+ODiOODg+ODl+ODkeOCveOCs+ODs09mZmljZeS4reWPpFBD44Ki44Km44OI44Os44OD44OI44CQ6YCB5paZ54Sh5paZ44CR5b2T56S+77yR44O25pyI6ZaT5L+d6Ki8W+S4reWPpELjg6njg7Pjgq9d4pagQXBwbGUgQXBwbGUgV2F0Y2ggU2VyaWVzIDIgNDJtbSAoTU5UWTJKL0EpIFvjg6rjg7Pjgq/jg5bjg6zjgrnjg6zjg4Pjg4hd44CQ5ZGo6L665qmf5Zmo44CR5Lit5Y+k44CQ5Lit5Y+k44CRIOOAkCDjg5Hjgr3jgrPjg7PvvIbnmb3jg63jg6Djga7jgqTjgqrjgrfjgrkg44CR,44CQ5b2T56S+77yR44O25pyI6ZaT5L+d6Ki844CR44CC44CQ6YCB5paZ54Sh5paZ44CR5b2T56S+77yR44O25pyI6ZaT5L+d6Ki8W+S4reWPpELjg6njg7Pjgq9d4pagQXBwbGUgQXBwbGUgV2F0Y2ggU2VyaWVzIDIgNDJtbSAoTU5UWTJKL0EpIFvjg6rjg7Pjgq/jg5bjg6zjgrnjg6zjg4Pjg4hd44CQ5ZGo6L665qmf5Zmo44CR5Lit5Y+k44CQ5Lit5Y+k44CRIOOAkCDjg5Hjgr3jgrPjg7PvvIbnmb3jg63jg6Djga7jgqTjgqrjgrfjgrkg44CR[rn]
16-187114,aHR0cDovL3RzaG9wLnIxMHMuanAvcGMtZ29vZC9jYWJpbmV0L2lvc3lzX2cvMTEwMDAwXzExMTk5OS8xMTE5OTQuanBnP2ZpdGluPTcwMDo3MDA=,MjYyNDAuMDAwMA==,,44K544Oe44O844OI44OV44Kp44Oz44O744K/44OW44Os44OD44OIID4g44K544Oe44O844OI44OV44Kp44Oz44Ki44Kv44K744K144Oq44O8ID4g44Gd44Gu5LuW,44CQ6YCB5paZ54Sh5paZ44CR5b2T56S+77yR44O25pyI6ZaT5L+d6Ki8W+S4reWPpELjg6njg7Pjgq9d4pagQXBwbGUgQXBwbGUgV2F0Y2ggNDJtbSBN44K144Kk44K6IE1MRkMySi9BIOOAkOODn+ODg+ODieODiuOCpOODiOODluODq+ODvOODrOOCtuODvOODq+ODvOODl+OAkeOAkOWRqOi+uuapn+WZqOOAkeS4reWPpOOAkOS4reWPpOOAkSDjgJAg44OR44K944Kz44Oz77yG55m944Ot44Og44Gu44Kk44Kq44K344K5IOOAkQ==,44CQ5b2T56S+77yR44O25pyI6ZaT5L+d6Ki844CR,PGxpbmsg44CA44CA44CA44CA44CA44CA44CA44CA44CA44CA44CA44CA44CAPSIiIHJlbD0ic3R5bGVzaGVldCIgaHJlZj0iaHR0cDovL3d3dy5yYWt1dGVuLm5lLmpwL2dvbGQvcGMtZ29vZC9hc3NldHMvc3R5bGVzaGVldHMvaXRlbXMvc3R5bGUuY3NzIj4gIDx0YWJsZSDjgIDjgIDjgIDjgIDjgIDjgIDjgIDjgIDjgIDjgIDjgIDjgIDjgIAgY2xhc3M9ImNfX3RhYmxlIGNfX3RhYmxlLWJvcmRlcmVkIj48dHI+PHRoPk9TPC90aD48dGQ+d2F0Y2ggT1M8L3RkPjwvdHI+PHRyPjx0aD7jg4fjgqPjgrnjg5fjg6zjgqQ8L3RoPjx0ZD5SZXRpbmHjg4fjgqPjgrnjg5fjg6zjgqQ8L3RkPjwvdHI+PHRyPjx0aD7pgJrkv6E8L3RoPjx0ZD5XaS1GaSAoODAyLjExYjxmb250IHNpemU9Ii0xIj4vPC9mb250Pmc8Zm9udCBzaXplPSItMSI+LzwvZm9udD5uKTxmb250IHNpemU9Ii0xIj4vPC9mb250PkJsdWV0b290aCA0LjA8L3RkPjwvdHI+PHRyPjx0aD7jgZ3jga7ku5Y8L3RoPjx0ZD7lv4Pmi43jgrvjg7PjgrXjg7w8Zm9udCBzaXplPSItMSI+LzwvZm9udD7liqDpgJ/luqbjgrvjg7PjgrXjg7w8Zm9udCBzaXplPSItMSI+LzwvZm9udD7jgrjjg6PjgqTjg63jgrnjgrPjg7zjg5c8Zm9udCBzaXplPSItMSI+LzwvZm9udD7lhYnjgrvjg7PjgrXjg7w8L3RkPjwvdHI+PHRyPjx0aD7jg6Hjg7zjg6vpgJrnn6XmqZ/og708Zm9udCBzaXplPSItMSI+LzwvZm9udD7nnYDkv6HpgJrnn6XmqZ/og708Zm9udCBzaXplPSItMSI+LzwvZm9udD7mranmlbDoqIjmqZ/og708Zm9udCBzaXplPSItMSI+LzwvZm9udD7nmbrlo7Lml6U8L3RoPjx0ZD4yMDE15bm0OeaciDwvdGQ+PC90cj48L3RhYmxlIOOAgOOAgOOAgOOAgOOAgOOAgOOAgOOAgOOAgOOAgOOAgOOAgOOAgCA+ICA8dGFibGUg44CA44CA44CA44CA44CA44CA44CA44CA44CA44CA44CA44CA44CAIGNsYXNzPSJjX190YWJsZSBjX190YWJsZS1ib3JkZXJlZCI+ICA8dHI+PHRoPuS7mOWxnuWTgTwvdGg+PHRkPueusS/jg6zjgrbjg7zjg6vjg7zjg5cv56OB5rCX5YWF6Zu744Kx44O844OW44OrL0FD44Ki44OA44OX44K/L+OCr+OCpOODg+OCr+OCueOCv+ODvOODiOOCrOOCpOODiTwvdGQ+PC90cj4gIDx0cj48dGg+5L+d6Ki85pyf6ZaTPC90aD48dGQ+5b2T56S+77yR44O25pyI6ZaT5L+d6Ki8PGJyPuS/neiovOOBruips+OBl+OBhOWGheWuueOBr+OBk+OBoeOCieOBp+OBlOeiuuiqjeOBj+OBoOOBleOBhDwvdGQ+PC90cj4gIDx0cj48dGg+44Gd44Gu5LuW54m56KiY5LqL6aCFPC90aD48dGQ+PC90ZD48L3RyPiAgPHRyPjx0aD7llYblk4HnirbmhYvjga7oqqzmmI48L3RoPjx0ZD7kuK3lj6TllYblk4HnibnmnInjga7ntYzlubTliqPljJbjgYzopovjgonjgozjgovnirbmhYvjgafjgZnjgYzjgIHpgJrluLjkvb/nlKjjgavjga/llY/poYzmnInjgorjgb7jgZvjgpPjgII8QlI+57WM5bm05Yqj5YyW44Gu6Kmz44GX44GE6Kqs5piO44Gv44GT44Gh44KJ44Gr44Gm44GU56K66KqN5LiL44GV44GEPEJSPuikh+aVsOWPsOWcqOW6q+OBl+OBpuOBhOOCi+WVhuWTgeOBruWGmeecn+OBq+mWouOBl+OBpuOBr+OAgeOBquOCi+OBueOBj+aomea6lueahOOBquWkluijheeKtuaFi+OBruOCguOBruOCkumBuOOCk+OBp+aSruW9seOBl+OBpuOBiuOCiuOBvuOBmeOAguWGmeecn+OBruWVhuWTgeOBr+OBiuaJi+WFg+OBq+WxiuOBj+WAi+S9k+OBqOOBhOOBhuOCj+OBkeOBp+OBr+W+oeW6p+OBhOOBvuOBm+OCk+OBruOBp+S6iOOCgeOBlOS6huaJv+S4i+OBleOBhOOAgjwvdGQ+PC90cj4gIDwvdGFibGUg44CA44CA44CA44CA44CA44CA44CA44CA44CA44CA44CA44CA44CAID4gIDxocj48dGFibGUgd2lkdGg9JzEwMCUnIGNlbGxzcGFjaW5nPSc1JyBjZWxscGFkZGluZz0nNSc+PHRyPjx0aCBiZ2NvbG9yPScjRDAwODA4Jz48Zm9udCBjb2xvcj0nI2ZmZmZmZic+77yB44GU5rOo5paH5YmN44Gr44GU56K66KqN44GP44Gg44GV44GEPC9mb250PjwvdGg+PC90cj48dHI+PHRkPuWun+mam+OBruWVhuWTgeOBqOeVsOOBquOCi+OCpOODoeODvOOCuOeUu+WDj+OCkuWIqeeUqOOBl+OBpuOBhOOCi+WgtOWQiOOBjOW+oeW6p+OBhOOBvuOBmeOAgjxicj7lvZPlupfjgIHlrp/lupfoiJfjgajoh6rnpL7jgrXjgqTjg4jjgpLlkKvjgoDlhbHmnInlnKjluqvjgajjgarjgorjgIHjgZTms6jmlofjga7jgr/jgqTjg5/jg7PjgrDjgavjgojjgaPjgabjga/llYblk4HjgpLjgZTnlKjmhI/jgafjgY3jgarjgYTloLTlkIjjgYzjgZTjgZbjgYTjgb7jgZnjgILjgZTnlKjmhI/lh7rmnaXjgarjgYvjgaPjgZ/loLTlkIjjgavjgaTjgY3jgb7jgZfjgabjga/jgIHjgZTms6jmlofjga7jgq3jg6Pjg7Pjgrvjg6vjgajjgZXjgZvjgabpoILjgY3jgb7jgZnjgILjgZ3jga7ku5bjgIHlvZPlupfjga7jgZTms6jmlofjga7mtYHjgozjgpLjg5rjg7zjgrjkuIvpg6jjgavjgabjgIHkuojjgoHjgZTnorroqo3jgY/jgaDjgZXjgYTjgII8L3RkPjwvdHI+PC90YWJsZT48YnI+,44CQ6YCB5paZ54Sh5paZ44CR5b2T56S+77yR44O25pyI6ZaT5L+d6Ki8W+S4reWPpELjg6njg7Pjgq9d4pagQXBwbGUgQXBwbGUgV2F0Y2ggNDJtbSBN44K144Kk44K6IE1MRkMySi9BIOOAkOODn+ODg+ODieODiuOCpOODiOODluODq+ODvOODrOOCtuODvOODq+ODvOODl+OAkeOAkOWRqOi+uuapn+WZqOOAkeS4reWPpOOAkOS4reWPpOOAkSDjgJAg44OR44K944Kz44Oz77yG55m944Ot44Og44Gu44Kk44Kq44K344K5IOOAke+8muS4reWPpOODkeOCveOCs+ODs+OBqOeZveODreODoOOBruOCpOOCquOCt+OCuQ==,44K544Oe44O844OI44OV44Kp44Oz44K544Oe44ObU0lN44OV44Oq44O855m944Ot44OgaVBob25lQW5kcm9pZOOCv+ODluODrOODg+ODiGlQYWTmkLrluK/pm7voqbHkuK3lj6Tjg5Hjgr3jgrPjg7Pjg47jg7zjg4jjg5Hjgr3jgrPjg7NpcG9kZG9jb21vc29mdGJhbmthdeODh+OCueOCr+ODiOODg+ODl+ODkeOCveOCs+ODs09mZmljZeS4reWPpFBD44Ki44Km44OI44Os44OD44OI44CQ6YCB5paZ54Sh5paZ44CR5b2T56S+77yR44O25pyI6ZaT5L+d6Ki8W+S4reWPpELjg6njg7Pjgq9d4pagQXBwbGUgQXBwbGUgV2F0Y2ggNDJtbSBN44K144Kk44K6IE1MRkMySi9BIOOAkOODn+ODg+ODieODiuOCpOODiOODluODq+ODvOODrOOCtuODvOODq+ODvOODl+OAkeOAkOWRqOi+uuapn+WZqOOAkeS4reWPpOOAkOS4reWPpOOAkSDjgJAg44OR44K944Kz44Oz77yG55m944Ot44Og44Gu44Kk44Kq44K344K5IOOAkQ==,44CQ5b2T56S+77yR44O25pyI6ZaT5L+d6Ki844CR44CC44CQ6YCB5paZ54Sh5paZ44CR5b2T56S+77yR44O25pyI6ZaT5L+d6Ki8W+S4reWPpELjg6njg7Pjgq9d4pagQXBwbGUgQXBwbGUgV2F0Y2ggNDJtbSBN44K144Kk44K6IE1MRkMySi9BIOOAkOODn+ODg+ODieODiuOCpOODiOODluODq+ODvOODrOOCtuODvOODq+ODvOODl+OAkeOAkOWRqOi+uuapn+WZqOOAkeS4reWPpOOAkOS4reWPpOOAkSDjgJAg44OR44K944Kz44Oz77yG55m944Ot44Og44Gu44Kk44Kq44K344K5IOOAkQ==[rn]
16-187115,aHR0cDovL3RzaG9wLnIxMHMuanAvcGMtZ29vZC9jYWJpbmV0L2lvc3lzX2cvMTA4MDAwXzEwOTk5OS8xMDg3OTQuanBnP2ZpdGluPTcwMDo3MDA=,MjYyNDAuMDAwMA==,,44K544Oe44O844OI44OV44Kp44Oz44O744K/44OW44Os44OD44OIID4g44K544Oe44O844OI44OV44Kp44Oz44Ki44Kv44K744K144Oq44O8ID4g44Gd44Gu5LuW,44CQ6YCB5paZ54Sh5paZ44CR5b2T56S+77yR44O25pyI6ZaT5L+d6Ki8W+S4reWPpEHjg6njg7Pjgq9d4pagQXBwbGUgQXBwbGUgV2F0Y2ggNDJtbSBN44K144Kk44K6IChNSjQzMkovQSkg44CQ44K544OG44Oz44Os44K544K544OB44O844OrL+OCueODiOODvOODs+ODrOOCtuODvOODq+ODvOODl+OAkeOAkOWRqOi+uuapn+WZqOOAkeS4reWPpOOAkOS4reWPpOOAkSDjgJAg44OR44K944Kz44Oz77yG55m944Ot44Og44Gu44Kk44Kq44K344K5IOOAkQ==,44CQ5b2T56S+77yR44O25pyI6ZaT5L+d6Ki844CR,PGxpbmsg44CA44CA44CA44CA44CA44CA44CA44CA44CA44CA44CA44CA44CAPSIiIHJlbD0ic3R5bGVzaGVldCIgaHJlZj0iaHR0cDovL3d3dy5yYWt1dGVuLm5lLmpwL2dvbGQvcGMtZ29vZC9hc3NldHMvc3R5bGVzaGVldHMvaXRlbXMvc3R5bGUuY3NzIj4gIDx0YWJsZSDjgIDjgIDjgIDjgIDjgIDjgIDjgIDjgIDjgIDjgIDjgIDjgIDjgIAgY2xhc3M9ImNfX3RhYmxlIGNfX3RhYmxlLWJvcmRlcmVkIj48dHI+PHRoPuODh+OCo+OCueODl+ODrOOCpDwvdGg+PHRkPlJldGluYeODh+OCo+OCueODl+ODrOOCpDwvdGQ+PC90cj48dHI+PHRoPumAmuS/oTwvdGg+PHRkPldpLUZpICg4MDIuMTFiPGZvbnQgc2l6ZT0iLTEiPi88L2ZvbnQ+Zzxmb250IHNpemU9Ii0xIj4vPC9mb250Pm4gMi40R0h6KTxmb250IHNpemU9Ii0xIj4vPC9mb250PkJsdWV0b290aCA0LjA8L3RkPjwvdHI+PHRyPjx0aD7jgZ3jga7ku5Y8L3RoPjx0ZD7lv4Pmi43jgrvjg7PjgrXjg7w8Zm9udCBzaXplPSItMSI+LzwvZm9udD7liqDpgJ/luqbjgrvjg7PjgrXjg7w8Zm9udCBzaXplPSItMSI+LzwvZm9udD7jgrjjg6PjgqTjg63jgrnjgrPjg7zjg5c8Zm9udCBzaXplPSItMSI+LzwvZm9udD7nkrDlooPlhYnjgrvjg7PjgrXjg7w8L3RkPjwvdHI+PHRyPjx0aD7pmLLmsLQ8L3RoPjx0ZD5JUFg3PC90ZD48L3RyPjx0cj48dGg+44K144Kk44K6PC90aD48dGQ+57imNDIq5qiqMzUuOSrljprjgZUxMC41bW08L3RkPjwvdHI+PHRyPjx0aD7pp4bli5XmmYLplpM8L3RoPjx0ZD7mnIDlpKcxOOaZgumWkzwvdGQ+PC90cj48dHI+PHRoPumHjemHjzwvdGg+PHRkPue0hDUwZzwvdGQ+PC90cj48L3RhYmxlIOOAgOOAgOOAgOOAgOOAgOOAgOOAgOOAgOOAgOOAgOOAgOOAgOOAgCA+ICA8dGFibGUg44CA44CA44CA44CA44CA44CA44CA44CA44CA44CA44CA44CA44CAIGNsYXNzPSJjX190YWJsZSBjX190YWJsZS1ib3JkZXJlZCI+ICA8dHI+PHRoPuS7mOWxnuWTgTwvdGg+PHRkPueusS/jg57jg4vjg6XjgqLjg6svQUPjgqLjg4Djg5fjgr8v44Oe44Kw44ON44OD44OI5byP5YWF6Zu744Kx44O844OW44OrPC90ZD48L3RyPiAgPHRyPjx0aD7kv53oqLzmnJ/plpM8L3RoPjx0ZD7lvZPnpL7vvJHjg7bmnIjplpPkv53oqLw8YnI+5L+d6Ki844Gu6Kmz44GX44GE5YaF5a6544Gv44GT44Gh44KJ44Gn44GU56K66KqN44GP44Gg44GV44GEPC90ZD48L3RyPiAgPHRyPjx0aD7jgZ3jga7ku5bnibnoqJjkuovpoIU8L3RoPjx0ZD48L3RkPjwvdHI+ICA8dHI+PHRoPuWVhuWTgeeKtuaFi+OBruiqrOaYjjwvdGg+PHRkPuS9v+eUqOaEn+OBruWwkeOBquOBhOS4reWPpOWTgeOBvuOBn+OBr+OAgeODquODleODrOODg+OCt+ODpeODiVBD44KE44Oh44O844Kr44O85YaN55Sf5ZOB44CB44Kx44O844K/44Kk44Gn44Gv5aSW6KOF5Lqk5o+b5ZOB562J44GM5ZCr44G+44KM44G+44GZ44CCPC90ZD48L3RyPiAgPC90YWJsZSDjgIDjgIDjgIDjgIDjgIDjgIDjgIDjgIDjgIDjgIDjgIDjgIDjgIAgPiAgPGhyPjx0YWJsZSB3aWR0aD0nMTAwJScgY2VsbHNwYWNpbmc9JzUnIGNlbGxwYWRkaW5nPSc1Jz48dHI+PHRoIGJnY29sb3I9JyNEMDA4MDgnPjxmb250IGNvbG9yPScjZmZmZmZmJz7vvIHjgZTms6jmlofliY3jgavjgZTnorroqo3jgY/jgaDjgZXjgYQ8L2ZvbnQ+PC90aD48L3RyPjx0cj48dGQ+5a6f6Zqb44Gu5ZWG5ZOB44Go55Ww44Gq44KL44Kk44Oh44O844K455S75YOP44KS5Yip55So44GX44Gm44GE44KL5aC05ZCI44GM5b6h5bqn44GE44G+44GZ44CCPGJyPuW9k+W6l+OAgeWun+W6l+iIl+OBqOiHquekvuOCteOCpOODiOOCkuWQq+OCgOWFseacieWcqOW6q+OBqOOBquOCiuOAgeOBlOazqOaWh+OBruOCv+OCpOODn+ODs+OCsOOBq+OCiOOBo+OBpuOBr+WVhuWTgeOCkuOBlOeUqOaEj+OBp+OBjeOBquOBhOWgtOWQiOOBjOOBlOOBluOBhOOBvuOBmeOAguOBlOeUqOaEj+WHuuadpeOBquOBi+OBo+OBn+WgtOWQiOOBq+OBpOOBjeOBvuOBl+OBpuOBr+OAgeOBlOazqOaWh+OBruOCreODo+ODs+OCu+ODq+OBqOOBleOBm+OBpumgguOBjeOBvuOBmeOAguOBneOBruS7luOAgeW9k+W6l+OBruOBlOazqOaWh+OBrua1geOCjOOCkuODmuODvOOCuOS4i+mDqOOBq+OBpuOAgeS6iOOCgeOBlOeiuuiqjeOBj+OBoOOBleOBhOOAgjwvdGQ+PC90cj48L3RhYmxlPjxicj4=,44CQ6YCB5paZ54Sh5paZ44CR5b2T56S+77yR44O25pyI6ZaT5L+d6Ki8W+S4reWPpEHjg6njg7Pjgq9d4pagQXBwbGUgQXBwbGUgV2F0Y2ggNDJtbSBN44K144Kk44K6IChNSjQzMkovQSkg44CQ44K544OG44Oz44Os44K544K544OB44O844OrL+OCueODiOODvOODs+ODrOOCtuODvOODq+ODvOODl+OAkeOAkOWRqOi+uuapn+WZqOOAkeS4reWPpOOAkOS4reWPpOOAkSDjgJAg44OR44K944Kz44Oz77yG55m944Ot44Og44Gu44Kk44Kq44K344K5IOOAke+8muS4reWPpOODkeOCveOCs+ODs+OBqOeZveODreODoOOBruOCpOOCquOCt+OCuQ==,44K544Oe44O844OI44OV44Kp44Oz44K544Oe44ObU0lN44OV44Oq44O855m944Ot44OgaVBob25lQW5kcm9pZOOCv+ODluODrOODg+ODiGlQYWTmkLrluK/pm7voqbHkuK3lj6Tjg5Hjgr3jgrPjg7Pjg47jg7zjg4jjg5Hjgr3jgrPjg7NpcG9kZG9jb21vc29mdGJhbmthdeODh+OCueOCr+ODiOODg+ODl+ODkeOCveOCs+ODs09mZmljZeS4reWPpFBD44Ki44Km44OI44Os44OD44OI44CQ6YCB5paZ54Sh5paZ44CR5b2T56S+77yR44O25pyI6ZaT5L+d6Ki8W+S4reWPpEHjg6njg7Pjgq9d4pagQXBwbGUgQXBwbGUgV2F0Y2ggNDJtbSBN44K144Kk44K6IChNSjQzMkovQSkg44CQ44K544OG44Oz44Os44K544K544OB44O844OrL+OCueODiOODvOODs+ODrOOCtuODvOODq+ODvOODl+OAkeOAkOWRqOi+uuapn+WZqOOAkeS4reWPpOOAkOS4reWPpOOAkSDjgJAg44OR44K944Kz44Oz77yG55m944Ot44Og44Gu44Kk44Kq44K344K5IOOAkQ==,44CQ5b2T56S+77yR44O25pyI6ZaT5L+d6Ki844CR44CC44CQ6YCB5paZ54Sh5paZ44CR5b2T56S+77yR44O25pyI6ZaT5L+d6Ki8W+S4reWPpEHjg6njg7Pjgq9d4pagQXBwbGUgQXBwbGUgV2F0Y2ggNDJtbSBN44K144Kk44K6IChNSjQzMkovQSkg44CQ44K544OG44Oz44Os44K544K544OB44O844OrL+OCueODiOODvOODs+ODrOOCtuODvOODq+ODvOODl+OAkeOAkOWRqOi+uuapn+WZqOOAkeS4reWPpOOAkOS4reWPpOOAkSDjgJAg44OR44K944Kz44Oz77yG55m944Ot44Og44Gu44Kk44Kq44K344K5IOOAkQ==[rn]
16-187116,aHR0cDovL3RzaG9wLnIxMHMuanAvcGMtZ29vZC9jYWJpbmV0L2lvc3lzX2cvOTQwMDBfOTU5OTkvOTQ1OTQuanBnP2ZpdGluPTcwMDo3MDA=,Mjc4NDAuMDAwMA==,,44K544Oe44O844OI44OV44Kp44Oz44O744K/44OW44Os44OD44OIID4g44K544Oe44O844OI44OV44Kp44Oz44Ki44Kv44K744K144Oq44O8ID4g44Gd44Gu5LuW,44CQ6YCB5paZ54Sh5paZ44CR5b2T56S+77yR44O25pyI6ZaT5L+d6Ki8W+S4reWPpELjg6njg7Pjgq9d4pagQXBwbGUgQXBwbGUgV2F0Y2ggNDJtbSAoTUozWTJKL0EpIOOAkOOCueODhuODs+ODrOOCueOCueODgeODvOODqy/jg5/jg6njg43jg7zjgrzjg6vjg7zjg5fjgJHjgJDlkajovrrmqZ/lmajjgJHkuK3lj6TjgJDkuK3lj6TjgJEg44CQIOODkeOCveOCs+ODs++8hueZveODreODoOOBruOCpOOCquOCt+OCuSDjgJE=,44CQ5b2T56S+77yR44O25pyI6ZaT5L+d6Ki844CR,PGxpbmsg44CA44CA44CA44CA44CA44CA44CA44CA44CA44CA44CA44CA44CAPSIiIHJlbD0ic3R5bGVzaGVldCIgaHJlZj0iaHR0cDovL3d3dy5yYWt1dGVuLm5lLmpwL2dvbGQvcGMtZ29vZC9hc3NldHMvc3R5bGVzaGVldHMvaXRlbXMvc3R5bGUuY3NzIj4gIDx0YWJsZSDjgIDjgIDjgIDjgIDjgIDjgIDjgIDjgIDjgIDjgIDjgIDjgIDjgIAgY2xhc3M9ImNfX3RhYmxlIGNfX3RhYmxlLWJvcmRlcmVkIj48dHI+PHRoPuODh+OCo+OCueODl+ODrOOCpDwvdGg+PHRkPlJldGluYeODh+OCo+OCueODl+ODrOOCpDwvdGQ+PC90cj48dHI+PHRoPumAmuS/oTwvdGg+PHRkPldpLUZpICg4MDIuMTFiPGZvbnQgc2l6ZT0iLTEiPi88L2ZvbnQ+Zzxmb250IHNpemU9Ii0xIj4vPC9mb250Pm4gMi40R0h6KTxmb250IHNpemU9Ii0xIj4vPC9mb250PkJsdWV0b290aCA0LjA8L3RkPjwvdHI+PHRyPjx0aD7jgZ3jga7ku5Y8L3RoPjx0ZD7lv4Pmi43jgrvjg7PjgrXjg7w8Zm9udCBzaXplPSItMSI+LzwvZm9udD7liqDpgJ/luqbjgrvjg7PjgrXjg7w8Zm9udCBzaXplPSItMSI+LzwvZm9udD7jgrjjg6PjgqTjg63jgrnjgrPjg7zjg5c8Zm9udCBzaXplPSItMSI+LzwvZm9udD7nkrDlooPlhYnjgrvjg7PjgrXjg7w8L3RkPjwvdHI+PHRyPjx0aD7pmLLmsLQ8L3RoPjx0ZD5JUFg3PC90ZD48L3RyPjx0cj48dGg+44K144Kk44K6PC90aD48dGQ+57imNDIq5qiqMzUuOSrljprjgZUxMC41bW08L3RkPjwvdHI+PHRyPjx0aD7pp4bli5XmmYLplpM8L3RoPjx0ZD7mnIDlpKcxOOaZgumWkzwvdGQ+PC90cj48dHI+PHRoPumHjemHjzwvdGg+PHRkPue0hDUwZzwvdGQ+PC90cj48L3RhYmxlIOOAgOOAgOOAgOOAgOOAgOOAgOOAgOOAgOOAgOOAgOOAgOOAgOOAgCA+ICA8dGFibGUg44CA44CA44CA44CA44CA44CA44CA44CA44CA44CA44CA44CA44CAIGNsYXNzPSJjX190YWJsZSBjX190YWJsZS1ib3JkZXJlZCI+ICA8dHI+PHRoPuS7mOWxnuWTgTwvdGg+PHRkPueusS/jg57jg4vjg6XjgqLjg6svQUPjgqLjg4Djg5fjgr8v44Oe44Kw44ON44OD44OI5byP5YWF6Zu744Kx44O844OW44OrPC90ZD48L3RyPiAgPHRyPjx0aD7kv53oqLzmnJ/plpM8L3RoPjx0ZD7lvZPnpL7vvJHjg7bmnIjplpPkv53oqLw8YnI+5L+d6Ki844Gu6Kmz44GX44GE5YaF5a6544Gv44GT44Gh44KJ44Gn44GU56K66KqN44GP44Gg44GV44GEPC90ZD48L3RyPiAgPHRyPjx0aD7jgZ3jga7ku5bnibnoqJjkuovpoIU8L3RoPjx0ZD48L3RkPjwvdHI+ICA8dHI+PHRoPuWVhuWTgeeKtuaFi+OBruiqrOaYjjwvdGg+PHRkPuS4reWPpOWVhuWTgeeJueacieOBrue1jOW5tOWKo+WMluOBjOimi+OCieOCjOOCi+eKtuaFi+OBp+OBmeOBjOOAgemAmuW4uOS9v+eUqOOBq+OBr+WVj+mhjOacieOCiuOBvuOBm+OCk+OAgjxCUj7ntYzlubTliqPljJbjga7oqbPjgZfjgYToqqzmmI7jga/jgZPjgaHjgonjgavjgabjgZTnorroqo3kuIvjgZXjgYQ8QlI+6KSH5pWw5Y+w5Zyo5bqr44GX44Gm44GE44KL5ZWG5ZOB44Gu5YaZ55yf44Gr6Zai44GX44Gm44Gv44CB44Gq44KL44G544GP5qiZ5rqW55qE44Gq5aSW6KOF54q25oWL44Gu44KC44Gu44KS6YG444KT44Gn5pKu5b2x44GX44Gm44GK44KK44G+44GZ44CC5YaZ55yf44Gu5ZWG5ZOB44Gv44GK5omL5YWD44Gr5bGK44GP5YCL5L2T44Go44GE44GG44KP44GR44Gn44Gv5b6h5bqn44GE44G+44Gb44KT44Gu44Gn5LqI44KB44GU5LqG5om/5LiL44GV44GE44CCPC90ZD48L3RyPiAgPC90YWJsZSDjgIDjgIDjgIDjgIDjgIDjgIDjgIDjgIDjgIDjgIDjgIDjgIDjgIAgPiAgPGhyPjx0YWJsZSB3aWR0aD0nMTAwJScgY2VsbHNwYWNpbmc9JzUnIGNlbGxwYWRkaW5nPSc1Jz48dHI+PHRoIGJnY29sb3I9JyNEMDA4MDgnPjxmb250IGNvbG9yPScjZmZmZmZmJz7vvIHjgZTms6jmlofliY3jgavjgZTnorroqo3jgY/jgaDjgZXjgYQ8L2ZvbnQ+PC90aD48L3RyPjx0cj48dGQ+5a6f6Zqb44Gu5ZWG5ZOB44Go55Ww44Gq44KL44Kk44Oh44O844K455S75YOP44KS5Yip55So44GX44Gm44GE44KL5aC05ZCI44GM5b6h5bqn44GE44G+44GZ44CCPGJyPuW9k+W6l+OAgeWun+W6l+iIl+OBqOiHquekvuOCteOCpOODiOOCkuWQq+OCgOWFseacieWcqOW6q+OBqOOBquOCiuOAgeOBlOazqOaWh+OBruOCv+OCpOODn+ODs+OCsOOBq+OCiOOBo+OBpuOBr+WVhuWTgeOCkuOBlOeUqOaEj+OBp+OBjeOBquOBhOWgtOWQiOOBjOOBlOOBluOBhOOBvuOBmeOAguOBlOeUqOaEj+WHuuadpeOBquOBi+OBo+OBn+WgtOWQiOOBq+OBpOOBjeOBvuOBl+OBpuOBr+OAgeOBlOazqOaWh+OBruOCreODo+ODs+OCu+ODq+OBqOOBleOBm+OBpumgguOBjeOBvuOBmeOAguOBneOBruS7luOAgeW9k+W6l+OBruOBlOazqOaWh+OBrua1geOCjOOCkuODmuODvOOCuOS4i+mDqOOBq+OBpuOAgeS6iOOCgeOBlOeiuuiqjeOBj+OBoOOBleOBhOOAgjwvdGQ+PC90cj48L3RhYmxlPjxicj4=,44CQ6YCB5paZ54Sh5paZ44CR5b2T56S+77yR44O25pyI6ZaT5L+d6Ki8W+S4reWPpELjg6njg7Pjgq9d4pagQXBwbGUgQXBwbGUgV2F0Y2ggNDJtbSAoTUozWTJKL0EpIOOAkOOCueODhuODs+ODrOOCueOCueODgeODvOODqy/jg5/jg6njg43jg7zjgrzjg6vjg7zjg5fjgJHjgJDlkajovrrmqZ/lmajjgJHkuK3lj6TjgJDkuK3lj6TjgJEg44CQIOODkeOCveOCs+ODs++8hueZveODreODoOOBruOCpOOCquOCt+OCuSDjgJHvvJrkuK3lj6Tjg5Hjgr3jgrPjg7Pjgajnmb3jg63jg6Djga7jgqTjgqrjgrfjgrk=,44K544Oe44O844OI44OV44Kp44Oz44K544Oe44ObU0lN44OV44Oq44O855m944Ot44OgaVBob25lQW5kcm9pZOOCv+ODluODrOODg+ODiGlQYWTmkLrluK/pm7voqbHkuK3lj6Tjg5Hjgr3jgrPjg7Pjg47jg7zjg4jjg5Hjgr3jgrPjg7NpcG9kZG9jb21vc29mdGJhbmthdeODh+OCueOCr+ODiOODg+ODl+ODkeOCveOCs+ODs09mZmljZeS4reWPpFBD44Ki44Km44OI44Os44OD44OI44CQ6YCB5paZ54Sh5paZ44CR5b2T56S+77yR44O25pyI6ZaT5L+d6Ki8W+S4reWPpELjg6njg7Pjgq9d4pagQXBwbGUgQXBwbGUgV2F0Y2ggNDJtbSAoTUozWTJKL0EpIOOAkOOCueODhuODs+ODrOOCueOCueODgeODvOODqy/jg5/jg6njg43jg7zjgrzjg6vjg7zjg5fjgJHjgJDlkajovrrmqZ/lmajjgJHkuK3lj6TjgJDkuK3lj6TjgJEg44CQIOODkeOCveOCs+ODs++8hueZveODreODoOOBruOCpOOCquOCt+OCuSDjgJE=,44CQ5b2T56S+77yR44O25pyI6ZaT5L+d6Ki844CR44CC44CQ6YCB5paZ54Sh5paZ44CR5b2T56S+77yR44O25pyI6ZaT5L+d6Ki8W+S4reWPpELjg6njg7Pjgq9d4pagQXBwbGUgQXBwbGUgV2F0Y2ggNDJtbSAoTUozWTJKL0EpIOOAkOOCueODhuODs+ODrOOCueOCueODgeODvOODqy/jg5/jg6njg43jg7zjgrzjg6vjg7zjg5fjgJHjgJDlkajovrrmqZ/lmajjgJHkuK3lj6TjgJDkuK3lj6TjgJEg44CQIOODkeOCveOCs+ODs++8hueZveODreODoOOBruOCpOOCquOCt+OCuSDjgJE=[rn]
16-187117,aHR0cDovL3RzaG9wLnIxMHMuanAvcGMtZ29vZC9jYWJpbmV0L2lvc3lzX2cvbm9faXRlbS5qcGc/Zml0aW49NzAwOjcwMA==,Mzk4NDAuMDAwMA==,,44K544Oe44O844OI44OV44Kp44Oz44O744K/44OW44Os44OD44OIID4g44K544Oe44O844OI44OV44Kp44Oz44Ki44Kv44K744K144Oq44O8ID4g44Gd44Gu5LuW,44CQ6YCB5paZ54Sh5paZ44CR5b2T56S+77yR44O25pyI6ZaT5L+d6Ki8W+S4reWPpEPjg6njg7Pjgq9d4pagQXBwbGUgQXBwbGUgV2F0Y2ggU2VyaWVzIDIgNDJtbSBNTlUxMkovQSBb44K144OJ44Or44OW44Op44Km44Oz44Kv44Op44K344OD44Kv44OQ44OD44Kv44OrXeOAkOWRqOi+uuapn+WZqOOAkeS4reWPpOOAkOS4reWPpOOAkSDjgJAg44OR44K944Kz44Oz77yG55m944Ot44Og44Gu44Kk44Kq44K344K5IOOAkQ==,44CQ5b2T56S+77yR44O25pyI6ZaT5L+d6Ki844CR,PGxpbmsg44CA44CA44CA44CA44CA44CA44CA44CA44CA44CA44CA44CA44CAPSIiIHJlbD0ic3R5bGVzaGVldCIgaHJlZj0iaHR0cDovL3d3dy5yYWt1dGVuLm5lLmpwL2dvbGQvcGMtZ29vZC9hc3NldHMvc3R5bGVzaGVldHMvaXRlbXMvc3R5bGUuY3NzIj4gIDx0YWJsZSDjgIDjgIDjgIDjgIDjgIDjgIDjgIDjgIDjgIDjgIDjgIDjgIDjgIAgY2xhc3M9ImNfX3RhYmxlIGNfX3RhYmxlLWJvcmRlcmVkIj48dHI+PHRoPk9TPC90aD48dGQ+V2F0Y2ggT1M8L3RkPjwvdHI+PHRyPjx0aD7mtrLmmbY8L3RoPjx0ZD4zOTB4MzEyIFJldGluYTwvdGQ+PC90cj48dHI+PHRoPkNQVTwvdGg+PHRkPuODh+ODpeOCouODq+OCs+OCojwvdGQ+PC90cj48dHI+PHRoPldpLUZpPC90aD48dGQ+ODAyLjExYjxmb250IHNpemU9Ii0xIj4vPC9mb250Pmc8Zm9udCBzaXplPSItMSI+LzwvZm9udD5uPC90ZD48L3RyPjx0cj48dGg+Qmx1ZXRvb3RoPC90aD48dGQ+NC4wPC90ZD48L3RyPjx0cj48dGg+44Gd44Gu5LuWPC90aD48dGQ+5Yqg6YCf5bqm44K744Oz44K144O8PGZvbnQgc2l6ZT0iLTEiPi88L2ZvbnQ+44K444Oj44Kk44Ot44K744Oz44K144O8PGZvbnQgc2l6ZT0iLTEiPi88L2ZvbnQ+5b+D5ouN44K744Oz44K144O8PGZvbnQgc2l6ZT0iLTEiPi88L2ZvbnQ+R1BTPGZvbnQgc2l6ZT0iLTEiPi88L2ZvbnQ+5YWJ44K744Oz44K144O8PGZvbnQgc2l6ZT0iLTEiPi88L2ZvbnQ+6Ziy5rC0PGZvbnQgc2l6ZT0iLTEiPi88L2ZvbnQ+QXBwbGUgUGF55a++5b+cPC90ZD48L3RyPjwvdGFibGUg44CA44CA44CA44CA44CA44CA44CA44CA44CA44CA44CA44CA44CAID4gIDx0YWJsZSDjgIDjgIDjgIDjgIDjgIDjgIDjgIDjgIDjgIDjgIDjgIDjgIDjgIAgY2xhc3M9ImNfX3RhYmxlIGNfX3RhYmxlLWJvcmRlcmVkIj4gIDx0cj48dGg+5LuY5bGe5ZOBPC90aD48dGQ+566xL0FD44Ki44OA44OX44K/L+eEoeaOpeeCueWFhembu+WZqC/jg57jg4vjg6XjgqLjg6s8L3RkPjwvdHI+ICA8dHI+PHRoPuS/neiovOacn+mWkzwvdGg+PHRkPuW9k+ekvu+8keODtuaciOmWk+S/neiovDxicj7kv53oqLzjga7oqbPjgZfjgYTlhoXlrrnjga/jgZPjgaHjgonjgafjgZTnorroqo3jgY/jgaDjgZXjgYQ8L3RkPjwvdHI+ICA8dHI+PHRoPuOBneOBruS7lueJueiomOS6i+mghTwvdGg+PHRkPjwvdGQ+PC90cj4gIDx0cj48dGg+5ZWG5ZOB54q25oWL44Gu6Kqs5piOPC90aD48dGQ+55uu56uL44Gk44Kt44K6562J44CB5aSW6KOF54q25oWL44Gr57WM5bm05Yqj5YyW5Lul5aSW44Gu55eH54q244GM44G/44KJ44KM44KL5ZWG5ZOB44Go44Gq44KK44G+44GZ44CCPC90ZD48L3RyPiAgPC90YWJsZSDjgIDjgIDjgIDjgIDjgIDjgIDjgIDjgIDjgIDjgIDjgIDjgIDjgIAgPiAgPGhyPjx0YWJsZSB3aWR0aD0nMTAwJScgY2VsbHNwYWNpbmc9JzUnIGNlbGxwYWRkaW5nPSc1Jz48dHI+PHRoIGJnY29sb3I9JyNEMDA4MDgnPjxmb250IGNvbG9yPScjZmZmZmZmJz7vvIHjgZTms6jmlofliY3jgavjgZTnorroqo3jgY/jgaDjgZXjgYQ8L2ZvbnQ+PC90aD48L3RyPjx0cj48dGQ+5a6f6Zqb44Gu5ZWG5ZOB44Go55Ww44Gq44KL44Kk44Oh44O844K455S75YOP44KS5Yip55So44GX44Gm44GE44KL5aC05ZCI44GM5b6h5bqn44GE44G+44GZ44CCPGJyPuW9k+W6l+OAgeWun+W6l+iIl+OBqOiHquekvuOCteOCpOODiOOCkuWQq+OCgOWFseacieWcqOW6q+OBqOOBquOCiuOAgeOBlOazqOaWh+OBruOCv+OCpOODn+ODs+OCsOOBq+OCiOOBo+OBpuOBr+WVhuWTgeOCkuOBlOeUqOaEj+OBp+OBjeOBquOBhOWgtOWQiOOBjOOBlOOBluOBhOOBvuOBmeOAguOBlOeUqOaEj+WHuuadpeOBquOBi+OBo+OBn+WgtOWQiOOBq+OBpOOBjeOBvuOBl+OBpuOBr+OAgeOBlOazqOaWh+OBruOCreODo+ODs+OCu+ODq+OBqOOBleOBm+OBpumgguOBjeOBvuOBmeOAguOBneOBruS7luOAgeW9k+W6l+OBruOBlOazqOaWh+OBrua1geOCjOOCkuODmuODvOOCuOS4i+mDqOOBq+OBpuOAgeS6iOOCgeOBlOeiuuiqjeOBj+OBoOOBleOBhOOAgjwvdGQ+PC90cj48L3RhYmxlPjxicj4=,44CQ6YCB5paZ54Sh5paZ44CR5b2T56S+77yR44O25pyI6ZaT5L+d6Ki8W+S4reWPpEPjg6njg7Pjgq9d4pagQXBwbGUgQXBwbGUgV2F0Y2ggU2VyaWVzIDIgNDJtbSBNTlUxMkovQSBb44K144OJ44Or44OW44Op44Km44Oz44Kv44Op44K344OD44Kv44OQ44OD44Kv44OrXeOAkOWRqOi+uuapn+WZqOOAkeS4reWPpOOAkOS4reWPpOOAkSDjgJAg44OR44K944Kz44Oz77yG55m944Ot44Og44Gu44Kk44Kq44K344K5IOOAke+8muS4reWPpOODkeOCveOCs+ODs+OBqOeZveODreODoOOBruOCpOOCquOCt+OCuQ==,44K544Oe44O844OI44OV44Kp44Oz44K544Oe44ObU0lN44OV44Oq44O855m944Ot44OgaVBob25lQW5kcm9pZOOCv+ODluODrOODg+ODiGlQYWTmkLrluK/pm7voqbHkuK3lj6Tjg5Hjgr3jgrPjg7Pjg47jg7zjg4jjg5Hjgr3jgrPjg7NpcG9kZG9jb21vc29mdGJhbmthdeODh+OCueOCr+ODiOODg+ODl+ODkeOCveOCs+ODs09mZmljZeS4reWPpFBD44Ki44Km44OI44Os44OD44OI44CQ6YCB5paZ54Sh5paZ44CR5b2T56S+77yR44O25pyI6ZaT5L+d6Ki8W+S4reWPpEPjg6njg7Pjgq9d4pagQXBwbGUgQXBwbGUgV2F0Y2ggU2VyaWVzIDIgNDJtbSBNTlUxMkovQSBb44K144OJ44Or44OW44Op44Km44Oz44Kv44Op44K344OD44Kv44OQ44OD44Kv44OrXeOAkOWRqOi+uuapn+WZqOOAkeS4reWPpOOAkOS4reWPpOOAkSDjgJAg44OR44K944Kz44Oz77yG55m944Ot44Og44Gu44Kk44Kq44K344K5IOOAkQ==,44CQ5b2T56S+77yR44O25pyI6ZaT5L+d6Ki844CR44CC44CQ6YCB5paZ54Sh5paZ44CR5b2T56S+77yR44O25pyI6ZaT5L+d6Ki8W+S4reWPpEPjg6njg7Pjgq9d4pagQXBwbGUgQXBwbGUgV2F0Y2ggU2VyaWVzIDIgNDJtbSBNTlUxMkovQSBb44K144OJ44Or44OW44Op44Km44Oz44Kv44Op44K344OD44Kv44OQ44OD44Kv44OrXeOAkOWRqOi+uuapn+WZqOOAkeS4reWPpOOAkOS4reWPpOOAkSDjgJAg44OR44K944Kz44Oz77yG55m944Ot44Og44Gu44Kk44Kq44K344K5IOOAkQ==[rn]
16-187118,aHR0cDovL3RzaG9wLnIxMHMuanAvcGMtZ29vZC9jYWJpbmV0L2lvc3lzX2cvODgwMDBfODk5OTkvODg4MDEuanBnP2ZpdGluPTcwMDo3MDA=,Mjc4NDAuMDAwMA==,,44K544Oe44O844OI44OV44Kp44Oz44O744K/44OW44Os44OD44OIID4g44K544Oe44O844OI44OV44Kp44Oz44Ki44Kv44K744K144Oq44O8ID4g44Gd44Gu5LuW,44CQ6YCB5paZ54Sh5paZ44CR5b2T56S+77yR44O25pyI6ZaT5L+d6Ki8W+S4reWPpELjg6njg7Pjgq9d4pagQXBwbGUgQXBwbGUgV2F0Y2ggMzhtbSAoTUozMjJKL0EpIOOAkOOCueODhuODs+ODrOOCueOCueODgeODvOODqy/jg5/jg6njg43jg7zjgrzjg6vjg7zjg5fjgJEg44CQ5ZGo6L665qmf5Zmo44CR5Lit5Y+k44CQ5Lit5Y+k44CRIOOAkCDjg5Hjgr3jgrPjg7PvvIbnmb3jg63jg6Djga7jgqTjgqrjgrfjgrkg44CR,44CQ5b2T56S+77yR44O25pyI6ZaT5L+d6Ki844CR,PGxpbmsg44CA44CA44CA44CA44CA44CA44CA44CA44CA44CA44CA44CA44CAPSIiIHJlbD0ic3R5bGVzaGVldCIgaHJlZj0iaHR0cDovL3d3dy5yYWt1dGVuLm5lLmpwL2dvbGQvcGMtZ29vZC9hc3NldHMvc3R5bGVzaGVldHMvaXRlbXMvc3R5bGUuY3NzIj4gIDx0YWJsZSDjgIDjgIDjgIDjgIDjgIDjgIDjgIDjgIDjgIDjgIDjgIDjgIDjgIAgY2xhc3M9ImNfX3RhYmxlIGNfX3RhYmxlLWJvcmRlcmVkIj48dHI+PHRoPuOCteOCpOOCujwvdGg+PHRkPjQzOC42IHggMzMuMyB4IDEwLjUgbW08L3RkPjwvdHI+PHRyPjx0aD7jgrHjg7zjgrnph43jgZU8L3RoPjx0ZD7ntIQyNWc8L3RkPjwvdHI+PHRyPjx0aD7jg4fjgqPjgrnjg5fjg6zjgqQ8L3RoPjx0ZD7mhJ/lnKfjgr/jg4Pjg4Hjgavlr77lv5zjgZfjgZ9SZXRpbmHjg4fjgqPjgrnjg5fjg6zjgqQ8L3RkPjwvdHI+PHRyPjx0aD5XaXJlbGVzczwvdGg+PHRkPldpLUZpICg4MDIuMTFiPGZvbnQgc2l6ZT0iLTEiPi88L2ZvbnQ+Zzxmb250IHNpemU9Ii0xIj4vPC9mb250Pm4gMi40R0h6KTxmb250IHNpemU9Ii0xIj4vPC9mb250PkJsdWV0b290aCA0LjAg5b+D5ouN44K744Oz44K144O844CB5Yqg6YCf5bqm44K744Oz44K144O844CB44K444Oj44Kk44Ot44K544Kz44O844OXPC90ZD48L3RyPjx0cj48dGg+6Ziy5rC0PC90aD48dGQ+SVBYNzwvdGQ+PC90cj48L3RhYmxlIOOAgOOAgOOAgOOAgOOAgOOAgOOAgOOAgOOAgOOAgOOAgOOAgOOAgCA+ICA8dGFibGUg44CA44CA44CA44CA44CA44CA44CA44CA44CA44CA44CA44CA44CAIGNsYXNzPSJjX190YWJsZSBjX190YWJsZS1ib3JkZXJlZCI+ICA8dHI+PHRoPuS7mOWxnuWTgTwvdGg+PHRkPueusS/jg57jg4vjg6XjgqLjg6svQUPjgqLjg4Djg5fjgr8v44Oe44Kw44ON44OD44OI5byP5YWF6Zu744Kx44O844OW44OrPC90ZD48L3RyPiAgPHRyPjx0aD7kv53oqLzmnJ/plpM8L3RoPjx0ZD7lvZPnpL7vvJHjg7bmnIjplpPkv53oqLw8YnI+5L+d6Ki844Gu6Kmz44GX44GE5YaF5a6544Gv44GT44Gh44KJ44Gn44GU56K66KqN44GP44Gg44GV44GEPC90ZD48L3RyPiAgPHRyPjx0aD7jgZ3jga7ku5bnibnoqJjkuovpoIU8L3RoPjx0ZD48L3RkPjwvdHI+ICA8dHI+PHRoPuWVhuWTgeeKtuaFi+OBruiqrOaYjjwvdGg+PHRkPuS4reWPpOWVhuWTgeeJueacieOBrue1jOW5tOWKo+WMluOBjOimi+OCieOCjOOCi+eKtuaFi+OBp+OBmeOBjOOAgemAmuW4uOS9v+eUqOOBq+OBr+WVj+mhjOacieOCiuOBvuOBm+OCk+OAgjxCUj7ntYzlubTliqPljJbjga7oqbPjgZfjgYToqqzmmI7jga/jgZPjgaHjgonjgavjgabjgZTnorroqo3kuIvjgZXjgYQ8QlI+6KSH5pWw5Y+w5Zyo5bqr44GX44Gm44GE44KL5ZWG5ZOB44Gu5YaZ55yf44Gr6Zai44GX44Gm44Gv44CB44Gq44KL44G544GP5qiZ5rqW55qE44Gq5aSW6KOF54q25oWL44Gu44KC44Gu44KS6YG444KT44Gn5pKu5b2x44GX44Gm44GK44KK44G+44GZ44CC5YaZ55yf44Gu5ZWG5ZOB44Gv44GK5omL5YWD44Gr5bGK44GP5YCL5L2T44Go44GE44GG44KP44GR44Gn44Gv5b6h5bqn44GE44G+44Gb44KT44Gu44Gn5LqI44KB44GU5LqG5om/5LiL44GV44GE44CCPC90ZD48L3RyPiAgPC90YWJsZSDjgIDjgIDjgIDjgIDjgIDjgIDjgIDjgIDjgIDjgIDjgIDjgIDjgIAgPiAgPGhyPjx0YWJsZSB3aWR0aD0nMTAwJScgY2VsbHNwYWNpbmc9JzUnIGNlbGxwYWRkaW5nPSc1Jz48dHI+PHRoIGJnY29sb3I9JyNEMDA4MDgnPjxmb250IGNvbG9yPScjZmZmZmZmJz7vvIHjgZTms6jmlofliY3jgavjgZTnorroqo3jgY/jgaDjgZXjgYQ8L2ZvbnQ+PC90aD48L3RyPjx0cj48dGQ+5a6f6Zqb44Gu5ZWG5ZOB44Go55Ww44Gq44KL44Kk44Oh44O844K455S75YOP44KS5Yip55So44GX44Gm44GE44KL5aC05ZCI44GM5b6h5bqn44GE44G+44GZ44CCPGJyPuW9k+W6l+OAgeWun+W6l+iIl+OBqOiHquekvuOCteOCpOODiOOCkuWQq+OCgOWFseacieWcqOW6q+OBqOOBquOCiuOAgeOBlOazqOaWh+OBruOCv+OCpOODn+ODs+OCsOOBq+OCiOOBo+OBpuOBr+WVhuWTgeOCkuOBlOeUqOaEj+OBp+OBjeOBquOBhOWgtOWQiOOBjOOBlOOBluOBhOOBvuOBmeOAguOBlOeUqOaEj+WHuuadpeOBquOBi+OBo+OBn+WgtOWQiOOBq+OBpOOBjeOBvuOBl+OBpuOBr+OAgeOBlOazqOaWh+OBruOCreODo+ODs+OCu+ODq+OBqOOBleOBm+OBpumgguOBjeOBvuOBmeOAguOBneOBruS7luOAgeW9k+W6l+OBruOBlOazqOaWh+OBrua1geOCjOOCkuODmuODvOOCuOS4i+mDqOOBq+OBpuOAgeS6iOOCgeOBlOeiuuiqjeOBj+OBoOOBleOBhOOAgjwvdGQ+PC90cj48L3RhYmxlPjxicj4=,44CQ6YCB5paZ54Sh5paZ44CR5b2T56S+77yR44O25pyI6ZaT5L+d6Ki8W+S4reWPpELjg6njg7Pjgq9d4pagQXBwbGUgQXBwbGUgV2F0Y2ggMzhtbSAoTUozMjJKL0EpIOOAkOOCueODhuODs+ODrOOCueOCueODgeODvOODqy/jg5/jg6njg43jg7zjgrzjg6vjg7zjg5fjgJEg44CQ5ZGo6L665qmf5Zmo44CR5Lit5Y+k44CQ5Lit5Y+k44CRIOOAkCDjg5Hjgr3jgrPjg7PvvIbnmb3jg63jg6Djga7jgqTjgqrjgrfjgrkg44CR77ya5Lit5Y+k44OR44K944Kz44Oz44Go55m944Ot44Og44Gu44Kk44Kq44K344K5,44K544Oe44O844OI44OV44Kp44Oz44K544Oe44ObU0lN44OV44Oq44O855m944Ot44OgaVBob25lQW5kcm9pZOOCv+ODluODrOODg+ODiGlQYWTmkLrluK/pm7voqbHkuK3lj6Tjg5Hjgr3jgrPjg7Pjg47jg7zjg4jjg5Hjgr3jgrPjg7NpcG9kZG9jb21vc29mdGJhbmthdeODh+OCueOCr+ODiOODg+ODl+ODkeOCveOCs+ODs09mZmljZeS4reWPpFBD44Ki44Km44OI44Os44OD44OI44CQ6YCB5paZ54Sh5paZ44CR5b2T56S+77yR44O25pyI6ZaT5L+d6Ki8W+S4reWPpELjg6njg7Pjgq9d4pagQXBwbGUgQXBwbGUgV2F0Y2ggMzhtbSAoTUozMjJKL0EpIOOAkOOCueODhuODs+ODrOOCueOCueODgeODvOODqy/jg5/jg6njg43jg7zjgrzjg6vjg7zjg5fjgJEg44CQ5ZGo6L665qmf5Zmo44CR5Lit5Y+k44CQ5Lit5Y+k44CRIOOAkCDjg5Hjgr3jgrPjg7PvvIbnmb3jg63jg6Djga7jgqTjgqrjgrfjgrkg44CR,44CQ5b2T56S+77yR44O25pyI6ZaT5L+d6Ki844CR44CC44CQ6YCB5paZ54Sh5paZ44CR5b2T56S+77yR44O25pyI6ZaT5L+d6Ki8W+S4reWPpELjg6njg7Pjgq9d4pagQXBwbGUgQXBwbGUgV2F0Y2ggMzhtbSAoTUozMjJKL0EpIOOAkOOCueODhuODs+ODrOOCueOCueODgeODvOODqy/jg5/jg6njg43jg7zjgrzjg6vjg7zjg5fjgJEg44CQ5ZGo6L665qmf5Zmo44CR5Lit5Y+k44CQ5Lit5Y+k44CRIOOAkCDjg5Hjgr3jgrPjg7PvvIbnmb3jg63jg6Djga7jgqTjgqrjgrfjgrkg44CR[rn]
16-187119,aHR0cDovL3RzaG9wLnIxMHMuanAvcGMtZ29vZC9jYWJpbmV0L2lvc3lzX2cvbm9faXRlbS5qcGc/Zml0aW49NzAwOjcwMA==,MzQyNDAuMDAwMA==,,44K544Oe44O844OI44OV44Kp44Oz44O744K/44OW44Os44OD44OIID4g44K544Oe44O844OI44OV44Kp44Oz44Ki44Kv44K744K144Oq44O8ID4g44Gd44Gu5LuW,44CQ6YCB5paZ54Sh5paZ44CR5b2T56S+77yW44O25pyI5L+d6Ki8W+acquS9v+eUqOWTgV3ilqBTQU1TVU5HIGF1ICsxIGNvbGxlY3Rpb24gR2VhciBTMyBmcm9udGllciBEYXJrIEdyZXkgU00tUjc2ME5EQUFLREnjgJDlkajovrrmqZ/lmajjgJHkuK3lj6TjgJDkuK3lj6TjgJEg44CQIOODkeOCveOCs+ODs++8hueZveODreODoOOBruOCpOOCquOCt+OCuSDjgJE=,44CQ5b2T56S+77yW44O25pyI5L+d6Ki844CR,PGxpbmsg44CA44CA44CA44CA44CA44CA44CA44CA44CA44CA44CA44CA44CAPSIiIHJlbD0ic3R5bGVzaGVldCIgaHJlZj0iaHR0cDovL3d3dy5yYWt1dGVuLm5lLmpwL2dvbGQvcGMtZ29vZC9hc3NldHMvc3R5bGVzaGVldHMvaXRlbXMvc3R5bGUuY3NzIj4gIDx0YWJsZSDjgIDjgIDjgIDjgIDjgIDjgIDjgIDjgIDjgIDjgIDjgIDjgIDjgIAgY2xhc3M9ImNfX3RhYmxlIGNfX3RhYmxlLWJvcmRlcmVkIj48dHI+PHRoPkNQVTwvdGg+PHRkPjEuMEdIeijjg4fjg6XjgqLjg6vjgrPjgqIpPC90ZD48L3RyPjx0cj48dGg+44K544OI44Os44O844K4PC90aD48dGQ+NEdCPC90ZD48L3RyPjx0cj48dGg+44Oh44Oi44OqPC90aD48dGQ+NzY4TUI8L3RkPjwvdHI+PHRyPjx0aD7jg4fjgqPjgrnjg5fjg6zjgqQ8L3RoPjx0ZD4xLjLjgqTjg7Pjg4EoMzYweDM2MCk8L3RkPjwvdHI+PHRyPjx0aD7jg5Djg4Pjg4bjg6rjg7w8L3RoPjx0ZD4zODBtQWg8L3RkPjwvdHI+PHRyPjx0aD5XaUZpPC90aD48dGQ+Yjxmb250IHNpemU9Ii0xIj4vPC9mb250Pmc8Zm9udCBzaXplPSItMSI+LzwvZm9udD5uPC90ZD48L3RyPjx0cj48dGg+6YeN6YePPC90aD48dGQ+NjNnPC90ZD48L3RyPjx0cj48dGg+44Gd44Gu5LuWPC90aD48dGQ+R1BTPGZvbnQgc2l6ZT0iLTEiPi88L2ZvbnQ+R2xvbmFzczxmb250IHNpemU9Ii0xIj4vPC9mb250PkJsdWV0b290aDQuMjxmb250IHNpemU9Ii0xIj4vPC9mb250PuODr+OCpOODpOODrOOCueWFhembu+WvvuW/nDxmb250IHNpemU9Ii0xIj4vPC9mb250Pk5GQzxmb250IHNpemU9Ii0xIj4vPC9mb250PuiAkOawtDxmb250IHNpemU9Ii0xIj4vPC9mb250PuiAkOWhtShJUDY4KTwvdGQ+PC90cj48dHI+PHRoPuWvvuW/nDwvdGg+PHRkPkFuZHJvaWRPUzQuNO+9nigxLjVHQlJBTeS7peS4iuaQrei8ieerr+acqyk8Zm9udCBzaXplPSItMSI+LzwvZm9udD5pT1M5LjDvvZ48L3RkPjwvdHI+PC90YWJsZSDjgIDjgIDjgIDjgIDjgIDjgIDjgIDjgIDjgIDjgIDjgIDjgIDjgIAgPiAgPHRhYmxlIOOAgOOAgOOAgOOAgOOAgOOAgOOAgOOAgOOAgOOAgOOAgOOAgOOAgCBjbGFzcz0iY19fdGFibGUgY19fdGFibGUtYm9yZGVyZWQiPiAgPHRyPjx0aD7ku5jlsZ7lk4E8L3RoPjx0ZD7nrrEv44Kv44Kk44OD44Kv44K544K/44O844OI44Ks44Kk44OJL+OCteOCpOOCuuS6pOaPm+eUqOODmeODq+ODiC/lsILnlKjjg6/jgqTjg6Tjg6zjgrnlhYXpm7vjg4njg4Pjgq88L3RkPjwvdHI+ICA8dHI+PHRoPuS/neiovOacn+mWkzwvdGg+PHRkPuW9k+ekvu+8luODtuaciOS/neiovDxicj7kv53oqLzjga7oqbPjgZfjgYTlhoXlrrnjga/jgZPjgaHjgonjgafjgZTnorroqo3jgY/jgaDjgZXjgYQ8L3RkPjwvdHI+ICA8dHI+PHRoPuOBneOBruS7lueJueiomOS6i+mghTwvdGg+PHRkPjwvdGQ+PC90cj4gIDx0cj48dGg+5ZWG5ZOB54q25oWL44Gu6Kqs5piOPC90aD48dGQ+6ZaL5bCB44GX44Gm44GE44G+44GZ44GM44CB5L2/55So44GV44KM44Gm44GE44Gq44GE54mp44Go44Gq44KK44G+44GZ44CC44Kx44O844K/44Kk5pyq5L2/55So5ZOB44Gr6Zai44GX44G+44GX44Gm44Gv44CB6YCa6Zu756K66KqN5Y+K44Gz5Yid5pyf5YyW44Gu5L2c5qWt44GM6KGM44Gq44KP44KM44Gm44GK44KK44G+44GZ44CCPC90ZD48L3RyPiAgPC90YWJsZSDjgIDjgIDjgIDjgIDjgIDjgIDjgIDjgIDjgIDjgIDjgIDjgIDjgIAgPiAgPGhyPjx0YWJsZSB3aWR0aD0nMTAwJScgY2VsbHNwYWNpbmc9JzUnIGNlbGxwYWRkaW5nPSc1Jz48dHI+PHRoIGJnY29sb3I9JyNEMDA4MDgnPjxmb250IGNvbG9yPScjZmZmZmZmJz7vvIHjgZTms6jmlofliY3jgavjgZTnorroqo3jgY/jgaDjgZXjgYQ8L2ZvbnQ+PC90aD48L3RyPjx0cj48dGQ+5a6f6Zqb44Gu5ZWG5ZOB44Go55Ww44Gq44KL44Kk44Oh44O844K455S75YOP44KS5Yip55So44GX44Gm44GE44KL5aC05ZCI44GM5b6h5bqn44GE44G+44GZ44CCPGJyPuW9k+W6l+OAgeWun+W6l+iIl+OBqOiHquekvuOCteOCpOODiOOCkuWQq+OCgOWFseacieWcqOW6q+OBqOOBquOCiuOAgeOBlOazqOaWh+OBruOCv+OCpOODn+ODs+OCsOOBq+OCiOOBo+OBpuOBr+WVhuWTgeOCkuOBlOeUqOaEj+OBp+OBjeOBquOBhOWgtOWQiOOBjOOBlOOBluOBhOOBvuOBmeOAguOBlOeUqOaEj+WHuuadpeOBquOBi+OBo+OBn+WgtOWQiOOBq+OBpOOBjeOBvuOBl+OBpuOBr+OAgeOBlOazqOaWh+OBruOCreODo+ODs+OCu+ODq+OBqOOBleOBm+OBpumgguOBjeOBvuOBmeOAguOBneOBruS7luOAgeW9k+W6l+OBruOBlOazqOaWh+OBrua1geOCjOOCkuODmuODvOOCuOS4i+mDqOOBq+OBpuOAgeS6iOOCgeOBlOeiuuiqjeOBj+OBoOOBleOBhOOAgjwvdGQ+PC90cj48L3RhYmxlPjxicj4=,44CQ6YCB5paZ54Sh5paZ44CR5b2T56S+77yW44O25pyI5L+d6Ki8W+acquS9v+eUqOWTgV3ilqBTQU1TVU5HIGF1ICsxIGNvbGxlY3Rpb24gR2VhciBTMyBmcm9udGllciBEYXJrIEdyZXkgU00tUjc2ME5EQUFLREnjgJDlkajovrrmqZ/lmajjgJHkuK3lj6TjgJDkuK3lj6TjgJEg44CQIOODkeOCveOCs+ODs++8hueZveODreODoOOBruOCpOOCquOCt+OCuSDjgJHvvJrkuK3lj6Tjg5Hjgr3jgrPjg7Pjgajnmb3jg63jg6Djga7jgqTjgqrjgrfjgrk=,44K544Oe44O844OI44OV44Kp44Oz44K544Oe44ObU0lN44OV44Oq44O855m944Ot44OgaVBob25lQW5kcm9pZOOCv+ODluODrOODg+ODiGlQYWTmkLrluK/pm7voqbHkuK3lj6Tjg5Hjgr3jgrPjg7Pjg47jg7zjg4jjg5Hjgr3jgrPjg7NpcG9kZG9jb21vc29mdGJhbmthdeODh+OCueOCr+ODiOODg+ODl+ODkeOCveOCs+ODs09mZmljZeS4reWPpFBD44Ki44Km44OI44Os44OD44OI44CQ6YCB5paZ54Sh5paZ44CR5b2T56S+77yW44O25pyI5L+d6Ki8W+acquS9v+eUqOWTgV3ilqBTQU1TVU5HIGF1ICsxIGNvbGxlY3Rpb24gR2VhciBTMyBmcm9udGllciBEYXJrIEdyZXkgU00tUjc2ME5EQUFLREnjgJDlkajovrrmqZ/lmajjgJHkuK3lj6TjgJDkuK3lj6TjgJEg44CQIOODkeOCveOCs+ODs++8hueZveODreODoOOBruOCpOOCquOCt+OCuSDjgJE=,44CQ5b2T56S+77yW44O25pyI5L+d6Ki844CR44CC44CQ6YCB5paZ54Sh5paZ44CR5b2T56S+77yW44O25pyI5L+d6Ki8W+acquS9v+eUqOWTgV3ilqBTQU1TVU5HIGF1ICsxIGNvbGxlY3Rpb24gR2VhciBTMyBmcm9udGllciBEYXJrIEdyZXkgU00tUjc2ME5EQUFLREnjgJDlkajovrrmqZ/lmajjgJHkuK3lj6TjgJDkuK3lj6TjgJEg44CQIOODkeOCveOCs+ODs++8hueZveODreODoOOBruOCpOOCquOCt+OCuSDjgJE=[rn]
16-187120,aHR0cDovL3RzaG9wLnIxMHMuanAvcGMtZ29vZC9jYWJpbmV0L2lvc3lzX2cvbm9faXRlbS5qcGc/Zml0aW49NzAwOjcwMA==,MzUwNDAuMDAwMA==,,44K544Oe44O844OI44OV44Kp44Oz44O744K/44OW44Os44OD44OIID4g44K544Oe44O844OI44OV44Kp44Oz44Ki44Kv44K744K144Oq44O8ID4g44Gd44Gu5LuW,44CQ6YCB5paZ54Sh5paZ44CR5b2T56S+77yW44O25pyI5L+d6Ki8W+acquS9v+eUqOWTgV3ilqBBcHBsZSBBcHBsZSBXYXRjaCBTZXJpZXMgMiA0Mm1tIChNTlQyMkovQSkgW+OCt+ODq+ODkOODvOOCouODq+ODn+ODi+OCpuODoC/jg5vjg6/jgqTjg4jjgrnjg53jg7zjg4Tjg5Djg7Pjg4kgXSDjgJDlkajovrrmqZ/lmajjgJHkuK3lj6TjgJDkuK3lj6TjgJEg44CQIOODkeOCveOCs+ODs++8hueZveODreODoOOBruOCpOOCquOCt+OCuSDjgJE=,44CQ5b2T56S+77yW44O25pyI5L+d6Ki844CR,PGxpbmsg44CA44CA44CA44CA44CA44CA44CA44CA44CA44CA44CA44CA44CAPSIiIHJlbD0ic3R5bGVzaGVldCIgaHJlZj0iaHR0cDovL3d3dy5yYWt1dGVuLm5lLmpwL2dvbGQvcGMtZ29vZC9hc3NldHMvc3R5bGVzaGVldHMvaXRlbXMvc3R5bGUuY3NzIj4gIDx0YWJsZSDjgIDjgIDjgIDjgIDjgIDjgIDjgIDjgIDjgIDjgIDjgIDjgIDjgIAgY2xhc3M9ImNfX3RhYmxlIGNfX3RhYmxlLWJvcmRlcmVkIj48dHI+PHRoPk9TPC90aD48dGQ+V2F0Y2ggT1M8L3RkPjwvdHI+PHRyPjx0aD7mtrLmmbY8L3RoPjx0ZD4zOTB4MzEyIFJldGluYTwvdGQ+PC90cj48dHI+PHRoPkNQVTwvdGg+PHRkPuODh+ODpeOCouODq+OCs+OCojwvdGQ+PC90cj48dHI+PHRoPldpLUZpPC90aD48dGQ+ODAyLjExYjxmb250IHNpemU9Ii0xIj4vPC9mb250Pmc8Zm9udCBzaXplPSItMSI+LzwvZm9udD5uPC90ZD48L3RyPjx0cj48dGg+Qmx1ZXRvb3RoPC90aD48dGQ+NC4wPC90ZD48L3RyPjx0cj48dGg+44Gd44Gu5LuWPC90aD48dGQ+5Yqg6YCf5bqm44K744Oz44K144O8PGZvbnQgc2l6ZT0iLTEiPi88L2ZvbnQ+44K444Oj44Kk44Ot44K744Oz44K144O8PGZvbnQgc2l6ZT0iLTEiPi88L2ZvbnQ+5b+D5ouN44K744Oz44K144O8PGZvbnQgc2l6ZT0iLTEiPi88L2ZvbnQ+R1BTPGZvbnQgc2l6ZT0iLTEiPi88L2ZvbnQ+5YWJ44K744Oz44K144O8PGZvbnQgc2l6ZT0iLTEiPi88L2ZvbnQ+6Ziy5rC0PGZvbnQgc2l6ZT0iLTEiPi88L2ZvbnQ+QXBwbGUgUGF55a++5b+cPC90ZD48L3RyPjwvdGFibGUg44CA44CA44CA44CA44CA44CA44CA44CA44CA44CA44CA44CA44CAID4gIDx0YWJsZSDjgIDjgIDjgIDjgIDjgIDjgIDjgIDjgIDjgIDjgIDjgIDjgIDjgIAgY2xhc3M9ImNfX3RhYmxlIGNfX3RhYmxlLWJvcmRlcmVkIj4gIDx0cj48dGg+5LuY5bGe5ZOBPC90aD48dGQ+566x44CA44OW44Op44OD44Kv44K544Od44O844OE44OQ44Oz44OJIEFD44Ki44OA44OX44K/IOeEoeaOpeeCueWFhembu+WZqCDjg57jg4vjg6XjgqLjg6s8L3RkPjwvdHI+ICA8dHI+PHRoPuS/neiovOacn+mWkzwvdGg+PHRkPuW9k+ekvu+8luODtuaciOS/neiovDxicj7kv53oqLzjga7oqbPjgZfjgYTlhoXlrrnjga/jgZPjgaHjgonjgafjgZTnorroqo3jgY/jgaDjgZXjgYQ8L3RkPjwvdHI+ICA8dHI+PHRoPuOBneOBruS7lueJueiomOS6i+mghTwvdGg+PHRkPjwvdGQ+PC90cj4gIDx0cj48dGg+5ZWG5ZOB54q25oWL44Gu6Kqs5piOPC90aD48dGQ+6ZaL5bCB44GX44Gm44GE44G+44GZ44GM44CB5L2/55So44GV44KM44Gm44GE44Gq44GE54mp44Go44Gq44KK44G+44GZ44CC44Kx44O844K/44Kk5pyq5L2/55So5ZOB44Gr6Zai44GX44G+44GX44Gm44Gv44CB6YCa6Zu756K66KqN5Y+K44Gz5Yid5pyf5YyW44Gu5L2c5qWt44GM6KGM44Gq44KP44KM44Gm44GK44KK44G+44GZ44CCPC90ZD48L3RyPiAgPC90YWJsZSDjgIDjgIDjgIDjgIDjgIDjgIDjgIDjgIDjgIDjgIDjgIDjgIDjgIAgPiAgPGhyPjx0YWJsZSB3aWR0aD0nMTAwJScgY2VsbHNwYWNpbmc9JzUnIGNlbGxwYWRkaW5nPSc1Jz48dHI+PHRoIGJnY29sb3I9JyNEMDA4MDgnPjxmb250IGNvbG9yPScjZmZmZmZmJz7vvIHjgZTms6jmlofliY3jgavjgZTnorroqo3jgY/jgaDjgZXjgYQ8L2ZvbnQ+PC90aD48L3RyPjx0cj48dGQ+5a6f6Zqb44Gu5ZWG5ZOB44Go55Ww44Gq44KL44Kk44Oh44O844K455S75YOP44KS5Yip55So44GX44Gm44GE44KL5aC05ZCI44GM5b6h5bqn44GE44G+44GZ44CCPGJyPuW9k+W6l+OAgeWun+W6l+iIl+OBqOiHquekvuOCteOCpOODiOOCkuWQq+OCgOWFseacieWcqOW6q+OBqOOBquOCiuOAgeOBlOazqOaWh+OBruOCv+OCpOODn+ODs+OCsOOBq+OCiOOBo+OBpuOBr+WVhuWTgeOCkuOBlOeUqOaEj+OBp+OBjeOBquOBhOWgtOWQiOOBjOOBlOOBluOBhOOBvuOBmeOAguOBlOeUqOaEj+WHuuadpeOBquOBi+OBo+OBn+WgtOWQiOOBq+OBpOOBjeOBvuOBl+OBpuOBr+OAgeOBlOazqOaWh+OBruOCreODo+ODs+OCu+ODq+OBqOOBleOBm+OBpumgguOBjeOBvuOBmeOAguOBneOBruS7luOAgeW9k+W6l+OBruOBlOazqOaWh+OBrua1geOCjOOCkuODmuODvOOCuOS4i+mDqOOBq+OBpuOAgeS6iOOCgeOBlOeiuuiqjeOBj+OBoOOBleOBhOOAgjwvdGQ+PC90cj48L3RhYmxlPjxicj4=,44CQ6YCB5paZ54Sh5paZ44CR5b2T56S+77yW44O25pyI5L+d6Ki8W+acquS9v+eUqOWTgV3ilqBBcHBsZSBBcHBsZSBXYXRjaCBTZXJpZXMgMiA0Mm1tIChNTlQyMkovQSkgW+OCt+ODq+ODkOODvOOCouODq+ODn+ODi+OCpuODoC/jg5vjg6/jgqTjg4jjgrnjg53jg7zjg4Tjg5Djg7Pjg4kgXSDjgJDlkajovrrmqZ/lmajjgJHkuK3lj6TjgJDkuK3lj6TjgJEg44CQIOODkeOCveOCs+ODs++8hueZveODreODoOOBruOCpOOCquOCt+OCuSDjgJHvvJrkuK3lj6Tjg5Hjgr3jgrPjg7Pjgajnmb3jg63jg6Djga7jgqTjgqrjgrfjgrk=,44K544Oe44O844OI44OV44Kp44Oz44K544Oe44ObU0lN44OV44Oq44O855m944Ot44OgaVBob25lQW5kcm9pZOOCv+ODluODrOODg+ODiGlQYWTmkLrluK/pm7voqbHkuK3lj6Tjg5Hjgr3jgrPjg7Pjg47jg7zjg4jjg5Hjgr3jgrPjg7NpcG9kZG9jb21vc29mdGJhbmthdeODh+OCueOCr+ODiOODg+ODl+ODkeOCveOCs+ODs09mZmljZeS4reWPpFBD44Ki44Km44OI44Os44OD44OI44CQ6YCB5paZ54Sh5paZ44CR5b2T56S+77yW44O25pyI5L+d6Ki8W+acquS9v+eUqOWTgV3ilqBBcHBsZSBBcHBsZSBXYXRjaCBTZXJpZXMgMiA0Mm1tIChNTlQyMkovQSkgW+OCt+ODq+ODkOODvOOCouODq+ODn+ODi+OCpuODoC/jg5vjg6/jgqTjg4jjgrnjg53jg7zjg4Tjg5Djg7Pjg4kgXSDjgJDlkajovrrmqZ/lmajjgJHkuK3lj6TjgJDkuK3lj6TjgJEg44CQIOODkeOCveOCs+ODs++8hueZveODreODoOOBruOCpOOCquOCt+OCuSDjgJE=,44CQ5b2T56S+77yW44O25pyI5L+d6Ki844CR44CC44CQ6YCB5paZ54Sh5paZ44CR5b2T56S+77yW44O25pyI5L+d6Ki8W+acquS9v+eUqOWTgV3ilqBBcHBsZSBBcHBsZSBXYXRjaCBTZXJpZXMgMiA0Mm1tIChNTlQyMkovQSkgW+OCt+ODq+ODkOODvOOCouODq+ODn+ODi+OCpuODoC/jg5vjg6/jgqTjg4jjgrnjg53jg7zjg4Tjg5Djg7Pjg4kgXSDjgJDlkajovrrmqZ/lmajjgJHkuK3lj6TjgJDkuK3lj6TjgJEg44CQIOODkeOCveOCs+ODs++8hueZveODreODoOOBruOCpOOCquOCt+OCuSDjgJE=[rn]
16-187121,aHR0cDovL3RzaG9wLnIxMHMuanAvcGMtZ29vZC9jYWJpbmV0L2lvc3lzX2cvMTE0MDAwXzExNTk5OS8xMTUxNTVfMS5qcGc/Zml0aW49NzAwOjcwMA==,MzUwNDAuMDAwMA==,,44K544Oe44O844OI44OV44Kp44Oz44O744K/44OW44Os44OD44OIID4g44K544Oe44O844OI44OV44Kp44Oz44Ki44Kv44K744K144Oq44O8ID4g44Gd44Gu5LuW,44CQ6YCB5paZ54Sh5paZ44CR5b2T56S+77yW44O25pyI5L+d6Ki8W+acquS9v+eUqOWTgV3ilqBBcHBsZSBBcHBsZSBXYXRjaCBTZXJpZXMgMiA0Mm1tIChNUDBHMkovQSkgW+OCueODmuODvOOCueOCsOODrOOCpOOCouODq+ODn+ODi+OCpuODoOOCseODvOOCuS/jg5bjg6njg4Pjgq/jgrnjg53jg7zjg4Tjg5Djg7Pjg4ldIOOAkOWRqOi+uuapn+WZqOOAkeS4reWPpOOAkOS4reWPpOOAkSDjgJAg44OR44K944Kz44Oz77yG55m944Ot44Og44Gu44Kk44Kq44K344K5IOOAkQ==,44CQ5b2T56S+77yW44O25pyI5L+d6Ki844CR,PGxpbmsg44CA44CA44CA44CA44CA44CA44CA44CA44CA44CA44CA44CA44CAPSIiIHJlbD0ic3R5bGVzaGVldCIgaHJlZj0iaHR0cDovL3d3dy5yYWt1dGVuLm5lLmpwL2dvbGQvcGMtZ29vZC9hc3NldHMvc3R5bGVzaGVldHMvaXRlbXMvc3R5bGUuY3NzIj4gIDx0YWJsZSDjgIDjgIDjgIDjgIDjgIDjgIDjgIDjgIDjgIDjgIDjgIDjgIDjgIAgY2xhc3M9ImNfX3RhYmxlIGNfX3RhYmxlLWJvcmRlcmVkIj48dHI+PHRoPk9TPC90aD48dGQ+V2F0Y2ggT1M8L3RkPjwvdHI+PHRyPjx0aD7mtrLmmbY8L3RoPjx0ZD4zOTB4MzEyIFJldGluYTwvdGQ+PC90cj48dHI+PHRoPkNQVTwvdGg+PHRkPuODh+ODpeOCouODq+OCs+OCojwvdGQ+PC90cj48dHI+PHRoPldpLUZpPC90aD48dGQ+ODAyLjExYjxmb250IHNpemU9Ii0xIj4vPC9mb250Pmc8Zm9udCBzaXplPSItMSI+LzwvZm9udD5uPC90ZD48L3RyPjx0cj48dGg+Qmx1ZXRvb3RoPC90aD48dGQ+NC4wPC90ZD48L3RyPjx0cj48dGg+44Gd44Gu5LuWPC90aD48dGQ+5Yqg6YCf5bqm44K744Oz44K144O8PGZvbnQgc2l6ZT0iLTEiPi88L2ZvbnQ+44K444Oj44Kk44Ot44K744Oz44K144O8PGZvbnQgc2l6ZT0iLTEiPi88L2ZvbnQ+5b+D5ouN44K744Oz44K144O8PGZvbnQgc2l6ZT0iLTEiPi88L2ZvbnQ+R1BTPGZvbnQgc2l6ZT0iLTEiPi88L2ZvbnQ+5YWJ44K744Oz44K144O8PGZvbnQgc2l6ZT0iLTEiPi88L2ZvbnQ+6Ziy5rC0PGZvbnQgc2l6ZT0iLTEiPi88L2ZvbnQ+QXBwbGUgUGF55a++5b+cPC90ZD48L3RyPjwvdGFibGUg44CA44CA44CA44CA44CA44CA44CA44CA44CA44CA44CA44CA44CAID4gIDx0YWJsZSDjgIDjgIDjgIDjgIDjgIDjgIDjgIDjgIDjgIDjgIDjgIDjgIDjgIAgY2xhc3M9ImNfX3RhYmxlIGNfX3RhYmxlLWJvcmRlcmVkIj4gIDx0cj48dGg+5LuY5bGe5ZOBPC90aD48dGQ+566x44CA44OW44Op44OD44Kv44K544Od44O844OE44OQ44Oz44OJIEFD44Ki44OA44OX44K/IOeEoeaOpeeCueWFhembu+WZqCDjg57jg4vjg6XjgqLjg6s8L3RkPjwvdHI+ICA8dHI+PHRoPuS/neiovOacn+mWkzwvdGg+PHRkPuW9k+ekvu+8luODtuaciOS/neiovDxicj7kv53oqLzjga7oqbPjgZfjgYTlhoXlrrnjga/jgZPjgaHjgonjgafjgZTnorroqo3jgY/jgaDjgZXjgYQ8L3RkPjwvdHI+ICA8dHI+PHRoPuOBneOBruS7lueJueiomOS6i+mghTwvdGg+PHRkPjwvdGQ+PC90cj4gIDx0cj48dGg+5ZWG5ZOB54q25oWL44Gu6Kqs5piOPC90aD48dGQ+6ZaL5bCB44GX44Gm44GE44G+44GZ44GM44CB5L2/55So44GV44KM44Gm44GE44Gq44GE54mp44Go44Gq44KK44G+44GZ44CC44Kx44O844K/44Kk5pyq5L2/55So5ZOB44Gr6Zai44GX44G+44GX44Gm44Gv44CB6YCa6Zu756K66KqN5Y+K44Gz5Yid5pyf5YyW44Gu5L2c5qWt44GM6KGM44Gq44KP44KM44Gm44GK44KK44G+44GZ44CCPC90ZD48L3RyPiAgPC90YWJsZSDjgIDjgIDjgIDjgIDjgIDjgIDjgIDjgIDjgIDjgIDjgIDjgIDjgIAgPiAgPGhyPjx0YWJsZSB3aWR0aD0nMTAwJScgY2VsbHNwYWNpbmc9JzUnIGNlbGxwYWRkaW5nPSc1Jz48dHI+PHRoIGJnY29sb3I9JyNEMDA4MDgnPjxmb250IGNvbG9yPScjZmZmZmZmJz7vvIHjgZTms6jmlofliY3jgavjgZTnorroqo3jgY/jgaDjgZXjgYQ8L2ZvbnQ+PC90aD48L3RyPjx0cj48dGQ+5a6f6Zqb44Gu5ZWG5ZOB44Go55Ww44Gq44KL44Kk44Oh44O844K455S75YOP44KS5Yip55So44GX44Gm44GE44KL5aC05ZCI44GM5b6h5bqn44GE44G+44GZ44CCPGJyPuW9k+W6l+OAgeWun+W6l+iIl+OBqOiHquekvuOCteOCpOODiOOCkuWQq+OCgOWFseacieWcqOW6q+OBqOOBquOCiuOAgeOBlOazqOaWh+OBruOCv+OCpOODn+ODs+OCsOOBq+OCiOOBo+OBpuOBr+WVhuWTgeOCkuOBlOeUqOaEj+OBp+OBjeOBquOBhOWgtOWQiOOBjOOBlOOBluOBhOOBvuOBmeOAguOBlOeUqOaEj+WHuuadpeOBquOBi+OBo+OBn+WgtOWQiOOBq+OBpOOBjeOBvuOBl+OBpuOBr+OAgeOBlOazqOaWh+OBruOCreODo+ODs+OCu+ODq+OBqOOBleOBm+OBpumgguOBjeOBvuOBmeOAguOBneOBruS7luOAgeW9k+W6l+OBruOBlOazqOaWh+OBrua1geOCjOOCkuODmuODvOOCuOS4i+mDqOOBq+OBpuOAgeS6iOOCgeOBlOeiuuiqjeOBj+OBoOOBleOBhOOAgjwvdGQ+PC90cj48L3RhYmxlPjxicj4=,44CQ6YCB5paZ54Sh5paZ44CR5b2T56S+77yW44O25pyI5L+d6Ki8W+acquS9v+eUqOWTgV3ilqBBcHBsZSBBcHBsZSBXYXRjaCBTZXJpZXMgMiA0Mm1tIChNUDBHMkovQSkgW+OCueODmuODvOOCueOCsOODrOOCpOOCouODq+ODn+ODi+OCpuODoOOCseODvOOCuS/jg5bjg6njg4Pjgq/jgrnjg53jg7zjg4Tjg5Djg7Pjg4ldIOOAkOWRqOi+uuapn+WZqOOAkeS4reWPpOOAkOS4reWPpOOAkSDjgJAg44OR44K944Kz44Oz77yG55m944Ot44Og44Gu44Kk44Kq44K344K5IOOAke+8muS4reWPpOODkeOCveOCs+ODs+OBqOeZveODreODoOOBruOCpOOCquOCt+OCuQ==,44K544Oe44O844OI44OV44Kp44Oz44K544Oe44ObU0lN44OV44Oq44O855m944Ot44OgaVBob25lQW5kcm9pZOOCv+ODluODrOODg+ODiGlQYWTmkLrluK/pm7voqbHkuK3lj6Tjg5Hjgr3jgrPjg7Pjg47jg7zjg4jjg5Hjgr3jgrPjg7NpcG9kZG9jb21vc29mdGJhbmthdeODh+OCueOCr+ODiOODg+ODl+ODkeOCveOCs+ODs09mZmljZeS4reWPpFBD44Ki44Km44OI44Os44OD44OI44CQ6YCB5paZ54Sh5paZ44CR5b2T56S+77yW44O25pyI5L+d6Ki8W+acquS9v+eUqOWTgV3ilqBBcHBsZSBBcHBsZSBXYXRjaCBTZXJpZXMgMiA0Mm1tIChNUDBHMkovQSkgW+OCueODmuODvOOCueOCsOODrOOCpOOCouODq+ODn+ODi+OCpuODoOOCseODvOOCuS/jg5bjg6njg4Pjgq/jgrnjg53jg7zjg4Tjg5Djg7Pjg4ldIOOAkOWRqOi+uuapn+WZqOOAkeS4reWPpOOAkOS4reWPpOOAkSDjgJAg44OR44K944Kz44Oz77yG55m944Ot44Og44Gu44Kk44Kq44K344K5IOOAkQ==,44CQ5b2T56S+77yW44O25pyI5L+d6Ki844CR44CC44CQ6YCB5paZ54Sh5paZ44CR5b2T56S+77yW44O25pyI5L+d6Ki8W+acquS9v+eUqOWTgV3ilqBBcHBsZSBBcHBsZSBXYXRjaCBTZXJpZXMgMiA0Mm1tIChNUDBHMkovQSkgW+OCueODmuODvOOCueOCsOODrOOCpOOCouODq+ODn+ODi+OCpuODoOOCseODvOOCuS/jg5bjg6njg4Pjgq/jgrnjg53jg7zjg4Tjg5Djg7Pjg4ldIOOAkOWRqOi+uuapn+WZqOOAkeS4reWPpOOAkOS4reWPpOOAkSDjgJAg44OR44K944Kz44Oz77yG55m944Ot44Og44Gu44Kk44Kq44K344K5IOOAkQ==[rn]
16-187122,aHR0cDovL3RzaG9wLnIxMHMuanAvcGMtZ29vZC9jYWJpbmV0L2lvc3lzX2cvMTE2MDAwXzExNzk5OS8xMTc4NDVfMS5qcGc/Zml0aW49NzAwOjcwMA==,MzUwNDAuMDAwMA==,,44K544Oe44O844OI44OV44Kp44Oz44O744K/44OW44Os44OD44OIID4g44K544Oe44O844OI44OV44Kp44Oz44Ki44Kv44K744K144Oq44O8ID4g44Gd44Gu5LuW,44CQ6YCB5paZ54Sh5paZ44CR5b2T56S+77yW44O25pyI5L+d6Ki8W+acquS9v+eUqOWTgV3ilqBBcHBsZSBBcHBsZSBXYXRjaCBTZXJpZXMgMiA0Mm1tIE1OVDcySi9BKOOCtOODvOODq+ODieOCouODq+ODn+ODi+OCpuODoC/jgrPjgrPjgqLjgrnjg53jg7zjg4Tjg5Djg7Pjg4kp44CQ5ZGo6L665qmf5Zmo44CR5Lit5Y+k44CQ5Lit5Y+k44CRIOOAkCDjg5Hjgr3jgrPjg7PvvIbnmb3jg63jg6Djga7jgqTjgqrjgrfjgrkg44CR,44CQ5b2T56S+77yW44O25pyI5L+d6Ki844CR,PGxpbmsg44CA44CA44CA44CA44CA44CA44CA44CA44CA44CA44CA44CA44CAPSIiIHJlbD0ic3R5bGVzaGVldCIgaHJlZj0iaHR0cDovL3d3dy5yYWt1dGVuLm5lLmpwL2dvbGQvcGMtZ29vZC9hc3NldHMvc3R5bGVzaGVldHMvaXRlbXMvc3R5bGUuY3NzIj4gIDx0YWJsZSDjgIDjgIDjgIDjgIDjgIDjgIDjgIDjgIDjgIDjgIDjgIDjgIDjgIAgY2xhc3M9ImNfX3RhYmxlIGNfX3RhYmxlLWJvcmRlcmVkIj48dHI+PHRoPk9TPC90aD48dGQ+V2F0Y2ggT1M8L3RkPjwvdHI+PHRyPjx0aD7mtrLmmbY8L3RoPjx0ZD4zOTB4MzEyIFJldGluYTwvdGQ+PC90cj48dHI+PHRoPkNQVTwvdGg+PHRkPuODh+ODpeOCouODq+OCs+OCojwvdGQ+PC90cj48dHI+PHRoPldpLUZpPC90aD48dGQ+ODAyLjExYjxmb250IHNpemU9Ii0xIj4vPC9mb250Pmc8Zm9udCBzaXplPSItMSI+LzwvZm9udD5uPC90ZD48L3RyPjx0cj48dGg+Qmx1ZXRvb3RoPC90aD48dGQ+NC4wPC90ZD48L3RyPjx0cj48dGg+44Gd44Gu5LuWPC90aD48dGQ+5Yqg6YCf5bqm44K744Oz44K144O8PGZvbnQgc2l6ZT0iLTEiPi88L2ZvbnQ+44K444Oj44Kk44Ot44K744Oz44K144O8PGZvbnQgc2l6ZT0iLTEiPi88L2ZvbnQ+5b+D5ouN44K744Oz44K144O8PGZvbnQgc2l6ZT0iLTEiPi88L2ZvbnQ+R1BTPGZvbnQgc2l6ZT0iLTEiPi88L2ZvbnQ+5YWJ44K744Oz44K144O8PGZvbnQgc2l6ZT0iLTEiPi88L2ZvbnQ+6Ziy5rC0PGZvbnQgc2l6ZT0iLTEiPi88L2ZvbnQ+QXBwbGUgUGF55a++5b+cPC90ZD48L3RyPjwvdGFibGUg44CA44CA44CA44CA44CA44CA44CA44CA44CA44CA44CA44CA44CAID4gIDx0YWJsZSDjgIDjgIDjgIDjgIDjgIDjgIDjgIDjgIDjgIDjgIDjgIDjgIDjgIAgY2xhc3M9ImNfX3RhYmxlIGNfX3RhYmxlLWJvcmRlcmVkIj4gIDx0cj48dGg+5LuY5bGe5ZOBPC90aD48dGQ+566xL0FD44Ki44OA44OX44K/L+eEoeaOpeeCueWFhembu+WZqC/jg57jg4vjg6XjgqLjg6s8L3RkPjwvdHI+ICA8dHI+PHRoPuS/neiovOacn+mWkzwvdGg+PHRkPuW9k+ekvu+8luODtuaciOS/neiovDxicj7kv53oqLzjga7oqbPjgZfjgYTlhoXlrrnjga/jgZPjgaHjgonjgafjgZTnorroqo3jgY/jgaDjgZXjgYQ8L3RkPjwvdHI+ICA8dHI+PHRoPuOBneOBruS7lueJueiomOS6i+mghTwvdGg+PHRkPjwvdGQ+PC90cj4gIDx0cj48dGg+5ZWG5ZOB54q25oWL44Gu6Kqs5piOPC90aD48dGQ+6ZaL5bCB44GX44Gm44GE44G+44GZ44GM44CB5L2/55So44GV44KM44Gm44GE44Gq44GE54mp44Go44Gq44KK44G+44GZ44CC44Kx44O844K/44Kk5pyq5L2/55So5ZOB44Gr6Zai44GX44G+44GX44Gm44Gv44CB6YCa6Zu756K66KqN5Y+K44Gz5Yid5pyf5YyW44Gu5L2c5qWt44GM6KGM44Gq44KP44KM44Gm44GK44KK44G+44GZ44CCPC90ZD48L3RyPiAgPC90YWJsZSDjgIDjgIDjgIDjgIDjgIDjgIDjgIDjgIDjgIDjgIDjgIDjgIDjgIAgPiAgPGhyPjx0YWJsZSB3aWR0aD0nMTAwJScgY2VsbHNwYWNpbmc9JzUnIGNlbGxwYWRkaW5nPSc1Jz48dHI+PHRoIGJnY29sb3I9JyNEMDA4MDgnPjxmb250IGNvbG9yPScjZmZmZmZmJz7vvIHjgZTms6jmlofliY3jgavjgZTnorroqo3jgY/jgaDjgZXjgYQ8L2ZvbnQ+PC90aD48L3RyPjx0cj48dGQ+5a6f6Zqb44Gu5ZWG5ZOB44Go55Ww44Gq44KL44Kk44Oh44O844K455S75YOP44KS5Yip55So44GX44Gm44GE44KL5aC05ZCI44GM5b6h5bqn44GE44G+44GZ44CCPGJyPuW9k+W6l+OAgeWun+W6l+iIl+OBqOiHquekvuOCteOCpOODiOOCkuWQq+OCgOWFseacieWcqOW6q+OBqOOBquOCiuOAgeOBlOazqOaWh+OBruOCv+OCpOODn+ODs+OCsOOBq+OCiOOBo+OBpuOBr+WVhuWTgeOCkuOBlOeUqOaEj+OBp+OBjeOBquOBhOWgtOWQiOOBjOOBlOOBluOBhOOBvuOBmeOAguOBlOeUqOaEj+WHuuadpeOBquOBi+OBo+OBn+WgtOWQiOOBq+OBpOOBjeOBvuOBl+OBpuOBr+OAgeOBlOazqOaWh+OBruOCreODo+ODs+OCu+ODq+OBqOOBleOBm+OBpumgguOBjeOBvuOBmeOAguOBneOBruS7luOAgeW9k+W6l+OBruOBlOazqOaWh+OBrua1geOCjOOCkuODmuODvOOCuOS4i+mDqOOBq+OBpuOAgeS6iOOCgeOBlOeiuuiqjeOBj+OBoOOBleOBhOOAgjwvdGQ+PC90cj48L3RhYmxlPjxicj4=,44CQ6YCB5paZ54Sh5paZ44CR5b2T56S+77yW44O25pyI5L+d6Ki8W+acquS9v+eUqOWTgV3ilqBBcHBsZSBBcHBsZSBXYXRjaCBTZXJpZXMgMiA0Mm1tIE1OVDcySi9BKOOCtOODvOODq+ODieOCouODq+ODn+ODi+OCpuODoC/jgrPjgrPjgqLjgrnjg53jg7zjg4Tjg5Djg7Pjg4kp44CQ5ZGo6L665qmf5Zmo44CR5Lit5Y+k44CQ5Lit5Y+k44CRIOOAkCDjg5Hjgr3jgrPjg7PvvIbnmb3jg63jg6Djga7jgqTjgqrjgrfjgrkg44CR77ya5Lit5Y+k44OR44K944Kz44Oz44Go55m944Ot44Og44Gu44Kk44Kq44K344K5,44K544Oe44O844OI44OV44Kp44Oz44K544Oe44ObU0lN44OV44Oq44O855m944Ot44OgaVBob25lQW5kcm9pZOOCv+ODluODrOODg+ODiGlQYWTmkLrluK/pm7voqbHkuK3lj6Tjg5Hjgr3jgrPjg7Pjg47jg7zjg4jjg5Hjgr3jgrPjg7NpcG9kZG9jb21vc29mdGJhbmthdeODh+OCueOCr+ODiOODg+ODl+ODkeOCveOCs+ODs09mZmljZeS4reWPpFBD44Ki44Km44OI44Os44OD44OI44CQ6YCB5paZ54Sh5paZ44CR5b2T56S+77yW44O25pyI5L+d6Ki8W+acquS9v+eUqOWTgV3ilqBBcHBsZSBBcHBsZSBXYXRjaCBTZXJpZXMgMiA0Mm1tIE1OVDcySi9BKOOCtOODvOODq+ODieOCouODq+ODn+ODi+OCpuODoC/jgrPjgrPjgqLjgrnjg53jg7zjg4Tjg5Djg7Pjg4kp44CQ5ZGo6L665qmf5Zmo44CR5Lit5Y+k44CQ5Lit5Y+k44CRIOOAkCDjg5Hjgr3jgrPjg7PvvIbnmb3jg63jg6Djga7jgqTjgqrjgrfjgrkg44CR,44CQ5b2T56S+77yW44O25pyI5L+d6Ki844CR44CC44CQ6YCB5paZ54Sh5paZ44CR5b2T56S+77yW44O25pyI5L+d6Ki8W+acquS9v+eUqOWTgV3ilqBBcHBsZSBBcHBsZSBXYXRjaCBTZXJpZXMgMiA0Mm1tIE1OVDcySi9BKOOCtOODvOODq+ODieOCouODq+ODn+ODi+OCpuODoC/jgrPjgrPjgqLjgrnjg53jg7zjg4Tjg5Djg7Pjg4kp44CQ5ZGo6L665qmf5Zmo44CR5Lit5Y+k44CQ5Lit5Y+k44CRIOOAkCDjg5Hjgr3jgrPjg7PvvIbnmb3jg63jg6Djga7jgqTjgqrjgrfjgrkg44CR[rn]
16-187123,aHR0cDovL3RzaG9wLnIxMHMuanAvcGMtZ29vZC9jYWJpbmV0L2lvc3lzX2cvbm9faXRlbS5qcGc/Zml0aW49NzAwOjcwMA==,MzM0NDAuMDAwMA==,,44K544Oe44O844OI44OV44Kp44Oz44O744K/44OW44Os44OD44OIID4g44K544Oe44O844OI44OV44Kp44Oz44Ki44Kv44K744K144Oq44O8ID4g44Gd44Gu5LuW,44CQ6YCB5paZ54Sh5paZ44CR5b2T56S+77yR44O25pyI6ZaT5L+d6Ki8W+S4reWPpEHjg6njg7Pjgq9d4pagQXBwbGUgQXBwbGUgV2F0Y2ggU2VyaWVzIDIgTmlrZSsgNDJtbSBNTllVMkovQSBb44OV44Op44OD44OI44K344Or44OQ44O8L+ODnOODq+ODiE5pa2Xjgrnjg53jg7zjg4Tjg5Djg7Pjg4ld44CQ5ZGo6L665qmf5Zmo44CR5Lit5Y+k44CQ5Lit5Y+k44CRIOOAkCDjg5Hjgr3jgrPjg7PvvIbnmb3jg63jg6Djga7jgqTjgqrjgrfjgrkg44CR,44CQ5b2T56S+77yR44O25pyI6ZaT5L+d6Ki844CR,PGxpbmsg44CA44CA44CA44CA44CA44CA44CA44CA44CA44CA44CA44CA44CAPSIiIHJlbD0ic3R5bGVzaGVldCIgaHJlZj0iaHR0cDovL3d3dy5yYWt1dGVuLm5lLmpwL2dvbGQvcGMtZ29vZC9hc3NldHMvc3R5bGVzaGVldHMvaXRlbXMvc3R5bGUuY3NzIj4gIDx0YWJsZSDjgIDjgIDjgIDjgIDjgIDjgIDjgIDjgIDjgIDjgIDjgIDjgIDjgIAgY2xhc3M9ImNfX3RhYmxlIGNfX3RhYmxlLWJvcmRlcmVkIj48dHI+PHRoPk9TPC90aD48dGQ+V2F0Y2ggT1M8L3RkPjwvdHI+PHRyPjx0aD7mtrLmmbY8L3RoPjx0ZD4zOTB4MzEyIFJldGluYTwvdGQ+PC90cj48dHI+PHRoPkNQVTwvdGg+PHRkPuODh+ODpeOCouODq+OCs+OCojwvdGQ+PC90cj48dHI+PHRoPldpLUZpPC90aD48dGQ+ODAyLjExYjxmb250IHNpemU9Ii0xIj4vPC9mb250Pmc8Zm9udCBzaXplPSItMSI+LzwvZm9udD5uPC90ZD48L3RyPjx0cj48dGg+Qmx1ZXRvb3RoPC90aD48dGQ+NC4wPC90ZD48L3RyPjx0cj48dGg+44Gd44Gu5LuWPC90aD48dGQ+5Yqg6YCf5bqm44K744Oz44K144O8PGZvbnQgc2l6ZT0iLTEiPi88L2ZvbnQ+44K444Oj44Kk44Ot44K744Oz44K144O8PGZvbnQgc2l6ZT0iLTEiPi88L2ZvbnQ+5b+D5ouN44K744Oz44K144O8PGZvbnQgc2l6ZT0iLTEiPi88L2ZvbnQ+R1BTPGZvbnQgc2l6ZT0iLTEiPi88L2ZvbnQ+5YWJ44K744Oz44K144O8PGZvbnQgc2l6ZT0iLTEiPi88L2ZvbnQ+6Ziy5rC0PGZvbnQgc2l6ZT0iLTEiPi88L2ZvbnQ+QXBwbGUgUGF55a++5b+cPC90ZD48L3RyPjwvdGFibGUg44CA44CA44CA44CA44CA44CA44CA44CA44CA44CA44CA44CA44CAID4gIDx0YWJsZSDjgIDjgIDjgIDjgIDjgIDjgIDjgIDjgIDjgIDjgIDjgIDjgIDjgIAgY2xhc3M9ImNfX3RhYmxlIGNfX3RhYmxlLWJvcmRlcmVkIj4gIDx0cj48dGg+5LuY5bGe5ZOBPC90aD48dGQ+566xL0FD44Ki44OA44OX44K/L+eEoeaOpeeCueWFhembu+WZqC/jg57jg4vjg6XjgqLjg6s8L3RkPjwvdHI+ICA8dHI+PHRoPuS/neiovOacn+mWkzwvdGg+PHRkPuW9k+ekvu+8keODtuaciOmWk+S/neiovDxicj7kv53oqLzjga7oqbPjgZfjgYTlhoXlrrnjga/jgZPjgaHjgonjgafjgZTnorroqo3jgY/jgaDjgZXjgYQ8L3RkPjwvdHI+ICA8dHI+PHRoPuOBneOBruS7lueJueiomOS6i+mghTwvdGg+PHRkPjwvdGQ+PC90cj4gIDx0cj48dGg+5ZWG5ZOB54q25oWL44Gu6Kqs5piOPC90aD48dGQ+5L2/55So5oSf44Gu5bCR44Gq44GE5Lit5Y+k5ZOB44G+44Gf44Gv44CB44Oq44OV44Os44OD44K344Ol44OJUEPjgoTjg6Hjg7zjgqvjg7zlho3nlJ/lk4HjgIHjgrHjg7zjgr/jgqTjgafjga/lpJboo4XkuqTmj5vlk4HnrYnjgYzlkKvjgb7jgozjgb7jgZnjgII8L3RkPjwvdHI+ICA8L3RhYmxlIOOAgOOAgOOAgOOAgOOAgOOAgOOAgOOAgOOAgOOAgOOAgOOAgOOAgCA+ICA8aHI+PHRhYmxlIHdpZHRoPScxMDAlJyBjZWxsc3BhY2luZz0nNScgY2VsbHBhZGRpbmc9JzUnPjx0cj48dGggYmdjb2xvcj0nI0QwMDgwOCc+PGZvbnQgY29sb3I9JyNmZmZmZmYnPu+8geOBlOazqOaWh+WJjeOBq+OBlOeiuuiqjeOBj+OBoOOBleOBhDwvZm9udD48L3RoPjwvdHI+PHRyPjx0ZD7lrp/pmpvjga7llYblk4HjgajnlbDjgarjgovjgqTjg6Hjg7zjgrjnlLvlg4/jgpLliKnnlKjjgZfjgabjgYTjgovloLTlkIjjgYzlvqHluqfjgYTjgb7jgZnjgII8YnI+5b2T5bqX44CB5a6f5bqX6IiX44Go6Ieq56S+44K144Kk44OI44KS5ZCr44KA5YWx5pyJ5Zyo5bqr44Go44Gq44KK44CB44GU5rOo5paH44Gu44K/44Kk44Of44Oz44Kw44Gr44KI44Gj44Gm44Gv5ZWG5ZOB44KS44GU55So5oSP44Gn44GN44Gq44GE5aC05ZCI44GM44GU44GW44GE44G+44GZ44CC44GU55So5oSP5Ye65p2l44Gq44GL44Gj44Gf5aC05ZCI44Gr44Gk44GN44G+44GX44Gm44Gv44CB44GU5rOo5paH44Gu44Kt44Oj44Oz44K744Or44Go44GV44Gb44Gm6aCC44GN44G+44GZ44CC44Gd44Gu5LuW44CB5b2T5bqX44Gu44GU5rOo5paH44Gu5rWB44KM44KS44Oa44O844K45LiL6YOo44Gr44Gm44CB5LqI44KB44GU56K66KqN44GP44Gg44GV44GE44CCPC90ZD48L3RyPjwvdGFibGU+PGJyPg==,44CQ6YCB5paZ54Sh5paZ44CR5b2T56S+77yR44O25pyI6ZaT5L+d6Ki8W+S4reWPpEHjg6njg7Pjgq9d4pagQXBwbGUgQXBwbGUgV2F0Y2ggU2VyaWVzIDIgTmlrZSsgNDJtbSBNTllVMkovQSBb44OV44Op44OD44OI44K344Or44OQ44O8L+ODnOODq+ODiE5pa2Xjgrnjg53jg7zjg4Tjg5Djg7Pjg4ld44CQ5ZGo6L665qmf5Zmo44CR5Lit5Y+k44CQ5Lit5Y+k44CRIOOAkCDjg5Hjgr3jgrPjg7PvvIbnmb3jg63jg6Djga7jgqTjgqrjgrfjgrkg44CR77ya5Lit5Y+k44OR44K944Kz44Oz44Go55m944Ot44Og44Gu44Kk44Kq44K344K5,44K544Oe44O844OI44OV44Kp44Oz44K544Oe44ObU0lN44OV44Oq44O855m944Ot44OgaVBob25lQW5kcm9pZOOCv+ODluODrOODg+ODiGlQYWTmkLrluK/pm7voqbHkuK3lj6Tjg5Hjgr3jgrPjg7Pjg47jg7zjg4jjg5Hjgr3jgrPjg7NpcG9kZG9jb21vc29mdGJhbmthdeODh+OCueOCr+ODiOODg+ODl+ODkeOCveOCs+ODs09mZmljZeS4reWPpFBD44Ki44Km44OI44Os44OD44OI44CQ6YCB5paZ54Sh5paZ44CR5b2T56S+77yR44O25pyI6ZaT5L+d6Ki8W+S4reWPpEHjg6njg7Pjgq9d4pagQXBwbGUgQXBwbGUgV2F0Y2ggU2VyaWVzIDIgTmlrZSsgNDJtbSBNTllVMkovQSBb44OV44Op44OD44OI44K344Or44OQ44O8L+ODnOODq+ODiE5pa2Xjgrnjg53jg7zjg4Tjg5Djg7Pjg4ld44CQ5ZGo6L665qmf5Zmo44CR5Lit5Y+k44CQ5Lit5Y+k44CRIOOAkCDjg5Hjgr3jgrPjg7PvvIbnmb3jg63jg6Djga7jgqTjgqrjgrfjgrkg44CR,44CQ5b2T56S+77yR44O25pyI6ZaT5L+d6Ki844CR44CC44CQ6YCB5paZ54Sh5paZ44CR5b2T56S+77yR44O25pyI6ZaT5L+d6Ki8W+S4reWPpEHjg6njg7Pjgq9d4pagQXBwbGUgQXBwbGUgV2F0Y2ggU2VyaWVzIDIgTmlrZSsgNDJtbSBNTllVMkovQSBb44OV44Op44OD44OI44K344Or44OQ44O8L+ODnOODq+ODiE5pa2Xjgrnjg53jg7zjg4Tjg5Djg7Pjg4ld44CQ5ZGo6L665qmf5Zmo44CR5Lit5Y+k44CQ5Lit5Y+k44CRIOOAkCDjg5Hjgr3jgrPjg7PvvIbnmb3jg63jg6Djga7jgqTjgqrjgrfjgrkg44CR[rn]
16-187124,aHR0cDovL3RzaG9wLnIxMHMuanAvcGMtZ29vZC9jYWJpbmV0L2lvc3lzX2cvMTE2MDAwXzExNzk5OS8xMTc4NDguanBnP2ZpdGluPTcwMDo3MDA=,MzM0NDAuMDAwMA==,,44K544Oe44O844OI44OV44Kp44Oz44O744K/44OW44Os44OD44OIID4g44K544Oe44O844OI44OV44Kp44Oz44Ki44Kv44K744K144Oq44O8ID4g44Gd44Gu5LuW,44CQ6YCB5paZ54Sh5paZ44CR5b2T56S+77yR44O25pyI6ZaT5L+d6Ki8W+S4reWPpEHjg6njg7Pjgq9d4pagQXBwbGUgQXBwbGUgV2F0Y2ggU2VyaWVzIDIgNDJtbSAoTU5UMzJKL0EgKSBb44K344Or44OQ44O844Ki44Or44Of44OL44Km44OgL+ODkeODvOODq+OCpuODvOODluODs+ODiuOCpOODreODs10g44CQ5ZGo6L665qmf5Zmo44CR5Lit5Y+k44CQ5Lit5Y+k44CRIOOAkCDjg5Hjgr3jgrPjg7PvvIbnmb3jg63jg6Djga7jgqTjgqrjgrfjgrkg44CR,44CQ5b2T56S+77yR44O25pyI6ZaT5L+d6Ki844CR,PGxpbmsg44CA44CA44CA44CA44CA44CA44CA44CA44CA44CA44CA44CA44CAPSIiIHJlbD0ic3R5bGVzaGVldCIgaHJlZj0iaHR0cDovL3d3dy5yYWt1dGVuLm5lLmpwL2dvbGQvcGMtZ29vZC9hc3NldHMvc3R5bGVzaGVldHMvaXRlbXMvc3R5bGUuY3NzIj4gIDx0YWJsZSDjgIDjgIDjgIDjgIDjgIDjgIDjgIDjgIDjgIDjgIDjgIDjgIDjgIAgY2xhc3M9ImNfX3RhYmxlIGNfX3RhYmxlLWJvcmRlcmVkIj48dHI+PHRoPk9TPC90aD48dGQ+V2F0Y2ggT1M8L3RkPjwvdHI+PHRyPjx0aD7mtrLmmbY8L3RoPjx0ZD4zOTB4MzEyIFJldGluYTwvdGQ+PC90cj48dHI+PHRoPkNQVTwvdGg+PHRkPuODh+ODpeOCouODq+OCs+OCojwvdGQ+PC90cj48dHI+PHRoPldpLUZpPC90aD48dGQ+ODAyLjExYjxmb250IHNpemU9Ii0xIj4vPC9mb250Pmc8Zm9udCBzaXplPSItMSI+LzwvZm9udD5uPC90ZD48L3RyPjx0cj48dGg+Qmx1ZXRvb3RoPC90aD48dGQ+NC4wPC90ZD48L3RyPjx0cj48dGg+44Gd44Gu5LuWPC90aD48dGQ+5Yqg6YCf5bqm44K744Oz44K144O8PGZvbnQgc2l6ZT0iLTEiPi88L2ZvbnQ+44K444Oj44Kk44Ot44K744Oz44K144O8PGZvbnQgc2l6ZT0iLTEiPi88L2ZvbnQ+5b+D5ouN44K744Oz44K144O8PGZvbnQgc2l6ZT0iLTEiPi88L2ZvbnQ+R1BTPGZvbnQgc2l6ZT0iLTEiPi88L2ZvbnQ+5YWJ44K744Oz44K144O8PGZvbnQgc2l6ZT0iLTEiPi88L2ZvbnQ+6Ziy5rC0PGZvbnQgc2l6ZT0iLTEiPi88L2ZvbnQ+QXBwbGUgUGF55a++5b+cPC90ZD48L3RyPjwvdGFibGUg44CA44CA44CA44CA44CA44CA44CA44CA44CA44CA44CA44CA44CAID4gIDx0YWJsZSDjgIDjgIDjgIDjgIDjgIDjgIDjgIDjgIDjgIDjgIDjgIDjgIDjgIAgY2xhc3M9ImNfX3RhYmxlIGNfX3RhYmxlLWJvcmRlcmVkIj4gIDx0cj48dGg+5LuY5bGe5ZOBPC90aD48dGQ+566x44CA44OW44Op44OD44Kv44K544Od44O844OE44OQ44Oz44OJIEFD44Ki44OA44OX44K/IOeEoeaOpeeCueWFhembu+WZqCDjg57jg4vjg6XjgqLjg6s8L3RkPjwvdHI+ICA8dHI+PHRoPuS/neiovOacn+mWkzwvdGg+PHRkPuW9k+ekvu+8keODtuaciOmWk+S/neiovDxicj7kv53oqLzjga7oqbPjgZfjgYTlhoXlrrnjga/jgZPjgaHjgonjgafjgZTnorroqo3jgY/jgaDjgZXjgYQ8L3RkPjwvdHI+ICA8dHI+PHRoPuOBneOBruS7lueJueiomOS6i+mghTwvdGg+PHRkPjwvdGQ+PC90cj4gIDx0cj48dGg+5ZWG5ZOB54q25oWL44Gu6Kqs5piOPC90aD48dGQ+5L2/55So5oSf44Gu5bCR44Gq44GE5Lit5Y+k5ZOB44G+44Gf44Gv44CB44Oq44OV44Os44OD44K344Ol44OJUEPjgoTjg6Hjg7zjgqvjg7zlho3nlJ/lk4HjgIHjgrHjg7zjgr/jgqTjgafjga/lpJboo4XkuqTmj5vlk4HnrYnjgYzlkKvjgb7jgozjgb7jgZnjgII8L3RkPjwvdHI+ICA8L3RhYmxlIOOAgOOAgOOAgOOAgOOAgOOAgOOAgOOAgOOAgOOAgOOAgOOAgOOAgCA+ICA8aHI+PHRhYmxlIHdpZHRoPScxMDAlJyBjZWxsc3BhY2luZz0nNScgY2VsbHBhZGRpbmc9JzUnPjx0cj48dGggYmdjb2xvcj0nI0QwMDgwOCc+PGZvbnQgY29sb3I9JyNmZmZmZmYnPu+8geOBlOazqOaWh+WJjeOBq+OBlOeiuuiqjeOBj+OBoOOBleOBhDwvZm9udD48L3RoPjwvdHI+PHRyPjx0ZD7lrp/pmpvjga7llYblk4HjgajnlbDjgarjgovjgqTjg6Hjg7zjgrjnlLvlg4/jgpLliKnnlKjjgZfjgabjgYTjgovloLTlkIjjgYzlvqHluqfjgYTjgb7jgZnjgII8YnI+5b2T5bqX44CB5a6f5bqX6IiX44Go6Ieq56S+44K144Kk44OI44KS5ZCr44KA5YWx5pyJ5Zyo5bqr44Go44Gq44KK44CB44GU5rOo5paH44Gu44K/44Kk44Of44Oz44Kw44Gr44KI44Gj44Gm44Gv5ZWG5ZOB44KS44GU55So5oSP44Gn44GN44Gq44GE5aC05ZCI44GM44GU44GW44GE44G+44GZ44CC44GU55So5oSP5Ye65p2l44Gq44GL44Gj44Gf5aC05ZCI44Gr44Gk44GN44G+44GX44Gm44Gv44CB44GU5rOo5paH44Gu44Kt44Oj44Oz44K744Or44Go44GV44Gb44Gm6aCC44GN44G+44GZ44CC44Gd44Gu5LuW44CB5b2T5bqX44Gu44GU5rOo5paH44Gu5rWB44KM44KS44Oa44O844K45LiL6YOo44Gr44Gm44CB5LqI44KB44GU56K66KqN44GP44Gg44GV44GE44CCPC90ZD48L3RyPjwvdGFibGU+PGJyPg==,44CQ6YCB5paZ54Sh5paZ44CR5b2T56S+77yR44O25pyI6ZaT5L+d6Ki8W+S4reWPpEHjg6njg7Pjgq9d4pagQXBwbGUgQXBwbGUgV2F0Y2ggU2VyaWVzIDIgNDJtbSAoTU5UMzJKL0EgKSBb44K344Or44OQ44O844Ki44Or44Of44OL44Km44OgL+ODkeODvOODq+OCpuODvOODluODs+ODiuOCpOODreODs10g44CQ5ZGo6L665qmf5Zmo44CR5Lit5Y+k44CQ5Lit5Y+k44CRIOOAkCDjg5Hjgr3jgrPjg7PvvIbnmb3jg63jg6Djga7jgqTjgqrjgrfjgrkg44CR77ya5Lit5Y+k44OR44K944Kz44Oz44Go55m944Ot44Og44Gu44Kk44Kq44K344K5,44K544Oe44O844OI44OV44Kp44Oz44K544Oe44ObU0lN44OV44Oq44O855m944Ot44OgaVBob25lQW5kcm9pZOOCv+ODluODrOODg+ODiGlQYWTmkLrluK/pm7voqbHkuK3lj6Tjg5Hjgr3jgrPjg7Pjg47jg7zjg4jjg5Hjgr3jgrPjg7NpcG9kZG9jb21vc29mdGJhbmthdeODh+OCueOCr+ODiOODg+ODl+ODkeOCveOCs+ODs09mZmljZeS4reWPpFBD44Ki44Km44OI44Os44OD44OI44CQ6YCB5paZ54Sh5paZ44CR5b2T56S+77yR44O25pyI6ZaT5L+d6Ki8W+S4reWPpEHjg6njg7Pjgq9d4pagQXBwbGUgQXBwbGUgV2F0Y2ggU2VyaWVzIDIgNDJtbSAoTU5UMzJKL0EgKSBb44K344Or44OQ44O844Ki44Or44Of44OL44Km44OgL+ODkeODvOODq+OCpuODvOODluODs+ODiuOCpOODreODs10g44CQ5ZGo6L665qmf5Zmo44CR5Lit5Y+k44CQ5Lit5Y+k44CRIOOAkCDjg5Hjgr3jgrPjg7PvvIbnmb3jg63jg6Djga7jgqTjgqrjgrfjgrkg44CR,44CQ5b2T56S+77yR44O25pyI6ZaT5L+d6Ki844CR44CC44CQ6YCB5paZ54Sh5paZ44CR5b2T56S+77yR44O25pyI6ZaT5L+d6Ki8W+S4reWPpEHjg6njg7Pjgq9d4pagQXBwbGUgQXBwbGUgV2F0Y2ggU2VyaWVzIDIgNDJtbSAoTU5UMzJKL0EgKSBb44K344Or44OQ44O844Ki44Or44Of44OL44Km44OgL+ODkeODvOODq+OCpuODvOODluODs+ODiuOCpOODreODs10g44CQ5ZGo6L665qmf5Zmo44CR5Lit5Y+k44CQ5Lit5Y+k44CRIOOAkCDjg5Hjgr3jgrPjg7PvvIbnmb3jg63jg6Djga7jgqTjgqrjgrfjgrkg44CR[rn]
16-187125,aHR0cDovL3RzaG9wLnIxMHMuanAvcGMtZ29vZC9jYWJpbmV0L2lvc3lzX2cvMTEwMDAwXzExMTk5OS8xMTEwNDFfMS5qcGc/Zml0aW49NzAwOjcwMA==,MzM0NDAuMDAwMA==,,44K544Oe44O844OI44OV44Kp44Oz44O744K/44OW44Os44OD44OIID4g44K544Oe44O844OI44OV44Kp44Oz44Ki44Kv44K744K144Oq44O8ID4g44Gd44Gu5LuW,44CQ6YCB5paZ54Sh5paZ44CR5b2T56S+77yR44O25pyI6ZaT5L+d6Ki8W+S4reWPpEHjg6njg7Pjgq9d4pagQXBwbGUgQXBwbGUgV2F0Y2ggU2VyaWVzIDIgNDJtbSAoTVAwRzJKL0EpIFvjgrnjg5rjg7zjgrnjgrDjg6zjgqTjgqLjg6vjg5/jg4vjgqbjg6DjgrHjg7zjgrkv44OW44Op44OD44Kv44K544Od44O844OE44OQ44Oz44OJXSDjgJDlkajovrrmqZ/lmajjgJHkuK3lj6TjgJDkuK3lj6TjgJEg44CQIOODkeOCveOCs+ODs++8hueZveODreODoOOBruOCpOOCquOCt+OCuSDjgJE=,44CQ5b2T56S+77yR44O25pyI6ZaT5L+d6Ki844CR,PGxpbmsg44CA44CA44CA44CA44CA44CA44CA44CA44CA44CA44CA44CA44CAPSIiIHJlbD0ic3R5bGVzaGVldCIgaHJlZj0iaHR0cDovL3d3dy5yYWt1dGVuLm5lLmpwL2dvbGQvcGMtZ29vZC9hc3NldHMvc3R5bGVzaGVldHMvaXRlbXMvc3R5bGUuY3NzIj4gIDx0YWJsZSDjgIDjgIDjgIDjgIDjgIDjgIDjgIDjgIDjgIDjgIDjgIDjgIDjgIAgY2xhc3M9ImNfX3RhYmxlIGNfX3RhYmxlLWJvcmRlcmVkIj48dHI+PHRoPk9TPC90aD48dGQ+V2F0Y2ggT1M8L3RkPjwvdHI+PHRyPjx0aD7mtrLmmbY8L3RoPjx0ZD4zOTB4MzEyIFJldGluYTwvdGQ+PC90cj48dHI+PHRoPkNQVTwvdGg+PHRkPuODh+ODpeOCouODq+OCs+OCojwvdGQ+PC90cj48dHI+PHRoPldpLUZpPC90aD48dGQ+ODAyLjExYjxmb250IHNpemU9Ii0xIj4vPC9mb250Pmc8Zm9udCBzaXplPSItMSI+LzwvZm9udD5uPC90ZD48L3RyPjx0cj48dGg+Qmx1ZXRvb3RoPC90aD48dGQ+NC4wPC90ZD48L3RyPjx0cj48dGg+44Gd44Gu5LuWPC90aD48dGQ+5Yqg6YCf5bqm44K744Oz44K144O8PGZvbnQgc2l6ZT0iLTEiPi88L2ZvbnQ+44K444Oj44Kk44Ot44K744Oz44K144O8PGZvbnQgc2l6ZT0iLTEiPi88L2ZvbnQ+5b+D5ouN44K744Oz44K144O8PGZvbnQgc2l6ZT0iLTEiPi88L2ZvbnQ+R1BTPGZvbnQgc2l6ZT0iLTEiPi88L2ZvbnQ+5YWJ44K744Oz44K144O8PGZvbnQgc2l6ZT0iLTEiPi88L2ZvbnQ+6Ziy5rC0PGZvbnQgc2l6ZT0iLTEiPi88L2ZvbnQ+QXBwbGUgUGF55a++5b+cPC90ZD48L3RyPjwvdGFibGUg44CA44CA44CA44CA44CA44CA44CA44CA44CA44CA44CA44CA44CAID4gIDx0YWJsZSDjgIDjgIDjgIDjgIDjgIDjgIDjgIDjgIDjgIDjgIDjgIDjgIDjgIAgY2xhc3M9ImNfX3RhYmxlIGNfX3RhYmxlLWJvcmRlcmVkIj4gIDx0cj48dGg+5LuY5bGe5ZOBPC90aD48dGQ+566x44CA44OW44Op44OD44Kv44K544Od44O844OE44OQ44Oz44OJIEFD44Ki44OA44OX44K/IOeEoeaOpeeCueWFhembu+WZqCDjg57jg4vjg6XjgqLjg6s8L3RkPjwvdHI+ICA8dHI+PHRoPuS/neiovOacn+mWkzwvdGg+PHRkPuW9k+ekvu+8keODtuaciOmWk+S/neiovDxicj7kv53oqLzjga7oqbPjgZfjgYTlhoXlrrnjga/jgZPjgaHjgonjgafjgZTnorroqo3jgY/jgaDjgZXjgYQ8L3RkPjwvdHI+ICA8dHI+PHRoPuOBneOBruS7lueJueiomOS6i+mghTwvdGg+PHRkPjwvdGQ+PC90cj4gIDx0cj48dGg+5ZWG5ZOB54q25oWL44Gu6Kqs5piOPC90aD48dGQ+5L2/55So5oSf44Gu5bCR44Gq44GE5Lit5Y+k5ZOB44G+44Gf44Gv44CB44Oq44OV44Os44OD44K344Ol44OJUEPjgoTjg6Hjg7zjgqvjg7zlho3nlJ/lk4HjgIHjgrHjg7zjgr/jgqTjgafjga/lpJboo4XkuqTmj5vlk4HnrYnjgYzlkKvjgb7jgozjgb7jgZnjgII8L3RkPjwvdHI+ICA8L3RhYmxlIOOAgOOAgOOAgOOAgOOAgOOAgOOAgOOAgOOAgOOAgOOAgOOAgOOAgCA+ICA8aHI+PHRhYmxlIHdpZHRoPScxMDAlJyBjZWxsc3BhY2luZz0nNScgY2VsbHBhZGRpbmc9JzUnPjx0cj48dGggYmdjb2xvcj0nI0QwMDgwOCc+PGZvbnQgY29sb3I9JyNmZmZmZmYnPu+8geOBlOazqOaWh+WJjeOBq+OBlOeiuuiqjeOBj+OBoOOBleOBhDwvZm9udD48L3RoPjwvdHI+PHRyPjx0ZD7lrp/pmpvjga7llYblk4HjgajnlbDjgarjgovjgqTjg6Hjg7zjgrjnlLvlg4/jgpLliKnnlKjjgZfjgabjgYTjgovloLTlkIjjgYzlvqHluqfjgYTjgb7jgZnjgII8YnI+5b2T5bqX44CB5a6f5bqX6IiX44Go6Ieq56S+44K144Kk44OI44KS5ZCr44KA5YWx5pyJ5Zyo5bqr44Go44Gq44KK44CB44GU5rOo5paH44Gu44K/44Kk44Of44Oz44Kw44Gr44KI44Gj44Gm44Gv5ZWG5ZOB44KS44GU55So5oSP44Gn44GN44Gq44GE5aC05ZCI44GM44GU44GW44GE44G+44GZ44CC44GU55So5oSP5Ye65p2l44Gq44GL44Gj44Gf5aC05ZCI44Gr44Gk44GN44G+44GX44Gm44Gv44CB44GU5rOo5paH44Gu44Kt44Oj44Oz44K744Or44Go44GV44Gb44Gm6aCC44GN44G+44GZ44CC44Gd44Gu5LuW44CB5b2T5bqX44Gu44GU5rOo5paH44Gu5rWB44KM44KS44Oa44O844K45LiL6YOo44Gr44Gm44CB5LqI44KB44GU56K66KqN44GP44Gg44GV44GE44CCPC90ZD48L3RyPjwvdGFibGU+PGJyPg==,44CQ6YCB5paZ54Sh5paZ44CR5b2T56S+77yR44O25pyI6ZaT5L+d6Ki8W+S4reWPpEHjg6njg7Pjgq9d4pagQXBwbGUgQXBwbGUgV2F0Y2ggU2VyaWVzIDIgNDJtbSAoTVAwRzJKL0EpIFvjgrnjg5rjg7zjgrnjgrDjg6zjgqTjgqLjg6vjg5/jg4vjgqbjg6DjgrHjg7zjgrkv44OW44Op44OD44Kv44K544Od44O844OE44OQ44Oz44OJXSDjgJDlkajovrrmqZ/lmajjgJHkuK3lj6TjgJDkuK3lj6TjgJEg44CQIOODkeOCveOCs+ODs++8hueZveODreODoOOBruOCpOOCquOCt+OCuSDjgJHvvJrkuK3lj6Tjg5Hjgr3jgrPjg7Pjgajnmb3jg63jg6Djga7jgqTjgqrjgrfjgrk=,44K544Oe44O844OI44OV44Kp44Oz44K544Oe44ObU0lN44OV44Oq44O855m944Ot44OgaVBob25lQW5kcm9pZOOCv+ODluODrOODg+ODiGlQYWTmkLrluK/pm7voqbHkuK3lj6Tjg5Hjgr3jgrPjg7Pjg47jg7zjg4jjg5Hjgr3jgrPjg7NpcG9kZG9jb21vc29mdGJhbmthdeODh+OCueOCr+ODiOODg+ODl+ODkeOCveOCs+ODs09mZmljZeS4reWPpFBD44Ki44Km44OI44Os44OD44OI44CQ6YCB5paZ54Sh5paZ44CR5b2T56S+77yR44O25pyI6ZaT5L+d6Ki8W+S4reWPpEHjg6njg7Pjgq9d4pagQXBwbGUgQXBwbGUgV2F0Y2ggU2VyaWVzIDIgNDJtbSAoTVAwRzJKL0EpIFvjgrnjg5rjg7zjgrnjgrDjg6zjgqTjgqLjg6vjg5/jg4vjgqbjg6DjgrHjg7zjgrkv44OW44Op44OD44Kv44K544Od44O844OE44OQ44Oz44OJXSDjgJDlkajovrrmqZ/lmajjgJHkuK3lj6TjgJDkuK3lj6TjgJEg44CQIOODkeOCveOCs+ODs++8hueZveODreODoOOBruOCpOOCquOCt+OCuSDjgJE=,44CQ5b2T56S+77yR44O25pyI6ZaT5L+d6Ki844CR44CC44CQ6YCB5paZ54Sh5paZ44CR5b2T56S+77yR44O25pyI6ZaT5L+d6Ki8W+S4reWPpEHjg6njg7Pjgq9d4pagQXBwbGUgQXBwbGUgV2F0Y2ggU2VyaWVzIDIgNDJtbSAoTVAwRzJKL0EpIFvjgrnjg5rjg7zjgrnjgrDjg6zjgqTjgqLjg6vjg5/jg4vjgqbjg6DjgrHjg7zjgrkv44OW44Op44OD44Kv44K544Od44O844OE44OQ44Oz44OJXSDjgJDlkajovrrmqZ/lmajjgJHkuK3lj6TjgJDkuK3lj6TjgJEg44CQIOODkeOCveOCs+ODs++8hueZveODreODoOOBruOCpOOCquOCt+OCuSDjgJE=[rn]
16-187126,aHR0cDovL3RzaG9wLnIxMHMuanAvcGMtZ29vZC9jYWJpbmV0L2lvc3lzX2cvbm9faXRlbS5qcGc/Zml0aW49NzAwOjcwMA==,MzE4NDAuMDAwMA==,,44K544Oe44O844OI44OV44Kp44Oz44O744K/44OW44Os44OD44OIID4g44K544Oe44O844OI44OV44Kp44Oz44Ki44Kv44K744K144Oq44O8ID4g44Gd44Gu5LuW,44CQ6YCB5paZ54Sh5paZ44CR5b2T56S+77yW44O25pyI5L+d6Ki8W+acquS9v+eUqOWTgV3ilqBBcHBsZSBBcHBsZSBXYXRjaCBOaWtlKyAzOG1tIE1QMEoySi9BIOOAkOODluODqeODg+OCry/jg5zjg6vjg4hOaWtl44K544Od44O844OE44OQ44Oz44OJ44CR44CQ5ZGo6L665qmf5Zmo44CR5Lit5Y+k44CQ5Lit5Y+k44CRIOOAkCDjg5Hjgr3jgrPjg7PvvIbnmb3jg63jg6Djga7jgqTjgqrjgrfjgrkg44CR,44CQ5b2T56S+77yW44O25pyI5L+d6Ki844CR,PGxpbmsg44CA44CA44CA44CA44CA44CA44CA44CA44CA44CA44CA44CA44CAPSIiIHJlbD0ic3R5bGVzaGVldCIgaHJlZj0iaHR0cDovL3d3dy5yYWt1dGVuLm5lLmpwL2dvbGQvcGMtZ29vZC9hc3NldHMvc3R5bGVzaGVldHMvaXRlbXMvc3R5bGUuY3NzIj4gIDx0YWJsZSDjgIDjgIDjgIDjgIDjgIDjgIDjgIDjgIDjgIDjgIDjgIDjgIDjgIAgY2xhc3M9ImNfX3RhYmxlIGNfX3RhYmxlLWJvcmRlcmVkIj48dHI+PHRoPk9TPC90aD48dGQ+V2F0Y2ggT1M8L3RkPjwvdHI+PHRyPjx0aD7mtrLmmbY8L3RoPjx0ZD4zNDB4MjcyIFJldGluYTwvdGQ+PC90cj48dHI+PHRoPkNQVTwvdGg+PHRkPuODh+ODpeOCouODq+OCs+OCojwvdGQ+PC90cj48dHI+PHRoPldpLUZpPC90aD48dGQ+ODAyLjExYjxmb250IHNpemU9Ii0xIj4vPC9mb250Pmc8Zm9udCBzaXplPSItMSI+LzwvZm9udD5uPC90ZD48L3RyPjx0cj48dGg+Qmx1ZXRvb3RoPC90aD48dGQ+NC4wPC90ZD48L3RyPjx0cj48dGg+44Gd44Gu5LuWPC90aD48dGQ+5Yqg6YCf5bqm44K744Oz44K144O8PGZvbnQgc2l6ZT0iLTEiPi88L2ZvbnQ+44K444Oj44Kk44Ot44K744Oz44K144O8PGZvbnQgc2l6ZT0iLTEiPi88L2ZvbnQ+5b+D5ouN44K744Oz44K144O8PGZvbnQgc2l6ZT0iLTEiPi88L2ZvbnQ+R1BTPGZvbnQgc2l6ZT0iLTEiPi88L2ZvbnQ+5YWJ44K744Oz44K144O8PGZvbnQgc2l6ZT0iLTEiPi88L2ZvbnQ+6Ziy5rC0PGZvbnQgc2l6ZT0iLTEiPi88L2ZvbnQ+QXBwbGUgUGF55a++5b+cPC90ZD48L3RyPjwvdGFibGUg44CA44CA44CA44CA44CA44CA44CA44CA44CA44CA44CA44CA44CAID4gIDx0YWJsZSDjgIDjgIDjgIDjgIDjgIDjgIDjgIDjgIDjgIDjgIDjgIDjgIDjgIAgY2xhc3M9ImNfX3RhYmxlIGNfX3RhYmxlLWJvcmRlcmVkIj4gIDx0cj48dGg+5LuY5bGe5ZOBPC90aD48dGQ+566xL0FD44Ki44OA44OX44K/L+eEoeaOpeeCueWFhembu+WZqC/jg57jg4vjg6XjgqLjg6s8L3RkPjwvdHI+ICA8dHI+PHRoPuS/neiovOacn+mWkzwvdGg+PHRkPuW9k+ekvu+8luODtuaciOS/neiovDxicj7kv53oqLzjga7oqbPjgZfjgYTlhoXlrrnjga/jgZPjgaHjgonjgafjgZTnorroqo3jgY/jgaDjgZXjgYQ8L3RkPjwvdHI+ICA8dHI+PHRoPuOBneOBruS7lueJueiomOS6i+mghTwvdGg+PHRkPjwvdGQ+PC90cj4gIDx0cj48dGg+5ZWG5ZOB54q25oWL44Gu6Kqs5piOPC90aD48dGQ+6ZaL5bCB44GX44Gm44GE44G+44GZ44GM44CB5L2/55So44GV44KM44Gm44GE44Gq44GE54mp44Go44Gq44KK44G+44GZ44CC44Kx44O844K/44Kk5pyq5L2/55So5ZOB44Gr6Zai44GX44G+44GX44Gm44Gv44CB6YCa6Zu756K66KqN5Y+K44Gz5Yid5pyf5YyW44Gu5L2c5qWt44GM6KGM44Gq44KP44KM44Gm44GK44KK44G+44GZ44CCPC90ZD48L3RyPiAgPC90YWJsZSDjgIDjgIDjgIDjgIDjgIDjgIDjgIDjgIDjgIDjgIDjgIDjgIDjgIAgPiAgPGhyPjx0YWJsZSB3aWR0aD0nMTAwJScgY2VsbHNwYWNpbmc9JzUnIGNlbGxwYWRkaW5nPSc1Jz48dHI+PHRoIGJnY29sb3I9JyNEMDA4MDgnPjxmb250IGNvbG9yPScjZmZmZmZmJz7vvIHjgZTms6jmlofliY3jgavjgZTnorroqo3jgY/jgaDjgZXjgYQ8L2ZvbnQ+PC90aD48L3RyPjx0cj48dGQ+5a6f6Zqb44Gu5ZWG5ZOB44Go55Ww44Gq44KL44Kk44Oh44O844K455S75YOP44KS5Yip55So44GX44Gm44GE44KL5aC05ZCI44GM5b6h5bqn44GE44G+44GZ44CCPGJyPuW9k+W6l+OAgeWun+W6l+iIl+OBqOiHquekvuOCteOCpOODiOOCkuWQq+OCgOWFseacieWcqOW6q+OBqOOBquOCiuOAgeOBlOazqOaWh+OBruOCv+OCpOODn+ODs+OCsOOBq+OCiOOBo+OBpuOBr+WVhuWTgeOCkuOBlOeUqOaEj+OBp+OBjeOBquOBhOWgtOWQiOOBjOOBlOOBluOBhOOBvuOBmeOAguOBlOeUqOaEj+WHuuadpeOBquOBi+OBo+OBn+WgtOWQiOOBq+OBpOOBjeOBvuOBl+OBpuOBr+OAgeOBlOazqOaWh+OBruOCreODo+ODs+OCu+ODq+OBqOOBleOBm+OBpumgguOBjeOBvuOBmeOAguOBneOBruS7luOAgeW9k+W6l+OBruOBlOazqOaWh+OBrua1geOCjOOCkuODmuODvOOCuOS4i+mDqOOBq+OBpuOAgeS6iOOCgeOBlOeiuuiqjeOBj+OBoOOBleOBhOOAgjwvdGQ+PC90cj48L3RhYmxlPjxicj4=,44CQ6YCB5paZ54Sh5paZ44CR5b2T56S+77yW44O25pyI5L+d6Ki8W+acquS9v+eUqOWTgV3ilqBBcHBsZSBBcHBsZSBXYXRjaCBOaWtlKyAzOG1tIE1QMEoySi9BIOOAkOODluODqeODg+OCry/jg5zjg6vjg4hOaWtl44K544Od44O844OE44OQ44Oz44OJ44CR44CQ5ZGo6L665qmf5Zmo44CR5Lit5Y+k44CQ5Lit5Y+k44CRIOOAkCDjg5Hjgr3jgrPjg7PvvIbnmb3jg63jg6Djga7jgqTjgqrjgrfjgrkg44CR77ya5Lit5Y+k44OR44K944Kz44Oz44Go55m944Ot44Og44Gu44Kk44Kq44K344K5,44K544Oe44O844OI44OV44Kp44Oz44K544Oe44ObU0lN44OV44Oq44O855m944Ot44OgaVBob25lQW5kcm9pZOOCv+ODluODrOODg+ODiGlQYWTmkLrluK/pm7voqbHkuK3lj6Tjg5Hjgr3jgrPjg7Pjg47jg7zjg4jjg5Hjgr3jgrPjg7NpcG9kZG9jb21vc29mdGJhbmthdeODh+OCueOCr+ODiOODg+ODl+ODkeOCveOCs+ODs09mZmljZeS4reWPpFBD44Ki44Km44OI44Os44OD44OI44CQ6YCB5paZ54Sh5paZ44CR5b2T56S+77yW44O25pyI5L+d6Ki8W+acquS9v+eUqOWTgV3ilqBBcHBsZSBBcHBsZSBXYXRjaCBOaWtlKyAzOG1tIE1QMEoySi9BIOOAkOODluODqeODg+OCry/jg5zjg6vjg4hOaWtl44K544Od44O844OE44OQ44Oz44OJ44CR44CQ5ZGo6L665qmf5Zmo44CR5Lit5Y+k44CQ5Lit5Y+k44CRIOOAkCDjg5Hjgr3jgrPjg7PvvIbnmb3jg63jg6Djga7jgqTjgqrjgrfjgrkg44CR,44CQ5b2T56S+77yW44O25pyI5L+d6Ki844CR44CC44CQ6YCB5paZ54Sh5paZ44CR5b2T56S+77yW44O25pyI5L+d6Ki8W+acquS9v+eUqOWTgV3ilqBBcHBsZSBBcHBsZSBXYXRjaCBOaWtlKyAzOG1tIE1QMEoySi9BIOOAkOODluODqeODg+OCry/jg5zjg6vjg4hOaWtl44K544Od44O844OE44OQ44Oz44OJ44CR44CQ5ZGo6L665qmf5Zmo44CR5Lit5Y+k44CQ5Lit5Y+k44CRIOOAkCDjg5Hjgr3jgrPjg7PvvIbnmb3jg63jg6Djga7jgqTjgqrjgrfjgrkg44CR[rn]
16-187127,aHR0cDovL3RzaG9wLnIxMHMuanAvcGMtZ29vZC9jYWJpbmV0L2lvc3lzX2cvMTEyMDAwXzExMzk5OS8xMTM3OTcuanBnP2ZpdGluPTcwMDo3MDA=,Mjk0NDAuMDAwMA==,,44K544Oe44O844OI44OV44Kp44Oz44O744K/44OW44Os44OD44OIID4g44K544Oe44O844OI44OV44Kp44Oz44Ki44Kv44K744K144Oq44O8ID4g44Gd44Gu5LuW,44CQ6YCB5paZ54Sh5paZ44CR5b2T56S+77yR44O25pyI6ZaT5L+d6Ki8W+S4reWPpEHjg6njg7Pjgq9d4pagQXBwbGUgQXBwbGUgV2F0Y2ggMzhtbSAoTUozRTJKL0EpIOOAkOOCueODhuODs+ODrOOCueOCueODgeODvOODqy/jg6rjg7Pjgq/jg5bjg6zjgrnjg6zjg4Pjg4jjgJHjgJDlkajovrrmqZ/lmajjgJHkuK3lj6TjgJDkuK3lj6TjgJEg44CQIOODkeOCveOCs+ODs++8hueZveODreODoOOBruOCpOOCquOCt+OCuSDjgJE=,44CQ5b2T56S+77yR44O25pyI6ZaT5L+d6Ki844CR,PGxpbmsg44CA44CA44CA44CA44CA44CA44CA44CA44CA44CA44CA44CA44CAPSIiIHJlbD0ic3R5bGVzaGVldCIgaHJlZj0iaHR0cDovL3d3dy5yYWt1dGVuLm5lLmpwL2dvbGQvcGMtZ29vZC9hc3NldHMvc3R5bGVzaGVldHMvaXRlbXMvc3R5bGUuY3NzIj4gIDx0YWJsZSDjgIDjgIDjgIDjgIDjgIDjgIDjgIDjgIDjgIDjgIDjgIDjgIDjgIAgY2xhc3M9ImNfX3RhYmxlIGNfX3RhYmxlLWJvcmRlcmVkIj48dHI+PHRoPuOCteOCpOOCujwvdGg+PHRkPjQzOC42IHggMzMuMyB4IDEwLjUgbW08L3RkPjwvdHI+PHRyPjx0aD7jgrHjg7zjgrnph43jgZU8L3RoPjx0ZD7ntIQyNWc8L3RkPjwvdHI+PHRyPjx0aD7jg4fjgqPjgrnjg5fjg6zjgqQ8L3RoPjx0ZD7mhJ/lnKfjgr/jg4Pjg4Hjgavlr77lv5zjgZfjgZ9SZXRpbmHjg4fjgqPjgrnjg5fjg6zjgqQ8L3RkPjwvdHI+PHRyPjx0aD5XaXJlbGVzczwvdGg+PHRkPldpLUZpICg4MDIuMTFiPGZvbnQgc2l6ZT0iLTEiPi88L2ZvbnQ+Zzxmb250IHNpemU9Ii0xIj4vPC9mb250Pm4gMi40R0h6KTxmb250IHNpemU9Ii0xIj4vPC9mb250PkJsdWV0b290aCA0LjAg5b+D5ouN44K744Oz44K144O844CB5Yqg6YCf5bqm44K744Oz44K144O844CB44K444Oj44Kk44Ot44K544Kz44O844OXPC90ZD48L3RyPjx0cj48dGg+6Ziy5rC0PC90aD48dGQ+SVBYNzwvdGQ+PC90cj48L3RhYmxlIOOAgOOAgOOAgOOAgOOAgOOAgOOAgOOAgOOAgOOAgOOAgOOAgOOAgCA+ICA8dGFibGUg44CA44CA44CA44CA44CA44CA44CA44CA44CA44CA44CA44CA44CAIGNsYXNzPSJjX190YWJsZSBjX190YWJsZS1ib3JkZXJlZCI+ICA8dHI+PHRoPuS7mOWxnuWTgTwvdGg+PHRkPlVTQumbu+a6kOOCouODgOODl+OCvy/lhYXpm7vnlKjjg4njg4Pjgq/jgrHjg7zjg5bjg6sv44Oq44Oz44Kv44OW44Os44K544Os44OD44OIPC90ZD48L3RyPiAgPHRyPjx0aD7kv53oqLzmnJ/plpM8L3RoPjx0ZD7lvZPnpL7vvJHjg7bmnIjplpPkv53oqLw8YnI+5L+d6Ki844Gu6Kmz44GX44GE5YaF5a6544Gv44GT44Gh44KJ44Gn44GU56K66KqN44GP44Gg44GV44GEPC90ZD48L3RyPiAgPHRyPjx0aD7jgZ3jga7ku5bnibnoqJjkuovpoIU8L3RoPjx0ZD48L3RkPjwvdHI+ICA8dHI+PHRoPuWVhuWTgeeKtuaFi+OBruiqrOaYjjwvdGg+PHRkPuS9v+eUqOaEn+OBruWwkeOBquOBhOS4reWPpOWTgeOBvuOBn+OBr+OAgeODquODleODrOODg+OCt+ODpeODiVBD44KE44Oh44O844Kr44O85YaN55Sf5ZOB44CB44Kx44O844K/44Kk44Gn44Gv5aSW6KOF5Lqk5o+b5ZOB562J44GM5ZCr44G+44KM44G+44GZ44CCPC90ZD48L3RyPiAgPC90YWJsZSDjgIDjgIDjgIDjgIDjgIDjgIDjgIDjgIDjgIDjgIDjgIDjgIDjgIAgPiAgPGhyPjx0YWJsZSB3aWR0aD0nMTAwJScgY2VsbHNwYWNpbmc9JzUnIGNlbGxwYWRkaW5nPSc1Jz48dHI+PHRoIGJnY29sb3I9JyNEMDA4MDgnPjxmb250IGNvbG9yPScjZmZmZmZmJz7vvIHjgZTms6jmlofliY3jgavjgZTnorroqo3jgY/jgaDjgZXjgYQ8L2ZvbnQ+PC90aD48L3RyPjx0cj48dGQ+5a6f6Zqb44Gu5ZWG5ZOB44Go55Ww44Gq44KL44Kk44Oh44O844K455S75YOP44KS5Yip55So44GX44Gm44GE44KL5aC05ZCI44GM5b6h5bqn44GE44G+44GZ44CCPGJyPuW9k+W6l+OAgeWun+W6l+iIl+OBqOiHquekvuOCteOCpOODiOOCkuWQq+OCgOWFseacieWcqOW6q+OBqOOBquOCiuOAgeOBlOazqOaWh+OBruOCv+OCpOODn+ODs+OCsOOBq+OCiOOBo+OBpuOBr+WVhuWTgeOCkuOBlOeUqOaEj+OBp+OBjeOBquOBhOWgtOWQiOOBjOOBlOOBluOBhOOBvuOBmeOAguOBlOeUqOaEj+WHuuadpeOBquOBi+OBo+OBn+WgtOWQiOOBq+OBpOOBjeOBvuOBl+OBpuOBr+OAgeOBlOazqOaWh+OBruOCreODo+ODs+OCu+ODq+OBqOOBleOBm+OBpumgguOBjeOBvuOBmeOAguOBneOBruS7luOAgeW9k+W6l+OBruOBlOazqOaWh+OBrua1geOCjOOCkuODmuODvOOCuOS4i+mDqOOBq+OBpuOAgeS6iOOCgeOBlOeiuuiqjeOBj+OBoOOBleOBhOOAgjwvdGQ+PC90cj48L3RhYmxlPjxicj4=,44CQ6YCB5paZ54Sh5paZ44CR5b2T56S+77yR44O25pyI6ZaT5L+d6Ki8W+S4reWPpEHjg6njg7Pjgq9d4pagQXBwbGUgQXBwbGUgV2F0Y2ggMzhtbSAoTUozRTJKL0EpIOOAkOOCueODhuODs+ODrOOCueOCueODgeODvOODqy/jg6rjg7Pjgq/jg5bjg6zjgrnjg6zjg4Pjg4jjgJHjgJDlkajovrrmqZ/lmajjgJHkuK3lj6TjgJDkuK3lj6TjgJEg44CQIOODkeOCveOCs+ODs++8hueZveODreODoOOBruOCpOOCquOCt+OCuSDjgJHvvJrkuK3lj6Tjg5Hjgr3jgrPjg7Pjgajnmb3jg63jg6Djga7jgqTjgqrjgrfjgrk=,44K544Oe44O844OI44OV44Kp44Oz44K544Oe44ObU0lN44OV44Oq44O855m944Ot44OgaVBob25lQW5kcm9pZOOCv+ODluODrOODg+ODiGlQYWTmkLrluK/pm7voqbHkuK3lj6Tjg5Hjgr3jgrPjg7Pjg47jg7zjg4jjg5Hjgr3jgrPjg7NpcG9kZG9jb21vc29mdGJhbmthdeODh+OCueOCr+ODiOODg+ODl+ODkeOCveOCs+ODs09mZmljZeS4reWPpFBD44Ki44Km44OI44Os44OD44OI44CQ6YCB5paZ54Sh5paZ44CR5b2T56S+77yR44O25pyI6ZaT5L+d6Ki8W+S4reWPpEHjg6njg7Pjgq9d4pagQXBwbGUgQXBwbGUgV2F0Y2ggMzhtbSAoTUozRTJKL0EpIOOAkOOCueODhuODs+ODrOOCueOCueODgeODvOODqy/jg6rjg7Pjgq/jg5bjg6zjgrnjg6zjg4Pjg4jjgJHjgJDlkajovrrmqZ/lmajjgJHkuK3lj6TjgJDkuK3lj6TjgJEg44CQIOODkeOCveOCs+ODs++8hueZveODreODoOOBruOCpOOCquOCt+OCuSDjgJE=,44CQ5b2T56S+77yR44O25pyI6ZaT5L+d6Ki844CR44CC44CQ6YCB5paZ54Sh5paZ44CR5b2T56S+77yR44O25pyI6ZaT5L+d6Ki8W+S4reWPpEHjg6njg7Pjgq9d4pagQXBwbGUgQXBwbGUgV2F0Y2ggMzhtbSAoTUozRTJKL0EpIOOAkOOCueODhuODs+ODrOOCueOCueODgeODvOODqy/jg6rjg7Pjgq/jg5bjg6zjgrnjg6zjg4Pjg4jjgJHjgJDlkajovrrmqZ/lmajjgJHkuK3lj6TjgJDkuK3lj6TjgJEg44CQIOODkeOCveOCs+ODs++8hueZveODreODoOOBruOCpOOCquOCt+OCuSDjgJE=[rn]
16-187128,aHR0cDovL3RzaG9wLnIxMHMuanAvcGMtZ29vZC9jYWJpbmV0L2lvc3lzX2cvbm9faXRlbS5qcGc/Zml0aW49NzAwOjcwMA==,MzE4NDAuMDAwMA==,,44K544Oe44O844OI44OV44Kp44Oz44O744K/44OW44Os44OD44OIID4g44K544Oe44O844OI44OV44Kp44Oz44Ki44Kv44K744K144Oq44O8ID4g44Gd44Gu5LuW,44CQ6YCB5paZ54Sh5paZ44CR5b2T56S+77yW44O25pyI5L+d6Ki8W+acquS9v+eUqOWTgV3ilqBBcHBsZSBBcHBsZSBXYXRjaCBTZXJpZXMgMiAzOG1tIChNTlJXMkovQSkgW+OCtOODvOODq+ODieOCouODq+ODn+ODi+OCpuODoC/jgqTjgqjjg63jg7wv44Op44Kk44OI44Kw44Os44Kk44Km44O844OW44Oz44OK44Kk44Ot44OzXSDjgJDlkajovrrmqZ/lmajjgJHkuK3lj6TjgJDkuK3lj6TjgJEg44CQIOODkeOCveOCs+ODs++8hueZveODreODoOOBruOCpOOCquOCt+OCuSDjgJE=,44CQ5b2T56S+77yW44O25pyI5L+d6Ki844CR,PGxpbmsg44CA44CA44CA44CA44CA44CA44CA44CA44CA44CA44CA44CA44CAPSIiIHJlbD0ic3R5bGVzaGVldCIgaHJlZj0iaHR0cDovL3d3dy5yYWt1dGVuLm5lLmpwL2dvbGQvcGMtZ29vZC9hc3NldHMvc3R5bGVzaGVldHMvaXRlbXMvc3R5bGUuY3NzIj4gIDx0YWJsZSDjgIDjgIDjgIDjgIDjgIDjgIDjgIDjgIDjgIDjgIDjgIDjgIDjgIAgY2xhc3M9ImNfX3RhYmxlIGNfX3RhYmxlLWJvcmRlcmVkIj48dHI+PHRoPk9TPC90aD48dGQ+V2F0Y2ggT1M8L3RkPjwvdHI+PHRyPjx0aD7mtrLmmbY8L3RoPjx0ZD4zOTB4MzEyIFJldGluYTwvdGQ+PC90cj48dHI+PHRoPkNQVTwvdGg+PHRkPuODh+ODpeOCouODq+OCs+OCojwvdGQ+PC90cj48dHI+PHRoPldpLUZpPC90aD48dGQ+ODAyLjExYjxmb250IHNpemU9Ii0xIj4vPC9mb250Pmc8Zm9udCBzaXplPSItMSI+LzwvZm9udD5uPC90ZD48L3RyPjx0cj48dGg+Qmx1ZXRvb3RoPC90aD48dGQ+NC4wPC90ZD48L3RyPjx0cj48dGg+44Gd44Gu5LuWPC90aD48dGQ+5Yqg6YCf5bqm44K744Oz44K144O8PGZvbnQgc2l6ZT0iLTEiPi88L2ZvbnQ+44K444Oj44Kk44Ot44K744Oz44K144O8PGZvbnQgc2l6ZT0iLTEiPi88L2ZvbnQ+5b+D5ouN44K744Oz44K144O8PGZvbnQgc2l6ZT0iLTEiPi88L2ZvbnQ+R1BTPGZvbnQgc2l6ZT0iLTEiPi88L2ZvbnQ+5YWJ44K744Oz44K144O8PGZvbnQgc2l6ZT0iLTEiPi88L2ZvbnQ+6Ziy5rC0PGZvbnQgc2l6ZT0iLTEiPi88L2ZvbnQ+QXBwbGUgUGF55a++5b+cPC90ZD48L3RyPjwvdGFibGUg44CA44CA44CA44CA44CA44CA44CA44CA44CA44CA44CA44CA44CAID4gIDx0YWJsZSDjgIDjgIDjgIDjgIDjgIDjgIDjgIDjgIDjgIDjgIDjgIDjgIDjgIAgY2xhc3M9ImNfX3RhYmxlIGNfX3RhYmxlLWJvcmRlcmVkIj4gIDx0cj48dGg+5LuY5bGe5ZOBPC90aD48dGQ+566x44CA44Ob44Ov44Kk44OI44K544Od44O844OE44OQ44Oz44OJIEFD44Ki44OA44OX44K/IOeEoeaOpeeCueWFhembu+WZqCDjg57jg4vjg6XjgqLjg6s8L3RkPjwvdHI+ICA8dHI+PHRoPuS/neiovOacn+mWkzwvdGg+PHRkPuW9k+ekvu+8luODtuaciOS/neiovDxicj7kv53oqLzjga7oqbPjgZfjgYTlhoXlrrnjga/jgZPjgaHjgonjgafjgZTnorroqo3jgY/jgaDjgZXjgYQ8L3RkPjwvdHI+ICA8dHI+PHRoPuOBneOBruS7lueJueiomOS6i+mghTwvdGg+PHRkPjwvdGQ+PC90cj4gIDx0cj48dGg+5ZWG5ZOB54q25oWL44Gu6Kqs5piOPC90aD48dGQ+6ZaL5bCB44GX44Gm44GE44G+44GZ44GM44CB5L2/55So44GV44KM44Gm44GE44Gq44GE54mp44Go44Gq44KK44G+44GZ44CC44Kx44O844K/44Kk5pyq5L2/55So5ZOB44Gr6Zai44GX44G+44GX44Gm44Gv44CB6YCa6Zu756K66KqN5Y+K44Gz5Yid5pyf5YyW44Gu5L2c5qWt44GM6KGM44Gq44KP44KM44Gm44GK44KK44G+44GZ44CCPC90ZD48L3RyPiAgPC90YWJsZSDjgIDjgIDjgIDjgIDjgIDjgIDjgIDjgIDjgIDjgIDjgIDjgIDjgIAgPiAgPGhyPjx0YWJsZSB3aWR0aD0nMTAwJScgY2VsbHNwYWNpbmc9JzUnIGNlbGxwYWRkaW5nPSc1Jz48dHI+PHRoIGJnY29sb3I9JyNEMDA4MDgnPjxmb250IGNvbG9yPScjZmZmZmZmJz7vvIHjgZTms6jmlofliY3jgavjgZTnorroqo3jgY/jgaDjgZXjgYQ8L2ZvbnQ+PC90aD48L3RyPjx0cj48dGQ+5a6f6Zqb44Gu5ZWG5ZOB44Go55Ww44Gq44KL44Kk44Oh44O844K455S75YOP44KS5Yip55So44GX44Gm44GE44KL5aC05ZCI44GM5b6h5bqn44GE44G+44GZ44CCPGJyPuW9k+W6l+OAgeWun+W6l+iIl+OBqOiHquekvuOCteOCpOODiOOCkuWQq+OCgOWFseacieWcqOW6q+OBqOOBquOCiuOAgeOBlOazqOaWh+OBruOCv+OCpOODn+ODs+OCsOOBq+OCiOOBo+OBpuOBr+WVhuWTgeOCkuOBlOeUqOaEj+OBp+OBjeOBquOBhOWgtOWQiOOBjOOBlOOBluOBhOOBvuOBmeOAguOBlOeUqOaEj+WHuuadpeOBquOBi+OBo+OBn+WgtOWQiOOBq+OBpOOBjeOBvuOBl+OBpuOBr+OAgeOBlOazqOaWh+OBruOCreODo+ODs+OCu+ODq+OBqOOBleOBm+OBpumgguOBjeOBvuOBmeOAguOBneOBruS7luOAgeW9k+W6l+OBruOBlOazqOaWh+OBrua1geOCjOOCkuODmuODvOOCuOS4i+mDqOOBq+OBpuOAgeS6iOOCgeOBlOeiuuiqjeOBj+OBoOOBleOBhOOAgjwvdGQ+PC90cj48L3RhYmxlPjxicj4=,44CQ6YCB5paZ54Sh5paZ44CR5b2T56S+77yW44O25pyI5L+d6Ki8W+acquS9v+eUqOWTgV3ilqBBcHBsZSBBcHBsZSBXYXRjaCBTZXJpZXMgMiAzOG1tIChNTlJXMkovQSkgW+OCtOODvOODq+ODieOCouODq+ODn+ODi+OCpuODoC/jgqTjgqjjg63jg7wv44Op44Kk44OI44Kw44Os44Kk44Km44O844OW44Oz44OK44Kk44Ot44OzXSDjgJDlkajovrrmqZ/lmajjgJHkuK3lj6TjgJDkuK3lj6TjgJEg44CQIOODkeOCveOCs+ODs++8hueZveODreODoOOBruOCpOOCquOCt+OCuSDjgJHvvJrkuK3lj6Tjg5Hjgr3jgrPjg7Pjgajnmb3jg63jg6Djga7jgqTjgqrjgrfjgrk=,44K544Oe44O844OI44OV44Kp44Oz44K544Oe44ObU0lN44OV44Oq44O855m944Ot44OgaVBob25lQW5kcm9pZOOCv+ODluODrOODg+ODiGlQYWTmkLrluK/pm7voqbHkuK3lj6Tjg5Hjgr3jgrPjg7Pjg47jg7zjg4jjg5Hjgr3jgrPjg7NpcG9kZG9jb21vc29mdGJhbmthdeODh+OCueOCr+ODiOODg+ODl+ODkeOCveOCs+ODs09mZmljZeS4reWPpFBD44Ki44Km44OI44Os44OD44OI44CQ6YCB5paZ54Sh5paZ44CR5b2T56S+77yW44O25pyI5L+d6Ki8W+acquS9v+eUqOWTgV3ilqBBcHBsZSBBcHBsZSBXYXRjaCBTZXJpZXMgMiAzOG1tIChNTlJXMkovQSkgW+OCtOODvOODq+ODieOCouODq+ODn+ODi+OCpuODoC/jgqTjgqjjg63jg7wv44Op44Kk44OI44Kw44Os44Kk44Km44O844OW44Oz44OK44Kk44Ot44OzXSDjgJDlkajovrrmqZ/lmajjgJHkuK3lj6TjgJDkuK3lj6TjgJEg44CQIOODkeOCveOCs+ODs++8hueZveODreODoOOBruOCpOOCquOCt+OCuSDjgJE=,44CQ5b2T56S+77yW44O25pyI5L+d6Ki844CR44CC44CQ6YCB5paZ54Sh5paZ44CR5b2T56S+77yW44O25pyI5L+d6Ki8W+acquS9v+eUqOWTgV3ilqBBcHBsZSBBcHBsZSBXYXRjaCBTZXJpZXMgMiAzOG1tIChNTlJXMkovQSkgW+OCtOODvOODq+ODieOCouODq+ODn+ODi+OCpuODoC/jgqTjgqjjg63jg7wv44Op44Kk44OI44Kw44Os44Kk44Km44O844OW44Oz44OK44Kk44Ot44OzXSDjgJDlkajovrrmqZ/lmajjgJHkuK3lj6TjgJDkuK3lj6TjgJEg44CQIOODkeOCveOCs+ODs++8hueZveODreODoOOBruOCpOOCquOCt+OCuSDjgJE=[rn]
16-187129,aHR0cDovL3RzaG9wLnIxMHMuanAvcGMtZ29vZC9jYWJpbmV0L2lvc3lzX2cvOTAwMDBfOTE5OTkvOTE3NDQuanBnP2ZpdGluPTcwMDo3MDA=,Mjk0NDAuMDAwMA==,,44K544Oe44O844OI44OV44Kp44Oz44O744K/44OW44Os44OD44OIID4g44K544Oe44O844OI44OV44Kp44Oz44Ki44Kv44K744K144Oq44O8ID4g44Gd44Gu5LuW,44CQ6YCB5paZ54Sh5paZ44CR5b2T56S+77yR44O25pyI6ZaT5L+d6Ki8W+acquS9v+eUqOWTgV3ilqBBcHBsZSBBcHBsZSBXYXRjaCA0Mm1tIChNSllQMkovQSkg44CQ44K544OG44Oz44Os44K544K544OB44O844OrL+ODluODqeODg+OCr+ODrOOCtuODvOODq+ODvOODl+OAkeOAkOWRqOi+uuapn+WZqOOAkeS4reWPpOOAkOS4reWPpOOAkSDjgJAg44OR44K944Kz44Oz77yG55m944Ot44Og44Gu44Kk44Kq44K344K5IOOAkQ==,44CQ5b2T56S+77yR44O25pyI6ZaT5L+d6Ki844CR,PGxpbmsg44CA44CA44CA44CA44CA44CA44CA44CA44CA44CA44CA44CA44CAPSIiIHJlbD0ic3R5bGVzaGVldCIgaHJlZj0iaHR0cDovL3d3dy5yYWt1dGVuLm5lLmpwL2dvbGQvcGMtZ29vZC9hc3NldHMvc3R5bGVzaGVldHMvaXRlbXMvc3R5bGUuY3NzIj4gIDx0YWJsZSDjgIDjgIDjgIDjgIDjgIDjgIDjgIDjgIDjgIDjgIDjgIDjgIDjgIAgY2xhc3M9ImNfX3RhYmxlIGNfX3RhYmxlLWJvcmRlcmVkIj48dHI+PHRoPuODh+OCo+OCueODl+ODrOOCpDwvdGg+PHRkPlJldGluYeODh+OCo+OCueODl+ODrOOCpDwvdGQ+PC90cj48dHI+PHRoPumAmuS/oTwvdGg+PHRkPldpLUZpICg4MDIuMTFiPGZvbnQgc2l6ZT0iLTEiPi88L2ZvbnQ+Zzxmb250IHNpemU9Ii0xIj4vPC9mb250Pm4gMi40R0h6KTxmb250IHNpemU9Ii0xIj4vPC9mb250PkJsdWV0b290aCA0LjA8L3RkPjwvdHI+PHRyPjx0aD7jgZ3jga7ku5Y8L3RoPjx0ZD7lv4Pmi43jgrvjg7PjgrXjg7w8Zm9udCBzaXplPSItMSI+LzwvZm9udD7liqDpgJ/luqbjgrvjg7PjgrXjg7w8Zm9udCBzaXplPSItMSI+LzwvZm9udD7jgrjjg6PjgqTjg63jgrnjgrPjg7zjg5c8Zm9udCBzaXplPSItMSI+LzwvZm9udD7nkrDlooPlhYnjgrvjg7PjgrXjg7w8L3RkPjwvdHI+PHRyPjx0aD7pmLLmsLQ8L3RoPjx0ZD5JUFg3PC90ZD48L3RyPjx0cj48dGg+44K144Kk44K6PC90aD48dGQ+57imNDIq5qiqMzUuOSrljprjgZUxMC41bW08L3RkPjwvdHI+PHRyPjx0aD7pp4bli5XmmYLplpM8L3RoPjx0ZD7mnIDlpKcxOOaZgumWkzwvdGQ+PC90cj48dHI+PHRoPumHjemHjzwvdGg+PHRkPue0hDUwZzwvdGQ+PC90cj48L3RhYmxlIOOAgOOAgOOAgOOAgOOAgOOAgOOAgOOAgOOAgOOAgOOAgOOAgOOAgCA+ICA8dGFibGUg44CA44CA44CA44CA44CA44CA44CA44CA44CA44CA44CA44CA44CAIGNsYXNzPSJjX190YWJsZSBjX190YWJsZS1ib3JkZXJlZCI+ICA8dHI+PHRoPuS7mOWxnuWTgTwvdGg+PHRkPuW3peWgtOWHuuiNt+eKtuaFizwvdGQ+PC90cj4gIDx0cj48dGg+5L+d6Ki85pyf6ZaTPC90aD48dGQ+5b2T56S+77yR44O25pyI6ZaT5L+d6Ki8PGJyPuS/neiovOOBruips+OBl+OBhOWGheWuueOBr+OBk+OBoeOCieOBp+OBlOeiuuiqjeOBj+OBoOOBleOBhDwvdGQ+PC90cj4gIDx0cj48dGg+44Gd44Gu5LuW54m56KiY5LqL6aCFPC90aD48dGQ+PC90ZD48L3RyPiAgPHRyPjx0aD7llYblk4HnirbmhYvjga7oqqzmmI48L3RoPjx0ZD7plovlsIHjgZfjgabjgYTjgb7jgZnjgYzjgIHkvb/nlKjjgZXjgozjgabjgYTjgarjgYTnianjgajjgarjgorjgb7jgZnjgILjgrHjg7zjgr/jgqTmnKrkvb/nlKjlk4HjgavplqLjgZfjgb7jgZfjgabjga/jgIHpgJrpm7vnorroqo3lj4rjgbPliJ3mnJ/ljJbjga7kvZzmpa3jgYzooYzjgarjgo/jgozjgabjgYrjgorjgb7jgZnjgII8L3RkPjwvdHI+ICA8L3RhYmxlIOOAgOOAgOOAgOOAgOOAgOOAgOOAgOOAgOOAgOOAgOOAgOOAgOOAgCA+ICA8aHI+PHRhYmxlIHdpZHRoPScxMDAlJyBjZWxsc3BhY2luZz0nNScgY2VsbHBhZGRpbmc9JzUnPjx0cj48dGggYmdjb2xvcj0nI0QwMDgwOCc+PGZvbnQgY29sb3I9JyNmZmZmZmYnPu+8geOBlOazqOaWh+WJjeOBq+OBlOeiuuiqjeOBj+OBoOOBleOBhDwvZm9udD48L3RoPjwvdHI+PHRyPjx0ZD7lrp/pmpvjga7llYblk4HjgajnlbDjgarjgovjgqTjg6Hjg7zjgrjnlLvlg4/jgpLliKnnlKjjgZfjgabjgYTjgovloLTlkIjjgYzlvqHluqfjgYTjgb7jgZnjgII8YnI+5b2T5bqX44CB5a6f5bqX6IiX44Go6Ieq56S+44K144Kk44OI44KS5ZCr44KA5YWx5pyJ5Zyo5bqr44Go44Gq44KK44CB44GU5rOo5paH44Gu44K/44Kk44Of44Oz44Kw44Gr44KI44Gj44Gm44Gv5ZWG5ZOB44KS44GU55So5oSP44Gn44GN44Gq44GE5aC05ZCI44GM44GU44GW44GE44G+44GZ44CC44GU55So5oSP5Ye65p2l44Gq44GL44Gj44Gf5aC05ZCI44Gr44Gk44GN44G+44GX44Gm44Gv44CB44GU5rOo5paH44Gu44Kt44Oj44Oz44K744Or44Go44GV44Gb44Gm6aCC44GN44G+44GZ44CC44Gd44Gu5LuW44CB5b2T5bqX44Gu44GU5rOo5paH44Gu5rWB44KM44KS44Oa44O844K45LiL6YOo44Gr44Gm44CB5LqI44KB44GU56K66KqN44GP44Gg44GV44GE44CCPC90ZD48L3RyPjwvdGFibGU+PGJyPg==,44CQ6YCB5paZ54Sh5paZ44CR5b2T56S+77yR44O25pyI6ZaT5L+d6Ki8W+acquS9v+eUqOWTgV3ilqBBcHBsZSBBcHBsZSBXYXRjaCA0Mm1tIChNSllQMkovQSkg44CQ44K544OG44Oz44Os44K544K544OB44O844OrL+ODluODqeODg+OCr+ODrOOCtuODvOODq+ODvOODl+OAkeOAkOWRqOi+uuapn+WZqOOAkeS4reWPpOOAkOS4reWPpOOAkSDjgJAg44OR44K944Kz44Oz77yG55m944Ot44Og44Gu44Kk44Kq44K344K5IOOAke+8muS4reWPpOODkeOCveOCs+ODs+OBqOeZveODreODoOOBruOCpOOCquOCt+OCuQ==,44K544Oe44O844OI44OV44Kp44Oz44K544Oe44ObU0lN44OV44Oq44O855m944Ot44OgaVBob25lQW5kcm9pZOOCv+ODluODrOODg+ODiGlQYWTmkLrluK/pm7voqbHkuK3lj6Tjg5Hjgr3jgrPjg7Pjg47jg7zjg4jjg5Hjgr3jgrPjg7NpcG9kZG9jb21vc29mdGJhbmthdeODh+OCueOCr+ODiOODg+ODl+ODkeOCveOCs+ODs09mZmljZeS4reWPpFBD44Ki44Km44OI44Os44OD44OI44CQ6YCB5paZ54Sh5paZ44CR5b2T56S+77yR44O25pyI6ZaT5L+d6Ki8W+acquS9v+eUqOWTgV3ilqBBcHBsZSBBcHBsZSBXYXRjaCA0Mm1tIChNSllQMkovQSkg44CQ44K544OG44Oz44Os44K544K544OB44O844OrL+ODluODqeODg+OCr+ODrOOCtuODvOODq+ODvOODl+OAkeOAkOWRqOi+uuapn+WZqOOAkeS4reWPpOOAkOS4reWPpOOAkSDjgJAg44OR44K944Kz44Oz77yG55m944Ot44Og44Gu44Kk44Kq44K344K5IOOAkQ==,44CQ5b2T56S+77yR44O25pyI6ZaT5L+d6Ki844CR44CC44CQ6YCB5paZ54Sh5paZ44CR5b2T56S+77yR44O25pyI6ZaT5L+d6Ki8W+acquS9v+eUqOWTgV3ilqBBcHBsZSBBcHBsZSBXYXRjaCA0Mm1tIChNSllQMkovQSkg44CQ44K544OG44Oz44Os44K544K544OB44O844OrL+ODluODqeODg+OCr+ODrOOCtuODvOODq+ODvOODl+OAkeOAkOWRqOi+uuapn+WZqOOAkeS4reWPpOOAkOS4reWPpOOAkSDjgJAg44OR44K944Kz44Oz77yG55m944Ot44Og44Gu44Kk44Kq44K344K5IOOAkQ==[rn]
16-187130,aHR0cDovL3RzaG9wLnIxMHMuanAvcGMtZ29vZC9jYWJpbmV0L2lvc3lzX2cvbm9faXRlbS5qcGc/Zml0aW49NzAwOjcwMA==,MzE4NDAuMDAwMA==,,44K544Oe44O844OI44OV44Kp44Oz44O744K/44OW44Os44OD44OIID4g44K544Oe44O844OI44OV44Kp44Oz44Ki44Kv44K744K144Oq44O8ID4g44Gd44Gu5LuW,44CQ6YCB5paZ54Sh5paZ44CR5b2T56S+77yR44O25pyI6ZaT5L+d6Ki8W+S4reWPpELjg6njg7Pjgq9d4pagQXBwbGUgQXBwbGUgV2F0Y2ggU2VyaWVzIDIgNDJtbSAoTU5UODJKL0EpIFvjg4jjg7zjgrnjg4bjg4Pjg4njgrPjg7zjg5Ljg7wv44Kt44Oj44Op44Oh44Or44Km44O844OW44Oz44OK44Kk44Ot44OzXSDjgJDlkajovrrmqZ/lmajjgJHkuK3lj6TjgJDkuK3lj6TjgJEg44CQIOODkeOCveOCs+ODs++8hueZveODreODoOOBruOCpOOCquOCt+OCuSDjgJE=,44CQ5b2T56S+77yR44O25pyI6ZaT5L+d6Ki844CR,PGxpbmsg44CA44CA44CA44CA44CA44CA44CA44CA44CA44CA44CA44CA44CAPSIiIHJlbD0ic3R5bGVzaGVldCIgaHJlZj0iaHR0cDovL3d3dy5yYWt1dGVuLm5lLmpwL2dvbGQvcGMtZ29vZC9hc3NldHMvc3R5bGVzaGVldHMvaXRlbXMvc3R5bGUuY3NzIj4gIDx0YWJsZSDjgIDjgIDjgIDjgIDjgIDjgIDjgIDjgIDjgIDjgIDjgIDjgIDjgIAgY2xhc3M9ImNfX3RhYmxlIGNfX3RhYmxlLWJvcmRlcmVkIj48dHI+PHRoPk9TPC90aD48dGQ+V2F0Y2ggT1M8L3RkPjwvdHI+PHRyPjx0aD7mtrLmmbY8L3RoPjx0ZD4zOTB4MzEyIFJldGluYTwvdGQ+PC90cj48dHI+PHRoPkNQVTwvdGg+PHRkPuODh+ODpeOCouODq+OCs+OCojwvdGQ+PC90cj48dHI+PHRoPldpLUZpPC90aD48dGQ+ODAyLjExYjxmb250IHNpemU9Ii0xIj4vPC9mb250Pmc8Zm9udCBzaXplPSItMSI+LzwvZm9udD5uPC90ZD48L3RyPjx0cj48dGg+Qmx1ZXRvb3RoPC90aD48dGQ+NC4wPC90ZD48L3RyPjx0cj48dGg+44Gd44Gu5LuWPC90aD48dGQ+5Yqg6YCf5bqm44K744Oz44K144O8PGZvbnQgc2l6ZT0iLTEiPi88L2ZvbnQ+44K444Oj44Kk44Ot44K744Oz44K144O8PGZvbnQgc2l6ZT0iLTEiPi88L2ZvbnQ+5b+D5ouN44K744Oz44K144O8PGZvbnQgc2l6ZT0iLTEiPi88L2ZvbnQ+R1BTPGZvbnQgc2l6ZT0iLTEiPi88L2ZvbnQ+5YWJ44K744Oz44K144O8PGZvbnQgc2l6ZT0iLTEiPi88L2ZvbnQ+6Ziy5rC0PGZvbnQgc2l6ZT0iLTEiPi88L2ZvbnQ+QXBwbGUgUGF55a++5b+cPC90ZD48L3RyPjwvdGFibGUg44CA44CA44CA44CA44CA44CA44CA44CA44CA44CA44CA44CA44CAID4gIDx0YWJsZSDjgIDjgIDjgIDjgIDjgIDjgIDjgIDjgIDjgIDjgIDjgIDjgIDjgIAgY2xhc3M9ImNfX3RhYmxlIGNfX3RhYmxlLWJvcmRlcmVkIj4gIDx0cj48dGg+5LuY5bGe5ZOBPC90aD48dGQ+566xIEFD44Ki44OA44OX44K/IOeEoeaOpeeCueWFhembu+WZqCDjg57jg4vjg6XjgqLjg6s8L3RkPjwvdHI+ICA8dHI+PHRoPuS/neiovOacn+mWkzwvdGg+PHRkPuW9k+ekvu+8keODtuaciOmWk+S/neiovDxicj7kv53oqLzjga7oqbPjgZfjgYTlhoXlrrnjga/jgZPjgaHjgonjgafjgZTnorroqo3jgY/jgaDjgZXjgYQ8L3RkPjwvdHI+ICA8dHI+PHRoPuOBneOBruS7lueJueiomOS6i+mghTwvdGg+PHRkPjwvdGQ+PC90cj4gIDx0cj48dGg+5ZWG5ZOB54q25oWL44Gu6Kqs5piOPC90aD48dGQ+5Lit5Y+k5ZWG5ZOB54m55pyJ44Gu57WM5bm05Yqj5YyW44GM6KaL44KJ44KM44KL54q25oWL44Gn44GZ44GM44CB6YCa5bi45L2/55So44Gr44Gv5ZWP6aGM5pyJ44KK44G+44Gb44KT44CCPEJSPue1jOW5tOWKo+WMluOBruips+OBl+OBhOiqrOaYjuOBr+OBk+OBoeOCieOBq+OBpuOBlOeiuuiqjeS4i+OBleOBhDxCUj7opIfmlbDlj7DlnKjluqvjgZfjgabjgYTjgovllYblk4Hjga7lhpnnnJ/jgavplqLjgZfjgabjga/jgIHjgarjgovjgbnjgY/mqJnmupbnmoTjgarlpJboo4XnirbmhYvjga7jgoLjga7jgpLpgbjjgpPjgafmkq7lvbHjgZfjgabjgYrjgorjgb7jgZnjgILlhpnnnJ/jga7llYblk4Hjga/jgYrmiYvlhYPjgavlsYrjgY/lgIvkvZPjgajjgYTjgYbjgo/jgZHjgafjga/lvqHluqfjgYTjgb7jgZvjgpPjga7jgafkuojjgoHjgZTkuobmib/kuIvjgZXjgYTjgII8L3RkPjwvdHI+ICA8L3RhYmxlIOOAgOOAgOOAgOOAgOOAgOOAgOOAgOOAgOOAgOOAgOOAgOOAgOOAgCA+ICA8aHI+PHRhYmxlIHdpZHRoPScxMDAlJyBjZWxsc3BhY2luZz0nNScgY2VsbHBhZGRpbmc9JzUnPjx0cj48dGggYmdjb2xvcj0nI0QwMDgwOCc+PGZvbnQgY29sb3I9JyNmZmZmZmYnPu+8geOBlOazqOaWh+WJjeOBq+OBlOeiuuiqjeOBj+OBoOOBleOBhDwvZm9udD48L3RoPjwvdHI+PHRyPjx0ZD7lrp/pmpvjga7llYblk4HjgajnlbDjgarjgovjgqTjg6Hjg7zjgrjnlLvlg4/jgpLliKnnlKjjgZfjgabjgYTjgovloLTlkIjjgYzlvqHluqfjgYTjgb7jgZnjgII8YnI+5b2T5bqX44CB5a6f5bqX6IiX44Go6Ieq56S+44K144Kk44OI44KS5ZCr44KA5YWx5pyJ5Zyo5bqr44Go44Gq44KK44CB44GU5rOo5paH44Gu44K/44Kk44Of44Oz44Kw44Gr44KI44Gj44Gm44Gv5ZWG5ZOB44KS44GU55So5oSP44Gn44GN44Gq44GE5aC05ZCI44GM44GU44GW44GE44G+44GZ44CC44GU55So5oSP5Ye65p2l44Gq44GL44Gj44Gf5aC05ZCI44Gr44Gk44GN44G+44GX44Gm44Gv44CB44GU5rOo5paH44Gu44Kt44Oj44Oz44K744Or44Go44GV44Gb44Gm6aCC44GN44G+44GZ44CC44Gd44Gu5LuW44CB5b2T5bqX44Gu44GU5rOo5paH44Gu5rWB44KM44KS44Oa44O844K45LiL6YOo44Gr44Gm44CB5LqI44KB44GU56K66KqN44GP44Gg44GV44GE44CCPC90ZD48L3RyPjwvdGFibGU+PGJyPg==,44CQ6YCB5paZ54Sh5paZ44CR5b2T56S+77yR44O25pyI6ZaT5L+d6Ki8W+S4reWPpELjg6njg7Pjgq9d4pagQXBwbGUgQXBwbGUgV2F0Y2ggU2VyaWVzIDIgNDJtbSAoTU5UODJKL0EpIFvjg4jjg7zjgrnjg4bjg4Pjg4njgrPjg7zjg5Ljg7wv44Kt44Oj44Op44Oh44Or44Km44O844OW44Oz44OK44Kk44Ot44OzXSDjgJDlkajovrrmqZ/lmajjgJHkuK3lj6TjgJDkuK3lj6TjgJEg44CQIOODkeOCveOCs+ODs++8hueZveODreODoOOBruOCpOOCquOCt+OCuSDjgJHvvJrkuK3lj6Tjg5Hjgr3jgrPjg7Pjgajnmb3jg63jg6Djga7jgqTjgqrjgrfjgrk=,44K544Oe44O844OI44OV44Kp44Oz44K544Oe44ObU0lN44OV44Oq44O855m944Ot44OgaVBob25lQW5kcm9pZOOCv+ODluODrOODg+ODiGlQYWTmkLrluK/pm7voqbHkuK3lj6Tjg5Hjgr3jgrPjg7Pjg47jg7zjg4jjg5Hjgr3jgrPjg7NpcG9kZG9jb21vc29mdGJhbmthdeODh+OCueOCr+ODiOODg+ODl+ODkeOCveOCs+ODs09mZmljZeS4reWPpFBD44Ki44Km44OI44Os44OD44OI44CQ6YCB5paZ54Sh5paZ44CR5b2T56S+77yR44O25pyI6ZaT5L+d6Ki8W+S4reWPpELjg6njg7Pjgq9d4pagQXBwbGUgQXBwbGUgV2F0Y2ggU2VyaWVzIDIgNDJtbSAoTU5UODJKL0EpIFvjg4jjg7zjgrnjg4bjg4Pjg4njgrPjg7zjg5Ljg7wv44Kt44Oj44Op44Oh44Or44Km44O844OW44Oz44OK44Kk44Ot44OzXSDjgJDlkajovrrmqZ/lmajjgJHkuK3lj6TjgJDkuK3lj6TjgJEg44CQIOODkeOCveOCs+ODs++8hueZveODreODoOOBruOCpOOCquOCt+OCuSDjgJE=,44CQ5b2T56S+77yR44O25pyI6ZaT5L+d6Ki844CR44CC44CQ6YCB5paZ54Sh5paZ44CR5b2T56S+77yR44O25pyI6ZaT5L+d6Ki8W+S4reWPpELjg6njg7Pjgq9d4pagQXBwbGUgQXBwbGUgV2F0Y2ggU2VyaWVzIDIgNDJtbSAoTU5UODJKL0EpIFvjg4jjg7zjgrnjg4bjg4Pjg4njgrPjg7zjg5Ljg7wv44Kt44Oj44Op44Oh44Or44Km44O844OW44Oz44OK44Kk44Ot44OzXSDjgJDlkajovrrmqZ/lmajjgJHkuK3lj6TjgJDkuK3lj6TjgJEg44CQIOODkeOCveOCs+ODs++8hueZveODreODoOOBruOCpOOCquOCt+OCuSDjgJE=[rn]
16-187131,aHR0cDovL3RzaG9wLnIxMHMuanAvcGMtZ29vZC9jYWJpbmV0L2lvc3lzX2cvMTEyMDAwXzExMzk5OS8xMTMxMDAuanBnP2ZpdGluPTcwMDo3MDA=,MzE4NDAuMDAwMA==,,44K544Oe44O844OI44OV44Kp44Oz44O744K/44OW44Os44OD44OIID4g44K544Oe44O844OI44OV44Kp44Oz44Ki44Kv44K744K144Oq44O8ID4g44Gd44Gu5LuW,44CQ6YCB5paZ54Sh5paZ44CR5b2T56S+77yR44O25pyI6ZaT5L+d6Ki8W+S4reWPpEHjg6njg7Pjgq9d4pagQXBwbGUgQXBwbGUgV2F0Y2ggU2VyaWVzIDIgTmlrZSsgNDJtbSBNUDBMMkovQSBb44OW44Op44OD44KvL+ODnOODq+ODiE5pa2Xjgrnjg53jg7zjg4Tjg5Djg7Pjg4ld44CQ5ZGo6L665qmf5Zmo44CR5Lit5Y+k44CQ5Lit5Y+k44CRIOOAkCDjg5Hjgr3jgrPjg7PvvIbnmb3jg63jg6Djga7jgqTjgqrjgrfjgrkg44CR,44CQ5b2T56S+77yR44O25pyI6ZaT5L+d6Ki844CR,PGxpbmsg44CA44CA44CA44CA44CA44CA44CA44CA44CA44CA44CA44CA44CAPSIiIHJlbD0ic3R5bGVzaGVldCIgaHJlZj0iaHR0cDovL3d3dy5yYWt1dGVuLm5lLmpwL2dvbGQvcGMtZ29vZC9hc3NldHMvc3R5bGVzaGVldHMvaXRlbXMvc3R5bGUuY3NzIj4gIDx0YWJsZSDjgIDjgIDjgIDjgIDjgIDjgIDjgIDjgIDjgIDjgIDjgIDjgIDjgIAgY2xhc3M9ImNfX3RhYmxlIGNfX3RhYmxlLWJvcmRlcmVkIj48dHI+PHRoPk9TPC90aD48dGQ+V2F0Y2ggT1M8L3RkPjwvdHI+PHRyPjx0aD7mtrLmmbY8L3RoPjx0ZD4zOTB4MzEyIFJldGluYTwvdGQ+PC90cj48dHI+PHRoPkNQVTwvdGg+PHRkPuODh+ODpeOCouODq+OCs+OCojwvdGQ+PC90cj48dHI+PHRoPldpLUZpPC90aD48dGQ+ODAyLjExYjxmb250IHNpemU9Ii0xIj4vPC9mb250Pmc8Zm9udCBzaXplPSItMSI+LzwvZm9udD5uPC90ZD48L3RyPjx0cj48dGg+Qmx1ZXRvb3RoPC90aD48dGQ+NC4wPC90ZD48L3RyPjx0cj48dGg+44Gd44Gu5LuWPC90aD48dGQ+5Yqg6YCf5bqm44K744Oz44K144O8PGZvbnQgc2l6ZT0iLTEiPi88L2ZvbnQ+44K444Oj44Kk44Ot44K744Oz44K144O8PGZvbnQgc2l6ZT0iLTEiPi88L2ZvbnQ+5b+D5ouN44K744Oz44K144O8PGZvbnQgc2l6ZT0iLTEiPi88L2ZvbnQ+R1BTPGZvbnQgc2l6ZT0iLTEiPi88L2ZvbnQ+5YWJ44K744Oz44K144O8PGZvbnQgc2l6ZT0iLTEiPi88L2ZvbnQ+6Ziy5rC0PGZvbnQgc2l6ZT0iLTEiPi88L2ZvbnQ+QXBwbGUgUGF55a++5b+cPC90ZD48L3RyPjwvdGFibGUg44CA44CA44CA44CA44CA44CA44CA44CA44CA44CA44CA44CA44CAID4gIDx0YWJsZSDjgIDjgIDjgIDjgIDjgIDjgIDjgIDjgIDjgIDjgIDjgIDjgIDjgIAgY2xhc3M9ImNfX3RhYmxlIGNfX3RhYmxlLWJvcmRlcmVkIj4gIDx0cj48dGg+5LuY5bGe5ZOBPC90aD48dGQ+566xL0FD44Ki44OA44OX44K/L+eEoeaOpeeCueWFhembu+WZqC/jg57jg4vjg6XjgqLjg6s8L3RkPjwvdHI+ICA8dHI+PHRoPuS/neiovOacn+mWkzwvdGg+PHRkPuW9k+ekvu+8keODtuaciOmWk+S/neiovDxicj7kv53oqLzjga7oqbPjgZfjgYTlhoXlrrnjga/jgZPjgaHjgonjgafjgZTnorroqo3jgY/jgaDjgZXjgYQ8L3RkPjwvdHI+ICA8dHI+PHRoPuOBneOBruS7lueJueiomOS6i+mghTwvdGg+PHRkPjwvdGQ+PC90cj4gIDx0cj48dGg+5ZWG5ZOB54q25oWL44Gu6Kqs5piOPC90aD48dGQ+5L2/55So5oSf44Gu5bCR44Gq44GE5Lit5Y+k5ZOB44G+44Gf44Gv44CB44Oq44OV44Os44OD44K344Ol44OJUEPjgoTjg6Hjg7zjgqvjg7zlho3nlJ/lk4HjgIHjgrHjg7zjgr/jgqTjgafjga/lpJboo4XkuqTmj5vlk4HnrYnjgYzlkKvjgb7jgozjgb7jgZnjgII8L3RkPjwvdHI+ICA8L3RhYmxlIOOAgOOAgOOAgOOAgOOAgOOAgOOAgOOAgOOAgOOAgOOAgOOAgOOAgCA+ICA8aHI+PHRhYmxlIHdpZHRoPScxMDAlJyBjZWxsc3BhY2luZz0nNScgY2VsbHBhZGRpbmc9JzUnPjx0cj48dGggYmdjb2xvcj0nI0QwMDgwOCc+PGZvbnQgY29sb3I9JyNmZmZmZmYnPu+8geOBlOazqOaWh+WJjeOBq+OBlOeiuuiqjeOBj+OBoOOBleOBhDwvZm9udD48L3RoPjwvdHI+PHRyPjx0ZD7lrp/pmpvjga7llYblk4HjgajnlbDjgarjgovjgqTjg6Hjg7zjgrjnlLvlg4/jgpLliKnnlKjjgZfjgabjgYTjgovloLTlkIjjgYzlvqHluqfjgYTjgb7jgZnjgII8YnI+5b2T5bqX44CB5a6f5bqX6IiX44Go6Ieq56S+44K144Kk44OI44KS5ZCr44KA5YWx5pyJ5Zyo5bqr44Go44Gq44KK44CB44GU5rOo5paH44Gu44K/44Kk44Of44Oz44Kw44Gr44KI44Gj44Gm44Gv5ZWG5ZOB44KS44GU55So5oSP44Gn44GN44Gq44GE5aC05ZCI44GM44GU44GW44GE44G+44GZ44CC44GU55So5oSP5Ye65p2l44Gq44GL44Gj44Gf5aC05ZCI44Gr44Gk44GN44G+44GX44Gm44Gv44CB44GU5rOo5paH44Gu44Kt44Oj44Oz44K744Or44Go44GV44Gb44Gm6aCC44GN44G+44GZ44CC44Gd44Gu5LuW44CB5b2T5bqX44Gu44GU5rOo5paH44Gu5rWB44KM44KS44Oa44O844K45LiL6YOo44Gr44Gm44CB5LqI44KB44GU56K66KqN44GP44Gg44GV44GE44CCPC90ZD48L3RyPjwvdGFibGU+PGJyPg==,44CQ6YCB5paZ54Sh5paZ44CR5b2T56S+77yR44O25pyI6ZaT5L+d6Ki8W+S4reWPpEHjg6njg7Pjgq9d4pagQXBwbGUgQXBwbGUgV2F0Y2ggU2VyaWVzIDIgTmlrZSsgNDJtbSBNUDBMMkovQSBb44OW44Op44OD44KvL+ODnOODq+ODiE5pa2Xjgrnjg53jg7zjg4Tjg5Djg7Pjg4ld44CQ5ZGo6L665qmf5Zmo44CR5Lit5Y+k44CQ5Lit5Y+k44CRIOOAkCDjg5Hjgr3jgrPjg7PvvIbnmb3jg63jg6Djga7jgqTjgqrjgrfjgrkg44CR77ya5Lit5Y+k44OR44K944Kz44Oz44Go55m944Ot44Og44Gu44Kk44Kq44K344K5,44K544Oe44O844OI44OV44Kp44Oz44K544Oe44ObU0lN44OV44Oq44O855m944Ot44OgaVBob25lQW5kcm9pZOOCv+ODluODrOODg+ODiGlQYWTmkLrluK/pm7voqbHkuK3lj6Tjg5Hjgr3jgrPjg7Pjg47jg7zjg4jjg5Hjgr3jgrPjg7NpcG9kZG9jb21vc29mdGJhbmthdeODh+OCueOCr+ODiOODg+ODl+ODkeOCveOCs+ODs09mZmljZeS4reWPpFBD44Ki44Km44OI44Os44OD44OI44CQ6YCB5paZ54Sh5paZ44CR5b2T56S+77yR44O25pyI6ZaT5L+d6Ki8W+S4reWPpEHjg6njg7Pjgq9d4pagQXBwbGUgQXBwbGUgV2F0Y2ggU2VyaWVzIDIgTmlrZSsgNDJtbSBNUDBMMkovQSBb44OW44Op44OD44KvL+ODnOODq+ODiE5pa2Xjgrnjg53jg7zjg4Tjg5Djg7Pjg4ld44CQ5ZGo6L665qmf5Zmo44CR5Lit5Y+k44CQ5Lit5Y+k44CRIOOAkCDjg5Hjgr3jgrPjg7PvvIbnmb3jg63jg6Djga7jgqTjgqrjgrfjgrkg44CR,44CQ5b2T56S+77yR44O25pyI6ZaT5L+d6Ki844CR44CC44CQ6YCB5paZ54Sh5paZ44CR5b2T56S+77yR44O25pyI6ZaT5L+d6Ki8W+S4reWPpEHjg6njg7Pjgq9d4pagQXBwbGUgQXBwbGUgV2F0Y2ggU2VyaWVzIDIgTmlrZSsgNDJtbSBNUDBMMkovQSBb44OW44Op44OD44KvL+ODnOODq+ODiE5pa2Xjgrnjg53jg7zjg4Tjg5Djg7Pjg4ld44CQ5ZGo6L665qmf5Zmo44CR5Lit5Y+k44CQ5Lit5Y+k44CRIOOAkCDjg5Hjgr3jgrPjg7PvvIbnmb3jg63jg6Djga7jgqTjgqrjgrfjgrkg44CR[rn]
16-187132,aHR0cDovL3RzaG9wLnIxMHMuanAvcGMtZ29vZC9jYWJpbmV0L2lvc3lzX2cvbm9faXRlbS5qcGc/Zml0aW49NzAwOjcwMA==,MzE4NDAuMDAwMA==,,44K544Oe44O844OI44OV44Kp44Oz44O744K/44OW44Os44OD44OIID4g44K544Oe44O844OI44OV44Kp44Oz44Ki44Kv44K744K144Oq44O8ID4g44Gd44Gu5LuW,44CQ6YCB5paZ54Sh5paZ44CR5b2T56S+77yR44O25pyI6ZaT5L+d6Ki8W+S4reWPpELjg6njg7Pjgq9d4pagQXBwbGUgQXBwbGUgV2F0Y2ggU2VyaWVzIDIgNDJtbSAoTU5UMjJKL0EpIFvjgrfjg6vjg5Djg7zjgqLjg6vjg5/jg4vjgqbjg6Av44Ob44Ov44Kk44OI44K544Od44O844OE44OQ44Oz44OJIF0g44CQ5ZGo6L665qmf5Zmo44CR5Lit5Y+k44CQ5Lit5Y+k44CRIOOAkCDjg5Hjgr3jgrPjg7PvvIbnmb3jg63jg6Djga7jgqTjgqrjgrfjgrkg44CR,44CQ5b2T56S+77yR44O25pyI6ZaT5L+d6Ki844CR,PGxpbmsg44CA44CA44CA44CA44CA44CA44CA44CA44CA44CA44CA44CA44CAPSIiIHJlbD0ic3R5bGVzaGVldCIgaHJlZj0iaHR0cDovL3d3dy5yYWt1dGVuLm5lLmpwL2dvbGQvcGMtZ29vZC9hc3NldHMvc3R5bGVzaGVldHMvaXRlbXMvc3R5bGUuY3NzIj4gIDx0YWJsZSDjgIDjgIDjgIDjgIDjgIDjgIDjgIDjgIDjgIDjgIDjgIDjgIDjgIAgY2xhc3M9ImNfX3RhYmxlIGNfX3RhYmxlLWJvcmRlcmVkIj48dHI+PHRoPk9TPC90aD48dGQ+V2F0Y2ggT1M8L3RkPjwvdHI+PHRyPjx0aD7mtrLmmbY8L3RoPjx0ZD4zOTB4MzEyIFJldGluYTwvdGQ+PC90cj48dHI+PHRoPkNQVTwvdGg+PHRkPuODh+ODpeOCouODq+OCs+OCojwvdGQ+PC90cj48dHI+PHRoPldpLUZpPC90aD48dGQ+ODAyLjExYjxmb250IHNpemU9Ii0xIj4vPC9mb250Pmc8Zm9udCBzaXplPSItMSI+LzwvZm9udD5uPC90ZD48L3RyPjx0cj48dGg+Qmx1ZXRvb3RoPC90aD48dGQ+NC4wPC90ZD48L3RyPjx0cj48dGg+44Gd44Gu5LuWPC90aD48dGQ+5Yqg6YCf5bqm44K744Oz44K144O8PGZvbnQgc2l6ZT0iLTEiPi88L2ZvbnQ+44K444Oj44Kk44Ot44K744Oz44K144O8PGZvbnQgc2l6ZT0iLTEiPi88L2ZvbnQ+5b+D5ouN44K744Oz44K144O8PGZvbnQgc2l6ZT0iLTEiPi88L2ZvbnQ+R1BTPGZvbnQgc2l6ZT0iLTEiPi88L2ZvbnQ+5YWJ44K744Oz44K144O8PGZvbnQgc2l6ZT0iLTEiPi88L2ZvbnQ+6Ziy5rC0PGZvbnQgc2l6ZT0iLTEiPi88L2ZvbnQ+QXBwbGUgUGF55a++5b+cPC90ZD48L3RyPjwvdGFibGUg44CA44CA44CA44CA44CA44CA44CA44CA44CA44CA44CA44CA44CAID4gIDx0YWJsZSDjgIDjgIDjgIDjgIDjgIDjgIDjgIDjgIDjgIDjgIDjgIDjgIDjgIAgY2xhc3M9ImNfX3RhYmxlIGNfX3RhYmxlLWJvcmRlcmVkIj4gIDx0cj48dGg+5LuY5bGe5ZOBPC90aD48dGQ+566x44CA44OW44Op44OD44Kv44K544Od44O844OE44OQ44Oz44OJIEFD44Ki44OA44OX44K/IOeEoeaOpeeCueWFhembu+WZqCDjg57jg4vjg6XjgqLjg6s8L3RkPjwvdHI+ICA8dHI+PHRoPuS/neiovOacn+mWkzwvdGg+PHRkPuW9k+ekvu+8keODtuaciOmWk+S/neiovDxicj7kv53oqLzjga7oqbPjgZfjgYTlhoXlrrnjga/jgZPjgaHjgonjgafjgZTnorroqo3jgY/jgaDjgZXjgYQ8L3RkPjwvdHI+ICA8dHI+PHRoPuOBneOBruS7lueJueiomOS6i+mghTwvdGg+PHRkPjwvdGQ+PC90cj4gIDx0cj48dGg+5ZWG5ZOB54q25oWL44Gu6Kqs5piOPC90aD48dGQ+5Lit5Y+k5ZWG5ZOB54m55pyJ44Gu57WM5bm05Yqj5YyW44GM6KaL44KJ44KM44KL54q25oWL44Gn44GZ44GM44CB6YCa5bi45L2/55So44Gr44Gv5ZWP6aGM5pyJ44KK44G+44Gb44KT44CCPEJSPue1jOW5tOWKo+WMluOBruips+OBl+OBhOiqrOaYjuOBr+OBk+OBoeOCieOBq+OBpuOBlOeiuuiqjeS4i+OBleOBhDxCUj7opIfmlbDlj7DlnKjluqvjgZfjgabjgYTjgovllYblk4Hjga7lhpnnnJ/jgavplqLjgZfjgabjga/jgIHjgarjgovjgbnjgY/mqJnmupbnmoTjgarlpJboo4XnirbmhYvjga7jgoLjga7jgpLpgbjjgpPjgafmkq7lvbHjgZfjgabjgYrjgorjgb7jgZnjgILlhpnnnJ/jga7llYblk4Hjga/jgYrmiYvlhYPjgavlsYrjgY/lgIvkvZPjgajjgYTjgYbjgo/jgZHjgafjga/lvqHluqfjgYTjgb7jgZvjgpPjga7jgafkuojjgoHjgZTkuobmib/kuIvjgZXjgYTjgII8L3RkPjwvdHI+ICA8L3RhYmxlIOOAgOOAgOOAgOOAgOOAgOOAgOOAgOOAgOOAgOOAgOOAgOOAgOOAgCA+ICA8aHI+PHRhYmxlIHdpZHRoPScxMDAlJyBjZWxsc3BhY2luZz0nNScgY2VsbHBhZGRpbmc9JzUnPjx0cj48dGggYmdjb2xvcj0nI0QwMDgwOCc+PGZvbnQgY29sb3I9JyNmZmZmZmYnPu+8geOBlOazqOaWh+WJjeOBq+OBlOeiuuiqjeOBj+OBoOOBleOBhDwvZm9udD48L3RoPjwvdHI+PHRyPjx0ZD7lrp/pmpvjga7llYblk4HjgajnlbDjgarjgovjgqTjg6Hjg7zjgrjnlLvlg4/jgpLliKnnlKjjgZfjgabjgYTjgovloLTlkIjjgYzlvqHluqfjgYTjgb7jgZnjgII8YnI+5b2T5bqX44CB5a6f5bqX6IiX44Go6Ieq56S+44K144Kk44OI44KS5ZCr44KA5YWx5pyJ5Zyo5bqr44Go44Gq44KK44CB44GU5rOo5paH44Gu44K/44Kk44Of44Oz44Kw44Gr44KI44Gj44Gm44Gv5ZWG5ZOB44KS44GU55So5oSP44Gn44GN44Gq44GE5aC05ZCI44GM44GU44GW44GE44G+44GZ44CC44GU55So5oSP5Ye65p2l44Gq44GL44Gj44Gf5aC05ZCI44Gr44Gk44GN44G+44GX44Gm44Gv44CB44GU5rOo5paH44Gu44Kt44Oj44Oz44K744Or44Go44GV44Gb44Gm6aCC44GN44G+44GZ44CC44Gd44Gu5LuW44CB5b2T5bqX44Gu44GU5rOo5paH44Gu5rWB44KM44KS44Oa44O844K45LiL6YOo44Gr44Gm44CB5LqI44KB44GU56K66KqN44GP44Gg44GV44GE44CCPC90ZD48L3RyPjwvdGFibGU+PGJyPg==,44CQ6YCB5paZ54Sh5paZ44CR5b2T56S+77yR44O25pyI6ZaT5L+d6Ki8W+S4reWPpELjg6njg7Pjgq9d4pagQXBwbGUgQXBwbGUgV2F0Y2ggU2VyaWVzIDIgNDJtbSAoTU5UMjJKL0EpIFvjgrfjg6vjg5Djg7zjgqLjg6vjg5/jg4vjgqbjg6Av44Ob44Ov44Kk44OI44K544Od44O844OE44OQ44Oz44OJIF0g44CQ5ZGo6L665qmf5Zmo44CR5Lit5Y+k44CQ5Lit5Y+k44CRIOOAkCDjg5Hjgr3jgrPjg7PvvIbnmb3jg63jg6Djga7jgqTjgqrjgrfjgrkg44CR77ya5Lit5Y+k44OR44K944Kz44Oz44Go55m944Ot44Og44Gu44Kk44Kq44K344K5,44K544Oe44O844OI44OV44Kp44Oz44K544Oe44ObU0lN44OV44Oq44O855m944Ot44OgaVBob25lQW5kcm9pZOOCv+ODluODrOODg+ODiGlQYWTmkLrluK/pm7voqbHkuK3lj6Tjg5Hjgr3jgrPjg7Pjg47jg7zjg4jjg5Hjgr3jgrPjg7NpcG9kZG9jb21vc29mdGJhbmthdeODh+OCueOCr+ODiOODg+ODl+ODkeOCveOCs+ODs09mZmljZeS4reWPpFBD44Ki44Km44OI44Os44OD44OI44CQ6YCB5paZ54Sh5paZ44CR5b2T56S+77yR44O25pyI6ZaT5L+d6Ki8W+S4reWPpELjg6njg7Pjgq9d4pagQXBwbGUgQXBwbGUgV2F0Y2ggU2VyaWVzIDIgNDJtbSAoTU5UMjJKL0EpIFvjgrfjg6vjg5Djg7zjgqLjg6vjg5/jg4vjgqbjg6Av44Ob44Ov44Kk44OI44K544Od44O844OE44OQ44Oz44OJIF0g44CQ5ZGo6L665qmf5Zmo44CR5Lit5Y+k44CQ5Lit5Y+k44CRIOOAkCDjg5Hjgr3jgrPjg7PvvIbnmb3jg63jg6Djga7jgqTjgqrjgrfjgrkg44CR,44CQ5b2T56S+77yR44O25pyI6ZaT5L+d6Ki844CR44CC44CQ6YCB5paZ54Sh5paZ44CR5b2T56S+77yR44O25pyI6ZaT5L+d6Ki8W+S4reWPpELjg6njg7Pjgq9d4pagQXBwbGUgQXBwbGUgV2F0Y2ggU2VyaWVzIDIgNDJtbSAoTU5UMjJKL0EpIFvjgrfjg6vjg5Djg7zjgqLjg6vjg5/jg4vjgqbjg6Av44Ob44Ov44Kk44OI44K544Od44O844OE44OQ44Oz44OJIF0g44CQ5ZGo6L665qmf5Zmo44CR5Lit5Y+k44CQ5Lit5Y+k44CRIOOAkCDjg5Hjgr3jgrPjg7PvvIbnmb3jg63jg6Djga7jgqTjgqrjgrfjgrkg44CR[rn]
16-187133,aHR0cDovL3RzaG9wLnIxMHMuanAvcGMtZ29vZC9jYWJpbmV0L2lvc3lzX2cvbm9faXRlbS5qcGc/Zml0aW49NzAwOjcwMA==,MzE4NDAuMDAwMA==,,44K544Oe44O844OI44OV44Kp44Oz44O744K/44OW44Os44OD44OIID4g44K544Oe44O844OI44OV44Kp44Oz44Ki44Kv44K744K144Oq44O8ID4g44Gd44Gu5LuW,44CQ6YCB5paZ54Sh5paZ44CR5b2T56S+77yR44O25pyI6ZaT5L+d6Ki8W+S4reWPpELjg6njg7Pjgq9d4pagQXBwbGUgQXBwbGUgV2F0Y2ggU2VyaWVzIDIgNDJtbSAoTU5UNDJKL0EpIFvjg5/jg4Pjg4njg4rjgqTjg4jjg5bjg6vjg7zjgrnjg53jg7zjg4Tjg5Djg7Pjg4ld44CQ5ZGo6L665qmf5Zmo44CR5Lit5Y+k44CQ5Lit5Y+k44CRIOOAkCDjg5Hjgr3jgrPjg7PvvIbnmb3jg63jg6Djga7jgqTjgqrjgrfjgrkg44CR,44CQ5b2T56S+77yR44O25pyI6ZaT5L+d6Ki844CR,PGxpbmsg44CA44CA44CA44CA44CA44CA44CA44CA44CA44CA44CA44CA44CAPSIiIHJlbD0ic3R5bGVzaGVldCIgaHJlZj0iaHR0cDovL3d3dy5yYWt1dGVuLm5lLmpwL2dvbGQvcGMtZ29vZC9hc3NldHMvc3R5bGVzaGVldHMvaXRlbXMvc3R5bGUuY3NzIj4gIDx0YWJsZSDjgIDjgIDjgIDjgIDjgIDjgIDjgIDjgIDjgIDjgIDjgIDjgIDjgIAgY2xhc3M9ImNfX3RhYmxlIGNfX3RhYmxlLWJvcmRlcmVkIj48dHI+PHRoPk9TPC90aD48dGQ+V2F0Y2ggT1M8L3RkPjwvdHI+PHRyPjx0aD7mtrLmmbY8L3RoPjx0ZD4zOTB4MzEyIFJldGluYTwvdGQ+PC90cj48dHI+PHRoPkNQVTwvdGg+PHRkPuODh+ODpeOCouODq+OCs+OCojwvdGQ+PC90cj48dHI+PHRoPldpLUZpPC90aD48dGQ+ODAyLjExYjxmb250IHNpemU9Ii0xIj4vPC9mb250Pmc8Zm9udCBzaXplPSItMSI+LzwvZm9udD5uPC90ZD48L3RyPjx0cj48dGg+Qmx1ZXRvb3RoPC90aD48dGQ+NC4wPC90ZD48L3RyPjx0cj48dGg+44Gd44Gu5LuWPC90aD48dGQ+5Yqg6YCf5bqm44K744Oz44K144O8PGZvbnQgc2l6ZT0iLTEiPi88L2ZvbnQ+44K444Oj44Kk44Ot44K744Oz44K144O8PGZvbnQgc2l6ZT0iLTEiPi88L2ZvbnQ+5b+D5ouN44K744Oz44K144O8PGZvbnQgc2l6ZT0iLTEiPi88L2ZvbnQ+R1BTPGZvbnQgc2l6ZT0iLTEiPi88L2ZvbnQ+5YWJ44K744Oz44K144O8PGZvbnQgc2l6ZT0iLTEiPi88L2ZvbnQ+6Ziy5rC0PGZvbnQgc2l6ZT0iLTEiPi88L2ZvbnQ+QXBwbGUgUGF55a++5b+cPC90ZD48L3RyPjwvdGFibGUg44CA44CA44CA44CA44CA44CA44CA44CA44CA44CA44CA44CA44CAID4gIDx0YWJsZSDjgIDjgIDjgIDjgIDjgIDjgIDjgIDjgIDjgIDjgIDjgIDjgIDjgIAgY2xhc3M9ImNfX3RhYmxlIGNfX3RhYmxlLWJvcmRlcmVkIj4gIDx0cj48dGg+5LuY5bGe5ZOBPC90aD48dGQ+566xL0FD44Ki44OA44OX44K/L+eEoeaOpeeCueWFhembu+WZqC/jg57jg4vjg6XjgqLjg6s8L3RkPjwvdHI+ICA8dHI+PHRoPuS/neiovOacn+mWkzwvdGg+PHRkPuW9k+ekvu+8keODtuaciOmWk+S/neiovDxicj7kv53oqLzjga7oqbPjgZfjgYTlhoXlrrnjga/jgZPjgaHjgonjgafjgZTnorroqo3jgY/jgaDjgZXjgYQ8L3RkPjwvdHI+ICA8dHI+PHRoPuOBneOBruS7lueJueiomOS6i+mghTwvdGg+PHRkPjwvdGQ+PC90cj4gIDx0cj48dGg+5ZWG5ZOB54q25oWL44Gu6Kqs5piOPC90aD48dGQ+5Lit5Y+k5ZWG5ZOB54m55pyJ44Gu57WM5bm05Yqj5YyW44GM6KaL44KJ44KM44KL54q25oWL44Gn44GZ44GM44CB6YCa5bi45L2/55So44Gr44Gv5ZWP6aGM5pyJ44KK44G+44Gb44KT44CCPEJSPue1jOW5tOWKo+WMluOBruips+OBl+OBhOiqrOaYjuOBr+OBk+OBoeOCieOBq+OBpuOBlOeiuuiqjeS4i+OBleOBhDxCUj7opIfmlbDlj7DlnKjluqvjgZfjgabjgYTjgovllYblk4Hjga7lhpnnnJ/jgavplqLjgZfjgabjga/jgIHjgarjgovjgbnjgY/mqJnmupbnmoTjgarlpJboo4XnirbmhYvjga7jgoLjga7jgpLpgbjjgpPjgafmkq7lvbHjgZfjgabjgYrjgorjgb7jgZnjgILlhpnnnJ/jga7llYblk4Hjga/jgYrmiYvlhYPjgavlsYrjgY/lgIvkvZPjgajjgYTjgYbjgo/jgZHjgafjga/lvqHluqfjgYTjgb7jgZvjgpPjga7jgafkuojjgoHjgZTkuobmib/kuIvjgZXjgYTjgII8L3RkPjwvdHI+ICA8L3RhYmxlIOOAgOOAgOOAgOOAgOOAgOOAgOOAgOOAgOOAgOOAgOOAgOOAgOOAgCA+ICA8aHI+PHRhYmxlIHdpZHRoPScxMDAlJyBjZWxsc3BhY2luZz0nNScgY2VsbHBhZGRpbmc9JzUnPjx0cj48dGggYmdjb2xvcj0nI0QwMDgwOCc+PGZvbnQgY29sb3I9JyNmZmZmZmYnPu+8geOBlOazqOaWh+WJjeOBq+OBlOeiuuiqjeOBj+OBoOOBleOBhDwvZm9udD48L3RoPjwvdHI+PHRyPjx0ZD7lrp/pmpvjga7llYblk4HjgajnlbDjgarjgovjgqTjg6Hjg7zjgrjnlLvlg4/jgpLliKnnlKjjgZfjgabjgYTjgovloLTlkIjjgYzlvqHluqfjgYTjgb7jgZnjgII8YnI+5b2T5bqX44CB5a6f5bqX6IiX44Go6Ieq56S+44K144Kk44OI44KS5ZCr44KA5YWx5pyJ5Zyo5bqr44Go44Gq44KK44CB44GU5rOo5paH44Gu44K/44Kk44Of44Oz44Kw44Gr44KI44Gj44Gm44Gv5ZWG5ZOB44KS44GU55So5oSP44Gn44GN44Gq44GE5aC05ZCI44GM44GU44GW44GE44G+44GZ44CC44GU55So5oSP5Ye65p2l44Gq44GL44Gj44Gf5aC05ZCI44Gr44Gk44GN44G+44GX44Gm44Gv44CB44GU5rOo5paH44Gu44Kt44Oj44Oz44K744Or44Go44GV44Gb44Gm6aCC44GN44G+44GZ44CC44Gd44Gu5LuW44CB5b2T5bqX44Gu44GU5rOo5paH44Gu5rWB44KM44KS44Oa44O844K45LiL6YOo44Gr44Gm44CB5LqI44KB44GU56K66KqN44GP44Gg44GV44GE44CCPC90ZD48L3RyPjwvdGFibGU+PGJyPg==,44CQ6YCB5paZ54Sh5paZ44CR5b2T56S+77yR44O25pyI6ZaT5L+d6Ki8W+S4reWPpELjg6njg7Pjgq9d4pagQXBwbGUgQXBwbGUgV2F0Y2ggU2VyaWVzIDIgNDJtbSAoTU5UNDJKL0EpIFvjg5/jg4Pjg4njg4rjgqTjg4jjg5bjg6vjg7zjgrnjg53jg7zjg4Tjg5Djg7Pjg4ld44CQ5ZGo6L665qmf5Zmo44CR5Lit5Y+k44CQ5Lit5Y+k44CRIOOAkCDjg5Hjgr3jgrPjg7PvvIbnmb3jg63jg6Djga7jgqTjgqrjgrfjgrkg44CR77ya5Lit5Y+k44OR44K944Kz44Oz44Go55m944Ot44Og44Gu44Kk44Kq44K344K5,44K544Oe44O844OI44OV44Kp44Oz44K544Oe44ObU0lN44OV44Oq44O855m944Ot44OgaVBob25lQW5kcm9pZOOCv+ODluODrOODg+ODiGlQYWTmkLrluK/pm7voqbHkuK3lj6Tjg5Hjgr3jgrPjg7Pjg47jg7zjg4jjg5Hjgr3jgrPjg7NpcG9kZG9jb21vc29mdGJhbmthdeODh+OCueOCr+ODiOODg+ODl+ODkeOCveOCs+ODs09mZmljZeS4reWPpFBD44Ki44Km44OI44Os44OD44OI44CQ6YCB5paZ54Sh5paZ44CR5b2T56S+77yR44O25pyI6ZaT5L+d6Ki8W+S4reWPpELjg6njg7Pjgq9d4pagQXBwbGUgQXBwbGUgV2F0Y2ggU2VyaWVzIDIgNDJtbSAoTU5UNDJKL0EpIFvjg5/jg4Pjg4njg4rjgqTjg4jjg5bjg6vjg7zjgrnjg53jg7zjg4Tjg5Djg7Pjg4ld44CQ5ZGo6L665qmf5Zmo44CR5Lit5Y+k44CQ5Lit5Y+k44CRIOOAkCDjg5Hjgr3jgrPjg7PvvIbnmb3jg63jg6Djga7jgqTjgqrjgrfjgrkg44CR,44CQ5b2T56S+77yR44O25pyI6ZaT5L+d6Ki844CR44CC44CQ6YCB5paZ54Sh5paZ44CR5b2T56S+77yR44O25pyI6ZaT5L+d6Ki8W+S4reWPpELjg6njg7Pjgq9d4pagQXBwbGUgQXBwbGUgV2F0Y2ggU2VyaWVzIDIgNDJtbSAoTU5UNDJKL0EpIFvjg5/jg4Pjg4njg4rjgqTjg4jjg5bjg6vjg7zjgrnjg53jg7zjg4Tjg5Djg7Pjg4ld44CQ5ZGo6L665qmf5Zmo44CR5Lit5Y+k44CQ5Lit5Y+k44CRIOOAkCDjg5Hjgr3jgrPjg7PvvIbnmb3jg63jg6Djga7jgqTjgqrjgrfjgrkg44CR[rn]
16-187134,aHR0cDovL3RzaG9wLnIxMHMuanAvcGMtZ29vZC9jYWJpbmV0L2lvc3lzX2cvOTYwMDBfOTc5OTkvOTc4MjNfMS5qcGc/Zml0aW49NzAwOjcwMA==,MzE4NDAuMDAwMA==,,44K544Oe44O844OI44OV44Kp44Oz44O744K/44OW44Os44OD44OIID4g44K544Oe44O844OI44OV44Kp44Oz44Ki44Kv44K744K144Oq44O8ID4g44Gd44Gu5LuW,44CQ6YCB5paZ54Sh5paZ44CR5b2T56S+77yR44O25pyI6ZaT5L+d6Ki8W+acquS9v+eUqOWTgV3ilqBBcHBsZSBBcHBsZSBXYXRjaCA0Mm1tIChNTEM4MkovQSkg44CQ44K544Oa44O844K544OW44Op44OD44Kv44K544OG44Oz44Os44K544K544OB44O844OrL+ODluODqeODg+OCr+OCueODneODvOODhOODkOODs+ODieOAkeOAkOWRqOi+uuapn+WZqOOAkeS4reWPpOOAkOS4reWPpOOAkSDjgJAg44OR44K944Kz44Oz77yG55m944Ot44Og44Gu44Kk44Kq44K344K5IOOAkQ==,44CQ5b2T56S+77yR44O25pyI6ZaT5L+d6Ki844CR,PGxpbmsg44CA44CA44CA44CA44CA44CA44CA44CA44CA44CA44CA44CA44CAPSIiIHJlbD0ic3R5bGVzaGVldCIgaHJlZj0iaHR0cDovL3d3dy5yYWt1dGVuLm5lLmpwL2dvbGQvcGMtZ29vZC9hc3NldHMvc3R5bGVzaGVldHMvaXRlbXMvc3R5bGUuY3NzIj4gIDx0YWJsZSDjgIDjgIDjgIDjgIDjgIDjgIDjgIDjgIDjgIDjgIDjgIDjgIDjgIAgY2xhc3M9ImNfX3RhYmxlIGNfX3RhYmxlLWJvcmRlcmVkIj48dHI+PHRoPuODh+OCo+OCueODl+ODrOOCpDwvdGg+PHRkPlJldGluYeODh+OCo+OCueODl+ODrOOCpDwvdGQ+PC90cj48dHI+PHRoPumAmuS/oTwvdGg+PHRkPldpLUZpICg4MDIuMTFiPGZvbnQgc2l6ZT0iLTEiPi88L2ZvbnQ+Zzxmb250IHNpemU9Ii0xIj4vPC9mb250Pm4gMi40R0h6KTxmb250IHNpemU9Ii0xIj4vPC9mb250PkJsdWV0b290aCA0LjA8L3RkPjwvdHI+PHRyPjx0aD7jgZ3jga7ku5Y8L3RoPjx0ZD7lv4Pmi43jgrvjg7PjgrXjg7w8Zm9udCBzaXplPSItMSI+LzwvZm9udD7liqDpgJ/luqbjgrvjg7PjgrXjg7w8Zm9udCBzaXplPSItMSI+LzwvZm9udD7jgrjjg6PjgqTjg63jgrnjgrPjg7zjg5c8Zm9udCBzaXplPSItMSI+LzwvZm9udD7nkrDlooPlhYnjgrvjg7PjgrXjg7w8L3RkPjwvdHI+PHRyPjx0aD7pmLLmsLQ8L3RoPjx0ZD5JUFg3PC90ZD48L3RyPjx0cj48dGg+44K144Kk44K6PC90aD48dGQ+57imNDIq5qiqMzUuOSrljprjgZUxMC41bW08L3RkPjwvdHI+PHRyPjx0aD7pp4bli5XmmYLplpM8L3RoPjx0ZD7mnIDlpKcxOOaZgumWkzwvdGQ+PC90cj48dHI+PHRoPumHjemHjzwvdGg+PHRkPue0hDUwZzwvdGQ+PC90cj48L3RhYmxlIOOAgOOAgOOAgOOAgOOAgOOAgOOAgOOAgOOAgOOAgOOAgOOAgOOAgCA+ICA8dGFibGUg44CA44CA44CA44CA44CA44CA44CA44CA44CA44CA44CA44CA44CAIGNsYXNzPSJjX190YWJsZSBjX190YWJsZS1ib3JkZXJlZCI+ICA8dHI+PHRoPuS7mOWxnuWTgTwvdGg+PHRkPuW3peWgtOWHuuiNt+eKtuaFizwvdGQ+PC90cj4gIDx0cj48dGg+5L+d6Ki85pyf6ZaTPC90aD48dGQ+5b2T56S+77yR44O25pyI6ZaT5L+d6Ki8PGJyPuS/neiovOOBruips+OBl+OBhOWGheWuueOBr+OBk+OBoeOCieOBp+OBlOeiuuiqjeOBj+OBoOOBleOBhDwvdGQ+PC90cj4gIDx0cj48dGg+44Gd44Gu5LuW54m56KiY5LqL6aCFPC90aD48dGQ+PC90ZD48L3RyPiAgPHRyPjx0aD7llYblk4HnirbmhYvjga7oqqzmmI48L3RoPjx0ZD7plovlsIHjgZfjgabjgYTjgb7jgZnjgYzjgIHkvb/nlKjjgZXjgozjgabjgYTjgarjgYTnianjgajjgarjgorjgb7jgZnjgILjgrHjg7zjgr/jgqTmnKrkvb/nlKjlk4HjgavplqLjgZfjgb7jgZfjgabjga/jgIHpgJrpm7vnorroqo3lj4rjgbPliJ3mnJ/ljJbjga7kvZzmpa3jgYzooYzjgarjgo/jgozjgabjgYrjgorjgb7jgZnjgII8L3RkPjwvdHI+ICA8L3RhYmxlIOOAgOOAgOOAgOOAgOOAgOOAgOOAgOOAgOOAgOOAgOOAgOOAgOOAgCA+ICA8aHI+PHRhYmxlIHdpZHRoPScxMDAlJyBjZWxsc3BhY2luZz0nNScgY2VsbHBhZGRpbmc9JzUnPjx0cj48dGggYmdjb2xvcj0nI0QwMDgwOCc+PGZvbnQgY29sb3I9JyNmZmZmZmYnPu+8geOBlOazqOaWh+WJjeOBq+OBlOeiuuiqjeOBj+OBoOOBleOBhDwvZm9udD48L3RoPjwvdHI+PHRyPjx0ZD7lrp/pmpvjga7llYblk4HjgajnlbDjgarjgovjgqTjg6Hjg7zjgrjnlLvlg4/jgpLliKnnlKjjgZfjgabjgYTjgovloLTlkIjjgYzlvqHluqfjgYTjgb7jgZnjgII8YnI+5b2T5bqX44CB5a6f5bqX6IiX44Go6Ieq56S+44K144Kk44OI44KS5ZCr44KA5YWx5pyJ5Zyo5bqr44Go44Gq44KK44CB44GU5rOo5paH44Gu44K/44Kk44Of44Oz44Kw44Gr44KI44Gj44Gm44Gv5ZWG5ZOB44KS44GU55So5oSP44Gn44GN44Gq44GE5aC05ZCI44GM44GU44GW44GE44G+44GZ44CC44GU55So5oSP5Ye65p2l44Gq44GL44Gj44Gf5aC05ZCI44Gr44Gk44GN44G+44GX44Gm44Gv44CB44GU5rOo5paH44Gu44Kt44Oj44Oz44K744Or44Go44GV44Gb44Gm6aCC44GN44G+44GZ44CC44Gd44Gu5LuW44CB5b2T5bqX44Gu44GU5rOo5paH44Gu5rWB44KM44KS44Oa44O844K45LiL6YOo44Gr44Gm44CB5LqI44KB44GU56K66KqN44GP44Gg44GV44GE44CCPC90ZD48L3RyPjwvdGFibGU+PGJyPg==,44CQ6YCB5paZ54Sh5paZ44CR5b2T56S+77yR44O25pyI6ZaT5L+d6Ki8W+acquS9v+eUqOWTgV3ilqBBcHBsZSBBcHBsZSBXYXRjaCA0Mm1tIChNTEM4MkovQSkg44CQ44K544Oa44O844K544OW44Op44OD44Kv44K544OG44Oz44Os44K544K544OB44O844OrL+ODluODqeODg+OCr+OCueODneODvOODhOODkOODs+ODieOAkeOAkOWRqOi+uuapn+WZqOOAkeS4reWPpOOAkOS4reWPpOOAkSDjgJAg44OR44K944Kz44Oz77yG55m944Ot44Og44Gu44Kk44Kq44K344K5IOOAke+8muS4reWPpOODkeOCveOCs+ODs+OBqOeZveODreODoOOBruOCpOOCquOCt+OCuQ==,44K544Oe44O844OI44OV44Kp44Oz44K544Oe44ObU0lN44OV44Oq44O855m944Ot44OgaVBob25lQW5kcm9pZOOCv+ODluODrOODg+ODiGlQYWTmkLrluK/pm7voqbHkuK3lj6Tjg5Hjgr3jgrPjg7Pjg47jg7zjg4jjg5Hjgr3jgrPjg7NpcG9kZG9jb21vc29mdGJhbmthdeODh+OCueOCr+ODiOODg+ODl+ODkeOCveOCs+ODs09mZmljZeS4reWPpFBD44Ki44Km44OI44Os44OD44OI44CQ6YCB5paZ54Sh5paZ44CR5b2T56S+77yR44O25pyI6ZaT5L+d6Ki8W+acquS9v+eUqOWTgV3ilqBBcHBsZSBBcHBsZSBXYXRjaCA0Mm1tIChNTEM4MkovQSkg44CQ44K544Oa44O844K544OW44Op44OD44Kv44K544OG44Oz44Os44K544K544OB44O844OrL+ODluODqeODg+OCr+OCueODneODvOODhOODkOODs+ODieOAkeOAkOWRqOi+uuapn+WZqOOAkeS4reWPpOOAkOS4reWPpOOAkSDjgJAg44OR44K944Kz44Oz77yG55m944Ot44Og44Gu44Kk44Kq44K344K5IOOAkQ==,44CQ5b2T56S+77yR44O25pyI6ZaT5L+d6Ki844CR44CC44CQ6YCB5paZ54Sh5paZ44CR5b2T56S+77yR44O25pyI6ZaT5L+d6Ki8W+acquS9v+eUqOWTgV3ilqBBcHBsZSBBcHBsZSBXYXRjaCA0Mm1tIChNTEM4MkovQSkg44CQ44K544Oa44O844K544OW44Op44OD44Kv44K544OG44Oz44Os44K544K544OB44O844OrL+ODluODqeODg+OCr+OCueODneODvOODhOODkOODs+ODieOAkeOAkOWRqOi+uuapn+WZqOOAkeS4reWPpOOAkOS4reWPpOOAkSDjgJAg44OR44K944Kz44Oz77yG55m944Ot44Og44Gu44Kk44Kq44K344K5IOOAkQ==[rn]
16-187135,aHR0cDovL3RzaG9wLnIxMHMuanAvcGMtZ29vZC9jYWJpbmV0L2lvc3lzX2cvbm9faXRlbS5qcGc/Zml0aW49NzAwOjcwMA==,MzE4NDAuMDAwMA==,,44K544Oe44O844OI44OV44Kp44Oz44O744K/44OW44Os44OD44OIID4g44K544Oe44O844OI44OV44Kp44Oz44Ki44Kv44K744K144Oq44O8ID4g44Gd44Gu5LuW,44CQ6YCB5paZ54Sh5paZ44CR5b2T56S+77yR44O25pyI6ZaT5L+d6Ki8W+S4reWPpELjg6njg7Pjgq9d4pagQXBwbGUgQXBwbGUgV2F0Y2ggU2VyaWVzIDIgTmlrZSsgNDJtbSBNUDAxMkovQSDjgJDjg5bjg6njg4Pjgq8v44Kv44O844Or44Kw44Os44O8TmlrZeOCueODneODvOODhOODkOODs+ODieOAkeOAkOWRqOi+uuapn+WZqOOAkeS4reWPpOOAkOS4reWPpOOAkSDjgJAg44OR44K944Kz44Oz77yG55m944Ot44Og44Gu44Kk44Kq44K344K5IOOAkQ==,44CQ5b2T56S+77yR44O25pyI6ZaT5L+d6Ki844CR,PGxpbmsg44CA44CA44CA44CA44CA44CA44CA44CA44CA44CA44CA44CA44CAPSIiIHJlbD0ic3R5bGVzaGVldCIgaHJlZj0iaHR0cDovL3d3dy5yYWt1dGVuLm5lLmpwL2dvbGQvcGMtZ29vZC9hc3NldHMvc3R5bGVzaGVldHMvaXRlbXMvc3R5bGUuY3NzIj4gIDx0YWJsZSDjgIDjgIDjgIDjgIDjgIDjgIDjgIDjgIDjgIDjgIDjgIDjgIDjgIAgY2xhc3M9ImNfX3RhYmxlIGNfX3RhYmxlLWJvcmRlcmVkIj48dHI+PHRoPk9TPC90aD48dGQ+V2F0Y2ggT1M8L3RkPjwvdHI+PHRyPjx0aD7mtrLmmbY8L3RoPjx0ZD4zOTB4MzEyIFJldGluYTwvdGQ+PC90cj48dHI+PHRoPkNQVTwvdGg+PHRkPuODh+ODpeOCouODq+OCs+OCojwvdGQ+PC90cj48dHI+PHRoPldpLUZpPC90aD48dGQ+ODAyLjExYjxmb250IHNpemU9Ii0xIj4vPC9mb250Pmc8Zm9udCBzaXplPSItMSI+LzwvZm9udD5uPC90ZD48L3RyPjx0cj48dGg+Qmx1ZXRvb3RoPC90aD48dGQ+NC4wPC90ZD48L3RyPjx0cj48dGg+44Gd44Gu5LuWPC90aD48dGQ+5Yqg6YCf5bqm44K744Oz44K144O8PGZvbnQgc2l6ZT0iLTEiPi88L2ZvbnQ+44K444Oj44Kk44Ot44K744Oz44K144O8PGZvbnQgc2l6ZT0iLTEiPi88L2ZvbnQ+5b+D5ouN44K744Oz44K144O8PGZvbnQgc2l6ZT0iLTEiPi88L2ZvbnQ+R1BTPGZvbnQgc2l6ZT0iLTEiPi88L2ZvbnQ+5YWJ44K744Oz44K144O8PGZvbnQgc2l6ZT0iLTEiPi88L2ZvbnQ+6Ziy5rC0PGZvbnQgc2l6ZT0iLTEiPi88L2ZvbnQ+QXBwbGUgUGF55a++5b+cPC90ZD48L3RyPjwvdGFibGUg44CA44CA44CA44CA44CA44CA44CA44CA44CA44CA44CA44CA44CAID4gIDx0YWJsZSDjgIDjgIDjgIDjgIDjgIDjgIDjgIDjgIDjgIDjgIDjgIDjgIDjgIAgY2xhc3M9ImNfX3RhYmxlIGNfX3RhYmxlLWJvcmRlcmVkIj4gIDx0cj48dGg+5LuY5bGe5ZOBPC90aD48dGQ+566xL1VTQumbu+a6kOOCouODgOODl+OCvy/no4HmsJflhYXpm7vjgrHjg7zjg5bjg6sv44Km44Kp44OD44OB44OQ44Oz44OJL+ODnuODi+ODpeOCouODqzwvdGQ+PC90cj4gIDx0cj48dGg+5L+d6Ki85pyf6ZaTPC90aD48dGQ+5b2T56S+77yR44O25pyI6ZaT5L+d6Ki8PGJyPuS/neiovOOBruips+OBl+OBhOWGheWuueOBr+OBk+OBoeOCieOBp+OBlOeiuuiqjeOBj+OBoOOBleOBhDwvdGQ+PC90cj4gIDx0cj48dGg+44Gd44Gu5LuW54m56KiY5LqL6aCFPC90aD48dGQ+PC90ZD48L3RyPiAgPHRyPjx0aD7llYblk4HnirbmhYvjga7oqqzmmI48L3RoPjx0ZD7kuK3lj6TllYblk4HnibnmnInjga7ntYzlubTliqPljJbjgYzopovjgonjgozjgovnirbmhYvjgafjgZnjgYzjgIHpgJrluLjkvb/nlKjjgavjga/llY/poYzmnInjgorjgb7jgZvjgpPjgII8QlI+57WM5bm05Yqj5YyW44Gu6Kmz44GX44GE6Kqs5piO44Gv44GT44Gh44KJ44Gr44Gm44GU56K66KqN5LiL44GV44GEPEJSPuikh+aVsOWPsOWcqOW6q+OBl+OBpuOBhOOCi+WVhuWTgeOBruWGmeecn+OBq+mWouOBl+OBpuOBr+OAgeOBquOCi+OBueOBj+aomea6lueahOOBquWkluijheeKtuaFi+OBruOCguOBruOCkumBuOOCk+OBp+aSruW9seOBl+OBpuOBiuOCiuOBvuOBmeOAguWGmeecn+OBruWVhuWTgeOBr+OBiuaJi+WFg+OBq+WxiuOBj+WAi+S9k+OBqOOBhOOBhuOCj+OBkeOBp+OBr+W+oeW6p+OBhOOBvuOBm+OCk+OBruOBp+S6iOOCgeOBlOS6huaJv+S4i+OBleOBhOOAgjwvdGQ+PC90cj4gIDwvdGFibGUg44CA44CA44CA44CA44CA44CA44CA44CA44CA44CA44CA44CA44CAID4gIDxocj48dGFibGUgd2lkdGg9JzEwMCUnIGNlbGxzcGFjaW5nPSc1JyBjZWxscGFkZGluZz0nNSc+PHRyPjx0aCBiZ2NvbG9yPScjRDAwODA4Jz48Zm9udCBjb2xvcj0nI2ZmZmZmZic+77yB44GU5rOo5paH5YmN44Gr44GU56K66KqN44GP44Gg44GV44GEPC9mb250PjwvdGg+PC90cj48dHI+PHRkPuWun+mam+OBruWVhuWTgeOBqOeVsOOBquOCi+OCpOODoeODvOOCuOeUu+WDj+OCkuWIqeeUqOOBl+OBpuOBhOOCi+WgtOWQiOOBjOW+oeW6p+OBhOOBvuOBmeOAgjxicj7lvZPlupfjgIHlrp/lupfoiJfjgajoh6rnpL7jgrXjgqTjg4jjgpLlkKvjgoDlhbHmnInlnKjluqvjgajjgarjgorjgIHjgZTms6jmlofjga7jgr/jgqTjg5/jg7PjgrDjgavjgojjgaPjgabjga/llYblk4HjgpLjgZTnlKjmhI/jgafjgY3jgarjgYTloLTlkIjjgYzjgZTjgZbjgYTjgb7jgZnjgILjgZTnlKjmhI/lh7rmnaXjgarjgYvjgaPjgZ/loLTlkIjjgavjgaTjgY3jgb7jgZfjgabjga/jgIHjgZTms6jmlofjga7jgq3jg6Pjg7Pjgrvjg6vjgajjgZXjgZvjgabpoILjgY3jgb7jgZnjgILjgZ3jga7ku5bjgIHlvZPlupfjga7jgZTms6jmlofjga7mtYHjgozjgpLjg5rjg7zjgrjkuIvpg6jjgavjgabjgIHkuojjgoHjgZTnorroqo3jgY/jgaDjgZXjgYTjgII8L3RkPjwvdHI+PC90YWJsZT48YnI+,44CQ6YCB5paZ54Sh5paZ44CR5b2T56S+77yR44O25pyI6ZaT5L+d6Ki8W+S4reWPpELjg6njg7Pjgq9d4pagQXBwbGUgQXBwbGUgV2F0Y2ggU2VyaWVzIDIgTmlrZSsgNDJtbSBNUDAxMkovQSDjgJDjg5bjg6njg4Pjgq8v44Kv44O844Or44Kw44Os44O8TmlrZeOCueODneODvOODhOODkOODs+ODieOAkeOAkOWRqOi+uuapn+WZqOOAkeS4reWPpOOAkOS4reWPpOOAkSDjgJAg44OR44K944Kz44Oz77yG55m944Ot44Og44Gu44Kk44Kq44K344K5IOOAke+8muS4reWPpOODkeOCveOCs+ODs+OBqOeZveODreODoOOBruOCpOOCquOCt+OCuQ==,44K544Oe44O844OI44OV44Kp44Oz44K544Oe44ObU0lN44OV44Oq44O855m944Ot44OgaVBob25lQW5kcm9pZOOCv+ODluODrOODg+ODiGlQYWTmkLrluK/pm7voqbHkuK3lj6Tjg5Hjgr3jgrPjg7Pjg47jg7zjg4jjg5Hjgr3jgrPjg7NpcG9kZG9jb21vc29mdGJhbmthdeODh+OCueOCr+ODiOODg+ODl+ODkeOCveOCs+ODs09mZmljZeS4reWPpFBD44Ki44Km44OI44Os44OD44OI44CQ6YCB5paZ54Sh5paZ44CR5b2T56S+77yR44O25pyI6ZaT5L+d6Ki8W+S4reWPpELjg6njg7Pjgq9d4pagQXBwbGUgQXBwbGUgV2F0Y2ggU2VyaWVzIDIgTmlrZSsgNDJtbSBNUDAxMkovQSDjgJDjg5bjg6njg4Pjgq8v44Kv44O844Or44Kw44Os44O8TmlrZeOCueODneODvOODhOODkOODs+ODieOAkeOAkOWRqOi+uuapn+WZqOOAkeS4reWPpOOAkOS4reWPpOOAkSDjgJAg44OR44K944Kz44Oz77yG55m944Ot44Og44Gu44Kk44Kq44K344K5IOOAkQ==,44CQ5b2T56S+77yR44O25pyI6ZaT5L+d6Ki844CR44CC44CQ6YCB5paZ54Sh5paZ44CR5b2T56S+77yR44O25pyI6ZaT5L+d6Ki8W+S4reWPpELjg6njg7Pjgq9d4pagQXBwbGUgQXBwbGUgV2F0Y2ggU2VyaWVzIDIgTmlrZSsgNDJtbSBNUDAxMkovQSDjgJDjg5bjg6njg4Pjgq8v44Kv44O844Or44Kw44Os44O8TmlrZeOCueODneODvOODhOODkOODs+ODieOAkeOAkOWRqOi+uuapn+WZqOOAkeS4reWPpOOAkOS4reWPpOOAkSDjgJAg44OR44K944Kz44Oz77yG55m944Ot44Og44Gu44Kk44Kq44K344K5IOOAkQ==[rn]
16-187136,aHR0cDovL3RzaG9wLnIxMHMuanAvcGMtZ29vZC9jYWJpbmV0L2lvc3lzX2cvbm9faXRlbS5qcGc/Zml0aW49NzAwOjcwMA==,MzAyNDAuMDAwMA==,,44K544Oe44O844OI44OV44Kp44Oz44O744K/44OW44Os44OD44OIID4g44K544Oe44O844OI44OV44Kp44Oz44Ki44Kv44K744K144Oq44O8ID4g44Gd44Gu5LuW,44CQ6YCB5paZ54Sh5paZ44CR5b2T56S+77yR44O25pyI6ZaT5L+d6Ki8W+S4reWPpEHjg6njg7Pjgq9d4pagQXBwbGUgQXBwbGUgV2F0Y2ggU2VyaWVzIDIgMzhtbSAoTVAwRTJKL0EpIFvjgrnjg5rjg7zjgrnjgrDjg6zjgqTjgqLjg6vjg5/jg4vjgqbjg6DjgrHjg7zjgrkv44OW44Op44OD44Kv44K544Od44O844OE44OQ44Oz44OJXSDjgJDlkajovrrmqZ/lmajjgJHkuK3lj6TjgJDkuK3lj6TjgJEg44CQIOODkeOCveOCs+ODs++8hueZveODreODoOOBruOCpOOCquOCt+OCuSDjgJE=,44CQ5b2T56S+77yR44O25pyI6ZaT5L+d6Ki844CR,PGxpbmsg44CA44CA44CA44CA44CA44CA44CA44CA44CA44CA44CA44CA44CAPSIiIHJlbD0ic3R5bGVzaGVldCIgaHJlZj0iaHR0cDovL3d3dy5yYWt1dGVuLm5lLmpwL2dvbGQvcGMtZ29vZC9hc3NldHMvc3R5bGVzaGVldHMvaXRlbXMvc3R5bGUuY3NzIj4gIDx0YWJsZSDjgIDjgIDjgIDjgIDjgIDjgIDjgIDjgIDjgIDjgIDjgIDjgIDjgIAgY2xhc3M9ImNfX3RhYmxlIGNfX3RhYmxlLWJvcmRlcmVkIj48dHI+PHRoPk9TPC90aD48dGQ+V2F0Y2ggT1M8L3RkPjwvdHI+PHRyPjx0aD7mtrLmmbY8L3RoPjx0ZD4zOTB4MzEyIFJldGluYTwvdGQ+PC90cj48dHI+PHRoPkNQVTwvdGg+PHRkPuODh+ODpeOCouODq+OCs+OCojwvdGQ+PC90cj48dHI+PHRoPldpLUZpPC90aD48dGQ+ODAyLjExYjxmb250IHNpemU9Ii0xIj4vPC9mb250Pmc8Zm9udCBzaXplPSItMSI+LzwvZm9udD5uPC90ZD48L3RyPjx0cj48dGg+Qmx1ZXRvb3RoPC90aD48dGQ+NC4wPC90ZD48L3RyPjx0cj48dGg+44Gd44Gu5LuWPC90aD48dGQ+5Yqg6YCf5bqm44K744Oz44K144O8PGZvbnQgc2l6ZT0iLTEiPi88L2ZvbnQ+44K444Oj44Kk44Ot44K744Oz44K144O8PGZvbnQgc2l6ZT0iLTEiPi88L2ZvbnQ+5b+D5ouN44K744Oz44K144O8PGZvbnQgc2l6ZT0iLTEiPi88L2ZvbnQ+R1BTPGZvbnQgc2l6ZT0iLTEiPi88L2ZvbnQ+5YWJ44K744Oz44K144O8PGZvbnQgc2l6ZT0iLTEiPi88L2ZvbnQ+6Ziy5rC0PGZvbnQgc2l6ZT0iLTEiPi88L2ZvbnQ+QXBwbGUgUGF55a++5b+cPC90ZD48L3RyPjwvdGFibGUg44CA44CA44CA44CA44CA44CA44CA44CA44CA44CA44CA44CA44CAID4gIDx0YWJsZSDjgIDjgIDjgIDjgIDjgIDjgIDjgIDjgIDjgIDjgIDjgIDjgIDjgIAgY2xhc3M9ImNfX3RhYmxlIGNfX3RhYmxlLWJvcmRlcmVkIj4gIDx0cj48dGg+5LuY5bGe5ZOBPC90aD48dGQ+566x44CA44OW44Op44OD44Kv44K544Od44O844OE44OQ44Oz44OJIEFD44Ki44OA44OX44K/IOeEoeaOpeeCueWFhembu+WZqCDjg57jg4vjg6XjgqLjg6s8L3RkPjwvdHI+ICA8dHI+PHRoPuS/neiovOacn+mWkzwvdGg+PHRkPuW9k+ekvu+8keODtuaciOmWk+S/neiovDxicj7kv53oqLzjga7oqbPjgZfjgYTlhoXlrrnjga/jgZPjgaHjgonjgafjgZTnorroqo3jgY/jgaDjgZXjgYQ8L3RkPjwvdHI+ICA8dHI+PHRoPuOBneOBruS7lueJueiomOS6i+mghTwvdGg+PHRkPjwvdGQ+PC90cj4gIDx0cj48dGg+5ZWG5ZOB54q25oWL44Gu6Kqs5piOPC90aD48dGQ+5L2/55So5oSf44Gu5bCR44Gq44GE5Lit5Y+k5ZOB44G+44Gf44Gv44CB44Oq44OV44Os44OD44K344Ol44OJUEPjgoTjg6Hjg7zjgqvjg7zlho3nlJ/lk4HjgIHjgrHjg7zjgr/jgqTjgafjga/lpJboo4XkuqTmj5vlk4HnrYnjgYzlkKvjgb7jgozjgb7jgZnjgII8L3RkPjwvdHI+ICA8L3RhYmxlIOOAgOOAgOOAgOOAgOOAgOOAgOOAgOOAgOOAgOOAgOOAgOOAgOOAgCA+ICA8aHI+PHRhYmxlIHdpZHRoPScxMDAlJyBjZWxsc3BhY2luZz0nNScgY2VsbHBhZGRpbmc9JzUnPjx0cj48dGggYmdjb2xvcj0nI0QwMDgwOCc+PGZvbnQgY29sb3I9JyNmZmZmZmYnPu+8geOBlOazqOaWh+WJjeOBq+OBlOeiuuiqjeOBj+OBoOOBleOBhDwvZm9udD48L3RoPjwvdHI+PHRyPjx0ZD7lrp/pmpvjga7llYblk4HjgajnlbDjgarjgovjgqTjg6Hjg7zjgrjnlLvlg4/jgpLliKnnlKjjgZfjgabjgYTjgovloLTlkIjjgYzlvqHluqfjgYTjgb7jgZnjgII8YnI+5b2T5bqX44CB5a6f5bqX6IiX44Go6Ieq56S+44K144Kk44OI44KS5ZCr44KA5YWx5pyJ5Zyo5bqr44Go44Gq44KK44CB44GU5rOo5paH44Gu44K/44Kk44Of44Oz44Kw44Gr44KI44Gj44Gm44Gv5ZWG5ZOB44KS44GU55So5oSP44Gn44GN44Gq44GE5aC05ZCI44GM44GU44GW44GE44G+44GZ44CC44GU55So5oSP5Ye65p2l44Gq44GL44Gj44Gf5aC05ZCI44Gr44Gk44GN44G+44GX44Gm44Gv44CB44GU5rOo5paH44Gu44Kt44Oj44Oz44K744Or44Go44GV44Gb44Gm6aCC44GN44G+44GZ44CC44Gd44Gu5LuW44CB5b2T5bqX44Gu44GU5rOo5paH44Gu5rWB44KM44KS44Oa44O844K45LiL6YOo44Gr44Gm44CB5LqI44KB44GU56K66KqN44GP44Gg44GV44GE44CCPC90ZD48L3RyPjwvdGFibGU+PGJyPg==,44CQ6YCB5paZ54Sh5paZ44CR5b2T56S+77yR44O25pyI6ZaT5L+d6Ki8W+S4reWPpEHjg6njg7Pjgq9d4pagQXBwbGUgQXBwbGUgV2F0Y2ggU2VyaWVzIDIgMzhtbSAoTVAwRTJKL0EpIFvjgrnjg5rjg7zjgrnjgrDjg6zjgqTjgqLjg6vjg5/jg4vjgqbjg6DjgrHjg7zjgrkv44OW44Op44OD44Kv44K544Od44O844OE44OQ44Oz44OJXSDjgJDlkajovrrmqZ/lmajjgJHkuK3lj6TjgJDkuK3lj6TjgJEg44CQIOODkeOCveOCs+ODs++8hueZveODreODoOOBruOCpOOCquOCt+OCuSDjgJHvvJrkuK3lj6Tjg5Hjgr3jgrPjg7Pjgajnmb3jg63jg6Djga7jgqTjgqrjgrfjgrk=,44K544Oe44O844OI44OV44Kp44Oz44K544Oe44ObU0lN44OV44Oq44O855m944Ot44OgaVBob25lQW5kcm9pZOOCv+ODluODrOODg+ODiGlQYWTmkLrluK/pm7voqbHkuK3lj6Tjg5Hjgr3jgrPjg7Pjg47jg7zjg4jjg5Hjgr3jgrPjg7NpcG9kZG9jb21vc29mdGJhbmthdeODh+OCueOCr+ODiOODg+ODl+ODkeOCveOCs+ODs09mZmljZeS4reWPpFBD44Ki44Km44OI44Os44OD44OI44CQ6YCB5paZ54Sh5paZ44CR5b2T56S+77yR44O25pyI6ZaT5L+d6Ki8W+S4reWPpEHjg6njg7Pjgq9d4pagQXBwbGUgQXBwbGUgV2F0Y2ggU2VyaWVzIDIgMzhtbSAoTVAwRTJKL0EpIFvjgrnjg5rjg7zjgrnjgrDjg6zjgqTjgqLjg6vjg5/jg4vjgqbjg6DjgrHjg7zjgrkv44OW44Op44OD44Kv44K544Od44O844OE44OQ44Oz44OJXSDjgJDlkajovrrmqZ/lmajjgJHkuK3lj6TjgJDkuK3lj6TjgJEg44CQIOODkeOCveOCs+ODs++8hueZveODreODoOOBruOCpOOCquOCt+OCuSDjgJE=,44CQ5b2T56S+77yR44O25pyI6ZaT5L+d6Ki844CR44CC44CQ6YCB5paZ54Sh5paZ44CR5b2T56S+77yR44O25pyI6ZaT5L+d6Ki8W+S4reWPpEHjg6njg7Pjgq9d4pagQXBwbGUgQXBwbGUgV2F0Y2ggU2VyaWVzIDIgMzhtbSAoTVAwRTJKL0EpIFvjgrnjg5rjg7zjgrnjgrDjg6zjgqTjgqLjg6vjg5/jg4vjgqbjg6DjgrHjg7zjgrkv44OW44Op44OD44Kv44K544Od44O844OE44OQ44Oz44OJXSDjgJDlkajovrrmqZ/lmajjgJHkuK3lj6TjgJDkuK3lj6TjgJEg44CQIOODkeOCveOCs+ODs++8hueZveODreODoOOBruOCpOOCquOCt+OCuSDjgJE=[rn]
16-187137,aHR0cDovL3RzaG9wLnIxMHMuanAvcGMtZ29vZC9jYWJpbmV0L2lvc3lzX2cvbm9faXRlbS5qcGc/Zml0aW49NzAwOjcwMA==,MzAyNDAuMDAwMA==,,44K544Oe44O844OI44OV44Kp44Oz44O744K/44OW44Os44OD44OIID4g44K544Oe44O844OI44OV44Kp44Oz44Ki44Kv44K744K144Oq44O8ID4g44Gd44Gu5LuW,44CQ6YCB5paZ54Sh5paZ44CR5b2T56S+77yR44O25pyI6ZaT5L+d6Ki8W+S4reWPpELjg6njg7Pjgq9d4pagU0FNU1VORyBTQU1TVU5HIEdlYXIgUzMgY2xhc3NpYyBTTS1SNzcwIFNpbHZlciDjgJDlkajovrrmqZ/lmajjgJHkuK3lj6TjgJDkuK3lj6TjgJEg44CQIOODkeOCveOCs+ODs++8hueZveODreODoOOBruOCpOOCquOCt+OCuSDjgJE=,44CQ5b2T56S+77yR44O25pyI6ZaT5L+d6Ki844CR,PGxpbmsg44CA44CA44CA44CA44CA44CA44CA44CA44CA44CA44CA44CA44CAPSIiIHJlbD0ic3R5bGVzaGVldCIgaHJlZj0iaHR0cDovL3d3dy5yYWt1dGVuLm5lLmpwL2dvbGQvcGMtZ29vZC9hc3NldHMvc3R5bGVzaGVldHMvaXRlbXMvc3R5bGUuY3NzIj4gIDx0YWJsZSDjgIDjgIDjgIDjgIDjgIDjgIDjgIDjgIDjgIDjgIDjgIDjgIDjgIAgY2xhc3M9ImNfX3RhYmxlIGNfX3RhYmxlLWJvcmRlcmVkIj48dHI+PHRoPkNQVTwvdGg+PHRkPjEuMEdIeijjg4fjg6XjgqLjg6vjgrPjgqIpPC90ZD48L3RyPjx0cj48dGg+44K544OI44Os44O844K4PC90aD48dGQ+NEdCPC90ZD48L3RyPjx0cj48dGg+44Oh44Oi44OqPC90aD48dGQ+NzY4TUI8L3RkPjwvdHI+PHRyPjx0aD7jg4fjgqPjgrnjg5fjg6zjgqQ8L3RoPjx0ZD4xLjLjgqTjg7Pjg4EoMzYweDM2MCk8L3RkPjwvdHI+PHRyPjx0aD7jg5Djg4Pjg4bjg6rjg7w8L3RoPjx0ZD4zODBtQWg8L3RkPjwvdHI+PHRyPjx0aD5XaUZpPC90aD48dGQ+Yjxmb250IHNpemU9Ii0xIj4vPC9mb250Pmc8Zm9udCBzaXplPSItMSI+LzwvZm9udD5uPC90ZD48L3RyPjx0cj48dGg+6YeN6YePPC90aD48dGQ+NjNnPC90ZD48L3RyPjx0cj48dGg+44Gd44Gu5LuWPC90aD48dGQ+R1BTPGZvbnQgc2l6ZT0iLTEiPi88L2ZvbnQ+R2xvbmFzczxmb250IHNpemU9Ii0xIj4vPC9mb250PkJsdWV0b290aDQuMjxmb250IHNpemU9Ii0xIj4vPC9mb250PuODr+OCpOODpOODrOOCueWFhembu+WvvuW/nDxmb250IHNpemU9Ii0xIj4vPC9mb250Pk5GQzxmb250IHNpemU9Ii0xIj4vPC9mb250PuiAkOawtDxmb250IHNpemU9Ii0xIj4vPC9mb250PuiAkOWhtShJUDY4KTwvdGQ+PC90cj48dHI+PHRoPuWvvuW/nDwvdGg+PHRkPkFuZHJvaWRPUzQuNO+9nigxLjVHQlJBTeS7peS4iuaQrei8ieerr+acqyk8Zm9udCBzaXplPSItMSI+LzwvZm9udD5pT1M5LjDvvZ48L3RkPjwvdHI+PC90YWJsZSDjgIDjgIDjgIDjgIDjgIDjgIDjgIDjgIDjgIDjgIDjgIDjgIDjgIAgPiAgPHRhYmxlIOOAgOOAgOOAgOOAgOOAgOOAgOOAgOOAgOOAgOOAgOOAgOOAgOOAgCBjbGFzcz0iY19fdGFibGUgY19fdGFibGUtYm9yZGVyZWQiPiAgPHRyPjx0aD7ku5jlsZ7lk4E8L3RoPjx0ZD7nrrEv44Kv44Kk44OD44Kv44K544K/44O844OI44Ks44Kk44OJL+OCteOCpOOCuuS6pOaPm+eUqOODmeODq+ODiC/lsILnlKjjg6/jgqTjg6Tjg6zjgrnlhYXpm7vjg4njg4Pjgq88L3RkPjwvdHI+ICA8dHI+PHRoPuS/neiovOacn+mWkzwvdGg+PHRkPuW9k+ekvu+8keODtuaciOmWk+S/neiovDxicj7kv53oqLzjga7oqbPjgZfjgYTlhoXlrrnjga/jgZPjgaHjgonjgafjgZTnorroqo3jgY/jgaDjgZXjgYQ8L3RkPjwvdHI+ICA8dHI+PHRoPuOBneOBruS7lueJueiomOS6i+mghTwvdGg+PHRkPjwvdGQ+PC90cj4gIDx0cj48dGg+5ZWG5ZOB54q25oWL44Gu6Kqs5piOPC90aD48dGQ+5Lit5Y+k5ZWG5ZOB54m55pyJ44Gu57WM5bm05Yqj5YyW44GM6KaL44KJ44KM44KL54q25oWL44Gn44GZ44GM44CB6YCa5bi45L2/55So44Gr44Gv5ZWP6aGM5pyJ44KK44G+44Gb44KT44CCPEJSPue1jOW5tOWKo+WMluOBruips+OBl+OBhOiqrOaYjuOBr+OBk+OBoeOCieOBq+OBpuOBlOeiuuiqjeS4i+OBleOBhDxCUj7opIfmlbDlj7DlnKjluqvjgZfjgabjgYTjgovllYblk4Hjga7lhpnnnJ/jgavplqLjgZfjgabjga/jgIHjgarjgovjgbnjgY/mqJnmupbnmoTjgarlpJboo4XnirbmhYvjga7jgoLjga7jgpLpgbjjgpPjgafmkq7lvbHjgZfjgabjgYrjgorjgb7jgZnjgILlhpnnnJ/jga7llYblk4Hjga/jgYrmiYvlhYPjgavlsYrjgY/lgIvkvZPjgajjgYTjgYbjgo/jgZHjgafjga/lvqHluqfjgYTjgb7jgZvjgpPjga7jgafkuojjgoHjgZTkuobmib/kuIvjgZXjgYTjgII8L3RkPjwvdHI+ICA8L3RhYmxlIOOAgOOAgOOAgOOAgOOAgOOAgOOAgOOAgOOAgOOAgOOAgOOAgOOAgCA+ICA8aHI+PHRhYmxlIHdpZHRoPScxMDAlJyBjZWxsc3BhY2luZz0nNScgY2VsbHBhZGRpbmc9JzUnPjx0cj48dGggYmdjb2xvcj0nI0QwMDgwOCc+PGZvbnQgY29sb3I9JyNmZmZmZmYnPu+8geOBlOazqOaWh+WJjeOBq+OBlOeiuuiqjeOBj+OBoOOBleOBhDwvZm9udD48L3RoPjwvdHI+PHRyPjx0ZD7lrp/pmpvjga7llYblk4HjgajnlbDjgarjgovjgqTjg6Hjg7zjgrjnlLvlg4/jgpLliKnnlKjjgZfjgabjgYTjgovloLTlkIjjgYzlvqHluqfjgYTjgb7jgZnjgII8YnI+5b2T5bqX44CB5a6f5bqX6IiX44Go6Ieq56S+44K144Kk44OI44KS5ZCr44KA5YWx5pyJ5Zyo5bqr44Go44Gq44KK44CB44GU5rOo5paH44Gu44K/44Kk44Of44Oz44Kw44Gr44KI44Gj44Gm44Gv5ZWG5ZOB44KS44GU55So5oSP44Gn44GN44Gq44GE5aC05ZCI44GM44GU44GW44GE44G+44GZ44CC44GU55So5oSP5Ye65p2l44Gq44GL44Gj44Gf5aC05ZCI44Gr44Gk44GN44G+44GX44Gm44Gv44CB44GU5rOo5paH44Gu44Kt44Oj44Oz44K744Or44Go44GV44Gb44Gm6aCC44GN44G+44GZ44CC44Gd44Gu5LuW44CB5b2T5bqX44Gu44GU5rOo5paH44Gu5rWB44KM44KS44Oa44O844K45LiL6YOo44Gr44Gm44CB5LqI44KB44GU56K66KqN44GP44Gg44GV44GE44CCPC90ZD48L3RyPjwvdGFibGU+PGJyPg==,44CQ6YCB5paZ54Sh5paZ44CR5b2T56S+77yR44O25pyI6ZaT5L+d6Ki8W+S4reWPpELjg6njg7Pjgq9d4pagU0FNU1VORyBTQU1TVU5HIEdlYXIgUzMgY2xhc3NpYyBTTS1SNzcwIFNpbHZlciDjgJDlkajovrrmqZ/lmajjgJHkuK3lj6TjgJDkuK3lj6TjgJEg44CQIOODkeOCveOCs+ODs++8hueZveODreODoOOBruOCpOOCquOCt+OCuSDjgJHvvJrkuK3lj6Tjg5Hjgr3jgrPjg7Pjgajnmb3jg63jg6Djga7jgqTjgqrjgrfjgrk=,44K544Oe44O844OI44OV44Kp44Oz44K544Oe44ObU0lN44OV44Oq44O855m944Ot44OgaVBob25lQW5kcm9pZOOCv+ODluODrOODg+ODiGlQYWTmkLrluK/pm7voqbHkuK3lj6Tjg5Hjgr3jgrPjg7Pjg47jg7zjg4jjg5Hjgr3jgrPjg7NpcG9kZG9jb21vc29mdGJhbmthdeODh+OCueOCr+ODiOODg+ODl+ODkeOCveOCs+ODs09mZmljZeS4reWPpFBD44Ki44Km44OI44Os44OD44OI44CQ6YCB5paZ54Sh5paZ44CR5b2T56S+77yR44O25pyI6ZaT5L+d6Ki8W+S4reWPpELjg6njg7Pjgq9d4pagU0FNU1VORyBTQU1TVU5HIEdlYXIgUzMgY2xhc3NpYyBTTS1SNzcwIFNpbHZlciDjgJDlkajovrrmqZ/lmajjgJHkuK3lj6TjgJDkuK3lj6TjgJEg44CQIOODkeOCveOCs+ODs++8hueZveODreODoOOBruOCpOOCquOCt+OCuSDjgJE=,44CQ5b2T56S+77yR44O25pyI6ZaT5L+d6Ki844CR44CC44CQ6YCB5paZ54Sh5paZ44CR5b2T56S+77yR44O25pyI6ZaT5L+d6Ki8W+S4reWPpELjg6njg7Pjgq9d4pagU0FNU1VORyBTQU1TVU5HIEdlYXIgUzMgY2xhc3NpYyBTTS1SNzcwIFNpbHZlciDjgJDlkajovrrmqZ/lmajjgJHkuK3lj6TjgJDkuK3lj6TjgJEg44CQIOODkeOCveOCs+ODs++8hueZveODreODoOOBruOCpOOCquOCt+OCuSDjgJE=[rn]
16-187138,aHR0cDovL3RzaG9wLnIxMHMuanAvcGMtZ29vZC9jYWJpbmV0L2lvc3lzX2cvMTE2MDAwXzExNzk5OS8xMTc4NDZfMS5qcGc/Zml0aW49NzAwOjcwMA==,MzAyNDAuMDAwMA==,,44K544Oe44O844OI44OV44Kp44Oz44O744K/44OW44Os44OD44OIID4g44K544Oe44O844OI44OV44Kp44Oz44Ki44Kv44K744K144Oq44O8ID4g44Gd44Gu5LuW,44CQ6YCB5paZ54Sh5paZ44CR5b2T56S+77yR44O25pyI6ZaT5L+d6Ki8W+S4reWPpEHjg6njg7Pjgq9d4pagQXBwbGUgQXBwbGUgV2F0Y2ggU2VyaWVzIDIgMzhtbSAoTU5SUjJKL0EpIFvjgrfjg6vjg5Djg7zjgqLjg6vjg5/jg4vjgqbjg6Av44OR44O844Or44Km44O844OW44Oz44OK44Kk44Ot44OzXSDjgJDlkajovrrmqZ/lmajjgJHkuK3lj6TjgJDkuK3lj6TjgJEg44CQIOODkeOCveOCs+ODs++8hueZveODreODoOOBruOCpOOCquOCt+OCuSDjgJE=,44CQ5b2T56S+77yR44O25pyI6ZaT5L+d6Ki844CR,PGxpbmsg44CA44CA44CA44CA44CA44CA44CA44CA44CA44CA44CA44CA44CAPSIiIHJlbD0ic3R5bGVzaGVldCIgaHJlZj0iaHR0cDovL3d3dy5yYWt1dGVuLm5lLmpwL2dvbGQvcGMtZ29vZC9hc3NldHMvc3R5bGVzaGVldHMvaXRlbXMvc3R5bGUuY3NzIj4gIDx0YWJsZSDjgIDjgIDjgIDjgIDjgIDjgIDjgIDjgIDjgIDjgIDjgIDjgIDjgIAgY2xhc3M9ImNfX3RhYmxlIGNfX3RhYmxlLWJvcmRlcmVkIj48dHI+PHRoPk9TPC90aD48dGQ+V2F0Y2ggT1M8L3RkPjwvdHI+PHRyPjx0aD7mtrLmmbY8L3RoPjx0ZD4zOTB4MzEyIFJldGluYTwvdGQ+PC90cj48dHI+PHRoPkNQVTwvdGg+PHRkPuODh+ODpeOCouODq+OCs+OCojwvdGQ+PC90cj48dHI+PHRoPldpLUZpPC90aD48dGQ+ODAyLjExYjxmb250IHNpemU9Ii0xIj4vPC9mb250Pmc8Zm9udCBzaXplPSItMSI+LzwvZm9udD5uPC90ZD48L3RyPjx0cj48dGg+Qmx1ZXRvb3RoPC90aD48dGQ+NC4wPC90ZD48L3RyPjx0cj48dGg+44Gd44Gu5LuWPC90aD48dGQ+5Yqg6YCf5bqm44K744Oz44K144O8PGZvbnQgc2l6ZT0iLTEiPi88L2ZvbnQ+44K444Oj44Kk44Ot44K744Oz44K144O8PGZvbnQgc2l6ZT0iLTEiPi88L2ZvbnQ+5b+D5ouN44K744Oz44K144O8PGZvbnQgc2l6ZT0iLTEiPi88L2ZvbnQ+R1BTPGZvbnQgc2l6ZT0iLTEiPi88L2ZvbnQ+5YWJ44K744Oz44K144O8PGZvbnQgc2l6ZT0iLTEiPi88L2ZvbnQ+6Ziy5rC0PGZvbnQgc2l6ZT0iLTEiPi88L2ZvbnQ+QXBwbGUgUGF55a++5b+cPC90ZD48L3RyPjwvdGFibGUg44CA44CA44CA44CA44CA44CA44CA44CA44CA44CA44CA44CA44CAID4gIDx0YWJsZSDjgIDjgIDjgIDjgIDjgIDjgIDjgIDjgIDjgIDjgIDjgIDjgIDjgIAgY2xhc3M9ImNfX3RhYmxlIGNfX3RhYmxlLWJvcmRlcmVkIj4gIDx0cj48dGg+5LuY5bGe5ZOBPC90aD48dGQ+566x44CA44OW44Op44OD44Kv44K544Od44O844OE44OQ44Oz44OJIEFD44Ki44OA44OX44K/IOeEoeaOpeeCueWFhembu+WZqCDjg57jg4vjg6XjgqLjg6s8L3RkPjwvdHI+ICA8dHI+PHRoPuS/neiovOacn+mWkzwvdGg+PHRkPuW9k+ekvu+8keODtuaciOmWk+S/neiovDxicj7kv53oqLzjga7oqbPjgZfjgYTlhoXlrrnjga/jgZPjgaHjgonjgafjgZTnorroqo3jgY/jgaDjgZXjgYQ8L3RkPjwvdHI+ICA8dHI+PHRoPuOBneOBruS7lueJueiomOS6i+mghTwvdGg+PHRkPjwvdGQ+PC90cj4gIDx0cj48dGg+5ZWG5ZOB54q25oWL44Gu6Kqs5piOPC90aD48dGQ+5L2/55So5oSf44Gu5bCR44Gq44GE5Lit5Y+k5ZOB44G+44Gf44Gv44CB44Oq44OV44Os44OD44K344Ol44OJUEPjgoTjg6Hjg7zjgqvjg7zlho3nlJ/lk4HjgIHjgrHjg7zjgr/jgqTjgafjga/lpJboo4XkuqTmj5vlk4HnrYnjgYzlkKvjgb7jgozjgb7jgZnjgII8L3RkPjwvdHI+ICA8L3RhYmxlIOOAgOOAgOOAgOOAgOOAgOOAgOOAgOOAgOOAgOOAgOOAgOOAgOOAgCA+ICA8aHI+PHRhYmxlIHdpZHRoPScxMDAlJyBjZWxsc3BhY2luZz0nNScgY2VsbHBhZGRpbmc9JzUnPjx0cj48dGggYmdjb2xvcj0nI0QwMDgwOCc+PGZvbnQgY29sb3I9JyNmZmZmZmYnPu+8geOBlOazqOaWh+WJjeOBq+OBlOeiuuiqjeOBj+OBoOOBleOBhDwvZm9udD48L3RoPjwvdHI+PHRyPjx0ZD7lrp/pmpvjga7llYblk4HjgajnlbDjgarjgovjgqTjg6Hjg7zjgrjnlLvlg4/jgpLliKnnlKjjgZfjgabjgYTjgovloLTlkIjjgYzlvqHluqfjgYTjgb7jgZnjgII8YnI+5b2T5bqX44CB5a6f5bqX6IiX44Go6Ieq56S+44K144Kk44OI44KS5ZCr44KA5YWx5pyJ5Zyo5bqr44Go44Gq44KK44CB44GU5rOo5paH44Gu44K/44Kk44Of44Oz44Kw44Gr44KI44Gj44Gm44Gv5ZWG5ZOB44KS44GU55So5oSP44Gn44GN44Gq44GE5aC05ZCI44GM44GU44GW44GE44G+44GZ44CC44GU55So5oSP5Ye65p2l44Gq44GL44Gj44Gf5aC05ZCI44Gr44Gk44GN44G+44GX44Gm44Gv44CB44GU5rOo5paH44Gu44Kt44Oj44Oz44K744Or44Go44GV44Gb44Gm6aCC44GN44G+44GZ44CC44Gd44Gu5LuW44CB5b2T5bqX44Gu44GU5rOo5paH44Gu5rWB44KM44KS44Oa44O844K45LiL6YOo44Gr44Gm44CB5LqI44KB44GU56K66KqN44GP44Gg44GV44GE44CCPC90ZD48L3RyPjwvdGFibGU+PGJyPg==,44CQ6YCB5paZ54Sh5paZ44CR5b2T56S+77yR44O25pyI6ZaT5L+d6Ki8W+S4reWPpEHjg6njg7Pjgq9d4pagQXBwbGUgQXBwbGUgV2F0Y2ggU2VyaWVzIDIgMzhtbSAoTU5SUjJKL0EpIFvjgrfjg6vjg5Djg7zjgqLjg6vjg5/jg4vjgqbjg6Av44OR44O844Or44Km44O844OW44Oz44OK44Kk44Ot44OzXSDjgJDlkajovrrmqZ/lmajjgJHkuK3lj6TjgJDkuK3lj6TjgJEg44CQIOODkeOCveOCs+ODs++8hueZveODreODoOOBruOCpOOCquOCt+OCuSDjgJHvvJrkuK3lj6Tjg5Hjgr3jgrPjg7Pjgajnmb3jg63jg6Djga7jgqTjgqrjgrfjgrk=,44K544Oe44O844OI44OV44Kp44Oz44K544Oe44ObU0lN44OV44Oq44O855m944Ot44OgaVBob25lQW5kcm9pZOOCv+ODluODrOODg+ODiGlQYWTmkLrluK/pm7voqbHkuK3lj6Tjg5Hjgr3jgrPjg7Pjg47jg7zjg4jjg5Hjgr3jgrPjg7NpcG9kZG9jb21vc29mdGJhbmthdeODh+OCueOCr+ODiOODg+ODl+ODkeOCveOCs+ODs09mZmljZeS4reWPpFBD44Ki44Km44OI44Os44OD44OI44CQ6YCB5paZ54Sh5paZ44CR5b2T56S+77yR44O25pyI6ZaT5L+d6Ki8W+S4reWPpEHjg6njg7Pjgq9d4pagQXBwbGUgQXBwbGUgV2F0Y2ggU2VyaWVzIDIgMzhtbSAoTU5SUjJKL0EpIFvjgrfjg6vjg5Djg7zjgqLjg6vjg5/jg4vjgqbjg6Av44OR44O844Or44Km44O844OW44Oz44OK44Kk44Ot44OzXSDjgJDlkajovrrmqZ/lmajjgJHkuK3lj6TjgJDkuK3lj6TjgJEg44CQIOODkeOCveOCs+ODs++8hueZveODreODoOOBruOCpOOCquOCt+OCuSDjgJE=,44CQ5b2T56S+77yR44O25pyI6ZaT5L+d6Ki844CR44CC44CQ6YCB5paZ54Sh5paZ44CR5b2T56S+77yR44O25pyI6ZaT5L+d6Ki8W+S4reWPpEHjg6njg7Pjgq9d4pagQXBwbGUgQXBwbGUgV2F0Y2ggU2VyaWVzIDIgMzhtbSAoTU5SUjJKL0EpIFvjgrfjg6vjg5Djg7zjgqLjg6vjg5/jg4vjgqbjg6Av44OR44O844Or44Km44O844OW44Oz44OK44Kk44Ot44OzXSDjgJDlkajovrrmqZ/lmajjgJHkuK3lj6TjgJDkuK3lj6TjgJEg44CQIOODkeOCveOCs+ODs++8hueZveODreODoOOBruOCpOOCquOCt+OCuSDjgJE=[rn]
16-187139,aHR0cDovL3RzaG9wLnIxMHMuanAvcGMtZ29vZC9jYWJpbmV0L2lvc3lzX2cvMTE2MDAwXzExNzk5OS8xMTYwMTEuanBnP2ZpdGluPTcwMDo3MDA=,MzAyNDAuMDAwMA==,,44K544Oe44O844OI44OV44Kp44Oz44O744K/44OW44Os44OD44OIID4g44K544Oe44O844OI44OV44Kp44Oz44Ki44Kv44K744K144Oq44O8ID4g44Gd44Gu5LuW,44CQ6YCB5paZ54Sh5paZ44CR5b2T56S+77yR44O25pyI6ZaT5L+d6Ki8W+S4reWPpELjg6njg7Pjgq9d4pagU0FNU1VORyBHYWxheHkgR2VhciBTMyBmcm9udGllciBTcGFjZSBHcmF5IFNNLVI3NjBOREFBWEpQ44CQ5ZGo6L665qmf5Zmo44CR5Lit5Y+k44CQ5Lit5Y+k44CRIOOAkCDjg5Hjgr3jgrPjg7PvvIbnmb3jg63jg6Djga7jgqTjgqrjgrfjgrkg44CR,44CQ5b2T56S+77yR44O25pyI6ZaT5L+d6Ki844CR,PGxpbmsg44CA44CA44CA44CA44CA44CA44CA44CA44CA44CA44CA44CA44CAPSIiIHJlbD0ic3R5bGVzaGVldCIgaHJlZj0iaHR0cDovL3d3dy5yYWt1dGVuLm5lLmpwL2dvbGQvcGMtZ29vZC9hc3NldHMvc3R5bGVzaGVldHMvaXRlbXMvc3R5bGUuY3NzIj4gIDx0YWJsZSDjgIDjgIDjgIDjgIDjgIDjgIDjgIDjgIDjgIDjgIDjgIDjgIDjgIAgY2xhc3M9ImNfX3RhYmxlIGNfX3RhYmxlLWJvcmRlcmVkIj48dHI+PHRoPkNQVTwvdGg+PHRkPjEuMEdIeijjg4fjg6XjgqLjg6vjgrPjgqIpPC90ZD48L3RyPjx0cj48dGg+44K544OI44Os44O844K4PC90aD48dGQ+NEdCPC90ZD48L3RyPjx0cj48dGg+44Oh44Oi44OqPC90aD48dGQ+NzY4TUI8L3RkPjwvdHI+PHRyPjx0aD7jg4fjgqPjgrnjg5fjg6zjgqQ8L3RoPjx0ZD4xLjLjgqTjg7Pjg4EoMzYweDM2MCk8L3RkPjwvdHI+PHRyPjx0aD7jg5Djg4Pjg4bjg6rjg7w8L3RoPjx0ZD4zODBtQWg8L3RkPjwvdHI+PHRyPjx0aD5XaUZpPC90aD48dGQ+Yjxmb250IHNpemU9Ii0xIj4vPC9mb250Pmc8Zm9udCBzaXplPSItMSI+LzwvZm9udD5uPC90ZD48L3RyPjx0cj48dGg+6YeN6YePPC90aD48dGQ+NjNnPC90ZD48L3RyPjx0cj48dGg+44Gd44Gu5LuWPC90aD48dGQ+R1BTPGZvbnQgc2l6ZT0iLTEiPi88L2ZvbnQ+R2xvbmFzczxmb250IHNpemU9Ii0xIj4vPC9mb250PkJsdWV0b290aDQuMjxmb250IHNpemU9Ii0xIj4vPC9mb250PuODr+OCpOODpOODrOOCueWFhembu+WvvuW/nDxmb250IHNpemU9Ii0xIj4vPC9mb250Pk5GQzxmb250IHNpemU9Ii0xIj4vPC9mb250PuiAkOawtDxmb250IHNpemU9Ii0xIj4vPC9mb250PuiAkOWhtShJUDY4KTwvdGQ+PC90cj48dHI+PHRoPuWvvuW/nDwvdGg+PHRkPkFuZHJvaWRPUzQuNO+9nigxLjVHQlJBTeS7peS4iuaQrei8ieerr+acqyk8Zm9udCBzaXplPSItMSI+LzwvZm9udD5pT1M5LjDvvZ48L3RkPjwvdHI+PC90YWJsZSDjgIDjgIDjgIDjgIDjgIDjgIDjgIDjgIDjgIDjgIDjgIDjgIDjgIAgPiAgPHRhYmxlIOOAgOOAgOOAgOOAgOOAgOOAgOOAgOOAgOOAgOOAgOOAgOOAgOOAgCBjbGFzcz0iY19fdGFibGUgY19fdGFibGUtYm9yZGVyZWQiPiAgPHRyPjx0aD7ku5jlsZ7lk4E8L3RoPjx0ZD7nrrEv44Kv44Kk44OD44Kv44K544K/44O844OI44Ks44Kk44OJL+OCteOCpOOCuuS6pOaPm+eUqOODmeODq+ODiC/lsILnlKjjg6/jgqTjg6Tjg6zjgrnlhYXpm7vjg4njg4Pjgq88L3RkPjwvdHI+ICA8dHI+PHRoPuS/neiovOacn+mWkzwvdGg+PHRkPuW9k+ekvu+8keODtuaciOmWk+S/neiovDxicj7kv53oqLzjga7oqbPjgZfjgYTlhoXlrrnjga/jgZPjgaHjgonjgafjgZTnorroqo3jgY/jgaDjgZXjgYQ8L3RkPjwvdHI+ICA8dHI+PHRoPuOBneOBruS7lueJueiomOS6i+mghTwvdGg+PHRkPjwvdGQ+PC90cj4gIDx0cj48dGg+5ZWG5ZOB54q25oWL44Gu6Kqs5piOPC90aD48dGQ+5Lit5Y+k5ZWG5ZOB54m55pyJ44Gu57WM5bm05Yqj5YyW44GM6KaL44KJ44KM44KL54q25oWL44Gn44GZ44GM44CB6YCa5bi45L2/55So44Gr44Gv5ZWP6aGM5pyJ44KK44G+44Gb44KT44CCPEJSPue1jOW5tOWKo+WMluOBruips+OBl+OBhOiqrOaYjuOBr+OBk+OBoeOCieOBq+OBpuOBlOeiuuiqjeS4i+OBleOBhDxCUj7opIfmlbDlj7DlnKjluqvjgZfjgabjgYTjgovllYblk4Hjga7lhpnnnJ/jgavplqLjgZfjgabjga/jgIHjgarjgovjgbnjgY/mqJnmupbnmoTjgarlpJboo4XnirbmhYvjga7jgoLjga7jgpLpgbjjgpPjgafmkq7lvbHjgZfjgabjgYrjgorjgb7jgZnjgILlhpnnnJ/jga7llYblk4Hjga/jgYrmiYvlhYPjgavlsYrjgY/lgIvkvZPjgajjgYTjgYbjgo/jgZHjgafjga/lvqHluqfjgYTjgb7jgZvjgpPjga7jgafkuojjgoHjgZTkuobmib/kuIvjgZXjgYTjgII8L3RkPjwvdHI+ICA8L3RhYmxlIOOAgOOAgOOAgOOAgOOAgOOAgOOAgOOAgOOAgOOAgOOAgOOAgOOAgCA+ICA8aHI+PHRhYmxlIHdpZHRoPScxMDAlJyBjZWxsc3BhY2luZz0nNScgY2VsbHBhZGRpbmc9JzUnPjx0cj48dGggYmdjb2xvcj0nI0QwMDgwOCc+PGZvbnQgY29sb3I9JyNmZmZmZmYnPu+8geOBlOazqOaWh+WJjeOBq+OBlOeiuuiqjeOBj+OBoOOBleOBhDwvZm9udD48L3RoPjwvdHI+PHRyPjx0ZD7lrp/pmpvjga7llYblk4HjgajnlbDjgarjgovjgqTjg6Hjg7zjgrjnlLvlg4/jgpLliKnnlKjjgZfjgabjgYTjgovloLTlkIjjgYzlvqHluqfjgYTjgb7jgZnjgII8YnI+5b2T5bqX44CB5a6f5bqX6IiX44Go6Ieq56S+44K144Kk44OI44KS5ZCr44KA5YWx5pyJ5Zyo5bqr44Go44Gq44KK44CB44GU5rOo5paH44Gu44K/44Kk44Of44Oz44Kw44Gr44KI44Gj44Gm44Gv5ZWG5ZOB44KS44GU55So5oSP44Gn44GN44Gq44GE5aC05ZCI44GM44GU44GW44GE44G+44GZ44CC44GU55So5oSP5Ye65p2l44Gq44GL44Gj44Gf5aC05ZCI44Gr44Gk44GN44G+44GX44Gm44Gv44CB44GU5rOo5paH44Gu44Kt44Oj44Oz44K744Or44Go44GV44Gb44Gm6aCC44GN44G+44GZ44CC44Gd44Gu5LuW44CB5b2T5bqX44Gu44GU5rOo5paH44Gu5rWB44KM44KS44Oa44O844K45LiL6YOo44Gr44Gm44CB5LqI44KB44GU56K66KqN44GP44Gg44GV44GE44CCPC90ZD48L3RyPjwvdGFibGU+PGJyPg==,44CQ6YCB5paZ54Sh5paZ44CR5b2T56S+77yR44O25pyI6ZaT5L+d6Ki8W+S4reWPpELjg6njg7Pjgq9d4pagU0FNU1VORyBHYWxheHkgR2VhciBTMyBmcm9udGllciBTcGFjZSBHcmF5IFNNLVI3NjBOREFBWEpQ44CQ5ZGo6L665qmf5Zmo44CR5Lit5Y+k44CQ5Lit5Y+k44CRIOOAkCDjg5Hjgr3jgrPjg7PvvIbnmb3jg63jg6Djga7jgqTjgqrjgrfjgrkg44CR77ya5Lit5Y+k44OR44K944Kz44Oz44Go55m944Ot44Og44Gu44Kk44Kq44K344K5,44K544Oe44O844OI44OV44Kp44Oz44K544Oe44ObU0lN44OV44Oq44O855m944Ot44OgaVBob25lQW5kcm9pZOOCv+ODluODrOODg+ODiGlQYWTmkLrluK/pm7voqbHkuK3lj6Tjg5Hjgr3jgrPjg7Pjg47jg7zjg4jjg5Hjgr3jgrPjg7NpcG9kZG9jb21vc29mdGJhbmthdeODh+OCueOCr+ODiOODg+ODl+ODkeOCveOCs+ODs09mZmljZeS4reWPpFBD44Ki44Km44OI44Os44OD44OI44CQ6YCB5paZ54Sh5paZ44CR5b2T56S+77yR44O25pyI6ZaT5L+d6Ki8W+S4reWPpELjg6njg7Pjgq9d4pagU0FNU1VORyBHYWxheHkgR2VhciBTMyBmcm9udGllciBTcGFjZSBHcmF5IFNNLVI3NjBOREFBWEpQ44CQ5ZGo6L665qmf5Zmo44CR5Lit5Y+k44CQ5Lit5Y+k44CRIOOAkCDjg5Hjgr3jgrPjg7PvvIbnmb3jg63jg6Djga7jgqTjgqrjgrfjgrkg44CR,44CQ5b2T56S+77yR44O25pyI6ZaT5L+d6Ki844CR44CC44CQ6YCB5paZ54Sh5paZ44CR5b2T56S+77yR44O25pyI6ZaT5L+d6Ki8W+S4reWPpELjg6njg7Pjgq9d4pagU0FNU1VORyBHYWxheHkgR2VhciBTMyBmcm9udGllciBTcGFjZSBHcmF5IFNNLVI3NjBOREFBWEpQ44CQ5ZGo6L665qmf5Zmo44CR5Lit5Y+k44CQ5Lit5Y+k44CRIOOAkCDjg5Hjgr3jgrPjg7PvvIbnmb3jg63jg6Djga7jgqTjgqrjgrfjgrkg44CR[rn]
16-187140,aHR0cDovL3RzaG9wLnIxMHMuanAvcGMtZ29vZC9jYWJpbmV0L2lvc3lzX2cvMTEyMDAwXzExMzk5OS8xMTIwMDcuanBnP2ZpdGluPTcwMDo3MDA=,MjQ2NDAuMDAwMA==,,44K544Oe44O844OI44OV44Kp44Oz44O744K/44OW44Os44OD44OIID4g44K544Oe44O844OI44OV44Kp44Oz44Ki44Kv44K744K144Oq44O8ID4g44Gd44Gu5LuW,44CQ6YCB5paZ54Sh5paZ44CR5b2T56S+77yR44O25pyI6ZaT5L+d6Ki8W+S4reWPpELjg6njg7Pjgq9d4pagTU9UT1JPTEEgTW90b3JvbGEgTW90bzM2MCAoMm5kIEdlbikgZm9yIFdvbWVuIDQybW0g44Ot44O844K644K044O844Or44OJL+ODluODqeODg+OCt+ODpeODrOOCtuODvCDjgJDlkajovrrmqZ/lmajjgJHkuK3lj6TjgJDkuK3lj6TjgJEg44CQIOODkeOCveOCs+ODs++8hueZveODreODoOOBruOCpOOCquOCt+OCuSDjgJE=,44CQ5b2T56S+77yR44O25pyI6ZaT5L+d6Ki844CR,PGxpbmsg44CA44CA44CA44CA44CA44CA44CA44CA44CA44CA44CA44CA44CAPSIiIHJlbD0ic3R5bGVzaGVldCIgaHJlZj0iaHR0cDovL3d3dy5yYWt1dGVuLm5lLmpwL2dvbGQvcGMtZ29vZC9hc3NldHMvc3R5bGVzaGVldHMvaXRlbXMvc3R5bGUuY3NzIj4gIDx0YWJsZSDjgIDjgIDjgIDjgIDjgIDjgIDjgIDjgIDjgIDjgIDjgIDjgIDjgIAgY2xhc3M9ImNfX3RhYmxlIGNfX3RhYmxlLWJvcmRlcmVkIj48dHI+PHRoPk9TPC90aD48dGQ+QW5kcm9pZDQuM+S7peS4ijxmb250IHNpemU9Ii0xIj4vPC9mb250PmlPUzguMuS7peS4ijwvdGQ+PC90cj48dHI+PHRoPkNQVTwvdGg+PHRkPlNuYXBkcmFnb240MDAoMS4yR0h6KTwvdGQ+PC90cj48dHI+PHRoPlJBTTwvdGg+PHRkPjUxMk1CPC90ZD48L3RyPjx0cj48dGg+44K544OI44Os44O844K4PC90aD48dGQ+NEdCPC90ZD48L3RyPjx0cj48dGg+6YeN44GVPC90aD48dGQ+57SENTBnPC90ZD48L3RyPjx0cj48dGg+44OH44Kj44K544OX44Os44KkPC90aD48dGQ+MS4zN+OCpOODs+ODgSgzNjB4MzI1KTwvdGQ+PC90cj48dHI+PHRoPumAmuS/oTwvdGg+PHRkPldpLUZpODAyLjExYjxmb250IHNpemU9Ii0xIj4vPC9mb250PmcgPGZvbnQgc2l6ZT0iLTEiPi88L2ZvbnQ+Qmx1ZXRvb3RoNC4wPC90ZD48L3RyPjx0cj48dGg+6Zu75rGgPC90aD48dGQ+MzAwbUFoPC90ZD48L3RyPjx0cj48dGg+6ICQ5rC05oCnPC90aD48dGQ+SVA2N+mYsuWhtemYsuawtDxmb250IHNpemU9Ii0xIj4vPC9mb250PuODr+OCpOODpOODrOOCueWFhembuzxmb250IHNpemU9Ii0xIj4vPC9mb250PuatqeaVsOioiDxmb250IHNpemU9Ii0xIj4vPC9mb250PuW/g+aLjeaVsOODouODi+OCv+ODvDxmb250IHNpemU9Ii0xIj4vPC9mb250PuWKoOmAn+W6puOCu+ODs+OCteODvDxmb250IHNpemU9Ii0xIj4vPC9mb250PuOCuOODo+OCpOODreOCueOCs+ODvOODlzwvdGQ+PC90cj48L3RhYmxlIOOAgOOAgOOAgOOAgOOAgOOAgOOAgOOAgOOAgOOAgOOAgOOAgOOAgCA+ICA8dGFibGUg44CA44CA44CA44CA44CA44CA44CA44CA44CA44CA44CA44CA44CAIGNsYXNzPSJjX190YWJsZSBjX190YWJsZS1ib3JkZXJlZCI+ICA8dHI+PHRoPuS7mOWxnuWTgTwvdGg+PHRkPueusS/jgq/jgqTjg4Pjgq/jgrnjgr/jg7zjgr/jg7zjgqzjgqTjg4kvQUPjgqLjg4Djg5fjgr8v44Ov44Kk44Ok44Os44K55YWF6Zu744K544K/44Oz44OJPC90ZD48L3RyPiAgPHRyPjx0aD7kv53oqLzmnJ/plpM8L3RoPjx0ZD7lvZPnpL7vvJHjg7bmnIjplpPkv53oqLw8YnI+5L+d6Ki844Gu6Kmz44GX44GE5YaF5a6544Gv44GT44Gh44KJ44Gn44GU56K66KqN44GP44Gg44GV44GEPC90ZD48L3RyPiAgPHRyPjx0aD7jgZ3jga7ku5bnibnoqJjkuovpoIU8L3RoPjx0ZD48L3RkPjwvdHI+ICA8dHI+PHRoPuWVhuWTgeeKtuaFi+OBruiqrOaYjjwvdGg+PHRkPuS4reWPpOWVhuWTgeeJueacieOBrue1jOW5tOWKo+WMluOBjOimi+OCieOCjOOCi+eKtuaFi+OBp+OBmeOBjOOAgemAmuW4uOS9v+eUqOOBq+OBr+WVj+mhjOacieOCiuOBvuOBm+OCk+OAgjxCUj7ntYzlubTliqPljJbjga7oqbPjgZfjgYToqqzmmI7jga/jgZPjgaHjgonjgavjgabjgZTnorroqo3kuIvjgZXjgYQ8QlI+6KSH5pWw5Y+w5Zyo5bqr44GX44Gm44GE44KL5ZWG5ZOB44Gu5YaZ55yf44Gr6Zai44GX44Gm44Gv44CB44Gq44KL44G544GP5qiZ5rqW55qE44Gq5aSW6KOF54q25oWL44Gu44KC44Gu44KS6YG444KT44Gn5pKu5b2x44GX44Gm44GK44KK44G+44GZ44CC5YaZ55yf44Gu5ZWG5ZOB44Gv44GK5omL5YWD44Gr5bGK44GP5YCL5L2T44Go44GE44GG44KP44GR44Gn44Gv5b6h5bqn44GE44G+44Gb44KT44Gu44Gn5LqI44KB44GU5LqG5om/5LiL44GV44GE44CCPC90ZD48L3RyPiAgPC90YWJsZSDjgIDjgIDjgIDjgIDjgIDjgIDjgIDjgIDjgIDjgIDjgIDjgIDjgIAgPiAgPGhyPjx0YWJsZSB3aWR0aD0nMTAwJScgY2VsbHNwYWNpbmc9JzUnIGNlbGxwYWRkaW5nPSc1Jz48dHI+PHRoIGJnY29sb3I9JyNEMDA4MDgnPjxmb250IGNvbG9yPScjZmZmZmZmJz7vvIHjgZTms6jmlofliY3jgavjgZTnorroqo3jgY/jgaDjgZXjgYQ8L2ZvbnQ+PC90aD48L3RyPjx0cj48dGQ+5a6f6Zqb44Gu5ZWG5ZOB44Go55Ww44Gq44KL44Kk44Oh44O844K455S75YOP44KS5Yip55So44GX44Gm44GE44KL5aC05ZCI44GM5b6h5bqn44GE44G+44GZ44CCPGJyPuW9k+W6l+OAgeWun+W6l+iIl+OBqOiHquekvuOCteOCpOODiOOCkuWQq+OCgOWFseacieWcqOW6q+OBqOOBquOCiuOAgeOBlOazqOaWh+OBruOCv+OCpOODn+ODs+OCsOOBq+OCiOOBo+OBpuOBr+WVhuWTgeOCkuOBlOeUqOaEj+OBp+OBjeOBquOBhOWgtOWQiOOBjOOBlOOBluOBhOOBvuOBmeOAguOBlOeUqOaEj+WHuuadpeOBquOBi+OBo+OBn+WgtOWQiOOBq+OBpOOBjeOBvuOBl+OBpuOBr+OAgeOBlOazqOaWh+OBruOCreODo+ODs+OCu+ODq+OBqOOBleOBm+OBpumgguOBjeOBvuOBmeOAguOBneOBruS7luOAgeW9k+W6l+OBruOBlOazqOaWh+OBrua1geOCjOOCkuODmuODvOOCuOS4i+mDqOOBq+OBpuOAgeS6iOOCgeOBlOeiuuiqjeOBj+OBoOOBleOBhOOAgjwvdGQ+PC90cj48L3RhYmxlPjxicj4=,44CQ6YCB5paZ54Sh5paZ44CR5b2T56S+77yR44O25pyI6ZaT5L+d6Ki8W+S4reWPpELjg6njg7Pjgq9d4pagTU9UT1JPTEEgTW90b3JvbGEgTW90bzM2MCAoMm5kIEdlbikgZm9yIFdvbWVuIDQybW0g44Ot44O844K644K044O844Or44OJL+ODluODqeODg+OCt+ODpeODrOOCtuODvCDjgJDlkajovrrmqZ/lmajjgJHkuK3lj6TjgJDkuK3lj6TjgJEg44CQIOODkeOCveOCs+ODs++8hueZveODreODoOOBruOCpOOCquOCt+OCuSDjgJHvvJrkuK3lj6Tjg5Hjgr3jgrPjg7Pjgajnmb3jg63jg6Djga7jgqTjgqrjgrfjgrk=,44K544Oe44O844OI44OV44Kp44Oz44K544Oe44ObU0lN44OV44Oq44O855m944Ot44OgaVBob25lQW5kcm9pZOOCv+ODluODrOODg+ODiGlQYWTmkLrluK/pm7voqbHkuK3lj6Tjg5Hjgr3jgrPjg7Pjg47jg7zjg4jjg5Hjgr3jgrPjg7NpcG9kZG9jb21vc29mdGJhbmthdeODh+OCueOCr+ODiOODg+ODl+ODkeOCveOCs+ODs09mZmljZeS4reWPpFBD44Ki44Km44OI44Os44OD44OI44CQ6YCB5paZ54Sh5paZ44CR5b2T56S+77yR44O25pyI6ZaT5L+d6Ki8W+S4reWPpELjg6njg7Pjgq9d4pagTU9UT1JPTEEgTW90b3JvbGEgTW90bzM2MCAoMm5kIEdlbikgZm9yIFdvbWVuIDQybW0g44Ot44O844K644K044O844Or44OJL+ODluODqeODg+OCt+ODpeODrOOCtuODvCDjgJDlkajovrrmqZ/lmajjgJHkuK3lj6TjgJDkuK3lj6TjgJEg44CQIOODkeOCveOCs+ODs++8hueZveODreODoOOBruOCpOOCquOCt+OCuSDjgJE=,44CQ5b2T56S+77yR44O25pyI6ZaT5L+d6Ki844CR44CC44CQ6YCB5paZ54Sh5paZ44CR5b2T56S+77yR44O25pyI6ZaT5L+d6Ki8W+S4reWPpELjg6njg7Pjgq9d4pagTU9UT1JPTEEgTW90b3JvbGEgTW90bzM2MCAoMm5kIEdlbikgZm9yIFdvbWVuIDQybW0g44Ot44O844K644K044O844Or44OJL+ODluODqeODg+OCt+ODpeODrOOCtuODvCDjgJDlkajovrrmqZ/lmajjgJHkuK3lj6TjgJDkuK3lj6TjgJEg44CQIOODkeOCveOCs+ODs++8hueZveODreODoOOBruOCpOOCquOCt+OCuSDjgJE=[rn]
16-187141,aHR0cDovL3RzaG9wLnIxMHMuanAvcGMtZ29vZC9jYWJpbmV0L2lvc3lzX2cvbm9faXRlbS5qcGc/Zml0aW49NzAwOjcwMA==,Mjk0NDAuMDAwMA==,,44K544Oe44O844OI44OV44Kp44Oz44O744K/44OW44Os44OD44OIID4g44K544Oe44O844OI44OV44Kp44Oz44Ki44Kv44K744K144Oq44O8ID4g44Gd44Gu5LuW,44CQ6YCB5paZ54Sh5paZ44CR5b2T56S+77yR44O25pyI6ZaT5L+d6Ki8W+S4reWPpEHjg6njg7Pjgq9d4pagQXBwbGUgQXBwbGUgV2F0Y2ggNDJtbSAoTUozWTJKL0EpIOOAkOOCueODhuODs+ODrOOCueOCueODgeODvOODqy/jg5/jg6njg43jg7zjgrzjg6vjg7zjg5fjgJHjgJDlkajovrrmqZ/lmajjgJHkuK3lj6TjgJDkuK3lj6TjgJEg44CQIOODkeOCveOCs+ODs++8hueZveODreODoOOBruOCpOOCquOCt+OCuSDjgJE=,44CQ5b2T56S+77yR44O25pyI6ZaT5L+d6Ki844CR,PGxpbmsg44CA44CA44CA44CA44CA44CA44CA44CA44CA44CA44CA44CA44CAPSIiIHJlbD0ic3R5bGVzaGVldCIgaHJlZj0iaHR0cDovL3d3dy5yYWt1dGVuLm5lLmpwL2dvbGQvcGMtZ29vZC9hc3NldHMvc3R5bGVzaGVldHMvaXRlbXMvc3R5bGUuY3NzIj4gIDx0YWJsZSDjgIDjgIDjgIDjgIDjgIDjgIDjgIDjgIDjgIDjgIDjgIDjgIDjgIAgY2xhc3M9ImNfX3RhYmxlIGNfX3RhYmxlLWJvcmRlcmVkIj48dHI+PHRoPuODh+OCo+OCueODl+ODrOOCpDwvdGg+PHRkPlJldGluYeODh+OCo+OCueODl+ODrOOCpDwvdGQ+PC90cj48dHI+PHRoPumAmuS/oTwvdGg+PHRkPldpLUZpICg4MDIuMTFiPGZvbnQgc2l6ZT0iLTEiPi88L2ZvbnQ+Zzxmb250IHNpemU9Ii0xIj4vPC9mb250Pm4gMi40R0h6KTxmb250IHNpemU9Ii0xIj4vPC9mb250PkJsdWV0b290aCA0LjA8L3RkPjwvdHI+PHRyPjx0aD7jgZ3jga7ku5Y8L3RoPjx0ZD7lv4Pmi43jgrvjg7PjgrXjg7w8Zm9udCBzaXplPSItMSI+LzwvZm9udD7liqDpgJ/luqbjgrvjg7PjgrXjg7w8Zm9udCBzaXplPSItMSI+LzwvZm9udD7jgrjjg6PjgqTjg63jgrnjgrPjg7zjg5c8Zm9udCBzaXplPSItMSI+LzwvZm9udD7nkrDlooPlhYnjgrvjg7PjgrXjg7w8L3RkPjwvdHI+PHRyPjx0aD7pmLLmsLQ8L3RoPjx0ZD5JUFg3PC90ZD48L3RyPjx0cj48dGg+44K144Kk44K6PC90aD48dGQ+57imNDIq5qiqMzUuOSrljprjgZUxMC41bW08L3RkPjwvdHI+PHRyPjx0aD7pp4bli5XmmYLplpM8L3RoPjx0ZD7mnIDlpKcxOOaZgumWkzwvdGQ+PC90cj48dHI+PHRoPumHjemHjzwvdGg+PHRkPue0hDUwZzwvdGQ+PC90cj48L3RhYmxlIOOAgOOAgOOAgOOAgOOAgOOAgOOAgOOAgOOAgOOAgOOAgOOAgOOAgCA+ICA8dGFibGUg44CA44CA44CA44CA44CA44CA44CA44CA44CA44CA44CA44CA44CAIGNsYXNzPSJjX190YWJsZSBjX190YWJsZS1ib3JkZXJlZCI+ICA8dHI+PHRoPuS7mOWxnuWTgTwvdGg+PHRkPueusS/jg57jg4vjg6XjgqLjg6svQUPjgqLjg4Djg5fjgr8v44Oe44Kw44ON44OD44OI5byP5YWF6Zu744Kx44O844OW44OrPC90ZD48L3RyPiAgPHRyPjx0aD7kv53oqLzmnJ/plpM8L3RoPjx0ZD7lvZPnpL7vvJHjg7bmnIjplpPkv53oqLw8YnI+5L+d6Ki844Gu6Kmz44GX44GE5YaF5a6544Gv44GT44Gh44KJ44Gn44GU56K66KqN44GP44Gg44GV44GEPC90ZD48L3RyPiAgPHRyPjx0aD7jgZ3jga7ku5bnibnoqJjkuovpoIU8L3RoPjx0ZD48L3RkPjwvdHI+ICA8dHI+PHRoPuWVhuWTgeeKtuaFi+OBruiqrOaYjjwvdGg+PHRkPuS9v+eUqOaEn+OBruWwkeOBquOBhOS4reWPpOWTgeOBvuOBn+OBr+OAgeODquODleODrOODg+OCt+ODpeODiVBD44KE44Oh44O844Kr44O85YaN55Sf5ZOB44CB44Kx44O844K/44Kk44Gn44Gv5aSW6KOF5Lqk5o+b5ZOB562J44GM5ZCr44G+44KM44G+44GZ44CCPC90ZD48L3RyPiAgPC90YWJsZSDjgIDjgIDjgIDjgIDjgIDjgIDjgIDjgIDjgIDjgIDjgIDjgIDjgIAgPiAgPGhyPjx0YWJsZSB3aWR0aD0nMTAwJScgY2VsbHNwYWNpbmc9JzUnIGNlbGxwYWRkaW5nPSc1Jz48dHI+PHRoIGJnY29sb3I9JyNEMDA4MDgnPjxmb250IGNvbG9yPScjZmZmZmZmJz7vvIHjgZTms6jmlofliY3jgavjgZTnorroqo3jgY/jgaDjgZXjgYQ8L2ZvbnQ+PC90aD48L3RyPjx0cj48dGQ+5a6f6Zqb44Gu5ZWG5ZOB44Go55Ww44Gq44KL44Kk44Oh44O844K455S75YOP44KS5Yip55So44GX44Gm44GE44KL5aC05ZCI44GM5b6h5bqn44GE44G+44GZ44CCPGJyPuW9k+W6l+OAgeWun+W6l+iIl+OBqOiHquekvuOCteOCpOODiOOCkuWQq+OCgOWFseacieWcqOW6q+OBqOOBquOCiuOAgeOBlOazqOaWh+OBruOCv+OCpOODn+ODs+OCsOOBq+OCiOOBo+OBpuOBr+WVhuWTgeOCkuOBlOeUqOaEj+OBp+OBjeOBquOBhOWgtOWQiOOBjOOBlOOBluOBhOOBvuOBmeOAguOBlOeUqOaEj+WHuuadpeOBquOBi+OBo+OBn+WgtOWQiOOBq+OBpOOBjeOBvuOBl+OBpuOBr+OAgeOBlOazqOaWh+OBruOCreODo+ODs+OCu+ODq+OBqOOBleOBm+OBpumgguOBjeOBvuOBmeOAguOBneOBruS7luOAgeW9k+W6l+OBruOBlOazqOaWh+OBrua1geOCjOOCkuODmuODvOOCuOS4i+mDqOOBq+OBpuOAgeS6iOOCgeOBlOeiuuiqjeOBj+OBoOOBleOBhOOAgjwvdGQ+PC90cj48L3RhYmxlPjxicj4=,44CQ6YCB5paZ54Sh5paZ44CR5b2T56S+77yR44O25pyI6ZaT5L+d6Ki8W+S4reWPpEHjg6njg7Pjgq9d4pagQXBwbGUgQXBwbGUgV2F0Y2ggNDJtbSAoTUozWTJKL0EpIOOAkOOCueODhuODs+ODrOOCueOCueODgeODvOODqy/jg5/jg6njg43jg7zjgrzjg6vjg7zjg5fjgJHjgJDlkajovrrmqZ/lmajjgJHkuK3lj6TjgJDkuK3lj6TjgJEg44CQIOODkeOCveOCs+ODs++8hueZveODreODoOOBruOCpOOCquOCt+OCuSDjgJHvvJrkuK3lj6Tjg5Hjgr3jgrPjg7Pjgajnmb3jg63jg6Djga7jgqTjgqrjgrfjgrk=,44K544Oe44O844OI44OV44Kp44Oz44K544Oe44ObU0lN44OV44Oq44O855m944Ot44OgaVBob25lQW5kcm9pZOOCv+ODluODrOODg+ODiGlQYWTmkLrluK/pm7voqbHkuK3lj6Tjg5Hjgr3jgrPjg7Pjg47jg7zjg4jjg5Hjgr3jgrPjg7NpcG9kZG9jb21vc29mdGJhbmthdeODh+OCueOCr+ODiOODg+ODl+ODkeOCveOCs+ODs09mZmljZeS4reWPpFBD44Ki44Km44OI44Os44OD44OI44CQ6YCB5paZ54Sh5paZ44CR5b2T56S+77yR44O25pyI6ZaT5L+d6Ki8W+S4reWPpEHjg6njg7Pjgq9d4pagQXBwbGUgQXBwbGUgV2F0Y2ggNDJtbSAoTUozWTJKL0EpIOOAkOOCueODhuODs+ODrOOCueOCueODgeODvOODqy/jg5/jg6njg43jg7zjgrzjg6vjg7zjg5fjgJHjgJDlkajovrrmqZ/lmajjgJHkuK3lj6TjgJDkuK3lj6TjgJEg44CQIOODkeOCveOCs+ODs++8hueZveODreODoOOBruOCpOOCquOCt+OCuSDjgJE=,44CQ5b2T56S+77yR44O25pyI6ZaT5L+d6Ki844CR44CC44CQ6YCB5paZ54Sh5paZ44CR5b2T56S+77yR44O25pyI6ZaT5L+d6Ki8W+S4reWPpEHjg6njg7Pjgq9d4pagQXBwbGUgQXBwbGUgV2F0Y2ggNDJtbSAoTUozWTJKL0EpIOOAkOOCueODhuODs+ODrOOCueOCueODgeODvOODqy/jg5/jg6njg43jg7zjgrzjg6vjg7zjg5fjgJHjgJDlkajovrrmqZ/lmajjgJHkuK3lj6TjgJDkuK3lj6TjgJEg44CQIOODkeOCveOCs+ODs++8hueZveODreODoOOBruOCpOOCquOCt+OCuSDjgJE=[rn]
16-187142,aHR0cDovL3RzaG9wLnIxMHMuanAvcGMtZ29vZC9jYWJpbmV0L2lvc3lzX2cvbm9faXRlbS5qcGc/Zml0aW49NzAwOjcwMA==,Mjg2NDAuMDAwMA==,,44K544Oe44O844OI44OV44Kp44Oz44O744K/44OW44Os44OD44OIID4g44K544Oe44O844OI44OV44Kp44Oz44Ki44Kv44K744K144Oq44O8ID4g44Gd44Gu5LuW,44CQ6YCB5paZ54Sh5paZ44CR5b2T56S+77yR44O25pyI6ZaT5L+d6Ki8W+S4reWPpELjg6njg7Pjgq9d4pagQXBwbGUgQXBwbGUgV2F0Y2ggTmlrZSsgMzhtbSBNTllUMkovQSDjgJDjg5Xjg6njg4Pjg4jjgrfjg6vjg5Djg7wv44Oc44Or44OITmlrZeOCueODneODvOODhOODkOODs+ODieOAkeOAkOWRqOi+uuapn+WZqOOAkeS4reWPpOOAkOS4reWPpOOAkSDjgJAg44OR44K944Kz44Oz77yG55m944Ot44Og44Gu44Kk44Kq44K344K5IOOAkQ==,44CQ5b2T56S+77yR44O25pyI6ZaT5L+d6Ki844CR,PGxpbmsg44CA44CA44CA44CA44CA44CA44CA44CA44CA44CA44CA44CA44CAPSIiIHJlbD0ic3R5bGVzaGVldCIgaHJlZj0iaHR0cDovL3d3dy5yYWt1dGVuLm5lLmpwL2dvbGQvcGMtZ29vZC9hc3NldHMvc3R5bGVzaGVldHMvaXRlbXMvc3R5bGUuY3NzIj4gIDx0YWJsZSDjgIDjgIDjgIDjgIDjgIDjgIDjgIDjgIDjgIDjgIDjgIDjgIDjgIAgY2xhc3M9ImNfX3RhYmxlIGNfX3RhYmxlLWJvcmRlcmVkIj48dHI+PHRoPk9TPC90aD48dGQ+V2F0Y2ggT1M8L3RkPjwvdHI+PHRyPjx0aD7mtrLmmbY8L3RoPjx0ZD4zNDB4MjcyIFJldGluYTwvdGQ+PC90cj48dHI+PHRoPkNQVTwvdGg+PHRkPuODh+ODpeOCouODq+OCs+OCojwvdGQ+PC90cj48dHI+PHRoPldpLUZpPC90aD48dGQ+ODAyLjExYjxmb250IHNpemU9Ii0xIj4vPC9mb250Pmc8Zm9udCBzaXplPSItMSI+LzwvZm9udD5uPC90ZD48L3RyPjx0cj48dGg+Qmx1ZXRvb3RoPC90aD48dGQ+NC4wPC90ZD48L3RyPjx0cj48dGg+44Gd44Gu5LuWPC90aD48dGQ+5Yqg6YCf5bqm44K744Oz44K144O8PGZvbnQgc2l6ZT0iLTEiPi88L2ZvbnQ+44K444Oj44Kk44Ot44K744Oz44K144O8PGZvbnQgc2l6ZT0iLTEiPi88L2ZvbnQ+5b+D5ouN44K744Oz44K144O8PGZvbnQgc2l6ZT0iLTEiPi88L2ZvbnQ+R1BTPGZvbnQgc2l6ZT0iLTEiPi88L2ZvbnQ+5YWJ44K744Oz44K144O8PGZvbnQgc2l6ZT0iLTEiPi88L2ZvbnQ+6Ziy5rC0PGZvbnQgc2l6ZT0iLTEiPi88L2ZvbnQ+QXBwbGUgUGF55a++5b+cPC90ZD48L3RyPjwvdGFibGUg44CA44CA44CA44CA44CA44CA44CA44CA44CA44CA44CA44CA44CAID4gIDx0YWJsZSDjgIDjgIDjgIDjgIDjgIDjgIDjgIDjgIDjgIDjgIDjgIDjgIDjgIAgY2xhc3M9ImNfX3RhYmxlIGNfX3RhYmxlLWJvcmRlcmVkIj4gIDx0cj48dGg+5LuY5bGe5ZOBPC90aD48dGQ+566xL0FD44Ki44OA44OX44K/L+eEoeaOpeeCueWFhembu+WZqC/jg57jg4vjg6XjgqLjg6s8L3RkPjwvdHI+ICA8dHI+PHRoPuS/neiovOacn+mWkzwvdGg+PHRkPuW9k+ekvu+8keODtuaciOmWk+S/neiovDxicj7kv53oqLzjga7oqbPjgZfjgYTlhoXlrrnjga/jgZPjgaHjgonjgafjgZTnorroqo3jgY/jgaDjgZXjgYQ8L3RkPjwvdHI+ICA8dHI+PHRoPuOBneOBruS7lueJueiomOS6i+mghTwvdGg+PHRkPjwvdGQ+PC90cj4gIDx0cj48dGg+5ZWG5ZOB54q25oWL44Gu6Kqs5piOPC90aD48dGQ+5Lit5Y+k5ZWG5ZOB54m55pyJ44Gu57WM5bm05Yqj5YyW44GM6KaL44KJ44KM44KL54q25oWL44Gn44GZ44GM44CB6YCa5bi45L2/55So44Gr44Gv5ZWP6aGM5pyJ44KK44G+44Gb44KT44CCPEJSPue1jOW5tOWKo+WMluOBruips+OBl+OBhOiqrOaYjuOBr+OBk+OBoeOCieOBq+OBpuOBlOeiuuiqjeS4i+OBleOBhDxCUj7opIfmlbDlj7DlnKjluqvjgZfjgabjgYTjgovllYblk4Hjga7lhpnnnJ/jgavplqLjgZfjgabjga/jgIHjgarjgovjgbnjgY/mqJnmupbnmoTjgarlpJboo4XnirbmhYvjga7jgoLjga7jgpLpgbjjgpPjgafmkq7lvbHjgZfjgabjgYrjgorjgb7jgZnjgILlhpnnnJ/jga7llYblk4Hjga/jgYrmiYvlhYPjgavlsYrjgY/lgIvkvZPjgajjgYTjgYbjgo/jgZHjgafjga/lvqHluqfjgYTjgb7jgZvjgpPjga7jgafkuojjgoHjgZTkuobmib/kuIvjgZXjgYTjgII8L3RkPjwvdHI+ICA8L3RhYmxlIOOAgOOAgOOAgOOAgOOAgOOAgOOAgOOAgOOAgOOAgOOAgOOAgOOAgCA+ICA8aHI+PHRhYmxlIHdpZHRoPScxMDAlJyBjZWxsc3BhY2luZz0nNScgY2VsbHBhZGRpbmc9JzUnPjx0cj48dGggYmdjb2xvcj0nI0QwMDgwOCc+PGZvbnQgY29sb3I9JyNmZmZmZmYnPu+8geOBlOazqOaWh+WJjeOBq+OBlOeiuuiqjeOBj+OBoOOBleOBhDwvZm9udD48L3RoPjwvdHI+PHRyPjx0ZD7lrp/pmpvjga7llYblk4HjgajnlbDjgarjgovjgqTjg6Hjg7zjgrjnlLvlg4/jgpLliKnnlKjjgZfjgabjgYTjgovloLTlkIjjgYzlvqHluqfjgYTjgb7jgZnjgII8YnI+5b2T5bqX44CB5a6f5bqX6IiX44Go6Ieq56S+44K144Kk44OI44KS5ZCr44KA5YWx5pyJ5Zyo5bqr44Go44Gq44KK44CB44GU5rOo5paH44Gu44K/44Kk44Of44Oz44Kw44Gr44KI44Gj44Gm44Gv5ZWG5ZOB44KS44GU55So5oSP44Gn44GN44Gq44GE5aC05ZCI44GM44GU44GW44GE44G+44GZ44CC44GU55So5oSP5Ye65p2l44Gq44GL44Gj44Gf5aC05ZCI44Gr44Gk44GN44G+44GX44Gm44Gv44CB44GU5rOo5paH44Gu44Kt44Oj44Oz44K744Or44Go44GV44Gb44Gm6aCC44GN44G+44GZ44CC44Gd44Gu5LuW44CB5b2T5bqX44Gu44GU5rOo5paH44Gu5rWB44KM44KS44Oa44O844K45LiL6YOo44Gr44Gm44CB5LqI44KB44GU56K66KqN44GP44Gg44GV44GE44CCPC90ZD48L3RyPjwvdGFibGU+PGJyPg==,44CQ6YCB5paZ54Sh5paZ44CR5b2T56S+77yR44O25pyI6ZaT5L+d6Ki8W+S4reWPpELjg6njg7Pjgq9d4pagQXBwbGUgQXBwbGUgV2F0Y2ggTmlrZSsgMzhtbSBNTllUMkovQSDjgJDjg5Xjg6njg4Pjg4jjgrfjg6vjg5Djg7wv44Oc44Or44OITmlrZeOCueODneODvOODhOODkOODs+ODieOAkeOAkOWRqOi+uuapn+WZqOOAkeS4reWPpOOAkOS4reWPpOOAkSDjgJAg44OR44K944Kz44Oz77yG55m944Ot44Og44Gu44Kk44Kq44K344K5IOOAke+8muS4reWPpOODkeOCveOCs+ODs+OBqOeZveODreODoOOBruOCpOOCquOCt+OCuQ==,44K544Oe44O844OI44OV44Kp44Oz44K544Oe44ObU0lN44OV44Oq44O855m944Ot44OgaVBob25lQW5kcm9pZOOCv+ODluODrOODg+ODiGlQYWTmkLrluK/pm7voqbHkuK3lj6Tjg5Hjgr3jgrPjg7Pjg47jg7zjg4jjg5Hjgr3jgrPjg7NpcG9kZG9jb21vc29mdGJhbmthdeODh+OCueOCr+ODiOODg+ODl+ODkeOCveOCs+ODs09mZmljZeS4reWPpFBD44Ki44Km44OI44Os44OD44OI44CQ6YCB5paZ54Sh5paZ44CR5b2T56S+77yR44O25pyI6ZaT5L+d6Ki8W+S4reWPpELjg6njg7Pjgq9d4pagQXBwbGUgQXBwbGUgV2F0Y2ggTmlrZSsgMzhtbSBNTllUMkovQSDjgJDjg5Xjg6njg4Pjg4jjgrfjg6vjg5Djg7wv44Oc44Or44OITmlrZeOCueODneODvOODhOODkOODs+ODieOAkeOAkOWRqOi+uuapn+WZqOOAkeS4reWPpOOAkOS4reWPpOOAkSDjgJAg44OR44K944Kz44Oz77yG55m944Ot44Og44Gu44Kk44Kq44K344K5IOOAkQ==,44CQ5b2T56S+77yR44O25pyI6ZaT5L+d6Ki844CR44CC44CQ6YCB5paZ54Sh5paZ44CR5b2T56S+77yR44O25pyI6ZaT5L+d6Ki8W+S4reWPpELjg6njg7Pjgq9d4pagQXBwbGUgQXBwbGUgV2F0Y2ggTmlrZSsgMzhtbSBNTllUMkovQSDjgJDjg5Xjg6njg4Pjg4jjgrfjg6vjg5Djg7wv44Oc44Or44OITmlrZeOCueODneODvOODhOODkOODs+ODieOAkeOAkOWRqOi+uuapn+WZqOOAkeS4reWPpOOAkOS4reWPpOOAkSDjgJAg44OR44K944Kz44Oz77yG55m944Ot44Og44Gu44Kk44Kq44K344K5IOOAkQ==[rn]
16-187143,aHR0cDovL3RzaG9wLnIxMHMuanAvcGMtZ29vZC9jYWJpbmV0L2lvc3lzX2cvbm9faXRlbS5qcGc/Zml0aW49NzAwOjcwMA==,MTE4NDAuMDAwMA==,,44K544Oe44O844OI44OV44Kp44Oz44O744K/44OW44Os44OD44OIID4g44K544Oe44O844OI44OV44Kp44Oz44Ki44Kv44K744K144Oq44O8ID4g44Gd44Gu5LuW,44CQ6YCB5paZ54Sh5paZ44CR5b2T56S+77yR44O25pyI6ZaT5L+d6Ki8W+S4reWPpELjg6njg7Pjgq9d4pagQVNVUyBBU1VTIFplbldhdGNoMiBXSTUwMlEtT1IwNCA0NW1tIOOAkOODreODvOOCuuOCtOODvOODq+ODiS/jgqrjg6zjg7Pjgrjjg6zjgrbjg7zjgJHjgJDlkajovrrmqZ/lmajjgJHkuK3lj6TjgJDkuK3lj6TjgJEg44CQIOODkeOCveOCs+ODs++8hueZveODreODoOOBruOCpOOCquOCt+OCuSDjgJE=,44CQ5b2T56S+77yR44O25pyI6ZaT5L+d6Ki844CR,PGxpbmsg44CA44CA44CA44CA44CA44CA44CA44CA44CA44CA44CA44CA44CAPSIiIHJlbD0ic3R5bGVzaGVldCIgaHJlZj0iaHR0cDovL3d3dy5yYWt1dGVuLm5lLmpwL2dvbGQvcGMtZ29vZC9hc3NldHMvc3R5bGVzaGVldHMvaXRlbXMvc3R5bGUuY3NzIj4gIDx0YWJsZSDjgIDjgIDjgIDjgIDjgIDjgIDjgIDjgIDjgIDjgIDjgIDjgIDjgIAgY2xhc3M9ImNfX3RhYmxlIGNfX3RhYmxlLWJvcmRlcmVkIj48dHI+PHRoPk9TPC90aD48dGQ+QW5kcm9pZDwvdGQ+PC90cj48dHI+PHRoPldlYXI8Zm9udCBzaXplPSItMSI+LzwvZm9udD7nlLvpnaLjgrXjgqTjgro8L3RoPjx0ZD4xLjQ144Kk44Oz44OBPGZvbnQgc2l6ZT0iLTEiPi88L2ZvbnQ+44OH44Kj44K544OX44Os44KkOjIuNUTmm7LpnaLmnInmqZ9FTChBTU9MRUQpPGZvbnQgc2l6ZT0iLTEiPi88L2ZvbnQ+44OH44Kj44K544OX44Os44Kk6Kej5YOP5bqmOjI4MMOXMjgwPGZvbnQgc2l6ZT0iLTEiPi88L2ZvbnQ+Q1BVOlF1YWxjb21tIFNuYXBkcmFnb24gNDAwIDEuMkdIejwvdGQ+PC90cj48dHI+PHRoPjxmb250IHNpemU9Ii0xIj4vPC9mb250PuODoeODouODqjwvdGg+PHRkPjRHQlJBTTo1MTJNQjxmb250IHNpemU9Ii0xIj4vPC9mb250PuODkOODg+ODhuODquODvDozMDDvvY1BaDxmb250IHNpemU9Ii0xIj4vPC9mb250PldpLUZpOjgwMi4xMWI8Zm9udCBzaXplPSItMSI+LzwvZm9udD5nPGZvbnQgc2l6ZT0iLTEiPi88L2ZvbnQ+biA8Zm9udCBzaXplPSItMSI+LzwvZm9udD5CbHVldG9vdGggNC4xPC90ZD48L3RyPjx0cj48dGg+PGZvbnQgc2l6ZT0iLTEiPi88L2ZvbnQ+5pCt6LyJ44K744Oz44K144O8PC90aD48dGQ+5Yqg6YCf5bqm44K744Oz44K144O844K444Oj44Kk44Ot44K744Oz44K144O8PGZvbnQgc2l6ZT0iLTEiPi88L2ZvbnQ+552A5L+h6YCa55+l5qmf6IO9PGZvbnQgc2l6ZT0iLTEiPi88L2ZvbnQ+6YCa55+l5qmf6IO9PGZvbnQgc2l6ZT0iLTEiPi88L2ZvbnQ+44Oh44O844Or6YCa55+l5qmf6IO9PGZvbnQgc2l6ZT0iLTEiPi88L2ZvbnQ+5q2p5pWw6KiI5qmf6IO9PGZvbnQgc2l6ZT0iLTEiPi88L2ZvbnQ+6Ziy5rC06YeN6YePOjM5Zzxmb250IHNpemU9Ii0xIj4vPC9mb250PueZuuWjsuaXpToyMDE15bm0MTHmnIg8L3RkPjwvdHI+PC90YWJsZSDjgIDjgIDjgIDjgIDjgIDjgIDjgIDjgIDjgIDjgIDjgIDjgIDjgIAgPiAgPHRhYmxlIOOAgOOAgOOAgOOAgOOAgOOAgOOAgOOAgOOAgOOAgOOAgOOAgOOAgCBjbGFzcz0iY19fdGFibGUgY19fdGFibGUtYm9yZGVyZWQiPiAgPHRyPjx0aD7ku5jlsZ7lk4E8L3RoPjx0ZD7nrrEvQUPjgqLjg4Djg5fjgr8vVVNC44Kx44O844OW44OrL+OCr+OCpOODg+OCr+OCrOOCpOODiTwvdGQ+PC90cj4gIDx0cj48dGg+5L+d6Ki85pyf6ZaTPC90aD48dGQ+5b2T56S+77yR44O25pyI6ZaT5L+d6Ki8PGJyPuS/neiovOOBruips+OBl+OBhOWGheWuueOBr+OBk+OBoeOCieOBp+OBlOeiuuiqjeOBj+OBoOOBleOBhDwvdGQ+PC90cj4gIDx0cj48dGg+44Gd44Gu5LuW54m56KiY5LqL6aCFPC90aD48dGQ+PC90ZD48L3RyPiAgPHRyPjx0aD7llYblk4HnirbmhYvjga7oqqzmmI48L3RoPjx0ZD7kuK3lj6TllYblk4HnibnmnInjga7ntYzlubTliqPljJbjgYzopovjgonjgozjgovnirbmhYvjgafjgZnjgYzjgIHpgJrluLjkvb/nlKjjgavjga/llY/poYzmnInjgorjgb7jgZvjgpPjgII8QlI+57WM5bm05Yqj5YyW44Gu6Kmz44GX44GE6Kqs5piO44Gv44GT44Gh44KJ44Gr44Gm44GU56K66KqN5LiL44GV44GEPEJSPuikh+aVsOWPsOWcqOW6q+OBl+OBpuOBhOOCi+WVhuWTgeOBruWGmeecn+OBq+mWouOBl+OBpuOBr+OAgeOBquOCi+OBueOBj+aomea6lueahOOBquWkluijheeKtuaFi+OBruOCguOBruOCkumBuOOCk+OBp+aSruW9seOBl+OBpuOBiuOCiuOBvuOBmeOAguWGmeecn+OBruWVhuWTgeOBr+OBiuaJi+WFg+OBq+WxiuOBj+WAi+S9k+OBqOOBhOOBhuOCj+OBkeOBp+OBr+W+oeW6p+OBhOOBvuOBm+OCk+OBruOBp+S6iOOCgeOBlOS6huaJv+S4i+OBleOBhOOAgjwvdGQ+PC90cj4gIDwvdGFibGUg44CA44CA44CA44CA44CA44CA44CA44CA44CA44CA44CA44CA44CAID4gIDxocj48dGFibGUgd2lkdGg9JzEwMCUnIGNlbGxzcGFjaW5nPSc1JyBjZWxscGFkZGluZz0nNSc+PHRyPjx0aCBiZ2NvbG9yPScjRDAwODA4Jz48Zm9udCBjb2xvcj0nI2ZmZmZmZic+77yB44GU5rOo5paH5YmN44Gr44GU56K66KqN44GP44Gg44GV44GEPC9mb250PjwvdGg+PC90cj48dHI+PHRkPuWun+mam+OBruWVhuWTgeOBqOeVsOOBquOCi+OCpOODoeODvOOCuOeUu+WDj+OCkuWIqeeUqOOBl+OBpuOBhOOCi+WgtOWQiOOBjOW+oeW6p+OBhOOBvuOBmeOAgjxicj7lvZPlupfjgIHlrp/lupfoiJfjgajoh6rnpL7jgrXjgqTjg4jjgpLlkKvjgoDlhbHmnInlnKjluqvjgajjgarjgorjgIHjgZTms6jmlofjga7jgr/jgqTjg5/jg7PjgrDjgavjgojjgaPjgabjga/llYblk4HjgpLjgZTnlKjmhI/jgafjgY3jgarjgYTloLTlkIjjgYzjgZTjgZbjgYTjgb7jgZnjgILjgZTnlKjmhI/lh7rmnaXjgarjgYvjgaPjgZ/loLTlkIjjgavjgaTjgY3jgb7jgZfjgabjga/jgIHjgZTms6jmlofjga7jgq3jg6Pjg7Pjgrvjg6vjgajjgZXjgZvjgabpoILjgY3jgb7jgZnjgILjgZ3jga7ku5bjgIHlvZPlupfjga7jgZTms6jmlofjga7mtYHjgozjgpLjg5rjg7zjgrjkuIvpg6jjgavjgabjgIHkuojjgoHjgZTnorroqo3jgY/jgaDjgZXjgYTjgII8L3RkPjwvdHI+PC90YWJsZT48YnI+,44CQ6YCB5paZ54Sh5paZ44CR5b2T56S+77yR44O25pyI6ZaT5L+d6Ki8W+S4reWPpELjg6njg7Pjgq9d4pagQVNVUyBBU1VTIFplbldhdGNoMiBXSTUwMlEtT1IwNCA0NW1tIOOAkOODreODvOOCuuOCtOODvOODq+ODiS/jgqrjg6zjg7Pjgrjjg6zjgrbjg7zjgJHjgJDlkajovrrmqZ/lmajjgJHkuK3lj6TjgJDkuK3lj6TjgJEg44CQIOODkeOCveOCs+ODs++8hueZveODreODoOOBruOCpOOCquOCt+OCuSDjgJHvvJrkuK3lj6Tjg5Hjgr3jgrPjg7Pjgajnmb3jg63jg6Djga7jgqTjgqrjgrfjgrk=,44K544Oe44O844OI44OV44Kp44Oz44K544Oe44ObU0lN44OV44Oq44O855m944Ot44OgaVBob25lQW5kcm9pZOOCv+ODluODrOODg+ODiGlQYWTmkLrluK/pm7voqbHkuK3lj6Tjg5Hjgr3jgrPjg7Pjg47jg7zjg4jjg5Hjgr3jgrPjg7NpcG9kZG9jb21vc29mdGJhbmthdeODh+OCueOCr+ODiOODg+ODl+ODkeOCveOCs+ODs09mZmljZeS4reWPpFBD44Ki44Km44OI44Os44OD44OI44CQ6YCB5paZ54Sh5paZ44CR5b2T56S+77yR44O25pyI6ZaT5L+d6Ki8W+S4reWPpELjg6njg7Pjgq9d4pagQVNVUyBBU1VTIFplbldhdGNoMiBXSTUwMlEtT1IwNCA0NW1tIOOAkOODreODvOOCuuOCtOODvOODq+ODiS/jgqrjg6zjg7Pjgrjjg6zjgrbjg7zjgJHjgJDlkajovrrmqZ/lmajjgJHkuK3lj6TjgJDkuK3lj6TjgJEg44CQIOODkeOCveOCs+ODs++8hueZveODreODoOOBruOCpOOCquOCt+OCuSDjgJE=,44CQ5b2T56S+77yR44O25pyI6ZaT5L+d6Ki844CR44CC44CQ6YCB5paZ54Sh5paZ44CR5b2T56S+77yR44O25pyI6ZaT5L+d6Ki8W+S4reWPpELjg6njg7Pjgq9d4pagQVNVUyBBU1VTIFplbldhdGNoMiBXSTUwMlEtT1IwNCA0NW1tIOOAkOODreODvOOCuuOCtOODvOODq+ODiS/jgqrjg6zjg7Pjgrjjg6zjgrbjg7zjgJHjgJDlkajovrrmqZ/lmajjgJHkuK3lj6TjgJDkuK3lj6TjgJEg44CQIOODkeOCveOCs+ODs++8hueZveODreODoOOBruOCpOOCquOCt+OCuSDjgJE=[rn]
16-187144,aHR0cDovL3RzaG9wLnIxMHMuanAvcGMtZ29vZC9jYWJpbmV0L2lvc3lzX2cvbm9faXRlbS5qcGc/Zml0aW49NzAwOjcwMA==,Mjc4NDAuMDAwMA==,,44K544Oe44O844OI44OV44Kp44Oz44O744K/44OW44Os44OD44OIID4g44K544Oe44O844OI44OV44Kp44Oz44Ki44Kv44K744K144Oq44O8ID4g44Gd44Gu5LuW,44CQ6YCB5paZ54Sh5paZ44CR5b2T56S+77yR44O25pyI6ZaT5L+d6Ki8W+S4reWPpELjg6njg7Pjgq9d4pagQXBwbGUgQXBwbGUgV2F0Y2ggNDJtbSAoTUo0NzJKL0EpIOOAkOOCueODhuODs+ODrOOCueOCueODgeODvOODqy/jg6rjg7Pjgq/jg5bjg6zjgrnjg6zjg4Pjg4jjgJHjgJDlkajovrrmqZ/lmajjgJHkuK3lj6TjgJDkuK3lj6TjgJEg44CQIOODkeOCveOCs+ODs++8hueZveODreODoOOBruOCpOOCquOCt+OCuSDjgJE=,44CQ5b2T56S+77yR44O25pyI6ZaT5L+d6Ki844CR,PGxpbmsg44CA44CA44CA44CA44CA44CA44CA44CA44CA44CA44CA44CA44CAPSIiIHJlbD0ic3R5bGVzaGVldCIgaHJlZj0iaHR0cDovL3d3dy5yYWt1dGVuLm5lLmpwL2dvbGQvcGMtZ29vZC9hc3NldHMvc3R5bGVzaGVldHMvaXRlbXMvc3R5bGUuY3NzIj4gIDx0YWJsZSDjgIDjgIDjgIDjgIDjgIDjgIDjgIDjgIDjgIDjgIDjgIDjgIDjgIAgY2xhc3M9ImNfX3RhYmxlIGNfX3RhYmxlLWJvcmRlcmVkIj48dHI+PHRoPuODh+OCo+OCueODl+ODrOOCpDwvdGg+PHRkPlJldGluYeODh+OCo+OCueODl+ODrOOCpDwvdGQ+PC90cj48dHI+PHRoPumAmuS/oTwvdGg+PHRkPldpLUZpICg4MDIuMTFiPGZvbnQgc2l6ZT0iLTEiPi88L2ZvbnQ+Zzxmb250IHNpemU9Ii0xIj4vPC9mb250Pm4gMi40R0h6KTxmb250IHNpemU9Ii0xIj4vPC9mb250PkJsdWV0b290aCA0LjA8L3RkPjwvdHI+PHRyPjx0aD7jgZ3jga7ku5Y8L3RoPjx0ZD7lv4Pmi43jgrvjg7PjgrXjg7w8Zm9udCBzaXplPSItMSI+LzwvZm9udD7liqDpgJ/luqbjgrvjg7PjgrXjg7w8Zm9udCBzaXplPSItMSI+LzwvZm9udD7jgrjjg6PjgqTjg63jgrnjgrPjg7zjg5c8Zm9udCBzaXplPSItMSI+LzwvZm9udD7nkrDlooPlhYnjgrvjg7PjgrXjg7w8L3RkPjwvdHI+PHRyPjx0aD7pmLLmsLQ8L3RoPjx0ZD5JUFg3PC90ZD48L3RyPjx0cj48dGg+44K144Kk44K6PC90aD48dGQ+57imNDIq5qiqMzUuOSrljprjgZUxMC41bW08L3RkPjwvdHI+PHRyPjx0aD7pp4bli5XmmYLplpM8L3RoPjx0ZD7mnIDlpKcxOOaZgumWkzwvdGQ+PC90cj48dHI+PHRoPumHjemHjzwvdGg+PHRkPue0hDUwZzwvdGQ+PC90cj48L3RhYmxlIOOAgOOAgOOAgOOAgOOAgOOAgOOAgOOAgOOAgOOAgOOAgOOAgOOAgCA+ICA8dGFibGUg44CA44CA44CA44CA44CA44CA44CA44CA44CA44CA44CA44CA44CAIGNsYXNzPSJjX190YWJsZSBjX190YWJsZS1ib3JkZXJlZCI+ICA8dHI+PHRoPuS7mOWxnuWTgTwvdGg+PHRkPueusS/no4HmsJflhYXpm7vjgrHjg7zjg5bjg6svVVNC6Zu75rqQ44Ki44OA44OX44K/L+OCr+OCpOODg+OCr+OCueOCv+ODvOODiDwvdGQ+PC90cj4gIDx0cj48dGg+5L+d6Ki85pyf6ZaTPC90aD48dGQ+5b2T56S+77yR44O25pyI6ZaT5L+d6Ki8PGJyPuS/neiovOOBruips+OBl+OBhOWGheWuueOBr+OBk+OBoeOCieOBp+OBlOeiuuiqjeOBj+OBoOOBleOBhDwvdGQ+PC90cj4gIDx0cj48dGg+44Gd44Gu5LuW54m56KiY5LqL6aCFPC90aD48dGQ+PC90ZD48L3RyPiAgPHRyPjx0aD7llYblk4HnirbmhYvjga7oqqzmmI48L3RoPjx0ZD7kuK3lj6TllYblk4HnibnmnInjga7ntYzlubTliqPljJbjgYzopovjgonjgozjgovnirbmhYvjgafjgZnjgYzjgIHpgJrluLjkvb/nlKjjgavjga/llY/poYzmnInjgorjgb7jgZvjgpPjgII8QlI+57WM5bm05Yqj5YyW44Gu6Kmz44GX44GE6Kqs5piO44Gv44GT44Gh44KJ44Gr44Gm44GU56K66KqN5LiL44GV44GEPEJSPuikh+aVsOWPsOWcqOW6q+OBl+OBpuOBhOOCi+WVhuWTgeOBruWGmeecn+OBq+mWouOBl+OBpuOBr+OAgeOBquOCi+OBueOBj+aomea6lueahOOBquWkluijheeKtuaFi+OBruOCguOBruOCkumBuOOCk+OBp+aSruW9seOBl+OBpuOBiuOCiuOBvuOBmeOAguWGmeecn+OBruWVhuWTgeOBr+OBiuaJi+WFg+OBq+WxiuOBj+WAi+S9k+OBqOOBhOOBhuOCj+OBkeOBp+OBr+W+oeW6p+OBhOOBvuOBm+OCk+OBruOBp+S6iOOCgeOBlOS6huaJv+S4i+OBleOBhOOAgjwvdGQ+PC90cj4gIDwvdGFibGUg44CA44CA44CA44CA44CA44CA44CA44CA44CA44CA44CA44CA44CAID4gIDxocj48dGFibGUgd2lkdGg9JzEwMCUnIGNlbGxzcGFjaW5nPSc1JyBjZWxscGFkZGluZz0nNSc+PHRyPjx0aCBiZ2NvbG9yPScjRDAwODA4Jz48Zm9udCBjb2xvcj0nI2ZmZmZmZic+77yB44GU5rOo5paH5YmN44Gr44GU56K66KqN44GP44Gg44GV44GEPC9mb250PjwvdGg+PC90cj48dHI+PHRkPuWun+mam+OBruWVhuWTgeOBqOeVsOOBquOCi+OCpOODoeODvOOCuOeUu+WDj+OCkuWIqeeUqOOBl+OBpuOBhOOCi+WgtOWQiOOBjOW+oeW6p+OBhOOBvuOBmeOAgjxicj7lvZPlupfjgIHlrp/lupfoiJfjgajoh6rnpL7jgrXjgqTjg4jjgpLlkKvjgoDlhbHmnInlnKjluqvjgajjgarjgorjgIHjgZTms6jmlofjga7jgr/jgqTjg5/jg7PjgrDjgavjgojjgaPjgabjga/llYblk4HjgpLjgZTnlKjmhI/jgafjgY3jgarjgYTloLTlkIjjgYzjgZTjgZbjgYTjgb7jgZnjgILjgZTnlKjmhI/lh7rmnaXjgarjgYvjgaPjgZ/loLTlkIjjgavjgaTjgY3jgb7jgZfjgabjga/jgIHjgZTms6jmlofjga7jgq3jg6Pjg7Pjgrvjg6vjgajjgZXjgZvjgabpoILjgY3jgb7jgZnjgILjgZ3jga7ku5bjgIHlvZPlupfjga7jgZTms6jmlofjga7mtYHjgozjgpLjg5rjg7zjgrjkuIvpg6jjgavjgabjgIHkuojjgoHjgZTnorroqo3jgY/jgaDjgZXjgYTjgII8L3RkPjwvdHI+PC90YWJsZT48YnI+,44CQ6YCB5paZ54Sh5paZ44CR5b2T56S+77yR44O25pyI6ZaT5L+d6Ki8W+S4reWPpELjg6njg7Pjgq9d4pagQXBwbGUgQXBwbGUgV2F0Y2ggNDJtbSAoTUo0NzJKL0EpIOOAkOOCueODhuODs+ODrOOCueOCueODgeODvOODqy/jg6rjg7Pjgq/jg5bjg6zjgrnjg6zjg4Pjg4jjgJHjgJDlkajovrrmqZ/lmajjgJHkuK3lj6TjgJDkuK3lj6TjgJEg44CQIOODkeOCveOCs+ODs++8hueZveODreODoOOBruOCpOOCquOCt+OCuSDjgJHvvJrkuK3lj6Tjg5Hjgr3jgrPjg7Pjgajnmb3jg63jg6Djga7jgqTjgqrjgrfjgrk=,44K544Oe44O844OI44OV44Kp44Oz44K544Oe44ObU0lN44OV44Oq44O855m944Ot44OgaVBob25lQW5kcm9pZOOCv+ODluODrOODg+ODiGlQYWTmkLrluK/pm7voqbHkuK3lj6Tjg5Hjgr3jgrPjg7Pjg47jg7zjg4jjg5Hjgr3jgrPjg7NpcG9kZG9jb21vc29mdGJhbmthdeODh+OCueOCr+ODiOODg+ODl+ODkeOCveOCs+ODs09mZmljZeS4reWPpFBD44Ki44Km44OI44Os44OD44OI44CQ6YCB5paZ54Sh5paZ44CR5b2T56S+77yR44O25pyI6ZaT5L+d6Ki8W+S4reWPpELjg6njg7Pjgq9d4pagQXBwbGUgQXBwbGUgV2F0Y2ggNDJtbSAoTUo0NzJKL0EpIOOAkOOCueODhuODs+ODrOOCueOCueODgeODvOODqy/jg6rjg7Pjgq/jg5bjg6zjgrnjg6zjg4Pjg4jjgJHjgJDlkajovrrmqZ/lmajjgJHkuK3lj6TjgJDkuK3lj6TjgJEg44CQIOODkeOCveOCs+ODs++8hueZveODreODoOOBruOCpOOCquOCt+OCuSDjgJE=,44CQ5b2T56S+77yR44O25pyI6ZaT5L+d6Ki844CR44CC44CQ6YCB5paZ54Sh5paZ44CR5b2T56S+77yR44O25pyI6ZaT5L+d6Ki8W+S4reWPpELjg6njg7Pjgq9d4pagQXBwbGUgQXBwbGUgV2F0Y2ggNDJtbSAoTUo0NzJKL0EpIOOAkOOCueODhuODs+ODrOOCueOCueODgeODvOODqy/jg6rjg7Pjgq/jg5bjg6zjgrnjg6zjg4Pjg4jjgJHjgJDlkajovrrmqZ/lmajjgJHkuK3lj6TjgJDkuK3lj6TjgJEg44CQIOODkeOCveOCs+ODs++8hueZveODreODoOOBruOCpOOCquOCt+OCuSDjgJE=[rn]
16-187145,aHR0cDovL3RzaG9wLnIxMHMuanAvcGMtZ29vZC9jYWJpbmV0L2lvc3lzX2cvbm9faXRlbS5qcGc/Zml0aW49NzAwOjcwMA==,Mjc4NDAuMDAwMA==,,44K544Oe44O844OI44OV44Kp44Oz44O744K/44OW44Os44OD44OIID4g44K544Oe44O844OI44OV44Kp44Oz44Ki44Kv44K744K144Oq44O8ID4g44Gd44Gu5LuW,44CQ6YCB5paZ54Sh5paZ44CR5b2T56S+77yR44O25pyI6ZaT5L+d6Ki8W+S4reWPpELjg6njg7Pjgq9d4pagQXBwbGUgQXBwbGUgV2F0Y2ggMzhtbSAoTUozRTJKL0EpIOOAkOOCueODhuODs+ODrOOCueOCueODgeODvOODqy/jg6rjg7Pjgq/jg5bjg6zjgrnjg6zjg4Pjg4jjgJHjgJDlkajovrrmqZ/lmajjgJHkuK3lj6TjgJDkuK3lj6TjgJEg44CQIOODkeOCveOCs+ODs++8hueZveODreODoOOBruOCpOOCquOCt+OCuSDjgJE=,44CQ5b2T56S+77yR44O25pyI6ZaT5L+d6Ki844CR,PGxpbmsg44CA44CA44CA44CA44CA44CA44CA44CA44CA44CA44CA44CA44CAPSIiIHJlbD0ic3R5bGVzaGVldCIgaHJlZj0iaHR0cDovL3d3dy5yYWt1dGVuLm5lLmpwL2dvbGQvcGMtZ29vZC9hc3NldHMvc3R5bGVzaGVldHMvaXRlbXMvc3R5bGUuY3NzIj4gIDx0YWJsZSDjgIDjgIDjgIDjgIDjgIDjgIDjgIDjgIDjgIDjgIDjgIDjgIDjgIAgY2xhc3M9ImNfX3RhYmxlIGNfX3RhYmxlLWJvcmRlcmVkIj48dHI+PHRoPuOCteOCpOOCujwvdGg+PHRkPjQzOC42IHggMzMuMyB4IDEwLjUgbW08L3RkPjwvdHI+PHRyPjx0aD7jgrHjg7zjgrnph43jgZU8L3RoPjx0ZD7ntIQyNWc8L3RkPjwvdHI+PHRyPjx0aD7jg4fjgqPjgrnjg5fjg6zjgqQ8L3RoPjx0ZD7mhJ/lnKfjgr/jg4Pjg4Hjgavlr77lv5zjgZfjgZ9SZXRpbmHjg4fjgqPjgrnjg5fjg6zjgqQ8L3RkPjwvdHI+PHRyPjx0aD5XaXJlbGVzczwvdGg+PHRkPldpLUZpICg4MDIuMTFiPGZvbnQgc2l6ZT0iLTEiPi88L2ZvbnQ+Zzxmb250IHNpemU9Ii0xIj4vPC9mb250Pm4gMi40R0h6KTxmb250IHNpemU9Ii0xIj4vPC9mb250PkJsdWV0b290aCA0LjAg5b+D5ouN44K744Oz44K144O844CB5Yqg6YCf5bqm44K744Oz44K144O844CB44K444Oj44Kk44Ot44K544Kz44O844OXPC90ZD48L3RyPjx0cj48dGg+6Ziy5rC0PC90aD48dGQ+SVBYNzwvdGQ+PC90cj48L3RhYmxlIOOAgOOAgOOAgOOAgOOAgOOAgOOAgOOAgOOAgOOAgOOAgOOAgOOAgCA+ICA8dGFibGUg44CA44CA44CA44CA44CA44CA44CA44CA44CA44CA44CA44CA44CAIGNsYXNzPSJjX190YWJsZSBjX190YWJsZS1ib3JkZXJlZCI+ICA8dHI+PHRoPuS7mOWxnuWTgTwvdGg+PHRkPlVTQumbu+a6kOOCouODgOODl+OCvy/lhYXpm7vnlKjjg4njg4Pjgq/jgrHjg7zjg5bjg6sv44Oq44Oz44Kv44OW44Os44K544Os44OD44OIL+OCr+OCpOODg+OCr+OCueOCv+ODvOODiOOCrOOCpOODiTwvdGQ+PC90cj4gIDx0cj48dGg+5L+d6Ki85pyf6ZaTPC90aD48dGQ+5b2T56S+77yR44O25pyI6ZaT5L+d6Ki8PGJyPuS/neiovOOBruips+OBl+OBhOWGheWuueOBr+OBk+OBoeOCieOBp+OBlOeiuuiqjeOBj+OBoOOBleOBhDwvdGQ+PC90cj4gIDx0cj48dGg+44Gd44Gu5LuW54m56KiY5LqL6aCFPC90aD48dGQ+PC90ZD48L3RyPiAgPHRyPjx0aD7llYblk4HnirbmhYvjga7oqqzmmI48L3RoPjx0ZD7kuK3lj6TllYblk4HnibnmnInjga7ntYzlubTliqPljJbjgYzopovjgonjgozjgovnirbmhYvjgafjgZnjgYzjgIHpgJrluLjkvb/nlKjjgavjga/llY/poYzmnInjgorjgb7jgZvjgpPjgII8QlI+57WM5bm05Yqj5YyW44Gu6Kmz44GX44GE6Kqs5piO44Gv44GT44Gh44KJ44Gr44Gm44GU56K66KqN5LiL44GV44GEPEJSPuikh+aVsOWPsOWcqOW6q+OBl+OBpuOBhOOCi+WVhuWTgeOBruWGmeecn+OBq+mWouOBl+OBpuOBr+OAgeOBquOCi+OBueOBj+aomea6lueahOOBquWkluijheeKtuaFi+OBruOCguOBruOCkumBuOOCk+OBp+aSruW9seOBl+OBpuOBiuOCiuOBvuOBmeOAguWGmeecn+OBruWVhuWTgeOBr+OBiuaJi+WFg+OBq+WxiuOBj+WAi+S9k+OBqOOBhOOBhuOCj+OBkeOBp+OBr+W+oeW6p+OBhOOBvuOBm+OCk+OBruOBp+S6iOOCgeOBlOS6huaJv+S4i+OBleOBhOOAgjwvdGQ+PC90cj4gIDwvdGFibGUg44CA44CA44CA44CA44CA44CA44CA44CA44CA44CA44CA44CA44CAID4gIDxocj48dGFibGUgd2lkdGg9JzEwMCUnIGNlbGxzcGFjaW5nPSc1JyBjZWxscGFkZGluZz0nNSc+PHRyPjx0aCBiZ2NvbG9yPScjRDAwODA4Jz48Zm9udCBjb2xvcj0nI2ZmZmZmZic+77yB44GU5rOo5paH5YmN44Gr44GU56K66KqN44GP44Gg44GV44GEPC9mb250PjwvdGg+PC90cj48dHI+PHRkPuWun+mam+OBruWVhuWTgeOBqOeVsOOBquOCi+OCpOODoeODvOOCuOeUu+WDj+OCkuWIqeeUqOOBl+OBpuOBhOOCi+WgtOWQiOOBjOW+oeW6p+OBhOOBvuOBmeOAgjxicj7lvZPlupfjgIHlrp/lupfoiJfjgajoh6rnpL7jgrXjgqTjg4jjgpLlkKvjgoDlhbHmnInlnKjluqvjgajjgarjgorjgIHjgZTms6jmlofjga7jgr/jgqTjg5/jg7PjgrDjgavjgojjgaPjgabjga/llYblk4HjgpLjgZTnlKjmhI/jgafjgY3jgarjgYTloLTlkIjjgYzjgZTjgZbjgYTjgb7jgZnjgILjgZTnlKjmhI/lh7rmnaXjgarjgYvjgaPjgZ/loLTlkIjjgavjgaTjgY3jgb7jgZfjgabjga/jgIHjgZTms6jmlofjga7jgq3jg6Pjg7Pjgrvjg6vjgajjgZXjgZvjgabpoILjgY3jgb7jgZnjgILjgZ3jga7ku5bjgIHlvZPlupfjga7jgZTms6jmlofjga7mtYHjgozjgpLjg5rjg7zjgrjkuIvpg6jjgavjgabjgIHkuojjgoHjgZTnorroqo3jgY/jgaDjgZXjgYTjgII8L3RkPjwvdHI+PC90YWJsZT48YnI+,44CQ6YCB5paZ54Sh5paZ44CR5b2T56S+77yR44O25pyI6ZaT5L+d6Ki8W+S4reWPpELjg6njg7Pjgq9d4pagQXBwbGUgQXBwbGUgV2F0Y2ggMzhtbSAoTUozRTJKL0EpIOOAkOOCueODhuODs+ODrOOCueOCueODgeODvOODqy/jg6rjg7Pjgq/jg5bjg6zjgrnjg6zjg4Pjg4jjgJHjgJDlkajovrrmqZ/lmajjgJHkuK3lj6TjgJDkuK3lj6TjgJEg44CQIOODkeOCveOCs+ODs++8hueZveODreODoOOBruOCpOOCquOCt+OCuSDjgJHvvJrkuK3lj6Tjg5Hjgr3jgrPjg7Pjgajnmb3jg63jg6Djga7jgqTjgqrjgrfjgrk=,44K544Oe44O844OI44OV44Kp44Oz44K544Oe44ObU0lN44OV44Oq44O855m944Ot44OgaVBob25lQW5kcm9pZOOCv+ODluODrOODg+ODiGlQYWTmkLrluK/pm7voqbHkuK3lj6Tjg5Hjgr3jgrPjg7Pjg47jg7zjg4jjg5Hjgr3jgrPjg7NpcG9kZG9jb21vc29mdGJhbmthdeODh+OCueOCr+ODiOODg+ODl+ODkeOCveOCs+ODs09mZmljZeS4reWPpFBD44Ki44Km44OI44Os44OD44OI44CQ6YCB5paZ54Sh5paZ44CR5b2T56S+77yR44O25pyI6ZaT5L+d6Ki8W+S4reWPpELjg6njg7Pjgq9d4pagQXBwbGUgQXBwbGUgV2F0Y2ggMzhtbSAoTUozRTJKL0EpIOOAkOOCueODhuODs+ODrOOCueOCueODgeODvOODqy/jg6rjg7Pjgq/jg5bjg6zjgrnjg6zjg4Pjg4jjgJHjgJDlkajovrrmqZ/lmajjgJHkuK3lj6TjgJDkuK3lj6TjgJEg44CQIOODkeOCveOCs+ODs++8hueZveODreODoOOBruOCpOOCquOCt+OCuSDjgJE=,44CQ5b2T56S+77yR44O25pyI6ZaT5L+d6Ki844CR44CC44CQ6YCB5paZ54Sh5paZ44CR5b2T56S+77yR44O25pyI6ZaT5L+d6Ki8W+S4reWPpELjg6njg7Pjgq9d4pagQXBwbGUgQXBwbGUgV2F0Y2ggMzhtbSAoTUozRTJKL0EpIOOAkOOCueODhuODs+ODrOOCueOCueODgeODvOODqy/jg6rjg7Pjgq/jg5bjg6zjgrnjg6zjg4Pjg4jjgJHjgJDlkajovrrmqZ/lmajjgJHkuK3lj6TjgJDkuK3lj6TjgJEg44CQIOODkeOCveOCs+ODs++8hueZveODreODoOOBruOCpOOCquOCt+OCuSDjgJE=[rn]
16-187146,aHR0cDovL3RzaG9wLnIxMHMuanAvcGMtZ29vZC9jYWJpbmV0L2lvc3lzX2cvMTEwMDAwXzExMTk5OS8xMTE0MDguanBnP2ZpdGluPTcwMDo3MDA=,MjM4NDAuMDAwMA==,,44K544Oe44O844OI44OV44Kp44Oz44O744K/44OW44Os44OD44OIID4g44K544Oe44O844OI44OV44Kp44Oz44Ki44Kv44K744K144Oq44O8ID4g44Gd44Gu5LuW,44CQ6YCB5paZ54Sh5paZ44CR5b2T56S+77yR44O25pyI6ZaT5L+d6Ki8W+S4reWPpELjg6njg7Pjgq9d4pagQXBwbGUgQXBwbGUgV2F0Y2ggNDJtbSAoTUo0MDJKL0EpIFvjg6njgqTjg4jjg5bjg6njgqbjg7Pjg6zjgrbjg7zjg6vjg7zjg5ddIOOAkOWRqOi+uuapn+WZqOOAkeS4reWPpOOAkOS4reWPpOOAkSDjgJAg44OR44K944Kz44Oz77yG55m944Ot44Og44Gu44Kk44Kq44K344K5IOOAkQ==,44CQ5b2T56S+77yR44O25pyI6ZaT5L+d6Ki844CR,PGxpbmsg44CA44CA44CA44CA44CA44CA44CA44CA44CA44CA44CA44CA44CAPSIiIHJlbD0ic3R5bGVzaGVldCIgaHJlZj0iaHR0cDovL3d3dy5yYWt1dGVuLm5lLmpwL2dvbGQvcGMtZ29vZC9hc3NldHMvc3R5bGVzaGVldHMvaXRlbXMvc3R5bGUuY3NzIj4gIDx0YWJsZSDjgIDjgIDjgIDjgIDjgIDjgIDjgIDjgIDjgIDjgIDjgIDjgIDjgIAgY2xhc3M9ImNfX3RhYmxlIGNfX3RhYmxlLWJvcmRlcmVkIj48dHI+PHRoPuODh+OCo+OCueODl+ODrOOCpDwvdGg+PHRkPlJldGluYeODh+OCo+OCueODl+ODrOOCpDwvdGQ+PC90cj48dHI+PHRoPumAmuS/oTwvdGg+PHRkPldpLUZpICg4MDIuMTFiPGZvbnQgc2l6ZT0iLTEiPi88L2ZvbnQ+Zzxmb250IHNpemU9Ii0xIj4vPC9mb250Pm4gMi40R0h6KTxmb250IHNpemU9Ii0xIj4vPC9mb250PkJsdWV0b290aCA0LjA8L3RkPjwvdHI+PHRyPjx0aD7jgZ3jga7ku5Y8L3RoPjx0ZD7lv4Pmi43jgrvjg7PjgrXjg7w8Zm9udCBzaXplPSItMSI+LzwvZm9udD7liqDpgJ/luqbjgrvjg7PjgrXjg7w8Zm9udCBzaXplPSItMSI+LzwvZm9udD7jgrjjg6PjgqTjg63jgrnjgrPjg7zjg5c8Zm9udCBzaXplPSItMSI+LzwvZm9udD7nkrDlooPlhYnjgrvjg7PjgrXjg7w8L3RkPjwvdHI+PHRyPjx0aD7pmLLmsLQ8L3RoPjx0ZD5JUFg3PC90ZD48L3RyPjx0cj48dGg+44K144Kk44K6PC90aD48dGQ+57imNDIq5qiqMzUuOSrljprjgZUxMC41bW08L3RkPjwvdHI+PC90YWJsZSDjgIDjgIDjgIDjgIDjgIDjgIDjgIDjgIDjgIDjgIDjgIDjgIDjgIAgPiAgPHRhYmxlIOOAgOOAgOOAgOOAgOOAgOOAgOOAgOOAgOOAgOOAgOOAgOOAgOOAgCBjbGFzcz0iY19fdGFibGUgY19fdGFibGUtYm9yZGVyZWQiPiAgPHRyPjx0aD7ku5jlsZ7lk4E8L3RoPjx0ZD7nrrEv44Oe44Kw44ON44OD44OI5byP5YWF6Zu744Kx44O844OW44OrL1VTQumbu+a6kOOCouODgOODl+OCvy/jgq/jgqTjg4Pjgq/jgrnjgr/jg7zjg4jjgqzjgqTjg4k8L3RkPjwvdHI+ICA8dHI+PHRoPuS/neiovOacn+mWkzwvdGg+PHRkPuW9k+ekvu+8keODtuaciOmWk+S/neiovDxicj7kv53oqLzjga7oqbPjgZfjgYTlhoXlrrnjga/jgZPjgaHjgonjgafjgZTnorroqo3jgY/jgaDjgZXjgYQ8L3RkPjwvdHI+ICA8dHI+PHRoPuOBneOBruS7lueJueiomOS6i+mghTwvdGg+PHRkPjwvdGQ+PC90cj4gIDx0cj48dGg+5ZWG5ZOB54q25oWL44Gu6Kqs5piOPC90aD48dGQ+5Lit5Y+k5ZWG5ZOB54m55pyJ44Gu57WM5bm05Yqj5YyW44GM6KaL44KJ44KM44KL54q25oWL44Gn44GZ44GM44CB6YCa5bi45L2/55So44Gr44Gv5ZWP6aGM5pyJ44KK44G+44Gb44KT44CCPEJSPue1jOW5tOWKo+WMluOBruips+OBl+OBhOiqrOaYjuOBr+OBk+OBoeOCieOBq+OBpuOBlOeiuuiqjeS4i+OBleOBhDxCUj7opIfmlbDlj7DlnKjluqvjgZfjgabjgYTjgovllYblk4Hjga7lhpnnnJ/jgavplqLjgZfjgabjga/jgIHjgarjgovjgbnjgY/mqJnmupbnmoTjgarlpJboo4XnirbmhYvjga7jgoLjga7jgpLpgbjjgpPjgafmkq7lvbHjgZfjgabjgYrjgorjgb7jgZnjgILlhpnnnJ/jga7llYblk4Hjga/jgYrmiYvlhYPjgavlsYrjgY/lgIvkvZPjgajjgYTjgYbjgo/jgZHjgafjga/lvqHluqfjgYTjgb7jgZvjgpPjga7jgafkuojjgoHjgZTkuobmib/kuIvjgZXjgYTjgII8L3RkPjwvdHI+ICA8L3RhYmxlIOOAgOOAgOOAgOOAgOOAgOOAgOOAgOOAgOOAgOOAgOOAgOOAgOOAgCA+ICA8aHI+PHRhYmxlIHdpZHRoPScxMDAlJyBjZWxsc3BhY2luZz0nNScgY2VsbHBhZGRpbmc9JzUnPjx0cj48dGggYmdjb2xvcj0nI0QwMDgwOCc+PGZvbnQgY29sb3I9JyNmZmZmZmYnPu+8geOBlOazqOaWh+WJjeOBq+OBlOeiuuiqjeOBj+OBoOOBleOBhDwvZm9udD48L3RoPjwvdHI+PHRyPjx0ZD7lrp/pmpvjga7llYblk4HjgajnlbDjgarjgovjgqTjg6Hjg7zjgrjnlLvlg4/jgpLliKnnlKjjgZfjgabjgYTjgovloLTlkIjjgYzlvqHluqfjgYTjgb7jgZnjgII8YnI+5b2T5bqX44CB5a6f5bqX6IiX44Go6Ieq56S+44K144Kk44OI44KS5ZCr44KA5YWx5pyJ5Zyo5bqr44Go44Gq44KK44CB44GU5rOo5paH44Gu44K/44Kk44Of44Oz44Kw44Gr44KI44Gj44Gm44Gv5ZWG5ZOB44KS44GU55So5oSP44Gn44GN44Gq44GE5aC05ZCI44GM44GU44GW44GE44G+44GZ44CC44GU55So5oSP5Ye65p2l44Gq44GL44Gj44Gf5aC05ZCI44Gr44Gk44GN44G+44GX44Gm44Gv44CB44GU5rOo5paH44Gu44Kt44Oj44Oz44K744Or44Go44GV44Gb44Gm6aCC44GN44G+44GZ44CC44Gd44Gu5LuW44CB5b2T5bqX44Gu44GU5rOo5paH44Gu5rWB44KM44KS44Oa44O844K45LiL6YOo44Gr44Gm44CB5LqI44KB44GU56K66KqN44GP44Gg44GV44GE44CCPC90ZD48L3RyPjwvdGFibGU+PGJyPg==,44CQ6YCB5paZ54Sh5paZ44CR5b2T56S+77yR44O25pyI6ZaT5L+d6Ki8W+S4reWPpELjg6njg7Pjgq9d4pagQXBwbGUgQXBwbGUgV2F0Y2ggNDJtbSAoTUo0MDJKL0EpIFvjg6njgqTjg4jjg5bjg6njgqbjg7Pjg6zjgrbjg7zjg6vjg7zjg5ddIOOAkOWRqOi+uuapn+WZqOOAkeS4reWPpOOAkOS4reWPpOOAkSDjgJAg44OR44K944Kz44Oz77yG55m944Ot44Og44Gu44Kk44Kq44K344K5IOOAke+8muS4reWPpOODkeOCveOCs+ODs+OBqOeZveODreODoOOBruOCpOOCquOCt+OCuQ==,44K544Oe44O844OI44OV44Kp44Oz44K544Oe44ObU0lN44OV44Oq44O855m944Ot44OgaVBob25lQW5kcm9pZOOCv+ODluODrOODg+ODiGlQYWTmkLrluK/pm7voqbHkuK3lj6Tjg5Hjgr3jgrPjg7Pjg47jg7zjg4jjg5Hjgr3jgrPjg7NpcG9kZG9jb21vc29mdGJhbmthdeODh+OCueOCr+ODiOODg+ODl+ODkeOCveOCs+ODs09mZmljZeS4reWPpFBD44Ki44Km44OI44Os44OD44OI44CQ6YCB5paZ54Sh5paZ44CR5b2T56S+77yR44O25pyI6ZaT5L+d6Ki8W+S4reWPpELjg6njg7Pjgq9d4pagQXBwbGUgQXBwbGUgV2F0Y2ggNDJtbSAoTUo0MDJKL0EpIFvjg6njgqTjg4jjg5bjg6njgqbjg7Pjg6zjgrbjg7zjg6vjg7zjg5ddIOOAkOWRqOi+uuapn+WZqOOAkeS4reWPpOOAkOS4reWPpOOAkSDjgJAg44OR44K944Kz44Oz77yG55m944Ot44Og44Gu44Kk44Kq44K344K5IOOAkQ==,44CQ5b2T56S+77yR44O25pyI6ZaT5L+d6Ki844CR44CC44CQ6YCB5paZ54Sh5paZ44CR5b2T56S+77yR44O25pyI6ZaT5L+d6Ki8W+S4reWPpELjg6njg7Pjgq9d4pagQXBwbGUgQXBwbGUgV2F0Y2ggNDJtbSAoTUo0MDJKL0EpIFvjg6njgqTjg4jjg5bjg6njgqbjg7Pjg6zjgrbjg7zjg6vjg7zjg5ddIOOAkOWRqOi+uuapn+WZqOOAkeS4reWPpOOAkOS4reWPpOOAkSDjgJAg44OR44K944Kz44Oz77yG55m944Ot44Og44Gu44Kk44Kq44K344K5IOOAkQ==[rn]
16-187147,aHR0cDovL3RzaG9wLnIxMHMuanAvcGMtZ29vZC9jYWJpbmV0L2lvc3lzX2cvbm9faXRlbS5qcGc/Zml0aW49NzAwOjcwMA==,MjQ2NDAuMDAwMA==,,44K544Oe44O844OI44OV44Kp44Oz44O744K/44OW44Os44OD44OIID4g44K544Oe44O844OI44OV44Kp44Oz44Ki44Kv44K744K144Oq44O8ID4g44Gd44Gu5LuW,44CQ6YCB5paZ54Sh5paZ44CR5b2T56S+77yR44O25pyI6ZaT5L+d6Ki8W+S4reWPpELjg6njg7Pjgq9d4pagU0FNU1VORyBTYW1zdW5nIEdlYXIgUzIgY2xhc3NpYyBTTS1SNzMyIChSb3NlIEdvbGQp44CQ5ZGo6L665qmf5Zmo44CR5Lit5Y+k44CQ5Lit5Y+k44CRIOOAkCDjg5Hjgr3jgrPjg7PvvIbnmb3jg63jg6Djga7jgqTjgqrjgrfjgrkg44CR,44CQ5b2T56S+77yR44O25pyI6ZaT5L+d6Ki844CR,PGxpbmsg44CA44CA44CA44CA44CA44CA44CA44CA44CA44CA44CA44CA44CAPSIiIHJlbD0ic3R5bGVzaGVldCIgaHJlZj0iaHR0cDovL3d3dy5yYWt1dGVuLm5lLmpwL2dvbGQvcGMtZ29vZC9hc3NldHMvc3R5bGVzaGVldHMvaXRlbXMvc3R5bGUuY3NzIj4gIDx0YWJsZSDjgIDjgIDjgIDjgIDjgIDjgIDjgIDjgIDjgIDjgIDjgIDjgIDjgIAgY2xhc3M9ImNfX3RhYmxlIGNfX3RhYmxlLWJvcmRlcmVkIj48dHI+PHRoPk9TPC90aD48dGQ+VGl6ZW48L3RkPjwvdHI+PHRyPjx0aD5DUFU8L3RoPjx0ZD4xLjBHSHoo44OH44Ol44Ki44Or44Kz44KiKTwvdGQ+PC90cj48dHI+PHRoPuOCueODiOODrOODvOOCuDwvdGg+PHRkPjRHQjwvdGQ+PC90cj48dHI+PHRoPuODoeODouODqjwvdGg+PHRkPjUxMk1CPC90ZD48L3RyPjx0cj48dGg+44OH44Kj44K544OX44Os44KkPC90aD48dGQ+MS4y44Kk44Oz44OBKDM2MHgzNjApPC90ZD48L3RyPjx0cj48dGg+44OQ44OD44OG44Oq44O8PC90aD48dGQ+MjUwbUFoPC90ZD48L3RyPjx0cj48dGg+V2lGaTwvdGg+PHRkPmI8Zm9udCBzaXplPSItMSI+LzwvZm9udD5nPGZvbnQgc2l6ZT0iLTEiPi88L2ZvbnQ+bjwvdGQ+PC90cj48dHI+PHRoPumHjemHjzwvdGg+PHRkPjQ3ZzwvdGQ+PC90cj48dHI+PHRoPuOBneOBruS7ljwvdGg+PHRkPkJsdWV0b290aDQuMTxmb250IHNpemU9Ii0xIj4vPC9mb250PuODr+OCpOODpOODrOOCueWFhembu+WvvuW/nDxmb250IHNpemU9Ii0xIj4vPC9mb250Pk5GQzxmb250IHNpemU9Ii0xIj4vPC9mb250PuiAkOawtDxmb250IHNpemU9Ii0xIj4vPC9mb250PuiAkOWhtShJUDY4KTwvdGQ+PC90cj48dHI+PHRoPuWvvuW/nDwvdGg+PHRkPkFuZHJvaWRPUzQuNOS7peS4iuOAgTEuNUdCUkFN5Lul5LiKPC90ZD48L3RyPjwvdGFibGUg44CA44CA44CA44CA44CA44CA44CA44CA44CA44CA44CA44CA44CAID4gIDx0YWJsZSDjgIDjgIDjgIDjgIDjgIDjgIDjgIDjgIDjgIDjgIDjgIDjgIDjgIAgY2xhc3M9ImNfX3RhYmxlIGNfX3RhYmxlLWJvcmRlcmVkIj4gIDx0cj48dGg+5LuY5bGe5ZOBPC90aD48dGQ+566xL+WwgueUqOODr+OCpOODpOODrOOCueWFhembu+ODieODg+OCry/jgrnjg4jjg6njg4Pjg5c8L3RkPjwvdHI+ICA8dHI+PHRoPuS/neiovOacn+mWkzwvdGg+PHRkPuW9k+ekvu+8keODtuaciOmWk+S/neiovDxicj7kv53oqLzjga7oqbPjgZfjgYTlhoXlrrnjga/jgZPjgaHjgonjgafjgZTnorroqo3jgY/jgaDjgZXjgYQ8L3RkPjwvdHI+ICA8dHI+PHRoPuOBneOBruS7lueJueiomOS6i+mghTwvdGg+PHRkPjwvdGQ+PC90cj4gIDx0cj48dGg+5ZWG5ZOB54q25oWL44Gu6Kqs5piOPC90aD48dGQ+5Lit5Y+k5ZWG5ZOB54m55pyJ44Gu57WM5bm05Yqj5YyW44GM6KaL44KJ44KM44KL54q25oWL44Gn44GZ44GM44CB6YCa5bi45L2/55So44Gr44Gv5ZWP6aGM5pyJ44KK44G+44Gb44KT44CCPEJSPue1jOW5tOWKo+WMluOBruips+OBl+OBhOiqrOaYjuOBr+OBk+OBoeOCieOBq+OBpuOBlOeiuuiqjeS4i+OBleOBhDxCUj7opIfmlbDlj7DlnKjluqvjgZfjgabjgYTjgovllYblk4Hjga7lhpnnnJ/jgavplqLjgZfjgabjga/jgIHjgarjgovjgbnjgY/mqJnmupbnmoTjgarlpJboo4XnirbmhYvjga7jgoLjga7jgpLpgbjjgpPjgafmkq7lvbHjgZfjgabjgYrjgorjgb7jgZnjgILlhpnnnJ/jga7llYblk4Hjga/jgYrmiYvlhYPjgavlsYrjgY/lgIvkvZPjgajjgYTjgYbjgo/jgZHjgafjga/lvqHluqfjgYTjgb7jgZvjgpPjga7jgafkuojjgoHjgZTkuobmib/kuIvjgZXjgYTjgII8L3RkPjwvdHI+ICA8L3RhYmxlIOOAgOOAgOOAgOOAgOOAgOOAgOOAgOOAgOOAgOOAgOOAgOOAgOOAgCA+ICA8aHI+PHRhYmxlIHdpZHRoPScxMDAlJyBjZWxsc3BhY2luZz0nNScgY2VsbHBhZGRpbmc9JzUnPjx0cj48dGggYmdjb2xvcj0nI0QwMDgwOCc+PGZvbnQgY29sb3I9JyNmZmZmZmYnPu+8geOBlOazqOaWh+WJjeOBq+OBlOeiuuiqjeOBj+OBoOOBleOBhDwvZm9udD48L3RoPjwvdHI+PHRyPjx0ZD7lrp/pmpvjga7llYblk4HjgajnlbDjgarjgovjgqTjg6Hjg7zjgrjnlLvlg4/jgpLliKnnlKjjgZfjgabjgYTjgovloLTlkIjjgYzlvqHluqfjgYTjgb7jgZnjgII8YnI+5b2T5bqX44CB5a6f5bqX6IiX44Go6Ieq56S+44K144Kk44OI44KS5ZCr44KA5YWx5pyJ5Zyo5bqr44Go44Gq44KK44CB44GU5rOo5paH44Gu44K/44Kk44Of44Oz44Kw44Gr44KI44Gj44Gm44Gv5ZWG5ZOB44KS44GU55So5oSP44Gn44GN44Gq44GE5aC05ZCI44GM44GU44GW44GE44G+44GZ44CC44GU55So5oSP5Ye65p2l44Gq44GL44Gj44Gf5aC05ZCI44Gr44Gk44GN44G+44GX44Gm44Gv44CB44GU5rOo5paH44Gu44Kt44Oj44Oz44K744Or44Go44GV44Gb44Gm6aCC44GN44G+44GZ44CC44Gd44Gu5LuW44CB5b2T5bqX44Gu44GU5rOo5paH44Gu5rWB44KM44KS44Oa44O844K45LiL6YOo44Gr44Gm44CB5LqI44KB44GU56K66KqN44GP44Gg44GV44GE44CCPC90ZD48L3RyPjwvdGFibGU+PGJyPg==,44CQ6YCB5paZ54Sh5paZ44CR5b2T56S+77yR44O25pyI6ZaT5L+d6Ki8W+S4reWPpELjg6njg7Pjgq9d4pagU0FNU1VORyBTYW1zdW5nIEdlYXIgUzIgY2xhc3NpYyBTTS1SNzMyIChSb3NlIEdvbGQp44CQ5ZGo6L665qmf5Zmo44CR5Lit5Y+k44CQ5Lit5Y+k44CRIOOAkCDjg5Hjgr3jgrPjg7PvvIbnmb3jg63jg6Djga7jgqTjgqrjgrfjgrkg44CR77ya5Lit5Y+k44OR44K944Kz44Oz44Go55m944Ot44Og44Gu44Kk44Kq44K344K5,44K544Oe44O844OI44OV44Kp44Oz44K544Oe44ObU0lN44OV44Oq44O855m944Ot44OgaVBob25lQW5kcm9pZOOCv+ODluODrOODg+ODiGlQYWTmkLrluK/pm7voqbHkuK3lj6Tjg5Hjgr3jgrPjg7Pjg47jg7zjg4jjg5Hjgr3jgrPjg7NpcG9kZG9jb21vc29mdGJhbmthdeODh+OCueOCr+ODiOODg+ODl+ODkeOCveOCs+ODs09mZmljZeS4reWPpFBD44Ki44Km44OI44Os44OD44OI44CQ6YCB5paZ54Sh5paZ44CR5b2T56S+77yR44O25pyI6ZaT5L+d6Ki8W+S4reWPpELjg6njg7Pjgq9d4pagU0FNU1VORyBTYW1zdW5nIEdlYXIgUzIgY2xhc3NpYyBTTS1SNzMyIChSb3NlIEdvbGQp44CQ5ZGo6L665qmf5Zmo44CR5Lit5Y+k44CQ5Lit5Y+k44CRIOOAkCDjg5Hjgr3jgrPjg7PvvIbnmb3jg63jg6Djga7jgqTjgqrjgrfjgrkg44CR,44CQ5b2T56S+77yR44O25pyI6ZaT5L+d6Ki844CR44CC44CQ6YCB5paZ54Sh5paZ44CR5b2T56S+77yR44O25pyI6ZaT5L+d6Ki8W+S4reWPpELjg6njg7Pjgq9d4pagU0FNU1VORyBTYW1zdW5nIEdlYXIgUzIgY2xhc3NpYyBTTS1SNzMyIChSb3NlIEdvbGQp44CQ5ZGo6L665qmf5Zmo44CR5Lit5Y+k44CQ5Lit5Y+k44CRIOOAkCDjg5Hjgr3jgrPjg7PvvIbnmb3jg63jg6Djga7jgqTjgqrjgrfjgrkg44CR[rn]
16-187148,aHR0cDovL3RzaG9wLnIxMHMuanAvcGMtZ29vZC9jYWJpbmV0L2lvc3lzX2cvbm9faXRlbS5qcGc/Zml0aW49NzAwOjcwMA==,MjYyNDAuMDAwMA==,,44K544Oe44O844OI44OV44Kp44Oz44O744K/44OW44Os44OD44OIID4g44K544Oe44O844OI44OV44Kp44Oz44Ki44Kv44K744K144Oq44O8ID4g44Gd44Gu5LuW,44CQ6YCB5paZ54Sh5paZ44CR5b2T56S+77yR44O25pyI6ZaT5L+d6Ki8W+S4reWPpEHjg6njg7Pjgq9d4pagQVNVUyBaZW5XYXRjaCAzIFdJNTAzUS1MQlIwNCDjgqzjg7Pjg6Hjgr/jg6sv44OA44O844Kv44OW44Op44Km44Oz44Os44K244O8IOOAkOWRqOi+uuapn+WZqOOAkeS4reWPpOOAkOS4reWPpOOAkSDjgJAg44OR44K944Kz44Oz77yG55m944Ot44Og44Gu44Kk44Kq44K344K5IOOAkQ==,44CQ5b2T56S+77yR44O25pyI6ZaT5L+d6Ki844CR,PGxpbmsg44CA44CA44CA44CA44CA44CA44CA44CA44CA44CA44CA44CA44CAPSIiIHJlbD0ic3R5bGVzaGVldCIgaHJlZj0iaHR0cDovL3d3dy5yYWt1dGVuLm5lLmpwL2dvbGQvcGMtZ29vZC9hc3NldHMvc3R5bGVzaGVldHMvaXRlbXMvc3R5bGUuY3NzIj4gIDx0YWJsZSDjgIDjgIDjgIDjgIDjgIDjgIDjgIDjgIDjgIDjgIDjgIDjgIDjgIAgY2xhc3M9ImNfX3RhYmxlIGNfX3RhYmxlLWJvcmRlcmVkIj48dHI+PHRoPuWvvuW/nE9TPC90aD48dGQ+QW5kcm9pZDQuM+S7pemZjTxmb250IHNpemU9Ii0xIj4vPC9mb250PmlPUzguMuS7pemZjTwvdGQ+PC90cj48dHI+PHRoPkNQVTwvdGg+PHRkPlF1YWxjb21tIFNuYXBkcmFnb24gV2VhciAyMTAwIDEuMkdIejwvdGQ+PC90cj48dHI+PHRoPlJBTTwvdGg+PHRkPjUxMk1CPC90ZD48L3RyPjx0cj48dGg+44K544OI44Os44O844K4PC90aD48dGQ+NEdC44OQ44OD44OG44Oq44O8OjM0MG1BaDwvdGQ+PC90cj48L3RhYmxlIOOAgOOAgOOAgOOAgOOAgOOAgOOAgOOAgOOAgOOAgOOAgOOAgOOAgCA+ICA8dGFibGUg44CA44CA44CA44CA44CA44CA44CA44CA44CA44CA44CA44CA44CAIGNsYXNzPSJjX190YWJsZSBjX190YWJsZS1ib3JkZXJlZCI+ICA8dHI+PHRoPuS7mOWxnuWTgTwvdGg+PHRkPueusSAgQUPjgqLjg4Djg5fjgr/jgIDlhYXpm7vjgrHjg7zjg5bjg6sg5Y+W5omx6Kqs5piO5pu4PC90ZD48L3RyPiAgPHRyPjx0aD7kv53oqLzmnJ/plpM8L3RoPjx0ZD7lvZPnpL7vvJHjg7bmnIjplpPkv53oqLw8YnI+5L+d6Ki844Gu6Kmz44GX44GE5YaF5a6544Gv44GT44Gh44KJ44Gn44GU56K66KqN44GP44Gg44GV44GEPC90ZD48L3RyPiAgPHRyPjx0aD7jgZ3jga7ku5bnibnoqJjkuovpoIU8L3RoPjx0ZD48L3RkPjwvdHI+ICA8dHI+PHRoPuWVhuWTgeeKtuaFi+OBruiqrOaYjjwvdGg+PHRkPuS9v+eUqOaEn+OBruWwkeOBquOBhOS4reWPpOWTgeOBvuOBn+OBr+OAgeODquODleODrOODg+OCt+ODpeODiVBD44KE44Oh44O844Kr44O85YaN55Sf5ZOB44CB44Kx44O844K/44Kk44Gn44Gv5aSW6KOF5Lqk5o+b5ZOB562J44GM5ZCr44G+44KM44G+44GZ44CCPC90ZD48L3RyPiAgPC90YWJsZSDjgIDjgIDjgIDjgIDjgIDjgIDjgIDjgIDjgIDjgIDjgIDjgIDjgIAgPiAgPGhyPjx0YWJsZSB3aWR0aD0nMTAwJScgY2VsbHNwYWNpbmc9JzUnIGNlbGxwYWRkaW5nPSc1Jz48dHI+PHRoIGJnY29sb3I9JyNEMDA4MDgnPjxmb250IGNvbG9yPScjZmZmZmZmJz7vvIHjgZTms6jmlofliY3jgavjgZTnorroqo3jgY/jgaDjgZXjgYQ8L2ZvbnQ+PC90aD48L3RyPjx0cj48dGQ+5a6f6Zqb44Gu5ZWG5ZOB44Go55Ww44Gq44KL44Kk44Oh44O844K455S75YOP44KS5Yip55So44GX44Gm44GE44KL5aC05ZCI44GM5b6h5bqn44GE44G+44GZ44CCPGJyPuW9k+W6l+OAgeWun+W6l+iIl+OBqOiHquekvuOCteOCpOODiOOCkuWQq+OCgOWFseacieWcqOW6q+OBqOOBquOCiuOAgeOBlOazqOaWh+OBruOCv+OCpOODn+ODs+OCsOOBq+OCiOOBo+OBpuOBr+WVhuWTgeOCkuOBlOeUqOaEj+OBp+OBjeOBquOBhOWgtOWQiOOBjOOBlOOBluOBhOOBvuOBmeOAguOBlOeUqOaEj+WHuuadpeOBquOBi+OBo+OBn+WgtOWQiOOBq+OBpOOBjeOBvuOBl+OBpuOBr+OAgeOBlOazqOaWh+OBruOCreODo+ODs+OCu+ODq+OBqOOBleOBm+OBpumgguOBjeOBvuOBmeOAguOBneOBruS7luOAgeW9k+W6l+OBruOBlOazqOaWh+OBrua1geOCjOOCkuODmuODvOOCuOS4i+mDqOOBq+OBpuOAgeS6iOOCgeOBlOeiuuiqjeOBj+OBoOOBleOBhOOAgjwvdGQ+PC90cj48L3RhYmxlPjxicj4=,44CQ6YCB5paZ54Sh5paZ44CR5b2T56S+77yR44O25pyI6ZaT5L+d6Ki8W+S4reWPpEHjg6njg7Pjgq9d4pagQVNVUyBaZW5XYXRjaCAzIFdJNTAzUS1MQlIwNCDjgqzjg7Pjg6Hjgr/jg6sv44OA44O844Kv44OW44Op44Km44Oz44Os44K244O8IOOAkOWRqOi+uuapn+WZqOOAkeS4reWPpOOAkOS4reWPpOOAkSDjgJAg44OR44K944Kz44Oz77yG55m944Ot44Og44Gu44Kk44Kq44K344K5IOOAke+8muS4reWPpOODkeOCveOCs+ODs+OBqOeZveODreODoOOBruOCpOOCquOCt+OCuQ==,44K544Oe44O844OI44OV44Kp44Oz44K544Oe44ObU0lN44OV44Oq44O855m944Ot44OgaVBob25lQW5kcm9pZOOCv+ODluODrOODg+ODiGlQYWTmkLrluK/pm7voqbHkuK3lj6Tjg5Hjgr3jgrPjg7Pjg47jg7zjg4jjg5Hjgr3jgrPjg7NpcG9kZG9jb21vc29mdGJhbmthdeODh+OCueOCr+ODiOODg+ODl+ODkeOCveOCs+ODs09mZmljZeS4reWPpFBD44Ki44Km44OI44Os44OD44OI44CQ6YCB5paZ54Sh5paZ44CR5b2T56S+77yR44O25pyI6ZaT5L+d6Ki8W+S4reWPpEHjg6njg7Pjgq9d4pagQVNVUyBaZW5XYXRjaCAzIFdJNTAzUS1MQlIwNCDjgqzjg7Pjg6Hjgr/jg6sv44OA44O844Kv44OW44Op44Km44Oz44Os44K244O8IOOAkOWRqOi+uuapn+WZqOOAkeS4reWPpOOAkOS4reWPpOOAkSDjgJAg44OR44K944Kz44Oz77yG55m944Ot44Og44Gu44Kk44Kq44K344K5IOOAkQ==,44CQ5b2T56S+77yR44O25pyI6ZaT5L+d6Ki844CR44CC44CQ6YCB5paZ54Sh5paZ44CR5b2T56S+77yR44O25pyI6ZaT5L+d6Ki8W+S4reWPpEHjg6njg7Pjgq9d4pagQVNVUyBaZW5XYXRjaCAzIFdJNTAzUS1MQlIwNCDjgqzjg7Pjg6Hjgr/jg6sv44OA44O844Kv44OW44Op44Km44Oz44Os44K244O8IOOAkOWRqOi+uuapn+WZqOOAkeS4reWPpOOAkOS4reWPpOOAkSDjgJAg44OR44K944Kz44Oz77yG55m944Ot44Og44Gu44Kk44Kq44K344K5IOOAkQ==[rn]
16-187149,aHR0cDovL3RzaG9wLnIxMHMuanAvcGMtZ29vZC9jYWJpbmV0L2lvc3lzX2cvbm9faXRlbS5qcGc/Zml0aW49NzAwOjcwMA==,MjM4NDAuMDAwMA==,,44K544Oe44O844OI44OV44Kp44Oz44O744K/44OW44Os44OD44OIID4g44K544Oe44O844OI44OV44Kp44Oz44Ki44Kv44K744K144Oq44O8ID4g44Gd44Gu5LuW,44CQ6YCB5paZ54Sh5paZ44CR5b2T56S+77yR44O25pyI6ZaT5L+d6Ki8W+S4reWPpELjg6njg7Pjgq9d4pagQXBwbGUgQXBwbGUgV2F0Y2ggNDJtbSAoTUpZUDJKL0EpIOOAkOOCueODhuODs+ODrOOCueOCueODgeODvOODqy/jg5bjg6njg4Pjgq/jg6zjgrbjg7zjgJHjgJDlkajovrrmqZ/lmajjgJHkuK3lj6TjgJDkuK3lj6TjgJEg44CQIOODkeOCveOCs+ODs++8hueZveODreODoOOBruOCpOOCquOCt+OCuSDjgJE=,44CQ5b2T56S+77yR44O25pyI6ZaT5L+d6Ki844CR,PGxpbmsg44CA44CA44CA44CA44CA44CA44CA44CA44CA44CA44CA44CA44CAPSIiIHJlbD0ic3R5bGVzaGVldCIgaHJlZj0iaHR0cDovL3d3dy5yYWt1dGVuLm5lLmpwL2dvbGQvcGMtZ29vZC9hc3NldHMvc3R5bGVzaGVldHMvaXRlbXMvc3R5bGUuY3NzIj4gIDx0YWJsZSDjgIDjgIDjgIDjgIDjgIDjgIDjgIDjgIDjgIDjgIDjgIDjgIDjgIAgY2xhc3M9ImNfX3RhYmxlIGNfX3RhYmxlLWJvcmRlcmVkIj48dHI+PHRoPuODh+OCo+OCueODl+ODrOOCpDwvdGg+PHRkPlJldGluYeODh+OCo+OCueODl+ODrOOCpDwvdGQ+PC90cj48dHI+PHRoPumAmuS/oTwvdGg+PHRkPldpLUZpICg4MDIuMTFiPGZvbnQgc2l6ZT0iLTEiPi88L2ZvbnQ+Zzxmb250IHNpemU9Ii0xIj4vPC9mb250Pm4gMi40R0h6KTxmb250IHNpemU9Ii0xIj4vPC9mb250PkJsdWV0b290aCA0LjA8L3RkPjwvdHI+PHRyPjx0aD7jgZ3jga7ku5Y8L3RoPjx0ZD7lv4Pmi43jgrvjg7PjgrXjg7w8Zm9udCBzaXplPSItMSI+LzwvZm9udD7liqDpgJ/luqbjgrvjg7PjgrXjg7w8Zm9udCBzaXplPSItMSI+LzwvZm9udD7jgrjjg6PjgqTjg63jgrnjgrPjg7zjg5c8Zm9udCBzaXplPSItMSI+LzwvZm9udD7nkrDlooPlhYnjgrvjg7PjgrXjg7w8L3RkPjwvdHI+PHRyPjx0aD7pmLLmsLQ8L3RoPjx0ZD5JUFg3PC90ZD48L3RyPjx0cj48dGg+44K144Kk44K6PC90aD48dGQ+57imNDIq5qiqMzUuOSrljprjgZUxMC41bW08L3RkPjwvdHI+PHRyPjx0aD7pp4bli5XmmYLplpM8L3RoPjx0ZD7mnIDlpKcxOOaZgumWkzwvdGQ+PC90cj48dHI+PHRoPumHjemHjzwvdGg+PHRkPue0hDUwZzwvdGQ+PC90cj48L3RhYmxlIOOAgOOAgOOAgOOAgOOAgOOAgOOAgOOAgOOAgOOAgOOAgOOAgOOAgCA+ICA8dGFibGUg44CA44CA44CA44CA44CA44CA44CA44CA44CA44CA44CA44CA44CAIGNsYXNzPSJjX190YWJsZSBjX190YWJsZS1ib3JkZXJlZCI+ICA8dHI+PHRoPuS7mOWxnuWTgTwvdGg+PHRkPueusS/no4HmsJflhYXpm7vjgrHjg7zjg5bjg6svVVNC6Zu75rqQ44Ki44OA44OX44K/L+OCr+OCpOODg+OCr+OCueOCv+ODvOODiDwvdGQ+PC90cj4gIDx0cj48dGg+5L+d6Ki85pyf6ZaTPC90aD48dGQ+5b2T56S+77yR44O25pyI6ZaT5L+d6Ki8PGJyPuS/neiovOOBruips+OBl+OBhOWGheWuueOBr+OBk+OBoeOCieOBp+OBlOeiuuiqjeOBj+OBoOOBleOBhDwvdGQ+PC90cj4gIDx0cj48dGg+44Gd44Gu5LuW54m56KiY5LqL6aCFPC90aD48dGQ+PC90ZD48L3RyPiAgPHRyPjx0aD7llYblk4HnirbmhYvjga7oqqzmmI48L3RoPjx0ZD7kuK3lj6TllYblk4HnibnmnInjga7ntYzlubTliqPljJbjgYzopovjgonjgozjgovnirbmhYvjgafjgZnjgYzjgIHpgJrluLjkvb/nlKjjgavjga/llY/poYzmnInjgorjgb7jgZvjgpPjgII8QlI+57WM5bm05Yqj5YyW44Gu6Kmz44GX44GE6Kqs5piO44Gv44GT44Gh44KJ44Gr44Gm44GU56K66KqN5LiL44GV44GEPEJSPuikh+aVsOWPsOWcqOW6q+OBl+OBpuOBhOOCi+WVhuWTgeOBruWGmeecn+OBq+mWouOBl+OBpuOBr+OAgeOBquOCi+OBueOBj+aomea6lueahOOBquWkluijheeKtuaFi+OBruOCguOBruOCkumBuOOCk+OBp+aSruW9seOBl+OBpuOBiuOCiuOBvuOBmeOAguWGmeecn+OBruWVhuWTgeOBr+OBiuaJi+WFg+OBq+WxiuOBj+WAi+S9k+OBqOOBhOOBhuOCj+OBkeOBp+OBr+W+oeW6p+OBhOOBvuOBm+OCk+OBruOBp+S6iOOCgeOBlOS6huaJv+S4i+OBleOBhOOAgjwvdGQ+PC90cj4gIDwvdGFibGUg44CA44CA44CA44CA44CA44CA44CA44CA44CA44CA44CA44CA44CAID4gIDxocj48dGFibGUgd2lkdGg9JzEwMCUnIGNlbGxzcGFjaW5nPSc1JyBjZWxscGFkZGluZz0nNSc+PHRyPjx0aCBiZ2NvbG9yPScjRDAwODA4Jz48Zm9udCBjb2xvcj0nI2ZmZmZmZic+77yB44GU5rOo5paH5YmN44Gr44GU56K66KqN44GP44Gg44GV44GEPC9mb250PjwvdGg+PC90cj48dHI+PHRkPuWun+mam+OBruWVhuWTgeOBqOeVsOOBquOCi+OCpOODoeODvOOCuOeUu+WDj+OCkuWIqeeUqOOBl+OBpuOBhOOCi+WgtOWQiOOBjOW+oeW6p+OBhOOBvuOBmeOAgjxicj7lvZPlupfjgIHlrp/lupfoiJfjgajoh6rnpL7jgrXjgqTjg4jjgpLlkKvjgoDlhbHmnInlnKjluqvjgajjgarjgorjgIHjgZTms6jmlofjga7jgr/jgqTjg5/jg7PjgrDjgavjgojjgaPjgabjga/llYblk4HjgpLjgZTnlKjmhI/jgafjgY3jgarjgYTloLTlkIjjgYzjgZTjgZbjgYTjgb7jgZnjgILjgZTnlKjmhI/lh7rmnaXjgarjgYvjgaPjgZ/loLTlkIjjgavjgaTjgY3jgb7jgZfjgabjga/jgIHjgZTms6jmlofjga7jgq3jg6Pjg7Pjgrvjg6vjgajjgZXjgZvjgabpoILjgY3jgb7jgZnjgILjgZ3jga7ku5bjgIHlvZPlupfjga7jgZTms6jmlofjga7mtYHjgozjgpLjg5rjg7zjgrjkuIvpg6jjgavjgabjgIHkuojjgoHjgZTnorroqo3jgY/jgaDjgZXjgYTjgII8L3RkPjwvdHI+PC90YWJsZT48YnI+,44CQ6YCB5paZ54Sh5paZ44CR5b2T56S+77yR44O25pyI6ZaT5L+d6Ki8W+S4reWPpELjg6njg7Pjgq9d4pagQXBwbGUgQXBwbGUgV2F0Y2ggNDJtbSAoTUpZUDJKL0EpIOOAkOOCueODhuODs+ODrOOCueOCueODgeODvOODqy/jg5bjg6njg4Pjgq/jg6zjgrbjg7zjgJHjgJDlkajovrrmqZ/lmajjgJHkuK3lj6TjgJDkuK3lj6TjgJEg44CQIOODkeOCveOCs+ODs++8hueZveODreODoOOBruOCpOOCquOCt+OCuSDjgJHvvJrkuK3lj6Tjg5Hjgr3jgrPjg7Pjgajnmb3jg63jg6Djga7jgqTjgqrjgrfjgrk=,44K544Oe44O844OI44OV44Kp44Oz44K544Oe44ObU0lN44OV44Oq44O855m944Ot44OgaVBob25lQW5kcm9pZOOCv+ODluODrOODg+ODiGlQYWTmkLrluK/pm7voqbHkuK3lj6Tjg5Hjgr3jgrPjg7Pjg47jg7zjg4jjg5Hjgr3jgrPjg7NpcG9kZG9jb21vc29mdGJhbmthdeODh+OCueOCr+ODiOODg+ODl+ODkeOCveOCs+ODs09mZmljZeS4reWPpFBD44Ki44Km44OI44Os44OD44OI44CQ6YCB5paZ54Sh5paZ44CR5b2T56S+77yR44O25pyI6ZaT5L+d6Ki8W+S4reWPpELjg6njg7Pjgq9d4pagQXBwbGUgQXBwbGUgV2F0Y2ggNDJtbSAoTUpZUDJKL0EpIOOAkOOCueODhuODs+ODrOOCueOCueODgeODvOODqy/jg5bjg6njg4Pjgq/jg6zjgrbjg7zjgJHjgJDlkajovrrmqZ/lmajjgJHkuK3lj6TjgJDkuK3lj6TjgJEg44CQIOODkeOCveOCs+ODs++8hueZveODreODoOOBruOCpOOCquOCt+OCuSDjgJE=,44CQ5b2T56S+77yR44O25pyI6ZaT5L+d6Ki844CR44CC44CQ6YCB5paZ54Sh5paZ44CR5b2T56S+77yR44O25pyI6ZaT5L+d6Ki8W+S4reWPpELjg6njg7Pjgq9d4pagQXBwbGUgQXBwbGUgV2F0Y2ggNDJtbSAoTUpZUDJKL0EpIOOAkOOCueODhuODs+ODrOOCueOCueODgeODvOODqy/jg5bjg6njg4Pjgq/jg6zjgrbjg7zjgJHjgJDlkajovrrmqZ/lmajjgJHkuK3lj6TjgJDkuK3lj6TjgJEg44CQIOODkeOCveOCs+ODs++8hueZveODreODoOOBruOCpOOCquOCt+OCuSDjgJE=[rn]
16-187150,aHR0cDovL3RzaG9wLnIxMHMuanAvcGMtZ29vZC9jYWJpbmV0L2lvc3lzX2cvMTE2MDAwXzExNzk5OS8xMTc5ODkuanBnP2ZpdGluPTcwMDo3MDA=,Nzg0LjAwMDA=,,44K544Oe44O844OI44OV44Kp44Oz44O744K/44OW44Os44OD44OIID4g44K544Oe44O844OI44OV44Kp44Oz44Ki44Kv44K744K144Oq44O8ID4g44Gd44Gu5LuW,44CQ6YCB5paZ54Sh5paZ44CR5b2T56S+77yR6YCx6ZaT5L+d6Ki8W+aWsOWTgV3ilqBFTEVDT00gTUhM5a++5b+c5qmf5Zmo5bCC55SoTUhM44Kx44O844OW44OrIDMuMG0gW01QQS1NSEwzSEQzMEJLXeOAkOWRqOi+uuapn+WZqOOAkSDjgJAg44OR44K944Kz44Oz77yG55m944Ot44Og44Gu44Kk44Kq44K344K5IOOAkQ==,44CQ5b2T56S+77yR6YCx6ZaT5L+d6Ki844CR,PGxpbmsg44CA44CA44CA44CA44CA44CA44CA44CA44CA44CA44CA44CA44CAPSIiIHJlbD0ic3R5bGVzaGVldCIgaHJlZj0iaHR0cDovL3d3dy5yYWt1dGVuLm5lLmpwL2dvbGQvcGMtZ29vZC9hc3NldHMvc3R5bGVzaGVldHMvaXRlbXMvc3R5bGUuY3NzIj4gIDxwPiBtaWNyb1VTQihVU0IyLjAp4oaSSERNSShUeXBlQSk8L3A+ICA8dGFibGUg44CA44CA44CA44CA44CA44CA44CA44CA44CA44CA44CA44CA44CAIGNsYXNzPSJjX190YWJsZSBjX190YWJsZS1ib3JkZXJlZCI+ICA8dHI+PHRoPuS7mOWxnuWTgTwvdGg+PHRkPuW3peWgtOWHuuiNt+eKtuaFizwvdGQ+PC90cj4gIDx0cj48dGg+5L+d6Ki85pyf6ZaTPC90aD48dGQ+5b2T56S+77yR6YCx6ZaT5L+d6Ki8PGJyPuS/neiovOOBruips+OBl+OBhOWGheWuueOBr+OBk+OBoeOCieOBp+OBlOeiuuiqjeOBj+OBoOOBleOBhDwvdGQ+PC90cj4gIDx0cj48dGg+44Gd44Gu5LuW54m56KiY5LqL6aCFPC90aD48dGQ+NVYvMkHku6XkuIrjga5BQ+OCouODgOODl+OCv+OBjOW/heimgeOBp+OBmTwvdGQ+PC90cj4gIDx0cj48dGg+5ZWG5ZOB54q25oWL44Gu6Kqs5piOPC90aD48dGQ+5paw5ZOB44Gu5ZWG5ZOB44Go44Gq44KK44G+44GZ44CCPC90ZD48L3RyPiAgPC90YWJsZSDjgIDjgIDjgIDjgIDjgIDjgIDjgIDjgIDjgIDjgIDjgIDjgIDjgIAgPiAgPGhyPjx0YWJsZSB3aWR0aD0nMTAwJScgY2VsbHNwYWNpbmc9JzUnIGNlbGxwYWRkaW5nPSc1Jz48dHI+PHRoIGJnY29sb3I9JyNEMDA4MDgnPjxmb250IGNvbG9yPScjZmZmZmZmJz7vvIHjgZTms6jmlofliY3jgavjgZTnorroqo3jgY/jgaDjgZXjgYQ8L2ZvbnQ+PC90aD48L3RyPjx0cj48dGQ+5a6f6Zqb44Gu5ZWG5ZOB44Go55Ww44Gq44KL44Kk44Oh44O844K455S75YOP44KS5Yip55So44GX44Gm44GE44KL5aC05ZCI44GM5b6h5bqn44GE44G+44GZ44CCPGJyPuW9k+W6l+OAgeWun+W6l+iIl+OBqOiHquekvuOCteOCpOODiOOCkuWQq+OCgOWFseacieWcqOW6q+OBqOOBquOCiuOAgeOBlOazqOaWh+OBruOCv+OCpOODn+ODs+OCsOOBq+OCiOOBo+OBpuOBr+WVhuWTgeOCkuOBlOeUqOaEj+OBp+OBjeOBquOBhOWgtOWQiOOBjOOBlOOBluOBhOOBvuOBmeOAguOBlOeUqOaEj+WHuuadpeOBquOBi+OBo+OBn+WgtOWQiOOBq+OBpOOBjeOBvuOBl+OBpuOBr+OAgeOBlOazqOaWh+OBruOCreODo+ODs+OCu+ODq+OBqOOBleOBm+OBpumgguOBjeOBvuOBmeOAguOBneOBruS7luOAgeW9k+W6l+OBruOBlOazqOaWh+OBrua1geOCjOOCkuODmuODvOOCuOS4i+mDqOOBq+OBpuOAgeS6iOOCgeOBlOeiuuiqjeOBj+OBoOOBleOBhOOAgjwvdGQ+PC90cj48L3RhYmxlPjxicj4=,44CQ6YCB5paZ54Sh5paZ44CR5b2T56S+77yR6YCx6ZaT5L+d6Ki8W+aWsOWTgV3ilqBFTEVDT00gTUhM5a++5b+c5qmf5Zmo5bCC55SoTUhM44Kx44O844OW44OrIDMuMG0gW01QQS1NSEwzSEQzMEJLXeOAkOWRqOi+uuapn+WZqOOAkSDjgJAg44OR44K944Kz44Oz77yG55m944Ot44Og44Gu44Kk44Kq44K344K5IOOAke+8muS4reWPpOODkeOCveOCs+ODs+OBqOeZveODreODoOOBruOCpOOCquOCt+OCuQ==,44K544Oe44O844OI44OV44Kp44Oz44K544Oe44ObU0lN44OV44Oq44O855m944Ot44OgaVBob25lQW5kcm9pZOOCv+ODluODrOODg+ODiGlQYWTmkLrluK/pm7voqbHkuK3lj6Tjg5Hjgr3jgrPjg7Pjg47jg7zjg4jjg5Hjgr3jgrPjg7NpcG9kZG9jb21vc29mdGJhbmthdeODh+OCueOCr+ODiOODg+ODl+ODkeOCveOCs+ODs09mZmljZeS4reWPpFBD44Ki44Km44OI44Os44OD44OI44CQ6YCB5paZ54Sh5paZ44CR5b2T56S+77yR6YCx6ZaT5L+d6Ki8W+aWsOWTgV3ilqBFTEVDT00gTUhM5a++5b+c5qmf5Zmo5bCC55SoTUhM44Kx44O844OW44OrIDMuMG0gW01QQS1NSEwzSEQzMEJLXeOAkOWRqOi+uuapn+WZqOOAkSDjgJAg44OR44K944Kz44Oz77yG55m944Ot44Og44Gu44Kk44Kq44K344K5IOOAkQ==,44CQ5b2T56S+77yR6YCx6ZaT5L+d6Ki844CR44CC44CQ6YCB5paZ54Sh5paZ44CR5b2T56S+77yR6YCx6ZaT5L+d6Ki8W+aWsOWTgV3ilqBFTEVDT00gTUhM5a++5b+c5qmf5Zmo5bCC55SoTUhM44Kx44O844OW44OrIDMuMG0gW01QQS1NSEwzSEQzMEJLXeOAkOWRqOi+uuapn+WZqOOAkSDjgJAg44OR44K944Kz44Oz77yG55m944Ot44Og44Gu44Kk44Kq44K344K5IOOAkQ==[rn]
16-187151,aHR0cDovL3RzaG9wLnIxMHMuanAvcGMtZ29vZC9jYWJpbmV0L2lvc3lzX2cvbm9faXRlbS5qcGc/Zml0aW49NzAwOjcwMA==,MTU4NC4wMDAw,,44K544Oe44O844OI44OV44Kp44Oz44O744K/44OW44Os44OD44OIID4g44K544Oe44O844OI44OV44Kp44Oz44Ki44Kv44K744K144Oq44O8ID4g44Gd44Gu5LuW,44CQ6YCB5paZ54Sh5paZ44CR5b2T56S+77yR6YCx6ZaT5L+d6Ki8W+aWsOWTgV3ilqBjb21vbiDjgJDlkITnqK7jgrnjg57jg5vlr77lv5zjgJFtaWNyb1VTQuOCseODvOODluODqyAxbSDjg5bjg6njg4Pjgq/jgJDlhYXpm7vpgJrkv6HkuKHlr77lv5zjgJHjgJDlkajovrrmqZ/lmajjgJEg44CQIOODkeOCveOCs+ODs++8hueZveODreODoOOBruOCpOOCquOCt+OCuSDjgJE=,44CQ5b2T56S+77yR6YCx6ZaT5L+d6Ki844CR,PGxpbmsg44CA44CA44CA44CA44CA44CA44CA44CA44CA44CA44CA44CA44CAPSIiIHJlbD0ic3R5bGVzaGVldCIgaHJlZj0iaHR0cDovL3d3dy5yYWt1dGVuLm5lLmpwL2dvbGQvcGMtZ29vZC9hc3NldHMvc3R5bGVzaGVldHMvaXRlbXMvc3R5bGUuY3NzIj4gIDx0YWJsZSDjgIDjgIDjgIDjgIDjgIDjgIDjgIDjgIDjgIDjgIDjgIDjgIDjgIAgY2xhc3M9ImNfX3RhYmxlIGNfX3RhYmxlLWJvcmRlcmVkIj48dHI+PHRoPuaOpee2mjwvdGg+PHRkPlVTQjIuMCB0byBtaWNyb1VTQjwvdGQ+PC90cj48dHI+PHRoPuOCseODvOODluODq+mVtzwvdGg+PHRkPue0hO+8keODoeODvOODiOODqzwvdGQ+PC90cj48dHI+PHRoPuOCq+ODqeODvDwvdGg+PHRkPuODluODqeODg+OCr+WvvuW/nOapn+eorjrlkITnqK5BbmRyb2lk44K544Oe44Ob562J44CBbWljcm9VU0Llr77lv5zmqZ/lmag8L3RkPjwvdHI+PC90YWJsZSDjgIDjgIDjgIDjgIDjgIDjgIDjgIDjgIDjgIDjgIDjgIDjgIDjgIAgPiAgPHRhYmxlIOOAgOOAgOOAgOOAgOOAgOOAgOOAgOOAgOOAgOOAgOOAgOOAgOOAgCBjbGFzcz0iY19fdGFibGUgY19fdGFibGUtYm9yZGVyZWQiPiAgPHRyPjx0aD7ku5jlsZ7lk4E8L3RoPjx0ZD7mnKzkvZPjga7jgb88L3RkPjwvdHI+ICA8dHI+PHRoPuS/neiovOacn+mWkzwvdGg+PHRkPuW9k+ekvu+8kemAsemWk+S/neiovDxicj7kv53oqLzjga7oqbPjgZfjgYTlhoXlrrnjga/jgZPjgaHjgonjgafjgZTnorroqo3jgY/jgaDjgZXjgYQ8L3RkPjwvdHI+ICA8dHI+PHRoPuOBneOBruS7lueJueiomOS6i+mghTwvdGg+PHRkPuOCueODnuODm+OCkuS9v+OBo+OBpuOBhOOCi+S6uuOBq+OBr+W/hemgiOOBrm1pY3JvVVNC44Kx44O844OW44Or44Gn44GZ77yB77yB4oC75LiA6YOo5qmf56iu44Gn5L2/55So44Gn44GN44Gq44GE5aC05ZCI44GM44GC44KK44G+44GZ44CCPC90ZD48L3RyPiAgPHRyPjx0aD7llYblk4HnirbmhYvjga7oqqzmmI48L3RoPjx0ZD7mlrDlk4Hjga7llYblk4Hjgajjgarjgorjgb7jgZnjgII8L3RkPjwvdHI+ICA8L3RhYmxlIOOAgOOAgOOAgOOAgOOAgOOAgOOAgOOAgOOAgOOAgOOAgOOAgOOAgCA+ICA8aHI+PHRhYmxlIHdpZHRoPScxMDAlJyBjZWxsc3BhY2luZz0nNScgY2VsbHBhZGRpbmc9JzUnPjx0cj48dGggYmdjb2xvcj0nI0QwMDgwOCc+PGZvbnQgY29sb3I9JyNmZmZmZmYnPu+8geOBlOazqOaWh+WJjeOBq+OBlOeiuuiqjeOBj+OBoOOBleOBhDwvZm9udD48L3RoPjwvdHI+PHRyPjx0ZD7lrp/pmpvjga7llYblk4HjgajnlbDjgarjgovjgqTjg6Hjg7zjgrjnlLvlg4/jgpLliKnnlKjjgZfjgabjgYTjgovloLTlkIjjgYzlvqHluqfjgYTjgb7jgZnjgII8YnI+5b2T5bqX44CB5a6f5bqX6IiX44Go6Ieq56S+44K144Kk44OI44KS5ZCr44KA5YWx5pyJ5Zyo5bqr44Go44Gq44KK44CB44GU5rOo5paH44Gu44K/44Kk44Of44Oz44Kw44Gr44KI44Gj44Gm44Gv5ZWG5ZOB44KS44GU55So5oSP44Gn44GN44Gq44GE5aC05ZCI44GM44GU44GW44GE44G+44GZ44CC44GU55So5oSP5Ye65p2l44Gq44GL44Gj44Gf5aC05ZCI44Gr44Gk44GN44G+44GX44Gm44Gv44CB44GU5rOo5paH44Gu44Kt44Oj44Oz44K744Or44Go44GV44Gb44Gm6aCC44GN44G+44GZ44CC44Gd44Gu5LuW44CB5b2T5bqX44Gu44GU5rOo5paH44Gu5rWB44KM44KS44Oa44O844K45LiL6YOo44Gr44Gm44CB5LqI44KB44GU56K66KqN44GP44Gg44GV44GE44CCPC90ZD48L3RyPjwvdGFibGU+PGJyPg==,44CQ6YCB5paZ54Sh5paZ44CR5b2T56S+77yR6YCx6ZaT5L+d6Ki8W+aWsOWTgV3ilqBjb21vbiDjgJDlkITnqK7jgrnjg57jg5vlr77lv5zjgJFtaWNyb1VTQuOCseODvOODluODqyAxbSDjg5bjg6njg4Pjgq/jgJDlhYXpm7vpgJrkv6HkuKHlr77lv5zjgJHjgJDlkajovrrmqZ/lmajjgJEg44CQIOODkeOCveOCs+ODs++8hueZveODreODoOOBruOCpOOCquOCt+OCuSDjgJHvvJrkuK3lj6Tjg5Hjgr3jgrPjg7Pjgajnmb3jg63jg6Djga7jgqTjgqrjgrfjgrk=,44K544Oe44O844OI44OV44Kp44Oz44K544Oe44ObU0lN44OV44Oq44O855m944Ot44OgaVBob25lQW5kcm9pZOOCv+ODluODrOODg+ODiGlQYWTmkLrluK/pm7voqbHkuK3lj6Tjg5Hjgr3jgrPjg7Pjg47jg7zjg4jjg5Hjgr3jgrPjg7NpcG9kZG9jb21vc29mdGJhbmthdeODh+OCueOCr+ODiOODg+ODl+ODkeOCveOCs+ODs09mZmljZeS4reWPpFBD44Ki44Km44OI44Os44OD44OI44CQ6YCB5paZ54Sh5paZ44CR5b2T56S+77yR6YCx6ZaT5L+d6Ki8W+aWsOWTgV3ilqBjb21vbiDjgJDlkITnqK7jgrnjg57jg5vlr77lv5zjgJFtaWNyb1VTQuOCseODvOODluODqyAxbSDjg5bjg6njg4Pjgq/jgJDlhYXpm7vpgJrkv6HkuKHlr77lv5zjgJHjgJDlkajovrrmqZ/lmajjgJEg44CQIOODkeOCveOCs+ODs++8hueZveODreODoOOBruOCpOOCquOCt+OCuSDjgJE=,44CQ5b2T56S+77yR6YCx6ZaT5L+d6Ki844CR44CC44CQ6YCB5paZ54Sh5paZ44CR5b2T56S+77yR6YCx6ZaT5L+d6Ki8W+aWsOWTgV3ilqBjb21vbiDjgJDlkITnqK7jgrnjg57jg5vlr77lv5zjgJFtaWNyb1VTQuOCseODvOODluODqyAxbSDjg5bjg6njg4Pjgq/jgJDlhYXpm7vpgJrkv6HkuKHlr77lv5zjgJHjgJDlkajovrrmqZ/lmajjgJEg44CQIOODkeOCveOCs+ODs++8hueZveODreODoOOBruOCpOOCquOCt+OCuSDjgJE=[rn]
16-187152,aHR0cDovL3RzaG9wLnIxMHMuanAvcGMtZ29vZC9jYWJpbmV0L2lvc3lzX2cvbm9faXRlbS5qcGc/Zml0aW49NzAwOjcwMA==,Nzg0LjAwMDA=,,44K544Oe44O844OI44OV44Kp44Oz44O744K/44OW44Os44OD44OIID4g44K544Oe44O844OI44OV44Kp44Oz44Ki44Kv44K744K144Oq44O8ID4g44Gd44Gu5LuW,44CQ6YCB5paZ54Sh5paZ44CR5b2T56S+77yR6YCx6ZaT5L+d6Ki8W+aWsOWTgV3ilqBMb2dpdGVjaCDjgJDjgqLjg4Pjg5fjg6voqo3oqLzlk4HjgJHlt7vjgY3lj5bjgorjgr/jgqTjg5dMaWdodG5pbmfjgrHjg7zjg5bjg6sgTEhDLVRVQUxSTE4xMldIKOODm+ODr+OCpOODiCnjgJDlkajovrrmqZ/lmajjgJEg44CQIOODkeOCveOCs+ODs++8hueZveODreODoOOBruOCpOOCquOCt+OCuSDjgJE=,44CQ5b2T56S+77yR6YCx6ZaT5L+d6Ki844CR,PGxpbmsg44CA44CA44CA44CA44CA44CA44CA44CA44CA44CA44CA44CA44CAPSIiIHJlbD0ic3R5bGVzaGVldCIgaHJlZj0iaHR0cDovL3d3dy5yYWt1dGVuLm5lLmpwL2dvbGQvcGMtZ29vZC9hc3NldHMvc3R5bGVzaGVldHMvaXRlbXMvc3R5bGUuY3NzIj4gIDx0YWJsZSDjgIDjgIDjgIDjgIDjgIDjgIDjgIDjgIDjgIDjgIDjgIDjgIDjgIAgY2xhc3M9ImNfX3RhYmxlIGNfX3RhYmxlLWJvcmRlcmVkIj48dHI+PHRoPuijveWTgeOCv+OCpOODlzwvdGg+PHRkPkxpZ2h0bmluZ+OCseODvOODluODq+WFhembu+OAgeODh+ODvOOCv+mAmuS/oeS4oeWvvuW/nDxmb250IHNpemU9Ii0xIj4vPC9mb250PuOCseODvOODluODq+mVtzrntIQxLjJtPGZvbnQgc2l6ZT0iLTEiPi88L2ZvbnQ+5a++5b+c5qmf56iuTGlnaHRuaW5n44Kz44ON44Kv44K/44KS5pCt6LyJ44GX44GfaVBob25lPGZvbnQgc2l6ZT0iLTEiPi88L2ZvbnQ+aVBvZDxmb250IHNpemU9Ii0xIj4vPC9mb250PmlQYWQ8L3RkPjwvdHI+PC90YWJsZSDjgIDjgIDjgIDjgIDjgIDjgIDjgIDjgIDjgIDjgIDjgIDjgIDjgIAgPiAgPHRhYmxlIOOAgOOAgOOAgOOAgOOAgOOAgOOAgOOAgOOAgOOAgOOAgOOAgOOAgCBjbGFzcz0iY19fdGFibGUgY19fdGFibGUtYm9yZGVyZWQiPiAgPHRyPjx0aD7ku5jlsZ7lk4E8L3RoPjx0ZD7jgarjgZc8L3RkPjwvdHI+ICA8dHI+PHRoPuS/neiovOacn+mWkzwvdGg+PHRkPuW9k+ekvu+8kemAsemWk+S/neiovDxicj7kv53oqLzjga7oqbPjgZfjgYTlhoXlrrnjga/jgZPjgaHjgonjgafjgZTnorroqo3jgY/jgaDjgZXjgYQ8L3RkPjwvdHI+ICA8dHI+PHRoPuOBneOBruS7lueJueiomOS6i+mghTwvdGg+PHRkPuaMgeOBoemBi+OBs+OBq+S+v+WIqeOBquW3u+OBjeWPluOCiuOCv+OCpOODl+OAgjbmrrXpmo7jga7plbfjgZXoqr/nr4DjgYzlj6/og73jgII8L3RkPjwvdHI+ICA8dHI+PHRoPuWVhuWTgeeKtuaFi+OBruiqrOaYjjwvdGg+PHRkPuaWsOWTgeOBruWVhuWTgeOBqOOBquOCiuOBvuOBmeOAgjwvdGQ+PC90cj4gIDwvdGFibGUg44CA44CA44CA44CA44CA44CA44CA44CA44CA44CA44CA44CA44CAID4gIDxocj48dGFibGUgd2lkdGg9JzEwMCUnIGNlbGxzcGFjaW5nPSc1JyBjZWxscGFkZGluZz0nNSc+PHRyPjx0aCBiZ2NvbG9yPScjRDAwODA4Jz48Zm9udCBjb2xvcj0nI2ZmZmZmZic+77yB44GU5rOo5paH5YmN44Gr44GU56K66KqN44GP44Gg44GV44GEPC9mb250PjwvdGg+PC90cj48dHI+PHRkPuWun+mam+OBruWVhuWTgeOBqOeVsOOBquOCi+OCpOODoeODvOOCuOeUu+WDj+OCkuWIqeeUqOOBl+OBpuOBhOOCi+WgtOWQiOOBjOW+oeW6p+OBhOOBvuOBmeOAgjxicj7lvZPlupfjgIHlrp/lupfoiJfjgajoh6rnpL7jgrXjgqTjg4jjgpLlkKvjgoDlhbHmnInlnKjluqvjgajjgarjgorjgIHjgZTms6jmlofjga7jgr/jgqTjg5/jg7PjgrDjgavjgojjgaPjgabjga/llYblk4HjgpLjgZTnlKjmhI/jgafjgY3jgarjgYTloLTlkIjjgYzjgZTjgZbjgYTjgb7jgZnjgILjgZTnlKjmhI/lh7rmnaXjgarjgYvjgaPjgZ/loLTlkIjjgavjgaTjgY3jgb7jgZfjgabjga/jgIHjgZTms6jmlofjga7jgq3jg6Pjg7Pjgrvjg6vjgajjgZXjgZvjgabpoILjgY3jgb7jgZnjgILjgZ3jga7ku5bjgIHlvZPlupfjga7jgZTms6jmlofjga7mtYHjgozjgpLjg5rjg7zjgrjkuIvpg6jjgavjgabjgIHkuojjgoHjgZTnorroqo3jgY/jgaDjgZXjgYTjgII8L3RkPjwvdHI+PC90YWJsZT48YnI+,44CQ6YCB5paZ54Sh5paZ44CR5b2T56S+77yR6YCx6ZaT5L+d6Ki8W+aWsOWTgV3ilqBMb2dpdGVjaCDjgJDjgqLjg4Pjg5fjg6voqo3oqLzlk4HjgJHlt7vjgY3lj5bjgorjgr/jgqTjg5dMaWdodG5pbmfjgrHjg7zjg5bjg6sgTEhDLVRVQUxSTE4xMldIKOODm+ODr+OCpOODiCnjgJDlkajovrrmqZ/lmajjgJEg44CQIOODkeOCveOCs+ODs++8hueZveODreODoOOBruOCpOOCquOCt+OCuSDjgJHvvJrkuK3lj6Tjg5Hjgr3jgrPjg7Pjgajnmb3jg63jg6Djga7jgqTjgqrjgrfjgrk=,44K544Oe44O844OI44OV44Kp44Oz44K544Oe44ObU0lN44OV44Oq44O855m944Ot44OgaVBob25lQW5kcm9pZOOCv+ODluODrOODg+ODiGlQYWTmkLrluK/pm7voqbHkuK3lj6Tjg5Hjgr3jgrPjg7Pjg47jg7zjg4jjg5Hjgr3jgrPjg7NpcG9kZG9jb21vc29mdGJhbmthdeODh+OCueOCr+ODiOODg+ODl+ODkeOCveOCs+ODs09mZmljZeS4reWPpFBD44Ki44Km44OI44Os44OD44OI44CQ6YCB5paZ54Sh5paZ44CR5b2T56S+77yR6YCx6ZaT5L+d6Ki8W+aWsOWTgV3ilqBMb2dpdGVjaCDjgJDjgqLjg4Pjg5fjg6voqo3oqLzlk4HjgJHlt7vjgY3lj5bjgorjgr/jgqTjg5dMaWdodG5pbmfjgrHjg7zjg5bjg6sgTEhDLVRVQUxSTE4xMldIKOODm+ODr+OCpOODiCnjgJDlkajovrrmqZ/lmajjgJEg44CQIOODkeOCveOCs+ODs++8hueZveODreODoOOBruOCpOOCquOCt+OCuSDjgJE=,44CQ5b2T56S+77yR6YCx6ZaT5L+d6Ki844CR44CC44CQ6YCB5paZ54Sh5paZ44CR5b2T56S+77yR6YCx6ZaT5L+d6Ki8W+aWsOWTgV3ilqBMb2dpdGVjaCDjgJDjgqLjg4Pjg5fjg6voqo3oqLzlk4HjgJHlt7vjgY3lj5bjgorjgr/jgqTjg5dMaWdodG5pbmfjgrHjg7zjg5bjg6sgTEhDLVRVQUxSTE4xMldIKOODm+ODr+OCpOODiCnjgJDlkajovrrmqZ/lmajjgJEg44CQIOODkeOCveOCs+ODs++8hueZveODreODoOOBruOCpOOCquOCt+OCuSDjgJE=[rn]
16-187153,aHR0cDovL3RzaG9wLnIxMHMuanAvcGMtZ29vZC9jYWJpbmV0L2lvc3lzX2cvbm9faXRlbS5qcGc/Zml0aW49NzAwOjcwMA==,Nzg0LjAwMDA=,,44K544Oe44O844OI44OV44Kp44Oz44O744K/44OW44Os44OD44OIID4g44K544Oe44O844OI44OV44Kp44Oz44Ki44Kv44K744K144Oq44O8ID4g44Gd44Gu5LuW,44CQ6YCB5paZ54Sh5paZ44CR5b2T56S+77yR6YCx6ZaT5L+d6Ki8W+aWsOWTgV3ilqBMb2dpdGVjaCDjgJDjgqLjg4Pjg5fjg6voqo3oqLzlk4HjgJHlt7vjgY3lj5bjgorjgr/jgqTjg5dMaWdodG5pbmfjgrHjg7zjg5bjg6sgTEhDLVRVQUxSTE4xMkJLKOODluODqeODg+OCrynjgJDlkajovrrmqZ/lmajjgJEg44CQIOODkeOCveOCs+ODs++8hueZveODreODoOOBruOCpOOCquOCt+OCuSDjgJE=,44CQ5b2T56S+77yR6YCx6ZaT5L+d6Ki844CR,PGxpbmsg44CA44CA44CA44CA44CA44CA44CA44CA44CA44CA44CA44CA44CAPSIiIHJlbD0ic3R5bGVzaGVldCIgaHJlZj0iaHR0cDovL3d3dy5yYWt1dGVuLm5lLmpwL2dvbGQvcGMtZ29vZC9hc3NldHMvc3R5bGVzaGVldHMvaXRlbXMvc3R5bGUuY3NzIj4gIDx0YWJsZSDjgIDjgIDjgIDjgIDjgIDjgIDjgIDjgIDjgIDjgIDjgIDjgIDjgIAgY2xhc3M9ImNfX3RhYmxlIGNfX3RhYmxlLWJvcmRlcmVkIj48dHI+PHRoPuijveWTgeOCv+OCpOODlzwvdGg+PHRkPkxpZ2h0bmluZ+OCseODvOODluODq+WFhembu+OAgeODh+ODvOOCv+mAmuS/oeS4oeWvvuW/nDxmb250IHNpemU9Ii0xIj4vPC9mb250PuOCseODvOODluODq+mVtzrntIQxLjJtPGZvbnQgc2l6ZT0iLTEiPi88L2ZvbnQ+5a++5b+c5qmf56iuTGlnaHRuaW5n44Kz44ON44Kv44K/44KS5pCt6LyJ44GX44GfaVBob25lPGZvbnQgc2l6ZT0iLTEiPi88L2ZvbnQ+aVBvZDxmb250IHNpemU9Ii0xIj4vPC9mb250PmlQYWQ8L3RkPjwvdHI+PC90YWJsZSDjgIDjgIDjgIDjgIDjgIDjgIDjgIDjgIDjgIDjgIDjgIDjgIDjgIAgPiAgPHRhYmxlIOOAgOOAgOOAgOOAgOOAgOOAgOOAgOOAgOOAgOOAgOOAgOOAgOOAgCBjbGFzcz0iY19fdGFibGUgY19fdGFibGUtYm9yZGVyZWQiPiAgPHRyPjx0aD7ku5jlsZ7lk4E8L3RoPjx0ZD7jgarjgZc8L3RkPjwvdHI+ICA8dHI+PHRoPuS/neiovOacn+mWkzwvdGg+PHRkPuW9k+ekvu+8kemAsemWk+S/neiovDxicj7kv53oqLzjga7oqbPjgZfjgYTlhoXlrrnjga/jgZPjgaHjgonjgafjgZTnorroqo3jgY/jgaDjgZXjgYQ8L3RkPjwvdHI+ICA8dHI+PHRoPuOBneOBruS7lueJueiomOS6i+mghTwvdGg+PHRkPuaMgeOBoemBi+OBs+OBq+S+v+WIqeOBquW3u+OBjeWPluOCiuOCv+OCpOODl+OAgjbmrrXpmo7jga7plbfjgZXoqr/nr4DjgYzlj6/og73jgII8L3RkPjwvdHI+ICA8dHI+PHRoPuWVhuWTgeeKtuaFi+OBruiqrOaYjjwvdGg+PHRkPuaWsOWTgeOBruWVhuWTgeOBqOOBquOCiuOBvuOBmeOAgjwvdGQ+PC90cj4gIDwvdGFibGUg44CA44CA44CA44CA44CA44CA44CA44CA44CA44CA44CA44CA44CAID4gIDxocj48dGFibGUgd2lkdGg9JzEwMCUnIGNlbGxzcGFjaW5nPSc1JyBjZWxscGFkZGluZz0nNSc+PHRyPjx0aCBiZ2NvbG9yPScjRDAwODA4Jz48Zm9udCBjb2xvcj0nI2ZmZmZmZic+77yB44GU5rOo5paH5YmN44Gr44GU56K66KqN44GP44Gg44GV44GEPC9mb250PjwvdGg+PC90cj48dHI+PHRkPuWun+mam+OBruWVhuWTgeOBqOeVsOOBquOCi+OCpOODoeODvOOCuOeUu+WDj+OCkuWIqeeUqOOBl+OBpuOBhOOCi+WgtOWQiOOBjOW+oeW6p+OBhOOBvuOBmeOAgjxicj7lvZPlupfjgIHlrp/lupfoiJfjgajoh6rnpL7jgrXjgqTjg4jjgpLlkKvjgoDlhbHmnInlnKjluqvjgajjgarjgorjgIHjgZTms6jmlofjga7jgr/jgqTjg5/jg7PjgrDjgavjgojjgaPjgabjga/llYblk4HjgpLjgZTnlKjmhI/jgafjgY3jgarjgYTloLTlkIjjgYzjgZTjgZbjgYTjgb7jgZnjgILjgZTnlKjmhI/lh7rmnaXjgarjgYvjgaPjgZ/loLTlkIjjgavjgaTjgY3jgb7jgZfjgabjga/jgIHjgZTms6jmlofjga7jgq3jg6Pjg7Pjgrvjg6vjgajjgZXjgZvjgabpoILjgY3jgb7jgZnjgILjgZ3jga7ku5bjgIHlvZPlupfjga7jgZTms6jmlofjga7mtYHjgozjgpLjg5rjg7zjgrjkuIvpg6jjgavjgabjgIHkuojjgoHjgZTnorroqo3jgY/jgaDjgZXjgYTjgII8L3RkPjwvdHI+PC90YWJsZT48YnI+,44CQ6YCB5paZ54Sh5paZ44CR5b2T56S+77yR6YCx6ZaT5L+d6Ki8W+aWsOWTgV3ilqBMb2dpdGVjaCDjgJDjgqLjg4Pjg5fjg6voqo3oqLzlk4HjgJHlt7vjgY3lj5bjgorjgr/jgqTjg5dMaWdodG5pbmfjgrHjg7zjg5bjg6sgTEhDLVRVQUxSTE4xMkJLKOODluODqeODg+OCrynjgJDlkajovrrmqZ/lmajjgJEg44CQIOODkeOCveOCs+ODs++8hueZveODreODoOOBruOCpOOCquOCt+OCuSDjgJHvvJrkuK3lj6Tjg5Hjgr3jgrPjg7Pjgajnmb3jg63jg6Djga7jgqTjgqrjgrfjgrk=,44K544Oe44O844OI44OV44Kp44Oz44K544Oe44ObU0lN44OV44Oq44O855m944Ot44OgaVBob25lQW5kcm9pZOOCv+ODluODrOODg+ODiGlQYWTmkLrluK/pm7voqbHkuK3lj6Tjg5Hjgr3jgrPjg7Pjg47jg7zjg4jjg5Hjgr3jgrPjg7NpcG9kZG9jb21vc29mdGJhbmthdeODh+OCueOCr+ODiOODg+ODl+ODkeOCveOCs+ODs09mZmljZeS4reWPpFBD44Ki44Km44OI44Os44OD44OI44CQ6YCB5paZ54Sh5paZ44CR5b2T56S+77yR6YCx6ZaT5L+d6Ki8W+aWsOWTgV3ilqBMb2dpdGVjaCDjgJDjgqLjg4Pjg5fjg6voqo3oqLzlk4HjgJHlt7vjgY3lj5bjgorjgr/jgqTjg5dMaWdodG5pbmfjgrHjg7zjg5bjg6sgTEhDLVRVQUxSTE4xMkJLKOODluODqeODg+OCrynjgJDlkajovrrmqZ/lmajjgJEg44CQIOODkeOCveOCs+ODs++8hueZveODreODoOOBruOCpOOCquOCt+OCuSDjgJE=,44CQ5b2T56S+77yR6YCx6ZaT5L+d6Ki844CR44CC44CQ6YCB5paZ54Sh5paZ44CR5b2T56S+77yR6YCx6ZaT5L+d6Ki8W+aWsOWTgV3ilqBMb2dpdGVjaCDjgJDjgqLjg4Pjg5fjg6voqo3oqLzlk4HjgJHlt7vjgY3lj5bjgorjgr/jgqTjg5dMaWdodG5pbmfjgrHjg7zjg5bjg6sgTEhDLVRVQUxSTE4xMkJLKOODluODqeODg+OCrynjgJDlkajovrrmqZ/lmajjgJEg44CQIOODkeOCveOCs+ODs++8hueZveODreODoOOBruOCpOOCquOCt+OCuSDjgJE=[rn]
16-187154,aHR0cDovL3RzaG9wLnIxMHMuanAvcGMtZ29vZC9jYWJpbmV0L2lvc3lzX2cvMTEwMDAwXzExMTk5OS8xMTA0OTAuanBnP2ZpdGluPTcwMDo3MDA=,MTU4NDAuMDAwMA==,,44K544Oe44O844OI44OV44Kp44Oz44O744K/44OW44Os44OD44OIID4g44K544Oe44O844OI44OV44Kp44Oz44Ki44Kv44K744K144Oq44O8ID4g44Gd44Gu5LuW,44CQ6YCB5paZ54Sh5paZ44CR5b2T56S+77yR44O25pyI6ZaT5L+d6Ki8W+S4reWPpELjg6njg7Pjgq9d4pagQXBwbGUgQXBwbGUgV2F0Y2ggMzhtbSBbTUozMTJKL0FdIOOAkOWRqOi+uuapn+WZqOOAkeS4reWPpOOAkOS4reWPpOOAkSDjgJAg44OR44K944Kz44Oz77yG55m944Ot44Og44Gu44Kk44Kq44K344K5IOOAkQ==,44CQ5b2T56S+77yR44O25pyI6ZaT5L+d6Ki844CR,PGxpbmsg44CA44CA44CA44CA44CA44CA44CA44CA44CA44CA44CA44CA44CAPSIiIHJlbD0ic3R5bGVzaGVldCIgaHJlZj0iaHR0cDovL3d3dy5yYWt1dGVuLm5lLmpwL2dvbGQvcGMtZ29vZC9hc3NldHMvc3R5bGVzaGVldHMvaXRlbXMvc3R5bGUuY3NzIj4gIDx0YWJsZSDjgIDjgIDjgIDjgIDjgIDjgIDjgIDjgIDjgIDjgIDjgIDjgIDjgIAgY2xhc3M9ImNfX3RhYmxlIGNfX3RhYmxlLWJvcmRlcmVkIj48dHI+PHRoPuODh+OCo+OCueODl+ODrOOCpDwvdGg+PHRkPlJldGluYeODh+OCo+OCueODl+ODrOOCpDwvdGQ+PC90cj48dHI+PHRoPldpLUZpPC90aD48dGQ+ODAyLjExYjxmb250IHNpemU9Ii0xIj4vPC9mb250PmcgODAyLjExYjxmb250IHNpemU9Ii0xIj4vPC9mb250Pmc8L3RkPjwvdHI+PHRyPjx0aD5CbHVldG9vdGg8L3RoPjx0ZD40LjAg5pCt6LyJ44K744Oz44K144O8PGZvbnQgc2l6ZT0iLTEiPi88L2ZvbnQ+5Yqg6YCf5bqm44K744Oz44K144O8PGZvbnQgc2l6ZT0iLTEiPi88L2ZvbnQ+5b+D5ouN44K744Oz44K144O8PGZvbnQgc2l6ZT0iLTEiPi88L2ZvbnQ+R1BTPC90ZD48L3RyPjx0cj48dGg+44Gd44Gu5LuWPC90aD48dGQ+552A5L+h6YCa55+l5qmf6IO9PGZvbnQgc2l6ZT0iLTEiPi88L2ZvbnQ+5q2p5pWw6KiI5qmf6IO9PC90ZD48L3RyPjwvdGFibGUg44CA44CA44CA44CA44CA44CA44CA44CA44CA44CA44CA44CA44CAID4gIDx0YWJsZSDjgIDjgIDjgIDjgIDjgIDjgIDjgIDjgIDjgIDjgIDjgIDjgIDjgIAgY2xhc3M9ImNfX3RhYmxlIGNfX3RhYmxlLWJvcmRlcmVkIj4gIDx0cj48dGg+5LuY5bGe5ZOBPC90aD48dGQ+566xL1VTQumbu+a6kOOCouODgOODl+OCvy/jgq/jgqTjg4Pjgq/jgrnjgr/jg7zjg4g8L3RkPjwvdHI+ICA8dHI+PHRoPuS/neiovOacn+mWkzwvdGg+PHRkPuW9k+ekvu+8keODtuaciOmWk+S/neiovDxicj7kv53oqLzjga7oqbPjgZfjgYTlhoXlrrnjga/jgZPjgaHjgonjgafjgZTnorroqo3jgY/jgaDjgZXjgYQ8L3RkPjwvdHI+ICA8dHI+PHRoPuOBneOBruS7lueJueiomOS6i+mghTwvdGg+PHRkPjwvdGQ+PC90cj4gIDx0cj48dGg+5ZWG5ZOB54q25oWL44Gu6Kqs5piOPC90aD48dGQ+5Lit5Y+k5ZWG5ZOB54m55pyJ44Gu57WM5bm05Yqj5YyW44GM6KaL44KJ44KM44KL54q25oWL44Gn44GZ44GM44CB6YCa5bi45L2/55So44Gr44Gv5ZWP6aGM5pyJ44KK44G+44Gb44KT44CCPEJSPue1jOW5tOWKo+WMluOBruips+OBl+OBhOiqrOaYjuOBr+OBk+OBoeOCieOBq+OBpuOBlOeiuuiqjeS4i+OBleOBhDxCUj7opIfmlbDlj7DlnKjluqvjgZfjgabjgYTjgovllYblk4Hjga7lhpnnnJ/jgavplqLjgZfjgabjga/jgIHjgarjgovjgbnjgY/mqJnmupbnmoTjgarlpJboo4XnirbmhYvjga7jgoLjga7jgpLpgbjjgpPjgafmkq7lvbHjgZfjgabjgYrjgorjgb7jgZnjgILlhpnnnJ/jga7llYblk4Hjga/jgYrmiYvlhYPjgavlsYrjgY/lgIvkvZPjgajjgYTjgYbjgo/jgZHjgafjga/lvqHluqfjgYTjgb7jgZvjgpPjga7jgafkuojjgoHjgZTkuobmib/kuIvjgZXjgYTjgII8L3RkPjwvdHI+ICA8L3RhYmxlIOOAgOOAgOOAgOOAgOOAgOOAgOOAgOOAgOOAgOOAgOOAgOOAgOOAgCA+ICA8aHI+PHRhYmxlIHdpZHRoPScxMDAlJyBjZWxsc3BhY2luZz0nNScgY2VsbHBhZGRpbmc9JzUnPjx0cj48dGggYmdjb2xvcj0nI0QwMDgwOCc+PGZvbnQgY29sb3I9JyNmZmZmZmYnPu+8geOBlOazqOaWh+WJjeOBq+OBlOeiuuiqjeOBj+OBoOOBleOBhDwvZm9udD48L3RoPjwvdHI+PHRyPjx0ZD7lrp/pmpvjga7llYblk4HjgajnlbDjgarjgovjgqTjg6Hjg7zjgrjnlLvlg4/jgpLliKnnlKjjgZfjgabjgYTjgovloLTlkIjjgYzlvqHluqfjgYTjgb7jgZnjgII8YnI+5b2T5bqX44CB5a6f5bqX6IiX44Go6Ieq56S+44K144Kk44OI44KS5ZCr44KA5YWx5pyJ5Zyo5bqr44Go44Gq44KK44CB44GU5rOo5paH44Gu44K/44Kk44Of44Oz44Kw44Gr44KI44Gj44Gm44Gv5ZWG5ZOB44KS44GU55So5oSP44Gn44GN44Gq44GE5aC05ZCI44GM44GU44GW44GE44G+44GZ44CC44GU55So5oSP5Ye65p2l44Gq44GL44Gj44Gf5aC05ZCI44Gr44Gk44GN44G+44GX44Gm44Gv44CB44GU5rOo5paH44Gu44Kt44Oj44Oz44K744Or44Go44GV44Gb44Gm6aCC44GN44G+44GZ44CC44Gd44Gu5LuW44CB5b2T5bqX44Gu44GU5rOo5paH44Gu5rWB44KM44KS44Oa44O844K45LiL6YOo44Gr44Gm44CB5LqI44KB44GU56K66KqN44GP44Gg44GV44GE44CCPC90ZD48L3RyPjwvdGFibGU+PGJyPg==,44CQ6YCB5paZ54Sh5paZ44CR5b2T56S+77yR44O25pyI6ZaT5L+d6Ki8W+S4reWPpELjg6njg7Pjgq9d4pagQXBwbGUgQXBwbGUgV2F0Y2ggMzhtbSBbTUozMTJKL0FdIOOAkOWRqOi+uuapn+WZqOOAkeS4reWPpOOAkOS4reWPpOOAkSDjgJAg44OR44K944Kz44Oz77yG55m944Ot44Og44Gu44Kk44Kq44K344K5IOOAke+8muS4reWPpOODkeOCveOCs+ODs+OBqOeZveODreODoOOBruOCpOOCquOCt+OCuQ==,44K544Oe44O844OI44OV44Kp44Oz44K544Oe44ObU0lN44OV44Oq44O855m944Ot44OgaVBob25lQW5kcm9pZOOCv+ODluODrOODg+ODiGlQYWTmkLrluK/pm7voqbHkuK3lj6Tjg5Hjgr3jgrPjg7Pjg47jg7zjg4jjg5Hjgr3jgrPjg7NpcG9kZG9jb21vc29mdGJhbmthdeODh+OCueOCr+ODiOODg+ODl+ODkeOCveOCs+ODs09mZmljZeS4reWPpFBD44Ki44Km44OI44Os44OD44OI44CQ6YCB5paZ54Sh5paZ44CR5b2T56S+77yR44O25pyI6ZaT5L+d6Ki8W+S4reWPpELjg6njg7Pjgq9d4pagQXBwbGUgQXBwbGUgV2F0Y2ggMzhtbSBbTUozMTJKL0FdIOOAkOWRqOi+uuapn+WZqOOAkeS4reWPpOOAkOS4reWPpOOAkSDjgJAg44OR44K944Kz44Oz77yG55m944Ot44Og44Gu44Kk44Kq44K344K5IOOAkQ==,44CQ5b2T56S+77yR44O25pyI6ZaT5L+d6Ki844CR44CC44CQ6YCB5paZ54Sh5paZ44CR5b2T56S+77yR44O25pyI6ZaT5L+d6Ki8W+S4reWPpELjg6njg7Pjgq9d4pagQXBwbGUgQXBwbGUgV2F0Y2ggMzhtbSBbTUozMTJKL0FdIOOAkOWRqOi+uuapn+WZqOOAkeS4reWPpOOAkOS4reWPpOOAkSDjgJAg44OR44K944Kz44Oz77yG55m944Ot44Og44Gu44Kk44Kq44K344K5IOOAkQ==[rn]
16-187155,aHR0cDovL3RzaG9wLnIxMHMuanAvcGMtZ29vZC9jYWJpbmV0L2lvc3lzX2cvMTAwMDAwXzEwMTk5OS8xMDAyNDMuanBnP2ZpdGluPTcwMDo3MDA=,MjM4NDAuMDAwMA==,,44K544Oe44O844OI44OV44Kp44Oz44O744K/44OW44Os44OD44OIID4g44K544Oe44O844OI44OV44Kp44Oz44Ki44Kv44K744K144Oq44O8ID4g44Gd44Gu5LuW,44CQ6YCB5paZ54Sh5paZ44CR5b2T56S+77yR44O25pyI6ZaT5L+d6Ki8W+S4reWPpEPjg6njg7Pjgq9d4pagQXBwbGUgQXBwbGUgV2F0Y2ggMzhtbSAoTUozMjJKL0EpIOOAkOOCueODhuODs+ODrOOCueOCueODgeODvOODqy/jg5/jg6njg43jg7zjgrzjg6vjg7zjg5fjgJHjgJDlkajovrrmqZ/lmajjgJHkuK3lj6TjgJDkuK3lj6TjgJEg44CQIOODkeOCveOCs+ODs++8hueZveODreODoOOBruOCpOOCquOCt+OCuSDjgJE=,44CQ5b2T56S+77yR44O25pyI6ZaT5L+d6Ki844CR,PGxpbmsg44CA44CA44CA44CA44CA44CA44CA44CA44CA44CA44CA44CA44CAPSIiIHJlbD0ic3R5bGVzaGVldCIgaHJlZj0iaHR0cDovL3d3dy5yYWt1dGVuLm5lLmpwL2dvbGQvcGMtZ29vZC9hc3NldHMvc3R5bGVzaGVldHMvaXRlbXMvc3R5bGUuY3NzIj4gIDx0YWJsZSDjgIDjgIDjgIDjgIDjgIDjgIDjgIDjgIDjgIDjgIDjgIDjgIDjgIAgY2xhc3M9ImNfX3RhYmxlIGNfX3RhYmxlLWJvcmRlcmVkIj48dHI+PHRoPuOCteOCpOOCujwvdGg+PHRkPjQzOC42IHggMzMuMyB4IDEwLjUgbW08L3RkPjwvdHI+PHRyPjx0aD7jgrHjg7zjgrnph43jgZU8L3RoPjx0ZD7ntIQyNWc8L3RkPjwvdHI+PHRyPjx0aD7jg4fjgqPjgrnjg5fjg6zjgqQ8L3RoPjx0ZD7mhJ/lnKfjgr/jg4Pjg4Hjgavlr77lv5zjgZfjgZ9SZXRpbmHjg4fjgqPjgrnjg5fjg6zjgqQ8L3RkPjwvdHI+PHRyPjx0aD5XaXJlbGVzczwvdGg+PHRkPldpLUZpICg4MDIuMTFiPGZvbnQgc2l6ZT0iLTEiPi88L2ZvbnQ+Zzxmb250IHNpemU9Ii0xIj4vPC9mb250Pm4gMi40R0h6KTxmb250IHNpemU9Ii0xIj4vPC9mb250PkJsdWV0b290aCA0LjAg5b+D5ouN44K744Oz44K144O844CB5Yqg6YCf5bqm44K744Oz44K144O844CB44K444Oj44Kk44Ot44K544Kz44O844OXPC90ZD48L3RyPjx0cj48dGg+6Ziy5rC0PC90aD48dGQ+SVBYNzwvdGQ+PC90cj48L3RhYmxlIOOAgOOAgOOAgOOAgOOAgOOAgOOAgOOAgOOAgOOAgOOAgOOAgOOAgCA+ICA8dGFibGUg44CA44CA44CA44CA44CA44CA44CA44CA44CA44CA44CA44CA44CAIGNsYXNzPSJjX190YWJsZSBjX190YWJsZS1ib3JkZXJlZCI+ICA8dHI+PHRoPuS7mOWxnuWTgTwvdGg+PHRkPueusS/jg57jg4vjg6XjgqLjg6svQUPjgqLjg4Djg5fjgr8v44Oe44Kw44ON44OD44OI5byP5YWF6Zu744Kx44O844OW44OrPC90ZD48L3RyPiAgPHRyPjx0aD7kv53oqLzmnJ/plpM8L3RoPjx0ZD7lvZPnpL7vvJHjg7bmnIjplpPkv53oqLw8YnI+5L+d6Ki844Gu6Kmz44GX44GE5YaF5a6544Gv44GT44Gh44KJ44Gn44GU56K66KqN44GP44Gg44GV44GEPC90ZD48L3RyPiAgPHRyPjx0aD7jgZ3jga7ku5bnibnoqJjkuovpoIU8L3RoPjx0ZD48L3RkPjwvdHI+ICA8dHI+PHRoPuWVhuWTgeeKtuaFi+OBruiqrOaYjjwvdGg+PHRkPuebrueri+OBpOOCreOCuuetieOAgeWkluijheeKtuaFi+OBq+e1jOW5tOWKo+WMluS7peWkluOBrueXh+eKtuOBjOOBv+OCieOCjOOCi+WVhuWTgeOBqOOBquOCiuOBvuOBmeOAgjwvdGQ+PC90cj4gIDwvdGFibGUg44CA44CA44CA44CA44CA44CA44CA44CA44CA44CA44CA44CA44CAID4gIDxocj48dGFibGUgd2lkdGg9JzEwMCUnIGNlbGxzcGFjaW5nPSc1JyBjZWxscGFkZGluZz0nNSc+PHRyPjx0aCBiZ2NvbG9yPScjRDAwODA4Jz48Zm9udCBjb2xvcj0nI2ZmZmZmZic+77yB44GU5rOo5paH5YmN44Gr44GU56K66KqN44GP44Gg44GV44GEPC9mb250PjwvdGg+PC90cj48dHI+PHRkPuWun+mam+OBruWVhuWTgeOBqOeVsOOBquOCi+OCpOODoeODvOOCuOeUu+WDj+OCkuWIqeeUqOOBl+OBpuOBhOOCi+WgtOWQiOOBjOW+oeW6p+OBhOOBvuOBmeOAgjxicj7lvZPlupfjgIHlrp/lupfoiJfjgajoh6rnpL7jgrXjgqTjg4jjgpLlkKvjgoDlhbHmnInlnKjluqvjgajjgarjgorjgIHjgZTms6jmlofjga7jgr/jgqTjg5/jg7PjgrDjgavjgojjgaPjgabjga/llYblk4HjgpLjgZTnlKjmhI/jgafjgY3jgarjgYTloLTlkIjjgYzjgZTjgZbjgYTjgb7jgZnjgILjgZTnlKjmhI/lh7rmnaXjgarjgYvjgaPjgZ/loLTlkIjjgavjgaTjgY3jgb7jgZfjgabjga/jgIHjgZTms6jmlofjga7jgq3jg6Pjg7Pjgrvjg6vjgajjgZXjgZvjgabpoILjgY3jgb7jgZnjgILjgZ3jga7ku5bjgIHlvZPlupfjga7jgZTms6jmlofjga7mtYHjgozjgpLjg5rjg7zjgrjkuIvpg6jjgavjgabjgIHkuojjgoHjgZTnorroqo3jgY/jgaDjgZXjgYTjgII8L3RkPjwvdHI+PC90YWJsZT48YnI+,44CQ6YCB5paZ54Sh5paZ44CR5b2T56S+77yR44O25pyI6ZaT5L+d6Ki8W+S4reWPpEPjg6njg7Pjgq9d4pagQXBwbGUgQXBwbGUgV2F0Y2ggMzhtbSAoTUozMjJKL0EpIOOAkOOCueODhuODs+ODrOOCueOCueODgeODvOODqy/jg5/jg6njg43jg7zjgrzjg6vjg7zjg5fjgJHjgJDlkajovrrmqZ/lmajjgJHkuK3lj6TjgJDkuK3lj6TjgJEg44CQIOODkeOCveOCs+ODs++8hueZveODreODoOOBruOCpOOCquOCt+OCuSDjgJHvvJrkuK3lj6Tjg5Hjgr3jgrPjg7Pjgajnmb3jg63jg6Djga7jgqTjgqrjgrfjgrk=,44K544Oe44O844OI44OV44Kp44Oz44K544Oe44ObU0lN44OV44Oq44O855m944Ot44OgaVBob25lQW5kcm9pZOOCv+ODluODrOODg+ODiGlQYWTmkLrluK/pm7voqbHkuK3lj6Tjg5Hjgr3jgrPjg7Pjg47jg7zjg4jjg5Hjgr3jgrPjg7NpcG9kZG9jb21vc29mdGJhbmthdeODh+OCueOCr+ODiOODg+ODl+ODkeOCveOCs+ODs09mZmljZeS4reWPpFBD44Ki44Km44OI44Os44OD44OI44CQ6YCB5paZ54Sh5paZ44CR5b2T56S+77yR44O25pyI6ZaT5L+d6Ki8W+S4reWPpEPjg6njg7Pjgq9d4pagQXBwbGUgQXBwbGUgV2F0Y2ggMzhtbSAoTUozMjJKL0EpIOOAkOOCueODhuODs+ODrOOCueOCueODgeODvOODqy/jg5/jg6njg43jg7zjgrzjg6vjg7zjg5fjgJHjgJDlkajovrrmqZ/lmajjgJHkuK3lj6TjgJDkuK3lj6TjgJEg44CQIOODkeOCveOCs+ODs++8hueZveODreODoOOBruOCpOOCquOCt+OCuSDjgJE=,44CQ5b2T56S+77yR44O25pyI6ZaT5L+d6Ki844CR44CC44CQ6YCB5paZ54Sh5paZ44CR5b2T56S+77yR44O25pyI6ZaT5L+d6Ki8W+S4reWPpEPjg6njg7Pjgq9d4pagQXBwbGUgQXBwbGUgV2F0Y2ggMzhtbSAoTUozMjJKL0EpIOOAkOOCueODhuODs+ODrOOCueOCueODgeODvOODqy/jg5/jg6njg43jg7zjgrzjg6vjg7zjg5fjgJHjgJDlkajovrrmqZ/lmajjgJHkuK3lj6TjgJDkuK3lj6TjgJEg44CQIOODkeOCveOCs+ODs++8hueZveODreODoOOBruOCpOOCquOCt+OCuSDjgJE=[rn]
16-187156,aHR0cDovL3RzaG9wLnIxMHMuanAvcGMtZ29vZC9jYWJpbmV0L2lvc3lzX2cvMTE0MDAwXzExNTk5OS8xMTQ0MzAuanBnP2ZpdGluPTcwMDo3MDA=,MjE0NDAuMDAwMA==,,44K544Oe44O844OI44OV44Kp44Oz44O744K/44OW44Os44OD44OIID4g44K544Oe44O844OI44OV44Kp44Oz44Ki44Kv44K744K144Oq44O8ID4g44Gd44Gu5LuW,44CQ6YCB5paZ54Sh5paZ44CR5b2T56S+77yR44O25pyI6ZaT5L+d6Ki8W+S4reWPpEPjg6njg7Pjgq9d4pagTU9UT1JPTEEgTW90b3JvbGEgTW90bzM2MCAoMm5kIEdlbi4pIG1lbnMgNDJtbSDjg5bjg6njg4Pjgq/jg6Hjgr/jg6vjgJDlkajovrrmqZ/lmajjgJHkuK3lj6TjgJDkuK3lj6TjgJEg44CQIOODkeOCveOCs+ODs++8hueZveODreODoOOBruOCpOOCquOCt+OCuSDjgJE=,44CQ5b2T56S+77yR44O25pyI6ZaT5L+d6Ki844CR,PGxpbmsg44CA44CA44CA44CA44CA44CA44CA44CA44CA44CA44CA44CA44CAPSIiIHJlbD0ic3R5bGVzaGVldCIgaHJlZj0iaHR0cDovL3d3dy5yYWt1dGVuLm5lLmpwL2dvbGQvcGMtZ29vZC9hc3NldHMvc3R5bGVzaGVldHMvaXRlbXMvc3R5bGUuY3NzIj4gIDx0YWJsZSDjgIDjgIDjgIDjgIDjgIDjgIDjgIDjgIDjgIDjgIDjgIDjgIDjgIAgY2xhc3M9ImNfX3RhYmxlIGNfX3RhYmxlLWJvcmRlcmVkIj48dHI+PHRoPk9TPC90aD48dGQ+QW5kcm9pZCBXZWFyPC90ZD48L3RyPjx0cj48dGg+44OX44Op44OD44OI44OV44Kp44O844OgPC90aD48dGQ+QW5kcm9pZDQuM+S7peS4ijxmb250IHNpemU9Ii0xIj4vPC9mb250PmlPUzguMuS7peS4ijwvdGQ+PC90cj48dHI+PHRoPkNQVTwvdGg+PHRkPlNuYXBkcmFnb240MDAoMS4yR0h6KTwvdGQ+PC90cj48dHI+PHRoPlJBTTwvdGg+PHRkPjUxMk1CPC90ZD48L3RyPjx0cj48dGg+44K544OI44Os44O844K4PC90aD48dGQ+NEdCPC90ZD48L3RyPjx0cj48dGg+44K144Kk44K6PC90aD48dGQ+NDZ4MTEuNG1tPC90ZD48L3RyPjx0cj48dGg+6YeN44GVPC90aD48dGQ+57SENTBnPC90ZD48L3RyPjx0cj48dGg+44OH44Kj44K544OX44Os44KkPC90aD48dGQ+57SEMS4zN+OCpOODs+ODgSgzNjB4MzI1KTwvdGQ+PC90cj48dHI+PHRoPumAmuS/oTwvdGg+PHRkPldpLUZpKGIgZyk8Zm9udCBzaXplPSItMSI+LzwvZm9udD5CbHVldG9vdGhMb3dFbmVyZ3k0LjA8L3RkPjwvdHI+PHRyPjx0aD7pm7vmsaA8L3RoPjx0ZD4zMDBtQWg8L3RkPjwvdHI+PHRyPjx0aD7jgZ3jga7ku5Y8L3RoPjx0ZD7pmLLmsLQoSVA2Nyk8Zm9udCBzaXplPSItMSI+LzwvZm9udD7jg6/jgqTjg6Tjg6zjgrnlhYXpm7s8Zm9udCBzaXplPSItMSI+LzwvZm9udD7mranmlbDoqIg8Zm9udCBzaXplPSItMSI+LzwvZm9udD7lv4Pmi43mlbDjg6Ljg4vjgr/jg7w8Zm9udCBzaXplPSItMSI+LzwvZm9udD7nkrDlooPlhYnjgrvjg7PjgrXjg7w8L3RkPjwvdHI+PC90YWJsZSDjgIDjgIDjgIDjgIDjgIDjgIDjgIDjgIDjgIDjgIDjgIDjgIDjgIAgPiAgPHRhYmxlIOOAgOOAgOOAgOOAgOOAgOOAgOOAgOOAgOOAgOOAgOOAgOOAgOOAgCBjbGFzcz0iY19fdGFibGUgY19fdGFibGUtYm9yZGVyZWQiPiAgPHRyPjx0aD7ku5jlsZ7lk4E8L3RoPjx0ZD7nrrHjgIDjgq/jgqTjg4Pjgq/jgrnjgr/jg7zjgr/jg7zjgqzjgqTjg4kgQUPjgqLjg4Djg5fjgr/vvIjmtbflpJbku5Xmp5jvvInjgIDjg6/jgqTjg6Tjg6zjgrnlhYXpm7vjgrnjgr/jg7Pjg4k8L3RkPjwvdHI+ICA8dHI+PHRoPuS/neiovOacn+mWkzwvdGg+PHRkPuW9k+ekvu+8keODtuaciOmWk+S/neiovDxicj7kv53oqLzjga7oqbPjgZfjgYTlhoXlrrnjga/jgZPjgaHjgonjgafjgZTnorroqo3jgY/jgaDjgZXjgYQ8L3RkPjwvdHI+ICA8dHI+PHRoPuOBneOBruS7lueJueiomOS6i+mghTwvdGg+PHRkPuKAu+a2suaZtuWkieiJsjwvdGQ+PC90cj4gIDx0cj48dGg+5ZWG5ZOB54q25oWL44Gu6Kqs5piOPC90aD48dGQ+55uu56uL44Gk44Kt44K6562J44CB5aSW6KOF54q25oWL44Gr57WM5bm05Yqj5YyW5Lul5aSW44Gu55eH54q244GM44G/44KJ44KM44KL5ZWG5ZOB44Go44Gq44KK44G+44GZ44CCPC90ZD48L3RyPiAgPC90YWJsZSDjgIDjgIDjgIDjgIDjgIDjgIDjgIDjgIDjgIDjgIDjgIDjgIDjgIAgPiAgPGhyPjx0YWJsZSB3aWR0aD0nMTAwJScgY2VsbHNwYWNpbmc9JzUnIGNlbGxwYWRkaW5nPSc1Jz48dHI+PHRoIGJnY29sb3I9JyNEMDA4MDgnPjxmb250IGNvbG9yPScjZmZmZmZmJz7vvIHjgZTms6jmlofliY3jgavjgZTnorroqo3jgY/jgaDjgZXjgYQ8L2ZvbnQ+PC90aD48L3RyPjx0cj48dGQ+5a6f6Zqb44Gu5ZWG5ZOB44Go55Ww44Gq44KL44Kk44Oh44O844K455S75YOP44KS5Yip55So44GX44Gm44GE44KL5aC05ZCI44GM5b6h5bqn44GE44G+44GZ44CCPGJyPuW9k+W6l+OAgeWun+W6l+iIl+OBqOiHquekvuOCteOCpOODiOOCkuWQq+OCgOWFseacieWcqOW6q+OBqOOBquOCiuOAgeOBlOazqOaWh+OBruOCv+OCpOODn+ODs+OCsOOBq+OCiOOBo+OBpuOBr+WVhuWTgeOCkuOBlOeUqOaEj+OBp+OBjeOBquOBhOWgtOWQiOOBjOOBlOOBluOBhOOBvuOBmeOAguOBlOeUqOaEj+WHuuadpeOBquOBi+OBo+OBn+WgtOWQiOOBq+OBpOOBjeOBvuOBl+OBpuOBr+OAgeOBlOazqOaWh+OBruOCreODo+ODs+OCu+ODq+OBqOOBleOBm+OBpumgguOBjeOBvuOBmeOAguOBneOBruS7luOAgeW9k+W6l+OBruOBlOazqOaWh+OBrua1geOCjOOCkuODmuODvOOCuOS4i+mDqOOBq+OBpuOAgeS6iOOCgeOBlOeiuuiqjeOBj+OBoOOBleOBhOOAgjwvdGQ+PC90cj48L3RhYmxlPjxicj4=,44CQ6YCB5paZ54Sh5paZ44CR5b2T56S+77yR44O25pyI6ZaT5L+d6Ki8W+S4reWPpEPjg6njg7Pjgq9d4pagTU9UT1JPTEEgTW90b3JvbGEgTW90bzM2MCAoMm5kIEdlbi4pIG1lbnMgNDJtbSDjg5bjg6njg4Pjgq/jg6Hjgr/jg6vjgJDlkajovrrmqZ/lmajjgJHkuK3lj6TjgJDkuK3lj6TjgJEg44CQIOODkeOCveOCs+ODs++8hueZveODreODoOOBruOCpOOCquOCt+OCuSDjgJHvvJrkuK3lj6Tjg5Hjgr3jgrPjg7Pjgajnmb3jg63jg6Djga7jgqTjgqrjgrfjgrk=,44K544Oe44O844OI44OV44Kp44Oz44K544Oe44ObU0lN44OV44Oq44O855m944Ot44OgaVBob25lQW5kcm9pZOOCv+ODluODrOODg+ODiGlQYWTmkLrluK/pm7voqbHkuK3lj6Tjg5Hjgr3jgrPjg7Pjg47jg7zjg4jjg5Hjgr3jgrPjg7NpcG9kZG9jb21vc29mdGJhbmthdeODh+OCueOCr+ODiOODg+ODl+ODkeOCveOCs+ODs09mZmljZeS4reWPpFBD44Ki44Km44OI44Os44OD44OI44CQ6YCB5paZ54Sh5paZ44CR5b2T56S+77yR44O25pyI6ZaT5L+d6Ki8W+S4reWPpEPjg6njg7Pjgq9d4pagTU9UT1JPTEEgTW90b3JvbGEgTW90bzM2MCAoMm5kIEdlbi4pIG1lbnMgNDJtbSDjg5bjg6njg4Pjgq/jg6Hjgr/jg6vjgJDlkajovrrmqZ/lmajjgJHkuK3lj6TjgJDkuK3lj6TjgJEg44CQIOODkeOCveOCs+ODs++8hueZveODreODoOOBruOCpOOCquOCt+OCuSDjgJE=,44CQ5b2T56S+77yR44O25pyI6ZaT5L+d6Ki844CR44CC44CQ6YCB5paZ54Sh5paZ44CR5b2T56S+77yR44O25pyI6ZaT5L+d6Ki8W+S4reWPpEPjg6njg7Pjgq9d4pagTU9UT1JPTEEgTW90b3JvbGEgTW90bzM2MCAoMm5kIEdlbi4pIG1lbnMgNDJtbSDjg5bjg6njg4Pjgq/jg6Hjgr/jg6vjgJDlkajovrrmqZ/lmajjgJHkuK3lj6TjgJDkuK3lj6TjgJEg44CQIOODkeOCveOCs+ODs++8hueZveODreODoOOBruOCpOOCquOCt+OCuSDjgJE=[rn]
16-187157,aHR0cDovL3RzaG9wLnIxMHMuanAvcGMtZ29vZC9jYWJpbmV0L2lvc3lzX2cvMTA4MDAwXzEwOTk5OS8xMDgzMDEuanBnP2ZpdGluPTcwMDo3MDA=,MjM4NDAuMDAwMA==,,44K544Oe44O844OI44OV44Kp44Oz44O744K/44OW44Os44OD44OIID4g44K544Oe44O844OI44OV44Kp44Oz44Ki44Kv44K744K144Oq44O8ID4g44Gd44Gu5LuW,44CQ6YCB5paZ54Sh5paZ44CR5b2T56S+77yR44O25pyI6ZaT5L+d6Ki8W+S4reWPpELjg6njg7Pjgq9d4pagSHVhd2VpIEh1YXdlaSBXYXRjaCBXMSBBY3RpdmUgTUVSQ1VSWS1HMDEg44CQ5ZGo6L665qmf5Zmo44CR5Lit5Y+k44CQ5Lit5Y+k44CRIOOAkCDjg5Hjgr3jgrPjg7PvvIbnmb3jg63jg6Djga7jgqTjgqrjgrfjgrkg44CR,44CQ5b2T56S+77yR44O25pyI6ZaT5L+d6Ki844CR,PGxpbmsg44CA44CA44CA44CA44CA44CA44CA44CA44CA44CA44CA44CA44CAPSIiIHJlbD0ic3R5bGVzaGVldCIgaHJlZj0iaHR0cDovL3d3dy5yYWt1dGVuLm5lLmpwL2dvbGQvcGMtZ29vZC9hc3NldHMvc3R5bGVzaGVldHMvaXRlbXMvc3R5bGUuY3NzIj4gIDx0YWJsZSDjgIDjgIDjgIDjgIDjgIDjgIDjgIDjgIDjgIDjgIDjgIDjgIDjgIAgY2xhc3M9ImNfX3RhYmxlIGNfX3RhYmxlLWJvcmRlcmVkIj48dHI+PHRoPuebtOW+hDwvdGg+PHRkPue0hDQybW08L3RkPjwvdHI+PHRyPjx0aD7jg5njg6vjg4jluYU8L3RoPjx0ZD4xOG1tPC90ZD48L3RyPjx0cj48dGg+5Y6a44GVPC90aD48dGQ+MTEuM21tPC90ZD48L3RyPjx0cj48dGg+6YeN44GVPC90aD48dGQ+44Os44K244O8PGZvbnQgc2l6ZT0iLTEiPi88L2ZvbnQ+57SENjFnIOODleODqeODg+ODiOODoeOCv+ODqzxmb250IHNpemU9Ii0xIj4vPC9mb250Pjk2ZyDjg4Hjgqfjg7zjg7Pjg6Hjgr/jg6s8Zm9udCBzaXplPSItMSI+LzwvZm9udD4xMzFnMS4044Kk44Oz44OBIOacieapn0VM44OH44Kj44K544OX44Os44KkKDQwMHg0MDBwaXg8Zm9udCBzaXplPSItMSI+LzwvZm9udD4yODZwcGkpPC90ZD48L3RyPjx0cj48dGg+57Sg5p2QPC90aD48dGQ+44K544OG44Oz44Os44K544Kx44O844K5IOOCteODleOCoeOCpOOCouOCrOODqeOCuTwvdGQ+PC90cj48dHI+PHRoPuODkOODg+ODhuODqjwvdGg+PHRkPjMwMG1BaDwvdGQ+PC90cj48dHI+PHRoPumAmuS/oeimj+agvDwvdGg+PHRkPkJsdWV0b290aCA0LjFCTEU8Zm9udCBzaXplPSItMSI+LzwvZm9udD4gMTFiPGZvbnQgc2l6ZT0iLTEiPi88L2ZvbnQ+Zzxmb250IHNpemU9Ii0xIj4vPC9mb250Pm4gMXgxPC90ZD48L3RyPjx0cj48dGg+44K744Oz44K144O8PC90aD48dGQ+R3lyb3Njb3BlICsgQWNjZWxlcm9tZXRlcuOAgUhlYXJ0IHJhdGUgc2Vuc29yKFBQRylCYXJvbWV0ZXI8L3RkPjwvdHI+PHRyPjx0aD7lr77lv5xPUzwvdGg+PHRkPkFuZHJvaWQ0LjMrPGZvbnQgc2l6ZT0iLTEiPi88L2ZvbnQ+aU9TIDguMis8L3RkPjwvdHI+PHRyPjx0aD7jg6Hjg6Ljg6o8L3RoPjx0ZD5SQU0gNTEyTUI8Zm9udCBzaXplPSItMSI+LzwvZm9udD5ST00gNEdCPC90ZD48L3RyPjx0cj48dGg+6YCj57aa5L2/55So5pmC6ZaTPC90aD48dGQ+MS415pelPC90ZD48L3RyPjx0cj48dGg+6Ziy5rC044O76Ziy5aG1PC90aD48dGQ+SVA2NzwvdGQ+PC90cj48L3RhYmxlIOOAgOOAgOOAgOOAgOOAgOOAgOOAgOOAgOOAgOOAgOOAgOOAgOOAgCA+ICA8dGFibGUg44CA44CA44CA44CA44CA44CA44CA44CA44CA44CA44CA44CA44CAIGNsYXNzPSJjX190YWJsZSBjX190YWJsZS1ib3JkZXJlZCI+ICA8dHI+PHRoPuS7mOWxnuWTgTwvdGg+PHRkPueusS9BQ+OCouODgOODl+OCvy/lsILnlKjlhYXpm7tVU0LjgrHjg7zjg5bjg6sv5Y+W5omx6Kqs5piO5pu4PC90ZD48L3RyPiAgPHRyPjx0aD7kv53oqLzmnJ/plpM8L3RoPjx0ZD7lvZPnpL7vvJHjg7bmnIjplpPkv53oqLw8YnI+5L+d6Ki844Gu6Kmz44GX44GE5YaF5a6544Gv44GT44Gh44KJ44Gn44GU56K66KqN44GP44Gg44GV44GEPC90ZD48L3RyPiAgPHRyPjx0aD7jgZ3jga7ku5bnibnoqJjkuovpoIU8L3RoPjx0ZD48L3RkPjwvdHI+ICA8dHI+PHRoPuWVhuWTgeeKtuaFi+OBruiqrOaYjjwvdGg+PHRkPuS4reWPpOWVhuWTgeeJueacieOBrue1jOW5tOWKo+WMluOBjOimi+OCieOCjOOCi+eKtuaFi+OBp+OBmeOBjOOAgemAmuW4uOS9v+eUqOOBq+OBr+WVj+mhjOacieOCiuOBvuOBm+OCk+OAgjxCUj7ntYzlubTliqPljJbjga7oqbPjgZfjgYToqqzmmI7jga/jgZPjgaHjgonjgavjgabjgZTnorroqo3kuIvjgZXjgYQ8QlI+6KSH5pWw5Y+w5Zyo5bqr44GX44Gm44GE44KL5ZWG5ZOB44Gu5YaZ55yf44Gr6Zai44GX44Gm44Gv44CB44Gq44KL44G544GP5qiZ5rqW55qE44Gq5aSW6KOF54q25oWL44Gu44KC44Gu44KS6YG444KT44Gn5pKu5b2x44GX44Gm44GK44KK44G+44GZ44CC5YaZ55yf44Gu5ZWG5ZOB44Gv44GK5omL5YWD44Gr5bGK44GP5YCL5L2T44Go44GE44GG44KP44GR44Gn44Gv5b6h5bqn44GE44G+44Gb44KT44Gu44Gn5LqI44KB44GU5LqG5om/5LiL44GV44GE44CCPC90ZD48L3RyPiAgPC90YWJsZSDjgIDjgIDjgIDjgIDjgIDjgIDjgIDjgIDjgIDjgIDjgIDjgIDjgIAgPiAgPGhyPjx0YWJsZSB3aWR0aD0nMTAwJScgY2VsbHNwYWNpbmc9JzUnIGNlbGxwYWRkaW5nPSc1Jz48dHI+PHRoIGJnY29sb3I9JyNEMDA4MDgnPjxmb250IGNvbG9yPScjZmZmZmZmJz7vvIHjgZTms6jmlofliY3jgavjgZTnorroqo3jgY/jgaDjgZXjgYQ8L2ZvbnQ+PC90aD48L3RyPjx0cj48dGQ+5a6f6Zqb44Gu5ZWG5ZOB44Go55Ww44Gq44KL44Kk44Oh44O844K455S75YOP44KS5Yip55So44GX44Gm44GE44KL5aC05ZCI44GM5b6h5bqn44GE44G+44GZ44CCPGJyPuW9k+W6l+OAgeWun+W6l+iIl+OBqOiHquekvuOCteOCpOODiOOCkuWQq+OCgOWFseacieWcqOW6q+OBqOOBquOCiuOAgeOBlOazqOaWh+OBruOCv+OCpOODn+ODs+OCsOOBq+OCiOOBo+OBpuOBr+WVhuWTgeOCkuOBlOeUqOaEj+OBp+OBjeOBquOBhOWgtOWQiOOBjOOBlOOBluOBhOOBvuOBmeOAguOBlOeUqOaEj+WHuuadpeOBquOBi+OBo+OBn+WgtOWQiOOBq+OBpOOBjeOBvuOBl+OBpuOBr+OAgeOBlOazqOaWh+OBruOCreODo+ODs+OCu+ODq+OBqOOBleOBm+OBpumgguOBjeOBvuOBmeOAguOBneOBruS7luOAgeW9k+W6l+OBruOBlOazqOaWh+OBrua1geOCjOOCkuODmuODvOOCuOS4i+mDqOOBq+OBpuOAgeS6iOOCgeOBlOeiuuiqjeOBj+OBoOOBleOBhOOAgjwvdGQ+PC90cj48L3RhYmxlPjxicj4=,44CQ6YCB5paZ54Sh5paZ44CR5b2T56S+77yR44O25pyI6ZaT5L+d6Ki8W+S4reWPpELjg6njg7Pjgq9d4pagSHVhd2VpIEh1YXdlaSBXYXRjaCBXMSBBY3RpdmUgTUVSQ1VSWS1HMDEg44CQ5ZGo6L665qmf5Zmo44CR5Lit5Y+k44CQ5Lit5Y+k44CRIOOAkCDjg5Hjgr3jgrPjg7PvvIbnmb3jg63jg6Djga7jgqTjgqrjgrfjgrkg44CR77ya5Lit5Y+k44OR44K944Kz44Oz44Go55m944Ot44Og44Gu44Kk44Kq44K344K5,44K544Oe44O844OI44OV44Kp44Oz44K544Oe44ObU0lN44OV44Oq44O855m944Ot44OgaVBob25lQW5kcm9pZOOCv+ODluODrOODg+ODiGlQYWTmkLrluK/pm7voqbHkuK3lj6Tjg5Hjgr3jgrPjg7Pjg47jg7zjg4jjg5Hjgr3jgrPjg7NpcG9kZG9jb21vc29mdGJhbmthdeODh+OCueOCr+ODiOODg+ODl+ODkeOCveOCs+ODs09mZmljZeS4reWPpFBD44Ki44Km44OI44Os44OD44OI44CQ6YCB5paZ54Sh5paZ44CR5b2T56S+77yR44O25pyI6ZaT5L+d6Ki8W+S4reWPpELjg6njg7Pjgq9d4pagSHVhd2VpIEh1YXdlaSBXYXRjaCBXMSBBY3RpdmUgTUVSQ1VSWS1HMDEg44CQ5ZGo6L665qmf5Zmo44CR5Lit5Y+k44CQ5Lit5Y+k44CRIOOAkCDjg5Hjgr3jgrPjg7PvvIbnmb3jg63jg6Djga7jgqTjgqrjgrfjgrkg44CR,44CQ5b2T56S+77yR44O25pyI6ZaT5L+d6Ki844CR44CC44CQ6YCB5paZ54Sh5paZ44CR5b2T56S+77yR44O25pyI6ZaT5L+d6Ki8W+S4reWPpELjg6njg7Pjgq9d4pagSHVhd2VpIEh1YXdlaSBXYXRjaCBXMSBBY3RpdmUgTUVSQ1VSWS1HMDEg44CQ5ZGo6L665qmf5Zmo44CR5Lit5Y+k44CQ5Lit5Y+k44CRIOOAkCDjg5Hjgr3jgrPjg7PvvIbnmb3jg63jg6Djga7jgqTjgqrjgrfjgrkg44CR[rn]
16-187158,aHR0cDovL3RzaG9wLnIxMHMuanAvcGMtZ29vZC9jYWJpbmV0L2lvc3lzX2cvMTA4MDAwXzEwOTk5OS8xMDg1NzguanBnP2ZpdGluPTcwMDo3MDA=,MTQyNDAuMDAwMA==,,44K544Oe44O844OI44OV44Kp44Oz44O744K/44OW44Os44OD44OIID4g44K544Oe44O844OI44OV44Kp44Oz44Ki44Kv44K744K144Oq44O8ID4g44Gd44Gu5LuW,44CQ6YCB5paZ54Sh5paZ44CR5b2T56S+77yR44O25pyI6ZaT5L+d6Ki8W+S4reWPpELjg6njg7Pjgq9d4pagU0FNU1VORyBhdSBTYW1zdW5nIEdlYXIgUzIgU00tUjcyMCBEYXJrR3JheeOAkOWRqOi+uuapn+WZqOOAkeS4reWPpOOAkOS4reWPpOOAkSDjgJAg44OR44K944Kz44Oz77yG55m944Ot44Og44Gu44Kk44Kq44K344K5IOOAkQ==,44CQ5b2T56S+77yR44O25pyI6ZaT5L+d6Ki844CR,PGxpbmsg44CA44CA44CA44CA44CA44CA44CA44CA44CA44CA44CA44CA44CAPSIiIHJlbD0ic3R5bGVzaGVldCIgaHJlZj0iaHR0cDovL3d3dy5yYWt1dGVuLm5lLmpwL2dvbGQvcGMtZ29vZC9hc3NldHMvc3R5bGVzaGVldHMvaXRlbXMvc3R5bGUuY3NzIj4gIDx0YWJsZSDjgIDjgIDjgIDjgIDjgIDjgIDjgIDjgIDjgIDjgIDjgIDjgIDjgIAgY2xhc3M9ImNfX3RhYmxlIGNfX3RhYmxlLWJvcmRlcmVkIj48dHI+PHRoPkNQVTwvdGg+PHRkPjEuMEdIeijjg4fjg6XjgqLjg6vjgrPjgqIpPC90ZD48L3RyPjx0cj48dGg+44K544OI44Os44O844K4PC90aD48dGQ+NEdCPC90ZD48L3RyPjx0cj48dGg+44Oh44Oi44OqPC90aD48dGQ+NTEyTUI8L3RkPjwvdHI+PHRyPjx0aD7jg4fjgqPjgrnjg5fjg6zjgqQ8L3RoPjx0ZD4xLjLjgqTjg7Pjg4EoMzYweDM2MCk8L3RkPjwvdHI+PHRyPjx0aD7jg5Djg4Pjg4bjg6rjg7w8L3RoPjx0ZD4yNTBtQWg8L3RkPjwvdHI+PHRyPjx0aD5XaUZpPC90aD48dGQ+Yjxmb250IHNpemU9Ii0xIj4vPC9mb250Pmc8Zm9udCBzaXplPSItMSI+LzwvZm9udD5uPC90ZD48L3RyPjx0cj48dGg+6YeN6YePPC90aD48dGQ+NDdnPC90ZD48L3RyPjx0cj48dGg+44Gd44Gu5LuWPC90aD48dGQ+Qmx1ZXRvb3RoNC4xPGZvbnQgc2l6ZT0iLTEiPi88L2ZvbnQ+44Ov44Kk44Ok44Os44K55YWF6Zu75a++5b+cPGZvbnQgc2l6ZT0iLTEiPi88L2ZvbnQ+TkZDPGZvbnQgc2l6ZT0iLTEiPi88L2ZvbnQ+6ICQ5rC0PGZvbnQgc2l6ZT0iLTEiPi88L2ZvbnQ+6ICQ5aG1KElQNjgpPC90ZD48L3RyPjx0cj48dGg+5a++5b+cPC90aD48dGQ+QW5kcm9pZE9TNC405Lul5LiK44CBMS41R0JSQU3ku6XkuIo8L3RkPjwvdHI+PC90YWJsZSDjgIDjgIDjgIDjgIDjgIDjgIDjgIDjgIDjgIDjgIDjgIDjgIDjgIAgPiAgPHRhYmxlIOOAgOOAgOOAgOOAgOOAgOOAgOOAgOOAgOOAgOOAgOOAgOOAgOOAgCBjbGFzcz0iY19fdGFibGUgY19fdGFibGUtYm9yZGVyZWQiPiAgPHRyPjx0aD7ku5jlsZ7lk4E8L3RoPjx0ZD7nrrEv5bCC55So44Ov44Kk44Ok44Os44K55YWF6Zu744OJ44OD44KvL+ODkOODs+ODiS/jgq/jgqTjg4Pjgq/jgrnjgr/jg7zjg4jjgqzjgqTjg4k8L3RkPjwvdHI+ICA8dHI+PHRoPuS/neiovOacn+mWkzwvdGg+PHRkPuW9k+ekvu+8keODtuaciOmWk+S/neiovDxicj7kv53oqLzjga7oqbPjgZfjgYTlhoXlrrnjga/jgZPjgaHjgonjgafjgZTnorroqo3jgY/jgaDjgZXjgYQ8L3RkPjwvdHI+ICA8dHI+PHRoPuOBneOBruS7lueJueiomOS6i+mghTwvdGg+PHRkPjwvdGQ+PC90cj4gIDx0cj48dGg+5ZWG5ZOB54q25oWL44Gu6Kqs5piOPC90aD48dGQ+5Lit5Y+k5ZWG5ZOB54m55pyJ44Gu57WM5bm05Yqj5YyW44GM6KaL44KJ44KM44KL54q25oWL44Gn44GZ44GM44CB6YCa5bi45L2/55So44Gr44Gv5ZWP6aGM5pyJ44KK44G+44Gb44KT44CCPEJSPue1jOW5tOWKo+WMluOBruips+OBl+OBhOiqrOaYjuOBr+OBk+OBoeOCieOBq+OBpuOBlOeiuuiqjeS4i+OBleOBhDxCUj7opIfmlbDlj7DlnKjluqvjgZfjgabjgYTjgovllYblk4Hjga7lhpnnnJ/jgavplqLjgZfjgabjga/jgIHjgarjgovjgbnjgY/mqJnmupbnmoTjgarlpJboo4XnirbmhYvjga7jgoLjga7jgpLpgbjjgpPjgafmkq7lvbHjgZfjgabjgYrjgorjgb7jgZnjgILlhpnnnJ/jga7llYblk4Hjga/jgYrmiYvlhYPjgavlsYrjgY/lgIvkvZPjgajjgYTjgYbjgo/jgZHjgafjga/lvqHluqfjgYTjgb7jgZvjgpPjga7jgafkuojjgoHjgZTkuobmib/kuIvjgZXjgYTjgII8L3RkPjwvdHI+ICA8L3RhYmxlIOOAgOOAgOOAgOOAgOOAgOOAgOOAgOOAgOOAgOOAgOOAgOOAgOOAgCA+ICA8aHI+PHRhYmxlIHdpZHRoPScxMDAlJyBjZWxsc3BhY2luZz0nNScgY2VsbHBhZGRpbmc9JzUnPjx0cj48dGggYmdjb2xvcj0nI0QwMDgwOCc+PGZvbnQgY29sb3I9JyNmZmZmZmYnPu+8geOBlOazqOaWh+WJjeOBq+OBlOeiuuiqjeOBj+OBoOOBleOBhDwvZm9udD48L3RoPjwvdHI+PHRyPjx0ZD7lrp/pmpvjga7llYblk4HjgajnlbDjgarjgovjgqTjg6Hjg7zjgrjnlLvlg4/jgpLliKnnlKjjgZfjgabjgYTjgovloLTlkIjjgYzlvqHluqfjgYTjgb7jgZnjgII8YnI+5b2T5bqX44CB5a6f5bqX6IiX44Go6Ieq56S+44K144Kk44OI44KS5ZCr44KA5YWx5pyJ5Zyo5bqr44Go44Gq44KK44CB44GU5rOo5paH44Gu44K/44Kk44Of44Oz44Kw44Gr44KI44Gj44Gm44Gv5ZWG5ZOB44KS44GU55So5oSP44Gn44GN44Gq44GE5aC05ZCI44GM44GU44GW44GE44G+44GZ44CC44GU55So5oSP5Ye65p2l44Gq44GL44Gj44Gf5aC05ZCI44Gr44Gk44GN44G+44GX44Gm44Gv44CB44GU5rOo5paH44Gu44Kt44Oj44Oz44K744Or44Go44GV44Gb44Gm6aCC44GN44G+44GZ44CC44Gd44Gu5LuW44CB5b2T5bqX44Gu44GU5rOo5paH44Gu5rWB44KM44KS44Oa44O844K45LiL6YOo44Gr44Gm44CB5LqI44KB44GU56K66KqN44GP44Gg44GV44GE44CCPC90ZD48L3RyPjwvdGFibGU+PGJyPg==,44CQ6YCB5paZ54Sh5paZ44CR5b2T56S+77yR44O25pyI6ZaT5L+d6Ki8W+S4reWPpELjg6njg7Pjgq9d4pagU0FNU1VORyBhdSBTYW1zdW5nIEdlYXIgUzIgU00tUjcyMCBEYXJrR3JheeOAkOWRqOi+uuapn+WZqOOAkeS4reWPpOOAkOS4reWPpOOAkSDjgJAg44OR44K944Kz44Oz77yG55m944Ot44Og44Gu44Kk44Kq44K344K5IOOAke+8muS4reWPpOODkeOCveOCs+ODs+OBqOeZveODreODoOOBruOCpOOCquOCt+OCuQ==,44K544Oe44O844OI44OV44Kp44Oz44K544Oe44ObU0lN44OV44Oq44O855m944Ot44OgaVBob25lQW5kcm9pZOOCv+ODluODrOODg+ODiGlQYWTmkLrluK/pm7voqbHkuK3lj6Tjg5Hjgr3jgrPjg7Pjg47jg7zjg4jjg5Hjgr3jgrPjg7NpcG9kZG9jb21vc29mdGJhbmthdeODh+OCueOCr+ODiOODg+ODl+ODkeOCveOCs+ODs09mZmljZeS4reWPpFBD44Ki44Km44OI44Os44OD44OI44CQ6YCB5paZ54Sh5paZ44CR5b2T56S+77yR44O25pyI6ZaT5L+d6Ki8W+S4reWPpELjg6njg7Pjgq9d4pagU0FNU1VORyBhdSBTYW1zdW5nIEdlYXIgUzIgU00tUjcyMCBEYXJrR3JheeOAkOWRqOi+uuapn+WZqOOAkeS4reWPpOOAkOS4reWPpOOAkSDjgJAg44OR44K944Kz44Oz77yG55m944Ot44Og44Gu44Kk44Kq44K344K5IOOAkQ==,44CQ5b2T56S+77yR44O25pyI6ZaT5L+d6Ki844CR44CC44CQ6YCB5paZ54Sh5paZ44CR5b2T56S+77yR44O25pyI6ZaT5L+d6Ki8W+S4reWPpELjg6njg7Pjgq9d4pagU0FNU1VORyBhdSBTYW1zdW5nIEdlYXIgUzIgU00tUjcyMCBEYXJrR3JheeOAkOWRqOi+uuapn+WZqOOAkeS4reWPpOOAkOS4reWPpOOAkSDjgJAg44OR44K944Kz44Oz77yG55m944Ot44Og44Gu44Kk44Kq44K344K5IOOAkQ==[rn]
16-187159,aHR0cDovL3RzaG9wLnIxMHMuanAvcGMtZ29vZC9jYWJpbmV0L2lvc3lzX2cvbm9faXRlbS5qcGc/Zml0aW49NzAwOjcwMA==,MjIyNDAuMDAwMA==,,44K544Oe44O844OI44OV44Kp44Oz44O744K/44OW44Os44OD44OIID4g44K544Oe44O844OI44OV44Kp44Oz44Ki44Kv44K744K144Oq44O8ID4g44Gd44Gu5LuW,44CQ6YCB5paZ54Sh5paZ44CR5b2T56S+77yR44O25pyI6ZaT5L+d6Ki8W+S4reWPpEHjg6njg7Pjgq9d4pagU0FNU1VORyBhdSBTYW1zdW5nIEdlYXIgUzIgY2xhc3NpYyBTTS1SNzMyMFpLQUtESSAo44OW44Op44OD44Kv77yJ44CQ5ZGo6L665qmf5Zmo44CR5Lit5Y+k44CQ5Lit5Y+k44CRIOOAkCDjg5Hjgr3jgrPjg7PvvIbnmb3jg63jg6Djga7jgqTjgqrjgrfjgrkg44CR,44CQ5b2T56S+77yR44O25pyI6ZaT5L+d6Ki844CR,PGxpbmsg44CA44CA44CA44CA44CA44CA44CA44CA44CA44CA44CA44CA44CAPSIiIHJlbD0ic3R5bGVzaGVldCIgaHJlZj0iaHR0cDovL3d3dy5yYWt1dGVuLm5lLmpwL2dvbGQvcGMtZ29vZC9hc3NldHMvc3R5bGVzaGVldHMvaXRlbXMvc3R5bGUuY3NzIj4gIDx0YWJsZSDjgIDjgIDjgIDjgIDjgIDjgIDjgIDjgIDjgIDjgIDjgIDjgIDjgIAgY2xhc3M9ImNfX3RhYmxlIGNfX3RhYmxlLWJvcmRlcmVkIj48dHI+PHRoPkNQVTwvdGg+PHRkPjEuMEdIeijjg4fjg6XjgqLjg6vjgrPjgqIpPC90ZD48L3RyPjx0cj48dGg+44K544OI44Os44O844K4PC90aD48dGQ+NEdCPC90ZD48L3RyPjx0cj48dGg+44Oh44Oi44OqPC90aD48dGQ+NTEyTUI8L3RkPjwvdHI+PHRyPjx0aD7jg4fjgqPjgrnjg5fjg6zjgqQ8L3RoPjx0ZD4xLjLjgqTjg7Pjg4EoMzYweDM2MCk8L3RkPjwvdHI+PHRyPjx0aD7jg5Djg4Pjg4bjg6rjg7w8L3RoPjx0ZD4yNTBtQWg8L3RkPjwvdHI+PHRyPjx0aD5XaUZpPC90aD48dGQ+Yjxmb250IHNpemU9Ii0xIj4vPC9mb250Pmc8Zm9udCBzaXplPSItMSI+LzwvZm9udD5uPC90ZD48L3RyPjx0cj48dGg+6YeN6YePPC90aD48dGQ+NDdnPC90ZD48L3RyPjx0cj48dGg+44Gd44Gu5LuWPC90aD48dGQ+Qmx1ZXRvb3RoNC4xPGZvbnQgc2l6ZT0iLTEiPi88L2ZvbnQ+44Ov44Kk44Ok44Os44K55YWF6Zu75a++5b+cPGZvbnQgc2l6ZT0iLTEiPi88L2ZvbnQ+TkZDPGZvbnQgc2l6ZT0iLTEiPi88L2ZvbnQ+6ICQ5rC0PGZvbnQgc2l6ZT0iLTEiPi88L2ZvbnQ+6ICQ5aG1KElQNjgpPC90ZD48L3RyPjx0cj48dGg+5a++5b+cPC90aD48dGQ+QW5kcm9pZE9TNC405Lul5LiK44CBMS41R0JSQU3ku6XkuIo8L3RkPjwvdHI+PC90YWJsZSDjgIDjgIDjgIDjgIDjgIDjgIDjgIDjgIDjgIDjgIDjgIDjgIDjgIAgPiAgPHRhYmxlIOOAgOOAgOOAgOOAgOOAgOOAgOOAgOOAgOOAgOOAgOOAgOOAgOOAgCBjbGFzcz0iY19fdGFibGUgY19fdGFibGUtYm9yZGVyZWQiPiAgPHRyPjx0aD7ku5jlsZ7lk4E8L3RoPjx0ZD7nrrEv5YWF6Zu744K544K/44Oz44OJL+OCr+OCpOODg+OCr+OCueOCv+ODvOODiOOCrOOCpOODiS/kuqTmj5vnlKjjg5njg6vjg4g8L3RkPjwvdHI+ICA8dHI+PHRoPuS/neiovOacn+mWkzwvdGg+PHRkPuW9k+ekvu+8keODtuaciOmWk+S/neiovDxicj7kv53oqLzjga7oqbPjgZfjgYTlhoXlrrnjga/jgZPjgaHjgonjgafjgZTnorroqo3jgY/jgaDjgZXjgYQ8L3RkPjwvdHI+ICA8dHI+PHRoPuOBneOBruS7lueJueiomOS6i+mghTwvdGg+PHRkPjwvdGQ+PC90cj4gIDx0cj48dGg+5ZWG5ZOB54q25oWL44Gu6Kqs5piOPC90aD48dGQ+5L2/55So5oSf44Gu5bCR44Gq44GE5Lit5Y+k5ZOB44G+44Gf44Gv44CB44Oq44OV44Os44OD44K344Ol44OJUEPjgoTjg6Hjg7zjgqvjg7zlho3nlJ/lk4HjgIHjgrHjg7zjgr/jgqTjgafjga/lpJboo4XkuqTmj5vlk4HnrYnjgYzlkKvjgb7jgozjgb7jgZnjgII8L3RkPjwvdHI+ICA8L3RhYmxlIOOAgOOAgOOAgOOAgOOAgOOAgOOAgOOAgOOAgOOAgOOAgOOAgOOAgCA+ICA8aHI+PHRhYmxlIHdpZHRoPScxMDAlJyBjZWxsc3BhY2luZz0nNScgY2VsbHBhZGRpbmc9JzUnPjx0cj48dGggYmdjb2xvcj0nI0QwMDgwOCc+PGZvbnQgY29sb3I9JyNmZmZmZmYnPu+8geOBlOazqOaWh+WJjeOBq+OBlOeiuuiqjeOBj+OBoOOBleOBhDwvZm9udD48L3RoPjwvdHI+PHRyPjx0ZD7lrp/pmpvjga7llYblk4HjgajnlbDjgarjgovjgqTjg6Hjg7zjgrjnlLvlg4/jgpLliKnnlKjjgZfjgabjgYTjgovloLTlkIjjgYzlvqHluqfjgYTjgb7jgZnjgII8YnI+5b2T5bqX44CB5a6f5bqX6IiX44Go6Ieq56S+44K144Kk44OI44KS5ZCr44KA5YWx5pyJ5Zyo5bqr44Go44Gq44KK44CB44GU5rOo5paH44Gu44K/44Kk44Of44Oz44Kw44Gr44KI44Gj44Gm44Gv5ZWG5ZOB44KS44GU55So5oSP44Gn44GN44Gq44GE5aC05ZCI44GM44GU44GW44GE44G+44GZ44CC44GU55So5oSP5Ye65p2l44Gq44GL44Gj44Gf5aC05ZCI44Gr44Gk44GN44G+44GX44Gm44Gv44CB44GU5rOo5paH44Gu44Kt44Oj44Oz44K744Or44Go44GV44Gb44Gm6aCC44GN44G+44GZ44CC44Gd44Gu5LuW44CB5b2T5bqX44Gu44GU5rOo5paH44Gu5rWB44KM44KS44Oa44O844K45LiL6YOo44Gr44Gm44CB5LqI44KB44GU56K66KqN44GP44Gg44GV44GE44CCPC90ZD48L3RyPjwvdGFibGU+PGJyPg==,44CQ6YCB5paZ54Sh5paZ44CR5b2T56S+77yR44O25pyI6ZaT5L+d6Ki8W+S4reWPpEHjg6njg7Pjgq9d4pagU0FNU1VORyBhdSBTYW1zdW5nIEdlYXIgUzIgY2xhc3NpYyBTTS1SNzMyMFpLQUtESSAo44OW44Op44OD44Kv77yJ44CQ5ZGo6L665qmf5Zmo44CR5Lit5Y+k44CQ5Lit5Y+k44CRIOOAkCDjg5Hjgr3jgrPjg7PvvIbnmb3jg63jg6Djga7jgqTjgqrjgrfjgrkg44CR77ya5Lit5Y+k44OR44K944Kz44Oz44Go55m944Ot44Og44Gu44Kk44Kq44K344K5,44K544Oe44O844OI44OV44Kp44Oz44K544Oe44ObU0lN44OV44Oq44O855m944Ot44OgaVBob25lQW5kcm9pZOOCv+ODluODrOODg+ODiGlQYWTmkLrluK/pm7voqbHkuK3lj6Tjg5Hjgr3jgrPjg7Pjg47jg7zjg4jjg5Hjgr3jgrPjg7NpcG9kZG9jb21vc29mdGJhbmthdeODh+OCueOCr+ODiOODg+ODl+ODkeOCveOCs+ODs09mZmljZeS4reWPpFBD44Ki44Km44OI44Os44OD44OI44CQ6YCB5paZ54Sh5paZ44CR5b2T56S+77yR44O25pyI6ZaT5L+d6Ki8W+S4reWPpEHjg6njg7Pjgq9d4pagU0FNU1VORyBhdSBTYW1zdW5nIEdlYXIgUzIgY2xhc3NpYyBTTS1SNzMyMFpLQUtESSAo44OW44Op44OD44Kv77yJ44CQ5ZGo6L665qmf5Zmo44CR5Lit5Y+k44CQ5Lit5Y+k44CRIOOAkCDjg5Hjgr3jgrPjg7PvvIbnmb3jg63jg6Djga7jgqTjgqrjgrfjgrkg44CR,44CQ5b2T56S+77yR44O25pyI6ZaT5L+d6Ki844CR44CC44CQ6YCB5paZ54Sh5paZ44CR5b2T56S+77yR44O25pyI6ZaT5L+d6Ki8W+S4reWPpEHjg6njg7Pjgq9d4pagU0FNU1VORyBhdSBTYW1zdW5nIEdlYXIgUzIgY2xhc3NpYyBTTS1SNzMyMFpLQUtESSAo44OW44Op44OD44Kv77yJ44CQ5ZGo6L665qmf5Zmo44CR5Lit5Y+k44CQ5Lit5Y+k44CRIOOAkCDjg5Hjgr3jgrPjg7PvvIbnmb3jg63jg6Djga7jgqTjgqrjgrfjgrkg44CR[rn]
16-187160,aHR0cDovL3RzaG9wLnIxMHMuanAvcGMtZ29vZC9jYWJpbmV0L2lvc3lzX2cvbm9faXRlbS5qcGc/Zml0aW49NzAwOjcwMA==,MjE0NDAuMDAwMA==,,44K544Oe44O844OI44OV44Kp44Oz44O744K/44OW44Os44OD44OIID4g44K544Oe44O844OI44OV44Kp44Oz44Ki44Kv44K744K144Oq44O8ID4g44Gd44Gu5LuW,44CQ6YCB5paZ54Sh5paZ44CR5b2T56S+77yW44O25pyI5L+d6Ki8W+acquS9v+eUqOWTgV3ilqBBcHBsZSBBcHBsZSBXYXRjaCA0Mm1tIChNTEM2MkovQSkg44CQ44Ot44O844K644K044O844Or44OJ44Ki44Or44Of44OL44Km44OgL+OCueODiOODvOODs+OCueODneODvOODhOODkOODs+ODieOAkeOAkOWRqOi+uuapn+WZqOOAkeS4reWPpOOAkOS4reWPpOOAkSDjgJAg44OR44K944Kz44Oz77yG55m944Ot44Og44Gu44Kk44Kq44K344K5IOOAkQ==,44CQ5b2T56S+77yW44O25pyI5L+d6Ki844CR,PGxpbmsg44CA44CA44CA44CA44CA44CA44CA44CA44CA44CA44CA44CA44CAPSIiIHJlbD0ic3R5bGVzaGVldCIgaHJlZj0iaHR0cDovL3d3dy5yYWt1dGVuLm5lLmpwL2dvbGQvcGMtZ29vZC9hc3NldHMvc3R5bGVzaGVldHMvaXRlbXMvc3R5bGUuY3NzIj4gIDx0YWJsZSDjgIDjgIDjgIDjgIDjgIDjgIDjgIDjgIDjgIDjgIDjgIDjgIDjgIAgY2xhc3M9ImNfX3RhYmxlIGNfX3RhYmxlLWJvcmRlcmVkIj48dHI+PHRoPuOCteOCpOOCujwvdGg+PHRkPjQyLjAqMzUuOSoxMC41IG1tPC90ZD48L3RyPjx0cj48dGg+44Kx44O844K56YeN44GVPC90aD48dGQ+57SENTBnPC90ZD48L3RyPjx0cj48dGg+44OH44Kj44K544OX44Os44KkPC90aD48dGQ+5oSf5Zyn44K/44OD44OB44Gr5a++5b+c44GX44GfUmV0aW5h44OH44Kj44K544OX44Os44KkPC90ZD48L3RyPjx0cj48dGg+V2lyZWxlc3M8L3RoPjx0ZD5XaS1GaSAoODAyLjExYjxmb250IHNpemU9Ii0xIj4vPC9mb250Pmc8Zm9udCBzaXplPSItMSI+LzwvZm9udD5uIDIuNEdIeik8Zm9udCBzaXplPSItMSI+LzwvZm9udD5CbHVldG9vdGggNC4wIOW/g+aLjeOCu+ODs+OCteODvOOAgeWKoOmAn+W6puOCu+ODs+OCteODvOOAgeOCuOODo+OCpOODreOCueOCs+ODvOODlzwvdGQ+PC90cj48dHI+PHRoPumYsuawtDwvdGg+PHRkPklQWDc8L3RkPjwvdHI+PC90YWJsZSDjgIDjgIDjgIDjgIDjgIDjgIDjgIDjgIDjgIDjgIDjgIDjgIDjgIAgPiAgPHRhYmxlIOOAgOOAgOOAgOOAgOOAgOOAgOOAgOOAgOOAgOOAgOOAgOOAgOOAgCBjbGFzcz0iY19fdGFibGUgY19fdGFibGUtYm9yZGVyZWQiPiAgPHRyPjx0aD7ku5jlsZ7lk4E8L3RoPjx0ZD7nrrEv44K544Od44O844OE44OQ44Oz44OJL+ejgeawl+WFhembu+OCseODvOODluODqy9BQ+OCouODgOODl+OCvy/jgq/jgqTjg4Pjgq/jgrnjgr/jg7zjg4jjgqzjgqTjg4k8L3RkPjwvdHI+ICA8dHI+PHRoPuS/neiovOacn+mWkzwvdGg+PHRkPuW9k+ekvu+8luODtuaciOS/neiovDxicj7kv53oqLzjga7oqbPjgZfjgYTlhoXlrrnjga/jgZPjgaHjgonjgafjgZTnorroqo3jgY/jgaDjgZXjgYQ8L3RkPjwvdHI+ICA8dHI+PHRoPuOBneOBruS7lueJueiomOS6i+mghTwvdGg+PHRkPjwvdGQ+PC90cj4gIDx0cj48dGg+5ZWG5ZOB54q25oWL44Gu6Kqs5piOPC90aD48dGQ+6ZaL5bCB44GX44Gm44GE44G+44GZ44GM44CB5L2/55So44GV44KM44Gm44GE44Gq44GE54mp44Go44Gq44KK44G+44GZ44CC44Kx44O844K/44Kk5pyq5L2/55So5ZOB44Gr6Zai44GX44G+44GX44Gm44Gv44CB6YCa6Zu756K66KqN5Y+K44Gz5Yid5pyf5YyW44Gu5L2c5qWt44GM6KGM44Gq44KP44KM44Gm44GK44KK44G+44GZ44CCPC90ZD48L3RyPiAgPC90YWJsZSDjgIDjgIDjgIDjgIDjgIDjgIDjgIDjgIDjgIDjgIDjgIDjgIDjgIAgPiAgPGhyPjx0YWJsZSB3aWR0aD0nMTAwJScgY2VsbHNwYWNpbmc9JzUnIGNlbGxwYWRkaW5nPSc1Jz48dHI+PHRoIGJnY29sb3I9JyNEMDA4MDgnPjxmb250IGNvbG9yPScjZmZmZmZmJz7vvIHjgZTms6jmlofliY3jgavjgZTnorroqo3jgY/jgaDjgZXjgYQ8L2ZvbnQ+PC90aD48L3RyPjx0cj48dGQ+5a6f6Zqb44Gu5ZWG5ZOB44Go55Ww44Gq44KL44Kk44Oh44O844K455S75YOP44KS5Yip55So44GX44Gm44GE44KL5aC05ZCI44GM5b6h5bqn44GE44G+44GZ44CCPGJyPuW9k+W6l+OAgeWun+W6l+iIl+OBqOiHquekvuOCteOCpOODiOOCkuWQq+OCgOWFseacieWcqOW6q+OBqOOBquOCiuOAgeOBlOazqOaWh+OBruOCv+OCpOODn+ODs+OCsOOBq+OCiOOBo+OBpuOBr+WVhuWTgeOCkuOBlOeUqOaEj+OBp+OBjeOBquOBhOWgtOWQiOOBjOOBlOOBluOBhOOBvuOBmeOAguOBlOeUqOaEj+WHuuadpeOBquOBi+OBo+OBn+WgtOWQiOOBq+OBpOOBjeOBvuOBl+OBpuOBr+OAgeOBlOazqOaWh+OBruOCreODo+ODs+OCu+ODq+OBqOOBleOBm+OBpumgguOBjeOBvuOBmeOAguOBneOBruS7luOAgeW9k+W6l+OBruOBlOazqOaWh+OBrua1geOCjOOCkuODmuODvOOCuOS4i+mDqOOBq+OBpuOAgeS6iOOCgeOBlOeiuuiqjeOBj+OBoOOBleOBhOOAgjwvdGQ+PC90cj48L3RhYmxlPjxicj4=,44CQ6YCB5paZ54Sh5paZ44CR5b2T56S+77yW44O25pyI5L+d6Ki8W+acquS9v+eUqOWTgV3ilqBBcHBsZSBBcHBsZSBXYXRjaCA0Mm1tIChNTEM2MkovQSkg44CQ44Ot44O844K644K044O844Or44OJ44Ki44Or44Of44OL44Km44OgL+OCueODiOODvOODs+OCueODneODvOODhOODkOODs+ODieOAkeOAkOWRqOi+uuapn+WZqOOAkeS4reWPpOOAkOS4reWPpOOAkSDjgJAg44OR44K944Kz44Oz77yG55m944Ot44Og44Gu44Kk44Kq44K344K5IOOAke+8muS4reWPpOODkeOCveOCs+ODs+OBqOeZveODreODoOOBruOCpOOCquOCt+OCuQ==,44K544Oe44O844OI44OV44Kp44Oz44K544Oe44ObU0lN44OV44Oq44O855m944Ot44OgaVBob25lQW5kcm9pZOOCv+ODluODrOODg+ODiGlQYWTmkLrluK/pm7voqbHkuK3lj6Tjg5Hjgr3jgrPjg7Pjg47jg7zjg4jjg5Hjgr3jgrPjg7NpcG9kZG9jb21vc29mdGJhbmthdeODh+OCueOCr+ODiOODg+ODl+ODkeOCveOCs+ODs09mZmljZeS4reWPpFBD44Ki44Km44OI44Os44OD44OI44CQ6YCB5paZ54Sh5paZ44CR5b2T56S+77yW44O25pyI5L+d6Ki8W+acquS9v+eUqOWTgV3ilqBBcHBsZSBBcHBsZSBXYXRjaCA0Mm1tIChNTEM2MkovQSkg44CQ44Ot44O844K644K044O844Or44OJ44Ki44Or44Of44OL44Km44OgL+OCueODiOODvOODs+OCueODneODvOODhOODkOODs+ODieOAkeOAkOWRqOi+uuapn+WZqOOAkeS4reWPpOOAkOS4reWPpOOAkSDjgJAg44OR44K944Kz44Oz77yG55m944Ot44Og44Gu44Kk44Kq44K344K5IOOAkQ==,44CQ5b2T56S+77yW44O25pyI5L+d6Ki844CR44CC44CQ6YCB5paZ54Sh5paZ44CR5b2T56S+77yW44O25pyI5L+d6Ki8W+acquS9v+eUqOWTgV3ilqBBcHBsZSBBcHBsZSBXYXRjaCA0Mm1tIChNTEM2MkovQSkg44CQ44Ot44O844K644K044O844Or44OJ44Ki44Or44Of44OL44Km44OgL+OCueODiOODvOODs+OCueODneODvOODhOODkOODs+ODieOAkeOAkOWRqOi+uuapn+WZqOOAkeS4reWPpOOAkOS4reWPpOOAkSDjgJAg44OR44K944Kz44Oz77yG55m944Ot44Og44Gu44Kk44Kq44K344K5IOOAkQ==[rn]
16-187161,aHR0cDovL3RzaG9wLnIxMHMuanAvcGMtZ29vZC9jYWJpbmV0L2lvc3lzX2cvOTQwMDBfOTU5OTkvOTU1MjBfMS5qcGc/Zml0aW49NzAwOjcwMA==,MjE0NDAuMDAwMA==,,44K544Oe44O844OI44OV44Kp44Oz44O744K/44OW44Os44OD44OIID4g44K544Oe44O844OI44OV44Kp44Oz44Ki44Kv44K744K144Oq44O8ID4g44Gd44Gu5LuW,44CQ6YCB5paZ54Sh5paZ44CR5b2T56S+77yR44O25pyI6ZaT5L+d6Ki8W+acquS9v+eUqOWTgV3ilqBBcHBsZSBBcHBsZSBXYXRjaCA0Mm1tIChNTEM3MkovQSkg44CQ44K044O844Or44OJ44Ki44Or44Of44OL44Km44Og44Kx44O844K5L+ODn+ODg+ODieODiuOCpOODiOODluODq+ODvOOCueODneODvOODhOODkOODs+ODieOAkeOAkOWRqOi+uuapn+WZqOOAkeS4reWPpOOAkOS4reWPpOOAkSDjgJAg44OR44K944Kz44Oz77yG55m944Ot44Og44Gu44Kk44Kq44K344K5IOOAkQ==,44CQ5b2T56S+77yR44O25pyI6ZaT5L+d6Ki844CR,PGxpbmsg44CA44CA44CA44CA44CA44CA44CA44CA44CA44CA44CA44CA44CAPSIiIHJlbD0ic3R5bGVzaGVldCIgaHJlZj0iaHR0cDovL3d3dy5yYWt1dGVuLm5lLmpwL2dvbGQvcGMtZ29vZC9hc3NldHMvc3R5bGVzaGVldHMvaXRlbXMvc3R5bGUuY3NzIj4gIDx0YWJsZSDjgIDjgIDjgIDjgIDjgIDjgIDjgIDjgIDjgIDjgIDjgIDjgIDjgIAgY2xhc3M9ImNfX3RhYmxlIGNfX3RhYmxlLWJvcmRlcmVkIj48dHI+PHRoPuOCteOCpOOCujwvdGg+PHRkPjQyLjAqMzUuOSoxMC41IG1tPC90ZD48L3RyPjx0cj48dGg+44Kx44O844K56YeN44GVPC90aD48dGQ+57SENTBnPC90ZD48L3RyPjx0cj48dGg+44OH44Kj44K544OX44Os44KkPC90aD48dGQ+5oSf5Zyn44K/44OD44OB44Gr5a++5b+c44GX44GfUmV0aW5h44OH44Kj44K544OX44Os44KkPC90ZD48L3RyPjx0cj48dGg+V2lyZWxlc3M8L3RoPjx0ZD5XaS1GaSAoODAyLjExYjxmb250IHNpemU9Ii0xIj4vPC9mb250Pmc8Zm9udCBzaXplPSItMSI+LzwvZm9udD5uIDIuNEdIeik8Zm9udCBzaXplPSItMSI+LzwvZm9udD5CbHVldG9vdGggNC4wIOW/g+aLjeOCu+ODs+OCteODvOOAgeWKoOmAn+W6puOCu+ODs+OCteODvOOAgeOCuOODo+OCpOODreOCueOCs+ODvOODlzwvdGQ+PC90cj48dHI+PHRoPumYsuawtDwvdGg+PHRkPklQWDc8L3RkPjwvdHI+PC90YWJsZSDjgIDjgIDjgIDjgIDjgIDjgIDjgIDjgIDjgIDjgIDjgIDjgIDjgIAgPiAgPHRhYmxlIOOAgOOAgOOAgOOAgOOAgOOAgOOAgOOAgOOAgOOAgOOAgOOAgOOAgCBjbGFzcz0iY19fdGFibGUgY19fdGFibGUtYm9yZGVyZWQiPiAgPHRyPjx0aD7ku5jlsZ7lk4E8L3RoPjx0ZD7nrrEv44K544Od44O844OE44OQ44Oz44OJL+ejgeawl+WFhembu+OCseODvOODluODqy9BQ+OCouODgOODl+OCvy/jgq/jgqTjg4Pjgq/jgrnjgr/jg7zjg4jjgqzjgqTjg4k8L3RkPjwvdHI+ICA8dHI+PHRoPuS/neiovOacn+mWkzwvdGg+PHRkPuW9k+ekvu+8keODtuaciOmWk+S/neiovDxicj7kv53oqLzjga7oqbPjgZfjgYTlhoXlrrnjga/jgZPjgaHjgonjgafjgZTnorroqo3jgY/jgaDjgZXjgYQ8L3RkPjwvdHI+ICA8dHI+PHRoPuOBneOBruS7lueJueiomOS6i+mghTwvdGg+PHRkPjwvdGQ+PC90cj4gIDx0cj48dGg+5ZWG5ZOB54q25oWL44Gu6Kqs5piOPC90aD48dGQ+6ZaL5bCB44GX44Gm44GE44G+44GZ44GM44CB5L2/55So44GV44KM44Gm44GE44Gq44GE54mp44Go44Gq44KK44G+44GZ44CC44Kx44O844K/44Kk5pyq5L2/55So5ZOB44Gr6Zai44GX44G+44GX44Gm44Gv44CB6YCa6Zu756K66KqN5Y+K44Gz5Yid5pyf5YyW44Gu5L2c5qWt44GM6KGM44Gq44KP44KM44Gm44GK44KK44G+44GZ44CCPC90ZD48L3RyPiAgPC90YWJsZSDjgIDjgIDjgIDjgIDjgIDjgIDjgIDjgIDjgIDjgIDjgIDjgIDjgIAgPiAgPGhyPjx0YWJsZSB3aWR0aD0nMTAwJScgY2VsbHNwYWNpbmc9JzUnIGNlbGxwYWRkaW5nPSc1Jz48dHI+PHRoIGJnY29sb3I9JyNEMDA4MDgnPjxmb250IGNvbG9yPScjZmZmZmZmJz7vvIHjgZTms6jmlofliY3jgavjgZTnorroqo3jgY/jgaDjgZXjgYQ8L2ZvbnQ+PC90aD48L3RyPjx0cj48dGQ+5a6f6Zqb44Gu5ZWG5ZOB44Go55Ww44Gq44KL44Kk44Oh44O844K455S75YOP44KS5Yip55So44GX44Gm44GE44KL5aC05ZCI44GM5b6h5bqn44GE44G+44GZ44CCPGJyPuW9k+W6l+OAgeWun+W6l+iIl+OBqOiHquekvuOCteOCpOODiOOCkuWQq+OCgOWFseacieWcqOW6q+OBqOOBquOCiuOAgeOBlOazqOaWh+OBruOCv+OCpOODn+ODs+OCsOOBq+OCiOOBo+OBpuOBr+WVhuWTgeOCkuOBlOeUqOaEj+OBp+OBjeOBquOBhOWgtOWQiOOBjOOBlOOBluOBhOOBvuOBmeOAguOBlOeUqOaEj+WHuuadpeOBquOBi+OBo+OBn+WgtOWQiOOBq+OBpOOBjeOBvuOBl+OBpuOBr+OAgeOBlOazqOaWh+OBruOCreODo+ODs+OCu+ODq+OBqOOBleOBm+OBpumgguOBjeOBvuOBmeOAguOBneOBruS7luOAgeW9k+W6l+OBruOBlOazqOaWh+OBrua1geOCjOOCkuODmuODvOOCuOS4i+mDqOOBq+OBpuOAgeS6iOOCgeOBlOeiuuiqjeOBj+OBoOOBleOBhOOAgjwvdGQ+PC90cj48L3RhYmxlPjxicj4=,44CQ6YCB5paZ54Sh5paZ44CR5b2T56S+77yR44O25pyI6ZaT5L+d6Ki8W+acquS9v+eUqOWTgV3ilqBBcHBsZSBBcHBsZSBXYXRjaCA0Mm1tIChNTEM3MkovQSkg44CQ44K044O844Or44OJ44Ki44Or44Of44OL44Km44Og44Kx44O844K5L+ODn+ODg+ODieODiuOCpOODiOODluODq+ODvOOCueODneODvOODhOODkOODs+ODieOAkeOAkOWRqOi+uuapn+WZqOOAkeS4reWPpOOAkOS4reWPpOOAkSDjgJAg44OR44K944Kz44Oz77yG55m944Ot44Og44Gu44Kk44Kq44K344K5IOOAke+8muS4reWPpOODkeOCveOCs+ODs+OBqOeZveODreODoOOBruOCpOOCquOCt+OCuQ==,44K544Oe44O844OI44OV44Kp44Oz44K544Oe44ObU0lN44OV44Oq44O855m944Ot44OgaVBob25lQW5kcm9pZOOCv+ODluODrOODg+ODiGlQYWTmkLrluK/pm7voqbHkuK3lj6Tjg5Hjgr3jgrPjg7Pjg47jg7zjg4jjg5Hjgr3jgrPjg7NpcG9kZG9jb21vc29mdGJhbmthdeODh+OCueOCr+ODiOODg+ODl+ODkeOCveOCs+ODs09mZmljZeS4reWPpFBD44Ki44Km44OI44Os44OD44OI44CQ6YCB5paZ54Sh5paZ44CR5b2T56S+77yR44O25pyI6ZaT5L+d6Ki8W+acquS9v+eUqOWTgV3ilqBBcHBsZSBBcHBsZSBXYXRjaCA0Mm1tIChNTEM3MkovQSkg44CQ44K044O844Or44OJ44Ki44Or44Of44OL44Km44Og44Kx44O844K5L+ODn+ODg+ODieODiuOCpOODiOODluODq+ODvOOCueODneODvOODhOODkOODs+ODieOAkeOAkOWRqOi+uuapn+WZqOOAkeS4reWPpOOAkOS4reWPpOOAkSDjgJAg44OR44K944Kz44Oz77yG55m944Ot44Og44Gu44Kk44Kq44K344K5IOOAkQ==,44CQ5b2T56S+77yR44O25pyI6ZaT5L+d6Ki844CR44CC44CQ6YCB5paZ54Sh5paZ44CR5b2T56S+77yR44O25pyI6ZaT5L+d6Ki8W+acquS9v+eUqOWTgV3ilqBBcHBsZSBBcHBsZSBXYXRjaCA0Mm1tIChNTEM3MkovQSkg44CQ44K044O844Or44OJ44Ki44Or44Of44OL44Km44Og44Kx44O844K5L+ODn+ODg+ODieODiuOCpOODiOODluODq+ODvOOCueODneODvOODhOODkOODs+ODieOAkeOAkOWRqOi+uuapn+WZqOOAkeS4reWPpOOAkOS4reWPpOOAkSDjgJAg44OR44K944Kz44Oz77yG55m944Ot44Og44Gu44Kk44Kq44K344K5IOOAkQ==[rn]
16-187162,aHR0cDovL3RzaG9wLnIxMHMuanAvcGMtZ29vZC9jYWJpbmV0L2lvc3lzX2cvbm9faXRlbS5qcGc/Zml0aW49NzAwOjcwMA==,MTkwNDAuMDAwMA==,,44K544Oe44O844OI44OV44Kp44Oz44O744K/44OW44Os44OD44OIID4g44K544Oe44O844OI44OV44Kp44Oz44Ki44Kv44K744K144Oq44O8ID4g44Gd44Gu5LuW,44CQ6YCB5paZ54Sh5paZ44CR5b2T56S+77yR44O25pyI6ZaT5L+d6Ki8W+S4reWPpELjg6njg7Pjgq9d4pagTEfpm7vlrZAgTEcgRyBXYXRjaCBVcmJhbmUgTEctVzE1MCBQSU5LIEdPTETjgJDlkajovrrmqZ/lmajjgJHkuK3lj6TjgJDkuK3lj6TjgJEg44CQIOODkeOCveOCs+ODs++8hueZveODreODoOOBruOCpOOCquOCt+OCuSDjgJE=,44CQ5b2T56S+77yR44O25pyI6ZaT5L+d6Ki844CR,PGxpbmsg44CA44CA44CA44CA44CA44CA44CA44CA44CA44CA44CA44CA44CAPSIiIHJlbD0ic3R5bGVzaGVldCIgaHJlZj0iaHR0cDovL3d3dy5yYWt1dGVuLm5lLmpwL2dvbGQvcGMtZ29vZC9hc3NldHMvc3R5bGVzaGVldHMvaXRlbXMvc3R5bGUuY3NzIj4gIDx0YWJsZSDjgIDjgIDjgIDjgIDjgIDjgIDjgIDjgIDjgIDjgIDjgIDjgIDjgIAgY2xhc3M9ImNfX3RhYmxlIGNfX3RhYmxlLWJvcmRlcmVkIj48dHI+PHRoPk9TPC90aD48dGQ+QW5kcm9pZCBXZWFyPC90ZD48L3RyPjx0cj48dGg+Q1BVPC90aD48dGQ+44Kv44Ki44Or44Kz44OgMS4yR0h6IFNuYXBkcmFnb24gNDAwPC90ZD48L3RyPjx0cj48dGg+UkFNPC90aD48dGQ+NTEyTUI8L3RkPjwvdHI+PHRyPjx0aD7jgrnjg4jjg6zjg7zjgrg8L3RoPjx0ZD40R0I8L3RkPjwvdHI+PHRyPjx0aD7jg4fjgqPjgrnjg5fjg6zjgqQ8L3RoPjx0ZD4xLjPjgqTjg7Pjg4EgRnVpbGwgQ2lyY2xlIFAtT0xFRDwvdGQ+PC90cj48dHI+PHRoPuOCteOCpOOCujwvdGg+PHRkPjQ1LjXDlzUyLjLDlzEwLjltbTwvdGQ+PC90cj48dHI+PHRoPumHjemHjzwvdGg+PHRkPjY2LjVnPC90ZD48L3RyPjwvdGFibGUg44CA44CA44CA44CA44CA44CA44CA44CA44CA44CA44CA44CA44CAID4gIDx0YWJsZSDjgIDjgIDjgIDjgIDjgIDjgIDjgIDjgIDjgIDjgIDjgIDjgIDjgIAgY2xhc3M9ImNfX3RhYmxlIGNfX3RhYmxlLWJvcmRlcmVkIj4gIDx0cj48dGg+5LuY5bGe5ZOBPC90aD48dGQ+566xIOWFhembu+eUqOODieODg+OCryBBQ+OCouODgOODl+OCvyjmtbflpJbku5Xmp5gpIFVTQuOCseODvOODluODqyDjg57jg4vjg6XjgqLjg6vjgIA8L3RkPjwvdHI+ICA8dHI+PHRoPuS/neiovOacn+mWkzwvdGg+PHRkPuW9k+ekvu+8keODtuaciOmWk+S/neiovDxicj7kv53oqLzjga7oqbPjgZfjgYTlhoXlrrnjga/jgZPjgaHjgonjgafjgZTnorroqo3jgY/jgaDjgZXjgYQ8L3RkPjwvdHI+ICA8dHI+PHRoPuOBneOBruS7lueJueiomOS6i+mghTwvdGg+PHRkPjwvdGQ+PC90cj4gIDx0cj48dGg+5ZWG5ZOB54q25oWL44Gu6Kqs5piOPC90aD48dGQ+5Lit5Y+k5ZWG5ZOB54m55pyJ44Gu57WM5bm05Yqj5YyW44GM6KaL44KJ44KM44KL54q25oWL44Gn44GZ44GM44CB6YCa5bi45L2/55So44Gr44Gv5ZWP6aGM5pyJ44KK44G+44Gb44KT44CCPEJSPue1jOW5tOWKo+WMluOBruips+OBl+OBhOiqrOaYjuOBr+OBk+OBoeOCieOBq+OBpuOBlOeiuuiqjeS4i+OBleOBhDxCUj7opIfmlbDlj7DlnKjluqvjgZfjgabjgYTjgovllYblk4Hjga7lhpnnnJ/jgavplqLjgZfjgabjga/jgIHjgarjgovjgbnjgY/mqJnmupbnmoTjgarlpJboo4XnirbmhYvjga7jgoLjga7jgpLpgbjjgpPjgafmkq7lvbHjgZfjgabjgYrjgorjgb7jgZnjgILlhpnnnJ/jga7llYblk4Hjga/jgYrmiYvlhYPjgavlsYrjgY/lgIvkvZPjgajjgYTjgYbjgo/jgZHjgafjga/lvqHluqfjgYTjgb7jgZvjgpPjga7jgafkuojjgoHjgZTkuobmib/kuIvjgZXjgYTjgII8L3RkPjwvdHI+ICA8L3RhYmxlIOOAgOOAgOOAgOOAgOOAgOOAgOOAgOOAgOOAgOOAgOOAgOOAgOOAgCA+ICA8aHI+PHRhYmxlIHdpZHRoPScxMDAlJyBjZWxsc3BhY2luZz0nNScgY2VsbHBhZGRpbmc9JzUnPjx0cj48dGggYmdjb2xvcj0nI0QwMDgwOCc+PGZvbnQgY29sb3I9JyNmZmZmZmYnPu+8geOBlOazqOaWh+WJjeOBq+OBlOeiuuiqjeOBj+OBoOOBleOBhDwvZm9udD48L3RoPjwvdHI+PHRyPjx0ZD7lrp/pmpvjga7llYblk4HjgajnlbDjgarjgovjgqTjg6Hjg7zjgrjnlLvlg4/jgpLliKnnlKjjgZfjgabjgYTjgovloLTlkIjjgYzlvqHluqfjgYTjgb7jgZnjgII8YnI+5b2T5bqX44CB5a6f5bqX6IiX44Go6Ieq56S+44K144Kk44OI44KS5ZCr44KA5YWx5pyJ5Zyo5bqr44Go44Gq44KK44CB44GU5rOo5paH44Gu44K/44Kk44Of44Oz44Kw44Gr44KI44Gj44Gm44Gv5ZWG5ZOB44KS44GU55So5oSP44Gn44GN44Gq44GE5aC05ZCI44GM44GU44GW44GE44G+44GZ44CC44GU55So5oSP5Ye65p2l44Gq44GL44Gj44Gf5aC05ZCI44Gr44Gk44GN44G+44GX44Gm44Gv44CB44GU5rOo5paH44Gu44Kt44Oj44Oz44K744Or44Go44GV44Gb44Gm6aCC44GN44G+44GZ44CC44Gd44Gu5LuW44CB5b2T5bqX44Gu44GU5rOo5paH44Gu5rWB44KM44KS44Oa44O844K45LiL6YOo44Gr44Gm44CB5LqI44KB44GU56K66KqN44GP44Gg44GV44GE44CCPC90ZD48L3RyPjwvdGFibGU+PGJyPg==,44CQ6YCB5paZ54Sh5paZ44CR5b2T56S+77yR44O25pyI6ZaT5L+d6Ki8W+S4reWPpELjg6njg7Pjgq9d4pagTEfpm7vlrZAgTEcgRyBXYXRjaCBVcmJhbmUgTEctVzE1MCBQSU5LIEdPTETjgJDlkajovrrmqZ/lmajjgJHkuK3lj6TjgJDkuK3lj6TjgJEg44CQIOODkeOCveOCs+ODs++8hueZveODreODoOOBruOCpOOCquOCt+OCuSDjgJHvvJrkuK3lj6Tjg5Hjgr3jgrPjg7Pjgajnmb3jg63jg6Djga7jgqTjgqrjgrfjgrk=,44K544Oe44O844OI44OV44Kp44Oz44K544Oe44ObU0lN44OV44Oq44O855m944Ot44OgaVBob25lQW5kcm9pZOOCv+ODluODrOODg+ODiGlQYWTmkLrluK/pm7voqbHkuK3lj6Tjg5Hjgr3jgrPjg7Pjg47jg7zjg4jjg5Hjgr3jgrPjg7NpcG9kZG9jb21vc29mdGJhbmthdeODh+OCueOCr+ODiOODg+ODl+ODkeOCveOCs+ODs09mZmljZeS4reWPpFBD44Ki44Km44OI44Os44OD44OI44CQ6YCB5paZ54Sh5paZ44CR5b2T56S+77yR44O25pyI6ZaT5L+d6Ki8W+S4reWPpELjg6njg7Pjgq9d4pagTEfpm7vlrZAgTEcgRyBXYXRjaCBVcmJhbmUgTEctVzE1MCBQSU5LIEdPTETjgJDlkajovrrmqZ/lmajjgJHkuK3lj6TjgJDkuK3lj6TjgJEg44CQIOODkeOCveOCs+ODs++8hueZveODreODoOOBruOCpOOCquOCt+OCuSDjgJE=,44CQ5b2T56S+77yR44O25pyI6ZaT5L+d6Ki844CR44CC44CQ6YCB5paZ54Sh5paZ44CR5b2T56S+77yR44O25pyI6ZaT5L+d6Ki8W+S4reWPpELjg6njg7Pjgq9d4pagTEfpm7vlrZAgTEcgRyBXYXRjaCBVcmJhbmUgTEctVzE1MCBQSU5LIEdPTETjgJDlkajovrrmqZ/lmajjgJHkuK3lj6TjgJDkuK3lj6TjgJEg44CQIOODkeOCveOCs+ODs++8hueZveODreODoOOBruOCpOOCquOCt+OCuSDjgJE=[rn]
16-187163,aHR0cDovL3RzaG9wLnIxMHMuanAvcGMtZ29vZC9jYWJpbmV0L2lvc3lzX2cvbm9faXRlbS5qcGc/Zml0aW49NzAwOjcwMA==,MjA2NDAuMDAwMA==,,44K544Oe44O844OI44OV44Kp44Oz44O744K/44OW44Os44OD44OIID4g44K544Oe44O844OI44OV44Kp44Oz44Ki44Kv44K744K144Oq44O8ID4g44Gd44Gu5LuW,44CQ6YCB5paZ54Sh5paZ44CR5b2T56S+77yR44O25pyI6ZaT5L+d6Ki8W+S4reWPpELjg6njg7Pjgq9d4pagU0FNU1VORyBTYW1zdW5nIEdlYXIgUzIgY2xhc3NpYyBTTS1SNzMyMFpLQVhKUCjjg5bjg6njg4Pjgq/vvInjgJDlkajovrrmqZ/lmajjgJHkuK3lj6TjgJDkuK3lj6TjgJEg44CQIOODkeOCveOCs+ODs++8hueZveODreODoOOBruOCpOOCquOCt+OCuSDjgJE=,44CQ5b2T56S+77yR44O25pyI6ZaT5L+d6Ki844CR,PGxpbmsg44CA44CA44CA44CA44CA44CA44CA44CA44CA44CA44CA44CA44CAPSIiIHJlbD0ic3R5bGVzaGVldCIgaHJlZj0iaHR0cDovL3d3dy5yYWt1dGVuLm5lLmpwL2dvbGQvcGMtZ29vZC9hc3NldHMvc3R5bGVzaGVldHMvaXRlbXMvc3R5bGUuY3NzIj4gIDx0YWJsZSDjgIDjgIDjgIDjgIDjgIDjgIDjgIDjgIDjgIDjgIDjgIDjgIDjgIAgY2xhc3M9ImNfX3RhYmxlIGNfX3RhYmxlLWJvcmRlcmVkIj48dHI+PHRoPk9TPC90aD48dGQ+VGl6ZW48L3RkPjwvdHI+PHRyPjx0aD5DUFU8L3RoPjx0ZD4xLjBHSHoo44OH44Ol44Ki44Or44Kz44KiKTwvdGQ+PC90cj48dHI+PHRoPuOCueODiOODrOODvOOCuDwvdGg+PHRkPjRHQjwvdGQ+PC90cj48dHI+PHRoPuODoeODouODqjwvdGg+PHRkPjUxMk1CPC90ZD48L3RyPjx0cj48dGg+44OH44Kj44K544OX44Os44KkPC90aD48dGQ+MS4y44Kk44Oz44OBKDM2MHgzNjApPC90ZD48L3RyPjx0cj48dGg+44OQ44OD44OG44Oq44O8PC90aD48dGQ+MjUwbUFoPC90ZD48L3RyPjx0cj48dGg+V2lGaTwvdGg+PHRkPmI8Zm9udCBzaXplPSItMSI+LzwvZm9udD5nPGZvbnQgc2l6ZT0iLTEiPi88L2ZvbnQ+bjwvdGQ+PC90cj48dHI+PHRoPumHjemHjzwvdGg+PHRkPjQ3ZzwvdGQ+PC90cj48dHI+PHRoPuOBneOBruS7ljwvdGg+PHRkPkJsdWV0b290aDQuMTxmb250IHNpemU9Ii0xIj4vPC9mb250PuODr+OCpOODpOODrOOCueWFhembu+WvvuW/nDxmb250IHNpemU9Ii0xIj4vPC9mb250Pk5GQzxmb250IHNpemU9Ii0xIj4vPC9mb250PuiAkOawtDxmb250IHNpemU9Ii0xIj4vPC9mb250PuiAkOWhtShJUDY4KTwvdGQ+PC90cj48dHI+PHRoPuWvvuW/nDwvdGg+PHRkPkFuZHJvaWRPUzQuNOS7peS4iuOAgTEuNUdCUkFN5Lul5LiKPC90ZD48L3RyPjwvdGFibGUg44CA44CA44CA44CA44CA44CA44CA44CA44CA44CA44CA44CA44CAID4gIDx0YWJsZSDjgIDjgIDjgIDjgIDjgIDjgIDjgIDjgIDjgIDjgIDjgIDjgIDjgIAgY2xhc3M9ImNfX3RhYmxlIGNfX3RhYmxlLWJvcmRlcmVkIj4gIDx0cj48dGg+5LuY5bGe5ZOBPC90aD48dGQ+566xL+OCr+OCpOODg+OCr+OCueOCv+ODvOODiOOCrOOCpOODiS/jgrXjgqTjgrrkuqTmj5vnlKjjg5njg6vjg4gv5bCC55So44Ov44Kk44Ok44Os44K55YWF6Zu744OJ44OD44KvPC90ZD48L3RyPiAgPHRyPjx0aD7kv53oqLzmnJ/plpM8L3RoPjx0ZD7lvZPnpL7vvJHjg7bmnIjplpPkv53oqLw8YnI+5L+d6Ki844Gu6Kmz44GX44GE5YaF5a6544Gv44GT44Gh44KJ44Gn44GU56K66KqN44GP44Gg44GV44GEPC90ZD48L3RyPiAgPHRyPjx0aD7jgZ3jga7ku5bnibnoqJjkuovpoIU8L3RoPjx0ZD48L3RkPjwvdHI+ICA8dHI+PHRoPuWVhuWTgeeKtuaFi+OBruiqrOaYjjwvdGg+PHRkPuS4reWPpOWVhuWTgeeJueacieOBrue1jOW5tOWKo+WMluOBjOimi+OCieOCjOOCi+eKtuaFi+OBp+OBmeOBjOOAgemAmuW4uOS9v+eUqOOBq+OBr+WVj+mhjOacieOCiuOBvuOBm+OCk+OAgjxCUj7ntYzlubTliqPljJbjga7oqbPjgZfjgYToqqzmmI7jga/jgZPjgaHjgonjgavjgabjgZTnorroqo3kuIvjgZXjgYQ8QlI+6KSH5pWw5Y+w5Zyo5bqr44GX44Gm44GE44KL5ZWG5ZOB44Gu5YaZ55yf44Gr6Zai44GX44Gm44Gv44CB44Gq44KL44G544GP5qiZ5rqW55qE44Gq5aSW6KOF54q25oWL44Gu44KC44Gu44KS6YG444KT44Gn5pKu5b2x44GX44Gm44GK44KK44G+44GZ44CC5YaZ55yf44Gu5ZWG5ZOB44Gv44GK5omL5YWD44Gr5bGK44GP5YCL5L2T44Go44GE44GG44KP44GR44Gn44Gv5b6h5bqn44GE44G+44Gb44KT44Gu44Gn5LqI44KB44GU5LqG5om/5LiL44GV44GE44CCPC90ZD48L3RyPiAgPC90YWJsZSDjgIDjgIDjgIDjgIDjgIDjgIDjgIDjgIDjgIDjgIDjgIDjgIDjgIAgPiAgPGhyPjx0YWJsZSB3aWR0aD0nMTAwJScgY2VsbHNwYWNpbmc9JzUnIGNlbGxwYWRkaW5nPSc1Jz48dHI+PHRoIGJnY29sb3I9JyNEMDA4MDgnPjxmb250IGNvbG9yPScjZmZmZmZmJz7vvIHjgZTms6jmlofliY3jgavjgZTnorroqo3jgY/jgaDjgZXjgYQ8L2ZvbnQ+PC90aD48L3RyPjx0cj48dGQ+5a6f6Zqb44Gu5ZWG5ZOB44Go55Ww44Gq44KL44Kk44Oh44O844K455S75YOP44KS5Yip55So44GX44Gm44GE44KL5aC05ZCI44GM5b6h5bqn44GE44G+44GZ44CCPGJyPuW9k+W6l+OAgeWun+W6l+iIl+OBqOiHquekvuOCteOCpOODiOOCkuWQq+OCgOWFseacieWcqOW6q+OBqOOBquOCiuOAgeOBlOazqOaWh+OBruOCv+OCpOODn+ODs+OCsOOBq+OCiOOBo+OBpuOBr+WVhuWTgeOCkuOBlOeUqOaEj+OBp+OBjeOBquOBhOWgtOWQiOOBjOOBlOOBluOBhOOBvuOBmeOAguOBlOeUqOaEj+WHuuadpeOBquOBi+OBo+OBn+WgtOWQiOOBq+OBpOOBjeOBvuOBl+OBpuOBr+OAgeOBlOazqOaWh+OBruOCreODo+ODs+OCu+ODq+OBqOOBleOBm+OBpumgguOBjeOBvuOBmeOAguOBneOBruS7luOAgeW9k+W6l+OBruOBlOazqOaWh+OBrua1geOCjOOCkuODmuODvOOCuOS4i+mDqOOBq+OBpuOAgeS6iOOCgeOBlOeiuuiqjeOBj+OBoOOBleOBhOOAgjwvdGQ+PC90cj48L3RhYmxlPjxicj4=,44CQ6YCB5paZ54Sh5paZ44CR5b2T56S+77yR44O25pyI6ZaT5L+d6Ki8W+S4reWPpELjg6njg7Pjgq9d4pagU0FNU1VORyBTYW1zdW5nIEdlYXIgUzIgY2xhc3NpYyBTTS1SNzMyMFpLQVhKUCjjg5bjg6njg4Pjgq/vvInjgJDlkajovrrmqZ/lmajjgJHkuK3lj6TjgJDkuK3lj6TjgJEg44CQIOODkeOCveOCs+ODs++8hueZveODreODoOOBruOCpOOCquOCt+OCuSDjgJHvvJrkuK3lj6Tjg5Hjgr3jgrPjg7Pjgajnmb3jg63jg6Djga7jgqTjgqrjgrfjgrk=,44K544Oe44O844OI44OV44Kp44Oz44K544Oe44ObU0lN44OV44Oq44O855m944Ot44OgaVBob25lQW5kcm9pZOOCv+ODluODrOODg+ODiGlQYWTmkLrluK/pm7voqbHkuK3lj6Tjg5Hjgr3jgrPjg7Pjg47jg7zjg4jjg5Hjgr3jgrPjg7NpcG9kZG9jb21vc29mdGJhbmthdeODh+OCueOCr+ODiOODg+ODl+ODkeOCveOCs+ODs09mZmljZeS4reWPpFBD44Ki44Km44OI44Os44OD44OI44CQ6YCB5paZ54Sh5paZ44CR5b2T56S+77yR44O25pyI6ZaT5L+d6Ki8W+S4reWPpELjg6njg7Pjgq9d4pagU0FNU1VORyBTYW1zdW5nIEdlYXIgUzIgY2xhc3NpYyBTTS1SNzMyMFpLQVhKUCjjg5bjg6njg4Pjgq/vvInjgJDlkajovrrmqZ/lmajjgJHkuK3lj6TjgJDkuK3lj6TjgJEg44CQIOODkeOCveOCs+ODs++8hueZveODreODoOOBruOCpOOCquOCt+OCuSDjgJE=,44CQ5b2T56S+77yR44O25pyI6ZaT5L+d6Ki844CR44CC44CQ6YCB5paZ54Sh5paZ44CR5b2T56S+77yR44O25pyI6ZaT5L+d6Ki8W+S4reWPpELjg6njg7Pjgq9d4pagU0FNU1VORyBTYW1zdW5nIEdlYXIgUzIgY2xhc3NpYyBTTS1SNzMyMFpLQVhKUCjjg5bjg6njg4Pjgq/vvInjgJDlkajovrrmqZ/lmajjgJHkuK3lj6TjgJDkuK3lj6TjgJEg44CQIOODkeOCveOCs+ODs++8hueZveODreODoOOBruOCpOOCquOCt+OCuSDjgJE=[rn]
16-187164,aHR0cDovL3RzaG9wLnIxMHMuanAvcGMtZ29vZC9jYWJpbmV0L2lvc3lzX2cvOTQwMDBfOTU5OTkvOTU0MTcuanBnP2ZpdGluPTcwMDo3MDA=,MTkwNDAuMDAwMA==,,44K544Oe44O844OI44OV44Kp44Oz44O744K/44OW44Os44OD44OIID4g44K544Oe44O844OI44OV44Kp44Oz44Ki44Kv44K744K144Oq44O8ID4g44Gd44Gu5LuW,44CQ6YCB5paZ54Sh5paZ44CR5b2T56S+77yR44O25pyI6ZaT5L+d6Ki8W+acquS9v+eUqOWTgV3ilqBBcHBsZSBBcHBsZSBXYXRjaCBTcG9ydCAzOG1tIChNTENKMkovQSkg44CQ44Ki44Oz44OG44Kj44O844Kv44Ob44Ov44Kk44OI44K544Od44O844OE44OQ44Oz44OJ44CR44CQ5ZGo6L665qmf5Zmo44CR5Lit5Y+k44CQ5Lit5Y+k44CRIOOAkCDjg5Hjgr3jgrPjg7PvvIbnmb3jg63jg6Djga7jgqTjgqrjgrfjgrkg44CR,44CQ5b2T56S+77yR44O25pyI6ZaT5L+d6Ki844CR,PGxpbmsg44CA44CA44CA44CA44CA44CA44CA44CA44CA44CA44CA44CA44CAPSIiIHJlbD0ic3R5bGVzaGVldCIgaHJlZj0iaHR0cDovL3d3dy5yYWt1dGVuLm5lLmpwL2dvbGQvcGMtZ29vZC9hc3NldHMvc3R5bGVzaGVldHMvaXRlbXMvc3R5bGUuY3NzIj4gIDx0YWJsZSDjgIDjgIDjgIDjgIDjgIDjgIDjgIDjgIDjgIDjgIDjgIDjgIDjgIAgY2xhc3M9ImNfX3RhYmxlIGNfX3RhYmxlLWJvcmRlcmVkIj48dHI+PHRoPuOCteOCpOOCujwvdGg+PHRkPjQzOC42IHggMzMuMyB4IDEwLjUgbW08L3RkPjwvdHI+PHRyPjx0aD7jgrHjg7zjgrnph43jgZU8L3RoPjx0ZD7ntIQyNWc8L3RkPjwvdHI+PHRyPjx0aD7jg4fjgqPjgrnjg5fjg6zjgqQ8L3RoPjx0ZD7mhJ/lnKfjgr/jg4Pjg4Hjgavlr77lv5zjgZfjgZ9SZXRpbmHjg4fjgqPjgrnjg5fjg6zjgqQ8L3RkPjwvdHI+PHRyPjx0aD5XaXJlbGVzczwvdGg+PHRkPldpLUZpICg4MDIuMTFiPGZvbnQgc2l6ZT0iLTEiPi88L2ZvbnQ+Zzxmb250IHNpemU9Ii0xIj4vPC9mb250Pm4gMi40R0h6KTxmb250IHNpemU9Ii0xIj4vPC9mb250PkJsdWV0b290aCA0LjAg5b+D5ouN44K744Oz44K144O844CB5Yqg6YCf5bqm44K744Oz44K144O844CB44K444Oj44Kk44Ot44K544Kz44O844OXPC90ZD48L3RyPjx0cj48dGg+6Ziy5rC0PC90aD48dGQ+SVBYNzwvdGQ+PC90cj48L3RhYmxlIOOAgOOAgOOAgOOAgOOAgOOAgOOAgOOAgOOAgOOAgOOAgOOAgOOAgCA+ICA8dGFibGUg44CA44CA44CA44CA44CA44CA44CA44CA44CA44CA44CA44CA44CAIGNsYXNzPSJjX190YWJsZSBjX190YWJsZS1ib3JkZXJlZCI+ICA8dHI+PHRoPuS7mOWxnuWTgTwvdGg+PHRkPuW3peWgtOWHuuiNt+eKtuaFizwvdGQ+PC90cj4gIDx0cj48dGg+5L+d6Ki85pyf6ZaTPC90aD48dGQ+5b2T56S+77yR44O25pyI6ZaT5L+d6Ki8PGJyPuS/neiovOOBruips+OBl+OBhOWGheWuueOBr+OBk+OBoeOCieOBp+OBlOeiuuiqjeOBj+OBoOOBleOBhDwvdGQ+PC90cj4gIDx0cj48dGg+44Gd44Gu5LuW54m56KiY5LqL6aCFPC90aD48dGQ+PC90ZD48L3RyPiAgPHRyPjx0aD7llYblk4HnirbmhYvjga7oqqzmmI48L3RoPjx0ZD7plovlsIHjgZfjgabjgYTjgb7jgZnjgYzjgIHkvb/nlKjjgZXjgozjgabjgYTjgarjgYTnianjgajjgarjgorjgb7jgZnjgILjgrHjg7zjgr/jgqTmnKrkvb/nlKjlk4HjgavplqLjgZfjgb7jgZfjgabjga/jgIHpgJrpm7vnorroqo3lj4rjgbPliJ3mnJ/ljJbjga7kvZzmpa3jgYzooYzjgarjgo/jgozjgabjgYrjgorjgb7jgZnjgII8L3RkPjwvdHI+ICA8L3RhYmxlIOOAgOOAgOOAgOOAgOOAgOOAgOOAgOOAgOOAgOOAgOOAgOOAgOOAgCA+ICA8aHI+PHRhYmxlIHdpZHRoPScxMDAlJyBjZWxsc3BhY2luZz0nNScgY2VsbHBhZGRpbmc9JzUnPjx0cj48dGggYmdjb2xvcj0nI0QwMDgwOCc+PGZvbnQgY29sb3I9JyNmZmZmZmYnPu+8geOBlOazqOaWh+WJjeOBq+OBlOeiuuiqjeOBj+OBoOOBleOBhDwvZm9udD48L3RoPjwvdHI+PHRyPjx0ZD7lrp/pmpvjga7llYblk4HjgajnlbDjgarjgovjgqTjg6Hjg7zjgrjnlLvlg4/jgpLliKnnlKjjgZfjgabjgYTjgovloLTlkIjjgYzlvqHluqfjgYTjgb7jgZnjgII8YnI+5b2T5bqX44CB5a6f5bqX6IiX44Go6Ieq56S+44K144Kk44OI44KS5ZCr44KA5YWx5pyJ5Zyo5bqr44Go44Gq44KK44CB44GU5rOo5paH44Gu44K/44Kk44Of44Oz44Kw44Gr44KI44Gj44Gm44Gv5ZWG5ZOB44KS44GU55So5oSP44Gn44GN44Gq44GE5aC05ZCI44GM44GU44GW44GE44G+44GZ44CC44GU55So5oSP5Ye65p2l44Gq44GL44Gj44Gf5aC05ZCI44Gr44Gk44GN44G+44GX44Gm44Gv44CB44GU5rOo5paH44Gu44Kt44Oj44Oz44K744Or44Go44GV44Gb44Gm6aCC44GN44G+44GZ44CC44Gd44Gu5LuW44CB5b2T5bqX44Gu44GU5rOo5paH44Gu5rWB44KM44KS44Oa44O844K45LiL6YOo44Gr44Gm44CB5LqI44KB44GU56K66KqN44GP44Gg44GV44GE44CCPC90ZD48L3RyPjwvdGFibGU+PGJyPg==,44CQ6YCB5paZ54Sh5paZ44CR5b2T56S+77yR44O25pyI6ZaT5L+d6Ki8W+acquS9v+eUqOWTgV3ilqBBcHBsZSBBcHBsZSBXYXRjaCBTcG9ydCAzOG1tIChNTENKMkovQSkg44CQ44Ki44Oz44OG44Kj44O844Kv44Ob44Ov44Kk44OI44K544Od44O844OE44OQ44Oz44OJ44CR44CQ5ZGo6L665qmf5Zmo44CR5Lit5Y+k44CQ5Lit5Y+k44CRIOOAkCDjg5Hjgr3jgrPjg7PvvIbnmb3jg63jg6Djga7jgqTjgqrjgrfjgrkg44CR77ya5Lit5Y+k44OR44K944Kz44Oz44Go55m944Ot44Og44Gu44Kk44Kq44K344K5,44K544Oe44O844OI44OV44Kp44Oz44K544Oe44ObU0lN44OV44Oq44O855m944Ot44OgaVBob25lQW5kcm9pZOOCv+ODluODrOODg+ODiGlQYWTmkLrluK/pm7voqbHkuK3lj6Tjg5Hjgr3jgrPjg7Pjg47jg7zjg4jjg5Hjgr3jgrPjg7NpcG9kZG9jb21vc29mdGJhbmthdeODh+OCueOCr+ODiOODg+ODl+ODkeOCveOCs+ODs09mZmljZeS4reWPpFBD44Ki44Km44OI44Os44OD44OI44CQ6YCB5paZ54Sh5paZ44CR5b2T56S+77yR44O25pyI6ZaT5L+d6Ki8W+acquS9v+eUqOWTgV3ilqBBcHBsZSBBcHBsZSBXYXRjaCBTcG9ydCAzOG1tIChNTENKMkovQSkg44CQ44Ki44Oz44OG44Kj44O844Kv44Ob44Ov44Kk44OI44K544Od44O844OE44OQ44Oz44OJ44CR44CQ5ZGo6L665qmf5Zmo44CR5Lit5Y+k44CQ5Lit5Y+k44CRIOOAkCDjg5Hjgr3jgrPjg7PvvIbnmb3jg63jg6Djga7jgqTjgqrjgrfjgrkg44CR,44CQ5b2T56S+77yR44O25pyI6ZaT5L+d6Ki844CR44CC44CQ6YCB5paZ54Sh5paZ44CR5b2T56S+77yR44O25pyI6ZaT5L+d6Ki8W+acquS9v+eUqOWTgV3ilqBBcHBsZSBBcHBsZSBXYXRjaCBTcG9ydCAzOG1tIChNTENKMkovQSkg44CQ44Ki44Oz44OG44Kj44O844Kv44Ob44Ov44Kk44OI44K544Od44O844OE44OQ44Oz44OJ44CR44CQ5ZGo6L665qmf5Zmo44CR5Lit5Y+k44CQ5Lit5Y+k44CRIOOAkCDjg5Hjgr3jgrPjg7PvvIbnmb3jg63jg6Djga7jgqTjgqrjgrfjgrkg44CR[rn]
16-187165,aHR0cDovL3RzaG9wLnIxMHMuanAvcGMtZ29vZC9jYWJpbmV0L2lvc3lzX2cvMTAyMDAwXzEwMzk5OS8xMDI3OTguanBnP2ZpdGluPTcwMDo3MDA=,MTU4NDAuMDAwMA==,,44K544Oe44O844OI44OV44Kp44Oz44O744K/44OW44Os44OD44OIID4g44K544Oe44O844OI44OV44Kp44Oz44Ki44Kv44K744K144Oq44O8ID4g44Gd44Gu5LuW,44CQ6YCB5paZ54Sh5paZ44CR5b2T56S+77yR44O25pyI6ZaT5L+d6Ki8W+S4reWPpELjg6njg7Pjgq9d4pagU0FNU1VORyBkb2NvbW8gU2Ftc3VuZyBHZWFyIFMyIFNNLVI3MjAgRGFya0dyYXnjgJDlkajovrrmqZ/lmajjgJHkuK3lj6TjgJDkuK3lj6TjgJEg44CQIOODkeOCveOCs+ODs++8hueZveODreODoOOBruOCpOOCquOCt+OCuSDjgJE=,44CQ5b2T56S+77yR44O25pyI6ZaT5L+d6Ki844CR,PGxpbmsg44CA44CA44CA44CA44CA44CA44CA44CA44CA44CA44CA44CA44CAPSIiIHJlbD0ic3R5bGVzaGVldCIgaHJlZj0iaHR0cDovL3d3dy5yYWt1dGVuLm5lLmpwL2dvbGQvcGMtZ29vZC9hc3NldHMvc3R5bGVzaGVldHMvaXRlbXMvc3R5bGUuY3NzIj4gIDx0YWJsZSDjgIDjgIDjgIDjgIDjgIDjgIDjgIDjgIDjgIDjgIDjgIDjgIDjgIAgY2xhc3M9ImNfX3RhYmxlIGNfX3RhYmxlLWJvcmRlcmVkIj48dHI+PHRoPkNQVTwvdGg+PHRkPjEuMEdIeijjg4fjg6XjgqLjg6vjgrPjgqIpPC90ZD48L3RyPjx0cj48dGg+44K544OI44Os44O844K4PC90aD48dGQ+NEdCPC90ZD48L3RyPjx0cj48dGg+44Oh44Oi44OqPC90aD48dGQ+NTEyTUI8L3RkPjwvdHI+PHRyPjx0aD7jg4fjgqPjgrnjg5fjg6zjgqQ8L3RoPjx0ZD4xLjLjgqTjg7Pjg4EoMzYweDM2MCk8L3RkPjwvdHI+PHRyPjx0aD7jg5Djg4Pjg4bjg6rjg7w8L3RoPjx0ZD4yNTBtQWg8L3RkPjwvdHI+PHRyPjx0aD5XaUZpPC90aD48dGQ+Yjxmb250IHNpemU9Ii0xIj4vPC9mb250Pmc8Zm9udCBzaXplPSItMSI+LzwvZm9udD5uPC90ZD48L3RyPjx0cj48dGg+6YeN6YePPC90aD48dGQ+NDdnPC90ZD48L3RyPjx0cj48dGg+44Gd44Gu5LuWPC90aD48dGQ+Qmx1ZXRvb3RoNC4xPGZvbnQgc2l6ZT0iLTEiPi88L2ZvbnQ+44Ov44Kk44Ok44Os44K55YWF6Zu75a++5b+cPGZvbnQgc2l6ZT0iLTEiPi88L2ZvbnQ+TkZDPGZvbnQgc2l6ZT0iLTEiPi88L2ZvbnQ+6ICQ5rC0PGZvbnQgc2l6ZT0iLTEiPi88L2ZvbnQ+6ICQ5aG1KElQNjgpPC90ZD48L3RyPjx0cj48dGg+5a++5b+cPC90aD48dGQ+QW5kcm9pZE9TNC405Lul5LiK44CBMS41R0JSQU3ku6XkuIo8L3RkPjwvdHI+PC90YWJsZSDjgIDjgIDjgIDjgIDjgIDjgIDjgIDjgIDjgIDjgIDjgIDjgIDjgIAgPiAgPHRhYmxlIOOAgOOAgOOAgOOAgOOAgOOAgOOAgOOAgOOAgOOAgOOAgOOAgOOAgCBjbGFzcz0iY19fdGFibGUgY19fdGFibGUtYm9yZGVyZWQiPiAgPHRyPjx0aD7ku5jlsZ7lk4E8L3RoPjx0ZD7nrrEv5YWF6Zu744OJ44OD44KvL+ODkOODs+ODiS/jgq/jgqTjg4Pjgq/jgrnjgr/jg7zjg4jjgqzjgqTjg4k8L3RkPjwvdHI+ICA8dHI+PHRoPuS/neiovOacn+mWkzwvdGg+PHRkPuW9k+ekvu+8keODtuaciOmWk+S/neiovDxicj7kv53oqLzjga7oqbPjgZfjgYTlhoXlrrnjga/jgZPjgaHjgonjgafjgZTnorroqo3jgY/jgaDjgZXjgYQ8L3RkPjwvdHI+ICA8dHI+PHRoPuOBneOBruS7lueJueiomOS6i+mghTwvdGg+PHRkPjwvdGQ+PC90cj4gIDx0cj48dGg+5ZWG5ZOB54q25oWL44Gu6Kqs5piOPC90aD48dGQ+5Lit5Y+k5ZWG5ZOB54m55pyJ44Gu57WM5bm05Yqj5YyW44GM6KaL44KJ44KM44KL54q25oWL44Gn44GZ44GM44CB6YCa5bi45L2/55So44Gr44Gv5ZWP6aGM5pyJ44KK44G+44Gb44KT44CCPEJSPue1jOW5tOWKo+WMluOBruips+OBl+OBhOiqrOaYjuOBr+OBk+OBoeOCieOBq+OBpuOBlOeiuuiqjeS4i+OBleOBhDxCUj7opIfmlbDlj7DlnKjluqvjgZfjgabjgYTjgovllYblk4Hjga7lhpnnnJ/jgavplqLjgZfjgabjga/jgIHjgarjgovjgbnjgY/mqJnmupbnmoTjgarlpJboo4XnirbmhYvjga7jgoLjga7jgpLpgbjjgpPjgafmkq7lvbHjgZfjgabjgYrjgorjgb7jgZnjgILlhpnnnJ/jga7llYblk4Hjga/jgYrmiYvlhYPjgavlsYrjgY/lgIvkvZPjgajjgYTjgYbjgo/jgZHjgafjga/lvqHluqfjgYTjgb7jgZvjgpPjga7jgafkuojjgoHjgZTkuobmib/kuIvjgZXjgYTjgII8L3RkPjwvdHI+ICA8L3RhYmxlIOOAgOOAgOOAgOOAgOOAgOOAgOOAgOOAgOOAgOOAgOOAgOOAgOOAgCA+ICA8aHI+PHRhYmxlIHdpZHRoPScxMDAlJyBjZWxsc3BhY2luZz0nNScgY2VsbHBhZGRpbmc9JzUnPjx0cj48dGggYmdjb2xvcj0nI0QwMDgwOCc+PGZvbnQgY29sb3I9JyNmZmZmZmYnPu+8geOBlOazqOaWh+WJjeOBq+OBlOeiuuiqjeOBj+OBoOOBleOBhDwvZm9udD48L3RoPjwvdHI+PHRyPjx0ZD7lrp/pmpvjga7llYblk4HjgajnlbDjgarjgovjgqTjg6Hjg7zjgrjnlLvlg4/jgpLliKnnlKjjgZfjgabjgYTjgovloLTlkIjjgYzlvqHluqfjgYTjgb7jgZnjgII8YnI+5b2T5bqX44CB5a6f5bqX6IiX44Go6Ieq56S+44K144Kk44OI44KS5ZCr44KA5YWx5pyJ5Zyo5bqr44Go44Gq44KK44CB44GU5rOo5paH44Gu44K/44Kk44Of44Oz44Kw44Gr44KI44Gj44Gm44Gv5ZWG5ZOB44KS44GU55So5oSP44Gn44GN44Gq44GE5aC05ZCI44GM44GU44GW44GE44G+44GZ44CC44GU55So5oSP5Ye65p2l44Gq44GL44Gj44Gf5aC05ZCI44Gr44Gk44GN44G+44GX44Gm44Gv44CB44GU5rOo5paH44Gu44Kt44Oj44Oz44K744Or44Go44GV44Gb44Gm6aCC44GN44G+44GZ44CC44Gd44Gu5LuW44CB5b2T5bqX44Gu44GU5rOo5paH44Gu5rWB44KM44KS44Oa44O844K45LiL6YOo44Gr44Gm44CB5LqI44KB44GU56K66KqN44GP44Gg44GV44GE44CCPC90ZD48L3RyPjwvdGFibGU+PGJyPg==,44CQ6YCB5paZ54Sh5paZ44CR5b2T56S+77yR44O25pyI6ZaT5L+d6Ki8W+S4reWPpELjg6njg7Pjgq9d4pagU0FNU1VORyBkb2NvbW8gU2Ftc3VuZyBHZWFyIFMyIFNNLVI3MjAgRGFya0dyYXnjgJDlkajovrrmqZ/lmajjgJHkuK3lj6TjgJDkuK3lj6TjgJEg44CQIOODkeOCveOCs+ODs++8hueZveODreODoOOBruOCpOOCquOCt+OCuSDjgJHvvJrkuK3lj6Tjg5Hjgr3jgrPjg7Pjgajnmb3jg63jg6Djga7jgqTjgqrjgrfjgrk=,44K544Oe44O844OI44OV44Kp44Oz44K544Oe44ObU0lN44OV44Oq44O855m944Ot44OgaVBob25lQW5kcm9pZOOCv+ODluODrOODg+ODiGlQYWTmkLrluK/pm7voqbHkuK3lj6Tjg5Hjgr3jgrPjg7Pjg47jg7zjg4jjg5Hjgr3jgrPjg7NpcG9kZG9jb21vc29mdGJhbmthdeODh+OCueOCr+ODiOODg+ODl+ODkeOCveOCs+ODs09mZmljZeS4reWPpFBD44Ki44Km44OI44Os44OD44OI44CQ6YCB5paZ54Sh5paZ44CR5b2T56S+77yR44O25pyI6ZaT5L+d6Ki8W+S4reWPpELjg6njg7Pjgq9d4pagU0FNU1VORyBkb2NvbW8gU2Ftc3VuZyBHZWFyIFMyIFNNLVI3MjAgRGFya0dyYXnjgJDlkajovrrmqZ/lmajjgJHkuK3lj6TjgJDkuK3lj6TjgJEg44CQIOODkeOCveOCs+ODs++8hueZveODreODoOOBruOCpOOCquOCt+OCuSDjgJE=,44CQ5b2T56S+77yR44O25pyI6ZaT5L+d6Ki844CR44CC44CQ6YCB5paZ54Sh5paZ44CR5b2T56S+77yR44O25pyI6ZaT5L+d6Ki8W+S4reWPpELjg6njg7Pjgq9d4pagU0FNU1VORyBkb2NvbW8gU2Ftc3VuZyBHZWFyIFMyIFNNLVI3MjAgRGFya0dyYXnjgJDlkajovrrmqZ/lmajjgJHkuK3lj6TjgJDkuK3lj6TjgJEg44CQIOODkeOCveOCs+ODs++8hueZveODreODoOOBruOCpOOCquOCt+OCuSDjgJE=[rn]
16-187166,aHR0cDovL3RzaG9wLnIxMHMuanAvcGMtZ29vZC9jYWJpbmV0L2lvc3lzX2cvMTA2MDAwXzEwNzk5OS8xMDc3ODdfMS5qcGc/Zml0aW49NzAwOjcwMA==,MTkwNDAuMDAwMA==,,44K544Oe44O844OI44OV44Kp44Oz44O744K/44OW44Os44OD44OIID4g44K544Oe44O844OI44OV44Kp44Oz44Ki44Kv44K744K144Oq44O8ID4g44Gd44Gu5LuW,44CQ6YCB5paZ54Sh5paZ44CR5b2T56S+77yR44O25pyI6ZaT5L+d6Ki8W+acquS9v+eUqOWTgV3ilqBBcHBsZSBBcHBsZSBXYXRjaCBTcG9ydCAzOG1tIChNTUY2MkovQSkg44CQ44OW44Op44OD44Kv44Km44O844OW44Oz44OK44Kk44Ot44Oz44CR44CQ5ZGo6L665qmf5Zmo44CR5Lit5Y+k44CQ5Lit5Y+k44CRIOOAkCDjg5Hjgr3jgrPjg7PvvIbnmb3jg63jg6Djga7jgqTjgqrjgrfjgrkg44CR,44CQ5b2T56S+77yR44O25pyI6ZaT5L+d6Ki844CR,PGxpbmsg44CA44CA44CA44CA44CA44CA44CA44CA44CA44CA44CA44CA44CAPSIiIHJlbD0ic3R5bGVzaGVldCIgaHJlZj0iaHR0cDovL3d3dy5yYWt1dGVuLm5lLmpwL2dvbGQvcGMtZ29vZC9hc3NldHMvc3R5bGVzaGVldHMvaXRlbXMvc3R5bGUuY3NzIj4gIDx0YWJsZSDjgIDjgIDjgIDjgIDjgIDjgIDjgIDjgIDjgIDjgIDjgIDjgIDjgIAgY2xhc3M9ImNfX3RhYmxlIGNfX3RhYmxlLWJvcmRlcmVkIj48dHI+PHRoPk9TPC90aD48dGQ+V2F0Y2ggT1M8L3RkPjwvdHI+PHRyPjx0aD7jg4fjgqPjgrnjg5fjg6zjgqQ8L3RoPjx0ZD5SZXRpbmHjg4fjgqPjgrnjg5fjg6zjgqQ8L3RkPjwvdHI+PHRyPjx0aD5XaS1GaTwvdGg+PHRkPjgwMi4xMWI8Zm9udCBzaXplPSItMSI+LzwvZm9udD5nPC90ZD48L3RyPjx0cj48dGg+Qmx1ZXRvb3RoPC90aD48dGQ+NC4wPC90ZD48L3RyPjx0cj48dGg+44Gd44Gu5LuWPC90aD48dGQ+552A5L+h6YCa55+l5qmf6IO9PGZvbnQgc2l6ZT0iLTEiPi88L2ZvbnQ+44Oh44O844Or6YCa55+l5qmf6IO9PGZvbnQgc2l6ZT0iLTEiPi88L2ZvbnQ+5q2p5pWw6KiI5qmf6IO9PGZvbnQgc2l6ZT0iLTEiPi88L2ZvbnQ+5Yqg6YCf5bqm44K744Oz44K144O8PGZvbnQgc2l6ZT0iLTEiPi88L2ZvbnQ+5b+D5ouN44K744Oz44K144O8PGZvbnQgc2l6ZT0iLTEiPi88L2ZvbnQ+R1BTPC90ZD48L3RyPjx0cj48dGg+55m65aOy5pelPC90aD48dGQ+MjAxNeW5tCA05pyIPC90ZD48L3RyPjwvdGFibGUg44CA44CA44CA44CA44CA44CA44CA44CA44CA44CA44CA44CA44CAID4gIDx0YWJsZSDjgIDjgIDjgIDjgIDjgIDjgIDjgIDjgIDjgIDjgIDjgIDjgIDjgIAgY2xhc3M9ImNfX3RhYmxlIGNfX3RhYmxlLWJvcmRlcmVkIj4gIDx0cj48dGg+5LuY5bGe5ZOBPC90aD48dGQ+566xL0FD44Ki44OA44OX44K/L+ejgeawl+WFhembu+OCseODvOODluODqy/jgrnjg53jg7zjg4Tjg5Djg7Pjg4kv44Kv44Kk44OD44Kv44K544K/44O844OI44Ks44Kk44OJPC90ZD48L3RyPiAgPHRyPjx0aD7kv53oqLzmnJ/plpM8L3RoPjx0ZD7lvZPnpL7vvJHjg7bmnIjplpPkv53oqLw8YnI+5L+d6Ki844Gu6Kmz44GX44GE5YaF5a6544Gv44GT44Gh44KJ44Gn44GU56K66KqN44GP44Gg44GV44GEPC90ZD48L3RyPiAgPHRyPjx0aD7jgZ3jga7ku5bnibnoqJjkuovpoIU8L3RoPjx0ZD48L3RkPjwvdHI+ICA8dHI+PHRoPuWVhuWTgeeKtuaFi+OBruiqrOaYjjwvdGg+PHRkPumWi+WwgeOBl+OBpuOBhOOBvuOBmeOBjOOAgeS9v+eUqOOBleOCjOOBpuOBhOOBquOBhOeJqeOBqOOBquOCiuOBvuOBmeOAguOCseODvOOCv+OCpOacquS9v+eUqOWTgeOBq+mWouOBl+OBvuOBl+OBpuOBr+OAgemAmumbu+eiuuiqjeWPiuOBs+WIneacn+WMluOBruS9nOalreOBjOihjOOBquOCj+OCjOOBpuOBiuOCiuOBvuOBmeOAgjwvdGQ+PC90cj4gIDwvdGFibGUg44CA44CA44CA44CA44CA44CA44CA44CA44CA44CA44CA44CA44CAID4gIDxocj48dGFibGUgd2lkdGg9JzEwMCUnIGNlbGxzcGFjaW5nPSc1JyBjZWxscGFkZGluZz0nNSc+PHRyPjx0aCBiZ2NvbG9yPScjRDAwODA4Jz48Zm9udCBjb2xvcj0nI2ZmZmZmZic+77yB44GU5rOo5paH5YmN44Gr44GU56K66KqN44GP44Gg44GV44GEPC9mb250PjwvdGg+PC90cj48dHI+PHRkPuWun+mam+OBruWVhuWTgeOBqOeVsOOBquOCi+OCpOODoeODvOOCuOeUu+WDj+OCkuWIqeeUqOOBl+OBpuOBhOOCi+WgtOWQiOOBjOW+oeW6p+OBhOOBvuOBmeOAgjxicj7lvZPlupfjgIHlrp/lupfoiJfjgajoh6rnpL7jgrXjgqTjg4jjgpLlkKvjgoDlhbHmnInlnKjluqvjgajjgarjgorjgIHjgZTms6jmlofjga7jgr/jgqTjg5/jg7PjgrDjgavjgojjgaPjgabjga/llYblk4HjgpLjgZTnlKjmhI/jgafjgY3jgarjgYTloLTlkIjjgYzjgZTjgZbjgYTjgb7jgZnjgILjgZTnlKjmhI/lh7rmnaXjgarjgYvjgaPjgZ/loLTlkIjjgavjgaTjgY3jgb7jgZfjgabjga/jgIHjgZTms6jmlofjga7jgq3jg6Pjg7Pjgrvjg6vjgajjgZXjgZvjgabpoILjgY3jgb7jgZnjgILjgZ3jga7ku5bjgIHlvZPlupfjga7jgZTms6jmlofjga7mtYHjgozjgpLjg5rjg7zjgrjkuIvpg6jjgavjgabjgIHkuojjgoHjgZTnorroqo3jgY/jgaDjgZXjgYTjgII8L3RkPjwvdHI+PC90YWJsZT48YnI+,44CQ6YCB5paZ54Sh5paZ44CR5b2T56S+77yR44O25pyI6ZaT5L+d6Ki8W+acquS9v+eUqOWTgV3ilqBBcHBsZSBBcHBsZSBXYXRjaCBTcG9ydCAzOG1tIChNTUY2MkovQSkg44CQ44OW44Op44OD44Kv44Km44O844OW44Oz44OK44Kk44Ot44Oz44CR44CQ5ZGo6L665qmf5Zmo44CR5Lit5Y+k44CQ5Lit5Y+k44CRIOOAkCDjg5Hjgr3jgrPjg7PvvIbnmb3jg63jg6Djga7jgqTjgqrjgrfjgrkg44CR77ya5Lit5Y+k44OR44K944Kz44Oz44Go55m944Ot44Og44Gu44Kk44Kq44K344K5,44K544Oe44O844OI44OV44Kp44Oz44K544Oe44ObU0lN44OV44Oq44O855m944Ot44OgaVBob25lQW5kcm9pZOOCv+ODluODrOODg+ODiGlQYWTmkLrluK/pm7voqbHkuK3lj6Tjg5Hjgr3jgrPjg7Pjg47jg7zjg4jjg5Hjgr3jgrPjg7NpcG9kZG9jb21vc29mdGJhbmthdeODh+OCueOCr+ODiOODg+ODl+ODkeOCveOCs+ODs09mZmljZeS4reWPpFBD44Ki44Km44OI44Os44OD44OI44CQ6YCB5paZ54Sh5paZ44CR5b2T56S+77yR44O25pyI6ZaT5L+d6Ki8W+acquS9v+eUqOWTgV3ilqBBcHBsZSBBcHBsZSBXYXRjaCBTcG9ydCAzOG1tIChNTUY2MkovQSkg44CQ44OW44Op44OD44Kv44Km44O844OW44Oz44OK44Kk44Ot44Oz44CR44CQ5ZGo6L665qmf5Zmo44CR5Lit5Y+k44CQ5Lit5Y+k44CRIOOAkCDjg5Hjgr3jgrPjg7PvvIbnmb3jg63jg6Djga7jgqTjgqrjgrfjgrkg44CR,44CQ5b2T56S+77yR44O25pyI6ZaT5L+d6Ki844CR44CC44CQ6YCB5paZ54Sh5paZ44CR5b2T56S+77yR44O25pyI6ZaT5L+d6Ki8W+acquS9v+eUqOWTgV3ilqBBcHBsZSBBcHBsZSBXYXRjaCBTcG9ydCAzOG1tIChNTUY2MkovQSkg44CQ44OW44Op44OD44Kv44Km44O844OW44Oz44OK44Kk44Ot44Oz44CR44CQ5ZGo6L665qmf5Zmo44CR5Lit5Y+k44CQ5Lit5Y+k44CRIOOAkCDjg5Hjgr3jgrPjg7PvvIbnmb3jg63jg6Djga7jgqTjgqrjgrfjgrkg44CR[rn]
16-187167,aHR0cDovL3RzaG9wLnIxMHMuanAvcGMtZ29vZC9jYWJpbmV0L2lvc3lzX2cvODAwMDBfODE5OTkvODExNzIuanBnP2ZpdGluPTcwMDo3MDA=,MTU4NDAuMDAwMA==,,44K544Oe44O844OI44OV44Kp44Oz44O744K/44OW44Os44OD44OIID4g44K544Oe44O844OI44OV44Kp44Oz44Ki44Kv44K744K144Oq44O8ID4g44Gd44Gu5LuW,44CQ6YCB5paZ54Sh5paZ44CR5b2T56S+77yR44O25pyI6ZaT5L+d6Ki8W+S4reWPpELjg6njg7Pjgq9d4pagTEfpm7vlrZAgTEcgRyBXYXRjaCBSIExHLVcxMTAgQmxhY2vjgJDlkajovrrmqZ/lmajjgJHkuK3lj6TjgJDkuK3lj6TjgJEg44CQIOODkeOCveOCs+ODs++8hueZveODreODoOOBruOCpOOCquOCt+OCuSDjgJE=,44CQ5b2T56S+77yR44O25pyI6ZaT5L+d6Ki844CR,PGxpbmsg44CA44CA44CA44CA44CA44CA44CA44CA44CA44CA44CA44CA44CAPSIiIHJlbD0ic3R5bGVzaGVldCIgaHJlZj0iaHR0cDovL3d3dy5yYWt1dGVuLm5lLmpwL2dvbGQvcGMtZ29vZC9hc3NldHMvc3R5bGVzaGVldHMvaXRlbXMvc3R5bGUuY3NzIj4gIDx0YWJsZSDjgIDjgIDjgIDjgIDjgIDjgIDjgIDjgIDjgIDjgIDjgIDjgIDjgIAgY2xhc3M9ImNfX3RhYmxlIGNfX3RhYmxlLWJvcmRlcmVkIj48dHI+PHRoPk9TPC90aD48dGQ+QW5kcm9pZFdlYXIoQW5kcm9pZCA0LjPku6XpmY3jga7jgrnjg57jg7zjg4jjg5Xjgqnjg7Pjgavlr77lv5wpPC90ZD48L3RyPjx0cj48dGg+Q1BVPC90aD48dGQ+U2FwZHJhZ29uNDAwKDEuMkdIeiBDUFXku5jjgY0pPC90ZD48L3RyPjx0cj48dGg+UkFNPC90aD48dGQ+NTEyTUI8L3RkPjwvdHI+PHRyPjx0aD7jgrnjg4jjg6zjg7zjgrg8L3RoPjx0ZD40R0I8L3RkPjwvdHI+PHRyPjx0aD7jg4fjgqPjgrnjg5fjg6zjgqQ8L3RoPjx0ZD4xLjPjgqTjg7Pjg4EgUC1PTEVEKDMyMHgzMjApPC90ZD48L3RyPjx0cj48dGg+6YCa5L+hPC90aD48dGQ+Qmx1ZXRvb3RoNC4wPC90ZD48L3RyPjwvdGFibGUg44CA44CA44CA44CA44CA44CA44CA44CA44CA44CA44CA44CA44CAID4gIDx0YWJsZSDjgIDjgIDjgIDjgIDjgIDjgIDjgIDjgIDjgIDjgIDjgIDjgIDjgIAgY2xhc3M9ImNfX3RhYmxlIGNfX3RhYmxlLWJvcmRlcmVkIj4gIDx0cj48dGg+5LuY5bGe5ZOBPC90aD48dGQ+566xIC/lhYXpm7vnlKjjg4njg4Pjgq8vQUPjgqLjg4Djg5fjgr8vVVNC44Kx44O844OW44OrL+ODnuODi+ODpeOCouODqzwvdGQ+PC90cj4gIDx0cj48dGg+5L+d6Ki85pyf6ZaTPC90aD48dGQ+5b2T56S+77yR44O25pyI6ZaT5L+d6Ki8PGJyPuS/neiovOOBruips+OBl+OBhOWGheWuueOBr+OBk+OBoeOCieOBp+OBlOeiuuiqjeOBj+OBoOOBleOBhDwvdGQ+PC90cj4gIDx0cj48dGg+44Gd44Gu5LuW54m56KiY5LqL6aCFPC90aD48dGQ+PC90ZD48L3RyPiAgPHRyPjx0aD7llYblk4HnirbmhYvjga7oqqzmmI48L3RoPjx0ZD7kuK3lj6TllYblk4HnibnmnInjga7ntYzlubTliqPljJbjgYzopovjgonjgozjgovnirbmhYvjgafjgZnjgYzjgIHpgJrluLjkvb/nlKjjgavjga/llY/poYzmnInjgorjgb7jgZvjgpPjgII8QlI+57WM5bm05Yqj5YyW44Gu6Kmz44GX44GE6Kqs5piO44Gv44GT44Gh44KJ44Gr44Gm44GU56K66KqN5LiL44GV44GEPEJSPuikh+aVsOWPsOWcqOW6q+OBl+OBpuOBhOOCi+WVhuWTgeOBruWGmeecn+OBq+mWouOBl+OBpuOBr+OAgeOBquOCi+OBueOBj+aomea6lueahOOBquWkluijheeKtuaFi+OBruOCguOBruOCkumBuOOCk+OBp+aSruW9seOBl+OBpuOBiuOCiuOBvuOBmeOAguWGmeecn+OBruWVhuWTgeOBr+OBiuaJi+WFg+OBq+WxiuOBj+WAi+S9k+OBqOOBhOOBhuOCj+OBkeOBp+OBr+W+oeW6p+OBhOOBvuOBm+OCk+OBruOBp+S6iOOCgeOBlOS6huaJv+S4i+OBleOBhOOAgjwvdGQ+PC90cj4gIDwvdGFibGUg44CA44CA44CA44CA44CA44CA44CA44CA44CA44CA44CA44CA44CAID4gIDxocj48dGFibGUgd2lkdGg9JzEwMCUnIGNlbGxzcGFjaW5nPSc1JyBjZWxscGFkZGluZz0nNSc+PHRyPjx0aCBiZ2NvbG9yPScjRDAwODA4Jz48Zm9udCBjb2xvcj0nI2ZmZmZmZic+77yB44GU5rOo5paH5YmN44Gr44GU56K66KqN44GP44Gg44GV44GEPC9mb250PjwvdGg+PC90cj48dHI+PHRkPuWun+mam+OBruWVhuWTgeOBqOeVsOOBquOCi+OCpOODoeODvOOCuOeUu+WDj+OCkuWIqeeUqOOBl+OBpuOBhOOCi+WgtOWQiOOBjOW+oeW6p+OBhOOBvuOBmeOAgjxicj7lvZPlupfjgIHlrp/lupfoiJfjgajoh6rnpL7jgrXjgqTjg4jjgpLlkKvjgoDlhbHmnInlnKjluqvjgajjgarjgorjgIHjgZTms6jmlofjga7jgr/jgqTjg5/jg7PjgrDjgavjgojjgaPjgabjga/llYblk4HjgpLjgZTnlKjmhI/jgafjgY3jgarjgYTloLTlkIjjgYzjgZTjgZbjgYTjgb7jgZnjgILjgZTnlKjmhI/lh7rmnaXjgarjgYvjgaPjgZ/loLTlkIjjgavjgaTjgY3jgb7jgZfjgabjga/jgIHjgZTms6jmlofjga7jgq3jg6Pjg7Pjgrvjg6vjgajjgZXjgZvjgabpoILjgY3jgb7jgZnjgILjgZ3jga7ku5bjgIHlvZPlupfjga7jgZTms6jmlofjga7mtYHjgozjgpLjg5rjg7zjgrjkuIvpg6jjgavjgabjgIHkuojjgoHjgZTnorroqo3jgY/jgaDjgZXjgYTjgII8L3RkPjwvdHI+PC90YWJsZT48YnI+,44CQ6YCB5paZ54Sh5paZ44CR5b2T56S+77yR44O25pyI6ZaT5L+d6Ki8W+S4reWPpELjg6njg7Pjgq9d4pagTEfpm7vlrZAgTEcgRyBXYXRjaCBSIExHLVcxMTAgQmxhY2vjgJDlkajovrrmqZ/lmajjgJHkuK3lj6TjgJDkuK3lj6TjgJEg44CQIOODkeOCveOCs+ODs++8hueZveODreODoOOBruOCpOOCquOCt+OCuSDjgJHvvJrkuK3lj6Tjg5Hjgr3jgrPjg7Pjgajnmb3jg63jg6Djga7jgqTjgqrjgrfjgrk=,44K544Oe44O844OI44OV44Kp44Oz44K544Oe44ObU0lN44OV44Oq44O855m944Ot44OgaVBob25lQW5kcm9pZOOCv+ODluODrOODg+ODiGlQYWTmkLrluK/pm7voqbHkuK3lj6Tjg5Hjgr3jgrPjg7Pjg47jg7zjg4jjg5Hjgr3jgrPjg7NpcG9kZG9jb21vc29mdGJhbmthdeODh+OCueOCr+ODiOODg+ODl+ODkeOCveOCs+ODs09mZmljZeS4reWPpFBD44Ki44Km44OI44Os44OD44OI44CQ6YCB5paZ54Sh5paZ44CR5b2T56S+77yR44O25pyI6ZaT5L+d6Ki8W+S4reWPpELjg6njg7Pjgq9d4pagTEfpm7vlrZAgTEcgRyBXYXRjaCBSIExHLVcxMTAgQmxhY2vjgJDlkajovrrmqZ/lmajjgJHkuK3lj6TjgJDkuK3lj6TjgJEg44CQIOODkeOCveOCs+ODs++8hueZveODreODoOOBruOCpOOCquOCt+OCuSDjgJE=,44CQ5b2T56S+77yR44O25pyI6ZaT5L+d6Ki844CR44CC44CQ6YCB5paZ54Sh5paZ44CR5b2T56S+77yR44O25pyI6ZaT5L+d6Ki8W+S4reWPpELjg6njg7Pjgq9d4pagTEfpm7vlrZAgTEcgRyBXYXRjaCBSIExHLVcxMTAgQmxhY2vjgJDlkajovrrmqZ/lmajjgJHkuK3lj6TjgJDkuK3lj6TjgJEg44CQIOODkeOCveOCs+ODs++8hueZveODreODoOOBruOCpOOCquOCt+OCuSDjgJE=[rn]
16-187168,aHR0cDovL3RzaG9wLnIxMHMuanAvcGMtZ29vZC9jYWJpbmV0L2lvc3lzX2cvbm9faXRlbS5qcGc/Zml0aW49NzAwOjcwMA==,MTgyNDAuMDAwMA==,,44K544Oe44O844OI44OV44Kp44Oz44O744K/44OW44Os44OD44OIID4g44K544Oe44O844OI44OV44Kp44Oz44Ki44Kv44K744K144Oq44O8ID4g44Gd44Gu5LuW,44CQ6YCB5paZ54Sh5paZ44CR5b2T56S+77yR44O25pyI6ZaT5L+d6Ki8W+S4reWPpEHjg6njg7Pjgq9d4pagQXBwbGUgQXBwbGUgV2F0Y2ggMzhtbSAoTUxDSzJKL0EpIOOAkOODluODqeODg+OCr+OCueODhuODs+ODrOOCueOCueODgeODvOODqy/jg5bjg6njg4Pjgq/jgrnjg53jg7zjg4Tjg5Djg7Pjg4njgJHjgJDlkajovrrmqZ/lmajjgJHkuK3lj6TjgJDkuK3lj6TjgJEg44CQIOODkeOCveOCs+ODs++8hueZveODreODoOOBruOCpOOCquOCt+OCuSDjgJE=,44CQ5b2T56S+77yR44O25pyI6ZaT5L+d6Ki844CR,PGxpbmsg44CA44CA44CA44CA44CA44CA44CA44CA44CA44CA44CA44CA44CAPSIiIHJlbD0ic3R5bGVzaGVldCIgaHJlZj0iaHR0cDovL3d3dy5yYWt1dGVuLm5lLmpwL2dvbGQvcGMtZ29vZC9hc3NldHMvc3R5bGVzaGVldHMvaXRlbXMvc3R5bGUuY3NzIj4gIDx0YWJsZSDjgIDjgIDjgIDjgIDjgIDjgIDjgIDjgIDjgIDjgIDjgIDjgIDjgIAgY2xhc3M9ImNfX3RhYmxlIGNfX3RhYmxlLWJvcmRlcmVkIj48dHI+PHRoPuOCteOCpOOCujwvdGg+PHRkPjQzOC42IHggMzMuMyB4IDEwLjUgbW08L3RkPjwvdHI+PHRyPjx0aD7jgrHjg7zjgrnph43jgZU8L3RoPjx0ZD7ntIQyNWc8L3RkPjwvdHI+PHRyPjx0aD7jg4fjgqPjgrnjg5fjg6zjgqQ8L3RoPjx0ZD7mhJ/lnKfjgr/jg4Pjg4Hjgavlr77lv5zjgZfjgZ9SZXRpbmHjg4fjgqPjgrnjg5fjg6zjgqQ8L3RkPjwvdHI+PHRyPjx0aD5XaXJlbGVzczwvdGg+PHRkPldpLUZpICg4MDIuMTFiPGZvbnQgc2l6ZT0iLTEiPi88L2ZvbnQ+Zzxmb250IHNpemU9Ii0xIj4vPC9mb250Pm4gMi40R0h6KTxmb250IHNpemU9Ii0xIj4vPC9mb250PkJsdWV0b290aCA0LjAg5b+D5ouN44K744Oz44K144O844CB5Yqg6YCf5bqm44K744Oz44K144O844CB44K444Oj44Kk44Ot44K544Kz44O844OXPC90ZD48L3RyPjx0cj48dGg+6Ziy5rC0PC90aD48dGQ+SVBYNzwvdGQ+PC90cj48L3RhYmxlIOOAgOOAgOOAgOOAgOOAgOOAgOOAgOOAgOOAgOOAgOOAgOOAgOOAgCA+ICA8dGFibGUg44CA44CA44CA44CA44CA44CA44CA44CA44CA44CA44CA44CA44CAIGNsYXNzPSJjX190YWJsZSBjX190YWJsZS1ib3JkZXJlZCI+ICA8dHI+PHRoPuS7mOWxnuWTgTwvdGg+PHRkPuW3peWgtOWHuuiNt+eKtuaFizwvdGQ+PC90cj4gIDx0cj48dGg+5L+d6Ki85pyf6ZaTPC90aD48dGQ+5b2T56S+77yR44O25pyI6ZaT5L+d6Ki8PGJyPuS/neiovOOBruips+OBl+OBhOWGheWuueOBr+OBk+OBoeOCieOBp+OBlOeiuuiqjeOBj+OBoOOBleOBhDwvdGQ+PC90cj4gIDx0cj48dGg+44Gd44Gu5LuW54m56KiY5LqL6aCFPC90aD48dGQ+PC90ZD48L3RyPiAgPHRyPjx0aD7llYblk4HnirbmhYvjga7oqqzmmI48L3RoPjx0ZD7kvb/nlKjmhJ/jga7lsJHjgarjgYTkuK3lj6Tlk4Hjgb7jgZ/jga/jgIHjg6rjg5Xjg6zjg4Pjgrfjg6Xjg4lQQ+OChOODoeODvOOCq+ODvOWGjeeUn+WTgeOAgeOCseODvOOCv+OCpOOBp+OBr+WkluijheS6pOaPm+WTgeetieOBjOWQq+OBvuOCjOOBvuOBmeOAgjwvdGQ+PC90cj4gIDwvdGFibGUg44CA44CA44CA44CA44CA44CA44CA44CA44CA44CA44CA44CA44CAID4gIDxocj48dGFibGUgd2lkdGg9JzEwMCUnIGNlbGxzcGFjaW5nPSc1JyBjZWxscGFkZGluZz0nNSc+PHRyPjx0aCBiZ2NvbG9yPScjRDAwODA4Jz48Zm9udCBjb2xvcj0nI2ZmZmZmZic+77yB44GU5rOo5paH5YmN44Gr44GU56K66KqN44GP44Gg44GV44GEPC9mb250PjwvdGg+PC90cj48dHI+PHRkPuWun+mam+OBruWVhuWTgeOBqOeVsOOBquOCi+OCpOODoeODvOOCuOeUu+WDj+OCkuWIqeeUqOOBl+OBpuOBhOOCi+WgtOWQiOOBjOW+oeW6p+OBhOOBvuOBmeOAgjxicj7lvZPlupfjgIHlrp/lupfoiJfjgajoh6rnpL7jgrXjgqTjg4jjgpLlkKvjgoDlhbHmnInlnKjluqvjgajjgarjgorjgIHjgZTms6jmlofjga7jgr/jgqTjg5/jg7PjgrDjgavjgojjgaPjgabjga/llYblk4HjgpLjgZTnlKjmhI/jgafjgY3jgarjgYTloLTlkIjjgYzjgZTjgZbjgYTjgb7jgZnjgILjgZTnlKjmhI/lh7rmnaXjgarjgYvjgaPjgZ/loLTlkIjjgavjgaTjgY3jgb7jgZfjgabjga/jgIHjgZTms6jmlofjga7jgq3jg6Pjg7Pjgrvjg6vjgajjgZXjgZvjgabpoILjgY3jgb7jgZnjgILjgZ3jga7ku5bjgIHlvZPlupfjga7jgZTms6jmlofjga7mtYHjgozjgpLjg5rjg7zjgrjkuIvpg6jjgavjgabjgIHkuojjgoHjgZTnorroqo3jgY/jgaDjgZXjgYTjgII8L3RkPjwvdHI+PC90YWJsZT48YnI+,44CQ6YCB5paZ54Sh5paZ44CR5b2T56S+77yR44O25pyI6ZaT5L+d6Ki8W+S4reWPpEHjg6njg7Pjgq9d4pagQXBwbGUgQXBwbGUgV2F0Y2ggMzhtbSAoTUxDSzJKL0EpIOOAkOODluODqeODg+OCr+OCueODhuODs+ODrOOCueOCueODgeODvOODqy/jg5bjg6njg4Pjgq/jgrnjg53jg7zjg4Tjg5Djg7Pjg4njgJHjgJDlkajovrrmqZ/lmajjgJHkuK3lj6TjgJDkuK3lj6TjgJEg44CQIOODkeOCveOCs+ODs++8hueZveODreODoOOBruOCpOOCquOCt+OCuSDjgJHvvJrkuK3lj6Tjg5Hjgr3jgrPjg7Pjgajnmb3jg63jg6Djga7jgqTjgqrjgrfjgrk=,44K544Oe44O844OI44OV44Kp44Oz44K544Oe44ObU0lN44OV44Oq44O855m944Ot44OgaVBob25lQW5kcm9pZOOCv+ODluODrOODg+ODiGlQYWTmkLrluK/pm7voqbHkuK3lj6Tjg5Hjgr3jgrPjg7Pjg47jg7zjg4jjg5Hjgr3jgrPjg7NpcG9kZG9jb21vc29mdGJhbmthdeODh+OCueOCr+ODiOODg+ODl+ODkeOCveOCs+ODs09mZmljZeS4reWPpFBD44Ki44Km44OI44Os44OD44OI44CQ6YCB5paZ54Sh5paZ44CR5b2T56S+77yR44O25pyI6ZaT5L+d6Ki8W+S4reWPpEHjg6njg7Pjgq9d4pagQXBwbGUgQXBwbGUgV2F0Y2ggMzhtbSAoTUxDSzJKL0EpIOOAkOODluODqeODg+OCr+OCueODhuODs+ODrOOCueOCueODgeODvOODqy/jg5bjg6njg4Pjgq/jgrnjg53jg7zjg4Tjg5Djg7Pjg4njgJHjgJDlkajovrrmqZ/lmajjgJHkuK3lj6TjgJDkuK3lj6TjgJEg44CQIOODkeOCveOCs+ODs++8hueZveODreODoOOBruOCpOOCquOCt+OCuSDjgJE=,44CQ5b2T56S+77yR44O25pyI6ZaT5L+d6Ki844CR44CC44CQ6YCB5paZ54Sh5paZ44CR5b2T56S+77yR44O25pyI6ZaT5L+d6Ki8W+S4reWPpEHjg6njg7Pjgq9d4pagQXBwbGUgQXBwbGUgV2F0Y2ggMzhtbSAoTUxDSzJKL0EpIOOAkOODluODqeODg+OCr+OCueODhuODs+ODrOOCueOCueODgeODvOODqy/jg5bjg6njg4Pjgq/jgrnjg53jg7zjg4Tjg5Djg7Pjg4njgJHjgJDlkajovrrmqZ/lmajjgJHkuK3lj6TjgJDkuK3lj6TjgJEg44CQIOODkeOCveOCs+ODs++8hueZveODreODoOOBruOCpOOCquOCt+OCuSDjgJE=[rn]
16-187169,aHR0cDovL3RzaG9wLnIxMHMuanAvcGMtZ29vZC9jYWJpbmV0L2lvc3lzX2cvMTAwMDAwXzEwMTk5OS8xMDA0NTIuanBnP2ZpdGluPTcwMDo3MDA=,MTc0NDAuMDAwMA==,,44K544Oe44O844OI44OV44Kp44Oz44O744K/44OW44Os44OD44OIID4g44K544Oe44O844OI44OV44Kp44Oz44Ki44Kv44K744K144Oq44O8ID4g44Gd44Gu5LuW,44CQ6YCB5paZ54Sh5paZ44CR5b2T56S+77yR44O25pyI6ZaT5L+d6Ki8W+S4reWPpEHjg6njg7Pjgq9d4pagQXBwbGUgQXBwbGUgV2F0Y2ggU3BvcnQgMzhtbSAoTUxDSjJKL0EpIOOAkOOCouODs+ODhuOCo+ODvOOCr+ODm+ODr+OCpOODiOOCueODneODvOODhOODkOODs+ODieOAkeOAkOWRqOi+uuapn+WZqOOAkeS4reWPpOOAkOS4reWPpOOAkSDjgJAg44OR44K944Kz44Oz77yG55m944Ot44Og44Gu44Kk44Kq44K344K5IOOAkQ==,44CQ5b2T56S+77yR44O25pyI6ZaT5L+d6Ki844CR,PGxpbmsg44CA44CA44CA44CA44CA44CA44CA44CA44CA44CA44CA44CA44CAPSIiIHJlbD0ic3R5bGVzaGVldCIgaHJlZj0iaHR0cDovL3d3dy5yYWt1dGVuLm5lLmpwL2dvbGQvcGMtZ29vZC9hc3NldHMvc3R5bGVzaGVldHMvaXRlbXMvc3R5bGUuY3NzIj4gIDx0YWJsZSDjgIDjgIDjgIDjgIDjgIDjgIDjgIDjgIDjgIDjgIDjgIDjgIDjgIAgY2xhc3M9ImNfX3RhYmxlIGNfX3RhYmxlLWJvcmRlcmVkIj48dHI+PHRoPuOCteOCpOOCujwvdGg+PHRkPjQzOC42IHggMzMuMyB4IDEwLjUgbW08L3RkPjwvdHI+PHRyPjx0aD7jgrHjg7zjgrnph43jgZU8L3RoPjx0ZD7ntIQyNWc8L3RkPjwvdHI+PHRyPjx0aD7jg4fjgqPjgrnjg5fjg6zjgqQ8L3RoPjx0ZD7mhJ/lnKfjgr/jg4Pjg4Hjgavlr77lv5zjgZfjgZ9SZXRpbmHjg4fjgqPjgrnjg5fjg6zjgqQ8L3RkPjwvdHI+PHRyPjx0aD5XaXJlbGVzczwvdGg+PHRkPldpLUZpICg4MDIuMTFiPGZvbnQgc2l6ZT0iLTEiPi88L2ZvbnQ+Zzxmb250IHNpemU9Ii0xIj4vPC9mb250Pm4gMi40R0h6KTxmb250IHNpemU9Ii0xIj4vPC9mb250PkJsdWV0b290aCA0LjAg5b+D5ouN44K744Oz44K144O844CB5Yqg6YCf5bqm44K744Oz44K144O844CB44K444Oj44Kk44Ot44K544Kz44O844OXPC90ZD48L3RyPjx0cj48dGg+6Ziy5rC0PC90aD48dGQ+SVBYNzwvdGQ+PC90cj48L3RhYmxlIOOAgOOAgOOAgOOAgOOAgOOAgOOAgOOAgOOAgOOAgOOAgOOAgOOAgCA+ICA8dGFibGUg44CA44CA44CA44CA44CA44CA44CA44CA44CA44CA44CA44CA44CAIGNsYXNzPSJjX190YWJsZSBjX190YWJsZS1ib3JkZXJlZCI+ICA8dHI+PHRoPuS7mOWxnuWTgTwvdGg+PHRkPuW3peWgtOWHuuiNt+eKtuaFizwvdGQ+PC90cj4gIDx0cj48dGg+5L+d6Ki85pyf6ZaTPC90aD48dGQ+5b2T56S+77yR44O25pyI6ZaT5L+d6Ki8PGJyPuS/neiovOOBruips+OBl+OBhOWGheWuueOBr+OBk+OBoeOCieOBp+OBlOeiuuiqjeOBj+OBoOOBleOBhDwvdGQ+PC90cj4gIDx0cj48dGg+44Gd44Gu5LuW54m56KiY5LqL6aCFPC90aD48dGQ+PC90ZD48L3RyPiAgPHRyPjx0aD7llYblk4HnirbmhYvjga7oqqzmmI48L3RoPjx0ZD7kvb/nlKjmhJ/jga7lsJHjgarjgYTkuK3lj6Tlk4Hjgb7jgZ/jga/jgIHjg6rjg5Xjg6zjg4Pjgrfjg6Xjg4lQQ+OChOODoeODvOOCq+ODvOWGjeeUn+WTgeOAgeOCseODvOOCv+OCpOOBp+OBr+WkluijheS6pOaPm+WTgeetieOBjOWQq+OBvuOCjOOBvuOBmeOAgjwvdGQ+PC90cj4gIDwvdGFibGUg44CA44CA44CA44CA44CA44CA44CA44CA44CA44CA44CA44CA44CAID4gIDxocj48dGFibGUgd2lkdGg9JzEwMCUnIGNlbGxzcGFjaW5nPSc1JyBjZWxscGFkZGluZz0nNSc+PHRyPjx0aCBiZ2NvbG9yPScjRDAwODA4Jz48Zm9udCBjb2xvcj0nI2ZmZmZmZic+77yB44GU5rOo5paH5YmN44Gr44GU56K66KqN44GP44Gg44GV44GEPC9mb250PjwvdGg+PC90cj48dHI+PHRkPuWun+mam+OBruWVhuWTgeOBqOeVsOOBquOCi+OCpOODoeODvOOCuOeUu+WDj+OCkuWIqeeUqOOBl+OBpuOBhOOCi+WgtOWQiOOBjOW+oeW6p+OBhOOBvuOBmeOAgjxicj7lvZPlupfjgIHlrp/lupfoiJfjgajoh6rnpL7jgrXjgqTjg4jjgpLlkKvjgoDlhbHmnInlnKjluqvjgajjgarjgorjgIHjgZTms6jmlofjga7jgr/jgqTjg5/jg7PjgrDjgavjgojjgaPjgabjga/llYblk4HjgpLjgZTnlKjmhI/jgafjgY3jgarjgYTloLTlkIjjgYzjgZTjgZbjgYTjgb7jgZnjgILjgZTnlKjmhI/lh7rmnaXjgarjgYvjgaPjgZ/loLTlkIjjgavjgaTjgY3jgb7jgZfjgabjga/jgIHjgZTms6jmlofjga7jgq3jg6Pjg7Pjgrvjg6vjgajjgZXjgZvjgabpoILjgY3jgb7jgZnjgILjgZ3jga7ku5bjgIHlvZPlupfjga7jgZTms6jmlofjga7mtYHjgozjgpLjg5rjg7zjgrjkuIvpg6jjgavjgabjgIHkuojjgoHjgZTnorroqo3jgY/jgaDjgZXjgYTjgII8L3RkPjwvdHI+PC90YWJsZT48YnI+,44CQ6YCB5paZ54Sh5paZ44CR5b2T56S+77yR44O25pyI6ZaT5L+d6Ki8W+S4reWPpEHjg6njg7Pjgq9d4pagQXBwbGUgQXBwbGUgV2F0Y2ggU3BvcnQgMzhtbSAoTUxDSjJKL0EpIOOAkOOCouODs+ODhuOCo+ODvOOCr+ODm+ODr+OCpOODiOOCueODneODvOODhOODkOODs+ODieOAkeOAkOWRqOi+uuapn+WZqOOAkeS4reWPpOOAkOS4reWPpOOAkSDjgJAg44OR44K944Kz44Oz77yG55m944Ot44Og44Gu44Kk44Kq44K344K5IOOAke+8muS4reWPpOODkeOCveOCs+ODs+OBqOeZveODreODoOOBruOCpOOCquOCt+OCuQ==,44K544Oe44O844OI44OV44Kp44Oz44K544Oe44ObU0lN44OV44Oq44O855m944Ot44OgaVBob25lQW5kcm9pZOOCv+ODluODrOODg+ODiGlQYWTmkLrluK/pm7voqbHkuK3lj6Tjg5Hjgr3jgrPjg7Pjg47jg7zjg4jjg5Hjgr3jgrPjg7NpcG9kZG9jb21vc29mdGJhbmthdeODh+OCueOCr+ODiOODg+ODl+ODkeOCveOCs+ODs09mZmljZeS4reWPpFBD44Ki44Km44OI44Os44OD44OI44CQ6YCB5paZ54Sh5paZ44CR5b2T56S+77yR44O25pyI6ZaT5L+d6Ki8W+S4reWPpEHjg6njg7Pjgq9d4pagQXBwbGUgQXBwbGUgV2F0Y2ggU3BvcnQgMzhtbSAoTUxDSjJKL0EpIOOAkOOCouODs+ODhuOCo+ODvOOCr+ODm+ODr+OCpOODiOOCueODneODvOODhOODkOODs+ODieOAkeOAkOWRqOi+uuapn+WZqOOAkeS4reWPpOOAkOS4reWPpOOAkSDjgJAg44OR44K944Kz44Oz77yG55m944Ot44Og44Gu44Kk44Kq44K344K5IOOAkQ==,44CQ5b2T56S+77yR44O25pyI6ZaT5L+d6Ki844CR44CC44CQ6YCB5paZ54Sh5paZ44CR5b2T56S+77yR44O25pyI6ZaT5L+d6Ki8W+S4reWPpEHjg6njg7Pjgq9d4pagQXBwbGUgQXBwbGUgV2F0Y2ggU3BvcnQgMzhtbSAoTUxDSjJKL0EpIOOAkOOCouODs+ODhuOCo+ODvOOCr+ODm+ODr+OCpOODiOOCueODneODvOODhOODkOODs+ODieOAkeOAkOWRqOi+uuapn+WZqOOAkeS4reWPpOOAkOS4reWPpOOAkSDjgJAg44OR44K944Kz44Oz77yG55m944Ot44Og44Gu44Kk44Kq44K344K5IOOAkQ==[rn]
16-187170,aHR0cDovL3RzaG9wLnIxMHMuanAvcGMtZ29vZC9jYWJpbmV0L2lvc3lzX2cvbm9faXRlbS5qcGc/Zml0aW49NzAwOjcwMA==,MTc0NDAuMDAwMA==,,44K544Oe44O844OI44OV44Kp44Oz44O744K/44OW44Os44OD44OIID4g44K544Oe44O844OI44OV44Kp44Oz44Ki44Kv44K744K144Oq44O8ID4g44Gd44Gu5LuW,44CQ6YCB5paZ54Sh5paZ44CR5b2T56S+77yR44O25pyI6ZaT5L+d6Ki8W+S4reWPpELjg6njg7Pjgq9d4pagQXBwbGUgQXBwbGUgV2F0Y2ggU3BvcnQgNDJtbSAoTUozVDJKL0EpIOOAkOODluODqeODg+OCr+OCueODneODvOODhOODkOODs+ODieOAkeOAkOWRqOi+uuapn+WZqOOAkeS4reWPpOOAkOS4reWPpOOAkSDjgJAg44OR44K944Kz44Oz77yG55m944Ot44Og44Gu44Kk44Kq44K344K5IOOAkQ==,44CQ5b2T56S+77yR44O25pyI6ZaT5L+d6Ki844CR,PGxpbmsg44CA44CA44CA44CA44CA44CA44CA44CA44CA44CA44CA44CA44CAPSIiIHJlbD0ic3R5bGVzaGVldCIgaHJlZj0iaHR0cDovL3d3dy5yYWt1dGVuLm5lLmpwL2dvbGQvcGMtZ29vZC9hc3NldHMvc3R5bGVzaGVldHMvaXRlbXMvc3R5bGUuY3NzIj4gIDx0YWJsZSDjgIDjgIDjgIDjgIDjgIDjgIDjgIDjgIDjgIDjgIDjgIDjgIDjgIAgY2xhc3M9ImNfX3RhYmxlIGNfX3RhYmxlLWJvcmRlcmVkIj48dHI+PHRoPk9TPC90aD48dGQ+V2F0Y2ggT1M8L3RkPjwvdHI+PHRyPjx0aD7jg4fjgqPjgrnjg5fjg6zjgqQ8L3RoPjx0ZD5SZXRpbmHjg4fjgqPjgrnjg5fjg6zjgqQ8L3RkPjwvdHI+PHRyPjx0aD5XaS1GaTwvdGg+PHRkPjgwMi4xMWI8Zm9udCBzaXplPSItMSI+LzwvZm9udD5nPC90ZD48L3RyPjx0cj48dGg+Qmx1ZXRvb3RoPC90aD48dGQ+NC4wPC90ZD48L3RyPjx0cj48dGg+44Gd44Gu5LuWPC90aD48dGQ+552A5L+h6YCa55+l5qmf6IO9PGZvbnQgc2l6ZT0iLTEiPi88L2ZvbnQ+44Oh44O844Or6YCa55+l5qmf6IO9PGZvbnQgc2l6ZT0iLTEiPi88L2ZvbnQ+5q2p5pWw6KiI5qmf6IO9PGZvbnQgc2l6ZT0iLTEiPi88L2ZvbnQ+5Yqg6YCf5bqm44K744Oz44K144O8PGZvbnQgc2l6ZT0iLTEiPi88L2ZvbnQ+5b+D5ouN44K744Oz44K144O8PGZvbnQgc2l6ZT0iLTEiPi88L2ZvbnQ+R1BTPC90ZD48L3RyPjx0cj48dGg+55m65aOy5pelPC90aD48dGQ+MjAxNeW5tCA05pyIPC90ZD48L3RyPjwvdGFibGUg44CA44CA44CA44CA44CA44CA44CA44CA44CA44CA44CA44CA44CAID4gIDx0YWJsZSDjgIDjgIDjgIDjgIDjgIDjgIDjgIDjgIDjgIDjgIDjgIDjgIDjgIAgY2xhc3M9ImNfX3RhYmxlIGNfX3RhYmxlLWJvcmRlcmVkIj4gIDx0cj48dGg+5LuY5bGe5ZOBPC90aD48dGQ+5pys5L2TL+ejgeawl+WFhembu+OCseODvOODluODqy9BQ+OCouODgOODl+OCvzwvdGQ+PC90cj4gIDx0cj48dGg+5L+d6Ki85pyf6ZaTPC90aD48dGQ+5b2T56S+77yR44O25pyI6ZaT5L+d6Ki8PGJyPuS/neiovOOBruips+OBl+OBhOWGheWuueOBr+OBk+OBoeOCieOBp+OBlOeiuuiqjeOBj+OBoOOBleOBhDwvdGQ+PC90cj4gIDx0cj48dGg+44Gd44Gu5LuW54m56KiY5LqL6aCFPC90aD48dGQ+PC90ZD48L3RyPiAgPHRyPjx0aD7llYblk4HnirbmhYvjga7oqqzmmI48L3RoPjx0ZD7kuK3lj6TllYblk4HnibnmnInjga7ntYzlubTliqPljJbjgYzopovjgonjgozjgovnirbmhYvjgafjgZnjgYzjgIHpgJrluLjkvb/nlKjjgavjga/llY/poYzmnInjgorjgb7jgZvjgpPjgII8QlI+57WM5bm05Yqj5YyW44Gu6Kmz44GX44GE6Kqs5piO44Gv44GT44Gh44KJ44Gr44Gm44GU56K66KqN5LiL44GV44GEPEJSPuikh+aVsOWPsOWcqOW6q+OBl+OBpuOBhOOCi+WVhuWTgeOBruWGmeecn+OBq+mWouOBl+OBpuOBr+OAgeOBquOCi+OBueOBj+aomea6lueahOOBquWkluijheeKtuaFi+OBruOCguOBruOCkumBuOOCk+OBp+aSruW9seOBl+OBpuOBiuOCiuOBvuOBmeOAguWGmeecn+OBruWVhuWTgeOBr+OBiuaJi+WFg+OBq+WxiuOBj+WAi+S9k+OBqOOBhOOBhuOCj+OBkeOBp+OBr+W+oeW6p+OBhOOBvuOBm+OCk+OBruOBp+S6iOOCgeOBlOS6huaJv+S4i+OBleOBhOOAgjwvdGQ+PC90cj4gIDwvdGFibGUg44CA44CA44CA44CA44CA44CA44CA44CA44CA44CA44CA44CA44CAID4gIDxocj48dGFibGUgd2lkdGg9JzEwMCUnIGNlbGxzcGFjaW5nPSc1JyBjZWxscGFkZGluZz0nNSc+PHRyPjx0aCBiZ2NvbG9yPScjRDAwODA4Jz48Zm9udCBjb2xvcj0nI2ZmZmZmZic+77yB44GU5rOo5paH5YmN44Gr44GU56K66KqN44GP44Gg44GV44GEPC9mb250PjwvdGg+PC90cj48dHI+PHRkPuWun+mam+OBruWVhuWTgeOBqOeVsOOBquOCi+OCpOODoeODvOOCuOeUu+WDj+OCkuWIqeeUqOOBl+OBpuOBhOOCi+WgtOWQiOOBjOW+oeW6p+OBhOOBvuOBmeOAgjxicj7lvZPlupfjgIHlrp/lupfoiJfjgajoh6rnpL7jgrXjgqTjg4jjgpLlkKvjgoDlhbHmnInlnKjluqvjgajjgarjgorjgIHjgZTms6jmlofjga7jgr/jgqTjg5/jg7PjgrDjgavjgojjgaPjgabjga/llYblk4HjgpLjgZTnlKjmhI/jgafjgY3jgarjgYTloLTlkIjjgYzjgZTjgZbjgYTjgb7jgZnjgILjgZTnlKjmhI/lh7rmnaXjgarjgYvjgaPjgZ/loLTlkIjjgavjgaTjgY3jgb7jgZfjgabjga/jgIHjgZTms6jmlofjga7jgq3jg6Pjg7Pjgrvjg6vjgajjgZXjgZvjgabpoILjgY3jgb7jgZnjgILjgZ3jga7ku5bjgIHlvZPlupfjga7jgZTms6jmlofjga7mtYHjgozjgpLjg5rjg7zjgrjkuIvpg6jjgavjgabjgIHkuojjgoHjgZTnorroqo3jgY/jgaDjgZXjgYTjgII8L3RkPjwvdHI+PC90YWJsZT48YnI+,44CQ6YCB5paZ54Sh5paZ44CR5b2T56S+77yR44O25pyI6ZaT5L+d6Ki8W+S4reWPpELjg6njg7Pjgq9d4pagQXBwbGUgQXBwbGUgV2F0Y2ggU3BvcnQgNDJtbSAoTUozVDJKL0EpIOOAkOODluODqeODg+OCr+OCueODneODvOODhOODkOODs+ODieOAkeOAkOWRqOi+uuapn+WZqOOAkeS4reWPpOOAkOS4reWPpOOAkSDjgJAg44OR44K944Kz44Oz77yG55m944Ot44Og44Gu44Kk44Kq44K344K5IOOAke+8muS4reWPpOODkeOCveOCs+ODs+OBqOeZveODreODoOOBruOCpOOCquOCt+OCuQ==,44K544Oe44O844OI44OV44Kp44Oz44K544Oe44ObU0lN44OV44Oq44O855m944Ot44OgaVBob25lQW5kcm9pZOOCv+ODluODrOODg+ODiGlQYWTmkLrluK/pm7voqbHkuK3lj6Tjg5Hjgr3jgrPjg7Pjg47jg7zjg4jjg5Hjgr3jgrPjg7NpcG9kZG9jb21vc29mdGJhbmthdeODh+OCueOCr+ODiOODg+ODl+ODkeOCveOCs+ODs09mZmljZeS4reWPpFBD44Ki44Km44OI44Os44OD44OI44CQ6YCB5paZ54Sh5paZ44CR5b2T56S+77yR44O25pyI6ZaT5L+d6Ki8W+S4reWPpELjg6njg7Pjgq9d4pagQXBwbGUgQXBwbGUgV2F0Y2ggU3BvcnQgNDJtbSAoTUozVDJKL0EpIOOAkOODluODqeODg+OCr+OCueODneODvOODhOODkOODs+ODieOAkeOAkOWRqOi+uuapn+WZqOOAkeS4reWPpOOAkOS4reWPpOOAkSDjgJAg44OR44K944Kz44Oz77yG55m944Ot44Og44Gu44Kk44Kq44K344K5IOOAkQ==,44CQ5b2T56S+77yR44O25pyI6ZaT5L+d6Ki844CR44CC44CQ6YCB5paZ54Sh5paZ44CR5b2T56S+77yR44O25pyI6ZaT5L+d6Ki8W+S4reWPpELjg6njg7Pjgq9d4pagQXBwbGUgQXBwbGUgV2F0Y2ggU3BvcnQgNDJtbSAoTUozVDJKL0EpIOOAkOODluODqeODg+OCr+OCueODneODvOODhOODkOODs+ODieOAkeOAkOWRqOi+uuapn+WZqOOAkeS4reWPpOOAkOS4reWPpOOAkSDjgJAg44OR44K944Kz44Oz77yG55m944Ot44Og44Gu44Kk44Kq44K344K5IOOAkQ==[rn]
16-187171,aHR0cDovL3RzaG9wLnIxMHMuanAvcGMtZ29vZC9jYWJpbmV0L2lvc3lzX2cvbm9faXRlbS5qcGc/Zml0aW49NzAwOjcwMA==,MTQyNDAuMDAwMA==,,44K544Oe44O844OI44OV44Kp44Oz44O744K/44OW44Os44OD44OIID4g44K544Oe44O844OI44OV44Kp44Oz44Ki44Kv44K744K144Oq44O8ID4g44Gd44Gu5LuW,44CQ6YCB5paZ54Sh5paZ44CR5b2T56S+77yR44O25pyI6ZaT5L+d6Ki8W+S4reWPpELjg6njg7Pjgq9d4pagQVNVUyBBU1VTIFplbldhdGNoIDIgV0k1MDFR77yIQlFD77yJLUNNTDA0IOOAkOOCt+ODq+ODkOODvC/jgq3jg6Pjg6Hjg6vjg6zjgrbjg7wv5oCl6YCf5YWF6Zu75a++5b+c44Oi44OH44Or44CR44CQ5ZGo6L665qmf5Zmo44CR5Lit5Y+k44CQ5Lit5Y+k44CRIOOAkCDjg5Hjgr3jgrPjg7PvvIbnmb3jg63jg6Djga7jgqTjgqrjgrfjgrkg44CR,44CQ5b2T56S+77yR44O25pyI6ZaT5L+d6Ki844CR,PGxpbmsg44CA44CA44CA44CA44CA44CA44CA44CA44CA44CA44CA44CA44CAPSIiIHJlbD0ic3R5bGVzaGVldCIgaHJlZj0iaHR0cDovL3d3dy5yYWt1dGVuLm5lLmpwL2dvbGQvcGMtZ29vZC9hc3NldHMvc3R5bGVzaGVldHMvaXRlbXMvc3R5bGUuY3NzIj4gIDx0YWJsZSDjgIDjgIDjgIDjgIDjgIDjgIDjgIDjgIDjgIDjgIDjgIDjgIDjgIAgY2xhc3M9ImNfX3RhYmxlIGNfX3RhYmxlLWJvcmRlcmVkIj48dHI+PHRoPk9TPC90aD48dGQ+QW5kcm9pZCBXZWFyPC90ZD48L3RyPjx0cj48dGg+Q1BVPC90aD48dGQ+UXVhbGNvbW0gU25hcGRyYWdvbjQwMCAxLjJHSHo8L3RkPjwvdHI+PHRyPjx0aD5SQU08L3RoPjx0ZD41MTJNQjwvdGQ+PC90cj48dHI+PHRoPuOCueODiOODrOODvOOCuDwvdGg+PHRkPjRHQjwvdGQ+PC90cj48dHI+PHRoPuODh+OCo+OCueODl+ODrOOCpDwvdGg+PHRkPjEuNjMiIiIi5pyJ5qmfRUwoMzIweDMyMCk8L3RkPjwvdHI+PHRyPjx0aD7mkK3ovInjgrvjg7PjgrXjg7w8L3RoPjx0ZD426Lu444K744Oz44K144O8PC90ZD48L3RyPjx0cj48dGg+44OQ44OD44OG44Oq44O8PC90aD48dGQ+MzgwbUFoPC90ZD48L3RyPjx0cj48dGg+55m65aOy5pelPC90aD48dGQ+MjAxNuW5tDfmnIgyM+aXpTwvdGQ+PC90cj48L3RhYmxlIOOAgOOAgOOAgOOAgOOAgOOAgOOAgOOAgOOAgOOAgOOAgOOAgOOAgCA+ICA8dGFibGUg44CA44CA44CA44CA44CA44CA44CA44CA44CA44CA44CA44CA44CAIGNsYXNzPSJjX190YWJsZSBjX190YWJsZS1ib3JkZXJlZCI+ICA8dHI+PHRoPuS7mOWxnuWTgTwvdGg+PHRkPueusS9BQ+OCouODgOODl+OCvy9VU0LjgrHjg7zjg5bjg6sv5Y+W5omx6Kqs5piO5pu4PC90ZD48L3RyPiAgPHRyPjx0aD7kv53oqLzmnJ/plpM8L3RoPjx0ZD7lvZPnpL7vvJHjg7bmnIjplpPkv53oqLw8YnI+5L+d6Ki844Gu6Kmz44GX44GE5YaF5a6544Gv44GT44Gh44KJ44Gn44GU56K66KqN44GP44Gg44GV44GEPC90ZD48L3RyPiAgPHRyPjx0aD7jgZ3jga7ku5bnibnoqJjkuovpoIU8L3RoPjx0ZD48L3RkPjwvdHI+ICA8dHI+PHRoPuWVhuWTgeeKtuaFi+OBruiqrOaYjjwvdGg+PHRkPuS4reWPpOWVhuWTgeeJueacieOBrue1jOW5tOWKo+WMluOBjOimi+OCieOCjOOCi+eKtuaFi+OBp+OBmeOBjOOAgemAmuW4uOS9v+eUqOOBq+OBr+WVj+mhjOacieOCiuOBvuOBm+OCk+OAgjxCUj7ntYzlubTliqPljJbjga7oqbPjgZfjgYToqqzmmI7jga/jgZPjgaHjgonjgavjgabjgZTnorroqo3kuIvjgZXjgYQ8QlI+6KSH5pWw5Y+w5Zyo5bqr44GX44Gm44GE44KL5ZWG5ZOB44Gu5YaZ55yf44Gr6Zai44GX44Gm44Gv44CB44Gq44KL44G544GP5qiZ5rqW55qE44Gq5aSW6KOF54q25oWL44Gu44KC44Gu44KS6YG444KT44Gn5pKu5b2x44GX44Gm44GK44KK44G+44GZ44CC5YaZ55yf44Gu5ZWG5ZOB44Gv44GK5omL5YWD44Gr5bGK44GP5YCL5L2T44Go44GE44GG44KP44GR44Gn44Gv5b6h5bqn44GE44G+44Gb44KT44Gu44Gn5LqI44KB44GU5LqG5om/5LiL44GV44GE44CCPC90ZD48L3RyPiAgPC90YWJsZSDjgIDjgIDjgIDjgIDjgIDjgIDjgIDjgIDjgIDjgIDjgIDjgIDjgIAgPiAgPGhyPjx0YWJsZSB3aWR0aD0nMTAwJScgY2VsbHNwYWNpbmc9JzUnIGNlbGxwYWRkaW5nPSc1Jz48dHI+PHRoIGJnY29sb3I9JyNEMDA4MDgnPjxmb250IGNvbG9yPScjZmZmZmZmJz7vvIHjgZTms6jmlofliY3jgavjgZTnorroqo3jgY/jgaDjgZXjgYQ8L2ZvbnQ+PC90aD48L3RyPjx0cj48dGQ+5a6f6Zqb44Gu5ZWG5ZOB44Go55Ww44Gq44KL44Kk44Oh44O844K455S75YOP44KS5Yip55So44GX44Gm44GE44KL5aC05ZCI44GM5b6h5bqn44GE44G+44GZ44CCPGJyPuW9k+W6l+OAgeWun+W6l+iIl+OBqOiHquekvuOCteOCpOODiOOCkuWQq+OCgOWFseacieWcqOW6q+OBqOOBquOCiuOAgeOBlOazqOaWh+OBruOCv+OCpOODn+ODs+OCsOOBq+OCiOOBo+OBpuOBr+WVhuWTgeOCkuOBlOeUqOaEj+OBp+OBjeOBquOBhOWgtOWQiOOBjOOBlOOBluOBhOOBvuOBmeOAguOBlOeUqOaEj+WHuuadpeOBquOBi+OBo+OBn+WgtOWQiOOBq+OBpOOBjeOBvuOBl+OBpuOBr+OAgeOBlOazqOaWh+OBruOCreODo+ODs+OCu+ODq+OBqOOBleOBm+OBpumgguOBjeOBvuOBmeOAguOBneOBruS7luOAgeW9k+W6l+OBruOBlOazqOaWh+OBrua1geOCjOOCkuODmuODvOOCuOS4i+mDqOOBq+OBpuOAgeS6iOOCgeOBlOeiuuiqjeOBj+OBoOOBleOBhOOAgjwvdGQ+PC90cj48L3RhYmxlPjxicj4=,44CQ6YCB5paZ54Sh5paZ44CR5b2T56S+77yR44O25pyI6ZaT5L+d6Ki8W+S4reWPpELjg6njg7Pjgq9d4pagQVNVUyBBU1VTIFplbldhdGNoIDIgV0k1MDFR77yIQlFD77yJLUNNTDA0IOOAkOOCt+ODq+ODkOODvC/jgq3jg6Pjg6Hjg6vjg6zjgrbjg7wv5oCl6YCf5YWF6Zu75a++5b+c44Oi44OH44Or44CR44CQ5ZGo6L665qmf5Zmo44CR5Lit5Y+k44CQ5Lit5Y+k44CRIOOAkCDjg5Hjgr3jgrPjg7PvvIbnmb3jg63jg6Djga7jgqTjgqrjgrfjgrkg44CR77ya5Lit5Y+k44OR44K944Kz44Oz44Go55m944Ot44Og44Gu44Kk44Kq44K344K5,44K544Oe44O844OI44OV44Kp44Oz44K544Oe44ObU0lN44OV44Oq44O855m944Ot44OgaVBob25lQW5kcm9pZOOCv+ODluODrOODg+ODiGlQYWTmkLrluK/pm7voqbHkuK3lj6Tjg5Hjgr3jgrPjg7Pjg47jg7zjg4jjg5Hjgr3jgrPjg7NpcG9kZG9jb21vc29mdGJhbmthdeODh+OCueOCr+ODiOODg+ODl+ODkeOCveOCs+ODs09mZmljZeS4reWPpFBD44Ki44Km44OI44Os44OD44OI44CQ6YCB5paZ54Sh5paZ44CR5b2T56S+77yR44O25pyI6ZaT5L+d6Ki8W+S4reWPpELjg6njg7Pjgq9d4pagQVNVUyBBU1VTIFplbldhdGNoIDIgV0k1MDFR77yIQlFD77yJLUNNTDA0IOOAkOOCt+ODq+ODkOODvC/jgq3jg6Pjg6Hjg6vjg6zjgrbjg7wv5oCl6YCf5YWF6Zu75a++5b+c44Oi44OH44Or44CR44CQ5ZGo6L665qmf5Zmo44CR5Lit5Y+k44CQ5Lit5Y+k44CRIOOAkCDjg5Hjgr3jgrPjg7PvvIbnmb3jg63jg6Djga7jgqTjgqrjgrfjgrkg44CR,44CQ5b2T56S+77yR44O25pyI6ZaT5L+d6Ki844CR44CC44CQ6YCB5paZ54Sh5paZ44CR5b2T56S+77yR44O25pyI6ZaT5L+d6Ki8W+S4reWPpELjg6njg7Pjgq9d4pagQVNVUyBBU1VTIFplbldhdGNoIDIgV0k1MDFR77yIQlFD77yJLUNNTDA0IOOAkOOCt+ODq+ODkOODvC/jgq3jg6Pjg6Hjg6vjg6zjgrbjg7wv5oCl6YCf5YWF6Zu75a++5b+c44Oi44OH44Or44CR44CQ5ZGo6L665qmf5Zmo44CR5Lit5Y+k44CQ5Lit5Y+k44CRIOOAkCDjg5Hjgr3jgrPjg7PvvIbnmb3jg63jg6Djga7jgqTjgqrjgrfjgrkg44CR[rn]
16-187172,aHR0cDovL3RzaG9wLnIxMHMuanAvcGMtZ29vZC9jYWJpbmV0L2lvc3lzX2cvbm9faXRlbS5qcGc/Zml0aW49NzAwOjcwMA==,MTI2NDAuMDAwMA==,,44K544Oe44O844OI44OV44Kp44Oz44O744K/44OW44Os44OD44OIID4g44K544Oe44O844OI44OV44Kp44Oz44Ki44Kv44K744K144Oq44O8ID4g44Gd44Gu5LuW,44CQ6YCB5paZ54Sh5paZ44CR5b2T56S+77yR44O25pyI6ZaT5L+d6Ki8W+S4reWPpELjg6njg7Pjgq9d4pagU0FNU1VORyBhdSBTYW1zdW5nIEdlYXIgUzIgU00tUjcyMCBEYXJrR3JheeOAkOWRqOi+uuapn+WZqOOAkeS4reWPpOOAkOS4reWPpOOAkSDjgJAg44OR44K944Kz44Oz77yG55m944Ot44Og44Gu44Kk44Kq44K344K5IOOAkQ==,44CQ5b2T56S+77yR44O25pyI6ZaT5L+d6Ki844CR,PGxpbmsg44CA44CA44CA44CA44CA44CA44CA44CA44CA44CA44CA44CA44CAPSIiIHJlbD0ic3R5bGVzaGVldCIgaHJlZj0iaHR0cDovL3d3dy5yYWt1dGVuLm5lLmpwL2dvbGQvcGMtZ29vZC9hc3NldHMvc3R5bGVzaGVldHMvaXRlbXMvc3R5bGUuY3NzIj4gIDx0YWJsZSDjgIDjgIDjgIDjgIDjgIDjgIDjgIDjgIDjgIDjgIDjgIDjgIDjgIAgY2xhc3M9ImNfX3RhYmxlIGNfX3RhYmxlLWJvcmRlcmVkIj48dHI+PHRoPkNQVTwvdGg+PHRkPjEuMEdIeijjg4fjg6XjgqLjg6vjgrPjgqIpPC90ZD48L3RyPjx0cj48dGg+44K544OI44Os44O844K4PC90aD48dGQ+NEdCPC90ZD48L3RyPjx0cj48dGg+44Oh44Oi44OqPC90aD48dGQ+NTEyTUI8L3RkPjwvdHI+PHRyPjx0aD7jg4fjgqPjgrnjg5fjg6zjgqQ8L3RoPjx0ZD4xLjLjgqTjg7Pjg4EoMzYweDM2MCk8L3RkPjwvdHI+PHRyPjx0aD7jg5Djg4Pjg4bjg6rjg7w8L3RoPjx0ZD4yNTBtQWg8L3RkPjwvdHI+PHRyPjx0aD5XaUZpPC90aD48dGQ+Yjxmb250IHNpemU9Ii0xIj4vPC9mb250Pmc8Zm9udCBzaXplPSItMSI+LzwvZm9udD5uPC90ZD48L3RyPjx0cj48dGg+6YeN6YePPC90aD48dGQ+NDdnPC90ZD48L3RyPjx0cj48dGg+44Gd44Gu5LuWPC90aD48dGQ+Qmx1ZXRvb3RoNC4xPGZvbnQgc2l6ZT0iLTEiPi88L2ZvbnQ+44Ov44Kk44Ok44Os44K55YWF6Zu75a++5b+cPGZvbnQgc2l6ZT0iLTEiPi88L2ZvbnQ+TkZDPGZvbnQgc2l6ZT0iLTEiPi88L2ZvbnQ+6ICQ5rC0PGZvbnQgc2l6ZT0iLTEiPi88L2ZvbnQ+6ICQ5aG1KElQNjgpPC90ZD48L3RyPjx0cj48dGg+5a++5b+cPC90aD48dGQ+QW5kcm9pZE9TNC405Lul5LiK44CBMS41R0JSQU3ku6XkuIo8L3RkPjwvdHI+PC90YWJsZSDjgIDjgIDjgIDjgIDjgIDjgIDjgIDjgIDjgIDjgIDjgIDjgIDjgIAgPiAgPHRhYmxlIOOAgOOAgOOAgOOAgOOAgOOAgOOAgOOAgOOAgOOAgOOAgOOAgOOAgCBjbGFzcz0iY19fdGFibGUgY19fdGFibGUtYm9yZGVyZWQiPiAgPHRyPjx0aD7ku5jlsZ7lk4E8L3RoPjx0ZD7nrrEv5bCC55So44Ov44Kk44Ok44Os44K55YWF6Zu744OJ44OD44KvL+ODkOODs+ODiTwvdGQ+PC90cj4gIDx0cj48dGg+5L+d6Ki85pyf6ZaTPC90aD48dGQ+5b2T56S+77yR44O25pyI6ZaT5L+d6Ki8PGJyPuS/neiovOOBruips+OBl+OBhOWGheWuueOBr+OBk+OBoeOCieOBp+OBlOeiuuiqjeOBj+OBoOOBleOBhDwvdGQ+PC90cj4gIDx0cj48dGg+44Gd44Gu5LuW54m56KiY5LqL6aCFPC90aD48dGQ+PC90ZD48L3RyPiAgPHRyPjx0aD7llYblk4HnirbmhYvjga7oqqzmmI48L3RoPjx0ZD7kuK3lj6TllYblk4HnibnmnInjga7ntYzlubTliqPljJbjgYzopovjgonjgozjgovnirbmhYvjgafjgZnjgYzjgIHpgJrluLjkvb/nlKjjgavjga/llY/poYzmnInjgorjgb7jgZvjgpPjgII8QlI+57WM5bm05Yqj5YyW44Gu6Kmz44GX44GE6Kqs5piO44Gv44GT44Gh44KJ44Gr44Gm44GU56K66KqN5LiL44GV44GEPEJSPuikh+aVsOWPsOWcqOW6q+OBl+OBpuOBhOOCi+WVhuWTgeOBruWGmeecn+OBq+mWouOBl+OBpuOBr+OAgeOBquOCi+OBueOBj+aomea6lueahOOBquWkluijheeKtuaFi+OBruOCguOBruOCkumBuOOCk+OBp+aSruW9seOBl+OBpuOBiuOCiuOBvuOBmeOAguWGmeecn+OBruWVhuWTgeOBr+OBiuaJi+WFg+OBq+WxiuOBj+WAi+S9k+OBqOOBhOOBhuOCj+OBkeOBp+OBr+W+oeW6p+OBhOOBvuOBm+OCk+OBruOBp+S6iOOCgeOBlOS6huaJv+S4i+OBleOBhOOAgjwvdGQ+PC90cj4gIDwvdGFibGUg44CA44CA44CA44CA44CA44CA44CA44CA44CA44CA44CA44CA44CAID4gIDxocj48dGFibGUgd2lkdGg9JzEwMCUnIGNlbGxzcGFjaW5nPSc1JyBjZWxscGFkZGluZz0nNSc+PHRyPjx0aCBiZ2NvbG9yPScjRDAwODA4Jz48Zm9udCBjb2xvcj0nI2ZmZmZmZic+77yB44GU5rOo5paH5YmN44Gr44GU56K66KqN44GP44Gg44GV44GEPC9mb250PjwvdGg+PC90cj48dHI+PHRkPuWun+mam+OBruWVhuWTgeOBqOeVsOOBquOCi+OCpOODoeODvOOCuOeUu+WDj+OCkuWIqeeUqOOBl+OBpuOBhOOCi+WgtOWQiOOBjOW+oeW6p+OBhOOBvuOBmeOAgjxicj7lvZPlupfjgIHlrp/lupfoiJfjgajoh6rnpL7jgrXjgqTjg4jjgpLlkKvjgoDlhbHmnInlnKjluqvjgajjgarjgorjgIHjgZTms6jmlofjga7jgr/jgqTjg5/jg7PjgrDjgavjgojjgaPjgabjga/llYblk4HjgpLjgZTnlKjmhI/jgafjgY3jgarjgYTloLTlkIjjgYzjgZTjgZbjgYTjgb7jgZnjgILjgZTnlKjmhI/lh7rmnaXjgarjgYvjgaPjgZ/loLTlkIjjgavjgaTjgY3jgb7jgZfjgabjga/jgIHjgZTms6jmlofjga7jgq3jg6Pjg7Pjgrvjg6vjgajjgZXjgZvjgabpoILjgY3jgb7jgZnjgILjgZ3jga7ku5bjgIHlvZPlupfjga7jgZTms6jmlofjga7mtYHjgozjgpLjg5rjg7zjgrjkuIvpg6jjgavjgabjgIHkuojjgoHjgZTnorroqo3jgY/jgaDjgZXjgYTjgII8L3RkPjwvdHI+PC90YWJsZT48YnI+,44CQ6YCB5paZ54Sh5paZ44CR5b2T56S+77yR44O25pyI6ZaT5L+d6Ki8W+S4reWPpELjg6njg7Pjgq9d4pagU0FNU1VORyBhdSBTYW1zdW5nIEdlYXIgUzIgU00tUjcyMCBEYXJrR3JheeOAkOWRqOi+uuapn+WZqOOAkeS4reWPpOOAkOS4reWPpOOAkSDjgJAg44OR44K944Kz44Oz77yG55m944Ot44Og44Gu44Kk44Kq44K344K5IOOAke+8muS4reWPpOODkeOCveOCs+ODs+OBqOeZveODreODoOOBruOCpOOCquOCt+OCuQ==,44K544Oe44O844OI44OV44Kp44Oz44K544Oe44ObU0lN44OV44Oq44O855m944Ot44OgaVBob25lQW5kcm9pZOOCv+ODluODrOODg+ODiGlQYWTmkLrluK/pm7voqbHkuK3lj6Tjg5Hjgr3jgrPjg7Pjg47jg7zjg4jjg5Hjgr3jgrPjg7NpcG9kZG9jb21vc29mdGJhbmthdeODh+OCueOCr+ODiOODg+ODl+ODkeOCveOCs+ODs09mZmljZeS4reWPpFBD44Ki44Km44OI44Os44OD44OI44CQ6YCB5paZ54Sh5paZ44CR5b2T56S+77yR44O25pyI6ZaT5L+d6Ki8W+S4reWPpELjg6njg7Pjgq9d4pagU0FNU1VORyBhdSBTYW1zdW5nIEdlYXIgUzIgU00tUjcyMCBEYXJrR3JheeOAkOWRqOi+uuapn+WZqOOAkeS4reWPpOOAkOS4reWPpOOAkSDjgJAg44OR44K944Kz44Oz77yG55m944Ot44Og44Gu44Kk44Kq44K344K5IOOAkQ==,44CQ5b2T56S+77yR44O25pyI6ZaT5L+d6Ki844CR44CC44CQ6YCB5paZ54Sh5paZ44CR5b2T56S+77yR44O25pyI6ZaT5L+d6Ki8W+S4reWPpELjg6njg7Pjgq9d4pagU0FNU1VORyBhdSBTYW1zdW5nIEdlYXIgUzIgU00tUjcyMCBEYXJrR3JheeOAkOWRqOi+uuapn+WZqOOAkeS4reWPpOOAkOS4reWPpOOAkSDjgJAg44OR44K944Kz44Oz77yG55m944Ot44Og44Gu44Kk44Kq44K344K5IOOAkQ==[rn]
16-187173,aHR0cDovL3RzaG9wLnIxMHMuanAvcGMtZ29vZC9jYWJpbmV0L2lvc3lzX2cvMTAwMDAwXzEwMTk5OS8xMDAzMDUuanBnP2ZpdGluPTcwMDo3MDA=,MTU4NDAuMDAwMA==,,44K544Oe44O844OI44OV44Kp44Oz44O744K/44OW44Os44OD44OIID4g44K544Oe44O844OI44OV44Kp44Oz44Ki44Kv44K744K144Oq44O8ID4g44Gd44Gu5LuW,44CQ6YCB5paZ54Sh5paZ44CR5b2T56S+77yR44O25pyI6ZaT5L+d6Ki8W+S4reWPpELjg6njg7Pjgq9d4pagQXBwbGUgQXBwbGUgV2F0Y2ggU3BvcnQgMzhtbSAoTUoyVTJKL0EpIOOAkOOCt+ODq+ODkOODvOOCouODq+ODn+ODi+OCpuODoC/jgrDjg6rjg7zjg7Pjgrnjg53jg7zjg4Tjg5Djg7Pjg4njgJHjgJDlkajovrrmqZ/lmajjgJHkuK3lj6TjgJDkuK3lj6TjgJEg44CQIOODkeOCveOCs+ODs++8hueZveODreODoOOBruOCpOOCquOCt+OCuSDjgJE=,44CQ5b2T56S+77yR44O25pyI6ZaT5L+d6Ki844CR,PGxpbmsg44CA44CA44CA44CA44CA44CA44CA44CA44CA44CA44CA44CA44CAPSIiIHJlbD0ic3R5bGVzaGVldCIgaHJlZj0iaHR0cDovL3d3dy5yYWt1dGVuLm5lLmpwL2dvbGQvcGMtZ29vZC9hc3NldHMvc3R5bGVzaGVldHMvaXRlbXMvc3R5bGUuY3NzIj4gIDx0YWJsZSDjgIDjgIDjgIDjgIDjgIDjgIDjgIDjgIDjgIDjgIDjgIDjgIDjgIAgY2xhc3M9ImNfX3RhYmxlIGNfX3RhYmxlLWJvcmRlcmVkIj48dHI+PHRoPuOCteOCpOOCujwvdGg+PHRkPjQzOC42IHggMzMuMyB4IDEwLjUgbW08L3RkPjwvdHI+PHRyPjx0aD7jgrHjg7zjgrnph43jgZU8L3RoPjx0ZD7ntIQyNWc8L3RkPjwvdHI+PHRyPjx0aD7jg4fjgqPjgrnjg5fjg6zjgqQ8L3RoPjx0ZD7mhJ/lnKfjgr/jg4Pjg4Hjgavlr77lv5zjgZfjgZ9SZXRpbmHjg4fjgqPjgrnjg5fjg6zjgqQ8L3RkPjwvdHI+PHRyPjx0aD5XaXJlbGVzczwvdGg+PHRkPldpLUZpICg4MDIuMTFiPGZvbnQgc2l6ZT0iLTEiPi88L2ZvbnQ+Zzxmb250IHNpemU9Ii0xIj4vPC9mb250Pm4gMi40R0h6KTxmb250IHNpemU9Ii0xIj4vPC9mb250PkJsdWV0b290aCA0LjAg5b+D5ouN44K744Oz44K144O844CB5Yqg6YCf5bqm44K744Oz44K144O844CB44K444Oj44Kk44Ot44K544Kz44O844OXPC90ZD48L3RyPjx0cj48dGg+6Ziy5rC0PC90aD48dGQ+SVBYNzwvdGQ+PC90cj48L3RhYmxlIOOAgOOAgOOAgOOAgOOAgOOAgOOAgOOAgOOAgOOAgOOAgOOAgOOAgCA+ICA8dGFibGUg44CA44CA44CA44CA44CA44CA44CA44CA44CA44CA44CA44CA44CAIGNsYXNzPSJjX190YWJsZSBjX190YWJsZS1ib3JkZXJlZCI+ICA8dHI+PHRoPuS7mOWxnuWTgTwvdGg+PHRkPueusS9BQ+OCouODgOODl+OCvy/no4HmsJflhYXpm7vjgrHjg7zjg5bjg6sv44K544Od44O844OE44OQ44Oz44OJL+OCr+OCpOODg+OCr+OCueOCv+ODvOODiOOCrOOCpOODiTwvdGQ+PC90cj4gIDx0cj48dGg+5L+d6Ki85pyf6ZaTPC90aD48dGQ+5b2T56S+77yR44O25pyI6ZaT5L+d6Ki8PGJyPuS/neiovOOBruips+OBl+OBhOWGheWuueOBr+OBk+OBoeOCieOBp+OBlOeiuuiqjeOBj+OBoOOBleOBhDwvdGQ+PC90cj4gIDx0cj48dGg+44Gd44Gu5LuW54m56KiY5LqL6aCFPC90aD48dGQ+PC90ZD48L3RyPiAgPHRyPjx0aD7llYblk4HnirbmhYvjga7oqqzmmI48L3RoPjx0ZD7kuK3lj6TllYblk4HnibnmnInjga7ntYzlubTliqPljJbjgYzopovjgonjgozjgovnirbmhYvjgafjgZnjgYzjgIHpgJrluLjkvb/nlKjjgavjga/llY/poYzmnInjgorjgb7jgZvjgpPjgII8QlI+57WM5bm05Yqj5YyW44Gu6Kmz44GX44GE6Kqs5piO44Gv44GT44Gh44KJ44Gr44Gm44GU56K66KqN5LiL44GV44GEPEJSPuikh+aVsOWPsOWcqOW6q+OBl+OBpuOBhOOCi+WVhuWTgeOBruWGmeecn+OBq+mWouOBl+OBpuOBr+OAgeOBquOCi+OBueOBj+aomea6lueahOOBquWkluijheeKtuaFi+OBruOCguOBruOCkumBuOOCk+OBp+aSruW9seOBl+OBpuOBiuOCiuOBvuOBmeOAguWGmeecn+OBruWVhuWTgeOBr+OBiuaJi+WFg+OBq+WxiuOBj+WAi+S9k+OBqOOBhOOBhuOCj+OBkeOBp+OBr+W+oeW6p+OBhOOBvuOBm+OCk+OBruOBp+S6iOOCgeOBlOS6huaJv+S4i+OBleOBhOOAgjwvdGQ+PC90cj4gIDwvdGFibGUg44CA44CA44CA44CA44CA44CA44CA44CA44CA44CA44CA44CA44CAID4gIDxocj48dGFibGUgd2lkdGg9JzEwMCUnIGNlbGxzcGFjaW5nPSc1JyBjZWxscGFkZGluZz0nNSc+PHRyPjx0aCBiZ2NvbG9yPScjRDAwODA4Jz48Zm9udCBjb2xvcj0nI2ZmZmZmZic+77yB44GU5rOo5paH5YmN44Gr44GU56K66KqN44GP44Gg44GV44GEPC9mb250PjwvdGg+PC90cj48dHI+PHRkPuWun+mam+OBruWVhuWTgeOBqOeVsOOBquOCi+OCpOODoeODvOOCuOeUu+WDj+OCkuWIqeeUqOOBl+OBpuOBhOOCi+WgtOWQiOOBjOW+oeW6p+OBhOOBvuOBmeOAgjxicj7lvZPlupfjgIHlrp/lupfoiJfjgajoh6rnpL7jgrXjgqTjg4jjgpLlkKvjgoDlhbHmnInlnKjluqvjgajjgarjgorjgIHjgZTms6jmlofjga7jgr/jgqTjg5/jg7PjgrDjgavjgojjgaPjgabjga/llYblk4HjgpLjgZTnlKjmhI/jgafjgY3jgarjgYTloLTlkIjjgYzjgZTjgZbjgYTjgb7jgZnjgILjgZTnlKjmhI/lh7rmnaXjgarjgYvjgaPjgZ/loLTlkIjjgavjgaTjgY3jgb7jgZfjgabjga/jgIHjgZTms6jmlofjga7jgq3jg6Pjg7Pjgrvjg6vjgajjgZXjgZvjgabpoILjgY3jgb7jgZnjgILjgZ3jga7ku5bjgIHlvZPlupfjga7jgZTms6jmlofjga7mtYHjgozjgpLjg5rjg7zjgrjkuIvpg6jjgavjgabjgIHkuojjgoHjgZTnorroqo3jgY/jgaDjgZXjgYTjgII8L3RkPjwvdHI+PC90YWJsZT48YnI+,44CQ6YCB5paZ54Sh5paZ44CR5b2T56S+77yR44O25pyI6ZaT5L+d6Ki8W+S4reWPpELjg6njg7Pjgq9d4pagQXBwbGUgQXBwbGUgV2F0Y2ggU3BvcnQgMzhtbSAoTUoyVTJKL0EpIOOAkOOCt+ODq+ODkOODvOOCouODq+ODn+ODi+OCpuODoC/jgrDjg6rjg7zjg7Pjgrnjg53jg7zjg4Tjg5Djg7Pjg4njgJHjgJDlkajovrrmqZ/lmajjgJHkuK3lj6TjgJDkuK3lj6TjgJEg44CQIOODkeOCveOCs+ODs++8hueZveODreODoOOBruOCpOOCquOCt+OCuSDjgJHvvJrkuK3lj6Tjg5Hjgr3jgrPjg7Pjgajnmb3jg63jg6Djga7jgqTjgqrjgrfjgrk=,44K544Oe44O844OI44OV44Kp44Oz44K544Oe44ObU0lN44OV44Oq44O855m944Ot44OgaVBob25lQW5kcm9pZOOCv+ODluODrOODg+ODiGlQYWTmkLrluK/pm7voqbHkuK3lj6Tjg5Hjgr3jgrPjg7Pjg47jg7zjg4jjg5Hjgr3jgrPjg7NpcG9kZG9jb21vc29mdGJhbmthdeODh+OCueOCr+ODiOODg+ODl+ODkeOCveOCs+ODs09mZmljZeS4reWPpFBD44Ki44Km44OI44Os44OD44OI44CQ6YCB5paZ54Sh5paZ44CR5b2T56S+77yR44O25pyI6ZaT5L+d6Ki8W+S4reWPpELjg6njg7Pjgq9d4pagQXBwbGUgQXBwbGUgV2F0Y2ggU3BvcnQgMzhtbSAoTUoyVTJKL0EpIOOAkOOCt+ODq+ODkOODvOOCouODq+ODn+ODi+OCpuODoC/jgrDjg6rjg7zjg7Pjgrnjg53jg7zjg4Tjg5Djg7Pjg4njgJHjgJDlkajovrrmqZ/lmajjgJHkuK3lj6TjgJDkuK3lj6TjgJEg44CQIOODkeOCveOCs+ODs++8hueZveODreODoOOBruOCpOOCquOCt+OCuSDjgJE=,44CQ5b2T56S+77yR44O25pyI6ZaT5L+d6Ki844CR44CC44CQ6YCB5paZ54Sh5paZ44CR5b2T56S+77yR44O25pyI6ZaT5L+d6Ki8W+S4reWPpELjg6njg7Pjgq9d4pagQXBwbGUgQXBwbGUgV2F0Y2ggU3BvcnQgMzhtbSAoTUoyVTJKL0EpIOOAkOOCt+ODq+ODkOODvOOCouODq+ODn+ODi+OCpuODoC/jgrDjg6rjg7zjg7Pjgrnjg53jg7zjg4Tjg5Djg7Pjg4njgJHjgJDlkajovrrmqZ/lmajjgJHkuK3lj6TjgJDkuK3lj6TjgJEg44CQIOODkeOCveOCs+ODs++8hueZveODreODoOOBruOCpOOCquOCt+OCuSDjgJE=[rn]
16-187174,aHR0cDovL3RzaG9wLnIxMHMuanAvZHRjL2NhYmluZXQvMjAxNjA5MjFhLzQ1ODk5MzIzODAyMzguanBnP2ZpdGluPTcwMDo3MDA=,OTUyLjAwMDA=,,44K544Oe44O844OI44OV44Kp44Oz44O744K/44OW44Os44OD44OIID4g44K544Oe44O844OI44OV44Kp44Oz44Ki44Kv44K744K144Oq44O8ID4g44Gd44Gu5LuW,44OP44Kz44K544Kz44K544Oe44O844OI44OV44Kp44Oz55So77y7MTYwIHggODAgeCAxMG1t44G+44Gn77y9IFZS44OT44Ol44O844Ov44O8IOODj+OCs+OCueOCsyDjgr/jgr/jg58y55y8IOOCs+ODvOODhuOCo+ODs+OCsOODouODh+ODqyBUMi1QUA==,,4pagM0TmmKDlg4/jgoLmpb3jgZfjgoHjgovjgIHntYTjgb/nq4vjgablvI8y55y844Oi44OH44OrPGJyPuODu+earuiEguOBq+OCguW8t+OBhOOCs+ODvOODhuOCo+ODs+OCsOS7leanmDxicj7jg7vmipjjgorjgZ/jgZ/jgoHjgovjgYvjgonmjIHjgaHpgYvjgbPjgavkvr/liKk8YnI+44O7NO+9njbjgqTjg7Pjg4Hjga7jgrnjg57jg5vjgavlr77lv5w8YnI+44O7VlLjgrPjg7Pjg4bjg7Pjg4TntprjgIXjg6rjg6rjg7zjgrk8YnI+PGJyPuOAkOS7leanmOOAkTxicj7ilqDlr77lv5zjgrnjg57jg5vjgrXjgqTjgrrvvJrmqKogODBtbeOAgee4piAxNjBtbeOAgeWOmuOBlSAxMG1t44G+44Gn,44OP44Kz44K544Kz44K544Oe44O844OI44OV44Kp44Oz55So77y7MTYwIHggODAgeCAxMG1t44G+44Gn77y9IFZS44OT44Ol44O844Ov44O8IOODj+OCs+OCueOCsyDjgr/jgr/jg58y55y8IOOCs+ODvOODhuOCo+ODs+OCsOODouODh+ODqyBUMi1QUO+8muOCveODleODnuODg+ODl+alveWkqeW4guWgtOW6lw==,44K944OV44Oe44OD44OXU29mbWFw44OR44K944Kz44Oz44K/44OW44Os44OD44OIUENIRETjgqLjgrvjg7Pjg5bjg6rjg5Hjg7zjg4Tjg5Hjgr3jgrPjg7Pjg5Hjg7zjg4Tjg4bjg6zjg5PjgrLjg7zjg6Djg5bjg6vjg7zjg6zjgqTjgr3jg5Xjg4hEVkTjgr3jg5Xjg4jmtrLmmbbjg4bjg6zjg5Pjg5bjg6vjg7zjg6zjgqTjg4fjgqPjgrnjgq/jg6zjgrPjg7zjg4Djg7zjg4fjgrjjgr/jg6vkuIDnnLzjg6zjg5Xjgqvjg6Hjg6njg4fjgrjjgr/jg6vjgqvjg6Hjg6nlrrbpm7vmmYLoqIjkuK3lj6TjgqLjgqbjg4jjg6zjg4Pjg4hpUGFkaVBob25l44OP44Kz44K544Kz44K544Oe44O844OI44OV44Kp44Oz55So77y7MTYwIHggODAgeCAxMG1t44G+44Gn77y9IFZS44OT44Ol44O844Ov44O8IOODj+OCs+OCueOCsyDjgr/jgr/jg58y55y8IOOCs+ODvOODhuOCo+ODs+OCsOODouODh+ODqyBUMi1QUA==,44OP44Kz44K544Kz44K544Oe44O844OI44OV44Kp44Oz55So77y7MTYwIHggODAgeCAxMG1t44G+44Gn77y9IFZS44OT44Ol44O844Ov44O8IOODj+OCs+OCueOCsyDjgr/jgr/jg58y55y8IOOCs+ODvOODhuOCo+ODs+OCsOODouODh+ODqyBUMi1QUA==[rn]
16-187175,aHR0cDovL3RzaG9wLnIxMHMuanAvZHRjL2NhYmluZXQvMjAxNjA5MjFhLzQ1ODk5MzIzODAyNTIuanBnP2ZpdGluPTcwMDo3MDA=,MTE5Mi4wMDAw,,44K544Oe44O844OI44OV44Kp44Oz44O744K/44OW44Os44OD44OIID4g44K544Oe44O844OI44OV44Kp44Oz44Ki44Kv44K744K144Oq44O8ID4g44Gd44Gu5LuW,44OP44Kz44K544Kz44K544Oe44O844OI44OV44Kp44Oz55So77y7MTYwIHggODAgeCAxMG1t44G+44Gn77y9IFZS44OT44Ol44O844Ov44O8IOODj+OCs+OCueOCsyBHb29nbGUgQ2FyZGJvYXJkIOOCs+ODvOODhuOCo+ODs+OCsOODouODh+ODqyBHQ0ItUFA=,,4pagR29vZ2xl44GM6Kit6KiI44GX44Gf44CBM0TmmKDlg4/lr77lv5wg57WE44G/56uL44Gm5riI44G/MuecvOODouODh+ODqzxicj7jg7vnmq7ohILjgavjgoLlvLfjgYTjgrPjg7zjg4bjgqPjg7PjgrDku5Xmp5g8YnI+44O75q6144Oc44O844Or6KO9MuecvFZS44OT44Ol44O844Ov44O8PGJyPuODuzTvvZ4244Kk44Oz44OB44Gu44K544Oe44Ob44Gr5a++5b+cPGJyPuODu1ZS44Kz44Oz44OG44Oz44OE57aa44CF44Oq44Oq44O844K5,44OP44Kz44K544Kz44K544Oe44O844OI44OV44Kp44Oz55So77y7MTYwIHggODAgeCAxMG1t44G+44Gn77y9IFZS44OT44Ol44O844Ov44O8IOODj+OCs+OCueOCsyBHb29nbGUgQ2FyZGJvYXJkIOOCs+ODvOODhuOCo+ODs+OCsOODouODh+ODqyBHQ0ItUFDvvJrjgr3jg5Xjg57jg4Pjg5fmpb3lpKnluILloLTlupc=,44K944OV44Oe44OD44OXU29mbWFw44OR44K944Kz44Oz44K/44OW44Os44OD44OIUENIRETjgqLjgrvjg7Pjg5bjg6rjg5Hjg7zjg4Tjg5Hjgr3jgrPjg7Pjg5Hjg7zjg4Tjg4bjg6zjg5PjgrLjg7zjg6Djg5bjg6vjg7zjg6zjgqTjgr3jg5Xjg4hEVkTjgr3jg5Xjg4jmtrLmmbbjg4bjg6zjg5Pjg5bjg6vjg7zjg6zjgqTjg4fjgqPjgrnjgq/jg6zjgrPjg7zjg4Djg7zjg4fjgrjjgr/jg6vkuIDnnLzjg6zjg5Xjgqvjg6Hjg6njg4fjgrjjgr/jg6vjgqvjg6Hjg6nlrrbpm7vmmYLoqIjkuK3lj6TjgqLjgqbjg4jjg6zjg4Pjg4hpUGFkaVBob25l44OP44Kz44K544Kz44K544Oe44O844OI44OV44Kp44Oz55So77y7MTYwIHggODAgeCAxMG1t44G+44Gn77y9IFZS44OT44Ol44O844Ov44O8IOODj+OCs+OCueOCsyBHb29nbGUgQ2FyZGJvYXJkIOOCs+ODvOODhuOCo+ODs+OCsOODouODh+ODqyBHQ0ItUFA=,44OP44Kz44K544Kz44K544Oe44O844OI44OV44Kp44Oz55So77y7MTYwIHggODAgeCAxMG1t44G+44Gn77y9IFZS44OT44Ol44O844Ov44O8IOODj+OCs+OCueOCsyBHb29nbGUgQ2FyZGJvYXJkIOOCs+ODvOODhuOCo+ODs+OCsOODouODh+ODqyBHQ0ItUFA=[rn]
16-187176,aHR0cDovL3RzaG9wLnIxMHMuanAvZHRjL2NhYmluZXQvMjAxNzAyMDdtLzQ5NTcxODAxMjczNjEuanBnP2ZpdGluPTcwMDo3MDA=,Nzk1Ni4wMDAw,,44K544Oe44O844OI44OV44Kp44Oz44O744K/44OW44Os44OD44OIID4g44K544Oe44O844OI44OV44Kp44Oz44Ki44Kv44K744K144Oq44O8ID4g44Gd44Gu5LuW,44Ki44Kk44O744Kq44O844O744OH44O844K/5qmf5ZmoaVBob25lL2lQYWTlr77lv5zvvLtpT1PvvL1pUGhvbmXnlKhDROODrOOCs+ODvOODgOODvCBJT+ODh+ODvOOCvyBDRFJJLUwyNEk=,,TGlnaHRuaW5n44KxLeODluODq+OBp+aOpee2muOBl+OBpmlQaG9uZeOBq0NE44KS55u05o6l5Y+W44KK6L6844KAaVBob25l55SoQ0Tjg6zjgrMt44OALQ==,44Ki44Kk44O744Kq44O844O744OH44O844K/5qmf5ZmoaVBob25lL2lQYWTlr77lv5zvvLtpT1PvvL1pUGhvbmXnlKhDROODrOOCs+ODvOODgOODvCBJT+ODh+ODvOOCvyBDRFJJLUwyNEnvvJrjgr3jg5Xjg57jg4Pjg5fmpb3lpKnluILloLTlupc=,44K944OV44Oe44OD44OXU29mbWFw44OR44K944Kz44Oz44K/44OW44Os44OD44OIUENIRETjgqLjgrvjg7Pjg5bjg6rjg5Hjg7zjg4Tjg5Hjgr3jgrPjg7Pjg5Hjg7zjg4Tjg4bjg6zjg5PjgrLjg7zjg6Djg5bjg6vjg7zjg6zjgqTjgr3jg5Xjg4hEVkTjgr3jg5Xjg4jmtrLmmbbjg4bjg6zjg5Pjg5bjg6vjg7zjg6zjgqTjg4fjgqPjgrnjgq/jg6zjgrPjg7zjg4Djg7zjg4fjgrjjgr/jg6vkuIDnnLzjg6zjg5Xjgqvjg6Hjg6njg4fjgrjjgr/jg6vjgqvjg6Hjg6nlrrbpm7vmmYLoqIjkuK3lj6TjgqLjgqbjg4jjg6zjg4Pjg4hpUGFkaVBob25l44Ki44Kk44O744Kq44O844O744OH44O844K/5qmf5ZmoaVBob25lL2lQYWTlr77lv5zvvLtpT1PvvL1pUGhvbmXnlKhDROODrOOCs+ODvOODgOODvCBJT+ODh+ODvOOCvyBDRFJJLUwyNEk=,44Ki44Kk44O744Kq44O844O744OH44O844K/5qmf5ZmoaVBob25lL2lQYWTlr77lv5zvvLtpT1PvvL1pUGhvbmXnlKhDROODrOOCs+ODvOODgOODvCBJT+ODh+ODvOOCvyBDRFJJLUwyNEk=[rn]
16-187177,aHR0cDovL3RzaG9wLnIxMHMuanAvZHRjL2NhYmluZXQvMjAxNzAyMDdtLzQ5NTcxODAxMjY0MTguanBnP2ZpdGluPTcwMDo3MDA=,NzI4OS42MDAw,,44K544Oe44O844OI44OV44Kp44Oz44O744K/44OW44Os44OD44OIID4g44K544Oe44O844OI44OV44Kp44Oz44Ki44Kv44K744K144Oq44O8ID4g44Gd44Gu5LuW,44Ki44Kk44O744Kq44O844O744OH44O844K/5qmf5Zmo44K544Oe44O844OI44OV44Kp44Oz77yP44K/44OW44Os44OD44OI5a++5b+c77y7aU9T77yPQW5kcm9pZOODu1dpLUZp77y9IOOCueODnuODvOODiOODleOCqeODs+eUqENE44Os44Kz44O844OA44O8IElP44OH44O844K/IENEUkktVzI0QUlX,,44GK5rCX44Gr5YWl44KK44GuQ0TjgYzjgqvjg7Pjgr/jg7Pjgavjgrnjg57jg5vjgavlhaXjgos=,44Ki44Kk44O744Kq44O844O744OH44O844K/5qmf5Zmo44K544Oe44O844OI44OV44Kp44Oz77yP44K/44OW44Os44OD44OI5a++5b+c77y7aU9T77yPQW5kcm9pZOODu1dpLUZp77y9IOOCueODnuODvOODiOODleOCqeODs+eUqENE44Os44Kz44O844OA44O8IElP44OH44O844K/IENEUkktVzI0QUlX77ya44K944OV44Oe44OD44OX5qW95aSp5biC5aC05bqX,44K944OV44Oe44OD44OXU29mbWFw44OR44K944Kz44Oz44K/44OW44Os44OD44OIUENIRETjgqLjgrvjg7Pjg5bjg6rjg5Hjg7zjg4Tjg5Hjgr3jgrPjg7Pjg5Hjg7zjg4Tjg4bjg6zjg5PjgrLjg7zjg6Djg5bjg6vjg7zjg6zjgqTjgr3jg5Xjg4hEVkTjgr3jg5Xjg4jmtrLmmbbjg4bjg6zjg5Pjg5bjg6vjg7zjg6zjgqTjg4fjgqPjgrnjgq/jg6zjgrPjg7zjg4Djg7zjg4fjgrjjgr/jg6vkuIDnnLzjg6zjg5Xjgqvjg6Hjg6njg4fjgrjjgr/jg6vjgqvjg6Hjg6nlrrbpm7vmmYLoqIjkuK3lj6TjgqLjgqbjg4jjg6zjg4Pjg4hpUGFkaVBob25l44Ki44Kk44O744Kq44O844O744OH44O844K/5qmf5Zmo44K544Oe44O844OI44OV44Kp44Oz77yP44K/44OW44Os44OD44OI5a++5b+c77y7aU9T77yPQW5kcm9pZOODu1dpLUZp77y9IOOCueODnuODvOODiOODleOCqeODs+eUqENE44Os44Kz44O844OA44O8IElP44OH44O844K/IENEUkktVzI0QUlX,44Ki44Kk44O744Kq44O844O744OH44O844K/5qmf5Zmo44K544Oe44O844OI44OV44Kp44Oz77yP44K/44OW44Os44OD44OI5a++5b+c77y7aU9T77yPQW5kcm9pZOODu1dpLUZp77y9IOOCueODnuODvOODiOODleOCqeODs+eUqENE44Os44Kz44O844OA44O8IElP44OH44O844K/IENEUkktVzI0QUlX[rn]
16-187178,aHR0cDovL3RzaG9wLnIxMHMuanAvZHRjL2NhYmluZXQvMjAxNzAyMDduMTQvNDk1NzE4MDExNzcxMy5qcGc/Zml0aW49NzAwOjcwMA==,NzMxOS4yMDAw,,44K544Oe44O844OI44OV44Kp44Oz44O744K/44OW44Os44OD44OIID4g44K544Oe44O844OI44OV44Kp44Oz44Ki44Kv44K744K144Oq44O8ID4g44Gd44Gu5LuW,44CQ6YCB5paZ54Sh5paZ44CR44Ki44Kk44O744Kq44O844O744OH44O844K/5qmf5ZmoIERWUlAtVzhBSeOAgERWROODn+ODrOODqyBEVkToppbogbQr6Z+z5qW9Q0Tlj5bovrzjg4njg6njgqTjg5Yo44K344Or44OQ44O8KSAoRFZSUFc4QUkp,44CA,44K544Oe44Ob44KE44K/44OW44Os44OD44OI44GMRFZE44OX44Os44Kk44Ok44O844Gr44Gq44KL77yBIOOBleOCieOBq+OAgeOCueODnuODm+OBuOebtOaOpemfs+alvUNE44KC5Y+W44KK6L6844KB44KL,44CQ6YCB5paZ54Sh5paZ44CR44Ki44Kk44O744Kq44O844O744OH44O844K/5qmf5ZmoIERWUlAtVzhBSeOAgERWROODn+ODrOODqyBEVkToppbogbQr6Z+z5qW9Q0Tlj5bovrzjg4njg6njgqTjg5Yo44K344Or44OQ44O8KSAoRFZSUFc4QUkp77ya44K944OV44Oe44OD44OX5qW95aSp5biC5aC05bqX,44K944OV44Oe44OD44OXU29mbWFw44OR44K944Kz44Oz44K/44OW44Os44OD44OIUENIRETjgqLjgrvjg7Pjg5bjg6rjg5Hjg7zjg4Tjg5Hjgr3jgrPjg7Pjg5Hjg7zjg4Tjg4bjg6zjg5PjgrLjg7zjg6Djg5bjg6vjg7zjg6zjgqTjgr3jg5Xjg4hEVkTjgr3jg5Xjg4jmtrLmmbbjg4bjg6zjg5Pjg5bjg6vjg7zjg6zjgqTjg4fjgqPjgrnjgq/jg6zjgrPjg7zjg4Djg7zjg4fjgrjjgr/jg6vkuIDnnLzjg6zjg5Xjgqvjg6Hjg6njg4fjgrjjgr/jg6vjgqvjg6Hjg6nlrrbpm7vmmYLoqIjkuK3lj6TjgqLjgqbjg4jjg6zjg4Pjg4hpUGFkaVBob25l44CQ6YCB5paZ54Sh5paZ44CR44Ki44Kk44O744Kq44O844O744OH44O844K/5qmf5ZmoIERWUlAtVzhBSeOAgERWROODn+ODrOODqyBEVkToppbogbQr6Z+z5qW9Q0Tlj5bovrzjg4njg6njgqTjg5Yo44K344Or44OQ44O8KSAoRFZSUFc4QUkp,44CA44CC44CQ6YCB5paZ54Sh5paZ44CR44Ki44Kk44O744Kq44O844O744OH44O844K/5qmf5ZmoIERWUlAtVzhBSeOAgERWROODn+ODrOODqyBEVkToppbogbQr6Z+z5qW9Q0Tlj5bovrzjg4njg6njgqTjg5Yo44K344Or44OQ44O8KSAoRFZSUFc4QUkp[rn]
16-187179,aHR0cDovL3RzaG9wLnIxMHMuanAvZHRjL2NhYmluZXQvMjAxNjA4MDFhLzQ5ODY3NzMxNjAyNjMuanBnP2ZpdGluPTcwMDo3MDA=,NDAwOC4wMDAw,,44K544Oe44O844OI44OV44Kp44Oz44O744K/44OW44Os44OD44OIID4g44K544Oe44O844OI44OV44Kp44Oz44Ki44Kv44K744K144Oq44O8ID4g44Gd44Gu5LuW,U0FNU1VOR+OAkEdhbGF4eee0lOato+OAkeeEoeaOpeeCue+8u1Fp5a++5b+c77y9IOeEoeaOpeeCuUFD5YWF6Zu75ZmoIFdpcmVsZXNzIENoYXJnZXIgU3RhbmQg77yI44Ob44Ov44Kk44OI77yJIEVQLU5HOTMwVFdKR0pQ,,572u44GE44Gf44KJ44Gd44Gu44G+44G+5YWF6Zu76ZaL5aeL44CBUWnmupbmi6Djga5HYWxheHnntJTmraPjg6/jgqTjg6Tjg6zjgrnmgKXpgJ/lhYXpm7vlmag=,U0FNU1VOR+OAkEdhbGF4eee0lOato+OAkeeEoeaOpeeCue+8u1Fp5a++5b+c77y9IOeEoeaOpeeCuUFD5YWF6Zu75ZmoIFdpcmVsZXNzIENoYXJnZXIgU3RhbmQg77yI44Ob44Ov44Kk44OI77yJIEVQLU5HOTMwVFdKR0pQ77ya44K944OV44Oe44OD44OX5qW95aSp5biC5aC05bqX,44K944OV44Oe44OD44OXU29mbWFw44OR44K944Kz44Oz44K/44OW44Os44OD44OIUENIRETjgqLjgrvjg7Pjg5bjg6rjg5Hjg7zjg4Tjg5Hjgr3jgrPjg7Pjg5Hjg7zjg4Tjg4bjg6zjg5PjgrLjg7zjg6Djg5bjg6vjg7zjg6zjgqTjgr3jg5Xjg4hEVkTjgr3jg5Xjg4jmtrLmmbbjg4bjg6zjg5Pjg5bjg6vjg7zjg6zjgqTjg4fjgqPjgrnjgq/jg6zjgrPjg7zjg4Djg7zjg4fjgrjjgr/jg6vkuIDnnLzjg6zjg5Xjgqvjg6Hjg6njg4fjgrjjgr/jg6vjgqvjg6Hjg6nlrrbpm7vmmYLoqIjkuK3lj6TjgqLjgqbjg4jjg6zjg4Pjg4hpUGFkaVBob25lU0FNU1VOR+OAkEdhbGF4eee0lOato+OAkeeEoeaOpeeCue+8u1Fp5a++5b+c77y9IOeEoeaOpeeCuUFD5YWF6Zu75ZmoIFdpcmVsZXNzIENoYXJnZXIgU3RhbmQg77yI44Ob44Ov44Kk44OI77yJIEVQLU5HOTMwVFdKR0pQ,U0FNU1VOR+OAkEdhbGF4eee0lOato+OAkeeEoeaOpeeCue+8u1Fp5a++5b+c77y9IOeEoeaOpeeCuUFD5YWF6Zu75ZmoIFdpcmVsZXNzIENoYXJnZXIgU3RhbmQg77yI44Ob44Ov44Kk44OI77yJIEVQLU5HOTMwVFdKR0pQ[rn]
16-187180,aHR0cDovL3RzaG9wLnIxMHMuanAvZHRjL2NhYmluZXQvMjAxNzAxMjduNS80OTYwNjY0NzU5ODA0LmpwZz9maXRpbj03MDA6NzAw,NTQ0LjAwMDA=,,44K544Oe44O844OI44OV44Kp44Oz44O744K/44OW44Os44OD44OIID4g44K544Oe44O844OI44OV44Kp44Oz44Ki44Kv44K744K144Oq44O8ID4g44Gd44Gu5LuW,5Lqs44K744Op44CQYXXntJTmraPjgJEg5Y2T5LiK44Ob44Or44OA44CAS1lGMzFQVUE=,,44CUYXXntJTmraPjgJU8YnI+5Y2T5LiK44Ob44Or44OA44CCPGJyPjxicj7ilqDlr77lv5zmqZ/nqK48YnI+R1JBVElOQSA0Rw==,5Lqs44K744Op44CQYXXntJTmraPjgJEg5Y2T5LiK44Ob44Or44OA44CAS1lGMzFQVUHvvJrjgr3jg5Xjg57jg4Pjg5fmpb3lpKnluILloLTlupc=,44K944OV44Oe44OD44OXU29mbWFw44OR44K944Kz44Oz44K/44OW44Os44OD44OIUENIRETjgqLjgrvjg7Pjg5bjg6rjg5Hjg7zjg4Tjg5Hjgr3jgrPjg7Pjg5Hjg7zjg4Tjg4bjg6zjg5PjgrLjg7zjg6Djg5bjg6vjg7zjg6zjgqTjgr3jg5Xjg4hEVkTjgr3jg5Xjg4jmtrLmmbbjg4bjg6zjg5Pjg5bjg6vjg7zjg6zjgqTjg4fjgqPjgrnjgq/jg6zjgrPjg7zjg4Djg7zjg4fjgrjjgr/jg6vkuIDnnLzjg6zjg5Xjgqvjg6Hjg6njg4fjgrjjgr/jg6vjgqvjg6Hjg6nlrrbpm7vmmYLoqIjkuK3lj6TjgqLjgqbjg4jjg6zjg4Pjg4hpUGFkaVBob25l5Lqs44K744Op44CQYXXntJTmraPjgJEg5Y2T5LiK44Ob44Or44OA44CAS1lGMzFQVUE=,5Lqs44K744Op44CQYXXntJTmraPjgJEg5Y2T5LiK44Ob44Or44OA44CAS1lGMzFQVUE=[rn]
16-187181,aHR0cDovL3RzaG9wLnIxMHMuanAvZHRjL2NhYmluZXQvMjAxNzAxMjBtLzQ1NzMxOTExMDAwNjUuanBnP2ZpdGluPTcwMDo3MDA=,MjkzNi4wMDAw,,44K544Oe44O844OI44OV44Kp44Oz44O744K/44OW44Os44OD44OIID4g44K544Oe44O844OI44OV44Kp44Oz44Ki44Kv44K744K144Oq44O8ID4g44Gd44Gu5LuW,UVJJT1FyaW8gU21hcnQgVGFnICjjgq3jg6Xjg6rjgqrjg7vjgrnjg57jg7zjg4jjgr/jgrApIFEtU1QxLUxZIOODqeOCpOODoOOCpOOCqOODreODvCDjgJDml6XmnKzoo73jgJE=,,4pag44Oi44OO44Go44K544Oe44Ob44GM44Gk44Gq44GM44KL5a6J5b+DPGJyPuOAjFFyaW8gU21hcnQgVGFn77yI44Kt44Ol44Oq44Kq44K544Oe44O844OI44K/44Kw77yJ44CN44Gv44CB44Oi44OO44Go44K544Oe44Ob44KS44Gk44Gq44GS44KL44Ki44Kv44K744K144Oq44O844Gn44GZ44CCPGJyPuWwgueUqOOCouODl+ODquOBi+OCieOCueODnuODvOODiOOCv+OCsOOBruODluOCtuODvOOCkumztOOCieOBl+OBn+OCiuOAgeWcsOWbs+S4iuOBi+OCieOCueODnuODvOODiOOCv+OCsOOBruOBguOCiuOBi+OCkuaOouOBl+OBn+OCiuOBl+OBpuOAgeaOouOBl+OCguOBruOCkuOBmeOBkOOBq+imi+OBpOOBkeOCieOCjOOBvuOBmeOAgjxicj7lpKfliIfjgarjg6Ljg47jgoTjgYTjgaTjgoLmjqLjgZfjgabjgbDjgYvjgorjgYTjgovjgoLjga7jgavjgrnjg57jg7zjg4jjgr/jgrDjgpLjgaTjgZHjgabjgb/jgabjgY/jgaDjgZXjgYTjgII8YnI+PGJyPu+8iuOCueODnuODvOODiOOCv+OCsOOBr+OCueODnuODm+OBrkdQU+OCkuWIqeeUqOOBl+OBpuS9jee9ruaDheWgseOCkuWPluW+l+OBl+OBvuOBmeOAguOCueODnuODvOODiOOCv+OCsOiHquS9k+OBq+OBr0dQU+ODpuODi+ODg+ODiOOBr+WQq+OBvuOCjOOBpuOBiuOCiuOBvuOBm+OCk+OBruOBp+OBlOazqOaEj+OBj+OBoOOBleOBhOOAgjxicj48YnI+4pag44K544Oe44Ob44GL44KJ44K/44Kw44KS44CB44K/44Kw44GL44KJ44K544Oe44Ob44KS5o6i44Gb44G+44GZPGJyPuWHuuOBjOOBkeOBq+WutuOBruOCq+OCruOBjOimi+OBpOOBi+OCieOBmuOAgeOBguOCj+OBpuOBn+e1jOmok+OBguOCiuOBvuOBm+OCk+OBi++8nzxicj7jgZ3jgpPjgarmmYLjgIFRcmlvIFNtYXJ0IFRhZyDjgpLjgqvjgq7jgavjgaTjgZHjgabjgYrjgZHjgbDjgIHjgqLjg5fjg6rjgYvjgonjgrnjg57jg7zjg4jjgr/jgrDjgpLps7TjgonjgZfjgabopovjgaTjgZHjgovjgZPjgajjgYzjgafjgY3jgb7jgZnjgII8YnI+44G+44Gf44CBUXJpbyBTbWFydCBUYWcg44Gv44CB44K544Oe44O844OI44K/44Kw44GL44KJ44K544Oe44Ob44KS6bO044KJ44GX44Gm5o6i44GZ44GT44Go44KC44Gn44GN44KL44Gu44Gn44CB44CM44GC44KM77yf44K544Oe44Ob44GM44Gq44GE44CN44Gr44KC5a++5b+c44Gn44GN44KL44Gu44GM54m55b6044Gn44GZ44CCPGJyPjxicj7ilqDmnIDlvozjgavmiYvlhYPjgYvjgonpm6LjgozjgZ/loLTmiYDjgYzjgo/jgYvjgorjgb7jgZk8YnI+5pyA5b6M44Gr44K544Oe44Ob44Go44K/44Kw44Gu6YCa5L+h44GM5YiH44KM44Gf5aC05omA44GM6KiY6Yyy44GV44KM44G+44GZ44CCPGJyPuWkp+WIh+OBquODouODjuOCkuOAgeWutuOBq+e9ruOBjeW/mOOCjOOBn++8n+OAgOWtpuagoeOChOOCquODleOCo+OCueOBq+e9ruOBjeW/mOOCjOOBn++8n+OAgOOBneOCjOOBqOOCguaYqOaXpeOBruOBiuW6l+OBq++8nzxicj7mjqLjgZfjg6Ljg47jga7lpKfjgY3jgarjg5Ljg7Pjg4jjgpLlvpfjgovjgZPjgajjgYzjgafjgY3jgb7jgZnjgII8YnI+PGJyPuKWoFFyaW8gU21hcnQgVGFnIOOBr+mbu+axoOS6pOaPm+W8j+OAguOBoOOBi+OCiemVt+OBj+S9v+OBo+OBpuOBhOOBn+OBoOOBkeOBvuOBmTxicj7lpKfliIfjgarjg6Ljg47jgavjgaTjgarjgYTjgafkvb/jgaPjgabjgYTjgZ/jgaDjgY3jgZ/jgYQgUXJpbyBTbWFydCBUYWcg44CC5aSn5YiH44Gq44Oi44OO44Go5LiA57eS44Gg44GL44KJ44CB6ZW344GP5L2/44Gj44Gm44GE44Gf44Gg44GN44Gf44GE44CCPGJyPuOBoOOBi+OCieOBlOiHqui6q+OBp+mbu+axoOS6pOaPm+OBjOOBp+OBjeOCi+OCiOOBhuOBq+OBl+OBvuOBl+OBn+OAgjxicj7nsKHljZjjgarmiYvpoIbjgafjg6rjg5zjg7Pjga7kuqTmj5vjgoLjgafjgY3jgovjgojjgYbjgavjgarjgaPjgabjgYTjgb7jgZnjga7jgafjgIHkuJbnlYzjgavjgbLjgajjgaTjgaDjgZHjga7jgqrjg6rjgrjjg4rjg6vjgr/jgrDjgbjjgqvjgrnjgr/jg57jgqTjgrrjgoLjgafjgY3jgb7jgZnjgII8YnI+PGJyPuKWoOODnOOCv+ODs+OBsuOBqOOBpOOBp+ewoeWNmOiHquaSruOCijxicj5RcmlvIFNtYXJ0IFRhZyDjga7jg5zjgr/jg7Pjga/jgIHjgrnjg57jg5vjga7jgqvjg6Hjg6njga7jgrfjg6Pjg4Pjgr/jg7zjgavjgoLjgarjgorjgb7jgZnjgII8YnI+44Gh44KH44Gj44Go6Zui44KM44Gf5aC05omA44GL44KJ44KC44CB6Ieq54S244Gq5L2T5Yui44Gn44K344Oj44OD44K/44O844GM5YiH44KM44G+44GZ44CCPGJyPjxicj7ilqDlronlv4Pjga7ml6XmnKzoo708YnI+UXJpbyBTbWFydCBUYWcg44Gu44OH44K244Kk44Oz44Gv44CB44K944OL44O844Gu44OH44K244Kk44Oz44OB44O844Og44GM5ouF5b2T44GX44G+44GX44Gf44CCPGJyPuOBvuOBn+aXpeacrOWbveWGheOBp+ioreioiOOBqOijvemAoOOCguihjOOBo+OBpuOBhOOCi+OAgeWuieW/g+OBruaXpeacrOijveOBp+OBmeOAgjxicj48YnI+44CQ6KO95ZOB5LuV5qeY44CRPGJyPuOCteOCpOOCuu+8mlvjgrHjg7zjgrld6ZW344GVNDZtbSDluYUyNm1tIOWOmuOBlTguNW1t44CBW+ODquODnOODs13plbfjgZU1MG1tIOW5hTltbTxicj7ph43jgZXvvJoxMGcoQ1IyMDMy44Oq44OB44Km44Og6Zu75rGgKDNnKeWQq+OCgCk8YnI+57Sg5p2Q77yaW+OCseODvOOCuV1BQlPmqLnohILnrYnjgIFb44Oq44Oc44OzXeOCouOCr+ODquODqzxicj7lr77lv5xPU++8mmlPUyA5LjPku6XkuIrjgIFBbmRyb2lkIDQuNOS7peS4ijxicj7pgJrkv6HvvJpCbHVldG9vdGggNC4wIExvdyBFbmVyZ3kgKEJMRSk8YnI+5LuY5bGe5ZOB77ya5pys5L2T44CB44Oq44Oc44Oz44CB44Kt44O844Oq44Oz44Kw44CB6Zu75rGgKENSMjAzMinjgIHlj5bmibHoqqzmmI7mm7g=,UVJJT1FyaW8gU21hcnQgVGFnICjjgq3jg6Xjg6rjgqrjg7vjgrnjg57jg7zjg4jjgr/jgrApIFEtU1QxLUxZIOODqeOCpOODoOOCpOOCqOODreODvCDjgJDml6XmnKzoo73jgJHvvJrjgr3jg5Xjg57jg4Pjg5fmpb3lpKnluILloLTlupc=,44K944OV44Oe44OD44OXU29mbWFw44OR44K944Kz44Oz44K/44OW44Os44OD44OIUENIRETjgqLjgrvjg7Pjg5bjg6rjg5Hjg7zjg4Tjg5Hjgr3jgrPjg7Pjg5Hjg7zjg4Tjg4bjg6zjg5PjgrLjg7zjg6Djg5bjg6vjg7zjg6zjgqTjgr3jg5Xjg4hEVkTjgr3jg5Xjg4jmtrLmmbbjg4bjg6zjg5Pjg5bjg6vjg7zjg6zjgqTjg4fjgqPjgrnjgq/jg6zjgrPjg7zjg4Djg7zjg4fjgrjjgr/jg6vkuIDnnLzjg6zjg5Xjgqvjg6Hjg6njg4fjgrjjgr/jg6vjgqvjg6Hjg6nlrrbpm7vmmYLoqIjkuK3lj6TjgqLjgqbjg4jjg6zjg4Pjg4hpUGFkaVBob25lUVJJT1FyaW8gU21hcnQgVGFnICjjgq3jg6Xjg6rjgqrjg7vjgrnjg57jg7zjg4jjgr/jgrApIFEtU1QxLUxZIOODqeOCpOODoOOCpOOCqOODreODvCDjgJDml6XmnKzoo73jgJE=,UVJJT1FyaW8gU21hcnQgVGFnICjjgq3jg6Xjg6rjgqrjg7vjgrnjg57jg7zjg4jjgr/jgrApIFEtU1QxLUxZIOODqeOCpOODoOOCpOOCqOODreODvCDjgJDml6XmnKzoo73jgJE=[rn]
16-187182,aHR0cDovL3RzaG9wLnIxMHMuanAvZHRjL2NhYmluZXQvMjAxNTExMjRyLzQ1ODIyNTM1NDIwMjYuanBnP2ZpdGluPTcwMDo3MDA=,MTgxOS4yMDAw,,44K544Oe44O844OI44OV44Kp44Oz44O744K/44OW44Os44OD44OIID4g44K544Oe44O844OI44OV44Kp44Oz44Ki44Kv44K744K144Oq44O8ID4g44Gd44Gu5LuW,SkFCUkHjgrnjg57jg7zjg4jjg5Xjgqnjg7Plr77lv5zvvLtCbHVldG9vdGg0LjDvvL0g54mH6ICz44OY44OD44OJ44K744OD44OIIFVTQuWFhembu+OCseODvOODluODq+S7mCDvvIjjg5bjg6njg4Pjgq/vvIkgSkFCUkEgTUlOSSBKTU5JVUJL,44CA,44CU44K544Oe44O844OI44OV44Kp44Oz5a++5b+c77y7Qmx1ZXRvb3RoNC4w77y977ya54mH6ICz5o6b44GR77yI6YCa6Kmx44O76Z+z5qW977yJ44CV44Kv44Oq44Ki44Gq6Z+z5aOw44CB44OP44Oz44K644OV44Oq44O86YCa6Kmx77yB5omL44Gu44Gy44KJ44Gr5Y+O44G+44KL44K144Kk44K644Gu55u06Kaz55qE44Gr5L2/55So44Gn44GN44KLIEJsdWV0b290aOWvvuW/nOODmOODg+ODieOCu+ODg+ODiOOAgg==,SkFCUkHjgrnjg57jg7zjg4jjg5Xjgqnjg7Plr77lv5zvvLtCbHVldG9vdGg0LjDvvL0g54mH6ICz44OY44OD44OJ44K744OD44OIIFVTQuWFhembu+OCseODvOODluODq+S7mCDvvIjjg5bjg6njg4Pjgq/vvIkgSkFCUkEgTUlOSSBKTU5JVUJL77ya44K944OV44Oe44OD44OX5qW95aSp5biC5aC05bqX,44K944OV44Oe44OD44OXU29mbWFw44OR44K944Kz44Oz44K/44OW44Os44OD44OIUENIRETjgqLjgrvjg7Pjg5bjg6rjg5Hjg7zjg4Tjg5Hjgr3jgrPjg7Pjg5Hjg7zjg4Tjg4bjg6zjg5PjgrLjg7zjg6Djg5bjg6vjg7zjg6zjgqTjgr3jg5Xjg4hEVkTjgr3jg5Xjg4jmtrLmmbbjg4bjg6zjg5Pjg5bjg6vjg7zjg6zjgqTjg4fjgqPjgrnjgq/jg6zjgrPjg7zjg4Djg7zjg4fjgrjjgr/jg6vkuIDnnLzjg6zjg5Xjgqvjg6Hjg6njg4fjgrjjgr/jg6vjgqvjg6Hjg6nlrrbpm7vmmYLoqIjkuK3lj6TjgqLjgqbjg4jjg6zjg4Pjg4hpUGFkaVBob25lSkFCUkHjgrnjg57jg7zjg4jjg5Xjgqnjg7Plr77lv5zvvLtCbHVldG9vdGg0LjDvvL0g54mH6ICz44OY44OD44OJ44K744OD44OIIFVTQuWFhembu+OCseODvOODluODq+S7mCDvvIjjg5bjg6njg4Pjgq/vvIkgSkFCUkEgTUlOSSBKTU5JVUJL,44CA44CCSkFCUkHjgrnjg57jg7zjg4jjg5Xjgqnjg7Plr77lv5zvvLtCbHVldG9vdGg0LjDvvL0g54mH6ICz44OY44OD44OJ44K744OD44OIIFVTQuWFhembu+OCseODvOODluODq+S7mCDvvIjjg5bjg6njg4Pjgq/vvIkgSkFCUkEgTUlOSSBKTU5JVUJL[rn]
16-187183,aHR0cDovL3RzaG9wLnIxMHMuanAvZHRjL2NhYmluZXQvMjAxNzAxMjBtLzM3NjAwNzcxMjAyMzYuanBnP2ZpdGluPTcwMDo3MDA=,NDI3Mi4wMDAw,,44K544Oe44O844OI44OV44Kp44Oz44O744K/44OW44Os44OD44OIID4g44K544Oe44O844OI44OV44Kp44Oz44Ki44Kv44K744K144Oq44O8ID4g44Gd44Gu5LuW,V0lTVElLSSDjgJRpT1PvvI9BbmRyb2lk44Ki44OX44Oq44CVIOaOouOBl+ODouODjueZuuimiyBXaXN0aWtpIHZvaWxh77yBIOODtOOCoeOCpOOCquODrOODg+ODiCBXU1RLMTZWVg==,,44CUaU9T77yPQW5kcm9pZOOCouODl+ODqu+8u0JsdWV0b290aDQuMO+8ve+8muW/mOOCjOeJqemYsuatouOCv+OCsOOAlTxicj7pjbXjgoTlgpjjgIHjganjgpPjgarmjIHjgaHnianjgavjgoLkvLzlkIjjgYbjgZnjgaPjgY3jgorjgajjgZfjgZ/jg4fjgrbjgqTjg7PjgILjgIxXaXN0aWtp77yI44Km44Kj44K544OG44Kj44Kt77yJ44CNPGJyPjxicj7ilqAg5o6i44GX44Oi44OO5ZG85Ye644CMOTBkQuOBp+ODj+ODg+OCreODquOCj+OBi+OCi+OAjTxicj7jgrnjg57jg5vjgoTjgr/jg5bjg6zjg4Pjg4jjgYvjgonjgqbjgqPjgrnjg4bjgqPjgq3jgavjgqLjgq/jgrvjgrnjgILjgqrjg6rjgrjjg4rjg6vlkbzlh7rjg5njg6vjgpLps7TjgonjgZfjgZnjgZDjgavmjqLjgZfjg6Ljg47jgpLopovjgaTjgZHjgonjgozjgb7jgZnjgII8YnI+4pagIOOCueODnuODm+WRvOWHuuOAjFdpc3Rpa2njgYvjgonmjqLjgZvjgovjgI08YnI+44K544Oe44Ob44KE44K/44OW44Os44OD44OI44GM6KaL5b2T44Gf44KJ44Gq44GE44Go44GN44Gv44CB44Km44Kj44K544OG44Kj44Kt44GL44KJ6bO044KJ44GZ44GT44Go44KC44Gn44GN44G+44GZ44CCPGJyPuKWoCBHUFPooajnpLrjgIxNQVDjgafkvY3nva7jgYzjgo/jgYvjgovjgI08YnI+5L6L44GI44Gw5aSn5YiH44Gq44Oi44OO44KS572u44GN5b+Y44KM44Gm44GX44G+44Gj44Gf5pmC44Gr44Gv44CB44Ki44OX44Oq44KS6YCa44GX44Gm5pyA5b6M44Gr6YCa5L+h44GX44Gf5L2N572u44KS56K66KqN44Gn44GN44G+44GZ44CCPGJyPuKAuyDoo73lk4HjgatHUFPmqZ/og73jga/mkK3ovInjgZfjgabjgYrjgorjgb7jgZvjgpPjgII8YnI+4pagIOW/mOOCjOeJqemYsuatouOCouODqeODvOODiOOAjOmbouOCjOOBmeOBjuOCi+OBqOaVmeOBiOOBpuOBj+OCjOOCi+OAjTxicj5XaXN0aWtp44Go44K544Oe44Ob44KE44K/44OW44Os44OD44OI44GuQmx1ZXRvb3Ro6YCa5L+h44GM6YCU5YiH44KM44KL44Go44CB44Oh44OD44K744O844K444KS6KGo56S644GX44G+44GZ44CCPGJyPuKWoCDov5HjgaXjgY3jgqLjg6njg7zjg4jjgIzmjqXov5HjgpLmlZnjgYjjgabjgY/jgozjgovjgI08YnI+56m65riv44Gu44K/44O844Oz44OG44O844OW44Or44Gq44Gp44Gn44CB6I2354mp44Gr44Gk44GR44Gm44GK44GR44Gw44CB6L+R44Gl44GE44Gf44Go44GN44Gr55+l44KJ44Gb44G+44GZ44CCPGJyPjxicj7jgJDoo73lk4Hku5Xmp5jjgJE8YnI+44K144Kk44K677ya57imNjJtbcOX5qiqMjNtbcOX5Y6a44GVNm1tPGJyPumHjeOBle+8mjExZzxicj7pm7vmsaDjgr/jgqTjg5fvvJpDUjIwMzIo6Zu75rGg5Lqk5o+b5LiN5Y+vKSDntIQy5bm06ZaT77yI4oC75Yip55So54q25rOB44Gr44KI44KK5aSJ5YyW44GX44G+44GZ44CC77yJPGJyPuiAkOiNt+mHje+8muODquODs+OCsOetieOCkumAmuOBl+OBn+OBtuOCieS4i+OBkuaZguiAkOiNt+mHje+8mjEza2fjgIHouI/jgb/jgaTjgZHmmYLjga7ogJDojbfph43vvJo1MGtnPGJyPumYsuawtO+8mumYsuawtOS7leanmDxicj7pgJrkv6HmnInlirnot53pm6LvvJrmnIDlpKcxMDBt77yI55CG6KuW5YCk44CC5o6l57aa5qmf5Zmo44O75L2/55So55Kw5aKD44Gr5L6d5a2Y44GX44G+44GZ77yJPGJyPumAmuS/oeaWueazle+8mkJsdWV0b290aDQuMChCbHVldG9vdGggTG93IEVuZXJneTxicj7lr77lv5xPU++8mmlPUzjjgIFBbmRyb2lkNC40LjLku6XkuIo8YnI+44K944OV44OI44Km44Kn44Ki77yaV0lTVElLSSBCWSBTVEFSQ0vjgqLjg5fjg6o8YnI+6KO95ZOB5L+d6Ki877ya6LO85YWl5b6MMeW5tA==,V0lTVElLSSDjgJRpT1PvvI9BbmRyb2lk44Ki44OX44Oq44CVIOaOouOBl+ODouODjueZuuimiyBXaXN0aWtpIHZvaWxh77yBIOODtOOCoeOCpOOCquODrOODg+ODiCBXU1RLMTZWVu+8muOCveODleODnuODg+ODl+alveWkqeW4guWgtOW6lw==,44K944OV44Oe44OD44OXU29mbWFw44OR44K944Kz44Oz44K/44OW44Os44OD44OIUENIRETjgqLjgrvjg7Pjg5bjg6rjg5Hjg7zjg4Tjg5Hjgr3jgrPjg7Pjg5Hjg7zjg4Tjg4bjg6zjg5PjgrLjg7zjg6Djg5bjg6vjg7zjg6zjgqTjgr3jg5Xjg4hEVkTjgr3jg5Xjg4jmtrLmmbbjg4bjg6zjg5Pjg5bjg6vjg7zjg6zjgqTjg4fjgqPjgrnjgq/jg6zjgrPjg7zjg4Djg7zjg4fjgrjjgr/jg6vkuIDnnLzjg6zjg5Xjgqvjg6Hjg6njg4fjgrjjgr/jg6vjgqvjg6Hjg6nlrrbpm7vmmYLoqIjkuK3lj6TjgqLjgqbjg4jjg6zjg4Pjg4hpUGFkaVBob25lV0lTVElLSSDjgJRpT1PvvI9BbmRyb2lk44Ki44OX44Oq44CVIOaOouOBl+ODouODjueZuuimiyBXaXN0aWtpIHZvaWxh77yBIOODtOOCoeOCpOOCquODrOODg+ODiCBXU1RLMTZWVg==,V0lTVElLSSDjgJRpT1PvvI9BbmRyb2lk44Ki44OX44Oq44CVIOaOouOBl+ODouODjueZuuimiyBXaXN0aWtpIHZvaWxh77yBIOODtOOCoeOCpOOCquODrOODg+ODiCBXU1RLMTZWVg==[rn]
16-187184,aHR0cDovL3RzaG9wLnIxMHMuanAvZHRjL2NhYmluZXQvMjAxNzAyMDduOS80OTQyODU3MTc5NjUxLmpwZz9maXRpbj03MDA6NzAw,NTU4NC4wMDAw,,44K544Oe44O844OI44OV44Kp44Oz44O744K/44OW44Os44OD44OIID4g44K544Oe44O844OI44OV44Kp44Oz44Ki44Kv44K744K144Oq44O8ID4g44Gd44Gu5LuW,TlRUIERvQ29Nb+OAkOODieOCs+ODoue0lOato+OAkeOAgGRUVuOCv+ODvOODn+ODiuODqyBkVFYgMDE=,44CA,44CU44OJ44Kz44Oi57SU5q2j44CVCmRUVueUqOOCv+ODvOODn+ODiuODqyBkVFYgMDHjgII=,TlRUIERvQ29Nb+OAkOODieOCs+ODoue0lOato+OAkeOAgGRUVuOCv+ODvOODn+ODiuODqyBkVFYgMDHvvJrjgr3jg5Xjg57jg4Pjg5fmpb3lpKnluILloLTlupc=,44K944OV44Oe44OD44OXU29mbWFw44OR44K944Kz44Oz44K/44OW44Os44OD44OIUENIRETjgqLjgrvjg7Pjg5bjg6rjg5Hjg7zjg4Tjg5Hjgr3jgrPjg7Pjg5Hjg7zjg4Tjg4bjg6zjg5PjgrLjg7zjg6Djg5bjg6vjg7zjg6zjgqTjgr3jg5Xjg4hEVkTjgr3jg5Xjg4jmtrLmmbbjg4bjg6zjg5Pjg5bjg6vjg7zjg6zjgqTjg4fjgqPjgrnjgq/jg6zjgrPjg7zjg4Djg7zjg4fjgrjjgr/jg6vkuIDnnLzjg6zjg5Xjgqvjg6Hjg6njg4fjgrjjgr/jg6vjgqvjg6Hjg6nlrrbpm7vmmYLoqIjkuK3lj6TjgqLjgqbjg4jjg6zjg4Pjg4hpUGFkaVBob25lTlRUIERvQ29Nb+OAkOODieOCs+ODoue0lOato+OAkeOAgGRUVuOCv+ODvOODn+ODiuODqyBkVFYgMDE=,44CA44CCTlRUIERvQ29Nb+OAkOODieOCs+ODoue0lOato+OAkeOAgGRUVuOCv+ODvOODn+ODiuODqyBkVFYgMDE=[rn]
16-187185,aHR0cDovL3RzaG9wLnIxMHMuanAvZHRjL2NhYmluZXQvMjAxNzAyMDduMjIvNDk4Njc3MzE2MDMxNy5qcGc/Zml0aW49NzAwOjcwMA==,ODk3MC40MDAw,,44K544Oe44O844OI44OV44Kp44Oz44O744K/44OW44Os44OD44OIID4g44K544Oe44O844OI44OV44Kp44Oz44Ki44Kv44K744K144Oq44O8ID4g44Gd44Gu5LuW,44CQ6YCB5paZ54Sh5paZ44CRU0FNU1VORyBHYWxheHkgUzcgZWRnZe+8j0dhbGF4eSBTNu+8j1M2IGVkZ2XnlKggR2FsYXh5IEdlYXIgVlIgU00tUjMyM05CS0FYSlAgKFNNUjMyM05CS0FYSlAp,,4pag5pig5YOP44Gr44CB44KI44KK5rex44GP5rKh5YWl44Gn44GN44KLPGJyPuODrOODs+OCuuOBruebtOW+hOOCkuOBsuOCjeOBkuOAgeimlumHjuinkuaLoeWkp+OAguOBleOCieOBq+OAgeaYoOWDj+ODieODg+ODiOaEn+OCkua4m+OCieOBl+OAgeWGhemDqOiJsuOCkuaal+OBj+OBl+OBpuWFieOBruWPjeWwhOOCgui7vea4m+OAguimi+OChOOBmeOBleOBrumAsuWMluOBq+OCiOOCiuOAgemRkeiznuOBqOOBhOOBhuOCiOOCiuOAgeaYoOWDj+OBruS4reOBq+WFpeOCiui+vOOCk+OBp+OBhOOCi+aEn+immuOBjOmrmOOBvuOCiuOBvuOBl+OBn+OAgjxicj48YnI+4pag5b+r6YGp44Gq552A44GR44GU44GT44Gh44Go6KaW6IG05oSfPGJyPuS6uumWk+W3peWtpuOBq+WfuuOBpeOBj+ioreioiOOBp+OAgeOBleOBvuOBluOBvuOBqumhlOOBruW9ouOBq+ODleOCo+ODg+ODiOOAguWklumDqOOBi+OCieOBruWFieOBrua8j+OCjOOBjOa4m+WwkeOBl+OBvuOBl+OBn+OAguODleOCp+OCpOOCueODleOCqeODvOODoOOCguawl+aMgeOBoeOBruiJr+OBhOOChOOCj+OCieOBi+OBleOCkuWun+ePvuOAguOBhOOCj+OChuOCi+OAjFZS6YWU44GE44CN44KC5pyA5bCP5YyW44KS55uu5oyH44GX44G+44GX44Gf44CCPGJyPjxicj7ilqDkvb/jgYTli53miYvjgoLmi6HlvLXmgKfjgoLpgLLljJY8YnI+44Ob44O844Og44Oc44K/44Oz44Gu6L+95Yqg44Gn5L2/44GE5Yud5omL44GM5qC85q6144Gr5ZCR5LiK44CCPGJyPuOCv+ODg+ODgeODkeODg+ODieaLoeWkp+OBq+OCiOOCiuOAgeS9v+OBhOOChOOBmeOBleOBqOaTjeS9nOaEn+OCkuOCouODg+ODl+OAgjxicj5VU0IgSHViMi4w5o6h55So44CC5qeY44CF44Gq5qmf5Zmo44Gn5ouh5by144GM5Y+v6IO944Gr44CCPGJyPjxicj7ilqBHYWxheHkgUzcgZWRnZSDjgpLoo4XnnYDjgZnjgovjgaDjgZE8YnI+R2FsYXh5IFM2L1M2IGVkZ2Ug44KC6KOF552A44Gn44GN44G+44GZ44CC77yI5a++5b+c44OH44OQ44Kk44K544Gv44Oh44O844Kr44O844Ob44O844Og44Oa44O844K444KS44Gn5pyA5paw5oOF5aCx44KS44GU56K66KqN44GP44Gg44GV44GE77yJPGJyPjxicj7ilqDjgZ7jgY/jgZ7jgY/lopfjgYjjgovjgrPjg7Pjg4bjg7Pjg4TjgoTmhJ/li5Xjga7lhbHmnInjgpLjg6Ljg47jgavjgZfjgojjgYY8YnI+44K544Od44O844OE44CB44Op44Kk44OW44Gq44Gp44Gu6LGK5a+M44Gq44Kz44Oz44OG44Oz44OE44GM6L+r5Yqb44Gu77yT77yW77yQwrDmmKDlg4/jgafmpb3jgZfjgoHjgovjgIJGYWNlYm9va+OBquOBqeOBru+8k++8lu+8kMKw5YuV55S744GM5omL6Lu944Gr6ZGR6LOe44Gn44GN44KL44CC5paw44GX44GER2VhciBWUiDjgarjgonjgIHmlrDjgZfjgYTmpb3jgZfjgb/jgYzjgZ/jgY/jgZXjgpPopovjgaTjgYvjgorjgb7jgZnjgII8YnI+PGJyPuKWoEdhbGF4eSBHZWFyIDM2MCDjgafmm7Tjgavmpb3jgZfjgY88YnI+R2VhciAzNjDjgafmkq7jgaPjgZ/oh6rliIbjgaDjgZHjga7vvJPvvJbvvJDCsOaYoOWDj+OCkuOAgUdlYXIgVlIg44Gn5qW944GX44KB44G+44GZ44CCPGJyPjxicj7ilqDjgrXjgqTjgrrvvJog57SEIDIwNy44w5c5OC42w5cxMjIuNTxicj7ilqDph43ph4/vvJrntIQgMzQ1ZyAo44OV44Ot44Oz44OI44Kr44OQ44O854Sh44GX44Gu5aC05ZCIIDMxMmcpPGJyPuKWoOaQrei8ieOCu+ODs+OCteODvO+8muWKoOmAn+W6puOCu+ODs+OCteODvOOAgeOCuOODo+OCpOODreOCu+ODs+OCteODvOOAgei/keaOpeOCu+ODs+OCteODvDxicj7ilqDoppbph47op5LvvJoxMDHCsDxicj7ilqDjg6zjg7Pjgrrnm7TlvoTvvJo0Mm1tPGJyPuKWoOS7mOWxnuWTge+8muODiOODg+ODl+ODmOODg+ODieOCueODiOODqeODg+ODl+OAgeODoeOCpOODs+OCueODiOODqeODg+ODl+OAgeWPluaJseiqrOaYjuabuOOAgeS/neiovOabuOOAgVVTQuOCouOCv+ODg+ODgeODoeODs+ODiDxicj7ilqDjgqvjg6njg7zvvJpCbHVlIEJsYWNrICjjg5bjg6vjg7zjg5bjg6njg4Pjgq8pPGJyPuKWoOWvvuW/nOODh+ODkOOCpOOCue+8mkdhbGF4eSBTNyBlZGdl77yPR2FsYXh5IFM277yPUzYgZWRnZQ==,44CQ6YCB5paZ54Sh5paZ44CRU0FNU1VORyBHYWxheHkgUzcgZWRnZe+8j0dhbGF4eSBTNu+8j1M2IGVkZ2XnlKggR2FsYXh5IEdlYXIgVlIgU00tUjMyM05CS0FYSlAgKFNNUjMyM05CS0FYSlAp77ya44K944OV44Oe44OD44OX5qW95aSp5biC5aC05bqX,44K944OV44Oe44OD44OXU29mbWFw44OR44K944Kz44Oz44K/44OW44Os44OD44OIUENIRETjgqLjgrvjg7Pjg5bjg6rjg5Hjg7zjg4Tjg5Hjgr3jgrPjg7Pjg5Hjg7zjg4Tjg4bjg6zjg5PjgrLjg7zjg6Djg5bjg6vjg7zjg6zjgqTjgr3jg5Xjg4hEVkTjgr3jg5Xjg4jmtrLmmbbjg4bjg6zjg5Pjg5bjg6vjg7zjg6zjgqTjg4fjgqPjgrnjgq/jg6zjgrPjg7zjg4Djg7zjg4fjgrjjgr/jg6vkuIDnnLzjg6zjg5Xjgqvjg6Hjg6njg4fjgrjjgr/jg6vjgqvjg6Hjg6nlrrbpm7vmmYLoqIjkuK3lj6TjgqLjgqbjg4jjg6zjg4Pjg4hpUGFkaVBob25l44CQ6YCB5paZ54Sh5paZ44CRU0FNU1VORyBHYWxheHkgUzcgZWRnZe+8j0dhbGF4eSBTNu+8j1M2IGVkZ2XnlKggR2FsYXh5IEdlYXIgVlIgU00tUjMyM05CS0FYSlAgKFNNUjMyM05CS0FYSlAp,44CQ6YCB5paZ54Sh5paZ44CRU0FNU1VORyBHYWxheHkgUzcgZWRnZe+8j0dhbGF4eSBTNu+8j1M2IGVkZ2XnlKggR2FsYXh5IEdlYXIgVlIgU00tUjMyM05CS0FYSlAgKFNNUjMyM05CS0FYSlAp[rn]
16-187186,aHR0cDovL3RzaG9wLnIxMHMuanAvZHRjL2NhYmluZXQvMjAxNTExMDZhLzQ1ODk5ODQ5MDEwMjMuanBnP2ZpdGluPTcwMDo3MDA=,MTAyNDAuMDAwMA==,,44K544Oe44O844OI44OV44Kp44Oz44O744K/44OW44Os44OD44OIID4g44K544Oe44O844OI44OV44Kp44Oz44Ki44Kv44K744K144Oq44O8ID4g44Gd44Gu5LuW,44CQ6YCB5paZ54Sh5paZ44CRR0vjgJRpT1PvvI9BbmRyb2lk44Ki44OX44Oq44CVIOODneODvOOCv+ODluODq+ODl+ODquODs+OCv+ODvCDjgIxwb21pbmnjgI0g44OU44Oz44KvIE1BLTEwMFBQ,44CA,44CU44K544Oe44O844OI44OV44Kp44Oz5a++5b+c77y7Qmx1ZXRvb3Ro77yPTkZD77y977ya44Oi44OQ44Kk44Or44OX44Oq44Oz44K/44O844CVCuWwgueUqOOCouODl+ODquOBp+OAgeODh+OCs+ODrOODvOOCt+ODp+ODs+OAgUJsdWV0b290aOOBp+OAgeOBhOOBpOOBp+OCguOBqeOBk+OBp+OCguaAneOBhOWHuuOBjOaJi+OBq+WFpeOCi+OAgg==,44CQ6YCB5paZ54Sh5paZ44CRR0vjgJRpT1PvvI9BbmRyb2lk44Ki44OX44Oq44CVIOODneODvOOCv+ODluODq+ODl+ODquODs+OCv+ODvCDjgIxwb21pbmnjgI0g44OU44Oz44KvIE1BLTEwMFBQ77ya44K944OV44Oe44OD44OX5qW95aSp5biC5aC05bqX,44K944OV44Oe44OD44OXU29mbWFw44OR44K944Kz44Oz44K/44OW44Os44OD44OIUENIRETjgqLjgrvjg7Pjg5bjg6rjg5Hjg7zjg4Tjg5Hjgr3jgrPjg7Pjg5Hjg7zjg4Tjg4bjg6zjg5PjgrLjg7zjg6Djg5bjg6vjg7zjg6zjgqTjgr3jg5Xjg4hEVkTjgr3jg5Xjg4jmtrLmmbbjg4bjg6zjg5Pjg5bjg6vjg7zjg6zjgqTjg4fjgqPjgrnjgq/jg6zjgrPjg7zjg4Djg7zjg4fjgrjjgr/jg6vkuIDnnLzjg6zjg5Xjgqvjg6Hjg6njg4fjgrjjgr/jg6vjgqvjg6Hjg6nlrrbpm7vmmYLoqIjkuK3lj6TjgqLjgqbjg4jjg6zjg4Pjg4hpUGFkaVBob25l44CQ6YCB5paZ54Sh5paZ44CRR0vjgJRpT1PvvI9BbmRyb2lk44Ki44OX44Oq44CVIOODneODvOOCv+ODluODq+ODl+ODquODs+OCv+ODvCDjgIxwb21pbmnjgI0g44OU44Oz44KvIE1BLTEwMFBQ,44CA44CC44CQ6YCB5paZ54Sh5paZ44CRR0vjgJRpT1PvvI9BbmRyb2lk44Ki44OX44Oq44CVIOODneODvOOCv+ODluODq+ODl+ODquODs+OCv+ODvCDjgIxwb21pbmnjgI0g44OU44Oz44KvIE1BLTEwMFBQ[rn]
16-187187,aHR0cDovL3RzaG9wLnIxMHMuanAvZHRjL2NhYmluZXQvMjAxNzAxMjBtLzM3NjAwNzcxMjAyNDMuanBnP2ZpdGluPTcwMDo3MDA=,NDI3Mi4wMDAw,,44K544Oe44O844OI44OV44Kp44Oz44O744K/44OW44Os44OD44OIID4g44K544Oe44O844OI44OV44Kp44Oz44Ki44Kv44K744K144Oq44O8ID4g44Gd44Gu5LuW,V0lTVElLSSDjgJRpT1PvvI9BbmRyb2lk44Ki44OX44Oq44CVIOaOouOBl+ODouODjueZuuimiyBXaXN0aWtpIHZvaWxh77yBIOOCquODrOODs+OCuCBXU1RLMTZWTw==,,44CUaU9T77yPQW5kcm9pZOOCouODl+ODqu+8u0JsdWV0b290aDQuMO+8ve+8muW/mOOCjOeJqemYsuatouOCv+OCsOOAlTxicj7pjbXjgoTlgpjjgIHjganjgpPjgarmjIHjgaHnianjgavjgoLkvLzlkIjjgYbjgZnjgaPjgY3jgorjgajjgZfjgZ/jg4fjgrbjgqTjg7PjgILjgIxXaXN0aWtp77yI44Km44Kj44K544OG44Kj44Kt77yJ44CNPGJyPjxicj7ilqAg5o6i44GX44Oi44OO5ZG85Ye644CMOTBkQuOBp+ODj+ODg+OCreODquOCj+OBi+OCi+OAjTxicj7jgrnjg57jg5vjgoTjgr/jg5bjg6zjg4Pjg4jjgYvjgonjgqbjgqPjgrnjg4bjgqPjgq3jgavjgqLjgq/jgrvjgrnjgILjgqrjg6rjgrjjg4rjg6vlkbzlh7rjg5njg6vjgpLps7TjgonjgZfjgZnjgZDjgavmjqLjgZfjg6Ljg47jgpLopovjgaTjgZHjgonjgozjgb7jgZnjgII8YnI+4pagIOOCueODnuODm+WRvOWHuuOAjFdpc3Rpa2njgYvjgonmjqLjgZvjgovjgI08YnI+44K544Oe44Ob44KE44K/44OW44Os44OD44OI44GM6KaL5b2T44Gf44KJ44Gq44GE44Go44GN44Gv44CB44Km44Kj44K544OG44Kj44Kt44GL44KJ6bO044KJ44GZ44GT44Go44KC44Gn44GN44G+44GZ44CCPGJyPuKWoCBHUFPooajnpLrjgIxNQVDjgafkvY3nva7jgYzjgo/jgYvjgovjgI08YnI+5L6L44GI44Gw5aSn5YiH44Gq44Oi44OO44KS572u44GN5b+Y44KM44Gm44GX44G+44Gj44Gf5pmC44Gr44Gv44CB44Ki44OX44Oq44KS6YCa44GX44Gm5pyA5b6M44Gr6YCa5L+h44GX44Gf5L2N572u44KS56K66KqN44Gn44GN44G+44GZ44CCPGJyPuKAuyDoo73lk4HjgatHUFPmqZ/og73jga/mkK3ovInjgZfjgabjgYrjgorjgb7jgZvjgpPjgII8YnI+4pagIOW/mOOCjOeJqemYsuatouOCouODqeODvOODiOOAjOmbouOCjOOBmeOBjuOCi+OBqOaVmeOBiOOBpuOBj+OCjOOCi+OAjTxicj5XaXN0aWtp44Go44K544Oe44Ob44KE44K/44OW44Os44OD44OI44GuQmx1ZXRvb3Ro6YCa5L+h44GM6YCU5YiH44KM44KL44Go44CB44Oh44OD44K744O844K444KS6KGo56S644GX44G+44GZ44CCPGJyPuKWoCDov5HjgaXjgY3jgqLjg6njg7zjg4jjgIzmjqXov5HjgpLmlZnjgYjjgabjgY/jgozjgovjgI08YnI+56m65riv44Gu44K/44O844Oz44OG44O844OW44Or44Gq44Gp44Gn44CB6I2354mp44Gr44Gk44GR44Gm44GK44GR44Gw44CB6L+R44Gl44GE44Gf44Go44GN44Gr55+l44KJ44Gb44G+44GZ44CCPGJyPjxicj7jgJDoo73lk4Hku5Xmp5jjgJE8YnI+44K144Kk44K677ya57imNjJtbcOX5qiqMjNtbcOX5Y6a44GVNm1tPGJyPumHjeOBle+8mjExZzxicj7pm7vmsaDjgr/jgqTjg5fvvJpDUjIwMzIo6Zu75rGg5Lqk5o+b5LiN5Y+vKSDntIQy5bm06ZaT77yI4oC75Yip55So54q25rOB44Gr44KI44KK5aSJ5YyW44GX44G+44GZ44CC77yJPGJyPuiAkOiNt+mHje+8muODquODs+OCsOetieOCkumAmuOBl+OBn+OBtuOCieS4i+OBkuaZguiAkOiNt+mHje+8mjEza2fjgIHouI/jgb/jgaTjgZHmmYLjga7ogJDojbfph43vvJo1MGtnPGJyPumYsuawtO+8mumYsuawtOS7leanmDxicj7pgJrkv6HmnInlirnot53pm6LvvJrmnIDlpKcxMDBt77yI55CG6KuW5YCk44CC5o6l57aa5qmf5Zmo44O75L2/55So55Kw5aKD44Gr5L6d5a2Y44GX44G+44GZ77yJPGJyPumAmuS/oeaWueazle+8mkJsdWV0b290aDQuMChCbHVldG9vdGggTG93IEVuZXJneTxicj7lr77lv5xPU++8mmlPUzjjgIFBbmRyb2lkNC40LjLku6XkuIo8YnI+44K944OV44OI44Km44Kn44Ki77yaV0lTVElLSSBCWSBTVEFSQ0vjgqLjg5fjg6o8YnI+6KO95ZOB5L+d6Ki877ya6LO85YWl5b6MMeW5tD8/,V0lTVElLSSDjgJRpT1PvvI9BbmRyb2lk44Ki44OX44Oq44CVIOaOouOBl+ODouODjueZuuimiyBXaXN0aWtpIHZvaWxh77yBIOOCquODrOODs+OCuCBXU1RLMTZWT++8muOCveODleODnuODg+ODl+alveWkqeW4guWgtOW6lw==,44K944OV44Oe44OD44OXU29mbWFw44OR44K944Kz44Oz44K/44OW44Os44OD44OIUENIRETjgqLjgrvjg7Pjg5bjg6rjg5Hjg7zjg4Tjg5Hjgr3jgrPjg7Pjg5Hjg7zjg4Tjg4bjg6zjg5PjgrLjg7zjg6Djg5bjg6vjg7zjg6zjgqTjgr3jg5Xjg4hEVkTjgr3jg5Xjg4jmtrLmmbbjg4bjg6zjg5Pjg5bjg6vjg7zjg6zjgqTjg4fjgqPjgrnjgq/jg6zjgrPjg7zjg4Djg7zjg4fjgrjjgr/jg6vkuIDnnLzjg6zjg5Xjgqvjg6Hjg6njg4fjgrjjgr/jg6vjgqvjg6Hjg6nlrrbpm7vmmYLoqIjkuK3lj6TjgqLjgqbjg4jjg6zjg4Pjg4hpUGFkaVBob25lV0lTVElLSSDjgJRpT1PvvI9BbmRyb2lk44Ki44OX44Oq44CVIOaOouOBl+ODouODjueZuuimiyBXaXN0aWtpIHZvaWxh77yBIOOCquODrOODs+OCuCBXU1RLMTZWTw==,V0lTVElLSSDjgJRpT1PvvI9BbmRyb2lk44Ki44OX44Oq44CVIOaOouOBl+ODouODjueZuuimiyBXaXN0aWtpIHZvaWxh77yBIOOCquODrOODs+OCuCBXU1RLMTZWTw==[rn]
16-187188,aHR0cDovL3RzaG9wLnIxMHMuanAvZHRjL2NhYmluZXQvMjAxNzAxMjBtLzM3NjAwNzcxMjAyMjkuanBnP2ZpdGluPTcwMDo3MDA=,NDI3Mi4wMDAw,,44K544Oe44O844OI44OV44Kp44Oz44O744K/44OW44Os44OD44OIID4g44K544Oe44O844OI44OV44Kp44Oz44Ki44Kv44K744K144Oq44O8ID4g44Gd44Gu5LuW,V0lTVElLSSDjgJRpT1PvvI9BbmRyb2lk44Ki44OX44Oq44CVIOaOouOBl+ODouODjueZuuimiyBXaXN0aWtpIHZvaWxh77yBIOODrOODouODsyBXU1RLMTZWWQ==,,44CUaU9T77yPQW5kcm9pZOOCouODl+ODqu+8u0JsdWV0b290aDQuMO+8ve+8muW/mOOCjOeJqemYsuatouOCv+OCsOOAlTxicj7pjbXjgoTlgpjjgIHjganjgpPjgarmjIHjgaHnianjgavjgoLkvLzlkIjjgYbjgZnjgaPjgY3jgorjgajjgZfjgZ/jg4fjgrbjgqTjg7PjgILjgIxXaXN0aWtp77yI44Km44Kj44K544OG44Kj44Kt77yJ44CNPGJyPjxicj7ilqAg5o6i44GX44Oi44OO5ZG85Ye644CMOTBkQuOBp+ODj+ODg+OCreODquOCj+OBi+OCi+OAjTxicj7jgrnjg57jg5vjgoTjgr/jg5bjg6zjg4Pjg4jjgYvjgonjgqbjgqPjgrnjg4bjgqPjgq3jgavjgqLjgq/jgrvjgrnjgILjgqrjg6rjgrjjg4rjg6vlkbzlh7rjg5njg6vjgpLps7TjgonjgZfjgZnjgZDjgavmjqLjgZfjg6Ljg47jgpLopovjgaTjgZHjgonjgozjgb7jgZnjgII8YnI+4pagIOOCueODnuODm+WRvOWHuuOAjFdpc3Rpa2njgYvjgonmjqLjgZvjgovjgI08YnI+44K544Oe44Ob44KE44K/44OW44Os44OD44OI44GM6KaL5b2T44Gf44KJ44Gq44GE44Go44GN44Gv44CB44Km44Kj44K544OG44Kj44Kt44GL44KJ6bO044KJ44GZ44GT44Go44KC44Gn44GN44G+44GZ44CCPGJyPuKWoCBHUFPooajnpLrjgIxNQVDjgafkvY3nva7jgYzjgo/jgYvjgovjgI08YnI+5L6L44GI44Gw5aSn5YiH44Gq44Oi44OO44KS572u44GN5b+Y44KM44Gm44GX44G+44Gj44Gf5pmC44Gr44Gv44CB44Ki44OX44Oq44KS6YCa44GX44Gm5pyA5b6M44Gr6YCa5L+h44GX44Gf5L2N572u44KS56K66KqN44Gn44GN44G+44GZ44CCPGJyPuKAuyDoo73lk4HjgatHUFPmqZ/og73jga/mkK3ovInjgZfjgabjgYrjgorjgb7jgZvjgpPjgII8YnI+4pagIOW/mOOCjOeJqemYsuatouOCouODqeODvOODiOOAjOmbouOCjOOBmeOBjuOCi+OBqOaVmeOBiOOBpuOBj+OCjOOCi+OAjTxicj5XaXN0aWtp44Go44K544Oe44Ob44KE44K/44OW44Os44OD44OI44GuQmx1ZXRvb3Ro6YCa5L+h44GM6YCU5YiH44KM44KL44Go44CB44Oh44OD44K744O844K444KS6KGo56S644GX44G+44GZ44CCPGJyPuKWoCDov5HjgaXjgY3jgqLjg6njg7zjg4jjgIzmjqXov5HjgpLmlZnjgYjjgabjgY/jgozjgovjgI08YnI+56m65riv44Gu44K/44O844Oz44OG44O844OW44Or44Gq44Gp44Gn44CB6I2354mp44Gr44Gk44GR44Gm44GK44GR44Gw44CB6L+R44Gl44GE44Gf44Go44GN44Gr55+l44KJ44Gb44G+44GZ44CCPGJyPjxicj7jgJDoo73lk4Hku5Xmp5jjgJE8YnI+44K144Kk44K677ya57imNjJtbcOX5qiqMjNtbcOX5Y6a44GVNm1tPGJyPumHjeOBle+8mjExZzxicj7pm7vmsaDjgr/jgqTjg5fvvJpDUjIwMzIo6Zu75rGg5Lqk5o+b5LiN5Y+vKSDntIQy5bm06ZaT77yI4oC75Yip55So54q25rOB44Gr44KI44KK5aSJ5YyW44GX44G+44GZ44CC77yJPGJyPuiAkOiNt+mHje+8muODquODs+OCsOetieOCkumAmuOBl+OBn+OBtuOCieS4i+OBkuaZguiAkOiNt+mHje+8mjEza2fjgIHouI/jgb/jgaTjgZHmmYLjga7ogJDojbfph43vvJo1MGtnPGJyPumYsuawtO+8mumYsuawtOS7leanmDxicj7pgJrkv6HmnInlirnot53pm6LvvJrmnIDlpKcxMDBt77yI55CG6KuW5YCk44CC5o6l57aa5qmf5Zmo44O75L2/55So55Kw5aKD44Gr5L6d5a2Y44GX44G+44GZ77yJPGJyPumAmuS/oeaWueazle+8mkJsdWV0b290aDQuMChCbHVldG9vdGggTG93IEVuZXJneTxicj7lr77lv5xPU++8mmlPUzjjgIFBbmRyb2lkNC40LjLku6XkuIo8YnI+44K944OV44OI44Km44Kn44Ki77yaV0lTVElLSSBCWSBTVEFSQ0vjgqLjg5fjg6o8YnI+6KO95ZOB5L+d6Ki877ya6LO85YWl5b6MMeW5tA==,V0lTVElLSSDjgJRpT1PvvI9BbmRyb2lk44Ki44OX44Oq44CVIOaOouOBl+ODouODjueZuuimiyBXaXN0aWtpIHZvaWxh77yBIOODrOODouODsyBXU1RLMTZWWe+8muOCveODleODnuODg+ODl+alveWkqeW4guWgtOW6lw==,44K944OV44Oe44OD44OXU29mbWFw44OR44K944Kz44Oz44K/44OW44Os44OD44OIUENIRETjgqLjgrvjg7Pjg5bjg6rjg5Hjg7zjg4Tjg5Hjgr3jgrPjg7Pjg5Hjg7zjg4Tjg4bjg6zjg5PjgrLjg7zjg6Djg5bjg6vjg7zjg6zjgqTjgr3jg5Xjg4hEVkTjgr3jg5Xjg4jmtrLmmbbjg4bjg6zjg5Pjg5bjg6vjg7zjg6zjgqTjg4fjgqPjgrnjgq/jg6zjgrPjg7zjg4Djg7zjg4fjgrjjgr/jg6vkuIDnnLzjg6zjg5Xjgqvjg6Hjg6njg4fjgrjjgr/jg6vjgqvjg6Hjg6nlrrbpm7vmmYLoqIjkuK3lj6TjgqLjgqbjg4jjg6zjg4Pjg4hpUGFkaVBob25lV0lTVElLSSDjgJRpT1PvvI9BbmRyb2lk44Ki44OX44Oq44CVIOaOouOBl+ODouODjueZuuimiyBXaXN0aWtpIHZvaWxh77yBIOODrOODouODsyBXU1RLMTZWWQ==,V0lTVElLSSDjgJRpT1PvvI9BbmRyb2lk44Ki44OX44Oq44CVIOaOouOBl+ODouODjueZuuimiyBXaXN0aWtpIHZvaWxh77yBIOODrOODouODsyBXU1RLMTZWWQ==[rn]
16-187189,aHR0cDovL3RzaG9wLnIxMHMuanAvZHRjL2NhYmluZXQvMjAxNzAxMjduNC80NTg5OTg0OTAxMDMwLmpwZz9maXRpbj03MDA6NzAw,MTAyNDAuMDAwMA==,,44K544Oe44O844OI44OV44Kp44Oz44O744K/44OW44Os44OD44OIID4g44K544Oe44O844OI44OV44Kp44Oz44Ki44Kv44K744K144Oq44O8ID4g44Gd44Gu5LuW,44CQ6YCB5paZ54Sh5paZ44CRR0vjgJRpT1PvvI9BbmRyb2lk44Ki44OX44Oq44CVIOODneODvOOCv+ODluODq+ODl+ODquODs+OCv+ODvCDjgIxwb21pbmnjgI0g44OW44Or44O8IE1BLTEwMFBC,,44CU44K544Oe44O844OI44OV44Kp44Oz5a++5b+c77y7Qmx1ZXRvb3Ro77yPTkZD77y977ya44Oi44OQ44Kk44Or44OX44Oq44Oz44K/44O844CVPGJyPuWwgueUqOOCouODl+ODquOBp+OAgeODh+OCs+ODrOODvOOCt+ODp+ODs+OAgUJsdWV0b290aOOBp+OAgeOBhOOBpOOBp+OCguOBqeOBk+OBp+OCguaAneOBhOWHuuOBjOaJi+OBq+WFpeOCi+OAgjxicj48YnI+5bCC55So44Ki44OX44Oq44Gn44CB6Ieq55Sx44Gr44OH44Kz44Gj44Gm44CB44Gd44Gu5aC044Gn44OX44Oq44Oz44OI44CCQmx1ZXRvb3Ro44Gg44GL44KJ44CB44OV44Kn44K544KE44Ki44Km44OI44OJ44Ki44Gu6YeO5aSW44GL44KJ44CB44OJ44Op44Kk44OW44KE5biw55yB44Gu56e75YuV44Gq44Gp44CB44Gp44KT44Gq55Kw5aKD5LiL44Gn44KC5rCX44Gr44GZ44KL5b+F6KaB44GM44Gq44GE44CC5aSn5YiH44Gr44GX44Gf44GE556s6ZaT44Gu5oCd44GE5Ye644KS44Gd44Gu5aC044Gn5q6L44Gb44KL44CCPGJyPjxicj7ilqAg5bCC55So44Ki44OX44Oq44Gn6Ieq55Sx44Gr44OH44Kz44Gj44Gm44Gd44Gu5aC044Gn44OX44Oq44Oz44OI44CCPGJyPkFuZHJvaWQgLyBpT1PjgIDjgZ3jgozjgZ7jgozjga7jgqLjg5fjg6rjgpLmj5DkvpvjgIJwb21pbmnjgajjgrnjg57jg5vjgYzjgYLjgozjgbDjgIHjgYTjgaTjgafjgoLjganjgZPjgafjgoLjg5fjg6rjg7Pjg4jjgYzlj6/og73jgIJCbHVldG9vdGggLyBORkPjgaDjgYvjgonlnLDkuIvjgoTlsbHlpaXjgaDjgaPjgabplqLkv4LjgarjgYTvvIE8YnI+4pagIOWGmeecn+OBq+mBqeOBl+OBn+mcsuWHuuOCkuiHquWLleeahOOBq+ijnOato+OBmeOCi0F1dG8gRXhwb3N1cmXmqZ/og73jgII8YnI+5pKu5b2x44GX44Gf5YaZ55yf44Gv44KC44Gh44KN44KT44CB5L+d5a2Y44GX44Gm44GE44KL5YaZ55yf44KC6YG45oqe44Gn44GN44CB5pqX44GE5YaZ55yf44Gv5piO44KL44GP44CB5piO44KL44GE5YaZ55yf44Gv5pqX44GP44CB44Gd44KM44Ge44KM44Gr6YGp44GX44Gf6Zyy5Ye644KS6Ieq5YuV6KOc5q2j44CC44KC44Gh44KN44KTT04vT0ZG5qmf6IO95LuY44GN44CCPGJyPuKWoCDjgqTjg7Pjgq/jgoTjg4jjg4rjg7zjgarjgZfjgafpq5jnlLvos6rvvIgzMTNkcGnvvInjga7jg5fjg6rjg7Pjg4jjgYzjgafjgY3jgovjgII8YnI+5Y2w55S757SZ44Gr54ax44KS5Yqg44GI44Gm44KL5Y2w5Yi344GZ44KLWklOS+aWueazleOBq+OCiOOCiuOAgeODl+ODquODs+ODiOOCs+OCueODiOOBjOi7vea4m+OAguOBleOCieOBq+OAgeaxmuOCjOOChOa5v+awl+OBq+W8t+OBhOOBruOBp+Wxi+WkluOBp+OBruS9v+eUqOOCguawl+OBq+OBquOCieOBquOBhO+8gTxicj48YnI+44CQ6Kej5YOP5bqm44CRMzEzZHBp44CBMsOXM+KAmeOAgTY0MMOXMTI4MGRvdDxicj7jgJDlr77lv5zmqZ/nqK7jgJFBbmRyb2lkIDQuMOS7peS4iuOAgWlPUzxicj7jgJDjgqLjg5fjg6rjgJHjgrnjg57jg7zjg4jjg5Xjgqnjg7PlsILnlKjjga7jgqLjg5fjg6rvvIhBbmRyb2lkNC4w44CBaU9T77yJPGJyPuOAkOWFhembu+aWueW8j+OAkeS7mOWxnuOBruWwgueUqFVTQuOCseODvOODluODq+OBq+OBpuWFhembuzxicj7jgJDpgJrkv6HmlrnlvI/jgJFCbHVldG9vdGggNC4wPGJyPuOAkE5GQ+OAkUlTTyAxNDQ0M0E8YnI+44CQ55So57SZ44K144Kk44K644CRNTBtbcOXNzZtbTxicj7jgJDliJ3li5XljbDliLfmmYLplpPjgJE0Neenku+8iOOCueODnuODvOODiOOCt+ODvOODiOiqrei+vOaZgumWk+WQq+OCgO+8iTxicj7jgJDljbDliLflj6/og73mnprmlbDjgJEyNeaemu+8iOW4uOa4qTI1wrDln7rmupbvvIk8YnI+44CQ44OQ44OD44OG44Oq44O85YWF6Zu75pmC6ZaT44CROTDliIbvvIjlrozlhajlhYXpm7vvvIk8YnI+44CQ5raI6LK76Zu75Yqb44CR5b6F5qmf77yaMC44V+OAgeWHuuWKm++8mkF2ZyAxNS45MVc8YnI+44CQ44K144Kk44K644CRNzRtbcOXMTIwbW3Dl+WOmuOBlTIyLjhtbTxicj7jgJDph43ph4/jgJExODZn77yI5pys5L2T44Gu44G/77yJPGJyPjxicj7igLtwb21pbmnlsILnlKjntJnjga/liKXlo7LjgafjgZnjgII8YnI+PGJyPg==,44CQ6YCB5paZ54Sh5paZ44CRR0vjgJRpT1PvvI9BbmRyb2lk44Ki44OX44Oq44CVIOODneODvOOCv+ODluODq+ODl+ODquODs+OCv+ODvCDjgIxwb21pbmnjgI0g44OW44Or44O8IE1BLTEwMFBC77ya44K944OV44Oe44OD44OX5qW95aSp5biC5aC05bqX,44K944OV44Oe44OD44OXU29mbWFw44OR44K944Kz44Oz44K/44OW44Os44OD44OIUENIRETjgqLjgrvjg7Pjg5bjg6rjg5Hjg7zjg4Tjg5Hjgr3jgrPjg7Pjg5Hjg7zjg4Tjg4bjg6zjg5PjgrLjg7zjg6Djg5bjg6vjg7zjg6zjgqTjgr3jg5Xjg4hEVkTjgr3jg5Xjg4jmtrLmmbbjg4bjg6zjg5Pjg5bjg6vjg7zjg6zjgqTjg4fjgqPjgrnjgq/jg6zjgrPjg7zjg4Djg7zjg4fjgrjjgr/jg6vkuIDnnLzjg6zjg5Xjgqvjg6Hjg6njg4fjgrjjgr/jg6vjgqvjg6Hjg6nlrrbpm7vmmYLoqIjkuK3lj6TjgqLjgqbjg4jjg6zjg4Pjg4hpUGFkaVBob25l44CQ6YCB5paZ54Sh5paZ44CRR0vjgJRpT1PvvI9BbmRyb2lk44Ki44OX44Oq44CVIOODneODvOOCv+ODluODq+ODl+ODquODs+OCv+ODvCDjgIxwb21pbmnjgI0g44OW44Or44O8IE1BLTEwMFBC,44CQ6YCB5paZ54Sh5paZ44CRR0vjgJRpT1PvvI9BbmRyb2lk44Ki44OX44Oq44CVIOODneODvOOCv+ODluODq+ODl+ODquODs+OCv+ODvCDjgIxwb21pbmnjgI0g44OW44Or44O8IE1BLTEwMFBC[rn]
16-187190,aHR0cDovL3RzaG9wLnIxMHMuanAvZHRjL2NhYmluZXQvMjAxNzAyMDduOS80OTQ5MDkwNzIwNjU3LmpwZz9maXRpbj03MDA6NzAw,NzQwOC4wMDAw,,44K544Oe44O844OI44OV44Kp44Oz44O744K/44OW44Os44OD44OIID4g44K544Oe44O844OI44OV44Kp44Oz44Ki44Kv44K744K144Oq44O8ID4g44Gd44Gu5LuW,44CQ6YCB5paZ54Sh5paZ44CR44Op44OI44OD44Kv44K344K544OG44OgIFdpLUZp5o6l57aa5a2m57+S44Oq44Oi44Kz44Oz44Om44OL44OD44OIIFJFWC1XRklSRVgx,44CA,4pag44K544Oe44Ob44KS5a626Zu744O7QVbmqZ/lmajjga7jg6rjg6LjgrPjg7PjgajjgZfjgabkvb/jgYY8YnI+44Ki44OX44Oq44Gu44Oq44Oi44Kz44Oz55S76Z2i44GL44KJ5a626Zu76KO95ZOB44KEQVbmqZ/lmajjgpLmk43kvZzlj6/og73jgILlopfjgYjntprjgZHjgovotaTlpJbnt5rjg6rjg6LjgrPjg7PjgpLjgIHjgrnjg57jg5sx5Y+w44Gr44G+44Go44KB44Gm44K544OD44Kt44Oq44CC44Oq44Oi44Kz44Oz57Sb5aSx44KE6Zu75rGg5YiH44KM44CB56C05pCN5pmC44Gu5LqI5YKZ44Go44GX44Gm44KC5pyJ5Yq544Gn44GZ44CCPGJyPjxicj7ilqDnmbvpjLLmuIjjgb/jg6rjg6LjgrPjg7PvvIjjg5fjg6rjgrvjg4Pjg4jjg4fjg7zjgr/vvInjgpLosYrlr4zjgavnlKjmhI88YnI+5Li744Gq44Oh44O844Kr44O844O75qmf56iu44Gu44Oq44Oi44Kz44Oz44OH44O844K/44KS5LqL5YmN44Gr55m76Yyy5riI44G/77yI44OX44Oq44K744OD44OI77yJ44CC44Ki44OX44Oq55S76Z2i44Gr44GX44Gf44GM44Gj44Gm6YG45oqe44GZ44KL44Gg44GR44Gn44CB44GZ44GQ44Gr5L2/55So44Gn44GN44G+44GZ44CCIDxicj48YnI+4pag5LiH6IO95a2m57+S5pa55byP44Gn44GC44KJ44KG44KL6LWk5aSW57ea44Oq44Oi44Kz44Oz44KS5a2m57+S5Y+v6IO9PGJyPuODl+ODquOCu+ODg+ODiOOBleOCjOOBpuOBhOOCi+S7peWkluOBruODquODouOCs+ODs+OBr+OAgeaJi+WLleOBp+ODquODouOCs+ODs+S/oeWPt+OBrueZu+mMsuOCkuOBiuOBk+OBquOBhOOBvuOBmeOAguacrOijveWTgeOBr+OAgei1pOWklue3muODleOCqeODvOODnuODg+ODiOOBq+S+neWtmOOBl+OBquOBhOOAjOS4h+iDveWtpue/kuaWueW8j+OAjeOCkuaOoeeUqOOAguaXpeacrOOBp+OCiOOBj+WIqeeUqOOBleOCjOOCi05FQy/lrrbpm7vljZQvU09OWeODleOCqeODvOODnuODg+ODiOOBruS7luOAgea1t+WkluODoeODvOOCq+ODvOOBquOBqeOBrueLrOiHquODleOCqeODvOODnuODg+ODiOOCguWtpue/kuOBleOBm+OCi+OBk+OBqOOCguOBp+OBjeOBvuOBmeOAgueZu+mMsuW+jOOAgeODnOOCv+ODs+OBrui/veWKoOOChOeZu+mMsua4iOOBv+ODquODouOCs+ODs+S/oeWPt+OBruWkieabtOOAgeODnOOCv+ODs+OBruWQjeWJjeWkieabtOOChOS4puOBueabv+OBiOOBquOBqeOCkuOBiuOBk+OBquOBhOOAgeeUu+mdouOCkuOCq+OCueOCv+ODnuOCpOOCuuOBmeOCi+OBk+OBqOOCguOBp+OBjeOBvuOBmeOAgjxicj48YnI+4pag5rC05bmz5pa55ZCR44Gr5pyA5aSnMzYw5bqm5bGK44GP6LWk5aSW57eaPGJyPui1pOWklue3muOBruacieWKueevhOWbsuOBr+OAgeawtOW5s+aWueWQkeOBjOacgOWkpzM2MOW6puOAgeWeguebtOaWueWQkeOBjOacgOWkpzE4MOW6puOAguacieWKuei3nembouOBr+acgOWkpzEwbeOAguimi+mAmuOBl+OBruOCiOOBhOWgtOaJgOOBq+acrOijveWTgeOCkuioree9ruOBl+OAgeW6g+evhOWbsuOBq+i1pOWklue3muOCkuWxiuOBkeOCi+OBk+OBqOOBjOOBp+OBjeOBvuOBmeOAguacrOS9k+iDjOmdouOBq+OBr+WjgeaOm+OBkeeUqOOBruODleODg+OCr+eptOOCkuijheWCmeOAguioree9ruOCueODmuODvOOCueOBjOOBquOBhOOAgei1pOWklue3muOBruinkuW6puiqv+aVtOOBjOmbo+OBl+OBhOWgtOWQiOOBq+S+v+WIqeOBp+OBmeOAgjxicj48YnI+4pag44Oq44Oi44Kz44Oz5L+h5Y+344KSV2ktRmnihpLotaTlpJbnt5rjgavlpInmj5s8YnI+5pys6KO95ZOB44Gv44CB44K544Oe44Ob44KE44K/44OW44Os44OD44OI44GL44KJV2ktRmnjg6vjg7zjgr/jg7zntYznlLHjgafpgIHjgonjgozjgabjgY3jgZ/jg6rjg6LjgrPjg7Pkv6Hlj7fjgpLotaTlpJbnt5rjgavlpInmj5vjgILotaTlpJbnt5rjgpLpgIHkv6HjgZnjgovjgZPjgajjgafjgIHlrrbpm7vjgpLjgrPjg7Pjg4jjg63jg7zjg6vjgZfjgb7jgZnjgII8YnI+4oC7IFdpLUZp44Or44O844K/44O844GM44Gq44GE55Kw5aKD44Gn44Gv5L2/55So44Gn44GN44G+44Gb44KT44CCIDxicj7igLsg5a626Zu76KO95ZOB44O7QVbmqZ/lmajjga/otaTlpJbnt5rjg6rjg6LjgrPjg7Pjgafmk43kvZzlj6/og73jgarmqZ/lmajjgavpmZDjgorjgb7jgZnjgIIgPGJyPjxicj7ilqDlpJblh7rlhYjjgYvjgonjga7jg6rjg6LjgrPjg7Pmk43kvZzjgoLlj6/og708YnI+44Ki44OX44Oq5LiK44Gn5a625aSW44Gn44Gu5L2/55So44KS5pyJ5Yq544Gr44GZ44KL44Go44CB44Kv44Op44Km44OJ44K144O844OQ44O844GoV2ktRmnjg6vjg7zjgr/jg7zplpPjgafpgJrkv6HjgYzjgYrjgZPjgarjgYjjgovnirbmhYvjgajjgarjgorjgIHlpJblh7rlhYjjgYvjgonjga7jg6rjg6LjgrPjg7Pmk43kvZzjgYzlj6/og73jgavjgILluLDlroXliY3jgavjgqjjgqLjgrPjg7PjgoTnhafmmI7jgpLjgaTjgZHjgabjgIHlv6vpganjgarnirbmhYvjgavjgZfjgabjgYrjgY/jgZPjgajjgYzjgafjgY3jgb7jgZnjgILjgq/jg6njgqbjg4njgrXjg7zjg5Djg7zliKnnlKjjgavkvLTjgYboqrLph5Hjga/jgYLjgorjgb7jgZvjgpPjgILvvIjpgJrkv6Hmlpnjga/jgYrlrqLmp5josqDmi4Xjgajjgarjgorjgb7jgZnvvIk8YnI+4oC7IOWkluWHuuWFiOOBqOWutuOBruS4reOBruS4oeaWueOBp+S9v+eUqOOBmeOCi+WgtOWQiOOBr+OAgeWutuWklu+8iOOBhOOBiOOBneOBqO+8ieOBp+OBruS9v+eUqOOCkuW4uOOBq+acieWKueOBq+OBl+OBpuOBiuS9v+OBhOOBj+OBoOOBleOBhOOAguWutuWkluOBp+OBruS9v+eUqOOBjOacieWKueOBp+OBguOBo+OBpuOCguOAgeWutuOBruS4reOBp+S9v+eUqOOBl+OBpuOBhOOCi++8iFdpLUZp44Or44O844K/44O844Gr5o6l57aa44GX44Gm44GE44KL77yJ5aC05ZCI44Gv44Kv44Op44Km44OJ44K144O844OQ44O844KS57WM55Sx44Gb44Ga44CB44Oe44Kv44Ot44KE44Oq44Oi44Kz44Oz55m76Yyy44Gq44Gp44GZ44G544Gm44Gu5qmf6IO944KS5L2/55So44GZ44KL44GT44Go44GM44Gn44GN44G+44GZ44CC77yI5a625aSW44Gu5pyJ5Yq5L+eEoeWKueOCkuWIh+OCiuabv+OBiOOCi+W/heimgeOBr+OBguOCiuOBvuOBm+OCk+OAguW+k+adpeOBruOAjOWutuWkluODouODvOODieOAjeOAjOWutuS4reODouODvOODieOAjeOBr+W7g+atouOBqOOBquOCiuOBvuOBl+OBn+OAgu+8iSA8YnI+4oC7IOOCr+ODqeOCpuODieOCteODvOODkOODvOOChOmAmuS/oeapn+WZqOODu+mAmuS/oeWbnue3muOBruS4jeWFt+WQiOOBq+OCiOOCiuOAgeaTjeS9nOOBjOato+W4uOOBq+OBiuOBk+OBquOBiOOBquOBhOWgtOWQiOOBq+eZuueUn+OBl+OBn+WVj+mhjOOBq+OBpOOBhOOBpuOBr+OAgeW8iuekvuOBp+OBr+S/neiovOOBhOOBn+OBl+OBvuOBm+OCk+OAgiA8YnI+PGJyPuKWoOmDqOWxi+OBrueKtuaFi+OBjOOCj+OBi+OCi+a4qeW6puODu+a5v+W6puODu+eFp+W6puOCu+ODs+OCteODvDxicj7oo73lk4HmnKzkvZPjgavjgIzmuKnluqbjg7vmub/luqbjg7vnhafluqbjgrvjg7PjgrXjg7zjgI3jgpLmkK3ovInjgILjgqLjg5fjg6rnlLvpnaLjgafpg6jlsYvjga7nirbms4HjgpLnorroqo3jgZnjgovjgZPjgajjgYzjgafjgY3jgb7jgZnjgILlpJblh7rlhYjjgYvjgonoh6rlroXjga7muKnluqbjgoTmub/luqbjgpLopovjgZ/kuIrjgafjgIHjgqjjgqLjgrPjg7PjgarjganjgpLnqLzlg43jgZnjgovjgYvjganjgYbjgYvjgpLliKTmlq3jgILluLDlroXliY3jgavpg6jlsYvjga7nirbmhYvjgpLlv6vpganjgavjgZfjgabjgYrjgY/jgbvjgYvjgIHlnKjlroXkuK3jga7pq5jpvaLogIXjgoTjg5rjg4Pjg4jjga7nhrHkuK3nl4flr77nrZbjgavjgoLmtLvnlKjjgafjgY3jgb7jgZnjgILnhafluqbjga/jgIHnhafmmI7jgpLliIfjgorlv5jjgozjgabjgYTjgarjgYTjgYvnorroqo3jgZnjgovjga7jgavkvr/liKnjgafjgZnjgILlpJblh7rmmYLjgavmjIflrprjgZfjgZ/muKnluqbjgpLkuIrlm57jgovvvIjjgb7jgZ/jga/kuIvlm57jgovvvInjgajjgIHpgJrnn6Xjgrvjg7Pjgr/jg7zjgbjorablkYrjgpLooajnpLrjgZnjgovjgojjgYbjgavoqK3lrprjgZnjgovjgZPjgajjgoLlj6/og73jgafjgZnjgIIgPGJyPjxicj7ilqBXUFPlr77lv5zjgadXaS1GaeODq+ODvOOCv+ODvOOBq+OCq+ODs+OCv+ODs+aOpee2mjxicj5XUFPlr77lv5zjga5XaS1GaeODq+ODvOOCv+ODvOOBquOCieOAgeijveWTgeacrOS9k+OBqOODq+ODvOOCv+ODvOOBruODnOOCv+ODs+OCkuaKvOOBmeOBoOOBkeOBp+ewoeWNmOOBq+aOpee2muOBp+OBjeOBvuOBmeOAgldQU+acquWvvuW/nOOBrldpP0Zp44Or44O844K/44O844Gv44CB44Ki44OX44Oq55S76Z2i44Gu5omL6aCG44Gr44Gd44Gj44Gm5o6l57aa44GX44G+44GZ44CCU1NJROOBr+S4gOimp+OBi+OCiemBuOaKnuOBmeOCi+OBu+OBi+OAgeaJi+WFpeWKm++8iOOCueODhuODq+OCuVNTSUTjga7mjIflrprvvInjgoLlj6/og73jgafjgZnjgILjgb7jgZ/jgIHjgbLjgajjgaTjga5XaS1GaeODq+ODvOOCv+ODvOOBq+OAgeacrOijveWTgeOCkuikh+aVsOWPsOaOpee2muOBmeOCi+OBk+OBqOOCguWPr+iDveOAguOCouODl+ODquOBp+OBqeOBrumDqOWxi+OBruODpuODi+ODg+ODiOacrOS9k+OCkuWLleS9nOOBleOBm+OCi+OBi+OCkumBuOaKnuOBl+OAgeODquODouOCs+ODs+aTjeS9nOOCkuOBiuOBk+OBquOBhOOBvuOBmeOAgjxicj48YnI+4pag44Gy44Go44Gk44Gu44Oc44K/44Oz44Gr6KSH5pWw44Gu5pON5L2c44KS55m76Yyy44GZ44KL44Oe44Kv44Ot5qmf6IO9PGJyPjxicj7ilqDmjIflrprmmYLliLvjgavjg6rjg6LjgrPjg7Pkv6Hlj7fjgpLpgIHjgovjgr/jgqTjg57jg7zmqZ/og708YnI+PGJyPuKWoOikh+aVsOOBruODquODouOCs+ODs+OCkue1hOOBv+WQiOOCj+OBm+OBpuS9nOOCi+OCquODquOCuOODiuODq+ODquODouOCs+ODsyA8YnI+PGJyPuKWoOODquODouOCs+ODs+ODnOOCv+ODs+OBruOCpuOCo+OCuOOCp+ODg+ODiOOBp+OBmeOBsOOChOOBj+aTjeS9nDxicj48YnI+4pag44Oq44Oi44Kz44Oz44OH44O844K/44KS5LuW44Gu44K544Oe44Ob44Gr56e76KGM5Y+v6IO9,44CQ6YCB5paZ54Sh5paZ44CR44Op44OI44OD44Kv44K344K544OG44OgIFdpLUZp5o6l57aa5a2m57+S44Oq44Oi44Kz44Oz44Om44OL44OD44OIIFJFWC1XRklSRVgx77ya44K944OV44Oe44OD44OX5qW95aSp5biC5aC05bqX,44K944OV44Oe44OD44OXU29mbWFw44OR44K944Kz44Oz44K/44OW44Os44OD44OIUENIRETjgqLjgrvjg7Pjg5bjg6rjg5Hjg7zjg4Tjg5Hjgr3jgrPjg7Pjg5Hjg7zjg4Tjg4bjg6zjg5PjgrLjg7zjg6Djg5bjg6vjg7zjg6zjgqTjgr3jg5Xjg4hEVkTjgr3jg5Xjg4jmtrLmmbbjg4bjg6zjg5Pjg5bjg6vjg7zjg6zjgqTjg4fjgqPjgrnjgq/jg6zjgrPjg7zjg4Djg7zjg4fjgrjjgr/jg6vkuIDnnLzjg6zjg5Xjgqvjg6Hjg6njg4fjgrjjgr/jg6vjgqvjg6Hjg6nlrrbpm7vmmYLoqIjkuK3lj6TjgqLjgqbjg4jjg6zjg4Pjg4hpUGFkaVBob25l44CQ6YCB5paZ54Sh5paZ44CR44Op44OI44OD44Kv44K344K544OG44OgIFdpLUZp5o6l57aa5a2m57+S44Oq44Oi44Kz44Oz44Om44OL44OD44OIIFJFWC1XRklSRVgx,44CA44CC44CQ6YCB5paZ54Sh5paZ44CR44Op44OI44OD44Kv44K344K544OG44OgIFdpLUZp5o6l57aa5a2m57+S44Oq44Oi44Kz44Oz44Om44OL44OD44OIIFJFWC1XRklSRVgx[rn]
16-187191,aHR0cDovL3RzaG9wLnIxMHMuanAvZHRjL2NhYmluZXQvMjAxNTA4MTlhLzQ5NDI4NTcxNzk2OTkuanBnP2ZpdGluPTcwMDo3MDA=,NjQwLjAwMDA=,,44K544Oe44O844OI44OV44Kp44Oz44O744K/44OW44Os44OD44OIID4g44K544Oe44O844OI44OV44Kp44Oz44Ki44Kv44K744K144Oq44O8ID4g44Gd44Gu5LuW,TlRUIERvQ29Nb+OAkOODieOCs+ODoue0lOato+OAkeOAgGRUViDlsILnlKgg6LWk5aSW57ea44Oq44Oi44Kz44OzMDE=,44CA,44CU44OJ44Kz44Oi57SU5q2j44CVCmRUVuWwgueUqOi1pOWklue3muODquODouOCs+ODszAx44CC,TlRUIERvQ29Nb+OAkOODieOCs+ODoue0lOato+OAkeOAgGRUViDlsILnlKgg6LWk5aSW57ea44Oq44Oi44Kz44OzMDHvvJrjgr3jg5Xjg57jg4Pjg5fmpb3lpKnluILloLTlupc=,44K944OV44Oe44OD44OXU29mbWFw44OR44K944Kz44Oz44K/44OW44Os44OD44OIUENIRETjgqLjgrvjg7Pjg5bjg6rjg5Hjg7zjg4Tjg5Hjgr3jgrPjg7Pjg5Hjg7zjg4Tjg4bjg6zjg5PjgrLjg7zjg6Djg5bjg6vjg7zjg6zjgqTjgr3jg5Xjg4hEVkTjgr3jg5Xjg4jmtrLmmbbjg4bjg6zjg5Pjg5bjg6vjg7zjg6zjgqTjg4fjgqPjgrnjgq/jg6zjgrPjg7zjg4Djg7zjg4fjgrjjgr/jg6vkuIDnnLzjg6zjg5Xjgqvjg6Hjg6njg4fjgrjjgr/jg6vjgqvjg6Hjg6nlrrbpm7vmmYLoqIjkuK3lj6TjgqLjgqbjg4jjg6zjg4Pjg4hpUGFkaVBob25lTlRUIERvQ29Nb+OAkOODieOCs+ODoue0lOato+OAkeOAgGRUViDlsILnlKgg6LWk5aSW57ea44Oq44Oi44Kz44OzMDE=,44CA44CCTlRUIERvQ29Nb+OAkOODieOCs+ODoue0lOato+OAkeOAgGRUViDlsILnlKgg6LWk5aSW57ea44Oq44Oi44Kz44OzMDE=[rn]
16-187192,aHR0cDovL3RzaG9wLnIxMHMuanAvZHRjL2NhYmluZXQvMjAxNzAxMjZuMi80MDQ3ODY1MTkwMzk4LmpwZz9maXRpbj03MDA6NzAw,MTE5ODQuMDAwMA==,,44K544Oe44O844OI44OV44Kp44Oz44O744K/44OW44Os44OD44OIID4g44K544Oe44O844OI44OV44Kp44Oz44Ki44Kv44K744K144Oq44O8ID4g44Gd44Gu5LuW,44CQ6YCB5paZ54Sh5paZ44CR44Kr44O844Or44OE44Kh44Kk44K544K544Oe44O844OI44OV44Kp44Oz55So77y7NC43772eNS4144Kk44Oz44OB77y9IFpFSVNTIFZSIE9ORSBQbHVz,,5YWJ5a2m5bCC5qWt44Oh44O844Kr44O844Go44GX44GmMTAw5bm05Lul5LiK44Gu5a6f57i+44KS5oyB44GkWkVJU1Pjgarjgonjgafjga/jga7lhYjpgLLjga7lhYnlraboqK3oqIjjgafjg6bjg7zjgrbjg7zjga5WUuS9k+mok+OBq+iyoueMruOBl+OBvuOBmeOAgjxicj48YnI+4pag44Om44OL44OQ44O844K144Or44OI44Os44O85pa55byP44KS5o6h55SoPGJyPjQuN+OCpOODs+ODgeOBi+OCiTUuNeOCpOODs+ODgeOBvuOBp+OBrua2suaZtuOCteOCpOOCuuOBruOCueODnuODvOODiOODleOCqeODs+OBq+WvvuW/nOOBmeOCi+ODpuODi+ODkOODvOOCteODq+ODiOODrOODvOaWueW8j+OCkuaOoeeUqOOAgjxicj48YnI+4pag6KaW6YeO6KeS57SEMTAw5bqmPGJyPuWPr+imlumgmOWfn+WFqOWfn+OBq+OCj+OBn+OBo+OBpumuruaYjuOBqueUu+izquOCkuWun+ePvjxicj48YnI+4pag44Os44Oz44K65L2N572u6Kq/5pW05LiN6KaBPGJyPuees+WtlOmWk+i3nembouOBq+W/nOOBmOOBn+eFqeOCj+OBl+OBhOODnuODi+ODpeOCouODq+OBp+OBruODrOODs+OCuuS9jee9ruiqv+aVtOOBjOS4jeimgTxicj48YnI+4pag55y86Y+h5L2/55So5Y+vPGJyPuecvOmPoeOCkuOBi+OBkeOBn+OBvuOBvuS9v+eUqOWPr+iDvTxicj48YnI+44CQ6KO95ZOB5LuV5qeY44CRPGJyPuKWoOOCteOCpOOCuu+8muW5hTE4w5flpaXooYwxNMOX6auY44GVOS41Y208YnI+4pag6YeN6YeP77yI5pys5L2T44Gu44G/77yJ77ya57SEMzYwZzxicj7ilqDph43ph4/vvIjjg5jjg4Pjg4njgrnjg4jjg6njg4Pjg5fovrzvvInvvJrntIQ0MDVnPGJyPuKWoOimlumHjuinkihGT1Yp77yaMTAwwrA8YnI+4pagSVBEKOees+WtlOmWk+i3nemboinvvJo1M21t772eNzdtbTxicj7ilqDlr77lv5zjgrnjg57jg7zjg4jjg5Xjgqnjg7PvvJrmtrLmmbbjgrXjgqTjgrogNC4344Kk44Oz44OB772eNS4144Kk44Oz44OBPGJyPuKWoOWQjOaiseWTge+8mlpFSVNTIFZSIE9ORSBQbHVz44OY44OD44OJ44K744OD44OI5pys5L2T44CB44Om44OL44OQ44O844K144Or44OI44Os44O844CB44OY44OD44OJ44K544OI44Op44OD44OX,44CQ6YCB5paZ54Sh5paZ44CR44Kr44O844Or44OE44Kh44Kk44K544K544Oe44O844OI44OV44Kp44Oz55So77y7NC43772eNS4144Kk44Oz44OB77y9IFpFSVNTIFZSIE9ORSBQbHVz77ya44K944OV44Oe44OD44OX5qW95aSp5biC5aC05bqX,44K944OV44Oe44OD44OXU29mbWFw44OR44K944Kz44Oz44K/44OW44Os44OD44OIUENIRETjgqLjgrvjg7Pjg5bjg6rjg5Hjg7zjg4Tjg5Hjgr3jgrPjg7Pjg5Hjg7zjg4Tjg4bjg6zjg5PjgrLjg7zjg6Djg5bjg6vjg7zjg6zjgqTjgr3jg5Xjg4hEVkTjgr3jg5Xjg4jmtrLmmbbjg4bjg6zjg5Pjg5bjg6vjg7zjg6zjgqTjg4fjgqPjgrnjgq/jg6zjgrPjg7zjg4Djg7zjg4fjgrjjgr/jg6vkuIDnnLzjg6zjg5Xjgqvjg6Hjg6njg4fjgrjjgr/jg6vjgqvjg6Hjg6nlrrbpm7vmmYLoqIjkuK3lj6TjgqLjgqbjg4jjg6zjg4Pjg4hpUGFkaVBob25l44CQ6YCB5paZ54Sh5paZ44CR44Kr44O844Or44OE44Kh44Kk44K544K544Oe44O844OI44OV44Kp44Oz55So77y7NC43772eNS4144Kk44Oz44OB77y9IFpFSVNTIFZSIE9ORSBQbHVz,44CQ6YCB5paZ54Sh5paZ44CR44Kr44O844Or44OE44Kh44Kk44K544K544Oe44O844OI44OV44Kp44Oz55So77y7NC43772eNS4144Kk44Oz44OB77y9IFpFSVNTIFZSIE9ORSBQbHVz[rn]
16-187193,aHR0cDovL3RzaG9wLnIxMHMuanAvZHRjL2NhYmluZXQvY2h1a29fZi8yMDc3MjAyMjIwMDE1LmpwZz9maXRpbj03MDA6NzAw,Nzc0NDAuMDAwMA==,,44K544Oe44O844OI44OV44Kp44Oz44O744K/44OW44Os44OD44OIID4g44K544Oe44O844OI44OV44Kp44Oz44Ki44Kv44K744K144Oq44O8ID4g44Gd44Gu5LuW,44CQ5Lit5Y+k44CR44Ki44OD44OX44OrKEFwcGxlKeWbveWGheeJiFNJTeODleODquODvCBpUGhvbmUgNyBQbHVzIDEyOEdCIOOCt+ODq+ODkOODvOOAkDI5MS11ZOOAkQ==,,PHRhYmxlIHdpZHRoPTEwMCU+PHRyPjx0ZD48Zm9udCBzaXplPTI+44CQ5ZWG5ZOB44Kw44Os44O844OJ44CR4oil4piF4piF4piF4piF4piF4oil5Lit5Y+k5ZOB4oil44CQ44Kt44Oj44Oq44Ki44CRU0lN44Ot44OD44Kv44OV44Oq44O844CQ44K344Oq44O844K65ZCN44CRaVBob25lNyBQbHVz44CQ44Kr44Op44O844CR44K344Or44OQ44O844CQ6KO96YCg55Wq5Y+344CRMzU5MTkwMDcxMjY4MzE444CQU0lN44CR44OK44OOU0lNPEJSPjxCUj7jgJDmgKfog73jgJFBcHBsZSBBMTAv44Oh44Oi44OqOjNHQi/jgrnjg4jjg6zjg7zjgrg6MTI4R0LlhoXolLUvaU9TIDEwLjMvNS4144Kk44Oz44OB5ray5pm2KDE5MjB4MTA4MC/jg57jg6vjg4Hjgr/jg4Pjg4Hlr77lv5wpLzEyMDDkuIfnlLvntKDjgqvjg6Hjg6kvQmx1ZXRvb3RoNC4yL+OBiuOBleOBhOOBteOCseODvOOCv+OCpOWvvuW/nC/ogJDmsLTmqZ/og73mnInjgoovM0cmNEcmV2lGaS/pmLLmsqvmgKfog73jgajogJDmsLTmgKfog70vNEvli5XnlLvmkq7lvbE8QlI+44CQU0lN44CR44OK44OOU0lNPEJSPuOAkOODhuOCtuODquODs+OCsOOAkVdpRmnjg4bjgrbjg6rjg7PjgrDmqZ/og73mnInjgoo8QlI+44CQ6auY6YCf6YCa5L+h44CRTFRF5a++5b+cPEJSPuOAkExUReODkOODs+ODieOAkUJhbmQgMSAoMi4xR0h6KS9CYW5kIDIgKDEuOUdIeikvQmFuZCAzICgxLjcvMS44R0h6KS9CYW5kIDQgKDEuNy8yLjFHSHopL0JhbmQgNSAoODUwTUh6KS9CYW5kIDcgKDIuNkdIeikvQmFuZCA4ICg5MDBNSHopL0JhbmQgMTEgKDEuNUdIeikvQmFuZCAxMiAoNzAwTUh6KS9CYW5kIDEzICg3MDBNSHopL0JhbmQgMTcgKDcwME1IeikvQmFuZCAxOCAoODAwTUh6KS9CYW5kIDE5ICg4MDBNSHopL0JhbmQgMjAgKDgwME1IeikvQmFuZCAyMSAoMS41R0h6KS9CYW5kIDI1ICgxLjlHSHopL0JhbmQgMjYgKDgwME1IeikvQmFuZCAyNyAoODUwTUh6KS9CYW5kIDI4ICg3MDBNSHopL0JhbmQgMjkgKDcwME1IeikvQmFuZCAzMCAoMi4zR0h6KS9CYW5kIDM4ICgxLjlHSHopL0JhbmQgMzkgKDEuOUdIeikvQmFuZCA0MCAoMi4zLzIuNEdIeikvQmFuZCA0MSAoMi41R0h6KTxCUj7jgJDjgZ3jga7ku5bjgJE2NOODk+ODg+ODiOOCouODvOOCreODhuOCr+ODgeODo+aQrei8iUExMCBGdXNpb27jg4Hjg4Pjg5fjgIIxMuODoeOCrOODlOOCr+OCu+ODq+OBruOCq+ODoeODqeOBr+WFieWtpuaJi+ODluODrOijnOato+apn+iDveOCkuaQrei8ieOAgi8yMDE25bm0OeaciOmgg+eZuuWjsjxCUj48QlI+44CQ5ZWG5ZOB44Kw44Os44O844OJ44CR4oil4piF4piF4piF4piF4piF4oil5Lit5Y+k5ZOB4oil5Yil6YCU5a++5b+cU0lN44Kr44O844OJ44GM5b+F6KaB44Gr44Gq44KK44G+44GZ44CCPEJSPuOAkOS7mOWxnuWTgeOAkVtVU0Lpm7vmupDjgqLjg4Djg5fjgr/jgIFBcHBsZSBFYXJQb2RzIHdpdGggTGlnaHRuaW5nIENvbm5lY3RvcuOAgVNJTeOCq+ODvOODieODhOODvOODq+OAgUxpZ2h0bmluZyAtIDMuNSBtbeODmOODg+ODieODleOCqeODs+OCuOODo+ODg+OCr+OCouODgOODl+OCv+OAgUxpZ2h0bmluZyAtIFVTQuOCseODvOODluODq13jgYzku5jlsZ7jgII8QlI+44CQ6KO96YCg55Wq5Y+344CRWzM1OTE5MDA3MTI2ODMxOF08QlI+44CQT1PjgJFbaU9TIDEwLjNd5pC65biv44O76YCa5L+h5LqL5qWt6ICF44Go44GU5aWR57SE44Gu44GG44GI5q2j6KaP44GuU0lN44Kr44O844OJ44KS6KOF552A44GX44Gm44GU5Yip55So44GP44Gg44GV44GE44CCPEJSPuKAu+S4h+OBjOS4gOOAgeODjeODg+ODiOODr+ODvOOCr+WIqeeUqOWItumZkCjotaTjg63jg6Ap44KE6YGg6ZqU44Ot44OD44Kv44Gr44KI44KL5L2/55So5LiN6IO944GM55m655Sf44GX44Gf5aC05ZCI44Gv44CB5ZWG5ZOB5Yiw552A5pel44KI44KKM+ODtuW5tOS7peWGheOBp+OBguOCjOOBsOi/lOWTgSjlj5blvJXjga7jgq3jg6Pjg7Pjgrvjg6sp44KS5om/44KK44G+44GZ44CCICA8QlI+PEJSPuOAkOOBlOazqOaEj+S6i+mgheOAkTxCUj7jg7vjgZPjgaHjgonjga7llYblk4Hjga/kuK3lj6TllYblk4Hjgavjgarjgorjgb7jgZnjgII8QlI+44O76KGo56S644GV44KM44Gm44GE44KL5ZWG5ZOB55S75YOP44Gv44Kk44Oh44O844K444Gr44Gq44KK44G+44GZ44CC5a6f6Zqb44Gu5ZWG5ZOB44Go44Gv55Ww44Gq44KK44G+44GZ44CCPEJSPuODu+S4h+S4gOWIneacn+S4jeiJr+etieOBjOOBguOCiuOBvuOBl+OBn+WgtOWQiOOBr+OBlOi/lOWTgeOBruOBv+OBruOBlOWvvuW/nOOBqOOBquOCiuOBvuOBmeOAgjxCUj7jg7vkuK3lj6TllYblk4HjgavplqLjgZfjgb7jgZfjgabjga/jg6Hjg7zjgqvjg7zkv53oqLzjgIHkv53oqLzmm7jjga/ku5jlsZ7jgZfjgabjgYrjgorjgb7jgZvjgpPjgII8QlI+44O744Gd44Gu5LuW5rOo5oSP5LqL6aCF44GvUEPjgrXjgqTjg4jjgavjgabjgZTnorroqo3jgY/jgaDjgZXjgYTjgII8L2ZvbnQ+PC90ZD48L3RyPjwvdGFibGU+,44CQ5Lit5Y+k44CR44Ki44OD44OX44OrKEFwcGxlKeWbveWGheeJiFNJTeODleODquODvCBpUGhvbmUgNyBQbHVzIDEyOEdCIOOCt+ODq+ODkOODvOOAkDI5MS11ZOOAke+8muOCveODleODnuODg+ODl+alveWkqeW4guWgtOW6lw==,44K944OV44Oe44OD44OXU29mbWFw44OR44K944Kz44Oz44K/44OW44Os44OD44OIUENIRETjgqLjgrvjg7Pjg5bjg6rjg5Hjg7zjg4Tjg5Hjgr3jgrPjg7Pjg5Hjg7zjg4Tjg4bjg6zjg5PjgrLjg7zjg6Djg5bjg6vjg7zjg6zjgqTjgr3jg5Xjg4hEVkTjgr3jg5Xjg4jmtrLmmbbjg4bjg6zjg5Pjg5bjg6vjg7zjg6zjgqTjg4fjgqPjgrnjgq/jg6zjgrPjg7zjg4Djg7zjg4fjgrjjgr/jg6vkuIDnnLzjg6zjg5Xjgqvjg6Hjg6njg4fjgrjjgr/jg6vjgqvjg6Hjg6nlrrbpm7vmmYLoqIjkuK3lj6TjgqLjgqbjg4jjg6zjg4Pjg4hpUGFkaVBob25l44CQ5Lit5Y+k44CR44Ki44OD44OX44OrKEFwcGxlKeWbveWGheeJiFNJTeODleODquODvCBpUGhvbmUgNyBQbHVzIDEyOEdCIOOCt+ODq+ODkOODvOOAkDI5MS11ZOOAkQ==,44CQ5Lit5Y+k44CR44Ki44OD44OX44OrKEFwcGxlKeWbveWGheeJiFNJTeODleODquODvCBpUGhvbmUgNyBQbHVzIDEyOEdCIOOCt+ODq+ODkOODvOOAkDI5MS11ZOOAkQ==[rn]
16-187194,aHR0cDovL3RzaG9wLnIxMHMuanAvZHRjL2NhYmluZXQvY2h1a29fZi8yMTMxMTE5ODk3NjY4XzEuanBnP2ZpdGluPTcwMDo3MDA=,NzAyNDAuMDAwMA==,,44K544Oe44O844OI44OV44Kp44Oz44O744K/44OW44Os44OD44OIID4g44K544Oe44O844OI44OV44Kp44Oz44Ki44Kv44K744K144Oq44O8ID4g44Gd44Gu5LuW,44CQ5Lit5Y+k44CR44Ki44OD44OX44OrKEFwcGxlKeWbveWGheeJiFNJTeODleODquODvCBpUGhvbmUgNyBQbHVzIDEyOEdCIOODluODqeODg+OCr+OAkDI5MS11ZOOAkQ==,,PHRhYmxlIHdpZHRoPTEwMCU+PHRyPjx0ZD48Zm9udCBzaXplPTI+44CQ5ZWG5ZOB44Kw44Os44O844OJ44CR4oil4piF4piF4piF4piF4piF4oil5Lit5Y+k5ZOB4oil44CQ44Kt44Oj44Oq44Ki44CRU0lN44Ot44OD44Kv44OV44Oq44O844CQ44K344Oq44O844K65ZCN44CRaVBob25lNyBQbHVz44CQ44Kr44Op44O844CR44OW44Op44OD44Kv44CQ6KO96YCg55Wq5Y+344CRMzU5MTg4MDcyNDk2NTU344CQU0lN44CR44OK44OOU0lNPEJSPjxCUj7jgJDmgKfog73jgJFBcHBsZSBBMTAv44Oh44Oi44OqOjNHQi/jgrnjg4jjg6zjg7zjgrg6MTI4R0LlhoXolLUvaU9TIDEwLjIuMS81LjXjgqTjg7Pjg4HmtrLmmbYoMTkyMHgxMDgwL+ODnuODq+ODgeOCv+ODg+ODgeWvvuW/nCkvMTIwMOS4h+eUu+e0oOOCq+ODoeODqS9CbHVldG9vdGg0LjIv44GK44GV44GE44G144Kx44O844K/44Kk5a++5b+cL+iAkOawtOapn+iDveacieOCii8zRyY0RyZXaUZpL+mYsuayq+aAp+iDveOBqOiAkOawtOaAp+iDvS80S+WLleeUu+aSruW9sTxCUj7jgJBTSU3jgJHjg4rjg45TSU08QlI+44CQ44OG44K244Oq44Oz44Kw44CRV2lGaeODhuOCtuODquODs+OCsOapn+iDveacieOCijxCUj7jgJDpq5jpgJ/pgJrkv6HjgJFMVEXlr77lv5w8QlI+44CQTFRF44OQ44Oz44OJ44CRQmFuZCAxICgyLjFHSHopL0JhbmQgMiAoMS45R0h6KS9CYW5kIDMgKDEuNy8xLjhHSHopL0JhbmQgNCAoMS43LzIuMUdIeikvQmFuZCA1ICg4NTBNSHopL0JhbmQgNyAoMi42R0h6KS9CYW5kIDggKDkwME1IeikvQmFuZCAxMSAoMS41R0h6KS9CYW5kIDEyICg3MDBNSHopL0JhbmQgMTMgKDcwME1IeikvQmFuZCAxNyAoNzAwTUh6KS9CYW5kIDE4ICg4MDBNSHopL0JhbmQgMTkgKDgwME1IeikvQmFuZCAyMCAoODAwTUh6KS9CYW5kIDIxICgxLjVHSHopL0JhbmQgMjUgKDEuOUdIeikvQmFuZCAyNiAoODAwTUh6KS9CYW5kIDI3ICg4NTBNSHopL0JhbmQgMjggKDcwME1IeikvQmFuZCAyOSAoNzAwTUh6KS9CYW5kIDMwICgyLjNHSHopL0JhbmQgMzggKDEuOUdIeikvQmFuZCAzOSAoMS45R0h6KS9CYW5kIDQwICgyLjMvMi40R0h6KS9CYW5kIDQxICgyLjVHSHopPEJSPuOAkOOBneOBruS7luOAkTY044OT44OD44OI44Ki44O844Kt44OG44Kv44OB44Oj5pCt6LyJQTEwIEZ1c2lvbuODgeODg+ODl+OAgjEy44Oh44Ks44OU44Kv44K744Or44Gu44Kr44Oh44Op44Gv5YWJ5a2m5omL44OW44Os6KOc5q2j5qmf6IO944KS5pCt6LyJ44CCLzIwMTblubQ55pyI6aCD55m65aOyPEJSPjxCUj7jgJDllYblk4HjgrDjg6zjg7zjg4njgJHiiKXimIXimIXimIXimIXimIXiiKXkuK3lj6Tlk4HiiKXliKXpgJTlr77lv5xTSU3jgqvjg7zjg4njgYzlv4XopoHjgavjgarjgorjgb7jgZnjgII8QlI+44CQ5LuY5bGe5ZOB44CRW1VTQumbu+a6kOOCouODgOODl+OCv+OAgUFwcGxlIEVhclBvZHMgd2l0aCBMaWdodG5pbmcgQ29ubmVjdG9y44CBU0lN44Kr44O844OJ44OE44O844Or44CBTGlnaHRuaW5nIC0gMy41IG1t44OY44OD44OJ44OV44Kp44Oz44K444Oj44OD44Kv44Ki44OA44OX44K/44CBTGlnaHRuaW5nIC0gVVNC44Kx44O844OW44OrXeOBjOS7mOWxnuOAgjxCUj7jgJDoo73pgKDnlarlj7fjgJFbMzU5MTg4MDcyNDk2NTU3XTxCUj7jgJBPU+OAkVtpT1MgMTAuMi4xXeaQuuW4r+ODu+mAmuS/oeS6i+alreiAheOBqOOBlOWlkee0hOOBruOBhuOBiOato+imj+OBrlNJTeOCq+ODvOODieOCkuijheedgOOBl+OBpuOBlOWIqeeUqOOBj+OBoOOBleOBhOOAgjxCUj7igLvkuIfjgYzkuIDjgIHjg43jg4Pjg4jjg6/jg7zjgq/liKnnlKjliLbpmZAo6LWk44Ot44OgKeOChOmBoOmalOODreODg+OCr+OBq+OCiOOCi+S9v+eUqOS4jeiDveOBjOeZuueUn+OBl+OBn+WgtOWQiOOBr+OAgeWVhuWTgeWIsOedgOaXpeOCiOOCijPjg7blubTku6XlhoXjgafjgYLjgozjgbDov5Tlk4Eo5Y+W5byV44Gu44Kt44Oj44Oz44K744OrKeOCkuaJv+OCiuOBvuOBmeOAgiAgPEJSPjxCUj7jgJDjgZTms6jmhI/kuovpoIXjgJE8QlI+44O744GT44Gh44KJ44Gu5ZWG5ZOB44Gv5Lit5Y+k5ZWG5ZOB44Gr44Gq44KK44G+44GZ44CCPEJSPuODu+ihqOekuuOBleOCjOOBpuOBhOOCi+WVhuWTgeeUu+WDj+OBr+OCpOODoeODvOOCuOOBq+OBquOCiuOBvuOBmeOAguWun+mam+OBruWVhuWTgeOBqOOBr+eVsOOBquOCiuOBvuOBmeOAgjxCUj7jg7vkuIfkuIDliJ3mnJ/kuI3oia/nrYnjgYzjgYLjgorjgb7jgZfjgZ/loLTlkIjjga/jgZTov5Tlk4Hjga7jgb/jga7jgZTlr77lv5zjgajjgarjgorjgb7jgZnjgII8QlI+44O75Lit5Y+k5ZWG5ZOB44Gr6Zai44GX44G+44GX44Gm44Gv44Oh44O844Kr44O85L+d6Ki844CB5L+d6Ki85pu444Gv5LuY5bGe44GX44Gm44GK44KK44G+44Gb44KT44CCPEJSPuODu+OBneOBruS7luazqOaEj+S6i+mgheOBr1BD44K144Kk44OI44Gr44Gm44GU56K66KqN44GP44Gg44GV44GE44CCPC9mb250PjwvdGQ+PC90cj48L3RhYmxlPg==,44CQ5Lit5Y+k44CR44Ki44OD44OX44OrKEFwcGxlKeWbveWGheeJiFNJTeODleODquODvCBpUGhvbmUgNyBQbHVzIDEyOEdCIOODluODqeODg+OCr+OAkDI5MS11ZOOAke+8muOCveODleODnuODg+ODl+alveWkqeW4guWgtOW6lw==,44K944OV44Oe44OD44OXU29mbWFw44OR44K944Kz44Oz44K/44OW44Os44OD44OIUENIRETjgqLjgrvjg7Pjg5bjg6rjg5Hjg7zjg4Tjg5Hjgr3jgrPjg7Pjg5Hjg7zjg4Tjg4bjg6zjg5PjgrLjg7zjg6Djg5bjg6vjg7zjg6zjgqTjgr3jg5Xjg4hEVkTjgr3jg5Xjg4jmtrLmmbbjg4bjg6zjg5Pjg5bjg6vjg7zjg6zjgqTjg4fjgqPjgrnjgq/jg6zjgrPjg7zjg4Djg7zjg4fjgrjjgr/jg6vkuIDnnLzjg6zjg5Xjgqvjg6Hjg6njg4fjgrjjgr/jg6vjgqvjg6Hjg6nlrrbpm7vmmYLoqIjkuK3lj6TjgqLjgqbjg4jjg6zjg4Pjg4hpUGFkaVBob25l44CQ5Lit5Y+k44CR44Ki44OD44OX44OrKEFwcGxlKeWbveWGheeJiFNJTeODleODquODvCBpUGhvbmUgNyBQbHVzIDEyOEdCIOODluODqeODg+OCr+OAkDI5MS11ZOOAkQ==,44CQ5Lit5Y+k44CR44Ki44OD44OX44OrKEFwcGxlKeWbveWGheeJiFNJTeODleODquODvCBpUGhvbmUgNyBQbHVzIDEyOEdCIOODluODqeODg+OCr+OAkDI5MS11ZOOAkQ==[rn]
16-187195,aHR0cDovL3RzaG9wLnIxMHMuanAvYmVsbGJyZWV6ZS9jYWJpbmV0LzAwMDQ3LTEuanBnP2ZpdGluPTcwMDo3MDA=,NTA0LjAwMDA=,,44K544Oe44O844OI44OV44Kp44Oz44O744K/44OW44Os44OD44OIID4g44K544Oe44O844OI44OV44Kp44Oz44Ki44Kv44K744K144Oq44O8ID4g44Gd44Gu5LuW,6Zu756OB5rOi5bmy5riJ6Ziy5q2i44K344O844OIIOmdnuaOpeinpuWeiyBJQ+OCq+ODvOODiSDjgrfjg7zjg6sg44Ko44Op44O86Ziy5q2iIGlQaG9uZTZzIGlQaG9uZTZzcGx1cyBpUGhvbmU2IGlQaG9uZTZwbHVzIGlQaG9uZTUgaVBob25lNXMgaVBob25lNWMgaVBob25lU0Ug44K544Oe44ObIOOCueODnuODvOODiOODleOCqeODsyDjgrHjg7zjgrkg5a++5b+cIOmYsuejgeOCt+ODvOODiCDoqqTkvZzli5XpmLLmraI=,44CQ44Oh44O844Or5L6/44KS6YG45oqe44Gn6YCB5paZ54Sh5paZ44CRSUPmlLnmnK3lj6Pjgafjga7oqq3lj5bjgorjgqjjg6njg7zpmLLmraLjgavvvIE=,PGltZyBzcmM9Imh0dHA6Ly93d3cucmFrdXRlbi5uZS5qcC9nb2xkL2JlbGxicmVlemUvaW1nL3NldHVtZWkxLmdpZiIgd2lkdGg9MTAwJT48YnI+CjxpbWcgc3JjPSJodHRwOi8vd3d3LnJha3V0ZW4ubmUuanAvZ29sZC9iZWxsYnJlZXplL2ltZy9jdXRzaGVldC5qcGciIHdpZHRoPTEwMCU+PGJyPgo8aW1nIHNyYz0iaHR0cDovL3d3dy5yYWt1dGVuLm5lLmpwL2dvbGQvYmVsbGJyZWV6ZS9pbWcvc2V0dW1laTIuZ2lmIiB3aWR0aD0xMDAlPjxicj4KaVBob25l44GoSUPjgqvjg7zjg4njga7pm7vno4Hms6LlubLmuInjgavjgojjgovoqq3jgb/lj5bjgorjgqjjg6njg7zjgpLpmLLmraLjgZnjgovjgrfjg7zjg4jvvIE8YnI+PGJyPgril4/llYblk4HlkI3vvJrpm7vno4Hms6LlubLmuInpmLLmraLjgrfjg7zjg4g8YnI+CuKXj+OCv+OCpOODl++8muW8seeymOedgOOCt+ODvOODq+OCv+OCpOODlzxicj4K4peP44K144Kk44K677yaSUPjgqvjg7zjg4njgrXjgqTjgrrjgIA4Ne+9je+9je+9mDU0772N772NPGJyPgril4/lr77lv5zmqZ/nqK7vvJpBcHBsZSDjgqLjg4Pjg5fjg6sgaVBob25lNy9pUGhvbmU3UGx1cy9pUGhvbmU2cy9pUGhvbmU2c3BsdXMvaVBob25lNi9pUGhvbmU2cGx1cy9pUGhvbmUgU0UvaVBob25lNS9pUGhvbmU1cy9pUGhvbmU1Yy/jgqLjgqTjg5Xjgqnjg7M3L+OCouOCpOODleOCqeODszYv44Ki44Kk44OV44Kp44OzNuODl+ODqeOCuS/jgqLjgqTjg5Xjgqnjg7M1L+OCouOCpOODleOCqeODszVzL+OCouOCpOODleOCqeODszVj44KEQW5kcm9pZCBHYWxheHnnrYnjgIHlkITnqK7jgrnjg57jg7zjg4jjg5Xjgqnjg7Pjgavlr77lv5w8YnI+CuKXj+WvvuW/nOmdnuaOpeinpuWei0lD44Kr44O844OJ77yaU3VpY2HjgIFQQVNNT+OAgUlDT0NB44CB5qW95aSpRWR544CBV0FPTuOAgW5hbmFjb+OAgWlE44Gq44GpIDxicj48YnI+CuKXj+ijveWTgeeJueW+tO+8mumdnuaOpeinpuWei0lD44Kr44O844OJ44GoaVBob25l44Gq44Gp44Gu44K544Oe44Ob44Go44Gu6Zu756OB5rOi5bmy5riJ44KS6Ziy5q2i44GX44CB6Kqt44G/5Y+W44KK44Ko44Op44O844KS6Ziy44GQ44CB6Zu756OB5rOi5bmy5riJ6Ziy5q2i44K344O844OI44Gn44GZ44CCPGJyPgrpnZ7mjqXop6blnotJQ+OCq+ODvOODieOBqGlQaG9uZeOChOWQhOeoruOCueODnuODvOODiOODleOCqeODs+OBrumWk+OBq+aMn+OCgOOBk+OBqOOBpyDpm7vno4Hms6LlubLmuInjgpLpmLLmraLjgZnjgovlirnmnpzjgpLlvpfjgonjgozjgb7jgZnjgIIKPGJyPuOCt+ODvOODiOOBrueJh+mdouOBr+W8seeymOedgOOBruOCt+ODvOODq+OBqOOBquOBo+OBpuOBiuOCimlQaG9uZeiDjOmdouOBq+iyvOOBo+OBpuS9v+eUqOOBmeOCi+OBk+OBqOOCguOBp+OBjeOBvuOBmeOAgjxicj7mnKzoo73lk4Hjga9JQ+OCq+ODvOODieOBqOWQjOOBmOOCteOCpOOCuuOBp+alteiWhOOBqOOBquOBo+OBpuOBiuOCiuOAgeOCueODnuODm+OCseODvOOCueOBruOCq+ODvOODieODneOCseODg+ODiOOBq+OAgVN1aWNh44KEUEFTTU/jgarjganjga7lkITnqK7pnZ7mjqXop6blnotJQ+OCq+ODvOODieOBqOacrOijveWTgeOCkuS4gOe3kuOBq+S9v+eUqOOBmeOCi+OBk+OBqOOBjOOBp+OBjeOBvuOBmeOAgjxicj4K6aeF44GuSUPmlLnmnK3jgafpoLvnuYHjgavjgqjjg6njg7zjgYzlh7rjgovloLTlkIjjga/mmK/pnZ7jgYroqabjgZfjgY/jgaDjgZXjgYTjgII8YnI+4oC75pys6KO95ZOB44Gu5L2/55So5Lit44Gr55m655Sf44GX44Gf5pys6KO95ZOB44CBaVBob25l44Gu5pWF6Zqc44CB56C05pCN44CB5pCN5YK344Gr44Gk44GE44Gm44CB5b2T5bqX44Gn44Gv6LKs5Lu744KS6LKg44GE44GL44Gt44G+44GZ44CC5LqI44KB44GU5LqG5om/44GP44Gg44GV44GE44CC,6Zu756OB5rOi5bmy5riJ6Ziy5q2i44K344O844OIIOmdnuaOpeinpuWeiyBJQ+OCq+ODvOODiSDjgrfjg7zjg6sg44Ko44Op44O86Ziy5q2iIGlQaG9uZTZzIGlQaG9uZTZzcGx1cyBpUGhvbmU2IGlQaG9uZTZwbHVzIGlQaG9uZTUgaVBob25lNXMgaVBob25lNWMgaVBob25lU0Ug44K544Oe44ObIOOCueODnuODvOODiOODleOCqeODsyDjgrHjg7zjgrkg5a++5b+cIOmYsuejgeOCt+ODvOODiCDoqqTkvZzli5XpmLLmraLvvJpCZWxsQnJlZXpl,Sk9ZUk9PTWlQaG9uZTdpUGhvbmU3IHBsdXNpUGhvbmU2c2lQaG9uZTZzIHBsdXNpUGhvbmU2aVBob25lNnBsdXNpUGhvbmU1aVBob25lNXNpUGhvbmU1Y2lQaG9uZVNFaVBob25lIFNF5omL5biz44Oq44Oz44Kw5LuY44Kx44O844K5UElDT0NJQ0lLTE9HSeaJi+W4s+Wei+OCseODvOOCueaJi+W4s+Wei2lQaG9uZTfjgrHjg7zjgrlpUGhvbmU3UGx1c+OCseODvOOCuWlQaG9uZTZz44Kx44O844K5aVBob25lNnNQbHVz44Kx44O844K5aVBob25lNuOCseODvOOCuWlQaG9uZTZwbHVz44Kx44O844K5aVBob25lNeOCseODvOOCuWlQaG9uZTVz44Kx44O844K5aVBob25lNWPjgrHjg7zjgrnjgqLjgqTjg5Xjgqnjg7M344Ki44Kk44OV44Kp44OzN+ODl+ODqeOCueOCouOCpOODleOCqeODszZz44Ki44Kk44OV44Kp44OzNnPjg5fjg6njgrnjgqLjgqTjg5Xjgqnjg7M244Ki44Kk44OV44Kp44OzNuODl+ODqeOCueOCouOCpOODleOCqeODszXjgqLjgqTjg5Xjgqnjg7M1c+OCouOCpOODleOCqeODszVj5omL5biz44K/44Kk44OX44Kr44OQ44O844OA44Kk44Ki44Oq44O844Kx44O844K544OV44Oq44OD44OX44Kx44O844K544K344Oq44Kz44Oz44Kx44O844K544Ki44Or44Of44OQ44Oz44OR44O844OP44O844OJ44Kx44O844K5VFBV44Kx44O844K544Os44K244O844Kx44O844K55pys6Z2p5pys55qu44Op44Oh44Kt44Op44Kt44Op5aSc5YWJTEVE5YWJ44KL44GL44KP44GE44GE44GK44GX44KD44KM44OW44Op44Oz44OJ6LKh5biD5LiA5L2T5Z6LQXBwbGXjgqLjg4Pjg5fjg6vjgqLjgqTjg5Xjgqnjg7NpUGhvbmVpUG9kaVBvZCB0b3VjaGlQYWRpUGFkIG1pbmlBaXJXYXRjaOW8t+WMluOCrOODqeOCueODleOCo+ODq+ODoDAuMTVtbeODouODkOOCpOODq+ODkOODg+ODhuODquODvOWFhembu+OCseODvOODluODq+OCu+ODq+OCq+ODrOODs+OCuuOCu+ODq+OCq+ajkuiHquaSruOCiuajkumYsuawtOOCseODvOOCuUlQWDhRaeOCueODnuODm+OCouOCr+OCu+OCteODquODvOeMq0hlbGxvRGVlcmVSRU1BWExlaWVyc0ppaXpp44Kv44Ot44Ku44Kr44Ot44O844OB6YCB5paZ54Sh5paZ6ZaL44GL44Ga5pON5L2c56qT5LuY44GN44ON44OD44Kv44K544OI44Op44OD44OX44K544OI44Op44OD44OX44Kr44O844OJ5YWl44KM44K544K/44Oz44OJ5a++5b+c6Zu756OB5rOi5bmy5riJ6Ziy5q2i44K344O844OIIOmdnuaOpeinpuWeiyBJQ+OCq+ODvOODiSDjgrfjg7zjg6sg44Ko44Op44O86Ziy5q2iIGlQaG9uZTZzIGlQaG9uZTZzcGx1cyBpUGhvbmU2IGlQaG9uZTZwbHVzIGlQaG9uZTUgaVBob25lNXMgaVBob25lNWMgaVBob25lU0Ug44K544Oe44ObIOOCueODnuODvOODiOODleOCqeODsyDjgrHjg7zjgrkg5a++5b+cIOmYsuejgeOCt+ODvOODiCDoqqTkvZzli5XpmLLmraI=,44CQ44Oh44O844Or5L6/44KS6YG45oqe44Gn6YCB5paZ54Sh5paZ44CRSUPmlLnmnK3lj6Pjgafjga7oqq3lj5bjgorjgqjjg6njg7zpmLLmraLjgavvvIHjgILpm7vno4Hms6LlubLmuInpmLLmraLjgrfjg7zjg4gg6Z2e5o6l6Kem5Z6LIElD44Kr44O844OJIOOCt+ODvOODqyDjgqjjg6njg7zpmLLmraIgaVBob25lNnMgaVBob25lNnNwbHVzIGlQaG9uZTYgaVBob25lNnBsdXMgaVBob25lNSBpUGhvbmU1cyBpUGhvbmU1YyBpUGhvbmVTRSDjgrnjg57jg5sg44K544Oe44O844OI44OV44Kp44OzIOOCseODvOOCuSDlr77lv5wg6Ziy56OB44K344O844OIIOiqpOS9nOWLlemYsuatog==[rn]
16-187196,aHR0cDovL3RzaG9wLnIxMHMuanAvZW5ldGFubWluL2NhYmluZXQvdGFzeWEyLzk4NDk2NzItYWxsLmpwZz9maXRpbj03MDA6NzAw,MTUwOC44MDAw,,44K544Oe44O844OI44OV44Kp44Oz44O744K/44OW44Os44OD44OIID4g44K544Oe44O844OI44OV44Kp44Oz44Ki44Kv44K744K144Oq44O8ID4g44Gd44Gu5LuW,aUJlbGwgaVBob25l44Gr6KOF552A44GZ44KL5by35Yqb55uu6Kaa44G+44GX44OZ44Or44Ki44Op44O844OgIOOCouOCpOODmeODqyBOLTAxNCDjg5bjg6njg4Pjgq/jg7vjg5vjg6/jgqTjg4jjgJBUQ+OAkeOAkEhE44CR,5Lq65rCX5ZWG5ZOB44Od44Kk44Oz44OI5pyA5aSnMTDlgI3vvIEg772eNC8xOA==,,aUJlbGwgaVBob25l44Gr6KOF552A44GZ44KL5by35Yqb55uu6Kaa44G+44GX44OZ44Or44Ki44Op44O844OgIOOCouOCpOODmeODqyBOLTAxNCDjg5bjg6njg4Pjgq/jg7vjg5vjg6/jgqTjg4jjgJBUQ+OAkeOAkEhE44CR77ya5a+d5YW344Go5a6J55yg44Kw44OD44K65bCC6ZaA5bqXIGFubWlu,5a+d5YW344OZ44OD44OJ44Oe44OD44OI44Os44K557695q+b5biD5Zuj5biD5Zuj44K744OD44OI5p6V6KW/5bed5o6b44GR5biD5Zuj44Ki44Kk44Oq44K544Kq44O844Ok44Oe5Y+O57SN5pW35biD5Zuj44Ko44Ki44Oq44O8IOODnuODg+ODiOODrOOCueODleODqeODs+OCueODmeODg+ODiUZhYiB0aGUgaG9tZeW6p+akheWtkOWutuWFt+aKmOOCiuOBn+OBn+OBv+ODmeODg+ODieODmeODk+ODvOOBteOBqOOCk+OCouOCpuODiOODqeOCueODiOODqeODg+OCr2lCZWxsIGlQaG9uZeOBq+ijheedgOOBmeOCi+W8t+WKm+ebruimmuOBvuOBl+ODmeODq+OCouODqeODvOODoCDjgqLjgqTjg5njg6sgTi0wMTQg44OW44Op44OD44Kv44O744Ob44Ov44Kk44OI44CQVEPjgJHjgJBIROOAkQ==,5Lq65rCX5ZWG5ZOB44Od44Kk44Oz44OI5pyA5aSnMTDlgI3vvIEg772eNC8xOOOAgmlCZWxsIGlQaG9uZeOBq+ijheedgOOBmeOCi+W8t+WKm+ebruimmuOBvuOBl+ODmeODq+OCouODqeODvOODoCDjgqLjgqTjg5njg6sgTi0wMTQg44OW44Op44OD44Kv44O744Ob44Ov44Kk44OI44CQVEPjgJHjgJBIROOAkQ==[rn]
16-187197,aHR0cDovL3RzaG9wLnIxMHMuanAvc2VsZW5lLS9jYWJpbmV0L2xpYjQ3L3Boby0wMTEuanBnP2ZpdGluPTcwMDo3MDA=,MjU5Mi4wMDAw,,44K544Oe44O844OI44OV44Kp44Oz44O744K/44OW44Os44OD44OIID4g44K544Oe44O844OI44OV44Kp44Oz44Ki44Kv44K744K144Oq44O8ID4g44Gd44Gu5LuW,aVBob25lIEFuZHJvaWQg44K544Oe44Ob55SoIDLlj7DlkIzmmYLlhYXpm7vjgoLlj6/og73jgarlhYXpm7vlmagg6JOE6Zu75rGgIFVNSSBVU0hJIFRhYmxldCA1NTAwIOOCpuODn+OCpuOCtyDjgr/jg5bjg6zjg4Pjg4ggNTUwMCDlhYXpm7vlmaggVS1UNTUwMC1CTFV85YaF56Wd44GEX+OBiui/lOOBl1/ntZDlqZrnpZ3jgYRf44GK6KqV55Sf5pelX+WHuueUo+elneOBhHzjgq7jg5Xjg4h844GK5L6b44GIfDEwODAw5YaG772e6YCB5paZ54Sh5paZfOaYpeWkj1/otIjjgornialf5q+N44Gu5pelfA==,5b6M5omV44GEKOOCs+ODs+ODk+ODi+axuua4iOOCgk9LKeWni+OCgeOBvuOBl+OBnw==,OOeorumhnuOBruOCouODgOODl+OCv+ODvOS7mOOAgm1pY3JvVVNCKOOCueODnuODvOODiOODleOCqeODs+eUqCnjgIFpUGhvbmUvaVBhZC9pUG9k44CBRk9NQS9Tb2Z0QmFua+OAgWF144CBbWluaVVTQihQb2NrZXQgd2lmaS1EMjVIVyDnrYkp44CBUFNQ44CBTmludGVuZG8gRHNp44CBTmludGVuZG8gRFMgTGl0ZeeUqOOBruOCouODgOODl+OCv+ODvOOBjOS7mOWxnuOBl+OBpuOBhOOBvuOBmeOAgjxicj7jgrXjgqTjgrrvvJoxMTTDlzczw5cxOG1tPGJyPumHjemHj++8mjE2MGc8YnI+44OQ44OD44OG44Oq44O85a656YeP77yaMy43Vi8177yMNTAwbUFoPGJyPuWumuagvOWFpeWKm++8mjUuMFYgMUE8YnI+5a6a5qC85Ye65Yqb77yaNS4wViAxQcOXMjxicj7ku5jlsZ7lk4HvvJrjgqLjg4Djg5fjgr/jg7zvvJjnqK7vvIwg5YWF6Zu755So44Kx44O844OW44Or77yM5Y+O57SN44Od44O844OBPGJyPuS/neitt+apn+iDve+8mumBjumbu+a1geOAgemBjuWFhembu+OAgemBjuaUvumbu+S/neittzxicj7ok4Tpm7vmmYLplpPvvJrntIQ4772eOeaZgumWkzxicj48YnI+4oC75LiK6KiY44Gv55uu5a6J5pmC6ZaT44Gn44GZ44CCPGJyPjxicj7plqLpgKPjg6/jg7zjg4nvvJrjg4vjg4Pjgrvjg7PlvozmiZXjgYQgY29t44CB44Oh44Oz44K644CB6aOf5ZOB44CB44K544Kk44O844OE44CB5q+N44Gu5pel44CB5a2Q5L6b44Gu5pel44CB44Kz44Oz44OT44OLIOW+jOaJleOBhOOAgemAmuiyqeOAgeaWmemHkeW+jOaJleOBhOOAgeeGqOaWl+OAgeOAkOW4sOecgeWcn+eUo+OAkSDjgJDluLDnnIFf5p2x5YyX44CRIOOAkOW4sOecgV/kuK3lm73jgJEg44CQ5biw55yBX+Wbm+WbveOAkSDjgJDluLDnnIFf5YyX5rW36YGT44CRIOOAkOW4sOecgV/kuZ3lt57jgJEg44CQ5biw55yBX+mWouadseOAkSDjgJDluLDnnIFf5p2x5Lqs44CR,aVBob25lIEFuZHJvaWQg44K544Oe44Ob55SoIDLlj7DlkIzmmYLlhYXpm7vjgoLlj6/og73jgarlhYXpm7vlmagg6JOE6Zu75rGgIFVNSSBVU0hJIFRhYmxldCA1NTAwIOOCpuODn+OCpuOCtyDjgr/jg5bjg6zjg4Pjg4ggNTUwMCDlhYXpm7vlmaggVS1UNTUwMC1CTFV85YaF56Wd44GEX+OBiui/lOOBl1/ntZDlqZrnpZ3jgYRf44GK6KqV55Sf5pelX+WHuueUo+elneOBhHzjgq7jg5Xjg4h844GK5L6b44GIfDEwODAw5YaG772e6YCB5paZ54Sh5paZfOaYpeWkj1/otIjjgornialf5q+N44Gu5pelfO+8muODrOODh+OCo+ODvOOCuemAmuiyqeOBruOCveODqeODvOODqQ==,5qCq5byP5Lya56S+44Kk44Kq44K544OI44Os44O844OH44Kj44Oz44Kw44Gu6YCa6LKp44Ki44OKIOOCueOCpO+8iEFOTkEgU1VJ77yJ44Gu5pyA5paw5oOF5aCx44KE5Lq65rCX44Ki44Kk44OG44OgIOacgOaWsOODleOCoeODg+OCt+ODp+ODs+OCkuaPkOS+m+OBmeOCi+mAmuiyqeOCsOODg+ODgeODvOODiyhHdWNjaW55JmFtcDtjbynjga7jg6zjg4fjgqPjg7zjgrnjg7vjg6Hjg7PjgrrosqHluIPjgoQg44Kr44O844OJ44Kx44O844K544CB44Ks44K444Kn44OD44OI44Kx44O844K544Gu5pyA5paw44OV44Kh44OD44K344On44Oz44KS5o+Q5L6b44GZ44KL6YCa6LKp44K144Oz44OI44Oq44O844Gu5YGl5bq36aOf5ZOB44O744K144OX44Oq44Oh44Oz44OI77yP5YyW57Kn5ZOBIOmAmuiyqeOCkuOCquODs+ODqeOCpOODs+OBp+OBiuWxiuOBkeOAguipsemhjOOBruaIkOWIhiDjgrvjgrXjg5/jg7PjgIHjgqLjg6njgq3jg4njg7PphbgoQVJBKeOAgURIQeOAgeOCsOODq+OCs+OCteODn+ODs+OAgemdkuaxgeOAgeODl+ODreODhuOCr+ODiOS5s+mFuOiPjOOAgeODnuOCq+OAgSDjgqjjg5XjgqHjg7zjgrjjg6XjgarjganjgIHoh6rnhLbjga7mgbXjgb/jgpLnlJ/jgYvjgZnmioDooZPjgajnp5HlrabnmoTmoLnmi6Djgavoo4/ku5jjgZHjgonjgozjgZ/lgaXlurfpo5/lk4Hohbjjgb7jgaflsYrjgY/jg6njgq/jg4jjg5Xjgqfjg6rjg7Pjga7lirnmnpzjgpLnorrjgYvjgoHjgovjgarjgonjg6njgqTjgqrjg7Pjga7pgJrosqnjgrXjgqTjg4jjgILlrrbml48g44Gu5YGl5bq344KS6ICD44GI44KL44Kr44Or44OU44K556S+44Gq44KJ44Gn44Gv44GuIOWuieW/g+OBl+OBpuOBlOWIqeeUqOOBhOOBn+OBoOOBkeOCi+OCteODl+ODquODoeODs+ODiOOBp+OBmeOAguiHquWuheOBp+ewoeWNmOOBq+eCremFuOawtOOCkuS9nOOCjOOCi+S4lueVjOS4reOBp+Wkp+S6uuawl+OBruOCveODvOODgOODoeODvOOCq+ODvOOAgXNvZGFzdHJlYW0g44K944O844OAIOOCueODiOODquODvOODoOOCrOODiOODvOODqeOCueOCr+OAjOOCsOODvOODhuODu+ODh+ODu+ODreODr+OAjeOCkuOBr+OBmOOCgeOBqOOBmeOCi+OCrOODiOODvOODleOCp+OCueOCv+ODu+ODj+ODqeODgOOBruS6uuawl+OBrueEvOOBjeiPk+WtkOOBiuWPluOCiuWvhOOBm+OCueOCpOODvOODhOODu+OCsOODq+ODoeOCs+ODs+ODieODvOODoOOBrumAmuiyqeOCkuOBiuaOouOBl+OBquOCieOBruOCveODqeODvOODqeOBp+WuieW/g+OBqOS/oemgvOOAgeOBneOBl+OBpua/gOWuieS+oeagvOOCkuiqh+OCi+Wkp+S6uuOBrumAmuiyqeOCt+ODp+ODg+ODl+alreWLmeeUqOWVhuWTgeOCkuOBiuW+l+OBq+iyt+OBhuOBquOCieOAgeOCveODqeODvOODqeOBp+OAgummmeawtOa/gOWuiemAmuiyqeOCteOCpOODiOWls+aAp+eUqOa9pOa7keOCvOODquODvOODu+a9pOa7keODreODvOOCt+ODp+ODs+OBruOCpuOCp+ODg+ODiOODiOODqeOCueODiOOAgOaAp+S6pOeXm+WvvuetluOBi+OCieODh+ODquOCseODvOODiOOCvuODvOODs+OBruOCseOCouOBvuOBp+OCpuOCo+ODg+OCsCDjg5zjg5Yg44OV44Or44Km44Kj44OD44KwMeaXpeOBmuOBo+OBqOOAgee+juiEmuOBp+i7veOChOOBi+OAguOCueODquODoOOCpuOCqeODvOOCr+OCveODqeODvOODqeOBr+WMlueyp+WTgeODu+OCs+OCueODoeOBrumAmuiyqeODu+i8uOWFpeWNuOOCteOCpOODiOOBp+OBmeOAguODjOODvOODluODqeOCkuiyt+OBhuOBquOCieOCs+OCsyHjgrnjg4jjg6njg4Pjg5fjgoLogqnntJDjga7jgarjgYTlv6vpganjgrfjg6rjgrPjg7Pjg5bjg6njgYrmgKXjgY7llYblk4HjgpLmnIDnn63nv4zml6XjgavjgYrlsYrjgZHjgZfjgb7jgZnjgILjg5Xjg6njg6/jg7zjg5Pjgq3jg4vjgIHjg6/jg7Pjg5Tjg7zjgrnmsLTnnYDjgIHjg5Hjg6zjgqrku5jjgIDmsLTnnYDjga7pgJrosqnjgarjgonjgr3jg6njg7zjg6nvvIFpUGhvbmUgQW5kcm9pZCDjgrnjg57jg5vnlKggMuWPsOWQjOaZguWFhembu+OCguWPr+iDveOBquWFhembu+WZqCDok4Tpm7vmsaAgVU1JIFVTSEkgVGFibGV0IDU1MDAg44Km44Of44Km44K3IOOCv+ODluODrOODg+ODiCA1NTAwIOWFhembu+WZqCBVLVQ1NTAwLUJMVXzlhoXnpZ3jgYRf44GK6L+U44GXX+e1kOWpmuelneOBhF/jgYroqpXnlJ/ml6Vf5Ye655Sj56Wd44GEfOOCruODleODiHzjgYrkvpvjgYh8MTA4MDDlhobvvZ7pgIHmlpnnhKHmlpl85pil5aSPX+i0iOOCiueJqV/mr43jga7ml6V8,5b6M5omV44GEKOOCs+ODs+ODk+ODi+axuua4iOOCgk9LKeWni+OCgeOBvuOBl+OBn+OAgmlQaG9uZSBBbmRyb2lkIOOCueODnuODm+eUqCAy5Y+w5ZCM5pmC5YWF6Zu744KC5Y+v6IO944Gq5YWF6Zu75ZmoIOiThOmbu+axoCBVTUkgVVNISSBUYWJsZXQgNTUwMCDjgqbjg5/jgqbjgrcg44K/44OW44Os44OD44OIIDU1MDAg5YWF6Zu75ZmoIFUtVDU1MDAtQkxVfOWGheelneOBhF/jgYrov5TjgZdf57WQ5ama56Wd44GEX+OBiuiqleeUn+aXpV/lh7rnlKPnpZ3jgYR844Ku44OV44OIfOOBiuS+m+OBiHwxMDgwMOWGhu+9numAgeaWmeeEoeaWmXzmmKXlpI9f6LSI44KK54mpX+avjeOBruaXpXw=[rn]
16-187198,aHR0cDovL3RzaG9wLnIxMHMuanAvbWFtYWJhYnkvY2FiaW5ldC90YXN5YTEwLzkyMjY1NjQtZS5qcGc/Zml0aW49NzAwOjcwMA==,NzI2LjQwMDA=,,44K544Oe44O844OI44OV44Kp44Oz44O744K/44OW44Os44OD44OIID4g44K544Oe44O844OI44OV44Kp44Oz44Ki44Kv44K744K144Oq44O8ID4g44Gd44Gu5LuW,RFJFVEVDW+ODieODquODhuODg+OCr10gVVNC6Zu75rqQ44Ki44OA44OX44K/44O8IEFELTgwMiBXVCDjgJBLTeOAkeOAkFRD44CR44CU44Kz44Oz44OR44Kv44OI44O7aVBob25l44O7aVBvZOODu+OCpuOCqeODvOOCr+ODnuODs+ODu+OCueODnuODvOODiOODleOCqeODs+ODu+OCueODnuODm+ODu+OCv+ODluODrOODg+ODiOOAlQ==,5bqX5YaF5LiA6YOo5ZWG5ZOB44Od44Kk44Oz44OIVVDimIbmnIDlpKcxMOWAje+8gQ==,PCEtLeKWvOOCq+OCtOS4i+ODkOODiuODvC0tPjxjZW50ZXI+PGZvbnQgY29sb3I9IiNmZjE0OTMiIHNpemU9IjYiPjxiPi0t5Lq65rCX5oCl5LiK5piH44Ki44Kk44OG44OgLS08L2I+PC9jZW50ZXI+PC9mb250PjxpZnJhbWUgc3JjPSJodHRwOi8vd3d3LnJha3V0ZW4ubmUuanAvZ29sZC9tYW1hYmFieS9jYXJ0Lmh0bWwiIHdpZHRoPSIxMDAlIiBoZWlnaHQ9IjQwMCIgc2Nyb2xsaW5nPSJubyIgZnJhbWVib3JkZXI9IjAiID0iIj48L2lmcmFtZSDjgIA+PGJyPjwhLS3ilrLjgqvjgrTkuIvjg5Djg4rjg7wtLT4KPGZvbnQgY29sb3I9ImRlZXBwaW5rIj48Yj7jg5Hjgr3jgrPjg7PjgpLkvb/jgo/jgZrjgatpUGhvbmXjgoRpUG9k44K544Oe44O844OI44OV44Kp44Oz44KS5YWF6Zu74pmqPC9iPjwvZm9udD48YnI+Cjxicj4K5Y+v5YuV5byP44OX44Op44Kw44Gn44Kz44Oz44OR44Kv44OI44Gr5Y+O57SN44CC5oyB44Gh6YGL44Gz44Gr5L6/5Yip44Gn44GZ44CCPGJyPgrjg5Hjgr3jgrPjg7PjgpLkvb/jgo/jgZrjgatpUGhvbmXjgoRpUG9044CB44K544Oe44O844OI44OV44Kp44Oz44KS5YWF6Zu744Gn44GN44G+44GZ44CCPGJyPgrigLtpUGhvbmUvaVBvdC9QREEv5pC65biv6Zu76KmxL+OCpuOCqeODvOOCr+ODnuODsy9NUDPjg5fjg6zjg7zjg6Tjg7zjgrLjg7zjg6DmqZ/jgarjgak8YnI+Cjxicj4K4peP5ZWG5ZOB44K144Kk44K677yI57SE77yJ77ya5bmFMi44w5flpaXooYwyLjjDl+mrmOOBlTIuOGNtPGJyPgril4/ph43ph4/vvJrntIQyNWc8YnI+CuKXj+adkOizqu+8mlBDPGJyPgril4/lh7rlipvpm7vlnKfvvJpEQzVWPGJyPgril4/lh7rlipvpm7vmtYHvvJrmnIDlpKcxLjAwMO+9jUE8YnI+CuKXj+ODneODvOODiO+8mlVTQiBBLe+9lHlwZTxicj4K4peP5YWl5Yqb6Zu75Zyn77yaQUMxMDBWLTI0MFY8YnI+CuKAuyBVU0LjgrHjg7zjg5bjg6vjga/ku5jlsZ7jgZfjgb7jgZvjgpM8YnI+,RFJFVEVDW+ODieODquODhuODg+OCr10gVVNC6Zu75rqQ44Ki44OA44OX44K/44O8IEFELTgwMiBXVCDjgJBLTeOAkeOAkFRD44CR44CU44Kz44Oz44OR44Kv44OI44O7aVBob25l44O7aVBvZOODu+OCpuOCqeODvOOCr+ODnuODs+ODu+OCueODnuODvOODiOODleOCqeODs+ODu+OCueODnuODm+ODu+OCv+ODluODrOODg+ODiOOAle+8muWtkOiCsuOBpuODnuODnuOBruW6l+OAgOODmeODk+ODvOODu+OCreODg+OCug==,44Kt44OD44K644OB44Kn44K544OI44OZ44OT44O85a2Q5L6b44GK44KC44Gh44KD5Y+O57SN5a2Q5L6b6YOo5bGL5Y+O57SN44GK44KA44Gk44OH44Kj44K644OL44O844OZ44OT44O844Kr44O844OB44Oj44Kk44Or44OJ44K344O844OI5Ye655Sj44OZ44OT44O844Ku44OV44OI44Kt44OD44K644GT44Gp44KC44OZ44OT44O844OB44Kn44Ki44OZ44OT44O844OI44Kk44Os44Kt44OD44K644Or44O844Og5q2p6KGM5Zmo54mp5bmy44GX44Of44Or44KvRFJFVEVDW+ODieODquODhuODg+OCr10gVVNC6Zu75rqQ44Ki44OA44OX44K/44O8IEFELTgwMiBXVCDjgJBLTeOAkeOAkFRD44CR44CU44Kz44Oz44OR44Kv44OI44O7aVBob25l44O7aVBvZOODu+OCpuOCqeODvOOCr+ODnuODs+ODu+OCueODnuODvOODiOODleOCqeODs+ODu+OCueODnuODm+ODu+OCv+ODluODrOODg+ODiOOAlQ==,5bqX5YaF5LiA6YOo5ZWG5ZOB44Od44Kk44Oz44OIVVDimIbmnIDlpKcxMOWAje+8geOAgkRSRVRFQ1vjg4njg6rjg4bjg4Pjgq9dIFVTQumbu+a6kOOCouODgOODl+OCv+ODvCBBRC04MDIgV1Qg44CQS03jgJHjgJBUQ+OAkeOAlOOCs+ODs+ODkeOCr+ODiOODu2lQaG9uZeODu2lQb2Tjg7vjgqbjgqnjg7zjgq/jg57jg7Pjg7vjgrnjg57jg7zjg4jjg5Xjgqnjg7Pjg7vjgrnjg57jg5vjg7vjgr/jg5bjg6zjg4Pjg4jjgJU=[rn]
16-187199,aHR0cDovL3RzaG9wLnIxMHMuanAva3VyYXNoaWtlbmtvdS9jYWJpbmV0L3Rhc3lhMTAvOTIyNjU2NC1lLmpwZz9maXRpbj03MDA6NzAw,NzI2LjQwMDA=,,44K544Oe44O844OI44OV44Kp44Oz44O744K/44OW44Os44OD44OIID4g44K544Oe44O844OI44OV44Kp44Oz44Ki44Kv44K744K144Oq44O8ID4g44Gd44Gu5LuW,RFJFVEVDW+ODieODquODhuODg+OCr10gVVNC6Zu75rqQ44Ki44OA44OX44K/44O8IEFELTgwMiBXVCDjgJBLTeOAkeOAkFRD44CR44CU44Kz44Oz44OR44Kv44OI44O7aVBob25l44O7aVBvZOODu+OCpuOCqeODvOOCr+ODnuODs+ODu+OCueODnuODvOODiOODleOCqeODs+ODu+OCueODnuODm+ODu+OCv+ODluODrOODg+ODiOOAlQ==,44CQ56iO6L68Mzk5MOWGhuS7peS4iuOBp+mAgeaWmeeEoeaWmeOAkQ==,PCEtLeKWvOOCq+OCtOS4i+ODkOODiuODvC0tPjxjZW50ZXI+PGZvbnQgY29sb3I9IiNmZjE0OTMiIHNpemU9IjYiPjwvY2VudGVyPjwvZm9udD48aWZyYW1lIHNyYz0iaHR0cDovL3d3dy5yYWt1dGVuLm5lLmpwL2dvbGQva3VyYXNoaWtlbmtvdS9jYXJ0XzE2MTAxOC5odG1sIiB3aWR0aD0iMTAwJSIgaGVpZ2h0PSI2NzAiIHNjcm9sbGluZz0ibm8iIGZyYW1lYm9yZGVyPSIwIiA9IiI+PC9pZnJhbWUg44CAPjwhLS3ilrLjgqvjgrTjg7vvvbrjg5Djg4rjg7wtLT48YnI+CgoKCgoKCgoKCgoKCgoKCgoKCgo8Zm9udCBjb2xvcj0iZGVlcHBpbmsiPjxiPuODkeOCveOCs+ODs+OCkuS9v+OCj+OBmuOBq2lQaG9uZeOChGlQb2Tjgrnjg57jg7zjg4jjg5Xjgqnjg7PjgpLlhYXpm7vimao8L2I+PC9mb250Pjxicj4KPGJyPgrlj6/li5XlvI/jg5fjg6njgrDjgafjgrPjg7Pjg5Hjgq/jg4jjgavlj47ntI3jgILmjIHjgaHpgYvjgbPjgavkvr/liKnjgafjgZnjgII8YnI+CuODkeOCveOCs+ODs+OCkuS9v+OCj+OBmuOBq2lQaG9uZeOChGlQb3TjgIHjgrnjg57jg7zjg4jjg5Xjgqnjg7PjgpLlhYXpm7vjgafjgY3jgb7jgZnjgII8YnI+CuKAu2lQaG9uZS9pUG90L1BEQS/mkLrluK/pm7voqbEv44Km44Kp44O844Kv44Oe44OzL01QM+ODl+ODrOODvOODpOODvOOCsuODvOODoOapn+OBquOBqTxicj4KPGJyPgril4/llYblk4HjgrXjgqTjgrrvvIjntITvvInvvJrluYUyLjjDl+WlpeihjDIuOMOX6auY44GVMi44Y208YnI+CuKXj+mHjemHj++8mue0hDI1Zzxicj4K4peP5p2Q6LOq77yaUEM8YnI+CuKXj+WHuuWKm+mbu+Wcp++8mkRDNVY8YnI+CuKXj+WHuuWKm+mbu+a1ge+8muacgOWkpzEuMDAw772NQTxicj4K4peP44Od44O844OI77yaVVNCIEEt772UeXBlPGJyPgril4/lhaXlipvpm7vlnKfvvJpBQzEwMFYtMjQwVjxicj4K4oC7IFVTQuOCseODvOODluODq+OBr+S7mOWxnuOBl+OBvuOBm+OCkzxicj4=,RFJFVEVDW+ODieODquODhuODg+OCr10gVVNC6Zu75rqQ44Ki44OA44OX44K/44O8IEFELTgwMiBXVCDjgJBLTeOAkeOAkFRD44CR44CU44Kz44Oz44OR44Kv44OI44O7aVBob25l44O7aVBvZOODu+OCpuOCqeODvOOCr+ODnuODs+ODu+OCueODnuODvOODiOODleOCqeODs+ODu+OCueODnuODm+ODu+OCv+ODluODrOODg+ODiOOAle+8muaaruOCieOBl+WBpeW6t+ODjeODg+ODiOmkqA==,44Kt44OD44OB44Oz44OQ44K56Kq/55CG5Zmo5YW35rSX5Ymk44Kv44Oq44K544K/44Or44Ks44Kk44K244O8NTAwbWzmn5Tou5/liaTlrqTlhoXnianlubLjgZfnianlubLjgZflgaXlurfpo5/lk4HjgqLjgqTjg6rjgrnjgqrjg7zjg6Tjg57mjoPpmaTjg4/jg7Pjgqzjg7zmtJfmv6/lj47ntI3nsbPjg4DjgqTjgqjjg4Pjg4jmsLTjg4Djgqbjg4vjg7zjg5Xjg6njgqTjg5Hjg7PnibnojLZEUkVURUNb44OJ44Oq44OG44OD44KvXSBVU0Lpm7vmupDjgqLjg4Djg5fjgr/jg7wgQUQtODAyIFdUIOOAkEtN44CR44CQVEPjgJHjgJTjgrPjg7Pjg5Hjgq/jg4jjg7tpUGhvbmXjg7tpUG9k44O744Km44Kp44O844Kv44Oe44Oz44O744K544Oe44O844OI44OV44Kp44Oz44O744K544Oe44Ob44O744K/44OW44Os44OD44OI44CV,44CQ56iO6L68Mzk5MOWGhuS7peS4iuOBp+mAgeaWmeeEoeaWmeOAkeOAgkRSRVRFQ1vjg4njg6rjg4bjg4Pjgq9dIFVTQumbu+a6kOOCouODgOODl+OCv+ODvCBBRC04MDIgV1Qg44CQS03jgJHjgJBUQ+OAkeOAlOOCs+ODs+ODkeOCr+ODiOODu2lQaG9uZeODu2lQb2Tjg7vjgqbjgqnjg7zjgq/jg57jg7Pjg7vjgrnjg57jg7zjg4jjg5Xjgqnjg7Pjg7vjgrnjg57jg5vjg7vjgr/jg5bjg6zjg4Pjg4jjgJU=[rn]
16-187200,aHR0cDovL3RzaG9wLnIxMHMuanAvZWRpb24vY2FiaW5ldC9nb29kcy9sbC9pbWdfMTQ3LzQ5Njk4ODc2MzUyOTJfbGwuanBnP2ZpdGluPTcwMDo3MDA=,MTI3OC40MDAw,,44K544Oe44O844OI44OV44Kp44Oz44O744K/44OW44Os44OD44OIID4g44K544Oe44O844OI44OV44Kp44Oz44Ki44Kv44K744K144Oq44O8ID4g44Gd44Gu5LuW,44K144Oz44Ov44K144OX44Op44KkIOOCueODnuODm+OCr+ODquODg+ODlyDjg5bjg6njg4Pjgq8gQ1ItTEFTUDFCSyBbQ1JMQVNQMUJLXQ==,,4pah5ZWG5ZOB6Kqs5piOPGJyPuKXj+OCueODnuODvOODiOODleOCqeODs+OChOOCv+ODluODrOODg+ODiOOCkua2suaZtuODh+OCo+OCueODl+ODrOOCpOOChOODjuODvOODiOODkeOCveOCs+ODs+OBrue4geOBq+WPluOCiuS7mOOBkeOCieOCjOOCi+OCr+ODquODg+ODl+OBp+OBmeOAgjxicj7il4/ljprjgb/jga7jgYLjgovmtrLmmbbjg4fjgqPjgrnjg5fjg6zjgqTjgavlj5bjgorku5jjgZHjgovjgZ/jgoHjga7jgqLjgr/jg4Pjg4Hjg6Hjg7Pjg4jjgYzku5jlsZ7jgZfjgabjgYTjgb7jgZnjgII8YnI+4peP5oyf44G/6L6844G/6YOo5YiG44Gr44Gv44Ko44Op44K544OI44Oe44GM6LK844KJ44KM44Gm44GK44KK44CB5qmf5Zmo44KS5YK344Gk44GR44G+44Gb44KT44CCPGJyPuKXj+Wkp+Wei+OCueODnuODvOODiOODleOCqeODs+OAgTfvvZ4444Kk44Oz44OB56iL5bqm44Gu44K/44OW44Os44OD44OI44KS5Y+W44KK5LuY44GR44KJ44KM44G+44GZ44CCKOWOmuOBlTEybW3jgIHph43jgZU0MDBn44G+44Gn44Gu5qmf56iu44Gr5a++5b+c44GX44G+44GZ44CCKTxicj7il4/nlLvpnaLjga7lt6blj7PjganjgaHjgonjgavjgoLlj5bjgorku5jjgZHlj6/og73jgafjgZnjgII8YnI+44CA4oC75Y+W44KK5LuY44GR44Gf6Zqb44Gr5qmf5Zmo44Gv5bCR44GX5YaF5YG044KS5ZCR44GP44KI44GG44Gr44Gq44KK44G+44GZ44CCPGJyPuOAgOKAu+WOmuOBlTEybW3jgb7jgafjga7lr77osaHnianjgpLmjJ/jgb/ovrzjgoHjgb7jgZnjgII8YnI+4pah5ZWG5ZOB5LuV5qeYPGJyPuKXj+WvvuW/nDrljprjgZUxMm1t44CB6YeN44GVNDAwZ+OBvuOBp+OBruOCueODnuODvOODiOODleOCqeODs+OAgTjjgqTjg7Pjg4Hjgb7jgafjga7jgr/jg5bjg6zjg4Pjg4g8YnI+4peP5p2Q6LOqOkFCU+aoueiEgjxicj7il4/lr7jms5U6VzQuMjbDl0gxMS41M8OXRDQuNjVjbTxicj7il4/os6rph486MzJnPGJyPuKXj+aiseWMhTox5YCL5Y+jLzEyLjLDlzE5LjDDlzQuMzVjbeODuzgyZzxicj7il4/lh7rojbflvaLmhYs657WE56uL5Ye66I23PGJyPuKXj+S7mOWxnuWTgTrmtrLmmbbjg6Ljg4vjgr/lj5bjgorku5jjgZHnlKjjgqLjgr/jg4Pjg4Hjg6Hjg7Pjg4go5Lih6Z2i44OG44O844OX5LuY44GNKQ==,44K144Oz44Ov44K144OX44Op44KkIOOCueODnuODm+OCr+ODquODg+ODlyDjg5bjg6njg4Pjgq8gQ1ItTEFTUDFCSyBbQ1JMQVNQMUJLXe+8muOCqOODh+OCo+OCquODs+OAgOalveWkqeW4guWgtOW6lw==,44K144Oz44Ov44K144OX44Op44KkIOOCueODnuODm+OCr+ODquODg+ODlyDjg5bjg6njg4Pjgq8gQ1ItTEFTUDFCSyBbQ1JMQVNQMUJLXQ==,44K144Oz44Ov44K144OX44Op44KkIOOCueODnuODm+OCr+ODquODg+ODlyDjg5bjg6njg4Pjgq8gQ1ItTEFTUDFCSyBbQ1JMQVNQMUJLXQ==[rn]
